[name]
unknown

[dist]
# distance from previous block
# <min> <max>
0	38

[block]
# block no. 0 follows, 39 sequences, length 11
# corresponding to MSA columns:
# 38-48
name=unknown_A
#
# <colnr> <probs for GDERKNQSTAVLIFYWHMCP>
#	G	D	E	R	K	N	Q	S	T	A	V	L	I	F	Y	W	H	M	C	P
0	0.01084	0.00736	0.01006	0.01099	0.01263	0.00737	0.00956	0.04278	0.01435	0.05231	0.03024	0.06242	0.03216	0.01555	0.00797	0.00264	0.00547	0.65389	0.00555	0.00585
1	0.07232	0.01061	0.01359	0.01060	0.01505	0.00979	0.00872	0.05942	0.06671	0.63498	0.02210	0.01939	0.01419	0.00725	0.00582	0.00184	0.00505	0.00581	0.00696	0.00980
2	0.03871	0.01176	0.01440	0.01156	0.01555	0.01202	0.02277	0.16445	0.16446	0.37262	0.02041	0.01962	0.01424	0.03264	0.04046	0.00233	0.02042	0.00602	0.00624	0.00933
3	0.08977	0.00976	0.01493	0.53587	0.03122	0.01160	0.01323	0.01511	0.01247	0.05067	0.10434	0.05728	0.01556	0.00733	0.00591	0.00196	0.00658	0.00634	0.00356	0.00650
4	0.01775	0.01249	0.01370	0.01133	0.01466	0.01352	0.00899	0.43992	0.05704	0.05691	0.01912	0.16057	0.01694	0.03509	0.00683	0.00199	0.00537	0.00768	0.09173	0.00836
5	0.00806	0.00615	0.00748	0.00793	0.00905	0.00579	0.00552	0.01003	0.04782	0.01555	0.03360	0.43516	0.17116	0.09482	0.06139	0.00303	0.00454	0.01314	0.00505	0.05472
6	0.00896	0.00673	0.00895	0.17564	0.01423	0.00723	0.00662	0.00999	0.00977	0.01280	0.01987	0.10891	0.04909	0.51237	0.02165	0.00443	0.00587	0.00884	0.00364	0.00441
7	0.01560	0.00843	0.01162	0.04171	0.01353	0.00822	0.02944	0.01837	0.05944	0.28957	0.07873	0.24766	0.02494	0.07977	0.00923	0.00240	0.03860	0.00973	0.00578	0.00721
8	0.16369	0.01279	0.01366	0.01184	0.04153	0.05177	0.00918	0.15736	0.12344	0.25143	0.01997	0.01908	0.06251	0.00753	0.00595	0.00186	0.02641	0.00575	0.00559	0.00868
9	0.01166	0.00666	0.00908	0.06713	0.01227	0.00632	0.00686	0.01314	0.01249	0.17218	0.02934	0.49714	0.06011	0.05618	0.00826	0.00241	0.00421	0.01302	0.00556	0.00599
10	0.01279	0.00997	0.01380	0.25645	0.02204	0.01093	0.03627	0.08470	0.12119	0.07704	0.06106	0.13518	0.11447	0.00973	0.00640	0.00201	0.00560	0.00847	0.00479	0.00712

[dist]
# distance from previous block
# <min> <max>
6	29

[block]
# block no. 1 follows, 39 sequences, length 9
# corresponding to MSA columns:
# 79-87
name=unknown_B
#
# <colnr> <probs for GDERKNQSTAVLIFYWHMCP>
#	G	D	E	R	K	N	Q	S	T	A	V	L	I	F	Y	W	H	M	C	P
0	0.06884	0.01572	0.08419	0.09906	0.03881	0.15500	0.01097	0.12541	0.04607	0.08686	0.03690	0.07636	0.01411	0.04522	0.01979	0.00212	0.00689	0.00614	0.05408	0.00745
1	0.07816	0.01013	0.01127	0.05861	0.04343	0.04447	0.00792	0.13845	0.01454	0.06474	0.02226	0.17241	0.08216	0.16316	0.01083	0.00268	0.00541	0.02405	0.00468	0.04065
2	0.03918	0.01271	0.01388	0.05739	0.01589	0.04136	0.00916	0.31259	0.05282	0.04096	0.01535	0.05401	0.01360	0.16629	0.01133	0.00258	0.04457	0.00628	0.00470	0.08536
3	0.07856	0.01304	0.01751	0.41077	0.14629	0.07875	0.01448	0.07520	0.01356	0.01841	0.01140	0.04570	0.00942	0.00657	0.00625	0.00191	0.03632	0.00544	0.00318	0.00724
4	0.01468	0.01034	0.01241	0.01032	0.01320	0.01044	0.02696	0.24076	0.01640	0.06834	0.01770	0.13027	0.01671	0.14027	0.07619	0.02682	0.00629	0.00741	0.02751	0.12699
5	0.00919	0.00586	0.00725	0.00746	0.00815	0.00578	0.00499	0.01023	0.01062	0.04984	0.04508	0.23977	0.05601	0.32387	0.11509	0.00449	0.00593	0.01037	0.07528	0.00473
6	0.02139	0.01662	0.01686	0.01328	0.01765	0.06873	0.01083	0.60264	0.08383	0.03412	0.01484	0.01489	0.01073	0.00710	0.00582	0.00176	0.00650	0.00534	0.03748	0.00961
7	0.02156	0.01510	0.01691	0.01324	0.01744	0.01677	0.01090	0.52493	0.08214	0.12829	0.01562	0.01549	0.01110	0.00748	0.00709	0.00187	0.07304	0.00550	0.00582	0.00969
8	0.29073	0.13356	0.08727	0.03546	0.01617	0.01580	0.01014	0.15027	0.14109	0.02506	0.03408	0.01406	0.01086	0.00637	0.00486	0.00177	0.00567	0.00458	0.00424	0.00797

[dist]
# distance from previous block
# <min> <max>
4	41

[block]
# block no. 2 follows, 39 sequences, length 65
# corresponding to MSA columns:
# 129-193
name=unknown_C
#
# <colnr> <probs for GDERKNQSTAVLIFYWHMCP>
#	G	D	E	R	K	N	Q	S	T	A	V	L	I	F	Y	W	H	M	C	P
0	0.09786	0.12077	0.34374	0.01294	0.01898	0.02905	0.01423	0.06111	0.08615	0.02025	0.01418	0.01563	0.04544	0.02568	0.00581	0.00182	0.00681	0.00481	0.00344	0.07129
1	0.16093	0.07641	0.11576	0.01518	0.12128	0.10263	0.04606	0.03233	0.04068	0.02007	0.07562	0.01734	0.03451	0.03559	0.00617	0.00182	0.00647	0.00521	0.00362	0.08232
2	0.01563	0.72916	0.02930	0.01022	0.01498	0.05019	0.00994	0.01747	0.01216	0.01399	0.00943	0.04701	0.00911	0.00575	0.00403	0.00133	0.00635	0.00384	0.00269	0.00743
3	0.01581	0.79572	0.03099	0.01012	0.01518	0.02340	0.01012	0.01771	0.01202	0.01391	0.00822	0.00949	0.00759	0.00506	0.00379	0.00126	0.00632	0.00316	0.00253	0.00759
4	0.00721	0.00515	0.00686	0.00823	0.00858	0.00480	0.00549	0.00823	0.01132	0.01510	0.03259	0.78831	0.03911	0.01853	0.00755	0.00240	0.00343	0.01681	0.00549	0.00480
5	0.01301	0.01239	0.02107	0.38341	0.42085	0.01362	0.01734	0.01673	0.01270	0.01735	0.01084	0.01517	0.00867	0.00557	0.00588	0.00186	0.00743	0.00526	0.00279	0.00806
6	0.02215	0.01639	0.01775	0.03572	0.01899	0.01819	0.01139	0.71472	0.02734	0.03663	0.01409	0.01424	0.00999	0.00706	0.00592	0.00178	0.00655	0.00532	0.00582	0.00996
7	0.01099	0.01030	0.01711	0.71238	0.03817	0.01281	0.01568	0.01470	0.01177	0.01511	0.01234	0.04204	0.02679	0.00667	0.00638	0.00200	0.02970	0.00581	0.00279	0.00647
8	0.00707	0.00597	0.00612	0.00613	0.00805	0.00502	0.00458	0.00863	0.01361	0.01639	0.09841	0.07542	0.69461	0.01491	0.00700	0.00200	0.00300	0.01249	0.00555	0.00502
9	0.00839	0.00565	0.00651	0.00671	0.00677	0.00560	0.00387	0.00855	0.00900	0.01200	0.02070	0.14972	0.02411	0.67759	0.02676	0.00524	0.00539	0.00982	0.00387	0.00376
10	0.01288	0.01170	0.01884	0.60382	0.09012	0.01390	0.04259	0.10192	0.01394	0.01822	0.01105	0.01550	0.00829	0.00597	0.00595	0.00193	0.00773	0.00533	0.00306	0.00725
11	0.00732	0.00527	0.00694	0.00808	0.00859	0.00489	0.00547	0.00855	0.01196	0.01603	0.10921	0.68654	0.06375	0.01774	0.00747	0.00233	0.00335	0.01603	0.00560	0.00489
12	0.07519	0.01078	0.01704	0.69385	0.03775	0.01332	0.01548	0.03838	0.01220	0.01670	0.01045	0.01524	0.00784	0.00592	0.00574	0.00195	0.00758	0.00510	0.00281	0.00667
13	0.00738	0.00523	0.00685	0.00804	0.00838	0.00492	0.00531	0.00836	0.01122	0.01501	0.05302	0.69330	0.03792	0.09314	0.00971	0.00271	0.00363	0.01583	0.00534	0.00471
14	0.01496	0.01043	0.01254	0.00909	0.01422	0.00804	0.00733	0.01752	0.01314	0.15898	0.01293	0.01375	0.00987	0.00493	0.00468	0.00106	0.00450	0.00396	0.00422	0.67386
15	0.01464	0.01405	0.02400	0.03630	0.75528	0.01405	0.01815	0.01815	0.01347	0.01932	0.01112	0.01464	0.00937	0.00527	0.00585	0.00176	0.00703	0.00527	0.00293	0.00937
16	0.01117	0.01051	0.01774	0.77795	0.04073	0.01314	0.01642	0.01511	0.01182	0.01511	0.01051	0.01577	0.00788	0.00591	0.00591	0.00197	0.00788	0.00526	0.00263	0.00657
17	0.02248	0.01656	0.01775	0.01361	0.01834	0.01834	0.01124	0.73556	0.02780	0.03727	0.01420	0.01420	0.01006	0.00710	0.00592	0.00177	0.00651	0.00532	0.00592	0.01006
18	0.02375	0.00945	0.01283	0.01005	0.01414	0.00821	0.00821	0.02611	0.01690	0.64662	0.13503	0.02381	0.02095	0.00805	0.00610	0.00183	0.00469	0.00667	0.00720	0.00938
19	0.01468	0.01227	0.01298	0.01162	0.01494	0.01398	0.00905	0.04786	0.65693	0.04327	0.02628	0.02422	0.06863	0.00846	0.00608	0.00199	0.00462	0.00703	0.00601	0.00909
20	0.02063	0.05909	0.06223	0.04213	0.01846	0.40817	0.01142	0.03866	0.10956	0.15252	0.01384	0.01417	0.01029	0.00650	0.00551	0.00167	0.00836	0.00465	0.00419	0.00797
21	0.01388	0.00729	0.00949	0.00823	0.01069	0.00648	0.00642	0.01636	0.01641	0.25242	0.44277	0.03818	0.12542	0.01094	0.00666	0.00187	0.00351	0.00942	0.00664	0.00691
22	0.00716	0.00531	0.00669	0.00780	0.00846	0.00484	0.00530	0.00828	0.01174	0.01527	0.03784	0.64773	0.17630	0.01785	0.00744	0.00232	0.00335	0.01598	0.00549	0.00484
23	0.01359	0.18039	0.27333	0.01871	0.02509	0.01645	0.31113	0.01836	0.01281	0.01759	0.01052	0.01332	0.00813	0.00550	0.00655	0.00184	0.05066	0.00524	0.00271	0.00807
24	0.01379	0.01372	0.02079	0.34528	0.39586	0.07516	0.01688	0.01732	0.01305	0.01716	0.01071	0.01479	0.00860	0.00561	0.00584	0.00183	0.00768	0.00514	0.00281	0.00799
25	0.01027	0.00514	0.00770	0.00770	0.00770	0.00514	0.00514	0.00770	0.00770	0.01027	0.01027	0.01798	0.01027	0.02054	0.02311	0.82794	0.00514	0.00514	0.00257	0.00257
26	0.01203	0.00763	0.00950	0.00842	0.01060	0.00727	0.00650	0.07010	0.04430	0.12389	0.50132	0.05749	0.09475	0.01127	0.00673	0.00188	0.00348	0.00977	0.00646	0.00661
27	0.42645	0.01355	0.01274	0.01085	0.01436	0.07402	0.04303	0.15859	0.05580	0.02583	0.01272	0.08157	0.01097	0.00728	0.00533	0.00189	0.02816	0.00532	0.00429	0.00726
28	0.01229	0.04840	0.63505	0.01819	0.04678	0.01414	0.10600	0.01871	0.01268	0.01864	0.01073	0.01288	0.00772	0.00552	0.00574	0.00187	0.00877	0.00467	0.00257	0.00864
29	0.83394	0.01144	0.00869	0.00778	0.01144	0.01327	0.00640	0.01738	0.01006	0.02653	0.00823	0.00961	0.00640	0.00549	0.00366	0.00183	0.00457	0.00320	0.00366	0.00640
30	0.05632	0.01953	0.01683	0.31750	0.02671	0.39115	0.01325	0.01942	0.01406	0.01529	0.00957	0.01276	0.00767	0.00623	0.00626	0.00177	0.05167	0.00443	0.00288	0.00670
31	0.01672	0.01436	0.06271	0.06980	0.07857	0.01323	0.28991	0.08652	0.06833	0.16552	0.03037	0.03271	0.01226	0.00637	0.00634	0.00190	0.00749	0.00642	0.00440	0.02608
32	0.01184	0.00690	0.00846	0.00767	0.00996	0.00605	0.00593	0.01398	0.01531	0.18284	0.29063	0.06671	0.31122	0.01242	0.00680	0.00194	0.00344	0.02534	0.00625	0.00632
33	0.04345	0.01345	0.01448	0.01187	0.01591	0.01461	0.00950	0.24362	0.34778	0.02738	0.01763	0.01722	0.01325	0.00705	0.00595	0.00174	0.02481	0.00553	0.00536	0.15942
34	0.01392	0.00751	0.00932	0.00820	0.01078	0.00667	0.00637	0.03682	0.01561	0.25090	0.21943	0.10687	0.25996	0.01194	0.00668	0.00194	0.00372	0.01017	0.00633	0.00686
35	0.01946	0.01546	0.03518	0.01246	0.01672	0.07934	0.01025	0.40735	0.06645	0.08687	0.03198	0.05278	0.01305	0.00851	0.02818	0.00194	0.00651	0.00581	0.00535	0.09635
36	0.01284	0.19213	0.55655	0.01598	0.02375	0.01587	0.06814	0.01853	0.01249	0.01772	0.01020	0.01209	0.00761	0.00546	0.00532	0.00175	0.00831	0.00429	0.00254	0.00844
37	0.00721	0.00515	0.00686	0.00823	0.00858	0.00480	0.00549	0.00823	0.01132	0.01510	0.03259	0.78831	0.03911	0.01853	0.00755	0.00240	0.00343	0.01681	0.00549	0.00480
38	0.01117	0.01051	0.01774	0.77795	0.04073	0.01314	0.01642	0.01511	0.01182	0.01511	0.01051	0.01577	0.00788	0.00591	0.00591	0.00197	0.00788	0.00526	0.00263	0.00657
39	0.03745	0.10038	0.05231	0.12255	0.04666	0.12079	0.14979	0.04986	0.01314	0.01723	0.02983	0.01430	0.00953	0.00778	0.02739	0.00213	0.18338	0.00522	0.00303	0.00724
40	0.00703	0.00599	0.00605	0.00604	0.00802	0.00501	0.00453	0.00857	0.01359	0.01623	0.08264	0.05649	0.72999	0.01488	0.00699	0.00199	0.00299	0.01242	0.00553	0.00501
41	0.02235	0.01430	0.01606	0.01255	0.01700	0.01526	0.01028	0.48284	0.08260	0.21173	0.01781	0.04110	0.01275	0.00759	0.00598	0.00183	0.00590	0.00595	0.00625	0.00983
42	0.01405	0.01357	0.02183	0.20716	0.53225	0.03547	0.01713	0.01824	0.04836	0.01846	0.01155	0.01514	0.00939	0.00558	0.00586	0.00181	0.00722	0.00529	0.00301	0.00864
43	0.01320	0.26653	0.49446	0.01523	0.02267	0.01679	0.05840	0.01842	0.01242	0.01725	0.00995	0.01175	0.00761	0.00541	0.00513	0.00169	0.00806	0.00414	0.00254	0.00834
44	0.00721	0.00515	0.00686	0.00823	0.00858	0.00480	0.00549	0.00823	0.01132	0.01510	0.03259	0.78831	0.03911	0.01853	0.00755	0.00240	0.00343	0.01681	0.00549	0.00480
45	0.01346	0.01200	0.01876	0.55988	0.10734	0.01414	0.03247	0.13544	0.01470	0.01930	0.01122	0.01540	0.00842	0.00602	0.00593	0.00192	0.00762	0.00531	0.00321	0.00746
46	0.01335	0.03113	0.02044	0.40277	0.27922	0.05630	0.03978	0.03201	0.01312	0.01714	0.01132	0.01640	0.00921	0.00598	0.00591	0.00188	0.00768	0.02581	0.00291	0.00764
47	0.02018	0.01355	0.01510	0.01202	0.01609	0.01450	0.00977	0.43914	0.10324	0.15076	0.07610	0.04210	0.04366	0.00824	0.00610	0.00184	0.00556	0.00659	0.00617	0.00930
48	0.03556	0.01351	0.02612	0.30140	0.03242	0.01456	0.37533	0.01700	0.01256	0.01726	0.01090	0.01540	0.00838	0.00589	0.00776	0.00204	0.08775	0.00605	0.00283	0.00726
49	0.01117	0.01051	0.01774	0.77795	0.04073	0.01314	0.01642	0.01511	0.01182	0.01511	0.01051	0.01577	0.00788	0.00591	0.00591	0.00197	0.00788	0.00526	0.00263	0.00657
50	0.00870	0.00654	0.00934	0.00922	0.01002	0.00760	0.00694	0.01037	0.00931	0.01332	0.01598	0.02567	0.01572	0.18491	0.59160	0.00845	0.05137	0.00671	0.00322	0.00502
51	0.01464	0.01405	0.02400	0.03630	0.75528	0.01405	0.01815	0.01815	0.01347	0.01932	0.01112	0.01464	0.00937	0.00527	0.00585	0.00176	0.00703	0.00527	0.00293	0.00937
52	0.01294	0.01294	0.01811	0.01553	0.01553	0.01811	0.01294	0.01423	0.00906	0.01423	0.00776	0.01294	0.00776	0.01035	0.01941	0.00259	0.78134	0.00518	0.00259	0.00647
53	0.02653	0.01006	0.01372	0.01052	0.01510	0.00869	0.00869	0.02882	0.01693	0.75937	0.02333	0.02013	0.01464	0.00732	0.00595	0.00183	0.00503	0.00595	0.00732	0.01006
54	0.00721	0.00515	0.00686	0.00823	0.00858	0.00480	0.00549	0.00823	0.01132	0.01510	0.03259	0.78831	0.03911	0.01853	0.00755	0.00240	0.00343	0.01681	0.00549	0.00480
55	0.01186	0.03059	0.76153	0.01686	0.02560	0.01373	0.02185	0.01873	0.01249	0.01873	0.01061	0.01249	0.00749	0.00562	0.00562	0.00187	0.00874	0.00437	0.00250	0.00874
56	0.00742	0.00594	0.00664	0.00662	0.00829	0.00515	0.00491	0.00927	0.01428	0.01824	0.26654	0.11546	0.48157	0.01441	0.00703	0.00199	0.00297	0.01231	0.00580	0.00515
57	0.02080	0.01384	0.01531	0.01214	0.01631	0.01489	0.00989	0.46050	0.10363	0.15403	0.01885	0.04624	0.03112	0.00784	0.00593	0.00182	0.00568	0.00619	0.04555	0.00944
58	0.01217	0.08979	0.70500	0.01633	0.02479	0.01448	0.02094	0.01865	0.01245	0.01836	0.01043	0.01225	0.00750	0.00558	0.00548	0.00183	0.00855	0.00428	0.00250	0.00865
59	0.01022	0.00517	0.00775	0.00775	0.00778	0.00520	0.00520	0.00778	0.00775	0.01036	0.01042	0.01812	0.01039	0.02118	0.04307	0.80604	0.00542	0.00517	0.00258	0.00264
60	0.00919	0.00656	0.00914	0.01050	0.01171	0.00651	0.00894	0.01166	0.01328	0.01732	0.03150	0.17260	0.03478	0.01666	0.00808	0.00268	0.00515	0.61295	0.00545	0.00535
61	0.00973	0.00793	0.01164	0.01446	0.19089	0.00755	0.00858	0.01248	0.01533	0.02153	0.47537	0.09513	0.08393	0.01109	0.00675	0.00188	0.00388	0.00995	0.00550	0.00641
62	0.01692	0.01300	0.01605	0.01320	0.01689	0.01436	0.07192	0.21127	0.32469	0.09016	0.01900	0.01923	0.01424	0.01187	0.09791	0.00284	0.02589	0.00621	0.00542	0.00893
63	0.01358	0.03326	0.01833	0.03490	0.01635	0.06860	0.01286	0.01497	0.00972	0.01426	0.00794	0.01277	0.00775	0.00982	0.01773	0.00247	0.69052	0.00504	0.00262	0.00653
64	0.05297	0.04137	0.21452	0.04012	0.09573	0.19893	0.06876	0.03986	0.01340	0.01759	0.00980	0.01254	0.00791	0.00658	0.00816	0.00190	0.15463	0.00464	0.00289	0.00770

[dist]
# distance from previous block
# <min> <max>
0	1

[block]
# block no. 3 follows, 39 sequences, length 68
# corresponding to MSA columns:
# 195-262
name=unknown_D
#
# <colnr> <probs for GDERKNQSTAVLIFYWHMCP>
#	G	D	E	R	K	N	Q	S	T	A	V	L	I	F	Y	W	H	M	C	P
0	0.03907	0.02636	0.56952	0.01785	0.04471	0.01396	0.11631	0.01955	0.06152	0.01943	0.01163	0.01356	0.00841	0.00568	0.00577	0.00189	0.00845	0.00486	0.00285	0.00862
1	0.01505	0.09010	0.01461	0.01092	0.01367	0.02907	0.00875	0.28385	0.03821	0.02307	0.01616	0.08559	0.01485	0.10101	0.17312	0.00389	0.03319	0.00668	0.03094	0.00728
2	0.01335	0.16560	0.41834	0.01917	0.16042	0.03718	0.04110	0.01832	0.01290	0.01802	0.03601	0.01350	0.00959	0.00567	0.00541	0.00173	0.00787	0.00461	0.00276	0.00846
3	0.00928	0.00583	0.00758	0.00826	0.00926	0.00533	0.00581	0.01058	0.01234	0.09028	0.06333	0.56958	0.10746	0.03285	0.00780	0.00236	0.00364	0.03740	0.00567	0.00538
4	0.01887	0.01393	0.01516	0.01224	0.01606	0.01517	0.00990	0.56183	0.02407	0.03210	0.02039	0.13176	0.06454	0.00954	0.00628	0.00191	0.00580	0.02582	0.00581	0.00883
5	0.01505	0.64768	0.17234	0.01142	0.01719	0.02153	0.01239	0.01791	0.01211	0.01485	0.00868	0.01007	0.00757	0.00517	0.00415	0.00138	0.00679	0.00340	0.00252	0.00781
6	0.02099	0.01538	0.01647	0.03170	0.04150	0.07156	0.01080	0.47677	0.03557	0.11997	0.01514	0.01608	0.01111	0.02973	0.05744	0.00239	0.00726	0.00546	0.00546	0.00922
7	0.01581	0.79572	0.03099	0.01012	0.01518	0.02340	0.01012	0.01771	0.01202	0.01391	0.00822	0.00949	0.00759	0.00506	0.00379	0.00126	0.00632	0.00316	0.00253	0.00759
8	0.00876	0.00681	0.00959	0.00955	0.01062	0.02455	0.00738	0.01080	0.00964	0.01368	0.01576	0.02336	0.01480	0.06351	0.73170	0.00922	0.01545	0.00634	0.00318	0.00527
9	0.18276	0.01033	0.01275	0.00999	0.01439	0.00958	0.00825	0.02661	0.01560	0.61758	0.02041	0.01809	0.01305	0.00697	0.00550	0.00183	0.00494	0.00542	0.00661	0.00936
10	0.01144	0.06941	0.01155	0.00939	0.01178	0.00981	0.00761	0.10225	0.11342	0.02218	0.24956	0.06892	0.14777	0.01181	0.00670	0.00201	0.00427	0.12778	0.00568	0.00664
11	0.01117	0.01051	0.01774	0.77795	0.04073	0.01314	0.01642	0.01511	0.01182	0.01511	0.01051	0.01577	0.00788	0.00591	0.00591	0.00197	0.00788	0.00526	0.00263	0.00657
12	0.00700	0.00595	0.00604	0.00610	0.00802	0.00498	0.00454	0.00847	0.01337	0.01593	0.05852	0.09409	0.71660	0.01516	0.00702	0.00202	0.00302	0.01270	0.00549	0.00498
13	0.01549	0.69210	0.07035	0.01056	0.01560	0.04815	0.01063	0.01769	0.01241	0.01462	0.04041	0.01119	0.00966	0.00543	0.00409	0.00133	0.00646	0.00358	0.00272	0.00754
14	0.00721	0.00515	0.00686	0.00823	0.00858	0.00480	0.00549	0.00823	0.01132	0.01510	0.03259	0.78831	0.03911	0.01853	0.00755	0.00240	0.00343	0.01681	0.00549	0.00480
15	0.00828	0.00638	0.00780	0.00852	0.01015	0.00590	0.00706	0.01038	0.01349	0.01682	0.04481	0.07990	0.37265	0.01575	0.00760	0.00237	0.00424	0.36721	0.00547	0.00522
16	0.01574	0.01335	0.01382	0.01217	0.01564	0.03026	0.00953	0.11670	0.62862	0.02601	0.02247	0.02087	0.01681	0.00785	0.00596	0.00196	0.00499	0.00644	0.02150	0.00932
17	0.01402	0.01351	0.02331	0.16294	0.60755	0.01393	0.04288	0.01766	0.01320	0.01859	0.01105	0.01488	0.00910	0.00537	0.00590	0.00180	0.00728	0.00533	0.00288	0.00884
18	0.00833	0.00604	0.00785	0.00740	0.00881	0.00556	0.00555	0.01109	0.01665	0.02350	0.73286	0.04453	0.07523	0.01217	0.00698	0.00186	0.00280	0.01074	0.00648	0.00556
19	0.00860	0.00573	0.00645	0.00645	0.00645	0.00573	0.00358	0.00860	0.00860	0.01147	0.01863	0.03870	0.02150	0.79217	0.03010	0.00573	0.00573	0.00860	0.00358	0.00358
20	0.79314	0.02941	0.00945	0.00799	0.01171	0.01364	0.00662	0.03703	0.01059	0.02654	0.00840	0.00973	0.00653	0.00552	0.00372	0.00182	0.00467	0.00326	0.00370	0.00653
21	0.01097	0.00679	0.00777	0.00708	0.00949	0.00579	0.00547	0.01282	0.01463	0.16096	0.15482	0.04792	0.50734	0.01307	0.00679	0.00194	0.00336	0.01095	0.00600	0.00606
22	0.07175	0.52407	0.02546	0.01130	0.01565	0.16828	0.01024	0.04067	0.03015	0.01583	0.00893	0.01028	0.00784	0.00560	0.00474	0.00143	0.03393	0.00351	0.00289	0.00744
23	0.02578	0.01127	0.01447	0.01109	0.01570	0.01048	0.00916	0.15972	0.01894	0.62562	0.02164	0.01903	0.01379	0.00728	0.00594	0.00182	0.00531	0.00583	0.00706	0.01006
24	0.05456	0.01011	0.01355	0.01043	0.01497	0.00885	0.00861	0.02842	0.01669	0.73394	0.02281	0.01976	0.01435	0.00726	0.00587	0.00183	0.00502	0.00585	0.00719	0.00994
25	0.01186	0.03059	0.76153	0.01686	0.02560	0.01373	0.02185	0.01873	0.01249	0.01873	0.01061	0.01249	0.00749	0.00562	0.00562	0.00187	0.00874	0.00437	0.00250	0.00874
26	0.01257	0.18295	0.07025	0.53582	0.03345	0.03973	0.01526	0.01619	0.01207	0.01507	0.00998	0.01402	0.00778	0.00571	0.00541	0.00180	0.00769	0.00470	0.00261	0.00695
27	0.00850	0.00615	0.00854	0.00854	0.00926	0.00687	0.00619	0.00994	0.00922	0.01301	0.01672	0.02812	0.01691	0.28077	0.53521	0.00831	0.01264	0.00705	0.00330	0.00474
28	0.00860	0.00573	0.00645	0.00645	0.00645	0.00573	0.00358	0.00860	0.00860	0.01147	0.01863	0.03870	0.02150	0.79217	0.03010	0.00573	0.00573	0.00860	0.00358	0.00358
29	0.01207	0.02914	0.68960	0.01765	0.02612	0.01385	0.09232	0.01875	0.01263	0.01875	0.01075	0.01283	0.00764	0.00556	0.00575	0.00188	0.00886	0.00463	0.00255	0.00866
30	0.52786	0.04355	0.01341	0.06426	0.12989	0.01392	0.00948	0.06615	0.01229	0.05780	0.00991	0.01158	0.00763	0.00566	0.00441	0.00180	0.00540	0.00393	0.00375	0.00733
31	0.00719	0.00520	0.00680	0.00808	0.00854	0.00482	0.00542	0.00825	0.01147	0.01516	0.03442	0.73946	0.08678	0.01829	0.00751	0.00237	0.00340	0.01652	0.00549	0.00482
32	0.01245	0.03020	0.01378	0.00972	0.01464	0.00917	0.02854	0.01503	0.01209	0.01879	0.01031	0.01235	0.00867	0.00482	0.00546	0.00103	0.05756	0.00371	0.00340	0.72829
33	0.01318	0.00996	0.01152	0.00954	0.01302	0.00931	0.00745	0.10138	0.09925	0.07190	0.05003	0.14202	0.10853	0.00928	0.00616	0.00164	0.02428	0.00775	0.00499	0.29883
34	0.04328	0.11157	0.07045	0.03700	0.01763	0.03663	0.01098	0.27857	0.18325	0.10193	0.01608	0.01593	0.01175	0.00685	0.00552	0.00177	0.00607	0.00526	0.03042	0.00905
35	0.02024	0.01050	0.03871	0.01041	0.01420	0.00934	0.00865	0.09391	0.06033	0.43183	0.15853	0.07517	0.02345	0.00892	0.00624	0.00188	0.00476	0.00748	0.00666	0.00879
36	0.01462	0.01411	0.02434	0.03595	0.73294	0.01408	0.04021	0.01817	0.01348	0.01931	0.01115	0.01468	0.00936	0.00526	0.00589	0.00176	0.00712	0.00532	0.00293	0.00932
37	0.01665	0.01367	0.01446	0.01243	0.01612	0.01561	0.00983	0.20701	0.56585	0.02786	0.02161	0.02010	0.01606	0.00779	0.00599	0.00195	0.00514	0.00635	0.00599	0.00953
38	0.01643	0.01151	0.01289	0.01100	0.01410	0.01250	0.00868	0.24274	0.19897	0.09340	0.02064	0.13801	0.01751	0.00914	0.00644	0.00189	0.03429	0.00747	0.11033	0.03206
39	0.01192	0.03016	0.74037	0.01709	0.02575	0.01377	0.04258	0.01873	0.01253	0.01873	0.01065	0.01259	0.00753	0.00560	0.00566	0.00188	0.00878	0.00445	0.00251	0.00872
40	0.01729	0.01202	0.01339	0.01160	0.01519	0.01321	0.00914	0.04947	0.54352	0.18459	0.04708	0.02214	0.01831	0.00798	0.00603	0.00196	0.00475	0.00662	0.00631	0.00941
41	0.00857	0.00630	0.00931	0.00931	0.01038	0.00730	0.00723	0.01072	0.00965	0.01413	0.01601	0.02317	0.01480	0.04253	0.73157	0.00911	0.01520	0.00630	0.04311	0.00529
42	0.01471	0.01270	0.01337	0.01203	0.01538	0.01471	0.00936	0.03142	0.74459	0.02474	0.02407	0.02206	0.01805	0.00802	0.00602	0.00201	0.00468	0.00669	0.00602	0.00936
43	0.02546	0.01117	0.01433	0.01105	0.01561	0.01041	0.00911	0.13779	0.04620	0.62028	0.02195	0.01929	0.01406	0.00731	0.00594	0.00183	0.00525	0.00588	0.00705	0.01004
44	0.00721	0.00515	0.00686	0.00823	0.00858	0.00480	0.00549	0.00823	0.01132	0.01510	0.03259	0.78831	0.03911	0.01853	0.00755	0.00240	0.00343	0.01681	0.00549	0.00480
45	0.00721	0.00515	0.00686	0.00823	0.00858	0.00480	0.00549	0.00823	0.01132	0.01510	0.03259	0.78831	0.03911	0.01853	0.00755	0.00240	0.00343	0.01681	0.00549	0.00480
46	0.01294	0.01294	0.01811	0.01553	0.01553	0.01811	0.01294	0.01423	0.00906	0.01423	0.00776	0.01294	0.00776	0.01035	0.01941	0.00259	0.78134	0.00518	0.00259	0.00647
47	0.02154	0.01439	0.01573	0.01222	0.01651	0.01556	0.01004	0.55919	0.02455	0.12332	0.01595	0.01590	0.01125	0.00710	0.00570	0.00173	0.00586	0.00542	0.10854	0.00949
48	0.00847	0.00624	0.00903	0.00903	0.00992	0.00713	0.00680	0.01025	0.00936	0.01338	0.01628	0.02565	0.01583	0.16112	0.65339	0.00892	0.01426	0.00669	0.00323	0.00502
49	0.05086	0.01011	0.01357	0.01044	0.01499	0.00883	0.00862	0.02848	0.01672	0.73730	0.02288	0.01981	0.01439	0.00726	0.00588	0.00183	0.00502	0.00586	0.00721	0.00995
50	0.27332	0.01166	0.01336	0.15865	0.01925	0.01281	0.00982	0.13424	0.06411	0.19960	0.03824	0.01597	0.01159	0.00664	0.00526	0.00186	0.00558	0.00506	0.00493	0.00805
51	0.01966	0.01121	0.01337	0.01106	0.01459	0.01135	0.00879	0.25827	0.06788	0.28753	0.04121	0.18862	0.01982	0.00989	0.00632	0.00195	0.00509	0.00831	0.00634	0.00874
52	0.01439	0.01397	0.02303	0.12853	0.64698	0.03330	0.01776	0.01791	0.01334	0.01867	0.01100	0.01468	0.00914	0.00537	0.00585	0.00178	0.00723	0.00523	0.00289	0.00895
53	0.00950	0.00805	0.01354	0.06341	0.01570	0.00808	0.13484	0.01169	0.01215	0.01618	0.02557	0.37963	0.02847	0.01459	0.00844	0.03104	0.03260	0.17626	0.00465	0.00561
54	0.01372	0.01141	0.01211	0.01096	0.01404	0.01277	0.00849	0.04967	0.56059	0.03998	0.02953	0.06277	0.12935	0.00951	0.00623	0.00201	0.00444	0.00797	0.00594	0.00853
55	0.04847	0.29142	0.40824	0.01360	0.02044	0.01673	0.01595	0.01934	0.03254	0.06702	0.01091	0.01211	0.00825	0.00560	0.00494	0.00166	0.00738	0.00407	0.00298	0.00835
56	0.01419	0.01368	0.02359	0.12627	0.64492	0.01397	0.04098	0.01780	0.01328	0.01880	0.01108	0.01482	0.00917	0.00534	0.00590	0.00179	0.00722	0.00532	0.00289	0.00898
57	0.02653	0.01006	0.01372	0.01052	0.01510	0.00869	0.00869	0.02882	0.01693	0.75937	0.02333	0.02013	0.01464	0.00732	0.00595	0.00183	0.00503	0.00595	0.00732	0.01006
58	0.01234	0.02992	0.73727	0.01665	0.02525	0.01357	0.02142	0.01906	0.01263	0.04275	0.01103	0.01273	0.00772	0.00567	0.00563	0.00187	0.00862	0.00442	0.00265	0.00878
59	0.04646	0.18119	0.26356	0.13311	0.04066	0.01540	0.03820	0.06733	0.03343	0.10909	0.01221	0.01373	0.00895	0.00588	0.00533	0.00175	0.00724	0.00464	0.00350	0.00833
60	0.00721	0.00515	0.00686	0.00823	0.00858	0.00480	0.00549	0.00823	0.01132	0.01510	0.03259	0.78831	0.03911	0.01853	0.00755	0.00240	0.00343	0.01681	0.00549	0.00480
61	0.00848	0.00597	0.00778	0.00783	0.00829	0.00641	0.00529	0.00943	0.00909	0.01257	0.01796	0.06049	0.01929	0.44204	0.34609	0.00722	0.00998	0.00794	0.00348	0.00436
62	0.05440	0.02478	0.50806	0.06195	0.12075	0.01385	0.09701	0.01841	0.01261	0.01903	0.01070	0.01317	0.00786	0.00551	0.00571	0.00187	0.00839	0.00476	0.00267	0.00850
63	0.03257	0.01125	0.01879	0.60767	0.18539	0.01333	0.01652	0.01579	0.01211	0.01625	0.01058	0.01538	0.00815	0.00577	0.00584	0.00192	0.00763	0.00521	0.00271	0.00713
64	0.00793	0.00622	0.00734	0.00789	0.00954	0.00563	0.00634	0.00987	0.01350	0.01678	0.07219	0.10871	0.43163	0.01559	0.00744	0.00227	0.00387	0.25660	0.00551	0.00516
65	0.01418	0.01408	0.02171	0.03080	0.58971	0.06336	0.04106	0.01737	0.01370	0.01858	0.01696	0.01957	0.09980	0.00650	0.00600	0.00178	0.00688	0.00611	0.00325	0.00862
66	0.08448	0.27023	0.38418	0.01456	0.04611	0.01648	0.04074	0.01788	0.01217	0.01776	0.01054	0.04090	0.00874	0.00588	0.00500	0.00170	0.00739	0.00448	0.00275	0.00802
67	0.02257	0.01363	0.01562	0.01224	0.01662	0.01429	0.01001	0.42136	0.07233	0.27287	0.01873	0.05262	0.01346	0.00777	0.00601	0.00184	0.00575	0.00616	0.00636	0.00977

[dist]
# distance from previous block
# <min> <max>
0	1

[block]
# block no. 4 follows, 39 sequences, length 71
# corresponding to MSA columns:
# 264-334
name=unknown_E
#
# <colnr> <probs for GDERKNQSTAVLIFYWHMCP>
#	G	D	E	R	K	N	Q	S	T	A	V	L	I	F	Y	W	H	M	C	P
0	0.08268	0.12110	0.01875	0.01582	0.09221	0.41799	0.01147	0.11940	0.01683	0.03721	0.01020	0.01155	0.00821	0.00600	0.00516	0.00158	0.00857	0.00409	0.00351	0.00769
1	0.00724	0.00529	0.00676	0.00788	0.00846	0.00487	0.00532	0.00834	0.01167	0.01533	0.05272	0.65893	0.13136	0.03582	0.00798	0.00241	0.00341	0.01592	0.00547	0.00482
2	0.01906	0.01484	0.01614	0.01341	0.05231	0.03358	0.01037	0.45780	0.09506	0.03082	0.01445	0.01488	0.01073	0.00659	0.00557	0.00162	0.00593	0.00510	0.03677	0.15498
3	0.00904	0.00621	0.00754	0.00783	0.00861	0.00596	0.00532	0.02812	0.01112	0.03182	0.02672	0.28985	0.07089	0.34351	0.01691	0.00373	0.00473	0.08392	0.00466	0.03351
4	0.10936	0.18680	0.01819	0.01197	0.01594	0.16609	0.00991	0.19424	0.16635	0.02349	0.01340	0.01379	0.01041	0.00646	0.00506	0.00166	0.00660	0.00460	0.02749	0.00821
5	0.02090	0.00954	0.01234	0.00995	0.01379	0.00862	0.00801	0.02470	0.09349	0.49980	0.10785	0.05143	0.05620	0.00856	0.00610	0.00183	0.00455	0.00715	0.00675	0.04844
6	0.00722	0.00545	0.00668	0.00754	0.00843	0.00491	0.00521	0.00850	0.01230	0.01592	0.08843	0.53005	0.24377	0.01709	0.00735	0.00225	0.00326	0.01517	0.00556	0.00491
7	0.01335	0.01064	0.01184	0.01070	0.01356	0.01162	0.00829	0.04767	0.44992	0.04954	0.16046	0.08713	0.02646	0.00964	0.00630	0.00197	0.00431	0.02791	0.00599	0.04272
8	0.00845	0.00631	0.00938	0.00938	0.01039	0.00732	0.00723	0.01048	0.00947	0.01363	0.01596	0.02388	0.01507	0.07585	0.73763	0.00935	0.01541	0.00643	0.00319	0.00521
9	0.02209	0.02819	0.01676	0.01524	0.01828	0.76843	0.01143	0.02361	0.01676	0.01447	0.00914	0.01066	0.00762	0.00609	0.00533	0.00152	0.01066	0.00381	0.00305	0.00686
10	0.01186	0.03059	0.76153	0.01686	0.02560	0.01373	0.02185	0.01873	0.01249	0.01873	0.01061	0.01249	0.00749	0.00562	0.00562	0.00187	0.00874	0.00437	0.00250	0.00874
11	0.00910	0.00655	0.00901	0.01031	0.01156	0.00645	0.00876	0.01154	0.01330	0.01727	0.03279	0.16338	0.06756	0.01657	0.00803	0.00265	0.00506	0.58933	0.00545	0.00534
12	0.00953	0.00681	0.00953	0.01089	0.01225	0.00681	0.00953	0.01225	0.01361	0.01770	0.03131	0.06671	0.03403	0.01634	0.00817	0.00272	0.00545	0.71547	0.00545	0.00545
13	0.01511	0.01261	0.01338	0.01198	0.01537	0.01450	0.00934	0.03134	0.71973	0.04984	0.02404	0.02200	0.01794	0.00800	0.00602	0.00200	0.00469	0.00666	0.00606	0.00938
14	0.00732	0.00523	0.00699	0.00836	0.00875	0.00490	0.00568	0.00843	0.01143	0.01522	0.03253	0.75400	0.03887	0.01842	0.00758	0.00242	0.00353	0.05003	0.00549	0.00483
15	0.00845	0.00634	0.00950	0.00950	0.01056	0.00739	0.00739	0.01056	0.00950	0.01373	0.01584	0.02323	0.01478	0.04435	0.76873	0.00950	0.01584	0.00634	0.00317	0.00528
16	0.00920	0.00703	0.00881	0.00957	0.01127	0.00690	0.00807	0.01265	0.07000	0.01775	0.03895	0.06045	0.23882	0.01531	0.00766	0.00246	0.00468	0.45929	0.00550	0.00562
17	0.02225	0.04319	0.01820	0.01349	0.01823	0.01851	0.01120	0.71103	0.02727	0.03647	0.01399	0.01404	0.00997	0.00703	0.00584	0.00176	0.00650	0.00525	0.00580	0.00997
18	0.00823	0.00606	0.00772	0.00736	0.00883	0.00554	0.00556	0.01087	0.01625	0.02260	0.64749	0.04636	0.14011	0.01256	0.00701	0.00190	0.00289	0.03079	0.00636	0.00550
19	0.83394	0.01144	0.00869	0.00778	0.01144	0.01327	0.00640	0.01738	0.01006	0.02653	0.00823	0.00961	0.00640	0.00549	0.00366	0.00183	0.00457	0.00320	0.00366	0.00640
20	0.01324	0.01908	0.20724	0.02234	0.02870	0.01443	0.52898	0.01849	0.01344	0.01869	0.01216	0.03737	0.00947	0.00563	0.00691	0.00199	0.02427	0.00661	0.00294	0.00804
21	0.00786	0.00564	0.00739	0.00775	0.00863	0.00524	0.00546	0.00977	0.01404	0.01944	0.40647	0.37230	0.04712	0.04492	0.00812	0.00225	0.00319	0.01331	0.00595	0.00516
22	0.03663	0.21760	0.54254	0.01514	0.02276	0.01612	0.03599	0.01844	0.01234	0.01778	0.00999	0.01175	0.00752	0.00546	0.00515	0.00173	0.00806	0.00410	0.00255	0.00837
23	0.01464	0.01405	0.02400	0.03630	0.75528	0.01405	0.01815	0.01815	0.01347	0.01932	0.01112	0.01464	0.00937	0.00527	0.00585	0.00176	0.00703	0.00527	0.00293	0.00937
24	0.00837	0.00604	0.00790	0.00744	0.00883	0.00558	0.00558	0.01116	0.01674	0.02371	0.75216	0.04417	0.05580	0.01209	0.00697	0.00186	0.00279	0.01069	0.00651	0.00558
25	0.01520	0.01236	0.03125	0.03294	0.01600	0.01145	0.02674	0.22555	0.01655	0.04422	0.01334	0.04263	0.01132	0.06990	0.00766	0.00175	0.02880	0.00519	0.00430	0.38284
26	0.01340	0.03386	0.08154	0.01047	0.01354	0.01015	0.00892	0.18018	0.04227	0.07725	0.10707	0.26480	0.07350	0.01173	0.00654	0.00200	0.00485	0.02431	0.00544	0.02818
27	0.00813	0.00621	0.00740	0.00709	0.00872	0.00561	0.00531	0.02474	0.01564	0.02099	0.47109	0.07417	0.29686	0.01322	0.00698	0.00192	0.00296	0.01142	0.00611	0.00544
28	0.01094	0.00668	0.00833	0.00755	0.00962	0.00592	0.00579	0.01329	0.01589	0.14067	0.44696	0.04373	0.23771	0.01210	0.00681	0.00189	0.00321	0.01041	0.00637	0.00615
29	0.01249	0.10772	0.61873	0.01746	0.05989	0.01480	0.05208	0.01861	0.01255	0.01827	0.01045	0.01244	0.00766	0.00552	0.00550	0.00181	0.00846	0.00441	0.00254	0.00862
30	0.01200	0.11212	0.57237	0.01570	0.04662	0.01391	0.01862	0.01775	0.01294	0.01877	0.09290	0.01575	0.01294	0.00627	0.00558	0.00180	0.00775	0.00497	0.00296	0.00828
31	0.00773	0.00555	0.00744	0.00877	0.00939	0.00526	0.00638	0.00915	0.01190	0.01571	0.03307	0.60451	0.05798	0.01793	0.00767	0.00246	0.00387	0.17479	0.00548	0.00495
32	0.01453	0.01394	0.02382	0.05860	0.73379	0.01402	0.01810	0.01806	0.01342	0.01919	0.01111	0.01467	0.00932	0.00529	0.00586	0.00176	0.00705	0.00527	0.00292	0.00928
33	0.03564	0.03827	0.01888	0.40399	0.05389	0.03430	0.11584	0.01613	0.04739	0.01667	0.01366	0.09750	0.01201	0.00739	0.00664	0.00199	0.04167	0.00663	0.02469	0.00681
34	0.01369	0.01532	0.05531	0.10472	0.19014	0.01469	0.43864	0.01811	0.01332	0.01837	0.01136	0.01536	0.00883	0.00545	0.00724	0.00197	0.05026	0.00624	0.00290	0.00808
35	0.01688	0.01850	0.02127	0.02792	0.45974	0.26482	0.03430	0.01974	0.01458	0.01763	0.01134	0.01554	0.00981	0.00600	0.00581	0.00173	0.00825	0.03474	0.00307	0.00833
36	0.00830	0.00600	0.00779	0.00741	0.00875	0.00554	0.00550	0.01093	0.01627	0.02294	0.69334	0.07041	0.06957	0.03201	0.00758	0.00198	0.00289	0.01090	0.00638	0.00549
37	0.02161	0.01349	0.03143	0.01293	0.04011	0.01374	0.01040	0.34082	0.05769	0.27947	0.06870	0.01862	0.01503	0.00761	0.00657	0.00185	0.03835	0.00595	0.00613	0.00951
38	0.01223	0.01051	0.01244	0.03344	0.01487	0.00805	0.00731	0.01490	0.01225	0.01914	0.01051	0.01238	0.00873	0.00443	0.00443	0.00091	0.00449	0.00356	0.00348	0.80195
39	0.01581	0.79572	0.03099	0.01012	0.01518	0.02340	0.01012	0.01771	0.01202	0.01391	0.00822	0.00949	0.00759	0.00506	0.00379	0.00126	0.00632	0.00316	0.00253	0.00759
40	0.00710	0.00557	0.00642	0.00710	0.00828	0.00490	0.00499	0.00836	0.01241	0.01554	0.04640	0.41863	0.39988	0.01673	0.00727	0.00220	0.00321	0.01462	0.00549	0.00490
41	0.00859	0.00576	0.00660	0.00660	0.00665	0.00581	0.00377	0.00869	0.00864	0.01158	0.01850	0.03796	0.02118	0.75616	0.06566	0.00591	0.00622	0.00849	0.00356	0.00367
42	0.01471	0.01270	0.01337	0.01203	0.01538	0.01471	0.00936	0.03142	0.74459	0.02474	0.02407	0.02206	0.01805	0.00802	0.00602	0.00201	0.00468	0.00669	0.00602	0.00936
43	0.00845	0.00632	0.00943	0.00943	0.01046	0.00735	0.00730	0.01051	0.00948	0.01367	0.01591	0.02361	0.01495	0.06272	0.75059	0.00941	0.01559	0.00639	0.00318	0.00524
44	0.02209	0.02819	0.01676	0.01524	0.01828	0.76843	0.01143	0.02361	0.01676	0.01447	0.00914	0.01066	0.00762	0.00609	0.00533	0.00152	0.01066	0.00381	0.00305	0.00686
45	0.00721	0.00515	0.00686	0.00823	0.00858	0.00480	0.00549	0.00823	0.01132	0.01510	0.03259	0.78831	0.03911	0.01853	0.00755	0.00240	0.00343	0.01681	0.00549	0.00480
46	0.01042	0.00601	0.00933	0.13235	0.01305	0.00643	0.00696	0.00890	0.00837	0.01106	0.01031	0.01762	0.00989	0.01818	0.02033	0.69428	0.00558	0.00516	0.00258	0.00322
47	0.00738	0.00591	0.00660	0.00663	0.00828	0.00513	0.00489	0.00917	0.01411	0.01795	0.24207	0.13491	0.48694	0.01460	0.00705	0.00201	0.00299	0.01249	0.00576	0.00513
48	0.02248	0.01656	0.01775	0.01361	0.01834	0.01834	0.01124	0.73556	0.02780	0.03727	0.01420	0.01420	0.01006	0.00710	0.00592	0.00177	0.00651	0.00532	0.00592	0.01006
49	0.02348	0.01496	0.01676	0.01285	0.01754	0.01596	0.01061	0.56157	0.02513	0.21504	0.01645	0.01566	0.01119	0.00715	0.00592	0.00179	0.00614	0.00548	0.00626	0.01006
50	0.01345	0.00767	0.00802	0.00735	0.00932	0.02715	0.00567	0.09225	0.01432	0.08002	0.01917	0.05309	0.01536	0.00936	0.04439	0.00192	0.00425	0.00600	0.57489	0.00635
51	0.02589	0.00992	0.01352	0.01041	0.01488	0.00858	0.00858	0.02820	0.01692	0.73350	0.04896	0.02097	0.01609	0.00749	0.00598	0.00183	0.00495	0.00611	0.00729	0.00991
52	0.02634	0.01038	0.01392	0.01067	0.01525	0.00916	0.00881	0.06284	0.01745	0.72461	0.02289	0.01984	0.01442	0.00731	0.00595	0.00183	0.00510	0.00592	0.00725	0.01006
53	0.04479	0.01181	0.01326	0.03309	0.01544	0.01267	0.00907	0.18046	0.27336	0.17983	0.02388	0.02351	0.07827	0.00829	0.00595	0.00190	0.00502	0.02509	0.04546	0.00882
54	0.00795	0.00563	0.00749	0.00871	0.00927	0.00541	0.00630	0.00929	0.01160	0.01535	0.03072	0.52232	0.03587	0.10408	0.01022	0.00285	0.00420	0.19265	0.00527	0.00483
55	0.01845	0.29837	0.02293	0.03674	0.12885	0.37000	0.01211	0.02047	0.01445	0.01502	0.00915	0.01098	0.00788	0.00560	0.00488	0.00148	0.00850	0.00384	0.00283	0.00749
56	0.00706	0.00586	0.00618	0.00639	0.00811	0.00498	0.00468	0.00852	0.01322	0.01604	0.07359	0.17494	0.61915	0.01548	0.00708	0.00206	0.00306	0.01314	0.00552	0.00498
57	0.01543	0.56455	0.19276	0.01202	0.01775	0.08003	0.01284	0.01840	0.01250	0.01503	0.00883	0.01025	0.00757	0.00527	0.00432	0.00142	0.00721	0.00348	0.00256	0.00779
58	0.20206	0.01999	0.33791	0.01534	0.03562	0.01286	0.14224	0.01840	0.01264	0.06411	0.03852	0.01534	0.02761	0.00605	0.00548	0.00187	0.00725	0.00512	0.02372	0.00788
59	0.00882	0.00599	0.00770	0.00749	0.00861	0.00559	0.00534	0.01088	0.01464	0.04408	0.50474	0.15144	0.04649	0.13911	0.01077	0.00257	0.00343	0.01110	0.00591	0.00529
60	0.01219	0.01201	0.03913	0.46283	0.22580	0.01309	0.04689	0.01634	0.02848	0.01686	0.01241	0.01890	0.01027	0.00643	0.00609	0.00196	0.00754	0.05240	0.00298	0.00741
61	0.14543	0.01273	0.04156	0.41475	0.07816	0.05368	0.05954	0.01702	0.04728	0.01796	0.01136	0.01592	0.00897	0.00648	0.00608	0.02357	0.00732	0.02218	0.00309	0.00691
62	0.00716	0.00599	0.00618	0.00614	0.00802	0.00507	0.00457	0.00874	0.01365	0.01657	0.12353	0.05521	0.66714	0.03650	0.00764	0.00209	0.00305	0.01221	0.00553	0.00501
63	0.00721	0.00515	0.00686	0.00823	0.00858	0.00480	0.00549	0.00823	0.01132	0.01510	0.03259	0.78831	0.03911	0.01853	0.00755	0.00240	0.00343	0.01681	0.00549	0.00480
64	0.01556	0.49947	0.17892	0.01271	0.03499	0.09385	0.01281	0.03855	0.01299	0.01574	0.00926	0.01087	0.00789	0.00647	0.02652	0.00168	0.00755	0.00368	0.00270	0.00780
65	0.01186	0.03059	0.76153	0.01686	0.02560	0.01373	0.02185	0.01873	0.01249	0.01873	0.01061	0.01249	0.00749	0.00562	0.00562	0.00187	0.00874	0.00437	0.00250	0.00874
66	0.00926	0.00672	0.00915	0.01037	0.01180	0.00661	0.00900	0.01185	0.01360	0.01752	0.03434	0.06567	0.11028	0.01619	0.00804	0.00265	0.00519	0.64091	0.00545	0.00540
67	0.01938	0.01466	0.01705	0.18877	0.03891	0.04736	0.01213	0.42325	0.04569	0.09036	0.01537	0.01630	0.02971	0.00700	0.00592	0.00183	0.00673	0.00553	0.00509	0.00895
68	0.01360	0.01320	0.01823	0.08335	0.13795	0.08887	0.10018	0.05037	0.01284	0.01763	0.01345	0.09273	0.01244	0.01002	0.04549	0.00238	0.19408	0.00654	0.07962	0.00703
69	0.13452	0.49388	0.06528	0.01118	0.01604	0.06933	0.03415	0.07022	0.01337	0.01808	0.02238	0.01092	0.00851	0.00549	0.00429	0.00147	0.00656	0.00369	0.00306	0.00759
70	0.04085	0.01194	0.01378	0.01074	0.01495	0.01168	0.00869	0.22395	0.04752	0.14152	0.03035	0.05672	0.01303	0.00705	0.00606	0.00155	0.04240	0.00551	0.02074	0.29096

[dist]
# distance from previous block
# <min> <max>
0	2

[block]
# block no. 5 follows, 39 sequences, length 30
# corresponding to MSA columns:
# 337-366
name=unknown_F
#
# <colnr> <probs for GDERKNQSTAVLIFYWHMCP>
#	G	D	E	R	K	N	Q	S	T	A	V	L	I	F	Y	W	H	M	C	P
0	0.29598	0.11772	0.04518	0.01219	0.03201	0.23504	0.01000	0.12642	0.01529	0.04667	0.01004	0.01115	0.00783	0.00591	0.00470	0.00166	0.00709	0.00387	0.00373	0.00751
1	0.04302	0.01286	0.01403	0.01172	0.03508	0.01400	0.00912	0.45596	0.02154	0.05044	0.01557	0.01794	0.01208	0.06935	0.02943	0.00223	0.00590	0.00560	0.16574	0.00840
2	0.11166	0.20254	0.03681	0.01419	0.06316	0.34291	0.01104	0.07482	0.03960	0.01817	0.01003	0.01152	0.00829	0.00680	0.02370	0.00175	0.00830	0.00397	0.00329	0.00747
3	0.01340	0.20269	0.50122	0.01699	0.08762	0.04548	0.01845	0.01864	0.01263	0.01752	0.01006	0.01192	0.00768	0.00548	0.00521	0.00171	0.00811	0.00415	0.00256	0.00846
4	0.33325	0.18597	0.01791	0.01128	0.01527	0.04181	0.05444	0.15762	0.01445	0.02377	0.01106	0.01247	0.02838	0.00632	0.00565	0.00176	0.06312	0.00427	0.00376	0.00746
5	0.01027	0.00514	0.00770	0.00770	0.00770	0.00514	0.00514	0.00770	0.00770	0.01027	0.01027	0.01798	0.01027	0.02054	0.02311	0.82794	0.00514	0.00514	0.00257	0.00257
6	0.01086	0.00932	0.04937	0.01165	0.07504	0.00827	0.02651	0.01476	0.08364	0.07026	0.20350	0.09091	0.21821	0.01179	0.00713	0.00203	0.02547	0.06929	0.00539	0.00660
7	0.01125	0.01026	0.01608	0.56631	0.05514	0.01238	0.01427	0.01647	0.10542	0.01646	0.01489	0.10839	0.01294	0.00766	0.00612	0.00202	0.00692	0.00681	0.00341	0.00680
8	0.00845	0.00634	0.00950	0.00950	0.01056	0.00739	0.00739	0.01056	0.00950	0.01373	0.01584	0.02323	0.01478	0.04435	0.76873	0.00950	0.01584	0.00634	0.00317	0.00528
9	0.00935	0.00781	0.01055	0.17585	0.01686	0.00798	0.02567	0.05114	0.01400	0.01780	0.09799	0.11840	0.31830	0.01260	0.00689	0.00209	0.00473	0.09131	0.00491	0.00577
10	0.01836	0.13454	0.04569	0.05027	0.17763	0.37512	0.03650	0.04456	0.03319	0.01675	0.01016	0.01218	0.00838	0.00579	0.00534	0.00160	0.00877	0.00433	0.00308	0.00776
11	0.00719	0.00520	0.00681	0.00809	0.00854	0.00482	0.00543	0.00825	0.01146	0.01515	0.03431	0.74250	0.08382	0.01831	0.00751	0.00238	0.00340	0.01654	0.00549	0.00482
