[name]
unknown

[dist]
# distance from previous block
# <min> <max>
31	71

[block]
# block no. 0 follows, 47 sequences, length 12
# corresponding to MSA columns:
# 83-94
name=unknown_A
#
# <colnr> <probs for GDERKNQSTAVLIFYWHMCP>
#	G	D	E	R	K	N	Q	S	T	A	V	L	I	F	Y	W	H	M	C	P
0	0.07499	0.01016	0.01463	0.54000	0.02854	0.01191	0.01235	0.13638	0.01283	0.05762	0.01022	0.01332	0.00750	0.00535	0.00500	0.00165	0.00626	0.00447	0.00310	0.04372
1	0.01085	0.01004	0.01665	0.45825	0.19038	0.01127	0.05653	0.05266	0.01153	0.01540	0.01140	0.08691	0.00992	0.00607	0.00534	0.00169	0.00638	0.00561	0.00279	0.03033
2	0.10104	0.00996	0.01626	0.58960	0.11214	0.01176	0.05879	0.01401	0.01051	0.01498	0.00917	0.01320	0.00700	0.00506	0.00504	0.00170	0.00666	0.00453	0.00246	0.00611
3	0.01419	0.62412	0.11854	0.01020	0.01482	0.11656	0.01031	0.01635	0.01115	0.01283	0.00760	0.00880	0.00668	0.00463	0.00371	0.00121	0.00631	0.00299	0.00228	0.00673
4	0.00679	0.00488	0.00611	0.00670	0.00716	0.00473	0.00445	0.00760	0.00935	0.01236	0.02655	0.41374	0.11894	0.24228	0.10059	0.00359	0.00477	0.01128	0.00414	0.00400
5	0.00726	0.00532	0.00680	0.00643	0.00771	0.00487	0.00482	0.00961	0.01447	0.02024	0.71319	0.03996	0.11809	0.01089	0.00614	0.00165	0.00247	0.00957	0.00565	0.00487
6	0.00757	0.00505	0.00568	0.00568	0.00568	0.00505	0.00316	0.00757	0.00757	0.01010	0.01641	0.03408	0.01893	0.81698	0.02651	0.00505	0.00505	0.00757	0.00316	0.00316
7	0.00695	0.00531	0.00638	0.00611	0.00752	0.00473	0.00458	0.00901	0.01375	0.01852	0.52937	0.04278	0.30298	0.01153	0.00615	0.00168	0.00252	0.00996	0.00542	0.00473
8	0.00727	0.00532	0.00682	0.00645	0.00772	0.00487	0.00484	0.00964	0.01451	0.02033	0.72286	0.03981	0.10837	0.01085	0.00614	0.00165	0.00247	0.00954	0.00566	0.00487
9	0.01945	0.02482	0.01476	0.01342	0.01610	0.79608	0.01006	0.02079	0.01476	0.01275	0.00805	0.00939	0.00671	0.00537	0.00470	0.00134	0.00939	0.00335	0.00268	0.00604
10	0.01080	0.00926	0.01080	0.00771	0.01234	0.00694	0.00617	0.01311	0.01080	0.01697	0.00926	0.01080	0.00771	0.00386	0.00386	0.00077	0.00386	0.00309	0.00309	0.84882
11	0.01332	0.01247	0.01865	0.24620	0.20989	0.05962	0.12666	0.16562	0.01410	0.01859	0.01127	0.05901	0.00935	0.00580	0.00539	0.00166	0.00672	0.00538	0.00317	0.00711

[dist]
# distance from previous block
# <min> <max>
0	3

[block]
# block no. 1 follows, 47 sequences, length 82
# corresponding to MSA columns:
# 98-120,126-184
name=unknown_B
#
# <colnr> <probs for GDERKNQSTAVLIFYWHMCP>
#	G	D	E	R	K	N	Q	S	T	A	V	L	I	F	Y	W	H	M	C	P
0	0.85377	0.01007	0.00765	0.00685	0.01007	0.01168	0.00564	0.01531	0.00886	0.02336	0.00725	0.00846	0.00564	0.00483	0.00322	0.00161	0.00403	0.00282	0.00322	0.00564
1	0.02326	0.00903	0.01219	0.00934	0.01338	0.00790	0.00772	0.04668	0.01518	0.76641	0.02031	0.01758	0.01278	0.00644	0.00524	0.00161	0.00447	0.00522	0.00641	0.00886
2	0.01946	0.02455	0.01478	0.01338	0.01610	0.77580	0.01006	0.04020	0.01501	0.01327	0.00817	0.00947	0.00676	0.00539	0.00471	0.00135	0.00930	0.00339	0.00275	0.00611
3	0.85377	0.01007	0.00765	0.00685	0.01007	0.01168	0.00564	0.01531	0.00886	0.02336	0.00725	0.00846	0.00564	0.00483	0.00322	0.00161	0.00403	0.00282	0.00322	0.00564
4	0.01070	0.00982	0.01548	0.65036	0.06967	0.01193	0.01369	0.04358	0.09377	0.01515	0.01070	0.01438	0.00805	0.00542	0.00521	0.00172	0.00655	0.00477	0.00276	0.00629
5	0.01338	0.01109	0.01179	0.01054	0.01353	0.01274	0.00822	0.02758	0.74418	0.05295	0.02117	0.01936	0.01577	0.00704	0.00530	0.00176	0.00413	0.00586	0.00535	0.00827
6	0.66118	0.00947	0.00834	0.03733	0.01115	0.01065	0.00611	0.01570	0.00987	0.10086	0.05835	0.01175	0.00930	0.00572	0.00412	0.02291	0.00409	0.00360	0.00366	0.00584
7	0.01270	0.05760	0.02219	0.11507	0.51647	0.03539	0.13325	0.01591	0.01178	0.01616	0.00966	0.01283	0.00792	0.00467	0.00520	0.00157	0.00674	0.00474	0.00254	0.00763
8	0.01170	0.04335	0.46461	0.01697	0.02355	0.01292	0.27557	0.05830	0.01218	0.01735	0.00987	0.01206	0.00717	0.00481	0.00533	0.00167	0.00790	0.00466	0.00252	0.00750
9	0.00905	0.00452	0.00678	0.00678	0.00678	0.00452	0.00452	0.00678	0.00678	0.00905	0.00905	0.01583	0.00905	0.01809	0.02035	0.84848	0.00452	0.00452	0.00226	0.00226
10	0.01283	0.01243	0.02067	0.07910	0.72289	0.02820	0.01577	0.01592	0.01183	0.01670	0.00973	0.01288	0.00814	0.00469	0.00515	0.00155	0.00630	0.00461	0.00256	0.00805
11	0.01264	0.01261	0.02175	0.11635	0.56905	0.03369	0.12542	0.01592	0.01184	0.01643	0.00980	0.01307	0.00801	0.00469	0.00529	0.00159	0.00674	0.00482	0.00256	0.00773
12	0.00644	0.00463	0.00613	0.00729	0.00769	0.00432	0.00497	0.00743	0.01015	0.01344	0.02963	0.74540	0.06464	0.01609	0.00665	0.00211	0.00309	0.05080	0.00483	0.00426
13	0.00645	0.00464	0.00612	0.00712	0.00756	0.00431	0.00482	0.00754	0.01054	0.01415	0.11175	0.70809	0.05637	0.01561	0.00658	0.00205	0.00295	0.01411	0.00493	0.00431
14	0.01080	0.00926	0.01080	0.00771	0.01234	0.00694	0.00617	0.01311	0.01080	0.01697	0.00926	0.01080	0.00771	0.00386	0.00386	0.00077	0.00386	0.00309	0.00309	0.84882
15	0.00887	0.04722	0.01182	0.01085	0.05371	0.00913	0.03644	0.01061	0.00873	0.01249	0.01256	0.03223	0.01207	0.08750	0.48816	0.00606	0.13818	0.00556	0.00273	0.00509
16	0.00637	0.00455	0.00607	0.00723	0.00756	0.00425	0.00484	0.00732	0.01010	0.01349	0.04849	0.79322	0.03483	0.01617	0.00663	0.00210	0.00301	0.01466	0.00486	0.00425
17	0.01085	0.01006	0.01632	0.62041	0.09457	0.01206	0.03658	0.05150	0.05379	0.01513	0.01012	0.01400	0.00767	0.00536	0.00544	0.00172	0.02069	0.00475	0.00265	0.00631
18	0.01797	0.01298	0.01428	0.03169	0.01569	0.01433	0.00944	0.50844	0.17827	0.08809	0.01542	0.01613	0.01138	0.00672	0.00531	0.00164	0.00529	0.03322	0.00523	0.00850
19	0.00996	0.00942	0.01565	0.74232	0.03412	0.01191	0.01422	0.01324	0.01022	0.01324	0.00907	0.01369	0.00693	0.00551	0.00614	0.00178	0.06985	0.00462	0.00231	0.00578
20	0.00643	0.00459	0.00600	0.00708	0.00740	0.00429	0.00469	0.00728	0.00985	0.01308	0.02845	0.73567	0.05362	0.07496	0.00809	0.00232	0.00316	0.01417	0.00471	0.00416
21	0.66357	0.04186	0.00936	0.00746	0.01088	0.01149	0.00621	0.03651	0.01032	0.14794	0.00956	0.01007	0.00695	0.00512	0.00361	0.00159	0.00420	0.00326	0.00376	0.00629
22	0.12069	0.18972	0.09717	0.05317	0.14536	0.15875	0.01102	0.06350	0.01255	0.04453	0.03032	0.01239	0.02936	0.00537	0.00447	0.00145	0.00628	0.00401	0.00300	0.00686
23	0.01368	0.38276	0.09611	0.01316	0.01755	0.08076	0.17751	0.05705	0.01202	0.01502	0.02683	0.01111	0.00808	0.00513	0.00535	0.00144	0.06296	0.00406	0.00260	0.00681
24	0.00932	0.00491	0.00540	0.00543	0.00652	0.00501	0.00405	0.01138	0.01037	0.01783	0.01650	0.04021	0.01362	0.01082	0.09640	0.04921	0.00389	0.00518	0.67926	0.00467
25	0.01859	0.06972	0.01509	0.01283	0.01557	0.71933	0.00975	0.01995	0.01440	0.01277	0.00982	0.01099	0.03825	0.00563	0.00468	0.00135	0.00890	0.00363	0.00274	0.00601
26	0.00625	0.00526	0.00542	0.00541	0.00710	0.00443	0.00405	0.00765	0.01205	0.01458	0.10818	0.06410	0.71162	0.01305	0.00616	0.00176	0.00263	0.01094	0.00490	0.00443
27	0.01094	0.00656	0.00737	0.07777	0.01012	0.00707	0.00554	0.10071	0.01239	0.02026	0.01551	0.01790	0.01208	0.00609	0.00431	0.00133	0.02383	0.00481	0.64998	0.00543
28	0.01045	0.02694	0.79000	0.01484	0.02254	0.01209	0.01924	0.01649	0.01099	0.01649	0.00935	0.01099	0.00660	0.00495	0.00495	0.00165	0.00770	0.00385	0.00220	0.00770
29	0.01687	0.01320	0.05207	0.01200	0.05739	0.01359	0.00959	0.54224	0.02041	0.02823	0.01321	0.02948	0.00999	0.00716	0.02651	0.00171	0.00554	0.00489	0.12795	0.00797
30	0.00649	0.00483	0.00588	0.00662	0.00731	0.00441	0.00452	0.00747	0.01035	0.01336	0.04674	0.50502	0.22707	0.09671	0.00854	0.00232	0.00316	0.03035	0.00468	0.00419
31	0.01295	0.01119	0.01178	0.01060	0.01354	0.01295	0.00824	0.02767	0.77509	0.02178	0.02120	0.01943	0.01590	0.00707	0.00530	0.00177	0.00412	0.00589	0.00530	0.00824
32	0.01966	0.01410	0.01524	0.01176	0.01586	0.01552	0.00969	0.68947	0.06088	0.07431	0.01338	0.01313	0.00943	0.00630	0.00522	0.00158	0.00558	0.00478	0.00528	0.00883
33	0.78347	0.00997	0.00803	0.00705	0.01034	0.01134	0.00581	0.01616	0.00937	0.08810	0.00838	0.00924	0.00625	0.00497	0.00339	0.00161	0.00406	0.00302	0.00350	0.00591
34	0.01080	0.00926	0.01080	0.00771	0.01234	0.00694	0.00617	0.01311	0.01080	0.01697	0.00926	0.01080	0.00771	0.00386	0.00386	0.00077	0.00386	0.00309	0.00309	0.84882
35	0.01533	0.01108	0.01283	0.01031	0.01333	0.01194	0.04984	0.45537	0.01865	0.02596	0.01493	0.08511	0.01256	0.05409	0.01869	0.00186	0.00510	0.00586	0.16998	0.00717
36	0.01138	0.05763	0.01629	0.01318	0.01348	0.01583	0.01105	0.01258	0.00814	0.01250	0.00715	0.01159	0.00708	0.01006	0.04799	0.00246	0.72911	0.00450	0.00230	0.00571
37	0.04595	0.00890	0.01196	0.00920	0.01321	0.00776	0.00760	0.02511	0.01474	0.76731	0.02018	0.01747	0.01269	0.00640	0.00518	0.00161	0.00442	0.00517	0.00636	0.00877
38	0.00710	0.00594	0.00628	0.00614	0.00795	0.00543	0.00468	0.01004	0.09460	0.01573	0.13186	0.04582	0.59017	0.01228	0.00610	0.00177	0.00285	0.03539	0.00499	0.00488
39	0.01360	0.72227	0.07844	0.01003	0.01475	0.01962	0.05171	0.01571	0.01070	0.01278	0.00756	0.00885	0.00675	0.00448	0.00360	0.00119	0.00589	0.00304	0.00225	0.00677
40	0.00627	0.00524	0.00547	0.00550	0.00713	0.00443	0.00409	0.00767	0.01202	0.01463	0.11628	0.09161	0.67552	0.01314	0.00618	0.00177	0.00264	0.01106	0.00492	0.00443
41	0.01404	0.01094	0.01181	0.01046	0.01352	0.01240	0.00818	0.02743	0.69538	0.10214	0.02113	0.01925	0.01558	0.00700	0.00529	0.00175	0.00415	0.00582	0.00542	0.00831
42	0.00983	0.00926	0.01562	0.80447	0.03587	0.01157	0.01446	0.01331	0.01041	0.01331	0.00926	0.01388	0.00694	0.00521	0.00521	0.00174	0.00694	0.00463	0.00231	0.00579
43	0.01045	0.02694	0.79000	0.01484	0.02254	0.01209	0.01924	0.01649	0.01099	0.01649	0.00935	0.01099	0.00660	0.00495	0.00495	0.00165	0.00770	0.00385	0.00220	0.00770
44	0.02328	0.00901	0.01217	0.00933	0.01337	0.00787	0.00771	0.04403	0.01515	0.76911	0.02034	0.01759	0.01279	0.00644	0.00524	0.00161	0.00446	0.00522	0.00641	0.00886
45	0.00625	0.00528	0.00541	0.00537	0.00709	0.00444	0.00403	0.00766	0.01209	0.01460	0.10957	0.04924	0.72523	0.01299	0.00615	0.00175	0.00262	0.01087	0.00491	0.00444
46	0.01066	0.01015	0.01736	0.59206	0.22359	0.01181	0.03260	0.01406	0.01082	0.01432	0.00942	0.01364	0.00729	0.00505	0.00522	0.00169	0.00680	0.00467	0.00239	0.00643
47	0.01192	0.31810	0.42842	0.01341	0.01965	0.01535	0.09436	0.01618	0.01098	0.01495	0.00869	0.01034	0.00677	0.00471	0.00448	0.00146	0.00703	0.00370	0.00226	0.00725
48	0.85377	0.01007	0.00765	0.00685	0.01007	0.01168	0.00564	0.01531	0.00886	0.02336	0.00725	0.00846	0.00564	0.00483	0.00322	0.00161	0.00403	0.00282	0.00322	0.00564
49	0.02301	0.00878	0.01197	0.00921	0.01317	0.00759	0.00759	0.02504	0.01490	0.77117	0.03735	0.01819	0.01369	0.00654	0.00526	0.00161	0.00439	0.00533	0.00643	0.00878
50	0.01469	0.68413	0.07467	0.00933	0.01395	0.01870	0.00944	0.01668	0.01106	0.09387	0.00877	0.00951	0.00733	0.00470	0.00364	0.00120	0.00559	0.00311	0.00267	0.00698
51	0.04303	0.00889	0.01198	0.00921	0.01322	0.00775	0.00761	0.02514	0.01476	0.76999	0.02023	0.01751	0.01272	0.00641	0.00519	0.00161	0.00442	0.00518	0.00637	0.00879
52	0.00737	0.00532	0.00696	0.00655	0.00778	0.00491	0.00491	0.00983	0.01474	0.02088	0.78175	0.03890	0.04914	0.01065	0.00614	0.00164	0.00246	0.00942	0.00573	0.00491
53	0.00623	0.00528	0.00537	0.00535	0.00708	0.00443	0.00401	0.00761	0.01204	0.01447	0.09551	0.04946	0.73938	0.01304	0.00615	0.00175	0.00263	0.01090	0.00489	0.00443
54	0.02279	0.00874	0.01190	0.00917	0.01310	0.00756	0.00756	0.02482	0.01490	0.76048	0.04795	0.01849	0.01420	0.00660	0.00527	0.00161	0.00436	0.00539	0.00642	0.00872
55	0.00737	0.00532	0.00696	0.00655	0.00778	0.00491	0.00491	0.00983	0.01474	0.02088	0.78175	0.03890	0.04914	0.01065	0.00614	0.00164	0.00246	0.00942	0.00573	0.00491
56	0.85377	0.01007	0.00765	0.00685	0.01007	0.01168	0.00564	0.01531	0.00886	0.02336	0.00725	0.00846	0.00564	0.00483	0.00322	0.00161	0.00403	0.00282	0.00322	0.00564
57	0.85377	0.01007	0.00765	0.00685	0.01007	0.01168	0.00564	0.01531	0.00886	0.02336	0.00725	0.00846	0.00564	0.00483	0.00322	0.00161	0.00403	0.00282	0.00322	0.00564
58	0.01392	0.82012	0.02729	0.00891	0.01337	0.02061	0.00891	0.01559	0.01058	0.01225	0.00724	0.00835	0.00668	0.00446	0.00334	0.00111	0.00557	0.00278	0.00223	0.00668
59	0.85377	0.01007	0.00765	0.00685	0.01007	0.01168	0.00564	0.01531	0.00886	0.02336	0.00725	0.00846	0.00564	0.00483	0.00322	0.00161	0.00403	0.00282	0.00322	0.00564
60	0.01295	0.01119	0.01178	0.01060	0.01354	0.01295	0.00824	0.02767	0.77509	0.02178	0.02120	0.01943	0.01590	0.00707	0.00530	0.00177	0.00412	0.00589	0.00530	0.00824
61	0.00637	0.00454	0.00603	0.00721	0.00751	0.00425	0.00479	0.00726	0.00991	0.01322	0.02840	0.79470	0.03407	0.03571	0.00713	0.00219	0.00307	0.01463	0.00479	0.00420
62	0.01139	0.01139	0.01595	0.01367	0.01367	0.01595	0.01139	0.01253	0.00798	0.01253	0.00684	0.01139	0.00684	0.00911	0.01709	0.00228	0.80745	0.00456	0.00228	0.00570
63	0.01045	0.02694	0.79000	0.01484	0.02254	0.01209	0.01924	0.01649	0.01099	0.01649	0.00935	0.01099	0.00660	0.00495	0.00495	0.00165	0.00770	0.00385	0.00220	0.00770
64	0.00737	0.00532	0.00696	0.00655	0.00778	0.00491	0.00491	0.00983	0.01474	0.02088	0.78175	0.03890	0.04914	0.01065	0.00614	0.00164	0.00246	0.00942	0.00573	0.00491
65	0.00741	0.00544	0.00696	0.00663	0.00788	0.00507	0.00495	0.01006	0.03500	0.02016	0.68441	0.07710	0.08737	0.01097	0.00614	0.00167	0.00254	0.00967	0.00563	0.00494
66	0.01945	0.02482	0.01476	0.01342	0.01610	0.79608	0.01006	0.02079	0.01476	0.01275	0.00805	0.00939	0.00671	0.00537	0.00470	0.00134	0.00939	0.00335	0.00268	0.00604
67	0.85377	0.01007	0.00765	0.00685	0.01007	0.01168	0.00564	0.01531	0.00886	0.02336	0.00725	0.00846	0.00564	0.00483	0.00322	0.00161	0.00403	0.00282	0.00322	0.00564
68	0.00757	0.00505	0.00568	0.00568	0.00568	0.00505	0.00316	0.00757	0.00757	0.01010	0.01641	0.03408	0.01893	0.81698	0.02651	0.00505	0.00505	0.00757	0.00316	0.00316
69	0.00757	0.00505	0.00568	0.00568	0.00568	0.00505	0.00316	0.00757	0.00757	0.01010	0.01641	0.03408	0.01893	0.81698	0.02651	0.00505	0.00505	0.00757	0.00316	0.00316
70	0.00962	0.00807	0.11851	0.00774	0.00919	0.00601	0.00664	0.02900	0.00866	0.01275	0.01078	0.01583	0.00959	0.01405	0.03031	0.52793	0.00480	0.00451	0.16226	0.00375
71	0.15280	0.09577	0.08827	0.01293	0.12668	0.05481	0.00991	0.04221	0.01294	0.31190	0.03416	0.01387	0.01032	0.00562	0.00467	0.00154	0.00531	0.00437	0.00426	0.00765
72	0.85377	0.01007	0.00765	0.00685	0.01007	0.01168	0.00564	0.01531	0.00886	0.02336	0.00725	0.00846	0.00564	0.00483	0.00322	0.00161	0.00403	0.00282	0.00322	0.00564
73	0.01426	0.02857	0.03205	0.02725	0.60163	0.04501	0.01467	0.13872	0.01400	0.01932	0.01011	0.01257	0.00823	0.00493	0.00511	0.00153	0.00625	0.00455	0.00300	0.00822
74	0.01049	0.00906	0.01112	0.02217	0.01280	0.00713	0.02575	0.01276	0.01072	0.01655	0.01071	0.07132	0.00970	0.00492	0.00437	0.00094	0.01721	0.00410	0.00318	0.73501
75	0.00715	0.00529	0.00668	0.00639	0.00766	0.00481	0.00477	0.00939	0.01414	0.01960	0.64688	0.06992	0.15551	0.01123	0.00616	0.00167	0.00250	0.00985	0.00557	0.00481
76	0.05587	0.00943	0.05432	0.07330	0.01400	0.00900	0.05909	0.03821	0.13289	0.11124	0.08177	0.06443	0.02849	0.00709	0.00531	0.00160	0.02742	0.00597	0.19128	0.02932
77	0.01984	0.03780	0.01406	0.01159	0.02756	0.29683	0.00904	0.17151	0.03583	0.26449	0.01363	0.01345	0.00968	0.00658	0.02055	0.00162	0.00668	0.00438	0.02735	0.00756
78	0.01025	0.01040	0.05351	0.05210	0.05744	0.02980	0.08666	0.04041	0.01035	0.01450	0.01502	0.26321	0.01596	0.01062	0.02283	0.01461	0.26247	0.00789	0.01627	0.00567
79	0.03380	0.42043	0.09894	0.01034	0.01426	0.17096	0.00975	0.03121	0.04081	0.01423	0.03319	0.05665	0.01060	0.00599	0.00427	0.00137	0.00620	0.02767	0.00284	0.00649
80	0.04942	0.01136	0.03501	0.16328	0.10090	0.03593	0.15551	0.07239	0.06649	0.06034	0.01494	0.05823	0.03287	0.00690	0.00575	0.00175	0.02113	0.07465	0.00355	0.02959
81	0.27630	0.10145	0.28007	0.01174	0.04129	0.08556	0.01178	0.02780	0.01080	0.03726	0.00903	0.02902	0.00723	0.00542	0.00487	0.00159	0.04556	0.00374	0.00280	0.00668

[dist]
# distance from previous block
# <min> <max>
1	4

[block]
# block no. 2 follows, 47 sequences, length 27
# corresponding to MSA columns:
# 189-215
name=unknown_C
#
# <colnr> <probs for GDERKNQSTAVLIFYWHMCP>
#	G	D	E	R	K	N	Q	S	T	A	V	L	I	F	Y	W	H	M	C	P
0	0.01120	0.01033	0.01524	0.12979	0.03578	0.01277	0.05668	0.01320	0.00939	0.02984	0.00898	0.01284	0.00781	0.00803	0.03194	0.00204	0.43096	0.00456	0.06387	0.10475
1	0.01767	0.01312	0.01460	0.01213	0.04982	0.01417	0.00944	0.53828	0.10565	0.05659	0.01400	0.04296	0.01062	0.00647	0.00517	0.00155	0.00528	0.00509	0.00497	0.07242
2	0.01339	0.01109	0.01179	0.01054	0.01353	0.01273	0.00822	0.02758	0.74335	0.05378	0.02117	0.01936	0.01577	0.00704	0.00530	0.00176	0.00413	0.00586	0.00535	0.00827
3	0.02156	0.00896	0.01185	0.00927	0.01304	0.00808	0.00759	0.05824	0.05046	0.66343	0.05840	0.03538	0.01511	0.00688	0.00531	0.00163	0.00435	0.00565	0.00627	0.00854
4	0.00648	0.00462	0.00615	0.00733	0.00767	0.00434	0.00497	0.00744	0.01001	0.01333	0.02835	0.75735	0.03385	0.03526	0.00715	0.00220	0.00316	0.05133	0.00479	0.00423
5	0.81174	0.01027	0.00881	0.00760	0.01093	0.01176	0.04360	0.01538	0.00903	0.02303	0.00742	0.00874	0.00575	0.00481	0.00337	0.00162	0.00427	0.00299	0.00319	0.00571
6	0.00630	0.00469	0.00588	0.00682	0.00744	0.00427	0.00464	0.00730	0.01038	0.01346	0.03394	0.64732	0.19733	0.01563	0.00654	0.00204	0.00294	0.01397	0.00483	0.00427
7	0.00616	0.00525	0.00530	0.00535	0.00705	0.00439	0.00399	0.00747	0.01180	0.01404	0.05188	0.07806	0.75501	0.01330	0.00617	0.00177	0.00265	0.01113	0.00484	0.00439
8	0.01080	0.00926	0.01080	0.00771	0.01234	0.00694	0.00617	0.01311	0.01080	0.01697	0.00926	0.01080	0.00771	0.00386	0.00386	0.00077	0.00386	0.00309	0.00309	0.84882
9	0.00662	0.00472	0.00632	0.00750	0.00790	0.00446	0.00523	0.00769	0.01016	0.01350	0.02827	0.70362	0.03353	0.03512	0.00719	0.00222	0.00328	0.10361	0.00479	0.00427
10	0.85377	0.01007	0.00765	0.00685	0.01007	0.01168	0.00564	0.01531	0.00886	0.02336	0.00725	0.00846	0.00564	0.00483	0.00322	0.00161	0.00403	0.00282	0.00322	0.00564
11	0.01295	0.01119	0.01178	0.01060	0.01354	0.01295	0.00824	0.02767	0.77509	0.02178	0.02120	0.01943	0.01590	0.00707	0.00530	0.00177	0.00412	0.00589	0.00530	0.00824
12	0.85377	0.01007	0.00765	0.00685	0.01007	0.01168	0.00564	0.01531	0.00886	0.02336	0.00725	0.00846	0.00564	0.00483	0.00322	0.00161	0.00403	0.00282	0.00322	0.00564
13	0.01980	0.01459	0.01563	0.01198	0.01615	0.01615	0.00990	0.76713	0.02448	0.03282	0.01250	0.01250	0.00886	0.00625	0.00521	0.00156	0.00573	0.00469	0.00521	0.00886
14	0.01392	0.82012	0.02729	0.00891	0.01337	0.02061	0.00891	0.01559	0.01058	0.01225	0.00724	0.00835	0.00668	0.00446	0.00334	0.00111	0.00557	0.00278	0.00223	0.00668
15	0.00748	0.00501	0.00571	0.00580	0.00582	0.00499	0.00328	0.00755	0.00776	0.01034	0.01734	0.09331	0.02011	0.75614	0.02500	0.00483	0.00489	0.00812	0.00328	0.00324
16	0.02271	0.00870	0.01182	0.00912	0.01298	0.00755	0.00747	0.02464	0.01460	0.75594	0.02037	0.01840	0.01314	0.03995	0.00612	0.00175	0.00446	0.00533	0.00631	0.00863
17	0.00983	0.00926	0.01562	0.80447	0.03587	0.01157	0.01446	0.01331	0.01041	0.01331	0.00926	0.01388	0.00694	0.00521	0.00521	0.00174	0.00694	0.00463	0.00231	0.00579
18	0.01297	0.01113	0.01209	0.01073	0.01344	0.01300	0.00843	0.06758	0.63998	0.02167	0.05394	0.01931	0.01631	0.00734	0.00623	0.00179	0.06518	0.00588	0.00508	0.00793
19	0.00733	0.00492	0.00579	0.00606	0.00613	0.00485	0.00356	0.00748	0.00809	0.01079	0.01898	0.20786	0.02216	0.61870	0.02192	0.02480	0.00458	0.00912	0.00351	0.00337
20	0.69354	0.03177	0.02358	0.08874	0.01329	0.03163	0.00707	0.02971	0.00955	0.02184	0.00761	0.00916	0.00591	0.00490	0.00353	0.00160	0.00460	0.00307	0.00311	0.00579
21	0.00905	0.00452	0.00678	0.00678	0.00678	0.00452	0.00452	0.00678	0.00678	0.00905	0.00905	0.01583	0.00905	0.01809	0.02035	0.84848	0.00452	0.00452	0.00226	0.00226
22	0.01419	0.01377	0.01866	0.05791	0.50972	0.10368	0.01384	0.08903	0.09390	0.01837	0.01103	0.01318	0.00888	0.00516	0.00512	0.00156	0.00633	0.00463	0.00312	0.00795
23	0.01779	0.04259	0.01411	0.01246	0.01501	0.64543	0.00940	0.05283	0.01472	0.01404	0.04417	0.07193	0.01080	0.00645	0.00490	0.00142	0.00833	0.00454	0.00308	0.00599
24	0.01484	0.63635	0.02446	0.00996	0.01389	0.16455	0.00923	0.01642	0.01124	0.01236	0.00737	0.00868	0.00669	0.00483	0.00420	0.00121	0.04190	0.00297	0.00231	0.00652
25	0.01127	0.07097	0.01221	0.00807	0.01241	0.00849	0.00660	0.04431	0.01145	0.01733	0.04349	0.01195	0.00950	0.00443	0.00430	0.00091	0.02346	0.00345	0.00321	0.69220
26	0.01062	0.00971	0.03234	0.09298	0.07275	0.01165	0.00991	0.01376	0.07793	0.01504	0.02788	0.01580	0.01062	0.03042	0.09054	0.00261	0.32864	0.00500	0.13593	0.00586

[dist]
# distance from previous block
# <min> <max>
0	4

[block]
# block no. 3 follows, 47 sequences, length 9
# corresponding to MSA columns:
# 220-228
name=unknown_D
#
# <colnr> <probs for GDERKNQSTAVLIFYWHMCP>
#	G	D	E	R	K	N	Q	S	T	A	V	L	I	F	Y	W	H	M	C	P
0	0.01337	0.22308	0.32227	0.06304	0.02015	0.01515	0.07992	0.17037	0.01374	0.01859	0.00956	0.01109	0.00722	0.00506	0.00472	0.00151	0.00680	0.00400	0.00287	0.00750
1	0.02015	0.04609	0.01351	0.17269	0.01794	0.00905	0.00911	0.02245	0.01378	0.59333	0.01762	0.01651	0.01138	0.00610	0.00514	0.00161	0.00500	0.00500	0.00540	0.00813
2	0.00693	0.00547	0.00592	0.00580	0.00715	0.00496	0.00413	0.00872	0.04155	0.01479	0.17627	0.04358	0.46229	0.17770	0.01030	0.00241	0.00316	0.00980	0.00467	0.00439
3	0.01165	0.24310	0.37011	0.17599	0.04647	0.03934	0.01499	0.01571	0.01091	0.01456	0.00872	0.01086	0.00675	0.00487	0.00455	0.00151	0.00696	0.00372	0.00226	0.00699
4	0.00933	0.00845	0.01384	0.64046	0.03009	0.01020	0.01250	0.01259	0.01130	0.01486	0.16803	0.01903	0.01561	0.00632	0.00540	0.00172	0.00602	0.00561	0.00302	0.00561
5	0.00721	0.00603	0.00659	0.00604	0.00822	0.00494	0.00456	0.00877	0.01167	0.01506	0.09099	0.11069	0.50550	0.01138	0.00573	0.00158	0.00291	0.00961	0.00454	0.17798
6	0.01738	0.00972	0.03448	0.00978	0.03423	0.00902	0.00786	0.18668	0.01656	0.35078	0.19173	0.02116	0.01998	0.00724	0.00533	0.00158	0.00429	0.00599	0.05857	0.00766
7	0.01196	0.01137	0.01902	0.26647	0.52022	0.01216	0.01516	0.01571	0.04711	0.01611	0.01016	0.01350	0.00821	0.00493	0.00518	0.00161	0.00632	0.00469	0.00262	0.00750
8	0.85377	0.01007	0.00765	0.00685	0.01007	0.01168	0.00564	0.01531	0.00886	0.02336	0.00725	0.00846	0.00564	0.00483	0.00322	0.00161	0.00403	0.00282	0.00322	0.00564

[dist]
# distance from previous block
# <min> <max>
0	26

[block]
# block no. 4 follows, 47 sequences, length 8
# corresponding to MSA columns:
# 255-262
name=unknown_E
#
# <colnr> <probs for GDERKNQSTAVLIFYWHMCP>
#	G	D	E	R	K	N	Q	S	T	A	V	L	I	F	Y	W	H	M	C	P
0	0.00853	0.00878	0.08249	0.01022	0.01236	0.00723	0.11542	0.03070	0.01203	0.01650	0.20757	0.26653	0.06153	0.04493	0.00741	0.00202	0.02733	0.06877	0.00436	0.00529
1	0.01144	0.01089	0.01851	0.39929	0.42852	0.01199	0.01526	0.01471	0.01117	0.01525	0.00954	0.01336	0.00763	0.00491	0.00518	0.00164	0.00655	0.00463	0.00245	0.00708
2	0.01801	0.01362	0.01515	0.04352	0.05162	0.01505	0.00997	0.61945	0.07229	0.02974	0.01467	0.01476	0.04475	0.00651	0.00526	0.00159	0.00555	0.00505	0.00496	0.00846
3	0.01189	0.01103	0.01864	0.30677	0.39388	0.01189	0.05585	0.05168	0.01171	0.01602	0.00974	0.01345	0.00783	0.00563	0.00605	0.04712	0.00649	0.00471	0.00260	0.00700
4	0.00664	0.00519	0.00603	0.00617	0.00750	0.00459	0.00458	0.00826	0.01238	0.01597	0.25773	0.17705	0.41106	0.01304	0.00628	0.00181	0.00274	0.04337	0.00509	0.00453
5	0.01392	0.82012	0.02729	0.00891	0.01337	0.02061	0.00891	0.01559	0.01058	0.01225	0.00724	0.00835	0.00668	0.00446	0.00334	0.00111	0.00557	0.00278	0.00223	0.00668
6	0.00712	0.00531	0.00662	0.00629	0.00763	0.00481	0.00472	0.00935	0.01416	0.01950	0.63352	0.04118	0.19823	0.01116	0.00614	0.00166	0.00249	0.00974	0.00555	0.00481
7	0.85377	0.01007	0.00765	0.00685	0.01007	0.01168	0.00564	0.01531	0.00886	0.02336	0.00725	0.00846	0.00564	0.00483	0.00322	0.00161	0.00403	0.00282	0.00322	0.00564

[dist]
# distance from previous block
# <min> <max>
4	7

[block]
# block no. 5 follows, 47 sequences, length 137
# corresponding to MSA columns:
# 270-394,396-407
name=unknown_F
#
# <colnr> <probs for GDERKNQSTAVLIFYWHMCP>
#	G	D	E	R	K	N	Q	S	T	A	V	L	I	F	Y	W	H	M	C	P
0	0.41046	0.02582	0.11385	0.20034	0.04130	0.03158	0.00988	0.01490	0.00995	0.01907	0.00889	0.01113	0.00682	0.00504	0.00406	0.00160	0.00532	0.00362	0.07038	0.00599
1	0.07690	0.19313	0.42413	0.01323	0.06203	0.04466	0.01426	0.01568	0.01094	0.01576	0.01152	0.01286	0.05781	0.00545	0.00478	0.00153	0.02173	0.00405	0.00250	0.00703
2	0.01314	0.06432	0.01454	0.04461	0.05890	0.04600	0.04234	0.14795	0.01326	0.05148	0.01234	0.10328	0.01114	0.00750	0.02758	0.00163	0.08124	0.00529	0.00357	0.24988
3	0.01120	0.01113	0.01591	0.11137	0.01641	0.01541	0.01177	0.01263	0.00828	0.01263	0.00714	0.01170	0.00685	0.00863	0.01562	0.00221	0.70856	0.00457	0.00228	0.00571
4	0.00747	0.00546	0.00778	0.00778	0.00850	0.00619	0.00577	0.00892	0.00819	0.01165	0.01449	0.02347	0.01432	0.21079	0.62640	0.00764	0.01198	0.00602	0.00287	0.00432
5	0.00757	0.00505	0.00568	0.00568	0.00568	0.00505	0.00316	0.00757	0.00757	0.01010	0.01641	0.03408	0.01893	0.81698	0.02651	0.00505	0.00505	0.00757	0.00316	0.00316
6	0.00711	0.00584	0.00600	0.00594	0.00758	0.02612	0.00442	0.00858	0.01228	0.03311	0.15491	0.11141	0.57291	0.01271	0.00613	0.00176	0.00287	0.01074	0.00495	0.00461
7	0.01945	0.02482	0.01476	0.01342	0.01610	0.79608	0.01006	0.02079	0.01476	0.01275	0.00805	0.00939	0.00671	0.00537	0.00470	0.00134	0.00939	0.00335	0.00268	0.00604
8	0.00732	0.00532	0.00689	0.00650	0.00775	0.00489	0.00487	0.00973	0.01462	0.02059	0.75029	0.03938	0.08078	0.01076	0.00614	0.00164	0.00246	0.00949	0.00569	0.00489
9	0.02336	0.00886	0.01209	0.00927	0.01329	0.00765	0.00765	0.02538	0.01491	0.78810	0.02055	0.01773	0.01289	0.00645	0.00524	0.00161	0.00443	0.00524	0.00645	0.00886
10	0.01431	0.76699	0.02652	0.00911	0.01355	0.02031	0.00898	0.06516	0.01150	0.01361	0.00759	0.00863	0.00683	0.00457	0.00346	0.00114	0.00558	0.00291	0.00242	0.00683
11	0.00653	0.00529	0.00581	0.00588	0.00736	0.00463	0.00433	0.00824	0.02644	0.01532	0.17854	0.15630	0.53088	0.01307	0.00621	0.00179	0.00269	0.01116	0.00500	0.00454
12	0.01139	0.01139	0.01595	0.01367	0.01367	0.01595	0.01139	0.01253	0.00798	0.01253	0.00684	0.01139	0.00684	0.00911	0.01709	0.00228	0.80745	0.00456	0.00228	0.00570
13	0.00634	0.00453	0.00604	0.00725	0.00755	0.00423	0.00483	0.00725	0.00997	0.01329	0.02870	0.81358	0.03444	0.01632	0.00665	0.00211	0.00302	0.01480	0.00483	0.00423
14	0.01945	0.01442	0.01544	0.01191	0.01602	0.01599	0.00982	0.73005	0.06213	0.03227	0.01294	0.01285	0.00921	0.00629	0.00521	0.00157	0.00565	0.00475	0.00521	0.00883
15	0.02336	0.00886	0.01209	0.00927	0.01329	0.00765	0.00765	0.02538	0.01491	0.78810	0.02055	0.01773	0.01289	0.00645	0.00524	0.00161	0.00443	0.00524	0.00645	0.00886
16	0.01289	0.01237	0.02114	0.03196	0.78450	0.01237	0.01598	0.01598	0.01186	0.01701	0.00980	0.01289	0.00825	0.00464	0.00516	0.00155	0.00619	0.00464	0.00258	0.00825
17	0.02336	0.00886	0.01209	0.00927	0.01329	0.00765	0.00765	0.02538	0.01491	0.78810	0.02055	0.01773	0.01289	0.00645	0.00524	0.00161	0.00443	0.00524	0.00645	0.00886
18	0.85377	0.01007	0.00765	0.00685	0.01007	0.01168	0.00564	0.01531	0.00886	0.02336	0.00725	0.00846	0.00564	0.00483	0.00322	0.00161	0.00403	0.00282	0.00322	0.00564
19	0.00774	0.00579	0.00797	0.00782	0.00838	0.00664	0.00571	0.00894	0.00808	0.01145	0.01430	0.02442	0.01459	0.29730	0.48744	0.00686	0.06331	0.00618	0.00288	0.00422
20	0.00775	0.00602	0.00845	0.00824	0.00899	0.00703	0.00627	0.00921	0.00844	0.01195	0.01623	0.02372	0.06411	0.15776	0.54879	0.00683	0.08663	0.00616	0.00293	0.00449
21	0.02310	0.00929	0.01235	0.00947	0.01351	0.00829	0.00782	0.08124	0.01563	0.73122	0.01994	0.01733	0.01259	0.00643	0.00523	0.00161	0.00453	0.00520	0.00635	0.00886
22	0.06829	0.01357	0.01470	0.01133	0.01542	0.01477	0.00936	0.62551	0.02232	0.13240	0.01327	0.01296	0.00921	0.00620	0.00510	0.00157	0.00546	0.00465	0.00526	0.00867
23	0.02441	0.00925	0.01528	0.31354	0.21698	0.01010	0.04506	0.01338	0.01133	0.01527	0.01513	0.02755	0.01448	0.00789	0.00582	0.00189	0.00611	0.23721	0.00318	0.00615
24	0.00767	0.00590	0.00875	0.00862	0.00948	0.00702	0.00672	0.00945	0.00833	0.01207	0.01359	0.02022	0.01278	0.05333	0.73564	0.00795	0.05946	0.00556	0.00277	0.00468
25	0.01289	0.01237	0.02114	0.03196	0.78450	0.01237	0.01598	0.01598	0.01186	0.01701	0.00980	0.01289	0.00825	0.00464	0.00516	0.00155	0.00619	0.00464	0.00258	0.00825
26	0.03150	0.01056	0.01737	0.48595	0.29739	0.01202	0.01462	0.04108	0.01138	0.01554	0.00951	0.01336	0.00744	0.00504	0.00514	0.00166	0.00656	0.00459	0.00253	0.00676
27	0.00741	0.00504	0.00573	0.00581	0.00595	0.00498	0.00337	0.00758	0.00799	0.01057	0.01927	0.08616	0.06381	0.70346	0.03830	0.00473	0.00494	0.00821	0.00336	0.00333
28	0.85377	0.01007	0.00765	0.00685	0.01007	0.01168	0.00564	0.01531	0.00886	0.02336	0.00725	0.00846	0.00564	0.00483	0.00322	0.00161	0.00403	0.00282	0.00322	0.00564
29	0.01885	0.02313	0.01540	0.01510	0.08866	0.68315	0.01061	0.05759	0.01497	0.01415	0.00844	0.00988	0.00696	0.00534	0.00476	0.00137	0.00891	0.00354	0.00280	0.00639
30	0.00647	0.00458	0.00601	0.00709	0.00736	0.00431	0.00466	0.00728	0.00973	0.01297	0.02746	0.73448	0.03287	0.09757	0.00866	0.00241	0.00323	0.01407	0.00466	0.00412
31	0.01029	0.00541	0.00547	0.00526	0.00665	0.00550	0.00400	0.05561	0.01170	0.02019	0.01673	0.01902	0.01309	0.00608	0.00373	0.00123	0.00262	0.00484	0.79748	0.00508
32	0.00744	0.00558	0.00837	0.00837	0.00930	0.00651	0.00651	0.00930	0.00837	0.01209	0.01395	0.02046	0.01302	0.03906	0.79635	0.00837	0.01395	0.00558	0.00279	0.00465
33	0.00730	0.00532	0.00686	0.00648	0.00774	0.00488	0.00486	0.00969	0.01457	0.02048	0.73808	0.03957	0.09306	0.01080	0.00614	0.00165	0.00247	0.00951	0.00568	0.00488
34	0.00651	0.00509	0.00559	0.00580	0.00694	0.00451	0.00404	0.00758	0.01092	0.01362	0.08377	0.19457	0.46275	0.15318	0.00978	0.00239	0.00312	0.01105	0.00460	0.00418
35	0.85377	0.01007	0.00765	0.00685	0.01007	0.01168	0.00564	0.01531	0.00886	0.02336	0.00725	0.00846	0.00564	0.00483	0.00322	0.00161	0.00403	0.00282	0.00322	0.00564
36	0.02314	0.00922	0.01230	0.00943	0.01347	0.00818	0.00779	0.07136	0.01550	0.74129	0.02005	0.01740	0.01264	0.00643	0.00524	0.00161	0.00451	0.00520	0.00637	0.00886
37	0.00634	0.00453	0.00604	0.00725	0.00755	0.00423	0.00483	0.00725	0.00997	0.01329	0.02870	0.81358	0.03444	0.01632	0.00665	0.00211	0.00302	0.01480	0.00483	0.00423
38	0.01159	0.01241	0.02515	0.26334	0.10382	0.01260	0.46162	0.01558	0.01167	0.01568	0.01007	0.01388	0.00764	0.00467	0.00576	0.00173	0.00796	0.00553	0.00253	0.00676
39	0.20921	0.00913	0.01109	0.00872	0.01257	0.00856	0.00720	0.02313	0.01355	0.61695	0.01757	0.01565	0.01127	0.00608	0.00479	0.00161	0.00434	0.00470	0.00572	0.00814
40	0.00757	0.00505	0.00568	0.00568	0.00568	0.00505	0.00316	0.00757	0.00757	0.01010	0.01641	0.03408	0.01893	0.81698	0.02651	0.00505	0.00505	0.00757	0.00316	0.00316
41	0.00804	0.00606	0.00861	0.06044	0.01081	0.00596	0.04962	0.00923	0.01028	0.01325	0.05056	0.05831	0.19380	0.16321	0.03009	0.12134	0.00477	0.18756	0.00384	0.00422
42	0.67278	0.01000	0.00914	0.10641	0.01365	0.01152	0.00698	0.03482	0.00985	0.07279	0.00851	0.00985	0.00636	0.00502	0.00365	0.00163	0.00446	0.00325	0.00337	0.00595
43	0.01139	0.01139	0.01595	0.01367	0.01367	0.01595	0.01139	0.01253	0.00798	0.01253	0.00684	0.01139	0.00684	0.00911	0.01709	0.00228	0.80745	0.00456	0.00228	0.00570
44	0.02900	0.01420	0.08869	0.16364	0.03582	0.05544	0.19309	0.12800	0.04537	0.01775	0.00999	0.01283	0.00777	0.00600	0.00774	0.00179	0.16818	0.00487	0.00297	0.00685
45	0.01909	0.07727	0.01558	0.01312	0.01592	0.74493	0.00999	0.02045	0.01448	0.01271	0.00800	0.00932	0.00671	0.00531	0.00461	0.00133	0.00914	0.00332	0.00265	0.00608
46	0.01125	0.01248	0.05104	0.33421	0.06031	0.01251	0.39647	0.01523	0.01140	0.01527	0.00989	0.01378	0.00747	0.00483	0.00588	0.00174	0.02181	0.00537	0.00248	0.00658
47	0.01437	0.75643	0.02629	0.00927	0.01358	0.08270	0.00900	0.01601	0.01092	0.01229	0.00730	0.00844	0.00669	0.00453	0.00345	0.00113	0.00588	0.00283	0.00226	0.00663
48	0.00670	0.00478	0.00632	0.00743	0.00786	0.00453	0.00519	0.00775	0.01011	0.01340	0.02810	0.64670	0.04467	0.07026	0.00806	0.00235	0.00339	0.11346	0.00472	0.00424
49	0.01075	0.01019	0.01727	0.57394	0.25927	0.01181	0.01492	0.01410	0.01084	0.01441	0.00942	0.01359	0.00733	0.00504	0.00519	0.00168	0.00672	0.00463	0.00239	0.00652
50	0.00641	0.00533	0.00563	0.00567	0.00735	0.00455	0.00433	0.00790	0.01213	0.01476	0.11403	0.04972	0.66946	0.01305	0.00622	0.00179	0.00276	0.05956	0.00491	0.00447
51	0.01216	0.01162	0.01981	0.21747	0.60472	0.01218	0.01562	0.01534	0.01151	0.01612	0.00967	0.01313	0.00794	0.00478	0.00517	0.00159	0.00637	0.00464	0.00251	0.00766
52	0.00720	0.00529	0.00660	0.00628	0.00750	0.00484	0.00462	0.00928	0.01372	0.01896	0.60717	0.04026	0.16059	0.07569	0.00778	0.00193	0.00269	0.00951	0.00539	0.00469
53	0.01776	0.26818	0.01859	0.01204	0.01526	0.55878	0.00971	0.01920	0.01348	0.01259	0.00780	0.00907	0.00670	0.00509	0.00428	0.00127	0.00822	0.00318	0.00254	0.00623
54	0.41356	0.17238	0.25180	0.00985	0.01467	0.03115	0.01055	0.01585	0.00998	0.01887	0.00791	0.00924	0.00616	0.00481	0.00381	0.00152	0.00557	0.00314	0.00270	0.00648
55	0.82387	0.01021	0.00847	0.00738	0.01068	0.01174	0.03264	0.01536	0.00898	0.02313	0.00737	0.00866	0.00572	0.00482	0.00333	0.00162	0.00420	0.00294	0.00320	0.00569
56	0.02405	0.15626	0.52641	0.01398	0.06365	0.01299	0.01578	0.01595	0.01092	0.01597	0.00898	0.01060	0.00681	0.00473	0.00455	0.00146	0.00680	0.00362	0.00233	0.09414
57	0.00905	0.00452	0.00678	0.00678	0.00678	0.00452	0.00452	0.00678	0.00678	0.00905	0.00905	0.01583	0.00905	0.01809	0.02035	0.84848	0.00452	0.00452	0.00226	0.00226
58	0.02422	0.02145	0.54185	0.06362	0.05169	0.01161	0.04273	0.01672	0.07857	0.01724	0.07119	0.01425	0.01088	0.00556	0.00511	0.00166	0.00684	0.00461	0.00280	0.00737
59	0.00964	0.00810	0.02355	0.00825	0.01033	0.00824	0.00644	0.03545	0.29741	0.02031	0.34706	0.07279	0.11203	0.00967	0.00581	0.00172	0.00331	0.00833	0.00535	0.00621
60	0.00789	0.00521	0.00669	0.00664	0.00746	0.00539	0.00480	0.00932	0.00993	0.01458	0.15823	0.04181	0.05166	0.17577	0.26689	0.05319	0.00682	0.00687	0.15656	0.00429
61	0.01482	0.09471	0.01512	0.02691	0.01464	0.03310	0.00877	0.29899	0.02783	0.02186	0.01016	0.01143	0.00803	0.00555	0.00592	0.00133	0.09785	0.00391	0.00372	0.29535
62	0.01233	0.01466	0.09911	0.02488	0.29926	0.01278	0.42526	0.01641	0.01201	0.01678	0.01016	0.01334	0.00790	0.00453	0.00568	0.00167	0.00774	0.00539	0.00257	0.00753
63	0.00772	0.00540	0.00707	0.00661	0.00790	0.00497	0.00497	0.01017	0.01474	0.03783	0.76494	0.03843	0.04834	0.01055	0.00612	0.00164	0.00250	0.00933	0.00575	0.00500
64	0.01295	0.01119	0.01178	0.01060	0.01354	0.01295	0.00824	0.02767	0.77509	0.02178	0.02120	0.01943	0.01590	0.00707	0.00530	0.00177	0.00412	0.00589	0.00530	0.00824
65	0.02336	0.00886	0.01209	0.00927	0.01329	0.00765	0.00765	0.02538	0.01491	0.78810	0.02055	0.01773	0.01289	0.00645	0.00524	0.00161	0.00443	0.00524	0.00645	0.00886
66	0.00743	0.00495	0.00631	0.00704	0.00784	0.00448	0.00487	0.00849	0.01062	0.06453	0.03232	0.62912	0.16231	0.01512	0.00647	0.00202	0.00305	0.01351	0.00494	0.00456
67	0.00971	0.00485	0.00485	0.00485	0.00607	0.00485	0.00364	0.01213	0.01092	0.01942	0.01699	0.01942	0.01335	0.00607	0.00364	0.00121	0.00243	0.00485	0.84589	0.00485
68	0.00724	0.00544	0.00605	0.00581	0.00752	0.00468	0.00439	0.00892	0.01282	0.04942	0.25920	0.04552	0.54012	0.01217	0.00611	0.00172	0.00266	0.01029	0.00516	0.00474
69	0.85377	0.01007	0.00765	0.00685	0.01007	0.01168	0.00564	0.01531	0.00886	0.02336	0.00725	0.00846	0.00564	0.00483	0.00322	0.00161	0.00403	0.00282	0.00322	0.00564
70	0.01945	0.02482	0.01476	0.01342	0.01610	0.79608	0.01006	0.02079	0.01476	0.01275	0.00805	0.00939	0.00671	0.00537	0.00470	0.00134	0.00939	0.00335	0.00268	0.00604
71	0.06207	0.00925	0.01208	0.00931	0.01331	0.00833	0.00769	0.06762	0.01517	0.70877	0.01946	0.01699	0.01232	0.00636	0.00514	0.00161	0.00449	0.00509	0.00622	0.00871
72	0.01287	0.01243	0.02147	0.03162	0.75855	0.01240	0.04166	0.01601	0.01187	0.01700	0.00982	0.01293	0.00824	0.00463	0.00519	0.00155	0.00628	0.00469	0.00258	0.00821
73	0.00748	0.00542	0.00756	0.00756	0.00821	0.00607	0.00550	0.00878	0.00813	0.01149	0.01469	0.02454	0.01479	0.27233	0.56550	0.00737	0.01128	0.00618	0.00290	0.00420
74	0.00757	0.00505	0.00568	0.00568	0.00568	0.00505	0.00316	0.00757	0.00757	0.01010	0.01641	0.03408	0.01893	0.81698	0.02651	0.00505	0.00505	0.00757	0.00316	0.00316
75	0.85377	0.01007	0.00765	0.00685	0.01007	0.01168	0.00564	0.01531	0.00886	0.02336	0.00725	0.00846	0.00564	0.00483	0.00322	0.00161	0.00403	0.00282	0.00322	0.00564
76	0.85377	0.01007	0.00765	0.00685	0.01007	0.01168	0.00564	0.01531	0.00886	0.02336	0.00725	0.00846	0.00564	0.00483	0.00322	0.00161	0.00403	0.00282	0.00322	0.00564
77	0.85377	0.01007	0.00765	0.00685	0.01007	0.01168	0.00564	0.01531	0.00886	0.02336	0.00725	0.00846	0.00564	0.00483	0.00322	0.00161	0.00403	0.00282	0.00322	0.00564
78	0.00839	0.00599	0.00839	0.00959	0.01079	0.00599	0.00839	0.01079	0.01199	0.01558	0.02757	0.05874	0.02997	0.01439	0.00719	0.00240	0.00480	0.74945	0.00480	0.00480
79	0.01267	0.01210	0.02062	0.05785	0.73888	0.01218	0.01573	0.01576	0.01181	0.01685	0.01024	0.01411	0.00876	0.00491	0.00521	0.00158	0.00618	0.02386	0.00263	0.00808
80	0.00615	0.00528	0.00528	0.00528	0.00703	0.00440	0.00396	0.00747	0.01187	0.01407	0.05276	0.05012	0.78238	0.01319	0.00615	0.00176	0.00264	0.01099	0.00484	0.00440
81	0.01331	0.01069	0.01151	0.01027	0.01319	0.01213	0.00801	0.02647	0.68011	0.07227	0.06601	0.02047	0.01766	0.00724	0.00534	0.00175	0.00404	0.00605	0.00540	0.00809
82	0.01080	0.00926	0.01080	0.00771	0.01234	0.00694	0.00617	0.01311	0.01080	0.01697	0.00926	0.01080	0.00771	0.00386	0.00386	0.00077	0.00386	0.00309	0.00309	0.84882
83	0.01677	0.01919	0.01353	0.01225	0.01504	0.47247	0.00931	0.02364	0.32895	0.01648	0.01348	0.01354	0.01051	0.00607	0.00494	0.00152	0.00721	0.00440	0.00376	0.00695
84	0.02295	0.00877	0.01195	0.00919	0.01315	0.00758	0.00758	0.02497	0.01490	0.76801	0.04048	0.01828	0.01384	0.00656	0.00526	0.00161	0.00438	0.00535	0.00643	0.00876
85	0.01396	0.60944	0.02359	0.00963	0.01336	0.10118	0.00897	0.02724	0.01120	0.01297	0.03253	0.01097	0.03157	0.00540	0.00478	0.00127	0.06950	0.00347	0.00251	0.00645
86	0.01080	0.00926	0.01080	0.00771	0.01234	0.00694	0.00617	0.01311	0.01080	0.01697	0.00926	0.01080	0.00771	0.00386	0.00386	0.00077	0.00386	0.00309	0.00309	0.84882
87	0.09620	0.00940	0.01111	0.05909	0.01272	0.01045	0.03383	0.24012	0.01369	0.01999	0.02761	0.03409	0.01278	0.22517	0.05743	0.00294	0.05167	0.00565	0.07021	0.00585
88	0.05222	0.06971	0.01572	0.01184	0.01560	0.19353	0.00963	0.48598	0.05313	0.02605	0.01131	0.01166	0.00840	0.00591	0.00489	0.00149	0.00642	0.00424	0.00436	0.00792
89	0.79024	0.01005	0.00817	0.04913	0.01151	0.01171	0.00617	0.01548	0.02615	0.02280	0.00767	0.00899	0.00594	0.00490	0.00337	0.00162	0.00418	0.00298	0.00322	0.00571
90	0.01724	0.24697	0.01888	0.01310	0.07293	0.32031	0.01007	0.19266	0.01550	0.01759	0.00910	0.01029	0.00744	0.00590	0.01943	0.00148	0.00730	0.00364	0.00314	0.00702
91	0.00681	0.00478	0.00613	0.00687	0.00714	0.00467	0.00447	0.00752	0.00911	0.01223	0.02372	0.51004	0.02792	0.25991	0.08064	0.00354	0.00457	0.01183	0.00415	0.00394
92	0.01049	0.02660	0.77012	0.01503	0.02266	0.01212	0.03879	0.01650	0.01103	0.01650	0.00938	0.01107	0.00663	0.00493	0.00498	0.00165	0.00772	0.00391	0.00221	0.00768
93	0.00784	0.00545	0.00717	0.00678	0.00808	0.00504	0.00516	0.01028	0.01460	0.04041	0.72358	0.03937	0.04722	0.01073	0.00617	0.00168	0.00263	0.04712	0.00570	0.00501
94	0.00737	0.00532	0.00696	0.00655	0.00778	0.00491	0.00491	0.00983	0.01474	0.02088	0.78175	0.03890	0.04914	0.01065	0.00614	0.00164	0.00246	0.00942	0.00573	0.00491
95	0.00738	0.00606	0.00633	0.00601	0.00790	0.00546	0.00457	0.05839	0.03384	0.01629	0.13212	0.04552	0.62710	0.01228	0.00607	0.00173	0.00286	0.01026	0.00498	0.00485
96	0.00633	0.00459	0.00598	0.00709	0.00751	0.00424	0.00476	0.00727	0.01013	0.01336	0.03072	0.74963	0.09710	0.01605	0.00661	0.00209	0.00299	0.01449	0.00483	0.00424
97	0.01306	0.01361	0.02895	0.02169	0.06991	0.01276	0.67243	0.01721	0.01244	0.06758	0.01115	0.01422	0.00825	0.00454	0.00603	0.00173	0.00834	0.00600	0.00288	0.00722
