[name]
unknown

[dist]
# distance from previous block
# <min> <max>
10	143

[block]
# block no. 0 follows, 44 sequences, length 28
# corresponding to MSA columns:
# 190-217
name=unknown_A
#
# <colnr> <probs for GDERKNQSTAVLIFYWHMCP>
#	G	D	E	R	K	N	Q	S	T	A	V	L	I	F	Y	W	H	M	C	P
0	0.09846	0.01207	0.06486	0.06759	0.03473	0.01132	0.00926	0.14676	0.08409	0.02115	0.01395	0.01518	0.05267	0.00608	0.00560	0.00147	0.05584	0.00461	0.02760	0.26670
1	0.00995	0.06314	0.03030	0.00926	0.04720	0.02774	0.00697	0.10691	0.01354	0.01711	0.03364	0.17467	0.32087	0.05015	0.00719	0.00203	0.00425	0.06486	0.00460	0.00564
2	0.01691	0.03211	0.01459	0.05956	0.03398	0.08023	0.00970	0.32492	0.22510	0.04504	0.01525	0.01539	0.01132	0.00648	0.00524	0.00163	0.00562	0.00507	0.06172	0.03015
3	0.00893	0.00665	0.00988	0.06292	0.02590	0.00655	0.06361	0.01092	0.03459	0.05775	0.04266	0.42093	0.07343	0.09962	0.04707	0.00272	0.00483	0.01136	0.00450	0.00518
4	0.03436	0.57776	0.11167	0.01075	0.01528	0.08919	0.01076	0.01670	0.01129	0.01368	0.00788	0.00938	0.00697	0.00515	0.00480	0.00135	0.06045	0.00322	0.00240	0.00696
5	0.01510	0.36822	0.05928	0.01011	0.01408	0.01437	0.04985	0.01777	0.03969	0.18049	0.06702	0.01657	0.01323	0.06244	0.04791	0.00210	0.00601	0.00484	0.00379	0.00713
6	0.00680	0.00491	0.00647	0.00758	0.00807	0.00457	0.00522	0.00794	0.01091	0.01450	0.07006	0.68885	0.07211	0.01650	0.00694	0.00219	0.00321	0.05355	0.00511	0.00451
7	0.00883	0.00664	0.00800	0.00804	0.00921	0.00672	0.00581	0.09956	0.02897	0.01708	0.08909	0.41927	0.14051	0.06258	0.03858	0.00248	0.02668	0.01183	0.00493	0.00518
8	0.03695	0.06994	0.09406	0.05073	0.01859	0.01552	0.05091	0.47601	0.02059	0.09432	0.01272	0.01318	0.00903	0.00611	0.00530	0.00164	0.00627	0.00477	0.00470	0.00866
9	0.01794	0.08788	0.03708	0.07848	0.01732	0.13102	0.01013	0.34485	0.01869	0.09961	0.01520	0.03995	0.05054	0.00684	0.00526	0.00160	0.00627	0.00523	0.01827	0.00784
10	0.00749	0.00512	0.00618	0.00661	0.00676	0.00505	0.00404	0.00788	0.00881	0.01179	0.02145	0.29649	0.02510	0.50958	0.05027	0.00438	0.00493	0.01042	0.00389	0.00375
11	0.01130	0.00969	0.01130	0.00807	0.01292	0.00727	0.00646	0.01373	0.01130	0.01776	0.00969	0.01130	0.00807	0.00404	0.00404	0.00081	0.00404	0.00323	0.00323	0.84173
12	0.72902	0.01048	0.00855	0.00748	0.01087	0.01193	0.00615	0.05128	0.01049	0.06733	0.00903	0.01005	0.00681	0.00528	0.00361	0.00167	0.00426	0.00327	0.03622	0.00622
13	0.01030	0.00969	0.01635	0.79530	0.03755	0.01211	0.01514	0.01393	0.01090	0.01393	0.00969	0.01453	0.00727	0.00545	0.00545	0.00182	0.00727	0.00484	0.00242	0.00606
14	0.05488	0.01295	0.04100	0.47456	0.13552	0.10236	0.01423	0.03979	0.01196	0.01569	0.00953	0.01330	0.00741	0.00556	0.00578	0.00175	0.03991	0.00457	0.00265	0.00661
15	0.04169	0.01425	0.06509	0.01092	0.01465	0.13679	0.00924	0.19110	0.06169	0.18969	0.07188	0.03085	0.03192	0.00712	0.00535	0.00162	0.00570	0.02626	0.02851	0.05570
16	0.01246	0.01624	0.13117	0.02152	0.02725	0.01339	0.63492	0.01723	0.01276	0.01756	0.03294	0.01504	0.00934	0.00486	0.00627	0.00182	0.00885	0.00621	0.00279	0.00738
17	0.00843	0.00591	0.00644	0.00609	0.00812	0.00501	0.00464	0.01001	0.01307	0.09398	0.12632	0.04776	0.61914	0.01280	0.00634	0.00181	0.00293	0.01072	0.00533	0.00514
18	0.01122	0.09593	0.03512	0.01096	0.03664	0.05181	0.04409	0.07464	0.09199	0.01661	0.02098	0.28656	0.05489	0.06571	0.00817	0.00213	0.05308	0.02923	0.00418	0.00607
19	0.01265	0.22280	0.47576	0.01452	0.02116	0.06775	0.07993	0.01735	0.01179	0.01590	0.00925	0.01098	0.00705	0.00503	0.00485	0.00157	0.00772	0.00392	0.00238	0.00761
20	0.00677	0.00496	0.00624	0.00711	0.00771	0.00456	0.00481	0.00784	0.01091	0.01436	0.08437	0.58456	0.14796	0.07062	0.00827	0.00233	0.00321	0.01398	0.00501	0.00443
21	0.00701	0.00520	0.00659	0.00742	0.00815	0.00487	0.00516	0.00870	0.03589	0.01525	0.11567	0.58289	0.12886	0.01565	0.00680	0.00211	0.00313	0.03079	0.00518	0.00468
22	0.01221	0.01178	0.01645	0.45356	0.04476	0.08978	0.06709	0.05079	0.01206	0.01577	0.01041	0.01432	0.00810	0.00592	0.00648	0.00176	0.08161	0.00485	0.08602	0.00628
23	0.00681	0.00511	0.00656	0.00747	0.00803	0.00486	0.00514	0.00789	0.01083	0.01426	0.05645	0.64225	0.14674	0.01616	0.00721	0.00215	0.02816	0.01438	0.00501	0.00453
24	0.00684	0.00501	0.00640	0.00733	0.00797	0.00463	0.00508	0.00802	0.01112	0.01463	0.08650	0.58247	0.14086	0.03848	0.00747	0.00223	0.00322	0.05217	0.00508	0.00450
25	0.74168	0.01038	0.00861	0.00749	0.01097	0.01169	0.00617	0.01737	0.01009	0.12090	0.00937	0.01010	0.00688	0.00528	0.00364	0.00169	0.00427	0.00328	0.00381	0.00634
26	0.05174	0.01103	0.06386	0.05060	0.01487	0.00824	0.00787	0.01435	0.02417	0.01794	0.00981	0.01153	0.00799	0.00430	0.00418	0.00098	0.00450	0.00341	0.00317	0.68546
27	0.01093	0.00744	0.00978	0.02126	0.01144	0.00654	0.03003	0.04060	0.01213	0.11375	0.03499	0.39711	0.04465	0.01121	0.00589	0.00172	0.00392	0.00997	0.00472	0.22193

[dist]
# distance from previous block
# <min> <max>
0	2

[block]
# block no. 1 follows, 44 sequences, length 27
# corresponding to MSA columns:
# 220-246
name=unknown_B
#
# <colnr> <probs for GDERKNQSTAVLIFYWHMCP>
#	G	D	E	R	K	N	Q	S	T	A	V	L	I	F	Y	W	H	M	C	P
0	0.01291	0.00965	0.01167	0.00934	0.04091	0.00788	0.00704	0.05701	0.01245	0.09734	0.01256	0.05881	0.01074	0.03225	0.00528	0.00121	0.00429	0.00449	0.00381	0.60037
1	0.01160	0.00704	0.00921	0.00931	0.01111	0.00688	0.00772	0.02891	0.05163	0.14489	0.04223	0.07664	0.06944	0.08230	0.00870	0.00250	0.00471	0.41416	0.00522	0.00581
2	0.00853	0.00662	0.00867	0.00899	0.04674	0.00603	0.02190	0.02432	0.01060	0.01461	0.02282	0.38314	0.05222	0.18736	0.01088	0.00258	0.00415	0.02327	0.00419	0.15237
3	0.01130	0.00969	0.01130	0.00807	0.01292	0.00727	0.00646	0.01373	0.01130	0.01776	0.00969	0.01130	0.00807	0.00404	0.00404	0.00081	0.00404	0.00323	0.00323	0.84173
4	0.00763	0.00531	0.00654	0.00699	0.00808	0.00476	0.00495	0.00899	0.01197	0.05368	0.14034	0.43982	0.25128	0.01478	0.00666	0.00201	0.00304	0.01305	0.00528	0.00482
5	0.00761	0.00524	0.00646	0.00706	0.00734	0.00513	0.00465	0.00827	0.00941	0.01249	0.02315	0.30072	0.02692	0.43125	0.01792	0.00386	0.00453	0.10993	0.00413	0.00392
6	0.00705	0.00527	0.00656	0.00682	0.00789	0.00477	0.00489	0.00879	0.01300	0.01747	0.35063	0.31324	0.20598	0.01383	0.00662	0.00192	0.00282	0.01222	0.00546	0.00477
7	0.00858	0.00680	0.00987	0.00948	0.01031	0.00834	0.00750	0.01044	0.00883	0.01312	0.01355	0.01981	0.01259	0.03403	0.62191	0.00734	0.14195	0.00563	0.04485	0.00506
8	0.84691	0.01054	0.00801	0.00717	0.01054	0.01223	0.00590	0.01603	0.00928	0.02446	0.00759	0.00886	0.00590	0.00506	0.00337	0.00169	0.00422	0.00295	0.00337	0.00590
9	0.59898	0.04552	0.01051	0.04672	0.01291	0.01248	0.00705	0.07961	0.01135	0.07157	0.00916	0.01025	0.00691	0.00524	0.00383	0.00162	0.00461	0.00339	0.00366	0.05465
10	0.01804	0.00961	0.01190	0.00925	0.01329	0.00856	0.00748	0.05561	0.09579	0.38985	0.05566	0.01885	0.04208	0.00654	0.00518	0.00147	0.00433	0.00535	0.00550	0.23565
11	0.02136	0.01358	0.01520	0.01168	0.01593	0.01448	0.00964	0.56301	0.02288	0.21251	0.01522	0.01458	0.01040	0.00659	0.00542	0.00164	0.00559	0.00505	0.02607	0.00917
12	0.01437	0.01255	0.01276	0.01132	0.01449	0.04509	0.00884	0.08304	0.67900	0.02329	0.02095	0.01937	0.01570	0.00726	0.00551	0.00182	0.00466	0.00596	0.00543	0.00858
13	0.80644	0.01048	0.00824	0.00729	0.01071	0.01202	0.00601	0.01654	0.00959	0.06155	0.00828	0.00933	0.00628	0.00514	0.00348	0.00169	0.00424	0.00308	0.00354	0.00607
14	0.01349	0.01295	0.02213	0.03346	0.77440	0.01295	0.01673	0.01673	0.01241	0.01781	0.01025	0.01349	0.00864	0.00486	0.00540	0.00162	0.00648	0.00486	0.00270	0.00864
15	0.01400	0.01193	0.01257	0.01118	0.01434	0.01377	0.00874	0.07359	0.71921	0.02351	0.02163	0.01990	0.01619	0.00734	0.00554	0.00184	0.00442	0.00609	0.00554	0.00867
16	0.01756	0.01340	0.01523	0.13184	0.01910	0.01493	0.01047	0.54761	0.04952	0.02902	0.01673	0.01715	0.07846	0.00707	0.00555	0.00169	0.00584	0.00554	0.00496	0.00833
17	0.01190	0.00816	0.00936	0.00828	0.01074	0.00814	0.00648	0.08557	0.16168	0.11839	0.24577	0.03494	0.23353	0.01023	0.00607	0.00178	0.00360	0.02311	0.00568	0.00659
18	0.00742	0.00556	0.00652	0.00659	0.00800	0.00497	0.00482	0.00933	0.02718	0.03471	0.25539	0.22185	0.36088	0.01351	0.00652	0.00189	0.00287	0.01171	0.00538	0.00491
19	0.00730	0.00562	0.00797	0.09612	0.03693	0.00559	0.00655	0.00868	0.01074	0.01427	0.04624	0.64761	0.05554	0.01512	0.00671	0.00213	0.00370	0.01369	0.00471	0.00477
20	0.01159	0.01546	0.16130	0.01843	0.02296	0.01279	0.42090	0.01554	0.01167	0.01636	0.01270	0.11533	0.01144	0.00701	0.00790	0.00194	0.11992	0.00693	0.00292	0.00691
21	0.01118	0.00757	0.00882	0.00794	0.01018	0.00742	0.00612	0.05490	0.14416	0.11764	0.27770	0.07470	0.22851	0.01069	0.00613	0.00179	0.00340	0.00912	0.00569	0.00632
22	0.00765	0.00520	0.00621	0.00660	0.00676	0.00512	0.00407	0.00804	0.00884	0.01176	0.02114	0.23371	0.02464	0.56045	0.02127	0.00434	0.00473	0.05194	0.00385	0.00369
23	0.01159	0.01077	0.01754	0.55865	0.18446	0.01278	0.01504	0.05435	0.01187	0.01577	0.00986	0.01411	0.00765	0.00560	0.00608	0.00180	0.04786	0.00485	0.00264	0.00675
24	0.01073	0.01015	0.01415	0.01246	0.01266	0.01367	0.01014	0.01201	0.00889	0.01347	0.05377	0.05581	0.01258	0.05654	0.10529	0.00322	0.58015	0.00590	0.00284	0.00557
25	0.00667	0.00481	0.00632	0.00746	0.00789	0.00446	0.00502	0.00769	0.01071	0.01423	0.05651	0.73932	0.07535	0.01671	0.00691	0.00218	0.00312	0.01510	0.00509	0.00446
26	0.10909	0.01814	0.01603	0.18265	0.15556	0.37362	0.01210	0.04174	0.01358	0.01617	0.00907	0.01148	0.00731	0.00541	0.00496	0.00157	0.00794	0.00402	0.00285	0.00672

[dist]
# distance from previous block
# <min> <max>
2	5

[block]
# block no. 2 follows, 44 sequences, length 28
# corresponding to MSA columns:
# 252-279
name=unknown_C
#
# <colnr> <probs for GDERKNQSTAVLIFYWHMCP>
#	G	D	E	R	K	N	Q	S	T	A	V	L	I	F	Y	W	H	M	C	P
0	0.00800	0.00578	0.00715	0.00712	0.00737	0.00610	0.00466	0.00865	0.00927	0.01272	0.10540	0.15416	0.02468	0.48658	0.06487	0.00437	0.06635	0.00897	0.00380	0.00399
1	0.01273	0.00669	0.00885	0.00767	0.00986	0.00599	0.00598	0.01513	0.01538	0.25030	0.51977	0.03443	0.06509	0.00991	0.00614	0.00171	0.00320	0.00859	0.00619	0.00638
2	0.00779	0.00584	0.00876	0.00876	0.00974	0.00681	0.00681	0.00974	0.00876	0.01266	0.01460	0.02142	0.01363	0.04089	0.78680	0.00876	0.01460	0.00584	0.00292	0.00487
3	0.01945	0.01083	0.01284	0.01017	0.01381	0.01095	0.00828	0.28676	0.05724	0.32582	0.12804	0.02000	0.01771	0.00733	0.00554	0.00166	0.00471	0.00593	0.04449	0.00844
4	0.06783	0.01376	0.01512	0.01165	0.01593	0.01480	0.00962	0.56312	0.02263	0.18833	0.01453	0.01399	0.00996	0.00650	0.00534	0.00165	0.00562	0.00492	0.00561	0.00908
5	0.00923	0.00505	0.00550	0.00577	0.00676	0.00501	0.00414	0.01128	0.01095	0.01821	0.02020	0.18421	0.01888	0.05463	0.03002	0.00192	0.00320	0.00743	0.59280	0.00484
6	0.00954	0.00860	0.01387	0.56589	0.05223	0.01019	0.01247	0.01260	0.01124	0.01461	0.05276	0.11307	0.07021	0.00774	0.00572	0.00184	0.00610	0.00686	0.01869	0.00577
7	0.01719	0.01352	0.01437	0.01183	0.01556	0.01526	0.00951	0.39785	0.38974	0.02867	0.01757	0.01666	0.01290	0.00696	0.00550	0.00174	0.00517	0.00553	0.00550	0.00895
8	0.00986	0.00543	0.00580	0.00591	0.00710	0.00543	0.00434	0.04184	0.01180	0.01956	0.02014	0.18302	0.01837	0.00859	0.00453	0.00148	0.00281	0.00724	0.63164	0.00512
9	0.00951	0.00806	0.01159	0.01011	0.01192	0.00888	0.03990	0.01155	0.00946	0.01418	0.01221	0.01736	0.01113	0.02546	0.43967	0.00554	0.14726	0.00512	0.02206	0.17903
10	0.01970	0.01673	0.01509	0.01231	0.01605	0.19899	0.00984	0.43446	0.10104	0.07033	0.01361	0.01367	0.00994	0.00642	0.00528	0.00159	0.00653	0.00475	0.03534	0.00835
11	0.01240	0.00975	0.01226	0.00890	0.01360	0.00756	0.04144	0.01486	0.01173	0.08422	0.01134	0.03358	0.00932	0.00465	0.00435	0.00097	0.00431	0.00391	0.00357	0.70728
12	0.03907	0.00972	0.01597	0.71093	0.06754	0.01194	0.01454	0.01408	0.01093	0.01466	0.00989	0.01447	0.00749	0.00544	0.00533	0.00179	0.00698	0.00479	0.02832	0.00613
13	0.01063	0.00660	0.00818	0.00749	0.00966	0.00581	0.02785	0.01258	0.03313	0.17361	0.05397	0.18682	0.41773	0.01247	0.00632	0.00188	0.00346	0.01069	0.00537	0.00574
14	0.00687	0.00489	0.00648	0.00761	0.00800	0.00460	0.00518	0.00791	0.01060	0.01416	0.05637	0.69400	0.03548	0.05937	0.00809	0.00238	0.00336	0.05521	0.00500	0.00443
15	0.00792	0.00532	0.00611	0.00611	0.00617	0.00537	0.00351	0.00803	0.00798	0.01069	0.01703	0.03484	0.01946	0.76355	0.07211	0.00549	0.00583	0.00781	0.00328	0.00339
16	0.01395	0.06820	0.57856	0.01398	0.02105	0.01220	0.01702	0.01915	0.01234	0.17510	0.01210	0.01282	0.00828	0.00548	0.00515	0.00169	0.00722	0.00427	0.00323	0.00825
17	0.02046	0.01547	0.01619	0.01254	0.01681	0.03996	0.01031	0.70846	0.05139	0.03332	0.01327	0.01325	0.00946	0.00655	0.00544	0.00164	0.00606	0.00491	0.00538	0.00916
18	0.00698	0.00547	0.00635	0.00646	0.00789	0.00483	0.00482	0.00873	0.01307	0.01687	0.26796	0.15479	0.41055	0.01352	0.00657	0.00189	0.00288	0.05026	0.00535	0.00476
19	0.00668	0.00482	0.00633	0.00752	0.00795	0.00448	0.00509	0.00768	0.01060	0.01401	0.03147	0.74622	0.07825	0.01685	0.00694	0.00220	0.00318	0.03024	0.00506	0.00445
20	0.01921	0.05663	0.01602	0.05725	0.01774	0.54991	0.01060	0.13118	0.06030	0.01704	0.00996	0.01115	0.00793	0.00581	0.00500	0.00148	0.00862	0.00392	0.00332	0.00691
21	0.01334	0.01469	0.03100	0.02265	0.04717	0.01394	0.69271	0.05988	0.01359	0.01844	0.01113	0.01458	0.00834	0.00471	0.00635	0.00182	0.00894	0.00631	0.00291	0.00750
22	0.00696	0.00498	0.00656	0.00767	0.00810	0.00470	0.00517	0.02275	0.01090	0.01457	0.05234	0.76558	0.03599	0.01669	0.00691	0.00219	0.00320	0.01511	0.00510	0.00455
23	0.01140	0.00839	0.00912	0.00877	0.01026	0.05983	0.00637	0.13378	0.01386	0.07054	0.09342	0.39774	0.02768	0.10174	0.00875	0.00233	0.00439	0.02099	0.00498	0.00564
24	0.12261	0.00720	0.00833	0.01854	0.01004	0.00702	0.00585	0.04365	0.01121	0.07414	0.02093	0.39037	0.02270	0.08590	0.00791	0.00216	0.01435	0.00977	0.02132	0.11600
25	0.01189	0.01123	0.01511	0.01299	0.01370	0.01483	0.01070	0.05669	0.04181	0.01501	0.01108	0.04037	0.03560	0.01121	0.05846	0.00259	0.58949	0.00542	0.00294	0.03888
26	0.08426	0.01032	0.01449	0.32476	0.08042	0.01144	0.03130	0.11459	0.04323	0.01991	0.13282	0.01796	0.01507	0.00638	0.00535	0.00167	0.00571	0.00547	0.00370	0.07117
27	0.01383	0.01209	0.01831	0.27265	0.33713	0.01323	0.01424	0.17916	0.01466	0.01992	0.01099	0.01468	0.00881	0.03954	0.00638	0.00184	0.00657	0.00500	0.00325	0.00772

[dist]
# distance from previous block
# <min> <max>
0	3

[block]
# block no. 3 follows, 44 sequences, length 25
# corresponding to MSA columns:
# 283-307
name=unknown_D
#
# <colnr> <probs for GDERKNQSTAVLIFYWHMCP>
#	G	D	E	R	K	N	Q	S	T	A	V	L	I	F	Y	W	H	M	C	P
0	0.01959	0.02236	0.01595	0.01501	0.07140	0.55528	0.01086	0.16053	0.01695	0.01777	0.00958	0.01094	0.00769	0.00583	0.00530	0.00148	0.02478	0.00393	0.01775	0.00702
1	0.47929	0.03809	0.01150	0.04256	0.01380	0.14517	0.00783	0.07977	0.03858	0.08437	0.00993	0.01081	0.00746	0.00550	0.00415	0.00163	0.00554	0.00361	0.00373	0.00667
2	0.01068	0.00872	0.01031	0.00962	0.01121	0.06468	0.00750	0.12490	0.01180	0.01595	0.01402	0.01983	0.01271	0.06123	0.58273	0.00701	0.01260	0.00561	0.00331	0.00559
3	0.06988	0.01212	0.01334	0.01068	0.01431	0.01296	0.00866	0.44466	0.03516	0.15785	0.01636	0.09149	0.01288	0.00752	0.00536	0.00168	0.00510	0.00595	0.06575	0.00828
4	0.07884	0.01458	0.01571	0.13214	0.01961	0.05191	0.01078	0.55456	0.02172	0.02953	0.01195	0.01285	0.00862	0.00623	0.00528	0.00166	0.00624	0.00469	0.00472	0.00840
5	0.01870	0.00983	0.01332	0.03762	0.01474	0.00961	0.04849	0.12480	0.03737	0.40525	0.08272	0.04476	0.02829	0.04937	0.00730	0.00194	0.03254	0.01970	0.00566	0.00797
6	0.01271	0.01233	0.02015	0.26811	0.52451	0.03555	0.01606	0.01602	0.01204	0.01648	0.01003	0.01371	0.00817	0.00506	0.00540	0.00167	0.00682	0.00481	0.00262	0.00777
7	0.01040	0.00977	0.01648	0.52820	0.13504	0.01121	0.05229	0.01379	0.01171	0.01541	0.08043	0.01917	0.06068	0.00637	0.00565	0.00178	0.00655	0.00580	0.00297	0.00631
8	0.01034	0.00579	0.00603	0.00554	0.00736	0.00542	0.00422	0.01286	0.01141	0.01993	0.01654	0.01894	0.01307	0.00600	0.00385	0.00120	0.00277	0.00480	0.71068	0.13326
9	0.01212	0.28327	0.53547	0.01352	0.02047	0.01556	0.01662	0.01696	0.01137	0.01582	0.00907	0.01061	0.00694	0.00501	0.00463	0.00154	0.00733	0.00367	0.00231	0.00771
10	0.01254	0.01187	0.02000	0.29713	0.50284	0.01275	0.01604	0.03149	0.01217	0.01682	0.01012	0.01385	0.00817	0.00510	0.00542	0.00169	0.00674	0.00485	0.00266	0.00775
11	0.01280	0.00952	0.01162	0.00882	0.01303	0.00779	0.02298	0.05352	0.02757	0.10280	0.01379	0.10340	0.01212	0.00604	0.00469	0.00115	0.00422	0.00510	0.00398	0.57504
12	0.01980	0.01395	0.01515	0.01178	0.01591	0.01518	0.00968	0.60659	0.06318	0.09878	0.01691	0.01638	0.05694	0.00705	0.00552	0.00166	0.00559	0.00543	0.00555	0.00895
13	0.01418	0.72630	0.11048	0.01001	0.01504	0.02060	0.01051	0.01643	0.01112	0.01331	0.00782	0.00905	0.00699	0.00472	0.00368	0.00123	0.00607	0.00304	0.00233	0.00711
14	0.00793	0.00529	0.00595	0.00595	0.00595	0.00529	0.00330	0.00793	0.00793	0.01057	0.01718	0.03568	0.01982	0.80840	0.02775	0.00529	0.00529	0.00793	0.00330	0.00330
15	0.00837	0.00603	0.00748	0.00711	0.00863	0.00566	0.00537	0.01145	0.06072	0.04354	0.53975	0.08082	0.15521	0.01158	0.00640	0.00178	0.00286	0.02609	0.00578	0.00536
16	0.01830	0.10682	0.07542	0.01369	0.06267	0.40322	0.01079	0.02111	0.05423	0.13173	0.02693	0.01350	0.02636	0.00599	0.00499	0.00150	0.00767	0.00431	0.00357	0.00719
17	0.00991	0.00632	0.00819	0.00809	0.00897	0.00649	0.00577	0.02497	0.01049	0.10400	0.02305	0.31785	0.04974	0.22821	0.08221	0.00355	0.06384	0.02897	0.00441	0.00497
18	0.00672	0.00480	0.00639	0.00754	0.00792	0.00448	0.00507	0.00777	0.01078	0.01446	0.08053	0.75282	0.03711	0.01668	0.00692	0.00218	0.00312	0.01511	0.00512	0.00448
19	0.01060	0.01004	0.01694	0.58151	0.05852	0.01157	0.07479	0.01409	0.01135	0.01510	0.05024	0.01558	0.00981	0.00561	0.00567	0.00173	0.02040	0.00510	0.00272	0.07864
20	0.03839	0.28733	0.39270	0.01287	0.01900	0.07130	0.02608	0.01782	0.01186	0.06250	0.00963	0.01087	0.00734	0.00512	0.00458	0.00151	0.00714	0.00371	0.00266	0.00758
21	0.02264	0.00949	0.01242	0.00972	0.01363	0.00863	0.00790	0.05564	0.06976	0.65231	0.02098	0.01937	0.01389	0.04937	0.00667	0.00189	0.00471	0.00564	0.00642	0.00891
22	0.00719	0.00483	0.00620	0.00720	0.00770	0.00456	0.00489	0.00845	0.01084	0.01523	0.06696	0.65537	0.03377	0.01527	0.00649	0.00206	0.00305	0.01375	0.12165	0.00456
23	0.07245	0.01065	0.05757	0.05167	0.01379	0.03652	0.00840	0.09557	0.08639	0.15699	0.18217	0.06464	0.03867	0.05017	0.00717	0.00196	0.02761	0.02576	0.00498	0.00686
24	0.16822	0.03143	0.05518	0.09255	0.03415	0.19629	0.06820	0.23406	0.01615	0.02217	0.01003	0.01165	0.00763	0.00572	0.00525	0.00164	0.02454	0.00425	0.00360	0.00730

[dist]
# distance from previous block
# <min> <max>
3	35

[block]
# block no. 4 follows, 44 sequences, length 47
# corresponding to MSA columns:
# 344-390
name=unknown_E
#
# <colnr> <probs for GDERKNQSTAVLIFYWHMCP>
#	G	D	E	R	K	N	Q	S	T	A	V	L	I	F	Y	W	H	M	C	P
0	0.01274	0.03952	0.05128	0.07447	0.03643	0.16872	0.10582	0.02772	0.01291	0.04106	0.06687	0.05292	0.10988	0.00936	0.02586	0.00199	0.07602	0.07661	0.00365	0.00619
1	0.72996	0.04454	0.02177	0.00783	0.01130	0.04079	0.00657	0.01687	0.04505	0.02338	0.00834	0.00947	0.00651	0.00518	0.00357	0.00166	0.00455	0.00314	0.00339	0.00613
2	0.05291	0.05159	0.22239	0.09114	0.23455	0.12996	0.01502	0.04749	0.03442	0.01733	0.00988	0.01220	0.00779	0.00548	0.00571	0.00166	0.04580	0.00430	0.00278	0.00759
3	0.00999	0.00697	0.00922	0.00974	0.01141	0.00695	0.00828	0.01358	0.07999	0.05491	0.07761	0.05188	0.02944	0.03035	0.00748	0.00235	0.00474	0.54382	0.00512	0.03617
4	0.00781	0.00567	0.00678	0.00646	0.00805	0.00502	0.00486	0.00987	0.01415	0.04661	0.44892	0.06298	0.32856	0.01216	0.00641	0.00177	0.00274	0.01047	0.00564	0.00507
5	0.00788	0.00581	0.00863	0.00863	0.00961	0.00675	0.00670	0.00984	0.00886	0.01294	0.01472	0.02138	0.01364	0.03962	0.75812	0.00849	0.01416	0.00581	0.03353	0.00488
6	0.00666	0.00479	0.00632	0.00751	0.00790	0.00445	0.00503	0.00766	0.01061	0.01412	0.04701	0.76432	0.05975	0.01685	0.00693	0.00219	0.00314	0.01525	0.00508	0.00445
7	0.00684	0.00554	0.00607	0.00594	0.00761	0.00477	0.00445	0.00859	0.01336	0.01694	0.27767	0.04882	0.54836	0.01298	0.00644	0.00180	0.00270	0.01099	0.00535	0.00477
8	0.00767	0.00527	0.00608	0.00617	0.00645	0.00514	0.00371	0.00811	0.00921	0.01226	0.09129	0.11535	0.07889	0.59659	0.02212	0.00439	0.00464	0.00913	0.00386	0.00368
9	0.01458	0.81168	0.02857	0.00933	0.01399	0.02157	0.00933	0.01632	0.01108	0.01283	0.00758	0.00875	0.00700	0.00466	0.00350	0.00117	0.00583	0.00292	0.00233	0.00700
10	0.01935	0.04951	0.01612	0.01425	0.03062	0.66664	0.01072	0.03626	0.01487	0.01383	0.00843	0.01011	0.00711	0.00592	0.00598	0.00149	0.07591	0.00365	0.00281	0.00642
11	0.00717	0.00516	0.00659	0.00712	0.00782	0.00481	0.00494	0.00857	0.01184	0.01604	0.25308	0.41072	0.08790	0.10809	0.00923	0.00241	0.00327	0.03556	0.00514	0.00454
12	0.01153	0.14428	0.62892	0.01455	0.02169	0.01420	0.01811	0.01691	0.01128	0.01639	0.00932	0.01112	0.00693	0.00533	0.00558	0.00168	0.04818	0.00390	0.00231	0.00779
13	0.00734	0.00551	0.00757	0.06035	0.01020	0.00554	0.00605	0.00879	0.01126	0.01525	0.15461	0.55132	0.03527	0.03516	0.00767	0.00220	0.02893	0.03737	0.00491	0.00470
14	0.00907	0.00636	0.00760	0.00698	0.00878	0.00586	0.00532	0.05725	0.01506	0.06311	0.44610	0.05720	0.26762	0.01155	0.00633	0.00176	0.00297	0.00992	0.00570	0.00546
15	0.01063	0.01009	0.01725	0.71163	0.09876	0.01223	0.03456	0.01426	0.01108	0.01435	0.00977	0.01445	0.00741	0.00538	0.00547	0.00180	0.00725	0.00489	0.00245	0.00631
16	0.16893	0.20432	0.22741	0.01204	0.02809	0.06684	0.01208	0.11899	0.04696	0.01973	0.00968	0.01092	0.00755	0.00553	0.00503	0.00159	0.03997	0.00380	0.00313	0.00741
17	0.00947	0.00473	0.00710	0.00710	0.00710	0.00473	0.00473	0.00710	0.00710	0.00947	0.00947	0.01657	0.00947	0.01894	0.02131	0.84138	0.00473	0.00473	0.00237	0.00237
18	0.05029	0.63311	0.05560	0.00991	0.01453	0.03392	0.00969	0.07854	0.04344	0.01571	0.00874	0.00972	0.00753	0.00499	0.00383	0.00128	0.00587	0.00327	0.00278	0.00724
19	0.11766	0.01299	0.02004	0.02910	0.63882	0.02851	0.01505	0.04141	0.01252	0.01910	0.00998	0.01283	0.00828	0.00495	0.00514	0.00162	0.00625	0.00459	0.00288	0.00827
20	0.41033	0.03876	0.01277	0.00997	0.01381	0.04747	0.00823	0.35237	0.01702	0.02811	0.01012	0.01082	0.00752	0.00575	0.00439	0.00164	0.00532	0.00386	0.00426	0.00749
21	0.09595	0.01365	0.01506	0.01187	0.01583	0.04223	0.04418	0.45680	0.05204	0.12717	0.01479	0.06028	0.01127	0.00696	0.00538	0.00169	0.00571	0.00550	0.00519	0.00845
22	0.03574	0.02849	0.06782	0.01254	0.01597	0.12183	0.10537	0.10880	0.17036	0.04538	0.06947	0.07162	0.04631	0.00814	0.00579	0.00180	0.00604	0.06698	0.00442	0.00714
23	0.00676	0.00538	0.00609	0.00651	0.00780	0.00476	0.00470	0.00832	0.02473	0.01500	0.08313	0.31132	0.44912	0.01472	0.00663	0.00198	0.00297	0.03031	0.00512	0.00465
24	0.00670	0.00491	0.00629	0.00727	0.00785	0.00450	0.00495	0.00782	0.01107	0.01461	0.08831	0.64984	0.13343	0.01621	0.00685	0.00213	0.00307	0.01456	0.00513	0.00450
25	0.04924	0.01147	0.01448	0.01079	0.01527	0.01064	0.08403	0.21308	0.01548	0.07376	0.01215	0.03341	0.00955	0.00538	0.00480	0.00128	0.00508	0.00451	0.02228	0.40332
26	0.00852	0.00563	0.00697	0.00727	0.00788	0.00546	0.00485	0.03601	0.01074	0.04571	0.08380	0.37397	0.02923	0.30866	0.01451	0.00328	0.00412	0.03436	0.00457	0.00446
27	0.00667	0.00480	0.00634	0.00755	0.00795	0.00447	0.00509	0.00767	0.01056	0.01399	0.03107	0.76030	0.06638	0.01691	0.00695	0.00220	0.00318	0.02842	0.00506	0.00445
28	0.00769	0.00520	0.00609	0.00632	0.00641	0.00516	0.00372	0.00791	0.00842	0.01125	0.01951	0.17836	0.02268	0.64166	0.04324	0.00480	0.00513	0.00928	0.00362	0.00355
29	0.05289	0.01529	0.02781	0.25643	0.22353	0.20165	0.01332	0.09264	0.01387	0.01759	0.00998	0.01280	0.00787	0.00545	0.00517	0.00162	0.00731	0.00444	0.02321	0.00713
30	0.00676	0.00487	0.00644	0.00765	0.00809	0.00455	0.00525	0.00782	0.01065	0.01410	0.03104	0.72827	0.06698	0.01682	0.00697	0.00222	0.00326	0.05874	0.00506	0.00447
31	0.03909	0.03929	0.01178	0.00993	0.01144	0.02099	0.00794	0.05328	0.01034	0.06285	0.01281	0.01833	0.01163	0.08678	0.34741	0.00511	0.18023	0.00533	0.02055	0.04490
32	0.01439	0.58061	0.13107	0.03571	0.01633	0.01933	0.01107	0.07699	0.04218	0.01562	0.00898	0.01013	0.00756	0.00502	0.00403	0.00133	0.00614	0.00342	0.00271	0.00736
33	0.00707	0.00546	0.00651	0.00694	0.00815	0.00496	0.00510	0.00889	0.02787	0.01597	0.16632	0.30375	0.32392	0.01442	0.00669	0.00200	0.00308	0.07290	0.00523	0.00475
34	0.00813	0.00607	0.00752	0.00824	0.00908	0.00611	0.00574	0.04528	0.10165	0.01594	0.02831	0.67356	0.03247	0.01542	0.00672	0.00214	0.00343	0.01388	0.00514	0.00516
35	0.03986	0.01307	0.01976	0.23998	0.47049	0.07526	0.03116	0.01636	0.01215	0.01659	0.00988	0.01336	0.00803	0.00508	0.00533	0.00166	0.00695	0.00472	0.00265	0.00763
36	0.00796	0.00587	0.00770	0.00868	0.00980	0.00569	0.00700	0.01021	0.03210	0.01570	0.04832	0.27093	0.13486	0.01518	0.00714	0.00230	0.00411	0.39651	0.00507	0.00489
37	0.01217	0.01053	0.01187	0.00892	0.01331	0.03178	0.00718	0.06418	0.02743	0.01863	0.01086	0.01371	0.00925	0.00498	0.00482	0.00103	0.03214	0.03460	0.00346	0.67916
38	0.01280	0.07350	0.44452	0.01694	0.02357	0.07348	0.22267	0.01786	0.01228	0.03709	0.01020	0.01228	0.00748	0.00506	0.00541	0.00170	0.00828	0.00463	0.00259	0.00769
39	0.00725	0.00524	0.00685	0.00711	0.00803	0.00484	0.00508	0.00914	0.01335	0.01849	0.45532	0.34649	0.06522	0.01359	0.00664	0.00192	0.00281	0.01216	0.00560	0.00484
40	0.69457	0.01005	0.00830	0.00737	0.01052	0.01141	0.00600	0.04241	0.01078	0.03739	0.10651	0.01328	0.01203	0.00593	0.00388	0.00169	0.00408	0.00396	0.00385	0.00599
41	0.00682	0.00500	0.00639	0.00742	0.00804	0.00463	0.00517	0.00794	0.01084	0.01414	0.03347	0.60510	0.14937	0.04022	0.00755	0.00227	0.00331	0.07285	0.00500	0.00447
42	0.00677	0.00551	0.00599	0.00592	0.00758	0.00473	0.00442	0.00843	0.01312	0.01648	0.23328	0.07217	0.57012	0.01324	0.00646	0.00182	0.00273	0.01122	0.00530	0.00473
43	0.00775	0.00540	0.00684	0.00697	0.00729	0.00566	0.00454	0.00844	0.00844	0.01154	0.01772	0.11006	0.01961	0.49536	0.25515	0.00602	0.00789	0.00807	0.00337	0.00389
44	0.00674	0.00548	0.00597	0.00597	0.00757	0.00471	0.00443	0.00834	0.01293	0.01622	0.20959	0.10613	0.55996	0.01347	0.00648	0.00184	0.00275	0.01145	0.00527	0.00471
45	0.02072	0.01527	0.01636	0.01254	0.01691	0.01691	0.01036	0.75622	0.02563	0.03436	0.01309	0.01309	0.00927	0.00654	0.00545	0.00164	0.00600	0.00491	0.00545	0.00927
46	0.10343	0.01623	0.01482	0.03413	0.06618	0.19575	0.01001	0.37294	0.03372	0.02541	0.01270	0.01349	0.02975	0.00624	0.00507	0.00158	0.00651	0.00459	0.03967	0.00779

[dist]
# distance from previous block
# <min> <max>
0	1

[block]
# block no. 5 follows, 44 sequences, length 34
# corresponding to MSA columns:
# 392-399,401-426
name=unknown_F
#
# <colnr> <probs for GDERKNQSTAVLIFYWHMCP>
#	G	D	E	R	K	N	Q	S	T	A	V	L	I	F	Y	W	H	M	C	P
0	0.01697	0.00969	0.01147	0.00969	0.01277	0.02583	0.00766	0.08511	0.19515	0.31858	0.15621	0.08705	0.02243	0.00850	0.00578	0.00176	0.00430	0.00717	0.00599	0.00792
1	0.18751	0.01282	0.01325	0.01063	0.01457	0.01398	0.00868	0.37923	0.13675	0.04934	0.01362	0.01433	0.01020	0.00630	0.00494	0.00162	0.00511	0.01962	0.00485	0.09266
2	0.01057	0.00891	0.01052	0.00800	0.01213	0.00682	0.00624	0.01276	0.01117	0.01716	0.01290	0.13643	0.01249	0.00609	0.00450	0.00103	0.00390	0.00516	0.00352	0.70970
3	0.01431	0.74156	0.05394	0.00981	0.01434	0.02100	0.00984	0.01618	0.01095	0.01300	0.00763	0.00901	0.00700	0.00494	0.00433	0.00125	0.04853	0.00305	0.00233	0.00698
4	0.06619	0.01048	0.01184	0.01002	0.01337	0.01110	0.00798	0.08396	0.34909	0.24857	0.08322	0.02133	0.04348	0.00753	0.00549	0.00176	0.00434	0.00616	0.00579	0.00829
5	0.00775	0.00565	0.00799	0.00806	0.00878	0.00633	0.00592	0.00921	0.00867	0.01226	0.01606	0.06908	0.01630	0.21281	0.57120	0.00761	0.01185	0.00686	0.00313	0.00449
6	0.00913	0.02524	0.03059	0.01098	0.01279	0.00894	0.09440	0.01217	0.05006	0.01402	0.02381	0.01983	0.01302	0.03122	0.56828	0.00683	0.05432	0.00582	0.00303	0.00554
7	0.06156	0.01285	0.01393	0.01121	0.01481	0.01402	0.00904	0.52596	0.05054	0.07426	0.01610	0.12387	0.01358	0.02506	0.00603	0.00181	0.00535	0.00642	0.00533	0.00827
8	0.10891	0.12853	0.01544	0.01164	0.01478	0.31332	0.00951	0.15420	0.01552	0.01891	0.01271	0.01935	0.01164	0.00727	0.00511	0.00164	0.00709	0.13405	0.00369	0.00668
9	0.01364	0.01033	0.01181	0.02785	0.01400	0.01138	0.00881	0.12512	0.37194	0.06963	0.03263	0.04402	0.03630	0.00945	0.00607	0.00198	0.00473	0.18730	0.00540	0.00760
10	0.69419	0.01045	0.00874	0.00770	0.01101	0.01184	0.00628	0.06640	0.01082	0.06727	0.01009	0.05701	0.00836	0.00597	0.00385	0.00171	0.00430	0.00397	0.00381	0.00624
11	0.01294	0.00956	0.01155	0.01007	0.01222	0.01079	0.00799	0.29224	0.01532	0.02128	0.01478	0.05924	0.01313	0.05422	0.34357	0.00490	0.04477	0.00599	0.04892	0.00651
12	0.00953	0.00754	0.02217	0.14165	0.01443	0.00754	0.00770	0.01365	0.10158	0.05366	0.36754	0.05254	0.12090	0.01010	0.00617	0.00181	0.00392	0.04659	0.00513	0.00586
13	0.04080	0.12660	0.59279	0.01467	0.02187	0.01370	0.05738	0.01741	0.01158	0.04098	0.00986	0.01146	0.00716	0.00513	0.00498	0.00166	0.00759	0.00402	0.00251	0.00785
14	0.01106	0.00943	0.01105	0.00805	0.01266	0.00712	0.00639	0.01341	0.01126	0.01756	0.01075	0.05272	0.00954	0.00472	0.00419	0.00088	0.00399	0.00387	0.00333	0.79803
15	0.00887	0.00847	0.00754	0.00751	0.00906	0.12229	0.00551	0.01037	0.01293	0.01553	0.16576	0.18331	0.36548	0.03138	0.00683	0.00192	0.00397	0.02355	0.00484	0.00490
16	0.03609	0.01033	0.01213	0.00918	0.01329	0.00932	0.00741	0.08535	0.03395	0.04534	0.01070	0.01238	0.00871	0.00646	0.03721	0.00143	0.07257	0.00378	0.00355	0.58082
17	0.00730	0.00543	0.00683	0.00693	0.00813	0.00496	0.00514	0.00930	0.01363	0.01847	0.43153	0.20224	0.19055	0.01313	0.00661	0.00189	0.00288	0.05462	0.00556	0.00488
18	0.00827	0.00642	0.00924	0.00902	0.00978	0.00767	0.00695	0.00994	0.00876	0.01274	0.01464	0.05120	0.01429	0.10234	0.58822	0.00734	0.10130	0.00625	0.02078	0.00484
19	0.00789	0.00527	0.00596	0.00600	0.00601	0.00526	0.00336	0.00792	0.00801	0.01068	0.01761	0.06130	0.02036	0.78204	0.02706	0.00518	0.00521	0.00818	0.00336	0.00334
20	0.01169	0.01010	0.01269	0.09882	0.05907	0.00852	0.00818	0.04326	0.01189	0.01799	0.00986	0.01187	0.00806	0.00434	0.00433	0.00100	0.00462	0.00357	0.00320	0.66696
21	0.05807	0.53776	0.17884	0.01068	0.01585	0.03315	0.01134	0.05510	0.01200	0.01566	0.02357	0.01020	0.00793	0.00504	0.00402	0.00135	0.00622	0.00340	0.00263	0.00722
22	0.00786	0.00582	0.00865	0.00865	0.00963	0.00676	0.00672	0.00983	0.00885	0.01290	0.01470	0.02138	0.01364	0.03980	0.76208	0.00853	0.01422	0.00582	0.02931	0.00487
23	0.01519	0.01296	0.01296	0.01135	0.01452	0.06988	0.00887	0.15765	0.52136	0.03939	0.01996	0.06042	0.01560	0.00762	0.00556	0.00179	0.00496	0.00623	0.00533	0.00836
24	0.01152	0.16896	0.39710	0.01295	0.01848	0.05669	0.05360	0.01575	0.01222	0.01667	0.11966	0.06533	0.01522	0.00668	0.00521	0.00164	0.00671	0.00548	0.00306	0.00708
25	0.04480	0.41794	0.26831	0.01188	0.01745	0.04394	0.03073	0.06068	0.01231	0.01630	0.02558	0.01079	0.00807	0.00513	0.00434	0.00143	0.00664	0.00365	0.00265	0.00738
26	0.01343	0.41195	0.36158	0.01226	0.01838	0.03289	0.01415	0.03326	0.01178	0.03258	0.00901	0.01031	0.00715	0.00500	0.00436	0.00144	0.00688	0.00352	0.00250	0.00755
27	0.00739	0.00501	0.00658	0.00752	0.00813	0.00462	0.00513	0.00849	0.01103	0.04424	0.07220	0.69053	0.07640	0.01617	0.00684	0.00215	0.00317	0.01458	0.00518	0.00467
28	0.02880	0.01059	0.01461	0.37985	0.02438	0.07379	0.03640	0.01353	0.01037	0.01378	0.01059	0.01636	0.00923	0.07644	0.11091	0.00305	0.13668	0.00513	0.01977	0.00570
29	0.04200	0.08988	0.02877	0.02027	0.04211	0.03635	0.55164	0.01733	0.02777	0.01696	0.01044	0.01369	0.00813	0.00507	0.00679	0.00179	0.06530	0.00574	0.00277	0.00720
30	0.00644	0.00552	0.00552	0.00552	0.00736	0.00460	0.00414	0.00782	0.01243	0.01473	0.05523	0.05247	0.77218	0.01381	0.00644	0.00184	0.00276	0.01151	0.00506	0.00460
31	0.00731	0.00502	0.00613	0.00674	0.00689	0.00487	0.00415	0.00777	0.00914	0.01219	0.02340	0.40729	0.02767	0.42609	0.01770	0.00380	0.00426	0.01159	0.00415	0.00385
32	0.00821	0.00603	0.00797	0.00889	0.00999	0.00596	0.00713	0.01094	0.05482	0.01637	0.09396	0.28158	0.06664	0.01484	0.00710	0.00228	0.00411	0.38300	0.00515	0.00504
33	0.01137	0.01005	0.01681	0.46190	0.20073	0.01142	0.03196	0.01456	0.01145	0.04809	0.01264	0.08493	0.01108	0.00672	0.00590	0.00183	0.02213	0.02680	0.00299	0.00664

[dist]
# distance from previous block
# <min> <max>
0	1

[block]
# block no. 6 follows, 44 sequences, length 47
# corresponding to MSA columns:
# 428-474
name=unknown_G
#
# <colnr> <probs for GDERKNQSTAVLIFYWHMCP>
#	G	D	E	R	K	N	Q	S	T	A	V	L	I	F	Y	W	H	M	C	P
0	0.08867	0.04888	0.01673	0.06056	0.10075	0.47052	0.04671	0.03600	0.05277	0.01593	0.00953	0.01122	0.00772	0.00551	0.00493	0.00152	0.00830	0.00397	0.00300	0.00678
1	0.01263	0.01412	0.02963	0.05905	0.02738	0.01382	0.63924	0.01684	0.01235	0.01693	0.01060	0.01439	0.00812	0.00505	0.00732	0.00186	0.07674	0.00615	0.00272	0.02507
2	0.04014	0.01136	0.08402	0.05066	0.03562	0.00942	0.00906	0.07736	0.07856	0.20270	0.08043	0.04432	0.05137	0.00690	0.00524	0.00153	0.00477	0.00570	0.00470	0.19613
3	0.06139	0.02242	0.01560	0.01534	0.08658	0.59461	0.01085	0.03436	0.01446	0.01470	0.00874	0.01062	0.00735	0.00672	0.02683	0.00170	0.05461	0.00377	0.00286	0.00651
4	0.01253	0.01116	0.01640	0.12778	0.06017	0.01042	0.12834	0.10684	0.01354	0.01942	0.04699	0.01408	0.01025	0.00503	0.00499	0.00131	0.00564	0.00459	0.00342	0.39710
5	0.01311	0.10874	0.13501	0.05856	0.54437	0.01389	0.01631	0.01665	0.01206	0.01699	0.00985	0.01268	0.00813	0.00491	0.00514	0.00159	0.00667	0.00451	0.00259	0.00825
6	0.00704	0.00528	0.00761	0.00838	0.00899	0.00494	0.03877	0.00825	0.01074	0.01433	0.04278	0.72124	0.03488	0.01632	0.00695	0.00220	0.00351	0.04821	0.00497	0.00460
7	0.00784	0.00585	0.00870	0.00876	0.00972	0.00676	0.00683	0.00977	0.00891	0.01277	0.01530	0.02352	0.01456	0.05661	0.73524	0.00841	0.01397	0.03863	0.00302	0.00484
8	0.02025	0.01416	0.01530	0.01190	0.01602	0.03063	0.00977	0.58974	0.05287	0.12165	0.05090	0.01529	0.01205	0.00681	0.00550	0.00165	0.00568	0.00524	0.00559	0.00899
9	0.02010	0.01425	0.01502	0.01172	0.01567	0.04939	0.00954	0.58122	0.02269	0.11272	0.01416	0.01503	0.01036	0.05261	0.00667	0.00183	0.00589	0.00509	0.02735	0.00869
10	0.00793	0.00529	0.00595	0.00595	0.00595	0.00529	0.00330	0.00793	0.00793	0.01057	0.01718	0.03568	0.01982	0.80840	0.02775	0.00529	0.00529	0.00793	0.00330	0.00330
11	0.00664	0.00474	0.00633	0.00759	0.00791	0.00443	0.00506	0.00759	0.01044	0.01392	0.03005	0.80485	0.03606	0.01708	0.00696	0.00221	0.00316	0.01550	0.00506	0.00443
12	0.05718	0.43611	0.04804	0.01238	0.07406	0.05578	0.01042	0.21217	0.01516	0.01965	0.00936	0.01041	0.00767	0.00526	0.00428	0.00138	0.00611	0.00366	0.00326	0.00767
13	0.01087	0.00679	0.00854	0.00764	0.00955	0.00638	0.00587	0.07071	0.01574	0.12522	0.51222	0.08101	0.09637	0.01073	0.00626	0.00174	0.00317	0.00933	0.00593	0.00595
14	0.01019	0.00682	0.00858	0.00763	0.00943	0.00654	0.00587	0.08764	0.01649	0.07465	0.64292	0.03639	0.04455	0.01038	0.00627	0.00170	0.00306	0.00906	0.00600	0.00585
15	0.00664	0.00474	0.00633	0.00759	0.00791	0.00443	0.00506	0.00759	0.01044	0.01392	0.03005	0.80485	0.03606	0.01708	0.00696	0.00221	0.00316	0.01550	0.00506	0.00443
16	0.05183	0.01226	0.01894	0.25375	0.44526	0.04700	0.01499	0.01667	0.01214	0.06048	0.01053	0.01371	0.00832	0.00518	0.00530	0.00167	0.00665	0.00474	0.00289	0.00769
17	0.01242	0.05152	0.01268	0.00875	0.01340	0.00929	0.00710	0.07495	0.07375	0.01926	0.01087	0.01205	0.00881	0.00455	0.00425	0.00098	0.00431	0.00359	0.00355	0.66392
18	0.00845	0.00574	0.00652	0.00645	0.00671	0.00580	0.00385	0.04635	0.00909	0.01213	0.01828	0.11281	0.02093	0.68664	0.02449	0.00479	0.00511	0.00854	0.00359	0.00372
19	0.01287	0.00832	0.00903	0.00786	0.00988	0.00892	0.00605	0.24065	0.01506	0.02255	0.01594	0.02032	0.01330	0.12014	0.08450	0.00267	0.00517	0.00549	0.38516	0.00611
20	0.05413	0.00990	0.01621	0.71501	0.07401	0.01216	0.01474	0.01418	0.01089	0.01468	0.00961	0.01418	0.00727	0.00540	0.00534	0.00180	0.00707	0.00475	0.00249	0.00618
21	0.01005	0.00629	0.00771	0.00708	0.00902	0.00565	0.00545	0.01249	0.03414	0.13568	0.38400	0.05682	0.26590	0.01140	0.00630	0.00178	0.00306	0.02572	0.00577	0.00569
22	0.01381	0.01160	0.01221	0.01089	0.01396	0.01334	0.00850	0.06999	0.68587	0.02335	0.02145	0.01992	0.01609	0.00730	0.00546	0.00181	0.00433	0.00604	0.04560	0.00850
23	0.01067	0.01007	0.01702	0.70723	0.12273	0.01221	0.01532	0.01425	0.01108	0.01438	0.00976	0.01441	0.00743	0.00538	0.00544	0.00179	0.00718	0.00485	0.00245	0.00635
24	0.01127	0.01077	0.01887	0.51363	0.09128	0.01241	0.13716	0.03040	0.01157	0.01555	0.01033	0.01463	0.00792	0.00552	0.00610	0.00180	0.04365	0.00512	0.04554	0.00649
25	0.00754	0.00554	0.00707	0.00682	0.00812	0.00507	0.00511	0.00988	0.01475	0.02046	0.62903	0.07999	0.13739	0.01186	0.00649	0.00178	0.00269	0.02955	0.00582	0.00504
26	0.07193	0.54530	0.07385	0.01008	0.01455	0.05430	0.00976	0.01856	0.12702	0.01548	0.01001	0.01077	0.00840	0.00519	0.00398	0.00136	0.00582	0.00352	0.00292	0.00721
27	0.01112	0.06909	0.74093	0.01521	0.02309	0.01313	0.01958	0.01722	0.01149	0.01703	0.00967	0.01137	0.00691	0.00515	0.00509	0.00170	0.00794	0.00397	0.00230	0.00800
28	0.00664	0.00477	0.00630	0.00752	0.00789	0.00443	0.00503	0.00760	0.01050	0.01394	0.03086	0.78044	0.05993	0.01697	0.00694	0.00220	0.00315	0.01537	0.00506	0.00443
29	0.03641	0.01285	0.01434	0.01135	0.01521	0.01375	0.00932	0.51755	0.02178	0.15942	0.02836	0.05364	0.01302	0.00752	0.00557	0.00171	0.00542	0.04085	0.02330	0.00862
30	0.01489	0.01105	0.05575	0.04795	0.01475	0.02316	0.00888	0.03665	0.31420	0.20495	0.05050	0.04004	0.08531	0.00819	0.00570	0.00180	0.00468	0.04174	0.00535	0.02446
31	0.05946	0.00954	0.01188	0.00962	0.01314	0.00920	0.00777	0.11051	0.07018	0.44637	0.06828	0.06882	0.01663	0.00933	0.04566	0.00207	0.00503	0.00623	0.00592	0.02433
32	0.00736	0.00506	0.00610	0.00663	0.00680	0.00491	0.00406	0.00778	0.00908	0.01207	0.02339	0.35961	0.04245	0.45881	0.01855	0.00392	0.00434	0.01119	0.00408	0.00380
33	0.01589	0.04677	0.16168	0.05081	0.12500	0.01450	0.02424	0.30504	0.04951	0.05394	0.02783	0.01377	0.00976	0.00616	0.00604	0.00168	0.05186	0.00481	0.00402	0.02670
34	0.01345	0.01078	0.01275	0.00980	0.01388	0.00990	0.03167	0.23069	0.01543	0.02207	0.01365	0.12572	0.01244	0.00666	0.00495	0.00129	0.00465	0.00559	0.00413	0.45051
35	0.00664	0.00474	0.00633	0.00759	0.00791	0.00443	0.00506	0.00759	0.01044	0.01392	0.03005	0.80485	0.03606	0.01708	0.00696	0.00221	0.00316	0.01550	0.00506	0.00443
36	0.00789	0.00544	0.00675	0.00675	0.00702	0.00572	0.00430	0.00844	0.00817	0.01116	0.01645	0.03162	0.01806	0.59009	0.24366	0.00627	0.00794	0.00733	0.00319	0.00375
37	0.01153	0.01554	0.21845	0.22295	0.19262	0.01197	0.11420	0.01589	0.02672	0.03037	0.01221	0.08057	0.01035	0.00618	0.00563	0.00178	0.00710	0.00579	0.00286	0.00730
38	0.01192	0.01195	0.04003	0.08985	0.51479	0.01151	0.06256	0.01505	0.01230	0.01693	0.01790	0.02023	0.13832	0.00642	0.00564	0.00169	0.00613	0.00607	0.00307	0.00764
39	0.00779	0.00582	0.00865	0.00865	0.00959	0.00676	0.00668	0.00967	0.00873	0.01257	0.01470	0.02197	0.01387	0.07070	0.75731	0.00863	0.01424	0.00592	0.00294	0.00481
40	0.01054	0.00550	0.00560	0.00545	0.00684	0.00559	0.00413	0.04234	0.01195	0.02074	0.01754	0.02006	0.01378	0.00701	0.01874	0.00143	0.00291	0.00509	0.78953	0.00524
41	0.01175	0.03772	0.69622	0.01581	0.04345	0.01260	0.03476	0.01769	0.01175	0.05389	0.01036	0.01193	0.00730	0.00523	0.00520	0.00172	0.00784	0.00416	0.00254	0.00810
42	0.01191	0.00967	0.01137	0.00815	0.01297	0.00730	0.00653	0.01432	0.01150	0.05275	0.01023	0.01164	0.00832	0.00416	0.00410	0.00085	0.00407	0.00333	0.00339	0.80343
43	0.00755	0.00542	0.00695	0.00774	0.00838	0.00520	0.00537	0.04246	0.01156	0.01547	0.09172	0.60934	0.04910	0.06142	0.00806	0.00233	0.00345	0.04874	0.00506	0.00468
44	0.08276	0.19776	0.01681	0.03138	0.01477	0.08091	0.03290	0.20028	0.08169	0.04887	0.06280	0.09775	0.01455	0.00731	0.00505	0.00161	0.00556	0.00579	0.00422	0.00724
