[name]
unknown

[dist]
# distance from previous block
# <min> <max>
2	19

[block]
# block no. 0 follows, 40 sequences, length 7
# corresponding to MSA columns:
# 41-47
name=unknown_A
#
# <colnr> <probs for GDERKNQSTAVLIFYWHMCP>
#	G	D	E	R	K	N	Q	S	T	A	V	L	I	F	Y	W	H	M	C	P
0	0.67217	0.01106	0.01032	0.16188	0.01699	0.01302	0.00826	0.01665	0.01024	0.02385	0.00854	0.01065	0.00659	0.00548	0.00404	0.00183	0.00515	0.00355	0.00340	0.00633
1	0.01372	0.01184	0.01680	0.51366	0.03194	0.01417	0.01410	0.16174	0.12479	0.02061	0.01305	0.01612	0.00967	0.00636	0.00583	0.00190	0.00701	0.00539	0.00373	0.00755
2	0.01681	0.00940	0.01090	0.00940	0.01244	0.00964	0.00741	0.02427	0.27653	0.25842	0.07012	0.02251	0.01837	0.00764	0.00547	0.00175	0.00410	0.00630	0.22033	0.00820
3	0.01056	0.00938	0.01527	0.61933	0.03337	0.01136	0.01383	0.01420	0.01238	0.01653	0.12219	0.02005	0.01522	0.00678	0.00586	0.00189	0.00670	0.00598	0.05286	0.00625
4	0.01084	0.00542	0.00542	0.00542	0.00678	0.00542	0.00407	0.01355	0.01220	0.02168	0.01897	0.02168	0.01491	0.00678	0.00407	0.00136	0.00271	0.00542	0.82791	0.00542
5	0.01653	0.01129	0.01274	0.01115	0.01439	0.01223	0.00871	0.10573	0.41271	0.17155	0.02370	0.13540	0.01930	0.00919	0.00612	0.00197	0.00469	0.00777	0.00608	0.00875
6	0.01090	0.00616	0.00804	0.00826	0.00966	0.00554	0.00592	0.01229	0.01271	0.16449	0.06657	0.52181	0.11422	0.01534	0.00702	0.00218	0.00361	0.01365	0.00580	0.00581

[dist]
# distance from previous block
# <min> <max>
0	3

[block]
# block no. 1 follows, 40 sequences, length 12
# corresponding to MSA columns:
# 51-62
name=unknown_B
#
# <colnr> <probs for GDERKNQSTAVLIFYWHMCP>
#	G	D	E	R	K	N	Q	S	T	A	V	L	I	F	Y	W	H	M	C	P
0	0.01496	0.01300	0.01562	0.37535	0.02682	0.12207	0.01261	0.11002	0.01467	0.08774	0.01440	0.11159	0.01243	0.00782	0.00641	0.00191	0.03523	0.00645	0.00384	0.00705
1	0.01588	0.00977	0.01259	0.00969	0.01363	0.00844	0.03837	0.05103	0.03301	0.23325	0.08445	0.02091	0.01641	0.10465	0.00836	0.00193	0.00485	0.00572	0.00496	0.32211
2	0.06049	0.36817	0.06385	0.01090	0.01488	0.01596	0.04079	0.03609	0.01229	0.09837	0.01334	0.08624	0.01208	0.01157	0.10092	0.00258	0.03530	0.00542	0.00353	0.00723
3	0.01501	0.35017	0.02470	0.01334	0.01758	0.03902	0.18501	0.01749	0.01287	0.10328	0.01507	0.15315	0.01419	0.00764	0.00545	0.00169	0.00655	0.00678	0.00369	0.00733
4	0.01001	0.00718	0.00897	0.07984	0.01235	0.00653	0.00644	0.01217	0.01381	0.08010	0.24585	0.05407	0.26326	0.06268	0.00787	0.00202	0.00386	0.00930	0.00521	0.10847
5	0.08794	0.01073	0.01337	0.04035	0.01566	0.00934	0.03526	0.04155	0.02838	0.21720	0.01391	0.01440	0.01014	0.00540	0.00489	0.00133	0.00491	0.00437	0.00452	0.43633
6	0.01160	0.01096	0.01855	0.64722	0.16968	0.01308	0.01646	0.01540	0.01192	0.01560	0.01044	0.01530	0.00801	0.00570	0.00580	0.00190	0.00760	0.00517	0.00264	0.00696
7	0.02416	0.01093	0.01397	0.01065	0.01524	0.00994	0.00878	0.13718	0.01787	0.58111	0.02037	0.01817	0.01316	0.00689	0.00570	0.00170	0.00511	0.00553	0.00663	0.08691
8	0.01104	0.00631	0.00665	0.00647	0.00784	0.00645	0.00472	0.06004	0.03299	0.02087	0.01993	0.09531	0.01760	0.09994	0.00752	0.00199	0.00341	0.00684	0.57856	0.00553
9	0.37136	0.01232	0.01349	0.10716	0.01682	0.06017	0.03476	0.01604	0.01044	0.01982	0.00908	0.01227	0.00759	0.00803	0.03232	0.00223	0.22099	0.00428	0.03450	0.00635
10	0.00910	0.00735	0.00985	0.18144	0.01602	0.00795	0.00794	0.01263	0.10314	0.01592	0.05400	0.32723	0.08606	0.12287	0.00992	0.00263	0.00477	0.01103	0.00461	0.00555
11	0.06355	0.08748	0.01641	0.02662	0.01613	0.13005	0.05527	0.12811	0.08299	0.06190	0.01821	0.01883	0.10271	0.00738	0.00640	0.00169	0.06277	0.00560	0.00422	0.10367

[dist]
# distance from previous block
# <min> <max>
0	28

[block]
# block no. 2 follows, 40 sequences, length 9
# corresponding to MSA columns:
# 91-99
name=unknown_C
#
# <colnr> <probs for GDERKNQSTAVLIFYWHMCP>
#	G	D	E	R	K	N	Q	S	T	A	V	L	I	F	Y	W	H	M	C	P
0	0.18469	0.02471	0.01302	0.10102	0.01662	0.01135	0.02866	0.11715	0.04480	0.11079	0.06820	0.05627	0.01472	0.01079	0.08213	0.00250	0.00628	0.00579	0.00450	0.09599
1	0.01390	0.01050	0.01312	0.06278	0.01543	0.01025	0.02901	0.13934	0.03780	0.06772	0.01726	0.01963	0.08501	0.04147	0.00893	0.08674	0.04871	0.00557	0.00415	0.28267
2	0.01279	0.00986	0.01066	0.00957	0.01202	0.04150	0.00736	0.10956	0.19002	0.06532	0.26710	0.10519	0.11366	0.01073	0.00643	0.00190	0.00418	0.00914	0.00591	0.00709
3	0.09661	0.01064	0.01546	0.41963	0.02780	0.01208	0.04867	0.08540	0.01280	0.01833	0.01203	0.04168	0.01027	0.08520	0.00794	0.00220	0.00674	0.00560	0.00328	0.07764
4	0.01515	0.01293	0.01658	0.09234	0.01909	0.05192	0.10065	0.09019	0.27561	0.07378	0.01699	0.01968	0.01347	0.08817	0.00970	0.00234	0.08279	0.00619	0.00456	0.00788
5	0.00901	0.00744	0.01046	0.03954	0.08776	0.00748	0.02462	0.01178	0.05398	0.01783	0.19047	0.33430	0.12271	0.01338	0.00740	0.00209	0.03699	0.01184	0.00511	0.00583
6	0.09939	0.22087	0.07908	0.01680	0.09296	0.11507	0.13683	0.01791	0.01226	0.01681	0.00922	0.01186	0.00778	0.00604	0.00727	0.00176	0.13345	0.00446	0.00279	0.00740
7	0.00930	0.00666	0.00851	0.00905	0.01052	0.00648	0.00723	0.01245	0.06681	0.04294	0.14006	0.20803	0.13892	0.01483	0.00734	0.00231	0.00415	0.29319	0.00563	0.00561
8	0.01601	0.50181	0.08518	0.01082	0.01538	0.09067	0.01041	0.01819	0.01271	0.08931	0.01231	0.09098	0.01133	0.00670	0.00461	0.00149	0.00640	0.00492	0.00330	0.00745

[dist]
# distance from previous block
# <min> <max>
0	1

[block]
# block no. 3 follows, 40 sequences, length 22
# corresponding to MSA columns:
# 101-122
name=unknown_D
#
# <colnr> <probs for GDERKNQSTAVLIFYWHMCP>
#	G	D	E	R	K	N	Q	S	T	A	V	L	I	F	Y	W	H	M	C	P
0	0.01132	0.01017	0.01657	0.70122	0.03695	0.01254	0.01511	0.03757	0.01216	0.01604	0.01108	0.01590	0.00834	0.00592	0.00569	0.00189	0.00734	0.00519	0.06252	0.00649
1	0.00884	0.00640	0.00893	0.00880	0.00970	0.00721	0.00654	0.03359	0.00969	0.01368	0.01592	0.02554	0.01561	0.19756	0.56940	0.03490	0.01288	0.00662	0.00327	0.00491
2	0.01121	0.01078	0.01885	0.71853	0.03925	0.01307	0.07635	0.01517	0.01180	0.01517	0.01046	0.01552	0.00784	0.00574	0.00590	0.00194	0.00792	0.00531	0.00261	0.00658
3	0.01235	0.01041	0.01211	0.00883	0.01377	0.00813	0.00703	0.04998	0.01277	0.01965	0.01140	0.04379	0.00989	0.00500	0.00451	0.00097	0.00437	0.00406	0.00364	0.75733
4	0.02087	0.01447	0.01610	0.04655	0.01783	0.01580	0.01050	0.56416	0.04240	0.10773	0.01574	0.03986	0.01157	0.00732	0.00580	0.00177	0.00602	0.00569	0.04044	0.00937
5	0.00880	0.00695	0.00959	0.00948	0.01049	0.02817	0.00731	0.01072	0.00948	0.01340	0.01534	0.02312	0.01454	0.08536	0.68828	0.00873	0.03568	0.00626	0.00312	0.00517
6	0.02172	0.02772	0.01648	0.01498	0.01798	0.77228	0.01124	0.02322	0.01648	0.01423	0.00899	0.01049	0.00749	0.00599	0.00524	0.00150	0.01049	0.00375	0.00300	0.00674
7	0.00917	0.00615	0.00792	0.00735	0.00888	0.00563	0.00551	0.01168	0.01593	0.06430	0.63854	0.04268	0.09652	0.04483	0.00776	0.00200	0.00300	0.01028	0.00626	0.00562
8	0.05715	0.01401	0.01562	0.01217	0.01656	0.01492	0.00999	0.48570	0.04612	0.21830	0.01682	0.03867	0.01197	0.00733	0.00578	0.00179	0.00581	0.00568	0.00606	0.00956
9	0.01206	0.01034	0.01206	0.00861	0.01378	0.00775	0.00689	0.01464	0.01206	0.01895	0.01034	0.01206	0.00861	0.00431	0.00431	0.00086	0.00431	0.00345	0.00345	0.83118
10	0.83671	0.01125	0.00855	0.00765	0.01125	0.01305	0.00630	0.01709	0.00990	0.02609	0.00810	0.00945	0.00630	0.00540	0.00360	0.00180	0.00450	0.00315	0.00360	0.00630
11	0.02032	0.01147	0.01371	0.01109	0.01466	0.01182	0.00892	0.24904	0.09098	0.30791	0.01905	0.02129	0.01426	0.07218	0.00914	0.05022	0.02313	0.03633	0.00588	0.00861
12	0.01378	0.03512	0.01279	0.01156	0.01350	0.27387	0.00893	0.01656	0.05942	0.01472	0.01345	0.01775	0.01189	0.02498	0.38769	0.00546	0.03877	0.00524	0.02843	0.00609
13	0.00772	0.00554	0.00733	0.00841	0.00910	0.00525	0.00612	0.00919	0.01201	0.01594	0.09088	0.51153	0.06847	0.05290	0.00850	0.00252	0.00383	0.16449	0.00538	0.00487
14	0.01206	0.01034	0.01206	0.00861	0.01378	0.00775	0.00689	0.01464	0.01206	0.01895	0.01034	0.01206	0.00861	0.00431	0.00431	0.00086	0.00431	0.00345	0.00345	0.83118
15	0.00823	0.00594	0.00777	0.00732	0.00869	0.00549	0.00549	0.01097	0.01646	0.02332	0.75629	0.04344	0.05487	0.01189	0.00686	0.00183	0.00274	0.01052	0.00640	0.00549
16	0.15103	0.00668	0.00757	0.00740	0.00893	0.00664	0.00547	0.01128	0.01384	0.02135	0.43019	0.17252	0.07245	0.05050	0.00751	0.00211	0.00331	0.01030	0.00555	0.00537
17	0.01210	0.01012	0.01531	0.52493	0.03094	0.01207	0.01333	0.01778	0.13329	0.05695	0.05884	0.03625	0.01351	0.00691	0.00588	0.00192	0.00652	0.00602	0.03037	0.00696
18	0.01113	0.00987	0.01626	0.49203	0.08277	0.01151	0.03722	0.01458	0.01263	0.03415	0.12937	0.04565	0.01714	0.00755	0.00658	0.00196	0.03327	0.02632	0.00349	0.00654
19	0.04967	0.29372	0.22963	0.21816	0.02433	0.01639	0.01458	0.01763	0.01209	0.05953	0.01021	0.01242	0.00787	0.00550	0.00491	0.00165	0.00714	0.00415	0.00283	0.00760
20	0.10033	0.24596	0.08360	0.05192	0.05278	0.10020	0.04078	0.09611	0.03037	0.10714	0.01155	0.01259	0.00882	0.00574	0.00490	0.00159	0.00676	0.00427	0.00370	0.03089
21	0.23604	0.16641	0.15148	0.07275	0.01811	0.04615	0.03845	0.01876	0.03271	0.10420	0.03453	0.03500	0.01059	0.00621	0.00487	0.00173	0.00625	0.00467	0.00366	0.00745

[dist]
# distance from previous block
# <min> <max>
1	15

[block]
# block no. 4 follows, 40 sequences, length 55
# corresponding to MSA columns:
# 138-192
name=unknown_E
#
# <colnr> <probs for GDERKNQSTAVLIFYWHMCP>
#	G	D	E	R	K	N	Q	S	T	A	V	L	I	F	Y	W	H	M	C	P
0	0.03237	0.00827	0.01031	0.02766	0.01210	0.00739	0.00676	0.03065	0.01388	0.12835	0.23586	0.02694	0.05564	0.05793	0.08106	0.00250	0.00518	0.00690	0.00496	0.24529
1	0.01077	0.00708	0.02736	0.00790	0.00985	0.00610	0.00622	0.01342	0.01602	0.12533	0.59358	0.03946	0.06240	0.03966	0.00751	0.00197	0.00331	0.00968	0.00629	0.00609
2	0.00750	0.00569	0.00692	0.00709	0.00836	0.00510	0.00513	0.00939	0.01405	0.01870	0.34723	0.24761	0.26717	0.01446	0.00701	0.00201	0.00297	0.01267	0.00582	0.00510
3	0.01297	0.01351	0.02251	0.03668	0.02019	0.01681	0.21977	0.01534	0.01035	0.01534	0.00888	0.01364	0.00798	0.00857	0.01527	0.00236	0.54481	0.00560	0.00266	0.00679
4	0.01115	0.00572	0.00575	0.00564	0.00708	0.00577	0.00426	0.03350	0.01261	0.02209	0.01883	0.02147	0.01477	0.00678	0.00411	0.00137	0.00281	0.00541	0.80533	0.00554
5	0.00937	0.00669	0.00937	0.01071	0.01205	0.00669	0.00937	0.01205	0.01339	0.01740	0.03079	0.06560	0.03347	0.01606	0.00803	0.00268	0.00535	0.72021	0.00535	0.00535
6	0.01403	0.01339	0.02246	0.07482	0.67468	0.01357	0.01711	0.01793	0.03992	0.01889	0.01254	0.01573	0.02768	0.00555	0.00579	0.00175	0.00677	0.00540	0.00303	0.00896
7	0.01010	0.00505	0.00758	0.00758	0.00758	0.00505	0.00505	0.00758	0.00758	0.01010	0.01010	0.01768	0.01010	0.02020	0.02273	0.83081	0.00505	0.00505	0.00253	0.00253
8	0.83671	0.01125	0.00855	0.00765	0.01125	0.01305	0.00630	0.01709	0.00990	0.02609	0.00810	0.00945	0.00630	0.00540	0.00360	0.00180	0.00450	0.00315	0.00360	0.00630
9	0.00709	0.00506	0.00675	0.00810	0.00843	0.00472	0.00540	0.00810	0.01113	0.01484	0.03205	0.79184	0.03846	0.01822	0.00742	0.00236	0.00337	0.01653	0.00540	0.00472
10	0.00771	0.00592	0.00706	0.00677	0.00837	0.00527	0.00508	0.00997	0.01524	0.02042	0.49101	0.04820	0.32195	0.01297	0.00686	0.00188	0.00282	0.01118	0.00602	0.00527
11	0.01206	0.01034	0.01206	0.00861	0.01378	0.00775	0.00689	0.01464	0.01206	0.01895	0.01034	0.01206	0.00861	0.00431	0.00431	0.00086	0.00431	0.00345	0.00345	0.83118
12	0.09644	0.01645	0.01659	0.01294	0.01741	0.05875	0.01063	0.63486	0.02516	0.03446	0.01315	0.01336	0.00943	0.00678	0.00558	0.00174	0.00645	0.00496	0.00546	0.00939
13	0.00846	0.00564	0.00634	0.00634	0.00634	0.00564	0.00352	0.00846	0.00846	0.01128	0.01832	0.03805	0.02114	0.79563	0.02960	0.00564	0.00564	0.00846	0.00352	0.00352
14	0.01530	0.01245	0.01328	0.01179	0.01518	0.01424	0.00922	0.04955	0.68976	0.06500	0.02337	0.02139	0.01736	0.00783	0.00591	0.00196	0.00467	0.00650	0.00598	0.00926
15	0.09432	0.01455	0.02134	0.03035	0.59628	0.05858	0.01591	0.06450	0.01402	0.02053	0.01075	0.01366	0.00887	0.00537	0.00552	0.00172	0.00685	0.00491	0.00314	0.00883
16	0.01462	0.01425	0.02338	0.03505	0.73615	0.03756	0.01764	0.01802	0.01334	0.01885	0.01088	0.01427	0.00916	0.00521	0.00574	0.00172	0.00702	0.00514	0.00288	0.00913
17	0.01659	0.03295	0.01435	0.01220	0.01569	0.09497	0.00958	0.09876	0.54640	0.06167	0.02076	0.01937	0.01548	0.00750	0.00578	0.00187	0.00546	0.00603	0.00558	0.00900
18	0.01272	0.23887	0.56595	0.01478	0.02239	0.01609	0.01835	0.01814	0.01215	0.01713	0.00980	0.01148	0.00739	0.00538	0.00504	0.00168	0.00795	0.00397	0.00246	0.00829
19	0.01439	0.01382	0.02360	0.03569	0.75936	0.01382	0.01785	0.01785	0.01324	0.01900	0.01094	0.01439	0.00921	0.00518	0.00576	0.00173	0.00691	0.00518	0.00288	0.00921
20	0.01198	0.01018	0.01184	0.00863	0.01355	0.00780	0.00687	0.03006	0.01240	0.01912	0.01243	0.03705	0.03047	0.00508	0.00451	0.00096	0.00429	0.00413	0.00361	0.76505
21	0.01555	0.79913	0.03047	0.00995	0.01493	0.02301	0.00995	0.01741	0.01182	0.01368	0.00808	0.00933	0.00746	0.00498	0.00373	0.00124	0.00622	0.00311	0.00249	0.00746
22	0.01113	0.01014	0.01380	0.01220	0.01228	0.01343	0.00961	0.01210	0.00881	0.01317	0.01137	0.02089	0.01211	0.24089	0.08267	0.00399	0.49692	0.00616	0.00287	0.00544
23	0.00837	0.00598	0.00808	0.00808	0.00868	0.00658	0.00569	0.00957	0.00897	0.01256	0.01674	0.02926	0.01733	0.36102	0.45899	0.00778	0.01138	0.00717	0.00329	0.00449
24	0.01276	0.01215	0.02065	0.39339	0.41444	0.01339	0.01703	0.01641	0.01247	0.01701	0.01065	0.01493	0.00851	0.00548	0.00578	0.00183	0.00731	0.00517	0.00274	0.00789
25	0.00928	0.00666	0.00925	0.01054	0.01190	0.00663	0.00919	0.01192	0.01338	0.01734	0.03180	0.06525	0.05943	0.01602	0.00799	0.00265	0.00527	0.69482	0.00536	0.00534
26	0.00846	0.00564	0.00634	0.00634	0.00634	0.00564	0.00352	0.00846	0.00846	0.01128	0.01832	0.03805	0.02114	0.79563	0.02960	0.00564	0.00564	0.00846	0.00352	0.00352
27	0.02172	0.02772	0.01648	0.01498	0.01798	0.77228	0.01124	0.02322	0.01648	0.01423	0.00899	0.01049	0.00749	0.00599	0.00524	0.00150	0.01049	0.00375	0.00300	0.00674
28	0.02609	0.00990	0.01350	0.01035	0.01484	0.00855	0.00855	0.02834	0.01664	0.76338	0.02294	0.01979	0.01439	0.00720	0.00585	0.00180	0.00495	0.00585	0.00720	0.00990
29	0.01098	0.01034	0.01744	0.78165	0.04005	0.01292	0.01615	0.01486	0.01163	0.01486	0.01034	0.01550	0.00775	0.00581	0.00581	0.00194	0.00775	0.00517	0.00258	0.00646
30	0.02211	0.01629	0.01745	0.01338	0.01803	0.01803	0.01105	0.73997	0.02734	0.03665	0.01396	0.01396	0.00989	0.00698	0.00582	0.00175	0.00640	0.00524	0.00582	0.00989
31	0.01166	0.03008	0.76550	0.01657	0.02517	0.01351	0.02149	0.01842	0.01228	0.01842	0.01044	0.01228	0.00737	0.00552	0.00552	0.00184	0.00859	0.00430	0.00246	0.00859
32	0.02211	0.01629	0.01745	0.01338	0.01803	0.01803	0.01105	0.73997	0.02734	0.03665	0.01396	0.01396	0.00989	0.00698	0.00582	0.00175	0.00640	0.00524	0.00582	0.00989
33	0.00740	0.00586	0.00665	0.00657	0.00820	0.00511	0.00488	0.00932	0.01433	0.01852	0.31939	0.09741	0.44798	0.01388	0.00690	0.00194	0.00290	0.01188	0.00578	0.00511
34	0.09078	0.04872	0.01734	0.04074	0.26956	0.05099	0.02997	0.05670	0.04965	0.09984	0.01349	0.01555	0.01052	0.00710	0.02470	0.00191	0.04872	0.00506	0.11065	0.00799
35	0.01221	0.05225	0.68691	0.01667	0.02492	0.01375	0.05998	0.01861	0.01244	0.03444	0.01071	0.01254	0.00760	0.00551	0.00555	0.00183	0.00851	0.00443	0.00259	0.00855
36	0.01426	0.01369	0.02337	0.06388	0.73218	0.01378	0.01778	0.01773	0.01318	0.01884	0.01092	0.01443	0.00916	0.00521	0.00576	0.00174	0.00694	0.00518	0.00287	0.00911
37	0.02381	0.00977	0.01295	0.01007	0.01432	0.00859	0.00826	0.04349	0.03260	0.64867	0.04811	0.02226	0.05608	0.00771	0.00590	0.00179	0.00478	0.00630	0.00693	0.02761
38	0.02211	0.01629	0.01745	0.01338	0.01803	0.01803	0.01105	0.73997	0.02734	0.03665	0.01396	0.01396	0.00989	0.00698	0.00582	0.00175	0.00640	0.00524	0.00582	0.00989
39	0.00846	0.00564	0.00634	0.00634	0.00634	0.00564	0.00352	0.00846	0.00846	0.01128	0.01832	0.03805	0.02114	0.79563	0.02960	0.00564	0.00564	0.00846	0.00352	0.00352
40	0.01098	0.01034	0.01744	0.78165	0.04005	0.01292	0.01615	0.01486	0.01163	0.01486	0.01034	0.01550	0.00775	0.00581	0.00581	0.00194	0.00775	0.00517	0.00258	0.00646
41	0.01098	0.01034	0.01744	0.78165	0.04005	0.01292	0.01615	0.01486	0.01163	0.01486	0.01034	0.01550	0.00775	0.00581	0.00581	0.00194	0.00775	0.00517	0.00258	0.00646
42	0.00709	0.00506	0.00675	0.00810	0.00843	0.00472	0.00540	0.00810	0.01113	0.01484	0.03205	0.79184	0.03846	0.01822	0.00742	0.00236	0.00337	0.01653	0.00540	0.00472
43	0.00733	0.00554	0.00677	0.00725	0.00833	0.00498	0.00514	0.00894	0.01317	0.01736	0.23341	0.37818	0.25146	0.01551	0.00711	0.00210	0.00308	0.01369	0.00567	0.00498
44	0.01324	0.01070	0.01305	0.00939	0.01453	0.00839	0.03075	0.04154	0.01291	0.06021	0.01120	0.01267	0.00898	0.00458	0.00453	0.00098	0.00459	0.00375	0.00372	0.73029
45	0.06228	0.01452	0.02078	0.02926	0.55749	0.08086	0.01553	0.01876	0.06061	0.01901	0.01151	0.01450	0.00960	0.00694	0.03343	0.00202	0.02611	0.00506	0.00313	0.00861
46	0.02135	0.02426	0.01659	0.01490	0.03626	0.56630	0.01118	0.18205	0.01870	0.01952	0.01040	0.01164	0.00825	0.00621	0.00535	0.00156	0.00929	0.00415	0.02456	0.00747
47	0.01098	0.01034	0.01744	0.78165	0.04005	0.01292	0.01615	0.01486	0.01163	0.01486	0.01034	0.01550	0.00775	0.00581	0.00581	0.00194	0.00775	0.00517	0.00258	0.00646
48	0.04204	0.00564	0.00554	0.00550	0.00694	0.00571	0.00415	0.01368	0.01211	0.02185	0.01856	0.02122	0.01458	0.00672	0.00405	0.00137	0.00278	0.00533	0.79677	0.00545
49	0.00712	0.00508	0.00678	0.00808	0.00844	0.00474	0.00540	0.00817	0.01128	0.01507	0.05157	0.77167	0.03890	0.01805	0.00741	0.00235	0.00336	0.01637	0.00543	0.00474
50	0.00952	0.00652	0.00834	0.00770	0.00936	0.00613	0.00583	0.01296	0.05638	0.06377	0.66087	0.04123	0.06596	0.01148	0.00675	0.00184	0.00297	0.01008	0.00640	0.00592
51	0.02325	0.00989	0.01301	0.01025	0.01434	0.00899	0.00836	0.04671	0.07626	0.60913	0.09611	0.02215	0.01859	0.00772	0.00595	0.00181	0.00474	0.00636	0.00698	0.00940
52	0.00888	0.00609	0.00798	0.00743	0.00891	0.00560	0.00560	0.01161	0.01647	0.05025	0.72960	0.04258	0.05340	0.01172	0.00682	0.00183	0.00282	0.01035	0.00643	0.00565
53	0.01208	0.11240	0.68682	0.01587	0.02407	0.01452	0.02025	0.01831	0.01223	0.01791	0.01018	0.01196	0.00738	0.00547	0.00533	0.00178	0.00834	0.00417	0.00246	0.00847
54	0.83671	0.01125	0.00855	0.00765	0.01125	0.01305	0.00630	0.01709	0.00990	0.02609	0.00810	0.00945	0.00630	0.00540	0.00360	0.00180	0.00450	0.00315	0.00360	0.00630

[dist]
# distance from previous block
# <min> <max>
0	20

[block]
# block no. 5 follows, 40 sequences, length 6
# corresponding to MSA columns:
# 213-218
name=unknown_F
#
# <colnr> <probs for GDERKNQSTAVLIFYWHMCP>
#	G	D	E	R	K	N	Q	S	T	A	V	L	I	F	Y	W	H	M	C	P
0	0.00846	0.00564	0.00634	0.00634	0.00634	0.00564	0.00352	0.00846	0.00846	0.01128	0.01832	0.03805	0.02114	0.79563	0.02960	0.00564	0.00564	0.00846	0.00352	0.00352
1	0.00832	0.00617	0.00904	0.00904	0.00997	0.00710	0.00689	0.01019	0.00925	0.01327	0.01586	0.02440	0.01521	0.12042	0.69670	0.00897	0.01456	0.00646	0.00316	0.00502
2	0.01166	0.03008	0.76550	0.01657	0.02517	0.01351	0.02149	0.01842	0.01228	0.01842	0.01044	0.01228	0.00737	0.00552	0.00552	0.00184	0.00859	0.00430	0.00246	0.00859
3	0.01010	0.00505	0.00758	0.00758	0.00758	0.00505	0.00505	0.00758	0.00758	0.01010	0.01010	0.01768	0.01010	0.02020	0.02273	0.83081	0.00505	0.00505	0.00253	0.00253
4	0.01439	0.01382	0.02360	0.03569	0.75936	0.01382	0.01785	0.01785	0.01324	0.01900	0.01094	0.01439	0.00921	0.00518	0.00576	0.00173	0.00691	0.00518	0.00288	0.00921
5	0.01514	0.01524	0.02288	0.03358	0.68363	0.09128	0.01717	0.01840	0.01357	0.01851	0.01074	0.01399	0.00904	0.00526	0.00570	0.00170	0.00727	0.00503	0.00289	0.00896

[dist]
# distance from previous block
# <min> <max>
0	1

[block]
# block no. 6 follows, 40 sequences, length 31
# corresponding to MSA columns:
# 220-250
name=unknown_G
#
# <colnr> <probs for GDERKNQSTAVLIFYWHMCP>
#	G	D	E	R	K	N	Q	S	T	A	V	L	I	F	Y	W	H	M	C	P
0	0.79904	0.01101	0.00851	0.00763	0.01113	0.01270	0.00626	0.01682	0.01019	0.02596	0.04211	0.01099	0.00851	0.00569	0.00375	0.00180	0.00442	0.00348	0.00373	0.00626
1	0.04447	0.01514	0.01719	0.01306	0.01778	0.01614	0.04399	0.57070	0.02400	0.07021	0.01375	0.01400	0.00982	0.00656	0.00564	0.00166	0.00620	0.00509	0.00543	0.09918
2	0.01412	0.01354	0.02311	0.09571	0.70148	0.01374	0.01771	0.01761	0.01311	0.01867	0.01089	0.01448	0.00909	0.00523	0.00576	0.00174	0.00698	0.00518	0.00285	0.00899
3	0.01439	0.01382	0.02360	0.03569	0.75936	0.01382	0.01785	0.01785	0.01324	0.01900	0.01094	0.01439	0.00921	0.00518	0.00576	0.00173	0.00691	0.00518	0.00288	0.00921
4	0.01338	0.01493	0.03206	0.02372	0.05341	0.01403	0.66064	0.01807	0.01383	0.01883	0.04763	0.01823	0.01165	0.00553	0.00686	0.00196	0.00926	0.02511	0.00316	0.00771
5	0.01206	0.01034	0.01206	0.00861	0.01378	0.00775	0.00689	0.01464	0.01206	0.01895	0.01034	0.01206	0.00861	0.00431	0.00431	0.00086	0.00431	0.00345	0.00345	0.83118
6	0.00831	0.00623	0.00935	0.00935	0.01038	0.00727	0.00727	0.01038	0.00935	0.01350	0.01558	0.02285	0.01454	0.04361	0.77259	0.00935	0.01558	0.00623	0.00312	0.00519
7	0.00831	0.00623	0.00935	0.00935	0.01038	0.00727	0.00727	0.01038	0.00935	0.01350	0.01558	0.02285	0.01454	0.04361	0.77259	0.00935	0.01558	0.00623	0.00312	0.00519
8	0.00699	0.00586	0.00607	0.00610	0.00794	0.00495	0.00454	0.00854	0.01342	0.01627	0.11240	0.08598	0.67174	0.01465	0.00689	0.00197	0.00295	0.01231	0.00548	0.00495
9	0.01264	0.01261	0.01779	0.05011	0.01639	0.01759	0.01288	0.01403	0.00903	0.01403	0.00776	0.01285	0.00764	0.00998	0.01848	0.00252	0.74965	0.00509	0.00255	0.00637
10	0.00843	0.00566	0.00650	0.00664	0.00672	0.00564	0.00389	0.00860	0.00882	0.01174	0.01961	0.07843	0.02261	0.71923	0.02745	0.00533	0.00551	0.04182	0.00371	0.00367
11	0.01453	0.01652	0.07837	0.10062	0.42181	0.09532	0.15191	0.01833	0.01346	0.01798	0.01079	0.01417	0.00868	0.00530	0.00590	0.00177	0.00804	0.00528	0.00284	0.00838
12	0.01602	0.74033	0.02941	0.01033	0.01516	0.08012	0.01005	0.01786	0.01217	0.01372	0.00815	0.00942	0.00746	0.00505	0.00385	0.00126	0.00654	0.00316	0.00253	0.00741
13	0.48817	0.07242	0.04658	0.02796	0.01606	0.03119	0.11230	0.01762	0.01103	0.04899	0.00928	0.01125	0.00725	0.00580	0.00564	0.00184	0.07235	0.00404	0.00338	0.00685
14	0.01151	0.01117	0.01952	0.63130	0.07210	0.01338	0.09180	0.01536	0.01180	0.01541	0.01039	0.01534	0.00793	0.00589	0.00654	0.00196	0.04390	0.00534	0.00263	0.00673
15	0.01262	0.01032	0.01225	0.02767	0.01447	0.00791	0.00719	0.01522	0.01224	0.05020	0.01087	0.01247	0.00884	0.00447	0.00441	0.00093	0.00442	0.00359	0.00358	0.77634
16	0.00715	0.00514	0.00680	0.00810	0.00853	0.00479	0.00549	0.00823	0.01128	0.01496	0.03298	0.74268	0.06412	0.01803	0.00742	0.00236	0.00342	0.03839	0.00540	0.00475
17	0.00817	0.00590	0.00772	0.00736	0.00867	0.00544	0.00548	0.01081	0.01616	0.02285	0.71598	0.08509	0.05396	0.01224	0.00689	0.00186	0.00278	0.01085	0.00635	0.00544
18	0.00838	0.00565	0.00632	0.00632	0.00641	0.00560	0.00357	0.00845	0.00868	0.01148	0.02020	0.03888	0.05520	0.75949	0.02855	0.00547	0.00551	0.00863	0.00361	0.00359
19	0.02609	0.00990	0.01350	0.01035	0.01484	0.00855	0.00855	0.02834	0.01664	0.76338	0.02294	0.01979	0.01439	0.00720	0.00585	0.00180	0.00495	0.00585	0.00720	0.00990
20	0.07777	0.01021	0.01332	0.01028	0.01473	0.00918	0.00849	0.05319	0.01660	0.69013	0.02167	0.01892	0.01372	0.00707	0.00570	0.00180	0.00497	0.00565	0.00692	0.00967
21	0.00709	0.00506	0.00675	0.00810	0.00843	0.00472	0.00540	0.00810	0.01113	0.01484	0.03205	0.79184	0.03846	0.01822	0.00742	0.00236	0.00337	0.01653	0.00540	0.00472
22	0.00835	0.00605	0.00841	0.00841	0.00912	0.00676	0.00610	0.00978	0.00907	0.01281	0.01643	0.02759	0.01660	0.27829	0.54073	0.00819	0.01247	0.00693	0.00324	0.00467
23	0.01555	0.79913	0.03047	0.00995	0.01493	0.02301	0.00995	0.01741	0.01182	0.01368	0.00808	0.00933	0.00746	0.00498	0.00373	0.00124	0.00622	0.00311	0.00249	0.00746
24	0.01848	0.01396	0.01512	0.01234	0.01611	0.01566	0.00997	0.42080	0.24796	0.04665	0.01762	0.01849	0.01334	0.03174	0.00696	0.00196	0.02894	0.02008	0.03469	0.00913
25	0.01067	0.00558	0.00805	0.00785	0.00807	0.00567	0.00534	0.04240	0.00852	0.01136	0.01028	0.01750	0.01009	0.01957	0.02192	0.79138	0.00511	0.00506	0.00268	0.00288
26	0.01379	0.01774	0.21974	0.05579	0.18385	0.01363	0.13128	0.05450	0.14925	0.03755	0.03872	0.01646	0.01184	0.00609	0.00592	0.00184	0.00717	0.00563	0.00369	0.02550
27	0.02142	0.02640	0.01637	0.01473	0.01780	0.70149	0.01113	0.07233	0.01705	0.01576	0.00949	0.01103	0.00783	0.00698	0.02412	0.00171	0.01033	0.00391	0.00319	0.00692
28	0.02092	0.01506	0.01646	0.01262	0.01725	0.01612	0.01042	0.60417	0.02475	0.07391	0.01443	0.01522	0.01052	0.00690	0.00570	0.00167	0.00606	0.02108	0.00562	0.10113
29	0.11765	0.02720	0.64707	0.01598	0.04442	0.01346	0.01943	0.01823	0.01200	0.01942	0.01015	0.01197	0.00728	0.00550	0.00528	0.00183	0.00802	0.00418	0.00261	0.00832
30	0.83671	0.01125	0.00855	0.00765	0.01125	0.01305	0.00630	0.01709	0.00990	0.02609	0.00810	0.00945	0.00630	0.00540	0.00360	0.00180	0.00450	0.00315	0.00360	0.00630

[dist]
# distance from previous block
# <min> <max>
0	11

[block]
# block no. 7 follows, 40 sequences, length 40
# corresponding to MSA columns:
# 262-301
name=unknown_H
#
# <colnr> <probs for GDERKNQSTAVLIFYWHMCP>
#	G	D	E	R	K	N	Q	S	T	A	V	L	I	F	Y	W	H	M	C	P
0	0.01198	0.09295	0.70541	0.01603	0.02433	0.01428	0.02054	0.01833	0.01224	0.01803	0.01024	0.01204	0.00737	0.00548	0.00538	0.00179	0.00840	0.00420	0.00246	0.00850
1	0.03110	0.00900	0.01100	0.01246	0.12178	0.00916	0.00822	0.01653	0.20723	0.01986	0.13249	0.03863	0.28678	0.01099	0.00646	0.00196	0.00415	0.06014	0.00525	0.00682
2	0.00770	0.00619	0.00804	0.00866	0.00952	0.02425	0.03634	0.00895	0.01166	0.01511	0.03428	0.63952	0.13422	0.01688	0.00727	0.00227	0.00376	0.01523	0.00523	0.00493
3	0.01085	0.02946	0.01278	0.01130	0.01244	0.03111	0.00909	0.05732	0.01060	0.01510	0.01305	0.01899	0.01209	0.03067	0.48927	0.00669	0.21445	0.00573	0.00312	0.00589
4	0.01517	0.01284	0.01355	0.01198	0.01539	0.01480	0.00938	0.09681	0.68178	0.02547	0.02277	0.02098	0.01702	0.00781	0.00591	0.00195	0.00477	0.00645	0.00591	0.00927
5	0.00846	0.00561	0.00634	0.00638	0.00642	0.00560	0.00360	0.00856	0.00863	0.01162	0.01879	0.06250	0.02158	0.75291	0.02831	0.00544	0.00550	0.00866	0.02150	0.00360
6	0.01472	0.01262	0.01330	0.01189	0.01522	0.01459	0.00927	0.05495	0.72438	0.02474	0.02334	0.02143	0.01748	0.00786	0.00591	0.00196	0.00466	0.00653	0.00591	0.00923
7	0.00687	0.00589	0.00589	0.00589	0.00785	0.00491	0.00442	0.00835	0.01325	0.01571	0.05891	0.05596	0.75700	0.01473	0.00687	0.00196	0.00295	0.01227	0.00540	0.00491
8	0.00729	0.00520	0.00678	0.00784	0.00839	0.00483	0.00533	0.00855	0.01183	0.01595	0.10985	0.65734	0.07525	0.01710	0.00725	0.00226	0.00327	0.01541	0.02544	0.00483
9	0.01446	0.01249	0.01315	0.01183	0.01512	0.01446	0.00920	0.03090	0.74885	0.02433	0.02367	0.02170	0.01775	0.00789	0.00592	0.00197	0.00460	0.00657	0.00592	0.00920
10	0.01503	0.01256	0.01331	0.01185	0.01522	0.01444	0.00925	0.05624	0.70481	0.04313	0.02330	0.02137	0.01739	0.00784	0.00591	0.00196	0.00468	0.00651	0.00595	0.00925
11	0.01721	0.02955	0.01581	0.23108	0.02247	0.01430	0.01141	0.33011	0.05169	0.08189	0.01437	0.01598	0.01047	0.00671	0.00585	0.00177	0.02285	0.00529	0.10295	0.00822
12	0.02018	0.01311	0.01469	0.01153	0.01550	0.01393	0.00942	0.47528	0.02308	0.15557	0.11230	0.01931	0.01684	0.00764	0.00584	0.00174	0.00542	0.00604	0.06358	0.00901
13	0.02211	0.01629	0.01745	0.01338	0.01803	0.01803	0.01105	0.73997	0.02734	0.03665	0.01396	0.01396	0.00989	0.00698	0.00582	0.00175	0.00640	0.00524	0.00582	0.00989
14	0.02019	0.01452	0.01624	0.01362	0.05309	0.01574	0.01057	0.48231	0.14498	0.10118	0.01728	0.01680	0.02993	0.00718	0.00582	0.00177	0.00585	0.00564	0.00575	0.03154
15	0.05224	0.01255	0.01480	0.04904	0.01703	0.02981	0.00970	0.25514	0.05292	0.40234	0.01839	0.01707	0.01222	0.00695	0.00572	0.00177	0.00563	0.00546	0.00617	0.02503
16	0.00720	0.00511	0.00671	0.00795	0.00826	0.00480	0.00524	0.00813	0.01091	0.01455	0.03090	0.72860	0.03701	0.08344	0.00928	0.00264	0.00356	0.01585	0.00524	0.00462
17	0.08925	0.06893	0.17354	0.04780	0.14497	0.03298	0.24697	0.01800	0.01284	0.03993	0.02708	0.03036	0.00992	0.00580	0.00611	0.00184	0.02715	0.00555	0.00309	0.00788
18	0.01013	0.00507	0.00748	0.00748	0.00754	0.00507	0.00501	0.00783	0.00777	0.01059	0.01048	0.01785	0.01030	0.01964	0.02194	0.79580	0.00495	0.00507	0.03737	0.00265
19	0.00708	0.00509	0.00672	0.00802	0.00841	0.00473	0.00536	0.00811	0.01121	0.01488	0.03301	0.76545	0.06422	0.01809	0.00740	0.00235	0.00336	0.01638	0.00540	0.00473
20	0.01272	0.01272	0.01781	0.01527	0.01527	0.01781	0.01272	0.01399	0.00891	0.01399	0.00763	0.01272	0.00763	0.01018	0.01908	0.00254	0.78499	0.00509	0.00254	0.00636
21	0.01555	0.79913	0.03047	0.00995	0.01493	0.02301	0.00995	0.01741	0.01182	0.01368	0.00808	0.00933	0.00746	0.00498	0.00373	0.00124	0.00622	0.00311	0.00249	0.00746
22	0.01098	0.01034	0.01744	0.78165	0.04005	0.01292	0.01615	0.01486	0.01163	0.01486	0.01034	0.01550	0.00775	0.00581	0.00581	0.00194	0.00775	0.00517	0.00258	0.00646
23	0.00937	0.00669	0.00937	0.01071	0.01205	0.00669	0.00937	0.01205	0.01339	0.01740	0.03079	0.06560	0.03347	0.01606	0.00803	0.00268	0.00535	0.72021	0.00535	0.00535
24	0.01206	0.01034	0.01206	0.00861	0.01378	0.00775	0.00689	0.01464	0.01206	0.01895	0.01034	0.01206	0.00861	0.00431	0.00431	0.00086	0.00431	0.00345	0.00345	0.83118
25	0.00823	0.00594	0.00777	0.00732	0.00869	0.00549	0.00549	0.01097	0.01646	0.02332	0.75629	0.04344	0.05487	0.01189	0.00686	0.00183	0.00274	0.01052	0.00640	0.00549
26	0.00691	0.00589	0.00595	0.00593	0.00788	0.00493	0.00445	0.00842	0.01335	0.01594	0.07985	0.05559	0.73592	0.01464	0.00687	0.00196	0.00294	0.01222	0.00543	0.00493
27	0.00707	0.00511	0.00670	0.00797	0.00840	0.00473	0.00534	0.00811	0.01125	0.01489	0.03359	0.74979	0.07951	0.01802	0.00739	0.00234	0.00335	0.01629	0.00540	0.00473
28	0.68756	0.03261	0.01078	0.07140	0.05037	0.03283	0.00788	0.01712	0.01042	0.02421	0.00844	0.01020	0.00662	0.00542	0.00393	0.00178	0.00508	0.00342	0.00344	0.00650
29	0.05820	0.38926	0.04149	0.01270	0.03756	0.25444	0.01081	0.10243	0.01501	0.01737	0.00918	0.01045	0.00774	0.00556	0.00454	0.00144	0.00756	0.00364	0.00309	0.00754
30	0.01487	0.01702	0.09891	0.03030	0.54836	0.09477	0.05245	0.01889	0.03451	0.01856	0.01108	0.01403	0.00906	0.00537	0.00574	0.00173	0.00754	0.00506	0.00294	0.00882
31	0.12874	0.30548	0.24842	0.01201	0.01767	0.04231	0.01288	0.05446	0.01295	0.07962	0.01054	0.01173	0.00815	0.00653	0.02472	0.00179	0.00700	0.00391	0.00322	0.00788
32	0.02163	0.01534	0.01666	0.01296	0.01746	0.01685	0.01064	0.60455	0.10290	0.09689	0.01575	0.01528	0.01110	0.00710	0.00583	0.00177	0.00609	0.00543	0.00594	0.00982
33	0.01090	0.00821	0.00926	0.00859	0.01093	0.00826	0.00668	0.03033	0.21771	0.06522	0.22921	0.04079	0.26737	0.01157	0.00659	0.00196	0.00367	0.05017	0.00592	0.00666
34	0.01683	0.52194	0.06691	0.01181	0.01630	0.19917	0.01104	0.03647	0.01320	0.01465	0.00855	0.01002	0.00753	0.00551	0.00489	0.00140	0.04024	0.00346	0.00269	0.00737
35	0.01581	0.01240	0.09249	0.01159	0.03461	0.01092	0.00986	0.07189	0.24176	0.19600	0.07978	0.02710	0.09060	0.00877	0.00609	0.00191	0.00499	0.04945	0.02564	0.00833
36	0.01010	0.00505	0.00758	0.00758	0.00758	0.00505	0.00505	0.00758	0.00758	0.01010	0.01010	0.01768	0.01010	0.02020	0.02273	0.83081	0.00505	0.00505	0.00253	0.00253
37	0.00794	0.00570	0.00736	0.00840	0.00898	0.00548	0.00572	0.04991	0.01206	0.01609	0.03102	0.74739	0.03683	0.01758	0.00733	0.00233	0.00355	0.01589	0.00542	0.00502
38	0.04137	0.20653	0.03705	0.01374	0.03418	0.39351	0.01111	0.14268	0.01680	0.01850	0.01021	0.01227	0.00854	0.00612	0.00503	0.00153	0.00837	0.02155	0.00341	0.00750
39	0.36434	0.19693	0.01603	0.01094	0.05515	0.10054	0.00862	0.07363	0.01287	0.02161	0.01055	0.01186	0.02631	0.00572	0.00423	0.00158	0.00575	0.00380	0.03297	0.03657

[dist]
# distance from previous block
# <min> <max>
0	4

[block]
# block no. 8 follows, 40 sequences, length 37
# corresponding to MSA columns:
# 307-343
name=unknown_I
#
# <colnr> <probs for GDERKNQSTAVLIFYWHMCP>
#	G	D	E	R	K	N	Q	S	T	A	V	L	I	F	Y	W	H	M	C	P
0	0.01693	0.04812	0.01489	0.01143	0.01518	0.01412	0.00930	0.40382	0.09822	0.02897	0.10949	0.07427	0.01892	0.00846	0.00592	0.00175	0.00532	0.03011	0.00550	0.07928
1	0.01562	0.01669	0.05000	0.02885	0.52002	0.14807	0.03114	0.04851	0.01452	0.01905	0.04417	0.01493	0.01091	0.00571	0.00573	0.00170	0.00746	0.00517	0.00316	0.00858
2	0.00824	0.00587	0.00712	0.00752	0.00809	0.00580	0.00500	0.02064	0.02550	0.01423	0.04780	0.28546	0.08656	0.34463	0.06601	0.00413	0.00522	0.04318	0.00451	0.00449
3	0.01491	0.31102	0.24985	0.01660	0.10142	0.06176	0.07925	0.06944	0.01365	0.01779	0.00990	0.01173	0.00792	0.00536	0.00501	0.00159	0.00759	0.00422	0.00283	0.00816
4	0.01613	0.02713	0.12784	0.01402	0.08073	0.01245	0.01167	0.15656	0.14755	0.12647	0.04711	0.02142	0.01521	0.00747	0.00583	0.00179	0.00577	0.06885	0.00493	0.10106
5	0.04348	0.00583	0.00691	0.00722	0.00843	0.00540	0.00516	0.00945	0.01320	0.01807	0.26150	0.31559	0.22623	0.03723	0.00758	0.00216	0.00318	0.01276	0.00558	0.00504
6	0.00862	0.00658	0.00811	0.00894	0.00989	0.00671	0.00631	0.01272	0.15547	0.01680	0.03036	0.61110	0.03420	0.01611	0.00715	0.00230	0.00370	0.04380	0.00550	0.00563
7	0.06613	0.01326	0.04961	0.07763	0.34852	0.01287	0.06735	0.10265	0.01520	0.07063	0.10451	0.01809	0.01492	0.00641	0.00585	0.00179	0.00639	0.00586	0.00396	0.00837
8	0.01285	0.01080	0.01248	0.00899	0.01412	0.00856	0.00722	0.07169	0.01326	0.02034	0.01062	0.01221	0.00871	0.00452	0.00443	0.00093	0.00447	0.00359	0.00363	0.76659
9	0.00831	0.00623	0.00935	0.00935	0.01038	0.00727	0.00727	0.01038	0.00935	0.01350	0.01558	0.02285	0.01454	0.04361	0.77259	0.00935	0.01558	0.00623	0.00312	0.00519
10	0.01253	0.02888	0.71580	0.01623	0.02455	0.01338	0.02068	0.03415	0.01279	0.05234	0.01107	0.01265	0.00774	0.00563	0.00555	0.00184	0.00838	0.00439	0.00274	0.00868
11	0.25664	0.15256	0.16554	0.03339	0.10432	0.06147	0.01219	0.04721	0.01253	0.05353	0.01024	0.01204	0.00804	0.00724	0.03923	0.00203	0.00694	0.00404	0.00326	0.00759
12	0.01886	0.01298	0.03027	0.01103	0.01571	0.01237	0.00917	0.31760	0.04130	0.16636	0.01499	0.01502	0.01076	0.00620	0.00528	0.00148	0.00532	0.00484	0.04230	0.25816
13	0.01581	0.76669	0.02988	0.01016	0.01505	0.05452	0.01000	0.01766	0.01201	0.01370	0.00812	0.00938	0.00746	0.00502	0.00379	0.00125	0.00640	0.00314	0.00251	0.00743
14	0.00709	0.00506	0.00675	0.00810	0.00843	0.00472	0.00540	0.00810	0.01113	0.01484	0.03205	0.79184	0.03846	0.01822	0.00742	0.00236	0.00337	0.01653	0.00540	0.00472
15	0.00919	0.00632	0.00807	0.00746	0.00908	0.00583	0.00565	0.02627	0.01643	0.05586	0.65137	0.04282	0.10986	0.01181	0.00679	0.00184	0.00293	0.01035	0.00634	0.00572
16	0.01010	0.00505	0.00758	0.00758	0.00758	0.00505	0.00505	0.00758	0.00758	0.01010	0.01010	0.01768	0.01010	0.02020	0.02273	0.83081	0.00505	0.00505	0.00253	0.00253
17	0.00860	0.00648	0.00956	0.00944	0.01045	0.00765	0.00738	0.01067	0.00944	0.01385	0.01537	0.02236	0.01425	0.04067	0.70882	0.00873	0.04849	0.00615	0.03639	0.00525
18	0.01273	0.01073	0.01242	0.00893	0.01406	0.00844	0.00717	0.06302	0.01308	0.02013	0.01058	0.01219	0.00870	0.00449	0.00441	0.00092	0.00445	0.00356	0.00360	0.77640
19	0.00823	0.00594	0.00777	0.00732	0.00869	0.00549	0.00549	0.01097	0.01646	0.02332	0.75629	0.04344	0.05487	0.01189	0.00686	0.00183	0.00274	0.01052	0.00640	0.00549
20	0.01446	0.01249	0.01315	0.01183	0.01512	0.01446	0.00920	0.03090	0.74885	0.02433	0.02367	0.02170	0.01775	0.00789	0.00592	0.00197	0.00460	0.00657	0.00592	0.00920
21	0.01597	0.01260	0.01523	0.01153	0.01622	0.01210	0.05786	0.22839	0.11463	0.05812	0.01398	0.01500	0.01072	0.02144	0.00570	0.00148	0.00538	0.00482	0.00460	0.37423
22	0.02522	0.04299	0.01407	0.01026	0.01470	0.00908	0.00853	0.02746	0.01644	0.71396	0.04004	0.01992	0.01508	0.00722	0.00578	0.00178	0.00495	0.00585	0.00698	0.00969
23	0.00873	0.00645	0.00848	0.00937	0.01084	0.00620	0.00795	0.01115	0.01364	0.01757	0.10216	0.06153	0.19127	0.01540	0.00768	0.00245	0.00460	0.50381	0.00546	0.00527
24	0.78281	0.01234	0.00907	0.00813	0.01169	0.06326	0.00662	0.01750	0.01033	0.02531	0.00816	0.00952	0.00638	0.00544	0.00371	0.00178	0.00489	0.00319	0.00356	0.00633
25	0.01472	0.01444	0.02328	0.03476	0.72598	0.04796	0.01755	0.01809	0.01339	0.01878	0.01085	0.01422	0.00913	0.00522	0.00573	0.00172	0.00707	0.00512	0.00288	0.00910
26	0.01334	0.00994	0.01167	0.03494	0.01398	0.00938	0.00770	0.07420	0.15653	0.08813	0.04860	0.14522	0.05418	0.00858	0.00566	0.00160	0.00442	0.00730	0.00495	0.29969
27	0.02118	0.01522	0.01642	0.01277	0.01712	0.01675	0.01045	0.62877	0.06792	0.06747	0.01517	0.01555	0.01099	0.02982	0.00647	0.00186	0.00612	0.00544	0.02493	0.00956
28	0.00845	0.00566	0.00645	0.00645	0.00649	0.00570	0.00366	0.00853	0.00849	0.01136	0.01822	0.03749	0.02090	0.76758	0.05731	0.00578	0.00601	0.00837	0.00351	0.00359
29	0.03112	0.58465	0.10512	0.01153	0.01668	0.09245	0.03297	0.01842	0.01247	0.03626	0.00896	0.01024	0.00767	0.00520	0.00421	0.00138	0.00691	0.00349	0.00270	0.00757
30	0.77385	0.04529	0.00940	0.00767	0.01126	0.01323	0.00638	0.01699	0.01006	0.02541	0.00845	0.00984	0.00663	0.00543	0.00362	0.00176	0.00451	0.00322	0.03067	0.00632
31	0.01231	0.01043	0.01213	0.00878	0.01380	0.00807	0.00701	0.04224	0.01262	0.01952	0.01104	0.03247	0.00944	0.00477	0.00445	0.00093	0.00436	0.00386	0.00359	0.77819
32	0.01188	0.07237	0.72508	0.01621	0.02461	0.01403	0.02085	0.01836	0.01225	0.01816	0.01031	0.01212	0.00737	0.00549	0.00543	0.00181	0.00846	0.00423	0.00246	0.00853
33	0.01084	0.00557	0.00579	0.02934	0.00780	0.00565	0.00444	0.01359	0.01218	0.02147	0.01870	0.02149	0.01468	0.00675	0.00412	0.00137	0.00287	0.00541	0.80248	0.00545
34	0.00773	0.00639	0.00665	0.00646	0.00849	0.00559	0.00493	0.04181	0.01415	0.01730	0.11108	0.05332	0.64976	0.01419	0.00685	0.00196	0.00315	0.02951	0.00550	0.00519
35	0.01415	0.01497	0.05741	0.03134	0.56583	0.04236	0.11687	0.01777	0.01330	0.01857	0.01184	0.04703	0.01024	0.00574	0.00595	0.00178	0.00737	0.00580	0.00298	0.00871
36	0.01198	0.02786	0.65288	0.01780	0.02597	0.01369	0.13188	0.01845	0.01250	0.01845	0.01064	0.01280	0.00759	0.00543	0.00573	0.00186	0.00878	0.00469	0.00253	0.00848

[dist]
# distance from previous block
# <min> <max>
4	27

[block]
# block no. 9 follows, 40 sequences, length 16
# corresponding to MSA columns:
# 375-383,385-391
name=unknown_J
#
# <colnr> <probs for GDERKNQSTAVLIFYWHMCP>
#	G	D	E	R	K	N	Q	S	T	A	V	L	I	F	Y	W	H	M	C	P
0	0.24999	0.05873	0.21310	0.01343	0.01864	0.07560	0.09232	0.11436	0.03561	0.02288	0.04595	0.01353	0.01013	0.00599	0.00512	0.00177	0.00690	0.00463	0.00362	0.00769
1	0.01502	0.06646	0.22301	0.03933	0.18872	0.14343	0.06193	0.05129	0.09417	0.01888	0.01247	0.01534	0.00997	0.00611	0.00565	0.00177	0.00782	0.02707	0.00329	0.00827
2	0.01882	0.01978	0.01846	0.07760	0.21029	0.32868	0.01319	0.17425	0.04710	0.02069	0.01124	0.01306	0.00888	0.00606	0.00557	0.00166	0.00825	0.00465	0.00365	0.00813
3	0.01440	0.01253	0.01325	0.01157	0.04961	0.07645	0.00856	0.16202	0.08462	0.02194	0.01662	0.12715	0.03324	0.00765	0.00543	0.00149	0.00524	0.00633	0.00442	0.33749
4	0.00698	0.00593	0.00604	0.00610	0.00804	0.00499	0.00463	0.00851	0.01326	0.01578	0.05769	0.05638	0.72547	0.01479	0.00692	0.00199	0.00305	0.04312	0.00540	0.00493
5	0.02202	0.01531	0.01671	0.01293	0.01747	0.01672	0.01064	0.61061	0.07642	0.11743	0.01565	0.01516	0.01094	0.00707	0.00583	0.00177	0.00611	0.00540	0.00598	0.00984
6	0.01433	0.01468	0.04566	0.02777	0.44110	0.05484	0.13624	0.04077	0.04848	0.01930	0.01366	0.01984	0.01187	0.00647	0.00615	0.00187	0.00736	0.07780	0.00337	0.00846
7	0.00840	0.00567	0.00665	0.00690	0.00705	0.00564	0.00422	0.00873	0.00916	0.01217	0.02080	0.11713	0.02397	0.64902	0.02547	0.00505	0.00538	0.07093	0.00387	0.00380
8	0.00846	0.00564	0.00634	0.00634	0.00634	0.00564	0.00352	0.00846	0.00846	0.01128	0.01832	0.03805	0.02114	0.79563	0.02960	0.00564	0.00564	0.00846	0.00352	0.00352
9	0.09027	0.01329	0.01448	0.01190	0.01579	0.01449	0.00977	0.39737	0.13096	0.11286	0.01812	0.04038	0.01443	0.00823	0.00591	0.00190	0.00562	0.07963	0.00574	0.00888
10	0.01467	0.01307	0.02131	0.09702	0.49312	0.01343	0.05480	0.04015	0.09227	0.05809	0.01363	0.03871	0.01113	0.00606	0.00590	0.00181	0.00667	0.00579	0.00356	0.00881
