[name]
unknown

[dist]
# distance from previous block
# <min> <max>
30	164

[block]
# block no. 0 follows, 42 sequences, length 15
# corresponding to MSA columns:
# 202-216
name=unknown_A
#
# <colnr> <probs for GDERKNQSTAVLIFYWHMCP>
#	G	D	E	R	K	N	Q	S	T	A	V	L	I	F	Y	W	H	M	C	P
0	0.15562	0.03850	0.01469	0.06274	0.04098	0.23537	0.06011	0.06383	0.03615	0.01838	0.01412	0.01598	0.07318	0.02410	0.00590	0.02022	0.00673	0.00483	0.00346	0.10511
1	0.09433	0.01277	0.01405	0.05049	0.01600	0.09550	0.05339	0.09834	0.01328	0.01947	0.01041	0.01319	0.00869	0.03905	0.02628	0.00171	0.05717	0.00419	0.00343	0.36824
2	0.01343	0.04413	0.01385	0.03524	0.03572	0.06635	0.00922	0.16070	0.01393	0.03045	0.03215	0.07075	0.05492	0.06128	0.10648	0.00298	0.17380	0.00631	0.02394	0.04437
3	0.01173	0.00781	0.00982	0.03581	0.01098	0.00846	0.00666	0.10698	0.04726	0.06595	0.01638	0.08600	0.01613	0.24991	0.11966	0.14037	0.04387	0.00706	0.00390	0.00526
4	0.01294	0.09239	0.01588	0.10345	0.16855	0.08438	0.01084	0.07979	0.02778	0.01752	0.01715	0.12148	0.03995	0.03609	0.00655	0.00190	0.00600	0.09151	0.00377	0.06208
5	0.00982	0.05571	0.00896	0.00749	0.00929	0.02953	0.00560	0.01233	0.06446	0.06679	0.18219	0.13458	0.26426	0.11309	0.00917	0.00231	0.00384	0.01000	0.00510	0.00548
6	0.08712	0.01290	0.06165	0.01185	0.01646	0.01147	0.10565	0.16762	0.01483	0.06501	0.01181	0.01376	0.00917	0.02869	0.00607	0.00154	0.03118	0.00453	0.02802	0.31069
7	0.01362	0.01077	0.01713	0.32530	0.26189	0.01161	0.01376	0.04944	0.01351	0.11126	0.08227	0.01865	0.03359	0.00642	0.00573	0.00178	0.00628	0.00575	0.00370	0.00753
8	0.01063	0.01000	0.01688	0.78870	0.03876	0.01250	0.01563	0.01438	0.01125	0.01438	0.01000	0.01500	0.00750	0.00563	0.00563	0.00188	0.00750	0.00500	0.00250	0.00625
9	0.12518	0.00648	0.00817	0.00778	0.00873	0.00676	0.00553	0.01132	0.05810	0.05926	0.01114	0.01640	0.01002	0.01602	0.01737	0.61528	0.00478	0.00478	0.00308	0.00381
10	0.01231	0.01231	0.01724	0.01477	0.01477	0.01724	0.01231	0.01354	0.00862	0.01354	0.00739	0.01231	0.00739	0.00985	0.01847	0.00246	0.79192	0.00492	0.00246	0.00616
11	0.11469	0.00689	0.00794	0.00808	0.00941	0.00712	0.00607	0.01230	0.07583	0.01823	0.19287	0.16332	0.03095	0.16708	0.01078	0.00275	0.00417	0.15139	0.00490	0.00520
12	0.84197	0.01088	0.00827	0.00740	0.01088	0.01262	0.00609	0.01654	0.00958	0.02525	0.00784	0.00914	0.00609	0.00522	0.00348	0.00174	0.00435	0.00305	0.00348	0.00609
13	0.05978	0.06511	0.01754	0.01401	0.01453	0.01731	0.01178	0.01393	0.00886	0.01419	0.00744	0.01191	0.00730	0.00925	0.01662	0.00234	0.69465	0.00469	0.00252	0.00622
14	0.02026	0.01390	0.01575	0.01231	0.01624	0.01520	0.01012	0.52140	0.02222	0.14270	0.01489	0.04652	0.01113	0.00742	0.00677	0.00176	0.07440	0.00554	0.00546	0.03602

[dist]
# distance from previous block
# <min> <max>
2	16

[block]
# block no. 1 follows, 42 sequences, length 67
# corresponding to MSA columns:
# 233-299
name=unknown_B
#
# <colnr> <probs for GDERKNQSTAVLIFYWHMCP>
#	G	D	E	R	K	N	Q	S	T	A	V	L	I	F	Y	W	H	M	C	P
0	0.01392	0.04166	0.30380	0.02392	0.36608	0.01312	0.03292	0.01870	0.03338	0.08216	0.01167	0.01369	0.00884	0.00537	0.00547	0.00172	0.00712	0.00476	0.00306	0.00867
1	0.05663	0.10024	0.35279	0.01471	0.07527	0.02715	0.01478	0.01934	0.02832	0.16444	0.03312	0.01405	0.01005	0.00610	0.00606	0.00175	0.05890	0.00460	0.00355	0.00814
2	0.55511	0.01204	0.01072	0.00898	0.01275	0.03487	0.00737	0.15067	0.01373	0.13165	0.01091	0.01137	0.00786	0.00576	0.00422	0.00172	0.00491	0.00380	0.00434	0.00723
3	0.01155	0.10120	0.68324	0.01520	0.02301	0.01373	0.01934	0.01754	0.01195	0.01752	0.02978	0.01241	0.00835	0.00546	0.00522	0.00173	0.00795	0.00421	0.00248	0.00814
4	0.10632	0.01427	0.01720	0.22874	0.23499	0.14937	0.01344	0.03699	0.01244	0.01708	0.00974	0.01315	0.00799	0.00719	0.03456	0.00204	0.07999	0.00458	0.00286	0.00708
5	0.00682	0.00571	0.00594	0.00588	0.00771	0.00482	0.00441	0.00841	0.01323	0.01617	0.14992	0.05257	0.67132	0.01389	0.00665	0.00188	0.00282	0.01165	0.00535	0.00482
6	0.00918	0.00568	0.00660	0.00650	0.00680	0.00558	0.00384	0.00938	0.00886	0.05945	0.01890	0.08629	0.02116	0.69958	0.02576	0.00501	0.00527	0.00854	0.00376	0.00388
7	0.01095	0.01033	0.01746	0.71517	0.10977	0.01259	0.01579	0.01466	0.01141	0.01477	0.01006	0.01490	0.00764	0.00557	0.00562	0.00186	0.00742	0.00500	0.00253	0.00651
8	0.00704	0.00495	0.00653	0.00767	0.00807	0.00460	0.00514	0.00782	0.01068	0.01411	0.03126	0.69935	0.08164	0.01754	0.00813	0.05764	0.00335	0.01500	0.00504	0.00444
9	0.84197	0.01088	0.00827	0.00740	0.01088	0.01262	0.00609	0.01654	0.00958	0.02525	0.00784	0.00914	0.00609	0.00522	0.00348	0.00174	0.00435	0.00305	0.00348	0.00609
10	0.00686	0.00490	0.00653	0.00784	0.00816	0.00457	0.00522	0.00784	0.01077	0.01437	0.03102	0.79855	0.03722	0.01763	0.00718	0.00229	0.00326	0.01600	0.00522	0.00457
11	0.12023	0.00914	0.01130	0.00936	0.01273	0.00871	0.00744	0.02276	0.08404	0.47196	0.02035	0.08672	0.01523	0.03064	0.00726	0.05732	0.00460	0.00633	0.00587	0.00801
12	0.02423	0.01018	0.01331	0.01032	0.01460	0.00930	0.00848	0.07855	0.06603	0.66939	0.02163	0.01888	0.01384	0.00699	0.00566	0.00175	0.00487	0.00566	0.00679	0.00953
13	0.01495	0.78598	0.04828	0.00979	0.01469	0.02204	0.00991	0.01688	0.01145	0.01336	0.00788	0.00910	0.00722	0.00483	0.00365	0.00122	0.00608	0.00304	0.00241	0.00725
14	0.00797	0.00636	0.00694	0.00656	0.00846	0.00572	0.00498	0.05586	0.01459	0.01862	0.25878	0.04807	0.51097	0.01298	0.00658	0.00185	0.00301	0.01095	0.00553	0.00522
15	0.39677	0.00946	0.00936	0.00812	0.01113	0.01003	0.00644	0.06353	0.01268	0.18014	0.08186	0.06921	0.01555	0.05808	0.00623	0.00199	0.00433	0.00565	0.04277	0.00666
16	0.00686	0.00490	0.00653	0.00784	0.00816	0.00457	0.00522	0.00784	0.01077	0.01437	0.03102	0.79855	0.03722	0.01763	0.00718	0.00229	0.00326	0.01600	0.00522	0.00457
17	0.02161	0.01073	0.01322	0.01059	0.01459	0.01055	0.00860	0.10277	0.19858	0.49051	0.04204	0.01965	0.01536	0.00723	0.00570	0.00178	0.00479	0.00589	0.00650	0.00929
18	0.01563	0.00879	0.01072	0.00909	0.01204	0.00856	0.00719	0.05481	0.16153	0.28171	0.25383	0.02989	0.10353	0.00923	0.00607	0.00180	0.00393	0.00780	0.00624	0.00764
19	0.63250	0.01112	0.00957	0.00834	0.01179	0.01261	0.00679	0.11349	0.02712	0.05441	0.01091	0.06051	0.00905	0.00633	0.00413	0.00177	0.00455	0.00430	0.00406	0.00665
20	0.01393	0.01337	0.02284	0.03454	0.76712	0.01337	0.01727	0.01727	0.01281	0.01839	0.01059	0.01393	0.00891	0.00501	0.00557	0.00167	0.00669	0.00501	0.00279	0.00891
21	0.12973	0.00995	0.01224	0.00970	0.01372	0.00942	0.00795	0.05161	0.06575	0.56153	0.03780	0.01837	0.01393	0.00688	0.00536	0.00174	0.00466	0.00545	0.02535	0.00888
22	0.00943	0.00618	0.00765	0.00774	0.00876	0.00594	0.00537	0.05670	0.01247	0.06652	0.13819	0.38976	0.06866	0.17653	0.01129	0.00277	0.00389	0.01193	0.00514	0.00510
23	0.01573	0.01170	0.01278	0.01123	0.01459	0.01312	0.00881	0.02952	0.64302	0.13850	0.02280	0.02071	0.01668	0.00753	0.00572	0.00188	0.00451	0.00625	0.00592	0.00901
24	0.84197	0.01088	0.00827	0.00740	0.01088	0.01262	0.00609	0.01654	0.00958	0.02525	0.00784	0.00914	0.00609	0.00522	0.00348	0.00174	0.00435	0.00305	0.00348	0.00609
25	0.00804	0.00603	0.00904	0.00904	0.01005	0.00703	0.00703	0.01005	0.00904	0.01306	0.01507	0.02211	0.01407	0.04221	0.77992	0.00904	0.01507	0.00603	0.00301	0.00502
26	0.00755	0.00528	0.00674	0.00745	0.00825	0.00483	0.00515	0.00885	0.01189	0.03727	0.14124	0.54344	0.13801	0.03678	0.00756	0.00223	0.00322	0.01408	0.00537	0.00482
27	0.01862	0.01335	0.01421	0.01128	0.01503	0.01472	0.00919	0.54421	0.08008	0.03162	0.01522	0.01560	0.01114	0.00678	0.00529	0.00163	0.00534	0.00520	0.17284	0.00865
28	0.84197	0.01088	0.00827	0.00740	0.01088	0.01262	0.00609	0.01654	0.00958	0.02525	0.00784	0.00914	0.00609	0.00522	0.00348	0.00174	0.00435	0.00305	0.00348	0.00609
29	0.02139	0.01576	0.01689	0.01295	0.01745	0.01745	0.01070	0.74835	0.02646	0.03547	0.01351	0.01351	0.00957	0.00676	0.00563	0.00169	0.00619	0.00507	0.00563	0.00957
30	0.01400	0.01209	0.01273	0.01145	0.01463	0.01400	0.00891	0.02990	0.75695	0.02354	0.02291	0.02100	0.01718	0.00764	0.00573	0.00191	0.00445	0.00636	0.00573	0.00891
31	0.02525	0.00958	0.01306	0.01001	0.01437	0.00827	0.00827	0.02743	0.01611	0.77102	0.02220	0.01915	0.01393	0.00697	0.00566	0.00174	0.00479	0.00566	0.00697	0.00958
32	0.00667	0.00563	0.00577	0.00588	0.00765	0.00474	0.00436	0.00806	0.01265	0.01513	0.05479	0.11760	0.70283	0.01454	0.00670	0.00193	0.00289	0.01223	0.00523	0.00474
33	0.00798	0.00618	0.00664	0.00638	0.00835	0.00544	0.00484	0.01035	0.05008	0.04758	0.16955	0.04912	0.58109	0.01318	0.00656	0.00187	0.00298	0.01107	0.00548	0.00524
34	0.02525	0.00958	0.01306	0.01001	0.01437	0.00827	0.00827	0.02743	0.01611	0.77102	0.02220	0.01915	0.01393	0.00697	0.00566	0.00174	0.00479	0.00566	0.00697	0.00958
35	0.01505	0.80561	0.02949	0.00963	0.01444	0.02227	0.00963	0.01685	0.01143	0.01324	0.00782	0.00903	0.00722	0.00481	0.00361	0.00120	0.00602	0.00301	0.00241	0.00722
36	0.02525	0.00958	0.01306	0.01001	0.01437	0.00827	0.00827	0.02743	0.01611	0.77102	0.02220	0.01915	0.01393	0.00697	0.00566	0.00174	0.00479	0.00566	0.00697	0.00958
37	0.02525	0.00958	0.01306	0.01001	0.01437	0.00827	0.00827	0.02743	0.01611	0.77102	0.02220	0.01915	0.01393	0.00697	0.00566	0.00174	0.00479	0.00566	0.00697	0.00958
38	0.01231	0.01231	0.01724	0.01477	0.01477	0.01724	0.01231	0.01354	0.00862	0.01354	0.00739	0.01231	0.00739	0.00985	0.01847	0.00246	0.79192	0.00492	0.00246	0.00616
39	0.02139	0.01576	0.01689	0.01295	0.01745	0.01745	0.01070	0.74835	0.02646	0.03547	0.01351	0.01351	0.00957	0.00676	0.00563	0.00169	0.00619	0.00507	0.00563	0.00957
40	0.00983	0.00609	0.00751	0.00720	0.00883	0.00544	0.00530	0.01158	0.01359	0.12379	0.27144	0.18963	0.24103	0.06308	0.00801	0.00214	0.00331	0.01102	0.00567	0.00549
41	0.02139	0.01576	0.01689	0.01295	0.01745	0.01745	0.01070	0.74835	0.02646	0.03547	0.01351	0.01351	0.00957	0.00676	0.00563	0.00169	0.00619	0.00507	0.00563	0.00957
42	0.01505	0.80561	0.02949	0.00963	0.01444	0.02227	0.00963	0.01685	0.01143	0.01324	0.00782	0.00903	0.00722	0.00481	0.00361	0.00120	0.00602	0.00301	0.00241	0.00722
43	0.00742	0.00573	0.00677	0.00651	0.00807	0.00508	0.00488	0.00957	0.01465	0.01952	0.47176	0.04705	0.34739	0.01264	0.00664	0.00182	0.00274	0.01088	0.00579	0.00508
44	0.00792	0.00575	0.00746	0.00703	0.00838	0.00529	0.00527	0.01053	0.01582	0.02230	0.73849	0.04248	0.07893	0.01160	0.00664	0.00177	0.00266	0.01024	0.00616	0.00529
45	0.00686	0.00490	0.00653	0.00784	0.00816	0.00457	0.00522	0.00784	0.01077	0.01437	0.03102	0.79855	0.03722	0.01763	0.00718	0.00229	0.00326	0.01600	0.00522	0.00457
46	0.02139	0.01576	0.01689	0.01295	0.01745	0.01745	0.01070	0.74835	0.02646	0.03547	0.01351	0.01351	0.00957	0.00676	0.00563	0.00169	0.00619	0.00507	0.00563	0.00957
47	0.67575	0.01138	0.00966	0.00830	0.01194	0.01293	0.00682	0.09950	0.03218	0.07374	0.00979	0.01059	0.00728	0.00557	0.00392	0.00174	0.00459	0.00353	0.00401	0.00678
48	0.00775	0.00574	0.00722	0.00685	0.00828	0.00522	0.00514	0.01020	0.01542	0.02136	0.64813	0.04403	0.16987	0.01196	0.00664	0.00179	0.00269	0.01046	0.00604	0.00522
49	0.02497	0.01003	0.01334	0.01023	0.01459	0.00895	0.00845	0.08034	0.01687	0.71703	0.02156	0.01874	0.01361	0.00695	0.00566	0.00174	0.00489	0.00562	0.00687	0.00958
50	0.00712	0.00490	0.00660	0.00779	0.00809	0.00460	0.00519	0.00779	0.01046	0.01395	0.02909	0.72777	0.03473	0.01780	0.00852	0.07783	0.00341	0.01499	0.00497	0.00438
51	0.00815	0.00501	0.00693	0.00749	0.00779	0.00481	0.00504	0.00796	0.00992	0.01338	0.10334	0.38631	0.02781	0.04726	0.01362	0.32248	0.00390	0.01080	0.00420	0.00379
52	0.02090	0.01552	0.01661	0.01285	0.01726	0.01722	0.01058	0.70065	0.07497	0.03468	0.01414	0.01401	0.01008	0.00681	0.00564	0.00170	0.00608	0.00515	0.00564	0.00953
53	0.00891	0.00639	0.00799	0.00773	0.00856	0.00684	0.00541	0.05808	0.01004	0.01368	0.01888	0.03045	0.06447	0.39334	0.32819	0.00642	0.00921	0.00734	0.00351	0.00455
54	0.01277	0.01227	0.02104	0.29227	0.46684	0.01313	0.04981	0.01659	0.02884	0.01711	0.01070	0.01451	0.00860	0.00527	0.00564	0.00176	0.00704	0.00511	0.00276	0.00794
55	0.02317	0.00912	0.01239	0.00966	0.01365	0.00791	0.00791	0.02540	0.01609	0.68079	0.11164	0.02191	0.01865	0.00751	0.00578	0.00174	0.00453	0.00620	0.00687	0.00906
56	0.12433	0.01030	0.01282	0.00996	0.01422	0.00963	0.00823	0.09129	0.01625	0.61371	0.01967	0.01743	0.01258	0.00673	0.00539	0.00174	0.00486	0.00529	0.00642	0.00915
57	0.01411	0.01465	0.01878	0.24896	0.34901	0.16334	0.01490	0.01750	0.03261	0.01637	0.01134	0.01620	0.00958	0.00595	0.00561	0.00174	0.00747	0.04148	0.00292	0.00748
58	0.01637	0.00763	0.01013	0.00843	0.01128	0.00673	0.00670	0.01871	0.01582	0.38964	0.35486	0.03157	0.07910	0.00945	0.00616	0.00176	0.00372	0.00807	0.00651	0.00737
59	0.01167	0.01000	0.01167	0.00834	0.01334	0.00750	0.00667	0.01417	0.01167	0.01834	0.01000	0.01167	0.00834	0.00417	0.00417	0.00083	0.00417	0.00333	0.00333	0.83663
60	0.01278	0.01213	0.02030	0.26000	0.49764	0.01272	0.01607	0.01619	0.01227	0.01718	0.01037	0.01410	0.00845	0.00514	0.00549	0.00168	0.00676	0.00490	0.00274	0.06308
61	0.01505	0.80561	0.02949	0.00963	0.01444	0.02227	0.00963	0.01685	0.01143	0.01324	0.00782	0.00903	0.00722	0.00481	0.00361	0.00120	0.00602	0.00301	0.00241	0.00722
62	0.01392	0.01444	0.05752	0.04768	0.65862	0.03512	0.03728	0.01770	0.02993	0.01825	0.01080	0.01394	0.00893	0.00512	0.00558	0.00169	0.00690	0.00501	0.00283	0.00873
63	0.01165	0.08736	0.69557	0.01608	0.04468	0.01377	0.01985	0.01773	0.01187	0.01749	0.00994	0.01172	0.00719	0.00530	0.00522	0.00174	0.00810	0.00410	0.00239	0.00825
64	0.01231	0.01231	0.01724	0.01477	0.01477	0.01724	0.01231	0.01354	0.00862	0.01354	0.00739	0.01231	0.00739	0.00985	0.01847	0.00246	0.79192	0.00492	0.00246	0.00616
65	0.01167	0.01000	0.01167	0.00834	0.01334	0.00750	0.00667	0.01417	0.01167	0.01834	0.01000	0.01167	0.00834	0.00417	0.00417	0.00083	0.00417	0.00333	0.00333	0.83663
66	0.00804	0.00603	0.00904	0.00904	0.01005	0.00703	0.00703	0.01005	0.00904	0.01306	0.01507	0.02211	0.01407	0.04221	0.77992	0.00904	0.01507	0.00603	0.00301	0.00502

[dist]
# distance from previous block
# <min> <max>
0	1

[block]
# block no. 2 follows, 42 sequences, length 38
# corresponding to MSA columns:
# 301-338
name=unknown_C
#
# <colnr> <probs for GDERKNQSTAVLIFYWHMCP>
#	G	D	E	R	K	N	Q	S	T	A	V	L	I	F	Y	W	H	M	C	P
0	0.84197	0.01088	0.00827	0.00740	0.01088	0.01262	0.00609	0.01654	0.00958	0.02525	0.00784	0.00914	0.00609	0.00522	0.00348	0.00174	0.00435	0.00305	0.00348	0.00609
1	0.01231	0.01231	0.01724	0.01477	0.01477	0.01724	0.01231	0.01354	0.00862	0.01354	0.00739	0.01231	0.00739	0.00985	0.01847	0.00246	0.79192	0.00492	0.00246	0.00616
2	0.84197	0.01088	0.00827	0.00740	0.01088	0.01262	0.00609	0.01654	0.00958	0.02525	0.00784	0.00914	0.00609	0.00522	0.00348	0.00174	0.00435	0.00305	0.00348	0.00609
3	0.01393	0.01337	0.02284	0.03454	0.76712	0.01337	0.01727	0.01727	0.01281	0.01839	0.01059	0.01393	0.00891	0.00501	0.00557	0.00167	0.00669	0.00501	0.00279	0.00891
4	0.00805	0.00548	0.00610	0.00610	0.00626	0.00540	0.00348	0.00817	0.00858	0.01127	0.02105	0.03829	0.08337	0.73563	0.02678	0.00516	0.00524	0.00850	0.00356	0.00352
5	0.01129	0.02911	0.77306	0.01604	0.02436	0.01307	0.02079	0.01782	0.01188	0.01782	0.01010	0.01188	0.00713	0.00535	0.00535	0.00178	0.00832	0.00416	0.00238	0.00832
6	0.01574	0.01295	0.01370	0.01180	0.01530	0.01481	0.00933	0.19890	0.58513	0.02635	0.02070	0.01924	0.01539	0.00743	0.00570	0.00186	0.00486	0.00606	0.00570	0.00906
7	0.00713	0.00515	0.00681	0.00804	0.00858	0.00483	0.00567	0.00835	0.01118	0.01474	0.03238	0.65928	0.07927	0.01716	0.00723	0.00230	0.00349	0.10853	0.00522	0.00466
8	0.84197	0.01088	0.00827	0.00740	0.01088	0.01262	0.00609	0.01654	0.00958	0.02525	0.00784	0.00914	0.00609	0.00522	0.00348	0.00174	0.00435	0.00305	0.00348	0.00609
9	0.02474	0.00969	0.01304	0.01008	0.01438	0.00853	0.00830	0.02754	0.04986	0.73696	0.02223	0.01924	0.01408	0.00700	0.00566	0.00175	0.00477	0.00569	0.00691	0.00955
10	0.00686	0.00490	0.00653	0.00784	0.00816	0.00457	0.00522	0.00784	0.01077	0.01437	0.03102	0.79855	0.03722	0.01763	0.00718	0.00229	0.00326	0.01600	0.00522	0.00457
11	0.77263	0.01130	0.00900	0.00787	0.01144	0.01303	0.00648	0.07839	0.01100	0.02611	0.00832	0.00951	0.00639	0.00535	0.00366	0.00174	0.00451	0.00322	0.00366	0.00639
12	0.00665	0.00570	0.00570	0.00570	0.00760	0.00475	0.00428	0.00808	0.01283	0.01520	0.05701	0.05416	0.76483	0.01425	0.00665	0.00190	0.00285	0.01188	0.00523	0.00475
13	0.02139	0.01576	0.01689	0.01295	0.01745	0.01745	0.01070	0.74835	0.02646	0.03547	0.01351	0.01351	0.00957	0.00676	0.00563	0.00169	0.00619	0.00507	0.00563	0.00957
14	0.31014	0.00995	0.00945	0.00813	0.01115	0.01086	0.00655	0.16417	0.04830	0.06244	0.01729	0.01796	0.07399	0.00684	0.00451	0.00164	0.00417	0.00506	0.22064	0.00677
15	0.00866	0.00619	0.00855	0.00956	0.01076	0.00609	0.00805	0.01109	0.01322	0.01752	0.15063	0.13653	0.03630	0.01510	0.00752	0.00242	0.00457	0.53674	0.00535	0.00514
16	0.00686	0.00490	0.00653	0.00784	0.00816	0.00457	0.00522	0.00784	0.01077	0.01437	0.03102	0.79855	0.03722	0.01763	0.00718	0.00229	0.00326	0.01600	0.00522	0.00457
17	0.00700	0.00499	0.00663	0.00790	0.00826	0.00468	0.00535	0.00802	0.01080	0.01438	0.03057	0.74248	0.03650	0.04079	0.00785	0.00239	0.00342	0.04826	0.00517	0.00456
18	0.03689	0.00807	0.01069	0.00880	0.01192	0.00717	0.00703	0.02042	0.01561	0.46029	0.26523	0.05759	0.04756	0.00902	0.00601	0.00178	0.00397	0.00764	0.00652	0.00778
19	0.01400	0.01209	0.01273	0.01145	0.01463	0.01400	0.00891	0.02990	0.75695	0.02354	0.02291	0.02100	0.01718	0.00764	0.00573	0.00191	0.00445	0.00636	0.00573	0.00891
20	0.28455	0.01037	0.01177	0.00936	0.01345	0.01021	0.00773	0.06785	0.01466	0.48925	0.01711	0.01563	0.01118	0.00640	0.00497	0.00174	0.00474	0.00479	0.00578	0.00847
21	0.71029	0.01071	0.00860	0.00759	0.01095	0.01230	0.00622	0.06700	0.01095	0.02557	0.00918	0.01051	0.00708	0.00545	0.00367	0.00170	0.00433	0.00339	0.07826	0.00626
22	0.81288	0.01084	0.00844	0.00749	0.01101	0.01247	0.00617	0.01693	0.00981	0.05181	0.00835	0.00950	0.00637	0.00529	0.00356	0.00174	0.00437	0.00314	0.00361	0.00622
23	0.00665	0.00570	0.00570	0.00570	0.00760	0.00475	0.00428	0.00808	0.01283	0.01520	0.05701	0.05416	0.76483	0.01425	0.00665	0.00190	0.00285	0.01188	0.00523	0.00475
24	0.14962	0.00978	0.01233	0.00961	0.01384	0.00893	0.00794	0.02577	0.01511	0.65745	0.02001	0.01763	0.01274	0.00670	0.00533	0.00174	0.00472	0.00526	0.00643	0.00905
25	0.00978	0.00489	0.00733	0.00733	0.00733	0.00489	0.00489	0.00733	0.00733	0.00978	0.00978	0.01711	0.00978	0.01955	0.02199	0.83627	0.00489	0.00489	0.00244	0.00244
26	0.01245	0.01229	0.01686	0.01449	0.01476	0.01696	0.01202	0.01493	0.07186	0.01439	0.00870	0.01305	0.00821	0.00966	0.01739	0.00242	0.72538	0.00505	0.00274	0.00639
27	0.02474	0.00995	0.01324	0.01020	0.01452	0.00888	0.00841	0.06270	0.03764	0.71389	0.02180	0.01893	0.01381	0.00697	0.00566	0.00174	0.00485	0.00565	0.00686	0.00956
28	0.00857	0.00574	0.00720	0.00739	0.00833	0.00539	0.00512	0.02553	0.01244	0.05284	0.22507	0.35314	0.09058	0.15352	0.01068	0.00264	0.00359	0.01203	0.00525	0.00492
29	0.03845	0.61377	0.16950	0.01092	0.01623	0.02011	0.01171	0.01694	0.01139	0.01447	0.00824	0.00966	0.00718	0.00506	0.00434	0.00136	0.02760	0.00328	0.00243	0.00737
30	0.00790	0.00600	0.00734	0.00747	0.00872	0.00571	0.00541	0.01092	0.07636	0.01876	0.34588	0.28830	0.16286	0.01363	0.00674	0.00197	0.00304	0.01203	0.00568	0.00528
31	0.00685	0.00493	0.00650	0.00775	0.00814	0.00458	0.00519	0.00785	0.01085	0.01440	0.03203	0.76965	0.06547	0.01750	0.00716	0.00227	0.00325	0.01584	0.00522	0.00458
32	0.01118	0.01015	0.01851	0.01485	0.01786	0.00979	0.30413	0.05011	0.01310	0.04425	0.03866	0.27475	0.06060	0.01081	0.00717	0.00208	0.02917	0.07219	0.00429	0.00634
33	0.59008	0.02661	0.00951	0.00799	0.01129	0.01216	0.00653	0.10266	0.01252	0.02542	0.09787	0.01568	0.04975	0.00657	0.00426	0.00174	0.00434	0.00455	0.00412	0.00637
34	0.00927	0.00576	0.00767	0.00798	0.00911	0.00532	0.00584	0.01090	0.01289	0.09312	0.23170	0.40860	0.06028	0.01464	0.00727	0.02208	0.00344	0.07324	0.00560	0.00529
35	0.00794	0.00553	0.00711	0.00785	0.00854	0.00529	0.00554	0.03027	0.01130	0.01487	0.05214	0.46210	0.10675	0.07025	0.01017	0.09146	0.00382	0.08971	0.00484	0.00452
36	0.03221	0.01294	0.01417	0.01141	0.01519	0.01391	0.00932	0.47307	0.07369	0.02941	0.06456	0.03524	0.03700	0.00868	0.02281	0.00188	0.00561	0.05512	0.00533	0.07845
37	0.02141	0.01256	0.01455	0.01142	0.01566	0.01299	0.00933	0.32536	0.14274	0.32223	0.01838	0.01692	0.01251	0.00691	0.00562	0.00172	0.00530	0.00546	0.00611	0.03284

[dist]
# distance from previous block
# <min> <max>
6	31

[block]
# block no. 3 follows, 42 sequences, length 44
# corresponding to MSA columns:
# 370-397,422-437
name=unknown_D
#
# <colnr> <probs for GDERKNQSTAVLIFYWHMCP>
#	G	D	E	R	K	N	Q	S	T	A	V	L	I	F	Y	W	H	M	C	P
0	0.49329	0.02786	0.04199	0.04197	0.01388	0.03973	0.00823	0.13363	0.01323	0.02483	0.07502	0.01323	0.01097	0.00623	0.00489	0.00175	0.03445	0.00421	0.00390	0.00672
1	0.67461	0.02634	0.02431	0.00911	0.01254	0.01346	0.03718	0.04578	0.01040	0.02401	0.00821	0.00988	0.00648	0.00566	0.00501	0.00180	0.07198	0.00345	0.00342	0.00636
2	0.01261	0.01283	0.01697	0.01461	0.01478	0.05260	0.01211	0.01387	0.00897	0.01354	0.00765	0.01246	0.00755	0.01049	0.03745	0.00258	0.73539	0.00489	0.00250	0.00614
3	0.01343	0.03160	0.01791	0.01630	0.08077	0.06935	0.01253	0.04004	0.01017	0.01474	0.00798	0.01227	0.00758	0.00893	0.01564	0.00227	0.62450	0.00480	0.00263	0.00657
4	0.01231	0.01231	0.01724	0.01477	0.01477	0.01724	0.01231	0.01354	0.00862	0.01354	0.00739	0.01231	0.00739	0.00985	0.01847	0.00246	0.79192	0.00492	0.00246	0.00616
5	0.69849	0.01045	0.00896	0.00845	0.03707	0.01179	0.00653	0.01661	0.01058	0.06305	0.07474	0.01270	0.01070	0.00585	0.00394	0.00174	0.00431	0.00387	0.00387	0.00630
6	0.00681	0.00557	0.00597	0.00614	0.00771	0.00478	0.00448	0.00822	0.01262	0.01549	0.10149	0.16926	0.58532	0.03163	0.00721	0.00203	0.00296	0.01232	0.00525	0.00473
7	0.01522	0.78325	0.02910	0.00977	0.01453	0.04401	0.00966	0.01701	0.01156	0.01326	0.00785	0.00906	0.00722	0.00484	0.00365	0.00121	0.00614	0.00303	0.00242	0.00720
8	0.00942	0.00676	0.00903	0.00993	0.01124	0.00680	0.00827	0.06157	0.01347	0.01770	0.04380	0.21874	0.03228	0.01531	0.00747	0.00245	0.00479	0.51038	0.00524	0.00535
9	0.01432	0.33091	0.34378	0.01318	0.01931	0.06891	0.02985	0.05006	0.03194	0.03553	0.00992	0.01120	0.00774	0.00532	0.00471	0.00153	0.00729	0.00386	0.00278	0.00785
10	0.01231	0.01231	0.01724	0.01477	0.01477	0.01724	0.01231	0.01354	0.00862	0.01354	0.00739	0.01231	0.00739	0.00985	0.01847	0.00246	0.79192	0.00492	0.00246	0.00616
11	0.01111	0.00934	0.01109	0.00848	0.01283	0.00721	0.00678	0.01351	0.01172	0.01793	0.01318	0.07042	0.01243	0.00609	0.00469	0.00109	0.00419	0.06762	0.00363	0.70666
12	0.08144	0.00730	0.00900	0.00808	0.01025	0.00696	0.05630	0.01211	0.06400	0.03795	0.22020	0.08593	0.33712	0.03023	0.00683	0.00196	0.00364	0.00995	0.00519	0.00557
13	0.00695	0.00497	0.00662	0.00777	0.00818	0.00464	0.00523	0.00808	0.01122	0.01508	0.09507	0.73246	0.03861	0.01710	0.00714	0.00224	0.00321	0.01549	0.00531	0.00464
14	0.02525	0.00958	0.01306	0.01001	0.01437	0.00827	0.00827	0.02743	0.01611	0.77102	0.02220	0.01915	0.01393	0.00697	0.00566	0.00174	0.00479	0.00566	0.00697	0.00958
15	0.00686	0.00490	0.00653	0.00784	0.00816	0.00457	0.00522	0.00784	0.01077	0.01437	0.03102	0.79855	0.03722	0.01763	0.00718	0.00229	0.00326	0.01600	0.00522	0.00457
16	0.01940	0.01882	0.01519	0.01281	0.01618	0.31240	0.00996	0.33366	0.08974	0.02376	0.01290	0.01495	0.01034	0.07596	0.00743	0.00195	0.00750	0.00490	0.00438	0.00779
17	0.01149	0.00701	0.00938	0.00933	0.01120	0.00676	0.00775	0.01468	0.05043	0.13682	0.25921	0.04775	0.03528	0.01255	0.00699	0.00217	0.00429	0.35501	0.00581	0.00609
18	0.01602	0.01147	0.01270	0.01115	0.01451	0.01271	0.00879	0.02896	0.59639	0.16610	0.02295	0.02174	0.01695	0.00771	0.00577	0.00189	0.00454	0.02478	0.00595	0.00894
19	0.00795	0.00638	0.00684	0.00665	0.00857	0.00580	0.00500	0.01096	0.08623	0.03230	0.15326	0.08320	0.54021	0.01322	0.00656	0.00190	0.00304	0.01116	0.00545	0.00533
20	0.00976	0.00649	0.00797	0.00780	0.00933	0.00618	0.00570	0.01290	0.08851	0.09229	0.25736	0.26992	0.14079	0.04922	0.00763	0.00213	0.00339	0.01127	0.00566	0.00570
21	0.09377	0.01423	0.01545	0.01194	0.01633	0.01539	0.00986	0.55582	0.02314	0.16578	0.01457	0.01414	0.01004	0.00666	0.00545	0.00170	0.00578	0.00500	0.00568	0.00927
22	0.00668	0.00570	0.00575	0.00573	0.00762	0.00476	0.00430	0.00814	0.01290	0.01538	0.07412	0.05387	0.74761	0.01419	0.00665	0.00190	0.00285	0.01184	0.00525	0.00476
23	0.17896	0.01173	0.01273	0.01011	0.01396	0.01234	0.00827	0.30494	0.01829	0.25085	0.01557	0.01565	0.01094	0.02695	0.00566	0.00178	0.00507	0.00495	0.08292	0.00834
24	0.00931	0.00621	0.00771	0.00712	0.00888	0.00562	0.00541	0.01192	0.03053	0.08633	0.52643	0.04231	0.20758	0.01164	0.00654	0.00180	0.00292	0.01008	0.00604	0.00563
25	0.01393	0.01337	0.02284	0.03454	0.76712	0.01337	0.01727	0.01727	0.01281	0.01839	0.01059	0.01393	0.00891	0.00501	0.00557	0.00167	0.00669	0.00501	0.00279	0.00891
26	0.01129	0.02911	0.77306	0.01604	0.02436	0.01307	0.02079	0.01782	0.01188	0.01782	0.01010	0.01188	0.00713	0.00535	0.00535	0.00178	0.00832	0.00416	0.00238	0.00832
27	0.82127	0.01085	0.00839	0.00747	0.01097	0.01251	0.00615	0.01682	0.00974	0.04416	0.00820	0.00940	0.00629	0.00527	0.00354	0.00174	0.00436	0.00311	0.00357	0.00618
28	0.00686	0.00490	0.00653	0.00784	0.00816	0.00457	0.00522	0.00784	0.01077	0.01437	0.03102	0.79855	0.03722	0.01763	0.00718	0.00229	0.00326	0.01600	0.00522	0.00457
29	0.00805	0.00600	0.00888	0.00888	0.00983	0.00695	0.00683	0.00995	0.00900	0.01294	0.01522	0.02293	0.01442	0.08441	0.73821	0.00885	0.01454	0.00615	0.00304	0.00493
30	0.00980	0.00502	0.00758	0.02746	0.00814	0.00508	0.00516	0.00751	0.00743	0.00989	0.00978	0.01705	0.00972	0.01919	0.02157	0.81478	0.00495	0.00489	0.00245	0.00254
31	0.00796	0.00597	0.00625	0.00603	0.00809	0.00501	0.00457	0.00947	0.01312	0.06745	0.07030	0.05148	0.69730	0.01369	0.00658	0.00189	0.00298	0.01141	0.00537	0.00510
32	0.01431	0.01202	0.01273	0.01141	0.01463	0.01384	0.00889	0.02983	0.73620	0.04448	0.02289	0.02094	0.01709	0.00762	0.00572	0.00190	0.00446	0.00634	0.00576	0.00893
33	0.01393	0.01337	0.02284	0.03454	0.76712	0.01337	0.01727	0.01727	0.01281	0.01839	0.01059	0.01393	0.00891	0.00501	0.00557	0.00167	0.00669	0.00501	0.00279	0.00891
34	0.01231	0.01056	0.01813	0.61615	0.08222	0.01232	0.06918	0.01597	0.01193	0.08101	0.01121	0.01531	0.00823	0.00564	0.00570	0.00185	0.00736	0.00518	0.00293	0.00681
35	0.02314	0.01060	0.06254	0.01021	0.01461	0.00838	0.00889	0.02564	0.01582	0.67002	0.07253	0.02025	0.01618	0.00717	0.00571	0.00175	0.00487	0.00587	0.00661	0.00920
36	0.82195	0.01085	0.00839	0.00746	0.01097	0.01252	0.00615	0.01681	0.00974	0.04354	0.00819	0.00939	0.00629	0.00527	0.00354	0.00174	0.00436	0.00311	0.00357	0.00618
37	0.01170	0.11433	0.69146	0.01534	0.02327	0.01408	0.01957	0.01772	0.01183	0.01732	0.00985	0.01157	0.00714	0.00529	0.00516	0.00172	0.00806	0.00403	0.00238	0.00820
38	0.01260	0.01193	0.01975	0.33645	0.42215	0.01307	0.01603	0.01698	0.06346	0.01713	0.01120	0.01485	0.00892	0.00544	0.00560	0.00177	0.00686	0.00510	0.00287	0.00784
39	0.01338	0.01785	0.26032	0.03088	0.02325	0.01241	0.30027	0.05342	0.03246	0.08482	0.06418	0.01825	0.04921	0.00623	0.00606	0.00183	0.00761	0.00615	0.00360	0.00781
40	0.84197	0.01088	0.00827	0.00740	0.01088	0.01262	0.00609	0.01654	0.00958	0.02525	0.00784	0.00914	0.00609	0.00522	0.00348	0.00174	0.00435	0.00305	0.00348	0.00609
41	0.04783	0.01561	0.01661	0.01277	0.01724	0.01730	0.01055	0.72478	0.02592	0.03514	0.01333	0.01337	0.00946	0.00671	0.00556	0.00169	0.00613	0.00500	0.00556	0.00946
42	0.69397	0.01149	0.02841	0.00896	0.01278	0.01237	0.05766	0.01763	0.01046	0.08973	0.00939	0.01050	0.00697	0.00535	0.00393	0.00175	0.00484	0.00355	0.00372	0.00655
43	0.00686	0.00490	0.00653	0.00784	0.00816	0.00457	0.00522	0.00784	0.01077	0.01437	0.03102	0.79855	0.03722	0.01763	0.00718	0.00229	0.00326	0.01600	0.00522	0.00457

[dist]
# distance from previous block
# <min> <max>
0	1

[block]
# block no. 4 follows, 42 sequences, length 81
# corresponding to MSA columns:
# 439-519
name=unknown_E
#
# <colnr> <probs for GDERKNQSTAVLIFYWHMCP>
#	G	D	E	R	K	N	Q	S	T	A	V	L	I	F	Y	W	H	M	C	P
0	0.00878	0.00627	0.00874	0.01004	0.01121	0.00623	0.00857	0.01116	0.01267	0.01652	0.02996	0.15895	0.03302	0.01582	0.00770	0.00255	0.00493	0.63660	0.00519	0.00510
1	0.01316	0.01232	0.02032	0.04852	0.61404	0.01245	0.01562	0.01703	0.05094	0.01831	0.01440	0.02040	0.03232	0.00648	0.00583	0.00179	0.00634	0.07813	0.00324	0.00836
2	0.02525	0.00958	0.01306	0.01001	0.01437	0.00827	0.00827	0.02743	0.01611	0.77102	0.02220	0.01915	0.01393	0.00697	0.00566	0.00174	0.00479	0.00566	0.00697	0.00958
3	0.02105	0.02598	0.01602	0.01438	0.01740	0.72198	0.01086	0.07737	0.01674	0.01541	0.00906	0.01040	0.00742	0.00587	0.00512	0.00147	0.00985	0.00373	0.00311	0.00675
4	0.02525	0.00958	0.01306	0.01001	0.01437	0.00827	0.00827	0.02743	0.01611	0.77102	0.02220	0.01915	0.01393	0.00697	0.00566	0.00174	0.00479	0.00566	0.00697	0.00958
5	0.00978	0.00489	0.00733	0.00733	0.00733	0.00489	0.00489	0.00733	0.00733	0.00978	0.00978	0.01711	0.00978	0.01955	0.02199	0.83627	0.00489	0.00489	0.00244	0.00244
6	0.01231	0.01231	0.01724	0.01477	0.01477	0.01724	0.01231	0.01354	0.00862	0.01354	0.00739	0.01231	0.00739	0.00985	0.01847	0.00246	0.79192	0.00492	0.00246	0.00616
7	0.01231	0.01231	0.01724	0.01477	0.01477	0.01724	0.01231	0.01354	0.00862	0.01354	0.00739	0.01231	0.00739	0.00985	0.01847	0.00246	0.79192	0.00492	0.00246	0.00616
8	0.01062	0.00986	0.01652	0.76478	0.03778	0.01228	0.01527	0.01434	0.01127	0.01458	0.01026	0.01519	0.00771	0.00565	0.00557	0.00186	0.00735	0.00501	0.02787	0.00622
9	0.02334	0.01101	0.01379	0.01064	0.01487	0.01054	0.00876	0.21703	0.01883	0.53804	0.05821	0.01885	0.01480	0.00714	0.00570	0.00173	0.00505	0.00574	0.00657	0.00936
10	0.01505	0.80561	0.02949	0.00963	0.01444	0.02227	0.00963	0.01685	0.01143	0.01324	0.00782	0.00903	0.00722	0.00481	0.00361	0.00120	0.00602	0.00301	0.00241	0.00722
11	0.02525	0.00958	0.01306	0.01001	0.01437	0.00827	0.00827	0.02743	0.01611	0.77102	0.02220	0.01915	0.01393	0.00697	0.00566	0.00174	0.00479	0.00566	0.00697	0.00958
12	0.00720	0.00571	0.00641	0.00624	0.00786	0.00499	0.00464	0.00905	0.01386	0.01787	0.32506	0.04897	0.46917	0.03921	0.00737	0.00197	0.00286	0.01111	0.00554	0.00492
13	0.02139	0.01576	0.01689	0.01295	0.01745	0.01745	0.01070	0.74835	0.02646	0.03547	0.01351	0.01351	0.00957	0.00676	0.00563	0.00169	0.00619	0.00507	0.00563	0.00957
14	0.02139	0.01576	0.01689	0.01295	0.01745	0.01745	0.01070	0.74835	0.02646	0.03547	0.01351	0.01351	0.00957	0.00676	0.00563	0.00169	0.00619	0.00507	0.00563	0.00957
15	0.00763	0.00560	0.00708	0.00698	0.00818	0.00513	0.00509	0.00977	0.01444	0.01990	0.53086	0.15872	0.14272	0.04336	0.00757	0.00201	0.00288	0.01121	0.00581	0.00505
16	0.00796	0.00575	0.00752	0.00708	0.00841	0.00531	0.00531	0.01062	0.01593	0.02257	0.76415	0.04204	0.05310	0.01150	0.00664	0.00177	0.00265	0.01018	0.00619	0.00531
17	0.02490	0.00965	0.01305	0.01006	0.01437	0.00845	0.00829	0.02750	0.03880	0.74812	0.02222	0.01921	0.01403	0.00699	0.00566	0.00175	0.00478	0.00568	0.00693	0.00956
18	0.00686	0.00490	0.00653	0.00784	0.00816	0.00457	0.00522	0.00784	0.01077	0.01437	0.03102	0.79855	0.03722	0.01763	0.00718	0.00229	0.00326	0.01600	0.00522	0.00457
19	0.00728	0.00588	0.00650	0.00638	0.00808	0.00520	0.00477	0.00950	0.03647	0.01764	0.26766	0.07853	0.49947	0.01336	0.00664	0.00188	0.00286	0.01136	0.00553	0.00504
20	0.84197	0.01088	0.00827	0.00740	0.01088	0.01262	0.00609	0.01654	0.00958	0.02525	0.00784	0.00914	0.00609	0.00522	0.00348	0.00174	0.00435	0.00305	0.00348	0.00609
21	0.00793	0.00575	0.00748	0.00705	0.00839	0.00530	0.00529	0.01056	0.01586	0.02240	0.74789	0.04232	0.06946	0.01157	0.00664	0.00177	0.00266	0.01022	0.00617	0.00530
22	0.84197	0.01088	0.00827	0.00740	0.01088	0.01262	0.00609	0.01654	0.00958	0.02525	0.00784	0.00914	0.00609	0.00522	0.00348	0.00174	0.00435	0.00305	0.00348	0.00609
23	0.84197	0.01088	0.00827	0.00740	0.01088	0.01262	0.00609	0.01654	0.00958	0.02525	0.00784	0.00914	0.00609	0.00522	0.00348	0.00174	0.00435	0.00305	0.00348	0.00609
24	0.02130	0.01469	0.01607	0.01246	0.01684	0.01601	0.01025	0.60020	0.08257	0.12806	0.01535	0.01482	0.01072	0.00685	0.00564	0.00171	0.00588	0.00524	0.00581	0.00952
25	0.00705	0.00578	0.00628	0.00646	0.00820	0.00500	0.00499	0.00869	0.01296	0.01583	0.09472	0.07919	0.60277	0.01437	0.00681	0.00200	0.00316	0.10563	0.00528	0.00483
26	0.00702	0.00516	0.00656	0.00754	0.00820	0.00475	0.00522	0.00820	0.01138	0.01490	0.06803	0.58721	0.15447	0.03814	0.00769	0.00230	0.00333	0.05007	0.00522	0.00463
27	0.84197	0.01088	0.00827	0.00740	0.01088	0.01262	0.00609	0.01654	0.00958	0.02525	0.00784	0.00914	0.00609	0.00522	0.00348	0.00174	0.00435	0.00305	0.00348	0.00609
28	0.00771	0.00567	0.00722	0.00705	0.00834	0.00518	0.00525	0.01003	0.01494	0.02068	0.58540	0.12458	0.13828	0.01257	0.00672	0.00186	0.00279	0.02461	0.00595	0.00516
29	0.01281	0.01218	0.01747	0.16104	0.31560	0.04505	0.01293	0.01577	0.01209	0.01721	0.01005	0.01313	0.00832	0.00510	0.00569	0.00146	0.04258	0.00439	0.00291	0.28422
30	0.00792	0.00542	0.00640	0.00656	0.00687	0.00534	0.00405	0.00821	0.00903	0.01189	0.02308	0.13150	0.10271	0.52716	0.07344	0.04816	0.00551	0.00924	0.00376	0.00376
31	0.00695	0.00495	0.00654	0.00773	0.00808	0.00464	0.00514	0.00794	0.01082	0.01448	0.05456	0.73829	0.03697	0.05381	0.00816	0.00242	0.00335	0.01544	0.00517	0.00454
32	0.01505	0.80561	0.02949	0.00963	0.01444	0.02227	0.00963	0.01685	0.01143	0.01324	0.00782	0.00903	0.00722	0.00481	0.00361	0.00120	0.00602	0.00301	0.00241	0.00722
33	0.01167	0.01000	0.01167	0.00834	0.01334	0.00750	0.00667	0.01417	0.01167	0.01834	0.01000	0.01167	0.00834	0.00417	0.00417	0.00083	0.00417	0.00333	0.00333	0.83663
34	0.00876	0.00538	0.00720	0.00806	0.00880	0.00495	0.00554	0.00986	0.01133	0.09254	0.03011	0.71803	0.03481	0.01653	0.00703	0.00223	0.00342	0.01493	0.00540	0.00509
35	0.02525	0.00958	0.01306	0.01001	0.01437	0.00827	0.00827	0.02743	0.01611	0.77102	0.02220	0.01915	0.01393	0.00697	0.00566	0.00174	0.00479	0.00566	0.00697	0.00958
36	0.78273	0.01079	0.00862	0.00759	0.01114	0.01231	0.00625	0.01733	0.01005	0.07935	0.00888	0.00987	0.00666	0.00535	0.00364	0.00174	0.00438	0.00324	0.00374	0.00635
37	0.00683	0.00499	0.00644	0.00760	0.00810	0.00459	0.00512	0.00786	0.01100	0.01446	0.03391	0.71561	0.11829	0.01725	0.00712	0.00224	0.00322	0.01554	0.00522	0.00459
38	0.00829	0.00571	0.00734	0.00721	0.00846	0.00523	0.00527	0.01040	0.01438	0.04884	0.50185	0.20186	0.10676	0.03373	0.00730	0.00199	0.00296	0.01132	0.00587	0.00522
39	0.00793	0.00572	0.00749	0.00710	0.00840	0.00529	0.00531	0.01053	0.01576	0.02230	0.73995	0.06701	0.05258	0.01171	0.00666	0.00179	0.00268	0.01037	0.00616	0.00529
40	0.02194	0.01488	0.01635	0.01253	0.01701	0.01615	0.01035	0.64600	0.02499	0.13989	0.01475	0.01431	0.01019	0.00679	0.00563	0.00170	0.00599	0.00515	0.00582	0.00957
41	0.71189	0.01052	0.00852	0.00760	0.01095	0.01202	0.00620	0.01737	0.04737	0.05500	0.02323	0.01131	0.00822	0.00559	0.00376	0.00173	0.00426	0.00355	0.04456	0.00632
42	0.00895	0.00644	0.00890	0.01013	0.01146	0.00639	0.00883	0.01148	0.01295	0.01676	0.03113	0.06302	0.06837	0.01548	0.00772	0.00256	0.00507	0.69399	0.00518	0.00516
43	0.00665	0.00570	0.00570	0.00570	0.00760	0.00475	0.00428	0.00808	0.01283	0.01520	0.05701	0.05416	0.76483	0.01425	0.00665	0.00190	0.00285	0.01188	0.00523	0.00475
44	0.00746	0.00527	0.00687	0.00774	0.00824	0.00502	0.00535	0.00866	0.01123	0.01510	0.12100	0.49734	0.03592	0.14623	0.01072	0.00278	0.00376	0.09173	0.00504	0.00454
45	0.01428	0.01404	0.02250	0.03354	0.72969	0.05162	0.01695	0.01753	0.01297	0.01816	0.01049	0.01374	0.00883	0.00505	0.00555	0.00166	0.00686	0.00494	0.00279	0.00879
46	0.02484	0.00959	0.01302	0.00996	0.01434	0.00825	0.00822	0.02703	0.01597	0.74856	0.02184	0.01893	0.01376	0.00688	0.00561	0.00171	0.00477	0.00559	0.00686	0.03425
47	0.84197	0.01088	0.00827	0.00740	0.01088	0.01262	0.00609	0.01654	0.00958	0.02525	0.00784	0.00914	0.00609	0.00522	0.00348	0.00174	0.00435	0.00305	0.00348	0.00609
48	0.00762	0.00536	0.00675	0.00741	0.00834	0.00488	0.00518	0.00893	0.01186	0.04315	0.10466	0.51534	0.19656	0.01658	0.02749	0.00231	0.00349	0.01390	0.00532	0.00488
49	0.07077	0.04364	0.45932	0.01834	0.07787	0.01366	0.18609	0.01763	0.01203	0.01823	0.01015	0.01253	0.00752	0.00525	0.00575	0.00180	0.02418	0.00470	0.00259	0.00796
50	0.01522	0.01269	0.01341	0.01170	0.01510	0.01457	0.00920	0.14827	0.63661	0.02551	0.02136	0.01976	0.01593	0.00749	0.00571	0.00187	0.00474	0.00615	0.00571	0.00902
51	0.84197	0.01088	0.00827	0.00740	0.01088	0.01262	0.00609	0.01654	0.00958	0.02525	0.00784	0.00914	0.00609	0.00522	0.00348	0.00174	0.00435	0.00305	0.00348	0.00609
52	0.00881	0.00716	0.01052	0.01008	0.01090	0.00887	0.00798	0.01068	0.00897	0.01315	0.01369	0.02034	0.01287	0.03638	0.64286	0.00786	0.15491	0.00583	0.00292	0.00523
53	0.01344	0.01750	0.15081	0.02139	0.02709	0.03749	0.55037	0.01813	0.01297	0.03633	0.01116	0.01444	0.00835	0.00519	0.00698	0.00189	0.04993	0.00603	0.00285	0.00765
54	0.02139	0.01576	0.01689	0.01295	0.01745	0.01745	0.01070	0.74835	0.02646	0.03547	0.01351	0.01351	0.00957	0.00676	0.00563	0.00169	0.00619	0.00507	0.00563	0.00957
55	0.00792	0.00586	0.00713	0.00698	0.00843	0.00540	0.00527	0.01051	0.03202	0.02006	0.46796	0.08383	0.21584	0.01234	0.00657	0.00185	0.00290	0.04741	0.04650	0.00521
56	0.00802	0.00631	0.00985	0.00999	0.01110	0.00599	0.08264	0.00977	0.01163	0.01548	0.04809	0.54299	0.03366	0.01570	0.00724	0.00230	0.00430	0.16494	0.00500	0.00503
57	0.01197	0.02815	0.73572	0.01574	0.02387	0.01283	0.02018	0.01829	0.01209	0.05483	0.01069	0.01224	0.00746	0.00543	0.00536	0.00178	0.00814	0.00423	0.00260	0.00838
58	0.00686	0.00490	0.00653	0.00784	0.00816	0.00457	0.00522	0.00784	0.01077	0.01437	0.03102	0.79855	0.03722	0.01763	0.00718	0.00229	0.00326	0.01600	0.00522	0.00457
59	0.00807	0.00686	0.04508	0.00756	0.00918	0.00565	0.00607	0.01083	0.01547	0.02191	0.68952	0.07934	0.05003	0.01152	0.00660	0.00180	0.00296	0.01018	0.00596	0.00542
60	0.01486	0.76746	0.06602	0.00994	0.01493	0.02182	0.01018	0.01690	0.01146	0.01347	0.00794	0.00917	0.00722	0.00484	0.00370	0.00123	0.00613	0.00307	0.00241	0.00728
61	0.02370	0.00982	0.01349	0.01140	0.05351	0.00875	0.00886	0.04988	0.01612	0.66890	0.02170	0.02097	0.01447	0.00730	0.00576	0.00178	0.00495	0.04270	0.00661	0.00932
62	0.17424	0.01000	0.01266	0.01074	0.05071	0.00932	0.00831	0.02493	0.01475	0.59749	0.01900	0.01706	0.01225	0.00655	0.00526	0.00174	0.00480	0.00515	0.00612	0.00891
63	0.00784	0.00575	0.00681	0.00668	0.00823	0.00508	0.00496	0.00976	0.01400	0.04312	0.35154	0.13678	0.35247	0.01325	0.00668	0.00189	0.00288	0.01145	0.00569	0.00512
64	0.01266	0.12468	0.01450	0.00876	0.01371	0.01014	0.00730	0.05277	0.01241	0.01850	0.00987	0.01139	0.00824	0.00440	0.00416	0.00093	0.00454	0.00338	0.00332	0.67434
65	0.01674	0.01274	0.09354	0.03533	0.01728	0.01060	0.09556	0.13175	0.02946	0.23802	0.03025	0.03808	0.01339	0.06365	0.00730	0.00194	0.00589	0.02960	0.00477	0.12411
66	0.01508	0.06504	0.14387	0.01579	0.03227	0.02900	0.18128	0.21765	0.05390	0.02184	0.01190	0.01465	0.00939	0.04531	0.00823	0.00198	0.09574	0.00529	0.00365	0.02813
67	0.01051	0.02458	0.01603	0.01295	0.01532	0.02801	0.20429	0.01422	0.08158	0.01752	0.16301	0.19811	0.05397	0.04925	0.00878	0.00217	0.07987	0.00936	0.00436	0.00612
68	0.00685	0.00492	0.00650	0.00777	0.00815	0.00458	0.00520	0.00784	0.01084	0.01439	0.03181	0.77583	0.05943	0.01753	0.00717	0.00227	0.00325	0.01587	0.00522	0.00458
69	0.01464	0.25288	0.25299	0.01349	0.05688	0.02617	0.04112	0.01825	0.01289	0.13619	0.05594	0.01783	0.01283	0.00650	0.00518	0.00165	0.00651	0.05669	0.00358	0.00777
70	0.01153	0.00985	0.01152	0.00832	0.01318	0.00741	0.00663	0.01398	0.01164	0.01822	0.01063	0.03514	0.00920	0.00457	0.00426	0.00088	0.00414	0.00371	0.00339	0.81181
71	0.00715	0.00586	0.00632	0.00623	0.00774	0.00532	0.00455	0.00846	0.01204	0.01482	0.08277	0.04849	0.56981	0.12531	0.04746	0.00275	0.02463	0.01081	0.00484	0.00464
72	0.01279	0.01246	0.01998	0.32895	0.41685	0.03951	0.01615	0.01612	0.01209	0.01641	0.01013	0.01414	0.00822	0.00553	0.00624	0.00178	0.04738	0.00496	0.00266	0.00765
