[name]
unknown

[dist]
# distance from previous block
# <min> <max>
0	17

[block]
# block no. 0 follows, 45 sequences, length 11
# corresponding to MSA columns:
# 17-27
name=unknown_A
#
# <colnr> <probs for GDERKNQSTAVLIFYWHMCP>
#	G	D	E	R	K	N	Q	S	T	A	V	L	I	F	Y	W	H	M	C	P
0	0.00865	0.00618	0.00865	0.00989	0.01112	0.00618	0.00865	0.01112	0.01236	0.01606	0.02842	0.06055	0.03089	0.01483	0.00741	0.00247	0.00494	0.74174	0.00494	0.00494
1	0.84927	0.01038	0.00789	0.00706	0.01038	0.01204	0.00581	0.01578	0.00914	0.02408	0.00747	0.00872	0.00581	0.00498	0.00332	0.00166	0.00415	0.00291	0.00332	0.00581
2	0.01329	0.01275	0.02179	0.03295	0.77787	0.01275	0.01647	0.01647	0.01222	0.01754	0.01010	0.01329	0.00850	0.00478	0.00531	0.00159	0.00638	0.00478	0.00266	0.00850
3	0.01416	0.01325	0.01652	0.39150	0.11179	0.11036	0.01318	0.18108	0.03795	0.01878	0.01049	0.01340	0.00800	0.00574	0.00568	0.00170	0.03150	0.00466	0.00322	0.00706
4	0.41177	0.19695	0.13261	0.01071	0.01528	0.01452	0.09344	0.03994	0.01078	0.01994	0.00835	0.00987	0.00658	0.00491	0.00402	0.00157	0.00569	0.00351	0.00293	0.00664
5	0.10726	0.01249	0.02023	0.03004	0.69159	0.01267	0.01528	0.01640	0.01188	0.01827	0.00980	0.01277	0.00820	0.00481	0.00509	0.00160	0.00613	0.00457	0.00273	0.00820
6	0.01322	0.01292	0.02276	0.03193	0.70387	0.01284	0.08969	0.01655	0.01227	0.01750	0.01017	0.01340	0.00847	0.00476	0.00541	0.00162	0.00664	0.00494	0.00266	0.00838
7	0.01250	0.01288	0.04884	0.06104	0.21459	0.01214	0.25528	0.04738	0.06422	0.01792	0.01176	0.04329	0.00969	0.00546	0.00592	0.00162	0.03305	0.00549	0.00311	0.13382
8	0.01384	0.01433	0.05773	0.20225	0.20189	0.08126	0.11101	0.12903	0.01368	0.01815	0.00997	0.01304	0.00785	0.00574	0.00680	0.00174	0.09659	0.00482	0.00297	0.00732
9	0.10735	0.03296	0.11927	0.13096	0.07125	0.06158	0.02779	0.07940	0.01178	0.04898	0.00983	0.03149	0.00813	0.00677	0.00849	0.00185	0.22770	0.00463	0.00301	0.00679
10	0.01382	0.01468	0.02128	0.10038	0.04927	0.13771	0.28223	0.07749	0.01285	0.01653	0.00998	0.01378	0.00821	0.03929	0.00868	0.00192	0.14936	0.00519	0.00288	0.03447

[dist]
# distance from previous block
# <min> <max>
38	66

[block]
# block no. 1 follows, 45 sequences, length 18
# corresponding to MSA columns:
# 102-119
name=unknown_B
#
# <colnr> <probs for GDERKNQSTAVLIFYWHMCP>
#	G	D	E	R	K	N	Q	S	T	A	V	L	I	F	Y	W	H	M	C	P
0	0.10741	0.21066	0.14775	0.01188	0.01630	0.08024	0.04882	0.16822	0.01399	0.01951	0.01003	0.03891	0.00835	0.00587	0.00536	0.00154	0.05381	0.00425	0.00323	0.04388
1	0.07088	0.03390	0.16455	0.05058	0.03913	0.06499	0.12629	0.10462	0.04168	0.03419	0.01312	0.10418	0.01157	0.03128	0.00596	0.00175	0.00638	0.00581	0.00347	0.08567
2	0.03328	0.04933	0.07114	0.04011	0.09088	0.14448	0.02193	0.06777	0.03295	0.03906	0.05072	0.05573	0.02530	0.02385	0.04813	0.12728	0.02155	0.00533	0.00334	0.04782
3	0.02776	0.02859	0.07179	0.06176	0.01579	0.01038	0.08314	0.11393	0.07237	0.05738	0.05511	0.05349	0.03128	0.07358	0.05186	0.02759	0.02757	0.00588	0.00385	0.12689
4	0.01648	0.05430	0.01366	0.01044	0.01388	0.05466	0.00846	0.34046	0.11580	0.09936	0.10039	0.03972	0.07691	0.00770	0.00545	0.00163	0.00503	0.00615	0.00518	0.02436
5	0.11771	0.05502	0.05794	0.01113	0.03266	0.12052	0.02212	0.15216	0.05704	0.06091	0.12819	0.05647	0.01702	0.02953	0.00633	0.00177	0.03903	0.02341	0.00424	0.00680
6	0.12438	0.46915	0.05288	0.00963	0.01395	0.04142	0.00908	0.10780	0.01281	0.05756	0.00969	0.03439	0.00826	0.00539	0.00400	0.00135	0.00558	0.00370	0.00315	0.02583
7	0.01023	0.00885	0.07076	0.00907	0.01133	0.02918	0.00786	0.05443	0.01306	0.07614	0.07645	0.18276	0.15637	0.01225	0.00642	0.00200	0.00444	0.23229	0.00484	0.03128
8	0.01063	0.00901	0.01070	0.00798	0.01223	0.00699	0.00632	0.01291	0.01089	0.01691	0.01088	0.04979	0.00970	0.00750	0.06724	0.00149	0.00477	0.00396	0.00324	0.73685
9	0.02041	0.01504	0.01611	0.01235	0.01665	0.01665	0.01020	0.75997	0.02524	0.03383	0.01289	0.01289	0.00913	0.00644	0.00537	0.00161	0.00591	0.00483	0.00537	0.00913
10	0.01329	0.01275	0.02179	0.03295	0.77787	0.01275	0.01647	0.01647	0.01222	0.01754	0.01010	0.01329	0.00850	0.00478	0.00531	0.00159	0.00638	0.00478	0.00266	0.00850
11	0.00781	0.00520	0.00585	0.00585	0.00585	0.00520	0.00325	0.00781	0.00781	0.01041	0.01691	0.03513	0.01952	0.81135	0.02732	0.00520	0.00520	0.00781	0.00325	0.00325
12	0.01165	0.04794	0.01367	0.01125	0.01280	0.01177	0.04967	0.16467	0.01290	0.01769	0.01776	0.29251	0.03652	0.02956	0.00998	0.00210	0.23885	0.00866	0.00400	0.00604
13	0.00664	0.00471	0.00620	0.00734	0.00763	0.00443	0.00484	0.00750	0.01008	0.01344	0.02857	0.74580	0.03422	0.08062	0.00850	0.00242	0.00328	0.01466	0.00484	0.00427
14	0.00767	0.00575	0.00863	0.00863	0.00959	0.00671	0.00671	0.00959	0.00863	0.01246	0.01438	0.02109	0.01342	0.04026	0.79008	0.00863	0.01438	0.00575	0.00288	0.00479
15	0.01267	0.01448	0.03167	0.02262	0.02805	0.01357	0.75837	0.01719	0.01267	0.01719	0.01086	0.01448	0.00814	0.00452	0.00633	0.00181	0.00905	0.00633	0.00271	0.00724
16	0.01148	0.01273	0.04588	0.04444	0.10615	0.01172	0.49682	0.01523	0.01215	0.01650	0.01486	0.13716	0.03496	0.00675	0.00624	0.00184	0.00757	0.00757	0.00310	0.00684
17	0.02041	0.01504	0.01611	0.01235	0.01665	0.01665	0.01020	0.75997	0.02524	0.03383	0.01289	0.01289	0.00913	0.00644	0.00537	0.00161	0.00591	0.00483	0.00537	0.00913

[dist]
# distance from previous block
# <min> <max>
0	10

[block]
# block no. 2 follows, 45 sequences, length 73
# corresponding to MSA columns:
# 130-202
name=unknown_C
#
# <colnr> <probs for GDERKNQSTAVLIFYWHMCP>
#	G	D	E	R	K	N	Q	S	T	A	V	L	I	F	Y	W	H	M	C	P
0	0.00760	0.00549	0.00718	0.00675	0.00802	0.00506	0.00506	0.01013	0.01519	0.02153	0.77503	0.04010	0.05065	0.01097	0.00633	0.00169	0.00253	0.00971	0.00591	0.00506
1	0.01267	0.01448	0.03167	0.02262	0.02805	0.01357	0.75837	0.01719	0.01267	0.01719	0.01086	0.01448	0.00814	0.00452	0.00633	0.00181	0.00905	0.00633	0.00271	0.00724
2	0.01881	0.01401	0.01566	0.09333	0.01836	0.01563	0.01050	0.64695	0.02309	0.03099	0.01302	0.01435	0.00956	0.00653	0.00538	0.00164	0.00593	0.02246	0.02518	0.00860
3	0.01113	0.00954	0.01113	0.00795	0.01272	0.00716	0.00636	0.01352	0.01113	0.01749	0.00954	0.01113	0.00795	0.00398	0.00398	0.00080	0.00398	0.00318	0.00318	0.84417
4	0.01329	0.01275	0.02179	0.03295	0.77787	0.01275	0.01647	0.01647	0.01222	0.01754	0.01010	0.01329	0.00850	0.00478	0.00531	0.00159	0.00638	0.00478	0.00266	0.00850
5	0.84927	0.01038	0.00789	0.00706	0.01038	0.01204	0.00581	0.01578	0.00914	0.02408	0.00747	0.00872	0.00581	0.00498	0.00332	0.00166	0.00415	0.00291	0.00332	0.00581
6	0.01435	0.81458	0.02813	0.00918	0.01378	0.02124	0.00918	0.01607	0.01091	0.01263	0.00746	0.00861	0.00689	0.00459	0.00344	0.00115	0.00574	0.00287	0.00230	0.00689
7	0.00634	0.00544	0.00544	0.00544	0.00725	0.00453	0.00408	0.00770	0.01224	0.01450	0.05438	0.05166	0.77569	0.01359	0.00634	0.00181	0.00272	0.01133	0.00498	0.00453
8	0.02041	0.01504	0.01611	0.01235	0.01665	0.01665	0.01020	0.75997	0.02524	0.03383	0.01289	0.01289	0.00913	0.00644	0.00537	0.00161	0.00591	0.00483	0.00537	0.00913
9	0.00767	0.00575	0.00863	0.00863	0.00959	0.00671	0.00671	0.00959	0.00863	0.01246	0.01438	0.02109	0.01342	0.04026	0.79008	0.00863	0.01438	0.00575	0.00288	0.00479
10	0.00792	0.00512	0.00688	0.00785	0.00851	0.00477	0.00554	0.00908	0.01082	0.06524	0.02891	0.68183	0.03357	0.01594	0.00681	0.00217	0.00339	0.08583	0.00509	0.00474
11	0.01265	0.01416	0.02997	0.04182	0.02734	0.01352	0.68913	0.01786	0.06309	0.01746	0.01156	0.01485	0.00867	0.00473	0.00625	0.00181	0.00868	0.00628	0.00289	0.00729
12	0.01298	0.01231	0.02091	0.03141	0.72664	0.01231	0.01595	0.01612	0.01223	0.01744	0.01132	0.01644	0.01000	0.00545	0.00545	0.00165	0.00628	0.05402	0.00281	0.00826
13	0.00781	0.00520	0.00585	0.00585	0.00585	0.00520	0.00325	0.00781	0.00781	0.01041	0.01691	0.03513	0.01952	0.81135	0.02732	0.00520	0.00520	0.00781	0.00325	0.00325
14	0.00781	0.00520	0.00585	0.00585	0.00585	0.00520	0.00325	0.00781	0.00781	0.01041	0.01691	0.03513	0.01952	0.81135	0.02732	0.00520	0.00520	0.00781	0.00325	0.00325
15	0.00654	0.00467	0.00623	0.00747	0.00779	0.00436	0.00498	0.00747	0.01028	0.01370	0.02959	0.80785	0.03550	0.01682	0.00685	0.00218	0.00311	0.01526	0.00498	0.00436
16	0.00916	0.00696	0.00957	0.01122	0.06229	0.00705	0.00883	0.01257	0.07124	0.01653	0.02810	0.07019	0.06832	0.01355	0.00705	0.00232	0.00482	0.57996	0.00483	0.00542
17	0.00767	0.00575	0.00863	0.00863	0.00959	0.00671	0.00671	0.00959	0.00863	0.01246	0.01438	0.02109	0.01342	0.04026	0.79008	0.00863	0.01438	0.00575	0.00288	0.00479
18	0.00745	0.00548	0.00697	0.00659	0.00793	0.00500	0.00495	0.00984	0.01484	0.02068	0.68833	0.04149	0.13788	0.01129	0.00633	0.00170	0.00255	0.00990	0.00580	0.00500
19	0.84927	0.01038	0.00789	0.00706	0.01038	0.01204	0.00581	0.01578	0.00914	0.02408	0.00747	0.00872	0.00581	0.00498	0.00332	0.00166	0.00415	0.00291	0.00332	0.00581
20	0.79342	0.01046	0.00817	0.00732	0.01062	0.01213	0.00599	0.01663	0.05985	0.02398	0.00843	0.00948	0.00652	0.00514	0.00346	0.00167	0.00416	0.00312	0.00346	0.00599
21	0.01014	0.00954	0.01610	0.79845	0.03697	0.01193	0.01491	0.01371	0.01073	0.01371	0.00954	0.01431	0.00716	0.00537	0.00537	0.00179	0.00716	0.00477	0.00239	0.00596
22	0.01083	0.00898	0.01311	0.03957	0.01397	0.05962	0.15595	0.01320	0.01306	0.08353	0.26340	0.12366	0.06341	0.08192	0.00811	0.00210	0.00505	0.03028	0.00457	0.00568
23	0.01201	0.00951	0.01122	0.00806	0.01279	0.00721	0.00646	0.01437	0.01142	0.06928	0.01033	0.01161	0.00831	0.00416	0.00407	0.00085	0.00402	0.00333	0.00342	0.78757
24	0.00658	0.00473	0.00617	0.00730	0.00768	0.00440	0.00486	0.00750	0.01027	0.01360	0.03028	0.73767	0.07148	0.05031	0.00769	0.00229	0.00318	0.01475	0.00491	0.00432
25	0.01160	0.01153	0.01616	0.01389	0.01393	0.01609	0.01156	0.01280	0.00824	0.01290	0.00731	0.01209	0.00728	0.01052	0.04581	0.00258	0.77279	0.00474	0.00237	0.00583
26	0.00691	0.00483	0.00612	0.00700	0.00721	0.00461	0.00447	0.00757	0.00955	0.01273	0.02584	0.57946	0.03078	0.25165	0.01290	0.00307	0.00373	0.01306	0.00447	0.00403
27	0.01259	0.01432	0.03119	0.04699	0.02833	0.01352	0.73502	0.01709	0.01261	0.01709	0.01082	0.01447	0.00811	0.00455	0.00630	0.00181	0.00899	0.00629	0.00270	0.00720
28	0.01077	0.02777	0.78354	0.01530	0.02323	0.01247	0.01983	0.01700	0.01133	0.01700	0.00963	0.01133	0.00680	0.00510	0.00510	0.00170	0.00793	0.00397	0.00227	0.00793
29	0.01435	0.81458	0.02813	0.00918	0.01378	0.02124	0.00918	0.01607	0.01091	0.01263	0.00746	0.00861	0.00689	0.00459	0.00344	0.00115	0.00574	0.00287	0.00230	0.00689
30	0.00781	0.00520	0.00585	0.00585	0.00585	0.00520	0.00325	0.00781	0.00781	0.01041	0.01691	0.03513	0.01952	0.81135	0.02732	0.00520	0.00520	0.00781	0.00325	0.00325
31	0.01001	0.00500	0.00500	0.00500	0.00625	0.00500	0.00375	0.01251	0.01126	0.02001	0.01751	0.02001	0.01376	0.00625	0.00375	0.00125	0.00250	0.00500	0.84115	0.00500
32	0.84927	0.01038	0.00789	0.00706	0.01038	0.01204	0.00581	0.01578	0.00914	0.02408	0.00747	0.00872	0.00581	0.00498	0.00332	0.00166	0.00415	0.00291	0.00332	0.00581
33	0.01335	0.01153	0.01214	0.01092	0.01396	0.01335	0.00850	0.02852	0.76817	0.02245	0.02185	0.02003	0.01639	0.00728	0.00546	0.00182	0.00425	0.00607	0.00546	0.00850
34	0.07050	0.00921	0.01220	0.00941	0.01352	0.00812	0.00777	0.02558	0.01501	0.73897	0.02041	0.01773	0.01287	0.00655	0.00528	0.00166	0.00454	0.00526	0.00646	0.00895
35	0.00665	0.00472	0.00620	0.00734	0.00762	0.00443	0.00484	0.00750	0.01007	0.01342	0.02852	0.74261	0.03415	0.08390	0.00858	0.00244	0.00329	0.01463	0.00484	0.00427
36	0.00654	0.00467	0.00623	0.00747	0.00779	0.00436	0.00498	0.00747	0.01028	0.01370	0.02959	0.80785	0.03550	0.01682	0.00685	0.00218	0.00311	0.01526	0.00498	0.00436
37	0.02017	0.01481	0.01586	0.01218	0.01641	0.01638	0.01006	0.74296	0.02492	0.03352	0.01299	0.01305	0.00923	0.00644	0.00533	0.00160	0.00583	0.00484	0.02439	0.00903
38	0.01514	0.01026	0.01159	0.01005	0.01309	0.01108	0.00790	0.06537	0.45217	0.18287	0.10369	0.03957	0.01946	0.00770	0.00553	0.00176	0.00415	0.00645	0.02404	0.00812
39	0.01077	0.02777	0.78354	0.01530	0.02323	0.01247	0.01983	0.01700	0.01133	0.01700	0.00963	0.01133	0.00680	0.00510	0.00510	0.00170	0.00793	0.00397	0.00227	0.00793
40	0.00932	0.00466	0.00699	0.00699	0.00699	0.00466	0.00466	0.00699	0.00699	0.00932	0.00932	0.01632	0.00932	0.01865	0.02098	0.84382	0.00466	0.00466	0.00233	0.00233
41	0.00650	0.00483	0.00607	0.00706	0.00768	0.00439	0.00480	0.00752	0.01067	0.01386	0.03458	0.65548	0.18465	0.01617	0.00675	0.00211	0.00303	0.01447	0.00498	0.00439
42	0.01070	0.01001	0.01620	0.55840	0.10364	0.01244	0.01403	0.01380	0.01049	0.01424	0.00955	0.01405	0.00757	0.00602	0.00731	0.00184	0.13822	0.00477	0.04059	0.00615
43	0.03344	0.01433	0.01493	0.01320	0.06646	0.07540	0.00995	0.39013	0.24350	0.05946	0.01526	0.01494	0.01118	0.00649	0.00532	0.00166	0.00565	0.00508	0.00503	0.00861
44	0.01454	0.78852	0.02770	0.00934	0.01387	0.04663	0.00922	0.01625	0.01105	0.01265	0.00749	0.00865	0.00689	0.00462	0.00349	0.00116	0.00587	0.00289	0.00231	0.00687
45	0.01639	0.01088	0.01256	0.00981	0.01394	0.01046	0.00791	0.15212	0.19211	0.20415	0.01580	0.01523	0.01141	0.00583	0.00491	0.00139	0.00452	0.00468	0.00493	0.30098
46	0.01048	0.00972	0.01610	0.77248	0.03630	0.01208	0.01475	0.03837	0.01121	0.01438	0.00965	0.01426	0.00722	0.00540	0.00537	0.00178	0.00711	0.00477	0.00248	0.00607
47	0.01023	0.00964	0.01627	0.77582	0.05888	0.01195	0.01495	0.01380	0.01078	0.01383	0.00956	0.01428	0.00720	0.00535	0.00537	0.00178	0.00713	0.00477	0.00239	0.00604
48	0.01335	0.01153	0.01214	0.01092	0.01396	0.01335	0.00850	0.02852	0.76817	0.02245	0.02185	0.02003	0.01639	0.00728	0.00546	0.00182	0.00425	0.00607	0.00546	0.00850
49	0.02408	0.00914	0.01246	0.00955	0.01370	0.00789	0.00789	0.02616	0.01536	0.78158	0.02118	0.01827	0.01329	0.00664	0.00540	0.00166	0.00457	0.00540	0.00664	0.00914
50	0.00706	0.00544	0.00644	0.00624	0.00770	0.00483	0.00466	0.00906	0.01384	0.01843	0.45950	0.06751	0.34548	0.01221	0.00635	0.00175	0.00263	0.01053	0.00551	0.00483
51	0.84927	0.01038	0.00789	0.00706	0.01038	0.01204	0.00581	0.01578	0.00914	0.02408	0.00747	0.00872	0.00581	0.00498	0.00332	0.00166	0.00415	0.00291	0.00332	0.00581
52	0.00669	0.00479	0.00636	0.00737	0.00782	0.00446	0.00499	0.00784	0.01096	0.01479	0.13341	0.70092	0.03761	0.01600	0.00678	0.00211	0.00303	0.01449	0.00511	0.00446
53	0.01435	0.81458	0.02813	0.00918	0.01378	0.02124	0.00918	0.01607	0.01091	0.01263	0.00746	0.00861	0.00689	0.00459	0.00344	0.00115	0.00574	0.00287	0.00230	0.00689
54	0.00723	0.00523	0.00655	0.00740	0.00784	0.00512	0.00490	0.00894	0.06045	0.01368	0.02672	0.61204	0.03126	0.16339	0.01055	0.00272	0.00358	0.01326	0.00469	0.00443
55	0.01435	0.81458	0.02813	0.00918	0.01378	0.02124	0.00918	0.01607	0.01091	0.01263	0.00746	0.00861	0.00689	0.00459	0.00344	0.00115	0.00574	0.00287	0.00230	0.00689
56	0.00841	0.07888	0.00939	0.03890	0.01009	0.02608	0.00607	0.02771	0.01194	0.01590	0.18922	0.47572	0.03306	0.01311	0.00621	0.00189	0.00363	0.01165	0.00475	0.02740
57	0.01103	0.04770	0.71182	0.01484	0.02236	0.01276	0.01879	0.01774	0.06189	0.01725	0.01039	0.01184	0.00744	0.00523	0.00508	0.00169	0.00763	0.00408	0.00248	0.00794
58	0.02355	0.01000	0.01299	0.00996	0.01413	0.00917	0.00823	0.13365	0.01681	0.67205	0.01996	0.01748	0.01268	0.00661	0.00539	0.00165	0.00476	0.00532	0.00646	0.00913
59	0.00653	0.00469	0.00621	0.00742	0.00777	0.00436	0.00496	0.00748	0.01033	0.01372	0.03024	0.78778	0.05515	0.01673	0.00684	0.00217	0.00310	0.01516	0.00498	0.00436
60	0.01467	0.14775	0.21776	0.01440	0.06839	0.25905	0.03730	0.03815	0.05486	0.01580	0.02790	0.01329	0.00941	0.00692	0.03357	0.00178	0.00785	0.02120	0.00290	0.00706
61	0.00932	0.00466	0.00699	0.00699	0.00699	0.00466	0.00466	0.00699	0.00699	0.00932	0.00932	0.01632	0.00932	0.01865	0.02098	0.84382	0.00466	0.00466	0.00233	0.00233
62	0.01001	0.00500	0.00500	0.00500	0.00625	0.00500	0.00375	0.01251	0.01126	0.02001	0.01751	0.02001	0.01376	0.00625	0.00375	0.00125	0.00250	0.00500	0.84115	0.00500
63	0.00778	0.00563	0.00757	0.00872	0.00956	0.00554	0.00681	0.00997	0.04034	0.01513	0.02875	0.43268	0.03264	0.01553	0.00706	0.00230	0.00400	0.35021	0.00498	0.00479
64	0.04776	0.11851	0.57315	0.01506	0.04183	0.01347	0.06696	0.01704	0.01139	0.03363	0.00963	0.01131	0.00705	0.00502	0.00492	0.00164	0.00747	0.00400	0.00245	0.00771
65	0.01984	0.02522	0.01524	0.01384	0.01653	0.76967	0.01041	0.02121	0.01503	0.01313	0.00826	0.00973	0.00692	0.00563	0.00517	0.00141	0.03029	0.00349	0.00275	0.00621
66	0.02005	0.02558	0.01521	0.01383	0.01659	0.78980	0.01037	0.02143	0.01521	0.01314	0.00830	0.00968	0.00691	0.00553	0.00484	0.00138	0.00968	0.00346	0.00277	0.00622
67	0.00683	0.00522	0.00628	0.00659	0.00774	0.00467	0.00476	0.00842	0.01248	0.01636	0.25966	0.29484	0.30328	0.01389	0.00653	0.00191	0.00284	0.02781	0.00526	0.00464
68	0.01823	0.03698	0.01524	0.01296	0.03974	0.34019	0.00988	0.26434	0.09318	0.02150	0.02548	0.01253	0.00953	0.00594	0.00502	0.00146	0.00713	0.00429	0.00397	0.07241
69	0.01399	0.06629	0.02131	0.06528	0.61585	0.01351	0.01524	0.07669	0.01318	0.03281	0.01033	0.01308	0.00847	0.00497	0.00520	0.00158	0.00630	0.00467	0.00292	0.00834
70	0.00689	0.00534	0.00623	0.00625	0.00759	0.00473	0.00457	0.00860	0.01297	0.01697	0.32590	0.15638	0.37120	0.03360	0.00695	0.00191	0.00277	0.01119	0.00529	0.00468
71	0.84927	0.01038	0.00789	0.00706	0.01038	0.01204	0.00581	0.01578	0.00914	0.02408	0.00747	0.00872	0.00581	0.00498	0.00332	0.00166	0.00415	0.00291	0.00332	0.00581
72	0.03937	0.01000	0.01216	0.00959	0.01326	0.02719	0.00776	0.13202	0.03410	0.52643	0.03861	0.01872	0.01379	0.05344	0.00658	0.00184	0.00478	0.00547	0.03651	0.00838

[dist]
# distance from previous block
# <min> <max>
1	4

[block]
# block no. 3 follows, 45 sequences, length 25
# corresponding to MSA columns:
# 207-231
name=unknown_D
#
# <colnr> <probs for GDERKNQSTAVLIFYWHMCP>
#	G	D	E	R	K	N	Q	S	T	A	V	L	I	F	Y	W	H	M	C	P
0	0.01039	0.03493	0.01035	0.00900	0.01064	0.00890	0.00707	0.15134	0.01187	0.01660	0.01418	0.02021	0.01289	0.09359	0.52597	0.00651	0.01133	0.00562	0.03305	0.00557
1	0.01956	0.01448	0.01553	0.01199	0.01617	0.01594	0.00986	0.68601	0.05860	0.03248	0.01329	0.01331	0.00952	0.00640	0.00529	0.00159	0.00570	0.00484	0.02292	0.03654
2	0.01025	0.00977	0.01682	0.76282	0.03656	0.01200	0.04905	0.01387	0.01082	0.01387	0.00960	0.01432	0.00720	0.00533	0.00541	0.00179	0.00724	0.00484	0.00240	0.00602
3	0.00685	0.00549	0.00621	0.00663	0.00813	0.00485	0.00515	0.00838	0.01200	0.01472	0.04567	0.15502	0.52186	0.01428	0.00663	0.00200	0.00323	0.16333	0.00498	0.00459
4	0.01628	0.01219	0.01299	0.01062	0.01363	0.03421	0.00835	0.50481	0.02015	0.02684	0.04549	0.12825	0.01577	0.11506	0.00852	0.00217	0.00539	0.00684	0.00498	0.00744
5	0.00654	0.00467	0.00623	0.00747	0.00779	0.00436	0.00498	0.00747	0.01028	0.01370	0.02959	0.80785	0.03550	0.01682	0.00685	0.00218	0.00311	0.01526	0.00498	0.00436
6	0.00769	0.00522	0.00619	0.00629	0.00642	0.00530	0.00377	0.00797	0.00810	0.01090	0.01767	0.09652	0.02015	0.66247	0.10892	0.00533	0.00604	0.00819	0.00335	0.00351
7	0.01226	0.05173	0.01696	0.01384	0.01420	0.05323	0.01155	0.01348	0.00868	0.01291	0.00713	0.01149	0.00703	0.00898	0.01632	0.00224	0.72511	0.00455	0.00237	0.00594
8	0.84927	0.01038	0.00789	0.00706	0.01038	0.01204	0.00581	0.01578	0.00914	0.02408	0.00747	0.00872	0.00581	0.00498	0.00332	0.00166	0.00415	0.00291	0.00332	0.00581
9	0.02005	0.02558	0.01521	0.01383	0.01659	0.78980	0.01037	0.02143	0.01521	0.01314	0.00830	0.00968	0.00691	0.00553	0.00484	0.00138	0.00968	0.00346	0.00277	0.00622
10	0.00756	0.00549	0.00712	0.00671	0.00800	0.00505	0.00503	0.01005	0.01510	0.02131	0.75259	0.04046	0.07323	0.01106	0.00633	0.00169	0.00254	0.00976	0.00588	0.00505
11	0.00654	0.00467	0.00623	0.00747	0.00779	0.00436	0.00498	0.00747	0.01028	0.01370	0.02959	0.80785	0.03550	0.01682	0.00685	0.00218	0.00311	0.01526	0.00498	0.00436
12	0.01354	0.01478	0.04161	0.01991	0.04002	0.06690	0.53867	0.04390	0.04536	0.03290	0.01143	0.01438	0.00867	0.00515	0.00658	0.00177	0.04868	0.00584	0.03268	0.00722
13	0.01113	0.00954	0.01113	0.00795	0.01272	0.00716	0.00636	0.01352	0.01113	0.01749	0.00954	0.01113	0.00795	0.00398	0.00398	0.00080	0.00398	0.00318	0.00318	0.84417
14	0.01061	0.02571	0.01203	0.02798	0.05097	0.07902	0.03473	0.05807	0.01149	0.01518	0.01905	0.35864	0.02112	0.03766	0.00909	0.00213	0.15924	0.04052	0.02125	0.00552
15	0.01209	0.10773	0.50949	0.03733	0.06302	0.04995	0.07612	0.01706	0.01179	0.03379	0.02737	0.01223	0.00818	0.00518	0.00506	0.00163	0.00757	0.00425	0.00254	0.00762
16	0.02348	0.01010	0.01306	0.01001	0.01419	0.00932	0.00827	0.14637	0.01698	0.65909	0.01982	0.01739	0.01261	0.00661	0.00539	0.00165	0.00479	0.00531	0.00644	0.00913
17	0.01203	0.01169	0.04721	0.16564	0.45854	0.01176	0.01426	0.01576	0.04736	0.01696	0.01183	0.04552	0.01002	0.00577	0.00566	0.00166	0.03224	0.00524	0.07337	0.00748
18	0.00746	0.00611	0.00992	0.00962	0.01070	0.00571	0.11315	0.00897	0.01081	0.01451	0.05610	0.66387	0.03217	0.01482	0.00676	0.00211	0.00394	0.01376	0.00469	0.00480
19	0.00752	0.00545	0.00709	0.00675	0.00799	0.00502	0.00504	0.00996	0.01492	0.02103	0.72691	0.07063	0.06893	0.01127	0.00635	0.00171	0.00256	0.00997	0.00585	0.00502
20	0.04271	0.01507	0.05697	0.06026	0.47959	0.12351	0.01438	0.05839	0.03337	0.01796	0.01015	0.01264	0.00826	0.00507	0.00512	0.00156	0.00671	0.00446	0.00291	0.04089
21	0.01351	0.04702	0.01499	0.01176	0.03019	0.01103	0.11290	0.15512	0.01360	0.09054	0.03770	0.03476	0.01389	0.15392	0.03900	0.00259	0.08854	0.03637	0.04352	0.04907
22	0.01387	0.11228	0.17459	0.10936	0.25574	0.05352	0.05430	0.05809	0.01290	0.07035	0.02858	0.01328	0.00907	0.00528	0.00512	0.00159	0.00677	0.00456	0.00302	0.00771
23	0.01095	0.00843	0.00969	0.00816	0.01094	0.00779	0.00621	0.11121	0.06784	0.03518	0.10365	0.14736	0.08756	0.08091	0.00733	0.00180	0.00397	0.00743	0.00446	0.27913
24	0.03045	0.04299	0.14765	0.01649	0.03246	0.02910	0.26739	0.10205	0.01274	0.01815	0.00991	0.01272	0.00781	0.00595	0.00810	0.00179	0.18033	0.00497	0.02222	0.04674

[dist]
# distance from previous block
# <min> <max>
3	8

[block]
# block no. 4 follows, 45 sequences, length 6
# corresponding to MSA columns:
# 246-251
name=unknown_E
#
# <colnr> <probs for GDERKNQSTAVLIFYWHMCP>
#	G	D	E	R	K	N	Q	S	T	A	V	L	I	F	Y	W	H	M	C	P
0	0.00818	0.00617	0.00747	0.00779	0.00891	0.00611	0.00557	0.05221	0.09076	0.01709	0.15142	0.48440	0.10537	0.01399	0.00649	0.00200	0.00326	0.01244	0.00521	0.00519
1	0.07770	0.12720	0.12344	0.08742	0.06104	0.10254	0.04844	0.09578	0.10700	0.04960	0.01141	0.01262	0.00871	0.00545	0.00482	0.00154	0.00638	0.00427	0.00342	0.06121
2	0.01375	0.30630	0.17914	0.01302	0.01802	0.05933	0.12902	0.07873	0.06442	0.01676	0.01036	0.01241	0.00843	0.03684	0.00557	0.00161	0.00677	0.00426	0.00292	0.03235
3	0.09453	0.14034	0.11739	0.03960	0.05936	0.15102	0.05551	0.16447	0.03205	0.01960	0.00998	0.01155	0.00782	0.00560	0.00536	0.00156	0.04552	0.00411	0.02735	0.00726
4	0.11015	0.17428	0.21958	0.01447	0.11563	0.16645	0.01250	0.01764	0.05175	0.01645	0.01154	0.01282	0.04423	0.00555	0.00463	0.00152	0.00677	0.00410	0.00284	0.00709
5	0.18939	0.28060	0.11962	0.06051	0.01552	0.07092	0.00993	0.03639	0.01169	0.05369	0.06118	0.01271	0.01030	0.00701	0.03885	0.00179	0.00619	0.00395	0.00311	0.00665

[dist]
# distance from previous block
# <min> <max>
2	23

[block]
# block no. 5 follows, 45 sequences, length 99
# corresponding to MSA columns:
# 275-373
name=unknown_F
#
# <colnr> <probs for GDERKNQSTAVLIFYWHMCP>
#	G	D	E	R	K	N	Q	S	T	A	V	L	I	F	Y	W	H	M	C	P
0	0.01403	0.05993	0.08919	0.01450	0.15609	0.01195	0.01049	0.21043	0.06402	0.06291	0.03278	0.06980	0.02770	0.05865	0.05426	0.00228	0.00599	0.00591	0.04165	0.00741
1	0.01166	0.00984	0.01230	0.01352	0.13983	0.02756	0.00888	0.05024	0.24396	0.03786	0.05543	0.18125	0.04975	0.01095	0.04909	0.00219	0.04761	0.00780	0.00448	0.03583
2	0.01076	0.09000	0.03087	0.01614	0.23196	0.00957	0.01068	0.01331	0.01220	0.03582	0.04201	0.07360	0.05917	0.01041	0.00620	0.00198	0.00523	0.32979	0.00403	0.00629
3	0.08204	0.01472	0.14474	0.14849	0.21708	0.03256	0.02632	0.12257	0.04977	0.07057	0.03270	0.01403	0.00968	0.00561	0.00518	0.00167	0.00632	0.00473	0.00348	0.00772
4	0.03883	0.20237	0.14099	0.01253	0.04241	0.26642	0.01112	0.08863	0.01374	0.01644	0.01028	0.01162	0.02816	0.00619	0.02253	0.00155	0.00734	0.00381	0.00293	0.07209
5	0.01372	0.11197	0.03258	0.00947	0.02843	0.01041	0.00754	0.09495	0.01263	0.16945	0.03211	0.05850	0.08661	0.16785	0.03253	0.00257	0.08277	0.00646	0.03311	0.00633
6	0.03030	0.01324	0.05654	0.01379	0.05223	0.06184	0.15848	0.17165	0.06625	0.07273	0.11506	0.03088	0.02847	0.00653	0.00550	0.00159	0.00591	0.00583	0.00426	0.09892
7	0.00715	0.00549	0.00646	0.00741	0.00783	0.03158	0.00492	0.00801	0.01023	0.01332	0.02836	0.65425	0.06384	0.11305	0.00925	0.00251	0.00358	0.01378	0.00470	0.00430
8	0.01277	0.00996	0.01145	0.00839	0.01296	0.02236	0.00672	0.04771	0.01219	0.08579	0.01108	0.02713	0.00899	0.00460	0.00423	0.00095	0.00420	0.00369	0.00361	0.70123
9	0.20443	0.01145	0.03585	0.01156	0.09037	0.05249	0.00859	0.03652	0.01305	0.32874	0.01386	0.01367	0.00963	0.00554	0.00465	0.00150	0.00497	0.00426	0.00456	0.14431
10	0.01014	0.00954	0.01610	0.79845	0.03697	0.01193	0.01491	0.01371	0.01073	0.01371	0.00954	0.01431	0.00716	0.00537	0.00537	0.00179	0.00716	0.00477	0.00239	0.00596
11	0.01435	0.81458	0.02813	0.00918	0.01378	0.02124	0.00918	0.01607	0.01091	0.01263	0.00746	0.00861	0.00689	0.00459	0.00344	0.00115	0.00574	0.00287	0.00230	0.00689
12	0.00637	0.00544	0.00548	0.00547	0.00727	0.00454	0.00410	0.00776	0.01231	0.01467	0.07175	0.05138	0.75821	0.01353	0.00634	0.00181	0.00271	0.01129	0.00501	0.00454
13	0.00716	0.00547	0.00657	0.00630	0.00775	0.00488	0.00472	0.00929	0.01416	0.01908	0.52410	0.04412	0.30311	0.01189	0.00634	0.00173	0.00260	0.01027	0.00559	0.00488
14	0.01001	0.00500	0.00500	0.00500	0.00625	0.00500	0.00375	0.01251	0.01126	0.02001	0.01751	0.02001	0.01376	0.00625	0.00375	0.00125	0.00250	0.00500	0.84115	0.00500
15	0.02408	0.00914	0.01246	0.00955	0.01370	0.00789	0.00789	0.02616	0.01536	0.78158	0.02118	0.01827	0.01329	0.00664	0.00540	0.00166	0.00457	0.00540	0.00664	0.00914
16	0.00781	0.00520	0.00585	0.00585	0.00585	0.00520	0.00325	0.00781	0.00781	0.01041	0.01691	0.03513	0.01952	0.81135	0.02732	0.00520	0.00520	0.00781	0.00325	0.00325
17	0.02005	0.02558	0.01521	0.01383	0.01659	0.78980	0.01037	0.02143	0.01521	0.01314	0.00830	0.00968	0.00691	0.00553	0.00484	0.00138	0.00968	0.00346	0.00277	0.00622
18	0.00768	0.00570	0.00835	0.00835	0.00921	0.00656	0.00636	0.00941	0.00854	0.01225	0.01463	0.02250	0.01403	0.11801	0.71317	0.00828	0.01345	0.00596	0.00291	0.00464
19	0.02041	0.01504	0.01611	0.01235	0.01665	0.01665	0.01020	0.75997	0.02524	0.03383	0.01289	0.01289	0.00913	0.00644	0.00537	0.00161	0.00591	0.00483	0.00537	0.00913
20	0.01001	0.00500	0.00500	0.00500	0.00625	0.00500	0.00375	0.01251	0.01126	0.02001	0.01751	0.02001	0.01376	0.00625	0.00375	0.00125	0.00250	0.00500	0.84115	0.00500
21	0.01001	0.00500	0.00500	0.00500	0.00625	0.00500	0.00375	0.01251	0.01126	0.02001	0.01751	0.02001	0.01376	0.00625	0.00375	0.00125	0.00250	0.00500	0.84115	0.00500
22	0.01001	0.00500	0.00500	0.00500	0.00625	0.00500	0.00375	0.01251	0.01126	0.02001	0.01751	0.02001	0.01376	0.00625	0.00375	0.00125	0.00250	0.00500	0.84115	0.00500
23	0.00654	0.00467	0.00623	0.00747	0.00779	0.00436	0.00498	0.00747	0.01028	0.01370	0.02959	0.80785	0.03550	0.01682	0.00685	0.00218	0.00311	0.01526	0.00498	0.00436
24	0.01159	0.01167	0.01770	0.01473	0.01541	0.01548	0.09774	0.01320	0.00876	0.01338	0.00796	0.01267	0.00759	0.01083	0.06636	0.00269	0.65890	0.00496	0.00243	0.00596
25	0.01430	0.01353	0.03592	0.07407	0.41729	0.03707	0.05781	0.13271	0.12539	0.02036	0.01220	0.01420	0.00957	0.00546	0.00539	0.00165	0.00633	0.00501	0.00347	0.00828
26	0.01014	0.00954	0.01610	0.79845	0.03697	0.01193	0.01491	0.01371	0.01073	0.01371	0.00954	0.01431	0.00716	0.00537	0.00537	0.00179	0.00716	0.00477	0.00239	0.00596
27	0.03219	0.01350	0.08172	0.04022	0.20624	0.01229	0.12552	0.16822	0.03226	0.18009	0.04415	0.01544	0.01122	0.00582	0.00549	0.00167	0.00622	0.00528	0.00421	0.00826
28	0.01305	0.39758	0.37857	0.01233	0.01836	0.06696	0.01421	0.01685	0.01138	0.01469	0.00853	0.00995	0.00685	0.00489	0.00430	0.00142	0.00702	0.00342	0.00231	0.00733
29	0.00654	0.00467	0.00623	0.00747	0.00779	0.00436	0.00498	0.00747	0.01028	0.01370	0.02959	0.80785	0.03550	0.01682	0.00685	0.00218	0.00311	0.01526	0.00498	0.00436
30	0.00742	0.00546	0.00694	0.00662	0.00792	0.00498	0.00494	0.00977	0.01470	0.02047	0.66795	0.06276	0.13718	0.01145	0.00635	0.00172	0.00257	0.01006	0.00577	0.00498
31	0.01063	0.00770	0.00934	0.02969	0.01128	0.00802	0.00698	0.16700	0.06905	0.03684	0.02471	0.47882	0.02693	0.01324	0.00642	0.00204	0.00408	0.07631	0.00507	0.00586
32	0.00767	0.00575	0.00863	0.00863	0.00959	0.00671	0.00671	0.00959	0.00863	0.01246	0.01438	0.02109	0.01342	0.04026	0.79008	0.00863	0.01438	0.00575	0.00288	0.00479
33	0.00781	0.00520	0.00585	0.00585	0.00585	0.00520	0.00325	0.00781	0.00781	0.01041	0.01691	0.03513	0.01952	0.81135	0.02732	0.00520	0.00520	0.00781	0.00325	0.00325
34	0.01273	0.01219	0.02079	0.16776	0.64739	0.01261	0.01620	0.01599	0.01196	0.01686	0.01000	0.01347	0.00827	0.00489	0.00532	0.00163	0.00651	0.00478	0.00261	0.00806
35	0.01283	0.01359	0.01587	0.01379	0.01426	0.13528	0.01129	0.01407	0.00932	0.01293	0.00759	0.01188	0.00733	0.01029	0.05292	0.00250	0.64138	0.00456	0.00244	0.00587
36	0.01860	0.00792	0.01070	0.00862	0.01181	0.00695	0.00695	0.02082	0.01531	0.52857	0.27212	0.02554	0.02572	0.00809	0.00571	0.00167	0.00389	0.00683	0.00640	0.00778
37	0.00743	0.00558	0.00779	0.13708	0.01226	0.00577	0.00632	0.00873	0.01013	0.01354	0.04475	0.52043	0.02835	0.13774	0.00970	0.00255	0.00407	0.01202	0.02129	0.00448
38	0.07235	0.19256	0.12179	0.01206	0.03141	0.11871	0.01092	0.25893	0.01614	0.03958	0.01100	0.01193	0.02106	0.00584	0.00517	0.00152	0.03766	0.00410	0.01971	0.00757
39	0.02117	0.00924	0.01197	0.00942	0.01312	0.00851	0.00767	0.08437	0.05299	0.58364	0.08227	0.02013	0.01632	0.02493	0.00592	0.00174	0.00446	0.00578	0.02782	0.00853
40	0.00653	0.00469	0.00620	0.00741	0.00777	0.00437	0.00496	0.00748	0.01034	0.01373	0.03034	0.78484	0.05802	0.01672	0.00684	0.00217	0.00310	0.01514	0.00498	0.00437
41	0.02037	0.01611	0.01602	0.01250	0.01664	0.09510	0.01022	0.68503	0.02422	0.03173	0.01242	0.01256	0.00890	0.00635	0.00532	0.00159	0.00629	0.00469	0.00511	0.00883
42	0.01307	0.01248	0.02101	0.08507	0.69582	0.01272	0.01604	0.01677	0.04253	0.01747	0.01053	0.01363	0.00873	0.00492	0.00532	0.00162	0.00635	0.00483	0.00275	0.00833
43	0.01262	0.06407	0.02022	0.22582	0.49781	0.03459	0.01523	0.01574	0.01184	0.01608	0.01021	0.01438	0.00860	0.00520	0.00525	0.00163	0.00659	0.02389	0.00263	0.00759
44	0.84927	0.01038	0.00789	0.00706	0.01038	0.01204	0.00581	0.01578	0.00914	0.02408	0.00747	0.00872	0.00581	0.00498	0.00332	0.00166	0.00415	0.00291	0.00332	0.00581
45	0.83136	0.01035	0.00799	0.00711	0.01045	0.01195	0.00586	0.01600	0.00927	0.04052	0.00777	0.00893	0.00598	0.00502	0.00337	0.00166	0.00416	0.00296	0.00339	0.00589
46	0.00635	0.00542	0.00546	0.00548	0.00726	0.00453	0.00410	0.00770	0.01219	0.01448	0.05384	0.06818	0.75951	0.01367	0.00636	0.00182	0.00273	0.01141	0.00498	0.00453
47	0.00781	0.00520	0.00585	0.00585	0.00585	0.00520	0.00325	0.00781	0.00781	0.01041	0.01691	0.03513	0.01952	0.81135	0.02732	0.00520	0.00520	0.00781	0.00325	0.00325
48	0.00833	0.00566	0.00732	0.00681	0.00825	0.00517	0.00514	0.01077	0.01501	0.05879	0.69093	0.03976	0.09577	0.01093	0.00629	0.00169	0.00265	0.00960	0.00589	0.00523
49	0.00865	0.00618	0.00865	0.00989	0.01112	0.00618	0.00865	0.01112	0.01236	0.01606	0.02842	0.06055	0.03089	0.01483	0.00741	0.00247	0.00494	0.74174	0.00494	0.00494
50	0.01435	0.81458	0.02813	0.00918	0.01378	0.02124	0.00918	0.01607	0.01091	0.01263	0.00746	0.00861	0.00689	0.00459	0.00344	0.00115	0.00574	0.00287	0.00230	0.00689
51	0.00675	0.00486	0.00640	0.00728	0.00782	0.00451	0.00498	0.00802	0.01133	0.01531	0.18185	0.63244	0.05741	0.01555	0.00673	0.00207	0.00299	0.01403	0.00517	0.00451
52	0.00767	0.00575	0.00863	0.00863	0.00959	0.00671	0.00671	0.00959	0.00863	0.01246	0.01438	0.02109	0.01342	0.04026	0.79008	0.00863	0.01438	0.00575	0.00288	0.00479
53	0.84927	0.01038	0.00789	0.00706	0.01038	0.01204	0.00581	0.01578	0.00914	0.02408	0.00747	0.00872	0.00581	0.00498	0.00332	0.00166	0.00415	0.00291	0.00332	0.00581
54	0.84927	0.01038	0.00789	0.00706	0.01038	0.01204	0.00581	0.01578	0.00914	0.02408	0.00747	0.00872	0.00581	0.00498	0.00332	0.00166	0.00415	0.00291	0.00332	0.00581
55	0.01357	0.01049	0.01162	0.02762	0.01378	0.01149	0.00812	0.02493	0.54611	0.09787	0.04295	0.02245	0.05582	0.00760	0.00548	0.00175	0.00422	0.02655	0.00534	0.06226
56	0.02041	0.01504	0.01611	0.01235	0.01665	0.01665	0.01020	0.75997	0.02524	0.03383	0.01289	0.01289	0.00913	0.00644	0.00537	0.00161	0.00591	0.00483	0.00537	0.00913
57	0.02115	0.01384	0.01537	0.01178	0.01605	0.01487	0.00973	0.61152	0.02324	0.18510	0.01456	0.01398	0.00997	0.00648	0.00538	0.00162	0.00564	0.00495	0.00563	0.00913
58	0.01077	0.02777	0.78354	0.01530	0.02323	0.01247	0.01983	0.01700	0.01133	0.01700	0.00963	0.01133	0.00680	0.00510	0.00510	0.00170	0.00793	0.00397	0.00227	0.00793
59	0.13943	0.01021	0.01514	0.26035	0.02144	0.02627	0.12612	0.01435	0.01057	0.01693	0.01055	0.01409	0.00837	0.00601	0.00687	0.00175	0.13523	0.00474	0.16565	0.00594
60	0.01260	0.01702	0.23875	0.04100	0.38934	0.01254	0.09128	0.04785	0.01246	0.01795	0.01011	0.01272	0.00794	0.00488	0.00527	0.00160	0.00693	0.00460	0.00269	0.06245
61	0.00654	0.00467	0.00623	0.00747	0.00779	0.00436	0.00498	0.00747	0.01028	0.01370	0.02959	0.80785	0.03550	0.01682	0.00685	0.00218	0.00311	0.01526	0.00498	0.00436
62	0.01110	0.01039	0.01708	0.59256	0.17544	0.01235	0.01483	0.03171	0.03227	0.01512	0.01000	0.01417	0.00771	0.00544	0.00569	0.00176	0.02840	0.00481	0.00259	0.00658
63	0.00687	0.00494	0.00658	0.00778	0.00829	0.00465	0.00553	0.00806	0.01067	0.01410	0.03026	0.66395	0.06033	0.01639	0.00692	0.00221	0.00339	0.12964	0.00498	0.00446
64	0.01257	0.01410	0.03018	0.06579	0.07713	0.01343	0.66957	0.01696	0.01253	0.01703	0.01074	0.01439	0.00811	0.00459	0.00622	0.00179	0.00877	0.00615	0.00269	0.00725
65	0.01035	0.00967	0.01584	0.74742	0.03548	0.01202	0.01449	0.01467	0.05981	0.01428	0.01034	0.01468	0.00775	0.00549	0.00537	0.00179	0.00697	0.00485	0.00258	0.00613
66	0.01198	0.01110	0.01824	0.46004	0.31388	0.01254	0.01519	0.06310	0.01223	0.01645	0.00997	0.01383	0.00779	0.00522	0.00535	0.00170	0.00678	0.00478	0.00268	0.00712
67	0.00779	0.00526	0.00613	0.00613	0.00623	0.00535	0.00360	0.00798	0.00789	0.01061	0.01666	0.03373	0.01891	0.73477	0.10307	0.00554	0.00612	0.00760	0.00322	0.00341
68	0.01393	0.01042	0.01218	0.00895	0.01347	0.00895	0.00725	0.13299	0.01373	0.09735	0.01119	0.01215	0.00866	0.00476	0.00465	0.00105	0.02260	0.00370	0.00386	0.60818
69	0.01983	0.04101	0.01557	0.01342	0.01648	0.62821	0.01027	0.14247	0.03412	0.01673	0.00934	0.01042	0.00749	0.00570	0.00491	0.00143	0.00885	0.00373	0.00324	0.00677
70	0.00780	0.00524	0.00603	0.00603	0.00610	0.00530	0.00348	0.00792	0.00786	0.01054	0.01675	0.03422	0.01912	0.76139	0.07674	0.00543	0.00580	0.00767	0.00323	0.00335
71	0.01335	0.01162	0.01281	0.01246	0.06719	0.01331	0.00905	0.02768	0.71549	0.02211	0.02103	0.01956	0.01584	0.00711	0.00545	0.00180	0.00440	0.00598	0.00527	0.00850
72	0.00767	0.00575	0.00863	0.00863	0.00959	0.00671	0.00671	0.00959	0.00863	0.01246	0.01438	0.02109	0.01342	0.04026	0.79008	0.00863	0.01438	0.00575	0.00288	0.00479
73	0.00854	0.00662	0.00763	0.00730	0.00878	0.00666	0.00539	0.01279	0.15782	0.01783	0.29797	0.03819	0.18101	0.15978	0.02496	0.00256	0.00373	0.04213	0.00505	0.00527
74	0.00932	0.00466	0.00699	0.00699	0.00699	0.00466	0.00466	0.00699	0.00699	0.00932	0.00932	0.01632	0.00932	0.01865	0.02098	0.84382	0.00466	0.00466	0.00233	0.00233
75	0.01085	0.04568	0.76634	0.01516	0.02302	0.01267	0.01959	0.01698	0.01132	0.01690	0.00958	0.01127	0.00680	0.00509	0.00506	0.00169	0.00788	0.00394	0.00227	0.00791
76	0.01267	0.01448	0.03167	0.02262	0.02805	0.01357	0.75837	0.01719	0.01267	0.01719	0.01086	0.01448	0.00814	0.00452	0.00633	0.00181	0.00905	0.00633	0.00271	0.00724
77	0.04197	0.05205	0.18467	0.01078	0.01575	0.00979	0.01057	0.02342	0.03269	0.53595	0.01761	0.01606	0.01142	0.00617	0.00519	0.00165	0.00535	0.00491	0.00534	0.00866
78	0.05306	0.02689	0.74442	0.01488	0.02258	0.01244	0.01913	0.01694	0.01122	0.01736	0.00952	0.01120	0.00675	0.00509	0.00501	0.00170	0.00774	0.00391	0.00232	0.00783
79	0.00781	0.00520	0.00585	0.00585	0.00585	0.00520	0.00325	0.00781	0.00781	0.01041	0.01691	0.03513	0.01952	0.81135	0.02732	0.00520	0.00520	0.00781	0.00325	0.00325
80	0.01459	0.78100	0.02758	0.00938	0.01390	0.05395	0.00924	0.01630	0.01109	0.01265	0.00750	0.00866	0.00689	0.00463	0.00350	0.00116	0.00591	0.00290	0.00232	0.00686
81	0.00706	0.00557	0.00582	0.00569	0.00754	0.00469	0.00429	0.00854	0.01259	0.04155	0.11223	0.04956	0.69002	0.01314	0.00631	0.00180	0.00277	0.01099	0.00512	0.00473
82	0.00654	0.00536	0.00577	0.00585	0.00742	0.00458	0.00432	0.00801	0.01241	0.01536	0.14953	0.13832	0.59068	0.01361	0.00640	0.00184	0.00274	0.01157	0.00511	0.00458
83	0.03521	0.01824	0.17296	0.01698	0.09685	0.12234	0.14917	0.19820	0.06277	0.02095	0.01110	0.01275	0.00839	0.00568	0.00595	0.00168	0.04478	0.00476	0.00344	0.00780
84	0.01017	0.00959	0.01611	0.78070	0.03645	0.01203	0.01484	0.01370	0.01068	0.01370	0.00948	0.01425	0.00715	0.00546	0.00564	0.00180	0.02513	0.00477	0.00238	0.00596
85	0.01259	0.01294	0.05388	0.15805	0.48507	0.01273	0.09024	0.01706	0.07182	0.01723	0.01099	0.01403	0.00879	0.00507	0.00543	0.00167	0.00667	0.00500	0.00282	0.00792
86	0.01335	0.01153	0.01214	0.01092	0.01396	0.01335	0.00850	0.02852	0.76817	0.02245	0.02185	0.02003	0.01639	0.00728	0.00546	0.00182	0.00425	0.00607	0.00546	0.00850
87	0.01043	0.00984	0.01662	0.72813	0.10503	0.01200	0.01505	0.01397	0.01087	0.01407	0.00959	0.01422	0.00728	0.00531	0.00536	0.00177	0.00708	0.00477	0.00241	0.00620
88	0.00634	0.00544	0.00544	0.00544	0.00725	0.00453	0.00408	0.00770	0.01224	0.01450	0.05438	0.05166	0.77569	0.01359	0.00634	0.00181	0.00272	0.01133	0.00498	0.00453
89	0.02041	0.01504	0.01611	0.01235	0.01665	0.01665	0.01020	0.75997	0.02524	0.03383	0.01289	0.01289	0.00913	0.00644	0.00537	0.00161	0.00591	0.00483	0.00537	0.00913
90	0.00653	0.00472	0.00618	0.00734	0.00775	0.00437	0.00492	0.00749	0.01040	0.01375	0.03119	0.75885	0.08346	0.01661	0.00682	0.00216	0.00309	0.01501	0.00498	0.00437
91	0.01174	0.01174	0.01644	0.01409	0.01409	0.01644	0.01174	0.01292	0.00822	0.01292	0.00705	0.01174	0.00705	0.00940	0.01762	0.00235	0.80153	0.00470	0.00235	0.00587
92	0.00779	0.00529	0.00627	0.00627	0.00641	0.00543	0.00377	0.00807	0.00793	0.01071	0.01654	0.03303	0.01861	0.69639	0.14104	0.00571	0.00657	0.00750	0.00320	0.00348
93	0.01381	0.03443	0.01988	0.01582	0.01785	0.17847	0.18443	0.01618	0.03034	0.01419	0.00858	0.01208	0.00751	0.00728	0.01166	0.00198	0.41174	0.00481	0.00260	0.00635
94	0.00835	0.00515	0.00689	0.00765	0.00839	0.00474	0.00528	0.00947	0.01100	0.09117	0.06086	0.69547	0.03392	0.01554	0.00668	0.00211	0.00324	0.01403	0.00519	0.00487
95	0.24775	0.01226	0.02011	0.05312	0.14420	0.01315	0.27562	0.01578	0.01083	0.01836	0.00930	0.01245	0.00748	0.00622	0.02522	0.00196	0.11180	0.00482	0.00282	0.00675
96	0.01301	0.01254	0.02061	0.05224	0.68806	0.03211	0.01564	0.01608	0.01202	0.01699	0.01031	0.01373	0.00874	0.00712	0.05615	0.00205	0.00700	0.00481	0.00267	0.00813
97	0.01232	0.01386	0.08132	0.04237	0.24410	0.01226	0.29405	0.01600	0.01187	0.01700	0.01007	0.01316	0.00803	0.00485	0.00614	0.00159	0.05176	0.00502	0.00271	0.15151
98	0.04248	0.01538	0.02713	0.02148	0.09489	0.11510	0.54575	0.01737	0.01269	0.01673	0.01030	0.01359	0.00797	0.00507	0.00632	0.02375	0.00860	0.00565	0.00273	0.00705

[dist]
# distance from previous block
# <min> <max>
0	2

[block]
# block no. 6 follows, 45 sequences, length 41
# corresponding to MSA columns:
# 376-416
name=unknown_G
#
# <colnr> <probs for GDERKNQSTAVLIFYWHMCP>
#	G	D	E	R	K	N	Q	S	T	A	V	L	I	F	Y	W	H	M	C	P
0	0.01248	0.01107	0.01778	0.02537	0.52715	0.01116	0.01378	0.01636	0.07009	0.03745	0.01600	0.02435	0.03152	0.00725	0.00577	0.00180	0.00579	0.15363	0.00349	0.00771
1	0.00652	0.00496	0.00594	0.00671	0.00753	0.00445	0.00461	0.00757	0.01087	0.01386	0.03779	0.51611	0.29336	0.04419	0.00741	0.00216	0.00305	0.01362	0.00492	0.00438
