[name]
unknown

[dist]
# distance from previous block
# <min> <max>
0	4

[block]
# block no. 0 follows, 39 sequences, length 9
# corresponding to MSA columns:
# 369-377
name=unknown_A
#
# <colnr> <probs for GDERKNQSTAVLIFYWHMCP>
#	G	D	E	R	K	N	Q	S	T	A	V	L	I	F	Y	W	H	M	C	P
0	0.01418	0.00904	0.01063	0.03319	0.01235	0.03261	0.00749	0.12859	0.01442	0.13059	0.02080	0.11216	0.02020	0.20333	0.05059	0.03986	0.00601	0.10176	0.04590	0.00630
1	0.05142	0.00736	0.00900	0.03068	0.01131	0.00732	0.00691	0.05930	0.03186	0.07523	0.08154	0.31143	0.13622	0.03449	0.03549	0.00255	0.00460	0.09194	0.00543	0.00593
2	0.06028	0.01094	0.01739	0.39248	0.08752	0.01259	0.06966	0.01710	0.06739	0.05922	0.01362	0.05240	0.01111	0.00962	0.06336	0.00255	0.03616	0.00603	0.00343	0.00712
3	0.05239	0.01273	0.02118	0.38787	0.09625	0.01419	0.16867	0.07939	0.07247	0.01952	0.01217	0.01578	0.00918	0.00591	0.00604	0.00194	0.00772	0.00565	0.00333	0.00763
4	0.04310	0.00965	0.02847	0.09449	0.01639	0.00899	0.03584	0.06195	0.01525	0.30754	0.07136	0.12211	0.09425	0.00946	0.00617	0.00192	0.00500	0.00808	0.05225	0.00772
5	0.01270	0.00793	0.00962	0.00900	0.01097	0.00780	0.00677	0.10325	0.05097	0.12492	0.14933	0.27503	0.07814	0.05323	0.00794	0.00224	0.00412	0.03468	0.04480	0.00655
6	0.12882	0.01179	0.01425	0.05507	0.01655	0.04678	0.06683	0.13149	0.07228	0.18742	0.08065	0.12638	0.01881	0.00874	0.00600	0.00192	0.00558	0.00740	0.00536	0.00788
7	0.04040	0.01264	0.01414	0.17104	0.07436	0.11609	0.01065	0.08647	0.06414	0.05255	0.01697	0.16579	0.01622	0.06898	0.00828	0.00221	0.02955	0.00754	0.00417	0.03779
8	0.00908	0.00573	0.00755	0.00832	0.00906	0.00535	0.00574	0.01026	0.01184	0.07492	0.06393	0.57394	0.03575	0.10174	0.00989	0.00271	0.00388	0.04966	0.00547	0.00516

[dist]
# distance from previous block
# <min> <max>
27	66

[block]
# block no. 1 follows, 39 sequences, length 15
# corresponding to MSA columns:
# 465-479
name=unknown_B
#
# <colnr> <probs for GDERKNQSTAVLIFYWHMCP>
#	G	D	E	R	K	N	Q	S	T	A	V	L	I	F	Y	W	H	M	C	P
0	0.08924	0.06221	0.06650	0.04541	0.10476	0.14061	0.05597	0.07893	0.03944	0.01905	0.01150	0.03405	0.00981	0.00937	0.05475	0.00237	0.14344	0.00517	0.01997	0.00745
1	0.01421	0.06654	0.01853	0.07651	0.12332	0.02760	0.07815	0.11617	0.01398	0.03490	0.01307	0.05262	0.01163	0.05756	0.05332	0.00252	0.12517	0.00593	0.03275	0.07549
2	0.01410	0.01087	0.01516	0.16460	0.16232	0.02672	0.01151	0.14907	0.01488	0.06301	0.01646	0.16289	0.01548	0.01184	0.04257	0.09317	0.00656	0.00752	0.00415	0.00714
3	0.12866	0.35391	0.09786	0.01225	0.01691	0.06936	0.08567	0.04626	0.01261	0.01749	0.01020	0.01326	0.00889	0.05515	0.04721	0.00223	0.00749	0.00432	0.00300	0.00726
4	0.12003	0.01248	0.06438	0.06015	0.01610	0.01148	0.00930	0.18740	0.03633	0.07298	0.05495	0.06484	0.06485	0.03487	0.00638	0.00183	0.00531	0.00627	0.00470	0.16537
5	0.01331	0.00967	0.01259	0.18014	0.01842	0.01055	0.00952	0.12431	0.05627	0.06846	0.01720	0.02709	0.01572	0.18326	0.05017	0.01981	0.02141	0.08280	0.02647	0.05283
6	0.01014	0.05899	0.01175	0.03024	0.01234	0.00865	0.04403	0.07268	0.01357	0.01804	0.08265	0.31680	0.14906	0.03161	0.03455	0.00236	0.02361	0.01119	0.00487	0.06287
7	0.15109	0.00771	0.00983	0.04413	0.04000	0.00820	0.00689	0.05811	0.01015	0.04195	0.01069	0.01616	0.00962	0.01540	0.01665	0.53567	0.00532	0.00486	0.00316	0.00442
8	0.01197	0.00782	0.00897	0.00811	0.01049	0.00738	0.00626	0.07650	0.06091	0.11945	0.10724	0.05800	0.37641	0.01316	0.00819	0.07644	0.00393	0.02689	0.00564	0.00624
9	0.00766	0.00582	0.00684	0.00713	0.00828	0.00536	0.00505	0.00906	0.01240	0.01598	0.13460	0.20897	0.31613	0.14554	0.05714	0.00316	0.00438	0.03650	0.00517	0.00483
10	0.00738	0.00539	0.00694	0.00791	0.00854	0.00504	0.00540	0.00859	0.01175	0.01559	0.08431	0.58556	0.12126	0.04913	0.04511	0.00279	0.00403	0.01506	0.00537	0.00485
11	0.01517	0.01017	0.01160	0.00970	0.01239	0.01058	0.00759	0.24861	0.01814	0.10887	0.14199	0.03063	0.14598	0.11753	0.01013	0.00240	0.03988	0.00793	0.04351	0.00721
12	0.50287	0.01132	0.01160	0.00955	0.01349	0.01209	0.04231	0.06328	0.01325	0.20237	0.03151	0.01519	0.03621	0.00649	0.00470	0.00184	0.00497	0.00467	0.00477	0.00751
13	0.06382	0.01357	0.02268	0.01707	0.02138	0.04533	0.33894	0.04536	0.01391	0.05544	0.06437	0.06684	0.01415	0.00700	0.00735	0.00186	0.07250	0.00678	0.00380	0.11786
14	0.02183	0.01018	0.01433	0.01129	0.01532	0.00931	0.05861	0.05371	0.05891	0.51804	0.09222	0.07189	0.01977	0.00837	0.00622	0.00189	0.00510	0.00719	0.00669	0.00911

[dist]
# distance from previous block
# <min> <max>
4	7

[block]
# block no. 2 follows, 39 sequences, length 7
# corresponding to MSA columns:
# 487-492,494
name=unknown_C
#
# <colnr> <probs for GDERKNQSTAVLIFYWHMCP>
#	G	D	E	R	K	N	Q	S	T	A	V	L	I	F	Y	W	H	M	C	P
0	0.08754	0.01603	0.01286	0.01131	0.01402	0.24997	0.00883	0.15300	0.04701	0.02227	0.01356	0.01538	0.01072	0.00793	0.02836	0.00188	0.05597	0.00479	0.23148	0.00708
1	0.16105	0.01401	0.01384	0.04330	0.01599	0.11371	0.02916	0.22552	0.01814	0.09170	0.12358	0.02016	0.05561	0.00763	0.00562	0.00176	0.00593	0.00594	0.00501	0.04233
2	0.07633	0.04069	0.03310	0.01376	0.03350	0.29980	0.02649	0.07989	0.10589	0.01890	0.01480	0.12736	0.01376	0.00852	0.00702	0.00187	0.08073	0.00640	0.00399	0.00721
3	0.01277	0.01011	0.01203	0.02745	0.01373	0.00991	0.00791	0.08252	0.11733	0.04126	0.16679	0.02262	0.03795	0.00955	0.04514	0.00195	0.05110	0.00622	0.03155	0.29209
4	0.01547	0.00909	0.01190	0.01003	0.01242	0.00937	0.00803	0.07578	0.01656	0.23735	0.37036	0.03014	0.03302	0.01004	0.00842	0.00195	0.11850	0.00806	0.00612	0.00738
5	0.01127	0.00688	0.00897	0.00899	0.01016	0.00682	0.00647	0.04229	0.01256	0.12551	0.04779	0.44498	0.03021	0.11578	0.03436	0.00294	0.03895	0.03394	0.00536	0.00577
6	0.02437	0.01309	0.12394	0.01146	0.01664	0.00944	0.01063	0.02733	0.01627	0.65021	0.02146	0.01900	0.01359	0.00707	0.00590	0.00184	0.00558	0.00571	0.00661	0.00987

[dist]
# distance from previous block
# <min> <max>
6	21

[block]
# block no. 3 follows, 39 sequences, length 130
# corresponding to MSA columns:
# 519-618,620-649
name=unknown_D
#
# <colnr> <probs for GDERKNQSTAVLIFYWHMCP>
#	G	D	E	R	K	N	Q	S	T	A	V	L	I	F	Y	W	H	M	C	P
0	0.11511	0.08246	0.13245	0.01254	0.01633	0.25017	0.01125	0.03924	0.06049	0.01857	0.07603	0.01608	0.01328	0.01133	0.09909	0.00267	0.02733	0.00494	0.00357	0.00709
1	0.05700	0.02478	0.03942	0.01041	0.01360	0.04837	0.07091	0.06435	0.01563	0.14601	0.19303	0.07121	0.20053	0.01032	0.00640	0.00189	0.00491	0.00883	0.00546	0.00693
2	0.03634	0.01162	0.01246	0.01088	0.01391	0.02589	0.00856	0.22139	0.23823	0.02583	0.11362	0.09361	0.06842	0.02655	0.00681	0.00203	0.00491	0.04412	0.00571	0.02912
3	0.61212	0.05036	0.04773	0.00878	0.01260	0.03634	0.00764	0.03928	0.01178	0.04315	0.07397	0.01320	0.01118	0.00616	0.00423	0.00180	0.00497	0.00406	0.00394	0.00672
4	0.00766	0.00739	0.07283	0.00892	0.00999	0.00562	0.00685	0.00916	0.01133	0.01528	0.03017	0.69371	0.03572	0.04502	0.00818	0.00247	0.00398	0.01543	0.00516	0.00510
5	0.01221	0.08197	0.08777	0.45914	0.03321	0.01485	0.11764	0.01611	0.01192	0.01578	0.01025	0.01467	0.00796	0.00613	0.00722	0.00197	0.08628	0.00523	0.00265	0.00704
6	0.01365	0.01262	0.02077	0.34299	0.34677	0.01383	0.04181	0.07937	0.01399	0.01900	0.01174	0.03577	0.00959	0.00604	0.00597	0.00187	0.00735	0.00564	0.00313	0.00809
7	0.00708	0.00592	0.00617	0.00627	0.00809	0.00501	0.00464	0.00861	0.01347	0.01632	0.09538	0.12017	0.65235	0.01513	0.00704	0.00202	0.00302	0.01276	0.00555	0.00501
8	0.01224	0.06626	0.66271	0.01724	0.02556	0.01431	0.08353	0.01870	0.01259	0.01851	0.01062	0.01264	0.00763	0.00554	0.00565	0.00185	0.00873	0.00454	0.00254	0.00862
9	0.04429	0.70086	0.02907	0.01034	0.01533	0.02261	0.01009	0.08046	0.01333	0.01639	0.00874	0.00990	0.00776	0.00525	0.00398	0.00133	0.00628	0.00335	0.00286	0.00776
10	0.60956	0.03904	0.01141	0.00909	0.01305	0.01427	0.00755	0.14965	0.01379	0.07147	0.01022	0.01107	0.00760	0.00588	0.00421	0.00180	0.00502	0.00375	0.00425	0.00733
11	0.02245	0.01758	0.01766	0.01375	0.01833	0.08392	0.01126	0.67331	0.02684	0.03528	0.01376	0.01389	0.00984	0.00701	0.00586	0.00175	0.00687	0.00519	0.00567	0.00978
12	0.00887	0.00694	0.01029	0.00907	0.01087	0.00643	0.06937	0.01183	0.01633	0.02294	0.64901	0.04275	0.06370	0.01167	0.00702	0.00191	0.00352	0.03557	0.00615	0.00577
13	0.00943	0.00664	0.00794	0.00792	0.03438	0.00583	0.00570	0.01151	0.01490	0.08374	0.29208	0.04789	0.42430	0.01299	0.00685	0.00193	0.00324	0.01105	0.00591	0.00579
14	0.02201	0.01620	0.01736	0.01336	0.01793	0.01791	0.01098	0.71077	0.02715	0.03639	0.01435	0.01503	0.01045	0.03387	0.00674	0.00191	0.00648	0.00544	0.00584	0.00984
15	0.02209	0.02819	0.01676	0.01524	0.01828	0.76843	0.01143	0.02361	0.01676	0.01447	0.00914	0.01066	0.00762	0.00609	0.00533	0.00152	0.01066	0.00381	0.00305	0.00686
16	0.01059	0.01527	0.24954	0.01061	0.01526	0.00937	0.01107	0.08099	0.01454	0.01950	0.06255	0.03451	0.33349	0.01023	0.00625	0.00185	0.00534	0.02592	0.00444	0.07869
17	0.01294	0.01294	0.01811	0.01553	0.01553	0.01811	0.01294	0.01423	0.00906	0.01423	0.00776	0.01294	0.00776	0.01035	0.01941	0.00259	0.78134	0.00518	0.00259	0.00647
18	0.01471	0.01270	0.01337	0.01203	0.01538	0.01471	0.00936	0.03142	0.74459	0.02474	0.02407	0.02206	0.01805	0.00802	0.00602	0.00201	0.00468	0.00669	0.00602	0.00936
19	0.01882	0.01319	0.01453	0.01156	0.01545	0.01408	0.00940	0.46356	0.05189	0.09562	0.12155	0.02403	0.10228	0.00874	0.00619	0.00183	0.00540	0.00699	0.00608	0.00884
20	0.01425	0.01366	0.02331	0.11795	0.67661	0.01395	0.01796	0.01781	0.01329	0.01886	0.01106	0.01476	0.00920	0.00534	0.00586	0.00178	0.00712	0.00527	0.00289	0.00906
21	0.01027	0.00514	0.00770	0.00770	0.00770	0.00514	0.00514	0.00770	0.00770	0.01027	0.01027	0.01798	0.01027	0.02054	0.02311	0.82794	0.00514	0.00514	0.00257	0.00257
22	0.01117	0.01051	0.01774	0.77795	0.04073	0.01314	0.01642	0.01511	0.01182	0.01511	0.01051	0.01577	0.00788	0.00591	0.00591	0.00197	0.00788	0.00526	0.00263	0.00657
23	0.00767	0.00604	0.00694	0.00679	0.00850	0.00531	0.00514	0.00977	0.01488	0.01935	0.35526	0.05181	0.42867	0.01379	0.00703	0.00196	0.00300	0.03691	0.00593	0.00526
24	0.00866	0.00583	0.00693	0.00693	0.00715	0.00600	0.00424	0.00911	0.00889	0.01222	0.01819	0.03552	0.02015	0.63903	0.15263	0.00621	0.00732	0.00811	0.03295	0.00394
25	0.01471	0.01270	0.01337	0.01203	0.01538	0.01471	0.00936	0.03142	0.74459	0.02474	0.02407	0.02206	0.01805	0.00802	0.00602	0.00201	0.00468	0.00669	0.00602	0.00936
26	0.01611	0.75960	0.03032	0.01036	0.01532	0.05847	0.01018	0.01799	0.01224	0.01394	0.00826	0.00954	0.00759	0.00511	0.00387	0.00128	0.00653	0.00319	0.00255	0.00755
27	0.01901	0.02038	0.01754	0.01761	0.12692	0.36968	0.03009	0.16031	0.03844	0.02035	0.01394	0.01837	0.02742	0.00738	0.00619	0.00177	0.02597	0.06693	0.00393	0.00778
28	0.75766	0.01131	0.00917	0.00804	0.01178	0.01283	0.00662	0.01846	0.01071	0.09577	0.00966	0.01060	0.00718	0.00566	0.00388	0.00183	0.00462	0.00346	0.00401	0.00675
29	0.01128	0.01062	0.01794	0.75433	0.06349	0.01317	0.01648	0.01521	0.01188	0.01524	0.01053	0.01573	0.00793	0.00589	0.00591	0.00196	0.00786	0.00526	0.00264	0.00666
30	0.01523	0.56277	0.21448	0.01199	0.01790	0.04441	0.01309	0.01837	0.01238	0.02985	0.00915	0.01049	0.00770	0.00528	0.00435	0.00144	0.00705	0.00354	0.00263	0.00790
31	0.00849	0.00622	0.00819	0.03014	0.00972	0.00656	0.00601	0.02505	0.01051	0.01427	0.02361	0.36736	0.02696	0.24152	0.15504	0.00464	0.03506	0.01154	0.00434	0.00477
32	0.00957	0.00653	0.00740	0.00713	0.00753	0.00669	0.00433	0.06186	0.01011	0.01354	0.01860	0.05747	0.02092	0.68646	0.05384	0.00548	0.00608	0.00851	0.00379	0.00415
33	0.01036	0.00818	0.01203	0.01118	0.01287	0.00809	0.09773	0.09970	0.01374	0.01833	0.02633	0.43455	0.02952	0.08421	0.00937	0.00261	0.00510	0.10524	0.00505	0.00582
34	0.01396	0.01580	0.05758	0.05416	0.21409	0.01462	0.50207	0.01860	0.01371	0.01890	0.01165	0.01549	0.00898	0.00511	0.00661	0.00193	0.00911	0.00639	0.00294	0.00831
35	0.74650	0.01134	0.00965	0.08963	0.01455	0.01325	0.00747	0.01714	0.01025	0.02532	0.00848	0.01026	0.00656	0.00553	0.00390	0.00184	0.00493	0.00342	0.00355	0.00642
36	0.01467	0.01530	0.04632	0.09832	0.56691	0.06221	0.07359	0.01831	0.01354	0.01860	0.01099	0.01452	0.00904	0.00537	0.00591	0.00178	0.00762	0.00528	0.00290	0.00883
37	0.00726	0.00525	0.00688	0.00817	0.00864	0.00487	0.00554	0.00836	0.01152	0.01523	0.03430	0.72117	0.08455	0.01824	0.00753	0.00238	0.00346	0.03631	0.00549	0.00483
38	0.01442	0.38614	0.36597	0.01387	0.03314	0.04484	0.01567	0.01863	0.01253	0.03212	0.00973	0.01123	0.00773	0.00541	0.00477	0.00157	0.00757	0.00384	0.00264	0.00818
39	0.01240	0.06882	0.56382	0.01726	0.05598	0.01385	0.07741	0.01832	0.01260	0.01856	0.01060	0.01268	0.00781	0.00541	0.00553	0.00176	0.00824	0.00448	0.00265	0.08182
40	0.02653	0.01006	0.01372	0.01052	0.01510	0.00869	0.00869	0.02882	0.01693	0.75937	0.02333	0.02013	0.01464	0.00732	0.00595	0.00183	0.00503	0.00595	0.00732	0.01006
41	0.01186	0.03059	0.76153	0.01686	0.02560	0.01373	0.02185	0.01873	0.01249	0.01873	0.01061	0.01249	0.00749	0.00562	0.00562	0.00187	0.00874	0.00437	0.00250	0.00874
42	0.01366	0.01323	0.02149	0.21246	0.51557	0.03248	0.01692	0.01709	0.01302	0.01791	0.01257	0.01627	0.03546	0.00595	0.00631	0.00184	0.03096	0.00548	0.00294	0.00839
43	0.00794	0.00561	0.00736	0.00798	0.00839	0.00571	0.00535	0.00890	0.01004	0.01364	0.02426	0.37267	0.02783	0.26538	0.19605	0.00513	0.00711	0.01176	0.00434	0.00454
44	0.00860	0.00573	0.00645	0.00645	0.00645	0.00573	0.00358	0.00860	0.00860	0.01147	0.01863	0.03870	0.02150	0.79217	0.03010	0.00573	0.00573	0.00860	0.00358	0.00358
45	0.08379	0.00928	0.01480	0.04099	0.06445	0.00918	0.15522	0.03834	0.01321	0.01902	0.10973	0.31057	0.04938	0.02687	0.00722	0.00218	0.00538	0.02949	0.00464	0.00624
46	0.04255	0.01294	0.01529	0.07888	0.01822	0.01370	0.01028	0.38399	0.02125	0.23266	0.01812	0.09455	0.01399	0.00818	0.00603	0.00187	0.00586	0.00660	0.00591	0.00912
47	0.02653	0.01006	0.01372	0.01052	0.01510	0.00869	0.00869	0.02882	0.01693	0.75937	0.02333	0.02013	0.01464	0.00732	0.00595	0.00183	0.00503	0.00595	0.00732	0.01006
48	0.00720	0.00530	0.00675	0.00786	0.00849	0.00485	0.00534	0.00834	0.01178	0.01543	0.05319	0.65658	0.15158	0.01782	0.00745	0.00233	0.00335	0.01599	0.00551	0.00485
49	0.03090	0.03533	0.13940	0.03430	0.03983	0.01402	0.42394	0.01727	0.01305	0.01838	0.03901	0.07619	0.01256	0.00686	0.00764	0.00202	0.07143	0.00710	0.00320	0.00759
50	0.01186	0.03059	0.76153	0.01686	0.02560	0.01373	0.02185	0.01873	0.01249	0.01873	0.01061	0.01249	0.00749	0.00562	0.00562	0.00187	0.00874	0.00437	0.00250	0.00874
51	0.02653	0.01006	0.01372	0.01052	0.01510	0.00869	0.00869	0.02882	0.01693	0.75937	0.02333	0.02013	0.01464	0.00732	0.00595	0.00183	0.00503	0.00595	0.00732	0.01006
52	0.01488	0.01447	0.02352	0.03504	0.71393	0.03810	0.01772	0.01864	0.03123	0.01930	0.01137	0.01469	0.00952	0.00536	0.00584	0.00175	0.00708	0.00526	0.00301	0.00929
53	0.01228	0.05036	0.58294	0.01940	0.13525	0.01380	0.03771	0.01825	0.01269	0.01858	0.01239	0.01438	0.03420	0.00586	0.00568	0.00184	0.00823	0.00482	0.00268	0.00865
54	0.83394	0.01144	0.00869	0.00778	0.01144	0.01327	0.00640	0.01738	0.01006	0.02653	0.00823	0.00961	0.00640	0.00549	0.00366	0.00183	0.00457	0.00320	0.00366	0.00640
55	0.00860	0.00573	0.00645	0.00645	0.00645	0.00573	0.00358	0.00860	0.00860	0.01147	0.01863	0.03870	0.02150	0.79217	0.03010	0.00573	0.00573	0.00860	0.00358	0.00358
56	0.83394	0.01144	0.00869	0.00778	0.01144	0.01327	0.00640	0.01738	0.01006	0.02653	0.00823	0.00961	0.00640	0.00549	0.00366	0.00183	0.00457	0.00320	0.00366	0.00640
57	0.01284	0.16917	0.32723	0.01349	0.04343	0.02811	0.01409	0.01713	0.02921	0.05380	0.03297	0.14720	0.01489	0.00795	0.00558	0.00177	0.00662	0.00653	0.00353	0.06446
58	0.03672	0.01103	0.01833	0.65201	0.13856	0.01327	0.01636	0.01560	0.01200	0.01604	0.01053	0.01542	0.00804	0.00581	0.00584	0.00194	0.00766	0.00519	0.00270	0.00695
59	0.01561	0.75626	0.06867	0.01047	0.01572	0.02290	0.01072	0.01776	0.01204	0.01416	0.00834	0.00964	0.00758	0.00509	0.00389	0.00130	0.00645	0.00322	0.00253	0.00765
60	0.01313	0.01061	0.01244	0.00894	0.01415	0.00813	0.00717	0.02960	0.01279	0.05446	0.01119	0.01267	0.00906	0.00457	0.00448	0.00094	0.00445	0.00365	0.00373	0.77384
61	0.01294	0.01294	0.01811	0.01553	0.01553	0.01811	0.01294	0.01423	0.00906	0.01423	0.00776	0.01294	0.00776	0.01035	0.01941	0.00259	0.78134	0.00518	0.00259	0.00647
62	0.00957	0.00631	0.00829	0.00764	0.00925	0.00579	0.00579	0.01233	0.01675	0.07250	0.70383	0.04258	0.05307	0.01177	0.00691	0.00186	0.00294	0.01038	0.00656	0.00588
63	0.06454	0.01013	0.01349	0.01039	0.01492	0.00891	0.00858	0.02828	0.01660	0.72488	0.02262	0.01963	0.01425	0.00723	0.00584	0.00183	0.00501	0.00582	0.00715	0.00989
64	0.02248	0.01656	0.01775	0.01361	0.01834	0.01834	0.01124	0.73556	0.02780	0.03727	0.01420	0.01420	0.01006	0.00710	0.00592	0.00177	0.00651	0.00532	0.00592	0.01006
65	0.02552	0.01169	0.01473	0.01129	0.01591	0.01111	0.00933	0.20561	0.01965	0.57874	0.02105	0.01865	0.01349	0.00726	0.00594	0.00182	0.00540	0.00579	0.00697	0.01006
66	0.01048	0.00591	0.00659	0.00669	0.00797	0.00603	0.00496	0.03709	0.01243	0.02047	0.02104	0.15416	0.01908	0.01292	0.08678	0.00244	0.00440	0.00754	0.56750	0.00552
67	0.02211	0.02764	0.01681	0.01516	0.01828	0.73312	0.01142	0.05713	0.01728	0.01555	0.00938	0.01083	0.00773	0.00614	0.00536	0.00154	0.01047	0.00388	0.00318	0.00701
68	0.02209	0.02819	0.01676	0.01524	0.01828	0.76843	0.01143	0.02361	0.01676	0.01447	0.00914	0.01066	0.00762	0.00609	0.00533	0.00152	0.01066	0.00381	0.00305	0.00686
69	0.00721	0.00515	0.00686	0.00823	0.00858	0.00480	0.00549	0.00823	0.01132	0.01510	0.03259	0.78831	0.03911	0.01853	0.00755	0.00240	0.00343	0.01681	0.00549	0.00480
70	0.02653	0.01006	0.01372	0.01052	0.01510	0.00869	0.00869	0.02882	0.01693	0.75937	0.02333	0.02013	0.01464	0.00732	0.00595	0.00183	0.00503	0.00595	0.00732	0.01006
71	0.01255	0.02962	0.72633	0.01656	0.02510	0.01350	0.02123	0.01920	0.01269	0.05359	0.01121	0.01285	0.00783	0.00570	0.00563	0.00187	0.00857	0.00444	0.00272	0.00880
72	0.00743	0.00531	0.00673	0.00777	0.00817	0.00498	0.00509	0.00831	0.01100	0.01453	0.03207	0.60839	0.08540	0.15181	0.01140	0.00295	0.00380	0.01510	0.00516	0.00461
73	0.00845	0.00631	0.00940	0.00940	0.01041	0.00733	0.00726	0.01049	0.00947	0.01365	0.01594	0.02378	0.01502	0.07105	0.74236	0.00937	0.01548	0.00642	0.00318	0.00522
74	0.01133	0.01061	0.01753	0.74190	0.03954	0.01321	0.01609	0.01588	0.04632	0.01556	0.01115	0.01606	0.00836	0.00601	0.00592	0.00197	0.00773	0.00532	0.00279	0.00670
75	0.00886	0.00643	0.00825	0.00814	0.00950	0.00612	0.00614	0.04470	0.01582	0.02190	0.49203	0.19105	0.06988	0.01358	0.00714	0.00204	0.00333	0.07332	0.00616	0.00561
76	0.01410	0.01422	0.03485	0.22089	0.42813	0.05242	0.07950	0.03387	0.01357	0.01833	0.01144	0.01592	0.00939	0.00574	0.00599	0.00184	0.00767	0.02082	0.00298	0.00833
77	0.01453	0.01401	0.02413	0.05412	0.71928	0.01405	0.03643	0.01810	0.01344	0.01921	0.01113	0.01470	0.00932	0.00528	0.00588	0.00177	0.00712	0.00531	0.00292	0.00926
78	0.01744	0.04674	0.31669	0.01432	0.03607	0.01191	0.05159	0.06111	0.01500	0.27484	0.03748	0.06207	0.01345	0.00717	0.00591	0.00187	0.00680	0.00599	0.00468	0.00888
79	0.00851	0.00594	0.00759	0.00762	0.00802	0.00633	0.00504	0.00932	0.00900	0.01239	0.01793	0.05059	0.01942	0.49675	0.30340	0.00705	0.00943	0.00795	0.00347	0.00424
80	0.03527	0.36786	0.22516	0.01250	0.01797	0.05451	0.01321	0.01928	0.01283	0.10755	0.02510	0.01257	0.00935	0.00604	0.00572	0.00162	0.05804	0.00414	0.00324	0.00803
81	0.01479	0.01402	0.02356	0.06174	0.70368	0.01417	0.01784	0.04366	0.01392	0.01981	0.01121	0.01466	0.00934	0.00536	0.00586	0.00176	0.00704	0.00527	0.00302	0.00929
82	0.02653	0.01006	0.01372	0.01052	0.01510	0.00869	0.00869	0.02882	0.01693	0.75937	0.02333	0.02013	0.01464	0.00732	0.00595	0.00183	0.00503	0.00595	0.00732	0.01006
83	0.01186	0.03059	0.76153	0.01686	0.02560	0.01373	0.02185	0.01873	0.01249	0.01873	0.01061	0.01249	0.00749	0.00562	0.00562	0.00187	0.00874	0.00437	0.00250	0.00874
84	0.01173	0.00994	0.01169	0.00870	0.01344	0.00756	0.00685	0.01418	0.01216	0.01883	0.01286	0.09474	0.01199	0.00588	0.00472	0.00104	0.00428	0.00492	0.00371	0.74080
85	0.00740	0.00529	0.00709	0.00846	0.00889	0.00497	0.00583	0.00857	0.01152	0.01532	0.03249	0.72728	0.03868	0.01834	0.00760	0.00243	0.00360	0.07590	0.00549	0.00486
86	0.00846	0.00628	0.00924	0.00924	0.01020	0.00725	0.00706	0.01039	0.00943	0.01353	0.01608	0.02458	0.01537	0.10974	0.70415	0.00917	0.01496	0.00653	0.00320	0.00513
87	0.00733	0.00524	0.00698	0.00824	0.00867	0.00490	0.00558	0.00851	0.01173	0.01572	0.08019	0.72456	0.04012	0.01806	0.00752	0.00237	0.00343	0.03045	0.00556	0.00487
88	0.01224	0.10318	0.69222	0.01622	0.02461	0.01465	0.02074	0.01863	0.01244	0.01827	0.01039	0.01220	0.00750	0.00557	0.00545	0.00182	0.00851	0.00426	0.00250	0.00863
89	0.02618	0.01063	0.01408	0.01079	0.01538	0.00954	0.00891	0.09061	0.01788	0.69624	0.02253	0.01961	0.01424	0.00730	0.00594	0.00183	0.00516	0.00589	0.00720	0.01006
90	0.00744	0.00601	0.00661	0.00646	0.00826	0.00518	0.00484	0.00935	0.01453	0.01847	0.28347	0.05280	0.52776	0.01404	0.00698	0.00195	0.00293	0.01190	0.00582	0.00518
91	0.01726	0.04377	0.14839	0.04773	0.14042	0.14373	0.07729	0.22533	0.02987	0.02317	0.01346	0.01506	0.03498	0.00637	0.00582	0.00177	0.00788	0.00524	0.00386	0.00859
92	0.00739	0.00639	0.00707	0.07353	0.01087	0.00572	0.00557	0.00914	0.01343	0.01612	0.07519	0.05295	0.66801	0.01410	0.00689	0.00199	0.00342	0.01180	0.00527	0.00515
93	0.00721	0.00515	0.00686	0.00823	0.00858	0.00480	0.00549	0.00823	0.01132	0.01510	0.03259	0.78831	0.03911	0.01853	0.00755	0.00240	0.00343	0.01681	0.00549	0.00480
94	0.01208	0.05341	0.70546	0.01702	0.02552	0.01409	0.05444	0.01871	0.01254	0.01859	0.01060	0.01255	0.00756	0.00557	0.00563	0.00186	0.00872	0.00445	0.00252	0.00867
95	0.01269	0.10984	0.54886	0.01797	0.04771	0.01497	0.12994	0.01863	0.01269	0.01826	0.01058	0.01276	0.00779	0.00545	0.00564	0.00182	0.00862	0.00467	0.00259	0.00852
96	0.02160	0.01455	0.01627	0.01270	0.01688	0.01585	0.01038	0.52916	0.04137	0.14863	0.01592	0.01674	0.01158	0.04931	0.02189	0.00217	0.03403	0.00564	0.00585	0.00948
97	0.00837	0.00574	0.00696	0.00716	0.00737	0.00584	0.00442	0.00884	0.00913	0.01233	0.02027	0.14620	0.02309	0.56847	0.13584	0.00580	0.00689	0.00947	0.00380	0.00401
98	0.81205	0.01156	0.00939	0.00823	0.01196	0.01331	0.02582	0.01743	0.01017	0.02633	0.00833	0.00978	0.00647	0.00548	0.00375	0.00183	0.00472	0.00330	0.00364	0.00645
99	0.01477	0.01173	0.01550	0.01165	0.01624	0.01069	0.09498	0.13243	0.04139	0.07295	0.01579	0.03830	0.04578	0.00636	0.00571	0.00142	0.02588	0.00540	0.02954	0.40348
100	0.01353	0.36485	0.30129	0.01343	0.01919	0.01775	0.03045	0.01738	0.01215	0.01618	0.01118	0.01601	0.00991	0.00665	0.00610	0.00174	0.06553	0.06613	0.00279	0.00776
101	0.01556	0.72728	0.02986	0.01059	0.01521	0.02294	0.01037	0.01740	0.01176	0.01394	0.00818	0.00979	0.00760	0.00552	0.00516	0.00138	0.07409	0.00334	0.00253	0.00749
102	0.00783	0.00816	0.07263	0.00738	0.00978	0.00593	0.00634	0.01019	0.01437	0.01855	0.26394	0.04919	0.47791	0.01329	0.00687	0.00194	0.00344	0.01123	0.00554	0.00550
103	0.01216	0.01104	0.01774	0.71112	0.03877	0.01359	0.01597	0.07810	0.01322	0.01705	0.01083	0.01563	0.00807	0.00602	0.00591	0.00195	0.00776	0.00526	0.00292	0.00687
104	0.00834	0.00604	0.00786	0.00741	0.00882	0.00557	0.00556	0.01110	0.01667	0.02355	0.73741	0.04445	0.07065	0.01215	0.00698	0.00186	0.00279	0.01073	0.00649	0.00557
105	0.66652	0.01115	0.00974	0.00835	0.01220	0.01232	0.00688	0.01976	0.01149	0.17849	0.01136	0.01179	0.00811	0.00587	0.00413	0.00183	0.00467	0.00377	0.00442	0.00716
106	0.02152	0.00985	0.01258	0.01012	0.01378	0.00923	0.00805	0.06147	0.09382	0.49820	0.07964	0.02411	0.01881	0.10048	0.00889	0.00231	0.00498	0.00668	0.00660	0.00887
107	0.02463	0.01049	0.01367	0.01077	0.01514	0.00966	0.00880	0.02924	0.13433	0.64085	0.02345	0.02044	0.01519	0.00743	0.00596	0.00186	0.00498	0.00607	0.00711	0.00995
108	0.00762	0.00533	0.00678	0.00772	0.00800	0.00508	0.00497	0.00841	0.01071	0.01432	0.04732	0.56204	0.03468	0.23205	0.01376	0.00331	0.00405	0.01439	0.00499	0.00449
109	0.01279	0.01273	0.01808	0.08080	0.01768	0.01769	0.01324	0.01431	0.00929	0.01431	0.00800	0.01318	0.00777	0.00997	0.01825	0.00253	0.71513	0.00518	0.00259	0.00648
110	0.02213	0.02695	0.01686	0.01506	0.01829	0.68871	0.01141	0.09928	0.01793	0.01690	0.00968	0.01104	0.00788	0.00620	0.00539	0.00155	0.01022	0.00397	0.00335	0.00720
111	0.00728	0.00520	0.00695	0.00832	0.00870	0.00487	0.00563	0.00837	0.01140	0.01519	0.03255	0.76370	0.03894	0.01845	0.00757	0.00241	0.00350	0.04063	0.00549	0.00483
112	0.76334	0.01132	0.00913	0.00802	0.01176	0.01287	0.00660	0.01838	0.01066	0.09061	0.00955	0.01053	0.00712	0.00565	0.00386	0.00183	0.00461	0.00344	0.00398	0.00672
113	0.11011	0.01424	0.02803	0.02057	0.02556	0.01389	0.53655	0.01752	0.01322	0.01935	0.01569	0.01966	0.06927	0.00639	0.00720	0.00202	0.04496	0.02503	0.00332	0.00741
114	0.00936	0.00649	0.00747	0.00743	0.00794	0.00683	0.00478	0.01135	0.07371	0.01433	0.02032	0.11869	0.02185	0.50226	0.04884	0.00461	0.02906	0.00885	0.09126	0.00458
115	0.00861	0.00657	0.00981	0.00972	0.01074	0.00777	0.00759	0.01069	0.00949	0.01375	0.01555	0.02287	0.01454	0.04315	0.74221	0.00926	0.04293	0.00630	0.00315	0.00532
116	0.00804	0.00635	0.00845	0.00906	0.00955	0.00675	0.00649	0.00923	0.01127	0.01522	0.04894	0.57296	0.09615	0.01787	0.03639	0.00263	0.11020	0.01432	0.00504	0.00508
117	0.01028	0.00720	0.01059	0.00967	0.01163	0.00663	0.06990	0.01273	0.01473	0.08673	0.31522	0.18089	0.12316	0.01311	0.00714	0.00210	0.00411	0.10238	0.00583	0.00597
118	0.01374	0.01550	0.03350	0.04364	0.04980	0.01464	0.67934	0.01857	0.01383	0.01876	0.01240	0.03456	0.00968	0.00534	0.00694	0.00200	0.00968	0.00713	0.00304	0.00790
119	0.03716	0.01160	0.01800	0.53003	0.06749	0.03386	0.03551	0.01533	0.01156	0.01560	0.01058	0.03487	0.00872	0.00692	0.00816	0.00206	0.13762	0.00549	0.00276	0.00668
120	0.01498	0.01549	0.04249	0.08312	0.62413	0.07994	0.01755	0.01844	0.01362	0.01860	0.01090	0.01431	0.00907	0.00539	0.00581	0.00175	0.00745	0.00512	0.00291	0.00895
121	0.00762	0.00540	0.00707	0.00798	0.00838	0.00524	0.00531	0.00864	0.01092	0.01472	0.06246	0.54984	0.03456	0.16141	0.07818	0.00360	0.00491	0.01411	0.00499	0.00466
122	0.01425	0.19351	0.50011	0.03897	0.02271	0.01527	0.01774	0.01946	0.01283	0.09628	0.01144	0.01275	0.00828	0.00569	0.00527	0.00174	0.00780	0.00430	0.00302	0.00856
123	0.01264	0.08367	0.28744	0.01976	0.07821	0.01398	0.28615	0.01747	0.01294	0.01804	0.01350	0.10338	0.01185	0.00680	0.00622	0.00192	0.00826	0.00676	0.00306	0.00795
124	0.02637	0.01032	0.01388	0.01064	0.01522	0.00907	0.00879	0.05681	0.01736	0.73078	0.02297	0.01989	0.01446	0.00731	0.00595	0.00183	0.00509	0.00592	0.00726	0.01006
125	0.01217	0.01214	0.02229	0.44154	0.03369	0.01382	0.22811	0.01609	0.01220	0.01648	0.01107	0.01583	0.00853	0.00613	0.00751	0.00201	0.08649	0.00577	0.04118	0.00693
126	0.08356	0.01062	0.01258	0.01303	0.09810	0.02570	0.00911	0.03445	0.23688	0.11065	0.17601	0.02950	0.05895	0.00922	0.00620	0.00196	0.00472	0.06535	0.00559	0.00784
127	0.01104	0.00618	0.00673	0.00649	0.00797	0.00633	0.00491	0.04804	0.01313	0.02183	0.08066	0.02407	0.01847	0.03030	0.08212	0.00236	0.00433	0.00610	0.61327	0.00567
128	0.00845	0.00631	0.00939	0.00939	0.01041	0.00733	0.00726	0.01049	0.00947	0.01365	0.01594	0.02379	0.01503	0.07116	0.74226	0.00937	0.01548	0.00642	0.00318	0.00522
129	0.01184	0.02960	0.72578	0.01708	0.04234	0.01354	0.02137	0.01853	0.01261	0.01886	0.02874	0.01331	0.00872	0.00577	0.00566	0.00187	0.00855	0.00455	0.00261	0.00868

[dist]
# distance from previous block
# <min> <max>
0	5

[block]
# block no. 4 follows, 39 sequences, length 29
# corresponding to MSA columns:
# 655-683
name=unknown_E
#
# <colnr> <probs for GDERKNQSTAVLIFYWHMCP>
#	G	D	E	R	K	N	Q	S	T	A	V	L	I	F	Y	W	H	M	C	P
0	0.00718	0.00601	0.00629	0.00646	0.00833	0.00511	0.00491	0.00875	0.01338	0.01606	0.05650	0.09337	0.66589	0.01525	0.00710	0.00207	0.00319	0.06365	0.00549	0.00502
1	0.01419	0.01655	0.13040	0.03272	0.60014	0.01407	0.06869	0.01829	0.01336	0.01921	0.01111	0.01442	0.00907	0.00530	0.00590	0.00179	0.00748	0.00526	0.00287	0.00918
2	0.58263	0.01231	0.05462	0.17874	0.01884	0.01314	0.00958	0.01726	0.01078	0.04305	0.00928	0.01142	0.00701	0.00564	0.00433	0.00186	0.00556	0.00380	0.00346	0.00667
3	0.01134	0.01074	0.01777	0.70600	0.03835	0.01361	0.01609	0.01503	0.01156	0.01503	0.01025	0.01550	0.00787	0.00633	0.00719	0.00203	0.08088	0.00525	0.00262	0.00656
4	0.00873	0.00651	0.00884	0.00912	0.05226	0.00607	0.00631	0.01157	0.01655	0.02346	0.70905	0.04246	0.05310	0.01169	0.00691	0.00185	0.00304	0.01038	0.00630	0.00580
5	0.00763	0.00545	0.00735	0.00872	0.00925	0.00517	0.00623	0.00897	0.01174	0.01557	0.03236	0.65610	0.03818	0.01813	0.00766	0.00246	0.00380	0.14482	0.00548	0.00492
6	0.83394	0.01144	0.00869	0.00778	0.01144	0.01327	0.00640	0.01738	0.01006	0.02653	0.00823	0.00961	0.00640	0.00549	0.00366	0.00183	0.00457	0.00320	0.00366	0.00640
7	0.01033	0.02602	0.10535	0.04499	0.01511	0.01095	0.02534	0.01283	0.01122	0.01612	0.07862	0.15931	0.04219	0.01704	0.14976	0.00349	0.20567	0.00800	0.00369	0.05398
8	0.43832	0.05771	0.01290	0.01025	0.01405	0.18148	0.00830	0.04580	0.01349	0.15242	0.01130	0.01185	0.00831	0.00598	0.00452	0.00173	0.00617	0.00389	0.00418	0.00734
9	0.01473	0.01540	0.01789	0.01540	0.01606	0.13142	0.01264	0.04687	0.01103	0.01527	0.00825	0.01265	0.00784	0.00957	0.01670	0.00239	0.63143	0.00498	0.00280	0.00668
10	0.01429	0.01177	0.06465	0.02521	0.01520	0.00941	0.00869	0.01950	0.13768	0.13016	0.03629	0.03226	0.05239	0.00656	0.00527	0.00141	0.00477	0.00540	0.00463	0.41446
11	0.01485	0.59339	0.17100	0.01180	0.01721	0.02117	0.01258	0.01766	0.01190	0.01486	0.00865	0.01031	0.00758	0.00554	0.00524	0.00147	0.06100	0.00354	0.00253	0.00773
12	0.00845	0.00632	0.00940	0.00940	0.01042	0.00733	0.00726	0.01049	0.00947	0.01365	0.01594	0.02377	0.01502	0.07018	0.74322	0.00937	0.01549	0.00641	0.00318	0.00522
13	0.02621	0.01058	0.01404	0.01077	0.01535	0.00945	0.00889	0.08459	0.01778	0.70239	0.02261	0.01966	0.01428	0.00730	0.00594	0.00183	0.00515	0.00590	0.00721	0.01006
14	0.04241	0.35470	0.16702	0.01268	0.01796	0.12627	0.01256	0.11516	0.06606	0.01919	0.01072	0.01175	0.00860	0.00581	0.00480	0.00156	0.00727	0.00402	0.00333	0.00812
15	0.01471	0.01270	0.01337	0.01203	0.01538	0.01471	0.00936	0.03142	0.74459	0.02474	0.02407	0.02206	0.01805	0.00802	0.00602	0.00201	0.00468	0.00669	0.00602	0.00936
16	0.00931	0.00665	0.00928	0.01064	0.01190	0.00662	0.00915	0.01187	0.01340	0.01745	0.03143	0.13522	0.03452	0.01654	0.00811	0.00269	0.00525	0.64914	0.00545	0.00538
17	0.00869	0.00657	0.00947	0.00935	0.01020	0.00767	0.00710	0.01045	0.00935	0.01342	0.01586	0.02501	0.01543	0.15319	0.62286	0.00861	0.05187	0.00661	0.00320	0.00509
18	0.01189	0.01151	0.01605	0.01419	0.01425	0.01567	0.01157	0.01313	0.00947	0.01439	0.01231	0.15500	0.01351	0.01185	0.01723	0.00255	0.63882	0.00731	0.00312	0.00616
19	0.00721	0.00515	0.00686	0.00823	0.00858	0.00480	0.00549	0.00823	0.01132	0.01510	0.03259	0.78831	0.03911	0.01853	0.00755	0.00240	0.00343	0.01681	0.00549	0.00480
20	0.60552	0.01137	0.01031	0.00870	0.01263	0.01245	0.00718	0.05526	0.01254	0.19828	0.01205	0.01229	0.00851	0.00600	0.00430	0.00183	0.00478	0.00395	0.00463	0.00744
21	0.01360	0.01456	0.11109	0.03248	0.17809	0.01349	0.01276	0.02444	0.40339	0.02187	0.03304	0.05855	0.01686	0.00794	0.00609	0.00197	0.00570	0.03046	0.00479	0.00881
22	0.00837	0.00604	0.00790	0.00744	0.00883	0.00558	0.00558	0.01116	0.01674	0.02371	0.75216	0.04417	0.05580	0.01209	0.00697	0.00186	0.00279	0.01069	0.00651	0.00558
23	0.00738	0.00525	0.00693	0.00820	0.00856	0.00494	0.00550	0.00840	0.01121	0.01493	0.03157	0.71065	0.03770	0.07256	0.00915	0.00265	0.00366	0.04066	0.00535	0.00474
24	0.01297	0.02754	0.01474	0.05677	0.01559	0.01302	0.02924	0.16781	0.01360	0.01903	0.01317	0.01867	0.01173	0.05676	0.31918	0.00527	0.18876	0.00584	0.00359	0.00670
25	0.00799	0.00627	0.00966	0.00991	0.01086	0.00588	0.07413	0.00953	0.01186	0.01587	0.05442	0.65582	0.03659	0.01693	0.00751	0.00236	0.00412	0.04983	0.00529	0.00516
26	0.01336	0.01562	0.05810	0.02334	0.02898	0.01412	0.65198	0.01810	0.01370	0.01863	0.01353	0.07620	0.01128	0.00607	0.00698	0.00202	0.00942	0.00766	0.00317	0.00775
27	0.77242	0.01207	0.03526	0.03889	0.01310	0.01328	0.00734	0.01734	0.01022	0.02580	0.00841	0.00995	0.00650	0.00551	0.00382	0.00184	0.00485	0.00333	0.00358	0.00649
28	0.01535	0.01554	0.02289	0.06596	0.63879	0.10158	0.01729	0.01865	0.01378	0.01858	0.01087	0.01422	0.00910	0.00539	0.00580	0.00174	0.00749	0.00510	0.00293	0.00895

[dist]
# distance from previous block
# <min> <max>
0	2

[block]
# block no. 5 follows, 39 sequences, length 105
# corresponding to MSA columns:
# 686-790
name=unknown_F
#
# <colnr> <probs for GDERKNQSTAVLIFYWHMCP>
#	G	D	E	R	K	N	Q	S	T	A	V	L	I	F	Y	W	H	M	C	P
0	0.04644	0.69905	0.06931	0.01057	0.01571	0.04754	0.01066	0.01795	0.01213	0.01467	0.00838	0.00969	0.00754	0.00514	0.00394	0.00133	0.00654	0.00325	0.00259	0.00758
1	0.02475	0.01293	0.01550	0.01188	0.01653	0.01294	0.00981	0.34027	0.02172	0.44115	0.01931	0.01752	0.01262	0.00722	0.00593	0.00181	0.00568	0.00567	0.00670	0.01006
2	0.01201	0.04865	0.68901	0.01694	0.02527	0.01387	0.05620	0.01855	0.01257	0.01859	0.01112	0.01390	0.00821	0.00584	0.00570	0.00188	0.00866	0.02184	0.00259	0.00859
3	0.02225	0.07361	0.05040	0.01105	0.01529	0.01123	0.00960	0.06807	0.03546	0.49740	0.05016	0.01920	0.01483	0.00745	0.00664	0.00182	0.05683	0.00577	0.03373	0.00921
4	0.00727	0.00519	0.00692	0.00819	0.00859	0.00484	0.00549	0.00839	0.01160	0.01554	0.06993	0.74969	0.03998	0.01819	0.00752	0.00237	0.00340	0.01649	0.00554	0.00484
5	0.00827	0.00649	0.00689	0.00673	0.00872	0.00576	0.00503	0.01074	0.05781	0.04188	0.10383	0.08665	0.57854	0.03681	0.00759	0.00211	0.00325	0.01187	0.00560	0.00542
6	0.01205	0.01383	0.10889	0.26792	0.05110	0.01229	0.24919	0.01613	0.01272	0.03909	0.01512	0.14570	0.01370	0.00772	0.00650	0.00203	0.00780	0.00768	0.00336	0.00717
7	0.01512	0.47499	0.26667	0.01279	0.01885	0.09062	0.01405	0.01860	0.01262	0.01553	0.00908	0.01057	0.00756	0.00534	0.00453	0.00149	0.00752	0.00362	0.00257	0.00789
8	0.02248	0.01656	0.01775	0.01361	0.01834	0.01834	0.01124	0.73556	0.02780	0.03727	0.01420	0.01420	0.01006	0.00710	0.00592	0.00177	0.00651	0.00532	0.00592	0.01006
9	0.00708	0.00585	0.00621	0.00642	0.00812	0.00498	0.00470	0.00855	0.01325	0.01613	0.08240	0.17793	0.60707	0.01545	0.00708	0.00206	0.00306	0.01313	0.00553	0.00498
10	0.01253	0.01182	0.02006	0.55551	0.16769	0.01368	0.06638	0.05030	0.01303	0.01719	0.01090	0.01550	0.00833	0.00579	0.00598	0.00192	0.00781	0.00538	0.00286	0.00734
11	0.00703	0.00599	0.00604	0.00603	0.00801	0.00501	0.00452	0.00856	0.01357	0.01619	0.07867	0.05657	0.73399	0.01490	0.00699	0.00199	0.00299	0.01243	0.00552	0.00501
12	0.00721	0.00515	0.00686	0.00823	0.00858	0.00480	0.00549	0.00823	0.01132	0.01510	0.03259	0.78831	0.03911	0.01853	0.00755	0.00240	0.00343	0.01681	0.00549	0.00480
13	0.03147	0.03013	0.74357	0.01664	0.02526	0.01372	0.02148	0.01870	0.01243	0.01891	0.01056	0.01242	0.00747	0.00562	0.00557	0.00187	0.00864	0.00434	0.00252	0.00868
14	0.03016	0.18353	0.55938	0.01509	0.02273	0.03317	0.01854	0.01891	0.01257	0.03989	0.01043	0.01201	0.00770	0.00557	0.00521	0.00174	0.00810	0.00414	0.00268	0.00846
15	0.37000	0.01393	0.01235	0.01031	0.01427	0.12778	0.00833	0.07774	0.01481	0.27682	0.01401	0.01373	0.00970	0.00633	0.00487	0.00178	0.00581	0.00440	0.00500	0.00801
16	0.79411	0.01169	0.00914	0.00806	0.01178	0.01352	0.00664	0.05263	0.01093	0.02706	0.00853	0.00983	0.00658	0.00557	0.00377	0.00183	0.00467	0.00331	0.00377	0.00658
17	0.01146	0.01229	0.04512	0.01858	0.03970	0.01111	0.41716	0.01511	0.01331	0.01811	0.06762	0.24489	0.02147	0.00972	0.00711	0.00211	0.00737	0.02689	0.00400	0.00688
18	0.83394	0.01144	0.00869	0.00778	0.01144	0.01327	0.00640	0.01738	0.01006	0.02653	0.00823	0.00961	0.00640	0.00549	0.00366	0.00183	0.00457	0.00320	0.00366	0.00640
19	0.03695	0.07676	0.64366	0.01607	0.02385	0.01462	0.02006	0.01832	0.01216	0.01836	0.01020	0.01224	0.00748	0.00589	0.00636	0.00188	0.05983	0.00431	0.00254	0.00845
20	0.02211	0.01638	0.01754	0.01353	0.01820	0.01817	0.01115	0.70232	0.06164	0.03668	0.01466	0.01457	0.01043	0.00714	0.00592	0.00179	0.00642	0.00539	0.00592	0.01002
21	0.01094	0.00832	0.01114	0.01000	0.01264	0.00765	0.05547	0.01428	0.06401	0.05912	0.08061	0.05653	0.15399	0.07342	0.00860	0.00230	0.00485	0.21446	0.00503	0.14661
22	0.01333	0.01029	0.01266	0.01122	0.01418	0.01079	0.05633	0.05639	0.31140	0.08327	0.04931	0.07955	0.16016	0.01076	0.00663	0.00208	0.00480	0.09341	0.00573	0.00770
23	0.01167	0.00594	0.00666	0.00645	0.00799	0.00601	0.00493	0.01429	0.01227	0.06982	0.01904	0.02210	0.01507	0.01257	0.11956	0.00263	0.00488	0.00567	0.64670	0.00578
24	0.00805	0.00656	0.00723	0.00733	0.00910	0.00606	0.00549	0.01116	0.08521	0.01761	0.12547	0.17045	0.45648	0.01462	0.00704	0.00208	0.00332	0.04560	0.00565	0.00548
25	0.01257	0.01239	0.02234	0.45144	0.22958	0.01369	0.13954	0.01658	0.01263	0.01689	0.01092	0.01550	0.00847	0.00558	0.00608	0.00192	0.00801	0.00555	0.00277	0.00756
26	0.01134	0.01068	0.01805	0.74155	0.07580	0.01318	0.01651	0.01526	0.01191	0.01532	0.01054	0.01571	0.00796	0.00588	0.00591	0.00196	0.00784	0.00526	0.00264	0.00671
27	0.00863	0.00627	0.00840	0.00964	0.01060	0.00620	0.00754	0.01119	0.04700	0.01675	0.03160	0.41859	0.03577	0.01702	0.00776	0.00253	0.00442	0.33928	0.00549	0.00532
28	0.01232	0.01134	0.01866	0.61467	0.07889	0.01351	0.05129	0.06361	0.02989	0.01715	0.01117	0.01579	0.00845	0.00624	0.00629	0.01766	0.00772	0.00538	0.00296	0.00702
29	0.01034	0.00859	0.01316	0.08109	0.02873	0.00990	0.05861	0.04667	0.03303	0.01567	0.01480	0.02160	0.01344	0.07248	0.48626	0.00692	0.06316	0.00627	0.00330	0.00599
30	0.00721	0.00515	0.00686	0.00823	0.00858	0.00480	0.00549	0.00823	0.01132	0.01510	0.03259	0.78831	0.03911	0.01853	0.00755	0.00240	0.00343	0.01681	0.00549	0.00480
31	0.02216	0.01210	0.01443	0.01130	0.01549	0.01214	0.00924	0.29837	0.04206	0.36146	0.09687	0.02150	0.03926	0.00798	0.00608	0.00182	0.00530	0.00642	0.00660	0.00942
32	0.01345	0.01646	0.11174	0.04830	0.08326	0.01418	0.47590	0.01932	0.07482	0.01917	0.01378	0.03619	0.01103	0.00602	0.00667	0.00199	0.00880	0.02750	0.00330	0.00808
33	0.00845	0.01050	0.13595	0.00875	0.01182	0.00704	0.00833	0.01153	0.03468	0.01726	0.07627	0.04908	0.47726	0.01323	0.00689	0.00207	0.00435	0.10565	0.00503	0.00585
34	0.00795	0.00586	0.00844	0.00899	0.00976	0.00635	0.00662	0.00962	0.01024	0.01428	0.02261	0.33230	0.02461	0.03392	0.46123	0.00663	0.01083	0.01057	0.00411	0.00509
35	0.00759	0.00593	0.00692	0.00728	0.00864	0.00536	0.00526	0.00965	0.03515	0.01742	0.17903	0.29915	0.34831	0.01544	0.00717	0.00212	0.00320	0.02550	0.00570	0.00518
36	0.01476	0.01596	0.07576	0.10426	0.47708	0.07404	0.01687	0.03609	0.04136	0.01878	0.01121	0.01444	0.00918	0.00591	0.00671	0.00183	0.05891	0.00514	0.00304	0.00867
37	0.02094	0.01509	0.01629	0.01278	0.01706	0.01658	0.01044	0.61456	0.05313	0.05583	0.01606	0.05580	0.01227	0.00773	0.00592	0.00180	0.00605	0.00601	0.04614	0.00953
38	0.11922	0.07017	0.01823	0.05524	0.15754	0.35298	0.01225	0.09748	0.01581	0.01931	0.00993	0.01189	0.00808	0.00598	0.00550	0.00166	0.02353	0.00423	0.00335	0.00764
39	0.01186	0.01149	0.01987	0.59062	0.10726	0.01371	0.07900	0.01568	0.01199	0.01579	0.01052	0.01549	0.00811	0.00606	0.00688	0.00199	0.05863	0.00540	0.00269	0.00696
40	0.00888	0.00668	0.00783	0.00830	0.00918	0.02899	0.00569	0.01018	0.02215	0.03643	0.04484	0.49581	0.09016	0.13218	0.01088	0.00275	0.02261	0.01344	0.00506	0.03794
41	0.03794	0.01558	0.18481	0.01306	0.01825	0.01152	0.05991	0.04381	0.11808	0.34879	0.02055	0.01955	0.04749	0.00726	0.00627	0.00190	0.02473	0.00597	0.00543	0.00911
42	0.01283	0.13608	0.63878	0.01574	0.02385	0.01493	0.01985	0.01888	0.01255	0.03931	0.01065	0.01229	0.00771	0.00559	0.00538	0.00179	0.00830	0.00425	0.00264	0.00862
43	0.02570	0.01003	0.01356	0.01048	0.01494	0.00878	0.00863	0.02842	0.03799	0.71834	0.04293	0.02083	0.01584	0.00747	0.00598	0.00184	0.00496	0.00610	0.00726	0.00992
44	0.01165	0.02917	0.71718	0.01636	0.02468	0.01327	0.02097	0.01823	0.01255	0.01862	0.01269	0.01538	0.03072	0.00621	0.00573	0.00190	0.00847	0.02502	0.00267	0.00853
