[name]
unknown

[dist]
# distance from previous block
# <min> <max>
0	2

[block]
# block no. 0 follows, 48 sequences, length 14
# corresponding to MSA columns:
# 2-12,15-17
name=unknown_A
#
# <colnr> <probs for GDERKNQSTAVLIFYWHMCP>
#	G	D	E	R	K	N	Q	S	T	A	V	L	I	F	Y	W	H	M	C	P
0	0.00817	0.00583	0.00815	0.00934	0.01047	0.00582	0.00809	0.01046	0.01171	0.01524	0.02722	0.09549	0.02975	0.01427	0.00706	0.00235	0.00464	0.71651	0.00473	0.00470
1	0.01270	0.01219	0.02083	0.03149	0.78767	0.01219	0.01575	0.01575	0.01168	0.01676	0.00965	0.01270	0.00813	0.00457	0.00508	0.00152	0.00610	0.00457	0.00254	0.00813
2	0.00969	0.00912	0.01539	0.80734	0.03534	0.01140	0.01425	0.01311	0.01026	0.01311	0.00912	0.01368	0.00684	0.00513	0.00513	0.00171	0.00684	0.00456	0.00228	0.00570
3	0.00746	0.00500	0.00573	0.00573	0.00578	0.00505	0.00328	0.00755	0.00750	0.01005	0.01604	0.03289	0.01836	0.77961	0.06577	0.00514	0.00542	0.00736	0.00309	0.00318
4	0.00746	0.00497	0.00560	0.00560	0.00560	0.00497	0.00311	0.00746	0.00746	0.00995	0.01617	0.03358	0.01865	0.81967	0.02612	0.00497	0.00497	0.00746	0.00311	0.00311
5	0.01224	0.01297	0.02583	0.06095	0.33140	0.01259	0.43387	0.01601	0.01186	0.01642	0.01003	0.01338	0.00788	0.00446	0.00562	0.00165	0.00755	0.00539	0.00256	0.00735
6	0.01069	0.00894	0.01045	0.00768	0.01184	0.00706	0.00612	0.04915	0.01172	0.01790	0.09539	0.01379	0.01218	0.00466	0.00411	0.00089	0.00374	0.00381	0.00343	0.71643
7	0.00669	0.00519	0.00609	0.00594	0.00734	0.00459	0.00443	0.00855	0.01307	0.01730	0.43032	0.08111	0.36721	0.01185	0.00608	0.00169	0.00253	0.01021	0.00522	0.00459
8	0.09623	0.02011	0.44634	0.01343	0.01935	0.05525	0.09973	0.01672	0.01127	0.08336	0.01042	0.02900	0.00777	0.00512	0.00481	0.00156	0.00680	0.00422	0.00282	0.06569
9	0.01276	0.01257	0.01993	0.10767	0.66952	0.05624	0.01527	0.01575	0.01170	0.01616	0.00950	0.01260	0.00791	0.00467	0.00506	0.00153	0.00635	0.00450	0.00252	0.00776
10	0.01324	0.60468	0.19621	0.01031	0.01531	0.05889	0.01110	0.01583	0.01073	0.01302	0.00764	0.00886	0.00657	0.00454	0.00371	0.00123	0.00615	0.00301	0.00221	0.00677
11	0.61166	0.01084	0.00968	0.00906	0.05457	0.03155	0.00686	0.11882	0.01149	0.06110	0.00889	0.00986	0.00670	0.00506	0.00369	0.00156	0.00443	0.00331	0.02461	0.00628
12	0.01832	0.08075	0.01568	0.01109	0.01517	0.01511	0.00925	0.58331	0.06084	0.06980	0.01256	0.01251	0.00905	0.00592	0.00491	0.00147	0.00537	0.00446	0.00483	0.05960
13	0.08135	0.00972	0.01077	0.00925	0.03585	0.02519	0.00681	0.20584	0.04772	0.14489	0.01415	0.01910	0.01213	0.24330	0.01094	0.00247	0.00491	0.00523	0.00421	0.10618

[dist]
# distance from previous block
# <min> <max>
0	2

[block]
# block no. 1 follows, 48 sequences, length 8
# corresponding to MSA columns:
# 20-27
name=unknown_B
#
# <colnr> <probs for GDERKNQSTAVLIFYWHMCP>
#	G	D	E	R	K	N	Q	S	T	A	V	L	I	F	Y	W	H	M	C	P
0	0.01161	0.01073	0.01678	0.07005	0.48393	0.01054	0.01247	0.01515	0.06369	0.01655	0.01185	0.07996	0.01063	0.00559	0.00498	0.00146	0.00532	0.00521	0.00298	0.16052
1	0.01441	0.01129	0.01823	0.18906	0.37853	0.01168	0.05842	0.09295	0.01316	0.14451	0.01159	0.01372	0.00865	0.00513	0.00517	0.00159	0.00608	0.00476	0.00337	0.00770
2	0.01122	0.00861	0.01061	0.00825	0.01196	0.00714	0.03207	0.01434	0.07519	0.08917	0.01624	0.10736	0.06338	0.00634	0.00459	0.00117	0.00387	0.00542	0.00383	0.51927
3	0.01662	0.06731	0.01448	0.04794	0.06628	0.03890	0.00917	0.30893	0.12939	0.14295	0.06025	0.01565	0.01256	0.00626	0.00500	0.00154	0.00508	0.00498	0.03887	0.00783
4	0.05680	0.01225	0.16540	0.07616	0.01453	0.06245	0.00928	0.05103	0.04298	0.09937	0.04788	0.18552	0.08278	0.06249	0.00675	0.00193	0.00510	0.00734	0.00394	0.00602
5	0.08731	0.03952	0.06661	0.01052	0.01435	0.05724	0.00907	0.30304	0.08505	0.15721	0.05932	0.01454	0.01171	0.00617	0.00511	0.00154	0.02108	0.00469	0.00464	0.04128
6	0.01410	0.12902	0.19439	0.01224	0.06992	0.01260	0.01111	0.18123	0.04342	0.09792	0.05856	0.01456	0.02814	0.00587	0.00510	0.00147	0.02814	0.00456	0.01922	0.06843
7	0.03874	0.18572	0.13365	0.01090	0.02913	0.10126	0.00999	0.15642	0.03887	0.09501	0.06647	0.01323	0.01097	0.00557	0.00454	0.00138	0.00569	0.00418	0.00365	0.08461

[dist]
# distance from previous block
# <min> <max>
1	27

[block]
# block no. 2 follows, 48 sequences, length 55
# corresponding to MSA columns:
# 55-109
name=unknown_C
#
# <colnr> <probs for GDERKNQSTAVLIFYWHMCP>
#	G	D	E	R	K	N	Q	S	T	A	V	L	I	F	Y	W	H	M	C	P
0	0.17591	0.04821	0.20525	0.05421	0.05154	0.04181	0.01078	0.08510	0.04302	0.09462	0.04605	0.03044	0.02655	0.00591	0.00465	0.00155	0.00547	0.01535	0.00355	0.05004
1	0.13039	0.05115	0.34549	0.01264	0.06987	0.01145	0.01264	0.10185	0.01233	0.07432	0.01191	0.05136	0.02322	0.00575	0.00466	0.00155	0.00582	0.00450	0.02347	0.04563
2	0.23452	0.10495	0.23357	0.01182	0.06912	0.04904	0.01107	0.05697	0.03062	0.10587	0.02378	0.01228	0.02530	0.00535	0.00436	0.00153	0.00563	0.00394	0.00330	0.00699
3	0.03171	0.11959	0.15579	0.04913	0.17074	0.11475	0.01192	0.08420	0.04244	0.05145	0.01105	0.01239	0.02646	0.00516	0.00462	0.00141	0.00617	0.00407	0.00305	0.09389
4	0.01377	0.05003	0.17254	0.05085	0.11435	0.17739	0.04620	0.05643	0.06184	0.05008	0.02388	0.01302	0.02457	0.00540	0.00511	0.00146	0.02618	0.00428	0.00308	0.09954
5	0.07700	0.01240	0.05359	0.15614	0.38433	0.04789	0.08834	0.01583	0.01146	0.05319	0.01015	0.01291	0.00797	0.00485	0.00495	0.00156	0.00628	0.00452	0.03949	0.00716
6	0.01270	0.01441	0.15159	0.14280	0.43965	0.03677	0.04386	0.01622	0.01163	0.06674	0.01016	0.01277	0.00789	0.00484	0.00508	0.00157	0.00655	0.00449	0.00269	0.00759
7	0.01126	0.11000	0.64527	0.01410	0.02108	0.01268	0.05137	0.01652	0.01100	0.04728	0.00949	0.01096	0.00682	0.00486	0.00477	0.00157	0.00728	0.00384	0.00236	0.00749
8	0.01064	0.00912	0.01064	0.00760	0.01216	0.00684	0.00608	0.01292	0.01064	0.01672	0.00912	0.01064	0.00760	0.00380	0.00380	0.00076	0.00380	0.00304	0.00304	0.85104
9	0.01006	0.00789	0.00980	0.10699	0.02546	0.00861	0.00754	0.10575	0.18034	0.01788	0.04243	0.34707	0.02249	0.01069	0.00577	0.00185	0.00409	0.03949	0.03988	0.00591
10	0.01210	0.01158	0.01975	0.18585	0.63799	0.01203	0.01545	0.01522	0.01140	0.01604	0.00955	0.01289	0.00787	0.00468	0.00509	0.00156	0.00624	0.00457	0.00249	0.00764
11	0.00743	0.00496	0.00560	0.00563	0.00564	0.00496	0.00315	0.00745	0.00752	0.01003	0.01646	0.05247	0.01902	0.80028	0.02564	0.00490	0.00493	0.00763	0.00315	0.00313
12	0.00690	0.00496	0.00662	0.00737	0.00811	0.00468	0.00544	0.00848	0.01147	0.01550	0.22553	0.45100	0.05281	0.01419	0.00651	0.00201	0.00316	0.15582	0.00499	0.00445
13	0.01361	0.01144	0.01208	0.01061	0.01367	0.01316	0.00833	0.12094	0.68334	0.02283	0.01980	0.01828	0.01479	0.00686	0.00521	0.00172	0.00426	0.00565	0.00521	0.00820
14	0.00891	0.00446	0.00668	0.00668	0.00668	0.00446	0.00446	0.00668	0.00668	0.00891	0.00891	0.01560	0.00891	0.01783	0.02005	0.85071	0.00446	0.00446	0.00223	0.00223
15	0.01917	0.02445	0.01454	0.01322	0.01586	0.79907	0.00991	0.02049	0.01454	0.01256	0.00793	0.00925	0.00661	0.00529	0.00463	0.00132	0.00925	0.00330	0.00264	0.00595
16	0.02247	0.00886	0.01189	0.00920	0.01311	0.00782	0.00757	0.02513	0.05585	0.74973	0.02028	0.01755	0.01286	0.00638	0.00516	0.00160	0.00435	0.00519	0.00629	0.00870
17	0.01917	0.02445	0.01454	0.01322	0.01586	0.79907	0.00991	0.02049	0.01454	0.01256	0.00793	0.00925	0.00661	0.00529	0.00463	0.00132	0.00925	0.00330	0.00264	0.00595
18	0.01951	0.01437	0.01540	0.01181	0.01591	0.01591	0.00975	0.77056	0.02412	0.03234	0.01232	0.01232	0.00873	0.00616	0.00513	0.00154	0.00565	0.00462	0.00513	0.00873
19	0.00686	0.00472	0.00577	0.00637	0.00651	0.00457	0.00393	0.00730	0.00864	0.01151	0.02219	0.42276	0.02625	0.42012	0.01639	0.00354	0.00398	0.01100	0.00393	0.00364
20	0.00631	0.00449	0.00594	0.00707	0.00736	0.00421	0.00469	0.00716	0.00971	0.01295	0.02771	0.77969	0.03322	0.05369	0.00747	0.00222	0.00307	0.01425	0.00469	0.00412
21	0.00625	0.00448	0.00594	0.00710	0.00743	0.00417	0.00474	0.00715	0.00987	0.01312	0.02881	0.79908	0.05084	0.01601	0.00654	0.00208	0.00297	0.01450	0.00476	0.00417
22	0.00969	0.00912	0.01539	0.80734	0.03534	0.01140	0.01425	0.01311	0.01026	0.01311	0.00912	0.01368	0.00684	0.00513	0.00513	0.00171	0.00684	0.00456	0.00228	0.00570
23	0.00817	0.00548	0.00700	0.00688	0.00822	0.00504	0.00527	0.01015	0.01303	0.06782	0.42148	0.10542	0.15296	0.04676	0.00705	0.00192	0.00306	0.11418	0.00525	0.00487
24	0.01270	0.01219	0.02083	0.03149	0.78767	0.01219	0.01575	0.01575	0.01168	0.01676	0.00965	0.01270	0.00813	0.00457	0.00508	0.00152	0.00610	0.00457	0.00254	0.00813
25	0.01858	0.02159	0.01480	0.01367	0.05062	0.59818	0.01006	0.13839	0.05709	0.01633	0.00940	0.01042	0.00750	0.00548	0.00476	0.00139	0.00826	0.00370	0.00317	0.00660
26	0.01765	0.24741	0.01799	0.01198	0.01511	0.58157	0.00960	0.01906	0.01339	0.01242	0.00771	0.00897	0.00660	0.00504	0.00425	0.00126	0.00820	0.00315	0.00252	0.00613
27	0.00902	0.00505	0.00774	0.10755	0.01028	0.00534	0.00567	0.00760	0.00722	0.00965	0.00910	0.01543	0.00874	0.01598	0.01783	0.72608	0.00471	0.00448	0.01980	0.00272
28	0.01262	0.01188	0.08774	0.00936	0.01391	0.00956	0.00822	0.13390	0.11523	0.04113	0.01150	0.01224	0.00888	0.00477	0.00434	0.00112	0.00451	0.00379	0.00366	0.50164
29	0.01234	0.04997	0.58101	0.01379	0.02034	0.02548	0.05619	0.01728	0.01147	0.12491	0.01125	0.03404	0.00820	0.00535	0.00497	0.00161	0.00702	0.00436	0.00286	0.00755
30	0.00742	0.00499	0.00573	0.00571	0.00583	0.00495	0.00331	0.00767	0.00820	0.01105	0.09127	0.04970	0.02186	0.72480	0.02377	0.00459	0.00469	0.00778	0.00339	0.00330
31	0.01449	0.01112	0.01222	0.01077	0.03529	0.01233	0.00833	0.32162	0.29091	0.02475	0.03933	0.06142	0.01497	0.00739	0.00522	0.00165	0.00453	0.03827	0.07775	0.00762
32	0.01405	0.07699	0.05009	0.05474	0.37837	0.12371	0.11977	0.08989	0.01317	0.01712	0.00954	0.01197	0.00769	0.00481	0.00502	0.00150	0.00689	0.00444	0.00276	0.00747
33	0.00716	0.00485	0.00569	0.00598	0.00606	0.00477	0.00352	0.00738	0.00805	0.01074	0.01919	0.22896	0.02247	0.61908	0.02123	0.00425	0.00448	0.00924	0.00352	0.00337
34	0.00673	0.00514	0.00618	0.00610	0.00738	0.00459	0.00450	0.00858	0.01300	0.01738	0.44294	0.13129	0.30357	0.01200	0.00611	0.00171	0.00255	0.01043	0.00524	0.00459
35	0.01420	0.03193	0.16337	0.15266	0.02097	0.01296	0.09342	0.21178	0.14883	0.07874	0.01294	0.01393	0.00934	0.00566	0.00516	0.00164	0.00617	0.00481	0.00384	0.00763
36	0.05064	0.12683	0.03472	0.18357	0.03315	0.10423	0.01024	0.14941	0.20487	0.01884	0.01225	0.01358	0.00948	0.02051	0.00513	0.00161	0.00587	0.00444	0.00360	0.00702
37	0.00705	0.00499	0.00607	0.00654	0.00699	0.00479	0.00426	0.02626	0.00981	0.01303	0.07544	0.41947	0.08312	0.29280	0.01320	0.00301	0.00367	0.01126	0.00426	0.00397
38	0.01372	0.82276	0.02689	0.00878	0.01317	0.02030	0.00878	0.01536	0.01043	0.01207	0.00713	0.00823	0.00658	0.00439	0.00329	0.00110	0.00549	0.00274	0.00219	0.00658
39	0.01064	0.00912	0.01064	0.00760	0.01216	0.00684	0.00608	0.01292	0.01064	0.01672	0.00912	0.01064	0.00760	0.00380	0.00380	0.00076	0.00380	0.00304	0.00304	0.85104
40	0.01362	0.78981	0.02643	0.00897	0.01318	0.02012	0.00888	0.01524	0.01032	0.01208	0.00712	0.00835	0.00659	0.00458	0.00384	0.00114	0.03816	0.00281	0.00220	0.00655
41	0.00816	0.00546	0.00706	0.00654	0.00796	0.00498	0.00495	0.01048	0.01435	0.06819	0.68820	0.03777	0.09554	0.01040	0.00600	0.00162	0.00255	0.00913	0.00563	0.00505
42	0.00606	0.00520	0.00520	0.00520	0.00693	0.00433	0.00390	0.00736	0.01170	0.01386	0.05198	0.04938	0.78558	0.01299	0.00606	0.00173	0.00260	0.01083	0.00476	0.00433
43	0.01938	0.00766	0.00998	0.00795	0.01117	0.00680	0.00647	0.02148	0.01362	0.58237	0.01929	0.01791	0.01282	0.00625	0.00473	0.00148	0.00383	0.00506	0.23406	0.00766
44	0.00631	0.00516	0.00550	0.00549	0.00701	0.00443	0.00405	0.00771	0.01187	0.01469	0.16050	0.08187	0.60866	0.04551	0.00690	0.00186	0.00269	0.01063	0.00483	0.00435
45	0.01211	0.01384	0.03028	0.02163	0.02682	0.01298	0.76903	0.01644	0.01211	0.01644	0.01038	0.01384	0.00779	0.00433	0.00606	0.00173	0.00865	0.00606	0.00260	0.00692
46	0.01029	0.02654	0.79309	0.01462	0.02221	0.01192	0.01896	0.01625	0.01083	0.01625	0.00921	0.01083	0.00650	0.00487	0.00487	0.00162	0.00758	0.00379	0.00217	0.00758
47	0.00726	0.00524	0.00686	0.00646	0.00767	0.00484	0.00484	0.00968	0.01452	0.02058	0.78496	0.03833	0.04841	0.01049	0.00605	0.00161	0.00242	0.00928	0.00565	0.00484
48	0.00969	0.00912	0.01539	0.80734	0.03534	0.01140	0.01425	0.01311	0.01026	0.01311	0.00912	0.01368	0.00684	0.00513	0.00513	0.00171	0.00684	0.00456	0.00228	0.00570
49	0.00785	0.00567	0.00775	0.00885	0.00996	0.00557	0.00751	0.00996	0.01156	0.01496	0.02914	0.15159	0.08606	0.01432	0.00694	0.00228	0.00435	0.60630	0.00473	0.00463
50	0.01064	0.00912	0.01064	0.00760	0.01216	0.00684	0.00608	0.01292	0.01064	0.01672	0.00912	0.01064	0.00760	0.00380	0.00380	0.00076	0.00380	0.00304	0.00304	0.85104
51	0.02275	0.00917	0.01218	0.00934	0.01332	0.00820	0.00771	0.08336	0.01542	0.73182	0.01962	0.01706	0.01239	0.00634	0.00516	0.00158	0.00447	0.00512	0.00626	0.00873
52	0.02292	0.00889	0.01201	0.00921	0.01318	0.00778	0.00760	0.04634	0.01496	0.76951	0.02002	0.01732	0.01259	0.00635	0.00516	0.00159	0.00440	0.00514	0.00632	0.00873
53	0.81677	0.01013	0.00791	0.00698	0.01020	0.01172	0.00575	0.05044	0.00945	0.02346	0.00739	0.00852	0.00571	0.00483	0.00327	0.00159	0.00405	0.00286	0.00327	0.00571
54	0.08591	0.01261	0.01396	0.07649	0.01628	0.01385	0.00924	0.53805	0.01997	0.08995	0.01238	0.01341	0.00904	0.04130	0.00586	0.00169	0.00544	0.00460	0.00471	0.02525

[dist]
# distance from previous block
# <min> <max>
0	4

[block]
# block no. 3 follows, 48 sequences, length 60
# corresponding to MSA columns:
# 114-173
name=unknown_D
#
# <colnr> <probs for GDERKNQSTAVLIFYWHMCP>
#	G	D	E	R	K	N	Q	S	T	A	V	L	I	F	Y	W	H	M	C	P
0	0.01270	0.01219	0.02083	0.03149	0.78767	0.01219	0.01575	0.01575	0.01168	0.01676	0.00965	0.01270	0.00813	0.00457	0.00508	0.00152	0.00610	0.00457	0.00254	0.00813
1	0.78382	0.03044	0.02397	0.00716	0.01049	0.01192	0.00608	0.04632	0.00945	0.02300	0.00740	0.00855	0.00573	0.00481	0.00329	0.00157	0.00415	0.00287	0.00321	0.00575
2	0.03618	0.01205	0.11857	0.01214	0.08658	0.02945	0.00996	0.03873	0.04468	0.51370	0.01718	0.01657	0.01154	0.00612	0.00510	0.00160	0.00511	0.02130	0.00516	0.00827
3	0.01173	0.00989	0.01181	0.00960	0.06256	0.00817	0.00710	0.09522	0.01217	0.01842	0.00950	0.01095	0.00776	0.00411	0.00403	0.00089	0.00415	0.00331	0.00323	0.70540
4	0.01257	0.01206	0.02059	0.06514	0.75504	0.01216	0.01568	0.01563	0.01162	0.01660	0.00963	0.01274	0.00807	0.00460	0.00508	0.00153	0.00613	0.00457	0.00253	0.00802
5	0.01806	0.02265	0.01424	0.02821	0.03813	0.71348	0.00984	0.01951	0.01431	0.01302	0.03798	0.01145	0.02622	0.00564	0.00474	0.00136	0.00871	0.00376	0.00279	0.00593
6	0.01083	0.00992	0.01376	0.01016	0.01416	0.00873	0.10553	0.01323	0.01043	0.01604	0.00908	0.01133	0.00763	0.00524	0.02243	0.00123	0.10499	0.00366	0.00288	0.61875
7	0.45070	0.03099	0.06797	0.16037	0.01702	0.02690	0.02766	0.09712	0.01133	0.05485	0.00890	0.01051	0.00662	0.00505	0.00407	0.00160	0.00522	0.00358	0.00324	0.00628
8	0.01028	0.02521	0.72656	0.01477	0.02205	0.01177	0.06250	0.01601	0.01093	0.01619	0.01046	0.01208	0.02815	0.00507	0.00498	0.00163	0.00751	0.00412	0.00226	0.00745
9	0.00627	0.00462	0.00584	0.00676	0.00732	0.00423	0.00458	0.00724	0.01020	0.01333	0.04872	0.65157	0.16226	0.03255	0.00687	0.00208	0.00294	0.01368	0.00475	0.00419
10	0.01333	0.01239	0.02032	0.02966	0.71570	0.01254	0.01519	0.08613	0.01284	0.01822	0.00990	0.01266	0.00818	0.00472	0.00508	0.00153	0.00605	0.00458	0.00278	0.00818
11	0.01372	0.82276	0.02689	0.00878	0.01317	0.02030	0.00878	0.01536	0.01043	0.01207	0.00713	0.00823	0.00658	0.00439	0.00329	0.00110	0.00549	0.00274	0.00219	0.00658
12	0.01372	0.82276	0.02689	0.00878	0.01317	0.02030	0.00878	0.01536	0.01043	0.01207	0.00713	0.00823	0.00658	0.00439	0.00329	0.00110	0.00549	0.00274	0.00219	0.00658
13	0.01346	0.01178	0.01197	0.01064	0.01361	0.04466	0.00830	0.07491	0.69899	0.02181	0.01981	0.01831	0.01485	0.00684	0.00519	0.00171	0.00437	0.00562	0.00511	0.00807
14	0.01856	0.01566	0.01547	0.01418	0.10656	0.17473	0.01028	0.44714	0.05380	0.07490	0.01200	0.01237	0.00879	0.00584	0.00503	0.00151	0.00628	0.00443	0.00440	0.00806
15	0.01927	0.01196	0.01361	0.01051	0.01438	0.01247	0.00864	0.48356	0.02033	0.24174	0.05889	0.01589	0.02711	0.00652	0.00517	0.00154	0.00500	0.00511	0.00543	0.03288
16	0.01877	0.01231	0.01377	0.01084	0.01453	0.01317	0.00883	0.54153	0.03915	0.17276	0.01550	0.08842	0.01199	0.00714	0.00527	0.00160	0.00512	0.00568	0.00533	0.00829
17	0.00969	0.00912	0.01539	0.80734	0.03534	0.01140	0.01425	0.01311	0.01026	0.01311	0.00912	0.01368	0.00684	0.00513	0.00513	0.00171	0.00684	0.00456	0.00228	0.00570
18	0.02870	0.09228	0.64752	0.01386	0.02067	0.07901	0.01707	0.01651	0.01107	0.01573	0.00889	0.01043	0.00650	0.00487	0.00469	0.00155	0.00748	0.00364	0.00223	0.00732
19	0.01066	0.11240	0.71047	0.01399	0.02123	0.01282	0.01786	0.01615	0.01079	0.01580	0.00898	0.01055	0.00651	0.00482	0.00470	0.00157	0.00736	0.00368	0.00217	0.00748
20	0.01270	0.01219	0.02083	0.03149	0.78767	0.01219	0.01575	0.01575	0.01168	0.01676	0.00965	0.01270	0.00813	0.00457	0.00508	0.00152	0.00610	0.00457	0.00254	0.00813
21	0.01116	0.01208	0.02518	0.05268	0.08637	0.01150	0.55972	0.01482	0.01165	0.01582	0.01300	0.13617	0.01176	0.00617	0.00601	0.00177	0.00750	0.00717	0.00291	0.00655
22	0.00834	0.00580	0.00668	0.00630	0.00809	0.00519	0.00481	0.01064	0.04748	0.08787	0.26587	0.05828	0.42836	0.01145	0.00597	0.00170	0.00282	0.02409	0.00520	0.00507
23	0.00668	0.00486	0.00631	0.00684	0.00762	0.00449	0.00487	0.00820	0.01172	0.01588	0.29577	0.44666	0.10128	0.01378	0.00636	0.00190	0.00283	0.04444	0.00507	0.00444
24	0.00887	0.00666	0.00852	0.00917	0.01054	0.00691	0.00756	0.03025	0.13696	0.01645	0.04392	0.18909	0.02804	0.01307	0.00661	0.00217	0.00426	0.46082	0.00484	0.00527
25	0.00973	0.00917	0.01540	0.78897	0.03483	0.01150	0.01418	0.01309	0.01020	0.01309	0.00906	0.01362	0.00684	0.00522	0.00540	0.00172	0.02543	0.00456	0.00228	0.00570
26	0.02201	0.00851	0.01158	0.00896	0.01275	0.00737	0.00737	0.02402	0.01468	0.74154	0.06954	0.01881	0.01500	0.00662	0.00522	0.00159	0.00424	0.00543	0.00631	0.00848
27	0.00623	0.00454	0.00588	0.00695	0.00739	0.00418	0.00468	0.00717	0.01001	0.01317	0.03062	0.74059	0.10816	0.01577	0.00650	0.00205	0.00294	0.01422	0.00476	0.00418
28	0.01958	0.01425	0.01532	0.01175	0.01585	0.01573	0.00971	0.75469	0.02392	0.04849	0.01249	0.01243	0.00881	0.00616	0.00513	0.00154	0.00562	0.00463	0.00516	0.00873
29	0.05104	0.01420	0.01344	0.02936	0.01475	0.15024	0.00888	0.42079	0.06053	0.05417	0.11674	0.01574	0.01409	0.00656	0.00510	0.00153	0.00567	0.00503	0.00467	0.00749
30	0.01304	0.01027	0.01171	0.00868	0.01296	0.00905	0.00700	0.20365	0.01411	0.04093	0.01089	0.03951	0.00894	0.00489	0.00427	0.00102	0.00425	0.00390	0.00371	0.58722
31	0.01073	0.00920	0.01068	0.00771	0.01221	0.00708	0.00616	0.01350	0.04158	0.01691	0.00959	0.01098	0.00792	0.00393	0.00386	0.00080	0.00381	0.00315	0.00313	0.81707
32	0.00737	0.00497	0.00581	0.00603	0.00614	0.00494	0.00364	0.00763	0.00802	0.01067	0.01832	0.12811	0.02117	0.67230	0.02257	0.00446	0.00472	0.05638	0.00341	0.00334
33	0.31989	0.01105	0.02562	0.04841	0.26550	0.01145	0.04491	0.06978	0.01178	0.09663	0.02660	0.01230	0.00855	0.00510	0.00444	0.00157	0.00514	0.00414	0.02014	0.00700
34	0.01669	0.30496	0.03375	0.01236	0.04609	0.46202	0.00988	0.01855	0.02860	0.01281	0.00801	0.00926	0.00685	0.00497	0.00419	0.00127	0.00766	0.00322	0.00253	0.00634
35	0.00733	0.00548	0.00818	0.00818	0.00907	0.00638	0.00633	0.00912	0.00823	0.01186	0.01380	0.02049	0.01297	0.05777	0.78025	0.00817	0.01353	0.00555	0.00276	0.00454
36	0.06386	0.04522	0.01730	0.37866	0.02557	0.11889	0.11395	0.06351	0.01164	0.01521	0.00888	0.01221	0.00696	0.00546	0.00623	0.00167	0.09165	0.00441	0.00260	0.00611
37	0.00724	0.00524	0.00679	0.00640	0.00759	0.00483	0.00477	0.00957	0.01427	0.02014	0.74706	0.03848	0.06579	0.03145	0.00657	0.00170	0.00249	0.00927	0.00556	0.00478
38	0.00891	0.00446	0.00668	0.00668	0.00668	0.00446	0.00446	0.00668	0.00668	0.00891	0.00891	0.01560	0.00891	0.01783	0.02005	0.85071	0.00446	0.00446	0.00223	0.00223
39	0.00891	0.00446	0.00668	0.00668	0.00668	0.00446	0.00446	0.00668	0.00668	0.00891	0.00891	0.01560	0.00891	0.01783	0.02005	0.85071	0.00446	0.00446	0.00223	0.00223
40	0.01961	0.01421	0.01530	0.01173	0.01583	0.01567	0.00969	0.74891	0.02385	0.05437	0.01255	0.01247	0.00884	0.00617	0.00513	0.00154	0.00561	0.00464	0.00517	0.00873
41	0.00625	0.00447	0.00595	0.00714	0.00744	0.00417	0.00476	0.00714	0.00982	0.01310	0.02828	0.81633	0.03394	0.01608	0.00655	0.00208	0.00298	0.01459	0.00476	0.00417
42	0.08799	0.01170	0.01333	0.01030	0.01427	0.01212	0.00851	0.40334	0.01901	0.34373	0.01516	0.01412	0.01011	0.00613	0.00499	0.00156	0.00499	0.00469	0.00548	0.00847
43	0.01330	0.72619	0.11982	0.00949	0.01427	0.01929	0.01001	0.01547	0.01048	0.01258	0.00739	0.00855	0.00657	0.00445	0.00348	0.00116	0.00574	0.00287	0.00219	0.00671
44	0.01880	0.01468	0.01496	0.01176	0.01565	0.06608	0.00960	0.64723	0.09959	0.02997	0.01290	0.01281	0.00929	0.00618	0.00511	0.00155	0.00572	0.00465	0.00498	0.00849
45	0.01270	0.01219	0.02083	0.03149	0.78767	0.01219	0.01575	0.01575	0.01168	0.01676	0.00965	0.01270	0.00813	0.00457	0.00508	0.00152	0.00610	0.00457	0.00254	0.00813
46	0.00733	0.00550	0.00825	0.00825	0.00916	0.00641	0.00641	0.00916	0.00825	0.01191	0.01374	0.02016	0.01283	0.03848	0.79934	0.00825	0.01374	0.00550	0.00275	0.00458
47	0.13359	0.00889	0.01133	0.00881	0.01268	0.00807	0.00728	0.02369	0.01390	0.68924	0.01850	0.01625	0.01175	0.00614	0.00490	0.00159	0.00431	0.00484	0.00593	0.00831
48	0.85592	0.00992	0.00754	0.00675	0.00992	0.01151	0.00556	0.01508	0.00873	0.02302	0.00714	0.00834	0.00556	0.00476	0.00318	0.00159	0.00397	0.00278	0.00318	0.00556
49	0.01276	0.01102	0.01160	0.01044	0.01334	0.01276	0.00812	0.02727	0.77840	0.02146	0.02088	0.01914	0.01566	0.00696	0.00522	0.00174	0.00406	0.00580	0.00522	0.00812
50	0.02261	0.00864	0.01177	0.00906	0.01296	0.00747	0.00747	0.02460	0.01468	0.77092	0.04039	0.01801	0.01364	0.00646	0.00518	0.00159	0.00431	0.00527	0.00633	0.00863
51	0.00650	0.00465	0.00623	0.00736	0.00778	0.00438	0.00513	0.00761	0.01022	0.01364	0.05908	0.70530	0.03407	0.01565	0.00659	0.00209	0.00314	0.09153	0.00480	0.00425
52	0.00692	0.00479	0.00571	0.00617	0.00638	0.00463	0.00379	0.00733	0.00860	0.01138	0.02277	0.33706	0.06577	0.46563	0.01747	0.00368	0.00407	0.01040	0.00384	0.00358
53	0.00695	0.00525	0.00642	0.00617	0.00753	0.00472	0.00466	0.00905	0.01366	0.01856	0.56088	0.04190	0.25552	0.01128	0.00608	0.00166	0.00252	0.02710	0.00538	0.00470
54	0.01270	0.01219	0.02083	0.03149	0.78767	0.01219	0.01575	0.01575	0.01168	0.01676	0.00965	0.01270	0.00813	0.00457	0.00508	0.00152	0.00610	0.00457	0.00254	0.00813
55	0.01317	0.01321	0.01991	0.02860	0.66435	0.08208	0.01491	0.01593	0.01166	0.01608	0.00929	0.01229	0.00789	0.00495	0.00588	0.00156	0.06352	0.00445	0.00253	0.00776
56	0.01051	0.00702	0.00991	0.00999	0.09306	0.00703	0.08819	0.04562	0.01152	0.01883	0.01517	0.01828	0.01211	0.00695	0.03227	0.00157	0.00405	0.01800	0.58436	0.00554
57	0.00757	0.00494	0.00558	0.00566	0.00586	0.00492	0.00335	0.00795	0.00807	0.01124	0.01771	0.08101	0.03568	0.64880	0.03910	0.00440	0.00472	0.00765	0.09237	0.00341
58	0.01236	0.01461	0.11943	0.07525	0.29259	0.03269	0.26643	0.04856	0.01214	0.01685	0.00981	0.01270	0.00767	0.00468	0.00548	0.00159	0.01825	0.00487	0.00263	0.04140
59	0.01065	0.00916	0.01075	0.00772	0.01219	0.00703	0.00619	0.01291	0.01058	0.01663	0.00907	0.01065	0.00758	0.00391	0.00408	0.00079	0.02094	0.00307	0.00302	0.83307

[dist]
# distance from previous block
# <min> <max>
1	2

[block]
# block no. 4 follows, 48 sequences, length 8
# corresponding to MSA columns:
# 176-183
name=unknown_E
#
# <colnr> <probs for GDERKNQSTAVLIFYWHMCP>
#	G	D	E	R	K	N	Q	S	T	A	V	L	I	F	Y	W	H	M	C	P
0	0.00700	0.00523	0.00650	0.00618	0.00751	0.00473	0.00464	0.00918	0.01391	0.01912	0.62608	0.04072	0.20820	0.01103	0.00605	0.00164	0.00246	0.00962	0.00546	0.00473
1	0.01452	0.01033	0.01223	0.01113	0.06599	0.01101	0.00814	0.38482	0.01744	0.07000	0.09454	0.10962	0.01705	0.07914	0.06787	0.00242	0.00552	0.00658	0.00468	0.00697
2	0.00745	0.00503	0.00590	0.00590	0.00600	0.00514	0.00349	0.00766	0.00755	0.01017	0.01589	0.03204	0.01799	0.73040	0.11448	0.00535	0.00598	0.00724	0.00307	0.00328
3	0.01891	0.01750	0.01514	0.01237	0.01575	0.27307	0.00989	0.48006	0.02003	0.02468	0.01055	0.01125	0.00791	0.00604	0.00565	0.00151	0.05374	0.00418	0.00415	0.00763
4	0.00623	0.00456	0.00586	0.00691	0.00738	0.00419	0.00466	0.00717	0.01005	0.01319	0.03119	0.72226	0.12612	0.01570	0.00649	0.00204	0.00293	0.01413	0.00476	0.00419
5	0.01366	0.68115	0.11508	0.00973	0.01438	0.06730	0.01003	0.01578	0.01073	0.01259	0.00742	0.00860	0.00658	0.00450	0.00356	0.00117	0.00596	0.00290	0.00222	0.00666
6	0.04706	0.01353	0.10595	0.23116	0.21038	0.05893	0.07479	0.06822	0.01232	0.07274	0.01024	0.01268	0.00772	0.00499	0.00499	0.00156	0.00651	0.00442	0.00294	0.04887
7	0.07202	0.01054	0.01290	0.01395	0.17355	0.01122	0.00911	0.16561	0.22058	0.07831	0.01944	0.09035	0.08524	0.00749	0.00523	0.00166	0.00458	0.00632	0.00450	0.00740

[dist]
# distance from previous block
# <min> <max>
0	10

[block]
# block no. 5 follows, 48 sequences, length 53
# corresponding to MSA columns:
# 194-246
name=unknown_F
#
# <colnr> <probs for GDERKNQSTAVLIFYWHMCP>
#	G	D	E	R	K	N	Q	S	T	A	V	L	I	F	Y	W	H	M	C	P
0	0.15690	0.00938	0.01167	0.05750	0.06001	0.00937	0.00801	0.11180	0.01440	0.37344	0.11944	0.01764	0.01525	0.00645	0.00494	0.00159	0.00445	0.00519	0.00511	0.00746
1	0.01738	0.06150	0.01634	0.01261	0.04826	0.01489	0.05075	0.58987	0.02095	0.02802	0.01311	0.07848	0.01060	0.00671	0.00519	0.00157	0.00560	0.00541	0.00468	0.00810
2	0.01268	0.01222	0.01985	0.07196	0.68403	0.02928	0.01509	0.01639	0.05725	0.01675	0.01025	0.01306	0.00847	0.00476	0.00508	0.00154	0.00608	0.00462	0.00269	0.00795
3	0.01105	0.01097	0.01539	0.01324	0.01328	0.01530	0.01101	0.01221	0.00788	0.01233	0.00705	0.01162	0.00701	0.01029	0.05146	0.00251	0.77504	0.00453	0.00227	0.00557
4	0.01019	0.04326	0.72904	0.01401	0.02114	0.01169	0.01789	0.01584	0.01104	0.01641	0.05528	0.01241	0.00899	0.00520	0.00491	0.00161	0.00723	0.00409	0.00237	0.00740
5	0.01166	0.00902	0.01052	0.00784	0.01200	0.00729	0.00626	0.03020	0.06187	0.08129	0.03127	0.01455	0.05175	0.00492	0.00421	0.00098	0.00380	0.00400	0.00365	0.64291
6	0.01358	0.79015	0.05827	0.00902	0.01354	0.01996	0.00920	0.01540	0.01044	0.01224	0.00722	0.00834	0.00658	0.00441	0.00336	0.00112	0.00557	0.00279	0.00219	0.00663
7	0.85592	0.00992	0.00754	0.00675	0.00992	0.01151	0.00556	0.01508	0.00873	0.02302	0.00714	0.00834	0.00556	0.00476	0.00318	0.00159	0.00397	0.00278	0.00318	0.00556
8	0.00969	0.00912	0.01539	0.80734	0.03534	0.01140	0.01425	0.01311	0.01026	0.01311	0.00912	0.01368	0.00684	0.00513	0.00513	0.00171	0.00684	0.00456	0.00228	0.00570
9	0.00713	0.00519	0.00671	0.00643	0.00761	0.00477	0.00479	0.00939	0.01407	0.01973	0.69676	0.08871	0.08750	0.01098	0.00608	0.00165	0.00247	0.00970	0.00554	0.00477
10	0.00606	0.00520	0.00520	0.00520	0.00693	0.00433	0.00390	0.00736	0.01170	0.01386	0.05198	0.04938	0.78558	0.01299	0.00606	0.00173	0.00260	0.01083	0.00476	0.00433
11	0.00622	0.00461	0.00581	0.00677	0.00734	0.00420	0.00460	0.00719	0.01018	0.01324	0.03283	0.66911	0.17821	0.01548	0.00646	0.00202	0.00290	0.01387	0.00476	0.00420
12	0.02066	0.00821	0.01112	0.00871	0.01228	0.00713	0.00712	0.02268	0.01460	0.67670	0.11865	0.02079	0.03319	0.00702	0.00529	0.00159	0.00408	0.00580	0.00623	0.00814
13	0.01029	0.02654	0.79309	0.01462	0.02221	0.01192	0.01896	0.01625	0.01083	0.01625	0.00921	0.01083	0.00650	0.00487	0.00487	0.00162	0.00758	0.00379	0.00217	0.00758
14	0.00746	0.00497	0.00560	0.00560	0.00560	0.00497	0.00311	0.00746	0.00746	0.00995	0.01617	0.03358	0.01865	0.81967	0.02612	0.00497	0.00497	0.00746	0.00311	0.00311
15	0.05669	0.09406	0.59032	0.01462	0.06573	0.01288	0.01668	0.01584	0.01056	0.01605	0.00879	0.01060	0.00657	0.00505	0.00537	0.00161	0.05531	0.00373	0.00225	0.00730
16	0.01616	0.01271	0.01352	0.01113	0.01464	0.01435	0.00894	0.40221	0.39791	0.02695	0.01656	0.01570	0.01216	0.00656	0.00518	0.00164	0.00486	0.00521	0.00518	0.00843
17	0.00732	0.00492	0.00577	0.00594	0.00607	0.00491	0.00354	0.00762	0.00804	0.01088	0.03318	0.14668	0.02111	0.63694	0.05598	0.00456	0.00496	0.00840	0.01978	0.00339
18	0.00936	0.00840	0.01299	0.52961	0.02635	0.02200	0.02348	0.01275	0.05179	0.01361	0.01321	0.12724	0.01211	0.04451	0.04129	0.00217	0.00629	0.00621	0.03119	0.00545
19	0.00631	0.00463	0.00579	0.00669	0.00721	0.00426	0.00449	0.00721	0.00997	0.01299	0.03152	0.62248	0.16464	0.07641	0.00795	0.00224	0.00306	0.01339	0.00464	0.00412
20	0.00639	0.00457	0.00611	0.00730	0.00766	0.00429	0.00501	0.00739	0.00996	0.01326	0.02820	0.76355	0.03363	0.01594	0.00659	0.00210	0.00310	0.06597	0.00476	0.00421
21	0.01846	0.02331	0.01408	0.01282	0.01538	0.75185	0.00961	0.01985	0.01454	0.01303	0.05413	0.01098	0.00909	0.00560	0.00471	0.00134	0.00885	0.00366	0.00282	0.00588
22	0.01276	0.01102	0.01160	0.01044	0.01334	0.01276	0.00812	0.02727	0.77840	0.02146	0.02088	0.01914	0.01566	0.00696	0.00522	0.00174	0.00406	0.00580	0.00522	0.00812
23	0.00733	0.00550	0.00825	0.00825	0.00916	0.00641	0.00641	0.00916	0.00825	0.01191	0.01374	0.02016	0.01283	0.03848	0.79934	0.00825	0.01374	0.00550	0.00275	0.00458
24	0.01558	0.00798	0.01017	0.00832	0.01110	0.00752	0.00666	0.12253	0.01593	0.34519	0.35640	0.02595	0.02790	0.00815	0.00555	0.00159	0.00369	0.00690	0.00587	0.00702
25	0.01064	0.00912	0.01064	0.00760	0.01216	0.00684	0.00608	0.01292	0.01064	0.01672	0.00912	0.01064	0.00760	0.00380	0.00380	0.00076	0.00380	0.00304	0.00304	0.85104
26	0.01917	0.02445	0.01454	0.01322	0.01586	0.79907	0.00991	0.02049	0.01454	0.01256	0.00793	0.00925	0.00661	0.00529	0.00463	0.00132	0.00925	0.00330	0.00264	0.00595
27	0.01917	0.02445	0.01454	0.01322	0.01586	0.79907	0.00991	0.02049	0.01454	0.01256	0.00793	0.00925	0.00661	0.00529	0.00463	0.00132	0.00925	0.00330	0.00264	0.00595
28	0.80570	0.01019	0.00801	0.00705	0.01028	0.01177	0.00581	0.06044	0.00966	0.02358	0.00746	0.00857	0.00575	0.00485	0.00329	0.00158	0.00407	0.00289	0.00329	0.00575
29	0.00891	0.00446	0.00668	0.00668	0.00668	0.00446	0.00446	0.00668	0.00668	0.00891	0.00891	0.01560	0.00891	0.01783	0.02005	0.85071	0.00446	0.00446	0.00223	0.00223
30	0.01270	0.01219	0.02083	0.03149	0.78767	0.01219	0.01575	0.01575	0.01168	0.01676	0.00965	0.01270	0.00813	0.00457	0.00508	0.00152	0.00610	0.00457	0.00254	0.00813
31	0.01104	0.20131	0.62491	0.01334	0.02022	0.01376	0.01672	0.01606	0.01074	0.01533	0.00875	0.01026	0.00652	0.00477	0.00453	0.00151	0.00712	0.00356	0.00217	0.00736
32	0.01070	0.12102	0.70217	0.01393	0.02114	0.01291	0.01775	0.01614	0.01078	0.01575	0.00896	0.01052	0.00651	0.00482	0.00469	0.00156	0.00733	0.00367	0.00217	0.00746
33	0.01140	0.09941	0.65381	0.01355	0.02047	0.01227	0.01697	0.01662	0.01112	0.06768	0.02499	0.01157	0.00775	0.00504	0.00477	0.00157	0.00707	0.00389	0.00252	0.00751
34	0.01819	0.02040	0.01444	0.01299	0.03349	0.52377	0.00977	0.16249	0.12274	0.01762	0.01060	0.01129	0.00830	0.00567	0.00482	0.00143	0.00778	0.00393	0.00347	0.00682
35	0.11525	0.01366	0.01437	0.01113	0.01512	0.01510	0.00919	0.65676	0.02202	0.05920	0.01202	0.01205	0.00851	0.00601	0.00491	0.00155	0.00541	0.00443	0.00495	0.00836
36	0.00746	0.00497	0.00560	0.00560	0.00560	0.00497	0.00311	0.00746	0.00746	0.00995	0.01617	0.03358	0.01865	0.81967	0.02612	0.00497	0.00497	0.00746	0.00311	0.00311
37	0.01209	0.01207	0.02424	0.01879	0.08064	0.01118	0.52176	0.01576	0.01229	0.06320	0.06985	0.01705	0.04397	0.00525	0.00576	0.00163	0.00713	0.00611	0.00317	0.06808
38	0.00969	0.00912	0.01539	0.80734	0.03534	0.01140	0.01425	0.01311	0.01026	0.01311	0.00912	0.01368	0.00684	0.00513	0.00513	0.00171	0.00684	0.00456	0.00228	0.00570
39	0.00969	0.00912	0.01539	0.80734	0.03534	0.01140	0.01425	0.01311	0.01026	0.01311	0.00912	0.01368	0.00684	0.00513	0.00513	0.00171	0.00684	0.00456	0.00228	0.00570
40	0.00969	0.00912	0.01539	0.80734	0.03534	0.01140	0.01425	0.01311	0.01026	0.01311	0.00912	0.01368	0.00684	0.00513	0.00513	0.00171	0.00684	0.00456	0.00228	0.00570
41	0.01388	0.01180	0.01981	0.02894	0.69912	0.01166	0.01481	0.01681	0.01203	0.10530	0.01086	0.01324	0.00865	0.00478	0.00509	0.00153	0.00590	0.00464	0.00298	0.00820
42	0.00891	0.00446	0.00668	0.00668	0.00668	0.00446	0.00446	0.00668	0.00668	0.00891	0.00891	0.01560	0.00891	0.01783	0.02005	0.85071	0.00446	0.00446	0.00223	0.00223
43	0.01372	0.82276	0.02689	0.00878	0.01317	0.02030	0.00878	0.01536	0.01043	0.01207	0.00713	0.00823	0.00658	0.00439	0.00329	0.00110	0.00549	0.00274	0.00219	0.00658
44	0.01329	0.01206	0.02071	0.02971	0.70715	0.01195	0.04892	0.01633	0.01188	0.06325	0.01032	0.01304	0.00839	0.00467	0.00513	0.00154	0.00611	0.00467	0.00277	0.00811
45	0.01082	0.00944	0.01580	0.67220	0.11905	0.01126	0.01402	0.01412	0.01068	0.05978	0.00984	0.01379	0.00733	0.00514	0.00513	0.00168	0.00661	0.00460	0.00255	0.00615
46	0.00734	0.00549	0.00704	0.00780	0.00903	0.00519	0.00641	0.00922	0.01167	0.01493	0.07542	0.15044	0.24375	0.01388	0.00668	0.00211	0.00378	0.41049	0.00479	0.00455
47	0.00715	0.00535	0.00758	0.05555	0.03090	0.00515	0.02274	0.00846	0.01042	0.02797	0.07815	0.59944	0.07644	0.03077	0.00673	0.00204	0.00343	0.01262	0.00456	0.00455
48	0.01066	0.07717	0.69764	0.01525	0.06713	0.01247	0.01811	0.01616	0.01086	0.01601	0.00910	0.01078	0.00660	0.00483	0.00478	0.00158	0.00736	0.00377	0.00219	0.00755
49	0.00741	0.00495	0.00561	0.00566	0.00567	0.00494	0.00318	0.00745	0.00756	0.01008	0.01668	0.06666	0.01930	0.78571	0.02529	0.00485	0.00489	0.00776	0.00318	0.00315
50	0.03551	0.00529	0.00670	0.00653	0.00769	0.00495	0.00483	0.00943	0.01357	0.01939	0.62872	0.15088	0.06501	0.01118	0.00603	0.00168	0.00256	0.00988	0.00541	0.00475
51	0.01138	0.00978	0.01273	0.01178	0.05925	0.07526	0.11336	0.12574	0.02644	0.04051	0.10724	0.28563	0.04013	0.00983	0.00580	0.00175	0.00488	0.01997	0.03261	0.00593
52	0.01344	0.01276	0.02451	0.09189	0.07435	0.02524	0.48451	0.05771	0.01270	0.09270	0.01125	0.01396	0.00830	0.00491	0.00605	0.00169	0.03324	0.00554	0.01821	0.00707

[dist]
# distance from previous block
# <min> <max>
0	1

[block]
# block no. 6 follows, 48 sequences, length 14
# corresponding to MSA columns:
# 248-261
name=unknown_G
#
# <colnr> <probs for GDERKNQSTAVLIFYWHMCP>
#	G	D	E	R	K	N	Q	S	T	A	V	L	I	F	Y	W	H	M	C	P
0	0.01461	0.01084	0.01203	0.00985	0.01271	0.01180	0.00791	0.44811	0.05032	0.02623	0.16889	0.07898	0.05254	0.00816	0.00577	0.00162	0.02952	0.00660	0.03634	0.00716
1	0.03665	0.64201	0.08656	0.01062	0.05451	0.04085	0.00994	0.04357	0.01110	0.01371	0.00765	0.00886	0.00671	0.00454	0.00362	0.00120	0.00576	0.00301	0.00236	0.00678
2	0.01270	0.01219	0.02083	0.03149	0.78767	0.01219	0.01575	0.01575	0.01168	0.01676	0.00965	0.01270	0.00813	0.00457	0.00508	0.00152	0.00610	0.00457	0.00254	0.00813
3	0.01064	0.00912	0.01064	0.00760	0.01216	0.00684	0.00608	0.01292	0.01064	0.01672	0.00912	0.01064	0.00760	0.00380	0.00380	0.00076	0.00380	0.00304	0.00304	0.85104
4	0.00631	0.00449	0.00594	0.00706	0.00735	0.00421	0.00468	0.00716	0.00970	0.01294	0.02765	0.77589	0.03315	0.05759	0.00756	0.00223	0.00308	0.01422	0.00468	0.00411
5	0.00612	0.00520	0.00528	0.00526	0.00697	0.00436	0.00395	0.00748	0.01184	0.01420	0.08902	0.04882	0.74833	0.01287	0.00606	0.00173	0.00259	0.01075	0.00481	0.00436
6	0.00891	0.00446	0.00668	0.00668	0.00668	0.00446	0.00446	0.00668	0.00668	0.00891	0.00891	0.01560	0.00891	0.01783	0.02005	0.85071	0.00446	0.00446	0.00223	0.00223
7	0.01007	0.00527	0.00532	0.00514	0.00648	0.00534	0.00390	0.05029	0.01144	0.01980	0.01652	0.01879	0.01293	0.00599	0.00366	0.00121	0.00256	0.00477	0.80556	0.00498
8	0.85592	0.00992	0.00754	0.00675	0.00992	0.01151	0.00556	0.01508	0.00873	0.02302	0.00714	0.00834	0.00556	0.00476	0.00318	0.00159	0.00397	0.00278	0.00318	0.00556
9	0.01372	0.82276	0.02689	0.00878	0.01317	0.02030	0.00878	0.01536	0.01043	0.01207	0.00713	0.00823	0.00658	0.00439	0.00329	0.00110	0.00549	0.00274	0.00219	0.00658
10	0.00625	0.00447	0.00595	0.00714	0.00744	0.00417	0.00476	0.00714	0.00982	0.01310	0.02828	0.81633	0.03394	0.01608	0.00655	0.00208	0.00298	0.01459	0.00476	0.00417
11	0.01917	0.02445	0.01454	0.01322	0.01586	0.79907	0.00991	0.02049	0.01454	0.01256	0.00793	0.00925	0.00661	0.00529	0.00463	0.00132	0.00925	0.00330	0.00264	0.00595
12	0.00726	0.00524	0.00686	0.00646	0.00767	0.00484	0.00484	0.00968	0.01452	0.02058	0.78496	0.03833	0.04841	0.01049	0.00605	0.00161	0.00242	0.00928	0.00565	0.00484
13	0.01900	0.01410	0.01540	0.05290	0.01692	0.01568	0.00998	0.73143	0.02341	0.03134	0.01215	0.01239	0.00863	0.00611	0.00513	0.00155	0.00571	0.00462	0.00499	0.00857

[dist]
# distance from previous block
# <min> <max>
0	41

[block]
# block no. 7 follows, 48 sequences, length 60
# corresponding to MSA columns:
# 303-362
name=unknown_H
#
# <colnr> <probs for GDERKNQSTAVLIFYWHMCP>
#	G	D	E	R	K	N	Q	S	T	A	V	L	I	F	Y	W	H	M	C	P
0	0.01170	0.01201	0.01565	0.01346	0.01361	0.06208	0.01115	0.01283	0.00825	0.01236	0.00681	0.01111	0.00673	0.00876	0.01612	0.00219	0.76287	0.00442	0.00227	0.00563
1	0.01081	0.04134	0.59254	0.01618	0.02311	0.01236	0.19903	0.01627	0.01113	0.01620	0.00944	0.01150	0.00681	0.00473	0.00512	0.00164	0.00779	0.00431	0.00227	0.00740
2	0.01125	0.28924	0.49255	0.01220	0.01835	0.01428	0.01475	0.01557	0.01092	0.01512	0.05443	0.01160	0.00901	0.00505	0.00442	0.00145	0.00658	0.00377	0.00238	0.00709
3	0.00630	0.00536	0.00546	0.00544	0.00718	0.00459	0.00411	0.00798	0.03098	0.01423	0.06638	0.04856	0.73501	0.01281	0.00606	0.00174	0.00268	0.02589	0.00479	0.00445
4	0.01372	0.82276	0.02689	0.00878	0.01317	0.02030	0.00878	0.01536	0.01043	0.01207	0.00713	0.00823	0.00658	0.00439	0.00329	0.00110	0.00549	0.00274	0.00219	0.00658
5	0.00726	0.00524	0.00686	0.00646	0.00767	0.00484	0.00484	0.00968	0.01452	0.02058	0.78496	0.03833	0.04841	0.01049	0.00605	0.00161	0.00242	0.00928	0.00565	0.00484
6	0.01894	0.01409	0.01508	0.01169	0.01570	0.01565	0.00962	0.70875	0.08685	0.03143	0.01303	0.01289	0.00930	0.00623	0.00514	0.00156	0.00551	0.00472	0.00514	0.00868
7	0.01123	0.01123	0.01572	0.01347	0.01347	0.01572	0.01123	0.01235	0.00786	0.01235	0.00674	0.01123	0.00674	0.00898	0.01684	0.00225	0.81028	0.00449	0.00225	0.00561
8	0.01064	0.00912	0.01064	0.00760	0.01216	0.00684	0.00608	0.01292	0.01064	0.01672	0.00912	0.01064	0.00760	0.00380	0.00380	0.00076	0.00380	0.00304	0.00304	0.85104
9	0.01182	0.38065	0.45233	0.01203	0.01819	0.01565	0.01443	0.01586	0.01065	0.01439	0.00829	0.00968	0.00654	0.00466	0.00417	0.00139	0.00665	0.00333	0.00218	0.00714
10	0.00746	0.00499	0.00567	0.00567	0.00569	0.00501	0.00320	0.00751	0.00748	0.01000	0.01610	0.03322	0.01850	0.79908	0.04650	0.00506	0.00521	0.00741	0.00310	0.00315
11	0.00743	0.00496	0.00561	0.00564	0.00565	0.00495	0.00316	0.00745	0.00753	0.01004	0.01652	0.05648	0.01910	0.79616	0.02554	0.00489	0.00492	0.00767	0.00316	0.00314
12	0.01904	0.01264	0.01444	0.07124	0.01659	0.01365	0.00950	0.54983	0.02093	0.17401	0.01474	0.01448	0.03207	0.00632	0.00517	0.00157	0.00540	0.00490	0.00514	0.00837
13	0.01891	0.03228	0.01371	0.01099	0.01451	0.17366	0.00880	0.23506	0.17508	0.24040	0.01532	0.01447	0.01080	0.00616	0.00501	0.00154	0.00569	0.00470	0.00492	0.00798
14	0.02302	0.00873	0.01191	0.00913	0.01310	0.00754	0.00754	0.02501	0.01469	0.79122	0.02024	0.01746	0.01270	0.00635	0.00516	0.00159	0.00437	0.00516	0.00635	0.00873
15	0.01265	0.01208	0.02030	0.04518	0.73782	0.01220	0.01537	0.01623	0.04694	0.01691	0.01016	0.01301	0.00845	0.00469	0.00509	0.00154	0.00602	0.00463	0.00266	0.00808
16	0.00767	0.00656	0.01110	0.01024	0.01158	0.00627	0.15468	0.00940	0.01054	0.01417	0.05194	0.56223	0.02850	0.01330	0.00668	0.00202	0.02020	0.06381	0.00432	0.00480
17	0.01800	0.02245	0.01564	0.01446	0.05886	0.67275	0.05499	0.01964	0.01406	0.01321	0.00823	0.00978	0.00681	0.00512	0.00470	0.00133	0.00879	0.00353	0.00265	0.04501
18	0.77557	0.05500	0.00891	0.02215	0.01071	0.02887	0.00599	0.01518	0.00898	0.02201	0.00720	0.00845	0.00566	0.00476	0.00325	0.00156	0.00422	0.00282	0.00309	0.00562
19	0.00733	0.00550	0.00825	0.00825	0.00916	0.00641	0.00641	0.00916	0.00825	0.01191	0.01374	0.02016	0.01283	0.03848	0.79934	0.00825	0.01374	0.00550	0.00275	0.00458
20	0.00869	0.00709	0.00791	0.00738	0.00928	0.00725	0.00563	0.01468	0.25974	0.01895	0.32991	0.03530	0.24803	0.01007	0.00579	0.00169	0.00300	0.00860	0.00526	0.00575
