[name]
unknown

[dist]
# distance from previous block
# <min> <max>
13	76

[block]
# block no. 0 follows, 47 sequences, length 20
# corresponding to MSA columns:
# 79-98
name=unknown_A
#
# <colnr> <probs for GDERKNQSTAVLIFYWHMCP>
#	G	D	E	R	K	N	Q	S	T	A	V	L	I	F	Y	W	H	M	C	P
0	0.01204	0.00792	0.02450	0.00861	0.01085	0.00754	0.00708	0.11040	0.05322	0.14388	0.31526	0.03487	0.05256	0.02856	0.00650	0.00187	0.00392	0.15881	0.00541	0.00619
1	0.05169	0.03815	0.03853	0.17788	0.07231	0.02776	0.30803	0.01503	0.01085	0.01538	0.00918	0.01273	0.00733	0.00545	0.00748	0.00175	0.15109	0.00496	0.00253	0.04189
2	0.00782	0.00578	0.00773	0.00760	0.00819	0.00652	0.00545	0.00932	0.03174	0.01163	0.01485	0.02538	0.01517	0.34073	0.43975	0.00662	0.04218	0.00633	0.00299	0.00422
3	0.00715	0.00510	0.00609	0.00631	0.00698	0.00485	0.00427	0.00797	0.00994	0.01302	0.11253	0.16005	0.19105	0.31756	0.04428	0.03889	0.00421	0.05172	0.00412	0.00390
4	0.10674	0.00808	0.05167	0.00752	0.00993	0.00702	0.00622	0.05448	0.01329	0.14038	0.27434	0.06435	0.17280	0.05243	0.00666	0.00185	0.00362	0.00787	0.00498	0.00577
5	0.01294	0.01064	0.01149	0.01007	0.01316	0.01176	0.00786	0.02531	0.63103	0.05425	0.05187	0.01928	0.01631	0.00686	0.00518	0.00165	0.00404	0.00572	0.00514	0.09543
6	0.01307	0.17638	0.10350	0.07158	0.14345	0.02912	0.27783	0.04097	0.01200	0.04092	0.00976	0.01229	0.00765	0.00486	0.00553	0.00158	0.03494	0.00471	0.00267	0.00719
7	0.00983	0.00926	0.01562	0.80447	0.03587	0.01157	0.01446	0.01331	0.01041	0.01331	0.00926	0.01388	0.00694	0.00521	0.00521	0.00174	0.00694	0.00463	0.00231	0.00579
8	0.01080	0.00926	0.01080	0.00771	0.01234	0.00694	0.00617	0.01311	0.01080	0.01697	0.00926	0.01080	0.00771	0.00386	0.00386	0.00077	0.00386	0.00309	0.00309	0.84882
9	0.00905	0.00452	0.00678	0.00678	0.00678	0.00452	0.00452	0.00678	0.00678	0.00905	0.00905	0.01583	0.00905	0.01809	0.02035	0.84848	0.00452	0.00452	0.00226	0.00226
10	0.00643	0.00460	0.00614	0.00735	0.00769	0.00431	0.00499	0.00741	0.01006	0.01339	0.02865	0.78077	0.03425	0.01623	0.00667	0.00213	0.00310	0.04674	0.00483	0.00425
11	0.01464	0.49802	0.02275	0.01280	0.11262	0.14859	0.01000	0.04134	0.03437	0.01404	0.00916	0.01174	0.00823	0.00519	0.00409	0.00130	0.00622	0.03543	0.00265	0.00681
12	0.00634	0.00453	0.00604	0.00725	0.00755	0.00423	0.00483	0.00725	0.00997	0.01329	0.02870	0.81358	0.03444	0.01632	0.00665	0.00211	0.00302	0.01480	0.00483	0.00423
13	0.00744	0.00558	0.00837	0.00837	0.00930	0.00651	0.00651	0.00930	0.00837	0.01209	0.01395	0.02046	0.01302	0.03906	0.79635	0.00837	0.01395	0.00558	0.00279	0.00465
14	0.85377	0.01007	0.00765	0.00685	0.01007	0.01168	0.00564	0.01531	0.00886	0.02336	0.00725	0.00846	0.00564	0.00483	0.00322	0.00161	0.00403	0.00282	0.00322	0.00564
15	0.00815	0.00714	0.00812	0.00890	0.08232	0.04524	0.00592	0.01051	0.03786	0.01715	0.32499	0.03922	0.36348	0.01081	0.00595	0.00167	0.00329	0.00923	0.00487	0.00517
16	0.01284	0.01409	0.01471	0.38684	0.02452	0.26000	0.01196	0.01521	0.01131	0.01292	0.00903	0.01279	0.00743	0.00889	0.08060	0.00230	0.10205	0.00431	0.00247	0.00575
17	0.00715	0.00531	0.00666	0.00632	0.00765	0.00482	0.00474	0.00940	0.01422	0.01965	0.65033	0.04092	0.18132	0.01110	0.00614	0.00166	0.00249	0.00970	0.00557	0.00482
18	0.01126	0.01096	0.01843	0.52901	0.08855	0.03098	0.14159	0.05307	0.01168	0.01526	0.00965	0.01356	0.00732	0.00504	0.00531	0.00168	0.00710	0.00481	0.00257	0.03217
19	0.01126	0.00953	0.01105	0.00793	0.01254	0.00742	0.00636	0.05194	0.01150	0.01779	0.00942	0.01089	0.00777	0.00398	0.00393	0.00081	0.00395	0.00317	0.00319	0.80557

[dist]
# distance from previous block
# <min> <max>
9	13

[block]
# block no. 1 follows, 47 sequences, length 7
# corresponding to MSA columns:
# 112-118
name=unknown_B
#
# <colnr> <probs for GDERKNQSTAVLIFYWHMCP>
#	G	D	E	R	K	N	Q	S	T	A	V	L	I	F	Y	W	H	M	C	P
0	0.01340	0.70051	0.14230	0.00981	0.01475	0.01932	0.01047	0.01573	0.01064	0.01289	0.00756	0.00875	0.00667	0.00453	0.00358	0.00119	0.00589	0.00294	0.00222	0.00684
1	0.01264	0.01010	0.01200	0.00925	0.01321	0.00918	0.03194	0.14424	0.09873	0.04524	0.01334	0.08567	0.01144	0.00587	0.00463	0.00120	0.00431	0.00492	0.00395	0.47815
2	0.02240	0.01041	0.01304	0.01000	0.01407	0.00995	0.00826	0.22600	0.01750	0.58382	0.01837	0.01631	0.01180	0.00639	0.00523	0.00160	0.00478	0.00509	0.00611	0.00886
3	0.00677	0.00498	0.00650	0.00730	0.00801	0.00449	0.00496	0.00781	0.01005	0.01365	0.02684	0.73676	0.03189	0.01512	0.00638	0.00199	0.00310	0.01368	0.00467	0.08506
4	0.00621	0.00508	0.00548	0.00580	0.00717	0.00435	0.00419	0.00741	0.01137	0.01386	0.04638	0.25256	0.58406	0.01402	0.00629	0.00185	0.00274	0.01200	0.00484	0.00435
5	0.01213	0.01261	0.01584	0.01365	0.01389	0.08683	0.01127	0.01328	0.00859	0.01255	0.00695	0.01121	0.00682	0.00877	0.01596	0.00219	0.73495	0.00445	0.00232	0.00573
6	0.01015	0.00918	0.01546	0.56009	0.02917	0.01098	0.08438	0.01340	0.01052	0.01450	0.01039	0.01458	0.00799	0.00550	0.00580	0.00169	0.05610	0.00480	0.12955	0.00576

[dist]
# distance from previous block
# <min> <max>
0	1

[block]
# block no. 2 follows, 47 sequences, length 56
# corresponding to MSA columns:
# 120-175
name=unknown_C
#
# <colnr> <probs for GDERKNQSTAVLIFYWHMCP>
#	G	D	E	R	K	N	Q	S	T	A	V	L	I	F	Y	W	H	M	C	P
0	0.00643	0.00459	0.00614	0.00735	0.00769	0.00430	0.00498	0.00740	0.01006	0.01339	0.02866	0.78180	0.03425	0.01623	0.00667	0.00213	0.00310	0.04574	0.00483	0.00425
1	0.01133	0.00957	0.01108	0.00797	0.01257	0.00749	0.00639	0.05764	0.01161	0.01791	0.00945	0.01090	0.00778	0.00400	0.00394	0.00082	0.00397	0.00318	0.00321	0.79921
2	0.01363	0.75290	0.09192	0.00941	0.01414	0.01988	0.00979	0.01567	0.01062	0.01261	0.00742	0.00858	0.00668	0.00450	0.00348	0.00116	0.00575	0.00287	0.00223	0.00677
3	0.01065	0.07378	0.74496	0.01449	0.02200	0.01260	0.01863	0.01644	0.01097	0.01624	0.00922	0.01084	0.00660	0.00492	0.00485	0.00162	0.00757	0.00379	0.00220	0.00764
4	0.00633	0.00458	0.00600	0.00713	0.00752	0.00424	0.00478	0.00726	0.01008	0.01334	0.03012	0.76850	0.07861	0.01613	0.00662	0.00209	0.00300	0.01458	0.00483	0.00424
5	0.00640	0.00457	0.00610	0.00731	0.00764	0.00428	0.00493	0.00734	0.01002	0.01335	0.02867	0.79371	0.03433	0.01626	0.00666	0.00212	0.00307	0.03415	0.00483	0.00424
6	0.00868	0.00659	0.00846	0.00779	0.00835	0.00708	0.03677	0.05109	0.00918	0.01243	0.01733	0.12469	0.03844	0.52009	0.03277	0.00403	0.09074	0.00797	0.00340	0.00410
7	0.01045	0.02694	0.79000	0.01484	0.02254	0.01209	0.01924	0.01649	0.01099	0.01649	0.00935	0.01099	0.00660	0.00495	0.00495	0.00165	0.00770	0.00385	0.00220	0.00770
8	0.00678	0.00530	0.00614	0.00593	0.00742	0.00466	0.00445	0.00868	0.01335	0.01757	0.42755	0.04435	0.40540	0.01188	0.00615	0.00170	0.00254	0.01018	0.00530	0.00466
9	0.00752	0.00503	0.00570	0.00575	0.00576	0.00501	0.00323	0.00756	0.00768	0.01024	0.01696	0.06904	0.01963	0.78107	0.02562	0.00492	0.00496	0.00790	0.00323	0.00320
10	0.03976	0.00974	0.01174	0.00976	0.01302	0.00982	0.00795	0.18204	0.11915	0.34365	0.05702	0.06507	0.01691	0.00799	0.00551	0.00173	0.00452	0.08113	0.00565	0.00784
11	0.01010	0.00953	0.01610	0.73729	0.10097	0.01164	0.01459	0.01354	0.01054	0.01363	0.00930	0.01380	0.00706	0.00516	0.00520	0.00172	0.00688	0.00463	0.00234	0.00600
12	0.00839	0.00613	0.00827	0.00930	0.01051	0.00619	0.00788	0.01137	0.06003	0.01567	0.02774	0.14714	0.04264	0.01413	0.00699	0.00231	0.00450	0.60102	0.00483	0.00494
13	0.01611	0.02627	0.01337	0.01103	0.01435	0.08794	0.00887	0.31366	0.27247	0.05139	0.01642	0.03060	0.01296	0.00704	0.00525	0.00164	0.00528	0.05409	0.01962	0.03165
14	0.01143	0.00963	0.01114	0.00801	0.01261	0.00759	0.00643	0.06615	0.01176	0.01808	0.00948	0.01092	0.00779	0.00403	0.00395	0.00083	0.00399	0.00320	0.00323	0.78974
15	0.00744	0.00556	0.00827	0.00827	0.00917	0.00646	0.00639	0.00924	0.00834	0.01202	0.01404	0.02095	0.01323	0.06719	0.76850	0.00825	0.01363	0.00565	0.00280	0.00460
16	0.01425	0.25017	0.02995	0.01033	0.01377	0.06767	0.00877	0.12290	0.33006	0.01898	0.01411	0.01429	0.01108	0.00740	0.02763	0.03733	0.00548	0.00454	0.00396	0.00736
17	0.00647	0.00462	0.00619	0.00740	0.00776	0.00434	0.00506	0.00747	0.01010	0.01344	0.02863	0.76626	0.03416	0.01619	0.00668	0.00213	0.00313	0.06086	0.00483	0.00427
18	0.85377	0.01007	0.00765	0.00685	0.01007	0.01168	0.00564	0.01531	0.00886	0.02336	0.00725	0.00846	0.00564	0.00483	0.00322	0.00161	0.00403	0.00282	0.00322	0.00564
19	0.01039	0.00982	0.01662	0.66501	0.17101	0.01172	0.01474	0.01379	0.01067	0.01397	0.00935	0.01370	0.00718	0.00510	0.00520	0.00170	0.00681	0.00463	0.00236	0.00623
20	0.04432	0.00889	0.01197	0.00920	0.01321	0.00776	0.00760	0.02513	0.01475	0.76881	0.02021	0.01749	0.01271	0.00640	0.00519	0.00161	0.00442	0.00518	0.00636	0.00878
21	0.02207	0.01025	0.01289	0.00997	0.01396	0.00978	0.00825	0.21419	0.01727	0.57574	0.01867	0.01744	0.01230	0.00660	0.00528	0.00162	0.00477	0.02410	0.00609	0.00876
22	0.00979	0.00502	0.00503	0.00500	0.00626	0.00506	0.00376	0.01254	0.03081	0.01948	0.01710	0.01942	0.01341	0.00609	0.00368	0.00123	0.00247	0.00488	0.82402	0.00494
23	0.00737	0.00532	0.00696	0.00655	0.00778	0.00491	0.00491	0.00983	0.01474	0.02088	0.78175	0.03890	0.04914	0.01065	0.00614	0.00164	0.00246	0.00942	0.00573	0.00491
24	0.00971	0.00485	0.00485	0.00485	0.00607	0.00485	0.00364	0.01213	0.01092	0.01942	0.01699	0.01942	0.01335	0.00607	0.00364	0.00121	0.00243	0.00485	0.84589	0.00485
25	0.00983	0.00926	0.01562	0.80447	0.03587	0.01157	0.01446	0.01331	0.01041	0.01331	0.00926	0.01388	0.00694	0.00521	0.00521	0.00174	0.00694	0.00463	0.00231	0.00579
26	0.01289	0.01237	0.02114	0.03196	0.78450	0.01237	0.01598	0.01598	0.01186	0.01701	0.00980	0.01289	0.00825	0.00464	0.00516	0.00155	0.00619	0.00464	0.00258	0.00825
27	0.00905	0.00452	0.00678	0.00678	0.00678	0.00452	0.00452	0.00678	0.00678	0.00905	0.00905	0.01583	0.00905	0.01809	0.02035	0.84848	0.00452	0.00452	0.00226	0.00226
28	0.01055	0.00999	0.01691	0.62328	0.21145	0.01176	0.01482	0.01393	0.01075	0.01418	0.00938	0.01365	0.00725	0.00507	0.00519	0.00169	0.00676	0.00463	0.00238	0.00636
29	0.00774	0.00606	0.00853	0.00850	0.00947	0.02628	0.00660	0.00959	0.00853	0.01211	0.01380	0.02018	0.01286	0.03821	0.77652	0.00819	0.01383	0.00552	0.00279	0.00468
30	0.01451	0.01102	0.01195	0.01048	0.01360	0.01240	0.00823	0.05414	0.65233	0.11856	0.02080	0.01896	0.01526	0.00696	0.00529	0.00174	0.00422	0.00576	0.00544	0.00834
31	0.00839	0.00596	0.00669	0.00635	0.00821	0.00536	0.00481	0.01088	0.06471	0.08467	0.18339	0.08862	0.47903	0.01188	0.00604	0.00174	0.00289	0.01006	0.00518	0.00514
32	0.00989	0.00933	0.01563	0.77587	0.03506	0.01173	0.01435	0.01328	0.01032	0.01328	0.00917	0.01379	0.00694	0.00535	0.00564	0.00176	0.03589	0.00463	0.00231	0.00578
33	0.01899	0.02403	0.01449	0.01326	0.01588	0.76283	0.00999	0.02037	0.01464	0.01286	0.00887	0.01147	0.00769	0.00575	0.00480	0.00139	0.00920	0.03474	0.00277	0.00598
34	0.01080	0.00926	0.01080	0.00771	0.01234	0.00694	0.00617	0.01311	0.01080	0.01697	0.00926	0.01080	0.00771	0.00386	0.00386	0.00077	0.00386	0.00309	0.00309	0.84882
35	0.01020	0.00756	0.00864	0.00780	0.00973	0.02653	0.00601	0.07815	0.11584	0.06165	0.45476	0.04701	0.11324	0.00986	0.00589	0.00167	0.00330	0.02081	0.00547	0.00586
36	0.00717	0.00490	0.00587	0.00626	0.00638	0.00482	0.00378	0.00751	0.00837	0.01118	0.02032	0.28589	0.02380	0.53799	0.03986	0.00418	0.00462	0.00986	0.00369	0.00354
37	0.00905	0.00452	0.00678	0.00678	0.00678	0.00452	0.00452	0.00678	0.00678	0.00905	0.00905	0.01583	0.00905	0.01809	0.02035	0.84848	0.00452	0.00452	0.00226	0.00226
38	0.00983	0.00926	0.01562	0.80447	0.03587	0.01157	0.01446	0.01331	0.01041	0.01331	0.00926	0.01388	0.00694	0.00521	0.00521	0.00174	0.00694	0.00463	0.00231	0.00579
39	0.04718	0.01755	0.01312	0.04016	0.01509	0.42090	0.00901	0.11242	0.03900	0.08469	0.01310	0.06028	0.03490	0.00788	0.03827	0.00177	0.00750	0.00481	0.00363	0.02874
40	0.02292	0.00875	0.01193	0.00921	0.01314	0.00756	0.00758	0.02490	0.01477	0.76763	0.02076	0.03875	0.01346	0.00671	0.00527	0.00162	0.00439	0.00549	0.00640	0.00874
41	0.00971	0.00485	0.00485	0.00485	0.00607	0.00485	0.00364	0.01213	0.01092	0.01942	0.01699	0.01942	0.01335	0.00607	0.00364	0.00121	0.00243	0.00485	0.84589	0.00485
42	0.00634	0.00453	0.00604	0.00725	0.00755	0.00423	0.00483	0.00725	0.00997	0.01329	0.02870	0.81358	0.03444	0.01632	0.00665	0.00211	0.00302	0.01480	0.00483	0.00423
43	0.01276	0.01224	0.02091	0.06449	0.75298	0.01234	0.01592	0.01587	0.01180	0.01686	0.00977	0.01293	0.00819	0.00466	0.00516	0.00155	0.00622	0.00464	0.00257	0.00815
44	0.04814	0.00976	0.01164	0.00962	0.01313	0.00986	0.00773	0.02551	0.32179	0.43231	0.02113	0.01888	0.03281	0.00681	0.00521	0.00168	0.00425	0.00556	0.00583	0.00839
45	0.00905	0.00452	0.00678	0.00678	0.00678	0.00452	0.00452	0.00678	0.00678	0.00905	0.00905	0.01583	0.00905	0.01809	0.02035	0.84848	0.00452	0.00452	0.00226	0.00226
46	0.01229	0.01405	0.03073	0.02195	0.02722	0.01317	0.76558	0.01668	0.01229	0.01668	0.01054	0.01405	0.00790	0.00439	0.00615	0.00176	0.00878	0.00615	0.00263	0.00702
47	0.00857	0.00627	0.00855	0.12806	0.01284	0.00647	0.00692	0.01144	0.07397	0.05416	0.15978	0.36891	0.06090	0.01212	0.00617	0.00192	0.00377	0.05924	0.00473	0.00519
48	0.01865	0.01372	0.01423	0.01137	0.01482	0.08761	0.00922	0.45948	0.05151	0.13681	0.01350	0.01413	0.00988	0.03012	0.02677	0.00187	0.05330	0.00479	0.02019	0.00804
49	0.85377	0.01007	0.00765	0.00685	0.01007	0.01168	0.00564	0.01531	0.00886	0.02336	0.00725	0.00846	0.00564	0.00483	0.00322	0.00161	0.00403	0.00282	0.00322	0.00564
50	0.00979	0.00694	0.02831	0.04111	0.01068	0.00617	0.00642	0.01266	0.04748	0.10744	0.39765	0.10145	0.07598	0.01009	0.00590	0.00169	0.00340	0.06190	0.00520	0.05973
51	0.00885	0.01177	0.22621	0.00957	0.01284	0.00726	0.04093	0.01212	0.01288	0.04806	0.36656	0.10481	0.09836	0.00940	0.00582	0.00170	0.00433	0.00822	0.00448	0.00582
52	0.06274	0.04391	0.52319	0.01289	0.01920	0.01164	0.01523	0.01887	0.07816	0.14737	0.01208	0.01264	0.00842	0.00536	0.00488	0.00164	0.00656	0.00417	0.00325	0.00779
53	0.01945	0.02482	0.01476	0.01342	0.01610	0.79608	0.01006	0.02079	0.01476	0.01275	0.00805	0.00939	0.00671	0.00537	0.00470	0.00134	0.00939	0.00335	0.00268	0.00604
54	0.00782	0.00676	0.04172	0.07584	0.01194	0.00710	0.00757	0.00996	0.00869	0.01248	0.01349	0.01984	0.01240	0.05446	0.65863	0.00728	0.01261	0.00546	0.02112	0.00484
55	0.01198	0.01145	0.01901	0.19587	0.53265	0.02571	0.03000	0.01509	0.01162	0.01602	0.01108	0.01673	0.00967	0.00555	0.00534	0.00166	0.00635	0.06415	0.00270	0.00738

[dist]
# distance from previous block
# <min> <max>
0	1

[block]
# block no. 3 follows, 47 sequences, length 79
# corresponding to MSA columns:
# 177-223,225-256
name=unknown_D
#
# <colnr> <probs for GDERKNQSTAVLIFYWHMCP>
#	G	D	E	R	K	N	Q	S	T	A	V	L	I	F	Y	W	H	M	C	P
0	0.00728	0.00493	0.00649	0.00707	0.00780	0.00459	0.00498	0.00877	0.01159	0.03659	0.24793	0.51603	0.03724	0.01396	0.00636	0.00194	0.00292	0.03222	0.03670	0.00459
1	0.01260	0.01302	0.02659	0.09280	0.02576	0.01287	0.57577	0.04175	0.01222	0.04542	0.01059	0.01400	0.00800	0.00525	0.00703	0.02337	0.05755	0.00578	0.00280	0.00684
2	0.01635	0.01258	0.04300	0.01154	0.03118	0.01293	0.03477	0.50153	0.01958	0.05413	0.01500	0.11628	0.01294	0.06298	0.00683	0.00187	0.00539	0.00621	0.02725	0.00765
3	0.01130	0.01053	0.01550	0.05072	0.42778	0.05744	0.01194	0.02851	0.01201	0.01625	0.05533	0.17930	0.01749	0.00828	0.00567	0.00174	0.00544	0.07458	0.00345	0.00674
4	0.00744	0.00556	0.00829	0.00829	0.00919	0.00647	0.00641	0.00925	0.00835	0.01203	0.01402	0.02087	0.01320	0.06255	0.77310	0.00827	0.01368	0.00564	0.00280	0.00460
5	0.10045	0.48402	0.20103	0.01019	0.01502	0.01680	0.01092	0.01568	0.01044	0.03115	0.00824	0.00969	0.00692	0.00599	0.03198	0.00159	0.02745	0.00323	0.00244	0.00676
6	0.55619	0.01141	0.01026	0.00857	0.01203	0.01300	0.00705	0.25224	0.02827	0.02606	0.00932	0.01021	0.00701	0.00609	0.02166	0.00175	0.00479	0.00353	0.00388	0.00668
7	0.01980	0.01459	0.01563	0.01198	0.01615	0.01615	0.00990	0.76713	0.02448	0.03282	0.01250	0.01250	0.00886	0.00625	0.00521	0.00156	0.00573	0.00469	0.00521	0.00886
8	0.00905	0.00452	0.00678	0.00678	0.00678	0.00452	0.00452	0.00678	0.00678	0.00905	0.00905	0.01583	0.00905	0.01809	0.02035	0.84848	0.00452	0.00452	0.00226	0.00226
9	0.00992	0.00934	0.01577	0.78397	0.05573	0.01159	0.01450	0.01338	0.01045	0.01340	0.00927	0.01386	0.00698	0.00519	0.00521	0.00173	0.00692	0.00463	0.00232	0.00585
10	0.01298	0.01194	0.02026	0.10697	0.68204	0.01212	0.01552	0.01607	0.01183	0.04559	0.01015	0.01317	0.00829	0.00476	0.00516	0.00157	0.00619	0.00466	0.00270	0.00803
11	0.00839	0.00599	0.00839	0.00959	0.01079	0.00599	0.00839	0.01079	0.01199	0.01558	0.02757	0.05874	0.02997	0.01439	0.00719	0.00240	0.00480	0.74945	0.00480	0.00480
12	0.00905	0.00452	0.00678	0.00678	0.00678	0.00452	0.00452	0.00678	0.00678	0.00905	0.00905	0.01583	0.00905	0.01809	0.02035	0.84848	0.00452	0.00452	0.00226	0.00226
13	0.00708	0.00537	0.00709	0.00780	0.00833	0.00545	0.00558	0.00858	0.02839	0.01434	0.10077	0.59391	0.05578	0.01482	0.00733	0.00208	0.06068	0.05735	0.00475	0.00453
14	0.00930	0.05558	0.01285	0.01056	0.01232	0.00827	0.13849	0.08008	0.01163	0.01553	0.02164	0.50966	0.02437	0.01239	0.00685	0.01802	0.03186	0.01110	0.00420	0.00530
15	0.00983	0.00926	0.01562	0.80447	0.03587	0.01157	0.01446	0.01331	0.01041	0.01331	0.00926	0.01388	0.00694	0.00521	0.00521	0.00174	0.00694	0.00463	0.00231	0.00579
16	0.01157	0.00971	0.01121	0.00808	0.01267	0.00773	0.00649	0.07759	0.01197	0.01832	0.00953	0.01094	0.00781	0.00406	0.00397	0.00084	0.00402	0.00322	0.00327	0.77699
17	0.00983	0.00926	0.01562	0.80447	0.03587	0.01157	0.01446	0.01331	0.01041	0.01331	0.00926	0.01388	0.00694	0.00521	0.00521	0.00174	0.00694	0.00463	0.00231	0.00579
18	0.00711	0.00524	0.00625	0.00625	0.00758	0.00465	0.00459	0.00880	0.01269	0.03672	0.32720	0.19147	0.33726	0.01264	0.00622	0.00178	0.00269	0.01097	0.00522	0.00468
19	0.00998	0.00954	0.01653	0.75747	0.03535	0.01167	0.05958	0.01351	0.01053	0.01351	0.00933	0.01389	0.00700	0.00516	0.00526	0.00174	0.00705	0.00472	0.00233	0.00586
20	0.01217	0.01055	0.01048	0.00953	0.01193	0.06753	0.00728	0.05612	0.44552	0.03140	0.02291	0.02480	0.10588	0.10564	0.03320	0.00234	0.00485	0.02628	0.00472	0.00685
21	0.01392	0.82012	0.02729	0.00891	0.01337	0.02061	0.00891	0.01559	0.01058	0.01225	0.00724	0.00835	0.00668	0.00446	0.00334	0.00111	0.00557	0.00278	0.00223	0.00668
22	0.85377	0.01007	0.00765	0.00685	0.01007	0.01168	0.00564	0.01531	0.00886	0.02336	0.00725	0.00846	0.00564	0.00483	0.00322	0.00161	0.00403	0.00282	0.00322	0.00564
23	0.00630	0.00472	0.00584	0.00674	0.00742	0.00427	0.00461	0.00731	0.01046	0.01349	0.03490	0.61682	0.22720	0.01551	0.00652	0.00202	0.00292	0.01382	0.00483	0.00427
24	0.00744	0.00558	0.00837	0.00837	0.00930	0.00651	0.00651	0.00930	0.00837	0.01209	0.01395	0.02046	0.01302	0.03906	0.79635	0.00837	0.01395	0.00558	0.00279	0.00465
25	0.00771	0.00540	0.00707	0.00661	0.00790	0.00497	0.00497	0.01016	0.01474	0.03719	0.76557	0.03845	0.04837	0.01056	0.00612	0.00164	0.00250	0.00933	0.00575	0.00500
26	0.01980	0.01459	0.01563	0.01198	0.01615	0.01615	0.00990	0.76713	0.02448	0.03282	0.01250	0.01250	0.00886	0.00625	0.00521	0.00156	0.00573	0.00469	0.00521	0.00886
27	0.00983	0.00926	0.01562	0.80447	0.03587	0.01157	0.01446	0.01331	0.01041	0.01331	0.00926	0.01388	0.00694	0.00521	0.00521	0.00174	0.00694	0.00463	0.00231	0.00579
28	0.01945	0.02482	0.01476	0.01342	0.01610	0.79608	0.01006	0.02079	0.01476	0.01275	0.00805	0.00939	0.00671	0.00537	0.00470	0.00134	0.00939	0.00335	0.00268	0.00604
29	0.01295	0.01119	0.01178	0.01060	0.01354	0.01295	0.00824	0.02767	0.77509	0.02178	0.02120	0.01943	0.01590	0.00707	0.00530	0.00177	0.00412	0.00589	0.00530	0.00824
30	0.00744	0.00558	0.00837	0.00837	0.00930	0.00651	0.00651	0.00930	0.00837	0.01209	0.01395	0.02046	0.01302	0.03906	0.79635	0.00837	0.01395	0.00558	0.00279	0.00465
31	0.00615	0.00528	0.00528	0.00528	0.00703	0.00440	0.00396	0.00747	0.01187	0.01407	0.05276	0.05012	0.78238	0.01319	0.00615	0.00176	0.00264	0.01099	0.00484	0.00440
32	0.01016	0.00970	0.01569	0.64022	0.03126	0.01248	0.01383	0.01315	0.00991	0.01315	0.00875	0.01337	0.00692	0.00602	0.00767	0.00185	0.17320	0.00461	0.00231	0.00577
33	0.01879	0.00972	0.01185	0.00974	0.01327	0.00974	0.00783	0.02596	0.32268	0.46065	0.03787	0.01889	0.01492	0.00679	0.00528	0.00167	0.00426	0.00559	0.00597	0.00852
34	0.85377	0.01007	0.00765	0.00685	0.01007	0.01168	0.00564	0.01531	0.00886	0.02336	0.00725	0.00846	0.00564	0.00483	0.00322	0.00161	0.00403	0.00282	0.00322	0.00564
35	0.00716	0.00547	0.00659	0.00628	0.00772	0.00498	0.00472	0.00962	0.03526	0.01885	0.54000	0.04174	0.26984	0.01131	0.00612	0.00168	0.00256	0.00979	0.00545	0.00485
36	0.02101	0.00925	0.01222	0.05028	0.01449	0.00870	0.00810	0.02512	0.13558	0.62646	0.02007	0.01780	0.01306	0.00648	0.00525	0.00164	0.00451	0.00531	0.00605	0.00861
37	0.01045	0.02694	0.79000	0.01484	0.02254	0.01209	0.01924	0.01649	0.01099	0.01649	0.00935	0.01099	0.00660	0.00495	0.00495	0.00165	0.00770	0.00385	0.00220	0.00770
38	0.00905	0.00452	0.00678	0.00678	0.00678	0.00452	0.00452	0.00678	0.00678	0.00905	0.00905	0.01583	0.00905	0.01809	0.02035	0.84848	0.00452	0.00452	0.00226	0.00226
39	0.01303	0.01293	0.02207	0.04200	0.56153	0.03244	0.15187	0.03194	0.04857	0.01733	0.01047	0.01333	0.00850	0.00477	0.00533	0.00159	0.00665	0.00494	0.00277	0.00794
40	0.00692	0.00525	0.00602	0.00586	0.00705	0.00473	0.00417	0.00842	0.01213	0.01594	0.33183	0.04246	0.33976	0.17488	0.01027	0.00238	0.00305	0.00968	0.00485	0.00435
41	0.01366	0.01171	0.01349	0.01375	0.12226	0.01320	0.00950	0.10315	0.58944	0.02226	0.01869	0.01779	0.01409	0.00664	0.00527	0.00171	0.00458	0.00559	0.00491	0.00831
42	0.01812	0.02230	0.01605	0.01717	0.17162	0.63745	0.01126	0.01982	0.01417	0.01361	0.00840	0.01010	0.00702	0.00522	0.00479	0.00138	0.00874	0.00361	0.00266	0.00648
43	0.01119	0.00961	0.01098	0.00824	0.01256	0.00804	0.00655	0.01577	0.15003	0.01785	0.01143	0.01237	0.00920	0.00444	0.00412	0.00095	0.00390	0.00360	0.00349	0.69569
44	0.00737	0.00532	0.00696	0.00655	0.00778	0.00491	0.00491	0.00983	0.01474	0.02088	0.78175	0.03890	0.04914	0.01065	0.00614	0.00164	0.00246	0.00942	0.00573	0.00491
45	0.01286	0.01384	0.01573	0.01363	0.01411	0.15807	0.01115	0.01404	0.00921	0.01257	0.00706	0.01103	0.00681	0.00843	0.01483	0.00211	0.66207	0.00434	0.00235	0.00576
46	0.00671	0.00504	0.00622	0.00647	0.00751	0.00455	0.00464	0.00835	0.01238	0.01656	0.33891	0.30672	0.23046	0.01323	0.00632	0.00183	0.00270	0.01166	0.00520	0.00455
47	0.00788	0.00544	0.00712	0.00664	0.00796	0.00500	0.00500	0.01032	0.01475	0.04538	0.75744	0.03822	0.04798	0.01051	0.00611	0.00164	0.00252	0.00928	0.00576	0.00504
48	0.00971	0.00485	0.00485	0.00485	0.00607	0.00485	0.00364	0.01213	0.01092	0.01942	0.01699	0.01942	0.01335	0.00607	0.00364	0.00121	0.00243	0.00485	0.84589	0.00485
49	0.00744	0.00558	0.00837	0.00837	0.00930	0.00651	0.00651	0.00930	0.00837	0.01209	0.01395	0.02046	0.01302	0.03906	0.79635	0.00837	0.01395	0.00558	0.00279	0.00465
50	0.00748	0.00544	0.00764	0.00764	0.00831	0.00611	0.00560	0.00883	0.00815	0.01155	0.01462	0.02417	0.01463	0.25080	0.58681	0.00747	0.01153	0.00612	0.00289	0.00424
51	0.00983	0.00926	0.01562	0.80447	0.03587	0.01157	0.01446	0.01331	0.01041	0.01331	0.00926	0.01388	0.00694	0.00521	0.00521	0.00174	0.00694	0.00463	0.00231	0.00579
52	0.00744	0.00558	0.00837	0.00837	0.00930	0.00651	0.00651	0.00930	0.00837	0.01209	0.01395	0.02046	0.01302	0.03906	0.79635	0.00837	0.01395	0.00558	0.00279	0.00465
53	0.00686	0.00517	0.00646	0.00726	0.00828	0.00477	0.00553	0.00833	0.01120	0.01431	0.05080	0.35829	0.26367	0.01472	0.00663	0.00207	0.00337	0.21297	0.00484	0.00445
54	0.00991	0.00934	0.01576	0.78433	0.05538	0.01159	0.01450	0.01338	0.01045	0.01340	0.00927	0.01386	0.00698	0.00519	0.00521	0.00173	0.00692	0.00463	0.00232	0.00585
55	0.00757	0.00505	0.00568	0.00568	0.00568	0.00505	0.00316	0.00757	0.00757	0.01010	0.01641	0.03408	0.01893	0.81698	0.02651	0.00505	0.00505	0.00757	0.00316	0.00316
56	0.00749	0.00525	0.00679	0.00682	0.00721	0.00563	0.00458	0.00827	0.00796	0.01100	0.01572	0.04876	0.01691	0.47700	0.34183	0.00633	0.00865	0.00694	0.00305	0.00380
57	0.01103	0.00939	0.01092	0.00782	0.01244	0.00718	0.00627	0.03236	0.01115	0.01737	0.00934	0.01084	0.00774	0.00392	0.00389	0.00079	0.00390	0.00313	0.00314	0.82738
58	0.01958	0.01554	0.01544	0.01209	0.01608	0.09546	0.00987	0.67209	0.04286	0.03049	0.01227	0.01236	0.00882	0.00618	0.00516	0.00155	0.00606	0.00458	0.00495	0.00855
59	0.85377	0.01007	0.00765	0.00685	0.01007	0.01168	0.00564	0.01531	0.00886	0.02336	0.00725	0.00846	0.00564	0.00483	0.00322	0.00161	0.00403	0.00282	0.00322	0.00564
60	0.01092	0.01036	0.01758	0.53054	0.30133	0.01185	0.01500	0.01425	0.01093	0.01462	0.00945	0.01353	0.00741	0.00501	0.00519	0.00167	0.00667	0.00463	0.00241	0.00666
61	0.00757	0.00505	0.00568	0.00568	0.00568	0.00505	0.00316	0.00757	0.00757	0.01010	0.01641	0.03408	0.01893	0.81698	0.02651	0.00505	0.00505	0.00757	0.00316	0.00316
62	0.00634	0.00457	0.00601	0.00716	0.00753	0.00424	0.00479	0.00726	0.01006	0.01333	0.02981	0.77842	0.06890	0.01617	0.00662	0.00210	0.00300	0.01463	0.00483	0.00424
63	0.00744	0.00558	0.00837	0.00837	0.00930	0.00651	0.00651	0.00930	0.00837	0.01209	0.01395	0.02046	0.01302	0.03906	0.79635	0.00837	0.01395	0.00558	0.00279	0.00465
64	0.01289	0.01237	0.02114	0.03196	0.78450	0.01237	0.01598	0.01598	0.01186	0.01701	0.00980	0.01289	0.00825	0.00464	0.00516	0.00155	0.00619	0.00464	0.00258	0.00825
65	0.01514	0.01806	0.01185	0.01089	0.01332	0.50191	0.00819	0.01769	0.08156	0.01411	0.04146	0.02154	0.20792	0.00767	0.00516	0.00149	0.00700	0.00570	0.00355	0.00578
66	0.01913	0.01426	0.01526	0.01185	0.01590	0.01584	0.00974	0.69548	0.09722	0.03175	0.01335	0.01317	0.00954	0.00633	0.00522	0.00158	0.00557	0.00480	0.00522	0.00880
67	0.01807	0.01301	0.01432	0.01085	0.01511	0.01353	0.00892	0.54900	0.02080	0.08277	0.01236	0.01250	0.00889	0.00574	0.00491	0.00139	0.00523	0.00438	0.00483	0.19339
68	0.01160	0.07180	0.04665	0.01842	0.02271	0.01281	0.54074	0.01519	0.01156	0.01567	0.01222	0.09832	0.01090	0.00620	0.00679	0.00179	0.06671	0.02049	0.00284	0.00658
69	0.01245	0.01186	0.01986	0.14192	0.63732	0.01229	0.01537	0.01620	0.05081	0.01673	0.01030	0.01337	0.00845	0.00485	0.00517	0.00159	0.00619	0.00470	0.00268	0.00789
70	0.00687	0.00515	0.00637	0.00640	0.00756	0.00465	0.00467	0.00873	0.01306	0.01768	0.45166	0.20493	0.21830	0.01244	0.00625	0.00177	0.00262	0.01092	0.00533	0.00465
71	0.01289	0.01237	0.02114	0.03196	0.78450	0.01237	0.01598	0.01598	0.01186	0.01701	0.00980	0.01289	0.00825	0.00464	0.00516	0.00155	0.00619	0.00464	0.00258	0.00825
72	0.01310	0.63200	0.20818	0.01032	0.01554	0.01859	0.01136	0.01581	0.01068	0.01326	0.00774	0.00898	0.00666	0.00457	0.00372	0.00124	0.00607	0.00304	0.00222	0.00692
73	0.00943	0.00579	0.00758	0.00686	0.00848	0.00526	0.00524	0.01179	0.01466	0.12125	0.65710	0.03651	0.06936	0.01018	0.00602	0.00164	0.00272	0.00892	0.00580	0.00541
74	0.01674	0.00765	0.01013	0.00831	0.01122	0.00691	0.00665	0.01961	0.05637	0.45555	0.30900	0.02584	0.02679	0.00807	0.00558	0.00163	0.00367	0.00686	0.00611	0.00733
75	0.01289	0.01237	0.02114	0.03196	0.78450	0.01237	0.01598	0.01598	0.01186	0.01701	0.00980	0.01289	0.00825	0.00464	0.00516	0.00155	0.00619	0.00464	0.00258	0.00825
76	0.00928	0.00594	0.00684	0.02128	0.00820	0.00637	0.00502	0.02821	0.06509	0.01684	0.01879	0.03850	0.06525	0.09563	0.14778	0.00302	0.02641	0.00593	0.42065	0.00497
77	0.00818	0.00584	0.00815	0.00935	0.01045	0.00581	0.00802	0.01042	0.01178	0.01535	0.02769	0.13710	0.03043	0.01459	0.00714	0.00237	0.00461	0.67318	0.00480	0.00474
78	0.01714	0.02105	0.01546	0.01403	0.03632	0.57975	0.03863	0.01860	0.01326	0.01301	0.00932	0.01125	0.03024	0.00623	0.00706	0.00155	0.15446	0.00394	0.00267	0.00602

[dist]
# distance from previous block
# <min> <max>
6	8

[block]
# block no. 4 follows, 47 sequences, length 12
# corresponding to MSA columns:
# 265-276
name=unknown_E
#
# <colnr> <probs for GDERKNQSTAVLIFYWHMCP>
#	G	D	E	R	K	N	Q	S	T	A	V	L	I	F	Y	W	H	M	C	P
0	0.10624	0.06044	0.00901	0.00722	0.00937	0.07116	0.00570	0.11786	0.01288	0.01985	0.01780	0.07491	0.07759	0.00713	0.00430	0.00142	0.00388	0.00558	0.38202	0.00563
1	0.00758	0.00546	0.00673	0.00664	0.00784	0.00518	0.00489	0.01032	0.05457	0.01885	0.47694	0.17562	0.10619	0.01130	0.00598	0.00170	0.00266	0.00994	0.07668	0.00492
2	0.00787	0.00570	0.00714	0.00695	0.00715	0.00629	0.00459	0.00837	0.00778	0.01074	0.01506	0.02916	0.01661	0.57744	0.19499	0.00554	0.07502	0.00688	0.00300	0.00370
3	0.12969	0.01197	0.01602	0.20788	0.18278	0.01332	0.03972	0.24805	0.06294	0.02216	0.01090	0.01286	0.00823	0.00544	0.00497	0.00163	0.00590	0.00454	0.00359	0.00744
4	0.85377	0.01007	0.00765	0.00685	0.01007	0.01168	0.00564	0.01531	0.00886	0.02336	0.00725	0.00846	0.00564	0.00483	0.00322	0.00161	0.00403	0.00282	0.00322	0.00564
5	0.01293	0.13259	0.04614	0.21126	0.02035	0.12935	0.03509	0.03445	0.09938	0.01455	0.00969	0.01230	0.00794	0.00629	0.00782	0.00172	0.20466	0.00432	0.00277	0.00640
6	0.00864	0.00612	0.00835	0.00808	0.00926	0.00694	0.00627	0.06447	0.00986	0.01452	0.01432	0.02014	0.01293	0.05469	0.61049	0.00682	0.01155	0.00548	0.11615	0.00494
7	0.01146	0.00969	0.01048	0.00967	0.01219	0.01089	0.00753	0.02289	0.57838	0.02054	0.09888	0.04563	0.07571	0.00855	0.00560	0.00180	0.00387	0.05365	0.00527	0.00732
8	0.00673	0.00495	0.00696	0.00784	0.00836	0.00467	0.02765	0.00784	0.01014	0.01349	0.02770	0.70272	0.03282	0.03959	0.00727	0.00222	0.00340	0.07660	0.00472	0.00433
9	0.01865	0.06576	0.07092	0.01169	0.01598	0.04051	0.01018	0.52290	0.06956	0.10198	0.01314	0.01298	0.00933	0.00609	0.00506	0.00155	0.00575	0.00460	0.00485	0.00851
10	0.10222	0.24888	0.28762	0.01194	0.01690	0.08341	0.05326	0.01584	0.01117	0.01559	0.01058	0.01552	0.00930	0.00589	0.00461	0.00156	0.00657	0.08980	0.00268	0.00667
11	0.01491	0.53811	0.04610	0.01005	0.01424	0.08719	0.00937	0.10911	0.09749	0.01599	0.00957	0.01026	0.00797	0.00506	0.00395	0.00128	0.00583	0.00344	0.00297	0.00710

[dist]
# distance from previous block
# <min> <max>
0	31

[block]
# block no. 5 follows, 47 sequences, length 48
# corresponding to MSA columns:
# 308-355
name=unknown_F
#
# <colnr> <probs for GDERKNQSTAVLIFYWHMCP>
#	G	D	E	R	K	N	Q	S	T	A	V	L	I	F	Y	W	H	M	C	P
0	0.01244	0.01286	0.02456	0.06571	0.40962	0.01280	0.32012	0.01600	0.01181	0.01652	0.00995	0.01335	0.00799	0.00474	0.00603	0.00167	0.03850	0.00525	0.00258	0.00753
1	0.00695	0.00531	0.00638	0.00611	0.00752	0.00473	0.00458	0.00901	0.01374	0.01852	0.52853	0.04280	0.30383	0.01153	0.00615	0.00168	0.00252	0.00996	0.00542	0.00473
2	0.01102	0.06839	0.71650	0.01447	0.02178	0.04647	0.01830	0.01663	0.01114	0.01611	0.00918	0.01079	0.00661	0.00494	0.00485	0.00161	0.00766	0.00377	0.00222	0.00757
3	0.04431	0.00845	0.01130	0.00916	0.01269	0.00754	0.00755	0.02283	0.02849	0.63835	0.02127	0.05853	0.01546	0.00767	0.00544	0.00172	0.00439	0.08062	0.00609	0.00814
4	0.02190	0.00881	0.01181	0.00916	0.01296	0.00778	0.00752	0.05498	0.01529	0.69356	0.08282	0.01925	0.01570	0.00678	0.00531	0.00161	0.00432	0.00556	0.00634	0.00854
5	0.00685	0.00492	0.00633	0.00675	0.00745	0.00458	0.00467	0.00829	0.01168	0.01597	0.32026	0.40924	0.07105	0.08724	0.00825	0.00218	0.00297	0.01189	0.00503	0.00440
6	0.00649	0.00468	0.00614	0.00706	0.00756	0.00434	0.00481	0.00764	0.01075	0.01443	0.13933	0.66765	0.06911	0.01535	0.00655	0.00203	0.00292	0.01385	0.00496	0.00434
7	0.00744	0.00558	0.00837	0.00837	0.00930	0.00651	0.00651	0.00930	0.00837	0.01209	0.01395	0.02046	0.01302	0.03906	0.79635	0.00837	0.01395	0.00558	0.00279	0.00465
8	0.01135	0.00960	0.01130	0.03904	0.01351	0.00772	0.00674	0.06243	0.01168	0.01786	0.00947	0.01103	0.00776	0.00407	0.00400	0.00086	0.00410	0.00325	0.00319	0.76104
9	0.85377	0.01007	0.00765	0.00685	0.01007	0.01168	0.00564	0.01531	0.00886	0.02336	0.00725	0.00846	0.00564	0.00483	0.00322	0.00161	0.00403	0.00282	0.00322	0.00564
10	0.01120	0.00850	0.01066	0.04041	0.01252	0.00952	0.00820	0.10879	0.13962	0.05459	0.02124	0.23398	0.02151	0.01125	0.00757	0.00204	0.10619	0.18151	0.00461	0.00608
11	0.01011	0.00940	0.01562	0.78270	0.03533	0.01170	0.01434	0.03401	0.01080	0.01384	0.00935	0.01385	0.00699	0.00524	0.00521	0.00173	0.00691	0.00463	0.00239	0.00587
12	0.01012	0.00862	0.01069	0.04253	0.01280	0.00736	0.00676	0.01233	0.01025	0.01574	0.01039	0.03119	0.00915	0.01025	0.13599	0.00216	0.03696	0.00390	0.00301	0.61980
13	0.01295	0.01119	0.01178	0.01060	0.01354	0.01295	0.00824	0.02767	0.77509	0.02178	0.02120	0.01943	0.01590	0.00707	0.00530	0.00177	0.00412	0.00589	0.00530	0.00824
14	0.00704	0.00508	0.00667	0.00691	0.00783	0.00472	0.00503	0.00893	0.01289	0.01783	0.46546	0.30572	0.06384	0.01285	0.00637	0.00184	0.00277	0.04821	0.00535	0.00466
15	0.00691	0.00465	0.00629	0.00708	0.00747	0.00438	0.00480	0.00756	0.01018	0.01376	0.13650	0.57739	0.03271	0.01575	0.00867	0.13170	0.00317	0.01244	0.00457	0.00403
16	0.01011	0.00954	0.01612	0.73379	0.10436	0.01164	0.01460	0.01355	0.01055	0.01364	0.00931	0.01379	0.00706	0.00515	0.00520	0.00172	0.00687	0.00463	0.00234	0.00601
17	0.00702	0.00545	0.00632	0.00660	0.00798	0.00494	0.00517	0.00860	0.01172	0.01470	0.10890	0.04979	0.43292	0.09559	0.00852	0.00226	0.00345	0.21090	0.00473	0.00442
18	0.00972	0.00863	0.01403	0.66204	0.03080	0.01064	0.01278	0.01292	0.01039	0.01398	0.01083	0.04561	0.00874	0.00584	0.00539	0.00171	0.02712	0.00505	0.09818	0.00562
19	0.00644	0.00460	0.00616	0.00736	0.00771	0.00431	0.00500	0.00742	0.01007	0.01340	0.02865	0.77740	0.03423	0.01622	0.00667	0.00213	0.00311	0.05002	0.00483	0.00426
20	0.00999	0.00942	0.01591	0.76401	0.07507	0.01161	0.01454	0.01345	0.01049	0.01350	0.00928	0.01383	0.00701	0.00518	0.00520	0.00173	0.00690	0.00463	0.00233	0.00591
21	0.00636	0.00470	0.00595	0.00687	0.00747	0.00429	0.00468	0.00740	0.01052	0.01376	0.06569	0.64418	0.16807	0.01551	0.00654	0.00203	0.00293	0.01389	0.00487	0.00429
22	0.00983	0.00926	0.01562	0.80447	0.03587	0.01157	0.01446	0.01331	0.01041	0.01331	0.00926	0.01388	0.00694	0.00521	0.00521	0.00174	0.00694	0.00463	0.00231	0.00579
23	0.81009	0.01031	0.00807	0.00712	0.01039	0.01192	0.00586	0.05468	0.00968	0.02386	0.00753	0.00867	0.00581	0.00491	0.00333	0.00161	0.00412	0.00292	0.00333	0.00581
24	0.01295	0.01119	0.01178	0.01060	0.01354	0.01295	0.00824	0.02767	0.77509	0.02178	0.02120	0.01943	0.01590	0.00707	0.00530	0.00177	0.00412	0.00589	0.00530	0.00824
25	0.01266	0.01016	0.01102	0.01014	0.02947	0.01129	0.00771	0.04294	0.56616	0.06464	0.03840	0.02337	0.11602	0.00780	0.00538	0.00173	0.00397	0.00650	0.02300	0.00766
26	0.01234	0.02568	0.03250	0.00901	0.01211	0.00769	0.06737	0.01588	0.09642	0.19471	0.10464	0.07833	0.20454	0.00868	0.00551	0.00160	0.00406	0.00749	0.00484	0.10659
27	0.85377	0.01007	0.00765	0.00685	0.01007	0.01168	0.00564	0.01531	0.00886	0.02336	0.00725	0.00846	0.00564	0.00483	0.00322	0.00161	0.00403	0.00282	0.00322	0.00564
28	0.02336	0.00886	0.01209	0.00927	0.01329	0.00765	0.00765	0.02538	0.01491	0.78810	0.02055	0.01773	0.01289	0.00645	0.00524	0.00161	0.00443	0.00524	0.00645	0.00886
29	0.01893	0.02398	0.01448	0.01320	0.01580	0.76174	0.00991	0.02029	0.01448	0.01272	0.00831	0.00987	0.00698	0.00683	0.03913	0.00165	0.00959	0.00345	0.00269	0.00598
30	0.01945	0.02482	0.01476	0.01342	0.01610	0.79608	0.01006	0.02079	0.01476	0.01275	0.00805	0.00939	0.00671	0.00537	0.00470	0.00134	0.00939	0.00335	0.00268	0.00604
31	0.00983	0.00926	0.01562	0.80447	0.03587	0.01157	0.01446	0.01331	0.01041	0.01331	0.00926	0.01388	0.00694	0.00521	0.00521	0.00174	0.00694	0.00463	0.00231	0.00579
32	0.00738	0.00527	0.00723	0.00843	0.00919	0.00512	0.00663	0.00904	0.01099	0.01445	0.02813	0.43271	0.03219	0.01534	0.00692	0.00226	0.00392	0.38548	0.00481	0.00452
33	0.01384	0.80189	0.04481	0.00905	0.01358	0.02041	0.00915	0.01561	0.01059	0.01235	0.00729	0.00841	0.00668	0.00447	0.00338	0.00113	0.00562	0.00281	0.00223	0.00671
34	0.00684	0.00505	0.00650	0.00710	0.00795	0.00460	0.00504	0.00823	0.01120	0.01510	0.17241	0.51688	0.10421	0.01429	0.00642	0.00195	0.00302	0.05658	0.00492	0.04173
35	0.00647	0.00465	0.00616	0.00724	0.00766	0.00433	0.00493	0.00753	0.01038	0.01386	0.07623	0.72380	0.05190	0.01583	0.00662	0.00209	0.00303	0.03810	0.00489	0.00429
36	0.01725	0.01270	0.01595	0.05030	0.19148	0.01358	0.01096	0.43421	0.03856	0.09855	0.01358	0.05528	0.01054	0.00640	0.00528	0.00161	0.00558	0.00529	0.00458	0.00833
37	0.00635	0.00468	0.00590	0.00686	0.00741	0.00428	0.00463	0.00730	0.01023	0.01333	0.03256	0.65652	0.16515	0.03957	0.00715	0.00214	0.00301	0.01392	0.00478	0.00423
38	0.00706	0.00511	0.00667	0.00670	0.00770	0.00472	0.00486	0.00907	0.01338	0.01866	0.55947	0.24560	0.06702	0.01223	0.00628	0.00177	0.00261	0.01090	0.00547	0.00472
39	0.01295	0.01119	0.01178	0.01060	0.01354	0.01295	0.00824	0.02767	0.77509	0.02178	0.02120	0.01943	0.01590	0.00707	0.00530	0.00177	0.00412	0.00589	0.00530	0.00824
40	0.01730	0.01314	0.01400	0.01126	0.01493	0.01470	0.00913	0.51163	0.24992	0.02891	0.01532	0.01489	0.01117	0.00649	0.00517	0.00161	0.00510	0.00506	0.04180	0.00850
41	0.77683	0.01028	0.00889	0.00915	0.08093	0.01175	0.00659	0.01537	0.00914	0.02278	0.00748	0.00886	0.00588	0.00482	0.00340	0.00161	0.00423	0.00299	0.00316	0.00588
42	0.00721	0.00526	0.00678	0.00658	0.00776	0.00483	0.00490	0.00944	0.01405	0.01962	0.64872	0.11407	0.09623	0.01142	0.00621	0.00170	0.00256	0.02227	0.00557	0.00481
43	0.01806	0.19432	0.01751	0.01240	0.01545	0.57402	0.00985	0.05194	0.01410	0.01351	0.00804	0.00936	0.00680	0.00532	0.00478	0.00133	0.03094	0.00332	0.00268	0.00629
44	0.05175	0.36158	0.18134	0.01131	0.03272	0.07493	0.01115	0.10677	0.01304	0.09667	0.00980	0.01055	0.00756	0.00507	0.00423	0.00138	0.00615	0.00357	0.00310	0.00732
45	0.01727	0.04839	0.05708	0.01188	0.01530	0.33643	0.00973	0.18429	0.14267	0.06324	0.01430	0.01440	0.04967	0.00626	0.00498	0.00151	0.00684	0.00458	0.00395	0.00721
46	0.08757	0.05788	0.65215	0.01353	0.02036	0.01207	0.01693	0.01594	0.01074	0.01680	0.00991	0.04556	0.00772	0.00541	0.00480	0.00164	0.00707	0.00419	0.00241	0.00731
47	0.02259	0.00571	0.00726	0.00697	0.00845	0.00520	0.00520	0.01114	0.01306	0.12301	0.37650	0.21165	0.13255	0.02467	0.00644	0.00183	0.00299	0.02416	0.00541	0.00521

[dist]
# distance from previous block
# <min> <max>
2	4

[block]
# block no. 6 follows, 47 sequences, length 16
# corresponding to MSA columns:
# 360-375
name=unknown_G
#
# <colnr> <probs for GDERKNQSTAVLIFYWHMCP>
#	G	D	E	R	K	N	Q	S	T	A	V	L	I	F	Y	W	H	M	C	P
0	0.05912	0.32195	0.22986	0.03432	0.13257	0.01553	0.01276	0.01673	0.07500	0.01557	0.00941	0.01094	0.00762	0.00504	0.00473	0.00146	0.03385	0.00372	0.00259	0.00721
1	0.19622	0.13097	0.44541	0.01145	0.01720	0.01252	0.01351	0.01534	0.01054	0.01721	0.01230	0.01341	0.07260	0.00556	0.00445	0.00158	0.00616	0.00408	0.00265	0.00682
2	0.01485	0.49942	0.06218	0.01017	0.01428	0.09759	0.00963	0.11855	0.01315	0.03318	0.01019	0.01368	0.00911	0.00571	0.00419	0.00135	0.00600	0.06693	0.00299	0.00685
3	0.00658	0.00526	0.00593	0.00613	0.00758	0.00461	0.00465	0.00813	0.01209	0.01516	0.15754	0.14089	0.50710	0.01330	0.00632	0.00185	0.00287	0.08455	0.00497	0.00449
4	0.07869	0.00511	0.00616	0.00700	0.00773	0.00491	0.00483	0.00808	0.01028	0.01459	0.06529	0.63864	0.10024	0.01478	0.00629	0.00202	0.00305	0.01318	0.00474	0.00440
5	0.50944	0.03279	0.18126	0.02935	0.01428	0.05103	0.00945	0.05537	0.01076	0.05268	0.00862	0.00979	0.00642	0.00503	0.00391	0.00160	0.00531	0.00331	0.00316	0.00644
6	0.00773	0.00653	0.03874	0.00722	0.00876	0.00559	0.00571	0.04856	0.01337	0.01810	0.37006	0.21148	0.18083	0.01210	0.00621	0.00180	0.00311	0.04398	0.00515	0.00498
7	0.00742	0.00538	0.00702	0.00677	0.00801	0.00499	0.00518	0.00983	0.01441	0.02020	0.69214	0.04098	0.07290	0.01105	0.00623	0.00171	0.00266	0.07262	0.00562	0.00489
8	0.01087	0.12494	0.69576	0.01411	0.02141	0.01315	0.01796	0.01638	0.01094	0.01597	0.00909	0.01067	0.00661	0.00489	0.00475	0.00158	0.00743	0.00372	0.00220	0.00757
9	0.54845	0.10506	0.01167	0.07528	0.01351	0.08171	0.00741	0.04251	0.04190	0.02057	0.00825	0.00958	0.00650	0.00501	0.00369	0.00155	0.00499	0.00321	0.00314	0.00603
10	0.00905	0.00452	0.00678	0.00678	0.00678	0.00452	0.00452	0.00678	0.00678	0.00905	0.00905	0.01583	0.00905	0.01809	0.02035	0.84848	0.00452	0.00452	0.00226	0.00226
11	0.05966	0.05086	0.26405	0.05862	0.02466	0.01298	0.42078	0.01633	0.01153	0.01665	0.00978	0.01254	0.00727	0.00463	0.00544	0.00169	0.00795	0.00503	0.00250	0.00708
