[name]
unknown

[dist]
# distance from previous block
# <min> <max>
0	27

[block]
# block no. 0 follows, 38 sequences, length 8
# corresponding to MSA columns:
# 27-34
name=unknown_A
#
# <colnr> <probs for GDERKNQSTAVLIFYWHMCP>
#	G	D	E	R	K	N	Q	S	T	A	V	L	I	F	Y	W	H	M	C	P
0	0.01011	0.01037	0.08620	0.01144	0.01391	0.00850	0.08866	0.04047	0.02786	0.01780	0.07512	0.25545	0.08472	0.11462	0.01050	0.00268	0.02320	0.08544	0.00471	0.02822
1	0.01589	0.08671	0.19246	0.08365	0.11553	0.05094	0.01424	0.04422	0.10164	0.11724	0.01493	0.01603	0.02441	0.00643	0.00593	0.00177	0.02368	0.00514	0.00398	0.07520
2	0.00867	0.00728	0.00768	0.00737	0.00955	0.00687	0.00559	0.01306	0.13948	0.01896	0.15699	0.04985	0.51963	0.01358	0.00694	0.00201	0.00331	0.01141	0.00583	0.00593
3	0.01207	0.01157	0.01630	0.04993	0.01563	0.01572	0.01186	0.01350	0.00952	0.01440	0.01098	0.06736	0.01135	0.05229	0.08290	0.00335	0.58576	0.00634	0.00293	0.00622
4	0.00814	0.00570	0.00736	0.00821	0.00873	0.00551	0.00567	0.00914	0.01121	0.01488	0.04925	0.41252	0.06389	0.19655	0.04553	0.03339	0.00484	0.09989	0.00495	0.00465
5	0.00839	0.00614	0.00787	0.00744	0.00891	0.00562	0.00558	0.01111	0.01673	0.02341	0.68590	0.04611	0.11919	0.01256	0.00710	0.00190	0.00286	0.01104	0.00653	0.00562
6	0.02086	0.06736	0.01739	0.01279	0.01723	0.01711	0.01056	0.47324	0.15981	0.08932	0.01682	0.01636	0.01213	0.00727	0.00584	0.00181	0.00601	0.00558	0.03274	0.00978
7	0.09241	0.01549	0.01653	0.01292	0.01751	0.01704	0.01062	0.54972	0.08526	0.09847	0.01557	0.01523	0.01100	0.00718	0.00583	0.00183	0.00616	0.00540	0.00595	0.00985

[dist]
# distance from previous block
# <min> <max>
0	1

[block]
# block no. 1 follows, 38 sequences, length 30
# corresponding to MSA columns:
# 36-65
name=unknown_B
#
# <colnr> <probs for GDERKNQSTAVLIFYWHMCP>
#	G	D	E	R	K	N	Q	S	T	A	V	L	I	F	Y	W	H	M	C	P
0	0.10065	0.01148	0.01202	0.01009	0.01395	0.03312	0.00795	0.02253	0.27983	0.09724	0.05347	0.02213	0.08152	0.00760	0.00553	0.00168	0.00465	0.00612	0.00522	0.22321
1	0.01656	0.49174	0.07654	0.07982	0.01886	0.06601	0.01175	0.09334	0.01429	0.03919	0.01016	0.01181	0.00847	0.00697	0.03039	0.00177	0.00732	0.00396	0.00314	0.00792
2	0.02216	0.01650	0.01766	0.01370	0.01839	0.01833	0.01126	0.66842	0.09201	0.03677	0.01534	0.01516	0.01096	0.00731	0.00603	0.00183	0.00645	0.00554	0.00603	0.01017
3	0.01400	0.03111	0.08038	0.01045	0.01598	0.01056	0.00921	0.11341	0.03562	0.02208	0.01156	0.01299	0.00922	0.00507	0.00482	0.00115	0.00520	0.00398	0.00386	0.59938
4	0.04588	0.02935	0.69226	0.01647	0.02495	0.01371	0.02096	0.01948	0.01281	0.05392	0.01130	0.01295	0.00792	0.00579	0.00565	0.00190	0.00854	0.00447	0.00282	0.00886
5	0.00880	0.00605	0.00701	0.00701	0.00704	0.00621	0.00412	0.00892	0.00896	0.01202	0.01956	0.09066	0.02263	0.70728	0.02863	0.00548	0.03282	0.00921	0.00375	0.00384
6	0.01796	0.01527	0.08043	0.01239	0.01639	0.08415	0.01047	0.08428	0.34631	0.17014	0.04187	0.02094	0.01635	0.04681	0.00725	0.00211	0.00593	0.00627	0.00566	0.00902
7	0.01019	0.02505	0.01367	0.09974	0.01587	0.01095	0.04171	0.01205	0.01145	0.01598	0.08492	0.32135	0.02517	0.01427	0.03665	0.00260	0.23776	0.01053	0.00420	0.00589
8	0.00765	0.00537	0.00689	0.00797	0.00824	0.00510	0.00515	0.00846	0.01089	0.01452	0.02994	0.61604	0.03573	0.19300	0.01287	0.00321	0.00402	0.01521	0.00515	0.00461
9	0.01403	0.01191	0.01451	0.07314	0.11190	0.05684	0.03458	0.06788	0.22730	0.05070	0.02294	0.16967	0.05544	0.00969	0.00632	0.00200	0.00557	0.00845	0.04929	0.00784
10	0.01158	0.01004	0.04275	0.26682	0.02224	0.01074	0.03830	0.06014	0.01198	0.01615	0.01598	0.02070	0.07588	0.01372	0.06677	0.20225	0.06587	0.00610	0.03620	0.00578
11	0.02354	0.01274	0.01523	0.01195	0.01639	0.01295	0.00979	0.28452	0.08989	0.39181	0.02009	0.01860	0.01353	0.00907	0.03913	0.00220	0.00611	0.00591	0.00661	0.00995
12	0.00743	0.00532	0.00691	0.00813	0.00853	0.00497	0.00538	0.00842	0.01139	0.01510	0.03323	0.69316	0.06926	0.08046	0.00949	0.00270	0.00366	0.01624	0.00543	0.00480
13	0.01665	0.01528	0.08187	0.11476	0.04156	0.06480	0.01222	0.07060	0.33902	0.11421	0.01852	0.01854	0.01362	0.00741	0.00664	0.00197	0.04247	0.00590	0.00504	0.00891
14	0.01452	0.01428	0.08525	0.25996	0.07289	0.02816	0.05340	0.03558	0.01245	0.09432	0.01136	0.01508	0.00887	0.00754	0.01049	0.00216	0.25745	0.00538	0.00328	0.00758
15	0.02312	0.01529	0.01694	0.01312	0.01780	0.01648	0.01079	0.54522	0.07615	0.17672	0.01696	0.01618	0.01171	0.00733	0.00603	0.00183	0.00620	0.00564	0.00630	0.01018
16	0.01665	0.01323	0.01559	0.13105	0.02027	0.01477	0.01124	0.30796	0.17597	0.02712	0.01772	0.04587	0.01462	0.00835	0.00659	0.00195	0.02905	0.06907	0.00518	0.06774
17	0.00871	0.00615	0.00744	0.00736	0.00895	0.00547	0.00543	0.01070	0.01478	0.05619	0.32830	0.19425	0.29537	0.01438	0.00716	0.00205	0.00315	0.01251	0.00609	0.00554
18	0.00775	0.00612	0.00698	0.00676	0.00852	0.00535	0.00507	0.00987	0.01522	0.01983	0.37293	0.05201	0.43440	0.01390	0.00710	0.00197	0.00295	0.01187	0.00606	0.00535
19	0.45226	0.01098	0.01125	0.00923	0.01339	0.01130	0.00761	0.02316	0.01353	0.37007	0.01561	0.01481	0.01046	0.00646	0.00482	0.00186	0.00487	0.00457	0.00548	0.00827
20	0.00754	0.00539	0.00722	0.00862	0.00906	0.00507	0.00595	0.00874	0.01173	0.01559	0.03304	0.72049	0.03933	0.01865	0.00773	0.00247	0.00367	0.07918	0.00558	0.00494
21	0.01608	0.79220	0.03152	0.01029	0.01544	0.02380	0.01029	0.01801	0.01222	0.01415	0.00836	0.00965	0.00772	0.00515	0.00386	0.00129	0.00643	0.00322	0.00257	0.00772
22	0.02678	0.01057	0.01417	0.01086	0.01552	0.00933	0.00897	0.06452	0.01777	0.71924	0.02327	0.02017	0.01466	0.00743	0.00605	0.00186	0.00519	0.00602	0.00737	0.01024
23	0.01207	0.03112	0.75741	0.01715	0.02604	0.01397	0.02223	0.01905	0.01270	0.01905	0.01080	0.01270	0.00762	0.00572	0.00572	0.00191	0.00889	0.00445	0.00254	0.00889
24	0.01045	0.00522	0.00784	0.00784	0.00784	0.00522	0.00522	0.00784	0.00784	0.01045	0.01045	0.01829	0.01045	0.02090	0.02351	0.82497	0.00522	0.00522	0.00261	0.00261
25	0.01489	0.01429	0.02442	0.03692	0.75106	0.01429	0.01846	0.01846	0.01370	0.01965	0.01132	0.01489	0.00953	0.00536	0.00596	0.00179	0.00715	0.00536	0.00298	0.00953
26	0.01247	0.01069	0.01247	0.00891	0.01426	0.00802	0.00713	0.01515	0.01247	0.01960	0.01069	0.01247	0.00891	0.00446	0.00446	0.00089	0.00446	0.00356	0.00356	0.82536
27	0.01162	0.01060	0.01379	0.11403	0.01744	0.06380	0.09505	0.08284	0.01596	0.02059	0.23305	0.05715	0.20007	0.02855	0.00729	0.00203	0.00550	0.00921	0.00500	0.00643
28	0.01181	0.01140	0.01967	0.64461	0.06197	0.01385	0.07353	0.01573	0.01209	0.01577	0.01066	0.01584	0.00815	0.00619	0.00693	0.00204	0.05470	0.00548	0.00271	0.00688
29	0.03311	0.01367	0.01649	0.21098	0.05755	0.03288	0.01235	0.19831	0.27470	0.03924	0.01663	0.01762	0.01240	0.00720	0.00639	0.00196	0.02906	0.00581	0.00486	0.00877

[dist]
# distance from previous block
# <min> <max>
2	26

[block]
# block no. 2 follows, 38 sequences, length 18
# corresponding to MSA columns:
# 93-110
name=unknown_C
#
# <colnr> <probs for GDERKNQSTAVLIFYWHMCP>
#	G	D	E	R	K	N	Q	S	T	A	V	L	I	F	Y	W	H	M	C	P
0	0.05586	0.01427	0.01564	0.01305	0.01663	0.09078	0.07139	0.18237	0.24509	0.05768	0.09635	0.04972	0.01874	0.00952	0.03361	0.00220	0.00643	0.00683	0.00539	0.00845
1	0.01026	0.00701	0.00779	0.00734	0.00786	0.00721	0.00448	0.08614	0.01084	0.01448	0.01847	0.03670	0.02062	0.70485	0.02798	0.00540	0.00592	0.00839	0.00390	0.00435
2	0.01247	0.01069	0.01247	0.00891	0.01426	0.00802	0.00713	0.01515	0.01247	0.01960	0.01069	0.01247	0.00891	0.00446	0.00446	0.00089	0.00446	0.00356	0.00356	0.82536
3	0.01423	0.01248	0.01515	0.15268	0.07759	0.01421	0.01137	0.04581	0.48549	0.02287	0.02106	0.02097	0.03345	0.00756	0.00605	0.00196	0.00554	0.00641	0.00513	0.04000
4	0.00842	0.00608	0.00796	0.00763	0.00897	0.00561	0.00567	0.01112	0.01660	0.02344	0.69209	0.10268	0.05544	0.01281	0.00714	0.00194	0.00289	0.01137	0.00654	0.00561
5	0.01980	0.01442	0.01567	0.01279	0.01693	0.01596	0.01030	0.38041	0.29724	0.09829	0.01964	0.04000	0.01459	0.00793	0.00611	0.00192	0.00569	0.00633	0.00618	0.00981
6	0.00735	0.00544	0.00687	0.00791	0.00863	0.00496	0.00540	0.00857	0.01219	0.01594	0.07254	0.61461	0.17189	0.01786	0.00755	0.00234	0.00338	0.01599	0.00563	0.00496
7	0.00758	0.00542	0.00727	0.00867	0.00913	0.00510	0.00602	0.00881	0.01177	0.01564	0.03302	0.70785	0.03923	0.01861	0.00775	0.00248	0.00371	0.09141	0.00558	0.00496
8	0.01420	0.01623	0.03550	0.02535	0.03144	0.01521	0.72921	0.01927	0.01420	0.01927	0.01217	0.01623	0.00913	0.00507	0.00710	0.00203	0.01014	0.00710	0.00304	0.00811
9	0.00743	0.00589	0.00668	0.00694	0.00844	0.00514	0.00503	0.00908	0.01379	0.01752	0.18414	0.23737	0.44009	0.01558	0.00725	0.00211	0.00312	0.01345	0.00578	0.00514
10	0.02579	0.01078	0.01416	0.01091	0.01545	0.00976	0.00899	0.10377	0.01840	0.64826	0.05255	0.02084	0.01612	0.00762	0.00609	0.00186	0.00519	0.00618	0.00726	0.01005
11	0.01121	0.00561	0.00561	0.00561	0.00701	0.00561	0.00421	0.01402	0.01262	0.02243	0.01962	0.02243	0.01542	0.00701	0.00421	0.00140	0.00280	0.00561	0.82198	0.00561
12	0.01245	0.01322	0.04985	0.47397	0.09299	0.01408	0.20258	0.01674	0.01267	0.01683	0.01106	0.01580	0.00841	0.00583	0.00665	0.00201	0.02896	0.00577	0.00279	0.00735
13	0.04650	0.00692	0.00822	0.00825	0.00975	0.00665	0.00598	0.04043	0.01318	0.04635	0.09583	0.38715	0.15123	0.03639	0.00784	0.00222	0.02291	0.01253	0.04456	0.04712
14	0.19754	0.03227	0.01455	0.19211	0.02089	0.07450	0.01066	0.10842	0.08618	0.07458	0.07206	0.01694	0.01338	0.00696	0.00584	0.00186	0.02796	0.00530	0.00438	0.03363
15	0.12816	0.09860	0.03246	0.06829	0.11279	0.03208	0.02910	0.15067	0.01543	0.06982	0.01170	0.01356	0.00912	0.00684	0.02108	0.00183	0.04868	0.00461	0.00394	0.14126
16	0.12764	0.18365	0.11756	0.05649	0.01759	0.01392	0.05329	0.04593	0.01311	0.12758	0.01487	0.04479	0.02778	0.06953	0.04358	0.00245	0.00684	0.00555	0.00393	0.02390
17	0.09933	0.13082	0.08513	0.01157	0.01577	0.01512	0.01031	0.20338	0.08907	0.02400	0.02990	0.06905	0.01336	0.04271	0.00721	0.00194	0.04465	0.00579	0.00440	0.09650

[dist]
# distance from previous block
# <min> <max>
0	350

[block]
# block no. 3 follows, 38 sequences, length 49
# corresponding to MSA columns:
# 461-509
name=unknown_D
#
# <colnr> <probs for GDERKNQSTAVLIFYWHMCP>
#	G	D	E	R	K	N	Q	S	T	A	V	L	I	F	Y	W	H	M	C	P
0	0.04375	0.03252	0.08028	0.01301	0.01781	0.01651	0.01142	0.50813	0.05951	0.07214	0.01522	0.01539	0.01089	0.00704	0.00575	0.00179	0.00629	0.00534	0.06763	0.00957
1	0.01116	0.08169	0.07854	0.00917	0.01248	0.00861	0.00796	0.01383	0.01371	0.05230	0.20950	0.17889	0.04468	0.01009	0.00597	0.00169	0.00433	0.00868	0.04527	0.20143
2	0.00908	0.00642	0.00817	0.00764	0.00925	0.00593	0.00576	0.01211	0.03297	0.04496	0.65129	0.04483	0.11417	0.01232	0.00704	0.00191	0.00297	0.01080	0.00655	0.00585
3	0.00875	0.00583	0.00656	0.00656	0.00656	0.00583	0.00365	0.00875	0.00875	0.01166	0.01895	0.03937	0.02187	0.78858	0.03062	0.00583	0.00583	0.00875	0.00365	0.00365
4	0.00758	0.00550	0.00715	0.00803	0.00874	0.00508	0.00553	0.00907	0.01292	0.01740	0.19629	0.56444	0.09579	0.01711	0.00751	0.00229	0.00331	0.01538	0.00582	0.00508
5	0.00775	0.00576	0.00723	0.00762	0.00871	0.00523	0.00543	0.00960	0.01410	0.01897	0.31949	0.35519	0.18164	0.01558	0.00734	0.00215	0.00315	0.01381	0.00599	0.00523
6	0.01608	0.79220	0.03152	0.01029	0.01544	0.02380	0.01029	0.01801	0.01222	0.01415	0.00836	0.00965	0.00772	0.00515	0.00386	0.00129	0.00643	0.00322	0.00257	0.00772
7	0.00733	0.00524	0.00698	0.00838	0.00873	0.00489	0.00558	0.00838	0.01152	0.01536	0.03316	0.78466	0.03979	0.01885	0.00768	0.00244	0.00349	0.01710	0.00558	0.00489
8	0.01433	0.02888	0.04292	0.01093	0.01368	0.01040	0.02851	0.16229	0.08636	0.10933	0.05957	0.30290	0.02523	0.04839	0.02526	0.00244	0.00529	0.01034	0.00559	0.00738
9	0.02241	0.01533	0.06153	0.01292	0.01770	0.01503	0.01109	0.44854	0.04326	0.22745	0.01781	0.05010	0.01285	0.00773	0.00608	0.00186	0.00617	0.00608	0.00617	0.00990
10	0.00750	0.00596	0.00673	0.00686	0.00844	0.00519	0.00502	0.00927	0.01416	0.01806	0.22785	0.18042	0.45300	0.01513	0.00720	0.00207	0.00307	0.01300	0.00584	0.00519
11	0.01409	0.04172	0.01465	0.02731	0.01550	0.01135	0.00878	0.08941	0.03050	0.04097	0.01180	0.03059	0.00992	0.00611	0.00683	0.00135	0.10846	0.00446	0.00385	0.52236
12	0.01082	0.00636	0.00832	0.00862	0.00995	0.00572	0.00607	0.01213	0.01246	0.13620	0.03108	0.56598	0.06091	0.04771	0.00818	0.00240	0.00388	0.01417	0.00572	0.04332
13	0.05118	0.01305	0.03632	0.01209	0.01692	0.01202	0.06681	0.20096	0.05348	0.15425	0.03837	0.03765	0.01301	0.00665	0.00561	0.00159	0.00565	0.00554	0.00509	0.26378
14	0.02113	0.10630	0.06275	0.01295	0.01781	0.01704	0.01132	0.46710	0.04145	0.12597	0.01575	0.04632	0.01181	0.00742	0.00582	0.00179	0.00636	0.00570	0.00558	0.00962
15	0.00756	0.00592	0.00668	0.00685	0.00827	0.00522	0.00490	0.00912	0.01351	0.01721	0.18457	0.19066	0.41920	0.08186	0.00924	0.00241	0.00333	0.01284	0.00562	0.00503
16	0.01138	0.00617	0.00920	0.03263	0.01035	0.00643	0.00654	0.01073	0.00929	0.07564	0.01318	0.01990	0.01204	0.02604	0.22858	0.50055	0.00835	0.00564	0.00320	0.00417
17	0.01335	0.04737	0.43828	0.01853	0.10057	0.01366	0.09142	0.01847	0.01270	0.06124	0.01223	0.01597	0.00965	0.07326	0.00867	0.00226	0.04570	0.00528	0.00303	0.00836
18	0.00912	0.00731	0.00968	0.00904	0.01114	0.00625	0.03556	0.01086	0.01215	0.01701	0.05460	0.45481	0.06515	0.03138	0.00722	0.00203	0.00404	0.01224	0.00491	0.23549
19	0.00730	0.00536	0.00685	0.00805	0.00864	0.00491	0.00544	0.00841	0.01183	0.01549	0.03716	0.67983	0.14203	0.01833	0.00760	0.00238	0.00343	0.01647	0.00558	0.00491
20	0.01374	0.01373	0.02041	0.42013	0.31297	0.08275	0.01692	0.01736	0.01313	0.01696	0.01080	0.01512	0.00858	0.00578	0.00594	0.00188	0.00794	0.00522	0.00283	0.00781
21	0.04823	0.42864	0.22778	0.01266	0.01853	0.03467	0.03306	0.01955	0.07505	0.01732	0.01080	0.01209	0.00878	0.00564	0.00469	0.00157	0.00700	0.00404	0.02180	0.00809
22	0.01083	0.00674	0.00912	0.00948	0.01105	0.00637	0.00762	0.01318	0.01455	0.10325	0.21190	0.20545	0.05479	0.01492	0.00759	0.00236	0.00433	0.29449	0.00604	0.00597
23	0.00852	0.00574	0.00663	0.00685	0.00690	0.00568	0.00395	0.00869	0.00919	0.01225	0.02120	0.15724	0.02470	0.66684	0.02699	0.00530	0.00546	0.01007	0.00395	0.00384
24	0.01007	0.01065	0.14031	0.00920	0.01206	0.00721	0.00856	0.01346	0.01547	0.05460	0.45624	0.07339	0.07354	0.01092	0.00659	0.00188	0.00405	0.00947	0.07597	0.00637
25	0.02102	0.06442	0.01867	0.08192	0.02035	0.01832	0.01174	0.58764	0.06102	0.03377	0.01422	0.01468	0.01028	0.00703	0.00589	0.00180	0.00664	0.00534	0.00551	0.00972
26	0.01340	0.01176	0.04324	0.00955	0.01495	0.00879	0.00800	0.03867	0.03023	0.04866	0.01164	0.01309	0.00935	0.00480	0.00466	0.00103	0.00474	0.00383	0.00381	0.71581
27	0.01612	0.36036	0.09533	0.07866	0.04895	0.15671	0.01221	0.05592	0.01386	0.01646	0.01032	0.01287	0.00882	0.02547	0.04238	0.00202	0.00803	0.00419	0.02375	0.00755
28	0.00780	0.00612	0.00706	0.00682	0.00855	0.00537	0.00512	0.00998	0.01535	0.02014	0.40054	0.05149	0.40659	0.01378	0.00710	0.00196	0.00294	0.01180	0.00610	0.00537
29	0.00731	0.00533	0.00688	0.00813	0.00866	0.00491	0.00547	0.00840	0.01176	0.01545	0.03618	0.70567	0.11683	0.01845	0.00762	0.00240	0.00344	0.01662	0.00558	0.00491
30	0.01489	0.01429	0.02442	0.03692	0.75106	0.01429	0.01846	0.01846	0.01370	0.01965	0.01132	0.01489	0.00953	0.00536	0.00596	0.00179	0.00715	0.00536	0.00298	0.00953
31	0.00733	0.00524	0.00698	0.00838	0.00873	0.00489	0.00558	0.00838	0.01152	0.01536	0.03316	0.78466	0.03979	0.01885	0.00768	0.00244	0.00349	0.01710	0.00558	0.00489
32	0.83108	0.01163	0.00884	0.00791	0.01163	0.01350	0.00651	0.01768	0.01024	0.02699	0.00838	0.00977	0.00651	0.00558	0.00372	0.00186	0.00465	0.00326	0.00372	0.00651
33	0.00875	0.00583	0.00656	0.00656	0.00656	0.00583	0.00365	0.00875	0.00875	0.01166	0.01895	0.03937	0.02187	0.78858	0.03062	0.00583	0.00583	0.00875	0.00365	0.00365
34	0.01339	0.01136	0.01894	0.56433	0.17794	0.01316	0.01637	0.01717	0.01280	0.07984	0.01194	0.01620	0.00891	0.00601	0.00601	0.00195	0.00760	0.00541	0.00314	0.00754
35	0.00875	0.00583	0.00656	0.00656	0.00656	0.00583	0.00365	0.00875	0.00875	0.01166	0.01895	0.03937	0.02187	0.78858	0.03062	0.00583	0.00583	0.00875	0.00365	0.00365
36	0.01489	0.01429	0.02442	0.03692	0.75106	0.01429	0.01846	0.01846	0.01370	0.01965	0.01132	0.01489	0.00953	0.00536	0.00596	0.00179	0.00715	0.00536	0.00298	0.00953
37	0.01420	0.01623	0.03550	0.02535	0.03144	0.01521	0.72921	0.01927	0.01420	0.01927	0.01217	0.01623	0.00913	0.00507	0.00710	0.00203	0.01014	0.00710	0.00304	0.00811
38	0.01608	0.79220	0.03152	0.01029	0.01544	0.02380	0.01029	0.01801	0.01222	0.01415	0.00836	0.00965	0.00772	0.00515	0.00386	0.00129	0.00643	0.00322	0.00257	0.00772
39	0.00799	0.00621	0.00941	0.00975	0.01057	0.00582	0.06773	0.00933	0.01161	0.01551	0.03065	0.68172	0.03627	0.05571	0.00876	0.00257	0.00418	0.01583	0.00527	0.00510
40	0.00856	0.00655	0.00823	0.00833	0.02951	0.00608	0.00595	0.01154	0.04369	0.02171	0.50044	0.10946	0.19127	0.01310	0.00708	0.00197	0.00313	0.01147	0.00621	0.00574
41	0.00935	0.00754	0.01036	0.01009	0.01104	0.02755	0.00780	0.01124	0.00974	0.01384	0.01546	0.02368	0.01479	0.10118	0.62210	0.00855	0.08064	0.00646	0.00320	0.00538
42	0.00733	0.00524	0.00698	0.00838	0.00873	0.00489	0.00558	0.00838	0.01152	0.01536	0.03316	0.78466	0.03979	0.01885	0.00768	0.00244	0.00349	0.01710	0.00558	0.00489
43	0.02287	0.01685	0.01805	0.01384	0.01866	0.01866	0.01143	0.73100	0.02828	0.03791	0.01444	0.01444	0.01023	0.00722	0.00602	0.00181	0.00662	0.00542	0.00602	0.01023
44	0.02336	0.01557	0.01720	0.01324	0.01799	0.01682	0.01092	0.58699	0.04726	0.16375	0.01637	0.01574	0.01129	0.00729	0.00603	0.00182	0.00630	0.00557	0.00627	0.01021
45	0.01624	0.01356	0.01432	0.01250	0.01613	0.01556	0.00983	0.14517	0.62490	0.02723	0.02286	0.02115	0.01705	0.00801	0.00610	0.00200	0.00506	0.00658	0.00610	0.00964
46	0.00868	0.00580	0.00658	0.00664	0.00666	0.00579	0.00373	0.00873	0.00888	0.01183	0.01961	0.07352	0.02269	0.75331	0.02957	0.00568	0.00572	0.00913	0.00373	0.00370
47	0.03287	0.01048	0.01169	0.04355	0.01406	0.02488	0.00797	0.13687	0.11640	0.14558	0.05894	0.02043	0.01597	0.00726	0.00535	0.00165	0.00465	0.00584	0.25730	0.07827
48	0.09181	0.01575	0.07209	0.01385	0.01895	0.01512	0.07713	0.37810	0.02155	0.21165	0.01575	0.01557	0.01077	0.00683	0.00591	0.00185	0.00657	0.00547	0.00565	0.00962

[dist]
# distance from previous block
# <min> <max>
1	2

[block]
# block no. 4 follows, 38 sequences, length 25
# corresponding to MSA columns:
# 512-536
name=unknown_E
#
# <colnr> <probs for GDERKNQSTAVLIFYWHMCP>
#	G	D	E	R	K	N	Q	S	T	A	V	L	I	F	Y	W	H	M	C	P
0	0.73910	0.03536	0.07247	0.00876	0.01295	0.01383	0.00794	0.01781	0.01050	0.02596	0.00858	0.01002	0.00664	0.00558	0.00389	0.00185	0.00506	0.00336	0.00359	0.00675
1	0.08705	0.00761	0.00804	0.03175	0.01015	0.00789	0.00576	0.07296	0.01386	0.08505	0.01823	0.02101	0.01420	0.04040	0.00565	0.00172	0.00377	0.00554	0.55293	0.00640
2	0.01508	0.29363	0.23527	0.01310	0.01842	0.09763	0.01361	0.04458	0.01373	0.03088	0.06856	0.01422	0.01188	0.00648	0.00614	0.00165	0.06445	0.00455	0.00320	0.04291
3	0.16487	0.01112	0.01252	0.00975	0.01417	0.01032	0.02129	0.09660	0.02734	0.09040	0.03042	0.04088	0.02334	0.00791	0.03784	0.00177	0.00532	0.00495	0.00441	0.38476
4	0.67783	0.01091	0.00921	0.00882	0.03765	0.01239	0.00675	0.01726	0.01063	0.04329	0.00989	0.01165	0.00775	0.00640	0.00476	0.03745	0.00462	0.00368	0.07259	0.00647
5	0.00869	0.00581	0.00658	0.00664	0.00666	0.00579	0.00373	0.00873	0.00887	0.01183	0.01958	0.07196	0.02265	0.75492	0.02962	0.00568	0.00573	0.00911	0.00373	0.00370
6	0.04190	0.56750	0.12049	0.01241	0.01778	0.04803	0.05759	0.01830	0.01241	0.01554	0.00893	0.01062	0.00777	0.00546	0.00492	0.00149	0.03471	0.00372	0.00266	0.00778
7	0.01260	0.05735	0.11023	0.35959	0.22992	0.01367	0.03328	0.01633	0.01239	0.01675	0.01131	0.03361	0.00929	0.00685	0.00686	0.04657	0.00759	0.00544	0.00281	0.00756
8	0.00846	0.00619	0.00796	0.00763	0.00910	0.00569	0.00580	0.01118	0.01657	0.02311	0.64954	0.04730	0.11546	0.01279	0.00716	0.00195	0.00300	0.04901	0.00647	0.00562
9	0.01226	0.02734	0.61013	0.01921	0.11356	0.01358	0.03677	0.01856	0.01310	0.01941	0.05190	0.01484	0.01062	0.00602	0.00585	0.00189	0.00837	0.00497	0.00283	0.00877
10	0.01326	0.01171	0.01559	0.01119	0.01660	0.00949	0.09536	0.05548	0.01356	0.02058	0.01108	0.01304	0.00901	0.00468	0.00486	0.00108	0.00527	0.00410	0.00364	0.68041
11	0.00867	0.00615	0.00816	0.00816	0.00871	0.00670	0.00563	0.00977	0.00922	0.01285	0.01750	0.03129	0.01836	0.40703	0.40737	0.00780	0.01111	0.00757	0.00343	0.00453
12	0.00770	0.00578	0.00722	0.00822	0.00923	0.00531	0.00604	0.00919	0.01256	0.01609	0.04074	0.45034	0.23824	0.01743	0.00763	0.00239	0.00374	0.14152	0.00558	0.00506
13	0.01587	0.75089	0.07092	0.01067	0.01602	0.02327	0.01094	0.01807	0.01225	0.01442	0.00850	0.00982	0.00771	0.00518	0.00396	0.00132	0.00657	0.00328	0.00257	0.00778
14	0.00728	0.00610	0.00633	0.00627	0.00823	0.00515	0.00470	0.00896	0.01411	0.01719	0.14305	0.05635	0.66592	0.01488	0.00711	0.00201	0.00302	0.01248	0.00571	0.00515
15	0.01819	0.01280	0.01368	0.01188	0.01548	0.05464	0.00939	0.04637	0.45344	0.20748	0.04760	0.02337	0.01853	0.00827	0.00617	0.00198	0.00520	0.02994	0.00628	0.00932
16	0.07740	0.01867	0.01730	0.01559	0.07949	0.19535	0.01153	0.38637	0.07640	0.04371	0.01348	0.01402	0.01003	0.00678	0.00572	0.00177	0.00737	0.00501	0.00494	0.00909
17	0.00819	0.00622	0.00691	0.00690	0.00876	0.00537	0.00520	0.00996	0.01417	0.04475	0.16180	0.11610	0.52470	0.01486	0.00717	0.00207	0.00324	0.04245	0.00581	0.00536
18	0.00926	0.00747	0.01051	0.01027	0.01131	0.02600	0.00804	0.01134	0.00981	0.01402	0.01533	0.02254	0.01433	0.04158	0.69038	0.00894	0.07390	0.00630	0.00317	0.00550
19	0.04265	0.01645	0.01657	0.01681	0.11233	0.23156	0.01190	0.03498	0.01279	0.01619	0.01190	0.01577	0.03031	0.01465	0.14555	0.00340	0.25090	0.00523	0.00312	0.00691
20	0.01300	0.01398	0.07652	0.01296	0.01456	0.10641	0.01093	0.01508	0.02148	0.03948	0.01455	0.05271	0.03697	0.09920	0.14563	0.00394	0.30654	0.00641	0.00333	0.00634
21	0.00765	0.00561	0.00779	0.00873	0.00922	0.00527	0.02692	0.00873	0.01136	0.01516	0.03134	0.69911	0.03737	0.08321	0.00959	0.00272	0.00388	0.01610	0.00535	0.00488
22	0.01361	0.01443	0.02750	0.08281	0.19079	0.03458	0.39020	0.01762	0.01348	0.01830	0.01350	0.08050	0.01178	0.00760	0.02619	0.00221	0.03658	0.00724	0.00320	0.00790
23	0.08978	0.01515	0.01842	0.01582	0.04909	0.12355	0.10107	0.03643	0.01238	0.01777	0.01225	0.01543	0.04936	0.00807	0.01133	0.00205	0.32054	0.00535	0.00322	0.09293
24	0.01368	0.01313	0.02035	0.07940	0.40737	0.04560	0.04779	0.03016	0.01356	0.01887	0.07414	0.05066	0.01476	0.00930	0.04962	0.00234	0.07828	0.00637	0.00343	0.02120

[dist]
# distance from previous block
# <min> <max>
6	14

[block]
# block no. 5 follows, 38 sequences, length 64
# corresponding to MSA columns:
# 551-614
name=unknown_F
#
# <colnr> <probs for GDERKNQSTAVLIFYWHMCP>
#	G	D	E	R	K	N	Q	S	T	A	V	L	I	F	Y	W	H	M	C	P
0	0.10761	0.01421	0.02230	0.05401	0.63062	0.03099	0.01690	0.01841	0.01333	0.02025	0.01092	0.01425	0.00910	0.00542	0.00569	0.00180	0.00697	0.00509	0.00306	0.00905
1	0.13254	0.21622	0.24342	0.01557	0.02162	0.05822	0.17409	0.01871	0.01292	0.01891	0.02951	0.01304	0.00913	0.00561	0.00529	0.00175	0.00789	0.00470	0.00297	0.00789
2	0.01504	0.01307	0.01300	0.01148	0.01480	0.05567	0.00897	0.13001	0.45470	0.02474	0.02918	0.02745	0.15731	0.00928	0.00626	0.00198	0.00505	0.00757	0.00583	0.00863
3	0.01436	0.01382	0.02296	0.03322	0.63623	0.01437	0.01727	0.01760	0.01319	0.01892	0.01302	0.01651	0.04054	0.00636	0.00757	0.00189	0.09443	0.00566	0.00305	0.00901
4	0.02287	0.01685	0.01805	0.01384	0.01866	0.01866	0.01143	0.73100	0.02828	0.03791	0.01444	0.01444	0.01023	0.00722	0.00602	0.00181	0.00662	0.00542	0.00602	0.01023
5	0.00733	0.00524	0.00698	0.00838	0.00873	0.00489	0.00558	0.00838	0.01152	0.01536	0.03316	0.78466	0.03979	0.01885	0.00768	0.00244	0.00349	0.01710	0.00558	0.00489
6	0.02527	0.01111	0.01427	0.01115	0.01567	0.01038	0.00914	0.08957	0.10023	0.61107	0.02302	0.02018	0.01489	0.00751	0.00606	0.00188	0.00521	0.00608	0.00717	0.01016
7	0.02108	0.01210	0.01392	0.01153	0.01549	0.03092	0.00920	0.07467	0.31601	0.36611	0.02293	0.02125	0.01606	0.03205	0.00683	0.00205	0.00523	0.00635	0.00658	0.00965
8	0.00718	0.00610	0.00619	0.00617	0.00817	0.00511	0.00462	0.00877	0.01387	0.01664	0.09470	0.05726	0.71462	0.01509	0.00711	0.00202	0.00304	0.01261	0.00564	0.00511
9	0.01254	0.00688	0.00702	0.00654	0.00833	0.00709	0.00503	0.09540	0.01439	0.02419	0.01904	0.02152	0.01483	0.00703	0.00441	0.00145	0.00324	0.00559	0.72936	0.00613
10	0.01454	0.01957	0.24196	0.04211	0.31168	0.04414	0.10663	0.03726	0.03207	0.03937	0.01188	0.01474	0.00923	0.00631	0.00676	0.03661	0.00800	0.00530	0.00312	0.00874
11	0.01411	0.09493	0.60990	0.01582	0.02390	0.01424	0.01967	0.02013	0.01317	0.10219	0.01205	0.01332	0.00845	0.00586	0.00559	0.00185	0.00825	0.00452	0.00310	0.00894
12	0.00801	0.00586	0.00754	0.00790	0.00900	0.00540	0.00576	0.01006	0.01451	0.01977	0.37476	0.31049	0.12706	0.01521	0.00738	0.00216	0.00325	0.05450	0.00607	0.00532
13	0.00733	0.00524	0.00698	0.00838	0.00873	0.00489	0.00558	0.00838	0.01152	0.01536	0.03316	0.78466	0.03979	0.01885	0.00768	0.00244	0.00349	0.01710	0.00558	0.00489
14	0.60326	0.08648	0.01262	0.00942	0.01323	0.07217	0.00785	0.07876	0.01245	0.02546	0.00895	0.01033	0.00707	0.00586	0.00448	0.00180	0.02557	0.00354	0.00373	0.00698
15	0.00816	0.00687	0.00801	0.00769	0.00922	0.00678	0.00586	0.00986	0.01349	0.01733	0.18212	0.08483	0.45990	0.03484	0.02917	0.00239	0.09136	0.01146	0.00534	0.00532
16	0.02042	0.01548	0.01708	0.01317	0.01765	0.01687	0.01085	0.56686	0.02437	0.03323	0.01356	0.01435	0.01004	0.00813	0.02815	0.00196	0.05595	0.00518	0.00539	0.12132
17	0.00732	0.00526	0.00695	0.00831	0.00871	0.00489	0.00555	0.00838	0.01158	0.01538	0.03397	0.76347	0.06045	0.01874	0.00766	0.00243	0.00348	0.01697	0.00558	0.00489
18	0.02155	0.01557	0.01664	0.01291	0.01733	0.01717	0.01061	0.64961	0.02651	0.03616	0.01503	0.01535	0.01082	0.00720	0.00581	0.00176	0.00619	0.00544	0.09864	0.00971
19	0.01489	0.01429	0.02442	0.03692	0.75106	0.01429	0.01846	0.01846	0.01370	0.01965	0.01132	0.01489	0.00953	0.00536	0.00596	0.00179	0.00715	0.00536	0.00298	0.00953
20	0.01293	0.11693	0.65450	0.01619	0.02454	0.01495	0.02050	0.01922	0.01277	0.03881	0.01088	0.01257	0.00783	0.00570	0.00551	0.00183	0.00851	0.00435	0.00268	0.00879
21	0.00956	0.00580	0.00777	0.00864	0.00948	0.00534	0.00595	0.01075	0.01216	0.09934	0.03209	0.69791	0.03696	0.01755	0.00749	0.00238	0.00368	0.01585	0.00580	0.00549
22	0.01420	0.01623	0.03550	0.02535	0.03144	0.01521	0.72921	0.01927	0.01420	0.01927	0.01217	0.01623	0.00913	0.00507	0.00710	0.00203	0.01014	0.00710	0.00304	0.00811
23	0.01121	0.00561	0.00561	0.00561	0.00701	0.00561	0.00421	0.01402	0.01262	0.02243	0.01962	0.02243	0.01542	0.00701	0.00421	0.00140	0.00280	0.00561	0.82198	0.00561
24	0.02287	0.01685	0.01805	0.01384	0.01866	0.01866	0.01143	0.73100	0.02828	0.03791	0.01444	0.01444	0.01023	0.00722	0.00602	0.00181	0.00662	0.00542	0.00602	0.01023
25	0.01681	0.70553	0.02988	0.01088	0.01580	0.10787	0.01044	0.01870	0.01277	0.01422	0.00847	0.00979	0.00772	0.00527	0.00404	0.00132	0.00693	0.00329	0.00263	0.00764
26	0.01045	0.00522	0.00784	0.00784	0.00784	0.00522	0.00522	0.00784	0.00784	0.01045	0.01045	0.01829	0.01045	0.02090	0.02351	0.82497	0.00522	0.00522	0.00261	0.00261
27	0.02160	0.01812	0.10172	0.01406	0.01929	0.01766	0.01251	0.60638	0.04402	0.06225	0.01463	0.01467	0.01031	0.00708	0.00599	0.00182	0.00677	0.00536	0.00568	0.01006
28	0.01317	0.01258	0.04012	0.05113	0.01898	0.05323	0.21492	0.04625	0.01350	0.01967	0.05533	0.01908	0.01360	0.00969	0.05838	0.00241	0.12157	0.00619	0.22332	0.00687
29	0.01136	0.01069	0.01804	0.77412	0.04143	0.01337	0.01671	0.01537	0.01203	0.01537	0.01069	0.01604	0.00802	0.00601	0.00601	0.00200	0.00802	0.00535	0.00267	0.00668
30	0.01247	0.01069	0.01247	0.00891	0.01426	0.00802	0.00713	0.01515	0.01247	0.01960	0.01069	0.01247	0.00891	0.00446	0.00446	0.00089	0.00446	0.00356	0.00356	0.82536
31	0.00733	0.00524	0.00698	0.00838	0.00873	0.00489	0.00558	0.00838	0.01152	0.01536	0.03316	0.78466	0.03979	0.01885	0.00768	0.00244	0.00349	0.01710	0.00558	0.00489
32	0.04773	0.01401	0.01471	0.01254	0.01636	0.01597	0.00996	0.23319	0.50745	0.02891	0.02098	0.01966	0.01557	0.00779	0.00600	0.00197	0.00529	0.00627	0.00600	0.00961
33	0.01239	0.02894	0.65427	0.01865	0.04761	0.01412	0.10237	0.01906	0.01290	0.01909	0.01097	0.01316	0.00785	0.00563	0.00588	0.00192	0.00898	0.00477	0.00261	0.00882
34	0.10575	0.18371	0.50630	0.01491	0.02238	0.01595	0.03592	0.01869	0.01236	0.01896	0.01006	0.01184	0.00755	0.00557	0.00515	0.00178	0.00794	0.00413	0.00269	0.00836
35	0.01420	0.01623	0.03550	0.02535	0.03144	0.01521	0.72921	0.01927	0.01420	0.01927	0.01217	0.01623	0.00913	0.00507	0.00710	0.00203	0.01014	0.00710	0.00304	0.00811
36	0.01041	0.00931	0.01364	0.04196	0.28211	0.00892	0.01063	0.01292	0.01370	0.01786	0.05727	0.06153	0.34117	0.01148	0.00679	0.00202	0.00497	0.08193	0.00456	0.00682
37	0.01312	0.01242	0.05626	0.05554	0.01902	0.03085	0.17195	0.07450	0.13295	0.05375	0.02263	0.27255	0.03630	0.01075	0.00682	0.00212	0.00624	0.00998	0.00483	0.00741
38	0.00859	0.00645	0.00967	0.00967	0.01074	0.00752	0.00752	0.01074	0.00967	0.01396	0.01611	0.02363	0.01504	0.04512	0.76474	0.00967	0.01611	0.00645	0.00322	0.00537
39	0.02699	0.01024	0.01396	0.01070	0.01536	0.00884	0.00884	0.02932	0.01722	0.75522	0.02373	0.02048	0.01489	0.00745	0.00605	0.00186	0.00512	0.00605	0.00745	0.01024
40	0.02699	0.01024	0.01396	0.01070	0.01536	0.00884	0.00884	0.02932	0.01722	0.75522	0.02373	0.02048	0.01489	0.00745	0.00605	0.00186	0.00512	0.00605	0.00745	0.01024
41	0.01874	0.01014	0.01281	0.03121	0.03425	0.00991	0.00881	0.07328	0.13609	0.34044	0.11307	0.04581	0.08621	0.00942	0.00642	0.00196	0.00482	0.04145	0.00649	0.00866
42	0.01608	0.79220	0.03152	0.01029	0.01544	0.02380	0.01029	0.01801	0.01222	0.01415	0.00836	0.00965	0.00772	0.00515	0.00386	0.00129	0.00643	0.00322	0.00257	0.00772
43	0.02563	0.01054	0.01392	0.01088	0.01539	0.00954	0.00892	0.02962	0.09928	0.67235	0.02382	0.02070	0.01529	0.00753	0.00606	0.00188	0.00508	0.00613	0.00730	0.01016
44	0.01155	0.01147	0.03623	0.03105	0.01603	0.01407	0.06833	0.01359	0.01002	0.01490	0.01216	0.06084	0.01185	0.02014	0.22835	0.00453	0.41915	0.00641	0.00300	0.00633
45	0.01059	0.00581	0.00657	0.00657	0.00790	0.00606	0.00499	0.01324	0.01192	0.02042	0.01879	0.02271	0.01533	0.01607	0.18498	0.00337	0.00597	0.00581	0.62736	0.00555
46	0.00733	0.00524	0.00698	0.00838	0.00873	0.00489	0.00558	0.00838	0.01152	0.01536	0.03316	0.78466	0.03979	0.01885	0.00768	0.00244	0.00349	0.01710	0.00558	0.00489
47	0.00735	0.00544	0.00687	0.00792	0.00863	0.00496	0.00540	0.00856	0.01218	0.01593	0.07199	0.61715	0.16988	0.01788	0.00755	0.00234	0.00338	0.01600	0.00563	0.00496
48	0.03615	0.07715	0.38740	0.01658	0.03892	0.01432	0.09853	0.01923	0.01295	0.10193	0.01294	0.03009	0.01008	0.00687	0.00734	0.00198	0.08973	0.02607	0.00335	0.00840
49	0.00720	0.00598	0.00630	0.00646	0.00824	0.00508	0.00475	0.00871	0.01356	0.01646	0.08621	0.15485	0.62431	0.01560	0.00719	0.00208	0.00310	0.01321	0.00563	0.00508
50	0.00868	0.00581	0.00658	0.00664	0.00666	0.00579	0.00373	0.00873	0.00887	0.01183	0.01960	0.07327	0.02269	0.75357	0.02958	0.00568	0.00573	0.00913	0.00373	0.00370
51	0.01814	0.39741	0.10494	0.01387	0.05742	0.17467	0.01231	0.07629	0.01494	0.06445	0.01045	0.01159	0.00847	0.00575	0.00481	0.00151	0.00759	0.00396	0.00328	0.00815
52	0.00884	0.00683	0.00811	0.00792	0.00956	0.00656	0.00592	0.01270	0.09739	0.02085	0.37887	0.11895	0.21718	0.03755	0.00782	0.00215	0.00337	0.03754	0.00608	0.00582
53	0.00855	0.00575	0.00662	0.00682	0.00687	0.00570	0.00392	0.00870	0.00914	0.01219	0.02099	0.14604	0.02444	0.67842	0.02734	0.00535	0.00550	0.00994	0.00392	0.00382
54	0.01288	0.01487	0.09038	0.09874	0.18567	0.01357	0.28946	0.01690	0.01298	0.01804	0.01390	0.10281	0.01252	0.00825	0.02688	0.00225	0.06161	0.00730	0.00321	0.00781
55	0.03682	0.01269	0.03722	0.01360	0.01782	0.01219	0.13644	0.17530	0.01779	0.27828	0.06482	0.02027	0.01527	0.04427	0.00787	0.00208	0.03878	0.00638	0.05339	0.00871
56	0.01551	0.10426	0.05433	0.05135	0.45957	0.08018	0.01622	0.04610	0.01403	0.01880	0.01125	0.01523	0.00967	0.00613	0.00654	0.00180	0.05279	0.02441	0.00308	0.00873
57	0.01118	0.00692	0.00862	0.00806	0.00979	0.00643	0.00593	0.02920	0.03146	0.12063	0.33625	0.15299	0.12736	0.10608	0.00982	0.00246	0.00376	0.01091	0.00607	0.00605
58	0.01071	0.03018	0.00973	0.05831	0.01186	0.00771	0.00665	0.02817	0.06639	0.06857	0.27534	0.10822	0.13466	0.12107	0.01005	0.00250	0.00416	0.00995	0.02973	0.00603
59	0.03977	0.01637	0.11619	0.02056	0.24251	0.07483	0.03255	0.03723	0.16740	0.10409	0.01685	0.01871	0.02633	0.00827	0.03431	0.00217	0.00717	0.02152	0.00430	0.00887
60	0.11576	0.04410	0.45642	0.01753	0.12210	0.01319	0.01750	0.01756	0.01238	0.01959	0.01303	0.10018	0.01140	0.00712	0.00567	0.00193	0.00743	0.00582	0.00310	0.00819
61	0.54651	0.05155	0.04136	0.00824	0.01195	0.01229	0.00713	0.03121	0.01172	0.04245	0.01988	0.02023	0.16062	0.00765	0.00462	0.00187	0.00464	0.00538	0.00414	0.00655
62	0.01763	0.03673	0.05339	0.01672	0.13974	0.16018	0.01179	0.16573	0.13091	0.06410	0.01800	0.04701	0.05379	0.02788	0.00656	0.00190	0.00687	0.00614	0.00461	0.03032
63	0.04926	0.01051	0.01192	0.01009	0.01310	0.01082	0.00792	0.22586	0.03169	0.06232	0.06076	0.14641	0.04627	0.02716	0.04467	0.00227	0.02818	0.00777	0.08488	0.11813

[dist]
# distance from previous block
# <min> <max>
3	25

[block]
# block no. 6 follows, 38 sequences, length 6
# corresponding to MSA columns:
# 640-645
name=unknown_G
#
# <colnr> <probs for GDERKNQSTAVLIFYWHMCP>
#	G	D	E	R	K	N	Q	S	T	A	V	L	I	F	Y	W	H	M	C	P
0	0.10548	0.00814	0.00931	0.03634	0.03611	0.00817	0.00682	0.04882	0.03010	0.10461	0.09258	0.07824	0.15028	0.02821	0.00636	0.00194	0.00408	0.02972	0.20817	0.00653
1	0.11152	0.09053	0.04252	0.01189	0.02996	0.11707	0.00981	0.15663	0.03433	0.16184	0.03223	0.01692	0.04597	0.00760	0.02006	0.00182	0.00643	0.00515	0.00479	0.09292
2	0.01186	0.01004	0.01432	0.04912	0.06503	0.01008	0.08310	0.07111	0.10072	0.02058	0.09755	0.25519	0.02481	0.01076	0.00685	0.00196	0.02338	0.00968	0.02344	0.11043
3	0.39848	0.01135	0.01239	0.09121	0.09899	0.01271	0.00936	0.07285	0.06180	0.02462	0.08602	0.06787	0.01535	0.00747	0.00516	0.00192	0.00519	0.00581	0.00428	0.00717
4	0.00951	0.14276	0.09640	0.00935	0.01181	0.00928	0.00819	0.01169	0.01279	0.01693	0.13268	0.38500	0.10391	0.01371	0.00666	0.00206	0.00447	0.01195	0.00488	0.00596
5	0.01384	0.01345	0.09252	0.02389	0.37090	0.01135	0.05368	0.01712	0.01374	0.09468	0.02226	0.10891	0.12036	0.00856	0.00637	0.00193	0.00627	0.00783	0.00407	0.00829

[dist]
# distance from previous block
# <min> <max>
7	50

[block]
# block no. 7 follows, 38 sequences, length 35
# corresponding to MSA columns:
# 711-745
name=unknown_H
#
# <colnr> <probs for GDERKNQSTAVLIFYWHMCP>
#	G	D	E	R	K	N	Q	S	T	A	V	L	I	F	Y	W	H	M	C	P
0	0.01648	0.06034	0.01752	0.03574	0.04085	0.03590	0.08040	0.07791	0.29890	0.11526	0.01986	0.02004	0.03750	0.00918	0.03805	0.00227	0.05623	0.00629	0.02264	0.00868
1	0.01291	0.04033	0.10083	0.01381	0.09021	0.11682	0.01086	0.01620	0.03654	0.04834	0.09849	0.07801	0.10920	0.01189	0.03798	0.00230	0.00654	0.12472	0.00452	0.03951
2	0.01262	0.00996	0.01241	0.05391	0.01499	0.00923	0.03007	0.03675	0.08425	0.04532	0.04658	0.04346	0.04555	0.03933	0.00687	0.00167	0.02960	0.02964	0.08513	0.36265
3	0.01203	0.04081	0.01150	0.01055	0.01265	0.00943	0.00865	0.15415	0.01605	0.02122	0.05063	0.19071	0.05369	0.04358	0.00821	0.00246	0.00520	0.31313	0.00543	0.02991
4	0.12397	0.50218	0.04273	0.01091	0.01580	0.05845	0.01026	0.11674	0.01459	0.04270	0.00979	0.01080	0.00813	0.00563	0.00433	0.00148	0.00647	0.00368	0.00338	0.00798
5	0.06328	0.22532	0.34286	0.01491	0.06479	0.06303	0.01542	0.01805	0.01287	0.01805	0.05589	0.01433	0.01115	0.00811	0.04627	0.00213	0.00802	0.00458	0.00297	0.00797
6	0.01548	0.02888	0.01401	0.08583	0.01673	0.05722	0.00973	0.25072	0.04292	0.03924	0.09206	0.06792	0.01859	0.03606	0.08237	0.00279	0.03893	0.02694	0.06607	0.00751
7	0.00755	0.00554	0.00718	0.00809	0.00878	0.00525	0.00558	0.00884	0.01186	0.01575	0.07946	0.54209	0.12874	0.04985	0.08244	0.00319	0.00472	0.01479	0.00535	0.00496
8	0.01566	0.01033	0.01257	0.01110	0.01378	0.01069	0.02386	0.22498	0.07498	0.12250	0.03766	0.25323	0.02365	0.03413	0.00816	0.03522	0.00516	0.06899	0.00579	0.00755
9	0.01552	0.04776	0.05041	0.13820	0.28298	0.08015	0.05361	0.10856	0.03708	0.02019	0.01201	0.03021	0.00989	0.00681	0.00703	0.02832	0.03911	0.00544	0.00343	0.02330
10	0.00807	0.00681	0.00692	0.00682	0.00852	0.03091	0.00497	0.00969	0.01392	0.01727	0.18957	0.07495	0.49380	0.09005	0.00937	0.00237	0.00356	0.01179	0.00552	0.00511
11	0.00912	0.00631	0.00807	0.00753	0.00916	0.00574	0.00568	0.01179	0.01667	0.05360	0.64121	0.04537	0.13218	0.01242	0.00705	0.00191	0.00296	0.01088	0.00654	0.00580
12	0.01318	0.01304	0.04037	0.44859	0.18979	0.04135	0.02922	0.04330	0.05752	0.01796	0.01258	0.01781	0.01007	0.00643	0.00609	0.00196	0.00766	0.03225	0.00320	0.00766
13	0.01392	0.01429	0.05943	0.15325	0.46736	0.04045	0.01643	0.03276	0.02385	0.01892	0.03642	0.01812	0.03250	0.03862	0.00703	0.00200	0.00716	0.00580	0.00324	0.00845
14	0.00907	0.00709	0.01035	0.01008	0.01097	0.00852	0.00783	0.01099	0.00956	0.01386	0.01547	0.02366	0.01478	0.09321	0.63771	0.00868	0.09314	0.00648	0.00319	0.00537
15	0.66099	0.01248	0.01063	0.00904	0.01299	0.01421	0.00745	0.14122	0.01362	0.05661	0.01001	0.01099	0.00748	0.00594	0.00421	0.00185	0.00501	0.00374	0.00426	0.00730
16	0.01319	0.17053	0.59724	0.01577	0.02382	0.01595	0.01964	0.04459	0.01318	0.01883	0.01048	0.01220	0.00773	0.00567	0.00539	0.00179	0.00836	0.00425	0.00267	0.00872
17	0.01365	0.01361	0.04874	0.22732	0.47877	0.01376	0.01743	0.01797	0.04217	0.01866	0.01250	0.01758	0.01044	0.00612	0.00607	0.00190	0.00728	0.03433	0.00311	0.00860
18	0.00715	0.00593	0.00627	0.00654	0.00824	0.00504	0.00477	0.00858	0.01329	0.01608	0.05557	0.19840	0.61158	0.01593	0.00722	0.00211	0.00313	0.01355	0.00559	0.00504
19	0.00877	0.00633	0.00803	0.00861	0.00955	0.00612	0.00609	0.06075	0.01383	0.01866	0.16806	0.52973	0.05721	0.03480	0.00800	0.00237	0.00370	0.03820	0.00577	0.00542
20	0.00745	0.00532	0.00708	0.00830	0.00875	0.00496	0.00559	0.00867	0.01206	0.01621	0.10301	0.71236	0.04145	0.01821	0.00762	0.00239	0.00343	0.01649	0.00569	0.00496
21	0.03519	0.01579	0.02040	0.05928	0.43425	0.11488	0.01514	0.06235	0.12982	0.02096	0.01335	0.01557	0.01069	0.00608	0.00584	0.00180	0.00714	0.00535	0.01715	0.00897
22	0.01261	0.16306	0.54473	0.01493	0.02233	0.01480	0.01830	0.01816	0.01292	0.02914	0.05810	0.04083	0.01197	0.00651	0.00555	0.00181	0.00783	0.00509	0.00298	0.00836
23	0.02116	0.01699	0.08915	0.01341	0.01836	0.01662	0.01182	0.54722	0.04796	0.08514	0.01537	0.01543	0.01087	0.00711	0.00589	0.00180	0.00645	0.00542	0.05404	0.00980
24	0.04107	0.67678	0.04503	0.01072	0.01587	0.02278	0.01055	0.08771	0.01374	0.01696	0.00901	0.01019	0.00793	0.00537	0.00411	0.00137	0.00645	0.00346	0.00294	0.00795
25	0.03567	0.01141	0.01806	0.44622	0.20476	0.01314	0.01532	0.01731	0.08429	0.01769	0.01375	0.07151	0.01164	0.00698	0.00607	0.00198	0.00707	0.00628	0.00333	0.00751
26	0.01490	0.01358	0.01972	0.06981	0.45166	0.05646	0.01472	0.08680	0.01504	0.03451	0.03757	0.07350	0.03858	0.03838	0.00712	0.00201	0.00674	0.00669	0.00376	0.00847
27	0.01290	0.01068	0.01307	0.08377	0.01695	0.00857	0.00813	0.01569	0.01261	0.04631	0.01117	0.01312	0.00904	0.00472	0.00467	0.00104	0.00483	0.00383	0.00362	0.71529
28	0.01444	0.01343	0.02110	0.30844	0.37881	0.02832	0.01683	0.08693	0.01442	0.01959	0.01125	0.01515	0.00895	0.00596	0.00640	0.00189	0.03121	0.00533	0.00315	0.00840
29	0.04349	0.01180	0.01350	0.08642	0.05127	0.03887	0.00965	0.12252	0.17498	0.10645	0.02527	0.05686	0.13490	0.00893	0.00611	0.00188	0.00537	0.02225	0.00525	0.07421
30	0.02157	0.01512	0.01681	0.01367	0.03797	0.01643	0.01082	0.55434	0.06367	0.10516	0.01678	0.05212	0.01276	0.02600	0.00668	0.00195	0.00622	0.00618	0.00600	0.00977
31	0.07062	0.01247	0.02022	0.37966	0.35360	0.01388	0.01667	0.02993	0.01294	0.01849	0.01087	0.01506	0.00862	0.00572	0.00583	0.00189	0.00737	0.00521	0.00294	0.00800
32	0.01295	0.01231	0.02091	0.44206	0.36107	0.01378	0.01750	0.01676	0.01278	0.01730	0.01097	0.01552	0.00870	0.00572	0.00599	0.00191	0.00763	0.00535	0.00281	0.00796
