[name]
unknown

[dist]
# distance from previous block
# <min> <max>
1	29

[block]
# block no. 0 follows, 47 sequences, length 29
# corresponding to MSA columns:
# 36-64
name=unknown_A
#
# <colnr> <probs for GDERKNQSTAVLIFYWHMCP>
#	G	D	E	R	K	N	Q	S	T	A	V	L	I	F	Y	W	H	M	C	P
0	0.05813	0.07512	0.09452	0.01005	0.01358	0.09135	0.00891	0.13356	0.04721	0.12846	0.04517	0.04356	0.01384	0.05247	0.00621	0.00175	0.00540	0.07336	0.02085	0.07650
1	0.05681	0.01199	0.05871	0.02540	0.05089	0.08623	0.04487	0.10862	0.04929	0.07647	0.04045	0.06260	0.02578	0.04724	0.00715	0.00182	0.06788	0.05909	0.04991	0.06881
2	0.03069	0.01439	0.17271	0.05319	0.11775	0.08720	0.05660	0.01668	0.04600	0.12379	0.04526	0.09608	0.01321	0.02991	0.00581	0.00169	0.00593	0.00573	0.00359	0.07378
3	0.05921	0.01819	0.07998	0.04062	0.03529	0.35404	0.01008	0.09559	0.07489	0.01721	0.01053	0.02535	0.00850	0.00569	0.00504	0.00144	0.03016	0.00406	0.03885	0.08529
4	0.02886	0.03488	0.07110	0.15733	0.03480	0.01037	0.10953	0.07352	0.03132	0.01760	0.01035	0.02283	0.00824	0.00479	0.00466	0.00130	0.00556	0.00424	0.02383	0.34490
5	0.01170	0.02987	0.03867	0.47582	0.09680	0.01224	0.04947	0.10439	0.05679	0.01699	0.01078	0.01402	0.00815	0.00537	0.00512	0.00166	0.00642	0.00473	0.04441	0.00661
6	0.07443	0.01308	0.03496	0.05230	0.37230	0.02485	0.21156	0.08135	0.03379	0.01868	0.01029	0.01292	0.00812	0.00482	0.00525	0.00160	0.00667	0.00488	0.00294	0.02523
7	0.00905	0.00452	0.00678	0.00678	0.00678	0.00452	0.00452	0.00678	0.00678	0.00905	0.00905	0.01583	0.00905	0.01809	0.02035	0.84848	0.00452	0.00452	0.00226	0.00226
8	0.01011	0.00971	0.01691	0.72251	0.05812	0.01171	0.07050	0.01364	0.01060	0.01367	0.00937	0.01387	0.00705	0.00513	0.00527	0.00173	0.00706	0.00474	0.00235	0.00595
9	0.00753	0.00523	0.00661	0.00661	0.00693	0.00555	0.00431	0.00817	0.00785	0.01078	0.01556	0.02939	0.01690	0.54911	0.29159	0.00619	0.00811	0.00689	0.00303	0.00367
10	0.01363	0.01076	0.01184	0.01085	0.03223	0.01216	0.00822	0.04160	0.64372	0.07644	0.02002	0.01880	0.01497	0.00755	0.00611	0.04803	0.00425	0.00571	0.00515	0.00797
11	0.00893	0.00460	0.00690	0.00690	0.00697	0.00467	0.00467	0.00697	0.00690	0.00927	0.00940	0.01616	0.00933	0.01960	0.07629	0.78793	0.00520	0.00460	0.00230	0.00243
12	0.01045	0.02694	0.79000	0.01484	0.02254	0.01209	0.01924	0.01649	0.01099	0.01649	0.00935	0.01099	0.00660	0.00495	0.00495	0.00165	0.00770	0.00385	0.00220	0.00770
13	0.02107	0.01029	0.01270	0.00998	0.01387	0.01007	0.00816	0.16413	0.13548	0.52744	0.01915	0.01702	0.01261	0.00651	0.00524	0.00163	0.00463	0.00524	0.00604	0.00876
14	0.01023	0.01062	0.02048	0.01577	0.01897	0.03128	0.44326	0.01308	0.01125	0.01498	0.01668	0.26842	0.01714	0.07306	0.00789	0.00212	0.00668	0.00892	0.00337	0.00580
15	0.03771	0.01242	0.01370	0.01076	0.01456	0.01337	0.00881	0.48626	0.09617	0.17135	0.03028	0.01494	0.01126	0.00642	0.00512	0.00158	0.00506	0.00497	0.04681	0.00845
16	0.01144	0.01154	0.01676	0.01412	0.01441	0.01580	0.05262	0.01276	0.00821	0.01276	0.00704	0.01154	0.00689	0.00886	0.01649	0.00225	0.76380	0.00464	0.00230	0.00577
17	0.01064	0.00883	0.00937	0.00862	0.01056	0.04722	0.00657	0.13259	0.15417	0.01945	0.16750	0.19489	0.16341	0.01065	0.00620	0.00178	0.02760	0.00900	0.00496	0.00599
18	0.01228	0.01026	0.01194	0.00883	0.01305	0.00907	0.00714	0.13383	0.01279	0.01919	0.00960	0.01111	0.00783	0.00462	0.00503	0.00101	0.06208	0.00345	0.00337	0.65352
19	0.01123	0.01025	0.00960	0.00895	0.01109	0.10272	0.00673	0.07095	0.28317	0.01768	0.02777	0.15075	0.20736	0.04966	0.00669	0.00192	0.00437	0.00825	0.00469	0.00619
20	0.00648	0.00468	0.00617	0.00731	0.00776	0.00437	0.00504	0.00752	0.01022	0.01350	0.02996	0.71654	0.07589	0.01600	0.00666	0.00212	0.00313	0.06754	0.00483	0.00428
21	0.01065	0.01040	0.01610	0.68794	0.10581	0.05453	0.01437	0.01397	0.01079	0.01363	0.00924	0.01354	0.00705	0.00516	0.00517	0.00170	0.00700	0.00456	0.00236	0.00603
22	0.00634	0.00453	0.00604	0.00725	0.00755	0.00423	0.00483	0.00725	0.00997	0.01329	0.02870	0.81358	0.03444	0.01632	0.00665	0.00211	0.00302	0.01480	0.00483	0.00423
23	0.00748	0.00554	0.00706	0.00714	0.00769	0.00587	0.00503	0.00842	0.00892	0.01203	0.03531	0.12942	0.10454	0.33797	0.20804	0.00478	0.05050	0.04665	0.00354	0.00405
24	0.00647	0.00466	0.00608	0.00703	0.00750	0.00433	0.00475	0.00753	0.01048	0.01401	0.10508	0.67445	0.07481	0.03753	0.00711	0.00213	0.00300	0.01387	0.00488	0.00428
25	0.00789	0.00531	0.00598	0.00591	0.00604	0.00535	0.00340	0.02953	0.00813	0.01085	0.01666	0.05653	0.01910	0.76983	0.02530	0.00486	0.00501	0.00770	0.00326	0.00335
26	0.01512	0.18758	0.01689	0.08679	0.01652	0.28090	0.00962	0.07181	0.05049	0.01525	0.00906	0.01069	0.00750	0.00534	0.00529	0.00135	0.06485	0.00362	0.00290	0.13844
27	0.01371	0.01130	0.01250	0.03942	0.01425	0.05075	0.01800	0.22066	0.02774	0.03680	0.01241	0.02986	0.03135	0.02177	0.00534	0.00129	0.02683	0.00436	0.01927	0.40239
28	0.04407	0.08567	0.09096	0.02867	0.06302	0.09252	0.07999	0.11850	0.03553	0.13421	0.02692	0.01444	0.03179	0.00710	0.03754	0.00179	0.02778	0.00466	0.00372	0.07113

[dist]
# distance from previous block
# <min> <max>
4	11

[block]
# block no. 1 follows, 47 sequences, length 6
# corresponding to MSA columns:
# 76-81
name=unknown_B
#
# <colnr> <probs for GDERKNQSTAVLIFYWHMCP>
#	G	D	E	R	K	N	Q	S	T	A	V	L	I	F	Y	W	H	M	C	P
0	0.06571	0.03385	0.04950	0.09873	0.09367	0.10305	0.06069	0.11946	0.10129	0.01845	0.03976	0.03448	0.05617	0.00677	0.00647	0.00169	0.09464	0.00531	0.00352	0.00679
1	0.09235	0.12684	0.05972	0.01255	0.06320	0.28907	0.00984	0.09025	0.03333	0.01619	0.01050	0.01291	0.02950	0.05699	0.00695	0.00172	0.07455	0.00412	0.00301	0.00640
2	0.00631	0.00468	0.00589	0.00687	0.00745	0.00426	0.00466	0.00729	0.01034	0.01344	0.03336	0.66577	0.17925	0.01571	0.00655	0.00205	0.00295	0.01407	0.00483	0.00426
3	0.01418	0.05926	0.12192	0.17241	0.14213	0.07942	0.01269	0.15865	0.12855	0.04254	0.01188	0.01334	0.00895	0.00557	0.00503	0.00159	0.00633	0.00453	0.00348	0.00754
4	0.06388	0.00631	0.00782	0.00703	0.00897	0.00581	0.00541	0.01298	0.01379	0.17923	0.44658	0.07923	0.12255	0.01003	0.00580	0.00167	0.00302	0.00863	0.00557	0.00568
5	0.01556	0.12410	0.01622	0.04791	0.01571	0.22554	0.03405	0.20331	0.06961	0.01871	0.03677	0.04814	0.01082	0.00779	0.03602	0.00182	0.07269	0.00483	0.00358	0.00680

[dist]
# distance from previous block
# <min> <max>
0	8

[block]
# block no. 2 follows, 47 sequences, length 13
# corresponding to MSA columns:
# 90-102
name=unknown_C
#
# <colnr> <probs for GDERKNQSTAVLIFYWHMCP>
#	G	D	E	R	K	N	Q	S	T	A	V	L	I	F	Y	W	H	M	C	P
0	0.00836	0.00697	0.00786	0.00800	0.00919	0.05403	0.01980	0.04338	0.02754	0.01459	0.02640	0.54341	0.09207	0.04512	0.00697	0.00202	0.00377	0.01185	0.00450	0.06418
1	0.01248	0.04779	0.01230	0.15459	0.01587	0.15832	0.00865	0.06538	0.01204	0.06188	0.01758	0.08105	0.10765	0.10034	0.02185	0.00217	0.08651	0.00627	0.02164	0.00563
2	0.00965	0.00716	0.00857	0.00801	0.00968	0.00706	0.00596	0.14313	0.01292	0.01764	0.09835	0.28792	0.05440	0.10970	0.05696	0.00256	0.00454	0.05168	0.00447	0.09965
3	0.05500	0.09984	0.22544	0.01198	0.01694	0.01239	0.07355	0.15034	0.01387	0.13870	0.02815	0.01322	0.00933	0.02200	0.00556	0.00158	0.02625	0.00438	0.00366	0.08781
4	0.03232	0.08360	0.06758	0.07309	0.19255	0.03268	0.18782	0.06838	0.01224	0.03997	0.01102	0.06166	0.00941	0.00582	0.00605	0.00163	0.06339	0.00528	0.00298	0.04253
5	0.01731	0.02887	0.01565	0.01181	0.01562	0.01436	0.05563	0.54952	0.02035	0.04102	0.01223	0.01376	0.00930	0.04468	0.03765	0.00196	0.03352	0.00480	0.00457	0.06736
6	0.00927	0.00754	0.01209	0.01056	0.01224	0.00752	0.14996	0.01191	0.05795	0.04998	0.10980	0.32620	0.02565	0.09497	0.00902	0.00227	0.04941	0.04408	0.00430	0.00529
7	0.00655	0.00475	0.00618	0.00697	0.00757	0.00438	0.00479	0.00781	0.01110	0.01494	0.18822	0.60064	0.08698	0.01492	0.00651	0.00199	0.00288	0.01342	0.00502	0.00438
8	0.01028	0.00843	0.04114	0.00941	0.01137	0.00818	0.04181	0.04096	0.21060	0.06322	0.07625	0.36272	0.02479	0.01105	0.00618	0.00188	0.02250	0.00977	0.03337	0.00608
9	0.00756	0.00520	0.00646	0.00643	0.00756	0.00477	0.00467	0.00942	0.01278	0.03733	0.41731	0.20147	0.14426	0.04375	0.00686	0.00186	0.00275	0.01027	0.06454	0.00472
10	0.05412	0.01263	0.04694	0.11567	0.01751	0.01351	0.00991	0.31447	0.26266	0.05075	0.01491	0.01505	0.01090	0.00626	0.00509	0.00165	0.00523	0.00497	0.02985	0.00794
11	0.00948	0.00540	0.00712	0.00685	0.00725	0.00546	0.00456	0.04013	0.02727	0.03058	0.04507	0.02179	0.01372	0.23438	0.02003	0.50450	0.00462	0.00562	0.00296	0.00321
12	0.01116	0.01039	0.04349	0.02122	0.04198	0.08209	0.00736	0.12662	0.09896	0.01796	0.10086	0.14292	0.12542	0.11898	0.00846	0.00214	0.00471	0.00788	0.00433	0.02305

[dist]
# distance from previous block
# <min> <max>
0	16

[block]
# block no. 3 follows, 47 sequences, length 23
# corresponding to MSA columns:
# 119-128,130-142
name=unknown_D
#
# <colnr> <probs for GDERKNQSTAVLIFYWHMCP>
#	G	D	E	R	K	N	Q	S	T	A	V	L	I	F	Y	W	H	M	C	P
0	0.09711	0.07973	0.15509	0.03528	0.03644	0.03480	0.09080	0.11641	0.01334	0.08463	0.06514	0.01533	0.04455	0.00592	0.00520	0.00153	0.02740	0.00481	0.00358	0.08292
1	0.00894	0.03048	0.00901	0.00789	0.00943	0.00723	0.01892	0.03374	0.08161	0.03841	0.34319	0.12644	0.13720	0.04345	0.00755	0.00191	0.05522	0.02905	0.00496	0.00535
2	0.01631	0.01164	0.01308	0.04660	0.01477	0.01270	0.00868	0.45941	0.08962	0.07881	0.03198	0.11858	0.01437	0.05084	0.00656	0.00185	0.00509	0.00639	0.00502	0.00768
3	0.00650	0.00477	0.00605	0.00682	0.00746	0.00437	0.00468	0.00766	0.01087	0.01441	0.13970	0.57212	0.14427	0.03576	0.00702	0.00207	0.00294	0.01329	0.00492	0.00432
4	0.01076	0.00895	0.01397	0.49778	0.06264	0.01061	0.01200	0.04973	0.03344	0.04976	0.01217	0.07580	0.01030	0.00885	0.05715	0.02467	0.03024	0.00554	0.01967	0.00595
5	0.00774	0.00542	0.00698	0.00654	0.00788	0.00495	0.00492	0.01010	0.01454	0.04216	0.70690	0.03912	0.10167	0.01071	0.00612	0.00165	0.00253	0.00941	0.00569	0.00499
6	0.01075	0.00926	0.01102	0.04406	0.01341	0.00715	0.00655	0.01312	0.01078	0.01680	0.00926	0.01094	0.00768	0.00392	0.00392	0.00082	0.00400	0.00316	0.00305	0.81037
7	0.00722	0.00543	0.00671	0.00672	0.00801	0.00501	0.00513	0.00941	0.02499	0.01772	0.41890	0.09889	0.22626	0.03148	0.00679	0.00188	0.00293	0.10653	0.00526	0.00473
8	0.01080	0.00926	0.01080	0.00771	0.01234	0.00694	0.00617	0.01311	0.01080	0.01697	0.00926	0.01080	0.00771	0.00386	0.00386	0.00077	0.00386	0.00309	0.00309	0.84882
9	0.01113	0.01000	0.01531	0.56673	0.12231	0.04387	0.01319	0.01414	0.01081	0.05024	0.01027	0.01498	0.00817	0.05761	0.00652	0.00188	0.00663	0.00475	0.00263	0.02884
10	0.00799	0.00538	0.00696	0.00654	0.00783	0.00498	0.00491	0.01039	0.01438	0.04414	0.68953	0.05699	0.04533	0.01037	0.00597	0.00162	0.00253	0.00913	0.06001	0.00501
11	0.00661	0.00479	0.00633	0.00734	0.00786	0.00440	0.00500	0.00762	0.01007	0.01353	0.02779	0.75515	0.03310	0.01569	0.00654	0.00206	0.00311	0.03566	0.00475	0.04260
12	0.00654	0.00514	0.00591	0.00603	0.00735	0.00451	0.00441	0.00811	0.01232	0.01587	0.25732	0.19873	0.42306	0.01308	0.00625	0.00179	0.00266	0.01130	0.00509	0.00451
13	0.01392	0.82012	0.02729	0.00891	0.01337	0.02061	0.00891	0.01559	0.01058	0.01225	0.00724	0.00835	0.00668	0.00446	0.00334	0.00111	0.00557	0.00278	0.00223	0.00668
14	0.03193	0.02541	0.01158	0.00892	0.01239	0.00897	0.00717	0.09924	0.04655	0.19222	0.03589	0.08881	0.03286	0.00679	0.00559	0.00139	0.05602	0.00541	0.00439	0.31848
15	0.08797	0.22242	0.36929	0.01198	0.01773	0.01479	0.01345	0.14943	0.01320	0.04100	0.00951	0.01057	0.00711	0.00509	0.00445	0.00149	0.00639	0.00368	0.00295	0.00750
16	0.01825	0.01153	0.01288	0.01012	0.01361	0.01222	0.00823	0.46962	0.01991	0.17633	0.04983	0.01641	0.01241	0.03977	0.00595	0.00168	0.00492	0.00515	0.10320	0.00798
17	0.01113	0.00952	0.01112	0.00809	0.01252	0.00763	0.00648	0.03555	0.02992	0.01742	0.00957	0.01108	0.00792	0.00416	0.00432	0.00086	0.02760	0.00324	0.00318	0.77867
18	0.00792	0.00574	0.00717	0.00662	0.00815	0.00511	0.00488	0.00991	0.01303	0.03443	0.48630	0.10579	0.10081	0.07775	0.00761	0.00188	0.00294	0.00908	0.00508	0.09980
19	0.05292	0.07356	0.16130	0.01244	0.03472	0.13782	0.01120	0.20057	0.10128	0.02043	0.06070	0.01365	0.01099	0.00627	0.00601	0.00161	0.07908	0.00453	0.00365	0.00727
20	0.00847	0.00544	0.00623	0.00611	0.00683	0.00543	0.00408	0.04281	0.01053	0.01541	0.14420	0.10206	0.02349	0.36879	0.02964	0.00322	0.00402	0.00774	0.20129	0.00423
21	0.01089	0.01045	0.01685	0.51661	0.15802	0.03556	0.06227	0.02850	0.02616	0.01516	0.06080	0.01533	0.01022	0.00548	0.00531	0.00168	0.00663	0.00503	0.00273	0.00634
22	0.01850	0.02271	0.01144	0.00893	0.01232	0.00849	0.00724	0.11026	0.04999	0.45489	0.09815	0.05423	0.01698	0.00716	0.00520	0.00157	0.00417	0.00591	0.06013	0.04175

[dist]
# distance from previous block
# <min> <max>
0	2

[block]
# block no. 4 follows, 47 sequences, length 11
# corresponding to MSA columns:
# 145-155
name=unknown_E
#
# <colnr> <probs for GDERKNQSTAVLIFYWHMCP>
#	G	D	E	R	K	N	Q	S	T	A	V	L	I	F	Y	W	H	M	C	P
0	0.01029	0.00664	0.00927	0.07183	0.08213	0.00659	0.00695	0.01196	0.02742	0.12499	0.02090	0.28881	0.02209	0.21496	0.01123	0.00272	0.00450	0.06723	0.00425	0.00525
1	0.15926	0.22672	0.24622	0.01118	0.01621	0.01481	0.02788	0.12250	0.07945	0.03568	0.01018	0.01103	0.00775	0.00519	0.00433	0.00150	0.00587	0.00377	0.00318	0.00730
2	0.07275	0.76338	0.02591	0.00877	0.01314	0.01998	0.00868	0.01557	0.01046	0.01303	0.00724	0.00836	0.00661	0.00448	0.00333	0.00115	0.00546	0.00279	0.00230	0.00661
3	0.01072	0.01037	0.01449	0.01260	0.01271	0.01425	0.01036	0.01188	0.00800	0.01234	0.00820	0.01376	0.00825	0.06066	0.10457	0.00312	0.67106	0.00485	0.00239	0.00543
4	0.00643	0.00522	0.00563	0.00566	0.00714	0.00450	0.00415	0.00786	0.01203	0.01499	0.17226	0.10509	0.57003	0.04711	0.00705	0.00190	0.00274	0.01087	0.00492	0.00442
5	0.01133	0.02436	0.65241	0.01549	0.02269	0.01201	0.11588	0.01696	0.01136	0.05490	0.01006	0.01173	0.00708	0.00495	0.00512	0.00166	0.00768	0.00422	0.00247	0.00767
6	0.00815	0.00551	0.00692	0.00653	0.00799	0.00496	0.00491	0.01026	0.01392	0.07065	0.54518	0.08497	0.18806	0.01119	0.00611	0.00169	0.00266	0.00976	0.00555	0.00504
7	0.01221	0.01187	0.02082	0.19106	0.56452	0.01228	0.07997	0.01549	0.01160	0.01622	0.00975	0.01319	0.00795	0.00474	0.00525	0.00160	0.00657	0.00477	0.00253	0.00763
8	0.00644	0.00466	0.00598	0.00696	0.00740	0.00432	0.00465	0.00738	0.01014	0.01341	0.05485	0.67250	0.09809	0.06722	0.00786	0.00226	0.00310	0.01384	0.00476	0.00420
9	0.01310	0.00794	0.01013	0.00943	0.05673	0.00751	0.00684	0.07494	0.06245	0.20162	0.27670	0.07677	0.04796	0.00838	0.00547	0.00157	0.00367	0.00720	0.04270	0.07889
10	0.00634	0.00453	0.00604	0.00725	0.00755	0.00423	0.00483	0.00725	0.00997	0.01329	0.02870	0.81358	0.03444	0.01632	0.00665	0.00211	0.00302	0.01480	0.00483	0.00423

[dist]
# distance from previous block
# <min> <max>
0	1

[block]
# block no. 5 follows, 47 sequences, length 14
# corresponding to MSA columns:
# 157-170
name=unknown_F
#
# <colnr> <probs for GDERKNQSTAVLIFYWHMCP>
#	G	D	E	R	K	N	Q	S	T	A	V	L	I	F	Y	W	H	M	C	P
0	0.00638	0.00462	0.00604	0.00709	0.00753	0.00427	0.00478	0.00739	0.01033	0.01372	0.06719	0.72506	0.08470	0.01583	0.00659	0.00207	0.00297	0.01429	0.00488	0.00427
1	0.01121	0.00950	0.01102	0.00791	0.01252	0.00737	0.00634	0.04792	0.01143	0.01770	0.00941	0.01088	0.00777	0.00397	0.00392	0.00081	0.00394	0.00316	0.00318	0.81004
2	0.00734	0.00529	0.00672	0.00638	0.00748	0.00491	0.00465	0.00944	0.01370	0.01921	0.65212	0.03878	0.07738	0.11371	0.00874	0.00208	0.00280	0.00925	0.00536	0.00467
3	0.14933	0.68951	0.02412	0.00858	0.01283	0.01917	0.00838	0.01555	0.01030	0.01404	0.00724	0.00837	0.00651	0.00452	0.00332	0.00119	0.00532	0.00279	0.00239	0.00651
4	0.11894	0.01122	0.01489	0.01280	0.01321	0.01541	0.01066	0.01289	0.00809	0.01392	0.00689	0.01102	0.00668	0.00857	0.01532	0.00219	0.70487	0.00434	0.00240	0.00569
5	0.01223	0.01017	0.01173	0.00859	0.01298	0.00869	0.00693	0.13154	0.01285	0.01931	0.00968	0.01109	0.00786	0.00441	0.00452	0.00095	0.03135	0.00339	0.00339	0.68833
6	0.00716	0.00513	0.00620	0.00647	0.00747	0.00467	0.00458	0.00847	0.01139	0.03430	0.19192	0.29136	0.24551	0.11616	0.00892	0.00229	0.00315	0.03558	0.00485	0.00442
7	0.00720	0.00586	0.02999	0.00699	0.00826	0.00503	0.00544	0.00923	0.01286	0.01759	0.42931	0.18955	0.13825	0.03933	0.00698	0.00192	0.00303	0.07327	0.00517	0.00473
8	0.01781	0.11524	0.01554	0.01156	0.05194	0.03252	0.00913	0.35124	0.05019	0.18351	0.01529	0.07186	0.01216	0.00698	0.00513	0.00159	0.00526	0.03019	0.00486	0.00799
9	0.18290	0.15601	0.07615	0.03694	0.01492	0.15747	0.00931	0.13179	0.01392	0.13173	0.03583	0.01196	0.00912	0.00553	0.00441	0.00148	0.00594	0.00391	0.00369	0.00700
10	0.00871	0.00534	0.00665	0.00689	0.00755	0.00511	0.00457	0.02458	0.01002	0.08301	0.04596	0.40491	0.02639	0.30043	0.01349	0.00307	0.00390	0.01076	0.02427	0.00439
11	0.03983	0.23549	0.03849	0.08128	0.01424	0.06199	0.00865	0.04835	0.10855	0.01535	0.03245	0.01678	0.04935	0.08004	0.00813	0.02710	0.08300	0.00482	0.04006	0.00607
12	0.08872	0.01019	0.01129	0.00954	0.01211	0.05734	0.04898	0.20314	0.02752	0.03829	0.01627	0.16351	0.03413	0.12511	0.04288	0.00239	0.00540	0.00686	0.00407	0.09227
13	0.03535	0.02894	0.03186	0.00857	0.01121	0.00843	0.00697	0.13971	0.03790	0.14633	0.20210	0.14860	0.07771	0.00931	0.00575	0.00166	0.01648	0.01813	0.00506	0.05992

[dist]
# distance from previous block
# <min> <max>
11	31

[block]
# block no. 6 follows, 47 sequences, length 7
# corresponding to MSA columns:
# 208-214
name=unknown_G
#
# <colnr> <probs for GDERKNQSTAVLIFYWHMCP>
#	G	D	E	R	K	N	Q	S	T	A	V	L	I	F	Y	W	H	M	C	P
0	0.01328	0.67358	0.16819	0.01001	0.01506	0.01903	0.01082	0.01576	0.01066	0.01304	0.00763	0.00884	0.00667	0.00455	0.00364	0.00121	0.00596	0.00298	0.00222	0.00687
1	0.00797	0.00579	0.00806	0.00792	0.00925	0.00531	0.05165	0.00957	0.01156	0.05583	0.13178	0.33908	0.19966	0.04331	0.00717	0.00206	0.00355	0.09085	0.00484	0.00479
2	0.03275	0.03993	0.12510	0.02416	0.46688	0.02971	0.07241	0.03345	0.01203	0.01697	0.01295	0.01634	0.05601	0.00560	0.00523	0.00160	0.00631	0.03219	0.00282	0.00757
3	0.01407	0.01207	0.03917	0.03879	0.25543	0.05573	0.01067	0.19517	0.05844	0.05865	0.01520	0.05911	0.04388	0.06896	0.00684	0.00185	0.00552	0.00570	0.04749	0.00727
4	0.00640	0.00460	0.00598	0.00706	0.00742	0.00429	0.00469	0.00728	0.00993	0.01315	0.02928	0.72823	0.07346	0.06197	0.00776	0.00226	0.00312	0.01419	0.00474	0.00418
5	0.01826	0.01318	0.01527	0.07283	0.01731	0.01446	0.03658	0.56180	0.05857	0.08320	0.01337	0.01366	0.00950	0.00615	0.00518	0.00158	0.00562	0.00484	0.04029	0.00836
6	0.01689	0.01141	0.01320	0.05911	0.01526	0.01239	0.00889	0.41192	0.08378	0.13888	0.01570	0.07580	0.01233	0.00958	0.06624	0.00216	0.00581	0.00571	0.02711	0.00783

[dist]
# distance from previous block
# <min> <max>
0	2

[block]
# block no. 7 follows, 47 sequences, length 17
# corresponding to MSA columns:
# 217-233
name=unknown_H
#
# <colnr> <probs for GDERKNQSTAVLIFYWHMCP>
#	G	D	E	R	K	N	Q	S	T	A	V	L	I	F	Y	W	H	M	C	P
0	0.47599	0.05287	0.21328	0.04856	0.05017	0.01205	0.01032	0.01605	0.01000	0.05691	0.00864	0.01002	0.00647	0.00493	0.00396	0.00160	0.00531	0.00337	0.00299	0.00650
1	0.35590	0.11555	0.24900	0.01116	0.05221	0.05028	0.01094	0.03083	0.01075	0.01916	0.04532	0.01102	0.00839	0.00515	0.00411	0.00155	0.00565	0.00360	0.00289	0.00657
2	0.00758	0.00566	0.00756	0.00771	0.04502	0.00525	0.00540	0.01002	0.01447	0.02039	0.71147	0.03816	0.08061	0.01047	0.00610	0.00164	0.00264	0.00926	0.00554	0.00505
3	0.01187	0.12087	0.04633	0.01281	0.01416	0.04742	0.03224	0.01407	0.04561	0.01319	0.00828	0.01193	0.00766	0.00987	0.06339	0.00241	0.52498	0.00442	0.00247	0.00601
4	0.00734	0.00498	0.00572	0.00590	0.00600	0.00491	0.00343	0.00752	0.00807	0.01070	0.01945	0.14868	0.04740	0.67226	0.02290	0.00451	0.00467	0.00875	0.00346	0.00336
5	0.00764	0.00576	0.00826	0.00812	0.00891	0.00663	0.00617	0.00928	0.00880	0.01261	0.08019	0.02336	0.01660	0.13457	0.59315	0.00708	0.04914	0.00612	0.00307	0.00453
6	0.00971	0.00485	0.00485	0.00485	0.00607	0.00485	0.00364	0.01213	0.01092	0.01942	0.01699	0.01942	0.01335	0.00607	0.00364	0.00121	0.00243	0.00485	0.84589	0.00485
7	0.02979	0.01065	0.01734	0.52807	0.24993	0.03083	0.03123	0.01438	0.01094	0.01466	0.00937	0.01337	0.00730	0.00502	0.00516	0.00167	0.00676	0.00459	0.00243	0.00652
8	0.04228	0.01748	0.01511	0.01427	0.09971	0.31486	0.01021	0.26439	0.07857	0.07566	0.01161	0.01216	0.00872	0.00577	0.00496	0.00150	0.00692	0.00425	0.00399	0.00756
9	0.00971	0.00485	0.00485	0.00485	0.00607	0.00485	0.00364	0.01213	0.01092	0.01942	0.01699	0.01942	0.01335	0.00607	0.00364	0.00121	0.00243	0.00485	0.84589	0.00485
10	0.09099	0.03294	0.01480	0.01128	0.01522	0.01542	0.00930	0.63348	0.05355	0.03054	0.01272	0.03368	0.00950	0.00639	0.00504	0.00158	0.00544	0.00480	0.00496	0.00838
11	0.01356	0.00935	0.01063	0.00973	0.03005	0.02920	0.00727	0.06503	0.29803	0.16138	0.04026	0.06118	0.04854	0.11063	0.06744	0.00264	0.00516	0.01810	0.00488	0.00694
12	0.05304	0.01190	0.01855	0.29698	0.42165	0.05392	0.03928	0.01530	0.01138	0.01580	0.00942	0.01287	0.00758	0.00488	0.00509	0.00161	0.00660	0.00453	0.00253	0.00711
13	0.00634	0.00453	0.00604	0.00725	0.00755	0.00423	0.00483	0.00725	0.00997	0.01329	0.02870	0.81358	0.03444	0.01632	0.00665	0.00211	0.00302	0.01480	0.00483	0.00423
14	0.01334	0.01138	0.01199	0.01068	0.01369	0.01313	0.00834	0.06906	0.73308	0.02240	0.02071	0.01904	0.01550	0.00702	0.00529	0.00175	0.00421	0.00582	0.00529	0.00828
15	0.02762	0.05030	0.03453	0.17262	0.47867	0.01220	0.01412	0.01627	0.05373	0.04702	0.03594	0.01415	0.00980	0.00515	0.00508	0.00158	0.00599	0.00475	0.00292	0.00757
16	0.09175	0.05015	0.04448	0.11154	0.13311	0.08498	0.14706	0.11909	0.02488	0.07165	0.01342	0.01502	0.05859	0.00569	0.00511	0.00160	0.00642	0.00499	0.00341	0.00707

[dist]
# distance from previous block
# <min> <max>
0	1

[block]
# block no. 8 follows, 47 sequences, length 23
# corresponding to MSA columns:
# 235-257
name=unknown_I
#
# <colnr> <probs for GDERKNQSTAVLIFYWHMCP>
#	G	D	E	R	K	N	Q	S	T	A	V	L	I	F	Y	W	H	M	C	P
0	0.00669	0.00501	0.00611	0.00680	0.00760	0.00461	0.00470	0.02601	0.01093	0.01418	0.06168	0.55217	0.22628	0.03282	0.00691	0.00206	0.00301	0.01322	0.00484	0.00439
1	0.01142	0.00995	0.01522	0.56008	0.02923	0.01178	0.04000	0.14502	0.01273	0.01662	0.01085	0.03416	0.00884	0.06450	0.00682	0.00196	0.00657	0.00515	0.00295	0.00614
2	0.01286	0.15015	0.03020	0.06403	0.05677	0.16946	0.02673	0.05553	0.03802	0.01512	0.01265	0.09940	0.01185	0.04962	0.03758	0.00198	0.05974	0.00542	0.09690	0.00599
3	0.00723	0.00509	0.00569	0.00572	0.00616	0.00488	0.00349	0.00768	0.00897	0.01168	0.07079	0.06938	0.17438	0.57417	0.02038	0.00406	0.00433	0.00867	0.00372	0.00355
4	0.01063	0.00967	0.03908	0.01029	0.06893	0.09155	0.00752	0.08471	0.01459	0.03519	0.37726	0.10886	0.06037	0.00977	0.00587	0.00169	0.00423	0.04920	0.00482	0.00576
5	0.01084	0.11710	0.70330	0.01417	0.02150	0.01306	0.01807	0.01639	0.01095	0.01601	0.00911	0.01069	0.00661	0.00489	0.00477	0.00159	0.00745	0.00373	0.00220	0.00758
6	0.00850	0.00617	0.00851	0.00977	0.03102	0.00616	0.00791	0.03583	0.01211	0.01592	0.04600	0.19343	0.02998	0.01411	0.00694	0.00228	0.00448	0.55118	0.00478	0.00492
7	0.01080	0.00926	0.01080	0.00771	0.01234	0.00694	0.00617	0.01311	0.01080	0.01697	0.00926	0.01080	0.00771	0.00386	0.00386	0.00077	0.00386	0.00309	0.00309	0.84882
8	0.01980	0.01459	0.01563	0.01198	0.01615	0.01615	0.00990	0.76713	0.02448	0.03282	0.01250	0.01250	0.00886	0.00625	0.00521	0.00156	0.00573	0.00469	0.00521	0.00886
9	0.00866	0.03642	0.00802	0.00705	0.00865	0.00589	0.00550	0.02776	0.01373	0.06383	0.44546	0.09970	0.15927	0.01126	0.00610	0.00174	0.00305	0.07743	0.00533	0.00516
10	0.01755	0.21284	0.06915	0.01245	0.01588	0.56086	0.01040	0.01928	0.01352	0.01288	0.00794	0.00925	0.00669	0.00512	0.00439	0.00131	0.00838	0.00325	0.00254	0.00630
11	0.00905	0.00452	0.00678	0.00678	0.00678	0.00452	0.00452	0.00678	0.00678	0.00905	0.00905	0.01583	0.00905	0.01809	0.02035	0.84848	0.00452	0.00452	0.00226	0.00226
12	0.01114	0.01267	0.12131	0.46319	0.05891	0.01187	0.15257	0.01551	0.04225	0.04511	0.01045	0.01387	0.00772	0.00512	0.00535	0.00172	0.00714	0.00488	0.00265	0.00658
13	0.01150	0.26671	0.55943	0.01305	0.01977	0.01467	0.01612	0.01622	0.01087	0.01521	0.00871	0.01020	0.00662	0.00480	0.00446	0.00149	0.00705	0.00353	0.00221	0.00739
14	0.00964	0.00665	0.00819	0.00744	0.00916	0.00646	0.00571	0.09671	0.03161	0.06244	0.52245	0.08694	0.08772	0.01047	0.00603	0.00169	0.00307	0.02649	0.00556	0.00556
15	0.02336	0.00886	0.01209	0.00927	0.01329	0.00765	0.00765	0.02538	0.01491	0.78810	0.02055	0.01773	0.01289	0.00645	0.00524	0.00161	0.00443	0.00524	0.00645	0.00886
16	0.01392	0.82012	0.02729	0.00891	0.01337	0.02061	0.00891	0.01559	0.01058	0.01225	0.00724	0.00835	0.00668	0.00446	0.00334	0.00111	0.00557	0.00278	0.00223	0.00668
17	0.01892	0.02393	0.01484	0.01343	0.01594	0.74432	0.01015	0.02025	0.01431	0.01273	0.00797	0.00952	0.00672	0.00562	0.00552	0.00140	0.06234	0.00343	0.00266	0.00601
18	0.00905	0.00452	0.00678	0.00678	0.00678	0.00452	0.00452	0.00678	0.00678	0.00905	0.00905	0.01583	0.00905	0.01809	0.02035	0.84848	0.00452	0.00452	0.00226	0.00226
19	0.00757	0.00505	0.00568	0.00568	0.00568	0.00505	0.00316	0.00757	0.00757	0.01010	0.01641	0.03408	0.01893	0.81698	0.02651	0.00505	0.00505	0.00757	0.00316	0.00316
20	0.85377	0.01007	0.00765	0.00685	0.01007	0.01168	0.00564	0.01531	0.00886	0.02336	0.00725	0.00846	0.00564	0.00483	0.00322	0.00161	0.00403	0.00282	0.00322	0.00564
21	0.16189	0.01259	0.01178	0.01017	0.01341	0.11454	0.00804	0.07629	0.35015	0.16251	0.01633	0.01541	0.01187	0.00628	0.00484	0.00164	0.00497	0.00482	0.00480	0.00766
22	0.00971	0.00485	0.00485	0.00485	0.00607	0.00485	0.00364	0.01213	0.01092	0.01942	0.01699	0.01942	0.01335	0.00607	0.00364	0.00121	0.00243	0.00485	0.84589	0.00485

[dist]
# distance from previous block
# <min> <max>
0	1

[block]
# block no. 9 follows, 47 sequences, length 48
# corresponding to MSA columns:
# 259,260,262-307
name=unknown_J
#
# <colnr> <probs for GDERKNQSTAVLIFYWHMCP>
#	G	D	E	R	K	N	Q	S	T	A	V	L	I	F	Y	W	H	M	C	P
0	0.01024	0.00589	0.00598	0.00579	0.00729	0.00618	0.00439	0.01467	0.13563	0.01980	0.01767	0.01942	0.01376	0.00623	0.00391	0.00130	0.00270	0.00502	0.70871	0.00541
1	0.01945	0.01441	0.01543	0.01191	0.01602	0.01599	0.00981	0.72968	0.06250	0.03226	0.01294	0.01285	0.00921	0.00629	0.00521	0.00157	0.00565	0.00475	0.00521	0.00883
2	0.00802	0.06214	0.00719	0.00591	0.00622	0.00614	0.00356	0.00813	0.00778	0.01025	0.01577	0.03228	0.01807	0.76007	0.02488	0.00477	0.00509	0.00724	0.00309	0.00340
3	0.80325	0.01016	0.00802	0.00707	0.01035	0.01168	0.00582	0.03669	0.00950	0.04865	0.00783	0.00888	0.00597	0.00493	0.00334	0.00161	0.00409	0.00295	0.00338	0.00584
4	0.71764	0.01042	0.02765	0.00743	0.01088	0.01129	0.00630	0.03015	0.00993	0.11566	0.00900	0.00971	0.00660	0.00506	0.00354	0.00161	0.00420	0.00317	0.00362	0.00614
5	0.01130	0.00671	0.00847	0.00842	0.06325	0.00590	0.00594	0.01315	0.01321	0.21520	0.18342	0.03697	0.38693	0.01036	0.00585	0.00168	0.00331	0.00876	0.00527	0.00592
6	0.08058	0.01394	0.01469	0.01148	0.01546	0.01553	0.00943	0.64402	0.09211	0.03111	0.01291	0.01284	0.00926	0.00622	0.00507	0.00159	0.00546	0.00466	0.00507	0.00856
7	0.01045	0.02694	0.79000	0.01484	0.02254	0.01209	0.01924	0.01649	0.01099	0.01649	0.00935	0.01099	0.00660	0.00495	0.00495	0.00165	0.00770	0.00385	0.00220	0.00770
8	0.01366	0.01393	0.02068	0.02940	0.66747	0.10698	0.03931	0.01659	0.01222	0.01649	0.00961	0.01250	0.00805	0.00472	0.00513	0.00153	0.00666	0.00453	0.00259	0.00794
9	0.00663	0.00473	0.00636	0.00757	0.00800	0.00447	0.00532	0.00774	0.01025	0.01361	0.02855	0.71013	0.03383	0.01605	0.00672	0.00215	0.00326	0.11549	0.00483	0.00431
10	0.00796	0.00546	0.00711	0.00662	0.00797	0.00500	0.00499	0.01036	0.01465	0.05102	0.72722	0.03844	0.07224	0.01057	0.00611	0.00164	0.00254	0.00931	0.00573	0.00505
11	0.01723	0.01149	0.01338	0.02825	0.06717	0.03722	0.00914	0.27844	0.12926	0.20971	0.05889	0.02017	0.02853	0.00720	0.00542	0.00167	0.00505	0.05861	0.00519	0.00798
12	0.03237	0.04150	0.06727	0.23583	0.17037	0.01257	0.25881	0.02882	0.01165	0.01614	0.04021	0.01413	0.00914	0.00515	0.00581	0.00169	0.03391	0.00516	0.00267	0.00682
13	0.00748	0.00542	0.00758	0.00758	0.00823	0.00608	0.00552	0.00879	0.00813	0.01150	0.01467	0.02447	0.01476	0.26839	0.56939	0.00739	0.01133	0.00617	0.00290	0.00421
14	0.01426	0.00865	0.04157	0.00908	0.01220	0.00740	0.05988	0.01753	0.08052	0.32065	0.10233	0.06549	0.22013	0.00895	0.00569	0.00170	0.00411	0.00768	0.00534	0.00685
15	0.01652	0.04624	0.05350	0.03580	0.12783	0.44493	0.06414	0.05764	0.05257	0.01528	0.00960	0.01135	0.00777	0.00621	0.02703	0.00165	0.00829	0.00403	0.00288	0.00674
16	0.01855	0.01200	0.01359	0.02709	0.01487	0.01284	0.00886	0.45008	0.09424	0.19314	0.01625	0.07059	0.01226	0.00705	0.00529	0.00163	0.00506	0.00564	0.02264	0.00833
17	0.00773	0.00593	0.00866	0.00864	0.00946	0.00695	0.00674	0.00946	0.00862	0.01232	0.01513	0.05457	0.01492	0.07111	0.62135	0.00714	0.06557	0.05807	0.00299	0.00464
18	0.15166	0.06708	0.01277	0.04925	0.02713	0.02596	0.00829	0.12902	0.26984	0.09937	0.01530	0.03741	0.01183	0.00875	0.06201	0.00212	0.00542	0.00503	0.00442	0.00733
19	0.01010	0.00642	0.00770	0.13598	0.01193	0.00665	0.00588	0.04449	0.01116	0.01806	0.01476	0.01850	0.01200	0.06664	0.00570	0.00156	0.00364	0.00485	0.52896	0.08503
20	0.02927	0.00975	0.02418	0.05147	0.06902	0.00997	0.00868	0.14566	0.13715	0.18057	0.06006	0.14979	0.02899	0.00867	0.00583	0.00177	0.02108	0.04597	0.00494	0.00718
21	0.01222	0.01755	0.32105	0.10204	0.13496	0.01207	0.06569	0.08113	0.08793	0.03886	0.01167	0.01411	0.00888	0.00543	0.00516	0.00163	0.00660	0.02289	0.00308	0.04703
22	0.79345	0.01044	0.02197	0.03379	0.01128	0.01178	0.00626	0.03068	0.00927	0.02310	0.00746	0.00877	0.00577	0.00488	0.00336	0.00162	0.00423	0.00294	0.00321	0.00575
23	0.00981	0.00801	0.00966	0.02941	0.05021	0.00855	0.00719	0.02974	0.29399	0.01898	0.20575	0.16617	0.07089	0.01019	0.00590	0.00182	0.00370	0.05874	0.00505	0.00625
24	0.01144	0.00639	0.00665	0.00609	0.00781	0.00662	0.00471	0.09679	0.05284	0.04617	0.01683	0.01860	0.01297	0.00615	0.00395	0.00129	0.00295	0.00490	0.68124	0.00561
25	0.00667	0.00500	0.00694	0.00781	0.00820	0.00488	0.02069	0.00765	0.00994	0.01333	0.02746	0.76544	0.03281	0.01579	0.00705	0.00211	0.03498	0.01422	0.00469	0.00435
26	0.00655	0.00475	0.00618	0.00696	0.00756	0.00439	0.00479	0.00781	0.01112	0.01495	0.18905	0.59374	0.09311	0.01489	0.00650	0.00199	0.00287	0.01339	0.00502	0.00439
27	0.07440	0.30868	0.01854	0.01054	0.01412	0.12482	0.00905	0.16975	0.14725	0.01892	0.01083	0.01143	0.00867	0.00566	0.00494	0.00144	0.04638	0.00388	0.00350	0.00718
28	0.10725	0.01030	0.01176	0.04682	0.01389	0.01068	0.00784	0.20145	0.11619	0.24630	0.01571	0.02822	0.01146	0.03333	0.00556	0.00167	0.00462	0.00496	0.05552	0.06650
29	0.01663	0.01059	0.01221	0.02984	0.01417	0.01132	0.00828	0.07642	0.44726	0.26752	0.01987	0.01811	0.01408	0.00670	0.00524	0.00168	0.00439	0.00551	0.00554	0.02461
30	0.01867	0.01340	0.01422	0.01135	0.01516	0.04321	0.00922	0.46733	0.19764	0.13122	0.01545	0.01470	0.01096	0.00643	0.00521	0.00161	0.00532	0.00499	0.00530	0.00861
31	0.00792	0.00544	0.00654	0.00617	0.00769	0.00488	0.00466	0.01001	0.01361	0.05489	0.47090	0.03994	0.26760	0.01090	0.00593	0.00164	0.00260	0.00938	0.06434	0.00494
32	0.00929	0.00715	0.00785	0.00738	0.00940	0.00711	0.00561	0.04148	0.19854	0.05387	0.12679	0.12264	0.36045	0.01116	0.00592	0.00177	0.00322	0.00948	0.00515	0.00575
33	0.00638	0.00505	0.00568	0.00601	0.00722	0.00442	0.00429	0.00763	0.01142	0.01435	0.11397	0.27975	0.45954	0.04141	0.00700	0.00197	0.00282	0.01188	0.00486	0.00435
34	0.01201	0.01117	0.13641	0.00892	0.01166	0.00950	0.00826	0.17679	0.01339	0.02060	0.01379	0.01665	0.01100	0.05092	0.02243	0.00180	0.07468	0.00479	0.38907	0.00617
35	0.01329	0.01418	0.08508	0.02600	0.51010	0.03465	0.09300	0.06971	0.06900	0.01827	0.01082	0.01321	0.00864	0.00495	0.00524	0.00159	0.00649	0.00479	0.00294	0.00806
36	0.01401	0.58952	0.12246	0.01034	0.01486	0.07378	0.01047	0.04897	0.01142	0.01374	0.00778	0.00909	0.00678	0.00488	0.00437	0.00127	0.04393	0.00313	0.00239	0.00682
37	0.01283	0.66499	0.04543	0.00890	0.01287	0.01802	0.00873	0.01467	0.01030	0.01254	0.00847	0.01038	0.00772	0.00925	0.11208	0.00213	0.00670	0.00325	0.02435	0.00638
38	0.00638	0.00462	0.00604	0.00708	0.00753	0.00428	0.00478	0.00740	0.01034	0.01373	0.06845	0.72340	0.08510	0.01582	0.00659	0.00207	0.00297	0.01428	0.00488	0.00428
39	0.00955	0.01242	0.23872	0.00972	0.01319	0.00784	0.02270	0.01378	0.06454	0.06168	0.35742	0.05898	0.07225	0.00884	0.00573	0.00169	0.00442	0.02584	0.00454	0.00616
40	0.31071	0.06114	0.18045	0.01091	0.04265	0.08620	0.01007	0.03856	0.07570	0.07066	0.04421	0.01320	0.00990	0.00565	0.00438	0.00159	0.00553	0.01829	0.00345	0.00675
41	0.06988	0.14002	0.01186	0.00810	0.01000	0.01027	0.03099	0.04883	0.04645	0.01647	0.01334	0.03528	0.01193	0.11612	0.05858	0.01974	0.08207	0.00505	0.25961	0.00540
42	0.01143	0.03049	0.17143	0.01239	0.08350	0.12139	0.01035	0.03981	0.08897	0.01695	0.09697	0.12316	0.05282	0.00810	0.00537	0.00164	0.00548	0.04412	0.01704	0.05861
43	0.00833	0.03257	0.00863	0.00739	0.00842	0.00619	0.05748	0.02212	0.01013	0.02848	0.13030	0.13073	0.08838	0.41968	0.01641	0.00343	0.00450	0.00868	0.00391	0.00424
44	0.01375	0.01098	0.04928	0.02344	0.01431	0.00955	0.03668	0.17405	0.01411	0.10592	0.02718	0.05192	0.01073	0.00678	0.03146	0.00150	0.02299	0.00465	0.00395	0.38681
45	0.04375	0.24892	0.20432	0.04032	0.05087	0.04121	0.11898	0.06317	0.02660	0.01634	0.03586	0.01195	0.00867	0.00534	0.00552	0.00154	0.06271	0.00421	0.00272	0.00698
46	0.07443	0.04216	0.01192	0.12093	0.05423	0.05276	0.02118	0.09106	0.02653	0.05424	0.12381	0.12350	0.01770	0.00834	0.00612	0.05631	0.00478	0.00636	0.03468	0.06894
47	0.07834	0.08284	0.07653	0.01393	0.15906	0.05358	0.02615	0.05619	0.07422	0.08995	0.10582	0.03387	0.03845	0.00660	0.00533	0.00157	0.03133	0.00538	0.05394	0.00692

[dist]
# distance from previous block
# <min> <max>
53	179

[block]
# block no. 10 follows, 47 sequences, length 44
# corresponding to MSA columns:
# 531-574
name=unknown_K
#
# <colnr> <probs for GDERKNQSTAVLIFYWHMCP>
#	G	D	E	R	K	N	Q	S	T	A	V	L	I	F	Y	W	H	M	C	P
0	0.01257	0.09284	0.02235	0.04463	0.15362	0.05164	0.30018	0.05463	0.03172	0.01631	0.01056	0.01369	0.00859	0.00899	0.10154	0.00240	0.02842	0.00506	0.00280	0.03744
1	0.01278	0.01122	0.01699	0.09557	0.45032	0.03090	0.01269	0.03876	0.04047	0.05674	0.01194	0.04041	0.01031	0.04560	0.00617	0.00170	0.00574	0.01754	0.00313	0.09103
2	0.01223	0.00988	0.01240	0.01033	0.01284	0.04818	0.09687	0.20295	0.04396	0.03973	0.13350	0.14763	0.07212	0.05046	0.02612	0.02739	0.00508	0.00773	0.02026	0.02034
3	0.01047	0.00752	0.00921	0.00847	0.00994	0.03204	0.04487	0.04021	0.10332	0.09111	0.02147	0.22763	0.05722	0.25876	0.05133	0.00315	0.00504	0.00874	0.00427	0.00525
4	0.00991	0.03343	0.03578	0.02511	0.10477	0.00894	0.00822	0.08836	0.08756	0.01659	0.02098	0.43975	0.02281	0.01157	0.00670	0.00191	0.05735	0.01010	0.00427	0.00589
5	0.01653	0.09894	0.01493	0.01281	0.06627	0.45128	0.00934	0.07464	0.04946	0.01560	0.01099	0.05294	0.00949	0.00601	0.00465	0.00140	0.00725	0.00434	0.08677	0.00635
6	0.45528	0.00973	0.01005	0.01080	0.12715	0.01041	0.00726	0.06018	0.01113	0.05912	0.01568	0.01639	0.12090	0.00621	0.00420	0.00158	0.00421	0.00460	0.03215	0.03295
7	0.01152	0.00820	0.00946	0.00812	0.00998	0.00854	0.00604	0.20200	0.01312	0.03456	0.05445	0.05223	0.01593	0.28324	0.09272	0.00337	0.03022	0.00623	0.06090	0.08915
8	0.00664	0.00477	0.00648	0.00758	0.00803	0.00461	0.00533	0.00778	0.01003	0.01342	0.02729	0.66874	0.03211	0.01813	0.07630	0.00269	0.00416	0.08693	0.00465	0.00432
9	0.65290	0.01232	0.11796	0.00821	0.01214	0.01134	0.00775	0.01647	0.00976	0.09832	0.00887	0.00974	0.00649	0.00501	0.00366	0.00162	0.00458	0.00320	0.00340	0.00625
10	0.10965	0.21107	0.01681	0.01094	0.01440	0.30796	0.00901	0.19564	0.01527	0.01881	0.00917	0.01016	0.00735	0.00533	0.00429	0.00136	0.00675	0.00353	0.03572	0.00677
11	0.35443	0.00897	0.00881	0.00757	0.01043	0.00951	0.00609	0.12200	0.01334	0.10999	0.16055	0.02203	0.13199	0.00756	0.00472	0.00163	0.00382	0.00582	0.00458	0.00615
12	0.00757	0.00505	0.00568	0.00568	0.00568	0.00505	0.00316	0.00757	0.00757	0.01010	0.01641	0.03408	0.01893	0.81698	0.02651	0.00505	0.00505	0.00757	0.00316	0.00316
13	0.00782	0.00576	0.00762	0.00846	0.00973	0.00555	0.00716	0.00998	0.01213	0.01567	0.09586	0.08102	0.17048	0.01392	0.00689	0.00221	0.00414	0.52602	0.00488	0.00471
14	0.01325	0.00748	0.00922	0.00794	0.01030	0.00711	0.00618	0.08982	0.05265	0.23990	0.28732	0.08283	0.11726	0.03679	0.00647	0.00179	0.00358	0.00806	0.00561	0.00643
15	0.09472	0.01035	0.01597	0.44706	0.23230	0.01192	0.01344	0.01550	0.07887	0.01606	0.01027	0.01357	0.00796	0.00518	0.00500	0.00168	0.00620	0.00456	0.00274	0.00665
16	0.01571	0.01189	0.04091	0.01027	0.01393	0.03128	0.00852	0.26146	0.12888	0.13558	0.05284	0.05611	0.01337	0.00671	0.00546	0.00151	0.03087	0.00533	0.00475	0.16463
17	0.01749	0.03968	0.01430	0.01080	0.01440	0.01361	0.00885	0.51007	0.01972	0.09433	0.01304	0.01449	0.00990	0.04995	0.07597	0.00230	0.02536	0.00480	0.00471	0.05624
18	0.06338	0.04649	0.01432	0.01225	0.01516	0.58360	0.00941	0.05730	0.01457	0.09124	0.00966	0.01070	0.00761	0.00672	0.03421	0.00165	0.00848	0.00364	0.00320	0.00640
19	0.00856	0.00559	0.00744	0.00772	0.00878	0.00524	0.01949	0.01050	0.04893	0.09148	0.10226	0.56343	0.07247	0.01393	0.00635	0.00198	0.00325	0.01252	0.00506	0.00502
20	0.01707	0.01224	0.01342	0.01078	0.01416	0.01333	0.00867	0.53886	0.07077	0.06596	0.04427	0.10671	0.01432	0.03703	0.00619	0.00177	0.00510	0.00623	0.00518	0.00793
21	0.01550	0.01672	0.01660	0.03983	0.28826	0.33538	0.03110	0.01852	0.05915	0.04449	0.03080	0.01541	0.01051	0.00588	0.00515	0.00154	0.00723	0.04781	0.00313	0.00698
22	0.01551	0.61134	0.02409	0.00977	0.01402	0.08744	0.00913	0.12808	0.01312	0.03391	0.00841	0.00929	0.00716	0.00485	0.00378	0.00121	0.00590	0.00318	0.00281	0.00700
23	0.00735	0.00570	0.00674	0.00628	0.00794	0.00498	0.00471	0.00925	0.01284	0.01735	0.38780	0.04016	0.28807	0.06356	0.00728	0.00184	0.00290	0.03190	0.00497	0.08840
24	0.01230	0.13798	0.35762	0.09895	0.12361	0.10679	0.04285	0.01633	0.01143	0.01507	0.00907	0.01128	0.00706	0.00561	0.02146	0.00168	0.00748	0.00394	0.00235	0.00713
25	0.00908	0.00454	0.00668	0.00668	0.00675	0.00454	0.00448	0.00706	0.00700	0.00958	0.00946	0.01602	0.00927	0.01747	0.01949	0.80453	0.00441	0.00454	0.04603	0.00240
26	0.00946	0.00781	0.00888	0.03418	0.03589	0.02769	0.00644	0.04129	0.15014	0.03167	0.15799	0.07685	0.26448	0.06757	0.00773	0.00200	0.03236	0.02728	0.00469	0.00560
27	0.03596	0.05090	0.62846	0.01415	0.03078	0.01190	0.04179	0.01609	0.01095	0.01661	0.00925	0.01094	0.00675	0.00480	0.00478	0.00155	0.00715	0.00379	0.00234	0.09109
28	0.00732	0.00502	0.00598	0.00614	0.00650	0.00491	0.00386	0.00800	0.00925	0.01259	0.12361	0.17312	0.05392	0.48496	0.04797	0.00397	0.00452	0.00909	0.02553	0.00373
29	0.01296	0.00977	0.01020	0.02930	0.01172	0.08651	0.00696	0.15903	0.06595	0.10206	0.09724	0.23462	0.02166	0.10041	0.00802	0.00210	0.00469	0.00820	0.00470	0.02390
30	0.00971	0.00485	0.00485	0.00485	0.00607	0.00485	0.00364	0.01213	0.01092	0.01942	0.01699	0.01942	0.01335	0.00607	0.00364	0.00121	0.00243	0.00485	0.84589	0.00485
31	0.05139	0.00989	0.01268	0.10477	0.06306	0.00944	0.00856	0.04214	0.02418	0.08492	0.01027	0.01206	0.00811	0.00500	0.00558	0.00124	0.08428	0.00379	0.00330	0.45534
32	0.01347	0.01493	0.07111	0.07478	0.13387	0.12307	0.20730	0.09039	0.01278	0.01690	0.01013	0.02948	0.00831	0.00590	0.00721	0.00171	0.13383	0.00501	0.03298	0.00686
33	0.00971	0.00485	0.00485	0.00485	0.00607	0.00485	0.00364	0.01213	0.01092	0.01942	0.01699	0.01942	0.01335	0.00607	0.00364	0.00121	0.00243	0.00485	0.84589	0.00485
34	0.01741	0.01286	0.01438	0.02412	0.04304	0.01405	0.00942	0.58867	0.03732	0.04165	0.01456	0.10737	0.01208	0.00782	0.01676	0.00172	0.00548	0.00590	0.00498	0.02038
35	0.01743	0.01243	0.01347	0.01073	0.01419	0.01361	0.00865	0.54683	0.08403	0.06280	0.01488	0.05463	0.01174	0.05510	0.00647	0.00180	0.00518	0.00549	0.05251	0.00801
36	0.00871	0.00672	0.00814	0.00773	0.00957	0.00611	0.00567	0.06144	0.03741	0.01629	0.06670	0.42924	0.05232	0.02518	0.00613	0.00176	0.00349	0.03240	0.00447	0.21052
