[name]
unknown

[dist]
# distance from previous block
# <min> <max>
0	45

[block]
# block no. 0 follows, 47 sequences, length 35
# corresponding to MSA columns:
# 46-80
name=unknown_A
#
# <colnr> <probs for GDERKNQSTAVLIFYWHMCP>
#	G	D	E	R	K	N	Q	S	T	A	V	L	I	F	Y	W	H	M	C	P
0	0.16059	0.03647	0.22316	0.01047	0.01474	0.01080	0.01056	0.13033	0.02746	0.12465	0.08301	0.01957	0.02572	0.00714	0.00531	0.01711	0.00531	0.07655	0.00408	0.00697
1	0.06593	0.03795	0.29967	0.02893	0.07837	0.01181	0.01290	0.13263	0.05501	0.17906	0.03884	0.01400	0.01027	0.00572	0.00498	0.00161	0.00594	0.00455	0.00392	0.00790
2	0.04679	0.01435	0.24618	0.01156	0.04231	0.00920	0.01127	0.02155	0.01341	0.47932	0.04029	0.01588	0.01173	0.00601	0.00511	0.00162	0.00540	0.00485	0.00490	0.00826
3	0.14531	0.01096	0.09266	0.08616	0.01543	0.00948	0.00900	0.04453	0.07054	0.33413	0.09997	0.01740	0.01455	0.00638	0.00497	0.00163	0.00475	0.00512	0.00484	0.02219
4	0.01427	0.04164	0.37927	0.08011	0.02038	0.11336	0.05032	0.01834	0.01242	0.17316	0.03947	0.01349	0.00953	0.00550	0.00505	0.00160	0.00699	0.00442	0.00329	0.00740
5	0.00745	0.00554	0.00816	0.00816	0.00901	0.00639	0.00624	0.00916	0.00831	0.01193	0.01414	0.02153	0.01349	0.10043	0.73561	0.00811	0.01325	0.00574	0.00282	0.00453
6	0.00903	0.00774	0.01069	0.00979	0.01012	0.00986	0.00760	0.01014	0.00802	0.01177	0.01176	0.02026	0.01205	0.21988	0.29904	0.00515	0.32405	0.00567	0.00268	0.00469
7	0.01862	0.01346	0.01438	0.01115	0.01498	0.01484	0.00917	0.67947	0.02291	0.03126	0.01302	0.01331	0.00938	0.00623	0.00503	0.00152	0.00535	0.00471	0.10282	0.00839
8	0.01226	0.01162	0.01968	0.07160	0.54148	0.01218	0.06925	0.01520	0.01131	0.01648	0.01007	0.01338	0.00840	0.00525	0.00640	0.00163	0.09252	0.00476	0.06907	0.00747
9	0.01392	0.82012	0.02729	0.00891	0.01337	0.02061	0.00891	0.01559	0.01058	0.01225	0.00724	0.00835	0.00668	0.00446	0.00334	0.00111	0.00557	0.00278	0.00223	0.00668
10	0.00757	0.00505	0.00568	0.00568	0.00568	0.00505	0.00316	0.00757	0.00757	0.01010	0.01641	0.03408	0.01893	0.81698	0.02651	0.00505	0.00505	0.00757	0.00316	0.00316
11	0.01190	0.19549	0.49861	0.01425	0.04423	0.02828	0.05428	0.01645	0.01105	0.03555	0.00914	0.01080	0.00691	0.00501	0.00514	0.00155	0.03777	0.00382	0.00236	0.00739
12	0.00905	0.00452	0.00678	0.00678	0.00678	0.00452	0.00452	0.00678	0.00678	0.00905	0.00905	0.01583	0.00905	0.01809	0.02035	0.84848	0.00452	0.00452	0.00226	0.00226
13	0.01205	0.17167	0.52798	0.01408	0.02063	0.05433	0.07543	0.01681	0.01132	0.03650	0.00929	0.01085	0.00689	0.00488	0.00474	0.00154	0.00739	0.00385	0.00238	0.00740
14	0.01298	0.22003	0.23703	0.01271	0.03102	0.04022	0.09743	0.03625	0.06942	0.07188	0.01132	0.01389	0.00916	0.07109	0.02402	0.00195	0.02513	0.00447	0.00299	0.00700
15	0.00642	0.00459	0.00611	0.00720	0.00757	0.00428	0.00484	0.00743	0.01031	0.01383	0.08180	0.75896	0.03548	0.01592	0.00661	0.00208	0.00298	0.01442	0.00490	0.00428
16	0.01049	0.00999	0.01711	0.63312	0.18085	0.01177	0.03539	0.01392	0.01074	0.01412	0.00940	0.01370	0.00722	0.00507	0.00522	0.00170	0.00685	0.00467	0.00237	0.00630
17	0.01408	0.13516	0.22954	0.01406	0.03744	0.09303	0.13637	0.04267	0.01243	0.11436	0.03788	0.01367	0.02456	0.00572	0.00591	0.00160	0.06659	0.00463	0.00316	0.00716
18	0.01024	0.06092	0.60964	0.04500	0.02128	0.01173	0.05027	0.01540	0.01101	0.01589	0.01263	0.04991	0.05179	0.00589	0.00508	0.00166	0.00712	0.00483	0.00249	0.00720
19	0.00699	0.00545	0.00635	0.00610	0.00760	0.00490	0.00458	0.00927	0.03304	0.01795	0.44629	0.04326	0.36604	0.01166	0.00613	0.00169	0.00258	0.01001	0.00533	0.00478
20	0.01062	0.02587	0.73377	0.01610	0.07827	0.01211	0.01900	0.01645	0.01106	0.01653	0.00938	0.01113	0.00672	0.00493	0.00496	0.00164	0.00759	0.00391	0.00223	0.00774
21	0.08440	0.01824	0.01434	0.10727	0.03860	0.41675	0.01013	0.13808	0.01525	0.09445	0.01013	0.01128	0.00765	0.00553	0.00479	0.00148	0.00751	0.00390	0.00346	0.00677
22	0.03219	0.36787	0.01931	0.01046	0.01404	0.25570	0.00903	0.04362	0.01297	0.11504	0.01090	0.01373	0.00926	0.00579	0.00435	0.00137	0.00651	0.05796	0.00323	0.00669
23	0.01116	0.00921	0.01197	0.07144	0.01469	0.00765	0.04629	0.03211	0.01129	0.04885	0.01157	0.08151	0.01024	0.00524	0.00442	0.00107	0.00435	0.00452	0.00335	0.60907
24	0.01835	0.05674	0.07243	0.01231	0.04013	0.03047	0.01038	0.54650	0.04602	0.07641	0.01272	0.01284	0.00911	0.00603	0.00505	0.00154	0.00574	0.00458	0.02419	0.00847
25	0.00844	0.00560	0.00726	0.00736	0.00827	0.00538	0.00511	0.00945	0.00966	0.06942	0.02186	0.42174	0.02452	0.18943	0.09425	0.00327	0.02335	0.01041	0.00418	0.07105
26	0.04304	0.01402	0.09626	0.09776	0.01841	0.03900	0.05063	0.32910	0.01715	0.13886	0.03375	0.02420	0.01012	0.00629	0.00595	0.00166	0.05684	0.00490	0.00431	0.00774
27	0.00945	0.06734	0.01258	0.05136	0.01228	0.01094	0.00858	0.01115	0.00902	0.01308	0.07138	0.01774	0.01303	0.03575	0.33706	0.00467	0.28990	0.00530	0.01416	0.00522
28	0.07771	0.01117	0.01591	0.01337	0.01407	0.01484	0.06576	0.01291	0.00871	0.01412	0.04737	0.01278	0.00902	0.00851	0.01463	0.00215	0.64386	0.00479	0.00256	0.00575
29	0.00830	0.00708	0.04812	0.00815	0.00910	0.00659	0.00615	0.06829	0.01067	0.01464	0.02244	0.49724	0.02574	0.14333	0.01031	0.00250	0.06262	0.01118	0.03281	0.00473
30	0.01070	0.06953	0.09580	0.01074	0.01335	0.00970	0.09171	0.09329	0.01247	0.04931	0.10149	0.27739	0.03354	0.03536	0.00733	0.00192	0.06772	0.00863	0.00407	0.00594
31	0.07811	0.01060	0.03070	0.01030	0.05296	0.00979	0.00802	0.06223	0.02505	0.01790	0.00919	0.01108	0.00764	0.00501	0.00602	0.00120	0.12595	0.00354	0.00310	0.52160
32	0.00914	0.00673	0.00847	0.00787	0.00868	0.01936	0.03274	0.02940	0.00935	0.04199	0.01751	0.14867	0.01930	0.45222	0.02972	0.00372	0.06585	0.04646	0.00357	0.03923
33	0.01363	0.07914	0.07136	0.02218	0.01502	0.10071	0.05561	0.17167	0.02926	0.03170	0.04632	0.03014	0.07657	0.00641	0.00555	0.00143	0.04960	0.00501	0.00366	0.18503
34	0.02504	0.03399	0.02907	0.03206	0.03302	0.04351	0.08959	0.24600	0.05033	0.03377	0.10618	0.08085	0.01559	0.00693	0.00544	0.00152	0.01946	0.00590	0.00421	0.13753

[dist]
# distance from previous block
# <min> <max>
3	54

[block]
# block no. 1 follows, 47 sequences, length 14
# corresponding to MSA columns:
# 135-148
name=unknown_B
#
# <colnr> <probs for GDERKNQSTAVLIFYWHMCP>
#	G	D	E	R	K	N	Q	S	T	A	V	L	I	F	Y	W	H	M	C	P
0	0.01418	0.01174	0.07469	0.01044	0.01425	0.01052	0.03108	0.20939	0.03268	0.11143	0.02873	0.05868	0.01136	0.00841	0.05657	0.00188	0.05888	0.00502	0.00408	0.24599
1	0.03073	0.04829	0.10756	0.04174	0.04648	0.01151	0.08383	0.20528	0.02910	0.12137	0.01333	0.06541	0.01056	0.00605	0.00500	0.00150	0.00553	0.00514	0.03229	0.12931
2	0.04587	0.10193	0.12674	0.01131	0.02929	0.03912	0.06870	0.14043	0.03913	0.08737	0.01327	0.05170	0.02526	0.04682	0.00588	0.00163	0.00556	0.00495	0.02140	0.13366
3	0.03632	0.46091	0.05194	0.00944	0.01358	0.05304	0.00883	0.10996	0.04341	0.04258	0.02696	0.01118	0.00885	0.00511	0.00395	0.00125	0.00539	0.00357	0.04563	0.05811
4	0.01741	0.01205	0.01339	0.01047	0.01417	0.01269	0.00853	0.50852	0.02056	0.10962	0.08041	0.04639	0.04363	0.00710	0.00528	0.00154	0.00495	0.00565	0.00519	0.07244
5	0.01236	0.08984	0.23396	0.01666	0.13186	0.04463	0.13369	0.05394	0.04255	0.03533	0.01189	0.08729	0.01033	0.00635	0.00611	0.00168	0.06597	0.00545	0.00298	0.00715
6	0.02154	0.00934	0.01219	0.00927	0.01339	0.00819	0.00764	0.07873	0.01510	0.63620	0.01854	0.01648	0.01195	0.00611	0.00506	0.00150	0.00446	0.00493	0.00594	0.11346
7	0.00905	0.00452	0.00678	0.00678	0.00678	0.00452	0.00452	0.00678	0.00678	0.00905	0.00905	0.01583	0.00905	0.01809	0.02035	0.84848	0.00452	0.00452	0.00226	0.00226
8	0.01356	0.03714	0.12901	0.16579	0.12921	0.18221	0.18762	0.04692	0.02937	0.01586	0.00972	0.01233	0.00751	0.00500	0.00523	0.00160	0.00775	0.00458	0.00267	0.00693
9	0.01549	0.09277	0.01753	0.10204	0.11611	0.09422	0.06672	0.20967	0.06002	0.07866	0.01255	0.03231	0.01010	0.00622	0.00555	0.00161	0.03338	0.03383	0.00379	0.00740
10	0.00757	0.00505	0.00568	0.00568	0.00568	0.00505	0.00316	0.00757	0.00757	0.01010	0.01641	0.03408	0.01893	0.81698	0.02651	0.00505	0.00505	0.00757	0.00316	0.00316
11	0.01139	0.01139	0.01595	0.01367	0.01367	0.01595	0.01139	0.01253	0.00798	0.01253	0.00684	0.01139	0.00684	0.00911	0.01709	0.00228	0.80745	0.00456	0.00228	0.00570
12	0.01354	0.01150	0.01329	0.17981	0.01818	0.08594	0.02978	0.18012	0.09983	0.06451	0.05190	0.06389	0.09534	0.00770	0.00622	0.00171	0.05971	0.00620	0.00413	0.00669
13	0.01044	0.01013	0.01592	0.62950	0.03163	0.05083	0.07048	0.01401	0.02935	0.01392	0.01061	0.04672	0.00854	0.00568	0.00527	0.00172	0.00684	0.00513	0.02743	0.00586

[dist]
# distance from previous block
# <min> <max>
0	1

[block]
# block no. 2 follows, 47 sequences, length 8
# corresponding to MSA columns:
# 150-157
name=unknown_C
#
# <colnr> <probs for GDERKNQSTAVLIFYWHMCP>
#	G	D	E	R	K	N	Q	S	T	A	V	L	I	F	Y	W	H	M	C	P
0	0.01217	0.01269	0.01584	0.01365	0.01391	0.09150	0.01126	0.01333	0.00863	0.01255	0.00695	0.01120	0.00682	0.00875	0.01589	0.00219	0.73016	0.00444	0.00232	0.00573
1	0.01901	0.01277	0.01418	0.01109	0.01488	0.01382	0.00906	0.54415	0.07110	0.15113	0.01456	0.01488	0.01049	0.03740	0.03514	0.00196	0.00569	0.00499	0.00525	0.00845
2	0.01560	0.01231	0.01518	0.08606	0.07721	0.01361	0.05072	0.32617	0.24341	0.04751	0.01489	0.01524	0.01098	0.00617	0.00522	0.00164	0.00539	0.00514	0.03950	0.00808
3	0.73138	0.01100	0.00849	0.00749	0.01074	0.06554	0.00610	0.01647	0.00974	0.08227	0.00834	0.00925	0.00628	0.00500	0.00348	0.00159	0.00443	0.00305	0.00344	0.00592
4	0.01099	0.01018	0.01659	0.13784	0.47368	0.01048	0.01295	0.01413	0.04098	0.01588	0.01564	0.14941	0.05448	0.00723	0.00547	0.00169	0.00549	0.00673	0.00314	0.00701
5	0.00757	0.00505	0.00568	0.00568	0.00568	0.00505	0.00316	0.00757	0.00757	0.01010	0.01641	0.03408	0.01893	0.81698	0.02651	0.00505	0.00505	0.00757	0.00316	0.00316
6	0.00757	0.00505	0.00568	0.00568	0.00568	0.00505	0.00316	0.00757	0.00757	0.01010	0.01641	0.03408	0.01893	0.81698	0.02651	0.00505	0.00505	0.00757	0.00316	0.00316
7	0.01289	0.01237	0.02114	0.03196	0.78450	0.01237	0.01598	0.01598	0.01186	0.01701	0.00980	0.01289	0.00825	0.00464	0.00516	0.00155	0.00619	0.00464	0.00258	0.00825

[dist]
# distance from previous block
# <min> <max>
0	19

[block]
# block no. 3 follows, 47 sequences, length 16
# corresponding to MSA columns:
# 177-192
name=unknown_D
#
# <colnr> <probs for GDERKNQSTAVLIFYWHMCP>
#	G	D	E	R	K	N	Q	S	T	A	V	L	I	F	Y	W	H	M	C	P
0	0.01045	0.02694	0.79000	0.01484	0.02254	0.01209	0.01924	0.01649	0.01099	0.01649	0.00935	0.01099	0.00660	0.00495	0.00495	0.00165	0.00770	0.00385	0.00220	0.00770
1	0.00983	0.00926	0.01562	0.80447	0.03587	0.01157	0.01446	0.01331	0.01041	0.01331	0.00926	0.01388	0.00694	0.00521	0.00521	0.00174	0.00694	0.00463	0.00231	0.00579
2	0.00983	0.00926	0.01562	0.80447	0.03587	0.01157	0.01446	0.01331	0.01041	0.01331	0.00926	0.01388	0.00694	0.00521	0.00521	0.00174	0.00694	0.00463	0.00231	0.00579
3	0.00744	0.00558	0.00837	0.00837	0.00930	0.00651	0.00651	0.00930	0.00837	0.01209	0.01395	0.02046	0.01302	0.03906	0.79635	0.00837	0.01395	0.00558	0.00279	0.00465
4	0.00634	0.00453	0.00604	0.00725	0.00755	0.00423	0.00483	0.00725	0.00997	0.01329	0.02870	0.81358	0.03444	0.01632	0.00665	0.00211	0.00302	0.01480	0.00483	0.00423
5	0.00677	0.00492	0.00636	0.00734	0.00781	0.00473	0.00495	0.00841	0.04961	0.01389	0.05480	0.71767	0.03347	0.04354	0.00725	0.00218	0.00313	0.01390	0.00483	0.00442
6	0.01312	0.01350	0.04464	0.03015	0.69554	0.05159	0.04277	0.01626	0.01199	0.01677	0.00972	0.01270	0.00811	0.00468	0.00516	0.00155	0.00649	0.00461	0.00257	0.00808
7	0.01045	0.02694	0.79000	0.01484	0.02254	0.01209	0.01924	0.01649	0.01099	0.01649	0.00935	0.01099	0.00660	0.00495	0.00495	0.00165	0.00770	0.00385	0.00220	0.00770
8	0.00757	0.00505	0.00568	0.00568	0.00568	0.00505	0.00316	0.00757	0.00757	0.01010	0.01641	0.03408	0.01893	0.81698	0.02651	0.00505	0.00505	0.00757	0.00316	0.00316
9	0.01080	0.00926	0.01080	0.00771	0.01234	0.00694	0.00617	0.01311	0.01080	0.01697	0.00926	0.01080	0.00771	0.00386	0.00386	0.00077	0.00386	0.00309	0.00309	0.84882
10	0.01078	0.12795	0.66352	0.01378	0.02082	0.01292	0.01739	0.01613	0.01108	0.01611	0.03727	0.01167	0.00816	0.00509	0.00479	0.00158	0.00723	0.00391	0.00233	0.00746
11	0.00634	0.00453	0.00604	0.00725	0.00755	0.00423	0.00483	0.00725	0.00997	0.01329	0.02870	0.81358	0.03444	0.01632	0.00665	0.00211	0.00302	0.01480	0.00483	0.00423
12	0.03436	0.02373	0.00842	0.00748	0.00930	0.02856	0.00567	0.01328	0.03952	0.14436	0.31514	0.20750	0.03128	0.01011	0.00564	0.00166	0.00332	0.00879	0.06422	0.03766
13	0.04739	0.10674	0.01643	0.03379	0.01587	0.12601	0.04838	0.37592	0.03342	0.05033	0.01173	0.02771	0.00906	0.00667	0.02096	0.00165	0.02255	0.00455	0.03330	0.00752
14	0.01263	0.00868	0.00904	0.04784	0.03277	0.05704	0.00639	0.15419	0.01377	0.04274	0.01511	0.04423	0.01206	0.00623	0.00428	0.00134	0.00396	0.00498	0.47317	0.04954
15	0.27744	0.08631	0.06632	0.05031	0.11734	0.08207	0.00948	0.04213	0.01134	0.05709	0.02430	0.01130	0.00803	0.00513	0.00453	0.00146	0.02826	0.00370	0.01929	0.09416

[dist]
# distance from previous block
# <min> <max>
0	6

[block]
# block no. 4 follows, 47 sequences, length 18
# corresponding to MSA columns:
# 199-216
name=unknown_E
#
# <colnr> <probs for GDERKNQSTAVLIFYWHMCP>
#	G	D	E	R	K	N	Q	S	T	A	V	L	I	F	Y	W	H	M	C	P
0	0.01287	0.01220	0.01763	0.02283	0.44000	0.05223	0.04308	0.05046	0.15202	0.01778	0.01337	0.07336	0.01169	0.02299	0.00616	0.00172	0.03294	0.00567	0.00337	0.00762
1	0.00709	0.00520	0.00666	0.00662	0.00775	0.00477	0.00490	0.00914	0.01350	0.01864	0.54725	0.17810	0.12558	0.01204	0.00626	0.00176	0.00264	0.03192	0.00545	0.00473
2	0.00634	0.00453	0.00604	0.00725	0.00755	0.00423	0.00483	0.00725	0.00997	0.01329	0.02870	0.81358	0.03444	0.01632	0.00665	0.00211	0.00302	0.01480	0.00483	0.00423
3	0.01045	0.02694	0.79000	0.01484	0.02254	0.01209	0.01924	0.01649	0.01099	0.01649	0.00935	0.01099	0.00660	0.00495	0.00495	0.00165	0.00770	0.00385	0.00220	0.00770
4	0.00764	0.00538	0.00689	0.00652	0.00784	0.00491	0.00488	0.00990	0.01425	0.04096	0.65345	0.07085	0.12488	0.01103	0.00614	0.00167	0.00255	0.00969	0.00562	0.00494
5	0.85377	0.01007	0.00765	0.00685	0.01007	0.01168	0.00564	0.01531	0.00886	0.02336	0.00725	0.00846	0.00564	0.00483	0.00322	0.00161	0.00403	0.00282	0.00322	0.00564
6	0.00971	0.00485	0.00485	0.00485	0.00607	0.00485	0.00364	0.01213	0.01092	0.01942	0.01699	0.01942	0.01335	0.00607	0.00364	0.00121	0.00243	0.00485	0.84589	0.00485
7	0.85377	0.01007	0.00765	0.00685	0.01007	0.01168	0.00564	0.01531	0.00886	0.02336	0.00725	0.00846	0.00564	0.00483	0.00322	0.00161	0.00403	0.00282	0.00322	0.00564
8	0.01894	0.02257	0.01440	0.01295	0.01575	0.66504	0.00979	0.04632	0.09147	0.04045	0.00994	0.01078	0.00791	0.00560	0.00479	0.00140	0.00857	0.00372	0.00316	0.00645
9	0.85377	0.01007	0.00765	0.00685	0.01007	0.01168	0.00564	0.01531	0.00886	0.02336	0.00725	0.00846	0.00564	0.00483	0.00322	0.00161	0.00403	0.00282	0.00322	0.00564
10	0.01980	0.01459	0.01563	0.01198	0.01615	0.01615	0.00990	0.76713	0.02448	0.03282	0.01250	0.01250	0.00886	0.00625	0.00521	0.00156	0.00573	0.00469	0.00521	0.00886
11	0.01449	0.01195	0.01264	0.01091	0.01413	0.01367	0.00861	0.19380	0.60646	0.02426	0.01924	0.01787	0.01432	0.00688	0.00528	0.00172	0.00448	0.00562	0.00528	0.00838
12	0.01434	0.00710	0.00927	0.00778	0.01030	0.00640	0.00616	0.04177	0.01496	0.33849	0.39563	0.02993	0.07796	0.00892	0.00574	0.00163	0.00340	0.00762	0.00595	0.00665
13	0.00723	0.00497	0.00633	0.00691	0.00776	0.00452	0.00483	0.00850	0.01126	0.04868	0.15318	0.53273	0.15479	0.01447	0.00643	0.00196	0.00293	0.01291	0.00505	0.00457
14	0.01244	0.00967	0.01129	0.00818	0.01273	0.00776	0.00659	0.07690	0.01223	0.07304	0.01033	0.01143	0.00818	0.00424	0.00407	0.00090	0.00405	0.00337	0.00350	0.71909
15	0.00624	0.00524	0.00536	0.00540	0.00704	0.00442	0.00399	0.00753	0.01176	0.01412	0.07153	0.07828	0.71222	0.03537	0.00673	0.00186	0.00271	0.01100	0.00482	0.00437
16	0.00633	0.00457	0.00600	0.00714	0.00752	0.00424	0.00478	0.00726	0.01008	0.01334	0.03006	0.77043	0.07672	0.01614	0.00662	0.00209	0.00300	0.01459	0.00483	0.00424
17	0.00983	0.00926	0.01562	0.80447	0.03587	0.01157	0.01446	0.01331	0.01041	0.01331	0.00926	0.01388	0.00694	0.00521	0.00521	0.00174	0.00694	0.00463	0.00231	0.00579

[dist]
# distance from previous block
# <min> <max>
0	3

[block]
# block no. 5 follows, 47 sequences, length 26
# corresponding to MSA columns:
# 220-245
name=unknown_F
#
# <colnr> <probs for GDERKNQSTAVLIFYWHMCP>
#	G	D	E	R	K	N	Q	S	T	A	V	L	I	F	Y	W	H	M	C	P
0	0.37626	0.00968	0.01018	0.00827	0.01184	0.00995	0.00681	0.08208	0.01295	0.36608	0.01406	0.01342	0.00949	0.00573	0.00431	0.00159	0.00428	0.00414	0.04158	0.00731
1	0.04347	0.01807	0.01545	0.05022	0.14777	0.36913	0.01088	0.15312	0.10821	0.01851	0.01077	0.01193	0.00845	0.00558	0.00491	0.00149	0.00727	0.00416	0.00343	0.00716
2	0.01186	0.05884	0.23193	0.08324	0.28919	0.01250	0.08799	0.01685	0.08030	0.01672	0.01056	0.01280	0.00823	0.00491	0.00504	0.00156	0.00657	0.00450	0.00271	0.05369
3	0.05379	0.10304	0.01636	0.04447	0.05247	0.28958	0.04247	0.15565	0.13020	0.01860	0.01176	0.01264	0.02277	0.00578	0.00499	0.00150	0.01909	0.00429	0.00352	0.00704
4	0.01063	0.00679	0.00750	0.00682	0.00902	0.02499	0.00525	0.01288	0.05135	0.17997	0.11998	0.07255	0.45011	0.01112	0.00590	0.00172	0.00326	0.00932	0.00524	0.00563
5	0.01043	0.00864	0.00995	0.10525	0.01369	0.00935	0.00737	0.09694	0.25900	0.01904	0.10302	0.05920	0.23925	0.02801	0.00615	0.00182	0.00403	0.00780	0.00477	0.00630
6	0.00731	0.00521	0.00668	0.00649	0.00764	0.00481	0.00480	0.00953	0.01388	0.01963	0.62529	0.12706	0.07963	0.01119	0.00608	0.00168	0.00253	0.00989	0.04587	0.00481
7	0.00761	0.00574	0.00834	0.00825	0.00904	0.00669	0.00630	0.00922	0.00826	0.01187	0.01397	0.02173	0.01349	0.13029	0.67543	0.00774	0.04295	0.00578	0.00281	0.00451
8	0.08889	0.00886	0.01159	0.00900	0.01288	0.00790	0.00742	0.02415	0.01442	0.70606	0.04061	0.01758	0.01332	0.00643	0.00510	0.00161	0.00434	0.00516	0.00617	0.00850
9	0.00971	0.00485	0.00485	0.00485	0.00607	0.00485	0.00364	0.01213	0.01092	0.01942	0.01699	0.01942	0.01335	0.00607	0.00364	0.00121	0.00243	0.00485	0.84589	0.00485
10	0.01392	0.82012	0.02729	0.00891	0.01337	0.02061	0.00891	0.01559	0.01058	0.01225	0.00724	0.00835	0.00668	0.00446	0.00334	0.00111	0.00557	0.00278	0.00223	0.00668
11	0.00963	0.00504	0.00520	0.00523	0.00642	0.00505	0.00389	0.02838	0.01114	0.01916	0.01795	0.09094	0.01515	0.00700	0.00395	0.00130	0.00255	0.00575	0.75141	0.00489
12	0.01980	0.01459	0.01563	0.01198	0.01615	0.01615	0.00990	0.76713	0.02448	0.03282	0.01250	0.01250	0.00886	0.00625	0.00521	0.00156	0.00573	0.00469	0.00521	0.00886
13	0.01376	0.06917	0.17177	0.01543	0.15747	0.10881	0.03161	0.10084	0.05765	0.05489	0.01415	0.01729	0.04545	0.00624	0.00507	0.00156	0.00621	0.05571	0.02322	0.04368
14	0.01326	0.15147	0.50232	0.01263	0.01894	0.01246	0.01504	0.01776	0.01175	0.15593	0.03375	0.01261	0.00900	0.00531	0.00478	0.00156	0.00661	0.00409	0.00308	0.00766
15	0.01816	0.00909	0.01126	0.00926	0.01262	0.00884	0.00743	0.02394	0.23958	0.46129	0.09199	0.02142	0.04656	0.00727	0.00537	0.00167	0.00409	0.00603	0.00598	0.00815
16	0.00644	0.00460	0.00613	0.00719	0.00757	0.00429	0.00484	0.00748	0.01040	0.01398	0.09666	0.74367	0.03577	0.01580	0.00660	0.00207	0.00297	0.01432	0.00492	0.00429
17	0.01156	0.11643	0.49807	0.04772	0.02045	0.01309	0.04399	0.08347	0.01237	0.01754	0.06093	0.01293	0.00972	0.00547	0.00519	0.00160	0.02509	0.00431	0.00273	0.00734
18	0.01028	0.00953	0.01593	0.48966	0.23401	0.01088	0.01374	0.01337	0.01083	0.01440	0.01195	0.08774	0.01078	0.00646	0.00541	0.00175	0.00629	0.03800	0.00272	0.00627
19	0.02086	0.00932	0.01196	0.00948	0.01323	0.00874	0.00773	0.04860	0.14720	0.60324	0.04817	0.01863	0.01461	0.00670	0.00528	0.00164	0.00435	0.00549	0.00618	0.00861
20	0.03668	0.01645	0.07722	0.02322	0.42900	0.21283	0.03117	0.01811	0.04195	0.04957	0.01017	0.01222	0.00815	0.00502	0.00500	0.00152	0.00697	0.00431	0.00287	0.00757
21	0.01085	0.07381	0.56813	0.01631	0.10600	0.01242	0.05162	0.01587	0.01101	0.01606	0.01019	0.04966	0.00819	0.00548	0.00525	0.00164	0.02316	0.00451	0.00239	0.00746
22	0.00995	0.00933	0.00817	0.00805	0.00978	0.15333	0.00617	0.01191	0.04011	0.03713	0.06584	0.07700	0.33646	0.06452	0.00737	0.00202	0.00456	0.13892	0.00442	0.00498
23	0.08321	0.00568	0.00630	0.00611	0.00768	0.00528	0.00459	0.00923	0.01278	0.01794	0.37653	0.08747	0.33579	0.01148	0.00591	0.00171	0.00270	0.00977	0.00510	0.00473
24	0.03533	0.12252	0.15333	0.01068	0.01469	0.09514	0.01009	0.13589	0.04693	0.15531	0.01285	0.01359	0.00952	0.00748	0.04625	0.00185	0.02512	0.00431	0.09188	0.00725
25	0.09500	0.06492	0.01401	0.05256	0.08413	0.09518	0.00903	0.05516	0.08520	0.35661	0.01539	0.02693	0.01086	0.00603	0.00489	0.00157	0.00530	0.00475	0.00472	0.00778

[dist]
# distance from previous block
# <min> <max>
2	6

[block]
# block no. 6 follows, 47 sequences, length 33
# corresponding to MSA columns:
# 252-284
name=unknown_G
#
# <colnr> <probs for GDERKNQSTAVLIFYWHMCP>
#	G	D	E	R	K	N	Q	S	T	A	V	L	I	F	Y	W	H	M	C	P
0	0.03464	0.13616	0.03387	0.01108	0.01470	0.01425	0.04273	0.41751	0.01813	0.05914	0.01421	0.13742	0.01251	0.00747	0.00538	0.00161	0.02116	0.00601	0.00447	0.00756
1	0.02777	0.00765	0.00990	0.00852	0.01077	0.00751	0.04716	0.05840	0.08389	0.16049	0.19147	0.07944	0.16014	0.07070	0.03802	0.00222	0.01687	0.00800	0.00500	0.00605
2	0.01292	0.04068	0.11725	0.03862	0.36486	0.06445	0.10150	0.01634	0.02223	0.06408	0.06009	0.01612	0.04628	0.00561	0.00527	0.00158	0.00637	0.00521	0.00310	0.00744
3	0.03803	0.25018	0.11594	0.03082	0.03830	0.07473	0.05108	0.10729	0.01213	0.01614	0.00909	0.03114	0.00789	0.00677	0.02239	0.00174	0.17265	0.00420	0.00277	0.00673
4	0.01136	0.01124	0.01604	0.65198	0.05447	0.09036	0.03108	0.04567	0.01152	0.01425	0.00932	0.01335	0.00706	0.00523	0.00518	0.00168	0.00716	0.00454	0.00249	0.00604
5	0.00748	0.00501	0.00571	0.00580	0.00582	0.00499	0.00329	0.00755	0.00776	0.01034	0.01736	0.09442	0.02013	0.75500	0.02497	0.00482	0.00489	0.00813	0.00329	0.00324
6	0.01051	0.00989	0.01487	0.14048	0.06789	0.01281	0.03128	0.01233	0.00887	0.01312	0.00905	0.01381	0.00825	0.01322	0.14582	0.01892	0.43240	0.00480	0.02605	0.00565
7	0.01217	0.01021	0.01150	0.00877	0.01299	0.00918	0.00700	0.09180	0.17993	0.01961	0.01220	0.01286	0.00962	0.00480	0.00431	0.00107	0.00410	0.00386	0.00378	0.58022
8	0.00757	0.00505	0.00568	0.00568	0.00568	0.00505	0.00316	0.00757	0.00757	0.01010	0.01641	0.03408	0.01893	0.81698	0.02651	0.00505	0.00505	0.00757	0.00316	0.00316
9	0.00840	0.00628	0.00934	0.00872	0.01008	0.00632	0.08491	0.02774	0.03136	0.01585	0.08366	0.31218	0.02340	0.01693	0.17020	0.00315	0.00583	0.00920	0.16147	0.00500
10	0.00929	0.00515	0.00561	0.00580	0.00693	0.00514	0.00433	0.03312	0.01120	0.01843	0.01970	0.17040	0.01818	0.00850	0.00447	0.00146	0.00278	0.05192	0.61277	0.00485
11	0.04566	0.75900	0.02607	0.00901	0.01335	0.05022	0.00883	0.01578	0.01068	0.01269	0.00727	0.00840	0.00664	0.00450	0.00339	0.00114	0.00566	0.00281	0.00228	0.00662
12	0.00788	0.00536	0.00618	0.00598	0.00658	0.00509	0.00373	0.00846	0.00919	0.02982	0.10796	0.06399	0.09102	0.56708	0.02009	0.00398	0.00439	0.00811	0.00374	0.04138
13	0.05065	0.01350	0.01451	0.01126	0.01520	0.01482	0.00925	0.63163	0.04722	0.08277	0.01332	0.01345	0.00952	0.01842	0.00542	0.00162	0.00542	0.00474	0.02875	0.00852
14	0.01145	0.00916	0.02642	0.01188	0.10724	0.00920	0.03710	0.01796	0.27034	0.07763	0.15841	0.04230	0.07522	0.06194	0.00692	0.00191	0.00422	0.02171	0.04229	0.00672
15	0.02941	0.03733	0.15626	0.01239	0.01650	0.11884	0.03288	0.24646	0.17327	0.04340	0.01370	0.01406	0.02719	0.00625	0.00570	0.00163	0.04827	0.00472	0.00403	0.00771
16	0.36897	0.01240	0.09496	0.06869	0.08176	0.02823	0.00932	0.05360	0.08612	0.07567	0.02343	0.01279	0.02275	0.00548	0.00432	0.00160	0.00500	0.00406	0.00357	0.03729
17	0.00747	0.00500	0.00571	0.00582	0.00584	0.00498	0.00330	0.00755	0.00778	0.01037	0.01747	0.10140	0.02027	0.74783	0.02479	0.00480	0.00487	0.00820	0.00330	0.00325
18	0.01080	0.00926	0.01080	0.00771	0.01234	0.00694	0.00617	0.01311	0.01080	0.01697	0.00926	0.01080	0.00771	0.00386	0.00386	0.00077	0.00386	0.00309	0.00309	0.84882
19	0.03369	0.21860	0.07258	0.01539	0.15969	0.20199	0.02784	0.08995	0.06725	0.05115	0.01021	0.01136	0.00811	0.00519	0.00458	0.00142	0.00665	0.00393	0.00312	0.00729
20	0.00892	0.00455	0.00668	0.00671	0.00674	0.00454	0.00446	0.00694	0.00699	0.00942	0.01005	0.03860	0.01024	0.05114	0.01989	0.77284	0.00446	0.00494	0.01946	0.00241
21	0.00649	0.00467	0.00618	0.00724	0.00768	0.00435	0.00496	0.00758	0.01045	0.01396	0.08442	0.70832	0.05434	0.01575	0.00662	0.00208	0.00304	0.04268	0.00490	0.00431
22	0.03180	0.00699	0.00888	0.04073	0.01068	0.00657	0.00598	0.03591	0.01233	0.30331	0.08879	0.11649	0.07615	0.17369	0.00975	0.00237	0.00411	0.00749	0.05191	0.00607
23	0.00997	0.00510	0.00513	0.00504	0.00632	0.00514	0.00380	0.03140	0.01127	0.01976	0.01687	0.01924	0.01323	0.00607	0.00368	0.00122	0.00251	0.00485	0.82444	0.00496
24	0.01570	0.24425	0.01836	0.01292	0.08561	0.19118	0.00986	0.13299	0.08824	0.04360	0.01161	0.01261	0.02925	0.00649	0.02070	0.00159	0.06049	0.00416	0.00335	0.00708
25	0.01696	0.01160	0.01321	0.05418	0.01503	0.04783	0.00879	0.31515	0.03312	0.18135	0.01374	0.01485	0.01016	0.02644	0.08391	0.00228	0.04231	0.00477	0.02261	0.08171
26	0.00971	0.00485	0.00485	0.00485	0.00607	0.00485	0.00364	0.01213	0.01092	0.01942	0.01699	0.01942	0.01335	0.00607	0.00364	0.00121	0.00243	0.00485	0.84589	0.00485
27	0.01111	0.01061	0.01872	0.49979	0.08179	0.01194	0.17205	0.06303	0.01182	0.01564	0.01045	0.03627	0.00824	0.00539	0.00541	0.00172	0.00701	0.00524	0.01742	0.00635
28	0.05166	0.11810	0.20886	0.06090	0.06343	0.01268	0.06004	0.11847	0.01293	0.08524	0.01227	0.06654	0.01018	0.00633	0.00554	0.00163	0.04589	0.01915	0.03303	0.00712
29	0.01568	0.04801	0.01478	0.03179	0.12076	0.12374	0.00975	0.28362	0.07607	0.04688	0.01545	0.01782	0.06177	0.03608	0.00592	0.00167	0.00581	0.03596	0.00413	0.04429
30	0.01126	0.06219	0.01127	0.02022	0.03148	0.02455	0.02116	0.16163	0.03358	0.01672	0.02665	0.10538	0.02777	0.28858	0.04609	0.00308	0.04164	0.00680	0.02287	0.03709
31	0.09004	0.03029	0.02130	0.02133	0.01160	0.00913	0.02842	0.08268	0.04018	0.06979	0.01756	0.17917	0.01787	0.12027	0.00949	0.00229	0.08004	0.10446	0.00405	0.06004
32	0.06680	0.03089	0.03676	0.02921	0.06121	0.06684	0.28524	0.06832	0.01265	0.05028	0.04673	0.10494	0.02377	0.00676	0.00608	0.00170	0.04665	0.00637	0.02607	0.02274

[dist]
# distance from previous block
# <min> <max>
3	48

[block]
# block no. 7 follows, 47 sequences, length 22
# corresponding to MSA columns:
# 333-354
name=unknown_H
#
# <colnr> <probs for GDERKNQSTAVLIFYWHMCP>
#	G	D	E	R	K	N	Q	S	T	A	V	L	I	F	Y	W	H	M	C	P
0	0.04285	0.03476	0.14095	0.14417	0.15464	0.01178	0.01229	0.15204	0.03376	0.12530	0.01272	0.05550	0.00995	0.00597	0.00507	0.00160	0.00582	0.00500	0.00370	0.04213
1	0.02967	0.10705	0.36724	0.05373	0.13748	0.01231	0.03598	0.04610	0.02827	0.01651	0.01190	0.10851	0.01056	0.00632	0.00504	0.00164	0.00642	0.00534	0.00281	0.00715
2	0.10237	0.11700	0.01420	0.04990	0.02634	0.24104	0.00867	0.11790	0.07100	0.03559	0.11438	0.02971	0.01413	0.00732	0.02748	0.00169	0.00627	0.00481	0.00373	0.00648
3	0.05947	0.17619	0.13509	0.04983	0.08367	0.06444	0.20083	0.09725	0.01288	0.01746	0.01035	0.01229	0.02437	0.00501	0.00487	0.00151	0.00686	0.00445	0.00285	0.03032
4	0.01122	0.00708	0.00758	0.04031	0.00927	0.02427	0.00553	0.10006	0.01234	0.02007	0.01521	0.01758	0.01194	0.00626	0.00489	0.00136	0.06179	0.00477	0.63304	0.00544
5	0.00971	0.00485	0.00485	0.00485	0.00607	0.00485	0.00364	0.01213	0.01092	0.01942	0.01699	0.01942	0.01335	0.00607	0.00364	0.00121	0.00243	0.00485	0.84589	0.00485
6	0.00735	0.00657	0.04217	0.00645	0.00837	0.00530	0.00521	0.00973	0.04329	0.03431	0.23889	0.07820	0.47151	0.01188	0.00606	0.00173	0.00294	0.01008	0.00501	0.00493
7	0.71486	0.03327	0.04100	0.02375	0.01158	0.01204	0.00673	0.05179	0.00995	0.04498	0.00801	0.00913	0.00610	0.00495	0.00349	0.00160	0.00437	0.00306	0.00332	0.00600
8	0.85377	0.01007	0.00765	0.00685	0.01007	0.01168	0.00564	0.01531	0.00886	0.02336	0.00725	0.00846	0.00564	0.00483	0.00322	0.00161	0.00403	0.00282	0.00322	0.00564
9	0.00818	0.00564	0.00717	0.00688	0.00824	0.00526	0.00522	0.01064	0.03374	0.05419	0.52916	0.07165	0.11420	0.04993	0.00716	0.00190	0.00294	0.06744	0.00543	0.00501
10	0.01410	0.75723	0.05009	0.00924	0.01378	0.02013	0.00927	0.05162	0.01126	0.01337	0.00756	0.00863	0.00678	0.00456	0.00348	0.00115	0.00564	0.00291	0.00237	0.00682
11	0.00781	0.00520	0.00597	0.00590	0.00623	0.00513	0.00356	0.00813	0.00833	0.02943	0.03618	0.03447	0.08705	0.66605	0.06584	0.00478	0.00525	0.00775	0.00342	0.00352
12	0.00706	0.00531	0.00653	0.00622	0.00759	0.00478	0.00467	0.00922	0.01400	0.01913	0.59460	0.04178	0.23738	0.01130	0.00615	0.00167	0.00250	0.00982	0.00550	0.00478
13	0.01306	0.01110	0.01180	0.01062	0.01354	0.01277	0.00833	0.06244	0.70242	0.02202	0.02108	0.02098	0.01623	0.00738	0.00539	0.00179	0.00423	0.04145	0.00527	0.00811
14	0.00688	0.00492	0.00666	0.00787	0.00841	0.00470	0.00577	0.00818	0.01050	0.01390	0.02840	0.61454	0.03326	0.01581	0.00679	0.00219	0.00349	0.20852	0.00482	0.00438
15	0.00620	0.00528	0.00533	0.00532	0.00706	0.00441	0.00399	0.00756	0.01197	0.01431	0.07836	0.04972	0.75663	0.01310	0.00615	0.00175	0.00263	0.01094	0.00487	0.00441
16	0.00757	0.00505	0.00568	0.00568	0.00568	0.00505	0.00316	0.00757	0.00757	0.01010	0.01641	0.03408	0.01893	0.81698	0.02651	0.00505	0.00505	0.00757	0.00316	0.00316
17	0.01323	0.01085	0.01164	0.01049	0.01341	0.01240	0.00822	0.02681	0.70603	0.05666	0.02145	0.02111	0.01639	0.00736	0.00538	0.00179	0.00417	0.03917	0.00533	0.00812
18	0.00634	0.00453	0.00604	0.00725	0.00755	0.00423	0.00483	0.00725	0.00997	0.01329	0.02870	0.81358	0.03444	0.01632	0.00665	0.00211	0.00302	0.01480	0.00483	0.00423
19	0.01980	0.01459	0.01563	0.01198	0.01615	0.01615	0.00990	0.76713	0.02448	0.03282	0.01250	0.01250	0.00886	0.00625	0.00521	0.00156	0.00573	0.00469	0.00521	0.00886
20	0.02324	0.00906	0.01221	0.00936	0.01339	0.00795	0.00773	0.05140	0.01524	0.76161	0.02026	0.01754	0.01275	0.00644	0.00524	0.00161	0.00448	0.00522	0.00640	0.00886
21	0.00697	0.00526	0.00645	0.00640	0.00768	0.00475	0.00479	0.00894	0.01331	0.01793	0.46376	0.12183	0.25530	0.01212	0.00624	0.00176	0.00267	0.04380	0.00534	0.00469

[dist]
# distance from previous block
# <min> <max>
0	1

[block]
# block no. 8 follows, 47 sequences, length 91
# corresponding to MSA columns:
# 356-446
name=unknown_I
#
# <colnr> <probs for GDERKNQSTAVLIFYWHMCP>
#	G	D	E	R	K	N	Q	S	T	A	V	L	I	F	Y	W	H	M	C	P
0	0.01196	0.04390	0.02758	0.00843	0.01303	0.00874	0.00700	0.09706	0.02630	0.01861	0.00975	0.01105	0.00792	0.00423	0.00403	0.00091	0.00422	0.00332	0.00331	0.68866
1	0.00802	0.00587	0.00763	0.00886	0.07060	0.00579	0.00536	0.04347	0.01017	0.01373	0.06383	0.37703	0.02615	0.31340	0.01384	0.00311	0.00413	0.01051	0.00409	0.00441
2	0.01292	0.23375	0.17508	0.05616	0.03277	0.06624	0.19504	0.01615	0.01115	0.03682	0.00899	0.01135	0.00720	0.00529	0.00637	0.00159	0.10951	0.00427	0.00249	0.00684
3	0.01111	0.01062	0.01554	0.44656	0.13037	0.05694	0.04387	0.04883	0.04913	0.01533	0.01450	0.03551	0.07481	0.00633	0.00536	0.00170	0.00637	0.01786	0.00298	0.00628
4	0.00833	0.00597	0.00830	0.00946	0.01068	0.00595	0.00826	0.01069	0.01198	0.01554	0.02831	0.05849	0.05189	0.01435	0.00716	0.00238	0.00473	0.72793	0.00480	0.00478
5	0.01350	0.01045	0.01213	0.04389	0.01420	0.00959	0.00756	0.22400	0.01472	0.05131	0.01174	0.05854	0.00976	0.00541	0.00451	0.00115	0.00449	0.00437	0.00388	0.49479
6	0.01389	0.01060	0.02600	0.16578	0.11649	0.04328	0.01027	0.06459	0.10919	0.16021	0.01540	0.04027	0.02916	0.08370	0.00830	0.00204	0.07219	0.01783	0.00394	0.00688
7	0.01650	0.00884	0.01083	0.00896	0.01200	0.00865	0.00716	0.11261	0.13190	0.35007	0.17401	0.05637	0.06261	0.00813	0.00553	0.00166	0.00399	0.00681	0.00582	0.00754
8	0.00668	0.00519	0.00577	0.00604	0.00744	0.00449	0.00443	0.00799	0.01155	0.03074	0.07042	0.24365	0.52639	0.01379	0.00629	0.00186	0.00284	0.03505	0.00490	0.00448
9	0.01440	0.03211	0.17642	0.08966	0.22369	0.03113	0.03025	0.11427	0.04586	0.13065	0.01290	0.03864	0.01002	0.00589	0.00520	0.00163	0.00617	0.01975	0.00360	0.00777
10	0.01098	0.02223	0.53470	0.14526	0.05469	0.04931	0.04962	0.01602	0.01106	0.01568	0.00925	0.01161	0.00679	0.00513	0.00548	0.00167	0.03692	0.00411	0.00228	0.00722
11	0.00971	0.00485	0.00485	0.00485	0.00607	0.00485	0.00364	0.01213	0.01092	0.01942	0.01699	0.01942	0.01335	0.00607	0.00364	0.00121	0.00243	0.00485	0.84589	0.00485
12	0.00872	0.00542	0.00654	0.00635	0.00704	0.00528	0.00422	0.00960	0.00976	0.06833	0.13362	0.04717	0.05222	0.48716	0.05386	0.00398	0.00477	0.04292	0.03892	0.00411
13	0.01840	0.04286	0.04506	0.01111	0.01503	0.01394	0.00941	0.53004	0.03183	0.12736	0.01419	0.02946	0.01079	0.05286	0.00642	0.00179	0.00550	0.02070	0.00501	0.00823
14	0.00760	0.00560	0.00714	0.00671	0.00803	0.00528	0.00504	0.01061	0.05088	0.02073	0.72415	0.03830	0.06904	0.01055	0.00610	0.00165	0.00254	0.00930	0.00569	0.00506
15	0.00640	0.00457	0.00610	0.00731	0.00763	0.00427	0.00492	0.00734	0.01002	0.01335	0.02867	0.79505	0.03433	0.01627	0.00666	0.00212	0.00306	0.03284	0.00483	0.00424
16	0.01263	0.01211	0.02067	0.09792	0.72058	0.01230	0.01585	0.01575	0.01173	0.01670	0.00975	0.01297	0.00814	0.00469	0.00516	0.00156	0.00625	0.00464	0.00256	0.00804
17	0.01080	0.00926	0.01080	0.00771	0.01234	0.00694	0.00617	0.01311	0.01080	0.01697	0.00926	0.01080	0.00771	0.00386	0.00386	0.00077	0.00386	0.00309	0.00309	0.84882
18	0.85377	0.01007	0.00765	0.00685	0.01007	0.01168	0.00564	0.01531	0.00886	0.02336	0.00725	0.00846	0.00564	0.00483	0.00322	0.00161	0.00403	0.00282	0.00322	0.00564
19	0.81363	0.01007	0.00780	0.00694	0.01014	0.01165	0.00571	0.03470	0.00931	0.02352	0.00760	0.00881	0.00589	0.00490	0.00328	0.00160	0.00404	0.00291	0.02179	0.00571
20	0.00683	0.00502	0.00677	0.00780	0.00821	0.00496	0.00555	0.00794	0.01019	0.01365	0.03863	0.67680	0.03291	0.01569	0.00716	0.00215	0.03851	0.10211	0.00473	0.00437
21	0.00653	0.00470	0.00619	0.00707	0.00758	0.00436	0.00482	0.00774	0.01091	0.01473	0.16930	0.64848	0.05789	0.01518	0.00654	0.00202	0.00291	0.01370	0.00500	0.00436
22	0.00645	0.00458	0.00601	0.00711	0.00739	0.00430	0.00469	0.00728	0.00976	0.01301	0.02761	0.74453	0.03307	0.08725	0.00841	0.00237	0.00320	0.01416	0.00469	0.00413
23	0.00757	0.00505	0.00568	0.00568	0.00568	0.00505	0.00316	0.00757	0.00757	0.01010	0.01641	0.03408	0.01893	0.81698	0.02651	0.00505	0.00505	0.00757	0.00316	0.00316
24	0.00983	0.00926	0.01562	0.80447	0.03587	0.01157	0.01446	0.01331	0.01041	0.01331	0.00926	0.01388	0.00694	0.00521	0.00521	0.00174	0.00694	0.00463	0.00231	0.00579
25	0.01392	0.82012	0.02729	0.00891	0.01337	0.02061	0.00891	0.01559	0.01058	0.01225	0.00724	0.00835	0.00668	0.00446	0.00334	0.00111	0.00557	0.00278	0.00223	0.00668
26	0.00744	0.00558	0.00837	0.00837	0.00930	0.00651	0.00651	0.00930	0.00837	0.01209	0.01395	0.02046	0.01302	0.03906	0.79635	0.00837	0.01395	0.00558	0.00279	0.00465
27	0.85377	0.01007	0.00765	0.00685	0.01007	0.01168	0.00564	0.01531	0.00886	0.02336	0.00725	0.00846	0.00564	0.00483	0.00322	0.00161	0.00403	0.00282	0.00322	0.00564
28	0.00637	0.00456	0.00607	0.00723	0.00756	0.00425	0.00484	0.00733	0.01011	0.01351	0.05064	0.79102	0.03487	0.01615	0.00663	0.00210	0.00300	0.01465	0.00486	0.00425
29	0.00744	0.00558	0.00837	0.00837	0.00930	0.00651	0.00651	0.00930	0.00837	0.01209	0.01395	0.02046	0.01302	0.03906	0.79635	0.00837	0.01395	0.00558	0.00279	0.00465
30	0.01392	0.82012	0.02729	0.00891	0.01337	0.02061	0.00891	0.01559	0.01058	0.01225	0.00724	0.00835	0.00668	0.00446	0.00334	0.00111	0.00557	0.00278	0.00223	0.00668
31	0.00839	0.00599	0.00839	0.00959	0.01079	0.00599	0.00839	0.01079	0.01199	0.01558	0.02757	0.05874	0.02997	0.01439	0.00719	0.00240	0.00480	0.74945	0.00480	0.00480
32	0.01370	0.01156	0.01220	0.01075	0.01383	0.01330	0.00842	0.10843	0.69311	0.02299	0.02025	0.01867	0.01513	0.00698	0.00529	0.00174	0.00430	0.00576	0.00529	0.00831
33	0.00839	0.00599	0.00839	0.00959	0.01079	0.00599	0.00839	0.01079	0.01199	0.01558	0.02757	0.05874	0.02997	0.01439	0.00719	0.00240	0.00480	0.74945	0.00480	0.00480
34	0.00634	0.00453	0.00604	0.00725	0.00755	0.00423	0.00483	0.00725	0.00997	0.01329	0.02870	0.81358	0.03444	0.01632	0.00665	0.00211	0.00302	0.01480	0.00483	0.00423
35	0.00983	0.00926	0.01562	0.80447	0.03587	0.01157	0.01446	0.01331	0.01041	0.01331	0.00926	0.01388	0.00694	0.00521	0.00521	0.00174	0.00694	0.00463	0.00231	0.00579
36	0.00757	0.00505	0.00568	0.00568	0.00568	0.00505	0.00316	0.00757	0.00757	0.01010	0.01641	0.03408	0.01893	0.81698	0.02651	0.00505	0.00505	0.00757	0.00316	0.00316
37	0.04152	0.03205	0.33528	0.01177	0.04587	0.00958	0.01195	0.05168	0.01159	0.04725	0.03047	0.19327	0.01435	0.00757	0.00513	0.00160	0.00549	0.00640	0.00337	0.13381
38	0.01279	0.00971	0.01196	0.00879	0.01321	0.00798	0.03554	0.07900	0.01250	0.09755	0.01189	0.01359	0.02129	0.00476	0.00432	0.00102	0.00427	0.02201	0.00367	0.62418
39	0.03537	0.26544	0.26045	0.04313	0.01732	0.06687	0.01268	0.03327	0.03082	0.04873	0.00903	0.01073	0.00722	0.00563	0.00633	0.00156	0.13213	0.00374	0.00262	0.00692
40	0.01230	0.01339	0.02763	0.06698	0.20695	0.01289	0.54719	0.01633	0.01209	0.01658	0.01029	0.01376	0.00793	0.00449	0.00586	0.00171	0.00807	0.00571	0.00260	0.00725
41	0.01026	0.00960	0.01602	0.63300	0.13975	0.01158	0.01416	0.01351	0.01052	0.01392	0.00977	0.02939	0.00779	0.00551	0.00566	0.00173	0.03811	0.00483	0.01881	0.00608
42	0.00746	0.00551	0.00702	0.00682	0.00811	0.00516	0.00520	0.01009	0.03632	0.01952	0.59800	0.07494	0.11447	0.01133	0.00622	0.00173	0.00273	0.06891	0.00552	0.00492
43	0.71702	0.01046	0.02371	0.02319	0.01134	0.01152	0.00642	0.04568	0.01006	0.08870	0.00867	0.00957	0.00643	0.00504	0.00355	0.00161	0.00426	0.00316	0.00354	0.00608
44	0.01036	0.04305	0.00869	0.00734	0.00840	0.05247	0.00508	0.08070	0.01018	0.04524	0.01502	0.02671	0.01559	0.50410	0.12370	0.00456	0.00649	0.00643	0.02143	0.00448
45	0.01044	0.01006	0.01514	0.72326	0.03345	0.06069	0.01376	0.01373	0.01071	0.01351	0.00948	0.01382	0.00718	0.00525	0.00511	0.00169	0.00692	0.00456	0.03547	0.00576
46	0.01011	0.02391	0.67737	0.01394	0.02070	0.01116	0.03199	0.01555	0.01093	0.01635	0.01130	0.07813	0.00922	0.00593	0.00506	0.00167	0.00711	0.00485	0.03746	0.00728
47	0.00744	0.00558	0.00837	0.00837	0.00930	0.00651	0.00651	0.00930	0.00837	0.01209	0.01395	0.02046	0.01302	0.03906	0.79635	0.00837	0.01395	0.00558	0.00279	0.00465
48	0.00869	0.00674	0.01012	0.04411	0.06895	0.00674	0.03817	0.01109	0.01194	0.01584	0.10209	0.07613	0.03860	0.04777	0.00762	0.00230	0.00482	0.48872	0.00447	0.00509
49	0.00983	0.00926	0.01562	0.80447	0.03587	0.01157	0.01446	0.01331	0.01041	0.01331	0.00926	0.01388	0.00694	0.00521	0.00521	0.00174	0.00694	0.00463	0.00231	0.00579
50	0.01798	0.01346	0.04500	0.01220	0.04904	0.01379	0.00979	0.52573	0.05558	0.10029	0.01431	0.06334	0.01100	0.00673	0.00524	0.00159	0.00539	0.00533	0.00500	0.03922
51	0.01381	0.79513	0.05132	0.00910	0.01365	0.02034	0.00924	0.01562	0.01059	0.01239	0.00731	0.00844	0.00668	0.00447	0.00339	0.00113	0.00564	0.00282	0.00223	0.00671
52	0.82287	0.01004	0.00795	0.03605	0.01102	0.01168	0.00596	0.01523	0.00892	0.02300	0.00732	0.00866	0.00569	0.00485	0.00330	0.00162	0.00414	0.00289	0.00319	0.00565
53	0.01295	0.01119	0.01178	0.01060	0.01354	0.01295	0.00824	0.02767	0.77509	0.02178	0.02120	0.01943	0.01590	0.00707	0.00530	0.00177	0.00412	0.00589	0.00530	0.00824
54	0.00815	0.00686	0.01066	0.38818	0.02098	0.00787	0.00934	0.01023	0.00993	0.01299	0.01794	0.34218	0.01936	0.07955	0.03065	0.00236	0.00539	0.00906	0.00343	0.00489
55	0.01991	0.01441	0.01552	0.01190	0.01606	0.01588	0.00983	0.74377	0.02418	0.05661	0.01276	0.01267	0.00898	0.00626	0.00521	0.00156	0.00569	0.00471	0.00525	0.00886
56	0.00744	0.00556	0.00827	0.00827	0.00917	0.00646	0.00639	0.00924	0.00834	0.01202	0.01404	0.02096	0.01324	0.06753	0.76816	0.00825	0.01362	0.00565	0.00280	0.00459
57	0.00757	0.00506	0.00575	0.00575	0.00578	0.00509	0.00324	0.00762	0.00759	0.01015	0.01634	0.03372	0.01878	0.79646	0.04681	0.00514	0.00528	0.00752	0.00315	0.00319
58	0.00757	0.00505	0.00568	0.00568	0.00568	0.00505	0.00316	0.00757	0.00757	0.01010	0.01641	0.03408	0.01893	0.81698	0.02651	0.00505	0.00505	0.00757	0.00316	0.00316
