[name]
unknown

[dist]
# distance from previous block
# <min> <max>
8	137

[block]
# block no. 0 follows, 45 sequences, length 80
# corresponding to MSA columns:
# 149-228
name=unknown_A
#
# <colnr> <probs for GDERKNQSTAVLIFYWHMCP>
#	G	D	E	R	K	N	Q	S	T	A	V	L	I	F	Y	W	H	M	C	P
0	0.01588	0.01234	0.01329	0.01101	0.01442	0.01368	0.00879	0.36819	0.30924	0.02667	0.03475	0.04865	0.03549	0.00776	0.00593	0.02624	0.00490	0.00596	0.00524	0.03156
1	0.03139	0.00632	0.00750	0.00687	0.00800	0.00613	0.00461	0.03300	0.01046	0.15817	0.06098	0.07537	0.02017	0.49237	0.01863	0.00381	0.00469	0.00758	0.03910	0.00483
2	0.03656	0.00581	0.00696	0.00737	0.00843	0.00562	0.00520	0.02539	0.05480	0.03557	0.11109	0.47290	0.14190	0.04738	0.00731	0.00214	0.00328	0.01236	0.00503	0.00492
3	0.01054	0.00612	0.00686	0.00670	0.00814	0.00612	0.00495	0.05693	0.04927	0.06459	0.04452	0.21317	0.04169	0.03527	0.00570	0.00171	0.00316	0.00798	0.42117	0.00544
4	0.00649	0.00544	0.00565	0.00560	0.00734	0.00460	0.00420	0.00799	0.01259	0.01534	0.14060	0.05028	0.68894	0.01328	0.00634	0.00180	0.00270	0.01113	0.00510	0.00460
5	0.03672	0.01189	0.01334	0.01078	0.01438	0.01269	0.00878	0.39237	0.11713	0.18089	0.03860	0.04991	0.01414	0.00745	0.00546	0.00170	0.00502	0.03632	0.03409	0.00835
6	0.07118	0.00540	0.00669	0.00732	0.00812	0.00521	0.00507	0.00914	0.01100	0.04036	0.14365	0.56387	0.03412	0.05355	0.00746	0.00219	0.00325	0.01277	0.00497	0.00468
7	0.01032	0.00582	0.00692	0.00646	0.00714	0.00561	0.00403	0.01072	0.00921	0.13001	0.04207	0.03268	0.01956	0.66106	0.02325	0.00454	0.00502	0.00750	0.00386	0.00422
8	0.07421	0.00959	0.01241	0.00958	0.01369	0.00870	0.00791	0.07234	0.01561	0.68765	0.01981	0.01734	0.01257	0.00653	0.00527	0.00166	0.00463	0.00521	0.00636	0.00893
9	0.00730	0.00508	0.00637	0.00701	0.00771	0.00469	0.00479	0.00839	0.01088	0.03584	0.09970	0.49227	0.14288	0.11626	0.00930	0.00246	0.00334	0.02638	0.00489	0.00445
10	0.00659	0.00469	0.00621	0.00741	0.00771	0.00439	0.00491	0.00749	0.01018	0.01357	0.02907	0.77664	0.03486	0.04891	0.00768	0.00230	0.00320	0.01496	0.00491	0.00432
11	0.00716	0.00532	0.00667	0.00665	0.00783	0.00483	0.00487	0.00917	0.01369	0.01871	0.49751	0.19215	0.18044	0.01259	0.00644	0.00181	0.00268	0.01109	0.00556	0.00483
12	0.01014	0.00954	0.01610	0.79845	0.03697	0.01193	0.01491	0.01371	0.01073	0.01371	0.00954	0.01431	0.00716	0.00537	0.00537	0.00179	0.00716	0.00477	0.00239	0.00596
13	0.00978	0.00659	0.00817	0.00750	0.00918	0.00629	0.00572	0.08170	0.01521	0.07272	0.48369	0.09897	0.10419	0.03272	0.00682	0.00185	0.00321	0.03446	0.00565	0.00557
14	0.01576	0.00737	0.00981	0.00884	0.01125	0.00671	0.00684	0.03822	0.02814	0.38978	0.02479	0.33875	0.02326	0.01125	0.00611	0.00192	0.00404	0.05440	0.00581	0.00694
15	0.00772	0.00565	0.00726	0.00688	0.00818	0.00530	0.00515	0.01058	0.03928	0.02112	0.70801	0.06592	0.06639	0.01112	0.00632	0.00171	0.00261	0.00982	0.00584	0.00514
16	0.07768	0.01464	0.01545	0.01195	0.01615	0.01626	0.00986	0.69244	0.04034	0.03291	0.01271	0.01275	0.00906	0.00636	0.00523	0.00162	0.00575	0.00473	0.00523	0.00889
17	0.00699	0.00511	0.00661	0.00746	0.00821	0.00476	0.00539	0.00840	0.01144	0.01515	0.13350	0.48851	0.12560	0.03005	0.00718	0.00217	0.00329	0.12057	0.00507	0.00454
18	0.23352	0.01106	0.01366	0.01180	0.01302	0.03198	0.03493	0.01358	0.00881	0.01594	0.00826	0.01239	0.00764	0.02632	0.09267	0.00282	0.44872	0.00442	0.00270	0.00575
19	0.01196	0.00999	0.01153	0.00838	0.01301	0.00804	0.00672	0.08782	0.01252	0.01904	0.01029	0.02781	0.00864	0.00449	0.00417	0.00091	0.00415	0.00360	0.00344	0.74352
20	0.00767	0.00575	0.00863	0.00863	0.00959	0.00671	0.00671	0.00959	0.00863	0.01246	0.01438	0.02109	0.01342	0.04026	0.79008	0.00863	0.01438	0.00575	0.00288	0.00479
21	0.02041	0.01504	0.01611	0.01235	0.01665	0.01665	0.01020	0.75997	0.02524	0.03383	0.01289	0.01289	0.00913	0.00644	0.00537	0.00161	0.00591	0.00483	0.00537	0.00913
22	0.84927	0.01038	0.00789	0.00706	0.01038	0.01204	0.00581	0.01578	0.00914	0.02408	0.00747	0.00872	0.00581	0.00498	0.00332	0.00166	0.00415	0.00291	0.00332	0.00581
23	0.02085	0.01146	0.06014	0.01268	0.01731	0.00957	0.16518	0.04362	0.01484	0.55869	0.01815	0.01694	0.01174	0.00611	0.00558	0.00169	0.00573	0.00550	0.00554	0.00867
24	0.68578	0.01056	0.00985	0.05400	0.02791	0.01199	0.02873	0.03882	0.01025	0.06862	0.00872	0.01000	0.00656	0.00513	0.00375	0.00167	0.00459	0.00336	0.00350	0.00621
25	0.01530	0.06900	0.01351	0.04256	0.01472	0.17838	0.00872	0.03645	0.33853	0.10238	0.07818	0.01931	0.04564	0.00710	0.00528	0.00165	0.00550	0.00564	0.00469	0.00745
26	0.01379	0.00962	0.01173	0.04130	0.01403	0.00776	0.00711	0.03672	0.01231	0.16200	0.01183	0.01266	0.00896	0.00461	0.00434	0.00102	0.00427	0.00371	0.00386	0.62837
27	0.01113	0.00954	0.01113	0.00795	0.01272	0.00716	0.00636	0.01352	0.01113	0.01749	0.00954	0.01113	0.00795	0.00398	0.00398	0.00080	0.00398	0.00318	0.00318	0.84417
28	0.01305	0.01246	0.02027	0.02997	0.67520	0.03019	0.01546	0.01644	0.03177	0.01744	0.01192	0.01741	0.01058	0.00572	0.00549	0.00167	0.00628	0.06763	0.00293	0.00815
29	0.00774	0.00546	0.00714	0.00714	0.00758	0.00590	0.00485	0.00863	0.00819	0.01136	0.01574	0.02863	0.01670	0.45472	0.38010	0.00679	0.00945	0.00686	0.00308	0.00396
30	0.84927	0.01038	0.00789	0.00706	0.01038	0.01204	0.00581	0.01578	0.00914	0.02408	0.00747	0.00872	0.00581	0.00498	0.00332	0.00166	0.00415	0.00291	0.00332	0.00581
31	0.01435	0.81458	0.02813	0.00918	0.01378	0.02124	0.00918	0.01607	0.01091	0.01263	0.00746	0.00861	0.00689	0.00459	0.00344	0.00115	0.00574	0.00287	0.00230	0.00689
32	0.00770	0.00561	0.00790	0.00790	0.00861	0.00632	0.00581	0.00912	0.00841	0.01193	0.01504	0.02475	0.01501	0.24144	0.59108	0.00773	0.01198	0.00629	0.00297	0.00439
33	0.01077	0.02777	0.78354	0.01530	0.02323	0.01247	0.01983	0.01700	0.01133	0.01700	0.00963	0.01133	0.00680	0.00510	0.00510	0.00170	0.00793	0.00397	0.00227	0.00793
34	0.02408	0.00914	0.01246	0.00955	0.01370	0.00789	0.00789	0.02616	0.01536	0.78158	0.02118	0.01827	0.01329	0.00664	0.00540	0.00166	0.00457	0.00540	0.00664	0.00914
35	0.01267	0.01448	0.03167	0.02262	0.02805	0.01357	0.75837	0.01719	0.01267	0.01719	0.01086	0.01448	0.00814	0.00452	0.00633	0.00181	0.00905	0.00633	0.00271	0.00724
36	0.01014	0.00954	0.01610	0.79845	0.03697	0.01193	0.01491	0.01371	0.01073	0.01371	0.00954	0.01431	0.00716	0.00537	0.00537	0.00179	0.00716	0.00477	0.00239	0.00596
37	0.01174	0.01174	0.01644	0.01409	0.01409	0.01644	0.01174	0.01292	0.00822	0.01292	0.00705	0.01174	0.00705	0.00940	0.01762	0.00235	0.80153	0.00470	0.00235	0.00587
38	0.00932	0.00466	0.00699	0.00699	0.00699	0.00466	0.00466	0.00699	0.00699	0.00932	0.00932	0.01632	0.00932	0.01865	0.02098	0.84382	0.00466	0.00466	0.00233	0.00233
39	0.00865	0.00618	0.00865	0.00989	0.01112	0.00618	0.00865	0.01112	0.01236	0.01606	0.02842	0.06055	0.03089	0.01483	0.00741	0.00247	0.00494	0.74174	0.00494	0.00494
40	0.01077	0.02777	0.78354	0.01530	0.02323	0.01247	0.01983	0.01700	0.01133	0.01700	0.00963	0.01133	0.00680	0.00510	0.00510	0.00170	0.00793	0.00397	0.00227	0.00793
41	0.00638	0.00528	0.00560	0.00586	0.00736	0.00450	0.00426	0.00766	0.01183	0.01434	0.04929	0.20697	0.62366	0.01426	0.00645	0.00189	0.00280	0.01214	0.00498	0.00450
42	0.01363	0.01147	0.01215	0.01089	0.01395	0.01321	0.00848	0.02846	0.74838	0.04241	0.02183	0.01998	0.01630	0.00727	0.00546	0.00182	0.00426	0.00605	0.00549	0.00851
43	0.00763	0.00587	0.00709	0.00760	0.00863	0.00577	0.00538	0.01088	0.12067	0.01606	0.12555	0.49333	0.13665	0.01426	0.00652	0.00202	0.00315	0.01269	0.00517	0.00507
44	0.03500	0.02054	0.01547	0.01377	0.01561	0.50950	0.01074	0.01841	0.01270	0.01330	0.00785	0.01036	0.00694	0.00684	0.00916	0.00172	0.27949	0.00387	0.00264	0.00609
45	0.00776	0.00592	0.00726	0.00794	0.00883	0.00594	0.00555	0.01123	0.14018	0.01568	0.07196	0.59868	0.06300	0.01472	0.00656	0.00208	0.00326	0.01321	0.00512	0.00511
46	0.01122	0.00970	0.01163	0.00836	0.01310	0.00745	0.02381	0.01395	0.02863	0.01760	0.00986	0.01141	0.00815	0.00406	0.00406	0.00084	0.00410	0.00332	0.00322	0.80552
47	0.01218	0.00788	0.00966	0.00800	0.01080	0.00711	0.00627	0.06871	0.04318	0.14756	0.35180	0.04254	0.06351	0.00849	0.00557	0.00150	0.00352	0.00725	0.00532	0.18914
48	0.01451	0.01205	0.01701	0.14130	0.30166	0.03393	0.02844	0.18224	0.03027	0.07169	0.01613	0.03199	0.08193	0.00649	0.00548	0.00167	0.00597	0.00567	0.00381	0.00775
49	0.01227	0.34438	0.45646	0.01306	0.01957	0.01603	0.03786	0.01663	0.01120	0.01524	0.00880	0.01033	0.00688	0.00488	0.00447	0.00148	0.00708	0.00360	0.00229	0.00749
50	0.00932	0.00466	0.00699	0.00699	0.00699	0.00466	0.00466	0.00699	0.00699	0.00932	0.00932	0.01632	0.00932	0.01865	0.02098	0.84382	0.00466	0.00466	0.00233	0.00233
51	0.00767	0.00575	0.00863	0.00863	0.00959	0.00671	0.00671	0.00959	0.00863	0.01246	0.01438	0.02109	0.01342	0.04026	0.79008	0.00863	0.01438	0.00575	0.00288	0.00479
52	0.01021	0.00962	0.01629	0.65835	0.06382	0.01164	0.04329	0.01364	0.01104	0.01441	0.05188	0.02916	0.01012	0.00593	0.00582	0.00180	0.02902	0.00528	0.00265	0.00604
53	0.02005	0.02558	0.01521	0.01383	0.01659	0.78980	0.01037	0.02143	0.01521	0.01314	0.00830	0.00968	0.00691	0.00553	0.00484	0.00138	0.00968	0.00346	0.00277	0.00622
54	0.13551	0.01292	0.01330	0.01101	0.01464	0.01463	0.00887	0.35125	0.33045	0.02773	0.01583	0.01525	0.01166	0.00658	0.00512	0.00170	0.00497	0.00507	0.00512	0.00839
55	0.01545	0.01257	0.01332	0.01135	0.01476	0.01433	0.00900	0.24597	0.54731	0.02584	0.01918	0.01790	0.01423	0.00703	0.00543	0.00176	0.00474	0.00570	0.00543	0.00868
56	0.01401	0.19904	0.01499	0.00949	0.01227	0.08526	0.00786	0.08925	0.05150	0.10910	0.15132	0.05022	0.04840	0.04206	0.05152	0.00212	0.04470	0.00606	0.00425	0.00657
57	0.02005	0.02558	0.01521	0.01383	0.01659	0.78980	0.01037	0.02143	0.01521	0.01314	0.00830	0.00968	0.00691	0.00553	0.00484	0.00138	0.00968	0.00346	0.00277	0.00622
58	0.01465	0.72599	0.02674	0.00971	0.01399	0.07576	0.00937	0.01633	0.01110	0.01268	0.00751	0.00881	0.00690	0.00485	0.00412	0.00121	0.03816	0.00299	0.00233	0.00680
59	0.00654	0.00467	0.00623	0.00747	0.00779	0.00436	0.00498	0.00747	0.01028	0.01370	0.02959	0.80785	0.03550	0.01682	0.00685	0.00218	0.00311	0.01526	0.00498	0.00436
60	0.06967	0.01237	0.01458	0.05536	0.10890	0.04131	0.01003	0.23103	0.14876	0.22886	0.01567	0.01534	0.01105	0.00626	0.00524	0.00166	0.00541	0.00502	0.00502	0.00846
61	0.00785	0.00587	0.00878	0.00871	0.00960	0.00689	0.00676	0.00957	0.00855	0.01234	0.01396	0.02063	0.01307	0.03850	0.73661	0.04324	0.03582	0.00568	0.00284	0.00472
62	0.00932	0.00466	0.00699	0.00699	0.00699	0.00466	0.00466	0.00699	0.00699	0.00932	0.00932	0.01632	0.00932	0.01865	0.02098	0.84382	0.00466	0.00466	0.00233	0.00233
63	0.84927	0.01038	0.00789	0.00706	0.01038	0.01204	0.00581	0.01578	0.00914	0.02408	0.00747	0.00872	0.00581	0.00498	0.00332	0.00166	0.00415	0.00291	0.00332	0.00581
64	0.00654	0.00467	0.00623	0.00747	0.00779	0.00436	0.00498	0.00747	0.01028	0.01370	0.02959	0.80785	0.03550	0.01682	0.00685	0.00218	0.00311	0.01526	0.00498	0.00436
65	0.01435	0.81458	0.02813	0.00918	0.01378	0.02124	0.00918	0.01607	0.01091	0.01263	0.00746	0.00861	0.00689	0.00459	0.00344	0.00115	0.00574	0.00287	0.00230	0.00689
66	0.00767	0.00575	0.00863	0.00863	0.00959	0.00671	0.00671	0.00959	0.00863	0.01246	0.01438	0.02109	0.01342	0.04026	0.79008	0.00863	0.01438	0.00575	0.00288	0.00479
67	0.01113	0.00954	0.01113	0.00795	0.01272	0.00716	0.00636	0.01352	0.01113	0.01749	0.00954	0.01113	0.00795	0.00398	0.00398	0.00080	0.00398	0.00318	0.00318	0.84417
68	0.01113	0.00954	0.01113	0.00795	0.01272	0.00716	0.00636	0.01352	0.01113	0.01749	0.00954	0.01113	0.00795	0.00398	0.00398	0.00080	0.00398	0.00318	0.00318	0.84417
69	0.00658	0.00471	0.00627	0.00744	0.00780	0.00439	0.00499	0.00758	0.01048	0.01403	0.06063	0.77587	0.03613	0.01657	0.00683	0.00216	0.00309	0.01503	0.00502	0.00439
70	0.01463	0.01216	0.01286	0.01118	0.01444	0.01395	0.00881	0.16085	0.63376	0.02451	0.02023	0.01874	0.01507	0.00713	0.00545	0.00178	0.00455	0.00585	0.00545	0.00861
71	0.04813	0.00917	0.01232	0.00948	0.01361	0.00801	0.00783	0.02586	0.01518	0.75951	0.02078	0.01799	0.01307	0.00660	0.00534	0.00166	0.00456	0.00533	0.00655	0.00904
72	0.00767	0.00575	0.00863	0.00863	0.00959	0.00671	0.00671	0.00959	0.00863	0.01246	0.01438	0.02109	0.01342	0.04026	0.79008	0.00863	0.01438	0.00575	0.00288	0.00479
73	0.01267	0.01448	0.03167	0.02262	0.02805	0.01357	0.75837	0.01719	0.01267	0.01719	0.01086	0.01448	0.00814	0.00452	0.00633	0.00181	0.00905	0.00633	0.00271	0.00724
74	0.02041	0.01504	0.01611	0.01235	0.01665	0.01665	0.01020	0.75997	0.02524	0.03383	0.01289	0.01289	0.00913	0.00644	0.00537	0.00161	0.00591	0.00483	0.00537	0.00913
75	0.00783	0.00589	0.00874	0.08648	0.01163	0.00670	0.00690	0.00946	0.00893	0.01246	0.01602	0.12832	0.01621	0.10283	0.51052	0.03525	0.01097	0.00709	0.00313	0.00463
76	0.00878	0.00568	0.00689	0.00672	0.00821	0.00506	0.00492	0.01038	0.01274	0.10082	0.24543	0.20317	0.28759	0.05966	0.00758	0.00204	0.00310	0.01084	0.00533	0.00508
77	0.01174	0.01174	0.01644	0.01409	0.01409	0.01644	0.01174	0.01292	0.00822	0.01292	0.00705	0.01174	0.00705	0.00940	0.01762	0.00235	0.80153	0.00470	0.00235	0.00587
78	0.71055	0.01031	0.00874	0.00754	0.01101	0.01155	0.00622	0.03462	0.01041	0.13393	0.00958	0.01020	0.00697	0.00526	0.00367	0.00166	0.00425	0.00331	0.00385	0.00637
79	0.00753	0.00596	0.00798	0.11633	0.01204	0.00610	0.00644	0.00931	0.03298	0.01446	0.08196	0.40913	0.18494	0.01375	0.00735	0.03706	0.02581	0.01160	0.00452	0.00474

[dist]
# distance from previous block
# <min> <max>
0	1

[block]
# block no. 1 follows, 45 sequences, length 27
# corresponding to MSA columns:
# 230-256
name=unknown_B
#
# <colnr> <probs for GDERKNQSTAVLIFYWHMCP>
#	G	D	E	R	K	N	Q	S	T	A	V	L	I	F	Y	W	H	M	C	P
0	0.00732	0.00513	0.00602	0.00641	0.00677	0.00494	0.00405	0.00784	0.00920	0.01203	0.02535	0.24689	0.11572	0.46651	0.01841	0.00386	0.00433	0.04142	0.00400	0.00378
1	0.00668	0.00500	0.00623	0.00706	0.00786	0.00455	0.00497	0.00791	0.01119	0.01453	0.08301	0.52864	0.22059	0.01553	0.00672	0.00207	0.00308	0.05487	0.00504	0.00448
2	0.01361	0.03182	0.01702	0.39604	0.09093	0.24066	0.03330	0.01628	0.01200	0.01387	0.00899	0.01252	0.00721	0.00569	0.00629	0.00169	0.07887	0.00438	0.00252	0.00630
3	0.01332	0.00754	0.00986	0.00952	0.05327	0.00741	0.00667	0.05533	0.03314	0.22375	0.06103	0.04755	0.04024	0.25064	0.12264	0.00374	0.00612	0.03759	0.00458	0.00607
4	0.01068	0.00750	0.00842	0.00764	0.00875	0.00787	0.00520	0.17028	0.03938	0.01654	0.04904	0.08557	0.01923	0.48401	0.01916	0.03931	0.00503	0.00760	0.00399	0.00482
5	0.01172	0.22508	0.10951	0.01037	0.01327	0.07682	0.00957	0.03905	0.01159	0.01493	0.03340	0.13981	0.08374	0.00885	0.00698	0.00172	0.12454	0.03746	0.03552	0.00609
6	0.01111	0.01057	0.05466	0.00836	0.01331	0.00745	0.00712	0.01371	0.01114	0.01746	0.00955	0.01114	0.00789	0.00404	0.00404	0.00085	0.00420	0.00322	0.00313	0.79704
7	0.01351	0.29423	0.25011	0.01416	0.03239	0.03598	0.13178	0.01700	0.01147	0.06258	0.00953	0.01135	0.00750	0.00534	0.00591	0.00158	0.08149	0.00412	0.00265	0.00731
8	0.02066	0.01322	0.01475	0.01139	0.01551	0.01412	0.00938	0.54528	0.04143	0.20348	0.01518	0.01457	0.01044	0.00650	0.00532	0.00161	0.00543	0.00500	0.03777	0.00896
9	0.00749	0.00541	0.00708	0.00682	0.00800	0.00500	0.00506	0.00987	0.01472	0.02076	0.70241	0.11489	0.04917	0.01154	0.00638	0.00174	0.00259	0.01025	0.00582	0.00500
10	0.02193	0.01177	0.06697	0.01056	0.01495	0.01024	0.00922	0.20033	0.01744	0.53394	0.03414	0.01696	0.01262	0.00658	0.00539	0.00165	0.00508	0.00525	0.00602	0.00896
11	0.00654	0.00467	0.00623	0.00747	0.00779	0.00436	0.00498	0.00747	0.01028	0.01370	0.02959	0.80785	0.03550	0.01682	0.00685	0.00218	0.00311	0.01526	0.00498	0.00436
12	0.04102	0.00955	0.01075	0.11818	0.01386	0.07884	0.00779	0.07247	0.02684	0.01452	0.01397	0.07597	0.01421	0.27992	0.10091	0.00373	0.10259	0.00646	0.00328	0.00514
13	0.01713	0.04376	0.01450	0.01139	0.01511	0.01475	0.00923	0.34649	0.36886	0.07404	0.01735	0.01637	0.01267	0.00677	0.00534	0.00169	0.00505	0.00537	0.00537	0.00875
14	0.02041	0.01504	0.01611	0.01235	0.01665	0.01665	0.01020	0.75997	0.02524	0.03383	0.01289	0.01289	0.00913	0.00644	0.00537	0.00161	0.00591	0.00483	0.00537	0.00913
15	0.01014	0.00954	0.01610	0.79845	0.03697	0.01193	0.01491	0.01371	0.01073	0.01371	0.00954	0.01431	0.00716	0.00537	0.00537	0.00179	0.00716	0.00477	0.00239	0.00596
16	0.84927	0.01038	0.00789	0.00706	0.01038	0.01204	0.00581	0.01578	0.00914	0.02408	0.00747	0.00872	0.00581	0.00498	0.00332	0.00166	0.00415	0.00291	0.00332	0.00581
17	0.00938	0.00810	0.01125	0.01029	0.01065	0.01039	0.00804	0.01058	0.00828	0.01221	0.01190	0.02024	0.01210	0.19199	0.30944	0.00531	0.33644	0.00576	0.00274	0.00491
18	0.01077	0.02777	0.78354	0.01530	0.02323	0.01247	0.01983	0.01700	0.01133	0.01700	0.00963	0.01133	0.00680	0.00510	0.00510	0.00170	0.00793	0.00397	0.00227	0.00793
19	0.01963	0.05230	0.01639	0.01210	0.01632	0.01663	0.01003	0.67361	0.07684	0.03204	0.01326	0.01319	0.00953	0.00642	0.00529	0.00160	0.00578	0.00483	0.00523	0.00898
20	0.01015	0.00794	0.01116	0.01040	0.03904	0.00848	0.02312	0.02796	0.02564	0.05057	0.01406	0.06268	0.01302	0.02354	0.39024	0.00504	0.09738	0.02082	0.00330	0.15542
21	0.04480	0.01056	0.11733	0.04750	0.03019	0.00872	0.05006	0.04390	0.05262	0.01635	0.03608	0.27920	0.10075	0.05345	0.00773	0.00207	0.04967	0.00907	0.00399	0.03595
22	0.44244	0.01267	0.01192	0.00966	0.01346	0.01430	0.00797	0.38105	0.01704	0.02887	0.01013	0.01077	0.00744	0.00570	0.00433	0.00164	0.00501	0.00385	0.00433	0.00744
23	0.01303	0.01240	0.02107	0.03169	0.73605	0.01240	0.01605	0.01618	0.01223	0.01746	0.01110	0.01586	0.00972	0.00533	0.00543	0.00164	0.00630	0.04497	0.00278	0.00831
24	0.00742	0.00561	0.00784	0.00812	0.00890	0.00532	0.04521	0.02842	0.01092	0.01457	0.06991	0.59026	0.06401	0.09602	0.00881	0.00241	0.00367	0.01327	0.00475	0.00458
25	0.00666	0.00475	0.00636	0.00761	0.00797	0.00446	0.00519	0.00768	0.01039	0.01383	0.02952	0.76656	0.03525	0.01671	0.00688	0.00220	0.00322	0.05540	0.00498	0.00439
26	0.00877	0.00736	0.05091	0.01018	0.01178	0.00652	0.00926	0.01144	0.01230	0.01612	0.02740	0.05787	0.02958	0.01430	0.00729	0.00243	0.00511	0.70150	0.00480	0.00511

[dist]
# distance from previous block
# <min> <max>
5	7

[block]
# block no. 2 follows, 45 sequences, length 22
# corresponding to MSA columns:
# 265-286
name=unknown_C
#
# <colnr> <probs for GDERKNQSTAVLIFYWHMCP>
#	G	D	E	R	K	N	Q	S	T	A	V	L	I	F	Y	W	H	M	C	P
0	0.01781	0.01308	0.01425	0.01139	0.01495	0.01433	0.00923	0.61328	0.02246	0.03012	0.03890	0.11005	0.01427	0.02673	0.00613	0.00178	0.00543	0.02232	0.00528	0.00821
1	0.01922	0.01495	0.01849	0.01392	0.01839	0.01618	0.12461	0.64638	0.02332	0.03129	0.01258	0.01313	0.00898	0.00615	0.00552	0.00164	0.00639	0.00506	0.00496	0.00884
2	0.01380	0.69426	0.14365	0.01012	0.01522	0.01990	0.01081	0.01622	0.01097	0.01330	0.00779	0.00903	0.00688	0.00467	0.00370	0.00123	0.00608	0.00304	0.00229	0.00705
3	0.01027	0.00607	0.00782	0.00770	0.00922	0.00560	0.00572	0.01245	0.04252	0.15367	0.20876	0.34933	0.10595	0.01283	0.00638	0.00193	0.00331	0.03936	0.00552	0.00559
4	0.00784	0.00850	0.12541	0.00876	0.01050	0.00587	0.00753	0.00977	0.01089	0.03495	0.04168	0.54065	0.06962	0.02791	0.00690	0.00214	0.00403	0.06738	0.00460	0.00508
5	0.00901	0.00691	0.00774	0.00707	0.00897	0.00661	0.00541	0.12361	0.01501	0.01966	0.28676	0.05807	0.35855	0.04162	0.00701	0.00189	0.00328	0.02216	0.00529	0.00537
6	0.00774	0.00527	0.00629	0.00634	0.00650	0.00540	0.00385	0.00807	0.00802	0.01085	0.01700	0.06195	0.01918	0.66365	0.14319	0.00561	0.00653	0.00777	0.00326	0.00353
7	0.00969	0.00669	0.00744	0.00691	0.00758	0.00692	0.00438	0.12281	0.01056	0.01411	0.01677	0.06075	0.01853	0.65842	0.02320	0.00454	0.00523	0.00763	0.00364	0.00419
8	0.01040	0.00891	0.01026	0.00757	0.01188	0.00675	0.00601	0.01263	0.01130	0.01703	0.01640	0.01733	0.12535	0.00545	0.00434	0.00095	0.00378	0.00443	0.00346	0.71577
9	0.02138	0.00887	0.01183	0.00926	0.01298	0.00790	0.00757	0.06050	0.01583	0.62787	0.13604	0.02134	0.01879	0.00730	0.00554	0.00166	0.00432	0.00603	0.00647	0.00851
10	0.01450	0.00697	0.00912	0.00774	0.01004	0.00625	0.00593	0.01641	0.01402	0.33855	0.31429	0.03063	0.05880	0.13165	0.00915	0.00222	0.00380	0.00767	0.00577	0.00648
11	0.00689	0.00494	0.00617	0.00693	0.00741	0.00463	0.00461	0.00779	0.01029	0.01359	0.07179	0.50979	0.10957	0.18181	0.01105	0.00275	0.00351	0.02761	0.00467	0.00420
12	0.00936	0.00553	0.00788	0.00771	0.00853	0.00592	0.00569	0.00992	0.00870	0.05833	0.01367	0.02028	0.01259	0.07811	0.39531	0.26106	0.00927	0.00547	0.07244	0.00423
13	0.00781	0.00520	0.00585	0.00585	0.00585	0.00520	0.00325	0.00781	0.00781	0.01041	0.01691	0.03513	0.01952	0.81135	0.02732	0.00520	0.00520	0.00781	0.00325	0.00325
14	0.00819	0.00564	0.00693	0.00655	0.00809	0.00504	0.00492	0.01019	0.01399	0.06279	0.47874	0.06352	0.26196	0.01185	0.00664	0.02159	0.00277	0.00998	0.00557	0.00506
15	0.00911	0.00681	0.00753	0.00734	0.00868	0.03601	0.00531	0.03566	0.06485	0.03555	0.11435	0.15673	0.24994	0.06426	0.03248	0.14283	0.00411	0.00923	0.00448	0.00475
16	0.01091	0.00728	0.03822	0.00778	0.00987	0.00623	0.00629	0.04114	0.01529	0.14824	0.56624	0.06015	0.04067	0.01005	0.00611	0.00170	0.00323	0.00877	0.00584	0.00598
17	0.00817	0.00649	0.00904	0.02737	0.01033	0.02722	0.00695	0.00998	0.00879	0.01241	0.01404	0.02115	0.01326	0.08039	0.68712	0.00791	0.03594	0.00575	0.00287	0.00480
18	0.01165	0.00794	0.01069	0.07012	0.01293	0.02690	0.00802	0.04126	0.01085	0.13139	0.01580	0.03284	0.02425	0.06543	0.35587	0.00505	0.09157	0.04207	0.02958	0.00578
19	0.03184	0.01298	0.01605	0.13861	0.16268	0.05179	0.01158	0.29026	0.07440	0.09730	0.01337	0.03680	0.01020	0.00633	0.00558	0.00168	0.02105	0.00516	0.00429	0.00807
20	0.23731	0.04251	0.01677	0.07005	0.06484	0.12327	0.16489	0.04554	0.02302	0.01860	0.03150	0.04087	0.01029	0.00618	0.00558	0.00171	0.04458	0.02992	0.01612	0.00645
21	0.10655	0.01019	0.01327	0.25299	0.03672	0.02571	0.03796	0.12835	0.03898	0.04476	0.04367	0.01721	0.03574	0.04412	0.03675	0.02014	0.01515	0.00518	0.03662	0.04993

[dist]
# distance from previous block
# <min> <max>
2	10

[block]
# block no. 3 follows, 45 sequences, length 83
# corresponding to MSA columns:
# 297-379
name=unknown_D
#
# <colnr> <probs for GDERKNQSTAVLIFYWHMCP>
#	G	D	E	R	K	N	Q	S	T	A	V	L	I	F	Y	W	H	M	C	P
0	0.06230	0.04216	0.18301	0.03045	0.05031	0.04774	0.01210	0.37260	0.03521	0.07983	0.01220	0.01277	0.00875	0.00591	0.00509	0.00161	0.00627	0.00449	0.01891	0.00831
1	0.26524	0.23812	0.17649	0.01114	0.01598	0.05005	0.05786	0.07784	0.01206	0.03861	0.00896	0.01022	0.00697	0.00506	0.00420	0.00152	0.00609	0.00358	0.00301	0.00702
2	0.00977	0.00764	0.00972	0.11052	0.01324	0.04986	0.03493	0.02536	0.01246	0.04628	0.21539	0.08316	0.15491	0.01151	0.00817	0.12003	0.00444	0.05468	0.02290	0.00503
3	0.03852	0.00816	0.01063	0.00903	0.01209	0.00745	0.00729	0.02014	0.06200	0.43276	0.10098	0.10666	0.02126	0.00896	0.00576	0.00178	0.00419	0.09038	0.00588	0.04608
4	0.00935	0.00479	0.00723	0.02780	0.00778	0.00485	0.00493	0.00717	0.00709	0.00944	0.00933	0.01626	0.00927	0.01830	0.02057	0.82169	0.00473	0.00466	0.00233	0.00243
5	0.01157	0.01007	0.01418	0.01235	0.01318	0.02898	0.05194	0.01301	0.00996	0.07537	0.04408	0.20168	0.01605	0.01063	0.01273	0.00218	0.45521	0.00751	0.00349	0.00583
6	0.00734	0.00563	0.00658	0.00700	0.00802	0.00537	0.00490	0.00963	0.07589	0.01483	0.08207	0.36631	0.24291	0.11136	0.00906	0.00239	0.00336	0.02781	0.00487	0.00469
7	0.02311	0.00937	0.01242	0.00962	0.01368	0.00836	0.00791	0.05323	0.04627	0.70541	0.02165	0.01890	0.03055	0.00682	0.00542	0.00167	0.00456	0.00554	0.00651	0.00900
8	0.00869	0.00622	0.00813	0.00887	0.01032	0.00602	0.00752	0.02722	0.01267	0.03335	0.05114	0.08578	0.17973	0.01420	0.00706	0.00227	0.00438	0.51638	0.00502	0.00503
9	0.00678	0.00538	0.00584	0.00590	0.00746	0.00466	0.00440	0.00838	0.01252	0.01587	0.16803	0.11041	0.54481	0.01312	0.00629	0.00181	0.00276	0.02739	0.04354	0.00464
10	0.00654	0.00467	0.00623	0.00747	0.00779	0.00436	0.00498	0.00747	0.01028	0.01370	0.02959	0.80785	0.03550	0.01682	0.00685	0.00218	0.00311	0.01526	0.00498	0.00436
11	0.00650	0.00481	0.00608	0.00710	0.00769	0.00439	0.00482	0.00752	0.01064	0.01385	0.03416	0.66847	0.17193	0.01622	0.00676	0.00211	0.00304	0.01454	0.00498	0.00439
12	0.01874	0.02241	0.01634	0.01417	0.01710	0.59372	0.06771	0.09545	0.01558	0.01556	0.00957	0.03546	0.00814	0.00607	0.00562	0.00151	0.04302	0.00424	0.00308	0.00652
13	0.01113	0.00954	0.01113	0.00795	0.01272	0.00716	0.00636	0.01352	0.01113	0.01749	0.00954	0.01113	0.00795	0.00398	0.00398	0.00080	0.00398	0.00318	0.00318	0.84417
14	0.03797	0.00567	0.00599	0.00561	0.00728	0.00557	0.00431	0.01424	0.01168	0.11132	0.01764	0.01945	0.01345	0.00626	0.00394	0.00131	0.00280	0.00498	0.71500	0.00552
15	0.00657	0.00470	0.00626	0.00745	0.00779	0.00438	0.00499	0.00756	0.01043	0.01395	0.05293	0.78381	0.03598	0.01663	0.00684	0.00216	0.00310	0.01509	0.00501	0.00438
16	0.00667	0.00549	0.00589	0.00591	0.00761	0.00471	0.00452	0.00827	0.01266	0.01559	0.15388	0.05062	0.62530	0.01331	0.00641	0.00184	0.00284	0.05874	0.00511	0.00463
17	0.00658	0.00471	0.00627	0.00744	0.00780	0.00439	0.00499	0.00759	0.01048	0.01403	0.06094	0.77555	0.03614	0.01657	0.00683	0.00216	0.00309	0.01503	0.00502	0.00439
18	0.00640	0.00544	0.00551	0.00549	0.00728	0.00455	0.00412	0.00781	0.01236	0.01480	0.08459	0.05117	0.74530	0.01348	0.00634	0.00181	0.00271	0.01126	0.00502	0.00455
19	0.01435	0.81458	0.02813	0.00918	0.01378	0.02124	0.00918	0.01607	0.01091	0.01263	0.00746	0.00861	0.00689	0.00459	0.00344	0.00115	0.00574	0.00287	0.00230	0.00689
20	0.01174	0.01174	0.01644	0.01409	0.01409	0.01644	0.01174	0.01292	0.00822	0.01292	0.00705	0.01174	0.00705	0.00940	0.01762	0.00235	0.80153	0.00470	0.00235	0.00587
21	0.84927	0.01038	0.00789	0.00706	0.01038	0.01204	0.00581	0.01578	0.00914	0.02408	0.00747	0.00872	0.00581	0.00498	0.00332	0.00166	0.00415	0.00291	0.00332	0.00581
22	0.01174	0.01174	0.01644	0.01409	0.01409	0.01644	0.01174	0.01292	0.00822	0.01292	0.00705	0.01174	0.00705	0.00940	0.01762	0.00235	0.80153	0.00470	0.00235	0.00587
23	0.00781	0.00520	0.00585	0.00585	0.00585	0.00520	0.00325	0.00781	0.00781	0.01041	0.01691	0.03513	0.01952	0.81135	0.02732	0.00520	0.00520	0.00781	0.00325	0.00325
24	0.01267	0.01448	0.03167	0.02262	0.02805	0.01357	0.75837	0.01719	0.01267	0.01719	0.01086	0.01448	0.00814	0.00452	0.00633	0.00181	0.00905	0.00633	0.00271	0.00724
25	0.00769	0.00568	0.00827	0.00827	0.00911	0.00652	0.00627	0.00936	0.00852	0.01220	0.01470	0.02287	0.01419	0.13818	0.69322	0.00819	0.01321	0.00601	0.00292	0.00460
26	0.02005	0.02558	0.01521	0.01383	0.01659	0.78980	0.01037	0.02143	0.01521	0.01314	0.00830	0.00968	0.00691	0.00553	0.00484	0.00138	0.00968	0.00346	0.00277	0.00622
27	0.01054	0.00552	0.00558	0.00538	0.00679	0.00561	0.00409	0.05119	0.01198	0.02073	0.01727	0.01964	0.01352	0.00626	0.00384	0.00127	0.00268	0.00499	0.79789	0.00522
28	0.00635	0.00541	0.00547	0.00552	0.00727	0.00452	0.00411	0.00769	0.01216	0.01447	0.05340	0.08152	0.74646	0.01372	0.00636	0.00183	0.00273	0.01148	0.00498	0.00452
29	0.02041	0.01504	0.01611	0.01235	0.01665	0.01665	0.01020	0.75997	0.02524	0.03383	0.01289	0.01289	0.00913	0.00644	0.00537	0.00161	0.00591	0.00483	0.00537	0.00913
30	0.00654	0.00467	0.00623	0.00747	0.00779	0.00436	0.00498	0.00747	0.01028	0.01370	0.02959	0.80785	0.03550	0.01682	0.00685	0.00218	0.00311	0.01526	0.00498	0.00436
31	0.84927	0.01038	0.00789	0.00706	0.01038	0.01204	0.00581	0.01578	0.00914	0.02408	0.00747	0.00872	0.00581	0.00498	0.00332	0.00166	0.00415	0.00291	0.00332	0.00581
32	0.00681	0.00478	0.00615	0.00713	0.00738	0.00454	0.00462	0.00754	0.00976	0.01301	0.02691	0.64466	0.03213	0.18461	0.01117	0.00282	0.00356	0.01369	0.00462	0.00413
33	0.01464	0.01124	0.01218	0.01076	0.01393	0.01270	0.00842	0.02824	0.67804	0.11334	0.02177	0.01982	0.01602	0.00721	0.00545	0.00180	0.00429	0.00599	0.00560	0.00857
34	0.00767	0.00546	0.00672	0.00670	0.00804	0.00490	0.00496	0.00952	0.01330	0.04619	0.37330	0.19857	0.25222	0.01283	0.00643	0.00184	0.00284	0.02814	0.00546	0.00492
35	0.62564	0.01004	0.00913	0.00773	0.01128	0.01092	0.00638	0.01859	0.01082	0.22937	0.01119	0.01131	0.00784	0.00543	0.00388	0.00166	0.00426	0.00358	0.00422	0.00671
36	0.02408	0.00914	0.01246	0.00955	0.01370	0.00789	0.00789	0.02616	0.01536	0.78158	0.02118	0.01827	0.01329	0.00664	0.00540	0.00166	0.00457	0.00540	0.00664	0.00914
37	0.00920	0.00603	0.00723	0.00666	0.00852	0.00537	0.00509	0.01148	0.02994	0.10977	0.38418	0.04163	0.33188	0.01141	0.00621	0.00174	0.00289	0.00976	0.00562	0.00541
38	0.02356	0.00998	0.01298	0.00995	0.01412	0.00914	0.00822	0.13115	0.01678	0.67460	0.01999	0.01750	0.01269	0.00662	0.00539	0.00165	0.00476	0.00532	0.00646	0.00913
39	0.13960	0.00923	0.01167	0.00912	0.01307	0.00841	0.00750	0.02431	0.01433	0.65853	0.01916	0.01729	0.01237	0.02382	0.00558	0.00174	0.00452	0.00510	0.00610	0.00854
40	0.00759	0.00572	0.00666	0.00638	0.00797	0.00511	0.00479	0.02664	0.01388	0.03241	0.38564	0.07938	0.37384	0.01223	0.00632	0.00176	0.00276	0.01050	0.00545	0.00496
41	0.00664	0.00484	0.00613	0.00706	0.00759	0.00447	0.00474	0.00763	0.01055	0.01387	0.05986	0.62296	0.13457	0.07214	0.00821	0.00233	0.00319	0.01400	0.00490	0.00433
42	0.01920	0.01369	0.01475	0.01147	0.01539	0.01505	0.00943	0.65045	0.02324	0.05166	0.01360	0.01391	0.00979	0.00716	0.02207	0.00173	0.00572	0.00488	0.08821	0.00863
43	0.11580	0.19139	0.12241	0.20239	0.05844	0.03195	0.14115	0.03248	0.01143	0.01639	0.00909	0.01176	0.00715	0.00505	0.00505	0.00161	0.02276	0.00426	0.00261	0.00682
44	0.01405	0.01410	0.01715	0.21868	0.22529	0.15967	0.01313	0.08755	0.01285	0.01628	0.00939	0.01271	0.00773	0.00648	0.00773	0.03498	0.12806	0.00452	0.00281	0.00684
45	0.01213	0.32670	0.44401	0.04654	0.02000	0.01589	0.01537	0.01641	0.01107	0.01509	0.00874	0.01043	0.00685	0.00502	0.00478	0.00151	0.02618	0.00360	0.00228	0.00740
46	0.00683	0.00507	0.00629	0.00691	0.00771	0.00460	0.00475	0.00802	0.01113	0.01473	0.12824	0.50117	0.17394	0.06543	0.00792	0.00221	0.00312	0.01306	0.00495	0.02393
47	0.00858	0.00558	0.00719	0.00698	0.00824	0.00511	0.00510	0.01052	0.01355	0.07820	0.46490	0.19978	0.09628	0.05630	0.00753	0.00199	0.00297	0.01055	0.00556	0.00510
48	0.21525	0.00966	0.01136	0.00910	0.01295	0.00938	0.00746	0.02397	0.08657	0.53188	0.01805	0.01622	0.01185	0.00632	0.00492	0.00168	0.00444	0.00488	0.00576	0.00830
49	0.01726	0.01067	0.01168	0.00937	0.01257	0.01131	0.00761	0.39355	0.01893	0.13396	0.01568	0.01615	0.01134	0.00640	0.00480	0.00149	0.00452	0.00497	0.30005	0.00768
50	0.01175	0.00652	0.00830	0.00732	0.00934	0.00592	0.00562	0.02927	0.01454	0.20444	0.41979	0.05238	0.12635	0.04734	0.00702	0.00186	0.00326	0.00869	0.02433	0.00597
51	0.00660	0.00470	0.00621	0.00740	0.00770	0.00440	0.00491	0.00749	0.01017	0.01356	0.02902	0.77350	0.03479	0.05213	0.00776	0.00231	0.00321	0.01493	0.00491	0.00431
52	0.00778	0.00532	0.00644	0.00644	0.00664	0.00552	0.00398	0.00818	0.00798	0.01084	0.01638	0.03218	0.01824	0.64972	0.18720	0.00592	0.00713	0.00738	0.00317	0.00358
53	0.01660	0.01216	0.01290	0.01052	0.01389	0.01349	0.00848	0.43233	0.20111	0.02829	0.01598	0.01605	0.01181	0.00661	0.00506	0.00159	0.00482	0.00516	0.17501	0.00814
54	0.00657	0.00468	0.00622	0.00744	0.00774	0.00438	0.00494	0.00748	0.01022	0.01363	0.02929	0.79008	0.03514	0.03509	0.00732	0.00225	0.00316	0.01509	0.00494	0.00433
55	0.02331	0.01037	0.01322	0.01014	0.01432	0.00973	0.00837	0.18005	0.01743	0.62477	0.01944	0.01714	0.01242	0.00660	0.00539	0.00165	0.00485	0.00528	0.00638	0.00913
56	0.00650	0.00482	0.00607	0.00707	0.00768	0.00439	0.00480	0.00752	0.01067	0.01386	0.03454	0.65672	0.18344	0.01617	0.00675	0.00211	0.00304	0.01447	0.00498	0.00439
57	0.02010	0.02410	0.01534	0.01362	0.01660	0.68077	0.01035	0.12558	0.01663	0.01606	0.00894	0.01013	0.00723	0.00566	0.00491	0.00142	0.00915	0.00365	0.00313	0.00663
58	0.01174	0.01174	0.01644	0.01409	0.01409	0.01644	0.01174	0.01292	0.00822	0.01292	0.00705	0.01174	0.00705	0.00940	0.01762	0.00235	0.80153	0.00470	0.00235	0.00587
59	0.01329	0.01275	0.02179	0.03295	0.77787	0.01275	0.01647	0.01647	0.01222	0.01754	0.01010	0.01329	0.00850	0.00478	0.00531	0.00159	0.00638	0.00478	0.00266	0.00850
60	0.01267	0.01448	0.03167	0.02262	0.02805	0.01357	0.75837	0.01719	0.01267	0.01719	0.01086	0.01448	0.00814	0.00452	0.00633	0.00181	0.00905	0.00633	0.00271	0.00724
61	0.00865	0.00618	0.00865	0.00989	0.01112	0.00618	0.00865	0.01112	0.01236	0.01606	0.02842	0.06055	0.03089	0.01483	0.00741	0.00247	0.00494	0.74174	0.00494	0.00494
62	0.02041	0.01504	0.01611	0.01235	0.01665	0.01665	0.01020	0.75997	0.02524	0.03383	0.01289	0.01289	0.00913	0.00644	0.00537	0.00161	0.00591	0.00483	0.00537	0.00913
63	0.01934	0.00803	0.01094	0.00917	0.01235	0.00708	0.00741	0.02127	0.01423	0.56460	0.03997	0.15422	0.01948	0.00921	0.00585	0.00182	0.00432	0.07666	0.00619	0.00785
64	0.00767	0.00575	0.00863	0.00863	0.00959	0.00671	0.00671	0.00959	0.00863	0.01246	0.01438	0.02109	0.01342	0.04026	0.79008	0.00863	0.01438	0.00575	0.00288	0.00479
65	0.00777	0.00535	0.00659	0.00659	0.00684	0.00560	0.00417	0.00828	0.00802	0.01095	0.01624	0.03141	0.01790	0.60690	0.22956	0.00611	0.00764	0.00726	0.00315	0.00366
66	0.02408	0.00914	0.01246	0.00955	0.01370	0.00789	0.00789	0.02616	0.01536	0.78158	0.02118	0.01827	0.01329	0.00664	0.00540	0.00166	0.00457	0.00540	0.00664	0.00914
67	0.01102	0.00942	0.01101	0.00794	0.01260	0.00709	0.00633	0.01336	0.01111	0.01740	0.01004	0.03114	0.00864	0.00430	0.00405	0.00083	0.00395	0.00348	0.00323	0.82307
68	0.02408	0.00914	0.01246	0.00955	0.01370	0.00789	0.00789	0.02616	0.01536	0.78158	0.02118	0.01827	0.01329	0.00664	0.00540	0.00166	0.00457	0.00540	0.00664	0.00914
69	0.00777	0.00521	0.00584	0.00584	0.00589	0.00519	0.00327	0.00780	0.00791	0.01051	0.01782	0.03553	0.03777	0.79209	0.02682	0.00512	0.00514	0.00789	0.00329	0.00328
70	0.00772	0.00517	0.00588	0.00597	0.00599	0.00515	0.00337	0.00778	0.00798	0.01063	0.01778	0.08796	0.02061	0.75703	0.02592	0.00500	0.00506	0.00832	0.00337	0.00333
71	0.28726	0.01293	0.01309	0.01036	0.01433	0.01426	0.00855	0.44519	0.01904	0.10766	0.01200	0.01210	0.00849	0.00599	0.00471	0.00163	0.00520	0.00427	0.00484	0.00806
72	0.01071	0.01022	0.01445	0.01270	0.01295	0.01396	0.01046	0.01207	0.00832	0.01280	0.00891	0.01412	0.00867	0.01725	0.21432	0.00395	0.60109	0.00497	0.00248	0.00560
73	0.00654	0.00467	0.00623	0.00747	0.00779	0.00436	0.00498	0.00747	0.01028	0.01370	0.02959	0.80785	0.03550	0.01682	0.00685	0.00218	0.00311	0.01526	0.00498	0.00436
74	0.00685	0.00480	0.00614	0.00707	0.00731	0.00457	0.00455	0.00756	0.00967	0.01289	0.02645	0.61646	0.03154	0.21361	0.01192	0.00293	0.00363	0.01341	0.00455	0.00409
75	0.84927	0.01038	0.00789	0.00706	0.01038	0.01204	0.00581	0.01578	0.00914	0.02408	0.00747	0.00872	0.00581	0.00498	0.00332	0.00166	0.00415	0.00291	0.00332	0.00581
76	0.01285	0.01244	0.02040	0.10993	0.65310	0.03106	0.01568	0.01596	0.01214	0.01692	0.01175	0.01482	0.03862	0.00521	0.00535	0.00162	0.00639	0.00501	0.00272	0.00803
77	0.01109	0.00605	0.00616	0.00577	0.00733	0.00621	0.00442	0.09015	0.01271	0.02145	0.01703	0.01927	0.01328	0.00627	0.00392	0.00129	0.00286	0.00499	0.75433	0.00543
78	0.00662	0.00483	0.00617	0.00720	0.00771	0.00446	0.00488	0.00760	0.01047	0.01372	0.03223	0.65886	0.13072	0.05044	0.00768	0.00227	0.00320	0.03168	0.00491	0.00435
79	0.01125	0.01086	0.01899	0.51612	0.24925	0.01230	0.07501	0.01479	0.01132	0.01509	0.00981	0.01403	0.00762	0.00513	0.00543	0.00173	0.00708	0.00490	0.00249	0.00680
80	0.01091	0.01002	0.01631	0.61837	0.07610	0.01220	0.03008	0.04586	0.01134	0.01510	0.00993	0.01428	0.00762	0.00566	0.00611	0.00178	0.05836	0.00481	0.03892	0.00623
81	0.01258	0.01283	0.03878	0.14708	0.49006	0.01292	0.13985	0.01603	0.01188	0.01668	0.01000	0.01353	0.00814	0.00504	0.00602	0.00170	0.04149	0.00502	0.00260	0.00778
82	0.01650	0.01895	0.01408	0.01305	0.03392	0.47404	0.00978	0.07406	0.01384	0.01462	0.00994	0.01292	0.00865	0.02777	0.16113	0.00299	0.08044	0.00424	0.00295	0.00613

[dist]
# distance from previous block
# <min> <max>
0	3

[block]
# block no. 4 follows, 45 sequences, length 31
# corresponding to MSA columns:
# 383-413
name=unknown_E
#
# <colnr> <probs for GDERKNQSTAVLIFYWHMCP>
#	G	D	E	R	K	N	Q	S	T	A	V	L	I	F	Y	W	H	M	C	P
0	0.01177	0.00936	0.01107	0.00801	0.01259	0.00711	0.00639	0.01398	0.01122	0.05842	0.01016	0.01169	0.00828	0.00460	0.00461	0.02864	0.00403	0.00335	0.00334	0.77139
1	0.00692	0.00526	0.00610	0.00627	0.00734	0.00477	0.00439	0.00822	0.01163	0.01507	0.19247	0.19964	0.32908	0.14913	0.02739	0.00259	0.00344	0.01107	0.00484	0.00440
2	0.00709	0.00514	0.00654	0.00712	0.00758	0.00498	0.00479	0.00811	0.01058	0.01427	0.14342	0.47483	0.06956	0.17546	0.01116	0.00270	0.02525	0.01242	0.00471	0.00430
3	0.10964	0.02339	0.55366	0.03023	0.02107	0.03616	0.03111	0.07074	0.01237	0.04925	0.01006	0.01149	0.00715	0.00525	0.00495	0.00168	0.00727	0.00401	0.00281	0.00771
4	0.00763	0.00562	0.00716	0.00679	0.00811	0.00523	0.00508	0.01037	0.03444	0.02087	0.68662	0.05950	0.09996	0.01121	0.00632	0.00171	0.00260	0.00986	0.00581	0.00510
5	0.03864	0.00799	0.00921	0.00875	0.01067	0.00827	0.00681	0.15784	0.07761	0.04095	0.09015	0.23193	0.10167	0.03158	0.00669	0.00202	0.00406	0.12569	0.03348	0.00598
6	0.01303	0.01344	0.06264	0.06120	0.70892	0.01271	0.01660	0.01640	0.01212	0.01736	0.01005	0.01322	0.00836	0.00482	0.00530	0.00161	0.00649	0.00474	0.00263	0.00838
7	0.00659	0.00469	0.00621	0.00742	0.00772	0.00439	0.00492	0.00749	0.01019	0.01358	0.02912	0.77965	0.03492	0.04581	0.00760	0.00229	0.00319	0.01499	0.00492	0.00432
8	0.78142	0.01028	0.00827	0.00726	0.01065	0.01170	0.00598	0.01663	0.00965	0.08637	0.00860	0.00951	0.00643	0.00512	0.00349	0.00166	0.00419	0.00311	0.00360	0.00609
9	0.00755	0.00533	0.00636	0.00679	0.00762	0.00497	0.00462	0.00881	0.02791	0.03692	0.05153	0.36960	0.20770	0.19859	0.01138	0.00276	0.00360	0.02887	0.00467	0.00442
10	0.01236	0.00695	0.00901	0.00803	0.01016	0.00652	0.00630	0.01576	0.07612	0.21689	0.45474	0.05099	0.03662	0.00994	0.00610	0.00175	0.00337	0.05603	0.00598	0.00637
11	0.00760	0.00549	0.00718	0.00675	0.00802	0.00506	0.00506	0.01013	0.01519	0.02153	0.77503	0.04010	0.05065	0.01097	0.00633	0.00169	0.00253	0.00971	0.00591	0.00506
12	0.00704	0.00527	0.00640	0.00709	0.00797	0.00488	0.00500	0.02653	0.01127	0.01453	0.04761	0.48338	0.23721	0.05504	0.00772	0.00223	0.00328	0.05809	0.00492	0.00452
13	0.60014	0.00962	0.00842	0.00751	0.01052	0.01076	0.00605	0.03845	0.03723	0.07435	0.09595	0.05647	0.01339	0.00653	0.00412	0.00170	0.00400	0.00467	0.00406	0.00607
14	0.01335	0.01153	0.01214	0.01092	0.01396	0.01335	0.00850	0.02852	0.76817	0.02245	0.02185	0.02003	0.01639	0.00728	0.00546	0.00182	0.00425	0.00607	0.00546	0.00850
15	0.00781	0.00520	0.00585	0.00585	0.00585	0.00520	0.00325	0.00781	0.00781	0.01041	0.01691	0.03513	0.01952	0.81135	0.02732	0.00520	0.00520	0.00781	0.00325	0.00325
16	0.03571	0.00844	0.01051	0.00888	0.01192	0.00801	0.00703	0.02119	0.14807	0.40607	0.10773	0.10108	0.08413	0.00878	0.00569	0.00176	0.00398	0.00740	0.00598	0.00764
17	0.00728	0.00531	0.00644	0.00657	0.00776	0.00477	0.00473	0.00890	0.01266	0.03281	0.30422	0.25472	0.26761	0.04251	0.00723	0.00199	0.00289	0.01158	0.00529	0.00473
18	0.00772	0.00546	0.00664	0.00646	0.00773	0.00508	0.00477	0.01011	0.02746	0.01940	0.48415	0.10161	0.15170	0.03085	0.00657	0.00178	0.00270	0.00973	0.10513	0.00494
19	0.00932	0.00466	0.00699	0.00699	0.00699	0.00466	0.00466	0.00699	0.00699	0.00932	0.00932	0.01632	0.00932	0.01865	0.02098	0.84382	0.00466	0.00466	0.00233	0.00233
20	0.00917	0.00468	0.00693	0.00697	0.00698	0.00467	0.00463	0.00704	0.00715	0.00953	0.01035	0.04715	0.01067	0.04547	0.02066	0.78327	0.00462	0.00517	0.00246	0.00244
21	0.01113	0.00954	0.01113	0.00795	0.01272	0.00716	0.00636	0.01352	0.01113	0.01749	0.00954	0.01113	0.00795	0.00398	0.00398	0.00080	0.00398	0.00318	0.00318	0.84417
22	0.00769	0.00565	0.00812	0.00812	0.00890	0.00643	0.00608	0.00926	0.00848	0.01208	0.01484	0.02366	0.01454	0.18159	0.65027	0.00800	0.01270	0.00613	0.00294	0.00451
23	0.00664	0.00476	0.00626	0.00733	0.00774	0.00443	0.00492	0.00767	0.01062	0.01419	0.08142	0.71601	0.05712	0.03431	0.00726	0.00220	0.00311	0.01460	0.00501	0.00439
24	0.01147	0.01186	0.05668	0.04984	0.01562	0.04116	0.05676	0.05836	0.01017	0.01460	0.00979	0.01436	0.00883	0.01614	0.20928	0.00376	0.39761	0.00499	0.00270	0.00601
