[name]
unknown

[dist]
# distance from previous block
# <min> <max>
39	416

[block]
# block no. 0 follows, 44 sequences, length 31
# corresponding to MSA columns:
# 430-460
name=unknown_A
#
# <colnr> <probs for GDERKNQSTAVLIFYWHMCP>
#	G	D	E	R	K	N	Q	S	T	A	V	L	I	F	Y	W	H	M	C	P
0	0.10870	0.05810	0.24316	0.08608	0.16460	0.01297	0.05164	0.06743	0.06457	0.01905	0.01144	0.03064	0.00917	0.02623	0.00565	0.00178	0.00649	0.00478	0.01999	0.00751
1	0.05852	0.03255	0.04813	0.08542	0.22733	0.01204	0.10535	0.12680	0.01430	0.04577	0.07220	0.04118	0.04287	0.00638	0.00546	0.00165	0.00598	0.00578	0.00370	0.05859
2	0.01684	0.05171	0.04063	0.03228	0.25423	0.01410	0.01217	0.31804	0.01771	0.08144	0.01251	0.03352	0.00974	0.00607	0.00557	0.00160	0.02385	0.00498	0.00418	0.05882
3	0.01334	0.01280	0.02186	0.06908	0.73995	0.01291	0.01666	0.01660	0.01234	0.01763	0.01023	0.01354	0.00857	0.00489	0.00540	0.00163	0.00651	0.00486	0.00269	0.00851
4	0.04481	0.01086	0.04072	0.10466	0.19004	0.01092	0.05762	0.03995	0.17650	0.03859	0.03636	0.14483	0.06433	0.00825	0.00576	0.00183	0.00531	0.00740	0.00410	0.00716
5	0.00767	0.00557	0.00723	0.00681	0.00812	0.00513	0.00511	0.01021	0.01533	0.02162	0.74744	0.04112	0.07567	0.01123	0.00643	0.00172	0.00258	0.00991	0.00597	0.00513
6	0.00937	0.00474	0.00707	0.00712	0.00713	0.00472	0.00475	0.00712	0.00722	0.00963	0.01023	0.04550	0.01045	0.01887	0.02078	0.81058	0.00468	0.00513	0.00247	0.00244
7	0.00696	0.00551	0.00627	0.00615	0.00770	0.00481	0.00459	0.00880	0.01354	0.01755	0.34117	0.08293	0.44887	0.01289	0.00646	0.00181	0.00270	0.01103	0.00544	0.00481
8	0.00947	0.00473	0.00710	0.00710	0.00710	0.00473	0.00473	0.00710	0.00710	0.00947	0.00947	0.01657	0.00947	0.01894	0.02131	0.84138	0.00473	0.00473	0.00237	0.00237
9	0.01384	0.01185	0.01249	0.01115	0.01428	0.01369	0.00870	0.05773	0.73533	0.02326	0.02183	0.02005	0.01635	0.00736	0.00554	0.00184	0.00438	0.00611	0.00554	0.00865
10	0.01148	0.02486	0.62230	0.01564	0.04472	0.01273	0.04022	0.03275	0.09010	0.01817	0.01164	0.01380	0.00864	0.00564	0.00532	0.00176	0.00754	0.02183	0.00279	0.00806
11	0.01873	0.01937	0.01466	0.01341	0.05495	0.41767	0.00990	0.23281	0.01769	0.02060	0.01114	0.01239	0.00870	0.00595	0.00495	0.00146	0.00756	0.00420	0.11674	0.00713
12	0.01308	0.01258	0.02179	0.18149	0.52400	0.01303	0.09152	0.04480	0.01267	0.01765	0.01033	0.01381	0.00835	0.00501	0.00552	0.00168	0.00689	0.00502	0.00276	0.00802
13	0.01253	0.07033	0.19734	0.02024	0.02615	0.01411	0.52682	0.01725	0.01235	0.01702	0.01044	0.01354	0.00786	0.00483	0.00621	0.00178	0.02548	0.00563	0.00262	0.00746
14	0.00829	0.00570	0.00747	0.00696	0.00834	0.00524	0.00524	0.01085	0.01544	0.04783	0.74577	0.03996	0.05014	0.01099	0.00640	0.00171	0.00264	0.00971	0.00603	0.00529
15	0.00865	0.00621	0.00861	0.00983	0.01107	0.00617	0.00853	0.01108	0.01248	0.01619	0.02969	0.08409	0.05360	0.01509	0.00748	0.00248	0.00490	0.69384	0.00502	0.00499
16	0.01356	0.01171	0.01233	0.01109	0.01418	0.01356	0.00863	0.02897	0.76455	0.02281	0.02219	0.02034	0.01664	0.00740	0.00555	0.00185	0.00431	0.00616	0.00555	0.00863
17	0.02144	0.00962	0.01236	0.00981	0.01364	0.00899	0.00799	0.06046	0.12120	0.57735	0.07999	0.02028	0.01671	0.00717	0.00556	0.00171	0.00450	0.00589	0.00646	0.00886
18	0.02402	0.00998	0.01309	0.01003	0.01427	0.00906	0.00829	0.11237	0.01678	0.69070	0.02052	0.01791	0.01300	0.00672	0.00548	0.00168	0.00480	0.00541	0.00660	0.00928
19	0.00766	0.00553	0.00724	0.00689	0.00813	0.00511	0.00514	0.01016	0.01519	0.02148	0.73613	0.07720	0.05071	0.01143	0.00646	0.00174	0.00260	0.01013	0.00596	0.00511
20	0.01093	0.02820	0.78016	0.01554	0.02360	0.01266	0.02014	0.01727	0.01151	0.01727	0.00978	0.01151	0.00691	0.00518	0.00518	0.00173	0.00806	0.00403	0.00230	0.00806
21	0.06102	0.00974	0.01585	0.74751	0.03591	0.01212	0.01458	0.01406	0.01080	0.01457	0.00956	0.01419	0.00718	0.00543	0.00532	0.00181	0.00708	0.00473	0.00248	0.00605
22	0.84691	0.01054	0.00801	0.00717	0.01054	0.01223	0.00590	0.01603	0.00928	0.02446	0.00759	0.00886	0.00590	0.00506	0.00337	0.00169	0.00422	0.00295	0.00337	0.00590
23	0.00947	0.00473	0.00710	0.00710	0.00710	0.00473	0.00473	0.00710	0.00710	0.00947	0.00947	0.01657	0.00947	0.01894	0.02131	0.84138	0.00473	0.00473	0.00237	0.00237
24	0.01886	0.07602	0.01613	0.04162	0.01700	0.45600	0.01028	0.19156	0.06463	0.01884	0.01165	0.01252	0.02922	0.00610	0.00504	0.00150	0.00803	0.00423	0.00361	0.00714
25	0.01356	0.01171	0.01233	0.01109	0.01418	0.01356	0.00863	0.02897	0.76455	0.02281	0.02219	0.02034	0.01664	0.00740	0.00555	0.00185	0.00431	0.00616	0.00555	0.00863
26	0.00793	0.00529	0.00595	0.00595	0.00595	0.00529	0.00330	0.00793	0.00793	0.01057	0.01718	0.03568	0.01982	0.80840	0.02775	0.00529	0.00529	0.00793	0.00330	0.00330
27	0.00683	0.00534	0.00620	0.00649	0.00778	0.00471	0.00473	0.00837	0.01251	0.01605	0.19786	0.25659	0.39871	0.01418	0.00661	0.00194	0.00289	0.03225	0.00526	0.00468
28	0.00793	0.00529	0.00595	0.00595	0.00595	0.00529	0.00330	0.00793	0.00793	0.01057	0.01718	0.03568	0.01982	0.80840	0.02775	0.00529	0.00529	0.00793	0.00330	0.00330
29	0.16401	0.03234	0.01349	0.02478	0.01454	0.01314	0.02136	0.29231	0.08128	0.02508	0.01252	0.04380	0.01004	0.00633	0.00540	0.00155	0.04287	0.00474	0.02565	0.16477
30	0.01912	0.01455	0.01544	0.01195	0.01610	0.04578	0.00979	0.58172	0.02239	0.04933	0.01260	0.01307	0.00920	0.00717	0.02557	0.00173	0.02646	0.00469	0.00497	0.10836

[dist]
# distance from previous block
# <min> <max>
0	4

[block]
# block no. 1 follows, 44 sequences, length 49
# corresponding to MSA columns:
# 465-491,493-514
name=unknown_B
#
# <colnr> <probs for GDERKNQSTAVLIFYWHMCP>
#	G	D	E	R	K	N	Q	S	T	A	V	L	I	F	Y	W	H	M	C	P
0	0.04042	0.01289	0.07625	0.21553	0.18751	0.02719	0.16816	0.01612	0.02980	0.03831	0.01220	0.04109	0.01022	0.00594	0.00560	0.00174	0.00692	0.04080	0.00304	0.06027
1	0.08122	0.23336	0.17739	0.01442	0.06471	0.01470	0.15114	0.03978	0.01200	0.03008	0.01286	0.01449	0.06441	0.00572	0.00533	0.00158	0.03373	0.00475	0.00293	0.03542
2	0.00665	0.00481	0.00630	0.00745	0.00788	0.00445	0.00501	0.00766	0.01066	0.01412	0.04637	0.74458	0.08039	0.01677	0.00692	0.00218	0.00313	0.01515	0.00508	0.00445
3	0.10132	0.00984	0.01225	0.00954	0.01354	0.00917	0.00784	0.10207	0.01591	0.55669	0.06238	0.01808	0.01433	0.00673	0.00528	0.00165	0.00460	0.00536	0.00612	0.03729
4	0.01532	0.21666	0.03068	0.03005	0.09804	0.21187	0.04422	0.03986	0.07083	0.05252	0.01337	0.07912	0.03058	0.00678	0.00550	0.00157	0.03737	0.00527	0.00337	0.00700
5	0.01300	0.34769	0.38856	0.01243	0.01860	0.01635	0.01443	0.07156	0.01242	0.01663	0.01069	0.01190	0.03339	0.00537	0.00455	0.00149	0.00681	0.00389	0.00264	0.00759
6	0.00949	0.00475	0.00704	0.00704	0.00708	0.00475	0.00471	0.00727	0.00723	0.00979	0.00971	0.01668	0.00960	0.01857	0.02079	0.81675	0.00467	0.00475	0.02688	0.00245
7	0.01965	0.01484	0.01744	0.01385	0.04184	0.01618	0.06582	0.62504	0.05980	0.04963	0.01348	0.01370	0.00963	0.00639	0.00553	0.00166	0.00614	0.00509	0.00520	0.00908
8	0.01972	0.01504	0.03156	0.01282	0.03183	0.01623	0.01046	0.68228	0.04367	0.03269	0.01377	0.04003	0.01031	0.00686	0.00550	0.00166	0.00591	0.00528	0.00532	0.00905
9	0.00846	0.00692	0.00750	0.00734	0.00919	0.00677	0.00551	0.03733	0.15487	0.01720	0.08485	0.16283	0.41467	0.02415	0.00666	0.00195	0.00331	0.02978	0.00520	0.00552
10	0.02408	0.00989	0.01303	0.00999	0.01422	0.00892	0.00825	0.10114	0.01663	0.70215	0.02065	0.01800	0.01306	0.00673	0.00548	0.00168	0.00478	0.00542	0.00662	0.00928
11	0.00837	0.00673	0.01007	0.12669	0.10674	0.00688	0.00831	0.01028	0.01135	0.01528	0.09265	0.42481	0.02896	0.03475	0.00712	0.00215	0.00436	0.08480	0.00442	0.00528
12	0.00667	0.00555	0.00586	0.00599	0.00771	0.00474	0.00456	0.00815	0.01245	0.01504	0.07483	0.08333	0.66384	0.01395	0.00655	0.00190	0.00294	0.06622	0.00509	0.00464
13	0.01439	0.19897	0.01726	0.09512	0.03256	0.20432	0.01003	0.05468	0.02739	0.01522	0.01045	0.02620	0.00905	0.00902	0.06788	0.00213	0.11588	0.00437	0.07869	0.00639
14	0.01206	0.00998	0.01150	0.00858	0.01314	0.00823	0.00683	0.01641	0.12415	0.04251	0.01193	0.01289	0.00953	0.00463	0.00431	0.00099	0.00410	0.00374	0.00369	0.69080
15	0.00669	0.00480	0.00635	0.00750	0.00791	0.00447	0.00504	0.00773	0.01074	0.01433	0.06782	0.74821	0.05477	0.01670	0.00692	0.00218	0.00312	0.01512	0.00511	0.00447
16	0.00785	0.00534	0.00625	0.00627	0.00643	0.00542	0.00374	0.00812	0.00819	0.01097	0.01816	0.04794	0.04000	0.68944	0.10938	0.00552	0.00619	0.00793	0.00334	0.00353
17	0.00764	0.00562	0.00647	0.00651	0.00809	0.00492	0.00489	0.00928	0.01286	0.04995	0.18771	0.16289	0.44894	0.01354	0.00653	0.00190	0.00299	0.04906	0.00532	0.00491
18	0.01276	0.19668	0.30765	0.07636	0.19315	0.04201	0.04171	0.01719	0.03384	0.01618	0.00975	0.01188	0.00768	0.00507	0.00492	0.00158	0.00714	0.00416	0.00254	0.00773
19	0.16101	0.18933	0.42744	0.01263	0.01875	0.07288	0.01462	0.01719	0.01132	0.01732	0.00883	0.01033	0.00676	0.00508	0.00449	0.00158	0.00704	0.00356	0.00254	0.00732
20	0.35617	0.06436	0.11134	0.08031	0.06614	0.01192	0.00965	0.05002	0.01127	0.04376	0.01101	0.06422	0.00930	0.00601	0.00439	0.00164	0.00518	0.00451	0.04379	0.04503
21	0.13443	0.04552	0.30526	0.05170	0.07439	0.02299	0.12695	0.03473	0.01229	0.05075	0.06719	0.01514	0.01118	0.00576	0.00523	0.00172	0.00681	0.01747	0.00316	0.00733
22	0.00696	0.00550	0.00659	0.00663	0.00796	0.00487	0.01741	0.00850	0.01243	0.01599	0.20815	0.22456	0.38785	0.05229	0.00759	0.00207	0.00305	0.01181	0.00515	0.00467
23	0.00822	0.00615	0.00780	0.00890	0.06453	0.00616	0.00540	0.00990	0.05435	0.01341	0.04150	0.23655	0.07555	0.37133	0.06296	0.00388	0.00508	0.00976	0.00402	0.00454
24	0.01515	0.73382	0.02727	0.00980	0.01428	0.09738	0.00945	0.01686	0.01151	0.01288	0.00766	0.00885	0.00700	0.00476	0.00364	0.00119	0.00623	0.00297	0.00238	0.00693
25	0.21388	0.01500	0.11438	0.01117	0.01495	0.06789	0.01006	0.24339	0.03720	0.05057	0.09140	0.01487	0.01264	0.00671	0.00603	0.00172	0.07176	0.00480	0.00420	0.00737
26	0.06513	0.05889	0.44702	0.01596	0.07630	0.01273	0.09036	0.01831	0.05273	0.07500	0.01173	0.01392	0.00874	0.00555	0.00523	0.00172	0.00717	0.02259	0.00302	0.00789
27	0.26005	0.08456	0.01488	0.01276	0.06317	0.33528	0.00953	0.04437	0.01284	0.03619	0.00860	0.01020	0.00705	0.00572	0.00551	0.00158	0.07449	0.00359	0.00308	0.00655
28	0.01326	0.01413	0.03603	0.19384	0.30834	0.10695	0.14770	0.01723	0.05154	0.01648	0.01127	0.03807	0.00930	0.00555	0.00559	0.00171	0.00736	0.00535	0.00287	0.00742
29	0.02772	0.01060	0.01588	0.31632	0.15923	0.03478	0.04810	0.07095	0.01335	0.07427	0.09478	0.05638	0.04050	0.00693	0.00565	0.00175	0.00610	0.00618	0.00367	0.00684
30	0.00756	0.00557	0.00707	0.00669	0.00805	0.00508	0.00502	0.00999	0.01506	0.02099	0.68353	0.04217	0.13998	0.01147	0.00643	0.00173	0.00260	0.01006	0.00589	0.00508
31	0.09730	0.00939	0.01224	0.00948	0.01362	0.00839	0.00783	0.02564	0.01504	0.71142	0.02028	0.01770	0.01282	0.00660	0.00530	0.00169	0.00460	0.00526	0.00645	0.00898
32	0.03711	0.00997	0.02300	0.00972	0.01276	0.01007	0.00782	0.12749	0.21918	0.20434	0.11837	0.08291	0.07347	0.00890	0.00580	0.00180	0.00430	0.02967	0.00569	0.00765
33	0.00727	0.00546	0.00631	0.00637	0.00742	0.00502	0.00441	0.00879	0.02416	0.01556	0.22368	0.16131	0.28415	0.20231	0.01157	0.00269	0.00340	0.01077	0.00489	0.00447
34	0.11521	0.00867	0.00981	0.05603	0.01184	0.00931	0.00662	0.16836	0.01314	0.08241	0.03388	0.03435	0.03433	0.28575	0.07791	0.00351	0.00590	0.00627	0.03086	0.00582
35	0.03793	0.11208	0.41933	0.01725	0.06184	0.01410	0.20102	0.04251	0.01226	0.01765	0.00991	0.01207	0.00740	0.00500	0.00527	0.00168	0.00782	0.00454	0.00258	0.00777
36	0.00733	0.00556	0.00675	0.00645	0.00791	0.00498	0.00484	0.00954	0.01452	0.01971	0.55499	0.04427	0.26932	0.01195	0.00643	0.00175	0.00263	0.01036	0.00572	0.00498
37	0.06015	0.01464	0.01557	0.01206	0.01625	0.01621	0.00993	0.68139	0.03788	0.03324	0.03923	0.01397	0.01070	0.00665	0.00539	0.00165	0.00576	0.00501	0.00537	0.00895
38	0.01861	0.01507	0.01499	0.01214	0.01597	0.08328	0.00979	0.48715	0.21619	0.02922	0.01514	0.01484	0.01109	0.00668	0.00540	0.00166	0.00582	0.00512	0.02309	0.00876
39	0.07458	0.01039	0.01164	0.00852	0.01320	0.00874	0.00686	0.09875	0.01279	0.02016	0.00992	0.01133	0.00805	0.00440	0.00415	0.00097	0.00428	0.00340	0.00349	0.68438
40	0.02654	0.04534	0.30241	0.07330	0.02377	0.01286	0.26134	0.07115	0.01294	0.03888	0.01215	0.07202	0.00990	0.00602	0.00569	0.00178	0.00763	0.00579	0.00304	0.00746
41	0.07390	0.07184	0.47776	0.01650	0.02333	0.01348	0.21319	0.01717	0.01168	0.01758	0.00981	0.01199	0.00720	0.00498	0.00527	0.00172	0.00793	0.00452	0.00250	0.00764
42	0.00714	0.00551	0.00828	0.00871	0.00945	0.00515	0.06085	0.00842	0.01079	0.01446	0.05429	0.71959	0.03452	0.01595	0.00690	0.00217	0.00359	0.01463	0.00492	0.00467
43	0.01230	0.13235	0.40167	0.05495	0.11089	0.01422	0.14450	0.03631	0.01213	0.01703	0.00983	0.01209	0.00743	0.00502	0.00521	0.00166	0.00767	0.00445	0.00252	0.00779
44	0.04092	0.07117	0.03370	0.05322	0.11348	0.03065	0.28068	0.03120	0.01231	0.01663	0.01798	0.15964	0.07523	0.00808	0.00598	0.00183	0.00653	0.03074	0.00345	0.00659
45	0.00708	0.00510	0.00645	0.00708	0.00772	0.00476	0.00484	0.00829	0.01130	0.01513	0.17472	0.45181	0.10822	0.12899	0.00980	0.00253	0.00337	0.03338	0.00499	0.00444
46	0.01326	0.01411	0.02571	0.10756	0.14527	0.05578	0.42418	0.05249	0.01306	0.01742	0.01108	0.03640	0.00893	0.00546	0.00658	0.00180	0.04475	0.00596	0.00289	0.00730
47	0.01174	0.04761	0.01098	0.00797	0.01169	0.00791	0.00634	0.06361	0.01263	0.07418	0.02096	0.07299	0.15606	0.03436	0.00567	0.00139	0.00404	0.00604	0.00407	0.43977
48	0.01298	0.16557	0.28751	0.01142	0.01616	0.02755	0.01205	0.07555	0.01300	0.09796	0.03607	0.16920	0.03637	0.00810	0.00533	0.00170	0.00589	0.00665	0.00376	0.00717

[dist]
# distance from previous block
# <min> <max>
0	3

[block]
# block no. 2 follows, 44 sequences, length 11
# corresponding to MSA columns:
# 518-528
name=unknown_C
#
# <colnr> <probs for GDERKNQSTAVLIFYWHMCP>
#	G	D	E	R	K	N	Q	S	T	A	V	L	I	F	Y	W	H	M	C	P
0	0.17090	0.03522	0.27755	0.01253	0.06201	0.04571	0.01214	0.01660	0.01234	0.09578	0.13912	0.01862	0.01596	0.00681	0.00546	0.00173	0.02635	0.03441	0.00373	0.00704
1	0.01219	0.05205	0.18193	0.01920	0.08659	0.01336	0.34798	0.03630	0.01230	0.01718	0.03066	0.06562	0.01079	0.00624	0.00704	0.00183	0.08246	0.00612	0.00291	0.00727
2	0.05323	0.00918	0.01155	0.03311	0.01343	0.00874	0.00766	0.06912	0.08365	0.42002	0.16117	0.02259	0.03875	0.00759	0.00555	0.00168	0.00430	0.00628	0.00598	0.03641
3	0.04884	0.25203	0.33867	0.01523	0.07131	0.01512	0.11587	0.01669	0.01162	0.01647	0.02741	0.01185	0.00828	0.00504	0.00480	0.00155	0.00707	0.00416	0.00255	0.02544
4	0.01769	0.02120	0.01427	0.01362	0.05380	0.56102	0.00985	0.04747	0.06577	0.01518	0.01594	0.01660	0.11107	0.00684	0.00521	0.00151	0.00819	0.00489	0.00339	0.00647
5	0.00819	0.00668	0.00742	0.00708	0.00866	0.03290	0.00531	0.01125	0.06811	0.01938	0.46778	0.07201	0.24157	0.01164	0.00634	0.00177	0.00303	0.01004	0.00557	0.00526
6	0.00758	0.00557	0.00710	0.00671	0.00806	0.00509	0.00504	0.01002	0.01511	0.02109	0.69379	0.04200	0.12965	0.01143	0.00643	0.00173	0.00259	0.01004	0.00590	0.00509
7	0.00710	0.00556	0.00648	0.00661	0.00810	0.00494	0.00505	0.00893	0.01315	0.01692	0.25857	0.11365	0.41381	0.01345	0.00661	0.00191	0.00300	0.09601	0.00533	0.00479
8	0.06261	0.34692	0.02059	0.01149	0.01490	0.22800	0.00987	0.08655	0.04153	0.01603	0.00882	0.01029	0.00754	0.00585	0.00598	0.00149	0.10810	0.00362	0.00294	0.00689
9	0.00918	0.00547	0.00693	0.00724	0.00790	0.00516	0.00477	0.00992	0.01013	0.10180	0.02441	0.43559	0.02757	0.30148	0.01429	0.00326	0.00410	0.01160	0.00462	0.00459
10	0.00915	0.00801	0.03874	0.10330	0.01496	0.00739	0.08764	0.03888	0.01191	0.03455	0.07327	0.45067	0.02700	0.01238	0.00644	0.00200	0.00465	0.02975	0.00446	0.03485

[dist]
# distance from previous block
# <min> <max>
3	8

[block]
# block no. 3 follows, 44 sequences, length 103
# corresponding to MSA columns:
# 538-640
name=unknown_D
#
# <colnr> <probs for GDERKNQSTAVLIFYWHMCP>
#	G	D	E	R	K	N	Q	S	T	A	V	L	I	F	Y	W	H	M	C	P
0	0.00908	0.00645	0.00784	0.00714	0.00888	0.00605	0.00545	0.06821	0.01564	0.04865	0.54455	0.04010	0.18887	0.01116	0.00632	0.00173	0.00295	0.00964	0.00580	0.00551
1	0.00655	0.00551	0.00555	0.00555	0.00727	0.00465	0.00408	0.00783	0.01212	0.01444	0.05262	0.05132	0.72065	0.06823	0.00790	0.00208	0.00293	0.01126	0.00494	0.00451
2	0.01144	0.00981	0.01137	0.00826	0.01299	0.00764	0.00659	0.01464	0.05626	0.01807	0.01044	0.01184	0.00859	0.00424	0.00413	0.00087	0.00405	0.00341	0.00337	0.79201
3	0.02446	0.00928	0.01265	0.00970	0.01392	0.00801	0.00801	0.02657	0.01560	0.77817	0.02151	0.01856	0.01350	0.00675	0.00548	0.00169	0.00464	0.00548	0.00675	0.00928
4	0.01093	0.02820	0.78016	0.01554	0.02360	0.01266	0.02014	0.01727	0.01151	0.01727	0.00978	0.01151	0.00691	0.00518	0.00518	0.00173	0.00806	0.00403	0.00230	0.00806
5	0.02037	0.02598	0.01545	0.01404	0.01685	0.78652	0.01053	0.02177	0.01545	0.01334	0.00843	0.00983	0.00702	0.00562	0.00492	0.00140	0.00983	0.00351	0.00281	0.00632
6	0.00681	0.00558	0.00608	0.00636	0.00800	0.00484	0.00491	0.00833	0.01229	0.01490	0.04930	0.11215	0.60349	0.01425	0.00665	0.00197	0.00313	0.12124	0.00506	0.00465
7	0.00760	0.00557	0.00713	0.00674	0.00807	0.00510	0.00505	0.01007	0.01516	0.02122	0.70738	0.04178	0.11598	0.01138	0.00643	0.00173	0.00259	0.01001	0.00592	0.00510
8	0.02446	0.00928	0.01265	0.00970	0.01392	0.00801	0.00801	0.02657	0.01560	0.77817	0.02151	0.01856	0.01350	0.00675	0.00548	0.00169	0.00464	0.00548	0.00675	0.00928
9	0.02290	0.02960	0.04275	0.00995	0.01422	0.00879	0.00851	0.04132	0.03586	0.67462	0.03935	0.01853	0.01403	0.00676	0.00545	0.00168	0.00477	0.00548	0.00639	0.00905
10	0.00808	0.00552	0.00625	0.00627	0.00652	0.00549	0.00372	0.02874	0.00890	0.01178	0.02029	0.11164	0.05984	0.66726	0.02398	0.00470	0.00497	0.00877	0.00363	0.00365
11	0.01219	0.01352	0.02840	0.02078	0.02534	0.01313	0.62098	0.01615	0.01226	0.01676	0.01254	0.09061	0.01086	0.00621	0.00743	0.00192	0.07385	0.00717	0.00295	0.00696
12	0.70464	0.07783	0.03171	0.03786	0.01236	0.02980	0.00704	0.01613	0.00969	0.02265	0.00775	0.00916	0.00610	0.00506	0.00355	0.00164	0.00470	0.00306	0.00321	0.00607
13	0.01620	0.01237	0.01285	0.01067	0.01383	0.03628	0.00850	0.35843	0.22596	0.02670	0.01631	0.01713	0.01243	0.03884	0.00634	0.00179	0.02232	0.00536	0.14972	0.00797
14	0.03217	0.06966	0.11940	0.07887	0.07837	0.14314	0.29783	0.01785	0.01263	0.04424	0.01017	0.01288	0.00784	0.00526	0.00614	0.00171	0.04685	0.00498	0.00279	0.00721
15	0.11221	0.01199	0.01723	0.07099	0.42742	0.01279	0.01301	0.01941	0.20411	0.01957	0.01392	0.01560	0.02673	0.00576	0.00522	0.00170	0.00562	0.00511	0.00354	0.00806
16	0.01442	0.01151	0.01317	0.06353	0.05140	0.01304	0.00942	0.04297	0.60015	0.08643	0.02055	0.01933	0.01522	0.00708	0.00553	0.00182	0.00467	0.00593	0.00531	0.00853
17	0.00791	0.00554	0.00725	0.00699	0.00822	0.00510	0.00518	0.01024	0.01474	0.03656	0.64817	0.13840	0.06136	0.01186	0.00648	0.00178	0.00269	0.01052	0.00588	0.00513
18	0.00748	0.00516	0.00638	0.00688	0.00711	0.00511	0.00438	0.00805	0.00906	0.01213	0.02209	0.31463	0.02570	0.44024	0.07147	0.00431	0.00514	0.03680	0.00398	0.00388
19	0.02405	0.00919	0.01252	0.00963	0.01378	0.00794	0.00794	0.02617	0.01560	0.75980	0.03972	0.01909	0.01442	0.00685	0.00551	0.00169	0.00459	0.00559	0.00673	0.00918
20	0.00749	0.00592	0.00679	0.00651	0.00815	0.00540	0.00490	0.01029	0.05878	0.01871	0.40466	0.04479	0.37350	0.01212	0.00638	0.00178	0.00276	0.01038	0.00555	0.00511
21	0.04221	0.01389	0.01537	0.01181	0.01612	0.01492	0.00976	0.58430	0.02311	0.19045	0.01472	0.01413	0.01007	0.00655	0.00541	0.00165	0.00567	0.00498	0.00567	0.00919
22	0.03352	0.01419	0.04076	0.05769	0.39604	0.08657	0.01354	0.08543	0.11956	0.07982	0.01280	0.01436	0.00988	0.00563	0.00534	0.00165	0.00634	0.00490	0.00367	0.00833
23	0.03924	0.01629	0.01352	0.01198	0.01513	0.24923	0.00927	0.09052	0.43364	0.03800	0.01678	0.01615	0.01270	0.00670	0.00529	0.00169	0.00615	0.00514	0.00467	0.00792
24	0.01588	0.01115	0.01469	0.01121	0.01531	0.01060	0.08869	0.17959	0.06035	0.16840	0.01488	0.05786	0.01175	0.02862	0.00610	0.00157	0.02249	0.00539	0.00457	0.27090
25	0.01747	0.03939	0.01489	0.01222	0.04239	0.02713	0.00957	0.45595	0.12666	0.05725	0.02974	0.07641	0.02901	0.00780	0.00560	0.00172	0.00542	0.02775	0.00523	0.00838
26	0.01118	0.08186	0.72868	0.01511	0.02294	0.01327	0.01940	0.01720	0.01148	0.01696	0.00963	0.01132	0.00691	0.00514	0.00506	0.00169	0.00790	0.00395	0.00230	0.00798
27	0.02436	0.00944	0.01275	0.00978	0.01400	0.00826	0.00808	0.04647	0.01588	0.75789	0.02128	0.01841	0.01338	0.00674	0.00548	0.00169	0.00468	0.00547	0.00671	0.00928
28	0.01270	0.01409	0.02979	0.09162	0.10279	0.01356	0.61715	0.01708	0.01265	0.01719	0.01084	0.01457	0.00822	0.00470	0.00625	0.00181	0.00876	0.00614	0.00272	0.00737
29	0.00826	0.00640	0.00741	0.00748	0.00879	0.02862	0.00551	0.01091	0.06027	0.03106	0.32421	0.26227	0.16611	0.01299	0.00651	0.00191	0.00322	0.03748	0.00542	0.00516
30	0.00790	0.00538	0.00642	0.00642	0.00658	0.00554	0.00389	0.00823	0.00807	0.01092	0.01674	0.03328	0.01878	0.67923	0.15550	0.00587	0.00685	0.00758	0.00324	0.00357
31	0.00689	0.00485	0.00625	0.00728	0.00753	0.00459	0.00473	0.00766	0.00996	0.01328	0.02760	0.65856	0.03297	0.16758	0.01091	0.00280	0.00357	0.01406	0.00473	0.00421
32	0.01100	0.02776	0.75557	0.01578	0.02376	0.01270	0.04429	0.01727	0.01155	0.01727	0.00982	0.01162	0.00695	0.00516	0.00522	0.00173	0.00809	0.00411	0.00232	0.00803
33	0.02446	0.00928	0.01265	0.00970	0.01392	0.00801	0.00801	0.02657	0.01560	0.77817	0.02151	0.01856	0.01350	0.00675	0.00548	0.00169	0.00464	0.00548	0.00675	0.00928
34	0.00664	0.00474	0.00633	0.00759	0.00791	0.00443	0.00506	0.00759	0.01044	0.01392	0.03005	0.80485	0.03606	0.01708	0.00696	0.00221	0.00316	0.01550	0.00506	0.00443
35	0.01093	0.02820	0.78016	0.01554	0.02360	0.01266	0.02014	0.01727	0.01151	0.01727	0.00978	0.01151	0.00691	0.00518	0.00518	0.00173	0.00806	0.00403	0.00230	0.00806
36	0.01204	0.01254	0.02230	0.09082	0.07346	0.01451	0.28298	0.01483	0.01059	0.01513	0.00984	0.04183	0.00871	0.00731	0.01131	0.00207	0.35469	0.00578	0.00264	0.00661
37	0.84691	0.01054	0.00801	0.00717	0.01054	0.01223	0.00590	0.01603	0.00928	0.02446	0.00759	0.00886	0.00590	0.00506	0.00337	0.00169	0.00422	0.00295	0.00337	0.00590
38	0.00832	0.00549	0.00710	0.00789	0.00863	0.00525	0.00542	0.01018	0.05571	0.06668	0.02857	0.67889	0.03282	0.04181	0.00746	0.00226	0.00340	0.01401	0.00515	0.00497
39	0.48081	0.30587	0.01588	0.00815	0.01198	0.01569	0.00731	0.04887	0.01072	0.02050	0.00811	0.00931	0.00667	0.00502	0.00352	0.00148	0.00485	0.00308	0.02574	0.00643
40	0.84691	0.01054	0.00801	0.00717	0.01054	0.01223	0.00590	0.01603	0.00928	0.02446	0.00759	0.00886	0.00590	0.00506	0.00337	0.00169	0.00422	0.00295	0.00337	0.00590
41	0.00740	0.00556	0.00685	0.00653	0.00795	0.00501	0.00490	0.00968	0.01469	0.02009	0.59355	0.04364	0.23052	0.01181	0.00643	0.00175	0.00262	0.01027	0.00577	0.00501
42	0.00754	0.00557	0.00704	0.00668	0.00804	0.00507	0.00501	0.00995	0.01502	0.02088	0.67303	0.04234	0.15054	0.01151	0.00643	0.00173	0.00260	0.01009	0.00587	0.00507
43	0.00696	0.00497	0.00669	0.00795	0.00840	0.00470	0.00561	0.00813	0.01075	0.01427	0.02987	0.69597	0.03537	0.01678	0.00704	0.00226	0.00343	0.12128	0.00505	0.00451
44	0.01328	0.01292	0.02223	0.04755	0.66232	0.01324	0.06040	0.01647	0.01213	0.01739	0.01008	0.01348	0.00848	0.00518	0.00632	0.00169	0.06090	0.00495	0.00267	0.00832
45	0.01042	0.00772	0.00907	0.00817	0.01022	0.00786	0.00629	0.06716	0.17873	0.05073	0.46515	0.03454	0.10191	0.01007	0.00614	0.00175	0.00329	0.00869	0.00581	0.00630
46	0.01151	0.11928	0.63984	0.01553	0.03775	0.01377	0.05496	0.01715	0.01154	0.01676	0.00960	0.01138	0.00702	0.00508	0.00505	0.00166	0.00782	0.00403	0.00234	0.00791
47	0.01461	0.77796	0.04522	0.00956	0.01427	0.03703	0.00960	0.01646	0.01118	0.01294	0.00765	0.00883	0.00699	0.00470	0.00357	0.00118	0.00596	0.00295	0.00234	0.00701
48	0.00909	0.00647	0.00802	0.00747	0.00929	0.00594	0.00580	0.02995	0.02883	0.05243	0.41007	0.05754	0.14578	0.03791	0.00702	0.00189	0.00332	0.09574	0.00543	0.07201
49	0.17036	0.17941	0.18331	0.01500	0.14496	0.03538	0.02480	0.03908	0.07974	0.06408	0.01089	0.01205	0.00839	0.00533	0.00461	0.00159	0.00608	0.00407	0.00324	0.00763
50	0.01788	0.14913	0.18626	0.01098	0.01607	0.01195	0.01093	0.06996	0.03471	0.33644	0.03396	0.01506	0.01130	0.00597	0.00500	0.00155	0.00559	0.00466	0.00462	0.06800
51	0.00724	0.00555	0.00663	0.00636	0.00785	0.00494	0.00477	0.00937	0.01431	0.01919	0.50339	0.04512	0.32124	0.01214	0.00644	0.00176	0.00264	0.01048	0.00565	0.00494
52	0.00686	0.00494	0.00616	0.00704	0.00748	0.00461	0.00462	0.00768	0.01021	0.01339	0.03064	0.57172	0.12051	0.16454	0.01078	0.00274	0.00351	0.01361	0.00473	0.00424
53	0.01440	0.22664	0.23359	0.03328	0.20681	0.01494	0.04544	0.06176	0.01288	0.08569	0.01063	0.01220	0.00816	0.00517	0.00489	0.00155	0.00668	0.00424	0.00302	0.00804
54	0.00677	0.00484	0.00647	0.00774	0.00811	0.00454	0.00528	0.00781	0.01056	0.01406	0.02998	0.76075	0.03578	0.01696	0.00699	0.00223	0.00327	0.05834	0.00506	0.00446
55	0.01349	0.01295	0.02213	0.03346	0.77440	0.01295	0.01673	0.01673	0.01241	0.01781	0.01025	0.01349	0.00864	0.00486	0.00540	0.00162	0.00648	0.00486	0.00270	0.00864
56	0.11883	0.26011	0.27787	0.01135	0.01687	0.03061	0.01233	0.01888	0.01205	0.17727	0.01129	0.01179	0.00820	0.00535	0.00450	0.00154	0.00622	0.00385	0.00339	0.00769
57	0.00779	0.00584	0.00876	0.00876	0.00974	0.00681	0.00681	0.00974	0.00876	0.01266	0.01460	0.02142	0.01363	0.04089	0.78680	0.00876	0.01460	0.00584	0.00292	0.00487
58	0.00761	0.00516	0.00607	0.00636	0.00647	0.00508	0.00377	0.00790	0.00870	0.01164	0.03786	0.22021	0.02445	0.60008	0.02227	0.00447	0.00471	0.00979	0.00379	0.00362
59	0.01500	0.65222	0.06804	0.01143	0.06665	0.03334	0.01037	0.01711	0.01154	0.05909	0.00873	0.00983	0.00749	0.00485	0.00386	0.00126	0.00600	0.00327	0.00263	0.00729
60	0.02962	0.06539	0.01775	0.58020	0.12852	0.01316	0.01446	0.05879	0.01195	0.01580	0.00978	0.01380	0.00751	0.00538	0.00527	0.00173	0.00693	0.00468	0.00265	0.00664
61	0.01033	0.00988	0.01705	0.71397	0.03584	0.01196	0.06539	0.01395	0.01109	0.01420	0.01142	0.01591	0.03487	0.00569	0.00555	0.00182	0.00724	0.00519	0.00254	0.00609
62	0.03387	0.09538	0.01629	0.05909	0.06862	0.42356	0.01058	0.04007	0.07510	0.01533	0.01236	0.01436	0.04498	0.00640	0.00566	0.00156	0.04785	0.01911	0.00317	0.00666
63	0.01207	0.04586	0.66378	0.01562	0.04316	0.03862	0.01880	0.06799	0.01262	0.01821	0.00992	0.01155	0.00712	0.00527	0.00515	0.00169	0.00788	0.00407	0.00255	0.00807
64	0.01313	0.03058	0.20020	0.01048	0.01443	0.00967	0.01027	0.08822	0.07749	0.14418	0.29348	0.02538	0.02595	0.00816	0.00576	0.00172	0.00486	0.02376	0.00502	0.00725
65	0.10033	0.10125	0.08095	0.06275	0.16935	0.04855	0.01206	0.21225	0.09148	0.02215	0.01138	0.01277	0.00881	0.00584	0.00546	0.00165	0.03688	0.00447	0.00368	0.00794
66	0.01887	0.08135	0.01638	0.01323	0.03723	0.37616	0.01020	0.25827	0.06951	0.02091	0.01254	0.01316	0.03599	0.00624	0.00509	0.00151	0.00756	0.00442	0.00389	0.00749
67	0.00998	0.00918	0.01234	0.05737	0.05923	0.06107	0.09612	0.01313	0.07031	0.01631	0.07418	0.29660	0.08842	0.01078	0.00612	0.00185	0.00486	0.02398	0.02903	0.05914
68	0.00662	0.00484	0.00622	0.00733	0.00784	0.00445	0.00494	0.00762	0.01069	0.01402	0.03328	0.70841	0.13041	0.01666	0.00689	0.00217	0.00311	0.01499	0.00506	0.00445
69	0.04890	0.03712	0.03202	0.01201	0.01599	0.14839	0.03707	0.32705	0.04100	0.14125	0.01461	0.02773	0.02627	0.00658	0.00528	0.00160	0.00628	0.01714	0.00474	0.04900
70	0.00664	0.00474	0.00633	0.00759	0.00791	0.00443	0.00506	0.00759	0.01044	0.01392	0.03005	0.80485	0.03606	0.01708	0.00696	0.00221	0.00316	0.01550	0.00506	0.00443
71	0.01295	0.01172	0.03387	0.01154	0.01472	0.01268	0.05317	0.04107	0.59752	0.02235	0.09124	0.02241	0.01930	0.00767	0.00571	0.00184	0.00459	0.02218	0.00532	0.00815
72	0.01262	0.01486	0.14509	0.05562	0.55396	0.01243	0.01628	0.01674	0.03712	0.01799	0.05598	0.01506	0.01112	0.00539	0.00543	0.00166	0.00646	0.00506	0.00291	0.00824
73	0.07303	0.00934	0.01227	0.00953	0.01362	0.00832	0.00785	0.02570	0.02993	0.70515	0.03380	0.01840	0.01377	0.00674	0.00537	0.00169	0.00457	0.00542	0.00651	0.00899
74	0.01291	0.01122	0.01253	0.02925	0.06477	0.01274	0.00895	0.02608	0.63367	0.02178	0.04338	0.02219	0.06107	0.00766	0.00561	0.00183	0.00438	0.00646	0.00527	0.00824
75	0.00722	0.00555	0.00660	0.00634	0.00784	0.00493	0.00476	0.00933	0.01427	0.01910	0.49377	0.04528	0.33092	0.01218	0.00644	0.00176	0.00265	0.01050	0.00564	0.00493
76	0.01487	0.01243	0.01288	0.01113	0.01436	0.03653	0.00877	0.19097	0.51480	0.02489	0.06517	0.02031	0.03327	0.00752	0.00558	0.00178	0.00472	0.00614	0.00546	0.00841
77	0.04940	0.01305	0.02127	0.22979	0.17602	0.06201	0.21560	0.02743	0.01196	0.01645	0.02315	0.01395	0.00853	0.00570	0.00708	0.00181	0.10188	0.00519	0.00274	0.00696
78	0.00742	0.00556	0.00688	0.00655	0.00796	0.00502	0.00491	0.00972	0.01474	0.02021	0.60546	0.04345	0.21853	0.01176	0.00643	0.00174	0.00262	0.01024	0.00578	0.00502
79	0.01202	0.03594	0.29170	0.01937	0.06970	0.01364	0.33394	0.01664	0.01172	0.01671	0.01014	0.01326	0.00781	0.00635	0.02829	0.00202	0.09555	0.00522	0.00255	0.00745
80	0.02906	0.00766	0.00952	0.00863	0.01084	0.00754	0.00691	0.06613	0.08573	0.15032	0.36851	0.03619	0.05015	0.01031	0.00624	0.00185	0.00376	0.12839	0.00581	0.00644
81	0.01431	0.00851	0.01041	0.00888	0.01154	0.00847	0.00699	0.07876	0.15988	0.22254	0.36847	0.02873	0.03134	0.00889	0.00593	0.00173	0.00373	0.00759	0.00607	0.00724
82	0.84691	0.01054	0.00801	0.00717	0.01054	0.01223	0.00590	0.01603	0.00928	0.02446	0.00759	0.00886	0.00590	0.00506	0.00337	0.00169	0.00422	0.00295	0.00337	0.00590
83	0.00879	0.00628	0.00879	0.01004	0.01130	0.00628	0.00879	0.01130	0.01255	0.01632	0.02887	0.06150	0.03138	0.01506	0.00753	0.00251	0.00502	0.73770	0.00502	0.00502
84	0.84691	0.01054	0.00801	0.00717	0.01054	0.01223	0.00590	0.01603	0.00928	0.02446	0.00759	0.00886	0.00590	0.00506	0.00337	0.00169	0.00422	0.00295	0.00337	0.00590
85	0.01458	0.81168	0.02857	0.00933	0.01399	0.02157	0.00933	0.01632	0.01108	0.01283	0.00758	0.00875	0.00700	0.00466	0.00350	0.00117	0.00583	0.00292	0.00233	0.00700
86	0.01030	0.00969	0.01635	0.79530	0.03755	0.01211	0.01514	0.01393	0.01090	0.01393	0.00969	0.01453	0.00727	0.00545	0.00545	0.00182	0.00727	0.00484	0.00242	0.00606
87	0.00772	0.00557	0.00729	0.00686	0.00814	0.00514	0.00514	0.01029	0.01543	0.02186	0.77152	0.04072	0.05144	0.01115	0.00643	0.00171	0.00257	0.00986	0.00600	0.00514
88	0.01016	0.00508	0.00508	0.00508	0.00635	0.00508	0.00381	0.01270	0.01143	0.02033	0.01778	0.02033	0.01397	0.00635	0.00381	0.00127	0.00254	0.00508	0.83867	0.00508
89	0.00772	0.00557	0.00729	0.00686	0.00814	0.00514	0.00514	0.01029	0.01543	0.02186	0.77152	0.04072	0.05144	0.01115	0.00643	0.00171	0.00257	0.00986	0.00600	0.00514
90	0.01458	0.81168	0.02857	0.00933	0.01399	0.02157	0.00933	0.01632	0.01108	0.01283	0.00758	0.00875	0.00700	0.00466	0.00350	0.00117	0.00583	0.00292	0.00233	0.00700
91	0.00662	0.00485	0.00622	0.00732	0.00784	0.00445	0.00494	0.00762	0.01070	0.01402	0.03332	0.70699	0.13180	0.01665	0.00689	0.00217	0.00311	0.01498	0.00506	0.00445
92	0.01016	0.00508	0.00508	0.00508	0.00635	0.00508	0.00381	0.01270	0.01143	0.02033	0.01778	0.02033	0.01397	0.00635	0.00381	0.00127	0.00254	0.00508	0.83867	0.00508
93	0.01972	0.01593	0.01545	0.01228	0.01622	0.11476	0.00996	0.58128	0.06874	0.03027	0.01328	0.01347	0.00966	0.00647	0.00531	0.00160	0.00622	0.00481	0.04591	0.00865
94	0.00679	0.00495	0.00643	0.00752	0.00809	0.00459	0.00522	0.00792	0.01089	0.01432	0.04714	0.65767	0.11536	0.01647	0.00693	0.00218	0.00324	0.06471	0.00508	0.00450
95	0.00864	0.00617	0.00862	0.00987	0.01106	0.00615	0.00853	0.01104	0.01241	0.01615	0.02895	0.11241	0.03170	0.01520	0.00749	0.00249	0.00489	0.68823	0.00502	0.00498
96	0.01226	0.01193	0.01806	0.53231	0.15199	0.06566	0.05424	0.05940	0.01244	0.01592	0.00997	0.01397	0.00764	0.00539	0.00546	0.00175	0.00734	0.00484	0.00269	0.00675
97	0.01130	0.00969	0.01130	0.00807	0.01292	0.00727	0.00646	0.01373	0.01130	0.01776	0.00969	0.01130	0.00807	0.00404	0.00404	0.00081	0.00404	0.00323	0.00323	0.84173
98	0.84691	0.01054	0.00801	0.00717	0.01054	0.01223	0.00590	0.01603	0.00928	0.02446	0.00759	0.00886	0.00590	0.00506	0.00337	0.00169	0.00422	0.00295	0.00337	0.00590
99	0.01093	0.02820	0.78016	0.01554	0.02360	0.01266	0.02014	0.01727	0.01151	0.01727	0.00978	0.01151	0.00691	0.00518	0.00518	0.00173	0.00806	0.00403	0.00230	0.00806
100	0.84691	0.01054	0.00801	0.00717	0.01054	0.01223	0.00590	0.01603	0.00928	0.02446	0.00759	0.00886	0.00590	0.00506	0.00337	0.00169	0.00422	0.00295	0.00337	0.00590
101	0.00664	0.00474	0.00633	0.00759	0.00791	0.00443	0.00506	0.00759	0.01044	0.01392	0.03005	0.80485	0.03606	0.01708	0.00696	0.00221	0.00316	0.01550	0.00506	0.00443
102	0.00664	0.00474	0.00633	0.00759	0.00791	0.00443	0.00506	0.00759	0.01044	0.01392	0.03005	0.80485	0.03606	0.01708	0.00696	0.00221	0.00316	0.01550	0.00506	0.00443

[dist]
# distance from previous block
# <min> <max>
0	4

[block]
# block no. 4 follows, 44 sequences, length 30
# corresponding to MSA columns:
# 645-674
name=unknown_E
#
# <colnr> <probs for GDERKNQSTAVLIFYWHMCP>
#	G	D	E	R	K	N	Q	S	T	A	V	L	I	F	Y	W	H	M	C	P
0	0.00764	0.00557	0.00718	0.00678	0.00810	0.00511	0.00508	0.01014	0.01525	0.02142	0.72762	0.04144	0.09562	0.01131	0.00643	0.00172	0.00258	0.00996	0.00594	0.00511
1	0.84691	0.01054	0.00801	0.00717	0.01054	0.01223	0.00590	0.01603	0.00928	0.02446	0.00759	0.00886	0.00590	0.00506	0.00337	0.00169	0.00422	0.00295	0.00337	0.00590
2	0.02072	0.01527	0.01636	0.01254	0.01691	0.01691	0.01036	0.75622	0.02563	0.03436	0.01309	0.01309	0.00927	0.00654	0.00545	0.00164	0.00600	0.00491	0.00545	0.00927
3	0.00790	0.00539	0.00649	0.00649	0.00667	0.00558	0.00398	0.00828	0.00809	0.01097	0.01668	0.03294	0.01863	0.66089	0.17363	0.00595	0.00708	0.00753	0.00323	0.00360
4	0.02446	0.00928	0.01265	0.00970	0.01392	0.00801	0.00801	0.02657	0.01560	0.77817	0.02151	0.01856	0.01350	0.00675	0.00548	0.00169	0.00464	0.00548	0.00675	0.00928
5	0.01030	0.00969	0.01635	0.79530	0.03755	0.01211	0.01514	0.01393	0.01090	0.01393	0.00969	0.01453	0.00727	0.00545	0.00545	0.00182	0.00727	0.00484	0.00242	0.00606
6	0.81250	0.01049	0.00821	0.00728	0.01068	0.01205	0.00599	0.01647	0.00954	0.05600	0.00817	0.00926	0.00622	0.00513	0.00346	0.00169	0.00423	0.00306	0.00351	0.00605
7	0.00697	0.00498	0.00670	0.00797	0.00843	0.00471	0.00563	0.00816	0.01076	0.01428	0.02987	0.69102	0.03534	0.01677	0.00705	0.00226	0.00345	0.12609	0.00505	0.00452
8	0.00787	0.00528	0.00604	0.00609	0.00613	0.00529	0.00347	0.00797	0.00805	0.01076	0.01761	0.06532	0.02028	0.75600	0.04819	0.00526	0.00546	0.00817	0.00336	0.00339
9	0.00664	0.00474	0.00633	0.00759	0.00791	0.00443	0.00506	0.00759	0.01044	0.01392	0.03005	0.80485	0.03606	0.01708	0.00696	0.00221	0.00316	0.01550	0.00506	0.00443
10	0.00772	0.00557	0.00729	0.00686	0.00814	0.00514	0.00514	0.01029	0.01543	0.02186	0.77152	0.04072	0.05144	0.01115	0.00643	0.00171	0.00257	0.00986	0.00600	0.00514
11	0.01197	0.01204	0.01732	0.01466	0.01488	0.01658	0.04158	0.01329	0.00853	0.01329	0.00731	0.01204	0.00720	0.00934	0.01743	0.00236	0.76691	0.00484	0.00240	0.00602
12	0.02072	0.01527	0.01636	0.01254	0.01691	0.01691	0.01036	0.75622	0.02563	0.03436	0.01309	0.01309	0.00927	0.00654	0.00545	0.00164	0.00600	0.00491	0.00545	0.00927
13	0.01093	0.02820	0.78016	0.01554	0.02360	0.01266	0.02014	0.01727	0.01151	0.01727	0.00978	0.01151	0.00691	0.00518	0.00518	0.00173	0.00806	0.00403	0.00230	0.00806
14	0.01016	0.00508	0.00508	0.00508	0.00635	0.00508	0.00381	0.01270	0.01143	0.02033	0.01778	0.02033	0.01397	0.00635	0.00381	0.00127	0.00254	0.00508	0.83867	0.00508
15	0.00682	0.00485	0.00642	0.00761	0.00795	0.00457	0.00513	0.00779	0.01038	0.01383	0.02920	0.72216	0.03484	0.06549	0.00826	0.00242	0.00338	0.04957	0.00495	0.00439
16	0.01188	0.07431	0.64769	0.01549	0.05229	0.01307	0.01848	0.01795	0.03732	0.04693	0.01055	0.01200	0.00757	0.00527	0.00511	0.00169	0.00760	0.00412	0.00260	0.00808
17	0.01908	0.01445	0.01543	0.01221	0.01628	0.01614	0.00996	0.58910	0.19544	0.03170	0.01518	0.01476	0.01097	0.00674	0.00548	0.00169	0.00561	0.00520	0.00548	0.00912
18	0.01984	0.10330	0.01689	0.01336	0.01657	0.60107	0.01039	0.12496	0.01645	0.01626	0.00900	0.01018	0.00734	0.00565	0.00485	0.00141	0.00889	0.00365	0.00313	0.00680
19	0.00779	0.00584	0.00876	0.00876	0.00974	0.00681	0.00681	0.00974	0.00876	0.01266	0.01460	0.02142	0.01363	0.04089	0.78680	0.00876	0.01460	0.00584	0.00292	0.00487
20	0.00654	0.00553	0.00566	0.00562	0.00742	0.00464	0.00422	0.00801	0.01265	0.01527	0.10959	0.05158	0.71748	0.01361	0.00644	0.00183	0.00275	0.01138	0.00513	0.00464
21	0.02214	0.01162	0.04580	0.01057	0.01502	0.01042	0.00902	0.21030	0.01771	0.51105	0.01816	0.01643	0.01182	0.00646	0.00537	0.00162	0.00509	0.00514	0.00602	0.06025
22	0.02048	0.01515	0.01623	0.01250	0.01682	0.01679	0.01030	0.73191	0.05033	0.03397	0.01339	0.01333	0.00952	0.00657	0.00546	0.00164	0.00594	0.00495	0.00546	0.00925
23	0.01030	0.00969	0.01635	0.79530	0.03755	0.01211	0.01514	0.01393	0.01090	0.01393	0.00969	0.01453	0.00727	0.00545	0.00545	0.00182	0.00727	0.00484	0.00242	0.00606
24	0.01130	0.00969	0.01130	0.00807	0.01292	0.00727	0.00646	0.01373	0.01130	0.01776	0.00969	0.01130	0.00807	0.00404	0.00404	0.00081	0.00404	0.00323	0.00323	0.84173
25	0.00793	0.00529	0.00595	0.00595	0.00595	0.00529	0.00330	0.00793	0.00793	0.01057	0.01718	0.03568	0.01982	0.80840	0.02775	0.00529	0.00529	0.00793	0.00330	0.00330
26	0.01030	0.00969	0.01635	0.79530	0.03755	0.01211	0.01514	0.01393	0.01090	0.01393	0.00969	0.01453	0.00727	0.00545	0.00545	0.00182	0.00727	0.00484	0.00242	0.00606
27	0.00767	0.00557	0.00723	0.00681	0.00812	0.00513	0.00511	0.01020	0.01533	0.02162	0.74673	0.04113	0.07638	0.01124	0.00643	0.00172	0.00258	0.00992	0.00597	0.00513
28	0.02037	0.02598	0.01545	0.01404	0.01685	0.78652	0.01053	0.02177	0.01545	0.01334	0.00843	0.00983	0.00702	0.00562	0.00492	0.00140	0.00983	0.00351	0.00281	0.00632
29	0.02446	0.00928	0.01265	0.00970	0.01392	0.00801	0.00801	0.02657	0.01560	0.77817	0.02151	0.01856	0.01350	0.00675	0.00548	0.00169	0.00464	0.00548	0.00675	0.00928

[dist]
# distance from previous block
# <min> <max>
0	1

[block]
# block no. 5 follows, 44 sequences, length 57
# corresponding to MSA columns:
# 676-732
name=unknown_F
#
# <colnr> <probs for GDERKNQSTAVLIFYWHMCP>
#	G	D	E	R	K	N	Q	S	T	A	V	L	I	F	Y	W	H	M	C	P
0	0.84691	0.01054	0.00801	0.00717	0.01054	0.01223	0.00590	0.01603	0.00928	0.02446	0.00759	0.00886	0.00590	0.00506	0.00337	0.00169	0.00422	0.00295	0.00337	0.00590
1	0.01130	0.00969	0.01130	0.00807	0.01292	0.00727	0.00646	0.01373	0.01130	0.01776	0.00969	0.01130	0.00807	0.00404	0.00404	0.00081	0.00404	0.00323	0.00323	0.84173
2	0.00768	0.00557	0.00724	0.00682	0.00812	0.00513	0.00511	0.01022	0.01534	0.02165	0.75071	0.04106	0.07238	0.01122	0.00643	0.00172	0.00258	0.00991	0.00597	0.00513
3	0.01222	0.01241	0.01666	0.01430	0.01440	0.04331	0.01188	0.01342	0.00859	0.01313	0.00720	0.01186	0.00715	0.00941	0.01744	0.00235	0.77116	0.00473	0.00240	0.00598
4	0.02385	0.00955	0.01273	0.00984	0.01401	0.00851	0.00810	0.04596	0.05076	0.72332	0.02132	0.01849	0.01353	0.00677	0.00548	0.00169	0.00466	0.00550	0.00666	0.00925
5	0.00779	0.00584	0.00876	0.00876	0.00974	0.00681	0.00681	0.00974	0.00876	0.01266	0.01460	0.02142	0.01363	0.04089	0.78680	0.00876	0.01460	0.00584	0.00292	0.00487
6	0.00761	0.00555	0.00715	0.00679	0.00809	0.00509	0.00508	0.01006	0.01511	0.02121	0.70718	0.06081	0.09691	0.01146	0.00644	0.00174	0.00260	0.01011	0.00592	0.00509
7	0.08667	0.00977	0.01227	0.00971	0.01368	0.00919	0.00794	0.05089	0.09709	0.59738	0.02037	0.03234	0.01352	0.00687	0.00535	0.00171	0.00459	0.00553	0.00628	0.00886
8	0.00773	0.00577	0.00724	0.00699	0.00841	0.00535	0.00535	0.01042	0.03300	0.02028	0.57757	0.04377	0.16776	0.01180	0.00650	0.00180	0.00284	0.06655	0.00576	0.00513
9	0.01233	0.00966	0.01141	0.00820	0.01300	0.00733	0.00658	0.01472	0.01164	0.07681	0.01061	0.01187	0.00850	0.00425	0.00415	0.00088	0.00408	0.00340	0.00350	0.77709
10	0.84691	0.01054	0.00801	0.00717	0.01054	0.01223	0.00590	0.01603	0.00928	0.02446	0.00759	0.00886	0.00590	0.00506	0.00337	0.00169	0.00422	0.00295	0.00337	0.00590
11	0.76724	0.02666	0.02410	0.00774	0.01123	0.04207	0.00651	0.03054	0.00991	0.02387	0.00777	0.00903	0.00605	0.00511	0.00351	0.00167	0.00457	0.00303	0.00335	0.00605
