[name]
unknown

[dist]
# distance from previous block
# <min> <max>
0	14

[block]
# block no. 0 follows, 49 sequences, length 16
# corresponding to MSA columns:
# 14-29
name=unknown_A
#
# <colnr> <probs for GDERKNQSTAVLIFYWHMCP>
#	G	D	E	R	K	N	Q	S	T	A	V	L	I	F	Y	W	H	M	C	P
0	0.00960	0.00643	0.00920	0.01061	0.05815	0.00633	0.00854	0.01194	0.01186	0.07901	0.02516	0.05107	0.02646	0.01276	0.00671	0.00222	0.00471	0.64940	0.00466	0.00518
1	0.03514	0.23883	0.48362	0.01236	0.01849	0.01438	0.01465	0.09774	0.01193	0.01681	0.00880	0.01008	0.00664	0.00481	0.00437	0.00145	0.00662	0.00352	0.00249	0.00728
2	0.00735	0.00490	0.00552	0.00552	0.00552	0.00490	0.00306	0.00735	0.00735	0.00980	0.01593	0.03309	0.01838	0.82229	0.02574	0.00490	0.00490	0.00735	0.00306	0.00306
3	0.02784	0.21072	0.45687	0.01221	0.01795	0.01298	0.03932	0.03002	0.01083	0.05472	0.00995	0.04331	0.00799	0.00571	0.00511	0.03447	0.00645	0.00409	0.00255	0.00692
4	0.01147	0.07743	0.01892	0.16090	0.48898	0.01193	0.03355	0.01423	0.01093	0.01509	0.01080	0.08392	0.00988	0.00569	0.00529	0.00157	0.02449	0.00527	0.00262	0.00704
5	0.00955	0.00899	0.01517	0.81013	0.03483	0.01123	0.01404	0.01292	0.01011	0.01292	0.00899	0.01348	0.00674	0.00506	0.00506	0.00169	0.00674	0.00449	0.00225	0.00562
6	0.01252	0.01201	0.02053	0.03104	0.79074	0.01201	0.01552	0.01552	0.01151	0.01652	0.00951	0.01252	0.00801	0.00451	0.00501	0.00150	0.00601	0.00451	0.00250	0.00801
7	0.08070	0.00986	0.04443	0.07588	0.03143	0.00894	0.05494	0.03297	0.06287	0.48174	0.01712	0.05130	0.01195	0.00629	0.00504	0.00161	0.00483	0.00530	0.00507	0.00772
8	0.01963	0.01032	0.07650	0.01039	0.03553	0.00834	0.02917	0.05556	0.02748	0.58339	0.05901	0.01818	0.01385	0.00642	0.00517	0.00159	0.00468	0.02106	0.00557	0.00815
9	0.01373	0.00990	0.05212	0.00949	0.01247	0.00962	0.00790	0.02197	0.38630	0.20600	0.14821	0.02329	0.02039	0.00758	0.00535	0.00169	0.00402	0.04727	0.00530	0.00740
10	0.00642	0.00462	0.00614	0.00722	0.00770	0.00434	0.00508	0.00753	0.01010	0.01339	0.04763	0.67771	0.06253	0.01536	0.00649	0.00206	0.00311	0.10367	0.00471	0.00420
11	0.01980	0.01147	0.07700	0.05886	0.01566	0.01014	0.00930	0.20569	0.03260	0.48081	0.01650	0.01525	0.01077	0.00603	0.00506	0.00157	0.00501	0.00482	0.00536	0.00832
12	0.16161	0.01137	0.01237	0.00983	0.01348	0.01211	0.00805	0.37067	0.06313	0.23485	0.01445	0.04250	0.01043	0.00629	0.00479	0.00157	0.00476	0.00481	0.00505	0.00787
13	0.00669	0.00508	0.00660	0.00740	0.00804	0.00499	0.00541	0.00786	0.01017	0.01333	0.03038	0.53628	0.15416	0.01470	0.00699	0.00205	0.04606	0.12495	0.00456	0.00429
14	0.09957	0.02906	0.01343	0.07772	0.04690	0.17028	0.00905	0.20515	0.01555	0.23917	0.02495	0.01360	0.02166	0.00581	0.00477	0.00150	0.00578	0.00439	0.00433	0.00731
15	0.01905	0.01338	0.01456	0.01128	0.01522	0.01465	0.00928	0.64439	0.08096	0.10455	0.01354	0.01314	0.00950	0.00615	0.00507	0.00154	0.00532	0.00469	0.00518	0.00855

[dist]
# distance from previous block
# <min> <max>
1	7

[block]
# block no. 1 follows, 49 sequences, length 26
# corresponding to MSA columns:
# 37-62
name=unknown_B
#
# <colnr> <probs for GDERKNQSTAVLIFYWHMCP>
#	G	D	E	R	K	N	Q	S	T	A	V	L	I	F	Y	W	H	M	C	P
0	0.01326	0.01225	0.01993	0.02887	0.70413	0.01242	0.01486	0.10027	0.01288	0.01824	0.00981	0.01247	0.00808	0.00468	0.00501	0.00150	0.00596	0.00451	0.00279	0.00808
1	0.01790	0.01313	0.01410	0.01095	0.01455	0.01448	0.00888	0.68822	0.02194	0.02940	0.01256	0.01448	0.00969	0.09728	0.00737	0.00190	0.00549	0.00487	0.00484	0.00798
2	0.01039	0.00899	0.01097	0.09111	0.01436	0.00721	0.00683	0.01275	0.01045	0.01611	0.00899	0.01080	0.00741	0.00388	0.00388	0.00085	0.00406	0.00315	0.00292	0.76490
3	0.01378	0.01318	0.01936	0.02783	0.66185	0.10004	0.01444	0.01654	0.01199	0.05832	0.00989	0.01239	0.00809	0.00468	0.00496	0.00148	0.00626	0.00440	0.00272	0.00780
4	0.85801	0.00978	0.00743	0.00665	0.00978	0.01134	0.00548	0.01486	0.00861	0.02269	0.00704	0.00821	0.00548	0.00469	0.00313	0.00156	0.00391	0.00274	0.00313	0.00548
5	0.21331	0.03919	0.01181	0.00979	0.01274	0.16443	0.00772	0.15919	0.19671	0.04488	0.01246	0.01368	0.00982	0.05263	0.02918	0.00191	0.00564	0.00430	0.00392	0.00670
6	0.00647	0.00482	0.00602	0.00640	0.00731	0.00437	0.00454	0.00796	0.01168	0.01563	0.29769	0.38487	0.19713	0.01329	0.00618	0.00182	0.00266	0.01177	0.00500	0.00437
7	0.01352	0.82533	0.02650	0.00865	0.01298	0.02001	0.00865	0.01514	0.01027	0.01190	0.00703	0.00811	0.00649	0.00433	0.00324	0.00108	0.00541	0.00270	0.00216	0.00649
8	0.01807	0.01063	0.06717	0.03663	0.01424	0.00948	0.00858	0.10659	0.15070	0.43850	0.01950	0.03978	0.04315	0.00672	0.00515	0.00161	0.00459	0.00550	0.00540	0.00802
9	0.01114	0.00929	0.01082	0.00810	0.01221	0.00782	0.00647	0.01492	0.11164	0.03988	0.01075	0.01180	0.00865	0.00440	0.00440	0.00095	0.03101	0.00346	0.00335	0.68895
10	0.00598	0.00512	0.00512	0.00512	0.00683	0.00427	0.00384	0.00726	0.01153	0.01366	0.05123	0.04866	0.78869	0.01281	0.00598	0.00171	0.00256	0.01067	0.00470	0.00427
11	0.01077	0.00602	0.00755	0.00687	0.00886	0.00540	0.00530	0.01242	0.01219	0.22247	0.15128	0.11068	0.30571	0.01378	0.09477	0.00240	0.00426	0.00872	0.00503	0.00551
12	0.01095	0.04977	0.01136	0.00776	0.01206	0.00779	0.00627	0.05400	0.01117	0.01695	0.00978	0.04122	0.00849	0.00436	0.00389	0.00086	0.00390	0.00350	0.00313	0.73280
13	0.00623	0.00444	0.00588	0.00697	0.00728	0.00415	0.00464	0.00713	0.00975	0.01304	0.05137	0.76939	0.03341	0.04138	0.00705	0.00213	0.00298	0.01399	0.00467	0.00409
14	0.00616	0.00455	0.00576	0.00669	0.00725	0.00415	0.00455	0.00715	0.01013	0.01324	0.05256	0.66365	0.16535	0.01516	0.00636	0.00198	0.00285	0.01359	0.00472	0.00415
15	0.01532	0.25494	0.09614	0.08262	0.05662	0.30705	0.01089	0.05686	0.02621	0.03708	0.00871	0.01010	0.00703	0.00497	0.00432	0.00134	0.00709	0.00348	0.00267	0.00655
16	0.01622	0.00941	0.01172	0.09280	0.01493	0.00980	0.00819	0.06449	0.27719	0.33365	0.09010	0.01902	0.01597	0.00671	0.00518	0.00163	0.00435	0.00559	0.00533	0.00773
17	0.00605	0.00484	0.00541	0.00586	0.00702	0.00421	0.00417	0.00717	0.01081	0.01337	0.04222	0.34568	0.49749	0.01398	0.00616	0.00184	0.00270	0.01210	0.00470	0.00421
18	0.01889	0.02410	0.01433	0.01303	0.01563	0.80199	0.00977	0.02019	0.01433	0.01238	0.00782	0.00912	0.00651	0.00521	0.00456	0.00130	0.00912	0.00326	0.00261	0.00586
19	0.01406	0.01177	0.01504	0.23338	0.03763	0.05930	0.05551	0.28697	0.01534	0.04964	0.01232	0.09604	0.01045	0.00684	0.00617	0.00168	0.07182	0.00557	0.00371	0.00678
20	0.01120	0.01148	0.01416	0.01237	0.01279	0.09077	0.01013	0.01241	0.00857	0.01220	0.00922	0.01329	0.03706	0.01189	0.10281	0.00277	0.61441	0.00466	0.00240	0.00540
21	0.01197	0.10095	0.01290	0.02265	0.01281	0.03584	0.00700	0.04820	0.01122	0.05008	0.00959	0.02556	0.00804	0.00456	0.00451	0.00098	0.04218	0.00344	0.00311	0.58441
22	0.01757	0.11139	0.05571	0.01173	0.01584	0.07716	0.05114	0.48760	0.01931	0.06323	0.01144	0.01187	0.00834	0.00564	0.00480	0.00146	0.00593	0.00430	0.02769	0.00787
23	0.00710	0.00522	0.00751	0.00766	0.00837	0.00586	0.00570	0.00856	0.00823	0.01165	0.01571	0.12579	0.01607	0.13261	0.60181	0.00693	0.01109	0.00683	0.00301	0.00428
24	0.00734	0.00495	0.00578	0.00578	0.00587	0.00505	0.00339	0.00752	0.00743	0.01000	0.01569	0.03176	0.01781	0.74338	0.10385	0.00523	0.00577	0.00716	0.00303	0.00321
25	0.01332	0.01123	0.01185	0.01044	0.01343	0.01292	0.00818	0.11035	0.69692	0.02235	0.01964	0.01811	0.01467	0.00677	0.00514	0.00169	0.00418	0.00559	0.00514	0.00807

[dist]
# distance from previous block
# <min> <max>
0	1

[block]
# block no. 2 follows, 49 sequences, length 14
# corresponding to MSA columns:
# 64-77
name=unknown_C
#
# <colnr> <probs for GDERKNQSTAVLIFYWHMCP>
#	G	D	E	R	K	N	Q	S	T	A	V	L	I	F	Y	W	H	M	C	P
0	0.01258	0.01086	0.01143	0.01029	0.01315	0.01258	0.00800	0.02687	0.78161	0.02115	0.02058	0.01887	0.01544	0.00686	0.00515	0.00172	0.00400	0.00572	0.00515	0.00800
1	0.17290	0.01336	0.01376	0.01072	0.01460	0.01489	0.00885	0.63482	0.02100	0.03019	0.01121	0.01142	0.00803	0.00582	0.00471	0.00153	0.00526	0.00422	0.00471	0.00803
2	0.01922	0.01416	0.01518	0.01163	0.01568	0.01568	0.00961	0.77388	0.02378	0.03187	0.01214	0.01214	0.00860	0.00607	0.00506	0.00152	0.00556	0.00455	0.00506	0.00860
3	0.01122	0.00644	0.00663	0.00598	0.00769	0.00672	0.00465	0.15142	0.01302	0.02124	0.01570	0.01762	0.01216	0.00592	0.00381	0.00124	0.00294	0.00468	0.69548	0.00543
4	0.01922	0.01416	0.01518	0.01163	0.01568	0.01568	0.00961	0.77388	0.02378	0.03187	0.01214	0.01214	0.00860	0.00607	0.00506	0.00152	0.00556	0.00455	0.00506	0.00860
5	0.70432	0.01058	0.00885	0.00756	0.01086	0.01214	0.00623	0.15393	0.01139	0.02437	0.00798	0.00893	0.00605	0.00495	0.00348	0.00156	0.00421	0.00307	0.00348	0.00605
6	0.00955	0.00899	0.01517	0.81013	0.03483	0.01123	0.01404	0.01292	0.01011	0.01292	0.00899	0.01348	0.00674	0.00506	0.00506	0.00169	0.00674	0.00449	0.00225	0.00562
7	0.00618	0.00513	0.00541	0.00534	0.00696	0.00436	0.00400	0.00766	0.01201	0.01482	0.17986	0.04676	0.65934	0.01238	0.00597	0.00169	0.00253	0.01041	0.00485	0.00436
8	0.01801	0.01356	0.01449	0.01139	0.01522	0.01511	0.00932	0.63701	0.16263	0.02991	0.01369	0.01337	0.00985	0.00622	0.00507	0.00155	0.00528	0.00477	0.00507	0.00849
9	0.00616	0.00508	0.00541	0.00544	0.00697	0.00433	0.00404	0.00757	0.01179	0.01456	0.15551	0.10465	0.62565	0.01268	0.00601	0.00172	0.00256	0.01073	0.00482	0.00433
10	0.00636	0.00448	0.00581	0.00679	0.00703	0.00424	0.00443	0.00709	0.00930	0.01240	0.02591	0.68963	0.03097	0.14859	0.00963	0.00252	0.00326	0.01322	0.00443	0.00394
11	0.01589	0.01046	0.03289	0.02735	0.01346	0.01067	0.00829	0.34775	0.01666	0.18929	0.01549	0.08987	0.01249	0.01280	0.15122	0.00279	0.00652	0.00572	0.02316	0.00725
12	0.01105	0.07261	0.04991	0.01540	0.01896	0.01216	0.38327	0.01522	0.07437	0.01648	0.15283	0.01762	0.01537	0.00622	0.00707	0.00170	0.11413	0.00600	0.00323	0.00637
13	0.03292	0.01231	0.01283	0.02908	0.01431	0.15360	0.06431	0.06232	0.01206	0.01663	0.00962	0.03621	0.00815	0.00464	0.00425	0.00105	0.00525	0.00375	0.00306	0.51366

[dist]
# distance from previous block
# <min> <max>
2	26

[block]
# block no. 3 follows, 49 sequences, length 30
# corresponding to MSA columns:
# 104-133
name=unknown_D
#
# <colnr> <probs for GDERKNQSTAVLIFYWHMCP>
#	G	D	E	R	K	N	Q	S	T	A	V	L	I	F	Y	W	H	M	C	P
0	0.01135	0.01071	0.01770	0.02620	0.64220	0.01058	0.01336	0.01409	0.01168	0.01637	0.06075	0.01873	0.11241	0.00593	0.00519	0.00153	0.00534	0.00558	0.00297	0.00733
1	0.01890	0.01161	0.11562	0.01294	0.12740	0.00893	0.01010	0.04864	0.01370	0.51733	0.01624	0.01519	0.01070	0.00570	0.00498	0.00152	0.00499	0.00471	0.00498	0.04580
2	0.06849	0.00970	0.01529	0.27894	0.32918	0.01049	0.01229	0.03119	0.01150	0.03051	0.11184	0.04397	0.01359	0.00592	0.00507	0.00160	0.00548	0.00534	0.00307	0.00652
3	0.71890	0.01188	0.11068	0.00774	0.01147	0.01126	0.00727	0.01535	0.00907	0.04792	0.00774	0.00884	0.00584	0.00476	0.00341	0.00157	0.00439	0.00295	0.00311	0.00584
4	0.85801	0.00978	0.00743	0.00665	0.00978	0.01134	0.00548	0.01486	0.00861	0.02269	0.00704	0.00821	0.00548	0.00469	0.00313	0.00156	0.00391	0.00274	0.00313	0.00548
5	0.11207	0.13028	0.01607	0.13621	0.14205	0.03879	0.01032	0.17379	0.13843	0.03772	0.01131	0.01248	0.00868	0.00535	0.00456	0.00151	0.00543	0.00422	0.00353	0.00719
6	0.00870	0.00458	0.00679	0.00694	0.00710	0.00458	0.00488	0.00710	0.00725	0.00961	0.01114	0.02082	0.01144	0.01710	0.01809	0.74168	0.00443	0.10274	0.00252	0.00252
7	0.00661	0.00487	0.00619	0.00644	0.00737	0.00445	0.00461	0.00828	0.01218	0.01657	0.39761	0.33153	0.14910	0.01275	0.00615	0.00178	0.00262	0.01132	0.00511	0.00445
8	0.00714	0.00494	0.00617	0.00635	0.00661	0.00510	0.00407	0.00769	0.00790	0.01073	0.01726	0.15330	0.01943	0.51605	0.20069	0.00519	0.00657	0.00801	0.00324	0.00356
9	0.00670	0.00523	0.00612	0.00613	0.00757	0.00466	0.00475	0.00852	0.01257	0.01630	0.32059	0.04573	0.41530	0.01205	0.00610	0.00175	0.00277	0.10764	0.00501	0.00451
10	0.01664	0.01504	0.11648	0.01171	0.01596	0.01451	0.01046	0.51739	0.18176	0.02754	0.01352	0.01337	0.00975	0.00607	0.00504	0.00157	0.00548	0.00469	0.00469	0.00833
11	0.01056	0.01033	0.01453	0.01260	0.01272	0.01429	0.01044	0.01176	0.00779	0.01211	0.00754	0.01221	0.00742	0.01265	0.11931	0.00299	0.70851	0.00456	0.00228	0.00540
12	0.12300	0.48786	0.20334	0.00999	0.01466	0.01670	0.01071	0.01515	0.01001	0.01429	0.00749	0.00888	0.00635	0.00473	0.00432	0.00133	0.04934	0.00304	0.00229	0.00654
13	0.01145	0.00920	0.01108	0.00950	0.06055	0.00796	0.00695	0.01567	0.13993	0.06275	0.01261	0.03825	0.01050	0.01969	0.00467	0.00115	0.00397	0.01685	0.00360	0.55368
14	0.06124	0.00770	0.00978	0.00802	0.01099	0.00707	0.00644	0.01926	0.06178	0.45675	0.21173	0.02422	0.07752	0.00770	0.00527	0.00159	0.00366	0.00641	0.00574	0.00714
15	0.01366	0.49697	0.11114	0.01063	0.02612	0.09324	0.03934	0.01582	0.01094	0.05872	0.00935	0.05235	0.00834	0.00532	0.00435	0.00131	0.02941	0.00384	0.00260	0.00655
16	0.01190	0.01170	0.09899	0.00902	0.01359	0.00890	0.00804	0.15024	0.02337	0.01928	0.02665	0.02662	0.00902	0.00469	0.00422	0.00104	0.00445	0.00374	0.00339	0.56118
17	0.01361	0.31299	0.11596	0.01184	0.01546	0.09132	0.05817	0.07818	0.04938	0.02897	0.00879	0.01049	0.00731	0.00569	0.00672	0.00151	0.17048	0.00378	0.00269	0.00666
18	0.01728	0.05904	0.05450	0.00993	0.01351	0.01108	0.00848	0.31450	0.01700	0.27189	0.04431	0.12616	0.01447	0.00747	0.00517	0.00159	0.00477	0.00610	0.00509	0.00766
19	0.00690	0.00510	0.00644	0.00624	0.00743	0.00464	0.00463	0.00899	0.01351	0.01868	0.61524	0.10616	0.15494	0.01117	0.00601	0.00165	0.00246	0.00982	0.00536	0.00464
20	0.00774	0.00585	0.00808	0.00873	0.05719	0.00549	0.02984	0.03124	0.01186	0.03374	0.22834	0.39015	0.13752	0.01240	0.00608	0.00181	0.00322	0.01111	0.00477	0.00487
21	0.01483	0.14136	0.17553	0.03989	0.06744	0.11005	0.01157	0.23443	0.05505	0.03205	0.01025	0.01125	0.00781	0.00526	0.00475	0.00142	0.01671	0.00392	0.00333	0.05309
22	0.00983	0.00694	0.00899	0.02195	0.01029	0.00709	0.03296	0.12014	0.03471	0.06250	0.04772	0.47215	0.04803	0.01199	0.00625	0.00185	0.03124	0.01057	0.04947	0.00536
23	0.00642	0.00463	0.00608	0.00680	0.00738	0.00429	0.00469	0.00771	0.01097	0.01489	0.23048	0.58709	0.06120	0.01428	0.00631	0.00192	0.00278	0.01287	0.00493	0.00429
24	0.00809	0.00654	0.00734	0.00681	0.00748	0.05215	0.04439	0.00861	0.00857	0.01085	0.01971	0.03234	0.11767	0.60463	0.04111	0.00419	0.00526	0.00742	0.00321	0.00362
25	0.11980	0.03953	0.05548	0.05712	0.03803	0.03166	0.07358	0.17535	0.02588	0.03310	0.00996	0.01168	0.00779	0.02212	0.00482	0.00136	0.00523	0.00389	0.00336	0.28027
26	0.06099	0.07919	0.06014	0.08642	0.03742	0.02476	0.10895	0.16717	0.07560	0.01912	0.02449	0.05386	0.01037	0.00742	0.04703	0.00182	0.00598	0.00493	0.01611	0.10823
27	0.01228	0.02883	0.22028	0.03241	0.10842	0.03637	0.05651	0.13596	0.06996	0.02886	0.01323	0.01469	0.04984	0.00747	0.05192	0.00188	0.01680	0.00467	0.02266	0.08698
28	0.06727	0.03520	0.08835	0.11525	0.01724	0.01262	0.01016	0.27001	0.11206	0.10909	0.01263	0.01342	0.00922	0.00700	0.03406	0.00181	0.04137	0.00449	0.00408	0.03467
29	0.05129	0.06137	0.13582	0.03866	0.05292	0.03544	0.03012	0.05657	0.24388	0.08679	0.06676	0.01638	0.02487	0.00624	0.00532	0.00159	0.03636	0.00501	0.02653	0.01808

[dist]
# distance from previous block
# <min> <max>
2	12

[block]
# block no. 4 follows, 49 sequences, length 16
# corresponding to MSA columns:
# 146-161
name=unknown_E
#
# <colnr> <probs for GDERKNQSTAVLIFYWHMCP>
#	G	D	E	R	K	N	Q	S	T	A	V	L	I	F	Y	W	H	M	C	P
0	0.23458	0.09465	0.04226	0.03232	0.05259	0.03094	0.03688	0.04619	0.01083	0.06535	0.04070	0.08375	0.01096	0.00623	0.00530	0.00150	0.07102	0.00473	0.00331	0.12592
1	0.23930	0.20787	0.06225	0.03978	0.01413	0.03254	0.00895	0.22398	0.01348	0.02076	0.00886	0.01011	0.00698	0.00535	0.00489	0.00147	0.06451	0.00354	0.02455	0.00670
2	0.01197	0.20801	0.36192	0.01189	0.01700	0.04302	0.03381	0.11292	0.01232	0.01657	0.01142	0.11534	0.01026	0.00629	0.00471	0.00152	0.00624	0.00503	0.00288	0.00687
3	0.00624	0.00446	0.00594	0.00699	0.00735	0.00416	0.00470	0.00723	0.01004	0.01347	0.08626	0.75898	0.03454	0.01542	0.00642	0.00202	0.00289	0.01397	0.00476	0.00416
4	0.00716	0.00517	0.00676	0.00636	0.00755	0.00477	0.00477	0.00954	0.01431	0.02028	0.78808	0.03777	0.04771	0.01034	0.00596	0.00159	0.00239	0.00914	0.00557	0.00477
5	0.00723	0.00485	0.00555	0.00568	0.00571	0.00482	0.00324	0.00732	0.00760	0.01013	0.01720	0.11633	0.01998	0.73688	0.02370	0.00460	0.00469	0.00810	0.00324	0.00317
6	0.00955	0.00899	0.01517	0.81013	0.03483	0.01123	0.01404	0.01292	0.01011	0.01292	0.00899	0.01348	0.00674	0.00506	0.00506	0.00169	0.00674	0.00449	0.00225	0.00562
7	0.00735	0.00493	0.00566	0.00566	0.00570	0.00498	0.00324	0.00744	0.00740	0.00991	0.01580	0.03238	0.01808	0.78022	0.06739	0.00508	0.00537	0.00725	0.00304	0.00314
8	0.01014	0.02616	0.79609	0.01441	0.02189	0.01174	0.01868	0.01601	0.01068	0.01601	0.00907	0.01068	0.00641	0.00480	0.00480	0.00160	0.00747	0.00374	0.00214	0.00747
9	0.01049	0.00899	0.01049	0.00749	0.01198	0.00674	0.00599	0.01273	0.01049	0.01648	0.00899	0.01049	0.00749	0.00374	0.00374	0.00075	0.00374	0.00300	0.00300	0.85320
10	0.00671	0.00473	0.00617	0.00712	0.00750	0.00454	0.00495	0.00766	0.00956	0.01268	0.02543	0.54671	0.02989	0.16816	0.01019	0.00264	0.00359	0.13341	0.00438	0.00400
11	0.00598	0.00512	0.00512	0.00512	0.00683	0.00427	0.00384	0.00726	0.01153	0.01366	0.05123	0.04866	0.78869	0.01281	0.00598	0.00171	0.00256	0.01067	0.00470	0.00427
12	0.00646	0.00502	0.00587	0.00592	0.00719	0.00443	0.00434	0.00809	0.01227	0.01604	0.32656	0.17684	0.37807	0.01239	0.00605	0.00172	0.00256	0.01073	0.00503	0.00443
13	0.02196	0.00845	0.01150	0.00887	0.01266	0.00731	0.00731	0.02394	0.01447	0.75820	0.05572	0.01817	0.01416	0.00645	0.00513	0.00157	0.00421	0.00527	0.00623	0.00843
14	0.05069	0.00535	0.00666	0.00637	0.00762	0.00504	0.00476	0.00955	0.01359	0.01962	0.66544	0.08960	0.07586	0.01053	0.00585	0.00163	0.00251	0.00923	0.00535	0.00474
15	0.05393	0.09314	0.69032	0.01353	0.02051	0.01242	0.01715	0.01588	0.01054	0.01601	0.00880	0.01033	0.00637	0.00476	0.00459	0.00156	0.00712	0.00360	0.00219	0.00729

[dist]
# distance from previous block
# <min> <max>
0	5

[block]
# block no. 5 follows, 49 sequences, length 28
# corresponding to MSA columns:
# 167-194
name=unknown_F
#
# <colnr> <probs for GDERKNQSTAVLIFYWHMCP>
#	G	D	E	R	K	N	Q	S	T	A	V	L	I	F	Y	W	H	M	C	P
0	0.04244	0.00491	0.00482	0.00479	0.00604	0.00497	0.00361	0.01190	0.01053	0.01900	0.01613	0.01844	0.01267	0.00584	0.00352	0.00119	0.00242	0.00464	0.81740	0.00474
1	0.01136	0.01096	0.04273	0.39253	0.31259	0.01163	0.01396	0.07910	0.01185	0.01600	0.01075	0.02887	0.02520	0.00531	0.00508	0.00161	0.00623	0.00480	0.00268	0.00677
2	0.01403	0.69112	0.02435	0.00911	0.01326	0.04524	0.00871	0.06769	0.06092	0.01387	0.00828	0.00911	0.00721	0.00464	0.00353	0.00116	0.00545	0.00304	0.00257	0.00671
3	0.00907	0.00564	0.00716	0.00686	0.00842	0.00498	0.00506	0.01070	0.01209	0.12693	0.25778	0.30137	0.14702	0.01158	0.00587	0.00171	0.00296	0.01019	0.00507	0.05956
4	0.11085	0.01350	0.19693	0.03062	0.01523	0.02495	0.01015	0.07732	0.04030	0.34384	0.01553	0.03105	0.02467	0.00612	0.00485	0.00159	0.00519	0.02066	0.00448	0.02217
5	0.02095	0.01139	0.01346	0.01032	0.01430	0.01156	0.00852	0.39941	0.01913	0.41291	0.01604	0.01467	0.01056	0.00616	0.00507	0.00154	0.00493	0.00482	0.00566	0.00860
6	0.02245	0.00898	0.01197	0.00918	0.01310	0.00799	0.00758	0.07562	0.01511	0.74237	0.01942	0.01687	0.01225	0.00625	0.00508	0.00156	0.00439	0.00505	0.00618	0.00861
7	0.01357	0.01372	0.06247	0.01839	0.02301	0.04000	0.54893	0.01726	0.01204	0.12678	0.01123	0.01367	0.00819	0.00492	0.00645	0.00170	0.06210	0.00554	0.00304	0.00699
8	0.01513	0.01064	0.05657	0.01043	0.02827	0.02489	0.05973	0.17811	0.07658	0.22544	0.04359	0.04376	0.01418	0.17841	0.00954	0.00229	0.00516	0.00587	0.00454	0.00686
9	0.00616	0.00440	0.00587	0.00704	0.00733	0.00411	0.00469	0.00704	0.00968	0.01291	0.02787	0.81899	0.03344	0.01584	0.00645	0.00205	0.00293	0.01438	0.00469	0.00411
10	0.00716	0.00517	0.00676	0.00636	0.00755	0.00477	0.00477	0.00954	0.01431	0.02028	0.78808	0.03777	0.04771	0.01034	0.00596	0.00159	0.00239	0.00914	0.00557	0.00477
11	0.01917	0.01251	0.01500	0.01150	0.01550	0.01321	0.05800	0.48635	0.07225	0.22142	0.01455	0.01397	0.00999	0.00606	0.00513	0.00155	0.00533	0.00486	0.00520	0.00845
12	0.01031	0.00686	0.00831	0.00855	0.03793	0.00697	0.00611	0.01493	0.19594	0.10347	0.05147	0.29923	0.07078	0.01043	0.00552	0.00175	0.00340	0.03539	0.11684	0.00582
13	0.02269	0.00861	0.01174	0.00900	0.01291	0.00743	0.00743	0.02464	0.01447	0.79425	0.01995	0.01721	0.01252	0.00626	0.00509	0.00156	0.00430	0.00509	0.00626	0.00861
14	0.00637	0.00518	0.00566	0.00566	0.00723	0.00448	0.00433	0.00794	0.01211	0.01512	0.20057	0.04700	0.58516	0.01238	0.00604	0.00173	0.00267	0.06112	0.00487	0.00440
15	0.07855	0.01221	0.01359	0.03873	0.01508	0.01317	0.00884	0.49567	0.04515	0.19097	0.01367	0.01360	0.00955	0.02131	0.00532	0.00161	0.00516	0.00463	0.00504	0.00815
16	0.01654	0.00888	0.01014	0.00820	0.01111	0.00900	0.00663	0.25617	0.01593	0.25814	0.01617	0.01624	0.01145	0.00606	0.00449	0.00140	0.00396	0.00478	0.32760	0.00712
17	0.85801	0.00978	0.00743	0.00665	0.00978	0.01134	0.00548	0.01486	0.00861	0.02269	0.00704	0.00821	0.00548	0.00469	0.00313	0.00156	0.00391	0.00274	0.00313	0.00548
18	0.00730	0.00488	0.00553	0.00559	0.00560	0.00486	0.00314	0.00734	0.00747	0.00995	0.01651	0.07076	0.01911	0.78363	0.02481	0.00477	0.00481	0.00769	0.00314	0.00311
19	0.00955	0.00899	0.01517	0.81013	0.03483	0.01123	0.01404	0.01292	0.01011	0.01292	0.00899	0.01348	0.00674	0.00506	0.00506	0.00169	0.00674	0.00449	0.00225	0.00562
20	0.01014	0.02616	0.79609	0.01441	0.02189	0.01174	0.01868	0.01601	0.01068	0.01601	0.00907	0.01068	0.00641	0.00480	0.00480	0.00160	0.00747	0.00374	0.00214	0.00747
21	0.01922	0.01416	0.01518	0.01163	0.01568	0.01568	0.00961	0.77388	0.02378	0.03187	0.01214	0.01214	0.00860	0.00607	0.00506	0.00152	0.00556	0.00455	0.00506	0.00860
22	0.85801	0.00978	0.00743	0.00665	0.00978	0.01134	0.00548	0.01486	0.00861	0.02269	0.00704	0.00821	0.00548	0.00469	0.00313	0.00156	0.00391	0.00274	0.00313	0.00548
23	0.00612	0.00514	0.00532	0.00532	0.00697	0.00434	0.00402	0.00750	0.01173	0.01417	0.10303	0.04810	0.71671	0.01266	0.00600	0.00171	0.00260	0.02948	0.00476	0.00431
24	0.01300	0.01107	0.01167	0.01038	0.01331	0.01278	0.00811	0.07490	0.73288	0.02184	0.02004	0.01843	0.01500	0.00681	0.00514	0.00170	0.00410	0.00564	0.00514	0.00804
25	0.11092	0.01500	0.01393	0.01113	0.01478	0.13835	0.00903	0.55292	0.02029	0.02747	0.01101	0.01141	0.00804	0.00578	0.00473	0.00148	0.00586	0.00415	0.02600	0.00773
26	0.01154	0.00641	0.00811	0.00753	0.00939	0.00604	0.00583	0.04145	0.04389	0.20441	0.20886	0.19517	0.07676	0.01031	0.00568	0.00172	0.00335	0.07264	0.07515	0.00578
27	0.24550	0.01399	0.01589	0.01388	0.07880	0.15736	0.15777	0.14675	0.01333	0.01994	0.03925	0.01177	0.00855	0.00538	0.00529	0.00157	0.05095	0.00426	0.00325	0.00653

[dist]
# distance from previous block
# <min> <max>
0	2

[block]
# block no. 6 follows, 49 sequences, length 66
# corresponding to MSA columns:
# 197-262
name=unknown_G
#
# <colnr> <probs for GDERKNQSTAVLIFYWHMCP>
#	G	D	E	R	K	N	Q	S	T	A	V	L	I	F	Y	W	H	M	C	P
0	0.01244	0.01215	0.01975	0.11036	0.68483	0.04079	0.01516	0.01542	0.01147	0.01600	0.00940	0.01249	0.00782	0.00459	0.00499	0.00151	0.00620	0.00446	0.00248	0.00769
1	0.00959	0.00899	0.01495	0.77259	0.03376	0.01102	0.01367	0.01291	0.01013	0.01309	0.00899	0.01334	0.00678	0.00499	0.00499	0.00164	0.00660	0.00442	0.00228	0.04526
2	0.00883	0.00628	0.00724	0.00677	0.00825	0.04003	0.00511	0.01082	0.01339	0.08351	0.50059	0.05474	0.14999	0.04878	0.00681	0.00178	0.00308	0.03382	0.00520	0.00497
3	0.00669	0.00627	0.04285	0.00657	0.00841	0.00499	0.00557	0.00844	0.01151	0.01412	0.04337	0.04890	0.56924	0.01271	0.00616	0.00185	0.00330	0.18995	0.00457	0.00451
4	0.00665	0.00511	0.00607	0.00591	0.00726	0.00454	0.00440	0.00853	0.01300	0.01733	0.46236	0.07901	0.33842	0.01157	0.00599	0.00166	0.00248	0.00999	0.00518	0.00454
5	0.16951	0.00905	0.01113	0.00870	0.01248	0.00847	0.00718	0.05506	0.01384	0.62579	0.01734	0.01541	0.01111	0.00598	0.00474	0.00156	0.00429	0.00465	0.00566	0.00805
6	0.00611	0.00510	0.00533	0.00533	0.00693	0.00432	0.00397	0.00750	0.01176	0.01435	0.13043	0.07534	0.68089	0.01265	0.00599	0.00171	0.00256	0.01064	0.00479	0.00432
7	0.00955	0.00899	0.01517	0.81013	0.03483	0.01123	0.01404	0.01292	0.01011	0.01292	0.00899	0.01348	0.00674	0.00506	0.00506	0.00169	0.00674	0.00449	0.00225	0.00562
8	0.00969	0.00497	0.00500	0.00490	0.00616	0.00501	0.00370	0.03263	0.01096	0.01921	0.01638	0.01867	0.01284	0.00590	0.00358	0.00119	0.00244	0.00471	0.82724	0.00482
9	0.01922	0.01416	0.01518	0.01163	0.01568	0.01568	0.00961	0.77388	0.02378	0.03187	0.01214	0.01214	0.00860	0.00607	0.00506	0.00152	0.00556	0.00455	0.00506	0.00860
10	0.00598	0.00510	0.00515	0.00520	0.00685	0.00426	0.00387	0.00725	0.01146	0.01363	0.05034	0.07786	0.76007	0.01292	0.00599	0.00172	0.00258	0.01081	0.00470	0.00426
11	0.00955	0.00899	0.01517	0.81013	0.03483	0.01123	0.01404	0.01292	0.01011	0.01292	0.00899	0.01348	0.00674	0.00506	0.00506	0.00169	0.00674	0.00449	0.00225	0.00562
12	0.00712	0.00509	0.00697	0.00814	0.00885	0.00493	0.00636	0.00870	0.01063	0.01398	0.02734	0.45150	0.03135	0.01494	0.00671	0.00219	0.00376	0.37241	0.00468	0.00437
13	0.01014	0.02616	0.79609	0.01441	0.02189	0.01174	0.01868	0.01601	0.01068	0.01601	0.00907	0.01068	0.00641	0.00480	0.00480	0.00160	0.00747	0.00374	0.00214	0.00747
14	0.00716	0.00517	0.00676	0.00636	0.00755	0.00477	0.00477	0.00954	0.01431	0.02028	0.78808	0.03777	0.04771	0.01034	0.00596	0.00159	0.00239	0.00914	0.00557	0.00477
15	0.01049	0.00899	0.01049	0.00749	0.01198	0.00674	0.00599	0.01273	0.01049	0.01648	0.00899	0.01049	0.00749	0.00374	0.00374	0.00075	0.00374	0.00300	0.00300	0.85320
16	0.00614	0.00450	0.00577	0.00678	0.00727	0.00413	0.00458	0.00707	0.00993	0.01301	0.03099	0.71596	0.13446	0.01544	0.00639	0.00201	0.00288	0.01388	0.00469	0.00413
17	0.78105	0.00952	0.00761	0.00675	0.00983	0.01087	0.00554	0.01509	0.00913	0.05908	0.04203	0.00994	0.00767	0.00502	0.00335	0.00157	0.00386	0.00313	0.00338	0.00559
18	0.04154	0.40248	0.07784	0.01126	0.01536	0.01524	0.14668	0.06026	0.05030	0.01534	0.01090	0.08089	0.00982	0.00565	0.00434	0.00139	0.00568	0.00472	0.03380	0.00652
19	0.02790	0.01145	0.04840	0.03922	0.01383	0.04811	0.00845	0.13226	0.36891	0.07133	0.04673	0.04013	0.07632	0.00752	0.00525	0.00168	0.00459	0.03594	0.00475	0.00724
20	0.32064	0.10595	0.17944	0.07322	0.03231	0.06204	0.07113	0.01524	0.00996	0.01727	0.00794	0.00991	0.00626	0.00500	0.00498	0.00157	0.06481	0.00353	0.00259	0.00621
21	0.03511	0.02987	0.17258	0.12266	0.31530	0.07656	0.04958	0.02726	0.03993	0.01585	0.01028	0.04503	0.00859	0.00536	0.00523	0.00158	0.02487	0.00468	0.00264	0.00706
22	0.00637	0.00488	0.00587	0.00636	0.00738	0.00438	0.00461	0.00772	0.01120	0.01443	0.14888	0.35927	0.32315	0.01375	0.00624	0.00187	0.00283	0.06168	0.00482	0.00430
23	0.00754	0.00549	0.00766	0.04571	0.01033	0.00546	0.00698	0.00954	0.01147	0.01525	0.14603	0.25237	0.03213	0.01347	0.00659	0.00211	0.00394	0.40864	0.00470	0.00457
24	0.00713	0.00517	0.00672	0.00633	0.00754	0.00476	0.00475	0.00949	0.01425	0.02013	0.77201	0.03801	0.06387	0.01039	0.00596	0.00159	0.00239	0.00918	0.00555	0.00476
25	0.04797	0.02828	0.01411	0.01092	0.01472	0.01454	0.00894	0.54115	0.17978	0.02821	0.01346	0.01324	0.00981	0.00604	0.00491	0.00152	0.00509	0.00462	0.00486	0.04783
26	0.01091	0.01181	0.13004	0.10334	0.05036	0.00870	0.03836	0.04283	0.01135	0.03451	0.04602	0.01271	0.00941	0.00460	0.00438	0.00115	0.00493	0.00389	0.01823	0.45247
27	0.01088	0.17246	0.56444	0.01400	0.03465	0.01319	0.06890	0.01571	0.01073	0.01525	0.00926	0.01170	0.00715	0.00492	0.00466	0.00153	0.00706	0.02408	0.00224	0.00718
28	0.00723	0.00540	0.00806	0.00806	0.00893	0.00628	0.00623	0.00898	0.00811	0.01169	0.01361	0.02022	0.01280	0.05914	0.78125	0.00804	0.01331	0.00547	0.00272	0.00448
29	0.00678	0.00501	0.00632	0.00629	0.00740	0.00456	0.00461	0.00869	0.01298	0.01780	0.52361	0.18922	0.16444	0.01179	0.00606	0.00170	0.00252	0.01039	0.00526	0.00456
30	0.04109	0.01109	0.08569	0.56748	0.11675	0.01154	0.03194	0.01393	0.02721	0.01420	0.00921	0.01300	0.00702	0.00507	0.00524	0.00167	0.02497	0.00442	0.00237	0.00613
31	0.00727	0.00524	0.00720	0.00720	0.00779	0.00582	0.00517	0.00844	0.00785	0.01105	0.01439	0.02454	0.01467	0.31538	0.52757	0.00699	0.01049	0.00610	0.00283	0.00400
32	0.00615	0.00445	0.00582	0.00691	0.00730	0.00412	0.00463	0.00706	0.00981	0.01296	0.02951	0.76484	0.08653	0.01563	0.00642	0.00203	0.00291	0.01412	0.00469	0.00412
33	0.00776	0.00580	0.00728	0.00680	0.00817	0.00563	0.00513	0.01146	0.09903	0.02037	0.70334	0.03569	0.04415	0.00995	0.00587	0.00160	0.00256	0.00877	0.00552	0.00513
34	0.23035	0.11280	0.13794	0.19258	0.03045	0.03092	0.08327	0.01564	0.03704	0.05088	0.00968	0.01235	0.00754	0.00509	0.00442	0.00157	0.00592	0.02243	0.00282	0.00632
35	0.00634	0.00498	0.00573	0.00587	0.00714	0.00437	0.00428	0.00784	0.01191	0.01533	0.25006	0.20795	0.42467	0.01276	0.00607	0.00175	0.00259	0.01103	0.00494	0.00437
36	0.03965	0.00863	0.01165	0.00895	0.01284	0.00751	0.00739	0.02445	0.01435	0.77858	0.01969	0.01703	0.01237	0.00623	0.00505	0.00156	0.00429	0.00504	0.00620	0.00854
37	0.01889	0.02410	0.01433	0.01303	0.01563	0.80199	0.00977	0.02019	0.01433	0.01238	0.00782	0.00912	0.00651	0.00521	0.00456	0.00130	0.00912	0.00326	0.00261	0.00586
38	0.02591	0.11284	0.45885	0.04919	0.05652	0.02563	0.07147	0.06382	0.01159	0.01667	0.00951	0.01131	0.00710	0.00485	0.00464	0.00151	0.00677	0.00394	0.05076	0.00711
39	0.01252	0.01201	0.02053	0.03104	0.79074	0.01201	0.01552	0.01552	0.01151	0.01652	0.00951	0.01252	0.00801	0.00451	0.00501	0.00150	0.00601	0.00451	0.00250	0.00801
40	0.00804	0.00573	0.00795	0.00906	0.01015	0.00572	0.00780	0.01021	0.01138	0.01482	0.02635	0.08490	0.02881	0.04851	0.00776	0.00243	0.00460	0.69661	0.00459	0.00457
41	0.05856	0.07379	0.63424	0.01291	0.01939	0.01164	0.01609	0.01533	0.01085	0.01650	0.07618	0.01272	0.00993	0.00525	0.00471	0.00157	0.00670	0.00408	0.00249	0.00706
42	0.01780	0.00898	0.04646	0.00902	0.01236	0.00770	0.00759	0.04150	0.07891	0.50768	0.06574	0.09360	0.03467	0.00780	0.00535	0.00166	0.00419	0.03573	0.00566	0.00762
43	0.01889	0.02410	0.01433	0.01303	0.01563	0.80199	0.00977	0.02019	0.01433	0.01238	0.00782	0.00912	0.00651	0.00521	0.00456	0.00130	0.00912	0.00326	0.00261	0.00586
44	0.01058	0.00984	0.01658	0.51290	0.20851	0.01124	0.04952	0.04216	0.01095	0.01454	0.00997	0.04268	0.00817	0.00561	0.00548	0.02119	0.00642	0.00493	0.00252	0.00621
45	0.01232	0.01235	0.02044	0.14855	0.54888	0.05242	0.10037	0.01544	0.01149	0.01572	0.00943	0.01262	0.00770	0.00460	0.00510	0.00154	0.00656	0.00460	0.00248	0.00740
46	0.00955	0.00899	0.01517	0.81013	0.03483	0.01123	0.01404	0.01292	0.01011	0.01292	0.00899	0.01348	0.00674	0.00506	0.00506	0.00169	0.00674	0.00449	0.00225	0.00562
47	0.03020	0.00981	0.01049	0.00968	0.01227	0.01109	0.00765	0.03901	0.58983	0.02005	0.02346	0.02563	0.08260	0.00816	0.00539	0.00178	0.00399	0.09666	0.00500	0.00724
48	0.02922	0.49226	0.23368	0.01121	0.01629	0.01639	0.07761	0.01517	0.01047	0.01364	0.00862	0.03891	0.00753	0.00488	0.00402	0.00132	0.00612	0.00369	0.00230	0.00668
49	0.42404	0.01048	0.01063	0.11278	0.03111	0.04692	0.02068	0.08669	0.04529	0.10394	0.01042	0.01182	0.00780	0.02205	0.00449	0.00163	0.00480	0.00380	0.03438	0.00625
50	0.00735	0.00490	0.00552	0.00552	0.00552	0.00490	0.00306	0.00735	0.00735	0.00980	0.01593	0.03309	0.01838	0.82229	0.02574	0.00490	0.00490	0.00735	0.00306	0.00306
51	0.03339	0.00583	0.00714	0.00749	0.00816	0.00601	0.00520	0.07858	0.01051	0.01444	0.02301	0.56235	0.02679	0.13996	0.00967	0.00244	0.03866	0.01159	0.00432	0.00446
52	0.01212	0.20567	0.07902	0.12224	0.08577	0.01325	0.11639	0.07963	0.01207	0.04119	0.08303	0.03948	0.01209	0.01869	0.00592	0.00159	0.05726	0.00502	0.00305	0.00652
53	0.04538	0.00740	0.00983	0.00938	0.06079	0.00686	0.00676	0.01696	0.04930	0.35568	0.16719	0.17388	0.05101	0.00895	0.00547	0.00167	0.00370	0.00773	0.00536	0.00669
54	0.00638	0.00451	0.00579	0.00671	0.00698	0.00426	0.00437	0.00710	0.00928	0.01234	0.02611	0.65422	0.04667	0.16803	0.01008	0.00258	0.00330	0.01297	0.00439	0.00391
55	0.01122	0.01152	0.03547	0.11380	0.01982	0.07720	0.28725	0.01524	0.08492	0.03826	0.02974	0.13873	0.03040	0.00753	0.00600	0.00177	0.02560	0.05600	0.00342	0.00610
56	0.01486	0.08029	0.04105	0.04461	0.14059	0.04141	0.03060	0.27801	0.04762	0.07331	0.01309	0.01550	0.02235	0.03827	0.04297	0.00194	0.00594	0.02259	0.03772	0.00728
57	0.01473	0.04756	0.05675	0.01703	0.19583	0.26158	0.08029	0.10205	0.07873	0.01692	0.01242	0.01486	0.03901	0.00577	0.00500	0.00151	0.00687	0.03299	0.00318	0.00693
58	0.45019	0.05842	0.04000	0.00808	0.02382	0.01017	0.04024	0.04108	0.01049	0.01984	0.09471	0.03522	0.10062	0.00677	0.00449	0.01980	0.00408	0.00493	0.02155	0.00550
59	0.09651	0.02654	0.04537	0.00760	0.00930	0.00751	0.00582	0.10385	0.01105	0.07944	0.01845	0.25403	0.03219	0.26625	0.01176	0.00275	0.00435	0.00818	0.00401	0.00505
60	0.13536	0.02908	0.02900	0.01036	0.07288	0.01004	0.00774	0.21817	0.01417	0.02103	0.08180	0.09889	0.04528	0.02952	0.00547	0.00161	0.00441	0.05330	0.00406	0.12783
61	0.37588	0.01189	0.06567	0.00952	0.04809	0.09026	0.00764	0.05452	0.02884	0.07524	0.03790	0.02793	0.03880	0.03640	0.01706	0.00176	0.00498	0.02076	0.00353	0.04332
62	0.05388	0.01155	0.07209	0.02757	0.01374	0.02414	0.02572	0.25270	0.10438	0.03385	0.07290	0.10630	0.04805	0.00813	0.02247	0.00171	0.02158	0.00612	0.00428	0.08883
63	0.07521	0.14959	0.09583	0.06923	0.02988	0.02378	0.02963	0.17758	0.03937	0.06689	0.03159	0.05035	0.06004	0.02037	0.00502	0.00153	0.00520	0.00499	0.00365	0.06027
64	0.09209	0.08000	0.05480	0.02659	0.09131	0.10329	0.04252	0.12767	0.04344	0.08189	0.05585	0.03639	0.10177	0.00674	0.00489	0.00152	0.00533	0.01826	0.00382	0.02184
65	0.19214	0.02908	0.04706	0.02800	0.08848	0.09058	0.04437	0.10249	0.04105	0.04892	0.06291	0.07329	0.04877	0.00688	0.00504	0.02083	0.00504	0.00535	0.03754	0.02218

[dist]
# distance from previous block
# <min> <max>
21	159

[block]
# block no. 7 follows, 49 sequences, length 27
# corresponding to MSA columns:
# 437-463
name=unknown_H
#
# <colnr> <probs for GDERKNQSTAVLIFYWHMCP>
#	G	D	E	R	K	N	Q	S	T	A	V	L	I	F	Y	W	H	M	C	P
0	0.00632	0.00464	0.00596	0.00681	0.00742	0.00427	0.00474	0.00747	0.01048	0.01386	0.10901	0.60430	0.13475	0.01480	0.00636	0.00197	0.00290	0.04492	0.00478	0.00422
1	0.01662	0.03750	0.04487	0.01101	0.01475	0.01395	0.00937	0.50728	0.01897	0.04908	0.01132	0.01203	0.00838	0.00596	0.00592	0.00147	0.08471	0.00429	0.03237	0.11014
2	0.00956	0.00695	0.00786	0.00739	0.00923	0.02189	0.00557	0.01381	0.17008	0.08962	0.23098	0.16457	0.20634	0.01053	0.00573	0.00170	0.00318	0.00907	0.00509	0.02083
3	0.03079	0.05020	0.04331	0.00953	0.03057	0.02687	0.00781	0.15256	0.07767	0.20579	0.21213	0.02381	0.05336	0.00772	0.00529	0.00159	0.00429	0.04474	0.00503	0.00692
4	0.01243	0.02294	0.08132	0.02948	0.19454	0.01123	0.12494	0.06011	0.04148	0.07801	0.01301	0.04643	0.03322	0.00626	0.00660	0.00161	0.10786	0.02762	0.00325	0.09765
5	0.00670	0.00490	0.00625	0.00709	0.00781	0.00460	0.00519	0.00794	0.01038	0.01350	0.05330	0.43716	0.15658	0.07828	0.00800	0.00227	0.00339	0.17789	0.00458	0.00419
6	0.01114	0.11275	0.13378	0.01373	0.17452	0.01056	0.01027	0.08808	0.03325	0.03507	0.24560	0.04222	0.03950	0.00721	0.00515	0.00154	0.00475	0.02044	0.00387	0.00658
7	0.00617	0.00513	0.00539	0.00533	0.00695	0.00435	0.00400	0.00764	0.01199	0.01476	0.17379	0.04685	0.66544	0.01240	0.00597	0.00169	0.00253	0.01042	0.00484	0.00435
8	0.01268	0.00871	0.01042	0.05679	0.01249	0.00911	0.00721	0.22577	0.08516	0.10528	0.27348	0.09837	0.05568	0.00869	0.00554	0.00163	0.00394	0.00739	0.00515	0.00651
9	0.80801	0.05806	0.00856	0.00677	0.00997	0.01186	0.00566	0.01488	0.00870	0.02205	0.00704	0.00821	0.00554	0.00467	0.00314	0.00154	0.00400	0.00274	0.00307	0.00554
10	0.01033	0.02496	0.72649	0.01541	0.05199	0.01181	0.05738	0.01600	0.01077	0.01604	0.00915	0.01090	0.00653	0.00476	0.00487	0.00160	0.00747	0.00388	0.00217	0.00746
11	0.01251	0.00983	0.01140	0.00847	0.01261	0.00858	0.00683	0.14106	0.02683	0.05742	0.01061	0.02902	0.00861	0.00473	0.00450	0.00101	0.02811	0.00370	0.00356	0.61060
12	0.00815	0.00665	0.04478	0.00673	0.00872	0.00536	0.00555	0.01013	0.01244	0.07480	0.27455	0.06339	0.35888	0.01094	0.00601	0.00167	0.01568	0.04763	0.00487	0.03307
13	0.03740	0.04645	0.75077	0.01401	0.02127	0.01195	0.01800	0.01595	0.01060	0.01612	0.00896	0.01053	0.00638	0.00479	0.00471	0.00159	0.00731	0.00368	0.00217	0.00738
14	0.01207	0.01183	0.01886	0.22862	0.56084	0.04990	0.01487	0.01508	0.01129	0.01540	0.00930	0.01260	0.00761	0.00468	0.00500	0.00154	0.00634	0.00444	0.00244	0.00730
15	0.00621	0.00444	0.00591	0.00701	0.00735	0.00414	0.00470	0.00716	0.00991	0.01327	0.06549	0.78033	0.03415	0.01557	0.00643	0.00203	0.00291	0.01412	0.00474	0.00414
16	0.00814	0.00614	0.00760	0.00721	0.00737	0.00698	0.00486	0.02227	0.00788	0.01089	0.01461	0.06146	0.01641	0.57465	0.08223	0.00451	0.14310	0.00696	0.00300	0.00374
17	0.00651	0.00467	0.00621	0.04518	0.00854	0.00449	0.00503	0.00762	0.00985	0.01330	0.02746	0.69364	0.06895	0.01458	0.00619	0.00197	0.00306	0.01314	0.05540	0.00422
18	0.00878	0.00439	0.00659	0.00659	0.00659	0.00439	0.00439	0.00659	0.00659	0.00878	0.00878	0.01537	0.00878	0.01757	0.01976	0.85288	0.00439	0.00439	0.00220	0.00220
19	0.80759	0.01004	0.00790	0.00695	0.01013	0.01160	0.00572	0.06048	0.00952	0.02324	0.00735	0.00845	0.00566	0.00478	0.00325	0.00156	0.00401	0.00285	0.00325	0.00566
20	0.01096	0.01116	0.01742	0.01432	0.01520	0.01444	0.13969	0.01259	0.00855	0.01289	0.00834	0.05312	0.00819	0.00843	0.01427	0.00212	0.63503	0.00520	0.00240	0.00568
21	0.01922	0.01416	0.01518	0.01163	0.01568	0.01568	0.00961	0.77388	0.02378	0.03187	0.01214	0.01214	0.00860	0.00607	0.00506	0.00152	0.00556	0.00455	0.00506	0.00860
22	0.02135	0.00936	0.01204	0.00938	0.01320	0.00874	0.00770	0.09692	0.09176	0.64394	0.01926	0.01689	0.01243	0.00630	0.00509	0.00158	0.00439	0.00510	0.00603	0.00855
23	0.01050	0.00635	0.00631	0.00587	0.00743	0.02666	0.00450	0.08715	0.03309	0.01999	0.06315	0.01979	0.03298	0.00635	0.00396	0.00127	0.00290	0.00509	0.65147	0.00521
24	0.04068	0.01028	0.05048	0.00998	0.01324	0.00991	0.05364	0.03267	0.33914	0.18192	0.12957	0.02055	0.03857	0.00693	0.00518	0.00161	0.00425	0.00591	0.00497	0.04051
25	0.00641	0.00478	0.00578	0.00633	0.00711	0.00437	0.00438	0.00751	0.01048	0.01362	0.11410	0.40824	0.24366	0.10622	0.00848	0.00224	0.00305	0.03452	0.00460	0.00412
26	0.07139	0.27012	0.15213	0.01117	0.02962	0.21830	0.01036	0.01685	0.06256	0.01432	0.00991	0.01115	0.02752	0.00616	0.02819	0.00156	0.02851	0.00360	0.00264	0.02393

[dist]
# distance from previous block
# <min> <max>
2	8

[block]
# block no. 8 follows, 49 sequences, length 36
# corresponding to MSA columns:
# 472-507
name=unknown_I
#
# <colnr> <probs for GDERKNQSTAVLIFYWHMCP>
#	G	D	E	R	K	N	Q	S	T	A	V	L	I	F	Y	W	H	M	C	P
0	0.00713	0.00515	0.00637	0.00621	0.00748	0.00463	0.00460	0.00906	0.01307	0.03711	0.49573	0.13516	0.22658	0.01151	0.00600	0.00167	0.00254	0.01006	0.00526	0.00466
1	0.00622	0.00468	0.00571	0.00648	0.00721	0.00424	0.00448	0.00725	0.01027	0.01321	0.04801	0.53723	0.25073	0.04202	0.00697	0.00205	0.00293	0.03153	0.00465	0.00414
2	0.00780	0.00591	0.00676	0.00649	0.00812	0.00557	0.00487	0.01106	0.10865	0.04428	0.28969	0.10813	0.35122	0.01128	0.00588	0.00169	0.00278	0.00967	0.00510	0.00504
3	0.00741	0.00496	0.00583	0.00583	0.00599	0.00508	0.00351	0.00773	0.00757	0.01037	0.01564	0.03086	0.01744	0.69091	0.12739	0.00520	0.00596	0.00701	0.03201	0.00331
4	0.85801	0.00978	0.00743	0.00665	0.00978	0.01134	0.00548	0.01486	0.00861	0.02269	0.00704	0.00821	0.00548	0.00469	0.00313	0.00156	0.00391	0.00274	0.00313	0.00548
5	0.85801	0.00978	0.00743	0.00665	0.00978	0.01134	0.00548	0.01486	0.00861	0.02269	0.00704	0.00821	0.00548	0.00469	0.00313	0.00156	0.00391	0.00274	0.00313	0.00548
6	0.00735	0.00493	0.00565	0.00565	0.00569	0.00497	0.00323	0.00744	0.00739	0.00990	0.01581	0.03242	0.01809	0.78218	0.06544	0.00507	0.00534	0.00725	0.00305	0.00314
7	0.85801	0.00978	0.00743	0.00665	0.00978	0.01134	0.00548	0.01486	0.00861	0.02269	0.00704	0.00821	0.00548	0.00469	0.00313	0.00156	0.00391	0.00274	0.00313	0.00548
