[name]
unknown

[dist]
# distance from previous block
# <min> <max>
0	182

[block]
# block no. 0 follows, 43 sequences, length 13
# corresponding to MSA columns:
# 182-194
name=unknown_A
#
# <colnr> <probs for GDERKNQSTAVLIFYWHMCP>
#	G	D	E	R	K	N	Q	S	T	A	V	L	I	F	Y	W	H	M	C	P
0	0.00976	0.00829	0.01203	0.01051	0.01302	0.00721	0.11177	0.01156	0.01213	0.01664	0.02702	0.33131	0.12954	0.01220	0.00659	0.00197	0.00468	0.06868	0.00462	0.20047
1	0.00997	0.03964	0.01058	0.11964	0.01383	0.00802	0.00777	0.01195	0.01038	0.07723	0.04269	0.12794	0.01740	0.07717	0.35390	0.00523	0.02273	0.00722	0.03126	0.00545
2	0.01295	0.04416	0.42874	0.01510	0.02138	0.01290	0.12315	0.12125	0.01449	0.04295	0.09687	0.01589	0.01289	0.00609	0.00559	0.00174	0.00726	0.00526	0.00342	0.00793
3	0.00675	0.00505	0.00627	0.00716	0.00791	0.00458	0.00492	0.00790	0.01134	0.01472	0.07199	0.58203	0.21676	0.01625	0.00692	0.00213	0.00308	0.01448	0.00519	0.00458
4	0.01548	0.07891	0.07454	0.05983	0.01905	0.05186	0.09706	0.25413	0.01610	0.02186	0.01050	0.01250	0.00820	0.00614	0.00716	0.00165	0.12677	0.00459	0.00361	0.13007
5	0.00889	0.11961	0.01087	0.00815	0.00937	0.00853	0.00623	0.01025	0.00907	0.01235	0.01514	0.05340	0.01549	0.24616	0.43508	0.00658	0.01052	0.00647	0.00307	0.00480
6	0.02052	0.04323	0.01658	0.01242	0.01676	0.07799	0.01022	0.60425	0.02360	0.06204	0.01291	0.01302	0.00928	0.00640	0.00536	0.00159	0.00625	0.00475	0.00516	0.04765
7	0.01334	0.58293	0.05121	0.12069	0.01746	0.01871	0.01042	0.01548	0.01112	0.01344	0.00990	0.07354	0.00952	0.00601	0.00456	0.00142	0.02652	0.00435	0.00260	0.00677
8	0.00789	0.11885	0.00963	0.00796	0.00891	0.00697	0.00576	0.00897	0.01070	0.01398	0.02729	0.68928	0.03244	0.01556	0.00657	0.00210	0.00360	0.01393	0.00475	0.00487
9	0.12760	0.00756	0.00880	0.00979	0.06605	0.02038	0.00674	0.03754	0.03248	0.01891	0.14712	0.27247	0.08392	0.01178	0.00604	0.00194	0.00387	0.07718	0.05424	0.00558
10	0.01139	0.03377	0.01112	0.01068	0.06271	0.00881	0.02358	0.16745	0.01417	0.04072	0.05177	0.34161	0.06010	0.12463	0.00942	0.00243	0.00458	0.01031	0.00475	0.00600
11	0.00916	0.00709	0.00946	0.14425	0.01436	0.00728	0.00743	0.07981	0.01240	0.01649	0.04912	0.42916	0.08552	0.01311	0.00697	0.03360	0.00427	0.01118	0.00453	0.05481
12	0.01945	0.01311	0.01521	0.01238	0.03975	0.01386	0.02574	0.49350	0.02163	0.14825	0.01658	0.06692	0.02785	0.00737	0.00560	0.00168	0.00555	0.00592	0.02868	0.03097

[dist]
# distance from previous block
# <min> <max>
0	41

[block]
# block no. 1 follows, 43 sequences, length 53
# corresponding to MSA columns:
# 236-286,301,302
name=unknown_B
#
# <colnr> <probs for GDERKNQSTAVLIFYWHMCP>
#	G	D	E	R	K	N	Q	S	T	A	V	L	I	F	Y	W	H	M	C	P
0	0.01438	0.01099	0.01380	0.16244	0.05490	0.01227	0.01013	0.27681	0.08641	0.04431	0.01651	0.14698	0.01481	0.03172	0.02126	0.02134	0.02319	0.00700	0.02347	0.00729
1	0.00836	0.00683	0.00872	0.00893	0.04748	0.00633	0.03589	0.02523	0.04983	0.02684	0.15301	0.16579	0.38450	0.01280	0.00654	0.00192	0.00354	0.03692	0.00513	0.00542
2	0.01559	0.01166	0.04399	0.07911	0.03606	0.01184	0.00966	0.24271	0.14987	0.12402	0.05788	0.12284	0.01757	0.03138	0.00649	0.00193	0.00521	0.01918	0.00517	0.00784
3	0.08391	0.12021	0.04253	0.16138	0.16692	0.04364	0.01192	0.04072	0.14770	0.10840	0.01326	0.01451	0.01001	0.00582	0.00508	0.00167	0.00600	0.00474	0.00378	0.00781
4	0.03530	0.01351	0.01435	0.03997	0.03194	0.09011	0.00970	0.25397	0.15967	0.23494	0.01732	0.01788	0.01256	0.00702	0.00556	0.00174	0.00576	0.03465	0.00543	0.00863
5	0.00799	0.00569	0.00667	0.00642	0.00800	0.00507	0.00482	0.01006	0.01404	0.04141	0.39128	0.06731	0.32665	0.01207	0.00633	0.00177	0.00277	0.01036	0.06618	0.00511
6	0.01096	0.00666	0.00919	0.00969	0.01135	0.00642	0.00827	0.01328	0.01321	0.12108	0.08225	0.06630	0.04777	0.01395	0.00760	0.02339	0.00477	0.53290	0.00535	0.00562
7	0.01252	0.05403	0.46704	0.03770	0.08510	0.01343	0.09912	0.03558	0.08860	0.03735	0.01169	0.01332	0.00856	0.00546	0.00541	0.00175	0.00755	0.00469	0.00295	0.00818
8	0.02078	0.01451	0.05272	0.01116	0.01504	0.18113	0.00928	0.06098	0.09939	0.39834	0.01870	0.01741	0.03199	0.00676	0.00540	0.00166	0.00597	0.00524	0.03519	0.00834
9	0.00702	0.00506	0.00673	0.00790	0.00841	0.00471	0.00545	0.00814	0.01078	0.01441	0.02993	0.72848	0.03559	0.01688	0.00704	0.00224	0.00337	0.06772	0.00509	0.02505
10	0.84448	0.01071	0.00814	0.00728	0.01071	0.01242	0.00600	0.01628	0.00943	0.02485	0.00771	0.00900	0.00600	0.00514	0.00343	0.00171	0.00428	0.00300	0.00343	0.00600
11	0.01220	0.01015	0.01249	0.11410	0.01674	0.00860	0.00801	0.05490	0.01234	0.03718	0.01033	0.01221	0.00830	0.00450	0.00441	0.00103	0.00467	0.00365	0.00338	0.66080
12	0.13838	0.05489	0.07850	0.03170	0.05112	0.09557	0.01023	0.16003	0.15990	0.07742	0.02626	0.03744	0.01190	0.00668	0.00514	0.00170	0.00584	0.01935	0.00436	0.02360
13	0.84448	0.01071	0.00814	0.00728	0.01071	0.01242	0.00600	0.01628	0.00943	0.02485	0.00771	0.00900	0.00600	0.00514	0.00343	0.00171	0.00428	0.00300	0.00343	0.00600
14	0.01285	0.01179	0.06778	0.00933	0.01433	0.00891	0.00806	0.10194	0.01332	0.03897	0.01091	0.02537	0.00888	0.00478	0.00444	0.00103	0.00464	0.00381	0.00360	0.64525
15	0.84448	0.01071	0.00814	0.00728	0.01071	0.01242	0.00600	0.01628	0.00943	0.02485	0.00771	0.00900	0.00600	0.00514	0.00343	0.00171	0.00428	0.00300	0.00343	0.00600
16	0.00687	0.00487	0.00639	0.00756	0.00785	0.00458	0.00498	0.00774	0.01037	0.01382	0.02932	0.73106	0.03511	0.09012	0.00902	0.00254	0.00341	0.01503	0.00498	0.00439
17	0.00682	0.00490	0.00647	0.00760	0.00803	0.00456	0.00512	0.00792	0.01103	0.01475	0.08497	0.72486	0.05879	0.01682	0.00701	0.00220	0.00316	0.01521	0.00521	0.00456
18	0.02145	0.01035	0.01266	0.00997	0.01383	0.01007	0.00815	0.18004	0.06771	0.47077	0.01959	0.01802	0.01307	0.00680	0.00535	0.00166	0.00472	0.00544	0.11150	0.00884
19	0.00693	0.00563	0.00615	0.00602	0.00772	0.00484	0.00451	0.00870	0.01354	0.01714	0.27025	0.04971	0.55306	0.01321	0.00654	0.00183	0.00275	0.01119	0.00543	0.00484
20	0.01438	0.01125	0.01314	0.11637	0.01736	0.01283	0.00957	0.07227	0.47169	0.09300	0.03849	0.02063	0.04310	0.00753	0.00608	0.00186	0.03086	0.00618	0.00520	0.00819
21	0.62904	0.03421	0.05770	0.00877	0.01255	0.08224	0.00764	0.03151	0.01090	0.07048	0.00892	0.00995	0.00674	0.00533	0.00386	0.00168	0.00515	0.00332	0.00354	0.00648
22	0.00785	0.00571	0.00742	0.00714	0.00847	0.00528	0.00544	0.01040	0.01531	0.02144	0.67851	0.04350	0.08658	0.01175	0.00661	0.00181	0.00280	0.06280	0.00598	0.00519
23	0.01098	0.01073	0.06669	0.00865	0.01339	0.00750	0.00741	0.01359	0.01146	0.01764	0.01256	0.07243	0.02895	0.00543	0.00447	0.00102	0.00430	0.00449	0.00340	0.69490
24	0.16135	0.06573	0.11688	0.09560	0.15748	0.26055	0.01259	0.01804	0.01263	0.01695	0.00957	0.03108	0.00799	0.00562	0.00487	0.00161	0.00744	0.00420	0.00285	0.00698
25	0.01962	0.00924	0.01192	0.00958	0.01306	0.00870	0.00777	0.10792	0.03610	0.46966	0.14366	0.02302	0.03867	0.01029	0.06241	0.00224	0.00521	0.00643	0.00622	0.00827
26	0.10712	0.01225	0.01360	0.03633	0.01544	0.02848	0.00889	0.31557	0.03702	0.24853	0.01554	0.03332	0.01108	0.00659	0.00521	0.00164	0.00528	0.00509	0.02731	0.06572
27	0.01647	0.07290	0.07919	0.06753	0.01579	0.13066	0.00955	0.04793	0.02810	0.24821	0.03149	0.16229	0.03040	0.02683	0.00613	0.00183	0.00584	0.00701	0.00466	0.00721
28	0.00702	0.00504	0.00668	0.00779	0.00817	0.00482	0.00530	0.00793	0.01054	0.01402	0.03000	0.70213	0.05863	0.03455	0.00816	0.02590	0.01834	0.03555	0.00497	0.00447
29	0.01049	0.00970	0.01609	0.74196	0.03634	0.01192	0.01474	0.01411	0.01110	0.01448	0.01010	0.01484	0.00762	0.00552	0.00544	0.00179	0.00713	0.00488	0.02822	0.03354
30	0.01254	0.01354	0.09824	0.45931	0.07316	0.03689	0.06658	0.10585	0.01321	0.01741	0.01030	0.01404	0.00778	0.00592	0.00617	0.01829	0.02603	0.00491	0.00288	0.00694
31	0.01420	0.04147	0.03776	0.15407	0.13662	0.10062	0.08267	0.08960	0.11819	0.04109	0.01399	0.03902	0.02540	0.00822	0.04488	0.00211	0.03348	0.00555	0.00360	0.00744
32	0.00686	0.00492	0.00646	0.00755	0.00798	0.00458	0.00507	0.00793	0.01096	0.01465	0.08463	0.70252	0.05908	0.03902	0.00761	0.00229	0.00322	0.01499	0.00516	0.00452
33	0.00690	0.00499	0.00663	0.00780	0.00810	0.00478	0.00523	0.00784	0.01048	0.01401	0.02962	0.76038	0.03549	0.04313	0.00799	0.00236	0.01950	0.01527	0.00503	0.00449
34	0.01142	0.00984	0.01181	0.05758	0.01470	0.00769	0.00712	0.01396	0.01146	0.01780	0.00984	0.01169	0.00815	0.00419	0.00419	0.00088	0.00431	0.00338	0.00323	0.78674
35	0.00712	0.00504	0.00664	0.00778	0.00816	0.00479	0.00533	0.00814	0.01054	0.01401	0.02892	0.63807	0.03427	0.10648	0.00952	0.00263	0.00365	0.08953	0.00493	0.00443
36	0.02472	0.00962	0.01298	0.00995	0.01424	0.00843	0.00822	0.05059	0.01618	0.75058	0.02157	0.01867	0.01357	0.00685	0.00557	0.00171	0.00476	0.00555	0.00681	0.00943
37	0.01083	0.01033	0.01767	0.65952	0.06215	0.01215	0.06844	0.01450	0.01130	0.01480	0.00996	0.01453	0.00756	0.00536	0.00552	0.00178	0.00729	0.00494	0.00255	0.05882
38	0.01368	0.05923	0.04893	0.14616	0.50414	0.02953	0.04515	0.05513	0.01305	0.01795	0.01030	0.01347	0.00839	0.00512	0.00541	0.00166	0.00688	0.00483	0.00281	0.00819
39	0.00675	0.00482	0.00643	0.00771	0.00803	0.00450	0.00514	0.00771	0.01060	0.01414	0.03053	0.80175	0.03663	0.01735	0.00707	0.00225	0.00321	0.01574	0.00514	0.00450
40	0.02437	0.01020	0.01333	0.01022	0.01452	0.00928	0.00844	0.11888	0.01714	0.68094	0.02077	0.01815	0.01317	0.00683	0.00557	0.00171	0.00489	0.00550	0.00669	0.00942
41	0.00680	0.00486	0.00648	0.00767	0.00804	0.00453	0.00515	0.00785	0.01086	0.01454	0.06742	0.76370	0.03741	0.01705	0.00704	0.00222	0.00318	0.01546	0.00519	0.00453
42	0.00730	0.00522	0.00706	0.00835	0.00891	0.00498	0.00611	0.00867	0.01115	0.01476	0.03022	0.61298	0.03542	0.01683	0.00722	0.00233	0.00369	0.19902	0.00513	0.00465
43	0.04055	0.31503	0.01967	0.01085	0.01472	0.18671	0.00929	0.10119	0.01382	0.01704	0.02630	0.01120	0.00868	0.00614	0.01867	0.00146	0.04929	0.00370	0.00312	0.14256
44	0.01448	0.04410	0.01513	0.10060	0.03860	0.25915	0.01017	0.01642	0.01213	0.01484	0.00921	0.01244	0.00805	0.03770	0.00808	0.00164	0.15010	0.00407	0.00285	0.24025
45	0.01403	0.27040	0.15670	0.04599	0.11309	0.05901	0.04953	0.07024	0.01286	0.01702	0.00942	0.01134	0.00769	0.00515	0.00508	0.00144	0.03101	0.00395	0.00281	0.11324
46	0.01370	0.27139	0.11105	0.05980	0.09256	0.03383	0.01175	0.07298	0.11374	0.01761	0.02772	0.04163	0.01096	0.00645	0.00595	0.00163	0.07198	0.00484	0.02296	0.00746
47	0.01031	0.00964	0.01621	0.76087	0.03695	0.01199	0.01497	0.01389	0.01106	0.01415	0.01067	0.04605	0.00855	0.00601	0.00560	0.00186	0.00722	0.00535	0.00257	0.00609
48	0.01722	0.01375	0.01782	0.09766	0.32326	0.11040	0.01303	0.09409	0.01480	0.18204	0.01384	0.01526	0.02683	0.00603	0.00584	0.00168	0.02921	0.00505	0.00395	0.00825
49	0.01162	0.01005	0.01723	0.45630	0.02913	0.01145	0.12405	0.01507	0.02343	0.07039	0.01396	0.09094	0.02363	0.00704	0.00646	0.00189	0.04744	0.00638	0.02713	0.00642
50	0.00684	0.00537	0.00613	0.00646	0.00771	0.00472	0.00461	0.00824	0.01229	0.01561	0.14926	0.27970	0.41668	0.04142	0.00744	0.00209	0.00299	0.01256	0.00522	0.00466
51	0.00675	0.00482	0.00643	0.00771	0.00803	0.00450	0.00514	0.00771	0.01060	0.01414	0.03053	0.80175	0.03663	0.01735	0.00707	0.00225	0.00321	0.01574	0.00514	0.00450
52	0.01345	0.01292	0.02220	0.06380	0.70424	0.01299	0.03601	0.01677	0.01256	0.01789	0.01085	0.01491	0.00924	0.00519	0.00556	0.00168	0.00665	0.02175	0.00279	0.00855

[dist]
# distance from previous block
# <min> <max>
0	2

[block]
# block no. 2 follows, 43 sequences, length 33
# corresponding to MSA columns:
# 305-337
name=unknown_C
#
# <colnr> <probs for GDERKNQSTAVLIFYWHMCP>
#	G	D	E	R	K	N	Q	S	T	A	V	L	I	F	Y	W	H	M	C	P
0	0.01222	0.22227	0.47536	0.01595	0.10568	0.01490	0.01676	0.01698	0.01183	0.01664	0.03671	0.01228	0.00887	0.00531	0.00490	0.00160	0.00723	0.00412	0.00253	0.00787
1	0.01273	0.01318	0.01748	0.01486	0.01526	0.06816	0.04008	0.01408	0.00914	0.01351	0.00751	0.01208	0.00730	0.00924	0.01685	0.00234	0.71279	0.00483	0.00247	0.00614
2	0.34806	0.05960	0.01450	0.01244	0.04859	0.25706	0.03586	0.03048	0.01194	0.01874	0.00827	0.01021	0.00686	0.00590	0.00611	0.00169	0.11056	0.00367	0.00304	0.00644
3	0.00679	0.00485	0.00646	0.00768	0.00804	0.00452	0.00514	0.00781	0.01079	0.01443	0.05728	0.77415	0.03720	0.01713	0.00705	0.00223	0.00319	0.01554	0.00518	0.00452
4	0.79968	0.01156	0.00855	0.00766	0.01106	0.05434	0.00625	0.01660	0.00977	0.02423	0.00776	0.00905	0.00606	0.00517	0.00351	0.00170	0.00459	0.00303	0.00340	0.00602
5	0.05977	0.01477	0.01563	0.01227	0.01647	0.01646	0.01006	0.61460	0.12913	0.03276	0.01433	0.01413	0.01031	0.00670	0.00545	0.00170	0.00577	0.00507	0.00545	0.00916
6	0.01481	0.80869	0.02902	0.00948	0.01421	0.02191	0.00948	0.01658	0.01125	0.01303	0.00770	0.00888	0.00711	0.00474	0.00355	0.00118	0.00592	0.00296	0.00237	0.00711
7	0.00782	0.00562	0.00731	0.00694	0.00816	0.00521	0.00514	0.01026	0.01518	0.02145	0.71277	0.06177	0.05033	0.04862	0.00756	0.00193	0.00276	0.01008	0.00594	0.00512
8	0.01384	0.01124	0.01275	0.00932	0.01412	0.00980	0.00754	0.19590	0.01507	0.02220	0.01069	0.01193	0.00850	0.00473	0.00446	0.00103	0.00459	0.00370	0.00384	0.63474
9	0.00693	0.00495	0.00664	0.00792	0.00833	0.00466	0.00546	0.00803	0.01079	0.01435	0.03042	0.73860	0.03622	0.01718	0.00712	0.00227	0.00337	0.07706	0.00514	0.00455
10	0.01324	0.01265	0.02154	0.09844	0.68733	0.01285	0.01654	0.01650	0.01242	0.01765	0.01091	0.03499	0.00940	0.00532	0.00553	0.00168	0.00656	0.00522	0.00278	0.00843
11	0.01834	0.11177	0.01810	0.01697	0.15066	0.53593	0.01148	0.02014	0.01455	0.01435	0.01027	0.01187	0.03103	0.00572	0.00497	0.00145	0.00870	0.00399	0.00285	0.00686
12	0.00971	0.00799	0.00957	0.00795	0.01120	0.00631	0.00600	0.01162	0.01122	0.01661	0.01838	0.28367	0.04168	0.00895	0.00519	0.00134	0.00376	0.00782	0.00398	0.52705
13	0.03926	0.45264	0.16875	0.01140	0.01601	0.09765	0.01161	0.01678	0.01151	0.01452	0.00893	0.02858	0.00791	0.00569	0.00532	0.00146	0.07135	0.00374	0.01987	0.00702
14	0.01046	0.00984	0.01661	0.79205	0.03814	0.01230	0.01538	0.01415	0.01107	0.01415	0.00984	0.01477	0.00738	0.00554	0.00554	0.00185	0.00738	0.00492	0.00246	0.00615
15	0.01623	0.09892	0.01612	0.05154	0.05080	0.14712	0.00985	0.24985	0.07469	0.02205	0.03607	0.03838	0.04399	0.00676	0.00544	0.00155	0.02116	0.00518	0.00414	0.10015
16	0.00784	0.00566	0.00740	0.00697	0.00827	0.00523	0.00523	0.01045	0.01568	0.02221	0.76789	0.04137	0.05226	0.01132	0.00653	0.00174	0.00261	0.01002	0.00610	0.00523
17	0.02105	0.01551	0.01662	0.01274	0.01717	0.01717	0.01053	0.75235	0.02604	0.03490	0.01330	0.01330	0.00942	0.00665	0.00554	0.00166	0.00609	0.00499	0.00554	0.00942
18	0.02070	0.01485	0.01611	0.01232	0.01677	0.01611	0.01016	0.66949	0.02463	0.07415	0.01356	0.01349	0.00958	0.00651	0.00546	0.00162	0.00590	0.00492	0.00548	0.05819
19	0.00801	0.00537	0.00613	0.00617	0.00621	0.00539	0.00351	0.00810	0.00815	0.01090	0.01777	0.05870	0.02045	0.76022	0.04892	0.00538	0.00557	0.00822	0.00340	0.00343
20	0.02308	0.00999	0.01296	0.01009	0.01418	0.00921	0.00828	0.09929	0.05687	0.62472	0.05592	0.01944	0.01525	0.00708	0.00562	0.00172	0.00474	0.00576	0.00662	0.00919
21	0.01005	0.00766	0.01157	0.04951	0.03380	0.00776	0.06685	0.01335	0.05315	0.03945	0.02538	0.08512	0.02656	0.05009	0.00816	0.00249	0.00545	0.49320	0.00473	0.00565
22	0.01205	0.01299	0.02634	0.02002	0.04704	0.01259	0.52524	0.01576	0.01224	0.01688	0.01348	0.12470	0.01226	0.00686	0.00746	0.00191	0.07570	0.00748	0.00312	0.04587
23	0.00680	0.00490	0.00646	0.00768	0.00810	0.00456	0.00520	0.00782	0.01075	0.01424	0.03165	0.74800	0.06962	0.01715	0.00706	0.00224	0.00325	0.03487	0.00514	0.00452
24	0.01333	0.01351	0.01944	0.29972	0.40018	0.10371	0.01554	0.01648	0.01231	0.01602	0.00990	0.01360	0.00804	0.00538	0.00582	0.00171	0.03041	0.00477	0.00265	0.00749
25	0.00828	0.00645	0.00943	0.00924	0.01007	0.00771	0.00717	0.01005	0.00887	0.01282	0.01472	0.04429	0.01423	0.07877	0.64866	0.00791	0.08715	0.00623	0.00300	0.00495
26	0.10884	0.07683	0.19495	0.01302	0.02939	0.03737	0.06804	0.15203	0.05833	0.17321	0.02720	0.01419	0.01022	0.00598	0.00518	0.00169	0.00631	0.00476	0.00426	0.00821
27	0.10640	0.01470	0.08703	0.08600	0.10367	0.03290	0.26683	0.06066	0.01253	0.01866	0.01001	0.01308	0.00785	0.00559	0.00702	0.00180	0.10138	0.00506	0.00294	0.05588
28	0.12483	0.13287	0.09815	0.01059	0.03375	0.02523	0.00923	0.09102	0.13554	0.04532	0.01444	0.06155	0.01214	0.02692	0.04788	0.01315	0.00572	0.00524	0.07492	0.03152
29	0.01133	0.00884	0.01080	0.01058	0.06103	0.02044	0.01842	0.13125	0.05650	0.01853	0.06639	0.17642	0.03903	0.16223	0.04044	0.02640	0.02807	0.00814	0.03010	0.07507
30	0.01282	0.10268	0.24381	0.05499	0.03542	0.02516	0.02859	0.12340	0.04187	0.03892	0.05004	0.09915	0.03121	0.02329	0.01966	0.00193	0.02732	0.00617	0.02629	0.00727
31	0.01251	0.04556	0.03984	0.07741	0.02815	0.03294	0.03180	0.16145	0.01458	0.05032	0.06742	0.21782	0.04047	0.03968	0.02806	0.00216	0.02905	0.03091	0.00443	0.04543
32	0.01456	0.07544	0.14373	0.01343	0.07142	0.01348	0.01149	0.22379	0.10653	0.04976	0.06140	0.07153	0.03403	0.00792	0.00630	0.00179	0.04861	0.03248	0.00442	0.00786

[dist]
# distance from previous block
# <min> <max>
4	40

[block]
# block no. 3 follows, 43 sequences, length 35
# corresponding to MSA columns:
# 381-415
name=unknown_D
#
# <colnr> <probs for GDERKNQSTAVLIFYWHMCP>
#	G	D	E	R	K	N	Q	S	T	A	V	L	I	F	Y	W	H	M	C	P
0	0.01217	0.08203	0.30415	0.01523	0.10831	0.02975	0.03821	0.01600	0.01208	0.05450	0.06217	0.01800	0.07350	0.00691	0.00672	0.00174	0.09311	0.00539	0.05274	0.00728
1	0.04552	0.06838	0.10691	0.00931	0.01221	0.04780	0.02163	0.07367	0.03261	0.06290	0.09460	0.05290	0.03872	0.19736	0.01066	0.00250	0.00528	0.00650	0.08238	0.02817
2	0.13198	0.15602	0.09607	0.04005	0.03655	0.08871	0.08014	0.04886	0.03656	0.01745	0.01192	0.03191	0.02219	0.00810	0.03173	0.03516	0.05366	0.03529	0.01788	0.01978
3	0.23022	0.35281	0.03996	0.03270	0.01464	0.01633	0.03933	0.05347	0.02552	0.04820	0.02602	0.02801	0.00922	0.00677	0.02756	0.00175	0.03335	0.00404	0.00322	0.00688
4	0.03652	0.36516	0.02115	0.01285	0.08418	0.13195	0.01008	0.06179	0.03810	0.01575	0.01137	0.01332	0.03914	0.02425	0.02001	0.00171	0.08416	0.00421	0.01734	0.00697
5	0.11609	0.15635	0.43535	0.01349	0.04130	0.01415	0.01514	0.06074	0.01239	0.03395	0.03121	0.02693	0.00905	0.00566	0.00484	0.00165	0.00683	0.00426	0.00293	0.00769
6	0.00860	0.00630	0.00796	0.00755	0.00822	0.00630	0.04173	0.00998	0.04895	0.01254	0.02077	0.03777	0.06424	0.60349	0.02274	0.00454	0.00534	0.07517	0.00371	0.00409
7	0.01358	0.13985	0.23076	0.05023	0.27907	0.02941	0.05258	0.06162	0.05793	0.01822	0.01075	0.01284	0.00846	0.00528	0.00518	0.00163	0.00699	0.00454	0.00291	0.00818
8	0.01562	0.09447	0.09525	0.01581	0.11370	0.33869	0.04613	0.03756	0.01381	0.01541	0.01438	0.05454	0.07650	0.00693	0.00579	0.00161	0.03855	0.00530	0.00311	0.00683
9	0.00674	0.00486	0.00639	0.00761	0.00801	0.00451	0.00509	0.00772	0.01070	0.01418	0.03181	0.76417	0.07338	0.01718	0.00704	0.00223	0.00319	0.01554	0.00514	0.00451
10	0.73115	0.01144	0.04294	0.03894	0.01247	0.01234	0.00710	0.03279	0.01015	0.02425	0.03014	0.01039	0.00752	0.00538	0.00373	0.00172	0.00457	0.00337	0.00347	0.00616
11	0.05923	0.09728	0.07014	0.04696	0.05415	0.28438	0.06717	0.07649	0.01411	0.03370	0.01099	0.01358	0.00896	0.04449	0.00602	0.00170	0.00739	0.00441	0.09204	0.00680
12	0.04592	0.00876	0.01035	0.00997	0.03140	0.00911	0.00755	0.06374	0.21115	0.12490	0.07364	0.16920	0.08213	0.01119	0.01987	0.00208	0.00437	0.08872	0.01901	0.00693
13	0.00798	0.00538	0.00620	0.00621	0.00636	0.00532	0.00362	0.00829	0.00895	0.01206	0.09504	0.06959	0.02414	0.69007	0.02506	0.00486	0.00499	0.00859	0.00371	0.00360
14	0.01278	0.01457	0.11100	0.16144	0.48819	0.01306	0.08507	0.01664	0.01228	0.01732	0.01034	0.01377	0.00829	0.00505	0.00556	0.00171	0.00716	0.00498	0.00265	0.00813
15	0.03024	0.06214	0.50065	0.01695	0.07058	0.01297	0.12575	0.01760	0.01223	0.05151	0.04062	0.01360	0.00941	0.00544	0.00540	0.00173	0.00768	0.00473	0.00281	0.00795
16	0.00675	0.00482	0.00643	0.00771	0.00803	0.00450	0.00514	0.00771	0.01060	0.01414	0.03053	0.80175	0.03663	0.01735	0.00707	0.00225	0.00321	0.01574	0.00514	0.00450
17	0.82220	0.01084	0.00837	0.00743	0.01089	0.01255	0.00612	0.03620	0.00987	0.02512	0.00786	0.00911	0.00609	0.00518	0.00348	0.00171	0.00433	0.00305	0.00348	0.00609
18	0.00954	0.00705	0.00824	0.00814	0.00913	0.02309	0.00577	0.09936	0.01189	0.01585	0.05300	0.23633	0.04014	0.27988	0.12052	0.00410	0.00610	0.05268	0.00429	0.00489
19	0.00974	0.00519	0.00549	0.00561	0.00677	0.00519	0.00413	0.01206	0.01132	0.01929	0.01983	0.09084	0.03301	0.03079	0.04351	0.00187	0.00332	0.00636	0.68065	0.00503
20	0.00892	0.00637	0.00892	0.01020	0.01147	0.00637	0.00892	0.01147	0.01275	0.01657	0.02932	0.06247	0.03187	0.01530	0.00765	0.00255	0.00510	0.73354	0.00510	0.00510
21	0.00856	0.00639	0.00875	0.05614	0.01212	0.00635	0.00820	0.01104	0.01303	0.01698	0.13147	0.05556	0.12934	0.01401	0.00723	0.00231	0.00460	0.49773	0.00508	0.00512
22	0.03626	0.16000	0.51680	0.06127	0.05973	0.01414	0.01717	0.01688	0.01169	0.01696	0.03433	0.01239	0.00859	0.00537	0.00498	0.00165	0.00737	0.00415	0.00253	0.00775
23	0.00688	0.00499	0.00650	0.00745	0.00802	0.00461	0.00508	0.00810	0.01144	0.01529	0.13203	0.64159	0.09499	0.01628	0.00696	0.00215	0.00310	0.01466	0.00527	0.00461
24	0.84448	0.01071	0.00814	0.00728	0.01071	0.01242	0.00600	0.01628	0.00943	0.02485	0.00771	0.00900	0.00600	0.00514	0.00343	0.00171	0.00428	0.00300	0.00343	0.00600
25	0.00724	0.00531	0.00660	0.00744	0.00818	0.00504	0.00512	0.00902	0.04316	0.01505	0.05444	0.57713	0.13873	0.03086	0.02423	0.00233	0.00346	0.01381	0.03810	0.00474
26	0.02973	0.00915	0.01406	0.28290	0.02173	0.01025	0.08777	0.08110	0.01246	0.01748	0.01649	0.21706	0.01601	0.00889	0.00638	0.00189	0.04338	0.00786	0.10939	0.00604
27	0.00697	0.00521	0.00642	0.00699	0.00789	0.00472	0.00488	0.00836	0.01208	0.01594	0.19248	0.43482	0.21618	0.04108	0.00752	0.00215	0.00306	0.01330	0.00529	0.00466
28	0.02485	0.00943	0.01285	0.00985	0.01414	0.00814	0.00814	0.02699	0.01585	0.77465	0.02185	0.01885	0.01371	0.00685	0.00557	0.00171	0.00471	0.00557	0.00685	0.00943
29	0.01114	0.01109	0.02040	0.59707	0.05739	0.01271	0.18085	0.01504	0.01157	0.01507	0.01017	0.01477	0.00765	0.00532	0.00576	0.00184	0.00780	0.00529	0.00255	0.00652
30	0.00901	0.00593	0.00693	0.00673	0.00852	0.00515	0.00502	0.01062	0.01313	0.10821	0.16087	0.18647	0.42632	0.01334	0.00652	0.00190	0.00308	0.01143	0.00550	0.00531
31	0.01019	0.00517	0.00521	0.00521	0.00643	0.00517	0.00384	0.01262	0.01140	0.02006	0.01803	0.02158	0.01455	0.05400	0.00532	0.00153	0.00275	0.00533	0.78654	0.00505
32	0.01481	0.80869	0.02902	0.00948	0.01421	0.02191	0.00948	0.01658	0.01125	0.01303	0.00770	0.00888	0.00711	0.00474	0.00355	0.00118	0.00592	0.00296	0.00237	0.00711
33	0.01261	0.01254	0.07482	0.23776	0.33530	0.02854	0.01449	0.01627	0.03222	0.06168	0.01604	0.01937	0.08148	0.00648	0.00564	0.00176	0.00643	0.02582	0.00325	0.00749
34	0.04201	0.03846	0.07991	0.00900	0.01213	0.00817	0.00783	0.03617	0.01409	0.28147	0.22816	0.02680	0.05617	0.07889	0.05395	0.00245	0.00508	0.00698	0.00532	0.00695

[dist]
# distance from previous block
# <min> <max>
0	5

[block]
# block no. 4 follows, 43 sequences, length 12
# corresponding to MSA columns:
# 421-432
name=unknown_E
#
# <colnr> <probs for GDERKNQSTAVLIFYWHMCP>
#	G	D	E	R	K	N	Q	S	T	A	V	L	I	F	Y	W	H	M	C	P
0	0.00713	0.00586	0.00618	0.00628	0.00786	0.00525	0.00455	0.00922	0.05711	0.01501	0.04741	0.15577	0.56060	0.07666	0.00828	0.00220	0.00316	0.01165	0.00503	0.00479
1	0.64198	0.06871	0.00989	0.00756	0.01101	0.03504	0.00627	0.01607	0.01004	0.02289	0.00864	0.01004	0.00686	0.00515	0.00356	0.00158	0.00443	0.00319	0.06457	0.06252
2	0.61170	0.04890	0.07744	0.00898	0.03354	0.01261	0.00779	0.04923	0.01070	0.02362	0.00899	0.01040	0.00697	0.00529	0.00378	0.00166	0.00473	0.00339	0.06388	0.00641
3	0.19736	0.01442	0.01683	0.12996	0.07945	0.16113	0.13376	0.07097	0.01341	0.01950	0.06117	0.01428	0.01066	0.00590	0.00552	0.00171	0.02930	0.00486	0.02306	0.00675
4	0.01214	0.02360	0.52069	0.01549	0.02204	0.04797	0.10380	0.07085	0.01286	0.01814	0.01168	0.05264	0.00950	0.04640	0.00667	0.00195	0.00786	0.00520	0.00284	0.00768
5	0.00673	0.00488	0.00636	0.00755	0.00799	0.00451	0.00507	0.00773	0.01076	0.01420	0.03255	0.74258	0.09449	0.01709	0.00703	0.00222	0.00318	0.01542	0.00514	0.00451
6	0.05341	0.02585	0.64170	0.01710	0.07786	0.01293	0.06013	0.01745	0.01172	0.01796	0.00993	0.01188	0.00717	0.00520	0.00526	0.00175	0.00794	0.00423	0.00245	0.00808
7	0.04086	0.10701	0.12558	0.03958	0.07014	0.02697	0.44625	0.01719	0.01248	0.01720	0.01103	0.02762	0.00885	0.00522	0.00584	0.00177	0.00825	0.01799	0.00278	0.00741
8	0.02116	0.01500	0.01581	0.01233	0.01659	0.05431	0.01010	0.57187	0.06589	0.13772	0.01479	0.01433	0.01034	0.00668	0.00552	0.00167	0.00600	0.00507	0.00560	0.00923
9	0.00663	0.00528	0.00595	0.00649	0.00771	0.00460	0.00460	0.00785	0.01177	0.01461	0.04535	0.36811	0.46070	0.01542	0.00677	0.00203	0.00298	0.01339	0.00514	0.00460
10	0.00781	0.00566	0.00717	0.00792	0.00866	0.00554	0.00557	0.00999	0.07554	0.01508	0.06518	0.50873	0.07817	0.05225	0.00889	0.05906	0.00360	0.06547	0.00496	0.00476
11	0.01317	0.36987	0.36411	0.01334	0.01949	0.04181	0.05420	0.01717	0.01162	0.01533	0.00891	0.01059	0.00714	0.00513	0.00491	0.00152	0.02801	0.00373	0.00240	0.00756

[dist]
# distance from previous block
# <min> <max>
0	1

[block]
# block no. 5 follows, 43 sequences, length 26
# corresponding to MSA columns:
# 434-459
name=unknown_F
#
# <colnr> <probs for GDERKNQSTAVLIFYWHMCP>
#	G	D	E	R	K	N	Q	S	T	A	V	L	I	F	Y	W	H	M	C	P
0	0.40425	0.00980	0.00820	0.02911	0.01062	0.05638	0.00600	0.05897	0.01167	0.02286	0.01211	0.01392	0.00944	0.00578	0.00388	0.00154	0.00417	0.00403	0.32137	0.00591
1	0.05551	0.01141	0.01233	0.01068	0.01393	0.01268	0.00849	0.13965	0.44465	0.09977	0.05932	0.02118	0.01711	0.00761	0.00555	0.00181	0.00454	0.02915	0.03626	0.00837
2	0.02485	0.00943	0.01285	0.00985	0.01414	0.00814	0.00814	0.02699	0.01585	0.77465	0.02185	0.01885	0.01371	0.00685	0.00557	0.00171	0.00471	0.00557	0.00685	0.00943
3	0.01371	0.01316	0.02248	0.03399	0.77081	0.01316	0.01700	0.01700	0.01261	0.01809	0.01042	0.01371	0.00877	0.00493	0.00548	0.00164	0.00658	0.00493	0.00274	0.00877
4	0.68171	0.01046	0.00908	0.00779	0.01139	0.01157	0.00642	0.01841	0.01070	0.17376	0.01052	0.01095	0.00753	0.00548	0.00385	0.00171	0.00437	0.00351	0.00411	0.00668
5	0.01046	0.00984	0.01661	0.79205	0.03814	0.01230	0.01538	0.01415	0.01107	0.01415	0.00984	0.01477	0.00738	0.00554	0.00554	0.00185	0.00738	0.00492	0.00246	0.00615
6	0.00675	0.00482	0.00643	0.00771	0.00803	0.00450	0.00514	0.00771	0.01060	0.01414	0.03053	0.80175	0.03663	0.01735	0.00707	0.00225	0.00321	0.01574	0.00514	0.00450
7	0.00655	0.00561	0.00561	0.00561	0.00748	0.00468	0.00421	0.00795	0.01262	0.01496	0.05610	0.05330	0.76857	0.01403	0.00655	0.00187	0.00281	0.01169	0.00514	0.00468
8	0.01212	0.01212	0.01696	0.01454	0.01454	0.01696	0.01212	0.01333	0.00848	0.01333	0.00727	0.01212	0.00727	0.00969	0.01818	0.00242	0.79523	0.00485	0.00242	0.00606
9	0.00791	0.00593	0.00890	0.00890	0.00989	0.00692	0.00692	0.00989	0.00890	0.01286	0.01483	0.02176	0.01385	0.04154	0.78341	0.00890	0.01483	0.00593	0.00297	0.00494
10	0.01212	0.01212	0.01696	0.01454	0.01454	0.01696	0.01212	0.01333	0.00848	0.01333	0.00727	0.01212	0.00727	0.00969	0.01818	0.00242	0.79523	0.00485	0.00242	0.00606
11	0.02105	0.01551	0.01662	0.01274	0.01717	0.01717	0.01053	0.75235	0.02604	0.03490	0.01330	0.01330	0.00942	0.00665	0.00554	0.00166	0.00609	0.00499	0.00554	0.00942
12	0.03446	0.01165	0.12051	0.03392	0.01439	0.00965	0.00955	0.03286	0.09254	0.18345	0.09005	0.04253	0.06083	0.03848	0.02701	0.00212	0.07110	0.04061	0.03115	0.05315
13	0.00999	0.00626	0.00856	0.00841	0.00976	0.00582	0.03303	0.01190	0.03664	0.12346	0.11971	0.45895	0.06892	0.06155	0.00797	0.00225	0.00373	0.01228	0.00533	0.00548
14	0.01425	0.69066	0.14215	0.01043	0.01569	0.02054	0.01114	0.01673	0.01132	0.01371	0.00804	0.00931	0.00709	0.00482	0.00381	0.00127	0.00627	0.00313	0.00236	0.00727
15	0.04966	0.01886	0.01634	0.01644	0.13834	0.37383	0.03054	0.09573	0.04832	0.09183	0.01282	0.01384	0.03369	0.00621	0.00563	0.00160	0.03056	0.00461	0.00371	0.00745
16	0.01067	0.09514	0.01345	0.08915	0.01469	0.02937	0.06254	0.07358	0.05499	0.01682	0.04551	0.18698	0.16637	0.03760	0.04107	0.00227	0.02479	0.00875	0.02030	0.00595
17	0.00948	0.00644	0.00737	0.00699	0.00872	0.00591	0.00514	0.05749	0.01334	0.08444	0.13547	0.15895	0.36125	0.10304	0.00893	0.00228	0.00351	0.01070	0.00524	0.00530
18	0.00688	0.00511	0.00645	0.00741	0.00814	0.00468	0.00519	0.00810	0.01135	0.01477	0.06448	0.57381	0.18593	0.01631	0.00698	0.00217	0.00322	0.05923	0.00518	0.00460
19	0.01221	0.01243	0.04301	0.29576	0.28395	0.03143	0.11802	0.03353	0.01262	0.01705	0.05366	0.03849	0.01141	0.00590	0.00574	0.00177	0.00705	0.00570	0.00297	0.00728
20	0.03982	0.03950	0.38245	0.01770	0.10038	0.02965	0.13126	0.06390	0.05926	0.04690	0.01139	0.01315	0.00840	0.00552	0.00575	0.00176	0.02725	0.00475	0.00307	0.00811
21	0.01664	0.06887	0.11415	0.03060	0.07734	0.04495	0.01089	0.12076	0.04213	0.22445	0.01783	0.08304	0.05027	0.00758	0.00610	0.00173	0.04377	0.00606	0.00459	0.02824
22	0.14573	0.06295	0.12003	0.03071	0.01638	0.08984	0.04208	0.12156	0.01488	0.21945	0.01502	0.01517	0.03786	0.00622	0.00502	0.00165	0.00604	0.00477	0.03687	0.00777
23	0.01379	0.01329	0.01755	0.30049	0.16924	0.10333	0.05407	0.10876	0.05914	0.01836	0.01327	0.01685	0.03603	0.00620	0.00559	0.00174	0.00700	0.02623	0.00334	0.02571
24	0.01430	0.01262	0.01723	0.30014	0.16759	0.04093	0.01342	0.19761	0.04744	0.02049	0.01158	0.01512	0.00914	0.00627	0.00641	0.00178	0.06212	0.02186	0.00351	0.03045
25	0.03686	0.01350	0.01789	0.18406	0.31090	0.12020	0.04064	0.03573	0.04836	0.04194	0.01302	0.01750	0.02583	0.03024	0.00622	0.00184	0.00691	0.03774	0.00324	0.00739

[dist]
# distance from previous block
# <min> <max>
10	57

[block]
# block no. 6 follows, 43 sequences, length 28
# corresponding to MSA columns:
# 523-550
name=unknown_G
#
# <colnr> <probs for GDERKNQSTAVLIFYWHMCP>
#	G	D	E	R	K	N	Q	S	T	A	V	L	I	F	Y	W	H	M	C	P
0	0.16151	0.06981	0.05807	0.01110	0.05341	0.05087	0.02368	0.12591	0.08604	0.08380	0.06034	0.02223	0.15572	0.00773	0.00525	0.00170	0.00509	0.00610	0.00448	0.00717
1	0.07946	0.03531	0.05244	0.04566	0.01584	0.14270	0.00981	0.27432	0.05090	0.02315	0.05283	0.03960	0.07813	0.00846	0.02323	0.00188	0.03345	0.02116	0.00436	0.00731
2	0.01190	0.12254	0.04218	0.01265	0.05186	0.04721	0.04778	0.06137	0.01166	0.01574	0.03825	0.19576	0.01654	0.06213	0.01040	0.00216	0.21062	0.00744	0.00350	0.02831
3	0.01659	0.02733	0.01342	0.01073	0.01398	0.01263	0.00860	0.38505	0.07291	0.09066	0.03701	0.06942	0.01493	0.07610	0.07984	0.00268	0.00623	0.02163	0.00509	0.03515
4	0.09556	0.15267	0.01683	0.01245	0.01566	0.50015	0.00983	0.03972	0.05180	0.01554	0.00938	0.01074	0.00780	0.00684	0.03141	0.00170	0.00857	0.00367	0.00304	0.00664
5	0.00766	0.00505	0.00675	0.00782	0.00834	0.00468	0.00529	0.00869	0.01087	0.05265	0.03009	0.76210	0.03547	0.01682	0.00699	0.00222	0.00329	0.01523	0.00523	0.00475
6	0.00962	0.00481	0.00722	0.00722	0.00722	0.00481	0.00481	0.00722	0.00722	0.00962	0.00962	0.01684	0.00962	0.01924	0.02165	0.83886	0.00481	0.00481	0.00241	0.00241
7	0.01307	0.01494	0.03268	0.02334	0.02894	0.01401	0.75070	0.01774	0.01307	0.01774	0.01120	0.01494	0.00840	0.00467	0.00654	0.00187	0.00934	0.00654	0.00280	0.00747
8	0.01273	0.01733	0.16239	0.02203	0.02808	0.01381	0.62339	0.01771	0.01283	0.01771	0.01098	0.01437	0.00816	0.00477	0.00631	0.00185	0.00914	0.00611	0.00272	0.00759
9	0.00962	0.00481	0.00722	0.00722	0.00722	0.00481	0.00481	0.00722	0.00722	0.00962	0.00962	0.01684	0.00962	0.01924	0.02165	0.83886	0.00481	0.00481	0.00241	0.00241
10	0.01212	0.01212	0.01696	0.01454	0.01454	0.01696	0.01212	0.01333	0.00848	0.01333	0.00727	0.01212	0.00727	0.00969	0.01818	0.00242	0.79523	0.00485	0.00242	0.00606
11	0.00805	0.00587	0.00859	0.00859	0.00957	0.00677	0.00663	0.01000	0.00903	0.01323	0.01511	0.02217	0.01407	0.06462	0.71398	0.00835	0.01382	0.00596	0.05067	0.00491
12	0.01481	0.80869	0.02902	0.00948	0.01421	0.02191	0.00948	0.01658	0.01125	0.01303	0.00770	0.00888	0.00711	0.00474	0.00355	0.00118	0.00592	0.00296	0.00237	0.00711
13	0.00792	0.00591	0.00877	0.00877	0.00972	0.00685	0.00676	0.00981	0.00886	0.01276	0.01495	0.02240	0.01413	0.07554	0.74980	0.00874	0.01441	0.00603	0.00298	0.00487
14	0.84448	0.01071	0.00814	0.00728	0.01071	0.01242	0.00600	0.01628	0.00943	0.02485	0.00771	0.00900	0.00600	0.00514	0.00343	0.00171	0.00428	0.00300	0.00343	0.00600
15	0.00709	0.00588	0.00625	0.00623	0.00798	0.00520	0.00464	0.00935	0.05161	0.01621	0.13941	0.10796	0.58551	0.01361	0.00654	0.00188	0.00289	0.01152	0.00528	0.00494
16	0.00786	0.00529	0.00610	0.00629	0.00634	0.00524	0.00362	0.00800	0.00844	0.01125	0.01941	0.15118	0.02261	0.68705	0.02502	0.00490	0.00505	0.00921	0.00362	0.00353
17	0.01378	0.01190	0.01252	0.01127	0.01440	0.01378	0.00877	0.02943	0.76081	0.02317	0.02254	0.02066	0.01691	0.00751	0.00564	0.00188	0.00438	0.00626	0.00564	0.00877
18	0.00746	0.00553	0.00695	0.00684	0.00810	0.00503	0.00504	0.00963	0.01443	0.01981	0.53989	0.15170	0.17383	0.01265	0.00661	0.00184	0.00273	0.01112	0.00580	0.00503
19	0.00675	0.00482	0.00643	0.00771	0.00803	0.00450	0.00514	0.00771	0.01060	0.01414	0.03053	0.80175	0.03663	0.01735	0.00707	0.00225	0.00321	0.01574	0.00514	0.00450
20	0.01378	0.01190	0.01252	0.01127	0.01440	0.01378	0.00877	0.02943	0.76081	0.02317	0.02254	0.02066	0.01691	0.00751	0.00564	0.00188	0.00438	0.00626	0.00564	0.00877
21	0.01896	0.15040	0.04209	0.01045	0.01455	0.01284	0.00906	0.16146	0.10885	0.31258	0.08683	0.01813	0.01549	0.00689	0.00530	0.00164	0.00507	0.00545	0.00545	0.00851
22	0.01148	0.00984	0.01148	0.00820	0.01312	0.00738	0.00656	0.01395	0.01148	0.01805	0.00984	0.01148	0.00820	0.00410	0.00410	0.00082	0.00410	0.00328	0.00328	0.83922
23	0.00848	0.00603	0.00805	0.00902	0.00996	0.00597	0.00718	0.02893	0.01204	0.01586	0.04675	0.27360	0.03197	0.09898	0.00957	0.00272	0.00454	0.41055	0.00496	0.00485
24	0.00805	0.00537	0.00604	0.00604	0.00604	0.00537	0.00336	0.00805	0.00805	0.01074	0.01745	0.03624	0.02013	0.80536	0.02819	0.00537	0.00537	0.00805	0.00336	0.00336
25	0.00721	0.00534	0.00674	0.00766	0.00842	0.00503	0.00542	0.00884	0.03313	0.01488	0.05259	0.54513	0.15043	0.04021	0.00763	0.00229	0.00342	0.08581	0.00512	0.00469
26	0.01326	0.00992	0.01203	0.05242	0.03752	0.01060	0.02392	0.29181	0.03868	0.02300	0.05817	0.26441	0.02122	0.06452	0.00755	0.00210	0.00488	0.00891	0.04830	0.00677
27	0.05430	0.01286	0.01540	0.01169	0.01603	0.03057	0.07265	0.33389	0.01813	0.10130	0.01252	0.01343	0.00925	0.00638	0.00596	0.04386	0.00566	0.00460	0.00453	0.22701

[dist]
# distance from previous block
# <min> <max>
0	70

[block]
# block no. 7 follows, 43 sequences, length 17
# corresponding to MSA columns:
# 621-637
name=unknown_H
#
# <colnr> <probs for GDERKNQSTAVLIFYWHMCP>
#	G	D	E	R	K	N	Q	S	T	A	V	L	I	F	Y	W	H	M	C	P
0	0.03500	0.07122	0.08821	0.01161	0.04497	0.06786	0.03841	0.14116	0.01435	0.03586	0.07111	0.01968	0.01450	0.04509	0.08711	0.00252	0.02287	0.03601	0.11820	0.03426
1	0.01322	0.04962	0.13670	0.03091	0.08123	0.01358	0.22081	0.12931	0.04068	0.01987	0.06160	0.05160	0.01283	0.00789	0.03264	0.00206	0.07837	0.00608	0.00352	0.00750
2	0.03160	0.09996	0.59323	0.01461	0.02162	0.01322	0.04198	0.01674	0.01139	0.01688	0.01015	0.01237	0.00766	0.00845	0.07494	0.00234	0.00851	0.00420	0.00244	0.00771
3	0.01198	0.00667	0.00788	0.03759	0.03446	0.00680	0.00569	0.05863	0.01238	0.08736	0.01756	0.03714	0.01441	0.08278	0.05024	0.00221	0.00426	0.00570	0.51047	0.00577
4	0.01479	0.01233	0.02813	0.01122	0.01483	0.06193	0.04091	0.16137	0.06029	0.08234	0.01344	0.05093	0.01109	0.00967	0.07612	0.00216	0.07691	0.00512	0.00408	0.26233
5	0.01676	0.01146	0.01316	0.01067	0.01404	0.01203	0.00856	0.37624	0.01874	0.11261	0.01658	0.13282	0.01426	0.01022	0.05359	0.00212	0.03101	0.00654	0.03916	0.09943
6	0.01198	0.00900	0.01079	0.00835	0.01244	0.00709	0.00668	0.01425	0.01189	0.08532	0.01542	0.04721	0.04035	0.03267	0.00555	0.00130	0.00421	0.07215	0.00391	0.59943
7	0.14543	0.21287	0.01734	0.01081	0.01448	0.08316	0.00916	0.22755	0.10892	0.02274	0.01164	0.01240	0.00913	0.00613	0.00532	0.00158	0.05020	0.00421	0.03935	0.00760
8	0.57671	0.08451	0.09040	0.04947	0.01432	0.01368	0.00864	0.07361	0.01120	0.02326	0.00849	0.00990	0.00654	0.00526	0.00390	0.00167	0.00514	0.00336	0.00333	0.00660
9	0.01223	0.01243	0.01580	0.01379	0.01411	0.07498	0.01131	0.01351	0.00916	0.01334	0.00892	0.04507	0.00898	0.01222	0.07730	0.00285	0.64018	0.00528	0.00261	0.00593
10	0.01614	0.01294	0.01378	0.01167	0.01516	0.01465	0.00927	0.29080	0.46547	0.02708	0.01950	0.04802	0.01495	0.00758	0.00566	0.00181	0.00496	0.00616	0.00558	0.00884
11	0.08458	0.00807	0.00980	0.00932	0.01070	0.04294	0.00734	0.04281	0.01012	0.01544	0.01352	0.01896	0.01220	0.03057	0.53890	0.00664	0.06919	0.00540	0.05811	0.00539
12	0.00675	0.00482	0.00643	0.00771	0.00803	0.00450	0.00514	0.00771	0.01060	0.01414	0.03053	0.80175	0.03663	0.01735	0.00707	0.00225	0.00321	0.01574	0.00514	0.00450
13	0.01216	0.01344	0.02787	0.10448	0.02742	0.01311	0.57389	0.01629	0.01263	0.01692	0.01493	0.01825	0.07647	0.00581	0.00691	0.00189	0.04081	0.00675	0.00296	0.00702
14	0.00672	0.00545	0.00596	0.00619	0.00768	0.00469	0.00451	0.00815	0.01251	0.01553	0.12304	0.20880	0.54256	0.01445	0.00665	0.00194	0.00287	0.01237	0.00524	0.00469
15	0.00825	0.00576	0.00743	0.00765	0.00817	0.00612	0.00543	0.00936	0.00933	0.01298	0.01924	0.10054	0.02080	0.36835	0.21910	0.00534	0.02765	0.10367	0.05055	0.00427
16	0.03379	0.38890	0.02206	0.01183	0.01464	0.14763	0.01039	0.01633	0.01103	0.01348	0.00785	0.01036	0.00727	0.00723	0.02419	0.00179	0.25841	0.00373	0.00250	0.00659

[dist]
# distance from previous block
# <min> <max>
1	3

[block]
# block no. 8 follows, 43 sequences, length 41
# corresponding to MSA columns:
# 641-681
name=unknown_I
#
# <colnr> <probs for GDERKNQSTAVLIFYWHMCP>
#	G	D	E	R	K	N	Q	S	T	A	V	L	I	F	Y	W	H	M	C	P
0	0.06945	0.04415	0.01655	0.09641	0.09488	0.45225	0.01154	0.08474	0.01498	0.01665	0.00917	0.01116	0.00746	0.00581	0.00560	0.00157	0.04375	0.00398	0.00304	0.00687
1	0.04099	0.04614	0.01934	0.21823	0.27780	0.09027	0.06732	0.06105	0.02502	0.06464	0.01120	0.01392	0.00867	0.00544	0.00535	0.00167	0.00695	0.00484	0.02353	0.00761
2	0.01008	0.00681	0.00822	0.00763	0.00938	0.00660	0.00569	0.01398	0.11906	0.09242	0.37721	0.08749	0.13882	0.08182	0.00828	0.00213	0.00338	0.00949	0.00567	0.00584
3	0.00829	0.00614	0.00788	0.06623	0.01031	0.00650	0.00578	0.01045	0.06328	0.01385	0.04788	0.21942	0.04881	0.29343	0.14344	0.00433	0.00625	0.00935	0.02370	0.00465
4	0.01081	0.00795	0.00991	0.00977	0.01163	0.00826	0.00807	0.14152	0.04725	0.02059	0.15124	0.09126	0.05235	0.01449	0.05501	0.00258	0.00524	0.34085	0.00524	0.00598
5	0.00784	0.00566	0.00740	0.00697	0.00827	0.00523	0.00523	0.01045	0.01568	0.02221	0.76789	0.04137	0.05226	0.01132	0.00653	0.00174	0.00261	0.01002	0.00610	0.00523
6	0.01379	0.01395	0.04494	0.23874	0.43271	0.07259	0.01572	0.06911	0.01335	0.01784	0.01031	0.01362	0.00825	0.00529	0.00546	0.00169	0.00708	0.00480	0.00286	0.00790
7	0.01733	0.00983	0.01146	0.00952	0.01283	0.00989	0.00767	0.15438	0.14929	0.28492	0.04250	0.02486	0.11570	0.00822	0.00562	0.00174	0.00439	0.02957	0.09229	0.00799
8	0.01495	0.03810	0.01384	0.03007	0.01510	0.01107	0.00817	0.24472	0.01614	0.04566	0.01121	0.01227	0.00869	0.00504	0.00461	0.00115	0.00489	0.00391	0.00404	0.50636
9	0.01485	0.01079	0.01439	0.01116	0.03348	0.00956	0.07568	0.11188	0.01432	0.14452	0.03981	0.04036	0.01177	0.00577	0.00528	0.00131	0.02214	0.00490	0.00425	0.42380
10	0.08748	0.28099	0.43014	0.01290	0.01930	0.05030	0.01515	0.01732	0.01153	0.01655	0.00895	0.01046	0.00696	0.00510	0.00453	0.00155	0.00718	0.00360	0.00247	0.00756
11	0.01894	0.01429	0.01502	0.02759	0.01613	0.04927	0.00979	0.58703	0.02279	0.03071	0.01355	0.01443	0.01001	0.00906	0.06089	0.00214	0.00661	0.00501	0.07823	0.00853
12	0.00769	0.00526	0.00611	0.00640	0.00655	0.00514	0.00379	0.00797	0.00883	0.01169	0.02209	0.20819	0.05703	0.59402	0.02251	0.00452	0.00477	0.00994	0.00383	0.00367
13	0.00664	0.00554	0.00580	0.00589	0.00758	0.00469	0.00436	0.00808	0.01262	0.01533	0.09781	0.12292	0.65537	0.01417	0.00659	0.00190	0.00283	0.01197	0.00520	0.00469
