[name]
unknown

[dist]
# distance from previous block
# <min> <max>
5	88

[block]
# block no. 0 follows, 35 sequences, length 6
# corresponding to MSA columns:
# 116-121
name=unknown_A
#
# <colnr> <probs for GDERKNQSTAVLIFYWHMCP>
#	G	D	E	R	K	N	Q	S	T	A	V	L	I	F	Y	W	H	M	C	P
0	0.01627	0.01365	0.01423	0.03659	0.03628	0.08839	0.00935	0.15289	0.05384	0.06250	0.02109	0.09470	0.08675	0.00856	0.00602	0.00166	0.00585	0.00699	0.00495	0.27943
1	0.01589	0.01189	0.01353	0.01083	0.01491	0.01140	0.00848	0.19268	0.08812	0.06249	0.05681	0.09570	0.01810	0.06486	0.00790	0.00196	0.00525	0.00698	0.00528	0.30692
2	0.02212	0.07939	0.06370	0.01523	0.02050	0.06512	0.06414	0.45390	0.05249	0.07827	0.01502	0.01536	0.01082	0.00717	0.00620	0.00188	0.00748	0.00560	0.00552	0.01008
3	0.02030	0.01576	0.01645	0.01285	0.01743	0.06934	0.01037	0.37317	0.04401	0.07566	0.03550	0.01698	0.01264	0.03536	0.00732	0.00186	0.02827	0.00552	0.00545	0.19578
4	0.00952	0.00741	0.00920	0.00920	0.01070	0.00706	0.00652	0.01188	0.05397	0.01708	0.02840	0.43289	0.06075	0.09511	0.04853	0.00302	0.03037	0.01292	0.00513	0.14033
5	0.00874	0.00581	0.00704	0.00777	0.00811	0.00563	0.00493	0.00959	0.01110	0.01539	0.02754	0.40519	0.03182	0.32110	0.01739	0.00389	0.00459	0.01329	0.08637	0.00471

[dist]
# distance from previous block
# <min> <max>
0	2

[block]
# block no. 1 follows, 35 sequences, length 12
# corresponding to MSA columns:
# 124-135
name=unknown_B
#
# <colnr> <probs for GDERKNQSTAVLIFYWHMCP>
#	G	D	E	R	K	N	Q	S	T	A	V	L	I	F	Y	W	H	M	C	P
0	0.00869	0.00718	0.00894	0.01030	0.08067	0.00644	0.00667	0.01078	0.01502	0.01938	0.21691	0.13998	0.41649	0.01476	0.00745	0.00213	0.00364	0.01273	0.00588	0.00594
1	0.02314	0.01728	0.01849	0.01440	0.01930	0.01922	0.01182	0.63626	0.11148	0.03840	0.01647	0.01622	0.01179	0.00773	0.00636	0.00193	0.00675	0.00588	0.00636	0.01070
2	0.10233	0.02846	0.01713	0.01556	0.01889	0.67894	0.01173	0.02467	0.01727	0.01680	0.00971	0.01133	0.00804	0.00647	0.00554	0.00167	0.01080	0.00402	0.00333	0.00731
3	0.00855	0.00598	0.00764	0.00828	0.00863	0.00601	0.00540	0.00940	0.01065	0.01439	0.02601	0.35666	0.03010	0.32942	0.13876	0.00525	0.00684	0.01266	0.00466	0.00471
4	0.04846	0.01472	0.02117	0.17253	0.42268	0.07763	0.01650	0.01911	0.04553	0.01963	0.01389	0.07426	0.01233	0.00710	0.00629	0.00198	0.00753	0.00645	0.00348	0.00872
5	0.01552	0.01411	0.01384	0.01273	0.01591	0.07799	0.00975	0.03007	0.58122	0.02437	0.02551	0.11049	0.02105	0.00975	0.00658	0.00216	0.00542	0.00818	0.00611	0.00924
6	0.01428	0.01268	0.01735	0.01247	0.01819	0.01049	0.11686	0.07081	0.01472	0.02211	0.01182	0.01393	0.00954	0.00502	0.00526	0.00120	0.00580	0.00448	0.00387	0.62910
7	0.03261	0.01462	0.02057	0.18965	0.32821	0.06048	0.01571	0.04586	0.06948	0.02052	0.01257	0.01582	0.01012	0.00627	0.00660	0.00187	0.03656	0.00540	0.00353	0.10357
8	0.01350	0.01267	0.01959	0.21634	0.09640	0.01288	0.10615	0.01833	0.07461	0.01948	0.01277	0.01618	0.01020	0.00709	0.02531	0.00195	0.05160	0.00542	0.00354	0.27599
9	0.01840	0.01565	0.01713	0.14014	0.04023	0.12805	0.02490	0.13907	0.03880	0.10370	0.01365	0.01531	0.01028	0.00651	0.00636	0.00168	0.03581	0.00504	0.00444	0.23485
10	0.01745	0.01458	0.01492	0.06010	0.01771	0.10363	0.00972	0.21807	0.01835	0.05632	0.01555	0.08185	0.01372	0.06626	0.00788	0.00196	0.00649	0.00625	0.00475	0.26443
11	0.01430	0.01321	0.01812	0.14044	0.15804	0.04335	0.05131	0.04517	0.09784	0.02083	0.05857	0.01913	0.01425	0.04076	0.00782	0.00196	0.03917	0.00592	0.00401	0.20580

[dist]
# distance from previous block
# <min> <max>
3	23

[block]
# block no. 2 follows, 35 sequences, length 13
# corresponding to MSA columns:
# 159-171
name=unknown_C
#
# <colnr> <probs for GDERKNQSTAVLIFYWHMCP>
#	G	D	E	R	K	N	Q	S	T	A	V	L	I	F	Y	W	H	M	C	P
0	0.00969	0.00706	0.00944	0.01099	0.06944	0.00712	0.00692	0.01088	0.01107	0.01492	0.02341	0.14983	0.02617	0.39936	0.10020	0.00518	0.00702	0.12185	0.00436	0.00507
1	0.01153	0.00834	0.00914	0.00853	0.00954	0.00885	0.00554	0.07196	0.12792	0.01692	0.02055	0.03642	0.02144	0.58771	0.02592	0.00514	0.00603	0.00860	0.00448	0.00543
2	0.01563	0.01333	0.01505	0.09366	0.01947	0.01472	0.01062	0.08563	0.47451	0.02558	0.02099	0.02052	0.01584	0.00764	0.00615	0.00193	0.00550	0.00633	0.00561	0.14129
3	0.15748	0.01179	0.01431	0.01117	0.01593	0.01125	0.00922	0.10322	0.01822	0.54935	0.02132	0.01906	0.01373	0.00751	0.00598	0.00196	0.00549	0.00583	0.00705	0.01015
4	0.15348	0.01598	0.01666	0.01317	0.01781	0.01771	0.01079	0.52131	0.05704	0.06125	0.01574	0.04320	0.01187	0.00784	0.00602	0.00195	0.00638	0.00589	0.00599	0.00991
5	0.01498	0.01418	0.02320	0.17710	0.52401	0.01496	0.01809	0.02038	0.09124	0.02047	0.01331	0.01680	0.01075	0.00611	0.00631	0.00196	0.00744	0.00581	0.00344	0.00946
6	0.01505	0.04460	0.08247	0.16098	0.03992	0.04684	0.16649	0.06038	0.13716	0.02097	0.01400	0.01660	0.01079	0.00668	0.00733	0.00197	0.06197	0.00587	0.00384	0.09608
7	0.01496	0.01707	0.19377	0.01458	0.05860	0.01318	0.01296	0.02484	0.30660	0.07814	0.01991	0.02292	0.01587	0.09099	0.00906	0.00245	0.00638	0.02409	0.00495	0.06867
8	0.01487	0.01246	0.01696	0.01295	0.01754	0.01149	0.10328	0.13022	0.01592	0.04154	0.01560	0.11958	0.01427	0.00781	0.00676	0.00161	0.04865	0.00673	0.00445	0.39731
9	0.01623	0.01192	0.01659	0.07852	0.11298	0.01222	0.05417	0.05518	0.19794	0.14010	0.06408	0.11942	0.02035	0.00913	0.00663	0.00203	0.00582	0.00811	0.00552	0.06307
10	0.04967	0.01452	0.01539	0.01208	0.01676	0.04132	0.00974	0.30682	0.09362	0.06193	0.04821	0.02972	0.02600	0.00735	0.00587	0.00166	0.00584	0.00576	0.00549	0.24225
11	0.15202	0.01562	0.01587	0.01268	0.01723	0.04213	0.01032	0.41418	0.06269	0.05185	0.01550	0.04368	0.01212	0.00769	0.00588	0.00187	0.00628	0.01741	0.00561	0.08936
12	0.01781	0.01224	0.01380	0.01145	0.01510	0.01271	0.00912	0.27534	0.10029	0.12383	0.07058	0.10345	0.13660	0.01063	0.00697	0.00202	0.01804	0.00873	0.00630	0.04499

[dist]
# distance from previous block
# <min> <max>
10	54

[block]
# block no. 3 follows, 35 sequences, length 58
# corresponding to MSA columns:
# 226-283
name=unknown_D
#
# <colnr> <probs for GDERKNQSTAVLIFYWHMCP>
#	G	D	E	R	K	N	Q	S	T	A	V	L	I	F	Y	W	H	M	C	P
0	0.01916	0.01282	0.01704	0.15193	0.13205	0.04296	0.01233	0.07168	0.05845	0.24351	0.03575	0.04016	0.01412	0.00727	0.00619	0.00186	0.00642	0.00616	0.00522	0.11492
1	0.02366	0.01122	0.01440	0.01210	0.03429	0.01066	0.00940	0.09866	0.08945	0.48034	0.02452	0.09443	0.01824	0.03885	0.00755	0.00220	0.00544	0.00761	0.00709	0.00988
2	0.05388	0.01225	0.01497	0.05963	0.01784	0.01236	0.01003	0.18670	0.07885	0.36466	0.07117	0.02305	0.04887	0.00840	0.00640	0.00198	0.00565	0.00678	0.00677	0.00977
3	0.01282	0.01145	0.01923	0.50188	0.14609	0.01321	0.03660	0.01678	0.01344	0.03628	0.01496	0.02465	0.01293	0.00784	0.00671	0.00219	0.00793	0.10408	0.00344	0.00748
4	0.01326	0.01295	0.02291	0.40587	0.22080	0.01444	0.11691	0.01728	0.01333	0.01794	0.01260	0.04995	0.01052	0.00680	0.00713	0.00210	0.03769	0.00645	0.00309	0.00796
5	0.00780	0.00555	0.00734	0.00874	0.00909	0.00520	0.00579	0.00885	0.01201	0.01601	0.03426	0.73838	0.04107	0.05562	0.00924	0.00275	0.00380	0.01762	0.00579	0.00509
6	0.01472	0.01407	0.02398	0.22915	0.55492	0.01482	0.01898	0.01861	0.01398	0.01954	0.01176	0.01602	0.00963	0.00583	0.00630	0.00194	0.00778	0.00565	0.00306	0.00926
7	0.02426	0.01032	0.01436	0.01145	0.01565	0.00915	0.03292	0.04681	0.01752	0.56887	0.04970	0.12937	0.02059	0.00965	0.00670	0.00206	0.00530	0.00823	0.00734	0.00975
8	0.00878	0.00604	0.00734	0.00764	0.00802	0.00585	0.00480	0.00964	0.01167	0.01585	0.16005	0.23905	0.03515	0.42816	0.02107	0.00440	0.00489	0.01202	0.00499	0.00460
9	0.01294	0.03131	0.67629	0.01891	0.02800	0.01486	0.08982	0.02011	0.01355	0.02011	0.01152	0.01375	0.00819	0.00596	0.00617	0.00202	0.00950	0.00496	0.00273	0.00930
10	0.01021	0.00743	0.00914	0.00952	0.01076	0.00735	0.00681	0.11019	0.01534	0.02051	0.09607	0.55598	0.06967	0.01730	0.00778	0.00242	0.00411	0.02732	0.00605	0.00605
11	0.01395	0.14941	0.45889	0.01901	0.02704	0.01672	0.18848	0.01997	0.01369	0.01931	0.01132	0.01377	0.00844	0.00577	0.00607	0.00194	0.00928	0.00516	0.00281	0.00898
12	0.01444	0.01886	0.13651	0.02449	0.03085	0.01572	0.55749	0.01980	0.01448	0.02000	0.01312	0.01829	0.01026	0.00614	0.00797	0.00218	0.04721	0.03050	0.00320	0.00850
13	0.02141	0.01566	0.01698	0.01351	0.01781	0.01719	0.01095	0.59423	0.02681	0.03609	0.01821	0.12364	0.01540	0.00936	0.00654	0.00199	0.00639	0.00748	0.03052	0.00984
14	0.01440	0.01507	0.02910	0.19224	0.20412	0.01564	0.33662	0.01880	0.01392	0.01911	0.01191	0.01647	0.00937	0.00610	0.00799	0.00212	0.06900	0.00648	0.00307	0.00845
15	0.02433	0.01657	0.01819	0.01404	0.01902	0.01801	0.01157	0.58514	0.06217	0.13952	0.01715	0.01655	0.01191	0.00770	0.00636	0.00192	0.00666	0.00588	0.00657	0.01075
16	0.02529	0.01588	0.01787	0.01370	0.01873	0.01687	0.01132	0.53098	0.02667	0.22978	0.01788	0.01695	0.01212	0.00768	0.00636	0.00192	0.00655	0.00589	0.00675	0.01079
17	0.01208	0.01147	0.01960	0.68768	0.04157	0.01414	0.04831	0.01622	0.01264	0.01632	0.01144	0.01708	0.00872	0.00763	0.02858	0.00237	0.02848	0.00575	0.00285	0.00707
18	0.01359	0.01270	0.02115	0.14443	0.49102	0.01303	0.01653	0.01694	0.01385	0.01921	0.01768	0.12619	0.04976	0.00830	0.00661	0.00203	0.00692	0.00780	0.00362	0.00866
19	0.02370	0.01247	0.06085	0.01151	0.01608	0.03470	0.00990	0.04715	0.03844	0.51611	0.13601	0.02469	0.02193	0.00852	0.00651	0.00196	0.00551	0.00701	0.00714	0.00980
20	0.01361	0.02008	0.22397	0.05565	0.03004	0.01467	0.43681	0.01909	0.01420	0.01972	0.01428	0.08102	0.01192	0.00682	0.00710	0.00214	0.00964	0.00756	0.00328	0.00842
21	0.01133	0.00964	0.03412	0.00919	0.01150	0.04086	0.00724	0.07079	0.04840	0.04252	0.15102	0.15964	0.27341	0.04344	0.00820	0.00230	0.00448	0.03491	0.03057	0.00645
22	0.12454	0.05945	0.04487	0.19058	0.27524	0.04498	0.07400	0.03561	0.05407	0.02093	0.01202	0.01524	0.00952	0.00606	0.00593	0.00195	0.00767	0.00537	0.00341	0.00860
23	0.01436	0.01374	0.02320	0.28188	0.47121	0.01494	0.01860	0.01818	0.01364	0.01896	0.01155	0.01603	0.00943	0.00613	0.00695	0.00200	0.04164	0.00564	0.00302	0.00890
24	0.01309	0.05917	0.65170	0.01862	0.02757	0.01524	0.08753	0.02007	0.01352	0.01992	0.01142	0.01362	0.00819	0.00594	0.00609	0.00200	0.00940	0.00490	0.00273	0.00925
25	0.04458	0.01427	0.02442	0.20945	0.26069	0.01520	0.17706	0.02078	0.11548	0.02053	0.01378	0.01723	0.01074	0.00628	0.00678	0.00206	0.02210	0.00620	0.00357	0.00879
26	0.02268	0.01469	0.01633	0.01343	0.03253	0.04987	0.01054	0.36983	0.05706	0.20157	0.01716	0.01757	0.01228	0.00969	0.00896	0.11804	0.00652	0.00583	0.00598	0.00943
27	0.00816	0.00588	0.00782	0.00922	0.00987	0.00554	0.00660	0.00961	0.01269	0.01673	0.03615	0.61403	0.07484	0.01927	0.00819	0.00262	0.00404	0.13756	0.00588	0.00528
28	0.01447	0.12294	0.02408	0.23567	0.40797	0.01580	0.01707	0.01803	0.01373	0.01847	0.01364	0.01727	0.04165	0.00628	0.00604	0.00188	0.00749	0.00567	0.00311	0.00873
29	0.02272	0.01577	0.01831	0.12076	0.02253	0.01736	0.01242	0.50292	0.04680	0.13129	0.01631	0.01659	0.01138	0.00750	0.00635	0.00195	0.00692	0.00584	0.00605	0.01023
30	0.00923	0.00740	0.01167	0.01106	0.01225	0.00704	0.10673	0.01076	0.01196	0.01598	0.02816	0.45897	0.03258	0.19889	0.01383	0.00338	0.00537	0.04436	0.00501	0.00536
31	0.04266	0.01639	0.16556	0.01310	0.01894	0.01207	0.01258	0.12872	0.01872	0.47415	0.02041	0.01871	0.01320	0.00740	0.00625	0.00196	0.00644	0.00587	0.00648	0.01041
32	0.04382	0.07842	0.02296	0.16780	0.39765	0.05289	0.01649	0.04605	0.03292	0.06317	0.01259	0.01561	0.00999	0.00610	0.00601	0.00189	0.00755	0.00539	0.00356	0.00915
33	0.02493	0.01647	0.01823	0.01398	0.01902	0.01774	0.01155	0.58816	0.02765	0.17122	0.01706	0.01642	0.01171	0.00766	0.00635	0.00191	0.00668	0.00584	0.00663	0.01079
34	0.01071	0.00649	0.00869	0.00917	0.01040	0.00613	0.00656	0.01220	0.01286	0.11439	0.03335	0.50854	0.08898	0.02190	0.11399	0.00355	0.00578	0.01449	0.00580	0.00601
35	0.01928	0.01751	0.01669	0.01507	0.04974	0.13767	0.01136	0.21214	0.39418	0.02802	0.01978	0.01908	0.01485	0.00787	0.00630	0.00199	0.00670	0.00621	0.00576	0.00980
36	0.13028	0.01012	0.01148	0.00974	0.01284	0.01023	0.00771	0.12955	0.04322	0.11654	0.37075	0.03140	0.03531	0.00995	0.00650	0.00193	0.00435	0.00828	0.00639	0.04345
37	0.01055	0.00551	0.00814	0.00835	0.00840	0.00546	0.00556	0.00835	0.00882	0.01176	0.01444	0.12686	0.01544	0.02173	0.02241	0.69940	0.00525	0.00730	0.00320	0.00310
38	0.00773	0.00552	0.00736	0.00883	0.00920	0.00515	0.00589	0.00883	0.01215	0.01619	0.03497	0.77291	0.04196	0.01987	0.00810	0.00258	0.00368	0.01803	0.00589	0.00515
39	0.02375	0.02855	0.01812	0.01611	0.01962	0.65240	0.01223	0.11897	0.01958	0.01884	0.01054	0.01195	0.00853	0.00668	0.00580	0.00167	0.01084	0.00431	0.00369	0.00782
40	0.00937	0.00680	0.00882	0.11508	0.01267	0.00718	0.00626	0.01022	0.01022	0.01356	0.02106	0.15521	0.02380	0.52318	0.04640	0.00512	0.00641	0.01006	0.00401	0.00457
41	0.00770	0.00565	0.00723	0.00849	0.00911	0.00518	0.00574	0.00887	0.01248	0.01633	0.03915	0.67130	0.14087	0.01933	0.00801	0.00251	0.00361	0.01737	0.00589	0.00518
42	0.00852	0.00588	0.00722	0.00791	0.00812	0.00574	0.00492	0.00911	0.01062	0.01419	0.02689	0.38241	0.03167	0.40168	0.04264	0.00460	0.00532	0.01326	0.00479	0.00451
43	0.01345	0.02250	0.35182	0.18808	0.18864	0.01480	0.09277	0.01912	0.01363	0.01940	0.01163	0.01507	0.00874	0.00594	0.00630	0.00202	0.00890	0.00540	0.00287	0.00892
44	0.02104	0.15433	0.02343	0.01682	0.02090	0.46577	0.11229	0.05699	0.01702	0.01730	0.01029	0.01229	0.00851	0.00637	0.00618	0.00171	0.03307	0.00458	0.00330	0.00781
45	0.01315	0.01128	0.01315	0.00940	0.01503	0.00846	0.00752	0.01597	0.01315	0.02067	0.01128	0.01315	0.00940	0.00470	0.00470	0.00094	0.00470	0.00376	0.00376	0.81583
46	0.03277	0.04229	0.08988	0.14033	0.09734	0.07455	0.01415	0.19344	0.01847	0.08728	0.02919	0.02397	0.01464	0.00838	0.00650	0.00206	0.00747	0.10386	0.00472	0.00872
47	0.02348	0.12643	0.02032	0.01368	0.01865	0.06376	0.01149	0.46719	0.03982	0.12974	0.01554	0.01532	0.01110	0.00729	0.00599	0.00182	0.00697	0.00540	0.00585	0.01019
48	0.01202	0.00668	0.00695	0.00641	0.00848	0.00628	0.00487	0.01495	0.01328	0.02323	0.01935	0.02215	0.01528	0.00701	0.00447	0.00140	0.00321	0.00561	0.69686	0.12153
49	0.70793	0.01483	0.01056	0.00948	0.01332	0.11949	0.00764	0.01960	0.01182	0.02662	0.00897	0.01047	0.00706	0.00598	0.00418	0.00192	0.00584	0.00353	0.00383	0.00694
50	0.01412	0.00663	0.00724	0.00674	0.00871	0.00640	0.00518	0.01700	0.01413	0.12623	0.04175	0.02404	0.01743	0.00762	0.00480	0.00156	0.00331	0.00614	0.67437	0.00661
51	0.04555	0.32348	0.06548	0.01768	0.15219	0.06643	0.01337	0.08880	0.03055	0.06195	0.01151	0.01323	0.00941	0.00647	0.00646	0.00175	0.06865	0.00459	0.00361	0.00883
52	0.01037	0.03454	0.01104	0.00974	0.03248	0.00794	0.00709	0.01249	0.01392	0.01961	0.21208	0.17430	0.10467	0.04534	0.02650	0.01566	0.03834	0.00998	0.00512	0.20878
53	0.05329	0.06164	0.03139	0.01183	0.02788	0.01276	0.00963	0.19037	0.06155	0.12515	0.02171	0.04153	0.04906	0.09502	0.00927	0.00245	0.00592	0.10475	0.00547	0.07934
54	0.04481	0.05350	0.20550	0.06641	0.07101	0.02497	0.01398	0.10962	0.01690	0.16929	0.07321	0.02258	0.08479	0.00807	0.00626	0.00196	0.00675	0.00653	0.00493	0.00891
55	0.07807	0.05866	0.01338	0.05660	0.01515	0.04966	0.00867	0.09680	0.06363	0.13852	0.02552	0.05316	0.13038	0.07929	0.01011	0.06614	0.00579	0.03792	0.00520	0.00735
56	0.24605	0.11445	0.07244	0.03399	0.11933	0.01507	0.01146	0.05237	0.08819	0.10283	0.02652	0.01611	0.01162	0.03253	0.00619	0.00201	0.00612	0.00506	0.00438	0.03328
57	0.18912	0.14208	0.01810	0.01218	0.01597	0.03794	0.02785	0.12241	0.05790	0.09738	0.04858	0.03173	0.01306	0.00777	0.00756	0.00194	0.11436	0.00542	0.00461	0.04402

[dist]
# distance from previous block
# <min> <max>
12	44

[block]
# block no. 4 follows, 35 sequences, length 11
# corresponding to MSA columns:
# 353-363
name=unknown_E
#
# <colnr> <probs for GDERKNQSTAVLIFYWHMCP>
#	G	D	E	R	K	N	Q	S	T	A	V	L	I	F	Y	W	H	M	C	P
0	0.14866	0.05336	0.01568	0.01236	0.01631	0.01593	0.01027	0.36294	0.07322	0.03119	0.01848	0.06074	0.01614	0.00938	0.00625	0.00208	0.00607	0.10884	0.02327	0.00884
1	0.01228	0.01029	0.01218	0.00916	0.01393	0.00793	0.00721	0.01504	0.01382	0.02117	0.12033	0.05396	0.01846	0.00665	0.00527	0.00117	0.00440	0.00558	0.00434	0.65681
2	0.01543	0.01489	0.02481	0.03561	0.62984	0.01572	0.01863	0.01884	0.01374	0.01991	0.01139	0.01543	0.00979	0.00647	0.00845	0.00202	0.12071	0.00564	0.00309	0.00958
3	0.01265	0.01237	0.02217	0.60935	0.08310	0.01444	0.12178	0.01702	0.01313	0.01709	0.01155	0.01687	0.00873	0.00615	0.00651	0.00210	0.00874	0.00591	0.00290	0.00745
4	0.01542	0.01645	0.02494	0.14606	0.02774	0.12467	0.29581	0.05978	0.01519	0.01927	0.01433	0.08337	0.01269	0.00786	0.00805	0.00213	0.06998	0.02478	0.00362	0.02789
5	0.01227	0.01134	0.01912	0.65885	0.10562	0.01377	0.01720	0.01612	0.01263	0.01637	0.01132	0.01692	0.00873	0.00704	0.00723	0.04164	0.00823	0.00563	0.00285	0.00711
6	0.12320	0.24749	0.10598	0.01918	0.18715	0.04872	0.03846	0.02047	0.05540	0.03881	0.01143	0.01346	0.00934	0.00623	0.00613	0.00182	0.05004	0.00467	0.00337	0.00866
7	0.07695	0.01032	0.04686	0.06030	0.03359	0.00978	0.00887	0.09473	0.05786	0.03876	0.03078	0.24145	0.15441	0.01272	0.00680	0.00219	0.00492	0.03701	0.06475	0.00695
8	0.19899	0.07701	0.03338	0.04526	0.01451	0.01215	0.02138	0.11912	0.01491	0.02294	0.02393	0.14735	0.12361	0.01117	0.00703	0.04610	0.00528	0.02474	0.04426	0.00687
9	0.01539	0.04783	0.04964	0.05052	0.01519	0.04011	0.00940	0.21464	0.01587	0.02087	0.01419	0.07351	0.01312	0.04006	0.01490	0.34154	0.00645	0.00643	0.00408	0.00626
10	0.05467	0.04269	0.01791	0.23204	0.17183	0.08042	0.03013	0.04884	0.01466	0.04087	0.03903	0.01921	0.03486	0.00812	0.02781	0.00212	0.00735	0.00588	0.11379	0.00775

[dist]
# distance from previous block
# <min> <max>
7	16

[block]
# block no. 5 follows, 35 sequences, length 100
# corresponding to MSA columns:
# 392-396,398-438,466-519
name=unknown_F
#
# <colnr> <probs for GDERKNQSTAVLIFYWHMCP>
#	G	D	E	R	K	N	Q	S	T	A	V	L	I	F	Y	W	H	M	C	P
0	0.01805	0.04773	0.04165	0.01280	0.01700	0.01595	0.01066	0.32318	0.19092	0.03015	0.08899	0.02173	0.03342	0.03122	0.00750	0.00204	0.02917	0.00662	0.00578	0.06542
1	0.23168	0.15698	0.03799	0.01212	0.03910	0.08306	0.00997	0.16363	0.01636	0.02485	0.01288	0.01463	0.03277	0.02940	0.00582	0.00181	0.00644	0.00461	0.00413	0.11178
2	0.08033	0.01627	0.01712	0.01537	0.07584	0.08837	0.01147	0.36399	0.04197	0.12780	0.01699	0.04919	0.01326	0.00894	0.02201	0.00213	0.00709	0.02656	0.00572	0.00959
3	0.01357	0.08718	0.01739	0.08484	0.17686	0.03246	0.01249	0.07355	0.01533	0.02005	0.04384	0.03790	0.07339	0.04375	0.00839	0.00240	0.02306	0.22156	0.00452	0.00747
4	0.00990	0.00756	0.03338	0.00917	0.01024	0.00727	0.00684	0.01147	0.01136	0.04094	0.08524	0.13010	0.02615	0.29370	0.23667	0.00602	0.02535	0.03889	0.00442	0.00532
5	0.06495	0.03421	0.03678	0.01340	0.01766	0.01658	0.01128	0.40907	0.02304	0.13708	0.06533	0.03450	0.01498	0.00844	0.00770	0.00201	0.08117	0.00625	0.00593	0.00964
6	0.09244	0.01286	0.01538	0.08596	0.06730	0.04721	0.02605	0.11918	0.10918	0.13053	0.06737	0.09201	0.04890	0.00931	0.00717	0.00209	0.04565	0.00760	0.00538	0.00843
7	0.00773	0.00552	0.00736	0.00883	0.00920	0.00515	0.00589	0.00883	0.01215	0.01619	0.03497	0.77291	0.04196	0.01987	0.00810	0.00258	0.00368	0.01803	0.00589	0.00515
8	0.01408	0.01498	0.09386	0.35963	0.21018	0.01435	0.09766	0.03612	0.01391	0.03989	0.01212	0.01646	0.00930	0.00661	0.00702	0.02827	0.00835	0.00578	0.00317	0.00826
9	0.03201	0.20423	0.14341	0.01481	0.08025	0.05509	0.01280	0.07755	0.08614	0.07964	0.10747	0.03212	0.01762	0.00756	0.00580	0.00182	0.00661	0.00599	0.02039	0.00869
10	0.02266	0.01685	0.01819	0.01395	0.01897	0.01823	0.01147	0.63094	0.02777	0.03753	0.01530	0.03249	0.01137	0.00761	0.00622	0.00182	0.00668	0.00580	0.00608	0.09007
11	0.00773	0.00552	0.00736	0.00883	0.00920	0.00515	0.00589	0.00883	0.01215	0.01619	0.03497	0.77291	0.04196	0.01987	0.00810	0.00258	0.00368	0.01803	0.00589	0.00515
12	0.01495	0.01686	0.07675	0.20290	0.26840	0.10742	0.10108	0.01893	0.01447	0.01871	0.01380	0.02120	0.01195	0.00714	0.00661	0.00205	0.00859	0.07651	0.00333	0.00833
13	0.01502	0.36240	0.29431	0.01528	0.02194	0.01943	0.08485	0.03864	0.01365	0.01812	0.01118	0.03721	0.00943	0.00633	0.00577	0.00177	0.02826	0.00488	0.00296	0.00858
14	0.00857	0.00644	0.00793	0.00762	0.00924	0.00580	0.00569	0.01115	0.01690	0.02307	0.54424	0.07450	0.22761	0.01397	0.00751	0.00205	0.00307	0.01216	0.00668	0.00580
15	0.01183	0.00591	0.00591	0.00591	0.00739	0.00591	0.00443	0.01478	0.01330	0.02365	0.02069	0.02365	0.01626	0.00739	0.00443	0.00148	0.00296	0.00591	0.81227	0.00591
16	0.02412	0.01777	0.01904	0.01460	0.01967	0.01967	0.01206	0.71633	0.02983	0.03998	0.01523	0.01523	0.01079	0.00762	0.00635	0.00190	0.00698	0.00571	0.00635	0.01079
17	0.00856	0.00588	0.00716	0.00779	0.00799	0.00571	0.00480	0.00913	0.01074	0.01437	0.04563	0.36381	0.03237	0.42318	0.02097	0.00447	0.00498	0.01317	0.00483	0.00448
18	0.03702	0.49237	0.15841	0.01219	0.01800	0.02096	0.01274	0.08733	0.01482	0.01911	0.03509	0.01461	0.04113	0.00646	0.00490	0.00160	0.00695	0.00454	0.00337	0.00841
19	0.01654	0.70708	0.10337	0.01157	0.01738	0.02408	0.01210	0.01910	0.01294	0.01543	0.00907	0.01049	0.00813	0.00549	0.00426	0.00142	0.00704	0.00352	0.00271	0.00826
20	0.00810	0.00580	0.00775	0.00897	0.00958	0.00545	0.00628	0.00961	0.01310	0.01762	0.12455	0.61932	0.04378	0.01879	0.00808	0.00253	0.00378	0.07558	0.00603	0.00532
21	0.01548	0.01559	0.04545	0.05240	0.50053	0.05465	0.01697	0.02124	0.11884	0.02096	0.01628	0.02002	0.03581	0.00692	0.00640	0.00196	0.00727	0.02995	0.00379	0.00949
22	0.01339	0.02152	0.29409	0.09459	0.03010	0.01478	0.32581	0.01905	0.01403	0.01972	0.03601	0.04131	0.01157	0.00657	0.00721	0.00212	0.02981	0.00669	0.00317	0.00847
23	0.01198	0.01128	0.01903	0.76180	0.04369	0.01409	0.01762	0.01621	0.01268	0.01621	0.01128	0.01691	0.00846	0.00634	0.00634	0.00211	0.00846	0.00564	0.00282	0.00705
24	0.00998	0.00713	0.00994	0.01140	0.01275	0.00709	0.00980	0.01272	0.01436	0.01871	0.03372	0.14074	0.03705	0.01776	0.00870	0.00289	0.00563	0.62802	0.00585	0.00577
25	0.12771	0.04110	0.10721	0.23656	0.02695	0.01503	0.08542	0.16211	0.01625	0.02370	0.01418	0.08958	0.01208	0.00771	0.00618	0.00206	0.00747	0.00657	0.00403	0.00809
26	0.05284	0.00989	0.03536	0.01228	0.07961	0.00903	0.00862	0.03981	0.01430	0.10733	0.12913	0.14111	0.06175	0.13095	0.01118	0.00267	0.03150	0.03073	0.00521	0.08669
27	0.01002	0.00817	0.01190	0.01135	0.01222	0.01013	0.00896	0.01203	0.01007	0.01475	0.01539	0.02333	0.01463	0.06574	0.58304	0.00859	0.16390	0.00664	0.00329	0.00585
28	0.00831	0.00598	0.00786	0.00911	0.00981	0.00565	0.00655	0.00979	0.01278	0.01687	0.05764	0.53548	0.08179	0.05853	0.00943	0.00278	0.00417	0.14639	0.00581	0.00525
29	0.02242	0.02019	0.09032	0.03152	0.02086	0.08978	0.01326	0.54389	0.04856	0.03471	0.01457	0.01499	0.01048	0.00736	0.00626	0.00190	0.00762	0.00550	0.00561	0.01021
30	0.01147	0.01143	0.08457	0.06181	0.06090	0.00978	0.03120	0.07338	0.06099	0.01984	0.02596	0.37270	0.04510	0.03814	0.00803	0.00239	0.00554	0.03010	0.00504	0.04162
31	0.31724	0.08727	0.11034	0.01350	0.06335	0.04162	0.01155	0.11998	0.03114	0.12997	0.01301	0.01370	0.00949	0.00646	0.00518	0.00189	0.00643	0.00459	0.00454	0.00873
32	0.09608	0.01634	0.01732	0.03662	0.08936	0.09295	0.01168	0.31582	0.05295	0.15921	0.01738	0.01740	0.03347	0.00746	0.00610	0.00191	0.00687	0.00574	0.00565	0.00969
33	0.01175	0.00626	0.00677	0.05368	0.00967	0.00644	0.00525	0.01470	0.01314	0.02282	0.02008	0.02379	0.01598	0.03151	0.00543	0.00167	0.00340	0.00600	0.73575	0.00592
34	0.01552	0.13972	0.11763	0.05303	0.38765	0.06924	0.04000	0.01930	0.01428	0.01901	0.01348	0.01746	0.03171	0.00644	0.00601	0.00186	0.00789	0.02757	0.00318	0.00904
35	0.01311	0.10337	0.58939	0.09091	0.02808	0.01571	0.03522	0.01961	0.01331	0.01921	0.01115	0.01350	0.00812	0.00599	0.00590	0.00196	0.00906	0.00471	0.00271	0.00901
36	0.00848	0.00671	0.00767	0.00738	0.00928	0.00602	0.00555	0.01132	0.04135	0.02135	0.37608	0.05334	0.39390	0.01435	0.00745	0.00207	0.00317	0.01227	0.00642	0.00582
37	0.00853	0.00596	0.00702	0.00754	0.00788	0.00572	0.00465	0.00908	0.01076	0.01414	0.02959	0.29904	0.09988	0.43738	0.02139	0.00451	0.00500	0.01271	0.00476	0.00445
38	0.01521	0.24003	0.05720	0.01288	0.04585	0.03207	0.03193	0.13658	0.06104	0.02266	0.15337	0.09690	0.02322	0.03576	0.00698	0.00200	0.00604	0.00754	0.00478	0.00799
39	0.01234	0.00915	0.01203	0.01110	0.01359	0.00921	0.04513	0.04048	0.14429	0.06500	0.25788	0.04665	0.10062	0.01280	0.00754	0.00229	0.00481	0.19160	0.00632	0.00719
40	0.00995	0.00722	0.00985	0.01116	0.01269	0.00711	0.00969	0.01275	0.01459	0.01880	0.03661	0.07052	0.10540	0.01738	0.00864	0.00284	0.00558	0.62756	0.00585	0.00579
41	0.01782	0.01408	0.01437	0.01232	0.01590	0.05319	0.00970	0.21181	0.34142	0.05361	0.02244	0.02245	0.03942	0.03060	0.02916	0.00233	0.00601	0.00671	0.08737	0.00926
42	0.01412	0.01531	0.03071	0.19805	0.03343	0.01604	0.45737	0.01868	0.01373	0.01868	0.01187	0.01663	0.00918	0.00635	0.00900	0.00222	0.11079	0.00679	0.00306	0.00799
43	0.00859	0.00643	0.00796	0.00767	0.00926	0.00581	0.00572	0.01118	0.01691	0.02315	0.55122	0.08254	0.21226	0.01398	0.00751	0.00205	0.00307	0.01220	0.00669	0.00581
44	0.01856	0.01014	0.01197	0.01024	0.01355	0.01024	0.00809	0.05227	0.20762	0.26690	0.09749	0.04705	0.02195	0.00882	0.00613	0.00192	0.00452	0.00733	0.18636	0.00884
45	0.01570	0.01507	0.02575	0.03894	0.73748	0.01507	0.01947	0.01947	0.01444	0.02073	0.01193	0.01570	0.01005	0.00565	0.00628	0.00188	0.00754	0.00565	0.00314	0.01005
46	0.02165	0.02408	0.01672	0.01495	0.01827	0.50041	0.01141	0.07880	0.09728	0.05652	0.01352	0.01496	0.01078	0.01097	0.07949	0.00257	0.01061	0.00494	0.00412	0.00793
47	0.00750	0.00643	0.00643	0.00643	0.00857	0.00536	0.00482	0.00910	0.01446	0.01714	0.06427	0.06105	0.73490	0.01607	0.00750	0.00214	0.00321	0.01339	0.00589	0.00536
48	0.01696	0.78087	0.03324	0.01085	0.01628	0.02510	0.01085	0.01900	0.01289	0.01493	0.00882	0.01018	0.00814	0.00543	0.00407	0.00136	0.00678	0.00339	0.00271	0.00814
49	0.04111	0.20596	0.52884	0.01602	0.02408	0.04302	0.01957	0.01997	0.01335	0.01901	0.01065	0.01247	0.00803	0.00590	0.00549	0.00184	0.00870	0.00432	0.00275	0.00893
50	0.76907	0.01242	0.00996	0.03289	0.01353	0.01441	0.00739	0.04186	0.01149	0.02845	0.00913	0.01068	0.00705	0.00596	0.00408	0.00197	0.00509	0.00358	0.00397	0.00701
51	0.01198	0.01128	0.01903	0.76180	0.04369	0.01409	0.01762	0.01621	0.01268	0.01621	0.01128	0.01691	0.00846	0.00634	0.00634	0.00211	0.00846	0.00564	0.00282	0.00705
52	0.00771	0.00561	0.00727	0.00859	0.00914	0.00517	0.00578	0.00886	0.01238	0.01629	0.03796	0.70024	0.11270	0.01949	0.00804	0.00253	0.00363	0.01756	0.00589	0.00517
53	0.01615	0.01634	0.02460	0.10754	0.57418	0.09208	0.03801	0.01979	0.01466	0.01972	0.01167	0.01541	0.00968	0.00580	0.00626	0.00189	0.00812	0.00554	0.00312	0.00943
54	0.01015	0.00725	0.01014	0.01160	0.01302	0.00724	0.01009	0.01301	0.01453	0.01890	0.03363	0.09305	0.03668	0.01760	0.00874	0.00291	0.00578	0.67404	0.00584	0.00582
55	0.01516	0.01452	0.02478	0.14365	0.63698	0.01493	0.01920	0.01900	0.01419	0.02007	0.01184	0.01588	0.00982	0.00575	0.00629	0.00192	0.00767	0.00565	0.00309	0.00961
56	0.02289	0.06018	0.04151	0.01148	0.01658	0.01163	0.00982	0.10678	0.03886	0.41335	0.04308	0.01922	0.01479	0.00722	0.00595	0.00174	0.00559	0.00577	0.00636	0.15721
57	0.01611	0.05000	0.02139	0.01717	0.01884	0.15119	0.08479	0.03971	0.01252	0.01658	0.00948	0.01389	0.00867	0.01013	0.03148	0.00258	0.47970	0.00542	0.00303	0.00732
58	0.01183	0.00591	0.00591	0.00591	0.00739	0.00591	0.00443	0.01478	0.01330	0.02365	0.02069	0.02365	0.01626	0.00739	0.00443	0.00148	0.00296	0.00591	0.81227	0.00591
59	0.01261	0.01067	0.01256	0.00924	0.01435	0.00813	0.00733	0.01541	0.01360	0.02104	0.08314	0.03460	0.01515	0.00587	0.00505	0.00108	0.00451	0.00486	0.00413	0.71667
60	0.00796	0.00622	0.00726	0.00776	0.00922	0.00552	0.00570	0.00969	0.01421	0.01805	0.13901	0.27820	0.38364	0.01694	0.00777	0.00231	0.00352	0.06555	0.00603	0.00541
61	0.00934	0.00651	0.00847	0.00810	0.00960	0.00597	0.00603	0.01208	0.01727	0.04392	0.62190	0.11873	0.08084	0.01362	0.00751	0.00206	0.00313	0.01205	0.00686	0.00601
62	0.01658	0.01403	0.01480	0.01307	0.01680	0.01615	0.01024	0.09951	0.65891	0.02783	0.02480	0.02286	0.01854	0.00851	0.00644	0.00213	0.00521	0.00703	0.00644	0.01011
63	0.01696	0.78087	0.03324	0.01085	0.01628	0.02510	0.01085	0.01900	0.01289	0.01493	0.00882	0.01018	0.00814	0.00543	0.00407	0.00136	0.00678	0.00339	0.00271	0.00814
64	0.00871	0.00618	0.00792	0.00801	0.00896	0.00580	0.00559	0.01070	0.01496	0.02081	0.43252	0.23012	0.04891	0.14795	0.01196	0.00287	0.00372	0.01274	0.00616	0.00540
65	0.55278	0.01187	0.01197	0.15465	0.01891	0.01351	0.00930	0.01991	0.01220	0.12704	0.01160	0.01318	0.00843	0.00625	0.00474	0.00199	0.00566	0.00428	0.00427	0.00746
66	0.00879	0.00627	0.00851	0.00988	0.01071	0.00605	0.00755	0.01064	0.01321	0.01747	0.05483	0.45487	0.03984	0.03893	0.00899	0.00279	0.00458	0.28483	0.00585	0.00541
67	0.01480	0.01416	0.02413	0.21356	0.56988	0.01484	0.01902	0.01868	0.01402	0.01963	0.01177	0.01599	0.00966	0.00582	0.00630	0.00194	0.00776	0.00565	0.00306	0.00932
68	0.01370	0.11815	0.54565	0.01796	0.06719	0.01608	0.02040	0.02127	0.08369	0.02015	0.01254	0.01416	0.00929	0.00619	0.00585	0.00194	0.00853	0.00484	0.00308	0.00934
69	0.01659	0.01638	0.02463	0.05728	0.62889	0.07961	0.01852	0.04462	0.01525	0.02082	0.01184	0.01535	0.00986	0.00582	0.00624	0.00187	0.00789	0.00552	0.00326	0.00975
70	0.02798	0.01069	0.01457	0.01121	0.01603	0.00924	0.00924	0.03045	0.01815	0.72424	0.04248	0.02223	0.01679	0.00798	0.00641	0.00196	0.00534	0.00650	0.00783	0.01068
71	0.01080	0.00893	0.00970	0.00944	0.01174	0.00919	0.00712	0.03307	0.25317	0.02085	0.05950	0.19092	0.30469	0.01411	0.00728	0.00224	0.00406	0.03003	0.00611	0.00703
72	0.01415	0.08929	0.02374	0.39455	0.25170	0.03628	0.06597	0.01802	0.01355	0.01773	0.01130	0.01574	0.00899	0.00598	0.00616	0.00196	0.00825	0.00551	0.00295	0.00819
73	0.01026	0.00714	0.00801	0.00749	0.00982	0.00626	0.00572	0.01282	0.04034	0.09330	0.20810	0.05268	0.48630	0.01428	0.00734	0.00209	0.00345	0.01203	0.00635	0.00621
74	0.00792	0.00560	0.00730	0.00859	0.00891	0.00528	0.00563	0.00888	0.01177	0.01569	0.03304	0.67907	0.03953	0.11702	0.01120	0.00303	0.00400	0.01690	0.00563	0.00498
75	0.00979	0.00704	0.00943	0.01063	0.01185	0.00701	0.00873	0.01248	0.03247	0.01802	0.03320	0.17956	0.05701	0.09254	0.01088	0.00314	0.00542	0.47950	0.00567	0.00563
76	0.01643	0.01051	0.01048	0.00903	0.01173	0.04192	0.00712	0.21583	0.01839	0.05345	0.01882	0.02065	0.01433	0.00743	0.00510	0.00162	0.00455	0.00579	0.51926	0.00754
77	0.00906	0.00680	0.01020	0.01020	0.01133	0.00793	0.00793	0.01133	0.01020	0.01473	0.01699	0.02492	0.01586	0.04758	0.75191	0.01020	0.01699	0.00680	0.00340	0.00566
78	0.02341	0.06241	0.01863	0.01611	0.01947	0.72045	0.01220	0.02506	0.01776	0.01550	0.00976	0.01139	0.00817	0.00649	0.00565	0.00162	0.01124	0.00406	0.00324	0.00739
79	0.01422	0.01239	0.01611	0.01158	0.01726	0.01013	0.08005	0.07262	0.01468	0.02219	0.01175	0.01373	0.00953	0.00500	0.00512	0.00114	0.00549	0.00430	0.00391	0.66881
80	0.01343	0.03297	0.08155	0.01131	0.03912	0.03234	0.00936	0.01867	0.12733	0.11340	0.17968	0.05613	0.21262	0.01144	0.00691	0.00207	0.00492	0.03324	0.00588	0.00762
81	0.01102	0.00551	0.00826	0.00826	0.00826	0.00551	0.00551	0.00826	0.00826	0.01102	0.01102	0.01928	0.01102	0.02204	0.02479	0.81543	0.00551	0.00551	0.00275	0.00275
82	0.00772	0.00555	0.00734	0.00877	0.00918	0.00516	0.00586	0.00884	0.01221	0.01622	0.03575	0.75377	0.06059	0.01977	0.00808	0.00256	0.00367	0.01791	0.00589	0.00516
83	0.01223	0.01173	0.02017	0.69011	0.04208	0.01440	0.06038	0.01643	0.01272	0.01643	0.01127	0.01682	0.00852	0.00645	0.00693	0.00214	0.03546	0.00575	0.00284	0.00714
84	0.00760	0.00625	0.00669	0.00696	0.00873	0.00534	0.00507	0.00915	0.01412	0.01724	0.08166	0.20347	0.57236	0.01672	0.00762	0.00222	0.00330	0.01425	0.00593	0.00534
85	0.82186	0.01227	0.00932	0.00834	0.01227	0.01423	0.00687	0.01865	0.01080	0.02846	0.00883	0.01031	0.00687	0.00589	0.00393	0.00196	0.00491	0.00344	0.00393	0.00687
86	0.00773	0.00552	0.00736	0.00883	0.00920	0.00515	0.00589	0.00883	0.01215	0.01619	0.03497	0.77291	0.04196	0.01987	0.00810	0.00258	0.00368	0.01803	0.00589	0.00515
87	0.01255	0.00951	0.01367	0.01242	0.01355	0.01183	0.01002	0.01455	0.01082	0.08663	0.01495	0.02098	0.01338	0.03171	0.43893	0.00695	0.26098	0.00635	0.00363	0.00659
88	0.00793	0.00647	0.00703	0.00696	0.00893	0.00557	0.00527	0.00990	0.01528	0.01913	0.21927	0.05821	0.55514	0.01539	0.00753	0.00213	0.00325	0.03495	0.00614	0.00552
89	0.00816	0.00635	0.00741	0.00735	0.00903	0.00560	0.00543	0.01030	0.01570	0.02058	0.34714	0.13292	0.37098	0.01516	0.00756	0.00213	0.00317	0.01308	0.00636	0.00560
90	0.00868	0.00592	0.00708	0.00761	0.00775	0.00579	0.00459	0.00908	0.01028	0.01371	0.02542	0.30666	0.02991	0.50256	0.02352	0.00485	0.00525	0.01242	0.00459	0.00432
91	0.79819	0.01222	0.00949	0.00843	0.01239	0.01408	0.00694	0.01901	0.01102	0.04975	0.00932	0.01064	0.00713	0.00595	0.00400	0.00196	0.00492	0.00352	0.00404	0.00699
92	0.71636	0.01235	0.01002	0.00865	0.01278	0.01384	0.00710	0.04088	0.01164	0.02807	0.00928	0.01075	0.00725	0.00583	0.00408	0.00186	0.00495	0.00354	0.00399	0.08680
93	0.01561	0.63037	0.10103	0.01113	0.01663	0.02213	0.01151	0.01813	0.01309	0.01566	0.01454	0.01551	0.07982	0.00654	0.00460	0.00150	0.00669	0.00451	0.00302	0.00799
94	0.02306	0.01597	0.01737	0.01356	0.01827	0.01743	0.01112	0.54725	0.08407	0.10705	0.01742	0.01710	0.01233	0.00770	0.00623	0.00190	0.00640	0.00591	0.05944	0.01041
95	0.00814	0.00569	0.00726	0.00833	0.00868	0.00537	0.00542	0.00890	0.01152	0.01527	0.03237	0.56911	0.06678	0.17177	0.01351	0.03184	0.00422	0.01563	0.00537	0.00481
96	0.00947	0.00685	0.00856	0.00921	0.01019	0.00668	0.00643	0.07890	0.01439	0.01926	0.09168	0.59778	0.06432	0.03374	0.00836	0.00252	0.00398	0.01593	0.00598	0.00576
97	0.01662	0.08909	0.01910	0.01320	0.01790	0.01419	0.09966	0.24325	0.01866	0.02596	0.01579	0.10330	0.01392	0.00772	0.00591	0.00167	0.00620	0.00662	0.04802	0.23323
98	0.07209	0.12994	0.02049	0.01757	0.11244	0.36336	0.01249	0.11351	0.06376	0.02084	0.01163	0.01303	0.00940	0.00650	0.00558	0.00172	0.00886	0.00456	0.00382	0.00841
99	0.28585	0.04358	0.18477	0.05784	0.02040	0.08770	0.04304	0.10878	0.01533	0.03897	0.03442	0.01392	0.00996	0.00644	0.00538	0.00191	0.00732	0.00471	0.00392	0.02578

[dist]
# distance from previous block
# <min> <max>
0	8

[block]
# block no. 6 follows, 35 sequences, length 26
# corresponding to MSA columns:
# 529-554
name=unknown_G
#
# <colnr> <probs for GDERKNQSTAVLIFYWHMCP>
#	G	D	E	R	K	N	Q	S	T	A	V	L	I	F	Y	W	H	M	C	P
0	0.01588	0.45625	0.18832	0.01268	0.01846	0.02026	0.01332	0.09282	0.01474	0.01888	0.01263	0.08580	0.01170	0.00720	0.00514	0.00168	0.00708	0.00536	0.00340	0.00841
1	0.12629	0.05181	0.08167	0.07133	0.01716	0.03272	0.05207	0.04008	0.01537	0.07401	0.26353	0.02822	0.02790	0.02402	0.00773	0.04028	0.00576	0.02790	0.00502	0.00712
2	0.01807	0.08164	0.13883	0.02224	0.22328	0.28390	0.01583	0.04151	0.01552	0.01836	0.01107	0.01375	0.00915	0.00841	0.04459	0.00223	0.03514	0.00481	0.00317	0.00850
3	0.01985	0.01715	0.01945	0.11332	0.06575	0.09837	0.04686	0.36467	0.05304	0.02897	0.01390	0.01566	0.01047	0.00830	0.02896	0.00215	0.03191	0.00560	0.00488	0.05074
4	0.01527	0.46691	0.22942	0.01320	0.01905	0.02084	0.01437	0.01877	0.01275	0.01678	0.01001	0.01201	0.00848	0.00621	0.00618	0.00168	0.07760	0.00406	0.03813	0.00828
5	0.01479	0.04283	0.09004	0.02623	0.20364	0.01552	0.34922	0.01931	0.01412	0.01992	0.01191	0.01564	0.00944	0.00580	0.00758	0.00197	0.05907	0.00619	0.00315	0.08363
6	0.01357	0.18146	0.60291	0.01665	0.02524	0.01679	0.02094	0.01987	0.01329	0.01906	0.01087	0.01275	0.00806	0.00591	0.00564	0.00188	0.00886	0.00443	0.00269	0.00913
7	0.01184	0.05005	0.01167	0.01084	0.04878	0.03808	0.00794	0.01575	0.09069	0.05829	0.19493	0.06729	0.19840	0.05172	0.04225	0.00268	0.00527	0.08111	0.00567	0.00674
8	0.01869	0.01194	0.04569	0.03672	0.01638	0.01127	0.00999	0.10437	0.10655	0.26556	0.06161	0.13568	0.03785	0.01024	0.00738	0.00209	0.04266	0.02114	0.00623	0.04798
9	0.00918	0.00613	0.00693	0.00698	0.00700	0.00612	0.00391	0.00921	0.00932	0.01243	0.02049	0.06588	0.02369	0.75183	0.03148	0.00603	0.00607	0.00952	0.00391	0.00389
10	0.00773	0.00552	0.00736	0.00883	0.00920	0.00515	0.00589	0.00883	0.01215	0.01619	0.03497	0.77291	0.04196	0.01987	0.00810	0.00258	0.00368	0.01803	0.00589	0.00515
11	0.01492	0.01620	0.09137	0.13549	0.57721	0.01491	0.01958	0.01908	0.01411	0.02005	0.01179	0.01565	0.00965	0.00578	0.00627	0.00193	0.00783	0.00556	0.00305	0.00958
12	0.00959	0.00683	0.00934	0.01053	0.01171	0.00672	0.00866	0.01201	0.01414	0.01867	0.09790	0.19554	0.03886	0.06307	0.00993	0.00297	0.00520	0.46687	0.00584	0.00561
13	0.00849	0.00636	0.00792	0.00809	0.00953	0.00579	0.00606	0.01077	0.01569	0.02106	0.37344	0.19138	0.22035	0.01546	0.00772	0.00222	0.00343	0.07419	0.00640	0.00566
14	0.00840	0.00621	0.00729	0.00770	0.00915	0.00547	0.00551	0.01000	0.01410	0.03942	0.13403	0.33549	0.36052	0.01692	0.00770	0.00229	0.00343	0.01475	0.00608	0.00552
15	0.03109	0.10572	0.56585	0.01666	0.02470	0.05706	0.02031	0.03210	0.01390	0.01979	0.01219	0.01591	0.00954	0.00661	0.00591	0.00197	0.00891	0.03990	0.00297	0.00893
16	0.01552	0.01603	0.09091	0.12924	0.54917	0.01465	0.01914	0.01963	0.01429	0.05290	0.01239	0.01591	0.00991	0.00588	0.00627	0.00193	0.00773	0.00559	0.00327	0.00963
17	0.01443	0.01601	0.03090	0.02299	0.02774	0.04754	0.51163	0.01862	0.01408	0.01897	0.01443	0.09676	0.01282	0.00774	0.00932	0.00225	0.11422	0.00819	0.00344	0.00792
18	0.00896	0.00611	0.00714	0.00747	0.00767	0.00601	0.00454	0.00935	0.01017	0.01346	0.02471	0.16966	0.05071	0.58395	0.02614	0.00524	0.00561	0.04453	0.00436	0.00422
19	0.00917	0.00613	0.00694	0.00699	0.00701	0.00611	0.00392	0.00921	0.00934	0.01245	0.02056	0.06935	0.02378	0.74824	0.03137	0.00601	0.00606	0.00956	0.00392	0.00389
20	0.17246	0.01492	0.01561	0.01250	0.01690	0.01640	0.01021	0.42710	0.07094	0.08580	0.05912	0.03944	0.01484	0.00805	0.00602	0.00196	0.00601	0.00614	0.00603	0.00955
21	0.01437	0.08552	0.02413	0.01803	0.01976	0.01931	0.14670	0.01657	0.01101	0.01620	0.00923	0.01415	0.00856	0.00948	0.01673	0.00252	0.55179	0.00572	0.00285	0.00736
22	0.01785	0.07157	0.09873	0.01231	0.01658	0.04761	0.01107	0.17514	0.05527	0.15405	0.10656	0.06401	0.06670	0.00988	0.00661	0.00203	0.00610	0.06350	0.00577	0.00865
23	0.47808	0.04776	0.01196	0.00985	0.01351	0.05788	0.00805	0.04344	0.07944	0.06310	0.08191	0.01889	0.01526	0.00756	0.00506	0.00198	0.00535	0.03875	0.00473	0.00745
24	0.01061	0.00700	0.00880	0.00932	0.01063	0.00675	0.00660	0.01377	0.09090	0.08690	0.05705	0.54887	0.08406	0.01703	0.00769	0.00242	0.00394	0.01522	0.00617	0.00626
25	0.02590	0.01170	0.01623	0.01226	0.01734	0.01035	0.05161	0.07580	0.01829	0.58174	0.02231	0.02008	0.01440	0.00738	0.00628	0.00187	0.00576	0.00615	0.00708	0.08746

[dist]
# distance from previous block
# <min> <max>
0	1

[block]
# block no. 7 follows, 35 sequences, length 74
# corresponding to MSA columns:
# 556-629
name=unknown_H
#
# <colnr> <probs for GDERKNQSTAVLIFYWHMCP>
#	G	D	E	R	K	N	Q	S	T	A	V	L	I	F	Y	W	H	M	C	P
0	0.02236	0.02874	0.03631	0.01338	0.01830	0.01315	0.06339	0.15431	0.13812	0.33722	0.02100	0.02061	0.01467	0.00766	0.00635	0.00194	0.00612	0.02281	0.00642	0.06713
1	0.01182	0.00876	0.01135	0.01051	0.01207	0.00994	0.00802	0.13228	0.01337	0.01862	0.01702	0.02614	0.01616	0.18053	0.46356	0.00777	0.03484	0.00704	0.00397	0.00623
2	0.02684	0.01109	0.01460	0.01129	0.01602	0.00993	0.00929	0.08503	0.01895	0.64031	0.04189	0.02322	0.04465	0.00827	0.00645	0.00197	0.00539	0.00672	0.00763	0.01047
3	0.01023	0.00841	0.01250	0.01172	0.01312	0.00984	0.04187	0.01365	0.06447	0.01604	0.01788	0.07619	0.01693	0.03710	0.53601	0.00794	0.08862	0.00753	0.00373	0.00622
4	0.02326	0.02941	0.01840	0.01757	0.05851	0.71167	0.01265	0.02501	0.01779	0.01581	0.00992	0.01167	0.00827	0.00649	0.00575	0.00165	0.01123	0.00417	0.00326	0.00750
5	0.01532	0.01469	0.02506	0.11269	0.66669	0.01497	0.01928	0.01914	0.01427	0.02026	0.01187	0.01582	0.00989	0.00572	0.00629	0.00191	0.00763	0.00565	0.00311	0.00974
6	0.01268	0.00899	0.01151	0.01248	0.05916	0.02457	0.00909	0.08975	0.01605	0.07202	0.09860	0.29584	0.03411	0.01512	0.00775	0.00244	0.00514	0.21195	0.00594	0.00681
