[name]
unknown

[dist]
# distance from previous block
# <min> <max>
14	165

[block]
# block no. 0 follows, 44 sequences, length 11
# corresponding to MSA columns:
# 180-190
name=unknown_A
#
# <colnr> <probs for GDERKNQSTAVLIFYWHMCP>
#	G	D	E	R	K	N	Q	S	T	A	V	L	I	F	Y	W	H	M	C	P
0	0.02672	0.00686	0.00780	0.00743	0.00907	0.00676	0.00548	0.07395	0.07178	0.04137	0.19300	0.18805	0.21602	0.08737	0.00824	0.00217	0.00351	0.01008	0.02886	0.00545
1	0.01523	0.01125	0.01245	0.01018	0.01359	0.01169	0.00805	0.30724	0.15338	0.06212	0.01780	0.11090	0.03090	0.04132	0.00633	0.00175	0.00477	0.00642	0.02507	0.14957
2	0.07405	0.00663	0.00745	0.00728	0.00896	0.00638	0.00538	0.05712	0.02776	0.06248	0.13383	0.27422	0.26123	0.03371	0.00679	0.00200	0.00338	0.01088	0.00514	0.00534
3	0.00857	0.00569	0.00711	0.00734	0.00838	0.00530	0.00513	0.02981	0.01173	0.05289	0.13107	0.44712	0.06536	0.09417	0.00854	0.00228	0.00343	0.01186	0.05308	0.04114
4	0.01512	0.01009	0.01130	0.00942	0.01222	0.01051	0.00733	0.29314	0.07543	0.12615	0.06603	0.07095	0.12323	0.13307	0.00921	0.00229	0.00476	0.00738	0.00526	0.00712
5	0.00717	0.00524	0.00669	0.00734	0.00806	0.00495	0.00507	0.00897	0.03680	0.01600	0.20605	0.51868	0.08462	0.04820	0.00762	0.00219	0.00313	0.01329	0.00523	0.00470
6	0.00934	0.00701	0.00792	0.00754	0.00932	0.00670	0.00546	0.04825	0.10430	0.04349	0.03184	0.24288	0.24460	0.12445	0.00919	0.00232	0.00375	0.01018	0.00480	0.07665
7	0.00769	0.00522	0.00649	0.00698	0.00769	0.00485	0.00470	0.00872	0.01092	0.04366	0.11223	0.43329	0.12865	0.17980	0.01109	0.00273	0.00354	0.01240	0.00487	0.00448
8	0.00705	0.00526	0.00658	0.00738	0.00809	0.00501	0.00507	0.00874	0.04344	0.01450	0.05806	0.56777	0.14381	0.05208	0.03780	0.00251	0.00367	0.01359	0.00495	0.00463
9	0.00779	0.00517	0.00676	0.00747	0.00807	0.00493	0.00507	0.00877	0.01031	0.05128	0.02777	0.55773	0.06652	0.12630	0.07619	0.00315	0.00448	0.01295	0.00472	0.00456
10	0.08311	0.00921	0.01045	0.00915	0.01203	0.00943	0.00724	0.07568	0.20811	0.17876	0.10280	0.09234	0.09002	0.00906	0.00568	0.00179	0.00410	0.04348	0.00545	0.04211

[dist]
# distance from previous block
# <min> <max>
14	42

[block]
# block no. 1 follows, 44 sequences, length 16
# corresponding to MSA columns:
# 233-248
name=unknown_B
#
# <colnr> <probs for GDERKNQSTAVLIFYWHMCP>
#	G	D	E	R	K	N	Q	S	T	A	V	L	I	F	Y	W	H	M	C	P
0	0.05571	0.03330	0.06884	0.09827	0.01697	0.04525	0.07808	0.07175	0.01258	0.12830	0.01580	0.15575	0.01456	0.06106	0.04640	0.00236	0.04586	0.00689	0.00395	0.03833
1	0.04339	0.01425	0.13209	0.08824	0.01827	0.04419	0.05881	0.21022	0.07098	0.07013	0.01569	0.14158	0.01379	0.02710	0.00614	0.00185	0.00601	0.00661	0.00424	0.02643
2	0.21798	0.05352	0.03894	0.09175	0.01538	0.09920	0.02844	0.01550	0.03392	0.03886	0.05787	0.03281	0.08474	0.00649	0.00471	0.00151	0.00526	0.00503	0.00358	0.16450
3	0.05808	0.06026	0.01242	0.03249	0.07365	0.02675	0.03716	0.04819	0.02972	0.01654	0.01819	0.32276	0.01960	0.04769	0.00707	0.00191	0.03223	0.00872	0.00394	0.14262
4	0.01210	0.01046	0.03004	0.11654	0.01708	0.00903	0.03427	0.08508	0.01299	0.03592	0.05418	0.03150	0.01127	0.00527	0.00471	0.00118	0.00485	0.00444	0.00357	0.51551
5	0.06014	0.02924	0.13424	0.15833	0.16878	0.06166	0.04635	0.01707	0.07161	0.03563	0.01162	0.04072	0.00944	0.00561	0.00511	0.00159	0.00638	0.00482	0.00311	0.12855
6	0.00811	0.00644	0.00780	0.00741	0.00940	0.00537	0.00537	0.00965	0.01121	0.01557	0.05833	0.41439	0.13657	0.01228	0.00595	0.00170	0.00335	0.01085	0.00453	0.26573
7	0.01130	0.00969	0.01130	0.00807	0.01292	0.00727	0.00646	0.01373	0.01130	0.01776	0.00969	0.01130	0.00807	0.00404	0.00404	0.00081	0.00404	0.00323	0.00323	0.84173
8	0.01069	0.01009	0.01706	0.70219	0.12760	0.01222	0.01533	0.01427	0.01109	0.01440	0.00976	0.01441	0.00743	0.00538	0.00544	0.00179	0.00717	0.00485	0.00246	0.00637
9	0.00716	0.00496	0.00617	0.00692	0.00711	0.00478	0.00435	0.00773	0.00942	0.01256	0.02483	0.49279	0.02947	0.33812	0.01539	0.00346	0.00402	0.01243	0.00435	0.00397
10	0.02363	0.00908	0.01232	0.00951	0.01352	0.00788	0.00778	0.02564	0.01522	0.73982	0.02129	0.01941	0.01381	0.04680	0.00659	0.00187	0.00467	0.00560	0.00658	0.00898
11	0.00779	0.00584	0.00876	0.00876	0.00974	0.00681	0.00681	0.00974	0.00876	0.01266	0.01460	0.02142	0.01363	0.04089	0.78680	0.00876	0.01460	0.00584	0.00292	0.00487
12	0.00745	0.00531	0.00691	0.00791	0.00845	0.00512	0.00552	0.03409	0.01102	0.01465	0.02845	0.64523	0.03351	0.07095	0.00840	0.00244	0.00361	0.09146	0.00495	0.00458
13	0.00669	0.00544	0.00593	0.00601	0.00757	0.00468	0.00443	0.00823	0.01272	0.01589	0.17873	0.14045	0.55677	0.01373	0.00650	0.00186	0.00278	0.01169	0.00523	0.00468
14	0.01756	0.01354	0.01444	0.01172	0.01543	0.01518	0.00942	0.46015	0.29135	0.02912	0.01656	0.01672	0.01241	0.04303	0.00649	0.00188	0.00536	0.00550	0.00539	0.00877
15	0.79311	0.01021	0.00788	0.00709	0.01025	0.01178	0.00574	0.01551	0.00919	0.02357	0.00821	0.01058	0.00680	0.05658	0.00494	0.00192	0.00429	0.00327	0.00337	0.00574

[dist]
# distance from previous block
# <min> <max>
0	1

[block]
# block no. 2 follows, 44 sequences, length 26
# corresponding to MSA columns:
# 250-275
name=unknown_C
#
# <colnr> <probs for GDERKNQSTAVLIFYWHMCP>
#	G	D	E	R	K	N	Q	S	T	A	V	L	I	F	Y	W	H	M	C	P
0	0.13868	0.01180	0.01198	0.01061	0.01383	0.01361	0.00835	0.08060	0.59720	0.02390	0.01934	0.01809	0.01449	0.00698	0.00522	0.00181	0.00442	0.00559	0.00522	0.00827
1	0.01372	0.01224	0.01999	0.08971	0.54807	0.01212	0.03189	0.03980	0.01274	0.05456	0.01079	0.01358	0.00870	0.00495	0.00527	0.00155	0.00621	0.00473	0.00302	0.10635
2	0.63780	0.06189	0.05117	0.00870	0.01232	0.12027	0.00751	0.01691	0.01036	0.02184	0.00782	0.00913	0.00618	0.00512	0.00369	0.00162	0.00530	0.00308	0.00318	0.00614
3	0.01400	0.68678	0.14839	0.01032	0.01552	0.02015	0.01105	0.01647	0.01115	0.01353	0.00793	0.00919	0.00698	0.00475	0.00377	0.00126	0.00619	0.00309	0.00233	0.00717
4	0.69741	0.01083	0.04083	0.00765	0.01112	0.01145	0.00658	0.01629	0.01023	0.07020	0.06659	0.01198	0.00987	0.00563	0.00381	0.00169	0.00428	0.00368	0.00374	0.00614
5	0.04825	0.00990	0.04164	0.06725	0.07486	0.00855	0.04774	0.03272	0.01251	0.10696	0.10720	0.08992	0.01696	0.03809	0.00608	0.00161	0.00480	0.00609	0.00405	0.27482
6	0.01133	0.01109	0.01995	0.56310	0.08968	0.01264	0.16353	0.03463	0.01180	0.01547	0.01009	0.01445	0.00762	0.00526	0.00564	0.00180	0.00756	0.00517	0.00259	0.00659
7	0.00711	0.00533	0.00663	0.00706	0.00814	0.00485	0.00518	0.00880	0.01266	0.01677	0.26354	0.31444	0.22679	0.01425	0.00672	0.00199	0.00304	0.07659	0.00535	0.00474
8	0.01221	0.01162	0.01963	0.26622	0.50116	0.01246	0.01569	0.01544	0.01178	0.01636	0.01076	0.04369	0.00922	0.00561	0.00576	0.00172	0.02511	0.00525	0.00270	0.00762
9	0.01030	0.00969	0.01635	0.79530	0.03755	0.01211	0.01514	0.01393	0.01090	0.01393	0.00969	0.01453	0.00727	0.00545	0.00545	0.00182	0.00727	0.00484	0.00242	0.00606
10	0.00738	0.00509	0.00669	0.00751	0.00820	0.00471	0.00523	0.00868	0.01153	0.03709	0.14639	0.59997	0.07664	0.01562	0.00683	0.00211	0.00315	0.03723	0.00525	0.00471
11	0.00668	0.00478	0.00636	0.00756	0.00792	0.00446	0.00506	0.00769	0.01063	0.01422	0.05806	0.77598	0.03664	0.01686	0.00694	0.00220	0.00314	0.01529	0.00510	0.00446
12	0.02825	0.01254	0.02524	0.20070	0.08566	0.01257	0.45289	0.01576	0.01203	0.01641	0.01156	0.05635	0.00952	0.00587	0.00649	0.02422	0.00800	0.00631	0.00280	0.00684
13	0.02434	0.00948	0.01278	0.00979	0.01402	0.00831	0.00809	0.05088	0.01594	0.75339	0.02123	0.01837	0.01335	0.00674	0.00548	0.00169	0.00468	0.00546	0.00670	0.00928
14	0.00909	0.00614	0.00768	0.00742	0.00892	0.00579	0.00551	0.01211	0.07182	0.07829	0.40597	0.21262	0.12328	0.01216	0.00641	0.00185	0.00302	0.01070	0.00570	0.00551
15	0.00812	0.00632	0.00939	0.00920	0.01010	0.00760	0.00722	0.01000	0.00873	0.01269	0.01401	0.02067	0.01312	0.03841	0.72605	0.00826	0.07653	0.00576	0.00288	0.00495
16	0.01193	0.01193	0.01670	0.01431	0.01431	0.01670	0.01193	0.01312	0.00835	0.01312	0.00716	0.01193	0.00716	0.00954	0.01789	0.00239	0.79843	0.00477	0.00239	0.00596
17	0.01130	0.00969	0.01130	0.00807	0.01292	0.00727	0.00646	0.01373	0.01130	0.01776	0.00969	0.01130	0.00807	0.00404	0.00404	0.00081	0.00404	0.00323	0.00323	0.84173
18	0.01047	0.00915	0.01362	0.52488	0.02773	0.05100	0.01198	0.01248	0.01029	0.01293	0.01079	0.04571	0.00941	0.00922	0.00917	0.19471	0.00661	0.02214	0.00259	0.00514
19	0.02037	0.02598	0.01545	0.01404	0.01685	0.78652	0.01053	0.02177	0.01545	0.01334	0.00843	0.00983	0.00702	0.00562	0.00492	0.00140	0.00983	0.00351	0.00281	0.00632
20	0.00798	0.00586	0.00838	0.00838	0.00920	0.00672	0.00635	0.00967	0.00888	0.01289	0.01564	0.06409	0.01531	0.11816	0.60525	0.00750	0.03447	0.00651	0.04406	0.00472
21	0.00779	0.00584	0.00876	0.00876	0.00974	0.00681	0.00681	0.00974	0.00876	0.01266	0.01460	0.02142	0.01363	0.04089	0.78680	0.00876	0.01460	0.00584	0.00292	0.00487
22	0.00677	0.00487	0.00637	0.00739	0.00785	0.00453	0.00498	0.00786	0.01091	0.01460	0.10056	0.68159	0.06571	0.03895	0.00748	0.00224	0.00315	0.01460	0.00510	0.00447
23	0.00685	0.00494	0.00648	0.00735	0.00793	0.00458	0.00504	0.00814	0.01153	0.01555	0.18021	0.61839	0.07128	0.01574	0.00683	0.00210	0.00303	0.01419	0.00525	0.00458
24	0.13728	0.01257	0.01532	0.01323	0.01390	0.06239	0.01094	0.01408	0.00892	0.01483	0.00730	0.01134	0.00696	0.00864	0.01494	0.00222	0.63219	0.00442	0.00256	0.00598
25	0.00689	0.00493	0.00656	0.00753	0.00804	0.00460	0.00518	0.00817	0.01138	0.01540	0.16201	0.64897	0.03867	0.01597	0.00688	0.00213	0.00311	0.03378	0.00523	0.00457

[dist]
# distance from previous block
# <min> <max>
0	3

[block]
# block no. 3 follows, 44 sequences, length 13
# corresponding to MSA columns:
# 279-291
name=unknown_D
#
# <colnr> <probs for GDERKNQSTAVLIFYWHMCP>
#	G	D	E	R	K	N	Q	S	T	A	V	L	I	F	Y	W	H	M	C	P
0	0.02368	0.00986	0.01293	0.00999	0.01417	0.00897	0.00823	0.08507	0.04920	0.68556	0.02086	0.01820	0.01329	0.00676	0.00548	0.00169	0.00473	0.00547	0.00659	0.00925
1	0.18206	0.03852	0.01374	0.01040	0.01442	0.01393	0.00854	0.42845	0.01884	0.02797	0.01229	0.05805	0.00991	0.00642	0.00485	0.00154	0.00518	0.00482	0.00458	0.13548
2	0.01371	0.37344	0.16598	0.01019	0.01514	0.01494	0.01041	0.04185	0.01204	0.07182	0.03743	0.01304	0.00994	0.04448	0.00542	0.00149	0.00573	0.00393	0.00309	0.14594
3	0.08162	0.09500	0.32089	0.01302	0.03704	0.03828	0.01351	0.12206	0.01388	0.12737	0.01294	0.01369	0.03469	0.00606	0.00564	0.00168	0.04670	0.00447	0.00359	0.00786
4	0.01122	0.08991	0.72096	0.01505	0.02284	0.01336	0.01929	0.01719	0.01148	0.01692	0.00961	0.01129	0.00691	0.00514	0.00505	0.00168	0.00788	0.00394	0.00230	0.00797
5	0.01030	0.00969	0.01635	0.79530	0.03755	0.01211	0.01514	0.01393	0.01090	0.01393	0.00969	0.01453	0.00727	0.00545	0.00545	0.00182	0.00727	0.00484	0.00242	0.00606
6	0.01246	0.00698	0.01027	0.00928	0.01125	0.00637	0.06123	0.01427	0.01274	0.23097	0.12409	0.34149	0.02860	0.05201	0.00751	0.00214	0.00416	0.05270	0.00540	0.00609
7	0.01311	0.49578	0.33162	0.01183	0.01786	0.01798	0.01369	0.01670	0.01125	0.01462	0.00847	0.00986	0.00696	0.00487	0.00418	0.00139	0.00673	0.00336	0.00232	0.00742
8	0.00684	0.00490	0.00647	0.00766	0.00807	0.00460	0.00525	0.00788	0.01056	0.01400	0.03022	0.70202	0.05585	0.04454	0.00771	0.00233	0.00336	0.06830	0.00500	0.00444
9	0.01885	0.01397	0.20406	0.01281	0.07197	0.00933	0.01160	0.02213	0.01419	0.46520	0.04807	0.01942	0.01389	0.00680	0.00554	0.00173	0.00556	0.04111	0.00523	0.00855
10	0.01541	0.01348	0.11294	0.04550	0.41575	0.01135	0.01420	0.01915	0.03822	0.19911	0.05054	0.01604	0.01190	0.00576	0.00545	0.00167	0.00600	0.00519	0.00386	0.00847
11	0.00852	0.00672	0.00785	0.00783	0.00847	0.05127	0.00547	0.00957	0.00889	0.01189	0.01611	0.06648	0.01698	0.35931	0.38375	0.00655	0.00984	0.00707	0.00318	0.00427
12	0.00990	0.00604	0.00791	0.00717	0.00877	0.00552	0.00541	0.01226	0.01502	0.11936	0.63043	0.03755	0.04468	0.05681	0.00754	0.00192	0.00300	0.00918	0.00594	0.00557

[dist]
# distance from previous block
# <min> <max>
2	8

[block]
# block no. 4 follows, 44 sequences, length 10
# corresponding to MSA columns:
# 300-309
name=unknown_E
#
# <colnr> <probs for GDERKNQSTAVLIFYWHMCP>
#	G	D	E	R	K	N	Q	S	T	A	V	L	I	F	Y	W	H	M	C	P
0	0.00849	0.00559	0.00697	0.00697	0.00746	0.00569	0.00463	0.00925	0.00914	0.03919	0.05768	0.06097	0.02147	0.51816	0.16156	0.00531	0.00672	0.05701	0.00367	0.00405
1	0.44790	0.04316	0.04952	0.18051	0.07941	0.08719	0.01003	0.01625	0.01065	0.01980	0.00844	0.01067	0.00662	0.00517	0.00423	0.00166	0.00584	0.00362	0.00297	0.00634
2	0.02037	0.02598	0.01545	0.01404	0.01685	0.78652	0.01053	0.02177	0.01545	0.01334	0.00843	0.00983	0.00702	0.00562	0.00492	0.00140	0.00983	0.00351	0.00281	0.00632
3	0.00898	0.00585	0.00769	0.00707	0.00858	0.00536	0.00536	0.01152	0.01545	0.07902	0.71484	0.03905	0.04857	0.01081	0.00636	0.00171	0.00273	0.00953	0.00606	0.00546
4	0.00993	0.00844	0.01340	0.30764	0.12835	0.00933	0.01214	0.01290	0.01183	0.01554	0.01910	0.06577	0.01932	0.01010	0.00643	0.00211	0.00600	0.33205	0.00372	0.00589
5	0.00772	0.00557	0.00732	0.00706	0.00830	0.00517	0.00533	0.01021	0.01503	0.02117	0.69500	0.08014	0.04961	0.01165	0.00651	0.00178	0.00273	0.04870	0.00590	0.00510
6	0.01071	0.00635	0.00820	0.00765	0.00956	0.00575	0.00607	0.01299	0.01450	0.15708	0.39665	0.04197	0.16344	0.01142	0.00643	0.00186	0.00337	0.12441	0.00582	0.00578
7	0.59411	0.04338	0.08931	0.00845	0.01234	0.01182	0.00774	0.01713	0.01040	0.11508	0.01040	0.04151	0.00816	0.00573	0.00396	0.00169	0.00469	0.00386	0.00370	0.00653
8	0.01614	0.09160	0.01780	0.03905	0.29784	0.10071	0.01171	0.07402	0.01395	0.15763	0.01393	0.08899	0.01180	0.00656	0.00528	0.00160	0.00604	0.00559	0.00387	0.03590
9	0.19808	0.01044	0.01215	0.00951	0.01360	0.01018	0.00784	0.13080	0.01554	0.47575	0.01680	0.01538	0.01103	0.00624	0.00497	0.00164	0.00472	0.00476	0.00569	0.04488

[dist]
# distance from previous block
# <min> <max>
0	2

[block]
# block no. 5 follows, 44 sequences, length 69
# corresponding to MSA columns:
# 312-346,353-386
name=unknown_F
#
# <colnr> <probs for GDERKNQSTAVLIFYWHMCP>
#	G	D	E	R	K	N	Q	S	T	A	V	L	I	F	Y	W	H	M	C	P
0	0.08274	0.50610	0.05312	0.01044	0.01472	0.19212	0.00967	0.01771	0.01203	0.02932	0.00818	0.00936	0.00706	0.00496	0.00393	0.00129	0.00663	0.00315	0.00263	0.02485
1	0.00922	0.00617	0.00820	0.00835	0.00943	0.00600	0.00606	0.01054	0.01120	0.08915	0.07145	0.54837	0.03052	0.01417	0.00743	0.00205	0.06414	0.02865	0.00495	0.06395
2	0.00808	0.00569	0.00721	0.00676	0.00822	0.00516	0.00509	0.01047	0.01501	0.04543	0.64493	0.04168	0.15305	0.01138	0.00640	0.00173	0.00267	0.00995	0.00589	0.00520
3	0.01447	0.01192	0.01271	0.01105	0.01423	0.01355	0.00869	0.16525	0.56739	0.02492	0.07772	0.02052	0.01791	0.00752	0.00560	0.00180	0.00450	0.00621	0.00556	0.00848
4	0.01121	0.04952	0.07021	0.10605	0.01597	0.01029	0.02976	0.06021	0.01161	0.06692	0.07515	0.03588	0.01440	0.01956	0.29274	0.00432	0.08370	0.00573	0.00346	0.03332
5	0.01317	0.07363	0.02216	0.12411	0.60870	0.01353	0.03367	0.01638	0.01214	0.01695	0.01000	0.01329	0.00834	0.00491	0.00528	0.00161	0.00659	0.00475	0.00264	0.00817
6	0.84691	0.01054	0.00801	0.00717	0.01054	0.01223	0.00590	0.01603	0.00928	0.02446	0.00759	0.00886	0.00590	0.00506	0.00337	0.00169	0.00422	0.00295	0.00337	0.00590
7	0.01130	0.00969	0.01130	0.00807	0.01292	0.00727	0.00646	0.01373	0.01130	0.01776	0.00969	0.01130	0.00807	0.00404	0.00404	0.00081	0.00404	0.00323	0.00323	0.84173
8	0.01384	0.01185	0.01249	0.01115	0.01428	0.01369	0.00870	0.05780	0.73525	0.02326	0.02183	0.02005	0.01635	0.00736	0.00554	0.00184	0.00438	0.00611	0.00554	0.00865
9	0.00966	0.00927	0.10264	0.01013	0.01250	0.00732	0.00947	0.01327	0.05717	0.04718	0.07050	0.04921	0.10082	0.01273	0.00688	0.00223	0.00497	0.46344	0.00485	0.00574
10	0.00699	0.00553	0.00634	0.00678	0.00807	0.00501	0.00494	0.00890	0.04173	0.01527	0.08725	0.31677	0.40171	0.01461	0.00664	0.00200	0.00307	0.04850	0.00514	0.00475
11	0.04276	0.01000	0.01298	0.00997	0.01419	0.00914	0.00824	0.11105	0.01662	0.67463	0.02021	0.01770	0.01283	0.00669	0.00543	0.00168	0.00479	0.00536	0.00652	0.00920
12	0.01909	0.01201	0.01326	0.01042	0.01409	0.01278	0.00853	0.46646	0.02079	0.16237	0.01559	0.01562	0.01104	0.00654	0.00510	0.00157	0.00501	0.00505	0.18633	0.00836
13	0.01222	0.01025	0.01126	0.01065	0.01321	0.01162	0.00838	0.02432	0.57863	0.02102	0.02393	0.08731	0.02064	0.00944	0.00599	0.00199	0.00435	0.13168	0.00542	0.00769
14	0.00664	0.00474	0.00633	0.00759	0.00791	0.00443	0.00506	0.00759	0.01044	0.01392	0.03005	0.80485	0.03606	0.01708	0.00696	0.00221	0.00316	0.01550	0.00506	0.00443
15	0.01192	0.01196	0.01710	0.02996	0.01515	0.01653	0.03177	0.01325	0.00852	0.01325	0.00731	0.01205	0.00719	0.00933	0.01734	0.00236	0.76179	0.00482	0.00240	0.00600
16	0.23861	0.01001	0.01169	0.00923	0.01324	0.00971	0.00762	0.07279	0.01463	0.53177	0.01732	0.01566	0.01123	0.00629	0.00493	0.00168	0.00462	0.00478	0.00578	0.00840
17	0.00975	0.00638	0.00752	0.00684	0.00878	0.00574	0.00521	0.04077	0.01432	0.11103	0.32370	0.04159	0.34224	0.04314	0.00713	0.00190	0.00315	0.00973	0.00557	0.00551
18	0.02426	0.00960	0.01285	0.00985	0.01408	0.00850	0.00814	0.06620	0.01615	0.73777	0.02105	0.01826	0.01327	0.00674	0.00548	0.00168	0.00471	0.00545	0.00668	0.00928
19	0.00723	0.00597	0.00722	0.00822	0.06619	0.00530	0.00542	0.00887	0.01260	0.01601	0.16603	0.17129	0.47366	0.01322	0.00645	0.00186	0.00308	0.01138	0.00504	0.00497
20	0.00692	0.00492	0.00654	0.00774	0.00813	0.00465	0.00533	0.00797	0.01051	0.01398	0.02926	0.69280	0.03476	0.05805	0.00810	0.00240	0.00345	0.08510	0.00497	0.00443
21	0.00674	0.00479	0.00630	0.00747	0.00776	0.00449	0.00493	0.00762	0.01025	0.01366	0.02906	0.74607	0.03482	0.07754	0.00855	0.00245	0.00333	0.01492	0.00493	0.00434
22	0.01282	0.01227	0.02092	0.19289	0.62020	0.01278	0.01640	0.01615	0.01210	0.01700	0.01014	0.01371	0.00835	0.00498	0.00541	0.00166	0.00664	0.00485	0.00264	0.00810
23	0.01114	0.07650	0.22656	0.20712	0.12580	0.01233	0.11709	0.01514	0.01162	0.01595	0.02634	0.09256	0.01159	0.00655	0.00556	0.00177	0.00700	0.01953	0.00284	0.00700
24	0.11573	0.00840	0.01012	0.00823	0.01129	0.00775	0.00641	0.03217	0.01308	0.36801	0.08835	0.02260	0.03246	0.15863	0.00941	0.00229	0.00445	0.00595	0.00522	0.08947
25	0.05583	0.06350	0.12371	0.08436	0.46554	0.01302	0.01528	0.01690	0.02848	0.03491	0.01034	0.01295	0.00832	0.00501	0.00510	0.00160	0.00641	0.00450	0.00281	0.04144
26	0.11659	0.39668	0.08000	0.01112	0.01542	0.05621	0.03963	0.11138	0.02510	0.03131	0.00908	0.01041	0.00748	0.00547	0.00516	0.00148	0.06357	0.00366	0.00303	0.00721
27	0.00947	0.00473	0.00710	0.00710	0.00710	0.00473	0.00473	0.00710	0.00710	0.00947	0.00947	0.01657	0.00947	0.01894	0.02131	0.84138	0.00473	0.00473	0.00237	0.00237
28	0.01612	0.61063	0.02546	0.01018	0.01473	0.03864	0.00959	0.18594	0.01452	0.01777	0.00886	0.00977	0.00752	0.00512	0.00398	0.00128	0.00596	0.00339	0.00306	0.00750
29	0.00947	0.00473	0.00710	0.00710	0.00710	0.00473	0.00473	0.00710	0.00710	0.00947	0.00947	0.01657	0.00947	0.01894	0.02131	0.84138	0.00473	0.00473	0.00237	0.00237
30	0.00793	0.00529	0.00595	0.00595	0.00595	0.00529	0.00330	0.00793	0.00793	0.01057	0.01718	0.03568	0.01982	0.80840	0.02775	0.00529	0.00529	0.00793	0.00330	0.00330
31	0.00659	0.00548	0.00576	0.00579	0.00748	0.00465	0.00430	0.00808	0.01264	0.01546	0.13227	0.09445	0.65087	0.01370	0.00647	0.00185	0.00276	0.01156	0.00517	0.00465
32	0.02037	0.02598	0.01545	0.01404	0.01685	0.78652	0.01053	0.02177	0.01545	0.01334	0.00843	0.00983	0.00702	0.00562	0.00492	0.00140	0.00983	0.00351	0.00281	0.00632
33	0.00664	0.00477	0.00630	0.00752	0.00789	0.00443	0.00503	0.00760	0.01050	0.01394	0.03087	0.78038	0.05999	0.01697	0.00694	0.00220	0.00315	0.01537	0.00506	0.00443
34	0.12374	0.04673	0.01577	0.01180	0.01599	0.04702	0.00977	0.60519	0.02261	0.03143	0.01200	0.01226	0.00867	0.00625	0.00509	0.00161	0.00592	0.00453	0.00496	0.00864
35	0.02299	0.00973	0.01277	0.00978	0.01403	0.00862	0.00805	0.06986	0.03233	0.65841	0.02011	0.01771	0.01289	0.00654	0.00537	0.00162	0.00467	0.00529	0.00637	0.07287
36	0.01972	0.03190	0.07430	0.01225	0.01672	0.01544	0.01067	0.59298	0.02267	0.09450	0.01329	0.01348	0.00941	0.00691	0.00602	0.03493	0.00599	0.00484	0.00514	0.00886
37	0.01458	0.81168	0.02857	0.00933	0.01399	0.02157	0.00933	0.01632	0.01108	0.01283	0.00758	0.00875	0.00700	0.00466	0.00350	0.00117	0.00583	0.00292	0.00233	0.00700
38	0.00779	0.00584	0.00876	0.00876	0.00974	0.00681	0.00681	0.00974	0.00876	0.01266	0.01460	0.02142	0.01363	0.04089	0.78680	0.00876	0.01460	0.00584	0.00292	0.00487
39	0.01130	0.00969	0.01130	0.00807	0.01292	0.00727	0.00646	0.01373	0.01130	0.01776	0.00969	0.01130	0.00807	0.00404	0.00404	0.00081	0.00404	0.00323	0.00323	0.84173
40	0.00663	0.00480	0.00626	0.00743	0.00787	0.00444	0.00499	0.00761	0.01059	0.01398	0.03197	0.74736	0.09230	0.01683	0.00692	0.00219	0.00313	0.01519	0.00506	0.00444
41	0.00821	0.00597	0.00798	0.00896	0.01015	0.00580	0.00749	0.01035	0.01232	0.01597	0.06825	0.12958	0.12314	0.04213	0.00798	0.00246	0.00445	0.51892	0.00502	0.00486
42	0.05103	0.01220	0.01332	0.01029	0.01459	0.01223	0.00833	0.30523	0.13431	0.04436	0.01317	0.01349	0.00992	0.00565	0.00483	0.00135	0.00487	0.00438	0.00455	0.33191
43	0.01287	0.01471	0.03217	0.02298	0.02849	0.01379	0.75460	0.01746	0.01287	0.01746	0.01103	0.01471	0.00827	0.00460	0.00643	0.00184	0.00919	0.00643	0.00276	0.00735
44	0.01458	0.81168	0.02857	0.00933	0.01399	0.02157	0.00933	0.01632	0.01108	0.01283	0.00758	0.00875	0.00700	0.00466	0.00350	0.00117	0.00583	0.00292	0.00233	0.00700
45	0.01448	0.79127	0.04816	0.00949	0.01424	0.02134	0.00961	0.01635	0.01109	0.01294	0.00764	0.00882	0.00699	0.00468	0.00354	0.00118	0.00589	0.00294	0.00233	0.00702
46	0.00671	0.00527	0.00609	0.00658	0.00779	0.00465	0.00476	0.00807	0.01192	0.01504	0.09952	0.33064	0.41308	0.01487	0.00668	0.00200	0.00299	0.04360	0.00513	0.00460
47	0.00671	0.00479	0.00635	0.00753	0.00787	0.00447	0.00502	0.00770	0.01057	0.01415	0.05818	0.75835	0.03628	0.03456	0.00740	0.00226	0.00319	0.01511	0.00506	0.00443
48	0.01193	0.01193	0.01670	0.01431	0.01431	0.01670	0.01193	0.01312	0.00835	0.01312	0.00716	0.01193	0.00716	0.00954	0.01789	0.00239	0.79843	0.00477	0.00239	0.00596
49	0.00671	0.00553	0.00589	0.00580	0.00753	0.00471	0.00435	0.00833	0.01305	0.01620	0.20327	0.05004	0.62323	0.01326	0.00644	0.00181	0.00272	0.01117	0.00526	0.00471
50	0.00788	0.00526	0.00596	0.00601	0.00602	0.00525	0.00337	0.00791	0.00803	0.01070	0.01769	0.06622	0.02047	0.77698	0.02692	0.00516	0.00520	0.00823	0.00337	0.00335
51	0.02072	0.01527	0.01636	0.01254	0.01691	0.01691	0.01036	0.75622	0.02563	0.03436	0.01309	0.01309	0.00927	0.00654	0.00545	0.00164	0.00600	0.00491	0.00545	0.00927
52	0.00781	0.00575	0.00829	0.00829	0.00910	0.00656	0.00623	0.00943	0.00862	0.01231	0.01503	0.02379	0.01466	0.16882	0.66027	0.00818	0.01305	0.00619	0.00298	0.00461
53	0.00679	0.00489	0.00647	0.00768	0.00813	0.00457	0.00529	0.00787	0.01067	0.01412	0.03098	0.72129	0.06552	0.01680	0.00698	0.00222	0.00328	0.06693	0.00506	0.00448
54	0.01130	0.00969	0.01130	0.00807	0.01292	0.00727	0.00646	0.01373	0.01130	0.01776	0.00969	0.01130	0.00807	0.00404	0.00404	0.00081	0.00404	0.00323	0.00323	0.84173
55	0.01067	0.01008	0.01703	0.70522	0.12467	0.01221	0.01533	0.01426	0.01108	0.01439	0.00976	0.01441	0.00743	0.00538	0.00544	0.00179	0.00717	0.00485	0.00246	0.00636
56	0.01386	0.71769	0.04635	0.00944	0.01385	0.01999	0.00938	0.01575	0.01088	0.01293	0.00828	0.00997	0.00760	0.00798	0.07506	0.00187	0.00669	0.00321	0.00239	0.00683
57	0.00667	0.00479	0.00629	0.00748	0.00784	0.00446	0.00498	0.00761	0.01044	0.01385	0.03056	0.75824	0.06088	0.03836	0.00750	0.00228	0.00321	0.01516	0.00501	0.00440
58	0.02037	0.02598	0.01545	0.01404	0.01685	0.78652	0.01053	0.02177	0.01545	0.01334	0.00843	0.00983	0.00702	0.00562	0.00492	0.00140	0.00983	0.00351	0.00281	0.00632
59	0.01073	0.00733	0.00800	0.00788	0.00815	0.00695	0.00460	0.01002	0.00974	0.01326	0.01954	0.03835	0.02186	0.77618	0.02793	0.00562	0.00617	0.00865	0.00421	0.00480
60	0.00671	0.00520	0.00612	0.00660	0.00771	0.00461	0.00468	0.00808	0.01201	0.01540	0.14674	0.37164	0.35538	0.01482	0.00666	0.00198	0.00291	0.01297	0.00520	0.00461
61	0.01119	0.09630	0.66038	0.01519	0.04245	0.01321	0.01853	0.01685	0.01138	0.01669	0.00980	0.01174	0.00725	0.00664	0.03813	0.00197	0.00809	0.00403	0.00234	0.00784
62	0.01193	0.01193	0.01670	0.01431	0.01431	0.01670	0.01193	0.01312	0.00835	0.01312	0.00716	0.01193	0.00716	0.00954	0.01789	0.00239	0.79843	0.00477	0.00239	0.00596
63	0.01527	0.01236	0.01314	0.01135	0.01472	0.01409	0.00896	0.17469	0.59763	0.04407	0.02035	0.01884	0.01509	0.00721	0.00553	0.00180	0.00466	0.00589	0.00556	0.00877
64	0.04011	0.04879	0.01658	0.01224	0.01657	0.01691	0.01017	0.68990	0.04214	0.03294	0.01294	0.01298	0.00927	0.00645	0.00532	0.00162	0.00591	0.00481	0.00527	0.00908
65	0.03300	0.15321	0.01722	0.01330	0.04768	0.49391	0.01009	0.07624	0.01527	0.01592	0.06702	0.01240	0.01063	0.00591	0.00483	0.00142	0.00807	0.00405	0.00318	0.00666
66	0.00656	0.00539	0.00580	0.00610	0.00761	0.00462	0.00449	0.00790	0.01203	0.01462	0.04924	0.20466	0.59816	0.01451	0.00658	0.00194	0.00292	0.03723	0.00506	0.00458
67	0.81156	0.01060	0.00838	0.00747	0.01070	0.01242	0.00616	0.01590	0.00924	0.02398	0.00757	0.00899	0.00596	0.00525	0.00399	0.00172	0.03784	0.00303	0.00333	0.00591
68	0.00911	0.00489	0.00730	0.00736	0.00751	0.00502	0.00504	0.00750	0.00748	0.01011	0.01107	0.05063	0.01118	0.02196	0.12888	0.68819	0.00606	0.00535	0.00256	0.00281

[dist]
# distance from previous block
# <min> <max>
0	9

[block]
# block no. 6 follows, 44 sequences, length 107
# corresponding to MSA columns:
# 396-502
name=unknown_G
#
# <colnr> <probs for GDERKNQSTAVLIFYWHMCP>
#	G	D	E	R	K	N	Q	S	T	A	V	L	I	F	Y	W	H	M	C	P
0	0.03863	0.01252	0.02106	0.11626	0.67018	0.01284	0.01623	0.01640	0.01215	0.01759	0.01011	0.01347	0.00840	0.00493	0.00534	0.00164	0.00649	0.00480	0.00269	0.00827
1	0.01092	0.02763	0.75680	0.03938	0.02402	0.01264	0.01999	0.01716	0.01149	0.01716	0.00978	0.01160	0.00692	0.00519	0.00519	0.00173	0.00803	0.00405	0.00231	0.00800
2	0.01191	0.03672	0.01313	0.01121	0.01274	0.16317	0.04924	0.03946	0.01092	0.01379	0.02675	0.01893	0.01223	0.13351	0.28808	0.00476	0.13951	0.00549	0.00299	0.00547
3	0.01357	0.01522	0.07085	0.02075	0.02610	0.01383	0.59557	0.11131	0.01434	0.01950	0.01182	0.03900	0.00919	0.00527	0.00626	0.00182	0.00853	0.00639	0.00315	0.00755
4	0.03643	0.00972	0.01609	0.77069	0.03671	0.01212	0.01485	0.01399	0.01085	0.01426	0.00962	0.01436	0.00722	0.00544	0.00539	0.00181	0.00717	0.00479	0.00245	0.00605
5	0.02273	0.00890	0.01210	0.00941	0.01332	0.00772	0.00772	0.02489	0.01559	0.70002	0.09901	0.02085	0.01742	0.00720	0.00558	0.00169	0.00443	0.00593	0.00667	0.00885
6	0.01051	0.00991	0.01674	0.74434	0.08684	0.01217	0.01525	0.01412	0.01100	0.01419	0.00973	0.01447	0.00736	0.00541	0.00545	0.00180	0.00721	0.00485	0.00244	0.00623
7	0.01138	0.00975	0.01134	0.00817	0.01296	0.00746	0.00653	0.01420	0.03483	0.01792	0.01008	0.01159	0.00834	0.00414	0.00408	0.00084	0.00405	0.00332	0.00330	0.81571
8	0.00656	0.00555	0.00568	0.00572	0.00752	0.00468	0.00433	0.00801	0.01251	0.01497	0.07274	0.05248	0.72741	0.01378	0.00648	0.00186	0.00284	0.03716	0.00509	0.00463
9	0.00647	0.00552	0.00556	0.00555	0.00738	0.00462	0.00417	0.00788	0.01250	0.01490	0.07219	0.05219	0.75512	0.01374	0.00644	0.00184	0.00276	0.01147	0.00508	0.00462
10	0.00685	0.00554	0.00609	0.00595	0.00762	0.00478	0.00446	0.00862	0.01339	0.01703	0.28589	0.04869	0.54009	0.01295	0.00644	0.00180	0.00270	0.01098	0.00536	0.00478
11	0.01458	0.81168	0.02857	0.00933	0.01399	0.02157	0.00933	0.01632	0.01108	0.01283	0.00758	0.00875	0.00700	0.00466	0.00350	0.00117	0.00583	0.00292	0.00233	0.00700
12	0.01130	0.00969	0.01130	0.00807	0.01292	0.00727	0.00646	0.01373	0.01130	0.01776	0.00969	0.01130	0.00807	0.00404	0.00404	0.00081	0.00404	0.00323	0.00323	0.84173
13	0.66214	0.01026	0.00906	0.00774	0.01130	0.01128	0.00638	0.01839	0.01070	0.19379	0.01072	0.01104	0.00761	0.00544	0.00385	0.00169	0.00431	0.00352	0.00413	0.00666
14	0.00682	0.00482	0.00627	0.00736	0.00764	0.00455	0.00482	0.00764	0.01009	0.01345	0.02827	0.69864	0.03382	0.12635	0.00983	0.00264	0.00346	0.01445	0.00482	0.00427
15	0.00851	0.00710	0.01207	0.01077	0.01239	0.00780	0.11261	0.01083	0.00934	0.01334	0.01410	0.02047	0.01287	0.03575	0.67639	0.00778	0.01384	0.00592	0.00290	0.00522
16	0.07528	0.01133	0.01426	0.01294	0.04035	0.04979	0.01023	0.01311	0.00992	0.01509	0.07960	0.01810	0.08464	0.00940	0.01361	0.00215	0.52556	0.00567	0.00307	0.00587
17	0.01505	0.01127	0.01245	0.01044	0.01356	0.02568	0.00828	0.37477	0.04194	0.04134	0.03738	0.21047	0.01818	0.00939	0.00578	0.00173	0.00492	0.04480	0.00506	0.10750
18	0.01484	0.04887	0.05623	0.04925	0.50195	0.15630	0.03263	0.04429	0.01332	0.01723	0.00989	0.01257	0.00816	0.00508	0.00525	0.00158	0.00721	0.00453	0.00278	0.00803
19	0.01321	0.01262	0.02149	0.06018	0.72548	0.01270	0.01634	0.01644	0.01245	0.01779	0.03242	0.01432	0.00983	0.00506	0.00543	0.00163	0.00639	0.00500	0.00278	0.00844
20	0.01846	0.01413	0.01533	0.04429	0.01705	0.01585	0.01011	0.53947	0.21431	0.03056	0.01528	0.01501	0.01108	0.00672	0.00548	0.00170	0.00562	0.00523	0.00535	0.00897
21	0.51115	0.15924	0.12164	0.00921	0.01353	0.03007	0.00890	0.06058	0.01102	0.02169	0.00824	0.00948	0.00647	0.00511	0.00381	0.00159	0.00527	0.00323	0.00315	0.00662
22	0.00759	0.00555	0.00712	0.00677	0.00807	0.00508	0.00506	0.01002	0.01507	0.02109	0.69485	0.05978	0.11056	0.01151	0.00644	0.00174	0.00260	0.01013	0.00590	0.00508
23	0.00781	0.00534	0.00622	0.00621	0.00646	0.00532	0.00374	0.00821	0.00879	0.01180	0.07407	0.05325	0.05667	0.64585	0.07420	0.00502	0.00553	0.00827	0.00360	0.00362
24	0.01025	0.00612	0.00825	0.00796	0.00860	0.00651	0.00562	0.03244	0.11494	0.01234	0.01178	0.01739	0.01081	0.01868	0.07918	0.63202	0.00549	0.00503	0.00295	0.00365
25	0.02135	0.00937	0.01215	0.00974	0.01351	0.00868	0.00789	0.02562	0.13845	0.59600	0.05269	0.04758	0.01637	0.00740	0.00558	0.00173	0.00445	0.00613	0.00646	0.00883
26	0.01350	0.01290	0.02167	0.03242	0.73909	0.01298	0.01636	0.01730	0.04735	0.01804	0.01081	0.01381	0.00901	0.00498	0.00540	0.00163	0.00638	0.00492	0.00283	0.00864
27	0.01117	0.05972	0.71458	0.01563	0.02343	0.01308	0.05381	0.01724	0.01156	0.01709	0.00975	0.01155	0.00697	0.00513	0.00517	0.00171	0.00802	0.00409	0.00232	0.00798
28	0.01268	0.01215	0.02054	0.20871	0.56873	0.01293	0.01614	0.01592	0.01188	0.01670	0.00998	0.01366	0.00825	0.00521	0.00599	0.00170	0.04344	0.00485	0.00262	0.00792
29	0.01030	0.00969	0.01635	0.79530	0.03755	0.01211	0.01514	0.01393	0.01090	0.01393	0.00969	0.01453	0.00727	0.00545	0.00545	0.00182	0.00727	0.00484	0.00242	0.00606
30	0.02004	0.01475	0.01591	0.01234	0.01653	0.01629	0.01020	0.71463	0.02496	0.03347	0.02913	0.01537	0.01091	0.00694	0.00555	0.00167	0.00589	0.03094	0.00545	0.00904
31	0.00757	0.00552	0.00730	0.00823	0.00919	0.00524	0.00642	0.00935	0.01202	0.01579	0.11190	0.34976	0.11816	0.01529	0.00707	0.00223	0.00378	0.29529	0.00515	0.00475
32	0.01130	0.00969	0.01130	0.00807	0.01292	0.00727	0.00646	0.01373	0.01130	0.01776	0.00969	0.01130	0.00807	0.00404	0.00404	0.00081	0.00404	0.00323	0.00323	0.84173
33	0.02174	0.01182	0.01404	0.01084	0.01495	0.01194	0.00892	0.36160	0.02021	0.39026	0.06263	0.01737	0.01383	0.00692	0.00553	0.00167	0.00514	0.00548	0.00611	0.00903
34	0.02139	0.01421	0.01570	0.01204	0.01638	0.01533	0.00994	0.62666	0.02385	0.16643	0.01458	0.01406	0.01002	0.00658	0.00546	0.00165	0.00576	0.00501	0.00568	0.00927
35	0.00788	0.00529	0.00593	0.00593	0.00599	0.00527	0.00333	0.00793	0.00806	0.01069	0.01829	0.03617	0.04175	0.78525	0.02713	0.00519	0.00521	0.00803	0.00335	0.00334
36	0.01349	0.01295	0.02213	0.03346	0.77440	0.01295	0.01673	0.01673	0.01241	0.01781	0.01025	0.01349	0.00864	0.00486	0.00540	0.00162	0.00648	0.00486	0.00270	0.00864
37	0.00703	0.00511	0.00635	0.00704	0.00791	0.00461	0.00490	0.00828	0.01157	0.02864	0.11739	0.52135	0.21902	0.01544	0.00675	0.00206	0.00303	0.01372	0.00519	0.00464
38	0.00793	0.00529	0.00595	0.00595	0.00595	0.00529	0.00330	0.00793	0.00793	0.01057	0.01718	0.03568	0.01982	0.80840	0.02775	0.00529	0.00529	0.00793	0.00330	0.00330
39	0.01039	0.00737	0.00924	0.00926	0.01108	0.00750	0.00759	0.03651	0.13930	0.06209	0.19577	0.07197	0.06636	0.01219	0.00670	0.00211	0.00419	0.32897	0.00544	0.00598
40	0.84691	0.01054	0.00801	0.00717	0.01054	0.01223	0.00590	0.01603	0.00928	0.02446	0.00759	0.00886	0.00590	0.00506	0.00337	0.00169	0.00422	0.00295	0.00337	0.00590
41	0.02072	0.01527	0.01636	0.01254	0.01691	0.01691	0.01036	0.75622	0.02563	0.03436	0.01309	0.01309	0.00927	0.00654	0.00545	0.00164	0.00600	0.00491	0.00545	0.00927
42	0.01722	0.01749	0.24455	0.01265	0.01792	0.01341	0.01257	0.28722	0.12665	0.15704	0.01482	0.01459	0.01035	0.00625	0.00536	0.00169	0.00610	0.00489	0.00470	0.02453
43	0.07404	0.00672	0.00854	0.00797	0.00889	0.00708	0.00575	0.11504	0.01008	0.01436	0.01042	0.01682	0.00982	0.01601	0.01729	0.63344	0.00489	0.02619	0.00296	0.00370
44	0.00766	0.00556	0.00723	0.00688	0.00816	0.00513	0.00517	0.01015	0.01516	0.02133	0.71638	0.05914	0.07671	0.01144	0.00646	0.00174	0.00263	0.02202	0.00593	0.00511
45	0.00897	0.00596	0.00763	0.00743	0.00902	0.00546	0.00584	0.01123	0.01424	0.07901	0.42697	0.06387	0.17846	0.01215	0.00657	0.00189	0.00323	0.14107	0.00569	0.00533
46	0.00664	0.00474	0.00633	0.00759	0.00791	0.00443	0.00506	0.00759	0.01044	0.01392	0.03005	0.80485	0.03606	0.01708	0.00696	0.00221	0.00316	0.01550	0.00506	0.00443
47	0.01710	0.01303	0.01399	0.01161	0.01528	0.01461	0.00930	0.32602	0.42028	0.07020	0.01843	0.01728	0.01345	0.00701	0.00551	0.00175	0.00502	0.00561	0.00558	0.00893
48	0.01110	0.01035	0.01749	0.56228	0.23039	0.01203	0.01513	0.01439	0.01114	0.01477	0.00983	0.01434	0.00772	0.00585	0.00609	0.03621	0.00696	0.00484	0.00249	0.00658
49	0.01739	0.01331	0.01470	0.02892	0.01607	0.01363	0.00919	0.49556	0.02059	0.02845	0.01190	0.01254	0.00883	0.00570	0.00499	0.00137	0.00538	0.00436	0.00465	0.28247
50	0.00793	0.00529	0.00595	0.00595	0.00595	0.00529	0.00330	0.00793	0.00793	0.01057	0.01718	0.03568	0.01982	0.80840	0.02775	0.00529	0.00529	0.00793	0.00330	0.00330
51	0.00672	0.00480	0.00641	0.00763	0.00799	0.00449	0.00515	0.00775	0.01061	0.01418	0.04895	0.76817	0.03634	0.01688	0.00696	0.00221	0.00319	0.03204	0.00508	0.00446
52	0.01103	0.04820	0.76097	0.01538	0.02335	0.01289	0.01987	0.01724	0.01150	0.01715	0.00973	0.01144	0.00691	0.00517	0.00514	0.00171	0.00800	0.00400	0.00230	0.00803
53	0.00793	0.00529	0.00595	0.00595	0.00595	0.00529	0.00330	0.00793	0.00793	0.01057	0.01718	0.03568	0.01982	0.80840	0.02775	0.00529	0.00529	0.00793	0.00330	0.00330
54	0.01049	0.00539	0.00543	0.00531	0.00667	0.00544	0.00401	0.03544	0.01187	0.02075	0.01764	0.02010	0.01383	0.00636	0.00386	0.00128	0.00265	0.00508	0.81319	0.00521
55	0.00681	0.00546	0.00608	0.00608	0.00763	0.00474	0.00450	0.00848	0.01307	0.01662	0.25058	0.11938	0.50461	0.01338	0.00649	0.00184	0.00275	0.01142	0.00532	0.00474
56	0.00890	0.00507	0.00736	0.00756	0.00763	0.00522	0.00515	0.00750	0.00797	0.01072	0.01436	0.20777	0.01582	0.01805	0.01766	0.59864	0.04122	0.00735	0.00302	0.00303
57	0.84691	0.01054	0.00801	0.00717	0.01054	0.01223	0.00590	0.01603	0.00928	0.02446	0.00759	0.00886	0.00590	0.00506	0.00337	0.00169	0.00422	0.00295	0.00337	0.00590
58	0.00947	0.00473	0.00710	0.00710	0.00710	0.00473	0.00473	0.00710	0.00710	0.00947	0.00947	0.01657	0.00947	0.01894	0.02131	0.84138	0.00473	0.00473	0.00237	0.00237
59	0.01458	0.81168	0.02857	0.00933	0.01399	0.02157	0.00933	0.01632	0.01108	0.01283	0.00758	0.00875	0.00700	0.00466	0.00350	0.00117	0.00583	0.00292	0.00233	0.00700
60	0.02037	0.02598	0.01545	0.01404	0.01685	0.78652	0.01053	0.02177	0.01545	0.01334	0.00843	0.00983	0.00702	0.00562	0.00492	0.00140	0.00983	0.00351	0.00281	0.00632
61	0.00664	0.00474	0.00633	0.00759	0.00791	0.00443	0.00506	0.00759	0.01044	0.01392	0.03005	0.80485	0.03606	0.01708	0.00696	0.00221	0.00316	0.01550	0.00506	0.00443
62	0.01130	0.00969	0.01130	0.00807	0.01292	0.00727	0.00646	0.01373	0.01130	0.01776	0.00969	0.01130	0.00807	0.00404	0.00404	0.00081	0.00404	0.00323	0.00323	0.84173
63	0.01030	0.00969	0.01635	0.79530	0.03755	0.01211	0.01514	0.01393	0.01090	0.01393	0.00969	0.01453	0.00727	0.00545	0.00545	0.00182	0.00727	0.00484	0.00242	0.00606
64	0.01356	0.01171	0.01233	0.01109	0.01418	0.01356	0.00863	0.02897	0.76455	0.02281	0.02219	0.02034	0.01664	0.00740	0.00555	0.00185	0.00431	0.00616	0.00555	0.00863
65	0.00664	0.00476	0.00631	0.00754	0.00789	0.00443	0.00504	0.00760	0.01049	0.01394	0.03070	0.78547	0.05501	0.01700	0.00695	0.00220	0.00315	0.01540	0.00506	0.00443
66	0.00664	0.00474	0.00633	0.00759	0.00791	0.00443	0.00506	0.00759	0.01044	0.01392	0.03005	0.80485	0.03606	0.01708	0.00696	0.00221	0.00316	0.01550	0.00506	0.00443
67	0.00869	0.00620	0.00867	0.00993	0.01114	0.00619	0.00861	0.01112	0.01245	0.01620	0.02892	0.09602	0.03159	0.01515	0.00750	0.00250	0.00493	0.70416	0.00502	0.00499
68	0.00779	0.00584	0.00876	0.00876	0.00974	0.00681	0.00681	0.00974	0.00876	0.01266	0.01460	0.02142	0.01363	0.04089	0.78680	0.00876	0.01460	0.00584	0.00292	0.00487
69	0.00781	0.00576	0.00836	0.00836	0.00920	0.00660	0.00632	0.00948	0.00864	0.01236	0.01497	0.02343	0.01451	0.14948	0.67941	0.00827	0.01328	0.00614	0.00297	0.00465
70	0.01427	0.01167	0.01243	0.01106	0.01422	0.01335	0.00864	0.04476	0.71028	0.06147	0.02196	0.02009	0.01632	0.00734	0.00554	0.00184	0.00437	0.00610	0.00561	0.00868
71	0.02037	0.02598	0.01545	0.01404	0.01685	0.78652	0.01053	0.02177	0.01545	0.01334	0.00843	0.00983	0.00702	0.00562	0.00492	0.00140	0.00983	0.00351	0.00281	0.00632
72	0.00792	0.00530	0.00603	0.00603	0.00607	0.00532	0.00342	0.00802	0.00810	0.01085	0.03252	0.03547	0.02033	0.77565	0.04361	0.00529	0.00543	0.00792	0.00335	0.00337
73	0.00673	0.00488	0.00649	0.00767	0.00801	0.00464	0.00516	0.00769	0.01044	0.01392	0.03009	0.77828	0.04829	0.01689	0.00714	0.00221	0.01676	0.01525	0.00502	0.00446
74	0.01759	0.01281	0.01447	0.01158	0.01508	0.01401	0.02285	0.55269	0.02142	0.04787	0.01527	0.09557	0.01286	0.03833	0.07915	0.00249	0.00651	0.00622	0.00509	0.00813
75	0.02072	0.01527	0.01636	0.01254	0.01691	0.01691	0.01036	0.75622	0.02563	0.03436	0.01309	0.01309	0.00927	0.00654	0.00545	0.00164	0.00600	0.00491	0.00545	0.00927
76	0.01439	0.01159	0.01255	0.00984	0.01379	0.03333	0.00784	0.28191	0.04842	0.02333	0.01535	0.09470	0.04304	0.00686	0.00503	0.00135	0.00479	0.00556	0.00438	0.36197
77	0.01093	0.02820	0.78016	0.01554	0.02360	0.01266	0.02014	0.01727	0.01151	0.01727	0.00978	0.01151	0.00691	0.00518	0.00518	0.00173	0.00806	0.00403	0.00230	0.00806
78	0.78787	0.01088	0.00861	0.00755	0.01100	0.01256	0.00622	0.06893	0.01045	0.02517	0.00798	0.00916	0.00614	0.00517	0.00352	0.00168	0.00434	0.00309	0.00352	0.00614
79	0.00779	0.00584	0.00876	0.00876	0.00974	0.00681	0.00681	0.00974	0.00876	0.01266	0.01460	0.02142	0.01363	0.04089	0.78680	0.00876	0.01460	0.00584	0.00292	0.00487
80	0.00793	0.00529	0.00595	0.00595	0.00595	0.00529	0.00330	0.00793	0.00793	0.01057	0.01718	0.03568	0.01982	0.80840	0.02775	0.00529	0.00529	0.00793	0.00330	0.00330
81	0.01202	0.01221	0.01828	0.01520	0.01576	0.01640	0.08768	0.01356	0.00881	0.01356	0.00755	0.01221	0.00727	0.00904	0.01672	0.00233	0.71792	0.00494	0.00242	0.00611
82	0.01429	0.01207	0.01274	0.01124	0.01446	0.01390	0.00881	0.10328	0.68904	0.02399	0.02126	0.01960	0.01589	0.00731	0.00554	0.00183	0.00449	0.00604	0.00554	0.00869
83	0.00752	0.00555	0.00703	0.00670	0.00803	0.00505	0.00501	0.00989	0.01491	0.02072	0.65788	0.06126	0.14688	0.01165	0.00644	0.00174	0.00261	0.01022	0.00585	0.00505
84	0.00771	0.00571	0.00645	0.00617	0.00793	0.00494	0.00466	0.00953	0.01359	0.05249	0.29675	0.04691	0.49246	0.01258	0.00639	0.00179	0.00278	0.01067	0.00546	0.00500
85	0.01016	0.00508	0.00508	0.00508	0.00635	0.00508	0.00381	0.01270	0.01143	0.02033	0.01778	0.02033	0.01397	0.00635	0.00381	0.00127	0.00254	0.00508	0.83867	0.00508
86	0.02037	0.02598	0.01545	0.01404	0.01685	0.78652	0.01053	0.02177	0.01545	0.01334	0.00843	0.00983	0.00702	0.00562	0.00492	0.00140	0.00983	0.00351	0.00281	0.00632
87	0.01659	0.01482	0.01623	0.01347	0.01550	0.12053	0.01103	0.26317	0.01542	0.05578	0.00998	0.01234	0.00814	0.00788	0.01140	0.00197	0.39012	0.00468	0.00367	0.00727
88	0.01303	0.01375	0.07364	0.04589	0.63334	0.01269	0.06005	0.01653	0.01235	0.01761	0.01102	0.01542	0.00940	0.00529	0.00553	0.00168	0.00670	0.03496	0.00276	0.00832
