[name]
unknown

[dist]
# distance from previous block
# <min> <max>
0	7

[block]
# block no. 0 follows, 41 sequences, length 35
# corresponding to MSA columns:
# 7-41
name=unknown_A
#
# <colnr> <probs for GDERKNQSTAVLIFYWHMCP>
#	G	D	E	R	K	N	Q	S	T	A	V	L	I	F	Y	W	H	M	C	P
0	0.00866	0.00639	0.00845	0.00940	0.01085	0.00617	0.00804	0.01106	0.01330	0.01709	0.07444	0.06146	0.18047	0.01532	0.00761	0.00245	0.00465	0.54368	0.00533	0.00519
1	0.16332	0.01457	0.01507	0.01193	0.01618	0.01622	0.00979	0.51979	0.10072	0.05546	0.01402	0.01394	0.01007	0.00670	0.00535	0.00175	0.00574	0.00495	0.00539	0.00904
2	0.01147	0.02959	0.76934	0.01630	0.02476	0.01328	0.02113	0.01811	0.01208	0.01811	0.01026	0.01208	0.00725	0.00543	0.00543	0.00181	0.00845	0.00423	0.00242	0.00845
3	0.01327	0.39231	0.42232	0.01324	0.02003	0.01767	0.01581	0.01765	0.01186	0.01593	0.00918	0.01071	0.00729	0.00518	0.00461	0.00154	0.00736	0.00368	0.00243	0.00793
4	0.00810	0.00585	0.00765	0.00720	0.00855	0.00540	0.00540	0.01079	0.01619	0.02294	0.76028	0.04273	0.05397	0.01169	0.00675	0.00180	0.00270	0.01034	0.00630	0.00540
5	0.00994	0.00497	0.00745	0.00745	0.00745	0.00497	0.00497	0.00745	0.00745	0.00994	0.00994	0.01739	0.00994	0.01987	0.02235	0.83358	0.00497	0.00497	0.00248	0.00248
6	0.00701	0.00500	0.00662	0.00791	0.00823	0.00467	0.00525	0.00798	0.01087	0.01449	0.03110	0.77146	0.03730	0.04243	0.00799	0.00242	0.00339	0.01601	0.00525	0.00461
7	0.01499	0.01238	0.01315	0.01166	0.01501	0.01420	0.00912	0.06560	0.69155	0.05027	0.02278	0.02090	0.01696	0.00769	0.00581	0.00192	0.00463	0.00638	0.00586	0.00911
8	0.01066	0.00533	0.00533	0.00533	0.00666	0.00533	0.00400	0.01333	0.01200	0.02132	0.01866	0.02132	0.01466	0.00666	0.00400	0.00133	0.00267	0.00533	0.83073	0.00533
9	0.00791	0.00547	0.00724	0.00819	0.00887	0.00517	0.00574	0.00957	0.02884	0.03631	0.10948	0.62864	0.03814	0.01659	0.00720	0.00226	0.00345	0.06045	0.00547	0.00501
10	0.01698	0.01319	0.01414	0.01198	0.01566	0.01488	0.00953	0.23028	0.50791	0.06931	0.02056	0.01910	0.01511	0.00747	0.00579	0.00187	0.00504	0.00606	0.00586	0.00928
11	0.01251	0.01251	0.01752	0.01502	0.01502	0.01752	0.01251	0.01377	0.00876	0.01377	0.00751	0.01251	0.00751	0.01001	0.01877	0.00250	0.78851	0.00501	0.00250	0.00626
12	0.02546	0.01007	0.01348	0.01033	0.01477	0.00890	0.00854	0.06575	0.01693	0.72861	0.02210	0.01917	0.01392	0.00707	0.00575	0.00177	0.00494	0.00572	0.00701	0.00973
13	0.00710	0.00503	0.00660	0.00779	0.00809	0.00474	0.00512	0.00800	0.01069	0.01425	0.03016	0.71885	0.03611	0.09666	0.00950	0.00265	0.00354	0.01546	0.00512	0.00453
14	0.01932	0.01482	0.01580	0.01267	0.01681	0.01660	0.01028	0.51364	0.26144	0.03213	0.01682	0.01619	0.01223	0.00716	0.00575	0.00179	0.00572	0.00558	0.00575	0.00951
15	0.01423	0.01229	0.01293	0.01164	0.01487	0.01423	0.00905	0.03039	0.75297	0.02393	0.02328	0.02134	0.01746	0.00776	0.00582	0.00194	0.00453	0.00647	0.00582	0.00905
16	0.01147	0.02959	0.76934	0.01630	0.02476	0.01328	0.02113	0.01811	0.01208	0.01811	0.01026	0.01208	0.00725	0.00543	0.00543	0.00181	0.00845	0.00423	0.00242	0.00845
17	0.01448	0.01241	0.01308	0.01169	0.01497	0.01435	0.00912	0.05455	0.72840	0.02434	0.02296	0.02108	0.01720	0.00773	0.00582	0.00193	0.00459	0.00642	0.00582	0.00908
18	0.01147	0.02959	0.76934	0.01630	0.02476	0.01328	0.02113	0.01811	0.01208	0.01811	0.01026	0.01208	0.00725	0.00543	0.00543	0.00181	0.00845	0.00423	0.00242	0.00845
19	0.01147	0.02959	0.76934	0.01630	0.02476	0.01328	0.02113	0.01811	0.01208	0.01811	0.01026	0.01208	0.00725	0.00543	0.00543	0.00181	0.00845	0.00423	0.00242	0.00845
20	0.00699	0.00580	0.00612	0.00604	0.00787	0.00493	0.00453	0.00866	0.01359	0.01675	0.18014	0.05290	0.63797	0.01400	0.00676	0.00191	0.00286	0.01177	0.00548	0.00493
21	0.00922	0.00658	0.00922	0.01053	0.01185	0.00658	0.00922	0.01185	0.01317	0.01712	0.03029	0.06452	0.03292	0.01580	0.00790	0.00263	0.00527	0.72480	0.00527	0.00527
22	0.83938	0.01106	0.00841	0.00752	0.01106	0.01283	0.00619	0.01681	0.00973	0.02566	0.00796	0.00929	0.00619	0.00531	0.00354	0.00177	0.00442	0.00310	0.00354	0.00619
23	0.00697	0.00498	0.00664	0.00796	0.00830	0.00465	0.00531	0.00796	0.01095	0.01460	0.03153	0.79525	0.03783	0.01792	0.00730	0.00232	0.00332	0.01626	0.00531	0.00465
24	0.00697	0.00498	0.00664	0.00796	0.00830	0.00465	0.00531	0.00796	0.01095	0.01460	0.03153	0.79525	0.03783	0.01792	0.00730	0.00232	0.00332	0.01626	0.00531	0.00465
25	0.00715	0.00506	0.00658	0.00773	0.00801	0.00477	0.00506	0.00801	0.01059	0.01412	0.02968	0.69153	0.03550	0.12481	0.01029	0.00276	0.00362	0.01517	0.00506	0.00448
26	0.83938	0.01106	0.00841	0.00752	0.01106	0.01283	0.00619	0.01681	0.00973	0.02566	0.00796	0.00929	0.00619	0.00531	0.00354	0.00177	0.00442	0.00310	0.00354	0.00619
27	0.01529	0.80242	0.02997	0.00979	0.01468	0.02263	0.00979	0.01713	0.01162	0.01346	0.00795	0.00918	0.00734	0.00489	0.00367	0.00122	0.00612	0.00306	0.00245	0.00734
28	0.00777	0.00649	0.00686	0.00665	0.00862	0.00592	0.00502	0.01099	0.09217	0.01759	0.17051	0.04943	0.56498	0.01331	0.00666	0.00191	0.00304	0.01119	0.00553	0.00537
29	0.01260	0.02036	0.31279	0.02148	0.08821	0.01364	0.38216	0.01793	0.01301	0.01843	0.03611	0.01496	0.00968	0.00531	0.00616	0.00186	0.00872	0.00577	0.00282	0.00803
30	0.01157	0.05231	0.01490	0.01207	0.01373	0.04892	0.05618	0.03386	0.01072	0.01524	0.01301	0.03843	0.02623	0.01990	0.26691	0.00439	0.25717	0.00570	0.04355	0.05523
31	0.02024	0.01489	0.01612	0.01269	0.01684	0.01640	0.01040	0.66592	0.02526	0.03384	0.01559	0.07449	0.01257	0.00798	0.00591	0.00179	0.00604	0.02814	0.00568	0.00921
32	0.01697	0.01566	0.02007	0.04667	0.43109	0.11889	0.01455	0.18749	0.01680	0.04076	0.02889	0.01436	0.01011	0.00584	0.00564	0.00168	0.00704	0.00505	0.00370	0.00874
33	0.07249	0.09713	0.01769	0.10825	0.07520	0.48149	0.01168	0.04271	0.01486	0.01581	0.00915	0.01113	0.00752	0.00571	0.00503	0.00155	0.00882	0.00390	0.00297	0.00691
34	0.83938	0.01106	0.00841	0.00752	0.01106	0.01283	0.00619	0.01681	0.00973	0.02566	0.00796	0.00929	0.00619	0.00531	0.00354	0.00177	0.00442	0.00310	0.00354	0.00619

[dist]
# distance from previous block
# <min> <max>
0	2

[block]
# block no. 1 follows, 41 sequences, length 40
# corresponding to MSA columns:
# 44-80,89-91
name=unknown_B
#
# <colnr> <probs for GDERKNQSTAVLIFYWHMCP>
#	G	D	E	R	K	N	Q	S	T	A	V	L	I	F	Y	W	H	M	C	P
0	0.04044	0.00810	0.01034	0.00930	0.03459	0.00768	0.00700	0.07774	0.01675	0.21191	0.44211	0.03278	0.05808	0.00979	0.00627	0.00178	0.00374	0.00840	0.00622	0.00698
1	0.01419	0.01184	0.01264	0.01134	0.01450	0.01356	0.00882	0.02919	0.68998	0.04456	0.06576	0.02252	0.01947	0.00797	0.00587	0.00193	0.00443	0.00667	0.00588	0.00886
2	0.02566	0.00973	0.01327	0.01018	0.01460	0.00841	0.00841	0.02788	0.01637	0.76726	0.02257	0.01947	0.01416	0.00708	0.00575	0.00177	0.00487	0.00575	0.00708	0.00973
3	0.00728	0.00521	0.00695	0.00803	0.00857	0.00488	0.00558	0.00862	0.01183	0.01594	0.13368	0.64074	0.03977	0.01690	0.00726	0.00227	0.00336	0.06288	0.00545	0.00479
4	0.00676	0.00579	0.00579	0.00579	0.00773	0.00483	0.00435	0.00821	0.01304	0.01545	0.05794	0.05505	0.76098	0.01449	0.00676	0.00193	0.00290	0.01207	0.00531	0.00483
5	0.00994	0.00497	0.00745	0.00745	0.00745	0.00497	0.00497	0.00745	0.00745	0.00994	0.00994	0.01739	0.00994	0.01987	0.02235	0.83358	0.00497	0.00497	0.00248	0.00248
6	0.77220	0.01095	0.00881	0.00774	0.01135	0.01247	0.00638	0.01773	0.01028	0.08690	0.00917	0.01013	0.00685	0.00546	0.00372	0.00177	0.00446	0.00332	0.00383	0.00649
7	0.02566	0.00973	0.01327	0.01018	0.01460	0.00841	0.00841	0.02788	0.01637	0.76726	0.02257	0.01947	0.01416	0.00708	0.00575	0.00177	0.00487	0.00575	0.00708	0.00973
8	0.01874	0.01377	0.01502	0.01210	0.01582	0.01507	0.00974	0.59444	0.02365	0.03169	0.01735	0.17273	0.01544	0.00912	0.00604	0.00184	0.00569	0.00741	0.00564	0.00869
9	0.01186	0.01017	0.01186	0.00847	0.01356	0.00762	0.00678	0.01440	0.01186	0.01864	0.01017	0.01186	0.00847	0.00424	0.00424	0.00085	0.00424	0.00339	0.00339	0.83395
10	0.01350	0.01543	0.03375	0.02411	0.02989	0.01446	0.74253	0.01832	0.01350	0.01832	0.01157	0.01543	0.00868	0.00482	0.00675	0.00193	0.00964	0.00675	0.00289	0.00771
11	0.01384	0.01109	0.01315	0.01243	0.06033	0.01142	0.00952	0.16270	0.20726	0.02304	0.01990	0.02946	0.01788	0.00894	0.00605	0.00185	0.00516	0.20506	0.00497	0.17596
12	0.01080	0.01017	0.01716	0.78523	0.03940	0.01271	0.01589	0.01461	0.01144	0.01461	0.01017	0.01525	0.00762	0.00572	0.00572	0.00191	0.00762	0.00508	0.00254	0.00635
13	0.01809	0.01250	0.01326	0.01058	0.01409	0.01365	0.00861	0.50330	0.02198	0.03120	0.01536	0.01624	0.01135	0.00680	0.00515	0.00159	0.00510	0.00521	0.27767	0.00828
14	0.01474	0.68982	0.13770	0.01074	0.01615	0.02127	0.01144	0.01727	0.01169	0.01414	0.00829	0.00960	0.00733	0.00497	0.00393	0.00131	0.00646	0.00323	0.00244	0.00750
15	0.01080	0.01017	0.01716	0.78523	0.03940	0.01271	0.01589	0.01461	0.01144	0.01461	0.01017	0.01525	0.00762	0.00572	0.00572	0.00191	0.00762	0.00508	0.00254	0.00635
16	0.01229	0.01194	0.02118	0.47969	0.18505	0.01334	0.13783	0.03918	0.01260	0.01675	0.01064	0.01501	0.00816	0.00548	0.00588	0.00186	0.00775	0.00537	0.00276	0.00724
17	0.01416	0.01359	0.02322	0.03511	0.76330	0.01359	0.01755	0.01755	0.01302	0.01869	0.01076	0.01416	0.00906	0.00510	0.00566	0.00170	0.00680	0.00510	0.00283	0.00906
18	0.01529	0.80242	0.02997	0.00979	0.01468	0.02263	0.00979	0.01713	0.01162	0.01346	0.00795	0.00918	0.00734	0.00489	0.00367	0.00122	0.00612	0.00306	0.00245	0.00734
19	0.01080	0.01017	0.01716	0.78523	0.03940	0.01271	0.01589	0.01461	0.01144	0.01461	0.01017	0.01525	0.00762	0.00572	0.00572	0.00191	0.00762	0.00508	0.00254	0.00635
20	0.00810	0.00585	0.00765	0.00720	0.00855	0.00540	0.00540	0.01079	0.01619	0.02294	0.76028	0.04273	0.05397	0.01169	0.00675	0.00180	0.00270	0.01034	0.00630	0.00540
21	0.01147	0.02959	0.76934	0.01630	0.02476	0.01328	0.02113	0.01811	0.01208	0.01811	0.01026	0.01208	0.00725	0.00543	0.00543	0.00181	0.00845	0.00423	0.00242	0.00845
22	0.01314	0.01115	0.01200	0.01086	0.01376	0.01267	0.00841	0.02693	0.62291	0.02375	0.15338	0.02512	0.02391	0.00845	0.00598	0.00192	0.00420	0.00715	0.00590	0.00841
23	0.02094	0.05165	0.01668	0.01458	0.01752	0.73218	0.01105	0.02242	0.01587	0.01398	0.00878	0.01034	0.00737	0.00597	0.00546	0.00149	0.03046	0.00370	0.00292	0.00664
24	0.01186	0.01017	0.01186	0.00847	0.01356	0.00762	0.00678	0.01440	0.01186	0.01864	0.01017	0.01186	0.00847	0.00424	0.00424	0.00085	0.00424	0.00339	0.00339	0.83395
25	0.01147	0.02959	0.76934	0.01630	0.02476	0.01328	0.02113	0.01811	0.01208	0.01811	0.01026	0.01208	0.00725	0.00543	0.00543	0.00181	0.00845	0.00423	0.00242	0.00845
26	0.01168	0.01252	0.02620	0.01961	0.02388	0.01173	0.53729	0.01544	0.01279	0.01729	0.01713	0.23252	0.01679	0.00847	0.00690	0.00204	0.00788	0.00940	0.00357	0.00686
27	0.00697	0.00498	0.00664	0.00796	0.00830	0.00465	0.00531	0.00796	0.01095	0.01460	0.03153	0.79525	0.03783	0.01792	0.00730	0.00232	0.00332	0.01626	0.00531	0.00465
28	0.02334	0.01025	0.01320	0.01047	0.01466	0.00959	0.00854	0.02839	0.16623	0.61603	0.02271	0.01985	0.01483	0.00722	0.00577	0.00180	0.00480	0.00590	0.00682	0.00960
29	0.02566	0.00973	0.01327	0.01018	0.01460	0.00841	0.00841	0.02788	0.01637	0.76726	0.02257	0.01947	0.01416	0.00708	0.00575	0.00177	0.00487	0.00575	0.00708	0.00973
30	0.02566	0.00973	0.01327	0.01018	0.01460	0.00841	0.00841	0.02788	0.01637	0.76726	0.02257	0.01947	0.01416	0.00708	0.00575	0.00177	0.00487	0.00575	0.00708	0.00973
31	0.02054	0.01542	0.01649	0.01292	0.01728	0.01718	0.01058	0.62975	0.14334	0.03410	0.01526	0.01495	0.01097	0.00701	0.00574	0.00175	0.00601	0.00536	0.00574	0.00962
32	0.02254	0.00904	0.01227	0.00965	0.01352	0.00787	0.00787	0.02484	0.01634	0.63491	0.15374	0.02360	0.02124	0.00790	0.00593	0.00178	0.00448	0.00657	0.00694	0.00896
33	0.01244	0.01384	0.05096	0.02236	0.12037	0.01278	0.48146	0.01643	0.01288	0.01767	0.01466	0.13017	0.01347	0.00718	0.00700	0.00198	0.02945	0.02425	0.00327	0.00737
34	0.02566	0.00973	0.01327	0.01018	0.01460	0.00841	0.00841	0.02788	0.01637	0.76726	0.02257	0.01947	0.01416	0.00708	0.00575	0.00177	0.00487	0.00575	0.00708	0.00973
35	0.01242	0.22060	0.58661	0.01469	0.02227	0.01559	0.01833	0.01787	0.01196	0.01696	0.00969	0.01136	0.00727	0.00530	0.00500	0.00167	0.00788	0.00394	0.00242	0.00818
36	0.01150	0.01099	0.03888	0.55620	0.10741	0.01233	0.01474	0.06003	0.01295	0.01703	0.06007	0.01838	0.04278	0.00647	0.00581	0.00186	0.00697	0.00569	0.00312	0.00677
37	0.00954	0.00683	0.00931	0.01040	0.01177	0.00688	0.00892	0.04254	0.01354	0.01768	0.02970	0.13089	0.03240	0.01562	0.00775	0.00257	0.00513	0.62784	0.00529	0.00540
38	0.01534	0.01268	0.01342	0.01169	0.01503	0.01450	0.00915	0.15908	0.58954	0.02558	0.02132	0.02064	0.01620	0.04115	0.00679	0.00205	0.00489	0.00631	0.00570	0.00894
39	0.01333	0.00782	0.01009	0.00911	0.01147	0.00740	0.02964	0.01697	0.10923	0.21947	0.09371	0.21844	0.15033	0.04522	0.00748	0.00215	0.00412	0.03148	0.00578	0.00675

[dist]
# distance from previous block
# <min> <max>
0	2

[block]
# block no. 2 follows, 41 sequences, length 14
# corresponding to MSA columns:
# 94-107
name=unknown_C
#
# <colnr> <probs for GDERKNQSTAVLIFYWHMCP>
#	G	D	E	R	K	N	Q	S	T	A	V	L	I	F	Y	W	H	M	C	P
0	0.46244	0.01323	0.01274	0.01120	0.05089	0.01489	0.00868	0.31601	0.01695	0.02959	0.01047	0.01136	0.00779	0.00594	0.00454	0.00174	0.00531	0.00404	0.00440	0.00779
1	0.01583	0.01399	0.05590	0.31809	0.08907	0.01497	0.01381	0.31607	0.06324	0.02452	0.01249	0.01474	0.00919	0.00625	0.00571	0.00181	0.00686	0.00515	0.00407	0.00824
2	0.01364	0.01342	0.02195	0.03799	0.05980	0.01401	0.31120	0.02378	0.37236	0.02089	0.01839	0.01926	0.03255	0.00654	0.00622	0.00192	0.00679	0.00662	0.00436	0.00832
3	0.01716	0.01845	0.01428	0.01291	0.01603	0.32753	0.00988	0.02729	0.44996	0.01984	0.01734	0.01681	0.01331	0.00699	0.00555	0.00175	0.00691	0.00532	0.00464	0.00806
4	0.01265	0.33599	0.02243	0.46632	0.02923	0.01679	0.01338	0.01565	0.01151	0.01414	0.00926	0.01275	0.00751	0.00538	0.00488	0.00163	0.00700	0.00425	0.00250	0.00676
5	0.00915	0.00563	0.00669	0.00643	0.00777	0.00537	0.00482	0.01184	0.01447	0.02227	0.45528	0.03392	0.03780	0.00963	0.00562	0.00161	0.00268	0.00828	0.34536	0.00537
6	0.00837	0.00560	0.00560	0.00560	0.00729	0.00504	0.00420	0.01031	0.01261	0.01787	0.04179	0.04118	0.45404	0.01127	0.00562	0.00169	0.00280	0.00930	0.34478	0.00504
7	0.50296	0.01772	0.01162	0.01049	0.01378	0.32670	0.00819	0.01929	0.01240	0.02087	0.00833	0.00971	0.00668	0.00555	0.00421	0.00165	0.00685	0.00334	0.00330	0.00637
8	0.00994	0.00497	0.00745	0.00745	0.00745	0.00497	0.00497	0.00745	0.00745	0.00994	0.00994	0.01739	0.00994	0.01987	0.02235	0.83358	0.00497	0.00497	0.00248	0.00248
9	0.01063	0.00920	0.01496	0.01985	0.31993	0.00980	0.01143	0.01323	0.01077	0.01550	0.01344	0.01905	0.01214	0.02735	0.45937	0.00611	0.01181	0.00570	0.00297	0.00673
10	0.01615	0.01858	0.01698	0.01490	0.01611	0.32946	0.01191	0.01750	0.01182	0.01386	0.00806	0.01161	0.00745	0.00832	0.01317	0.00208	0.46847	0.00446	0.00269	0.00641
11	0.02159	0.02064	0.01677	0.01381	0.01772	0.32959	0.01095	0.44755	0.02250	0.02698	0.01172	0.01233	0.00876	0.00647	0.00549	0.00162	0.00795	0.00455	0.00458	0.00845
12	0.01319	0.01296	0.01986	0.02328	0.32276	0.01590	0.01459	0.01532	0.01051	0.01579	0.00885	0.01319	0.00815	0.00799	0.01338	0.00217	0.46702	0.00504	0.00264	0.00741
13	0.35219	0.01053	0.01044	0.00808	0.01253	0.00977	0.00654	0.01539	0.01099	0.02153	0.00926	0.01080	0.00754	0.00468	0.00395	0.00123	0.00431	0.00327	0.00345	0.49352

[dist]
# distance from previous block
# <min> <max>
0	29

[block]
# block no. 3 follows, 41 sequences, length 55
# corresponding to MSA columns:
# 137-191
name=unknown_D
#
# <colnr> <probs for GDERKNQSTAVLIFYWHMCP>
#	G	D	E	R	K	N	Q	S	T	A	V	L	I	F	Y	W	H	M	C	P
0	0.01380	0.01224	0.01710	0.01454	0.01498	0.01663	0.01211	0.01515	0.00951	0.08766	0.00899	0.01320	0.00816	0.00972	0.01749	0.00243	0.71166	0.00508	0.00295	0.00660
1	0.00691	0.00577	0.00584	0.00584	0.00758	0.00490	0.00426	0.00822	0.01257	0.01502	0.05403	0.05332	0.68839	0.09143	0.00895	0.00229	0.00316	0.01170	0.00513	0.00470
2	0.01363	0.01166	0.01242	0.01120	0.01425	0.01336	0.00869	0.02847	0.68071	0.02383	0.09556	0.02344	0.02104	0.00815	0.00591	0.00193	0.00435	0.00685	0.00587	0.00869
3	0.00869	0.00661	0.00917	0.00993	0.08257	0.00620	0.00659	0.01146	0.01588	0.02252	0.68677	0.03992	0.04957	0.01105	0.00664	0.00179	0.00310	0.00983	0.00596	0.00576
4	0.00729	0.00499	0.00671	0.00787	0.00817	0.00470	0.00523	0.00792	0.01055	0.01406	0.02909	0.70126	0.03470	0.03635	0.00929	0.08392	0.00353	0.01497	0.00499	0.00441
5	0.01160	0.00982	0.01160	0.00867	0.01339	0.00752	0.00702	0.01415	0.01199	0.01849	0.01214	0.01703	0.01087	0.00537	0.00460	0.00102	0.00434	0.07414	0.00357	0.75267
6	0.02051	0.01510	0.01639	0.01290	0.01716	0.01664	0.01071	0.67240	0.02555	0.03419	0.01536	0.01871	0.01200	0.00774	0.00594	0.00181	0.00619	0.07573	0.00568	0.00929
7	0.01197	0.01177	0.01645	0.01433	0.01436	0.01626	0.01181	0.01320	0.00897	0.01385	0.00986	0.08928	0.01048	0.01079	0.01765	0.00249	0.71150	0.00611	0.00278	0.00610
8	0.00835	0.00580	0.00742	0.00701	0.00836	0.00539	0.00526	0.01104	0.01578	0.02278	0.68755	0.04063	0.05011	0.01120	0.00648	0.00175	0.00270	0.00985	0.08715	0.00539
9	0.01529	0.80242	0.02997	0.00979	0.01468	0.02263	0.00979	0.01713	0.01162	0.01346	0.00795	0.00918	0.00734	0.00489	0.00367	0.00122	0.00612	0.00306	0.00245	0.00734
10	0.00810	0.00585	0.00765	0.00720	0.00855	0.00540	0.00540	0.01079	0.01619	0.02294	0.76028	0.04273	0.05397	0.01169	0.00675	0.00180	0.00270	0.01034	0.00630	0.00540
11	0.01092	0.01028	0.01736	0.75954	0.06419	0.01274	0.01594	0.01472	0.01149	0.01475	0.01019	0.01521	0.00767	0.00570	0.00572	0.00190	0.00760	0.00508	0.00255	0.00645
12	0.01423	0.01229	0.01293	0.01164	0.01487	0.01423	0.00905	0.03039	0.75297	0.02393	0.02328	0.02134	0.01746	0.00776	0.00582	0.00194	0.00453	0.00647	0.00582	0.00905
13	0.01350	0.01543	0.03375	0.02411	0.02989	0.01446	0.74253	0.01832	0.01350	0.01832	0.01157	0.01543	0.00868	0.00482	0.00675	0.00193	0.00964	0.00675	0.00289	0.00771
14	0.06745	0.00980	0.01302	0.01004	0.01442	0.00863	0.00829	0.02731	0.01603	0.72918	0.02182	0.01895	0.01375	0.00699	0.00564	0.00177	0.00484	0.00562	0.00690	0.00955
15	0.00952	0.00692	0.00944	0.01060	0.01203	0.00704	0.00921	0.01296	0.05739	0.01752	0.02987	0.06194	0.03199	0.01532	0.00778	0.00259	0.00522	0.68186	0.00530	0.00549
16	0.00820	0.00603	0.00869	0.00869	0.00954	0.00688	0.00653	0.00989	0.00904	0.01291	0.01578	0.02501	0.01540	0.17109	0.64963	0.00857	0.01366	0.00650	0.00313	0.00483
17	0.01350	0.01543	0.03375	0.02411	0.02989	0.01446	0.74253	0.01832	0.01350	0.01832	0.01157	0.01543	0.00868	0.00482	0.00675	0.00193	0.00964	0.00675	0.00289	0.00771
18	0.00705	0.00504	0.00673	0.00806	0.00843	0.00472	0.00545	0.00811	0.01103	0.01469	0.03148	0.76816	0.03765	0.01784	0.00732	0.00233	0.00339	0.04253	0.00531	0.00467
19	0.00712	0.00508	0.00680	0.00813	0.00853	0.00477	0.00556	0.00822	0.01110	0.01477	0.03145	0.74774	0.03751	0.01778	0.00734	0.00234	0.00345	0.06232	0.00531	0.00469
20	0.01486	0.71455	0.11404	0.01053	0.01583	0.02157	0.01108	0.01724	0.01167	0.01399	0.00821	0.00951	0.00733	0.00496	0.00387	0.00129	0.00638	0.00319	0.00244	0.00747
21	0.01880	0.01344	0.01522	0.04041	0.01698	0.01413	0.00982	0.39517	0.10483	0.11387	0.01487	0.01493	0.01075	0.00652	0.00576	0.00161	0.02440	0.00502	0.00524	0.16823
22	0.83938	0.01106	0.00841	0.00752	0.01106	0.01283	0.00619	0.01681	0.00973	0.02566	0.00796	0.00929	0.00619	0.00531	0.00354	0.00177	0.00442	0.00310	0.00354	0.00619
23	0.00832	0.00555	0.00624	0.00624	0.00624	0.00555	0.00347	0.00832	0.00832	0.01109	0.01802	0.03743	0.02080	0.79898	0.02911	0.00555	0.00555	0.00832	0.00347	0.00347
24	0.00699	0.00580	0.00611	0.00603	0.00786	0.00493	0.00452	0.00865	0.01357	0.01672	0.17702	0.05296	0.64111	0.01401	0.00676	0.00191	0.00286	0.01178	0.00548	0.00493
25	0.83938	0.01106	0.00841	0.00752	0.01106	0.01283	0.00619	0.01681	0.00973	0.02566	0.00796	0.00929	0.00619	0.00531	0.00354	0.00177	0.00442	0.00310	0.00354	0.00619
26	0.00697	0.00498	0.00664	0.00796	0.00830	0.00465	0.00531	0.00796	0.01095	0.01460	0.03153	0.79525	0.03783	0.01792	0.00730	0.00232	0.00332	0.01626	0.00531	0.00465
27	0.00676	0.00579	0.00579	0.00579	0.00773	0.00483	0.00435	0.00821	0.01304	0.01545	0.05794	0.05505	0.76098	0.01449	0.00676	0.00193	0.00290	0.01207	0.00531	0.00483
28	0.00831	0.00555	0.00628	0.00626	0.00630	0.00554	0.00352	0.00839	0.00853	0.01141	0.03818	0.03757	0.02170	0.77760	0.02851	0.00544	0.00547	0.00837	0.00354	0.00352
29	0.02174	0.01602	0.01717	0.01316	0.01774	0.01774	0.01087	0.74423	0.02689	0.03605	0.01373	0.01373	0.00973	0.00687	0.00572	0.00172	0.00629	0.00515	0.00572	0.00973
30	0.01066	0.00533	0.00533	0.00533	0.00666	0.00533	0.00400	0.01333	0.01200	0.02132	0.01866	0.02132	0.01466	0.00666	0.00400	0.00133	0.00267	0.00533	0.83073	0.00533
31	0.00830	0.00563	0.00665	0.00665	0.00679	0.00577	0.00398	0.00858	0.00844	0.01140	0.01765	0.03535	0.01989	0.69362	0.13324	0.00605	0.00691	0.00801	0.00341	0.00369
32	0.02167	0.01818	0.01698	0.01346	0.01773	0.16321	0.01091	0.60584	0.02484	0.03182	0.01279	0.01308	0.00927	0.00668	0.00561	0.00167	0.00707	0.00487	0.00519	0.00913
33	0.01147	0.02959	0.76934	0.01630	0.02476	0.01328	0.02113	0.01811	0.01208	0.01811	0.01026	0.01208	0.00725	0.00543	0.00543	0.00181	0.00845	0.00423	0.00242	0.00845
34	0.01529	0.80242	0.02997	0.00979	0.01468	0.02263	0.00979	0.01713	0.01162	0.01346	0.00795	0.00918	0.00734	0.00489	0.00367	0.00122	0.00612	0.00306	0.00245	0.00734
35	0.02111	0.00941	0.01275	0.01008	0.01390	0.00849	0.02885	0.03950	0.05758	0.54283	0.14012	0.02435	0.04838	0.00806	0.00598	0.00179	0.00460	0.00677	0.00667	0.00877
36	0.01672	0.02004	0.02255	0.03784	0.02217	0.36660	0.28773	0.01948	0.01407	0.01554	0.01020	0.01353	0.00839	0.02518	0.02948	0.00206	0.07348	0.00516	0.00290	0.00689
37	0.01416	0.01359	0.02322	0.03511	0.76330	0.01359	0.01755	0.01755	0.01302	0.01869	0.01076	0.01416	0.00906	0.00510	0.00566	0.00170	0.00680	0.00510	0.00283	0.00906
38	0.00803	0.00584	0.00756	0.00713	0.00851	0.00537	0.00535	0.01067	0.01604	0.02257	0.72616	0.04332	0.08831	0.01183	0.00675	0.00181	0.00271	0.01043	0.00625	0.00537
39	0.83938	0.01106	0.00841	0.00752	0.01106	0.01283	0.00619	0.01681	0.00973	0.02566	0.00796	0.00929	0.00619	0.00531	0.00354	0.00177	0.00442	0.00310	0.00354	0.00619
40	0.01153	0.01091	0.01847	0.62270	0.19625	0.01290	0.01625	0.01525	0.01178	0.01550	0.01029	0.01501	0.00794	0.00558	0.00571	0.00186	0.00745	0.00509	0.00260	0.00694
41	0.00676	0.00579	0.00579	0.00579	0.00773	0.00483	0.00435	0.00821	0.01304	0.01545	0.05794	0.05505	0.76098	0.01449	0.00676	0.00193	0.00290	0.01207	0.00531	0.00483
42	0.01350	0.01543	0.03375	0.02411	0.02989	0.01446	0.74253	0.01832	0.01350	0.01832	0.01157	0.01543	0.00868	0.00482	0.00675	0.00193	0.00964	0.00675	0.00289	0.00771
43	0.00810	0.00585	0.00765	0.00720	0.00855	0.00540	0.00540	0.01079	0.01619	0.02294	0.76028	0.04273	0.05397	0.01169	0.00675	0.00180	0.00270	0.01034	0.00630	0.00540
44	0.00721	0.00619	0.00623	0.00615	0.00816	0.00540	0.00463	0.00955	0.05772	0.01596	0.05585	0.05301	0.71608	0.01408	0.00670	0.00193	0.00300	0.01173	0.00534	0.00508
45	0.02566	0.00973	0.01327	0.01018	0.01460	0.00841	0.00841	0.02788	0.01637	0.76726	0.02257	0.01947	0.01416	0.00708	0.00575	0.00177	0.00487	0.00575	0.00708	0.00973
46	0.00832	0.00555	0.00624	0.00624	0.00624	0.00555	0.00347	0.00832	0.00832	0.01109	0.01802	0.03743	0.02080	0.79898	0.02911	0.00555	0.00555	0.00832	0.00347	0.00347
47	0.01350	0.01543	0.03375	0.02411	0.02989	0.01446	0.74253	0.01832	0.01350	0.01832	0.01157	0.01543	0.00868	0.00482	0.00675	0.00193	0.00964	0.00675	0.00289	0.00771
48	0.02174	0.01602	0.01717	0.01316	0.01774	0.01774	0.01087	0.74423	0.02689	0.03605	0.01373	0.01373	0.00973	0.00687	0.00572	0.00172	0.00629	0.00515	0.00572	0.00973
49	0.01507	0.01167	0.03749	0.01164	0.01468	0.01180	0.04317	0.34309	0.03334	0.05273	0.02077	0.27878	0.02049	0.01207	0.03278	0.00223	0.00570	0.03968	0.00529	0.00753
50	0.11637	0.70536	0.02733	0.00951	0.01424	0.02143	0.00935	0.01709	0.01139	0.01495	0.00795	0.00919	0.00720	0.00494	0.00365	0.00129	0.00591	0.00306	0.00258	0.00720
51	0.78887	0.01081	0.00855	0.02598	0.01163	0.01253	0.00639	0.01643	0.00982	0.02499	0.00889	0.03857	0.00740	0.00579	0.00373	0.00179	0.00446	0.00363	0.00358	0.00614
52	0.01460	0.01471	0.02237	0.07183	0.57861	0.08357	0.05826	0.01853	0.04795	0.01826	0.01119	0.01427	0.00920	0.00531	0.00569	0.00171	0.00722	0.00513	0.00297	0.00861
53	0.01358	0.01499	0.03129	0.02246	0.02796	0.01420	0.64858	0.03731	0.01358	0.01866	0.01139	0.01504	0.00865	0.00502	0.00697	0.00187	0.03623	0.00642	0.00299	0.06279
54	0.01764	0.02052	0.01952	0.13378	0.05600	0.40956	0.12475	0.06452	0.01507	0.01631	0.00976	0.01239	0.00784	0.00601	0.00649	0.00171	0.06349	0.00461	0.00301	0.00703

[dist]
# distance from previous block
# <min> <max>
8	17

[block]
# block no. 4 follows, 41 sequences, length 14
# corresponding to MSA columns:
# 209-222
name=unknown_E
#
# <colnr> <probs for GDERKNQSTAVLIFYWHMCP>
#	G	D	E	R	K	N	Q	S	T	A	V	L	I	F	Y	W	H	M	C	P
0	0.00815	0.06097	0.00865	0.00700	0.00878	0.00648	0.00543	0.01034	0.01449	0.01932	0.43763	0.04356	0.28535	0.01365	0.04337	0.00216	0.00361	0.01022	0.00555	0.00533
1	0.00676	0.00579	0.00579	0.00579	0.00773	0.00483	0.00435	0.00821	0.01304	0.01545	0.05794	0.05505	0.76098	0.01449	0.00676	0.00193	0.00290	0.01207	0.00531	0.00483
2	0.01507	0.51891	0.17839	0.01193	0.01709	0.10601	0.01237	0.01781	0.01210	0.01448	0.00850	0.01006	0.00733	0.00536	0.00493	0.00143	0.04483	0.00346	0.00250	0.00743
3	0.00820	0.00628	0.00769	0.00766	0.00912	0.00582	0.00557	0.01107	0.06466	0.01883	0.31270	0.29725	0.14135	0.01343	0.00670	0.00194	0.00317	0.01186	0.00559	0.06109
4	0.04842	0.16962	0.52154	0.01429	0.02147	0.01512	0.01724	0.06848	0.01307	0.04583	0.01042	0.01180	0.00764	0.00549	0.00506	0.00169	0.00757	0.00408	0.00287	0.00829
5	0.02026	0.01466	0.01591	0.01232	0.01665	0.01589	0.01006	0.58793	0.06676	0.06841	0.01466	0.01533	0.01077	0.04026	0.00662	0.00184	0.00595	0.00527	0.00554	0.06491
6	0.02059	0.01523	0.01651	0.01276	0.01715	0.01675	0.01050	0.67472	0.02531	0.03408	0.01369	0.01417	0.00995	0.00886	0.05043	0.00212	0.00674	0.00514	0.00548	0.03980
7	0.00969	0.00659	0.00860	0.03613	0.01040	0.00630	0.00609	0.05193	0.01095	0.01509	0.01958	0.32195	0.02158	0.05106	0.01203	0.24298	0.00438	0.02366	0.02118	0.11985
8	0.07677	0.01613	0.01654	0.01284	0.01729	0.04745	0.01056	0.66667	0.02531	0.03448	0.01315	0.01330	0.00940	0.00672	0.00555	0.00171	0.00633	0.00495	0.00547	0.00937
9	0.02117	0.01574	0.01685	0.01305	0.01752	0.01747	0.01073	0.69018	0.08187	0.03513	0.01446	0.01431	0.01031	0.00693	0.00573	0.00173	0.00616	0.00525	0.00573	0.00968
10	0.01986	0.03903	0.01570	0.01194	0.01590	0.01529	0.00971	0.54192	0.03958	0.09872	0.01599	0.06543	0.01278	0.06236	0.00738	0.00201	0.00588	0.00609	0.00556	0.00888
11	0.01313	0.36468	0.44876	0.01348	0.02039	0.01734	0.01621	0.01769	0.01188	0.01610	0.00926	0.01082	0.00729	0.00520	0.00467	0.00156	0.00744	0.00372	0.00243	0.00797
12	0.05150	0.05345	0.01582	0.01371	0.03131	0.46955	0.01039	0.07545	0.14189	0.04182	0.01224	0.01307	0.00966	0.00728	0.02696	0.00180	0.00853	0.00438	0.00377	0.00738
13	0.01590	0.01108	0.03982	0.01025	0.01377	0.01047	0.00845	0.20270	0.09712	0.16816	0.10644	0.10013	0.08139	0.00915	0.00599	0.00178	0.00471	0.02183	0.00564	0.08522

[dist]
# distance from previous block
# <min> <max>
9	14

[block]
# block no. 5 follows, 41 sequences, length 7
# corresponding to MSA columns:
# 238-244
name=unknown_F
#
# <colnr> <probs for GDERKNQSTAVLIFYWHMCP>
#	G	D	E	R	K	N	Q	S	T	A	V	L	I	F	Y	W	H	M	C	P
0	0.13820	0.68440	0.02676	0.00945	0.01414	0.02117	0.00925	0.01708	0.01134	0.01528	0.00795	0.00919	0.00717	0.00496	0.00365	0.00130	0.00586	0.00306	0.00261	0.00717
1	0.01324	0.01065	0.01141	0.01027	0.01305	0.01198	0.00797	0.06065	0.51523	0.02406	0.13215	0.02415	0.02218	0.00817	0.00573	0.00183	0.00411	0.00684	0.10825	0.00808
2	0.52103	0.01047	0.00941	0.00822	0.01145	0.01168	0.00665	0.08388	0.04968	0.06132	0.12266	0.01634	0.01499	0.00668	0.00446	0.00176	0.00428	0.00477	0.04362	0.00667
3	0.01605	0.70623	0.02827	0.01040	0.01505	0.11612	0.00994	0.01784	0.01219	0.01352	0.00806	0.00932	0.00734	0.00502	0.00385	0.00125	0.00664	0.00314	0.00251	0.00725
4	0.01968	0.01484	0.01584	0.01249	0.01670	0.01643	0.01021	0.58769	0.14235	0.03293	0.01780	0.01732	0.05409	0.00745	0.00580	0.00176	0.00582	0.00576	0.00571	0.00934
5	0.01440	0.01053	0.01496	0.29723	0.07966	0.01173	0.01220	0.05241	0.16659	0.13867	0.01801	0.02424	0.01460	0.00784	0.00606	0.00197	0.00608	0.11066	0.00451	0.00765
6	0.03809	0.01056	0.01184	0.04512	0.01462	0.03274	0.00880	0.08325	0.26227	0.11295	0.02575	0.04823	0.09641	0.00980	0.00621	0.00199	0.00496	0.14939	0.00543	0.03156

[dist]
# distance from previous block
# <min> <max>
22	46

[block]
# block no. 6 follows, 41 sequences, length 139
# corresponding to MSA columns:
# 299-376,378-438
name=unknown_G
#
# <colnr> <probs for GDERKNQSTAVLIFYWHMCP>
#	G	D	E	R	K	N	Q	S	T	A	V	L	I	F	Y	W	H	M	C	P
0	0.04170	0.00889	0.00980	0.00835	0.01127	0.02379	0.00655	0.09913	0.03087	0.15960	0.09631	0.03450	0.28386	0.05708	0.00741	0.00198	0.00422	0.02580	0.00539	0.08351
1	0.04437	0.00782	0.03518	0.00809	0.01034	0.00689	0.00649	0.01422	0.07070	0.11640	0.31788	0.09791	0.18550	0.02593	0.00686	0.00196	0.00360	0.02794	0.00575	0.00616
2	0.01513	0.61389	0.11814	0.01071	0.01579	0.05500	0.01100	0.01759	0.01223	0.03830	0.04030	0.01132	0.00950	0.00536	0.00415	0.00135	0.00641	0.00362	0.00277	0.00744
3	0.00896	0.04056	0.01002	0.00833	0.01058	0.00726	0.04921	0.03619	0.04778	0.01817	0.18249	0.15770	0.32991	0.01234	0.00649	0.00187	0.00372	0.01070	0.00517	0.05254
4	0.01489	0.75729	0.02880	0.00975	0.01443	0.02176	0.00964	0.01674	0.01148	0.01345	0.00837	0.00993	0.00773	0.00705	0.04746	0.00168	0.00664	0.00323	0.00248	0.00721
5	0.06320	0.05741	0.04960	0.01017	0.01497	0.01169	0.00873	0.17372	0.01487	0.02231	0.01057	0.01200	0.00845	0.00522	0.00518	0.00123	0.03947	0.00385	0.00377	0.48359
6	0.01246	0.00889	0.01106	0.01087	0.01313	0.00916	0.00931	0.18214	0.01640	0.03934	0.02711	0.05011	0.06009	0.01321	0.00721	0.00233	0.00537	0.49256	0.00538	0.02388
7	0.01529	0.80242	0.02997	0.00979	0.01468	0.02263	0.00979	0.01713	0.01162	0.01346	0.00795	0.00918	0.00734	0.00489	0.00367	0.00122	0.00612	0.00306	0.00245	0.00734
8	0.00929	0.00672	0.00921	0.01043	0.01176	0.00678	0.00898	0.01237	0.04311	0.01724	0.03007	0.10639	0.03258	0.01560	0.00778	0.00259	0.00512	0.65330	0.00529	0.00538
9	0.02017	0.01551	0.01626	0.01288	0.01714	0.03508	0.01050	0.57815	0.17807	0.03299	0.01561	0.01524	0.01128	0.00703	0.00573	0.00176	0.00602	0.00539	0.00568	0.00951
10	0.01271	0.10227	0.47080	0.01342	0.02048	0.01260	0.01583	0.01764	0.01221	0.05769	0.01066	0.01212	0.00792	0.00518	0.00498	0.00152	0.00701	0.00399	0.00290	0.20808
11	0.09292	0.01559	0.01640	0.01267	0.01716	0.01731	0.01046	0.68090	0.02540	0.03514	0.01323	0.01335	0.00942	0.00673	0.00553	0.00172	0.00613	0.00497	0.00553	0.00942
12	0.00861	0.00634	0.00839	0.00936	0.01077	0.00612	0.00796	0.01096	0.01321	0.01698	0.06940	0.08443	0.17800	0.01542	0.00760	0.00245	0.00462	0.52888	0.00532	0.00517
13	0.01350	0.01543	0.03375	0.02411	0.02989	0.01446	0.74253	0.01832	0.01350	0.01832	0.01157	0.01543	0.00868	0.00482	0.00675	0.00193	0.00964	0.00675	0.00289	0.00771
14	0.01147	0.02959	0.76934	0.01630	0.02476	0.01328	0.02113	0.01811	0.01208	0.01811	0.01026	0.01208	0.00725	0.00543	0.00543	0.00181	0.00845	0.00423	0.00242	0.00845
15	0.02566	0.00973	0.01327	0.01018	0.01460	0.00841	0.00841	0.02788	0.01637	0.76726	0.02257	0.01947	0.01416	0.00708	0.00575	0.00177	0.00487	0.00575	0.00708	0.00973
16	0.00853	0.00609	0.00843	0.00975	0.01077	0.00599	0.00803	0.01067	0.01249	0.01635	0.03066	0.28713	0.03442	0.01645	0.00772	0.00254	0.00467	0.50895	0.00528	0.00508
17	0.01210	0.01195	0.01670	0.01449	0.01451	0.01655	0.01197	0.01333	0.00893	0.01383	0.00932	0.07155	0.00980	0.01061	0.01791	0.00249	0.72929	0.00585	0.00271	0.00614
18	0.01065	0.00996	0.01673	0.75363	0.03813	0.01238	0.01546	0.01434	0.01142	0.01461	0.01103	0.04696	0.00885	0.00621	0.00578	0.00192	0.00745	0.00554	0.00265	0.00628
19	0.02174	0.01602	0.01717	0.01316	0.01774	0.01774	0.01087	0.74423	0.02689	0.03605	0.01373	0.01373	0.00973	0.00687	0.00572	0.00172	0.00629	0.00515	0.00572	0.00973
20	0.02052	0.02503	0.01599	0.01439	0.01737	0.65374	0.01090	0.05651	0.08311	0.01591	0.01034	0.01152	0.00839	0.00621	0.00558	0.00155	0.02860	0.00404	0.00332	0.00698
21	0.00771	0.00553	0.00747	0.00875	0.00946	0.00529	0.00658	0.00926	0.01175	0.01546	0.03191	0.53075	0.05805	0.01711	0.00748	0.00241	0.00395	0.25092	0.00530	0.00486
22	0.01380	0.50145	0.31791	0.01232	0.01860	0.01899	0.01421	0.01751	0.01180	0.01527	0.00885	0.01031	0.00730	0.00510	0.00436	0.00145	0.00703	0.00351	0.00243	0.00777
23	0.00926	0.00709	0.00888	0.00960	0.01124	0.00713	0.00803	0.01333	0.10869	0.01754	0.03506	0.09065	0.17916	0.01459	0.00737	0.00239	0.00460	0.45440	0.00535	0.00564
24	0.02140	0.01584	0.01717	0.03713	0.01841	0.01758	0.01103	0.72158	0.02641	0.03538	0.01362	0.01378	0.00966	0.00683	0.00572	0.00172	0.00634	0.00515	0.00562	0.00962
25	0.81480	0.01102	0.00855	0.00760	0.01117	0.01270	0.00626	0.01715	0.00993	0.04807	0.00841	0.00960	0.00644	0.00536	0.00361	0.00177	0.00444	0.00318	0.00365	0.00630
26	0.02394	0.00935	0.01272	0.00988	0.01401	0.00811	0.00811	0.02620	0.01635	0.69413	0.09504	0.02175	0.01807	0.00753	0.00585	0.00177	0.00465	0.00620	0.00700	0.00931
27	0.07144	0.02706	0.65890	0.01594	0.02381	0.01320	0.05739	0.01826	0.01208	0.03586	0.01045	0.01222	0.00740	0.00543	0.00537	0.00181	0.00814	0.00431	0.00263	0.00828
28	0.00859	0.00673	0.00916	0.00911	0.01011	0.03088	0.00696	0.01044	0.00934	0.01311	0.01535	0.02337	0.01464	0.10639	0.68849	0.00864	0.01433	0.00624	0.00309	0.00501
29	0.00893	0.00670	0.00870	0.05537	0.03292	0.00639	0.00641	0.03317	0.01540	0.03668	0.49969	0.05684	0.18796	0.01158	0.00661	0.00184	0.00333	0.01008	0.00575	0.00566
30	0.03673	0.01028	0.01704	0.74201	0.05682	0.01273	0.01563	0.01476	0.01142	0.01506	0.01011	0.01504	0.00762	0.00569	0.00565	0.00190	0.00750	0.00502	0.00258	0.00642
31	0.01398	0.01335	0.02242	0.07353	0.69072	0.01357	0.01708	0.01799	0.04701	0.01871	0.01130	0.01454	0.00937	0.00525	0.00567	0.00172	0.00673	0.00516	0.00295	0.00892
32	0.01147	0.02959	0.76934	0.01630	0.02476	0.01328	0.02113	0.01811	0.01208	0.01811	0.01026	0.01208	0.00725	0.00543	0.00543	0.00181	0.00845	0.00423	0.00242	0.00845
33	0.00752	0.00582	0.00685	0.00659	0.00819	0.00515	0.00494	0.00968	0.01483	0.01971	0.45765	0.04804	0.35861	0.01290	0.00675	0.00186	0.00278	0.01109	0.00587	0.00515
34	0.01186	0.01017	0.01186	0.00847	0.01356	0.00762	0.00678	0.01440	0.01186	0.01864	0.01017	0.01186	0.00847	0.00424	0.00424	0.00085	0.00424	0.00339	0.00339	0.83395
35	0.00697	0.00498	0.00664	0.00796	0.00830	0.00465	0.00531	0.00796	0.01095	0.01460	0.03153	0.79525	0.03783	0.01792	0.00730	0.00232	0.00332	0.01626	0.00531	0.00465
36	0.01105	0.01074	0.01565	0.01388	0.03648	0.03708	0.09347	0.01286	0.01033	0.01452	0.01670	0.10060	0.07985	0.04017	0.13445	0.00346	0.35226	0.00725	0.00323	0.00595
37	0.00810	0.00585	0.00765	0.00720	0.00855	0.00540	0.00540	0.01079	0.01619	0.02294	0.76028	0.04273	0.05397	0.01169	0.00675	0.00180	0.00270	0.01034	0.00630	0.00540
38	0.00772	0.00553	0.00708	0.00794	0.00849	0.00532	0.00539	0.02216	0.02726	0.01558	0.09436	0.58328	0.03611	0.11187	0.00986	0.00266	0.00367	0.03576	0.00519	0.00477
39	0.01186	0.01017	0.01186	0.00847	0.01356	0.00762	0.00678	0.01440	0.01186	0.01864	0.01017	0.01186	0.00847	0.00424	0.00424	0.00085	0.00424	0.00339	0.00339	0.83395
40	0.01743	0.01264	0.01382	0.01172	0.01540	0.01405	0.00932	0.17102	0.49874	0.13814	0.02129	0.01956	0.01544	0.00748	0.00579	0.00187	0.00493	0.00610	0.00599	0.00929
41	0.03447	0.01160	0.01440	0.21607	0.02105	0.01285	0.01070	0.32489	0.01806	0.04704	0.01586	0.13325	0.01403	0.00852	0.00616	0.01709	0.00589	0.02203	0.02489	0.04116
42	0.01943	0.01428	0.01637	0.01297	0.01651	0.01630	0.01070	0.52116	0.02186	0.07770	0.01339	0.01457	0.00999	0.01014	0.06655	0.00242	0.13654	0.00524	0.00507	0.00880
43	0.00706	0.00511	0.00665	0.00784	0.00833	0.00474	0.00533	0.00812	0.01115	0.01469	0.03338	0.69480	0.09657	0.03285	0.00770	0.00236	0.00339	0.03998	0.00527	0.00466
44	0.00725	0.00536	0.00665	0.00753	0.00820	0.00499	0.00509	0.00865	0.02831	0.01497	0.06001	0.56887	0.15690	0.07801	0.00886	0.00248	0.00343	0.01451	0.00521	0.00471
45	0.01658	0.01851	0.04004	0.02634	0.41118	0.25079	0.08658	0.04883	0.01460	0.01789	0.01035	0.01302	0.00848	0.00540	0.00561	0.00165	0.00819	0.00480	0.00298	0.00819
46	0.00697	0.00498	0.00664	0.00796	0.00830	0.00465	0.00531	0.00796	0.01095	0.01460	0.03153	0.79525	0.03783	0.01792	0.00730	0.00232	0.00332	0.01626	0.00531	0.00465
47	0.01538	0.57542	0.12229	0.01120	0.01618	0.12066	0.01127	0.01781	0.01243	0.01443	0.03217	0.01076	0.00881	0.00531	0.00419	0.00135	0.00686	0.00352	0.00263	0.00733
48	0.02023	0.01443	0.01576	0.01248	0.01667	0.01589	0.01019	0.52344	0.15897	0.09790	0.01633	0.01595	0.01170	0.00832	0.03287	0.00203	0.00616	0.00548	0.00577	0.00944
49	0.01225	0.01051	0.01204	0.00899	0.01377	0.00870	0.00715	0.01701	0.13248	0.01950	0.01230	0.01340	0.00993	0.00481	0.00449	0.00103	0.00428	0.00389	0.00378	0.69970
50	0.00710	0.00507	0.00678	0.00811	0.00850	0.00476	0.00553	0.00818	0.01108	0.01474	0.03146	0.75383	0.03755	0.01780	0.00733	0.00234	0.00343	0.05642	0.00531	0.00468
51	0.01726	0.01343	0.01473	0.03894	0.08264	0.08078	0.01042	0.16689	0.27538	0.12753	0.01922	0.03694	0.01520	0.00789	0.00592	0.00187	0.00578	0.06533	0.00529	0.00858
52	0.02174	0.01602	0.01717	0.01316	0.01774	0.01774	0.01087	0.74423	0.02689	0.03605	0.01373	0.01373	0.00973	0.00687	0.00572	0.00172	0.00629	0.00515	0.00572	0.00973
53	0.00827	0.00573	0.00716	0.00716	0.00747	0.00604	0.00461	0.00891	0.00859	0.01177	0.01718	0.03278	0.01878	0.56412	0.26122	0.00668	0.00858	0.00764	0.00334	0.00398
54	0.01400	0.01074	0.01241	0.03255	0.06785	0.01191	0.00905	0.04430	0.44529	0.06285	0.02150	0.02354	0.01689	0.00787	0.00566	0.00186	0.00459	0.05918	0.13980	0.00815
55	0.01537	0.62850	0.10702	0.01099	0.01603	0.05189	0.01117	0.05312	0.01253	0.01509	0.00851	0.00985	0.00745	0.00523	0.00443	0.00136	0.02795	0.00336	0.00263	0.00752
56	0.00762	0.00544	0.00738	0.00870	0.00932	0.00520	0.00643	0.00908	0.01159	0.01533	0.03117	0.58486	0.03642	0.01731	0.00747	0.00241	0.00388	0.22026	0.00530	0.00482
57	0.01350	0.01543	0.03375	0.02411	0.02989	0.01446	0.74253	0.01832	0.01350	0.01832	0.01157	0.01543	0.00868	0.00482	0.00675	0.00193	0.00964	0.00675	0.00289	0.00771
58	0.01208	0.01100	0.01697	0.47357	0.02949	0.01415	0.01422	0.03462	0.01113	0.03925	0.01015	0.02749	0.00836	0.00741	0.01003	0.00210	0.26341	0.00527	0.00281	0.00650
59	0.00814	0.00590	0.00770	0.00741	0.00878	0.00547	0.00566	0.01079	0.01584	0.02222	0.67835	0.04487	0.07721	0.01211	0.00684	0.00187	0.00291	0.06639	0.00618	0.00537
60	0.00698	0.00504	0.00661	0.00783	0.00827	0.00467	0.00526	0.00805	0.01119	0.01485	0.05030	0.73683	0.07780	0.01758	0.00726	0.00229	0.00328	0.01589	0.00533	0.00467
61	0.00822	0.00578	0.00751	0.00754	0.00799	0.00621	0.00508	0.00912	0.00875	0.01211	0.01719	0.04910	0.01843	0.45738	0.34778	0.00703	0.00967	0.00757	0.00334	0.00420
62	0.01173	0.04887	0.69416	0.01672	0.02488	0.01362	0.07548	0.01810	0.01217	0.01801	0.01030	0.01225	0.00736	0.00537	0.00549	0.00180	0.00848	0.00439	0.00245	0.00837
63	0.01147	0.02959	0.76934	0.01630	0.02476	0.01328	0.02113	0.01811	0.01208	0.01811	0.01026	0.01208	0.00725	0.00543	0.00543	0.00181	0.00845	0.00423	0.00242	0.00845
64	0.01147	0.02959	0.76934	0.01630	0.02476	0.01328	0.02113	0.01811	0.01208	0.01811	0.01026	0.01208	0.00725	0.00543	0.00543	0.00181	0.00845	0.00423	0.00242	0.00845
65	0.01167	0.01146	0.02062	0.56548	0.13100	0.01311	0.13375	0.01559	0.01198	0.01574	0.01047	0.01514	0.00798	0.00549	0.00588	0.00188	0.00784	0.00535	0.00264	0.00692
66	0.05606	0.01293	0.01430	0.01153	0.01561	0.03083	0.00935	0.25984	0.22076	0.27838	0.01896	0.01748	0.01313	0.00709	0.00565	0.00179	0.00534	0.00559	0.00605	0.00932
67	0.02566	0.00973	0.01327	0.01018	0.01460	0.00841	0.00841	0.02788	0.01637	0.76726	0.02257	0.01947	0.01416	0.00708	0.00575	0.00177	0.00487	0.00575	0.00708	0.00973
68	0.00817	0.00613	0.00919	0.00919	0.01021	0.00715	0.00715	0.01021	0.00919	0.01328	0.01532	0.02247	0.01430	0.04290	0.77631	0.00919	0.01532	0.00613	0.00306	0.00511
