[name]
unknown

[dist]
# distance from previous block
# <min> <max>
0	121

[block]
# block no. 0 follows, 45 sequences, length 69
# corresponding to MSA columns:
# 134-202
name=unknown_A
#
# <colnr> <probs for GDERKNQSTAVLIFYWHMCP>
#	G	D	E	R	K	N	Q	S	T	A	V	L	I	F	Y	W	H	M	C	P
0	0.00855	0.00611	0.00854	0.00977	0.01097	0.00609	0.00848	0.01095	0.01226	0.01595	0.02848	0.09527	0.03111	0.01492	0.00739	0.00246	0.00486	0.70799	0.00494	0.00492
1	0.00641	0.00529	0.00563	0.00586	0.00737	0.00451	0.00428	0.00771	0.01192	0.01451	0.06593	0.19835	0.61538	0.01416	0.00644	0.00188	0.00279	0.01206	0.00501	0.00451
2	0.00853	0.00648	0.00765	0.00735	0.00896	0.00634	0.00550	0.01276	0.14249	0.03502	0.38494	0.13930	0.19100	0.01156	0.00623	0.00180	0.00298	0.01006	0.00554	0.00553
3	0.01925	0.01449	0.01562	0.01222	0.01623	0.01622	0.01003	0.64430	0.11897	0.03175	0.01385	0.01376	0.00999	0.00664	0.00576	0.00166	0.03006	0.00499	0.00529	0.00895
4	0.78941	0.01071	0.02482	0.04684	0.01199	0.01205	0.00657	0.01570	0.00926	0.02341	0.00762	0.00906	0.00590	0.00500	0.00346	0.00167	0.00438	0.00302	0.00325	0.00587
5	0.00781	0.00520	0.00585	0.00585	0.00585	0.00520	0.00325	0.00781	0.00781	0.01041	0.01691	0.03513	0.01952	0.81135	0.02732	0.00520	0.00520	0.00781	0.00325	0.00325
6	0.01074	0.02486	0.04951	0.11309	0.10377	0.00944	0.08772	0.05153	0.05578	0.04404	0.23196	0.02811	0.13202	0.00838	0.00588	0.00173	0.00497	0.02572	0.00433	0.00642
7	0.01141	0.00971	0.01128	0.00808	0.01284	0.00744	0.00648	0.03591	0.01155	0.01798	0.00964	0.01118	0.00799	0.00405	0.00402	0.00082	0.00403	0.00323	0.00325	0.81911
8	0.01406	0.04512	0.01313	0.01107	0.01421	0.05279	0.00870	0.06193	0.66472	0.02212	0.02016	0.01871	0.01518	0.00705	0.00534	0.00176	0.00466	0.00575	0.00519	0.00835
9	0.01003	0.00773	0.02263	0.00785	0.01006	0.00743	0.00616	0.01554	0.21280	0.07701	0.27379	0.05571	0.25110	0.01049	0.00603	0.00177	0.00331	0.00894	0.00548	0.00616
10	0.00778	0.00529	0.00630	0.00630	0.00645	0.00544	0.00380	0.00809	0.00794	0.01073	0.01651	0.03289	0.01855	0.68866	0.14869	0.00575	0.00666	0.00748	0.00319	0.00350
11	0.00755	0.00548	0.00710	0.00670	0.00799	0.00504	0.00502	0.01003	0.01507	0.02124	0.74567	0.04057	0.08019	0.01108	0.00633	0.00169	0.00254	0.00977	0.00587	0.00504
12	0.01684	0.01122	0.01261	0.01053	0.01378	0.01206	0.00833	0.26883	0.25757	0.17404	0.01930	0.10031	0.01550	0.04554	0.00659	0.00192	0.00479	0.00657	0.00551	0.00816
13	0.02005	0.02558	0.01521	0.01383	0.01659	0.78980	0.01037	0.02143	0.01521	0.01314	0.00830	0.00968	0.00691	0.00553	0.00484	0.00138	0.00968	0.00346	0.00277	0.00622
14	0.01001	0.00500	0.00500	0.00500	0.00625	0.00500	0.00375	0.01251	0.01126	0.02001	0.01751	0.02001	0.01376	0.00625	0.00375	0.00125	0.00250	0.00500	0.84115	0.00500
15	0.00654	0.00467	0.00623	0.00747	0.00779	0.00436	0.00498	0.00747	0.01028	0.01370	0.02959	0.80785	0.03550	0.01682	0.00685	0.00218	0.00311	0.01526	0.00498	0.00436
16	0.00665	0.00525	0.00603	0.00654	0.00779	0.00464	0.00481	0.00799	0.01167	0.01453	0.05942	0.30078	0.44909	0.01471	0.00661	0.00199	0.00305	0.07892	0.00500	0.00452
17	0.01307	0.01484	0.02861	0.02158	0.05640	0.06391	0.60149	0.01699	0.01235	0.01650	0.01026	0.01383	0.00796	0.00511	0.00738	0.00183	0.09221	0.00591	0.00268	0.00708
18	0.00833	0.00592	0.00808	0.00906	0.01012	0.00586	0.00757	0.01046	0.01201	0.01582	0.09050	0.11003	0.03181	0.09074	0.00918	0.00265	0.00463	0.55761	0.00487	0.00475
19	0.00767	0.00575	0.00863	0.00863	0.00959	0.00671	0.00671	0.00959	0.00863	0.01246	0.01438	0.02109	0.01342	0.04026	0.79008	0.00863	0.01438	0.00575	0.00288	0.00479
20	0.01084	0.00673	0.00792	0.00732	0.00936	0.00634	0.00558	0.01433	0.10778	0.14999	0.18889	0.12849	0.25294	0.01091	0.00594	0.00176	0.00322	0.00932	0.06637	0.00595
21	0.01330	0.01349	0.01876	0.24567	0.42381	0.11649	0.01477	0.01703	0.05444	0.01614	0.01036	0.01347	0.00835	0.00519	0.00527	0.00163	0.00692	0.00467	0.00275	0.00748
22	0.05402	0.00710	0.00717	0.00644	0.00835	0.00747	0.00503	0.14860	0.01369	0.02273	0.01617	0.01815	0.01252	0.00622	0.00402	0.00134	0.00320	0.00487	0.64712	0.00579
23	0.10043	0.01213	0.01394	0.10774	0.01728	0.01335	0.00959	0.40583	0.01879	0.13906	0.01447	0.01503	0.03284	0.00746	0.02840	0.00186	0.02292	0.00495	0.02595	0.00797
24	0.08822	0.24365	0.01773	0.04463	0.03734	0.26421	0.00952	0.05764	0.01301	0.03511	0.03465	0.03190	0.00954	0.00602	0.00533	0.00148	0.06078	0.00410	0.02863	0.00652
25	0.00956	0.00581	0.00753	0.00795	0.00906	0.00549	0.00573	0.01142	0.04662	0.12150	0.02827	0.51706	0.06219	0.06152	0.00782	0.00228	0.00364	0.07621	0.00513	0.00521
26	0.19078	0.14332	0.13052	0.02566	0.03155	0.10690	0.01009	0.03643	0.01228	0.12456	0.05665	0.03426	0.01145	0.00633	0.00524	0.00161	0.04310	0.01881	0.00360	0.00687
27	0.02516	0.04666	0.01170	0.02418	0.01188	0.03170	0.00791	0.14813	0.01221	0.01743	0.01292	0.01743	0.01131	0.03929	0.36715	0.00493	0.10523	0.00516	0.09373	0.00588
28	0.02408	0.00914	0.01246	0.00955	0.01370	0.00789	0.00789	0.02616	0.01536	0.78158	0.02118	0.01827	0.01329	0.00664	0.00540	0.00166	0.00457	0.00540	0.00664	0.00914
29	0.01146	0.06244	0.01258	0.17542	0.01624	0.03927	0.00876	0.09908	0.01188	0.03025	0.03609	0.09860	0.01433	0.12357	0.06349	0.02188	0.09636	0.00633	0.06634	0.00565
30	0.03439	0.03071	0.01920	0.12098	0.46583	0.10535	0.03319	0.03075	0.01257	0.01679	0.01121	0.01652	0.00982	0.00576	0.00537	0.00166	0.00674	0.06277	0.00288	0.00752
31	0.00772	0.00563	0.00728	0.00691	0.00818	0.00528	0.00516	0.01055	0.03702	0.02120	0.71909	0.07442	0.04896	0.01113	0.00633	0.00171	0.00261	0.00985	0.00585	0.00513
32	0.00781	0.00520	0.00585	0.00585	0.00585	0.00520	0.00325	0.00781	0.00781	0.01041	0.01691	0.03513	0.01952	0.81135	0.02732	0.00520	0.00520	0.00781	0.00325	0.00325
33	0.01402	0.66483	0.09006	0.01090	0.05031	0.04490	0.01035	0.01619	0.01125	0.01347	0.02725	0.00989	0.00807	0.00484	0.00379	0.00124	0.00600	0.00324	0.00242	0.00698
34	0.08744	0.01162	0.05133	0.28925	0.22298	0.01183	0.08048	0.01639	0.01175	0.10440	0.03003	0.01445	0.00925	0.00550	0.00565	0.00172	0.03073	0.00491	0.00314	0.00715
35	0.00851	0.00611	0.00847	0.00966	0.01089	0.00607	0.00839	0.01090	0.01229	0.01594	0.02932	0.08307	0.05580	0.01485	0.00736	0.00244	0.00481	0.69528	0.00495	0.00491
36	0.01228	0.01053	0.01188	0.02509	0.01366	0.02992	0.00720	0.09332	0.03575	0.01897	0.01078	0.03553	0.00909	0.00492	0.00462	0.00103	0.02240	0.00388	0.00349	0.64566
37	0.01129	0.03773	0.12217	0.03260	0.01818	0.01259	0.20249	0.02844	0.01095	0.03193	0.03246	0.15498	0.01365	0.00857	0.00962	0.00200	0.25385	0.00699	0.00314	0.00638
38	0.01055	0.01002	0.01705	0.67847	0.10882	0.01194	0.03923	0.01410	0.01095	0.01430	0.00964	0.01414	0.00734	0.00525	0.00536	0.00175	0.00706	0.00478	0.00244	0.02682
39	0.01435	0.81458	0.02813	0.00918	0.01378	0.02124	0.00918	0.01607	0.01091	0.01263	0.00746	0.00861	0.00689	0.00459	0.00344	0.00115	0.00574	0.00287	0.00230	0.00689
40	0.00995	0.00810	0.00932	0.02792	0.01119	0.00868	0.00670	0.01770	0.33616	0.02062	0.32498	0.09318	0.08384	0.00991	0.00598	0.00180	0.00344	0.00859	0.00549	0.00646
41	0.00737	0.00547	0.00681	0.00648	0.00780	0.00497	0.00482	0.00960	0.01440	0.01985	0.61526	0.04210	0.18537	0.03770	0.00702	0.00183	0.00265	0.00995	0.00565	0.00491
42	0.02041	0.01504	0.01611	0.01235	0.01665	0.01665	0.01020	0.75997	0.02524	0.03383	0.01289	0.01289	0.00913	0.00644	0.00537	0.00161	0.00591	0.00483	0.00537	0.00913
43	0.00908	0.00482	0.00724	0.00724	0.00738	0.00497	0.00497	0.00738	0.00724	0.00979	0.01007	0.01702	0.00993	0.02185	0.13489	0.72012	0.00610	0.00482	0.00241	0.00270
44	0.02005	0.02558	0.01521	0.01383	0.01659	0.78980	0.01037	0.02143	0.01521	0.01314	0.00830	0.00968	0.00691	0.00553	0.00484	0.00138	0.00968	0.00346	0.00277	0.00622
45	0.04395	0.01089	0.01307	0.01166	0.05906	0.01131	0.00879	0.09227	0.32136	0.33804	0.01963	0.01791	0.01366	0.00672	0.00535	0.00172	0.00465	0.00551	0.00571	0.00874
46	0.00838	0.00603	0.00830	0.00942	0.01063	0.00595	0.00809	0.01070	0.01232	0.01603	0.05430	0.10237	0.06997	0.01475	0.00729	0.00240	0.00464	0.63856	0.00498	0.00489
47	0.00648	0.00532	0.00571	0.00588	0.00740	0.00455	0.00431	0.00787	0.01217	0.01497	0.11158	0.17249	0.59489	0.01389	0.00642	0.00186	0.00277	0.01182	0.00506	0.00455
48	0.01268	0.01000	0.00981	0.00878	0.01045	0.09034	0.00626	0.11579	0.14092	0.06120	0.01644	0.02524	0.01561	0.39793	0.05273	0.00369	0.00600	0.00642	0.00405	0.00567
49	0.64589	0.01022	0.00972	0.00817	0.01168	0.01122	0.04138	0.01756	0.01043	0.15473	0.01026	0.01093	0.00742	0.00528	0.00383	0.00166	0.00441	0.00355	0.02523	0.00643
50	0.00813	0.00636	0.00869	0.00864	0.00964	0.03198	0.00668	0.01000	0.00889	0.01263	0.01432	0.02101	0.01336	0.05569	0.72758	0.00813	0.01372	0.00570	0.02405	0.00481
51	0.02186	0.01078	0.01328	0.01026	0.01428	0.01050	0.00845	0.25874	0.01850	0.49500	0.06668	0.01795	0.01435	0.00686	0.00545	0.00165	0.00486	0.00549	0.00619	0.00887
52	0.22281	0.04492	0.06295	0.03346	0.11262	0.03627	0.02574	0.05999	0.02423	0.06058	0.02800	0.01661	0.01067	0.04451	0.00806	0.00197	0.14326	0.05332	0.00341	0.00663
53	0.01553	0.03776	0.02571	0.04368	0.01371	0.05898	0.00811	0.22694	0.05228	0.15144	0.15926	0.02243	0.06622	0.02956	0.00601	0.00171	0.00484	0.00623	0.06242	0.00720
54	0.57031	0.01229	0.01069	0.07652	0.04871	0.09456	0.00791	0.06590	0.01133	0.04723	0.00866	0.01009	0.00663	0.00522	0.00395	0.00164	0.00522	0.00342	0.00340	0.00632
55	0.01457	0.27678	0.10205	0.05737	0.08617	0.12337	0.03319	0.10784	0.01358	0.03261	0.01156	0.06912	0.01040	0.00635	0.00484	0.00153	0.00654	0.03188	0.00316	0.00708
56	0.00830	0.00611	0.00812	0.00908	0.01039	0.00600	0.00772	0.01085	0.03119	0.01601	0.05078	0.10184	0.13266	0.01449	0.00716	0.00233	0.00445	0.56258	0.00499	0.00494
57	0.28944	0.10888	0.08465	0.03376	0.02706	0.05496	0.00866	0.04852	0.02485	0.07436	0.05992	0.01350	0.01068	0.02168	0.00506	0.00160	0.02553	0.00411	0.02910	0.07367
58	0.01120	0.00930	0.03533	0.03966	0.17265	0.00893	0.00884	0.06747	0.09981	0.06224	0.11713	0.10728	0.14789	0.07901	0.00771	0.00206	0.00454	0.00799	0.00447	0.00651
59	0.02408	0.00914	0.01246	0.00955	0.01370	0.00789	0.00789	0.02616	0.01536	0.78158	0.02118	0.01827	0.01329	0.00664	0.00540	0.00166	0.00457	0.00540	0.00664	0.00914
60	0.01259	0.01339	0.07392	0.12284	0.09864	0.05868	0.25928	0.07844	0.01375	0.03734	0.10785	0.05491	0.03050	0.00655	0.00584	0.00173	0.00689	0.00642	0.00351	0.00693
61	0.03546	0.01288	0.07671	0.02611	0.03129	0.01239	0.00964	0.37367	0.05412	0.11639	0.01668	0.10804	0.02671	0.04266	0.03045	0.00207	0.00568	0.00632	0.00489	0.00784
62	0.00729	0.00511	0.00655	0.00727	0.00780	0.00497	0.00506	0.00840	0.01022	0.01379	0.06215	0.40625	0.06207	0.19106	0.06307	0.00323	0.00446	0.09493	0.03203	0.00428
63	0.00781	0.00520	0.00585	0.00585	0.00585	0.00520	0.00325	0.00781	0.00781	0.01041	0.01691	0.03513	0.01952	0.81135	0.02732	0.00520	0.00520	0.00781	0.00325	0.00325
64	0.03507	0.53445	0.03983	0.05999	0.01542	0.12382	0.00971	0.01606	0.01129	0.01320	0.00930	0.01098	0.02812	0.00666	0.03643	0.00161	0.03548	0.00351	0.00249	0.00655
65	0.03398	0.07553	0.06803	0.03115	0.04651	0.01129	0.00934	0.15892	0.11053	0.16575	0.05220	0.13589	0.01740	0.00845	0.00555	0.00176	0.00496	0.05041	0.00486	0.00747
66	0.00885	0.00644	0.00878	0.00988	0.01119	0.00653	0.00854	0.01199	0.05446	0.01636	0.02809	0.07867	0.03021	0.01446	0.00729	0.00243	0.00485	0.68089	0.00497	0.00513
67	0.01152	0.03310	0.01166	0.00802	0.01277	0.00758	0.00648	0.01388	0.01122	0.03474	0.00974	0.01122	0.00804	0.00405	0.00399	0.00083	0.00404	0.00322	0.00323	0.80064
68	0.07446	0.11078	0.38663	0.01416	0.06291	0.04118	0.05940	0.01640	0.01176	0.05000	0.05697	0.01497	0.04582	0.00592	0.00532	0.00164	0.02678	0.00470	0.00295	0.00726

[dist]
# distance from previous block
# <min> <max>
0	1

[block]
# block no. 1 follows, 45 sequences, length 28
# corresponding to MSA columns:
# 204-231
name=unknown_B
#
# <colnr> <probs for GDERKNQSTAVLIFYWHMCP>
#	G	D	E	R	K	N	Q	S	T	A	V	L	I	F	Y	W	H	M	C	P
0	0.06174	0.00994	0.01566	0.52546	0.10978	0.01126	0.03243	0.01416	0.01091	0.01550	0.00973	0.01362	0.00753	0.00511	0.00504	0.00162	0.00640	0.00450	0.02580	0.11382
1	0.01435	0.81458	0.02813	0.00918	0.01378	0.02124	0.00918	0.01607	0.01091	0.01263	0.00746	0.00861	0.00689	0.00459	0.00344	0.00115	0.00574	0.00287	0.00230	0.00689
2	0.00964	0.00594	0.00783	0.00710	0.00872	0.00542	0.00542	0.01212	0.01522	0.11576	0.68157	0.03739	0.04602	0.01044	0.00622	0.00168	0.00278	0.00917	0.00600	0.00557
3	0.00713	0.00547	0.00652	0.00626	0.00773	0.00486	0.00469	0.00922	0.01408	0.01889	0.50432	0.04444	0.32301	0.01196	0.00634	0.00174	0.00260	0.01032	0.00556	0.00486
4	0.02010	0.01488	0.01593	0.01229	0.01653	0.01650	0.01013	0.72779	0.05792	0.03333	0.01328	0.01320	0.00945	0.00648	0.00537	0.00162	0.00583	0.00489	0.00537	0.00910
5	0.00925	0.00469	0.00694	0.00694	0.00694	0.00469	0.00460	0.00703	0.00703	0.00937	0.00967	0.01718	0.00979	0.05495	0.02127	0.80542	0.00469	0.00481	0.00237	0.00237
6	0.02005	0.02558	0.01521	0.01383	0.01659	0.78980	0.01037	0.02143	0.01521	0.01314	0.00830	0.00968	0.00691	0.00553	0.00484	0.00138	0.00968	0.00346	0.00277	0.00622
7	0.01992	0.01397	0.01523	0.01188	0.01600	0.01531	0.00974	0.59082	0.11689	0.11177	0.01489	0.01435	0.01048	0.00657	0.00538	0.00164	0.00556	0.00505	0.00552	0.00905
8	0.00697	0.00504	0.00667	0.00777	0.00840	0.00475	0.00563	0.00828	0.01099	0.01449	0.05699	0.58336	0.08813	0.01600	0.00691	0.00219	0.00342	0.15451	0.00501	0.00451
9	0.00691	0.00535	0.00635	0.00674	0.00801	0.00479	0.00506	0.00851	0.01230	0.01576	0.17410	0.23715	0.36892	0.01408	0.00660	0.00196	0.00306	0.10456	0.00514	0.00464
10	0.02060	0.01472	0.01591	0.01220	0.01649	0.01618	0.01008	0.72074	0.02471	0.07380	0.01333	0.01318	0.00935	0.00645	0.00537	0.00161	0.00584	0.00486	0.00544	0.00913
11	0.68261	0.01054	0.00874	0.00759	0.01091	0.01202	0.00623	0.10054	0.01125	0.04212	0.00904	0.01013	0.00687	0.00527	0.00363	0.00163	0.00426	0.00332	0.05710	0.00621
12	0.00792	0.00580	0.00830	0.00824	0.00908	0.00669	0.00627	0.00962	0.00867	0.01265	0.01466	0.02243	0.01399	0.12773	0.63764	0.00766	0.03295	0.00592	0.04913	0.00465
13	0.00835	0.00564	0.00698	0.00763	0.00848	0.00555	0.00547	0.06615	0.01175	0.01648	0.02621	0.55608	0.02951	0.01411	0.00627	0.00201	0.00337	0.07128	0.14382	0.00488
14	0.01225	0.04110	0.02733	0.09136	0.07483	0.01357	0.52760	0.01609	0.01194	0.01626	0.01089	0.04138	0.00889	0.00546	0.00707	0.00183	0.07632	0.00614	0.00271	0.00698
15	0.01774	0.02144	0.01515	0.11469	0.04018	0.58444	0.01090	0.03392	0.01436	0.01408	0.02454	0.01141	0.00811	0.00580	0.00547	0.00149	0.04192	0.00391	0.02420	0.00624
16	0.79877	0.01049	0.00839	0.03250	0.01141	0.01217	0.00623	0.03697	0.00965	0.02403	0.00769	0.00902	0.00595	0.00504	0.00345	0.00166	0.00430	0.00302	0.00335	0.00591
17	0.05107	0.24799	0.12517	0.01240	0.05034	0.16870	0.02782	0.04771	0.01285	0.05070	0.01309	0.03617	0.02507	0.00683	0.00492	0.00158	0.00660	0.10097	0.00324	0.00678
18	0.02944	0.00850	0.00979	0.00892	0.01018	0.04446	0.00679	0.08232	0.02146	0.05085	0.01556	0.06462	0.02701	0.18071	0.18414	0.00399	0.12728	0.00627	0.11234	0.00538
19	0.06852	0.00924	0.01345	0.20086	0.01848	0.03129	0.09442	0.04740	0.01087	0.04177	0.01335	0.10891	0.01261	0.08283	0.04610	0.08689	0.05903	0.00632	0.02690	0.02077
20	0.02808	0.04349	0.26630	0.05995	0.44926	0.01290	0.03086	0.01651	0.01178	0.01715	0.00980	0.01249	0.00779	0.00490	0.00517	0.00163	0.00690	0.00445	0.00252	0.00808
21	0.01903	0.01328	0.01461	0.01123	0.01540	0.01406	0.00922	0.54686	0.04076	0.10744	0.02681	0.01406	0.01043	0.00627	0.00519	0.00152	0.00536	0.00482	0.02658	0.10710
22	0.00692	0.00543	0.00628	0.00627	0.00774	0.00479	0.00471	0.00873	0.01318	0.01709	0.31575	0.10547	0.42047	0.01293	0.00643	0.00182	0.00278	0.04317	0.00532	0.00473
23	0.14809	0.13009	0.23912	0.05658	0.03454	0.03378	0.08348	0.01635	0.01128	0.08450	0.01219	0.04815	0.02392	0.04888	0.00602	0.00183	0.00634	0.00488	0.00312	0.00687
24	0.00819	0.00570	0.00699	0.00714	0.00839	0.00531	0.00517	0.01043	0.05181	0.05935	0.21909	0.32200	0.19976	0.04016	0.00715	0.00204	0.00313	0.02788	0.00527	0.00503
25	0.00821	0.00555	0.00631	0.00619	0.00638	0.00564	0.00364	0.03234	0.00841	0.01126	0.01667	0.03376	0.01890	0.74992	0.06149	0.00524	0.00565	0.00762	0.00330	0.00351
26	0.00898	0.00639	0.00845	0.00922	0.05022	0.00618	0.00649	0.03693	0.04129	0.05138	0.25046	0.31511	0.06913	0.01287	0.00650	0.00197	0.00353	0.10428	0.00523	0.00540
27	0.01203	0.13066	0.28136	0.06333	0.13398	0.02949	0.19068	0.01624	0.01174	0.01609	0.01083	0.04525	0.00903	0.00553	0.00532	0.00167	0.00740	0.01940	0.00261	0.00736

[dist]
# distance from previous block
# <min> <max>
5	10

[block]
# block no. 2 follows, 45 sequences, length 169
# corresponding to MSA columns:
# 243-411
name=unknown_C
#
# <colnr> <probs for GDERKNQSTAVLIFYWHMCP>
#	G	D	E	R	K	N	Q	S	T	A	V	L	I	F	Y	W	H	M	C	P
0	0.03191	0.00635	0.00748	0.00712	0.00880	0.00608	0.00552	0.04519	0.04361	0.01987	0.43262	0.04206	0.23397	0.01149	0.00627	0.00179	0.00307	0.07607	0.00546	0.00526
1	0.17497	0.05505	0.15182	0.02353	0.01413	0.01036	0.02470	0.05405	0.04664	0.14831	0.10381	0.04661	0.01610	0.00712	0.00500	0.00168	0.00494	0.04127	0.06299	0.00689
2	0.00940	0.00733	0.00901	0.04423	0.01053	0.00716	0.00584	0.04148	0.01023	0.01454	0.05335	0.10191	0.01759	0.32302	0.05377	0.00326	0.05259	0.00688	0.00352	0.22436
3	0.01435	0.81458	0.02813	0.00918	0.01378	0.02124	0.00918	0.01607	0.01091	0.01263	0.00746	0.00861	0.00689	0.00459	0.00344	0.00115	0.00574	0.00287	0.00230	0.00689
4	0.07249	0.01027	0.04974	0.33570	0.02248	0.03271	0.02468	0.01350	0.01016	0.03516	0.01058	0.01531	0.00884	0.04740	0.09172	0.03675	0.10105	0.00478	0.03770	0.03899
5	0.01337	0.01075	0.01224	0.10468	0.01630	0.01225	0.00896	0.02535	0.57619	0.07829	0.02224	0.02107	0.05977	0.00738	0.00550	0.00180	0.00453	0.00617	0.00516	0.00801
6	0.01463	0.01216	0.01286	0.01118	0.01444	0.01395	0.00880	0.16072	0.63389	0.02451	0.02023	0.01874	0.01507	0.00713	0.00545	0.00178	0.00455	0.00585	0.00545	0.00861
7	0.00818	0.00558	0.00633	0.00630	0.00652	0.00564	0.00373	0.02928	0.02675	0.01165	0.01805	0.10331	0.02058	0.69848	0.02435	0.00475	0.00501	0.00835	0.00352	0.00364
8	0.02388	0.00947	0.01266	0.00971	0.01387	0.00839	0.00802	0.06778	0.01592	0.73917	0.02071	0.01797	0.01305	0.00663	0.00540	0.00166	0.00464	0.00537	0.00657	0.00913
9	0.00729	0.00546	0.00676	0.00654	0.00790	0.00494	0.00491	0.00948	0.01425	0.01945	0.55925	0.06854	0.22417	0.01189	0.00638	0.00175	0.00265	0.02783	0.00563	0.00491
10	0.00958	0.00621	0.00776	0.00728	0.00896	0.00573	0.00555	0.04409	0.01440	0.09964	0.41142	0.13660	0.16976	0.01167	0.00630	0.00180	0.00310	0.03903	0.00564	0.00548
11	0.00696	0.00498	0.00655	0.00766	0.00810	0.00473	0.00521	0.02770	0.01073	0.01430	0.02911	0.76879	0.03469	0.01649	0.00683	0.00217	0.00323	0.03226	0.00499	0.00450
12	0.01347	0.01281	0.02164	0.03242	0.75830	0.01285	0.01631	0.03558	0.01256	0.01796	0.01017	0.01328	0.00852	0.00483	0.00532	0.00159	0.00636	0.00478	0.00273	0.00852
13	0.01934	0.00909	0.01150	0.00922	0.01260	0.00856	0.00745	0.14313	0.01640	0.46244	0.11851	0.06653	0.01881	0.00774	0.00549	0.00166	0.00430	0.00642	0.06277	0.00804
14	0.03944	0.00547	0.00542	0.00529	0.00671	0.00555	0.00401	0.03254	0.01159	0.02035	0.01825	0.02046	0.03834	0.00646	0.00387	0.00129	0.00266	0.00513	0.76206	0.00513
15	0.06992	0.01235	0.01381	0.01090	0.01477	0.01310	0.00890	0.44597	0.04655	0.22300	0.01623	0.07306	0.01220	0.00720	0.00537	0.00168	0.00519	0.00568	0.00555	0.00856
16	0.28187	0.00893	0.00937	0.00807	0.01092	0.00933	0.00639	0.06506	0.06832	0.20871	0.08150	0.05143	0.03687	0.05572	0.02191	0.00202	0.00432	0.00568	0.05690	0.00666
17	0.00729	0.00549	0.00729	0.00797	0.00886	0.00516	0.02350	0.02770	0.01129	0.01474	0.03231	0.55478	0.14585	0.01550	0.00680	0.00214	0.00351	0.11022	0.00493	0.00466
18	0.02945	0.05923	0.65559	0.01535	0.02269	0.03839	0.07228	0.01709	0.01149	0.01686	0.00954	0.01134	0.00688	0.00505	0.00507	0.00167	0.00790	0.00405	0.00234	0.00774
19	0.04738	0.55071	0.23008	0.01069	0.01605	0.01812	0.01181	0.01617	0.01105	0.01449	0.02631	0.01010	0.00786	0.00490	0.00395	0.00133	0.00619	0.00333	0.00242	0.00708
20	0.06320	0.00727	0.00900	0.00848	0.00994	0.00790	0.02162	0.07518	0.05319	0.03183	0.01984	0.18903	0.05731	0.10462	0.21334	0.00398	0.03789	0.00794	0.07307	0.00536
21	0.14871	0.13362	0.11261	0.01116	0.04480	0.05317	0.00976	0.13407	0.03809	0.09940	0.04539	0.05146	0.01213	0.00755	0.02133	0.02338	0.00569	0.02367	0.00391	0.02009
22	0.02511	0.00548	0.00767	0.00814	0.00895	0.00518	0.03605	0.00896	0.01109	0.03038	0.11621	0.58656	0.03440	0.03746	0.00728	0.00219	0.00350	0.05578	0.00495	0.00469
23	0.84927	0.01038	0.00789	0.00706	0.01038	0.01204	0.00581	0.01578	0.00914	0.02408	0.00747	0.00872	0.00581	0.00498	0.00332	0.00166	0.00415	0.00291	0.00332	0.00581
24	0.00962	0.00634	0.00784	0.02628	0.00983	0.00590	0.00595	0.01223	0.05054	0.11118	0.24476	0.10324	0.26990	0.01191	0.00633	0.00187	0.00339	0.10197	0.00540	0.00551
25	0.01267	0.01448	0.03167	0.02262	0.02805	0.01357	0.75837	0.01719	0.01267	0.01719	0.01086	0.01448	0.00814	0.00452	0.00633	0.00181	0.00905	0.00633	0.00271	0.00724
26	0.00694	0.00546	0.00629	0.00631	0.00781	0.00482	0.00478	0.00874	0.01312	0.01692	0.29323	0.09297	0.43651	0.01299	0.00644	0.00184	0.00283	0.06196	0.00529	0.00473
27	0.01174	0.01174	0.01644	0.01409	0.01409	0.01644	0.01174	0.01292	0.00822	0.01292	0.00705	0.01174	0.00705	0.00940	0.01762	0.00235	0.80153	0.00470	0.00235	0.00587
28	0.60383	0.00925	0.00785	0.00695	0.00998	0.01028	0.00566	0.01630	0.01021	0.10573	0.01083	0.01185	0.00810	0.00540	0.00363	0.00158	0.00389	0.00357	0.15909	0.00602
29	0.00781	0.00567	0.00679	0.00723	0.00819	0.02317	0.00518	0.00933	0.01200	0.03537	0.20745	0.40189	0.12742	0.03638	0.00706	0.00205	0.00325	0.04968	0.03934	0.00474
30	0.01631	0.00782	0.01006	0.00834	0.01119	0.00715	0.00664	0.05704	0.03156	0.38601	0.26194	0.04813	0.06860	0.00867	0.00571	0.00167	0.00375	0.00733	0.04484	0.00725
31	0.00778	0.00555	0.00684	0.00660	0.00798	0.00502	0.00492	0.00981	0.01381	0.04212	0.48145	0.08047	0.22531	0.04896	0.00733	0.00193	0.00286	0.03080	0.00551	0.00494
32	0.01227	0.01293	0.05718	0.21421	0.42371	0.01277	0.13684	0.01586	0.01180	0.01642	0.00999	0.01360	0.00801	0.00501	0.00579	0.00170	0.02674	0.00499	0.00258	0.00759
33	0.00975	0.00686	0.00913	0.02824	0.03623	0.00690	0.00773	0.01330	0.09615	0.06692	0.09570	0.20070	0.05974	0.01291	0.00669	0.00214	0.00426	0.32595	0.00508	0.00563
34	0.78268	0.01028	0.00826	0.00726	0.01065	0.01171	0.00598	0.01662	0.00964	0.08521	0.00858	0.00949	0.00642	0.00512	0.00349	0.00166	0.00419	0.00311	0.00359	0.00608
35	0.00755	0.00506	0.00605	0.00640	0.00663	0.00500	0.00396	0.00810	0.00895	0.01228	0.04086	0.26009	0.02449	0.48500	0.04675	0.00413	0.00470	0.00981	0.05042	0.00378
36	0.01494	0.37781	0.15581	0.01140	0.03350	0.08333	0.01103	0.01753	0.01205	0.12083	0.04959	0.01265	0.01019	0.00628	0.01938	0.00157	0.04776	0.00401	0.00314	0.00718
37	0.03269	0.01116	0.03277	0.04453	0.09852	0.07173	0.00903	0.07913	0.13692	0.05887	0.05769	0.04881	0.11180	0.04996	0.02364	0.00207	0.06352	0.01999	0.04050	0.00666
38	0.01450	0.79397	0.02779	0.00931	0.01385	0.04131	0.00922	0.01621	0.01102	0.01264	0.00748	0.00864	0.00689	0.00462	0.00348	0.00115	0.00584	0.00289	0.00231	0.00687
39	0.00762	0.00550	0.00722	0.00692	0.00816	0.00510	0.00523	0.01011	0.01494	0.02108	0.72191	0.05905	0.04935	0.01129	0.00640	0.00174	0.00266	0.04481	0.00584	0.00504
40	0.00793	0.00603	0.00836	0.10706	0.01181	0.00600	0.00645	0.01056	0.01431	0.01999	0.62147	0.03713	0.05606	0.01125	0.02813	0.00192	0.00353	0.03151	0.00533	0.00516
41	0.01593	0.01073	0.01207	0.01044	0.01371	0.01170	0.00824	0.02735	0.55187	0.21719	0.04484	0.02019	0.01664	0.00723	0.00547	0.00178	0.00428	0.00601	0.00578	0.00855
42	0.72915	0.01010	0.00841	0.00735	0.01071	0.01136	0.00604	0.01686	0.01003	0.11360	0.02964	0.01069	0.00790	0.00534	0.00365	0.00166	0.00416	0.00338	0.00378	0.00619
43	0.02016	0.01491	0.01597	0.01230	0.01655	0.01653	0.01014	0.73445	0.05116	0.03343	0.01320	0.01314	0.00938	0.00647	0.00537	0.00162	0.00585	0.00488	0.00537	0.00911
44	0.02402	0.00923	0.01252	0.00960	0.01375	0.00803	0.00793	0.03812	0.01552	0.76939	0.02104	0.01818	0.01322	0.00664	0.00540	0.00166	0.00459	0.00539	0.00662	0.00914
45	0.00689	0.00501	0.00654	0.00763	0.00816	0.00475	0.00529	0.00836	0.03098	0.01433	0.04954	0.68718	0.06359	0.01615	0.00682	0.00216	0.00324	0.06381	0.00502	0.00454
46	0.00777	0.00543	0.00703	0.00689	0.00808	0.00497	0.00506	0.00991	0.01405	0.04078	0.56284	0.18935	0.09330	0.01216	0.00641	0.00179	0.00271	0.01077	0.00569	0.00501
47	0.04864	0.76321	0.02700	0.00921	0.01370	0.03886	0.00907	0.01619	0.01094	0.01311	0.00748	0.00864	0.00685	0.00463	0.00347	0.00117	0.00577	0.00289	0.00235	0.00683
48	0.00912	0.00627	0.00877	0.00988	0.01120	0.00623	0.00863	0.01158	0.01245	0.03961	0.02820	0.05925	0.03035	0.01458	0.00735	0.00245	0.00493	0.71909	0.00500	0.00507
49	0.00767	0.00575	0.00863	0.00863	0.00959	0.00671	0.00671	0.00959	0.00863	0.01246	0.01438	0.02109	0.01342	0.04026	0.79008	0.00863	0.01438	0.00575	0.00288	0.00479
50	0.21934	0.01039	0.01196	0.00941	0.01339	0.01029	0.00777	0.14247	0.01548	0.48077	0.01658	0.01513	0.01084	0.00622	0.00490	0.00165	0.00469	0.00472	0.00565	0.00835
51	0.01329	0.01271	0.02145	0.03218	0.75122	0.01277	0.01620	0.01689	0.03860	0.01771	0.01051	0.01352	0.00878	0.00487	0.00532	0.00160	0.00630	0.00483	0.00275	0.00850
52	0.05658	0.00531	0.00520	0.00516	0.00647	0.00540	0.00384	0.01248	0.01098	0.01981	0.01693	0.02006	0.01357	0.04225	0.00478	0.00145	0.00271	0.00501	0.75702	0.00497
53	0.09058	0.01264	0.01911	0.15813	0.52904	0.04893	0.01479	0.03324	0.01212	0.01767	0.00974	0.01286	0.00797	0.00497	0.00512	0.00162	0.00645	0.00455	0.00274	0.00773
54	0.01371	0.01273	0.03500	0.26945	0.22978	0.06823	0.01306	0.17179	0.01436	0.01904	0.01101	0.01463	0.00884	0.04364	0.02495	0.00197	0.00682	0.00484	0.02896	0.00720
55	0.00671	0.00474	0.00618	0.00725	0.00752	0.00448	0.00474	0.00752	0.00994	0.01325	0.02784	0.70142	0.03330	0.12624	0.00967	0.00260	0.00340	0.01423	0.00474	0.00421
56	0.03523	0.45360	0.10520	0.02840	0.05253	0.04713	0.01059	0.01631	0.03088	0.03985	0.06732	0.01255	0.01075	0.00569	0.00517	0.00143	0.06363	0.00397	0.00286	0.00691
57	0.01212	0.37579	0.24661	0.03174	0.01601	0.03323	0.01165	0.01522	0.01082	0.01440	0.00993	0.01265	0.00848	0.04116	0.07687	0.00219	0.00705	0.00388	0.06354	0.00668
58	0.02148	0.01330	0.01504	0.01153	0.01578	0.01408	0.00952	0.54462	0.02234	0.25327	0.01532	0.01447	0.01035	0.00650	0.00538	0.00163	0.00551	0.00500	0.00574	0.00913
59	0.00706	0.00550	0.00714	0.05252	0.00957	0.00547	0.00561	0.00827	0.01072	0.01404	0.06606	0.50225	0.18195	0.05049	0.00807	0.00220	0.04108	0.01278	0.00468	0.00454
60	0.01138	0.02648	0.01639	0.32861	0.11332	0.01124	0.10597	0.05279	0.03205	0.01657	0.01196	0.01655	0.00973	0.06562	0.00715	0.00193	0.02681	0.00523	0.13388	0.00632
61	0.00745	0.00522	0.00648	0.00663	0.00722	0.00498	0.00444	0.00865	0.01120	0.01535	0.29337	0.20664	0.04827	0.31459	0.01440	0.00315	0.00373	0.02935	0.00466	0.00421
62	0.00781	0.00520	0.00585	0.00585	0.00585	0.00520	0.00325	0.00781	0.00781	0.01041	0.01691	0.03513	0.01952	0.81135	0.02732	0.00520	0.00520	0.00781	0.00325	0.00325
63	0.02771	0.09680	0.06938	0.13795	0.01936	0.12666	0.07211	0.08271	0.01210	0.01570	0.00970	0.01306	0.00814	0.01090	0.11516	0.00269	0.16607	0.00455	0.00280	0.00644
64	0.20668	0.02147	0.49638	0.03541	0.02021	0.01226	0.04554	0.03268	0.01135	0.05718	0.00982	0.01132	0.00701	0.00516	0.00476	0.00169	0.00687	0.00393	0.00282	0.00744
65	0.00791	0.00579	0.00771	0.00876	0.00991	0.00559	0.00727	0.00992	0.01195	0.01539	0.03261	0.19776	0.14574	0.01501	0.00715	0.00232	0.00426	0.49524	0.00496	0.00477
66	0.05635	0.00974	0.01133	0.04465	0.01383	0.00791	0.00684	0.03469	0.01140	0.01813	0.00952	0.01120	0.00783	0.00416	0.00404	0.00091	0.00419	0.00329	0.00321	0.73677
67	0.01040	0.05572	0.60549	0.03947	0.02098	0.01172	0.01699	0.01575	0.01160	0.01701	0.09477	0.01497	0.01199	0.00737	0.04154	0.00200	0.00752	0.00467	0.00270	0.00736
68	0.01174	0.01117	0.01899	0.40927	0.41364	0.01235	0.01570	0.01512	0.01149	0.01566	0.00982	0.01379	0.00784	0.00507	0.00534	0.00169	0.00676	0.00478	0.00252	0.00725
69	0.02005	0.02558	0.01521	0.01383	0.01659	0.78980	0.01037	0.02143	0.01521	0.01314	0.00830	0.00968	0.00691	0.00553	0.00484	0.00138	0.00968	0.00346	0.00277	0.00622
70	0.01195	0.00780	0.02915	0.00854	0.00981	0.00779	0.00642	0.19177	0.01172	0.01572	0.01111	0.05081	0.01038	0.01523	0.01611	0.57811	0.00498	0.00516	0.00319	0.00423
71	0.00755	0.00549	0.00711	0.00671	0.00799	0.00505	0.00503	0.01004	0.01509	0.02128	0.74968	0.04050	0.07616	0.01107	0.00633	0.00169	0.00254	0.00976	0.00588	0.00505
72	0.01850	0.01328	0.01422	0.01114	0.01489	0.01461	0.00912	0.63007	0.02278	0.03126	0.01403	0.03613	0.01054	0.00671	0.00518	0.00157	0.00533	0.00515	0.12710	0.00839
73	0.00932	0.00466	0.00699	0.00699	0.00699	0.00466	0.00466	0.00699	0.00699	0.00932	0.00932	0.01632	0.00932	0.01865	0.02098	0.84382	0.00466	0.00466	0.00233	0.00233
74	0.12528	0.01500	0.01502	0.01176	0.01585	0.05698	0.00966	0.62671	0.02267	0.03150	0.01196	0.01219	0.00859	0.00621	0.00508	0.00161	0.00588	0.00452	0.00497	0.00856
75	0.02342	0.00941	0.01253	0.00969	0.01379	0.00839	0.00798	0.04388	0.05617	0.72274	0.02101	0.01824	0.01335	0.00667	0.00540	0.00167	0.00458	0.00542	0.00655	0.00910
76	0.01001	0.00602	0.00762	0.00730	0.00902	0.00539	0.00560	0.01192	0.01346	0.14733	0.28749	0.16854	0.21390	0.01216	0.00635	0.00186	0.00322	0.07173	0.00558	0.00550
77	0.00635	0.00542	0.00546	0.00548	0.00726	0.00453	0.00410	0.00770	0.01219	0.01448	0.05381	0.06901	0.75870	0.01367	0.00636	0.00182	0.00273	0.01142	0.00498	0.00453
78	0.04527	0.00944	0.01251	0.00962	0.01375	0.00841	0.00794	0.06011	0.01566	0.72711	0.02044	0.01777	0.01290	0.00659	0.00534	0.00166	0.00462	0.00531	0.00650	0.00905
79	0.84927	0.01038	0.00789	0.00706	0.01038	0.01204	0.00581	0.01578	0.00914	0.02408	0.00747	0.00872	0.00581	0.00498	0.00332	0.00166	0.00415	0.00291	0.00332	0.00581
80	0.01025	0.00579	0.00632	0.00607	0.00738	0.00610	0.00463	0.05085	0.01151	0.01941	0.01662	0.01993	0.01345	0.02963	0.10033	0.00229	0.02395	0.00514	0.65519	0.00517
81	0.00856	0.00570	0.00749	0.00692	0.00835	0.00523	0.00523	0.01107	0.01520	0.06611	0.73081	0.03882	0.04846	0.01072	0.00628	0.00169	0.00265	0.00945	0.00595	0.00530
82	0.01223	0.01369	0.02926	0.07273	0.02749	0.01316	0.66162	0.01647	0.01234	0.01673	0.01145	0.04686	0.00917	0.00519	0.00655	0.00184	0.02687	0.00656	0.00278	0.00701
83	0.02005	0.02558	0.01521	0.01383	0.01659	0.78980	0.01037	0.02143	0.01521	0.01314	0.00830	0.00968	0.00691	0.00553	0.00484	0.00138	0.00968	0.00346	0.00277	0.00622
84	0.03393	0.29034	0.29065	0.03003	0.01804	0.18001	0.01324	0.01722	0.01179	0.01458	0.00864	0.01036	0.00703	0.00612	0.02688	0.00166	0.02652	0.00355	0.00243	0.00699
85	0.01143	0.03183	0.17090	0.14650	0.13630	0.01236	0.28198	0.01547	0.01166	0.01612	0.01184	0.08599	0.01022	0.00606	0.00606	0.00179	0.02759	0.00609	0.00276	0.00705
86	0.04198	0.00552	0.00677	0.00698	0.00738	0.00579	0.00460	0.00850	0.00860	0.01218	0.01877	0.20927	0.02120	0.42609	0.17395	0.00499	0.02101	0.00886	0.00356	0.00397
87	0.01071	0.00762	0.00923	0.02551	0.04601	0.00744	0.00662	0.07587	0.08592	0.09068	0.15609	0.12322	0.25296	0.02878	0.00653	0.00187	0.00374	0.03316	0.00513	0.02291
88	0.02962	0.12053	0.16829	0.12979	0.10649	0.08675	0.01253	0.03523	0.03107	0.01592	0.03772	0.10243	0.01316	0.00733	0.00583	0.00172	0.04320	0.04261	0.00312	0.00668
89	0.67815	0.01037	0.00899	0.00769	0.01119	0.01155	0.00634	0.04881	0.01084	0.14955	0.00996	0.01047	0.00719	0.00532	0.00375	0.00166	0.00429	0.00340	0.00396	0.00650
90	0.00672	0.00479	0.00624	0.00723	0.00762	0.00449	0.00482	0.00769	0.01044	0.01397	0.08007	0.66942	0.05289	0.08602	0.00860	0.00240	0.00325	0.01413	0.00489	0.00432
91	0.01241	0.12357	0.36920	0.01876	0.20226	0.04080	0.05814	0.03321	0.01202	0.01677	0.02342	0.01301	0.00857	0.00536	0.00539	0.00163	0.02760	0.01758	0.00259	0.00770
92	0.00673	0.00479	0.00623	0.00730	0.00764	0.00450	0.00486	0.00761	0.01011	0.01342	0.02881	0.68262	0.05342	0.10518	0.00913	0.00251	0.00338	0.03272	0.00479	0.00426
93	0.00780	0.00524	0.00603	0.00603	0.00608	0.00530	0.00347	0.00792	0.00786	0.01053	0.01676	0.03426	0.01914	0.76381	0.07435	0.00542	0.00577	0.00768	0.00323	0.00335
94	0.01205	0.01105	0.01719	0.04524	0.50412	0.03239	0.01301	0.01526	0.03847	0.03092	0.10089	0.07777	0.04743	0.00712	0.00563	0.00169	0.00553	0.02331	0.00351	0.00744
95	0.01188	0.12426	0.52479	0.01598	0.08179	0.05429	0.05694	0.01682	0.01165	0.01623	0.01065	0.01237	0.02870	0.00524	0.00500	0.00161	0.00754	0.00420	0.00243	0.00762
96	0.00856	0.00611	0.00854	0.00978	0.01097	0.00610	0.00849	0.01096	0.01226	0.01596	0.02847	0.09403	0.03110	0.01492	0.00739	0.00246	0.00486	0.70919	0.00494	0.00492
97	0.01202	0.01344	0.02897	0.02101	0.02590	0.01259	0.67817	0.01616	0.01241	0.01682	0.01285	0.09894	0.01106	0.00583	0.00639	0.00185	0.00842	0.00728	0.00296	0.00693
98	0.01185	0.01139	0.01865	0.42355	0.32176	0.03257	0.04111	0.02798	0.01178	0.01570	0.01025	0.01481	0.00827	0.00535	0.00541	0.00172	0.00692	0.02128	0.00262	0.00703
99	0.03451	0.01444	0.25853	0.01102	0.01528	0.00932	0.02873	0.08553	0.01383	0.16522	0.13480	0.14731	0.04136	0.00855	0.00567	0.00176	0.00527	0.00727	0.00451	0.00709
100	0.75229	0.01203	0.04019	0.00788	0.01138	0.05541	0.00673	0.03101	0.00988	0.02338	0.00772	0.00896	0.00598	0.00505	0.00352	0.00165	0.00465	0.00302	0.00329	0.00599
101	0.03820	0.00573	0.00678	0.00676	0.00822	0.00526	0.00506	0.01006	0.01270	0.05962	0.26131	0.17452	0.26706	0.03708	0.00691	0.00196	0.00310	0.05708	0.02762	0.00497
102	0.70136	0.04909	0.06561	0.00878	0.03839	0.01263	0.00746	0.03333	0.00986	0.02304	0.00785	0.00916	0.00611	0.00500	0.00357	0.00164	0.00462	0.00309	0.00322	0.00619
103	0.00844	0.00590	0.00798	0.00728	0.00881	0.00541	0.02429	0.01094	0.01491	0.05612	0.66498	0.03952	0.08733	0.01084	0.00631	0.00171	0.00285	0.02531	0.00579	0.00528
104	0.02007	0.01509	0.01591	0.01231	0.01652	0.03235	0.01013	0.71094	0.05945	0.03288	0.01321	0.01315	0.00942	0.00646	0.00536	0.00162	0.00591	0.00486	0.00532	0.00904
105	0.01267	0.01448	0.03167	0.02262	0.02805	0.01357	0.75837	0.01719	0.01267	0.01719	0.01086	0.01448	0.00814	0.00452	0.00633	0.00181	0.00905	0.00633	0.00271	0.00724
106	0.01933	0.01418	0.01538	0.01172	0.01607	0.01520	0.00965	0.64501	0.02318	0.05264	0.01270	0.01282	0.00910	0.00614	0.00519	0.00151	0.00563	0.00464	0.00513	0.11480
107	0.01394	0.00910	0.01028	0.00892	0.01183	0.00932	0.00702	0.05654	0.30337	0.19835	0.08027	0.02909	0.22102	0.00903	0.00574	0.00176	0.00388	0.00750	0.00564	0.00739
108	0.00768	0.00572	0.00847	0.00847	0.00938	0.00663	0.00652	0.00949	0.00858	0.01235	0.01452	0.02187	0.01376	0.08334	0.74746	0.00844	0.01387	0.00587	0.00290	0.00471
109	0.02408	0.00914	0.01246	0.00955	0.01370	0.00789	0.00789	0.02616	0.01536	0.78158	0.02118	0.01827	0.01329	0.00664	0.00540	0.00166	0.00457	0.00540	0.00664	0.00914
110	0.02041	0.01504	0.01611	0.01235	0.01665	0.01665	0.01020	0.75997	0.02524	0.03383	0.01289	0.01289	0.00913	0.00644	0.00537	0.00161	0.00591	0.00483	0.00537	0.00913
111	0.00860	0.00568	0.00728	0.00689	0.00834	0.00515	0.00516	0.01080	0.01437	0.07782	0.55968	0.11770	0.12902	0.01154	0.00631	0.00175	0.00277	0.01013	0.00577	0.00524
112	0.00760	0.00512	0.00592	0.00612	0.00618	0.00506	0.00354	0.00775	0.00822	0.01095	0.01902	0.16334	0.02217	0.67952	0.02393	0.00470	0.00486	0.00904	0.00354	0.00344
113	0.01014	0.00954	0.01610	0.79845	0.03697	0.01193	0.01491	0.01371	0.01073	0.01371	0.00954	0.01431	0.00716	0.00537	0.00537	0.00179	0.00716	0.00477	0.00239	0.00596
114	0.01921	0.01428	0.01534	0.01202	0.01603	0.01582	0.00983	0.66773	0.08333	0.03201	0.01436	0.04977	0.01091	0.00698	0.00544	0.00165	0.00565	0.00541	0.00536	0.00886
115	0.00986	0.00502	0.00502	0.00502	0.00629	0.00498	0.00377	0.01231	0.01130	0.01979	0.01902	0.02131	0.04492	0.00655	0.00386	0.00127	0.00251	0.00526	0.80695	0.00498
116	0.06225	0.00930	0.01231	0.00948	0.01360	0.00824	0.00783	0.03872	0.01525	0.73321	0.02040	0.01773	0.01287	0.00656	0.00530	0.00166	0.00457	0.00527	0.00647	0.00898
117	0.50380	0.02831	0.01102	0.00871	0.01238	0.01123	0.04148	0.05583	0.01189	0.22952	0.01189	0.01209	0.00835	0.00551	0.00414	0.00164	0.00457	0.00389	0.02678	0.00695
118	0.00693	0.00506	0.00670	0.00797	0.02553	0.00476	0.00533	0.00802	0.01053	0.01396	0.04642	0.62403	0.07947	0.06876	0.00817	0.00235	0.00341	0.06332	0.00483	0.00445
119	0.01866	0.01380	0.01490	0.01155	0.01560	0.01497	0.00946	0.63372	0.03672	0.03108	0.01361	0.04562	0.01039	0.00668	0.00527	0.00156	0.00550	0.00516	0.03089	0.07486
120	0.01765	0.06573	0.08316	0.00997	0.01366	0.03208	0.00886	0.13693	0.01514	0.32520	0.01775	0.07475	0.01372	0.00736	0.00538	0.00164	0.01660	0.03572	0.11099	0.00770
121	0.00784	0.00543	0.00691	0.00741	0.00820	0.00513	0.00508	0.02657	0.01062	0.03412	0.04502	0.54339	0.04924	0.11092	0.04964	0.00274	0.00405	0.01236	0.02187	0.04343
122	0.05569	0.01404	0.06868	0.26681	0.18746	0.09920	0.03336	0.11424	0.01348	0.01800	0.01190	0.01456	0.04322	0.00585	0.00562	0.00168	0.03128	0.00483	0.00305	0.00705
123	0.00753	0.00567	0.00698	0.00766	0.00846	0.00560	0.00529	0.01035	0.10653	0.01524	0.08179	0.57118	0.07744	0.05412	0.00762	0.00223	0.00330	0.01311	0.00502	0.00489
124	0.80496	0.01031	0.00813	0.00719	0.01056	0.01182	0.00592	0.01634	0.00947	0.06476	0.00821	0.00923	0.00621	0.00507	0.00343	0.00166	0.00417	0.00304	0.00350	0.00599
125	0.07365	0.01147	0.01390	0.20623	0.05643	0.01314	0.01040	0.22366	0.22275	0.02256	0.01429	0.01615	0.01098	0.03987	0.02304	0.00201	0.00574	0.00516	0.02107	0.00749
126	0.01267	0.01448	0.03167	0.02262	0.02805	0.01357	0.75837	0.01719	0.01267	0.01719	0.01086	0.01448	0.00814	0.00452	0.00633	0.00181	0.00905	0.00633	0.00271	0.00724
127	0.00699	0.00496	0.00634	0.00727	0.00767	0.00471	0.00492	0.00789	0.01005	0.01327	0.02798	0.54222	0.06603	0.18222	0.01115	0.00282	0.00370	0.08099	0.00462	0.00419
128	0.01174	0.01174	0.01644	0.01409	0.01409	0.01644	0.01174	0.01292	0.00822	0.01292	0.00705	0.01174	0.00705	0.00940	0.01762	0.00235	0.80153	0.00470	0.00235	0.00587
129	0.41949	0.00955	0.00981	0.00814	0.01166	0.00986	0.00667	0.02028	0.03534	0.34372	0.03253	0.01433	0.01071	0.00595	0.00435	0.00165	0.00422	0.00431	0.04018	0.00725
130	0.01160	0.01153	0.01617	0.01390	0.01394	0.01610	0.01157	0.01280	0.00823	0.01290	0.00730	0.01207	0.00727	0.01047	0.04456	0.00257	0.77407	0.00473	0.00237	0.00583
131	0.02288	0.00934	0.01240	0.00960	0.01360	0.00835	0.00790	0.06482	0.03272	0.68929	0.05567	0.01903	0.01486	0.00685	0.00544	0.00166	0.00454	0.00558	0.00652	0.00893
132	0.00751	0.00515	0.00645	0.00709	0.00798	0.00467	0.00497	0.00858	0.01104	0.04956	0.05502	0.50532	0.20962	0.03552	0.00755	0.02412	0.00322	0.03706	0.00497	0.00458
133	0.01329	0.01275	0.02179	0.03295	0.77787	0.01275	0.01647	0.01647	0.01222	0.01754	0.01010	0.01329	0.00850	0.00478	0.00531	0.00159	0.00638	0.00478	0.00266	0.00850
134	0.01683	0.01561	0.01361	0.04818	0.01591	0.23712	0.00945	0.15823	0.28743	0.06702	0.01571	0.01645	0.01201	0.00666	0.00525	0.00164	0.00623	0.02471	0.03428	0.00766
135	0.06484	0.38213	0.02180	0.01355	0.09414	0.29257	0.03109	0.01803	0.01252	0.01411	0.00813	0.00965	0.00704	0.00497	0.00421	0.00133	0.00721	0.00338	0.00257	0.00677
136	0.00780	0.00522	0.00592	0.00592	0.00595	0.00524	0.00334	0.00785	0.00783	0.01046	0.01685	0.03477	0.01936	0.79183	0.04663	0.00529	0.00544	0.00775	0.00324	0.00329
137	0.37677	0.01168	0.03243	0.00921	0.01248	0.04420	0.00766	0.17472	0.01392	0.10837	0.04845	0.03431	0.01169	0.03950	0.00585	0.00184	0.02714	0.02874	0.00426	0.00676
138	0.03219	0.01161	0.01389	0.01121	0.01469	0.01243	0.03937	0.35613	0.10308	0.15887	0.01614	0.03341	0.01231	0.01107	0.09717	0.01709	0.00641	0.02620	0.01872	0.00802
139	0.01435	0.81458	0.02813	0.00918	0.01378	0.02124	0.00918	0.01607	0.01091	0.01263	0.00746	0.00861	0.00689	0.00459	0.00344	0.00115	0.00574	0.00287	0.00230	0.00689
140	0.08638	0.00794	0.00939	0.10780	0.01323	0.00851	0.00708	0.05506	0.14105	0.02037	0.29990	0.06112	0.12219	0.00929	0.00569	0.00174	0.00379	0.00789	0.02563	0.00595
141	0.00679	0.00554	0.00601	0.00592	0.00758	0.00482	0.00443	0.00868	0.02669	0.01638	0.23320	0.06795	0.56137	0.01291	0.00634	0.00179	0.00271	0.01093	0.00522	0.00473
142	0.00757	0.00549	0.00714	0.00673	0.00800	0.00505	0.00504	0.01008	0.01513	0.02138	0.75991	0.04034	0.06587	0.01103	0.00633	0.00169	0.00254	0.00974	0.00589	0.00505
