[name]
unknown

[dist]
# distance from previous block
# <min> <max>
0	34

[block]
# block no. 0 follows, 44 sequences, length 15
# corresponding to MSA columns:
# 34-48
name=unknown_A
#
# <colnr> <probs for GDERKNQSTAVLIFYWHMCP>
#	G	D	E	R	K	N	Q	S	T	A	V	L	I	F	Y	W	H	M	C	P
0	0.07067	0.34438	0.29862	0.01247	0.04023	0.05827	0.01325	0.01714	0.01161	0.04370	0.00983	0.01232	0.00810	0.00541	0.00446	0.00150	0.00670	0.03130	0.00269	0.00733
1	0.01339	0.43648	0.19798	0.01076	0.01571	0.04539	0.01131	0.07279	0.01258	0.01576	0.01396	0.03622	0.08483	0.00623	0.00448	0.00144	0.00612	0.00456	0.00293	0.00708
2	0.03848	0.53335	0.17287	0.01071	0.01603	0.01791	0.03061	0.01627	0.01118	0.01466	0.00831	0.00970	0.00709	0.00471	0.00395	0.00127	0.00612	0.00326	0.00246	0.09104
3	0.01364	0.12532	0.55689	0.01378	0.02076	0.01303	0.01675	0.01869	0.01213	0.14270	0.01144	0.01232	0.00801	0.00537	0.00501	0.00165	0.00721	0.00413	0.00304	0.00812
4	0.08992	0.14836	0.28423	0.01065	0.01533	0.02681	0.01143	0.01628	0.02667	0.08492	0.01505	0.09376	0.03717	0.00691	0.00481	0.00162	0.00563	0.00544	0.10811	0.00691
5	0.01108	0.00884	0.01054	0.00789	0.01199	0.00686	0.00625	0.01352	0.01231	0.04753	0.16510	0.01756	0.01710	0.00559	0.00458	0.00103	0.00376	0.00466	0.00393	0.63989
6	0.01130	0.00969	0.01130	0.00807	0.01292	0.00727	0.00646	0.01373	0.01130	0.01776	0.00969	0.01130	0.00807	0.00404	0.00404	0.00081	0.00404	0.00323	0.00323	0.84173
7	0.00748	0.00549	0.00711	0.00790	0.00866	0.00532	0.00564	0.00982	0.06068	0.01621	0.16955	0.54395	0.03729	0.01515	0.00682	0.00212	0.00329	0.07737	0.00527	0.00489
8	0.02446	0.00928	0.01265	0.00970	0.01392	0.00801	0.00801	0.02657	0.01560	0.77817	0.02151	0.01856	0.01350	0.00675	0.00548	0.00169	0.00464	0.00548	0.00675	0.00928
9	0.00737	0.00548	0.00686	0.00668	0.00798	0.00497	0.00495	0.00956	0.01437	0.01974	0.56400	0.11967	0.18375	0.01224	0.00649	0.00179	0.00267	0.01073	0.00573	0.00497
10	0.01187	0.03696	0.33210	0.12243	0.05242	0.01195	0.15601	0.01648	0.01180	0.04000	0.01031	0.01272	0.00768	0.00493	0.00524	0.00158	0.00726	0.00451	0.00272	0.15101
11	0.00763	0.08675	0.00911	0.00702	0.00899	0.00676	0.03023	0.00918	0.01191	0.01463	0.06714	0.14187	0.50059	0.01468	0.05703	0.00227	0.00410	0.01057	0.00460	0.00495
12	0.04671	0.18822	0.13900	0.05248	0.01866	0.11999	0.10408	0.09286	0.01340	0.04564	0.01019	0.01247	0.00817	0.03563	0.00592	0.00164	0.02190	0.00426	0.00309	0.07570
13	0.07316	0.10460	0.16762	0.03903	0.04674	0.01149	0.09464	0.04277	0.01188	0.05926	0.01292	0.10331	0.01148	0.00869	0.05597	0.00203	0.00653	0.00557	0.00332	0.13899
14	0.01349	0.09573	0.16743	0.03480	0.01653	0.03382	0.05089	0.06587	0.10921	0.10169	0.04163	0.01953	0.10826	0.00680	0.00523	0.00157	0.00559	0.00558	0.00404	0.11233

[dist]
# distance from previous block
# <min> <max>
1	33

[block]
# block no. 1 follows, 44 sequences, length 57
# corresponding to MSA columns:
# 88-144
name=unknown_B
#
# <colnr> <probs for GDERKNQSTAVLIFYWHMCP>
#	G	D	E	R	K	N	Q	S	T	A	V	L	I	F	Y	W	H	M	C	P
0	0.08367	0.03120	0.09055	0.03142	0.03738	0.10744	0.07172	0.17523	0.07124	0.05445	0.06471	0.05502	0.01315	0.00659	0.00525	0.00161	0.00609	0.00541	0.00409	0.08377
1	0.01765	0.17743	0.11561	0.01197	0.01666	0.08927	0.01101	0.32444	0.05916	0.07245	0.01201	0.01238	0.00892	0.00586	0.00492	0.00151	0.00633	0.00430	0.00416	0.04397
2	0.13124	0.23263	0.18261	0.01306	0.03478	0.07116	0.10690	0.01747	0.01197	0.07631	0.04377	0.01259	0.00952	0.00549	0.00506	0.00157	0.02935	0.00426	0.00308	0.00717
3	0.04676	0.20587	0.06215	0.03333	0.04535	0.02666	0.05961	0.04589	0.04363	0.16670	0.03246	0.08057	0.06019	0.00785	0.01980	0.00176	0.02840	0.00589	0.00404	0.02310
4	0.01408	0.03070	0.11478	0.03222	0.01518	0.01042	0.02588	0.19524	0.01630	0.10588	0.19965	0.03891	0.02010	0.00722	0.00543	0.00154	0.00498	0.00602	0.00471	0.15077
5	0.01607	0.01207	0.01345	0.01016	0.01455	0.01176	0.00827	0.35195	0.03971	0.05559	0.02803	0.01349	0.01012	0.00558	0.00483	0.00128	0.00489	0.00435	0.02451	0.36933
6	0.00772	0.00557	0.00729	0.00686	0.00814	0.00514	0.00514	0.01029	0.01543	0.02186	0.77152	0.04072	0.05144	0.01115	0.00643	0.00171	0.00257	0.00986	0.00600	0.00514
7	0.84691	0.01054	0.00801	0.00717	0.01054	0.01223	0.00590	0.01603	0.00928	0.02446	0.00759	0.00886	0.00590	0.00506	0.00337	0.00169	0.00422	0.00295	0.00337	0.00590
8	0.00755	0.00557	0.00706	0.00669	0.00804	0.00507	0.00502	0.00997	0.01505	0.02095	0.68003	0.04222	0.14350	0.01149	0.00643	0.00173	0.00260	0.01007	0.00588	0.00507
9	0.01402	0.01194	0.01259	0.01119	0.01435	0.01377	0.00874	0.07541	0.71736	0.02354	0.02161	0.01988	0.01617	0.00734	0.00554	0.00184	0.00442	0.00608	0.00554	0.00867
10	0.00771	0.00559	0.00731	0.00718	0.00842	0.00519	0.00547	0.01012	0.01471	0.02053	0.62332	0.09506	0.07214	0.01203	0.00658	0.00183	0.00286	0.08307	0.00581	0.00507
11	0.00644	0.00552	0.00552	0.00552	0.00736	0.00460	0.00414	0.00782	0.01243	0.01473	0.05523	0.05247	0.77218	0.01381	0.00644	0.00184	0.00276	0.01151	0.00506	0.00460
12	0.01356	0.01171	0.01233	0.01109	0.01418	0.01356	0.00863	0.02897	0.76455	0.02281	0.02219	0.02034	0.01664	0.00740	0.00555	0.00185	0.00431	0.00616	0.00555	0.00863
13	0.84691	0.01054	0.00801	0.00717	0.01054	0.01223	0.00590	0.01603	0.00928	0.02446	0.00759	0.00886	0.00590	0.00506	0.00337	0.00169	0.00422	0.00295	0.00337	0.00590
14	0.00779	0.00583	0.00869	0.00869	0.00963	0.00677	0.00672	0.00969	0.00874	0.01260	0.01467	0.02180	0.01379	0.06132	0.76659	0.00867	0.01435	0.00590	0.00293	0.00483
15	0.00664	0.00474	0.00633	0.00759	0.00791	0.00443	0.00506	0.00759	0.01044	0.01392	0.03005	0.80485	0.03606	0.01708	0.00696	0.00221	0.00316	0.01550	0.00506	0.00443
16	0.84691	0.01054	0.00801	0.00717	0.01054	0.01223	0.00590	0.01603	0.00928	0.02446	0.00759	0.00886	0.00590	0.00506	0.00337	0.00169	0.00422	0.00295	0.00337	0.00590
17	0.02345	0.01090	0.01366	0.01047	0.01473	0.01042	0.00865	0.22430	0.01832	0.57660	0.01923	0.01707	0.01235	0.00669	0.00547	0.00167	0.00501	0.00533	0.00640	0.00928
18	0.84691	0.01054	0.00801	0.00717	0.01054	0.01223	0.00590	0.01603	0.00928	0.02446	0.00759	0.00886	0.00590	0.00506	0.00337	0.00169	0.00422	0.00295	0.00337	0.00590
19	0.01349	0.01295	0.02213	0.03346	0.77440	0.01295	0.01673	0.01673	0.01241	0.01781	0.01025	0.01349	0.00864	0.00486	0.00540	0.00162	0.00648	0.00486	0.00270	0.00864
20	0.02001	0.01491	0.01596	0.01240	0.01663	0.01657	0.01019	0.68350	0.09951	0.03320	0.01400	0.01381	0.01001	0.00663	0.00546	0.00166	0.00583	0.00503	0.00546	0.00921
21	0.01356	0.01171	0.01233	0.01109	0.01418	0.01356	0.00863	0.02897	0.76455	0.02281	0.02219	0.02034	0.01664	0.00740	0.00555	0.00185	0.00431	0.00616	0.00555	0.00863
22	0.00668	0.00476	0.00632	0.00754	0.00785	0.00445	0.00501	0.00760	0.01037	0.01382	0.02968	0.78279	0.03559	0.03977	0.00755	0.00230	0.00322	0.01528	0.00501	0.00440
23	0.00756	0.00557	0.00706	0.00669	0.00805	0.00508	0.00502	0.00998	0.01505	0.02096	0.68110	0.04221	0.14242	0.01148	0.00643	0.00173	0.00260	0.01007	0.00588	0.00508
24	0.02037	0.02598	0.01545	0.01404	0.01685	0.78652	0.01053	0.02177	0.01545	0.01334	0.00843	0.00983	0.00702	0.00562	0.00492	0.00140	0.00983	0.00351	0.00281	0.00632
25	0.00880	0.00728	0.01054	0.00996	0.01065	0.00913	0.00787	0.01046	0.00862	0.01266	0.01294	0.01986	0.01238	0.07279	0.56187	0.00704	0.20361	0.00569	0.00281	0.00505
26	0.00653	0.00553	0.00565	0.00562	0.00742	0.00464	0.00421	0.00800	0.01264	0.01523	0.10533	0.05165	0.72177	0.01362	0.00644	0.00183	0.00275	0.01139	0.00513	0.00464
27	0.00664	0.00477	0.00630	0.00753	0.00789	0.00443	0.00504	0.00760	0.01049	0.01394	0.03074	0.78428	0.05618	0.01699	0.00694	0.00220	0.00315	0.01539	0.00506	0.00443
28	0.01909	0.02268	0.01679	0.01761	0.16052	0.57974	0.01170	0.07815	0.01567	0.01583	0.00914	0.01078	0.00750	0.00555	0.00505	0.00146	0.00890	0.00388	0.00299	0.00699
29	0.15476	0.01495	0.16196	0.01130	0.01600	0.01253	0.01068	0.19961	0.12062	0.22120	0.01500	0.01452	0.01038	0.00621	0.00508	0.00170	0.00552	0.00474	0.00485	0.00839
30	0.01294	0.01421	0.02963	0.04357	0.18970	0.01357	0.57779	0.01722	0.01272	0.01745	0.01083	0.01444	0.00833	0.00467	0.00619	0.00179	0.00856	0.00606	0.00274	0.00760
31	0.01193	0.01193	0.01670	0.01431	0.01431	0.01670	0.01193	0.01312	0.00835	0.01312	0.00716	0.01193	0.00716	0.00954	0.01789	0.00239	0.79843	0.00477	0.00239	0.00596
32	0.84691	0.01054	0.00801	0.00717	0.01054	0.01223	0.00590	0.01603	0.00928	0.02446	0.00759	0.00886	0.00590	0.00506	0.00337	0.00169	0.00422	0.00295	0.00337	0.00590
33	0.01302	0.01241	0.02111	0.10887	0.67557	0.01265	0.01631	0.01627	0.01227	0.01737	0.01081	0.01518	0.00925	0.00525	0.00547	0.00167	0.00651	0.02901	0.00275	0.00826
34	0.01102	0.01043	0.01767	0.62187	0.20529	0.01230	0.01550	0.01457	0.01125	0.01481	0.00982	0.01430	0.00758	0.00532	0.00544	0.00177	0.00709	0.00485	0.00249	0.00664
35	0.00644	0.00552	0.00552	0.00552	0.00736	0.00460	0.00414	0.00782	0.01243	0.01473	0.05523	0.05247	0.77218	0.01381	0.00644	0.00184	0.00276	0.01151	0.00506	0.00460
36	0.02446	0.00928	0.01265	0.00970	0.01392	0.00801	0.00801	0.02657	0.01560	0.77817	0.02151	0.01856	0.01350	0.00675	0.00548	0.00169	0.00464	0.00548	0.00675	0.00928
37	0.00772	0.00557	0.00729	0.00686	0.00814	0.00514	0.00514	0.01029	0.01543	0.02186	0.77152	0.04072	0.05144	0.01115	0.00643	0.00171	0.00257	0.00986	0.00600	0.00514
38	0.00644	0.00552	0.00552	0.00552	0.00736	0.00460	0.00414	0.00782	0.01243	0.01473	0.05523	0.05247	0.77218	0.01381	0.00644	0.00184	0.00276	0.01151	0.00506	0.00460
39	0.00664	0.00474	0.00633	0.00759	0.00791	0.00443	0.00506	0.00759	0.01044	0.01392	0.03005	0.80485	0.03606	0.01708	0.00696	0.00221	0.00316	0.01550	0.00506	0.00443
40	0.02037	0.02598	0.01545	0.01404	0.01685	0.78652	0.01053	0.02177	0.01545	0.01334	0.00843	0.00983	0.00702	0.00562	0.00492	0.00140	0.00983	0.00351	0.00281	0.00632
41	0.01093	0.02820	0.78016	0.01554	0.02360	0.01266	0.02014	0.01727	0.01151	0.01727	0.00978	0.01151	0.00691	0.00518	0.00518	0.00173	0.00806	0.00403	0.00230	0.00806
42	0.00793	0.00529	0.00595	0.00595	0.00595	0.00529	0.00330	0.00793	0.00793	0.01057	0.01718	0.03568	0.01982	0.80840	0.02775	0.00529	0.00529	0.00793	0.00330	0.00330
43	0.84691	0.01054	0.00801	0.00717	0.01054	0.01223	0.00590	0.01603	0.00928	0.02446	0.00759	0.00886	0.00590	0.00506	0.00337	0.00169	0.00422	0.00295	0.00337	0.00590
44	0.01128	0.10146	0.70988	0.01496	0.02270	0.01349	0.01913	0.01718	0.01147	0.01685	0.00958	0.01125	0.00691	0.00513	0.00502	0.00167	0.00785	0.00392	0.00230	0.00796
45	0.01093	0.02820	0.78016	0.01554	0.02360	0.01266	0.02014	0.01727	0.01151	0.01727	0.00978	0.01151	0.00691	0.00518	0.00518	0.00173	0.00806	0.00403	0.00230	0.00806
46	0.00653	0.00540	0.00573	0.00592	0.00749	0.00460	0.00434	0.00789	0.01223	0.01490	0.08234	0.17671	0.61864	0.01423	0.00653	0.00190	0.00282	0.01210	0.00510	0.00460
47	0.84691	0.01054	0.00801	0.00717	0.01054	0.01223	0.00590	0.01603	0.00928	0.02446	0.00759	0.00886	0.00590	0.00506	0.00337	0.00169	0.00422	0.00295	0.00337	0.00590
48	0.00759	0.00557	0.00711	0.00673	0.00807	0.00509	0.00504	0.01004	0.01513	0.02115	0.69990	0.04190	0.12351	0.01141	0.00643	0.00173	0.00259	0.01002	0.00591	0.00509
49	0.01093	0.02820	0.78016	0.01554	0.02360	0.01266	0.02014	0.01727	0.01151	0.01727	0.00978	0.01151	0.00691	0.00518	0.00518	0.00173	0.00806	0.00403	0.00230	0.00806
50	0.01049	0.00989	0.01670	0.74918	0.08216	0.01216	0.01524	0.01410	0.01099	0.01416	0.00972	0.01447	0.00735	0.00541	0.00545	0.00180	0.00722	0.00485	0.00244	0.00621
51	0.02446	0.00928	0.01265	0.00970	0.01392	0.00801	0.00801	0.02657	0.01560	0.77817	0.02151	0.01856	0.01350	0.00675	0.00548	0.00169	0.00464	0.00548	0.00675	0.00928
52	0.00872	0.00623	0.00872	0.00997	0.01120	0.00622	0.00868	0.01119	0.01249	0.01625	0.02890	0.08238	0.03151	0.01512	0.00751	0.00250	0.00497	0.71741	0.00502	0.00500
53	0.00652	0.00553	0.00563	0.00560	0.00741	0.00464	0.00420	0.00797	0.01261	0.01516	0.09859	0.05176	0.72855	0.01365	0.00644	0.00183	0.00275	0.01141	0.00512	0.00464
54	0.02037	0.02598	0.01545	0.01404	0.01685	0.78652	0.01053	0.02177	0.01545	0.01334	0.00843	0.00983	0.00702	0.00562	0.00492	0.00140	0.00983	0.00351	0.00281	0.00632
55	0.01129	0.09316	0.69598	0.01523	0.02294	0.01344	0.04034	0.01719	0.01151	0.01690	0.00964	0.01137	0.00695	0.00512	0.00508	0.00168	0.00790	0.00400	0.00232	0.00795
56	0.84691	0.01054	0.00801	0.00717	0.01054	0.01223	0.00590	0.01603	0.00928	0.02446	0.00759	0.00886	0.00590	0.00506	0.00337	0.00169	0.00422	0.00295	0.00337	0.00590

[dist]
# distance from previous block
# <min> <max>
0	2

[block]
# block no. 2 follows, 44 sequences, length 37
# corresponding to MSA columns:
# 147-180,192-194
name=unknown_C
#
# <colnr> <probs for GDERKNQSTAVLIFYWHMCP>
#	G	D	E	R	K	N	Q	S	T	A	V	L	I	F	Y	W	H	M	C	P
0	0.01411	0.24357	0.36540	0.01393	0.02017	0.01465	0.10973	0.01833	0.01214	0.12300	0.01097	0.01214	0.00803	0.00518	0.00491	0.00158	0.00710	0.00423	0.00299	0.00784
1	0.47458	0.01574	0.18962	0.01204	0.04585	0.03032	0.07578	0.06546	0.01145	0.02232	0.00889	0.01047	0.00670	0.00515	0.00431	0.00170	0.00587	0.00372	0.00317	0.00687
2	0.84691	0.01054	0.00801	0.00717	0.01054	0.01223	0.00590	0.01603	0.00928	0.02446	0.00759	0.00886	0.00590	0.00506	0.00337	0.00169	0.00422	0.00295	0.00337	0.00590
3	0.08381	0.04153	0.01331	0.00987	0.01400	0.02667	0.00818	0.08943	0.03211	0.59469	0.01894	0.01683	0.01224	0.00651	0.00524	0.00166	0.00488	0.00512	0.00610	0.00886
4	0.00664	0.00487	0.00624	0.00730	0.00784	0.00447	0.00494	0.00769	0.01083	0.01423	0.05258	0.68524	0.13412	0.01649	0.00688	0.00215	0.00309	0.01482	0.00509	0.00447
5	0.00768	0.00557	0.00723	0.00682	0.00812	0.00513	0.00511	0.01021	0.01534	0.02164	0.74890	0.04109	0.07420	0.01123	0.00643	0.00172	0.00258	0.00991	0.00597	0.00513
6	0.01093	0.02820	0.78016	0.01554	0.02360	0.01266	0.02014	0.01727	0.01151	0.01727	0.00978	0.01151	0.00691	0.00518	0.00518	0.00173	0.00806	0.00403	0.00230	0.00806
7	0.01093	0.02820	0.78016	0.01554	0.02360	0.01266	0.02014	0.01727	0.01151	0.01727	0.00978	0.01151	0.00691	0.00518	0.00518	0.00173	0.00806	0.00403	0.00230	0.00806
8	0.00947	0.00473	0.00710	0.00710	0.00710	0.00473	0.00473	0.00710	0.00710	0.00947	0.00947	0.01657	0.00947	0.01894	0.02131	0.84138	0.00473	0.00473	0.00237	0.00237
9	0.00772	0.00557	0.00729	0.00686	0.00814	0.00514	0.00514	0.01029	0.01543	0.02186	0.77152	0.04072	0.05144	0.01115	0.00643	0.00171	0.00257	0.00986	0.00600	0.00514
10	0.01125	0.09702	0.71414	0.01499	0.02275	0.01344	0.01919	0.01718	0.01147	0.01688	0.00959	0.01127	0.00691	0.00513	0.00503	0.00168	0.00786	0.00393	0.00230	0.00796
11	0.00664	0.00474	0.00633	0.00759	0.00791	0.00443	0.00506	0.00759	0.01044	0.01392	0.03005	0.80485	0.03606	0.01708	0.00696	0.00221	0.00316	0.01550	0.00506	0.00443
12	0.06667	0.00938	0.01229	0.00942	0.01365	0.00817	0.00777	0.02488	0.01489	0.67164	0.01974	0.01741	0.01262	0.00642	0.00524	0.00161	0.00456	0.00515	0.00626	0.08222
13	0.02037	0.02598	0.01545	0.01404	0.01685	0.78652	0.01053	0.02177	0.01545	0.01334	0.00843	0.00983	0.00702	0.00562	0.00492	0.00140	0.00983	0.00351	0.00281	0.00632
14	0.84691	0.01054	0.00801	0.00717	0.01054	0.01223	0.00590	0.01603	0.00928	0.02446	0.00759	0.00886	0.00590	0.00506	0.00337	0.00169	0.00422	0.00295	0.00337	0.00590
15	0.01016	0.00508	0.00508	0.00508	0.00635	0.00508	0.00381	0.01270	0.01143	0.02033	0.01778	0.02033	0.01397	0.00635	0.00381	0.00127	0.00254	0.00508	0.83867	0.00508
16	0.00708	0.00555	0.00641	0.00619	0.00775	0.00487	0.00464	0.00906	0.01393	0.01830	0.41372	0.04659	0.41147	0.01247	0.00644	0.00178	0.00267	0.01068	0.00553	0.00487
17	0.01016	0.00508	0.00508	0.00508	0.00635	0.00508	0.00381	0.01270	0.01143	0.02033	0.01778	0.02033	0.01397	0.00635	0.00381	0.00127	0.00254	0.00508	0.83867	0.00508
18	0.01016	0.00508	0.00508	0.00508	0.00635	0.00508	0.00381	0.01270	0.01143	0.02033	0.01778	0.02033	0.01397	0.00635	0.00381	0.00127	0.00254	0.00508	0.83867	0.00508
19	0.01504	0.01274	0.01314	0.01144	0.01474	0.03455	0.00899	0.16121	0.61024	0.02466	0.02017	0.01874	0.01505	0.00719	0.00551	0.00180	0.00477	0.00587	0.00546	0.00869
20	0.00772	0.00557	0.00729	0.00686	0.00814	0.00514	0.00514	0.01029	0.01543	0.02186	0.77152	0.04072	0.05144	0.01115	0.00643	0.00171	0.00257	0.00986	0.00600	0.00514
21	0.01349	0.01295	0.02213	0.03346	0.77440	0.01295	0.01673	0.01673	0.01241	0.01781	0.01025	0.01349	0.00864	0.00486	0.00540	0.00162	0.00648	0.00486	0.00270	0.00864
22	0.01193	0.01193	0.01670	0.01431	0.01431	0.01670	0.01193	0.01312	0.00835	0.01312	0.00716	0.01193	0.00716	0.00954	0.01789	0.00239	0.79843	0.00477	0.00239	0.00596
23	0.02072	0.01527	0.01636	0.01254	0.01691	0.01691	0.01036	0.75622	0.02563	0.03436	0.01309	0.01309	0.00927	0.00654	0.00545	0.00164	0.00600	0.00491	0.00545	0.00927
24	0.00682	0.00482	0.00627	0.00736	0.00763	0.00455	0.00481	0.00764	0.01008	0.01345	0.02824	0.69673	0.03378	0.12831	0.00988	0.00265	0.00346	0.01443	0.00481	0.00427
25	0.00772	0.00557	0.00729	0.00686	0.00814	0.00514	0.00514	0.01029	0.01543	0.02186	0.77152	0.04072	0.05144	0.01115	0.00643	0.00171	0.00257	0.00986	0.00600	0.00514
26	0.01287	0.01471	0.03217	0.02298	0.02849	0.01379	0.75460	0.01746	0.01287	0.01746	0.01103	0.01471	0.00827	0.00460	0.00643	0.00184	0.00919	0.00643	0.00276	0.00735
27	0.02446	0.00928	0.01265	0.00970	0.01392	0.00801	0.00801	0.02657	0.01560	0.77817	0.02151	0.01856	0.01350	0.00675	0.00548	0.00169	0.00464	0.00548	0.00675	0.00928
28	0.00662	0.00481	0.00626	0.00741	0.00786	0.00444	0.00498	0.00761	0.01061	0.01399	0.03226	0.73876	0.10072	0.01679	0.00691	0.00218	0.00313	0.01515	0.00506	0.00444
29	0.01093	0.02820	0.78016	0.01554	0.02360	0.01266	0.02014	0.01727	0.01151	0.01727	0.00978	0.01151	0.00691	0.00518	0.00518	0.00173	0.00806	0.00403	0.00230	0.00806
30	0.01287	0.01471	0.03217	0.02298	0.02849	0.01379	0.75460	0.01746	0.01287	0.01746	0.01103	0.01471	0.00827	0.00460	0.00643	0.00184	0.00919	0.00643	0.00276	0.00735
31	0.00664	0.00474	0.00633	0.00759	0.00791	0.00443	0.00506	0.00759	0.01044	0.01392	0.03005	0.80485	0.03606	0.01708	0.00696	0.00221	0.00316	0.01550	0.00506	0.00443
32	0.00770	0.00559	0.00729	0.00712	0.00838	0.00518	0.00542	0.01013	0.01479	0.02065	0.63627	0.08335	0.07998	0.01192	0.00656	0.00182	0.00283	0.07416	0.00583	0.00507
33	0.01244	0.03568	0.15109	0.02106	0.02683	0.01355	0.59984	0.01715	0.01254	0.01723	0.01124	0.03452	0.00874	0.00501	0.00618	0.00181	0.00877	0.00620	0.00273	0.00738
34	0.01044	0.00943	0.01525	0.65180	0.03296	0.01150	0.01401	0.03230	0.03104	0.01498	0.01263	0.02086	0.01075	0.00680	0.00573	0.00190	0.00686	0.10177	0.00292	0.00607
35	0.01304	0.01249	0.02132	0.14055	0.67082	0.01284	0.01651	0.01634	0.01220	0.01727	0.01018	0.01364	0.00844	0.00494	0.00540	0.00165	0.00659	0.00486	0.00266	0.00827
36	0.01182	0.19158	0.58667	0.01509	0.05730	0.01454	0.01772	0.01704	0.01146	0.01636	0.00934	0.01103	0.00701	0.00506	0.00484	0.00160	0.00752	0.00383	0.00233	0.00786

[dist]
# distance from previous block
# <min> <max>
0	1

[block]
# block no. 3 follows, 44 sequences, length 38
# corresponding to MSA columns:
# 196-233
name=unknown_D
#
# <colnr> <probs for GDERKNQSTAVLIFYWHMCP>
#	G	D	E	R	K	N	Q	S	T	A	V	L	I	F	Y	W	H	M	C	P
0	0.01065	0.01005	0.01699	0.71097	0.11912	0.01221	0.01532	0.01424	0.01107	0.01436	0.00975	0.01442	0.00742	0.00538	0.00544	0.00179	0.00718	0.00485	0.00245	0.00634
1	0.00710	0.00503	0.00662	0.00773	0.00814	0.00479	0.00536	0.00815	0.01042	0.01383	0.02827	0.60441	0.03337	0.11604	0.00965	0.00264	0.00369	0.11557	0.00483	0.00437
2	0.01458	0.81168	0.02857	0.00933	0.01399	0.02157	0.00933	0.01632	0.01108	0.01283	0.00758	0.00875	0.00700	0.00466	0.00350	0.00117	0.00583	0.00292	0.00233	0.00700
3	0.01169	0.01157	0.01623	0.01399	0.01405	0.01612	0.01163	0.01292	0.00837	0.01309	0.00759	0.01248	0.00753	0.01137	0.06283	0.00276	0.75262	0.00483	0.00242	0.00590
4	0.00644	0.00552	0.00552	0.00552	0.00736	0.00460	0.00414	0.00782	0.01243	0.01473	0.05523	0.05247	0.77218	0.01381	0.00644	0.00184	0.00276	0.01151	0.00506	0.00460
5	0.00663	0.00479	0.00627	0.00746	0.00787	0.00444	0.00500	0.00761	0.01057	0.01397	0.03167	0.75623	0.08362	0.01687	0.00693	0.00219	0.00314	0.01524	0.00506	0.00444
6	0.00663	0.00479	0.00627	0.00746	0.00787	0.00444	0.00500	0.00761	0.01057	0.01397	0.03167	0.75623	0.08362	0.01687	0.00693	0.00219	0.00314	0.01524	0.00506	0.00444
7	0.01093	0.02820	0.78016	0.01554	0.02360	0.01266	0.02014	0.01727	0.01151	0.01727	0.00978	0.01151	0.00691	0.00518	0.00518	0.00173	0.00806	0.00403	0.00230	0.00806
8	0.01356	0.01171	0.01233	0.01109	0.01418	0.01356	0.00863	0.02897	0.76455	0.02281	0.02219	0.02034	0.01664	0.00740	0.00555	0.00185	0.00431	0.00616	0.00555	0.00863
9	0.01356	0.01171	0.01233	0.01109	0.01418	0.01356	0.00863	0.02897	0.76455	0.02281	0.02219	0.02034	0.01664	0.00740	0.00555	0.00185	0.00431	0.00616	0.00555	0.00863
10	0.84691	0.01054	0.00801	0.00717	0.01054	0.01223	0.00590	0.01603	0.00928	0.02446	0.00759	0.00886	0.00590	0.00506	0.00337	0.00169	0.00422	0.00295	0.00337	0.00590
11	0.00664	0.00474	0.00633	0.00759	0.00791	0.00443	0.00506	0.00759	0.01044	0.01392	0.03005	0.80485	0.03606	0.01708	0.00696	0.00221	0.00316	0.01550	0.00506	0.00443
12	0.02446	0.00928	0.01265	0.00970	0.01392	0.00801	0.00801	0.02657	0.01560	0.77817	0.02151	0.01856	0.01350	0.00675	0.00548	0.00169	0.00464	0.00548	0.00675	0.00928
13	0.01919	0.18518	0.01811	0.01309	0.01627	0.63153	0.01029	0.02067	0.01456	0.01324	0.00826	0.00961	0.00702	0.00542	0.00463	0.00136	0.00902	0.00339	0.00271	0.00646
14	0.01130	0.00969	0.01130	0.00807	0.01292	0.00727	0.00646	0.01373	0.01130	0.01776	0.00969	0.01130	0.00807	0.00404	0.00404	0.00081	0.00404	0.00323	0.00323	0.84173
15	0.12760	0.00944	0.01207	0.00938	0.01349	0.00854	0.00775	0.02525	0.01481	0.68365	0.01976	0.01734	0.01254	0.00654	0.00522	0.00169	0.00459	0.00517	0.00632	0.00885
16	0.01130	0.00969	0.01130	0.00807	0.01292	0.00727	0.00646	0.01373	0.01130	0.01776	0.00969	0.01130	0.00807	0.00404	0.00404	0.00081	0.00404	0.00323	0.00323	0.84173
17	0.00678	0.00485	0.00645	0.00750	0.00794	0.00452	0.00507	0.00793	0.01106	0.01491	0.12304	0.70902	0.03799	0.01634	0.00689	0.00215	0.00309	0.01479	0.00518	0.00452
18	0.02212	0.00876	0.01190	0.00930	0.01311	0.00761	0.00761	0.02429	0.01558	0.67238	0.12642	0.02166	0.01880	0.00736	0.00561	0.00169	0.00435	0.00609	0.00664	0.00870
19	0.02097	0.01487	0.01611	0.01235	0.01671	0.01631	0.01020	0.70735	0.02496	0.08417	0.01365	0.01346	0.00955	0.00656	0.00546	0.00164	0.00591	0.00495	0.00554	0.00927
20	0.00729	0.00556	0.00670	0.00642	0.00789	0.00496	0.00481	0.00947	0.01444	0.01950	0.53438	0.04461	0.29005	0.01203	0.00643	0.00176	0.00263	0.01040	0.00569	0.00496
21	0.00664	0.00474	0.00633	0.00759	0.00791	0.00443	0.00506	0.00759	0.01044	0.01392	0.03005	0.80485	0.03606	0.01708	0.00696	0.00221	0.00316	0.01550	0.00506	0.00443
22	0.00947	0.00473	0.00710	0.00710	0.00710	0.00473	0.00473	0.00710	0.00710	0.00947	0.00947	0.01657	0.00947	0.01894	0.02131	0.84138	0.00473	0.00473	0.00237	0.00237
23	0.00678	0.00485	0.00645	0.00750	0.00794	0.00452	0.00507	0.00793	0.01106	0.01491	0.12304	0.70902	0.03799	0.01634	0.00689	0.00215	0.00309	0.01479	0.00518	0.00452
24	0.01458	0.81168	0.02857	0.00933	0.01399	0.02157	0.00933	0.01632	0.01108	0.01283	0.00758	0.00875	0.00700	0.00466	0.00350	0.00117	0.00583	0.00292	0.00233	0.00700
25	0.01408	0.70506	0.13085	0.01017	0.01530	0.02036	0.01080	0.01645	0.01114	0.01343	0.00788	0.00912	0.00698	0.00473	0.00373	0.00124	0.00613	0.00307	0.00233	0.00714
26	0.01287	0.01471	0.03217	0.02298	0.02849	0.01379	0.75460	0.01746	0.01287	0.01746	0.01103	0.01471	0.00827	0.00460	0.00643	0.00184	0.00919	0.00643	0.00276	0.00735
27	0.00664	0.00474	0.00633	0.00759	0.00791	0.00443	0.00506	0.00759	0.01044	0.01392	0.03005	0.80485	0.03606	0.01708	0.00696	0.00221	0.00316	0.01550	0.00506	0.00443
28	0.01093	0.02820	0.78016	0.01554	0.02360	0.01266	0.02014	0.01727	0.01151	0.01727	0.00978	0.01151	0.00691	0.00518	0.00518	0.00173	0.00806	0.00403	0.00230	0.00806
29	0.02111	0.01465	0.01598	0.01225	0.01660	0.01598	0.01012	0.68057	0.02459	0.11147	0.01396	0.01366	0.00971	0.00657	0.00546	0.00164	0.00586	0.00497	0.00559	0.00927
30	0.01747	0.13221	0.17528	0.01193	0.01707	0.01464	0.01157	0.31387	0.04375	0.13525	0.01293	0.01306	0.00925	0.00588	0.00503	0.00155	0.00601	0.00445	0.00439	0.06442
31	0.00748	0.00556	0.00696	0.00661	0.00800	0.00504	0.00496	0.00984	0.01488	0.02055	0.63998	0.04288	0.18380	0.01163	0.00643	0.00174	0.00261	0.01016	0.00583	0.00504
32	0.01185	0.01127	0.01860	0.34134	0.37805	0.01259	0.01513	0.01535	0.03035	0.01593	0.01164	0.01530	0.03400	0.00578	0.00629	0.00176	0.05965	0.00510	0.00272	0.00727
33	0.00664	0.00474	0.00633	0.00759	0.00791	0.00443	0.00506	0.00759	0.01044	0.01392	0.03005	0.80485	0.03606	0.01708	0.00696	0.00221	0.00316	0.01550	0.00506	0.00443
34	0.01458	0.81168	0.02857	0.00933	0.01399	0.02157	0.00933	0.01632	0.01108	0.01283	0.00758	0.00875	0.00700	0.00466	0.00350	0.00117	0.00583	0.00292	0.00233	0.00700
35	0.01954	0.01380	0.01483	0.01152	0.01549	0.01514	0.00947	0.63908	0.02353	0.05777	0.01396	0.01417	0.01000	0.00653	0.00525	0.00159	0.00552	0.00495	0.10912	0.00875
36	0.00644	0.00552	0.00552	0.00552	0.00736	0.00460	0.00414	0.00782	0.01243	0.01473	0.05523	0.05247	0.77218	0.01381	0.00644	0.00184	0.00276	0.01151	0.00506	0.00460
37	0.00693	0.00554	0.00620	0.00603	0.00766	0.00481	0.00452	0.00877	0.01357	0.01745	0.32892	0.04798	0.49679	0.01279	0.00644	0.00179	0.00269	0.01088	0.00542	0.00481

[dist]
# distance from previous block
# <min> <max>
0	33

[block]
# block no. 4 follows, 44 sequences, length 44
# corresponding to MSA columns:
# 267-310
name=unknown_E
#
# <colnr> <probs for GDERKNQSTAVLIFYWHMCP>
#	G	D	E	R	K	N	Q	S	T	A	V	L	I	F	Y	W	H	M	C	P
0	0.01402	0.02835	0.01268	0.01100	0.01416	0.01351	0.00862	0.02861	0.71875	0.05289	0.02186	0.02003	0.01631	0.00731	0.00550	0.00183	0.00436	0.00607	0.00553	0.00862
1	0.00772	0.00557	0.00729	0.00686	0.00814	0.00514	0.00514	0.01029	0.01543	0.02186	0.77152	0.04072	0.05144	0.01115	0.00643	0.00171	0.00257	0.00986	0.00600	0.00514
2	0.00756	0.00557	0.00707	0.00670	0.00805	0.00508	0.00502	0.00999	0.01507	0.02099	0.68419	0.04216	0.13931	0.01147	0.00643	0.00173	0.00260	0.01006	0.00589	0.00508
3	0.01458	0.81168	0.02857	0.00933	0.01399	0.02157	0.00933	0.01632	0.01108	0.01283	0.00758	0.00875	0.00700	0.00466	0.00350	0.00117	0.00583	0.00292	0.00233	0.00700
4	0.02446	0.00928	0.01265	0.00970	0.01392	0.00801	0.00801	0.02657	0.01560	0.77817	0.02151	0.01856	0.01350	0.00675	0.00548	0.00169	0.00464	0.00548	0.00675	0.00928
5	0.06269	0.01239	0.02074	0.14085	0.60236	0.01281	0.03648	0.01631	0.01202	0.01764	0.01004	0.01340	0.00827	0.00495	0.00531	0.00166	0.00653	0.00479	0.00270	0.00807
6	0.02037	0.02598	0.01545	0.01404	0.01685	0.78652	0.01053	0.02177	0.01545	0.01334	0.00843	0.00983	0.00702	0.00562	0.00492	0.00140	0.00983	0.00351	0.00281	0.00632
7	0.00689	0.00490	0.00624	0.00718	0.00753	0.00461	0.00470	0.00772	0.01019	0.01352	0.04531	0.61268	0.06832	0.16044	0.01070	0.00274	0.00352	0.01381	0.00476	0.00425
8	0.02489	0.00968	0.01540	0.46047	0.10564	0.01113	0.03579	0.01406	0.04208	0.01503	0.01247	0.09034	0.01118	0.04463	0.00698	0.00196	0.03322	0.00598	0.00295	0.05610
9	0.00892	0.00732	0.01113	0.09723	0.04910	0.00791	0.06405	0.01048	0.00965	0.01321	0.04568	0.10268	0.01825	0.31552	0.15137	0.00441	0.05334	0.02162	0.00333	0.00481
10	0.01287	0.01471	0.03217	0.02298	0.02849	0.01379	0.75460	0.01746	0.01287	0.01746	0.01103	0.01471	0.00827	0.00460	0.00643	0.00184	0.00919	0.00643	0.00276	0.00735
11	0.00661	0.00487	0.00620	0.00727	0.00782	0.00446	0.00492	0.00763	0.01075	0.01404	0.03401	0.68651	0.15183	0.01657	0.00688	0.00216	0.00310	0.01487	0.00506	0.00446
12	0.01659	0.20674	0.04422	0.01680	0.17584	0.19603	0.03251	0.11132	0.01433	0.05980	0.01007	0.01175	0.00815	0.00619	0.01871	0.00164	0.05441	0.00415	0.00319	0.00754
13	0.03214	0.06630	0.45165	0.04859	0.07796	0.02815	0.07677	0.05085	0.01229	0.01786	0.00986	0.01185	0.00736	0.00506	0.00508	0.00161	0.00736	0.00419	0.00264	0.08244
14	0.01284	0.01336	0.01499	0.10347	0.01686	0.15184	0.01097	0.01530	0.05242	0.01402	0.00950	0.01334	0.00845	0.01141	0.09815	0.00273	0.38707	0.00466	0.00275	0.05588
15	0.01173	0.01107	0.01658	0.38554	0.12070	0.02988	0.04000	0.03624	0.07204	0.01607	0.01123	0.03880	0.00924	0.00624	0.00681	0.00177	0.09654	0.00516	0.00296	0.08142
16	0.07427	0.30990	0.18970	0.01342	0.07234	0.12585	0.01235	0.07379	0.01285	0.02846	0.00900	0.01046	0.00730	0.00530	0.00489	0.00148	0.03484	0.00365	0.00280	0.00735
17	0.01954	0.01401	0.01527	0.01198	0.01600	0.01540	0.00980	0.61056	0.07930	0.07649	0.01491	0.04219	0.01115	0.00797	0.02779	0.00188	0.00594	0.00544	0.00545	0.00893
18	0.11600	0.01442	0.01513	0.01179	0.01598	0.01598	0.00971	0.62164	0.05217	0.05397	0.01305	0.01304	0.00929	0.00641	0.00522	0.00165	0.00569	0.00475	0.00525	0.00886
19	0.02007	0.01439	0.01557	0.01208	0.01622	0.01583	0.00990	0.64467	0.07268	0.07446	0.01428	0.01457	0.01032	0.03162	0.00616	0.00177	0.00579	0.00512	0.00547	0.00904
20	0.00787	0.00533	0.00621	0.00619	0.00638	0.00530	0.00368	0.00826	0.00888	0.01203	0.10454	0.05416	0.02364	0.67022	0.05163	0.00492	0.00525	0.00826	0.00364	0.00360
21	0.01263	0.01114	0.01196	0.00896	0.01351	0.05202	0.00713	0.06506	0.07542	0.01905	0.01089	0.01210	0.00881	0.00457	0.00431	0.00098	0.00452	0.00360	0.00355	0.66980
22	0.01093	0.02820	0.78016	0.01554	0.02360	0.01266	0.02014	0.01727	0.01151	0.01727	0.00978	0.01151	0.00691	0.00518	0.00518	0.00173	0.00806	0.00403	0.00230	0.00806
23	0.02401	0.00938	0.01264	0.00976	0.01393	0.00824	0.00804	0.02667	0.04665	0.74686	0.02154	0.01863	0.01363	0.00677	0.00549	0.00169	0.00463	0.00551	0.00670	0.00925
24	0.00806	0.00577	0.00724	0.00719	0.00775	0.00617	0.00486	0.00947	0.03976	0.01200	0.01777	0.03033	0.04399	0.46180	0.30824	0.00631	0.00862	0.00721	0.00332	0.00415
25	0.00932	0.00858	0.01046	0.01014	0.01089	0.07679	0.04236	0.01054	0.01048	0.01379	0.03521	0.45501	0.02505	0.05869	0.04129	0.00258	0.15875	0.01102	0.00407	0.00500
26	0.01287	0.01471	0.03217	0.02298	0.02849	0.01379	0.75460	0.01746	0.01287	0.01746	0.01103	0.01471	0.00827	0.00460	0.00643	0.00184	0.00919	0.00643	0.00276	0.00735
27	0.00645	0.00550	0.00554	0.00558	0.00738	0.00460	0.00417	0.00782	0.01237	0.01471	0.05455	0.07278	0.75231	0.01390	0.00646	0.00185	0.00277	0.01161	0.00506	0.00460
28	0.02288	0.00893	0.01214	0.00943	0.01337	0.00774	0.00774	0.02503	0.01559	0.70658	0.09251	0.02065	0.01709	0.00716	0.00557	0.00169	0.00444	0.00590	0.00668	0.00889
29	0.00792	0.00532	0.00611	0.00611	0.00617	0.00538	0.00351	0.00804	0.00798	0.01070	0.01702	0.03483	0.01945	0.76266	0.07299	0.00549	0.00584	0.00780	0.00328	0.00340
30	0.02446	0.00928	0.01265	0.00970	0.01392	0.00801	0.00801	0.02657	0.01560	0.77817	0.02151	0.01856	0.01350	0.00675	0.00548	0.00169	0.00464	0.00548	0.00675	0.00928
31	0.01458	0.81168	0.02857	0.00933	0.01399	0.02157	0.00933	0.01632	0.01108	0.01283	0.00758	0.00875	0.00700	0.00466	0.00350	0.00117	0.00583	0.00292	0.00233	0.00700
32	0.00823	0.00620	0.00769	0.00727	0.00874	0.00599	0.00546	0.01206	0.09600	0.02124	0.62014	0.07084	0.08697	0.01113	0.00636	0.00176	0.00280	0.00978	0.00586	0.00546
33	0.00731	0.00556	0.00672	0.00643	0.00789	0.00497	0.00482	0.00950	0.01447	0.01957	0.54110	0.04450	0.28329	0.01200	0.00643	0.00176	0.00263	0.01039	0.00570	0.00497
34	0.00645	0.00548	0.00557	0.00564	0.00739	0.00459	0.00419	0.00781	0.01232	0.01468	0.05382	0.09454	0.73102	0.01399	0.00647	0.00186	0.00278	0.01173	0.00506	0.00459
35	0.00688	0.00492	0.00659	0.00777	0.00822	0.00463	0.00540	0.00805	0.01086	0.01451	0.06507	0.70270	0.03637	0.01662	0.00698	0.00222	0.00330	0.07930	0.00510	0.00451
36	0.02037	0.02598	0.01545	0.01404	0.01685	0.78652	0.01053	0.02177	0.01545	0.01334	0.00843	0.00983	0.00702	0.00562	0.00492	0.00140	0.00983	0.00351	0.00281	0.00632
37	0.01349	0.01295	0.02213	0.03346	0.77440	0.01295	0.01673	0.01673	0.01241	0.01781	0.01025	0.01349	0.00864	0.00486	0.00540	0.00162	0.00648	0.00486	0.00270	0.00864
38	0.00771	0.00592	0.00710	0.00674	0.00829	0.00550	0.00508	0.01072	0.05925	0.01995	0.52940	0.04275	0.24805	0.01166	0.00638	0.00176	0.00273	0.01009	0.00572	0.00520
39	0.01458	0.81168	0.02857	0.00933	0.01399	0.02157	0.00933	0.01632	0.01108	0.01283	0.00758	0.00875	0.00700	0.00466	0.00350	0.00117	0.00583	0.00292	0.00233	0.00700
40	0.00673	0.00481	0.00642	0.00769	0.00804	0.00450	0.00521	0.00774	0.01052	0.01401	0.03000	0.77504	0.03587	0.01700	0.00698	0.00223	0.00324	0.04446	0.00506	0.00445
41	0.00746	0.00556	0.00693	0.00659	0.00799	0.00503	0.00494	0.00979	0.01482	0.02041	0.62531	0.04312	0.19856	0.01169	0.00643	0.00174	0.00261	0.01020	0.00581	0.00503
42	0.01844	0.01560	0.07874	0.01466	0.09276	0.01562	0.01155	0.56541	0.05649	0.03014	0.01348	0.03803	0.01019	0.00663	0.00548	0.00167	0.00605	0.00522	0.00491	0.00893
43	0.08003	0.16843	0.02047	0.03517	0.01807	0.01376	0.19197	0.12838	0.02798	0.06180	0.01119	0.02599	0.00884	0.00523	0.00488	0.00145	0.00608	0.00462	0.00353	0.18210

[dist]
# distance from previous block
# <min> <max>
2	11

[block]
# block no. 5 follows, 44 sequences, length 38
# corresponding to MSA columns:
# 323-360
name=unknown_F
#
# <colnr> <probs for GDERKNQSTAVLIFYWHMCP>
#	G	D	E	R	K	N	Q	S	T	A	V	L	I	F	Y	W	H	M	C	P
0	0.01144	0.12204	0.66270	0.01506	0.02262	0.01377	0.04532	0.01716	0.01151	0.01674	0.00956	0.01129	0.00697	0.00510	0.00502	0.00166	0.00783	0.00398	0.00232	0.00790
1	0.01295	0.27699	0.39528	0.01593	0.12323	0.05608	0.01571	0.01713	0.01170	0.01571	0.00907	0.01081	0.00718	0.00499	0.00466	0.00152	0.00722	0.00376	0.00239	0.00771
2	0.00663	0.00480	0.00627	0.00745	0.00787	0.00444	0.00500	0.00761	0.01057	0.01397	0.03174	0.75443	0.08538	0.01686	0.00692	0.00219	0.00314	0.01523	0.00506	0.00444
3	0.01085	0.02762	0.76047	0.01532	0.02320	0.01247	0.01976	0.01709	0.01161	0.01738	0.02919	0.01225	0.00804	0.00533	0.00521	0.00173	0.00792	0.00418	0.00240	0.00798
4	0.01341	0.01348	0.07147	0.14510	0.50160	0.03708	0.01553	0.01718	0.03795	0.05345	0.01115	0.01411	0.00891	0.00625	0.02871	0.00187	0.00689	0.00486	0.00293	0.00805
5	0.01136	0.03948	0.57323	0.05443	0.06441	0.01313	0.09680	0.01688	0.01152	0.01687	0.00977	0.01207	0.00717	0.00531	0.00590	0.00176	0.04536	0.00438	0.00238	0.00780
6	0.00644	0.00552	0.00552	0.00552	0.00736	0.00460	0.00414	0.00782	0.01243	0.01473	0.05523	0.05247	0.77218	0.01381	0.00644	0.00184	0.00276	0.01151	0.00506	0.00460
7	0.01167	0.01143	0.01710	0.18559	0.10998	0.01505	0.01309	0.01365	0.00940	0.01385	0.00824	0.01288	0.00750	0.00877	0.03028	0.00231	0.51568	0.00482	0.00244	0.00628
8	0.04837	0.22943	0.07931	0.01221	0.02834	0.20745	0.01064	0.21434	0.03088	0.07460	0.01075	0.01139	0.00824	0.00566	0.00471	0.00147	0.00688	0.00396	0.00370	0.00770
9	0.00670	0.00553	0.00588	0.00580	0.00752	0.00471	0.00435	0.00833	0.01304	0.01619	0.20174	0.05006	0.62476	0.01326	0.00644	0.00182	0.00272	0.01117	0.00525	0.00471
10	0.02037	0.02598	0.01545	0.01404	0.01685	0.78652	0.01053	0.02177	0.01545	0.01334	0.00843	0.00983	0.00702	0.00562	0.00492	0.00140	0.00983	0.00351	0.00281	0.00632
11	0.11589	0.01369	0.01469	0.01144	0.01562	0.01491	0.00943	0.53304	0.05193	0.14382	0.01408	0.01371	0.00981	0.00644	0.00522	0.00166	0.00552	0.00482	0.00541	0.00886
12	0.00678	0.00488	0.00646	0.00768	0.00811	0.00456	0.00528	0.00785	0.01065	0.01411	0.03089	0.72760	0.06258	0.01683	0.00698	0.00222	0.00327	0.06375	0.00506	0.00447
13	0.01982	0.00853	0.01137	0.00906	0.01249	0.00761	0.00734	0.05216	0.01597	0.54504	0.22207	0.02427	0.02349	0.00792	0.00574	0.00169	0.00414	0.00663	0.00649	0.00817
14	0.01554	0.01792	0.08498	0.04084	0.12658	0.26311	0.01174	0.05079	0.24613	0.01828	0.01348	0.01438	0.01050	0.00621	0.00567	0.00166	0.03496	0.00476	0.02487	0.00759
15	0.00679	0.00551	0.00602	0.00595	0.00759	0.00474	0.00444	0.00848	0.01316	0.01661	0.24613	0.07631	0.55279	0.01321	0.00646	0.00182	0.00273	0.01121	0.00531	0.00474
16	0.00684	0.00554	0.00607	0.00594	0.00761	0.00477	0.00445	0.00859	0.01335	0.01693	0.27651	0.04884	0.54953	0.01298	0.00644	0.00180	0.00270	0.01100	0.00535	0.00477
17	0.01124	0.01108	0.01752	0.37282	0.02586	0.01441	0.06030	0.01377	0.00980	0.01377	0.00856	0.01330	0.00728	0.00735	0.01147	0.00209	0.38597	0.00491	0.00243	0.00609
18	0.02046	0.01514	0.01621	0.01249	0.01681	0.01678	0.01030	0.72970	0.05257	0.03394	0.01342	0.01335	0.00954	0.00658	0.00546	0.00164	0.00594	0.00495	0.00546	0.00925
19	0.00821	0.04928	0.06009	0.00753	0.00945	0.00647	0.00632	0.01091	0.01471	0.02061	0.63455	0.05290	0.07710	0.01064	0.00620	0.00170	0.00313	0.00929	0.00550	0.00540
20	0.01054	0.01002	0.01690	0.71203	0.06131	0.01242	0.03068	0.01406	0.01086	0.01409	0.00960	0.01437	0.00733	0.00563	0.00612	0.00184	0.04871	0.00488	0.00244	0.00617
21	0.02911	0.00546	0.00543	0.00532	0.00671	0.00554	0.00402	0.03164	0.01174	0.02077	0.01744	0.01989	0.01367	0.00633	0.00384	0.00129	0.00267	0.00503	0.79888	0.00521
22	0.01255	0.01523	0.08090	0.07408	0.02853	0.01365	0.64328	0.01714	0.01257	0.01714	0.01079	0.01443	0.00809	0.00478	0.00648	0.00184	0.02240	0.00614	0.00270	0.00729
23	0.00765	0.00557	0.00719	0.00679	0.00810	0.00512	0.00509	0.01016	0.01527	0.02148	0.73327	0.04135	0.08992	0.01129	0.00643	0.00172	0.00258	0.00995	0.00595	0.00512
24	0.01458	0.81168	0.02857	0.00933	0.01399	0.02157	0.00933	0.01632	0.01108	0.01283	0.00758	0.00875	0.00700	0.00466	0.00350	0.00117	0.00583	0.00292	0.00233	0.00700
25	0.00673	0.00481	0.00643	0.00769	0.00805	0.00450	0.00521	0.00774	0.01052	0.01402	0.03000	0.77433	0.03587	0.01700	0.00698	0.00223	0.00324	0.04515	0.00506	0.00445
26	0.01903	0.06897	0.01622	0.01286	0.05199	0.13324	0.00998	0.45172	0.02059	0.06630	0.01303	0.03992	0.01006	0.00652	0.00520	0.00156	0.00625	0.00493	0.03937	0.02227
27	0.01320	0.10607	0.07629	0.03438	0.34419	0.09535	0.03672	0.01712	0.07208	0.01698	0.05334	0.04059	0.04359	0.00640	0.00534	0.00163	0.00632	0.01963	0.00325	0.00753
28	0.00673	0.00551	0.00594	0.00589	0.00755	0.00472	0.00439	0.00836	0.01302	0.01626	0.21139	0.07559	0.58904	0.01334	0.00646	0.00183	0.00273	0.01128	0.00527	0.00472
29	0.00690	0.00485	0.00625	0.00726	0.00751	0.00460	0.00471	0.00766	0.00993	0.01324	0.02746	0.65035	0.03280	0.17603	0.01113	0.00283	0.00359	0.01398	0.00471	0.00420
30	0.04326	0.45211	0.05893	0.01134	0.01542	0.30941	0.01019	0.01841	0.01269	0.01361	0.00800	0.00929	0.00697	0.00506	0.00411	0.00130	0.00739	0.00319	0.00254	0.00676
31	0.01056	0.00786	0.01198	0.30883	0.05985	0.00872	0.05621	0.01368	0.01137	0.01758	0.01388	0.01741	0.01078	0.00582	0.00468	0.00153	0.00497	0.00506	0.42344	0.00578
32	0.02703	0.01424	0.02548	0.18273	0.10921	0.07696	0.42166	0.01683	0.01240	0.01639	0.01026	0.01394	0.00792	0.00507	0.00635	0.00179	0.03642	0.00558	0.00268	0.00706
33	0.02423	0.00965	0.01288	0.00988	0.01410	0.00856	0.00816	0.07174	0.01622	0.73212	0.02099	0.01822	0.01323	0.00674	0.00548	0.00168	0.00472	0.00545	0.00667	0.00928
34	0.00779	0.00584	0.00876	0.00876	0.00974	0.00681	0.00681	0.00974	0.00876	0.01266	0.01460	0.02142	0.01363	0.04089	0.78680	0.00876	0.01460	0.00584	0.00292	0.00487
35	0.26116	0.47193	0.02110	0.01023	0.04960	0.08129	0.00877	0.01670	0.01097	0.01655	0.00778	0.00909	0.00675	0.00487	0.00367	0.00136	0.00571	0.00307	0.00270	0.00670
36	0.01987	0.00976	0.01218	0.00954	0.01347	0.00899	0.00777	0.10575	0.07224	0.47198	0.05598	0.02060	0.06526	0.00716	0.00544	0.00161	0.00448	0.00584	0.00600	0.09607
37	0.01437	0.01140	0.01625	0.01907	0.28614	0.02307	0.04684	0.04696	0.21196	0.11786	0.05718	0.05241	0.02940	0.00722	0.00571	0.00176	0.00537	0.03448	0.00448	0.00808

[dist]
# distance from previous block
# <min> <max>
0	8

[block]
# block no. 6 follows, 44 sequences, length 11
# corresponding to MSA columns:
# 369-379
name=unknown_G
#
# <colnr> <probs for GDERKNQSTAVLIFYWHMCP>
#	G	D	E	R	K	N	Q	S	T	A	V	L	I	F	Y	W	H	M	C	P
0	0.01363	0.04434	0.01801	0.05619	0.01717	0.17191	0.07598	0.01533	0.01042	0.01356	0.00808	0.01200	0.00738	0.00869	0.03191	0.00222	0.47988	0.00462	0.00252	0.00617
1	0.01489	0.00876	0.01072	0.00915	0.01175	0.00873	0.00719	0.16555	0.04330	0.22425	0.21838	0.15193	0.06253	0.00996	0.00632	0.00180	0.02350	0.00843	0.00579	0.00708
2	0.01710	0.01111	0.01276	0.01067	0.01404	0.01179	0.00865	0.24089	0.23341	0.19453	0.09894	0.02351	0.01870	0.00806	0.00577	0.00179	0.00476	0.06945	0.00579	0.00828
3	0.01304	0.06042	0.01827	0.09941	0.01823	0.12141	0.07353	0.01486	0.01014	0.01357	0.00813	0.01220	0.00739	0.00863	0.03181	0.00223	0.47340	0.00466	0.00249	0.00617
4	0.00692	0.00494	0.00652	0.00750	0.00796	0.00463	0.00512	0.00810	0.01108	0.01493	0.13093	0.63881	0.03724	0.05341	0.00788	0.00230	0.00324	0.03889	0.00511	0.00449
