[name]
unknown

[dist]
# distance from previous block
# <min> <max>
1	49

[block]
# block no. 0 follows, 49 sequences, length 28
# corresponding to MSA columns:
# 54-81
name=unknown_A
#
# <colnr> <probs for GDERKNQSTAVLIFYWHMCP>
#	G	D	E	R	K	N	Q	S	T	A	V	L	I	F	Y	W	H	M	C	P
0	0.03398	0.12096	0.24011	0.01157	0.01647	0.06395	0.09461	0.03534	0.01164	0.04489	0.06561	0.02580	0.01048	0.00513	0.00456	0.00133	0.00588	0.00425	0.00296	0.20047
1	0.01115	0.17874	0.49094	0.01259	0.03223	0.04548	0.01446	0.01530	0.01077	0.03778	0.01097	0.09717	0.00954	0.00595	0.00468	0.00153	0.00653	0.00471	0.00256	0.00690
2	0.15571	0.07082	0.10582	0.05453	0.01886	0.04183	0.24832	0.01662	0.08269	0.03980	0.01006	0.01208	0.00775	0.00520	0.00591	0.00163	0.08314	0.00448	0.00290	0.03186
3	0.16090	0.04740	0.01359	0.01176	0.04649	0.38835	0.00885	0.11019	0.01362	0.03011	0.00853	0.00978	0.00685	0.00517	0.00472	0.00136	0.03654	0.00341	0.00306	0.08934
4	0.01233	0.01191	0.01965	0.04720	0.72288	0.03003	0.01490	0.01521	0.01147	0.01619	0.01023	0.04621	0.00901	0.00501	0.00506	0.00152	0.00597	0.00489	0.00259	0.00774
5	0.00630	0.00453	0.00597	0.00701	0.00740	0.00420	0.00468	0.00719	0.00964	0.01291	0.02707	0.77706	0.03238	0.03778	0.00692	0.00210	0.00301	0.01390	0.00461	0.02534
6	0.01049	0.00899	0.01049	0.00749	0.01198	0.00674	0.00599	0.01273	0.01049	0.01648	0.00899	0.01049	0.00749	0.00374	0.00374	0.00075	0.00374	0.00300	0.00300	0.85320
7	0.01037	0.08008	0.74416	0.01402	0.02128	0.01230	0.01801	0.01596	0.01065	0.01574	0.00894	0.01050	0.00641	0.00477	0.00470	0.00157	0.00733	0.00367	0.00214	0.00741
8	0.00628	0.00445	0.00583	0.00688	0.00715	0.00419	0.00453	0.00707	0.00944	0.01259	0.02665	0.73849	0.03190	0.09844	0.00843	0.00235	0.00314	0.01366	0.00453	0.00400
9	0.01252	0.01201	0.02053	0.03104	0.79074	0.01201	0.01552	0.01552	0.01151	0.01652	0.00951	0.01252	0.00801	0.00451	0.00501	0.00150	0.00601	0.00451	0.00250	0.00801
10	0.00616	0.00440	0.00587	0.00704	0.00733	0.00411	0.00469	0.00704	0.00968	0.01291	0.02787	0.81899	0.03344	0.01584	0.00645	0.00205	0.00293	0.01438	0.00469	0.00411
11	0.01352	0.82533	0.02650	0.00865	0.01298	0.02001	0.00865	0.01514	0.01027	0.01190	0.00703	0.00811	0.00649	0.00433	0.00324	0.00108	0.00541	0.00270	0.00216	0.00649
12	0.05351	0.00881	0.01135	0.00875	0.01255	0.00782	0.00718	0.06347	0.01432	0.59710	0.06010	0.01700	0.01343	0.00615	0.00491	0.00148	0.00419	0.00497	0.00569	0.09724
13	0.01148	0.01096	0.01866	0.30233	0.52752	0.01174	0.01501	0.01461	0.01103	0.01527	0.00933	0.01285	0.00757	0.00470	0.00502	0.00157	0.00626	0.00450	0.00241	0.00718
14	0.01194	0.01364	0.02984	0.02131	0.02643	0.01279	0.77238	0.01620	0.01194	0.01620	0.01023	0.01364	0.00767	0.00426	0.00597	0.00171	0.00853	0.00597	0.00256	0.00682
15	0.02208	0.00876	0.01175	0.00904	0.01288	0.00774	0.00746	0.05891	0.01490	0.73656	0.04180	0.01757	0.01335	0.00637	0.00511	0.00156	0.00431	0.00518	0.00618	0.00849
16	0.01162	0.01312	0.02841	0.04266	0.02585	0.01237	0.71852	0.01572	0.01179	0.01597	0.01095	0.04799	0.00875	0.00478	0.00596	0.00172	0.00824	0.00629	0.00264	0.00667
17	0.85801	0.00978	0.00743	0.00665	0.00978	0.01134	0.00548	0.01486	0.00861	0.02269	0.00704	0.00821	0.00548	0.00469	0.00313	0.00156	0.00391	0.00274	0.00313	0.00548
18	0.00735	0.00490	0.00552	0.00552	0.00552	0.00490	0.00306	0.00735	0.00735	0.00980	0.01593	0.03309	0.01838	0.82229	0.02574	0.00490	0.00490	0.00735	0.00306	0.00306
19	0.00616	0.00472	0.00565	0.00629	0.00716	0.00421	0.00438	0.00728	0.01066	0.01366	0.08491	0.48538	0.31263	0.01437	0.00625	0.00190	0.00276	0.01268	0.00475	0.00421
20	0.01900	0.01366	0.01500	0.01200	0.03813	0.01498	0.00960	0.68168	0.04921	0.07585	0.01282	0.01268	0.00905	0.00606	0.00506	0.00153	0.00545	0.00462	0.00506	0.00856
21	0.00735	0.00490	0.00552	0.00552	0.00552	0.00490	0.00306	0.00735	0.00735	0.00980	0.01593	0.03309	0.01838	0.82229	0.02574	0.00490	0.00490	0.00735	0.00306	0.00306
22	0.00734	0.00494	0.00571	0.00571	0.00578	0.00501	0.00331	0.00748	0.00741	0.00995	0.01575	0.03209	0.01795	0.76308	0.08435	0.00515	0.00555	0.00721	0.00304	0.00317
23	0.01266	0.01261	0.01938	0.12443	0.63695	0.07489	0.01488	0.01558	0.01157	0.01575	0.00931	0.01236	0.00774	0.00463	0.00498	0.00151	0.00634	0.00440	0.00248	0.00755
24	0.04649	0.01114	0.01342	0.09066	0.15053	0.02712	0.00987	0.05056	0.47758	0.04275	0.01643	0.01634	0.01241	0.00611	0.00502	0.00165	0.00477	0.00516	0.00431	0.00767
25	0.00616	0.00440	0.00587	0.00704	0.00733	0.00411	0.00469	0.00704	0.00968	0.01291	0.02787	0.81899	0.03344	0.01584	0.00645	0.00205	0.00293	0.01438	0.00469	0.00411
26	0.01105	0.00932	0.01079	0.00776	0.01222	0.00732	0.00622	0.06166	0.01134	0.01747	0.00919	0.01059	0.00756	0.00389	0.00383	0.00080	0.00386	0.00310	0.00313	0.79891
27	0.01380	0.08160	0.09499	0.04040	0.11809	0.19595	0.14266	0.04651	0.02340	0.03821	0.01042	0.01239	0.02893	0.00538	0.00590	0.00150	0.07852	0.00436	0.00278	0.05421

[dist]
# distance from previous block
# <min> <max>
0	11

[block]
# block no. 1 follows, 49 sequences, length 133
# corresponding to MSA columns:
# 93-225
name=unknown_B
#
# <colnr> <probs for GDERKNQSTAVLIFYWHMCP>
#	G	D	E	R	K	N	Q	S	T	A	V	L	I	F	Y	W	H	M	C	P
0	0.03013	0.80929	0.02612	0.00861	0.01292	0.01984	0.00859	0.01514	0.01024	0.01211	0.00703	0.00811	0.00647	0.00433	0.00324	0.00109	0.00538	0.00270	0.00218	0.00647
1	0.00722	0.00542	0.00813	0.00813	0.00903	0.00632	0.00632	0.00903	0.00813	0.01174	0.01354	0.01987	0.01264	0.03792	0.80225	0.00813	0.01354	0.00542	0.00271	0.00451
2	0.00725	0.00533	0.00769	0.00769	0.00844	0.00608	0.00577	0.00875	0.00800	0.01141	0.01395	0.02209	0.01361	0.16960	0.67189	0.00759	0.01209	0.00574	0.00277	0.00427
3	0.01258	0.01086	0.01143	0.01029	0.01315	0.01258	0.00800	0.02687	0.78161	0.02115	0.02058	0.01887	0.01544	0.00686	0.00515	0.00172	0.00400	0.00572	0.00515	0.00800
4	0.02078	0.00862	0.01143	0.00889	0.01252	0.00771	0.00729	0.07408	0.01509	0.65914	0.10194	0.01907	0.01603	0.00668	0.00518	0.00156	0.00418	0.00549	0.00610	0.00819
5	0.01106	0.01106	0.01549	0.01328	0.01328	0.01549	0.01106	0.01217	0.00774	0.01217	0.00664	0.01106	0.00664	0.00885	0.01659	0.00221	0.81303	0.00443	0.00221	0.00553
6	0.83767	0.00989	0.00762	0.00677	0.00992	0.01145	0.00558	0.03326	0.00897	0.02291	0.00716	0.00831	0.00555	0.00473	0.00318	0.00156	0.00395	0.00278	0.00318	0.00555
7	0.01136	0.31529	0.51766	0.01233	0.01866	0.01473	0.01505	0.01570	0.01053	0.01452	0.00833	0.00975	0.00644	0.00463	0.00424	0.00141	0.00673	0.00336	0.00215	0.00712
8	0.01828	0.11569	0.01572	0.01253	0.01533	0.71260	0.00964	0.01961	0.01387	0.01232	0.00773	0.00900	0.00651	0.00511	0.00441	0.00128	0.00869	0.00319	0.00255	0.00593
9	0.02238	0.00910	0.01204	0.00923	0.01316	0.00817	0.00763	0.09137	0.01530	0.72635	0.01925	0.01676	0.01217	0.00624	0.00508	0.00156	0.00442	0.00504	0.00615	0.00861
10	0.01368	0.01116	0.01157	0.01004	0.01293	0.04626	0.00789	0.15410	0.48288	0.05387	0.10622	0.01994	0.03261	0.00714	0.00521	0.00164	0.00430	0.00587	0.00510	0.00760
11	0.00728	0.00487	0.00554	0.00561	0.00563	0.00485	0.00316	0.00733	0.00750	0.00999	0.01666	0.08116	0.01931	0.77296	0.02456	0.00473	0.00478	0.00778	0.00316	0.00313
12	0.00600	0.00512	0.00516	0.00515	0.00685	0.00428	0.00386	0.00731	0.01159	0.01380	0.06685	0.04843	0.77298	0.01275	0.00598	0.00171	0.00256	0.01064	0.00471	0.00428
13	0.02269	0.00861	0.01174	0.00900	0.01291	0.00743	0.00743	0.02464	0.01447	0.79425	0.01995	0.01721	0.01252	0.00626	0.00509	0.00156	0.00430	0.00509	0.00626	0.00861
14	0.01232	0.01169	0.01919	0.16282	0.58524	0.02452	0.02813	0.04928	0.01188	0.01650	0.00986	0.01349	0.00820	0.00486	0.00507	0.00155	0.00618	0.01910	0.00262	0.00751
15	0.01263	0.01085	0.01096	0.00994	0.01260	0.05897	0.00767	0.02412	0.61415	0.05105	0.03757	0.06859	0.04344	0.00757	0.00523	0.00170	0.00417	0.00632	0.00500	0.00746
16	0.00722	0.00542	0.00813	0.00813	0.00903	0.00632	0.00632	0.00903	0.00813	0.01174	0.01354	0.01987	0.01264	0.03792	0.80225	0.00813	0.01354	0.00542	0.00271	0.00451
17	0.00722	0.00542	0.00813	0.00813	0.00903	0.00632	0.00632	0.00903	0.00813	0.01174	0.01354	0.01987	0.01264	0.03792	0.80225	0.00813	0.01354	0.00542	0.00271	0.00451
18	0.01070	0.01052	0.01562	0.23743	0.05411	0.01414	0.01210	0.01253	0.00858	0.01257	0.00743	0.01181	0.00673	0.00759	0.01284	0.00203	0.55091	0.00445	0.00224	0.00567
19	0.01258	0.01086	0.01143	0.01029	0.01315	0.01258	0.00800	0.02687	0.78161	0.02115	0.02058	0.01887	0.01544	0.00686	0.00515	0.00172	0.00400	0.00572	0.00515	0.00800
20	0.01160	0.00972	0.01065	0.00999	0.01245	0.01104	0.00791	0.03471	0.59735	0.01987	0.02189	0.06168	0.01858	0.00852	0.00553	0.00184	0.00410	0.14029	0.00504	0.00724
21	0.01349	0.01119	0.01185	0.01042	0.01342	0.01283	0.00817	0.10936	0.68451	0.03581	0.01964	0.01809	0.01463	0.00676	0.00513	0.00169	0.00418	0.00558	0.00516	0.00808
22	0.02193	0.00855	0.01157	0.00892	0.01271	0.00745	0.00735	0.03684	0.01463	0.74623	0.05447	0.01805	0.01404	0.00644	0.00512	0.00157	0.00424	0.00526	0.00621	0.00843
23	0.00626	0.00447	0.00598	0.00711	0.00746	0.00419	0.00482	0.00723	0.00987	0.01318	0.04739	0.77063	0.03365	0.01563	0.00646	0.00205	0.00298	0.04176	0.00472	0.00414
24	0.00955	0.00899	0.01517	0.81013	0.03483	0.01123	0.01404	0.01292	0.01011	0.01292	0.00899	0.01348	0.00674	0.00506	0.00506	0.00169	0.00674	0.00449	0.00225	0.00562
25	0.01196	0.01357	0.02945	0.02172	0.05828	0.01276	0.74083	0.01617	0.01192	0.01621	0.01020	0.01359	0.00769	0.00427	0.00593	0.00170	0.00842	0.00591	0.00256	0.00687
26	0.00615	0.00445	0.00582	0.00692	0.00730	0.00412	0.00464	0.00705	0.00980	0.01296	0.02937	0.76940	0.08206	0.01565	0.00642	0.00203	0.00291	0.01414	0.00469	0.00412
27	0.82727	0.00985	0.00771	0.02102	0.01033	0.01142	0.00571	0.02900	0.00892	0.02269	0.00717	0.00838	0.00556	0.00473	0.00320	0.00157	0.00399	0.00280	0.00315	0.00554
28	0.03929	0.01706	0.01467	0.01192	0.01548	0.25715	0.00953	0.51146	0.03315	0.02548	0.01083	0.01123	0.00800	0.00579	0.00486	0.00146	0.00659	0.00413	0.00426	0.00767
29	0.68815	0.01113	0.00874	0.02045	0.01114	0.07300	0.00630	0.05848	0.03168	0.04090	0.00811	0.00911	0.00620	0.00492	0.00348	0.00155	0.00447	0.00305	0.00332	0.00583
30	0.01805	0.01251	0.01362	0.01053	0.01438	0.03483	0.00861	0.51526	0.02010	0.14119	0.05058	0.02501	0.01124	0.00617	0.00497	0.00145	0.00510	0.00479	0.00497	0.09665
31	0.04015	0.50625	0.08321	0.01083	0.04641	0.15985	0.00976	0.01654	0.04552	0.01325	0.00817	0.00938	0.00703	0.00528	0.01861	0.00135	0.00631	0.00315	0.00243	0.00652
32	0.33413	0.01009	0.01059	0.00863	0.01216	0.01063	0.00707	0.12917	0.09487	0.31340	0.01405	0.01328	0.00962	0.00571	0.00435	0.00157	0.00431	0.00420	0.00480	0.00737
33	0.00615	0.00462	0.00570	0.00651	0.00721	0.00417	0.00447	0.00719	0.01034	0.01338	0.06235	0.58495	0.23496	0.01483	0.00631	0.00194	0.00281	0.01320	0.00473	0.00417
34	0.01842	0.01354	0.01453	0.01116	0.01511	0.01482	0.00919	0.70778	0.02263	0.03063	0.01218	0.01235	0.00873	0.00596	0.00494	0.00147	0.00535	0.00449	0.04020	0.04654
35	0.09460	0.01377	0.01448	0.01119	0.01515	0.01529	0.00924	0.70567	0.02241	0.03104	0.01168	0.01179	0.00832	0.00595	0.00489	0.00152	0.00542	0.00439	0.00489	0.00832
36	0.00770	0.00529	0.00690	0.00642	0.00773	0.00486	0.00484	0.01004	0.01424	0.04870	0.73909	0.03732	0.06713	0.01026	0.00593	0.00159	0.00246	0.00904	0.00557	0.00490
37	0.01836	0.01374	0.01469	0.01146	0.01535	0.01528	0.00940	0.67728	0.12177	0.03048	0.01323	0.01301	0.00948	0.00617	0.00507	0.00154	0.00536	0.00470	0.00507	0.00852
38	0.00679	0.00515	0.00625	0.00598	0.00733	0.00462	0.00448	0.00884	0.01345	0.01823	0.56030	0.04114	0.27677	0.01110	0.00597	0.00163	0.00244	0.00962	0.00530	0.00462
39	0.01917	0.01558	0.01505	0.01183	0.01567	0.12800	0.00963	0.66623	0.02243	0.02908	0.01152	0.01171	0.00830	0.00595	0.00499	0.00149	0.00607	0.00437	0.00471	0.00821
40	0.01159	0.01107	0.01885	0.27474	0.55429	0.01177	0.01506	0.01471	0.01108	0.01539	0.00935	0.01282	0.00761	0.00468	0.00502	0.00156	0.00624	0.00450	0.00242	0.00726
41	0.01886	0.01988	0.01400	0.01219	0.01519	0.52959	0.00938	0.15094	0.07249	0.09394	0.01070	0.01116	0.00813	0.00558	0.00474	0.00140	0.00765	0.00384	0.00358	0.00676
42	0.00826	0.00595	0.00823	0.00934	0.01055	0.00599	0.00814	0.01090	0.03146	0.01529	0.02661	0.05606	0.02875	0.01379	0.00694	0.00231	0.00464	0.73738	0.00467	0.00474
43	0.00735	0.00493	0.00563	0.00563	0.00567	0.00497	0.00321	0.00743	0.00739	0.00989	0.01583	0.03250	0.01813	0.78719	0.06048	0.00505	0.00529	0.00727	0.00305	0.00313
44	0.01014	0.02616	0.79609	0.01441	0.02189	0.01174	0.01868	0.01601	0.01068	0.01601	0.00907	0.01068	0.00641	0.00480	0.00480	0.00160	0.00747	0.00374	0.00214	0.00747
45	0.05093	0.01130	0.01121	0.01005	0.01283	0.06679	0.00784	0.04254	0.58858	0.04631	0.06592	0.01936	0.01633	0.00695	0.00509	0.00167	0.00432	0.01953	0.00493	0.00752
46	0.00601	0.00512	0.00516	0.00515	0.00685	0.00428	0.00387	0.00732	0.01160	0.01383	0.07019	0.04838	0.76962	0.01274	0.00598	0.00170	0.00256	0.01063	0.00472	0.00428
47	0.01904	0.00865	0.01109	0.00882	0.01223	0.00801	0.00717	0.07942	0.07560	0.54859	0.11164	0.02079	0.05134	0.00707	0.00523	0.00158	0.00407	0.00582	0.00593	0.00791
48	0.00955	0.00899	0.01517	0.81013	0.03483	0.01123	0.01404	0.01292	0.01011	0.01292	0.00899	0.01348	0.00674	0.00506	0.00506	0.00169	0.00674	0.00449	0.00225	0.00562
49	0.01430	0.70852	0.02472	0.00929	0.01337	0.13401	0.00882	0.01588	0.01087	0.01197	0.00714	0.00826	0.00649	0.00446	0.00344	0.00111	0.00595	0.00278	0.00223	0.00640
50	0.00618	0.00462	0.00575	0.00655	0.00723	0.00419	0.00450	0.00725	0.01040	0.01354	0.07990	0.58900	0.21295	0.01479	0.00631	0.00194	0.00281	0.01318	0.00475	0.00419
51	0.00616	0.00440	0.00587	0.00704	0.00733	0.00411	0.00469	0.00704	0.00968	0.01291	0.02787	0.81899	0.03344	0.01584	0.00645	0.00205	0.00293	0.01438	0.00469	0.00411
52	0.00616	0.00440	0.00587	0.00704	0.00733	0.00411	0.00469	0.00704	0.00968	0.01291	0.02787	0.81899	0.03344	0.01584	0.00645	0.00205	0.00293	0.01438	0.00469	0.00411
53	0.01056	0.12392	0.70195	0.01371	0.02080	0.01275	0.01746	0.01591	0.01063	0.01551	0.00882	0.01036	0.00642	0.00475	0.00461	0.00154	0.00722	0.00361	0.00214	0.00735
54	0.00973	0.00917	0.01549	0.76248	0.08107	0.01128	0.01413	0.01308	0.01020	0.01314	0.00902	0.01342	0.00682	0.00502	0.00505	0.00167	0.00670	0.00449	0.00226	0.00576
55	0.01257	0.01143	0.01139	0.02593	0.01349	0.08208	0.00829	0.02413	0.61031	0.01952	0.01993	0.02226	0.01603	0.00749	0.00530	0.00175	0.00459	0.09132	0.00481	0.00738
56	0.01317	0.75830	0.07314	0.00895	0.01340	0.01917	0.00918	0.01507	0.01039	0.01233	0.02444	0.00892	0.00740	0.00449	0.00340	0.00112	0.00547	0.00291	0.00224	0.00651
57	0.01041	0.00980	0.01408	0.16048	0.01641	0.01324	0.01070	0.01208	0.00845	0.01284	0.00832	0.01270	0.00755	0.00968	0.06142	0.00239	0.54671	0.00452	0.07280	0.00542
58	0.01350	0.01183	0.01180	0.01041	0.01335	0.06089	0.00813	0.11633	0.61058	0.02160	0.02005	0.01870	0.04629	0.00691	0.00513	0.00167	0.00444	0.00563	0.00496	0.00779
59	0.00677	0.00474	0.00626	0.00695	0.00760	0.00440	0.00488	0.00810	0.01102	0.02828	0.21305	0.56207	0.05748	0.01418	0.00632	0.00193	0.00289	0.04378	0.00493	0.00437
60	0.01014	0.02616	0.79609	0.01441	0.02189	0.01174	0.01868	0.01601	0.01068	0.01601	0.00907	0.01068	0.00641	0.00480	0.00480	0.00160	0.00747	0.00374	0.00214	0.00747
61	0.00630	0.00453	0.00595	0.00687	0.00731	0.00421	0.00465	0.00737	0.01027	0.01380	0.12431	0.68321	0.05630	0.03080	0.00676	0.00204	0.00289	0.01347	0.00477	0.00418
62	0.00722	0.00542	0.00813	0.00813	0.00903	0.00632	0.00632	0.00903	0.00813	0.01174	0.01354	0.01987	0.01264	0.03792	0.80225	0.00813	0.01354	0.00542	0.00271	0.00451
63	0.01014	0.02616	0.79609	0.01441	0.02189	0.01174	0.01868	0.01601	0.01068	0.01601	0.00907	0.01068	0.00641	0.00480	0.00480	0.00160	0.00747	0.00374	0.00214	0.00747
64	0.85801	0.00978	0.00743	0.00665	0.00978	0.01134	0.00548	0.01486	0.00861	0.02269	0.00704	0.00821	0.00548	0.00469	0.00313	0.00156	0.00391	0.00274	0.00313	0.00548
65	0.01906	0.01393	0.01485	0.01148	0.01545	0.02676	0.00945	0.69787	0.05744	0.06287	0.01278	0.01261	0.00904	0.00610	0.00506	0.00153	0.00549	0.00461	0.00508	0.00853
66	0.85801	0.00978	0.00743	0.00665	0.00978	0.01134	0.00548	0.01486	0.00861	0.02269	0.00704	0.00821	0.00548	0.00469	0.00313	0.00156	0.00391	0.00274	0.00313	0.00548
67	0.01943	0.01382	0.01497	0.01147	0.01551	0.01518	0.00948	0.72805	0.02321	0.07850	0.01262	0.01245	0.00884	0.00608	0.00506	0.00152	0.00549	0.00459	0.00513	0.00860
68	0.01814	0.02120	0.01512	0.01474	0.09760	0.59379	0.01038	0.12734	0.01528	0.01560	0.00860	0.00994	0.00697	0.00532	0.00486	0.00137	0.02075	0.00359	0.00294	0.00648
69	0.00878	0.00439	0.00659	0.00659	0.00659	0.00439	0.00439	0.00659	0.00659	0.00878	0.00878	0.01537	0.00878	0.01757	0.01976	0.85288	0.00439	0.00439	0.00220	0.00220
70	0.01010	0.00958	0.01591	0.59721	0.13321	0.02549	0.04769	0.01322	0.01055	0.01375	0.04395	0.01442	0.00884	0.00554	0.00553	0.02545	0.00651	0.00474	0.00245	0.00586
71	0.00633	0.00452	0.00606	0.00724	0.00761	0.00426	0.00499	0.00734	0.00985	0.01310	0.02778	0.75314	0.03307	0.01568	0.00650	0.00208	0.00308	0.07853	0.00469	0.00415
72	0.01056	0.00749	0.00885	0.00795	0.01000	0.00766	0.00621	0.07301	0.19424	0.08259	0.40278	0.03139	0.08231	0.00921	0.00568	0.00166	0.00328	0.04365	0.00538	0.00609
73	0.01238	0.01188	0.02028	0.06619	0.75664	0.01198	0.01545	0.01540	0.01145	0.01636	0.00949	0.01256	0.00795	0.00453	0.00501	0.00151	0.00604	0.00450	0.00249	0.00790
74	0.01776	0.01285	0.01395	0.02782	0.01515	0.02930	0.00911	0.52343	0.14375	0.09741	0.01411	0.01397	0.01014	0.00750	0.03829	0.00183	0.00563	0.00480	0.00498	0.00822
75	0.79206	0.00969	0.00777	0.00684	0.01003	0.01104	0.00563	0.01564	0.00907	0.08360	0.00806	0.00892	0.00603	0.00482	0.00328	0.00156	0.00394	0.00292	0.00338	0.00572
76	0.01425	0.01169	0.01238	0.01063	0.01379	0.01336	0.00841	0.21523	0.59052	0.02386	0.01845	0.01717	0.01371	0.00666	0.00512	0.00167	0.00440	0.00542	0.00512	0.00815
77	0.01049	0.00899	0.01049	0.00749	0.01198	0.00674	0.00599	0.01273	0.01049	0.01648	0.00899	0.01049	0.00749	0.00374	0.00374	0.00075	0.00374	0.00300	0.00300	0.85320
78	0.85801	0.00978	0.00743	0.00665	0.00978	0.01134	0.00548	0.01486	0.00861	0.02269	0.00704	0.00821	0.00548	0.00469	0.00313	0.00156	0.00391	0.00274	0.00313	0.00548
79	0.01770	0.02191	0.01512	0.01562	0.13254	0.66711	0.01054	0.01928	0.01390	0.01316	0.02330	0.01019	0.00754	0.00520	0.00465	0.00134	0.00852	0.00356	0.00265	0.00617
80	0.00617	0.00472	0.00558	0.00622	0.00706	0.00422	0.00429	0.00719	0.01036	0.01318	0.05029	0.46989	0.32387	0.05357	0.00719	0.00205	0.00288	0.01251	0.00463	0.00413
81	0.77394	0.04651	0.00871	0.00701	0.01025	0.01197	0.00585	0.05676	0.00952	0.02271	0.00732	0.00843	0.00569	0.00475	0.00324	0.00154	0.00407	0.00284	0.00319	0.00569
82	0.01881	0.01394	0.01472	0.01137	0.01527	0.02892	0.00936	0.72899	0.02306	0.03099	0.01225	0.01237	0.00874	0.00605	0.00499	0.00150	0.00549	0.00454	0.04025	0.00839
83	0.00735	0.00491	0.00556	0.00556	0.00557	0.00493	0.00312	0.00738	0.00737	0.00984	0.01589	0.03287	0.01829	0.80920	0.03870	0.00496	0.00505	0.00732	0.00306	0.00309
84	0.01014	0.02616	0.79609	0.01441	0.02189	0.01174	0.01868	0.01601	0.01068	0.01601	0.00907	0.01068	0.00641	0.00480	0.00480	0.00160	0.00747	0.00374	0.00214	0.00747
85	0.01321	0.75102	0.09805	0.00919	0.01381	0.01924	0.00959	0.01522	0.01031	0.01228	0.00722	0.00835	0.00648	0.00437	0.00339	0.00113	0.00560	0.00280	0.00216	0.00658
86	0.00670	0.00514	0.00613	0.00591	0.00728	0.00457	0.00442	0.00864	0.01318	0.01766	0.49794	0.05688	0.32449	0.01137	0.00598	0.00164	0.00246	0.00982	0.00522	0.00457
87	0.00616	0.00440	0.00587	0.00704	0.00733	0.00411	0.00469	0.00704	0.00968	0.01291	0.02787	0.81899	0.03344	0.01584	0.00645	0.00205	0.00293	0.01438	0.00469	0.00411
88	0.00735	0.00490	0.00552	0.00552	0.00552	0.00490	0.00306	0.00735	0.00735	0.00980	0.01593	0.03309	0.01838	0.82229	0.02574	0.00490	0.00490	0.00735	0.00306	0.00306
89	0.02229	0.00899	0.01194	0.00918	0.01308	0.00803	0.00758	0.07052	0.02948	0.73307	0.01948	0.01693	0.01233	0.00626	0.00508	0.00156	0.00437	0.00506	0.00616	0.00859
90	0.01894	0.02260	0.01446	0.01282	0.01564	0.68323	0.00975	0.13402	0.01576	0.01532	0.00847	0.00958	0.00683	0.00534	0.00463	0.00134	0.00858	0.00345	0.00298	0.00628
91	0.01793	0.02201	0.01362	0.01230	0.01490	0.69452	0.00928	0.06031	0.01460	0.01365	0.01088	0.01190	0.05460	0.00574	0.00465	0.00134	0.00839	0.00381	0.01969	0.00589
92	0.01141	0.32657	0.50680	0.01225	0.01854	0.01485	0.01491	0.01569	0.01053	0.01447	0.00831	0.00971	0.00644	0.00462	0.00422	0.00141	0.00670	0.00335	0.00215	0.00710
93	0.00815	0.00582	0.00815	0.00931	0.01048	0.00582	0.00815	0.01048	0.01164	0.01513	0.02677	0.05704	0.02910	0.01397	0.00698	0.00233	0.00466	0.75671	0.00466	0.00466
94	0.01182	0.01326	0.02816	0.02103	0.05952	0.01278	0.67980	0.01578	0.01162	0.01591	0.01026	0.02617	0.00803	0.00474	0.00658	0.00173	0.05753	0.00594	0.00257	0.00675
95	0.01295	0.70517	0.12260	0.00930	0.01392	0.01861	0.00978	0.01506	0.01025	0.01236	0.00750	0.00904	0.00677	0.02417	0.00398	0.00124	0.00565	0.00295	0.00218	0.00653
96	0.01657	0.01260	0.01353	0.01099	0.01452	0.01411	0.00888	0.45377	0.31427	0.04874	0.01562	0.01499	0.01140	0.00689	0.01793	0.00170	0.00506	0.00503	0.00509	0.00831
97	0.01049	0.00899	0.01049	0.00749	0.01198	0.00674	0.00599	0.01273	0.01049	0.01648	0.00899	0.01049	0.00749	0.00374	0.00374	0.00075	0.00374	0.00300	0.00300	0.85320
98	0.00857	0.00549	0.00719	0.00658	0.00804	0.00501	0.00500	0.01090	0.01427	0.09191	0.70196	0.03609	0.05942	0.01001	0.00588	0.00159	0.00257	0.00880	0.00561	0.00512
99	0.00777	0.00627	0.00705	0.00666	0.00838	0.00611	0.00505	0.01207	0.16407	0.01792	0.35545	0.03822	0.32471	0.01060	0.00581	0.00166	0.00277	0.00906	0.00515	0.00521
100	0.00848	0.00554	0.00729	0.00696	0.00839	0.00512	0.00545	0.01077	0.01379	0.08046	0.57731	0.03957	0.07729	0.01068	0.00605	0.00171	0.00289	0.12180	0.00544	0.00503
101	0.02226	0.00930	0.01216	0.00933	0.01325	0.00846	0.00770	0.11805	0.01563	0.69920	0.01898	0.01658	0.01203	0.00624	0.00508	0.00156	0.00446	0.00502	0.00611	0.00860
102	0.00633	0.00461	0.00597	0.00674	0.00733	0.00425	0.00463	0.00754	0.01073	0.01438	0.17514	0.59975	0.10487	0.01452	0.00632	0.00193	0.00280	0.01304	0.00486	0.00425
103	0.01061	0.00707	0.00791	0.00728	0.00833	0.04225	0.00509	0.06527	0.01056	0.10262	0.06688	0.10854	0.04448	0.35916	0.01553	0.05513	0.04068	0.00727	0.03074	0.00459
104	0.01068	0.00867	0.01010	0.00782	0.01161	0.00715	0.00621	0.04488	0.05835	0.03698	0.01414	0.07190	0.04619	0.00581	0.00436	0.00107	0.00378	0.03815	0.00357	0.60859
105	0.01483	0.01508	0.01195	0.01100	0.03685	0.34611	0.00817	0.11332	0.06293	0.05240	0.19362	0.03184	0.04595	0.00788	0.02444	0.00163	0.00624	0.00556	0.00404	0.00616
106	0.00873	0.00556	0.00641	0.00616	0.00669	0.00557	0.00384	0.02442	0.04352	0.05952	0.05143	0.06776	0.01961	0.62989	0.02093	0.00414	0.00458	0.00744	0.01989	0.00389
107	0.03608	0.04919	0.01698	0.59226	0.04461	0.01196	0.09436	0.04063	0.01075	0.01435	0.00918	0.01307	0.00699	0.00503	0.00517	0.00165	0.02014	0.00452	0.01718	0.00592
108	0.01103	0.16722	0.53616	0.01448	0.02102	0.01339	0.13704	0.01589	0.01080	0.01531	0.00889	0.01069	0.00662	0.00463	0.00471	0.00152	0.00727	0.00391	0.00221	0.00719
109	0.12551	0.01977	0.01448	0.01242	0.01550	0.51412	0.05580	0.13733	0.01494	0.03249	0.00878	0.00991	0.00690	0.00524	0.00455	0.00140	0.00777	0.00360	0.00313	0.00635
110	0.39627	0.01395	0.17036	0.08352	0.01870	0.01179	0.20643	0.01526	0.01001	0.01882	0.00844	0.01057	0.00634	0.00464	0.00436	0.00162	0.00606	0.00392	0.00271	0.00623
111	0.00897	0.00566	0.00762	0.07870	0.01020	0.00584	0.05189	0.01130	0.01032	0.01678	0.01672	0.12532	0.01480	0.00965	0.06894	0.00194	0.00411	0.00612	0.54031	0.00483
112	0.01096	0.00972	0.04643	0.00935	0.01182	0.01011	0.00758	0.06407	0.42856	0.01942	0.08796	0.06957	0.03685	0.01184	0.11200	0.00254	0.00522	0.00643	0.04281	0.00678
113	0.00670	0.00515	0.00613	0.00589	0.00728	0.00458	0.00441	0.00866	0.01324	0.01774	0.50497	0.04196	0.33241	0.01129	0.00597	0.00164	0.00245	0.00973	0.00523	0.00458
114	0.83781	0.00975	0.00754	0.00671	0.00985	0.01125	0.00552	0.01510	0.00875	0.04135	0.00735	0.00843	0.00565	0.00473	0.00318	0.00156	0.00392	0.00279	0.00321	0.00555
115	0.00638	0.00468	0.00598	0.00694	0.00753	0.00434	0.00487	0.00744	0.01009	0.01315	0.03089	0.59649	0.14655	0.04204	0.00708	0.00213	0.00312	0.09151	0.00464	0.00415
116	0.41295	0.01069	0.01067	0.00863	0.01221	0.01154	0.00712	0.22682	0.01429	0.22251	0.01175	0.01160	0.00814	0.00547	0.00416	0.00155	0.00447	0.00384	0.00446	0.00714
117	0.00737	0.00517	0.00688	0.00688	0.00742	0.00566	0.00483	0.00844	0.00790	0.01122	0.01467	0.02539	0.01507	0.36702	0.44184	0.00648	0.00944	0.00620	0.03819	0.00391
118	0.00732	0.00541	0.00687	0.00665	0.00784	0.00514	0.00493	0.01019	0.06054	0.01913	0.61502	0.13952	0.07037	0.01094	0.00598	0.00166	0.00256	0.00968	0.00540	0.00486
119	0.01352	0.82533	0.02650	0.00865	0.01298	0.02001	0.00865	0.01514	0.01027	0.01190	0.00703	0.00811	0.00649	0.00433	0.00324	0.00108	0.00541	0.00270	0.00216	0.00649
120	0.00684	0.00500	0.00658	0.00759	0.00838	0.00474	0.00580	0.00829	0.01062	0.01380	0.03061	0.44588	0.13297	0.01477	0.00658	0.00210	0.00349	0.27695	0.00468	0.00432
121	0.01272	0.01093	0.01151	0.01032	0.01320	0.01264	0.00804	0.04255	0.76570	0.02138	0.02040	0.01873	0.01529	0.00684	0.00514	0.00171	0.00403	0.00569	0.00514	0.00802
122	0.01307	0.01360	0.01832	0.18535	0.49696	0.15544	0.01418	0.01584	0.01174	0.01504	0.00910	0.01209	0.00748	0.00474	0.00493	0.00150	0.00672	0.00428	0.00247	0.00714
123	0.00966	0.00921	0.01586	0.77269	0.03443	0.01131	0.05004	0.01308	0.01020	0.01308	0.00905	0.01349	0.00679	0.00502	0.00510	0.00169	0.00683	0.00456	0.00226	0.00567
124	0.00960	0.00794	0.01138	0.01286	0.17839	0.00782	0.04215	0.02440	0.10946	0.03737	0.35435	0.04295	0.12338	0.00861	0.00563	0.00161	0.00377	0.00769	0.00460	0.00604
125	0.00622	0.00448	0.00591	0.00700	0.00739	0.00417	0.00474	0.00719	0.00990	0.01315	0.04494	0.75185	0.06512	0.01555	0.00644	0.00204	0.00295	0.03210	0.00471	0.00414
126	0.85801	0.00978	0.00743	0.00665	0.00978	0.01134	0.00548	0.01486	0.00861	0.02269	0.00704	0.00821	0.00548	0.00469	0.00313	0.00156	0.00391	0.00274	0.00313	0.00548
127	0.00706	0.00523	0.00673	0.00763	0.00837	0.00512	0.00557	0.00934	0.07169	0.01425	0.05322	0.56162	0.05847	0.01449	0.00641	0.00205	0.00330	0.15013	0.00475	0.00455
128	0.01917	0.00890	0.01131	0.00914	0.01255	0.00845	0.00738	0.06047	0.14954	0.54478	0.04796	0.06704	0.01539	0.00709	0.00521	0.00162	0.00416	0.00589	0.00588	0.00809
129	0.01022	0.04384	0.77906	0.01429	0.02169	0.01193	0.01846	0.01599	0.01067	0.01592	0.00903	0.01062	0.00641	0.00479	0.00477	0.00159	0.00743	0.00371	0.00214	0.00745
130	0.00735	0.00490	0.00552	0.00552	0.00552	0.00490	0.00306	0.00735	0.00735	0.00980	0.01593	0.03309	0.01838	0.82229	0.02574	0.00490	0.00490	0.00735	0.00306	0.00306
131	0.00711	0.00549	0.00704	0.00726	0.00832	0.00505	0.00514	0.00833	0.01009	0.01395	0.07356	0.57862	0.05603	0.01316	0.00640	0.00181	0.03678	0.01168	0.00438	0.13981
132	0.01307	0.71828	0.12959	0.00942	0.01417	0.01890	0.01000	0.01526	0.01033	0.01245	0.00730	0.00846	0.00648	0.00439	0.00345	0.00115	0.00568	0.00284	0.00216	0.00662

[dist]
# distance from previous block
# <min> <max>
0	1

[block]
# block no. 2 follows, 49 sequences, length 24
# corresponding to MSA columns:
# 227-250
name=unknown_C
#
# <colnr> <probs for GDERKNQSTAVLIFYWHMCP>
#	G	D	E	R	K	N	Q	S	T	A	V	L	I	F	Y	W	H	M	C	P
0	0.03705	0.17950	0.01661	0.01047	0.01436	0.01575	0.00892	0.53833	0.03812	0.02655	0.01143	0.01178	0.00851	0.00569	0.00456	0.00141	0.00527	0.00417	0.05368	0.00785
1	0.01048	0.01072	0.01905	0.19921	0.02189	0.01244	0.25761	0.01311	0.00985	0.01372	0.01057	0.09715	0.00981	0.00722	0.00943	0.00191	0.28144	0.00598	0.00259	0.00582
2	0.00733	0.00498	0.00592	0.00592	0.00605	0.00512	0.00356	0.00761	0.00747	0.01010	0.01557	0.03107	0.01750	0.70219	0.14464	0.00540	0.00623	0.00706	0.00301	0.00329
3	0.05645	0.01093	0.01137	0.01015	0.01307	0.01263	0.00793	0.05397	0.71359	0.02163	0.01957	0.01807	0.01467	0.00672	0.00504	0.00170	0.00406	0.00552	0.00504	0.00790
4	0.01892	0.02306	0.01442	0.01288	0.01564	0.71956	0.00975	0.09920	0.01532	0.01442	0.00827	0.00944	0.00673	0.00530	0.00461	0.00133	0.00875	0.00339	0.00286	0.00615
5	0.00685	0.00498	0.00649	0.00693	0.00770	0.00473	0.00492	0.00887	0.03960	0.01631	0.34294	0.44980	0.03862	0.01319	0.00621	0.00186	0.00278	0.02761	0.00507	0.00454
6	0.01014	0.02616	0.79609	0.01441	0.02189	0.01174	0.01868	0.01601	0.01068	0.01601	0.00907	0.01068	0.00641	0.00480	0.00480	0.00160	0.00747	0.00374	0.00214	0.00747
7	0.01951	0.01370	0.01489	0.01142	0.01545	0.01500	0.00943	0.71199	0.02301	0.09485	0.01279	0.01256	0.00892	0.00609	0.00506	0.00152	0.00546	0.00460	0.00516	0.00860
8	0.02028	0.00897	0.01154	0.00903	0.01262	0.00831	0.00739	0.11285	0.04262	0.59133	0.08302	0.01842	0.01510	0.00659	0.00512	0.00156	0.00423	0.00537	0.02747	0.00816
9	0.00652	0.00466	0.00628	0.00746	0.00791	0.00442	0.00532	0.00767	0.01004	0.01331	0.02767	0.67993	0.03265	0.01550	0.00655	0.00210	0.00325	0.14985	0.00469	0.00421
10	0.00695	0.00513	0.00650	0.00623	0.00745	0.00467	0.00464	0.00911	0.01371	0.01903	0.65206	0.07697	0.14689	0.01094	0.00599	0.00163	0.00244	0.00960	0.00541	0.00467
11	0.05555	0.00898	0.01177	0.00906	0.01295	0.00808	0.00748	0.06903	0.01480	0.71814	0.01897	0.01655	0.01200	0.00619	0.00501	0.00156	0.00436	0.00496	0.00606	0.00848
12	0.00615	0.00444	0.00582	0.00693	0.00731	0.00412	0.00465	0.00705	0.00979	0.01295	0.02921	0.77482	0.07675	0.01567	0.00643	0.00203	0.00291	0.01416	0.00469	0.00412
13	0.77008	0.01024	0.00824	0.00717	0.01040	0.01180	0.00591	0.09443	0.01020	0.02365	0.00758	0.00863	0.00580	0.00484	0.00333	0.00156	0.00408	0.00293	0.00333	0.00580
14	0.01101	0.00518	0.00555	0.00523	0.00673	0.00504	0.00400	0.01332	0.01107	0.11170	0.01691	0.01866	0.01291	0.00594	0.00372	0.00122	0.00259	0.00476	0.74929	0.00518
15	0.01153	0.01101	0.01874	0.29075	0.53876	0.01175	0.01503	0.01465	0.01105	0.01532	0.00934	0.01284	0.00759	0.00469	0.00502	0.00156	0.00625	0.00450	0.00242	0.00721
16	0.01014	0.02616	0.79609	0.01441	0.02189	0.01174	0.01868	0.01601	0.01068	0.01601	0.00907	0.01068	0.00641	0.00480	0.00480	0.00160	0.00747	0.00374	0.00214	0.00747
17	0.00943	0.00471	0.00471	0.00471	0.00589	0.00471	0.00353	0.01178	0.01060	0.01885	0.01650	0.01885	0.01296	0.00589	0.00353	0.00118	0.00236	0.00471	0.85036	0.00471
18	0.00619	0.00470	0.00570	0.00636	0.00719	0.00422	0.00442	0.00732	0.01067	0.01378	0.10036	0.50289	0.27917	0.01439	0.00626	0.00190	0.00277	0.01273	0.00477	0.00422
19	0.00657	0.00474	0.00600	0.00663	0.00722	0.00443	0.00456	0.00767	0.01036	0.01380	0.14683	0.46479	0.11245	0.13010	0.00912	0.00237	0.00318	0.05048	0.00459	0.00411
20	0.01103	0.00931	0.01078	0.00775	0.01221	0.00729	0.00622	0.05977	0.01131	0.01743	0.00918	0.01059	0.00756	0.00389	0.00383	0.00080	0.00386	0.00309	0.00312	0.80101
21	0.01336	0.00795	0.03100	0.00911	0.01177	0.00710	0.04657	0.02866	0.06334	0.28151	0.11893	0.06514	0.11315	0.00950	0.00581	0.00179	0.00418	0.16954	0.00518	0.00642
22	0.01091	0.19770	0.54681	0.01244	0.01892	0.01301	0.01518	0.01548	0.01057	0.01517	0.00862	0.01010	0.00654	0.00459	0.00435	0.00140	0.00663	0.00343	0.00223	0.09592
23	0.06750	0.01159	0.01196	0.02213	0.03181	0.05019	0.00803	0.33733	0.17279	0.05024	0.01588	0.03121	0.04160	0.02838	0.00539	0.00163	0.00477	0.00515	0.09517	0.00728

[dist]
# distance from previous block
# <min> <max>
5	7

[block]
# block no. 3 follows, 49 sequences, length 38
# corresponding to MSA columns:
# 258-295
name=unknown_D
#
# <colnr> <probs for GDERKNQSTAVLIFYWHMCP>
#	G	D	E	R	K	N	Q	S	T	A	V	L	I	F	Y	W	H	M	C	P
0	0.01159	0.01156	0.01762	0.39352	0.30923	0.07285	0.05044	0.01514	0.04132	0.01468	0.00960	0.01301	0.00757	0.00490	0.00505	0.00159	0.00663	0.00452	0.00250	0.00666
1	0.03114	0.01062	0.01254	0.05057	0.05355	0.05018	0.03800	0.11598	0.12163	0.06382	0.02832	0.03453	0.02680	0.00599	0.00476	0.00135	0.00477	0.04577	0.00387	0.29582
2	0.00627	0.00448	0.00599	0.00716	0.00750	0.00420	0.00488	0.00722	0.00979	0.01303	0.02781	0.77868	0.03322	0.01574	0.00648	0.00207	0.00302	0.05364	0.00469	0.00414
3	0.01084	0.01088	0.01468	0.18196	0.01825	0.10244	0.09455	0.02389	0.00988	0.01306	0.01028	0.04541	0.00941	0.04153	0.14940	0.00304	0.23374	0.00515	0.01617	0.00544
4	0.03802	0.68142	0.07751	0.00930	0.01371	0.05945	0.00933	0.03840	0.01087	0.01312	0.00737	0.00846	0.00652	0.00447	0.00347	0.00116	0.00570	0.00286	0.00230	0.00656
5	0.01791	0.00851	0.01093	0.00878	0.01196	0.00797	0.00716	0.13233	0.01571	0.46577	0.19968	0.02296	0.02090	0.00751	0.00537	0.00160	0.00406	0.03751	0.00585	0.00754
6	0.00630	0.00472	0.00588	0.00674	0.00749	0.00431	0.00479	0.00742	0.01035	0.01331	0.03398	0.54343	0.23388	0.01486	0.00638	0.00199	0.00299	0.08228	0.00469	0.00420
7	0.01581	0.01471	0.13577	0.03642	0.04671	0.03798	0.01076	0.31068	0.21999	0.09707	0.01430	0.01413	0.01029	0.00598	0.00503	0.00159	0.00549	0.00474	0.00448	0.00807
8	0.01165	0.01194	0.01639	0.49840	0.22237	0.12608	0.01380	0.01463	0.01108	0.01375	0.00895	0.01261	0.00703	0.00494	0.00497	0.00158	0.00690	0.00432	0.00236	0.00626
9	0.00943	0.00471	0.00471	0.00471	0.00589	0.00471	0.00353	0.01178	0.01060	0.01885	0.01650	0.01885	0.01296	0.00589	0.00353	0.00118	0.00236	0.00471	0.85036	0.00471
10	0.42330	0.05993	0.01160	0.00933	0.01250	0.25418	0.00748	0.08735	0.01223	0.06875	0.00857	0.00942	0.00659	0.00506	0.00388	0.00145	0.00577	0.00321	0.00329	0.00614
11	0.00748	0.00525	0.00683	0.00639	0.00766	0.00482	0.00481	0.00983	0.01424	0.03784	0.75019	0.03760	0.06729	0.01031	0.00594	0.00159	0.00243	0.00909	0.00556	0.00485
12	0.00745	0.00543	0.00761	0.04837	0.01047	0.00543	0.00710	0.00926	0.01080	0.01416	0.02631	0.35067	0.02967	0.01425	0.00668	0.00219	0.00409	0.43101	0.00455	0.00449
13	0.00674	0.00499	0.00633	0.00678	0.00761	0.00470	0.00478	0.00872	0.04404	0.01575	0.27994	0.45905	0.10491	0.01338	0.00619	0.00186	0.00277	0.01196	0.00500	0.00451
14	0.01258	0.01086	0.01143	0.01029	0.01315	0.01258	0.00800	0.02687	0.78161	0.02115	0.02058	0.01887	0.01544	0.00686	0.00515	0.00172	0.00400	0.00572	0.00515	0.00800
15	0.01006	0.02434	0.71819	0.01458	0.05120	0.01134	0.01772	0.01561	0.01093	0.01629	0.05593	0.01238	0.00895	0.00513	0.00488	0.00160	0.00711	0.00409	0.00236	0.00733
16	0.01018	0.00963	0.01630	0.64580	0.19427	0.01140	0.01435	0.01347	0.01041	0.01368	0.00910	0.01328	0.00701	0.00494	0.00505	0.00165	0.00659	0.00450	0.00230	0.00612
17	0.01280	0.01211	0.02030	0.03022	0.75794	0.01217	0.01527	0.04761	0.01203	0.01717	0.00962	0.01250	0.00803	0.00457	0.00501	0.00150	0.00599	0.00451	0.00261	0.00803
18	0.01215	0.01164	0.01987	0.12624	0.69838	0.01192	0.01534	0.01520	0.01134	0.01608	0.00945	0.01263	0.00785	0.00457	0.00501	0.00152	0.00610	0.00450	0.00247	0.00772
19	0.03523	0.01151	0.01375	0.01112	0.01435	0.03720	0.06051	0.23469	0.20849	0.17783	0.04647	0.01603	0.01251	0.00770	0.03648	0.00188	0.05663	0.00518	0.00478	0.00767
20	0.01056	0.12553	0.70039	0.01370	0.02078	0.01277	0.01744	0.01591	0.01063	0.01550	0.00882	0.01036	0.00642	0.00474	0.00461	0.00154	0.00722	0.00361	0.00214	0.00735
21	0.00735	0.00490	0.00552	0.00552	0.00552	0.00490	0.00306	0.00735	0.00735	0.00980	0.01593	0.03309	0.01838	0.82229	0.02574	0.00490	0.00490	0.00735	0.00306	0.00306
22	0.01217	0.01166	0.01990	0.12193	0.70255	0.01192	0.01535	0.01522	0.01135	0.01610	0.00945	0.01263	0.00786	0.00457	0.00501	0.00152	0.00609	0.00450	0.00247	0.00773
23	0.22998	0.01127	0.01172	0.00957	0.01299	0.01233	0.00785	0.34735	0.09385	0.11909	0.04981	0.01561	0.01171	0.00637	0.00471	0.00159	0.00465	0.03742	0.00473	0.00740
24	0.00955	0.00899	0.01517	0.81013	0.03483	0.01123	0.01404	0.01292	0.01011	0.01292	0.00899	0.01348	0.00674	0.00506	0.00506	0.00169	0.00674	0.00449	0.00225	0.00562
25	0.01352	0.82533	0.02650	0.00865	0.01298	0.02001	0.00865	0.01514	0.01027	0.01190	0.00703	0.00811	0.00649	0.00433	0.00324	0.00108	0.00541	0.00270	0.00216	0.00649
26	0.00622	0.00449	0.00589	0.00690	0.00732	0.00416	0.00466	0.00722	0.01009	0.01345	0.08122	0.72694	0.07209	0.01531	0.00640	0.00200	0.00288	0.01383	0.00475	0.00416
27	0.02798	0.08229	0.13588	0.00809	0.01088	0.00764	0.00760	0.01257	0.01320	0.09140	0.48883	0.02842	0.04849	0.00846	0.00539	0.00155	0.00369	0.00721	0.00470	0.00572
28	0.01272	0.01385	0.05113	0.01925	0.02422	0.01286	0.61783	0.11581	0.01347	0.01834	0.02444	0.01372	0.00847	0.00462	0.00576	0.00165	0.00789	0.00570	0.00294	0.02534
29	0.01352	0.82533	0.02650	0.00865	0.01298	0.02001	0.00865	0.01514	0.01027	0.01190	0.00703	0.00811	0.00649	0.00433	0.00324	0.00108	0.00541	0.00270	0.00216	0.00649
30	0.00616	0.00440	0.00587	0.00704	0.00733	0.00411	0.00469	0.00704	0.00968	0.01291	0.02787	0.81899	0.03344	0.01584	0.00645	0.00205	0.00293	0.01438	0.00469	0.00411
31	0.51833	0.02453	0.01095	0.01083	0.11375	0.01205	0.00761	0.16046	0.01214	0.04073	0.00902	0.01017	0.00689	0.00501	0.00381	0.00152	0.00448	0.00345	0.03780	0.00647
32	0.00955	0.00899	0.01517	0.81013	0.03483	0.01123	0.01404	0.01292	0.01011	0.01292	0.00899	0.01348	0.00674	0.00506	0.00506	0.00169	0.00674	0.00449	0.00225	0.00562
33	0.00614	0.00461	0.00570	0.00652	0.00721	0.00417	0.00447	0.00717	0.01030	0.01332	0.05584	0.59504	0.23140	0.01489	0.00632	0.00195	0.00282	0.01326	0.00472	0.00417
34	0.00677	0.00515	0.00622	0.00595	0.00732	0.00461	0.00446	0.00879	0.01339	0.01809	0.54449	0.04137	0.29267	0.01115	0.00597	0.00163	0.00244	0.00965	0.00528	0.00461
35	0.01160	0.01108	0.01888	0.27045	0.55846	0.01178	0.01507	0.01472	0.01108	0.01541	0.00935	0.01281	0.00762	0.00467	0.00502	0.00156	0.00623	0.00450	0.00242	0.00727
36	0.81618	0.01000	0.00782	0.00690	0.01007	0.01156	0.00568	0.05272	0.00936	0.02315	0.00730	0.00841	0.00563	0.00476	0.00323	0.00156	0.00399	0.00283	0.00323	0.00563
37	0.01744	0.01433	0.01400	0.01106	0.01487	0.11755	0.00893	0.48436	0.08882	0.04334	0.01207	0.01223	0.00887	0.00571	0.00482	0.00140	0.00561	0.00428	0.00448	0.12582

[dist]
# distance from previous block
# <min> <max>
0	1

[block]
# block no. 4 follows, 49 sequences, length 143
# corresponding to MSA columns:
# 297-439
name=unknown_E
#
# <colnr> <probs for GDERKNQSTAVLIFYWHMCP>
#	G	D	E	R	K	N	Q	S	T	A	V	L	I	F	Y	W	H	M	C	P
0	0.00807	0.00631	0.00704	0.00684	0.02015	0.02899	0.00508	0.01068	0.05889	0.04794	0.36086	0.03943	0.34318	0.01081	0.00585	0.00165	0.00293	0.02526	0.00506	0.00499
1	0.01027	0.04578	0.75983	0.01442	0.02177	0.01197	0.03525	0.01600	0.01069	0.01592	0.00905	0.01068	0.00644	0.00478	0.00479	0.00159	0.00745	0.00376	0.00215	0.00743
2	0.01127	0.01072	0.06520	0.00935	0.01406	0.00794	0.07346	0.04048	0.01122	0.04102	0.00955	0.01104	0.00763	0.00402	0.00410	0.00094	0.00449	0.00342	0.00307	0.66703
3	0.00743	0.00563	0.00746	0.00701	0.00804	0.00566	0.00531	0.00960	0.01343	0.01908	0.66921	0.08799	0.04319	0.01058	0.00692	0.00168	0.07270	0.00909	0.00522	0.00479
4	0.00975	0.00914	0.01548	0.73627	0.07750	0.01117	0.02570	0.01310	0.01023	0.01330	0.00919	0.01354	0.00696	0.00503	0.00504	0.00166	0.00663	0.00452	0.02001	0.00575
5	0.01306	0.71714	0.13068	0.00943	0.01418	0.01889	0.01001	0.01526	0.01033	0.01245	0.00731	0.00846	0.00648	0.00439	0.00346	0.00115	0.00569	0.00284	0.00216	0.00662
6	0.00625	0.00446	0.00592	0.00705	0.00736	0.00418	0.00473	0.00714	0.00966	0.01286	0.02744	0.77236	0.03283	0.04275	0.00711	0.00216	0.00305	0.03397	0.00464	0.00409
7	0.00680	0.00498	0.00639	0.00641	0.00743	0.00456	0.00466	0.00871	0.01292	0.01785	0.53214	0.22949	0.11501	0.01192	0.00608	0.00171	0.00254	0.01057	0.00527	0.00456
8	0.06225	0.01246	0.01367	0.01061	0.01440	0.01343	0.00873	0.56619	0.02090	0.14979	0.06528	0.01445	0.01168	0.00632	0.00502	0.00153	0.00507	0.00485	0.00518	0.00818
9	0.43347	0.02901	0.07677	0.01181	0.06658	0.04329	0.11401	0.07496	0.01133	0.08259	0.00927	0.01051	0.00689	0.00488	0.00415	0.00156	0.00538	0.00373	0.00329	0.00652
10	0.00798	0.00571	0.00729	0.00679	0.00728	0.00580	0.03985	0.03831	0.00838	0.01127	0.01575	0.05978	0.01755	0.65142	0.09221	0.00480	0.00579	0.00727	0.00315	0.00363
11	0.01111	0.24278	0.56533	0.01305	0.01960	0.01402	0.03742	0.01578	0.01060	0.01490	0.00855	0.01006	0.00646	0.00466	0.00441	0.00146	0.00694	0.00352	0.00215	0.00719
12	0.04737	0.00537	0.00665	0.00672	0.00742	0.00571	0.00476	0.00883	0.00895	0.01325	0.06978	0.15874	0.04615	0.24900	0.22952	0.00438	0.02940	0.00768	0.08618	0.00414
13	0.02269	0.00861	0.01174	0.00900	0.01291	0.00743	0.00743	0.02464	0.01447	0.79425	0.01995	0.01721	0.01252	0.00626	0.00509	0.00156	0.00430	0.00509	0.00626	0.00861
