[name]
unknown

[dist]
# distance from previous block
# <min> <max>
0	136

[block]
# block no. 0 follows, 47 sequences, length 20
# corresponding to MSA columns:
# 254-273
name=unknown_A
#
# <colnr> <probs for GDERKNQSTAVLIFYWHMCP>
#	G	D	E	R	K	N	Q	S	T	A	V	L	I	F	Y	W	H	M	C	P
0	0.05997	0.05465	0.14240	0.03597	0.05849	0.01030	0.02798	0.08940	0.07393	0.11978	0.07689	0.11671	0.01670	0.00888	0.03287	0.00193	0.00541	0.04283	0.00416	0.02075
1	0.04443	0.04542	0.16487	0.04717	0.05131	0.03137	0.12965	0.04913	0.07371	0.09838	0.02946	0.08451	0.01182	0.00654	0.00593	0.00166	0.05413	0.00561	0.00354	0.06137
2	0.07798	0.14678	0.10213	0.01411	0.11384	0.12725	0.06057	0.11852	0.01348	0.05876	0.02778	0.03432	0.02601	0.00754	0.04741	0.00187	0.00675	0.00462	0.00330	0.00700
3	0.07809	0.13240	0.17472	0.01157	0.01627	0.04040	0.02327	0.29629	0.04710	0.08116	0.01181	0.01300	0.00885	0.00577	0.00477	0.00154	0.00594	0.02235	0.00395	0.02075
4	0.12733	0.23099	0.29280	0.01155	0.01680	0.04286	0.02849	0.07759	0.01214	0.08545	0.00968	0.01069	0.00726	0.00512	0.00458	0.00150	0.02128	0.00366	0.00299	0.00724
5	0.05039	0.23997	0.01514	0.00871	0.01205	0.09265	0.00743	0.12561	0.01360	0.11514	0.01227	0.01310	0.00943	0.00544	0.00409	0.00129	0.00491	0.00395	0.21091	0.05392
6	0.21517	0.01195	0.02940	0.02485	0.01507	0.01256	0.09531	0.31991	0.03974	0.05176	0.02617	0.08410	0.03808	0.00688	0.00502	0.00167	0.00525	0.00563	0.00434	0.00716
7	0.00756	0.00511	0.00599	0.00599	0.00609	0.00522	0.00354	0.00777	0.00766	0.01033	0.01613	0.03252	0.01826	0.72783	0.11473	0.00543	0.00607	0.00734	0.00311	0.00333
8	0.00848	0.00986	0.13305	0.01039	0.03920	0.00713	0.08897	0.01161	0.01344	0.01898	0.48657	0.07276	0.05989	0.00926	0.00595	0.00168	0.00412	0.00836	0.00466	0.00564
9	0.00883	0.00455	0.00669	0.00675	0.00676	0.00454	0.00446	0.00685	0.00699	0.00931	0.01043	0.05612	0.01085	0.06279	0.02002	0.75954	0.00448	0.00520	0.00244	0.00241
10	0.01392	0.82012	0.02729	0.00891	0.01337	0.02061	0.00891	0.01559	0.01058	0.01225	0.00724	0.00835	0.00668	0.00446	0.00334	0.00111	0.00557	0.00278	0.00223	0.00668
11	0.01378	0.10385	0.36757	0.01397	0.05278	0.06710	0.05943	0.10761	0.01325	0.07739	0.01052	0.01173	0.00771	0.00512	0.00482	0.00151	0.00680	0.00407	0.01971	0.05128
12	0.01466	0.23090	0.06806	0.01379	0.08777	0.08112	0.08682	0.09209	0.18052	0.05584	0.01229	0.01296	0.00951	0.00540	0.00473	0.00147	0.00601	0.00441	0.00353	0.02812
13	0.01807	0.01378	0.01503	0.01248	0.04607	0.01532	0.00979	0.58051	0.18318	0.02985	0.01424	0.01399	0.01033	0.00636	0.00523	0.00161	0.00541	0.00494	0.00512	0.00870
14	0.11854	0.01321	0.02624	0.04210	0.06258	0.01302	0.57675	0.01619	0.01159	0.01726	0.00988	0.01316	0.00756	0.00470	0.00620	0.00175	0.04425	0.00554	0.00268	0.00682
15	0.00634	0.00453	0.00604	0.00725	0.00755	0.00423	0.00483	0.00725	0.00997	0.01329	0.02870	0.81358	0.03444	0.01632	0.00665	0.00211	0.00302	0.01480	0.00483	0.00423
16	0.00745	0.00556	0.00825	0.00825	0.00914	0.00644	0.00636	0.00922	0.00833	0.01200	0.01406	0.02106	0.01328	0.07347	0.76229	0.00822	0.01356	0.00567	0.00281	0.00458
17	0.00743	0.00526	0.00667	0.00670	0.00733	0.00552	0.00464	0.00846	0.00860	0.01188	0.01987	0.05479	0.10093	0.35635	0.32577	0.00571	0.00810	0.00726	0.04473	0.00400
18	0.01162	0.08328	0.01696	0.01325	0.01364	0.01636	0.01117	0.01280	0.00821	0.01251	0.00687	0.01112	0.00682	0.00870	0.01587	0.00218	0.73617	0.00440	0.00227	0.00578
19	0.02082	0.00957	0.01274	0.00993	0.01346	0.00923	0.00820	0.06723	0.01431	0.59424	0.01757	0.01616	0.01154	0.00664	0.00674	0.00165	0.11190	0.00499	0.00562	0.05746

[dist]
# distance from previous block
# <min> <max>
1	4

[block]
# block no. 1 follows, 47 sequences, length 18
# corresponding to MSA columns:
# 278,290-306
name=unknown_B
#
# <colnr> <probs for GDERKNQSTAVLIFYWHMCP>
#	G	D	E	R	K	N	Q	S	T	A	V	L	I	F	Y	W	H	M	C	P
0	0.25193	0.01241	0.01247	0.01016	0.01381	0.01393	0.00828	0.37693	0.17479	0.05544	0.01312	0.01299	0.00956	0.00603	0.00467	0.00162	0.00487	0.00443	0.00472	0.00783
1	0.59695	0.01130	0.01001	0.00835	0.01186	0.01282	0.00689	0.22602	0.01341	0.04756	0.00910	0.00985	0.00674	0.00528	0.00384	0.00160	0.00452	0.00341	0.00387	0.00663
2	0.01099	0.00772	0.00846	0.00744	0.00861	0.00816	0.00504	0.22017	0.01231	0.01646	0.01532	0.02804	0.01611	0.59007	0.02055	0.00407	0.00524	0.00677	0.00373	0.00475
3	0.00811	0.00661	0.01040	0.23119	0.01674	0.00793	0.00874	0.01042	0.00894	0.01243	0.01264	0.01862	0.01132	0.02958	0.57491	0.00651	0.01199	0.00531	0.00266	0.00497
4	0.01170	0.01151	0.01719	0.01864	0.22929	0.01469	0.01254	0.01341	0.00907	0.01377	0.00786	0.01207	0.00740	0.00870	0.03551	0.00224	0.56103	0.00461	0.00238	0.00638
5	0.01392	0.82012	0.02729	0.00891	0.01337	0.02061	0.00891	0.01559	0.01058	0.01225	0.00724	0.00835	0.00668	0.00446	0.00334	0.00111	0.00557	0.00278	0.00223	0.00668
6	0.01480	0.00928	0.01132	0.00829	0.01273	0.00741	0.00672	0.03736	0.01240	0.24782	0.01272	0.01291	0.00929	0.00470	0.00431	0.00104	0.00408	0.00377	0.00415	0.57491
7	0.02837	0.03774	0.02807	0.01299	0.02881	0.47525	0.07902	0.03555	0.01436	0.03761	0.14512	0.01542	0.01454	0.00627	0.00526	0.00147	0.01986	0.00479	0.00336	0.00615
8	0.01843	0.00777	0.01050	0.00843	0.01159	0.00681	0.00681	0.02058	0.01485	0.55128	0.25551	0.02426	0.02408	0.00774	0.00552	0.00162	0.00382	0.00653	0.00623	0.00764
9	0.61752	0.00861	0.00687	0.00629	0.00895	0.00977	0.00508	0.01442	0.00944	0.02226	0.00998	0.01153	0.00780	0.00518	0.00334	0.00150	0.00358	0.00339	0.23908	0.00542
10	0.00824	0.00473	0.00636	0.00636	0.00685	0.00449	0.00436	0.00698	0.00821	0.01045	0.02128	0.02543	0.22549	0.01672	0.01638	0.61150	0.00400	0.00633	0.00298	0.00286
11	0.00748	0.00543	0.00762	0.00762	0.00829	0.00610	0.00557	0.00882	0.00815	0.01153	0.01464	0.02427	0.01467	0.25679	0.58088	0.00744	0.01146	0.00614	0.00289	0.00423
12	0.00881	0.00792	0.01446	0.01201	0.01410	0.00829	0.21876	0.01126	0.00942	0.01325	0.01314	0.01949	0.01194	0.07647	0.52855	0.00632	0.01196	0.00586	0.00277	0.00522
13	0.03355	0.01120	0.01200	0.01007	0.01290	0.02818	0.00795	0.46935	0.01892	0.02579	0.01714	0.23705	0.01622	0.00901	0.00545	0.00169	0.00478	0.00746	0.06413	0.00715
14	0.27232	0.01141	0.01119	0.00927	0.01259	0.01280	0.00753	0.32357	0.13457	0.02634	0.01364	0.01394	0.02688	0.00608	0.00447	0.00158	0.00453	0.00446	0.09558	0.00724
15	0.01046	0.01005	0.01305	0.33397	0.11290	0.09586	0.01084	0.02641	0.03965	0.01436	0.01617	0.24822	0.02955	0.00864	0.00559	0.00178	0.00577	0.00763	0.00333	0.00577
16	0.01295	0.59811	0.24076	0.01057	0.01593	0.01822	0.01180	0.01585	0.01070	0.01344	0.00783	0.00909	0.00666	0.00459	0.00379	0.00126	0.00616	0.00308	0.00222	0.00697
17	0.79957	0.01044	0.00814	0.03672	0.01120	0.03310	0.00609	0.01538	0.00908	0.02270	0.00735	0.00869	0.00572	0.00486	0.00334	0.00161	0.00428	0.00290	0.00317	0.00566

[dist]
# distance from previous block
# <min> <max>
0	1

[block]
# block no. 2 follows, 47 sequences, length 17
# corresponding to MSA columns:
# 308-324
name=unknown_C
#
# <colnr> <probs for GDERKNQSTAVLIFYWHMCP>
#	G	D	E	R	K	N	Q	S	T	A	V	L	I	F	Y	W	H	M	C	P
0	0.00746	0.00548	0.00787	0.00787	0.00863	0.00624	0.00589	0.00898	0.00822	0.01172	0.01440	0.02297	0.01411	0.18225	0.65464	0.00776	0.01231	0.00595	0.00286	0.00437
1	0.00743	0.00553	0.00811	0.00803	0.00902	0.00622	0.00622	0.00940	0.00954	0.01371	0.15528	0.02385	0.01967	0.03383	0.65089	0.00713	0.01183	0.00629	0.00333	0.00470
2	0.01282	0.15998	0.01782	0.01897	0.35634	0.04530	0.01117	0.01616	0.07439	0.06365	0.01820	0.01977	0.13482	0.00654	0.00503	0.00153	0.00532	0.02158	0.00339	0.00721
3	0.00785	0.00564	0.00697	0.00679	0.00696	0.00617	0.00441	0.00827	0.00775	0.01065	0.01521	0.02985	0.01692	0.61366	0.16398	0.00543	0.06987	0.00698	0.00302	0.00362
4	0.01237	0.05431	0.53405	0.04491	0.05771	0.15674	0.03605	0.01711	0.01172	0.01556	0.00908	0.01088	0.00675	0.00499	0.00489	0.00157	0.00786	0.00384	0.00232	0.00729
5	0.01639	0.18517	0.01757	0.15803	0.01913	0.43452	0.01065	0.05699	0.01346	0.01379	0.00831	0.01021	0.00686	0.00528	0.00480	0.00140	0.02498	0.00357	0.00264	0.00626
6	0.66623	0.03982	0.00827	0.00687	0.00977	0.01077	0.00563	0.01431	0.01001	0.02249	0.14981	0.01406	0.01369	0.00589	0.00376	0.00160	0.00380	0.00403	0.00365	0.00555
7	0.01608	0.05398	0.07615	0.15835	0.01972	0.37675	0.01123	0.07470	0.10827	0.04031	0.01069	0.01203	0.00823	0.00557	0.00488	0.00151	0.00756	0.00407	0.00319	0.00672
8	0.00746	0.00548	0.00787	0.00787	0.00863	0.00624	0.00589	0.00898	0.00822	0.01172	0.01440	0.02297	0.01411	0.18225	0.65464	0.00776	0.01231	0.00595	0.00286	0.00437
9	0.00769	0.00645	0.03668	0.00771	0.02872	0.00555	0.00592	0.01044	0.03151	0.01967	0.60562	0.07096	0.08749	0.01076	0.00612	0.00170	0.00293	0.04359	0.00537	0.00512
10	0.00839	0.00674	0.00869	0.00769	0.00995	0.00563	0.02579	0.01022	0.01123	0.01618	0.15940	0.34307	0.02623	0.01020	0.00548	0.00150	0.00339	0.00911	0.00427	0.32683
11	0.00708	0.00497	0.00681	0.00757	0.00817	0.00492	0.00550	0.00808	0.00980	0.01311	0.03895	0.43219	0.07249	0.02015	0.15343	0.08929	0.00537	0.10368	0.00421	0.00420
12	0.03205	0.12392	0.24057	0.01266	0.04411	0.01379	0.02936	0.21735	0.10295	0.02106	0.01212	0.01431	0.00952	0.00581	0.00487	0.00154	0.00597	0.03886	0.00359	0.06560
13	0.01435	0.01444	0.15621	0.01196	0.03435	0.01263	0.01074	0.35041	0.08849	0.02351	0.01377	0.05474	0.01131	0.02176	0.08573	0.00236	0.02113	0.02182	0.00415	0.04614
14	0.01356	0.26802	0.06757	0.01121	0.01422	0.09575	0.02011	0.09930	0.06483	0.01577	0.02394	0.01305	0.02244	0.02603	0.04824	0.00201	0.18014	0.00428	0.00299	0.00657
15	0.03011	0.04260	0.11378	0.01571	0.16339	0.04786	0.13042	0.01476	0.03285	0.05251	0.18806	0.08939	0.01996	0.00810	0.02588	0.00182	0.00581	0.00668	0.00372	0.00658
16	0.19201	0.13584	0.19412	0.01127	0.04750	0.01275	0.02774	0.11943	0.02636	0.06157	0.06741	0.01419	0.03506	0.00577	0.00453	0.00153	0.00540	0.00439	0.00351	0.02959

[dist]
# distance from previous block
# <min> <max>
29	175

[block]
# block no. 3 follows, 47 sequences, length 26
# corresponding to MSA columns:
# 532-557
name=unknown_D
#
# <colnr> <probs for GDERKNQSTAVLIFYWHMCP>
#	G	D	E	R	K	N	Q	S	T	A	V	L	I	F	Y	W	H	M	C	P
0	0.04895	0.01047	0.03742	0.17288	0.01989	0.00949	0.15881	0.02945	0.01128	0.03217	0.01070	0.03611	0.00868	0.00490	0.00471	0.00132	0.00553	0.00453	0.04881	0.34388
1	0.01060	0.00915	0.01131	0.10559	0.01518	0.00748	0.00726	0.01306	0.01079	0.01647	0.00985	0.01273	0.00834	0.00436	0.00413	0.00094	0.00427	0.02739	0.00305	0.71805
2	0.01263	0.00940	0.01106	0.00821	0.01259	0.00765	0.00657	0.01617	0.08922	0.11611	0.01192	0.01256	0.00921	0.00451	0.00418	0.00098	0.00396	0.00365	0.00374	0.65570
3	0.01980	0.01459	0.01563	0.01198	0.01615	0.01615	0.00990	0.76713	0.02448	0.03282	0.01250	0.01250	0.00886	0.00625	0.00521	0.00156	0.00573	0.00469	0.00521	0.00886
4	0.04623	0.02026	0.49018	0.01319	0.04090	0.01128	0.01478	0.10777	0.01318	0.04632	0.10942	0.03815	0.01335	0.00620	0.00513	0.00164	0.00634	0.00501	0.00330	0.00736
5	0.00905	0.00452	0.00678	0.00678	0.00678	0.00452	0.00452	0.00678	0.00678	0.00905	0.00905	0.01583	0.00905	0.01809	0.02035	0.84848	0.00452	0.00452	0.00226	0.00226
6	0.00668	0.00489	0.00632	0.00716	0.00787	0.00453	0.00512	0.00801	0.01108	0.01467	0.13361	0.52940	0.13163	0.01494	0.00657	0.00204	0.00309	0.09304	0.00495	0.00440
7	0.01210	0.02462	0.69048	0.01413	0.02136	0.01153	0.01776	0.01763	0.01150	0.11520	0.01078	0.01186	0.00740	0.00514	0.00498	0.00164	0.00728	0.00403	0.00274	0.00785
8	0.01236	0.46383	0.36989	0.01158	0.01749	0.01678	0.01355	0.01600	0.01077	0.01416	0.00819	0.00954	0.00664	0.00468	0.00406	0.00135	0.00652	0.00326	0.00221	0.00714
9	0.01396	0.01120	0.01198	0.01058	0.01365	0.01277	0.00829	0.06339	0.68954	0.07187	0.02073	0.01898	0.01536	0.00699	0.00529	0.00175	0.00422	0.00579	0.00537	0.00831
10	0.00634	0.00453	0.00604	0.00725	0.00755	0.00423	0.00483	0.00725	0.00997	0.01329	0.02870	0.81358	0.03444	0.01632	0.00665	0.00211	0.00302	0.01480	0.00483	0.00423
11	0.00786	0.00778	0.00649	0.00632	0.00819	0.10567	0.00474	0.00918	0.01224	0.01390	0.04704	0.04491	0.68316	0.01219	0.00597	0.00171	0.00350	0.01001	0.00456	0.00461
12	0.01361	0.23087	0.39782	0.01295	0.01855	0.21206	0.01426	0.01735	0.01184	0.01445	0.00848	0.00991	0.00665	0.00493	0.00447	0.00143	0.00758	0.00345	0.00233	0.00702
13	0.00657	0.00470	0.00630	0.00751	0.00791	0.00443	0.00523	0.00765	0.01020	0.01355	0.02858	0.72940	0.03394	0.01610	0.00671	0.00215	0.00322	0.09674	0.00483	0.00429
14	0.00745	0.00554	0.00817	0.00817	0.00903	0.00640	0.00626	0.00917	0.00831	0.01194	0.01414	0.02149	0.01347	0.09794	0.73808	0.00812	0.01328	0.00573	0.00282	0.00454
15	0.00807	0.00582	0.00727	0.00786	0.00865	0.00575	0.00548	0.10446	0.01183	0.01579	0.02663	0.71110	0.03117	0.01503	0.00646	0.00204	0.00337	0.01351	0.00488	0.00482
16	0.01876	0.03175	0.01694	0.01327	0.04817	0.01339	0.10618	0.40618	0.04588	0.20581	0.01454	0.01511	0.01032	0.00616	0.00534	0.00161	0.00575	0.02143	0.00499	0.00844
17	0.66092	0.01348	0.00930	0.00837	0.01146	0.19299	0.00666	0.01658	0.01023	0.02091	0.00744	0.00868	0.00589	0.00496	0.00356	0.00155	0.00527	0.00294	0.00310	0.00573
18	0.00883	0.00740	0.00917	0.00894	0.01023	0.05244	0.00693	0.01231	0.10682	0.01337	0.01454	0.01969	0.01303	0.03304	0.64993	0.00712	0.01243	0.00549	0.00310	0.00519
19	0.01624	0.01441	0.01397	0.01275	0.08340	0.16402	0.00915	0.33792	0.06637	0.02237	0.01215	0.01498	0.01002	0.10947	0.00771	0.00190	0.00611	0.00472	0.00402	0.08832
20	0.01546	0.01968	0.11722	0.03834	0.04700	0.35477	0.17707	0.03285	0.08731	0.03108	0.01080	0.02519	0.00852	0.00545	0.00519	0.00155	0.00808	0.00461	0.00301	0.00683
21	0.01327	0.01151	0.04668	0.09504	0.03011	0.03253	0.11416	0.12847	0.14321	0.09042	0.06158	0.07115	0.06065	0.00731	0.00599	0.00170	0.03916	0.00633	0.00423	0.03648
22	0.05655	0.04131	0.21131	0.01020	0.01503	0.02551	0.01014	0.05936	0.03755	0.18848	0.05360	0.01507	0.03207	0.00566	0.00471	0.00140	0.00515	0.00447	0.00395	0.21849
23	0.01455	0.02429	0.01162	0.01004	0.03407	0.06384	0.00767	0.14948	0.15140	0.16031	0.16231	0.03784	0.08352	0.03416	0.00648	0.00176	0.02800	0.00656	0.00506	0.00703
24	0.01728	0.06778	0.01412	0.01173	0.02762	0.40459	0.00899	0.08646	0.02831	0.11628	0.06483	0.03746	0.02552	0.00794	0.04056	0.00178	0.02373	0.00476	0.00372	0.00655
25	0.13839	0.05857	0.06683	0.01060	0.03642	0.04310	0.00891	0.18909	0.07751	0.24568	0.03010	0.01483	0.02236	0.00608	0.00478	0.00157	0.00506	0.00465	0.02771	0.00776

[dist]
# distance from previous block
# <min> <max>
12	69

[block]
# block no. 4 follows, 47 sequences, length 8
# corresponding to MSA columns:
# 637-644
name=unknown_E
#
# <colnr> <probs for GDERKNQSTAVLIFYWHMCP>
#	G	D	E	R	K	N	Q	S	T	A	V	L	I	F	Y	W	H	M	C	P
0	0.28708	0.04102	0.06522	0.02310	0.01210	0.04892	0.00753	0.07942	0.01213	0.08033	0.07450	0.09284	0.06255	0.00853	0.02970	0.00185	0.00487	0.03045	0.00398	0.03387
1	0.06464	0.12233	0.01356	0.01008	0.01273	0.26662	0.00807	0.07253	0.06483	0.03668	0.01587	0.01690	0.10274	0.00925	0.06765	0.00202	0.04474	0.00482	0.05780	0.00613
2	0.10815	0.36417	0.03911	0.01105	0.07179	0.09423	0.00904	0.07892	0.01199	0.01632	0.00886	0.01047	0.00752	0.00684	0.05120	0.00169	0.00617	0.00343	0.02750	0.07156
3	0.06227	0.35854	0.04975	0.01023	0.04192	0.04368	0.02352	0.04469	0.03226	0.17275	0.01320	0.01371	0.04747	0.00637	0.00529	0.05449	0.00532	0.00416	0.00351	0.00688
4	0.01518	0.09774	0.01365	0.00997	0.01308	0.01272	0.00820	0.22825	0.21953	0.11031	0.01799	0.04746	0.04723	0.00730	0.00565	0.00163	0.04448	0.02244	0.06967	0.00753
5	0.01008	0.01022	0.08643	0.04605	0.01400	0.01007	0.05018	0.06473	0.09443	0.01614	0.06203	0.07486	0.01479	0.01823	0.26633	0.00398	0.12472	0.00611	0.02065	0.00594
6	0.01046	0.08327	0.45159	0.01351	0.01892	0.01185	0.08305	0.01529	0.03665	0.01623	0.07096	0.06336	0.01293	0.00667	0.00592	0.00171	0.05268	0.03515	0.00288	0.00692
7	0.00971	0.01018	0.05177	0.01342	0.10735	0.06872	0.11478	0.01184	0.01123	0.01488	0.05752	0.33594	0.06846	0.01038	0.00656	0.00182	0.04931	0.00933	0.00378	0.04303

[dist]
# distance from previous block
# <min> <max>
16	103

[block]
# block no. 5 follows, 47 sequences, length 19
# corresponding to MSA columns:
# 754-772
name=unknown_F
#
# <colnr> <probs for GDERKNQSTAVLIFYWHMCP>
#	G	D	E	R	K	N	Q	S	T	A	V	L	I	F	Y	W	H	M	C	P
0	0.06657	0.03332	0.01167	0.02878	0.04807	0.01086	0.00767	0.27672	0.06946	0.06295	0.10425	0.07601	0.01684	0.04664	0.00608	0.00175	0.00445	0.00607	0.11501	0.00685
1	0.03576	0.01100	0.11768	0.03014	0.06910	0.00939	0.04485	0.05456	0.17942	0.01685	0.01607	0.17160	0.01500	0.00996	0.00803	0.14942	0.00494	0.00677	0.02334	0.02613
2	0.01328	0.32893	0.40712	0.01192	0.01795	0.01484	0.01393	0.01718	0.01129	0.10460	0.00984	0.01076	0.00736	0.00493	0.00437	0.00144	0.00650	0.00360	0.00270	0.00744
3	0.01045	0.02694	0.79000	0.01484	0.02254	0.01209	0.01924	0.01649	0.01099	0.01649	0.00935	0.01099	0.00660	0.00495	0.00495	0.00165	0.00770	0.00385	0.00220	0.00770
4	0.01063	0.06883	0.74972	0.01453	0.02205	0.01254	0.01870	0.01644	0.01097	0.01627	0.00923	0.01086	0.00660	0.00492	0.00486	0.00162	0.00758	0.00379	0.00220	0.00764
5	0.01495	0.01636	0.01742	0.07104	0.20266	0.30138	0.09929	0.06090	0.05293	0.01611	0.01172	0.03415	0.01022	0.00614	0.00530	0.00160	0.00741	0.06049	0.00312	0.00681
6	0.00905	0.00452	0.00678	0.00678	0.00678	0.00452	0.00452	0.00678	0.00678	0.00905	0.00905	0.01583	0.00905	0.01809	0.02035	0.84848	0.00452	0.00452	0.00226	0.00226
7	0.00969	0.00932	0.01615	0.31384	0.04603	0.02403	0.17660	0.01253	0.01094	0.01440	0.03181	0.21558	0.01615	0.00850	0.00625	0.00187	0.03051	0.04691	0.00323	0.00567
8	0.02307	0.00934	0.01238	0.00949	0.01353	0.00836	0.00784	0.08704	0.01570	0.72532	0.01988	0.01729	0.01256	0.00643	0.00523	0.00161	0.00454	0.00519	0.00634	0.00886
9	0.01229	0.01405	0.03073	0.02195	0.02722	0.01317	0.76558	0.01668	0.01229	0.01668	0.01054	0.01405	0.00790	0.00439	0.00615	0.00176	0.00878	0.00615	0.00263	0.00702
10	0.00744	0.00558	0.00837	0.00837	0.00930	0.00651	0.00651	0.00930	0.00837	0.01209	0.01395	0.02046	0.01302	0.03906	0.79635	0.00837	0.01395	0.00558	0.00279	0.00465
11	0.75522	0.00943	0.00747	0.00690	0.00978	0.01082	0.00555	0.01437	0.00899	0.02219	0.00975	0.10209	0.00899	0.00617	0.00362	0.00167	0.00391	0.00421	0.00341	0.00548
12	0.01212	0.01349	0.02841	0.02029	0.02549	0.01245	0.67727	0.01627	0.01212	0.01671	0.01039	0.01367	0.00788	0.00433	0.00588	0.00164	0.00821	0.00579	0.00269	0.10491
13	0.01035	0.00632	0.00816	0.00723	0.00902	0.00589	0.00557	0.05115	0.01527	0.13353	0.63093	0.03445	0.04177	0.00981	0.00596	0.00163	0.00291	0.00856	0.00581	0.00569
14	0.01114	0.01151	0.17569	0.00932	0.01275	0.00821	0.00894	0.01621	0.14654	0.13025	0.18164	0.02979	0.18059	0.00891	0.00566	0.00172	0.00431	0.04549	0.00477	0.00655
15	0.01187	0.01500	0.13913	0.20707	0.12599	0.06577	0.26272	0.01611	0.03412	0.01569	0.01013	0.01327	0.00777	0.00554	0.02155	0.00179	0.00770	0.00494	0.00258	0.03128
16	0.01258	0.02676	0.06309	0.00983	0.01283	0.01025	0.02982	0.27518	0.03359	0.02134	0.07073	0.15656	0.01720	0.07750	0.04889	0.00223	0.00531	0.00689	0.01969	0.09976
17	0.11778	0.11550	0.13137	0.03769	0.15243	0.09762	0.01058	0.01503	0.01121	0.03131	0.04113	0.02720	0.03755	0.04948	0.02059	0.00176	0.00594	0.00452	0.00296	0.08835
18	0.04285	0.26546	0.31662	0.01374	0.09630	0.01427	0.03084	0.03854	0.01130	0.01605	0.00878	0.01038	0.00699	0.00466	0.00432	0.00137	0.00627	0.00356	0.00249	0.10520

[dist]
# distance from previous block
# <min> <max>
2	6

[block]
# block no. 6 follows, 47 sequences, length 16
# corresponding to MSA columns:
# 779-794
name=unknown_G
#
# <colnr> <probs for GDERKNQSTAVLIFYWHMCP>
#	G	D	E	R	K	N	Q	S	T	A	V	L	I	F	Y	W	H	M	C	P
0	0.05111	0.09472	0.24539	0.04913	0.03952	0.04141	0.02377	0.05822	0.01148	0.02747	0.03615	0.12373	0.04801	0.00921	0.04676	0.00205	0.07634	0.00598	0.00315	0.00640
1	0.00933	0.00693	0.00775	0.00713	0.00872	0.00677	0.00512	0.12385	0.03167	0.01677	0.07991	0.16549	0.18545	0.22428	0.01122	0.00257	0.00392	0.00880	0.02865	0.06569
2	0.09479	0.01071	0.01347	0.02738	0.01456	0.01034	0.07203	0.14340	0.01291	0.03716	0.01030	0.03324	0.00848	0.00529	0.00550	0.00128	0.07403	0.00412	0.00346	0.41756
3	0.01274	0.00814	0.00958	0.00824	0.01080	0.00799	0.00650	0.12549	0.10468	0.16592	0.23292	0.06104	0.16190	0.00934	0.00571	0.00167	0.00366	0.02476	0.00544	0.03348
4	0.00808	0.00598	0.00773	0.00791	0.04462	0.00559	0.00564	0.01081	0.04163	0.03820	0.54183	0.03930	0.16345	0.01074	0.00610	0.00170	0.00289	0.04721	0.00539	0.00520
5	0.01400	0.68401	0.10185	0.00972	0.01447	0.01945	0.01000	0.06952	0.01162	0.01414	0.00783	0.00891	0.00683	0.00463	0.00363	0.00120	0.00579	0.00303	0.00244	0.00694
6	0.00642	0.00469	0.00606	0.00713	0.00764	0.00433	0.00490	0.00744	0.01029	0.01349	0.03147	0.68876	0.12180	0.01586	0.00661	0.00209	0.00306	0.04885	0.00483	0.00428
7	0.00905	0.00452	0.00678	0.00678	0.00678	0.00452	0.00452	0.00678	0.00678	0.00905	0.00905	0.01583	0.00905	0.01809	0.02035	0.84848	0.00452	0.00452	0.00226	0.00226
8	0.01352	0.72920	0.11472	0.00959	0.01442	0.01963	0.01009	0.01570	0.01063	0.01274	0.00748	0.00866	0.00667	0.00451	0.00353	0.00118	0.00581	0.00291	0.00222	0.00680
9	0.00905	0.00452	0.00678	0.00678	0.00678	0.00452	0.00452	0.00678	0.00678	0.00905	0.00905	0.01583	0.00905	0.01809	0.02035	0.84848	0.00452	0.00452	0.00226	0.00226
10	0.03143	0.05602	0.20149	0.01294	0.07445	0.01246	0.01160	0.25729	0.01575	0.12353	0.03513	0.01548	0.04559	0.00823	0.05342	0.00201	0.02653	0.00489	0.00403	0.00771
11	0.00804	0.00611	0.00830	0.04676	0.03158	0.00607	0.00741	0.01056	0.03520	0.01591	0.12855	0.15220	0.12130	0.01309	0.00665	0.00211	0.00411	0.38636	0.00477	0.00493
12	0.00784	0.00557	0.00709	0.00675	0.00810	0.00517	0.00509	0.01047	0.03598	0.04069	0.62097	0.07498	0.10927	0.01101	0.00615	0.00169	0.00266	0.02988	0.00560	0.00504
13	0.01199	0.04874	0.05556	0.14697	0.13681	0.01203	0.07632	0.05539	0.24793	0.01847	0.03040	0.01810	0.03322	0.00627	0.00521	0.00166	0.00549	0.02679	0.05547	0.00718
14	0.14550	0.09422	0.20542	0.05237	0.22394	0.01275	0.08767	0.03755	0.01158	0.03550	0.03998	0.01257	0.00893	0.00505	0.00476	0.00157	0.00624	0.00433	0.00284	0.00722
15	0.01332	0.01245	0.08765	0.01052	0.03021	0.03947	0.00891	0.20865	0.10226	0.04030	0.03157	0.01844	0.09753	0.02247	0.00626	0.00158	0.06337	0.00531	0.06046	0.13927

[dist]
# distance from previous block
# <min> <max>
0	10

[block]
# block no. 7 follows, 47 sequences, length 23
# corresponding to MSA columns:
# 808-830
name=unknown_H
#
# <colnr> <probs for GDERKNQSTAVLIFYWHMCP>
#	G	D	E	R	K	N	Q	S	T	A	V	L	I	F	Y	W	H	M	C	P
0	0.20620	0.01303	0.01549	0.04827	0.30906	0.12201	0.03938	0.05599	0.04018	0.01905	0.07399	0.01385	0.01110	0.00547	0.00478	0.00156	0.00586	0.00455	0.00323	0.00696
1	0.13495	0.10243	0.06575	0.11008	0.19901	0.01283	0.09144	0.06472	0.01169	0.01798	0.02020	0.01269	0.00837	0.00525	0.00526	0.00157	0.04668	0.00436	0.07794	0.00680
2	0.04611	0.01376	0.11753	0.12161	0.14710	0.01182	0.20612	0.07725	0.01233	0.01784	0.00983	0.01246	0.00760	0.00478	0.00531	0.00152	0.02189	0.00458	0.00284	0.15775
3	0.00784	0.00613	0.00805	0.00875	0.07212	0.00577	0.00597	0.01054	0.04180	0.01882	0.49004	0.05922	0.18056	0.01086	0.00611	0.00171	0.00301	0.05229	0.00521	0.00519
4	0.01753	0.00858	0.01146	0.01054	0.07557	0.00791	0.00768	0.05028	0.05210	0.44641	0.10005	0.04299	0.06618	0.02206	0.00578	0.00169	0.00422	0.02149	0.02581	0.02169
5	0.01014	0.00964	0.01683	0.68666	0.06389	0.01153	0.07622	0.01350	0.01052	0.01361	0.00938	0.01391	0.00713	0.00548	0.00571	0.02585	0.00699	0.00475	0.00235	0.00588
6	0.00633	0.00457	0.00600	0.00715	0.00753	0.00424	0.00479	0.00726	0.01007	0.01333	0.02997	0.77328	0.07392	0.01615	0.00662	0.00210	0.00300	0.01460	0.00483	0.00424
7	0.00748	0.00553	0.00701	0.00660	0.00793	0.00517	0.00496	0.01029	0.04214	0.02039	0.69756	0.03906	0.10482	0.01071	0.00611	0.00165	0.00253	0.00941	0.00565	0.00499
8	0.85377	0.01007	0.00765	0.00685	0.01007	0.01168	0.00564	0.01531	0.00886	0.02336	0.00725	0.00846	0.00564	0.00483	0.00322	0.00161	0.00403	0.00282	0.00322	0.00564
9	0.00988	0.00904	0.01506	0.71233	0.06174	0.01111	0.01373	0.01325	0.01045	0.01375	0.00981	0.01431	0.00749	0.00605	0.02421	0.00186	0.00683	0.00466	0.04863	0.00580
10	0.00632	0.00463	0.00594	0.00698	0.00748	0.00425	0.00472	0.00728	0.01023	0.01340	0.03196	0.71028	0.13564	0.01589	0.00658	0.00207	0.00297	0.01429	0.00483	0.00425
11	0.00993	0.00655	0.00841	0.03724	0.01004	0.00633	0.00592	0.05367	0.04228	0.09848	0.58900	0.03395	0.05811	0.00971	0.00593	0.00164	0.00307	0.00847	0.00561	0.00567
12	0.01223	0.01144	0.01899	0.29242	0.34807	0.01213	0.08114	0.07693	0.01238	0.01702	0.00987	0.01317	0.00779	0.00489	0.00518	0.00158	0.00649	0.00468	0.00274	0.06087
13	0.11828	0.01148	0.01542	0.27792	0.05656	0.06106	0.09724	0.07670	0.01203	0.01756	0.00937	0.01206	0.00727	0.00482	0.00472	0.00145	0.00609	0.00414	0.00292	0.20292
14	0.01850	0.01340	0.01440	0.01129	0.01509	0.02861	0.00923	0.59077	0.07679	0.07877	0.07704	0.01545	0.01290	0.00667	0.00529	0.00158	0.00533	0.00518	0.00529	0.00844
15	0.01861	0.01047	0.01236	0.00998	0.01356	0.01070	0.00808	0.18529	0.22090	0.36302	0.05768	0.01885	0.03230	0.00693	0.00531	0.00165	0.00449	0.00563	0.00580	0.00840
16	0.01310	0.01316	0.02081	0.09367	0.61633	0.07168	0.06314	0.01617	0.01199	0.01636	0.00967	0.01278	0.00800	0.00473	0.00519	0.00156	0.00666	0.00464	0.00257	0.00780
17	0.00686	0.00519	0.00739	0.03621	0.00934	0.00491	0.03021	0.00815	0.01053	0.01421	0.09844	0.66730	0.03339	0.01471	0.00647	0.00201	0.00332	0.01338	0.00472	0.02324
18	0.01139	0.01139	0.01595	0.01367	0.01367	0.01595	0.01139	0.01253	0.00798	0.01253	0.00684	0.01139	0.00684	0.00911	0.01709	0.00228	0.80745	0.00456	0.00228	0.00570
19	0.01086	0.00945	0.01160	0.00829	0.01294	0.00719	0.03680	0.01326	0.01086	0.01696	0.00931	0.01093	0.00772	0.00388	0.00395	0.00081	0.00406	0.00321	0.00307	0.81486
20	0.01980	0.01459	0.01563	0.01198	0.01615	0.01615	0.00990	0.76713	0.02448	0.03282	0.01250	0.01250	0.00886	0.00625	0.00521	0.00156	0.00573	0.00469	0.00521	0.00886
21	0.00733	0.00531	0.00709	0.00793	0.00886	0.00507	0.00622	0.00913	0.01174	0.01558	0.16036	0.32404	0.08654	0.01434	0.00674	0.00212	0.00361	0.30843	0.00497	0.00459
22	0.01353	0.00995	0.01184	0.05926	0.01434	0.00883	0.00741	0.14731	0.01370	0.09981	0.02704	0.01284	0.00941	0.00484	0.00437	0.00109	0.00437	0.00387	0.02782	0.51838

[dist]
# distance from previous block
# <min> <max>
0	3

[block]
# block no. 8 follows, 47 sequences, length 39
# corresponding to MSA columns:
# 834-872
name=unknown_I
#
# <colnr> <probs for GDERKNQSTAVLIFYWHMCP>
#	G	D	E	R	K	N	Q	S	T	A	V	L	I	F	Y	W	H	M	C	P
0	0.49548	0.01107	0.01063	0.05620	0.04522	0.03814	0.00778	0.05474	0.11378	0.02138	0.00967	0.01098	0.00756	0.00556	0.00499	0.00166	0.06954	0.00368	0.00343	0.02850
1	0.00715	0.00550	0.00781	0.05666	0.07032	0.00537	0.00621	0.00842	0.01031	0.01381	0.05710	0.62596	0.04955	0.04114	0.00707	0.00212	0.00354	0.01284	0.00449	0.00464
2	0.00662	0.00479	0.00603	0.00681	0.00731	0.00451	0.00457	0.00754	0.00997	0.01313	0.05379	0.52941	0.12620	0.14356	0.03572	0.00273	0.00367	0.02498	0.00453	0.00413
3	0.01147	0.01093	0.01858	0.38959	0.43792	0.01200	0.01528	0.01474	0.01119	0.01530	0.00955	0.01335	0.00764	0.00490	0.00518	0.00163	0.00654	0.00463	0.00246	0.00711
4	0.01349	0.01145	0.01208	0.01071	0.01375	0.01320	0.00837	0.08587	0.71602	0.02265	0.02051	0.01888	0.01534	0.00700	0.00529	0.00175	0.00425	0.00579	0.00529	0.00829
5	0.02236	0.00965	0.01231	0.00959	0.01353	0.02344	0.00787	0.06730	0.06862	0.67719	0.01990	0.01739	0.01276	0.00646	0.00523	0.00161	0.00458	0.00522	0.00622	0.00877
6	0.01336	0.00935	0.01111	0.00814	0.01255	0.00749	0.00657	0.05687	0.01232	0.15369	0.01284	0.01339	0.03390	0.00475	0.00425	0.00100	0.00402	0.00381	0.00385	0.62673
7	0.00647	0.00529	0.00571	0.00561	0.00723	0.00453	0.00420	0.00808	0.01261	0.01583	0.24133	0.04722	0.59271	0.01253	0.00615	0.00173	0.00259	0.01058	0.00507	0.00453
8	0.01067	0.00699	0.00854	0.07696	0.05414	0.00760	0.00646	0.08412	0.01199	0.01906	0.01630	0.07351	0.02704	0.00697	0.00513	0.00145	0.05531	0.00559	0.51666	0.00551
9	0.01181	0.02441	0.66910	0.01472	0.02192	0.01173	0.06247	0.01737	0.01145	0.09166	0.01051	0.01183	0.00729	0.00506	0.00505	0.00165	0.00744	0.00412	0.00264	0.00777
10	0.01406	0.00693	0.00919	0.00777	0.01019	0.00626	0.00613	0.01668	0.03570	0.33465	0.44958	0.02971	0.03340	0.00883	0.00575	0.00163	0.00331	0.00761	0.00601	0.00662
11	0.01139	0.06876	0.06021	0.10749	0.01690	0.04035	0.02682	0.01323	0.00895	0.01289	0.00780	0.01195	0.00719	0.00953	0.05669	0.00239	0.52480	0.00445	0.00232	0.00587
12	0.00685	0.00514	0.00691	0.02243	0.00841	0.00524	0.00538	0.00780	0.00981	0.01322	0.04132	0.68563	0.03147	0.05799	0.00839	0.00227	0.05947	0.01341	0.00454	0.00432
13	0.01379	0.66928	0.07924	0.00988	0.01417	0.05969	0.00986	0.01572	0.01065	0.01259	0.00740	0.00880	0.00669	0.00485	0.00445	0.00124	0.05979	0.00301	0.00225	0.00665
14	0.00654	0.00466	0.00621	0.00726	0.00760	0.00446	0.00490	0.00748	0.00976	0.01306	0.02698	0.69541	0.03204	0.07356	0.05261	0.00268	0.00382	0.03217	0.00460	0.00419
15	0.00737	0.00532	0.00696	0.00655	0.00778	0.00491	0.00491	0.00983	0.01474	0.02088	0.78175	0.03890	0.04914	0.01065	0.00614	0.00164	0.00246	0.00942	0.00573	0.00491
16	0.04487	0.00981	0.01638	0.65376	0.12920	0.01172	0.03387	0.01381	0.01058	0.01427	0.00928	0.01354	0.00708	0.00510	0.00514	0.00171	0.00678	0.00460	0.00239	0.00612
17	0.00790	0.00544	0.00713	0.00664	0.00796	0.00500	0.00500	0.01034	0.01475	0.04614	0.75669	0.03820	0.04794	0.01051	0.00611	0.00164	0.00252	0.00928	0.00576	0.00504
18	0.01551	0.01160	0.01463	0.23046	0.08206	0.03397	0.01090	0.22166	0.15537	0.13330	0.01479	0.01556	0.02446	0.00612	0.00523	0.00165	0.00566	0.00505	0.00432	0.00769
19	0.01669	0.01305	0.01388	0.01135	0.01497	0.01470	0.00915	0.43190	0.36477	0.02782	0.01644	0.01564	0.01205	0.00662	0.00525	0.00166	0.00500	0.00523	0.00525	0.00858
20	0.85377	0.01007	0.00765	0.00685	0.01007	0.01168	0.00564	0.01531	0.00886	0.02336	0.00725	0.00846	0.00564	0.00483	0.00322	0.00161	0.00403	0.00282	0.00322	0.00564
21	0.01197	0.01279	0.03962	0.14688	0.29505	0.01245	0.35545	0.01573	0.01178	0.01621	0.01039	0.02840	0.00834	0.00484	0.00564	0.00168	0.00745	0.00549	0.00260	0.00722
22	0.00694	0.00525	0.00641	0.00624	0.00755	0.00471	0.00464	0.00896	0.01355	0.01835	0.51531	0.10273	0.25669	0.01181	0.00619	0.00171	0.00255	0.01029	0.00541	0.00471
23	0.00744	0.00558	0.00837	0.00837	0.00930	0.00651	0.00651	0.00930	0.00837	0.01209	0.01395	0.02046	0.01302	0.03906	0.79635	0.00837	0.01395	0.00558	0.00279	0.00465
24	0.01134	0.01079	0.01834	0.42402	0.40455	0.01197	0.01521	0.01462	0.01112	0.01513	0.00952	0.01339	0.00759	0.00493	0.00518	0.00164	0.00657	0.00463	0.00244	0.00700
25	0.00634	0.00453	0.00604	0.00725	0.00755	0.00423	0.00483	0.00725	0.00997	0.01329	0.02870	0.81358	0.03444	0.01632	0.00665	0.00211	0.00302	0.01480	0.00483	0.00423
26	0.01043	0.01000	0.01692	0.61387	0.12139	0.01211	0.04523	0.01369	0.01045	0.01381	0.00916	0.01356	0.00713	0.00544	0.00626	0.00176	0.07564	0.00469	0.00236	0.00612
27	0.01659	0.01691	0.01439	0.12831	0.01840	0.31256	0.01024	0.19732	0.19569	0.01969	0.01238	0.01315	0.00942	0.00595	0.00503	0.00155	0.00693	0.00445	0.00384	0.00719
28	0.01123	0.00924	0.01084	0.00777	0.01237	0.00697	0.00622	0.01353	0.01094	0.04345	0.00964	0.01104	0.00789	0.00395	0.00390	0.00080	0.00388	0.00316	0.00320	0.81997
29	0.01905	0.01439	0.01515	0.01217	0.03583	0.04570	0.00972	0.67677	0.02303	0.03089	0.01251	0.01277	0.00900	0.00616	0.00510	0.00153	0.00570	0.00464	0.05136	0.00851
30	0.01609	0.00958	0.01290	0.17186	0.05368	0.00967	0.00929	0.10924	0.06706	0.29966	0.06077	0.04334	0.02783	0.00659	0.00522	0.00159	0.00492	0.00554	0.00478	0.08039
31	0.02875	0.01160	0.01969	0.22078	0.45791	0.01213	0.07727	0.04088	0.01205	0.05392	0.01028	0.01337	0.00809	0.00490	0.00522	0.00162	0.00645	0.00476	0.00280	0.00754
32	0.00839	0.00697	0.01019	0.00964	0.01035	0.00877	0.00768	0.01007	0.00827	0.01220	0.01224	0.01828	0.01154	0.03188	0.60946	0.00691	0.20425	0.00533	0.00267	0.00490
33	0.00652	0.00468	0.00620	0.00723	0.00768	0.00437	0.00495	0.00764	0.01056	0.01414	0.10310	0.69283	0.05219	0.01562	0.00661	0.00207	0.00302	0.04136	0.00492	0.00432
34	0.02198	0.01001	0.03686	0.00973	0.01381	0.00878	0.00822	0.07942	0.06752	0.65616	0.01965	0.01725	0.01260	0.00643	0.00523	0.00162	0.00461	0.00520	0.00614	0.00878
35	0.01822	0.01359	0.01463	0.01146	0.01530	0.01503	0.00938	0.63799	0.10112	0.03085	0.06721	0.01506	0.01240	0.00664	0.00528	0.00159	0.00534	0.00514	0.00526	0.00852
36	0.00757	0.00499	0.00675	0.00752	0.00820	0.00473	0.00532	0.00881	0.01061	0.05762	0.08313	0.61314	0.03257	0.01682	0.06181	0.00250	0.00392	0.05454	0.00485	0.00460
37	0.06517	0.01338	0.01461	0.01130	0.01532	0.01446	0.02564	0.58711	0.04661	0.02942	0.01265	0.03764	0.00959	0.00624	0.00504	0.00152	0.00538	0.00482	0.00483	0.08925
38	0.07351	0.01234	0.01195	0.01087	0.04450	0.11899	0.00816	0.16324	0.23941	0.07201	0.11756	0.01970	0.05558	0.00714	0.00517	0.00161	0.00493	0.00571	0.02040	0.00722

[dist]
# distance from previous block
# <min> <max>
4	9

[block]
# block no. 9 follows, 47 sequences, length 14
# corresponding to MSA columns:
# 882-895
name=unknown_J
#
# <colnr> <probs for GDERKNQSTAVLIFYWHMCP>
#	G	D	E	R	K	N	Q	S	T	A	V	L	I	F	Y	W	H	M	C	P
0	0.07988	0.62438	0.02387	0.01021	0.04741	0.06439	0.00908	0.01563	0.01060	0.01337	0.00754	0.00902	0.00682	0.00552	0.02211	0.00140	0.03684	0.00304	0.00236	0.00655
1	0.00871	0.00456	0.00666	0.00675	0.00686	0.00449	0.00452	0.00685	0.00726	0.00960	0.01253	0.07997	0.04536	0.01773	0.01865	0.74447	0.00432	0.00562	0.00258	0.00251
2	0.64901	0.06619	0.02860	0.07228	0.01301	0.01228	0.00712	0.03953	0.00989	0.05128	0.00814	0.00944	0.00622	0.00495	0.00357	0.00159	0.00453	0.00314	0.00324	0.00600
3	0.00747	0.00504	0.00584	0.00592	0.00602	0.00503	0.00346	0.00770	0.00808	0.01085	0.04963	0.09132	0.02117	0.69978	0.04799	0.00479	0.00506	0.00812	0.00338	0.00336
4	0.01080	0.00926	0.01080	0.00771	0.01234	0.00694	0.00617	0.01311	0.01080	0.01697	0.00926	0.01080	0.00771	0.00386	0.00386	0.00077	0.00386	0.00309	0.00309	0.84882
5	0.01351	0.26827	0.16258	0.01500	0.06057	0.05853	0.21763	0.01676	0.01174	0.07546	0.01070	0.04726	0.00881	0.00527	0.00487	0.00151	0.00688	0.00475	0.00283	0.00707
6	0.00669	0.00495	0.00624	0.00709	0.00784	0.00458	0.00510	0.00791	0.01068	0.01384	0.05192	0.48355	0.19183	0.05259	0.00754	0.00221	0.00329	0.12307	0.00477	0.00432
7	0.08198	0.01224	0.01271	0.01038	0.01361	0.04768	0.00838	0.45944	0.03586	0.02623	0.03260	0.05413	0.01163	0.01052	0.09780	0.00235	0.00627	0.00521	0.04383	0.02714
8	0.01189	0.04971	0.01015	0.00824	0.01080	0.02008	0.00653	0.06164	0.15611	0.12804	0.13983	0.09089	0.18261	0.00943	0.00558	0.00166	0.00378	0.03912	0.00503	0.05888
9	0.03784	0.08921	0.05083	0.06783	0.08149	0.32250	0.01050	0.08485	0.05488	0.09378	0.01124	0.03097	0.00894	0.00658	0.02506	0.00165	0.00726	0.00428	0.00339	0.00690
10	0.06250	0.03038	0.05059	0.16309	0.11727	0.02388	0.06389	0.04653	0.04197	0.07696	0.01408	0.02834	0.06143	0.00686	0.00623	0.07088	0.00549	0.00502	0.01536	0.10926
11	0.05198	0.09879	0.20001	0.01442	0.07392	0.08603	0.13796	0.03445	0.02868	0.05062	0.01240	0.07547	0.02664	0.00602	0.00519	0.00156	0.01903	0.00519	0.00306	0.06860
12	0.05221	0.13362	0.04784	0.02978	0.01307	0.13479	0.00824	0.11800	0.01353	0.04407	0.03569	0.02311	0.20788	0.00884	0.02865	0.00176	0.03952	0.02950	0.00376	0.02614
13	0.01154	0.02643	0.03191	0.01250	0.03367	0.08872	0.16115	0.04060	0.13822	0.01680	0.04938	0.13871	0.06978	0.02104	0.00650	0.00173	0.04944	0.00708	0.01950	0.07528

[dist]
# distance from previous block
# <min> <max>
24	90

[block]
# block no. 10 follows, 47 sequences, length 33
# corresponding to MSA columns:
# 990-1022
name=unknown_K
#
# <colnr> <probs for GDERKNQSTAVLIFYWHMCP>
#	G	D	E	R	K	N	Q	S	T	A	V	L	I	F	Y	W	H	M	C	P
0	0.03571	0.05640	0.04525	0.26576	0.23568	0.02702	0.06997	0.01459	0.02448	0.03269	0.02897	0.01733	0.08977	0.00589	0.00517	0.00161	0.00606	0.00529	0.00293	0.02943
1	0.10747	0.12248	0.01555	0.02877	0.12196	0.05454	0.02961	0.20922	0.05842	0.02057	0.01700	0.01760	0.12782	0.00663	0.00508	0.00154	0.02095	0.00519	0.00379	0.02582
2	0.02967	0.01085	0.01337	0.03898	0.07545	0.10006	0.06982	0.02687	0.03854	0.01550	0.01191	0.04457	0.01057	0.03726	0.10332	0.00253	0.15655	0.00508	0.12611	0.08300
3	0.05707	0.01030	0.06296	0.04072	0.06330	0.00925	0.07630	0.05213	0.10000	0.19881	0.17685	0.05436	0.04380	0.00743	0.00544	0.00166	0.00470	0.00650	0.00475	0.02368
4	0.00744	0.00558	0.00837	0.00837	0.00930	0.00651	0.00651	0.00930	0.00837	0.01209	0.01395	0.02046	0.01302	0.03906	0.79635	0.00837	0.01395	0.00558	0.00279	0.00465
5	0.00978	0.00915	0.01526	0.71044	0.07259	0.01114	0.01386	0.01312	0.01068	0.01376	0.03510	0.01594	0.03658	0.00564	0.00527	0.00172	0.00661	0.00501	0.00253	0.00583
6	0.01392	0.82012	0.02729	0.00891	0.01337	0.02061	0.00891	0.01559	0.01058	0.01225	0.00724	0.00835	0.00668	0.00446	0.00334	0.00111	0.00557	0.00278	0.00223	0.00668
7	0.00983	0.00926	0.01562	0.80447	0.03587	0.01157	0.01446	0.01331	0.01041	0.01331	0.00926	0.01388	0.00694	0.00521	0.00521	0.00174	0.00694	0.00463	0.00231	0.00579
8	0.02336	0.00886	0.01209	0.00927	0.01329	0.00765	0.00765	0.02538	0.01491	0.78810	0.02055	0.01773	0.01289	0.00645	0.00524	0.00161	0.00443	0.00524	0.00645	0.00886
9	0.02336	0.00886	0.01209	0.00927	0.01329	0.00765	0.00765	0.02538	0.01491	0.78810	0.02055	0.01773	0.01289	0.00645	0.00524	0.00161	0.00443	0.00524	0.00645	0.00886
10	0.01131	0.05427	0.69454	0.01460	0.02190	0.01221	0.04546	0.01693	0.01123	0.05618	0.00989	0.01136	0.00697	0.00499	0.00495	0.00163	0.00749	0.00397	0.00244	0.00770
11	0.00983	0.00926	0.01562	0.80447	0.03587	0.01157	0.01446	0.01331	0.01041	0.01331	0.00926	0.01388	0.00694	0.00521	0.00521	0.00174	0.00694	0.00463	0.00231	0.00579
12	0.00983	0.00926	0.01562	0.80447	0.03587	0.01157	0.01446	0.01331	0.01041	0.01331	0.00926	0.01388	0.00694	0.00521	0.00521	0.00174	0.00694	0.00463	0.00231	0.00579
13	0.01575	0.01132	0.01175	0.01123	0.06842	0.13923	0.00822	0.03522	0.10856	0.25087	0.03670	0.02379	0.11081	0.02590	0.00628	0.00174	0.03454	0.06016	0.03256	0.00696
14	0.00638	0.00455	0.00603	0.00720	0.00750	0.00426	0.00478	0.00726	0.00990	0.01320	0.02832	0.78949	0.03396	0.04107	0.00726	0.00221	0.00308	0.01458	0.00478	0.00420
15	0.01106	0.01090	0.01538	0.03618	0.01399	0.01512	0.01112	0.01232	0.00808	0.01252	0.00743	0.01214	0.00730	0.01122	0.07444	0.00271	0.72552	0.00464	0.00232	0.00562
16	0.67759	0.01070	0.00928	0.13299	0.01445	0.05216	0.00726	0.01528	0.00941	0.02123	0.00761	0.00936	0.00590	0.00492	0.00361	0.00162	0.00476	0.00313	0.00305	0.00568
17	0.78882	0.01042	0.00828	0.00725	0.01054	0.01203	0.00597	0.07386	0.01008	0.02410	0.00766	0.00877	0.00589	0.00494	0.00338	0.00161	0.00416	0.00297	0.00338	0.00589
18	0.00732	0.00510	0.00608	0.00619	0.00651	0.00513	0.00388	0.00779	0.00829	0.01104	0.02034	0.10596	0.08588	0.55607	0.13820	0.00499	0.00598	0.00824	0.00340	0.00359
19	0.85377	0.01007	0.00765	0.00685	0.01007	0.01168	0.00564	0.01531	0.00886	0.02336	0.00725	0.00846	0.00564	0.00483	0.00322	0.00161	0.00403	0.00282	0.00322	0.00564
20	0.00769	0.00564	0.00692	0.00665	0.00809	0.00523	0.00504	0.01035	0.04748	0.03560	0.50503	0.07521	0.21025	0.01136	0.00615	0.00172	0.00273	0.03841	0.00545	0.00500
21	0.81697	0.01002	0.00785	0.00696	0.01021	0.01150	0.00573	0.01575	0.00913	0.05726	0.00784	0.00887	0.00596	0.00491	0.00331	0.00161	0.00405	0.00293	0.00337	0.00578
22	0.01080	0.00926	0.01080	0.00771	0.01234	0.00694	0.00617	0.01311	0.01080	0.01697	0.00926	0.01080	0.00771	0.00386	0.00386	0.00077	0.00386	0.00309	0.00309	0.84882
23	0.85377	0.01007	0.00765	0.00685	0.01007	0.01168	0.00564	0.01531	0.00886	0.02336	0.00725	0.00846	0.00564	0.00483	0.00322	0.00161	0.00403	0.00282	0.00322	0.00564
24	0.01220	0.01439	0.05572	0.02144	0.02661	0.01323	0.71560	0.01654	0.01211	0.01654	0.01037	0.01386	0.00782	0.00456	0.00647	0.00177	0.03514	0.00602	0.00261	0.00700
25	0.01278	0.01226	0.02094	0.06030	0.75704	0.01234	0.01593	0.01588	0.01180	0.01688	0.00978	0.01293	0.00820	0.00466	0.00516	0.00155	0.00621	0.00464	0.00257	0.00816
26	0.11257	0.04285	0.03251	0.06090	0.03350	0.28794	0.10811	0.10555	0.03101	0.01759	0.03691	0.06396	0.03192	0.00634	0.00500	0.00156	0.00694	0.00510	0.00334	0.00640
27	0.01464	0.01037	0.01165	0.00979	0.01259	0.01111	0.00774	0.36715	0.10228	0.07123	0.14377	0.15788	0.02108	0.00883	0.00559	0.00169	0.00439	0.00740	0.02356	0.00724
