[name]
unknown

[dist]
# distance from previous block
# <min> <max>
4	63

[block]
# block no. 0 follows, 44 sequences, length 16
# corresponding to MSA columns:
# 94-109
name=unknown_A
#
# <colnr> <probs for GDERKNQSTAVLIFYWHMCP>
#	G	D	E	R	K	N	Q	S	T	A	V	L	I	F	Y	W	H	M	C	P
0	0.01455	0.01048	0.01304	0.05739	0.01536	0.01011	0.03395	0.10147	0.14131	0.13895	0.02622	0.01709	0.01212	0.04381	0.00637	0.00160	0.02216	0.01942	0.00442	0.31016
1	0.01097	0.00991	0.07098	0.00871	0.01177	0.00818	0.00733	0.09649	0.05301	0.01945	0.14969	0.04486	0.02045	0.13061	0.00870	0.00204	0.00447	0.04672	0.05135	0.24432
2	0.01326	0.00971	0.01283	0.04266	0.07474	0.00829	0.02991	0.04611	0.01255	0.12855	0.01394	0.10283	0.01210	0.00615	0.00487	0.00127	0.00458	0.00531	0.00395	0.46638
3	0.01533	0.01212	0.01465	0.01332	0.06802	0.01350	0.04195	0.15827	0.41079	0.08253	0.05201	0.01861	0.01517	0.00718	0.00628	0.00180	0.04900	0.00589	0.00515	0.00844
4	0.00890	0.00684	0.02398	0.04323	0.01056	0.00641	0.00632	0.05212	0.04623	0.04253	0.29158	0.31812	0.09685	0.01261	0.00643	0.00191	0.00346	0.01115	0.00531	0.00545
5	0.01286	0.01100	0.01690	0.37836	0.08654	0.01263	0.06446	0.08932	0.07473	0.06000	0.04478	0.01587	0.01069	0.00624	0.00658	0.00180	0.07267	0.00528	0.00343	0.02585
6	0.01318	0.01050	0.01147	0.01016	0.01321	0.01147	0.00795	0.02476	0.54624	0.07029	0.08248	0.02360	0.05287	0.00787	0.00559	0.00176	0.00412	0.02440	0.00545	0.07263
7	0.00791	0.00591	0.00738	0.00695	0.00840	0.00556	0.00523	0.01107	0.05721	0.02114	0.65127	0.04086	0.12811	0.01123	0.00638	0.00174	0.00269	0.00983	0.00587	0.00528
8	0.01616	0.01280	0.01437	0.01321	0.07545	0.01427	0.00975	0.28533	0.39849	0.04468	0.04396	0.01789	0.01452	0.00701	0.00553	0.00175	0.00503	0.00573	0.00533	0.00875
9	0.00652	0.00553	0.00563	0.00560	0.00741	0.00463	0.00420	0.00797	0.01260	0.01514	0.09679	0.05179	0.73037	0.01365	0.00644	0.00183	0.00275	0.01141	0.00512	0.00463
10	0.01640	0.01271	0.01404	0.01049	0.01508	0.01248	0.00857	0.41521	0.01905	0.02674	0.01153	0.01227	0.00872	0.00539	0.00480	0.00126	0.00510	0.00414	0.00443	0.39160
11	0.00783	0.00567	0.00790	0.00790	0.00858	0.00635	0.00574	0.00918	0.00851	0.01202	0.01539	0.02577	0.01552	0.27516	0.55511	0.00770	0.01176	0.00648	0.00304	0.00439
12	0.01855	0.01287	0.01425	0.01121	0.01511	0.01373	0.00908	0.45724	0.11243	0.12285	0.01524	0.01592	0.01127	0.04952	0.02679	0.00198	0.00565	0.00518	0.00527	0.07587
13	0.01228	0.28123	0.29490	0.01406	0.01956	0.01542	0.14624	0.01621	0.01175	0.01597	0.06978	0.01352	0.01074	0.00562	0.00565	0.00160	0.05095	0.00460	0.00269	0.00723
14	0.00663	0.00479	0.00628	0.00746	0.00787	0.00444	0.00500	0.00761	0.01056	0.01397	0.03164	0.75718	0.08270	0.01687	0.00693	0.00219	0.00314	0.01525	0.00506	0.00444
15	0.03137	0.01162	0.02021	0.05269	0.44473	0.01151	0.13860	0.01566	0.02505	0.03567	0.01520	0.11413	0.04536	0.00684	0.00577	0.00175	0.00626	0.00673	0.00326	0.00758

[dist]
# distance from previous block
# <min> <max>
0	7

[block]
# block no. 1 follows, 44 sequences, length 122
# corresponding to MSA columns:
# 117-238
name=unknown_B
#
# <colnr> <probs for GDERKNQSTAVLIFYWHMCP>
#	G	D	E	R	K	N	Q	S	T	A	V	L	I	F	Y	W	H	M	C	P
0	0.01311	0.01365	0.08943	0.21428	0.40704	0.01293	0.01549	0.08795	0.03307	0.01855	0.01064	0.01363	0.00840	0.00524	0.00536	0.00166	0.00663	0.00476	0.00295	0.03524
1	0.06799	0.27314	0.05047	0.01273	0.05693	0.29858	0.01031	0.08863	0.03867	0.01678	0.00944	0.01067	0.00777	0.00539	0.00444	0.00140	0.00719	0.00365	0.02880	0.00702
2	0.01490	0.00903	0.01284	0.16067	0.10480	0.00916	0.00954	0.03161	0.05701	0.26778	0.07373	0.05527	0.08921	0.05694	0.00728	0.00198	0.01951	0.00676	0.00479	0.00718
3	0.01472	0.79189	0.02824	0.00945	0.01406	0.04084	0.00936	0.01646	0.01119	0.01284	0.00760	0.00877	0.00700	0.00469	0.00353	0.00117	0.00593	0.00293	0.00234	0.00698
4	0.00664	0.00477	0.00630	0.00752	0.00789	0.00443	0.00503	0.00760	0.01050	0.01394	0.03087	0.78026	0.06012	0.01697	0.00694	0.00220	0.00315	0.01537	0.00506	0.00443
5	0.09956	0.01482	0.01556	0.01203	0.01630	0.01646	0.00994	0.68559	0.02407	0.03341	0.01256	0.01269	0.00895	0.00640	0.00526	0.00164	0.00583	0.00472	0.00526	0.00895
6	0.11123	0.06929	0.04863	0.02274	0.01263	0.00928	0.00825	0.03258	0.06801	0.17260	0.02142	0.18808	0.02070	0.01043	0.00586	0.00197	0.00468	0.18022	0.00486	0.00654
7	0.01314	0.01426	0.08354	0.10505	0.57769	0.03392	0.04061	0.01696	0.03033	0.01737	0.01042	0.01354	0.00850	0.00501	0.00541	0.00165	0.00681	0.00483	0.00271	0.00823
8	0.00648	0.00548	0.00561	0.00568	0.00741	0.00460	0.00422	0.00786	0.01237	0.01484	0.06954	0.09834	0.71109	0.01395	0.00647	0.00186	0.00278	0.01171	0.00508	0.00460
9	0.01093	0.02820	0.78016	0.01554	0.02360	0.01266	0.02014	0.01727	0.01151	0.01727	0.00978	0.01151	0.00691	0.00518	0.00518	0.00173	0.00806	0.00403	0.00230	0.00806
10	0.01264	0.03791	0.50913	0.04197	0.02404	0.01263	0.17697	0.01804	0.01215	0.08699	0.01108	0.01289	0.00782	0.00520	0.00545	0.00174	0.00792	0.00469	0.00281	0.00793
11	0.84691	0.01054	0.00801	0.00717	0.01054	0.01223	0.00590	0.01603	0.00928	0.02446	0.00759	0.00886	0.00590	0.00506	0.00337	0.00169	0.00422	0.00295	0.00337	0.00590
12	0.00765	0.00517	0.00603	0.00630	0.00637	0.00510	0.00368	0.00786	0.00847	0.01129	0.01994	0.20085	0.02331	0.63847	0.02328	0.00463	0.00483	0.00955	0.00368	0.00354
13	0.84691	0.01054	0.00801	0.00717	0.01054	0.01223	0.00590	0.01603	0.00928	0.02446	0.00759	0.00886	0.00590	0.00506	0.00337	0.00169	0.00422	0.00295	0.00337	0.00590
14	0.01135	0.00973	0.01133	0.00814	0.01295	0.00740	0.00650	0.01404	0.02687	0.01787	0.00995	0.01149	0.00825	0.00411	0.00407	0.00083	0.00404	0.00329	0.00328	0.82451
15	0.03879	0.09212	0.01704	0.01408	0.03364	0.59339	0.02682	0.03988	0.01458	0.01430	0.00847	0.01013	0.00713	0.00578	0.00571	0.00148	0.06369	0.00366	0.00282	0.00650
16	0.77810	0.01094	0.00871	0.00762	0.01107	0.01262	0.00628	0.07768	0.01064	0.02528	0.00805	0.00921	0.00618	0.00518	0.00355	0.00168	0.00437	0.00312	0.00355	0.00618
17	0.00664	0.00474	0.00633	0.00759	0.00791	0.00443	0.00506	0.00759	0.01044	0.01392	0.03005	0.80485	0.03606	0.01708	0.00696	0.00221	0.00316	0.01550	0.00506	0.00443
18	0.84691	0.01054	0.00801	0.00717	0.01054	0.01223	0.00590	0.01603	0.00928	0.02446	0.00759	0.00886	0.00590	0.00506	0.00337	0.00169	0.00422	0.00295	0.00337	0.00590
19	0.00644	0.00552	0.00552	0.00552	0.00736	0.00460	0.00414	0.00782	0.01243	0.01473	0.05523	0.05247	0.77218	0.01381	0.00644	0.00184	0.00276	0.01151	0.00506	0.00460
20	0.00664	0.00507	0.00610	0.00681	0.00773	0.00453	0.00474	0.00784	0.01146	0.01469	0.08454	0.48851	0.30066	0.01554	0.00674	0.00205	0.00298	0.01372	0.00512	0.00453
21	0.02061	0.01448	0.01575	0.01218	0.01645	0.01585	0.01003	0.64054	0.07236	0.10370	0.01447	0.01407	0.01014	0.00662	0.00546	0.00165	0.00576	0.00504	0.00558	0.00923
22	0.00694	0.00554	0.00622	0.00605	0.00767	0.00482	0.00454	0.00879	0.01361	0.01753	0.33649	0.04786	0.48917	0.01276	0.00644	0.00179	0.00269	0.01086	0.00543	0.00482
23	0.01880	0.01339	0.01545	0.01384	0.08922	0.01453	0.01025	0.41177	0.20089	0.12962	0.01613	0.01561	0.01155	0.00661	0.00547	0.00169	0.00546	0.00528	0.00538	0.00906
24	0.09947	0.54660	0.18472	0.01094	0.03230	0.01854	0.01142	0.01650	0.01101	0.01507	0.00810	0.00944	0.00690	0.00482	0.00388	0.00135	0.00615	0.00320	0.00244	0.00714
25	0.00768	0.00557	0.00724	0.00682	0.00812	0.00513	0.00512	0.01022	0.01535	0.02167	0.75260	0.04103	0.07048	0.01122	0.00643	0.00172	0.00258	0.00990	0.00598	0.00513
26	0.01130	0.00969	0.01130	0.00807	0.01292	0.00727	0.00646	0.01373	0.01130	0.01776	0.00969	0.01130	0.00807	0.00404	0.00404	0.00081	0.00404	0.00323	0.00323	0.84173
27	0.65388	0.04722	0.10795	0.00994	0.05919	0.01273	0.00853	0.01624	0.00983	0.02264	0.00803	0.00947	0.00625	0.00505	0.00373	0.00167	0.00491	0.00320	0.00315	0.00639
28	0.00786	0.00554	0.00722	0.00722	0.00767	0.00598	0.00490	0.00875	0.00831	0.01152	0.01601	0.02920	0.01701	0.45982	0.37249	0.00686	0.00952	0.00698	0.00313	0.00401
29	0.01652	0.01284	0.01409	0.01072	0.01515	0.01295	0.00873	0.41125	0.08327	0.02705	0.01257	0.01303	0.00944	0.00566	0.00492	0.00134	0.00511	0.00438	0.00461	0.32636
30	0.01351	0.05435	0.11198	0.01038	0.01364	0.01076	0.00917	0.22487	0.05188	0.08285	0.10614	0.24544	0.02215	0.00990	0.00587	0.00181	0.00485	0.00843	0.00494	0.00709
31	0.00693	0.00474	0.00641	0.00754	0.00782	0.00446	0.00503	0.00754	0.01009	0.01346	0.02793	0.72370	0.03332	0.01727	0.00844	0.08859	0.00332	0.01439	0.00478	0.00422
32	0.01030	0.00969	0.01635	0.79530	0.03755	0.01211	0.01514	0.01393	0.01090	0.01393	0.00969	0.01453	0.00727	0.00545	0.00545	0.00182	0.00727	0.00484	0.00242	0.00606
33	0.01268	0.01273	0.02381	0.27017	0.20606	0.01325	0.30052	0.06147	0.01292	0.01746	0.01055	0.01427	0.00810	0.00505	0.00582	0.00177	0.00775	0.00546	0.00280	0.00736
34	0.01871	0.03957	0.01568	0.08245	0.03573	0.54344	0.01080	0.06843	0.08368	0.03602	0.01046	0.01170	0.00827	0.00582	0.00505	0.00150	0.00855	0.00403	0.00328	0.00684
35	0.00664	0.00474	0.00633	0.00759	0.00791	0.00443	0.00506	0.00759	0.01044	0.01392	0.03005	0.80485	0.03606	0.01708	0.00696	0.00221	0.00316	0.01550	0.00506	0.00443
36	0.00664	0.00474	0.00633	0.00759	0.00791	0.00443	0.00506	0.00759	0.01044	0.01392	0.03005	0.80485	0.03606	0.01708	0.00696	0.00221	0.00316	0.01550	0.00506	0.00443
37	0.01220	0.03587	0.01841	0.20044	0.02187	0.05542	0.13098	0.03098	0.01091	0.01508	0.00957	0.03118	0.00828	0.00695	0.00988	0.00189	0.29243	0.00505	0.01959	0.08303
38	0.00667	0.00476	0.00632	0.00756	0.00787	0.00445	0.00502	0.00760	0.01039	0.01385	0.02978	0.78878	0.03572	0.03361	0.00739	0.00228	0.00321	0.01534	0.00502	0.00440
39	0.10796	0.01128	0.01333	0.01033	0.01450	0.01122	0.00853	0.25297	0.01808	0.46869	0.01745	0.01585	0.01140	0.00651	0.00526	0.00167	0.00502	0.00504	0.00600	0.00893
40	0.01285	0.01062	0.01213	0.00885	0.01358	0.00894	0.00713	0.13207	0.03029	0.02051	0.01051	0.01179	0.00846	0.00451	0.00430	0.00096	0.00436	0.00356	0.00363	0.69095
41	0.01078	0.01004	0.01662	0.68770	0.10217	0.01214	0.01490	0.03422	0.01147	0.01485	0.01088	0.01528	0.02508	0.00562	0.00547	0.00179	0.00706	0.00500	0.00259	0.00634
42	0.00695	0.00505	0.00654	0.00739	0.00805	0.00469	0.00517	0.00826	0.01148	0.01529	0.14599	0.55026	0.11117	0.03293	0.00731	0.00219	0.00319	0.05836	0.00516	0.00457
43	0.02446	0.00928	0.01265	0.00970	0.01392	0.00801	0.00801	0.02657	0.01560	0.77817	0.02151	0.01856	0.01350	0.00675	0.00548	0.00169	0.00464	0.00548	0.00675	0.00928
44	0.10218	0.01839	0.01533	0.03550	0.07917	0.34267	0.01052	0.19883	0.01665	0.08229	0.01068	0.01175	0.00813	0.00597	0.00552	0.00158	0.03949	0.00415	0.00379	0.00741
45	0.00664	0.00474	0.00633	0.00759	0.00791	0.00443	0.00506	0.00759	0.01044	0.01392	0.03005	0.80485	0.03606	0.01708	0.00696	0.00221	0.00316	0.01550	0.00506	0.00443
46	0.01251	0.01040	0.01195	0.00865	0.01343	0.00850	0.00696	0.10848	0.01313	0.01988	0.01012	0.01153	0.00823	0.00436	0.00422	0.00091	0.00429	0.00344	0.00351	0.73549
47	0.01175	0.11537	0.62547	0.01543	0.04998	0.03766	0.01830	0.01718	0.01154	0.01657	0.00945	0.01123	0.00699	0.00523	0.00530	0.00167	0.02676	0.00394	0.00234	0.00786
48	0.01268	0.32837	0.45072	0.01352	0.03702	0.03997	0.01562	0.01703	0.01149	0.01545	0.00891	0.01044	0.00698	0.00499	0.00453	0.00150	0.00722	0.00360	0.00234	0.00761
49	0.00938	0.00687	0.00884	0.00869	0.04568	0.00665	0.00620	0.05744	0.04862	0.03903	0.61732	0.03670	0.06643	0.01038	0.00626	0.00171	0.00310	0.00911	0.00578	0.00579
50	0.01331	0.01277	0.02180	0.07723	0.73207	0.01291	0.01664	0.01657	0.01233	0.01759	0.01022	0.01355	0.00856	0.00489	0.00540	0.00163	0.00652	0.00486	0.00268	0.00849
51	0.01245	0.02762	0.06528	0.15149	0.44848	0.03610	0.03929	0.01605	0.02866	0.01681	0.01314	0.01846	0.03346	0.00611	0.00558	0.00173	0.00661	0.06211	0.00294	0.00763
52	0.03443	0.10573	0.49989	0.01566	0.05079	0.01384	0.09060	0.06258	0.02899	0.01829	0.02403	0.01237	0.00826	0.00529	0.00514	0.00167	0.00747	0.00436	0.00273	0.00788
53	0.00670	0.00481	0.00627	0.00740	0.00778	0.00448	0.00493	0.00762	0.01041	0.01379	0.03066	0.72814	0.07223	0.05693	0.00798	0.00235	0.00325	0.01492	0.00497	0.00438
54	0.01074	0.02681	0.73276	0.01501	0.02265	0.01220	0.01922	0.01684	0.01175	0.01755	0.05649	0.01330	0.00964	0.00555	0.00526	0.00173	0.00772	0.00439	0.00253	0.00788
55	0.01458	0.81168	0.02857	0.00933	0.01399	0.02157	0.00933	0.01632	0.01108	0.01283	0.00758	0.00875	0.00700	0.00466	0.00350	0.00117	0.00583	0.00292	0.00233	0.00700
56	0.01249	0.00995	0.01171	0.00849	0.01318	0.00792	0.00683	0.04651	0.01211	0.06281	0.01048	0.01182	0.00842	0.00442	0.00446	0.00093	0.02028	0.00347	0.00351	0.74020
57	0.04059	0.24472	0.07264	0.03065	0.03029	0.14447	0.07938	0.04639	0.01230	0.06198	0.01014	0.01208	0.02161	0.00622	0.00729	0.00165	0.16345	0.00425	0.00294	0.00695
58	0.02056	0.01519	0.01627	0.01251	0.01684	0.01683	0.01032	0.73980	0.04232	0.03410	0.01329	0.01325	0.00944	0.00656	0.00546	0.00164	0.00596	0.00494	0.00546	0.00926
59	0.01061	0.00986	0.01635	0.77142	0.03692	0.01226	0.01499	0.03658	0.01135	0.01455	0.00979	0.01449	0.00733	0.00548	0.00545	0.00181	0.00723	0.00485	0.00251	0.00615
60	0.00780	0.00578	0.00845	0.00845	0.00932	0.00665	0.00643	0.00954	0.00867	0.01243	0.01489	0.02298	0.01431	0.12505	0.70357	0.00838	0.01358	0.00607	0.00296	0.00470
61	0.02042	0.02437	0.01559	0.01382	0.01686	0.67072	0.01051	0.13228	0.01698	0.01650	0.00913	0.01032	0.00736	0.00576	0.00500	0.00144	0.00925	0.00372	0.00321	0.00676
62	0.00788	0.00531	0.00600	0.00600	0.00608	0.00530	0.00341	0.00797	0.00809	0.01076	0.01836	0.03589	0.04426	0.76439	0.04490	0.00525	0.00542	0.00800	0.00335	0.00338
63	0.84691	0.01054	0.00801	0.00717	0.01054	0.01223	0.00590	0.01603	0.00928	0.02446	0.00759	0.00886	0.00590	0.00506	0.00337	0.00169	0.00422	0.00295	0.00337	0.00590
64	0.00947	0.00473	0.00710	0.00710	0.00710	0.00473	0.00473	0.00710	0.00710	0.00947	0.00947	0.01657	0.00947	0.01894	0.02131	0.84138	0.00473	0.00473	0.00237	0.00237
65	0.02072	0.01527	0.01636	0.01254	0.01691	0.01691	0.01036	0.75622	0.02563	0.03436	0.01309	0.01309	0.00927	0.00654	0.00545	0.00164	0.00600	0.00491	0.00545	0.00927
66	0.01193	0.01193	0.01670	0.01431	0.01431	0.01670	0.01193	0.01312	0.00835	0.01312	0.00716	0.01193	0.00716	0.00954	0.01789	0.00239	0.79843	0.00477	0.00239	0.00596
67	0.84691	0.01054	0.00801	0.00717	0.01054	0.01223	0.00590	0.01603	0.00928	0.02446	0.00759	0.00886	0.00590	0.00506	0.00337	0.00169	0.00422	0.00295	0.00337	0.00590
68	0.01392	0.01371	0.02140	0.03154	0.70292	0.06041	0.01608	0.01744	0.03735	0.01770	0.01054	0.01349	0.00880	0.00499	0.00537	0.00161	0.00661	0.00482	0.00280	0.00849
69	0.01093	0.02820	0.78016	0.01554	0.02360	0.01266	0.02014	0.01727	0.01151	0.01727	0.00978	0.01151	0.00691	0.00518	0.00518	0.00173	0.00806	0.00403	0.00230	0.00806
70	0.01306	0.01247	0.02150	0.03095	0.67246	0.01243	0.05285	0.01631	0.01245	0.01767	0.01187	0.01763	0.01055	0.00571	0.00563	0.00171	0.00649	0.06711	0.00290	0.00826
71	0.00664	0.00477	0.00630	0.00753	0.00789	0.00443	0.00503	0.00760	0.01050	0.01394	0.03079	0.78254	0.05788	0.01698	0.00694	0.00220	0.00315	0.01538	0.00506	0.00443
72	0.01090	0.02706	0.73332	0.06336	0.02445	0.01263	0.01984	0.01706	0.01147	0.01706	0.00978	0.01170	0.00693	0.00520	0.00520	0.00173	0.00801	0.00408	0.00231	0.00793
73	0.02072	0.01527	0.01636	0.01254	0.01691	0.01691	0.01036	0.75622	0.02563	0.03436	0.01309	0.01309	0.00927	0.00654	0.00545	0.00164	0.00600	0.00491	0.00545	0.00927
74	0.84691	0.01054	0.00801	0.00717	0.01054	0.01223	0.00590	0.01603	0.00928	0.02446	0.00759	0.00886	0.00590	0.00506	0.00337	0.00169	0.00422	0.00295	0.00337	0.00590
75	0.01359	0.01333	0.02261	0.03243	0.71328	0.02871	0.06185	0.01688	0.01250	0.01770	0.01027	0.01349	0.00858	0.00486	0.00545	0.00163	0.00671	0.00493	0.00270	0.00851
76	0.00921	0.00707	0.00913	0.00817	0.01044	0.00594	0.02778	0.01083	0.01096	0.03877	0.04103	0.39396	0.02357	0.06187	0.00713	0.00185	0.00383	0.00975	0.00428	0.31445
77	0.01458	0.81168	0.02857	0.00933	0.01399	0.02157	0.00933	0.01632	0.01108	0.01283	0.00758	0.00875	0.00700	0.00466	0.00350	0.00117	0.00583	0.00292	0.00233	0.00700
78	0.00932	0.00729	0.00874	0.00907	0.01059	0.00765	0.00703	0.01498	0.22912	0.01759	0.07399	0.26248	0.07106	0.03469	0.00721	0.00222	0.00401	0.21192	0.00520	0.00583
79	0.00712	0.00500	0.00644	0.00722	0.00750	0.00490	0.00471	0.00789	0.00955	0.01282	0.02487	0.50814	0.02925	0.25022	0.08492	0.00371	0.00484	0.01240	0.00435	0.00414
80	0.01349	0.01295	0.02213	0.03346	0.77440	0.01295	0.01673	0.01673	0.01241	0.01781	0.01025	0.01349	0.00864	0.00486	0.00540	0.00162	0.00648	0.00486	0.00270	0.00864
81	0.82610	0.01066	0.00822	0.00730	0.01070	0.01235	0.00602	0.03467	0.00969	0.02471	0.00773	0.00896	0.00599	0.00510	0.00343	0.00169	0.00426	0.00300	0.00343	0.00599
82	0.02072	0.01527	0.01636	0.01254	0.01691	0.01691	0.01036	0.75622	0.02563	0.03436	0.01309	0.01309	0.00927	0.00654	0.00545	0.00164	0.00600	0.00491	0.00545	0.00927
83	0.00790	0.00541	0.00655	0.00655	0.00676	0.00561	0.00406	0.00832	0.00811	0.01102	0.01662	0.03260	0.01849	0.64307	0.19126	0.00603	0.00729	0.00748	0.00322	0.00364
84	0.00779	0.00584	0.00876	0.00876	0.00974	0.00681	0.00681	0.00974	0.00876	0.01266	0.01460	0.02142	0.01363	0.04089	0.78680	0.00876	0.01460	0.00584	0.00292	0.00487
85	0.02446	0.00928	0.01265	0.00970	0.01392	0.00801	0.00801	0.02657	0.01560	0.77817	0.02151	0.01856	0.01350	0.00675	0.00548	0.00169	0.00464	0.00548	0.00675	0.00928
86	0.02037	0.02598	0.01545	0.01404	0.01685	0.78652	0.01053	0.02177	0.01545	0.01334	0.00843	0.00983	0.00702	0.00562	0.00492	0.00140	0.00983	0.00351	0.00281	0.00632
87	0.01130	0.00969	0.01130	0.00807	0.01292	0.00727	0.00646	0.01373	0.01130	0.01776	0.00969	0.01130	0.00807	0.00404	0.00404	0.00081	0.00404	0.00323	0.00323	0.84173
88	0.00672	0.00538	0.00601	0.00624	0.00767	0.00468	0.00457	0.00820	0.01245	0.01563	0.15443	0.20792	0.49877	0.01412	0.00657	0.00191	0.00286	0.02601	0.00520	0.00465
89	0.00791	0.00671	0.00944	0.00927	0.01032	0.02967	0.07795	0.00935	0.01116	0.01469	0.07381	0.56143	0.08502	0.03095	0.00756	0.00216	0.02992	0.01312	0.00470	0.00485
90	0.01472	0.79259	0.02825	0.00944	0.01406	0.04016	0.00936	0.01646	0.01118	0.01284	0.00760	0.00877	0.00700	0.00469	0.00353	0.00117	0.00593	0.00293	0.00234	0.00698
91	0.00900	0.00677	0.00828	0.02273	0.00987	0.00674	0.00599	0.01362	0.14400	0.03720	0.49633	0.06719	0.11188	0.01087	0.00629	0.00179	0.00311	0.02686	0.00572	0.00577
92	0.01130	0.00969	0.01130	0.00807	0.01292	0.00727	0.00646	0.01373	0.01130	0.01776	0.00969	0.01130	0.00807	0.00404	0.00404	0.00081	0.00404	0.00323	0.00323	0.84173
93	0.01356	0.01171	0.01233	0.01109	0.01418	0.01356	0.00863	0.02897	0.76455	0.02281	0.02219	0.02034	0.01664	0.00740	0.00555	0.00185	0.00431	0.00616	0.00555	0.00863
94	0.01502	0.01283	0.01276	0.01128	0.01442	0.07767	0.00887	0.11353	0.53230	0.05226	0.02101	0.02121	0.03293	0.00763	0.00559	0.00181	0.00499	0.04031	0.00532	0.00828
95	0.01399	0.53121	0.23968	0.01144	0.01692	0.07685	0.01247	0.01700	0.01153	0.01412	0.00827	0.00961	0.00697	0.00488	0.00408	0.00134	0.00676	0.00327	0.00236	0.00724
96	0.04263	0.14173	0.12316	0.01293	0.04719	0.01334	0.08706	0.12921	0.09390	0.12769	0.04785	0.04144	0.01274	0.02815	0.00581	0.00173	0.00586	0.00538	0.00415	0.02806
97	0.01678	0.01154	0.03154	0.01121	0.01467	0.01175	0.04347	0.33089	0.01829	0.16437	0.10218	0.03673	0.01599	0.01226	0.11992	0.00272	0.02279	0.00598	0.00508	0.02184
98	0.00771	0.00721	0.08150	0.00830	0.00957	0.00540	0.00658	0.00938	0.01111	0.03581	0.08684	0.62647	0.03331	0.01491	0.00663	0.00209	0.00361	0.01341	0.02517	0.00498
99	0.00700	0.00557	0.00634	0.00651	0.00805	0.00491	0.00499	0.00872	0.01287	0.01624	0.18799	0.10787	0.48432	0.01370	0.00662	0.00193	0.00304	0.10335	0.00524	0.00475
100	0.01310	0.01671	0.18760	0.05684	0.08082	0.01369	0.32526	0.09938	0.02745	0.01902	0.01100	0.01381	0.00832	0.00550	0.00672	0.00180	0.06955	0.00537	0.03047	0.00759
101	0.01030	0.00969	0.01635	0.79530	0.03755	0.01211	0.01514	0.01393	0.01090	0.01393	0.00969	0.01453	0.00727	0.00545	0.00545	0.00182	0.00727	0.00484	0.00242	0.00606
102	0.00791	0.00602	0.00900	0.00893	0.00987	0.00711	0.00697	0.00984	0.00875	0.01267	0.01438	0.02114	0.01344	0.03996	0.76400	0.00857	0.03784	0.00581	0.00290	0.00490
103	0.01130	0.00969	0.01130	0.00807	0.01292	0.00727	0.00646	0.01373	0.01130	0.01776	0.00969	0.01130	0.00807	0.00404	0.00404	0.00081	0.00404	0.00323	0.00323	0.84173
104	0.01974	0.01423	0.01579	0.01229	0.01612	0.01589	0.01011	0.62613	0.02293	0.07145	0.01292	0.01344	0.00934	0.00733	0.00712	0.03818	0.06821	0.00492	0.00515	0.00871
105	0.00780	0.00581	0.00860	0.00860	0.00952	0.00673	0.00662	0.00963	0.00871	0.01254	0.01475	0.02222	0.01398	0.08419	0.74397	0.00857	0.01408	0.00596	0.00294	0.00478
106	0.01016	0.00508	0.00508	0.00508	0.00635	0.00508	0.00381	0.01270	0.01143	0.02033	0.01778	0.02033	0.01397	0.00635	0.00381	0.00127	0.00254	0.00508	0.83867	0.00508
107	0.44777	0.01033	0.01256	0.33467	0.02255	0.01215	0.04046	0.01545	0.01024	0.03636	0.00891	0.01166	0.00673	0.00524	0.00441	0.00175	0.00570	0.00394	0.00303	0.00610
108	0.01659	0.01269	0.01508	0.01131	0.01586	0.01252	0.05435	0.36496	0.05122	0.06370	0.01251	0.01311	0.00929	0.00553	0.00499	0.00135	0.00532	0.00446	0.00452	0.32064
109	0.02037	0.02598	0.01545	0.01404	0.01685	0.78652	0.01053	0.02177	0.01545	0.01334	0.00843	0.00983	0.00702	0.00562	0.00492	0.00140	0.00983	0.00351	0.00281	0.00632
110	0.00685	0.00588	0.00646	0.00706	0.04666	0.00504	0.00485	0.00835	0.01246	0.01510	0.07573	0.07304	0.68693	0.01336	0.00641	0.00184	0.00296	0.01123	0.00497	0.00482
111	0.00947	0.00473	0.00710	0.00710	0.00710	0.00473	0.00473	0.00710	0.00710	0.00947	0.00947	0.01657	0.00947	0.01894	0.02131	0.84138	0.00473	0.00473	0.00237	0.00237
112	0.01130	0.00969	0.01130	0.00807	0.01292	0.00727	0.00646	0.01373	0.01130	0.01776	0.00969	0.01130	0.00807	0.00404	0.00404	0.00081	0.00404	0.00323	0.00323	0.84173
113	0.05028	0.05094	0.01608	0.28233	0.04829	0.04795	0.05054	0.05171	0.12430	0.08980	0.03090	0.03148	0.01111	0.00722	0.02262	0.00193	0.06653	0.00530	0.00366	0.00701
114	0.01664	0.10215	0.08365	0.06541	0.06105	0.19668	0.01133	0.13186	0.07073	0.09785	0.01353	0.01494	0.03443	0.00649	0.00597	0.00164	0.05795	0.01642	0.00378	0.00749
115	0.01871	0.07939	0.04277	0.01116	0.01471	0.03327	0.00955	0.20124	0.04244	0.29360	0.05261	0.01692	0.03098	0.00724	0.00712	0.00173	0.11805	0.00530	0.00506	0.00816
116	0.00664	0.00474	0.00633	0.00759	0.00791	0.00443	0.00506	0.00759	0.01044	0.01392	0.03005	0.80485	0.03606	0.01708	0.00696	0.00221	0.00316	0.01550	0.00506	0.00443
117	0.01130	0.00969	0.01130	0.00807	0.01292	0.00727	0.00646	0.01373	0.01130	0.01776	0.00969	0.01130	0.00807	0.00404	0.00404	0.00081	0.00404	0.00323	0.00323	0.84173
118	0.01113	0.05188	0.73201	0.01594	0.04801	0.01295	0.01970	0.01722	0.01153	0.01715	0.00973	0.01149	0.00697	0.00515	0.00513	0.00171	0.00794	0.00402	0.00232	0.00804
119	0.00664	0.00474	0.00633	0.00759	0.00791	0.00443	0.00506	0.00759	0.01044	0.01392	0.03005	0.80485	0.03606	0.01708	0.00696	0.00221	0.00316	0.01550	0.00506	0.00443
120	0.01093	0.02820	0.78016	0.01554	0.02360	0.01266	0.02014	0.01727	0.01151	0.01727	0.00978	0.01151	0.00691	0.00518	0.00518	0.00173	0.00806	0.00403	0.00230	0.00806
121	0.09051	0.00849	0.03036	0.00857	0.01094	0.00813	0.03105	0.03633	0.10771	0.01971	0.24929	0.11440	0.14819	0.01000	0.00619	0.00175	0.02965	0.00846	0.00486	0.07540

[dist]
# distance from previous block
# <min> <max>
0	17

[block]
# block no. 2 follows, 44 sequences, length 25
# corresponding to MSA columns:
# 256-280
name=unknown_C
#
# <colnr> <probs for GDERKNQSTAVLIFYWHMCP>
#	G	D	E	R	K	N	Q	S	T	A	V	L	I	F	Y	W	H	M	C	P
0	0.05312	0.00932	0.01249	0.00961	0.01380	0.00816	0.00794	0.02620	0.01538	0.75191	0.02102	0.01822	0.01323	0.00669	0.00541	0.00169	0.00462	0.00539	0.00663	0.00916
1	0.00793	0.00529	0.00595	0.00595	0.00595	0.00529	0.00330	0.00793	0.00793	0.01057	0.01718	0.03568	0.01982	0.80840	0.02775	0.00529	0.00529	0.00793	0.00330	0.00330
2	0.01349	0.01295	0.02213	0.03346	0.77440	0.01295	0.01673	0.01673	0.01241	0.01781	0.01025	0.01349	0.00864	0.00486	0.00540	0.00162	0.00648	0.00486	0.00270	0.00864
3	0.04946	0.01161	0.06804	0.01039	0.01469	0.03367	0.00902	0.04141	0.09828	0.57445	0.01968	0.01753	0.01282	0.00661	0.00538	0.00170	0.00503	0.00529	0.00603	0.00891
4	0.00679	0.00485	0.00649	0.00775	0.00813	0.00455	0.00531	0.00784	0.01058	0.01408	0.02997	0.75518	0.03574	0.01695	0.00700	0.00223	0.00329	0.06375	0.00506	0.00447
5	0.84691	0.01054	0.00801	0.00717	0.01054	0.01223	0.00590	0.01603	0.00928	0.02446	0.00759	0.00886	0.00590	0.00506	0.00337	0.00169	0.00422	0.00295	0.00337	0.00590
6	0.01323	0.01249	0.02113	0.08621	0.63254	0.01269	0.03909	0.04028	0.01276	0.01798	0.01132	0.01615	0.00976	0.00549	0.00555	0.00169	0.00653	0.04399	0.00289	0.00824
7	0.00664	0.00474	0.00633	0.00759	0.00791	0.00443	0.00506	0.00759	0.01044	0.01392	0.03005	0.80485	0.03606	0.01708	0.00696	0.00221	0.00316	0.01550	0.00506	0.00443
8	0.00750	0.00586	0.00699	0.00756	0.00913	0.00536	0.00623	0.00939	0.01248	0.01544	0.04336	0.05653	0.43879	0.01437	0.00693	0.00214	0.00378	0.33832	0.00504	0.00479
9	0.00713	0.00500	0.00639	0.00728	0.00759	0.00478	0.00482	0.00796	0.01002	0.01336	0.04397	0.53967	0.03185	0.22602	0.01248	0.00303	0.00382	0.05602	0.00462	0.00418
10	0.03714	0.50229	0.27771	0.01212	0.04178	0.01806	0.01307	0.01664	0.01121	0.01480	0.00840	0.00982	0.00699	0.00485	0.00412	0.00138	0.00655	0.00335	0.00236	0.00737
11	0.00763	0.00557	0.00717	0.00677	0.00809	0.00511	0.00507	0.01012	0.01522	0.02137	0.72209	0.04153	0.10117	0.01133	0.00643	0.00172	0.00259	0.00997	0.00594	0.00511
12	0.84691	0.01054	0.00801	0.00717	0.01054	0.01223	0.00590	0.01603	0.00928	0.02446	0.00759	0.00886	0.00590	0.00506	0.00337	0.00169	0.00422	0.00295	0.00337	0.00590
13	0.00706	0.00506	0.00663	0.00770	0.00816	0.00479	0.00521	0.02809	0.01102	0.01474	0.05428	0.75781	0.03584	0.01660	0.00690	0.00218	0.00322	0.01502	0.00510	0.00458
14	0.00828	0.00591	0.00820	0.00946	0.01049	0.00584	0.00790	0.01042	0.01205	0.01575	0.02914	0.23718	0.03248	0.01554	0.00740	0.00244	0.00458	0.56701	0.00503	0.00488
15	0.00706	0.00507	0.00670	0.00731	0.00800	0.00471	0.00509	0.00864	0.01238	0.01701	0.31835	0.50773	0.04204	0.01477	0.00675	0.00202	0.00293	0.01331	0.00543	0.00471
16	0.02362	0.00939	0.01254	0.00966	0.01379	0.00826	0.00796	0.05657	0.01591	0.71780	0.02244	0.01962	0.04220	0.00701	0.00552	0.00169	0.00462	0.00569	0.00663	0.00910
17	0.00852	0.00688	0.01011	0.04280	0.01138	0.00843	0.00773	0.01032	0.00874	0.01266	0.01343	0.02052	0.01275	0.07871	0.59500	0.00731	0.13111	0.00576	0.00284	0.00499
18	0.01193	0.01193	0.01670	0.01431	0.01431	0.01670	0.01193	0.01312	0.00835	0.01312	0.00716	0.01193	0.00716	0.00954	0.01789	0.00239	0.79843	0.00477	0.00239	0.00596
19	0.01016	0.00508	0.00508	0.00508	0.00635	0.00508	0.00381	0.01270	0.01143	0.02033	0.01778	0.02033	0.01397	0.00635	0.00381	0.00127	0.00254	0.00508	0.83867	0.00508
20	0.01502	0.75418	0.02769	0.00956	0.01420	0.02123	0.00940	0.06975	0.01213	0.01438	0.00798	0.00906	0.00716	0.00480	0.00364	0.00120	0.00584	0.00306	0.00256	0.00716
21	0.01221	0.01270	0.02292	0.27682	0.11029	0.04526	0.32106	0.03419	0.01236	0.01629	0.01149	0.06109	0.00958	0.00584	0.00618	0.00182	0.02413	0.00608	0.00284	0.00687
22	0.00780	0.00580	0.00856	0.00856	0.00946	0.00670	0.00656	0.00960	0.00870	0.01251	0.01479	0.02245	0.01408	0.09630	0.73199	0.00851	0.01393	0.00599	0.00295	0.00475
23	0.03647	0.00654	0.00850	0.00750	0.00950	0.00599	0.00580	0.01407	0.01529	0.18979	0.58227	0.03485	0.04166	0.00999	0.00613	0.00171	0.00308	0.00868	0.00609	0.00608
24	0.01777	0.01295	0.01475	0.01287	0.05695	0.01404	0.01005	0.50517	0.05933	0.06222	0.01735	0.03751	0.03012	0.00813	0.00582	0.00179	0.00561	0.11392	0.00528	0.00838

[dist]
# distance from previous block
# <min> <max>
2	10

[block]
# block no. 3 follows, 44 sequences, length 28
# corresponding to MSA columns:
# 291-318
name=unknown_D
#
# <colnr> <probs for GDERKNQSTAVLIFYWHMCP>
#	G	D	E	R	K	N	Q	S	T	A	V	L	I	F	Y	W	H	M	C	P
0	0.07938	0.02848	0.01529	0.09137	0.04001	0.08976	0.08264	0.05235	0.01111	0.01572	0.01124	0.04907	0.01021	0.01573	0.20519	0.00363	0.18439	0.00538	0.00297	0.00607
1	0.01300	0.21218	0.38635	0.01625	0.13275	0.01518	0.01565	0.06624	0.06105	0.01776	0.01034	0.01182	0.00797	0.00524	0.00485	0.00158	0.00691	0.00408	0.00279	0.00801
2	0.16516	0.37854	0.08247	0.01135	0.05386	0.13322	0.00997	0.01668	0.01149	0.01575	0.00964	0.01193	0.02113	0.00668	0.03296	0.00169	0.00661	0.02143	0.00274	0.00670
3	0.11382	0.06356	0.40050	0.03034	0.02011	0.01219	0.12508	0.01606	0.01139	0.01791	0.02757	0.01410	0.02625	0.00690	0.03655	0.00197	0.00728	0.00465	0.05663	0.00712
4	0.43905	0.01313	0.01197	0.01130	0.07522	0.08543	0.00832	0.20366	0.01448	0.04351	0.01002	0.01109	0.00759	0.00556	0.00428	0.00163	0.00532	0.00380	0.03757	0.00707
5	0.00668	0.00480	0.00628	0.00745	0.00782	0.00446	0.00496	0.00761	0.01044	0.01384	0.03072	0.74750	0.06732	0.04252	0.00761	0.00230	0.00321	0.01508	0.00500	0.00440
6	0.01094	0.02453	0.61901	0.01613	0.04689	0.01217	0.09101	0.01670	0.01199	0.01768	0.07232	0.01428	0.01074	0.00560	0.00541	0.00173	0.00767	0.00477	0.00266	0.00777
7	0.01311	0.01429	0.05066	0.11450	0.14953	0.03222	0.44566	0.05489	0.01320	0.01794	0.01094	0.01434	0.00835	0.00493	0.00595	0.00176	0.00815	0.00572	0.02640	0.00744
8	0.00894	0.00740	0.00798	0.00762	0.00973	0.00736	0.00592	0.03472	0.19930	0.01822	0.12470	0.04282	0.42149	0.01182	0.00628	0.00188	0.00340	0.06929	0.00530	0.00583
9	0.00666	0.00491	0.00624	0.00723	0.00783	0.00449	0.00492	0.00775	0.01097	0.01439	0.06613	0.65031	0.15564	0.01630	0.00685	0.00213	0.00307	0.01461	0.00510	0.00449
10	0.01094	0.00770	0.01067	0.11273	0.09099	0.02075	0.00820	0.02613	0.01215	0.10651	0.10240	0.24723	0.03766	0.09915	0.00858	0.00228	0.00469	0.06212	0.00451	0.02460
11	0.06144	0.03930	0.01652	0.45155	0.02784	0.03228	0.04014	0.12764	0.01301	0.01787	0.01004	0.01360	0.00772	0.00598	0.00647	0.00179	0.08554	0.00470	0.02999	0.00658
12	0.02086	0.01505	0.01622	0.01244	0.01680	0.01658	0.01028	0.72925	0.02526	0.06185	0.01340	0.01329	0.00943	0.00655	0.00545	0.00164	0.00595	0.00493	0.00550	0.00927
13	0.01065	0.01014	0.01741	0.70442	0.09757	0.01224	0.04254	0.01429	0.01110	0.01438	0.00979	0.01446	0.00742	0.00537	0.00548	0.00180	0.00727	0.00490	0.00246	0.00632
14	0.01016	0.00508	0.00508	0.00508	0.00635	0.00508	0.00381	0.01270	0.01143	0.02033	0.01778	0.02033	0.01397	0.00635	0.00381	0.00127	0.00254	0.00508	0.83867	0.00508
15	0.01193	0.01193	0.01670	0.01431	0.01431	0.01670	0.01193	0.01312	0.00835	0.01312	0.00716	0.01193	0.00716	0.00954	0.01789	0.00239	0.79843	0.00477	0.00239	0.00596
16	0.01349	0.01295	0.02213	0.03346	0.77440	0.01295	0.01673	0.01673	0.01241	0.01781	0.01025	0.01349	0.00864	0.00486	0.00540	0.00162	0.00648	0.00486	0.00270	0.00864
17	0.84691	0.01054	0.00801	0.00717	0.01054	0.01223	0.00590	0.01603	0.00928	0.02446	0.00759	0.00886	0.00590	0.00506	0.00337	0.00169	0.00422	0.00295	0.00337	0.00590
18	0.01030	0.00969	0.01635	0.79530	0.03755	0.01211	0.01514	0.01393	0.01090	0.01393	0.00969	0.01453	0.00727	0.00545	0.00545	0.00182	0.00727	0.00484	0.00242	0.00606
19	0.00664	0.00474	0.00633	0.00759	0.00791	0.00443	0.00506	0.00759	0.01044	0.01392	0.03005	0.80485	0.03606	0.01708	0.00696	0.00221	0.00316	0.01550	0.00506	0.00443
20	0.00664	0.00474	0.00633	0.00759	0.00791	0.00443	0.00506	0.00759	0.01044	0.01392	0.03005	0.80485	0.03606	0.01708	0.00696	0.00221	0.00316	0.01550	0.00506	0.00443
21	0.00813	0.00634	0.00941	0.00922	0.01011	0.00762	0.00723	0.01001	0.00873	0.01269	0.01399	0.02064	0.01310	0.03832	0.72382	0.00824	0.07881	0.00575	0.00288	0.00496
22	0.00779	0.00584	0.00876	0.00876	0.00974	0.00681	0.00681	0.00974	0.00876	0.01266	0.01460	0.02142	0.01363	0.04089	0.78680	0.00876	0.01460	0.00584	0.00292	0.00487
23	0.00792	0.00531	0.00609	0.00609	0.00613	0.00536	0.00348	0.00802	0.00797	0.01067	0.01705	0.03497	0.01951	0.77029	0.06544	0.00546	0.00575	0.00782	0.00328	0.00338
24	0.01212	0.00984	0.01151	0.00828	0.01308	0.00759	0.00664	0.03692	0.01192	0.04894	0.01027	0.01165	0.00833	0.00422	0.00414	0.00087	0.00412	0.00337	0.00344	0.78273
25	0.01948	0.00980	0.01380	0.16181	0.06419	0.00966	0.00996	0.04796	0.06527	0.47572	0.01921	0.01912	0.02860	0.00676	0.00554	0.00174	0.00525	0.02229	0.00547	0.00838
26	0.01331	0.01592	0.11242	0.02196	0.10645	0.01398	0.49288	0.07764	0.01347	0.01863	0.01077	0.01394	0.00818	0.00511	0.00671	0.00181	0.05047	0.00578	0.00290	0.00765
27	0.01202	0.07927	0.09620	0.02871	0.10117	0.07552	0.17279	0.03024	0.01161	0.01534	0.01360	0.14226	0.01347	0.08748	0.00924	0.00217	0.09249	0.00686	0.00311	0.00645

[dist]
# distance from previous block
# <min> <max>
3	9

[block]
# block no. 4 follows, 44 sequences, length 89
# corresponding to MSA columns:
# 334-353,358-426
name=unknown_E
#
# <colnr> <probs for GDERKNQSTAVLIFYWHMCP>
#	G	D	E	R	K	N	Q	S	T	A	V	L	I	F	Y	W	H	M	C	P
0	0.03498	0.41344	0.11913	0.01136	0.04229	0.08958	0.01054	0.01712	0.01159	0.09224	0.00963	0.01117	0.00791	0.00645	0.00608	0.07639	0.02667	0.00366	0.00287	0.00690
1	0.25730	0.07720	0.08108	0.02574	0.02993	0.14832	0.00912	0.06204	0.01263	0.05180	0.04159	0.01597	0.04846	0.00713	0.01917	0.00176	0.03344	0.02554	0.04530	0.00649
2	0.10659	0.35129	0.08441	0.03272	0.11543	0.08579	0.01105	0.03902	0.01224	0.08385	0.00963	0.01092	0.00774	0.00523	0.00460	0.00145	0.02397	0.00370	0.00302	0.00734
3	0.11521	0.03025	0.01558	0.01226	0.03230	0.05093	0.00987	0.58718	0.02233	0.03104	0.01198	0.01233	0.00869	0.00619	0.00511	0.00160	0.00592	0.00453	0.00491	0.03179
4	0.00849	0.00618	0.00780	0.00815	0.00957	0.00596	0.00647	0.01146	0.06483	0.03595	0.21409	0.16369	0.16817	0.01346	0.00679	0.00209	0.00368	0.25257	0.00535	0.00524
5	0.02075	0.01449	0.01578	0.01213	0.01637	0.01583	0.00998	0.67292	0.02431	0.10019	0.01394	0.01413	0.00990	0.02601	0.00600	0.00173	0.00586	0.00503	0.00552	0.00913
6	0.02072	0.01527	0.01636	0.01254	0.01691	0.01691	0.01036	0.75622	0.02563	0.03436	0.01309	0.01309	0.00927	0.00654	0.00545	0.00164	0.00600	0.00491	0.00545	0.00927
7	0.00947	0.00473	0.00710	0.00710	0.00710	0.00473	0.00473	0.00710	0.00710	0.00947	0.00947	0.01657	0.00947	0.01894	0.02131	0.84138	0.00473	0.00473	0.00237	0.00237
8	0.01016	0.00508	0.00508	0.00508	0.00635	0.00508	0.00381	0.01270	0.01143	0.02033	0.01778	0.02033	0.01397	0.00635	0.00381	0.00127	0.00254	0.00508	0.83867	0.00508
9	0.84691	0.01054	0.00801	0.00717	0.01054	0.01223	0.00590	0.01603	0.00928	0.02446	0.00759	0.00886	0.00590	0.00506	0.00337	0.00169	0.00422	0.00295	0.00337	0.00590
10	0.00947	0.00473	0.00710	0.00710	0.00710	0.00473	0.00473	0.00710	0.00710	0.00947	0.00947	0.01657	0.00947	0.01894	0.02131	0.84138	0.00473	0.00473	0.00237	0.00237
11	0.01193	0.01193	0.01670	0.01431	0.01431	0.01670	0.01193	0.01312	0.00835	0.01312	0.00716	0.01193	0.00716	0.00954	0.01789	0.00239	0.79843	0.00477	0.00239	0.00596
12	0.01321	0.01121	0.01184	0.01067	0.01350	0.01289	0.00819	0.04242	0.68142	0.02196	0.02155	0.02156	0.01677	0.07889	0.00753	0.00215	0.00444	0.00629	0.00535	0.00817
13	0.01458	0.81168	0.02857	0.00933	0.01399	0.02157	0.00933	0.01632	0.01108	0.01283	0.00758	0.00875	0.00700	0.00466	0.00350	0.00117	0.00583	0.00292	0.00233	0.00700
14	0.01223	0.01243	0.01636	0.01408	0.01422	0.05346	0.01164	0.01340	0.00868	0.01307	0.00748	0.01244	0.00748	0.03001	0.01752	0.00241	0.73996	0.00479	0.00243	0.00591
15	0.80656	0.01048	0.00824	0.00729	0.01071	0.01202	0.00601	0.01654	0.00959	0.06144	0.00827	0.00933	0.00628	0.00514	0.00348	0.00169	0.00424	0.00308	0.00354	0.00607
16	0.02072	0.01527	0.01636	0.01254	0.01691	0.01691	0.01036	0.75622	0.02563	0.03436	0.01309	0.01309	0.00927	0.00654	0.00545	0.00164	0.00600	0.00491	0.00545	0.00927
17	0.00664	0.00474	0.00633	0.00759	0.00791	0.00443	0.00506	0.00759	0.01044	0.01392	0.03005	0.80485	0.03606	0.01708	0.00696	0.00221	0.00316	0.01550	0.00506	0.00443
18	0.01356	0.01171	0.01233	0.01109	0.01418	0.01356	0.00863	0.02897	0.76455	0.02281	0.02219	0.02034	0.01664	0.00740	0.00555	0.00185	0.00431	0.00616	0.00555	0.00863
19	0.84691	0.01054	0.00801	0.00717	0.01054	0.01223	0.00590	0.01603	0.00928	0.02446	0.00759	0.00886	0.00590	0.00506	0.00337	0.00169	0.00422	0.00295	0.00337	0.00590
20	0.00664	0.00474	0.00633	0.00759	0.00791	0.00443	0.00506	0.00759	0.01044	0.01392	0.03005	0.80485	0.03606	0.01708	0.00696	0.00221	0.00316	0.01550	0.00506	0.00443
21	0.01375	0.01181	0.01243	0.01113	0.01425	0.01365	0.00868	0.04822	0.74499	0.02311	0.02195	0.02015	0.01645	0.00737	0.00554	0.00184	0.00436	0.00613	0.00554	0.00865
22	0.01097	0.00698	0.00870	0.18929	0.01453	0.00770	0.00705	0.07211	0.01237	0.01975	0.01544	0.01843	0.01203	0.00710	0.02577	0.00163	0.00424	0.00503	0.55522	0.00564
23	0.47220	0.00997	0.01013	0.00832	0.01208	0.01031	0.00686	0.02083	0.01216	0.36785	0.01393	0.01328	0.00936	0.00583	0.00433	0.00169	0.00441	0.00410	0.00491	0.00744
24	0.00855	0.00649	0.00821	0.00898	0.01037	0.00649	0.00735	0.01204	0.09549	0.01636	0.03278	0.18190	0.15560	0.01434	0.00703	0.00227	0.00424	0.41117	0.00509	0.00525
25	0.00791	0.00535	0.00626	0.00626	0.00637	0.00546	0.00370	0.00813	0.00802	0.01081	0.01689	0.03407	0.01912	0.72206	0.11314	0.00568	0.00633	0.00769	0.00326	0.00348
26	0.01293	0.01052	0.01304	0.01402	0.11833	0.01145	0.01005	0.12517	0.29696	0.02154	0.02154	0.03250	0.01955	0.00956	0.00619	0.00201	0.00510	0.25709	0.00496	0.00748
27	0.03038	0.01097	0.01815	0.49655	0.28975	0.01252	0.01536	0.03314	0.01175	0.01600	0.00992	0.01401	0.00776	0.00526	0.00539	0.00174	0.00690	0.00481	0.00261	0.00702
28	0.09072	0.43643	0.05412	0.01102	0.01508	0.28369	0.00990	0.01821	0.01244	0.01423	0.00797	0.00925	0.00690	0.00505	0.00405	0.00132	0.00716	0.00317	0.00259	0.00671
29	0.41621	0.03002	0.01268	0.01140	0.08104	0.01328	0.00847	0.22555	0.01501	0.12281	0.01115	0.01170	0.00809	0.00567	0.00441	0.00165	0.00501	0.00400	0.00431	0.00755
30	0.00849	0.07818	0.02629	0.00754	0.00929	0.00698	0.00610	0.01123	0.03178	0.01992	0.55402	0.07526	0.07758	0.01100	0.00621	0.00175	0.00321	0.05434	0.00543	0.00539
31	0.05294	0.02491	0.62159	0.01619	0.04203	0.01260	0.10044	0.01705	0.01166	0.01777	0.02750	0.01246	0.00808	0.00524	0.00526	0.00173	0.00782	0.00440	0.00250	0.00782
32	0.00710	0.00554	0.00645	0.00637	0.00788	0.00490	0.00480	0.00902	0.01365	0.01784	0.36260	0.07892	0.39999	0.01284	0.00650	0.00183	0.00279	0.04065	0.00547	0.00485
33	0.01284	0.01034	0.01208	0.00911	0.01328	0.00919	0.00732	0.12588	0.02988	0.03981	0.04928	0.03447	0.01144	0.00555	0.00525	0.00114	0.04614	0.00434	0.00385	0.56882
34	0.01166	0.00757	0.00672	0.00636	0.00792	0.07557	0.00480	0.05873	0.01257	0.02031	0.01665	0.01934	0.01322	0.02704	0.00463	0.00141	0.00347	0.00500	0.69164	0.00540
35	0.01130	0.00969	0.01130	0.00807	0.01292	0.00727	0.00646	0.01373	0.01130	0.01776	0.00969	0.01130	0.00807	0.00404	0.00404	0.00081	0.00404	0.00323	0.00323	0.84173
36	0.01474	0.78989	0.02820	0.00946	0.01407	0.04279	0.00936	0.01648	0.01120	0.01284	0.00760	0.00878	0.00700	0.00469	0.00354	0.00117	0.00594	0.00293	0.00235	0.00698
37	0.01802	0.01438	0.01477	0.01152	0.01567	0.06641	0.00935	0.49415	0.07304	0.02867	0.04020	0.01404	0.01094	0.00625	0.00520	0.00149	0.00566	0.00477	0.00490	0.16057
38	0.07759	0.03920	0.01480	0.01091	0.01514	0.02968	0.07471	0.04039	0.03550	0.57599	0.01864	0.01692	0.01212	0.00635	0.00534	0.00168	0.00521	0.00526	0.00585	0.00870
39	0.02378	0.01037	0.01333	0.01022	0.01446	0.00963	0.00844	0.15953	0.01743	0.64263	0.01997	0.01756	0.01273	0.00671	0.00548	0.00168	0.00489	0.00538	0.00651	0.00928
40	0.84691	0.01054	0.00801	0.00717	0.01054	0.01223	0.00590	0.01603	0.00928	0.02446	0.00759	0.00886	0.00590	0.00506	0.00337	0.00169	0.00422	0.00295	0.00337	0.00590
41	0.00664	0.00474	0.00633	0.00759	0.00791	0.00443	0.00506	0.00759	0.01044	0.01392	0.03005	0.80485	0.03606	0.01708	0.00696	0.00221	0.00316	0.01550	0.00506	0.00443
42	0.00779	0.00584	0.00876	0.00876	0.00974	0.00681	0.00681	0.00974	0.00876	0.01266	0.01460	0.02142	0.01363	0.04089	0.78680	0.00876	0.01460	0.00584	0.00292	0.00487
43	0.00663	0.00553	0.00578	0.00572	0.00748	0.00468	0.00429	0.00819	0.01287	0.01578	0.16066	0.05074	0.66610	0.01342	0.00644	0.00182	0.00273	0.01126	0.00520	0.00468
44	0.01170	0.01132	0.01968	0.44403	0.27094	0.01261	0.09179	0.01573	0.03883	0.01585	0.01046	0.01443	0.00815	0.00524	0.00554	0.00176	0.00711	0.00506	0.00266	0.00711
45	0.01365	0.08313	0.01378	0.01094	0.01416	0.01428	0.00869	0.02784	0.69728	0.02191	0.02088	0.01931	0.01578	0.00715	0.00536	0.00179	0.00445	0.00587	0.00526	0.00848
