[name]
unknown

[dist]
# distance from previous block
# <min> <max>
0	103

[block]
# block no. 0 follows, 44 sequences, length 73
# corresponding to MSA columns:
# 134-206
name=unknown_A
#
# <colnr> <probs for GDERKNQSTAVLIFYWHMCP>
#	G	D	E	R	K	N	Q	S	T	A	V	L	I	F	Y	W	H	M	C	P
0	0.01354	0.03197	0.10996	0.09645	0.31191	0.05983	0.03158	0.04885	0.02870	0.06455	0.06750	0.01843	0.01314	0.00645	0.00588	0.00173	0.02748	0.05100	0.00343	0.00762
1	0.03167	0.07680	0.49637	0.01524	0.05904	0.02667	0.05632	0.04927	0.01217	0.01756	0.01135	0.03387	0.00934	0.02763	0.00585	0.00181	0.00734	0.03766	0.00276	0.02129
2	0.03237	0.04780	0.05082	0.01272	0.09832	0.05004	0.04602	0.10213	0.10870	0.03585	0.05885	0.06690	0.08676	0.09882	0.00798	0.00205	0.00531	0.00660	0.00411	0.07785
3	0.01105	0.01082	0.06986	0.01128	0.03492	0.00888	0.10863	0.08060	0.02971	0.01844	0.06032	0.09264	0.08882	0.06120	0.00694	0.00176	0.00507	0.02319	0.02248	0.25340
4	0.04107	0.01884	0.39563	0.01309	0.03361	0.01084	0.04372	0.06890	0.01334	0.06528	0.13177	0.03411	0.01533	0.00644	0.00534	0.00164	0.00623	0.00535	0.00359	0.08587
5	0.01061	0.00841	0.03576	0.00882	0.01060	0.04056	0.02415	0.08331	0.01287	0.07416	0.09280	0.33314	0.07580	0.10259	0.04126	0.00257	0.00480	0.01030	0.00474	0.02275
6	0.01547	0.01737	0.01566	0.23189	0.10451	0.35557	0.01198	0.03433	0.08661	0.01556	0.02730	0.01462	0.03388	0.00606	0.00527	0.00161	0.00777	0.00470	0.00315	0.00671
7	0.09355	0.01161	0.01690	0.41603	0.21788	0.03379	0.01394	0.08593	0.02709	0.01803	0.01016	0.01357	0.00784	0.00541	0.00522	0.00173	0.00666	0.00466	0.00294	0.00705
8	0.05368	0.13100	0.16334	0.01279	0.01704	0.36011	0.01168	0.08222	0.04560	0.03744	0.01108	0.01203	0.02779	0.00578	0.00483	0.00150	0.00782	0.00400	0.00317	0.00711
9	0.00707	0.00516	0.00673	0.00771	0.00838	0.00476	0.00539	0.00824	0.01072	0.01428	0.03001	0.64140	0.07140	0.03500	0.00736	0.00224	0.00341	0.08461	0.00493	0.04118
10	0.00790	0.00599	0.00891	0.00884	0.00977	0.00704	0.00687	0.00978	0.00873	0.01262	0.01446	0.02149	0.01360	0.05715	0.74972	0.00852	0.03497	0.00586	0.00292	0.00486
11	0.03156	0.01050	0.02641	0.00897	0.01367	0.00846	0.02007	0.08081	0.01305	0.08810	0.02878	0.01281	0.00961	0.00472	0.00440	0.00104	0.00440	0.00380	0.00379	0.62506
12	0.01408	0.03179	0.05091	0.01219	0.01558	0.10056	0.06172	0.11163	0.01317	0.04470	0.01082	0.04523	0.00929	0.00714	0.02116	0.00168	0.18263	0.00471	0.00338	0.25762
13	0.00837	0.00678	0.00717	0.00668	0.00874	0.00632	0.00512	0.08181	0.05135	0.01810	0.15654	0.04530	0.55314	0.01239	0.00630	0.00180	0.00312	0.01036	0.00526	0.00534
14	0.01131	0.04464	0.67087	0.01731	0.09630	0.01292	0.03751	0.01720	0.01162	0.01722	0.00981	0.01172	0.00711	0.00512	0.00519	0.00171	0.00788	0.00414	0.00235	0.00807
15	0.01258	0.00965	0.01144	0.00823	0.01302	0.00734	0.00661	0.01497	0.01172	0.09150	0.01084	0.01201	0.00860	0.00430	0.00418	0.00089	0.00410	0.00345	0.00357	0.76101
16	0.00883	0.00744	0.00980	0.00950	0.01045	0.04736	0.00741	0.01063	0.00904	0.01268	0.01363	0.02026	0.01282	0.05494	0.65382	0.00768	0.09014	0.00567	0.00287	0.00501
17	0.03518	0.13880	0.09129	0.05167	0.01735	0.09829	0.01088	0.36944	0.01869	0.05723	0.01174	0.01251	0.00870	0.00594	0.00494	0.00154	0.00637	0.00436	0.04704	0.00804
18	0.01524	0.01261	0.01371	0.08742	0.01698	0.03232	0.00961	0.23878	0.42442	0.02475	0.03135	0.01819	0.01406	0.02826	0.00610	0.00186	0.00522	0.00572	0.00510	0.00831
19	0.84691	0.01054	0.00801	0.00717	0.01054	0.01223	0.00590	0.01603	0.00928	0.02446	0.00759	0.00886	0.00590	0.00506	0.00337	0.00169	0.00422	0.00295	0.00337	0.00590
20	0.00971	0.08530	0.00972	0.04290	0.00950	0.05427	0.00544	0.02582	0.00969	0.01226	0.03091	0.04654	0.04862	0.52761	0.02012	0.00402	0.02288	0.02700	0.00337	0.00431
21	0.00664	0.00474	0.00633	0.00759	0.00791	0.00443	0.00506	0.00759	0.01044	0.01392	0.03005	0.80485	0.03606	0.01708	0.00696	0.00221	0.00316	0.01550	0.00506	0.00443
22	0.01350	0.01356	0.03648	0.05088	0.68630	0.03140	0.05411	0.01683	0.01245	0.01758	0.01023	0.01346	0.00851	0.00488	0.00544	0.00163	0.00674	0.00489	0.00269	0.00844
23	0.00772	0.00557	0.00729	0.00686	0.00814	0.00514	0.00514	0.01029	0.01543	0.02186	0.77152	0.04072	0.05144	0.01115	0.00643	0.00171	0.00257	0.00986	0.00600	0.00514
24	0.02072	0.01527	0.01636	0.01254	0.01691	0.01691	0.01036	0.75622	0.02563	0.03436	0.01309	0.01309	0.00927	0.00654	0.00545	0.00164	0.00600	0.00491	0.00545	0.00927
25	0.05586	0.70080	0.04380	0.01021	0.03496	0.05157	0.00965	0.01656	0.01121	0.01366	0.00774	0.00899	0.00699	0.00474	0.00364	0.00123	0.00598	0.00302	0.00241	0.00698
26	0.00700	0.00534	0.00645	0.00687	0.00795	0.00487	0.00489	0.00881	0.03007	0.01626	0.21331	0.37674	0.26268	0.01445	0.00664	0.00197	0.00293	0.01273	0.00530	0.00475
27	0.01193	0.01193	0.01670	0.01431	0.01431	0.01670	0.01193	0.01312	0.00835	0.01312	0.00716	0.01193	0.00716	0.00954	0.01789	0.00239	0.79843	0.00477	0.00239	0.00596
28	0.03296	0.01210	0.01270	0.01118	0.01441	0.01392	0.00877	0.11334	0.66170	0.02419	0.02080	0.01924	0.01554	0.00725	0.00549	0.00182	0.00451	0.00595	0.00549	0.00864
29	0.00655	0.00522	0.00588	0.00636	0.00760	0.00455	0.00453	0.00780	0.01173	0.01460	0.06422	0.34529	0.46647	0.01501	0.00664	0.00198	0.00291	0.01302	0.00509	0.00455
30	0.00779	0.00584	0.00876	0.00876	0.00974	0.00681	0.00681	0.00974	0.00876	0.01266	0.01460	0.02142	0.01363	0.04089	0.78680	0.00876	0.01460	0.00584	0.00292	0.00487
31	0.00897	0.00507	0.00760	0.00760	0.00789	0.00536	0.00536	0.00789	0.00760	0.01042	0.01101	0.01802	0.01071	0.02551	0.25044	0.59216	0.00769	0.00507	0.00253	0.00312
32	0.01093	0.02820	0.78016	0.01554	0.02360	0.01266	0.02014	0.01727	0.01151	0.01727	0.00978	0.01151	0.00691	0.00518	0.00518	0.00173	0.00806	0.00403	0.00230	0.00806
33	0.01227	0.01451	0.06777	0.02104	0.02627	0.01289	0.64459	0.01676	0.01305	0.01788	0.08471	0.01707	0.01239	0.00526	0.00637	0.00182	0.00849	0.00664	0.00305	0.00717
34	0.01987	0.01495	0.01639	0.01272	0.01666	0.01689	0.01051	0.68416	0.02396	0.03230	0.01251	0.01298	0.00907	0.00684	0.00666	0.00171	0.08284	0.00490	0.00516	0.00895
35	0.84691	0.01054	0.00801	0.00717	0.01054	0.01223	0.00590	0.01603	0.00928	0.02446	0.00759	0.00886	0.00590	0.00506	0.00337	0.00169	0.00422	0.00295	0.00337	0.00590
36	0.01943	0.02437	0.01559	0.01502	0.06307	0.70748	0.01076	0.02097	0.01499	0.01359	0.00879	0.01053	0.00739	0.00700	0.03658	0.00172	0.00982	0.00369	0.00281	0.00640
37	0.01130	0.00969	0.01130	0.00807	0.01292	0.00727	0.00646	0.01373	0.01130	0.01776	0.00969	0.01130	0.00807	0.00404	0.00404	0.00081	0.00404	0.00323	0.00323	0.84173
38	0.05385	0.18338	0.07691	0.01478	0.09016	0.19761	0.04660	0.13940	0.05581	0.01861	0.01004	0.01154	0.00808	0.00578	0.00577	0.00157	0.06532	0.00414	0.00324	0.00743
39	0.84691	0.01054	0.00801	0.00717	0.01054	0.01223	0.00590	0.01603	0.00928	0.02446	0.00759	0.00886	0.00590	0.00506	0.00337	0.00169	0.00422	0.00295	0.00337	0.00590
40	0.01186	0.01179	0.01763	0.04954	0.08951	0.01553	0.05004	0.01357	0.00910	0.01381	0.00811	0.01277	0.00766	0.01013	0.05149	0.00256	0.61128	0.00492	0.00246	0.00625
41	0.01130	0.00969	0.01130	0.00807	0.01292	0.00727	0.00646	0.01373	0.01130	0.01776	0.00969	0.01130	0.00807	0.00404	0.00404	0.00081	0.00404	0.00323	0.00323	0.84173
42	0.00765	0.00557	0.00720	0.00679	0.00811	0.00512	0.00509	0.01016	0.01528	0.02150	0.73511	0.04132	0.08807	0.01128	0.00643	0.00172	0.00258	0.00994	0.00595	0.00512
43	0.00754	0.00548	0.00710	0.00688	0.00808	0.00504	0.00509	0.00987	0.01473	0.02063	0.65455	0.12868	0.08202	0.01194	0.00649	0.00178	0.00265	0.01058	0.00585	0.00504
44	0.00793	0.00529	0.00595	0.00595	0.00595	0.00529	0.00330	0.00793	0.00793	0.01057	0.01718	0.03568	0.01982	0.80840	0.02775	0.00529	0.00529	0.00793	0.00330	0.00330
45	0.00669	0.00481	0.00627	0.00741	0.00779	0.00447	0.00494	0.00762	0.01044	0.01382	0.03085	0.73189	0.07477	0.05053	0.00781	0.00232	0.00323	0.01496	0.00499	0.00439
46	0.01193	0.01193	0.01670	0.01431	0.01431	0.01670	0.01193	0.01312	0.00835	0.01312	0.00716	0.01193	0.00716	0.00954	0.01789	0.00239	0.79843	0.00477	0.00239	0.00596
47	0.84691	0.01054	0.00801	0.00717	0.01054	0.01223	0.00590	0.01603	0.00928	0.02446	0.00759	0.00886	0.00590	0.00506	0.00337	0.00169	0.00422	0.00295	0.00337	0.00590
48	0.84691	0.01054	0.00801	0.00717	0.01054	0.01223	0.00590	0.01603	0.00928	0.02446	0.00759	0.00886	0.00590	0.00506	0.00337	0.00169	0.00422	0.00295	0.00337	0.00590
49	0.01130	0.00969	0.01130	0.00807	0.01292	0.00727	0.00646	0.01373	0.01130	0.01776	0.00969	0.01130	0.00807	0.00404	0.00404	0.00081	0.00404	0.00323	0.00323	0.84173
50	0.84691	0.01054	0.00801	0.00717	0.01054	0.01223	0.00590	0.01603	0.00928	0.02446	0.00759	0.00886	0.00590	0.00506	0.00337	0.00169	0.00422	0.00295	0.00337	0.00590
51	0.53141	0.01053	0.01008	0.00836	0.01207	0.01131	0.00690	0.07712	0.01249	0.25517	0.01227	0.01215	0.00848	0.00569	0.00418	0.00168	0.00449	0.00388	0.00457	0.00720
52	0.84691	0.01054	0.00801	0.00717	0.01054	0.01223	0.00590	0.01603	0.00928	0.02446	0.00759	0.00886	0.00590	0.00506	0.00337	0.00169	0.00422	0.00295	0.00337	0.00590
53	0.01311	0.01094	0.01152	0.01042	0.01329	0.01256	0.00809	0.02700	0.67583	0.02255	0.03745	0.02077	0.01711	0.00737	0.00540	0.00179	0.00411	0.00614	0.08634	0.00821
54	0.02018	0.01372	0.01510	0.01184	0.01598	0.01491	0.00970	0.51952	0.14313	0.15425	0.01593	0.01515	0.01115	0.00672	0.00547	0.00168	0.00550	0.00520	0.00568	0.00917
55	0.05421	0.01151	0.08574	0.00881	0.01387	0.00807	0.00781	0.01464	0.01137	0.04501	0.01001	0.01146	0.00804	0.00430	0.00417	0.00097	0.00446	0.00337	0.00327	0.68891
56	0.22870	0.01601	0.01392	0.08741	0.01721	0.19978	0.00969	0.30088	0.03763	0.02452	0.01049	0.01157	0.00788	0.00586	0.00480	0.00162	0.00654	0.00411	0.00400	0.00738
57	0.01955	0.02462	0.01557	0.01407	0.01661	0.71187	0.01067	0.02093	0.01476	0.01332	0.00830	0.01003	0.00704	0.00600	0.00617	0.00150	0.08630	0.00363	0.00277	0.00629
58	0.01167	0.00965	0.01599	0.71912	0.03526	0.01171	0.01445	0.01515	0.01136	0.08804	0.01084	0.01492	0.00787	0.00558	0.00545	0.00180	0.00701	0.00491	0.00284	0.00637
59	0.01068	0.00995	0.01650	0.68762	0.09998	0.01209	0.01484	0.01465	0.03605	0.01469	0.01031	0.01475	0.00783	0.00548	0.00542	0.00179	0.00701	0.00489	0.01913	0.00635
60	0.00792	0.00529	0.00598	0.00597	0.00600	0.00528	0.00335	0.00799	0.00811	0.01085	0.03560	0.03580	0.02059	0.78893	0.02723	0.00520	0.00522	0.00798	0.00337	0.00335
61	0.00793	0.00529	0.00595	0.00595	0.00595	0.00529	0.00330	0.00793	0.00793	0.01057	0.01718	0.03568	0.01982	0.80840	0.02775	0.00529	0.00529	0.00793	0.00330	0.00330
62	0.01473	0.79019	0.02821	0.00946	0.01407	0.04250	0.00936	0.01647	0.01120	0.01284	0.00760	0.00878	0.00700	0.00469	0.00354	0.00117	0.00594	0.00293	0.00235	0.00698
63	0.01130	0.00969	0.01130	0.00807	0.01292	0.00727	0.00646	0.01373	0.01130	0.01776	0.00969	0.01130	0.00807	0.00404	0.00404	0.00081	0.00404	0.00323	0.00323	0.84173
64	0.04125	0.13981	0.49301	0.01419	0.02067	0.01333	0.08778	0.01642	0.01188	0.01734	0.08434	0.01419	0.01139	0.00563	0.00511	0.00165	0.00716	0.00463	0.00275	0.00747
65	0.00832	0.00593	0.00699	0.00676	0.00676	0.00639	0.00414	0.00843	0.00797	0.01082	0.01621	0.03337	0.01859	0.73094	0.02679	0.00500	0.08219	0.00762	0.00321	0.00356
66	0.00780	0.00581	0.00862	0.00862	0.00955	0.00674	0.00664	0.00965	0.00872	0.01255	0.01473	0.02212	0.01394	0.07885	0.74926	0.00859	0.01414	0.00594	0.00294	0.00479
67	0.01036	0.00981	0.01674	0.77651	0.03733	0.01215	0.03313	0.01402	0.01095	0.01402	0.00972	0.01454	0.00729	0.00543	0.00547	0.00182	0.00731	0.00488	0.00243	0.00609
68	0.00644	0.00552	0.00552	0.00552	0.00736	0.00460	0.00414	0.00782	0.01243	0.01473	0.05523	0.05247	0.77218	0.01381	0.00644	0.00184	0.00276	0.01151	0.00506	0.00460
69	0.00693	0.00554	0.00620	0.00603	0.00766	0.00481	0.00453	0.00877	0.01358	0.01746	0.32966	0.04797	0.49605	0.01279	0.00644	0.00179	0.00269	0.01088	0.00542	0.00481
70	0.00664	0.00474	0.00633	0.00759	0.00791	0.00443	0.00506	0.00759	0.01044	0.01392	0.03005	0.80485	0.03606	0.01708	0.00696	0.00221	0.00316	0.01550	0.00506	0.00443
71	0.00786	0.00526	0.00597	0.00604	0.00605	0.00524	0.00340	0.00791	0.00807	0.01076	0.01789	0.07814	0.02072	0.76472	0.02660	0.00512	0.00517	0.00835	0.00340	0.00337
72	0.01458	0.81168	0.02857	0.00933	0.01399	0.02157	0.00933	0.01632	0.01108	0.01283	0.00758	0.00875	0.00700	0.00466	0.00350	0.00117	0.00583	0.00292	0.00233	0.00700

[dist]
# distance from previous block
# <min> <max>
0	24

[block]
# block no. 1 follows, 44 sequences, length 105
# corresponding to MSA columns:
# 231-312,314-336
name=unknown_B
#
# <colnr> <probs for GDERKNQSTAVLIFYWHMCP>
#	G	D	E	R	K	N	Q	S	T	A	V	L	I	F	Y	W	H	M	C	P
0	0.01287	0.01471	0.03217	0.02298	0.02849	0.01379	0.75460	0.01746	0.01287	0.01746	0.01103	0.01471	0.00827	0.00460	0.00643	0.00184	0.00919	0.00643	0.00276	0.00735
1	0.01030	0.00969	0.01635	0.79530	0.03755	0.01211	0.01514	0.01393	0.01090	0.01393	0.00969	0.01453	0.00727	0.00545	0.00545	0.00182	0.00727	0.00484	0.00242	0.00606
2	0.84691	0.01054	0.00801	0.00717	0.01054	0.01223	0.00590	0.01603	0.00928	0.02446	0.00759	0.00886	0.00590	0.00506	0.00337	0.00169	0.00422	0.00295	0.00337	0.00590
3	0.02219	0.00916	0.01189	0.00928	0.01310	0.00829	0.00761	0.08115	0.01580	0.61544	0.02034	0.01838	0.01323	0.00668	0.00525	0.00163	0.00445	0.00538	0.12206	0.00870
4	0.84691	0.01054	0.00801	0.00717	0.01054	0.01223	0.00590	0.01603	0.00928	0.02446	0.00759	0.00886	0.00590	0.00506	0.00337	0.00169	0.00422	0.00295	0.00337	0.00590
5	0.01319	0.01265	0.02159	0.10512	0.70509	0.01287	0.01658	0.01647	0.01227	0.01745	0.01020	0.01359	0.00851	0.00491	0.00540	0.00164	0.00655	0.00486	0.00267	0.00839
6	0.02072	0.01527	0.01636	0.01254	0.01691	0.01691	0.01036	0.75622	0.02563	0.03436	0.01309	0.01309	0.00927	0.00654	0.00545	0.00164	0.00600	0.00491	0.00545	0.00927
7	0.01355	0.01185	0.01340	0.01354	0.09724	0.01349	0.00951	0.02763	0.68236	0.02226	0.02089	0.01959	0.01577	0.00712	0.00553	0.00182	0.00455	0.00602	0.00524	0.00863
8	0.01130	0.00969	0.01130	0.00807	0.01292	0.00727	0.00646	0.01373	0.01130	0.01776	0.00969	0.01130	0.00807	0.00404	0.00404	0.00081	0.00404	0.00323	0.00323	0.84173
9	0.01170	0.01162	0.01665	0.12266	0.01754	0.01606	0.01237	0.01323	0.00870	0.01323	0.00751	0.01229	0.00717	0.00897	0.01617	0.00231	0.68867	0.00478	0.00239	0.00598
10	0.13856	0.00945	0.01201	0.00935	0.01345	0.00860	0.00772	0.02511	0.01473	0.67361	0.01958	0.01721	0.01244	0.00651	0.00519	0.00169	0.00458	0.00513	0.00628	0.00881
11	0.01039	0.00554	0.00531	0.00528	0.00658	0.02223	0.00396	0.01290	0.01152	0.02017	0.01758	0.02009	0.01382	0.00634	0.00384	0.00127	0.00270	0.00505	0.82032	0.00511
12	0.00669	0.00478	0.00636	0.00756	0.00792	0.00446	0.00506	0.00770	0.01064	0.01424	0.05992	0.77407	0.03668	0.01684	0.00694	0.00219	0.00314	0.01527	0.00510	0.00446
13	0.01073	0.06025	0.66001	0.01429	0.02143	0.01221	0.01798	0.01644	0.01193	0.01759	0.09539	0.01467	0.01192	0.00583	0.00525	0.00170	0.00734	0.00464	0.00272	0.00768
14	0.14303	0.15526	0.38960	0.01386	0.01980	0.04939	0.09373	0.01698	0.01129	0.01733	0.00904	0.01091	0.00692	0.00520	0.00521	0.00165	0.03699	0.00393	0.00255	0.00731
15	0.02037	0.02598	0.01545	0.01404	0.01685	0.78652	0.01053	0.02177	0.01545	0.01334	0.00843	0.00983	0.00702	0.00562	0.00492	0.00140	0.00983	0.00351	0.00281	0.00632
16	0.01356	0.01171	0.01233	0.01109	0.01418	0.01356	0.00863	0.02897	0.76455	0.02281	0.02219	0.02034	0.01664	0.00740	0.00555	0.00185	0.00431	0.00616	0.00555	0.00863
17	0.01356	0.01171	0.01233	0.01109	0.01418	0.01356	0.00863	0.02897	0.76455	0.02281	0.02219	0.02034	0.01664	0.00740	0.00555	0.00185	0.00431	0.00616	0.00555	0.00863
18	0.00941	0.00474	0.00709	0.00711	0.00712	0.00473	0.00474	0.00711	0.00717	0.00956	0.00988	0.03216	0.01000	0.01890	0.02102	0.82479	0.00470	0.00495	0.00242	0.00241
19	0.01518	0.75693	0.02753	0.00944	0.01404	0.03524	0.00929	0.01694	0.01139	0.05101	0.00829	0.00925	0.00732	0.00479	0.00362	0.00120	0.00585	0.00305	0.00256	0.00710
20	0.00664	0.00474	0.00633	0.00759	0.00791	0.00443	0.00506	0.00759	0.01044	0.01392	0.03005	0.80485	0.03606	0.01708	0.00696	0.00221	0.00316	0.01550	0.00506	0.00443
21	0.00736	0.00568	0.00673	0.00645	0.00798	0.00511	0.00484	0.00975	0.02936	0.01923	0.49067	0.04467	0.31820	0.01206	0.00642	0.00176	0.00268	0.01040	0.00564	0.00501
22	0.11127	0.19303	0.13686	0.01196	0.02888	0.12534	0.02521	0.13506	0.01470	0.15207	0.01145	0.01193	0.00841	0.00559	0.00469	0.00153	0.00646	0.00404	0.00379	0.00773
23	0.01458	0.81168	0.02857	0.00933	0.01399	0.02157	0.00933	0.01632	0.01108	0.01283	0.00758	0.00875	0.00700	0.00466	0.00350	0.00117	0.00583	0.00292	0.00233	0.00700
24	0.00644	0.00552	0.00552	0.00552	0.00736	0.00460	0.00414	0.00782	0.01243	0.01473	0.05523	0.05247	0.77218	0.01381	0.00644	0.00184	0.00276	0.01151	0.00506	0.00460
25	0.01093	0.02820	0.78016	0.01554	0.02360	0.01266	0.02014	0.01727	0.01151	0.01727	0.00978	0.01151	0.00691	0.00518	0.00518	0.00173	0.00806	0.00403	0.00230	0.00806
26	0.01338	0.01283	0.02192	0.06142	0.74736	0.01292	0.01667	0.01663	0.01236	0.01767	0.01023	0.01353	0.00859	0.00488	0.00540	0.00163	0.00651	0.00486	0.00269	0.00854
27	0.00663	0.00478	0.00629	0.00751	0.00789	0.00444	0.00502	0.00760	0.01052	0.01395	0.03106	0.77454	0.06571	0.01695	0.00694	0.00220	0.00315	0.01534	0.00506	0.00444
28	0.01038	0.00977	0.01650	0.77612	0.05610	0.01213	0.01518	0.01400	0.01094	0.01403	0.00970	0.01451	0.00730	0.00544	0.00545	0.00181	0.00725	0.00485	0.00243	0.00612
29	0.05292	0.04359	0.65106	0.01613	0.05325	0.01292	0.06139	0.01717	0.01150	0.01756	0.00972	0.01158	0.00701	0.00512	0.00513	0.00171	0.00782	0.00412	0.00240	0.00791
30	0.01181	0.01175	0.01647	0.01415	0.01418	0.01642	0.01178	0.01302	0.00836	0.01311	0.00737	0.01220	0.00734	0.01043	0.03978	0.00257	0.77611	0.00480	0.00240	0.00593
31	0.00668	0.00476	0.00632	0.00755	0.00786	0.00445	0.00501	0.00760	0.01037	0.01383	0.02971	0.78465	0.03563	0.03786	0.00750	0.00229	0.00322	0.01530	0.00501	0.00440
32	0.19428	0.07799	0.32915	0.01796	0.19773	0.01337	0.06231	0.01681	0.01129	0.01865	0.00933	0.01140	0.00719	0.00500	0.00479	0.00166	0.00675	0.00406	0.00266	0.00760
33	0.00664	0.00553	0.00580	0.00573	0.00749	0.00469	0.00430	0.00821	0.01290	0.01584	0.16731	0.05063	0.65940	0.01339	0.00644	0.00182	0.00273	0.01125	0.00521	0.00469
34	0.01237	0.01096	0.04991	0.00909	0.01369	0.00873	0.00762	0.04458	0.11651	0.04960	0.01255	0.03291	0.01017	0.00509	0.00449	0.00110	0.00435	0.00414	0.00378	0.59835
35	0.01142	0.02532	0.63719	0.01892	0.16520	0.01272	0.01950	0.01716	0.01168	0.01737	0.00987	0.01188	0.00723	0.00512	0.00522	0.00171	0.00776	0.00418	0.00238	0.00817
36	0.00947	0.00473	0.00710	0.00710	0.00710	0.00473	0.00473	0.00710	0.00710	0.00947	0.00947	0.01657	0.00947	0.01894	0.02131	0.84138	0.00473	0.00473	0.00237	0.00237
37	0.01196	0.01299	0.02752	0.02035	0.02499	0.01224	0.61040	0.01607	0.01269	0.01711	0.01454	0.06413	0.01299	0.00673	0.00661	0.00195	0.00828	0.10838	0.00320	0.00687
38	0.00772	0.00557	0.00729	0.00686	0.00814	0.00514	0.00514	0.01029	0.01543	0.02186	0.77152	0.04072	0.05144	0.01115	0.00643	0.00171	0.00257	0.00986	0.00600	0.00514
39	0.00805	0.00542	0.00634	0.00651	0.00669	0.00542	0.00406	0.00840	0.00857	0.01137	0.01880	0.03926	0.02142	0.69834	0.02494	0.00490	0.00525	0.10917	0.00354	0.00354
40	0.84691	0.01054	0.00801	0.00717	0.01054	0.01223	0.00590	0.01603	0.00928	0.02446	0.00759	0.00886	0.00590	0.00506	0.00337	0.00169	0.00422	0.00295	0.00337	0.00590
41	0.84691	0.01054	0.00801	0.00717	0.01054	0.01223	0.00590	0.01603	0.00928	0.02446	0.00759	0.00886	0.00590	0.00506	0.00337	0.00169	0.00422	0.00295	0.00337	0.00590
42	0.02072	0.01527	0.01636	0.01254	0.01691	0.01691	0.01036	0.75622	0.02563	0.03436	0.01309	0.01309	0.00927	0.00654	0.00545	0.00164	0.00600	0.00491	0.00545	0.00927
43	0.00947	0.00473	0.00710	0.00710	0.00710	0.00473	0.00473	0.00710	0.00710	0.00947	0.00947	0.01657	0.00947	0.01894	0.02131	0.84138	0.00473	0.00473	0.00237	0.00237
44	0.84691	0.01054	0.00801	0.00717	0.01054	0.01223	0.00590	0.01603	0.00928	0.02446	0.00759	0.00886	0.00590	0.00506	0.00337	0.00169	0.00422	0.00295	0.00337	0.00590
45	0.01892	0.01393	0.01510	0.01175	0.01569	0.01527	0.00964	0.65273	0.02422	0.03262	0.11831	0.01692	0.01512	0.00718	0.00559	0.00165	0.00552	0.00560	0.00553	0.00870
46	0.01356	0.01171	0.01233	0.01109	0.01418	0.01356	0.00863	0.02897	0.76455	0.02281	0.02219	0.02034	0.01664	0.00740	0.00555	0.00185	0.00431	0.00616	0.00555	0.00863
47	0.00664	0.00474	0.00633	0.00759	0.00791	0.00443	0.00506	0.00759	0.01044	0.01392	0.03005	0.80485	0.03606	0.01708	0.00696	0.00221	0.00316	0.01550	0.00506	0.00443
48	0.02415	0.00977	0.01296	0.00993	0.01416	0.00874	0.00821	0.08646	0.01643	0.71712	0.02082	0.01811	0.01315	0.00673	0.00548	0.00168	0.00475	0.00544	0.00664	0.00928
49	0.00664	0.00476	0.00631	0.00755	0.00790	0.00443	0.00504	0.00760	0.01048	0.01393	0.03059	0.78851	0.05204	0.01701	0.00695	0.00221	0.00315	0.01541	0.00506	0.00443
50	0.02266	0.00923	0.01230	0.00963	0.01359	0.00824	0.00788	0.02576	0.06972	0.67792	0.06684	0.02002	0.01601	0.00706	0.00554	0.00170	0.00449	0.00580	0.00662	0.00898
51	0.00779	0.00584	0.00876	0.00876	0.00974	0.00681	0.00681	0.00974	0.00876	0.01266	0.01460	0.02142	0.01363	0.04089	0.78680	0.00876	0.01460	0.00584	0.00292	0.00487
52	0.03899	0.01416	0.01546	0.01196	0.01622	0.01540	0.00985	0.60250	0.06073	0.13676	0.01459	0.01412	0.01015	0.00658	0.00542	0.00165	0.00569	0.00501	0.00559	0.00917
53	0.01202	0.01472	0.08576	0.02051	0.02581	0.01270	0.61711	0.01640	0.01272	0.01715	0.01576	0.01859	0.09164	0.00565	0.00634	0.00183	0.00840	0.00681	0.00297	0.00711
54	0.01840	0.01392	0.03026	0.01488	0.12114	0.01474	0.01079	0.49318	0.07900	0.07598	0.01459	0.04434	0.01122	0.02472	0.00601	0.00176	0.00577	0.00548	0.00504	0.00880
55	0.01172	0.01162	0.01630	0.01404	0.01408	0.01621	0.01167	0.01295	0.00837	0.01310	0.00753	0.01240	0.00748	0.01111	0.05624	0.00270	0.75933	0.00482	0.00241	0.00591
56	0.01130	0.00969	0.01130	0.00807	0.01292	0.00727	0.00646	0.01373	0.01130	0.01776	0.00969	0.01130	0.00807	0.00404	0.00404	0.00081	0.00404	0.00323	0.00323	0.84173
57	0.01360	0.54422	0.26332	0.01141	0.01708	0.04056	0.01275	0.01677	0.01134	0.01423	0.00829	0.00964	0.00697	0.00485	0.00406	0.00135	0.00664	0.00328	0.00234	0.00731
58	0.01480	0.01222	0.02043	0.08144	0.61930	0.01221	0.01541	0.01791	0.01275	0.12304	0.01178	0.01427	0.00922	0.00516	0.00541	0.00164	0.00627	0.00494	0.00324	0.00855
59	0.00772	0.00557	0.00729	0.00686	0.00814	0.00514	0.00514	0.01029	0.01543	0.02186	0.77152	0.04072	0.05144	0.01115	0.00643	0.00171	0.00257	0.00986	0.00600	0.00514
60	0.01507	0.01137	0.01237	0.01090	0.01414	0.01279	0.00854	0.02864	0.66064	0.12760	0.02209	0.02009	0.01621	0.00731	0.00554	0.00183	0.00436	0.00607	0.00571	0.00872
61	0.73281	0.01037	0.00866	0.00752	0.01101	0.01165	0.00620	0.01749	0.01016	0.12902	0.00952	0.01020	0.00696	0.00529	0.00367	0.00169	0.00428	0.00330	0.00384	0.00637
62	0.00733	0.00556	0.00690	0.00763	0.00883	0.00513	0.00596	0.00901	0.01207	0.01538	0.07540	0.26277	0.29130	0.01499	0.00694	0.00216	0.00360	0.24925	0.00510	0.00472
63	0.00719	0.00555	0.00656	0.00631	0.00782	0.00492	0.00473	0.00928	0.01420	0.01893	0.47745	0.04554	0.34733	0.01224	0.00644	0.00177	0.00265	0.01054	0.00562	0.00492
64	0.00674	0.00484	0.00643	0.00767	0.00807	0.00452	0.00523	0.00778	0.01058	0.01405	0.03051	0.75216	0.05110	0.01691	0.00698	0.00222	0.00325	0.05143	0.00506	0.00446
65	0.01030	0.00969	0.01635	0.79530	0.03755	0.01211	0.01514	0.01393	0.01090	0.01393	0.00969	0.01453	0.00727	0.00545	0.00545	0.00182	0.00727	0.00484	0.00242	0.00606
66	0.84691	0.01054	0.00801	0.00717	0.01054	0.01223	0.00590	0.01603	0.00928	0.02446	0.00759	0.00886	0.00590	0.00506	0.00337	0.00169	0.00422	0.00295	0.00337	0.00590
67	0.00662	0.00553	0.00577	0.00571	0.00747	0.00468	0.00428	0.00817	0.01284	0.01572	0.15460	0.05084	0.67219	0.01344	0.00644	0.00182	0.00274	0.01128	0.00519	0.00468
68	0.00824	0.00526	0.00583	0.00583	0.00600	0.00526	0.00337	0.00859	0.00841	0.01192	0.01726	0.03355	0.01901	0.69713	0.02443	0.00473	0.00490	0.00753	0.11920	0.00355
69	0.00716	0.00511	0.00692	0.00818	0.00872	0.00487	0.00596	0.00848	0.01095	0.01449	0.02976	0.62622	0.03493	0.01659	0.00710	0.00229	0.00361	0.18905	0.00505	0.00457
70	0.00664	0.00476	0.00631	0.00754	0.00790	0.00443	0.00504	0.00760	0.01048	0.01394	0.03061	0.78799	0.05255	0.01701	0.00695	0.00221	0.00315	0.01541	0.00506	0.00443
71	0.01030	0.00969	0.01635	0.79530	0.03755	0.01211	0.01514	0.01393	0.01090	0.01393	0.00969	0.01453	0.00727	0.00545	0.00545	0.00182	0.00727	0.00484	0.00242	0.00606
72	0.01341	0.01320	0.02352	0.03201	0.67092	0.01307	0.11910	0.01683	0.01248	0.01776	0.01036	0.01366	0.00859	0.00482	0.00554	0.00165	0.00685	0.00508	0.00271	0.00846
73	0.01341	0.01320	0.02352	0.03201	0.67092	0.01307	0.11910	0.01683	0.01248	0.01776	0.01036	0.01366	0.00859	0.00482	0.00554	0.00165	0.00685	0.00508	0.00271	0.00846
74	0.01093	0.02820	0.78016	0.01554	0.02360	0.01266	0.02014	0.01727	0.01151	0.01727	0.00978	0.01151	0.00691	0.00518	0.00518	0.00173	0.00806	0.00403	0.00230	0.00806
75	0.00653	0.00520	0.00586	0.00639	0.00759	0.00453	0.00453	0.00773	0.01159	0.01439	0.04466	0.36833	0.46314	0.01518	0.00666	0.00200	0.00293	0.01318	0.00506	0.00453
76	0.01470	0.79447	0.02828	0.00943	0.01406	0.03833	0.00935	0.01644	0.01117	0.01284	0.00760	0.00877	0.00700	0.00469	0.00353	0.00117	0.00592	0.00293	0.00234	0.00698
77	0.00947	0.00473	0.00710	0.00710	0.00710	0.00473	0.00473	0.00710	0.00710	0.00947	0.00947	0.01657	0.00947	0.01894	0.02131	0.84138	0.00473	0.00473	0.00237	0.00237
78	0.00775	0.00521	0.00600	0.00617	0.00622	0.00517	0.00355	0.00788	0.00828	0.01104	0.01896	0.14238	0.02207	0.69862	0.02486	0.00486	0.00499	0.00898	0.00355	0.00346
79	0.00779	0.00584	0.00876	0.00876	0.00974	0.00681	0.00681	0.00974	0.00876	0.01266	0.01460	0.02142	0.01363	0.04089	0.78680	0.00876	0.01460	0.00584	0.00292	0.00487
80	0.01146	0.02487	0.60756	0.01870	0.12820	0.01280	0.08588	0.01721	0.01176	0.01736	0.00996	0.01207	0.00727	0.00508	0.00532	0.00172	0.00794	0.00436	0.00240	0.00807
81	0.73120	0.01112	0.01136	0.00936	0.01303	0.01245	0.10977	0.01623	0.00978	0.02349	0.00807	0.00967	0.00623	0.00500	0.00380	0.00171	0.00491	0.00344	0.00329	0.00611
82	0.82350	0.01051	0.00814	0.00724	0.01064	0.01211	0.00596	0.01633	0.00946	0.04592	0.00799	0.00913	0.00612	0.00511	0.00343	0.00169	0.00423	0.00302	0.00347	0.00600
83	0.02214	0.00876	0.01191	0.00931	0.01312	0.00761	0.00761	0.02431	0.01558	0.67325	0.12556	0.02163	0.01876	0.00736	0.00561	0.00169	0.00435	0.00609	0.00664	0.00870
84	0.02371	0.01188	0.01322	0.01044	0.01447	0.11644	0.00848	0.06108	0.01607	0.63621	0.01929	0.01708	0.01239	0.00658	0.00540	0.00165	0.00542	0.00518	0.00614	0.00887
85	0.02138	0.00873	0.01173	0.00943	0.01303	0.00773	0.00760	0.03649	0.03061	0.62911	0.03673	0.12800	0.01733	0.00827	0.00571	0.00176	0.00441	0.00696	0.00645	0.00851
86	0.00655	0.00542	0.00574	0.00589	0.00748	0.00461	0.00433	0.00794	0.01233	0.01503	0.09350	0.15616	0.62803	0.01411	0.00651	0.00189	0.00281	0.01196	0.00512	0.00461
87	0.00786	0.00557	0.00740	0.00740	0.00791	0.00608	0.00512	0.00886	0.00836	0.01165	0.01584	0.02829	0.01661	0.41102	0.42075	0.00709	0.01011	0.00685	0.00311	0.00411
88	0.01130	0.00969	0.01130	0.00807	0.01292	0.00727	0.00646	0.01373	0.01130	0.01776	0.00969	0.01130	0.00807	0.00404	0.00404	0.00081	0.00404	0.00323	0.00323	0.84173
89	0.01365	0.69981	0.02543	0.00886	0.01288	0.01931	0.00849	0.01516	0.01064	0.01251	0.00891	0.01248	0.00878	0.11617	0.00686	0.00174	0.00575	0.00361	0.00247	0.00648
90	0.03865	0.00903	0.01218	0.00945	0.01343	0.00788	0.00777	0.02519	0.01547	0.70917	0.07568	0.01998	0.01611	0.00704	0.00551	0.00169	0.00448	0.00575	0.00663	0.00891
91	0.00940	0.00478	0.00717	0.00717	0.00721	0.00482	0.00482	0.00721	0.00717	0.00960	0.00968	0.01677	0.00964	0.01982	0.05214	0.80784	0.00513	0.00478	0.00239	0.00247
92	0.12691	0.02575	0.67304	0.01438	0.02178	0.01260	0.01817	0.01709	0.01120	0.01826	0.00948	0.01114	0.00677	0.00516	0.00493	0.00172	0.00752	0.00388	0.00245	0.00776
93	0.01248	0.01276	0.08311	0.01184	0.01703	0.00986	0.14169	0.08813	0.01302	0.01931	0.01027	0.01211	0.00813	0.00449	0.00471	0.00115	0.00551	0.00404	0.00328	0.53708
94	0.00774	0.00524	0.00614	0.00631	0.00641	0.00524	0.00372	0.00797	0.00832	0.01114	0.01883	0.14167	0.02176	0.66034	0.06272	0.00503	0.00546	0.00887	0.00353	0.00354
95	0.01009	0.00922	0.01530	0.68636	0.03391	0.01130	0.01426	0.01356	0.01113	0.01426	0.01235	0.02105	0.01061	0.00678	0.00574	0.00191	0.00696	0.10652	0.00278	0.00591
96	0.05588	0.64575	0.03967	0.00958	0.01403	0.01982	0.00927	0.01808	0.11553	0.01488	0.00965	0.01041	0.00828	0.00507	0.00381	0.00130	0.00558	0.00339	0.00283	0.00719
97	0.00748	0.00553	0.00719	0.00762	0.00804	0.00562	0.00524	0.00858	0.01078	0.01477	0.17026	0.45214	0.03387	0.16616	0.01161	0.00271	0.06104	0.01218	0.00472	0.00446
98	0.00647	0.00541	0.00563	0.00581	0.00744	0.00458	0.00427	0.00779	0.01215	0.01462	0.05173	0.15685	0.67006	0.01426	0.00651	0.00189	0.00282	0.01206	0.00506	0.00458
99	0.01176	0.12095	0.01370	0.00825	0.01307	0.00925	0.00686	0.01409	0.01127	0.01708	0.00940	0.01095	0.00793	0.00412	0.00396	0.00086	0.00429	0.00319	0.00311	0.72593
100	0.01118	0.02623	0.70263	0.01514	0.02269	0.01219	0.03757	0.01717	0.01185	0.03748	0.04811	0.01323	0.00933	0.00550	0.00528	0.00173	0.00772	0.00442	0.00261	0.00793
101	0.01792	0.11946	0.14538	0.01406	0.04481	0.35638	0.01218	0.19143	0.01652	0.01900	0.00970	0.01087	0.00758	0.00562	0.00493	0.00149	0.00803	0.00390	0.00328	0.00746
102	0.01093	0.02820	0.78016	0.01554	0.02360	0.01266	0.02014	0.01727	0.01151	0.01727	0.00978	0.01151	0.00691	0.00518	0.00518	0.00173	0.00806	0.00403	0.00230	0.00806
103	0.01033	0.00974	0.01636	0.77917	0.03707	0.01221	0.01507	0.01391	0.01085	0.01391	0.00964	0.01448	0.00727	0.00554	0.00571	0.00183	0.02361	0.00484	0.00242	0.00605
104	0.29316	0.11874	0.16562	0.01294	0.06998	0.14169	0.03068	0.07708	0.01260	0.01988	0.00888	0.01035	0.00695	0.00522	0.00439	0.00158	0.00654	0.00364	0.00304	0.00704

[dist]
# distance from previous block
# <min> <max>
0	1

[block]
# block no. 2 follows, 44 sequences, length 50
# corresponding to MSA columns:
# 338-387
name=unknown_C
#
# <colnr> <probs for GDERKNQSTAVLIFYWHMCP>
#	G	D	E	R	K	N	Q	S	T	A	V	L	I	F	Y	W	H	M	C	P
0	0.01410	0.21581	0.01406	0.00831	0.01114	0.07913	0.00700	0.14978	0.01427	0.02035	0.01350	0.01513	0.01072	0.00589	0.00413	0.00132	0.00465	0.00436	0.39990	0.00644
1	0.01051	0.00588	0.00711	0.00678	0.00753	0.00563	0.00432	0.01098	0.00953	0.13863	0.01957	0.13304	0.02088	0.57202	0.02134	0.00429	0.00490	0.00851	0.00410	0.00444
2	0.00711	0.00544	0.00653	0.00649	0.00783	0.00485	0.00478	0.00903	0.01365	0.01820	0.41165	0.15517	0.30362	0.01294	0.00651	0.00183	0.00272	0.01125	0.00553	0.00485
3	0.01567	0.27574	0.09879	0.01175	0.04390	0.03064	0.01047	0.16287	0.09137	0.09492	0.07800	0.01509	0.01297	0.00629	0.00522	0.00154	0.02818	0.00474	0.00404	0.00780
4	0.02446	0.00928	0.01265	0.00970	0.01392	0.00801	0.00801	0.02657	0.01560	0.77817	0.02151	0.01856	0.01350	0.00675	0.00548	0.00169	0.00464	0.00548	0.00675	0.00928
5	0.00781	0.00575	0.00829	0.00829	0.00911	0.00656	0.00623	0.00943	0.00862	0.01231	0.01503	0.02379	0.01466	0.16850	0.66060	0.00818	0.01305	0.00619	0.00298	0.00461
6	0.03112	0.01300	0.01503	0.02640	0.03721	0.08703	0.01052	0.21257	0.01390	0.01913	0.01036	0.01379	0.00891	0.01376	0.15203	0.00320	0.31703	0.00485	0.00337	0.00676
7	0.01336	0.01282	0.02190	0.06407	0.74479	0.01292	0.01667	0.01662	0.01235	0.01765	0.01023	0.01353	0.00858	0.00488	0.00540	0.00163	0.00651	0.00486	0.00269	0.00853
8	0.01030	0.00969	0.01635	0.79530	0.03755	0.01211	0.01514	0.01393	0.01090	0.01393	0.00969	0.01453	0.00727	0.00545	0.00545	0.00182	0.00727	0.00484	0.00242	0.00606
9	0.00664	0.00474	0.00633	0.00759	0.00791	0.00443	0.00506	0.00759	0.01044	0.01392	0.03005	0.80485	0.03606	0.01708	0.00696	0.00221	0.00316	0.01550	0.00506	0.00443
10	0.01842	0.02191	0.01456	0.01320	0.01609	0.56578	0.00999	0.02383	0.22937	0.01605	0.01236	0.01283	0.00977	0.00613	0.00510	0.00153	0.00826	0.00427	0.00359	0.00698
11	0.02072	0.01527	0.01636	0.01254	0.01691	0.01691	0.01036	0.75622	0.02563	0.03436	0.01309	0.01309	0.00927	0.00654	0.00545	0.00164	0.00600	0.00491	0.00545	0.00927
12	0.01547	0.43769	0.07464	0.01255	0.08100	0.08339	0.01067	0.10523	0.01346	0.04115	0.00938	0.01063	0.00779	0.00560	0.01617	0.00143	0.00638	0.00360	0.00298	0.06080
13	0.01473	0.73646	0.02708	0.00956	0.01403	0.06476	0.00929	0.01671	0.02561	0.01308	0.00881	0.00985	0.02165	0.00494	0.00367	0.00121	0.00597	0.00317	0.00247	0.00694
14	0.00994	0.00825	0.04403	0.01099	0.07309	0.02759	0.02285	0.01197	0.01151	0.07575	0.02539	0.25596	0.11222	0.01696	0.13613	0.00310	0.00620	0.10503	0.00434	0.03872
15	0.01326	0.11064	0.41209	0.01331	0.01913	0.05009	0.01480	0.05244	0.15175	0.05327	0.01333	0.01401	0.02503	0.00598	0.00544	0.00169	0.02792	0.00456	0.00333	0.00794
16	0.01027	0.00888	0.03137	0.00902	0.01128	0.00900	0.00718	0.01839	0.33920	0.02120	0.32380	0.05375	0.08111	0.00987	0.00608	0.00183	0.00362	0.04190	0.00557	0.00667
17	0.01480	0.01380	0.02892	0.02077	0.02607	0.01283	0.63046	0.01898	0.01332	0.14394	0.01277	0.01535	0.00914	0.00495	0.00628	0.00181	0.00843	0.00628	0.00342	0.00767
18	0.00995	0.00798	0.01249	0.01078	0.01283	0.02918	0.13080	0.01223	0.01087	0.06570	0.05494	0.06956	0.08554	0.03677	0.40556	0.00541	0.01025	0.00715	0.01646	0.00556
19	0.03309	0.01346	0.12218	0.03531	0.09757	0.01109	0.01123	0.14511	0.04813	0.40085	0.01674	0.01593	0.01119	0.00626	0.00539	0.00169	0.00559	0.00509	0.00525	0.00887
20	0.02446	0.00928	0.01265	0.00970	0.01392	0.00801	0.00801	0.02657	0.01560	0.77817	0.02151	0.01856	0.01350	0.00675	0.00548	0.00169	0.00464	0.00548	0.00675	0.00928
21	0.02446	0.00928	0.01265	0.00970	0.01392	0.00801	0.00801	0.02657	0.01560	0.77817	0.02151	0.01856	0.01350	0.00675	0.00548	0.00169	0.00464	0.00548	0.00675	0.00928
22	0.01166	0.01148	0.02067	0.44382	0.25179	0.01264	0.13855	0.01534	0.01167	0.01565	0.01008	0.01426	0.00784	0.00513	0.00560	0.00176	0.00736	0.00511	0.00256	0.00703
23	0.01845	0.01204	0.13988	0.10392	0.01759	0.00888	0.01043	0.02136	0.01400	0.47267	0.02203	0.02081	0.09892	0.00714	0.00554	0.00173	0.00530	0.00586	0.00530	0.00815
24	0.00947	0.00473	0.00710	0.00710	0.00710	0.00473	0.00473	0.00710	0.00710	0.00947	0.00947	0.01657	0.00947	0.01894	0.02131	0.84138	0.00473	0.00473	0.00237	0.00237
25	0.01241	0.01055	0.01133	0.01051	0.01313	0.01204	0.00804	0.02541	0.63916	0.02133	0.02350	0.15078	0.01987	0.00901	0.00578	0.00191	0.00412	0.00772	0.00547	0.00793
26	0.01265	0.01199	0.01673	0.15091	0.33731	0.06806	0.01328	0.01772	0.13750	0.01741	0.01526	0.02290	0.01359	0.00721	0.00577	0.00183	0.00624	0.13269	0.00354	0.00741
27	0.00947	0.00473	0.00710	0.00710	0.00710	0.00473	0.00473	0.00710	0.00710	0.00947	0.00947	0.01657	0.00947	0.01894	0.02131	0.84138	0.00473	0.00473	0.00237	0.00237
28	0.01093	0.02820	0.78016	0.01554	0.02360	0.01266	0.02014	0.01727	0.01151	0.01727	0.00978	0.01151	0.00691	0.00518	0.00518	0.00173	0.00806	0.00403	0.00230	0.00806
29	0.00857	0.00612	0.00854	0.00979	0.01095	0.00609	0.00841	0.01092	0.01234	0.01607	0.02898	0.13617	0.03185	0.01526	0.00747	0.00248	0.00483	0.66515	0.00502	0.00496
30	0.14890	0.00724	0.00906	0.00994	0.02740	0.00745	0.00832	0.01284	0.01223	0.05168	0.04911	0.04913	0.02653	0.01268	0.00667	0.00229	0.00482	0.54347	0.00481	0.00544
31	0.01241	0.01055	0.01133	0.01051	0.01313	0.01204	0.00804	0.02541	0.63916	0.02133	0.02350	0.15078	0.01987	0.00901	0.00578	0.00191	0.00412	0.00772	0.00547	0.00793
32	0.02303	0.01088	0.01356	0.01047	0.01467	0.01048	0.00862	0.20796	0.05261	0.55856	0.01945	0.01728	0.01259	0.00673	0.00548	0.00168	0.00496	0.00537	0.00637	0.00925
33	0.01100	0.01049	0.01384	0.01219	0.01241	0.03832	0.00978	0.01210	0.00856	0.01264	0.00983	0.01704	0.01010	0.14631	0.11893	0.00366	0.53939	0.00539	0.00262	0.00539
34	0.00686	0.00483	0.00626	0.00732	0.00758	0.00457	0.00477	0.00765	0.01002	0.01336	0.02791	0.67696	0.03336	0.14865	0.01042	0.00272	0.00352	0.01424	0.00477	0.00424
35	0.00930	0.00708	0.00846	0.03903	0.01061	0.00714	0.00630	0.13269	0.01366	0.01785	0.06476	0.37712	0.20860	0.02954	0.00711	0.00206	0.01654	0.03178	0.00498	0.00539
36	0.01207	0.01129	0.01673	0.01233	0.01705	0.00996	0.19534	0.01720	0.13694	0.01853	0.01211	0.01366	0.00955	0.00474	0.00489	0.00124	0.00538	0.00453	0.00350	0.49296
37	0.02044	0.02386	0.01563	0.01375	0.01686	0.63376	0.01050	0.16755	0.01747	0.01751	0.00935	0.01048	0.00747	0.00580	0.00502	0.00145	0.00907	0.00379	0.00333	0.00691
38	0.01260	0.11591	0.36891	0.01631	0.05589	0.08607	0.13867	0.01687	0.01180	0.01597	0.01021	0.04291	0.00840	0.00586	0.00626	0.00172	0.07092	0.00480	0.00256	0.00737
39	0.02760	0.13008	0.52010	0.01362	0.02016	0.01384	0.01618	0.01891	0.13670	0.01782	0.02790	0.01318	0.00948	0.00560	0.00501	0.00167	0.00694	0.00434	0.00295	0.00791
40	0.01945	0.02373	0.01530	0.01376	0.01653	0.65561	0.01044	0.05452	0.07497	0.01501	0.00967	0.01091	0.00789	0.00598	0.00559	0.00150	0.04557	0.00384	0.00312	0.00662
41	0.00755	0.00587	0.00644	0.00626	0.00803	0.00516	0.00473	0.03006	0.01340	0.03318	0.19903	0.08173	0.54073	0.01307	0.00643	0.00183	0.00291	0.02335	0.00530	0.00495
42	0.01218	0.01246	0.05541	0.02733	0.54049	0.01160	0.08603	0.01531	0.01209	0.01710	0.01360	0.14509	0.01308	0.00688	0.00575	0.00174	0.00626	0.00674	0.00308	0.00779
43	0.01335	0.01034	0.01701	0.49718	0.19563	0.01162	0.01431	0.01665	0.01202	0.14185	0.01178	0.01497	0.00860	0.00554	0.00544	0.00175	0.00666	0.00495	0.00320	0.00716
44	0.62844	0.00946	0.00831	0.00740	0.01030	0.01058	0.00591	0.01556	0.00953	0.09458	0.00924	0.01107	0.00723	0.00753	0.00656	0.14130	0.00434	0.00349	0.00353	0.00564
45	0.01304	0.42593	0.37759	0.01234	0.01854	0.03841	0.01439	0.01691	0.01140	0.01490	0.00863	0.01006	0.00696	0.00493	0.00432	0.00143	0.00698	0.00345	0.00233	0.00747
46	0.15372	0.58512	0.02355	0.00946	0.01371	0.09791	0.00886	0.01700	0.01130	0.02733	0.00790	0.00904	0.00692	0.00486	0.00365	0.00129	0.00595	0.00302	0.00263	0.00678
47	0.01413	0.62185	0.08220	0.01379	0.14112	0.01949	0.01135	0.01646	0.01133	0.01398	0.00818	0.00974	0.00726	0.00473	0.00394	0.00128	0.00610	0.00332	0.00239	0.00735
48	0.01394	0.14875	0.05443	0.02027	0.26293	0.10060	0.13592	0.02964	0.03680	0.03126	0.02343	0.01423	0.01935	0.00801	0.06391	0.00212	0.01912	0.00490	0.00296	0.00746
49	0.00790	0.00538	0.00641	0.00641	0.00658	0.00554	0.00389	0.00823	0.00807	0.01092	0.01675	0.03331	0.01879	0.68079	0.15395	0.00586	0.00683	0.00758	0.00324	0.00356

[dist]
# distance from previous block
# <min> <max>
0	39

[block]
# block no. 3 follows, 44 sequences, length 19
# corresponding to MSA columns:
# 427-445
name=unknown_D
#
# <colnr> <probs for GDERKNQSTAVLIFYWHMCP>
#	G	D	E	R	K	N	Q	S	T	A	V	L	I	F	Y	W	H	M	C	P
0	0.01958	0.01399	0.01514	0.01190	0.01597	0.01541	0.00974	0.56855	0.14021	0.08601	0.01526	0.01482	0.01086	0.00669	0.00542	0.00166	0.00554	0.00515	0.02904	0.00905
1	0.00681	0.00487	0.00648	0.00748	0.00794	0.00454	0.00507	0.00801	0.01122	0.01516	0.14615	0.68519	0.03847	0.01615	0.00688	0.00214	0.00307	0.01462	0.00521	0.00454
2	0.02446	0.00928	0.01265	0.00970	0.01392	0.00801	0.00801	0.02657	0.01560	0.77817	0.02151	0.01856	0.01350	0.00675	0.00548	0.00169	0.00464	0.00548	0.00675	0.00928
3	0.00870	0.00676	0.01005	0.00861	0.00948	0.00662	0.12095	0.00942	0.00870	0.01165	0.01621	0.03239	0.01801	0.68254	0.02441	0.00475	0.00590	0.00769	0.00322	0.00394
4	0.02446	0.00928	0.01265	0.00970	0.01392	0.00801	0.00801	0.02657	0.01560	0.77817	0.02151	0.01856	0.01350	0.00675	0.00548	0.00169	0.00464	0.00548	0.00675	0.00928
5	0.01030	0.00969	0.01635	0.79530	0.03755	0.01211	0.01514	0.01393	0.01090	0.01393	0.00969	0.01453	0.00727	0.00545	0.00545	0.00182	0.00727	0.00484	0.00242	0.00606
6	0.00656	0.00540	0.00577	0.00594	0.00750	0.00461	0.00436	0.00796	0.01232	0.01510	0.10113	0.16946	0.60676	0.01413	0.00652	0.00189	0.00281	0.01202	0.00513	0.00461
7	0.01093	0.02820	0.78016	0.01554	0.02360	0.01266	0.02014	0.01727	0.01151	0.01727	0.00978	0.01151	0.00691	0.00518	0.00518	0.00173	0.00806	0.00403	0.00230	0.00806
8	0.01877	0.02271	0.01383	0.01264	0.01521	0.66415	0.00948	0.02035	0.01482	0.01444	0.00989	0.01147	0.00811	0.00573	0.00474	0.00138	0.00869	0.00376	0.13370	0.00613
9	0.01193	0.01193	0.01670	0.01431	0.01431	0.01670	0.01193	0.01312	0.00835	0.01312	0.00716	0.01193	0.00716	0.00954	0.01789	0.00239	0.79843	0.00477	0.00239	0.00596
10	0.00779	0.00582	0.00865	0.00865	0.00958	0.00675	0.00667	0.00966	0.00873	0.01257	0.01471	0.02199	0.01388	0.07163	0.75640	0.00862	0.01423	0.00592	0.00294	0.00480
