[name]
unknown

[dist]
# distance from previous block
# <min> <max>
0	60

[block]
# block no. 0 follows, 38 sequences, length 6
# corresponding to MSA columns:
# 70-75
name=unknown_A
#
# <colnr> <probs for GDERKNQSTAVLIFYWHMCP>
#	G	D	E	R	K	N	Q	S	T	A	V	L	I	F	Y	W	H	M	C	P
0	0.00761	0.00575	0.00707	0.00784	0.00891	0.00521	0.00565	0.00915	0.01301	0.01685	0.12176	0.41793	0.25566	0.01682	0.00750	0.00229	0.00347	0.07675	0.00570	0.00509
1	0.01489	0.01429	0.02442	0.03692	0.75106	0.01429	0.01846	0.01846	0.01370	0.01965	0.01132	0.01489	0.00953	0.00536	0.00596	0.00179	0.00715	0.00536	0.00298	0.00953
2	0.01768	0.01282	0.01505	0.11887	0.01920	0.01400	0.01053	0.41353	0.02141	0.07085	0.02087	0.15487	0.06440	0.00966	0.00639	0.00197	0.00594	0.00800	0.00553	0.00844
3	0.67959	0.01165	0.00950	0.00831	0.01195	0.01334	0.00682	0.08945	0.01226	0.02771	0.00995	0.01132	0.00765	0.00587	0.00400	0.00182	0.00469	0.00368	0.07365	0.00681
4	0.00935	0.00724	0.00922	0.10992	0.01294	0.00763	0.00677	0.03939	0.01209	0.01593	0.10007	0.14725	0.14883	0.29474	0.01611	0.00347	0.03936	0.01012	0.00448	0.00508
5	0.09146	0.01455	0.01351	0.01157	0.01523	0.13824	0.00913	0.10433	0.23737	0.18349	0.02321	0.02193	0.09371	0.00812	0.00587	0.00188	0.00587	0.00632	0.00562	0.00858

[dist]
# distance from previous block
# <min> <max>
0	1

[block]
# block no. 1 follows, 38 sequences, length 13
# corresponding to MSA columns:
# 77-89
name=unknown_B
#
# <colnr> <probs for GDERKNQSTAVLIFYWHMCP>
#	G	D	E	R	K	N	Q	S	T	A	V	L	I	F	Y	W	H	M	C	P
0	0.01218	0.00968	0.01138	0.00855	0.01307	0.00749	0.00678	0.01473	0.01335	0.05574	0.09979	0.02128	0.09189	0.00661	0.00511	0.00117	0.00416	0.00547	0.00431	0.60727
1	0.01624	0.01331	0.01406	0.01224	0.01581	0.01522	0.00963	0.15909	0.57733	0.02738	0.02243	0.02098	0.01674	0.00794	0.00602	0.00197	0.00501	0.00649	0.04264	0.00948
2	0.01452	0.00928	0.04755	0.00955	0.01259	0.00758	0.00772	0.03258	0.03959	0.23091	0.07828	0.27733	0.08699	0.01180	0.00655	0.00196	0.00437	0.01025	0.00583	0.10478
3	0.01494	0.01551	0.02283	0.17395	0.25419	0.11687	0.17180	0.01987	0.08171	0.01867	0.01266	0.01586	0.00995	0.00587	0.00609	0.00186	0.00809	0.00568	0.03545	0.00815
4	0.01766	0.03949	0.01848	0.04746	0.01852	0.01774	0.03077	0.33469	0.08409	0.02617	0.01264	0.01464	0.00994	0.00814	0.01048	0.00207	0.26195	0.00540	0.00449	0.03517
5	0.00792	0.00588	0.00697	0.00715	0.00817	0.00545	0.00492	0.00931	0.01268	0.01669	0.20097	0.19747	0.24357	0.20097	0.04221	0.00329	0.00426	0.01199	0.00527	0.00485
6	0.02006	0.23465	0.04439	0.01362	0.01749	0.48172	0.01125	0.02192	0.01549	0.04535	0.01146	0.01259	0.03344	0.00626	0.00509	0.00152	0.00908	0.00411	0.00320	0.00731
7	0.01319	0.01334	0.01882	0.20195	0.09139	0.08890	0.12657	0.01728	0.06781	0.01740	0.01619	0.09825	0.04474	0.00800	0.00742	0.00195	0.07523	0.00698	0.00357	0.08101
8	0.00850	0.00596	0.00727	0.00769	0.00787	0.00603	0.00490	0.00902	0.00990	0.01325	0.02371	0.27642	0.02770	0.47810	0.02184	0.00449	0.03250	0.04629	0.00432	0.00424
9	0.00744	0.00532	0.00691	0.00813	0.00852	0.00497	0.00538	0.00842	0.01138	0.01509	0.03319	0.69211	0.06892	0.08187	0.00954	0.00270	0.00366	0.01623	0.00543	0.00479
10	0.01483	0.00969	0.01269	0.09271	0.06721	0.01000	0.00918	0.13062	0.05462	0.15116	0.02325	0.25874	0.03679	0.08933	0.00903	0.00246	0.00531	0.00971	0.00533	0.00734
11	0.01279	0.00899	0.01028	0.00918	0.01064	0.06061	0.03389	0.03615	0.03375	0.10526	0.06563	0.03141	0.02049	0.42832	0.08535	0.02277	0.00694	0.00771	0.00433	0.00550
12	0.00871	0.00559	0.00747	0.00854	0.00919	0.00516	0.00581	0.00985	0.01192	0.06729	0.03250	0.73102	0.03804	0.01805	0.00756	0.00240	0.00360	0.01633	0.00571	0.00526

[dist]
# distance from previous block
# <min> <max>
0	1

[block]
# block no. 2 follows, 38 sequences, length 13
# corresponding to MSA columns:
# 91-103
name=unknown_C
#
# <colnr> <probs for GDERKNQSTAVLIFYWHMCP>
#	G	D	E	R	K	N	Q	S	T	A	V	L	I	F	Y	W	H	M	C	P
0	0.01380	0.01018	0.01185	0.01054	0.01253	0.01113	0.00794	0.27646	0.01684	0.02276	0.02022	0.22600	0.02090	0.17409	0.09519	0.00370	0.04486	0.00932	0.00494	0.00675
1	0.01300	0.01385	0.05841	0.39040	0.20466	0.03560	0.08145	0.01679	0.01250	0.01681	0.01064	0.01516	0.00844	0.00625	0.00754	0.00200	0.09071	0.00541	0.00278	0.00760
2	0.01678	0.01444	0.01513	0.17295	0.02119	0.12097	0.01117	0.18304	0.18749	0.06020	0.01783	0.09626	0.01477	0.00825	0.00607	0.00192	0.00657	0.00675	0.03008	0.00816
3	0.01294	0.01295	0.02244	0.31930	0.15602	0.01513	0.14650	0.01640	0.01201	0.01660	0.01037	0.01515	0.00845	0.00686	0.00965	0.00213	0.20125	0.00565	0.00278	0.00741
4	0.01380	0.01360	0.02105	0.32934	0.37680	0.05703	0.01702	0.01728	0.01293	0.01732	0.01073	0.01500	0.00872	0.00601	0.00686	0.00192	0.05846	0.00526	0.00284	0.00805
5	0.00951	0.00722	0.00892	0.00840	0.00898	0.00772	0.00569	0.01017	0.00950	0.01329	0.01808	0.11194	0.02032	0.48429	0.07277	0.00486	0.10922	0.00856	0.00368	0.07690
6	0.01615	0.05511	0.03891	0.23257	0.16357	0.24539	0.01440	0.02061	0.09305	0.01706	0.01167	0.01442	0.00932	0.00630	0.00624	0.00181	0.03754	0.00493	0.00323	0.00773
7	0.01138	0.00763	0.00907	0.00907	0.01054	0.00776	0.00653	0.09917	0.07710	0.05711	0.02731	0.45719	0.02932	0.06234	0.00830	0.00240	0.00413	0.01246	0.09499	0.00621
8	0.00826	0.00604	0.00710	0.00723	0.00877	0.00532	0.00527	0.01001	0.01410	0.04543	0.22330	0.24285	0.36426	0.01516	0.00722	0.00210	0.00319	0.01315	0.00591	0.00537
9	0.06928	0.00747	0.00884	0.05201	0.01189	0.00739	0.00669	0.03184	0.05832	0.07926	0.06832	0.32816	0.21984	0.01399	0.00685	0.00215	0.00398	0.01212	0.00553	0.00606
10	0.01521	0.03073	0.04515	0.04280	0.01683	0.06655	0.03120	0.01725	0.01174	0.11450	0.01245	0.05273	0.01086	0.00908	0.01292	0.00219	0.40336	0.00576	0.04481	0.05388
11	0.00810	0.00581	0.00708	0.00777	0.00827	0.00561	0.00505	0.00951	0.03880	0.01491	0.05422	0.44504	0.08052	0.26347	0.01488	0.00346	0.00423	0.01354	0.00502	0.00471
12	0.01049	0.00646	0.00812	0.00772	0.00869	0.00643	0.00526	0.01160	0.01109	0.09036	0.11609	0.03574	0.05373	0.42585	0.17165	0.00553	0.00732	0.00845	0.00442	0.00499

[dist]
# distance from previous block
# <min> <max>
0	3

[block]
# block no. 3 follows, 38 sequences, length 18
# corresponding to MSA columns:
# 107-124
name=unknown_D
#
# <colnr> <probs for GDERKNQSTAVLIFYWHMCP>
#	G	D	E	R	K	N	Q	S	T	A	V	L	I	F	Y	W	H	M	C	P
0	0.01623	0.14571	0.06047	0.01593	0.10789	0.12699	0.06792	0.10974	0.05747	0.04712	0.03284	0.10169	0.01454	0.00771	0.00573	0.00176	0.00683	0.00645	0.05903	0.00793
1	0.02233	0.01481	0.01669	0.01350	0.03726	0.01591	0.01072	0.48983	0.08993	0.17579	0.01722	0.01709	0.01220	0.03001	0.00675	0.00195	0.00615	0.00576	0.00616	0.00996
2	0.02108	0.02776	0.07124	0.04297	0.04318	0.65956	0.01279	0.02318	0.01645	0.01522	0.00952	0.01129	0.00781	0.00613	0.00548	0.00160	0.01049	0.00401	0.00304	0.00718
3	0.04030	0.01621	0.02362	0.03462	0.14182	0.08658	0.23046	0.17535	0.01707	0.06839	0.01246	0.01482	0.00947	0.00627	0.00721	0.00189	0.06701	0.00567	0.00396	0.03681
4	0.00865	0.00616	0.00702	0.00697	0.00852	0.00545	0.00500	0.01015	0.01343	0.05618	0.15988	0.15659	0.39494	0.12157	0.01038	0.00258	0.00357	0.01214	0.00558	0.00522
5	0.01632	0.01634	0.03681	0.14064	0.14992	0.16738	0.05828	0.04336	0.06316	0.06415	0.01229	0.01465	0.00960	0.00620	0.00658	0.00173	0.05557	0.00501	0.00360	0.12841
6	0.19217	0.01066	0.01110	0.00914	0.01298	0.01051	0.00731	0.09016	0.09931	0.08190	0.06513	0.02390	0.14527	0.00804	0.00540	0.00167	0.00446	0.00632	0.00499	0.20957
7	0.01932	0.28035	0.02139	0.01332	0.01715	0.41604	0.01089	0.02311	0.11403	0.01596	0.01106	0.01203	0.00919	0.00612	0.00500	0.00153	0.00855	0.00405	0.00334	0.00757
8	0.01871	0.01449	0.01608	0.01261	0.01661	0.04366	0.01027	0.34255	0.04346	0.07875	0.01348	0.01487	0.01032	0.02359	0.00817	0.00180	0.11963	0.00506	0.00488	0.20101
9	0.01373	0.06733	0.06078	0.34762	0.12138	0.08745	0.13346	0.01805	0.03964	0.01697	0.01246	0.01608	0.02683	0.00603	0.00600	0.00189	0.00824	0.00554	0.00300	0.00755
10	0.01372	0.01174	0.01231	0.01111	0.01430	0.01318	0.00863	0.05127	0.57602	0.02388	0.03117	0.02900	0.15875	0.00949	0.00631	0.00203	0.00449	0.00789	0.00601	0.00869
11	0.01180	0.01134	0.01718	0.15695	0.02019	0.01477	0.05070	0.01390	0.01027	0.01491	0.01188	0.08290	0.01167	0.01439	0.10745	0.00333	0.43041	0.00656	0.00299	0.00638
12	0.01713	0.01362	0.01570	0.08301	0.08606	0.04248	0.01099	0.36454	0.06353	0.02744	0.01846	0.13807	0.03188	0.02827	0.00684	0.00202	0.00615	0.00752	0.02787	0.00843
13	0.00761	0.00602	0.00683	0.00737	0.00874	0.00541	0.00534	0.00937	0.03039	0.01611	0.04714	0.30253	0.41615	0.04549	0.00824	0.00236	0.00351	0.06077	0.00552	0.00510
14	0.01024	0.00631	0.00783	0.00765	0.00885	0.00583	0.00531	0.01166	0.01307	0.09985	0.22116	0.20834	0.11421	0.23635	0.01386	0.00316	0.00412	0.01132	0.00551	0.00536
15	0.01816	0.01062	0.01236	0.01028	0.01375	0.01066	0.00814	0.13610	0.16832	0.27106	0.06650	0.02902	0.14590	0.06164	0.00795	0.00219	0.00485	0.00770	0.00632	0.00850
16	0.05636	0.01081	0.03192	0.16334	0.03844	0.01124	0.09846	0.13680	0.01348	0.01884	0.01155	0.01638	0.00960	0.01177	0.01266	0.31616	0.00666	0.00541	0.02413	0.00600
17	0.07970	0.01052	0.01346	0.01047	0.01493	0.00956	0.00862	0.07077	0.01725	0.62335	0.02408	0.02134	0.05245	0.00771	0.00595	0.00187	0.00507	0.00617	0.00701	0.00972

[dist]
# distance from previous block
# <min> <max>
0	25

[block]
# block no. 4 follows, 38 sequences, length 8
# corresponding to MSA columns:
# 153-160
name=unknown_E
#
# <colnr> <probs for GDERKNQSTAVLIFYWHMCP>
#	G	D	E	R	K	N	Q	S	T	A	V	L	I	F	Y	W	H	M	C	P
0	0.14482	0.08874	0.03505	0.18389	0.15151	0.01511	0.08051	0.04804	0.06561	0.03567	0.01160	0.01435	0.00912	0.00612	0.00635	0.00186	0.05571	0.00501	0.00344	0.03749
1	0.01557	0.01731	0.10105	0.14529	0.18775	0.12518	0.01438	0.09503	0.12368	0.02077	0.01458	0.01644	0.03208	0.00648	0.00583	0.00179	0.00733	0.00536	0.00380	0.06028
2	0.05063	0.01007	0.01470	0.45028	0.02853	0.01200	0.01258	0.06345	0.01280	0.01739	0.01763	0.03975	0.09320	0.05767	0.00874	0.02145	0.04922	0.00657	0.02695	0.00637
3	0.00896	0.00624	0.00821	0.00896	0.01002	0.00610	0.00672	0.01099	0.03034	0.04295	0.05173	0.37429	0.10257	0.05454	0.09375	0.00339	0.00549	0.16404	0.00533	0.00537
4	0.01001	0.00664	0.01065	0.00964	0.01057	0.00640	0.08647	0.00961	0.01011	0.01355	0.07831	0.11475	0.05117	0.09860	0.01845	0.44416	0.00534	0.00801	0.00359	0.00397
5	0.01638	0.56351	0.05922	0.01428	0.09890	0.08158	0.01195	0.03834	0.01314	0.01570	0.00903	0.01072	0.00800	0.00552	0.00490	0.00145	0.03299	0.00369	0.00276	0.00794
6	0.01998	0.01354	0.01515	0.01237	0.01631	0.01460	0.01015	0.43417	0.09067	0.12198	0.01947	0.05202	0.01571	0.00883	0.00626	0.00195	0.00583	0.08532	0.04648	0.00920
7	0.00875	0.00637	0.00798	0.00878	0.00969	0.00617	0.00618	0.07051	0.01323	0.01748	0.03371	0.62930	0.09364	0.01746	0.00752	0.00237	0.00381	0.04603	0.00562	0.00539

[dist]
# distance from previous block
# <min> <max>
3	9

[block]
# block no. 5 follows, 38 sequences, length 15
# corresponding to MSA columns:
# 170-184
name=unknown_F
#
# <colnr> <probs for GDERKNQSTAVLIFYWHMCP>
#	G	D	E	R	K	N	Q	S	T	A	V	L	I	F	Y	W	H	M	C	P
0	0.01774	0.59587	0.02786	0.01156	0.01625	0.18096	0.01063	0.05063	0.01395	0.01532	0.00883	0.01012	0.00784	0.00546	0.00429	0.00137	0.00738	0.00345	0.00284	0.00767
1	0.01331	0.01067	0.01256	0.00901	0.01432	0.00807	0.00723	0.01596	0.01275	0.06189	0.01144	0.01293	0.00925	0.00463	0.00455	0.00095	0.00449	0.00371	0.00379	0.77850
2	0.06694	0.10911	0.42064	0.17672	0.02669	0.04807	0.01798	0.03503	0.01290	0.01850	0.01037	0.01284	0.00771	0.00576	0.00544	0.00184	0.00819	0.00442	0.00276	0.00808
3	0.03583	0.01303	0.02148	0.19904	0.48117	0.01415	0.01686	0.01707	0.01275	0.01828	0.01145	0.03854	0.00989	0.00640	0.00723	0.00194	0.07786	0.00565	0.00298	0.00839
4	0.16726	0.01088	0.01324	0.01041	0.01487	0.01031	0.00858	0.05973	0.04035	0.57049	0.02064	0.01839	0.01332	0.00713	0.00564	0.00186	0.00509	0.00556	0.00668	0.00956
5	0.00787	0.00537	0.00714	0.00825	0.00858	0.00511	0.00553	0.00855	0.01099	0.01463	0.02951	0.60355	0.03497	0.10028	0.01159	0.07851	0.00399	0.04590	0.00510	0.00457
6	0.01591	0.01577	0.14757	0.01242	0.01669	0.01350	0.01139	0.35043	0.04351	0.02686	0.03261	0.10325	0.08249	0.03324	0.04262	0.02443	0.00662	0.00744	0.00503	0.00822
7	0.00803	0.00595	0.00734	0.00769	0.00872	0.00556	0.00539	0.01011	0.03490	0.01829	0.26796	0.33673	0.15698	0.08666	0.00946	0.00250	0.00346	0.01330	0.00576	0.00520
8	0.00742	0.00536	0.00687	0.00803	0.00850	0.00498	0.00534	0.00843	0.01151	0.01515	0.03462	0.66028	0.10364	0.07790	0.00940	0.00267	0.00363	0.01605	0.00543	0.00481
9	0.01525	0.01452	0.02518	0.20602	0.15743	0.01541	0.26042	0.15486	0.01606	0.02176	0.01190	0.01546	0.00909	0.00602	0.00701	0.00197	0.04382	0.00596	0.00350	0.00835
10	0.01718	0.44186	0.11353	0.03719	0.01743	0.03834	0.01171	0.01976	0.01301	0.14817	0.01180	0.01327	0.00942	0.02814	0.00635	0.00171	0.05530	0.00425	0.00350	0.00807
11	0.10234	0.00782	0.00852	0.00775	0.00961	0.00853	0.00609	0.04826	0.01284	0.07427	0.01697	0.01961	0.01332	0.00898	0.03318	0.02670	0.07519	0.00536	0.50842	0.00624
12	0.00933	0.00676	0.00852	0.00887	0.01009	0.00660	0.00658	0.07310	0.01466	0.01973	0.20234	0.38566	0.07562	0.03638	0.00807	0.00237	0.00393	0.10995	0.00581	0.00561
13	0.07797	0.01413	0.14959	0.30652	0.10437	0.01202	0.04607	0.01561	0.01295	0.01857	0.08898	0.02213	0.09177	0.00742	0.00604	0.00194	0.00686	0.00642	0.00348	0.00716
14	0.05314	0.14123	0.06219	0.01534	0.06464	0.27881	0.07725	0.06593	0.01492	0.01758	0.01323	0.03626	0.03613	0.04332	0.05289	0.00234	0.00881	0.00531	0.00338	0.00730

[dist]
# distance from previous block
# <min> <max>
2	7

[block]
# block no. 6 follows, 38 sequences, length 31
# corresponding to MSA columns:
# 192-222
name=unknown_G
#
# <colnr> <probs for GDERKNQSTAVLIFYWHMCP>
#	G	D	E	R	K	N	Q	S	T	A	V	L	I	F	Y	W	H	M	C	P
0	0.01061	0.00867	0.01039	0.00861	0.01206	0.00689	0.00645	0.01262	0.01197	0.01781	0.01839	0.26360	0.01958	0.05052	0.00688	0.00165	0.00422	0.00822	0.00422	0.51665
1	0.02305	0.01655	0.01787	0.01370	0.01851	0.01821	0.01132	0.69923	0.02778	0.07039	0.01486	0.01472	0.01044	0.00723	0.00602	0.00181	0.00655	0.00544	0.00608	0.01023
2	0.01808	0.01358	0.01496	0.01175	0.01601	0.01401	0.00947	0.44980	0.02197	0.03025	0.01619	0.11637	0.01398	0.00811	0.00583	0.00167	0.00560	0.00654	0.02679	0.19903
3	0.06061	0.01002	0.01121	0.04348	0.01325	0.03008	0.00782	0.20701	0.01552	0.02133	0.02148	0.15286	0.07264	0.15229	0.14922	0.00407	0.00748	0.00852	0.00463	0.00646
4	0.06100	0.01299	0.01348	0.01188	0.01538	0.03152	0.00932	0.07074	0.56263	0.07681	0.05140	0.02177	0.01828	0.00803	0.00600	0.00199	0.00495	0.00657	0.00603	0.00924
5	0.00864	0.00594	0.00726	0.00732	0.00759	0.00613	0.00459	0.00921	0.00929	0.01264	0.03775	0.07401	0.02227	0.57704	0.17964	0.00635	0.00775	0.00875	0.00373	0.00411
6	0.03411	0.00917	0.01202	0.25405	0.02020	0.01059	0.00974	0.10334	0.01394	0.02121	0.01511	0.01901	0.01193	0.02240	0.04789	0.00224	0.03932	0.00552	0.34166	0.00655
7	0.01731	0.01148	0.01307	0.01080	0.01394	0.01204	0.00850	0.35035	0.02088	0.11070	0.15585	0.11025	0.02395	0.07055	0.00826	0.00220	0.00517	0.00810	0.03853	0.00807
8	0.00881	0.00588	0.00780	0.00869	0.00961	0.00548	0.00630	0.01038	0.01281	0.05571	0.10400	0.53096	0.07602	0.01709	0.00760	0.00238	0.00378	0.11556	0.00578	0.00535
9	0.00777	0.00621	0.00696	0.00685	0.00861	0.00548	0.00511	0.01004	0.03028	0.01907	0.29175	0.09112	0.46082	0.01428	0.00711	0.00201	0.00304	0.01219	0.00595	0.00537
10	0.01439	0.01108	0.01480	0.01258	0.01457	0.01300	0.03836	0.12970	0.05307	0.08308	0.11449	0.05566	0.01882	0.01495	0.12109	0.00326	0.24235	0.00699	0.03049	0.00728
11	0.07621	0.01338	0.06685	0.11469	0.03683	0.04235	0.01087	0.22723	0.01769	0.06802	0.04782	0.04577	0.01504	0.00794	0.00576	0.00186	0.00597	0.05190	0.13600	0.00781
12	0.00813	0.00557	0.00674	0.00735	0.00750	0.00542	0.00449	0.00859	0.00995	0.01327	0.02512	0.36316	0.02965	0.45417	0.02065	0.00436	0.00481	0.01238	0.00449	0.00418
13	0.01499	0.00993	0.01058	0.00895	0.01169	0.01048	0.00711	0.28287	0.01906	0.02795	0.09836	0.02459	0.07514	0.00829	0.00542	0.00165	0.00426	0.00665	0.36471	0.00731
14	0.02074	0.04751	0.02997	0.05693	0.01824	0.01490	0.01080	0.38178	0.04807	0.19283	0.01653	0.01697	0.01183	0.01136	0.09087	0.00270	0.00739	0.00561	0.00562	0.00932
15	0.01209	0.01203	0.02262	0.23979	0.11112	0.01258	0.26182	0.01581	0.01293	0.01736	0.01596	0.13412	0.01511	0.00839	0.00724	0.00213	0.03306	0.05524	0.00346	0.00715
16	0.75309	0.01250	0.03959	0.00872	0.01244	0.01379	0.00751	0.01756	0.01028	0.02598	0.00845	0.01008	0.00664	0.00586	0.00468	0.00191	0.04727	0.00342	0.00362	0.00661
17	0.01374	0.16795	0.14974	0.19951	0.11913	0.09011	0.01499	0.01724	0.01291	0.01644	0.01268	0.05056	0.01147	0.00727	0.00627	0.00188	0.03827	0.05930	0.00306	0.00750
18	0.00930	0.00683	0.00935	0.01064	0.02857	0.00666	0.00870	0.01188	0.01408	0.01846	0.12049	0.10473	0.10247	0.01584	0.00796	0.00255	0.00490	0.50541	0.00562	0.00557
19	0.08398	0.35020	0.15620	0.01240	0.01780	0.09912	0.01233	0.11418	0.01516	0.07247	0.01081	0.01175	0.00845	0.00584	0.00480	0.00158	0.00714	0.00401	0.00352	0.00827
20	0.13038	0.01621	0.15428	0.22962	0.15673	0.05367	0.01507	0.03894	0.05149	0.01997	0.01246	0.01677	0.00999	0.00643	0.00563	0.00191	0.00720	0.03530	0.03015	0.00777
21	0.02559	0.00993	0.01351	0.01047	0.01487	0.00860	0.00860	0.02796	0.01720	0.69989	0.07854	0.02233	0.01806	0.00781	0.00613	0.00186	0.00495	0.00642	0.00738	0.00989
22	0.00768	0.00614	0.00731	0.04910	0.01021	0.00561	0.00565	0.00940	0.01351	0.01719	0.16608	0.23230	0.39725	0.03540	0.00780	0.00221	0.00347	0.01297	0.00555	0.00518
23	0.01297	0.05789	0.42963	0.08214	0.11821	0.01464	0.16255	0.01868	0.01305	0.01866	0.01102	0.01382	0.00820	0.00554	0.00597	0.00190	0.00875	0.00511	0.00271	0.00858
24	0.00926	0.00629	0.00821	0.00771	0.00924	0.00577	0.00579	0.01197	0.01671	0.05664	0.66647	0.07671	0.07141	0.01244	0.00707	0.00192	0.00298	0.01098	0.00659	0.00583
25	0.00788	0.00554	0.00699	0.00789	0.00827	0.00528	0.00519	0.00876	0.01103	0.01465	0.04657	0.49384	0.05719	0.24124	0.01432	0.00341	0.00424	0.04808	0.00505	0.00458
26	0.04838	0.18345	0.56038	0.01557	0.02341	0.01597	0.03694	0.01879	0.01254	0.01841	0.01023	0.01205	0.00763	0.00558	0.00529	0.00178	0.00824	0.00421	0.00261	0.00853
27	0.00966	0.00653	0.00829	0.00860	0.00993	0.00616	0.00634	0.04542	0.01425	0.06170	0.18017	0.40000	0.12283	0.01566	0.00738	0.00225	0.00374	0.07947	0.00592	0.00570
28	0.01070	0.00712	0.00994	0.01106	0.01263	0.00704	0.00964	0.01345	0.01404	0.06097	0.03138	0.06510	0.03347	0.01608	0.00818	0.00272	0.00551	0.66950	0.00565	0.00581
29	0.01801	0.01277	0.01343	0.01163	0.01512	0.06789	0.00917	0.08500	0.35053	0.19706	0.06385	0.04639	0.04555	0.00879	0.00624	0.00197	0.00527	0.02620	0.00618	0.00895
30	0.04820	0.24767	0.11447	0.07556	0.05963	0.12093	0.01278	0.06991	0.03428	0.07826	0.03276	0.01380	0.01028	0.00639	0.00599	0.00171	0.05118	0.00458	0.00357	0.00804

[dist]
# distance from previous block
# <min> <max>
1	3

[block]
# block no. 7 follows, 38 sequences, length 33
# corresponding to MSA columns:
# 226-258
name=unknown_H
#
# <colnr> <probs for GDERKNQSTAVLIFYWHMCP>
#	G	D	E	R	K	N	Q	S	T	A	V	L	I	F	Y	W	H	M	C	P
0	0.35160	0.01490	0.06725	0.15579	0.15160	0.07587	0.01232	0.03523	0.04721	0.02213	0.01049	0.01285	0.00816	0.00584	0.00499	0.00186	0.00658	0.00437	0.00343	0.00752
1	0.00983	0.00667	0.00866	0.00840	0.00976	0.00721	0.00644	0.04584	0.01232	0.01842	0.11523	0.02750	0.04557	0.05791	0.39599	0.00592	0.00994	0.00709	0.19567	0.00562
2	0.01181	0.01192	0.05186	0.01243	0.01736	0.00928	0.16375	0.01500	0.01315	0.01907	0.04408	0.04663	0.10941	0.00684	0.00564	0.00142	0.00562	0.00629	0.00384	0.44459
3	0.00916	0.04378	0.00865	0.00752	0.00850	0.00698	0.00521	0.01098	0.03686	0.01680	0.25545	0.06071	0.06128	0.37865	0.03699	0.00397	0.00494	0.03386	0.00482	0.00489
4	0.05965	0.64868	0.05324	0.01053	0.01545	0.05900	0.01034	0.01801	0.01260	0.01551	0.04382	0.01151	0.01000	0.00558	0.00415	0.00138	0.00647	0.00366	0.00285	0.00756
5	0.02085	0.22768	0.02098	0.01391	0.01778	0.47128	0.01125	0.11591	0.01727	0.01764	0.00973	0.01101	0.00807	0.00606	0.00509	0.00151	0.00913	0.00391	0.00335	0.00760
6	0.00922	0.00697	0.00932	0.15259	0.01390	0.00766	0.00683	0.01022	0.00977	0.01301	0.01878	0.13213	0.02093	0.49266	0.03804	0.00462	0.03613	0.00902	0.00367	0.00454
7	0.00843	0.00615	0.00792	0.00747	0.00893	0.00564	0.00561	0.01118	0.01682	0.02362	0.70424	0.04576	0.10072	0.01248	0.00710	0.00190	0.00285	0.01099	0.00656	0.00564
8	0.01163	0.00668	0.00681	0.00643	0.00818	0.00670	0.00488	0.07675	0.01403	0.02264	0.02461	0.02695	0.11210	0.03332	0.00560	0.00166	0.00327	0.00663	0.61526	0.00588
9	0.02282	0.01841	0.01792	0.01406	0.01865	0.11726	0.01146	0.63753	0.02680	0.03485	0.01376	0.01397	0.00990	0.00709	0.00594	0.00177	0.00718	0.00521	0.00563	0.00980
10	0.02191	0.01272	0.01473	0.01160	0.01567	0.01311	0.00940	0.37202	0.02181	0.27588	0.04264	0.04897	0.01528	0.04475	0.00719	0.00202	0.00563	0.00643	0.04890	0.00933
11	0.00807	0.00613	0.00743	0.00710	0.00872	0.00549	0.00533	0.01050	0.01599	0.02165	0.53198	0.04901	0.27421	0.01322	0.00710	0.00194	0.00290	0.01145	0.00630	0.00549
12	0.00741	0.00599	0.00659	0.00668	0.00837	0.00517	0.00492	0.00912	0.01406	0.01765	0.18974	0.15148	0.52149	0.01515	0.00718	0.00206	0.00307	0.01293	0.00579	0.00517
13	0.02107	0.11860	0.01935	0.01316	0.01766	0.01858	0.01108	0.54708	0.03858	0.05490	0.03494	0.01497	0.01143	0.00727	0.00641	0.00178	0.04276	0.00532	0.00547	0.00958
14	0.75973	0.01153	0.00949	0.04462	0.01321	0.01330	0.00709	0.01804	0.01060	0.05559	0.00910	0.01050	0.00692	0.00568	0.00393	0.00187	0.00483	0.00347	0.00382	0.00667
15	0.00873	0.00591	0.00697	0.00697	0.00711	0.00606	0.00416	0.00901	0.00887	0.01197	0.01858	0.03729	0.02097	0.69029	0.12768	0.00634	0.00719	0.00844	0.00359	0.00387
16	0.01428	0.00939	0.01006	0.00879	0.01106	0.00993	0.00670	0.25311	0.01729	0.02530	0.02047	0.09879	0.04060	0.11185	0.00874	0.00225	0.00456	0.00733	0.33270	0.00681
17	0.01488	0.01385	0.01990	0.27434	0.31195	0.04967	0.01568	0.09021	0.11080	0.02055	0.01307	0.01603	0.01018	0.00617	0.00598	0.00188	0.00724	0.00548	0.00360	0.00854
18	0.00977	0.00674	0.00781	0.00728	0.00938	0.00599	0.00555	0.01238	0.04007	0.08891	0.31007	0.04838	0.39904	0.01318	0.00697	0.00196	0.00322	0.01120	0.00616	0.00594
19	0.69518	0.01217	0.01122	0.01195	0.10964	0.01378	0.00826	0.04249	0.01132	0.02640	0.00898	0.01061	0.00704	0.00561	0.00410	0.00185	0.00505	0.00361	0.00370	0.00704
20	0.01508	0.01658	0.08460	0.03369	0.62662	0.05820	0.04005	0.01886	0.01383	0.01930	0.01118	0.01451	0.00926	0.00543	0.00594	0.00179	0.00760	0.00525	0.00295	0.00928
21	0.01581	0.03877	0.01288	0.00920	0.01365	0.00877	0.00730	0.03566	0.01349	0.19277	0.01488	0.01787	0.01203	0.10893	0.00831	0.00181	0.00492	0.00487	0.00452	0.47358
22	0.11091	0.05875	0.48892	0.01606	0.04915	0.11338	0.01788	0.01983	0.01315	0.04421	0.01067	0.01233	0.00783	0.00579	0.00538	0.00182	0.00836	0.00427	0.00294	0.00838
23	0.01277	0.03324	0.01031	0.00935	0.01126	0.00798	0.00696	0.10762	0.01496	0.13465	0.05085	0.46774	0.07893	0.01465	0.00702	0.00219	0.00421	0.01290	0.00587	0.00656
24	0.43714	0.01121	0.01151	0.00940	0.01359	0.01161	0.00776	0.05147	0.01410	0.35490	0.01552	0.01477	0.01043	0.00649	0.00486	0.00186	0.00494	0.00460	0.00549	0.00834
25	0.00772	0.00556	0.00732	0.00806	0.00880	0.00515	0.00559	0.00938	0.01341	0.01831	0.27304	0.52090	0.06120	0.01657	0.00747	0.00225	0.00326	0.01492	0.00593	0.00515
26	0.37363	0.10873	0.18612	0.08216	0.07646	0.01455	0.01240	0.01750	0.01138	0.02134	0.00946	0.01175	0.00745	0.00620	0.00538	0.03476	0.00637	0.00396	0.00311	0.00730
27	0.00875	0.00583	0.00656	0.00656	0.00656	0.00583	0.00365	0.00875	0.00875	0.01166	0.01895	0.03937	0.02187	0.78858	0.03062	0.00583	0.00583	0.00875	0.00365	0.00365
28	0.00868	0.00609	0.00785	0.00785	0.00830	0.00653	0.00526	0.00958	0.00913	0.01262	0.01777	0.03282	0.01903	0.47905	0.33627	0.00743	0.01011	0.00779	0.00347	0.00436
29	0.01306	0.09750	0.56256	0.04294	0.08466	0.04089	0.03948	0.01897	0.01291	0.01839	0.01060	0.01274	0.00784	0.00564	0.00560	0.00183	0.00860	0.00449	0.00262	0.00868
30	0.01657	0.02023	0.11506	0.21124	0.07218	0.26591	0.01433	0.07918	0.08530	0.01874	0.01353	0.01562	0.03304	0.00660	0.00582	0.00181	0.00844	0.00512	0.00352	0.00777
31	0.01716	0.00818	0.01082	0.00909	0.01200	0.00736	0.00718	0.03605	0.01703	0.35180	0.35751	0.06135	0.03506	0.01011	0.00654	0.00188	0.00397	0.00868	0.03043	0.00779
32	0.04037	0.00993	0.04379	0.15747	0.10495	0.00949	0.02856	0.01543	0.03822	0.08401	0.19265	0.12931	0.07250	0.01027	0.00659	0.00202	0.00529	0.03734	0.00490	0.00692

[dist]
# distance from previous block
# <min> <max>
1	3

[block]
# block no. 8 follows, 38 sequences, length 28
# corresponding to MSA columns:
# 262-289
name=unknown_I
#
# <colnr> <probs for GDERKNQSTAVLIFYWHMCP>
#	G	D	E	R	K	N	Q	S	T	A	V	L	I	F	Y	W	H	M	C	P
0	0.44446	0.06327	0.03640	0.03823	0.08322	0.04861	0.00938	0.07705	0.04726	0.02460	0.02791	0.03322	0.01015	0.00638	0.00465	0.00182	0.00558	0.00454	0.02594	0.00734
1	0.31053	0.01100	0.01106	0.00940	0.01292	0.03803	0.00757	0.05790	0.04925	0.24837	0.04967	0.03490	0.01408	0.00861	0.03357	0.00212	0.00527	0.00542	0.08254	0.00780
2	0.00808	0.00551	0.00682	0.00753	0.00771	0.00533	0.00469	0.00853	0.01014	0.01352	0.02596	0.42085	0.03068	0.36845	0.01862	0.03121	0.00461	0.01292	0.00461	0.00425
3	0.01395	0.03578	0.14294	0.13835	0.17243	0.08343	0.12157	0.05577	0.01451	0.01920	0.05635	0.05430	0.01420	0.00726	0.00627	0.00193	0.00781	0.04257	0.00350	0.00788
4	0.01186	0.01001	0.01183	0.00896	0.01366	0.00768	0.00710	0.01439	0.01245	0.01913	0.01379	0.08720	0.01300	0.00637	0.00494	0.00112	0.00442	0.03813	0.00385	0.71012
5	0.17575	0.02508	0.01552	0.01401	0.01728	0.59905	0.01065	0.04467	0.01610	0.01776	0.00928	0.01076	0.00759	0.00611	0.00512	0.00162	0.00954	0.00381	0.00331	0.00699
6	0.01044	0.00684	0.00868	0.00853	0.01002	0.00650	0.00626	0.04877	0.01489	0.08855	0.26649	0.34552	0.11143	0.01453	0.00742	0.00214	0.01819	0.01278	0.00606	0.00597
7	0.00977	0.00718	0.00886	0.00819	0.00998	0.00689	0.00631	0.07833	0.01756	0.02425	0.56846	0.04468	0.12445	0.01237	0.00706	0.00195	0.00336	0.04792	0.00640	0.00603
8	0.01577	0.01289	0.01375	0.01217	0.01566	0.01472	0.00952	0.07382	0.65088	0.05495	0.04117	0.02242	0.01865	0.00818	0.00614	0.00202	0.00484	0.00678	0.00618	0.00950
9	0.00871	0.00610	0.00857	0.00882	0.00981	0.00672	0.00666	0.01075	0.01059	0.01562	0.03699	0.16821	0.02076	0.03418	0.50002	0.00699	0.01160	0.00846	0.11513	0.00532
10	0.01609	0.01267	0.01364	0.01210	0.01562	0.01439	0.00946	0.03172	0.67267	0.09334	0.02441	0.02226	0.01804	0.00809	0.00611	0.00202	0.00479	0.00673	0.00624	0.00959
11	0.06614	0.01113	0.01391	0.08206	0.01745	0.01116	0.00952	0.10174	0.11402	0.42318	0.02131	0.01991	0.02794	0.00741	0.00586	0.00187	0.00533	0.00597	0.04480	0.00929
12	0.00953	0.00613	0.00776	0.00790	0.00922	0.00556	0.00565	0.01124	0.01385	0.08692	0.23885	0.34685	0.16101	0.05068	0.00832	0.00232	0.00349	0.01318	0.00596	0.00559
13	0.00872	0.00612	0.00803	0.00808	0.00936	0.00567	0.00606	0.01112	0.01546	0.03723	0.49022	0.20259	0.07523	0.01408	0.00731	0.00209	0.00328	0.07749	0.00628	0.00557
14	0.10691	0.12293	0.08706	0.01288	0.01714	0.06223	0.01150	0.28280	0.07820	0.02603	0.02775	0.01508	0.02857	0.00727	0.00689	0.00185	0.08686	0.00508	0.00445	0.00851
15	0.02234	0.00984	0.01288	0.01048	0.01428	0.00900	0.00840	0.07339	0.04584	0.52919	0.05785	0.13934	0.02048	0.00944	0.00635	0.00196	0.00485	0.00797	0.00697	0.00917
16	0.00770	0.00553	0.00750	0.00851	0.00898	0.00550	0.00584	0.00889	0.01093	0.01480	0.02858	0.57226	0.03335	0.08126	0.16577	0.00419	0.00627	0.01428	0.00495	0.00489
17	0.18614	0.00885	0.00749	0.00709	0.00918	0.06378	0.00547	0.03092	0.01272	0.02298	0.01629	0.01874	0.01284	0.00746	0.02027	0.00169	0.00415	0.00499	0.55293	0.00600
18	0.01227	0.01150	0.01984	0.27437	0.29354	0.01226	0.07910	0.01575	0.01295	0.01754	0.01572	0.11037	0.01495	0.00821	0.00651	0.00205	0.00712	0.07498	0.00343	0.00753
19	0.00943	0.01330	0.21980	0.01156	0.01475	0.00824	0.03528	0.02787	0.01291	0.01795	0.09355	0.42865	0.03047	0.01372	0.00704	0.00222	0.00532	0.03684	0.00475	0.00634
20	0.64521	0.01336	0.01116	0.04985	0.04880	0.08383	0.00832	0.01808	0.01109	0.02445	0.00870	0.01056	0.00690	0.00583	0.00468	0.00186	0.03346	0.00359	0.00354	0.00671
21	0.01287	0.01238	0.01896	0.59659	0.14762	0.05248	0.01653	0.04075	0.01310	0.01676	0.01084	0.01554	0.00831	0.00597	0.00598	0.00194	0.00798	0.00527	0.00286	0.00725
22	0.00868	0.00669	0.00775	0.00740	0.00901	0.00633	0.00543	0.01202	0.07871	0.02028	0.38437	0.04627	0.26215	0.10688	0.00986	0.00243	0.00343	0.01082	0.00590	0.00558
23	0.21874	0.21638	0.14837	0.01304	0.03401	0.15423	0.02248	0.03684	0.04649	0.01958	0.00996	0.01147	0.00803	0.00592	0.00521	0.00170	0.03276	0.00395	0.00321	0.00764
24	0.01253	0.05502	0.63465	0.01862	0.06358	0.01443	0.08048	0.01900	0.01286	0.01893	0.01085	0.01300	0.00785	0.00562	0.00578	0.00189	0.00882	0.00467	0.00261	0.00882
25	0.03996	0.00710	0.00913	0.00828	0.01037	0.00655	0.00645	0.01470	0.01652	0.15239	0.52667	0.04126	0.07305	0.01158	0.00687	0.00194	0.00347	0.05067	0.00656	0.00648
26	0.11273	0.01204	0.01349	0.09529	0.01723	0.03098	0.00943	0.25039	0.01829	0.17376	0.01611	0.01703	0.01158	0.00813	0.03052	0.00202	0.00594	0.00532	0.16143	0.00829
27	0.06881	0.30807	0.29697	0.01480	0.05359	0.05736	0.04778	0.01885	0.01292	0.03432	0.02953	0.01257	0.00921	0.00569	0.00500	0.00165	0.00754	0.00425	0.00292	0.00814

[dist]
# distance from previous block
# <min> <max>
3	11

[block]
# block no. 9 follows, 38 sequences, length 34
# corresponding to MSA columns:
# 301-334
name=unknown_J
#
# <colnr> <probs for GDERKNQSTAVLIFYWHMCP>
#	G	D	E	R	K	N	Q	S	T	A	V	L	I	F	Y	W	H	M	C	P
0	0.01379	0.14448	0.37225	0.01954	0.16630	0.06814	0.03660	0.01852	0.01295	0.01773	0.01084	0.01342	0.00861	0.00848	0.06140	0.00233	0.00886	0.00461	0.00274	0.00842
1	0.67708	0.07929	0.02793	0.02815	0.03500	0.01455	0.00792	0.03720	0.01110	0.02551	0.00874	0.01026	0.00687	0.00560	0.00396	0.00181	0.00511	0.00345	0.00361	0.00686
2	0.00814	0.00594	0.00811	0.00888	0.00963	0.00564	0.02266	0.00961	0.01220	0.01626	0.09405	0.48097	0.05634	0.10331	0.01026	0.00281	0.00418	0.13062	0.00539	0.00500
3	0.06544	0.06258	0.18573	0.01173	0.03001	0.02905	0.01129	0.02072	0.01499	0.29165	0.11603	0.02415	0.09475	0.00817	0.00593	0.00185	0.00571	0.00660	0.00530	0.00832
4	0.08100	0.00722	0.00855	0.00843	0.00980	0.00711	0.00588	0.04787	0.01228	0.12094	0.02488	0.36716	0.02705	0.22826	0.01337	0.00322	0.00462	0.01148	0.00518	0.00570
5	0.01608	0.79220	0.03152	0.01029	0.01544	0.02380	0.01029	0.01801	0.01222	0.01415	0.00836	0.00965	0.00772	0.00515	0.00386	0.00129	0.00643	0.00322	0.00257	0.00772
6	0.04072	0.00821	0.01032	0.00875	0.01151	0.00768	0.00691	0.05779	0.01702	0.26869	0.36196	0.03151	0.03408	0.00960	0.00626	0.00182	0.00386	0.00815	0.09767	0.00747
7	0.00843	0.00617	0.00793	0.00755	0.00902	0.00567	0.00571	0.01116	0.01665	0.02327	0.66733	0.04675	0.11442	0.01268	0.00713	0.00193	0.00294	0.03312	0.00650	0.00562
8	0.00830	0.00569	0.00664	0.00700	0.00720	0.00555	0.00419	0.00865	0.00973	0.01286	0.02490	0.23025	0.06678	0.54956	0.02347	0.00476	0.00508	0.01110	0.00425	0.00404
9	0.00860	0.00641	0.00948	0.00948	0.01048	0.00742	0.00728	0.01062	0.00961	0.01382	0.01629	0.02461	0.01546	0.09116	0.71928	0.00943	0.01548	0.00659	0.00325	0.00526
10	0.15553	0.01541	0.01561	0.01245	0.01679	0.03106	0.01018	0.49641	0.10739	0.03371	0.01467	0.01477	0.01067	0.00703	0.00558	0.00182	0.00604	0.00520	0.03034	0.00933
11	0.01973	0.01777	0.01458	0.01235	0.01579	0.26510	0.00969	0.26888	0.04000	0.06553	0.03925	0.01830	0.05306	0.00749	0.00565	0.00169	0.00703	0.00557	0.12453	0.00802
12	0.00988	0.00537	0.00786	0.00820	0.00838	0.00532	0.00567	0.00832	0.00894	0.01188	0.01593	0.14561	0.01723	0.02020	0.01967	0.62240	0.00497	0.06760	0.00334	0.00323
13	0.00985	0.00659	0.00774	0.00724	0.00933	0.00575	0.00555	0.01197	0.01530	0.10011	0.30520	0.04932	0.40167	0.01335	0.00701	0.00198	0.00325	0.02674	0.00616	0.00587
14	0.01180	0.02957	0.01173	0.01023	0.01137	0.01099	0.00821	0.05306	0.01179	0.01853	0.01559	0.06293	0.01401	0.01662	0.16719	0.00357	0.23678	0.00627	0.29365	0.00612
15	0.79068	0.01259	0.04576	0.00837	0.01234	0.01352	0.00729	0.01775	0.01036	0.02660	0.00850	0.00992	0.00657	0.00559	0.00382	0.00186	0.00486	0.00332	0.00366	0.00663
16	0.00860	0.00627	0.00917	0.00931	0.01033	0.00714	0.00714	0.01067	0.01002	0.01457	0.01809	0.10336	0.01765	0.04029	0.64406	0.00846	0.01407	0.00752	0.04794	0.00533
17	0.00884	0.00622	0.00760	0.00801	0.00871	0.00609	0.00557	0.02924	0.01182	0.01568	0.08953	0.21800	0.07694	0.34160	0.01732	0.00384	0.00483	0.13061	0.00486	0.00470
18	0.01545	0.01465	0.08339	0.28817	0.15424	0.01440	0.07247	0.16563	0.03237	0.05707	0.01263	0.01566	0.00943	0.00661	0.00659	0.02618	0.00753	0.00549	0.00374	0.00833
19	0.14742	0.06440	0.33923	0.07284	0.06151	0.04352	0.04044	0.06331	0.01369	0.05726	0.01143	0.01328	0.00841	0.00588	0.00535	0.00183	0.00750	0.00455	0.02990	0.00825
20	0.74110	0.01208	0.01003	0.05132	0.03604	0.03185	0.00757	0.01773	0.01061	0.02582	0.00862	0.01030	0.00672	0.00562	0.00396	0.00186	0.00507	0.00345	0.00363	0.00663
21	0.03859	0.08827	0.01156	0.00881	0.01112	0.00891	0.00683	0.01630	0.04901	0.18169	0.08692	0.15534	0.06937	0.14159	0.03268	0.00284	0.00500	0.04136	0.03723	0.00660
22	0.00747	0.00546	0.00702	0.00799	0.00869	0.00502	0.00548	0.00882	0.01254	0.01668	0.13522	0.59505	0.12740	0.01751	0.00753	0.00232	0.00335	0.01571	0.00573	0.00502
23	0.01023	0.01093	0.11845	0.01214	0.02937	0.00872	0.01108	0.01397	0.03884	0.01903	0.13337	0.08395	0.03171	0.01364	0.00822	0.00245	0.04747	0.39505	0.00508	0.00629
24	0.05818	0.13516	0.59262	0.01629	0.04600	0.01532	0.01958	0.01881	0.01253	0.01883	0.01034	0.01218	0.00763	0.00562	0.00535	0.00181	0.00826	0.00424	0.00262	0.00862
25	0.22028	0.01005	0.01195	0.00962	0.01363	0.00957	0.00787	0.02418	0.01550	0.48414	0.11299	0.02101	0.01823	0.00762	0.00562	0.00187	0.00471	0.00599	0.00643	0.00875
26	0.00786	0.00550	0.00699	0.00785	0.00813	0.00534	0.00506	0.00863	0.01051	0.01407	0.02759	0.49965	0.03259	0.27194	0.05630	0.00394	0.00494	0.01379	0.00482	0.00451
27	0.01173	0.01061	0.01788	0.43596	0.14190	0.01198	0.06527	0.01540	0.01267	0.01715	0.01525	0.04466	0.02712	0.00746	0.00621	0.00201	0.00714	0.07052	0.07214	0.00694
28	0.03973	0.01481	0.10219	0.18000	0.38276	0.01339	0.07884	0.01716	0.01313	0.01863	0.01434	0.03608	0.04977	0.00638	0.00607	0.00190	0.00738	0.00603	0.00310	0.00831
29	0.01337	0.07449	0.04180	0.01420	0.03061	0.09339	0.01177	0.01575	0.03290	0.01583	0.05188	0.02049	0.01392	0.01368	0.09485	0.00309	0.38206	0.06593	0.00331	0.00667
30	0.01380	0.01401	0.01903	0.50664	0.12113	0.11761	0.03894	0.03136	0.04744	0.01680	0.01134	0.01546	0.00873	0.00605	0.00597	0.00191	0.00820	0.00527	0.00301	0.00731
31	0.01348	0.05145	0.33761	0.01666	0.07576	0.01293	0.08047	0.07843	0.01433	0.05996	0.03822	0.14573	0.01550	0.00836	0.00650	0.00198	0.02339	0.00724	0.00383	0.00818
32	0.00961	0.00690	0.00957	0.01091	0.01232	0.00686	0.00952	0.01234	0.01384	0.01794	0.03283	0.06752	0.05856	0.01657	0.00827	0.00274	0.00546	0.68717	0.00554	0.00552
33	0.00875	0.00758	0.04939	0.00842	0.01009	0.00626	0.00669	0.02987	0.01562	0.02180	0.49020	0.22692	0.06845	0.01352	0.00714	0.00203	0.00344	0.01198	0.00609	0.00576

[dist]
# distance from previous block
# <min> <max>
1	2

[block]
# block no. 10 follows, 38 sequences, length 244
# corresponding to MSA columns:
# 337-375,377-581
name=unknown_K
#
# <colnr> <probs for GDERKNQSTAVLIFYWHMCP>
#	G	D	E	R	K	N	Q	S	T	A	V	L	I	F	Y	W	H	M	C	P
0	0.01431	0.01425	0.02116	0.21268	0.46629	0.08420	0.01664	0.01765	0.01348	0.01790	0.01224	0.05942	0.01075	0.00638	0.00602	0.00186	0.00750	0.00590	0.00307	0.00833
1	0.68751	0.01170	0.01086	0.09594	0.06151	0.01353	0.00841	0.01747	0.01066	0.02522	0.00882	0.01080	0.00687	0.00562	0.00412	0.00187	0.00519	0.00362	0.00356	0.00672
2	0.00735	0.00610	0.00632	0.00633	0.00819	0.00520	0.00471	0.00889	0.01362	0.01648	0.09682	0.05633	0.64915	0.05994	0.00850	0.00226	0.00326	0.02996	0.00553	0.00504
3	0.05604	0.01759	0.16144	0.07276	0.11213	0.10253	0.01358	0.09585	0.09309	0.08629	0.04069	0.05062	0.01401	0.00843	0.02498	0.00210	0.00725	0.02799	0.00430	0.00832
4	0.01465	0.01003	0.01311	0.09891	0.01701	0.00933	0.00899	0.03362	0.01339	0.16209	0.01702	0.12559	0.01517	0.00818	0.00669	0.00164	0.06154	0.03042	0.00456	0.34809
5	0.01608	0.79220	0.03152	0.01029	0.01544	0.02380	0.01029	0.01801	0.01222	0.01415	0.00836	0.00965	0.00772	0.00515	0.00386	0.00129	0.00643	0.00322	0.00257	0.00772
6	0.01285	0.00887	0.01044	0.00957	0.01194	0.00918	0.00737	0.03693	0.24333	0.10057	0.28478	0.10864	0.04880	0.01095	0.00661	0.00199	0.00392	0.02955	0.04634	0.00738
7	0.00796	0.00614	0.00727	0.00703	0.00870	0.00545	0.00530	0.01025	0.01559	0.02073	0.44781	0.05080	0.34331	0.01361	0.00713	0.00197	0.00298	0.02639	0.00617	0.00543
8	0.08377	0.01841	0.01719	0.01367	0.01812	0.14166	0.01109	0.56022	0.02506	0.03325	0.01313	0.01350	0.00954	0.00693	0.00575	0.00177	0.00717	0.00500	0.00536	0.00941
9	0.00875	0.00667	0.00997	0.00988	0.01091	0.00789	0.00771	0.01087	0.00965	0.01398	0.01583	0.02328	0.01480	0.04394	0.73928	0.00943	0.04214	0.00641	0.00320	0.00541
10	0.01658	0.01322	0.01414	0.01234	0.01598	0.01504	0.00970	0.11314	0.61544	0.06898	0.02327	0.02140	0.01722	0.00801	0.00611	0.00200	0.00500	0.00660	0.00619	0.00965
11	0.01035	0.00878	0.00894	0.00826	0.01066	0.03173	0.00633	0.06879	0.13725	0.02066	0.16341	0.04500	0.43182	0.01267	0.00681	0.00198	0.00382	0.01057	0.00580	0.00638
12	0.00760	0.00555	0.00717	0.00805	0.00881	0.00511	0.00560	0.00910	0.01291	0.01729	0.18138	0.54458	0.11404	0.01710	0.00752	0.00230	0.00336	0.03165	0.00579	0.00508
13	0.00727	0.00611	0.00633	0.00638	0.00833	0.00517	0.00482	0.00889	0.01383	0.01668	0.09304	0.07271	0.67567	0.01521	0.00716	0.00206	0.00313	0.03645	0.00564	0.00512
14	0.01572	0.74218	0.05556	0.01051	0.01566	0.02297	0.01061	0.01783	0.01216	0.01431	0.00868	0.01018	0.00794	0.00639	0.02728	0.00156	0.00681	0.00336	0.00259	0.00769
15	0.78686	0.01129	0.00879	0.00791	0.01143	0.01305	0.00645	0.01715	0.01011	0.02610	0.00849	0.01023	0.00673	0.00641	0.00479	0.04621	0.00468	0.00336	0.00366	0.00630
16	0.00825	0.00566	0.00691	0.00753	0.00775	0.00553	0.00475	0.00882	0.01012	0.01347	0.02522	0.33056	0.02957	0.44461	0.02041	0.00434	0.00491	0.05285	0.00451	0.00424
17	0.01865	0.01278	0.01355	0.01086	0.01444	0.01394	0.00882	0.47175	0.02262	0.03231	0.01632	0.01733	0.01211	0.00714	0.00536	0.00166	0.00524	0.00549	0.30105	0.00856
18	0.01420	0.01435	0.04592	0.19470	0.55993	0.02990	0.01806	0.01793	0.01338	0.01861	0.01112	0.01498	0.00911	0.00553	0.00595	0.00183	0.00747	0.00530	0.00290	0.00884
19	0.01157	0.02668	0.60949	0.01562	0.02290	0.03410	0.01911	0.01739	0.01263	0.01830	0.01452	0.14283	0.01305	0.00794	0.00604	0.00199	0.00804	0.00656	0.00307	0.00816
20	0.77849	0.01227	0.03460	0.03133	0.01302	0.01351	0.00736	0.01766	0.01038	0.02637	0.00853	0.01006	0.00660	0.00560	0.00386	0.00187	0.00490	0.00336	0.00365	0.00660
21	0.01864	0.14467	0.01899	0.03278	0.01748	0.31106	0.01126	0.13486	0.05037	0.01905	0.01157	0.03890	0.00995	0.00740	0.00758	0.00178	0.12742	0.00490	0.02377	0.00757
22	0.00898	0.00624	0.00799	0.00756	0.00906	0.00570	0.00563	0.01154	0.01631	0.04764	0.61499	0.07646	0.11387	0.03209	0.00767	0.00203	0.00304	0.01108	0.00644	0.00570
23	0.03248	0.07166	0.68251	0.01701	0.04193	0.01450	0.02110	0.01895	0.01264	0.01899	0.01062	0.01251	0.00764	0.00567	0.00557	0.00187	0.00861	0.00437	0.00258	0.00878
24	0.01482	0.01469	0.04265	0.03587	0.71616	0.01430	0.01836	0.01878	0.03009	0.01976	0.01160	0.01500	0.00968	0.00543	0.00595	0.00180	0.00714	0.00537	0.00304	0.00951
25	0.02059	0.00955	0.01243	0.00999	0.01361	0.00876	0.00806	0.09113	0.01822	0.44870	0.25796	0.02784	0.02804	0.00900	0.00639	0.00187	0.00452	0.00756	0.00704	0.00876
26	0.01030	0.00728	0.00903	0.00915	0.03059	0.00706	0.00658	0.06738	0.01476	0.04469	0.23311	0.13105	0.13943	0.15578	0.01149	0.00281	0.00435	0.10390	0.00554	0.00573
27	0.77134	0.01173	0.00919	0.00823	0.01193	0.01360	0.00674	0.01873	0.06366	0.02686	0.00956	0.01070	0.00738	0.00577	0.00390	0.00187	0.00466	0.00352	0.00390	0.00674
28	0.00838	0.00571	0.00669	0.00700	0.00717	0.00559	0.00418	0.00874	0.00975	0.01300	0.04549	0.21244	0.04220	0.57049	0.02410	0.00485	0.00514	0.01083	0.00423	0.00402
