[name]
unknown

[dist]
# distance from previous block
# <min> <max>
18	70

[block]
# block no. 0 follows, 47 sequences, length 43
# corresponding to MSA columns:
# 90-132
name=unknown_A
#
# <colnr> <probs for GDERKNQSTAVLIFYWHMCP>
#	G	D	E	R	K	N	Q	S	T	A	V	L	I	F	Y	W	H	M	C	P
0	0.11426	0.02515	0.01049	0.07561	0.01267	0.07246	0.00752	0.05393	0.05387	0.04427	0.05408	0.15080	0.03704	0.02405	0.03718	0.04581	0.10389	0.00658	0.06479	0.00553
1	0.07916	0.00964	0.07268	0.13729	0.01551	0.00902	0.02027	0.07947	0.01211	0.03454	0.12307	0.14465	0.02956	0.00968	0.04421	0.00199	0.04648	0.00676	0.04082	0.08308
2	0.11448	0.00989	0.01281	0.18768	0.01782	0.01106	0.03478	0.15377	0.02640	0.07702	0.03118	0.11201	0.02943	0.02501	0.00680	0.00180	0.08578	0.00600	0.00383	0.05246
3	0.01405	0.02473	0.01418	0.11758	0.04277	0.04484	0.06267	0.15008	0.01407	0.12809	0.06722	0.08261	0.01387	0.00705	0.00621	0.00161	0.07305	0.00580	0.04758	0.08193
4	0.13131	0.02249	0.03109	0.11670	0.09855	0.01067	0.06390	0.10275	0.02709	0.01887	0.02765	0.07181	0.01067	0.01955	0.00535	0.00153	0.02088	0.00500	0.00335	0.21080
5	0.01504	0.08287	0.01792	0.03003	0.10493	0.01272	0.13177	0.23787	0.05349	0.09250	0.01359	0.07656	0.01115	0.00698	0.02262	0.00170	0.00591	0.00555	0.00404	0.07277
6	0.05554	0.02802	0.08158	0.06866	0.05605	0.04759	0.07944	0.06329	0.01279	0.10338	0.09254	0.03227	0.01302	0.00569	0.00487	0.00139	0.00532	0.00488	0.00368	0.24000
7	0.11760	0.05981	0.06980	0.02172	0.01515	0.03410	0.10598	0.03408	0.19712	0.13958	0.09299	0.01723	0.01453	0.00748	0.03287	0.00188	0.02139	0.00532	0.00426	0.00713
8	0.24602	0.10454	0.05173	0.04951	0.06966	0.10872	0.05663	0.01640	0.04784	0.05875	0.02328	0.01186	0.00836	0.00604	0.00546	0.06290	0.00566	0.00389	0.00311	0.05963
9	0.38528	0.07083	0.01254	0.00938	0.01299	0.02811	0.00778	0.28865	0.09773	0.02562	0.01067	0.01112	0.00801	0.00557	0.00420	0.00157	0.00486	0.00383	0.00408	0.00717
10	0.00653	0.00473	0.00621	0.00729	0.00780	0.00441	0.00508	0.00763	0.01040	0.01373	0.04887	0.67455	0.08866	0.01578	0.00665	0.00210	0.00313	0.07728	0.00485	0.00431
11	0.00971	0.00485	0.00485	0.00485	0.00607	0.00485	0.00364	0.01213	0.01092	0.01942	0.01699	0.01942	0.01335	0.00607	0.00364	0.00121	0.00243	0.00485	0.84589	0.00485
12	0.03481	0.08125	0.05725	0.01254	0.07092	0.01155	0.06328	0.16736	0.01525	0.35601	0.01517	0.02654	0.01074	0.02875	0.00595	0.00168	0.02306	0.00501	0.00479	0.00808
13	0.01163	0.08554	0.13268	0.03509	0.03027	0.03466	0.28740	0.04094	0.01178	0.01603	0.05294	0.05598	0.01220	0.00717	0.01894	0.00187	0.11125	0.04413	0.00296	0.00654
14	0.00644	0.00468	0.00599	0.00693	0.00741	0.00433	0.00466	0.00742	0.01028	0.01359	0.06940	0.65409	0.11025	0.05885	0.00764	0.00221	0.00306	0.01375	0.00479	0.00422
15	0.00640	0.00515	0.00571	0.00586	0.00726	0.00446	0.00429	0.00785	0.01202	0.01512	0.17601	0.18812	0.51685	0.01332	0.00624	0.00180	0.00268	0.01141	0.00499	0.00446
16	0.00953	0.05389	0.15846	0.16933	0.01997	0.01031	0.14057	0.01257	0.01068	0.01442	0.01730	0.22033	0.06918	0.00865	0.00646	0.00183	0.05978	0.00770	0.00317	0.00589
17	0.05497	0.00994	0.01235	0.00894	0.01351	0.00815	0.06142	0.05520	0.01156	0.01816	0.00942	0.01101	0.00768	0.00408	0.00406	0.00093	0.00433	0.00338	0.00318	0.69773
18	0.01560	0.00949	0.01148	0.00988	0.01254	0.05280	0.03778	0.12026	0.05354	0.27534	0.01996	0.13351	0.01777	0.08037	0.02305	0.00221	0.00514	0.10740	0.00505	0.00682
19	0.80784	0.01088	0.00805	0.00721	0.01040	0.05486	0.00588	0.01561	0.00919	0.02278	0.00730	0.00851	0.00570	0.00486	0.00330	0.00160	0.00432	0.00285	0.00319	0.00566
20	0.00745	0.00553	0.00810	0.00810	0.00894	0.00637	0.00618	0.00913	0.00829	0.01189	0.01419	0.02181	0.01360	0.11598	0.72022	0.00804	0.01307	0.00578	0.00283	0.00450
21	0.01261	0.01013	0.01141	0.00854	0.01270	0.03026	0.00681	0.10801	0.01269	0.05834	0.01099	0.03977	0.00923	0.02068	0.00489	0.00109	0.01848	0.00393	0.00356	0.61588
22	0.00971	0.00485	0.00485	0.00485	0.00607	0.00485	0.00364	0.01213	0.01092	0.01942	0.01699	0.01942	0.01335	0.00607	0.00364	0.00121	0.00243	0.00485	0.84589	0.00485
23	0.01450	0.01154	0.01393	0.05242	0.01581	0.01273	0.06359	0.25504	0.33166	0.04931	0.04348	0.08223	0.01520	0.00738	0.00546	0.00172	0.00497	0.00629	0.00494	0.00780
24	0.01110	0.02678	0.73378	0.01474	0.02207	0.06895	0.01858	0.01680	0.01127	0.01622	0.00925	0.01088	0.00660	0.00498	0.00493	0.00163	0.00782	0.00381	0.00223	0.00758
25	0.01045	0.02494	0.01405	0.01204	0.01230	0.01354	0.00987	0.01165	0.00807	0.01227	0.00882	0.01462	0.00883	0.07303	0.15849	0.00356	0.59078	0.00493	0.00243	0.00534
26	0.01330	0.01157	0.01414	0.03156	0.14889	0.02767	0.03528	0.09151	0.45005	0.03183	0.04325	0.01899	0.04500	0.00676	0.00534	0.00169	0.00484	0.00580	0.00462	0.00791
27	0.00833	0.00626	0.00739	0.00690	0.00859	0.00603	0.00524	0.01227	0.12390	0.04085	0.47381	0.03821	0.22109	0.01063	0.00600	0.00168	0.00280	0.00917	0.00547	0.00538
28	0.01192	0.01718	0.24629	0.01982	0.12675	0.01272	0.35275	0.01792	0.10828	0.01732	0.01144	0.01369	0.00858	0.00492	0.00556	0.00170	0.00753	0.00525	0.00284	0.00754
29	0.01295	0.01119	0.01178	0.01060	0.01354	0.01295	0.00824	0.02767	0.77509	0.02178	0.02120	0.01943	0.01590	0.00707	0.00530	0.00177	0.00412	0.00589	0.00530	0.00824
30	0.04380	0.10642	0.17022	0.05034	0.42753	0.01279	0.03844	0.01547	0.01129	0.01627	0.01035	0.05506	0.00901	0.00533	0.00495	0.00156	0.00627	0.00480	0.00260	0.00752
31	0.01392	0.82012	0.02729	0.00891	0.01337	0.02061	0.00891	0.01559	0.01058	0.01225	0.00724	0.00835	0.00668	0.00446	0.00334	0.00111	0.00557	0.00278	0.00223	0.00668
32	0.85377	0.01007	0.00765	0.00685	0.01007	0.01168	0.00564	0.01531	0.00886	0.02336	0.00725	0.00846	0.00564	0.00483	0.00322	0.00161	0.00403	0.00282	0.00322	0.00564
33	0.00749	0.00537	0.00729	0.00729	0.00785	0.00593	0.00517	0.00861	0.00805	0.01129	0.01493	0.02591	0.01539	0.35031	0.48833	0.00704	0.01039	0.00638	0.00294	0.00405
34	0.00679	0.00521	0.00679	0.00778	0.02428	0.00510	0.00524	0.00781	0.01017	0.01346	0.04294	0.60509	0.13777	0.04304	0.00779	0.00216	0.04644	0.01315	0.00461	0.00439
35	0.00640	0.00457	0.00609	0.00721	0.00757	0.00427	0.00484	0.00739	0.01023	0.01370	0.06928	0.77184	0.03523	0.01601	0.00662	0.00209	0.00299	0.01451	0.00488	0.00427
36	0.36364	0.01037	0.01080	0.00876	0.01243	0.01090	0.00721	0.13725	0.05164	0.31770	0.01386	0.01319	0.00943	0.00578	0.00441	0.00161	0.00445	0.00419	0.00487	0.00751
37	0.00648	0.00468	0.00613	0.00705	0.00756	0.00433	0.00480	0.00762	0.01074	0.01439	0.13471	0.66419	0.07733	0.01536	0.00655	0.00203	0.00292	0.01385	0.00496	0.00433
38	0.01192	0.01337	0.02878	0.02078	0.02562	0.01275	0.69371	0.01605	0.01191	0.01626	0.01070	0.01445	0.00825	0.00701	0.06369	0.00225	0.02697	0.00607	0.00264	0.00682
39	0.01005	0.00955	0.01567	0.69424	0.03277	0.01218	0.01403	0.01320	0.01007	0.01320	0.00892	0.01354	0.00693	0.00575	0.00686	0.00181	0.11852	0.00462	0.00231	0.00577
40	0.00684	0.00530	0.00622	0.00599	0.00745	0.00469	0.00449	0.00879	0.01348	0.01788	0.46100	0.04384	0.37176	0.01177	0.00615	0.00169	0.00254	0.01011	0.00534	0.00469
41	0.01675	0.01209	0.01405	0.01060	0.01479	0.01210	0.03401	0.42085	0.01846	0.09343	0.01204	0.01262	0.00884	0.00589	0.00536	0.03085	0.00511	0.00429	0.00448	0.26337
42	0.01593	0.01253	0.01439	0.01165	0.01441	0.03668	0.00955	0.40920	0.01728	0.05039	0.01135	0.01325	0.00893	0.01092	0.10790	0.00254	0.19344	0.00467	0.00408	0.05091

[dist]
# distance from previous block
# <min> <max>
2	7

[block]
# block no. 1 follows, 47 sequences, length 18
# corresponding to MSA columns:
# 140-157
name=unknown_B
#
# <colnr> <probs for GDERKNQSTAVLIFYWHMCP>
#	G	D	E	R	K	N	Q	S	T	A	V	L	I	F	Y	W	H	M	C	P
0	0.05923	0.05325	0.00928	0.02840	0.01021	0.06527	0.00608	0.05089	0.01191	0.04791	0.12426	0.30619	0.07976	0.05799	0.02888	0.00211	0.00435	0.00923	0.00435	0.04045
1	0.16910	0.03263	0.05161	0.28535	0.13736	0.05308	0.01167	0.03475	0.04881	0.11175	0.01090	0.01292	0.00807	0.00530	0.00475	0.00163	0.00594	0.00428	0.00325	0.00683
2	0.19800	0.07458	0.06895	0.02506	0.05980	0.01059	0.00832	0.09615	0.04879	0.11478	0.12782	0.11392	0.01766	0.00753	0.00492	0.00164	0.00449	0.00612	0.00429	0.00662
3	0.03751	0.01506	0.17359	0.03845	0.06594	0.05948	0.23995	0.04706	0.07391	0.01681	0.01239	0.08082	0.01059	0.00742	0.02357	0.04922	0.00698	0.00573	0.00306	0.03246
4	0.03512	0.01043	0.01393	0.13846	0.12622	0.02772	0.04167	0.10740	0.10845	0.04360	0.01441	0.03119	0.02399	0.00765	0.03676	0.00183	0.00566	0.05817	0.03877	0.12854
5	0.62423	0.00991	0.00942	0.14059	0.01468	0.01154	0.00736	0.03435	0.02714	0.04209	0.00860	0.01033	0.00659	0.00607	0.02788	0.00184	0.00487	0.00339	0.00324	0.00586
6	0.01075	0.00926	0.01140	0.00855	0.01254	0.00767	0.02826	0.03370	0.01099	0.01683	0.01091	0.07962	0.00999	0.00531	0.00497	0.00102	0.05076	0.00431	0.00323	0.67995
7	0.01153	0.00923	0.01087	0.00780	0.01240	0.00698	0.00626	0.01383	0.01104	0.06208	0.00992	0.01120	0.00802	0.00401	0.00394	0.00082	0.00389	0.00321	0.00328	0.79968
8	0.00730	0.00532	0.00686	0.00648	0.00774	0.00488	0.00486	0.00969	0.01457	0.02049	0.73929	0.03955	0.09185	0.01079	0.00614	0.00164	0.00247	0.00951	0.00568	0.00488
9	0.00674	0.00475	0.00614	0.00692	0.00723	0.00458	0.00455	0.00758	0.00958	0.01290	0.06482	0.54978	0.03047	0.20066	0.05537	0.00311	0.00407	0.01235	0.00438	0.00404
10	0.00634	0.00453	0.00604	0.00725	0.00755	0.00423	0.00483	0.00725	0.00997	0.01329	0.02870	0.81358	0.03444	0.01632	0.00665	0.00211	0.00302	0.01480	0.00483	0.00423
11	0.01038	0.01107	0.02265	0.01691	0.02077	0.01031	0.51806	0.01375	0.01196	0.01599	0.05060	0.15300	0.10417	0.00767	0.00623	0.00181	0.00684	0.00829	0.00339	0.00616
12	0.01139	0.01139	0.01595	0.01367	0.01367	0.01595	0.01139	0.01253	0.00798	0.01253	0.00684	0.01139	0.00684	0.00911	0.01709	0.00228	0.80745	0.00456	0.00228	0.00570
13	0.85377	0.01007	0.00765	0.00685	0.01007	0.01168	0.00564	0.01531	0.00886	0.02336	0.00725	0.00846	0.00564	0.00483	0.00322	0.00161	0.00403	0.00282	0.00322	0.00564
14	0.00634	0.00453	0.00604	0.00725	0.00755	0.00423	0.00483	0.00725	0.00997	0.01329	0.02870	0.81358	0.03444	0.01632	0.00665	0.00211	0.00302	0.01480	0.00483	0.00423
15	0.00743	0.00501	0.00579	0.00590	0.00601	0.00495	0.00344	0.00766	0.00824	0.01106	0.06061	0.12110	0.02235	0.68274	0.02316	0.00453	0.00468	0.00848	0.00349	0.00337
16	0.00986	0.00912	0.01712	0.01439	0.01716	0.00877	0.30673	0.01300	0.01204	0.01594	0.02089	0.06517	0.02141	0.01051	0.00676	0.00214	0.00631	0.43307	0.00394	0.00566
17	0.41796	0.01013	0.03130	0.00879	0.01258	0.00992	0.03856	0.01999	0.01182	0.37148	0.01350	0.01298	0.00906	0.00555	0.00431	0.00162	0.00451	0.00409	0.00464	0.00722

[dist]
# distance from previous block
# <min> <max>
0	14

[block]
# block no. 2 follows, 47 sequences, length 157
# corresponding to MSA columns:
# 172-328
name=unknown_C
#
# <colnr> <probs for GDERKNQSTAVLIFYWHMCP>
#	G	D	E	R	K	N	Q	S	T	A	V	L	I	F	Y	W	H	M	C	P
0	0.85377	0.01007	0.00765	0.00685	0.01007	0.01168	0.00564	0.01531	0.00886	0.02336	0.00725	0.00846	0.00564	0.00483	0.00322	0.00161	0.00403	0.00282	0.00322	0.00564
1	0.01392	0.82012	0.02729	0.00891	0.01337	0.02061	0.00891	0.01559	0.01058	0.01225	0.00724	0.00835	0.00668	0.00446	0.00334	0.00111	0.00557	0.00278	0.00223	0.00668
2	0.04229	0.01067	0.01185	0.00984	0.01320	0.05298	0.00786	0.08314	0.26049	0.35212	0.08304	0.01892	0.01604	0.00688	0.00524	0.00164	0.00453	0.00558	0.00562	0.00808
3	0.00905	0.00452	0.00678	0.00678	0.00678	0.00452	0.00452	0.00678	0.00678	0.00905	0.00905	0.01583	0.00905	0.01809	0.02035	0.84848	0.00452	0.00452	0.00226	0.00226
4	0.00755	0.00508	0.00581	0.00577	0.00590	0.00503	0.00334	0.00780	0.00831	0.01120	0.09487	0.03457	0.02203	0.73432	0.02442	0.00470	0.00478	0.00776	0.00342	0.00334
5	0.00677	0.00534	0.02261	0.00755	0.00835	0.00472	0.00562	0.00811	0.01066	0.01400	0.04749	0.56415	0.12189	0.01526	0.00663	0.00210	0.00336	0.13616	0.00479	0.00443
6	0.01838	0.17850	0.01718	0.01255	0.01557	0.64623	0.00984	0.01979	0.01395	0.01265	0.00789	0.00919	0.00670	0.00519	0.00443	0.00130	0.00865	0.00324	0.00260	0.00616
7	0.01764	0.01397	0.01462	0.01140	0.01526	0.06465	0.02437	0.54376	0.05785	0.02769	0.01246	0.01366	0.00947	0.05021	0.00621	0.00167	0.00571	0.00467	0.00465	0.10010
8	0.01356	0.00974	0.01113	0.00910	0.03085	0.04566	0.00700	0.01711	0.09597	0.16765	0.07567	0.01687	0.01364	0.02189	0.00507	0.00128	0.00425	0.02085	0.00420	0.42852
9	0.05902	0.18209	0.32216	0.03765	0.11369	0.03866	0.01393	0.11711	0.02551	0.01821	0.02082	0.01134	0.00786	0.00512	0.00461	0.00151	0.00651	0.00391	0.00283	0.00746
10	0.01147	0.01936	0.34856	0.03336	0.02542	0.01269	0.43908	0.01654	0.01171	0.01654	0.01001	0.01277	0.00734	0.00464	0.00563	0.00171	0.00829	0.00516	0.00245	0.00728
11	0.01980	0.01459	0.01563	0.01198	0.01615	0.01615	0.00990	0.76713	0.02448	0.03282	0.01250	0.01250	0.00886	0.00625	0.00521	0.00156	0.00573	0.00469	0.00521	0.00886
12	0.00639	0.00456	0.00609	0.00730	0.00762	0.00427	0.00491	0.00733	0.01001	0.01334	0.02868	0.79717	0.03435	0.01627	0.00666	0.00212	0.00306	0.03078	0.00483	0.00424
13	0.85377	0.01007	0.00765	0.00685	0.01007	0.01168	0.00564	0.01531	0.00886	0.02336	0.00725	0.00846	0.00564	0.00483	0.00322	0.00161	0.00403	0.00282	0.00322	0.00564
14	0.00754	0.00517	0.00628	0.00628	0.00649	0.00537	0.00390	0.00796	0.00775	0.01054	0.01586	0.03104	0.01762	0.64367	0.19802	0.00579	0.00703	0.00713	0.00307	0.00349
15	0.00626	0.00528	0.00542	0.00538	0.00710	0.00444	0.00404	0.00768	0.01212	0.01465	0.11511	0.04916	0.71967	0.01297	0.00615	0.00175	0.00262	0.01086	0.00491	0.00444
16	0.00634	0.00453	0.00604	0.00725	0.00755	0.00423	0.00483	0.00725	0.00997	0.01329	0.02870	0.81358	0.03444	0.01632	0.00665	0.00211	0.00302	0.01480	0.00483	0.00423
17	0.02300	0.00887	0.01205	0.00922	0.01327	0.00763	0.00761	0.02502	0.01479	0.76571	0.02022	0.01752	0.01274	0.00637	0.00520	0.00159	0.00441	0.00517	0.00635	0.03326
18	0.01373	0.77903	0.05123	0.02474	0.01410	0.02016	0.00935	0.01558	0.01059	0.01241	0.00735	0.00855	0.00669	0.00449	0.00343	0.00114	0.00566	0.00285	0.00223	0.00670
19	0.01356	0.01580	0.11716	0.06868	0.02011	0.12878	0.20327	0.05960	0.01191	0.05249	0.00957	0.01245	0.00761	0.00694	0.02598	0.00195	0.22992	0.00476	0.00280	0.00665
20	0.83736	0.02589	0.00804	0.00689	0.01014	0.01186	0.00570	0.01531	0.00890	0.02315	0.00725	0.00846	0.00566	0.00483	0.00323	0.00160	0.00406	0.00282	0.00320	0.00566
21	0.00757	0.00505	0.00568	0.00568	0.00568	0.00505	0.00316	0.00757	0.00757	0.01010	0.01641	0.03408	0.01893	0.81698	0.02651	0.00505	0.00505	0.00757	0.00316	0.00316
22	0.01392	0.82012	0.02729	0.00891	0.01337	0.02061	0.00891	0.01559	0.01058	0.01225	0.00724	0.00835	0.00668	0.00446	0.00334	0.00111	0.00557	0.00278	0.00223	0.00668
23	0.00737	0.00532	0.00696	0.00655	0.00778	0.00491	0.00491	0.00983	0.01474	0.02088	0.78175	0.03890	0.04914	0.01065	0.00614	0.00164	0.00246	0.00942	0.00573	0.00491
24	0.00905	0.00452	0.00678	0.00678	0.00678	0.00452	0.00452	0.00678	0.00678	0.00905	0.00905	0.01583	0.00905	0.01809	0.02035	0.84848	0.00452	0.00452	0.00226	0.00226
25	0.00701	0.00527	0.00649	0.00626	0.00758	0.00475	0.00467	0.00910	0.01378	0.01878	0.55996	0.07887	0.23523	0.01157	0.00617	0.00169	0.00253	0.01008	0.00546	0.00475
26	0.70708	0.01016	0.00862	0.00742	0.01079	0.01142	0.00611	0.05629	0.01043	0.11836	0.00917	0.00982	0.00671	0.00511	0.00358	0.00161	0.00417	0.00322	0.00373	0.00621
27	0.01945	0.02482	0.01476	0.01342	0.01610	0.79608	0.01006	0.02079	0.01476	0.01275	0.00805	0.00939	0.00671	0.00537	0.00470	0.00134	0.00939	0.00335	0.00268	0.00604
28	0.09826	0.00583	0.00695	0.00652	0.00799	0.00562	0.00495	0.01030	0.01397	0.02082	0.66360	0.03617	0.07959	0.01014	0.00583	0.00164	0.00263	0.00878	0.00542	0.00497
29	0.00983	0.00926	0.01562	0.80447	0.03587	0.01157	0.01446	0.01331	0.01041	0.01331	0.00926	0.01388	0.00694	0.00521	0.00521	0.00174	0.00694	0.00463	0.00231	0.00579
30	0.85377	0.01007	0.00765	0.00685	0.01007	0.01168	0.00564	0.01531	0.00886	0.02336	0.00725	0.00846	0.00564	0.00483	0.00322	0.00161	0.00403	0.00282	0.00322	0.00564
31	0.01295	0.01119	0.01178	0.01060	0.01354	0.01295	0.00824	0.02767	0.77509	0.02178	0.02120	0.01943	0.01590	0.00707	0.00530	0.00177	0.00412	0.00589	0.00530	0.00824
32	0.00999	0.00942	0.01561	0.58342	0.05358	0.01165	0.04104	0.01298	0.01002	0.01326	0.00956	0.01471	0.00780	0.03971	0.04931	0.00228	0.10267	0.00484	0.00239	0.00573
33	0.00891	0.00461	0.00692	0.00692	0.00700	0.00469	0.00469	0.00700	0.00692	0.00930	0.00946	0.01622	0.00938	0.01985	0.08559	0.77786	0.00532	0.00461	0.00231	0.00246
34	0.01980	0.01459	0.01563	0.01198	0.01615	0.01615	0.00990	0.76713	0.02448	0.03282	0.01250	0.01250	0.00886	0.00625	0.00521	0.00156	0.00573	0.00469	0.00521	0.00886
35	0.01052	0.01003	0.01500	0.08930	0.09118	0.01300	0.02550	0.01230	0.00876	0.01303	0.00903	0.01388	0.00840	0.01497	0.19058	0.00352	0.45798	0.00483	0.00243	0.00575
36	0.83406	0.01013	0.00797	0.00744	0.02822	0.01170	0.00588	0.01532	0.00893	0.02322	0.00731	0.00856	0.00570	0.00483	0.00327	0.00161	0.00408	0.00286	0.00321	0.00570
37	0.01139	0.01139	0.01595	0.01367	0.01367	0.01595	0.01139	0.01253	0.00798	0.01253	0.00684	0.01139	0.00684	0.00911	0.01709	0.00228	0.80745	0.00456	0.00228	0.00570
38	0.01047	0.00979	0.08758	0.05189	0.01247	0.02431	0.00774	0.10897	0.05791	0.05561	0.32366	0.03090	0.17937	0.00922	0.00573	0.00166	0.00401	0.00779	0.00489	0.00604
39	0.01630	0.01277	0.01396	0.05464	0.01606	0.01444	0.00943	0.41909	0.31941	0.02699	0.01578	0.01547	0.01161	0.00718	0.02116	0.00179	0.00533	0.00518	0.00504	0.00836
40	0.00663	0.00473	0.00630	0.00731	0.00768	0.00456	0.00498	0.00760	0.00974	0.01304	0.02648	0.65038	0.03128	0.08742	0.06752	0.00285	0.00410	0.04868	0.00453	0.00420
41	0.01896	0.01399	0.01505	0.01171	0.01565	0.01546	0.00960	0.71285	0.03809	0.03158	0.01352	0.05493	0.01034	0.00680	0.00529	0.00160	0.00556	0.00525	0.00519	0.00860
42	0.00974	0.08251	0.35697	0.05048	0.07413	0.01023	0.01282	0.01376	0.01217	0.01722	0.24270	0.02148	0.06048	0.00704	0.00527	0.00160	0.00554	0.00590	0.00343	0.00656
43	0.03857	0.08431	0.08730	0.05117	0.26549	0.04353	0.01280	0.01643	0.10087	0.01578	0.01006	0.01264	0.00842	0.00680	0.02375	0.00187	0.20590	0.00445	0.00278	0.00709
44	0.01498	0.56958	0.06075	0.01064	0.01494	0.16219	0.03763	0.05117	0.01207	0.01365	0.00785	0.00907	0.00683	0.00473	0.00386	0.00123	0.00650	0.00315	0.00246	0.00672
45	0.01284	0.01214	0.02038	0.10929	0.68045	0.01243	0.01560	0.04348	0.01218	0.01722	0.00984	0.01298	0.00814	0.00476	0.00516	0.00157	0.00625	0.00464	0.00265	0.00802
46	0.03081	0.13025	0.35553	0.05694	0.07188	0.05714	0.02614	0.01614	0.01132	0.08063	0.01179	0.09067	0.01004	0.00622	0.00516	0.00161	0.02276	0.00500	0.00291	0.00705
47	0.00755	0.00514	0.00615	0.00615	0.00631	0.00530	0.00374	0.00787	0.00771	0.01045	0.01598	0.03170	0.01790	0.68120	0.16088	0.00563	0.00660	0.00723	0.00309	0.00342
48	0.00905	0.00452	0.00678	0.00678	0.00678	0.00452	0.00452	0.00678	0.00678	0.00905	0.00905	0.01583	0.00905	0.01809	0.02035	0.84848	0.00452	0.00452	0.00226	0.00226
49	0.01407	0.75438	0.05278	0.00933	0.01381	0.05795	0.00932	0.01588	0.01080	0.01242	0.00735	0.00849	0.00668	0.00452	0.00346	0.00114	0.00583	0.00285	0.00225	0.00669
50	0.00905	0.00452	0.00678	0.00678	0.00678	0.00452	0.00452	0.00678	0.00678	0.00905	0.00905	0.01583	0.00905	0.01809	0.02035	0.84848	0.00452	0.00452	0.00226	0.00226
51	0.01942	0.01440	0.01542	0.01191	0.01601	0.01598	0.00981	0.72675	0.06547	0.03222	0.01298	0.01288	0.00924	0.00630	0.00521	0.00157	0.00564	0.00475	0.00521	0.00882
52	0.00905	0.00452	0.00678	0.00678	0.00678	0.00452	0.00452	0.00678	0.00678	0.00905	0.00905	0.01583	0.00905	0.01809	0.02035	0.84848	0.00452	0.00452	0.00226	0.00226
53	0.01213	0.14217	0.20051	0.01833	0.02402	0.01408	0.48061	0.01647	0.01173	0.01595	0.00976	0.01248	0.00742	0.00453	0.00544	0.00163	0.00804	0.00511	0.00247	0.00712
54	0.01121	0.20176	0.62189	0.01354	0.02052	0.01397	0.01696	0.01629	0.01090	0.01556	0.00888	0.01041	0.00662	0.00484	0.00459	0.00153	0.00723	0.00361	0.00221	0.00747
55	0.00641	0.00458	0.00612	0.00732	0.00765	0.00428	0.00494	0.00736	0.01003	0.01337	0.02867	0.79010	0.03430	0.01626	0.00666	0.00212	0.00308	0.03766	0.00483	0.00425
56	0.02323	0.00907	0.01222	0.00937	0.01340	0.00797	0.00774	0.05280	0.01526	0.76019	0.02025	0.01753	0.01274	0.00644	0.00524	0.00161	0.00448	0.00522	0.00640	0.00886
57	0.00893	0.01009	0.14587	0.01094	0.01349	0.00719	0.11040	0.01144	0.01095	0.05171	0.02237	0.43303	0.02444	0.01202	0.00629	0.00200	0.00490	0.10429	0.00415	0.00550
58	0.00758	0.00569	0.00841	0.00836	0.00925	0.00666	0.00649	0.00939	0.00839	0.01220	0.01390	0.02054	0.01302	0.05551	0.74522	0.00801	0.03178	0.00559	0.01937	0.00464
59	0.01392	0.82012	0.02729	0.00891	0.01337	0.02061	0.00891	0.01559	0.01058	0.01225	0.00724	0.00835	0.00668	0.00446	0.00334	0.00111	0.00557	0.00278	0.00223	0.00668
60	0.00637	0.00460	0.00603	0.00712	0.00753	0.00426	0.00479	0.00735	0.01023	0.01358	0.05477	0.74773	0.07446	0.01596	0.00660	0.00208	0.00298	0.01443	0.00486	0.00426
61	0.03456	0.00930	0.03562	0.00988	0.04122	0.00792	0.00785	0.04886	0.02851	0.43575	0.03012	0.09922	0.01488	0.00728	0.00520	0.00156	0.00438	0.03407	0.00527	0.13854
62	0.01642	0.03357	0.37882	0.01252	0.03453	0.01058	0.01341	0.04829	0.03691	0.34127	0.01450	0.01413	0.00965	0.00567	0.00506	0.00162	0.00607	0.00452	0.00420	0.00824
63	0.00816	0.00588	0.00810	0.00923	0.01041	0.00581	0.00796	0.01042	0.01187	0.01538	0.02897	0.09951	0.06998	0.01443	0.00711	0.00235	0.00458	0.67030	0.00480	0.00474
64	0.00640	0.00507	0.00568	0.00603	0.00723	0.00445	0.00431	0.00762	0.01126	0.01406	0.08668	0.26885	0.46668	0.05785	0.00743	0.00205	0.00291	0.02633	0.00480	0.00432
65	0.05376	0.01625	0.13683	0.14100	0.06646	0.13704	0.07585	0.15278	0.01362	0.01828	0.00957	0.01196	0.00742	0.00579	0.00660	0.00167	0.11242	0.00436	0.02146	0.00689
66	0.00779	0.00593	0.00836	0.00817	0.00881	0.00693	0.00613	0.00916	0.00815	0.01166	0.01394	0.02288	0.01389	0.21675	0.55521	0.00711	0.07594	0.00596	0.00283	0.00439
67	0.00672	0.00526	0.00610	0.00603	0.00745	0.00463	0.00450	0.00852	0.01296	0.01693	0.35975	0.09570	0.40858	0.01234	0.00620	0.00174	0.00263	0.02411	0.00522	0.00461
68	0.01270	0.01311	0.01203	0.01142	0.03065	0.25816	0.00873	0.06525	0.01173	0.01407	0.01184	0.01732	0.01086	0.02067	0.34345	0.00452	0.09963	0.04530	0.00297	0.00558
69	0.01695	0.01269	0.01464	0.03226	0.08929	0.01392	0.00986	0.42826	0.19587	0.07327	0.01535	0.04830	0.01171	0.00670	0.00529	0.00164	0.00524	0.00542	0.00497	0.00839
70	0.00981	0.00789	0.04564	0.00901	0.05087	0.00697	0.00683	0.05217	0.06958	0.07568	0.21087	0.08745	0.21620	0.05881	0.00719	0.00196	0.00378	0.06875	0.00488	0.00569
71	0.01381	0.01118	0.01205	0.02579	0.01408	0.01278	0.00841	0.06323	0.68127	0.06518	0.02051	0.01889	0.01521	0.00696	0.00529	0.00175	0.00427	0.00577	0.00530	0.00826
72	0.14928	0.01798	0.01623	0.01552	0.11990	0.35936	0.08479	0.12855	0.01449	0.01833	0.00904	0.01067	0.00718	0.00529	0.00499	0.00150	0.02306	0.00394	0.00311	0.00678
73	0.01828	0.01337	0.02800	0.07256	0.01710	0.01445	0.00997	0.56599	0.06357	0.09079	0.01366	0.02828	0.00994	0.00705	0.02110	0.00174	0.00578	0.00498	0.00499	0.00840
74	0.01276	0.01314	0.06177	0.03106	0.74423	0.01236	0.01615	0.01601	0.01181	0.01699	0.00977	0.01279	0.00816	0.00466	0.00514	0.00155	0.00627	0.00460	0.00256	0.00822
75	0.00672	0.00535	0.00604	0.00593	0.00744	0.00472	0.00442	0.00865	0.02550	0.01662	0.31508	0.08617	0.46416	0.01233	0.00616	0.00173	0.00262	0.01054	0.00517	0.00464
76	0.00777	0.00532	0.00617	0.00625	0.00650	0.00533	0.00380	0.03453	0.00869	0.01159	0.01899	0.16759	0.03518	0.61273	0.04431	0.00445	0.00494	0.00872	0.00354	0.00361
77	0.00711	0.00527	0.00702	0.00707	0.00803	0.00533	0.00522	0.00880	0.01089	0.01500	0.25136	0.14551	0.12305	0.08320	0.28826	0.00437	0.00684	0.00889	0.00425	0.00452
78	0.00730	0.00531	0.00687	0.00651	0.00774	0.00488	0.00487	0.00968	0.01453	0.02045	0.73614	0.05370	0.08075	0.01086	0.00615	0.00165	0.00248	0.00959	0.00568	0.00488
79	0.85377	0.01007	0.00765	0.00685	0.01007	0.01168	0.00564	0.01531	0.00886	0.02336	0.00725	0.00846	0.00564	0.00483	0.00322	0.00161	0.00403	0.00282	0.00322	0.00564
80	0.01139	0.01139	0.01595	0.01367	0.01367	0.01595	0.01139	0.01253	0.00798	0.01253	0.00684	0.01139	0.00684	0.00911	0.01709	0.00228	0.80745	0.00456	0.00228	0.00570
81	0.01980	0.01459	0.01563	0.01198	0.01615	0.01615	0.00990	0.76713	0.02448	0.03282	0.01250	0.01250	0.00886	0.00625	0.00521	0.00156	0.00573	0.00469	0.00521	0.00886
82	0.01229	0.01405	0.03073	0.02195	0.02722	0.01317	0.76558	0.01668	0.01229	0.01668	0.01054	0.01405	0.00790	0.00439	0.00615	0.00176	0.00878	0.00615	0.00263	0.00702
83	0.85377	0.01007	0.00765	0.00685	0.01007	0.01168	0.00564	0.01531	0.00886	0.02336	0.00725	0.00846	0.00564	0.00483	0.00322	0.00161	0.00403	0.00282	0.00322	0.00564
84	0.01295	0.01119	0.01178	0.01060	0.01354	0.01295	0.00824	0.02767	0.77509	0.02178	0.02120	0.01943	0.01590	0.00707	0.00530	0.00177	0.00412	0.00589	0.00530	0.00824
85	0.00615	0.00528	0.00528	0.00528	0.00703	0.00440	0.00396	0.00747	0.01187	0.01407	0.05276	0.05012	0.78238	0.01319	0.00615	0.00176	0.00264	0.01099	0.00484	0.00440
86	0.00835	0.00618	0.00817	0.00905	0.01042	0.00616	0.00777	0.01129	0.05370	0.01585	0.04683	0.05511	0.12138	0.01376	0.00694	0.00227	0.00444	0.60256	0.00485	0.00494
87	0.29737	0.01235	0.01248	0.00993	0.01374	0.01361	0.00819	0.41471	0.03546	0.11638	0.01188	0.01192	0.00841	0.00582	0.00455	0.00159	0.00498	0.00416	0.00469	0.00777
88	0.00663	0.00465	0.00596	0.00689	0.00712	0.00442	0.00445	0.00732	0.00942	0.01256	0.02589	0.63534	0.03090	0.19939	0.01119	0.00279	0.00348	0.01315	0.00445	0.00398
89	0.02336	0.00886	0.01209	0.00927	0.01329	0.00765	0.00765	0.02538	0.01491	0.78810	0.02055	0.01773	0.01289	0.00645	0.00524	0.00161	0.00443	0.00524	0.00645	0.00886
90	0.02277	0.00933	0.01232	0.00947	0.01346	0.00839	0.00781	0.09304	0.01578	0.70596	0.03269	0.01761	0.01314	0.00650	0.00525	0.00161	0.00452	0.00526	0.00632	0.00880
91	0.00714	0.00487	0.00581	0.00623	0.00634	0.00476	0.00375	0.00746	0.00842	0.01122	0.02073	0.30809	0.02438	0.53554	0.01953	0.00402	0.00434	0.01012	0.00375	0.00353
92	0.01282	0.01107	0.01164	0.01049	0.01341	0.01278	0.00816	0.02727	0.75973	0.02163	0.02183	0.02005	0.03132	0.00719	0.00532	0.00177	0.00409	0.00599	0.00529	0.00817
93	0.01199	0.01234	0.02333	0.05128	0.11159	0.02447	0.42942	0.05484	0.01252	0.01689	0.01369	0.03525	0.02925	0.00649	0.00666	0.00183	0.05112	0.09723	0.00309	0.00674
94	0.01122	0.04847	0.01278	0.00864	0.01328	0.00813	0.04785	0.02905	0.01115	0.01706	0.00930	0.01089	0.00770	0.00396	0.00399	0.00086	0.00425	0.00327	0.00306	0.74510
95	0.03264	0.27022	0.25951	0.02828	0.09438	0.07453	0.01296	0.01659	0.01119	0.06817	0.00930	0.01094	0.00738	0.00596	0.02344	0.00164	0.05939	0.00373	0.00262	0.00711
96	0.00714	0.00583	0.00637	0.00618	0.00789	0.00534	0.00469	0.00999	0.08119	0.01662	0.24487	0.04453	0.50187	0.01198	0.00610	0.00174	0.00277	0.02491	0.00512	0.00489
97	0.05273	0.00771	0.02428	0.00794	0.01031	0.00720	0.00637	0.05514	0.07102	0.19801	0.45780	0.02920	0.03331	0.00879	0.00566	0.00164	0.00338	0.00752	0.00565	0.00636
98	0.01185	0.15154	0.40194	0.07317	0.20513	0.01364	0.01614	0.03935	0.01151	0.01621	0.00920	0.01127	0.00710	0.00485	0.00476	0.00154	0.00687	0.00395	0.00240	0.00757
99	0.00888	0.00686	0.00920	0.01094	0.06400	0.02924	0.00853	0.01110	0.01174	0.01522	0.02530	0.09285	0.02750	0.05200	0.00788	0.00242	0.00494	0.60194	0.00450	0.00496
100	0.00713	0.00527	0.00665	0.00639	0.00765	0.00480	0.00476	0.00932	0.01403	0.01941	0.62731	0.08295	0.16232	0.01135	0.00617	0.00168	0.00252	0.00996	0.00554	0.00480
101	0.01416	0.03576	0.42934	0.01567	0.10610	0.01230	0.04315	0.13154	0.01375	0.13169	0.01151	0.01248	0.00810	0.00530	0.00507	0.00161	0.00675	0.00433	0.00334	0.00806
102	0.08397	0.00973	0.01224	0.00946	0.01345	0.00911	0.00781	0.12574	0.01577	0.62890	0.01847	0.01633	0.01181	0.00630	0.00509	0.00160	0.00458	0.00498	0.00604	0.00862
103	0.02336	0.00886	0.01209	0.00927	0.01329	0.00765	0.00765	0.02538	0.01491	0.78810	0.02055	0.01773	0.01289	0.00645	0.00524	0.00161	0.00443	0.00524	0.00645	0.00886
104	0.02336	0.00886	0.01209	0.00927	0.01329	0.00765	0.00765	0.02538	0.01491	0.78810	0.02055	0.01773	0.01289	0.00645	0.00524	0.00161	0.00443	0.00524	0.00645	0.00886
105	0.00649	0.00457	0.00599	0.00711	0.00742	0.00429	0.00472	0.00739	0.00987	0.01327	0.02777	0.75331	0.03312	0.05838	0.00762	0.00225	0.00311	0.01418	0.02495	0.00419
106	0.00637	0.00454	0.00603	0.00722	0.00751	0.00425	0.00480	0.00726	0.00992	0.01322	0.02844	0.79663	0.03411	0.03373	0.00708	0.00218	0.00307	0.01465	0.00480	0.00421
107	0.01322	0.00832	0.00868	0.00742	0.00967	0.00889	0.00588	0.26977	0.03313	0.02404	0.01556	0.01706	0.01188	0.00615	0.00421	0.00135	0.00359	0.00482	0.54007	0.00630
108	0.01080	0.00926	0.01080	0.00771	0.01234	0.00694	0.00617	0.01311	0.01080	0.01697	0.00926	0.01080	0.00771	0.00386	0.00386	0.00077	0.00386	0.00309	0.00309	0.84882
109	0.00615	0.00528	0.00528	0.00528	0.00703	0.00440	0.00396	0.00747	0.01187	0.01407	0.05276	0.05012	0.78238	0.01319	0.00615	0.00176	0.00264	0.01099	0.00484	0.00440
110	0.01911	0.01424	0.01524	0.01184	0.01589	0.01583	0.00973	0.69263	0.10011	0.03171	0.01338	0.01320	0.00957	0.00633	0.00522	0.00158	0.00557	0.00481	0.00522	0.00879
111	0.00744	0.00556	0.00826	0.00826	0.00915	0.00645	0.00638	0.00923	0.00834	0.01201	0.01405	0.02100	0.01326	0.07025	0.76547	0.00824	0.01359	0.00566	0.00280	0.00459
112	0.00634	0.00453	0.00604	0.00725	0.00755	0.00423	0.00483	0.00725	0.00997	0.01329	0.02870	0.81358	0.03444	0.01632	0.00665	0.00211	0.00302	0.01480	0.00483	0.00423
113	0.04094	0.52510	0.14962	0.01102	0.03370	0.11822	0.01084	0.03291	0.01147	0.01393	0.00787	0.00912	0.00672	0.00471	0.00386	0.00127	0.00638	0.00312	0.00239	0.00682
114	0.01139	0.01139	0.01595	0.01367	0.01367	0.01595	0.01139	0.01253	0.00798	0.01253	0.00684	0.01139	0.00684	0.00911	0.01709	0.00228	0.80745	0.00456	0.00228	0.00570
115	0.00665	0.00530	0.00597	0.00580	0.00734	0.00461	0.00435	0.00844	0.01305	0.01686	0.35175	0.04552	0.48164	0.01215	0.00615	0.00171	0.00256	0.01035	0.00520	0.00461
116	0.01703	0.01396	0.01402	0.01153	0.01510	0.07097	0.00925	0.41680	0.32491	0.02695	0.01567	0.01506	0.01153	0.00651	0.00521	0.00163	0.00535	0.00507	0.00506	0.00841
117	0.02114	0.01122	0.01340	0.01040	0.01439	0.01131	0.00855	0.30559	0.08273	0.43825	0.01756	0.01590	0.01162	0.00642	0.00523	0.00161	0.00490	0.00508	0.00588	0.00881
118	0.02843	0.03874	0.01598	0.01424	0.13849	0.06719	0.08146	0.13218	0.04268	0.05617	0.01077	0.01215	0.00841	0.00479	0.00465	0.00126	0.00548	0.00409	0.00348	0.32937
119	0.00704	0.00482	0.00584	0.00637	0.00650	0.00469	0.00389	0.00743	0.00862	0.01149	0.02178	0.37457	0.02571	0.46725	0.01783	0.00377	0.00416	0.01073	0.00389	0.00362
120	0.00715	0.00528	0.00667	0.00640	0.00766	0.00481	0.00477	0.00936	0.01410	0.01954	0.64039	0.07763	0.15433	0.01129	0.00617	0.00168	0.00251	0.00990	0.00556	0.00481
121	0.00874	0.00950	0.07483	0.12733	0.01432	0.08753	0.02022	0.01057	0.01066	0.01357	0.02192	0.49880	0.04175	0.01218	0.00627	0.00193	0.02016	0.01077	0.00393	0.00501
122	0.02419	0.02907	0.01477	0.55625	0.04551	0.07863	0.01256	0.01504	0.07967	0.01460	0.04773	0.03819	0.01055	0.00593	0.00518	0.00169	0.00648	0.00509	0.00287	0.00601
123	0.01391	0.00687	0.00944	0.00907	0.01122	0.00635	0.00750	0.01591	0.01279	0.31797	0.02501	0.17032	0.02403	0.01160	0.00633	0.00204	0.00435	0.33353	0.00545	0.00629
124	0.00986	0.00587	0.00776	0.00697	0.00864	0.00534	0.00534	0.01224	0.01477	0.14008	0.66349	0.03561	0.04351	0.00999	0.00600	0.00163	0.00276	0.00877	0.00584	0.00553
125	0.13986	0.05075	0.01322	0.02908	0.14110	0.12148	0.00879	0.07536	0.01180	0.07815	0.01210	0.05930	0.01120	0.15213	0.00959	0.00224	0.06906	0.00522	0.00339	0.00618
126	0.00791	0.00578	0.00786	0.00878	0.00986	0.00582	0.00724	0.01028	0.03345	0.01500	0.04196	0.19397	0.06754	0.01693	0.08786	0.00289	0.00523	0.46227	0.00463	0.00476
127	0.01064	0.01032	0.01503	0.09326	0.01552	0.01398	0.02623	0.01219	0.00837	0.01263	0.00827	0.01311	0.00783	0.01329	0.13714	0.00316	0.58633	0.00476	0.00237	0.00557
128	0.00634	0.00470	0.00593	0.00685	0.00746	0.00428	0.00467	0.00738	0.01050	0.01370	0.05862	0.64098	0.17853	0.01552	0.00654	0.00203	0.00293	0.01389	0.00486	0.00428
129	0.01376	0.78212	0.06383	0.00919	0.01381	0.02020	0.00941	0.01564	0.01060	0.01246	0.00734	0.00848	0.00668	0.00448	0.00342	0.00114	0.00567	0.00284	0.00223	0.00673
130	0.03155	0.01516	0.15505	0.01938	0.09081	0.01211	0.45179	0.01683	0.03422	0.05761	0.01334	0.01562	0.05045	0.00518	0.00572	0.00171	0.00756	0.00576	0.00297	0.00720
131	0.00818	0.00579	0.00760	0.00834	0.00969	0.00552	0.00700	0.01023	0.01204	0.03939	0.06996	0.10881	0.19132	0.01384	0.00682	0.00218	0.00408	0.47950	0.00490	0.00480
132	0.00686	0.00506	0.00613	0.00639	0.00748	0.00458	0.00463	0.00852	0.01221	0.01644	0.28830	0.27913	0.24826	0.01294	0.00619	0.00181	0.00273	0.02820	0.04959	0.00455
133	0.03444	0.00694	0.00841	0.00998	0.08794	0.04750	0.00639	0.01012	0.02730	0.01570	0.17313	0.44465	0.06782	0.01270	0.00614	0.00189	0.00364	0.02568	0.00462	0.00502
134	0.05925	0.02887	0.01249	0.00987	0.01347	0.01082	0.00801	0.13899	0.22654	0.38063	0.01879	0.04149	0.01328	0.00677	0.00515	0.00165	0.00451	0.00546	0.00564	0.00834
135	0.00793	0.00570	0.00767	0.00858	0.00959	0.00560	0.00692	0.03146	0.01190	0.01571	0.08547	0.30418	0.04519	0.01448	0.00686	0.00221	0.00402	0.41691	0.00489	0.00473
136	0.85377	0.01007	0.00765	0.00685	0.01007	0.01168	0.00564	0.01531	0.00886	0.02336	0.00725	0.00846	0.00564	0.00483	0.00322	0.00161	0.00403	0.00282	0.00322	0.00564
137	0.00670	0.00518	0.00590	0.00611	0.00725	0.00469	0.00439	0.00793	0.01105	0.01400	0.11305	0.16241	0.40449	0.14321	0.03875	0.00261	0.00360	0.04983	0.00458	0.00425
138	0.01141	0.01109	0.01552	0.05651	0.01474	0.01522	0.01125	0.04030	0.00874	0.01330	0.00755	0.01205	0.00724	0.01038	0.05719	0.00254	0.69217	0.00462	0.00242	0.00576
139	0.01187	0.01711	0.21431	0.02060	0.05407	0.01288	0.55708	0.01661	0.01196	0.01665	0.01022	0.01327	0.00760	0.00453	0.00582	0.00172	0.00842	0.00553	0.00253	0.00723
140	0.00655	0.00468	0.00596	0.00686	0.00723	0.00438	0.00452	0.00738	0.00984	0.01303	0.04650	0.62257	0.08264	0.14036	0.00969	0.00254	0.00330	0.01330	0.00460	0.00409
141	0.01926	0.02487	0.03178	0.01345	0.01624	0.77887	0.01026	0.02070	0.01468	0.01283	0.00808	0.00943	0.00671	0.00536	0.00470	0.00135	0.00935	0.00336	0.00267	0.00607
142	0.00732	0.00496	0.00582	0.00604	0.00616	0.00488	0.00358	0.00763	0.00844	0.01132	0.06062	0.18774	0.02363	0.61539	0.02149	0.00429	0.00451	0.00910	0.00363	0.00346
143	0.01072	0.01020	0.01703	0.55046	0.22140	0.01211	0.01461	0.01392	0.01059	0.01417	0.00920	0.01344	0.00726	0.00537	0.00611	0.00173	0.06829	0.00463	0.00238	0.00639
144	0.01974	0.01618	0.01549	0.01220	0.01614	0.13732	0.00992	0.65118	0.02297	0.02970	0.01181	0.01202	0.00852	0.00611	0.00513	0.00153	0.00630	0.00448	0.00482	0.00842
145	0.01394	0.40291	0.27460	0.01167	0.01686	0.15772	0.01248	0.01699	0.01154	0.02682	0.00830	0.00956	0.00676	0.00481	0.00414	0.00134	0.00694	0.00328	0.00237	0.00694
146	0.00837	0.00606	0.00754	0.00768	0.00891	0.00605	0.00593	0.01128	0.11162	0.01575	0.17096	0.09071	0.15108	0.04536	0.00940	0.13635	0.00376	0.19389	0.00458	0.00470
147	0.61002	0.03879	0.00814	0.00711	0.00971	0.01034	0.00565	0.02633	0.00945	0.02076	0.01236	0.19702	0.01248	0.00753	0.00406	0.00171	0.00388	0.00566	0.00360	0.00540
148	0.00931	0.00662	0.00795	0.00729	0.00910	0.00648	0.00557	0.01380	0.15197	0.07310	0.48829	0.03550	0.14441	0.01007	0.00593	0.00168	0.00292	0.00871	0.00558	0.00572
149	0.01426	0.03463	0.09947	0.04910	0.10336	0.19759	0.29570	0.04455	0.01313	0.04468	0.03252	0.01329	0.00896	0.00564	0.01855	0.00170	0.00803	0.00496	0.00290	0.00697
150	0.00637	0.00485	0.00588	0.00664	0.00748	0.00436	0.00465	0.00750	0.01078	0.01380	0.05399	0.51533	0.28647	0.01507	0.00649	0.00199	0.00293	0.03625	0.00485	0.00432
151	0.00711	0.00516	0.00679	0.00738	0.00828	0.00485	0.00556	0.00887	0.01211	0.01633	0.27744	0.34150	0.09297	0.01381	0.00656	0.00199	0.00319	0.17039	0.00512	0.00459
152	0.01342	0.67964	0.07899	0.00933	0.01372	0.04669	0.00940	0.01544	0.01105	0.01316	0.06094	0.01069	0.00961	0.00495	0.00370	0.00120	0.00564	0.00334	0.00248	0.00661
153	0.01617	0.03116	0.01470	0.09359	0.05745	0.03635	0.01009	0.47503	0.01927	0.02551	0.01383	0.01934	0.01166	0.05474	0.00664	0.00187	0.00583	0.09478	0.00446	0.00755
154	0.00833	0.00541	0.00706	0.00740	0.00856	0.00499	0.00557	0.00999	0.01207	0.08061	0.20882	0.34991	0.12369	0.01346	0.00644	0.00196	0.00325	0.13241	0.00518	0.00489
155	0.00971	0.00485	0.00485	0.00485	0.00607	0.00485	0.00364	0.01213	0.01092	0.01942	0.01699	0.01942	0.01335	0.00607	0.00364	0.00121	0.00243	0.00485	0.84589	0.00485
156	0.01439	0.55879	0.13927	0.01064	0.01554	0.03463	0.05167	0.01689	0.01126	0.09131	0.00909	0.01002	0.00736	0.00475	0.00395	0.00128	0.00603	0.00339	0.00268	0.00706

[dist]
# distance from previous block
# <min> <max>
1	3

[block]
# block no. 3 follows, 47 sequences, length 79
# corresponding to MSA columns:
# 332-350,358-367,376-378,385-390,392-400,418-449
name=unknown_D
#
# <colnr> <probs for GDERKNQSTAVLIFYWHMCP>
#	G	D	E	R	K	N	Q	S	T	A	V	L	I	F	Y	W	H	M	C	P
0	0.00748	0.00534	0.00670	0.00692	0.00813	0.00489	0.00524	0.00926	0.01247	0.03814	0.29503	0.20889	0.21442	0.03101	0.00685	0.00196	0.00309	0.12434	0.00515	0.00470
1	0.01401	0.60965	0.08069	0.01012	0.01434	0.04394	0.00999	0.06614	0.01144	0.01399	0.00774	0.00913	0.00684	0.00506	0.00487	0.00130	0.07835	0.00317	0.00245	0.00679
2	0.00971	0.00485	0.00485	0.00485	0.00607	0.00485	0.00364	0.01213	0.01092	0.01942	0.01699	0.01942	0.01335	0.00607	0.00364	0.00121	0.00243	0.00485	0.84589	0.00485
3	0.15404	0.14396	0.01489	0.04421	0.01474	0.25985	0.00877	0.13108	0.10235	0.01858	0.01244	0.01308	0.04962	0.00588	0.00449	0.00147	0.00627	0.00413	0.00348	0.00666
4	0.01516	0.42931	0.02014	0.01019	0.01370	0.29757	0.00880	0.03046	0.01248	0.01301	0.01265	0.01341	0.09236	0.00578	0.00417	0.00128	0.00662	0.00393	0.00273	0.00624
5	0.00717	0.00488	0.00647	0.00730	0.00774	0.00468	0.00514	0.00791	0.00984	0.01304	0.04937	0.45341	0.05034	0.12123	0.01083	0.09595	0.00372	0.13263	0.00435	0.00399
6	0.00634	0.00453	0.00604	0.00725	0.00755	0.00423	0.00483	0.00725	0.00997	0.01329	0.02870	0.81358	0.03444	0.01632	0.00665	0.00211	0.00302	0.01480	0.00483	0.00423
7	0.04113	0.01230	0.01358	0.01088	0.01465	0.01333	0.00884	0.38225	0.23255	0.18955	0.01650	0.01544	0.01160	0.00648	0.00519	0.00163	0.00496	0.00509	0.00544	0.00860
8	0.02053	0.01279	0.01444	0.01114	0.01522	0.01357	0.00918	0.52197	0.05358	0.25003	0.01519	0.01430	0.01032	0.00634	0.00522	0.00159	0.00529	0.00490	0.00557	0.00883
9	0.00625	0.00523	0.00541	0.00553	0.00713	0.00443	0.00411	0.00754	0.01164	0.01397	0.04964	0.10761	0.69331	0.02925	0.00662	0.00187	0.00276	0.02852	0.00480	0.00437
10	0.01295	0.01119	0.01178	0.01060	0.01354	0.01295	0.00824	0.02767	0.77509	0.02178	0.02120	0.01943	0.01590	0.00707	0.00530	0.00177	0.00412	0.00589	0.00530	0.00824
11	0.85377	0.01007	0.00765	0.00685	0.01007	0.01168	0.00564	0.01531	0.00886	0.02336	0.00725	0.00846	0.00564	0.00483	0.00322	0.00161	0.00403	0.00282	0.00322	0.00564
12	0.01225	0.05236	0.20446	0.02092	0.33108	0.01226	0.07885	0.03711	0.07026	0.01743	0.01052	0.01257	0.00829	0.00482	0.00497	0.00150	0.00630	0.00441	0.00282	0.10685
13	0.01945	0.02482	0.01476	0.01342	0.01610	0.79608	0.01006	0.02079	0.01476	0.01275	0.00805	0.00939	0.00671	0.00537	0.00470	0.00134	0.00939	0.00335	0.00268	0.00604
14	0.00971	0.00485	0.00485	0.00485	0.00607	0.00485	0.00364	0.01213	0.01092	0.01942	0.01699	0.01942	0.01335	0.00607	0.00364	0.00121	0.00243	0.00485	0.84589	0.00485
15	0.00971	0.00485	0.00485	0.00485	0.00607	0.00485	0.00364	0.01213	0.01092	0.01942	0.01699	0.01942	0.01335	0.00607	0.00364	0.00121	0.00243	0.00485	0.84589	0.00485
16	0.00747	0.00501	0.00571	0.00581	0.00583	0.00498	0.00329	0.00755	0.00777	0.01036	0.01742	0.09832	0.02021	0.75099	0.02487	0.00481	0.00488	0.00817	0.00329	0.00324
17	0.01945	0.02482	0.01476	0.01342	0.01610	0.79608	0.01006	0.02079	0.01476	0.01275	0.00805	0.00939	0.00671	0.00537	0.00470	0.00134	0.00939	0.00335	0.00268	0.00604
18	0.06545	0.13309	0.08963	0.09631	0.04747	0.13550	0.01032	0.08094	0.07483	0.12243	0.06861	0.01529	0.01205	0.00604	0.00483	0.00154	0.00595	0.01897	0.00376	0.00702
19	0.01923	0.01431	0.01531	0.01187	0.01593	0.01589	0.00976	0.70621	0.08633	0.03191	0.01322	0.01307	0.00944	0.00632	0.00522	0.00158	0.00560	0.00479	0.00522	0.00881
