[name]
unknown

[dist]
# distance from previous block
# <min> <max>
12	139

[block]
# block no. 0 follows, 44 sequences, length 6
# corresponding to MSA columns:
# 150-155
name=unknown_A
#
# <colnr> <probs for GDERKNQSTAVLIFYWHMCP>
#	G	D	E	R	K	N	Q	S	T	A	V	L	I	F	Y	W	H	M	C	P
0	0.03266	0.01183	0.05275	0.22321	0.21055	0.05227	0.06340	0.01554	0.04739	0.01663	0.01292	0.03835	0.01118	0.04120	0.00634	0.00185	0.00632	0.04201	0.07526	0.03833
1	0.06451	0.01111	0.01291	0.21098	0.10402	0.10788	0.01027	0.05695	0.04865	0.01741	0.08305	0.12408	0.07252	0.00864	0.00571	0.00180	0.00571	0.04371	0.00386	0.00623
2	0.10053	0.01008	0.01316	0.07837	0.01542	0.05477	0.11797	0.04531	0.04843	0.05241	0.15121	0.06290	0.06337	0.09504	0.00799	0.00208	0.00532	0.00694	0.00414	0.06455
3	0.01035	0.00716	0.00874	0.02998	0.04000	0.00699	0.00648	0.06117	0.06350	0.08344	0.09508	0.19557	0.23312	0.02951	0.00665	0.00195	0.00375	0.05292	0.05783	0.00581
4	0.12448	0.01038	0.01213	0.00999	0.01306	0.01081	0.04004	0.20138	0.05201	0.02175	0.03380	0.10300	0.01386	0.05375	0.07773	0.00244	0.03586	0.00599	0.00413	0.17343
5	0.01085	0.00833	0.00926	0.07613	0.01154	0.05685	0.00636	0.06993	0.03962	0.05050	0.03708	0.14602	0.01956	0.38964	0.01669	0.00350	0.03116	0.00807	0.00392	0.00499

[dist]
# distance from previous block
# <min> <max>
1	4

[block]
# block no. 1 follows, 44 sequences, length 6
# corresponding to MSA columns:
# 160-165
name=unknown_B
#
# <colnr> <probs for GDERKNQSTAVLIFYWHMCP>
#	G	D	E	R	K	N	Q	S	T	A	V	L	I	F	Y	W	H	M	C	P
0	0.03847	0.01060	0.01239	0.01020	0.01322	0.01126	0.03844	0.29199	0.08938	0.06039	0.01624	0.07843	0.01366	0.05512	0.07260	0.00242	0.00574	0.00606	0.11665	0.05674
1	0.01039	0.00827	0.04090	0.05336	0.01191	0.00753	0.00700	0.05892	0.07030	0.06327	0.24481	0.06475	0.10512	0.12252	0.00906	0.00224	0.00419	0.04535	0.00485	0.06523
2	0.01198	0.01152	0.01641	0.39134	0.19423	0.07204	0.01344	0.01500	0.01147	0.01543	0.01011	0.01391	0.00808	0.00559	0.00609	0.00167	0.06521	0.00463	0.06205	0.06980
3	0.01211	0.01016	0.01274	0.01177	0.04895	0.05793	0.06518	0.15880	0.01306	0.01731	0.01616	0.19053	0.01679	0.15975	0.04063	0.06630	0.08444	0.00782	0.00384	0.00574
4	0.00792	0.00544	0.00684	0.00702	0.00820	0.00491	0.00506	0.00960	0.01289	0.05711	0.29842	0.33900	0.18976	0.01376	0.00659	0.00193	0.00295	0.01216	0.00548	0.00497
5	0.01176	0.01325	0.06672	0.18676	0.06147	0.06727	0.21340	0.01486	0.01143	0.01529	0.01214	0.11236	0.01119	0.00723	0.00776	0.00187	0.13268	0.00638	0.00291	0.04328

[dist]
# distance from previous block
# <min> <max>
0	3

[block]
# block no. 2 follows, 44 sequences, length 6
# corresponding to MSA columns:
# 169-174
name=unknown_C
#
# <colnr> <probs for GDERKNQSTAVLIFYWHMCP>
#	G	D	E	R	K	N	Q	S	T	A	V	L	I	F	Y	W	H	M	C	P
0	0.01558	0.01191	0.01388	0.11049	0.03954	0.03136	0.00975	0.26604	0.18801	0.07963	0.03680	0.05007	0.01391	0.06793	0.00773	0.00204	0.03684	0.00599	0.00476	0.00774
1	0.01225	0.00791	0.00859	0.04402	0.01062	0.06111	0.00622	0.03718	0.03311	0.10427	0.01644	0.02032	0.01344	0.07567	0.17297	0.00329	0.00645	0.00541	0.35499	0.00574
2	0.01466	0.01438	0.01647	0.34041	0.06036	0.17763	0.04377	0.16072	0.01484	0.01830	0.01095	0.03706	0.00878	0.00612	0.00570	0.00170	0.02819	0.00497	0.02815	0.00683
3	0.00976	0.00839	0.00961	0.00897	0.01046	0.04317	0.00707	0.01248	0.07443	0.04430	0.09146	0.07473	0.30116	0.01388	0.06768	0.00249	0.16067	0.04931	0.00445	0.00554
4	0.01835	0.01303	0.01443	0.01156	0.01526	0.01429	0.00939	0.52033	0.09612	0.08646	0.01580	0.06358	0.01233	0.01015	0.07068	0.00229	0.00627	0.00581	0.00533	0.00854
5	0.01152	0.00998	0.07380	0.00893	0.01173	0.00871	0.00751	0.09965	0.13344	0.06651	0.26564	0.02940	0.09900	0.08951	0.00802	0.00204	0.00420	0.00752	0.00507	0.05783

[dist]
# distance from previous block
# <min> <max>
4	12

[block]
# block no. 3 follows, 44 sequences, length 56
# corresponding to MSA columns:
# 200-255
name=unknown_D
#
# <colnr> <probs for GDERKNQSTAVLIFYWHMCP>
#	G	D	E	R	K	N	Q	S	T	A	V	L	I	F	Y	W	H	M	C	P
0	0.02889	0.11925	0.17355	0.01202	0.03883	0.07888	0.05312	0.07956	0.04850	0.08658	0.03530	0.03327	0.03833	0.00633	0.00495	0.00155	0.00589	0.00509	0.11986	0.03027
1	0.03708	0.01533	0.12861	0.04238	0.37970	0.07377	0.04861	0.04976	0.01298	0.01819	0.05647	0.01516	0.01112	0.03392	0.00610	0.00173	0.00662	0.00497	0.00304	0.05447
2	0.01548	0.01145	0.06599	0.02872	0.01451	0.01026	0.00875	0.13039	0.16519	0.19496	0.12040	0.02038	0.04032	0.00708	0.00539	0.00158	0.00464	0.00583	0.00518	0.14350
3	0.01219	0.01060	0.01388	0.03195	0.06234	0.03106	0.06723	0.11490	0.01304	0.01854	0.01313	0.05496	0.02881	0.02688	0.11451	0.00243	0.02927	0.00518	0.00350	0.34559
4	0.01399	0.01221	0.05910	0.01041	0.01423	0.01146	0.02762	0.29409	0.10113	0.02365	0.02134	0.05587	0.14217	0.03072	0.00609	0.00169	0.00496	0.00642	0.00466	0.15819
5	0.01510	0.15214	0.02191	0.08392	0.11554	0.21768	0.18283	0.06486	0.01381	0.01625	0.01236	0.01443	0.05405	0.00567	0.00526	0.00157	0.00769	0.00494	0.00298	0.00703
6	0.00921	0.00681	0.00746	0.02846	0.00839	0.02872	0.00472	0.06969	0.01034	0.01353	0.04107	0.08805	0.06274	0.55552	0.03942	0.00435	0.00538	0.00822	0.00373	0.00420
7	0.00866	0.00628	0.00772	0.00822	0.00910	0.00628	0.00573	0.10243	0.03154	0.01654	0.02704	0.64470	0.03134	0.05701	0.00782	0.00229	0.00366	0.01353	0.00503	0.00509
8	0.01269	0.01145	0.01695	0.55836	0.11300	0.03518	0.01437	0.13995	0.01369	0.01779	0.01029	0.01404	0.00775	0.00558	0.00543	0.00175	0.00704	0.00482	0.00298	0.00689
9	0.01356	0.55651	0.11561	0.01066	0.01490	0.04385	0.01069	0.01574	0.01094	0.01347	0.00919	0.05771	0.00877	0.00604	0.00552	0.00144	0.09203	0.00403	0.00252	0.00683
10	0.01358	0.01341	0.02113	0.11109	0.65226	0.05975	0.01619	0.01675	0.01244	0.01714	0.01009	0.01338	0.00840	0.00496	0.00537	0.00163	0.00676	0.00477	0.00268	0.00823
11	0.01354	0.01325	0.04598	0.09184	0.57096	0.01302	0.05218	0.07427	0.01332	0.01871	0.01102	0.01501	0.00919	0.00535	0.00551	0.00168	0.00664	0.02729	0.00295	0.00828
12	0.00830	0.00613	0.00733	0.00768	0.02258	0.00562	0.00583	0.01058	0.04130	0.05203	0.12284	0.13203	0.39103	0.01338	0.00661	0.00199	0.00343	0.15094	0.00521	0.00517
13	0.00807	0.00579	0.00738	0.00702	0.00842	0.00538	0.00529	0.01083	0.03540	0.03518	0.63447	0.06832	0.10842	0.01148	0.00643	0.00176	0.00275	0.02649	0.00587	0.00524
14	0.01130	0.00969	0.01130	0.00807	0.01292	0.00727	0.00646	0.01373	0.01130	0.01776	0.00969	0.01130	0.00807	0.00404	0.00404	0.00081	0.00404	0.00323	0.00323	0.84173
15	0.01356	0.53688	0.11963	0.01080	0.01524	0.05932	0.02817	0.01593	0.01106	0.01351	0.00873	0.01078	0.00774	0.00888	0.08932	0.00213	0.03550	0.00355	0.00243	0.00683
16	0.02208	0.01309	0.01501	0.01151	0.01582	0.01367	0.00951	0.49075	0.02198	0.30498	0.01615	0.01508	0.01081	0.00662	0.00546	0.00165	0.00550	0.00512	0.00592	0.00927
17	0.01472	0.63223	0.06876	0.01057	0.03935	0.03336	0.01001	0.03428	0.01174	0.03998	0.00854	0.00967	0.00738	0.00479	0.00383	0.00122	0.00591	0.00321	0.00263	0.05782
18	0.01130	0.00969	0.01130	0.00807	0.01292	0.00727	0.00646	0.01373	0.01130	0.01776	0.00969	0.01130	0.00807	0.00404	0.00404	0.00081	0.00404	0.00323	0.00323	0.84173
19	0.01130	0.00969	0.01130	0.00807	0.01292	0.00727	0.00646	0.01373	0.01130	0.01776	0.00969	0.01130	0.00807	0.00404	0.00404	0.00081	0.00404	0.00323	0.00323	0.84173
20	0.01913	0.04185	0.03974	0.01263	0.01665	0.06817	0.01061	0.56058	0.07727	0.02955	0.01280	0.01314	0.00938	0.00663	0.00613	0.00167	0.05566	0.00481	0.00489	0.00871
21	0.01177	0.02246	0.01161	0.01053	0.02921	0.00901	0.05291	0.10000	0.12246	0.07485	0.07243	0.10470	0.15658	0.01106	0.00637	0.00198	0.00459	0.18589	0.00511	0.00647
22	0.03877	0.03966	0.24531	0.02467	0.42092	0.02945	0.04267	0.06181	0.01290	0.01861	0.01012	0.01258	0.00799	0.00506	0.00525	0.00164	0.00699	0.00453	0.00276	0.00828
23	0.01458	0.81168	0.02857	0.00933	0.01399	0.02157	0.00933	0.01632	0.01108	0.01283	0.00758	0.00875	0.00700	0.00466	0.00350	0.00117	0.00583	0.00292	0.00233	0.00700
24	0.00741	0.00561	0.00687	0.00679	0.00813	0.00513	0.00505	0.00976	0.03043	0.01894	0.46173	0.14084	0.22968	0.01259	0.00651	0.00183	0.00279	0.02930	0.00561	0.00499
25	0.01594	0.30998	0.06475	0.01398	0.05027	0.26916	0.07146	0.03483	0.01278	0.01436	0.00846	0.01038	0.00724	0.00556	0.00592	0.00149	0.09018	0.00378	0.00261	0.00688
26	0.01020	0.00835	0.01210	0.15366	0.09643	0.00892	0.03046	0.10777	0.01267	0.01700	0.02068	0.41572	0.02260	0.03019	0.00705	0.00207	0.02363	0.01038	0.00422	0.00589
27	0.00664	0.00474	0.00633	0.00759	0.00791	0.00443	0.00506	0.00759	0.01044	0.01392	0.03005	0.80485	0.03606	0.01708	0.00696	0.00221	0.00316	0.01550	0.00506	0.00443
28	0.00815	0.00637	0.00945	0.00924	0.01013	0.00767	0.00726	0.01003	0.00873	0.01270	0.01396	0.02060	0.01307	0.03818	0.72038	0.00821	0.08231	0.00575	0.00287	0.00496
29	0.01249	0.09347	0.17655	0.12245	0.05189	0.03395	0.37419	0.01681	0.01209	0.01629	0.01007	0.01323	0.00769	0.00501	0.00603	0.00175	0.03099	0.00523	0.00257	0.00726
30	0.00773	0.00520	0.00600	0.00620	0.00625	0.00515	0.00357	0.00788	0.00831	0.01108	0.01914	0.15299	0.02230	0.68771	0.02458	0.00482	0.00496	0.00908	0.00357	0.00347
31	0.00754	0.00532	0.00602	0.00607	0.00655	0.00509	0.00375	0.00811	0.00965	0.01265	0.09648	0.09187	0.16523	0.52975	0.02031	0.00409	0.00441	0.00930	0.00401	0.00380
32	0.01442	0.59842	0.13682	0.01051	0.01542	0.06573	0.01086	0.01684	0.01145	0.03464	0.00859	0.00994	0.00740	0.00614	0.03170	0.00155	0.00668	0.00329	0.00250	0.00710
33	0.01298	0.06241	0.05098	0.19984	0.13918	0.03605	0.35059	0.05002	0.01285	0.01706	0.01037	0.01380	0.00798	0.00497	0.00575	0.00173	0.00798	0.00539	0.00275	0.00730
34	0.02046	0.01513	0.01636	0.03230	0.01743	0.01679	0.01048	0.73748	0.02526	0.03384	0.01300	0.01313	0.00922	0.00652	0.00545	0.00164	0.00603	0.00491	0.00538	0.00919
35	0.03597	0.01371	0.05947	0.08316	0.14281	0.03797	0.01161	0.15853	0.30400	0.04414	0.01538	0.01589	0.01158	0.00647	0.00584	0.00176	0.03383	0.00525	0.00438	0.00828
36	0.01300	0.01258	0.02083	0.18566	0.61031	0.02960	0.01628	0.01628	0.01218	0.01694	0.01010	0.01362	0.00833	0.00499	0.00540	0.00165	0.00671	0.00483	0.00265	0.00807
37	0.00672	0.00480	0.00639	0.00754	0.00792	0.00448	0.00507	0.00778	0.01079	0.01447	0.08167	0.75165	0.03713	0.01667	0.00692	0.00218	0.00312	0.01511	0.00513	0.00448
38	0.00946	0.00691	0.00857	0.00844	0.01017	0.00691	0.00677	0.01400	0.13784	0.04659	0.33838	0.04369	0.10850	0.01175	0.00657	0.00198	0.00365	0.21846	0.00558	0.00578
39	0.00839	0.00575	0.00736	0.00685	0.00834	0.00523	0.00518	0.01082	0.01512	0.05773	0.65922	0.04090	0.12605	0.01121	0.00639	0.00173	0.00269	0.00982	0.00594	0.00529
40	0.00673	0.00487	0.00638	0.00748	0.00796	0.00452	0.00509	0.00782	0.01086	0.01442	0.06856	0.70428	0.08134	0.01654	0.00691	0.00217	0.00315	0.03132	0.00511	0.00449
41	0.01356	0.01171	0.01233	0.01109	0.01418	0.01356	0.00863	0.02897	0.76455	0.02281	0.02219	0.02034	0.01664	0.00740	0.00555	0.00185	0.00431	0.00616	0.00555	0.00863
42	0.84691	0.01054	0.00801	0.00717	0.01054	0.01223	0.00590	0.01603	0.00928	0.02446	0.00759	0.00886	0.00590	0.00506	0.00337	0.00169	0.00422	0.00295	0.00337	0.00590
43	0.02446	0.00928	0.01265	0.00970	0.01392	0.00801	0.00801	0.02657	0.01560	0.77817	0.02151	0.01856	0.01350	0.00675	0.00548	0.00169	0.00464	0.00548	0.00675	0.00928
44	0.84691	0.01054	0.00801	0.00717	0.01054	0.01223	0.00590	0.01603	0.00928	0.02446	0.00759	0.00886	0.00590	0.00506	0.00337	0.00169	0.00422	0.00295	0.00337	0.00590
45	0.00760	0.00609	0.00696	0.00729	0.00897	0.00564	0.00583	0.01018	0.05806	0.01583	0.06213	0.07738	0.46758	0.01383	0.00672	0.00205	0.00353	0.22426	0.00510	0.00498
46	0.02072	0.01527	0.01636	0.01254	0.01691	0.01691	0.01036	0.75622	0.02563	0.03436	0.01309	0.01309	0.00927	0.00654	0.00545	0.00164	0.00600	0.00491	0.00545	0.00927
47	0.01356	0.01171	0.01233	0.01109	0.01418	0.01356	0.00863	0.02897	0.76455	0.02281	0.02219	0.02034	0.01664	0.00740	0.00555	0.00185	0.00431	0.00616	0.00555	0.00863
48	0.01093	0.02820	0.78016	0.01554	0.02360	0.01266	0.02014	0.01727	0.01151	0.01727	0.00978	0.01151	0.00691	0.00518	0.00518	0.00173	0.00806	0.00403	0.00230	0.00806
49	0.01546	0.01019	0.01074	0.00882	0.01165	0.01101	0.00710	0.38558	0.01855	0.02736	0.01543	0.01670	0.01162	0.00645	0.00463	0.00145	0.00428	0.00499	0.42080	0.00718
50	0.84691	0.01054	0.00801	0.00717	0.01054	0.01223	0.00590	0.01603	0.00928	0.02446	0.00759	0.00886	0.00590	0.00506	0.00337	0.00169	0.00422	0.00295	0.00337	0.00590
51	0.00644	0.00552	0.00552	0.00552	0.00736	0.00460	0.00414	0.00782	0.01243	0.01473	0.05523	0.05247	0.77218	0.01381	0.00644	0.00184	0.00276	0.01151	0.00506	0.00460
52	0.01130	0.00969	0.01130	0.00807	0.01292	0.00727	0.00646	0.01373	0.01130	0.01776	0.00969	0.01130	0.00807	0.00404	0.00404	0.00081	0.00404	0.00323	0.00323	0.84173
53	0.01458	0.81168	0.02857	0.00933	0.01399	0.02157	0.00933	0.01632	0.01108	0.01283	0.00758	0.00875	0.00700	0.00466	0.00350	0.00117	0.00583	0.00292	0.00233	0.00700
54	0.00779	0.00584	0.00876	0.00876	0.00974	0.00681	0.00681	0.00974	0.00876	0.01266	0.01460	0.02142	0.01363	0.04089	0.78680	0.00876	0.01460	0.00584	0.00292	0.00487
55	0.01030	0.00969	0.01635	0.79530	0.03755	0.01211	0.01514	0.01393	0.01090	0.01393	0.00969	0.01453	0.00727	0.00545	0.00545	0.00182	0.00727	0.00484	0.00242	0.00606

[dist]
# distance from previous block
# <min> <max>
0	5

[block]
# block no. 4 follows, 44 sequences, length 39
# corresponding to MSA columns:
# 263-301
name=unknown_E
#
# <colnr> <probs for GDERKNQSTAVLIFYWHMCP>
#	G	D	E	R	K	N	Q	S	T	A	V	L	I	F	Y	W	H	M	C	P
0	0.02029	0.01497	0.01603	0.01233	0.01662	0.01653	0.01017	0.73342	0.02523	0.03376	0.01437	0.01429	0.03251	0.00677	0.00548	0.00164	0.00590	0.00511	0.00544	0.00913
1	0.01130	0.00969	0.01130	0.00807	0.01292	0.00727	0.00646	0.01373	0.01130	0.01776	0.00969	0.01130	0.00807	0.00404	0.00404	0.00081	0.00404	0.00323	0.00323	0.84173
2	0.01981	0.02506	0.01553	0.01406	0.01669	0.73577	0.01063	0.02120	0.01498	0.01333	0.00834	0.00997	0.00703	0.00588	0.00577	0.00147	0.06182	0.00359	0.00278	0.00630
3	0.84691	0.01054	0.00801	0.00717	0.01054	0.01223	0.00590	0.01603	0.00928	0.02446	0.00759	0.00886	0.00590	0.00506	0.00337	0.00169	0.00422	0.00295	0.00337	0.00590
4	0.02446	0.00928	0.01265	0.00970	0.01392	0.00801	0.00801	0.02657	0.01560	0.77817	0.02151	0.01856	0.01350	0.00675	0.00548	0.00169	0.00464	0.00548	0.00675	0.00928
5	0.00779	0.00584	0.00876	0.00876	0.00974	0.00681	0.00681	0.00974	0.00876	0.01266	0.01460	0.02142	0.01363	0.04089	0.78680	0.00876	0.01460	0.00584	0.00292	0.00487
6	0.02072	0.01527	0.01636	0.01254	0.01691	0.01691	0.01036	0.75622	0.02563	0.03436	0.01309	0.01309	0.00927	0.00654	0.00545	0.00164	0.00600	0.00491	0.00545	0.00927
7	0.01842	0.01413	0.01506	0.01208	0.01603	0.01583	0.00980	0.52220	0.26340	0.03064	0.01602	0.01542	0.01164	0.00682	0.00548	0.00170	0.00546	0.00531	0.00548	0.00906
8	0.84691	0.01054	0.00801	0.00717	0.01054	0.01223	0.00590	0.01603	0.00928	0.02446	0.00759	0.00886	0.00590	0.00506	0.00337	0.00169	0.00422	0.00295	0.00337	0.00590
9	0.00792	0.00530	0.00604	0.00604	0.00608	0.00534	0.00342	0.00799	0.00796	0.01064	0.01709	0.03519	0.01961	0.78228	0.05358	0.00540	0.00560	0.00786	0.00329	0.00336
10	0.01306	0.01251	0.02135	0.13617	0.67506	0.01284	0.01652	0.01635	0.01221	0.01729	0.01018	0.01363	0.00845	0.00494	0.00540	0.00165	0.00658	0.00486	0.00266	0.00829
11	0.01130	0.00969	0.01130	0.00807	0.01292	0.00727	0.00646	0.01373	0.01130	0.01776	0.00969	0.01130	0.00807	0.00404	0.00404	0.00081	0.00404	0.00323	0.00323	0.84173
12	0.00663	0.00546	0.00585	0.00611	0.00770	0.00469	0.00458	0.00802	0.01215	0.01472	0.04992	0.15985	0.61887	0.01435	0.00659	0.00194	0.00297	0.05995	0.00506	0.00461
13	0.01356	0.01171	0.01233	0.01109	0.01418	0.01356	0.00863	0.02897	0.76455	0.02281	0.02219	0.02034	0.01664	0.00740	0.00555	0.00185	0.00431	0.00616	0.00555	0.00863
14	0.01193	0.01193	0.01670	0.01431	0.01431	0.01670	0.01193	0.01312	0.00835	0.01312	0.00716	0.01193	0.00716	0.00954	0.01789	0.00239	0.79843	0.00477	0.00239	0.00596
15	0.01287	0.01471	0.03217	0.02298	0.02849	0.01379	0.75460	0.01746	0.01287	0.01746	0.01103	0.01471	0.00827	0.00460	0.00643	0.00184	0.00919	0.00643	0.00276	0.00735
16	0.01128	0.07915	0.69163	0.01552	0.02322	0.01331	0.05770	0.01721	0.01155	0.01698	0.00970	0.01149	0.00698	0.00512	0.00513	0.00170	0.00797	0.00408	0.00233	0.00795
17	0.00793	0.00529	0.00595	0.00595	0.00595	0.00529	0.00330	0.00793	0.00793	0.01057	0.01718	0.03568	0.01982	0.80840	0.02775	0.00529	0.00529	0.00793	0.00330	0.00330
18	0.00797	0.00610	0.00736	0.00732	0.00864	0.00591	0.00535	0.01146	0.10453	0.01865	0.37039	0.22611	0.15335	0.03311	0.00700	0.00196	0.00303	0.01099	0.00550	0.00526
19	0.01133	0.01024	0.01635	0.71773	0.03550	0.01259	0.01467	0.08749	0.01236	0.01595	0.01003	0.01439	0.00747	0.00556	0.00545	0.00180	0.00714	0.00485	0.00272	0.00637
20	0.02030	0.01496	0.01611	0.01242	0.01667	0.01657	0.01024	0.73155	0.02508	0.03364	0.01314	0.01336	0.00942	0.00768	0.03128	0.00187	0.00628	0.00494	0.00537	0.00913
21	0.04312	0.01338	0.06344	0.01117	0.03483	0.03321	0.00925	0.41806	0.03576	0.02615	0.02450	0.02397	0.22299	0.00839	0.00563	0.00170	0.00525	0.00662	0.00493	0.00766
22	0.01119	0.01083	0.01885	0.55394	0.17729	0.01258	0.07988	0.01475	0.01127	0.01495	0.00983	0.01426	0.00761	0.00541	0.00597	0.00180	0.03543	0.00498	0.00250	0.00666
23	0.02367	0.01079	0.01304	0.01019	0.01429	0.06001	0.00833	0.06833	0.03737	0.66354	0.02018	0.01772	0.01291	0.00668	0.00545	0.00167	0.00505	0.00534	0.00638	0.00906
24	0.01038	0.00985	0.01686	0.77043	0.03726	0.01217	0.03896	0.01404	0.01096	0.01404	0.00973	0.01454	0.00730	0.00542	0.00548	0.00182	0.00733	0.00490	0.00243	0.00610
25	0.01049	0.00988	0.01670	0.74987	0.08149	0.01216	0.01524	0.01410	0.01099	0.01416	0.00972	0.01447	0.00735	0.00542	0.00545	0.00181	0.00722	0.00485	0.00244	0.00621
26	0.01030	0.00969	0.01635	0.79530	0.03755	0.01211	0.01514	0.01393	0.01090	0.01393	0.00969	0.01453	0.00727	0.00545	0.00545	0.00182	0.00727	0.00484	0.00242	0.00606
27	0.00779	0.00584	0.00876	0.00876	0.00974	0.00681	0.00681	0.00974	0.00876	0.01266	0.01460	0.02142	0.01363	0.04089	0.78680	0.00876	0.01460	0.00584	0.00292	0.00487
28	0.00947	0.00473	0.00710	0.00710	0.00710	0.00473	0.00473	0.00710	0.00710	0.00947	0.00947	0.01657	0.00947	0.01894	0.02131	0.84138	0.00473	0.00473	0.00237	0.00237
29	0.02413	0.00935	0.01264	0.00974	0.01392	0.00818	0.00803	0.02664	0.03850	0.75508	0.02153	0.01861	0.01359	0.00677	0.00548	0.00169	0.00463	0.00550	0.00671	0.00926
30	0.01030	0.00969	0.01635	0.79530	0.03755	0.01211	0.01514	0.01393	0.01090	0.01393	0.00969	0.01453	0.00727	0.00545	0.00545	0.00182	0.00727	0.00484	0.00242	0.00606
31	0.02072	0.01527	0.01636	0.01254	0.01691	0.01691	0.01036	0.75622	0.02563	0.03436	0.01309	0.01309	0.00927	0.00654	0.00545	0.00164	0.00600	0.00491	0.00545	0.00927
32	0.00779	0.00584	0.00876	0.00876	0.00974	0.00681	0.00681	0.00974	0.00876	0.01266	0.01460	0.02142	0.01363	0.04089	0.78680	0.00876	0.01460	0.00584	0.00292	0.00487
33	0.02446	0.00928	0.01265	0.00970	0.01392	0.00801	0.00801	0.02657	0.01560	0.77817	0.02151	0.01856	0.01350	0.00675	0.00548	0.00169	0.00464	0.00548	0.00675	0.00928
34	0.84691	0.01054	0.00801	0.00717	0.01054	0.01223	0.00590	0.01603	0.00928	0.02446	0.00759	0.00886	0.00590	0.00506	0.00337	0.00169	0.00422	0.00295	0.00337	0.00590
35	0.00947	0.00473	0.00710	0.00710	0.00710	0.00473	0.00473	0.00710	0.00710	0.00947	0.00947	0.01657	0.00947	0.01894	0.02131	0.84138	0.00473	0.00473	0.00237	0.00237
36	0.01040	0.00979	0.01644	0.72778	0.08272	0.01197	0.01496	0.01395	0.01103	0.01419	0.01088	0.01543	0.02675	0.00563	0.00547	0.00181	0.00710	0.00501	0.00251	0.00618
37	0.01054	0.00994	0.01679	0.73702	0.09392	0.01218	0.01526	0.01414	0.01102	0.01423	0.00973	0.01446	0.00737	0.00541	0.00545	0.00180	0.00721	0.00485	0.00244	0.00625
38	0.00804	0.00610	0.03349	0.00629	0.00657	0.00555	0.00390	0.00826	0.00806	0.01081	0.01691	0.03482	0.01936	0.77983	0.02695	0.00516	0.00538	0.00779	0.00327	0.00347

[dist]
# distance from previous block
# <min> <max>
0	6

[block]
# block no. 5 follows, 44 sequences, length 86
# corresponding to MSA columns:
# 308-325,327-339,341-347,349-396
name=unknown_F
#
# <colnr> <probs for GDERKNQSTAVLIFYWHMCP>
#	G	D	E	R	K	N	Q	S	T	A	V	L	I	F	Y	W	H	M	C	P
0	0.01324	0.01211	0.01195	0.07607	0.01532	0.10349	0.00869	0.03851	0.44105	0.03745	0.02431	0.04361	0.12285	0.00827	0.00566	0.00180	0.00502	0.01827	0.00490	0.00743
1	0.02073	0.02712	0.04961	0.12190	0.04070	0.01024	0.01012	0.09934	0.02882	0.50682	0.01782	0.01678	0.01165	0.00638	0.00542	0.00169	0.00538	0.00521	0.00557	0.00869
2	0.02446	0.00928	0.01265	0.00970	0.01392	0.00801	0.00801	0.02657	0.01560	0.77817	0.02151	0.01856	0.01350	0.00675	0.00548	0.00169	0.00464	0.00548	0.00675	0.00928
3	0.01332	0.01519	0.02903	0.02190	0.05714	0.07647	0.60857	0.01734	0.01277	0.01684	0.01099	0.03100	0.00872	0.00522	0.00688	0.00183	0.05059	0.00624	0.00279	0.00719
4	0.01130	0.00969	0.01130	0.00807	0.01292	0.00727	0.00646	0.01373	0.01130	0.01776	0.00969	0.01130	0.00807	0.00404	0.00404	0.00081	0.00404	0.00323	0.00323	0.84173
5	0.35441	0.01560	0.01280	0.01069	0.01432	0.17568	0.00860	0.30387	0.01690	0.02597	0.00989	0.01070	0.00744	0.00575	0.00450	0.00161	0.00608	0.00383	0.00406	0.00730
6	0.01863	0.01070	0.04026	0.00981	0.01417	0.00920	0.00823	0.05423	0.12857	0.40061	0.01767	0.01640	0.01210	0.00606	0.00509	0.00148	0.00461	0.00491	0.00541	0.23187
7	0.18402	0.00996	0.01180	0.00944	0.01336	0.00971	0.00773	0.04298	0.10191	0.52411	0.01865	0.01673	0.01227	0.00649	0.00508	0.00170	0.00455	0.00505	0.00592	0.00854
8	0.01150	0.01130	0.01588	0.01374	0.01384	0.01568	0.01140	0.01277	0.00839	0.01307	0.00793	0.01291	0.00783	0.01278	0.09739	0.00304	0.71738	0.00488	0.00244	0.00585
9	0.00924	0.00756	0.00960	0.08545	0.03949	0.00811	0.00740	0.03188	0.15182	0.01630	0.05102	0.13236	0.17721	0.06771	0.14936	0.00338	0.00615	0.03590	0.00435	0.00573
10	0.02389	0.01020	0.01322	0.01014	0.01438	0.00938	0.00837	0.13844	0.01714	0.66413	0.02022	0.01772	0.01285	0.00672	0.00548	0.00168	0.00485	0.00539	0.00655	0.00928
11	0.00664	0.00477	0.00630	0.00754	0.00789	0.00443	0.00504	0.00760	0.01049	0.01394	0.03072	0.78485	0.05563	0.01699	0.00694	0.00220	0.00315	0.01539	0.00506	0.00443
12	0.02387	0.01023	0.01324	0.01015	0.01439	0.00943	0.00839	0.14262	0.01720	0.65987	0.02017	0.01769	0.01282	0.00672	0.00548	0.00168	0.00486	0.00539	0.00654	0.00928
13	0.01962	0.01456	0.01706	0.01310	0.01743	0.01585	0.07052	0.58753	0.09352	0.07299	0.01424	0.01420	0.01012	0.00648	0.00554	0.00168	0.00602	0.00518	0.00532	0.00906
14	0.00664	0.00474	0.00633	0.00759	0.00791	0.00443	0.00506	0.00759	0.01044	0.01392	0.03005	0.80485	0.03606	0.01708	0.00696	0.00221	0.00316	0.01550	0.00506	0.00443
15	0.01108	0.06005	0.74960	0.01529	0.02321	0.01302	0.01970	0.01723	0.01149	0.01708	0.00969	0.01140	0.00691	0.00516	0.00511	0.00170	0.00797	0.00398	0.00230	0.00801
16	0.01356	0.01179	0.01989	0.18468	0.52409	0.01216	0.02777	0.01678	0.01238	0.07872	0.01172	0.01583	0.00955	0.00549	0.00551	0.00170	0.00648	0.03083	0.00305	0.00802
17	0.01721	0.00847	0.01193	0.01090	0.07403	0.00753	0.03390	0.01935	0.01438	0.42950	0.12034	0.04487	0.14543	0.02890	0.00639	0.00182	0.00436	0.00732	0.00578	0.00759
18	0.77901	0.01094	0.00838	0.00745	0.01078	0.03208	0.00610	0.03817	0.00998	0.02436	0.00804	0.00931	0.00625	0.00515	0.00349	0.00167	0.00437	0.00308	0.02540	0.00599
19	0.01060	0.00992	0.01642	0.65788	0.07588	0.01234	0.01462	0.01380	0.01064	0.01394	0.00949	0.01430	0.00740	0.00620	0.00706	0.02784	0.07832	0.00484	0.00243	0.00608
20	0.00727	0.00563	0.00626	0.00606	0.00777	0.00486	0.00456	0.00906	0.01348	0.03463	0.28871	0.04785	0.51901	0.01277	0.00642	0.00180	0.00274	0.01083	0.00541	0.00489
21	0.01717	0.16251	0.01899	0.01521	0.10421	0.28272	0.01124	0.15791	0.01504	0.01771	0.00916	0.01103	0.00765	0.00619	0.00699	0.00159	0.14028	0.00404	0.00314	0.00721
22	0.07756	0.00685	0.00750	0.00713	0.00813	0.00724	0.00483	0.08700	0.02563	0.01568	0.01710	0.09883	0.01805	0.44580	0.07859	0.00421	0.00556	0.00747	0.07222	0.00461
23	0.00853	0.00614	0.00846	0.00962	0.01085	0.00607	0.00828	0.01090	0.01249	0.01623	0.04641	0.10106	0.06794	0.01502	0.00742	0.00244	0.00476	0.64735	0.00505	0.00497
24	0.00747	0.00568	0.00632	0.00612	0.00789	0.00490	0.00464	0.00923	0.01336	0.04369	0.24964	0.04823	0.53372	0.01285	0.00643	0.00181	0.00282	0.02488	0.00538	0.00492
25	0.01356	0.01171	0.01233	0.01109	0.01418	0.01356	0.00863	0.02897	0.76455	0.02281	0.02219	0.02034	0.01664	0.00740	0.00555	0.00185	0.00431	0.00616	0.00555	0.00863
26	0.01287	0.01471	0.03217	0.02298	0.02849	0.01379	0.75460	0.01746	0.01287	0.01746	0.01103	0.01471	0.00827	0.00460	0.00643	0.00184	0.00919	0.00643	0.00276	0.00735
27	0.02037	0.02598	0.01545	0.01404	0.01685	0.78652	0.01053	0.02177	0.01545	0.01334	0.00843	0.00983	0.00702	0.00562	0.00492	0.00140	0.00983	0.00351	0.00281	0.00632
28	0.00772	0.00557	0.00729	0.00686	0.00814	0.00514	0.00514	0.01029	0.01543	0.02186	0.77152	0.04072	0.05144	0.01115	0.00643	0.00171	0.00257	0.00986	0.00600	0.00514
29	0.01447	0.78831	0.05099	0.00951	0.01428	0.02131	0.00965	0.01635	0.01109	0.01296	0.00765	0.00883	0.00699	0.00468	0.00355	0.00118	0.00590	0.00295	0.00233	0.00703
30	0.01030	0.00969	0.01635	0.79530	0.03755	0.01211	0.01514	0.01393	0.01090	0.01393	0.00969	0.01453	0.00727	0.00545	0.00545	0.00182	0.00727	0.00484	0.00242	0.00606
31	0.00664	0.00474	0.00633	0.00759	0.00791	0.00443	0.00506	0.00759	0.01044	0.01392	0.03005	0.80485	0.03606	0.01708	0.00696	0.00221	0.00316	0.01550	0.00506	0.00443
32	0.01193	0.01193	0.01670	0.01431	0.01431	0.01670	0.01193	0.01312	0.00835	0.01312	0.00716	0.01193	0.00716	0.00954	0.01789	0.00239	0.79843	0.00477	0.00239	0.00596
33	0.01159	0.01143	0.01605	0.01386	0.01394	0.01590	0.01151	0.01285	0.00838	0.01308	0.00776	0.01270	0.00768	0.01209	0.08034	0.00290	0.73476	0.00486	0.00243	0.00587
34	0.01056	0.00995	0.01682	0.73342	0.09740	0.01218	0.01527	0.01416	0.01102	0.01424	0.00974	0.01445	0.00738	0.00540	0.00545	0.00180	0.00720	0.00485	0.00244	0.00627
35	0.02446	0.00928	0.01265	0.00970	0.01392	0.00801	0.00801	0.02657	0.01560	0.77817	0.02151	0.01856	0.01350	0.00675	0.00548	0.00169	0.00464	0.00548	0.00675	0.00928
36	0.84691	0.01054	0.00801	0.00717	0.01054	0.01223	0.00590	0.01603	0.00928	0.02446	0.00759	0.00886	0.00590	0.00506	0.00337	0.00169	0.00422	0.00295	0.00337	0.00590
37	0.02071	0.01557	0.01634	0.01259	0.01691	0.03839	0.01037	0.73572	0.02535	0.03377	0.01296	0.01300	0.00921	0.00652	0.00544	0.00163	0.00611	0.00487	0.00538	0.00919
38	0.01748	0.12787	0.07325	0.01713	0.16943	0.37555	0.01218	0.07343	0.03396	0.03656	0.00982	0.01128	0.00792	0.00545	0.00491	0.00147	0.00793	0.00396	0.00305	0.00735
39	0.01130	0.00969	0.01130	0.00807	0.01292	0.00727	0.00646	0.01373	0.01130	0.01776	0.00969	0.01130	0.00807	0.00404	0.00404	0.00081	0.00404	0.00323	0.00323	0.84173
40	0.00674	0.00491	0.00635	0.00730	0.00788	0.00452	0.00498	0.00791	0.01119	0.01487	0.11414	0.64453	0.11238	0.01610	0.00685	0.00212	0.00306	0.01447	0.00516	0.00452
41	0.01093	0.02820	0.78016	0.01554	0.02360	0.01266	0.02014	0.01727	0.01151	0.01727	0.00978	0.01151	0.00691	0.00518	0.00518	0.00173	0.00806	0.00403	0.00230	0.00806
42	0.00662	0.00482	0.00624	0.00738	0.00785	0.00445	0.00497	0.00761	0.01064	0.01400	0.03261	0.72834	0.11091	0.01675	0.00691	0.00218	0.00312	0.01509	0.00506	0.00445
43	0.01193	0.01193	0.01670	0.01431	0.01431	0.01670	0.01193	0.01312	0.00835	0.01312	0.00716	0.01193	0.00716	0.00954	0.01789	0.00239	0.79843	0.00477	0.00239	0.00596
44	0.84691	0.01054	0.00801	0.00717	0.01054	0.01223	0.00590	0.01603	0.00928	0.02446	0.00759	0.00886	0.00590	0.00506	0.00337	0.00169	0.00422	0.00295	0.00337	0.00590
45	0.01475	0.01259	0.01298	0.01138	0.01463	0.03437	0.00892	0.13145	0.64052	0.02419	0.02054	0.01904	0.01535	0.00723	0.00552	0.00181	0.00470	0.00592	0.00546	0.00866
46	0.00819	0.00607	0.00770	0.00720	0.00863	0.00583	0.00543	0.01181	0.07628	0.02194	0.71066	0.03907	0.04861	0.01084	0.00636	0.00173	0.00271	0.00956	0.00596	0.00543
47	0.00812	0.00634	0.00941	0.00921	0.01011	0.00762	0.00723	0.01001	0.00873	0.01269	0.01400	0.02065	0.01310	0.03834	0.72435	0.00824	0.07826	0.00575	0.00288	0.00496
48	0.01414	0.03200	0.16770	0.01176	0.01605	0.01344	0.01095	0.20855	0.32759	0.02379	0.04688	0.01956	0.06883	0.00728	0.00550	0.00175	0.00535	0.00587	0.00478	0.00822
49	0.00772	0.00557	0.00729	0.00686	0.00814	0.00514	0.00514	0.01029	0.01543	0.02186	0.77152	0.04072	0.05144	0.01115	0.00643	0.00171	0.00257	0.00986	0.00600	0.00514
50	0.07505	0.00656	0.00760	0.00708	0.00918	0.00602	0.00557	0.01232	0.01356	0.13277	0.25579	0.04130	0.31917	0.01139	0.00615	0.00183	0.00330	0.07428	0.00546	0.00561
51	0.01016	0.00508	0.00508	0.00508	0.00635	0.00508	0.00381	0.01270	0.01143	0.02033	0.01778	0.02033	0.01397	0.00635	0.00381	0.00127	0.00254	0.00508	0.83867	0.00508
52	0.00759	0.00578	0.00709	0.00782	0.00869	0.00568	0.00545	0.01057	0.10978	0.01561	0.07333	0.58966	0.10194	0.01517	0.00670	0.00210	0.00324	0.01359	0.00518	0.00504
53	0.04450	0.46681	0.13916	0.01212	0.03565	0.17053	0.03207	0.01757	0.01203	0.01427	0.00825	0.00967	0.00703	0.00495	0.00416	0.00135	0.00701	0.00335	0.00248	0.00704
54	0.01016	0.00508	0.00508	0.00508	0.00635	0.00508	0.00381	0.01270	0.01143	0.02033	0.01778	0.02033	0.01397	0.00635	0.00381	0.00127	0.00254	0.00508	0.83867	0.00508
55	0.77104	0.04863	0.00935	0.00751	0.01099	0.01288	0.00626	0.04876	0.01009	0.02435	0.00783	0.00904	0.00610	0.00511	0.00347	0.00166	0.00437	0.00304	0.00342	0.00610
56	0.01033	0.07308	0.01012	0.00819	0.00959	0.02884	0.00589	0.03298	0.18069	0.01459	0.01726	0.05069	0.01714	0.39419	0.11972	0.00435	0.00641	0.00689	0.00378	0.00528
57	0.01846	0.01351	0.01476	0.01188	0.01566	0.01486	0.00974	0.56947	0.09358	0.05053	0.01632	0.05795	0.01323	0.00786	0.00571	0.00176	0.00558	0.06510	0.00544	0.00862
58	0.00831	0.00608	0.00678	0.00668	0.00766	0.00588	0.00449	0.06870	0.01137	0.01469	0.05745	0.17167	0.24036	0.34807	0.01542	0.00333	0.00415	0.01009	0.00439	0.00442
59	0.01410	0.16073	0.01412	0.00885	0.01242	0.08865	0.00735	0.14004	0.01413	0.01989	0.01192	0.01341	0.00956	0.00536	0.00420	0.00120	0.00488	0.00398	0.22809	0.23712
60	0.01030	0.00969	0.01635	0.79530	0.03755	0.01211	0.01514	0.01393	0.01090	0.01393	0.00969	0.01453	0.00727	0.00545	0.00545	0.00182	0.00727	0.00484	0.00242	0.00606
61	0.01464	0.20057	0.20963	0.01332	0.01783	0.17317	0.05766	0.09365	0.01331	0.01656	0.00962	0.01173	0.00784	0.00848	0.06927	0.00215	0.06649	0.00411	0.00282	0.00713
62	0.01022	0.00802	0.02846	0.00886	0.01053	0.00779	0.00672	0.19102	0.01430	0.01903	0.02704	0.49633	0.09280	0.01478	0.03481	0.00227	0.00436	0.01191	0.00501	0.00574
63	0.00793	0.00529	0.00595	0.00595	0.00595	0.00529	0.00330	0.00793	0.00793	0.01057	0.01718	0.03568	0.01982	0.80840	0.02775	0.00529	0.00529	0.00793	0.00330	0.00330
64	0.01287	0.01471	0.03217	0.02298	0.02849	0.01379	0.75460	0.01746	0.01287	0.01746	0.01103	0.01471	0.00827	0.00460	0.00643	0.00184	0.00919	0.00643	0.00276	0.00735
65	0.01421	0.56867	0.19941	0.01113	0.01642	0.08166	0.01190	0.01698	0.01153	0.01388	0.00815	0.00947	0.00698	0.00486	0.00400	0.00131	0.00666	0.00322	0.00236	0.00718
66	0.01239	0.01573	0.12151	0.10500	0.06765	0.01343	0.54745	0.01702	0.01247	0.01708	0.01069	0.01423	0.00802	0.00477	0.00612	0.00181	0.00871	0.00589	0.00266	0.00737
67	0.00741	0.00534	0.00701	0.00707	0.00808	0.00494	0.00512	0.00952	0.01401	0.01960	0.56055	0.25814	0.04706	0.01283	0.00658	0.00186	0.00274	0.01146	0.00573	0.00494
68	0.01349	0.01295	0.02213	0.03346	0.77440	0.01295	0.01673	0.01673	0.01241	0.01781	0.01025	0.01349	0.00864	0.00486	0.00540	0.00162	0.00648	0.00486	0.00270	0.00864
69	0.01929	0.10463	0.04671	0.01172	0.07561	0.02670	0.00919	0.05505	0.03733	0.43509	0.08495	0.01923	0.03636	0.00686	0.00533	0.00163	0.00500	0.00558	0.00543	0.00833
70	0.00724	0.00564	0.00775	0.00841	0.00888	0.00575	0.02040	0.00831	0.01039	0.01395	0.02881	0.67904	0.06927	0.01598	0.00793	0.00220	0.07651	0.01413	0.00477	0.00464
71	0.02019	0.05030	0.01586	0.01390	0.01677	0.76284	0.01050	0.02160	0.01531	0.01333	0.00840	0.00980	0.00702	0.00559	0.00487	0.00140	0.00971	0.00349	0.00279	0.00634
72	0.01178	0.00967	0.01135	0.00813	0.01296	0.00729	0.00652	0.01419	0.01146	0.04537	0.01012	0.01157	0.00827	0.00414	0.00409	0.00084	0.00406	0.00331	0.00336	0.81152
73	0.01326	0.01425	0.08405	0.03164	0.68706	0.01296	0.04308	0.01680	0.01236	0.01775	0.01024	0.01337	0.00848	0.00487	0.00542	0.00164	0.00670	0.00485	0.00267	0.00854
74	0.00947	0.00473	0.00710	0.00710	0.00710	0.00473	0.00473	0.00710	0.00710	0.00947	0.00947	0.01657	0.00947	0.01894	0.02131	0.84138	0.00473	0.00473	0.00237	0.00237
75	0.02446	0.00928	0.01265	0.00970	0.01392	0.00801	0.00801	0.02657	0.01560	0.77817	0.02151	0.01856	0.01350	0.00675	0.00548	0.00169	0.00464	0.00548	0.00675	0.00928
76	0.01442	0.01750	0.33245	0.01473	0.07990	0.01079	0.05707	0.05592	0.03233	0.19664	0.01585	0.12033	0.01296	0.00721	0.00560	0.00178	0.00634	0.00622	0.00402	0.00794
77	0.02446	0.00928	0.01265	0.00970	0.01392	0.00801	0.00801	0.02657	0.01560	0.77817	0.02151	0.01856	0.01350	0.00675	0.00548	0.00169	0.00464	0.00548	0.00675	0.00928
78	0.00664	0.00551	0.00581	0.00578	0.00750	0.00468	0.00432	0.00820	0.01284	0.01580	0.16412	0.06834	0.64473	0.01348	0.00645	0.00183	0.00274	0.01135	0.00521	0.00468
79	0.01167	0.18552	0.62924	0.01429	0.02167	0.01445	0.01797	0.01708	0.01142	0.01637	0.00934	0.01095	0.00692	0.00508	0.00484	0.00161	0.00761	0.00380	0.00231	0.00784
80	0.05063	0.01635	0.01559	0.03661	0.01706	0.15312	0.01019	0.51613	0.02195	0.09003	0.01264	0.01284	0.00903	0.00631	0.00528	0.00161	0.00655	0.00463	0.00492	0.00852
81	0.00662	0.00481	0.00625	0.00741	0.00786	0.00444	0.00498	0.00761	0.01062	0.01399	0.03230	0.73768	0.10177	0.01679	0.00691	0.00218	0.00313	0.01514	0.00506	0.00444
82	0.03237	0.45335	0.29816	0.01228	0.03642	0.03719	0.01335	0.01709	0.02804	0.01505	0.00879	0.01015	0.00719	0.00495	0.00423	0.00141	0.00668	0.00345	0.00244	0.00741
83	0.02997	0.02611	0.04217	0.01006	0.01166	0.05318	0.00830	0.07248	0.01174	0.01677	0.11732	0.02113	0.03571	0.05278	0.23779	0.00401	0.17561	0.00595	0.06155	0.00571
84	0.61293	0.19792	0.01314	0.00787	0.01159	0.01446	0.00687	0.03696	0.01028	0.03700	0.00802	0.00914	0.00640	0.00504	0.00350	0.00156	0.00465	0.00305	0.00326	0.00632
85	0.01714	0.08949	0.03822	0.01519	0.04550	0.17696	0.17583	0.24851	0.01728	0.04909	0.02756	0.01409	0.02934	0.00589	0.00539	0.00158	0.00732	0.00501	0.00384	0.02678

[dist]
# distance from previous block
# <min> <max>
0	3

[block]
# block no. 6 follows, 44 sequences, length 24
# corresponding to MSA columns:
# 400-423
name=unknown_G
#
# <colnr> <probs for GDERKNQSTAVLIFYWHMCP>
#	G	D	E	R	K	N	Q	S	T	A	V	L	I	F	Y	W	H	M	C	P
0	0.68175	0.01136	0.02982	0.10349	0.01481	0.02933	0.02904	0.01597	0.00977	0.02255	0.00802	0.00980	0.00619	0.00511	0.00379	0.00170	0.00495	0.00332	0.00320	0.00603
1	0.02072	0.01527	0.01636	0.01254	0.01691	0.01691	0.01036	0.75622	0.02563	0.03436	0.01309	0.01309	0.00927	0.00654	0.00545	0.00164	0.00600	0.00491	0.00545	0.00927
2	0.03465	0.65368	0.14002	0.01029	0.01542	0.01989	0.01089	0.03621	0.01149	0.01435	0.00806	0.00928	0.00702	0.00480	0.00380	0.00128	0.00613	0.00314	0.00244	0.00719
3	0.01458	0.01343	0.05398	0.07502	0.57646	0.03463	0.03092	0.01783	0.01273	0.10096	0.01140	0.01394	0.00896	0.00513	0.00541	0.00164	0.00654	0.00488	0.00311	0.00843
4	0.02051	0.01557	0.01621	0.01256	0.01683	0.04601	0.01032	0.70749	0.04645	0.03323	0.01317	0.01317	0.00940	0.00653	0.00544	0.00163	0.00610	0.00489	0.00536	0.00914
5	0.00787	0.00529	0.00593	0.00593	0.00600	0.00526	0.00334	0.00792	0.00810	0.01073	0.01865	0.03632	0.04885	0.77775	0.02693	0.00515	0.00519	0.00807	0.00337	0.00335
6	0.84691	0.01054	0.00801	0.00717	0.01054	0.01223	0.00590	0.01603	0.00928	0.02446	0.00759	0.00886	0.00590	0.00506	0.00337	0.00169	0.00422	0.00295	0.00337	0.00590
7	0.00879	0.00628	0.00879	0.01004	0.01130	0.00628	0.00879	0.01130	0.01255	0.01632	0.02887	0.06150	0.03138	0.01506	0.00753	0.00251	0.00502	0.73770	0.00502	0.00502
8	0.01286	0.01294	0.02385	0.14062	0.44121	0.01308	0.22201	0.01682	0.03038	0.01727	0.01068	0.01415	0.00853	0.00493	0.00570	0.00171	0.00730	0.00533	0.00274	0.00790
9	0.01167	0.01295	0.02719	0.01978	0.02454	0.01205	0.61349	0.01564	0.01270	0.01691	0.01826	0.05408	0.12038	0.00647	0.00646	0.00185	0.00800	0.00756	0.00319	0.00683
10	0.01030	0.00969	0.01635	0.79530	0.03755	0.01211	0.01514	0.01393	0.01090	0.01393	0.00969	0.01453	0.00727	0.00545	0.00545	0.00182	0.00727	0.00484	0.00242	0.00606
11	0.01130	0.00969	0.01130	0.00807	0.01292	0.00727	0.00646	0.01373	0.01130	0.01776	0.00969	0.01130	0.00807	0.00404	0.00404	0.00081	0.00404	0.00323	0.00323	0.84173
12	0.01458	0.81168	0.02857	0.00933	0.01399	0.02157	0.00933	0.01632	0.01108	0.01283	0.00758	0.00875	0.00700	0.00466	0.00350	0.00117	0.00583	0.00292	0.00233	0.00700
13	0.77485	0.01043	0.00842	0.00739	0.01084	0.01186	0.00609	0.01695	0.00983	0.09050	0.00881	0.00971	0.00657	0.00521	0.00356	0.00169	0.00425	0.00317	0.00367	0.00620
14	0.01458	0.81168	0.02857	0.00933	0.01399	0.02157	0.00933	0.01632	0.01108	0.01283	0.00758	0.00875	0.00700	0.00466	0.00350	0.00117	0.00583	0.00292	0.00233	0.00700
15	0.00659	0.00544	0.00579	0.00588	0.00750	0.00464	0.00434	0.00805	0.01251	0.01535	0.12424	0.13396	0.61908	0.01390	0.00650	0.00187	0.00279	0.01178	0.00516	0.00464
16	0.01146	0.14196	0.67103	0.01464	0.02220	0.01395	0.01857	0.01713	0.01145	0.01662	0.00946	0.01111	0.00692	0.00510	0.00494	0.00165	0.00773	0.00387	0.00231	0.00790
17	0.00644	0.00552	0.00552	0.00552	0.00736	0.00460	0.00414	0.00782	0.01243	0.01473	0.05523	0.05247	0.77218	0.01381	0.00644	0.00184	0.00276	0.01151	0.00506	0.00460
18	0.01445	0.70180	0.02690	0.01001	0.01411	0.04247	0.00965	0.01613	0.01090	0.01287	0.00756	0.00913	0.00701	0.00523	0.00512	0.00131	0.09303	0.00314	0.00235	0.00686
19	0.01154	0.02735	0.74583	0.01528	0.02316	0.01245	0.01960	0.01768	0.01169	0.05130	0.01031	0.01183	0.00720	0.00525	0.00519	0.00172	0.00790	0.00409	0.00250	0.00811
20	0.01334	0.01280	0.02185	0.06983	0.73922	0.01291	0.01666	0.01660	0.01234	0.01763	0.01023	0.01354	0.00857	0.00489	0.00540	0.00163	0.00651	0.00486	0.00269	0.00851
21	0.00792	0.00532	0.00612	0.00612	0.00618	0.00538	0.00352	0.00804	0.00798	0.01070	0.01702	0.03480	0.01944	0.76097	0.07466	0.00550	0.00586	0.00780	0.00328	0.00340
22	0.00930	0.00480	0.00698	0.00698	0.00698	0.00480	0.00458	0.00719	0.00719	0.00959	0.01032	0.01867	0.01061	0.10568	0.02201	0.74952	0.00480	0.00509	0.00247	0.00247
23	0.01086	0.02617	0.69624	0.10121	0.02513	0.01260	0.01959	0.01690	0.01144	0.01690	0.00977	0.01184	0.00695	0.00521	0.00521	0.00174	0.00797	0.00412	0.00232	0.00784

[dist]
# distance from previous block
# <min> <max>
0	1

[block]
# block no. 7 follows, 44 sequences, length 110
# corresponding to MSA columns:
# 425-534
name=unknown_H
#
# <colnr> <probs for GDERKNQSTAVLIFYWHMCP>
#	G	D	E	R	K	N	Q	S	T	A	V	L	I	F	Y	W	H	M	C	P
0	0.06282	0.05847	0.53091	0.01619	0.02309	0.01336	0.16383	0.01707	0.01154	0.01744	0.00973	0.01187	0.00713	0.00515	0.00559	0.00174	0.02953	0.00441	0.00246	0.00768
1	0.09184	0.54829	0.05992	0.01024	0.01462	0.15061	0.00971	0.01751	0.01178	0.03183	0.00815	0.00930	0.00705	0.00494	0.00385	0.00129	0.00644	0.00313	0.00261	0.00688
2	0.00793	0.00529	0.00595	0.00595	0.00595	0.00529	0.00330	0.00793	0.00793	0.01057	0.01718	0.03568	0.01982	0.80840	0.02775	0.00529	0.00529	0.00793	0.00330	0.00330
3	0.01155	0.12078	0.08985	0.01117	0.01334	0.07658	0.00996	0.01387	0.02613	0.01447	0.02803	0.01855	0.10073	0.01235	0.10770	0.00272	0.27125	0.00542	0.05955	0.00602
4	0.00650	0.00553	0.00560	0.00558	0.00740	0.00463	0.00419	0.00793	0.01256	0.01504	0.08674	0.05195	0.74048	0.01369	0.00644	0.00184	0.00275	0.01143	0.00510	0.00463
5	0.01130	0.00969	0.01130	0.00807	0.01292	0.00727	0.00646	0.01373	0.01130	0.01776	0.00969	0.01130	0.00807	0.00404	0.00404	0.00081	0.00404	0.00323	0.00323	0.84173
6	0.03324	0.07518	0.09985	0.01119	0.01484	0.12223	0.00975	0.08927	0.31000	0.02086	0.08466	0.01768	0.01538	0.00676	0.00517	0.00163	0.00554	0.00533	0.04112	0.03031
7	0.01016	0.00508	0.00508	0.00508	0.00635	0.00508	0.00381	0.01270	0.01143	0.02033	0.01778	0.02033	0.01397	0.00635	0.00381	0.00127	0.00254	0.00508	0.83867	0.00508
8	0.01344	0.03662	0.15055	0.03894	0.06786	0.08246	0.25241	0.08080	0.01305	0.01758	0.01087	0.04867	0.00907	0.00625	0.00742	0.00179	0.12025	0.00548	0.00296	0.03354
