[name]
unknown

[dist]
# distance from previous block
# <min> <max>
0	147

[block]
# block no. 0 follows, 45 sequences, length 86
# corresponding to MSA columns:
# 153-238
name=unknown_A
#
# <colnr> <probs for GDERKNQSTAVLIFYWHMCP>
#	G	D	E	R	K	N	Q	S	T	A	V	L	I	F	Y	W	H	M	C	P
0	0.00879	0.00670	0.00852	0.00923	0.05686	0.00656	0.00655	0.04997	0.04900	0.01817	0.24249	0.14658	0.15541	0.05213	0.00744	0.00208	0.00370	0.14062	0.02383	0.00535
1	0.01645	0.22357	0.03383	0.06160	0.06143	0.21585	0.01037	0.12257	0.10766	0.05761	0.01184	0.03350	0.00959	0.00593	0.00478	0.00149	0.00664	0.00441	0.00356	0.00733
2	0.05223	0.00625	0.00735	0.02849	0.00907	0.00623	0.00539	0.05549	0.01096	0.01508	0.03715	0.29429	0.10899	0.23910	0.01224	0.00290	0.00417	0.07478	0.00433	0.02551
3	0.03363	0.01079	0.01560	0.45574	0.13657	0.04891	0.01297	0.05768	0.01217	0.06364	0.01071	0.01411	0.00813	0.00576	0.00559	0.02423	0.00650	0.00465	0.03373	0.03889
4	0.01589	0.01187	0.01431	0.18316	0.04439	0.03220	0.01027	0.35598	0.04634	0.07658	0.01402	0.06465	0.01145	0.05499	0.00733	0.03321	0.00587	0.00569	0.00439	0.00742
5	0.00700	0.00509	0.00667	0.00754	0.00828	0.00476	0.00547	0.00846	0.01153	0.01535	0.14786	0.50750	0.10401	0.01532	0.00681	0.00211	0.00326	0.12328	0.00512	0.00457
6	0.00719	0.00520	0.00681	0.00769	0.00844	0.00491	0.00567	0.00866	0.01139	0.01510	0.12070	0.44424	0.09788	0.05319	0.00785	0.00230	0.00353	0.17970	0.00500	0.00454
7	0.05581	0.00547	0.00652	0.00678	0.00785	0.00513	0.00480	0.00897	0.01130	0.03597	0.16742	0.32029	0.20523	0.05576	0.00861	0.07042	0.00325	0.01111	0.00480	0.00452
8	0.01203	0.00724	0.00850	0.00762	0.00920	0.00717	0.00540	0.08556	0.05914	0.15104	0.07496	0.09355	0.07413	0.36316	0.01532	0.00328	0.00457	0.00797	0.00465	0.00550
9	0.02097	0.01413	0.01555	0.01192	0.01620	0.01531	0.00985	0.64768	0.02373	0.14825	0.01416	0.01371	0.00977	0.00647	0.00537	0.00162	0.00570	0.00492	0.00556	0.00913
10	0.09395	0.00895	0.01153	0.00926	0.01299	0.00815	0.00765	0.02355	0.03433	0.61020	0.03805	0.02159	0.02861	0.00732	0.00540	0.00173	0.00447	0.05777	0.00616	0.00836
11	0.00992	0.00592	0.00705	0.00668	0.00820	0.00530	0.00478	0.01115	0.01176	0.14734	0.10956	0.14932	0.28520	0.20047	0.01119	0.00263	0.00366	0.00987	0.00496	0.00506
12	0.00702	0.00496	0.00635	0.00717	0.00758	0.00471	0.00482	0.00798	0.01029	0.01374	0.08346	0.51782	0.05067	0.18854	0.01128	0.00281	0.00363	0.05830	0.00467	0.00421
13	0.01014	0.00954	0.01610	0.79845	0.03697	0.01193	0.01491	0.01371	0.01073	0.01371	0.00954	0.01431	0.00716	0.00537	0.00537	0.00179	0.00716	0.00477	0.00239	0.00596
14	0.00779	0.00533	0.00691	0.00701	0.00806	0.00490	0.00504	0.00962	0.01313	0.04739	0.42341	0.30622	0.08831	0.03312	0.00700	0.00195	0.00289	0.01152	0.00549	0.00490
15	0.09682	0.00635	0.00735	0.00698	0.00840	0.00612	0.00492	0.01191	0.01092	0.14514	0.10010	0.18429	0.10064	0.27169	0.01280	0.00294	0.00405	0.00892	0.00463	0.00505
16	0.00662	0.00473	0.00632	0.00757	0.00791	0.00443	0.00512	0.00761	0.01036	0.01379	0.02954	0.77904	0.03533	0.01674	0.00687	0.00219	0.00318	0.04326	0.00498	0.00438
17	0.00665	0.00540	0.00590	0.00588	0.00747	0.00465	0.00437	0.00827	0.01282	0.01612	0.22427	0.09622	0.55689	0.01317	0.00637	0.00181	0.00270	0.01119	0.00520	0.00465
18	0.00861	0.00565	0.00704	0.00677	0.00826	0.00508	0.00504	0.01059	0.01369	0.08392	0.41575	0.15944	0.20871	0.01200	0.00628	0.00178	0.00284	0.01047	0.02289	0.00518
19	0.00764	0.00566	0.00829	0.00834	0.00918	0.00648	0.00633	0.00935	0.00862	0.01233	0.01519	0.05267	0.01481	0.10816	0.69183	0.00807	0.01313	0.00630	0.00299	0.00464
20	0.79797	0.01030	0.00817	0.00721	0.01059	0.01178	0.00594	0.01642	0.00952	0.07118	0.00833	0.00931	0.00628	0.00509	0.00345	0.00166	0.00418	0.00306	0.00353	0.00602
21	0.01112	0.08911	0.69657	0.01509	0.02267	0.01320	0.04611	0.01693	0.01135	0.01666	0.00951	0.01123	0.00686	0.00504	0.00502	0.00166	0.00780	0.00397	0.00229	0.00783
22	0.00932	0.00466	0.00699	0.00699	0.00699	0.00466	0.00466	0.00699	0.00699	0.00932	0.00932	0.01632	0.00932	0.01865	0.02098	0.84382	0.00466	0.00466	0.00233	0.00233
23	0.01261	0.01431	0.03073	0.02209	0.02719	0.01375	0.71195	0.01693	0.01239	0.01693	0.01062	0.01431	0.00808	0.00483	0.00704	0.00184	0.05832	0.00623	0.00269	0.00715
24	0.01435	0.81458	0.02813	0.00918	0.01378	0.02124	0.00918	0.01607	0.01091	0.01263	0.00746	0.00861	0.00689	0.00459	0.00344	0.00115	0.00574	0.00287	0.00230	0.00689
25	0.02026	0.01031	0.01324	0.04891	0.04695	0.01021	0.00890	0.08423	0.18502	0.48262	0.01965	0.01784	0.01316	0.00663	0.00541	0.00170	0.00480	0.00545	0.00591	0.00881
26	0.01215	0.01241	0.01638	0.01408	0.01421	0.05391	0.01168	0.01333	0.00856	0.01293	0.00711	0.01164	0.00704	0.00921	0.01700	0.00230	0.76316	0.00464	0.00237	0.00589
27	0.00815	0.00582	0.00808	0.00932	0.01033	0.00575	0.00778	0.01026	0.01187	0.01551	0.02870	0.23712	0.03198	0.01530	0.00728	0.00240	0.00451	0.57009	0.00495	0.00481
28	0.01083	0.02741	0.76559	0.01572	0.04101	0.01247	0.01975	0.01699	0.01135	0.01701	0.00964	0.01138	0.00684	0.00509	0.00510	0.00170	0.00790	0.00399	0.00228	0.00795
29	0.00760	0.00549	0.00718	0.00675	0.00802	0.00506	0.00506	0.01013	0.01519	0.02153	0.77503	0.04010	0.05065	0.01097	0.00633	0.00169	0.00253	0.00971	0.00591	0.00506
30	0.01025	0.00954	0.01553	0.70796	0.03419	0.01138	0.01393	0.01369	0.01078	0.01415	0.00954	0.01395	0.00725	0.00521	0.00521	0.00168	0.00679	0.00459	0.00248	0.10192
31	0.00767	0.00575	0.00863	0.00863	0.00959	0.00671	0.00671	0.00959	0.00863	0.01246	0.01438	0.02109	0.01342	0.04026	0.79008	0.00863	0.01438	0.00575	0.00288	0.00479
32	0.01335	0.01153	0.01214	0.01092	0.01396	0.01335	0.00850	0.02852	0.76817	0.02245	0.02185	0.02003	0.01639	0.00728	0.00546	0.00182	0.00425	0.00607	0.00546	0.00850
33	0.01435	0.81458	0.02813	0.00918	0.01378	0.02124	0.00918	0.01607	0.01091	0.01263	0.00746	0.00861	0.00689	0.00459	0.00344	0.00115	0.00574	0.00287	0.00230	0.00689
34	0.00730	0.00548	0.00677	0.00644	0.00784	0.00494	0.00483	0.00956	0.01450	0.01988	0.60592	0.04281	0.22079	0.01159	0.00633	0.00172	0.00258	0.01009	0.00569	0.00494
35	0.01435	0.81458	0.02813	0.00918	0.01378	0.02124	0.00918	0.01607	0.01091	0.01263	0.00746	0.00861	0.00689	0.00459	0.00344	0.00115	0.00574	0.00287	0.00230	0.00689
36	0.00767	0.00575	0.00863	0.00863	0.00959	0.00671	0.00671	0.00959	0.00863	0.01246	0.01438	0.02109	0.01342	0.04026	0.79008	0.00863	0.01438	0.00575	0.00288	0.00479
37	0.00735	0.00556	0.00700	0.02818	0.00893	0.00550	0.00540	0.00948	0.06368	0.01439	0.05659	0.47048	0.13072	0.08637	0.05713	0.00275	0.00415	0.02699	0.00470	0.00468
38	0.00760	0.00549	0.00718	0.00675	0.00802	0.00506	0.00506	0.01013	0.01519	0.02153	0.77503	0.04010	0.05065	0.01097	0.00633	0.00169	0.00253	0.00971	0.00591	0.00506
39	0.00781	0.00520	0.00585	0.00585	0.00585	0.00520	0.00325	0.00781	0.00781	0.01041	0.01691	0.03513	0.01952	0.81135	0.02732	0.00520	0.00520	0.00781	0.00325	0.00325
40	0.02041	0.01504	0.01611	0.01235	0.01665	0.01665	0.01020	0.75997	0.02524	0.03383	0.01289	0.01289	0.00913	0.00644	0.00537	0.00161	0.00591	0.00483	0.00537	0.00913
41	0.01435	0.81458	0.02813	0.00918	0.01378	0.02124	0.00918	0.01607	0.01091	0.01263	0.00746	0.00861	0.00689	0.00459	0.00344	0.00115	0.00574	0.00287	0.00230	0.00689
42	0.02408	0.00914	0.01246	0.00955	0.01370	0.00789	0.00789	0.02616	0.01536	0.78158	0.02118	0.01827	0.01329	0.00664	0.00540	0.00166	0.00457	0.00540	0.00664	0.00914
43	0.02371	0.00973	0.01282	0.00983	0.01400	0.00877	0.00812	0.09989	0.01636	0.70645	0.02034	0.01773	0.01287	0.00662	0.00540	0.00166	0.00470	0.00534	0.00652	0.00913
44	0.02099	0.02669	0.03355	0.05205	0.01626	0.01194	0.00946	0.29564	0.05312	0.39778	0.01700	0.01581	0.01130	0.00646	0.00535	0.00165	0.00529	0.00511	0.00571	0.00887
45	0.00891	0.00620	0.00783	0.00834	0.00933	0.00613	0.00603	0.10106	0.01244	0.03698	0.02720	0.62276	0.03125	0.01509	0.00668	0.00212	0.00366	0.07779	0.00507	0.00513
46	0.00784	0.00576	0.00752	0.00784	0.00918	0.00544	0.00639	0.01017	0.01358	0.01822	0.35924	0.05026	0.15161	0.01296	0.00678	0.00203	0.00355	0.31131	0.00537	0.00493
47	0.02146	0.00917	0.01230	0.00968	0.01328	0.00851	0.00794	0.04318	0.03162	0.62705	0.09002	0.01979	0.01632	0.00723	0.00624	0.00171	0.05395	0.00575	0.00625	0.00854
48	0.01955	0.01255	0.05392	0.01095	0.01498	0.01209	0.00932	0.38737	0.01972	0.28079	0.05905	0.06554	0.01435	0.00734	0.00551	0.00167	0.00520	0.00590	0.00564	0.00855
49	0.81882	0.01094	0.00816	0.00731	0.01061	0.04060	0.00598	0.01599	0.00936	0.02368	0.00750	0.00876	0.00585	0.00500	0.00338	0.00165	0.00436	0.00293	0.00330	0.00583
50	0.12085	0.08300	0.13198	0.10839	0.29980	0.01299	0.03220	0.04280	0.01171	0.01776	0.02712	0.03060	0.00916	0.00577	0.00559	0.01888	0.02666	0.00463	0.00284	0.00727
51	0.02041	0.01504	0.01611	0.01235	0.01665	0.01665	0.01020	0.75997	0.02524	0.03383	0.01289	0.01289	0.00913	0.00644	0.00537	0.00161	0.00591	0.00483	0.00537	0.00913
52	0.01113	0.00954	0.01113	0.00795	0.01272	0.00716	0.00636	0.01352	0.01113	0.01749	0.00954	0.01113	0.00795	0.00398	0.00398	0.00080	0.00398	0.00318	0.00318	0.84417
53	0.00773	0.00550	0.00737	0.00737	0.00789	0.00603	0.00514	0.00878	0.00825	0.01153	0.01553	0.02746	0.01619	0.39028	0.44385	0.00707	0.01021	0.00668	0.00305	0.00409
54	0.04501	0.10705	0.17841	0.02032	0.28338	0.01284	0.10288	0.01792	0.01230	0.13170	0.01182	0.01426	0.00911	0.00533	0.00517	0.00163	0.00655	0.02313	0.00322	0.00796
55	0.01014	0.00954	0.01610	0.79845	0.03697	0.01193	0.01491	0.01371	0.01073	0.01371	0.00954	0.01431	0.00716	0.00537	0.00537	0.00179	0.00716	0.00477	0.00239	0.00596
56	0.01878	0.05441	0.01467	0.01109	0.01498	0.01383	0.00909	0.32526	0.25059	0.20340	0.01729	0.01611	0.01221	0.00665	0.00530	0.00166	0.00508	0.00524	0.00553	0.00882
57	0.01335	0.01153	0.01214	0.01092	0.01396	0.01335	0.00850	0.02852	0.76817	0.02245	0.02185	0.02003	0.01639	0.00728	0.00546	0.00182	0.00425	0.00607	0.00546	0.00850
58	0.00767	0.00575	0.00863	0.00863	0.00959	0.00671	0.00671	0.00959	0.00863	0.01246	0.01438	0.02109	0.01342	0.04026	0.79008	0.00863	0.01438	0.00575	0.00288	0.00479
59	0.01014	0.00954	0.01610	0.79845	0.03697	0.01193	0.01491	0.01371	0.01073	0.01371	0.00954	0.01431	0.00716	0.00537	0.00537	0.00179	0.00716	0.00477	0.00239	0.00596
60	0.00767	0.00575	0.00863	0.00863	0.00959	0.00671	0.00671	0.00959	0.00863	0.01246	0.01438	0.02109	0.01342	0.04026	0.79008	0.00863	0.01438	0.00575	0.00288	0.00479
61	0.01997	0.01482	0.01586	0.01226	0.01648	0.01644	0.01010	0.71449	0.07143	0.03312	0.01344	0.01333	0.00958	0.00650	0.00538	0.00162	0.00580	0.00491	0.00538	0.00909
62	0.01113	0.00954	0.01113	0.00795	0.01272	0.00716	0.00636	0.01352	0.01113	0.01749	0.00954	0.01113	0.00795	0.00398	0.00398	0.00080	0.00398	0.00318	0.00318	0.84417
63	0.00653	0.00469	0.00621	0.00742	0.00777	0.00436	0.00496	0.00748	0.01033	0.01372	0.03022	0.78842	0.05452	0.01673	0.00684	0.00217	0.00310	0.01516	0.00498	0.00436
64	0.00651	0.00479	0.00610	0.00715	0.00770	0.00439	0.00484	0.00751	0.01059	0.01383	0.03354	0.68724	0.15356	0.01630	0.00677	0.00212	0.00305	0.01463	0.00498	0.00439
65	0.02408	0.00914	0.01246	0.00955	0.01370	0.00789	0.00789	0.02616	0.01536	0.78158	0.02118	0.01827	0.01329	0.00664	0.00540	0.00166	0.00457	0.00540	0.00664	0.00914
66	0.00750	0.00516	0.00621	0.00647	0.00667	0.00517	0.00399	0.00792	0.00851	0.01140	0.02017	0.19147	0.04104	0.54852	0.10279	0.00486	0.00568	0.00920	0.00361	0.00367
67	0.00662	0.00485	0.00619	0.00711	0.00770	0.00446	0.00484	0.00773	0.01090	0.01439	0.09389	0.62857	0.13585	0.03099	0.00713	0.00215	0.00305	0.01413	0.00503	0.00442
68	0.00654	0.00467	0.00623	0.00747	0.00779	0.00436	0.00498	0.00747	0.01028	0.01370	0.02959	0.80785	0.03550	0.01682	0.00685	0.00218	0.00311	0.01526	0.00498	0.00436
69	0.00754	0.00585	0.00695	0.00703	0.00837	0.00554	0.00517	0.01053	0.08328	0.01758	0.30163	0.23525	0.24351	0.01291	0.00641	0.00188	0.00294	0.02722	0.00536	0.00506
70	0.01113	0.00954	0.01113	0.00795	0.01272	0.00716	0.00636	0.01352	0.01113	0.01749	0.00954	0.01113	0.00795	0.00398	0.00398	0.00080	0.00398	0.00318	0.00318	0.84417
71	0.02005	0.02558	0.01521	0.01383	0.01659	0.78980	0.01037	0.02143	0.01521	0.01314	0.00830	0.00968	0.00691	0.00553	0.00484	0.00138	0.00968	0.00346	0.00277	0.00622
72	0.01934	0.01416	0.01521	0.01183	0.01591	0.01558	0.00972	0.65675	0.06959	0.05177	0.01582	0.01549	0.04978	0.00687	0.00543	0.00164	0.00560	0.00526	0.00539	0.00885
73	0.00782	0.00584	0.00662	0.00671	0.00757	0.00577	0.00448	0.01006	0.09000	0.01383	0.06761	0.18839	0.18701	0.34364	0.02843	0.00340	0.00417	0.00991	0.00433	0.00442
74	0.00695	0.00521	0.00614	0.00664	0.00745	0.00483	0.00451	0.00829	0.02962	0.01405	0.08139	0.38521	0.24342	0.15868	0.01033	0.00258	0.00337	0.01222	0.00474	0.00436
75	0.01218	0.01191	0.01642	0.01400	0.01422	0.01645	0.01167	0.05078	0.00908	0.01398	0.00734	0.01180	0.00715	0.00925	0.01700	0.00231	0.76120	0.00470	0.00250	0.00604
76	0.01181	0.00972	0.01481	0.44643	0.02680	0.01025	0.03773	0.01488	0.01130	0.08407	0.01059	0.01366	0.00798	0.00510	0.00519	0.00149	0.01947	0.00440	0.00302	0.26132
77	0.01832	0.01221	0.01336	0.01059	0.01418	0.01318	0.00863	0.49927	0.04992	0.11378	0.01553	0.04412	0.01160	0.00685	0.00516	0.00159	0.00503	0.00535	0.14306	0.00825
78	0.00926	0.00468	0.00695	0.00695	0.00695	0.00468	0.00460	0.00703	0.00703	0.00937	0.00964	0.01711	0.00975	0.05204	0.02125	0.80850	0.00468	0.00479	0.00237	0.00237
79	0.84927	0.01038	0.00789	0.00706	0.01038	0.01204	0.00581	0.01578	0.00914	0.02408	0.00747	0.00872	0.00581	0.00498	0.00332	0.00166	0.00415	0.00291	0.00332	0.00581
80	0.01329	0.01275	0.02179	0.03295	0.77787	0.01275	0.01647	0.01647	0.01222	0.01754	0.01010	0.01329	0.00850	0.00478	0.00531	0.00159	0.00638	0.00478	0.00266	0.00850
81	0.00741	0.00509	0.00612	0.00650	0.00675	0.00495	0.00405	0.00796	0.00929	0.01244	0.07843	0.26738	0.04090	0.48004	0.01876	0.00391	0.00433	0.02787	0.00404	0.00378
82	0.00649	0.00485	0.00605	0.00700	0.00766	0.00440	0.00477	0.00753	0.01073	0.01389	0.03533	0.63264	0.20700	0.01607	0.00673	0.00209	0.00302	0.01435	0.00498	0.00440
83	0.00781	0.00520	0.00585	0.00585	0.00585	0.00520	0.00325	0.00781	0.00781	0.01041	0.01691	0.03513	0.01952	0.81135	0.02732	0.00520	0.00520	0.00781	0.00325	0.00325
84	0.02060	0.01473	0.01592	0.01220	0.01649	0.01619	0.01008	0.72158	0.02472	0.07294	0.01332	0.01317	0.00935	0.00645	0.00537	0.00161	0.00584	0.00486	0.00544	0.00913
85	0.02122	0.00901	0.01176	0.00924	0.01291	0.00813	0.00749	0.06696	0.03470	0.60953	0.04953	0.02127	0.04729	0.05713	0.00684	0.00189	0.00452	0.00594	0.00623	0.00841

[dist]
# distance from previous block
# <min> <max>
0	20

[block]
# block no. 1 follows, 45 sequences, length 64
# corresponding to MSA columns:
# 259-322
name=unknown_B
#
# <colnr> <probs for GDERKNQSTAVLIFYWHMCP>
#	G	D	E	R	K	N	Q	S	T	A	V	L	I	F	Y	W	H	M	C	P
0	0.02166	0.01237	0.01434	0.01102	0.01518	0.01277	0.00909	0.44040	0.02084	0.34045	0.01640	0.01527	0.01095	0.00652	0.00534	0.00162	0.00527	0.00507	0.02639	0.00903
1	0.01435	0.81458	0.02813	0.00918	0.01378	0.02124	0.00918	0.01607	0.01091	0.01263	0.00746	0.00861	0.00689	0.00459	0.00344	0.00115	0.00574	0.00287	0.00230	0.00689
2	0.00652	0.00475	0.00615	0.00728	0.00773	0.00438	0.00489	0.00750	0.01047	0.01378	0.03201	0.73392	0.10787	0.01650	0.00680	0.00214	0.00308	0.01488	0.00498	0.00438
3	0.00657	0.00473	0.00617	0.00730	0.00769	0.00440	0.00487	0.00750	0.01030	0.01363	0.03051	0.73830	0.07598	0.04503	0.00755	0.00227	0.00317	0.01478	0.00492	0.00433
4	0.00760	0.00549	0.00718	0.00675	0.00802	0.00506	0.00506	0.01013	0.01519	0.02153	0.77503	0.04010	0.05065	0.01097	0.00633	0.00169	0.00253	0.00971	0.00591	0.00506
5	0.80351	0.01031	0.00814	0.00720	0.01057	0.01181	0.00593	0.01635	0.00948	0.06609	0.00823	0.00925	0.00623	0.00507	0.00344	0.00166	0.00418	0.00304	0.00351	0.00600
6	0.00774	0.00546	0.00702	0.00738	0.00810	0.00546	0.00519	0.03478	0.01048	0.01417	0.07240	0.34043	0.08623	0.13649	0.15113	0.05299	0.00559	0.02490	0.01964	0.00441
7	0.00738	0.00502	0.00598	0.00640	0.00651	0.00492	0.00384	0.00769	0.00864	0.01152	0.02120	0.29650	0.02492	0.54260	0.02040	0.00418	0.00450	0.01033	0.00384	0.00363
8	0.00640	0.00542	0.00553	0.00555	0.00730	0.00455	0.00414	0.00780	0.01230	0.01477	0.08360	0.07165	0.72558	0.01357	0.00636	0.00182	0.00272	0.01137	0.00502	0.00455
9	0.01269	0.14172	0.01695	0.24041	0.02052	0.09654	0.01126	0.07366	0.01154	0.01473	0.00949	0.01320	0.00812	0.01123	0.12024	0.00273	0.18160	0.00445	0.00271	0.00620
10	0.01387	0.03247	0.03204	0.05956	0.11875	0.08191	0.06982	0.07778	0.23382	0.06412	0.03604	0.01919	0.05264	0.00911	0.06067	0.00219	0.00644	0.01796	0.00416	0.00747
11	0.00644	0.00544	0.00558	0.00554	0.00731	0.00457	0.00416	0.00790	0.01247	0.01506	0.11185	0.05074	0.71787	0.01339	0.00634	0.00180	0.00270	0.01120	0.00506	0.00457
12	0.00654	0.00467	0.00623	0.00747	0.00779	0.00436	0.00498	0.00747	0.01028	0.01370	0.02959	0.80785	0.03550	0.01682	0.00685	0.00218	0.00311	0.01526	0.00498	0.00436
13	0.01301	0.01400	0.07309	0.14569	0.55650	0.05571	0.01597	0.01661	0.02712	0.01678	0.01011	0.01324	0.00825	0.00498	0.00528	0.00162	0.00674	0.00468	0.00265	0.00795
14	0.00809	0.00756	0.04405	0.04313	0.07085	0.00668	0.08704	0.00996	0.01080	0.01457	0.02441	0.57638	0.02803	0.01357	0.00656	0.00207	0.00441	0.03227	0.00434	0.00522
15	0.01025	0.00967	0.01657	0.74217	0.03580	0.01184	0.05014	0.01385	0.01084	0.01403	0.00980	0.01446	0.00736	0.00535	0.00537	0.00178	0.00713	0.00485	0.02273	0.00600
16	0.52150	0.01121	0.01261	0.04295	0.22732	0.01235	0.00940	0.05264	0.01102	0.04286	0.00892	0.01067	0.00698	0.00506	0.00411	0.00164	0.00498	0.00366	0.00329	0.00683
17	0.00792	0.00557	0.00718	0.00673	0.00811	0.00510	0.00507	0.01036	0.01499	0.04002	0.70476	0.04038	0.10147	0.01105	0.00631	0.00170	0.00260	0.00972	0.00586	0.00513
18	0.01327	0.01017	0.01183	0.00861	0.01327	0.00835	0.00694	0.10393	0.01316	0.08038	0.01087	0.01191	0.00852	0.00448	0.00426	0.00096	0.00425	0.00356	0.00372	0.67756
19	0.01175	0.14719	0.61819	0.01493	0.05186	0.01371	0.01777	0.01706	0.01140	0.03527	0.00960	0.01117	0.00704	0.00505	0.00486	0.00161	0.00745	0.00387	0.00240	0.00783
20	0.01557	0.11718	0.04703	0.10299	0.24755	0.31624	0.01274	0.03025	0.01325	0.01498	0.01014	0.01228	0.02648	0.00537	0.00492	0.00149	0.00763	0.00416	0.00271	0.00703
21	0.00803	0.00634	0.00855	0.00853	0.00983	0.00614	0.04734	0.02896	0.07209	0.01634	0.12257	0.42576	0.13498	0.01381	0.00659	0.00203	0.00362	0.06836	0.00502	0.00512
22	0.01087	0.00726	0.00999	0.16308	0.01467	0.00775	0.06652	0.05833	0.01211	0.01938	0.01513	0.01802	0.01173	0.00595	0.00437	0.00142	0.00415	0.00505	0.55859	0.00562
23	0.00997	0.00874	0.00885	0.00864	0.01047	0.06279	0.00652	0.01582	0.25542	0.01730	0.08966	0.16566	0.18906	0.05568	0.00729	0.00208	0.00408	0.07111	0.00496	0.00590
24	0.03110	0.00559	0.00766	0.00759	0.00859	0.00599	0.00573	0.00918	0.00953	0.01359	0.09541	0.02562	0.11239	0.02807	0.42766	0.15986	0.00932	0.00656	0.02618	0.00437
25	0.01894	0.01336	0.01434	0.01117	0.01500	0.01466	0.00917	0.62747	0.02286	0.05211	0.01381	0.01411	0.00994	0.00642	0.00513	0.00156	0.00536	0.00487	0.13121	0.00851
26	0.01005	0.00620	0.00812	0.00751	0.00918	0.00578	0.00579	0.01289	0.04139	0.12362	0.56582	0.07229	0.04246	0.01076	0.00627	0.00176	0.00305	0.05548	0.00589	0.00570
27	0.03539	0.00703	0.00926	0.00903	0.01109	0.00669	0.00754	0.03295	0.01357	0.20361	0.12205	0.08361	0.06735	0.01191	0.00654	0.00208	0.00433	0.35446	0.00545	0.00605
28	0.01355	0.00702	0.00913	0.00797	0.01029	0.00642	0.00619	0.01641	0.05639	0.28776	0.35960	0.10579	0.07119	0.00994	0.00601	0.00174	0.00341	0.00861	0.00601	0.00659
29	0.00932	0.00466	0.00699	0.00699	0.00699	0.00466	0.00466	0.00699	0.00699	0.00932	0.00932	0.01632	0.00932	0.01865	0.02098	0.84382	0.00466	0.00466	0.00233	0.00233
30	0.00664	0.00471	0.00620	0.00735	0.00763	0.00443	0.00484	0.00750	0.01008	0.01344	0.02858	0.74623	0.03423	0.08018	0.00848	0.00242	0.00328	0.01467	0.00484	0.00427
31	0.00747	0.00506	0.00595	0.00629	0.00637	0.00498	0.00371	0.00772	0.00847	0.01129	0.02030	0.24140	0.02378	0.59926	0.02186	0.00440	0.00465	0.00980	0.00371	0.00355
32	0.02005	0.02558	0.01521	0.01383	0.01659	0.78980	0.01037	0.02143	0.01521	0.01314	0.00830	0.00968	0.00691	0.00553	0.00484	0.00138	0.00968	0.00346	0.00277	0.00622
33	0.01113	0.00954	0.01113	0.00795	0.01272	0.00716	0.00636	0.01352	0.01113	0.01749	0.00954	0.01113	0.00795	0.00398	0.00398	0.00080	0.00398	0.00318	0.00318	0.84417
34	0.00781	0.00520	0.00585	0.00585	0.00585	0.00520	0.00325	0.00781	0.00781	0.01041	0.01691	0.03513	0.01952	0.81135	0.02732	0.00520	0.00520	0.00781	0.00325	0.00325
35	0.01373	0.01145	0.01215	0.01087	0.01395	0.01316	0.00847	0.02844	0.74127	0.04958	0.02182	0.01996	0.01628	0.00726	0.00546	0.00181	0.00426	0.00604	0.00550	0.00852
36	0.00769	0.00522	0.00582	0.00582	0.00596	0.00515	0.00332	0.00780	0.00814	0.01072	0.01976	0.03639	0.07703	0.75067	0.02573	0.00495	0.00502	0.00807	0.00338	0.00335
37	0.01440	0.01144	0.01227	0.01085	0.01401	0.01301	0.00849	0.04825	0.68791	0.08330	0.02155	0.01969	0.01594	0.00721	0.00545	0.00180	0.00432	0.00598	0.00555	0.00856
38	0.00651	0.00544	0.00567	0.00562	0.00735	0.00460	0.00421	0.00803	0.01264	0.01545	0.15181	0.05010	0.67766	0.01324	0.00634	0.00180	0.00269	0.01111	0.00511	0.00460
39	0.78346	0.01028	0.00825	0.00726	0.01065	0.01171	0.00598	0.01661	0.00963	0.08449	0.00857	0.00948	0.00641	0.00512	0.00349	0.00166	0.00419	0.00311	0.00359	0.00608
40	0.01335	0.01153	0.01214	0.01092	0.01396	0.01335	0.00850	0.02852	0.76817	0.02245	0.02185	0.02003	0.01639	0.00728	0.00546	0.00182	0.00425	0.00607	0.00546	0.00850
41	0.01014	0.00954	0.01610	0.79845	0.03697	0.01193	0.01491	0.01371	0.01073	0.01371	0.00954	0.01431	0.00716	0.00537	0.00537	0.00179	0.00716	0.00477	0.00239	0.00596
42	0.84927	0.01038	0.00789	0.00706	0.01038	0.01204	0.00581	0.01578	0.00914	0.02408	0.00747	0.00872	0.00581	0.00498	0.00332	0.00166	0.00415	0.00291	0.00332	0.00581
43	0.02005	0.02558	0.01521	0.01383	0.01659	0.78980	0.01037	0.02143	0.01521	0.01314	0.00830	0.00968	0.00691	0.00553	0.00484	0.00138	0.00968	0.00346	0.00277	0.00622
44	0.01001	0.00500	0.00500	0.00500	0.00625	0.00500	0.00375	0.01251	0.01126	0.02001	0.01751	0.02001	0.01376	0.00625	0.00375	0.00125	0.00250	0.00500	0.84115	0.00500
45	0.01077	0.02777	0.78354	0.01530	0.02323	0.01247	0.01983	0.01700	0.01133	0.01700	0.00963	0.01133	0.00680	0.00510	0.00510	0.00170	0.00793	0.00397	0.00227	0.00793
46	0.01288	0.00949	0.01131	0.00817	0.01285	0.00725	0.00657	0.01523	0.01170	0.12080	0.01111	0.01210	0.00867	0.00434	0.00417	0.00091	0.00406	0.00348	0.00365	0.73127
47	0.00648	0.00532	0.00570	0.00587	0.00740	0.00455	0.00430	0.00786	0.01215	0.01493	0.10734	0.17386	0.59784	0.01391	0.00643	0.00186	0.00277	0.01184	0.00506	0.00455
48	0.00747	0.00548	0.00699	0.00662	0.00794	0.00501	0.00496	0.00988	0.01489	0.02079	0.70004	0.04130	0.12610	0.01125	0.00633	0.00170	0.00255	0.00988	0.00581	0.00501
49	0.01028	0.00527	0.00530	0.00520	0.00653	0.00531	0.00392	0.03251	0.01163	0.02038	0.01739	0.01982	0.01363	0.00626	0.00380	0.00126	0.00259	0.00500	0.81879	0.00511
50	0.02208	0.00893	0.01198	0.00933	0.01316	0.00788	0.00765	0.05023	0.01569	0.66858	0.10679	0.02057	0.01740	0.00713	0.00550	0.00166	0.00438	0.00587	0.00652	0.00867
51	0.00879	0.00598	0.00776	0.00812	0.00960	0.00562	0.00666	0.01091	0.01292	0.06305	0.18701	0.07892	0.18872	0.03073	0.00726	0.00217	0.00390	0.35157	0.00522	0.00508
52	0.00663	0.00547	0.00585	0.00590	0.00758	0.00469	0.00449	0.00819	0.01254	0.01539	0.13561	0.06713	0.63106	0.01344	0.00642	0.00185	0.00284	0.05523	0.00509	0.00461
53	0.00660	0.00471	0.00629	0.00754	0.00788	0.00441	0.00508	0.00757	0.01033	0.01377	0.02955	0.78735	0.03538	0.01676	0.00687	0.00219	0.00316	0.03518	0.00498	0.00438
54	0.00943	0.00489	0.00740	0.00771	0.02828	0.00489	0.00499	0.00725	0.00714	0.00955	0.00935	0.01623	0.00930	0.01827	0.02055	0.82057	0.00471	0.00467	0.00234	0.00250
55	0.00668	0.00564	0.00581	0.00582	0.00758	0.00489	0.00434	0.00861	0.04252	0.01503	0.07812	0.09190	0.67764	0.01342	0.00634	0.00183	0.00280	0.01128	0.00504	0.00470
56	0.00691	0.00543	0.00613	0.00643	0.00772	0.00485	0.00464	0.02516	0.01194	0.01500	0.08644	0.28478	0.43850	0.04367	0.00728	0.00206	0.00305	0.03043	0.00498	0.00458
57	0.00719	0.00594	0.00723	0.00845	0.06910	0.00536	0.00555	0.00889	0.02457	0.01501	0.07417	0.25313	0.44908	0.01358	0.00641	0.00191	0.00320	0.03149	0.00485	0.00490
58	0.01111	0.00607	0.00618	0.00578	0.00736	0.00624	0.00444	0.09174	0.01274	0.02148	0.01702	0.01926	0.01327	0.00627	0.00392	0.00129	0.00286	0.00499	0.75256	0.00544
59	0.00653	0.00481	0.00612	0.00713	0.00771	0.00440	0.00484	0.00757	0.01070	0.01401	0.05067	0.66980	0.15371	0.01617	0.00676	0.00211	0.00304	0.01451	0.00500	0.00440
60	0.00889	0.00675	0.00869	0.00984	0.01105	0.03403	0.00842	0.01120	0.01229	0.01577	0.02779	0.11796	0.03040	0.01465	0.00728	0.00241	0.00497	0.65778	0.00487	0.00494
61	0.01611	0.03331	0.01812	0.06793	0.31141	0.31148	0.02443	0.06041	0.07427	0.01681	0.01042	0.01240	0.00844	0.00539	0.00513	0.00154	0.00753	0.00436	0.00305	0.00746
62	0.81980	0.03876	0.00860	0.00713	0.01050	0.01237	0.00593	0.01579	0.00920	0.02368	0.00747	0.00872	0.00585	0.00497	0.00333	0.00164	0.00421	0.00291	0.00329	0.00585
63	0.01452	0.03256	0.01732	0.30916	0.14823	0.29502	0.03369	0.01736	0.02650	0.01433	0.00931	0.01237	0.00748	0.00547	0.00559	0.00162	0.03595	0.00432	0.00263	0.00657

[dist]
# distance from previous block
# <min> <max>
0	28

[block]
# block no. 2 follows, 45 sequences, length 36
# corresponding to MSA columns:
# 351-386
name=unknown_C
#
# <colnr> <probs for GDERKNQSTAVLIFYWHMCP>
#	G	D	E	R	K	N	Q	S	T	A	V	L	I	F	Y	W	H	M	C	P
0	0.00714	0.00512	0.00673	0.00704	0.00786	0.00476	0.00498	0.00891	0.01285	0.01781	0.42902	0.37465	0.04318	0.03573	0.00714	0.00200	0.00286	0.01208	0.00543	0.00471
1	0.00925	0.00633	0.00813	0.00844	0.03561	0.00615	0.00583	0.06334	0.01268	0.06345	0.20091	0.31653	0.08777	0.08963	0.05821	0.00264	0.00426	0.01065	0.00495	0.00524
2	0.01267	0.01448	0.03167	0.02262	0.02805	0.01357	0.75837	0.01719	0.01267	0.01719	0.01086	0.01448	0.00814	0.00452	0.00633	0.00181	0.00905	0.00633	0.00271	0.00724
3	0.05168	0.00948	0.01249	0.00961	0.01374	0.00848	0.00794	0.06384	0.01567	0.71732	0.02029	0.01767	0.01282	0.00658	0.00533	0.00166	0.00462	0.00528	0.00647	0.00902
4	0.02397	0.00932	0.01257	0.00964	0.01379	0.00816	0.00796	0.04888	0.01567	0.75843	0.02092	0.01810	0.01316	0.00664	0.00540	0.00166	0.00461	0.00538	0.00660	0.00914
5	0.00768	0.00524	0.00587	0.00584	0.00616	0.00511	0.00347	0.00806	0.00886	0.01182	0.06881	0.03693	0.10733	0.64949	0.02301	0.00450	0.00468	0.00825	0.02532	0.00356
6	0.00932	0.00466	0.00699	0.00699	0.00699	0.00466	0.00466	0.00699	0.00699	0.00932	0.00932	0.01632	0.00932	0.01865	0.02098	0.84382	0.00466	0.00466	0.00233	0.00233
7	0.00768	0.00569	0.00831	0.00831	0.00916	0.00654	0.00631	0.00938	0.00853	0.01223	0.01467	0.02269	0.01412	0.12850	0.70279	0.00824	0.01333	0.00599	0.00292	0.00462
8	0.84927	0.01038	0.00789	0.00706	0.01038	0.01204	0.00581	0.01578	0.00914	0.02408	0.00747	0.00872	0.00581	0.00498	0.00332	0.00166	0.00415	0.00291	0.00332	0.00581
9	0.00670	0.00479	0.00637	0.00737	0.00782	0.00446	0.00500	0.00787	0.01101	0.01486	0.14000	0.69413	0.03775	0.01595	0.00677	0.00211	0.00303	0.01444	0.00512	0.00446
10	0.00727	0.00547	0.00672	0.00641	0.00782	0.00492	0.00481	0.00949	0.01442	0.01968	0.58585	0.04313	0.24098	0.01166	0.00633	0.00172	0.00258	0.01013	0.00567	0.00492
11	0.00760	0.00549	0.00718	0.00675	0.00802	0.00506	0.00506	0.01013	0.01519	0.02153	0.77503	0.04010	0.05065	0.01097	0.00633	0.00169	0.00253	0.00971	0.00591	0.00506
12	0.01174	0.01174	0.01644	0.01409	0.01409	0.01644	0.01174	0.01292	0.00822	0.01292	0.00705	0.01174	0.00705	0.00940	0.01762	0.00235	0.80153	0.00470	0.00235	0.00587
13	0.00780	0.00531	0.00628	0.00647	0.00674	0.00526	0.00412	0.00832	0.00897	0.01195	0.06036	0.08014	0.03753	0.61379	0.02228	0.00446	0.00487	0.09799	0.00373	0.00364
14	0.01014	0.00954	0.01610	0.79845	0.03697	0.01193	0.01491	0.01371	0.01073	0.01371	0.00954	0.01431	0.00716	0.00537	0.00537	0.00179	0.00716	0.00477	0.00239	0.00596
15	0.00648	0.00544	0.00563	0.00558	0.00734	0.00459	0.00419	0.00797	0.01256	0.01528	0.13445	0.05037	0.69513	0.01330	0.00634	0.00180	0.00270	0.01115	0.00509	0.00459
16	0.00767	0.00575	0.00863	0.00863	0.00959	0.00671	0.00671	0.00959	0.00863	0.01246	0.01438	0.02109	0.01342	0.04026	0.79008	0.00863	0.01438	0.00575	0.00288	0.00479
17	0.01113	0.00954	0.01113	0.00795	0.01272	0.00716	0.00636	0.01352	0.01113	0.01749	0.00954	0.01113	0.00795	0.00398	0.00398	0.00080	0.00398	0.00318	0.00318	0.84417
18	0.00642	0.00544	0.00554	0.00552	0.00730	0.00456	0.00414	0.00785	0.01242	0.01493	0.09819	0.05096	0.73161	0.01344	0.00634	0.00181	0.00271	0.01123	0.00504	0.00456
19	0.00634	0.00544	0.00544	0.00544	0.00725	0.00453	0.00408	0.00770	0.01224	0.01450	0.05438	0.05166	0.77569	0.01359	0.00634	0.00181	0.00272	0.01133	0.00498	0.00453
20	0.00767	0.00575	0.00863	0.00863	0.00959	0.00671	0.00671	0.00959	0.00863	0.01246	0.01438	0.02109	0.01342	0.04026	0.79008	0.00863	0.01438	0.00575	0.00288	0.00479
21	0.02200	0.01032	0.01297	0.01004	0.01402	0.00983	0.00825	0.20498	0.01777	0.54378	0.07312	0.01851	0.01494	0.00690	0.00546	0.00165	0.00475	0.00557	0.00628	0.00884
22	0.00670	0.00503	0.00629	0.00710	0.00790	0.00451	0.00487	0.00778	0.01069	0.01402	0.03351	0.62716	0.17732	0.01564	0.00663	0.00205	0.00308	0.01398	0.00490	0.04084
23	0.01155	0.00982	0.01135	0.00823	0.01291	0.00776	0.00659	0.04023	0.04448	0.01828	0.01019	0.01158	0.00836	0.00421	0.00409	0.00087	0.00405	0.00336	0.00336	0.77874
24	0.00676	0.00531	0.00573	0.00583	0.00707	0.00469	0.00407	0.00788	0.01133	0.01408	0.09660	0.12478	0.48984	0.17960	0.01076	0.00255	0.00326	0.01088	0.00469	0.00429
25	0.00692	0.00536	0.00630	0.00627	0.00766	0.00474	0.00463	0.00874	0.01329	0.01749	0.36812	0.14265	0.36283	0.01285	0.00640	0.00180	0.00269	0.01112	0.00539	0.00474
26	0.00660	0.00490	0.00601	0.00685	0.00749	0.00447	0.00462	0.00756	0.01053	0.01361	0.03434	0.56223	0.20896	0.08494	0.00851	0.00236	0.00320	0.01369	0.00483	0.00430
27	0.00803	0.00569	0.00709	0.00680	0.00805	0.00533	0.00496	0.01048	0.04002	0.03861	0.51553	0.10201	0.11957	0.09390	0.00848	0.00211	0.00299	0.00989	0.00547	0.00499
28	0.00653	0.00471	0.00619	0.00738	0.00776	0.00437	0.00494	0.00748	0.01036	0.01374	0.03068	0.77440	0.06824	0.01667	0.00683	0.00216	0.00310	0.01509	0.00498	0.00437
29	0.10283	0.51631	0.04253	0.01042	0.02823	0.09879	0.00949	0.10761	0.01295	0.01667	0.00832	0.00941	0.00708	0.00497	0.00389	0.00130	0.00607	0.00324	0.00283	0.00704
30	0.05744	0.01179	0.06116	0.06599	0.15519	0.01026	0.02509	0.05545	0.02580	0.04502	0.01027	0.01222	0.00818	0.00487	0.00514	0.00129	0.03972	0.00396	0.00322	0.39794
31	0.02952	0.10473	0.01687	0.06069	0.04473	0.14916	0.10581	0.06696	0.01252	0.01598	0.01384	0.15301	0.01365	0.00822	0.00700	0.00177	0.10937	0.03892	0.04103	0.00621
32	0.01020	0.04485	0.00994	0.02447	0.01025	0.13031	0.00649	0.01144	0.01027	0.01294	0.06956	0.04090	0.05675	0.25612	0.21332	0.00449	0.05682	0.00654	0.01960	0.00474
33	0.00988	0.00603	0.00713	0.00662	0.00772	0.00562	0.00442	0.01065	0.00996	0.10610	0.06184	0.03463	0.09461	0.50753	0.01916	0.00386	0.00465	0.04014	0.00405	0.05539
34	0.13192	0.02901	0.01905	0.15301	0.10306	0.01220	0.22236	0.07517	0.01258	0.05264	0.01111	0.02884	0.00870	0.00537	0.00537	0.00165	0.01971	0.00505	0.03957	0.06362
35	0.01395	0.01025	0.01196	0.00966	0.01303	0.01013	0.00777	0.26622	0.01606	0.06294	0.06069	0.06978	0.01494	0.02357	0.07927	0.00218	0.01869	0.04500	0.00444	0.25947

[dist]
# distance from previous block
# <min> <max>
0	1

[block]
# block no. 3 follows, 45 sequences, length 10
# corresponding to MSA columns:
# 388-397
name=unknown_D
#
# <colnr> <probs for GDERKNQSTAVLIFYWHMCP>
#	G	D	E	R	K	N	Q	S	T	A	V	L	I	F	Y	W	H	M	C	P
0	0.18002	0.01045	0.01571	0.04253	0.06940	0.01065	0.17352	0.04296	0.05206	0.15965	0.01589	0.13704	0.01387	0.00754	0.00574	0.00182	0.02372	0.02628	0.00418	0.00694
1	0.01274	0.01235	0.01927	0.23290	0.49125	0.04533	0.01519	0.01688	0.06994	0.01672	0.01078	0.01392	0.00868	0.00516	0.00532	0.00165	0.00656	0.00482	0.00280	0.00773
2	0.08909	0.00918	0.01023	0.00773	0.01193	0.00748	0.00614	0.01349	0.03291	0.01788	0.01405	0.04066	0.07201	0.00538	0.00425	0.00103	0.00387	0.00430	0.00347	0.64494
3	0.01412	0.00934	0.01064	0.02168	0.01208	0.03296	0.00718	0.17039	0.06890	0.16388	0.12588	0.10692	0.09786	0.05623	0.03218	0.00214	0.00474	0.01951	0.00519	0.03820
4	0.00838	0.00634	0.00840	0.00993	0.07189	0.00621	0.00637	0.07865	0.01193	0.01594	0.02756	0.63339	0.06483	0.01471	0.00656	0.00206	0.00363	0.01324	0.00483	0.00515
5	0.01233	0.01318	0.08633	0.08258	0.01812	0.08388	0.14218	0.08536	0.11128	0.01855	0.11727	0.03447	0.01594	0.00999	0.07095	0.02932	0.02949	0.00599	0.02618	0.00662
6	0.01430	0.18552	0.02100	0.04275	0.17585	0.15776	0.12754	0.05829	0.03923	0.01617	0.01182	0.03333	0.02182	0.00732	0.03878	0.00186	0.00735	0.02923	0.00303	0.00705
7	0.00912	0.00515	0.00724	0.00707	0.00755	0.00489	0.00478	0.00770	0.00777	0.01060	0.01185	0.09950	0.01246	0.05804	0.01824	0.63367	0.00446	0.00579	0.00274	0.08137
8	0.12345	0.10638	0.01520	0.04502	0.03703	0.15084	0.00926	0.26844	0.07274	0.02286	0.05721	0.01503	0.04156	0.00640	0.00489	0.00156	0.00595	0.00475	0.00412	0.00732
9	0.04077	0.01195	0.01372	0.01158	0.04638	0.01281	0.00898	0.37316	0.08438	0.16069	0.01505	0.01569	0.01103	0.03324	0.02851	0.00193	0.03117	0.00506	0.05986	0.03405

[dist]
# distance from previous block
# <min> <max>
2	32

[block]
# block no. 4 follows, 45 sequences, length 137
# corresponding to MSA columns:
# 435-571
name=unknown_E
#
# <colnr> <probs for GDERKNQSTAVLIFYWHMCP>
#	G	D	E	R	K	N	Q	S	T	A	V	L	I	F	Y	W	H	M	C	P
0	0.00737	0.00529	0.00663	0.00731	0.00796	0.00503	0.00498	0.04069	0.01109	0.01470	0.07008	0.57539	0.10222	0.08144	0.00878	0.02511	0.00338	0.01323	0.00484	0.00448
1	0.03902	0.01111	0.01586	0.17028	0.26465	0.01203	0.01219	0.10054	0.14272	0.06442	0.03408	0.01893	0.01262	0.02485	0.00596	0.00182	0.00572	0.05173	0.00388	0.00760
2	0.08664	0.03425	0.01574	0.04292	0.05468	0.08961	0.03108	0.43886	0.06989	0.04514	0.01245	0.01303	0.00915	0.00607	0.00510	0.00160	0.00606	0.00463	0.02493	0.00817
3	0.00786	0.00564	0.00668	0.00692	0.00809	0.00522	0.00493	0.00947	0.04627	0.03760	0.04985	0.29528	0.27508	0.10026	0.00962	0.05548	0.00349	0.04385	0.00468	0.02375
4	0.00734	0.00518	0.00595	0.00618	0.00662	0.00496	0.00387	0.00787	0.00934	0.01217	0.04909	0.17204	0.15753	0.49087	0.01899	0.00391	0.00432	0.02603	0.00398	0.00376
5	0.01600	0.01411	0.01355	0.01164	0.01498	0.10551	0.00917	0.22072	0.48357	0.02436	0.01789	0.01693	0.01336	0.00686	0.00536	0.00171	0.00532	0.00544	0.00512	0.00840
6	0.04146	0.00897	0.01446	0.40601	0.13239	0.01006	0.02761	0.01265	0.01006	0.01391	0.00952	0.01424	0.00788	0.00832	0.00893	0.20183	0.00618	0.00461	0.00250	0.05842
7	0.02882	0.11286	0.27882	0.12226	0.03712	0.13445	0.03174	0.05852	0.04049	0.02930	0.00992	0.01176	0.00759	0.00534	0.00515	0.00156	0.02463	0.00405	0.00282	0.05280
8	0.01162	0.00976	0.01532	0.63822	0.03227	0.01179	0.01356	0.01654	0.10667	0.07405	0.01199	0.01534	0.00879	0.00571	0.00538	0.00178	0.00659	0.00498	0.00310	0.00653
9	0.00713	0.00548	0.00610	0.00609	0.00770	0.00474	0.00454	0.00871	0.01269	0.03656	0.19006	0.12793	0.52443	0.01326	0.00639	0.00183	0.00281	0.02360	0.00521	0.00475
10	0.00831	0.00631	0.00826	0.00878	0.02215	0.00615	0.02282	0.01132	0.08223	0.02912	0.10564	0.30579	0.15229	0.01370	0.00667	0.00208	0.00376	0.19434	0.00505	0.00520
11	0.00781	0.00520	0.00585	0.00585	0.00585	0.00520	0.00325	0.00781	0.00781	0.01041	0.01691	0.03513	0.01952	0.81135	0.02732	0.00520	0.00520	0.00781	0.00325	0.00325
12	0.69096	0.01046	0.00896	0.00769	0.01117	0.01171	0.00633	0.05699	0.01086	0.12926	0.00966	0.01026	0.00702	0.00529	0.00372	0.00166	0.00430	0.00335	0.00389	0.00645
13	0.00775	0.00513	0.00673	0.00759	0.00820	0.00484	0.00517	0.00912	0.03028	0.05578	0.04657	0.69484	0.03353	0.04762	0.00754	0.00225	0.00329	0.01405	0.00504	0.00470
14	0.00716	0.00544	0.00640	0.00656	0.00770	0.00499	0.00470	0.00895	0.02941	0.01604	0.24452	0.19806	0.28710	0.11079	0.00902	0.00229	0.00317	0.03806	0.00504	0.00460
15	0.02041	0.01504	0.01611	0.01235	0.01665	0.01665	0.01020	0.75997	0.02524	0.03383	0.01289	0.01289	0.00913	0.00644	0.00537	0.00161	0.00591	0.00483	0.00537	0.00913
16	0.74674	0.01011	0.00824	0.00724	0.01058	0.01145	0.00595	0.01668	0.00979	0.09638	0.00907	0.00995	0.00675	0.00518	0.00353	0.00165	0.00415	0.00320	0.02725	0.00611
17	0.14816	0.01134	0.01242	0.01006	0.01369	0.01200	0.00815	0.27664	0.11622	0.24215	0.01733	0.04820	0.03038	0.02214	0.00557	0.00176	0.00483	0.00549	0.00536	0.00812
18	0.00811	0.00606	0.00768	0.00767	0.00901	0.00589	0.00592	0.01154	0.08117	0.01949	0.46510	0.12186	0.08089	0.01205	0.00649	0.00189	0.00317	0.13519	0.00556	0.00525
19	0.00781	0.00520	0.00585	0.00585	0.00585	0.00520	0.00325	0.00781	0.00781	0.01041	0.01691	0.03513	0.01952	0.81135	0.02732	0.00520	0.00520	0.00781	0.00325	0.00325
20	0.00745	0.00504	0.00593	0.00631	0.00648	0.00493	0.00381	0.00784	0.00875	0.01177	0.02161	0.26972	0.04096	0.52972	0.01998	0.00410	0.00444	0.01007	0.02743	0.00367
21	0.04471	0.00732	0.00903	0.00809	0.01007	0.00698	0.00597	0.07392	0.01278	0.26284	0.05519	0.24131	0.03788	0.18637	0.01059	0.00258	0.00427	0.00883	0.00515	0.00612
22	0.00876	0.00512	0.00622	0.00645	0.00699	0.00508	0.00434	0.02718	0.00967	0.01432	0.01855	0.22721	0.01946	0.17487	0.01331	0.19506	0.00379	0.00816	0.24149	0.00397
23	0.01379	0.01247	0.01203	0.01087	0.01378	0.08448	0.00841	0.02700	0.65756	0.02146	0.02036	0.01907	0.01537	0.00707	0.00531	0.00175	0.00465	0.00577	0.05069	0.00810
24	0.57357	0.00958	0.00883	0.00760	0.01089	0.01035	0.00619	0.01750	0.01081	0.20264	0.02960	0.02774	0.03266	0.00632	0.00447	0.02226	0.00416	0.00417	0.00422	0.00643
25	0.00683	0.00509	0.00623	0.00678	0.00764	0.00464	0.00474	0.00811	0.01147	0.01503	0.15881	0.40206	0.22857	0.07607	0.00823	0.00224	0.00313	0.03488	0.00500	0.00445
26	0.00966	0.00648	0.00713	0.00663	0.00731	0.00669	0.00421	0.10713	0.01041	0.01434	0.01644	0.03086	0.01764	0.63374	0.02233	0.00438	0.00506	0.00717	0.07823	0.00418
27	0.00777	0.00537	0.00667	0.00667	0.00696	0.00565	0.00428	0.00833	0.00805	0.01102	0.01616	0.03097	0.01771	0.58325	0.25295	0.00622	0.00792	0.00720	0.00314	0.00371
28	0.00843	0.00633	0.00881	0.02131	0.00960	0.00748	0.00656	0.01003	0.00879	0.01302	0.01445	0.03683	0.01397	0.15225	0.47158	0.00636	0.10371	0.00603	0.08974	0.00471
29	0.00680	0.00487	0.00606	0.00690	0.00730	0.00456	0.00451	0.00757	0.00995	0.01307	0.02950	0.55625	0.11241	0.19070	0.01129	0.00280	0.00353	0.01320	0.00460	0.00414
30	0.00767	0.00575	0.00863	0.00863	0.00959	0.00671	0.00671	0.00959	0.00863	0.01246	0.01438	0.02109	0.01342	0.04026	0.79008	0.00863	0.01438	0.00575	0.00288	0.00479
31	0.70786	0.01199	0.07517	0.03629	0.03151	0.01213	0.02597	0.01586	0.00954	0.02279	0.00788	0.00939	0.00607	0.00499	0.00367	0.00167	0.00475	0.00319	0.00317	0.00610
32	0.00971	0.00590	0.00878	0.00835	0.00883	0.00621	0.03444	0.00924	0.04919	0.01124	0.01173	0.03640	0.01155	0.01650	0.01793	0.63442	0.04762	0.05159	0.01708	0.00330
33	0.01191	0.17455	0.56767	0.01474	0.03551	0.01408	0.05767	0.01705	0.01144	0.03452	0.00958	0.01119	0.00708	0.00500	0.00487	0.00160	0.00747	0.00394	0.00241	0.00774
34	0.00779	0.00525	0.00611	0.00611	0.00620	0.00534	0.00357	0.00797	0.00788	0.01060	0.01668	0.03385	0.01896	0.74094	0.09697	0.00552	0.00604	0.00762	0.00322	0.00339
35	0.00654	0.00467	0.00623	0.00747	0.00779	0.00436	0.00498	0.00747	0.01028	0.01370	0.02959	0.80785	0.03550	0.01682	0.00685	0.00218	0.00311	0.01526	0.00498	0.00436
36	0.01461	0.01660	0.01699	0.01454	0.01582	0.27803	0.05843	0.01607	0.01087	0.01326	0.00771	0.01122	0.00707	0.00778	0.01258	0.00199	0.48345	0.00438	0.00251	0.00608
37	0.01077	0.02777	0.78354	0.01530	0.02323	0.01247	0.01983	0.01700	0.01133	0.01700	0.00963	0.01133	0.00680	0.00510	0.00510	0.00170	0.00793	0.00397	0.00227	0.00793
38	0.02397	0.00932	0.01257	0.00964	0.01379	0.00816	0.00796	0.04861	0.01567	0.75871	0.02092	0.01811	0.01316	0.00664	0.00540	0.00166	0.00461	0.00538	0.00660	0.00914
39	0.00659	0.00470	0.00628	0.00753	0.00786	0.00440	0.00506	0.00755	0.01032	0.01375	0.02956	0.79165	0.03540	0.01677	0.00686	0.00219	0.00315	0.03101	0.00498	0.00437
40	0.00661	0.00470	0.00621	0.00739	0.00768	0.00441	0.00489	0.00749	0.01014	0.01352	0.02890	0.76579	0.03463	0.06006	0.00797	0.00234	0.00323	0.01485	0.00489	0.00430
