[name]
unknown

[dist]
# distance from previous block
# <min> <max>
9	62

[block]
# block no. 0 follows, 49 sequences, length 6
# corresponding to MSA columns:
# 65-69,72
name=unknown_A
#
# <colnr> <probs for GDERKNQSTAVLIFYWHMCP>
#	G	D	E	R	K	N	Q	S	T	A	V	L	I	F	Y	W	H	M	C	P
0	0.00965	0.00713	0.00894	0.13722	0.01266	0.00768	0.00652	0.14743	0.01180	0.01592	0.05415	0.21604	0.01957	0.27525	0.01214	0.00277	0.00462	0.00806	0.03756	0.00488
1	0.01100	0.00863	0.01220	0.34317	0.08394	0.00962	0.00991	0.11509	0.01243	0.01788	0.05055	0.01567	0.01082	0.00556	0.00463	0.00146	0.00499	0.00471	0.22377	0.05401
2	0.14661	0.00912	0.01392	0.68034	0.03078	0.01125	0.01266	0.01323	0.00987	0.01450	0.00867	0.01263	0.00654	0.00500	0.00474	0.00167	0.00628	0.00421	0.00239	0.00559
3	0.14652	0.00655	0.00752	0.05240	0.00973	0.00676	0.00540	0.01181	0.04619	0.10035	0.04431	0.19666	0.06123	0.24585	0.01120	0.00269	0.00410	0.03185	0.00405	0.00484
4	0.09082	0.00595	0.00723	0.00762	0.04077	0.00574	0.00531	0.01140	0.01125	0.10774	0.14848	0.30290	0.07860	0.01046	0.00533	0.00169	0.00311	0.00908	0.14139	0.00515
5	0.01124	0.00927	0.01300	0.01023	0.01326	0.00881	0.12999	0.14663	0.01288	0.03771	0.03789	0.13747	0.07507	0.07793	0.00734	0.00176	0.03143	0.00669	0.00381	0.22758

[dist]
# distance from previous block
# <min> <max>
0	2

[block]
# block no. 1 follows, 49 sequences, length 19
# corresponding to MSA columns:
# 75-93
name=unknown_B
#
# <colnr> <probs for GDERKNQSTAVLIFYWHMCP>
#	G	D	E	R	K	N	Q	S	T	A	V	L	I	F	Y	W	H	M	C	P
0	0.01087	0.00651	0.00816	0.00773	0.00926	0.00627	0.00566	0.10279	0.01264	0.15034	0.12402	0.40514	0.02713	0.07614	0.00747	0.00205	0.00358	0.01016	0.00497	0.01911
1	0.02915	0.00525	0.00613	0.00595	0.00714	0.00485	0.00428	0.00901	0.01193	0.03346	0.36238	0.08401	0.23309	0.13775	0.00890	0.00215	0.00294	0.00915	0.03805	0.00443
2	0.01109	0.00873	0.01082	0.00949	0.01192	0.00926	0.05955	0.01923	0.39097	0.07444	0.18657	0.09401	0.07505	0.00856	0.00554	0.00171	0.00380	0.00751	0.00507	0.00668
3	0.00743	0.00494	0.00635	0.00673	0.00756	0.00456	0.00474	0.00879	0.01119	0.05450	0.23004	0.43484	0.08792	0.06549	0.00742	0.00205	0.00298	0.02723	0.02073	0.00448
4	0.02841	0.00666	0.00768	0.00757	0.00885	0.00685	0.00549	0.12011	0.07192	0.01691	0.07096	0.35815	0.07798	0.11935	0.00848	0.00224	0.00366	0.03716	0.03654	0.00505
5	0.38475	0.00864	0.00939	0.00794	0.01086	0.00897	0.03927	0.03223	0.02754	0.20358	0.12528	0.05942	0.04922	0.00687	0.00450	0.00161	0.00391	0.00541	0.00443	0.00617
6	0.00749	0.00526	0.00669	0.00651	0.00781	0.00480	0.00494	0.00955	0.01329	0.04539	0.52383	0.10632	0.16493	0.01131	0.00605	0.00170	0.00269	0.06137	0.00531	0.00476
7	0.00815	0.00575	0.00689	0.00703	0.00796	0.00570	0.00494	0.09453	0.01158	0.01582	0.10376	0.41554	0.07542	0.12481	0.02783	0.00240	0.00364	0.01064	0.06302	0.00460
8	0.04238	0.00545	0.00707	0.00724	0.00837	0.00512	0.00529	0.01046	0.01111	0.12227	0.16145	0.41579	0.04329	0.03241	0.00712	0.03889	0.00329	0.06330	0.00485	0.00483
9	0.00698	0.00505	0.00640	0.00691	0.00763	0.00479	0.00480	0.04088	0.01128	0.01519	0.18731	0.53854	0.08159	0.04898	0.00710	0.00204	0.00300	0.01232	0.00482	0.00441
10	0.00828	0.00621	0.00738	0.00713	0.00851	0.00620	0.00532	0.04428	0.12002	0.01728	0.29567	0.13661	0.16097	0.05005	0.00782	0.06073	0.00322	0.04453	0.00483	0.00495
11	0.04663	0.00833	0.04947	0.00768	0.00964	0.00776	0.00602	0.12621	0.06570	0.07116	0.15499	0.04982	0.08257	0.27817	0.01210	0.00271	0.00430	0.00706	0.00430	0.00538
12	0.00708	0.00501	0.00634	0.00689	0.00755	0.00479	0.00475	0.03974	0.01105	0.01509	0.16578	0.54796	0.05004	0.06339	0.00737	0.00208	0.00303	0.01214	0.03554	0.00438
13	0.00750	0.00562	0.00693	0.00713	0.00830	0.00523	0.00512	0.03549	0.03528	0.01487	0.09807	0.44887	0.11336	0.04054	0.00696	0.01935	0.00323	0.04898	0.00453	0.08465
14	0.10873	0.01014	0.03953	0.51271	0.05452	0.02892	0.06479	0.01399	0.01041	0.05201	0.01033	0.05369	0.00832	0.00554	0.00495	0.00167	0.00628	0.00487	0.00270	0.00590
15	0.01378	0.01049	0.01253	0.04294	0.06301	0.01162	0.00884	0.10727	0.38076	0.10975	0.03037	0.01893	0.02600	0.00696	0.00596	0.00168	0.06035	0.03968	0.00466	0.04443
16	0.07097	0.04782	0.01348	0.04601	0.05391	0.33882	0.00903	0.14555	0.02730	0.05873	0.01213	0.06790	0.02580	0.00766	0.03947	0.00175	0.00696	0.00471	0.01562	0.00638
17	0.01314	0.01092	0.05156	0.07515	0.01476	0.01116	0.00880	0.27479	0.15828	0.04132	0.02841	0.11454	0.01462	0.04451	0.04442	0.00211	0.01702	0.03244	0.00436	0.03770
18	0.07866	0.05227	0.01199	0.05314	0.07921	0.07791	0.00805	0.07449	0.14178	0.05229	0.18645	0.02121	0.05951	0.03926	0.00634	0.00171	0.03944	0.00586	0.00414	0.00628

[dist]
# distance from previous block
# <min> <max>
10	44

[block]
# block no. 2 follows, 49 sequences, length 122
# corresponding to MSA columns:
# 144-265
name=unknown_C
#
# <colnr> <probs for GDERKNQSTAVLIFYWHMCP>
#	G	D	E	R	K	N	Q	S	T	A	V	L	I	F	Y	W	H	M	C	P
0	0.08013	0.05209	0.03651	0.06261	0.01294	0.09089	0.00740	0.11482	0.01201	0.04366	0.02546	0.08353	0.02736	0.11125	0.05065	0.02541	0.00556	0.00532	0.00343	0.14899
1	0.08367	0.11955	0.03906	0.10367	0.06371	0.05462	0.00888	0.08184	0.10323	0.10848	0.03062	0.07128	0.04151	0.03459	0.00545	0.00164	0.00505	0.00530	0.00378	0.03406
2	0.10644	0.01139	0.09957	0.12547	0.12648	0.01046	0.02478	0.13421	0.01208	0.04454	0.02706	0.01727	0.02335	0.17055	0.00920	0.00224	0.01939	0.00501	0.00325	0.02725
3	0.04845	0.02626	0.04958	0.04044	0.16474	0.08863	0.00890	0.02928	0.11540	0.01578	0.04498	0.17016	0.09937	0.02794	0.00626	0.02928	0.00486	0.02003	0.00371	0.00595
4	0.05000	0.00722	0.00912	0.00797	0.01027	0.00651	0.03870	0.03633	0.01076	0.01572	0.05432	0.33128	0.07797	0.00977	0.00560	0.00152	0.02974	0.00852	0.00394	0.28476
5	0.02918	0.08234	0.03437	0.17214	0.23299	0.17694	0.01183	0.10589	0.01291	0.01613	0.00989	0.01368	0.00839	0.04506	0.00581	0.00165	0.00660	0.02470	0.00284	0.00665
6	0.00632	0.00455	0.00596	0.00688	0.00735	0.00423	0.00468	0.00738	0.01023	0.01367	0.10713	0.66949	0.07131	0.03342	0.00683	0.00206	0.00293	0.02666	0.00475	0.00417
7	0.01153	0.00872	0.01039	0.00762	0.01185	0.00668	0.00608	0.01368	0.01086	0.09653	0.01104	0.05076	0.00928	0.00460	0.00402	0.00090	0.00376	0.00377	0.00342	0.72451
8	0.01178	0.01068	0.03163	0.22287	0.29269	0.03195	0.08073	0.02699	0.01126	0.06909	0.01204	0.08377	0.01059	0.04561	0.00619	0.00176	0.00601	0.00557	0.00298	0.03580
9	0.08227	0.01275	0.03955	0.03257	0.03478	0.01220	0.52724	0.05237	0.01191	0.01732	0.01046	0.01428	0.00824	0.00491	0.00592	0.00166	0.03821	0.02916	0.01977	0.04442
10	0.03715	0.01902	0.01396	0.01208	0.01513	0.44767	0.00936	0.22700	0.13484	0.01929	0.01094	0.01142	0.00843	0.00569	0.00475	0.00143	0.00724	0.00398	0.00368	0.00693
11	0.02862	0.12092	0.36818	0.06430	0.12273	0.01175	0.01389	0.01568	0.01093	0.07837	0.01101	0.01252	0.02990	0.00565	0.02047	0.00159	0.00634	0.00402	0.00270	0.07044
12	0.00658	0.00477	0.00629	0.00726	0.00764	0.00463	0.00505	0.00754	0.00967	0.01287	0.02672	0.64110	0.04659	0.08267	0.00836	0.00232	0.02339	0.08797	0.00449	0.00411
13	0.01933	0.01399	0.01507	0.01155	0.01559	0.01542	0.00954	0.75009	0.02348	0.05608	0.01239	0.01230	0.00872	0.00608	0.00506	0.00152	0.00552	0.00457	0.00510	0.00860
14	0.00716	0.00625	0.02720	0.04784	0.07740	0.00558	0.00633	0.00884	0.01107	0.01439	0.11033	0.28051	0.29195	0.02848	0.00642	0.00188	0.00346	0.05579	0.00437	0.00474
15	0.01423	0.01174	0.03063	0.17982	0.06537	0.02398	0.07271	0.34428	0.01645	0.04299	0.01382	0.06242	0.03102	0.03470	0.00600	0.00175	0.00585	0.03126	0.00394	0.00703
16	0.00618	0.00442	0.00589	0.00703	0.00734	0.00412	0.00470	0.00710	0.00979	0.01308	0.04570	0.80067	0.03378	0.01571	0.00644	0.00204	0.00292	0.01425	0.00471	0.00412
17	0.01247	0.10497	0.33630	0.01308	0.01768	0.02552	0.06174	0.11627	0.01208	0.04881	0.01015	0.04718	0.00829	0.00620	0.00701	0.00167	0.15620	0.00453	0.00286	0.00699
18	0.01281	0.01172	0.04804	0.14686	0.37536	0.03814	0.07975	0.04037	0.01196	0.09288	0.01217	0.07310	0.01034	0.00582	0.00522	0.00161	0.00608	0.01751	0.00311	0.00717
19	0.00958	0.00882	0.01483	0.53594	0.12357	0.01020	0.04835	0.01259	0.01040	0.01381	0.01265	0.09302	0.03511	0.00629	0.00519	0.00168	0.00603	0.00573	0.04046	0.00574
20	0.01889	0.02410	0.01433	0.01303	0.01563	0.80199	0.00977	0.02019	0.01433	0.01238	0.00782	0.00912	0.00651	0.00521	0.00456	0.00130	0.00912	0.00326	0.00261	0.00586
21	0.05728	0.02992	0.01835	0.09201	0.04124	0.01156	0.25867	0.10062	0.01226	0.10442	0.01185	0.05726	0.00962	0.00667	0.00725	0.04590	0.09300	0.00545	0.03023	0.00647
22	0.00676	0.00577	0.04464	0.00746	0.00829	0.00483	0.00567	0.00804	0.00990	0.01312	0.02705	0.53521	0.07810	0.09801	0.00841	0.00234	0.00359	0.12412	0.00440	0.00426
23	0.01110	0.00942	0.01112	0.00856	0.03903	0.00748	0.00655	0.06047	0.01135	0.01744	0.00920	0.01066	0.00758	0.00392	0.00387	0.00082	0.00394	0.00315	0.00311	0.77123
24	0.01049	0.00899	0.01049	0.00749	0.01198	0.00674	0.00599	0.01273	0.01049	0.01648	0.00899	0.01049	0.00749	0.00374	0.00374	0.00075	0.00374	0.00300	0.00300	0.85320
25	0.00955	0.00882	0.01481	0.74002	0.05195	0.01087	0.01360	0.01272	0.01010	0.01297	0.00961	0.01501	0.00760	0.00571	0.00555	0.02626	0.00658	0.03039	0.00233	0.00554
26	0.01889	0.02410	0.01433	0.01303	0.01563	0.80199	0.00977	0.02019	0.01433	0.01238	0.00782	0.00912	0.00651	0.00521	0.00456	0.00130	0.00912	0.00326	0.00261	0.00586
27	0.00901	0.00638	0.00829	0.10350	0.01192	0.00650	0.00649	0.03761	0.08082	0.07808	0.06377	0.39485	0.12758	0.01190	0.00594	0.00186	0.00366	0.03199	0.00462	0.00523
28	0.02865	0.73500	0.03740	0.02408	0.01348	0.01882	0.00879	0.01566	0.01049	0.05785	0.00785	0.00879	0.00683	0.00447	0.00341	0.00114	0.00538	0.00289	0.00242	0.00659
29	0.00674	0.00516	0.00739	0.13875	0.01181	0.00529	0.00620	0.00801	0.00971	0.01286	0.02457	0.67342	0.02881	0.02786	0.00655	0.00204	0.00359	0.01263	0.00426	0.00434
30	0.00729	0.00516	0.00681	0.00681	0.00725	0.00560	0.00467	0.00818	0.00774	0.01076	0.01475	0.02655	0.01554	0.43436	0.40979	0.00650	0.00918	0.00640	0.00289	0.00378
31	0.01049	0.00899	0.01049	0.00749	0.01198	0.00674	0.00599	0.01273	0.01049	0.01648	0.00899	0.01049	0.00749	0.00374	0.00374	0.00075	0.00374	0.00300	0.00300	0.85320
32	0.01510	0.06652	0.05398	0.09245	0.16544	0.22320	0.01124	0.12976	0.11362	0.04448	0.01111	0.01244	0.00863	0.00611	0.02291	0.00163	0.00673	0.00423	0.00332	0.00711
33	0.00616	0.00440	0.00587	0.00704	0.00733	0.00411	0.00469	0.00704	0.00968	0.01291	0.02787	0.81899	0.03344	0.01584	0.00645	0.00205	0.00293	0.01438	0.00469	0.00411
34	0.03630	0.02270	0.01172	0.04438	0.01353	0.00782	0.00739	0.03311	0.01350	0.55064	0.04176	0.01606	0.01217	0.00581	0.00480	0.00141	0.00428	0.00471	0.00531	0.16260
35	0.01321	0.17320	0.07343	0.02399	0.52862	0.03297	0.01384	0.01604	0.01143	0.05338	0.00946	0.01167	0.00778	0.00459	0.00464	0.00142	0.00598	0.00410	0.00260	0.00765
36	0.12815	0.64637	0.02288	0.00876	0.01277	0.08589	0.00832	0.01554	0.01040	0.01340	0.00710	0.00821	0.00635	0.00445	0.00334	0.00117	0.00552	0.00276	0.00233	0.00630
37	0.01127	0.01055	0.01526	0.16960	0.01749	0.01430	0.01149	0.01286	0.00850	0.04616	0.00768	0.01180	0.00691	0.00799	0.01383	0.00208	0.61967	0.00447	0.00239	0.00568
38	0.00659	0.00521	0.00595	0.00595	0.00732	0.00465	0.00439	0.00856	0.03442	0.01599	0.29349	0.14830	0.41660	0.01222	0.00601	0.00172	0.00259	0.01052	0.00500	0.00452
39	0.01002	0.00891	0.01134	0.01337	0.20078	0.03876	0.00819	0.01463	0.16386	0.01778	0.23358	0.06119	0.12299	0.00815	0.00539	0.00156	0.00399	0.00712	0.00429	0.06410
40	0.00619	0.00512	0.00543	0.00538	0.00697	0.00436	0.00403	0.00767	0.01200	0.01485	0.18455	0.06077	0.64039	0.01241	0.00598	0.00169	0.00254	0.01046	0.00485	0.00436
41	0.00716	0.00517	0.00676	0.00636	0.00755	0.00477	0.00477	0.00954	0.01431	0.02028	0.78808	0.03777	0.04771	0.01034	0.00596	0.00159	0.00239	0.00914	0.00557	0.00477
42	0.00616	0.00440	0.00587	0.00704	0.00733	0.00411	0.00469	0.00704	0.00968	0.01291	0.02787	0.81899	0.03344	0.01584	0.00645	0.00205	0.00293	0.01438	0.00469	0.00411
43	0.00722	0.00542	0.00813	0.00813	0.00903	0.00632	0.00632	0.00903	0.00813	0.01174	0.01354	0.01987	0.01264	0.03792	0.80225	0.00813	0.01354	0.00542	0.00271	0.00451
44	0.00716	0.00517	0.00676	0.00636	0.00755	0.00477	0.00477	0.00954	0.01431	0.02028	0.78808	0.03777	0.04771	0.01034	0.00596	0.00159	0.00239	0.00914	0.00557	0.00477
45	0.01096	0.01091	0.01529	0.01314	0.01316	0.01524	0.01093	0.01208	0.00775	0.01216	0.00683	0.01130	0.00680	0.00964	0.03802	0.00237	0.79123	0.00445	0.00223	0.00550
46	0.01837	0.02324	0.01394	0.01269	0.01518	0.76641	0.00947	0.01962	0.01402	0.01226	0.00818	0.01019	0.00704	0.04168	0.00550	0.00146	0.00893	0.00344	0.00263	0.00574
47	0.00955	0.00899	0.01517	0.81013	0.03483	0.01123	0.01404	0.01292	0.01011	0.01292	0.00899	0.01348	0.00674	0.00506	0.00506	0.00169	0.00674	0.00449	0.00225	0.00562
48	0.01149	0.00896	0.01059	0.00761	0.01206	0.00680	0.00611	0.01372	0.01082	0.08074	0.00989	0.01104	0.00791	0.00395	0.00386	0.00082	0.00379	0.00317	0.00327	0.78341
49	0.01166	0.01367	0.06150	0.12786	0.05355	0.02421	0.59882	0.01578	0.01165	0.01570	0.00995	0.01338	0.00748	0.00442	0.00574	0.00168	0.00816	0.00558	0.00250	0.00671
50	0.00722	0.00542	0.00813	0.00813	0.00903	0.00632	0.00632	0.00903	0.00813	0.01174	0.01354	0.01987	0.01264	0.03792	0.80225	0.00813	0.01354	0.00542	0.00271	0.00451
51	0.00626	0.00444	0.00584	0.00691	0.00718	0.00417	0.00456	0.00707	0.00949	0.01265	0.02688	0.75405	0.03220	0.08248	0.00805	0.00229	0.00310	0.01380	0.00456	0.00402
52	0.01118	0.01146	0.02188	0.32176	0.22755	0.01200	0.28995	0.01478	0.01114	0.01504	0.00957	0.01329	0.00741	0.00463	0.00537	0.00164	0.00720	0.00503	0.00243	0.00667
53	0.00732	0.00510	0.00652	0.00647	0.00760	0.00464	0.00473	0.00919	0.01285	0.04525	0.48563	0.22819	0.13387	0.01183	0.00605	0.00172	0.00261	0.01046	0.00527	0.00468
54	0.00980	0.00622	0.00791	0.00712	0.00885	0.00593	0.00546	0.01335	0.09348	0.12404	0.60602	0.03307	0.03967	0.00943	0.00576	0.00160	0.00281	0.00825	0.00562	0.00562
55	0.00689	0.00514	0.00640	0.00613	0.00740	0.00465	0.00458	0.00900	0.01361	0.01872	0.61610	0.06476	0.19592	0.01101	0.00598	0.00163	0.00244	0.00962	0.00536	0.00465
56	0.01277	0.38715	0.26120	0.02836	0.08453	0.03169	0.02741	0.07122	0.01156	0.01515	0.00836	0.00986	0.00678	0.00473	0.00436	0.00136	0.02059	0.00345	0.00242	0.00704
57	0.01938	0.01392	0.01502	0.01152	0.01556	0.01531	0.00951	0.74044	0.02336	0.06590	0.01249	0.01237	0.00877	0.00608	0.00506	0.00152	0.00551	0.00458	0.00511	0.00860
58	0.00616	0.00441	0.00585	0.00700	0.00732	0.00411	0.00468	0.00705	0.00972	0.01292	0.02833	0.80377	0.04836	0.01578	0.00644	0.00205	0.00293	0.01430	0.00469	0.00411
59	0.01976	0.01330	0.01464	0.01122	0.01525	0.01439	0.00927	0.65687	0.02232	0.15093	0.01336	0.01293	0.00921	0.00610	0.00506	0.00152	0.00537	0.00464	0.00525	0.00860
60	0.01209	0.01126	0.01793	0.25343	0.33501	0.03691	0.06906	0.05233	0.01176	0.03835	0.04432	0.01391	0.00940	0.00539	0.00599	0.00162	0.06679	0.00479	0.00279	0.00687
61	0.00750	0.00525	0.00687	0.00642	0.00767	0.00483	0.00483	0.00988	0.01432	0.03760	0.77088	0.03731	0.04692	0.01025	0.00594	0.00159	0.00243	0.00905	0.00558	0.00486
62	0.01105	0.06217	0.23487	0.01471	0.16872	0.04567	0.02641	0.05531	0.01277	0.03145	0.23059	0.01949	0.03399	0.00663	0.00540	0.00155	0.02349	0.00560	0.00349	0.00665
63	0.79756	0.04952	0.00854	0.02500	0.01050	0.01176	0.00583	0.01483	0.00872	0.02194	0.00708	0.00833	0.00555	0.00468	0.00318	0.00154	0.00405	0.00278	0.00306	0.00553
64	0.00598	0.00512	0.00512	0.00512	0.00683	0.00427	0.00384	0.00726	0.01153	0.01366	0.05123	0.04866	0.78869	0.01281	0.00598	0.00171	0.00256	0.01067	0.00470	0.00427
65	0.22784	0.01594	0.11460	0.01198	0.05622	0.12769	0.01009	0.33604	0.01626	0.02388	0.00970	0.01055	0.00720	0.00535	0.00447	0.00151	0.00594	0.00380	0.00371	0.00724
66	0.01026	0.02547	0.75828	0.01522	0.05936	0.01176	0.01853	0.01599	0.01072	0.01604	0.00910	0.01077	0.00648	0.00479	0.00481	0.00160	0.00740	0.00377	0.00215	0.00750
67	0.01394	0.01056	0.01147	0.01012	0.01312	0.01188	0.00793	0.02657	0.67790	0.12567	0.02050	0.01864	0.01504	0.00678	0.00514	0.00169	0.00404	0.00563	0.00530	0.00809
68	0.00628	0.00449	0.00601	0.00718	0.00752	0.00421	0.00490	0.00725	0.00980	0.01304	0.02780	0.77281	0.03318	0.01573	0.00649	0.00207	0.00304	0.05936	0.00469	0.00414
69	0.00616	0.00440	0.00587	0.00704	0.00733	0.00411	0.00469	0.00704	0.00968	0.01291	0.02787	0.81899	0.03344	0.01584	0.00645	0.00205	0.00293	0.01438	0.00469	0.00411
70	0.00609	0.00513	0.00528	0.00524	0.00690	0.00432	0.00393	0.00748	0.01180	0.01431	0.12313	0.04760	0.71639	0.01257	0.00598	0.00170	0.00254	0.01052	0.00478	0.00432
71	0.00712	0.00517	0.00670	0.00632	0.00753	0.00475	0.00474	0.00946	0.01422	0.02005	0.76270	0.03815	0.07323	0.01042	0.00596	0.00159	0.00239	0.00920	0.00554	0.00475
72	0.01922	0.01416	0.01518	0.01163	0.01568	0.01568	0.00961	0.77388	0.02378	0.03187	0.01214	0.01214	0.00860	0.00607	0.00506	0.00152	0.00556	0.00455	0.00506	0.00860
73	0.01106	0.01106	0.01549	0.01328	0.01328	0.01549	0.01106	0.01217	0.00774	0.01217	0.00664	0.01106	0.00664	0.00885	0.01659	0.00221	0.81303	0.00443	0.00221	0.00553
74	0.01352	0.82533	0.02650	0.00865	0.01298	0.02001	0.00865	0.01514	0.01027	0.01190	0.00703	0.00811	0.00649	0.00433	0.00324	0.00108	0.00541	0.00270	0.00216	0.00649
75	0.85801	0.00978	0.00743	0.00665	0.00978	0.01134	0.00548	0.01486	0.00861	0.02269	0.00704	0.00821	0.00548	0.00469	0.00313	0.00156	0.00391	0.00274	0.00313	0.00548
76	0.00745	0.00571	0.00800	0.00798	0.00883	0.02050	0.00609	0.00908	0.00817	0.01157	0.01366	0.02088	0.01305	0.10875	0.71721	0.00771	0.01268	0.00556	0.00274	0.00441
77	0.00735	0.00494	0.00568	0.00568	0.00574	0.00499	0.00327	0.00746	0.00740	0.00993	0.01578	0.03225	0.01802	0.77226	0.07526	0.00511	0.00545	0.00723	0.00304	0.00316
78	0.02574	0.03232	0.47228	0.01285	0.05698	0.01036	0.01401	0.01549	0.03526	0.03881	0.02259	0.02896	0.00843	0.00497	0.00459	0.00140	0.00606	0.00399	0.00269	0.20219
79	0.01107	0.04208	0.70254	0.01449	0.04414	0.02739	0.01765	0.01648	0.01095	0.05380	0.00955	0.01096	0.00676	0.00486	0.00479	0.00158	0.00726	0.00379	0.00236	0.00749
80	0.00815	0.00582	0.00815	0.00931	0.01048	0.00582	0.00815	0.01048	0.01164	0.01513	0.02677	0.05704	0.02910	0.01397	0.00698	0.00233	0.00466	0.75671	0.00466	0.00466
81	0.01740	0.24669	0.01771	0.01181	0.01490	0.58474	0.00946	0.01879	0.01320	0.01224	0.00760	0.00884	0.00651	0.00497	0.00419	0.00124	0.00809	0.00310	0.00248	0.00604
82	0.01333	0.01257	0.07946	0.06491	0.55942	0.01152	0.01434	0.05472	0.01236	0.08981	0.03179	0.01353	0.00935	0.00496	0.00503	0.00153	0.00588	0.00463	0.00303	0.00785
83	0.00603	0.00511	0.00521	0.00522	0.00687	0.00429	0.00390	0.00735	0.01161	0.01394	0.08366	0.06325	0.74084	0.01276	0.00599	0.00171	0.00256	0.01068	0.00473	0.00429
84	0.00703	0.00516	0.00658	0.00623	0.00747	0.00472	0.00467	0.00929	0.01401	0.01955	0.70691	0.03897	0.12933	0.01061	0.00597	0.00160	0.00240	0.00931	0.00547	0.00472
85	0.02792	0.11941	0.44044	0.03492	0.07444	0.01299	0.18852	0.01582	0.01092	0.01565	0.00908	0.01118	0.00680	0.00461	0.00486	0.00156	0.00727	0.00417	0.00228	0.00716
86	0.46525	0.03568	0.01126	0.03105	0.02681	0.07639	0.00755	0.22295	0.03076	0.03708	0.00912	0.00997	0.00687	0.00518	0.00394	0.00152	0.00495	0.00346	0.00365	0.00655
87	0.00600	0.00512	0.00515	0.00515	0.00684	0.00428	0.00386	0.00730	0.01158	0.01379	0.06534	0.04846	0.77450	0.01276	0.00598	0.00171	0.00256	0.01064	0.00471	0.00428
88	0.01188	0.05530	0.03344	0.29054	0.41581	0.01217	0.01412	0.02920	0.04190	0.03325	0.00992	0.01292	0.00788	0.00485	0.00493	0.00155	0.00612	0.00445	0.00263	0.00713
89	0.00735	0.00490	0.00552	0.00552	0.00552	0.00490	0.00306	0.00735	0.00735	0.00980	0.01593	0.03309	0.01838	0.82229	0.02574	0.00490	0.00490	0.00735	0.00306	0.00306
90	0.00943	0.00471	0.00471	0.00471	0.00589	0.00471	0.00353	0.01178	0.01060	0.01885	0.01650	0.01885	0.01296	0.00589	0.00353	0.00118	0.00236	0.00471	0.85036	0.00471
91	0.01183	0.01344	0.02921	0.05500	0.02679	0.01272	0.73999	0.01606	0.01186	0.01606	0.01018	0.01363	0.00763	0.00430	0.00593	0.00170	0.00845	0.00590	0.00254	0.00677
92	0.00760	0.00526	0.00691	0.00651	0.00776	0.00485	0.00491	0.00995	0.01418	0.04236	0.73666	0.05315	0.04607	0.01040	0.00597	0.00161	0.00249	0.02294	0.00555	0.00487
93	0.01252	0.01201	0.02053	0.03104	0.79074	0.01201	0.01552	0.01552	0.01151	0.01652	0.00951	0.01252	0.00801	0.00451	0.00501	0.00150	0.00601	0.00451	0.00250	0.00801
94	0.01186	0.01341	0.02889	0.02064	0.02572	0.01249	0.73502	0.01603	0.01186	0.01621	0.01017	0.01349	0.00766	0.00424	0.00586	0.00166	0.00829	0.00582	0.00258	0.04808
95	0.00602	0.00512	0.00519	0.00517	0.00686	0.00429	0.00388	0.00735	0.01164	0.01392	0.08031	0.04823	0.75944	0.01271	0.00598	0.00170	0.00255	0.01061	0.00473	0.00429
96	0.00733	0.00500	0.00601	0.00601	0.00618	0.00517	0.00368	0.00767	0.00750	0.01017	0.01548	0.03057	0.01729	0.67292	0.17361	0.00552	0.00655	0.00698	0.00300	0.00334
97	0.02216	0.00945	0.01225	0.00940	0.01333	0.00868	0.00776	0.13784	0.01588	0.67907	0.01877	0.01645	0.01193	0.00623	0.00508	0.00156	0.00449	0.00500	0.00608	0.00860
98	0.01044	0.00890	0.01032	0.00745	0.01180	0.00679	0.00596	0.02725	0.01079	0.01664	0.01111	0.01238	0.04559	0.00423	0.00388	0.00081	0.00372	0.00340	0.00312	0.79542
99	0.00732	0.00529	0.00762	0.00762	0.00833	0.00600	0.00569	0.00864	0.00793	0.01128	0.01373	0.02188	0.01343	0.16821	0.63745	0.04529	0.01169	0.00570	0.00275	0.00417
100	0.01922	0.01416	0.01518	0.01163	0.01568	0.01568	0.00961	0.77388	0.02378	0.03187	0.01214	0.01214	0.00860	0.00607	0.00506	0.00152	0.00556	0.00455	0.00506	0.00860
101	0.01049	0.00899	0.01049	0.00749	0.01198	0.00674	0.00599	0.01273	0.01049	0.01648	0.00899	0.01049	0.00749	0.00374	0.00374	0.00075	0.00374	0.00300	0.00300	0.85320
102	0.01106	0.01106	0.01549	0.01328	0.01328	0.01549	0.01106	0.01217	0.00774	0.01217	0.00664	0.01106	0.00664	0.00885	0.01659	0.00221	0.81303	0.00443	0.00221	0.00553
103	0.00626	0.00475	0.00577	0.00633	0.00721	0.00426	0.00444	0.00750	0.01100	0.01431	0.15495	0.45150	0.27542	0.01401	0.00623	0.00187	0.00273	0.01238	0.00483	0.00426
104	0.00734	0.00497	0.00586	0.00586	0.00598	0.00509	0.00349	0.00757	0.00746	0.01006	0.01562	0.03135	0.01763	0.71883	0.12816	0.00533	0.00604	0.00710	0.00302	0.00326
105	0.01221	0.01041	0.01334	0.09240	0.01606	0.01000	0.06035	0.15349	0.07397	0.01920	0.02487	0.01250	0.00897	0.00489	0.00488	0.00120	0.03361	0.00402	0.00346	0.44016
106	0.03203	0.46630	0.04860	0.01084	0.04322	0.19196	0.00938	0.02987	0.08633	0.02634	0.00898	0.00985	0.00753	0.00486	0.00390	0.00125	0.00615	0.00329	0.00270	0.00664
107	0.09441	0.01249	0.01453	0.07005	0.01654	0.01365	0.04327	0.50131	0.03256	0.11548	0.01243	0.01280	0.00878	0.00646	0.02080	0.00168	0.00562	0.00454	0.00466	0.00793
108	0.00735	0.00490	0.00552	0.00552	0.00552	0.00490	0.00306	0.00735	0.00735	0.00980	0.01593	0.03309	0.01838	0.82229	0.02574	0.00490	0.00490	0.00735	0.00306	0.00306
109	0.01049	0.00899	0.01049	0.00749	0.01198	0.00674	0.00599	0.01273	0.01049	0.01648	0.00899	0.01049	0.00749	0.00374	0.00374	0.00075	0.00374	0.00300	0.00300	0.85320
110	0.85801	0.00978	0.00743	0.00665	0.00978	0.01134	0.00548	0.01486	0.00861	0.02269	0.00704	0.00821	0.00548	0.00469	0.00313	0.00156	0.00391	0.00274	0.00313	0.00548
111	0.00839	0.00594	0.00748	0.00697	0.00842	0.00573	0.00530	0.03734	0.06429	0.04543	0.61596	0.07376	0.05634	0.01024	0.00590	0.00164	0.00275	0.02749	0.00546	0.00519
112	0.05944	0.01334	0.01421	0.01113	0.01498	0.01478	0.00913	0.61773	0.11406	0.05972	0.01321	0.01296	0.00942	0.00611	0.00498	0.00155	0.00525	0.00463	0.00502	0.00838
113	0.01275	0.00958	0.01160	0.00983	0.06380	0.00842	0.00724	0.12015	0.04205	0.09312	0.02758	0.06284	0.01088	0.00536	0.00441	0.00112	0.00413	0.00445	0.00380	0.49691
114	0.35399	0.09290	0.01267	0.03681	0.08586	0.14501	0.00808	0.05924	0.05086	0.04910	0.00974	0.02933	0.00808	0.03340	0.00476	0.00160	0.00535	0.00382	0.00323	0.00620
115	0.01352	0.82533	0.02650	0.00865	0.01298	0.02001	0.00865	0.01514	0.01027	0.01190	0.00703	0.00811	0.00649	0.00433	0.00324	0.00108	0.00541	0.00270	0.00216	0.00649
116	0.00943	0.00471	0.00471	0.00471	0.00589	0.00471	0.00353	0.01178	0.01060	0.01885	0.01650	0.01885	0.01296	0.00589	0.00353	0.00118	0.00236	0.00471	0.85036	0.00471
117	0.01186	0.01222	0.04234	0.11257	0.48187	0.01220	0.15772	0.01509	0.01118	0.01575	0.00964	0.01334	0.00798	0.00494	0.00596	0.00162	0.05827	0.01567	0.00249	0.00730
118	0.12865	0.34475	0.14629	0.01105	0.03425	0.11871	0.02425	0.10971	0.01237	0.01675	0.00822	0.00938	0.00666	0.00479	0.00397	0.00134	0.00612	0.00328	0.00272	0.00674
119	0.01306	0.01201	0.01984	0.04897	0.71889	0.02723	0.01498	0.01599	0.01168	0.05426	0.00997	0.01270	0.00817	0.00462	0.00500	0.00151	0.00600	0.00451	0.00268	0.00794
120	0.10035	0.67473	0.08854	0.00892	0.01339	0.01843	0.00916	0.01519	0.01014	0.01335	0.00720	0.00834	0.00638	0.00440	0.00336	0.00117	0.00543	0.00279	0.00226	0.00647
121	0.01346	0.64954	0.06140	0.02956	0.08803	0.05968	0.00996	0.01543	0.01062	0.01258	0.00745	0.00883	0.00664	0.00443	0.00360	0.00117	0.00579	0.00299	0.00222	0.00663

[dist]
# distance from previous block
# <min> <max>
0	5

[block]
# block no. 3 follows, 49 sequences, length 41
# corresponding to MSA columns:
# 271-311
name=unknown_D
#
# <colnr> <probs for GDERKNQSTAVLIFYWHMCP>
#	G	D	E	R	K	N	Q	S	T	A	V	L	I	F	Y	W	H	M	C	P
0	0.02638	0.01122	0.01836	0.05866	0.62943	0.01144	0.01402	0.01566	0.06364	0.01674	0.02833	0.03273	0.01067	0.00544	0.00512	0.00157	0.00567	0.03446	0.00288	0.00758
1	0.09818	0.03747	0.01530	0.11545	0.06257	0.07027	0.03672	0.02956	0.04020	0.06033	0.00881	0.01171	0.00737	0.00684	0.01007	0.00185	0.37415	0.00427	0.00277	0.00612
2	0.00943	0.00471	0.00471	0.00471	0.00589	0.00471	0.00353	0.01178	0.01060	0.01885	0.01650	0.01885	0.01296	0.00589	0.00353	0.00118	0.00236	0.00471	0.85036	0.00471
3	0.01164	0.01491	0.25478	0.15626	0.12301	0.03218	0.03888	0.03774	0.04401	0.08516	0.07058	0.03135	0.05205	0.00615	0.00532	0.00162	0.01905	0.00523	0.00324	0.00684
4	0.85801	0.00978	0.00743	0.00665	0.00978	0.01134	0.00548	0.01486	0.00861	0.02269	0.00704	0.00821	0.00548	0.00469	0.00313	0.00156	0.00391	0.00274	0.00313	0.00548
5	0.01614	0.15018	0.03285	0.01165	0.01469	0.40896	0.00941	0.06010	0.19139	0.01542	0.01086	0.01146	0.00868	0.00560	0.00489	0.00141	0.03260	0.00385	0.00323	0.00663
6	0.01186	0.00935	0.01088	0.00795	0.01231	0.00756	0.00638	0.05874	0.04517	0.06667	0.01037	0.01137	0.00822	0.00418	0.00397	0.00089	0.00390	0.00334	0.00342	0.71349
7	0.01352	0.82533	0.02650	0.00865	0.01298	0.02001	0.00865	0.01514	0.01027	0.01190	0.00703	0.00811	0.00649	0.00433	0.00324	0.00108	0.00541	0.00270	0.00216	0.00649
8	0.01194	0.01364	0.02984	0.02131	0.02643	0.01279	0.77238	0.01620	0.01194	0.01620	0.01023	0.01364	0.00767	0.00426	0.00597	0.00171	0.00853	0.00597	0.00256	0.00682
9	0.00722	0.00542	0.00813	0.00813	0.00903	0.00632	0.00632	0.00903	0.00813	0.01174	0.01354	0.01987	0.01264	0.03792	0.80225	0.00813	0.01354	0.00542	0.00271	0.00451
10	0.80817	0.00955	0.00747	0.00681	0.00982	0.01102	0.00563	0.01461	0.00878	0.02224	0.00820	0.01108	0.00686	0.00524	0.00336	0.00161	0.00396	0.04695	0.00322	0.00543
11	0.01872	0.02340	0.01439	0.01298	0.01558	0.75226	0.00980	0.04964	0.01454	0.01314	0.00796	0.00928	0.00660	0.00533	0.00487	0.00133	0.02819	0.00334	0.00269	0.00596
12	0.01069	0.01049	0.01466	0.01267	0.01272	0.01453	0.01047	0.01180	0.00775	0.01205	0.00741	0.01245	0.00745	0.04255	0.06303	0.00267	0.73436	0.00460	0.00228	0.00537
13	0.00955	0.00899	0.01517	0.81013	0.03483	0.01123	0.01404	0.01292	0.01011	0.01292	0.00899	0.01348	0.00674	0.00506	0.00506	0.00169	0.00674	0.00449	0.00225	0.00562
14	0.01878	0.01336	0.01452	0.01126	0.01513	0.01465	0.00925	0.68174	0.03808	0.07806	0.01342	0.04475	0.00997	0.00649	0.00512	0.00155	0.00535	0.00500	0.00512	0.00841
15	0.01048	0.00887	0.01036	0.00751	0.01179	0.00682	0.00600	0.02965	0.01102	0.01706	0.05734	0.01221	0.01001	0.00421	0.00391	0.00082	0.00370	0.00341	0.00320	0.78163
16	0.01195	0.01159	0.01857	0.23496	0.53629	0.03882	0.01466	0.01541	0.03975	0.01560	0.00973	0.01289	0.00790	0.00476	0.00501	0.00155	0.00623	0.00450	0.00254	0.00731
17	0.00658	0.00562	0.00571	0.00560	0.00739	0.00500	0.00423	0.00901	0.07788	0.01449	0.06875	0.04580	0.70186	0.01223	0.00590	0.00170	0.00268	0.01020	0.00476	0.00460
18	0.00711	0.00517	0.00669	0.00631	0.00753	0.00475	0.00473	0.00945	0.01420	0.02001	0.75842	0.03821	0.07754	0.01044	0.00596	0.00160	0.00239	0.00921	0.00553	0.00475
19	0.01922	0.01416	0.01518	0.01163	0.01568	0.01568	0.00961	0.77388	0.02378	0.03187	0.01214	0.01214	0.00860	0.00607	0.00506	0.00152	0.00556	0.00455	0.00506	0.00860
20	0.00616	0.00440	0.00587	0.00704	0.00733	0.00411	0.00469	0.00704	0.00968	0.01291	0.02787	0.81899	0.03344	0.01584	0.00645	0.00205	0.00293	0.01438	0.00469	0.00411
21	0.01252	0.01201	0.02053	0.03104	0.79074	0.01201	0.01552	0.01552	0.01151	0.01652	0.00951	0.01252	0.00801	0.00451	0.00501	0.00150	0.00601	0.00451	0.00250	0.00801
22	0.01106	0.01106	0.01549	0.01328	0.01328	0.01549	0.01106	0.01217	0.00774	0.01217	0.00664	0.01106	0.00664	0.00885	0.01659	0.00221	0.81303	0.00443	0.00221	0.00553
23	0.01106	0.01106	0.01549	0.01328	0.01328	0.01549	0.01106	0.01217	0.00774	0.01217	0.00664	0.01106	0.00664	0.00885	0.01659	0.00221	0.81303	0.00443	0.00221	0.00553
24	0.00878	0.00439	0.00659	0.00659	0.00659	0.00439	0.00439	0.00659	0.00659	0.00878	0.00878	0.01537	0.00878	0.01757	0.01976	0.85288	0.00439	0.00439	0.00220	0.00220
25	0.00878	0.00439	0.00659	0.00659	0.00659	0.00439	0.00439	0.00659	0.00659	0.00878	0.00878	0.01537	0.00878	0.01757	0.01976	0.85288	0.00439	0.00439	0.00220	0.00220
26	0.00878	0.00439	0.00659	0.00659	0.00659	0.00439	0.00439	0.00659	0.00659	0.00878	0.00878	0.01537	0.00878	0.01757	0.01976	0.85288	0.00439	0.00439	0.00220	0.00220
27	0.00803	0.00574	0.00801	0.00918	0.01029	0.00572	0.00795	0.01028	0.01153	0.01500	0.02684	0.10172	0.02936	0.01408	0.00695	0.00231	0.00456	0.71318	0.00466	0.00462
28	0.00815	0.00582	0.00815	0.00931	0.01048	0.00582	0.00815	0.01048	0.01164	0.01513	0.02677	0.05704	0.02910	0.01397	0.00698	0.00233	0.00466	0.75671	0.00466	0.00466
29	0.01889	0.02410	0.01433	0.01303	0.01563	0.80199	0.00977	0.02019	0.01433	0.01238	0.00782	0.00912	0.00651	0.00521	0.00456	0.00130	0.00912	0.00326	0.00261	0.00586
30	0.01235	0.01060	0.01126	0.01024	0.01301	0.01222	0.00801	0.02601	0.74136	0.02084	0.02091	0.02086	0.01615	0.00723	0.00524	0.00175	0.00404	0.04497	0.00512	0.00783
31	0.00705	0.00514	0.00662	0.00630	0.00750	0.00472	0.00470	0.00931	0.01399	0.01960	0.71479	0.06138	0.09864	0.01067	0.00598	0.00161	0.00241	0.00940	0.00548	0.00472
32	0.00878	0.00439	0.00659	0.00659	0.00659	0.00439	0.00439	0.00659	0.00659	0.00878	0.00878	0.01537	0.00878	0.01757	0.01976	0.85288	0.00439	0.00439	0.00220	0.00220
33	0.01366	0.80384	0.02617	0.00877	0.01305	0.04099	0.00868	0.01528	0.01038	0.01191	0.00705	0.00814	0.00649	0.00435	0.00328	0.00109	0.00551	0.00272	0.00217	0.00647
34	0.85801	0.00978	0.00743	0.00665	0.00978	0.01134	0.00548	0.01486	0.00861	0.02269	0.00704	0.00821	0.00548	0.00469	0.00313	0.00156	0.00391	0.00274	0.00313	0.00548
35	0.00630	0.00450	0.00603	0.00720	0.00756	0.00423	0.00494	0.00728	0.00982	0.01307	0.02779	0.76493	0.03314	0.01571	0.00649	0.00207	0.00306	0.06705	0.00469	0.00415
36	0.06452	0.04583	0.36953	0.06483	0.19407	0.01181	0.06044	0.01628	0.03945	0.04776	0.00990	0.01175	0.00742	0.00480	0.00477	0.00155	0.00650	0.00410	0.00262	0.03209
37	0.01014	0.02616	0.79609	0.01441	0.02189	0.01174	0.01868	0.01601	0.01068	0.01601	0.00907	0.01068	0.00641	0.00480	0.00480	0.00160	0.00747	0.00374	0.00214	0.00747
38	0.01279	0.01097	0.01155	0.01033	0.01323	0.01268	0.00805	0.05055	0.75758	0.02149	0.02031	0.01865	0.01522	0.00684	0.00514	0.00171	0.00405	0.00568	0.00514	0.00802
39	0.01070	0.01000	0.01671	0.48524	0.24058	0.01132	0.04315	0.04346	0.01119	0.01488	0.01099	0.01557	0.02767	0.00542	0.00517	0.00165	0.00638	0.03094	0.00259	0.00637
40	0.30982	0.22698	0.02896	0.05763	0.01377	0.07794	0.03077	0.01488	0.00996	0.02927	0.02754	0.01145	0.00799	0.00561	0.00541	0.00153	0.10639	0.02545	0.00279	0.00588

[dist]
# distance from previous block
# <min> <max>
0	2

[block]
# block no. 4 follows, 49 sequences, length 131
# corresponding to MSA columns:
# 314-444
name=unknown_E
#
# <colnr> <probs for GDERKNQSTAVLIFYWHMCP>
#	G	D	E	R	K	N	Q	S	T	A	V	L	I	F	Y	W	H	M	C	P
0	0.00987	0.00912	0.01254	0.02796	0.01162	0.01215	0.00892	0.01084	0.00784	0.01170	0.00980	0.01800	0.01033	0.19745	0.06498	0.00317	0.53982	0.02649	0.00251	0.00488
1	0.03243	0.20100	0.07306	0.01095	0.01503	0.07461	0.00975	0.41505	0.04608	0.03606	0.01119	0.03265	0.00872	0.00578	0.00459	0.00143	0.00575	0.00425	0.00398	0.00763
2	0.83034	0.00975	0.00768	0.03285	0.01060	0.01134	0.00576	0.01480	0.00865	0.02237	0.00710	0.00839	0.00552	0.00471	0.00319	0.00157	0.00400	0.00280	0.00310	0.00548
3	0.01175	0.05057	0.01571	0.01290	0.01335	0.08353	0.01071	0.01292	0.00844	0.01216	0.00694	0.01099	0.00678	0.00910	0.03587	0.00224	0.68392	0.00427	0.00226	0.00558
4	0.00700	0.00531	0.00567	0.00552	0.00725	0.00452	0.00418	0.00841	0.01183	0.05402	0.11138	0.04600	0.65452	0.02829	0.00634	0.00177	0.00273	0.02591	0.00482	0.00452
5	0.00626	0.00447	0.00598	0.00716	0.00749	0.00419	0.00487	0.00722	0.00978	0.01302	0.02781	0.78010	0.03322	0.01575	0.00648	0.00207	0.00302	0.05227	0.00469	0.00414
6	0.00735	0.00490	0.00552	0.00552	0.00552	0.00490	0.00306	0.00735	0.00735	0.00980	0.01593	0.03309	0.01838	0.82229	0.02574	0.00490	0.00490	0.00735	0.00306	0.00306
7	0.00598	0.00512	0.00512	0.00512	0.00683	0.00427	0.00384	0.00726	0.01153	0.01366	0.05123	0.04866	0.78869	0.01281	0.00598	0.00171	0.00256	0.01067	0.00470	0.00427
8	0.01014	0.02616	0.79609	0.01441	0.02189	0.01174	0.01868	0.01601	0.01068	0.01601	0.00907	0.01068	0.00641	0.00480	0.00480	0.00160	0.00747	0.00374	0.00214	0.00747
9	0.01014	0.02616	0.79609	0.01441	0.02189	0.01174	0.01868	0.01601	0.01068	0.01601	0.00907	0.01068	0.00641	0.00480	0.00480	0.00160	0.00747	0.00374	0.00214	0.00747
10	0.01352	0.82533	0.02650	0.00865	0.01298	0.02001	0.00865	0.01514	0.01027	0.01190	0.00703	0.00811	0.00649	0.00433	0.00324	0.00108	0.00541	0.00270	0.00216	0.00649
11	0.01106	0.01106	0.01549	0.01328	0.01328	0.01549	0.01106	0.01217	0.00774	0.01217	0.00664	0.01106	0.00664	0.00885	0.01659	0.00221	0.81303	0.00443	0.00221	0.00553
12	0.00731	0.00504	0.00618	0.00616	0.00643	0.00522	0.00391	0.00786	0.00791	0.01081	0.05704	0.03030	0.01864	0.59798	0.20337	0.00547	0.00676	0.00700	0.00312	0.00349
13	0.00601	0.00500	0.00525	0.00545	0.00692	0.00424	0.00399	0.00722	0.01121	0.01353	0.04721	0.18115	0.65880	0.01333	0.00606	0.00177	0.00263	0.01131	0.00470	0.00424
14	0.00707	0.00497	0.00644	0.00667	0.00702	0.00521	0.00445	0.00784	0.00807	0.01105	0.01754	0.18542	0.01952	0.40637	0.27453	0.00538	0.00732	0.00812	0.00327	0.00374
15	0.01049	0.00899	0.01049	0.00749	0.01198	0.00674	0.00599	0.01273	0.01049	0.01648	0.00899	0.01049	0.00749	0.00374	0.00374	0.00075	0.00374	0.00300	0.00300	0.85320
16	0.01860	0.06733	0.01499	0.01279	0.01549	0.75980	0.00971	0.01992	0.01411	0.01235	0.00777	0.00906	0.00651	0.00516	0.00449	0.00129	0.00892	0.00323	0.00258	0.00590
17	0.02269	0.00861	0.01174	0.00900	0.01291	0.00743	0.00743	0.02464	0.01447	0.79425	0.01995	0.01721	0.01252	0.00626	0.00509	0.00156	0.00430	0.00509	0.00626	0.00861
18	0.00722	0.00542	0.00813	0.00813	0.00903	0.00632	0.00632	0.00903	0.00813	0.01174	0.01354	0.01987	0.01264	0.03792	0.80225	0.00813	0.01354	0.00542	0.00271	0.00451
19	0.00960	0.00887	0.01495	0.74790	0.03307	0.01092	0.03153	0.01294	0.01018	0.01332	0.00942	0.01378	0.00710	0.00508	0.00500	0.00166	0.00655	0.00454	0.04801	0.00560
20	0.01901	0.03683	0.01442	0.01270	0.01544	0.72857	0.00962	0.03674	0.01447	0.05497	0.00855	0.00960	0.00688	0.00527	0.00458	0.00132	0.00872	0.00337	0.00285	0.00608
21	0.00823	0.00531	0.00650	0.00677	0.00811	0.00473	0.00503	0.00952	0.01113	0.10511	0.03564	0.35996	0.31539	0.01339	0.00617	0.00189	0.00312	0.08439	0.00487	0.00475
22	0.01193	0.01348	0.02893	0.02151	0.06242	0.01284	0.71149	0.01603	0.01178	0.01608	0.01008	0.01350	0.00765	0.00442	0.00627	0.00171	0.03464	0.00585	0.00254	0.00683
23	0.00744	0.00575	0.00696	0.00762	0.02155	0.00561	0.00544	0.02999	0.08572	0.01471	0.04344	0.41993	0.20656	0.03246	0.00665	0.00200	0.00328	0.08546	0.00468	0.00475
24	0.00616	0.00440	0.00587	0.00704	0.00733	0.00411	0.00469	0.00704	0.00968	0.01291	0.02787	0.81899	0.03344	0.01584	0.00645	0.00205	0.00293	0.01438	0.00469	0.00411
25	0.01268	0.00826	0.00954	0.00835	0.01091	0.00847	0.00654	0.03295	0.30865	0.18977	0.19378	0.02726	0.14447	0.00842	0.00544	0.00165	0.00351	0.00710	0.00541	0.00684
26	0.03285	0.12988	0.21005	0.09184	0.12855	0.03114	0.03000	0.09029	0.04814	0.12628	0.02677	0.01280	0.00900	0.00525	0.00472	0.00151	0.00599	0.00426	0.00331	0.00737
27	0.00630	0.00450	0.00602	0.00716	0.00753	0.00423	0.00490	0.00731	0.00992	0.01323	0.04720	0.75412	0.03355	0.01559	0.00647	0.00206	0.00302	0.05802	0.00471	0.00416
28	0.01252	0.01201	0.02053	0.03104	0.79074	0.01201	0.01552	0.01552	0.01151	0.01652	0.00951	0.01252	0.00801	0.00451	0.00501	0.00150	0.00601	0.00451	0.00250	0.00801
29	0.01357	0.01064	0.01270	0.02976	0.01419	0.03481	0.04624	0.15530	0.01351	0.09186	0.01062	0.01161	0.00812	0.00452	0.00429	0.00106	0.00463	0.00368	0.00363	0.52523
30	0.01285	0.01270	0.07787	0.04862	0.36204	0.03701	0.06580	0.06719	0.08071	0.05979	0.03207	0.04778	0.01119	0.00596	0.00566	0.00162	0.03842	0.02204	0.00329	0.00739
31	0.01252	0.01201	0.02053	0.03104	0.79074	0.01201	0.01552	0.01552	0.01151	0.01652	0.00951	0.01252	0.00801	0.00451	0.00501	0.00150	0.00601	0.00451	0.00250	0.00801
32	0.00943	0.00471	0.00471	0.00471	0.00589	0.00471	0.00353	0.01178	0.01060	0.01885	0.01650	0.01885	0.01296	0.00589	0.00353	0.00118	0.00236	0.00471	0.85036	0.00471
33	0.01135	0.00938	0.01093	0.00792	0.01229	0.00754	0.00637	0.06639	0.01145	0.03308	0.00939	0.01075	0.00765	0.00405	0.00410	0.00085	0.01870	0.00317	0.00319	0.76145
34	0.03931	0.44562	0.13390	0.01115	0.01536	0.06264	0.07586	0.03535	0.01073	0.01377	0.00809	0.00994	0.00693	0.00654	0.04558	0.00169	0.06524	0.00348	0.00236	0.00648
35	0.00943	0.00471	0.00471	0.00471	0.00589	0.00471	0.00353	0.01178	0.01060	0.01885	0.01650	0.01885	0.01296	0.00589	0.00353	0.00118	0.00236	0.00471	0.85036	0.00471
36	0.00712	0.00529	0.00755	0.00761	0.00842	0.00593	0.00573	0.00864	0.00829	0.01168	0.01652	0.06597	0.05404	0.12600	0.62903	0.00710	0.01141	0.00639	0.00296	0.00431
37	0.02259	0.00876	0.01183	0.00907	0.01299	0.00767	0.00749	0.04589	0.01474	0.77263	0.01973	0.01707	0.01241	0.00625	0.00508	0.00156	0.00434	0.00507	0.00622	0.00861
38	0.01690	0.00744	0.00987	0.00802	0.01098	0.00658	0.00645	0.01922	0.03224	0.50266	0.24301	0.02521	0.07317	0.00787	0.00540	0.00158	0.00363	0.00663	0.00593	0.00721
39	0.01889	0.02410	0.01433	0.01303	0.01563	0.80199	0.00977	0.02019	0.01433	0.01238	0.00782	0.00912	0.00651	0.00521	0.00456	0.00130	0.00912	0.00326	0.00261	0.00586
40	0.00700	0.00462	0.00617	0.00714	0.00762	0.00428	0.00483	0.00794	0.00993	0.05279	0.02747	0.77806	0.03238	0.01535	0.00638	0.00203	0.00300	0.01390	0.00477	0.00434
41	0.02252	0.00888	0.01190	0.00913	0.01305	0.00784	0.00754	0.06165	0.01493	0.75659	0.01956	0.01696	0.01232	0.00625	0.00508	0.00156	0.00437	0.00506	0.00620	0.00861
42	0.01049	0.00899	0.01049	0.00749	0.01198	0.00674	0.00599	0.01273	0.01049	0.01648	0.00899	0.01049	0.00749	0.00374	0.00374	0.00075	0.00374	0.00300	0.00300	0.85320
43	0.01597	0.01112	0.01220	0.00978	0.01289	0.01204	0.00794	0.51377	0.01970	0.05240	0.09497	0.03096	0.01433	0.00715	0.00540	0.02421	0.00465	0.02211	0.12108	0.00733
44	0.01344	0.68902	0.11352	0.00956	0.01414	0.06321	0.00986	0.01553	0.01055	0.01239	0.00731	0.00846	0.00648	0.00443	0.00350	0.00115	0.00585	0.00285	0.00218	0.00657
45	0.00716	0.00517	0.00676	0.00636	0.00755	0.00477	0.00477	0.00954	0.01431	0.02028	0.78808	0.03777	0.04771	0.01034	0.00596	0.00159	0.00239	0.00914	0.00557	0.00477
46	0.01426	0.01561	0.01713	0.08400	0.40849	0.28145	0.01277	0.01712	0.04508	0.01490	0.00996	0.03800	0.00855	0.00526	0.00491	0.00148	0.00694	0.00445	0.00270	0.00696
47	0.01889	0.01279	0.01410	0.01096	0.01475	0.01383	0.00897	0.61280	0.03433	0.13787	0.01405	0.04440	0.01040	0.02095	0.00548	0.00161	0.00525	0.00507	0.00518	0.00832
48	0.01022	0.00967	0.01631	0.59375	0.22662	0.01128	0.01419	0.01345	0.01050	0.01385	0.01007	0.01402	0.02460	0.00509	0.00506	0.00164	0.00646	0.00464	0.00237	0.00620
