[name]
unknown

[dist]
# distance from previous block
# <min> <max>
0	32

[block]
# block no. 0 follows, 41 sequences, length 59
# corresponding to MSA columns:
# 50-98,100-109
name=unknown_A
#
# <colnr> <probs for GDERKNQSTAVLIFYWHMCP>
#	G	D	E	R	K	N	Q	S	T	A	V	L	I	F	Y	W	H	M	C	P
0	0.11141	0.34682	0.15964	0.01088	0.01566	0.01592	0.01112	0.01825	0.06016	0.07637	0.03613	0.01798	0.01242	0.00672	0.00481	0.00165	0.00596	0.07711	0.00356	0.00744
1	0.08435	0.10267	0.03638	0.08892	0.03307	0.01317	0.19780	0.08762	0.01405	0.10947	0.03715	0.08765	0.01304	0.00695	0.00592	0.00178	0.02163	0.00630	0.00398	0.04811
2	0.54040	0.01089	0.01039	0.11357	0.01544	0.03541	0.00798	0.01754	0.01122	0.11336	0.02416	0.03649	0.00990	0.00638	0.00444	0.00182	0.00506	0.02502	0.00396	0.00657
3	0.32549	0.01105	0.01401	0.36788	0.04092	0.01345	0.01171	0.04581	0.01121	0.01970	0.00924	0.01264	0.00719	0.00601	0.00615	0.00190	0.08178	0.00433	0.00305	0.00648
4	0.03697	0.01522	0.04200	0.02154	0.05632	0.04088	0.50492	0.01750	0.01260	0.01765	0.01059	0.01435	0.00835	0.00573	0.00842	0.00195	0.13769	0.00601	0.00286	0.03845
5	0.00957	0.00598	0.00792	0.00774	0.00909	0.00548	0.00568	0.01169	0.01459	0.09735	0.45934	0.27229	0.04488	0.01314	0.00681	0.00196	0.00311	0.01169	0.00607	0.00561
6	0.00832	0.00555	0.00624	0.00624	0.00624	0.00555	0.00347	0.00832	0.00832	0.01109	0.01802	0.03743	0.02080	0.79898	0.02911	0.00555	0.00555	0.00832	0.00347	0.00347
7	0.01950	0.01410	0.01587	0.01268	0.01683	0.01546	0.03115	0.42887	0.23580	0.10712	0.01766	0.01751	0.01282	0.00725	0.00582	0.00181	0.00571	0.01884	0.00580	0.00939
8	0.00810	0.00585	0.00765	0.00720	0.00855	0.00540	0.00540	0.01079	0.01619	0.02294	0.76028	0.04273	0.05397	0.01169	0.00675	0.00180	0.00270	0.01034	0.00630	0.00540
9	0.01505	0.75238	0.07785	0.01021	0.01533	0.02203	0.01052	0.01719	0.01165	0.01376	0.00810	0.00936	0.00733	0.00493	0.00378	0.00126	0.00627	0.00313	0.00244	0.00741
10	0.00870	0.00680	0.00848	0.00810	0.01011	0.00571	0.00582	0.01032	0.01153	0.01641	0.06173	0.48799	0.02860	0.01291	0.00622	0.00179	0.00360	0.01154	0.00470	0.28893
11	0.00706	0.00501	0.00661	0.00785	0.00816	0.00470	0.00519	0.00799	0.01078	0.01437	0.03065	0.74618	0.03673	0.06850	0.00871	0.00253	0.00346	0.01575	0.00519	0.00457
12	0.01160	0.02867	0.72171	0.01681	0.02509	0.01336	0.06784	0.01813	0.01217	0.01813	0.01035	0.01229	0.00734	0.00539	0.00552	0.00182	0.00853	0.00439	0.00245	0.00841
13	0.01086	0.01005	0.01722	0.70318	0.03693	0.01228	0.04544	0.01430	0.01127	0.01447	0.01021	0.01540	0.00782	0.00660	0.00684	0.05576	0.00754	0.00515	0.00255	0.00616
14	0.01090	0.06131	0.01550	0.01240	0.01425	0.06138	0.10751	0.01307	0.01029	0.01401	0.01280	0.01888	0.01183	0.05702	0.42447	0.00600	0.13386	0.00576	0.00292	0.00582
15	0.07356	0.00981	0.01299	0.01002	0.01439	0.00867	0.00828	0.02722	0.01598	0.72361	0.02171	0.01887	0.01369	0.00698	0.00562	0.00177	0.00484	0.00560	0.00687	0.00953
16	0.02243	0.01046	0.01318	0.01059	0.01468	0.01005	0.00859	0.02859	0.22455	0.55718	0.02277	0.02000	0.01509	0.00727	0.00577	0.00182	0.00477	0.00595	0.00672	0.00954
17	0.01344	0.01286	0.02193	0.19449	0.60949	0.01340	0.01720	0.01693	0.01269	0.01782	0.01063	0.01439	0.00876	0.00523	0.00567	0.00174	0.00697	0.00509	0.00277	0.00849
18	0.74800	0.01287	0.00928	0.00833	0.01180	0.09809	0.00674	0.01749	0.01046	0.02436	0.00806	0.00941	0.00633	0.00537	0.00372	0.00174	0.00508	0.00316	0.00347	0.00624
19	0.01162	0.01118	0.01707	0.39888	0.02699	0.01485	0.01401	0.01418	0.01017	0.01436	0.00908	0.01407	0.00773	0.00780	0.01193	0.00218	0.38160	0.00505	0.02097	0.00628
20	0.83938	0.01106	0.00841	0.00752	0.01106	0.01283	0.00619	0.01681	0.00973	0.02566	0.00796	0.00929	0.00619	0.00531	0.00354	0.00177	0.00442	0.00310	0.00354	0.00619
21	0.01110	0.00651	0.00869	0.00814	0.00992	0.00598	0.00633	0.01357	0.01543	0.14784	0.49074	0.10611	0.04347	0.01191	0.00675	0.00193	0.00341	0.08989	0.00623	0.00605
22	0.00709	0.00581	0.00625	0.00614	0.00793	0.00497	0.00461	0.00885	0.01382	0.01730	0.23155	0.05200	0.58622	0.01380	0.00676	0.00190	0.00285	0.01164	0.00556	0.00497
23	0.01451	0.01243	0.01309	0.01170	0.01498	0.01436	0.00912	0.05717	0.72573	0.02438	0.02292	0.02106	0.01717	0.00773	0.00582	0.00193	0.00459	0.00642	0.00582	0.00908
24	0.01408	0.00863	0.00898	0.00774	0.01008	0.00916	0.00612	0.23863	0.01659	0.02586	0.01714	0.01898	0.01314	0.00673	0.00453	0.00145	0.00378	0.00528	0.57642	0.00669
25	0.00922	0.00658	0.00922	0.01053	0.01185	0.00658	0.00922	0.01185	0.01317	0.01712	0.03029	0.06452	0.03292	0.01580	0.00790	0.00263	0.00527	0.72480	0.00527	0.00527
26	0.05350	0.01016	0.01334	0.01026	0.01467	0.00912	0.00848	0.07038	0.01677	0.69791	0.02153	0.01877	0.01362	0.00701	0.00567	0.00177	0.00494	0.00562	0.00688	0.00961
27	0.02411	0.01035	0.01343	0.01050	0.01479	0.00957	0.00861	0.06445	0.10386	0.64249	0.02220	0.01940	0.01432	0.00715	0.00576	0.00179	0.00490	0.00581	0.00686	0.00965
28	0.83938	0.01106	0.00841	0.00752	0.01106	0.01283	0.00619	0.01681	0.00973	0.02566	0.00796	0.00929	0.00619	0.00531	0.00354	0.00177	0.00442	0.00310	0.00354	0.00619
29	0.02144	0.02519	0.01639	0.01445	0.01769	0.63642	0.01102	0.15565	0.01818	0.01806	0.00974	0.01094	0.00780	0.00607	0.00526	0.00152	0.00957	0.00395	0.00346	0.00720
30	0.01529	0.80242	0.02997	0.00979	0.01468	0.02263	0.00979	0.01713	0.01162	0.01346	0.00795	0.00918	0.00734	0.00489	0.00367	0.00122	0.00612	0.00306	0.00245	0.00734
31	0.00810	0.00585	0.00765	0.00720	0.00855	0.00540	0.00540	0.01079	0.01619	0.02294	0.76028	0.04273	0.05397	0.01169	0.00675	0.00180	0.00270	0.01034	0.00630	0.00540
32	0.00760	0.00649	0.00662	0.00647	0.00852	0.00585	0.00488	0.01066	0.09187	0.01662	0.07968	0.05102	0.65628	0.01367	0.00666	0.00193	0.00306	0.01141	0.00540	0.00530
33	0.00795	0.00576	0.00755	0.00755	0.00874	0.00535	0.00565	0.01032	0.01497	0.02084	0.55841	0.17302	0.06961	0.01316	0.00693	0.00196	0.00301	0.06795	0.00602	0.00524
34	0.00710	0.00511	0.00660	0.00764	0.00820	0.00471	0.00518	0.00806	0.01123	0.01477	0.05658	0.64588	0.12864	0.01737	0.00784	0.03687	0.00331	0.01508	0.00522	0.00460
35	0.83938	0.01106	0.00841	0.00752	0.01106	0.01283	0.00619	0.01681	0.00973	0.02566	0.00796	0.00929	0.00619	0.00531	0.00354	0.00177	0.00442	0.00310	0.00354	0.00619
36	0.01423	0.01229	0.01293	0.01164	0.01487	0.01423	0.00905	0.03039	0.75297	0.02393	0.02328	0.02134	0.01746	0.00776	0.00582	0.00194	0.00453	0.00647	0.00582	0.00905
37	0.02173	0.01649	0.01713	0.01323	0.01774	0.04941	0.01088	0.71410	0.02645	0.03513	0.01353	0.01359	0.00963	0.00683	0.00570	0.00171	0.00646	0.00509	0.00561	0.00960
38	0.01337	0.01275	0.02150	0.21009	0.57190	0.01340	0.01692	0.01724	0.03427	0.01789	0.01099	0.01462	0.00897	0.00532	0.00568	0.00175	0.00692	0.00513	0.00285	0.00843
39	0.83938	0.01106	0.00841	0.00752	0.01106	0.01283	0.00619	0.01681	0.00973	0.02566	0.00796	0.00929	0.00619	0.00531	0.00354	0.00177	0.00442	0.00310	0.00354	0.00619
40	0.00994	0.00497	0.00745	0.00745	0.00745	0.00497	0.00497	0.00745	0.00745	0.00994	0.00994	0.01739	0.00994	0.01987	0.02235	0.83358	0.00497	0.00497	0.00248	0.00248
41	0.00741	0.00554	0.00689	0.00715	0.00828	0.00501	0.00513	0.00925	0.01369	0.01841	0.35427	0.30422	0.20487	0.01445	0.00694	0.00201	0.00296	0.01276	0.00574	0.00501
42	0.00729	0.00605	0.00640	0.00627	0.00814	0.00529	0.00472	0.00952	0.04137	0.01715	0.18595	0.05151	0.60293	0.01372	0.00672	0.00191	0.00292	0.01154	0.00551	0.00509
43	0.01080	0.01017	0.01716	0.78523	0.03940	0.01271	0.01589	0.01461	0.01144	0.01461	0.01017	0.01525	0.00762	0.00572	0.00572	0.00191	0.00762	0.00508	0.00254	0.00635
44	0.01252	0.01265	0.01633	0.01425	0.01454	0.06529	0.01170	0.01384	0.00936	0.01377	0.00910	0.04024	0.00914	0.01288	0.08353	0.00301	0.64364	0.00541	0.00268	0.00613
45	0.01529	0.80242	0.02997	0.00979	0.01468	0.02263	0.00979	0.01713	0.01162	0.01346	0.00795	0.00918	0.00734	0.00489	0.00367	0.00122	0.00612	0.00306	0.00245	0.00734
46	0.00831	0.00558	0.00642	0.00642	0.00648	0.00564	0.00369	0.00843	0.00837	0.01122	0.01786	0.03653	0.02041	0.75363	0.07393	0.00576	0.00613	0.00819	0.00344	0.00356
47	0.64165	0.01152	0.00990	0.02542	0.01264	0.01324	0.00713	0.10756	0.05653	0.02623	0.01046	0.03781	0.00843	0.00609	0.00412	0.00180	0.00469	0.00405	0.00399	0.00675
48	0.04878	0.00598	0.00738	0.00728	0.00837	0.00572	0.00515	0.01056	0.01339	0.04068	0.42025	0.18979	0.04117	0.15743	0.01079	0.00259	0.00349	0.01067	0.00547	0.00506
49	0.66278	0.01443	0.14864	0.00922	0.01369	0.01278	0.00901	0.01738	0.01036	0.04632	0.00882	0.01011	0.00662	0.00539	0.00395	0.00178	0.00518	0.00338	0.00344	0.00672
50	0.05800	0.64254	0.02650	0.01002	0.01456	0.04941	0.00958	0.06074	0.01261	0.01554	0.01005	0.01115	0.03342	0.00550	0.00424	0.00134	0.02113	0.00356	0.00282	0.00729
51	0.02247	0.01486	0.01645	0.01261	0.01716	0.01602	0.01042	0.61235	0.02496	0.17067	0.01536	0.01479	0.01054	0.00691	0.00573	0.00173	0.00603	0.00526	0.00597	0.00973
52	0.01161	0.01040	0.01375	0.01194	0.01366	0.05780	0.07037	0.08916	0.01237	0.01690	0.06328	0.04135	0.04301	0.04950	0.31234	0.00497	0.16140	0.00654	0.00358	0.00607
53	0.04913	0.67326	0.12111	0.01050	0.01578	0.02106	0.01105	0.01724	0.01160	0.01455	0.00824	0.00954	0.00728	0.00498	0.00388	0.00132	0.00634	0.00321	0.00249	0.00743
54	0.00740	0.00581	0.00651	0.00685	0.00811	0.00531	0.00481	0.00927	0.04653	0.01537	0.06898	0.28562	0.38994	0.10163	0.00935	0.00245	0.00339	0.01266	0.00517	0.00484
55	0.01529	0.80242	0.02997	0.00979	0.01468	0.02263	0.00979	0.01713	0.01162	0.01346	0.00795	0.00918	0.00734	0.00489	0.00367	0.00122	0.00612	0.00306	0.00245	0.00734
56	0.00714	0.00505	0.00659	0.00774	0.00803	0.00476	0.00507	0.00801	0.01061	0.01415	0.02978	0.69724	0.03563	0.11893	0.01012	0.00274	0.00361	0.01523	0.00507	0.00449
57	0.19741	0.01442	0.01484	0.01171	0.01598	0.01601	0.00964	0.51046	0.06410	0.07042	0.01349	0.01350	0.00963	0.00659	0.00526	0.00174	0.00572	0.00481	0.00533	0.00893
58	0.25123	0.00956	0.01013	0.00875	0.01166	0.01010	0.00696	0.09640	0.08427	0.12325	0.29707	0.02491	0.02679	0.00836	0.00550	0.00179	0.00404	0.00673	0.00550	0.00701

[dist]
# distance from previous block
# <min> <max>
3	7

[block]
# block no. 1 follows, 41 sequences, length 40
# corresponding to MSA columns:
# 117-156
name=unknown_B
#
# <colnr> <probs for GDERKNQSTAVLIFYWHMCP>
#	G	D	E	R	K	N	Q	S	T	A	V	L	I	F	Y	W	H	M	C	P
0	0.01317	0.01510	0.05310	0.02141	0.02572	0.01525	0.52281	0.01709	0.01218	0.01709	0.01044	0.01454	0.00832	0.00624	0.00994	0.00208	0.21921	0.00620	0.00277	0.00735
1	0.01958	0.01400	0.01536	0.01191	0.01623	0.01484	0.00972	0.53081	0.04615	0.08071	0.01510	0.05086	0.01152	0.00708	0.00557	0.00164	0.00567	0.00553	0.02234	0.11538
2	0.00730	0.00582	0.00655	0.00637	0.00806	0.00506	0.00477	0.00926	0.01432	0.01851	0.34442	0.05002	0.47260	0.01335	0.00675	0.00188	0.00282	0.01137	0.00571	0.00506
3	0.01251	0.01251	0.01752	0.01502	0.01502	0.01752	0.01251	0.01377	0.00876	0.01377	0.00751	0.01251	0.00751	0.01001	0.01877	0.00250	0.78851	0.00501	0.00250	0.00626
4	0.01189	0.01112	0.01853	0.59203	0.20327	0.01306	0.01612	0.03677	0.01225	0.01617	0.01041	0.01496	0.00801	0.00561	0.00571	0.00185	0.00740	0.00509	0.00270	0.00707
5	0.00860	0.00596	0.00781	0.00728	0.00872	0.00548	0.00548	0.01128	0.01620	0.04427	0.73914	0.04206	0.05283	0.01156	0.00672	0.00180	0.00276	0.01021	0.00632	0.00552
6	0.00832	0.00555	0.00624	0.00624	0.00624	0.00555	0.00347	0.00832	0.00832	0.01109	0.01802	0.03743	0.02080	0.79898	0.02911	0.00555	0.00555	0.00832	0.00347	0.00347
7	0.00792	0.00571	0.00751	0.00747	0.00862	0.00530	0.00552	0.01029	0.01507	0.02112	0.59300	0.18805	0.05008	0.01304	0.00690	0.00193	0.00291	0.03824	0.00607	0.00525
8	0.01529	0.80242	0.02997	0.00979	0.01468	0.02263	0.00979	0.01713	0.01162	0.01346	0.00795	0.00918	0.00734	0.00489	0.00367	0.00122	0.00612	0.00306	0.00245	0.00734
9	0.01186	0.01017	0.01186	0.00847	0.01356	0.00762	0.00678	0.01440	0.01186	0.01864	0.01017	0.01186	0.00847	0.00424	0.00424	0.00085	0.00424	0.00339	0.00339	0.83395
10	0.80059	0.01102	0.00882	0.04394	0.01239	0.01283	0.00665	0.01671	0.00981	0.02515	0.00807	0.00957	0.00626	0.00533	0.00364	0.00178	0.00457	0.00319	0.00349	0.00620
11	0.83938	0.01106	0.00841	0.00752	0.01106	0.01283	0.00619	0.01681	0.00973	0.02566	0.00796	0.00929	0.00619	0.00531	0.00354	0.00177	0.00442	0.00310	0.00354	0.00619
12	0.01972	0.01501	0.01772	0.01698	0.16034	0.01631	0.01180	0.56736	0.02347	0.03196	0.01341	0.01420	0.00985	0.00652	0.00562	0.00169	0.00621	0.00515	0.04730	0.00937
13	0.01251	0.01251	0.01752	0.01502	0.01502	0.01752	0.01251	0.01377	0.00876	0.01377	0.00751	0.01251	0.00751	0.01001	0.01877	0.00250	0.78851	0.00501	0.00250	0.00626
14	0.01097	0.00563	0.00566	0.00555	0.00698	0.00568	0.00419	0.03388	0.01241	0.02174	0.01852	0.02111	0.01452	0.00667	0.00405	0.00134	0.00277	0.00533	0.80753	0.00545
15	0.00706	0.00574	0.00625	0.00626	0.00794	0.00493	0.00464	0.00873	0.01353	0.01695	0.20291	0.11072	0.55604	0.01417	0.00680	0.00193	0.00289	0.01204	0.00552	0.00493
16	0.02337	0.00933	0.01254	0.00982	0.01379	0.00821	0.00797	0.02584	0.03417	0.66264	0.06703	0.02190	0.01701	0.05043	0.00708	0.00198	0.00476	0.00619	0.00680	0.00911
17	0.01510	0.01255	0.01289	0.01148	0.01471	0.04558	0.00894	0.04620	0.62977	0.06413	0.04024	0.02111	0.01750	0.00769	0.00577	0.00189	0.00474	0.00635	0.02453	0.00883
18	0.00786	0.00579	0.00735	0.00706	0.00843	0.00528	0.00526	0.01031	0.01550	0.02153	0.63088	0.08521	0.14348	0.01239	0.00678	0.00184	0.00276	0.01089	0.00612	0.00528
19	0.00837	0.00649	0.00773	0.00764	0.00914	0.00626	0.00563	0.01219	0.11006	0.01971	0.36146	0.20275	0.19478	0.01310	0.00675	0.00196	0.00311	0.01146	0.00582	0.00559
20	0.50430	0.01114	0.01130	0.00998	0.01214	0.01385	0.00821	0.01535	0.00953	0.02112	0.00904	0.04020	0.00809	0.00740	0.00880	0.00202	0.26717	0.00430	0.02992	0.00613
21	0.05262	0.02888	0.01365	0.01050	0.01453	0.05577	0.02406	0.18715	0.09656	0.05885	0.11636	0.01776	0.01610	0.00656	0.00524	0.00145	0.00508	0.00527	0.00472	0.27889
22	0.71576	0.01152	0.00955	0.00824	0.01193	0.01314	0.00679	0.09342	0.01184	0.06147	0.00925	0.01023	0.00694	0.00556	0.00387	0.00176	0.00464	0.00344	0.00393	0.00673
23	0.78476	0.01139	0.00899	0.00790	0.01151	0.01316	0.00651	0.06541	0.01088	0.02636	0.00835	0.00959	0.00643	0.00541	0.00369	0.00177	0.00455	0.00323	0.00369	0.00643
24	0.02447	0.01005	0.01333	0.01024	0.01460	0.00892	0.00844	0.07531	0.01695	0.67380	0.04401	0.01957	0.01491	0.00712	0.00574	0.00174	0.00488	0.00578	0.00686	0.03329
25	0.01301	0.33993	0.47244	0.01369	0.02071	0.01704	0.01658	0.01772	0.01189	0.01624	0.00934	0.01091	0.00728	0.00522	0.00473	0.00158	0.00752	0.00376	0.00243	0.00801
26	0.01423	0.01229	0.01293	0.01164	0.01487	0.01423	0.00905	0.03039	0.75297	0.02393	0.02328	0.02134	0.01746	0.00776	0.00582	0.00194	0.00453	0.00647	0.00582	0.00905
27	0.00823	0.00589	0.00799	0.00799	0.00860	0.00650	0.00565	0.00944	0.00884	0.01239	0.01642	0.02854	0.01694	0.34979	0.47302	0.00771	0.01135	0.00702	0.00323	0.00444
28	0.00817	0.00613	0.00919	0.00919	0.01021	0.00715	0.00715	0.01021	0.00919	0.01328	0.01532	0.02247	0.01430	0.04290	0.77631	0.00919	0.01532	0.00613	0.00306	0.00511
29	0.01255	0.01098	0.01266	0.01161	0.01384	0.01298	0.00931	0.02270	0.44369	0.02029	0.02436	0.02849	0.08583	0.00988	0.00867	0.00214	0.15502	0.10232	0.00506	0.00762
30	0.01251	0.01251	0.01752	0.01502	0.01502	0.01752	0.01251	0.01377	0.00876	0.01377	0.00751	0.01251	0.00751	0.01001	0.01877	0.00250	0.78851	0.00501	0.00250	0.00626
31	0.02533	0.00981	0.01326	0.01022	0.01461	0.00857	0.00843	0.02795	0.03755	0.74589	0.02259	0.01952	0.01425	0.00710	0.00575	0.00177	0.00486	0.00577	0.00704	0.00971
32	0.01370	0.01328	0.02187	0.17863	0.60519	0.03295	0.01707	0.01713	0.01280	0.01778	0.01060	0.01427	0.00874	0.00524	0.00566	0.00173	0.00704	0.00506	0.00278	0.00848
33	0.00994	0.00497	0.00745	0.00745	0.00745	0.00497	0.00497	0.00745	0.00745	0.00994	0.00994	0.01739	0.00994	0.01987	0.02235	0.83358	0.00497	0.00497	0.00248	0.00248
34	0.01721	0.01246	0.01322	0.01075	0.01468	0.06977	0.00852	0.14981	0.17174	0.17205	0.01766	0.07875	0.01401	0.00724	0.00545	0.00158	0.00518	0.00588	0.00517	0.21886
35	0.01291	0.01231	0.02096	0.31467	0.49351	0.01326	0.01693	0.01646	0.01243	0.01717	0.01054	0.01456	0.00853	0.00533	0.00568	0.00178	0.00710	0.00509	0.00272	0.00805
36	0.01240	0.01048	0.01215	0.00873	0.01378	0.00817	0.00700	0.05408	0.01268	0.01959	0.01036	0.01196	0.00854	0.00438	0.00432	0.00089	0.00435	0.00348	0.00352	0.78914
37	0.01148	0.01085	0.01837	0.63465	0.18472	0.01289	0.01622	0.01520	0.01176	0.01543	0.01029	0.01503	0.00791	0.00559	0.00571	0.00186	0.00746	0.00509	0.00260	0.00690
38	0.00794	0.00617	0.00741	0.00705	0.00882	0.00536	0.00523	0.00999	0.01396	0.01895	0.35640	0.16370	0.25169	0.01268	0.00656	0.00182	0.00303	0.01103	0.00553	0.09669
39	0.00703	0.00500	0.00662	0.00789	0.00821	0.00468	0.00523	0.00798	0.01084	0.01445	0.03096	0.76341	0.03712	0.05073	0.00822	0.00246	0.00341	0.01593	0.00523	0.00460

[dist]
# distance from previous block
# <min> <max>
0	5

[block]
# block no. 2 follows, 41 sequences, length 72
# corresponding to MSA columns:
# 162-233
name=unknown_C
#
# <colnr> <probs for GDERKNQSTAVLIFYWHMCP>
#	G	D	E	R	K	N	Q	S	T	A	V	L	I	F	Y	W	H	M	C	P
0	0.03970	0.01452	0.01485	0.01173	0.01597	0.07032	0.00948	0.38859	0.11270	0.06691	0.04012	0.01528	0.01197	0.00657	0.00540	0.00158	0.00575	0.00505	0.00514	0.15839
1	0.01250	0.01190	0.02022	0.40635	0.40504	0.01315	0.01673	0.01610	0.01224	0.01667	0.01047	0.01470	0.00835	0.00540	0.00569	0.00180	0.00721	0.00509	0.00269	0.00772
2	0.00710	0.00505	0.00668	0.00793	0.00827	0.00474	0.00531	0.00808	0.01086	0.01447	0.03076	0.73604	0.03678	0.06033	0.00850	0.00251	0.00349	0.03329	0.00521	0.00460
3	0.01343	0.01285	0.02191	0.19693	0.60714	0.01340	0.01719	0.01692	0.01268	0.01781	0.01063	0.01439	0.00875	0.00523	0.00567	0.00174	0.00697	0.00509	0.00277	0.00848
4	0.78088	0.01222	0.00896	0.00804	0.01154	0.06741	0.00654	0.01724	0.01020	0.02483	0.00803	0.00936	0.00628	0.00535	0.00366	0.00175	0.00485	0.00314	0.00350	0.00623
5	0.00769	0.00551	0.00712	0.00805	0.00862	0.00526	0.00548	0.03756	0.01192	0.01601	0.08917	0.67766	0.03744	0.04346	0.00793	0.00237	0.00346	0.01507	0.00534	0.00487
6	0.00786	0.00558	0.00719	0.00727	0.00836	0.00517	0.00527	0.01005	0.01442	0.02029	0.49822	0.25194	0.07012	0.01327	0.00677	0.00193	0.00288	0.01180	0.04644	0.00517
7	0.00810	0.00585	0.00765	0.00720	0.00855	0.00540	0.00540	0.01079	0.01619	0.02294	0.76028	0.04273	0.05397	0.01169	0.00675	0.00180	0.00270	0.01034	0.00630	0.00540
8	0.02137	0.02726	0.01621	0.01474	0.01768	0.77602	0.01105	0.02284	0.01621	0.01400	0.00884	0.01031	0.00737	0.00589	0.00516	0.00147	0.01031	0.00368	0.00295	0.00663
9	0.02416	0.04902	0.01419	0.01036	0.01473	0.00984	0.00860	0.05042	0.07239	0.65050	0.02162	0.01892	0.01393	0.00702	0.00565	0.00175	0.00495	0.00565	0.00671	0.00956
10	0.00810	0.00585	0.00765	0.00720	0.00855	0.00540	0.00540	0.01079	0.01619	0.02294	0.76028	0.04273	0.05397	0.01169	0.00675	0.00180	0.00270	0.01034	0.00630	0.00540
11	0.02566	0.00973	0.01327	0.01018	0.01460	0.00841	0.00841	0.02788	0.01637	0.76726	0.02257	0.01947	0.01416	0.00708	0.00575	0.00177	0.00487	0.00575	0.00708	0.00973
12	0.00994	0.00497	0.00745	0.00745	0.00745	0.00497	0.00497	0.00745	0.00745	0.00994	0.00994	0.01739	0.00994	0.01987	0.02235	0.83358	0.00497	0.00497	0.00248	0.00248
13	0.02137	0.02726	0.01621	0.01474	0.01768	0.77602	0.01105	0.02284	0.01621	0.01400	0.00884	0.01031	0.00737	0.00589	0.00516	0.00147	0.01031	0.00368	0.00295	0.00663
14	0.01115	0.01052	0.01779	0.70672	0.11516	0.01280	0.01606	0.01492	0.01160	0.01504	0.01023	0.01514	0.00778	0.00565	0.00571	0.00188	0.00754	0.00508	0.00257	0.00664
15	0.01350	0.01543	0.03375	0.02411	0.02989	0.01446	0.74253	0.01832	0.01350	0.01832	0.01157	0.01543	0.00868	0.00482	0.00675	0.00193	0.00964	0.00675	0.00289	0.00771
16	0.01438	0.01435	0.02415	0.01838	0.02225	0.05172	0.37417	0.09455	0.06698	0.03672	0.01373	0.07995	0.01171	0.00733	0.00857	0.00201	0.14102	0.00688	0.00364	0.00751
17	0.00676	0.00579	0.00579	0.00579	0.00773	0.00483	0.00435	0.00821	0.01304	0.01545	0.05794	0.05505	0.76098	0.01449	0.00676	0.00193	0.00290	0.01207	0.00531	0.00483
18	0.01436	0.01205	0.01276	0.01145	0.01468	0.01382	0.00891	0.02975	0.71284	0.04504	0.02415	0.02215	0.03644	0.00791	0.00584	0.00193	0.00449	0.00659	0.00584	0.00896
19	0.01147	0.02959	0.76934	0.01630	0.02476	0.01328	0.02113	0.01811	0.01208	0.01811	0.01026	0.01208	0.00725	0.00543	0.00543	0.00181	0.00845	0.00423	0.00242	0.00845
20	0.04614	0.00912	0.01205	0.00955	0.01331	0.00814	0.00777	0.04189	0.01640	0.57105	0.17634	0.02389	0.02214	0.00799	0.00589	0.00177	0.00444	0.00662	0.00678	0.00872
21	0.02174	0.01602	0.01717	0.01316	0.01774	0.01774	0.01087	0.74423	0.02689	0.03605	0.01373	0.01373	0.00973	0.00687	0.00572	0.00172	0.00629	0.00515	0.00572	0.00973
22	0.01423	0.01229	0.01293	0.01164	0.01487	0.01423	0.00905	0.03039	0.75297	0.02393	0.02328	0.02134	0.01746	0.00776	0.00582	0.00194	0.00453	0.00647	0.00582	0.00905
23	0.01311	0.01252	0.02132	0.26962	0.53698	0.01331	0.01703	0.01664	0.01253	0.01741	0.01057	0.01450	0.00861	0.00529	0.00568	0.00176	0.00705	0.00509	0.00274	0.00821
24	0.01147	0.02959	0.76934	0.01630	0.02476	0.01328	0.02113	0.01811	0.01208	0.01811	0.01026	0.01208	0.00725	0.00543	0.00543	0.00181	0.00845	0.00423	0.00242	0.00845
25	0.00767	0.00586	0.00705	0.00683	0.00839	0.00524	0.00518	0.00992	0.01495	0.02004	0.48122	0.04798	0.30475	0.01285	0.00680	0.00188	0.00287	0.03945	0.00590	0.00519
26	0.00676	0.00579	0.00579	0.00579	0.00773	0.00483	0.00435	0.00821	0.01304	0.01545	0.05794	0.05505	0.76098	0.01449	0.00676	0.00193	0.00290	0.01207	0.00531	0.00483
27	0.00715	0.00517	0.00679	0.00794	0.00848	0.00481	0.00549	0.00836	0.01149	0.01525	0.07178	0.66570	0.08367	0.01725	0.00727	0.00229	0.00337	0.05764	0.00536	0.00473
28	0.81658	0.01102	0.00854	0.00760	0.01116	0.01271	0.00626	0.01712	0.00992	0.04645	0.00837	0.00958	0.00642	0.00536	0.00360	0.00177	0.00444	0.00317	0.00364	0.00629
29	0.01411	0.01215	0.01285	0.01161	0.01480	0.01405	0.00906	0.02996	0.73569	0.02377	0.02344	0.02235	0.01782	0.00795	0.00587	0.00196	0.00454	0.02324	0.00581	0.00897
30	0.01366	0.41683	0.29334	0.01388	0.02002	0.01824	0.09777	0.01753	0.01193	0.01568	0.00918	0.01101	0.00746	0.00521	0.00504	0.00155	0.02750	0.00395	0.00249	0.00775
31	0.05985	0.17662	0.01825	0.01292	0.01639	0.46665	0.01032	0.08348	0.02955	0.03405	0.00986	0.01117	0.00809	0.00707	0.03101	0.00174	0.00879	0.00384	0.00327	0.00708
32	0.83938	0.01106	0.00841	0.00752	0.01106	0.01283	0.00619	0.01681	0.00973	0.02566	0.00796	0.00929	0.00619	0.00531	0.00354	0.00177	0.00442	0.00310	0.00354	0.00619
33	0.01350	0.01543	0.03375	0.02411	0.02989	0.01446	0.74253	0.01832	0.01350	0.01832	0.01157	0.01543	0.00868	0.00482	0.00675	0.00193	0.00964	0.00675	0.00289	0.00771
34	0.00696	0.00521	0.00641	0.00735	0.00808	0.00472	0.00500	0.00804	0.01139	0.01470	0.03782	0.58050	0.22196	0.04353	0.00790	0.00233	0.00329	0.01492	0.00525	0.00465
35	0.00950	0.00781	0.01065	0.00991	0.01029	0.00966	0.00749	0.01062	0.00877	0.01269	0.01393	0.02457	0.01449	0.28745	0.30243	0.00600	0.23929	0.00653	0.00303	0.00489
36	0.01131	0.02842	0.73198	0.01586	0.02396	0.01290	0.02036	0.01776	0.01228	0.01835	0.04706	0.01358	0.00954	0.00574	0.00550	0.00181	0.00817	0.00453	0.00261	0.00830
37	0.00839	0.00631	0.00797	0.00870	0.01011	0.00605	0.00710	0.01090	0.03615	0.01690	0.08965	0.13362	0.22711	0.03442	0.00791	0.00241	0.00424	0.37156	0.00533	0.00517
38	0.02325	0.01075	0.05015	0.01047	0.01478	0.00904	0.00895	0.06804	0.01614	0.62318	0.02091	0.01950	0.01378	0.03419	0.04745	0.00228	0.00570	0.00574	0.00644	0.00922
39	0.00810	0.00585	0.00765	0.00720	0.00855	0.00540	0.00540	0.01079	0.01619	0.02294	0.76028	0.04273	0.05397	0.01169	0.00675	0.00180	0.00270	0.01034	0.00630	0.00540
40	0.01529	0.80242	0.02997	0.00979	0.01468	0.02263	0.00979	0.01713	0.01162	0.01346	0.00795	0.00918	0.00734	0.00489	0.00367	0.00122	0.00612	0.00306	0.00245	0.00734
41	0.01106	0.02669	0.67654	0.01519	0.02278	0.01232	0.01922	0.01722	0.01258	0.01870	0.10164	0.01581	0.01294	0.00620	0.00559	0.00181	0.00775	0.00497	0.00289	0.00808
42	0.03672	0.01229	0.01992	0.02775	0.54930	0.01204	0.01471	0.01918	0.01380	0.16817	0.05883	0.01684	0.01275	0.00590	0.00569	0.00172	0.00610	0.00550	0.00391	0.00890
43	0.01634	0.76338	0.05359	0.01082	0.01586	0.02278	0.01062	0.01796	0.01241	0.01481	0.00932	0.01105	0.00854	0.00575	0.00429	0.00148	0.00659	0.00353	0.00289	0.00800
44	0.01416	0.01359	0.02322	0.03511	0.76330	0.01359	0.01755	0.01755	0.01302	0.01869	0.01076	0.01416	0.00906	0.00510	0.00566	0.00170	0.00680	0.00510	0.00283	0.00906
45	0.01218	0.01133	0.01903	0.33944	0.37517	0.01238	0.01585	0.01565	0.01239	0.01683	0.01290	0.02074	0.01138	0.00666	0.00596	0.00190	0.00695	0.09278	0.00301	0.00749
46	0.01147	0.02959	0.76934	0.01630	0.02476	0.01328	0.02113	0.01811	0.01208	0.01811	0.01026	0.01208	0.00725	0.00543	0.00543	0.00181	0.00845	0.00423	0.00242	0.00845
47	0.01416	0.01359	0.02322	0.03511	0.76330	0.01359	0.01755	0.01755	0.01302	0.01869	0.01076	0.01416	0.00906	0.00510	0.00566	0.00170	0.00680	0.00510	0.00283	0.00906
48	0.00830	0.00632	0.00944	0.00937	0.01036	0.00746	0.00731	0.01032	0.00918	0.01329	0.01509	0.02217	0.01410	0.04192	0.75373	0.00899	0.03837	0.00609	0.00305	0.00514
49	0.00742	0.00584	0.00672	0.00654	0.00819	0.00513	0.00493	0.00947	0.01448	0.01891	0.37791	0.04963	0.42214	0.01324	0.00678	0.00189	0.00286	0.02708	0.00576	0.00510
50	0.01416	0.01359	0.02322	0.03511	0.76330	0.01359	0.01755	0.01755	0.01302	0.01869	0.01076	0.01416	0.00906	0.00510	0.00566	0.00170	0.00680	0.00510	0.00283	0.00906
51	0.00884	0.00652	0.00810	0.00767	0.00869	0.00615	0.02768	0.03243	0.01034	0.01400	0.02237	0.23183	0.05957	0.42645	0.01837	0.00382	0.00485	0.00992	0.00408	0.08831
52	0.00697	0.00498	0.00664	0.00796	0.00830	0.00465	0.00531	0.00796	0.01095	0.01460	0.03153	0.79525	0.03783	0.01792	0.00730	0.00232	0.00332	0.01626	0.00531	0.00465
53	0.00830	0.00561	0.00655	0.00655	0.00665	0.00571	0.00385	0.00852	0.00841	0.01132	0.01774	0.03587	0.02012	0.71998	0.10718	0.00593	0.00657	0.00809	0.00342	0.00364
54	0.01175	0.02780	0.68452	0.01724	0.05411	0.01338	0.05115	0.01849	0.03561	0.01833	0.01075	0.01259	0.00770	0.00547	0.00551	0.00182	0.00831	0.00444	0.00256	0.00847
55	0.00697	0.00498	0.00664	0.00796	0.00830	0.00465	0.00531	0.00796	0.01095	0.01460	0.03153	0.79525	0.03783	0.01792	0.00730	0.00232	0.00332	0.01626	0.00531	0.00465
56	0.01614	0.03104	0.07917	0.03480	0.12853	0.04248	0.01153	0.15336	0.25357	0.09907	0.01939	0.03671	0.05387	0.00735	0.00575	0.00181	0.00577	0.00608	0.00489	0.00867
57	0.01147	0.02959	0.76934	0.01630	0.02476	0.01328	0.02113	0.01811	0.01208	0.01811	0.01026	0.01208	0.00725	0.00543	0.00543	0.00181	0.00845	0.00423	0.00242	0.00845
58	0.00763	0.00598	0.00917	0.00942	0.01026	0.00560	0.07461	0.00895	0.01110	0.01483	0.02918	0.69559	0.03450	0.04377	0.00801	0.00240	0.00399	0.01509	0.00502	0.00489
59	0.01249	0.01141	0.04420	0.09501	0.01800	0.00912	0.05479	0.03357	0.01244	0.04097	0.01072	0.01274	0.00854	0.00463	0.00469	0.00112	0.00519	0.00393	0.00339	0.61305
60	0.03610	0.02821	0.72019	0.01572	0.02378	0.01300	0.02014	0.01782	0.01215	0.01851	0.03621	0.01306	0.00883	0.00565	0.00542	0.00181	0.00813	0.00441	0.00258	0.00828
61	0.17211	0.02541	0.01285	0.00978	0.01408	0.00991	0.00810	0.06034	0.01544	0.55680	0.01878	0.01688	0.01217	0.00661	0.00526	0.00172	0.00486	0.00511	0.00616	0.03763
62	0.00765	0.00563	0.00607	0.00611	0.00690	0.00523	0.00388	0.00826	0.01030	0.01296	0.03453	0.06718	0.31992	0.45915	0.01944	0.00399	0.00441	0.01007	0.00427	0.00405
63	0.01155	0.01029	0.03979	0.01700	0.19737	0.01013	0.01164	0.01733	0.16727	0.01896	0.02334	0.04134	0.02295	0.01114	0.00683	0.00223	0.00560	0.37345	0.00469	0.00710
64	0.57420	0.16429	0.01338	0.00844	0.01236	0.01456	0.00728	0.04964	0.01142	0.08752	0.00947	0.01034	0.00726	0.00545	0.00385	0.00166	0.00487	0.00341	0.00373	0.00688
65	0.00697	0.00498	0.00664	0.00796	0.00830	0.00465	0.00531	0.00796	0.01095	0.01460	0.03153	0.79525	0.03783	0.01792	0.00730	0.00232	0.00332	0.01626	0.00531	0.00465
66	0.01350	0.01543	0.03375	0.02411	0.02989	0.01446	0.74253	0.01832	0.01350	0.01832	0.01157	0.01543	0.00868	0.00482	0.00675	0.00193	0.00964	0.00675	0.00289	0.00771
67	0.00922	0.00658	0.00922	0.01053	0.01185	0.00658	0.00922	0.01185	0.01317	0.01712	0.03029	0.06452	0.03292	0.01580	0.00790	0.00263	0.00527	0.72480	0.00527	0.00527
68	0.01147	0.02959	0.76934	0.01630	0.02476	0.01328	0.02113	0.01811	0.01208	0.01811	0.01026	0.01208	0.00725	0.00543	0.00543	0.00181	0.00845	0.00423	0.00242	0.00845
69	0.01431	0.01203	0.01274	0.01143	0.01466	0.01381	0.00890	0.02969	0.71276	0.04282	0.02426	0.02226	0.03871	0.00794	0.00585	0.00194	0.00449	0.00661	0.00584	0.00895
70	0.04281	0.01092	0.01327	0.01051	0.01470	0.04685	0.00856	0.02767	0.10263	0.62605	0.02164	0.01901	0.01403	0.00706	0.00568	0.00178	0.00508	0.00567	0.00665	0.00942
71	0.01742	0.01480	0.01431	0.04981	0.01648	0.13892	0.00978	0.32632	0.10785	0.04828	0.10748	0.02206	0.05662	0.00811	0.00591	0.00177	0.00611	0.03477	0.00519	0.00801

[dist]
# distance from previous block
# <min> <max>
0	1

[block]
# block no. 3 follows, 41 sequences, length 50
# corresponding to MSA columns:
# 235-284
name=unknown_D
#
# <colnr> <probs for GDERKNQSTAVLIFYWHMCP>
#	G	D	E	R	K	N	Q	S	T	A	V	L	I	F	Y	W	H	M	C	P
0	0.00885	0.00651	0.00781	0.00752	0.00917	0.00612	0.00566	0.03677	0.05125	0.03907	0.38316	0.14171	0.23026	0.01286	0.00675	0.00193	0.00317	0.02997	0.00586	0.00559
1	0.19685	0.01325	0.01293	0.01106	0.01388	0.08381	0.00884	0.26583	0.01653	0.02432	0.01699	0.11796	0.07121	0.00890	0.00723	0.00191	0.11033	0.00655	0.00447	0.00715
2	0.02052	0.02384	0.01585	0.01403	0.01723	0.58113	0.01070	0.13546	0.07314	0.01822	0.01193	0.01281	0.02754	0.00640	0.00534	0.00156	0.00907	0.00433	0.00366	0.00725
3	0.57516	0.01153	0.03130	0.00868	0.01249	0.01220	0.00734	0.06417	0.03505	0.15089	0.03632	0.01284	0.00972	0.00600	0.00428	0.00177	0.00467	0.00405	0.00440	0.00714
4	0.01324	0.01080	0.01178	0.01089	0.01377	0.01205	0.00864	0.04416	0.52613	0.04328	0.02751	0.03106	0.09304	0.00962	0.00623	0.00204	0.00454	0.11743	0.00572	0.00809
5	0.01080	0.01017	0.01716	0.78523	0.03940	0.01271	0.01589	0.01461	0.01144	0.01461	0.01017	0.01525	0.00762	0.00572	0.00572	0.00191	0.00762	0.00508	0.00254	0.00635
6	0.00820	0.00601	0.00861	0.00861	0.00943	0.00683	0.00642	0.00984	0.00902	0.01285	0.01585	0.02543	0.01558	0.19221	0.62876	0.00847	0.01339	0.00656	0.00314	0.00478
7	0.00817	0.00613	0.00919	0.00919	0.01021	0.00715	0.00715	0.01021	0.00919	0.01328	0.01532	0.02247	0.01430	0.04290	0.77631	0.00919	0.01532	0.00613	0.00306	0.00511
8	0.00797	0.00582	0.00749	0.00713	0.00848	0.00534	0.00533	0.01054	0.01583	0.02219	0.69214	0.06642	0.09976	0.01207	0.00676	0.00182	0.00273	0.01064	0.00620	0.00534
9	0.00922	0.00658	0.00922	0.01053	0.01185	0.00658	0.00922	0.01185	0.01317	0.01712	0.03029	0.06452	0.03292	0.01580	0.00790	0.00263	0.00527	0.72480	0.00527	0.00527
10	0.02566	0.00973	0.01327	0.01018	0.01460	0.00841	0.00841	0.02788	0.01637	0.76726	0.02257	0.01947	0.01416	0.00708	0.00575	0.00177	0.00487	0.00575	0.00708	0.00973
11	0.00810	0.00585	0.00765	0.00720	0.00855	0.00540	0.00540	0.01079	0.01619	0.02294	0.76028	0.04273	0.05397	0.01169	0.00675	0.00180	0.00270	0.01034	0.00630	0.00540
12	0.01423	0.01229	0.01293	0.01164	0.01487	0.01423	0.00905	0.03039	0.75297	0.02393	0.02328	0.02134	0.01746	0.00776	0.00582	0.00194	0.00453	0.00647	0.00582	0.00905
13	0.01221	0.01037	0.01205	0.00864	0.01370	0.00798	0.00692	0.03986	0.01239	0.01925	0.01029	0.01193	0.00852	0.00433	0.00429	0.00088	0.00431	0.00345	0.00347	0.80519
14	0.01407	0.01219	0.01312	0.04623	0.01597	0.01416	0.00936	0.02969	0.71981	0.02351	0.02269	0.02107	0.01702	0.00767	0.00582	0.00194	0.00467	0.00640	0.00567	0.00893
15	0.01080	0.01017	0.01716	0.78523	0.03940	0.01271	0.01589	0.01461	0.01144	0.01461	0.01017	0.01525	0.00762	0.00572	0.00572	0.00191	0.00762	0.00508	0.00254	0.00635
16	0.00703	0.00502	0.00671	0.00804	0.00840	0.00470	0.00542	0.00808	0.01101	0.01467	0.03149	0.77442	0.03769	0.01786	0.00732	0.00233	0.00337	0.03646	0.00531	0.00466
17	0.00817	0.00613	0.00919	0.00919	0.01021	0.00715	0.00715	0.01021	0.00919	0.01328	0.01532	0.02247	0.01430	0.04290	0.77631	0.00919	0.01532	0.00613	0.00306	0.00511
18	0.02174	0.01602	0.01717	0.01316	0.01774	0.01774	0.01087	0.74423	0.02689	0.03605	0.01373	0.01373	0.00973	0.00687	0.00572	0.00172	0.00629	0.00515	0.00572	0.00973
19	0.00831	0.00558	0.00643	0.00643	0.00650	0.00565	0.00370	0.00844	0.00837	0.01123	0.01785	0.03646	0.02038	0.75014	0.07738	0.00578	0.00618	0.00818	0.00344	0.00357
20	0.01423	0.01229	0.01293	0.01164	0.01487	0.01423	0.00905	0.03039	0.75297	0.02393	0.02328	0.02134	0.01746	0.00776	0.00582	0.00194	0.00453	0.00647	0.00582	0.00905
21	0.83938	0.01106	0.00841	0.00752	0.01106	0.01283	0.00619	0.01681	0.00973	0.02566	0.00796	0.00929	0.00619	0.00531	0.00354	0.00177	0.00442	0.00310	0.00354	0.00619
22	0.00748	0.00621	0.00641	0.00637	0.00817	0.00556	0.00472	0.00976	0.05999	0.01562	0.05084	0.05145	0.61560	0.09204	0.00896	0.00231	0.00334	0.03502	0.00516	0.00498
23	0.83938	0.01106	0.00841	0.00752	0.01106	0.01283	0.00619	0.01681	0.00973	0.02566	0.00796	0.00929	0.00619	0.00531	0.00354	0.00177	0.00442	0.00310	0.00354	0.00619
24	0.01863	0.01369	0.01491	0.01210	0.01586	0.01505	0.00973	0.51121	0.13143	0.05366	0.01797	0.12718	0.01504	0.00859	0.00596	0.00184	0.00556	0.00696	0.00572	0.00890
25	0.00697	0.00498	0.00664	0.00796	0.00830	0.00465	0.00531	0.00796	0.01095	0.01460	0.03153	0.79525	0.03783	0.01792	0.00730	0.00232	0.00332	0.01626	0.00531	0.00465
26	0.01225	0.18696	0.61878	0.01498	0.02270	0.01519	0.01882	0.01791	0.01198	0.01717	0.00979	0.01149	0.00726	0.00532	0.00508	0.00169	0.00798	0.00399	0.00242	0.00823
27	0.01849	0.01238	0.01383	0.01157	0.01536	0.01347	0.00924	0.16705	0.43207	0.20919	0.02127	0.01942	0.01516	0.00742	0.00578	0.00186	0.00495	0.00604	0.00611	0.00935
28	0.00791	0.00583	0.00741	0.00714	0.00853	0.00533	0.00537	0.01038	0.01548	0.02145	0.61681	0.07370	0.14660	0.01243	0.00680	0.00186	0.00283	0.03276	0.00610	0.00529
29	0.00832	0.00555	0.00624	0.00624	0.00624	0.00555	0.00347	0.00832	0.00832	0.01109	0.01802	0.03743	0.02080	0.79898	0.02911	0.00555	0.00555	0.00832	0.00347	0.00347
30	0.02316	0.00980	0.01289	0.01018	0.01419	0.00888	0.00828	0.08068	0.03320	0.61518	0.04707	0.07640	0.01694	0.00802	0.00590	0.00181	0.00478	0.00664	0.00679	0.00920
31	0.09867	0.01538	0.01641	0.01326	0.03971	0.01706	0.01059	0.63476	0.04372	0.03422	0.01334	0.01352	0.00957	0.00669	0.00552	0.00173	0.00609	0.00499	0.00543	0.00936
32	0.00817	0.00613	0.00919	0.00919	0.01021	0.00715	0.00715	0.01021	0.00919	0.01328	0.01532	0.02247	0.01430	0.04290	0.77631	0.00919	0.01532	0.00613	0.00306	0.00511
33	0.01209	0.00928	0.01233	0.01251	0.08504	0.00949	0.04089	0.15854	0.06899	0.03957	0.14700	0.31229	0.02848	0.02742	0.00700	0.00206	0.00460	0.01042	0.00525	0.00677
34	0.01433	0.51227	0.27135	0.01216	0.01812	0.05569	0.01356	0.01772	0.01199	0.01501	0.00875	0.01018	0.00731	0.00512	0.00432	0.00143	0.00708	0.00347	0.00246	0.00767
35	0.01092	0.01032	0.01718	0.73364	0.03776	0.01303	0.01566	0.01456	0.01126	0.01456	0.00999	0.01507	0.00762	0.00601	0.00659	0.00195	0.05994	0.00508	0.00254	0.00635
36	0.02255	0.01009	0.01299	0.01029	0.01443	0.00934	0.00837	0.02732	0.14973	0.58249	0.04480	0.02024	0.01577	0.00724	0.00574	0.00177	0.00472	0.00594	0.00669	0.03949
37	0.00787	0.00584	0.00733	0.00696	0.00840	0.00530	0.00522	0.01035	0.01565	0.02165	0.63986	0.04484	0.17519	0.01217	0.00675	0.00182	0.00273	0.01064	0.00613	0.00530
38	0.01227	0.01218	0.01747	0.12616	0.01853	0.01683	0.01300	0.01389	0.00915	0.01389	0.00789	0.01291	0.00753	0.00939	0.01689	0.00242	0.67582	0.00502	0.00251	0.00627
39	0.00832	0.00555	0.00624	0.00624	0.00624	0.00555	0.00347	0.00832	0.00832	0.01109	0.01802	0.03743	0.02080	0.79898	0.02911	0.00555	0.00555	0.00832	0.00347	0.00347
40	0.00922	0.00658	0.00922	0.01053	0.01185	0.00658	0.00922	0.01185	0.01317	0.01712	0.03029	0.06452	0.03292	0.01580	0.00790	0.00263	0.00527	0.72480	0.00527	0.00527
41	0.01147	0.02959	0.76934	0.01630	0.02476	0.01328	0.02113	0.01811	0.01208	0.01811	0.01026	0.01208	0.00725	0.00543	0.00543	0.00181	0.00845	0.00423	0.00242	0.00845
42	0.00697	0.00498	0.00664	0.00796	0.00830	0.00465	0.00531	0.00796	0.01095	0.01460	0.03153	0.79525	0.03783	0.01792	0.00730	0.00232	0.00332	0.01626	0.00531	0.00465
43	0.01186	0.01017	0.01186	0.00847	0.01356	0.00762	0.00678	0.01440	0.01186	0.01864	0.01017	0.01186	0.00847	0.00424	0.00424	0.00085	0.00424	0.00339	0.00339	0.83395
44	0.83938	0.01106	0.00841	0.00752	0.01106	0.01283	0.00619	0.01681	0.00973	0.02566	0.00796	0.00929	0.00619	0.00531	0.00354	0.00177	0.00442	0.00310	0.00354	0.00619
45	0.01215	0.16746	0.63744	0.01514	0.02296	0.01495	0.01911	0.01794	0.01200	0.01728	0.00985	0.01156	0.00726	0.00534	0.00512	0.00171	0.00804	0.00402	0.00242	0.00825
46	0.00746	0.00676	0.00633	0.00625	0.00820	0.03933	0.00469	0.00896	0.01330	0.01567	0.08250	0.05258	0.70035	0.01400	0.00669	0.00191	0.00322	0.01163	0.00524	0.00493
47	0.01152	0.00979	0.01145	0.00853	0.01315	0.00758	0.00672	0.01435	0.03496	0.01846	0.01240	0.07906	0.01126	0.00551	0.00455	0.00101	0.00417	0.00458	0.00363	0.73732
48	0.02104	0.02641	0.01628	0.01471	0.01758	0.72730	0.01110	0.04135	0.01620	0.01457	0.00892	0.01049	0.00743	0.00608	0.00569	0.00152	0.03985	0.00377	0.00300	0.00670
49	0.02096	0.01620	0.04069	0.04616	0.01888	0.01738	0.01141	0.69042	0.02577	0.03457	0.01347	0.01375	0.00956	0.00677	0.00571	0.00173	0.00642	0.00512	0.00548	0.00954

[dist]
# distance from previous block
# <min> <max>
0	10

[block]
# block no. 4 follows, 41 sequences, length 34
# corresponding to MSA columns:
# 296-328,330
name=unknown_E
#
# <colnr> <probs for GDERKNQSTAVLIFYWHMCP>
#	G	D	E	R	K	N	Q	S	T	A	V	L	I	F	Y	W	H	M	C	P
0	0.00697	0.00498	0.00664	0.00796	0.00830	0.00465	0.00531	0.00796	0.01095	0.01460	0.03153	0.79525	0.03783	0.01792	0.00730	0.00232	0.00332	0.01626	0.00531	0.00465
1	0.01251	0.01251	0.01752	0.01502	0.01502	0.01752	0.01251	0.01377	0.00876	0.01377	0.00751	0.01251	0.00751	0.01001	0.01877	0.00250	0.78851	0.00501	0.00250	0.00626
2	0.00832	0.00555	0.00624	0.00624	0.00624	0.00555	0.00347	0.00832	0.00832	0.01109	0.01802	0.03743	0.02080	0.79898	0.02911	0.00555	0.00555	0.00832	0.00347	0.00347
3	0.00830	0.00562	0.00663	0.00663	0.00676	0.00576	0.00395	0.00857	0.00843	0.01138	0.01767	0.03546	0.01994	0.69913	0.12779	0.00603	0.00684	0.00803	0.00341	0.00368
4	0.00676	0.00579	0.00579	0.00579	0.00773	0.00483	0.00435	0.00821	0.01304	0.01545	0.05794	0.05505	0.76098	0.01449	0.00676	0.00193	0.00290	0.01207	0.00531	0.00483
5	0.01420	0.01397	0.02346	0.03300	0.66407	0.03660	0.07353	0.01763	0.01316	0.01848	0.01127	0.01545	0.00960	0.00538	0.00579	0.00173	0.00708	0.02392	0.00290	0.00878
6	0.01350	0.01543	0.03375	0.02411	0.02989	0.01446	0.74253	0.01832	0.01350	0.01832	0.01157	0.01543	0.00868	0.00482	0.00675	0.00193	0.00964	0.00675	0.00289	0.00771
7	0.01105	0.01042	0.01760	0.73044	0.09227	0.01277	0.01601	0.01483	0.01155	0.01491	0.01021	0.01517	0.00773	0.00567	0.00571	0.00189	0.00756	0.00508	0.00256	0.00655
8	0.01080	0.01017	0.01716	0.78523	0.03940	0.01271	0.01589	0.01461	0.01144	0.01461	0.01017	0.01525	0.00762	0.00572	0.00572	0.00191	0.00762	0.00508	0.00254	0.00635
9	0.02566	0.00973	0.01327	0.01018	0.01460	0.00841	0.00841	0.02788	0.01637	0.76726	0.02257	0.01947	0.01416	0.00708	0.00575	0.00177	0.00487	0.00575	0.00708	0.00973
10	0.00957	0.00794	0.01165	0.01373	0.17594	0.00758	0.02589	0.01266	0.03273	0.02111	0.48390	0.03655	0.11754	0.01027	0.00649	0.00180	0.00384	0.00919	0.00533	0.00629
11	0.01251	0.01251	0.01752	0.01502	0.01502	0.01752	0.01251	0.01377	0.00876	0.01377	0.00751	0.01251	0.00751	0.01001	0.01877	0.00250	0.78851	0.00501	0.00250	0.00626
12	0.00832	0.00555	0.00624	0.00624	0.00624	0.00555	0.00347	0.00832	0.00832	0.01109	0.01802	0.03743	0.02080	0.79898	0.02911	0.00555	0.00555	0.00832	0.00347	0.00347
13	0.16845	0.01062	0.01250	0.00991	0.01409	0.03442	0.00812	0.02584	0.03888	0.58819	0.01957	0.01744	0.01264	0.00675	0.00535	0.00177	0.00496	0.00524	0.00628	0.00899
14	0.00994	0.00497	0.00745	0.00745	0.00745	0.00497	0.00497	0.00745	0.00745	0.00994	0.00994	0.01739	0.00994	0.01987	0.02235	0.83358	0.00497	0.00497	0.00248	0.00248
15	0.00697	0.00498	0.00664	0.00796	0.00830	0.00465	0.00531	0.00796	0.01095	0.01460	0.03153	0.79525	0.03783	0.01792	0.00730	0.00232	0.00332	0.01626	0.00531	0.00465
