[name]
unknown

[dist]
# distance from previous block
# <min> <max>
5	45

[block]
# block no. 0 follows, 42 sequences, length 53
# corresponding to MSA columns:
# 60-112
name=unknown_A
#
# <colnr> <probs for GDERKNQSTAVLIFYWHMCP>
#	G	D	E	R	K	N	Q	S	T	A	V	L	I	F	Y	W	H	M	C	P
0	0.05219	0.00711	0.00843	0.00841	0.01006	0.00696	0.00617	0.05724	0.06805	0.06309	0.07010	0.44083	0.08982	0.01357	0.00648	0.00203	0.00371	0.03153	0.00526	0.04895
1	0.06160	0.01892	0.01454	0.01263	0.01569	0.36646	0.00979	0.16286	0.10903	0.05852	0.03220	0.01442	0.01092	0.02793	0.00646	0.00174	0.04291	0.00470	0.02127	0.00739
2	0.00732	0.00568	0.00666	0.00652	0.00804	0.00502	0.00485	0.00932	0.01424	0.01880	0.40619	0.09366	0.36730	0.01310	0.00668	0.00186	0.00278	0.01129	0.00571	0.00502
3	0.01171	0.01024	0.01282	0.00929	0.01418	0.00800	0.04931	0.01467	0.03214	0.01837	0.01093	0.03065	0.00927	0.00461	0.00442	0.00096	0.00446	0.00391	0.00342	0.74665
4	0.01467	0.01548	0.15752	0.01352	0.01863	0.01217	0.12392	0.19366	0.01562	0.06290	0.01294	0.06121	0.01048	0.00627	0.00586	0.00157	0.03258	0.00537	0.00392	0.23171
5	0.39904	0.01018	0.01087	0.00882	0.01277	0.01026	0.00728	0.02244	0.01312	0.42970	0.01563	0.01457	0.01034	0.00617	0.00466	0.00174	0.00459	0.00446	0.00537	0.00798
6	0.01167	0.01000	0.01167	0.00834	0.01334	0.00750	0.00667	0.01417	0.01167	0.01834	0.01000	0.01167	0.00834	0.00417	0.00417	0.00083	0.00417	0.00333	0.00333	0.83663
7	0.00818	0.00597	0.00770	0.00723	0.00863	0.00561	0.00544	0.01129	0.04186	0.02260	0.73821	0.04130	0.05184	0.01137	0.00661	0.00177	0.00272	0.01004	0.00618	0.00544
8	0.00810	0.00578	0.00780	0.00780	0.00838	0.00636	0.00549	0.00925	0.00868	0.01215	0.01621	0.02839	0.01680	0.36651	0.45935	0.00751	0.01097	0.00695	0.00318	0.00434
9	0.00904	0.00732	0.01083	0.09806	0.01384	0.00892	0.00855	0.01153	0.02824	0.01379	0.01394	0.02014	0.01266	0.03240	0.56199	0.00706	0.10101	0.00577	0.02952	0.00540
10	0.01167	0.01000	0.01167	0.00834	0.01334	0.00750	0.00667	0.01417	0.01167	0.01834	0.01000	0.01167	0.00834	0.00417	0.00417	0.00083	0.00417	0.00333	0.00333	0.83663
11	0.01498	0.01258	0.01328	0.01165	0.01501	0.01446	0.00914	0.12511	0.66015	0.02512	0.02166	0.02000	0.01617	0.00752	0.00571	0.00188	0.00468	0.00619	0.00571	0.00900
12	0.01150	0.06276	0.72205	0.01595	0.02405	0.01350	0.03841	0.01778	0.01190	0.01763	0.01003	0.01184	0.00717	0.00531	0.00530	0.00176	0.00825	0.00417	0.00239	0.00825
13	0.03389	0.32304	0.47166	0.01339	0.02026	0.01655	0.01619	0.01742	0.01165	0.01627	0.00918	0.01073	0.00714	0.00514	0.00464	0.00156	0.00734	0.00369	0.00242	0.00785
14	0.01129	0.02911	0.77306	0.01604	0.02436	0.01307	0.02079	0.01782	0.01188	0.01782	0.01010	0.01188	0.00713	0.00535	0.00535	0.00178	0.00832	0.00416	0.00238	0.00832
15	0.00818	0.00546	0.00614	0.00614	0.00614	0.00546	0.00341	0.00818	0.00818	0.01091	0.01773	0.03683	0.02046	0.80222	0.02864	0.00546	0.00546	0.00818	0.00341	0.00341
16	0.03772	0.01186	0.01951	0.15225	0.43636	0.01203	0.04016	0.01845	0.01320	0.15703	0.03780	0.01593	0.01100	0.00569	0.00561	0.00173	0.00637	0.00531	0.00365	0.00835
17	0.01539	0.76029	0.02870	0.00991	0.01462	0.06634	0.00970	0.01718	0.01170	0.01327	0.00787	0.00909	0.00722	0.00487	0.00370	0.00122	0.00626	0.00304	0.00244	0.00718
18	0.01167	0.01000	0.01167	0.00834	0.01334	0.00750	0.00667	0.01417	0.01167	0.01834	0.01000	0.01167	0.00834	0.00417	0.00417	0.00083	0.00417	0.00333	0.00333	0.83663
19	0.00686	0.00490	0.00653	0.00784	0.00816	0.00457	0.00522	0.00784	0.01077	0.01437	0.03102	0.79855	0.03722	0.01763	0.00718	0.00229	0.00326	0.01600	0.00522	0.00457
20	0.08770	0.05594	0.42464	0.01389	0.04581	0.01205	0.01523	0.02046	0.01293	0.23889	0.01336	0.01372	0.00910	0.00577	0.00521	0.00174	0.00678	0.00448	0.00383	0.00847
21	0.00809	0.00584	0.00809	0.00809	0.00876	0.00651	0.00584	0.00943	0.00876	0.01235	0.01595	0.02696	0.01618	0.29296	0.53205	0.00786	0.01190	0.00674	0.00315	0.00449
22	0.00690	0.00571	0.00604	0.00596	0.00775	0.00485	0.00447	0.00855	0.01340	0.01657	0.18827	0.05191	0.63272	0.01374	0.00665	0.00188	0.00281	0.01156	0.00541	0.00485
23	0.01284	0.06060	0.03885	0.00965	0.01183	0.00940	0.00802	0.04664	0.01147	0.15532	0.01553	0.02014	0.01312	0.07245	0.37832	0.00545	0.06242	0.00566	0.05597	0.00632
24	0.01321	0.01281	0.02234	0.18756	0.56763	0.01325	0.06735	0.01673	0.01253	0.01754	0.01052	0.01423	0.00860	0.00512	0.00566	0.00173	0.00705	0.00512	0.00273	0.00828
25	0.00665	0.00570	0.00570	0.00570	0.00760	0.00475	0.00428	0.00808	0.01283	0.01520	0.05701	0.05416	0.76483	0.01425	0.00665	0.00190	0.00285	0.01188	0.00523	0.00475
26	0.01099	0.01037	0.01753	0.70662	0.11803	0.01260	0.01581	0.01469	0.01142	0.01481	0.01007	0.01489	0.00766	0.00556	0.00562	0.00185	0.00741	0.00500	0.00253	0.00654
27	0.04173	0.01035	0.02853	0.00851	0.01342	0.00779	0.00700	0.01479	0.01187	0.04883	0.02759	0.01258	0.00947	0.00451	0.00429	0.00094	0.00426	0.00359	0.00353	0.73642
28	0.01108	0.04362	0.51369	0.01446	0.02068	0.01145	0.06705	0.01604	0.01188	0.04297	0.01495	0.17808	0.01381	0.00794	0.00579	0.00188	0.00715	0.00685	0.00317	0.00749
29	0.02525	0.00958	0.01306	0.01001	0.01437	0.00827	0.00827	0.02743	0.01611	0.77102	0.02220	0.01915	0.01393	0.00697	0.00566	0.00174	0.00479	0.00566	0.00697	0.00958
30	0.01129	0.02911	0.77306	0.01604	0.02436	0.01307	0.02079	0.01782	0.01188	0.01782	0.01010	0.01188	0.00713	0.00535	0.00535	0.00178	0.00832	0.00416	0.00238	0.00832
31	0.01205	0.01010	0.01317	0.07124	0.10766	0.00864	0.00866	0.03304	0.01260	0.03728	0.07436	0.02920	0.01280	0.00538	0.00479	0.00117	0.00466	0.00457	0.00363	0.54500
32	0.00806	0.00595	0.00866	0.00866	0.00953	0.00682	0.00655	0.00980	0.00893	0.01278	0.01543	0.02407	0.01492	0.14342	0.67987	0.00857	0.01379	0.00632	0.00307	0.00481
33	0.84197	0.01088	0.00827	0.00740	0.01088	0.01262	0.00609	0.01654	0.00958	0.02525	0.00784	0.00914	0.00609	0.00522	0.00348	0.00174	0.00435	0.00305	0.00348	0.00609
34	0.00678	0.00571	0.00589	0.00584	0.00768	0.00481	0.00438	0.00833	0.01314	0.01595	0.12878	0.05293	0.69260	0.01397	0.00665	0.00189	0.00283	0.01170	0.00532	0.00481
35	0.01049	0.00525	0.00525	0.00525	0.00656	0.00525	0.00393	0.01311	0.01180	0.02098	0.01836	0.02098	0.01442	0.00656	0.00393	0.00131	0.00262	0.00525	0.83346	0.00525
36	0.01233	0.01153	0.01945	0.36513	0.41329	0.01263	0.01596	0.01582	0.01208	0.01674	0.01067	0.01471	0.00853	0.00535	0.00552	0.00175	0.00687	0.00502	0.03903	0.00758
37	0.00665	0.00570	0.00570	0.00570	0.00760	0.00475	0.00428	0.00808	0.01283	0.01520	0.05701	0.05416	0.76483	0.01425	0.00665	0.00190	0.00285	0.01188	0.00523	0.00475
38	0.00787	0.00575	0.00740	0.00698	0.00835	0.00527	0.00524	0.01044	0.01572	0.02206	0.71525	0.04288	0.10232	0.01169	0.00664	0.00178	0.00267	0.01029	0.00613	0.00527
39	0.01167	0.01000	0.01167	0.00834	0.01334	0.00750	0.00667	0.01417	0.01167	0.01834	0.01000	0.01167	0.00834	0.00417	0.00417	0.00083	0.00417	0.00333	0.00333	0.83663
40	0.01167	0.01000	0.01167	0.00834	0.01334	0.00750	0.00667	0.01417	0.01167	0.01834	0.01000	0.01167	0.00834	0.00417	0.00417	0.00083	0.00417	0.00333	0.00333	0.83663
41	0.01502	0.01418	0.06898	0.04541	0.45534	0.02976	0.01470	0.11663	0.01465	0.06022	0.01217	0.04086	0.01001	0.00578	0.00550	0.00164	0.00641	0.00521	0.00349	0.07404
42	0.02070	0.01746	0.01623	0.01299	0.01705	0.16322	0.01048	0.55603	0.06078	0.03037	0.01317	0.01341	0.00962	0.00661	0.00549	0.00165	0.00678	0.00486	0.02424	0.00885
43	0.00978	0.00489	0.00733	0.00733	0.00733	0.00489	0.00489	0.00733	0.00733	0.00978	0.00978	0.01711	0.00978	0.01955	0.02199	0.83627	0.00489	0.00489	0.00244	0.00244
44	0.01706	0.01574	0.02014	0.02584	0.46055	0.12493	0.01453	0.18706	0.01653	0.04684	0.01138	0.01346	0.00899	0.00559	0.00552	0.00165	0.00701	0.00485	0.00360	0.00874
45	0.01167	0.01000	0.01167	0.00834	0.01334	0.00750	0.00667	0.01417	0.01167	0.01834	0.01000	0.01167	0.00834	0.00417	0.00417	0.00083	0.00417	0.00333	0.00333	0.83663
46	0.01167	0.01000	0.01167	0.00834	0.01334	0.00750	0.00667	0.01417	0.01167	0.01834	0.01000	0.01167	0.00834	0.00417	0.00417	0.00083	0.00417	0.00333	0.00333	0.83663
47	0.00890	0.00658	0.00814	0.03474	0.02879	0.00692	0.00514	0.00940	0.00866	0.01188	0.01603	0.03188	0.01791	0.62869	0.05080	0.00490	0.06261	0.00743	0.00328	0.04733
48	0.12802	0.00995	0.01243	0.00973	0.01384	0.00925	0.00801	0.06943	0.01590	0.59673	0.05398	0.01859	0.01447	0.00694	0.00543	0.00174	0.00472	0.00550	0.00641	0.00894
49	0.00702	0.00512	0.00698	0.04203	0.00950	0.00492	0.00568	0.00812	0.01080	0.01437	0.03010	0.76424	0.03592	0.01711	0.00711	0.00227	0.00345	0.01552	0.00510	0.00464
50	0.01560	0.66869	0.05426	0.01095	0.03072	0.11203	0.01033	0.01756	0.01202	0.01357	0.00807	0.00936	0.00726	0.00496	0.00389	0.00126	0.00661	0.00316	0.00247	0.00721
51	0.00802	0.00553	0.00735	0.04795	0.00985	0.00531	0.00575	0.00938	0.01149	0.04132	0.10457	0.53122	0.06649	0.07220	0.00845	0.00239	0.00364	0.02846	0.02577	0.00486
52	0.03325	0.29934	0.17813	0.01199	0.01692	0.12869	0.01189	0.08234	0.03186	0.10297	0.01119	0.01200	0.00859	0.00570	0.00492	0.00152	0.02103	0.00399	0.02592	0.00776

[dist]
# distance from previous block
# <min> <max>
7	11

[block]
# block no. 1 follows, 42 sequences, length 26
# corresponding to MSA columns:
# 124-149
name=unknown_B
#
# <colnr> <probs for GDERKNQSTAVLIFYWHMCP>
#	G	D	E	R	K	N	Q	S	T	A	V	L	I	F	Y	W	H	M	C	P
0	0.01424	0.01427	0.01788	0.01550	0.01585	0.07712	0.01264	0.01512	0.01004	0.01478	0.00881	0.01389	0.00860	0.01029	0.01770	0.00260	0.71567	0.00523	0.00294	0.00684
1	0.01323	0.01312	0.02448	0.35888	0.06184	0.01374	0.33327	0.01687	0.01295	0.01759	0.01218	0.01691	0.00952	0.00620	0.00685	0.00210	0.02821	0.00612	0.03839	0.00755
2	0.00686	0.00490	0.00653	0.00784	0.00816	0.00457	0.00522	0.00784	0.01077	0.01437	0.03102	0.79855	0.03722	0.01763	0.00718	0.00229	0.00326	0.01600	0.00522	0.00457
3	0.01187	0.01291	0.02733	0.02022	0.02473	0.01210	0.58326	0.01578	0.01273	0.01722	0.01571	0.18783	0.01486	0.00758	0.00676	0.00198	0.00812	0.00870	0.00337	0.00692
4	0.02096	0.00875	0.01163	0.00925	0.01270	0.00778	0.00737	0.04022	0.01536	0.56900	0.11157	0.02397	0.01939	0.10538	0.00861	0.00220	0.00465	0.00650	0.00640	0.00830
5	0.01063	0.01000	0.01688	0.78870	0.03876	0.01250	0.01563	0.01438	0.01125	0.01438	0.01000	0.01500	0.00750	0.00563	0.00563	0.00188	0.00750	0.00500	0.00250	0.00625
6	0.01209	0.00938	0.01089	0.00832	0.01238	0.00774	0.00657	0.07034	0.01311	0.03757	0.05640	0.06718	0.01368	0.00599	0.00464	0.00112	0.00404	0.00495	0.08601	0.56761
7	0.02307	0.00987	0.01299	0.00987	0.01432	0.00849	0.00812	0.05167	0.01582	0.63137	0.02006	0.01783	0.01293	0.00654	0.00543	0.00160	0.00475	0.00529	0.00637	0.13362
8	0.01965	0.01272	0.01455	0.01099	0.01560	0.01256	0.00902	0.37679	0.01996	0.20502	0.01461	0.01434	0.01027	0.00610	0.00524	0.00147	0.00531	0.00473	0.00532	0.23576
9	0.01409	0.00663	0.00754	0.00671	0.00881	0.00644	0.00525	0.04468	0.01323	0.18660	0.01891	0.02032	0.01412	0.00778	0.02894	0.00167	0.00363	0.00535	0.59292	0.00636
10	0.01594	0.68915	0.02746	0.01036	0.01489	0.13553	0.00982	0.01769	0.01211	0.01332	0.00795	0.00920	0.00723	0.00496	0.00383	0.00124	0.00664	0.00310	0.00248	0.00712
11	0.01577	0.01238	0.01405	0.04795	0.01620	0.01207	0.00884	0.34170	0.01822	0.02564	0.01238	0.04310	0.00996	0.00591	0.00501	0.00132	0.00520	0.00468	0.00439	0.39522
12	0.01474	0.25144	0.06967	0.02459	0.45461	0.01573	0.01469	0.01775	0.01253	0.05890	0.01038	0.01263	0.00858	0.00508	0.00498	0.00154	0.00648	0.00440	0.00288	0.00841
13	0.01400	0.01209	0.01273	0.01145	0.01463	0.01400	0.00891	0.02990	0.75695	0.02354	0.02291	0.02100	0.01718	0.00764	0.00573	0.00191	0.00445	0.00636	0.00573	0.00891
14	0.00818	0.00546	0.00614	0.00614	0.00614	0.00546	0.00341	0.00818	0.00818	0.01091	0.01773	0.03683	0.02046	0.80222	0.02864	0.00546	0.00546	0.00818	0.00341	0.00341
15	0.01094	0.10730	0.35886	0.08683	0.04848	0.01229	0.07842	0.01519	0.01168	0.01626	0.01457	0.18559	0.01399	0.00796	0.00570	0.00184	0.00691	0.00696	0.00307	0.00713
16	0.00686	0.00490	0.00653	0.00784	0.00816	0.00457	0.00522	0.00784	0.01077	0.01437	0.03102	0.79855	0.03722	0.01763	0.00718	0.00229	0.00326	0.01600	0.00522	0.00457
17	0.01229	0.23688	0.57411	0.01432	0.02170	0.01553	0.01781	0.01756	0.01176	0.01660	0.00949	0.01112	0.00715	0.00520	0.00488	0.00163	0.00770	0.00385	0.00238	0.00802
18	0.00804	0.00601	0.00894	0.00894	0.00991	0.00698	0.00690	0.00998	0.00901	0.01298	0.01517	0.02265	0.01430	0.07011	0.75234	0.00891	0.01472	0.00611	0.00303	0.00497
19	0.11617	0.01777	0.01501	0.16464	0.03719	0.31884	0.01106	0.12806	0.07588	0.01936	0.01098	0.01285	0.00858	0.00721	0.03153	0.00190	0.00798	0.00437	0.00353	0.00707
20	0.01035	0.00962	0.01611	0.73046	0.03648	0.01191	0.01485	0.01389	0.01122	0.01438	0.01157	0.07344	0.00972	0.00652	0.00574	0.00191	0.00719	0.00582	0.00270	0.00613
21	0.00818	0.00546	0.00614	0.00614	0.00614	0.00546	0.00341	0.00818	0.00818	0.01091	0.01773	0.03683	0.02046	0.80222	0.02864	0.00546	0.00546	0.00818	0.00341	0.00341
22	0.00693	0.00496	0.00660	0.00778	0.00818	0.00462	0.00523	0.00802	0.01112	0.01492	0.08046	0.74753	0.03829	0.01722	0.00715	0.00225	0.00322	0.01561	0.00529	0.00462
23	0.01215	0.07730	0.46570	0.07595	0.16655	0.01389	0.01819	0.01777	0.04351	0.01747	0.01049	0.01271	0.00794	0.00551	0.00572	0.00175	0.03220	0.00442	0.00261	0.00816
24	0.09102	0.20734	0.19152	0.08132	0.01878	0.03059	0.01225	0.07887	0.01351	0.17089	0.01208	0.01302	0.00882	0.00656	0.02151	0.00179	0.02426	0.00428	0.00372	0.00787
25	0.01383	0.01258	0.01745	0.07252	0.01729	0.01653	0.03166	0.11049	0.01153	0.04182	0.00898	0.01297	0.00793	0.00890	0.01509	0.00228	0.58333	0.00502	0.00304	0.00676

[dist]
# distance from previous block
# <min> <max>
5	16

[block]
# block no. 2 follows, 42 sequences, length 43
# corresponding to MSA columns:
# 166-208
name=unknown_C
#
# <colnr> <probs for GDERKNQSTAVLIFYWHMCP>
#	G	D	E	R	K	N	Q	S	T	A	V	L	I	F	Y	W	H	M	C	P
0	0.01317	0.01273	0.02079	0.23143	0.53610	0.03206	0.01638	0.01655	0.01245	0.01722	0.01037	0.01405	0.00849	0.00517	0.00553	0.00170	0.00692	0.00493	0.00273	0.03122
1	0.01461	0.01281	0.02004	0.12481	0.49315	0.01325	0.01510	0.12495	0.01462	0.03999	0.01187	0.03866	0.00983	0.00577	0.00559	0.00169	0.00647	0.00532	0.00338	0.03812
2	0.01221	0.01159	0.01759	0.36039	0.26037	0.03614	0.01406	0.01550	0.01198	0.01646	0.01014	0.01380	0.00811	0.00513	0.00528	0.00157	0.00661	0.00460	0.00278	0.18567
3	0.01164	0.00665	0.00866	0.00771	0.00978	0.00593	0.00592	0.01398	0.01526	0.18233	0.48231	0.09055	0.08874	0.01091	0.00639	0.00178	0.00322	0.00951	0.00614	0.03262
4	0.00768	0.00560	0.00721	0.00728	0.00840	0.00517	0.00536	0.00981	0.01422	0.01962	0.49258	0.20670	0.10497	0.03295	0.00736	0.00203	0.00300	0.04923	0.00579	0.00505
5	0.01102	0.00767	0.00845	0.00760	0.00857	0.00804	0.00498	0.16736	0.01211	0.01619	0.01682	0.03181	0.01812	0.63116	0.02369	0.00465	0.00561	0.00751	0.00389	0.00473
6	0.01204	0.21962	0.54940	0.01409	0.02116	0.01502	0.01731	0.01717	0.01162	0.01644	0.00980	0.01171	0.00752	0.00715	0.04554	0.00202	0.00810	0.00397	0.00242	0.00787
7	0.84197	0.01088	0.00827	0.00740	0.01088	0.01262	0.00609	0.01654	0.00958	0.02525	0.00784	0.00914	0.00609	0.00522	0.00348	0.00174	0.00435	0.00305	0.00348	0.00609
8	0.01300	0.11591	0.41893	0.18138	0.04369	0.01401	0.01700	0.05582	0.01273	0.06120	0.01070	0.01277	0.00779	0.00550	0.00524	0.00172	0.00751	0.00436	0.00285	0.00790
9	0.01224	0.20529	0.43668	0.01289	0.01969	0.01401	0.01516	0.01681	0.01173	0.01687	0.00955	0.01117	0.00741	0.00497	0.00469	0.00144	0.00689	0.00371	0.00259	0.18619
10	0.00692	0.00495	0.00659	0.00779	0.00818	0.00462	0.00523	0.00800	0.01108	0.01486	0.07503	0.75313	0.03817	0.01726	0.00715	0.00225	0.00323	0.01565	0.00528	0.00462
11	0.01564	0.72787	0.02814	0.01012	0.01474	0.09787	0.00975	0.01741	0.01189	0.01329	0.00791	0.00914	0.00722	0.00491	0.00376	0.00123	0.00643	0.00307	0.00246	0.00715
12	0.00686	0.00490	0.00653	0.00784	0.00816	0.00457	0.00522	0.00784	0.01077	0.01437	0.03102	0.79855	0.03722	0.01763	0.00718	0.00229	0.00326	0.01600	0.00522	0.00457
13	0.01049	0.00525	0.00525	0.00525	0.00656	0.00525	0.00393	0.01311	0.01180	0.02098	0.01836	0.02098	0.01442	0.00656	0.00393	0.00131	0.00262	0.00525	0.83346	0.00525
14	0.01255	0.01199	0.02021	0.32986	0.44145	0.01323	0.01637	0.01594	0.01198	0.01656	0.01019	0.01427	0.00828	0.00551	0.00627	0.00179	0.04819	0.00500	0.00266	0.00772
15	0.00686	0.00490	0.00653	0.00784	0.00816	0.00457	0.00522	0.00784	0.01077	0.01437	0.03102	0.79855	0.03722	0.01763	0.00718	0.00229	0.00326	0.01600	0.00522	0.00457
16	0.00818	0.00548	0.00627	0.00627	0.00632	0.00553	0.00358	0.00827	0.00822	0.01101	0.01761	0.03615	0.02017	0.76725	0.06321	0.00562	0.00590	0.00808	0.00339	0.00348
17	0.01915	0.02370	0.01623	0.01456	0.01683	0.61567	0.01118	0.02055	0.01437	0.01372	0.00842	0.01061	0.00728	0.00667	0.00795	0.00167	0.17827	0.00390	0.00281	0.00644
18	0.04448	0.00971	0.01280	0.00991	0.01405	0.00868	0.00811	0.06043	0.01607	0.68275	0.02123	0.01945	0.01383	0.04351	0.00666	0.00191	0.00488	0.00568	0.00665	0.00921
19	0.01000	0.00620	0.00818	0.00743	0.00911	0.00566	0.00566	0.01260	0.01595	0.11088	0.67661	0.03934	0.04848	0.01097	0.00652	0.00177	0.00291	0.00964	0.00629	0.00581
20	0.01380	0.01324	0.02261	0.06446	0.73822	0.01334	0.01721	0.01716	0.01275	0.01823	0.01056	0.01397	0.00886	0.00504	0.00557	0.00168	0.00672	0.00501	0.00277	0.00881
21	0.01063	0.01000	0.01688	0.78870	0.03876	0.01250	0.01563	0.01438	0.01125	0.01438	0.01000	0.01500	0.00750	0.00563	0.00563	0.00188	0.00750	0.00500	0.00250	0.00625
22	0.00814	0.00561	0.00707	0.00713	0.00751	0.00592	0.00469	0.00892	0.00869	0.01207	0.01752	0.06767	0.01900	0.49484	0.27048	0.00635	0.00839	0.00777	0.02818	0.00404
23	0.84197	0.01088	0.00827	0.00740	0.01088	0.01262	0.00609	0.01654	0.00958	0.02525	0.00784	0.00914	0.00609	0.00522	0.00348	0.00174	0.00435	0.00305	0.00348	0.00609
24	0.84197	0.01088	0.00827	0.00740	0.01088	0.01262	0.00609	0.01654	0.00958	0.02525	0.00784	0.00914	0.00609	0.00522	0.00348	0.00174	0.00435	0.00305	0.00348	0.00609
25	0.00804	0.00601	0.00896	0.00896	0.00993	0.00699	0.00693	0.00999	0.00902	0.01300	0.01515	0.02255	0.01426	0.06492	0.75747	0.00894	0.01479	0.00609	0.00303	0.00498
26	0.01479	0.70502	0.10806	0.01042	0.01556	0.03900	0.01084	0.01709	0.01159	0.01374	0.00809	0.00936	0.00721	0.00489	0.00383	0.00127	0.00636	0.00315	0.00242	0.00732
27	0.19210	0.01313	0.01892	0.04202	0.53818	0.04463	0.01434	0.01712	0.01222	0.01955	0.01044	0.01415	0.00887	0.00540	0.00516	0.00171	0.00630	0.02472	0.00300	0.00805
28	0.01131	0.00666	0.00870	0.00776	0.00970	0.00614	0.00597	0.01432	0.04058	0.15869	0.60461	0.03718	0.04478	0.01055	0.00643	0.00177	0.00310	0.00923	0.00632	0.00621
29	0.00992	0.00583	0.00706	0.00661	0.00814	0.00547	0.00501	0.01251	0.01446	0.07043	0.44425	0.03362	0.05367	0.00958	0.00565	0.00161	0.00279	0.00823	0.28962	0.00555
30	0.01501	0.09748	0.13698	0.02485	0.44168	0.01367	0.01546	0.01925	0.05448	0.10929	0.01232	0.01413	0.00953	0.00543	0.00535	0.00166	0.00651	0.00483	0.00335	0.00873
31	0.33873	0.06998	0.31952	0.01425	0.08381	0.01358	0.05205	0.01722	0.01110	0.02051	0.00917	0.01097	0.00696	0.00520	0.00459	0.00173	0.00653	0.00385	0.00287	0.00739
32	0.01363	0.01306	0.02230	0.10359	0.70044	0.01329	0.01712	0.01701	0.01267	0.01802	0.01053	0.01403	0.00878	0.00507	0.00558	0.00169	0.00676	0.00501	0.00276	0.00867
33	0.01306	0.01270	0.01984	0.29701	0.44691	0.05561	0.01594	0.01642	0.01241	0.01680	0.01051	0.01431	0.00849	0.00532	0.00551	0.00172	0.00704	0.00494	0.02773	0.00774
34	0.00978	0.00489	0.00733	0.00733	0.00733	0.00489	0.00489	0.00733	0.00733	0.00978	0.00978	0.01711	0.00978	0.01955	0.02199	0.83627	0.00489	0.00489	0.00244	0.00244
35	0.64515	0.06525	0.01033	0.02637	0.01197	0.01249	0.00672	0.01716	0.01069	0.09109	0.05141	0.01201	0.00954	0.00571	0.00391	0.00171	0.00449	0.00372	0.00385	0.00645
36	0.01350	0.36819	0.40543	0.01306	0.01963	0.01734	0.01534	0.05819	0.01250	0.01680	0.00929	0.01072	0.00731	0.00519	0.00460	0.00152	0.00719	0.00371	0.00257	0.00791
37	0.00796	0.00575	0.00752	0.00708	0.00841	0.00531	0.00531	0.01062	0.01593	0.02257	0.76415	0.04204	0.05310	0.01150	0.00664	0.00177	0.00265	0.01018	0.00619	0.00531
38	0.01343	0.00744	0.00925	0.00813	0.01000	0.00724	0.00599	0.07670	0.01340	0.20311	0.14670	0.05410	0.04698	0.26662	0.08565	0.00363	0.00557	0.00773	0.02230	0.00605
39	0.01126	0.01089	0.01949	0.59602	0.09505	0.01263	0.12219	0.01496	0.01157	0.01511	0.01025	0.01500	0.00783	0.00581	0.00620	0.02371	0.00766	0.00524	0.00257	0.00656
40	0.00784	0.00533	0.00631	0.00661	0.00676	0.00523	0.00396	0.00823	0.00926	0.01242	0.06269	0.22519	0.02642	0.56435	0.02212	0.00447	0.00476	0.01022	0.00401	0.00380
41	0.00819	0.00590	0.00783	0.00774	0.00906	0.00555	0.00607	0.01083	0.01533	0.02141	0.61595	0.04636	0.04892	0.01232	0.00687	0.00194	0.00316	0.15529	0.00599	0.00528
42	0.01251	0.18139	0.01879	0.45547	0.04269	0.01456	0.01285	0.08350	0.03031	0.01621	0.01105	0.03122	0.00923	0.05032	0.00651	0.00192	0.00677	0.00502	0.00296	0.00669

[dist]
# distance from previous block
# <min> <max>
2	7

[block]
# block no. 3 follows, 42 sequences, length 30
# corresponding to MSA columns:
# 218-224,233-255
name=unknown_D
#
# <colnr> <probs for GDERKNQSTAVLIFYWHMCP>
#	G	D	E	R	K	N	Q	S	T	A	V	L	I	F	Y	W	H	M	C	P
0	0.23800	0.01247	0.09088	0.26560	0.12768	0.01220	0.01259	0.03824	0.02964	0.01949	0.03035	0.01754	0.02396	0.00643	0.00519	0.00184	0.00615	0.05164	0.00328	0.00684
1	0.01349	0.01309	0.02133	0.02922	0.56441	0.01441	0.01594	0.01627	0.01168	0.01708	0.00972	0.01349	0.00850	0.00632	0.00905	0.00188	0.21825	0.00499	0.00270	0.00817
2	0.00853	0.00605	0.00669	0.00634	0.00835	0.00517	0.00482	0.01025	0.01371	0.08250	0.19028	0.04877	0.56220	0.01309	0.00656	0.00186	0.00298	0.01101	0.00556	0.00528
3	0.01950	0.01444	0.01555	0.01205	0.01616	0.01574	0.00978	0.62364	0.04155	0.03204	0.01390	0.01562	0.01063	0.07596	0.00755	0.00197	0.00597	0.00527	0.00530	0.05739
4	0.01392	0.09374	0.50230	0.01658	0.09723	0.01390	0.01753	0.08214	0.01356	0.08129	0.01124	0.01258	0.00809	0.00552	0.00527	0.00171	0.00747	0.00435	0.00308	0.00849
5	0.01027	0.00529	0.00544	0.00541	0.00672	0.00525	0.00405	0.01290	0.01216	0.02112	0.08336	0.02282	0.01780	0.00699	0.00417	0.00135	0.00263	0.00568	0.76136	0.00525
6	0.02391	0.01172	0.01439	0.01103	0.01544	0.01146	0.00911	0.27748	0.01970	0.51589	0.01919	0.01720	0.01242	0.00689	0.00565	0.00172	0.00528	0.00545	0.00650	0.00957
7	0.01336	0.01433	0.08744	0.03164	0.66581	0.01292	0.01700	0.01686	0.01263	0.01814	0.01153	0.05155	0.01012	0.00565	0.00563	0.00171	0.00666	0.00547	0.00287	0.00865
8	0.01216	0.01210	0.01695	0.01458	0.01461	0.01689	0.01213	0.01342	0.00863	0.01353	0.00765	0.01265	0.00762	0.01097	0.04475	0.00269	0.76512	0.00496	0.00248	0.00612
9	0.00796	0.00575	0.00752	0.00708	0.00841	0.00531	0.00531	0.01062	0.01593	0.02257	0.76415	0.04204	0.05310	0.01150	0.00664	0.00177	0.00265	0.01018	0.00619	0.00531
10	0.00683	0.00500	0.00643	0.00758	0.00809	0.00459	0.00511	0.00787	0.01103	0.01447	0.03419	0.70762	0.12611	0.01722	0.00712	0.00224	0.00321	0.01549	0.00522	0.00459
11	0.08107	0.00806	0.00904	0.00771	0.01025	0.00813	0.00612	0.08821	0.01401	0.22431	0.01780	0.01911	0.01318	0.03133	0.00565	0.00165	0.02327	0.00525	0.41900	0.00686
12	0.01328	0.01518	0.03321	0.02372	0.02941	0.01423	0.74668	0.01803	0.01328	0.01803	0.01139	0.01518	0.00854	0.00474	0.00664	0.00190	0.00949	0.00664	0.00285	0.00759
13	0.00686	0.00490	0.00653	0.00784	0.00816	0.00457	0.00522	0.00784	0.01077	0.01437	0.03102	0.79855	0.03722	0.01763	0.00718	0.00229	0.00326	0.01600	0.00522	0.00457
14	0.00804	0.00603	0.00904	0.00904	0.01005	0.00703	0.00703	0.01005	0.00904	0.01306	0.01507	0.02211	0.01407	0.04221	0.77992	0.00904	0.01507	0.00603	0.00301	0.00502
15	0.00991	0.00843	0.01337	0.28831	0.12267	0.00960	0.01112	0.02707	0.01086	0.01473	0.01477	0.12544	0.01422	0.04332	0.23491	0.02643	0.00888	0.00692	0.00316	0.00590
16	0.01145	0.04832	0.73560	0.01634	0.04261	0.01331	0.02042	0.01778	0.01189	0.01772	0.01005	0.01186	0.00718	0.00532	0.00531	0.00176	0.00822	0.00415	0.00239	0.00830
17	0.01237	0.01245	0.01680	0.01449	0.01463	0.04014	0.01201	0.01365	0.00886	0.01353	0.00780	0.01272	0.00771	0.01128	0.05475	0.00275	0.73050	0.00494	0.00250	0.00611
18	0.00686	0.00490	0.00653	0.00784	0.00816	0.00457	0.00522	0.00784	0.01077	0.01437	0.03102	0.79855	0.03722	0.01763	0.00718	0.00229	0.00326	0.01600	0.00522	0.00457
19	0.00867	0.00675	0.00970	0.00939	0.01018	0.00813	0.00728	0.01043	0.00901	0.01320	0.01445	0.02213	0.01380	0.10417	0.59138	0.00764	0.11205	0.00605	0.03057	0.00503
20	0.04726	0.61189	0.09201	0.01180	0.01697	0.02013	0.10047	0.01706	0.01162	0.01469	0.00845	0.01003	0.00733	0.00487	0.00412	0.00136	0.00657	0.00355	0.00250	0.00731
21	0.00805	0.00597	0.00875	0.00875	0.00965	0.00687	0.00667	0.00986	0.00896	0.01285	0.01534	0.02360	0.01472	0.11914	0.70388	0.00868	0.01410	0.00625	0.00305	0.00486
22	0.01129	0.02911	0.77306	0.01604	0.02436	0.01307	0.02079	0.01782	0.01188	0.01782	0.01010	0.01188	0.00713	0.00535	0.00535	0.00178	0.00832	0.00416	0.00238	0.00832
23	0.08120	0.03044	0.18871	0.02003	0.24708	0.12696	0.04008	0.03128	0.01295	0.01829	0.07130	0.01463	0.01148	0.00620	0.00650	0.00175	0.07557	0.00490	0.00307	0.00760
24	0.00809	0.00584	0.00808	0.00808	0.00875	0.00651	0.00583	0.00943	0.00876	0.01235	0.01596	0.02702	0.01620	0.29558	0.52946	0.00785	0.01187	0.00675	0.00315	0.00449
25	0.01179	0.00985	0.01162	0.01071	0.01234	0.05304	0.00844	0.01722	0.20172	0.04637	0.01630	0.03775	0.01394	0.02191	0.31799	0.00480	0.14024	0.00597	0.05152	0.00647
26	0.04120	0.02178	0.01516	0.01418	0.05140	0.52626	0.01037	0.12584	0.01663	0.01764	0.01223	0.03897	0.03534	0.00745	0.02361	0.00172	0.00874	0.00467	0.01993	0.00688
27	0.01225	0.03907	0.08583	0.36700	0.22228	0.03855	0.10265	0.01605	0.01210	0.01609	0.01072	0.03294	0.00865	0.00561	0.00566	0.00179	0.00754	0.00528	0.00268	0.00728
28	0.00924	0.03898	0.01010	0.06013	0.01231	0.04422	0.02673	0.04178	0.01225	0.01584	0.04400	0.50207	0.03042	0.01452	0.00683	0.00217	0.00453	0.11382	0.00479	0.00528
29	0.05078	0.11807	0.01666	0.01306	0.04070	0.43659	0.00994	0.07794	0.01522	0.01684	0.02780	0.03123	0.00943	0.00594	0.00487	0.00141	0.00789	0.00412	0.00327	0.10824

[dist]
# distance from previous block
# <min> <max>
26	121

[block]
# block no. 4 follows, 42 sequences, length 64
# corresponding to MSA columns:
# 402-465
name=unknown_E
#
# <colnr> <probs for GDERKNQSTAVLIFYWHMCP>
#	G	D	E	R	K	N	Q	S	T	A	V	L	I	F	Y	W	H	M	C	P
0	0.07696	0.07453	0.59291	0.01493	0.02225	0.03731	0.03269	0.05343	0.01254	0.01886	0.00993	0.01158	0.00721	0.00537	0.00513	0.00173	0.00784	0.00408	0.00265	0.00807
1	0.07547	0.09725	0.34761	0.03766	0.02046	0.02832	0.08773	0.01911	0.04231	0.12742	0.05438	0.01490	0.01118	0.00591	0.00530	0.00173	0.00694	0.00487	0.00354	0.00791
2	0.00987	0.04672	0.01131	0.03759	0.01176	0.02466	0.00797	0.01161	0.01157	0.03381	0.17027	0.21123	0.02723	0.04822	0.07467	0.00285	0.17583	0.07306	0.00432	0.00546
3	0.04457	0.77724	0.02873	0.00955	0.01432	0.02192	0.00950	0.01684	0.01137	0.01367	0.00782	0.00903	0.00718	0.00483	0.00361	0.00122	0.00596	0.00301	0.00245	0.00718
4	0.01328	0.01518	0.03321	0.02372	0.02941	0.01423	0.74668	0.01803	0.01328	0.01803	0.01139	0.01518	0.00854	0.00474	0.00664	0.00190	0.00949	0.00664	0.00285	0.00759
5	0.00941	0.00622	0.00718	0.00670	0.00875	0.00538	0.00515	0.01127	0.01405	0.11348	0.23427	0.04676	0.47070	0.01264	0.00654	0.00186	0.00309	0.02532	0.00570	0.00552
6	0.01049	0.00525	0.00525	0.00525	0.00656	0.00525	0.00393	0.01311	0.01180	0.02098	0.01836	0.02098	0.01442	0.00656	0.00393	0.00131	0.00262	0.00525	0.83346	0.00525
7	0.01129	0.02911	0.77306	0.01604	0.02436	0.01307	0.02079	0.01782	0.01188	0.01782	0.01010	0.01188	0.00713	0.00535	0.00535	0.00178	0.00832	0.00416	0.00238	0.00832
8	0.01296	0.01461	0.03159	0.06054	0.02922	0.01385	0.68828	0.01754	0.01311	0.01774	0.01192	0.03921	0.00937	0.00518	0.00661	0.00191	0.00920	0.00685	0.00290	0.00743
9	0.01049	0.00525	0.00525	0.00525	0.00656	0.00525	0.00393	0.01311	0.01180	0.02098	0.01836	0.02098	0.01442	0.00656	0.00393	0.00131	0.00262	0.00525	0.83346	0.00525
10	0.01470	0.05294	0.02063	0.19006	0.42846	0.09578	0.01528	0.08217	0.01396	0.01831	0.01039	0.01348	0.00841	0.00537	0.00544	0.00167	0.00715	0.00477	0.00297	0.00807
11	0.02139	0.01576	0.01689	0.01295	0.01745	0.01745	0.01070	0.74835	0.02646	0.03547	0.01351	0.01351	0.00957	0.00676	0.00563	0.00169	0.00619	0.00507	0.00563	0.00957
12	0.79495	0.05608	0.00948	0.00753	0.01109	0.01317	0.00630	0.01656	0.00968	0.02457	0.00784	0.00914	0.00616	0.00520	0.00349	0.00171	0.00445	0.00305	0.00342	0.00616
13	0.00829	0.00654	0.00837	0.01015	0.06306	0.02557	0.00647	0.02708	0.03418	0.01542	0.02833	0.68007	0.03317	0.01587	0.00693	0.00219	0.00379	0.01435	0.00502	0.00518
14	0.01231	0.01231	0.01724	0.01477	0.01477	0.01724	0.01231	0.01354	0.00862	0.01354	0.00739	0.01231	0.00739	0.00985	0.01847	0.00246	0.79192	0.00492	0.00246	0.00616
15	0.81574	0.01084	0.00843	0.00748	0.01100	0.01248	0.00616	0.01689	0.00979	0.04920	0.00830	0.00946	0.00635	0.00528	0.00355	0.00174	0.00437	0.00313	0.00359	0.00621
16	0.01221	0.22036	0.58993	0.01446	0.02192	0.01534	0.01804	0.01758	0.01177	0.01669	0.00954	0.01118	0.00715	0.00522	0.00492	0.00164	0.00775	0.00388	0.00238	0.00805
17	0.00928	0.00601	0.00791	0.00735	0.00887	0.00551	0.00554	0.01182	0.01569	0.08158	0.66860	0.07804	0.04920	0.01145	0.00659	0.00179	0.00285	0.01011	0.00621	0.00561
18	0.00907	0.00648	0.00907	0.01036	0.01166	0.00648	0.00907	0.01166	0.01296	0.01684	0.02980	0.06348	0.03239	0.01555	0.00777	0.00259	0.00518	0.72924	0.00518	0.00518
19	0.00686	0.00490	0.00653	0.00784	0.00816	0.00457	0.00522	0.00784	0.01077	0.01437	0.03102	0.79855	0.03722	0.01763	0.00718	0.00229	0.00326	0.01600	0.00522	0.00457
20	0.00686	0.00490	0.00653	0.00784	0.00816	0.00457	0.00522	0.00784	0.01077	0.01437	0.03102	0.79855	0.03722	0.01763	0.00718	0.00229	0.00326	0.01600	0.00522	0.00457
21	0.01049	0.00525	0.00525	0.00525	0.00656	0.00525	0.00393	0.01311	0.01180	0.02098	0.01836	0.02098	0.01442	0.00656	0.00393	0.00131	0.00262	0.00525	0.83346	0.00525
22	0.01505	0.80561	0.02949	0.00963	0.01444	0.02227	0.00963	0.01685	0.01143	0.01324	0.00782	0.00903	0.00722	0.00481	0.00361	0.00120	0.00602	0.00301	0.00241	0.00722
23	0.01209	0.01083	0.01704	0.66940	0.05575	0.01316	0.01504	0.10802	0.01323	0.01718	0.01047	0.01478	0.00780	0.00575	0.00563	0.00185	0.00731	0.00501	0.00291	0.00675
24	0.01049	0.00525	0.00525	0.00525	0.00656	0.00525	0.00393	0.01311	0.01180	0.02098	0.01836	0.02098	0.01442	0.00656	0.00393	0.00131	0.00262	0.00525	0.83346	0.00525
25	0.01848	0.35782	0.02170	0.01243	0.01614	0.45774	0.01034	0.02008	0.01403	0.01355	0.00833	0.00967	0.00724	0.00538	0.00445	0.00135	0.00839	0.00336	0.00269	0.00682
26	0.01380	0.01324	0.02261	0.06450	0.73818	0.01334	0.01721	0.01716	0.01275	0.01823	0.01056	0.01397	0.00886	0.00504	0.00557	0.00168	0.00672	0.00501	0.00277	0.00881
27	0.84197	0.01088	0.00827	0.00740	0.01088	0.01262	0.00609	0.01654	0.00958	0.02525	0.00784	0.00914	0.00609	0.00522	0.00348	0.00174	0.00435	0.00305	0.00348	0.00609
28	0.00980	0.00490	0.00726	0.00726	0.00731	0.00490	0.00486	0.00752	0.00748	0.01015	0.01006	0.01724	0.00993	0.01912	0.02140	0.80857	0.00481	0.00490	0.03001	0.00254
29	0.01231	0.01231	0.01724	0.01477	0.01477	0.01724	0.01231	0.01354	0.00862	0.01354	0.00739	0.01231	0.00739	0.00985	0.01847	0.00246	0.79192	0.00492	0.00246	0.00616
30	0.00735	0.00588	0.00666	0.00705	0.00851	0.00535	0.00525	0.00954	0.04961	0.01586	0.07580	0.25323	0.43400	0.01483	0.00685	0.00206	0.00325	0.07865	0.00529	0.00497
31	0.00854	0.00674	0.00987	0.00959	0.01043	0.00816	0.00749	0.01038	0.00896	0.01303	0.01429	0.02160	0.01357	0.07131	0.65864	0.00812	0.10523	0.00599	0.00297	0.00509
32	0.01049	0.00525	0.00525	0.00525	0.00656	0.00525	0.00393	0.01311	0.01180	0.02098	0.01836	0.02098	0.01442	0.00656	0.00393	0.00131	0.00262	0.00525	0.83346	0.00525
33	0.00686	0.00490	0.00653	0.00784	0.00816	0.00457	0.00522	0.00784	0.01077	0.01437	0.03102	0.79855	0.03722	0.01763	0.00718	0.00229	0.00326	0.01600	0.00522	0.00457
34	0.02149	0.01561	0.01679	0.01288	0.01738	0.01722	0.01064	0.73043	0.02620	0.05376	0.01373	0.01365	0.00968	0.00676	0.00563	0.00169	0.00616	0.00508	0.00566	0.00957
35	0.01167	0.01000	0.01167	0.00834	0.01334	0.00750	0.00667	0.01417	0.01167	0.01834	0.01000	0.01167	0.00834	0.00417	0.00417	0.00083	0.00417	0.00333	0.00333	0.83663
36	0.01167	0.01000	0.01167	0.00834	0.01334	0.00750	0.00667	0.01417	0.01167	0.01834	0.01000	0.01167	0.00834	0.00417	0.00417	0.00083	0.00417	0.00333	0.00333	0.83663
37	0.00686	0.00490	0.00653	0.00784	0.00816	0.00457	0.00522	0.00784	0.01077	0.01437	0.03102	0.79855	0.03722	0.01763	0.00718	0.00229	0.00326	0.01600	0.00522	0.00457
38	0.01377	0.06417	0.25208	0.02605	0.44956	0.03700	0.01742	0.01790	0.01265	0.04195	0.01059	0.01307	0.00838	0.00519	0.00538	0.00167	0.00719	0.00462	0.00278	0.00858
39	0.01380	0.01350	0.02355	0.18353	0.06542	0.01471	0.30553	0.12095	0.04984	0.01936	0.01132	0.01470	0.00873	0.00612	0.00791	0.00193	0.12263	0.00572	0.00325	0.00751
40	0.00731	0.00573	0.00662	0.00639	0.00801	0.00503	0.00480	0.00935	0.01439	0.01890	0.41209	0.04807	0.40744	0.01287	0.00664	0.00183	0.00275	0.01102	0.00571	0.00503
41	0.01167	0.01000	0.01167	0.00834	0.01334	0.00750	0.00667	0.01417	0.01167	0.01834	0.01000	0.01167	0.00834	0.00417	0.00417	0.00083	0.00417	0.00333	0.00333	0.83663
42	0.01320	0.01018	0.01186	0.00918	0.01334	0.00880	0.00729	0.13863	0.01429	0.05371	0.01448	0.11992	0.01330	0.00684	0.00498	0.00126	0.00444	0.02391	0.00419	0.52620
43	0.84197	0.01088	0.00827	0.00740	0.01088	0.01262	0.00609	0.01654	0.00958	0.02525	0.00784	0.00914	0.00609	0.00522	0.00348	0.00174	0.00435	0.00305	0.00348	0.00609
44	0.02078	0.05776	0.01649	0.01430	0.01728	0.74954	0.01082	0.02225	0.01577	0.01375	0.00866	0.01010	0.00725	0.00576	0.00502	0.00144	0.00998	0.00360	0.00288	0.00655
45	0.00978	0.00489	0.00733	0.00733	0.00733	0.00489	0.00489	0.00733	0.00733	0.00978	0.00978	0.01711	0.00978	0.01955	0.02199	0.83627	0.00489	0.00489	0.00244	0.00244
46	0.00804	0.00603	0.00904	0.00904	0.01005	0.00703	0.00703	0.01005	0.00904	0.01306	0.01507	0.02211	0.01407	0.04221	0.77992	0.00904	0.01507	0.00603	0.00301	0.00502
47	0.01049	0.00525	0.00525	0.00525	0.00656	0.00525	0.00393	0.01311	0.01180	0.02098	0.01836	0.02098	0.01442	0.00656	0.00393	0.00131	0.00262	0.00525	0.83346	0.00525
48	0.01045	0.00750	0.00883	0.00867	0.00989	0.00770	0.00612	0.17782	0.01386	0.01852	0.02437	0.46769	0.02756	0.17040	0.01107	0.00278	0.00437	0.01194	0.00496	0.00549
49	0.01351	0.27406	0.39788	0.01464	0.02112	0.08179	0.08921	0.01793	0.01223	0.01604	0.00939	0.01116	0.00731	0.00516	0.00490	0.00158	0.00786	0.00400	0.00248	0.00774
50	0.01049	0.00525	0.00525	0.00525	0.00656	0.00525	0.00393	0.01311	0.01180	0.02098	0.01836	0.02098	0.01442	0.00656	0.00393	0.00131	0.00262	0.00525	0.83346	0.00525
51	0.00754	0.00558	0.00760	0.00911	0.04539	0.00527	0.00603	0.00894	0.01163	0.01562	0.11416	0.56138	0.06563	0.04121	0.00776	0.00231	0.00357	0.07122	0.00515	0.00489
52	0.02104	0.02643	0.01598	0.01444	0.01740	0.75242	0.01087	0.04839	0.01632	0.01455	0.00887	0.01027	0.00733	0.00583	0.00509	0.00146	0.01001	0.00368	0.00300	0.00663
53	0.01998	0.01501	0.01610	0.01253	0.01689	0.01653	0.01027	0.62096	0.11886	0.03311	0.01454	0.01438	0.01048	0.00674	0.00557	0.00168	0.00587	0.00515	0.00553	0.04982
54	0.01443	0.61727	0.18655	0.01114	0.01663	0.04356	0.01203	0.01723	0.01167	0.01423	0.00833	0.00967	0.00720	0.00496	0.00402	0.00133	0.00663	0.00327	0.00242	0.00743
55	0.03354	0.01611	0.17081	0.18609	0.36995	0.02917	0.01663	0.05294	0.03763	0.01851	0.01081	0.01376	0.00846	0.00540	0.00548	0.00174	0.00710	0.00481	0.00290	0.00815
56	0.01490	0.67639	0.11598	0.01062	0.01575	0.05835	0.01100	0.01724	0.01171	0.01380	0.00813	0.00942	0.00721	0.00493	0.00389	0.00128	0.00649	0.00317	0.00243	0.00732
57	0.01713	0.01268	0.01278	0.01050	0.01379	0.05246	0.00843	0.39678	0.11460	0.02844	0.01593	0.01656	0.01189	0.00676	0.00510	0.00159	0.00509	0.00521	0.25626	0.00802
58	0.00818	0.00546	0.00614	0.00614	0.00614	0.00546	0.00341	0.00818	0.00818	0.01091	0.01773	0.03683	0.02046	0.80222	0.02864	0.00546	0.00546	0.00818	0.00341	0.00341
59	0.84197	0.01088	0.00827	0.00740	0.01088	0.01262	0.00609	0.01654	0.00958	0.02525	0.00784	0.00914	0.00609	0.00522	0.00348	0.00174	0.00435	0.00305	0.00348	0.00609
60	0.00818	0.00546	0.00614	0.00614	0.00614	0.00546	0.00341	0.00818	0.00818	0.01091	0.01773	0.03683	0.02046	0.80222	0.02864	0.00546	0.00546	0.00818	0.00341	0.00341
61	0.00931	0.00683	0.03316	0.00747	0.00933	0.00574	0.00595	0.01193	0.01548	0.08124	0.60555	0.04049	0.12343	0.01123	0.00652	0.00178	0.00303	0.00980	0.00603	0.00569
62	0.01180	0.01143	0.05049	0.01015	0.01488	0.00906	0.04810	0.01450	0.01148	0.01784	0.00984	0.01193	0.00820	0.00479	0.00571	0.00109	0.07888	0.00370	0.00318	0.67293
63	0.66074	0.01069	0.01015	0.17773	0.01696	0.01260	0.00817	0.01607	0.00994	0.02288	0.00831	0.01042	0.00640	0.00531	0.00395	0.00177	0.00504	0.00347	0.00327	0.00613

[dist]
# distance from previous block
# <min> <max>
0	1

[block]
# block no. 5 follows, 42 sequences, length 265
# corresponding to MSA columns:
# 467-489,492-733
name=unknown_F
#
# <colnr> <probs for GDERKNQSTAVLIFYWHMCP>
#	G	D	E	R	K	N	Q	S	T	A	V	L	I	F	Y	W	H	M	C	P
0	0.01368	0.01329	0.02186	0.13419	0.65010	0.03395	0.01688	0.01703	0.01269	0.01773	0.01046	0.01397	0.00868	0.00512	0.00557	0.00169	0.00689	0.00497	0.00275	0.00850
1	0.01262	0.04791	0.06945	0.11276	0.04153	0.02979	0.14807	0.04866	0.08327	0.01840	0.01334	0.03584	0.01082	0.00668	0.00717	0.00178	0.11579	0.00554	0.16420	0.02638
2	0.00838	0.00538	0.00654	0.00684	0.00751	0.00544	0.00468	0.00974	0.01024	0.01515	0.04633	0.21361	0.04143	0.23687	0.14457	0.00405	0.00570	0.00910	0.21389	0.00453
3	0.01563	0.01239	0.01475	0.01210	0.01560	0.01329	0.06233	0.33522	0.19587	0.02622	0.01875	0.16662	0.01656	0.00875	0.00593	0.00182	0.00533	0.00749	0.00523	0.06012
4	0.00708	0.00509	0.00672	0.00773	0.00828	0.00474	0.00532	0.00836	0.01166	0.01567	0.14034	0.64507	0.06011	0.01657	0.00710	0.00221	0.00322	0.03467	0.00537	0.00470
5	0.01226	0.17888	0.61005	0.01476	0.02226	0.03462	0.01838	0.01775	0.01190	0.01683	0.00962	0.01129	0.00715	0.00526	0.00500	0.00166	0.00792	0.00392	0.00240	0.00806
6	0.02008	0.14737	0.01578	0.01028	0.01433	0.01227	0.00864	0.06801	0.16953	0.40527	0.05571	0.01858	0.01511	0.00694	0.00537	0.00168	0.00491	0.00553	0.00581	0.00882
7	0.00818	0.00546	0.00614	0.00614	0.00614	0.00546	0.00341	0.00818	0.00818	0.01091	0.01773	0.03683	0.02046	0.80222	0.02864	0.00546	0.00546	0.00818	0.00341	0.00341
8	0.01180	0.01133	0.01964	0.51267	0.26353	0.01287	0.05699	0.01548	0.01185	0.01582	0.01026	0.01468	0.00800	0.00539	0.00567	0.00181	0.00736	0.00510	0.00261	0.00715
9	0.01080	0.01017	0.01718	0.75032	0.07582	0.01255	0.01571	0.01453	0.01133	0.01458	0.01003	0.01495	0.00757	0.00560	0.00562	0.00187	0.00746	0.00500	0.00252	0.00639
10	0.00810	0.00616	0.00777	0.00851	0.04419	0.00582	0.00585	0.01013	0.02967	0.01700	0.24058	0.15408	0.19885	0.14147	0.01035	0.00257	0.00377	0.09504	0.00510	0.00501
11	0.02215	0.19132	0.05138	0.01037	0.01495	0.04020	0.00924	0.02441	0.01485	0.53725	0.01790	0.01620	0.01186	0.00636	0.00516	0.00161	0.00543	0.00492	0.00557	0.00887
12	0.01425	0.62167	0.16699	0.01090	0.01622	0.03509	0.01165	0.01694	0.01154	0.01410	0.00848	0.00997	0.00741	0.00606	0.02727	0.00155	0.00680	0.00333	0.00243	0.00735
13	0.01059	0.00989	0.01661	0.73150	0.05707	0.01220	0.01527	0.01424	0.01133	0.01455	0.01098	0.03416	0.00883	0.00613	0.00571	0.00190	0.00733	0.02282	0.00264	0.00626
14	0.01902	0.00928	0.01178	0.00963	0.01304	0.00876	0.00777	0.08919	0.07991	0.42825	0.16795	0.04397	0.05026	0.00863	0.00598	0.00180	0.00438	0.02568	0.00644	0.00828
15	0.01257	0.01211	0.01998	0.37844	0.41901	0.02889	0.01639	0.01606	0.01217	0.01646	0.01028	0.01434	0.00823	0.00531	0.00559	0.00176	0.00713	0.00498	0.00266	0.00765
16	0.01235	0.01176	0.01999	0.39563	0.41838	0.01296	0.01648	0.01589	0.01207	0.01647	0.01031	0.01444	0.00824	0.00531	0.00560	0.00177	0.00708	0.00501	0.00265	0.00764
17	0.01290	0.01232	0.02098	0.26952	0.54018	0.01310	0.01676	0.01637	0.01233	0.01714	0.01040	0.01426	0.00847	0.00520	0.00559	0.00173	0.00694	0.00501	0.00270	0.00808
18	0.00967	0.00489	0.00730	0.00735	0.00736	0.00488	0.00490	0.00735	0.00746	0.00995	0.01056	0.04602	0.01079	0.01948	0.02145	0.80541	0.00483	0.00530	0.00255	0.00252
19	0.00818	0.00546	0.00614	0.00614	0.00614	0.00546	0.00341	0.00818	0.00818	0.01091	0.01773	0.03683	0.02046	0.80222	0.02864	0.00546	0.00546	0.00818	0.00341	0.00341
