[name]
unknown

[dist]
# distance from previous block
# <min> <max>
20	302

[block]
# block no. 0 follows, 42 sequences, length 13
# corresponding to MSA columns:
# 348-360
name=unknown_A
#
# <colnr> <probs for GDERKNQSTAVLIFYWHMCP>
#	G	D	E	R	K	N	Q	S	T	A	V	L	I	F	Y	W	H	M	C	P
0	0.04804	0.00977	0.01157	0.06639	0.04094	0.05510	0.02358	0.06131	0.01326	0.13770	0.02255	0.16728	0.10660	0.06213	0.00754	0.00201	0.01809	0.02540	0.00456	0.11619
1	0.13255	0.01174	0.01209	0.14137	0.04062	0.12540	0.00904	0.03308	0.03943	0.07916	0.07063	0.08498	0.07886	0.04259	0.00700	0.00194	0.03836	0.00655	0.00406	0.04056
2	0.10525	0.01009	0.01333	0.09312	0.03448	0.01029	0.05768	0.10033	0.04655	0.14685	0.04411	0.07252	0.04506	0.00831	0.00688	0.06104	0.02075	0.00614	0.02312	0.09409
3	0.06028	0.05273	0.04780	0.23540	0.02228	0.03650	0.08126	0.10088	0.03115	0.04567	0.04263	0.13706	0.01456	0.00781	0.00595	0.00182	0.02226	0.00676	0.00379	0.04340
4	0.04470	0.01193	0.01278	0.06215	0.04784	0.10121	0.00901	0.08352	0.11928	0.08112	0.01782	0.02000	0.07969	0.04517	0.05092	0.05057	0.07879	0.00575	0.02597	0.05176
5	0.27566	0.00957	0.01158	0.11219	0.01560	0.01039	0.03164	0.03331	0.01221	0.17774	0.06152	0.09444	0.04618	0.02893	0.00664	0.00197	0.05299	0.00633	0.00446	0.00665
6	0.04873	0.02607	0.01522	0.12291	0.03080	0.04474	0.05072	0.18282	0.07566	0.16450	0.01495	0.03278	0.01109	0.00635	0.00533	0.00163	0.00577	0.00523	0.04801	0.10669
7	0.24035	0.09513	0.01343	0.04730	0.01438	0.02730	0.00824	0.12721	0.10203	0.11821	0.01527	0.10680	0.01293	0.00738	0.00496	0.00172	0.00500	0.00573	0.00454	0.04211
8	0.03438	0.00695	0.00904	0.08122	0.01157	0.00716	0.03292	0.05437	0.01123	0.01534	0.08590	0.19032	0.05686	0.35974	0.01619	0.00351	0.00499	0.00943	0.00414	0.00475
9	0.01060	0.00975	0.01640	0.67355	0.03503	0.01181	0.04666	0.01424	0.01143	0.01504	0.01220	0.01672	0.03292	0.00594	0.00558	0.00184	0.00709	0.00532	0.06168	0.00619
10	0.06999	0.00585	0.00607	0.00600	0.00752	0.00586	0.00450	0.01352	0.01176	0.06382	0.01943	0.11822	0.01668	0.00788	0.00441	0.00149	0.00295	0.00647	0.62209	0.00547
11	0.01372	0.01301	0.01133	0.01031	0.01218	0.23229	0.03385	0.06709	0.01332	0.01727	0.01541	0.10086	0.01426	0.06587	0.08431	0.00261	0.04443	0.00622	0.23580	0.00583
12	0.01033	0.00556	0.00581	0.00583	0.00715	0.00567	0.00436	0.01342	0.04450	0.02038	0.01915	0.06599	0.01585	0.00873	0.03647	0.00172	0.00326	0.00595	0.71452	0.00536

[dist]
# distance from previous block
# <min> <max>
4	27

[block]
# block no. 1 follows, 42 sequences, length 36
# corresponding to MSA columns:
# 388-423
name=unknown_B
#
# <colnr> <probs for GDERKNQSTAVLIFYWHMCP>
#	G	D	E	R	K	N	Q	S	T	A	V	L	I	F	Y	W	H	M	C	P
0	0.03665	0.10319	0.26869	0.01271	0.01802	0.01251	0.05713	0.07395	0.06541	0.13651	0.03102	0.08685	0.01297	0.00697	0.00541	0.00171	0.00623	0.00579	0.00403	0.05424
1	0.01598	0.07808	0.08828	0.04745	0.01714	0.01375	0.01040	0.25775	0.13865	0.06117	0.03381	0.01494	0.01141	0.00615	0.00518	0.00153	0.00557	0.00482	0.00452	0.18343
2	0.02025	0.04622	0.01650	0.01234	0.01667	0.04940	0.03020	0.43937	0.10306	0.14780	0.01526	0.01486	0.01082	0.00659	0.00550	0.00166	0.00595	0.00512	0.00542	0.04702
3	0.04990	0.01244	0.01375	0.01053	0.01488	0.01241	0.00857	0.35532	0.04384	0.06435	0.06808	0.01534	0.01268	0.00620	0.00513	0.00142	0.00504	0.00485	0.00487	0.29041
4	0.04990	0.01264	0.01375	0.01072	0.01499	0.01292	0.00869	0.34290	0.12187	0.06049	0.01628	0.01625	0.05004	0.00650	0.00520	0.00150	0.00507	0.00507	0.00495	0.24026
5	0.01724	0.01154	0.01314	0.01039	0.01432	0.01156	0.00835	0.25813	0.12914	0.16747	0.07127	0.01941	0.03992	0.02992	0.00613	0.00168	0.00487	0.00571	0.00540	0.17442
6	0.00927	0.00748	0.01001	0.13260	0.04423	0.00770	0.00771	0.03380	0.07269	0.02027	0.41360	0.05690	0.14098	0.01043	0.00635	0.00182	0.00387	0.00911	0.00525	0.00591
7	0.01312	0.01254	0.02137	0.22014	0.58787	0.01316	0.01687	0.01656	0.01243	0.01740	0.01044	0.01419	0.00857	0.00516	0.00558	0.00172	0.00689	0.00501	0.00272	0.00826
8	0.01382	0.01391	0.04494	0.03348	0.70963	0.01340	0.05309	0.01732	0.01281	0.01835	0.01061	0.01393	0.00884	0.00501	0.00562	0.00169	0.00687	0.00507	0.00278	0.00883
9	0.01063	0.01000	0.01688	0.78870	0.03876	0.01250	0.01563	0.01438	0.01125	0.01438	0.01000	0.01500	0.00750	0.00563	0.00563	0.00188	0.00750	0.00500	0.00250	0.00625
10	0.00737	0.00573	0.00669	0.00645	0.00804	0.00505	0.00484	0.00946	0.01451	0.01921	0.44159	0.04757	0.37776	0.01276	0.00664	0.00183	0.00274	0.01095	0.00575	0.00505
11	0.00796	0.00575	0.00752	0.00708	0.00841	0.00531	0.00531	0.01062	0.01593	0.02257	0.76415	0.04204	0.05310	0.01150	0.00664	0.00177	0.00265	0.01018	0.00619	0.00531
12	0.02139	0.01576	0.01689	0.01295	0.01745	0.01745	0.01070	0.74835	0.02646	0.03547	0.01351	0.01351	0.00957	0.00676	0.00563	0.00169	0.00619	0.00507	0.00563	0.00957
13	0.84197	0.01088	0.00827	0.00740	0.01088	0.01262	0.00609	0.01654	0.00958	0.02525	0.00784	0.00914	0.00609	0.00522	0.00348	0.00174	0.00435	0.00305	0.00348	0.00609
14	0.00796	0.00575	0.00752	0.00708	0.00841	0.00531	0.00531	0.01062	0.01593	0.02257	0.76415	0.04204	0.05310	0.01150	0.00664	0.00177	0.00265	0.01018	0.00619	0.00531
15	0.01328	0.01518	0.03321	0.02372	0.02941	0.01423	0.74668	0.01803	0.01328	0.01803	0.01139	0.01518	0.00854	0.00474	0.00664	0.00190	0.00949	0.00664	0.00285	0.00759
16	0.01167	0.01000	0.01167	0.00834	0.01334	0.00750	0.00667	0.01417	0.01167	0.01834	0.01000	0.01167	0.00834	0.00417	0.00417	0.00083	0.00417	0.00333	0.00333	0.83663
17	0.01400	0.01209	0.01273	0.01145	0.01463	0.01400	0.00891	0.02990	0.75695	0.02354	0.02291	0.02100	0.01718	0.00764	0.00573	0.00191	0.00445	0.00636	0.00573	0.00891
18	0.84197	0.01088	0.00827	0.00740	0.01088	0.01262	0.00609	0.01654	0.00958	0.02525	0.00784	0.00914	0.00609	0.00522	0.00348	0.00174	0.00435	0.00305	0.00348	0.00609
19	0.01871	0.01284	0.01437	0.01171	0.01537	0.01384	0.00952	0.48240	0.06326	0.11321	0.01836	0.11789	0.01558	0.00882	0.00598	0.00185	0.00550	0.05651	0.00570	0.00860
20	0.00707	0.00569	0.00630	0.00620	0.00787	0.00492	0.00463	0.00887	0.01375	0.01751	0.27990	0.07176	0.51879	0.01348	0.00666	0.00187	0.00280	0.01146	0.00553	0.00492
21	0.01231	0.01231	0.01724	0.01477	0.01477	0.01724	0.01231	0.01354	0.00862	0.01354	0.00739	0.01231	0.00739	0.00985	0.01847	0.00246	0.79192	0.00492	0.00246	0.00616
22	0.00686	0.00490	0.00653	0.00784	0.00816	0.00457	0.00522	0.00784	0.01077	0.01437	0.03102	0.79855	0.03722	0.01763	0.00718	0.00229	0.00326	0.01600	0.00522	0.00457
23	0.84197	0.01088	0.00827	0.00740	0.01088	0.01262	0.00609	0.01654	0.00958	0.02525	0.00784	0.00914	0.00609	0.00522	0.00348	0.00174	0.00435	0.00305	0.00348	0.00609
24	0.02102	0.02682	0.01595	0.01450	0.01740	0.77963	0.01087	0.02247	0.01595	0.01377	0.00870	0.01015	0.00725	0.00580	0.00507	0.00145	0.01015	0.00362	0.00290	0.00652
25	0.00804	0.00603	0.00904	0.00904	0.01005	0.00703	0.00703	0.01005	0.00904	0.01306	0.01507	0.02211	0.01407	0.04221	0.77992	0.00904	0.01507	0.00603	0.00301	0.00502
26	0.00691	0.00498	0.00646	0.00761	0.00803	0.00463	0.00507	0.00787	0.01079	0.01425	0.03211	0.71145	0.08513	0.05577	0.00820	0.00241	0.00334	0.01534	0.00514	0.00453
27	0.84197	0.01088	0.00827	0.00740	0.01088	0.01262	0.00609	0.01654	0.00958	0.02525	0.00784	0.00914	0.00609	0.00522	0.00348	0.00174	0.00435	0.00305	0.00348	0.00609
28	0.02525	0.00958	0.01306	0.01001	0.01437	0.00827	0.00827	0.02743	0.01611	0.77102	0.02220	0.01915	0.01393	0.00697	0.00566	0.00174	0.00479	0.00566	0.00697	0.00958
29	0.00665	0.00570	0.00570	0.00570	0.00760	0.00475	0.00428	0.00808	0.01283	0.01520	0.05701	0.05416	0.76483	0.01425	0.00665	0.00190	0.00285	0.01188	0.00523	0.00475
30	0.01365	0.01309	0.02234	0.09859	0.70526	0.01330	0.01713	0.01703	0.01268	0.01805	0.01054	0.01402	0.00879	0.00507	0.00558	0.00169	0.00675	0.00501	0.00276	0.00869
31	0.02081	0.02585	0.01589	0.01433	0.01731	0.72068	0.01080	0.05522	0.04043	0.01506	0.00937	0.01065	0.00767	0.00590	0.00512	0.00148	0.00979	0.00378	0.00311	0.00674
32	0.00978	0.00489	0.00733	0.00733	0.00733	0.00489	0.00489	0.00733	0.00733	0.00978	0.00978	0.01711	0.00978	0.01955	0.02199	0.83627	0.00489	0.00489	0.00244	0.00244
33	0.00734	0.00570	0.00667	0.00648	0.00804	0.00504	0.00484	0.00940	0.01439	0.01902	0.42506	0.06942	0.37254	0.01292	0.00666	0.00184	0.00276	0.01111	0.00573	0.00504
34	0.05661	0.02934	0.05609	0.08472	0.01773	0.01233	0.01018	0.25516	0.03884	0.29274	0.01677	0.05475	0.01216	0.00703	0.00553	0.00173	0.00559	0.00562	0.00539	0.03170
35	0.00686	0.00490	0.00653	0.00784	0.00816	0.00457	0.00522	0.00784	0.01077	0.01437	0.03102	0.79855	0.03722	0.01763	0.00718	0.00229	0.00326	0.01600	0.00522	0.00457

[dist]
# distance from previous block
# <min> <max>
0	8

[block]
# block no. 2 follows, 42 sequences, length 45
# corresponding to MSA columns:
# 432-476
name=unknown_C
#
# <colnr> <probs for GDERKNQSTAVLIFYWHMCP>
#	G	D	E	R	K	N	Q	S	T	A	V	L	I	F	Y	W	H	M	C	P
0	0.01328	0.01518	0.03321	0.02372	0.02941	0.01423	0.74668	0.01803	0.01328	0.01803	0.01139	0.01518	0.00854	0.00474	0.00664	0.00190	0.00949	0.00664	0.00285	0.00759
1	0.01691	0.56228	0.02526	0.01115	0.01537	0.25890	0.01002	0.01861	0.01284	0.01341	0.00810	0.00938	0.00723	0.00512	0.00407	0.00128	0.00731	0.00320	0.00256	0.00700
2	0.01287	0.01058	0.01194	0.01150	0.04505	0.01174	0.00842	0.10035	0.43624	0.02276	0.09188	0.16976	0.02317	0.00969	0.00607	0.00193	0.00434	0.00835	0.00554	0.00782
3	0.00818	0.00622	0.00923	0.00915	0.01009	0.00732	0.00710	0.01011	0.00901	0.01302	0.01490	0.02221	0.01404	0.06286	0.73385	0.00873	0.03992	0.00606	0.00301	0.00502
4	0.01251	0.28110	0.53176	0.01396	0.02114	0.01605	0.01717	0.01751	0.01174	0.01634	0.00936	0.01096	0.00716	0.00517	0.00478	0.00159	0.00757	0.00379	0.00239	0.00796
5	0.01437	0.01201	0.01274	0.01141	0.01463	0.01381	0.00889	0.02982	0.73272	0.04799	0.02288	0.02094	0.01707	0.00761	0.00572	0.00190	0.00446	0.00634	0.00577	0.00893
6	0.00726	0.00507	0.00641	0.00732	0.00755	0.00484	0.00467	0.00794	0.00998	0.01331	0.02697	0.56640	0.03211	0.25675	0.01372	0.00325	0.00393	0.01362	0.00467	0.00422
7	0.00818	0.00546	0.00614	0.00614	0.00614	0.00546	0.00341	0.00818	0.00818	0.01091	0.01773	0.03683	0.02046	0.80222	0.02864	0.00546	0.00546	0.00818	0.00341	0.00341
8	0.00793	0.00545	0.00611	0.00620	0.00643	0.00532	0.00362	0.00815	0.00887	0.01161	0.02295	0.08776	0.10417	0.66427	0.02482	0.00486	0.00503	0.00910	0.00373	0.00363
9	0.00686	0.00571	0.00599	0.00592	0.00773	0.00484	0.00444	0.00848	0.01332	0.01638	0.17033	0.05222	0.65078	0.01381	0.00665	0.00188	0.00282	0.01160	0.00538	0.00484
10	0.00796	0.00575	0.00752	0.00708	0.00841	0.00531	0.00531	0.01062	0.01593	0.02257	0.76415	0.04204	0.05310	0.01150	0.00664	0.00177	0.00265	0.01018	0.00619	0.00531
11	0.01505	0.80561	0.02949	0.00963	0.01444	0.02227	0.00963	0.01685	0.01143	0.01324	0.00782	0.00903	0.00722	0.00481	0.00361	0.00120	0.00602	0.00301	0.00241	0.00722
12	0.00754	0.04384	0.00792	0.00805	0.00862	0.00583	0.00561	0.00862	0.01077	0.01450	0.02877	0.71139	0.03413	0.01642	0.00725	0.00221	0.02736	0.01469	0.03172	0.00477
13	0.01231	0.01231	0.01724	0.01477	0.01477	0.01724	0.01231	0.01354	0.00862	0.01354	0.00739	0.01231	0.00739	0.00985	0.01847	0.00246	0.79192	0.00492	0.00246	0.00616
14	0.02525	0.00958	0.01306	0.01001	0.01437	0.00827	0.00827	0.02743	0.01611	0.77102	0.02220	0.01915	0.01393	0.00697	0.00566	0.00174	0.00479	0.00566	0.00697	0.00958
15	0.00701	0.00601	0.00604	0.00598	0.00794	0.00520	0.00450	0.00913	0.04880	0.01561	0.05536	0.05256	0.72869	0.01393	0.00661	0.00190	0.00293	0.01161	0.00525	0.00495
16	0.01400	0.01209	0.01273	0.01145	0.01463	0.01400	0.00891	0.02990	0.75695	0.02354	0.02291	0.02100	0.01718	0.00764	0.00573	0.00191	0.00445	0.00636	0.00573	0.00891
17	0.00731	0.00550	0.00798	0.00877	0.00941	0.00516	0.04131	0.00857	0.01104	0.01470	0.02999	0.71339	0.03552	0.01687	0.00719	0.00229	0.00369	0.06144	0.00511	0.00476
18	0.01180	0.01042	0.01340	0.00957	0.01463	0.00804	0.06622	0.01448	0.01180	0.01831	0.01011	0.01195	0.00835	0.00421	0.00437	0.00092	0.00460	0.00360	0.00329	0.76990
19	0.00864	0.00689	0.01010	0.00975	0.01058	0.00841	0.00766	0.01048	0.00896	0.01306	0.01408	0.02121	0.01334	0.06226	0.64900	0.00801	0.12354	0.00594	0.00295	0.00513
20	0.01388	0.56540	0.25951	0.01161	0.01751	0.01942	0.01308	0.01715	0.01157	0.01466	0.00853	0.00991	0.00719	0.00498	0.00415	0.00138	0.00673	0.00336	0.00240	0.00756
21	0.01799	0.01037	0.01240	0.01016	0.01391	0.01023	0.00812	0.04448	0.28311	0.32822	0.08480	0.02076	0.01770	0.00726	0.00559	0.00170	0.00445	0.00601	0.00599	0.10675
22	0.01270	0.01428	0.07330	0.07333	0.08017	0.01263	0.39683	0.03202	0.01278	0.01799	0.01124	0.03155	0.00899	0.00525	0.00630	0.00169	0.03308	0.00573	0.00298	0.16718
23	0.01248	0.01781	0.20075	0.02112	0.02712	0.01345	0.54134	0.01744	0.01283	0.01778	0.01214	0.05622	0.00975	0.00557	0.00637	0.00189	0.00889	0.00657	0.00287	0.00760
24	0.00686	0.00490	0.00653	0.00784	0.00816	0.00457	0.00522	0.00784	0.01077	0.01437	0.03102	0.79855	0.03722	0.01763	0.00718	0.00229	0.00326	0.01600	0.00522	0.00457
25	0.08463	0.01193	0.01332	0.06576	0.01586	0.01308	0.00911	0.36783	0.06652	0.05891	0.01842	0.13616	0.05011	0.02394	0.00639	0.00189	0.01953	0.00702	0.00507	0.02450
26	0.01319	0.01349	0.05733	0.13260	0.61710	0.01303	0.01691	0.01669	0.01256	0.01775	0.01161	0.01495	0.02700	0.00534	0.00559	0.00171	0.00678	0.00514	0.00279	0.00843
27	0.02408	0.03337	0.01440	0.01067	0.01507	0.01076	0.00886	0.19190	0.01834	0.58160	0.01981	0.01758	0.01275	0.00686	0.00559	0.00171	0.00514	0.00545	0.00653	0.00951
28	0.01400	0.01209	0.01273	0.01145	0.01463	0.01400	0.00891	0.02990	0.75695	0.02354	0.02291	0.02100	0.01718	0.00764	0.00573	0.00191	0.00445	0.00636	0.00573	0.00891
29	0.01146	0.01077	0.01775	0.59701	0.17534	0.01276	0.01552	0.01590	0.05828	0.01571	0.01092	0.01518	0.00838	0.00564	0.00562	0.00184	0.00716	0.00509	0.00276	0.00692
30	0.01673	0.37174	0.06822	0.01315	0.06777	0.09319	0.01114	0.19100	0.08161	0.02007	0.01091	0.01176	0.00877	0.00566	0.00466	0.00147	0.00651	0.00406	0.00353	0.00804
31	0.01483	0.01250	0.01319	0.01162	0.01495	0.01438	0.00911	0.11031	0.67520	0.02488	0.02185	0.02016	0.01633	0.00754	0.00572	0.00188	0.00465	0.00622	0.00572	0.00898
32	0.02525	0.00958	0.01306	0.01001	0.01437	0.00827	0.00827	0.02743	0.01611	0.77102	0.02220	0.01915	0.01393	0.00697	0.00566	0.00174	0.00479	0.00566	0.00697	0.00958
33	0.02525	0.00958	0.01306	0.01001	0.01437	0.00827	0.00827	0.02743	0.01611	0.77102	0.02220	0.01915	0.01393	0.00697	0.00566	0.00174	0.00479	0.00566	0.00697	0.00958
34	0.00672	0.00541	0.00600	0.00646	0.00780	0.00469	0.00461	0.00799	0.01210	0.01490	0.04776	0.31913	0.50584	0.01546	0.00684	0.00204	0.00300	0.01334	0.00523	0.00469
35	0.00804	0.00603	0.00904	0.00904	0.01005	0.00703	0.00703	0.01005	0.00904	0.01306	0.01507	0.02211	0.01407	0.04221	0.77992	0.00904	0.01507	0.00603	0.00301	0.00502
36	0.00683	0.00499	0.00644	0.00760	0.00810	0.00459	0.00512	0.00786	0.01100	0.01446	0.03393	0.71524	0.11865	0.01725	0.00712	0.00224	0.00322	0.01554	0.00522	0.00459
37	0.02525	0.00958	0.01306	0.01001	0.01437	0.00827	0.00827	0.02743	0.01611	0.77102	0.02220	0.01915	0.01393	0.00697	0.00566	0.00174	0.00479	0.00566	0.00697	0.00958
38	0.01049	0.00525	0.00525	0.00525	0.00656	0.00525	0.00393	0.01311	0.01180	0.02098	0.01836	0.02098	0.01442	0.00656	0.00393	0.00131	0.00262	0.00525	0.83346	0.00525
39	0.84197	0.01088	0.00827	0.00740	0.01088	0.01262	0.00609	0.01654	0.00958	0.02525	0.00784	0.00914	0.00609	0.00522	0.00348	0.00174	0.00435	0.00305	0.00348	0.00609
40	0.00748	0.00573	0.00685	0.00657	0.00811	0.00510	0.00493	0.00968	0.01479	0.01985	0.50359	0.04650	0.31536	0.01252	0.00664	0.00182	0.00273	0.01080	0.00584	0.00510
41	0.01524	0.78080	0.02906	0.00978	0.01454	0.04640	0.00967	0.01703	0.01158	0.01326	0.00785	0.00906	0.00722	0.00485	0.00366	0.00121	0.00615	0.00303	0.00242	0.00720
42	0.01368	0.01155	0.01211	0.00993	0.01367	0.04773	0.00783	0.11150	0.25106	0.03697	0.06612	0.02057	0.08056	0.00708	0.00529	0.00148	0.00460	0.00575	0.00478	0.28773
43	0.02023	0.01501	0.01613	0.01261	0.01683	0.01662	0.01032	0.66715	0.07272	0.03370	0.01494	0.05108	0.01137	0.00733	0.00571	0.00173	0.00594	0.00567	0.00562	0.00929
44	0.01383	0.01327	0.02267	0.05638	0.74602	0.01335	0.01722	0.01719	0.01277	0.01827	0.01057	0.01396	0.00887	0.00503	0.00557	0.00168	0.00671	0.00501	0.00278	0.00884

[dist]
# distance from previous block
# <min> <max>
0	5

[block]
# block no. 3 follows, 42 sequences, length 42
# corresponding to MSA columns:
# 482-523
name=unknown_D
#
# <colnr> <probs for GDERKNQSTAVLIFYWHMCP>
#	G	D	E	R	K	N	Q	S	T	A	V	L	I	F	Y	W	H	M	C	P
0	0.02495	0.01006	0.01336	0.01024	0.01461	0.00898	0.00846	0.08345	0.01691	0.71386	0.02153	0.01872	0.01359	0.00695	0.00566	0.00174	0.00490	0.00561	0.00686	0.00958
1	0.02139	0.01576	0.01689	0.01295	0.01745	0.01745	0.01070	0.74835	0.02646	0.03547	0.01351	0.01351	0.00957	0.00676	0.00563	0.00169	0.00619	0.00507	0.00563	0.00957
2	0.00762	0.00574	0.00704	0.00671	0.00819	0.00516	0.00504	0.00994	0.01511	0.02061	0.57616	0.04526	0.24231	0.01224	0.00664	0.00180	0.00271	0.01063	0.00594	0.00516
3	0.00818	0.00546	0.00614	0.00614	0.00614	0.00546	0.00341	0.00818	0.00818	0.01091	0.01773	0.03683	0.02046	0.80222	0.02864	0.00546	0.00546	0.00818	0.00341	0.00341
4	0.00796	0.00575	0.00752	0.00708	0.00841	0.00531	0.00531	0.01062	0.01593	0.02257	0.76415	0.04204	0.05310	0.01150	0.00664	0.00177	0.00265	0.01018	0.00619	0.00531
5	0.01328	0.01518	0.03321	0.02372	0.02941	0.01423	0.74668	0.01803	0.01328	0.01803	0.01139	0.01518	0.00854	0.00474	0.00664	0.00190	0.00949	0.00664	0.00285	0.00759
6	0.02139	0.01576	0.01689	0.01295	0.01745	0.01745	0.01070	0.74835	0.02646	0.03547	0.01351	0.01351	0.00957	0.00676	0.00563	0.00169	0.00619	0.00507	0.00563	0.00957
7	0.01231	0.01231	0.01724	0.01477	0.01477	0.01724	0.01231	0.01354	0.00862	0.01354	0.00739	0.01231	0.00739	0.00985	0.01847	0.00246	0.79192	0.00492	0.00246	0.00616
8	0.00792	0.00575	0.00745	0.00703	0.00838	0.00529	0.00527	0.01052	0.01581	0.02229	0.73731	0.04250	0.08012	0.01161	0.00664	0.00177	0.00266	0.01024	0.00616	0.00529
9	0.01168	0.01051	0.01633	0.63808	0.03420	0.01241	0.01425	0.07853	0.01263	0.01664	0.01031	0.01452	0.00777	0.00557	0.00547	0.00175	0.00703	0.00483	0.00286	0.09464
10	0.02513	0.00977	0.01318	0.01010	0.01446	0.00855	0.00835	0.04956	0.01643	0.74843	0.02194	0.01898	0.01380	0.00696	0.00566	0.00174	0.00483	0.00564	0.00692	0.00958
11	0.01231	0.01231	0.01724	0.01477	0.01477	0.01724	0.01231	0.01354	0.00862	0.01354	0.00739	0.01231	0.00739	0.00985	0.01847	0.00246	0.79192	0.00492	0.00246	0.00616
12	0.01173	0.00709	0.00899	0.00801	0.01009	0.00663	0.00624	0.06407	0.01619	0.14948	0.48515	0.05971	0.09678	0.01094	0.00646	0.00181	0.00338	0.03484	0.00615	0.00626
13	0.01149	0.05278	0.71822	0.01617	0.02426	0.01341	0.05146	0.01780	0.01193	0.01769	0.01008	0.01193	0.00719	0.00530	0.00535	0.00177	0.00830	0.00423	0.00240	0.00825
14	0.00692	0.00494	0.00660	0.00791	0.00827	0.00463	0.00534	0.00795	0.01084	0.01444	0.03098	0.77685	0.03708	0.01757	0.00720	0.00229	0.00332	0.03706	0.00522	0.00459
15	0.00944	0.00693	0.00932	0.01040	0.01183	0.00708	0.00896	0.01315	0.07745	0.01736	0.02923	0.07802	0.03119	0.01491	0.00758	0.00252	0.00507	0.64884	0.00523	0.00549
16	0.00978	0.00489	0.00733	0.00733	0.00733	0.00489	0.00489	0.00733	0.00733	0.00978	0.00978	0.01711	0.00978	0.01955	0.02199	0.83627	0.00489	0.00489	0.00244	0.00244
17	0.00703	0.00513	0.00700	0.04310	0.00954	0.00493	0.00569	0.00813	0.01080	0.01437	0.03007	0.76317	0.03588	0.01709	0.00711	0.00227	0.00346	0.01550	0.00510	0.00465
18	0.00686	0.00490	0.00653	0.00784	0.00816	0.00457	0.00522	0.00784	0.01077	0.01437	0.03102	0.79855	0.03722	0.01763	0.00718	0.00229	0.00326	0.01600	0.00522	0.00457
19	0.02060	0.01499	0.01604	0.01239	0.01666	0.01656	0.01020	0.69461	0.02539	0.03441	0.01387	0.01406	0.00993	0.00674	0.00551	0.00166	0.00593	0.00508	0.06614	0.00925
20	0.02086	0.01419	0.01547	0.01196	0.01618	0.01541	0.00985	0.60716	0.02408	0.11319	0.01486	0.01477	0.01046	0.00676	0.00549	0.00166	0.00573	0.00515	0.07760	0.00920
21	0.01999	0.01095	0.01318	0.01054	0.01428	0.01095	0.00861	0.25651	0.05595	0.34601	0.12603	0.02310	0.03462	0.00805	0.00589	0.00177	0.00490	0.03374	0.00626	0.00867
22	0.01437	0.01201	0.01274	0.01140	0.01462	0.01381	0.00889	0.02982	0.73232	0.04839	0.02288	0.02094	0.01707	0.00761	0.00572	0.00190	0.00446	0.00634	0.00577	0.00893
23	0.01167	0.01000	0.01167	0.00834	0.01334	0.00750	0.00667	0.01417	0.01167	0.01834	0.01000	0.01167	0.00834	0.00417	0.00417	0.00083	0.00417	0.00333	0.00333	0.83663
24	0.00673	0.00567	0.00584	0.00587	0.00767	0.00477	0.00437	0.00821	0.01291	0.01558	0.09518	0.08517	0.69434	0.01424	0.00667	0.00191	0.00286	0.01196	0.00528	0.00477
25	0.73963	0.01149	0.00935	0.00809	0.01170	0.01323	0.00667	0.10782	0.01168	0.02652	0.00854	0.00969	0.00653	0.00542	0.00375	0.00173	0.00458	0.00330	0.00375	0.00653
26	0.00978	0.00489	0.00733	0.00733	0.00733	0.00489	0.00489	0.00733	0.00733	0.00978	0.00978	0.01711	0.00978	0.01955	0.02199	0.83627	0.00489	0.00489	0.00244	0.00244
27	0.00686	0.00490	0.00653	0.00784	0.00816	0.00457	0.00522	0.00784	0.01077	0.01437	0.03102	0.79855	0.03722	0.01763	0.00718	0.00229	0.00326	0.01600	0.00522	0.00457
28	0.01964	0.02462	0.01865	0.01664	0.05111	0.63991	0.11399	0.02163	0.01544	0.01456	0.00915	0.01101	0.00750	0.00562	0.00531	0.00152	0.00991	0.00411	0.00289	0.00678
29	0.01226	0.01167	0.01983	0.41584	0.39887	0.01293	0.01644	0.01581	0.01202	0.01636	0.01029	0.01447	0.00820	0.00532	0.00560	0.00177	0.00710	0.00501	0.00264	0.00757
30	0.00907	0.00648	0.00907	0.01036	0.01166	0.00648	0.00907	0.01166	0.01296	0.01684	0.02980	0.06348	0.03239	0.01555	0.00777	0.00259	0.00518	0.72924	0.00518	0.00518
31	0.00745	0.00640	0.00647	0.00633	0.00837	0.00576	0.00478	0.01046	0.09424	0.01611	0.05328	0.05053	0.68303	0.01353	0.00655	0.00190	0.00303	0.01127	0.00528	0.00521
32	0.01328	0.01518	0.03321	0.02372	0.02941	0.01423	0.74668	0.01803	0.01328	0.01803	0.01139	0.01518	0.00854	0.00474	0.00664	0.00190	0.00949	0.00664	0.00285	0.00759
33	0.00818	0.00546	0.00614	0.00614	0.00614	0.00546	0.00341	0.00818	0.00818	0.01091	0.01773	0.03683	0.02046	0.80222	0.02864	0.00546	0.00546	0.00818	0.00341	0.00341
34	0.01393	0.01337	0.02284	0.03454	0.76712	0.01337	0.01727	0.01727	0.01281	0.01839	0.01059	0.01393	0.00891	0.00501	0.00557	0.00167	0.00669	0.00501	0.00279	0.00891
35	0.01129	0.02911	0.77306	0.01604	0.02436	0.01307	0.02079	0.01782	0.01188	0.01782	0.01010	0.01188	0.00713	0.00535	0.00535	0.00178	0.00832	0.00416	0.00238	0.00832
36	0.01393	0.01337	0.02284	0.03454	0.76712	0.01337	0.01727	0.01727	0.01281	0.01839	0.01059	0.01393	0.00891	0.00501	0.00557	0.00167	0.00669	0.00501	0.00279	0.00891
37	0.02156	0.01549	0.01672	0.01282	0.01731	0.01704	0.01059	0.71628	0.02600	0.06819	0.01390	0.01376	0.00976	0.00676	0.00563	0.00169	0.00613	0.00509	0.00569	0.00957
38	0.01067	0.00993	0.01654	0.74315	0.03711	0.01242	0.01519	0.01432	0.01119	0.01455	0.01017	0.01510	0.00770	0.00578	0.00595	0.00188	0.02999	0.00501	0.02713	0.00622
39	0.01393	0.01337	0.02284	0.03454	0.76712	0.01337	0.01727	0.01727	0.01281	0.01839	0.01059	0.01393	0.00891	0.00501	0.00557	0.00167	0.00669	0.00501	0.00279	0.00891
40	0.02109	0.01440	0.18080	0.01157	0.01670	0.01023	0.01119	0.08753	0.03802	0.50122	0.03642	0.01766	0.01308	0.00672	0.00561	0.00175	0.00563	0.00541	0.00578	0.00918
41	0.84197	0.01088	0.00827	0.00740	0.01088	0.01262	0.00609	0.01654	0.00958	0.02525	0.00784	0.00914	0.00609	0.00522	0.00348	0.00174	0.00435	0.00305	0.00348	0.00609

[dist]
# distance from previous block
# <min> <max>
0	1

[block]
# block no. 4 follows, 42 sequences, length 22
# corresponding to MSA columns:
# 525-546
name=unknown_E
#
# <colnr> <probs for GDERKNQSTAVLIFYWHMCP>
#	G	D	E	R	K	N	Q	S	T	A	V	L	I	F	Y	W	H	M	C	P
0	0.01145	0.06326	0.74037	0.01576	0.02392	0.01347	0.02030	0.01778	0.01186	0.01762	0.01000	0.01176	0.00713	0.00532	0.00527	0.00176	0.00822	0.00411	0.00238	0.00827
1	0.01927	0.14048	0.06777	0.01389	0.01735	0.59748	0.01138	0.02110	0.01482	0.01396	0.00863	0.01016	0.00724	0.00574	0.00525	0.00146	0.03091	0.00361	0.00278	0.00673
2	0.01235	0.00672	0.00893	0.00782	0.00992	0.00606	0.00606	0.01489	0.01597	0.21265	0.57571	0.03623	0.04315	0.01035	0.00639	0.00176	0.00320	0.00903	0.00639	0.00639
3	0.61538	0.01195	0.01048	0.00880	0.01256	0.01354	0.00726	0.18603	0.01377	0.06148	0.00980	0.01061	0.00725	0.00566	0.00408	0.00173	0.00480	0.00363	0.00414	0.00706
4	0.00996	0.00667	0.00848	0.00774	0.00949	0.00639	0.00590	0.01385	0.08695	0.08414	0.63218	0.03814	0.04644	0.01076	0.00647	0.00178	0.00300	0.00944	0.00621	0.00601
5	0.17449	0.01067	0.01271	0.00994	0.01415	0.01033	0.00821	0.12463	0.01633	0.53305	0.01837	0.01654	0.01189	0.00662	0.00526	0.00173	0.00490	0.00510	0.00614	0.00894
6	0.00686	0.00490	0.00653	0.00784	0.00816	0.00457	0.00522	0.00784	0.01077	0.01437	0.03102	0.79855	0.03722	0.01763	0.00718	0.00229	0.00326	0.01600	0.00522	0.00457
7	0.00705	0.00498	0.00647	0.00759	0.00787	0.00470	0.00496	0.00789	0.01040	0.01386	0.02909	0.68779	0.03478	0.13171	0.01030	0.00275	0.00358	0.01486	0.00496	0.00440
8	0.01357	0.01171	0.01231	0.01112	0.01422	0.01346	0.00864	0.02863	0.71340	0.02305	0.02490	0.02294	0.06094	0.00802	0.00578	0.00191	0.00436	0.00669	0.00570	0.00866
9	0.00804	0.00603	0.00904	0.00904	0.01005	0.00703	0.00703	0.01005	0.00904	0.01306	0.01507	0.02211	0.01407	0.04221	0.77992	0.00904	0.01507	0.00603	0.00301	0.00502
10	0.01167	0.01000	0.01167	0.00834	0.01334	0.00750	0.00667	0.01417	0.01167	0.01834	0.01000	0.01167	0.00834	0.00417	0.00417	0.00083	0.00417	0.00333	0.00333	0.83663
11	0.00898	0.13246	0.01091	0.00756	0.00934	0.00793	0.00599	0.01134	0.01472	0.02030	0.57401	0.10929	0.04431	0.01103	0.00621	0.00173	0.00325	0.00960	0.00550	0.00554
12	0.00686	0.00490	0.00653	0.00784	0.00816	0.00457	0.00522	0.00784	0.01077	0.01437	0.03102	0.79855	0.03722	0.01763	0.00718	0.00229	0.00326	0.01600	0.00522	0.00457
13	0.00907	0.00648	0.00907	0.01036	0.01166	0.00648	0.00907	0.01166	0.01296	0.01684	0.02980	0.06348	0.03239	0.01555	0.00777	0.00259	0.00518	0.72924	0.00518	0.00518
14	0.02412	0.00983	0.01303	0.01016	0.01439	0.00884	0.00833	0.02767	0.09018	0.69628	0.02227	0.01934	0.01426	0.00703	0.00567	0.00176	0.00476	0.00573	0.00684	0.00951
15	0.02261	0.01380	0.01568	0.01202	0.01648	0.01455	0.00993	0.52014	0.02318	0.26831	0.01626	0.01530	0.01095	0.00682	0.00564	0.00171	0.00575	0.00525	0.00605	0.00957
16	0.01505	0.80561	0.02949	0.00963	0.01444	0.02227	0.00963	0.01685	0.01143	0.01324	0.00782	0.00903	0.00722	0.00481	0.00361	0.00120	0.00602	0.00301	0.00241	0.00722
17	0.00665	0.00570	0.00570	0.00570	0.00760	0.00475	0.00428	0.00808	0.01283	0.01520	0.05701	0.05416	0.76483	0.01425	0.00665	0.00190	0.00285	0.01188	0.00523	0.00475
18	0.00684	0.00494	0.00648	0.00771	0.00813	0.00458	0.00517	0.00785	0.01090	0.01442	0.03255	0.75463	0.08015	0.01743	0.00715	0.00226	0.00324	0.01576	0.00522	0.00458
19	0.00686	0.00490	0.00653	0.00784	0.00816	0.00457	0.00522	0.00784	0.01077	0.01437	0.03102	0.79855	0.03722	0.01763	0.00718	0.00229	0.00326	0.01600	0.00522	0.00457
20	0.00804	0.00603	0.00904	0.00904	0.01005	0.00703	0.00703	0.01005	0.00904	0.01306	0.01507	0.02211	0.01407	0.04221	0.77992	0.00904	0.01507	0.00603	0.00301	0.00502
21	0.01332	0.01509	0.03269	0.02426	0.06633	0.01419	0.71018	0.01799	0.01326	0.01804	0.01135	0.01512	0.00856	0.00476	0.00659	0.00189	0.00935	0.00656	0.00284	0.00766

[dist]
# distance from previous block
# <min> <max>
0	5

[block]
# block no. 5 follows, 42 sequences, length 38
# corresponding to MSA columns:
# 552-589
name=unknown_F
#
# <colnr> <probs for GDERKNQSTAVLIFYWHMCP>
#	G	D	E	R	K	N	Q	S	T	A	V	L	I	F	Y	W	H	M	C	P
0	0.02086	0.01460	0.01582	0.01224	0.01652	0.01597	0.01008	0.63410	0.04317	0.08880	0.01467	0.01455	0.01037	0.00678	0.00554	0.00168	0.00584	0.00515	0.05396	0.00930
1	0.01488	0.77153	0.06212	0.00991	0.01488	0.02186	0.01012	0.01689	0.01145	0.01344	0.00792	0.00915	0.00722	0.00484	0.00369	0.00123	0.00612	0.00306	0.00241	0.00727
2	0.00757	0.00523	0.00644	0.00704	0.00723	0.00512	0.00439	0.00811	0.00940	0.01258	0.02366	0.38265	0.02780	0.41200	0.05185	0.00417	0.00488	0.01164	0.00422	0.00401
3	0.00796	0.00575	0.00752	0.00708	0.00841	0.00531	0.00531	0.01062	0.01593	0.02257	0.76415	0.04204	0.05310	0.01150	0.00664	0.00177	0.00265	0.01018	0.00619	0.00531
4	0.01167	0.01000	0.01167	0.00834	0.01334	0.00750	0.00667	0.01417	0.01167	0.01834	0.01000	0.01167	0.00834	0.00417	0.00417	0.00083	0.00417	0.00333	0.00333	0.83663
5	0.00796	0.00575	0.00752	0.00708	0.00841	0.00531	0.00531	0.01062	0.01593	0.02257	0.76415	0.04204	0.05310	0.01150	0.00664	0.00177	0.00265	0.01018	0.00619	0.00531
6	0.84197	0.01088	0.00827	0.00740	0.01088	0.01262	0.00609	0.01654	0.00958	0.02525	0.00784	0.00914	0.00609	0.00522	0.00348	0.00174	0.00435	0.00305	0.00348	0.00609
7	0.01146	0.06400	0.73966	0.01575	0.02391	0.01348	0.02029	0.01778	0.01186	0.01762	0.01000	0.01175	0.00713	0.00532	0.00527	0.00176	0.00821	0.00411	0.00238	0.00827
8	0.01505	0.80561	0.02949	0.00963	0.01444	0.02227	0.00963	0.01685	0.01143	0.01324	0.00782	0.00903	0.00722	0.00481	0.00361	0.00120	0.00602	0.00301	0.00241	0.00722
9	0.01328	0.01518	0.03321	0.02372	0.02941	0.01423	0.74668	0.01803	0.01328	0.01803	0.01139	0.01518	0.00854	0.00474	0.00664	0.00190	0.00949	0.00664	0.00285	0.00759
10	0.01366	0.01290	0.02085	0.09528	0.59494	0.01339	0.01591	0.01888	0.12170	0.01880	0.01234	0.01506	0.01000	0.00545	0.00560	0.00172	0.00643	0.00521	0.00319	0.00869
11	0.01328	0.01518	0.03321	0.02372	0.02941	0.01423	0.74668	0.01803	0.01328	0.01803	0.01139	0.01518	0.00854	0.00474	0.00664	0.00190	0.00949	0.00664	0.00285	0.00759
12	0.01231	0.01231	0.01724	0.01477	0.01477	0.01724	0.01231	0.01354	0.00862	0.01354	0.00739	0.01231	0.00739	0.00985	0.01847	0.00246	0.79192	0.00492	0.00246	0.00616
13	0.00691	0.00499	0.00656	0.00779	0.00823	0.00464	0.00528	0.00796	0.01095	0.01448	0.03246	0.73548	0.07834	0.01738	0.00717	0.00227	0.00330	0.03601	0.00522	0.00460
14	0.01129	0.02911	0.77306	0.01604	0.02436	0.01307	0.02079	0.01782	0.01188	0.01782	0.01010	0.01188	0.00713	0.00535	0.00535	0.00178	0.00832	0.00416	0.00238	0.00832
15	0.00692	0.00495	0.00661	0.00791	0.00827	0.00463	0.00534	0.00795	0.01084	0.01444	0.03098	0.77584	0.03707	0.01757	0.00720	0.00229	0.00332	0.03803	0.00522	0.00459
16	0.01540	0.01191	0.01287	0.01134	0.01468	0.01347	0.00888	0.04813	0.65813	0.10458	0.02259	0.02060	0.01663	0.00754	0.00572	0.00189	0.00453	0.00625	0.00586	0.00900
17	0.01063	0.01000	0.01688	0.78870	0.03876	0.01250	0.01563	0.01438	0.01125	0.01438	0.01000	0.01500	0.00750	0.00563	0.00563	0.00188	0.00750	0.00500	0.00250	0.00625
18	0.01228	0.21578	0.56047	0.01484	0.02219	0.01534	0.05071	0.01760	0.01184	0.01673	0.00961	0.01134	0.00721	0.00519	0.00499	0.00165	0.00782	0.00399	0.00240	0.00802
19	0.00700	0.00525	0.00651	0.00732	0.00819	0.00477	0.00515	0.00831	0.01186	0.01540	0.10019	0.50375	0.23135	0.01612	0.00702	0.00215	0.00319	0.04646	0.00531	0.00471
20	0.02513	0.00977	0.01318	0.01010	0.01446	0.00856	0.00835	0.05010	0.01643	0.74788	0.02193	0.01898	0.01379	0.00696	0.00566	0.00174	0.00483	0.00564	0.00692	0.00958
21	0.01239	0.14535	0.52945	0.01619	0.02345	0.03271	0.12911	0.01781	0.01212	0.01706	0.00991	0.01191	0.00736	0.00518	0.00527	0.00170	0.00819	0.00435	0.00246	0.00800
22	0.01063	0.01000	0.01688	0.78870	0.03876	0.01250	0.01563	0.01438	0.01125	0.01438	0.01000	0.01500	0.00750	0.00563	0.00563	0.00188	0.00750	0.00500	0.00250	0.00625
23	0.00831	0.00587	0.00752	0.00711	0.00858	0.00536	0.00539	0.01082	0.01552	0.04102	0.64889	0.04336	0.12580	0.01180	0.00665	0.00181	0.00281	0.03194	0.00608	0.00536
24	0.02102	0.02682	0.01595	0.01450	0.01740	0.77963	0.01087	0.02247	0.01595	0.01377	0.00870	0.01015	0.00725	0.00580	0.00507	0.00145	0.01015	0.00362	0.00290	0.00652
25	0.01424	0.01553	0.01333	0.01220	0.01379	0.31055	0.00943	0.03326	0.01203	0.01386	0.01123	0.01615	0.01037	0.06042	0.27599	0.00447	0.15938	0.00497	0.00295	0.00585
26	0.00684	0.00494	0.00648	0.00771	0.00813	0.00458	0.00517	0.00785	0.01089	0.01441	0.03253	0.75519	0.07961	0.01743	0.00715	0.00226	0.00324	0.01576	0.00522	0.00458
27	0.00805	0.00600	0.00890	0.00890	0.00986	0.00696	0.00686	0.00996	0.00900	0.01296	0.01520	0.02282	0.01438	0.07906	0.74349	0.00887	0.01461	0.00613	0.00303	0.00495
28	0.84197	0.01088	0.00827	0.00740	0.01088	0.01262	0.00609	0.01654	0.00958	0.02525	0.00784	0.00914	0.00609	0.00522	0.00348	0.00174	0.00435	0.00305	0.00348	0.00609
29	0.84197	0.01088	0.00827	0.00740	0.01088	0.01262	0.00609	0.01654	0.00958	0.02525	0.00784	0.00914	0.00609	0.00522	0.00348	0.00174	0.00435	0.00305	0.00348	0.00609
30	0.01092	0.01030	0.01741	0.72103	0.10412	0.01258	0.01578	0.01464	0.01139	0.01474	0.01005	0.01491	0.00763	0.00557	0.00562	0.00186	0.00743	0.00500	0.00253	0.00649
31	0.01382	0.01326	0.02265	0.05857	0.74391	0.01334	0.01722	0.01718	0.01276	0.01826	0.01057	0.01396	0.00887	0.00503	0.00557	0.00168	0.00671	0.00501	0.00278	0.00883
32	0.00978	0.00489	0.00733	0.00733	0.00733	0.00489	0.00489	0.00733	0.00733	0.00978	0.00978	0.01711	0.00978	0.01955	0.02199	0.83627	0.00489	0.00489	0.00244	0.00244
33	0.01393	0.01337	0.02284	0.03454	0.76712	0.01337	0.01727	0.01727	0.01281	0.01839	0.01059	0.01393	0.00891	0.00501	0.00557	0.00167	0.00669	0.00501	0.00279	0.00891
34	0.01393	0.01337	0.02284	0.03454	0.76712	0.01337	0.01727	0.01727	0.01281	0.01839	0.01059	0.01393	0.00891	0.00501	0.00557	0.00167	0.00669	0.00501	0.00279	0.00891
35	0.00749	0.00558	0.00782	0.05428	0.02998	0.00546	0.00655	0.00887	0.01109	0.01473	0.02913	0.65469	0.03424	0.01638	0.00711	0.00228	0.00380	0.09064	0.00500	0.00485
36	0.84197	0.01088	0.00827	0.00740	0.01088	0.01262	0.00609	0.01654	0.00958	0.02525	0.00784	0.00914	0.00609	0.00522	0.00348	0.00174	0.00435	0.00305	0.00348	0.00609
37	0.84197	0.01088	0.00827	0.00740	0.01088	0.01262	0.00609	0.01654	0.00958	0.02525	0.00784	0.00914	0.00609	0.00522	0.00348	0.00174	0.00435	0.00305	0.00348	0.00609

[dist]
# distance from previous block
# <min> <max>
0	10

[block]
# block no. 6 follows, 42 sequences, length 164
# corresponding to MSA columns:
# 600-616,621-631,634-693,698-773
name=unknown_G
#
# <colnr> <probs for GDERKNQSTAVLIFYWHMCP>
#	G	D	E	R	K	N	Q	S	T	A	V	L	I	F	Y	W	H	M	C	P
0	0.01083	0.01015	0.01689	0.71626	0.07010	0.01229	0.01526	0.01450	0.01134	0.01475	0.01003	0.01479	0.00761	0.00553	0.00555	0.00181	0.00730	0.00492	0.00255	0.04753
1	0.84197	0.01088	0.00827	0.00740	0.01088	0.01262	0.00609	0.01654	0.00958	0.02525	0.00784	0.00914	0.00609	0.00522	0.00348	0.00174	0.00435	0.00305	0.00348	0.00609
2	0.84197	0.01088	0.00827	0.00740	0.01088	0.01262	0.00609	0.01654	0.00958	0.02525	0.00784	0.00914	0.00609	0.00522	0.00348	0.00174	0.00435	0.00305	0.00348	0.00609
3	0.02083	0.01243	0.01517	0.05122	0.05906	0.01289	0.01009	0.33991	0.05547	0.29926	0.03596	0.03392	0.01307	0.00708	0.00570	0.00174	0.00554	0.00571	0.00581	0.00912
4	0.00676	0.00539	0.00606	0.00655	0.00783	0.00469	0.00466	0.00803	0.01209	0.01502	0.06070	0.34175	0.46967	0.01551	0.00686	0.00205	0.00301	0.01344	0.00524	0.00469
5	0.00818	0.00546	0.00614	0.00614	0.00614	0.00546	0.00341	0.00818	0.00818	0.01091	0.01773	0.03683	0.02046	0.80222	0.02864	0.00546	0.00546	0.00818	0.00341	0.00341
6	0.01393	0.01337	0.02284	0.03454	0.76712	0.01337	0.01727	0.01727	0.01281	0.01839	0.01059	0.01393	0.00891	0.00501	0.00557	0.00167	0.00669	0.00501	0.00279	0.00891
7	0.00772	0.00574	0.00718	0.00682	0.00826	0.00520	0.00511	0.01014	0.01534	0.02118	0.63068	0.04433	0.18743	0.01202	0.00664	0.00179	0.00269	0.01050	0.00601	0.00520
8	0.01167	0.01000	0.01167	0.00834	0.01334	0.00750	0.00667	0.01417	0.01167	0.01834	0.01000	0.01167	0.00834	0.00417	0.00417	0.00083	0.00417	0.00333	0.00333	0.83663
9	0.01147	0.06760	0.73620	0.01572	0.02387	0.01353	0.02024	0.01777	0.01186	0.01759	0.00999	0.01174	0.00713	0.00532	0.00526	0.00175	0.00820	0.00410	0.00238	0.00826
10	0.01631	0.00986	0.01214	0.00891	0.01369	0.00776	0.00722	0.01870	0.01319	0.27550	0.01417	0.01423	0.01025	0.00512	0.00468	0.00114	0.00438	0.00413	0.00457	0.55405
11	0.00686	0.00490	0.00653	0.00784	0.00816	0.00457	0.00522	0.00784	0.01077	0.01437	0.03102	0.79855	0.03722	0.01763	0.00718	0.00229	0.00326	0.01600	0.00522	0.00457
12	0.00673	0.00570	0.00580	0.00578	0.00765	0.00478	0.00433	0.00822	0.01300	0.01562	0.09685	0.05348	0.72473	0.01410	0.00665	0.00189	0.00284	0.01178	0.00528	0.00478
13	0.01167	0.01000	0.01167	0.00834	0.01334	0.00750	0.00667	0.01417	0.01167	0.01834	0.01000	0.01167	0.00834	0.00417	0.00417	0.00083	0.00417	0.00333	0.00333	0.83663
14	0.01187	0.01179	0.05750	0.01087	0.01615	0.00873	0.10837	0.01490	0.01190	0.01827	0.01020	0.01216	0.00830	0.00431	0.00457	0.00103	0.00513	0.00383	0.00321	0.67691
15	0.02001	0.01047	0.03408	0.01030	0.01415	0.00972	0.00852	0.02621	0.22367	0.46708	0.09434	0.02169	0.01846	0.00755	0.00576	0.00179	0.00459	0.00625	0.00641	0.00894
16	0.79513	0.01057	0.00810	0.00728	0.01064	0.01221	0.00597	0.01635	0.00970	0.02501	0.00843	0.00981	0.00656	0.00530	0.00351	0.00172	0.00426	0.00317	0.05025	0.00605
17	0.04905	0.00962	0.01292	0.00994	0.01426	0.00840	0.00821	0.02711	0.01592	0.74928	0.02178	0.01886	0.01370	0.00691	0.00560	0.00174	0.00478	0.00558	0.00686	0.00948
18	0.01063	0.01000	0.01688	0.78870	0.03876	0.01250	0.01563	0.01438	0.01125	0.01438	0.01000	0.01500	0.00750	0.00563	0.00563	0.00188	0.00750	0.00500	0.00250	0.00625
19	0.00771	0.00574	0.00717	0.00682	0.00825	0.00520	0.00511	0.01013	0.01533	0.02115	0.62853	0.04436	0.18960	0.01203	0.00664	0.00179	0.00269	0.01050	0.00601	0.00520
20	0.00907	0.00648	0.00907	0.01036	0.01166	0.00648	0.00907	0.01166	0.01296	0.01684	0.02980	0.06348	0.03239	0.01555	0.00777	0.00259	0.00518	0.72924	0.00518	0.00518
21	0.02139	0.01576	0.01689	0.01295	0.01745	0.01745	0.01070	0.74835	0.02646	0.03547	0.01351	0.01351	0.00957	0.00676	0.00563	0.00169	0.00619	0.00507	0.00563	0.00957
22	0.00686	0.00490	0.00653	0.00784	0.00816	0.00457	0.00522	0.00784	0.01077	0.01437	0.03102	0.79855	0.03722	0.01763	0.00718	0.00229	0.00326	0.01600	0.00522	0.00457
23	0.01418	0.01218	0.01283	0.01149	0.01470	0.01408	0.00895	0.04753	0.73903	0.02383	0.02267	0.02081	0.01699	0.00761	0.00572	0.00190	0.00450	0.00633	0.00572	0.00892
24	0.01505	0.80561	0.02949	0.00963	0.01444	0.02227	0.00963	0.01685	0.01143	0.01324	0.00782	0.00903	0.00722	0.00481	0.00361	0.00120	0.00602	0.00301	0.00241	0.00722
25	0.84197	0.01088	0.00827	0.00740	0.01088	0.01262	0.00609	0.01654	0.00958	0.02525	0.00784	0.00914	0.00609	0.00522	0.00348	0.00174	0.00435	0.00305	0.00348	0.00609
26	0.00784	0.00583	0.00748	0.03330	0.00979	0.00584	0.00591	0.01053	0.08985	0.01553	0.02912	0.66880	0.03349	0.01587	0.00689	0.00220	0.00351	0.01432	0.02879	0.00510
27	0.02176	0.01518	0.01653	0.01267	0.01716	0.01658	0.01047	0.67982	0.02548	0.10539	0.01434	0.01405	0.00998	0.00678	0.00563	0.00169	0.00606	0.00512	0.00576	0.00957
28	0.01393	0.01337	0.02284	0.03454	0.76712	0.01337	0.01727	0.01727	0.01281	0.01839	0.01059	0.01393	0.00891	0.00501	0.00557	0.00167	0.00669	0.00501	0.00279	0.00891
29	0.00907	0.00648	0.00907	0.01036	0.01166	0.00648	0.00907	0.01166	0.01296	0.01684	0.02980	0.06348	0.03239	0.01555	0.00777	0.00259	0.00518	0.72924	0.00518	0.00518
30	0.02139	0.01576	0.01689	0.01295	0.01745	0.01745	0.01070	0.74835	0.02646	0.03547	0.01351	0.01351	0.00957	0.00676	0.00563	0.00169	0.00619	0.00507	0.00563	0.00957
31	0.01393	0.01337	0.02284	0.03454	0.76712	0.01337	0.01727	0.01727	0.01281	0.01839	0.01059	0.01393	0.00891	0.00501	0.00557	0.00167	0.00669	0.00501	0.00279	0.00891
32	0.02139	0.01576	0.01689	0.01295	0.01745	0.01745	0.01070	0.74835	0.02646	0.03547	0.01351	0.01351	0.00957	0.00676	0.00563	0.00169	0.00619	0.00507	0.00563	0.00957
33	0.02516	0.00971	0.01314	0.01008	0.01443	0.00847	0.00832	0.04336	0.01634	0.75476	0.02201	0.01903	0.01383	0.00696	0.00566	0.00174	0.00482	0.00565	0.00694	0.00958
34	0.01201	0.01022	0.01185	0.00855	0.01349	0.00796	0.00684	0.03551	0.03212	0.01897	0.01045	0.01197	0.00861	0.00433	0.00425	0.00089	0.00423	0.00346	0.00346	0.79082
35	0.02139	0.01576	0.01689	0.01295	0.01745	0.01745	0.01070	0.74835	0.02646	0.03547	0.01351	0.01351	0.00957	0.00676	0.00563	0.00169	0.00619	0.00507	0.00563	0.00957
36	0.01496	0.78882	0.04557	0.00977	0.01466	0.02207	0.00987	0.01687	0.01144	0.01334	0.00787	0.00909	0.00722	0.00483	0.00365	0.00122	0.00607	0.00303	0.00241	0.00725
37	0.01261	0.01410	0.03041	0.02206	0.02719	0.01322	0.66906	0.01696	0.01302	0.01764	0.01344	0.09719	0.01154	0.00609	0.00670	0.00194	0.00884	0.00762	0.00310	0.00727
