[name]
unknown

[dist]
# distance from previous block
# <min> <max>
7	355

[block]
# block no. 0 follows, 44 sequences, length 24
# corresponding to MSA columns:
# 364-387
name=unknown_A
#
# <colnr> <probs for GDERKNQSTAVLIFYWHMCP>
#	G	D	E	R	K	N	Q	S	T	A	V	L	I	F	Y	W	H	M	C	P
0	0.01286	0.00998	0.03251	0.00928	0.01196	0.03157	0.00729	0.15691	0.09253	0.07207	0.05746	0.18413	0.01963	0.10579	0.00829	0.00211	0.00464	0.02270	0.02738	0.13092
1	0.02539	0.01543	0.10616	0.03640	0.07990	0.03508	0.49940	0.03813	0.01286	0.01761	0.01216	0.07266	0.01016	0.00571	0.00613	0.00182	0.00824	0.00653	0.00296	0.00728
2	0.29978	0.29701	0.10938	0.00926	0.01349	0.03085	0.00903	0.03739	0.01152	0.04175	0.07101	0.01240	0.01064	0.00556	0.00405	0.00149	0.00527	0.00382	0.01964	0.00668
3	0.01549	0.14698	0.03853	0.01022	0.01343	0.06157	0.00848	0.30293	0.05392	0.03403	0.01420	0.05649	0.01259	0.14882	0.00902	0.00221	0.00570	0.00561	0.05268	0.00709
4	0.00690	0.00493	0.00661	0.00778	0.00824	0.00464	0.00541	0.00808	0.01091	0.01457	0.06998	0.69389	0.03645	0.01657	0.00698	0.00221	0.00331	0.08290	0.00511	0.00452
5	0.07331	0.01019	0.02871	0.01046	0.04979	0.03652	0.00766	0.19653	0.03321	0.04731	0.02039	0.27238	0.05426	0.07271	0.00747	0.00207	0.00474	0.00861	0.00459	0.05910
6	0.00959	0.14947	0.01369	0.01102	0.07240	0.01002	0.02523	0.01144	0.00961	0.01316	0.01404	0.07421	0.01381	0.08416	0.44053	0.00583	0.02728	0.00606	0.00296	0.00549
7	0.02155	0.01259	0.01445	0.01114	0.01529	0.01309	0.00918	0.45436	0.02128	0.30352	0.01638	0.01543	0.01104	0.00661	0.00538	0.00164	0.00533	0.00513	0.04753	0.00906
8	0.01050	0.00989	0.01671	0.74761	0.08368	0.01217	0.01524	0.01410	0.01100	0.01417	0.00973	0.01447	0.00735	0.00541	0.00545	0.00180	0.00722	0.00485	0.00244	0.00622
9	0.02446	0.00928	0.01265	0.00970	0.01392	0.00801	0.00801	0.02657	0.01560	0.77817	0.02151	0.01856	0.01350	0.00675	0.00548	0.00169	0.00464	0.00548	0.00675	0.00928
10	0.00775	0.00558	0.00769	0.00778	0.00840	0.00615	0.00557	0.00900	0.00862	0.01208	0.01654	0.08289	0.01723	0.28329	0.48868	0.00718	0.01081	0.00721	0.00320	0.00434
11	0.00947	0.00473	0.00710	0.00710	0.00710	0.00473	0.00473	0.00710	0.00710	0.00947	0.00947	0.01657	0.00947	0.01894	0.02131	0.84138	0.00473	0.00473	0.00237	0.00237
12	0.00782	0.00578	0.00738	0.00684	0.00834	0.00522	0.00515	0.01031	0.01505	0.02123	0.69056	0.03996	0.09246	0.01095	0.00631	0.00168	0.00266	0.00963	0.00581	0.04689
13	0.01732	0.01396	0.01472	0.01305	0.06088	0.05783	0.00986	0.35772	0.30418	0.04321	0.01643	0.01601	0.01213	0.00671	0.00541	0.00169	0.00547	0.00532	0.02939	0.00870
14	0.03385	0.01660	0.23174	0.17569	0.27171	0.01282	0.06156	0.06062	0.02499	0.04332	0.01073	0.01336	0.00812	0.00526	0.00537	0.00171	0.00706	0.00472	0.00290	0.00787
15	0.07831	0.11309	0.04054	0.01189	0.01581	0.01526	0.06358	0.39640	0.04429	0.02552	0.01330	0.01509	0.02961	0.04752	0.04556	0.00216	0.02494	0.00501	0.00431	0.00782
16	0.00706	0.00548	0.00647	0.00694	0.00806	0.00504	0.00493	0.00910	0.04993	0.01566	0.13221	0.40191	0.29800	0.01468	0.00664	0.00200	0.00300	0.01290	0.00520	0.00479
17	0.00646	0.00545	0.00560	0.00572	0.00742	0.00459	0.00423	0.00780	0.01224	0.01465	0.05284	0.12372	0.70247	0.01412	0.00649	0.00188	0.00280	0.01188	0.00506	0.00459
18	0.02446	0.00928	0.01265	0.00970	0.01392	0.00801	0.00801	0.02657	0.01560	0.77817	0.02151	0.01856	0.01350	0.00675	0.00548	0.00169	0.00464	0.00548	0.00675	0.00928
19	0.00934	0.00480	0.00712	0.00708	0.00718	0.00476	0.00476	0.00733	0.00771	0.01037	0.06485	0.01833	0.01252	0.01837	0.02023	0.78036	0.00458	0.00511	0.00263	0.00257
20	0.01974	0.11033	0.01686	0.01354	0.01655	0.70439	0.01040	0.02119	0.01498	0.01329	0.00834	0.00971	0.00702	0.00552	0.00476	0.00138	0.00940	0.00345	0.00276	0.00639
21	0.00860	0.00575	0.00725	0.00677	0.00813	0.00527	0.00498	0.01070	0.01419	0.06501	0.55501	0.04007	0.12485	0.10893	0.00899	0.00216	0.00305	0.00954	0.00561	0.00511
22	0.09310	0.46876	0.04018	0.01038	0.01469	0.09714	0.00955	0.16199	0.01418	0.01828	0.00892	0.01001	0.00746	0.00582	0.01793	0.00148	0.00633	0.00345	0.00310	0.00726
23	0.08581	0.10567	0.05139	0.00908	0.01203	0.10612	0.00771	0.01632	0.02956	0.14747	0.28925	0.02463	0.05561	0.00893	0.02592	0.00180	0.00500	0.00649	0.00475	0.00647

[dist]
# distance from previous block
# <min> <max>
1	4

[block]
# block no. 1 follows, 44 sequences, length 15
# corresponding to MSA columns:
# 392-406
name=unknown_B
#
# <colnr> <probs for GDERKNQSTAVLIFYWHMCP>
#	G	D	E	R	K	N	Q	S	T	A	V	L	I	F	Y	W	H	M	C	P
0	0.01735	0.01442	0.07782	0.01278	0.05303	0.01434	0.01051	0.52202	0.02087	0.02860	0.01326	0.01491	0.01008	0.03615	0.07032	0.00233	0.00664	0.00502	0.06125	0.00829
1	0.00878	0.00529	0.00620	0.00627	0.00732	0.00536	0.00460	0.01078	0.01091	0.01723	0.08423	0.09270	0.06248	0.08498	0.16038	0.00324	0.00522	0.00714	0.41207	0.00481
2	0.00942	0.00693	0.00941	0.00867	0.00987	0.00756	0.03418	0.08536	0.01047	0.01467	0.01523	0.02471	0.01492	0.27339	0.41351	0.00642	0.01019	0.00639	0.03374	0.00493
3	0.00670	0.00482	0.00626	0.00739	0.00777	0.00448	0.00492	0.00762	0.01041	0.01378	0.03072	0.72253	0.07504	0.05967	0.00805	0.00236	0.00326	0.01487	0.00497	0.00438
4	0.00834	0.00665	0.00942	0.00911	0.00981	0.00797	0.00700	0.00987	0.00882	0.01262	0.01603	0.06071	0.04306	0.12555	0.50965	0.00678	0.13411	0.00661	0.00307	0.00482
5	0.05732	0.01037	0.01311	0.01009	0.01430	0.00973	0.00834	0.15312	0.01709	0.61802	0.01948	0.01721	0.01245	0.00664	0.00539	0.00168	0.00486	0.00528	0.00639	0.00914
6	0.02001	0.01458	0.01560	0.01204	0.01619	0.01611	0.00992	0.70583	0.02467	0.03341	0.01341	0.01358	0.00959	0.00653	0.00534	0.00161	0.00576	0.00492	0.06193	0.00899
7	0.01280	0.05414	0.02035	0.31971	0.36129	0.05125	0.05468	0.03196	0.01223	0.01620	0.00991	0.01352	0.00795	0.00513	0.00535	0.00167	0.00704	0.00477	0.00264	0.00740
8	0.03251	0.07021	0.01483	0.03557	0.08934	0.17724	0.00974	0.08338	0.16592	0.08360	0.03724	0.01823	0.04167	0.02021	0.03238	0.00196	0.03665	0.02367	0.01835	0.00729
9	0.06734	0.00934	0.01241	0.00957	0.01374	0.00823	0.00790	0.02602	0.01527	0.73887	0.02078	0.01805	0.01310	0.00666	0.00537	0.00169	0.00462	0.00535	0.00657	0.00910
10	0.10165	0.04138	0.05371	0.02783	0.01587	0.09905	0.03793	0.21515	0.14858	0.13756	0.01463	0.01465	0.01059	0.00623	0.00507	0.00164	0.00580	0.00482	0.04985	0.00799
11	0.00694	0.00501	0.00663	0.00782	0.00837	0.00471	0.00554	0.00814	0.01087	0.01432	0.03143	0.65045	0.08090	0.01658	0.00701	0.00223	0.00341	0.12006	0.00505	0.00452
12	0.04530	0.01105	0.01369	0.05812	0.05250	0.01219	0.03757	0.25852	0.09551	0.06733	0.04842	0.01813	0.01323	0.02781	0.06469	0.00231	0.04835	0.01771	0.10016	0.00741
13	0.00811	0.00576	0.00717	0.00732	0.00844	0.00547	0.00529	0.01050	0.05333	0.03895	0.29852	0.27497	0.12120	0.08361	0.00846	0.00224	0.00329	0.04705	0.00532	0.00500
14	0.06970	0.02786	0.01385	0.01157	0.03374	0.01406	0.00907	0.30897	0.30632	0.06474	0.06898	0.01771	0.01496	0.00703	0.00539	0.00172	0.00494	0.00560	0.00533	0.00846

[dist]
# distance from previous block
# <min> <max>
5	7

[block]
# block no. 2 follows, 44 sequences, length 10
# corresponding to MSA columns:
# 415-424
name=unknown_C
#
# <colnr> <probs for GDERKNQSTAVLIFYWHMCP>
#	G	D	E	R	K	N	Q	S	T	A	V	L	I	F	Y	W	H	M	C	P
0	0.84691	0.01054	0.00801	0.00717	0.01054	0.01223	0.00590	0.01603	0.00928	0.02446	0.00759	0.00886	0.00590	0.00506	0.00337	0.00169	0.00422	0.00295	0.00337	0.00590
1	0.01257	0.01163	0.12036	0.01179	0.01439	0.01066	0.04468	0.04767	0.01106	0.13594	0.01328	0.01731	0.01103	0.04448	0.29451	0.00455	0.17879	0.00535	0.00344	0.00651
2	0.01456	0.69777	0.09755	0.01007	0.01503	0.02050	0.01038	0.05482	0.01187	0.01436	0.00807	0.00923	0.00711	0.00481	0.00376	0.00124	0.00605	0.00312	0.00249	0.00721
3	0.00984	0.00852	0.07014	0.00852	0.01052	0.00722	0.00705	0.07859	0.04600	0.04324	0.36702	0.14009	0.03498	0.09254	0.00849	0.00219	0.00395	0.05016	0.00520	0.00573
4	0.01280	0.01319	0.07957	0.13199	0.46832	0.01240	0.01501	0.06869	0.03640	0.01862	0.04793	0.01657	0.04277	0.00583	0.00549	0.00168	0.00627	0.00535	0.00317	0.00795
5	0.00687	0.00549	0.00608	0.00602	0.00756	0.00478	0.00444	0.00853	0.01304	0.01659	0.25871	0.08227	0.50442	0.04215	0.00724	0.00195	0.00282	0.01108	0.00527	0.00470
6	0.01257	0.01530	0.14224	0.07605	0.39440	0.01285	0.18881	0.01691	0.03324	0.01743	0.01116	0.03388	0.00911	0.00527	0.00565	0.00172	0.00726	0.00540	0.00277	0.00797
7	0.00663	0.00480	0.00627	0.00746	0.00787	0.00444	0.00500	0.00761	0.01057	0.01397	0.03170	0.75551	0.08432	0.01687	0.00692	0.00219	0.00314	0.01524	0.00506	0.00444
8	0.01204	0.07518	0.55919	0.04834	0.02380	0.01316	0.12188	0.01753	0.01184	0.05218	0.01036	0.01223	0.00742	0.00515	0.00527	0.00171	0.00788	0.00440	0.00258	0.00786
9	0.01249	0.01456	0.21859	0.13833	0.06794	0.01024	0.05850	0.03688	0.01291	0.10740	0.11534	0.03728	0.01496	0.00634	0.00541	0.00161	0.00600	0.00553	0.00369	0.12602

[dist]
# distance from previous block
# <min> <max>
0	1

[block]
# block no. 3 follows, 44 sequences, length 26
# corresponding to MSA columns:
# 426-451
name=unknown_D
#
# <colnr> <probs for GDERKNQSTAVLIFYWHMCP>
#	G	D	E	R	K	N	Q	S	T	A	V	L	I	F	Y	W	H	M	C	P
0	0.01590	0.07190	0.01601	0.08516	0.05345	0.20345	0.01059	0.14479	0.08462	0.04791	0.03809	0.01417	0.01056	0.00816	0.04264	0.00199	0.11329	0.00471	0.00367	0.02896
1	0.24752	0.05345	0.06351	0.01082	0.01420	0.04315	0.05871	0.09209	0.01247	0.12321	0.01171	0.01354	0.00903	0.01039	0.10409	0.00259	0.07980	0.00444	0.03841	0.00686
2	0.53439	0.05857	0.01188	0.03401	0.01343	0.01331	0.02951	0.12730	0.04904	0.03874	0.00964	0.01068	0.00734	0.00536	0.00402	0.00163	0.00483	0.00362	0.00374	0.03896
3	0.00664	0.00474	0.00633	0.00759	0.00791	0.00443	0.00506	0.00759	0.01044	0.01392	0.03005	0.80485	0.03606	0.01708	0.00696	0.00221	0.00316	0.01550	0.00506	0.00443
4	0.01163	0.00990	0.01165	0.03217	0.01382	0.00778	0.00687	0.04187	0.01184	0.01828	0.00982	0.01147	0.00810	0.00418	0.00413	0.00087	0.00421	0.00334	0.00329	0.78479
5	0.01611	0.03376	0.17430	0.01396	0.07735	0.02822	0.08296	0.05788	0.06134	0.25322	0.03350	0.01812	0.06392	0.00645	0.00545	0.00165	0.00592	0.00551	0.00445	0.05594
6	0.01707	0.06259	0.06305	0.01582	0.08117	0.36836	0.07094	0.11114	0.03142	0.01704	0.00981	0.01178	0.00798	0.00708	0.03282	0.00184	0.07566	0.00428	0.00310	0.00708
7	0.00785	0.00650	0.03906	0.00722	0.00878	0.00545	0.00576	0.01057	0.01527	0.02167	0.74021	0.03952	0.04961	0.01090	0.00638	0.00172	0.00280	0.00962	0.00585	0.00526
8	0.00989	0.00753	0.00912	0.03421	0.05312	0.00748	0.00668	0.01461	0.16868	0.06764	0.18996	0.11278	0.27491	0.01102	0.00615	0.00183	0.00356	0.00948	0.00525	0.00611
9	0.01183	0.06984	0.54507	0.01710	0.07108	0.01310	0.12638	0.01727	0.01192	0.03450	0.02588	0.01271	0.00829	0.00520	0.00531	0.00170	0.00780	0.00452	0.00257	0.00790
10	0.01315	0.01260	0.02151	0.11555	0.69500	0.01286	0.01656	0.01643	0.01225	0.01739	0.01019	0.01361	0.00849	0.00492	0.00540	0.00164	0.00656	0.00486	0.00267	0.00836
11	0.00785	0.00525	0.00597	0.00604	0.00606	0.00523	0.00341	0.00791	0.00808	0.01077	0.01794	0.08102	0.02078	0.76175	0.02652	0.00510	0.00516	0.00837	0.00341	0.00337
12	0.01130	0.00969	0.01130	0.00807	0.01292	0.00727	0.00646	0.01373	0.01130	0.01776	0.00969	0.01130	0.00807	0.00404	0.00404	0.00081	0.00404	0.00323	0.00323	0.84173
13	0.01120	0.01078	0.01529	0.01312	0.01334	0.01449	0.03575	0.01235	0.00845	0.01286	0.00910	0.01602	0.00938	0.13379	0.04602	0.00304	0.62155	0.00535	0.00256	0.00556
14	0.00646	0.00547	0.00558	0.00566	0.00740	0.00459	0.00420	0.00781	0.01229	0.01467	0.05351	0.10374	0.72201	0.01403	0.00648	0.00187	0.00279	0.01178	0.00506	0.00459
15	0.03888	0.01209	0.01899	0.32797	0.06639	0.01337	0.16020	0.19184	0.04150	0.02069	0.04606	0.01540	0.01033	0.00583	0.00563	0.00176	0.00690	0.00540	0.00353	0.00726
16	0.20917	0.29469	0.04431	0.01044	0.01432	0.15069	0.00925	0.13242	0.01362	0.01929	0.00886	0.01008	0.00725	0.00543	0.00457	0.00146	0.03308	0.00348	0.02063	0.00694
17	0.00822	0.00650	0.00885	0.00880	0.00979	0.03319	0.00677	0.01006	0.00895	0.01258	0.01452	0.02172	0.01371	0.07715	0.72323	0.00834	0.01399	0.00586	0.00294	0.00484
18	0.04503	0.01146	0.01691	0.32945	0.24882	0.03717	0.01363	0.05008	0.04760	0.04548	0.01134	0.02711	0.00904	0.00591	0.00605	0.00175	0.05313	0.00500	0.02789	0.00715
19	0.02060	0.00930	0.01204	0.00931	0.01335	0.00812	0.00760	0.05350	0.03322	0.55217	0.05863	0.01986	0.04572	0.00688	0.00537	0.00157	0.00442	0.00562	0.00606	0.12665
20	0.00773	0.00516	0.00600	0.00628	0.00640	0.00509	0.00371	0.00804	0.00862	0.01169	0.02006	0.20575	0.02320	0.60188	0.02221	0.00445	0.00471	0.00950	0.03592	0.00362
21	0.01245	0.01417	0.10980	0.29029	0.33197	0.03849	0.05201	0.03265	0.03455	0.01676	0.01040	0.01375	0.00814	0.00522	0.00543	0.00171	0.00710	0.00483	0.00271	0.00756
22	0.00808	0.00559	0.00714	0.00692	0.00825	0.00509	0.00512	0.01024	0.01431	0.05069	0.53952	0.15543	0.13875	0.01219	0.00647	0.00180	0.00277	0.01073	0.00577	0.00514
23	0.01174	0.00995	0.01154	0.00828	0.01310	0.00771	0.00664	0.04773	0.01196	0.01852	0.00985	0.01139	0.00813	0.00415	0.00410	0.00085	0.00413	0.00331	0.00333	0.80361
24	0.01540	0.04393	0.05064	0.09727	0.07539	0.03957	0.03573	0.19615	0.06071	0.09623	0.01385	0.01480	0.03365	0.00579	0.00509	0.00147	0.00571	0.00474	0.00408	0.19982
25	0.08622	0.25418	0.01808	0.01046	0.01447	0.04418	0.00899	0.25515	0.09403	0.11081	0.02596	0.01369	0.01045	0.02428	0.00521	0.00160	0.00553	0.00445	0.00436	0.00793

[dist]
# distance from previous block
# <min> <max>
0	1

[block]
# block no. 4 follows, 44 sequences, length 13
# corresponding to MSA columns:
# 453-465
name=unknown_E
#
# <colnr> <probs for GDERKNQSTAVLIFYWHMCP>
#	G	D	E	R	K	N	Q	S	T	A	V	L	I	F	Y	W	H	M	C	P
0	0.01422	0.64003	0.08370	0.00996	0.01452	0.07340	0.00995	0.01636	0.01172	0.01384	0.06139	0.01128	0.01011	0.00523	0.00393	0.00126	0.00605	0.00353	0.00262	0.00690
1	0.01296	0.00729	0.00893	0.00774	0.01002	0.00682	0.00593	0.03342	0.07220	0.21067	0.24797	0.03038	0.11034	0.08436	0.00828	0.02785	0.00371	0.00759	0.06398	0.03960
2	0.02978	0.03878	0.10377	0.11434	0.34408	0.01256	0.10700	0.04197	0.01291	0.10752	0.01245	0.01471	0.02455	0.00539	0.00545	0.00168	0.00671	0.00508	0.00325	0.00802
3	0.01743	0.15489	0.05011	0.01364	0.08195	0.15378	0.01065	0.29355	0.05396	0.03776	0.01189	0.02791	0.00938	0.00602	0.00495	0.00150	0.00647	0.00451	0.02757	0.03209
4	0.00692	0.00518	0.00694	0.06259	0.00987	0.00501	0.00562	0.00807	0.01058	0.01389	0.03062	0.65184	0.10440	0.04178	0.00748	0.00225	0.00348	0.01412	0.00482	0.00452
5	0.00705	0.00515	0.00663	0.00710	0.00795	0.00473	0.00500	0.00869	0.01262	0.01716	0.32787	0.42747	0.11358	0.01440	0.00670	0.00198	0.00289	0.01286	0.00544	0.00473
6	0.01349	0.01295	0.02213	0.03346	0.77440	0.01295	0.01673	0.01673	0.01241	0.01781	0.01025	0.01349	0.00864	0.00486	0.00540	0.00162	0.00648	0.00486	0.00270	0.00864
7	0.01257	0.03956	0.00881	0.00724	0.00934	0.00848	0.00574	0.14502	0.05635	0.03943	0.01669	0.01861	0.01298	0.00850	0.05225	0.00183	0.00417	0.00508	0.54116	0.00618
8	0.01271	0.01440	0.03120	0.07035	0.02905	0.01368	0.70924	0.01725	0.01275	0.01725	0.01095	0.01470	0.00821	0.00465	0.00637	0.00184	0.00907	0.00634	0.00274	0.00727
9	0.00664	0.00474	0.00633	0.00759	0.00791	0.00443	0.00506	0.00759	0.01044	0.01392	0.03005	0.80485	0.03606	0.01708	0.00696	0.00221	0.00316	0.01550	0.00506	0.00443
10	0.02243	0.00932	0.01228	0.00955	0.01350	0.00832	0.00784	0.07597	0.01614	0.64869	0.06265	0.02100	0.05187	0.00731	0.00558	0.00169	0.00453	0.00597	0.00654	0.00883
11	0.00747	0.00549	0.00699	0.00678	0.00803	0.00501	0.00502	0.00974	0.01460	0.02027	0.61723	0.11740	0.13161	0.01203	0.00648	0.00178	0.00265	0.01060	0.00580	0.00501
12	0.15532	0.00957	0.01153	0.00918	0.01288	0.00918	0.00751	0.09459	0.01554	0.47950	0.12054	0.01946	0.01701	0.00705	0.00527	0.00169	0.00442	0.00561	0.00597	0.00817

[dist]
# distance from previous block
# <min> <max>
4	5

[block]
# block no. 5 follows, 44 sequences, length 32
# corresponding to MSA columns:
# 471-502
name=unknown_F
#
# <colnr> <probs for GDERKNQSTAVLIFYWHMCP>
#	G	D	E	R	K	N	Q	S	T	A	V	L	I	F	Y	W	H	M	C	P
0	0.74725	0.05038	0.02583	0.02487	0.03305	0.01272	0.00687	0.01604	0.00954	0.02333	0.00776	0.00916	0.00608	0.00505	0.00352	0.00166	0.00451	0.00307	0.00326	0.00608
1	0.01349	0.01390	0.09151	0.18960	0.26573	0.06003	0.11040	0.01729	0.02907	0.08257	0.04299	0.01647	0.01100	0.00578	0.00560	0.00173	0.00695	0.02513	0.00323	0.00753
2	0.01140	0.00695	0.00814	0.04059	0.01012	0.00695	0.00579	0.05019	0.01208	0.06713	0.01736	0.11356	0.01501	0.00752	0.00521	0.00145	0.04428	0.00610	0.45798	0.11217
3	0.01345	0.01041	0.01416	0.10336	0.05872	0.02350	0.09107	0.13554	0.09719	0.10540	0.03809	0.05725	0.19363	0.00844	0.00584	0.00177	0.00523	0.00734	0.02254	0.00706
4	0.01718	0.36063	0.03895	0.01243	0.01667	0.22583	0.06688	0.16834	0.01536	0.01779	0.00924	0.01043	0.00756	0.00531	0.00454	0.00139	0.00725	0.00377	0.00313	0.00733
5	0.09630	0.00804	0.01004	0.00824	0.01138	0.00734	0.00664	0.01971	0.01449	0.43608	0.19205	0.02525	0.07727	0.00808	0.00547	0.00168	0.00387	0.00665	0.05396	0.00744
6	0.01418	0.01202	0.01268	0.01122	0.01441	0.01385	0.00878	0.09185	0.70066	0.02380	0.02140	0.01971	0.01600	0.00732	0.00554	0.00183	0.00446	0.00606	0.00554	0.00868
7	0.80081	0.01036	0.00806	0.00718	0.01052	0.01191	0.00591	0.01623	0.00951	0.04544	0.00826	0.00944	0.00634	0.00514	0.00344	0.00168	0.00418	0.00308	0.02652	0.00598
8	0.00682	0.00494	0.00646	0.00743	0.00800	0.00458	0.00511	0.00805	0.01126	0.01505	0.12608	0.63974	0.08438	0.01606	0.00687	0.00213	0.00311	0.03418	0.00518	0.00455
9	0.01287	0.01471	0.03217	0.02298	0.02849	0.01379	0.75460	0.01746	0.01287	0.01746	0.01103	0.01471	0.00827	0.00460	0.00643	0.00184	0.00919	0.00643	0.00276	0.00735
10	0.00671	0.00480	0.00639	0.00754	0.00792	0.00447	0.00507	0.00776	0.01075	0.01442	0.07687	0.75659	0.03703	0.01671	0.00693	0.00218	0.00313	0.01514	0.00512	0.00447
11	0.06449	0.00973	0.01114	0.00807	0.01280	0.00760	0.00647	0.01427	0.01131	0.04199	0.00993	0.01138	0.00811	0.00419	0.00404	0.00089	0.00407	0.00328	0.00335	0.76289
12	0.77548	0.01095	0.00873	0.00763	0.01109	0.01263	0.00629	0.08002	0.01069	0.02532	0.00807	0.00922	0.00620	0.00519	0.00355	0.00168	0.00437	0.00312	0.00355	0.00620
13	0.00742	0.00556	0.00688	0.00655	0.00796	0.00502	0.00491	0.00972	0.01474	0.02021	0.60577	0.04344	0.21822	0.01176	0.00643	0.00174	0.00262	0.01024	0.00578	0.00502
14	0.00662	0.00484	0.00623	0.00735	0.00784	0.00445	0.00495	0.00762	0.01067	0.01401	0.03304	0.71543	0.12354	0.01669	0.00690	0.00217	0.00312	0.01502	0.00506	0.00445
15	0.01458	0.81168	0.02857	0.00933	0.01399	0.02157	0.00933	0.01632	0.01108	0.01283	0.00758	0.00875	0.00700	0.00466	0.00350	0.00117	0.00583	0.00292	0.00233	0.00700
16	0.01294	0.46029	0.36566	0.01211	0.01830	0.01758	0.01418	0.01675	0.01127	0.01482	0.00857	0.00999	0.00696	0.00490	0.00425	0.00142	0.00683	0.00341	0.00232	0.00747
17	0.00707	0.00508	0.00677	0.00785	0.00845	0.00479	0.00563	0.00842	0.01126	0.01501	0.09472	0.59890	0.05855	0.01615	0.00699	0.00221	0.00339	0.12904	0.00514	0.00459
18	0.00780	0.00529	0.00625	0.00636	0.00648	0.00536	0.00380	0.00807	0.00823	0.01106	0.01804	0.10080	0.02063	0.66574	0.09938	0.00536	0.00600	0.00838	0.00342	0.00355
19	0.02049	0.01227	0.01471	0.07900	0.01733	0.01284	0.00975	0.39572	0.01998	0.29056	0.01567	0.01531	0.01066	0.00743	0.02773	0.00185	0.00583	0.00508	0.00551	0.03229
20	0.00779	0.00584	0.00876	0.00876	0.00974	0.00681	0.00681	0.00974	0.00876	0.01266	0.01460	0.02142	0.01363	0.04089	0.78680	0.00876	0.01460	0.00584	0.00292	0.00487
21	0.03111	0.34938	0.06423	0.01085	0.01475	0.09691	0.00975	0.04175	0.25147	0.01720	0.01326	0.03659	0.01097	0.00620	0.00487	0.00152	0.02357	0.00455	0.00359	0.00745
22	0.84691	0.01054	0.00801	0.00717	0.01054	0.01223	0.00590	0.01603	0.00928	0.02446	0.00759	0.00886	0.00590	0.00506	0.00337	0.00169	0.00422	0.00295	0.00337	0.00590
23	0.01130	0.00969	0.01130	0.00807	0.01292	0.00727	0.00646	0.01373	0.01130	0.01776	0.00969	0.01130	0.00807	0.00404	0.00404	0.00081	0.00404	0.00323	0.00323	0.84173
24	0.00664	0.00474	0.00633	0.00759	0.00791	0.00443	0.00506	0.00759	0.01044	0.01392	0.03005	0.80485	0.03606	0.01708	0.00696	0.00221	0.00316	0.01550	0.00506	0.00443
25	0.84691	0.01054	0.00801	0.00717	0.01054	0.01223	0.00590	0.01603	0.00928	0.02446	0.00759	0.00886	0.00590	0.00506	0.00337	0.00169	0.00422	0.00295	0.00337	0.00590
26	0.03861	0.00890	0.01184	0.00929	0.01310	0.00786	0.00759	0.02406	0.03415	0.63082	0.11655	0.02107	0.01814	0.00723	0.00553	0.00168	0.00435	0.00596	0.00648	0.02683
27	0.00998	0.00890	0.00952	0.00881	0.01032	0.07138	0.00675	0.04297	0.07848	0.01825	0.28765	0.10812	0.17627	0.02563	0.00813	0.00192	0.10742	0.00899	0.00488	0.00561
28	0.00889	0.00562	0.00671	0.00652	0.00699	0.00562	0.00408	0.00933	0.00870	0.05948	0.01868	0.03349	0.04945	0.62849	0.12115	0.00536	0.00632	0.00766	0.00354	0.00393
29	0.01741	0.04871	0.01427	0.01088	0.01453	0.01383	0.00886	0.43679	0.12002	0.09127	0.02004	0.05703	0.09141	0.02218	0.00595	0.00176	0.00517	0.00629	0.00534	0.00826
30	0.04210	0.07139	0.28889	0.03553	0.21215	0.03585	0.01477	0.03908	0.07106	0.04426	0.01110	0.01272	0.00850	0.00524	0.00500	0.00157	0.00656	0.00430	0.00304	0.08692
31	0.04844	0.15268	0.49219	0.01472	0.05513	0.03059	0.03063	0.01814	0.07660	0.01728	0.01042	0.01183	0.00783	0.00527	0.00489	0.00163	0.00719	0.00406	0.00267	0.00782

[dist]
# distance from previous block
# <min> <max>
0	1

[block]
# block no. 6 follows, 44 sequences, length 24
# corresponding to MSA columns:
# 504-527
name=unknown_G
#
# <colnr> <probs for GDERKNQSTAVLIFYWHMCP>
#	G	D	E	R	K	N	Q	S	T	A	V	L	I	F	Y	W	H	M	C	P
0	0.14853	0.04028	0.06095	0.01028	0.01437	0.05033	0.00889	0.12950	0.07265	0.35180	0.04696	0.01608	0.01253	0.00646	0.00508	0.00166	0.00518	0.00496	0.00528	0.00823
1	0.00769	0.00550	0.00693	0.00664	0.00794	0.00505	0.00495	0.01007	0.01466	0.02069	0.61911	0.07293	0.12283	0.01137	0.00629	0.00172	0.00261	0.00997	0.05797	0.00505
2	0.01936	0.04688	0.01604	0.01210	0.01619	0.03300	0.00994	0.58501	0.11985	0.04847	0.01446	0.02899	0.01069	0.00676	0.00540	0.00165	0.00577	0.00517	0.00530	0.00894
3	0.00682	0.00487	0.00632	0.00741	0.00779	0.00457	0.00495	0.00774	0.01034	0.01369	0.02982	0.67677	0.06558	0.09428	0.00899	0.00251	0.00341	0.03491	0.00489	0.00434
4	0.01093	0.00938	0.01146	0.01049	0.01179	0.06236	0.00834	0.09566	0.01111	0.01544	0.01271	0.01789	0.01149	0.02788	0.48200	0.00608	0.15938	0.00536	0.02456	0.00567
5	0.00668	0.00483	0.00632	0.00742	0.00789	0.00448	0.00501	0.00774	0.01081	0.01437	0.06906	0.71918	0.08290	0.01658	0.00690	0.00217	0.00311	0.01496	0.00511	0.00448
6	0.00947	0.00473	0.00710	0.00710	0.00710	0.00473	0.00473	0.00710	0.00710	0.00947	0.00947	0.01657	0.00947	0.01894	0.02131	0.84138	0.00473	0.00473	0.00237	0.00237
7	0.02446	0.00928	0.01265	0.00970	0.01392	0.00801	0.00801	0.02657	0.01560	0.77817	0.02151	0.01856	0.01350	0.00675	0.00548	0.00169	0.00464	0.00548	0.00675	0.00928
8	0.01130	0.00969	0.01130	0.00807	0.01292	0.00727	0.00646	0.01373	0.01130	0.01776	0.00969	0.01130	0.00807	0.00404	0.00404	0.00081	0.00404	0.00323	0.00323	0.84173
9	0.01356	0.01171	0.01233	0.01109	0.01418	0.01356	0.00863	0.02897	0.76455	0.02281	0.02219	0.02034	0.01664	0.00740	0.00555	0.00185	0.00431	0.00616	0.00555	0.00863
10	0.02429	0.00955	0.01282	0.00983	0.01405	0.00842	0.00812	0.06024	0.01607	0.74384	0.02112	0.01830	0.01330	0.00674	0.00548	0.00168	0.00470	0.00546	0.00669	0.00928
11	0.01283	0.01459	0.03155	0.02263	0.02792	0.01390	0.72481	0.01729	0.01269	0.01729	0.01087	0.01459	0.00823	0.00479	0.00689	0.00186	0.04085	0.00637	0.00274	0.00730
12	0.03649	0.14595	0.10608	0.02873	0.04251	0.09392	0.01048	0.09495	0.04838	0.28580	0.02801	0.03099	0.01135	0.00627	0.00506	0.00159	0.00595	0.00485	0.00455	0.00808
13	0.00772	0.00557	0.00729	0.00686	0.00814	0.00514	0.00514	0.01029	0.01543	0.02186	0.77152	0.04072	0.05144	0.01115	0.00643	0.00171	0.00257	0.00986	0.00600	0.00514
14	0.01448	0.01271	0.02888	0.26980	0.02352	0.04088	0.06312	0.27491	0.03010	0.02154	0.01211	0.04986	0.00977	0.00765	0.02678	0.00198	0.08174	0.00545	0.01748	0.00723
15	0.01418	0.00690	0.00925	0.00812	0.01040	0.00616	0.00627	0.01627	0.01461	0.32090	0.34070	0.16883	0.03361	0.01046	0.00615	0.00179	0.00350	0.00913	0.00613	0.00666
16	0.00978	0.00692	0.00800	0.00764	0.00883	0.02862	0.02103	0.05725	0.01138	0.01680	0.02072	0.15962	0.06767	0.12887	0.10286	0.00304	0.04225	0.00777	0.28590	0.00504
17	0.00677	0.00535	0.00580	0.00600	0.00725	0.00470	0.00420	0.00789	0.01144	0.01415	0.06972	0.18106	0.49266	0.14650	0.01008	0.00248	0.00325	0.01155	0.00480	0.00437
18	0.00781	0.00576	0.00837	0.00837	0.00921	0.00660	0.00633	0.00948	0.00865	0.01237	0.01496	0.02340	0.01449	0.14777	0.68109	0.00828	0.01331	0.00613	0.00297	0.00465
19	0.13310	0.12786	0.06874	0.09650	0.28446	0.02980	0.01291	0.06433	0.05933	0.01868	0.01014	0.01237	0.00820	0.00546	0.00546	0.00164	0.04613	0.00430	0.00303	0.00758
20	0.13300	0.28814	0.14825	0.01102	0.01557	0.07133	0.01076	0.13040	0.06085	0.01955	0.04041	0.01205	0.00957	0.00570	0.00471	0.00151	0.02254	0.00398	0.00334	0.00733
21	0.04195	0.01058	0.01193	0.00879	0.01344	0.00904	0.00707	0.11716	0.04503	0.02051	0.01061	0.01185	0.00853	0.00456	0.00427	0.00100	0.00433	0.00358	0.00364	0.66214
22	0.01557	0.01083	0.03871	0.01016	0.01317	0.01070	0.00827	0.30460	0.04973	0.14101	0.10886	0.17000	0.02124	0.04743	0.00696	0.00197	0.00479	0.02319	0.00543	0.00742
23	0.60995	0.08663	0.07310	0.00840	0.01219	0.02872	0.00761	0.03402	0.02828	0.02266	0.04053	0.01080	0.00837	0.00539	0.00379	0.00164	0.00477	0.00346	0.00339	0.00630

[dist]
# distance from previous block
# <min> <max>
0	1

[block]
# block no. 7 follows, 44 sequences, length 54
# corresponding to MSA columns:
# 529-582
name=unknown_H
#
# <colnr> <probs for GDERKNQSTAVLIFYWHMCP>
#	G	D	E	R	K	N	Q	S	T	A	V	L	I	F	Y	W	H	M	C	P
0	0.01360	0.23193	0.18562	0.01092	0.01578	0.05743	0.01094	0.12629	0.01399	0.01875	0.05913	0.01516	0.02927	0.00594	0.00470	0.00140	0.00590	0.02370	0.01858	0.15096
1	0.01067	0.00903	0.01082	0.00842	0.01214	0.00751	0.00661	0.02622	0.01139	0.01733	0.03900	0.13454	0.01384	0.00667	0.00545	0.00117	0.05261	0.00547	0.00360	0.61750
2	0.00770	0.00741	0.07673	0.00841	0.00975	0.00580	0.00682	0.00976	0.02945	0.01510	0.08496	0.43670	0.06980	0.09250	0.00882	0.00245	0.00404	0.11420	0.00472	0.00490
3	0.01184	0.02534	0.63878	0.01688	0.06229	0.01257	0.08653	0.01767	0.01186	0.05101	0.01044	0.01222	0.00741	0.00518	0.00532	0.00173	0.00793	0.00436	0.00256	0.00808
4	0.00989	0.00810	0.00900	0.00894	0.04518	0.00829	0.00645	0.04314	0.24359	0.01944	0.14173	0.03568	0.32659	0.01031	0.00592	0.00177	0.00349	0.00868	0.05751	0.00630
5	0.00774	0.00554	0.00683	0.00663	0.00790	0.00517	0.00494	0.00995	0.01395	0.01968	0.49478	0.10687	0.16484	0.01157	0.00638	0.00174	0.01545	0.01003	0.09502	0.00500
6	0.01282	0.01380	0.04404	0.01932	0.06983	0.02645	0.47174	0.03883	0.01281	0.01800	0.01090	0.01393	0.00842	0.00476	0.00594	0.00160	0.02238	0.00549	0.03439	0.16456
7	0.00679	0.00485	0.00649	0.00776	0.00814	0.00455	0.00532	0.00784	0.01058	0.01408	0.02997	0.75399	0.03574	0.01694	0.00700	0.00223	0.00329	0.06491	0.00506	0.00447
8	0.01319	0.05472	0.27613	0.02123	0.30168	0.11684	0.01585	0.01702	0.01239	0.01671	0.04019	0.01430	0.00994	0.00577	0.00584	0.00167	0.04372	0.02237	0.00274	0.00771
9	0.01104	0.05066	0.75861	0.01536	0.02332	0.01292	0.01983	0.01724	0.01150	0.01714	0.00972	0.01143	0.00691	0.00516	0.00513	0.00171	0.00799	0.00400	0.00230	0.00803
10	0.01310	0.01019	0.04087	0.01056	0.04580	0.02433	0.00801	0.19896	0.07784	0.08068	0.17065	0.18733	0.04979	0.04781	0.00704	0.00197	0.00451	0.00856	0.00518	0.00681
11	0.03462	0.17129	0.04105	0.01364	0.04122	0.50994	0.01074	0.02001	0.03516	0.01399	0.00867	0.01021	0.00733	0.00568	0.00545	0.00145	0.05658	0.00360	0.00276	0.00661
12	0.78663	0.03401	0.00893	0.00754	0.01092	0.04679	0.00621	0.01629	0.00960	0.02364	0.00763	0.00890	0.00598	0.00507	0.00345	0.00166	0.00451	0.00298	0.00332	0.00595
13	0.00772	0.00557	0.00729	0.00686	0.00814	0.00514	0.00514	0.01029	0.01543	0.02186	0.77152	0.04072	0.05144	0.01115	0.00643	0.00171	0.00257	0.00986	0.00600	0.00514
14	0.00947	0.00473	0.00710	0.00710	0.00710	0.00473	0.00473	0.00710	0.00710	0.00947	0.00947	0.01657	0.00947	0.01894	0.02131	0.84138	0.00473	0.00473	0.00237	0.00237
15	0.01901	0.01423	0.01560	0.06329	0.01764	0.01588	0.01029	0.61347	0.09499	0.03145	0.01389	0.01412	0.01000	0.00655	0.00541	0.00166	0.00581	0.00503	0.03282	0.00886
16	0.01348	0.02331	0.01034	0.00876	0.01139	0.00864	0.00688	0.01972	0.24202	0.20052	0.29665	0.02963	0.08754	0.00906	0.00588	0.00175	0.00366	0.00770	0.00590	0.00717
17	0.01317	0.03325	0.10084	0.02859	0.23634	0.06021	0.05507	0.06278	0.17973	0.01917	0.07285	0.01781	0.01403	0.04394	0.02338	0.00202	0.01984	0.00557	0.00373	0.00767
18	0.79430	0.01023	0.00797	0.00715	0.01039	0.01179	0.00586	0.01567	0.00966	0.02430	0.05549	0.01085	0.00876	0.00544	0.00357	0.00169	0.00411	0.00339	0.00354	0.00586
19	0.01223	0.00958	0.01130	0.00815	0.01290	0.00728	0.00654	0.01461	0.01166	0.07661	0.01144	0.01262	0.02251	0.00443	0.00419	0.00089	0.00406	0.00356	0.00354	0.76190
20	0.01225	0.01034	0.01631	0.35196	0.25942	0.01138	0.01336	0.06146	0.01262	0.04865	0.01398	0.03291	0.04475	0.00622	0.00542	0.00172	0.00614	0.01626	0.06786	0.00700
21	0.01717	0.12986	0.07554	0.03823	0.01708	0.12700	0.01108	0.34117	0.05142	0.02317	0.01120	0.01243	0.00867	0.00747	0.03245	0.00187	0.07798	0.00443	0.00394	0.00785
22	0.00950	0.00490	0.00741	0.03359	0.00813	0.00498	0.00508	0.00733	0.00723	0.00962	0.00948	0.01650	0.00940	0.01849	0.02077	0.81317	0.00482	0.00474	0.00237	0.00249
23	0.03104	0.02489	0.63876	0.01635	0.08800	0.01221	0.01849	0.01716	0.01183	0.04022	0.04386	0.01312	0.00920	0.00546	0.00522	0.00171	0.00748	0.00438	0.00266	0.00796
24	0.65117	0.01346	0.00982	0.02875	0.01251	0.15821	0.00715	0.01699	0.01046	0.02184	0.00779	0.00925	0.00618	0.00528	0.00404	0.00165	0.02309	0.00315	0.00322	0.00599
25	0.01073	0.00747	0.01079	0.11102	0.11317	0.00783	0.05427	0.01356	0.01148	0.01864	0.01541	0.03992	0.01250	0.00631	0.00483	0.00148	0.02379	0.00539	0.52559	0.00582
26	0.00779	0.00584	0.00876	0.00876	0.00974	0.00681	0.00681	0.00974	0.00876	0.01266	0.01460	0.02142	0.01363	0.04089	0.78680	0.00876	0.01460	0.00584	0.00292	0.00487
27	0.00779	0.00584	0.00876	0.00876	0.00974	0.00681	0.00681	0.00974	0.00876	0.01266	0.01460	0.02142	0.01363	0.04089	0.78680	0.00876	0.01460	0.00584	0.00292	0.00487
28	0.00794	0.00636	0.03947	0.00758	0.00892	0.00532	0.00588	0.01014	0.01362	0.03774	0.47015	0.28399	0.04335	0.01276	0.00654	0.00189	0.00309	0.02458	0.00555	0.00514
29	0.00779	0.00583	0.00868	0.00868	0.00963	0.00677	0.00672	0.00968	0.00874	0.01260	0.01467	0.02181	0.01380	0.06221	0.76571	0.00867	0.01434	0.00590	0.00293	0.00482
30	0.01150	0.02632	0.69089	0.01708	0.09370	0.01258	0.01953	0.01744	0.01169	0.03542	0.01011	0.01186	0.00722	0.00519	0.00521	0.00172	0.00783	0.00414	0.00244	0.00814
31	0.00768	0.00555	0.00726	0.00688	0.00814	0.00512	0.00514	0.01021	0.01528	0.02163	0.74956	0.06335	0.05098	0.01132	0.00645	0.00173	0.00259	0.01003	0.00597	0.00512
32	0.01702	0.06383	0.01548	0.01270	0.06258	0.03575	0.00972	0.39940	0.18635	0.02696	0.01485	0.01521	0.01117	0.00789	0.03743	0.00192	0.00586	0.00507	0.06242	0.00839
33	0.00811	0.00589	0.00754	0.00701	0.00841	0.00552	0.00529	0.03489	0.01568	0.02207	0.72559	0.04015	0.07102	0.01107	0.00640	0.00172	0.00269	0.00974	0.00596	0.00526
34	0.00781	0.00577	0.00838	0.00838	0.00923	0.00661	0.00634	0.00949	0.00865	0.01238	0.01495	0.02333	0.01446	0.14393	0.68490	0.00829	0.01335	0.00612	0.00297	0.00466
35	0.01193	0.01193	0.01670	0.01431	0.01431	0.01670	0.01193	0.01312	0.00835	0.01312	0.00716	0.01193	0.00716	0.00954	0.01789	0.00239	0.79843	0.00477	0.00239	0.00596
36	0.01129	0.00970	0.01156	0.00849	0.01284	0.00786	0.00680	0.01348	0.01097	0.01719	0.00950	0.01151	0.00805	0.00488	0.00554	0.02629	0.06038	0.00338	0.00314	0.75714
37	0.01997	0.01394	0.01520	0.01189	0.01601	0.01525	0.00975	0.56376	0.12384	0.11457	0.01533	0.01481	0.01082	0.00668	0.00544	0.00166	0.00556	0.00514	0.02128	0.00911
38	0.01409	0.01191	0.01312	0.01251	0.06104	0.01357	0.00920	0.06167	0.67002	0.03740	0.02102	0.01955	0.01575	0.00719	0.00553	0.00182	0.00453	0.00601	0.00539	0.00867
39	0.01187	0.00825	0.01083	0.04599	0.01291	0.00842	0.03830	0.17921	0.01458	0.08127	0.02370	0.43511	0.02533	0.01265	0.00645	0.00203	0.00451	0.06736	0.00507	0.00616
40	0.01217	0.01251	0.02281	0.23646	0.21327	0.02851	0.26927	0.01577	0.01208	0.01640	0.04518	0.01527	0.00997	0.00555	0.00665	0.00180	0.06085	0.00559	0.00278	0.00710
41	0.00699	0.00548	0.00632	0.00624	0.00773	0.00481	0.00463	0.00883	0.01352	0.01764	0.35151	0.10585	0.41509	0.01295	0.00648	0.00182	0.00271	0.01113	0.00545	0.00481
42	0.01079	0.02739	0.75347	0.01526	0.02305	0.01238	0.01962	0.01693	0.01147	0.01715	0.01048	0.03887	0.00791	0.00559	0.00524	0.00174	0.00789	0.00442	0.00240	0.00793
43	0.01286	0.01196	0.01857	0.04264	0.53285	0.01233	0.01394	0.01850	0.16742	0.01881	0.04975	0.01791	0.04605	0.00608	0.00552	0.00168	0.00570	0.00565	0.00354	0.00824
44	0.01103	0.00599	0.00616	0.00582	0.00736	0.00616	0.00446	0.07768	0.01261	0.02137	0.01730	0.01972	0.01355	0.00721	0.02304	0.00148	0.00314	0.00508	0.74541	0.00544
45	0.00801	0.00666	0.03068	0.00834	0.00944	0.00652	0.00632	0.01079	0.07696	0.01497	0.09066	0.31264	0.05791	0.08436	0.21806	0.00412	0.02157	0.02260	0.00434	0.00505
46	0.02284	0.00986	0.01280	0.00992	0.01397	0.00907	0.00816	0.11279	0.03664	0.62928	0.06035	0.01913	0.01509	0.00697	0.00553	0.00169	0.00468	0.00566	0.00652	0.00904
47	0.04789	0.08382	0.01552	0.01268	0.01571	0.57294	0.00978	0.04117	0.04987	0.05267	0.01013	0.01116	0.00810	0.00572	0.00478	0.00143	0.00841	0.00377	0.03781	0.00664
48	0.01458	0.81168	0.02857	0.00933	0.01399	0.02157	0.00933	0.01632	0.01108	0.01283	0.00758	0.00875	0.00700	0.00466	0.00350	0.00117	0.00583	0.00292	0.00233	0.00700
49	0.01130	0.00969	0.01130	0.00807	0.01292	0.00727	0.00646	0.01373	0.01130	0.01776	0.00969	0.01130	0.00807	0.00404	0.00404	0.00081	0.00404	0.00323	0.00323	0.84173
50	0.00779	0.00584	0.00876	0.00876	0.00974	0.00681	0.00681	0.00974	0.00876	0.01266	0.01460	0.02142	0.01363	0.04089	0.78680	0.00876	0.01460	0.00584	0.00292	0.00487
51	0.02376	0.01041	0.01335	0.01024	0.01448	0.00969	0.00846	0.16408	0.01749	0.63799	0.01992	0.01753	0.01270	0.00671	0.00548	0.00168	0.00490	0.00537	0.00650	0.00928
52	0.01030	0.00969	0.01635	0.79530	0.03755	0.01211	0.01514	0.01393	0.01090	0.01393	0.00969	0.01453	0.00727	0.00545	0.00545	0.00182	0.00727	0.00484	0.00242	0.00606
53	0.84691	0.01054	0.00801	0.00717	0.01054	0.01223	0.00590	0.01603	0.00928	0.02446	0.00759	0.00886	0.00590	0.00506	0.00337	0.00169	0.00422	0.00295	0.00337	0.00590

[dist]
# distance from previous block
# <min> <max>
0	57

[block]
# block no. 8 follows, 44 sequences, length 14
# corresponding to MSA columns:
# 640-653
name=unknown_I
#
# <colnr> <probs for GDERKNQSTAVLIFYWHMCP>
#	G	D	E	R	K	N	Q	S	T	A	V	L	I	F	Y	W	H	M	C	P
0	0.00671	0.00485	0.00636	0.00742	0.00790	0.00449	0.00502	0.00781	0.01093	0.01458	0.08884	0.70576	0.07626	0.01645	0.00689	0.00216	0.00310	0.01485	0.00513	0.00449
1	0.02072	0.01527	0.01636	0.01254	0.01691	0.01691	0.01036	0.75622	0.02563	0.03436	0.01309	0.01309	0.00927	0.00654	0.00545	0.00164	0.00600	0.00491	0.00545	0.00927
2	0.04322	0.01063	0.01307	0.01013	0.01416	0.01025	0.00832	0.21915	0.01799	0.48261	0.07635	0.01837	0.01496	0.00692	0.00546	0.00165	0.00482	0.00554	0.00617	0.03024
3	0.01675	0.51626	0.02364	0.01110	0.01507	0.30920	0.00978	0.01837	0.01272	0.01302	0.00790	0.00915	0.00701	0.00502	0.00403	0.00126	0.00733	0.00314	0.00251	0.00674
4	0.75695	0.01065	0.00867	0.00756	0.01104	0.01214	0.00623	0.04743	0.01038	0.07592	0.00876	0.00969	0.00656	0.00524	0.00360	0.00168	0.00432	0.00320	0.00369	0.00627
5	0.01348	0.01455	0.13816	0.21480	0.24555	0.01299	0.04598	0.09337	0.09825	0.05138	0.01219	0.01444	0.00918	0.00558	0.00545	0.00173	0.00667	0.00497	0.00334	0.00794
6	0.01092	0.01033	0.01749	0.64560	0.18234	0.01228	0.01545	0.01448	0.01120	0.01469	0.00980	0.01433	0.00754	0.00533	0.00544	0.00178	0.00711	0.00485	0.00248	0.00656
7	0.01520	0.01226	0.01306	0.01131	0.01465	0.01397	0.00892	0.15862	0.60762	0.05019	0.02054	0.01899	0.01522	0.00722	0.00553	0.00181	0.00463	0.00592	0.00557	0.00877
8	0.00740	0.00489	0.00650	0.00727	0.00751	0.00474	0.00478	0.00767	0.00935	0.01252	0.02359	0.50013	0.02767	0.15797	0.04879	0.14489	0.00433	0.01190	0.00420	0.00390
9	0.00682	0.00493	0.00625	0.00715	0.00765	0.00458	0.00477	0.00779	0.01063	0.01403	0.06830	0.60187	0.11406	0.10298	0.00915	0.00249	0.00332	0.01396	0.00492	0.00436
10	0.00829	0.00571	0.00717	0.00680	0.00828	0.00514	0.00510	0.01050	0.01453	0.06004	0.54464	0.09100	0.18874	0.01181	0.00642	0.00177	0.00276	0.01031	0.00580	0.00521
11	0.01783	0.36937	0.02118	0.01198	0.01560	0.45220	0.01001	0.01939	0.01354	0.01312	0.00806	0.00936	0.00701	0.00520	0.00430	0.00130	0.00808	0.00325	0.00260	0.00662
12	0.00681	0.00502	0.00636	0.00736	0.00801	0.00463	0.00513	0.00793	0.01088	0.01415	0.03409	0.58931	0.16748	0.04011	0.00753	0.00226	0.00330	0.07017	0.00501	0.00447
13	0.01694	0.42036	0.02166	0.01129	0.03081	0.22485	0.00961	0.05551	0.02793	0.07354	0.00985	0.01082	0.00809	0.00540	0.00454	0.00135	0.02412	0.00359	0.03265	0.00708

[dist]
# distance from previous block
# <min> <max>
0	2

[block]
# block no. 9 follows, 44 sequences, length 54
# corresponding to MSA columns:
# 656-709
name=unknown_J
#
# <colnr> <probs for GDERKNQSTAVLIFYWHMCP>
#	G	D	E	R	K	N	Q	S	T	A	V	L	I	F	Y	W	H	M	C	P
0	0.03296	0.27717	0.06056	0.02784	0.01533	0.05924	0.00986	0.09306	0.14451	0.14867	0.01344	0.01370	0.01018	0.00696	0.02576	0.00174	0.04281	0.00442	0.00402	0.00777
1	0.00704	0.00524	0.00691	0.00773	0.00819	0.00515	0.00534	0.00817	0.01088	0.01466	0.10631	0.63751	0.06729	0.03266	0.00787	0.00222	0.04326	0.01404	0.00499	0.00456
2	0.01410	0.01318	0.02076	0.03038	0.67348	0.05146	0.01556	0.01713	0.01272	0.05283	0.01229	0.01493	0.03599	0.00530	0.00541	0.00162	0.00643	0.00506	0.00298	0.00840
3	0.01159	0.01021	0.01144	0.00827	0.01305	0.03220	0.00659	0.01398	0.01144	0.01762	0.00965	0.01126	0.00804	0.00409	0.00407	0.00083	0.00422	0.00324	0.00322	0.81500
4	0.01294	0.09769	0.50755	0.01463	0.04751	0.01282	0.03746	0.03724	0.02644	0.09269	0.01178	0.03873	0.00891	0.00571	0.00514	0.00166	0.00711	0.00459	0.00303	0.02638
5	0.56570	0.01304	0.05408	0.02630	0.03501	0.05190	0.00818	0.12721	0.01249	0.04965	0.00916	0.01026	0.00688	0.00538	0.00404	0.00167	0.00513	0.00351	0.00367	0.00674
6	0.00947	0.00473	0.00710	0.00710	0.00710	0.00473	0.00473	0.00710	0.00710	0.00947	0.00947	0.01657	0.00947	0.01894	0.02131	0.84138	0.00473	0.00473	0.00237	0.00237
7	0.01438	0.67042	0.10103	0.01013	0.01504	0.02017	0.01039	0.04238	0.04665	0.01446	0.00866	0.00970	0.00751	0.00491	0.00383	0.00127	0.00598	0.00324	0.00259	0.00725
8	0.04282	0.09160	0.14278	0.07791	0.18707	0.24664	0.03165	0.03355	0.01319	0.03021	0.01098	0.01375	0.02436	0.00569	0.00509	0.00158	0.00758	0.02344	0.00288	0.00722
9	0.00664	0.00474	0.00633	0.00759	0.00791	0.00443	0.00506	0.00759	0.01044	0.01392	0.03005	0.80485	0.03606	0.01708	0.00696	0.00221	0.00316	0.01550	0.00506	0.00443
10	0.05906	0.01044	0.03130	0.01102	0.01511	0.00937	0.08521	0.08640	0.01579	0.50100	0.10021	0.01948	0.01621	0.00687	0.00558	0.00170	0.00506	0.00586	0.00589	0.00845
11	0.01641	0.52590	0.03620	0.01087	0.03224	0.11329	0.00975	0.05528	0.01278	0.09717	0.00968	0.01060	0.00797	0.00584	0.01789	0.00145	0.02283	0.00352	0.00305	0.00727
12	0.01142	0.05315	0.61287	0.01748	0.11711	0.01291	0.03145	0.01727	0.02669	0.01727	0.01046	0.01301	0.00789	0.00538	0.00523	0.00171	0.00766	0.02053	0.00249	0.00802
13	0.01349	0.01295	0.02213	0.03346	0.77440	0.01295	0.01673	0.01673	0.01241	0.01781	0.01025	0.01349	0.00864	0.00486	0.00540	0.00162	0.00648	0.00486	0.00270	0.00864
14	0.01128	0.00969	0.01144	0.02896	0.01357	0.00740	0.00669	0.01373	0.01129	0.01766	0.00969	0.01139	0.00805	0.00407	0.00407	0.00083	0.00412	0.00327	0.00321	0.81956
15	0.01410	0.14572	0.04792	0.01479	0.16061	0.12665	0.01045	0.04669	0.05012	0.04550	0.01464	0.01771	0.05051	0.00666	0.00577	0.00157	0.05834	0.04168	0.10383	0.03673
16	0.00663	0.00496	0.00617	0.00708	0.00779	0.00449	0.00485	0.00774	0.01108	0.01439	0.06236	0.60167	0.20875	0.01610	0.00682	0.00211	0.00305	0.01436	0.00509	0.00449
17	0.01135	0.14921	0.06401	0.06688	0.05161	0.01173	0.00950	0.06422	0.01201	0.04219	0.07387	0.25100	0.01979	0.02544	0.00784	0.00193	0.11929	0.00809	0.00384	0.00619
