[name]
unknown

[dist]
# distance from previous block
# <min> <max>
0	108

[block]
# block no. 0 follows, 47 sequences, length 125
# corresponding to MSA columns:
# 138-262
name=unknown_A
#
# <colnr> <probs for GDERKNQSTAVLIFYWHMCP>
#	G	D	E	R	K	N	Q	S	T	A	V	L	I	F	Y	W	H	M	C	P
0	0.10893	0.07066	0.11084	0.09287	0.12553	0.01156	0.02290	0.10440	0.04144	0.06213	0.03033	0.01444	0.00991	0.02112	0.00537	0.01671	0.00542	0.01821	0.03867	0.08858
1	0.03201	0.01440	0.16733	0.02828	0.04008	0.04825	0.01060	0.15169	0.10859	0.20797	0.07557	0.01614	0.01317	0.00620	0.00510	0.00157	0.00542	0.00498	0.00453	0.05811
2	0.16161	0.02646	0.07660	0.02738	0.09812	0.01186	0.02733	0.14671	0.13886	0.13693	0.01360	0.01468	0.01017	0.02135	0.00521	0.00165	0.00514	0.01635	0.00420	0.05578
3	0.02870	0.07240	0.03307	0.01124	0.04641	0.02772	0.04511	0.27082	0.03866	0.11177	0.06558	0.03170	0.05255	0.02123	0.00541	0.00153	0.00509	0.00530	0.00443	0.12128
4	0.19972	0.09990	0.16265	0.01030	0.01456	0.03891	0.00989	0.18957	0.06512	0.03821	0.08668	0.01391	0.01191	0.00589	0.00456	0.00153	0.00532	0.00438	0.00381	0.03319
5	0.12600	0.04402	0.08339	0.00899	0.01212	0.00987	0.00779	0.15639	0.02690	0.10661	0.07465	0.09378	0.02956	0.09241	0.05066	0.00231	0.00520	0.00605	0.00420	0.05908
6	0.05473	0.54018	0.06095	0.00987	0.01425	0.07412	0.02314	0.05459	0.01203	0.10051	0.00921	0.00992	0.00745	0.00487	0.00387	0.00127	0.00582	0.00331	0.00293	0.00699
7	0.01089	0.00858	0.01038	0.04244	0.01268	0.00710	0.00652	0.03506	0.02910	0.05518	0.01370	0.15640	0.01299	0.00644	0.00456	0.00114	0.00393	0.00549	0.00365	0.57377
8	0.01253	0.01087	0.01822	0.28551	0.45379	0.01155	0.01461	0.01564	0.01161	0.07398	0.01099	0.01503	0.00885	0.00527	0.00524	0.00164	0.00626	0.02818	0.00285	0.00737
9	0.01534	0.05381	0.01372	0.15511	0.06486	0.01009	0.02244	0.10661	0.04928	0.26577	0.06473	0.12434	0.01593	0.00756	0.00538	0.00168	0.00496	0.00649	0.00470	0.00721
10	0.85377	0.01007	0.00765	0.00685	0.01007	0.01168	0.00564	0.01531	0.00886	0.02336	0.00725	0.00846	0.00564	0.00483	0.00322	0.00161	0.00403	0.00282	0.00322	0.00564
11	0.00735	0.00532	0.00693	0.00653	0.00777	0.00490	0.00490	0.00979	0.01469	0.02076	0.76891	0.03910	0.06205	0.01069	0.00614	0.00164	0.00246	0.00945	0.00572	0.00490
12	0.01941	0.05209	0.01434	0.01032	0.01452	0.01223	0.00857	0.37500	0.01865	0.28130	0.01446	0.01379	0.00993	0.00589	0.00493	0.00144	0.00502	0.00455	0.00517	0.12840
13	0.00713	0.00522	0.00669	0.00651	0.00768	0.00478	0.00481	0.00929	0.01389	0.01930	0.61986	0.13370	0.11857	0.01158	0.00620	0.00171	0.00254	0.01022	0.00554	0.00478
14	0.00744	0.00558	0.00837	0.00837	0.00930	0.00651	0.00651	0.00930	0.00837	0.01209	0.01395	0.02046	0.01302	0.03906	0.79635	0.00837	0.01395	0.00558	0.00279	0.00465
15	0.01289	0.01237	0.02114	0.03196	0.78450	0.01237	0.01598	0.01598	0.01186	0.01701	0.00980	0.01289	0.00825	0.00464	0.00516	0.00155	0.00619	0.00464	0.00258	0.00825
16	0.01080	0.00926	0.01080	0.00771	0.01234	0.00694	0.00617	0.01311	0.01080	0.01697	0.00926	0.01080	0.00771	0.00386	0.00386	0.00077	0.00386	0.00309	0.00309	0.84882
17	0.01400	0.01128	0.01875	0.16358	0.53254	0.01149	0.01441	0.01699	0.01208	0.13730	0.01139	0.01382	0.00875	0.00502	0.00518	0.00159	0.00604	0.00473	0.00314	0.00791
18	0.01966	0.01452	0.01555	0.01195	0.01610	0.01609	0.00987	0.75271	0.03913	0.03260	0.01267	0.01264	0.00899	0.00627	0.00521	0.00157	0.00570	0.00471	0.00521	0.00884
19	0.00744	0.00558	0.00837	0.00837	0.00930	0.00651	0.00651	0.00930	0.00837	0.01209	0.01395	0.02046	0.01302	0.03906	0.79635	0.00837	0.01395	0.00558	0.00279	0.00465
20	0.01148	0.19294	0.50411	0.01475	0.02136	0.01407	0.13917	0.01633	0.01112	0.01562	0.00909	0.01093	0.00683	0.00475	0.00480	0.00155	0.00742	0.00400	0.00228	0.00737
21	0.00795	0.00569	0.00731	0.00681	0.00818	0.00538	0.00514	0.01104	0.05429	0.03501	0.72822	0.03750	0.04674	0.01038	0.00608	0.00164	0.00258	0.00916	0.00572	0.00516
22	0.00634	0.00455	0.00602	0.00720	0.00754	0.00423	0.00481	0.00726	0.01002	0.01331	0.02932	0.79399	0.05364	0.01623	0.00663	0.00211	0.00301	0.01471	0.00483	0.00423
23	0.00970	0.00583	0.00769	0.00697	0.00859	0.00530	0.00532	0.01206	0.01465	0.13361	0.65213	0.05389	0.04346	0.01016	0.00602	0.00165	0.00276	0.00893	0.00582	0.00548
24	0.01852	0.03479	0.01413	0.01124	0.01485	0.12837	0.00904	0.30560	0.21386	0.17159	0.01549	0.01472	0.01107	0.00632	0.00511	0.00158	0.00560	0.00486	0.00502	0.00823
25	0.01392	0.82012	0.02729	0.00891	0.01337	0.02061	0.00891	0.01559	0.01058	0.01225	0.00724	0.00835	0.00668	0.00446	0.00334	0.00111	0.00557	0.00278	0.00223	0.00668
26	0.02249	0.00867	0.01180	0.00912	0.01299	0.00750	0.00750	0.02452	0.01490	0.74594	0.06238	0.01889	0.01488	0.00668	0.00529	0.00161	0.00432	0.00547	0.00641	0.00865
27	0.02222	0.00909	0.01207	0.00932	0.01320	0.00814	0.00767	0.07983	0.01561	0.68962	0.06178	0.01850	0.01458	0.00666	0.00528	0.00161	0.00442	0.00543	0.00631	0.00865
28	0.04229	0.07455	0.01624	0.18794	0.10637	0.38593	0.01139	0.05557	0.04452	0.01502	0.00919	0.01123	0.00738	0.00528	0.00477	0.00147	0.00766	0.00389	0.00281	0.00649
29	0.01969	0.01352	0.01474	0.01136	0.01537	0.01472	0.00936	0.65336	0.02283	0.11135	0.01356	0.01338	0.00949	0.00626	0.00514	0.00155	0.00544	0.00475	0.04545	0.00867
30	0.00676	0.00494	0.00640	0.00740	0.00789	0.00474	0.00503	0.00850	0.05226	0.01414	0.06584	0.73131	0.03416	0.01552	0.00655	0.00207	0.00305	0.01405	0.00490	0.00448
31	0.01841	0.00839	0.01074	0.00860	0.01167	0.00775	0.00680	0.09655	0.01467	0.48908	0.10073	0.02285	0.03944	0.12993	0.00858	0.00213	0.00440	0.00614	0.00570	0.00745
32	0.00908	0.00564	0.00708	0.02071	0.00813	0.00595	0.00496	0.02789	0.00947	0.05199	0.01613	0.04928	0.01552	0.28610	0.26376	0.00483	0.00724	0.00631	0.19541	0.00451
33	0.08707	0.00896	0.01175	0.00908	0.01305	0.00796	0.00750	0.02461	0.01444	0.72944	0.01953	0.01701	0.01233	0.00632	0.00508	0.00161	0.00440	0.00505	0.00620	0.00862
34	0.00639	0.00469	0.00602	0.00702	0.00757	0.00432	0.00481	0.00743	0.01040	0.01362	0.04791	0.66842	0.14109	0.01570	0.00658	0.00206	0.00300	0.03383	0.00485	0.00428
35	0.01313	0.26748	0.23262	0.01499	0.02040	0.08529	0.24360	0.03592	0.01195	0.01532	0.00902	0.01101	0.00709	0.00470	0.00480	0.00149	0.00747	0.00420	0.00246	0.00706
36	0.01313	0.59586	0.21137	0.01053	0.01564	0.03268	0.01149	0.01584	0.01070	0.01329	0.00776	0.00908	0.00667	0.00469	0.00406	0.00127	0.02374	0.00309	0.00223	0.00689
37	0.76222	0.01045	0.00846	0.00736	0.01068	0.01200	0.00606	0.08287	0.01038	0.03971	0.00799	0.00901	0.00607	0.00499	0.00344	0.00161	0.00419	0.00304	0.00347	0.00599
38	0.01292	0.01283	0.01949	0.07517	0.63476	0.07788	0.01481	0.01577	0.01192	0.01624	0.01060	0.05430	0.00940	0.00534	0.00520	0.00157	0.00634	0.00506	0.00269	0.00771
39	0.01258	0.01128	0.01146	0.01114	0.05267	0.08256	0.00812	0.08783	0.41361	0.01976	0.02270	0.12286	0.08938	0.00862	0.00552	0.00175	0.00459	0.02162	0.00480	0.00715
40	0.00983	0.00926	0.01562	0.80447	0.03587	0.01157	0.01446	0.01331	0.01041	0.01331	0.00926	0.01388	0.00694	0.00521	0.00521	0.00174	0.00694	0.00463	0.00231	0.00579
41	0.00654	0.00467	0.00626	0.00741	0.00782	0.00439	0.00512	0.00761	0.01028	0.01371	0.05232	0.72978	0.03455	0.01598	0.00667	0.00212	0.00314	0.07246	0.00486	0.00430
42	0.01045	0.02694	0.79000	0.01484	0.02254	0.01209	0.01924	0.01649	0.01099	0.01649	0.00935	0.01099	0.00660	0.00495	0.00495	0.00165	0.00770	0.00385	0.00220	0.00770
43	0.00624	0.00528	0.00539	0.00536	0.00709	0.00443	0.00402	0.00763	0.01207	0.01453	0.10268	0.04935	0.73217	0.01301	0.00615	0.00175	0.00263	0.01088	0.00490	0.00443
44	0.01301	0.61296	0.22649	0.01046	0.01576	0.01838	0.01161	0.01583	0.01069	0.01336	0.00779	0.00904	0.00666	0.00458	0.00376	0.00125	0.00612	0.00306	0.00222	0.00695
45	0.00757	0.00505	0.00568	0.00568	0.00568	0.00505	0.00316	0.00757	0.00757	0.01010	0.01641	0.03408	0.01893	0.81698	0.02651	0.00505	0.00505	0.00757	0.00316	0.00316
46	0.01080	0.00926	0.01080	0.00771	0.01234	0.00694	0.00617	0.01311	0.01080	0.01697	0.00926	0.01080	0.00771	0.00386	0.00386	0.00077	0.00386	0.00309	0.00309	0.84882
47	0.01080	0.00926	0.01080	0.00771	0.01234	0.00694	0.00617	0.01311	0.01080	0.01697	0.00926	0.01080	0.00771	0.00386	0.00386	0.00077	0.00386	0.00309	0.00309	0.84882
48	0.00634	0.00453	0.00604	0.00725	0.00755	0.00423	0.00483	0.00725	0.00997	0.01329	0.02870	0.81358	0.03444	0.01632	0.00665	0.00211	0.00302	0.01480	0.00483	0.00423
49	0.01080	0.00926	0.01080	0.00771	0.01234	0.00694	0.00617	0.01311	0.01080	0.01697	0.00926	0.01080	0.00771	0.00386	0.00386	0.00077	0.00386	0.00309	0.00309	0.84882
50	0.01860	0.01456	0.01492	0.01182	0.01570	0.05847	0.00962	0.59895	0.15303	0.02982	0.01375	0.01352	0.00995	0.00634	0.00520	0.00159	0.00565	0.00482	0.00509	0.00860
51	0.01843	0.09066	0.07589	0.01245	0.01638	0.29668	0.01059	0.37439	0.01872	0.02252	0.01019	0.01090	0.00772	0.00567	0.00484	0.00145	0.00718	0.00398	0.00381	0.00756
52	0.00661	0.00542	0.00600	0.02875	0.00810	0.00479	0.00458	0.00817	0.01210	0.01501	0.16264	0.04704	0.57864	0.04654	0.00703	0.00191	0.00293	0.04443	0.00483	0.00448
53	0.01991	0.01441	0.01552	0.01190	0.01606	0.01588	0.00983	0.74373	0.02418	0.05665	0.01276	0.01267	0.00898	0.00626	0.00521	0.00156	0.00569	0.00471	0.00525	0.00886
54	0.10456	0.01403	0.01470	0.01142	0.01545	0.01560	0.00942	0.66892	0.04484	0.03153	0.01222	0.01229	0.00873	0.00613	0.00501	0.00157	0.00551	0.00453	0.00501	0.00851
55	0.00744	0.00556	0.00828	0.00828	0.00919	0.00646	0.00640	0.00924	0.00834	0.01203	0.01403	0.02089	0.01321	0.06360	0.77206	0.00826	0.01367	0.00564	0.00280	0.00460
56	0.01289	0.01237	0.02114	0.03196	0.78450	0.01237	0.01598	0.01598	0.01186	0.01701	0.00980	0.01289	0.00825	0.00464	0.00516	0.00155	0.00619	0.00464	0.00258	0.00825
57	0.85377	0.01007	0.00765	0.00685	0.01007	0.01168	0.00564	0.01531	0.00886	0.02336	0.00725	0.00846	0.00564	0.00483	0.00322	0.00161	0.00403	0.00282	0.00322	0.00564
58	0.01960	0.01448	0.01618	0.01237	0.01655	0.03194	0.04747	0.67546	0.02317	0.07088	0.01273	0.01279	0.00897	0.00615	0.00525	0.00157	0.00589	0.00476	0.00509	0.00871
59	0.01980	0.01459	0.01563	0.01198	0.01615	0.01615	0.00990	0.76713	0.02448	0.03282	0.01250	0.01250	0.00886	0.00625	0.00521	0.00156	0.00573	0.00469	0.00521	0.00886
60	0.01392	0.82012	0.02729	0.00891	0.01337	0.02061	0.00891	0.01559	0.01058	0.01225	0.00724	0.00835	0.00668	0.00446	0.00334	0.00111	0.00557	0.00278	0.00223	0.00668
61	0.01141	0.24647	0.57890	0.01320	0.02000	0.01445	0.01638	0.01624	0.01088	0.01532	0.00876	0.01026	0.00662	0.00481	0.00450	0.00150	0.00711	0.00355	0.00221	0.00742
62	0.00757	0.00507	0.00576	0.00576	0.00579	0.00509	0.00326	0.00763	0.00760	0.01016	0.01633	0.03365	0.01875	0.79244	0.05079	0.00515	0.00533	0.00751	0.00314	0.00320
63	0.00897	0.00773	0.00738	0.00674	0.00892	0.04674	0.00520	0.12681	0.01399	0.01693	0.04418	0.04216	0.62188	0.01171	0.00593	0.00171	0.00347	0.00962	0.00478	0.00518
64	0.01403	0.73765	0.06616	0.00945	0.01398	0.06050	0.00951	0.01591	0.01082	0.01250	0.00739	0.00854	0.00668	0.00453	0.00350	0.00115	0.00588	0.00287	0.00225	0.00670
65	0.02336	0.00886	0.01209	0.00927	0.01329	0.00765	0.00765	0.02538	0.01491	0.78810	0.02055	0.01773	0.01289	0.00645	0.00524	0.00161	0.00443	0.00524	0.00645	0.00886
66	0.01945	0.02482	0.01476	0.01342	0.01610	0.79608	0.01006	0.02079	0.01476	0.01275	0.00805	0.00939	0.00671	0.00537	0.00470	0.00134	0.00939	0.00335	0.00268	0.00604
67	0.00632	0.00528	0.00551	0.00545	0.00714	0.00447	0.00409	0.00780	0.01226	0.01500	0.15277	0.04858	0.68178	0.01284	0.00615	0.00174	0.00261	0.01077	0.00496	0.00447
68	0.01229	0.01405	0.03073	0.02195	0.02722	0.01317	0.76558	0.01668	0.01229	0.01668	0.01054	0.01405	0.00790	0.00439	0.00615	0.00176	0.00878	0.00615	0.00263	0.00702
69	0.00634	0.00453	0.00604	0.00725	0.00755	0.00423	0.00483	0.00725	0.00997	0.01329	0.02870	0.81358	0.03444	0.01632	0.00665	0.00211	0.00302	0.01480	0.00483	0.00423
70	0.01951	0.00813	0.01093	0.00867	0.01204	0.00716	0.00704	0.03495	0.01504	0.59256	0.20102	0.02266	0.02142	0.00744	0.00545	0.00162	0.00399	0.00622	0.00625	0.00793
71	0.00646	0.00464	0.00613	0.00713	0.00757	0.00431	0.00483	0.00755	0.01056	0.01419	0.11624	0.70949	0.05036	0.01560	0.00658	0.00205	0.00295	0.01411	0.00494	0.00431
72	0.02057	0.00931	0.01190	0.00947	0.01317	0.00878	0.00770	0.05001	0.15402	0.58575	0.05711	0.01888	0.01505	0.00675	0.00529	0.00164	0.00432	0.00554	0.00616	0.00856
73	0.00760	0.00531	0.00682	0.00656	0.00773	0.00489	0.00482	0.00968	0.01368	0.03803	0.59801	0.11775	0.09151	0.05560	0.00729	0.00188	0.00272	0.00986	0.00546	0.00481
74	0.05494	0.00676	0.00864	0.00742	0.00972	0.00615	0.00583	0.01525	0.01434	0.28103	0.44446	0.03082	0.07521	0.00907	0.00569	0.00163	0.00322	0.00776	0.00580	0.00626
75	0.01079	0.01070	0.01706	0.64222	0.09807	0.05486	0.06508	0.01417	0.01090	0.01382	0.00932	0.01356	0.00711	0.00511	0.00524	0.00170	0.00714	0.00466	0.00238	0.00609
76	0.01328	0.03226	0.02093	0.03038	0.72308	0.05653	0.01548	0.01624	0.01199	0.01666	0.00964	0.01259	0.00813	0.00468	0.00509	0.00152	0.00635	0.00452	0.00258	0.00809
77	0.00642	0.00461	0.00610	0.00716	0.00756	0.00429	0.00482	0.00746	0.01039	0.01393	0.09035	0.73598	0.05000	0.01579	0.00660	0.00207	0.00297	0.01429	0.00491	0.00429
78	0.01316	0.01516	0.04785	0.03614	0.18983	0.10915	0.43568	0.01675	0.01220	0.01599	0.00982	0.01299	0.00772	0.00484	0.00627	0.00168	0.04977	0.00530	0.00259	0.00710
79	0.01130	0.02499	0.69303	0.01528	0.04035	0.01191	0.05386	0.01698	0.01129	0.05892	0.01003	0.01155	0.00704	0.00500	0.00503	0.00165	0.00753	0.00405	0.00246	0.00774
80	0.01089	0.00904	0.01423	0.10221	0.34185	0.00920	0.01115	0.01382	0.04676	0.05805	0.01832	0.23166	0.03649	0.00898	0.00575	0.00180	0.00504	0.06444	0.00372	0.00659
81	0.01082	0.00994	0.01645	0.18700	0.39661	0.01033	0.03071	0.01375	0.01164	0.01582	0.03019	0.02477	0.06794	0.00728	0.00566	0.00177	0.00583	0.14359	0.00315	0.00673
82	0.40255	0.03593	0.38507	0.01077	0.01622	0.01193	0.01228	0.01582	0.00999	0.01961	0.00832	0.00975	0.00619	0.00485	0.00408	0.00159	0.00582	0.00332	0.00270	0.03320
83	0.01126	0.00968	0.01017	0.00933	0.01193	0.01080	0.00720	0.02261	0.58388	0.01983	0.02834	0.05115	0.18432	0.00870	0.00553	0.00178	0.00376	0.00729	0.00518	0.00727
84	0.01098	0.00985	0.01562	0.61265	0.09746	0.01174	0.01360	0.09015	0.01221	0.01603	0.05209	0.01503	0.00957	0.00556	0.00525	0.00170	0.00651	0.00490	0.00282	0.00626
85	0.02011	0.01024	0.01242	0.00975	0.01352	0.01006	0.00797	0.20429	0.09659	0.45245	0.03120	0.01692	0.01274	0.00645	0.00514	0.00157	0.00456	0.00517	0.04959	0.02926
86	0.01005	0.00601	0.00746	0.07446	0.09015	0.00620	0.00584	0.01264	0.01098	0.01865	0.01559	0.01827	0.01228	0.00585	0.00393	0.00129	0.00320	0.00481	0.68706	0.00529
87	0.00629	0.00524	0.00550	0.00552	0.00714	0.00444	0.00410	0.00771	0.01208	0.01476	0.12962	0.08863	0.66491	0.01308	0.00618	0.00176	0.00264	0.01102	0.00493	0.00444
88	0.00731	0.00532	0.00688	0.00649	0.00774	0.00489	0.00487	0.00971	0.01460	0.02054	0.74540	0.03946	0.08570	0.01077	0.00614	0.00164	0.00247	0.00950	0.00569	0.00489
89	0.00757	0.00505	0.00568	0.00568	0.00568	0.00505	0.00316	0.00757	0.00757	0.01010	0.01641	0.03408	0.01893	0.81698	0.02651	0.00505	0.00505	0.00757	0.00316	0.00316
90	0.01080	0.00926	0.01080	0.00771	0.01234	0.00694	0.00617	0.01311	0.01080	0.01697	0.00926	0.01080	0.00771	0.00386	0.00386	0.00077	0.00386	0.00309	0.00309	0.84882
91	0.01392	0.82012	0.02729	0.00891	0.01337	0.02061	0.00891	0.01559	0.01058	0.01225	0.00724	0.00835	0.00668	0.00446	0.00334	0.00111	0.00557	0.00278	0.00223	0.00668
92	0.01317	0.01340	0.02203	0.04978	0.49927	0.06935	0.17789	0.03784	0.01243	0.01688	0.01040	0.03436	0.00874	0.00501	0.00538	0.00160	0.00691	0.00515	0.00273	0.00766
93	0.01087	0.00919	0.01073	0.00777	0.01220	0.00710	0.00621	0.03469	0.01141	0.01764	0.05181	0.01239	0.01002	0.00430	0.00402	0.00084	0.00383	0.00348	0.00329	0.77820
94	0.01055	0.05191	0.76599	0.01466	0.02225	0.01236	0.01892	0.01646	0.01098	0.01636	0.00928	0.01091	0.00660	0.00493	0.00490	0.00163	0.00763	0.00381	0.00220	0.00766
95	0.01263	0.01211	0.02067	0.09721	0.72127	0.01231	0.01585	0.01576	0.01174	0.01670	0.00975	0.01297	0.00814	0.00469	0.00516	0.00156	0.00625	0.00464	0.00256	0.00804
96	0.02457	0.00921	0.01528	0.75718	0.03435	0.01150	0.01404	0.01319	0.01033	0.01347	0.00960	0.03128	0.00752	0.00552	0.00544	0.00175	0.02283	0.00482	0.00238	0.00575
97	0.00999	0.00942	0.01591	0.76428	0.07481	0.01161	0.01454	0.01344	0.01049	0.01350	0.00928	0.01383	0.00701	0.00518	0.00520	0.00173	0.00690	0.00463	0.00233	0.00591
98	0.02336	0.00886	0.01209	0.00927	0.01329	0.00765	0.00765	0.02538	0.01491	0.78810	0.02055	0.01773	0.01289	0.00645	0.00524	0.00161	0.00443	0.00524	0.00645	0.00886
99	0.01843	0.01375	0.01477	0.01155	0.01544	0.01523	0.00946	0.64997	0.10292	0.03104	0.05343	0.01460	0.01169	0.00657	0.00527	0.00159	0.00539	0.00506	0.00525	0.00859
100	0.01139	0.05548	0.26126	0.15587	0.04847	0.01289	0.34736	0.01596	0.01147	0.01583	0.00977	0.01278	0.00728	0.00471	0.00545	0.00168	0.00790	0.00497	0.00242	0.00703
101	0.00728	0.00541	0.00708	0.05192	0.00956	0.00531	0.00558	0.04727	0.01114	0.01478	0.06977	0.63336	0.08259	0.01465	0.00643	0.00201	0.00332	0.01316	0.00476	0.00461
102	0.00757	0.00505	0.00568	0.00568	0.00568	0.00505	0.00316	0.00757	0.00757	0.01010	0.01641	0.03408	0.01893	0.81698	0.02651	0.00505	0.00505	0.00757	0.00316	0.00316
103	0.12737	0.01140	0.01813	0.19062	0.52139	0.01211	0.01425	0.01533	0.01114	0.01710	0.00933	0.01249	0.00762	0.00479	0.00490	0.00160	0.00605	0.00439	0.00261	0.00737
104	0.01776	0.01083	0.01253	0.02415	0.01417	0.01143	0.00835	0.17237	0.32087	0.29604	0.01995	0.01824	0.03539	0.00683	0.00528	0.00167	0.00456	0.00554	0.00562	0.00843
105	0.02336	0.00886	0.01209	0.00927	0.01329	0.00765	0.00765	0.02538	0.01491	0.78810	0.02055	0.01773	0.01289	0.00645	0.00524	0.00161	0.00443	0.00524	0.00645	0.00886
106	0.00664	0.00489	0.00573	0.00626	0.00688	0.00451	0.00412	0.00740	0.00983	0.01261	0.03198	0.38110	0.23932	0.24029	0.01209	0.00284	0.00348	0.01171	0.00436	0.00397
107	0.01334	0.68748	0.15483	0.00990	0.01490	0.01918	0.01064	0.01574	0.01065	0.01296	0.00759	0.00880	0.00667	0.00454	0.00361	0.00120	0.00592	0.00296	0.00222	0.00685
108	0.01442	0.01110	0.01260	0.01076	0.01367	0.01216	0.02633	0.36207	0.20129	0.02458	0.01893	0.17618	0.01723	0.00902	0.00569	0.00179	0.00481	0.06486	0.00506	0.00743
109	0.00775	0.00638	0.00673	0.00638	0.00830	0.00598	0.00485	0.05157	0.09065	0.01672	0.13778	0.05526	0.55893	0.01191	0.00602	0.00174	0.00294	0.00999	0.00502	0.00510
110	0.15943	0.39261	0.14719	0.01129	0.05694	0.08674	0.01050	0.01678	0.04892	0.01566	0.00850	0.00970	0.00704	0.00482	0.00390	0.00137	0.00596	0.00327	0.00261	0.00677
111	0.65699	0.04892	0.02258	0.00719	0.01038	0.01163	0.00607	0.04514	0.03034	0.02264	0.00886	0.01007	0.00689	0.00506	0.00344	0.00155	0.00407	0.00320	0.08914	0.00584
112	0.00692	0.00535	0.00591	0.00579	0.00741	0.00460	0.00433	0.00852	0.01256	0.03644	0.22896	0.08321	0.54655	0.01254	0.00615	0.00174	0.00266	0.01064	0.00510	0.00463
113	0.01596	0.01268	0.01347	0.01121	0.01469	0.01436	0.00897	0.35256	0.44530	0.02663	0.01738	0.01639	0.01280	0.00671	0.00526	0.00168	0.00483	0.00536	0.00526	0.00851
114	0.00653	0.00517	0.00572	0.00580	0.00712	0.00453	0.00417	0.00790	0.01179	0.01490	0.18376	0.14098	0.48307	0.08549	0.00805	0.00208	0.00287	0.01086	0.00485	0.00436
115	0.65336	0.01082	0.00942	0.02247	0.01177	0.01232	0.00665	0.15129	0.01196	0.05670	0.00879	0.00967	0.00655	0.00516	0.00370	0.00160	0.00441	0.00329	0.00370	0.00636
116	0.01821	0.01306	0.01394	0.01086	0.01457	0.01438	0.00892	0.64872	0.02236	0.03072	0.01321	0.01359	0.00956	0.00622	0.00496	0.00151	0.00521	0.00471	0.13706	0.00823
117	0.00634	0.00453	0.00604	0.00725	0.00755	0.00423	0.00483	0.00725	0.00997	0.01329	0.02870	0.81358	0.03444	0.01632	0.00665	0.00211	0.00302	0.01480	0.00483	0.00423
118	0.01392	0.82012	0.02729	0.00891	0.01337	0.02061	0.00891	0.01559	0.01058	0.01225	0.00724	0.00835	0.00668	0.00446	0.00334	0.00111	0.00557	0.00278	0.00223	0.00668
119	0.01383	0.79886	0.04773	0.00907	0.01361	0.02038	0.00919	0.01562	0.01059	0.01237	0.00730	0.00842	0.00668	0.00447	0.00338	0.00113	0.00563	0.00281	0.00223	0.00671
120	0.00699	0.00527	0.00646	0.00625	0.00757	0.00474	0.00466	0.00906	0.01371	0.01865	0.54617	0.08562	0.24249	0.01164	0.00617	0.00170	0.00254	0.01014	0.00544	0.00474
121	0.01130	0.00955	0.01107	0.00795	0.01255	0.00746	0.00638	0.05536	0.01157	0.01786	0.00944	0.01089	0.00778	0.00399	0.00393	0.00082	0.00396	0.00318	0.00320	0.80176
122	0.34118	0.01132	0.01117	0.00918	0.01270	0.01250	0.00750	0.26711	0.10543	0.11306	0.01368	0.01359	0.03161	0.00602	0.00445	0.00161	0.00458	0.00436	0.02162	0.00733
123	0.74072	0.06215	0.00928	0.00727	0.01058	0.01241	0.00607	0.03100	0.04803	0.02276	0.00806	0.00909	0.00629	0.00495	0.00338	0.00159	0.00417	0.00301	0.00330	0.00590
124	0.01666	0.01045	0.01192	0.00898	0.01324	0.05140	0.00726	0.08556	0.01374	0.29935	0.01360	0.01340	0.00965	0.00510	0.00453	0.00118	0.00454	0.00403	0.00448	0.42096

[dist]
# distance from previous block
# <min> <max>
0	2

[block]
# block no. 1 follows, 47 sequences, length 19
# corresponding to MSA columns:
# 265-283
name=unknown_B
#
# <colnr> <probs for GDERKNQSTAVLIFYWHMCP>
#	G	D	E	R	K	N	Q	S	T	A	V	L	I	F	Y	W	H	M	C	P
0	0.14165	0.01473	0.01360	0.01152	0.02837	0.13716	0.00908	0.38127	0.15247	0.02573	0.01278	0.01348	0.00965	0.00616	0.00489	0.00159	0.00576	0.01788	0.00448	0.00775
1	0.00747	0.00501	0.00571	0.00581	0.00584	0.00498	0.00330	0.00755	0.00778	0.01037	0.01745	0.09996	0.02024	0.74931	0.02483	0.00480	0.00488	0.00818	0.00330	0.00325
2	0.00743	0.00489	0.00585	0.00612	0.00619	0.00482	0.00364	0.00744	0.00804	0.01072	0.01851	0.20534	0.02154	0.57197	0.02158	0.07568	0.00455	0.00892	0.00345	0.00332
3	0.14517	0.01111	0.01719	0.28409	0.35895	0.01218	0.03372	0.04767	0.01146	0.01746	0.00935	0.01253	0.00742	0.00492	0.00490	0.00163	0.00615	0.00439	0.00271	0.00701
4	0.01977	0.01370	0.01622	0.01231	0.01654	0.01467	0.06523	0.60206	0.02217	0.14343	0.01355	0.01339	0.00938	0.00614	0.00528	0.00158	0.00576	0.00488	0.00520	0.00872
5	0.00656	0.00515	0.00595	0.00617	0.00746	0.00454	0.00454	0.00809	0.01212	0.01553	0.21472	0.21710	0.41893	0.01334	0.00630	0.00183	0.00276	0.03937	0.00504	0.00449
6	0.00994	0.00930	0.01546	0.74133	0.05629	0.01146	0.01411	0.01367	0.03066	0.01382	0.02882	0.01462	0.00827	0.00537	0.00523	0.00173	0.00673	0.00478	0.00249	0.00590
7	0.14206	0.06718	0.02852	0.02759	0.04872	0.43374	0.00981	0.15123	0.01508	0.01810	0.00879	0.01001	0.00700	0.00535	0.00452	0.00143	0.00751	0.00357	0.00316	0.00664
8	0.01480	0.01007	0.01134	0.00986	0.01291	0.01093	0.00776	0.02535	0.52426	0.19973	0.07782	0.02119	0.03578	0.00733	0.00537	0.00172	0.00404	0.00612	0.00559	0.00805
9	0.00672	0.00469	0.00593	0.00677	0.00698	0.00448	0.00432	0.00735	0.00924	0.01232	0.02494	0.57490	0.02969	0.26148	0.01273	0.00301	0.00364	0.01259	0.00432	0.00390
10	0.01341	0.70271	0.14018	0.00979	0.01472	0.01935	0.01044	0.01573	0.01064	0.01288	0.00755	0.00874	0.00667	0.00453	0.00358	0.00119	0.00588	0.00294	0.00222	0.00683
11	0.00739	0.00497	0.00573	0.00591	0.00596	0.00493	0.00340	0.00753	0.00793	0.01057	0.01823	0.14946	0.02123	0.69847	0.02357	0.00461	0.00475	0.00864	0.00340	0.00331
12	0.01392	0.82012	0.02729	0.00891	0.01337	0.02061	0.00891	0.01559	0.01058	0.01225	0.00724	0.00835	0.00668	0.00446	0.00334	0.00111	0.00557	0.00278	0.00223	0.00668
13	0.00757	0.00505	0.00568	0.00568	0.00568	0.00505	0.00316	0.00757	0.00757	0.01010	0.01641	0.03408	0.01893	0.81698	0.02651	0.00505	0.00505	0.00757	0.00316	0.00316
14	0.08465	0.11997	0.33615	0.01336	0.01896	0.03011	0.12469	0.06059	0.01240	0.11151	0.03299	0.01258	0.00885	0.00523	0.00486	0.00158	0.00665	0.00434	0.00316	0.00739
15	0.01307	0.52402	0.28491	0.01093	0.01647	0.01728	0.01236	0.01623	0.01087	0.04013	0.00841	0.00957	0.00687	0.00469	0.00395	0.00131	0.00625	0.00323	0.00236	0.00710
16	0.01287	0.56201	0.24192	0.01115	0.01655	0.01789	0.04472	0.01589	0.01077	0.01364	0.00798	0.00934	0.00671	0.00459	0.00392	0.00129	0.00631	0.00323	0.00224	0.00698
17	0.01448	0.01793	0.07219	0.01114	0.01375	0.43778	0.00900	0.01721	0.05170	0.01614	0.26220	0.01967	0.02105	0.00715	0.00522	0.00148	0.00673	0.00550	0.00377	0.00591
18	0.01217	0.02440	0.64004	0.01446	0.02149	0.01262	0.03485	0.12781	0.01311	0.03655	0.01010	0.01144	0.00711	0.00516	0.00502	0.00164	0.00736	0.00406	0.00275	0.00788

[dist]
# distance from previous block
# <min> <max>
0	7

[block]
# block no. 2 follows, 47 sequences, length 27
# corresponding to MSA columns:
# 291-317
name=unknown_C
#
# <colnr> <probs for GDERKNQSTAVLIFYWHMCP>
#	G	D	E	R	K	N	Q	S	T	A	V	L	I	F	Y	W	H	M	C	P
0	0.10566	0.00545	0.00742	0.00713	0.00765	0.00560	0.02485	0.00809	0.00731	0.01107	0.00991	0.03672	0.00998	0.07301	0.01810	0.64722	0.00458	0.00485	0.00251	0.00289
1	0.01225	0.01673	0.23545	0.02106	0.22866	0.03288	0.25638	0.01661	0.02694	0.04437	0.01141	0.05255	0.00925	0.00535	0.00548	0.00167	0.00726	0.00542	0.00280	0.00747
2	0.01741	0.01363	0.01619	0.01238	0.01656	0.01460	0.08298	0.53630	0.10723	0.02844	0.01298	0.01327	0.00945	0.00593	0.00518	0.00153	0.00566	0.00481	0.00476	0.09071
3	0.01655	0.34030	0.02081	0.01339	0.10638	0.16324	0.01025	0.23600	0.01557	0.01891	0.00923	0.01030	0.00751	0.00517	0.00436	0.00134	0.00640	0.00367	0.00322	0.00738
4	0.01255	0.15054	0.37324	0.01635	0.10941	0.01399	0.11573	0.10147	0.01280	0.01782	0.02320	0.01186	0.00798	0.00501	0.00492	0.00155	0.00700	0.00427	0.00271	0.00759
5	0.01195	0.01112	0.06715	0.00896	0.01376	0.00835	0.02296	0.08716	0.01226	0.03479	0.00984	0.01119	0.00786	0.00423	0.00414	0.00095	0.00442	0.00340	0.00329	0.67220
6	0.01080	0.00926	0.01080	0.00771	0.01234	0.00694	0.00617	0.01311	0.01080	0.01697	0.00926	0.01080	0.00771	0.00386	0.00386	0.00077	0.00386	0.00309	0.00309	0.84882
7	0.07690	0.09174	0.01512	0.01089	0.01470	0.01523	0.00902	0.43157	0.21442	0.04671	0.01405	0.01372	0.01033	0.00619	0.00491	0.00158	0.00515	0.00469	0.00483	0.00826
8	0.00674	0.00484	0.00634	0.00727	0.00781	0.00455	0.00511	0.00793	0.01062	0.01415	0.10239	0.57281	0.06960	0.06028	0.00775	0.00225	0.00326	0.09716	0.00482	0.00431
9	0.00762	0.00546	0.00777	0.00777	0.00860	0.00620	0.00587	0.00928	0.00845	0.01235	0.01448	0.02215	0.01381	0.13744	0.64025	0.00743	0.01198	0.00579	0.06283	0.00447
10	0.00672	0.00535	0.00606	0.00602	0.00757	0.00469	0.00461	0.00849	0.01280	0.01638	0.28531	0.04718	0.48784	0.01246	0.00623	0.00177	0.00275	0.06805	0.00512	0.00459
11	0.00740	0.00512	0.00588	0.00580	0.00620	0.00496	0.00356	0.00798	0.00932	0.01248	0.16136	0.03653	0.09891	0.58968	0.02076	0.00410	0.00433	0.00825	0.00380	0.00360
12	0.00644	0.00517	0.00575	0.00585	0.00727	0.00448	0.00429	0.00794	0.01218	0.01539	0.20292	0.16504	0.51273	0.01313	0.00623	0.00179	0.00266	0.01124	0.00502	0.00448
13	0.01947	0.02431	0.01480	0.01335	0.01610	0.75750	0.01005	0.05771	0.01524	0.01374	0.00827	0.00955	0.00681	0.00541	0.00472	0.00135	0.00921	0.00342	0.00281	0.00618
14	0.01057	0.00569	0.00578	0.00546	0.00693	0.00582	0.00418	0.07683	0.01208	0.02056	0.01660	0.01882	0.01296	0.00608	0.00377	0.00124	0.00271	0.00484	0.77385	0.00520
15	0.01913	0.01426	0.01525	0.01185	0.01590	0.01584	0.00974	0.69508	0.09763	0.03174	0.01335	0.01318	0.00954	0.00633	0.00522	0.00158	0.00557	0.00481	0.00522	0.00880
16	0.10848	0.01106	0.01131	0.01017	0.01315	0.01281	0.00795	0.02627	0.68804	0.02196	0.01961	0.01818	0.01473	0.00681	0.00506	0.00175	0.00411	0.00554	0.00506	0.00795
17	0.02886	0.01291	0.01576	0.50559	0.02862	0.17708	0.04853	0.03811	0.01212	0.06924	0.00992	0.01308	0.00739	0.00531	0.00511	0.00164	0.00728	0.00444	0.00280	0.00620
18	0.01146	0.25787	0.56794	0.01312	0.01987	0.01457	0.01623	0.01623	0.01087	0.01526	0.00873	0.01023	0.00662	0.00480	0.00448	0.00149	0.00708	0.00354	0.00221	0.00740
19	0.00634	0.00453	0.00604	0.00725	0.00755	0.00423	0.00483	0.00725	0.00997	0.01329	0.02870	0.81358	0.03444	0.01632	0.00665	0.00211	0.00302	0.01480	0.00483	0.00423
20	0.06220	0.01155	0.01302	0.00986	0.01409	0.01138	0.00809	0.34610	0.01755	0.18529	0.01293	0.01287	0.00918	0.00550	0.00470	0.00134	0.00481	0.00422	0.00472	0.26061
21	0.03209	0.10066	0.01214	0.00885	0.01152	0.01005	0.00715	0.11840	0.10226	0.18456	0.10795	0.07659	0.03034	0.06220	0.09763	0.00261	0.00547	0.01810	0.00472	0.00670
22	0.00640	0.00520	0.00568	0.00574	0.00723	0.00447	0.00423	0.00789	0.01219	0.01525	0.18584	0.13476	0.56080	0.01307	0.00621	0.00178	0.00265	0.01113	0.00500	0.00447
23	0.01065	0.02547	0.70374	0.01565	0.02307	0.01222	0.10403	0.01651	0.01114	0.01651	0.00948	0.01134	0.00675	0.00488	0.00508	0.00166	0.00782	0.00411	0.00225	0.00762
24	0.01257	0.01404	0.09961	0.02904	0.61656	0.01244	0.10670	0.01612	0.01182	0.01692	0.00984	0.01284	0.00804	0.00464	0.00525	0.00158	0.00665	0.00474	0.00255	0.00805
25	0.00746	0.00551	0.00802	0.00802	0.00884	0.00632	0.00608	0.00908	0.00827	0.01183	0.01426	0.02220	0.01378	0.13870	0.69774	0.00794	0.01281	0.00583	0.00284	0.00446
26	0.00744	0.00536	0.00708	0.00693	0.00811	0.00500	0.00530	0.00981	0.01419	0.01991	0.65883	0.07947	0.04623	0.01135	0.00629	0.00175	0.00275	0.09376	0.00558	0.00487

[dist]
# distance from previous block
# <min> <max>
0	17

[block]
# block no. 3 follows, 47 sequences, length 74
# corresponding to MSA columns:
# 335-408
name=unknown_D
#
# <colnr> <probs for GDERKNQSTAVLIFYWHMCP>
#	G	D	E	R	K	N	Q	S	T	A	V	L	I	F	Y	W	H	M	C	P
0	0.04571	0.21104	0.51891	0.01288	0.01920	0.05432	0.01546	0.01626	0.01093	0.01547	0.00883	0.01045	0.00676	0.00577	0.02593	0.00169	0.00731	0.00358	0.00229	0.00721
1	0.01397	0.01250	0.01773	0.03639	0.31836	0.08106	0.10398	0.04243	0.13728	0.07809	0.01341	0.01578	0.01057	0.00652	0.02713	0.00179	0.00630	0.02220	0.04694	0.00756
2	0.00742	0.00513	0.00595	0.00592	0.00624	0.00509	0.00362	0.00787	0.00857	0.01144	0.07930	0.03482	0.08793	0.62328	0.08248	0.00475	0.00532	0.00786	0.00348	0.00352
3	0.04049	0.00841	0.01121	0.00877	0.01242	0.00739	0.00719	0.02325	0.01455	0.67087	0.07962	0.01926	0.01558	0.00672	0.00518	0.00159	0.00416	0.00549	0.04958	0.00827
4	0.11208	0.01112	0.01394	0.01464	0.17374	0.01165	0.02316	0.16730	0.15717	0.09378	0.01504	0.01872	0.01220	0.00658	0.00512	0.00164	0.00502	0.08386	0.00432	0.06891
5	0.01949	0.05610	0.01623	0.01182	0.01601	0.01638	0.00985	0.72840	0.02377	0.03176	0.01223	0.01229	0.00874	0.00616	0.00511	0.00154	0.00572	0.00459	0.00506	0.00874
6	0.01308	0.01014	0.01110	0.00983	0.01262	0.01128	0.00768	0.05714	0.55034	0.08196	0.13964	0.02257	0.03428	0.00765	0.00544	0.00173	0.00393	0.00642	0.00544	0.00773
7	0.01150	0.00967	0.01118	0.00805	0.01264	0.00766	0.00646	0.07212	0.01187	0.01821	0.00951	0.01093	0.00780	0.00404	0.00396	0.00083	0.00400	0.00321	0.00325	0.78309
8	0.01670	0.00986	0.01155	0.00947	0.01272	0.01005	0.00761	0.18494	0.18514	0.28536	0.12744	0.02244	0.07793	0.00765	0.00544	0.00165	0.00423	0.00629	0.00570	0.00782
9	0.00650	0.00473	0.00613	0.00697	0.00755	0.00436	0.00477	0.00770	0.01092	0.01462	0.15558	0.62054	0.10017	0.01511	0.00652	0.00201	0.00290	0.01359	0.00498	0.00436
10	0.00634	0.00453	0.00604	0.00725	0.00755	0.00423	0.00483	0.00725	0.00997	0.01329	0.02870	0.81358	0.03444	0.01632	0.00665	0.00211	0.00302	0.01480	0.00483	0.00423
11	0.00757	0.00505	0.00568	0.00568	0.00568	0.00505	0.00316	0.00757	0.00757	0.01010	0.01641	0.03408	0.01893	0.81698	0.02651	0.00505	0.00505	0.00757	0.00316	0.00316
12	0.01945	0.02482	0.01476	0.01342	0.01610	0.79608	0.01006	0.02079	0.01476	0.01275	0.00805	0.00939	0.00671	0.00537	0.00470	0.00134	0.00939	0.00335	0.00268	0.00604
13	0.00634	0.00453	0.00604	0.00725	0.00755	0.00423	0.00483	0.00725	0.00997	0.01329	0.02870	0.81358	0.03444	0.01632	0.00665	0.00211	0.00302	0.01480	0.00483	0.00423
14	0.01059	0.02593	0.73059	0.01540	0.02291	0.01218	0.07764	0.01651	0.01110	0.01651	0.00944	0.01123	0.00670	0.00490	0.00504	0.00166	0.00778	0.00403	0.00223	0.00764
15	0.00698	0.00517	0.00659	0.00757	0.00813	0.00507	0.00516	0.00921	0.08333	0.01411	0.02798	0.73744	0.03267	0.01543	0.00652	0.00208	0.00313	0.01395	0.00488	0.00461
16	0.01355	0.73516	0.10898	0.00955	0.01435	0.01969	0.01002	0.01569	0.01063	0.01271	0.00747	0.00864	0.00667	0.00451	0.00351	0.00117	0.00580	0.00290	0.00222	0.00679
17	0.01295	0.01128	0.01251	0.01227	0.07387	0.01291	0.00885	0.02676	0.71536	0.02141	0.02030	0.01892	0.01530	0.00688	0.00529	0.00175	0.00428	0.00579	0.00509	0.00824
18	0.00634	0.00453	0.00604	0.00725	0.00755	0.00423	0.00483	0.00725	0.00997	0.01329	0.02870	0.81358	0.03444	0.01632	0.00665	0.00211	0.00302	0.01480	0.00483	0.00423
19	0.00983	0.00926	0.01562	0.80447	0.03587	0.01157	0.01446	0.01331	0.01041	0.01331	0.00926	0.01388	0.00694	0.00521	0.00521	0.00174	0.00694	0.00463	0.00231	0.00579
20	0.02215	0.01081	0.01329	0.01019	0.01427	0.01055	0.00842	0.27817	0.01817	0.53070	0.01780	0.01595	0.01152	0.00638	0.00523	0.00159	0.00487	0.00505	0.00602	0.00886
21	0.01392	0.82012	0.02729	0.00891	0.01337	0.02061	0.00891	0.01559	0.01058	0.01225	0.00724	0.00835	0.00668	0.00446	0.00334	0.00111	0.00557	0.00278	0.00223	0.00668
22	0.00634	0.00453	0.00604	0.00725	0.00755	0.00423	0.00483	0.00725	0.00997	0.01329	0.02870	0.81358	0.03444	0.01632	0.00665	0.00211	0.00302	0.01480	0.00483	0.00423
23	0.85377	0.01007	0.00765	0.00685	0.01007	0.01168	0.00564	0.01531	0.00886	0.02336	0.00725	0.00846	0.00564	0.00483	0.00322	0.00161	0.00403	0.00282	0.00322	0.00564
24	0.00630	0.00470	0.00587	0.00680	0.00744	0.00427	0.00464	0.00730	0.01040	0.01347	0.03414	0.64104	0.20348	0.01561	0.00654	0.00203	0.00293	0.01394	0.00483	0.00427
25	0.00685	0.00495	0.00612	0.00668	0.00725	0.00458	0.00441	0.00772	0.00987	0.01317	0.07087	0.48322	0.09594	0.20841	0.01126	0.00271	0.00348	0.01197	0.00442	0.03612
26	0.85377	0.01007	0.00765	0.00685	0.01007	0.01168	0.00564	0.01531	0.00886	0.02336	0.00725	0.00846	0.00564	0.00483	0.00322	0.00161	0.00403	0.00282	0.00322	0.00564
27	0.00757	0.00505	0.00568	0.00568	0.00568	0.00505	0.00316	0.00757	0.00757	0.01010	0.01641	0.03408	0.01893	0.81698	0.02651	0.00505	0.00505	0.00757	0.00316	0.00316
28	0.01080	0.00926	0.01080	0.00771	0.01234	0.00694	0.00617	0.01311	0.01080	0.01697	0.00926	0.01080	0.00771	0.00386	0.00386	0.00077	0.00386	0.00309	0.00309	0.84882
29	0.07862	0.01030	0.01129	0.00886	0.01286	0.00977	0.00707	0.08480	0.21719	0.04948	0.01302	0.01335	0.01005	0.00511	0.00437	0.00121	0.00413	0.00404	0.00401	0.45048
30	0.01265	0.01213	0.02071	0.09189	0.72643	0.01231	0.01586	0.01577	0.01175	0.01673	0.00975	0.01297	0.00815	0.00468	0.00516	0.00156	0.00625	0.00464	0.00256	0.00806
31	0.01371	0.69646	0.12610	0.00969	0.01456	0.01917	0.01022	0.01596	0.01074	0.03241	0.00785	0.00893	0.00683	0.00457	0.00360	0.00120	0.00582	0.00298	0.00233	0.00687
32	0.00638	0.00460	0.00605	0.00713	0.00754	0.00427	0.00480	0.00737	0.01027	0.01366	0.06299	0.74556	0.06825	0.01593	0.00660	0.00208	0.00298	0.01440	0.00487	0.00427
33	0.01149	0.01167	0.01752	0.01455	0.01511	0.01566	0.09128	0.01297	0.00843	0.01297	0.00723	0.01167	0.00695	0.00861	0.01593	0.00222	0.72286	0.00473	0.00232	0.00584
34	0.00744	0.00557	0.00830	0.00830	0.00921	0.00647	0.00642	0.00926	0.00835	0.01204	0.01401	0.02080	0.01317	0.05872	0.77689	0.00829	0.01372	0.00563	0.00280	0.00461
35	0.01015	0.01117	0.07787	0.65687	0.03388	0.01179	0.09720	0.01393	0.01066	0.01393	0.00940	0.01368	0.00702	0.00510	0.00529	0.00173	0.00720	0.00473	0.00234	0.00607
36	0.00757	0.00505	0.00568	0.00568	0.00568	0.00505	0.00316	0.00757	0.00757	0.01010	0.01641	0.03408	0.01893	0.81698	0.02651	0.00505	0.00505	0.00757	0.00316	0.00316
37	0.00634	0.00453	0.00604	0.00725	0.00755	0.00423	0.00483	0.00725	0.00997	0.01329	0.02870	0.81358	0.03444	0.01632	0.00665	0.00211	0.00302	0.01480	0.00483	0.00423
38	0.01994	0.01385	0.01508	0.01158	0.01568	0.01511	0.00956	0.68112	0.02330	0.10497	0.01336	0.01314	0.00933	0.00627	0.00518	0.00156	0.00554	0.00474	0.02192	0.00878
39	0.01227	0.01399	0.03039	0.02176	0.02690	0.01323	0.74816	0.01659	0.01219	0.01659	0.01045	0.01399	0.00788	0.00450	0.00640	0.00177	0.02723	0.00611	0.00263	0.00699
40	0.00757	0.00507	0.00580	0.00580	0.00584	0.00511	0.00330	0.00765	0.00761	0.01019	0.01630	0.03348	0.01867	0.78249	0.06064	0.00520	0.00544	0.00748	0.00314	0.00322
41	0.00914	0.00751	0.00835	0.00811	0.00999	0.00787	0.00618	0.01582	0.30778	0.01798	0.13507	0.15194	0.22094	0.01102	0.00597	0.00184	0.00339	0.06000	0.00514	0.00596
42	0.01080	0.00926	0.01080	0.00771	0.01234	0.00694	0.00617	0.01311	0.01080	0.01697	0.00926	0.01080	0.00771	0.00386	0.00386	0.00077	0.00386	0.00309	0.00309	0.84882
43	0.00859	0.00560	0.00732	0.00673	0.00819	0.00511	0.00510	0.01098	0.01467	0.08073	0.70202	0.03755	0.06659	0.01039	0.00607	0.00164	0.00262	0.00913	0.00576	0.00521
44	0.00757	0.00505	0.00568	0.00568	0.00568	0.00505	0.00316	0.00757	0.00757	0.01010	0.01641	0.03408	0.01893	0.81698	0.02651	0.00505	0.00505	0.00757	0.00316	0.00316
45	0.00744	0.00556	0.00828	0.00828	0.00919	0.00646	0.00640	0.00924	0.00834	0.01203	0.01403	0.02089	0.01321	0.06358	0.77208	0.00826	0.01367	0.00564	0.00280	0.00460
46	0.00624	0.00528	0.00539	0.00536	0.00709	0.00443	0.00402	0.00764	0.01207	0.01454	0.10323	0.04934	0.73161	0.01301	0.00615	0.00175	0.00263	0.01088	0.00490	0.00443
47	0.00983	0.00926	0.01562	0.80447	0.03587	0.01157	0.01446	0.01331	0.01041	0.01331	0.00926	0.01388	0.00694	0.00521	0.00521	0.00174	0.00694	0.00463	0.00231	0.00579
48	0.00983	0.00903	0.01218	0.03216	0.01359	0.00925	0.12968	0.01676	0.30036	0.01737	0.03211	0.05233	0.32504	0.00931	0.00582	0.00177	0.00433	0.00820	0.00458	0.00631
49	0.00983	0.00926	0.01562	0.80447	0.03587	0.01157	0.01446	0.01331	0.01041	0.01331	0.00926	0.01388	0.00694	0.00521	0.00521	0.00174	0.00694	0.00463	0.00231	0.00579
50	0.01196	0.37325	0.45699	0.01225	0.01853	0.01581	0.01473	0.01610	0.01081	0.01464	0.00843	0.00984	0.00663	0.00473	0.00425	0.00142	0.00677	0.00338	0.00221	0.00725
51	0.00744	0.00558	0.00837	0.00837	0.00930	0.00651	0.00651	0.00930	0.00837	0.01209	0.01395	0.02046	0.01302	0.03906	0.79635	0.00837	0.01395	0.00558	0.00279	0.00465
52	0.01980	0.01459	0.01563	0.01198	0.01615	0.01615	0.00990	0.76713	0.02448	0.03282	0.01250	0.01250	0.00886	0.00625	0.00521	0.00156	0.00573	0.00469	0.00521	0.00886
53	0.01289	0.01237	0.02114	0.03196	0.78450	0.01237	0.01598	0.01598	0.01186	0.01701	0.00980	0.01289	0.00825	0.00464	0.00516	0.00155	0.00619	0.00464	0.00258	0.00825
54	0.01412	0.01258	0.01238	0.01095	0.01399	0.07454	0.00854	0.09803	0.64363	0.02214	0.01933	0.01798	0.01450	0.00685	0.00524	0.00171	0.00469	0.00557	0.00509	0.00813
55	0.00717	0.00532	0.00669	0.00634	0.00766	0.00483	0.00476	0.00944	0.01427	0.01978	0.66326	0.04072	0.16832	0.01106	0.00614	0.00166	0.00249	0.00967	0.00559	0.00483
56	0.01988	0.00992	0.01198	0.00915	0.01327	0.04832	0.00746	0.03999	0.01409	0.53370	0.01683	0.01541	0.01116	0.00573	0.00486	0.00138	0.00457	0.00458	0.00537	0.22237
57	0.00732	0.00530	0.00677	0.00641	0.00757	0.00490	0.00472	0.00952	0.01402	0.01966	0.68140	0.03915	0.08747	0.07389	0.00774	0.00191	0.00267	0.00936	0.00548	0.00475
58	0.02120	0.01016	0.05851	0.00965	0.01383	0.00834	0.00834	0.02455	0.07959	0.64542	0.01948	0.01719	0.01256	0.00631	0.00517	0.00159	0.00458	0.00512	0.00596	0.04245
59	0.01080	0.00926	0.01080	0.00771	0.01234	0.00694	0.00617	0.01311	0.01080	0.01697	0.00926	0.01080	0.00771	0.00386	0.00386	0.00077	0.00386	0.00309	0.00309	0.84882
60	0.00749	0.00538	0.00734	0.00734	0.00791	0.00595	0.00523	0.00864	0.00806	0.01133	0.01489	0.02567	0.01528	0.33660	0.50189	0.00710	0.01054	0.00634	0.00293	0.00408
61	0.00648	0.00541	0.00567	0.00558	0.00729	0.00466	0.00419	0.00826	0.02859	0.01527	0.16301	0.04776	0.65445	0.01267	0.00613	0.00174	0.00264	0.01064	0.00498	0.00456
62	0.00705	0.00515	0.00662	0.00660	0.00767	0.00472	0.00482	0.00907	0.01346	0.01867	0.55809	0.20993	0.10453	0.01209	0.00625	0.00175	0.00260	0.01073	0.00546	0.00472
63	0.01945	0.02482	0.01476	0.01342	0.01610	0.79608	0.01006	0.02079	0.01476	0.01275	0.00805	0.00939	0.00671	0.00537	0.00470	0.00134	0.00939	0.00335	0.00268	0.00604
64	0.00744	0.00556	0.00828	0.00828	0.00919	0.00646	0.00640	0.00924	0.00834	0.01203	0.01403	0.02089	0.01321	0.06358	0.77208	0.00826	0.01367	0.00564	0.00280	0.00460
65	0.01893	0.05113	0.01563	0.01206	0.01581	0.18955	0.00976	0.51053	0.08100	0.02660	0.01197	0.01218	0.00884	0.00604	0.00502	0.00151	0.00641	0.00440	0.00453	0.00809
66	0.85377	0.01007	0.00765	0.00685	0.01007	0.01168	0.00564	0.01531	0.00886	0.02336	0.00725	0.00846	0.00564	0.00483	0.00322	0.00161	0.00403	0.00282	0.00322	0.00564
67	0.02336	0.00886	0.01209	0.00927	0.01329	0.00765	0.00765	0.02538	0.01491	0.78810	0.02055	0.01773	0.01289	0.00645	0.00524	0.00161	0.00443	0.00524	0.00645	0.00886
