[name]
unknown

[dist]
# distance from previous block
# <min> <max>
24	107

[block]
# block no. 0 follows, 46 sequences, length 6
# corresponding to MSA columns:
# 121-126
name=unknown_A
#
# <colnr> <probs for GDERKNQSTAVLIFYWHMCP>
#	G	D	E	R	K	N	Q	S	T	A	V	L	I	F	Y	W	H	M	C	P
0	0.01278	0.01172	0.01703	0.35181	0.15375	0.03808	0.04121	0.13520	0.01311	0.01763	0.00978	0.01307	0.00766	0.00564	0.00644	0.00168	0.08874	0.00461	0.00294	0.06714
1	0.01231	0.04669	0.04622	0.39928	0.16563	0.01272	0.01342	0.13336	0.01309	0.01764	0.01068	0.03430	0.00854	0.00574	0.00548	0.00167	0.02726	0.00487	0.03424	0.00686
2	0.01314	0.01119	0.01602	0.44822	0.10840	0.03736	0.01308	0.15299	0.01346	0.05001	0.01037	0.01367	0.00785	0.00609	0.00639	0.02718	0.05004	0.00469	0.00311	0.00674
3	0.01085	0.00995	0.01639	0.61467	0.03173	0.01209	0.05927	0.06133	0.01127	0.01473	0.00952	0.01395	0.00733	0.00618	0.00686	0.04202	0.05858	0.00479	0.00255	0.00597
4	0.05642	0.01170	0.01616	0.21609	0.10035	0.01449	0.01224	0.16466	0.01256	0.01811	0.00906	0.01244	0.00747	0.00695	0.00985	0.00191	0.31521	0.00459	0.00300	0.00672
5	0.12531	0.01076	0.01602	0.37222	0.23548	0.01224	0.01312	0.08822	0.01209	0.01783	0.00979	0.01320	0.00768	0.00657	0.03679	0.00195	0.00660	0.00450	0.00286	0.00680

[dist]
# distance from previous block
# <min> <max>
44	83

[block]
# block no. 1 follows, 46 sequences, length 63
# corresponding to MSA columns:
# 217-279
name=unknown_B
#
# <colnr> <probs for GDERKNQSTAVLIFYWHMCP>
#	G	D	E	R	K	N	Q	S	T	A	V	L	I	F	Y	W	H	M	C	P
0	0.03102	0.18528	0.05269	0.22040	0.04296	0.01319	0.05610	0.12327	0.01309	0.04313	0.03049	0.08205	0.01125	0.00632	0.00492	0.00156	0.00581	0.00530	0.03489	0.03629
1	0.02708	0.12866	0.09595	0.14425	0.03693	0.01227	0.04342	0.15479	0.01410	0.04483	0.10951	0.03559	0.01392	0.00647	0.00534	0.01985	0.00556	0.00514	0.00364	0.09270
2	0.01346	0.05554	0.09022	0.26609	0.02153	0.05444	0.02191	0.08131	0.05913	0.12862	0.05659	0.04807	0.03150	0.02577	0.00584	0.00177	0.00596	0.02162	0.00383	0.00679
3	0.04397	0.11507	0.19162	0.01117	0.03326	0.03731	0.01060	0.17203	0.01470	0.05615	0.11702	0.07094	0.04165	0.02122	0.00561	0.00170	0.00548	0.03953	0.00402	0.00694
4	0.01319	0.17642	0.29927	0.03628	0.15424	0.05084	0.05052	0.10099	0.01298	0.01752	0.01011	0.03601	0.00822	0.00538	0.00488	0.00155	0.00686	0.00439	0.00278	0.00757
5	0.01324	0.00953	0.01134	0.00823	0.01282	0.00750	0.00663	0.04279	0.01211	0.13437	0.01126	0.01209	0.00867	0.00440	0.00418	0.00094	0.00407	0.00352	0.00373	0.68857
6	0.05516	0.03264	0.44658	0.13976	0.05348	0.01234	0.13685	0.01603	0.01127	0.01668	0.02518	0.01259	0.00786	0.00506	0.00517	0.00169	0.00747	0.00448	0.00246	0.00724
7	0.01301	0.17851	0.25147	0.01181	0.01664	0.01287	0.06046	0.06007	0.10426	0.09005	0.09467	0.01783	0.03665	0.00643	0.00507	0.00160	0.00581	0.02170	0.00374	0.00734
8	0.00774	0.00552	0.00653	0.00624	0.00775	0.00490	0.00464	0.00958	0.01331	0.05440	0.39077	0.06447	0.34297	0.04904	0.00717	0.00189	0.00280	0.01007	0.00534	0.00487
9	0.00883	0.00561	0.00728	0.00694	0.00830	0.00512	0.00513	0.01088	0.01378	0.09383	0.51515	0.16538	0.08357	0.03769	0.00691	0.00186	0.00288	0.01008	0.00560	0.00518
10	0.01165	0.01083	0.03013	0.40436	0.25581	0.01184	0.03807	0.05613	0.03544	0.01662	0.01075	0.01426	0.00835	0.00526	0.00518	0.00166	0.00639	0.00480	0.06560	0.00688
11	0.10749	0.19882	0.18764	0.01130	0.01543	0.02971	0.07297	0.06693	0.01160	0.01678	0.02352	0.06511	0.01130	0.03047	0.09968	0.00250	0.00708	0.03215	0.00304	0.00647
12	0.00696	0.00545	0.00635	0.00675	0.00814	0.00490	0.00526	0.00856	0.01192	0.01490	0.09241	0.13272	0.43956	0.04206	0.00729	0.00209	0.00333	0.19192	0.00490	0.00454
13	0.00672	0.00482	0.00638	0.00735	0.00781	0.00459	0.00506	0.00780	0.01027	0.01373	0.06297	0.62659	0.05537	0.06435	0.05084	0.00265	0.00384	0.04979	0.00473	0.00432
14	0.06908	0.05799	0.03576	0.14063	0.12455	0.04720	0.11544	0.05950	0.12720	0.01765	0.01447	0.07641	0.03565	0.00678	0.00578	0.00173	0.03638	0.01748	0.00344	0.00687
15	0.01180	0.05567	0.50848	0.04365	0.16317	0.05532	0.03334	0.01706	0.03283	0.01650	0.00977	0.01172	0.00732	0.00502	0.00503	0.00162	0.00743	0.00412	0.00243	0.00772
16	0.00766	0.00513	0.00585	0.00587	0.00591	0.00515	0.00333	0.00773	0.00776	0.01037	0.01684	0.04993	0.01937	0.77635	0.04797	0.00516	0.00534	0.00778	0.00323	0.00327
17	0.01119	0.00953	0.01108	0.00794	0.01262	0.00728	0.00636	0.03205	0.01131	0.01763	0.00948	0.01101	0.00786	0.00398	0.00395	0.00080	0.00396	0.00317	0.00319	0.82561
18	0.06959	0.17677	0.05181	0.01093	0.01458	0.25460	0.00929	0.08450	0.06697	0.14933	0.05355	0.01341	0.01100	0.00589	0.00467	0.00146	0.00640	0.00424	0.00388	0.00715
19	0.00836	0.00706	0.05064	0.00774	0.00963	0.00578	0.03461	0.01106	0.01453	0.04738	0.64733	0.03675	0.07813	0.01022	0.00614	0.00167	0.00311	0.00905	0.00549	0.00534
20	0.29486	0.00956	0.01068	0.00865	0.01232	0.00955	0.00710	0.03939	0.05852	0.44629	0.04097	0.01558	0.01195	0.00618	0.00468	0.00164	0.00431	0.00467	0.00534	0.00775
21	0.32053	0.10614	0.01381	0.01126	0.05516	0.26803	0.00851	0.07126	0.02314	0.03792	0.00939	0.03598	0.00786	0.00559	0.00422	0.00150	0.00627	0.00377	0.00325	0.00643
22	0.01347	0.66863	0.17064	0.01018	0.01532	0.01929	0.01102	0.01600	0.01082	0.01325	0.00775	0.00899	0.00677	0.00462	0.00370	0.00123	0.00606	0.00303	0.00226	0.00698
23	0.00644	0.00460	0.00613	0.00736	0.00767	0.00429	0.00491	0.00736	0.01012	0.01350	0.02914	0.81076	0.03497	0.01656	0.00675	0.00215	0.00307	0.01503	0.00491	0.00429
24	0.05760	0.01421	0.15440	0.10917	0.38498	0.01182	0.08090	0.01557	0.01159	0.01702	0.01123	0.01636	0.00952	0.00559	0.00531	0.00169	0.00657	0.06061	0.01844	0.00742
25	0.01235	0.01387	0.02974	0.02200	0.05450	0.01309	0.69773	0.01688	0.02858	0.01696	0.01141	0.03623	0.00895	0.00486	0.00620	0.00178	0.00855	0.00642	0.00279	0.00712
26	0.00644	0.00462	0.00611	0.00730	0.00765	0.00430	0.00488	0.00737	0.01018	0.01352	0.02986	0.78824	0.05702	0.01647	0.00673	0.00214	0.00306	0.01491	0.00491	0.00430
27	0.00655	0.00468	0.00626	0.00749	0.00785	0.00439	0.00510	0.00756	0.01023	0.01362	0.02907	0.76977	0.03472	0.01646	0.00678	0.00216	0.00317	0.05490	0.00491	0.00433
28	0.01220	0.01550	0.12485	0.05666	0.11793	0.01306	0.54594	0.01667	0.01218	0.01680	0.01040	0.01372	0.00785	0.00459	0.00592	0.00174	0.00838	0.00569	0.00260	0.00731
29	0.00852	0.00608	0.00852	0.00974	0.01095	0.00608	0.00852	0.01095	0.01217	0.01582	0.02799	0.05963	0.03042	0.01460	0.00730	0.00243	0.00487	0.74565	0.00487	0.00487
30	0.00660	0.00540	0.00584	0.00583	0.00749	0.00465	0.00444	0.00821	0.01259	0.01564	0.18542	0.04926	0.60418	0.01298	0.00630	0.00180	0.00276	0.05094	0.00507	0.00458
31	0.01400	0.78769	0.05624	0.00927	0.01392	0.02059	0.00944	0.01586	0.01076	0.01260	0.00743	0.00858	0.00678	0.00454	0.00345	0.00115	0.00573	0.00287	0.00226	0.00682
32	0.09927	0.36509	0.03807	0.01064	0.01470	0.16351	0.00944	0.20833	0.01499	0.01909	0.00892	0.00983	0.00725	0.00521	0.00416	0.00135	0.00632	0.00346	0.00322	0.00715
33	0.85155	0.01022	0.00777	0.00695	0.01022	0.01186	0.00573	0.01554	0.00900	0.02372	0.00736	0.00859	0.00573	0.00491	0.00327	0.00164	0.00409	0.00286	0.00327	0.00573
34	0.01224	0.01594	0.12814	0.02136	0.02702	0.01323	0.66677	0.01691	0.01231	0.01691	0.01054	0.01386	0.00785	0.00453	0.00608	0.00177	0.00877	0.00594	0.00262	0.00722
35	0.25177	0.00933	0.01103	0.00873	0.01259	0.00890	0.00721	0.02295	0.01344	0.57521	0.01714	0.01540	0.01106	0.00609	0.00475	0.00164	0.00439	0.00464	0.00564	0.00810
36	0.00728	0.00540	0.00678	0.00644	0.00777	0.00490	0.00483	0.00958	0.01448	0.02005	0.65789	0.04138	0.17115	0.01124	0.00624	0.00168	0.00252	0.00983	0.00567	0.00490
37	0.01413	0.81739	0.02770	0.00905	0.01357	0.02092	0.00905	0.01583	0.01074	0.01244	0.00735	0.00848	0.00678	0.00452	0.00339	0.00113	0.00565	0.00283	0.00226	0.00678
38	0.00668	0.00570	0.00579	0.00571	0.00754	0.00498	0.00430	0.00884	0.05533	0.01497	0.07727	0.04871	0.71003	0.01294	0.00620	0.00178	0.00276	0.01081	0.00497	0.00470
39	0.04497	0.01338	0.01712	0.17093	0.25764	0.05931	0.01266	0.28901	0.04505	0.02255	0.01108	0.01302	0.00845	0.00556	0.00517	0.00161	0.00629	0.00463	0.00367	0.00789
40	0.77232	0.04901	0.00888	0.00709	0.01049	0.01207	0.00591	0.01545	0.00917	0.02288	0.00745	0.00869	0.00587	0.00484	0.00331	0.00157	0.00416	0.00287	0.00322	0.04474
41	0.00641	0.00519	0.00571	0.00606	0.00744	0.00449	0.00444	0.00772	0.01164	0.01431	0.06397	0.24300	0.54489	0.01417	0.00641	0.00190	0.00285	0.04001	0.00493	0.00445
42	0.01884	0.01406	0.01519	0.01157	0.01586	0.01511	0.00953	0.66031	0.02294	0.03110	0.01224	0.01245	0.00883	0.00601	0.00510	0.00148	0.00556	0.00454	0.00499	0.12430
43	0.01348	0.21069	0.39766	0.01329	0.01896	0.19209	0.03125	0.01736	0.01206	0.01498	0.02733	0.01092	0.00782	0.00513	0.00464	0.00148	0.00760	0.00373	0.00245	0.00710
44	0.01242	0.01150	0.01879	0.30128	0.44739	0.01244	0.01501	0.07285	0.01251	0.01714	0.01067	0.01402	0.02037	0.00518	0.00527	0.00164	0.00646	0.00481	0.00277	0.00748
45	0.06107	0.01122	0.01259	0.04657	0.01454	0.01161	0.00822	0.35280	0.04231	0.06823	0.01437	0.10479	0.01232	0.03763	0.00589	0.00164	0.00492	0.00568	0.00455	0.17905
46	0.00650	0.00463	0.00612	0.00728	0.00757	0.00433	0.00482	0.00738	0.01000	0.01334	0.02852	0.77262	0.03419	0.05576	0.00774	0.00229	0.00317	0.01467	0.00482	0.00424
47	0.00974	0.00776	0.00907	0.00923	0.06396	0.04740	0.00646	0.05629	0.03316	0.04365	0.46738	0.03555	0.15220	0.01010	0.00601	0.00168	0.00351	0.02596	0.00525	0.00565
48	0.01315	0.01178	0.01933	0.10180	0.59115	0.01204	0.01472	0.05068	0.02534	0.04639	0.01167	0.05698	0.01004	0.00560	0.00533	0.00163	0.00605	0.00532	0.00303	0.00797
49	0.00957	0.00885	0.01333	0.18606	0.01737	0.01090	0.05184	0.01146	0.00975	0.01365	0.01666	0.19744	0.07031	0.01058	0.02614	0.00217	0.29872	0.00761	0.03219	0.00539
50	0.00644	0.00462	0.00611	0.00731	0.00765	0.00430	0.00488	0.00737	0.01017	0.01352	0.02981	0.78987	0.05542	0.01648	0.00673	0.00214	0.00306	0.01492	0.00491	0.00430
51	0.03200	0.01178	0.02017	0.22610	0.53958	0.01238	0.05015	0.01555	0.01161	0.01645	0.00978	0.01329	0.00796	0.00485	0.00525	0.00163	0.00654	0.00473	0.00257	0.00762
52	0.01277	0.01312	0.05035	0.06986	0.63565	0.01259	0.09524	0.01618	0.01198	0.01702	0.00998	0.01319	0.00821	0.00472	0.00533	0.00161	0.00665	0.00484	0.00260	0.00809
53	0.00644	0.00460	0.00613	0.00736	0.00767	0.00429	0.00491	0.00736	0.01012	0.01350	0.02914	0.81076	0.03497	0.01656	0.00675	0.00215	0.00307	0.01503	0.00491	0.00429
54	0.00769	0.00513	0.00577	0.00577	0.00577	0.00513	0.00320	0.00769	0.00769	0.01025	0.01666	0.03460	0.01922	0.81421	0.02691	0.00513	0.00513	0.00769	0.00320	0.00320
55	0.00850	0.00698	0.01016	0.20573	0.01606	0.00745	0.03432	0.05076	0.01148	0.01507	0.06476	0.36598	0.11721	0.01196	0.00682	0.02559	0.02165	0.01030	0.00413	0.00508
56	0.02050	0.01416	0.01547	0.01186	0.01607	0.01544	0.00979	0.68153	0.02377	0.11692	0.01360	0.01328	0.00945	0.00637	0.00529	0.00159	0.00567	0.00482	0.00543	0.00899
57	0.00652	0.00466	0.00622	0.00745	0.00779	0.00436	0.00504	0.00750	0.01020	0.01358	0.02909	0.78253	0.03479	0.01649	0.00677	0.00216	0.00313	0.04249	0.00491	0.00432
58	0.01590	0.07275	0.03113	0.11112	0.26898	0.36226	0.01278	0.03618	0.01339	0.01495	0.00897	0.01126	0.00740	0.00514	0.00490	0.00147	0.00780	0.00398	0.00267	0.00698
59	0.00644	0.00460	0.00613	0.00736	0.00767	0.00429	0.00491	0.00736	0.01012	0.01350	0.02914	0.81076	0.03497	0.01656	0.00675	0.00215	0.00307	0.01503	0.00491	0.00429
60	0.01296	0.05058	0.05609	0.05463	0.58720	0.02874	0.04366	0.01683	0.05342	0.01703	0.01069	0.01389	0.00890	0.00503	0.00521	0.00159	0.00638	0.01637	0.00276	0.00804
61	0.01060	0.02251	0.56966	0.07338	0.05813	0.01178	0.08105	0.01585	0.01117	0.01630	0.02798	0.01367	0.00861	0.04927	0.00638	0.00187	0.00751	0.00454	0.00243	0.00732
62	0.01827	0.04812	0.01609	0.06983	0.06411	0.34995	0.01071	0.28530	0.05150	0.02090	0.01054	0.01161	0.00811	0.00575	0.00499	0.00149	0.00745	0.00415	0.00371	0.00739

[dist]
# distance from previous block
# <min> <max>
0	1

[block]
# block no. 2 follows, 46 sequences, length 21
# corresponding to MSA columns:
# 281-301
name=unknown_C
#
# <colnr> <probs for GDERKNQSTAVLIFYWHMCP>
#	G	D	E	R	K	N	Q	S	T	A	V	L	I	F	Y	W	H	M	C	P
0	0.01525	0.37751	0.05365	0.05644	0.01711	0.11104	0.08069	0.12647	0.01380	0.04684	0.03806	0.01177	0.00910	0.00533	0.00464	0.00140	0.01672	0.00402	0.00311	0.00706
1	0.43093	0.00966	0.01113	0.26099	0.03702	0.01156	0.00916	0.01419	0.00963	0.01886	0.00943	0.04988	0.00798	0.00596	0.00520	0.00174	0.06505	0.00428	0.03162	0.00574
2	0.00980	0.00638	0.00786	0.00719	0.00901	0.00599	0.00549	0.01317	0.08548	0.11497	0.47046	0.06175	0.16065	0.01054	0.00606	0.00171	0.00295	0.00913	0.00569	0.00570
3	0.00764	0.00532	0.00677	0.00677	0.00712	0.00567	0.00445	0.00833	0.00798	0.01099	0.01574	0.02951	0.01701	0.52955	0.30855	0.00636	0.00845	0.00694	0.00307	0.00376
4	0.00652	0.00468	0.00612	0.00720	0.00758	0.00436	0.00481	0.00747	0.01027	0.01366	0.05516	0.72444	0.06419	0.04714	0.00749	0.00223	0.00311	0.01441	0.00487	0.00428
5	0.00684	0.00515	0.00673	0.03719	0.00900	0.00476	0.00528	0.00798	0.01037	0.01380	0.02946	0.65971	0.10218	0.01505	0.00647	0.00201	0.00323	0.01354	0.00470	0.05653
6	0.01152	0.00980	0.01189	0.09963	0.01557	0.00828	0.00751	0.06867	0.01194	0.01798	0.00964	0.01145	0.00783	0.00425	0.00417	0.00096	0.00442	0.00343	0.00320	0.68786
7	0.01509	0.01218	0.01558	0.01313	0.08751	0.01186	0.06896	0.29970	0.01651	0.04255	0.01104	0.01227	0.00845	0.00515	0.00510	0.00130	0.02442	0.00424	0.00393	0.34100
8	0.10099	0.10968	0.03512	0.01924	0.31362	0.15252	0.01193	0.05807	0.05264	0.01760	0.01124	0.01543	0.00979	0.00585	0.00490	0.00157	0.00635	0.06309	0.00312	0.00725
9	0.13937	0.04032	0.01191	0.04920	0.01348	0.04304	0.00774	0.08824	0.01451	0.33031	0.16601	0.01929	0.01793	0.00702	0.00543	0.00163	0.02664	0.00552	0.00515	0.00727
10	0.01041	0.00983	0.08345	0.17154	0.01643	0.00907	0.00911	0.10153	0.01265	0.01798	0.09928	0.12589	0.04586	0.04000	0.00682	0.00180	0.04975	0.00683	0.12082	0.06094
11	0.01096	0.00940	0.01096	0.00783	0.01253	0.00705	0.00626	0.01331	0.01096	0.01723	0.00940	0.01096	0.00783	0.00392	0.00392	0.00078	0.00392	0.00313	0.00313	0.84653
12	0.01325	0.01110	0.01175	0.01047	0.01340	0.01273	0.00817	0.07395	0.66571	0.02271	0.04941	0.02002	0.01686	0.00722	0.00534	0.00175	0.00416	0.00599	0.03786	0.00815
13	0.00674	0.00474	0.00639	0.00757	0.00795	0.00447	0.00523	0.00768	0.01019	0.01354	0.02824	0.70883	0.03352	0.01645	0.00735	0.03544	0.00330	0.08329	0.00480	0.00427
14	0.02952	0.34882	0.38282	0.01296	0.03690	0.01589	0.04252	0.01678	0.04083	0.01535	0.00910	0.01051	0.00717	0.00487	0.00438	0.00146	0.00672	0.00363	0.00241	0.00736
15	0.00868	0.00646	0.00861	0.11297	0.01235	0.00653	0.00664	0.01199	0.07041	0.04768	0.43842	0.10284	0.10391	0.01048	0.00609	0.00176	0.00344	0.03018	0.00516	0.00540
16	0.00759	0.00567	0.00709	0.00687	0.00816	0.00536	0.00509	0.01055	0.06096	0.01965	0.57039	0.13289	0.11672	0.01153	0.00625	0.00174	0.00269	0.01016	0.00559	0.00506
17	0.75060	0.01009	0.00842	0.02903	0.01125	0.01147	0.00616	0.01645	0.00962	0.09499	0.00869	0.00962	0.00645	0.00507	0.00352	0.00164	0.00421	0.00314	0.00355	0.00604
18	0.01277	0.01043	0.01270	0.00988	0.01350	0.01004	0.03203	0.15815	0.04223	0.03836	0.01354	0.05577	0.03667	0.00641	0.00611	0.00134	0.09133	0.02351	0.00381	0.42142
19	0.00753	0.00551	0.00680	0.00718	0.00829	0.00504	0.00515	0.00917	0.03022	0.02961	0.09109	0.41588	0.16235	0.07124	0.00787	0.00218	0.00335	0.07006	0.00479	0.05670
20	0.00788	0.00612	0.00664	0.00652	0.00800	0.00572	0.00471	0.08402	0.01236	0.01551	0.03940	0.20430	0.44420	0.11964	0.00900	0.00228	0.00340	0.01086	0.00472	0.00472

[dist]
# distance from previous block
# <min> <max>
0	1

[block]
# block no. 3 follows, 46 sequences, length 6
# corresponding to MSA columns:
# 303-308
name=unknown_D
#
# <colnr> <probs for GDERKNQSTAVLIFYWHMCP>
#	G	D	E	R	K	N	Q	S	T	A	V	L	I	F	Y	W	H	M	C	P
0	0.11905	0.04492	0.06239	0.01006	0.01406	0.01153	0.00873	0.21138	0.08322	0.21581	0.01529	0.04538	0.01165	0.00657	0.00495	0.00158	0.00492	0.03121	0.00480	0.09248
1	0.08217	0.01264	0.06590	0.04448	0.04203	0.06367	0.06524	0.14342	0.01264	0.01819	0.01143	0.06466	0.01027	0.03499	0.10159	0.00265	0.15609	0.00529	0.00327	0.05939
2	0.03940	0.01144	0.10370	0.01222	0.08166	0.00992	0.00990	0.14354	0.08789	0.10383	0.05579	0.09730	0.05306	0.00921	0.00583	0.00186	0.00500	0.15682	0.00466	0.00699
3	0.07684	0.08606	0.27784	0.06614	0.12763	0.04689	0.08180	0.06401	0.01233	0.06674	0.01009	0.01195	0.00758	0.00525	0.00540	0.00163	0.03719	0.00426	0.00291	0.00746
4	0.01226	0.03544	0.07270	0.01146	0.06231	0.00939	0.05615	0.05607	0.05123	0.07867	0.01400	0.12065	0.01248	0.00658	0.00533	0.00139	0.03314	0.00560	0.03020	0.32495
5	0.06914	0.01184	0.07744	0.07875	0.16291	0.01069	0.09982	0.04582	0.08692	0.12753	0.07828	0.01845	0.05753	0.00630	0.00532	0.00164	0.00552	0.00561	0.00396	0.04651

[dist]
# distance from previous block
# <min> <max>
18	60

[block]
# block no. 4 follows, 46 sequences, length 6
# corresponding to MSA columns:
# 381-386
name=unknown_E
#
# <colnr> <probs for GDERKNQSTAVLIFYWHMCP>
#	G	D	E	R	K	N	Q	S	T	A	V	L	I	F	Y	W	H	M	C	P
0	0.07201	0.23814	0.18828	0.01486	0.11773	0.12252	0.05241	0.01678	0.01166	0.03695	0.03137	0.01148	0.00842	0.00531	0.00525	0.00151	0.05167	0.00394	0.00268	0.00703
1	0.11191	0.16243	0.12408	0.01064	0.01452	0.01291	0.04967	0.12625	0.01345	0.05544	0.12299	0.03304	0.03356	0.00669	0.00569	0.00158	0.06134	0.00515	0.00373	0.04493
2	0.01624	0.08281	0.16837	0.01148	0.01624	0.01227	0.03989	0.20098	0.07014	0.19144	0.05655	0.01513	0.01192	0.00600	0.00506	0.00153	0.00556	0.00483	0.00446	0.07909
3	0.28762	0.01033	0.01072	0.00873	0.01235	0.01058	0.00704	0.14520	0.06787	0.15096	0.01348	0.06845	0.01073	0.00622	0.00448	0.00151	0.00435	0.00473	0.00440	0.17027
4	0.01152	0.00917	0.01076	0.00809	0.01232	0.00732	0.00640	0.01463	0.06398	0.06128	0.01231	0.06920	0.01065	0.00520	0.00430	0.00100	0.00391	0.00431	0.00361	0.68006
5	0.07237	0.01106	0.01640	0.20166	0.30008	0.03245	0.04632	0.03751	0.06552	0.04767	0.04458	0.01767	0.07198	0.00609	0.00527	0.00166	0.00584	0.00543	0.00334	0.00708

[dist]
# distance from previous block
# <min> <max>
0	3

[block]
# block no. 5 follows, 46 sequences, length 24
# corresponding to MSA columns:
# 390-413
name=unknown_F
#
# <colnr> <probs for GDERKNQSTAVLIFYWHMCP>
#	G	D	E	R	K	N	Q	S	T	A	V	L	I	F	Y	W	H	M	C	P
0	0.01073	0.00998	0.01647	0.55617	0.19791	0.01142	0.01415	0.01406	0.01093	0.01475	0.00971	0.01379	0.00756	0.00508	0.00514	0.00164	0.00654	0.00460	0.02339	0.06597
1	0.00998	0.00940	0.01586	0.80150	0.03641	0.01175	0.01468	0.01351	0.01057	0.01351	0.00940	0.01409	0.00705	0.00529	0.00529	0.00176	0.00705	0.00470	0.00235	0.00587
2	0.00739	0.00539	0.00700	0.00693	0.00813	0.00499	0.00527	0.00964	0.01400	0.01939	0.57552	0.11608	0.10189	0.01194	0.00639	0.00180	0.00280	0.08501	0.00557	0.00487
3	0.00656	0.00543	0.00580	0.00600	0.00767	0.00468	0.00465	0.00803	0.01201	0.01446	0.04940	0.07476	0.65658	0.01365	0.00640	0.00188	0.00298	0.10965	0.00490	0.00451
4	0.85155	0.01022	0.00777	0.00695	0.01022	0.01186	0.00573	0.01554	0.00900	0.02372	0.00736	0.00859	0.00573	0.00491	0.00327	0.00164	0.00409	0.00286	0.00327	0.00573
5	0.01096	0.00940	0.01096	0.00783	0.01253	0.00705	0.00626	0.01331	0.01096	0.01723	0.00940	0.01096	0.00783	0.00392	0.00392	0.00078	0.00392	0.00313	0.00313	0.84653
6	0.01829	0.04685	0.31202	0.01158	0.01712	0.01001	0.01236	0.02190	0.01343	0.45880	0.01595	0.01499	0.01038	0.00588	0.00513	0.00163	0.00582	0.00468	0.00472	0.00846
7	0.00844	0.00606	0.00841	0.00958	0.01082	0.00603	0.00836	0.01084	0.01217	0.01577	0.02888	0.05933	0.05633	0.01456	0.00727	0.00241	0.00479	0.72024	0.00487	0.00485
8	0.01096	0.00940	0.01096	0.00783	0.01253	0.00705	0.00626	0.01331	0.01096	0.01723	0.00940	0.01096	0.00783	0.00392	0.00392	0.00078	0.00392	0.00313	0.00313	0.84653
9	0.02010	0.01481	0.01587	0.01216	0.01639	0.01639	0.01005	0.76360	0.02486	0.03332	0.01269	0.01269	0.00899	0.00635	0.00529	0.00159	0.00582	0.00476	0.00529	0.00899
10	0.01965	0.00977	0.01397	0.16198	0.07244	0.00971	0.00997	0.06562	0.01433	0.50827	0.01686	0.01633	0.01111	0.00627	0.00579	0.00168	0.03769	0.00510	0.00522	0.00823
11	0.01113	0.02661	0.75577	0.01484	0.02250	0.01210	0.01906	0.01710	0.01132	0.04753	0.00994	0.01144	0.00695	0.00508	0.00503	0.00167	0.00768	0.00396	0.00241	0.00786
12	0.00691	0.00502	0.00659	0.00765	0.00817	0.00482	0.00531	0.00860	0.04278	0.01432	0.05725	0.69460	0.03441	0.01581	0.00671	0.00213	0.00322	0.06621	0.00496	0.00453
13	0.00644	0.00460	0.00613	0.00736	0.00767	0.00429	0.00491	0.00736	0.01012	0.01350	0.02914	0.81076	0.03497	0.01656	0.00675	0.00215	0.00307	0.01503	0.00491	0.00429
14	0.02205	0.03865	0.06757	0.00973	0.01402	0.00848	0.00858	0.02438	0.01469	0.68420	0.03850	0.01771	0.01333	0.00647	0.00525	0.00162	0.00472	0.00523	0.00607	0.00873
15	0.02372	0.00900	0.01227	0.00941	0.01350	0.00777	0.00777	0.02576	0.01513	0.78489	0.02086	0.01799	0.01309	0.00654	0.00532	0.00164	0.00450	0.00532	0.00654	0.00900
16	0.02372	0.00900	0.01227	0.00941	0.01350	0.00777	0.00777	0.02576	0.01513	0.78489	0.02086	0.01799	0.01309	0.00654	0.00532	0.00164	0.00450	0.00532	0.00654	0.00900
17	0.02372	0.00900	0.01227	0.00941	0.01350	0.00777	0.00777	0.02576	0.01513	0.78489	0.02086	0.01799	0.01309	0.00654	0.00532	0.00164	0.00450	0.00532	0.00654	0.00900
18	0.01237	0.01591	0.20158	0.06100	0.57091	0.01246	0.01694	0.01623	0.01177	0.01699	0.00981	0.01267	0.00792	0.00481	0.00519	0.00160	0.00667	0.00452	0.00251	0.00814
19	0.00673	0.00481	0.00646	0.00769	0.00812	0.00454	0.00541	0.00786	0.01041	0.01382	0.02898	0.70676	0.03434	0.01629	0.00682	0.00219	0.00332	0.11619	0.00490	0.00437
20	0.01278	0.01228	0.06672	0.01102	0.01428	0.01280	0.00916	0.02659	0.68694	0.02148	0.02093	0.02074	0.01605	0.00732	0.00543	0.00181	0.00447	0.03588	0.00514	0.00819
21	0.01073	0.05468	0.76056	0.01486	0.02256	0.01258	0.01917	0.01671	0.01115	0.01659	0.00941	0.01107	0.00670	0.00501	0.00497	0.00166	0.00774	0.00387	0.00223	0.00778
22	0.02372	0.00900	0.01227	0.00941	0.01350	0.00777	0.00777	0.02576	0.01513	0.78489	0.02086	0.01799	0.01309	0.00654	0.00532	0.00164	0.00450	0.00532	0.00654	0.00900
23	0.02874	0.04568	0.29956	0.01636	0.02153	0.01211	0.30514	0.01524	0.01130	0.01614	0.01242	0.12295	0.01112	0.00661	0.00631	0.00180	0.05098	0.00633	0.00280	0.00687

[dist]
# distance from previous block
# <min> <max>
0	1

[block]
# block no. 6 follows, 46 sequences, length 9
# corresponding to MSA columns:
# 415-423
name=unknown_G
#
# <colnr> <probs for GDERKNQSTAVLIFYWHMCP>
#	G	D	E	R	K	N	Q	S	T	A	V	L	I	F	Y	W	H	M	C	P
0	0.01144	0.01836	0.42509	0.14071	0.02180	0.01049	0.04151	0.01586	0.01156	0.10310	0.03800	0.11296	0.01243	0.00684	0.00540	0.00175	0.00659	0.00584	0.00320	0.00708
1	0.00776	0.00536	0.00665	0.00731	0.00792	0.00524	0.00497	0.05826	0.01092	0.01498	0.02574	0.61008	0.02980	0.10036	0.00856	0.00235	0.00342	0.01274	0.07303	0.00454
2	0.01023	0.00965	0.01631	0.73948	0.09648	0.01181	0.01481	0.01373	0.01069	0.01381	0.00944	0.01401	0.00715	0.00524	0.00528	0.00175	0.00699	0.00470	0.00237	0.00607
3	0.05749	0.26214	0.43175	0.01285	0.01909	0.01464	0.05305	0.01695	0.01123	0.06191	0.00947	0.01079	0.00712	0.00493	0.00452	0.00151	0.00682	0.00373	0.00258	0.00743
4	0.02175	0.00856	0.01164	0.00907	0.01282	0.00743	0.00743	0.02385	0.01511	0.69235	0.11266	0.02060	0.01755	0.00706	0.00543	0.00164	0.00426	0.00583	0.00646	0.00851
5	0.01107	0.11719	0.65103	0.01430	0.02124	0.01352	0.01783	0.01638	0.01092	0.01599	0.00908	0.01088	0.00672	0.00523	0.00561	0.00165	0.05771	0.00383	0.00224	0.00757
6	0.00699	0.00622	0.05312	0.00769	0.00865	0.00502	0.00586	0.00840	0.01060	0.01418	0.07861	0.54476	0.08430	0.07618	0.00816	0.00231	0.00357	0.06618	0.00467	0.00452
7	0.05573	0.21506	0.56456	0.01320	0.01999	0.01432	0.01630	0.01646	0.01095	0.01608	0.00886	0.01039	0.00667	0.00490	0.00454	0.00154	0.00710	0.00359	0.00229	0.00746
8	0.05867	0.13232	0.25310	0.01020	0.01443	0.01034	0.01067	0.01520	0.01200	0.13025	0.10502	0.10719	0.06549	0.00811	0.00525	0.00168	0.00519	0.04429	0.00394	0.00665

[dist]
# distance from previous block
# <min> <max>
0	1

[block]
# block no. 7 follows, 46 sequences, length 134
# corresponding to MSA columns:
# 425-558
name=unknown_H
#
# <colnr> <probs for GDERKNQSTAVLIFYWHMCP>
#	G	D	E	R	K	N	Q	S	T	A	V	L	I	F	Y	W	H	M	C	P
0	0.01411	0.66138	0.12053	0.01013	0.01492	0.07679	0.01043	0.01633	0.01111	0.01301	0.00767	0.00889	0.00678	0.00465	0.00369	0.00121	0.00621	0.00300	0.00229	0.00686
1	0.09769	0.28845	0.01789	0.01039	0.01403	0.14487	0.00882	0.13528	0.17721	0.01918	0.03121	0.01254	0.01015	0.00573	0.00440	0.00145	0.00577	0.00408	0.00367	0.00721
2	0.16562	0.24973	0.36171	0.01154	0.01724	0.03074	0.01312	0.03592	0.01123	0.04670	0.00898	0.01019	0.00685	0.00496	0.00425	0.00150	0.00637	0.00347	0.00268	0.00718
3	0.00819	0.00645	0.00765	0.00773	0.00904	0.02122	0.00553	0.02406	0.05919	0.01483	0.04421	0.42246	0.07489	0.07540	0.07035	0.00263	0.00446	0.02860	0.00441	0.10870
4	0.00742	0.00505	0.00602	0.00640	0.00655	0.00497	0.00395	0.00779	0.00857	0.01140	0.02052	0.23540	0.02391	0.56329	0.02060	0.00421	0.00458	0.05206	0.00374	0.00358
5	0.00637	0.00536	0.00552	0.00548	0.00722	0.00451	0.00411	0.00782	0.01234	0.01496	0.12502	0.04975	0.70719	0.01313	0.00625	0.00177	0.00266	0.01100	0.00500	0.00451
6	0.85155	0.01022	0.00777	0.00695	0.01022	0.01186	0.00573	0.01554	0.00900	0.02372	0.00736	0.00859	0.00573	0.00491	0.00327	0.00164	0.00409	0.00286	0.00327	0.00573
7	0.01096	0.00940	0.01096	0.00783	0.01253	0.00705	0.00626	0.01331	0.01096	0.01723	0.00940	0.01096	0.00783	0.00392	0.00392	0.00078	0.00392	0.00313	0.00313	0.84653
8	0.01378	0.00931	0.01125	0.00818	0.01274	0.00721	0.00660	0.01607	0.01188	0.18708	0.01193	0.01252	0.00899	0.00450	0.00423	0.00097	0.00404	0.00362	0.00389	0.66122
9	0.01096	0.00940	0.01096	0.00783	0.01253	0.00705	0.00626	0.01331	0.01096	0.01723	0.00940	0.01096	0.00783	0.00392	0.00392	0.00078	0.00392	0.00313	0.00313	0.84653
10	0.01096	0.00940	0.01096	0.00783	0.01253	0.00705	0.00626	0.01331	0.01096	0.01723	0.00940	0.01096	0.00783	0.00392	0.00392	0.00078	0.00392	0.00313	0.00313	0.84653
11	0.02217	0.00897	0.01191	0.00930	0.01320	0.00796	0.00763	0.02503	0.06487	0.69703	0.02249	0.01971	0.05063	0.00692	0.00537	0.00165	0.00439	0.00564	0.00639	0.00873
12	0.00864	0.00574	0.00775	0.00804	0.00930	0.00544	0.00642	0.01085	0.01322	0.06204	0.34807	0.16204	0.03842	0.01282	0.00665	0.00202	0.00356	0.27853	0.00538	0.00507
13	0.00824	0.00557	0.00731	0.00678	0.00816	0.00512	0.00512	0.01071	0.01497	0.05680	0.74312	0.03849	0.04817	0.01061	0.00619	0.00166	0.00259	0.00936	0.00585	0.00518
14	0.02090	0.00994	0.01258	0.01062	0.04365	0.02655	0.00824	0.04113	0.14495	0.57089	0.03958	0.01835	0.01414	0.00666	0.00533	0.00165	0.00460	0.00546	0.00606	0.00870
15	0.01060	0.02735	0.78682	0.01507	0.02288	0.01228	0.01953	0.01674	0.01116	0.01674	0.00949	0.01116	0.00670	0.00502	0.00502	0.00167	0.00781	0.00391	0.00223	0.00781
16	0.02001	0.00828	0.01115	0.00884	0.01230	0.00729	0.00719	0.02243	0.03141	0.60467	0.18333	0.02264	0.02104	0.00747	0.00551	0.00164	0.00406	0.00624	0.00636	0.00812
17	0.01669	0.01884	0.42763	0.01244	0.01853	0.01019	0.01408	0.02093	0.01300	0.37296	0.01476	0.01433	0.00966	0.00573	0.00516	0.00166	0.00628	0.00456	0.00423	0.00836
18	0.01975	0.01464	0.01567	0.01209	0.01626	0.01623	0.00997	0.72745	0.06157	0.03277	0.01313	0.01304	0.00934	0.00639	0.00529	0.00160	0.00574	0.00482	0.00529	0.00896
19	0.02311	0.00963	0.01262	0.00971	0.01379	0.00875	0.00801	0.09925	0.03383	0.69222	0.02006	0.01751	0.01275	0.00654	0.00532	0.00163	0.00462	0.00528	0.00639	0.00898
20	0.01975	0.02520	0.01498	0.01362	0.01634	0.79299	0.01021	0.02111	0.01498	0.01294	0.00817	0.00953	0.00681	0.00545	0.00477	0.00136	0.00953	0.00340	0.00272	0.00613
21	0.01120	0.16022	0.65914	0.01405	0.02131	0.01373	0.01777	0.01659	0.01109	0.01602	0.00913	0.01071	0.00671	0.00494	0.00475	0.00158	0.00745	0.00372	0.00224	0.00764
22	0.02372	0.00900	0.01227	0.00941	0.01350	0.00777	0.00777	0.02576	0.01513	0.78489	0.02086	0.01799	0.01309	0.00654	0.00532	0.00164	0.00450	0.00532	0.00654	0.00900
23	0.01060	0.02735	0.78682	0.01507	0.02288	0.01228	0.01953	0.01674	0.01116	0.01674	0.00949	0.01116	0.00670	0.00502	0.00502	0.00167	0.00781	0.00391	0.00223	0.00781
24	0.00998	0.00940	0.01586	0.80150	0.03641	0.01175	0.01468	0.01351	0.01057	0.01351	0.00940	0.01409	0.00705	0.00529	0.00529	0.00176	0.00705	0.00470	0.00235	0.00587
25	0.00769	0.00513	0.00577	0.00577	0.00577	0.00513	0.00320	0.00769	0.00769	0.01025	0.01666	0.03460	0.01922	0.81421	0.02691	0.00513	0.00513	0.00769	0.00320	0.00320
26	0.01060	0.02735	0.78682	0.01507	0.02288	0.01228	0.01953	0.01674	0.01116	0.01674	0.00949	0.01116	0.00670	0.00502	0.00502	0.00167	0.00781	0.00391	0.00223	0.00781
27	0.01060	0.02735	0.78682	0.01507	0.02288	0.01228	0.01953	0.01674	0.01116	0.01674	0.00949	0.01116	0.00670	0.00502	0.00502	0.00167	0.00781	0.00391	0.00223	0.00781
28	0.00746	0.00540	0.00703	0.00663	0.00788	0.00498	0.00497	0.00993	0.01491	0.02106	0.76402	0.03972	0.06439	0.01086	0.00624	0.00167	0.00250	0.00959	0.00580	0.00498
29	0.01493	0.01175	0.01259	0.01089	0.01415	0.01331	0.00859	0.14374	0.60511	0.07327	0.02008	0.01850	0.01481	0.00700	0.00536	0.00175	0.00446	0.00574	0.00544	0.00851
30	0.01005	0.00946	0.01598	0.78488	0.05251	0.01176	0.01472	0.01357	0.01060	0.01359	0.00941	0.01407	0.00708	0.00527	0.00528	0.00176	0.00703	0.00470	0.00235	0.00593
31	0.00640	0.00540	0.00556	0.00564	0.00739	0.00457	0.00431	0.00781	0.01206	0.01438	0.05187	0.05145	0.72972	0.01347	0.00632	0.00183	0.00282	0.05959	0.00491	0.00449
32	0.00843	0.00580	0.00778	0.00860	0.00982	0.00557	0.00709	0.01044	0.01206	0.04670	0.07935	0.20001	0.11146	0.01428	0.00693	0.00223	0.00412	0.44944	0.00501	0.00489
33	0.38133	0.06644	0.14889	0.00944	0.01382	0.01174	0.00915	0.06740	0.01210	0.20119	0.02623	0.01212	0.00877	0.00550	0.00426	0.00161	0.00503	0.00388	0.00397	0.00714
34	0.01774	0.00829	0.01118	0.06093	0.01360	0.00755	0.00749	0.03454	0.02760	0.46989	0.21022	0.02268	0.02163	0.00739	0.00547	0.00160	0.00415	0.00622	0.00584	0.05599
35	0.04451	0.37229	0.40795	0.01200	0.01812	0.01595	0.01416	0.01649	0.01098	0.03169	0.00872	0.01004	0.00684	0.00483	0.00425	0.00143	0.00665	0.00342	0.00238	0.00731
36	0.06843	0.07971	0.05449	0.00919	0.02680	0.00947	0.00769	0.04717	0.09984	0.23420	0.21492	0.02438	0.08611	0.00788	0.00532	0.00163	0.00414	0.00649	0.00514	0.00703
37	0.08143	0.53021	0.02296	0.01126	0.06446	0.12733	0.00945	0.05333	0.03100	0.01498	0.00825	0.00943	0.00715	0.00485	0.00384	0.00127	0.00609	0.00321	0.00266	0.00686
38	0.01830	0.01672	0.01476	0.01287	0.04968	0.27237	0.02835	0.34606	0.01864	0.05129	0.01209	0.02709	0.00931	0.00610	0.00500	0.00149	0.00670	0.00457	0.09114	0.00746
39	0.01243	0.00905	0.01080	0.00816	0.01227	0.00723	0.00646	0.04634	0.01198	0.11232	0.01315	0.10082	0.01155	0.00575	0.00446	0.00107	0.00397	0.00479	0.00384	0.61356
40	0.00755	0.00566	0.00850	0.00850	0.00944	0.00661	0.00661	0.00944	0.00850	0.01227	0.01416	0.02077	0.01322	0.03965	0.79326	0.00850	0.01416	0.00566	0.00283	0.00472
41	0.01376	0.73339	0.10841	0.00969	0.01456	0.02000	0.01016	0.01593	0.01079	0.01290	0.00758	0.00877	0.00677	0.00458	0.00357	0.00119	0.00588	0.00294	0.00226	0.00689
42	0.00724	0.00535	0.00675	0.00650	0.00777	0.00487	0.00484	0.00946	0.01424	0.01971	0.62544	0.08562	0.15954	0.01153	0.00627	0.00171	0.00255	0.01012	0.00563	0.00487
43	0.00660	0.00479	0.00623	0.00709	0.00767	0.00443	0.00485	0.00782	0.01109	0.01487	0.15884	0.62151	0.09397	0.01534	0.00662	0.00204	0.00294	0.01380	0.00506	0.00443
44	0.85155	0.01022	0.00777	0.00695	0.01022	0.01186	0.00573	0.01554	0.00900	0.02372	0.00736	0.00859	0.00573	0.00491	0.00327	0.00164	0.00409	0.00286	0.00327	0.00573
45	0.01017	0.00598	0.00781	0.00717	0.00888	0.00541	0.00548	0.01238	0.01435	0.15316	0.51868	0.09405	0.09574	0.01077	0.00614	0.00172	0.00296	0.02775	0.00579	0.00559
46	0.01892	0.02364	0.01578	0.01595	0.11082	0.69659	0.01096	0.02051	0.01462	0.01347	0.00839	0.00997	0.00700	0.00536	0.00482	0.00139	0.00913	0.00357	0.00271	0.00641
47	0.01137	0.00919	0.01402	0.28813	0.02054	0.01140	0.02700	0.02594	0.00975	0.06387	0.02483	0.02712	0.00916	0.00942	0.01212	0.16315	0.25985	0.00499	0.00277	0.00541
48	0.01653	0.07414	0.09956	0.01827	0.21158	0.44296	0.01269	0.01887	0.01339	0.01441	0.00868	0.01059	0.00720	0.00524	0.00510	0.00145	0.02604	0.00378	0.00260	0.00692
49	0.00854	0.00622	0.00840	0.00920	0.01050	0.00623	0.00781	0.01162	0.05376	0.01703	0.15694	0.07287	0.03312	0.01360	0.00700	0.00226	0.00438	0.56041	0.00506	0.00506
50	0.01744	0.01296	0.06445	0.01095	0.01497	0.01247	0.00934	0.39782	0.07624	0.15297	0.01579	0.09021	0.01244	0.00712	0.00530	0.00160	0.00518	0.00573	0.00508	0.08196
51	0.06522	0.07146	0.01286	0.00925	0.01290	0.01059	0.00759	0.15124	0.08672	0.31269	0.04363	0.01852	0.05178	0.04347	0.00600	0.00170	0.00458	0.00531	0.00515	0.07935
52	0.03156	0.44240	0.22953	0.01068	0.01580	0.01629	0.01152	0.01739	0.06148	0.07216	0.03921	0.01184	0.00946	0.00523	0.00421	0.00139	0.00590	0.00377	0.00293	0.00724
53	0.01789	0.06826	0.01488	0.01290	0.03099	0.64197	0.00959	0.01932	0.01432	0.01341	0.05937	0.01274	0.01029	0.04516	0.00587	0.00156	0.00856	0.00401	0.00292	0.00600
54	0.00702	0.00545	0.00651	0.00699	0.00835	0.00494	0.00549	0.00871	0.01207	0.01524	0.10991	0.16311	0.39437	0.01395	0.00661	0.00201	0.00333	0.21635	0.00498	0.00460
55	0.01308	0.01256	0.02146	0.03245	0.78123	0.01256	0.01622	0.01622	0.01204	0.01727	0.00994	0.01308	0.00837	0.00471	0.00523	0.00157	0.00628	0.00471	0.00262	0.00837
56	0.01308	0.01256	0.02146	0.03245	0.78123	0.01256	0.01622	0.01622	0.01204	0.01727	0.00994	0.01308	0.00837	0.00471	0.00523	0.00157	0.00628	0.00471	0.00262	0.00837
57	0.01029	0.00971	0.01642	0.72449	0.11100	0.01183	0.01484	0.01378	0.01072	0.01388	0.00945	0.01399	0.00718	0.00523	0.00528	0.00174	0.00697	0.00470	0.00238	0.00612
58	0.00755	0.00566	0.00850	0.00850	0.00944	0.00661	0.00661	0.00944	0.00850	0.01227	0.01416	0.02077	0.01322	0.03965	0.79326	0.00850	0.01416	0.00566	0.00283	0.00472
59	0.00918	0.00459	0.00689	0.00689	0.00689	0.00459	0.00459	0.00689	0.00689	0.00918	0.00918	0.01607	0.00918	0.01837	0.02066	0.84619	0.00459	0.00459	0.00230	0.00230
60	0.01302	0.01250	0.02134	0.04841	0.76577	0.01254	0.01619	0.01617	0.01201	0.01719	0.00993	0.01311	0.00835	0.00472	0.00523	0.00157	0.00630	0.00471	0.00261	0.00832
61	0.00674	0.00487	0.00645	0.00761	0.00814	0.00457	0.00540	0.00792	0.01054	0.01389	0.03034	0.65437	0.07608	0.01609	0.00680	0.00217	0.00332	0.12541	0.00490	0.00439
62	0.02010	0.01481	0.01587	0.01216	0.01639	0.01639	0.01005	0.76360	0.02486	0.03332	0.01269	0.01269	0.00899	0.00635	0.00529	0.00159	0.00582	0.00476	0.00529	0.00899
63	0.00644	0.00460	0.00613	0.00736	0.00767	0.00429	0.00491	0.00736	0.01012	0.01350	0.02914	0.81076	0.03497	0.01656	0.00675	0.00215	0.00307	0.01503	0.00491	0.00429
64	0.00715	0.00510	0.00691	0.00810	0.00870	0.00490	0.00605	0.00855	0.01074	0.01418	0.02846	0.54536	0.03310	0.03510	0.00741	0.00231	0.00371	0.25485	0.00485	0.00446
65	0.00748	0.00540	0.00707	0.00665	0.00790	0.00499	0.00499	0.00998	0.01496	0.02120	0.77844	0.03949	0.04988	0.01081	0.00624	0.00166	0.00249	0.00956	0.00582	0.00499
66	0.01157	0.01157	0.01619	0.01388	0.01388	0.01619	0.01157	0.01272	0.00810	0.01272	0.00694	0.01157	0.00694	0.00925	0.01735	0.00231	0.80453	0.00463	0.00231	0.00578
67	0.01096	0.00940	0.01096	0.00783	0.01253	0.00705	0.00626	0.01331	0.01096	0.01723	0.00940	0.01096	0.00783	0.00392	0.00392	0.00078	0.00392	0.00313	0.00313	0.84653
68	0.01413	0.81739	0.02770	0.00905	0.01357	0.02092	0.00905	0.01583	0.01074	0.01244	0.00735	0.00848	0.00678	0.00452	0.00339	0.00113	0.00565	0.00283	0.00226	0.00678
69	0.01308	0.01256	0.02146	0.03245	0.78123	0.01256	0.01622	0.01622	0.01204	0.01727	0.00994	0.01308	0.00837	0.00471	0.00523	0.00157	0.00628	0.00471	0.00262	0.00837
70	0.00985	0.00493	0.00493	0.00493	0.00616	0.00493	0.00370	0.01232	0.01109	0.01971	0.01725	0.01971	0.01355	0.00616	0.00370	0.00123	0.00246	0.00493	0.84356	0.00493
71	0.01536	0.01311	0.05798	0.01053	0.01502	0.01225	0.00898	0.36015	0.09214	0.02508	0.01211	0.01263	0.00912	0.00542	0.00475	0.00130	0.00504	0.00421	0.00429	0.33053
72	0.01157	0.01157	0.01619	0.01388	0.01388	0.01619	0.01157	0.01272	0.00810	0.01272	0.00694	0.01157	0.00694	0.00925	0.01735	0.00231	0.80453	0.00463	0.00231	0.00578
73	0.01096	0.00940	0.01096	0.00783	0.01253	0.00705	0.00626	0.01331	0.01096	0.01723	0.00940	0.01096	0.00783	0.00392	0.00392	0.00078	0.00392	0.00313	0.00313	0.84653
74	0.01287	0.01632	0.15511	0.01971	0.02526	0.01334	0.54323	0.09709	0.01355	0.01860	0.01105	0.02833	0.00840	0.00498	0.00594	0.00175	0.00829	0.00585	0.00292	0.00739
75	0.02372	0.00900	0.01227	0.00941	0.01350	0.00777	0.00777	0.02576	0.01513	0.78489	0.02086	0.01799	0.01309	0.00654	0.00532	0.00164	0.00450	0.00532	0.00654	0.00900
76	0.01262	0.01371	0.02120	0.01672	0.01879	0.08532	0.26738	0.01492	0.01021	0.01418	0.00833	0.01230	0.00730	0.00727	0.01242	0.00205	0.46146	0.00507	0.00247	0.00627
77	0.01185	0.01864	0.28393	0.01987	0.02604	0.01300	0.51368	0.01687	0.01204	0.01687	0.01029	0.01322	0.00758	0.00465	0.00583	0.00175	0.00854	0.00546	0.00253	0.00736
78	0.02372	0.00900	0.01227	0.00941	0.01350	0.00777	0.00777	0.02576	0.01513	0.78489	0.02086	0.01799	0.01309	0.00654	0.00532	0.00164	0.00450	0.00532	0.00654	0.00900
79	0.00769	0.00513	0.00577	0.00577	0.00577	0.00513	0.00320	0.00769	0.00769	0.01025	0.01666	0.03460	0.01922	0.81421	0.02691	0.00513	0.00513	0.00769	0.00320	0.00320
80	0.00709	0.00547	0.00652	0.00648	0.00795	0.00490	0.00501	0.00908	0.01338	0.01760	0.37834	0.04681	0.35672	0.01237	0.00637	0.00181	0.00287	0.10116	0.00532	0.00475
81	0.01224	0.00972	0.01532	0.05421	0.41967	0.00947	0.01152	0.01470	0.01223	0.11111	0.04011	0.10387	0.14758	0.00786	0.00561	0.00169	0.00503	0.00711	0.00381	0.00715
82	0.00644	0.00460	0.00613	0.00736	0.00767	0.00429	0.00491	0.00736	0.01012	0.01350	0.02914	0.81076	0.03497	0.01656	0.00675	0.00215	0.00307	0.01503	0.00491	0.00429
83	0.01975	0.02520	0.01498	0.01362	0.01634	0.79299	0.01021	0.02111	0.01498	0.01294	0.00817	0.00953	0.00681	0.00545	0.00477	0.00136	0.00953	0.00340	0.00272	0.00613
84	0.01396	0.01455	0.02125	0.04844	0.57577	0.13068	0.08512	0.01696	0.01249	0.01649	0.00973	0.01268	0.00807	0.00481	0.00526	0.00156	0.00704	0.00466	0.00263	0.00785
85	0.02354	0.00928	0.01244	0.00954	0.01364	0.00819	0.00788	0.06173	0.01561	0.74826	0.02046	0.01774	0.01289	0.00653	0.00531	0.00163	0.00456	0.00529	0.00648	0.00900
86	0.00769	0.00513	0.00577	0.00577	0.00577	0.00513	0.00320	0.00769	0.00769	0.01025	0.01666	0.03460	0.01922	0.81421	0.02691	0.00513	0.00513	0.00769	0.00320	0.00320
87	0.01325	0.01287	0.02130	0.03199	0.76268	0.03149	0.01608	0.01634	0.01211	0.01717	0.00990	0.01300	0.00834	0.00473	0.00522	0.00157	0.00636	0.00468	0.00262	0.00832
88	0.01274	0.50455	0.32829	0.01143	0.01726	0.01750	0.01320	0.01619	0.01091	0.01414	0.00820	0.00954	0.00675	0.00472	0.00404	0.00135	0.00651	0.00325	0.00225	0.00719
89	0.00644	0.00460	0.00613	0.00736	0.00767	0.00429	0.00491	0.00736	0.01012	0.01350	0.02914	0.81076	0.03497	0.01656	0.00675	0.00215	0.00307	0.01503	0.00491	0.00429
90	0.01228	0.01386	0.03009	0.02167	0.02682	0.01301	0.72530	0.01664	0.01246	0.01688	0.01154	0.01647	0.00911	0.00495	0.00629	0.00181	0.00872	0.04228	0.00278	0.00702
91	0.01413	0.81739	0.02770	0.00905	0.01357	0.02092	0.00905	0.01583	0.01074	0.01244	0.00735	0.00848	0.00678	0.00452	0.00339	0.00113	0.00565	0.00283	0.00226	0.00678
92	0.01096	0.00940	0.01096	0.00783	0.01253	0.00705	0.00626	0.01331	0.01096	0.01723	0.00940	0.01096	0.00783	0.00392	0.00392	0.00078	0.00392	0.00313	0.00313	0.84653
93	0.02859	0.41219	0.27318	0.01145	0.01685	0.01666	0.02608	0.05987	0.06196	0.01617	0.02659	0.01114	0.00847	0.00511	0.00428	0.00141	0.00623	0.00371	0.00274	0.00730
94	0.01308	0.01256	0.02146	0.03245	0.78123	0.01256	0.01622	0.01622	0.01204	0.01727	0.00994	0.01308	0.00837	0.00471	0.00523	0.00157	0.00628	0.00471	0.00262	0.00837
95	0.01019	0.00960	0.01623	0.75079	0.08553	0.01180	0.01478	0.01369	0.01067	0.01376	0.00943	0.01403	0.00713	0.00525	0.00528	0.00175	0.00700	0.00470	0.00237	0.00604
96	0.16118	0.01196	0.01780	0.02478	0.53669	0.02700	0.01323	0.01738	0.01194	0.11313	0.01081	0.01284	0.00846	0.00499	0.00489	0.00159	0.00574	0.00444	0.00322	0.00794
97	0.01684	0.00989	0.08100	0.00915	0.01253	0.02640	0.00795	0.01955	0.03001	0.42893	0.22676	0.04888	0.02332	0.02681	0.00608	0.00174	0.00434	0.00668	0.00571	0.00742
