[name]
unknown

[dist]
# distance from previous block
# <min> <max>
0	22

[block]
# block no. 0 follows, 38 sequences, length 28
# corresponding to MSA columns:
# 23-30,32-51
name=unknown_A
#
# <colnr> <probs for GDERKNQSTAVLIFYWHMCP>
#	G	D	E	R	K	N	Q	S	T	A	V	L	I	F	Y	W	H	M	C	P
0	0.14714	0.06640	0.03218	0.01225	0.01587	0.21322	0.01000	0.05745	0.17002	0.06927	0.01498	0.01759	0.01212	0.00727	0.00595	0.00180	0.03672	0.04758	0.00439	0.05781
1	0.03577	0.01029	0.02942	0.00998	0.01318	0.00976	0.00814	0.10148	0.05896	0.14606	0.28790	0.02817	0.05396	0.00920	0.00701	0.00179	0.05129	0.00752	0.00577	0.12434
2	0.01468	0.01380	0.02097	0.14778	0.34897	0.03285	0.06649	0.06314	0.12787	0.02046	0.01358	0.01674	0.01090	0.02600	0.00695	0.00197	0.02413	0.00570	0.00364	0.03339
3	0.00991	0.00827	0.01073	0.13051	0.01571	0.00861	0.02583	0.03098	0.12368	0.01940	0.17267	0.14011	0.22276	0.02680	0.00731	0.00214	0.00449	0.02851	0.00531	0.00627
4	0.00829	0.00652	0.00847	0.00893	0.00956	0.00685	0.00644	0.00954	0.01160	0.01555	0.06554	0.44838	0.13520	0.07218	0.04009	0.00291	0.09946	0.03434	0.00504	0.00511
5	0.01694	0.01316	0.01429	0.01208	0.01582	0.01444	0.00955	0.24433	0.37347	0.05371	0.02114	0.08978	0.01702	0.00856	0.00611	0.00191	0.00521	0.00706	0.00590	0.06951
6	0.00755	0.00591	0.00685	0.00704	0.00851	0.00520	0.00512	0.00933	0.01412	0.01824	0.24607	0.22537	0.38870	0.01527	0.00724	0.00209	0.00309	0.01323	0.00587	0.00520
7	0.02224	0.01332	0.01715	0.01430	0.05490	0.01351	0.05429	0.32569	0.02126	0.29902	0.01919	0.02175	0.01411	0.00795	0.00630	0.00193	0.00621	0.07108	0.00617	0.00963
8	0.01420	0.42859	0.35546	0.01352	0.02019	0.01925	0.01571	0.01837	0.01235	0.01635	0.00944	0.01112	0.00768	0.00556	0.00517	0.00160	0.03084	0.00383	0.00256	0.00821
9	0.00744	0.00538	0.00720	0.00841	0.00889	0.00514	0.00573	0.00860	0.01142	0.01526	0.03256	0.68835	0.06267	0.02115	0.07779	0.00310	0.00464	0.01596	0.00537	0.00494
10	0.00754	0.00558	0.00704	0.00779	0.00867	0.00509	0.00542	0.00904	0.01307	0.01735	0.18695	0.49613	0.17469	0.01682	0.00745	0.00225	0.00327	0.01499	0.00580	0.00509
11	0.08947	0.01363	0.01980	0.22429	0.04042	0.06756	0.15104	0.05497	0.01292	0.01840	0.01181	0.06123	0.01027	0.00763	0.00899	0.00210	0.17368	0.00609	0.01863	0.00706
12	0.07082	0.03025	0.06794	0.18708	0.03518	0.01191	0.07594	0.07939	0.01391	0.03595	0.09448	0.10313	0.04420	0.05429	0.02646	0.00242	0.04813	0.00759	0.00409	0.00687
13	0.28622	0.01269	0.01471	0.15737	0.08775	0.01399	0.01086	0.19042	0.01585	0.06500	0.01180	0.01362	0.00880	0.00610	0.00511	0.00179	0.00597	0.00460	0.02334	0.06404
14	0.01103	0.01047	0.01822	0.48008	0.03223	0.01203	0.11596	0.01459	0.01254	0.01645	0.05981	0.11536	0.03536	0.00826	0.00690	0.00208	0.03106	0.00761	0.00341	0.00655
15	0.01423	0.01064	0.01260	0.00956	0.01434	0.00873	0.00777	0.06979	0.01421	0.08520	0.01429	0.01870	0.01208	0.00611	0.00506	0.00123	0.00474	0.06947	0.02453	0.59674
16	0.00894	0.00678	0.00858	0.04097	0.01087	0.00705	0.00655	0.01193	0.08351	0.01734	0.09615	0.44126	0.07264	0.06217	0.00912	0.00246	0.04012	0.01301	0.05497	0.00555
17	0.01735	0.01331	0.01435	0.01236	0.01610	0.01499	0.00977	0.14466	0.55819	0.09486	0.02279	0.02097	0.01673	0.00794	0.00610	0.00199	0.00509	0.00651	0.00623	0.00970
18	0.57247	0.01184	0.01089	0.00912	0.01316	0.01298	0.00752	0.09131	0.01358	0.18938	0.01238	0.01261	0.00874	0.00616	0.00447	0.00186	0.00495	0.00409	0.00478	0.00771
19	0.02137	0.01131	0.01375	0.01113	0.01512	0.01128	0.00899	0.12970	0.18424	0.39408	0.11153	0.02305	0.02015	0.00817	0.00619	0.00190	0.00497	0.00672	0.00683	0.00951
20	0.02145	0.01467	0.01683	0.01484	0.08496	0.03095	0.01102	0.44758	0.03975	0.16406	0.01812	0.03539	0.03788	0.02606	0.00666	0.00193	0.00623	0.00613	0.00586	0.00962
21	0.01978	0.01554	0.01793	0.01397	0.01817	0.03930	0.07686	0.50505	0.07730	0.03139	0.01536	0.01808	0.01205	0.10052	0.00905	0.00232	0.00684	0.00603	0.00538	0.00909
22	0.00841	0.00626	0.00782	0.00835	0.00946	0.00570	0.00575	0.03062	0.01211	0.01634	0.03122	0.58970	0.08114	0.05927	0.00851	0.00242	0.00379	0.01455	0.00527	0.09333
23	0.06837	0.01202	0.01451	0.03769	0.01519	0.04916	0.04790	0.14002	0.01458	0.02062	0.07774	0.07195	0.06967	0.09620	0.01229	0.00250	0.19957	0.00728	0.00423	0.03850
24	0.01845	0.01264	0.01489	0.01174	0.01550	0.01313	0.03099	0.33236	0.03747	0.12713	0.01640	0.03502	0.01326	0.11544	0.02474	0.00245	0.03303	0.00608	0.02998	0.10929
25	0.01813	0.01378	0.01519	0.09979	0.01883	0.05991	0.01030	0.33605	0.02009	0.07755	0.03106	0.04584	0.01256	0.00821	0.02693	0.00189	0.00643	0.00568	0.05467	0.13710
26	0.09274	0.01285	0.01444	0.10042	0.01826	0.03568	0.00987	0.26228	0.01800	0.08951	0.01613	0.03858	0.04551	0.02286	0.03284	0.00206	0.02246	0.00565	0.00476	0.15509
27	0.03172	0.03445	0.01457	0.04203	0.01620	0.02911	0.00931	0.24221	0.10123	0.10069	0.04085	0.01975	0.06559	0.00751	0.00608	0.00168	0.02922	0.00585	0.04318	0.15877

[dist]
# distance from previous block
# <min> <max>
2	49

[block]
# block no. 1 follows, 38 sequences, length 25
# corresponding to MSA columns:
# 105-129
name=unknown_B
#
# <colnr> <probs for GDERKNQSTAVLIFYWHMCP>
#	G	D	E	R	K	N	Q	S	T	A	V	L	I	F	Y	W	H	M	C	P
0	0.03699	0.02746	0.01494	0.05778	0.01702	0.02947	0.04562	0.15876	0.09431	0.04025	0.01800	0.01929	0.07853	0.00933	0.04546	0.02209	0.02600	0.00569	0.00444	0.24856
1	0.01716	0.10200	0.04290	0.01314	0.03379	0.21059	0.02112	0.11456	0.12072	0.04709	0.03496	0.07073	0.01400	0.00916	0.04008	0.00204	0.00742	0.00584	0.00432	0.08839
2	0.01579	0.07292	0.01643	0.08955	0.04408	0.05303	0.01047	0.17500	0.18104	0.02310	0.01522	0.03472	0.01242	0.04331	0.00724	0.00189	0.03393	0.00556	0.00449	0.15984
3	0.09138	0.05873	0.07254	0.05191	0.01809	0.17015	0.01118	0.21144	0.03587	0.04360	0.04679	0.03336	0.02856	0.00724	0.00613	0.00175	0.03912	0.00531	0.00433	0.06252
4	0.01389	0.01197	0.05214	0.09315	0.01796	0.01117	0.02712	0.04696	0.14735	0.07620	0.01635	0.07061	0.01368	0.02801	0.00719	0.00179	0.05782	0.00602	0.03431	0.26633
5	0.03770	0.01362	0.01984	0.16292	0.36084	0.07345	0.03248	0.01870	0.01377	0.09918	0.03131	0.05559	0.01226	0.00683	0.00652	0.00189	0.03508	0.00603	0.00366	0.00832
6	0.01125	0.00850	0.01010	0.06656	0.01326	0.00798	0.00701	0.05074	0.06394	0.06147	0.15137	0.04751	0.24397	0.07427	0.00830	0.00210	0.00430	0.00878	0.00518	0.15341
7	0.00802	0.00581	0.00771	0.06628	0.01064	0.00579	0.00591	0.00901	0.01081	0.01436	0.02761	0.52481	0.03253	0.22571	0.01375	0.00332	0.00447	0.01395	0.00484	0.00469
8	0.01742	0.03315	0.04264	0.01699	0.17388	0.01299	0.01153	0.09481	0.21804	0.16838	0.03558	0.04233	0.01500	0.00725	0.00591	0.00180	0.00561	0.00614	0.00524	0.08532
9	0.01400	0.01117	0.01368	0.01028	0.01490	0.00968	0.04035	0.11366	0.03379	0.04892	0.06918	0.03673	0.01446	0.03363	0.00609	0.00142	0.00494	0.00524	0.00437	0.51350
10	0.00757	0.00550	0.00675	0.00764	0.00820	0.00510	0.00503	0.00849	0.01133	0.01478	0.03495	0.51748	0.15353	0.17001	0.01211	0.00304	0.00388	0.01473	0.00520	0.00467
11	0.06017	0.11538	0.01918	0.01780	0.17670	0.22099	0.01191	0.06645	0.04995	0.01907	0.01191	0.01374	0.02564	0.00625	0.00610	0.00161	0.05371	0.00457	0.00347	0.11540
12	0.04494	0.09076	0.01819	0.05755	0.03523	0.01494	0.07176	0.01478	0.01064	0.01613	0.01114	0.01591	0.00998	0.01510	0.15350	0.00357	0.32912	0.00539	0.07478	0.00659
13	0.01438	0.01111	0.01311	0.03431	0.01539	0.00932	0.00792	0.09639	0.01445	0.07111	0.01271	0.03150	0.01046	0.02495	0.00552	0.00125	0.00487	0.00443	0.00412	0.61268
14	0.01687	0.00954	0.01175	0.01002	0.01301	0.00951	0.00786	0.05940	0.18563	0.25947	0.25132	0.02818	0.02835	0.01016	0.00773	0.06468	0.00440	0.00766	0.00643	0.00805
15	0.00879	0.00656	0.00796	0.00797	0.00937	0.00617	0.00582	0.04693	0.01428	0.01911	0.24069	0.25454	0.18819	0.07458	0.02957	0.00260	0.00400	0.04173	0.00564	0.02550
16	0.00733	0.00547	0.00682	0.00781	0.00860	0.00497	0.00536	0.00857	0.01227	0.01596	0.07200	0.58373	0.20377	0.01772	0.00752	0.00232	0.00336	0.01580	0.00563	0.00497
17	0.01129	0.00819	0.00965	0.00868	0.01079	0.00824	0.00669	0.06139	0.09357	0.07216	0.32078	0.04047	0.22858	0.04306	0.00845	0.00213	0.04352	0.00987	0.00598	0.00650
18	0.83108	0.01163	0.00884	0.00791	0.01163	0.01350	0.00651	0.01768	0.01024	0.02699	0.00838	0.00977	0.00651	0.00558	0.00372	0.00186	0.00465	0.00326	0.00372	0.00651
19	0.01461	0.01237	0.01343	0.06986	0.01699	0.03141	0.00975	0.06223	0.51717	0.04075	0.04870	0.02598	0.06753	0.00880	0.00627	0.00203	0.00511	0.03251	0.00577	0.00873
20	0.00755	0.00551	0.00710	0.00798	0.00872	0.00507	0.00550	0.00901	0.01286	0.01722	0.18074	0.55998	0.11627	0.01715	0.00750	0.00229	0.00331	0.01539	0.00579	0.00507
21	0.01665	0.11878	0.01610	0.04616	0.01605	0.07134	0.00958	0.11781	0.23483	0.10165	0.01911	0.09456	0.01626	0.06450	0.00801	0.00218	0.02632	0.00688	0.00506	0.00817
22	0.00738	0.00527	0.00702	0.00834	0.00874	0.00492	0.00559	0.00850	0.01175	0.01573	0.06325	0.75351	0.04050	0.01857	0.00765	0.00242	0.00346	0.01684	0.00563	0.00492
23	0.01237	0.01001	0.01183	0.00908	0.01320	0.00833	0.00704	0.04027	0.03867	0.01879	0.01239	0.03907	0.01110	0.04871	0.00848	0.09315	0.01982	0.00466	0.00369	0.58932
24	0.01683	0.01357	0.01414	0.03148	0.01593	0.07046	0.00945	0.23513	0.17986	0.06596	0.06946	0.04951	0.06691	0.02131	0.00690	0.00189	0.03042	0.00680	0.00542	0.08856

[dist]
# distance from previous block
# <min> <max>
3	20

[block]
# block no. 2 follows, 38 sequences, length 8
# corresponding to MSA columns:
# 150-157
name=unknown_C
#
# <colnr> <probs for GDERKNQSTAVLIFYWHMCP>
#	G	D	E	R	K	N	Q	S	T	A	V	L	I	F	Y	W	H	M	C	P
0	0.01651	0.09829	0.01982	0.01494	0.01793	0.20197	0.09733	0.09665	0.08431	0.01864	0.01276	0.04344	0.01106	0.01095	0.07412	0.00260	0.16188	0.00564	0.00365	0.00749
1	0.01095	0.00569	0.00601	0.00601	0.00738	0.00580	0.00453	0.01369	0.01232	0.02159	0.01928	0.02255	0.01538	0.01078	0.07941	0.00222	0.00412	0.00569	0.74101	0.00558
2	0.00814	0.00558	0.00674	0.00733	0.00748	0.00543	0.00447	0.00859	0.00993	0.01323	0.02500	0.35636	0.02949	0.46119	0.02086	0.00439	0.00484	0.01230	0.00447	0.00417
3	0.01682	0.01487	0.07264	0.14907	0.04100	0.01471	0.09980	0.29752	0.03795	0.06150	0.04023	0.06263	0.03101	0.00775	0.00659	0.00195	0.02404	0.00664	0.00472	0.00855
4	0.00860	0.00577	0.00660	0.00675	0.00678	0.00573	0.00384	0.00871	0.00903	0.01204	0.02042	0.11610	0.02372	0.70934	0.02826	0.00548	0.00559	0.00961	0.00384	0.00377
5	0.02010	0.01467	0.01563	0.01242	0.01654	0.01624	0.01012	0.53271	0.12029	0.03394	0.01654	0.01668	0.01207	0.00731	0.00576	0.00178	0.00581	0.00563	0.12630	0.00946
6	0.07993	0.73105	0.02975	0.01011	0.01514	0.02300	0.01000	0.01799	0.01207	0.01516	0.00836	0.00966	0.00763	0.00518	0.00385	0.00133	0.00629	0.00322	0.00266	0.00763
7	0.47835	0.08757	0.03716	0.00960	0.01395	0.01448	0.00831	0.11320	0.03468	0.06850	0.01082	0.01170	0.00820	0.00585	0.00437	0.00172	0.00523	0.00387	0.00415	0.07829

[dist]
# distance from previous block
# <min> <max>
2	12

[block]
# block no. 3 follows, 38 sequences, length 30
# corresponding to MSA columns:
# 171-177,179-201
name=unknown_D
#
# <colnr> <probs for GDERKNQSTAVLIFYWHMCP>
#	G	D	E	R	K	N	Q	S	T	A	V	L	I	F	Y	W	H	M	C	P
0	0.01813	0.01375	0.03372	0.10082	0.04325	0.01479	0.01132	0.20258	0.33682	0.12968	0.01954	0.01896	0.01412	0.00743	0.00606	0.00194	0.00582	0.00608	0.00570	0.00946
1	0.00783	0.00607	0.00713	0.00698	0.00860	0.00537	0.00519	0.00998	0.01524	0.02015	0.40409	0.09807	0.35569	0.01399	0.00714	0.00199	0.00297	0.01207	0.00611	0.00537
2	0.01168	0.00606	0.00611	0.00594	0.00748	0.00613	0.00450	0.04299	0.01325	0.02305	0.01941	0.02211	0.01521	0.00702	0.00428	0.00142	0.00296	0.00560	0.78901	0.00579
3	0.01121	0.00561	0.00561	0.00561	0.00701	0.00561	0.00421	0.01402	0.01262	0.02243	0.01962	0.02243	0.01542	0.00701	0.00421	0.00140	0.00280	0.00561	0.82198	0.00561
4	0.03817	0.51709	0.02432	0.01011	0.01442	0.01901	0.00940	0.03693	0.06451	0.06611	0.01218	0.01357	0.01019	0.00939	0.07441	0.00219	0.00683	0.00418	0.05932	0.00769
5	0.00755	0.00595	0.00682	0.00695	0.00849	0.00521	0.00508	0.00936	0.01424	0.01834	0.25240	0.19269	0.41536	0.01508	0.00721	0.00207	0.00307	0.01302	0.00588	0.00521
6	0.00822	0.00645	0.00933	0.00954	0.01061	0.00610	0.05719	0.01038	0.04056	0.01696	0.10596	0.59019	0.07209	0.01661	0.00749	0.00232	0.00392	0.01514	0.00553	0.00539
7	0.12443	0.40408	0.07145	0.07391	0.05280	0.03918	0.01162	0.03470	0.06417	0.01789	0.01013	0.01186	0.00849	0.00590	0.00533	0.00163	0.04758	0.00401	0.00310	0.00774
8	0.00831	0.00571	0.00663	0.00696	0.00717	0.00556	0.00416	0.00865	0.00971	0.01282	0.02486	0.21720	0.07012	0.55925	0.02376	0.00480	0.00511	0.01097	0.00422	0.00403
9	0.01628	0.38723	0.19488	0.05420	0.02000	0.12597	0.01374	0.07512	0.01421	0.01731	0.00965	0.01133	0.00792	0.00576	0.00515	0.00158	0.02483	0.00393	0.00292	0.00800
10	0.01032	0.00755	0.00909	0.00810	0.01069	0.00629	0.00601	0.01221	0.01308	0.06318	0.11434	0.24218	0.15627	0.04868	0.00748	0.00194	0.00385	0.01025	0.00509	0.26341
11	0.04157	0.15104	0.05770	0.29910	0.05932	0.03685	0.01332	0.07636	0.01398	0.08488	0.01203	0.01474	0.00916	0.00626	0.00601	0.00179	0.04107	0.00486	0.04668	0.02328
12	0.01342	0.00729	0.00921	0.00864	0.01102	0.00646	0.00680	0.01541	0.01472	0.23197	0.10515	0.16051	0.25906	0.01346	0.00706	0.00214	0.00405	0.11075	0.00622	0.00667
13	0.00740	0.00585	0.00660	0.00694	0.00835	0.00512	0.00497	0.00891	0.01336	0.01685	0.13855	0.26046	0.43862	0.04024	0.00801	0.00225	0.00323	0.01358	0.00566	0.00505
14	0.63886	0.05596	0.01163	0.05429	0.01446	0.10653	0.00795	0.01835	0.01129	0.02410	0.00863	0.01027	0.00682	0.00566	0.00408	0.00180	0.00571	0.00345	0.00352	0.00665
15	0.01453	0.01359	0.02212	0.21601	0.38285	0.03020	0.08647	0.07577	0.01453	0.02009	0.01195	0.01563	0.00948	0.00576	0.00597	0.00184	0.00744	0.00552	0.05180	0.00845
16	0.01294	0.01726	0.20757	0.14091	0.31789	0.01342	0.05411	0.01794	0.04363	0.01856	0.01335	0.01667	0.02923	0.00875	0.06000	0.00244	0.00830	0.00555	0.00304	0.00844
17	0.00750	0.00611	0.00664	0.00651	0.00837	0.00525	0.00488	0.00939	0.01464	0.01845	0.25281	0.05428	0.55538	0.01442	0.00711	0.00199	0.00299	0.01219	0.00588	0.00525
18	0.01351	0.01283	0.01913	0.28836	0.02659	0.06383	0.12254	0.03115	0.01251	0.03649	0.01203	0.03672	0.00995	0.00752	0.00945	0.00208	0.20041	0.00586	0.08213	0.00691
19	0.00830	0.00614	0.00775	0.00735	0.00886	0.00559	0.00551	0.01094	0.01653	0.02293	0.64411	0.04689	0.16128	0.01274	0.00710	0.00191	0.00287	0.01115	0.00647	0.00559
20	0.00967	0.00835	0.00946	0.00978	0.01085	0.06083	0.02184	0.01259	0.08853	0.01670	0.06123	0.52471	0.05668	0.03769	0.00844	0.00239	0.03559	0.01374	0.00528	0.00566
21	0.09144	0.01220	0.01443	0.01133	0.01576	0.01221	0.00930	0.21780	0.06998	0.42652	0.04290	0.01886	0.01450	0.00743	0.00589	0.00186	0.00539	0.00585	0.00663	0.00973
22	0.01037	0.00525	0.00778	0.00778	0.00778	0.00525	0.00515	0.00788	0.00788	0.01050	0.01083	0.01922	0.01095	0.05489	0.02383	0.78871	0.00525	0.00538	0.00266	0.00266
23	0.02194	0.02755	0.01680	0.01527	0.01839	0.71110	0.01147	0.02459	0.06851	0.01547	0.01038	0.01167	0.00850	0.00634	0.00547	0.00158	0.01042	0.00408	0.00331	0.00716
24	0.00873	0.00590	0.00693	0.00693	0.00705	0.00603	0.00410	0.00898	0.00886	0.01193	0.01862	0.03752	0.02107	0.70135	0.11675	0.00628	0.00704	0.00848	0.00360	0.00385
25	0.00742	0.00588	0.00667	0.00695	0.00844	0.00514	0.00503	0.00906	0.01374	0.01744	0.17777	0.24294	0.44098	0.01564	0.00725	0.00211	0.00312	0.01350	0.00577	0.00514
26	0.01229	0.01059	0.01241	0.00901	0.01407	0.00823	0.00722	0.01487	0.01242	0.01931	0.01255	0.01425	0.03749	0.00506	0.00503	0.00099	0.02834	0.00397	0.00361	0.76828
27	0.01351	0.00898	0.01051	0.00964	0.01144	0.00931	0.00718	0.17978	0.03309	0.07243	0.02189	0.12358	0.02244	0.30439	0.01619	0.02056	0.00560	0.11822	0.00503	0.00622
28	0.01445	0.06483	0.02195	0.06668	0.43957	0.06322	0.05490	0.01869	0.06563	0.01924	0.06386	0.03853	0.02882	0.00665	0.00601	0.00181	0.00691	0.00616	0.00354	0.00854
29	0.03324	0.04773	0.01606	0.19237	0.04421	0.06847	0.01179	0.03807	0.01202	0.01732	0.01145	0.01559	0.00965	0.00956	0.04869	0.00239	0.25127	0.00513	0.13977	0.02522

[dist]
# distance from previous block
# <min> <max>
0	44

[block]
# block no. 4 follows, 38 sequences, length 15
# corresponding to MSA columns:
# 270-284
name=unknown_E
#
# <colnr> <probs for GDERKNQSTAVLIFYWHMCP>
#	G	D	E	R	K	N	Q	S	T	A	V	L	I	F	Y	W	H	M	C	P
0	0.58679	0.01147	0.00996	0.00864	0.01221	0.03152	0.00705	0.01872	0.01156	0.12021	0.01254	0.01342	0.03019	0.00635	0.00482	0.00184	0.03399	0.00411	0.04250	0.03212
1	0.83108	0.01163	0.00884	0.00791	0.01163	0.01350	0.00651	0.01768	0.01024	0.02699	0.00838	0.00977	0.00651	0.00558	0.00372	0.00186	0.00465	0.00326	0.00372	0.00651
2	0.00872	0.00581	0.00689	0.00696	0.00747	0.00565	0.00444	0.00978	0.01144	0.01608	0.19613	0.13770	0.03207	0.43279	0.01965	0.00405	0.00454	0.01009	0.07526	0.00447
3	0.00733	0.00524	0.00698	0.00838	0.00873	0.00489	0.00558	0.00838	0.01152	0.01536	0.03316	0.78466	0.03979	0.01885	0.00768	0.00244	0.00349	0.01710	0.00558	0.00489
4	0.01207	0.03112	0.75741	0.01715	0.02604	0.01397	0.02223	0.01905	0.01270	0.01905	0.01080	0.01270	0.00762	0.00572	0.00572	0.00191	0.00889	0.00445	0.00254	0.00889
5	0.00742	0.00611	0.00652	0.00642	0.00832	0.00521	0.00481	0.00923	0.01444	0.01799	0.21266	0.05503	0.59581	0.01459	0.00711	0.00200	0.00300	0.01229	0.00582	0.00521
6	0.00798	0.00672	0.00764	0.00730	0.00900	0.00638	0.00559	0.00981	0.01414	0.01804	0.22608	0.05083	0.51374	0.01410	0.00820	0.00205	0.06986	0.01161	0.00559	0.00536
7	0.01436	0.01456	0.05384	0.34581	0.25736	0.05692	0.03924	0.07958	0.04444	0.01931	0.01175	0.01537	0.00911	0.00597	0.00599	0.00189	0.00776	0.00535	0.00323	0.00816
8	0.01041	0.00538	0.00792	0.00804	0.00821	0.00538	0.00557	0.00846	0.00853	0.01153	0.01262	0.02271	0.01271	0.02004	0.02151	0.72482	0.00517	0.06613	0.03189	0.00297
9	0.07456	0.03535	0.11959	0.15890	0.16211	0.04509	0.01423	0.16427	0.03475	0.06461	0.01295	0.01503	0.00969	0.00625	0.00561	0.00182	0.00695	0.00507	0.05469	0.00849
10	0.00877	0.00622	0.00732	0.00755	0.00807	0.00608	0.00473	0.01009	0.04683	0.01391	0.02349	0.28017	0.02695	0.46273	0.02072	0.00431	0.00495	0.01114	0.00440	0.04157
11	0.01412	0.00902	0.01162	0.02941	0.01356	0.00825	0.02580	0.04403	0.05643	0.16798	0.10492	0.15396	0.05552	0.01144	0.04447	0.00214	0.00503	0.00825	0.03915	0.19488
12	0.12291	0.30777	0.25021	0.04468	0.02030	0.01778	0.04984	0.06827	0.01346	0.03997	0.01025	0.01184	0.00799	0.00562	0.00488	0.00167	0.00718	0.00412	0.00312	0.00814
13	0.01724	0.01681	0.16789	0.01273	0.01794	0.01352	0.01200	0.28269	0.07606	0.08766	0.05287	0.03816	0.01374	0.00746	0.00621	0.02032	0.00616	0.00569	0.00498	0.13987
14	0.08099	0.03630	0.11685	0.01289	0.01735	0.08420	0.02714	0.25834	0.09956	0.04635	0.01673	0.05660	0.03184	0.04000	0.00685	0.00201	0.00662	0.01970	0.00477	0.03491

[dist]
# distance from previous block
# <min> <max>
9	35

[block]
# block no. 5 follows, 38 sequences, length 26
# corresponding to MSA columns:
# 327-352
name=unknown_F
#
# <colnr> <probs for GDERKNQSTAVLIFYWHMCP>
#	G	D	E	R	K	N	Q	S	T	A	V	L	I	F	Y	W	H	M	C	P
0	0.08718	0.20610	0.04372	0.04999	0.04181	0.13883	0.01106	0.18044	0.01660	0.02202	0.03498	0.01326	0.01010	0.00635	0.00569	0.00162	0.04097	0.00445	0.01692	0.06791
1	0.13196	0.01130	0.01227	0.04593	0.05295	0.03493	0.00870	0.23549	0.01703	0.02490	0.03129	0.21389	0.04727	0.02862	0.00658	0.00205	0.00522	0.00850	0.07392	0.00722
2	0.04437	0.01307	0.01881	0.08710	0.36311	0.03969	0.01389	0.08702	0.01570	0.15226	0.05140	0.01827	0.02848	0.00661	0.00591	0.00181	0.00642	0.00580	0.03139	0.00888
3	0.08836	0.01274	0.01465	0.03855	0.06185	0.03997	0.00986	0.17276	0.11243	0.23530	0.07762	0.01914	0.01584	0.00729	0.00580	0.00179	0.00555	0.00585	0.00571	0.06894
4	0.03224	0.01176	0.01748	0.54212	0.07575	0.03325	0.01510	0.08356	0.01361	0.01794	0.01192	0.01805	0.00968	0.03529	0.00738	0.00215	0.03331	0.02922	0.00318	0.00703
5	0.16344	0.01010	0.01225	0.06494	0.03848	0.01170	0.00910	0.13069	0.01341	0.02130	0.01465	0.07356	0.01322	0.02000	0.24902	0.00443	0.07645	0.00620	0.06038	0.00669
6	0.11446	0.01107	0.01479	0.27093	0.02318	0.02455	0.05536	0.12105	0.01413	0.02091	0.01454	0.05429	0.02305	0.06426	0.02457	0.00237	0.03232	0.00615	0.10124	0.00679
7	0.00970	0.00688	0.00885	0.00913	0.04604	0.00639	0.00636	0.01240	0.03432	0.06067	0.41800	0.09403	0.17718	0.05486	0.00831	0.00219	0.00354	0.02919	0.00602	0.00594
8	0.01216	0.01013	0.01370	0.10404	0.01598	0.03439	0.06144	0.03924	0.01149	0.03977	0.01672	0.02571	0.05032	0.26721	0.01731	0.00334	0.18525	0.00695	0.07900	0.00583
9	0.83108	0.01163	0.00884	0.00791	0.01163	0.01350	0.00651	0.01768	0.01024	0.02699	0.00838	0.00977	0.00651	0.00558	0.00372	0.00186	0.00465	0.00326	0.00372	0.00651
10	0.01018	0.00711	0.00983	0.05051	0.01213	0.00666	0.03253	0.01251	0.01456	0.07494	0.33594	0.16022	0.10002	0.06947	0.00874	0.00229	0.00409	0.04517	0.00569	0.03743
11	0.00778	0.00572	0.00729	0.00773	0.00875	0.00523	0.00548	0.00961	0.01405	0.01902	0.32566	0.38540	0.14467	0.01570	0.00736	0.00216	0.00317	0.01398	0.00600	0.00523
12	0.03755	0.03781	0.37639	0.17440	0.07427	0.01380	0.04154	0.01726	0.01254	0.01827	0.03802	0.01733	0.01093	0.00683	0.00694	0.00200	0.06444	0.03882	0.00295	0.00790
13	0.02191	0.01533	0.01663	0.01288	0.01735	0.01674	0.01059	0.61523	0.02614	0.08239	0.03401	0.01619	0.01209	0.00735	0.00591	0.00178	0.00615	0.00561	0.06595	0.00978
14	0.00809	0.00613	0.00745	0.00712	0.00872	0.00549	0.00534	0.01052	0.01602	0.02172	0.53824	0.04889	0.26790	0.01319	0.00710	0.00193	0.00290	0.01143	0.00631	0.00549
15	0.10647	0.01631	0.01710	0.01323	0.01793	0.01812	0.01093	0.65721	0.02642	0.03678	0.01382	0.01396	0.00985	0.00705	0.00578	0.00181	0.00642	0.00519	0.00578	0.00985
16	0.01162	0.00973	0.01153	0.00868	0.01318	0.00751	0.00683	0.01424	0.01312	0.02008	0.12338	0.05563	0.01768	0.00636	0.00501	0.00112	0.00416	0.00534	0.00413	0.66066
17	0.00870	0.00643	0.00828	0.00787	0.00949	0.00581	0.00593	0.01130	0.01588	0.02236	0.56559	0.11786	0.07333	0.01268	0.00702	0.00192	0.00316	0.04453	0.00621	0.06567
18	0.01518	0.01106	0.01198	0.01011	0.01242	0.01200	0.00742	0.31004	0.08544	0.02380	0.01760	0.02746	0.01672	0.39179	0.01813	0.00381	0.00606	0.00719	0.00486	0.00692
19	0.01182	0.01050	0.03571	0.03594	0.04944	0.04522	0.00833	0.11848	0.05902	0.02288	0.29007	0.08179	0.18435	0.01127	0.00670	0.00193	0.00455	0.00960	0.00561	0.00678
20	0.00847	0.00614	0.00803	0.00783	0.00919	0.00569	0.00592	0.01114	0.01631	0.02284	0.62687	0.10113	0.07247	0.01316	0.00722	0.00200	0.00308	0.06047	0.00644	0.00559
21	0.01286	0.01114	0.01374	0.00984	0.01521	0.00868	0.04183	0.03630	0.01302	0.02012	0.01087	0.01271	0.00896	0.00457	0.00463	0.00097	0.00479	0.00379	0.00361	0.76236
22	0.01206	0.00751	0.00941	0.03452	0.04598	0.00772	0.03791	0.06664	0.01367	0.02230	0.01870	0.05785	0.01539	0.00929	0.04244	0.00196	0.00448	0.00623	0.57972	0.00623
23	0.03661	0.01385	0.04254	0.10240	0.07320	0.05436	0.02240	0.18779	0.09462	0.18978	0.04281	0.02090	0.04093	0.00834	0.01970	0.00204	0.00649	0.02715	0.00530	0.00879
24	0.06442	0.06675	0.02812	0.03164	0.14242	0.05387	0.03466	0.09953	0.13308	0.08716	0.08943	0.04757	0.01840	0.03227	0.00678	0.00202	0.00600	0.04287	0.00483	0.00819
25	0.29557	0.03186	0.06979	0.01248	0.01714	0.05965	0.10126	0.07299	0.03806	0.15928	0.03281	0.01470	0.01072	0.00622	0.00522	0.00180	0.00626	0.00488	0.00449	0.05481

[dist]
# distance from previous block
# <min> <max>
1	52

[block]
# block no. 6 follows, 38 sequences, length 14
# corresponding to MSA columns:
# 405-418
name=unknown_G
#
# <colnr> <probs for GDERKNQSTAVLIFYWHMCP>
#	G	D	E	R	K	N	Q	S	T	A	V	L	I	F	Y	W	H	M	C	P
0	0.19035	0.15300	0.03824	0.07406	0.06119	0.03084	0.01065	0.09931	0.04078	0.04322	0.07031	0.01531	0.01252	0.00685	0.00649	0.00179	0.08322	0.00488	0.00392	0.05308
1	0.17373	0.01404	0.01499	0.04206	0.05574	0.04687	0.01011	0.28682	0.06607	0.12319	0.01502	0.04197	0.01138	0.00703	0.00551	0.00179	0.00593	0.00539	0.00517	0.06720
2	0.09325	0.03248	0.08802	0.14398	0.08339	0.03323	0.04218	0.08649	0.03538	0.07633	0.13848	0.04317	0.01968	0.00816	0.00611	0.00194	0.00625	0.04936	0.00450	0.00762
3	0.01968	0.09615	0.04485	0.01377	0.01736	0.46901	0.01103	0.09195	0.04112	0.01804	0.01185	0.04689	0.01016	0.00678	0.00538	0.00159	0.00879	0.00474	0.03796	0.04292
4	0.01141	0.00844	0.01002	0.00973	0.01156	0.00857	0.00732	0.16916	0.04043	0.02179	0.09296	0.40595	0.07508	0.01463	0.00715	0.00221	0.00432	0.06875	0.00574	0.02477
5	0.01235	0.01013	0.01404	0.25330	0.05373	0.01070	0.02694	0.11255	0.01537	0.02124	0.12350	0.04355	0.09042	0.00817	0.00599	0.00178	0.00559	0.00702	0.07694	0.10671
6	0.77871	0.01125	0.00864	0.00776	0.01134	0.01299	0.00637	0.01745	0.01039	0.02670	0.00909	0.01058	0.00708	0.00568	0.00375	0.00183	0.00454	0.00341	0.05599	0.00646
7	0.00875	0.00583	0.00656	0.00656	0.00656	0.00583	0.00365	0.00875	0.00875	0.01166	0.01895	0.03937	0.02187	0.78858	0.03062	0.00583	0.00583	0.00875	0.00365	0.00365
8	0.00780	0.00584	0.00757	0.00858	0.00922	0.00568	0.00608	0.00905	0.01185	0.01558	0.03526	0.56997	0.13066	0.03991	0.00881	0.00252	0.03503	0.08020	0.00541	0.00501
9	0.01438	0.00767	0.01009	0.00891	0.01134	0.00706	0.00696	0.01760	0.04917	0.24497	0.42859	0.07860	0.04055	0.01117	0.00681	0.00195	0.00376	0.03650	0.00675	0.00718
10	0.04527	0.04256	0.31301	0.08481	0.10006	0.07871	0.14278	0.01863	0.01295	0.01822	0.01053	0.01352	0.00811	0.00606	0.00715	0.00194	0.07974	0.00503	0.00279	0.00813
11	0.00790	0.00600	0.00719	0.00743	0.00877	0.00543	0.00547	0.00974	0.01399	0.01832	0.25835	0.19223	0.29778	0.06401	0.00880	0.00237	0.00346	0.07183	0.00577	0.00517
12	0.03940	0.00654	0.00862	0.06150	0.01205	0.00662	0.00749	0.01093	0.01232	0.01692	0.04944	0.31430	0.06117	0.08517	0.00951	0.00273	0.00468	0.24593	0.03946	0.00524
13	0.01499	0.00890	0.01051	0.00916	0.01187	0.00888	0.00716	0.07884	0.13536	0.17935	0.23550	0.05898	0.06783	0.00974	0.00619	0.00185	0.00398	0.00824	0.13506	0.00758

[dist]
# distance from previous block
# <min> <max>
0	1

[block]
# block no. 7 follows, 38 sequences, length 9
# corresponding to MSA columns:
# 420-428
name=unknown_H
#
# <colnr> <probs for GDERKNQSTAVLIFYWHMCP>
#	G	D	E	R	K	N	Q	S	T	A	V	L	I	F	Y	W	H	M	C	P
0	0.01098	0.00563	0.00570	0.00570	0.00697	0.00563	0.00415	0.01352	0.01225	0.02141	0.01956	0.02404	0.01603	0.08122	0.00671	0.00182	0.00309	0.00591	0.74427	0.00542
1	0.13990	0.11950	0.27866	0.01412	0.06539	0.04912	0.01375	0.03961	0.01341	0.07071	0.05091	0.09200	0.01392	0.00745	0.00547	0.00184	0.00672	0.00588	0.00374	0.00789
2	0.09390	0.00621	0.00593	0.00584	0.00748	0.00640	0.00444	0.01439	0.01238	0.02289	0.01849	0.02115	0.01452	0.00687	0.00416	0.00145	0.00299	0.00537	0.73946	0.00570
3	0.01544	0.05323	0.06365	0.12414	0.34278	0.01406	0.03257	0.11488	0.01545	0.05870	0.01478	0.01717	0.04464	0.00632	0.00584	0.00179	0.00681	0.00560	0.03492	0.02724
4	0.01280	0.01068	0.05713	0.10144	0.01677	0.01005	0.02744	0.16002	0.01598	0.05700	0.06840	0.20501	0.08228	0.06625	0.00852	0.00239	0.00554	0.08038	0.00509	0.00682
5	0.01091	0.00571	0.00608	0.00608	0.00745	0.00583	0.00459	0.01363	0.01227	0.02143	0.01921	0.02257	0.01537	0.01149	0.09361	0.00237	0.00437	0.00571	0.72573	0.00558
6	0.05889	0.08784	0.03065	0.17041	0.02216	0.08040	0.09741	0.13711	0.05729	0.04268	0.01400	0.01693	0.02247	0.03452	0.00718	0.03334	0.00704	0.00547	0.06669	0.00750
7	0.04086	0.01294	0.01589	0.10141	0.09055	0.06128	0.04544	0.18389	0.01696	0.07752	0.07878	0.01984	0.01511	0.08099	0.00815	0.00209	0.00633	0.00594	0.02494	0.11109
8	0.05888	0.10754	0.05474	0.04105	0.22123	0.08696	0.01316	0.15464	0.10748	0.05148	0.01398	0.03837	0.01124	0.00666	0.00562	0.00178	0.00680	0.00540	0.00417	0.00882

[dist]
# distance from previous block
# <min> <max>
2	16

[block]
# block no. 8 follows, 38 sequences, length 8
# corresponding to MSA columns:
# 461-468
name=unknown_I
#
# <colnr> <probs for GDERKNQSTAVLIFYWHMCP>
#	G	D	E	R	K	N	Q	S	T	A	V	L	I	F	Y	W	H	M	C	P
0	0.03170	0.11264	0.01890	0.07667	0.05935	0.06580	0.09774	0.08337	0.01522	0.07896	0.10774	0.07078	0.03180	0.00860	0.00696	0.00191	0.05281	0.04757	0.00438	0.02708
1	0.06495	0.13415	0.03285	0.03963	0.03199	0.08516	0.10291	0.10304	0.02977	0.04177	0.09450	0.01800	0.01511	0.00695	0.00610	0.00172	0.04233	0.00561	0.11219	0.03126
2	0.11606	0.19146	0.01692	0.04559	0.02992	0.01466	0.00904	0.15714	0.05141	0.08907	0.03412	0.01892	0.07633	0.00719	0.00513	0.00166	0.00534	0.00546	0.07856	0.04604
3	0.01538	0.06034	0.01812	0.01447	0.01555	0.06332	0.01206	0.01691	0.01091	0.09729	0.01024	0.01399	0.00896	0.00945	0.01576	0.00235	0.56683	0.00516	0.03588	0.00704
4	0.06731	0.01253	0.01459	0.09888	0.11518	0.05752	0.01051	0.20938	0.01772	0.08379	0.06908	0.01859	0.01442	0.00702	0.00553	0.00174	0.00578	0.00567	0.17674	0.00801
5	0.00910	0.00872	0.09057	0.00812	0.00925	0.00695	0.00619	0.01014	0.00930	0.01277	0.01770	0.03446	0.01944	0.60972	0.11837	0.00587	0.00744	0.00799	0.00347	0.00444
6	0.01617	0.11746	0.15264	0.01299	0.01754	0.09869	0.01201	0.11946	0.23307	0.04973	0.03943	0.07388	0.01537	0.00787	0.00581	0.00185	0.00652	0.00626	0.00468	0.00855
7	0.15565	0.01364	0.05650	0.05815	0.34750	0.03360	0.04707	0.01800	0.03146	0.04840	0.08325	0.05268	0.01512	0.00689	0.00579	0.00187	0.00637	0.00612	0.00379	0.00815

[dist]
# distance from previous block
# <min> <max>
0	1

[block]
# block no. 9 follows, 38 sequences, length 9
# corresponding to MSA columns:
# 470-478
name=unknown_J
#
# <colnr> <probs for GDERKNQSTAVLIFYWHMCP>
#	G	D	E	R	K	N	Q	S	T	A	V	L	I	F	Y	W	H	M	C	P
0	0.01650	0.01379	0.04367	0.01147	0.01590	0.03860	0.00965	0.27025	0.03713	0.05322	0.03614	0.02075	0.06496	0.00757	0.00615	0.00161	0.03016	0.04361	0.00489	0.27397
1	0.01094	0.01274	0.14827	0.05666	0.11465	0.00965	0.03389	0.03068	0.03382	0.02048	0.28100	0.05835	0.02990	0.06061	0.00859	0.02149	0.00561	0.05114	0.00464	0.00687
2	0.00914	0.00618	0.00703	0.00684	0.00780	0.00584	0.00448	0.00995	0.01107	0.05027	0.06494	0.04333	0.23881	0.44356	0.06195	0.00454	0.00540	0.00976	0.00452	0.00458
3	0.00823	0.00605	0.00770	0.00748	0.00886	0.00553	0.00554	0.01073	0.01608	0.02231	0.59434	0.12214	0.13601	0.01331	0.00716	0.00196	0.00293	0.01173	0.00639	0.00553
4	0.00859	0.00645	0.00967	0.00967	0.01074	0.00752	0.00752	0.01074	0.00967	0.01396	0.01611	0.02363	0.01504	0.04512	0.76474	0.00967	0.01611	0.00645	0.00322	0.00537
5	0.00866	0.00582	0.00661	0.00670	0.00696	0.00577	0.00398	0.00903	0.00946	0.01278	0.02252	0.08600	0.06978	0.62850	0.05036	0.00529	0.00570	0.00930	0.04281	0.00397
6	0.01111	0.00694	0.00795	0.03120	0.00987	0.00716	0.00581	0.08010	0.01394	0.02146	0.09013	0.10767	0.05286	0.06026	0.06830	0.00258	0.00468	0.00787	0.40426	0.00584
7	0.51235	0.15696	0.04892	0.01110	0.06103	0.03699	0.00903	0.01892	0.03573	0.04875	0.00977	0.01104	0.00770	0.00566	0.00419	0.00175	0.00553	0.00367	0.00360	0.00728
8	0.01875	0.01355	0.01451	0.01149	0.01555	0.04483	0.00918	0.37269	0.02082	0.10593	0.01866	0.06844	0.05391	0.05880	0.00750	0.00196	0.00582	0.00648	0.00543	0.14568

[dist]
# distance from previous block
# <min> <max>
0	2

[block]
# block no. 10 follows, 38 sequences, length 13
# corresponding to MSA columns:
# 481-493
name=unknown_K
#
# <colnr> <probs for GDERKNQSTAVLIFYWHMCP>
#	G	D	E	R	K	N	Q	S	T	A	V	L	I	F	Y	W	H	M	C	P
0	0.01955	0.01255	0.01436	0.01155	0.01520	0.01333	0.00935	0.40451	0.02173	0.14619	0.07665	0.02090	0.01620	0.02779	0.05182	0.04599	0.00628	0.02246	0.05495	0.00864
1	0.05509	0.01276	0.01421	0.05018	0.01635	0.01399	0.00959	0.38389	0.08371	0.05697	0.06319	0.04429	0.01596	0.02707	0.00740	0.04251	0.00565	0.02235	0.06646	0.00838
2	0.01036	0.00526	0.00777	0.00777	0.00777	0.00526	0.00514	0.00788	0.00788	0.01051	0.01088	0.01936	0.01103	0.05983	0.02387	0.78343	0.00526	0.00540	0.00266	0.00266
3	0.01223	0.01187	0.01792	0.33133	0.02627	0.01589	0.01441	0.01470	0.01040	0.01483	0.00939	0.01477	0.00823	0.01002	0.04351	0.00265	0.42698	0.00535	0.00267	0.00658
4	0.01348	0.01045	0.01239	0.00900	0.01411	0.00798	0.00720	0.01614	0.01307	0.08013	0.04538	0.01461	0.01158	0.00506	0.00471	0.00102	0.00444	0.00410	0.00402	0.72114
5	0.01207	0.00688	0.00913	0.00825	0.01022	0.00624	0.00629	0.01467	0.01663	0.16784	0.54871	0.09820	0.04716	0.01185	0.00693	0.00193	0.00334	0.01041	0.00670	0.00652
6	0.00827	0.00582	0.00722	0.00789	0.00876	0.00540	0.00552	0.00955	0.01220	0.03316	0.08616	0.39378	0.16905	0.14382	0.01132	0.00290	0.00396	0.07487	0.00538	0.00496
7	0.08146	0.01068	0.01176	0.01042	0.01329	0.01161	0.00815	0.12820	0.25949	0.07057	0.16925	0.07513	0.02561	0.03507	0.02142	0.00225	0.00481	0.02907	0.02388	0.00788
8	0.09860	0.01280	0.01991	0.15921	0.44217	0.01357	0.01538	0.06233	0.01349	0.02006	0.01103	0.01482	0.00907	0.00691	0.00720	0.07012	0.00685	0.00513	0.00316	0.00819
9	0.00777	0.00552	0.00731	0.00859	0.00905	0.00524	0.00598	0.00896	0.01160	0.01540	0.03178	0.62439	0.03757	0.08353	0.00970	0.00277	0.00397	0.11057	0.00541	0.00487
10	0.00871	0.00749	0.00770	0.00752	0.00921	0.05368	0.00558	0.01076	0.01517	0.01948	0.35167	0.10891	0.34490	0.01369	0.00704	0.00197	0.00349	0.01171	0.00587	0.00544
11	0.69575	0.03281	0.01077	0.06738	0.03482	0.01363	0.00781	0.01794	0.01077	0.05068	0.00917	0.01076	0.00704	0.00566	0.00404	0.00185	0.00504	0.00357	0.00372	0.00677
12	0.04667	0.09835	0.02027	0.23333	0.21779	0.18425	0.01435	0.05939	0.01447	0.01796	0.01106	0.03535	0.00930	0.00621	0.00560	0.00176	0.00792	0.00505	0.00315	0.00776

[dist]
# distance from previous block
# <min> <max>
0	1

[block]
# block no. 11 follows, 38 sequences, length 15
# corresponding to MSA columns:
# 495-509
name=unknown_L
#
# <colnr> <probs for GDERKNQSTAVLIFYWHMCP>
#	G	D	E	R	K	N	Q	S	T	A	V	L	I	F	Y	W	H	M	C	P
0	0.01218	0.01051	0.01016	0.05326	0.01277	0.13823	0.00735	0.01433	0.01477	0.06194	0.25994	0.15143	0.08801	0.03786	0.02395	0.00218	0.00522	0.00948	0.05766	0.02876
1	0.00795	0.00610	0.00727	0.00704	0.00865	0.00543	0.00526	0.01023	0.01560	0.02088	0.46613	0.07342	0.31703	0.01361	0.00712	0.00196	0.00294	0.01176	0.00620	0.00543
2	0.01755	0.01167	0.04911	0.01116	0.01473	0.01114	0.00937	0.16244	0.13476	0.21928	0.09301	0.06434	0.03661	0.01169	0.05702	0.00248	0.00588	0.04772	0.03158	0.00849
3	0.00774	0.00579	0.00693	0.00727	0.00834	0.00526	0.00506	0.00924	0.01317	0.01732	0.21700	0.29210	0.24962	0.11495	0.01031	0.00262	0.00350	0.01319	0.00559	0.00498
4	0.04094	0.01419	0.01537	0.01245	0.01629	0.01561	0.01001	0.51141	0.08935	0.03238	0.04714	0.10559	0.01620	0.00927	0.00678	0.02930	0.00584	0.00705	0.00583	0.00901
5	0.66177	0.04964	0.01124	0.07230	0.01460	0.01394	0.00786	0.01792	0.01076	0.05723	0.00923	0.01087	0.00711	0.00584	0.00452	0.00187	0.02922	0.00362	0.00371	0.00675
6	0.00756	0.00540	0.00725	0.00864	0.00909	0.00509	0.00599	0.00878	0.01175	0.01562	0.03303	0.71384	0.03928	0.01863	0.00774	0.00248	0.00369	0.08562	0.00558	0.00495
7	0.01464	0.01381	0.02280	0.13355	0.59547	0.01433	0.01754	0.03877	0.05352	0.01989	0.01204	0.01544	0.00983	0.00565	0.00597	0.00183	0.00712	0.00544	0.00319	0.00917
8	0.01419	0.01349	0.02293	0.13503	0.62389	0.01385	0.01785	0.01779	0.01348	0.01901	0.01211	0.01731	0.01040	0.00593	0.00606	0.00186	0.00720	0.03560	0.00305	0.00897
9	0.01440	0.01379	0.02353	0.13998	0.65186	0.01416	0.01822	0.01803	0.01346	0.01905	0.01123	0.01505	0.00932	0.00545	0.00596	0.00182	0.00727	0.00536	0.00294	0.00913
10	0.00883	0.00710	0.00819	0.00915	0.01002	0.04285	0.00652	0.01118	0.05906	0.01656	0.05742	0.57796	0.05728	0.01698	0.00750	0.00238	0.00410	0.08601	0.00553	0.00539
11	0.00818	0.00614	0.00758	0.00722	0.00878	0.00554	0.00542	0.01071	0.01625	0.02227	0.58644	0.04798	0.21936	0.01299	0.00710	0.00192	0.00289	0.01131	0.00638	0.00554
12	0.01092	0.00795	0.01000	0.05790	0.01196	0.00870	0.00691	0.11518	0.01243	0.01695	0.04661	0.02956	0.01858	0.36107	0.25331	0.00603	0.00917	0.00741	0.00392	0.00542
13	0.00819	0.00631	0.00740	0.00735	0.00891	0.00578	0.00548	0.01066	0.03775	0.01934	0.31953	0.09781	0.32002	0.06458	0.00872	0.00230	0.00339	0.05525	0.00588	0.00537
14	0.55307	0.05700	0.01215	0.05420	0.01469	0.01446	0.00812	0.10252	0.05501	0.04395	0.02984	0.01259	0.00931	0.00615	0.00442	0.00184	0.00516	0.00410	0.00417	0.00727

[dist]
# distance from previous block
# <min> <max>
2	4

[block]
# block no. 12 follows, 38 sequences, length 20
# corresponding to MSA columns:
# 514-533
name=unknown_M
#
# <colnr> <probs for GDERKNQSTAVLIFYWHMCP>
#	G	D	E	R	K	N	Q	S	T	A	V	L	I	F	Y	W	H	M	C	P
0	0.02169	0.01728	0.08001	0.01364	0.01882	0.01702	0.01194	0.58464	0.02537	0.08469	0.01458	0.01461	0.01026	0.00696	0.00591	0.00177	0.00659	0.00528	0.00569	0.05324
1	0.01081	0.02317	0.02866	0.07091	0.04726	0.01048	0.17300	0.01358	0.01139	0.01606	0.01620	0.10384	0.01556	0.08593	0.24716	0.00477	0.05683	0.00761	0.05052	0.00624
2	0.01065	0.00701	0.00867	0.00881	0.01037	0.00679	0.00647	0.01421	0.10044	0.08053	0.10154	0.40321	0.05471	0.01421	0.00690	0.00215	0.00379	0.04942	0.07489	0.03523
3	0.00947	0.00700	0.00924	0.01017	0.01173	0.00691	0.00867	0.01267	0.04453	0.01854	0.09169	0.06279	0.13344	0.01574	0.00796	0.00257	0.00495	0.53063	0.00566	0.00565
4	0.00898	0.00661	0.00873	0.00864	0.00911	0.00742	0.00609	0.01006	0.00950	0.01338	0.01840	0.10482	0.01979	0.35310	0.29759	0.00653	0.07459	0.00836	0.02360	0.00470
5	0.00871	0.00635	0.00823	0.00786	0.00930	0.00598	0.00592	0.01191	0.03964	0.02359	0.67145	0.07656	0.05411	0.01259	0.00713	0.00195	0.00301	0.03344	0.00653	0.00576
6	0.06085	0.01284	0.01389	0.01173	0.01548	0.01415	0.00935	0.19688	0.37562	0.11628	0.06871	0.02208	0.03888	0.00818	0.00605	0.00194	0.00507	0.00662	0.00615	0.00924
7	0.01574	0.01222	0.01372	0.05199	0.01655	0.01350	0.00955	0.11935	0.43887	0.07593	0.07227	0.05452	0.01960	0.00842	0.00614	0.00194	0.00500	0.00704	0.00589	0.05175
8	0.08039	0.22930	0.23541	0.09621	0.02110	0.01559	0.03914	0.01851	0.05929	0.04045	0.02814	0.05407	0.01135	0.00654	0.00525	0.00174	0.00685	0.00517	0.00335	0.04214
9	0.01646	0.06115	0.12277	0.04573	0.27194	0.24417	0.01511	0.02085	0.07581	0.01792	0.01248	0.04601	0.01059	0.00648	0.00574	0.00176	0.00816	0.00528	0.00330	0.00828
10	0.02061	0.01466	0.01599	0.01290	0.01720	0.01616	0.01045	0.40024	0.27586	0.12170	0.01910	0.01798	0.01365	0.00758	0.00606	0.00189	0.00579	0.00598	0.00623	0.00998
11	0.01239	0.00801	0.01012	0.00984	0.02745	0.00789	0.00729	0.09022	0.04929	0.10492	0.26973	0.24244	0.03677	0.01279	0.00694	0.00208	0.00404	0.05778	0.03330	0.00670
12	0.00803	0.00581	0.00757	0.00825	0.00915	0.00543	0.00599	0.00983	0.01353	0.01828	0.25232	0.39276	0.08924	0.04632	0.00844	0.00242	0.00361	0.10203	0.00582	0.00517
13	0.01563	0.01243	0.01647	0.09195	0.01794	0.01546	0.01170	0.15821	0.01404	0.08891	0.01231	0.01712	0.01056	0.07656	0.05053	0.00293	0.37028	0.00573	0.00388	0.00736
14	0.00906	0.00639	0.00816	0.04842	0.01072	0.00618	0.00616	0.02637	0.02607	0.01750	0.12565	0.33967	0.11956	0.01509	0.00885	0.10029	0.00387	0.01176	0.07421	0.03604
15	0.07401	0.00958	0.01066	0.03216	0.01297	0.00887	0.00699	0.09820	0.01439	0.05082	0.01930	0.07605	0.07534	0.00755	0.00510	0.00146	0.00431	0.00612	0.18024	0.30585
16	0.11939	0.01275	0.06657	0.17839	0.08992	0.03126	0.06826	0.04997	0.01258	0.01893	0.01186	0.05466	0.01024	0.00825	0.00790	0.10988	0.00658	0.00544	0.00331	0.13384
17	0.01215	0.00894	0.01057	0.04233	0.01266	0.00942	0.00747	0.19867	0.03907	0.02128	0.04577	0.34161	0.04308	0.14677	0.01105	0.00281	0.00497	0.02975	0.00529	0.00634
18	0.01514	0.01216	0.01347	0.03647	0.01536	0.07427	0.02449	0.18841	0.01633	0.06233	0.01710	0.14958	0.01602	0.04339	0.09743	0.00279	0.00708	0.00720	0.00461	0.19638
19	0.04863	0.04073	0.03305	0.16585	0.15837	0.03904	0.03815	0.06547	0.06718	0.04351	0.07048	0.09565	0.01706	0.00829	0.00632	0.01478	0.00623	0.02191	0.03133	0.02796

[dist]
# distance from previous block
# <min> <max>
2	22

[block]
# block no. 13 follows, 38 sequences, length 66
# corresponding to MSA columns:
# 575-640
name=unknown_N
#
# <colnr> <probs for GDERKNQSTAVLIFYWHMCP>
#	G	D	E	R	K	N	Q	S	T	A	V	L	I	F	Y	W	H	M	C	P
0	0.01388	0.11003	0.03966	0.11107	0.20102	0.01421	0.03394	0.09720	0.01416	0.01941	0.04523	0.07333	0.01405	0.05886	0.00861	0.00210	0.07233	0.00632	0.00363	0.06097
1	0.44843	0.01047	0.01064	0.10167	0.03540	0.01135	0.00818	0.01574	0.01163	0.02280	0.04159	0.02048	0.07425	0.00733	0.00489	0.00183	0.00496	0.05468	0.00395	0.10974
2	0.06015	0.01855	0.17474	0.10490	0.28021	0.10349	0.01617	0.04031	0.06366	0.01963	0.01288	0.03842	0.01072	0.00654	0.00585	0.00187	0.00759	0.02257	0.00335	0.00840
