[name]
unknown

[dist]
# distance from previous block
# <min> <max>
27	70

[block]
# block no. 0 follows, 39 sequences, length 14
# corresponding to MSA columns:
# 77-90
name=unknown_A
#
# <colnr> <probs for GDERKNQSTAVLIFYWHMCP>
#	G	D	E	R	K	N	Q	S	T	A	V	L	I	F	Y	W	H	M	C	P
0	0.14862	0.01083	0.01332	0.13485	0.08883	0.01149	0.00983	0.11193	0.06433	0.06554	0.04667	0.08271	0.06268	0.04031	0.00665	0.00198	0.00540	0.00667	0.00446	0.08291
1	0.04524	0.02808	0.01437	0.19063	0.05650	0.05667	0.02311	0.07637	0.10403	0.07422	0.06757	0.09281	0.03324	0.06677	0.00777	0.00216	0.00598	0.00709	0.00445	0.04293
2	0.04388	0.01136	0.01720	0.25794	0.24482	0.01194	0.01342	0.05675	0.01360	0.09411	0.01475	0.05092	0.03144	0.03728	0.00674	0.00195	0.00644	0.00595	0.00373	0.07579
3	0.01174	0.01015	0.01375	0.18189	0.04979	0.01110	0.03518	0.05168	0.15661	0.01922	0.05478	0.07588	0.12644	0.01005	0.02374	0.01718	0.04851	0.00758	0.02596	0.06874
4	0.05919	0.01262	0.01871	0.19272	0.24472	0.03615	0.07578	0.06646	0.06119	0.02060	0.06018	0.01729	0.01270	0.00623	0.00575	0.00179	0.00662	0.00564	0.05208	0.04360
5	0.04196	0.01165	0.05063	0.04262	0.09806	0.05061	0.04163	0.06191	0.08475	0.01958	0.09569	0.09365	0.04454	0.03977	0.10133	0.02176	0.02814	0.00740	0.03996	0.02435
6	0.05451	0.01386	0.06463	0.15888	0.35425	0.02583	0.03762	0.07532	0.01393	0.01980	0.01355	0.03757	0.03574	0.00786	0.03728	0.00213	0.00732	0.00571	0.00332	0.03087
7	0.03126	0.00631	0.00738	0.00730	0.00843	0.00627	0.00517	0.01137	0.07542	0.01600	0.06210	0.07731	0.18430	0.07940	0.01358	0.26960	0.00409	0.00820	0.12192	0.00460
8	0.08791	0.03795	0.01715	0.30402	0.17016	0.01329	0.01327	0.03413	0.12124	0.06295	0.01444	0.01680	0.02887	0.00629	0.00560	0.00183	0.00639	0.00535	0.00374	0.04862
9	0.01197	0.00579	0.00601	0.00582	0.00739	0.00571	0.00441	0.01469	0.01268	0.06685	0.01954	0.02193	0.01513	0.00692	0.00424	0.00141	0.00289	0.00554	0.77531	0.00579
10	0.01816	0.05671	0.01550	0.05418	0.01667	0.04287	0.00982	0.37974	0.05861	0.07169	0.05944	0.02135	0.01543	0.08328	0.00821	0.00218	0.00607	0.03680	0.03496	0.00832
11	0.07531	0.01118	0.01338	0.05571	0.01592	0.01131	0.00893	0.19603	0.04331	0.35177	0.02032	0.02008	0.04182	0.03690	0.00660	0.00195	0.00529	0.00592	0.06949	0.00879
12	0.02044	0.01322	0.01494	0.01212	0.01621	0.01410	0.00989	0.33807	0.19024	0.20653	0.02103	0.02180	0.03608	0.00814	0.00611	0.00190	0.00556	0.04791	0.00624	0.00948
13	0.04238	0.07896	0.29919	0.01482	0.05051	0.03963	0.03050	0.16882	0.01629	0.11087	0.01262	0.01352	0.00908	0.00596	0.00544	0.00170	0.00714	0.00463	0.00396	0.08399

[dist]
# distance from previous block
# <min> <max>
9	26

[block]
# block no. 1 follows, 39 sequences, length 125
# corresponding to MSA columns:
# 120-137,139-245
name=unknown_B
#
# <colnr> <probs for GDERKNQSTAVLIFYWHMCP>
#	G	D	E	R	K	N	Q	S	T	A	V	L	I	F	Y	W	H	M	C	P
0	0.11929	0.03337	0.05380	0.13538	0.03448	0.03066	0.06366	0.11817	0.12353	0.07430	0.07633	0.01897	0.03683	0.00703	0.00568	0.00182	0.00605	0.00584	0.00453	0.05030
1	0.07643	0.16149	0.04068	0.06156	0.01761	0.05097	0.01027	0.22763	0.08070	0.05655	0.01406	0.01473	0.03054	0.00634	0.00513	0.00158	0.00605	0.00474	0.00437	0.12856
2	0.11019	0.26369	0.15556	0.06357	0.09838	0.01724	0.01307	0.07874	0.11022	0.02027	0.01170	0.01305	0.00923	0.00585	0.00494	0.00168	0.00653	0.00439	0.00344	0.00822
3	0.13175	0.07587	0.10743	0.10386	0.04168	0.09219	0.01159	0.11062	0.03157	0.13839	0.05671	0.01739	0.04272	0.00689	0.00545	0.00178	0.00648	0.00530	0.00437	0.00794
4	0.08948	0.20082	0.38758	0.09428	0.04522	0.01579	0.01640	0.03608	0.01260	0.01858	0.02673	0.01270	0.00867	0.00568	0.00509	0.00173	0.00746	0.00427	0.00282	0.00801
5	0.10163	0.10278	0.03617	0.05226	0.36525	0.03750	0.01379	0.06983	0.01414	0.07337	0.01144	0.01358	0.00909	0.00553	0.00527	0.00165	0.00649	0.00467	0.00351	0.07205
6	0.57480	0.03153	0.01051	0.02993	0.01298	0.03281	0.00725	0.01894	0.01174	0.15103	0.02987	0.04466	0.01047	0.00652	0.00441	0.00184	0.00487	0.00449	0.00436	0.00700
7	0.00855	0.00630	0.00754	0.00718	0.00890	0.00570	0.00540	0.01123	0.03593	0.04099	0.45962	0.06636	0.28850	0.01299	0.00694	0.00192	0.00299	0.01121	0.00615	0.00559
8	0.01680	0.67446	0.02874	0.01093	0.01567	0.14111	0.01033	0.01864	0.01277	0.01400	0.00837	0.00967	0.00759	0.00522	0.00404	0.00131	0.00701	0.00326	0.00261	0.00747
9	0.01226	0.01051	0.01226	0.00876	0.01401	0.00788	0.00701	0.01489	0.01226	0.01927	0.01051	0.01226	0.00876	0.00438	0.00438	0.00088	0.00438	0.00350	0.00350	0.82832
10	0.00938	0.00638	0.00822	0.00762	0.00925	0.00589	0.00576	0.01235	0.03058	0.06232	0.66380	0.04313	0.08888	0.01191	0.00690	0.00187	0.00296	0.01046	0.00649	0.00586
11	0.83394	0.01144	0.00869	0.00778	0.01144	0.01327	0.00640	0.01738	0.01006	0.02653	0.00823	0.00961	0.00640	0.00549	0.00366	0.00183	0.00457	0.00320	0.00366	0.00640
12	0.00860	0.00573	0.00645	0.00645	0.00645	0.00573	0.00358	0.00860	0.00860	0.01147	0.01863	0.03870	0.02150	0.79217	0.03010	0.00573	0.00573	0.00860	0.00358	0.00358
13	0.00721	0.00515	0.00686	0.00823	0.00858	0.00480	0.00549	0.00823	0.01132	0.01510	0.03259	0.78831	0.03911	0.01853	0.00755	0.00240	0.00343	0.01681	0.00549	0.00480
14	0.01917	0.01392	0.03392	0.01474	0.09354	0.03252	0.01088	0.20579	0.27972	0.18470	0.03538	0.01886	0.01471	0.00733	0.00595	0.00187	0.00567	0.00600	0.00580	0.00953
15	0.01389	0.01531	0.10024	0.13183	0.58504	0.01390	0.01831	0.01781	0.01315	0.01870	0.01099	0.01456	0.00898	0.00539	0.00584	0.00180	0.00732	0.00517	0.00284	0.00893
16	0.01019	0.00857	0.01255	0.07381	0.11119	0.00931	0.02783	0.03419	0.02800	0.01653	0.05719	0.29566	0.04322	0.09338	0.06708	0.00309	0.08762	0.01031	0.00427	0.00602
17	0.69044	0.03308	0.04727	0.02593	0.01306	0.03249	0.00763	0.01777	0.01068	0.04409	0.00910	0.01050	0.00699	0.00559	0.00393	0.00180	0.00502	0.00345	0.02453	0.00664
18	0.00717	0.00591	0.00630	0.00639	0.00815	0.00504	0.00472	0.00877	0.01363	0.01677	0.13614	0.13187	0.59866	0.01502	0.00705	0.00202	0.00302	0.01273	0.00561	0.00504
19	0.01998	0.01510	0.01674	0.01522	0.09407	0.05317	0.01114	0.39572	0.15906	0.09980	0.04687	0.01735	0.01369	0.00726	0.00595	0.00181	0.00613	0.00578	0.00564	0.00951
20	0.01511	0.29198	0.02204	0.01321	0.01568	0.09871	0.01141	0.01825	0.08777	0.01524	0.00977	0.01243	0.00876	0.00778	0.01099	0.00195	0.34427	0.00448	0.00297	0.00721
21	0.01345	0.01284	0.02187	0.28940	0.51143	0.01374	0.01756	0.01711	0.01291	0.01788	0.01091	0.01502	0.00886	0.00549	0.00587	0.00183	0.00732	0.00526	0.00283	0.00841
22	0.08316	0.03085	0.01501	0.01123	0.01559	0.00994	0.07653	0.05294	0.01578	0.46274	0.02335	0.03656	0.08329	0.00769	0.00587	0.00181	0.00530	0.00645	0.00605	0.04986
23	0.00854	0.00571	0.00647	0.00653	0.00654	0.00569	0.00366	0.00858	0.00872	0.01162	0.01923	0.07077	0.02225	0.75907	0.02914	0.00559	0.00563	0.00895	0.00366	0.00364
24	0.02469	0.01186	0.01642	0.01247	0.01716	0.03351	0.08478	0.09580	0.01766	0.58958	0.02083	0.01883	0.01339	0.00702	0.00603	0.00183	0.00586	0.00593	0.00660	0.00975
25	0.01344	0.01462	0.02979	0.02189	0.02695	0.01418	0.57511	0.01921	0.08992	0.01908	0.01483	0.08114	0.01241	0.00660	0.00731	0.00205	0.03246	0.00772	0.00350	0.00781
26	0.00859	0.00577	0.00662	0.00662	0.00668	0.00582	0.00379	0.00871	0.00865	0.01159	0.01848	0.03785	0.02113	0.75086	0.07090	0.00594	0.00629	0.00847	0.00356	0.00368
27	0.00799	0.00594	0.00754	0.00863	0.00929	0.00584	0.00589	0.01066	0.08793	0.01610	0.03170	0.70825	0.03691	0.01743	0.00739	0.00236	0.00356	0.01575	0.00554	0.00528
28	0.01117	0.01051	0.01774	0.77795	0.04073	0.01314	0.01642	0.01511	0.01182	0.01511	0.01051	0.01577	0.00788	0.00591	0.00591	0.00197	0.00788	0.00526	0.00263	0.00657
29	0.01258	0.17040	0.62803	0.01562	0.02369	0.01550	0.01971	0.01854	0.01240	0.01785	0.01018	0.01194	0.00751	0.00552	0.00529	0.00176	0.00830	0.00415	0.00250	0.00853
30	0.01117	0.01051	0.01774	0.77795	0.04073	0.01314	0.01642	0.01511	0.01182	0.01511	0.01051	0.01577	0.00788	0.00591	0.00591	0.00197	0.00788	0.00526	0.00263	0.00657
31	0.01075	0.00972	0.01391	0.01259	0.01310	0.01288	0.01023	0.01244	0.00928	0.01399	0.01170	0.01796	0.01119	0.02694	0.38499	0.00596	0.40787	0.00574	0.00287	0.00589
32	0.01464	0.01405	0.02400	0.03630	0.75528	0.01405	0.01815	0.01815	0.01347	0.01932	0.01112	0.01464	0.00937	0.00527	0.00585	0.00176	0.00703	0.00527	0.00293	0.00937
33	0.02269	0.01126	0.03188	0.01081	0.01506	0.01024	0.00901	0.16725	0.01851	0.49320	0.04481	0.05650	0.06442	0.00838	0.00610	0.00186	0.00515	0.00684	0.00669	0.00933
34	0.00749	0.00538	0.00719	0.00841	0.00891	0.00514	0.00584	0.00870	0.01137	0.01514	0.03179	0.65148	0.05345	0.04003	0.05232	0.00292	0.00436	0.06993	0.00530	0.00485
35	0.01464	0.01405	0.02400	0.03630	0.75528	0.01405	0.01815	0.01815	0.01347	0.01932	0.01112	0.01464	0.00937	0.00527	0.00585	0.00176	0.00703	0.00527	0.00293	0.00937
36	0.01604	0.73561	0.04931	0.01056	0.01561	0.06212	0.01049	0.01804	0.01228	0.01407	0.00833	0.00963	0.00759	0.00513	0.00392	0.00129	0.00661	0.00323	0.00256	0.00758
37	0.00861	0.00703	0.01059	0.26857	0.01954	0.00768	0.00928	0.01068	0.01161	0.01520	0.02576	0.48856	0.04587	0.01411	0.00700	0.00226	0.00498	0.03273	0.00452	0.00542
38	0.01405	0.01348	0.02300	0.15785	0.59762	0.01394	0.03772	0.01802	0.03229	0.01876	0.01138	0.01505	0.00934	0.00544	0.00590	0.00180	0.00719	0.00535	0.00296	0.00887
39	0.01411	0.39151	0.08300	0.01161	0.01575	0.01638	0.08526	0.04542	0.01238	0.03199	0.04698	0.01599	0.01180	0.06860	0.00933	0.11866	0.00649	0.00488	0.00310	0.00676
40	0.01218	0.04479	0.59688	0.01594	0.02340	0.01289	0.05580	0.01804	0.01261	0.04888	0.01345	0.09396	0.01117	0.00699	0.00586	0.00192	0.00804	0.00584	0.00304	0.00832
41	0.00715	0.00577	0.00638	0.00681	0.00829	0.00500	0.00494	0.00858	0.01293	0.01595	0.06773	0.26948	0.50994	0.01598	0.00718	0.00213	0.00318	0.03211	0.00551	0.00496
42	0.01199	0.00729	0.00918	0.00875	0.00994	0.00750	0.00627	0.05139	0.01208	0.12418	0.02277	0.27609	0.02388	0.23418	0.05063	0.00350	0.06174	0.01015	0.06279	0.00570
43	0.01689	0.03957	0.09657	0.02080	0.25076	0.12564	0.01401	0.17739	0.12310	0.02293	0.01414	0.04667	0.01151	0.00677	0.00580	0.00179	0.00712	0.00560	0.00410	0.00884
44	0.01117	0.01051	0.01774	0.77795	0.04073	0.01314	0.01642	0.01511	0.01182	0.01511	0.01051	0.01577	0.00788	0.00591	0.00591	0.00197	0.00788	0.00526	0.00263	0.00657
45	0.01183	0.09248	0.01527	0.01181	0.01245	0.03326	0.00938	0.01281	0.00954	0.01342	0.01239	0.05655	0.01340	0.24046	0.03738	0.00350	0.39888	0.00651	0.00303	0.00564
46	0.01079	0.00980	0.10818	0.00900	0.01156	0.00713	0.00783	0.01324	0.03016	0.10954	0.04471	0.16638	0.22683	0.14550	0.03401	0.00292	0.00511	0.04633	0.00496	0.00601
47	0.05210	0.37001	0.04585	0.01260	0.01693	0.27262	0.02504	0.08954	0.01516	0.01724	0.00985	0.01202	0.00849	0.00593	0.00474	0.00150	0.00786	0.02183	0.00316	0.00752
48	0.00788	0.00570	0.00713	0.00797	0.00855	0.00548	0.00536	0.00954	0.04164	0.01544	0.07177	0.52298	0.07408	0.15691	0.01150	0.00294	0.00389	0.03119	0.00522	0.00484
49	0.01272	0.01181	0.02019	0.13841	0.31889	0.01199	0.11268	0.03437	0.01398	0.01930	0.09172	0.02596	0.01771	0.00776	0.00645	0.00196	0.00679	0.11460	0.00374	0.02896
50	0.01276	0.25418	0.50676	0.01430	0.02160	0.01611	0.01748	0.01789	0.01240	0.01717	0.01252	0.01396	0.04702	0.00595	0.00516	0.00170	0.00773	0.00444	0.00267	0.00820
51	0.03039	0.00718	0.00922	0.00920	0.01088	0.00687	0.00715	0.03253	0.01326	0.15742	0.04465	0.21018	0.06106	0.14276	0.01100	0.00288	0.00480	0.22707	0.00550	0.00599
52	0.02415	0.01219	0.01487	0.01147	0.01594	0.01199	0.00945	0.28125	0.02082	0.46274	0.05749	0.01924	0.01511	0.00749	0.00599	0.00181	0.00545	0.00597	0.00677	0.00983
53	0.02099	0.01633	0.01638	0.01316	0.01734	0.09504	0.01065	0.48103	0.12582	0.08164	0.01576	0.01575	0.01145	0.00882	0.04024	0.00213	0.00700	0.00545	0.00560	0.00941
54	0.74958	0.01129	0.00922	0.00806	0.01182	0.01279	0.00664	0.01858	0.01078	0.10310	0.00981	0.01071	0.00726	0.00568	0.00390	0.00183	0.00462	0.00349	0.00404	0.00679
55	0.00864	0.00626	0.00842	0.00834	0.00891	0.00697	0.00589	0.00981	0.00910	0.01276	0.01683	0.02967	0.01751	0.36833	0.42697	0.00767	0.03273	0.00729	0.00333	0.00458
56	0.01196	0.04967	0.70542	0.01674	0.02513	0.01385	0.03939	0.01855	0.01254	0.01858	0.01109	0.01383	0.00818	0.00585	0.00567	0.00188	0.00863	0.02185	0.00258	0.00861
57	0.00807	0.08804	0.00909	0.00765	0.00902	0.00683	0.00560	0.00932	0.01204	0.01517	0.03868	0.44832	0.26983	0.03493	0.00753	0.00223	0.00365	0.01376	0.00513	0.00513
58	0.00779	0.00557	0.00753	0.00885	0.00947	0.00530	0.00646	0.00927	0.01201	0.01593	0.04993	0.59673	0.03830	0.01784	0.00768	0.00247	0.00390	0.18449	0.00550	0.00498
59	0.83394	0.01144	0.00869	0.00778	0.01144	0.01327	0.00640	0.01738	0.01006	0.02653	0.00823	0.00961	0.00640	0.00549	0.00366	0.00183	0.00457	0.00320	0.00366	0.00640
60	0.00931	0.00670	0.00923	0.01048	0.01175	0.00669	0.00890	0.01213	0.02951	0.01768	0.05135	0.15818	0.03494	0.01632	0.00801	0.00264	0.00509	0.59015	0.00549	0.00545
61	0.01294	0.01294	0.01811	0.01553	0.01553	0.01811	0.01294	0.01423	0.00906	0.01423	0.00776	0.01294	0.00776	0.01035	0.01941	0.00259	0.78134	0.00518	0.00259	0.00647
62	0.01117	0.01051	0.01774	0.77795	0.04073	0.01314	0.01642	0.01511	0.01182	0.01511	0.01051	0.01577	0.00788	0.00591	0.00591	0.00197	0.00788	0.00526	0.00263	0.00657
63	0.01647	0.01881	0.01759	0.01541	0.01659	0.30728	0.01236	0.01785	0.01203	0.01433	0.00829	0.01206	0.00771	0.00871	0.01398	0.00218	0.48433	0.00465	0.00276	0.00662
64	0.01040	0.00873	0.01233	0.22909	0.03612	0.00864	0.00976	0.01341	0.01350	0.01890	0.21209	0.05267	0.03847	0.00888	0.00612	0.00175	0.00508	0.08776	0.00436	0.22192
65	0.09881	0.02095	0.30683	0.01984	0.02647	0.01440	0.36988	0.01858	0.01287	0.01953	0.01096	0.01390	0.00811	0.00541	0.00643	0.00195	0.02861	0.00555	0.00286	0.00806
66	0.01292	0.01287	0.01795	0.01533	0.01548	0.01782	0.01277	0.01425	0.00915	0.01438	0.00784	0.01292	0.00779	0.01018	0.01898	0.00254	0.75917	0.00513	0.00261	0.02992
67	0.01135	0.01076	0.01778	0.69830	0.03810	0.01366	0.01606	0.01502	0.01154	0.01502	0.01022	0.01547	0.00787	0.00638	0.00732	0.00204	0.08869	0.00525	0.00262	0.00656
68	0.00987	0.00641	0.00841	0.00782	0.00949	0.00588	0.00600	0.01258	0.01653	0.08305	0.64157	0.04361	0.06803	0.01198	0.00695	0.00190	0.00311	0.04439	0.00650	0.00592
69	0.01540	0.71578	0.10732	0.01082	0.01627	0.02239	0.01134	0.01781	0.01207	0.01442	0.00847	0.00980	0.00758	0.00512	0.00399	0.00133	0.00658	0.00329	0.00253	0.00771
70	0.00856	0.00591	0.00733	0.00733	0.00764	0.00621	0.00468	0.00917	0.00886	0.01212	0.01783	0.03424	0.01956	0.57653	0.24309	0.00682	0.00865	0.00795	0.00346	0.00407
71	0.00915	0.00659	0.00920	0.01039	0.01164	0.00664	0.00882	0.01162	0.01297	0.01701	0.03048	0.12727	0.04920	0.01943	0.08755	0.00339	0.00629	0.56178	0.00521	0.00536
72	0.01283	0.21745	0.58312	0.01521	0.02305	0.01609	0.01898	0.01848	0.01237	0.01755	0.01003	0.01175	0.00752	0.00548	0.00517	0.00172	0.00815	0.00407	0.00251	0.00846
73	0.01027	0.00514	0.00770	0.00770	0.00770	0.00514	0.00514	0.00770	0.00770	0.01027	0.01027	0.01798	0.01027	0.02054	0.02311	0.82794	0.00514	0.00514	0.00257	0.00257
74	0.10308	0.01019	0.01325	0.01026	0.01475	0.00913	0.00848	0.02774	0.01628	0.68989	0.02190	0.01913	0.01386	0.00715	0.00573	0.00183	0.00499	0.00569	0.00697	0.00972
75	0.01226	0.01051	0.01226	0.00876	0.01401	0.00788	0.00701	0.01489	0.01226	0.01927	0.01051	0.01226	0.00876	0.00438	0.00438	0.00088	0.00438	0.00350	0.00350	0.82832
76	0.83394	0.01144	0.00869	0.00778	0.01144	0.01327	0.00640	0.01738	0.01006	0.02653	0.00823	0.00961	0.00640	0.00549	0.00366	0.00183	0.00457	0.00320	0.00366	0.00640
77	0.02619	0.01062	0.01407	0.01078	0.01537	0.00951	0.00891	0.08872	0.01785	0.69818	0.02256	0.01963	0.01425	0.00730	0.00594	0.00183	0.00516	0.00589	0.00720	0.01006
78	0.01117	0.01051	0.01774	0.77795	0.04073	0.01314	0.01642	0.01511	0.01182	0.01511	0.01051	0.01577	0.00788	0.00591	0.00591	0.00197	0.00788	0.00526	0.00263	0.00657
79	0.00846	0.00627	0.00919	0.00919	0.01013	0.00722	0.00699	0.01036	0.00941	0.01349	0.01613	0.02485	0.01549	0.12248	0.69156	0.00911	0.01478	0.00657	0.00321	0.00510
80	0.08904	0.00607	0.00581	0.00573	0.00732	0.00625	0.00435	0.01412	0.01218	0.02247	0.01824	0.02087	0.01433	0.00676	0.00409	0.00142	0.00293	0.00529	0.74713	0.00560
81	0.02516	0.01227	0.01509	0.01157	0.01620	0.01196	0.00956	0.26837	0.02061	0.51462	0.02024	0.01812	0.01309	0.00724	0.00594	0.00181	0.00553	0.00574	0.00684	0.01006
82	0.00732	0.00553	0.00676	0.00745	0.00844	0.00498	0.00521	0.00875	0.01277	0.01665	0.14864	0.46070	0.25235	0.01651	0.00730	0.00220	0.00321	0.01462	0.00564	0.00498
83	0.00823	0.00618	0.00764	0.00729	0.00883	0.00568	0.00546	0.01107	0.03468	0.02196	0.57558	0.06646	0.19353	0.01274	0.00697	0.00191	0.00290	0.01112	0.00627	0.00554
84	0.81315	0.01140	0.00882	0.00785	0.01153	0.01315	0.00646	0.01768	0.01024	0.04541	0.00862	0.00988	0.00662	0.00554	0.00372	0.00183	0.00459	0.00327	0.00375	0.00650
85	0.01581	0.79572	0.03099	0.01012	0.01518	0.02340	0.01012	0.01771	0.01202	0.01391	0.00822	0.00949	0.00759	0.00506	0.00379	0.00126	0.00632	0.00316	0.00253	0.00759
86	0.00860	0.00573	0.00645	0.00645	0.00645	0.00573	0.00358	0.00860	0.00860	0.01147	0.01863	0.03870	0.02150	0.79217	0.03010	0.00573	0.00573	0.00860	0.00358	0.00358
87	0.02209	0.02819	0.01676	0.01524	0.01828	0.76843	0.01143	0.02361	0.01676	0.01447	0.00914	0.01066	0.00762	0.00609	0.00533	0.00152	0.01066	0.00381	0.00305	0.00686
88	0.47349	0.12346	0.05226	0.03491	0.01656	0.09379	0.09486	0.01826	0.01167	0.02190	0.00895	0.01078	0.00710	0.00545	0.00441	0.00175	0.00640	0.00383	0.00327	0.00692
89	0.01037	0.00570	0.00875	0.08818	0.01115	0.00597	0.00632	0.00848	0.00813	0.01078	0.01030	0.01775	0.01002	0.01902	0.02132	0.74164	0.00542	0.00515	0.00257	0.00299
90	0.02137	0.01803	0.09546	0.01395	0.01910	0.01786	0.01235	0.66066	0.02620	0.03533	0.01382	0.01402	0.00979	0.00694	0.00588	0.00179	0.00674	0.00522	0.00556	0.00992
91	0.01349	0.01082	0.01293	0.00984	0.01423	0.00959	0.00791	0.01726	0.08209	0.07397	0.01373	0.01500	0.02907	0.00584	0.00629	0.00126	0.08560	0.00439	0.00398	0.58271
92	0.01434	0.01247	0.01383	0.09206	0.01803	0.01455	0.01010	0.02972	0.66803	0.02373	0.02265	0.02141	0.01699	0.00780	0.00601	0.00200	0.00501	0.00654	0.00566	0.00907
93	0.02744	0.05700	0.59273	0.03169	0.10135	0.01418	0.04034	0.01883	0.02868	0.01882	0.01086	0.01291	0.00795	0.00560	0.00559	0.00184	0.00832	0.00454	0.00266	0.00867
94	0.02096	0.04813	0.01730	0.01512	0.01791	0.66913	0.01155	0.02247	0.01582	0.01443	0.00897	0.01087	0.00763	0.00651	0.00676	0.00163	0.09106	0.00393	0.00298	0.00684
95	0.01545	0.00926	0.01008	0.00857	0.01107	0.00971	0.00668	0.23177	0.01695	0.08677	0.01794	0.02129	0.01423	0.08999	0.02700	0.00220	0.00472	0.00584	0.40345	0.00705
96	0.02653	0.01006	0.01372	0.01052	0.01510	0.00869	0.00869	0.02882	0.01693	0.75937	0.02333	0.02013	0.01464	0.00732	0.00595	0.00183	0.00503	0.00595	0.00732	0.01006
97	0.01140	0.01075	0.01816	0.72792	0.08893	0.01320	0.01654	0.01531	0.01194	0.01539	0.01055	0.01569	0.00798	0.00587	0.00591	0.00196	0.00783	0.00526	0.00265	0.00676
98	0.01196	0.05039	0.74263	0.01668	0.02533	0.01398	0.02155	0.01870	0.01247	0.01860	0.01055	0.01241	0.00749	0.00560	0.00557	0.00186	0.00868	0.00434	0.00250	0.00871
99	0.76929	0.01155	0.00943	0.00839	0.01176	0.01365	0.00692	0.01714	0.00998	0.02556	0.00820	0.00987	0.00651	0.00587	0.00490	0.00189	0.06574	0.00336	0.00358	0.00641
100	0.01150	0.01095	0.01475	0.01326	0.01364	0.03700	0.01073	0.01296	0.00966	0.01422	0.01259	0.10586	0.01306	0.01911	0.19234	0.00415	0.48836	0.00676	0.00308	0.00601
101	0.00813	0.00560	0.00688	0.00732	0.00755	0.00557	0.00458	0.00870	0.00972	0.01308	0.03705	0.28188	0.02732	0.45946	0.08694	0.00490	0.00581	0.01112	0.00422	0.00417
102	0.83394	0.01144	0.00869	0.00778	0.01144	0.01327	0.00640	0.01738	0.01006	0.02653	0.00823	0.00961	0.00640	0.00549	0.00366	0.00183	0.00457	0.00320	0.00366	0.00640
103	0.01249	0.01232	0.01774	0.14154	0.01951	0.01693	0.01331	0.01421	0.00958	0.01440	0.00890	0.03457	0.00864	0.00984	0.01685	0.00248	0.63207	0.00551	0.00267	0.00644
104	0.01581	0.79572	0.03099	0.01012	0.01518	0.02340	0.01012	0.01771	0.01202	0.01391	0.00822	0.00949	0.00759	0.00506	0.00379	0.00126	0.00632	0.00316	0.00253	0.00759
105	0.01581	0.79572	0.03099	0.01012	0.01518	0.02340	0.01012	0.01771	0.01202	0.01391	0.00822	0.00949	0.00759	0.00506	0.00379	0.00126	0.00632	0.00316	0.00253	0.00759
106	0.00856	0.00606	0.00808	0.00808	0.00868	0.00663	0.00566	0.00976	0.00916	0.01290	0.01713	0.03000	0.01774	0.37211	0.42941	0.00769	0.01115	0.00731	0.01934	0.00454
107	0.83394	0.01144	0.00869	0.00778	0.01144	0.01327	0.00640	0.01738	0.01006	0.02653	0.00823	0.00961	0.00640	0.00549	0.00366	0.00183	0.00457	0.00320	0.00366	0.00640
108	0.00845	0.00634	0.00950	0.00950	0.01056	0.00739	0.00739	0.01056	0.00950	0.01373	0.01584	0.02323	0.01478	0.04435	0.76873	0.00950	0.01584	0.00634	0.00317	0.00528
109	0.01008	0.00526	0.00789	0.00789	0.00800	0.00537	0.00537	0.00800	0.00789	0.01063	0.01085	0.01853	0.01074	0.02303	0.10101	0.74243	0.00625	0.00526	0.00263	0.00285
110	0.00927	0.00678	0.00801	0.00775	0.00792	0.00740	0.00492	0.01024	0.04317	0.01255	0.01844	0.07200	0.02077	0.63590	0.02675	0.00507	0.08661	0.00856	0.00369	0.00421
111	0.00734	0.00600	0.00647	0.00636	0.00820	0.00514	0.00477	0.00916	0.01430	0.01793	0.23470	0.05370	0.57687	0.01425	0.00699	0.00196	0.00294	0.01203	0.00575	0.00514
112	0.00743	0.00646	0.00722	0.08665	0.01141	0.00584	0.00574	0.00918	0.01331	0.01589	0.05475	0.05261	0.67504	0.01403	0.00688	0.00199	0.00351	0.01173	0.00519	0.00516
113	0.00760	0.00555	0.00708	0.00812	0.00877	0.00519	0.00554	0.02714	0.01210	0.01596	0.05166	0.67461	0.11332	0.01771	0.00743	0.00233	0.00345	0.01592	0.00552	0.00498
114	0.01249	0.13102	0.62639	0.01639	0.02450	0.01508	0.05803	0.01860	0.01250	0.01810	0.01037	0.01227	0.00758	0.00551	0.00545	0.00180	0.00849	0.00435	0.00253	0.00855
115	0.01581	0.79572	0.03099	0.01012	0.01518	0.02340	0.01012	0.01771	0.01202	0.01391	0.00822	0.00949	0.00759	0.00506	0.00379	0.00126	0.00632	0.00316	0.00253	0.00759
116	0.01386	0.01324	0.02139	0.03149	0.62747	0.03215	0.01610	0.01716	0.01389	0.01952	0.09051	0.01937	0.04493	0.00640	0.00601	0.00177	0.00651	0.00610	0.00341	0.00873
117	0.00724	0.00517	0.00689	0.00821	0.00859	0.00483	0.00549	0.00832	0.01149	0.01536	0.05469	0.76546	0.03963	0.01833	0.00753	0.00239	0.00341	0.01662	0.00552	0.00483
118	0.01134	0.01069	0.01805	0.74073	0.07660	0.01318	0.01651	0.01526	0.01191	0.01532	0.01054	0.01571	0.00796	0.00588	0.00591	0.00196	0.00784	0.00526	0.00264	0.00671
119	0.01266	0.15431	0.56300	0.01557	0.02318	0.03470	0.04651	0.01827	0.01262	0.01772	0.01227	0.01392	0.03840	0.00590	0.00542	0.00177	0.00820	0.00459	0.00266	0.00832
120	0.80870	0.01202	0.03181	0.00806	0.01187	0.01328	0.00688	0.01743	0.01014	0.02629	0.00831	0.00970	0.00644	0.00549	0.00372	0.00183	0.00470	0.00324	0.00362	0.00648
121	0.01276	0.02767	0.62787	0.01773	0.02591	0.01370	0.12195	0.01918	0.01288	0.04939	0.01133	0.01329	0.00800	0.00560	0.00582	0.00189	0.00876	0.00480	0.00277	0.00869
122	0.01265	0.05792	0.53824	0.02032	0.15618	0.01411	0.06075	0.01850	0.01272	0.01866	0.01068	0.01294	0.00795	0.00546	0.00563	0.00181	0.00829	0.00461	0.00263	0.02996
123	0.01302	0.01355	0.12216	0.01042	0.01617	0.00895	0.02660	0.01630	0.01259	0.05914	0.01125	0.01281	0.00890	0.00473	0.00471	0.00110	0.00518	0.00384	0.00355	0.64505
124	0.01561	0.75705	0.06792	0.01046	0.01570	0.02291	0.01071	0.01776	0.01204	0.01416	0.00834	0.00964	0.00758	0.00509	0.00389	0.00130	0.00645	0.00322	0.00253	0.00765

[dist]
# distance from previous block
# <min> <max>
0	1

[block]
# block no. 2 follows, 39 sequences, length 17
# corresponding to MSA columns:
# 248-264
name=unknown_C
#
# <colnr> <probs for GDERKNQSTAVLIFYWHMCP>
#	G	D	E	R	K	N	Q	S	T	A	V	L	I	F	Y	W	H	M	C	P
0	0.00953	0.00835	0.00890	0.00928	0.01022	0.09644	0.00666	0.01102	0.01166	0.01504	0.07906	0.35696	0.02808	0.07329	0.24196	0.00464	0.00819	0.01107	0.00445	0.00518
1	0.01062	0.00668	0.00948	0.00910	0.01040	0.00726	0.00689	0.01239	0.01023	0.10193	0.01721	0.02551	0.01592	0.16791	0.55172	0.00795	0.01283	0.00668	0.00373	0.00556
2	0.00933	0.00656	0.00727	0.00711	0.00751	0.00680	0.00427	0.01131	0.09604	0.01304	0.01928	0.03672	0.02109	0.69901	0.02724	0.00529	0.00561	0.00837	0.00387	0.00427
3	0.01396	0.01595	0.03490	0.02493	0.03091	0.01496	0.73380	0.01894	0.01396	0.01894	0.01196	0.01595	0.00897	0.00499	0.00698	0.00199	0.00997	0.00698	0.00299	0.00798
4	0.01289	0.02122	0.31967	0.02099	0.02781	0.01404	0.41447	0.01850	0.01336	0.01879	0.01247	0.01732	0.00974	0.00585	0.00651	0.00199	0.00924	0.04408	0.00293	0.00814
5	0.00845	0.00634	0.00950	0.00950	0.01056	0.00739	0.00739	0.01056	0.00950	0.01373	0.01584	0.02323	0.01478	0.04435	0.76873	0.00950	0.01584	0.00634	0.00317	0.00528
6	0.02209	0.02819	0.01676	0.01524	0.01828	0.76843	0.01143	0.02361	0.01676	0.01447	0.00914	0.01066	0.00762	0.00609	0.00533	0.00152	0.01066	0.00381	0.00305	0.00686
7	0.00845	0.00634	0.00950	0.00950	0.01056	0.00739	0.00739	0.01056	0.00950	0.01373	0.01584	0.02323	0.01478	0.04435	0.76873	0.00950	0.01584	0.00634	0.00317	0.00528
8	0.01165	0.10075	0.01162	0.00847	0.01080	0.00863	0.00683	0.01508	0.06082	0.10379	0.47221	0.03764	0.07522	0.01080	0.00648	0.00184	0.00371	0.04114	0.00600	0.00652
9	0.01692	0.67120	0.05871	0.01044	0.01559	0.02126	0.01043	0.01907	0.01262	0.10268	0.01011	0.01087	0.00842	0.00535	0.00412	0.00136	0.00627	0.00354	0.00310	0.00793
10	0.01561	0.75712	0.06784	0.01046	0.01570	0.02291	0.01071	0.01776	0.01204	0.01416	0.00834	0.00964	0.00758	0.00509	0.00389	0.00130	0.00645	0.00322	0.00253	0.00765
11	0.00894	0.00709	0.00965	0.00960	0.01069	0.03440	0.00740	0.01095	0.00973	0.01367	0.01570	0.02334	0.01477	0.06959	0.71531	0.00909	0.01530	0.00633	0.00318	0.00528
12	0.01581	0.79572	0.03099	0.01012	0.01518	0.02340	0.01012	0.01771	0.01202	0.01391	0.00822	0.00949	0.00759	0.00506	0.00379	0.00126	0.00632	0.00316	0.00253	0.00759
13	0.01473	0.01406	0.02397	0.06416	0.67653	0.01419	0.04475	0.04100	0.01388	0.01972	0.01123	0.01472	0.00932	0.00534	0.00590	0.00177	0.00715	0.00533	0.00301	0.00923
14	0.83394	0.01144	0.00869	0.00778	0.01144	0.01327	0.00640	0.01738	0.01006	0.02653	0.00823	0.00961	0.00640	0.00549	0.00366	0.00183	0.00457	0.00320	0.00366	0.00640
15	0.01581	0.79572	0.03099	0.01012	0.01518	0.02340	0.01012	0.01771	0.01202	0.01391	0.00822	0.00949	0.00759	0.00506	0.00379	0.00126	0.00632	0.00316	0.00253	0.00759
16	0.02032	0.02011	0.10545	0.01415	0.01888	0.16517	0.01234	0.43540	0.09989	0.02925	0.01382	0.01413	0.01012	0.00682	0.00578	0.00176	0.00740	0.00506	0.00496	0.00920

[dist]
# distance from previous block
# <min> <max>
0	1

[block]
# block no. 3 follows, 39 sequences, length 27
# corresponding to MSA columns:
# 266-292
name=unknown_D
#
# <colnr> <probs for GDERKNQSTAVLIFYWHMCP>
#	G	D	E	R	K	N	Q	S	T	A	V	L	I	F	Y	W	H	M	C	P
0	0.00818	0.00619	0.00748	0.00722	0.00878	0.00562	0.00538	0.02581	0.01561	0.02109	0.47918	0.10612	0.25494	0.01333	0.00700	0.00194	0.00298	0.01158	0.00612	0.00545
1	0.01769	0.26350	0.02026	0.01230	0.01634	0.16784	0.01029	0.13111	0.26122	0.02116	0.01462	0.01465	0.01148	0.00657	0.00516	0.00164	0.00666	0.00480	0.00431	0.00841
2	0.01287	0.00929	0.07742	0.00876	0.01180	0.00695	0.00765	0.01544	0.01512	0.20684	0.23589	0.05762	0.26198	0.01152	0.00665	0.00194	0.00408	0.03542	0.00596	0.00679
3	0.01281	0.16277	0.55122	0.01712	0.07264	0.01558	0.03457	0.01841	0.01242	0.01782	0.01019	0.01219	0.00767	0.00559	0.00566	0.00178	0.02619	0.00429	0.00254	0.00851
4	0.01352	0.09049	0.63447	0.01574	0.02380	0.01406	0.01970	0.01956	0.01285	0.08578	0.01158	0.01294	0.00815	0.00573	0.00550	0.00182	0.00821	0.00442	0.00294	0.00877
5	0.00728	0.00561	0.00667	0.00735	0.00848	0.00500	0.00523	0.00868	0.01267	0.01616	0.09484	0.41122	0.33259	0.01654	0.00730	0.00221	0.00328	0.03839	0.00556	0.00496
6	0.00816	0.00573	0.00675	0.00717	0.00763	0.00552	0.00464	0.00882	0.01028	0.01341	0.02827	0.20998	0.12290	0.45087	0.02015	0.00424	0.00484	0.07204	0.00442	0.00420
7	0.01399	0.01658	0.13560	0.14555	0.34184	0.02981	0.10797	0.05106	0.01356	0.01892	0.01093	0.01444	0.00869	0.00583	0.00687	0.00189	0.05978	0.00531	0.00294	0.00844
8	0.01291	0.01229	0.02089	0.40461	0.40043	0.01360	0.01729	0.01664	0.01265	0.01723	0.01082	0.01520	0.00863	0.00559	0.00588	0.00186	0.00745	0.00526	0.00278	0.00798
9	0.01687	0.00814	0.01066	0.00957	0.01258	0.00726	0.00796	0.01910	0.01513	0.36332	0.03427	0.04269	0.19303	0.01181	0.00686	0.00214	0.00468	0.22012	0.00633	0.00749
10	0.01964	0.24748	0.02147	0.01559	0.08110	0.48917	0.01163	0.02145	0.01511	0.01473	0.00905	0.01067	0.00776	0.00573	0.00494	0.00147	0.00910	0.00375	0.00289	0.00728
11	0.01455	0.51311	0.23339	0.01333	0.01949	0.01996	0.07925	0.01810	0.01232	0.01570	0.00922	0.01090	0.00769	0.00521	0.00459	0.00150	0.00732	0.00384	0.00256	0.00794
12	0.01201	0.05961	0.73381	0.01660	0.02520	0.01410	0.02140	0.01869	0.01247	0.01855	0.01052	0.01237	0.00750	0.00560	0.00555	0.00185	0.00865	0.00432	0.00250	0.00870
13	0.00845	0.00634	0.00950	0.00950	0.01056	0.00739	0.00739	0.01056	0.00950	0.01373	0.01584	0.02323	0.01478	0.04435	0.76873	0.00950	0.01584	0.00634	0.00317	0.00528
14	0.01027	0.00514	0.00770	0.00770	0.00770	0.00514	0.00514	0.00770	0.00770	0.01027	0.01027	0.01798	0.01027	0.02054	0.02311	0.82794	0.00514	0.00514	0.00257	0.00257
15	0.01229	0.09980	0.67254	0.01649	0.02481	0.01465	0.04280	0.01864	0.01249	0.01830	0.01044	0.01232	0.00755	0.00555	0.00549	0.00182	0.00856	0.00434	0.00252	0.00861
16	0.01226	0.01051	0.01226	0.00876	0.01401	0.00788	0.00701	0.01489	0.01226	0.01927	0.01051	0.01226	0.00876	0.00438	0.00438	0.00088	0.00438	0.00350	0.00350	0.82832
17	0.78391	0.01260	0.05451	0.00833	0.01230	0.01329	0.00734	0.01747	0.01021	0.02606	0.00838	0.00978	0.00647	0.00550	0.00378	0.00183	0.00483	0.00327	0.00359	0.00655
18	0.01186	0.03059	0.76153	0.01686	0.02560	0.01373	0.02185	0.01873	0.01249	0.01873	0.01061	0.01249	0.00749	0.00562	0.00562	0.00187	0.00874	0.00437	0.00250	0.00874
19	0.01346	0.52688	0.02383	0.01076	0.05832	0.01775	0.00918	0.01552	0.01297	0.01589	0.11896	0.02132	0.11977	0.00745	0.00481	0.00148	0.00541	0.00565	0.00353	0.00705
20	0.01161	0.01301	0.11282	0.45094	0.10355	0.01261	0.01539	0.01569	0.04278	0.01585	0.01154	0.01693	0.00939	0.05482	0.00890	0.05336	0.03577	0.00540	0.00284	0.00681
21	0.01182	0.00852	0.00992	0.00880	0.01038	0.00897	0.00627	0.16806	0.01321	0.01806	0.01657	0.02844	0.01679	0.41378	0.17954	0.00537	0.00796	0.00709	0.00400	0.05645
22	0.00973	0.00830	0.01198	0.18045	0.01807	0.00883	0.04609	0.02828	0.04184	0.01777	0.11898	0.13004	0.19399	0.01211	0.00743	0.00215	0.03608	0.11717	0.00476	0.00595
23	0.01609	0.01595	0.02282	0.05938	0.53802	0.10584	0.04991	0.08405	0.01513	0.02019	0.01118	0.01422	0.00914	0.00555	0.00585	0.00175	0.00759	0.00518	0.00321	0.00895
24	0.09570	0.01919	0.01669	0.01426	0.04267	0.23211	0.01102	0.41638	0.04877	0.02870	0.01247	0.01307	0.00930	0.00664	0.00555	0.00172	0.00747	0.00475	0.00479	0.00876
25	0.01167	0.01128	0.01903	0.58645	0.03565	0.01367	0.07760	0.01532	0.01169	0.01551	0.01030	0.01529	0.00800	0.00631	0.00758	0.00200	0.10226	0.00532	0.00269	0.04238
26	0.00878	0.00644	0.00896	0.01056	0.07640	0.00654	0.00656	0.00984	0.01022	0.01396	0.02189	0.27149	0.02457	0.26295	0.17030	0.04006	0.00715	0.03441	0.00406	0.00486

[dist]
# distance from previous block
# <min> <max>
0	1

[block]
# block no. 4 follows, 39 sequences, length 15
# corresponding to MSA columns:
# 294-308
name=unknown_E
#
# <colnr> <probs for GDERKNQSTAVLIFYWHMCP>
#	G	D	E	R	K	N	Q	S	T	A	V	L	I	F	Y	W	H	M	C	P
0	0.01294	0.21120	0.55021	0.01626	0.06078	0.01604	0.01888	0.01846	0.01242	0.01762	0.01007	0.01189	0.00761	0.00547	0.00520	0.00172	0.00808	0.00413	0.00253	0.00850
1	0.04551	0.00630	0.00782	0.00811	0.00931	0.00610	0.00596	0.01115	0.04240	0.01981	0.33814	0.29654	0.07245	0.03489	0.00769	0.00223	0.00347	0.07090	0.00581	0.00541
2	0.01759	0.00933	0.01186	0.00918	0.01331	0.00771	0.00738	0.02005	0.01515	0.34338	0.15085	0.02325	0.05042	0.00748	0.00564	0.00152	0.00432	0.00623	0.00579	0.28956
3	0.02165	0.01164	0.01857	0.01392	0.01857	0.01069	0.18060	0.08237	0.01709	0.46138	0.08302	0.02074	0.01649	0.00716	0.00628	0.00187	0.00613	0.00655	0.00611	0.00918
4	0.01398	0.01797	0.19892	0.03169	0.58222	0.01398	0.01903	0.01829	0.01323	0.01918	0.01100	0.01413	0.00892	0.00535	0.00580	0.00178	0.00743	0.00506	0.00283	0.00922
5	0.00721	0.00515	0.00686	0.00823	0.00858	0.00480	0.00549	0.00823	0.01132	0.01510	0.03259	0.78831	0.03911	0.01853	0.00755	0.00240	0.00343	0.01681	0.00549	0.00480
6	0.00849	0.00617	0.00868	0.00868	0.00945	0.00695	0.00637	0.01003	0.00926	0.01312	0.01659	0.02740	0.01659	0.24586	0.56970	0.00849	0.01312	0.00695	0.00328	0.00482
7	0.01254	0.02635	0.58409	0.01571	0.02317	0.01397	0.01889	0.02174	0.18612	0.02015	0.01380	0.01476	0.01000	0.00619	0.00571	0.00190	0.00778	0.00492	0.00333	0.00889
8	0.01370	0.01743	0.14989	0.04514	0.02666	0.01463	0.42032	0.02174	0.18692	0.02016	0.01456	0.01682	0.01084	0.00584	0.00649	0.00198	0.00844	0.00642	0.00361	0.00839
9	0.00800	0.00608	0.00734	0.00799	0.00943	0.00555	0.00629	0.00961	0.01290	0.01610	0.04405	0.16888	0.37627	0.01624	0.00828	0.04491	0.00396	0.23779	0.00533	0.00498
10	0.00860	0.00573	0.00645	0.00645	0.00645	0.00573	0.00358	0.00860	0.00860	0.01147	0.01863	0.03870	0.02150	0.79217	0.03010	0.00573	0.00573	0.00860	0.00358	0.00358
11	0.83394	0.01144	0.00869	0.00778	0.01144	0.01327	0.00640	0.01738	0.01006	0.02653	0.00823	0.00961	0.00640	0.00549	0.00366	0.00183	0.00457	0.00320	0.00366	0.00640
12	0.01283	0.01135	0.01505	0.01529	0.18982	0.00935	0.00965	0.01566	0.01255	0.01928	0.01066	0.01283	0.00890	0.00459	0.00473	0.00108	0.00501	0.00392	0.00337	0.63409
13	0.02060	0.21022	0.02013	0.01402	0.01755	0.59173	0.01112	0.02221	0.01563	0.01434	0.00892	0.01039	0.00761	0.00585	0.00497	0.00146	0.00964	0.00366	0.00292	0.00703
14	0.55753	0.01045	0.00915	0.00846	0.01144	0.01176	0.00667	0.08631	0.01212	0.02488	0.01460	0.19474	0.01452	0.00874	0.00481	0.00196	0.00449	0.00664	0.00432	0.00639

[dist]
# distance from previous block
# <min> <max>
0	40

[block]
# block no. 5 follows, 39 sequences, length 7
# corresponding to MSA columns:
# 361-367
name=unknown_F
#
# <colnr> <probs for GDERKNQSTAVLIFYWHMCP>
#	G	D	E	R	K	N	Q	S	T	A	V	L	I	F	Y	W	H	M	C	P
0	0.01310	0.01101	0.01271	0.00916	0.01437	0.00874	0.00735	0.07378	0.01353	0.02074	0.01081	0.01242	0.00887	0.00460	0.00451	0.00095	0.00455	0.00365	0.00370	0.76146
1	0.01369	0.01783	0.12815	0.02389	0.03023	0.01480	0.64243	0.01892	0.01377	0.01892	0.01179	0.01551	0.00878	0.00507	0.00680	0.00198	0.00981	0.00664	0.00293	0.00807
2	0.01575	0.01322	0.01396	0.01225	0.01578	0.01520	0.00961	0.12599	0.64833	0.02642	0.02274	0.02101	0.01698	0.00790	0.00600	0.00197	0.00493	0.00650	0.00600	0.00945
3	0.00997	0.05989	0.29979	0.01265	0.04165	0.00985	0.01281	0.01363	0.01240	0.01697	0.02525	0.24875	0.11183	0.01166	0.00653	0.00210	0.00593	0.08753	0.00408	0.00673
4	0.01203	0.02939	0.70173	0.01752	0.02603	0.01383	0.08044	0.01875	0.01261	0.01875	0.01072	0.01277	0.00761	0.00557	0.00573	0.00188	0.00884	0.00458	0.00254	0.00868
5	0.01246	0.14710	0.65029	0.01583	0.02401	0.01521	0.02006	0.01857	0.01241	0.01800	0.01025	0.01203	0.00751	0.00553	0.00534	0.00178	0.00837	0.00419	0.00250	0.00856
6	0.00742	0.00536	0.00696	0.00816	0.00869	0.00500	0.00560	0.00855	0.01152	0.01518	0.03401	0.64463	0.09442	0.05477	0.00862	0.00255	0.00365	0.06473	0.00540	0.00481

[dist]
# distance from previous block
# <min> <max>
0	6

[block]
# block no. 6 follows, 39 sequences, length 17
# corresponding to MSA columns:
# 400-416
name=unknown_G
#
# <colnr> <probs for GDERKNQSTAVLIFYWHMCP>
#	G	D	E	R	K	N	Q	S	T	A	V	L	I	F	Y	W	H	M	C	P
0	0.00926	0.00791	0.01043	0.01299	0.15114	0.00744	0.00822	0.01202	0.04466	0.01753	0.07018	0.08278	0.39989	0.01311	0.00695	0.00209	0.00425	0.12797	0.00506	0.00610
1	0.01443	0.00982	0.01196	0.00911	0.01366	0.00772	0.00726	0.01684	0.01310	0.15953	0.01560	0.08751	0.01343	0.00660	0.00508	0.00125	0.00445	0.02578	0.00447	0.57239
2	0.01785	0.64637	0.02771	0.01020	0.01516	0.02060	0.00985	0.01982	0.01295	0.15563	0.01109	0.01151	0.00893	0.00549	0.00420	0.00137	0.00608	0.00369	0.00344	0.00806
3	0.02107	0.00936	0.01241	0.00969	0.01375	0.00799	0.00786	0.02350	0.01623	0.51509	0.16007	0.02359	0.02163	0.00781	0.00592	0.00170	0.00451	0.00650	0.00663	0.12467
4	0.01318	0.02445	0.50682	0.01888	0.09279	0.01316	0.11582	0.01893	0.01317	0.06848	0.03292	0.03181	0.01040	0.00608	0.00593	0.00189	0.00821	0.00536	0.00311	0.00861
5	0.01619	0.01344	0.01420	0.01233	0.01594	0.01540	0.00972	0.16528	0.60833	0.02712	0.02219	0.02057	0.01653	0.00785	0.00600	0.00196	0.00503	0.00643	0.00600	0.00949
6	0.01161	0.01104	0.01767	0.60932	0.03515	0.01413	0.01554	0.01545	0.03397	0.01524	0.01041	0.01542	0.00818	0.00682	0.00848	0.00209	0.15482	0.00528	0.00273	0.00664
7	0.00884	0.00671	0.00988	0.01002	0.01109	0.00774	0.00803	0.01104	0.01027	0.01450	0.01844	0.03106	0.01814	0.03758	0.59224	0.00792	0.04646	0.14110	0.00358	0.00536
8	0.01499	0.02000	0.19729	0.05695	0.44205	0.12961	0.01793	0.01901	0.01368	0.01828	0.01068	0.01356	0.00860	0.00550	0.00572	0.00176	0.00802	0.00483	0.00283	0.00873
9	0.01732	0.02079	0.34198	0.01601	0.03455	0.03762	0.11392	0.04264	0.05535	0.23793	0.01536	0.01577	0.01050	0.00622	0.00593	0.00187	0.00756	0.00534	0.00430	0.00905
10	0.01000	0.00544	0.00798	0.00796	0.00806	0.00563	0.00541	0.00815	0.00803	0.01084	0.01176	0.03938	0.01201	0.06857	0.08477	0.67182	0.02271	0.00574	0.00275	0.00299
11	0.01421	0.01178	0.01941	0.06698	0.50360	0.01172	0.01473	0.01715	0.01331	0.09088	0.01637	0.16231	0.01546	0.00802	0.00619	0.00190	0.00619	0.00753	0.00383	0.00842
12	0.01815	0.02120	0.41299	0.01511	0.05536	0.01163	0.01615	0.02294	0.01440	0.32975	0.01598	0.01580	0.01058	0.00632	0.00577	0.00185	0.00710	0.00507	0.00454	0.00933
13	0.01486	0.01816	0.20926	0.01837	0.09049	0.01415	0.17996	0.19797	0.05052	0.02364	0.04351	0.08309	0.01378	0.00730	0.00627	0.00192	0.00742	0.00673	0.00409	0.00852
14	0.01547	0.01768	0.04968	0.01723	0.01956	0.18181	0.15016	0.04567	0.01255	0.01626	0.00923	0.01305	0.00804	0.00809	0.01289	0.00218	0.40531	0.00519	0.00289	0.00707
15	0.09781	0.01285	0.02007	0.02739	0.50694	0.01270	0.01476	0.02060	0.01395	0.19538	0.01373	0.01544	0.01033	0.00578	0.00566	0.00178	0.00631	0.00523	0.00404	0.00924
16	0.01535	0.32077	0.16246	0.01236	0.03331	0.13322	0.01183	0.01848	0.02869	0.04456	0.01291	0.01472	0.04445	0.03679	0.00580	0.00164	0.00701	0.00442	0.00315	0.08808

[dist]
# distance from previous block
# <min> <max>
0	7

[block]
# block no. 7 follows, 39 sequences, length 8
# corresponding to MSA columns:
# 424-431
name=unknown_H
#
# <colnr> <probs for GDERKNQSTAVLIFYWHMCP>
#	G	D	E	R	K	N	Q	S	T	A	V	L	I	F	Y	W	H	M	C	P
0	0.01398	0.01138	0.01297	0.00954	0.01441	0.00972	0.00761	0.14967	0.01497	0.02221	0.01165	0.01410	0.00971	0.04869	0.00610	0.00131	0.00485	0.00413	0.00396	0.62903
1	0.01522	0.01249	0.01448	0.18690	0.02074	0.04957	0.01024	0.21723	0.01676	0.02345	0.01252	0.01469	0.00962	0.00588	0.00518	0.00147	0.00590	0.00467	0.10132	0.27166
2	0.00968	0.00705	0.00874	0.00859	0.01000	0.00775	0.00646	0.01387	0.12459	0.01684	0.02244	0.05829	0.08059	0.10193	0.35589	0.00570	0.00936	0.00743	0.13905	0.00574
3	0.01661	0.48858	0.11324	0.01084	0.01584	0.01788	0.01086	0.01910	0.01293	0.15438	0.01344	0.07895	0.01162	0.00671	0.00474	0.00154	0.00612	0.00501	0.00368	0.00795
4	0.01094	0.00666	0.00845	0.00765	0.00965	0.00595	0.00586	0.01341	0.01616	0.13664	0.50933	0.04282	0.17981	0.01189	0.00682	0.00188	0.00318	0.01029	0.00645	0.00617
5	0.00788	0.00818	0.07179	0.00791	0.01025	0.00604	0.00689	0.01006	0.01341	0.01676	0.08015	0.10532	0.49578	0.01450	0.00709	0.00212	0.00389	0.12130	0.00527	0.00540
6	0.01515	0.73641	0.02911	0.00981	0.01464	0.02202	0.00970	0.01702	0.01213	0.01407	0.01210	0.01305	0.06357	0.00580	0.00403	0.00132	0.00607	0.00386	0.00275	0.00739
7	0.01893	0.22698	0.02179	0.01476	0.06046	0.18430	0.03248	0.24558	0.04708	0.02231	0.01118	0.01246	0.00895	0.00643	0.00620	0.00165	0.06176	0.00450	0.00389	0.00831

[dist]
# distance from previous block
# <min> <max>
0	2

[block]
# block no. 8 follows, 39 sequences, length 76
# corresponding to MSA columns:
# 434-509
name=unknown_I
#
# <colnr> <probs for GDERKNQSTAVLIFYWHMCP>
#	G	D	E	R	K	N	Q	S	T	A	V	L	I	F	Y	W	H	M	C	P
0	0.81022	0.01199	0.03041	0.00804	0.01185	0.01328	0.00685	0.01742	0.01013	0.02631	0.00830	0.00969	0.00644	0.00549	0.00372	0.00183	0.00469	0.00324	0.00363	0.00647
