[name]
unknown

[dist]
# distance from previous block
# <min> <max>
0	20

[block]
# block no. 0 follows, 39 sequences, length 14
# corresponding to MSA columns:
# 24-37
name=unknown_A
#
# <colnr> <probs for GDERKNQSTAVLIFYWHMCP>
#	G	D	E	R	K	N	Q	S	T	A	V	L	I	F	Y	W	H	M	C	P
0	0.03861	0.01525	0.17180	0.11326	0.13434	0.01154	0.06053	0.01982	0.03555	0.18491	0.01536	0.05164	0.01191	0.00669	0.00583	0.00181	0.00663	0.01988	0.00413	0.09051
1	0.00766	0.00584	0.00708	0.00741	0.00873	0.00525	0.00547	0.00951	0.01389	0.01821	0.26069	0.25536	0.29074	0.01518	0.00723	0.00212	0.00324	0.06546	0.00580	0.00515
2	0.01222	0.07652	0.37245	0.26545	0.06516	0.01434	0.07777	0.01747	0.01241	0.01726	0.01055	0.01373	0.00784	0.00561	0.00571	0.00187	0.00831	0.00483	0.00260	0.00792
3	0.08493	0.05178	0.18145	0.04979	0.08157	0.15947	0.01316	0.10466	0.07008	0.03608	0.01425	0.10047	0.01241	0.00751	0.00564	0.00183	0.00723	0.00595	0.00386	0.00787
4	0.00721	0.00515	0.00686	0.00823	0.00858	0.00480	0.00549	0.00823	0.01132	0.01510	0.03259	0.78831	0.03911	0.01853	0.00755	0.00240	0.00343	0.01681	0.00549	0.00480
5	0.01133	0.00613	0.00858	0.00822	0.00863	0.00628	0.00567	0.07082	0.00945	0.01261	0.01061	0.01765	0.01025	0.01938	0.02162	0.75630	0.00526	0.00515	0.00286	0.00322
6	0.07165	0.05306	0.14944	0.21757	0.03960	0.03319	0.07538	0.08165	0.01438	0.11632	0.05015	0.01609	0.01133	0.00649	0.00628	0.00188	0.03850	0.00534	0.00382	0.00788
7	0.01210	0.07726	0.71696	0.01644	0.02496	0.01432	0.02113	0.01867	0.01246	0.01843	0.01047	0.01230	0.00750	0.00558	0.00551	0.00184	0.00859	0.00430	0.00250	0.00867
8	0.01362	0.00835	0.01038	0.00909	0.01153	0.00811	0.00714	0.10933	0.04183	0.15606	0.41610	0.06680	0.06343	0.01100	0.00670	0.00191	0.00389	0.04127	0.00644	0.00703
9	0.01117	0.01051	0.01774	0.77795	0.04073	0.01314	0.01642	0.01511	0.01182	0.01511	0.01051	0.01577	0.00788	0.00591	0.00591	0.00197	0.00788	0.00526	0.00263	0.00657
10	0.01288	0.22840	0.57266	0.01511	0.02290	0.01623	0.01882	0.01846	0.01236	0.01748	0.00999	0.01171	0.00752	0.00547	0.00515	0.00172	0.00812	0.00406	0.00251	0.00844
11	0.00731	0.00522	0.00695	0.00817	0.00860	0.00487	0.00550	0.00849	0.01179	0.01584	0.09491	0.72386	0.04056	0.01797	0.00750	0.00235	0.00338	0.01628	0.00558	0.00487
12	0.05592	0.01503	0.01505	0.01251	0.01619	0.08065	0.01004	0.45051	0.08299	0.02986	0.01759	0.11801	0.01536	0.00898	0.00610	0.00190	0.00617	0.04300	0.00549	0.00863
13	0.11532	0.00627	0.00764	0.04743	0.01050	0.00637	0.00609	0.00979	0.01107	0.01644	0.02771	0.61598	0.03252	0.04844	0.00790	0.00244	0.00390	0.01410	0.00503	0.00505

[dist]
# distance from previous block
# <min> <max>
2	14

[block]
# block no. 1 follows, 39 sequences, length 30
# corresponding to MSA columns:
# 52-81
name=unknown_B
#
# <colnr> <probs for GDERKNQSTAVLIFYWHMCP>
#	G	D	E	R	K	N	Q	S	T	A	V	L	I	F	Y	W	H	M	C	P
0	0.04886	0.06685	0.11049	0.08958	0.07914	0.01415	0.15243	0.05781	0.08823	0.13924	0.01534	0.01679	0.02949	0.00660	0.00678	0.00191	0.05816	0.00570	0.00408	0.00836
1	0.00772	0.00599	0.00705	0.00697	0.00856	0.00531	0.00523	0.00983	0.01483	0.01952	0.37398	0.09990	0.36137	0.01394	0.00706	0.00199	0.00302	0.03650	0.00596	0.00526
2	0.01369	0.27417	0.30980	0.03790	0.01976	0.03207	0.01447	0.01768	0.01248	0.03601	0.03730	0.01294	0.00967	0.00582	0.00562	0.00158	0.04516	0.00420	0.00292	0.10676
3	0.01152	0.01090	0.01784	0.61255	0.03536	0.01380	0.03115	0.01501	0.01142	0.01524	0.01032	0.01547	0.00809	0.00666	0.00815	0.00206	0.13731	0.00529	0.02531	0.00655
4	0.00965	0.00619	0.00815	0.00857	0.00950	0.00598	0.00607	0.01095	0.01224	0.09385	0.08842	0.53787	0.07695	0.04745	0.00880	0.00242	0.04191	0.01403	0.00554	0.00546
5	0.01604	0.32622	0.21622	0.01355	0.01890	0.04912	0.04081	0.08000	0.01380	0.07350	0.01062	0.01213	0.00838	0.00616	0.00648	0.00169	0.09077	0.00426	0.00322	0.00815
6	0.06299	0.01341	0.01426	0.01176	0.01546	0.03154	0.00948	0.39112	0.11624	0.09078	0.01845	0.09040	0.01511	0.00851	0.00592	0.00187	0.00558	0.03130	0.05705	0.00876
7	0.01362	0.01069	0.01331	0.00957	0.01479	0.00824	0.03649	0.01631	0.01275	0.08613	0.01173	0.01312	0.00930	0.00467	0.00463	0.00101	0.00466	0.00386	0.00383	0.72127
8	0.01205	0.01026	0.01202	0.00869	0.01373	0.00776	0.00693	0.01468	0.01251	0.01952	0.05165	0.01403	0.01137	0.00481	0.00452	0.00093	0.00429	0.00390	0.00367	0.78269
9	0.01789	0.04334	0.01555	0.01255	0.01642	0.04805	0.01005	0.25190	0.43752	0.05180	0.01972	0.01858	0.01460	0.00752	0.00587	0.00188	0.00558	0.00598	0.00577	0.00943
10	0.01226	0.01051	0.01226	0.00876	0.01401	0.00788	0.00701	0.01489	0.01226	0.01927	0.01051	0.01226	0.00876	0.00438	0.00438	0.00088	0.00438	0.00350	0.00350	0.82832
11	0.00740	0.00534	0.00701	0.00799	0.00860	0.00495	0.00546	0.00876	0.01237	0.01666	0.16094	0.62450	0.07361	0.01723	0.00742	0.00229	0.00330	0.01554	0.00567	0.00495
12	0.01483	0.01544	0.10882	0.14603	0.08487	0.01355	0.34164	0.01919	0.01356	0.11359	0.01297	0.01599	0.00948	0.00579	0.00686	0.00195	0.03903	0.00603	0.02229	0.00809
13	0.00860	0.00573	0.00645	0.00645	0.00645	0.00573	0.00358	0.00860	0.00860	0.01147	0.01863	0.03870	0.02150	0.79217	0.03010	0.00573	0.00573	0.00860	0.00358	0.00358
14	0.00748	0.00559	0.00802	0.00892	0.00950	0.00522	0.03545	0.00867	0.01143	0.01525	0.03175	0.75653	0.03787	0.01797	0.00752	0.00238	0.00370	0.01641	0.00539	0.00493
15	0.01129	0.01064	0.01796	0.75104	0.06666	0.01317	0.01649	0.01522	0.01188	0.01526	0.01053	0.01573	0.00794	0.00589	0.00591	0.00196	0.00785	0.00526	0.00264	0.00667
16	0.01643	0.58447	0.07410	0.01164	0.01635	0.14223	0.01121	0.01855	0.01266	0.01432	0.00850	0.01004	0.00760	0.00553	0.00495	0.00141	0.04648	0.00344	0.00261	0.00749
17	0.00931	0.00727	0.00979	0.00933	0.00977	0.00862	0.00683	0.01041	0.00906	0.01290	0.01554	0.02771	0.01627	0.34320	0.33416	0.00674	0.14801	0.00705	0.00323	0.00480
18	0.00819	0.00599	0.00769	0.00736	0.00875	0.00549	0.00548	0.01078	0.01619	0.02262	0.65685	0.08300	0.11417	0.01266	0.00701	0.00190	0.00284	0.01116	0.00637	0.00549
19	0.02034	0.01520	0.01618	0.01301	0.01717	0.03574	0.01070	0.54827	0.09873	0.04960	0.01696	0.02005	0.01323	0.00802	0.00608	0.00187	0.00622	0.07099	0.02224	0.00939
20	0.01429	0.01208	0.01971	0.01427	0.01953	0.01021	0.24666	0.01760	0.01332	0.10376	0.01318	0.03969	0.01049	0.00538	0.00552	0.00140	0.00627	0.00536	0.00384	0.43745
21	0.17175	0.02375	0.01539	0.01367	0.01703	0.54236	0.01048	0.10495	0.01680	0.01934	0.00956	0.01088	0.00768	0.00610	0.00509	0.00161	0.00906	0.00387	0.00349	0.00714
22	0.01352	0.01281	0.02172	0.22049	0.54004	0.01347	0.01729	0.01710	0.01306	0.01819	0.01196	0.01748	0.01021	0.00597	0.00598	0.00186	0.00716	0.04022	0.00298	0.00847
23	0.01226	0.01051	0.01226	0.00876	0.01401	0.00788	0.00701	0.01489	0.01226	0.01927	0.01051	0.01226	0.00876	0.00438	0.00438	0.00088	0.00438	0.00350	0.00350	0.82832
24	0.01028	0.00548	0.00578	0.00598	0.00710	0.00543	0.00429	0.01257	0.01195	0.02022	0.02118	0.13529	0.01915	0.06891	0.00663	0.00186	0.00308	0.00740	0.64216	0.00526
25	0.00727	0.00574	0.00655	0.00690	0.00830	0.00502	0.00496	0.00882	0.01332	0.01689	0.15712	0.27908	0.42785	0.01562	0.00716	0.00210	0.00310	0.01354	0.00565	0.00502
26	0.00733	0.00596	0.00649	0.00645	0.00822	0.00512	0.00480	0.00911	0.01415	0.01777	0.22325	0.09098	0.55080	0.01447	0.00701	0.00198	0.00297	0.01228	0.00573	0.00512
27	0.02152	0.01613	0.01754	0.01418	0.04131	0.01787	0.01128	0.64793	0.09352	0.03555	0.01501	0.01494	0.01077	0.00713	0.00592	0.00180	0.00636	0.00545	0.00583	0.00997
28	0.11411	0.02072	0.01557	0.05240	0.04770	0.42741	0.01075	0.05976	0.01599	0.12523	0.01157	0.01259	0.00876	0.00613	0.00526	0.00162	0.00834	0.00424	0.00388	0.04795
29	0.06994	0.01130	0.01406	0.01089	0.01534	0.01076	0.00897	0.16802	0.01870	0.55208	0.04367	0.01913	0.01457	0.00732	0.00585	0.00182	0.00523	0.00582	0.00681	0.00972

[dist]
# distance from previous block
# <min> <max>
0	3

[block]
# block no. 2 follows, 39 sequences, length 7
# corresponding to MSA columns:
# 85-91
name=unknown_C
#
# <colnr> <probs for GDERKNQSTAVLIFYWHMCP>
#	G	D	E	R	K	N	Q	S	T	A	V	L	I	F	Y	W	H	M	C	P
0	0.01067	0.00925	0.01015	0.00944	0.01168	0.01006	0.00729	0.01824	0.30421	0.01960	0.06994	0.07617	0.32575	0.01185	0.00775	0.00207	0.07385	0.00966	0.00548	0.00688
1	0.01522	0.01446	0.05519	0.14288	0.02131	0.09546	0.07959	0.12084	0.07466	0.06913	0.03377	0.11516	0.01472	0.00848	0.00760	0.00198	0.09060	0.00695	0.00424	0.02775
2	0.06522	0.01323	0.01968	0.01624	0.01725	0.01740	0.10535	0.01504	0.00975	0.01562	0.00833	0.01311	0.00783	0.00935	0.01681	0.00246	0.63267	0.00528	0.00271	0.00666
3	0.01027	0.00514	0.00770	0.00770	0.00770	0.00514	0.00514	0.00770	0.00770	0.01027	0.01027	0.01798	0.01027	0.02054	0.02311	0.82794	0.00514	0.00514	0.00257	0.00257
4	0.01322	0.01108	0.01278	0.00922	0.01442	0.00887	0.00741	0.08274	0.01373	0.02096	0.01086	0.01245	0.00888	0.00464	0.00452	0.00096	0.00458	0.00368	0.00373	0.75128
5	0.02614	0.01069	0.01411	0.01082	0.01541	0.00963	0.00894	0.09719	0.01798	0.68952	0.02245	0.01955	0.01420	0.00730	0.00594	0.00182	0.00517	0.00589	0.00718	0.01006
6	0.01014	0.00690	0.00832	0.00851	0.00990	0.00676	0.00605	0.01366	0.12188	0.08115	0.05899	0.41518	0.12771	0.08503	0.00912	0.00252	0.00388	0.01282	0.00559	0.00589

[dist]
# distance from previous block
# <min> <max>
5	10

[block]
# block no. 3 follows, 39 sequences, length 9
# corresponding to MSA columns:
# 104-112
name=unknown_D
#
# <colnr> <probs for GDERKNQSTAVLIFYWHMCP>
#	G	D	E	R	K	N	Q	S	T	A	V	L	I	F	Y	W	H	M	C	P
0	0.02051	0.13986	0.01834	0.01202	0.01655	0.01620	0.01015	0.34946	0.08129	0.17087	0.01537	0.01507	0.01105	0.00679	0.00588	0.00168	0.02899	0.00507	0.00538	0.06946
1	0.00882	0.00689	0.01022	0.01001	0.01097	0.00829	0.00786	0.01087	0.00947	0.01377	0.01517	0.02237	0.01420	0.04151	0.70618	0.00893	0.07974	0.00624	0.00312	0.00538
2	0.00719	0.00520	0.00680	0.00808	0.00854	0.00482	0.00542	0.00825	0.01147	0.01516	0.03445	0.73860	0.08762	0.01829	0.00751	0.00237	0.00340	0.01652	0.00549	0.00482
3	0.01457	0.01146	0.01429	0.08990	0.01765	0.01255	0.05947	0.14008	0.28639	0.04454	0.02010	0.10059	0.01657	0.00829	0.00593	0.00189	0.00529	0.00715	0.11318	0.03010
4	0.10043	0.12193	0.02031	0.18744	0.06262	0.12886	0.08959	0.09405	0.04559	0.04916	0.01132	0.01364	0.00877	0.00608	0.00593	0.00178	0.03650	0.00482	0.00351	0.00765
5	0.02127	0.01131	0.01500	0.01191	0.01608	0.01108	0.05914	0.07273	0.20279	0.42928	0.06728	0.02144	0.01737	0.00762	0.00610	0.00188	0.00524	0.00646	0.00655	0.00946
6	0.00721	0.00515	0.00686	0.00823	0.00858	0.00480	0.00549	0.00823	0.01132	0.01510	0.03259	0.78831	0.03911	0.01853	0.00755	0.00240	0.00343	0.01681	0.00549	0.00480
7	0.07083	0.01486	0.01711	0.14568	0.04833	0.04370	0.01202	0.42045	0.02110	0.07996	0.01313	0.01440	0.00951	0.00691	0.00659	0.00186	0.05467	0.00516	0.00489	0.00886
8	0.10031	0.08910	0.01737	0.01270	0.01651	0.09809	0.01051	0.35368	0.03894	0.07693	0.01275	0.01369	0.00963	0.00824	0.03168	0.00205	0.08968	0.00484	0.00472	0.00856

[dist]
# distance from previous block
# <min> <max>
0	11

[block]
# block no. 4 follows, 39 sequences, length 19
# corresponding to MSA columns:
# 124-142
name=unknown_E
#
# <colnr> <probs for GDERKNQSTAVLIFYWHMCP>
#	G	D	E	R	K	N	Q	S	T	A	V	L	I	F	Y	W	H	M	C	P
0	0.01821	0.13241	0.01936	0.06597	0.01900	0.01557	0.07686	0.24592	0.12823	0.11845	0.01550	0.01592	0.01137	0.00653	0.00555	0.00171	0.00616	0.00534	0.04000	0.05194
1	0.01505	0.04180	0.03013	0.01159	0.01499	0.01221	0.04720	0.17953	0.14471	0.08196	0.05354	0.12933	0.04712	0.03239	0.02937	0.00220	0.03180	0.00770	0.00516	0.08221
2	0.00825	0.00604	0.00774	0.00732	0.00876	0.00553	0.00549	0.01094	0.01647	0.02307	0.69429	0.04524	0.11407	0.01233	0.00698	0.00187	0.00281	0.01084	0.00642	0.00553
3	0.02213	0.01639	0.01755	0.01354	0.01821	0.01818	0.01116	0.70423	0.05970	0.03671	0.01464	0.01455	0.01041	0.00714	0.00592	0.00179	0.00643	0.00538	0.00592	0.01003
4	0.00771	0.00541	0.00708	0.00789	0.00857	0.00505	0.00545	0.00930	0.01285	0.01778	0.22812	0.54831	0.04250	0.01621	0.00723	0.00220	0.00322	0.01460	0.04548	0.00505
5	0.01294	0.01294	0.01811	0.01553	0.01553	0.01811	0.01294	0.01423	0.00906	0.01423	0.00776	0.01294	0.00776	0.01035	0.01941	0.00259	0.78134	0.00518	0.00259	0.00647
6	0.00761	0.00563	0.00792	0.00871	0.00924	0.00529	0.03379	0.00869	0.01115	0.01488	0.03037	0.68203	0.03615	0.09650	0.00981	0.00272	0.00392	0.01559	0.00520	0.00480
7	0.01512	0.01291	0.01360	0.01212	0.01553	0.01490	0.00946	0.06842	0.70693	0.02540	0.02355	0.02165	0.01763	0.00797	0.00601	0.00199	0.00478	0.00661	0.00601	0.00940
8	0.01226	0.01051	0.01226	0.00876	0.01401	0.00788	0.00701	0.01489	0.01226	0.01927	0.01051	0.01226	0.00876	0.00438	0.00438	0.00088	0.00438	0.00350	0.00350	0.82832
9	0.01806	0.21123	0.02012	0.01422	0.04475	0.32665	0.01116	0.04407	0.13875	0.01694	0.01154	0.01281	0.00954	0.00662	0.00660	0.00167	0.08981	0.00439	0.00346	0.00761
10	0.83394	0.01144	0.00869	0.00778	0.01144	0.01327	0.00640	0.01738	0.01006	0.02653	0.00823	0.00961	0.00640	0.00549	0.00366	0.00183	0.00457	0.00320	0.00366	0.00640
11	0.01367	0.01132	0.01754	0.45629	0.05817	0.03563	0.06502	0.03775	0.01303	0.08590	0.01265	0.01644	0.00945	0.00635	0.00655	0.00190	0.05087	0.00542	0.08895	0.00709
12	0.02653	0.01006	0.01372	0.01052	0.01510	0.00869	0.00869	0.02882	0.01693	0.75937	0.02333	0.02013	0.01464	0.00732	0.00595	0.00183	0.00503	0.00595	0.00732	0.01006
13	0.01581	0.79572	0.03099	0.01012	0.01518	0.02340	0.01012	0.01771	0.01202	0.01391	0.00822	0.00949	0.00759	0.00506	0.00379	0.00126	0.00632	0.00316	0.00253	0.00759
14	0.02483	0.01280	0.01542	0.01182	0.01646	0.01276	0.00977	0.32670	0.02151	0.45502	0.01948	0.01763	0.01271	0.00723	0.00593	0.00181	0.00565	0.00568	0.00673	0.01006
15	0.00800	0.00548	0.00719	0.00809	0.00880	0.00505	0.00556	0.00933	0.01235	0.04145	0.12965	0.62438	0.07835	0.01710	0.00739	0.00229	0.00338	0.01540	0.00569	0.00509
16	0.01500	0.00964	0.01148	0.00985	0.01271	0.00986	0.00774	0.10399	0.19310	0.16544	0.35230	0.03078	0.03355	0.00962	0.00643	0.00188	0.00411	0.00820	0.00648	0.00786
17	0.05792	0.05297	0.01527	0.03972	0.01650	0.01070	0.06415	0.03424	0.08782	0.02019	0.01186	0.01344	0.00954	0.00502	0.00477	0.00121	0.00514	0.00417	0.00370	0.54167
18	0.03545	0.05201	0.01245	0.04294	0.01296	0.02710	0.00843	0.02849	0.02758	0.06672	0.09758	0.24848	0.08132	0.03542	0.01034	0.00228	0.18998	0.00972	0.00460	0.00614

[dist]
# distance from previous block
# <min> <max>
1	35

[block]
# block no. 5 follows, 39 sequences, length 24
# corresponding to MSA columns:
# 178-201
name=unknown_F
#
# <colnr> <probs for GDERKNQSTAVLIFYWHMCP>
#	G	D	E	R	K	N	Q	S	T	A	V	L	I	F	Y	W	H	M	C	P
0	0.09649	0.07900	0.06612	0.04302	0.03606	0.01585	0.01108	0.34258	0.10330	0.08077	0.01505	0.04234	0.01149	0.00706	0.00555	0.00179	0.00605	0.00545	0.00504	0.02592
1	0.00899	0.00711	0.00956	0.02578	0.05425	0.00697	0.02169	0.03115	0.06971	0.01697	0.03048	0.55991	0.08012	0.01545	0.00711	0.00223	0.00404	0.01393	0.00523	0.02932
2	0.01079	0.00560	0.00584	0.00586	0.00724	0.00557	0.00445	0.01354	0.01274	0.02198	0.06835	0.02536	0.01863	0.00763	0.00449	0.00147	0.00287	0.03521	0.73688	0.00551
3	0.00860	0.00573	0.00645	0.00645	0.00645	0.00573	0.00358	0.00860	0.00860	0.01147	0.01863	0.03870	0.02150	0.79217	0.03010	0.00573	0.00573	0.00860	0.00358	0.00358
4	0.02464	0.00990	0.01330	0.01033	0.01461	0.00873	0.00848	0.05195	0.01729	0.66295	0.09340	0.02224	0.01845	0.00777	0.00605	0.00183	0.00487	0.00638	0.00719	0.00963
5	0.02182	0.01624	0.01738	0.01347	0.01809	0.01803	0.01108	0.67604	0.08839	0.03621	0.01503	0.01486	0.01073	0.00718	0.00592	0.00179	0.00635	0.00544	0.00592	0.01000
6	0.02482	0.01054	0.01384	0.01055	0.01520	0.00925	0.00869	0.07424	0.01717	0.63655	0.02143	0.01894	0.01374	0.00701	0.00579	0.00173	0.00506	0.00566	0.00684	0.09295
7	0.01229	0.01301	0.09017	0.01400	0.01548	0.01422	0.05166	0.01438	0.01025	0.03636	0.01222	0.06753	0.01184	0.06978	0.04079	0.00283	0.45235	0.00631	0.05807	0.00645
8	0.01004	0.00676	0.00871	0.00799	0.00971	0.00636	0.00612	0.04480	0.01716	0.06447	0.65795	0.04216	0.05085	0.01173	0.00691	0.00188	0.00316	0.03074	0.00650	0.00602
9	0.01270	0.01794	0.21494	0.17401	0.09253	0.01399	0.28107	0.01788	0.03099	0.01802	0.01204	0.03858	0.00951	0.00603	0.00672	0.00197	0.03421	0.00605	0.00292	0.00790
10	0.01392	0.01235	0.01854	0.32442	0.10834	0.01412	0.05648	0.15050	0.01515	0.02066	0.06018	0.01671	0.01173	0.00686	0.00755	0.00192	0.09842	0.00563	0.00360	0.05293
11	0.00905	0.00679	0.00861	0.00897	0.01041	0.00670	0.00704	0.01283	0.09008	0.01981	0.27286	0.18657	0.09962	0.01435	0.00734	0.00224	0.00391	0.22121	0.00587	0.00574
12	0.03524	0.09536	0.06423	0.03098	0.01526	0.01057	0.00869	0.06284	0.01311	0.01948	0.01294	0.09926	0.01196	0.00638	0.00488	0.00127	0.00502	0.00518	0.00370	0.49365
13	0.00860	0.00573	0.00645	0.00645	0.00645	0.00573	0.00358	0.00860	0.00860	0.01147	0.01863	0.03870	0.02150	0.79217	0.03010	0.00573	0.00573	0.00860	0.00358	0.00358
14	0.01468	0.07350	0.03552	0.01062	0.03627	0.01082	0.00862	0.09106	0.04131	0.06943	0.01207	0.01320	0.00951	0.00510	0.00473	0.00116	0.00500	0.00402	0.00397	0.54941
15	0.01377	0.20533	0.32940	0.04174	0.02121	0.01572	0.06340	0.01984	0.10513	0.05162	0.01329	0.04769	0.01068	0.00654	0.00585	0.00180	0.03018	0.00522	0.00334	0.00824
16	0.02653	0.01006	0.01372	0.01052	0.01510	0.00869	0.00869	0.02882	0.01693	0.75937	0.02333	0.02013	0.01464	0.00732	0.00595	0.00183	0.00503	0.00595	0.00732	0.01006
17	0.00740	0.00531	0.00695	0.00800	0.00851	0.00494	0.00540	0.00863	0.01197	0.01608	0.12440	0.64421	0.06176	0.04625	0.00829	0.00244	0.00342	0.01560	0.00555	0.00486
18	0.01515	0.14445	0.11312	0.19803	0.05684	0.13047	0.06483	0.03863	0.06484	0.03797	0.01126	0.01382	0.00884	0.00626	0.00663	0.00181	0.07142	0.00482	0.00316	0.00765
19	0.01129	0.00667	0.00920	0.06856	0.01237	0.00658	0.00717	0.01286	0.01238	0.13469	0.04246	0.44193	0.02927	0.01461	0.00790	0.03791	0.02158	0.05704	0.05969	0.00583
20	0.00745	0.00601	0.00662	0.00647	0.00827	0.00519	0.00485	0.00937	0.01456	0.01854	0.28886	0.05270	0.52233	0.01402	0.00698	0.00195	0.00293	0.01189	0.00583	0.00519
21	0.01484	0.01129	0.01551	0.15918	0.09299	0.03131	0.04955	0.15669	0.04167	0.10187	0.04166	0.21899	0.01924	0.00975	0.00642	0.00200	0.00597	0.00864	0.00483	0.00760
22	0.10795	0.04672	0.09078	0.05132	0.01901	0.14721	0.03291	0.23036	0.04442	0.15251	0.01378	0.01418	0.00983	0.00648	0.00550	0.00176	0.00710	0.00486	0.00470	0.00862
23	0.01908	0.02984	0.01680	0.01420	0.07383	0.04212	0.01071	0.44253	0.09142	0.03024	0.01423	0.01474	0.01061	0.00656	0.00557	0.00163	0.00607	0.00509	0.03231	0.13244

[dist]
# distance from previous block
# <min> <max>
0	9

[block]
# block no. 6 follows, 39 sequences, length 18
# corresponding to MSA columns:
# 211-228
name=unknown_G
#
# <colnr> <probs for GDERKNQSTAVLIFYWHMCP>
#	G	D	E	R	K	N	Q	S	T	A	V	L	I	F	Y	W	H	M	C	P
0	0.21092	0.05139	0.05901	0.10307	0.11643	0.07551	0.02998	0.09046	0.01381	0.04116	0.01127	0.03274	0.00916	0.00623	0.00566	0.00174	0.03817	0.00473	0.02548	0.07307
1	0.01166	0.00908	0.01080	0.03743	0.06644	0.02838	0.00770	0.08808	0.10387	0.02078	0.14919	0.19299	0.02703	0.10096	0.00901	0.00234	0.00461	0.00924	0.09204	0.02836
2	0.00837	0.00604	0.00790	0.00744	0.00883	0.00558	0.00558	0.01116	0.01674	0.02371	0.75216	0.04417	0.05580	0.01209	0.00697	0.00186	0.00279	0.01069	0.00651	0.00558
3	0.17554	0.01032	0.01280	0.01002	0.01442	0.00954	0.00827	0.02671	0.01566	0.62413	0.02054	0.01819	0.01312	0.00698	0.00552	0.00183	0.00495	0.00544	0.00664	0.00939
4	0.00845	0.00634	0.00950	0.00950	0.01056	0.00739	0.00739	0.01056	0.00950	0.01373	0.01584	0.02323	0.01478	0.04435	0.76873	0.00950	0.01584	0.00634	0.00317	0.00528
5	0.01781	0.00791	0.01074	0.00963	0.01233	0.00703	0.00747	0.01962	0.01449	0.41808	0.02750	0.32905	0.02556	0.01233	0.00672	0.00211	0.00442	0.05304	0.00648	0.00769
6	0.01396	0.01595	0.03490	0.02493	0.03091	0.01496	0.73380	0.01894	0.01396	0.01894	0.01196	0.01595	0.00897	0.00499	0.00698	0.00199	0.00997	0.00698	0.00299	0.00798
7	0.01396	0.01595	0.03490	0.02493	0.03091	0.01496	0.73380	0.01894	0.01396	0.01894	0.01196	0.01595	0.00897	0.00499	0.00698	0.00199	0.00997	0.00698	0.00299	0.00798
8	0.01396	0.01595	0.03490	0.02493	0.03091	0.01496	0.73380	0.01894	0.01396	0.01894	0.01196	0.01595	0.00897	0.00499	0.00698	0.00199	0.00997	0.00698	0.00299	0.00798
9	0.02075	0.14703	0.01903	0.01445	0.01769	0.62251	0.01128	0.02232	0.01571	0.01438	0.00894	0.01057	0.00762	0.00610	0.00566	0.00153	0.04077	0.00376	0.00295	0.00695
10	0.01681	0.67391	0.02873	0.01093	0.01567	0.14164	0.01033	0.01865	0.01277	0.01400	0.00837	0.00967	0.00759	0.00522	0.00404	0.00131	0.00701	0.00326	0.00261	0.00747
11	0.01102	0.00551	0.00551	0.00551	0.00689	0.00551	0.00413	0.01378	0.01240	0.02205	0.01929	0.02205	0.01516	0.00689	0.00413	0.00138	0.00276	0.00551	0.82500	0.00551
12	0.00820	0.00556	0.00657	0.00697	0.00707	0.00546	0.00414	0.00849	0.00939	0.01252	0.02268	0.25582	0.02660	0.56809	0.02357	0.00477	0.00507	0.01098	0.00414	0.00394
13	0.01102	0.01023	0.01692	0.61009	0.03504	0.01198	0.04209	0.01462	0.01190	0.01563	0.01256	0.08530	0.01083	0.00688	0.00596	0.00191	0.00724	0.00621	0.00298	0.08061
14	0.16694	0.03624	0.09072	0.01196	0.01638	0.01495	0.01054	0.27685	0.17343	0.07705	0.01626	0.05591	0.01260	0.00741	0.00553	0.00187	0.00573	0.00572	0.00516	0.00877
15	0.01186	0.03059	0.76153	0.01686	0.02560	0.01373	0.02185	0.01873	0.01249	0.01873	0.01061	0.01249	0.00749	0.00562	0.00562	0.00187	0.00874	0.00437	0.00250	0.00874
16	0.00847	0.00627	0.00916	0.00916	0.01010	0.00720	0.00696	0.01034	0.00940	0.01347	0.01616	0.02498	0.01554	0.12882	0.68531	0.00908	0.01470	0.00659	0.00321	0.00509
17	0.19151	0.01378	0.01447	0.01142	0.01564	0.01496	0.00936	0.42905	0.02130	0.14611	0.01469	0.01517	0.01053	0.03040	0.00612	0.00190	0.00572	0.00508	0.03385	0.00895

[dist]
# distance from previous block
# <min> <max>
0	1

[block]
# block no. 7 follows, 39 sequences, length 80
# corresponding to MSA columns:
# 230-309
name=unknown_H
#
# <colnr> <probs for GDERKNQSTAVLIFYWHMCP>
#	G	D	E	R	K	N	Q	S	T	A	V	L	I	F	Y	W	H	M	C	P
0	0.02048	0.01163	0.04548	0.04189	0.01629	0.01043	0.00947	0.10233	0.09636	0.39789	0.08620	0.02058	0.01708	0.00738	0.00587	0.00176	0.00516	0.00605	0.00617	0.09150
1	0.00753	0.00544	0.00712	0.00791	0.00863	0.00503	0.00547	0.00908	0.01296	0.01759	0.23875	0.54437	0.07507	0.01654	0.00736	0.00223	0.00323	0.01488	0.00578	0.00503
2	0.09542	0.01137	0.03059	0.03094	0.03067	0.01046	0.00932	0.11258	0.01721	0.52571	0.02150	0.01957	0.04278	0.00733	0.00577	0.00183	0.00529	0.00583	0.00643	0.00940
3	0.18705	0.04516	0.03795	0.07250	0.03646	0.05232	0.05295	0.14998	0.01566	0.16593	0.01447	0.06521	0.01142	0.00721	0.00607	0.00185	0.04104	0.00561	0.00460	0.02656
4	0.01581	0.79572	0.03099	0.01012	0.01518	0.02340	0.01012	0.01771	0.01202	0.01391	0.00822	0.00949	0.00759	0.00506	0.00379	0.00126	0.00632	0.00316	0.00253	0.00759
5	0.01004	0.00571	0.00640	0.00623	0.00761	0.00554	0.00467	0.01280	0.01402	0.02267	0.29215	0.03029	0.03029	0.00883	0.00519	0.00156	0.00277	0.00744	0.52026	0.00554
6	0.01543	0.59732	0.18688	0.01158	0.01741	0.02068	0.01257	0.01841	0.01233	0.04753	0.00939	0.01059	0.00788	0.00528	0.00428	0.00142	0.00679	0.00354	0.00273	0.00794
7	0.14038	0.03058	0.06723	0.01060	0.01556	0.01142	0.00931	0.13735	0.01604	0.27168	0.01503	0.01478	0.01048	0.00608	0.00512	0.00156	0.00533	0.00463	0.00511	0.22173
8	0.01373	0.25732	0.08849	0.01397	0.01632	0.01936	0.01286	0.01571	0.01028	0.01453	0.00816	0.01183	0.00768	0.00829	0.01333	0.00211	0.47196	0.00448	0.00256	0.00702
9	0.00741	0.00594	0.00647	0.00644	0.00809	0.00516	0.00471	0.00906	0.01373	0.01728	0.20396	0.08715	0.51898	0.06897	0.00863	0.00225	0.00316	0.01203	0.00558	0.00501
10	0.14826	0.04952	0.04165	0.00932	0.01412	0.01028	0.00793	0.03351	0.04576	0.11009	0.01259	0.01349	0.00966	0.00531	0.00457	0.00129	0.00475	0.00402	0.03420	0.43967
11	0.01022	0.00516	0.00766	0.00766	0.00766	0.00516	0.00508	0.00773	0.00773	0.01031	0.01056	0.01868	0.01066	0.04691	0.02335	0.79985	0.00516	0.00525	0.00260	0.00260
12	0.02653	0.01006	0.01372	0.01052	0.01510	0.00869	0.00869	0.02882	0.01693	0.75937	0.02333	0.02013	0.01464	0.00732	0.00595	0.00183	0.00503	0.00595	0.00732	0.01006
13	0.01813	0.01440	0.01530	0.01273	0.01668	0.01631	0.01019	0.34143	0.42901	0.03026	0.01972	0.01860	0.01453	0.00762	0.00597	0.00190	0.00548	0.00609	0.00597	0.00967
14	0.01224	0.06753	0.66085	0.01723	0.02554	0.01432	0.08414	0.01870	0.01259	0.01851	0.01061	0.01264	0.00763	0.00553	0.00565	0.00185	0.00873	0.00454	0.00254	0.00861
15	0.02653	0.01006	0.01372	0.01052	0.01510	0.00869	0.00869	0.02882	0.01693	0.75937	0.02333	0.02013	0.01464	0.00732	0.00595	0.00183	0.00503	0.00595	0.00732	0.01006
16	0.00756	0.00536	0.00669	0.00760	0.00796	0.00507	0.00491	0.00835	0.01074	0.01418	0.03074	0.53603	0.08404	0.22613	0.01357	0.00327	0.00402	0.01430	0.00498	0.00449
17	0.78166	0.01192	0.00911	0.00810	0.01177	0.03713	0.00664	0.01796	0.01050	0.05017	0.00876	0.00999	0.00671	0.00557	0.00379	0.00182	0.00478	0.00331	0.00376	0.00654
18	0.03197	0.00778	0.00795	0.00713	0.00921	0.00817	0.00556	0.15340	0.01533	0.02509	0.01806	0.02025	0.01397	0.00690	0.00447	0.00146	0.00352	0.00542	0.64796	0.00641
19	0.01062	0.01033	0.09222	0.05368	0.03583	0.00877	0.00915	0.12108	0.01381	0.01874	0.02388	0.43906	0.02636	0.05453	0.05080	0.00277	0.00565	0.01172	0.00477	0.00623
20	0.01226	0.01051	0.01226	0.00876	0.01401	0.00788	0.00701	0.01489	0.01226	0.01927	0.01051	0.01226	0.00876	0.00438	0.00438	0.00088	0.00438	0.00350	0.00350	0.82832
21	0.01198	0.05364	0.73952	0.01665	0.02528	0.01403	0.02150	0.01870	0.01247	0.01858	0.01054	0.01240	0.00749	0.00560	0.00556	0.00185	0.00867	0.00433	0.00250	0.00871
22	0.02653	0.01006	0.01372	0.01052	0.01510	0.00869	0.00869	0.02882	0.01693	0.75937	0.02333	0.02013	0.01464	0.00732	0.00595	0.00183	0.00503	0.00595	0.00732	0.01006
23	0.00913	0.00622	0.00811	0.00753	0.00909	0.00570	0.00569	0.01186	0.01666	0.05566	0.70122	0.04347	0.07322	0.01196	0.00693	0.00186	0.00289	0.01054	0.00652	0.00576
24	0.02209	0.02819	0.01676	0.01524	0.01828	0.76843	0.01143	0.02361	0.01676	0.01447	0.00914	0.01066	0.00762	0.00609	0.00533	0.00152	0.01066	0.00381	0.00305	0.00686
25	0.00735	0.00525	0.00703	0.00841	0.00881	0.00493	0.00575	0.00849	0.01147	0.01526	0.03251	0.74191	0.03879	0.01839	0.00759	0.00242	0.00356	0.06173	0.00549	0.00484
26	0.01027	0.00514	0.00770	0.00770	0.00770	0.00514	0.00514	0.00770	0.00770	0.01027	0.01027	0.01798	0.01027	0.02054	0.02311	0.82794	0.00514	0.00514	0.00257	0.00257
27	0.00705	0.00599	0.00608	0.00606	0.00803	0.00502	0.00454	0.00861	0.01363	0.01633	0.09140	0.05633	0.72117	0.01485	0.00699	0.00199	0.00299	0.01240	0.00554	0.00502
28	0.83394	0.01144	0.00869	0.00778	0.01144	0.01327	0.00640	0.01738	0.01006	0.02653	0.00823	0.00961	0.00640	0.00549	0.00366	0.00183	0.00457	0.00320	0.00366	0.00640
29	0.02053	0.05022	0.04221	0.01464	0.01803	0.59406	0.01145	0.04391	0.11745	0.01665	0.01137	0.01236	0.00912	0.00634	0.00540	0.00160	0.00952	0.00425	0.00350	0.00738
30	0.09553	0.18301	0.13044	0.06177	0.01985	0.03367	0.08531	0.06266	0.01303	0.08795	0.01081	0.01299	0.00847	0.00665	0.00800	0.00188	0.16218	0.00467	0.00337	0.00776
31	0.01041	0.04412	0.06715	0.12285	0.01638	0.04077	0.01001	0.01259	0.01133	0.01549	0.01961	0.30068	0.02111	0.03059	0.05662	0.00270	0.12936	0.02775	0.05459	0.00588
32	0.02248	0.01656	0.01775	0.01361	0.01834	0.01834	0.01124	0.73556	0.02780	0.03727	0.01420	0.01420	0.01006	0.00710	0.00592	0.00177	0.00651	0.00532	0.00592	0.01006
33	0.01189	0.01905	0.32587	0.01546	0.02108	0.01194	0.16274	0.04377	0.06161	0.02123	0.21913	0.02273	0.02207	0.00751	0.00631	0.00190	0.00699	0.00686	0.00407	0.00779
34	0.01471	0.01270	0.01337	0.01203	0.01538	0.01471	0.00936	0.03142	0.74459	0.02474	0.02407	0.02206	0.01805	0.00802	0.00602	0.00201	0.00468	0.00669	0.00602	0.00936
35	0.02130	0.01546	0.01677	0.01303	0.01731	0.01706	0.01065	0.66492	0.02585	0.03465	0.01382	0.01456	0.01008	0.00840	0.00758	0.08196	0.00637	0.00531	0.00559	0.00933
36	0.00867	0.00571	0.00650	0.00650	0.00650	0.00571	0.00365	0.00856	0.00856	0.01141	0.01827	0.03779	0.02101	0.75844	0.02979	0.04167	0.00571	0.00845	0.00354	0.00354
37	0.01294	0.01294	0.01811	0.01553	0.01553	0.01811	0.01294	0.01423	0.00906	0.01423	0.00776	0.01294	0.00776	0.01035	0.01941	0.00259	0.78134	0.00518	0.00259	0.00647
38	0.01464	0.01405	0.02400	0.03630	0.75528	0.01405	0.01815	0.01815	0.01347	0.01932	0.01112	0.01464	0.00937	0.00527	0.00585	0.00176	0.00703	0.00527	0.00293	0.00937
39	0.01581	0.79572	0.03099	0.01012	0.01518	0.02340	0.01012	0.01771	0.01202	0.01391	0.00822	0.00949	0.00759	0.00506	0.00379	0.00126	0.00632	0.00316	0.00253	0.00759
40	0.01294	0.01294	0.01811	0.01553	0.01553	0.01811	0.01294	0.01423	0.00906	0.01423	0.00776	0.01294	0.00776	0.01035	0.01941	0.00259	0.78134	0.00518	0.00259	0.00647
41	0.00845	0.00634	0.00950	0.00950	0.01056	0.00739	0.00739	0.01056	0.00950	0.01373	0.01584	0.02323	0.01478	0.04435	0.76873	0.00950	0.01584	0.00634	0.00317	0.00528
42	0.01237	0.12866	0.66789	0.01599	0.02426	0.01497	0.02035	0.01860	0.01243	0.01811	0.01031	0.01210	0.00750	0.00555	0.00538	0.00179	0.00843	0.00422	0.00250	0.00859
43	0.02209	0.02819	0.01676	0.01524	0.01828	0.76843	0.01143	0.02361	0.01676	0.01447	0.00914	0.01066	0.00762	0.00609	0.00533	0.00152	0.01066	0.00381	0.00305	0.00686
44	0.00722	0.00534	0.00676	0.00780	0.00849	0.00487	0.00532	0.00842	0.01197	0.01567	0.07261	0.62384	0.16488	0.01759	0.00742	0.00230	0.00332	0.01575	0.00554	0.00487
45	0.00845	0.00634	0.00950	0.00950	0.01056	0.00739	0.00739	0.01056	0.00950	0.01373	0.01584	0.02323	0.01478	0.04435	0.76873	0.00950	0.01584	0.00634	0.00317	0.00528
46	0.02335	0.00949	0.01279	0.01007	0.01411	0.00834	0.00821	0.02607	0.03459	0.62434	0.13943	0.02401	0.02128	0.00810	0.00611	0.00184	0.00467	0.00672	0.00716	0.00933
47	0.00837	0.00604	0.00790	0.00744	0.00883	0.00558	0.00558	0.01116	0.01674	0.02371	0.75216	0.04417	0.05580	0.01209	0.00697	0.00186	0.00279	0.01069	0.00651	0.00558
48	0.00820	0.00601	0.00768	0.00733	0.00874	0.00550	0.00547	0.01080	0.01624	0.02266	0.65994	0.07092	0.12326	0.01259	0.00700	0.00189	0.00283	0.01108	0.00638	0.00550
49	0.01956	0.01445	0.01551	0.01252	0.01662	0.01607	0.01014	0.44618	0.24878	0.06171	0.01793	0.01734	0.01302	0.00738	0.00584	0.00183	0.00566	0.00578	0.05411	0.00957
50	0.83394	0.01144	0.00869	0.00778	0.01144	0.01327	0.00640	0.01738	0.01006	0.02653	0.00823	0.00961	0.00640	0.00549	0.00366	0.00183	0.00457	0.00320	0.00366	0.00640
51	0.01225	0.02796	0.63383	0.01864	0.05027	0.01392	0.12316	0.01874	0.01273	0.01878	0.01082	0.01305	0.00776	0.00552	0.00582	0.00189	0.00886	0.00477	0.00258	0.00865
52	0.01464	0.01405	0.02400	0.03630	0.75528	0.01405	0.01815	0.01815	0.01347	0.01932	0.01112	0.01464	0.00937	0.00527	0.00585	0.00176	0.00703	0.00527	0.00293	0.00937
53	0.01287	0.01285	0.01810	0.04349	0.01645	0.01793	0.01307	0.01426	0.00916	0.01426	0.00786	0.01304	0.00777	0.01019	0.01891	0.00257	0.75297	0.00518	0.00259	0.00647
54	0.00860	0.00573	0.00645	0.00645	0.00645	0.00573	0.00358	0.00860	0.00860	0.01147	0.01863	0.03870	0.02150	0.79217	0.03010	0.00573	0.00573	0.00860	0.00358	0.00358
55	0.00772	0.00573	0.00726	0.00835	0.00901	0.00551	0.00569	0.00988	0.06285	0.01583	0.03389	0.68398	0.08706	0.01755	0.00740	0.00235	0.00349	0.01580	0.00553	0.00514
56	0.00721	0.00515	0.00686	0.00823	0.00858	0.00480	0.00549	0.00823	0.01132	0.01510	0.03259	0.78831	0.03911	0.01853	0.00755	0.00240	0.00343	0.01681	0.00549	0.00480
57	0.00729	0.00518	0.00684	0.00812	0.00844	0.00486	0.00537	0.00826	0.01115	0.01487	0.03172	0.74150	0.03801	0.06684	0.00896	0.00261	0.00357	0.01630	0.00537	0.00473
58	0.01226	0.01051	0.01226	0.00876	0.01401	0.00788	0.00701	0.01489	0.01226	0.01927	0.01051	0.01226	0.00876	0.00438	0.00438	0.00088	0.00438	0.00350	0.00350	0.82832
59	0.01226	0.01051	0.01226	0.00876	0.01401	0.00788	0.00701	0.01489	0.01226	0.01927	0.01051	0.01226	0.00876	0.00438	0.00438	0.00088	0.00438	0.00350	0.00350	0.82832
60	0.01445	0.01243	0.01315	0.01185	0.01511	0.01434	0.00921	0.03060	0.71514	0.02470	0.05353	0.02296	0.01958	0.00819	0.00606	0.00200	0.00460	0.00685	0.00604	0.00921
61	0.01497	0.63264	0.18670	0.01155	0.01740	0.02134	0.01262	0.01793	0.01212	0.01494	0.00873	0.01013	0.00757	0.00518	0.00418	0.00139	0.00684	0.00342	0.00252	0.00783
62	0.00946	0.00701	0.00931	0.00858	0.00987	0.00724	0.00660	0.01193	0.01542	0.04600	0.58105	0.07699	0.06329	0.01210	0.00856	0.00198	0.10269	0.01018	0.00596	0.00579
63	0.01294	0.01294	0.01811	0.01553	0.01553	0.01811	0.01294	0.01423	0.00906	0.01423	0.00776	0.01294	0.00776	0.01035	0.01941	0.00259	0.78134	0.00518	0.00259	0.00647
64	0.01117	0.01051	0.01774	0.77795	0.04073	0.01314	0.01642	0.01511	0.01182	0.01511	0.01051	0.01577	0.00788	0.00591	0.00591	0.00197	0.00788	0.00526	0.00263	0.00657
65	0.00827	0.00588	0.00796	0.00924	0.00999	0.00571	0.00707	0.00995	0.01212	0.01597	0.03118	0.43763	0.03587	0.06592	0.00922	0.00274	0.00442	0.31051	0.00535	0.00500
66	0.00860	0.00656	0.00980	0.00971	0.01073	0.00776	0.00758	0.01069	0.00949	0.01375	0.01556	0.02288	0.01454	0.04319	0.74305	0.00927	0.04207	0.00630	0.00315	0.00532
67	0.00740	0.00601	0.00656	0.00642	0.00824	0.00517	0.00482	0.00929	0.01446	0.01829	0.26728	0.05310	0.54406	0.01411	0.00699	0.00196	0.00293	0.01195	0.00580	0.00517
68	0.01169	0.01252	0.08286	0.56991	0.10370	0.01299	0.03145	0.01613	0.03046	0.01648	0.01137	0.01584	0.00862	0.00591	0.00582	0.00192	0.00759	0.00526	0.04241	0.00707
69	0.01487	0.23635	0.14704	0.03186	0.04214	0.05761	0.12775	0.07758	0.01384	0.01831	0.01077	0.01403	0.00898	0.00611	0.00646	0.00169	0.07211	0.02595	0.00310	0.08346
70	0.00845	0.00634	0.00950	0.00950	0.01056	0.00739	0.00739	0.01056	0.00950	0.01373	0.01584	0.02323	0.01478	0.04435	0.76873	0.00950	0.01584	0.00634	0.00317	0.00528
71	0.01258	0.01036	0.01217	0.00880	0.01391	0.00783	0.00702	0.01516	0.01239	0.04270	0.01150	0.03300	0.00975	0.00485	0.00451	0.00095	0.00438	0.00393	0.00368	0.78055
72	0.02653	0.01006	0.01372	0.01052	0.01510	0.00869	0.00869	0.02882	0.01693	0.75937	0.02333	0.02013	0.01464	0.00732	0.00595	0.00183	0.00503	0.00595	0.00732	0.01006
73	0.02653	0.01006	0.01372	0.01052	0.01510	0.00869	0.00869	0.02882	0.01693	0.75937	0.02333	0.02013	0.01464	0.00732	0.00595	0.00183	0.00503	0.00595	0.00732	0.01006
74	0.01498	0.01646	0.04046	0.19206	0.02632	0.14803	0.20984	0.04855	0.09359	0.01795	0.01189	0.01504	0.00931	0.00662	0.00809	0.00198	0.12245	0.00560	0.00330	0.00749
75	0.00845	0.00634	0.00950	0.00950	0.01056	0.00739	0.00739	0.01056	0.00950	0.01373	0.01584	0.02323	0.01478	0.04435	0.76873	0.00950	0.01584	0.00634	0.00317	0.00528
76	0.01658	0.01290	0.03652	0.05474	0.01665	0.01379	0.01019	0.29240	0.12298	0.07706	0.13171	0.02259	0.05552	0.00861	0.00739	0.00192	0.07949	0.00671	0.02392	0.00833
77	0.01188	0.00769	0.01145	0.03291	0.01292	0.00821	0.03711	0.01411	0.01117	0.12957	0.01723	0.05810	0.01519	0.04701	0.46006	0.00649	0.03808	0.00664	0.03982	0.03436
78	0.01779	0.06589	0.07089	0.03848	0.01835	0.01614	0.04071	0.39511	0.04204	0.04442	0.04008	0.03588	0.02799	0.00933	0.04086	0.00221	0.07442	0.00589	0.00485	0.00867
79	0.01391	0.11287	0.18955	0.11983	0.08017	0.01530	0.19478	0.07066	0.03778	0.01921	0.01129	0.01402	0.00869	0.00566	0.00617	0.00179	0.03122	0.00518	0.00310	0.05881

[dist]
# distance from previous block
# <min> <max>
0	8

[block]
# block no. 8 follows, 39 sequences, length 23
# corresponding to MSA columns:
# 318-340
name=unknown_I
#
# <colnr> <probs for GDERKNQSTAVLIFYWHMCP>
#	G	D	E	R	K	N	Q	S	T	A	V	L	I	F	Y	W	H	M	C	P
0	0.03403	0.01556	0.09954	0.01342	0.01763	0.04706	0.06909	0.18548	0.28655	0.02534	0.05399	0.02204	0.03938	0.00791	0.00607	0.00192	0.00609	0.03750	0.02280	0.00859
1	0.50010	0.03151	0.11424	0.08052	0.01603	0.01244	0.00958	0.01637	0.01105	0.02282	0.03353	0.06403	0.01117	0.00685	0.00464	0.00187	0.00539	0.02437	0.00363	0.02986
2	0.03214	0.02116	0.36959	0.12721	0.14693	0.01372	0.03720	0.07565	0.03316	0.05184	0.02867	0.01477	0.00975	0.00598	0.00577	0.00186	0.00770	0.00504	0.00329	0.00857
3	0.00800	0.00548	0.00663	0.00722	0.00736	0.00533	0.00440	0.00844	0.00977	0.01303	0.02463	0.36075	0.02907	0.45979	0.02041	0.00430	0.00474	0.01213	0.00440	0.00411
4	0.03104	0.08742	0.06965	0.12765	0.26680	0.01379	0.01372	0.08012	0.05846	0.02067	0.12032	0.01986	0.03636	0.00705	0.00608	0.00180	0.02129	0.00603	0.00386	0.00803
5	0.00742	0.00530	0.00711	0.00848	0.00892	0.00499	0.00586	0.00861	0.01153	0.01534	0.03248	0.72151	0.03864	0.01832	0.00761	0.00243	0.00362	0.08149	0.00549	0.00486
6	0.03815	0.02686	0.61235	0.08851	0.08233	0.01369	0.02057	0.01831	0.01242	0.01869	0.01057	0.01286	0.00764	0.00561	0.00560	0.00187	0.00840	0.00448	0.00258	0.00851
7	0.00969	0.00716	0.00915	0.04926	0.01189	0.00723	0.00725	0.09446	0.01422	0.01893	0.10543	0.41806	0.06948	0.03473	0.00784	0.00236	0.00429	0.11749	0.00544	0.00566
8	0.03480	0.18155	0.56211	0.01489	0.02238	0.01526	0.01837	0.01803	0.01227	0.01782	0.01104	0.04598	0.00887	0.00607	0.00529	0.00177	0.00791	0.00465	0.00267	0.00827
9	0.01367	0.05662	0.40096	0.11369	0.11307	0.05287	0.05082	0.07242	0.01394	0.01942	0.01105	0.01348	0.00825	0.00573	0.00563	0.00181	0.00815	0.00473	0.02531	0.00837
10	0.01226	0.01051	0.01226	0.00876	0.01401	0.00788	0.00701	0.01489	0.01226	0.01927	0.01051	0.01226	0.00876	0.00438	0.00438	0.00088	0.00438	0.00350	0.00350	0.82832
11	0.03667	0.02891	0.22054	0.09896	0.01866	0.01058	0.01224	0.01747	0.10389	0.07084	0.17580	0.07549	0.05846	0.00915	0.00622	0.00196	0.00570	0.03651	0.00463	0.00733
12	0.01222	0.01068	0.01751	0.68398	0.05765	0.01300	0.01576	0.01663	0.04441	0.05456	0.01180	0.01624	0.00872	0.00606	0.00592	0.00196	0.00757	0.00536	0.00303	0.00695
13	0.01079	0.00979	0.01269	0.02501	0.01349	0.06863	0.05862	0.01271	0.01146	0.01534	0.04077	0.06114	0.09042	0.02193	0.24757	0.04762	0.13102	0.07268	0.02356	0.02476
14	0.00832	0.00604	0.00783	0.00738	0.00880	0.00556	0.00554	0.01106	0.01662	0.02342	0.72567	0.04466	0.08248	0.01220	0.00698	0.00187	0.00280	0.01076	0.00647	0.00556
15	0.01226	0.01051	0.01226	0.00876	0.01401	0.00788	0.00701	0.01489	0.01226	0.01927	0.01051	0.01226	0.00876	0.00438	0.00438	0.00088	0.00438	0.00350	0.00350	0.82832
16	0.01027	0.00514	0.00770	0.00770	0.00770	0.00514	0.00514	0.00770	0.00770	0.01027	0.01027	0.01798	0.01027	0.02054	0.02311	0.82794	0.00514	0.00514	0.00257	0.00257
17	0.01598	0.00933	0.01003	0.00846	0.01117	0.00975	0.00674	0.23682	0.01755	0.09498	0.01810	0.01946	0.01354	0.00699	0.00485	0.00154	0.00412	0.00549	0.49778	0.00733
18	0.02248	0.01656	0.01775	0.01361	0.01834	0.01834	0.01124	0.73556	0.02780	0.03727	0.01420	0.01420	0.01006	0.00710	0.00592	0.00177	0.00651	0.00532	0.00592	0.01006
19	0.00837	0.00604	0.00790	0.00744	0.00883	0.00558	0.00558	0.01116	0.01674	0.02371	0.75216	0.04417	0.05580	0.01209	0.00697	0.00186	0.00279	0.01069	0.00651	0.00558
20	0.01738	0.60410	0.02744	0.01140	0.01595	0.20940	0.01045	0.01918	0.01320	0.01405	0.00845	0.00978	0.00760	0.00532	0.00418	0.00133	0.00741	0.00332	0.00266	0.00741
21	0.01226	0.01051	0.01226	0.00876	0.01401	0.00788	0.00701	0.01489	0.01226	0.01927	0.01051	0.01226	0.00876	0.00438	0.00438	0.00088	0.00438	0.00350	0.00350	0.82832
22	0.00905	0.00842	0.07834	0.00940	0.01108	0.00758	0.00794	0.01142	0.00998	0.01480	0.01605	0.02394	0.01494	0.12530	0.53001	0.00749	0.01261	0.00634	0.08988	0.00542

[dist]
# distance from previous block
# <min> <max>
2	7

[block]
# block no. 9 follows, 39 sequences, length 12
# corresponding to MSA columns:
# 348-359
name=unknown_J
#
# <colnr> <probs for GDERKNQSTAVLIFYWHMCP>
#	G	D	E	R	K	N	Q	S	T	A	V	L	I	F	Y	W	H	M	C	P
0	0.04674	0.10056	0.23283	0.01545	0.06479	0.01363	0.07594	0.03559	0.01386	0.23835	0.01453	0.03228	0.01061	0.00670	0.00678	0.00187	0.07134	0.00531	0.00419	0.00865
1	0.04595	0.05430	0.10408	0.07759	0.15268	0.01437	0.07452	0.16533	0.07956	0.12501	0.03856	0.01643	0.01195	0.00645	0.00582	0.00182	0.00670	0.00554	0.00446	0.00888
2	0.01451	0.09541	0.37786	0.01815	0.04528	0.01454	0.20505	0.01966	0.01325	0.10017	0.01208	0.01403	0.00874	0.00571	0.00624	0.00186	0.03058	0.00516	0.00318	0.00853
3	0.01198	0.01072	0.07733	0.15446	0.08301	0.00969	0.01163	0.03361	0.01369	0.08542	0.05938	0.07663	0.11901	0.01098	0.00724	0.00216	0.03425	0.18748	0.00459	0.00677
4	0.01955	0.01420	0.03937	0.01324	0.04029	0.04178	0.01056	0.37258	0.03541	0.15670	0.01800	0.13240	0.01509	0.00893	0.00693	0.00193	0.05149	0.00710	0.00559	0.00886
5	0.01599	0.04287	0.02159	0.06966	0.34346	0.04105	0.08846	0.16457	0.01641	0.04574	0.01484	0.05907	0.03589	0.00680	0.00603	0.00182	0.00698	0.00623	0.00389	0.00867
