[name]
unknown

[dist]
# distance from previous block
# <min> <max>
0	76

[block]
# block no. 0 follows, 40 sequences, length 68
# corresponding to MSA columns:
# 81-83,88-152
name=unknown_A
#
# <colnr> <probs for GDERKNQSTAVLIFYWHMCP>
#	G	D	E	R	K	N	Q	S	T	A	V	L	I	F	Y	W	H	M	C	P
0	0.01186	0.00875	0.01100	0.01124	0.01328	0.00921	0.00962	0.12962	0.08311	0.02110	0.02746	0.05335	0.02827	0.01387	0.00749	0.00246	0.00545	0.54093	0.00548	0.00643
1	0.01384	0.01308	0.02144	0.07067	0.60282	0.01280	0.01601	0.01718	0.01297	0.01877	0.01081	0.01408	0.00904	0.00508	0.00553	0.00160	0.00654	0.00490	0.00295	0.13988
2	0.01439	0.01382	0.02360	0.03569	0.75936	0.01382	0.01785	0.01785	0.01324	0.01900	0.01094	0.01439	0.00921	0.00518	0.00576	0.00173	0.00691	0.00518	0.00288	0.00921
3	0.01492	0.69311	0.11076	0.01061	0.01588	0.02149	0.01110	0.01735	0.01199	0.01446	0.02851	0.01057	0.00873	0.00522	0.00401	0.00133	0.00639	0.00344	0.00259	0.00753
4	0.01325	0.01042	0.01222	0.00896	0.01388	0.00824	0.00716	0.04259	0.02891	0.06776	0.01220	0.03534	0.01009	0.00507	0.00459	0.00102	0.00441	0.00411	0.00389	0.70588
5	0.01685	0.40664	0.10855	0.01093	0.01579	0.01694	0.01071	0.07264	0.03446	0.15969	0.03475	0.04321	0.01196	0.00739	0.02465	0.00174	0.00625	0.00482	0.00396	0.00807
6	0.00709	0.00506	0.00675	0.00810	0.00843	0.00472	0.00540	0.00810	0.01113	0.01484	0.03205	0.79184	0.03846	0.01822	0.00742	0.00236	0.00337	0.01653	0.00540	0.00472
7	0.01166	0.03008	0.76550	0.01657	0.02517	0.01351	0.02149	0.01842	0.01228	0.01842	0.01044	0.01228	0.00737	0.00552	0.00552	0.00184	0.00859	0.00430	0.00246	0.00859
8	0.05558	0.01413	0.03842	0.01201	0.01661	0.01421	0.01013	0.43526	0.02220	0.24100	0.03977	0.01625	0.01233	0.00699	0.00570	0.00174	0.00578	0.00540	0.00594	0.04055
9	0.02551	0.01033	0.01371	0.01056	0.01503	0.00926	0.00871	0.06840	0.03960	0.69999	0.02246	0.01952	0.01424	0.00721	0.00585	0.00180	0.00502	0.00584	0.00708	0.00988
10	0.00709	0.00506	0.00675	0.00810	0.00843	0.00472	0.00540	0.00810	0.01113	0.01484	0.03205	0.79184	0.03846	0.01822	0.00742	0.00236	0.00337	0.01653	0.00540	0.00472
11	0.01850	0.01425	0.01699	0.13561	0.02070	0.01646	0.01182	0.45823	0.04383	0.05052	0.03326	0.01524	0.01083	0.00742	0.00775	0.00190	0.11769	0.00541	0.00489	0.00870
12	0.01112	0.01049	0.01761	0.74151	0.05796	0.01308	0.01610	0.01491	0.01160	0.01494	0.01028	0.01540	0.00779	0.00592	0.00617	0.00195	0.02890	0.00517	0.00259	0.00653
13	0.02172	0.02772	0.01648	0.01498	0.01798	0.77228	0.01124	0.02322	0.01648	0.01423	0.00899	0.01049	0.00749	0.00599	0.00524	0.00150	0.01049	0.00375	0.00300	0.00674
14	0.01135	0.01073	0.01802	0.68957	0.10530	0.01315	0.01620	0.01511	0.01169	0.01521	0.01031	0.01532	0.00788	0.00589	0.00622	0.00194	0.03163	0.00517	0.00261	0.00671
15	0.01098	0.01034	0.01744	0.78165	0.04005	0.01292	0.01615	0.01486	0.01163	0.01486	0.01034	0.01550	0.00775	0.00581	0.00581	0.00194	0.00775	0.00517	0.00258	0.00646
16	0.01010	0.00505	0.00758	0.00758	0.00758	0.00505	0.00505	0.00758	0.00758	0.01010	0.01010	0.01768	0.01010	0.02020	0.02273	0.83081	0.00505	0.00505	0.00253	0.00253
17	0.00730	0.00593	0.00649	0.00641	0.00820	0.00511	0.00484	0.00914	0.01410	0.01776	0.24112	0.05296	0.55150	0.01402	0.00690	0.00195	0.00296	0.03258	0.00566	0.00507
18	0.00852	0.00602	0.00778	0.00729	0.00876	0.00552	0.00548	0.01117	0.01626	0.03839	0.69721	0.04373	0.09799	0.01197	0.00684	0.00184	0.00280	0.01053	0.00636	0.00554
19	0.02172	0.02772	0.01648	0.01498	0.01798	0.77228	0.01124	0.02322	0.01648	0.01423	0.00899	0.01049	0.00749	0.00599	0.00524	0.00150	0.01049	0.00375	0.00300	0.00674
20	0.02176	0.02667	0.01657	0.01483	0.01798	0.70306	0.01122	0.08900	0.01748	0.01629	0.00945	0.01081	0.00771	0.00608	0.00530	0.00152	0.01011	0.00388	0.00326	0.00703
21	0.01347	0.01520	0.03277	0.09400	0.03128	0.01454	0.67196	0.01828	0.01353	0.01828	0.01163	0.01567	0.00873	0.00499	0.00677	0.00196	0.00962	0.00671	0.00291	0.00772
22	0.00690	0.00579	0.00599	0.00615	0.00792	0.00489	0.00454	0.00832	0.01300	0.01561	0.05571	0.14365	0.67137	0.01514	0.00694	0.00201	0.00300	0.01278	0.00540	0.00489
23	0.01439	0.01382	0.02360	0.03569	0.75936	0.01382	0.01785	0.01785	0.01324	0.01900	0.01094	0.01439	0.00921	0.00518	0.00576	0.00173	0.00691	0.00518	0.00288	0.00921
24	0.01952	0.02416	0.01717	0.13727	0.02175	0.60735	0.03227	0.02148	0.01540	0.01445	0.00924	0.01150	0.00757	0.00606	0.00580	0.00161	0.03368	0.00410	0.00292	0.00672
25	0.00691	0.00573	0.00606	0.00633	0.00797	0.00487	0.00461	0.00830	0.01284	0.01554	0.05362	0.20083	0.61554	0.01541	0.00698	0.00204	0.00303	0.01311	0.00540	0.00487
26	0.00696	0.00568	0.00615	0.00648	0.00802	0.00487	0.00469	0.00834	0.01278	0.01565	0.06648	0.24349	0.55911	0.01556	0.00701	0.00206	0.00305	0.01332	0.00542	0.00487
27	0.00928	0.00664	0.00845	0.00968	0.01033	0.00611	0.00676	0.01003	0.01256	0.01686	0.03301	0.66879	0.03857	0.01872	0.00820	0.00271	0.00429	0.11733	0.00593	0.00576
28	0.03126	0.01053	0.01776	0.73851	0.03904	0.01298	0.03900	0.01503	0.01165	0.01525	0.01033	0.01536	0.00775	0.00577	0.00579	0.00194	0.00774	0.00517	0.00262	0.00650
29	0.01121	0.00699	0.00799	0.00751	0.00897	0.00743	0.00561	0.10296	0.01284	0.01989	0.01784	0.04433	0.01582	0.14086	0.17974	0.00389	0.00652	0.00636	0.38764	0.00561
30	0.01206	0.01034	0.01206	0.00861	0.01378	0.00775	0.00689	0.01464	0.01206	0.01895	0.01034	0.01206	0.00861	0.00431	0.00431	0.00086	0.00431	0.00345	0.00345	0.83118
31	0.07356	0.12208	0.03610	0.01339	0.01722	0.42884	0.01084	0.17264	0.01752	0.01989	0.00994	0.01109	0.00794	0.00597	0.00505	0.00153	0.00847	0.00394	0.00356	0.03042
32	0.01374	0.01484	0.02705	0.20542	0.03014	0.05846	0.42728	0.04429	0.01343	0.01770	0.01096	0.01500	0.00842	0.00575	0.00762	0.00198	0.08158	0.00605	0.00293	0.00738
33	0.01133	0.01117	0.11471	0.00985	0.01287	0.00898	0.00879	0.05812	0.14088	0.05521	0.45421	0.03271	0.03765	0.00984	0.00641	0.00185	0.00418	0.00848	0.00577	0.00699
34	0.02325	0.00927	0.01243	0.00978	0.01383	0.00801	0.00798	0.02541	0.01616	0.65140	0.04658	0.04543	0.08661	0.00835	0.00602	0.00183	0.00465	0.00688	0.00696	0.00916
35	0.01540	0.01227	0.01396	0.01110	0.03551	0.01158	0.00864	0.20380	0.12578	0.04245	0.01358	0.01423	0.01046	0.00562	0.00501	0.00130	0.00498	0.00448	0.00450	0.45534
36	0.00800	0.00591	0.00747	0.00713	0.00856	0.00538	0.00533	0.01050	0.01584	0.02196	0.63281	0.06688	0.15768	0.01249	0.00688	0.00186	0.00279	0.01095	0.00623	0.00538
37	0.01321	0.01530	0.11318	0.29794	0.37466	0.05167	0.01736	0.01712	0.01271	0.01721	0.01056	0.01433	0.00838	0.00549	0.00572	0.00180	0.00760	0.00499	0.00273	0.00803
38	0.01036	0.00759	0.00908	0.00862	0.00969	0.00829	0.00610	0.08155	0.08109	0.01618	0.01887	0.10493	0.01942	0.35286	0.18966	0.00522	0.03004	0.00809	0.02706	0.00531
39	0.00707	0.00510	0.00670	0.00798	0.00840	0.00473	0.00535	0.00811	0.01125	0.01489	0.03348	0.75268	0.07670	0.01803	0.00739	0.00234	0.00335	0.01631	0.00540	0.00473
40	0.01373	0.01569	0.03431	0.02451	0.03039	0.01471	0.73824	0.01863	0.01373	0.01863	0.01176	0.01569	0.00882	0.00490	0.00686	0.00196	0.00980	0.00686	0.00294	0.00784
41	0.01574	0.01448	0.02205	0.04930	0.58731	0.03525	0.01636	0.13313	0.03152	0.02169	0.01163	0.01440	0.00942	0.00556	0.00576	0.00173	0.00690	0.00518	0.00341	0.00918
42	0.01372	0.01313	0.02239	0.18255	0.61775	0.01364	0.01751	0.01726	0.01292	0.01818	0.01082	0.01461	0.00892	0.00531	0.00577	0.00177	0.00707	0.00518	0.00282	0.00867
43	0.00846	0.00564	0.00634	0.00634	0.00634	0.00564	0.00352	0.00846	0.00846	0.01128	0.01832	0.03805	0.02114	0.79563	0.02960	0.00564	0.00564	0.00846	0.00352	0.00352
44	0.01457	0.01415	0.02343	0.03519	0.74146	0.03212	0.01769	0.01798	0.01332	0.01888	0.01089	0.01430	0.00917	0.00520	0.00574	0.00172	0.00699	0.00515	0.00288	0.00915
45	0.01494	0.01310	0.01339	0.01198	0.01531	0.03882	0.00933	0.05320	0.70248	0.02440	0.02289	0.02109	0.01717	0.00780	0.00589	0.00195	0.00485	0.00644	0.00582	0.00915
46	0.00714	0.00508	0.00673	0.00803	0.00836	0.00476	0.00533	0.00811	0.01103	0.01471	0.03153	0.76340	0.03781	0.04755	0.00826	0.00249	0.00346	0.01623	0.00533	0.00468
47	0.01555	0.79913	0.03047	0.00995	0.01493	0.02301	0.00995	0.01741	0.01182	0.01368	0.00808	0.00933	0.00746	0.00498	0.00373	0.00124	0.00622	0.00311	0.00249	0.00746
48	0.00709	0.00506	0.00675	0.00810	0.00843	0.00472	0.00540	0.00810	0.01113	0.01484	0.03205	0.79184	0.03846	0.01822	0.00742	0.00236	0.00337	0.01653	0.00540	0.00472
49	0.01286	0.01406	0.02981	0.02242	0.04855	0.01324	0.60078	0.01722	0.01347	0.01823	0.01487	0.08506	0.01318	0.00687	0.00696	0.00204	0.00884	0.06078	0.00333	0.00743
50	0.83671	0.01125	0.00855	0.00765	0.01125	0.01305	0.00630	0.01709	0.00990	0.02609	0.00810	0.00945	0.00630	0.00540	0.00360	0.00180	0.00450	0.00315	0.00360	0.00630
51	0.01383	0.01342	0.02202	0.20270	0.57705	0.03480	0.01728	0.01733	0.01297	0.01793	0.01075	0.01453	0.00884	0.00535	0.00576	0.00177	0.00720	0.00514	0.00282	0.00852
52	0.02609	0.00990	0.01350	0.01035	0.01484	0.00855	0.00855	0.02834	0.01664	0.76338	0.02294	0.01979	0.01439	0.00720	0.00585	0.00180	0.00495	0.00585	0.00720	0.00990
53	0.01063	0.00660	0.00818	0.00869	0.00984	0.02905	0.00618	0.01191	0.01230	0.13405	0.03058	0.60268	0.05289	0.01593	0.00711	0.00224	0.00389	0.03601	0.00561	0.00563
54	0.02172	0.02772	0.01648	0.01498	0.01798	0.77228	0.01124	0.02322	0.01648	0.01423	0.00899	0.01049	0.00749	0.00599	0.00524	0.00150	0.01049	0.00375	0.00300	0.00674
55	0.01010	0.00505	0.00758	0.00758	0.00758	0.00505	0.00505	0.00758	0.00758	0.01010	0.01010	0.01768	0.01010	0.02020	0.02273	0.83081	0.00505	0.00505	0.00253	0.00253
56	0.00707	0.00511	0.00669	0.00796	0.00840	0.00474	0.00534	0.00811	0.01127	0.01490	0.03374	0.74563	0.08358	0.01800	0.00739	0.00234	0.00335	0.01626	0.00540	0.00474
57	0.07634	0.01429	0.02028	0.14220	0.44919	0.06798	0.01546	0.08610	0.01418	0.02008	0.01068	0.01382	0.00867	0.00567	0.00598	0.00177	0.03082	0.00493	0.00316	0.00838
58	0.01427	0.01369	0.02338	0.06335	0.73269	0.01378	0.01778	0.01774	0.01318	0.01884	0.01092	0.01443	0.00916	0.00520	0.00576	0.00173	0.00694	0.00518	0.00287	0.00911
59	0.00831	0.00623	0.00935	0.00935	0.01038	0.00727	0.00727	0.01038	0.00935	0.01350	0.01558	0.02285	0.01454	0.04361	0.77259	0.00935	0.01558	0.00623	0.00312	0.00519
60	0.01206	0.01034	0.01206	0.00861	0.01378	0.00775	0.00689	0.01464	0.01206	0.01895	0.01034	0.01206	0.00861	0.00431	0.00431	0.00086	0.00431	0.00345	0.00345	0.83118
61	0.01298	0.00748	0.00771	0.00693	0.00891	0.00782	0.00539	0.15153	0.01507	0.02452	0.01802	0.02021	0.01395	0.00681	0.00440	0.00143	0.00341	0.00539	0.67175	0.00627
62	0.01084	0.00542	0.00542	0.00542	0.00678	0.00542	0.00407	0.01355	0.01220	0.02168	0.01897	0.02168	0.01491	0.00678	0.00407	0.00136	0.00271	0.00542	0.82791	0.00542
63	0.00845	0.00566	0.00644	0.00644	0.00647	0.00569	0.00364	0.00852	0.00848	0.01135	0.01824	0.03757	0.02093	0.77172	0.05322	0.00576	0.00595	0.00839	0.00351	0.00358
64	0.01314	0.15608	0.45186	0.01642	0.02321	0.03417	0.12246	0.03221	0.01258	0.01760	0.01008	0.01229	0.00766	0.00570	0.00634	0.00180	0.06115	0.00453	0.00262	0.00812
65	0.00876	0.00668	0.00837	0.00799	0.00943	0.00661	0.00599	0.01250	0.08579	0.02173	0.54044	0.12163	0.09306	0.01231	0.00721	0.00193	0.02703	0.01073	0.00606	0.00575
66	0.00890	0.00678	0.00935	0.00910	0.00972	0.00795	0.00677	0.01031	0.00921	0.01325	0.01607	0.05463	0.01637	0.23637	0.43601	0.00707	0.10393	0.00705	0.02628	0.00488
67	0.01129	0.05914	0.01220	0.05369	0.01341	0.00991	0.03015	0.13778	0.05421	0.01896	0.02361	0.43223	0.02590	0.05844	0.00831	0.00232	0.02587	0.01145	0.00489	0.00621

[dist]
# distance from previous block
# <min> <max>
0	12

[block]
# block no. 1 follows, 40 sequences, length 80
# corresponding to MSA columns:
# 175-177,180-256
name=unknown_B
#
# <colnr> <probs for GDERKNQSTAVLIFYWHMCP>
#	G	D	E	R	K	N	Q	S	T	A	V	L	I	F	Y	W	H	M	C	P
0	0.01059	0.00922	0.01187	0.04448	0.01363	0.06839	0.04938	0.01270	0.01131	0.03666	0.04009	0.13703	0.04980	0.02484	0.34124	0.00514	0.05008	0.00766	0.00373	0.07216
1	0.01015	0.00840	0.01101	0.08760	0.01369	0.04267	0.00847	0.01221	0.01013	0.01464	0.01421	0.02096	0.01303	0.08001	0.40085	0.00597	0.12551	0.00589	0.10912	0.00548
2	0.01009	0.00551	0.00584	0.00584	0.00682	0.00556	0.00406	0.01204	0.01106	0.01852	0.01865	0.02614	0.01657	0.22100	0.04460	0.00286	0.00406	0.00627	0.56961	0.00490
3	0.29293	0.01144	0.01659	0.31728	0.04556	0.01304	0.12487	0.01657	0.02752	0.01988	0.01044	0.01380	0.00799	0.00567	0.00535	0.00187	0.01834	0.00479	0.03935	0.00671
4	0.00753	0.00527	0.00674	0.00774	0.00803	0.00504	0.00507	0.00834	0.01053	0.01402	0.02844	0.56817	0.03378	0.21975	0.01320	0.00322	0.00404	0.04174	0.00491	0.00444
5	0.01562	0.01307	0.01380	0.01207	0.01556	0.01500	0.00948	0.13815	0.63972	0.02619	0.02220	0.02053	0.01656	0.00775	0.00590	0.00194	0.00487	0.00637	0.00590	0.00931
6	0.01439	0.01382	0.02360	0.03569	0.75936	0.01382	0.01785	0.01785	0.01324	0.01900	0.01094	0.01439	0.00921	0.00518	0.00576	0.00173	0.00691	0.00518	0.00288	0.00921
7	0.01118	0.01045	0.01724	0.69924	0.06186	0.01256	0.01551	0.01494	0.01171	0.01530	0.01036	0.01521	0.00786	0.00568	0.00570	0.00185	0.00747	0.00504	0.00266	0.06817
8	0.00927	0.00662	0.00926	0.01059	0.01189	0.00661	0.00920	0.01187	0.01329	0.01729	0.03085	0.09752	0.03369	0.01616	0.00801	0.00266	0.00527	0.68928	0.00536	0.00533
9	0.01331	0.00861	0.04389	0.01104	0.01352	0.00752	0.02751	0.01604	0.01402	0.18934	0.02821	0.07528	0.04152	0.01333	0.00735	0.00240	0.00540	0.46955	0.00560	0.00658
10	0.06537	0.01324	0.05363	0.01074	0.01389	0.10410	0.00875	0.12514	0.05142	0.21139	0.03793	0.02108	0.01451	0.16305	0.03484	0.00277	0.02955	0.00592	0.02523	0.00745
11	0.00709	0.00506	0.00675	0.00810	0.00843	0.00472	0.00540	0.00810	0.01113	0.01484	0.03205	0.79184	0.03846	0.01822	0.00742	0.00236	0.00337	0.01653	0.00540	0.00472
12	0.00910	0.00664	0.00830	0.00777	0.00939	0.00638	0.00586	0.01308	0.08813	0.03723	0.62150	0.05707	0.08382	0.01167	0.00676	0.00186	0.00299	0.01025	0.00630	0.00589
13	0.01360	0.17321	0.45910	0.01512	0.02185	0.04837	0.06412	0.01853	0.01250	0.04829	0.01065	0.01246	0.00801	0.00571	0.00583	0.00174	0.04212	0.00435	0.02634	0.00811
14	0.01449	0.04071	0.55820	0.01595	0.02352	0.01290	0.07549	0.02019	0.01317	0.15197	0.01274	0.01384	0.00874	0.00576	0.00565	0.00183	0.00799	0.00475	0.00335	0.00875
15	0.01166	0.03008	0.76550	0.01657	0.02517	0.01351	0.02149	0.01842	0.01228	0.01842	0.01044	0.01228	0.00737	0.00552	0.00552	0.00184	0.00859	0.00430	0.00246	0.00859
16	0.01175	0.02871	0.70650	0.01647	0.02439	0.01385	0.02079	0.01807	0.01201	0.01807	0.01021	0.01231	0.00739	0.00589	0.00659	0.00190	0.06986	0.00436	0.00246	0.00842
17	0.02093	0.03394	0.01543	0.01178	0.01584	0.01417	0.00961	0.45367	0.02227	0.20531	0.03766	0.07494	0.01462	0.03402	0.00670	0.00192	0.00570	0.00642	0.00597	0.00911
18	0.01085	0.00648	0.00835	0.00773	0.00956	0.00582	0.00584	0.01314	0.01543	0.14292	0.45733	0.13312	0.13626	0.01226	0.00676	0.00191	0.00321	0.01071	0.00628	0.00604
19	0.01340	0.01194	0.01971	0.05073	0.55584	0.01185	0.01486	0.01662	0.01385	0.04717	0.13586	0.02113	0.04803	0.00678	0.00599	0.00176	0.00601	0.00638	0.00371	0.00836
20	0.01608	0.50243	0.12941	0.01109	0.01629	0.01884	0.01127	0.04230	0.06510	0.09816	0.03228	0.01286	0.01034	0.00576	0.00452	0.00147	0.00621	0.00410	0.00346	0.00803
21	0.01645	0.01041	0.03828	0.01157	0.01474	0.00982	0.02640	0.14616	0.04117	0.22347	0.02435	0.05901	0.02228	0.01122	0.00685	0.00220	0.00556	0.31659	0.00580	0.00767
22	0.01449	0.01440	0.02717	0.02005	0.02494	0.01409	0.49138	0.15202	0.03751	0.02169	0.01502	0.11091	0.01293	0.00701	0.00671	0.00197	0.00823	0.00774	0.00387	0.00788
23	0.01183	0.02894	0.70780	0.01720	0.02558	0.01360	0.07805	0.01843	0.01239	0.01843	0.01054	0.01255	0.00748	0.00548	0.00563	0.00185	0.00869	0.00450	0.00249	0.00853
24	0.05498	0.01092	0.01237	0.00913	0.01402	0.00919	0.00734	0.08677	0.03106	0.02106	0.01103	0.01260	0.00898	0.00566	0.02294	0.00123	0.00480	0.00375	0.00374	0.66843
25	0.01366	0.00720	0.00938	0.00837	0.01065	0.00650	0.00643	0.01623	0.03305	0.25149	0.35130	0.14439	0.09461	0.01147	0.00660	0.00191	0.00358	0.00998	0.00641	0.00679
26	0.00839	0.00597	0.00789	0.00844	0.00916	0.00610	0.00625	0.00983	0.01076	0.01445	0.04866	0.16385	0.04685	0.25645	0.18179	0.00493	0.00721	0.19403	0.00436	0.00466
27	0.01977	0.00851	0.01150	0.00936	0.01275	0.00749	0.00756	0.02219	0.01650	0.50008	0.26433	0.02879	0.02822	0.00898	0.00624	0.00183	0.00423	0.02646	0.00689	0.00833
28	0.01294	0.25868	0.32207	0.16470	0.04535	0.01638	0.06966	0.01742	0.01214	0.01631	0.00981	0.01232	0.00763	0.00536	0.00514	0.00168	0.00775	0.00432	0.00254	0.00780
29	0.01108	0.01044	0.01763	0.75947	0.06144	0.01295	0.01620	0.01495	0.01168	0.01498	0.01035	0.01547	0.00780	0.00580	0.00581	0.00193	0.00773	0.00517	0.00259	0.00654
30	0.00709	0.00506	0.00675	0.00810	0.00843	0.00472	0.00540	0.00810	0.01113	0.01484	0.03205	0.79184	0.03846	0.01822	0.00742	0.00236	0.00337	0.01653	0.00540	0.00472
31	0.03919	0.01014	0.01322	0.01040	0.01466	0.00926	0.00851	0.02802	0.10404	0.64359	0.04046	0.02040	0.01562	0.00736	0.00584	0.00182	0.00485	0.00600	0.00696	0.00964
32	0.01383	0.01324	0.02259	0.15828	0.64115	0.01367	0.01757	0.01736	0.01298	0.01832	0.01084	0.01458	0.00897	0.00529	0.00577	0.00176	0.00705	0.00518	0.00283	0.00876
33	0.00727	0.00523	0.00689	0.00789	0.00846	0.00486	0.00538	0.00858	0.01208	0.01627	0.15198	0.64380	0.06561	0.01706	0.00731	0.00226	0.00326	0.01540	0.00556	0.00486
34	0.00709	0.00506	0.00675	0.00810	0.00843	0.00472	0.00540	0.00810	0.01113	0.01484	0.03205	0.79184	0.03846	0.01822	0.00742	0.00236	0.00337	0.01653	0.00540	0.00472
35	0.00937	0.00669	0.00937	0.01071	0.01205	0.00669	0.00937	0.01205	0.01339	0.01740	0.03079	0.06560	0.03347	0.01606	0.00803	0.00268	0.00535	0.72021	0.00535	0.00535
36	0.00840	0.00600	0.00826	0.00960	0.01052	0.00586	0.00769	0.01037	0.01243	0.01632	0.03132	0.37315	0.03558	0.01698	0.00777	0.00254	0.00452	0.42221	0.00537	0.00509
37	0.02091	0.01386	0.01534	0.01211	0.01635	0.01491	0.00989	0.45270	0.13391	0.17293	0.01877	0.01784	0.03677	0.00741	0.00583	0.00179	0.00564	0.00579	0.02776	0.00950
38	0.01265	0.00981	0.01383	0.32963	0.04209	0.01095	0.01134	0.10667	0.03769	0.05081	0.08936	0.02483	0.02860	0.04246	0.00699	0.00204	0.00595	0.06919	0.06764	0.03747
39	0.17418	0.19879	0.01823	0.07294	0.01775	0.39771	0.01039	0.02008	0.01379	0.01641	0.00872	0.01042	0.00728	0.00563	0.00463	0.00153	0.00816	0.00360	0.00296	0.00680
40	0.01375	0.01493	0.02472	0.23116	0.09604	0.09429	0.30518	0.01741	0.01278	0.01657	0.01048	0.01459	0.00827	0.00597	0.00787	0.00196	0.10827	0.00569	0.00279	0.00728
41	0.01121	0.01051	0.01739	0.73076	0.05539	0.01301	0.01588	0.01563	0.04408	0.01537	0.01094	0.01575	0.00822	0.00589	0.00582	0.00193	0.00759	0.00523	0.00274	0.00664
42	0.00708	0.00509	0.00672	0.00802	0.00841	0.00473	0.00536	0.00811	0.01121	0.01487	0.03297	0.76679	0.06291	0.01810	0.00740	0.00235	0.00336	0.01639	0.00540	0.00473
43	0.01963	0.02354	0.01876	0.01630	0.03712	0.53538	0.11105	0.05537	0.07419	0.01689	0.01084	0.01238	0.00866	0.00597	0.00553	0.00160	0.00949	0.00449	0.00336	0.02944
44	0.00971	0.00628	0.00819	0.00752	0.00918	0.00573	0.00571	0.01236	0.01636	0.08628	0.66760	0.04188	0.07760	0.01159	0.00677	0.00183	0.00294	0.01018	0.00643	0.00584
45	0.01094	0.00798	0.00973	0.00919	0.01107	0.00804	0.00724	0.15450	0.01708	0.02321	0.33359	0.15854	0.07039	0.01279	0.00696	0.00206	0.00405	0.14056	0.00589	0.00619
46	0.01439	0.01382	0.02360	0.03569	0.75936	0.01382	0.01785	0.01785	0.01324	0.01900	0.01094	0.01439	0.00921	0.00518	0.00576	0.00173	0.00691	0.00518	0.00288	0.00921
47	0.00708	0.00522	0.00658	0.00766	0.00827	0.00478	0.00517	0.00815	0.01144	0.01490	0.03650	0.63989	0.16671	0.03836	0.00792	0.00238	0.00336	0.01555	0.00535	0.00472
48	0.02214	0.05089	0.01659	0.01408	0.01744	0.60096	0.01081	0.06149	0.01692	0.11946	0.01116	0.01192	0.00858	0.00618	0.00531	0.00154	0.00936	0.00409	0.00371	0.00737
49	0.01395	0.02617	0.62334	0.01532	0.02307	0.01249	0.01897	0.01986	0.01310	0.14096	0.03077	0.01428	0.00969	0.00596	0.00561	0.00183	0.00785	0.00470	0.00333	0.00873
50	0.00732	0.00522	0.00662	0.00764	0.00802	0.00490	0.00500	0.00818	0.01078	0.01425	0.03123	0.60870	0.08012	0.15954	0.01143	0.00293	0.00376	0.01480	0.00506	0.00452
51	0.01320	0.01260	0.02146	0.29580	0.50854	0.01350	0.01726	0.01680	0.01268	0.01755	0.01073	0.01478	0.00870	0.00540	0.00578	0.00180	0.00720	0.00518	0.00278	0.00825
52	0.14720	0.01132	0.01595	0.59796	0.03361	0.04647	0.01421	0.01557	0.01148	0.01665	0.00983	0.01421	0.00750	0.00588	0.00582	0.00191	0.03045	0.00477	0.00277	0.00644
53	0.05624	0.02057	0.01535	0.01295	0.01676	0.41063	0.01006	0.15736	0.01753	0.07888	0.01121	0.01209	0.00862	0.00597	0.00517	0.00148	0.00800	0.00412	0.00396	0.14305
54	0.00801	0.00545	0.00647	0.00691	0.00702	0.00534	0.00413	0.00834	0.00932	0.01243	0.02276	0.28152	0.02674	0.54454	0.02244	0.00458	0.00491	0.01106	0.00413	0.00391
55	0.83671	0.01125	0.00855	0.00765	0.01125	0.01305	0.00630	0.01709	0.00990	0.02609	0.00810	0.00945	0.00630	0.00540	0.00360	0.00180	0.00450	0.00315	0.00360	0.00630
56	0.00801	0.00545	0.00647	0.00691	0.00702	0.00534	0.00413	0.00834	0.00932	0.01243	0.02275	0.28099	0.02672	0.54508	0.02245	0.00458	0.00491	0.01106	0.00413	0.00391
57	0.03308	0.01036	0.01197	0.00859	0.01372	0.00789	0.00688	0.01471	0.01200	0.01913	0.01028	0.01199	0.00855	0.00433	0.00429	0.00089	0.00431	0.00344	0.00345	0.81015
58	0.01555	0.79913	0.03047	0.00995	0.01493	0.02301	0.00995	0.01741	0.01182	0.01368	0.00808	0.00933	0.00746	0.00498	0.00373	0.00124	0.00622	0.00311	0.00249	0.00746
59	0.01545	0.78056	0.04822	0.01011	0.01517	0.02278	0.01023	0.01744	0.01183	0.01380	0.00814	0.00940	0.00746	0.00499	0.00377	0.00126	0.00628	0.00314	0.00249	0.00749
60	0.00832	0.00620	0.00918	0.00918	0.01017	0.00718	0.00707	0.01028	0.00930	0.01338	0.01572	0.02366	0.01489	0.08394	0.73274	0.00915	0.01504	0.00635	0.00314	0.00510
61	0.00742	0.00543	0.00700	0.00781	0.00862	0.00501	0.00552	0.00894	0.01261	0.01683	0.18389	0.50831	0.12906	0.01637	0.00727	0.00222	0.00330	0.05383	0.00560	0.00494
62	0.00705	0.00555	0.00637	0.00690	0.00815	0.00487	0.00489	0.00843	0.01261	0.01588	0.09618	0.35752	0.41306	0.01597	0.00710	0.00212	0.00311	0.01390	0.00547	0.00487
63	0.03701	0.01036	0.01716	0.75725	0.03914	0.01292	0.01584	0.01493	0.01157	0.01521	0.01027	0.01531	0.00771	0.00580	0.00574	0.00193	0.00765	0.00510	0.00262	0.00645
64	0.00701	0.00573	0.00619	0.00642	0.00803	0.00491	0.00469	0.00849	0.01307	0.01609	0.10375	0.19813	0.56690	0.01520	0.00698	0.00203	0.00301	0.01297	0.00547	0.00491
65	0.00754	0.00556	0.00706	0.00743	0.00846	0.00508	0.00529	0.00937	0.01374	0.01861	0.34693	0.35989	0.15363	0.01498	0.00710	0.00207	0.00304	0.01331	0.00583	0.00508
66	0.01312	0.01030	0.01217	0.00874	0.01386	0.00781	0.00702	0.01567	0.01240	0.07501	0.01129	0.01264	0.00905	0.00452	0.00442	0.00093	0.00435	0.00363	0.00373	0.76933
67	0.01680	0.01425	0.02157	0.04514	0.54210	0.07281	0.03690	0.01996	0.01404	0.14086	0.01277	0.01503	0.00989	0.00558	0.00577	0.00173	0.00697	0.00523	0.00359	0.00903
68	0.00997	0.00871	0.01200	0.03339	0.01268	0.03214	0.00903	0.01181	0.00948	0.01364	0.01315	0.01991	0.01243	0.05082	0.50606	0.00697	0.22343	0.00587	0.00295	0.00555
69	0.04070	0.01175	0.01309	0.01011	0.01464	0.01104	0.00809	0.16553	0.13628	0.04251	0.01424	0.03992	0.01144	0.00601	0.00500	0.00133	0.00477	0.00481	0.00450	0.45425
70	0.01533	0.53980	0.11995	0.01339	0.03770	0.07984	0.08903	0.01814	0.01248	0.01497	0.00891	0.01059	0.00764	0.00512	0.00446	0.00143	0.00725	0.00376	0.00258	0.00763
71	0.00818	0.00608	0.00781	0.00868	0.00982	0.00580	0.00674	0.01047	0.03445	0.01700	0.10731	0.31870	0.15754	0.01596	0.00744	0.00234	0.00397	0.26103	0.00550	0.00518
72	0.00846	0.00564	0.00634	0.00634	0.00634	0.00564	0.00352	0.00846	0.00846	0.01128	0.01832	0.03805	0.02114	0.79563	0.02960	0.00564	0.00564	0.00846	0.00352	0.00352
73	0.01105	0.01046	0.01785	0.76344	0.03982	0.01296	0.03352	0.01495	0.01168	0.01495	0.01037	0.01551	0.00778	0.00579	0.00584	0.00194	0.00780	0.00521	0.00259	0.00649
74	0.00740	0.00558	0.00684	0.00723	0.00836	0.00502	0.00515	0.00911	0.01347	0.01786	0.27623	0.34229	0.24394	0.01518	0.00709	0.00208	0.00305	0.01338	0.00573	0.00502
75	0.01060	0.00719	0.00889	0.00806	0.01002	0.00691	0.00617	0.03348	0.08817	0.08521	0.54995	0.03951	0.10057	0.01119	0.00666	0.00185	0.00322	0.00973	0.00633	0.00629
76	0.02174	0.02717	0.01653	0.01491	0.01798	0.73640	0.01123	0.05732	0.01700	0.01530	0.00923	0.01065	0.00760	0.00604	0.00527	0.00151	0.01029	0.00382	0.00313	0.00689
77	0.01101	0.01204	0.10600	0.08515	0.01726	0.01125	0.02852	0.03511	0.01092	0.01604	0.01187	0.01663	0.01039	0.02022	0.28828	0.00457	0.16466	0.00519	0.00300	0.14191
78	0.01726	0.01309	0.01451	0.01197	0.01544	0.01467	0.00961	0.42025	0.17198	0.02851	0.01647	0.01833	0.01291	0.04879	0.15539	0.00343	0.00777	0.00585	0.00521	0.00856
79	0.64902	0.01087	0.00926	0.00790	0.01168	0.01178	0.00643	0.01679	0.01041	0.04953	0.00903	0.01047	0.00707	0.00572	0.00436	0.02630	0.00450	0.00335	0.00366	0.14187

[dist]
# distance from previous block
# <min> <max>
0	1

[block]
# block no. 2 follows, 40 sequences, length 26
# corresponding to MSA columns:
# 258-283
name=unknown_C
#
# <colnr> <probs for GDERKNQSTAVLIFYWHMCP>
#	G	D	E	R	K	N	Q	S	T	A	V	L	I	F	Y	W	H	M	C	P
0	0.01130	0.01066	0.01802	0.71218	0.10705	0.01300	0.01631	0.01514	0.01178	0.01524	0.01039	0.01540	0.00789	0.00576	0.00581	0.00192	0.00767	0.00517	0.00261	0.00672
1	0.01209	0.01154	0.01980	0.53436	0.25630	0.01324	0.03835	0.01587	0.01218	0.01622	0.01056	0.01517	0.00822	0.00560	0.00583	0.00188	0.00756	0.00522	0.00268	0.00733
2	0.02165	0.01912	0.01700	0.01373	0.01788	0.21645	0.01101	0.51817	0.05814	0.03017	0.01311	0.01341	0.00962	0.00676	0.00567	0.00169	0.00739	0.00491	0.00508	0.00903
3	0.02222	0.01470	0.01630	0.01265	0.01715	0.01586	0.01040	0.53803	0.08869	0.17811	0.01658	0.01579	0.01146	0.00710	0.00583	0.00178	0.00596	0.00547	0.00610	0.00983
4	0.01163	0.00711	0.00989	0.01056	0.01233	0.00691	0.00914	0.01425	0.01393	0.11992	0.05204	0.05863	0.03151	0.01472	0.00770	0.00253	0.00522	0.60038	0.00564	0.00598
5	0.01321	0.07549	0.65205	0.01560	0.02360	0.01364	0.01960	0.01926	0.01265	0.08578	0.01143	0.01278	0.00801	0.00564	0.00544	0.00180	0.00812	0.00437	0.00289	0.00864
6	0.00702	0.00577	0.00619	0.00635	0.00802	0.00493	0.00466	0.00854	0.01321	0.01624	0.11591	0.16785	0.58513	0.01501	0.00696	0.00201	0.00299	0.01277	0.00549	0.00493
7	0.01166	0.03008	0.76550	0.01657	0.02517	0.01351	0.02149	0.01842	0.01228	0.01842	0.01044	0.01228	0.00737	0.00552	0.00552	0.00184	0.00859	0.00430	0.00246	0.00859
8	0.00709	0.00506	0.00675	0.00810	0.00843	0.00472	0.00540	0.00810	0.01113	0.01484	0.03205	0.79184	0.03846	0.01822	0.00742	0.00236	0.00337	0.01653	0.00540	0.00472
9	0.00880	0.00661	0.00791	0.00814	0.00958	0.00641	0.00598	0.01245	0.11230	0.03515	0.18363	0.32657	0.19247	0.01444	0.00698	0.00212	0.00345	0.04564	0.00571	0.00567
10	0.01762	0.03523	0.05277	0.17625	0.05650	0.01505	0.01254	0.32524	0.01870	0.10379	0.01392	0.04942	0.01077	0.00734	0.00702	0.00188	0.07723	0.00567	0.00458	0.00846
11	0.01015	0.00532	0.00807	0.04644	0.00921	0.00545	0.00561	0.00794	0.00778	0.01034	0.01011	0.01757	0.00998	0.01948	0.02188	0.78919	0.00519	0.00506	0.00253	0.00272
12	0.01877	0.13864	0.01851	0.01601	0.12013	0.41623	0.01120	0.03427	0.01544	0.06219	0.06684	0.01425	0.01195	0.00628	0.00523	0.00154	0.00816	0.00456	0.02249	0.00732
13	0.01262	0.01032	0.01212	0.00868	0.01382	0.00778	0.00696	0.01519	0.01224	0.04877	0.01084	0.01237	0.00884	0.00442	0.00437	0.00090	0.00433	0.00354	0.00360	0.79828
14	0.01689	0.25690	0.23733	0.01424	0.04583	0.13067	0.01394	0.16238	0.01591	0.03976	0.01056	0.01173	0.00817	0.00575	0.00502	0.00159	0.00757	0.00412	0.00335	0.00829
15	0.00739	0.00531	0.00705	0.03337	0.00921	0.00511	0.00552	0.00837	0.01081	0.01439	0.02960	0.67111	0.03526	0.11593	0.01017	0.00276	0.00380	0.01514	0.00507	0.00463
16	0.04834	0.01084	0.05096	0.01050	0.01509	0.00884	0.00905	0.02705	0.01622	0.68464	0.04171	0.01976	0.01490	0.00719	0.00579	0.00180	0.00506	0.00582	0.00683	0.00961
17	0.00787	0.00588	0.00731	0.00705	0.00849	0.00532	0.00525	0.01024	0.01546	0.02118	0.56313	0.08912	0.20654	0.01287	0.00689	0.00189	0.00282	0.01124	0.00613	0.00532
18	0.02211	0.01629	0.01745	0.01338	0.01803	0.01803	0.01105	0.73997	0.02734	0.03665	0.01396	0.01396	0.00989	0.00698	0.00582	0.00175	0.00640	0.00524	0.00582	0.00989
19	0.02167	0.00988	0.01306	0.05436	0.01543	0.00925	0.00861	0.09849	0.01706	0.51382	0.11603	0.02285	0.01910	0.04449	0.00708	0.00198	0.00501	0.00647	0.00651	0.00883
20	0.00753	0.00587	0.00684	0.00670	0.00829	0.00517	0.00499	0.00958	0.01465	0.01927	0.38809	0.09522	0.37978	0.01360	0.00690	0.00192	0.00288	0.01170	0.00588	0.00517
21	0.01166	0.03008	0.76550	0.01657	0.02517	0.01351	0.02149	0.01842	0.01228	0.01842	0.01044	0.01228	0.00737	0.00552	0.00552	0.00184	0.00859	0.00430	0.00246	0.00859
22	0.02049	0.01266	0.02835	0.08926	0.08999	0.07096	0.01094	0.08249	0.08602	0.37378	0.01902	0.02032	0.01362	0.00730	0.00591	0.00185	0.00602	0.04655	0.00557	0.00889
23	0.01892	0.01191	0.01476	0.01309	0.06401	0.01225	0.02577	0.27075	0.09266	0.22709	0.06510	0.10699	0.01829	0.00872	0.00614	0.00188	0.00535	0.02160	0.00592	0.00879
24	0.07248	0.01020	0.01335	0.01030	0.01475	0.00915	0.00851	0.05338	0.01664	0.69482	0.02177	0.01899	0.01377	0.00709	0.00572	0.00180	0.00497	0.00567	0.00694	0.00969
25	0.01522	0.01256	0.04581	0.05377	0.20996	0.01213	0.11861	0.09762	0.01504	0.12772	0.04780	0.04435	0.07220	0.00764	0.00689	0.00188	0.05226	0.02007	0.03041	0.00805

[dist]
# distance from previous block
# <min> <max>
2	5

[block]
# block no. 3 follows, 40 sequences, length 25
# corresponding to MSA columns:
# 289-299,309-322
name=unknown_D
#
# <colnr> <probs for GDERKNQSTAVLIFYWHMCP>
#	G	D	E	R	K	N	Q	S	T	A	V	L	I	F	Y	W	H	M	C	P
0	0.65795	0.05292	0.01130	0.00899	0.01267	0.07088	0.03173	0.03660	0.01119	0.02427	0.01001	0.01128	0.02975	0.00573	0.00400	0.00176	0.00522	0.00365	0.00359	0.00650
1	0.01604	0.01318	0.03830	0.11346	0.06086	0.01402	0.01115	0.32484	0.14397	0.02686	0.09159	0.04337	0.01694	0.00830	0.00652	0.02546	0.00584	0.02592	0.00508	0.00831
2	0.05770	0.04167	0.47989	0.01496	0.03743	0.03417	0.03898	0.01888	0.03237	0.07806	0.03258	0.03197	0.01034	0.00608	0.00545	0.00176	0.00741	0.00487	0.00327	0.06215
3	0.01272	0.01032	0.01213	0.00870	0.01383	0.00779	0.00697	0.01529	0.01228	0.05423	0.01093	0.01243	0.00889	0.00444	0.00438	0.00091	0.00434	0.00356	0.00362	0.79226
4	0.07705	0.01046	0.01272	0.27430	0.02128	0.04008	0.01016	0.13280	0.01448	0.04399	0.01413	0.03396	0.01104	0.00669	0.00543	0.00172	0.02355	0.00532	0.25409	0.00676
5	0.00844	0.00570	0.00664	0.00664	0.00674	0.00580	0.00389	0.00865	0.00854	0.01150	0.01805	0.03655	0.02049	0.72116	0.10318	0.00600	0.00662	0.00824	0.00348	0.00369
6	0.01710	0.01313	0.01462	0.01183	0.01566	0.03493	0.02990	0.31282	0.18236	0.06755	0.08821	0.06206	0.01755	0.00791	0.00588	0.00174	0.00538	0.00651	0.00552	0.09933
7	0.01124	0.00581	0.00585	0.00571	0.00718	0.00587	0.00432	0.03955	0.01274	0.02222	0.01879	0.02140	0.01473	0.00678	0.00413	0.00137	0.00284	0.00541	0.79848	0.00558
8	0.01937	0.01417	0.01528	0.01218	0.01606	0.01559	0.00985	0.57927	0.05713	0.03256	0.01648	0.08722	0.01346	0.02761	0.00646	0.00189	0.00580	0.00643	0.05423	0.00896
9	0.00709	0.00506	0.00675	0.00810	0.00843	0.00472	0.00540	0.00810	0.01113	0.01484	0.03205	0.79184	0.03846	0.01822	0.00742	0.00236	0.00337	0.01653	0.00540	0.00472
10	0.01206	0.01034	0.01206	0.00861	0.01378	0.00775	0.00689	0.01464	0.01206	0.01895	0.01034	0.01206	0.00861	0.00431	0.00431	0.00086	0.00431	0.00345	0.00345	0.83118
11	0.01723	0.01353	0.04456	0.05537	0.01768	0.01320	0.02407	0.31854	0.08958	0.08548	0.01551	0.06329	0.01225	0.00700	0.00559	0.00162	0.00567	0.00569	0.00499	0.19914
12	0.01752	0.01401	0.01487	0.01245	0.01629	0.01589	0.00994	0.31442	0.46035	0.02925	0.01979	0.01860	0.01461	0.00753	0.00588	0.00188	0.00532	0.00604	0.00588	0.00948
13	0.01010	0.00505	0.00758	0.00758	0.00758	0.00505	0.00505	0.00758	0.00758	0.01010	0.01010	0.01768	0.01010	0.02020	0.02273	0.83081	0.00505	0.00505	0.00253	0.00253
14	0.03904	0.00737	0.00893	0.00827	0.01023	0.00720	0.00628	0.01531	0.11101	0.10747	0.39735	0.09900	0.08916	0.04224	0.00748	0.00207	0.00354	0.02566	0.00605	0.00633
15	0.01496	0.01490	0.02305	0.03408	0.70173	0.07277	0.01733	0.01826	0.01349	0.01863	0.01079	0.01409	0.00908	0.00524	0.00572	0.00171	0.00719	0.00507	0.00289	0.00902
16	0.02006	0.01517	0.01633	0.01268	0.01721	0.01648	0.01037	0.57200	0.11818	0.03319	0.01482	0.01475	0.01076	0.00681	0.00567	0.00168	0.00595	0.00522	0.00558	0.09709
17	0.01017	0.00671	0.00986	0.07845	0.01178	0.00768	0.00725	0.00944	0.00877	0.01210	0.01311	0.12769	0.01369	0.01675	0.01799	0.48969	0.12462	0.00672	0.02368	0.00386
18	0.01417	0.11489	0.55533	0.01519	0.02272	0.01394	0.03992	0.01968	0.01287	0.12095	0.01194	0.01308	0.00839	0.00567	0.00540	0.00177	0.00785	0.00445	0.00313	0.00862
19	0.01266	0.01241	0.01932	0.50384	0.26487	0.05616	0.01641	0.01627	0.01241	0.01612	0.01045	0.01487	0.00820	0.00563	0.00576	0.00185	0.00764	0.00509	0.00270	0.00734
20	0.00903	0.00614	0.00716	0.00724	0.00759	0.00620	0.00466	0.03235	0.00982	0.01302	0.02010	0.04151	0.02267	0.65090	0.02553	0.00506	0.00562	0.11752	0.00388	0.00401
21	0.01299	0.07521	0.25722	0.17923	0.03964	0.10727	0.03724	0.01698	0.01250	0.01639	0.01223	0.01861	0.01053	0.00715	0.00692	0.00192	0.07786	0.08062	0.02230	0.00720
22	0.01297	0.24045	0.49741	0.01644	0.08731	0.01615	0.01799	0.01809	0.01224	0.01716	0.00983	0.01165	0.00756	0.00534	0.00505	0.00167	0.00779	0.00405	0.00250	0.00834
23	0.00846	0.00564	0.00634	0.00634	0.00634	0.00564	0.00352	0.00846	0.00846	0.01128	0.01832	0.03805	0.02114	0.79563	0.02960	0.00564	0.00564	0.00846	0.00352	0.00352
24	0.02096	0.07521	0.04575	0.01473	0.01806	0.69746	0.01155	0.02268	0.01603	0.01436	0.00899	0.01048	0.00748	0.00591	0.00516	0.00150	0.01015	0.00373	0.00294	0.00686

[dist]
# distance from previous block
# <min> <max>
0	1

[block]
# block no. 4 follows, 40 sequences, length 9
# corresponding to MSA columns:
# 324-332
name=unknown_E
#
# <colnr> <probs for GDERKNQSTAVLIFYWHMCP>
#	G	D	E	R	K	N	Q	S	T	A	V	L	I	F	Y	W	H	M	C	P
0	0.06259	0.01490	0.07689	0.04165	0.01806	0.01428	0.01105	0.37926	0.05004	0.24745	0.01627	0.01568	0.01106	0.00684	0.00569	0.00179	0.00604	0.00528	0.00572	0.00945
1	0.01434	0.01199	0.01226	0.01072	0.01378	0.03938	0.00834	0.16722	0.37892	0.02412	0.05142	0.02756	0.15010	0.05434	0.00744	0.00211	0.00487	0.00747	0.00558	0.00803
2	0.01163	0.00988	0.01160	0.00857	0.01332	0.00749	0.00676	0.01408	0.01198	0.01859	0.01221	0.07942	0.01119	0.00551	0.00458	0.00099	0.00423	0.00458	0.00361	0.75978
3	0.00849	0.00617	0.00906	0.00906	0.01012	0.00713	0.00704	0.01061	0.00955	0.01409	0.01582	0.02276	0.01456	0.04093	0.71670	0.00876	0.01464	0.00617	0.06310	0.00521
4	0.00709	0.00590	0.00619	0.00611	0.00799	0.00500	0.00459	0.00876	0.01376	0.01690	0.16827	0.05400	0.64689	0.01428	0.00687	0.00194	0.00291	0.01200	0.00556	0.00500
5	0.02211	0.01629	0.01745	0.01338	0.01803	0.01803	0.01105	0.73997	0.02734	0.03665	0.01396	0.01396	0.00989	0.00698	0.00582	0.00175	0.00640	0.00524	0.00582	0.00989
6	0.01206	0.01034	0.01206	0.00861	0.01378	0.00775	0.00689	0.01464	0.01206	0.01895	0.01034	0.01206	0.00861	0.00431	0.00431	0.00086	0.00431	0.00345	0.00345	0.83118
7	0.00831	0.00623	0.00935	0.00935	0.01038	0.00727	0.00727	0.01038	0.00935	0.01350	0.01558	0.02285	0.01454	0.04361	0.77259	0.00935	0.01558	0.00623	0.00312	0.00519
8	0.01484	0.01279	0.08608	0.03760	0.04017	0.01177	0.01014	0.30547	0.01885	0.05367	0.12820	0.21133	0.02347	0.01026	0.00634	0.00193	0.00533	0.00875	0.00532	0.00769

[dist]
# distance from previous block
# <min> <max>
2	8

[block]
# block no. 5 follows, 40 sequences, length 112
# corresponding to MSA columns:
# 341-383,387-455
name=unknown_F
#
# <colnr> <probs for GDERKNQSTAVLIFYWHMCP>
#	G	D	E	R	K	N	Q	S	T	A	V	L	I	F	Y	W	H	M	C	P
0	0.01920	0.16380	0.04480	0.03522	0.01759	0.01774	0.01092	0.49097	0.04139	0.02899	0.01263	0.01352	0.00950	0.00739	0.00651	0.05510	0.00635	0.00482	0.00477	0.00879
1	0.01558	0.01312	0.04848	0.04711	0.47816	0.01244	0.03088	0.01970	0.06066	0.13422	0.02847	0.01807	0.01221	0.03313	0.00668	0.00192	0.00645	0.02000	0.00386	0.00885
2	0.01201	0.09796	0.70062	0.01599	0.02426	0.01434	0.02047	0.01833	0.01224	0.01800	0.01023	0.01202	0.00737	0.00548	0.00537	0.00179	0.00838	0.00419	0.00246	0.00849
3	0.01543	0.00999	0.01216	0.01142	0.01399	0.03573	0.00969	0.15130	0.01657	0.16185	0.02472	0.04381	0.02379	0.01217	0.00745	0.00229	0.02934	0.40552	0.00562	0.00714
4	0.01264	0.22341	0.58072	0.01491	0.02259	0.01589	0.01859	0.01816	0.01216	0.01723	0.00984	0.01154	0.00739	0.00539	0.00507	0.00169	0.00800	0.00400	0.00246	0.00831
5	0.01426	0.01363	0.02323	0.03503	0.73962	0.01363	0.01762	0.01769	0.01325	0.01896	0.01146	0.01574	0.00985	0.00547	0.00582	0.00175	0.00687	0.02406	0.00294	0.00911
6	0.01096	0.01020	0.01719	0.76216	0.03923	0.01272	0.01587	0.01467	0.01153	0.01474	0.01033	0.01556	0.00781	0.00618	0.00624	0.02281	0.00768	0.00517	0.00258	0.00636
7	0.01836	0.01342	0.01368	0.01159	0.01524	0.08168	0.00918	0.14503	0.34538	0.18750	0.02329	0.02163	0.07178	0.00794	0.00590	0.00185	0.00538	0.00638	0.00588	0.00892
8	0.00811	0.00595	0.00762	0.00731	0.00872	0.00546	0.00551	0.01069	0.01593	0.02219	0.64798	0.06084	0.12277	0.01244	0.00691	0.00188	0.00287	0.03516	0.00625	0.00541
9	0.63692	0.01080	0.00955	0.00818	0.01192	0.01186	0.00673	0.01947	0.01144	0.18781	0.01164	0.01204	0.00830	0.00583	0.00410	0.00179	0.00455	0.00380	0.02621	0.00706
10	0.00825	0.00558	0.00740	0.00788	0.00878	0.00516	0.00555	0.00997	0.01339	0.04657	0.30951	0.47539	0.04384	0.01537	0.00715	0.00214	0.00319	0.01382	0.00585	0.00521
11	0.00858	0.00602	0.00771	0.00730	0.00878	0.00549	0.00547	0.01111	0.01593	0.04415	0.63588	0.07462	0.12250	0.01229	0.00685	0.00186	0.00285	0.01080	0.00628	0.00553
12	0.01272	0.01272	0.01781	0.01527	0.01527	0.01781	0.01272	0.01399	0.00891	0.01399	0.00763	0.01272	0.00763	0.01018	0.01908	0.00254	0.78499	0.00509	0.00254	0.00636
13	0.01166	0.03008	0.76550	0.01657	0.02517	0.01351	0.02149	0.01842	0.01228	0.01842	0.01044	0.01228	0.00737	0.00552	0.00552	0.00184	0.00859	0.00430	0.00246	0.00859
14	0.00709	0.00525	0.00656	0.00759	0.00825	0.00479	0.00514	0.00816	0.01147	0.01490	0.03698	0.61818	0.18221	0.04416	0.00807	0.00239	0.00337	0.01540	0.00533	0.00472
15	0.00709	0.00506	0.00675	0.00810	0.00843	0.00472	0.00540	0.00810	0.01113	0.01484	0.03205	0.79184	0.03846	0.01822	0.00742	0.00236	0.00337	0.01653	0.00540	0.00472
16	0.02191	0.01619	0.01734	0.01334	0.01796	0.01794	0.01101	0.72202	0.04560	0.03634	0.01421	0.01416	0.01009	0.00700	0.00582	0.00175	0.00635	0.00527	0.00582	0.00987
17	0.00709	0.00506	0.00675	0.00810	0.00843	0.00472	0.00540	0.00810	0.01113	0.01484	0.03205	0.79184	0.03846	0.01822	0.00742	0.00236	0.00337	0.01653	0.00540	0.00472
18	0.01469	0.01260	0.01328	0.01188	0.01521	0.01457	0.00926	0.05194	0.72744	0.02469	0.02338	0.02147	0.01752	0.00786	0.00591	0.00197	0.00466	0.00653	0.00591	0.00922
19	0.00709	0.00506	0.00675	0.00810	0.00843	0.00472	0.00540	0.00810	0.01113	0.01484	0.03205	0.79184	0.03846	0.01822	0.00742	0.00236	0.00337	0.01653	0.00540	0.00472
20	0.01010	0.00505	0.00758	0.00758	0.00758	0.00505	0.00505	0.00758	0.00758	0.01010	0.01010	0.01768	0.01010	0.02020	0.02273	0.83081	0.00505	0.00505	0.00253	0.00253
21	0.01401	0.01343	0.02291	0.11957	0.67848	0.01372	0.01766	0.01751	0.01306	0.01853	0.01087	0.01452	0.00905	0.00525	0.00576	0.00175	0.00700	0.00518	0.00285	0.00890
22	0.01439	0.01382	0.02360	0.03569	0.75936	0.01382	0.01785	0.01785	0.01324	0.01900	0.01094	0.01439	0.00921	0.00518	0.00576	0.00173	0.00691	0.00518	0.00288	0.00921
23	0.01786	0.00808	0.01082	0.00953	0.01250	0.00718	0.00770	0.01992	0.01487	0.42423	0.04841	0.15552	0.09502	0.01133	0.00660	0.00206	0.00451	0.12976	0.00640	0.00769
24	0.02211	0.01629	0.01745	0.01338	0.01803	0.01803	0.01105	0.73997	0.02734	0.03665	0.01396	0.01396	0.00989	0.00698	0.00582	0.00175	0.00640	0.00524	0.00582	0.00989
25	0.00707	0.00592	0.00616	0.00615	0.00804	0.00501	0.00465	0.00870	0.01357	0.01649	0.12585	0.05500	0.67039	0.01449	0.00690	0.00197	0.00299	0.03019	0.00550	0.00498
26	0.00832	0.00583	0.00735	0.00766	0.00871	0.00543	0.00556	0.01001	0.01309	0.03534	0.25785	0.25087	0.13818	0.12512	0.01034	0.00263	0.00371	0.09350	0.00548	0.00501
27	0.01439	0.01382	0.02360	0.03569	0.75936	0.01382	0.01785	0.01785	0.01324	0.01900	0.01094	0.01439	0.00921	0.00518	0.00576	0.00173	0.00691	0.00518	0.00288	0.00921
