[name]
unknown

[dist]
# distance from previous block
# <min> <max>
0	27

[block]
# block no. 0 follows, 42 sequences, length 29
# corresponding to MSA columns:
# 28-56
name=unknown_A
#
# <colnr> <probs for GDERKNQSTAVLIFYWHMCP>
#	G	D	E	R	K	N	Q	S	T	A	V	L	I	F	Y	W	H	M	C	P
0	0.00987	0.00663	0.00927	0.01035	0.01179	0.00657	0.00903	0.01244	0.01311	0.05436	0.02942	0.06127	0.03147	0.01512	0.00767	0.00255	0.00516	0.69324	0.00527	0.00540
1	0.02417	0.01005	0.01320	0.01026	0.01452	0.00913	0.00843	0.05828	0.07706	0.67869	0.02189	0.01907	0.01401	0.00701	0.00566	0.00175	0.00482	0.00569	0.00681	0.00952
2	0.01219	0.21459	0.59545	0.01451	0.02199	0.01527	0.01813	0.01759	0.01177	0.01673	0.00956	0.01120	0.00715	0.00522	0.00493	0.00164	0.00777	0.00388	0.00238	0.00806
3	0.01952	0.01150	0.01362	0.01106	0.01458	0.01209	0.00889	0.24789	0.15794	0.28506	0.01841	0.04553	0.01346	0.00856	0.00753	0.07112	0.03308	0.00589	0.00572	0.00855
4	0.00897	0.00625	0.00704	0.00661	0.00864	0.00547	0.00504	0.01114	0.03305	0.09065	0.22565	0.04694	0.49862	0.01270	0.00653	0.00185	0.00303	0.01072	0.00564	0.00546
5	0.01285	0.00699	0.00788	0.00702	0.00891	0.00695	0.00533	0.09180	0.01410	0.11480	0.12862	0.02482	0.02024	0.09477	0.00744	0.00193	0.00359	0.00633	0.42958	0.00605
6	0.01063	0.01000	0.01688	0.78870	0.03876	0.01250	0.01563	0.01438	0.01125	0.01438	0.01000	0.01500	0.00750	0.00563	0.00563	0.00188	0.00750	0.00500	0.00250	0.00625
7	0.04611	0.01092	0.01410	0.01306	0.08401	0.03940	0.06888	0.07575	0.14423	0.19865	0.06064	0.01932	0.01508	0.00926	0.05943	0.00221	0.00588	0.00582	0.11944	0.00783
8	0.00691	0.00494	0.00658	0.00780	0.00817	0.00461	0.00523	0.00797	0.01103	0.01477	0.06749	0.76091	0.03801	0.01733	0.00716	0.00226	0.00323	0.01571	0.00527	0.00461
9	0.01063	0.01000	0.01688	0.78870	0.03876	0.01250	0.01563	0.01438	0.01125	0.01438	0.01000	0.01500	0.00750	0.00563	0.00563	0.00188	0.00750	0.00500	0.00250	0.00625
10	0.01525	0.77949	0.02904	0.00979	0.01454	0.04766	0.00967	0.01704	0.01159	0.01326	0.00785	0.00907	0.00722	0.00485	0.00366	0.00121	0.00616	0.00303	0.00242	0.00720
11	0.84197	0.01088	0.00827	0.00740	0.01088	0.01262	0.00609	0.01654	0.00958	0.02525	0.00784	0.00914	0.00609	0.00522	0.00348	0.00174	0.00435	0.00305	0.00348	0.00609
12	0.12639	0.00985	0.01282	0.18395	0.01879	0.01019	0.00941	0.08414	0.01497	0.33633	0.10418	0.01915	0.01571	0.00695	0.00545	0.00176	0.00517	0.00564	0.02138	0.00779
13	0.00890	0.00758	0.07818	0.00861	0.00998	0.00575	0.00674	0.01040	0.01106	0.07616	0.02707	0.58829	0.03091	0.09141	0.00896	0.00250	0.00407	0.01330	0.00493	0.00522
14	0.01179	0.17474	0.54811	0.01430	0.02131	0.01422	0.03778	0.01705	0.01217	0.01734	0.07129	0.01389	0.01094	0.00573	0.00516	0.00167	0.00745	0.00450	0.00271	0.00784
15	0.84197	0.01088	0.00827	0.00740	0.01088	0.01262	0.00609	0.01654	0.00958	0.02525	0.00784	0.00914	0.00609	0.00522	0.00348	0.00174	0.00435	0.00305	0.00348	0.00609
16	0.01129	0.02911	0.77306	0.01604	0.02436	0.01307	0.02079	0.01782	0.01188	0.01782	0.01010	0.01188	0.00713	0.00535	0.00535	0.00178	0.00832	0.00416	0.00238	0.00832
17	0.01113	0.01085	0.01656	0.01415	0.01493	0.01385	0.09636	0.01276	0.00961	0.01420	0.01291	0.16775	0.01374	0.01251	0.05547	0.00271	0.50411	0.00736	0.00308	0.00595
18	0.02511	0.00979	0.01319	0.01012	0.01447	0.00859	0.00836	0.05269	0.01647	0.74524	0.02190	0.01896	0.01378	0.00696	0.00566	0.00174	0.00484	0.00564	0.00692	0.00958
19	0.01235	0.00990	0.01163	0.00848	0.01326	0.00767	0.00678	0.01527	0.03606	0.05925	0.03787	0.01345	0.01051	0.00469	0.00439	0.00095	0.00416	0.00380	0.00371	0.73583
20	0.02416	0.01011	0.01324	0.01028	0.01455	0.00921	0.00845	0.06628	0.07449	0.67322	0.02179	0.01900	0.01395	0.00701	0.00566	0.00175	0.00484	0.00568	0.00680	0.00952
21	0.00695	0.00497	0.00661	0.00777	0.00818	0.00463	0.00523	0.00806	0.01120	0.01504	0.09090	0.73676	0.03852	0.01713	0.00714	0.00224	0.00322	0.01552	0.00530	0.00463
22	0.01590	0.01127	0.01263	0.01112	0.01436	0.01238	0.00884	0.09151	0.47858	0.15007	0.02280	0.05160	0.01792	0.00845	0.00593	0.00193	0.00468	0.06552	0.00586	0.00862
23	0.00698	0.00566	0.00620	0.00618	0.00783	0.00487	0.00459	0.00867	0.01344	0.01692	0.22586	0.10073	0.54477	0.01381	0.00668	0.00189	0.00283	0.01174	0.00546	0.00487
24	0.04886	0.01735	0.20534	0.10596	0.41407	0.05207	0.01688	0.01766	0.01255	0.04176	0.01056	0.01331	0.00828	0.00527	0.00541	0.00171	0.00719	0.00467	0.00282	0.00827
25	0.11131	0.58249	0.09511	0.01021	0.01517	0.01994	0.01033	0.07122	0.01238	0.01671	0.00846	0.00964	0.00726	0.00506	0.00391	0.00136	0.00605	0.00327	0.00277	0.00737
26	0.01756	0.01432	0.01456	0.01210	0.01588	0.06083	0.00966	0.31608	0.38057	0.04473	0.01789	0.01702	0.01320	0.00705	0.00560	0.00176	0.00549	0.00557	0.00547	0.03468
27	0.00747	0.00572	0.00706	0.00784	0.02323	0.00525	0.00552	0.02171	0.01254	0.01627	0.13019	0.38753	0.27019	0.01521	0.00693	0.00210	0.00330	0.06170	0.00530	0.00493
28	0.01740	0.15267	0.02104	0.06019	0.01921	0.04733	0.17129	0.05869	0.02922	0.23935	0.02761	0.03544	0.01143	0.00658	0.00668	0.00176	0.07643	0.00554	0.00426	0.00787

[dist]
# distance from previous block
# <min> <max>
0	1

[block]
# block no. 1 follows, 42 sequences, length 55
# corresponding to MSA columns:
# 58-112
name=unknown_B
#
# <colnr> <probs for GDERKNQSTAVLIFYWHMCP>
#	G	D	E	R	K	N	Q	S	T	A	V	L	I	F	Y	W	H	M	C	P
0	0.03698	0.01232	0.01306	0.01070	0.01418	0.01357	0.00862	0.38267	0.19033	0.04979	0.01808	0.01799	0.03625	0.00713	0.00531	0.00168	0.00493	0.00558	0.16248	0.00836
1	0.01272	0.01068	0.01276	0.07962	0.01613	0.00913	0.00796	0.10085	0.01338	0.02000	0.01042	0.01219	0.00841	0.00461	0.00447	0.00103	0.00471	0.00369	0.00353	0.66373
2	0.00911	0.00557	0.00695	0.00728	0.00783	0.00530	0.00470	0.00977	0.01011	0.08143	0.02433	0.39021	0.02768	0.36450	0.01656	0.00364	0.00437	0.01160	0.00458	0.00451
3	0.57232	0.01045	0.00985	0.00826	0.01203	0.01119	0.00681	0.02014	0.01173	0.27148	0.01258	0.01245	0.00868	0.00580	0.00420	0.00174	0.00450	0.00391	0.00463	0.00724
4	0.01482	0.00946	0.01101	0.00902	0.01188	0.00913	0.00683	0.19178	0.01516	0.15027	0.04161	0.08606	0.03137	0.22246	0.01177	0.00262	0.00497	0.00688	0.00482	0.15811
5	0.09464	0.19734	0.01696	0.06871	0.01472	0.01475	0.00952	0.01510	0.01061	0.08346	0.03784	0.01708	0.03894	0.08730	0.01156	0.00224	0.26445	0.00513	0.00329	0.00636
6	0.01263	0.00717	0.00916	0.00810	0.01037	0.00665	0.00634	0.01597	0.06744	0.20887	0.43793	0.03667	0.10462	0.01048	0.00637	0.00181	0.00342	0.03321	0.00623	0.00657
7	0.01087	0.00761	0.00870	0.00817	0.00926	0.00793	0.00578	0.15054	0.01251	0.01664	0.01901	0.03697	0.02043	0.51396	0.02063	0.00424	0.00555	0.13216	0.00414	0.00490
8	0.08147	0.19660	0.01599	0.01057	0.01356	0.18582	0.00860	0.08072	0.05435	0.06316	0.01480	0.14814	0.01389	0.00800	0.00548	0.00165	0.03269	0.00611	0.05158	0.00680
9	0.01146	0.01106	0.01561	0.01363	0.01383	0.01521	0.01126	0.01285	0.00870	0.01345	0.00892	0.01426	0.00872	0.01629	0.16993	0.00377	0.63740	0.00514	0.00257	0.00593
10	0.00755	0.00553	0.00652	0.00657	0.00750	0.00511	0.00448	0.00887	0.01211	0.01609	0.26169	0.15419	0.21487	0.24871	0.01328	0.00298	0.00363	0.01085	0.00499	0.00450
11	0.00955	0.00576	0.00749	0.00794	0.00884	0.00540	0.00546	0.01097	0.02865	0.10937	0.06065	0.55166	0.03240	0.11617	0.00968	0.00259	0.00374	0.01322	0.00527	0.00518
12	0.01804	0.01132	0.01287	0.01073	0.01418	0.01200	0.00855	0.22902	0.23772	0.21691	0.02053	0.09270	0.01592	0.00809	0.00570	0.00180	0.00479	0.00666	0.06388	0.00860
13	0.01797	0.01577	0.02246	0.04351	0.03766	0.13661	0.30289	0.13849	0.04900	0.15773	0.01371	0.01505	0.00983	0.00581	0.00595	0.00176	0.00786	0.00562	0.00417	0.00814
14	0.00715	0.00524	0.00724	0.00808	0.00862	0.00489	0.02243	0.00836	0.01127	0.01516	0.10251	0.68323	0.03763	0.03985	0.00775	0.00232	0.00341	0.01498	0.00521	0.00468
15	0.01974	0.01252	0.01404	0.01117	0.01501	0.01331	0.00908	0.41142	0.09624	0.19280	0.03227	0.04340	0.01354	0.00734	0.00556	0.00171	0.00522	0.00582	0.08097	0.00886
16	0.02088	0.01573	0.01659	0.01288	0.01726	0.03234	0.01058	0.68498	0.07604	0.03422	0.01406	0.01395	0.01004	0.00680	0.00563	0.00170	0.00615	0.00513	0.00558	0.00946
17	0.01615	0.01766	0.01624	0.01379	0.01602	0.32922	0.08533	0.09081	0.01384	0.01582	0.01088	0.01640	0.01010	0.15494	0.01233	0.00247	0.16335	0.00519	0.00318	0.00629
18	0.00899	0.00617	0.00676	0.00635	0.00849	0.00522	0.00485	0.01063	0.01352	0.10595	0.12208	0.04880	0.60573	0.01312	0.00653	0.00187	0.00306	0.01097	0.00553	0.00538
19	0.01372	0.01022	0.07930	0.00986	0.01267	0.00865	0.00826	0.14056	0.04028	0.17131	0.05038	0.33629	0.07134	0.01174	0.00634	0.00197	0.00453	0.01018	0.00544	0.00696
20	0.02415	0.03401	0.01429	0.01066	0.01500	0.03645	0.00882	0.15140	0.01776	0.59665	0.01983	0.01758	0.01276	0.00683	0.00558	0.00171	0.00525	0.00541	0.00647	0.00941
21	0.56651	0.01231	0.05660	0.01042	0.01460	0.01223	0.10442	0.01839	0.01115	0.13214	0.01052	0.01155	0.00761	0.00542	0.00432	0.00176	0.00532	0.00396	0.00384	0.00693
22	0.01339	0.01278	0.02158	0.15704	0.62664	0.01325	0.01676	0.01716	0.03385	0.01788	0.01084	0.01431	0.00892	0.00519	0.00558	0.00171	0.00676	0.00505	0.00282	0.00848
23	0.02253	0.01394	0.01576	0.01208	0.01654	0.01474	0.00998	0.53556	0.02340	0.25257	0.01608	0.01518	0.01086	0.00682	0.00564	0.00170	0.00578	0.00524	0.00602	0.00957
24	0.01345	0.01487	0.03131	0.02384	0.08759	0.01400	0.64809	0.03312	0.01347	0.01843	0.01132	0.01493	0.00858	0.00479	0.00645	0.00184	0.00902	0.00637	0.00292	0.03561
25	0.02250	0.01293	0.01499	0.01154	0.01583	0.01335	0.00948	0.43344	0.02168	0.33044	0.01715	0.01657	0.01169	0.03369	0.00642	0.00184	0.00560	0.00541	0.00609	0.00937
26	0.02525	0.01264	0.03629	0.44879	0.11464	0.03915	0.13797	0.05513	0.01262	0.01676	0.01031	0.01440	0.00790	0.00564	0.00625	0.00185	0.03945	0.00518	0.00278	0.00700
27	0.76689	0.01065	0.00861	0.03762	0.01190	0.01230	0.00644	0.01658	0.00985	0.04014	0.00855	0.00995	0.00657	0.00532	0.00362	0.00173	0.00443	0.00325	0.02947	0.00615
28	0.00693	0.00516	0.00646	0.00731	0.00807	0.00469	0.00503	0.00818	0.01175	0.01540	0.11351	0.56318	0.19124	0.01628	0.00701	0.00215	0.00311	0.01452	0.00533	0.00469
29	0.00796	0.00575	0.00752	0.00708	0.00841	0.00531	0.00531	0.01062	0.01593	0.02257	0.76415	0.04204	0.05310	0.01150	0.00664	0.00177	0.00265	0.01018	0.00619	0.00531
30	0.00878	0.00564	0.00727	0.00757	0.00871	0.00512	0.00540	0.01035	0.01283	0.08514	0.21910	0.43995	0.13346	0.01468	0.00684	0.00206	0.00320	0.01305	0.00563	0.00524
31	0.00781	0.00573	0.00734	0.00711	0.00844	0.00526	0.00535	0.01025	0.01521	0.02115	0.62351	0.08667	0.12281	0.01228	0.00671	0.00184	0.00281	0.03850	0.00600	0.00521
32	0.02382	0.01030	0.01331	0.01038	0.01463	0.00954	0.00852	0.08191	0.09161	0.64029	0.02162	0.01892	0.01393	0.00702	0.00566	0.00175	0.00486	0.00569	0.00674	0.00951
33	0.00772	0.00530	0.00643	0.00687	0.00704	0.00524	0.00422	0.00817	0.00911	0.01221	0.02212	0.29589	0.02583	0.49383	0.06159	0.00457	0.00522	0.01073	0.00401	0.00389
34	0.01834	0.19749	0.01880	0.08210	0.01799	0.06440	0.01042	0.29738	0.11732	0.10097	0.01372	0.01398	0.01016	0.00628	0.00514	0.00161	0.00614	0.00473	0.00458	0.00845
35	0.01087	0.01024	0.01759	0.69861	0.06000	0.01239	0.05511	0.01463	0.01143	0.01491	0.01036	0.01517	0.00782	0.00559	0.00563	0.00185	0.00743	0.00510	0.02890	0.00638
36	0.01973	0.01463	0.01583	0.01222	0.01666	0.01580	0.01002	0.58325	0.09077	0.05075	0.01419	0.01412	0.01023	0.00655	0.00548	0.00161	0.00577	0.00501	0.00542	0.10195
37	0.01167	0.01000	0.01167	0.00834	0.01334	0.00750	0.00667	0.01417	0.01167	0.01834	0.01000	0.01167	0.00834	0.00417	0.00417	0.00083	0.00417	0.00333	0.00333	0.83663
38	0.01756	0.01767	0.19317	0.01341	0.01847	0.01488	0.03423	0.46293	0.02091	0.04551	0.01422	0.04187	0.01103	0.00707	0.00568	0.00176	0.00650	0.03331	0.03106	0.00874
39	0.01015	0.00714	0.00830	0.00762	0.00864	0.00742	0.00520	0.12188	0.01240	0.01689	0.14579	0.03273	0.02381	0.47020	0.09434	0.00459	0.00602	0.00784	0.00419	0.00484
40	0.00826	0.00626	0.00918	0.00913	0.01022	0.00729	0.00710	0.01079	0.03694	0.01345	0.01537	0.02207	0.01418	0.04092	0.75105	0.00878	0.01468	0.00604	0.00312	0.00517
41	0.01125	0.00749	0.03432	0.00853	0.01042	0.00667	0.00661	0.01445	0.08072	0.14984	0.22928	0.28591	0.05420	0.04008	0.03145	0.00231	0.00407	0.01062	0.00561	0.00615
42	0.01413	0.38138	0.18054	0.01306	0.01835	0.03244	0.12722	0.01746	0.01262	0.06415	0.07835	0.01425	0.01200	0.00568	0.00488	0.00152	0.00674	0.00465	0.00311	0.00747
43	0.00777	0.00569	0.00699	0.00776	0.00832	0.00561	0.00516	0.00991	0.07795	0.01452	0.02832	0.55108	0.05305	0.17673	0.01141	0.00289	0.00381	0.01341	0.00490	0.00473
44	0.00864	0.00619	0.00788	0.00863	0.00949	0.00612	0.00628	0.07565	0.01242	0.01650	0.02842	0.55452	0.03287	0.06353	0.00844	0.00248	0.00399	0.13776	0.00514	0.00506
45	0.01368	0.01339	0.01953	0.15979	0.42016	0.07504	0.03617	0.03416	0.04176	0.01778	0.01144	0.03662	0.00962	0.00561	0.00550	0.00165	0.00677	0.00517	0.00305	0.08314
46	0.04580	0.02446	0.02767	0.27329	0.04093	0.11336	0.08580	0.09764	0.08699	0.01823	0.01310	0.01855	0.01100	0.07849	0.00773	0.00214	0.00717	0.03732	0.00349	0.00684
47	0.02995	0.01287	0.01867	0.40104	0.28291	0.07879	0.01532	0.04100	0.01259	0.01660	0.01009	0.01397	0.00800	0.00559	0.00589	0.00178	0.03005	0.00485	0.00276	0.00729
48	0.73896	0.01119	0.01008	0.01078	0.10497	0.01272	0.00749	0.01663	0.00998	0.02440	0.00818	0.00974	0.00645	0.00520	0.00374	0.00173	0.00464	0.00329	0.00340	0.00645
49	0.08305	0.00613	0.00670	0.00694	0.00822	0.00591	0.00490	0.00986	0.03934	0.01636	0.11172	0.27777	0.26660	0.11978	0.00945	0.00247	0.00351	0.01148	0.00494	0.00485
50	0.04103	0.56886	0.06588	0.01016	0.01454	0.10546	0.00977	0.01680	0.01213	0.01447	0.05366	0.01279	0.02595	0.02259	0.00464	0.00142	0.00628	0.00386	0.00280	0.00692
51	0.02855	0.00735	0.00915	0.00802	0.01018	0.00691	0.02175	0.05265	0.03194	0.13771	0.31040	0.06538	0.14128	0.08214	0.00820	0.00210	0.00374	0.00884	0.03766	0.02604
52	0.03784	0.02587	0.04513	0.01423	0.08423	0.15623	0.03351	0.21181	0.04337	0.19610	0.08177	0.01687	0.01402	0.00675	0.00557	0.00167	0.00642	0.00537	0.00492	0.00832
53	0.05070	0.01257	0.01403	0.01117	0.01509	0.01321	0.00904	0.40260	0.07102	0.14758	0.01671	0.08979	0.01328	0.00835	0.02217	0.00185	0.00551	0.00608	0.00546	0.08379
54	0.09058	0.01125	0.01229	0.01044	0.01338	0.01213	0.00822	0.39402	0.01935	0.04257	0.08004	0.24073	0.02086	0.01013	0.00596	0.00187	0.00487	0.00845	0.00539	0.00747

[dist]
# distance from previous block
# <min> <max>
1	3

[block]
# block no. 2 follows, 42 sequences, length 21
# corresponding to MSA columns:
# 116-136
name=unknown_C
#
# <colnr> <probs for GDERKNQSTAVLIFYWHMCP>
#	G	D	E	R	K	N	Q	S	T	A	V	L	I	F	Y	W	H	M	C	P
0	0.01073	0.00635	0.00911	0.08049	0.04600	0.00666	0.00661	0.04619	0.00953	0.01346	0.01123	0.01713	0.01017	0.01512	0.01636	0.56130	0.00496	0.00496	0.11978	0.00385
1	0.00713	0.00547	0.00646	0.00672	0.00794	0.00488	0.00481	0.00872	0.01292	0.01685	0.24405	0.26807	0.32800	0.04257	0.00759	0.00210	0.00301	0.01248	0.00543	0.00481
2	0.01160	0.01085	0.01839	0.49529	0.05781	0.01286	0.10354	0.04663	0.01169	0.01551	0.01019	0.01494	0.00804	0.00758	0.02484	0.05134	0.08462	0.00521	0.00269	0.00639
3	0.00703	0.00572	0.00623	0.00610	0.00784	0.00491	0.00458	0.00882	0.01373	0.01735	0.26358	0.05062	0.55693	0.01345	0.00665	0.00186	0.00279	0.01138	0.00551	0.00491
4	0.00694	0.00496	0.00661	0.00778	0.00818	0.00463	0.00523	0.00805	0.01118	0.01500	0.08803	0.73971	0.03846	0.01715	0.00714	0.00225	0.00322	0.01555	0.00530	0.00463
5	0.01505	0.80561	0.02949	0.00963	0.01444	0.02227	0.00963	0.01685	0.01143	0.01324	0.00782	0.00903	0.00722	0.00481	0.00361	0.00120	0.00602	0.00301	0.00241	0.00722
6	0.01113	0.00587	0.00593	0.00570	0.00720	0.00597	0.00433	0.05652	0.01267	0.02184	0.01807	0.02054	0.01414	0.00657	0.00403	0.00133	0.00283	0.00523	0.78459	0.00550
7	0.00804	0.00603	0.00904	0.00904	0.01005	0.00703	0.00703	0.01005	0.00904	0.01306	0.01507	0.02211	0.01407	0.04221	0.77992	0.00904	0.01507	0.00603	0.00301	0.00502
8	0.01791	0.01403	0.01493	0.01224	0.01612	0.01582	0.00985	0.40962	0.37087	0.02984	0.01794	0.01704	0.01316	0.00717	0.00568	0.00179	0.00537	0.00568	0.00568	0.00926
9	0.01505	0.80561	0.02949	0.00963	0.01444	0.02227	0.00963	0.01685	0.01143	0.01324	0.00782	0.00903	0.00722	0.00481	0.00361	0.00120	0.00602	0.00301	0.00241	0.00722
10	0.01167	0.01000	0.01167	0.00834	0.01334	0.00750	0.00667	0.01417	0.01167	0.01834	0.01000	0.01167	0.00834	0.00417	0.00417	0.00083	0.00417	0.00333	0.00333	0.83663
11	0.00704	0.00518	0.00683	0.00791	0.00833	0.00497	0.00538	0.00810	0.01097	0.01464	0.05430	0.71499	0.07338	0.01705	0.00747	0.00226	0.02610	0.01529	0.00517	0.00465
12	0.80141	0.04987	0.00931	0.00751	0.01106	0.01310	0.00627	0.01656	0.00967	0.02466	0.00784	0.00914	0.00615	0.00520	0.00349	0.00171	0.00443	0.00305	0.00343	0.00615
13	0.00978	0.00489	0.00733	0.00733	0.00733	0.00489	0.00489	0.00733	0.00733	0.00978	0.00978	0.01711	0.00978	0.01955	0.02199	0.83627	0.00489	0.00489	0.00244	0.00244
14	0.01311	0.01293	0.01921	0.07889	0.53825	0.07196	0.01464	0.01600	0.01284	0.01720	0.01629	0.06409	0.08664	0.00679	0.00574	0.00173	0.00642	0.00625	0.00317	0.00787
15	0.01558	0.37296	0.11800	0.01451	0.05721	0.09362	0.11162	0.05691	0.01316	0.05125	0.00977	0.01142	0.00792	0.00539	0.00529	0.00152	0.03920	0.00412	0.00292	0.00762
16	0.03564	0.01289	0.03789	0.17703	0.33196	0.04154	0.10124	0.03345	0.01281	0.01779	0.05058	0.03825	0.01214	0.00642	0.00640	0.00182	0.04349	0.02803	0.00312	0.00751
17	0.00938	0.02875	0.00877	0.00812	0.00973	0.00694	0.00598	0.02711	0.05247	0.05489	0.03174	0.38027	0.19456	0.04312	0.00786	0.00212	0.04033	0.01159	0.00493	0.07133
18	0.01234	0.05123	0.01527	0.10998	0.10732	0.01080	0.06289	0.12777	0.01474	0.03543	0.07513	0.11336	0.07418	0.00945	0.00616	0.00188	0.00553	0.11469	0.00435	0.04751
19	0.05771	0.04670	0.24549	0.03496	0.05969	0.07342	0.01308	0.13286	0.05764	0.02052	0.01280	0.06034	0.01079	0.00667	0.00558	0.00168	0.02432	0.02493	0.00357	0.10726
20	0.12291	0.04989	0.06600	0.10549	0.04685	0.01283	0.10742	0.17755	0.01494	0.03934	0.01251	0.05202	0.01012	0.00616	0.00517	0.00164	0.00605	0.00523	0.06363	0.09425

[dist]
# distance from previous block
# <min> <max>
1	18

[block]
# block no. 3 follows, 42 sequences, length 23
# corresponding to MSA columns:
# 155-177
name=unknown_D
#
# <colnr> <probs for GDERKNQSTAVLIFYWHMCP>
#	G	D	E	R	K	N	Q	S	T	A	V	L	I	F	Y	W	H	M	C	P
0	0.01385	0.01425	0.04833	0.01402	0.08630	0.17736	0.06298	0.08177	0.07806	0.03334	0.09759	0.14124	0.05688	0.00925	0.00635	0.01973	0.00617	0.02528	0.00430	0.02294
1	0.02858	0.01010	0.05344	0.00931	0.01242	0.00921	0.00777	0.09564	0.15593	0.16187	0.16448	0.05694	0.19130	0.00979	0.00607	0.00183	0.00419	0.00818	0.00567	0.00727
2	0.04689	0.01334	0.01495	0.05399	0.11292	0.07104	0.01056	0.19860	0.20714	0.03990	0.04943	0.01769	0.02979	0.00717	0.00646	0.00179	0.06350	0.00560	0.04118	0.00805
3	0.02385	0.00591	0.00721	0.00752	0.00856	0.00568	0.00533	0.03814	0.02710	0.01787	0.22629	0.40392	0.10959	0.05162	0.00774	0.00219	0.00330	0.01249	0.03062	0.00506
4	0.01010	0.00671	0.00739	0.00712	0.00797	0.02300	0.00504	0.03888	0.01077	0.01656	0.01761	0.07708	0.01709	0.27571	0.05871	0.00331	0.06258	0.00693	0.34260	0.00483
5	0.04403	0.01221	0.02018	0.26233	0.43300	0.01332	0.03718	0.01658	0.03493	0.01732	0.01054	0.01425	0.00854	0.00553	0.00620	0.00179	0.04644	0.00502	0.00280	0.00781
6	0.01691	0.31727	0.01997	0.01147	0.01495	0.27805	0.00966	0.07126	0.06564	0.01646	0.01055	0.01184	0.00878	0.00588	0.00510	0.00144	0.04232	0.00390	0.08154	0.00703
7	0.00786	0.00567	0.00743	0.00715	0.00838	0.00524	0.00530	0.01036	0.01544	0.02179	0.69441	0.11400	0.05159	0.01209	0.00669	0.00182	0.00271	0.01073	0.00610	0.00524
8	0.07587	0.01253	0.01924	0.21172	0.42556	0.01352	0.01499	0.08621	0.05099	0.01980	0.01114	0.01415	0.00884	0.00547	0.00544	0.00174	0.00655	0.00494	0.00319	0.00812
9	0.01615	0.50742	0.09632	0.01153	0.01605	0.18798	0.01104	0.01832	0.01248	0.03296	0.00858	0.00994	0.00740	0.00534	0.00476	0.00138	0.03916	0.00340	0.00263	0.00719
10	0.00818	0.00555	0.00728	0.00782	0.00880	0.00514	0.00569	0.00986	0.01280	0.05034	0.23754	0.43140	0.08930	0.01502	0.00698	0.00212	0.00332	0.08223	0.00557	0.00507
11	0.01487	0.55221	0.07520	0.03274	0.08413	0.06690	0.01123	0.01826	0.07009	0.01487	0.00951	0.01082	0.00816	0.00517	0.00421	0.00137	0.00640	0.00362	0.00273	0.00751
12	0.01475	0.03996	0.02070	0.08873	0.53490	0.03202	0.01519	0.06750	0.01376	0.06376	0.01221	0.04929	0.01032	0.00588	0.00558	0.00170	0.00651	0.00545	0.00331	0.00848
13	0.00744	0.00516	0.00685	0.00791	0.00848	0.00481	0.00547	0.00866	0.01143	0.03102	0.08567	0.67132	0.05372	0.01677	0.00713	0.00224	0.00334	0.05247	0.00533	0.00477
14	0.00863	0.00599	0.00744	0.00780	0.00848	0.00608	0.00540	0.05488	0.01096	0.01497	0.02333	0.34076	0.02627	0.25991	0.10073	0.00395	0.00554	0.05768	0.04653	0.00465
15	0.01929	0.01409	0.01484	0.01182	0.01564	0.04603	0.00961	0.53503	0.05208	0.06827	0.01514	0.03891	0.01146	0.00877	0.04252	0.00203	0.00625	0.00548	0.07406	0.00869
16	0.03467	0.01249	0.03329	0.01157	0.01504	0.01293	0.03419	0.40983	0.03890	0.08362	0.04633	0.14372	0.01663	0.03243	0.04557	0.00228	0.00598	0.00724	0.00527	0.00800
17	0.00808	0.00630	0.00689	0.00660	0.00850	0.00566	0.00499	0.02646	0.04740	0.03634	0.22005	0.06413	0.51228	0.01303	0.00657	0.00187	0.00301	0.01101	0.00553	0.00529
18	0.00799	0.00639	0.00718	0.00732	0.00881	0.00613	0.00530	0.01146	0.12015	0.01681	0.12279	0.25955	0.33579	0.04871	0.00764	0.00215	0.00329	0.01190	0.00533	0.00531
19	0.01277	0.20708	0.48884	0.01440	0.03965	0.01523	0.01664	0.05920	0.03571	0.01811	0.03584	0.01267	0.00921	0.00557	0.00502	0.00164	0.00731	0.00424	0.00281	0.00806
20	0.01012	0.00673	0.00924	0.04084	0.01147	0.00658	0.02821	0.06595	0.01265	0.08764	0.02739	0.57818	0.03068	0.01485	0.00687	0.00218	0.00407	0.04553	0.00524	0.00560
21	0.84197	0.01088	0.00827	0.00740	0.01088	0.01262	0.00609	0.01654	0.00958	0.02525	0.00784	0.00914	0.00609	0.00522	0.00348	0.00174	0.00435	0.00305	0.00348	0.00609
22	0.07551	0.01333	0.05371	0.24539	0.34461	0.03325	0.07067	0.01740	0.05905	0.01790	0.01098	0.01422	0.00866	0.00539	0.00550	0.00177	0.00698	0.00500	0.00293	0.00775

[dist]
# distance from previous block
# <min> <max>
0	1

[block]
# block no. 4 follows, 42 sequences, length 79
# corresponding to MSA columns:
# 179-182,185-259
name=unknown_E
#
# <colnr> <probs for GDERKNQSTAVLIFYWHMCP>
#	G	D	E	R	K	N	Q	S	T	A	V	L	I	F	Y	W	H	M	C	P
0	0.55653	0.03526	0.17996	0.00964	0.01432	0.01255	0.00968	0.01789	0.01077	0.09524	0.00973	0.01072	0.00711	0.00541	0.00411	0.00174	0.00532	0.00355	0.00354	0.00696
1	0.00794	0.00542	0.00670	0.00718	0.00792	0.00505	0.00485	0.00900	0.01124	0.04070	0.11124	0.39326	0.13494	0.20020	0.01204	0.00291	0.00374	0.02609	0.00496	0.00459
2	0.01042	0.05910	0.09955	0.00878	0.01150	0.00798	0.00787	0.03591	0.02866	0.07434	0.40913	0.06956	0.10943	0.01051	0.00624	0.00180	0.00396	0.03369	0.00536	0.00620
3	0.68563	0.01353	0.07974	0.03526	0.01349	0.06053	0.00808	0.01696	0.01024	0.02348	0.00817	0.00966	0.00631	0.00528	0.00383	0.00173	0.00519	0.00325	0.00331	0.00633
4	0.03435	0.11836	0.31218	0.06474	0.02393	0.01416	0.22517	0.01838	0.04345	0.05364	0.01123	0.01332	0.00832	0.00526	0.00547	0.00172	0.00777	0.00489	0.00294	0.03073
5	0.66677	0.01198	0.03015	0.00822	0.01173	0.05946	0.00689	0.01727	0.01083	0.07071	0.05454	0.01189	0.00952	0.00575	0.00396	0.00173	0.00475	0.00371	0.00380	0.00635
6	0.01431	0.01396	0.02154	0.03134	0.65784	0.05368	0.01616	0.01872	0.08210	0.01862	0.01163	0.01439	0.00959	0.00530	0.00556	0.00168	0.00666	0.00507	0.00306	0.00879
7	0.22606	0.08276	0.06016	0.02352	0.04624	0.03187	0.00877	0.03473	0.17792	0.08306	0.10232	0.01905	0.04479	0.00703	0.00500	0.00172	0.00484	0.00547	0.02742	0.00729
8	0.01068	0.00988	0.01593	0.56859	0.04690	0.01232	0.01398	0.01389	0.01077	0.01446	0.01035	0.01538	0.00831	0.00961	0.08080	0.00259	0.10545	0.00506	0.02072	0.02432
9	0.00812	0.00545	0.00614	0.00617	0.00622	0.00542	0.00347	0.00817	0.00835	0.01109	0.01890	0.05683	0.03649	0.76548	0.02763	0.00530	0.00534	0.00846	0.00349	0.00347
10	0.01821	0.01108	0.01251	0.01003	0.01343	0.01159	0.00814	0.35975	0.01984	0.17508	0.08640	0.01911	0.01566	0.00786	0.01991	0.00176	0.00496	0.00572	0.19084	0.00812
11	0.00775	0.00573	0.00715	0.00680	0.00817	0.00522	0.00505	0.01008	0.01505	0.02079	0.60984	0.04387	0.17308	0.04762	0.00763	0.00196	0.00281	0.01038	0.00590	0.00513
12	0.02397	0.00950	0.01278	0.00998	0.01408	0.00835	0.00816	0.05077	0.01613	0.69873	0.02246	0.06760	0.01524	0.00762	0.00575	0.00177	0.00474	0.00628	0.00681	0.00926
13	0.00697	0.00568	0.00617	0.00612	0.00782	0.00487	0.00456	0.00866	0.01346	0.01690	0.22216	0.08487	0.56463	0.01376	0.00667	0.00189	0.00282	0.01166	0.00545	0.00487
14	0.01505	0.80561	0.02949	0.00963	0.01444	0.02227	0.00963	0.01685	0.01143	0.01324	0.00782	0.00903	0.00722	0.00481	0.00361	0.00120	0.00602	0.00301	0.00241	0.00722
15	0.02039	0.01501	0.01617	0.01259	0.01681	0.01656	0.01032	0.69717	0.02538	0.03401	0.01472	0.06778	0.01148	0.00751	0.00574	0.00173	0.00599	0.00582	0.00560	0.00922
16	0.00814	0.00580	0.00729	0.00697	0.00842	0.00525	0.00520	0.01046	0.01507	0.04142	0.57410	0.09042	0.17599	0.01224	0.00665	0.00182	0.00279	0.01071	0.00599	0.00528
17	0.02032	0.03818	0.01653	0.01306	0.01705	0.19617	0.01051	0.47967	0.10445	0.02848	0.01328	0.01344	0.00981	0.00658	0.00546	0.00164	0.00692	0.00482	0.00492	0.00872
18	0.02863	0.02135	0.43007	0.01325	0.01906	0.05829	0.01490	0.10237	0.02783	0.04001	0.14154	0.01908	0.04542	0.00702	0.00561	0.00175	0.00676	0.00562	0.00375	0.00770
19	0.00803	0.00581	0.00783	0.00900	0.00997	0.00560	0.00719	0.00992	0.01217	0.01587	0.04451	0.34108	0.09012	0.01617	0.00745	0.00241	0.00424	0.39252	0.00522	0.00492
20	0.00725	0.00519	0.00682	0.00795	0.00841	0.00492	0.00537	0.02685	0.01128	0.01507	0.04550	0.76304	0.03684	0.01723	0.00713	0.00226	0.00333	0.01560	0.00525	0.00471
21	0.01063	0.01000	0.01688	0.78870	0.03876	0.01250	0.01563	0.01438	0.01125	0.01438	0.01000	0.01500	0.00750	0.00563	0.00563	0.00188	0.00750	0.00500	0.00250	0.00625
22	0.01187	0.06383	0.01697	0.04382	0.01507	0.01606	0.01158	0.01334	0.00896	0.01349	0.00852	0.01348	0.00825	0.01357	0.11617	0.00321	0.60826	0.00495	0.00253	0.00608
23	0.02114	0.01128	0.01386	0.01099	0.01479	0.01151	0.00899	0.20125	0.09999	0.41366	0.06726	0.01904	0.01535	0.00746	0.00652	0.00179	0.05408	0.00584	0.00617	0.00901
24	0.02005	0.01487	0.01603	0.01241	0.01682	0.01622	0.01019	0.61160	0.09597	0.04774	0.01434	0.01422	0.01031	0.00666	0.00553	0.00165	0.00585	0.00508	0.00550	0.06897
25	0.00781	0.00573	0.00747	0.00816	0.00915	0.00542	0.00608	0.00993	0.03162	0.01709	0.20003	0.40632	0.07587	0.01514	0.00706	0.00217	0.00353	0.15600	0.00542	0.02001
26	0.01471	0.01213	0.01534	0.01165	0.01591	0.01178	0.08050	0.25412	0.03592	0.02370	0.03358	0.05978	0.01187	0.00641	0.00582	0.00143	0.04077	0.00530	0.00425	0.35503
27	0.01965	0.01379	0.01549	0.03255	0.03167	0.01500	0.01013	0.55175	0.04587	0.10043	0.01621	0.09265	0.01290	0.00782	0.00579	0.00176	0.00576	0.00625	0.00558	0.00895
28	0.00765	0.00566	0.00714	0.00693	0.00826	0.00515	0.00514	0.00995	0.01495	0.02062	0.58247	0.11425	0.16595	0.01252	0.00669	0.00184	0.00274	0.01099	0.00595	0.00515
29	0.02313	0.01168	0.01421	0.01103	0.01533	0.01156	0.00907	0.24868	0.08088	0.48333	0.01960	0.01758	0.01286	0.00696	0.00566	0.00174	0.00519	0.00554	0.00645	0.00952
30	0.46808	0.03336	0.01232	0.11653	0.01662	0.06622	0.00877	0.15663	0.01372	0.04768	0.00972	0.01116	0.00730	0.00565	0.00437	0.00172	0.00559	0.00382	0.00380	0.00695
31	0.00725	0.00534	0.00675	0.00753	0.00802	0.00515	0.00507	0.00822	0.01079	0.01429	0.06431	0.54374	0.11662	0.13252	0.01061	0.00269	0.02792	0.01378	0.00491	0.00450
32	0.00682	0.00504	0.00639	0.00746	0.00806	0.00460	0.00506	0.00788	0.01113	0.01451	0.03555	0.66870	0.16414	0.01704	0.00709	0.00222	0.00319	0.01528	0.00522	0.00460
33	0.02059	0.01736	0.01631	0.01307	0.01716	0.15255	0.01055	0.54767	0.09749	0.03042	0.01359	0.01366	0.00992	0.00667	0.00554	0.00167	0.00672	0.00494	0.00515	0.00896
34	0.01901	0.16745	0.01887	0.01432	0.05830	0.41058	0.01095	0.08429	0.01519	0.06307	0.00979	0.01121	0.00797	0.00610	0.00615	0.00155	0.08077	0.00396	0.00325	0.00721
35	0.00688	0.00499	0.00650	0.00764	0.00813	0.00461	0.00515	0.00795	0.01112	0.01471	0.05809	0.71278	0.09640	0.01715	0.00712	0.00224	0.00321	0.01547	0.00526	0.00461
36	0.01063	0.01000	0.01688	0.78870	0.03876	0.01250	0.01563	0.01438	0.01125	0.01438	0.01000	0.01500	0.00750	0.00563	0.00563	0.00188	0.00750	0.00500	0.00250	0.00625
37	0.07117	0.01451	0.01530	0.01191	0.01606	0.01605	0.00980	0.63667	0.02409	0.03353	0.01360	0.01392	0.00979	0.00664	0.00534	0.00166	0.00576	0.00496	0.08027	0.00896
38	0.01302	0.01311	0.01638	0.01404	0.01467	0.09224	0.03660	0.01455	0.00985	0.01451	0.00883	0.01312	0.00816	0.00892	0.01517	0.00222	0.60247	0.00489	0.09112	0.00615
39	0.12502	0.52154	0.10361	0.01006	0.01502	0.01832	0.01018	0.01820	0.01181	0.10744	0.00981	0.01058	0.00788	0.00519	0.00403	0.00140	0.00589	0.00346	0.00310	0.00748
40	0.01303	0.01472	0.05055	0.07257	0.05399	0.01372	0.59807	0.03956	0.01338	0.01816	0.01218	0.05030	0.00977	0.00547	0.00650	0.00190	0.00885	0.00678	0.00300	0.00749
41	0.00828	0.00591	0.00713	0.00673	0.00839	0.00525	0.00508	0.01048	0.01485	0.05372	0.48183	0.04527	0.30182	0.01227	0.00660	0.00181	0.00282	0.01057	0.00589	0.00531
42	0.02094	0.01520	0.01637	0.01263	0.01696	0.01676	0.01037	0.69099	0.04042	0.05476	0.01407	0.01454	0.01018	0.03139	0.00634	0.00181	0.00610	0.00521	0.00560	0.00937
43	0.01859	0.01291	0.01338	0.01069	0.01424	0.04476	0.00868	0.46969	0.02132	0.07646	0.01520	0.01580	0.01109	0.00667	0.00514	0.00158	0.00528	0.00509	0.23518	0.00825
44	0.00828	0.00623	0.00696	0.00677	0.00859	0.00561	0.00507	0.01089	0.06147	0.05206	0.19928	0.11951	0.46237	0.01324	0.00659	0.00190	0.00304	0.01127	0.00554	0.00534
45	0.00807	0.00545	0.00637	0.00647	0.00657	0.00549	0.00380	0.00828	0.00845	0.01134	0.01863	0.09779	0.02139	0.68701	0.07770	0.00544	0.00593	0.00867	0.00353	0.00361
46	0.06142	0.00529	0.00720	0.00714	0.00748	0.00540	0.00487	0.00844	0.00788	0.01177	0.01045	0.01697	0.00998	0.01746	0.01918	0.70736	0.00465	0.00481	0.07933	0.00293
47	0.00884	0.00637	0.00794	0.00853	0.00942	0.00632	0.00600	0.10475	0.01283	0.01711	0.02841	0.66069	0.03312	0.03298	0.00746	0.00228	0.00374	0.03274	0.00524	0.00522
48	0.00708	0.00522	0.00650	0.00732	0.00815	0.00476	0.00513	0.00840	0.01181	0.01555	0.10455	0.51900	0.19957	0.01599	0.00696	0.00214	0.00317	0.03980	0.02417	0.00472
49	0.01314	0.01370	0.01710	0.03465	0.01565	0.09320	0.01225	0.01446	0.00942	0.01359	0.00759	0.01217	0.00738	0.00934	0.01680	0.00235	0.69374	0.00480	0.00251	0.00620
50	0.01924	0.01459	0.05915	0.01212	0.01641	0.01475	0.01035	0.48914	0.09643	0.11048	0.08457	0.01740	0.01468	0.00722	0.00572	0.00173	0.00567	0.00568	0.00564	0.00904
51	0.01495	0.78547	0.04878	0.00980	0.01470	0.02203	0.00992	0.01688	0.01145	0.01336	0.00788	0.00910	0.00722	0.00483	0.00366	0.00122	0.00608	0.00304	0.00241	0.00725
52	0.00685	0.00493	0.00649	0.00774	0.00814	0.00458	0.00518	0.00785	0.01087	0.01440	0.03222	0.76422	0.07077	0.01748	0.00716	0.00227	0.00325	0.01581	0.00522	0.00458
53	0.01199	0.01167	0.01622	0.01404	0.01411	0.01614	0.01162	0.01327	0.00886	0.01391	0.00894	0.04814	0.00904	0.01005	0.01732	0.00240	0.72148	0.00544	0.03932	0.00604
54	0.01174	0.08044	0.64875	0.01637	0.02419	0.01381	0.09247	0.01778	0.01199	0.01753	0.01007	0.01202	0.00728	0.00525	0.00536	0.00175	0.00828	0.00433	0.00243	0.00817
55	0.01374	0.06715	0.17629	0.01142	0.03860	0.01074	0.01063	0.10736	0.02710	0.10889	0.08546	0.05624	0.07254	0.00749	0.00544	0.00159	0.00533	0.02100	0.00433	0.16866
56	0.01275	0.01193	0.01982	0.38059	0.39738	0.01316	0.01621	0.04965	0.01272	0.01733	0.01045	0.01440	0.00829	0.00538	0.00560	0.00177	0.00704	0.00501	0.00279	0.00772
57	0.01116	0.00688	0.00875	0.00790	0.00971	0.00661	0.00596	0.01465	0.08134	0.13515	0.48806	0.03549	0.03947	0.08667	0.03516	0.00238	0.00384	0.00882	0.00590	0.00609
58	0.01531	0.01037	0.01169	0.00981	0.01313	0.01065	0.00779	0.14618	0.24516	0.16133	0.10294	0.02672	0.14761	0.00870	0.00586	0.00176	0.00433	0.00718	0.00576	0.05773
59	0.02135	0.01204	0.01409	0.11568	0.01814	0.08702	0.00974	0.10453	0.05414	0.45323	0.01853	0.03867	0.01272	0.00697	0.00564	0.00175	0.00579	0.00562	0.00570	0.00865
60	0.02022	0.01000	0.01254	0.01007	0.01374	0.00962	0.00818	0.13267	0.08605	0.44290	0.15340	0.02344	0.02093	0.00798	0.00588	0.00177	0.00460	0.02089	0.00648	0.00867
61	0.00718	0.00512	0.00639	0.00724	0.00764	0.00481	0.00472	0.00801	0.01047	0.01383	0.04896	0.53684	0.09468	0.20238	0.01219	0.00299	0.00373	0.01366	0.00482	0.00433
62	0.01188	0.06353	0.71663	0.01557	0.02361	0.01334	0.01991	0.01807	0.01199	0.04033	0.01036	0.01197	0.00734	0.00537	0.00528	0.00175	0.00811	0.00415	0.00252	0.00831
63	0.00837	0.00592	0.00853	0.00853	0.00958	0.00679	0.00662	0.01046	0.00942	0.01413	0.01552	0.02196	0.01412	0.03741	0.67541	0.00800	0.01340	0.00592	0.11486	0.00505
64	0.00760	0.00565	0.00724	0.00819	0.00924	0.00529	0.00632	0.00928	0.01215	0.01565	0.05869	0.35263	0.20364	0.01595	0.00725	0.00229	0.00381	0.25905	0.00524	0.00484
65	0.02073	0.01520	0.01626	0.01256	0.01689	0.01681	0.01035	0.69875	0.04174	0.03454	0.01394	0.01402	0.00996	0.00677	0.00555	0.00168	0.00599	0.00510	0.04381	0.00936
66	0.01790	0.01403	0.01492	0.01224	0.01612	0.01582	0.00985	0.40884	0.37166	0.02983	0.01795	0.01705	0.01317	0.00717	0.00568	0.00179	0.00537	0.00568	0.00568	0.00926
67	0.00911	0.00673	0.00892	0.00988	0.01135	0.00674	0.00848	0.01242	0.05946	0.01727	0.05416	0.05927	0.10351	0.01480	0.00750	0.00246	0.00483	0.59247	0.00525	0.00538
68	0.00912	0.00733	0.01040	0.01140	0.10818	0.00745	0.00752	0.01168	0.01470	0.02096	0.57541	0.05653	0.04266	0.01067	0.00761	0.00184	0.07616	0.00918	0.00538	0.00584
69	0.05163	0.00944	0.01243	0.00969	0.01383	0.00835	0.00796	0.02591	0.03465	0.67930	0.02390	0.02105	0.06061	0.00738	0.00565	0.00176	0.00464	0.00598	0.00671	0.00914
70	0.04133	0.08892	0.01643	0.01211	0.01573	0.12881	0.00992	0.38724	0.08588	0.02639	0.01295	0.01365	0.00983	0.00665	0.00598	0.00165	0.05532	0.00473	0.06829	0.00820
71	0.00733	0.00540	0.00686	0.00718	0.00819	0.00493	0.00513	0.00914	0.01342	0.01823	0.36963	0.34616	0.14889	0.01435	0.00686	0.00199	0.00293	0.01275	0.00567	0.00493
72	0.01161	0.05990	0.68971	0.01676	0.05435	0.01349	0.04208	0.01777	0.01194	0.01766	0.01006	0.01195	0.00725	0.00529	0.00532	0.00176	0.00819	0.00422	0.00241	0.00827
73	0.05081	0.01029	0.01179	0.00855	0.01344	0.00821	0.00687	0.04778	0.01238	0.04237	0.01043	0.01186	0.00846	0.00442	0.00425	0.00094	0.00429	0.00347	0.00356	0.73584
74	0.01094	0.00788	0.03735	0.01004	0.03741	0.00674	0.05305	0.01291	0.01254	0.14006	0.04722	0.24598	0.20715	0.04490	0.03922	0.00245	0.00481	0.06835	0.00503	0.00595
75	0.01140	0.00984	0.00984	0.00925	0.01095	0.10516	0.00711	0.03056	0.09120	0.03935	0.20100	0.12502	0.11881	0.01080	0.00719	0.00188	0.07326	0.04375	0.08768	0.00595
76	0.01190	0.01103	0.01921	0.06509	0.01981	0.01066	0.28253	0.05038	0.02962	0.03328	0.11541	0.11260	0.01834	0.00763	0.00659	0.00176	0.03863	0.00743	0.02544	0.13265
77	0.01498	0.11768	0.01497	0.08195	0.01584	0.01238	0.00880	0.22469	0.03217	0.08610	0.01678	0.14580	0.02897	0.04316	0.00644	0.00179	0.00525	0.00669	0.00451	0.13105
78	0.04976	0.02937	0.05431	0.01209	0.04997	0.01255	0.00971	0.21453	0.16513	0.16681	0.01644	0.04221	0.01233	0.00669	0.00534	0.00163	0.00523	0.00537	0.00508	0.13544

[dist]
# distance from previous block
# <min> <max>
6	19

[block]
# block no. 5 follows, 42 sequences, length 38
# corresponding to MSA columns:
# 279-316
name=unknown_F
#
# <colnr> <probs for GDERKNQSTAVLIFYWHMCP>
#	G	D	E	R	K	N	Q	S	T	A	V	L	I	F	Y	W	H	M	C	P
0	0.16307	0.03123	0.01440	0.16433	0.13347	0.01274	0.01061	0.13037	0.11133	0.02248	0.05405	0.01611	0.01216	0.00625	0.00507	0.00170	0.00542	0.00506	0.07465	0.02551
1	0.05856	0.01232	0.02043	0.23705	0.52852	0.01310	0.01621	0.01645	0.01221	0.01768	0.01028	0.01396	0.00838	0.00519	0.00547	0.00173	0.00678	0.00490	0.00275	0.00804
2	0.60394	0.01040	0.00952	0.00808	0.01174	0.01128	0.00665	0.01926	0.01147	0.22236	0.03167	0.01266	0.00941	0.00585	0.00414	0.00174	0.00442	0.00393	0.00448	0.00699
3	0.01323	0.01277	0.02211	0.18721	0.58526	0.01323	0.05049	0.01672	0.01252	0.01756	0.01050	0.01420	0.00861	0.00513	0.00563	0.00172	0.00698	0.00509	0.00273	0.00831
4	0.00794	0.00540	0.00617	0.00633	0.00646	0.00531	0.00368	0.00814	0.00873	0.01155	0.02130	0.13207	0.05894	0.66647	0.02491	0.00489	0.00506	0.00933	0.00372	0.00362
5	0.01313	0.01351	0.01528	0.06732	0.01589	0.13807	0.01110	0.03674	0.01095	0.01460	0.01242	0.01614	0.06370	0.01114	0.06316	0.00259	0.45680	0.00532	0.02604	0.00612
6	0.00883	0.00607	0.00781	0.00738	0.00888	0.00564	0.00559	0.01165	0.03411	0.05611	0.62065	0.07568	0.08599	0.01173	0.00663	0.00183	0.00291	0.03091	0.00610	0.00553
7	0.01121	0.01039	0.01690	0.71236	0.03652	0.01298	0.01523	0.04810	0.01181	0.01530	0.01003	0.01479	0.00759	0.00590	0.00630	0.00190	0.04865	0.00500	0.00264	0.00640
8	0.00856	0.00602	0.00716	0.00750	0.00820	0.00600	0.00507	0.03765	0.04731	0.01508	0.04588	0.32820	0.05544	0.29965	0.01466	0.00333	0.00427	0.05067	0.04472	0.00465
9	0.01393	0.01337	0.02284	0.03454	0.76712	0.01337	0.01727	0.01727	0.01281	0.01839	0.01059	0.01393	0.00891	0.00501	0.00557	0.00167	0.00669	0.00501	0.00279	0.00891
10	0.01046	0.00975	0.01647	0.65182	0.07095	0.01175	0.03188	0.01392	0.01133	0.01466	0.01227	0.09717	0.01071	0.00684	0.00581	0.00191	0.00706	0.00619	0.00281	0.00624
11	0.01062	0.00982	0.01644	0.75943	0.03756	0.01223	0.01519	0.01433	0.01127	0.01463	0.01031	0.01523	0.00776	0.00566	0.00556	0.00185	0.00732	0.00501	0.03354	0.00621
12	0.02028	0.02541	0.01667	0.01660	0.09606	0.69923	0.01154	0.02193	0.01562	0.01426	0.00890	0.01055	0.00742	0.00572	0.00513	0.00147	0.00979	0.00377	0.00289	0.00677
13	0.84197	0.01088	0.00827	0.00740	0.01088	0.01262	0.00609	0.01654	0.00958	0.02525	0.00784	0.00914	0.00609	0.00522	0.00348	0.00174	0.00435	0.00305	0.00348	0.00609
14	0.01063	0.01000	0.01688	0.78870	0.03876	0.01250	0.01563	0.01438	0.01125	0.01438	0.01000	0.01500	0.00750	0.00563	0.00563	0.00188	0.00750	0.00500	0.00250	0.00625
15	0.00796	0.00575	0.00752	0.00708	0.00841	0.00531	0.00531	0.01062	0.01593	0.02257	0.76415	0.04204	0.05310	0.01150	0.00664	0.00177	0.00265	0.01018	0.00619	0.00531
16	0.01216	0.01140	0.01904	0.49123	0.30204	0.01297	0.01607	0.03830	0.01229	0.01649	0.01032	0.01457	0.00808	0.00544	0.00561	0.00180	0.00717	0.00501	0.00270	0.00732
17	0.00950	0.00801	0.04661	0.00907	0.01056	0.00761	0.00743	0.01184	0.01368	0.05578	0.41982	0.13939	0.05923	0.01183	0.00848	0.00199	0.12517	0.04307	0.00526	0.00567
18	0.00884	0.00673	0.00952	0.01000	0.01131	0.00667	0.04360	0.01176	0.05754	0.01645	0.04731	0.25978	0.04726	0.05192	0.00836	0.00253	0.00472	0.38536	0.00506	0.00527
19	0.01241	0.00895	0.01149	0.08069	0.01395	0.00994	0.02533	0.17346	0.01435	0.03865	0.08587	0.02204	0.01642	0.09833	0.17403	0.00366	0.05043	0.00615	0.14758	0.00626
20	0.01129	0.02911	0.77306	0.01604	0.02436	0.01307	0.02079	0.01782	0.01188	0.01782	0.01010	0.01188	0.00713	0.00535	0.00535	0.00178	0.00832	0.00416	0.00238	0.00832
21	0.01181	0.11384	0.65052	0.01576	0.02354	0.01415	0.05948	0.01773	0.01191	0.01733	0.00992	0.01175	0.00722	0.00525	0.00523	0.00172	0.00813	0.00417	0.00241	0.00816
22	0.00758	0.00536	0.00664	0.00707	0.00751	0.00525	0.00461	0.00841	0.01003	0.01343	0.07505	0.30310	0.08017	0.33968	0.09695	0.00423	0.00533	0.01108	0.00432	0.00421
23	0.01227	0.03536	0.08026	0.01380	0.06004	0.02991	0.01122	0.08794	0.01138	0.01637	0.01132	0.03298	0.01049	0.05419	0.17247	0.00370	0.32479	0.00543	0.01961	0.00647
24	0.00848	0.00698	0.00769	0.00747	0.00908	0.04117	0.00570	0.01119	0.04239	0.01948	0.42710	0.06143	0.24939	0.01233	0.00664	0.00187	0.00334	0.06730	0.00565	0.00532
25	0.05218	0.18590	0.51413	0.01448	0.04759	0.01452	0.01681	0.01714	0.01193	0.01752	0.05100	0.01289	0.00969	0.00556	0.00498	0.00166	0.00728	0.00423	0.00266	0.00784
26	0.21680	0.05602	0.02168	0.05963	0.04197	0.01313	0.33341	0.03068	0.01210	0.03661	0.01220	0.08546	0.01058	0.00630	0.00583	0.00183	0.02408	0.00613	0.00333	0.02222
27	0.13804	0.01463	0.01386	0.01138	0.01504	0.11926	0.00919	0.36305	0.03543	0.07157	0.06803	0.01657	0.01308	0.00837	0.03660	0.00198	0.00637	0.02343	0.00489	0.02923
28	0.59673	0.11952	0.08770	0.00940	0.01366	0.01412	0.04216	0.02969	0.01052	0.02276	0.00832	0.00975	0.00652	0.00519	0.00387	0.00168	0.00524	0.00335	0.00324	0.00659
