[name]
unknown

[dist]
# distance from previous block
# <min> <max>
0	61

[block]
# block no. 0 follows, 45 sequences, length 25
# corresponding to MSA columns:
# 65-89
name=unknown_A
#
# <colnr> <probs for GDERKNQSTAVLIFYWHMCP>
#	G	D	E	R	K	N	Q	S	T	A	V	L	I	F	Y	W	H	M	C	P
0	0.04460	0.08269	0.10571	0.01091	0.01402	0.05560	0.01002	0.08904	0.15060	0.01886	0.03137	0.03186	0.01864	0.00967	0.00620	0.01982	0.00554	0.28399	0.00430	0.00658
1	0.03179	0.19914	0.26677	0.01136	0.01617	0.03541	0.01187	0.11684	0.01335	0.06171	0.03162	0.13357	0.01296	0.00717	0.00500	0.00160	0.00596	0.00572	0.00351	0.02849
2	0.12781	0.19226	0.06395	0.00887	0.01202	0.03041	0.00790	0.07526	0.04168	0.05203	0.10036	0.06107	0.09447	0.03432	0.00623	0.02893	0.00478	0.04746	0.00400	0.00620
3	0.01449	0.18396	0.23055	0.01230	0.01686	0.20289	0.01214	0.08968	0.04015	0.01665	0.01165	0.05729	0.02583	0.00625	0.00519	0.00152	0.02997	0.00458	0.00306	0.03498
4	0.03328	0.27277	0.25735	0.01075	0.01547	0.06767	0.01150	0.01514	0.01165	0.03341	0.03297	0.01926	0.12641	0.00818	0.03675	0.00182	0.00643	0.02950	0.00305	0.00665
5	0.27921	0.13629	0.13713	0.00857	0.01220	0.01104	0.00830	0.01401	0.01106	0.04395	0.08953	0.04723	0.12475	0.03590	0.00547	0.00177	0.00468	0.01921	0.00367	0.00602
6	0.04542	0.23837	0.52752	0.01329	0.01999	0.03725	0.01614	0.01683	0.01124	0.01600	0.00893	0.01045	0.00679	0.00497	0.00458	0.00154	0.00724	0.00362	0.00233	0.00752
7	0.01371	0.17255	0.50463	0.01324	0.01984	0.03298	0.01577	0.01834	0.01197	0.13287	0.01096	0.01184	0.00781	0.00525	0.00483	0.00158	0.00705	0.00397	0.00295	0.00788
8	0.04338	0.14037	0.46548	0.01351	0.01998	0.01302	0.05792	0.01843	0.01197	0.15053	0.01133	0.01223	0.00799	0.00526	0.00491	0.00162	0.00695	0.00415	0.00310	0.00787
9	0.01157	0.11053	0.56228	0.01335	0.02034	0.01249	0.01629	0.01661	0.01136	0.03709	0.00969	0.01119	0.00716	0.00491	0.00476	0.00150	0.00700	0.00376	0.00253	0.13558
10	0.01039	0.00667	0.00833	0.00767	0.00826	0.00725	0.00530	0.01101	0.00902	0.10374	0.01630	0.05536	0.01700	0.50882	0.04656	0.00420	0.12688	0.00713	0.03559	0.00451
11	0.53470	0.01232	0.10036	0.00880	0.01278	0.01151	0.00806	0.01884	0.07919	0.15177	0.01136	0.01167	0.00816	0.00549	0.00408	0.00168	0.00468	0.00374	0.00396	0.00687
12	0.00852	0.00612	0.00685	0.00680	0.00729	0.00636	0.00423	0.01094	0.12420	0.01259	0.01899	0.11319	0.02070	0.60590	0.02185	0.00437	0.00484	0.00832	0.00377	0.00417
13	0.01914	0.01396	0.01520	0.01156	0.01593	0.01484	0.00952	0.61609	0.02268	0.06177	0.01271	0.01284	0.00912	0.00607	0.00516	0.00149	0.00556	0.00460	0.00509	0.13667
14	0.01052	0.01030	0.01848	0.67995	0.03561	0.01218	0.12847	0.01425	0.01103	0.01425	0.00974	0.01434	0.00731	0.00524	0.00551	0.00179	0.00744	0.00501	0.00244	0.00616
15	0.02014	0.02287	0.01544	0.01345	0.01661	0.59093	0.01033	0.21140	0.01779	0.01846	0.00948	0.01051	0.00748	0.00577	0.00498	0.00144	0.00871	0.00381	0.00344	0.00697
16	0.00769	0.00567	0.00820	0.00820	0.00902	0.00648	0.00618	0.00931	0.00850	0.01215	0.01477	0.02323	0.01435	0.15804	0.67357	0.00810	0.01298	0.00607	0.00293	0.00456
17	0.00781	0.00520	0.00585	0.00585	0.00585	0.00520	0.00325	0.00781	0.00781	0.01041	0.01691	0.03513	0.01952	0.81135	0.02732	0.00520	0.00520	0.00781	0.00325	0.00325
18	0.00708	0.00545	0.00770	0.12821	0.01222	0.00552	0.00646	0.00844	0.01043	0.01374	0.02753	0.65587	0.06130	0.01494	0.00660	0.00211	0.00372	0.01350	0.00459	0.00461
19	0.02136	0.00892	0.01186	0.00928	0.01300	0.00796	0.00759	0.06570	0.01590	0.62270	0.13585	0.02130	0.01876	0.00729	0.00554	0.00166	0.00433	0.00602	0.00646	0.00851
20	0.01329	0.01275	0.02179	0.03295	0.77787	0.01275	0.01647	0.01647	0.01222	0.01754	0.01010	0.01329	0.00850	0.00478	0.00531	0.00159	0.00638	0.00478	0.00266	0.00850
21	0.01090	0.05719	0.75529	0.01507	0.02288	0.01279	0.01943	0.01696	0.01132	0.01684	0.00955	0.01123	0.00680	0.00508	0.00504	0.00168	0.00785	0.00393	0.00227	0.00789
22	0.16588	0.00820	0.00999	0.01123	0.10181	0.00874	0.00745	0.08290	0.01196	0.01841	0.05442	0.35942	0.05509	0.01131	0.00645	0.00194	0.04965	0.02511	0.00432	0.00572
23	0.33377	0.01318	0.10410	0.06619	0.01580	0.01230	0.00950	0.19199	0.01443	0.15879	0.01175	0.01230	0.00827	0.00568	0.00454	0.00166	0.00528	0.00410	0.01896	0.00743
24	0.39285	0.01171	0.01145	0.00966	0.02957	0.01274	0.00766	0.22844	0.07913	0.05411	0.01106	0.01162	0.00825	0.00553	0.00429	0.00156	0.00470	0.00389	0.00418	0.10762

[dist]
# distance from previous block
# <min> <max>
4	11

[block]
# block no. 1 follows, 45 sequences, length 19
# corresponding to MSA columns:
# 101-119
name=unknown_B
#
# <colnr> <probs for GDERKNQSTAVLIFYWHMCP>
#	G	D	E	R	K	N	Q	S	T	A	V	L	I	F	Y	W	H	M	C	P
0	0.01996	0.01300	0.01452	0.01125	0.01518	0.01389	0.00920	0.54813	0.02206	0.17801	0.04974	0.01620	0.01232	0.04335	0.00642	0.00179	0.00546	0.00530	0.00555	0.00868
1	0.07637	0.01011	0.01287	0.01125	0.06058	0.01005	0.00855	0.08611	0.09189	0.45557	0.04999	0.01820	0.02765	0.00692	0.00596	0.00171	0.04672	0.00546	0.00566	0.00838
2	0.16736	0.01112	0.01404	0.28204	0.05577	0.04859	0.01118	0.06772	0.01119	0.01738	0.00971	0.03197	0.00812	0.00661	0.00773	0.00183	0.18919	0.00462	0.04766	0.00618
3	0.01329	0.01275	0.02179	0.03295	0.77787	0.01275	0.01647	0.01647	0.01222	0.01754	0.01010	0.01329	0.00850	0.00478	0.00531	0.00159	0.00638	0.00478	0.00266	0.00850
4	0.00658	0.00478	0.00621	0.00725	0.00775	0.00441	0.00491	0.00764	0.01071	0.01419	0.07161	0.69933	0.10240	0.01622	0.00678	0.00212	0.00305	0.01461	0.00503	0.00441
5	0.02030	0.01428	0.01553	0.01201	0.01621	0.01565	0.00989	0.64812	0.07019	0.10110	0.01419	0.01382	0.00995	0.00651	0.00538	0.00163	0.00568	0.00496	0.00549	0.00909
6	0.01374	0.67980	0.15753	0.01023	0.01540	0.01974	0.01101	0.01623	0.01098	0.01338	0.00783	0.00908	0.00687	0.00468	0.00373	0.00124	0.00612	0.00306	0.00229	0.00707
7	0.00638	0.00531	0.00557	0.00577	0.00734	0.00450	0.00423	0.00767	0.01191	0.01437	0.05030	0.17621	0.65378	0.01413	0.00643	0.00187	0.00278	0.01198	0.00498	0.00450
8	0.08197	0.39140	0.03552	0.01143	0.03412	0.23138	0.00975	0.04232	0.03698	0.02898	0.00868	0.00993	0.00736	0.00532	0.00476	0.00138	0.04574	0.00341	0.00280	0.00680
9	0.00673	0.00499	0.00628	0.00693	0.00773	0.00455	0.00483	0.00809	0.01171	0.01554	0.19527	0.49682	0.18099	0.01494	0.00664	0.00200	0.00291	0.01331	0.00518	0.00455
10	0.00760	0.00549	0.00718	0.00675	0.00802	0.00506	0.00506	0.01013	0.01519	0.02153	0.77503	0.04010	0.05065	0.01097	0.00633	0.00169	0.00253	0.00971	0.00591	0.00506
11	0.01422	0.78051	0.02741	0.00913	0.01373	0.02064	0.00907	0.01597	0.01092	0.01283	0.00755	0.00872	0.00693	0.00457	0.00347	0.00113	0.00567	0.00288	0.00233	0.04232
12	0.01077	0.02777	0.78354	0.01530	0.02323	0.01247	0.01983	0.01700	0.01133	0.01700	0.00963	0.01133	0.00680	0.00510	0.00510	0.00170	0.00793	0.00397	0.00227	0.00793
13	0.01231	0.01665	0.15977	0.02107	0.02673	0.01349	0.60527	0.01701	0.01228	0.01701	0.01051	0.01384	0.00788	0.00480	0.00653	0.00181	0.03724	0.00587	0.00263	0.00731
14	0.01037	0.05861	0.56763	0.01387	0.04421	0.01138	0.01626	0.01555	0.01212	0.01773	0.16413	0.01708	0.01571	0.00625	0.00528	0.00167	0.00669	0.00510	0.00302	0.00732
15	0.00654	0.00467	0.00623	0.00747	0.00779	0.00436	0.00498	0.00747	0.01028	0.01370	0.02959	0.80785	0.03550	0.01682	0.00685	0.00218	0.00311	0.01526	0.00498	0.00436
16	0.00987	0.00918	0.01525	0.72845	0.03439	0.01130	0.01400	0.01331	0.01102	0.01416	0.05199	0.01699	0.03634	0.00595	0.00545	0.00178	0.00675	0.00526	0.00266	0.00587
17	0.01811	0.10222	0.24977	0.01163	0.01693	0.01097	0.03031	0.02179	0.03116	0.41213	0.01608	0.01595	0.01093	0.00609	0.00516	0.00164	0.00583	0.02026	0.00468	0.00837
18	0.01996	0.01021	0.03074	0.00985	0.01362	0.00946	0.00820	0.14314	0.07706	0.47265	0.12708	0.02048	0.01803	0.00724	0.00552	0.00167	0.00455	0.00594	0.00613	0.00847

[dist]
# distance from previous block
# <min> <max>
0	2

[block]
# block no. 2 follows, 45 sequences, length 91
# corresponding to MSA columns:
# 122-165,173-219
name=unknown_C
#
# <colnr> <probs for GDERKNQSTAVLIFYWHMCP>
#	G	D	E	R	K	N	Q	S	T	A	V	L	I	F	Y	W	H	M	C	P
0	0.05080	0.06862	0.17002	0.04995	0.11234	0.30808	0.01257	0.06017	0.02961	0.04138	0.01008	0.01165	0.00785	0.00542	0.00484	0.00151	0.00756	0.00398	0.03645	0.00712
1	0.00638	0.00531	0.00557	0.00577	0.00734	0.00450	0.00423	0.00767	0.01192	0.01437	0.05034	0.17487	0.65508	0.01412	0.00643	0.00187	0.00278	0.01197	0.00498	0.00450
2	0.01146	0.02018	0.43880	0.01542	0.08146	0.01130	0.08102	0.01677	0.04488	0.03336	0.04246	0.01346	0.00964	0.00520	0.00510	0.00155	0.00676	0.00447	0.00288	0.15385
3	0.01155	0.00992	0.01246	0.00942	0.01366	0.00843	0.05705	0.04531	0.08446	0.01825	0.01230	0.01602	0.01057	0.03729	0.00546	0.00127	0.00452	0.04540	0.00356	0.59309
4	0.01329	0.01275	0.02179	0.03295	0.77787	0.01275	0.01647	0.01647	0.01222	0.01754	0.01010	0.01329	0.00850	0.00478	0.00531	0.00159	0.00638	0.00478	0.00266	0.00850
5	0.01174	0.01174	0.01644	0.01409	0.01409	0.01644	0.01174	0.01292	0.00822	0.01292	0.00705	0.01174	0.00705	0.00940	0.01762	0.00235	0.80153	0.00470	0.00235	0.00587
6	0.03294	0.02461	0.63322	0.01561	0.05242	0.01227	0.04686	0.03326	0.01195	0.07246	0.01054	0.01200	0.00741	0.00520	0.00514	0.00169	0.00754	0.00419	0.00271	0.00799
7	0.01383	0.06421	0.04838	0.06151	0.56160	0.06465	0.01512	0.04452	0.04292	0.01755	0.01034	0.01298	0.00851	0.00502	0.00517	0.00157	0.00654	0.00460	0.00283	0.00814
8	0.01099	0.07776	0.73554	0.01491	0.02263	0.01302	0.01916	0.01694	0.01131	0.01672	0.00950	0.01116	0.00681	0.00507	0.00499	0.00166	0.00779	0.00390	0.00227	0.00787
9	0.00729	0.00618	0.00786	0.00710	0.00901	0.00548	0.05494	0.00950	0.02874	0.01698	0.26931	0.04501	0.48883	0.01206	0.00632	0.00177	0.00312	0.01039	0.00512	0.00496
10	0.05064	0.06754	0.11523	0.01434	0.12253	0.08961	0.04075	0.07420	0.04489	0.22468	0.06011	0.01690	0.04227	0.00632	0.00521	0.00161	0.00590	0.00517	0.00430	0.00779
11	0.01806	0.11683	0.12571	0.01085	0.01516	0.01207	0.01009	0.18712	0.01578	0.31031	0.01643	0.09404	0.01269	0.00719	0.00549	0.00166	0.02178	0.00571	0.00491	0.00812
12	0.00654	0.00467	0.00623	0.00747	0.00779	0.00436	0.00498	0.00747	0.01028	0.01370	0.02959	0.80785	0.03550	0.01682	0.00685	0.00218	0.00311	0.01526	0.00498	0.00436
13	0.00776	0.00609	0.00741	0.03009	0.00977	0.00597	0.00608	0.01079	0.09306	0.01564	0.06442	0.30516	0.24971	0.01391	0.00660	0.00206	0.00356	0.15189	0.00499	0.00504
14	0.03139	0.14012	0.08457	0.12023	0.13082	0.25337	0.01239	0.13343	0.01464	0.01754	0.00941	0.01129	0.00749	0.00535	0.00484	0.00150	0.00742	0.00398	0.00300	0.00722
15	0.12780	0.07282	0.02903	0.07369	0.01703	0.01570	0.01003	0.49074	0.01972	0.02799	0.01131	0.01220	0.00833	0.00612	0.00541	0.00162	0.03751	0.00441	0.02049	0.00805
16	0.00767	0.00575	0.00863	0.00863	0.00959	0.00671	0.00671	0.00959	0.00863	0.01246	0.01438	0.02109	0.01342	0.04026	0.79008	0.00863	0.01438	0.00575	0.00288	0.00479
17	0.01252	0.01271	0.05117	0.14711	0.60218	0.01242	0.02958	0.01587	0.01197	0.01685	0.01114	0.01437	0.02791	0.00511	0.00536	0.00164	0.00651	0.00494	0.00266	0.00797
18	0.04117	0.15083	0.03204	0.01215	0.05956	0.07264	0.00965	0.27621	0.11916	0.11192	0.01364	0.01374	0.01010	0.00602	0.00487	0.00153	0.00563	0.00456	0.04648	0.00808
19	0.00998	0.00800	0.01187	0.01069	0.01254	0.00794	0.11835	0.12245	0.01319	0.01758	0.03905	0.36781	0.04026	0.06610	0.00799	0.00227	0.00483	0.12897	0.00460	0.00554
20	0.00767	0.00573	0.00853	0.00853	0.00945	0.00666	0.00658	0.00952	0.00860	0.01239	0.01447	0.02160	0.01364	0.06825	0.76239	0.00850	0.01405	0.00583	0.00289	0.00474
21	0.01482	0.01245	0.01549	0.06764	0.01728	0.02939	0.06949	0.29212	0.01628	0.02270	0.01075	0.01250	0.00835	0.00624	0.02121	0.00155	0.07432	0.00435	0.00382	0.29924
22	0.01327	0.03481	0.18147	0.10263	0.32981	0.11257	0.08365	0.01748	0.04248	0.01653	0.01019	0.01279	0.00805	0.00508	0.00527	0.00163	0.00735	0.00459	0.00267	0.00768
23	0.00932	0.00466	0.00699	0.00699	0.00699	0.00466	0.00466	0.00699	0.00699	0.00932	0.00932	0.01632	0.00932	0.01865	0.02098	0.84382	0.00466	0.00466	0.00233	0.00233
24	0.00902	0.00558	0.00740	0.00741	0.00856	0.00521	0.00536	0.01070	0.01245	0.10263	0.29735	0.33999	0.05075	0.04987	0.05980	0.00250	0.00390	0.01110	0.00529	0.00514
25	0.00772	0.00517	0.00588	0.00597	0.00599	0.00515	0.00337	0.00778	0.00798	0.01064	0.01780	0.08909	0.02063	0.75587	0.02589	0.00499	0.00506	0.00833	0.00337	0.00333
26	0.01217	0.05614	0.49114	0.01433	0.02065	0.01184	0.09821	0.03604	0.01256	0.08292	0.08704	0.01592	0.01234	0.00593	0.00536	0.00169	0.00703	0.01788	0.00318	0.00761
27	0.00654	0.00467	0.00623	0.00747	0.00779	0.00436	0.00498	0.00747	0.01028	0.01370	0.02959	0.80785	0.03550	0.01682	0.00685	0.00218	0.00311	0.01526	0.00498	0.00436
28	0.01082	0.00991	0.01610	0.74584	0.03561	0.01224	0.01459	0.06365	0.01170	0.01506	0.00976	0.01422	0.00729	0.00544	0.00537	0.00178	0.00707	0.00477	0.00258	0.00617
29	0.01074	0.00549	0.00569	0.00547	0.00691	0.00553	0.00416	0.03846	0.01180	0.04369	0.01740	0.01974	0.01358	0.00701	0.02099	0.00144	0.00294	0.00503	0.76866	0.00527
30	0.84927	0.01038	0.00789	0.00706	0.01038	0.01204	0.00581	0.01578	0.00914	0.02408	0.00747	0.00872	0.00581	0.00498	0.00332	0.00166	0.00415	0.00291	0.00332	0.00581
31	0.00775	0.00518	0.00587	0.00592	0.00594	0.00517	0.00333	0.00779	0.00791	0.01055	0.01746	0.06839	0.02020	0.77715	0.02644	0.00507	0.00511	0.00813	0.00333	0.00330
32	0.66228	0.01103	0.00917	0.00791	0.01136	0.04566	0.00647	0.04408	0.01089	0.13514	0.00971	0.01031	0.00708	0.00530	0.00377	0.00165	0.00452	0.00337	0.00386	0.00644
33	0.00660	0.00471	0.00630	0.00754	0.00788	0.00441	0.00509	0.00758	0.01034	0.01377	0.02955	0.78668	0.03537	0.01676	0.00687	0.00219	0.00317	0.03584	0.00498	0.00438
34	0.00654	0.00467	0.00623	0.00747	0.00779	0.00436	0.00498	0.00747	0.01028	0.01370	0.02959	0.80785	0.03550	0.01682	0.00685	0.00218	0.00311	0.01526	0.00498	0.00436
35	0.00848	0.00605	0.00831	0.00943	0.01056	0.00602	0.00805	0.01070	0.01196	0.01555	0.02816	0.08146	0.04556	0.07232	0.00881	0.00265	0.00486	0.65145	0.00482	0.00479
36	0.00767	0.00575	0.00863	0.00863	0.00959	0.00671	0.00671	0.00959	0.00863	0.01246	0.01438	0.02109	0.01342	0.04026	0.79008	0.00863	0.01438	0.00575	0.00288	0.00479
37	0.84927	0.01038	0.00789	0.00706	0.01038	0.01204	0.00581	0.01578	0.00914	0.02408	0.00747	0.00872	0.00581	0.00498	0.00332	0.00166	0.00415	0.00291	0.00332	0.00581
38	0.00781	0.00520	0.00585	0.00585	0.00585	0.00520	0.00325	0.00781	0.00781	0.01041	0.01691	0.03513	0.01952	0.81135	0.02732	0.00520	0.00520	0.00781	0.00325	0.00325
39	0.84927	0.01038	0.00789	0.00706	0.01038	0.01204	0.00581	0.01578	0.00914	0.02408	0.00747	0.00872	0.00581	0.00498	0.00332	0.00166	0.00415	0.00291	0.00332	0.00581
40	0.02041	0.01504	0.01611	0.01235	0.01665	0.01665	0.01020	0.75997	0.02524	0.03383	0.01289	0.01289	0.00913	0.00644	0.00537	0.00161	0.00591	0.00483	0.00537	0.00913
41	0.01329	0.01275	0.02179	0.03295	0.77787	0.01275	0.01647	0.01647	0.01222	0.01754	0.01010	0.01329	0.00850	0.00478	0.00531	0.00159	0.00638	0.00478	0.00266	0.00850
42	0.01329	0.01275	0.02179	0.03295	0.77787	0.01275	0.01647	0.01647	0.01222	0.01754	0.01010	0.01329	0.00850	0.00478	0.00531	0.00159	0.00638	0.00478	0.00266	0.00850
43	0.03243	0.00943	0.01271	0.01140	0.06437	0.00901	0.03517	0.08188	0.07978	0.40126	0.05297	0.10948	0.04463	0.00820	0.00567	0.00175	0.00462	0.02161	0.00566	0.00795
44	0.00662	0.00473	0.00633	0.00757	0.00792	0.00443	0.00513	0.00762	0.01036	0.01380	0.02954	0.77800	0.03532	0.01674	0.00687	0.00219	0.00319	0.04428	0.00498	0.00438
45	0.00651	0.00510	0.00591	0.00650	0.00759	0.00450	0.00461	0.00772	0.01140	0.01431	0.05756	0.40109	0.40298	0.01505	0.00660	0.00199	0.00294	0.02816	0.00500	0.00447
46	0.01077	0.02777	0.78354	0.01530	0.02323	0.01247	0.01983	0.01700	0.01133	0.01700	0.00963	0.01133	0.00680	0.00510	0.00510	0.00170	0.00793	0.00397	0.00227	0.00793
47	0.01435	0.81458	0.02813	0.00918	0.01378	0.02124	0.00918	0.01607	0.01091	0.01263	0.00746	0.00861	0.00689	0.00459	0.00344	0.00115	0.00574	0.00287	0.00230	0.00689
48	0.00781	0.00520	0.00585	0.00585	0.00585	0.00520	0.00325	0.00781	0.00781	0.01041	0.01691	0.03513	0.01952	0.81135	0.02732	0.00520	0.00520	0.00781	0.00325	0.00325
49	0.02347	0.00895	0.01213	0.00935	0.01338	0.00776	0.00771	0.02556	0.01518	0.74823	0.02102	0.01835	0.01331	0.00663	0.00533	0.00164	0.00448	0.00538	0.04320	0.00895
50	0.01958	0.01501	0.01556	0.01220	0.01625	0.04999	0.00997	0.66040	0.07371	0.03167	0.01370	0.03298	0.01017	0.00672	0.00539	0.00163	0.00589	0.00511	0.00525	0.00884
51	0.01411	0.01146	0.01368	0.07985	0.05828	0.01292	0.02875	0.05390	0.55872	0.07769	0.01948	0.01862	0.01445	0.00683	0.00546	0.00179	0.00482	0.00580	0.00506	0.00832
52	0.01994	0.01263	0.06509	0.01105	0.01527	0.01191	0.00950	0.24546	0.16884	0.35475	0.01806	0.01655	0.01223	0.00661	0.00538	0.00168	0.00513	0.00527	0.00573	0.00892
53	0.00663	0.00474	0.00633	0.00758	0.00793	0.00444	0.00514	0.00763	0.01037	0.01381	0.02953	0.77511	0.03530	0.01673	0.00688	0.00219	0.00319	0.04708	0.00498	0.00439
54	0.01355	0.01097	0.01242	0.06383	0.03338	0.01246	0.00890	0.04059	0.59248	0.06680	0.06813	0.02051	0.01742	0.00727	0.00550	0.00179	0.00444	0.00612	0.00529	0.00816
55	0.03821	0.39249	0.39388	0.01255	0.03320	0.01654	0.01439	0.01652	0.01109	0.01520	0.00857	0.01003	0.00684	0.00485	0.00428	0.00144	0.00677	0.00344	0.00232	0.00739
56	0.06495	0.00713	0.00863	0.00839	0.00948	0.04147	0.00634	0.02618	0.00921	0.01355	0.01397	0.02175	0.01345	0.16406	0.52641	0.00684	0.02661	0.00575	0.02106	0.00478
57	0.16973	0.01308	0.01367	0.01082	0.01481	0.01431	0.00887	0.45210	0.10089	0.09633	0.01347	0.01331	0.00963	0.00619	0.00496	0.00161	0.00522	0.00460	0.00504	0.04137
58	0.00910	0.00582	0.00766	0.00701	0.00854	0.00532	0.00532	0.01160	0.01521	0.09100	0.70613	0.03810	0.04723	0.01058	0.00625	0.00169	0.00272	0.00931	0.00598	0.00544
59	0.00717	0.00539	0.00661	0.00659	0.00785	0.00488	0.00488	0.00911	0.01347	0.01814	0.43769	0.14280	0.24287	0.03218	0.00696	0.00190	0.00281	0.03849	0.00544	0.00478
60	0.00757	0.00549	0.00714	0.00673	0.00800	0.00505	0.00504	0.01008	0.01513	0.02138	0.76023	0.04033	0.06554	0.01103	0.00633	0.00169	0.00254	0.00974	0.00589	0.00505
61	0.00686	0.00546	0.00615	0.00597	0.00756	0.00475	0.00448	0.00869	0.01344	0.01737	0.34860	0.04694	0.47968	0.01252	0.00634	0.00176	0.00264	0.01067	0.00536	0.00475
62	0.02005	0.02558	0.01521	0.01383	0.01659	0.78980	0.01037	0.02143	0.01521	0.01314	0.00830	0.00968	0.00691	0.00553	0.00484	0.00138	0.00968	0.00346	0.00277	0.00622
63	0.84927	0.01038	0.00789	0.00706	0.01038	0.01204	0.00581	0.01578	0.00914	0.02408	0.00747	0.00872	0.00581	0.00498	0.00332	0.00166	0.00415	0.00291	0.00332	0.00581
64	0.00767	0.00575	0.00863	0.00863	0.00959	0.00671	0.00671	0.00959	0.00863	0.01246	0.01438	0.02109	0.01342	0.04026	0.79008	0.00863	0.01438	0.00575	0.00288	0.00479
65	0.00659	0.00469	0.00621	0.00741	0.00771	0.00439	0.00492	0.00749	0.01019	0.01358	0.02912	0.77949	0.03492	0.04597	0.00760	0.00229	0.00319	0.01499	0.00492	0.00432
66	0.01265	0.01279	0.02331	0.01680	0.02172	0.01180	0.43256	0.06553	0.01283	0.01823	0.01041	0.01317	0.00810	0.00467	0.00595	0.00149	0.03884	0.00514	0.00303	0.28100
67	0.03483	0.01508	0.01531	0.01210	0.01606	0.06769	0.00985	0.62089	0.07739	0.03083	0.01364	0.03750	0.01025	0.00673	0.00535	0.00163	0.00592	0.00511	0.00515	0.00868
68	0.00678	0.00545	0.00604	0.00590	0.00752	0.00472	0.00442	0.00855	0.01327	0.01695	0.30575	0.04763	0.52279	0.01268	0.00634	0.00177	0.00265	0.01076	0.00531	0.00472
69	0.02005	0.02558	0.01521	0.01383	0.01659	0.78980	0.01037	0.02143	0.01521	0.01314	0.00830	0.00968	0.00691	0.00553	0.00484	0.00138	0.00968	0.00346	0.00277	0.00622
70	0.00664	0.00505	0.00606	0.00671	0.00762	0.00454	0.00469	0.00783	0.01125	0.01443	0.08689	0.44390	0.29742	0.04440	0.00740	0.00214	0.00306	0.03056	0.00498	0.00444
71	0.01304	0.01246	0.02122	0.03201	0.74961	0.01245	0.01605	0.01614	0.01215	0.01740	0.01081	0.04244	0.00949	0.00522	0.00537	0.00162	0.00626	0.00517	0.00274	0.00835
72	0.01233	0.01379	0.02902	0.02110	0.02575	0.01351	0.64809	0.01635	0.01210	0.01660	0.01120	0.04588	0.00912	0.00554	0.00757	0.00188	0.09393	0.00652	0.00277	0.00698
73	0.00942	0.00589	0.00776	0.00706	0.00865	0.00538	0.00538	0.01190	0.01521	0.10563	0.69162	0.03768	0.04651	0.01049	0.00623	0.00169	0.00276	0.00923	0.00599	0.00552
74	0.00920	0.00605	0.00768	0.00743	0.00894	0.00563	0.00566	0.03829	0.01404	0.08365	0.38713	0.18091	0.13691	0.01219	0.00641	0.00186	0.00317	0.07393	0.00558	0.00535
75	0.00852	0.00632	0.00738	0.00703	0.00867	0.00604	0.00534	0.01071	0.04726	0.07002	0.17042	0.13345	0.42035	0.01246	0.00705	0.00186	0.05639	0.01041	0.00511	0.00520
76	0.05865	0.01053	0.01227	0.01017	0.01379	0.01091	0.00817	0.06080	0.34771	0.37563	0.02043	0.01834	0.01410	0.00684	0.00533	0.00173	0.00447	0.00555	0.00590	0.00869
77	0.00735	0.00526	0.00643	0.00695	0.00805	0.00472	0.00502	0.00871	0.01170	0.04302	0.10653	0.40818	0.28387	0.01470	0.00661	0.00201	0.00309	0.05797	0.00513	0.00469
78	0.02221	0.00869	0.01177	0.00917	0.01298	0.00755	0.00752	0.02434	0.01522	0.69166	0.08708	0.02024	0.01657	0.00701	0.00543	0.00165	0.00433	0.00576	0.03219	0.00865
79	0.03150	0.04064	0.67907	0.01510	0.02245	0.06466	0.03960	0.01726	0.01157	0.01684	0.00949	0.01120	0.00682	0.00510	0.00505	0.00167	0.00795	0.00396	0.00234	0.00773
80	0.00857	0.00590	0.02218	0.00754	0.00880	0.00514	0.00566	0.01028	0.01244	0.08411	0.24297	0.39293	0.10772	0.01362	0.00652	0.00196	0.00323	0.04999	0.00534	0.00510
81	0.00696	0.00483	0.00625	0.00710	0.00741	0.00458	0.00465	0.00770	0.01001	0.01343	0.07629	0.57987	0.03248	0.16601	0.01123	0.03589	0.00353	0.01307	0.00461	0.00412
82	0.03735	0.00683	0.00891	0.00843	0.02509	0.00712	0.00591	0.13231	0.01047	0.03124	0.01034	0.01559	0.00937	0.01534	0.01675	0.62107	0.00483	0.00466	0.02449	0.00391
83	0.01354	0.51101	0.27228	0.01145	0.01702	0.06558	0.01271	0.01670	0.01131	0.01408	0.00822	0.00956	0.00686	0.00481	0.00407	0.00134	0.00669	0.00326	0.00232	0.00719
84	0.01281	0.01312	0.02779	0.02020	0.02503	0.01225	0.63127	0.01680	0.01261	0.06799	0.01346	0.09569	0.01128	0.00592	0.00632	0.00184	0.00814	0.00718	0.00321	0.00707
85	0.00771	0.00595	0.00757	0.06055	0.01047	0.00599	0.00606	0.01059	0.09255	0.01543	0.07479	0.48597	0.12102	0.01401	0.00648	0.00204	0.00349	0.04467	0.01963	0.00501
86	0.01309	0.01256	0.02144	0.08035	0.73199	0.01270	0.01638	0.01630	0.01213	0.01730	0.01006	0.01335	0.00842	0.00482	0.00532	0.00161	0.00643	0.00478	0.00264	0.00835
87	0.01322	0.01036	0.01138	0.01133	0.06330	0.06268	0.00812	0.09963	0.23903	0.07744	0.03617	0.20211	0.01957	0.00941	0.00588	0.00181	0.01703	0.03793	0.06660	0.00699
88	0.08608	0.01279	0.01887	0.23933	0.38933	0.07684	0.05344	0.01603	0.01174	0.01658	0.00955	0.01290	0.00772	0.00510	0.00541	0.00166	0.02214	0.00459	0.00265	0.00726
89	0.03074	0.01028	0.01744	0.60316	0.12223	0.01194	0.06574	0.01432	0.01102	0.01481	0.00965	0.01394	0.00738	0.00517	0.00532	0.00172	0.00699	0.00477	0.00250	0.04087
90	0.01282	0.01186	0.01965	0.16680	0.56130	0.01214	0.01516	0.01626	0.02823	0.03374	0.01046	0.01358	0.00850	0.00493	0.00524	0.00158	0.00627	0.00471	0.00279	0.06399

[dist]
# distance from previous block
# <min> <max>
1	9

[block]
# block no. 3 follows, 45 sequences, length 19
# corresponding to MSA columns:
# 230-248
name=unknown_D
#
# <colnr> <probs for GDERKNQSTAVLIFYWHMCP>
#	G	D	E	R	K	N	Q	S	T	A	V	L	I	F	Y	W	H	M	C	P
0	0.01368	0.07454	0.05538	0.01947	0.09360	0.01403	0.41777	0.13470	0.01420	0.01928	0.01154	0.04932	0.00940	0.00553	0.00604	0.00171	0.02516	0.00590	0.00319	0.02556
1	0.01329	0.01497	0.11336	0.05044	0.06311	0.01281	0.48479	0.04201	0.01286	0.07494	0.01194	0.03801	0.00918	0.00535	0.00631	0.00179	0.02830	0.00603	0.00309	0.00742
2	0.01323	0.01105	0.01323	0.00982	0.01437	0.02693	0.05264	0.11176	0.07164	0.04572	0.01137	0.01245	0.00892	0.00471	0.00448	0.00108	0.00470	0.00389	0.00372	0.57429
3	0.00962	0.00603	0.00711	0.00678	0.00741	0.00606	0.00432	0.05096	0.00959	0.07014	0.01789	0.09395	0.01941	0.59822	0.06638	0.00469	0.00555	0.00794	0.00374	0.00420
4	0.05427	0.09851	0.01562	0.03602	0.01582	0.24559	0.00933	0.24381	0.01675	0.06616	0.01090	0.02447	0.00854	0.00571	0.00475	0.00140	0.00658	0.00410	0.00385	0.12783
5	0.01936	0.01418	0.01531	0.01189	0.01606	0.01553	0.00976	0.61739	0.10786	0.06089	0.01408	0.01383	0.01006	0.00644	0.00532	0.00160	0.00559	0.00492	0.00534	0.04459
6	0.01200	0.01368	0.06090	0.28640	0.08456	0.07087	0.31841	0.01578	0.01198	0.01554	0.01104	0.05360	0.00905	0.00555	0.00578	0.00177	0.00790	0.00580	0.00269	0.00671
7	0.01951	0.01454	0.01562	0.01204	0.01628	0.01597	0.00990	0.67757	0.07011	0.03231	0.01327	0.01324	0.00951	0.00637	0.00531	0.00158	0.00571	0.00483	0.00527	0.05106
8	0.00796	0.00607	0.00751	0.00810	0.00946	0.00587	0.00651	0.01072	0.06328	0.01595	0.08383	0.15225	0.23640	0.03618	0.00740	0.00223	0.00389	0.32643	0.00501	0.00495
9	0.01321	0.49043	0.23368	0.01087	0.01611	0.01734	0.01186	0.05940	0.01219	0.01574	0.06616	0.01198	0.01029	0.00532	0.00423	0.00137	0.00611	0.00380	0.00274	0.00717
10	0.01377	0.63406	0.15382	0.01030	0.01534	0.01922	0.01094	0.04089	0.01140	0.01406	0.00820	0.00955	0.00713	0.00571	0.02513	0.00146	0.00635	0.00320	0.00241	0.00708
11	0.00652	0.00494	0.00602	0.00680	0.00763	0.00444	0.00470	0.00765	0.01109	0.01426	0.06646	0.53962	0.26935	0.01557	0.00667	0.00205	0.00297	0.01380	0.00502	0.00444
12	0.00658	0.00490	0.00600	0.00684	0.00751	0.00447	0.00463	0.00756	0.01059	0.01366	0.03491	0.55992	0.22116	0.07467	0.00823	0.00231	0.00317	0.01372	0.00486	0.00432
13	0.05014	0.03784	0.07138	0.01079	0.01473	0.01236	0.00933	0.26771	0.14879	0.21354	0.04175	0.05705	0.02594	0.00721	0.00535	0.00169	0.00506	0.00578	0.00528	0.00828
14	0.00775	0.00518	0.00587	0.00593	0.00595	0.00516	0.00333	0.00779	0.00792	0.01056	0.01751	0.07153	0.02027	0.77393	0.02636	0.00506	0.00511	0.00816	0.00333	0.00330
15	0.00662	0.00475	0.00624	0.00740	0.00777	0.00443	0.00497	0.00757	0.01030	0.01367	0.02998	0.74136	0.05992	0.04320	0.00753	0.00227	0.00321	0.02956	0.00492	0.00434
16	0.01481	0.49900	0.02268	0.01110	0.03543	0.16012	0.00961	0.01752	0.06857	0.01370	0.00951	0.01172	0.00849	0.00649	0.02634	0.00156	0.05033	0.02353	0.00272	0.00677
17	0.35388	0.08555	0.04620	0.10573	0.07805	0.07353	0.06979	0.06207	0.01177	0.04277	0.00942	0.02269	0.00746	0.00530	0.00441	0.00162	0.00591	0.00401	0.00318	0.00666
18	0.01480	0.07345	0.06658	0.01262	0.01745	0.01210	0.16104	0.19196	0.01522	0.08244	0.03235	0.01342	0.00971	0.00519	0.00499	0.00137	0.00585	0.00459	0.00383	0.27101

[dist]
# distance from previous block
# <min> <max>
1	4

[block]
# block no. 4 follows, 45 sequences, length 95
# corresponding to MSA columns:
# 253-347
name=unknown_E
#
# <colnr> <probs for GDERKNQSTAVLIFYWHMCP>
#	G	D	E	R	K	N	Q	S	T	A	V	L	I	F	Y	W	H	M	C	P
0	0.08239	0.21294	0.07828	0.01457	0.14426	0.22100	0.01083	0.04791	0.01318	0.01676	0.08098	0.01332	0.01145	0.00566	0.00461	0.00144	0.00657	0.00422	0.02276	0.00686
1	0.01411	0.53353	0.17029	0.01109	0.01619	0.03928	0.03413	0.07764	0.01244	0.01558	0.02696	0.01045	0.00815	0.00502	0.00411	0.00133	0.00630	0.00353	0.00266	0.00722
2	0.02524	0.11907	0.01064	0.00749	0.00964	0.03438	0.00599	0.09698	0.07491	0.01944	0.01568	0.04044	0.01314	0.05954	0.04154	0.00195	0.00446	0.00520	0.40836	0.00592
3	0.02937	0.00725	0.00832	0.00772	0.00830	0.03749	0.02481	0.02275	0.00896	0.01235	0.01590	0.08566	0.01770	0.54585	0.02127	0.00410	0.08498	0.00748	0.02600	0.02373
4	0.00718	0.00549	0.00660	0.00637	0.00782	0.00490	0.00481	0.00930	0.01409	0.01893	0.50404	0.04465	0.30470	0.01199	0.00636	0.00175	0.00266	0.02793	0.00556	0.00487
5	0.00974	0.00509	0.00541	0.00541	0.00663	0.00520	0.00409	0.01218	0.01096	0.01916	0.01716	0.02013	0.01372	0.01010	0.09264	0.00208	0.00384	0.00509	0.74640	0.00498
6	0.00711	0.00531	0.00660	0.00661	0.00780	0.00481	0.00483	0.00907	0.01357	0.01843	0.46859	0.19436	0.20777	0.01271	0.00644	0.00181	0.00269	0.01116	0.00552	0.00481
7	0.00797	0.00545	0.00699	0.00692	0.00814	0.00496	0.00507	0.00994	0.01363	0.05464	0.47051	0.23417	0.12632	0.01254	0.00642	0.00183	0.00280	0.01109	0.00561	0.00502
8	0.00689	0.00546	0.00619	0.00601	0.00759	0.00476	0.00451	0.00876	0.01352	0.01756	0.36827	0.04662	0.45989	0.01245	0.00634	0.00176	0.00264	0.01062	0.00539	0.00476
9	0.01208	0.01231	0.01639	0.01408	0.01420	0.04810	0.01169	0.01327	0.00851	0.01293	0.00710	0.01166	0.00704	0.00924	0.01709	0.00231	0.76911	0.00465	0.00237	0.00589
10	0.02006	0.02530	0.01524	0.01379	0.01660	0.76885	0.01037	0.04145	0.01548	0.01370	0.00842	0.00977	0.00697	0.00556	0.00485	0.00139	0.00958	0.00349	0.00284	0.00630
11	0.00637	0.00544	0.00548	0.00547	0.00727	0.00454	0.00410	0.00776	0.01230	0.01467	0.07126	0.05139	0.75870	0.01353	0.00634	0.00181	0.00271	0.01129	0.00501	0.00454
12	0.01435	0.81458	0.02813	0.00918	0.01378	0.02124	0.00918	0.01607	0.01091	0.01263	0.00746	0.00861	0.00689	0.00459	0.00344	0.00115	0.00574	0.00287	0.00230	0.00689
13	0.84927	0.01038	0.00789	0.00706	0.01038	0.01204	0.00581	0.01578	0.00914	0.02408	0.00747	0.00872	0.00581	0.00498	0.00332	0.00166	0.00415	0.00291	0.00332	0.00581
14	0.01113	0.00954	0.01113	0.00795	0.01272	0.00716	0.00636	0.01352	0.01113	0.01749	0.00954	0.01113	0.00795	0.00398	0.00398	0.00080	0.00398	0.00318	0.00318	0.84417
15	0.60511	0.01017	0.00934	0.00787	0.01144	0.01105	0.00649	0.03855	0.01124	0.22805	0.01130	0.01140	0.00791	0.00547	0.00394	0.00166	0.00431	0.00363	0.00427	0.00680
16	0.00658	0.00470	0.00627	0.00744	0.00780	0.00439	0.00499	0.00758	0.01048	0.01402	0.06008	0.77644	0.03612	0.01658	0.00683	0.00216	0.00309	0.01503	0.00502	0.00439
17	0.01014	0.00954	0.01610	0.79845	0.03697	0.01193	0.01491	0.01371	0.01073	0.01371	0.00954	0.01431	0.00716	0.00537	0.00537	0.00179	0.00716	0.00477	0.00239	0.00596
18	0.03708	0.75066	0.04350	0.00941	0.01398	0.04526	0.00936	0.01626	0.01101	0.01305	0.00754	0.00871	0.00686	0.00464	0.00352	0.00118	0.00587	0.00291	0.00234	0.00686
19	0.04387	0.07882	0.01515	0.01072	0.01482	0.01399	0.00891	0.43016	0.05323	0.12929	0.01393	0.03064	0.01030	0.00627	0.00500	0.00151	0.00523	0.00480	0.02752	0.09585
20	0.01205	0.30924	0.51329	0.01311	0.01985	0.01561	0.01602	0.01667	0.01118	0.01544	0.00886	0.01036	0.00683	0.00492	0.00451	0.00150	0.00715	0.00357	0.00228	0.00756
21	0.01657	0.01295	0.01371	0.01125	0.01472	0.02688	0.00901	0.41356	0.27985	0.02792	0.07887	0.01814	0.01530	0.02891	0.00607	0.00178	0.00510	0.00572	0.00535	0.00837
22	0.01267	0.01448	0.03167	0.02262	0.02805	0.01357	0.75837	0.01719	0.01267	0.01719	0.01086	0.01448	0.00814	0.00452	0.00633	0.00181	0.00905	0.00633	0.00271	0.00724
23	0.01243	0.01419	0.04170	0.02185	0.04943	0.01347	0.65436	0.01662	0.01228	0.01683	0.01107	0.03571	0.00880	0.00520	0.00704	0.00185	0.06091	0.00638	0.00274	0.00712
24	0.00934	0.00660	0.00811	0.00788	0.00917	0.00737	0.00601	0.01329	0.13348	0.01618	0.01858	0.06087	0.04768	0.04520	0.29671	0.03006	0.03771	0.00630	0.23414	0.00534
25	0.00656	0.00469	0.00625	0.00746	0.00779	0.00438	0.00498	0.00753	0.01038	0.01387	0.04563	0.79132	0.03583	0.01669	0.00684	0.00217	0.00310	0.01514	0.00500	0.00438
26	0.04209	0.00968	0.01268	0.00974	0.01389	0.00875	0.00805	0.09017	0.01609	0.69930	0.02015	0.01759	0.01276	0.00659	0.00535	0.00166	0.00468	0.00529	0.00646	0.00906
27	0.01237	0.01141	0.01906	0.51729	0.03182	0.01304	0.15536	0.14135	0.01357	0.01780	0.01036	0.01410	0.00768	0.00539	0.00555	0.00176	0.00730	0.00508	0.00296	0.00674
28	0.00674	0.00520	0.00618	0.00658	0.00772	0.00463	0.00475	0.00823	0.01215	0.01571	0.19351	0.32143	0.33679	0.01425	0.00656	0.00194	0.00289	0.03497	0.00517	0.00459
29	0.02354	0.01001	0.01300	0.00997	0.01414	0.00919	0.00823	0.13483	0.01683	0.67085	0.01995	0.01747	0.01267	0.00661	0.00539	0.00165	0.00477	0.00531	0.00646	0.00913
30	0.01964	0.01130	0.01292	0.01012	0.01378	0.01169	0.00826	0.38636	0.01942	0.27210	0.01639	0.01626	0.01145	0.02435	0.00561	0.00165	0.00491	0.00511	0.14034	0.00834
31	0.01001	0.00500	0.00500	0.00500	0.00625	0.00500	0.00375	0.01251	0.01126	0.02001	0.01751	0.02001	0.01376	0.00625	0.00375	0.00125	0.00250	0.00500	0.84115	0.00500
32	0.01816	0.01354	0.01559	0.03442	0.07920	0.01431	0.01013	0.51884	0.03625	0.06225	0.01261	0.01308	0.00918	0.00593	0.00516	0.00150	0.00560	0.00463	0.00479	0.13485
33	0.01183	0.01208	0.01795	0.04944	0.01692	0.04841	0.13169	0.01372	0.00950	0.01382	0.00899	0.03417	0.00842	0.00971	0.04717	0.00243	0.53008	0.00525	0.02242	0.00600
34	0.00725	0.00564	0.00661	0.00634	0.00787	0.00508	0.00476	0.00966	0.03528	0.01870	0.46084	0.04423	0.34437	0.01193	0.00631	0.00174	0.00266	0.01026	0.00552	0.00495
35	0.01026	0.00957	0.01577	0.70982	0.03414	0.01207	0.01430	0.01361	0.01055	0.01385	0.00959	0.01429	0.00736	0.00572	0.00631	0.00182	0.07120	0.00477	0.02908	0.00593
36	0.00725	0.00559	0.00676	0.00719	0.00859	0.00509	0.00570	0.00909	0.01254	0.01599	0.15718	0.12799	0.36404	0.01388	0.00671	0.00203	0.00340	0.23114	0.00512	0.00472
37	0.00731	0.00548	0.00677	0.00645	0.00784	0.00494	0.00483	0.00956	0.01450	0.01989	0.60703	0.04279	0.21968	0.01158	0.00633	0.00172	0.00258	0.01009	0.00569	0.00494
38	0.02408	0.00914	0.01246	0.00955	0.01370	0.00789	0.00789	0.02616	0.01536	0.78158	0.02118	0.01827	0.01329	0.00664	0.00540	0.00166	0.00457	0.00540	0.00664	0.00914
39	0.01988	0.01477	0.01581	0.01224	0.01644	0.01640	0.01007	0.70510	0.08097	0.03298	0.01356	0.01342	0.00967	0.00651	0.00538	0.00163	0.00578	0.00493	0.00538	0.00908
40	0.00672	0.00561	0.00589	0.00579	0.00755	0.00485	0.00435	0.00863	0.03275	0.01580	0.16555	0.04902	0.64283	0.01302	0.00632	0.00179	0.00273	0.01094	0.00514	0.00472
41	0.01435	0.81458	0.02813	0.00918	0.01378	0.02124	0.00918	0.01607	0.01091	0.01263	0.00746	0.00861	0.00689	0.00459	0.00344	0.00115	0.00574	0.00287	0.00230	0.00689
42	0.01280	0.01350	0.01629	0.01406	0.01441	0.11466	0.01157	0.01400	0.00911	0.01295	0.00721	0.01148	0.00703	0.00890	0.01599	0.00223	0.70096	0.00454	0.00240	0.00592
43	0.00747	0.00548	0.00699	0.00662	0.00794	0.00501	0.00496	0.00988	0.01489	0.02079	0.69974	0.04131	0.12640	0.01125	0.00633	0.00170	0.00255	0.00988	0.00581	0.00501
44	0.02005	0.02558	0.01521	0.01383	0.01659	0.78980	0.01037	0.02143	0.01521	0.01314	0.00830	0.00968	0.00691	0.00553	0.00484	0.00138	0.00968	0.00346	0.00277	0.00622
45	0.02386	0.00949	0.01268	0.00972	0.01388	0.00842	0.00803	0.07023	0.01596	0.73668	0.02068	0.01795	0.01304	0.00663	0.00540	0.00166	0.00465	0.00536	0.00657	0.00913
46	0.01203	0.00969	0.01135	0.00816	0.01289	0.00748	0.00655	0.03717	0.01177	0.05410	0.01019	0.01152	0.00824	0.00418	0.00409	0.00086	0.00406	0.00334	0.00341	0.77892
47	0.00652	0.00473	0.00616	0.00731	0.00774	0.00437	0.00491	0.00749	0.01044	0.01377	0.03163	0.74548	0.09655	0.01655	0.00681	0.00215	0.00308	0.01494	0.00498	0.00437
48	0.00662	0.00471	0.00620	0.00737	0.00766	0.00441	0.00487	0.00750	0.01012	0.01349	0.02877	0.75811	0.03447	0.06796	0.00817	0.00237	0.00325	0.01478	0.00487	0.00429
49	0.00932	0.00466	0.00699	0.00699	0.00699	0.00466	0.00466	0.00699	0.00699	0.00932	0.00932	0.01632	0.00932	0.01865	0.02098	0.84382	0.00466	0.00466	0.00233	0.00233
50	0.01469	0.76821	0.02737	0.00946	0.01394	0.06641	0.00925	0.01639	0.01116	0.01266	0.00751	0.00867	0.00689	0.00465	0.00353	0.00116	0.00597	0.00290	0.00232	0.00685
51	0.01329	0.01275	0.02179	0.03295	0.77787	0.01275	0.01647	0.01647	0.01222	0.01754	0.01010	0.01329	0.00850	0.00478	0.00531	0.00159	0.00638	0.00478	0.00266	0.00850
52	0.01344	0.01321	0.02107	0.03058	0.68263	0.04597	0.01583	0.01639	0.01202	0.01697	0.00977	0.01301	0.00832	0.00519	0.00631	0.00165	0.07209	0.00472	0.00264	0.00819
53	0.00865	0.00618	0.00865	0.00989	0.01112	0.00618	0.00865	0.01112	0.01236	0.01606	0.02842	0.06055	0.03089	0.01483	0.00741	0.00247	0.00494	0.74174	0.00494	0.00494
54	0.00996	0.00602	0.00787	0.00710	0.00882	0.00546	0.00543	0.01237	0.01508	0.13281	0.63128	0.03742	0.07843	0.01046	0.00619	0.00169	0.00284	0.00915	0.00597	0.00564
55	0.01201	0.03411	0.01661	0.10347	0.01669	0.01580	0.01192	0.01350	0.00880	0.03649	0.00778	0.01215	0.00725	0.00871	0.01544	0.00223	0.66388	0.00468	0.00248	0.00601
56	0.01403	0.01241	0.01325	0.01350	0.10605	0.07661	0.00937	0.02533	0.54109	0.05480	0.03721	0.01970	0.03849	0.00708	0.00544	0.00175	0.00488	0.00591	0.00495	0.00814
57	0.01258	0.01514	0.07132	0.02248	0.04521	0.01350	0.70197	0.01717	0.01259	0.01719	0.01078	0.01429	0.00808	0.00456	0.00625	0.00180	0.00893	0.00617	0.00269	0.00731
58	0.00780	0.00522	0.00593	0.00593	0.00595	0.00524	0.00334	0.00785	0.00783	0.01046	0.01685	0.03476	0.01935	0.79089	0.04756	0.00529	0.00545	0.00775	0.00324	0.00329
59	0.01805	0.06571	0.01760	0.01834	0.20768	0.53126	0.01183	0.03980	0.01449	0.01477	0.00883	0.01061	0.00737	0.00532	0.00490	0.00143	0.00853	0.00379	0.00278	0.00691
60	0.00932	0.00466	0.00699	0.00699	0.00699	0.00466	0.00466	0.00699	0.00699	0.00932	0.00932	0.01632	0.00932	0.01865	0.02098	0.84382	0.00466	0.00466	0.00233	0.00233
61	0.01064	0.00703	0.00834	0.00786	0.00937	0.00761	0.00603	0.14122	0.01278	0.01920	0.01783	0.16006	0.01661	0.01696	0.20634	0.00339	0.02399	0.00700	0.31215	0.00557
62	0.00935	0.00467	0.00693	0.00693	0.00697	0.00467	0.00463	0.00716	0.00712	0.00965	0.00958	0.01643	0.00946	0.01827	0.02045	0.81779	0.00460	0.00467	0.02824	0.00241
63	0.00887	0.00692	0.00965	0.00922	0.01000	0.00841	0.00723	0.02262	0.00923	0.01380	0.01454	0.08417	0.01407	0.04589	0.45124	0.00581	0.17026	0.00627	0.09675	0.00503
64	0.01174	0.01174	0.01644	0.01409	0.01409	0.01644	0.01174	0.01292	0.00822	0.01292	0.00705	0.01174	0.00705	0.00940	0.01762	0.00235	0.80153	0.00470	0.00235	0.00587
65	0.00823	0.00616	0.00772	0.00722	0.00868	0.00598	0.00544	0.01217	0.09858	0.02163	0.69162	0.03787	0.04685	0.01057	0.00623	0.00170	0.00272	0.00930	0.00586	0.00544
66	0.01113	0.00954	0.01113	0.00795	0.01272	0.00716	0.00636	0.01352	0.01113	0.01749	0.00954	0.01113	0.00795	0.00398	0.00398	0.00080	0.00398	0.00318	0.00318	0.84417
67	0.01335	0.01153	0.01214	0.01092	0.01396	0.01335	0.00850	0.02852	0.76817	0.02245	0.02185	0.02003	0.01639	0.00728	0.00546	0.00182	0.00425	0.00607	0.00546	0.00850
68	0.00779	0.00526	0.00614	0.00614	0.00624	0.00536	0.00361	0.00799	0.00789	0.01062	0.01665	0.03369	0.01889	0.73255	0.10527	0.00555	0.00614	0.00760	0.00321	0.00341
69	0.02288	0.01042	0.05885	0.00996	0.01430	0.00845	0.00865	0.05311	0.01549	0.69515	0.03227	0.01800	0.01334	0.00661	0.00539	0.00166	0.00479	0.00536	0.00632	0.00900
70	0.01202	0.00968	0.01129	0.00828	0.01288	0.00771	0.00662	0.01544	0.07380	0.05939	0.01119	0.01225	0.00894	0.00439	0.00418	0.00093	0.00403	0.00354	0.00356	0.72990
71	0.00767	0.00575	0.00863	0.00863	0.00959	0.00671	0.00671	0.00959	0.00863	0.01246	0.01438	0.02109	0.01342	0.04026	0.79008	0.00863	0.01438	0.00575	0.00288	0.00479
72	0.01355	0.01332	0.02132	0.05015	0.72221	0.05160	0.01613	0.01666	0.01234	0.01723	0.00999	0.01313	0.00839	0.00483	0.00529	0.00159	0.00656	0.00472	0.00266	0.00833
73	0.00878	0.00576	0.00745	0.00690	0.00838	0.00529	0.00520	0.01110	0.01460	0.07879	0.62035	0.03863	0.10118	0.03315	0.02898	0.00199	0.00311	0.00934	0.00574	0.00528
74	0.01077	0.02777	0.78354	0.01530	0.02323	0.01247	0.01983	0.01700	0.01133	0.01700	0.00963	0.01133	0.00680	0.00510	0.00510	0.00170	0.00793	0.00397	0.00227	0.00793
75	0.66168	0.01017	0.00855	0.00749	0.01076	0.01151	0.00612	0.04523	0.04690	0.07931	0.01004	0.01087	0.00752	0.00535	0.00368	0.00164	0.00414	0.00345	0.05932	0.00626
76	0.00914	0.00711	0.00868	0.00886	0.02340	0.00721	0.00692	0.03346	0.14850	0.01893	0.24417	0.07745	0.14619	0.01188	0.00648	0.00198	0.00376	0.22491	0.00529	0.00570
77	0.00796	0.00518	0.00579	0.00582	0.00593	0.00517	0.00333	0.00819	0.00814	0.01127	0.01723	0.05039	0.01938	0.72798	0.02494	0.00481	0.00494	0.00773	0.07239	0.00342
78	0.00771	0.00546	0.00686	0.00687	0.00726	0.00571	0.00454	0.00849	0.00891	0.01221	0.08048	0.09604	0.03788	0.46819	0.19772	0.00531	0.02476	0.00811	0.00355	0.00393
79	0.01113	0.00954	0.01113	0.00795	0.01272	0.00716	0.00636	0.01352	0.01113	0.01749	0.00954	0.01113	0.00795	0.00398	0.00398	0.00080	0.00398	0.00318	0.00318	0.84417
80	0.00685	0.00484	0.00635	0.00743	0.00777	0.00459	0.00502	0.00777	0.01010	0.01344	0.02788	0.65697	0.03313	0.11852	0.00951	0.00259	0.00351	0.06469	0.00476	0.00426
81	0.00650	0.00538	0.00569	0.00575	0.00738	0.00457	0.00426	0.00795	0.01239	0.01519	0.12988	0.11278	0.63663	0.01358	0.00638	0.00183	0.00273	0.01148	0.00508	0.00457
82	0.00654	0.00467	0.00623	0.00747	0.00779	0.00436	0.00498	0.00747	0.01028	0.01370	0.02959	0.80785	0.03550	0.01682	0.00685	0.00218	0.00311	0.01526	0.00498	0.00436
