[name]
unknown

[dist]
# distance from previous block
# <min> <max>
1	195

[block]
# block no. 0 follows, 46 sequences, length 11
# corresponding to MSA columns:
# 209-219
name=unknown_A
#
# <colnr> <probs for GDERKNQSTAVLIFYWHMCP>
#	G	D	E	R	K	N	Q	S	T	A	V	L	I	F	Y	W	H	M	C	P
0	0.13567	0.00844	0.01095	0.13896	0.03477	0.00903	0.03851	0.03130	0.08499	0.08765	0.05955	0.03382	0.03750	0.11803	0.03074	0.06005	0.00514	0.00572	0.03700	0.03216
1	0.09404	0.09602	0.24950	0.04481	0.06447	0.02910	0.03488	0.03636	0.16251	0.05373	0.04916	0.01461	0.01127	0.00578	0.00485	0.00162	0.00584	0.00464	0.02944	0.00738
2	0.05626	0.06717	0.03372	0.11894	0.08435	0.01116	0.00934	0.07777	0.14608	0.12974	0.04897	0.01800	0.02665	0.07531	0.00686	0.00187	0.00509	0.00524	0.00412	0.07337
3	0.01227	0.01221	0.01812	0.36248	0.30279	0.07710	0.04458	0.01643	0.07227	0.01565	0.01051	0.01381	0.00827	0.00521	0.00527	0.00166	0.00682	0.00476	0.00273	0.00705
4	0.08514	0.00992	0.01412	0.37322	0.10263	0.01135	0.01154	0.07117	0.04552	0.01720	0.01151	0.06342	0.00970	0.00618	0.00560	0.00167	0.04400	0.00513	0.03760	0.07340
5	0.09964	0.00632	0.00741	0.05544	0.00967	0.00664	0.00549	0.01073	0.04639	0.01563	0.13083	0.09617	0.07598	0.23751	0.06028	0.01983	0.00473	0.05500	0.05170	0.00461
6	0.01152	0.00925	0.01336	0.37241	0.06824	0.01050	0.01109	0.09707	0.07121	0.05412	0.04283	0.09610	0.04814	0.00764	0.00555	0.00178	0.00555	0.03806	0.02919	0.00639
7	0.00865	0.00657	0.00853	0.00949	0.07675	0.00651	0.00638	0.01213	0.09675	0.01825	0.31251	0.15601	0.07451	0.05325	0.00712	0.00196	0.00344	0.06796	0.06782	0.00542
8	0.01043	0.00744	0.00849	0.09249	0.01136	0.06162	0.00610	0.01196	0.04119	0.07517	0.08760	0.12162	0.03461	0.22713	0.01308	0.10354	0.00474	0.00737	0.06934	0.00472
9	0.06071	0.00644	0.00769	0.00684	0.00865	0.00659	0.06465	0.01399	0.06461	0.01990	0.01643	0.01861	0.01282	0.00602	0.00399	0.00134	0.00320	0.00498	0.66713	0.00539
10	0.04176	0.00969	0.01084	0.02281	0.01235	0.04135	0.00747	0.21037	0.03052	0.17024	0.17842	0.08226	0.08949	0.00915	0.00573	0.00173	0.00442	0.05921	0.00533	0.00685

[dist]
# distance from previous block
# <min> <max>
2	14

[block]
# block no. 1 follows, 46 sequences, length 46
# corresponding to MSA columns:
# 234-279
name=unknown_B
#
# <colnr> <probs for GDERKNQSTAVLIFYWHMCP>
#	G	D	E	R	K	N	Q	S	T	A	V	L	I	F	Y	W	H	M	C	P
0	0.19855	0.05954	0.23236	0.01128	0.03045	0.02969	0.02699	0.07583	0.01269	0.16725	0.02689	0.01251	0.00893	0.00538	0.00458	0.00154	0.00567	0.00406	0.00371	0.08212
1	0.01688	0.04520	0.06097	0.01216	0.01604	0.28714	0.03215	0.19482	0.10505	0.03772	0.01140	0.01208	0.00874	0.00557	0.00486	0.00141	0.00682	0.00412	0.00374	0.13311
2	0.01206	0.01479	0.13659	0.03558	0.21286	0.01220	0.32012	0.01684	0.05922	0.01722	0.01173	0.01582	0.00947	0.00524	0.00564	0.00168	0.00725	0.04094	0.00289	0.06187
3	0.00851	0.00623	0.00888	0.06194	0.01247	0.00637	0.00874	0.01094	0.01196	0.01555	0.02682	0.09445	0.02911	0.01409	0.00714	0.00238	0.00492	0.65989	0.00470	0.00491
4	0.00983	0.00811	0.00884	0.00819	0.01028	0.00863	0.00621	0.01762	0.36203	0.01934	0.21658	0.03264	0.19652	0.06281	0.00721	0.00198	0.00349	0.00815	0.00524	0.00631
5	0.00734	0.00540	0.00687	0.00650	0.00781	0.00493	0.00488	0.00970	0.01463	0.02040	0.69510	0.04080	0.13372	0.01110	0.00624	0.00168	0.00252	0.00974	0.00571	0.00493
6	0.02032	0.01444	0.01564	0.01199	0.01621	0.01585	0.00990	0.71714	0.02424	0.08064	0.01321	0.01303	0.00925	0.00636	0.00529	0.00159	0.00573	0.00479	0.00537	0.00899
7	0.00678	0.00538	0.00610	0.00592	0.00747	0.00469	0.00444	0.00863	0.01332	0.01729	0.36854	0.04593	0.46223	0.01227	0.00624	0.00173	0.00260	0.01046	0.00530	0.00469
8	0.01315	0.01136	0.01195	0.01076	0.01375	0.01315	0.00837	0.02809	0.77168	0.02211	0.02152	0.01972	0.01614	0.00717	0.00538	0.00179	0.00418	0.00598	0.00538	0.00837
9	0.85155	0.01022	0.00777	0.00695	0.01022	0.01186	0.00573	0.01554	0.00900	0.02372	0.00736	0.00859	0.00573	0.00491	0.00327	0.00164	0.00409	0.00286	0.00327	0.00573
10	0.07843	0.00908	0.01197	0.00924	0.01328	0.00804	0.00763	0.02509	0.01473	0.73459	0.01996	0.01737	0.01260	0.00644	0.00518	0.00164	0.00447	0.00515	0.00633	0.00878
11	0.01315	0.01136	0.01195	0.01076	0.01375	0.01315	0.00837	0.02809	0.77168	0.02211	0.02152	0.01972	0.01614	0.00717	0.00538	0.00179	0.00418	0.00598	0.00538	0.00837
12	0.85155	0.01022	0.00777	0.00695	0.01022	0.01186	0.00573	0.01554	0.00900	0.02372	0.00736	0.00859	0.00573	0.00491	0.00327	0.00164	0.00409	0.00286	0.00327	0.00573
13	0.00769	0.00513	0.00577	0.00577	0.00577	0.00513	0.00320	0.00769	0.00769	0.01025	0.01666	0.03460	0.01922	0.81421	0.02691	0.00513	0.00513	0.00769	0.00320	0.00320
14	0.00655	0.00537	0.00577	0.00567	0.00732	0.00459	0.00425	0.00817	0.01276	0.01596	0.22910	0.04812	0.60250	0.01276	0.00624	0.00176	0.00263	0.01077	0.00513	0.00459
15	0.82485	0.01037	0.00803	0.00712	0.01042	0.01201	0.00586	0.03957	0.00951	0.02403	0.00753	0.00872	0.00583	0.00495	0.00334	0.00163	0.00414	0.00292	0.00334	0.00583
16	0.01199	0.01091	0.01748	0.50393	0.19258	0.01255	0.03835	0.10358	0.02645	0.01693	0.01017	0.01382	0.00776	0.00530	0.00531	0.00170	0.00675	0.00478	0.00282	0.00686
17	0.01032	0.00974	0.01646	0.71846	0.11684	0.01183	0.01485	0.01380	0.01073	0.01391	0.00946	0.01399	0.00719	0.00522	0.00528	0.00174	0.00696	0.00470	0.00238	0.00614
18	0.00644	0.00460	0.00613	0.00736	0.00767	0.00429	0.00491	0.00736	0.01012	0.01350	0.02914	0.81076	0.03497	0.01656	0.00675	0.00215	0.00307	0.01503	0.00491	0.00429
19	0.00748	0.00540	0.00707	0.00665	0.00790	0.00499	0.00499	0.00998	0.01496	0.02120	0.77844	0.03949	0.04988	0.01081	0.00624	0.00166	0.00249	0.00956	0.00582	0.00499
20	0.01231	0.01473	0.07681	0.02168	0.07191	0.01351	0.60111	0.01649	0.01197	0.01656	0.01023	0.01375	0.00786	0.00495	0.00712	0.00181	0.08163	0.00585	0.00261	0.00713
21	0.01106	0.01049	0.01780	0.53517	0.29435	0.01203	0.01522	0.01445	0.01108	0.01481	0.00959	0.01374	0.00751	0.00509	0.00527	0.00170	0.00678	0.00470	0.00244	0.00674
22	0.00644	0.00460	0.00613	0.00736	0.00767	0.00429	0.00491	0.00736	0.01012	0.01350	0.02914	0.81076	0.03497	0.01656	0.00675	0.00215	0.00307	0.01503	0.00491	0.00429
23	0.00955	0.00839	0.01260	0.09783	0.01453	0.00989	0.06433	0.01132	0.01037	0.03594	0.08989	0.23928	0.07020	0.01158	0.02932	0.00220	0.26512	0.00858	0.00370	0.00538
24	0.02151	0.01154	0.05690	0.01179	0.06301	0.01025	0.00947	0.18919	0.01688	0.52607	0.01771	0.01612	0.01152	0.00630	0.00529	0.00162	0.00509	0.00508	0.00578	0.00889
25	0.06917	0.69588	0.09188	0.00943	0.01415	0.01957	0.00973	0.01589	0.01066	0.01355	0.00753	0.00872	0.00671	0.00459	0.00352	0.00121	0.00574	0.00292	0.00233	0.00680
26	0.11891	0.17006	0.01746	0.01452	0.11878	0.39468	0.01035	0.01822	0.01260	0.01474	0.00808	0.00984	0.00689	0.00536	0.00522	0.00144	0.06023	0.00349	0.00266	0.00649
27	0.01213	0.01252	0.01643	0.01404	0.01433	0.06747	0.02716	0.01336	0.00864	0.01282	0.00710	0.01149	0.00695	0.00890	0.01629	0.00224	0.73537	0.00458	0.00235	0.00583
28	0.01448	0.02885	0.06831	0.05953	0.21759	0.06697	0.15832	0.18203	0.03863	0.03214	0.03517	0.01416	0.00988	0.00659	0.03060	0.00185	0.01873	0.00507	0.00343	0.00767
29	0.00705	0.00539	0.00647	0.00620	0.00763	0.00480	0.00465	0.00914	0.01394	0.01878	0.52467	0.04348	0.30516	0.01171	0.00624	0.00171	0.00256	0.01012	0.00550	0.00480
30	0.01041	0.00884	0.01298	0.41424	0.04602	0.02395	0.01103	0.01315	0.01036	0.01502	0.01121	0.01552	0.00904	0.02495	0.00728	0.00178	0.13260	0.00479	0.22118	0.00563
31	0.00740	0.00540	0.00696	0.00657	0.00785	0.00496	0.00493	0.00983	0.01478	0.02076	0.73280	0.04021	0.09580	0.01097	0.00624	0.00167	0.00251	0.00966	0.00576	0.00496
32	0.00644	0.00460	0.00613	0.00736	0.00767	0.00429	0.00491	0.00736	0.01012	0.01350	0.02914	0.81076	0.03497	0.01656	0.00675	0.00215	0.00307	0.01503	0.00491	0.00429
33	0.01315	0.01136	0.01195	0.01076	0.01375	0.01315	0.00837	0.02809	0.77168	0.02211	0.02152	0.01972	0.01614	0.00717	0.00538	0.00179	0.00418	0.00598	0.00538	0.00837
34	0.00998	0.00940	0.01586	0.80150	0.03641	0.01175	0.01468	0.01351	0.01057	0.01351	0.00940	0.01409	0.00705	0.00529	0.00529	0.00176	0.00705	0.00470	0.00235	0.00587
35	0.01964	0.01450	0.01554	0.01198	0.01608	0.01605	0.00985	0.72896	0.04126	0.03251	0.01299	0.01337	0.00940	0.02570	0.00581	0.00168	0.00576	0.00486	0.00524	0.00884
36	0.01312	0.01132	0.06499	0.32079	0.26647	0.01108	0.01368	0.01665	0.03188	0.13953	0.01387	0.01614	0.04591	0.00573	0.00531	0.00168	0.00615	0.00510	0.00331	0.00729
37	0.01949	0.01359	0.01485	0.01162	0.01565	0.01487	0.00952	0.56432	0.13559	0.12238	0.01500	0.01439	0.01056	0.00649	0.00531	0.00162	0.00541	0.00501	0.00545	0.00890
38	0.01350	0.01365	0.02046	0.09146	0.58120	0.09346	0.04956	0.01694	0.03781	0.01667	0.01014	0.01308	0.00835	0.00490	0.00524	0.00158	0.00673	0.00469	0.00270	0.00788
39	0.02339	0.00907	0.01226	0.00945	0.01350	0.00794	0.00779	0.02584	0.03883	0.76100	0.02088	0.01805	0.01318	0.00656	0.00532	0.00164	0.00449	0.00534	0.00651	0.00898
40	0.01266	0.01747	0.30332	0.13208	0.07442	0.01204	0.19215	0.03708	0.04414	0.09064	0.01183	0.02799	0.00875	0.00539	0.00544	0.00171	0.00725	0.00507	0.00305	0.00751
41	0.01349	0.03398	0.06167	0.01087	0.01378	0.01126	0.04889	0.29459	0.06423	0.04572	0.01845	0.27554	0.01814	0.03783	0.00678	0.00193	0.02301	0.00829	0.00465	0.00690
42	0.00665	0.00533	0.00590	0.00584	0.00736	0.00462	0.00432	0.00828	0.01272	0.01619	0.26428	0.08161	0.51522	0.02992	0.00671	0.00184	0.00269	0.01079	0.00514	0.00458
43	0.00769	0.00513	0.00577	0.00577	0.00577	0.00513	0.00320	0.00769	0.00769	0.01025	0.01666	0.03460	0.01922	0.81421	0.02691	0.00513	0.00513	0.00769	0.00320	0.00320
44	0.01133	0.00962	0.01116	0.00801	0.01269	0.00743	0.00642	0.04389	0.01153	0.01788	0.00953	0.01103	0.00788	0.00401	0.00397	0.00082	0.00399	0.00320	0.00322	0.81239
45	0.05026	0.03378	0.08395	0.00902	0.01266	0.00795	0.00802	0.01950	0.01424	0.42781	0.23063	0.02255	0.02218	0.00741	0.00537	0.00161	0.00425	0.00615	0.00560	0.02704

[dist]
# distance from previous block
# <min> <max>
0	12

[block]
# block no. 2 follows, 46 sequences, length 10
# corresponding to MSA columns:
# 292-301
name=unknown_C
#
# <colnr> <probs for GDERKNQSTAVLIFYWHMCP>
#	G	D	E	R	K	N	Q	S	T	A	V	L	I	F	Y	W	H	M	C	P
0	0.01393	0.05020	0.06993	0.20374	0.30074	0.04083	0.01390	0.17129	0.04971	0.01954	0.01071	0.01309	0.00831	0.00534	0.00515	0.00161	0.00645	0.00459	0.00320	0.00773
1	0.01355	0.28701	0.13860	0.08604	0.10919	0.07846	0.01182	0.01818	0.12476	0.04302	0.01112	0.01284	0.00897	0.02909	0.00521	0.00158	0.00623	0.00414	0.00299	0.00721
2	0.00774	0.00528	0.00656	0.00656	0.00691	0.00557	0.00427	0.00843	0.00809	0.01130	0.01592	0.02970	0.01713	0.54094	0.25994	0.00598	0.00776	0.00694	0.04123	0.00374
3	0.01107	0.00961	0.01187	0.04125	0.06597	0.00761	0.00728	0.01352	0.01102	0.01708	0.00943	0.01123	0.00784	0.00402	0.00406	0.00088	0.00420	0.00330	0.00307	0.75568
4	0.59810	0.01233	0.05074	0.04268	0.04774	0.06536	0.00786	0.01711	0.08150	0.02174	0.00906	0.01027	0.00701	0.00517	0.00384	0.00164	0.00489	0.00341	0.00331	0.00624
5	0.00671	0.00528	0.00606	0.00606	0.00748	0.00463	0.00447	0.00842	0.01286	0.01667	0.31109	0.13880	0.42694	0.01285	0.00630	0.00178	0.00266	0.01105	0.00524	0.00463
6	0.00951	0.01087	0.13619	0.04006	0.09294	0.00857	0.00950	0.01464	0.14290	0.01866	0.27539	0.06184	0.10625	0.00909	0.00582	0.00175	0.00436	0.04082	0.00453	0.00632
7	0.00644	0.00536	0.00562	0.00555	0.00726	0.00454	0.00417	0.00795	0.01250	0.01534	0.16470	0.04913	0.66728	0.01299	0.00625	0.00177	0.00265	0.01091	0.00505	0.00454
8	0.02269	0.00939	0.01239	0.00955	0.01353	0.00846	0.00787	0.09453	0.01604	0.68175	0.05224	0.01841	0.01426	0.00671	0.00535	0.00163	0.00454	0.00544	0.00639	0.00883
9	0.01054	0.08426	0.63017	0.01414	0.02091	0.01221	0.04292	0.01580	0.01108	0.01612	0.01122	0.08631	0.00941	0.00605	0.00510	0.00168	0.00724	0.00495	0.00250	0.00738

[dist]
# distance from previous block
# <min> <max>
0	1

[block]
# block no. 3 follows, 46 sequences, length 53
# corresponding to MSA columns:
# 303-355
name=unknown_D
#
# <colnr> <probs for GDERKNQSTAVLIFYWHMCP>
#	G	D	E	R	K	N	Q	S	T	A	V	L	I	F	Y	W	H	M	C	P
0	0.01070	0.02481	0.65962	0.01573	0.02295	0.01213	0.11630	0.01643	0.01130	0.01665	0.01035	0.04043	0.00789	0.00536	0.00524	0.00171	0.00779	0.00461	0.00239	0.00760
1	0.12592	0.01199	0.07634	0.07380	0.01585	0.01035	0.00884	0.15803	0.01373	0.09463	0.01086	0.01192	0.00812	0.00497	0.00443	0.00129	0.00493	0.00381	0.00375	0.35644
2	0.06574	0.23895	0.43441	0.05261	0.04387	0.01463	0.04922	0.01625	0.01097	0.01589	0.00883	0.01061	0.00679	0.00486	0.00454	0.00153	0.00695	0.00372	0.00234	0.00729
3	0.00901	0.00459	0.00684	0.00692	0.00693	0.00457	0.00461	0.00692	0.00709	0.00945	0.01041	0.06476	0.01076	0.01826	0.01981	0.79448	0.00450	0.00523	0.00246	0.00242
4	0.05596	0.08208	0.19829	0.14832	0.32250	0.01264	0.01493	0.01612	0.01142	0.04722	0.00982	0.01231	0.00767	0.00492	0.00490	0.00157	0.00645	0.00424	0.00266	0.03601
5	0.01544	0.28687	0.05917	0.03849	0.15115	0.17406	0.05341	0.04818	0.05225	0.05938	0.01005	0.01142	0.00808	0.00511	0.00458	0.00142	0.00675	0.00396	0.00297	0.00727
6	0.01129	0.00683	0.00700	0.00648	0.00813	0.02287	0.00498	0.12334	0.01302	0.02089	0.01681	0.05757	0.01378	0.00842	0.04508	0.00171	0.00374	0.00541	0.61713	0.00551
7	0.00641	0.00536	0.00558	0.00553	0.00724	0.00453	0.00415	0.00791	0.01244	0.01521	0.15061	0.04935	0.68145	0.01304	0.00625	0.00177	0.00265	0.01094	0.00503	0.00453
8	0.01238	0.01583	0.18698	0.14535	0.05329	0.02774	0.35197	0.01667	0.01198	0.05954	0.01064	0.01344	0.00784	0.00482	0.00557	0.00167	0.00774	0.00514	0.00277	0.05863
9	0.72399	0.03406	0.00945	0.00834	0.04010	0.01225	0.00652	0.05474	0.01019	0.04945	0.00819	0.00929	0.00628	0.00502	0.00352	0.00162	0.00432	0.00311	0.00343	0.00614
10	0.02010	0.01481	0.01587	0.01216	0.01639	0.01639	0.01005	0.76360	0.02486	0.03332	0.01269	0.01269	0.00899	0.00635	0.00529	0.00159	0.00582	0.00476	0.00529	0.00899
11	0.01549	0.08162	0.01437	0.01142	0.01461	0.19144	0.00903	0.10578	0.45512	0.02045	0.01635	0.01571	0.01246	0.00647	0.00507	0.00162	0.00570	0.00500	0.00451	0.00780
12	0.32274	0.00974	0.01083	0.00866	0.01246	0.00970	0.00715	0.06036	0.01342	0.47078	0.01556	0.01432	0.01021	0.00594	0.00458	0.00163	0.00442	0.00440	0.00530	0.00781
13	0.00740	0.00540	0.00695	0.00656	0.00784	0.00495	0.00492	0.00981	0.01476	0.02071	0.72758	0.04029	0.10105	0.01099	0.00624	0.00167	0.00251	0.00967	0.00576	0.00495
14	0.00748	0.00540	0.00707	0.00665	0.00790	0.00499	0.00499	0.00998	0.01496	0.02120	0.77844	0.03949	0.04988	0.01081	0.00624	0.00166	0.00249	0.00956	0.00582	0.00499
15	0.01975	0.02520	0.01498	0.01362	0.01634	0.79299	0.01021	0.02111	0.01498	0.01294	0.00817	0.00953	0.00681	0.00545	0.00477	0.00136	0.00953	0.00340	0.00272	0.00613
16	0.00644	0.00460	0.00613	0.00736	0.00767	0.00429	0.00491	0.00736	0.01012	0.01350	0.02914	0.81076	0.03497	0.01656	0.00675	0.00215	0.00307	0.01503	0.00491	0.00429
17	0.02307	0.00914	0.01225	0.00949	0.01351	0.00810	0.00781	0.02591	0.06148	0.73816	0.02090	0.01810	0.01327	0.00658	0.00532	0.00165	0.00448	0.00536	0.00647	0.00896
18	0.85155	0.01022	0.00777	0.00695	0.01022	0.01186	0.00573	0.01554	0.00900	0.02372	0.00736	0.00859	0.00573	0.00491	0.00327	0.00164	0.00409	0.00286	0.00327	0.00573
19	0.00938	0.00712	0.00882	0.00920	0.01068	0.00745	0.00734	0.05051	0.16525	0.01768	0.07686	0.25391	0.02905	0.01298	0.00659	0.00213	0.00412	0.31023	0.00507	0.00563
20	0.01168	0.00960	0.01119	0.00804	0.01271	0.00743	0.00645	0.04290	0.01162	0.03953	0.00985	0.01123	0.00802	0.00408	0.00401	0.00084	0.00401	0.00326	0.00331	0.79024
21	0.00625	0.00536	0.00536	0.00536	0.00714	0.00446	0.00402	0.00759	0.01205	0.01428	0.05355	0.05088	0.77909	0.01339	0.00625	0.00179	0.00268	0.01116	0.00491	0.00446
22	0.04014	0.01470	0.01567	0.01204	0.01625	0.01628	0.00994	0.74557	0.02447	0.03309	0.01256	0.01259	0.00891	0.00631	0.00524	0.00159	0.00578	0.00471	0.00524	0.00891
23	0.01292	0.01112	0.01176	0.01059	0.01351	0.01282	0.00823	0.02737	0.74136	0.02208	0.05184	0.02052	0.01749	0.00732	0.00541	0.00179	0.00412	0.00612	0.00540	0.00823
24	0.00998	0.00940	0.01586	0.80150	0.03641	0.01175	0.01468	0.01351	0.01057	0.01351	0.00940	0.01409	0.00705	0.00529	0.00529	0.00176	0.00705	0.00470	0.00235	0.00587
25	0.00918	0.00459	0.00689	0.00689	0.00689	0.00459	0.00459	0.00689	0.00689	0.00918	0.00918	0.01607	0.00918	0.01837	0.02066	0.84619	0.00459	0.00459	0.00230	0.00230
26	0.01888	0.01420	0.01518	0.01192	0.01593	0.01582	0.00975	0.63432	0.15613	0.03135	0.01424	0.01393	0.01025	0.00649	0.00530	0.00162	0.00553	0.00497	0.00530	0.00888
27	0.01394	0.01081	0.01230	0.00913	0.01350	0.00977	0.00738	0.23367	0.01507	0.04774	0.01099	0.01236	0.00868	0.02067	0.02150	0.00129	0.00473	0.00382	0.00388	0.53879
28	0.01075	0.04448	0.74263	0.01519	0.02284	0.01251	0.04610	0.01673	0.01120	0.01665	0.00948	0.01121	0.00675	0.00499	0.00503	0.00167	0.00780	0.00397	0.00225	0.00777
29	0.00661	0.00552	0.00578	0.00569	0.00743	0.00477	0.00428	0.00848	0.03212	0.01553	0.16197	0.04836	0.64948	0.01284	0.00622	0.00177	0.00269	0.01078	0.00506	0.00464
30	0.01308	0.01256	0.02146	0.03245	0.78123	0.01256	0.01622	0.01622	0.01204	0.01727	0.00994	0.01308	0.00837	0.00471	0.00523	0.00157	0.00628	0.00471	0.00262	0.00837
31	0.01333	0.06149	0.02150	0.07885	0.57509	0.01272	0.07173	0.01644	0.01205	0.05458	0.01071	0.01413	0.00884	0.00501	0.00525	0.00159	0.00638	0.01953	0.00282	0.00798
32	0.01101	0.11887	0.69888	0.01437	0.02180	0.01328	0.01832	0.01664	0.01111	0.01624	0.00924	0.01085	0.00671	0.00496	0.00483	0.00161	0.00756	0.00378	0.00224	0.00769
33	0.00625	0.00536	0.00536	0.00536	0.00714	0.00446	0.00402	0.00759	0.01205	0.01428	0.05355	0.05088	0.77909	0.01339	0.00625	0.00179	0.00268	0.01116	0.00491	0.00446
34	0.01246	0.01172	0.01980	0.02960	0.68680	0.01172	0.01518	0.01547	0.01199	0.01703	0.01219	0.04070	0.01121	0.00598	0.00547	0.00167	0.00605	0.07414	0.00289	0.00793
35	0.02611	0.18347	0.12572	0.13927	0.04753	0.01451	0.35717	0.01610	0.01158	0.01556	0.00956	0.01249	0.00741	0.00469	0.00526	0.00162	0.00764	0.00488	0.00249	0.00697
36	0.01959	0.01432	0.01533	0.01181	0.01589	0.01583	0.00973	0.72651	0.02418	0.03265	0.01292	0.01304	0.00922	0.00634	0.00521	0.00157	0.00565	0.00477	0.04668	0.00879
37	0.00998	0.00940	0.01586	0.80150	0.03641	0.01175	0.01468	0.01351	0.01057	0.01351	0.00940	0.01409	0.00705	0.00529	0.00529	0.00176	0.00705	0.00470	0.00235	0.00587
38	0.00658	0.00537	0.00582	0.00571	0.00735	0.00461	0.00428	0.00824	0.01284	0.01616	0.25039	0.04778	0.58108	0.01269	0.00624	0.00175	0.00263	0.01072	0.00516	0.00461
39	0.03277	0.05623	0.01624	0.36015	0.07135	0.21343	0.01225	0.10647	0.01371	0.05422	0.00993	0.01248	0.00756	0.00543	0.00501	0.00158	0.00723	0.00427	0.00304	0.00666
40	0.01015	0.00637	0.00811	0.00739	0.00915	0.00602	0.00563	0.01352	0.07953	0.12814	0.53824	0.08237	0.06368	0.01033	0.00606	0.00170	0.00296	0.00904	0.00580	0.00578
41	0.01315	0.01136	0.01195	0.01076	0.01375	0.01315	0.00837	0.02809	0.77168	0.02211	0.02152	0.01972	0.01614	0.00717	0.00538	0.00179	0.00418	0.00598	0.00538	0.00837
42	0.01930	0.01441	0.01542	0.01200	0.01609	0.01602	0.00985	0.67892	0.11084	0.03203	0.01371	0.01350	0.00981	0.00644	0.00530	0.00161	0.00563	0.00490	0.00530	0.00892
43	0.01308	0.01256	0.02146	0.03245	0.78123	0.01256	0.01622	0.01622	0.01204	0.01727	0.00994	0.01308	0.00837	0.00471	0.00523	0.00157	0.00628	0.00471	0.00262	0.00837
44	0.00738	0.00535	0.00696	0.00666	0.00786	0.00493	0.00495	0.00975	0.01458	0.02052	0.71100	0.08708	0.07063	0.01124	0.00627	0.00170	0.00253	0.00994	0.00574	0.00493
45	0.00745	0.00540	0.00702	0.00662	0.00788	0.00497	0.00496	0.00992	0.01489	0.02103	0.76027	0.03978	0.06816	0.01087	0.00624	0.00167	0.00250	0.00960	0.00580	0.00497
46	0.03802	0.38212	0.25980	0.01425	0.10090	0.04273	0.05020	0.02915	0.01143	0.01522	0.00858	0.01020	0.00700	0.00477	0.00431	0.00141	0.00664	0.00359	0.00241	0.00728
47	0.00989	0.00665	0.00855	0.00845	0.00969	0.00689	0.00626	0.04991	0.05803	0.09811	0.05061	0.43167	0.06685	0.01603	0.09177	0.00270	0.05690	0.01082	0.00477	0.00546
48	0.00637	0.00538	0.00553	0.00554	0.00728	0.00453	0.00418	0.00780	0.01220	0.01468	0.09051	0.05051	0.72190	0.01329	0.00627	0.00180	0.00272	0.03005	0.00496	0.00450
49	0.01956	0.02484	0.01516	0.01415	0.03794	0.77095	0.01038	0.02097	0.01490	0.01306	0.00822	0.00963	0.00685	0.00543	0.00478	0.00137	0.00944	0.00344	0.00272	0.00619
50	0.03534	0.12281	0.04959	0.03612	0.02750	0.25477	0.04919	0.14791	0.06126	0.06168	0.01083	0.01202	0.00841	0.00586	0.00572	0.00153	0.06625	0.00419	0.03194	0.00708
51	0.01830	0.01118	0.01289	0.01049	0.01399	0.01173	0.00843	0.30578	0.16734	0.26043	0.01881	0.10602	0.01460	0.00773	0.00548	0.00171	0.00478	0.00633	0.00565	0.00834
52	0.09101	0.07725	0.02971	0.01212	0.07262	0.04744	0.09466	0.06591	0.02840	0.01840	0.00966	0.01132	0.00780	0.00450	0.00436	0.00118	0.00529	0.00376	0.00314	0.41146

[dist]
# distance from previous block
# <min> <max>
0	2

[block]
# block no. 4 follows, 46 sequences, length 18
# corresponding to MSA columns:
# 358-375
name=unknown_E
#
# <colnr> <probs for GDERKNQSTAVLIFYWHMCP>
#	G	D	E	R	K	N	Q	S	T	A	V	L	I	F	Y	W	H	M	C	P
0	0.06584	0.24305	0.09876	0.01200	0.07876	0.05804	0.03551	0.03085	0.03101	0.12423	0.10782	0.03243	0.01411	0.00607	0.00469	0.00146	0.00545	0.00484	0.00366	0.04141
1	0.14150	0.39354	0.21528	0.01048	0.01556	0.03751	0.01116	0.03414	0.01135	0.07370	0.00905	0.01002	0.00713	0.00493	0.00401	0.00140	0.00599	0.00335	0.00281	0.00708
2	0.01538	0.04846	0.01201	0.02765	0.03365	0.04950	0.02892	0.03308	0.04635	0.30898	0.19222	0.06538	0.06146	0.02562	0.00606	0.00174	0.00447	0.02682	0.00530	0.00695
3	0.03980	0.00989	0.01685	0.68594	0.03410	0.01202	0.07582	0.01384	0.01060	0.01412	0.00936	0.01384	0.00708	0.00532	0.00565	0.00178	0.03087	0.00476	0.00241	0.00597
4	0.01096	0.00940	0.01096	0.00783	0.01253	0.00705	0.00626	0.01331	0.01096	0.01723	0.00940	0.01096	0.00783	0.00392	0.00392	0.00078	0.00392	0.00313	0.00313	0.84653
5	0.01673	0.01285	0.01612	0.01713	0.22450	0.01383	0.01113	0.31408	0.20864	0.08730	0.01483	0.01500	0.01096	0.00612	0.00530	0.00164	0.00543	0.00510	0.00468	0.00867
6	0.00748	0.00540	0.00707	0.00665	0.00790	0.00499	0.00499	0.00998	0.01496	0.02120	0.77844	0.03949	0.04988	0.01081	0.00624	0.00166	0.00249	0.00956	0.00582	0.00499
7	0.00672	0.00472	0.00605	0.00700	0.00724	0.00448	0.00452	0.00743	0.00958	0.01277	0.02634	0.63650	0.03143	0.19564	0.01127	0.00282	0.00353	0.01338	0.00452	0.00405
8	0.00721	0.00539	0.00669	0.00637	0.00773	0.00487	0.00478	0.00945	0.01433	0.01969	0.61998	0.04198	0.20929	0.01137	0.00624	0.00169	0.00253	0.00991	0.00562	0.00487
9	0.02010	0.01481	0.01587	0.01216	0.01639	0.01639	0.01005	0.76360	0.02486	0.03332	0.01269	0.01269	0.00899	0.00635	0.00529	0.00159	0.00582	0.00476	0.00529	0.00899
10	0.02352	0.00931	0.01246	0.00956	0.01365	0.00824	0.00789	0.06599	0.01566	0.74392	0.02041	0.01770	0.01286	0.00653	0.00531	0.00163	0.00457	0.00529	0.00647	0.00900
11	0.01385	0.01170	0.01235	0.01090	0.01401	0.01348	0.00854	0.10216	0.69647	0.02324	0.02063	0.01902	0.01542	0.00709	0.00537	0.00177	0.00435	0.00585	0.00537	0.00843
12	0.02372	0.00900	0.01227	0.00941	0.01350	0.00777	0.00777	0.02576	0.01513	0.78489	0.02086	0.01799	0.01309	0.00654	0.00532	0.00164	0.00450	0.00532	0.00654	0.00900
13	0.00715	0.00536	0.00662	0.00636	0.00771	0.00484	0.00475	0.00931	0.01409	0.01926	0.57755	0.06839	0.22592	0.01163	0.00626	0.00171	0.00256	0.01013	0.00557	0.00484
14	0.85155	0.01022	0.00777	0.00695	0.01022	0.01186	0.00573	0.01554	0.00900	0.02372	0.00736	0.00859	0.00573	0.00491	0.00327	0.00164	0.00409	0.00286	0.00327	0.00573
15	0.00758	0.00556	0.00798	0.00798	0.00875	0.00633	0.00597	0.00911	0.00834	0.01189	0.01463	0.02336	0.01434	0.18509	0.64936	0.00786	0.01246	0.00604	0.00290	0.00444
16	0.00756	0.00564	0.00836	0.00836	0.00925	0.00653	0.00644	0.00935	0.00846	0.01217	0.01429	0.02147	0.01352	0.07899	0.75434	0.00832	0.01370	0.00577	0.00285	0.00464
17	0.85155	0.01022	0.00777	0.00695	0.01022	0.01186	0.00573	0.01554	0.00900	0.02372	0.00736	0.00859	0.00573	0.00491	0.00327	0.00164	0.00409	0.00286	0.00327	0.00573

[dist]
# distance from previous block
# <min> <max>
1	5

[block]
# block no. 5 follows, 46 sequences, length 33
# corresponding to MSA columns:
# 381-413
name=unknown_F
#
# <colnr> <probs for GDERKNQSTAVLIFYWHMCP>
#	G	D	E	R	K	N	Q	S	T	A	V	L	I	F	Y	W	H	M	C	P
0	0.02009	0.01512	0.01584	0.01221	0.01639	0.03948	0.01005	0.74153	0.02456	0.03271	0.01256	0.01260	0.00893	0.00632	0.00527	0.00158	0.00593	0.00472	0.00521	0.00891
1	0.01060	0.02735	0.78682	0.01507	0.02288	0.01228	0.01953	0.01674	0.01116	0.01674	0.00949	0.01116	0.00670	0.00502	0.00502	0.00167	0.00781	0.00391	0.00223	0.00781
2	0.01260	0.01063	0.01111	0.01002	0.01282	0.02671	0.00778	0.02487	0.61749	0.04334	0.07478	0.02355	0.08535	0.00791	0.00550	0.00177	0.00405	0.00660	0.00535	0.00777
3	0.08877	0.03774	0.04311	0.12233	0.02162	0.04121	0.26017	0.15636	0.01382	0.03537	0.01144	0.06205	0.00943	0.00617	0.00633	0.00175	0.06648	0.00558	0.00334	0.00692
4	0.01214	0.00800	0.00964	0.00826	0.01053	0.00800	0.00648	0.15989	0.06033	0.11282	0.48288	0.03083	0.04976	0.00928	0.00589	0.00165	0.00348	0.00795	0.00576	0.00642
5	0.00768	0.00514	0.00587	0.00587	0.00590	0.00518	0.00333	0.00775	0.00772	0.01032	0.01657	0.03409	0.01900	0.78588	0.05494	0.00525	0.00546	0.00761	0.00319	0.00326
6	0.01433	0.76390	0.02702	0.00985	0.03404	0.05203	0.00928	0.01605	0.01095	0.01259	0.00745	0.00865	0.00683	0.00457	0.00350	0.00115	0.00583	0.00290	0.00229	0.00680
7	0.01060	0.02735	0.78682	0.01507	0.02288	0.01228	0.01953	0.01674	0.01116	0.01674	0.00949	0.01116	0.00670	0.00502	0.00502	0.00167	0.00781	0.00391	0.00223	0.00781
8	0.01461	0.01432	0.02032	0.07097	0.07316	0.09466	0.26215	0.15162	0.20288	0.02048	0.01333	0.01475	0.01003	0.00564	0.00557	0.00169	0.00695	0.00541	0.00378	0.00766
9	0.02010	0.01481	0.01587	0.01216	0.01639	0.01639	0.01005	0.76360	0.02486	0.03332	0.01269	0.01269	0.00899	0.00635	0.00529	0.00159	0.00582	0.00476	0.00529	0.00899
10	0.01093	0.00940	0.01113	0.03579	0.01337	0.00721	0.00656	0.01332	0.01095	0.01710	0.00940	0.01107	0.00780	0.00396	0.00396	0.00082	0.00403	0.00319	0.00310	0.81691
11	0.01976	0.01408	0.01532	0.01171	0.01596	0.01523	0.00966	0.66696	0.02333	0.08266	0.01303	0.01294	0.00919	0.00621	0.00520	0.00154	0.00561	0.00469	0.00524	0.06169
12	0.85155	0.01022	0.00777	0.00695	0.01022	0.01186	0.00573	0.01554	0.00900	0.02372	0.00736	0.00859	0.00573	0.00491	0.00327	0.00164	0.00409	0.00286	0.00327	0.00573
13	0.01858	0.06285	0.01651	0.01589	0.11917	0.63192	0.01096	0.03685	0.01459	0.01395	0.00847	0.01003	0.00707	0.00532	0.00477	0.00138	0.00882	0.00358	0.00274	0.00653
14	0.01413	0.81739	0.02770	0.00905	0.01357	0.02092	0.00905	0.01583	0.01074	0.01244	0.00735	0.00848	0.00678	0.00452	0.00339	0.00113	0.00565	0.00283	0.00226	0.00678
15	0.00756	0.00562	0.00827	0.00827	0.00913	0.00648	0.00632	0.00929	0.00843	0.01210	0.01437	0.02193	0.01372	0.10478	0.72882	0.00821	0.01340	0.00583	0.00286	0.00459
16	0.00644	0.00460	0.00613	0.00736	0.00767	0.00429	0.00491	0.00736	0.01012	0.01350	0.02914	0.81076	0.03497	0.01656	0.00675	0.00215	0.00307	0.01503	0.00491	0.00429
17	0.02320	0.00983	0.01278	0.00980	0.01391	0.00900	0.00810	0.13117	0.01652	0.67753	0.01969	0.01724	0.01250	0.00652	0.00531	0.00163	0.00469	0.00524	0.00636	0.00900
18	0.02807	0.02621	0.72995	0.01503	0.02245	0.01241	0.03593	0.01660	0.01105	0.01677	0.00939	0.01119	0.00671	0.00514	0.00539	0.00170	0.03209	0.00396	0.00227	0.00769
19	0.00748	0.00540	0.00707	0.00665	0.00790	0.00499	0.00499	0.00998	0.01496	0.02120	0.77844	0.03949	0.04988	0.01081	0.00624	0.00166	0.00249	0.00956	0.00582	0.00499
20	0.01095	0.00576	0.00577	0.00572	0.00704	0.00560	0.00421	0.01308	0.01176	0.02063	0.01819	0.02105	0.01447	0.00686	0.00418	0.00144	0.00287	0.00527	0.82965	0.00550
21	0.01041	0.00999	0.01735	0.68481	0.09827	0.01192	0.06489	0.01396	0.01082	0.01405	0.00953	0.01402	0.00722	0.00518	0.00534	0.00175	0.00711	0.00480	0.00239	0.00617
22	0.01126	0.02643	0.74811	0.01478	0.02241	0.01205	0.01894	0.01719	0.01136	0.05513	0.01006	0.01150	0.00702	0.00510	0.00504	0.00167	0.00765	0.00398	0.00245	0.00787
23	0.00918	0.00459	0.00689	0.00689	0.00689	0.00459	0.00459	0.00689	0.00689	0.00918	0.00918	0.01607	0.00918	0.01837	0.02066	0.84619	0.00459	0.00459	0.00230	0.00230
24	0.01060	0.02735	0.78682	0.01507	0.02288	0.01228	0.01953	0.01674	0.01116	0.01674	0.00949	0.01116	0.00670	0.00502	0.00502	0.00167	0.00781	0.00391	0.00223	0.00781
25	0.30210	0.01017	0.01117	0.00895	0.01274	0.01033	0.00737	0.10989	0.03668	0.41646	0.01536	0.01424	0.01021	0.00599	0.00463	0.00163	0.00451	0.00444	0.00526	0.00787
26	0.01471	0.01117	0.01444	0.12791	0.15166	0.01227	0.01061	0.10872	0.32107	0.11737	0.01649	0.01671	0.01217	0.00626	0.00526	0.00169	0.00513	0.00531	0.03299	0.00805
27	0.02372	0.00900	0.01227	0.00941	0.01350	0.00777	0.00777	0.02576	0.01513	0.78489	0.02086	0.01799	0.01309	0.00654	0.00532	0.00164	0.00450	0.00532	0.00654	0.00900
28	0.00866	0.00704	0.01067	0.13145	0.01442	0.00737	0.07355	0.05335	0.01122	0.01517	0.03739	0.47028	0.02482	0.04662	0.00745	0.00211	0.02821	0.01097	0.03415	0.00509
29	0.04923	0.01377	0.06352	0.04809	0.44953	0.06376	0.10450	0.01739	0.02529	0.08155	0.01125	0.02858	0.00902	0.00520	0.00527	0.00162	0.00658	0.00496	0.00305	0.00783
30	0.00915	0.00574	0.00756	0.00699	0.00848	0.00524	0.00528	0.01149	0.01466	0.10257	0.64701	0.08886	0.04494	0.01074	0.00617	0.00169	0.00275	0.00947	0.00584	0.00537
31	0.01734	0.20522	0.01799	0.05226	0.03989	0.46615	0.01022	0.05211	0.06483	0.01448	0.00919	0.01045	0.00758	0.00536	0.00455	0.00137	0.00790	0.00361	0.00288	0.00661
32	0.09672	0.06847	0.03785	0.02372	0.40014	0.11076	0.15420	0.01689	0.01208	0.01697	0.00942	0.01207	0.00771	0.00477	0.00504	0.00156	0.00696	0.00451	0.00267	0.00748

[dist]
# distance from previous block
# <min> <max>
0	1

[block]
# block no. 6 follows, 46 sequences, length 13
# corresponding to MSA columns:
# 415-427
name=unknown_G
#
# <colnr> <probs for GDERKNQSTAVLIFYWHMCP>
#	G	D	E	R	K	N	Q	S	T	A	V	L	I	F	Y	W	H	M	C	P
0	0.16061	0.48234	0.02171	0.01114	0.07155	0.08365	0.00923	0.05844	0.01162	0.01600	0.00791	0.00926	0.00685	0.00491	0.00410	0.00133	0.02672	0.00318	0.00268	0.00676
1	0.00802	0.00597	0.00753	0.00704	0.00845	0.00576	0.00531	0.01170	0.08690	0.02129	0.70649	0.03761	0.04667	0.01046	0.00615	0.00168	0.00265	0.00922	0.00578	0.00531
2	0.01027	0.00969	0.01637	0.73083	0.10485	0.01182	0.01482	0.01376	0.01071	0.01385	0.00945	0.01400	0.00717	0.00523	0.00528	0.00174	0.00698	0.00470	0.00237	0.00610
3	0.00662	0.00474	0.00629	0.00724	0.00771	0.00441	0.00492	0.00781	0.01096	0.01482	0.15815	0.67797	0.03753	0.01557	0.00666	0.00206	0.00297	0.01409	0.00506	0.00441
4	0.01365	0.00703	0.00920	0.00793	0.01026	0.00646	0.00619	0.01666	0.06037	0.29714	0.42599	0.06436	0.03389	0.00930	0.00587	0.00168	0.00335	0.00805	0.00601	0.00661
5	0.00701	0.00537	0.00769	0.13451	0.01227	0.00549	0.00647	0.00835	0.01019	0.01350	0.02598	0.68320	0.03050	0.01476	0.00651	0.00209	0.00370	0.01337	0.00450	0.00455
6	0.00631	0.00513	0.00559	0.00596	0.00730	0.00441	0.00428	0.00752	0.01147	0.01405	0.04623	0.27871	0.55598	0.01434	0.00640	0.00189	0.00279	0.01232	0.00491	0.00441
7	0.00998	0.00940	0.01586	0.80150	0.03641	0.01175	0.01468	0.01351	0.01057	0.01351	0.00940	0.01409	0.00705	0.00529	0.00529	0.00176	0.00705	0.00470	0.00235	0.00587
8	0.00690	0.00593	0.00598	0.00587	0.00777	0.00529	0.00443	0.00954	0.08426	0.01503	0.05051	0.04792	0.70656	0.01280	0.00617	0.00179	0.00282	0.01066	0.00495	0.00483
9	0.85155	0.01022	0.00777	0.00695	0.01022	0.01186	0.00573	0.01554	0.00900	0.02372	0.00736	0.00859	0.00573	0.00491	0.00327	0.00164	0.00409	0.00286	0.00327	0.00573
10	0.00730	0.00540	0.00682	0.00646	0.00779	0.00491	0.00485	0.00963	0.01454	0.02020	0.67368	0.04114	0.15527	0.01118	0.00624	0.00168	0.00252	0.00979	0.00569	0.00491
11	0.00871	0.00568	0.00746	0.00686	0.00832	0.00520	0.00520	0.01117	0.01498	0.07906	0.72104	0.03786	0.04709	0.01048	0.00617	0.00166	0.00265	0.00924	0.00587	0.00529
12	0.00644	0.00460	0.00613	0.00736	0.00767	0.00429	0.00491	0.00736	0.01012	0.01350	0.02914	0.81076	0.03497	0.01656	0.00675	0.00215	0.00307	0.01503	0.00491	0.00429

[dist]
# distance from previous block
# <min> <max>
0	1

[block]
# block no. 7 follows, 46 sequences, length 69
# corresponding to MSA columns:
# 429-497
name=unknown_H
#
# <colnr> <probs for GDERKNQSTAVLIFYWHMCP>
#	G	D	E	R	K	N	Q	S	T	A	V	L	I	F	Y	W	H	M	C	P
0	0.78080	0.07842	0.00945	0.00713	0.01051	0.01262	0.00601	0.01556	0.00914	0.02277	0.00736	0.00858	0.00581	0.00487	0.00328	0.00159	0.00422	0.00286	0.00319	0.00581
1	0.01295	0.01254	0.02176	0.05725	0.71870	0.01257	0.05379	0.01617	0.01201	0.01713	0.00996	0.01318	0.00831	0.00472	0.00529	0.00159	0.00644	0.00479	0.00261	0.00823
2	0.01388	0.67888	0.12980	0.01004	0.01494	0.05067	0.01051	0.01616	0.01097	0.01304	0.00767	0.00888	0.00677	0.00463	0.00367	0.00121	0.00610	0.00300	0.00228	0.00690
3	0.85155	0.01022	0.00777	0.00695	0.01022	0.01186	0.00573	0.01554	0.00900	0.02372	0.00736	0.00859	0.00573	0.00491	0.00327	0.00164	0.00409	0.00286	0.00327	0.00573
4	0.85155	0.01022	0.00777	0.00695	0.01022	0.01186	0.00573	0.01554	0.00900	0.02372	0.00736	0.00859	0.00573	0.00491	0.00327	0.00164	0.00409	0.00286	0.00327	0.00573
5	0.02354	0.00929	0.01245	0.00954	0.01364	0.00821	0.00788	0.06298	0.01562	0.74698	0.02044	0.01773	0.01288	0.00653	0.00531	0.00163	0.00456	0.00529	0.00648	0.00900
6	0.00644	0.00460	0.00613	0.00736	0.00767	0.00429	0.00491	0.00736	0.01012	0.01350	0.02914	0.81076	0.03497	0.01656	0.00675	0.00215	0.00307	0.01503	0.00491	0.00429
7	0.02372	0.00900	0.01227	0.00941	0.01350	0.00777	0.00777	0.02576	0.01513	0.78489	0.02086	0.01799	0.01309	0.00654	0.00532	0.00164	0.00450	0.00532	0.00654	0.00900
8	0.01283	0.01202	0.02023	0.05010	0.62259	0.01211	0.04656	0.04737	0.01257	0.01769	0.01181	0.01762	0.01047	0.00574	0.00548	0.00167	0.00626	0.07599	0.00294	0.00794
9	0.00852	0.00608	0.00852	0.00974	0.01095	0.00608	0.00852	0.01095	0.01217	0.01582	0.02799	0.05963	0.03042	0.01460	0.00730	0.00243	0.00487	0.74565	0.00487	0.00487
10	0.00647	0.00536	0.00566	0.00559	0.00728	0.00456	0.00419	0.00801	0.01257	0.01552	0.18321	0.04884	0.64866	0.01293	0.00625	0.00176	0.00264	0.01087	0.00507	0.00456
11	0.01096	0.00940	0.01096	0.00783	0.01253	0.00705	0.00626	0.01331	0.01096	0.01723	0.00940	0.01096	0.00783	0.00392	0.00392	0.00078	0.00392	0.00313	0.00313	0.84653
12	0.00652	0.00480	0.00595	0.00681	0.00738	0.00441	0.00457	0.00744	0.01027	0.01334	0.03272	0.58726	0.17926	0.09261	0.00859	0.00236	0.00319	0.01356	0.00474	0.00422
13	0.00769	0.00513	0.00577	0.00577	0.00577	0.00513	0.00320	0.00769	0.00769	0.01025	0.01666	0.03460	0.01922	0.81421	0.02691	0.00513	0.00513	0.00769	0.00320	0.00320
14	0.01051	0.00891	0.01238	0.03136	0.09113	0.05155	0.06484	0.05051	0.01294	0.01672	0.02261	0.04542	0.02363	0.01172	0.00673	0.00218	0.00566	0.52118	0.00432	0.00569
15	0.00809	0.00587	0.00795	0.00889	0.01011	0.00572	0.00754	0.01034	0.01233	0.01610	0.10655	0.09843	0.10192	0.01421	0.00707	0.00228	0.00432	0.56251	0.00497	0.00481
16	0.00769	0.00513	0.00577	0.00577	0.00577	0.00513	0.00320	0.00769	0.00769	0.01025	0.01666	0.03460	0.01922	0.81421	0.02691	0.00513	0.00513	0.00769	0.00320	0.00320
17	0.02328	0.00910	0.01226	0.00946	0.01351	0.00799	0.00780	0.02586	0.04677	0.75300	0.02088	0.01807	0.01321	0.00657	0.00532	0.00164	0.00449	0.00534	0.00649	0.00897
18	0.85155	0.01022	0.00777	0.00695	0.01022	0.01186	0.00573	0.01554	0.00900	0.02372	0.00736	0.00859	0.00573	0.00491	0.00327	0.00164	0.00409	0.00286	0.00327	0.00573
19	0.85155	0.01022	0.00777	0.00695	0.01022	0.01186	0.00573	0.01554	0.00900	0.02372	0.00736	0.00859	0.00573	0.00491	0.00327	0.00164	0.00409	0.00286	0.00327	0.00573
20	0.01096	0.00940	0.01096	0.00783	0.01253	0.00705	0.00626	0.01331	0.01096	0.01723	0.00940	0.01096	0.00783	0.00392	0.00392	0.00078	0.00392	0.00313	0.00313	0.84653
21	0.00644	0.00472	0.00606	0.00709	0.00761	0.00433	0.00480	0.00746	0.01049	0.01379	0.05161	0.69451	0.12965	0.01601	0.00667	0.00209	0.00300	0.01440	0.00493	0.00433
22	0.85155	0.01022	0.00777	0.00695	0.01022	0.01186	0.00573	0.01554	0.00900	0.02372	0.00736	0.00859	0.00573	0.00491	0.00327	0.00164	0.00409	0.00286	0.00327	0.00573
23	0.01832	0.01392	0.01486	0.01180	0.01572	0.01556	0.00962	0.57506	0.21630	0.03045	0.01495	0.01449	0.01082	0.00656	0.00531	0.00164	0.00540	0.00507	0.00531	0.00883
24	0.85155	0.01022	0.00777	0.00695	0.01022	0.01186	0.00573	0.01554	0.00900	0.02372	0.00736	0.00859	0.00573	0.00491	0.00327	0.00164	0.00409	0.00286	0.00327	0.00573
25	0.01277	0.01309	0.02153	0.20041	0.42146	0.06923	0.15240	0.01610	0.01201	0.01606	0.00983	0.01327	0.00790	0.00485	0.00540	0.00164	0.00717	0.00489	0.00258	0.00743
26	0.01248	0.01426	0.03119	0.02228	0.02763	0.01337	0.76203	0.01693	0.01248	0.01693	0.01070	0.01426	0.00802	0.00446	0.00624	0.00178	0.00891	0.00624	0.00267	0.00713
27	0.00918	0.00459	0.00689	0.00689	0.00689	0.00459	0.00459	0.00689	0.00689	0.00918	0.00918	0.01607	0.00918	0.01837	0.02066	0.84619	0.00459	0.00459	0.00230	0.00230
28	0.00769	0.00513	0.00577	0.00577	0.00577	0.00513	0.00320	0.00769	0.00769	0.01025	0.01666	0.03460	0.01922	0.81421	0.02691	0.00513	0.00513	0.00769	0.00320	0.00320
29	0.02010	0.01481	0.01587	0.01216	0.01639	0.01639	0.01005	0.76360	0.02486	0.03332	0.01269	0.01269	0.00899	0.00635	0.00529	0.00159	0.00582	0.00476	0.00529	0.00899
30	0.00918	0.00459	0.00689	0.00689	0.00689	0.00459	0.00459	0.00689	0.00689	0.00918	0.00918	0.01607	0.00918	0.01837	0.02066	0.84619	0.00459	0.00459	0.00230	0.00230
31	0.00641	0.00536	0.00559	0.00553	0.00724	0.00453	0.00415	0.00791	0.01244	0.01521	0.15137	0.04934	0.68069	0.01304	0.00625	0.00177	0.00265	0.01094	0.00503	0.00453
32	0.01157	0.01157	0.01619	0.01388	0.01388	0.01619	0.01157	0.01272	0.00810	0.01272	0.00694	0.01157	0.00694	0.00925	0.01735	0.00231	0.80453	0.00463	0.00231	0.00578
33	0.00722	0.00560	0.00808	0.11462	0.01196	0.00560	0.02080	0.00885	0.01115	0.01497	0.16183	0.52848	0.05337	0.01368	0.00643	0.00199	0.00360	0.01238	0.00468	0.00469
34	0.01391	0.76723	0.07590	0.00943	0.01416	0.02037	0.00971	0.01589	0.01077	0.01271	0.00749	0.00865	0.00678	0.00455	0.00350	0.00117	0.00579	0.00290	0.00226	0.00685
35	0.01413	0.81739	0.02770	0.00905	0.01357	0.02092	0.00905	0.01583	0.01074	0.01244	0.00735	0.00848	0.00678	0.00452	0.00339	0.00113	0.00565	0.00283	0.00226	0.00678
36	0.00641	0.00484	0.00593	0.00675	0.00752	0.00436	0.00465	0.00749	0.01081	0.01392	0.05497	0.56737	0.25490	0.01548	0.00659	0.00203	0.00294	0.01375	0.00493	0.00436
37	0.00748	0.00540	0.00707	0.00665	0.00790	0.00499	0.00499	0.00998	0.01496	0.02120	0.77844	0.03949	0.04988	0.01081	0.00624	0.00166	0.00249	0.00956	0.00582	0.00499
38	0.01872	0.17306	0.03356	0.01234	0.01584	0.45802	0.01005	0.15319	0.01587	0.04906	0.00939	0.01029	0.00746	0.00547	0.00463	0.00138	0.00788	0.00363	0.00325	0.00692
39	0.00655	0.00468	0.00625	0.00748	0.00783	0.00438	0.00509	0.00754	0.01022	0.01361	0.02908	0.77287	0.03474	0.01646	0.00678	0.00216	0.00316	0.05188	0.00491	0.00432
40	0.00625	0.00534	0.00538	0.00541	0.00715	0.00446	0.00404	0.00758	0.01200	0.01426	0.05290	0.07131	0.75908	0.01347	0.00626	0.00179	0.00269	0.01126	0.00491	0.00446
41	0.00802	0.00580	0.00800	0.00797	0.00910	0.00650	0.00619	0.01054	0.04172	0.01414	0.04936	0.02397	0.05403	0.03109	0.57226	0.00656	0.01103	0.02635	0.10245	0.00490
42	0.01065	0.02703	0.76867	0.01524	0.02299	0.01230	0.03736	0.01675	0.01119	0.01675	0.00952	0.01124	0.00673	0.00501	0.00505	0.00168	0.00784	0.00396	0.00224	0.00780
43	0.02279	0.01048	0.01319	0.01011	0.01423	0.00997	0.00835	0.21401	0.01761	0.59314	0.01877	0.01664	0.01204	0.00649	0.00531	0.00162	0.00483	0.00517	0.00622	0.00900
44	0.00646	0.00464	0.00614	0.00729	0.00766	0.00432	0.00489	0.00743	0.01029	0.01371	0.04836	0.77319	0.05335	0.01634	0.00672	0.00213	0.00304	0.01480	0.00493	0.00432
45	0.01459	0.01214	0.01460	0.13734	0.07840	0.04559	0.03491	0.25954	0.18523	0.04095	0.01784	0.04619	0.07498	0.00709	0.00545	0.00169	0.00555	0.00592	0.00443	0.00759
46	0.01946	0.02464	0.01527	0.01444	0.04988	0.75877	0.01048	0.02090	0.01485	0.01313	0.00825	0.00969	0.00688	0.00542	0.00479	0.00137	0.00939	0.00346	0.00272	0.00623
47	0.01100	0.00953	0.01152	0.00823	0.01294	0.00722	0.02702	0.01341	0.01100	0.01722	0.00943	0.01105	0.00784	0.00393	0.00398	0.00081	0.00405	0.00322	0.00312	0.82348
48	0.01980	0.01383	0.04721	0.01159	0.01583	0.01416	0.00983	0.51320	0.09138	0.18532	0.01504	0.01436	0.01039	0.00641	0.00529	0.00162	0.00548	0.00495	0.00542	0.00888
