[name]
unknown

[dist]
# distance from previous block
# <min> <max>
0	0

[block]
# block no. 0 follows, 43 sequences, length 14
# corresponding to MSA columns:
# 0-13
name=unknown_A
#
# <colnr> <probs for GDERKNQSTAVLIFYWHMCP>
#	G	D	E	R	K	N	Q	S	T	A	V	L	I	F	Y	W	H	M	C	P
0	0.00892	0.00637	0.00892	0.01020	0.01147	0.00637	0.00892	0.01147	0.01275	0.01657	0.02932	0.06247	0.03187	0.01530	0.00765	0.00255	0.00510	0.73354	0.00510	0.00510
1	0.00784	0.00566	0.00740	0.00697	0.00827	0.00523	0.00523	0.01045	0.01568	0.02221	0.76789	0.04137	0.05226	0.01132	0.00653	0.00174	0.00261	0.01002	0.00610	0.00523
2	0.00962	0.00481	0.00722	0.00722	0.00722	0.00481	0.00481	0.00722	0.00722	0.00962	0.00962	0.01684	0.00962	0.01924	0.02165	0.83886	0.00481	0.00481	0.00241	0.00241
3	0.45775	0.01225	0.10593	0.00893	0.01305	0.01082	0.00827	0.01919	0.01164	0.23176	0.01259	0.01283	0.00880	0.00572	0.00428	0.00169	0.00478	0.00399	0.05855	0.00717
4	0.00687	0.00487	0.00639	0.00755	0.00784	0.00458	0.00497	0.00774	0.01036	0.01381	0.02926	0.72743	0.03503	0.09385	0.00912	0.00255	0.00342	0.01500	0.00497	0.00439
5	0.01053	0.00788	0.00871	0.00810	0.00947	0.00838	0.00565	0.10579	0.15470	0.01688	0.02221	0.09916	0.08221	0.38941	0.04391	0.00379	0.00520	0.00824	0.00436	0.00542
6	0.01269	0.01056	0.01213	0.00877	0.01363	0.00861	0.00706	0.10683	0.01332	0.02017	0.01028	0.01171	0.00836	0.00442	0.00428	0.00093	0.00435	0.00350	0.00357	0.73483
7	0.01056	0.03135	0.00899	0.00784	0.00975	0.00646	0.00623	0.01331	0.03445	0.12353	0.46784	0.04043	0.10446	0.01114	0.00643	0.00184	0.00338	0.10025	0.00586	0.00589
8	0.14689	0.53832	0.10003	0.01016	0.01479	0.05570	0.01018	0.01679	0.01112	0.01540	0.00795	0.00935	0.00693	0.00507	0.00427	0.00138	0.03296	0.00317	0.00256	0.00697
9	0.01512	0.01156	0.01300	0.00999	0.01441	0.01100	0.00804	0.19457	0.15836	0.07417	0.01391	0.01417	0.01053	0.00555	0.00484	0.00128	0.00467	0.00441	0.00451	0.42592
10	0.01195	0.00924	0.03554	0.00926	0.01147	0.03435	0.00721	0.15852	0.01496	0.07505	0.11247	0.37934	0.04299	0.01205	0.00627	0.00189	0.00427	0.01052	0.00517	0.05748
11	0.01584	0.01279	0.01765	0.21760	0.02338	0.01355	0.10417	0.31783	0.01771	0.05236	0.01188	0.01380	0.00872	0.00570	0.00543	0.00160	0.00646	0.00491	0.00407	0.14455
12	0.80037	0.01064	0.00839	0.00742	0.01090	0.01219	0.00611	0.01686	0.00977	0.06520	0.00847	0.00953	0.00641	0.00523	0.00354	0.00171	0.00431	0.00314	0.00361	0.00618
13	0.01345	0.01984	0.44294	0.01324	0.01908	0.01080	0.01509	0.01896	0.06506	0.16316	0.01653	0.05784	0.01354	0.00757	0.00573	0.00188	0.00663	0.09685	0.00392	0.00790

[dist]
# distance from previous block
# <min> <max>
0	6

[block]
# block no. 1 follows, 43 sequences, length 20
# corresponding to MSA columns:
# 20-39
name=unknown_B
#
# <colnr> <probs for GDERKNQSTAVLIFYWHMCP>
#	G	D	E	R	K	N	Q	S	T	A	V	L	I	F	Y	W	H	M	C	P
0	0.01351	0.39488	0.10630	0.01431	0.01938	0.03902	0.23351	0.01662	0.01195	0.01516	0.01034	0.05473	0.00915	0.00547	0.00488	0.00150	0.00710	0.00489	0.00269	0.03461
1	0.01427	0.01419	0.04032	0.08357	0.57871	0.05842	0.01587	0.06240	0.04438	0.01877	0.01093	0.01377	0.00891	0.00524	0.00546	0.00166	0.00676	0.00489	0.00301	0.00847
2	0.00833	0.00630	0.00914	0.03169	0.01047	0.00740	0.00699	0.01017	0.00899	0.01307	0.01466	0.02229	0.01388	0.10583	0.61732	0.00769	0.05518	0.00600	0.03968	0.00491
3	0.00792	0.00591	0.00875	0.00875	0.00969	0.00684	0.00674	0.00980	0.00886	0.01275	0.01497	0.02250	0.01417	0.08047	0.74492	0.00872	0.01435	0.00604	0.00299	0.00486
4	0.00677	0.00557	0.00567	0.00567	0.00727	0.00478	0.00408	0.00796	0.01195	0.01434	0.05040	0.05078	0.65814	0.13078	0.00974	0.00239	0.00318	0.01115	0.00488	0.00448
5	0.00864	0.00578	0.00666	0.00655	0.00689	0.00592	0.00403	0.03706	0.00910	0.01253	0.01746	0.05466	0.01928	0.63849	0.09202	0.00521	0.00601	0.00780	0.05205	0.00387
6	0.02087	0.01392	0.01567	0.03112	0.10150	0.08976	0.01046	0.29135	0.05969	0.28445	0.01587	0.01536	0.01096	0.00646	0.00549	0.00167	0.00600	0.00511	0.00535	0.00894
7	0.01579	0.01270	0.03693	0.06417	0.36386	0.03636	0.03425	0.05079	0.06332	0.16424	0.01455	0.01588	0.02881	0.00577	0.00545	0.00163	0.00605	0.00517	0.00392	0.07036
8	0.84448	0.01071	0.00814	0.00728	0.01071	0.01242	0.00600	0.01628	0.00943	0.02485	0.00771	0.00900	0.00600	0.00514	0.00343	0.00171	0.00428	0.00300	0.00343	0.00600
9	0.01389	0.01194	0.01237	0.01176	0.04880	0.05808	0.00869	0.02574	0.55509	0.05969	0.02510	0.02349	0.10500	0.00803	0.00569	0.00183	0.00465	0.00665	0.00534	0.00818
10	0.00791	0.00593	0.00890	0.00890	0.00989	0.00692	0.00692	0.00989	0.00890	0.01286	0.01483	0.02176	0.01385	0.04154	0.78341	0.00890	0.01483	0.00593	0.00297	0.00494
11	0.01385	0.01309	0.02173	0.05514	0.69574	0.01329	0.01643	0.04091	0.04171	0.01871	0.01096	0.01399	0.00906	0.00511	0.00549	0.00166	0.00650	0.00499	0.00293	0.00871
12	0.00770	0.00566	0.00721	0.00682	0.00819	0.00517	0.00512	0.01019	0.01536	0.02145	0.69294	0.04263	0.12768	0.01161	0.00653	0.00176	0.00263	0.01019	0.00600	0.00517
13	0.84448	0.01071	0.00814	0.00728	0.01071	0.01242	0.00600	0.01628	0.00943	0.02485	0.00771	0.00900	0.00600	0.00514	0.00343	0.00171	0.00428	0.00300	0.00343	0.00600
14	0.01046	0.00984	0.01661	0.79205	0.03814	0.01230	0.01538	0.01415	0.01107	0.01415	0.00984	0.01477	0.00738	0.00554	0.00554	0.00185	0.00738	0.00492	0.00246	0.00615
15	0.01371	0.01316	0.02248	0.03399	0.77081	0.01316	0.01700	0.01700	0.01261	0.01809	0.01042	0.01371	0.00877	0.00493	0.00548	0.00164	0.00658	0.00493	0.00274	0.00877
16	0.64773	0.19995	0.01309	0.00780	0.01154	0.01467	0.00682	0.01635	0.00986	0.02205	0.00771	0.00897	0.00626	0.00505	0.00346	0.00159	0.00467	0.00299	0.00318	0.00626
17	0.01032	0.00516	0.00516	0.00516	0.00645	0.00516	0.00387	0.01290	0.01161	0.02065	0.01807	0.02065	0.01420	0.00645	0.00387	0.00129	0.00258	0.00516	0.83611	0.00516
18	0.01465	0.77533	0.06100	0.00975	0.01463	0.02153	0.00995	0.01662	0.01127	0.01322	0.00780	0.00900	0.00710	0.00476	0.00363	0.00121	0.00602	0.00301	0.00237	0.00715
19	0.00731	0.00560	0.00669	0.00650	0.00797	0.00499	0.00484	0.00939	0.01430	0.01913	0.46843	0.08107	0.31850	0.01261	0.00656	0.00181	0.00271	0.01090	0.00570	0.00499

[dist]
# distance from previous block
# <min> <max>
0	1

[block]
# block no. 2 follows, 43 sequences, length 21
# corresponding to MSA columns:
# 41-61
name=unknown_C
#
# <colnr> <probs for GDERKNQSTAVLIFYWHMCP>
#	G	D	E	R	K	N	Q	S	T	A	V	L	I	F	Y	W	H	M	C	P
0	0.00737	0.00583	0.00665	0.00641	0.00807	0.00522	0.00482	0.00978	0.03797	0.01854	0.38117	0.04679	0.41630	0.01258	0.00651	0.00181	0.00277	0.01075	0.00560	0.00506
1	0.06191	0.01736	0.02010	0.01633	0.03407	0.26321	0.23965	0.02066	0.11872	0.05022	0.01184	0.01364	0.00920	0.00593	0.00657	0.00173	0.07256	0.00505	0.00341	0.02784
2	0.01421	0.01328	0.03600	0.02375	0.42536	0.05509	0.01360	0.02062	0.20980	0.05289	0.01533	0.01894	0.01262	0.00648	0.00565	0.00176	0.00604	0.05633	0.00385	0.00840
3	0.01465	0.77623	0.06014	0.00974	0.01462	0.02154	0.00993	0.01662	0.01127	0.01322	0.00779	0.00900	0.00710	0.00476	0.00362	0.00121	0.00602	0.00301	0.00237	0.00715
4	0.01342	0.01250	0.01925	0.06081	0.51848	0.01285	0.01438	0.01940	0.17733	0.01903	0.01302	0.01513	0.01046	0.00547	0.00542	0.00165	0.00596	0.00511	0.00340	0.06691
5	0.52327	0.01200	0.01100	0.00914	0.01290	0.01349	0.00752	0.22041	0.04779	0.08014	0.01090	0.01139	0.00797	0.00578	0.00426	0.00171	0.00482	0.00387	0.00435	0.00730
6	0.00752	0.00565	0.00696	0.00663	0.00808	0.00509	0.00497	0.00983	0.01491	0.02040	0.58998	0.04435	0.23130	0.01200	0.00654	0.00177	0.00266	0.01043	0.00586	0.00509
7	0.02105	0.01551	0.01662	0.01274	0.01717	0.01717	0.01053	0.75235	0.02604	0.03490	0.01330	0.01330	0.00942	0.00665	0.00554	0.00166	0.00609	0.00499	0.00554	0.00942
8	0.01046	0.00984	0.01661	0.79205	0.03814	0.01230	0.01538	0.01415	0.01107	0.01415	0.00984	0.01477	0.00738	0.00554	0.00554	0.00185	0.00738	0.00492	0.00246	0.00615
9	0.00716	0.00558	0.00650	0.00639	0.00789	0.00492	0.00475	0.00909	0.01390	0.01826	0.38426	0.10027	0.38518	0.01301	0.00658	0.00184	0.00274	0.01120	0.00558	0.00492
10	0.01212	0.01212	0.01696	0.01454	0.01454	0.01696	0.01212	0.01333	0.00848	0.01333	0.00727	0.01212	0.00727	0.00969	0.01818	0.00242	0.79523	0.00485	0.00242	0.00606
11	0.02485	0.00943	0.01285	0.00985	0.01414	0.00814	0.00814	0.02699	0.01585	0.77465	0.02185	0.01885	0.01371	0.00685	0.00557	0.00171	0.00471	0.00557	0.00685	0.00943
12	0.01130	0.05916	0.71493	0.01548	0.02318	0.01340	0.01967	0.01732	0.01154	0.01718	0.00974	0.01160	0.00703	0.00543	0.00573	0.00176	0.04107	0.00408	0.00234	0.00805
13	0.00661	0.00552	0.00576	0.00590	0.00757	0.00467	0.00435	0.00800	0.01248	0.01508	0.07458	0.14061	0.66122	0.01433	0.00661	0.00191	0.00285	0.01211	0.00517	0.00467
14	0.01053	0.00690	0.00812	0.00758	0.00968	0.00645	0.00584	0.01403	0.10203	0.12987	0.21408	0.09812	0.31135	0.01186	0.00638	0.00187	0.00335	0.04030	0.00568	0.00600
15	0.00754	0.00555	0.00683	0.00666	0.00784	0.00508	0.00481	0.00949	0.01382	0.01887	0.48874	0.10159	0.18260	0.10531	0.00911	0.00223	0.00302	0.01054	0.00552	0.00485
16	0.01479	0.59160	0.16505	0.01096	0.01620	0.06999	0.01154	0.01741	0.01175	0.03512	0.00856	0.00975	0.00728	0.00496	0.00402	0.00132	0.00657	0.00328	0.00252	0.00732
17	0.01604	0.04662	0.15654	0.01857	0.25041	0.01207	0.01324	0.09219	0.04905	0.18718	0.01446	0.04941	0.01112	0.00621	0.00539	0.00166	0.00600	0.00530	0.00411	0.05443
18	0.00928	0.00687	0.00909	0.00997	0.01140	0.00705	0.00844	0.01326	0.10039	0.01749	0.06935	0.10827	0.03158	0.01431	0.00731	0.00241	0.00475	0.55808	0.00522	0.00549
19	0.01210	0.01089	0.05235	0.00934	0.01214	0.06006	0.00769	0.09001	0.18895	0.05783	0.23187	0.03165	0.19319	0.00966	0.00601	0.00177	0.00431	0.00805	0.00534	0.00679
20	0.01830	0.01233	0.01482	0.03270	0.04599	0.03386	0.04040	0.35500	0.01937	0.17687	0.05159	0.06889	0.01473	0.02102	0.00607	0.00178	0.00558	0.02400	0.03191	0.02480

[dist]
# distance from previous block
# <min> <max>
2	15

[block]
# block no. 3 follows, 43 sequences, length 20
# corresponding to MSA columns:
# 77-96
name=unknown_D
#
# <colnr> <probs for GDERKNQSTAVLIFYWHMCP>
#	G	D	E	R	K	N	Q	S	T	A	V	L	I	F	Y	W	H	M	C	P
0	0.06705	0.01283	0.03159	0.05587	0.22696	0.12362	0.04523	0.03312	0.01256	0.01739	0.10052	0.01798	0.01446	0.02850	0.12771	0.00289	0.04780	0.00549	0.02171	0.00672
1	0.00858	0.00588	0.00731	0.00682	0.00845	0.00528	0.00516	0.01088	0.01496	0.06694	0.55297	0.04281	0.21982	0.01169	0.00648	0.00177	0.00279	0.01014	0.00592	0.00535
2	0.01151	0.01042	0.01659	0.61585	0.03317	0.01271	0.03388	0.08802	0.01243	0.01625	0.01068	0.02997	0.00840	0.00729	0.03312	0.00211	0.04312	0.00521	0.00285	0.00644
3	0.00696	0.00558	0.00621	0.00615	0.00776	0.00483	0.00458	0.00871	0.01344	0.01715	0.27387	0.09423	0.50427	0.01339	0.00657	0.00185	0.00277	0.01141	0.00544	0.00483
4	0.01056	0.00945	0.01474	0.31074	0.21340	0.01023	0.01210	0.04003	0.01281	0.01710	0.11931	0.07022	0.12056	0.00807	0.00589	0.00180	0.00561	0.00719	0.00366	0.00651
5	0.01481	0.80869	0.02902	0.00948	0.01421	0.02191	0.00948	0.01658	0.01125	0.01303	0.00770	0.00888	0.00711	0.00474	0.00355	0.00118	0.00592	0.00296	0.00237	0.00711
6	0.00985	0.00643	0.00855	0.21956	0.01534	0.00710	0.00722	0.01248	0.01119	0.01771	0.01703	0.10200	0.01484	0.02711	0.03036	0.00188	0.00441	0.00631	0.47532	0.00531
7	0.02105	0.01551	0.01662	0.01274	0.01717	0.01717	0.01053	0.75235	0.02604	0.03490	0.01330	0.01330	0.00942	0.00665	0.00554	0.00166	0.00609	0.00499	0.00554	0.00942
8	0.01351	0.01295	0.02212	0.08079	0.72559	0.01311	0.01690	0.01682	0.01252	0.01785	0.01038	0.01377	0.00869	0.00497	0.00549	0.00166	0.00663	0.00493	0.00272	0.00861
9	0.00793	0.00588	0.00862	0.00862	0.00951	0.00677	0.00657	0.00971	0.00882	0.01265	0.01509	0.02318	0.01446	0.11656	0.70924	0.00855	0.01390	0.00614	0.00301	0.00479
10	0.84448	0.01071	0.00814	0.00728	0.01071	0.01242	0.00600	0.01628	0.00943	0.02485	0.00771	0.00900	0.00600	0.00514	0.00343	0.00171	0.00428	0.00300	0.00343	0.00600
11	0.01378	0.01190	0.01252	0.01127	0.01440	0.01378	0.00877	0.02943	0.76081	0.02317	0.02254	0.02066	0.01691	0.00751	0.00564	0.00188	0.00438	0.00626	0.00564	0.00877
12	0.00921	0.00638	0.00727	0.00691	0.00751	0.00654	0.00439	0.07997	0.01034	0.01385	0.04746	0.05532	0.04381	0.60912	0.06536	0.00487	0.00571	0.00805	0.00376	0.00417
13	0.00711	0.00556	0.00634	0.00628	0.00772	0.00490	0.00459	0.00884	0.01331	0.01727	0.30833	0.10311	0.41363	0.05887	0.00783	0.00205	0.00291	0.01118	0.00538	0.00478
14	0.01850	0.04663	0.04458	0.04511	0.12815	0.48124	0.01200	0.09344	0.04846	0.01690	0.00998	0.01153	0.00803	0.00571	0.00513	0.00152	0.00857	0.00408	0.00318	0.00724
15	0.01375	0.01333	0.02045	0.09931	0.57901	0.04959	0.01558	0.01845	0.10116	0.01812	0.01171	0.01445	0.00953	0.00533	0.00548	0.00168	0.00655	0.00503	0.00306	0.00842
16	0.01607	0.14646	0.13176	0.01335	0.04519	0.39232	0.01137	0.01856	0.01417	0.01554	0.11272	0.01455	0.01338	0.00619	0.00502	0.00148	0.00779	0.00448	0.00315	0.02645
17	0.01013	0.00813	0.01110	0.01024	0.01191	0.00842	0.06554	0.10352	0.06922	0.01850	0.08926	0.43283	0.02842	0.01294	0.00727	0.00206	0.05004	0.03007	0.00492	0.02548
18	0.59592	0.07347	0.07213	0.00871	0.01263	0.01343	0.00787	0.07721	0.03651	0.02406	0.02952	0.01083	0.00807	0.00549	0.00392	0.00168	0.00483	0.00355	0.00358	0.00661
19	0.01768	0.01382	0.03973	0.01303	0.05147	0.04026	0.03308	0.31180	0.19154	0.11580	0.01636	0.04416	0.01235	0.00686	0.00552	0.00168	0.00561	0.00559	0.00513	0.06853

[dist]
# distance from previous block
# <min> <max>
1	3

[block]
# block no. 4 follows, 43 sequences, length 40
# corresponding to MSA columns:
# 101-140
name=unknown_E
#
# <colnr> <probs for GDERKNQSTAVLIFYWHMCP>
#	G	D	E	R	K	N	Q	S	T	A	V	L	I	F	Y	W	H	M	C	P
0	0.21365	0.01210	0.01770	0.02431	0.48837	0.01228	0.01311	0.01751	0.01206	0.08305	0.01070	0.01290	0.00849	0.00510	0.00493	0.00163	0.00575	0.00444	0.00328	0.04862
1	0.04984	0.00819	0.00947	0.00836	0.01047	0.00838	0.00648	0.17034	0.04477	0.02431	0.46886	0.07678	0.07108	0.01035	0.00617	0.00176	0.00355	0.00887	0.00574	0.00623
2	0.01152	0.01095	0.01601	0.26536	0.02161	0.01460	0.01251	0.02849	0.00974	0.01409	0.00899	0.01439	0.00815	0.04697	0.01396	0.00234	0.46580	0.00504	0.02349	0.00600
3	0.01057	0.06144	0.43770	0.01261	0.01798	0.01104	0.01432	0.05029	0.01207	0.01716	0.01674	0.20806	0.04301	0.00865	0.00586	0.00182	0.02039	0.00722	0.00333	0.03975
4	0.00928	0.00775	0.00995	0.12308	0.04102	0.03694	0.00744	0.01048	0.00975	0.01307	0.01786	0.22269	0.01980	0.30076	0.03153	0.00341	0.09713	0.00878	0.02451	0.00476
5	0.01315	0.01133	0.01587	0.01637	0.22380	0.00991	0.04448	0.06010	0.01288	0.04144	0.01063	0.01259	0.00861	0.00459	0.00473	0.00117	0.00517	0.00406	0.00335	0.49577
6	0.07814	0.22577	0.01887	0.01324	0.04474	0.48103	0.01028	0.04043	0.01427	0.01500	0.00848	0.00987	0.00717	0.00541	0.00454	0.00140	0.00829	0.00346	0.00284	0.00674
7	0.01286	0.01666	0.19106	0.07911	0.46084	0.03228	0.07185	0.01688	0.01236	0.01746	0.01079	0.03312	0.00892	0.00536	0.00554	0.00171	0.00720	0.00510	0.00270	0.00820
8	0.01155	0.08610	0.56818	0.01520	0.02218	0.03292	0.08373	0.01701	0.01222	0.01749	0.07274	0.01419	0.01090	0.00568	0.00534	0.00171	0.00770	0.00470	0.00271	0.00775
9	0.01555	0.01013	0.01253	0.03079	0.06903	0.01062	0.00883	0.02395	0.34886	0.22201	0.13392	0.02426	0.02114	0.00798	0.00582	0.00182	0.00446	0.03438	0.00572	0.00820
10	0.01181	0.00980	0.02455	0.01058	0.03169	0.01004	0.00844	0.10828	0.24464	0.02111	0.07936	0.03489	0.11654	0.01099	0.02581	0.00212	0.00481	0.18653	0.00513	0.05286
11	0.00674	0.00484	0.00641	0.00766	0.00802	0.00450	0.00512	0.00772	0.01065	0.01416	0.03116	0.78330	0.05467	0.01727	0.00706	0.00224	0.00320	0.01564	0.00514	0.00450
12	0.03212	0.03451	0.07604	0.10716	0.33112	0.01276	0.07664	0.06117	0.07009	0.07733	0.01340	0.01548	0.02435	0.00568	0.00545	0.00170	0.00639	0.00520	0.03531	0.00810
13	0.01466	0.67949	0.11569	0.01045	0.01550	0.05794	0.01082	0.01696	0.01152	0.01358	0.00800	0.00927	0.00710	0.00485	0.00382	0.00126	0.00638	0.00312	0.00239	0.00720
14	0.82232	0.01119	0.02858	0.00751	0.01106	0.01244	0.00638	0.01631	0.00949	0.02465	0.00777	0.00907	0.00602	0.00514	0.00348	0.00171	0.00439	0.00303	0.00340	0.00606
15	0.01491	0.70964	0.07876	0.01019	0.01505	0.06639	0.01029	0.01698	0.01155	0.01337	0.00790	0.00914	0.00710	0.00483	0.00375	0.00124	0.00632	0.00307	0.00240	0.00714
16	0.00930	0.00682	0.00825	0.00845	0.00971	0.00694	0.00610	0.04049	0.14513	0.03717	0.12784	0.42431	0.04755	0.05739	0.00782	0.00225	0.00367	0.03987	0.00532	0.00563
17	0.00838	0.00577	0.00735	0.00698	0.00843	0.00523	0.00522	0.01069	0.01490	0.05578	0.58419	0.09989	0.14246	0.01193	0.00653	0.00180	0.00278	0.01046	0.00594	0.00529
18	0.01796	0.01342	0.01460	0.02876	0.01623	0.01498	0.00971	0.37559	0.34081	0.08050	0.01779	0.01688	0.01289	0.00701	0.00558	0.00176	0.00529	0.00557	0.00561	0.00907
19	0.00814	0.00536	0.00601	0.00601	0.00606	0.00536	0.00338	0.00824	0.00819	0.01113	0.01747	0.03563	0.01990	0.77398	0.02723	0.00521	0.00526	0.00794	0.03606	0.00343
20	0.84448	0.01071	0.00814	0.00728	0.01071	0.01242	0.00600	0.01628	0.00943	0.02485	0.00771	0.00900	0.00600	0.00514	0.00343	0.00171	0.00428	0.00300	0.00343	0.00600
21	0.01454	0.01248	0.01280	0.01140	0.01459	0.04015	0.00889	0.05677	0.69063	0.03998	0.02169	0.01998	0.01621	0.00740	0.00561	0.00185	0.00465	0.00611	0.00556	0.00873
22	0.84448	0.01071	0.00814	0.00728	0.01071	0.01242	0.00600	0.01628	0.00943	0.02485	0.00771	0.00900	0.00600	0.00514	0.00343	0.00171	0.00428	0.00300	0.00343	0.00600
23	0.02019	0.06099	0.01618	0.01339	0.01669	0.53235	0.01038	0.14757	0.06574	0.04970	0.01080	0.01157	0.00844	0.00599	0.00508	0.00150	0.00854	0.00404	0.00364	0.00725
24	0.02387	0.00942	0.01271	0.00992	0.01406	0.00830	0.00819	0.02655	0.04501	0.71916	0.02213	0.02042	0.01446	0.00717	0.00564	0.00175	0.00471	0.03054	0.00675	0.00925
25	0.01437	0.01256	0.01266	0.01122	0.01436	0.05289	0.00875	0.09665	0.60211	0.02344	0.04287	0.02129	0.04668	0.00770	0.00565	0.00183	0.00472	0.00632	0.00548	0.00845
26	0.00794	0.00567	0.00765	0.00768	0.00824	0.00622	0.00539	0.00907	0.00859	0.01200	0.01629	0.04585	0.01700	0.35991	0.45012	0.00727	0.01061	0.00705	0.00318	0.00427
27	0.01083	0.01012	0.01692	0.73786	0.07612	0.01244	0.01538	0.02803	0.01143	0.01474	0.00994	0.01468	0.00749	0.00553	0.00553	0.00183	0.00732	0.00492	0.00253	0.00635
28	0.00774	0.00524	0.00613	0.00644	0.00651	0.00516	0.00378	0.00797	0.00866	0.01155	0.02056	0.21824	0.02406	0.61801	0.02317	0.00463	0.00486	0.00988	0.00378	0.00363
29	0.03376	0.01304	0.01382	0.01092	0.01461	0.01434	0.00892	0.55752	0.03952	0.03128	0.01447	0.01502	0.01059	0.00660	0.00513	0.00159	0.00524	0.00502	0.19023	0.00839
30	0.00811	0.00580	0.00733	0.00733	0.00759	0.00626	0.00483	0.00873	0.00852	0.01171	0.01757	0.10593	0.01957	0.50610	0.20461	0.00575	0.04876	0.00813	0.00339	0.00398
31	0.00784	0.00608	0.01950	0.00681	0.00842	0.00524	0.00525	0.01015	0.01469	0.03417	0.53443	0.05675	0.24624	0.01198	0.00651	0.00179	0.00281	0.01039	0.00577	0.00519
32	0.01242	0.01051	0.01271	0.00923	0.01404	0.00857	0.03539	0.08852	0.01300	0.01966	0.01066	0.02766	0.00890	0.00465	0.00440	0.00097	0.00449	0.00383	0.00353	0.70687
33	0.00687	0.00507	0.00619	0.00702	0.00765	0.00465	0.00469	0.00781	0.01072	0.01387	0.03456	0.53195	0.19937	0.12073	0.00974	0.00258	0.00341	0.01381	0.00491	0.00439
34	0.00802	0.00644	0.00731	0.00717	0.00865	0.02691	0.00535	0.01069	0.04897	0.01894	0.41109	0.12831	0.24645	0.01253	0.00654	0.00185	0.00309	0.03094	0.00559	0.00519
35	0.00904	0.00593	0.00691	0.00668	0.00757	0.00569	0.00440	0.01044	0.03877	0.06405	0.14281	0.08689	0.13084	0.43573	0.01804	0.00373	0.00435	0.00914	0.00447	0.00451
36	0.00834	0.00580	0.00719	0.00712	0.00755	0.00613	0.00466	0.02933	0.00888	0.01214	0.01695	0.05397	0.01847	0.53429	0.24990	0.00622	0.00812	0.00757	0.00335	0.00403
37	0.00871	0.00604	0.00716	0.00688	0.00817	0.00566	0.00490	0.03720	0.01289	0.05119	0.26240	0.11619	0.22181	0.19375	0.03028	0.00282	0.00387	0.01008	0.00507	0.00493
38	0.01131	0.02388	0.01141	0.03852	0.01184	0.03950	0.03535	0.01351	0.01080	0.01726	0.02838	0.01725	0.01183	0.00909	0.04858	0.00206	0.23996	0.00509	0.39411	0.03029
39	0.18282	0.01070	0.01072	0.06989	0.04168	0.06567	0.00760	0.14040	0.01369	0.02184	0.01320	0.04608	0.01106	0.04516	0.00567	0.00170	0.00489	0.00492	0.21495	0.08735

[dist]
# distance from previous block
# <min> <max>
5	10

[block]
# block no. 5 follows, 43 sequences, length 16
# corresponding to MSA columns:
# 164-179
name=unknown_F
#
# <colnr> <probs for GDERKNQSTAVLIFYWHMCP>
#	G	D	E	R	K	N	Q	S	T	A	V	L	I	F	Y	W	H	M	C	P
0	0.00740	0.00517	0.00659	0.00738	0.00816	0.00471	0.00509	0.00861	0.01153	0.03973	0.09703	0.58970	0.15649	0.01596	0.00689	0.00213	0.00314	0.01427	0.00528	0.00475
1	0.01252	0.01740	0.20203	0.05493	0.05167	0.01381	0.41215	0.01820	0.07501	0.01771	0.01152	0.01443	0.00869	0.00542	0.00684	0.00187	0.05957	0.00571	0.00289	0.00764
2	0.01646	0.37734	0.18108	0.01219	0.05431	0.01584	0.01180	0.01985	0.03768	0.20594	0.01236	0.01262	0.00916	0.00548	0.00459	0.00148	0.00608	0.00406	0.00362	0.00806
3	0.01338	0.03204	0.01757	0.02317	0.44396	0.01148	0.01276	0.04544	0.07067	0.06876	0.09766	0.02234	0.07679	0.00711	0.00573	0.00172	0.00547	0.03205	0.00397	0.00795
4	0.00811	0.00585	0.00721	0.00725	0.00878	0.00531	0.00566	0.01019	0.01382	0.04343	0.32508	0.09308	0.28675	0.01316	0.00674	0.00196	0.00324	0.14370	0.00556	0.00512
5	0.01953	0.01464	0.01598	0.01303	0.03948	0.01619	0.01033	0.63068	0.09282	0.03240	0.01481	0.04840	0.01128	0.00714	0.00561	0.00171	0.00583	0.00557	0.00545	0.00912
6	0.02010	0.01421	0.01555	0.01219	0.01628	0.01551	0.01002	0.63800	0.02406	0.08211	0.01536	0.05774	0.01196	0.00754	0.00570	0.00173	0.00581	0.03153	0.00559	0.00900
7	0.00663	0.00560	0.00564	0.00564	0.00740	0.00472	0.00416	0.00795	0.01236	0.01471	0.05384	0.05230	0.72469	0.06042	0.00781	0.00208	0.00296	0.01148	0.00504	0.00460
8	0.84448	0.01071	0.00814	0.00728	0.01071	0.01242	0.00600	0.01628	0.00943	0.02485	0.00771	0.00900	0.00600	0.00514	0.00343	0.00171	0.00428	0.00300	0.00343	0.00600
9	0.05850	0.00952	0.01289	0.01068	0.04593	0.00844	0.00833	0.02558	0.01544	0.68677	0.04460	0.01893	0.01441	0.00684	0.00551	0.00171	0.00471	0.00558	0.00651	0.00912
10	0.01250	0.00994	0.01325	0.16749	0.01779	0.01154	0.02891	0.19141	0.03890	0.01943	0.01398	0.05121	0.01228	0.07926	0.16297	0.00352	0.08705	0.00595	0.06615	0.00644
11	0.01071	0.00673	0.00793	0.00739	0.00947	0.00614	0.00565	0.01350	0.07093	0.15163	0.16072	0.11196	0.34258	0.03564	0.00703	0.00198	0.00343	0.03511	0.00559	0.00588
12	0.01542	0.01184	0.01286	0.01112	0.01443	0.01329	0.00878	0.14649	0.52288	0.08718	0.02167	0.02035	0.03846	0.00896	0.03866	0.00213	0.00509	0.00615	0.00559	0.00864
13	0.01177	0.01127	0.04670	0.21611	0.08322	0.03801	0.02390	0.07014	0.01179	0.01640	0.01162	0.02964	0.01020	0.07349	0.09211	0.00279	0.11628	0.00525	0.03821	0.09109
14	0.01544	0.05051	0.01873	0.01931	0.23345	0.12672	0.07055	0.08422	0.17760	0.04340	0.03620	0.01542	0.01163	0.00634	0.00643	0.00173	0.06526	0.00524	0.00383	0.00802
15	0.00849	0.00493	0.00688	0.00724	0.00745	0.00482	0.00483	0.00754	0.00854	0.01133	0.01841	0.24304	0.05235	0.07991	0.04055	0.47392	0.00462	0.00851	0.00340	0.00325

[dist]
# distance from previous block
# <min> <max>
0	1

[block]
# block no. 6 follows, 43 sequences, length 51
# corresponding to MSA columns:
# 181-215,217-232
name=unknown_G
#
# <colnr> <probs for GDERKNQSTAVLIFYWHMCP>
#	G	D	E	R	K	N	Q	S	T	A	V	L	I	F	Y	W	H	M	C	P
0	0.04716	0.11906	0.21642	0.03398	0.01891	0.04164	0.11613	0.05870	0.04285	0.06138	0.01328	0.07883	0.01135	0.00654	0.00529	0.00165	0.00657	0.02544	0.00345	0.09137
1	0.07425	0.13740	0.52471	0.01595	0.09447	0.01417	0.01726	0.01746	0.02475	0.01759	0.00972	0.01144	0.00730	0.00519	0.00491	0.00166	0.00734	0.00397	0.00252	0.00793
2	0.01060	0.00542	0.00545	0.00535	0.00672	0.00547	0.00404	0.03160	0.01198	0.02101	0.01795	0.02046	0.01407	0.00646	0.00391	0.00130	0.00267	0.00516	0.81511	0.00527
3	0.01437	0.01219	0.01286	0.01139	0.01463	0.01405	0.00891	0.08881	0.70045	0.02413	0.02178	0.02006	0.01629	0.00744	0.00563	0.00186	0.00452	0.00616	0.00563	0.00882
4	0.01212	0.01212	0.01696	0.01454	0.01454	0.01696	0.01212	0.01333	0.00848	0.01333	0.00727	0.01212	0.00727	0.00969	0.01818	0.00242	0.79523	0.00485	0.00242	0.00606
5	0.00850	0.00584	0.00759	0.00712	0.00858	0.00535	0.00542	0.01103	0.01543	0.05225	0.67721	0.04176	0.08592	0.01141	0.00653	0.00177	0.00279	0.03409	0.00605	0.00536
6	0.00681	0.00498	0.00640	0.00739	0.00798	0.00458	0.00503	0.00795	0.01124	0.01486	0.08992	0.64979	0.12977	0.01647	0.00696	0.00216	0.00312	0.01480	0.00521	0.00458
7	0.00833	0.00574	0.00747	0.00718	0.00852	0.00527	0.00538	0.01071	0.01498	0.04864	0.61732	0.11515	0.07997	0.01197	0.00658	0.00182	0.00283	0.03088	0.00596	0.00528
8	0.01467	0.61508	0.13554	0.01114	0.01625	0.07773	0.03227	0.01717	0.01170	0.01385	0.00819	0.00954	0.00713	0.00488	0.00399	0.00130	0.00665	0.00327	0.00241	0.00722
9	0.01258	0.19515	0.25657	0.01543	0.03932	0.01477	0.18058	0.01652	0.01163	0.01630	0.00950	0.01186	0.00757	0.00522	0.00612	0.00158	0.07415	0.00437	0.00259	0.11819
10	0.01438	0.01186	0.01435	0.10112	0.01697	0.04554	0.04657	0.30117	0.01676	0.02225	0.03731	0.13217	0.03593	0.08575	0.00935	0.00221	0.08788	0.00717	0.00435	0.00692
11	0.01319	0.00859	0.01044	0.00986	0.01207	0.00889	0.00814	0.15231	0.07013	0.09898	0.04885	0.03947	0.02303	0.07629	0.00824	0.00235	0.00493	0.32566	0.07210	0.00649
12	0.01297	0.01100	0.01461	0.03316	0.01596	0.00988	0.09639	0.15496	0.01435	0.02070	0.01288	0.09694	0.01148	0.00612	0.00503	0.00129	0.00511	0.00538	0.00383	0.46797
13	0.00748	0.00537	0.00698	0.00731	0.00816	0.00502	0.00522	0.00925	0.01298	0.01786	0.38135	0.32206	0.05906	0.07721	0.00852	0.00226	0.00319	0.05049	0.00545	0.00479
14	0.01632	0.01718	0.03758	0.01944	0.24159	0.22708	0.03017	0.09672	0.21848	0.01991	0.01350	0.01450	0.01054	0.00603	0.00541	0.00166	0.00699	0.00494	0.00384	0.00814
15	0.08889	0.08541	0.33384	0.04104	0.09461	0.01182	0.01372	0.01556	0.01168	0.01780	0.04363	0.03412	0.05525	0.00608	0.00498	0.00158	0.00619	0.00487	0.00301	0.12592
16	0.01495	0.37049	0.25501	0.01214	0.03264	0.04742	0.01274	0.03763	0.01272	0.10593	0.04283	0.01258	0.00989	0.00553	0.00460	0.00148	0.00652	0.00404	0.00316	0.00770
17	0.00682	0.00498	0.00642	0.00747	0.00804	0.00459	0.00510	0.00795	0.01114	0.01468	0.07029	0.66106	0.12443	0.01662	0.00699	0.00218	0.00317	0.02830	0.00519	0.00457
18	0.00696	0.00531	0.00641	0.00681	0.00791	0.00475	0.00485	0.00851	0.01261	0.01652	0.23163	0.35136	0.28704	0.01466	0.00675	0.00199	0.00292	0.01288	0.00539	0.00475
19	0.01490	0.61465	0.10591	0.01154	0.03480	0.09133	0.02943	0.01724	0.01179	0.01379	0.00817	0.00955	0.00717	0.00489	0.00399	0.00130	0.00664	0.00327	0.00243	0.00721
20	0.02356	0.00940	0.01253	0.00969	0.01382	0.00823	0.00797	0.05094	0.01600	0.70099	0.02372	0.02083	0.06126	0.00730	0.00563	0.00172	0.00464	0.00594	0.00670	0.00912
21	0.00704	0.00562	0.00621	0.00607	0.00767	0.00489	0.00450	0.00876	0.01339	0.01710	0.28388	0.04863	0.50144	0.05125	0.00758	0.00200	0.00287	0.01097	0.00536	0.00479
22	0.00817	0.00564	0.00741	0.00765	0.00880	0.00524	0.00575	0.01021	0.01363	0.04401	0.38542	0.26407	0.08605	0.01362	0.00681	0.00201	0.00321	0.11156	0.00565	0.00511
23	0.07626	0.01028	0.01312	0.01070	0.03551	0.00967	0.00849	0.08765	0.06251	0.59570	0.01994	0.01771	0.01291	0.00671	0.00543	0.00172	0.00483	0.00538	0.00633	0.00914
24	0.01343	0.01371	0.04127	0.13857	0.58392	0.04392	0.05093	0.01685	0.01252	0.01733	0.01029	0.01371	0.00845	0.00505	0.00551	0.00168	0.00700	0.00493	0.00270	0.00823
25	0.01355	0.01318	0.02305	0.05834	0.69063	0.01319	0.07221	0.01696	0.01259	0.01794	0.01046	0.01384	0.00870	0.00493	0.00556	0.00167	0.00681	0.00505	0.00274	0.00859
26	0.01216	0.01069	0.01387	0.01027	0.01460	0.00940	0.06988	0.05739	0.02916	0.01847	0.01049	0.01300	0.00882	0.03263	0.00645	0.00128	0.07177	0.00402	0.00336	0.60228
27	0.00731	0.00536	0.00620	0.00653	0.00755	0.00489	0.00456	0.00862	0.01166	0.01536	0.13264	0.24898	0.28826	0.14618	0.01017	0.00252	0.00337	0.03193	0.05339	0.00452
28	0.00749	0.00560	0.00695	0.00671	0.00808	0.00506	0.00499	0.00973	0.01470	0.02013	0.56638	0.08716	0.21209	0.01227	0.00657	0.00180	0.00269	0.01072	0.00583	0.00506
29	0.00888	0.02976	0.01078	0.06287	0.01265	0.00741	0.06766	0.05576	0.01194	0.01608	0.04573	0.55172	0.02897	0.01384	0.00687	0.00209	0.02160	0.01253	0.02757	0.00531
30	0.21967	0.02639	0.01337	0.01140	0.03216	0.06169	0.05708	0.14845	0.12871	0.02236	0.06055	0.01676	0.01301	0.03756	0.10336	0.00275	0.02844	0.00520	0.00411	0.00698
31	0.03673	0.13711	0.03372	0.03078	0.06981	0.17261	0.01096	0.30090	0.08704	0.02321	0.01166	0.01253	0.00901	0.00615	0.00552	0.00159	0.03413	0.00444	0.00404	0.00806
32	0.00962	0.00481	0.00722	0.00722	0.00722	0.00481	0.00481	0.00722	0.00722	0.00962	0.00962	0.01684	0.00962	0.01924	0.02165	0.83886	0.00481	0.00481	0.00241	0.00241
33	0.00758	0.00541	0.00669	0.00676	0.00765	0.00505	0.00470	0.00920	0.01267	0.01744	0.37258	0.20077	0.11271	0.17328	0.01096	0.00258	0.00331	0.01087	0.02515	0.00464
34	0.01188	0.02318	0.51451	0.02114	0.23623	0.01285	0.04890	0.01726	0.01203	0.01768	0.01057	0.01355	0.00814	0.00537	0.00543	0.00175	0.00771	0.02105	0.00253	0.00825
35	0.01041	0.00625	0.00799	0.00782	0.00910	0.00596	0.00563	0.04313	0.01282	0.11843	0.20129	0.30879	0.03236	0.13328	0.03043	0.00266	0.00406	0.02880	0.02536	0.00541
36	0.00748	0.00548	0.00691	0.00727	0.00828	0.00509	0.00533	0.00920	0.01277	0.01712	0.29209	0.25633	0.16071	0.08063	0.00864	0.00231	0.00335	0.10092	0.00532	0.00476
37	0.04425	0.00972	0.01286	0.00992	0.01416	0.00868	0.00818	0.05086	0.03467	0.71319	0.02124	0.01847	0.01346	0.00682	0.00552	0.00172	0.00474	0.00551	0.00670	0.00933
38	0.13937	0.07690	0.55386	0.01408	0.02106	0.01325	0.04125	0.01767	0.01153	0.04869	0.00997	0.01149	0.00718	0.00525	0.00492	0.00171	0.00734	0.00399	0.00270	0.00780
39	0.01362	0.03921	0.02199	0.06901	0.62550	0.01323	0.04768	0.03696	0.01284	0.01828	0.01072	0.01392	0.00887	0.00505	0.00540	0.00164	0.00654	0.00495	0.03618	0.00840
40	0.04202	0.01961	0.01632	0.08002	0.09786	0.37968	0.01146	0.20359	0.06146	0.02030	0.01085	0.01220	0.00844	0.00594	0.00522	0.00158	0.00795	0.00432	0.00366	0.00752
41	0.00686	0.00575	0.00599	0.00597	0.00775	0.00495	0.00446	0.00872	0.03208	0.01581	0.12006	0.08134	0.65364	0.01374	0.00654	0.00187	0.00284	0.01156	0.00524	0.00482
42	0.07359	0.04388	0.01301	0.21723	0.01848	0.04191	0.03500	0.06922	0.01220	0.01845	0.01322	0.05839	0.01112	0.00691	0.00623	0.00169	0.08975	0.00536	0.25828	0.00608
43	0.01597	0.01487	0.01351	0.01183	0.01508	0.15270	0.00923	0.15180	0.46838	0.02311	0.01984	0.01884	0.04544	0.00731	0.00554	0.00176	0.00562	0.00578	0.00510	0.00828
44	0.01177	0.12541	0.62431	0.01640	0.08065	0.01402	0.01881	0.01738	0.01171	0.01702	0.00969	0.01150	0.00716	0.00517	0.00506	0.00167	0.00778	0.00402	0.00237	0.00810
45	0.00696	0.00558	0.00600	0.00620	0.00766	0.00489	0.00456	0.00824	0.01188	0.01448	0.04689	0.10809	0.55421	0.11840	0.00952	0.00241	0.00336	0.07123	0.00490	0.00452
46	0.01148	0.00984	0.01148	0.00820	0.01312	0.00738	0.00656	0.01395	0.01148	0.01805	0.00984	0.01148	0.00820	0.00410	0.00410	0.00082	0.00410	0.00328	0.00328	0.83922
47	0.13772	0.04139	0.01473	0.01112	0.01513	0.01545	0.00920	0.54817	0.02177	0.03105	0.01440	0.01465	0.04159	0.00667	0.00512	0.00164	0.00549	0.00493	0.05139	0.00841
48	0.01048	0.00653	0.00731	0.00701	0.00818	0.02524	0.00525	0.04723	0.01113	0.01773	0.01579	0.02066	0.01347	0.06921	0.15250	0.08381	0.03215	0.00541	0.45589	0.00500
49	0.01732	0.05367	0.02934	0.01209	0.01554	0.12346	0.00986	0.30410	0.21288	0.03925	0.01526	0.04114	0.01192	0.00716	0.00612	0.00172	0.05197	0.00537	0.03367	0.00818
50	0.01705	0.03215	0.01957	0.01456	0.01884	0.01451	0.19940	0.39815	0.04989	0.05256	0.01458	0.07281	0.01180	0.02679	0.00639	0.00183	0.00652	0.00623	0.00467	0.03170

[dist]
# distance from previous block
# <min> <max>
0	1

[block]
# block no. 7 follows, 43 sequences, length 9
# corresponding to MSA columns:
# 234-242
name=unknown_H
#
# <colnr> <probs for GDERKNQSTAVLIFYWHMCP>
#	G	D	E	R	K	N	Q	S	T	A	V	L	I	F	Y	W	H	M	C	P
0	0.01005	0.08765	0.01303	0.01032	0.01128	0.01139	0.00835	0.01159	0.00903	0.01313	0.01211	0.01881	0.01172	0.10263	0.35461	0.00540	0.26113	0.00547	0.03694	0.00536
1	0.01233	0.00793	0.01066	0.09856	0.01419	0.00741	0.03033	0.04116	0.01410	0.17528	0.19858	0.07089	0.19459	0.00956	0.00597	0.00171	0.00416	0.00822	0.00516	0.08920
2	0.01209	0.01043	0.01231	0.00920	0.01351	0.00912	0.00741	0.04699	0.05307	0.01860	0.01044	0.01213	0.00864	0.00496	0.00565	0.00107	0.08288	0.00368	0.00342	0.67441
3	0.01528	0.03947	0.01421	0.01276	0.05226	0.10355	0.00957	0.12790	0.46507	0.02266	0.01898	0.04092	0.01502	0.00749	0.00558	0.00179	0.00542	0.02876	0.00502	0.00830
4	0.00773	0.00530	0.00691	0.00766	0.00848	0.00489	0.00544	0.00913	0.01191	0.04427	0.14559	0.53879	0.10316	0.01559	0.00692	0.00214	0.00327	0.06261	0.00535	0.00485
5	0.01136	0.00930	0.01087	0.01105	0.05778	0.00990	0.00824	0.07396	0.28930	0.02064	0.09176	0.03683	0.16958	0.01057	0.00631	0.00198	0.00434	0.16403	0.00528	0.00693
6	0.00841	0.00554	0.00721	0.00744	0.00847	0.00515	0.00539	0.01021	0.01299	0.05694	0.32659	0.33336	0.05846	0.05253	0.00773	0.00215	0.00323	0.05161	0.03153	0.00505
7	0.09873	0.22172	0.43478	0.01407	0.02063	0.01521	0.08882	0.01719	0.01148	0.01718	0.00927	0.01103	0.00707	0.00506	0.00477	0.00162	0.00733	0.00394	0.00251	0.00762
8	0.63258	0.06166	0.12975	0.03852	0.01403	0.01306	0.00882	0.01641	0.00995	0.02259	0.00814	0.00963	0.00628	0.00515	0.00380	0.00169	0.00511	0.00324	0.00316	0.00641

[dist]
# distance from previous block
# <min> <max>
0	4

[block]
# block no. 8 follows, 43 sequences, length 26
# corresponding to MSA columns:
# 248-273
name=unknown_I
#
# <colnr> <probs for GDERKNQSTAVLIFYWHMCP>
#	G	D	E	R	K	N	Q	S	T	A	V	L	I	F	Y	W	H	M	C	P
0	0.03332	0.04202	0.03801	0.00953	0.01196	0.04648	0.00792	0.03558	0.14422	0.08568	0.26949	0.06798	0.03034	0.01024	0.00618	0.00190	0.00442	0.14290	0.00533	0.00652
1	0.01421	0.03357	0.05339	0.01033	0.01353	0.01138	0.00859	0.30523	0.01726	0.04682	0.06087	0.18212	0.05464	0.04070	0.00707	0.00188	0.03223	0.00770	0.00482	0.09366
2	0.00778	0.00592	0.00719	0.00688	0.00837	0.00548	0.00515	0.01068	0.05010	0.02029	0.54188	0.06760	0.21817	0.01197	0.00651	0.00179	0.00276	0.01041	0.00582	0.00524
3	0.01334	0.10017	0.08237	0.09072	0.52543	0.01406	0.04132	0.01711	0.03147	0.01730	0.01038	0.01333	0.00854	0.00505	0.00530	0.00163	0.00674	0.00474	0.00272	0.00829
4	0.00816	0.00576	0.00731	0.00725	0.00862	0.00529	0.00552	0.01032	0.01413	0.04253	0.44300	0.12053	0.17150	0.03081	0.00718	0.00199	0.00313	0.09616	0.00568	0.00513
5	0.03670	0.00719	0.00922	0.00809	0.01035	0.00667	0.00633	0.04341	0.01550	0.22858	0.43336	0.07749	0.05359	0.01026	0.00620	0.00178	0.00348	0.02918	0.00610	0.00650
6	0.01373	0.45654	0.31935	0.01223	0.01819	0.06547	0.01383	0.01730	0.01170	0.01482	0.00862	0.01005	0.00707	0.00500	0.00431	0.00142	0.00706	0.00344	0.00239	0.00748
7	0.01263	0.01030	0.01236	0.00953	0.01352	0.02995	0.05172	0.09867	0.03318	0.05866	0.06521	0.04787	0.11209	0.00692	0.00513	0.00132	0.00455	0.00584	0.00423	0.41634
8	0.01411	0.04754	0.05115	0.09583	0.22718	0.16432	0.08885	0.05619	0.03321	0.01763	0.06092	0.01945	0.03434	0.00669	0.00567	0.00171	0.00711	0.05747	0.00338	0.00725
9	0.01347	0.01001	0.01127	0.00986	0.01238	0.01079	0.00763	0.21685	0.19982	0.05556	0.15039	0.14126	0.06208	0.04876	0.00736	0.00203	0.01952	0.00829	0.00547	0.00720
10	0.01016	0.00955	0.01604	0.64686	0.03367	0.01142	0.04988	0.01364	0.01139	0.01451	0.01503	0.02049	0.07796	0.00672	0.00578	0.00188	0.00696	0.03921	0.00284	0.00603
11	0.03022	0.04466	0.62590	0.01613	0.04891	0.01285	0.05999	0.01808	0.01201	0.06545	0.01068	0.01227	0.00756	0.00530	0.00528	0.00174	0.00784	0.00430	0.00269	0.00817
12	0.01737	0.04752	0.01689	0.01784	0.19474	0.39670	0.01161	0.07509	0.03306	0.01704	0.01084	0.01352	0.00907	0.00603	0.00553	0.00155	0.03316	0.02299	0.06228	0.00715
13	0.01014	0.00518	0.00518	0.00518	0.00650	0.00514	0.00389	0.01266	0.01166	0.02037	0.01993	0.02224	0.05108	0.00682	0.00400	0.00132	0.00259	0.00548	0.79548	0.00514
14	0.00695	0.00494	0.00656	0.00778	0.00815	0.00466	0.00529	0.00796	0.01061	0.01412	0.02981	0.71883	0.03553	0.05575	0.00814	0.00242	0.00343	0.05954	0.00505	0.00448
15	0.05086	0.05367	0.20889	0.06675	0.18893	0.02838	0.03467	0.04478	0.01355	0.21117	0.03648	0.01495	0.01063	0.00581	0.00533	0.00169	0.00644	0.00488	0.00389	0.00825
16	0.81729	0.03687	0.00882	0.00736	0.01083	0.01274	0.00611	0.01629	0.00949	0.02446	0.00771	0.00899	0.00603	0.00513	0.00343	0.00170	0.00434	0.00300	0.00339	0.00603
17	0.00833	0.00635	0.00917	0.00898	0.00981	0.00752	0.00692	0.01008	0.00887	0.01292	0.01457	0.02229	0.01391	0.10802	0.63169	0.00785	0.07521	0.00602	0.02661	0.00489
18	0.01474	0.01281	0.04983	0.01143	0.01490	0.02956	0.00932	0.02849	0.64458	0.08719	0.02157	0.01984	0.01594	0.00731	0.00560	0.00185	0.00472	0.00604	0.00552	0.00874
19	0.00816	0.00536	0.00600	0.00600	0.00606	0.00536	0.00338	0.00828	0.00822	0.01121	0.01748	0.03550	0.01985	0.76751	0.02704	0.00518	0.00524	0.00792	0.04281	0.00344
20	0.00705	0.00521	0.00659	0.00713	0.00801	0.00475	0.00501	0.00859	0.01250	0.01675	0.26094	0.44265	0.16458	0.01494	0.00682	0.00203	0.00296	0.01331	0.00543	0.00475
21	0.00675	0.00482	0.00643	0.00771	0.00803	0.00450	0.00514	0.00771	0.01060	0.01414	0.03053	0.80175	0.03663	0.01735	0.00707	0.00225	0.00321	0.01574	0.00514	0.00450
22	0.31182	0.08143	0.38490	0.03200	0.01833	0.01344	0.01370	0.01750	0.04731	0.02001	0.00957	0.01102	0.00715	0.00529	0.00449	0.00170	0.00640	0.00374	0.00290	0.00729
23	0.01793	0.01337	0.01471	0.01120	0.01563	0.01371	0.00915	0.49740	0.02109	0.04843	0.01313	0.04016	0.01012	0.00630	0.00518	0.00144	0.00539	0.00489	0.00492	0.24585
24	0.01560	0.01307	0.09429	0.01149	0.02906	0.01184	0.00977	0.23137	0.17316	0.12010	0.03191	0.11924	0.03980	0.00820	0.00568	0.00175	0.00511	0.00681	0.00512	0.06663
25	0.01412	0.15489	0.12548	0.03752	0.01757	0.16452	0.06830	0.01664	0.01183	0.03971	0.01151	0.02791	0.03914	0.00757	0.02402	0.00188	0.18851	0.00476	0.00287	0.04124

[dist]
# distance from previous block
# <min> <max>
0	1

[block]
# block no. 9 follows, 43 sequences, length 12
# corresponding to MSA columns:
# 275-286
name=unknown_J
#
# <colnr> <probs for GDERKNQSTAVLIFYWHMCP>
#	G	D	E	R	K	N	Q	S	T	A	V	L	I	F	Y	W	H	M	C	P
0	0.01144	0.01074	0.03877	0.02135	0.36325	0.01035	0.03669	0.01558	0.08659	0.01799	0.06405	0.13885	0.02013	0.00914	0.00619	0.00193	0.00552	0.13023	0.00397	0.00725
1	0.00791	0.00593	0.00890	0.00890	0.00989	0.00692	0.00692	0.00989	0.00890	0.01286	0.01483	0.02176	0.01385	0.04154	0.78341	0.00890	0.01483	0.00593	0.00297	0.00494
2	0.01295	0.01401	0.07458	0.16017	0.45783	0.03701	0.07979	0.01697	0.03857	0.01730	0.01190	0.01500	0.02823	0.00539	0.00559	0.00171	0.00700	0.00519	0.00284	0.00799
3	0.00840	0.00587	0.00680	0.00673	0.00709	0.00606	0.00416	0.00979	0.06159	0.01230	0.04407	0.05941	0.02104	0.63206	0.08785	0.00519	0.00592	0.00807	0.00364	0.00397
4	0.56006	0.01234	0.06306	0.04451	0.11172	0.01245	0.06274	0.01631	0.01043	0.02227	0.00928	0.01226	0.00753	0.00545	0.00427	0.00175	0.00536	0.02839	0.00324	0.00658
5	0.09521	0.33420	0.18586	0.01110	0.01588	0.09649	0.01129	0.07534	0.01275	0.01746	0.00967	0.01121	0.00787	0.00654	0.03140	0.00170	0.00678	0.00369	0.05842	0.00714
6	0.01348	0.01287	0.01911	0.35662	0.23032	0.06746	0.07018	0.10454	0.01382	0.01802	0.01103	0.01545	0.00882	0.00576	0.00563	0.00176	0.00727	0.02749	0.00304	0.00734
7	0.00704	0.00500	0.00642	0.00744	0.00781	0.00472	0.00495	0.00792	0.01034	0.01370	0.02936	0.61646	0.06367	0.14777	0.01057	0.00276	0.00362	0.04125	0.00484	0.00434
8	0.01246	0.01250	0.02350	0.09441	0.10499	0.01242	0.36736	0.03831	0.01223	0.01699	0.01108	0.03785	0.00920	0.00656	0.00798	0.06084	0.06634	0.00584	0.00291	0.09623
9	0.06258	0.01328	0.04570	0.01160	0.01578	0.01314	0.03171	0.40811	0.01972	0.12165	0.01540	0.06701	0.01237	0.00732	0.00550	0.00167	0.00556	0.04085	0.00509	0.09595
10	0.00686	0.00490	0.00656	0.00784	0.00822	0.00460	0.00534	0.00791	0.01072	0.01427	0.03046	0.76249	0.03638	0.01724	0.00710	0.00227	0.00331	0.05386	0.00514	0.00453
11	0.00675	0.00482	0.00643	0.00771	0.00803	0.00450	0.00514	0.00771	0.01060	0.01414	0.03053	0.80175	0.03663	0.01735	0.00707	0.00225	0.00321	0.01574	0.00514	0.00450

[dist]
# distance from previous block
# <min> <max>
0	1

[block]
# block no. 10 follows, 43 sequences, length 11
# corresponding to MSA columns:
# 288-298
name=unknown_K
#
