[name]
unknown

[dist]
# distance from previous block
# <min> <max>
0	57

[block]
# block no. 0 follows, 45 sequences, length 23
# corresponding to MSA columns:
# 57-79
name=unknown_A
#
# <colnr> <probs for GDERKNQSTAVLIFYWHMCP>
#	G	D	E	R	K	N	Q	S	T	A	V	L	I	F	Y	W	H	M	C	P
0	0.00982	0.00830	0.00845	0.00836	0.00991	0.09321	0.00616	0.04385	0.01244	0.03588	0.09906	0.35357	0.10266	0.04330	0.00701	0.00199	0.00422	0.07029	0.00466	0.07687
1	0.01286	0.38193	0.28511	0.01140	0.01654	0.06261	0.01243	0.01604	0.01137	0.03607	0.01112	0.09913	0.01024	0.00625	0.00454	0.00148	0.00641	0.00474	0.00274	0.00699
2	0.01186	0.01018	0.05635	0.03256	0.04811	0.03399	0.00810	0.01566	0.09650	0.09562	0.07266	0.15045	0.03126	0.00800	0.00529	0.00151	0.00445	0.03159	0.00427	0.28159
3	0.24313	0.01341	0.09532	0.07868	0.04579	0.03282	0.01005	0.15434	0.11983	0.11855	0.02983	0.01392	0.01019	0.00596	0.00480	0.00168	0.00540	0.00452	0.00424	0.00755
4	0.08182	0.09943	0.01346	0.03686	0.05217	0.01119	0.02776	0.04954	0.19635	0.13605	0.05997	0.02473	0.13030	0.00798	0.00535	0.00172	0.00458	0.04891	0.00471	0.00713
5	0.00755	0.00510	0.00593	0.00619	0.00625	0.00503	0.00361	0.00774	0.00831	0.01108	0.01951	0.19327	0.02279	0.64874	0.02313	0.00459	0.00478	0.00933	0.00361	0.00348
6	0.01148	0.04884	0.48017	0.06866	0.09032	0.01299	0.17845	0.01675	0.01165	0.01673	0.00986	0.01228	0.00726	0.00495	0.00535	0.00170	0.00792	0.00456	0.00241	0.00767
7	0.01375	0.04804	0.10034	0.10125	0.02998	0.05796	0.01110	0.06041	0.29373	0.06755	0.04407	0.01641	0.01270	0.00690	0.00691	0.00179	0.11023	0.00523	0.00410	0.00754
8	0.00674	0.00522	0.00608	0.00635	0.00753	0.00463	0.00454	0.00819	0.01217	0.01571	0.20982	0.26937	0.36511	0.04469	0.00730	0.00202	0.00289	0.01197	0.00513	0.00455
9	0.01389	0.01218	0.06658	0.01319	0.09907	0.05202	0.02502	0.14233	0.10352	0.09827	0.10878	0.04331	0.08946	0.00886	0.02276	0.00190	0.05600	0.03107	0.00456	0.00723
10	0.01258	0.00950	0.01128	0.00813	0.01283	0.00724	0.00653	0.01493	0.01160	0.10281	0.01084	0.01193	0.00855	0.00427	0.00413	0.00089	0.00404	0.00343	0.00357	0.75092
11	0.14966	0.01315	0.01370	0.01088	0.01455	0.01460	0.00884	0.55444	0.02075	0.02970	0.01280	0.03635	0.01011	0.05719	0.02765	0.00205	0.00574	0.00503	0.00484	0.00799
12	0.01075	0.01026	0.04214	0.68407	0.03441	0.01170	0.05227	0.01438	0.01102	0.03975	0.01022	0.01451	0.00759	0.00538	0.00536	0.00177	0.00706	0.00485	0.02634	0.00617
13	0.00815	0.00597	0.00789	0.13132	0.01132	0.00649	0.00561	0.00900	0.00839	0.01124	0.01537	0.02975	0.01666	0.56904	0.13776	0.00518	0.00688	0.00702	0.00306	0.00391
14	0.00696	0.00554	0.00627	0.00629	0.00777	0.00495	0.00464	0.00905	0.03795	0.01663	0.25279	0.15966	0.43605	0.01312	0.00639	0.00183	0.00278	0.01128	0.00526	0.00479
15	0.01574	0.01155	0.01263	0.01048	0.01372	0.01267	0.00838	0.32122	0.26928	0.06905	0.13680	0.02020	0.01855	0.00744	0.00547	0.00168	0.00458	0.00605	0.04644	0.00808
16	0.00766	0.00514	0.00590	0.00604	0.00607	0.00511	0.00345	0.00777	0.00808	0.01078	0.01833	0.12141	0.02130	0.72263	0.02504	0.00487	0.00497	0.00864	0.00345	0.00338
17	0.01541	0.05112	0.10011	0.01160	0.01556	0.01415	0.01021	0.24614	0.35141	0.05499	0.03266	0.01704	0.02497	0.00685	0.00558	0.00171	0.02176	0.00542	0.00492	0.00839
18	0.00735	0.00531	0.00597	0.00610	0.00673	0.00505	0.00395	0.00797	0.00949	0.01212	0.02910	0.08213	0.24261	0.47450	0.03885	0.00400	0.00459	0.04645	0.00393	0.00381
19	0.01126	0.00952	0.01110	0.00804	0.01261	0.00737	0.00642	0.03841	0.01181	0.01825	0.04852	0.01266	0.01016	0.00441	0.00414	0.00087	0.00397	0.00357	0.00339	0.77352
20	0.01704	0.03779	0.01399	0.01227	0.01474	0.54548	0.00936	0.05211	0.01493	0.01509	0.09743	0.01643	0.06872	0.00699	0.00588	0.00151	0.05592	0.00486	0.00336	0.00609
21	0.01287	0.01086	0.01225	0.04533	0.01454	0.03074	0.00751	0.14468	0.01369	0.01999	0.01048	0.02683	0.00862	0.00476	0.00436	0.00103	0.00460	0.00378	0.00355	0.61951
22	0.01297	0.02418	0.01126	0.00974	0.01186	0.06783	0.02252	0.17646	0.07076	0.06385	0.02045	0.25027	0.05187	0.08276	0.00832	0.00212	0.04483	0.00843	0.03685	0.02265

[dist]
# distance from previous block
# <min> <max>
1	19

[block]
# block no. 1 follows, 45 sequences, length 13
# corresponding to MSA columns:
# 101-113
name=unknown_B
#
# <colnr> <probs for GDERKNQSTAVLIFYWHMCP>
#	G	D	E	R	K	N	Q	S	T	A	V	L	I	F	Y	W	H	M	C	P
0	0.02863	0.04602	0.23298	0.05811	0.10603	0.01311	0.14377	0.09755	0.04857	0.01871	0.01091	0.02763	0.00859	0.00560	0.00604	0.00166	0.05737	0.00484	0.00304	0.08087
1	0.01007	0.00893	0.05872	0.02127	0.01172	0.00827	0.03573	0.02869	0.17814	0.03654	0.02099	0.29064	0.02128	0.12138	0.00913	0.00233	0.02618	0.00904	0.05497	0.04599
2	0.00660	0.00487	0.00618	0.00707	0.00772	0.00445	0.00484	0.00775	0.01104	0.01452	0.09921	0.61400	0.16057	0.01577	0.00672	0.00208	0.00300	0.01412	0.00506	0.00445
3	0.01131	0.01041	0.01658	0.61348	0.03255	0.01249	0.05814	0.06337	0.09686	0.01619	0.01122	0.01487	0.00838	0.00560	0.00544	0.00178	0.00686	0.00501	0.00294	0.00653
4	0.00915	0.00589	0.00736	0.00676	0.00848	0.00526	0.00515	0.01136	0.01451	0.10524	0.52008	0.04038	0.21776	0.01111	0.00623	0.00171	0.00281	0.00961	0.00577	0.00540
5	0.02170	0.00958	0.01239	0.00964	0.01349	0.00884	0.00791	0.13024	0.01677	0.58831	0.10466	0.01995	0.01688	0.00710	0.00550	0.00166	0.00453	0.00580	0.00638	0.00868
6	0.00804	0.00561	0.00715	0.00669	0.00813	0.00510	0.00504	0.01041	0.01483	0.04847	0.65654	0.04076	0.14072	0.01115	0.00630	0.00170	0.00263	0.00975	0.00582	0.00515
7	0.00743	0.00493	0.00651	0.00745	0.00794	0.00459	0.00501	0.00841	0.01051	0.04811	0.05134	0.70295	0.03402	0.06347	0.00799	0.00232	0.00329	0.01420	0.00498	0.00453
8	0.01435	0.81458	0.02813	0.00918	0.01378	0.02124	0.00918	0.01607	0.01091	0.01263	0.00746	0.00861	0.00689	0.00459	0.00344	0.00115	0.00574	0.00287	0.00230	0.00689
9	0.01995	0.01429	0.01569	0.01217	0.01619	0.01585	0.01003	0.63753	0.05537	0.08765	0.01359	0.01353	0.00964	0.00664	0.00598	0.00166	0.04507	0.00492	0.00532	0.00894
10	0.01133	0.00948	0.01100	0.00822	0.01247	0.00779	0.00654	0.05100	0.06076	0.01907	0.09648	0.01504	0.01335	0.00510	0.00440	0.00100	0.00393	0.00418	0.00374	0.65513
11	0.00961	0.00683	0.00803	0.00775	0.00930	0.00671	0.00576	0.10085	0.02572	0.06014	0.08999	0.29666	0.23983	0.05854	0.00784	0.00212	0.02386	0.03007	0.00504	0.00537
12	0.01133	0.01069	0.04907	0.07698	0.01719	0.00953	0.14180	0.04754	0.03154	0.03903	0.13395	0.06458	0.01669	0.00668	0.00599	0.00149	0.04848	0.00596	0.00374	0.27773

[dist]
# distance from previous block
# <min> <max>
2	10

[block]
# block no. 2 follows, 45 sequences, length 32
# corresponding to MSA columns:
# 124-155
name=unknown_C
#
# <colnr> <probs for GDERKNQSTAVLIFYWHMCP>
#	G	D	E	R	K	N	Q	S	T	A	V	L	I	F	Y	W	H	M	C	P
0	0.01398	0.01142	0.04514	0.02706	0.01458	0.01061	0.02783	0.20681	0.08775	0.07153	0.07196	0.06148	0.02643	0.00675	0.00545	0.00145	0.02606	0.00553	0.00443	0.27376
1	0.01064	0.00865	0.01004	0.00770	0.01152	0.00696	0.00603	0.01351	0.05242	0.03827	0.09074	0.01971	0.08985	0.03979	0.00554	0.00125	0.00379	0.00505	0.00385	0.57470
2	0.02941	0.10071	0.01951	0.23162	0.04351	0.02689	0.17770	0.05946	0.08545	0.05200	0.03004	0.01592	0.03585	0.00589	0.00571	0.00168	0.03140	0.00530	0.01588	0.02606
3	0.00836	0.00621	0.00707	0.00675	0.00838	0.00603	0.00509	0.01227	0.11655	0.01942	0.36120	0.05504	0.23091	0.01064	0.00587	0.00169	0.00282	0.00911	0.12120	0.00537
4	0.08899	0.00923	0.01210	0.00935	0.01344	0.00822	0.00773	0.02534	0.01487	0.72201	0.02010	0.01752	0.01270	0.00651	0.00523	0.00166	0.00453	0.00520	0.00638	0.00887
5	0.02316	0.00892	0.01215	0.00942	0.01339	0.00772	0.00773	0.02522	0.01523	0.74022	0.04267	0.03936	0.01492	0.00703	0.00546	0.00168	0.00447	0.00578	0.00658	0.00890
6	0.00834	0.00605	0.00820	0.00914	0.01034	0.00599	0.00767	0.01096	0.03375	0.01653	0.11277	0.14640	0.05585	0.01438	0.00714	0.00231	0.00437	0.52977	0.00507	0.00497
7	0.00687	0.00484	0.00618	0.00705	0.00741	0.00455	0.00463	0.00764	0.01006	0.01338	0.05937	0.58121	0.06967	0.15538	0.01077	0.02548	0.00348	0.01324	0.00465	0.00415
8	0.00760	0.00549	0.00718	0.00675	0.00802	0.00506	0.00506	0.01013	0.01519	0.02153	0.77503	0.04010	0.05065	0.01097	0.00633	0.00169	0.00253	0.00971	0.00591	0.00506
9	0.01113	0.00954	0.01113	0.00795	0.01272	0.00716	0.00636	0.01352	0.01113	0.01749	0.00954	0.01113	0.00795	0.00398	0.00398	0.00080	0.00398	0.00318	0.00318	0.84417
10	0.01348	0.05555	0.07249	0.04269	0.20146	0.03330	0.05666	0.01647	0.02954	0.14085	0.01860	0.04851	0.11445	0.00681	0.00551	0.00157	0.01956	0.00588	0.00378	0.11283
11	0.35575	0.02995	0.01409	0.03480	0.01494	0.15198	0.07987	0.01670	0.04232	0.01834	0.00864	0.01092	0.00712	0.00666	0.02036	0.00189	0.17259	0.00394	0.00300	0.00616
12	0.01035	0.01071	0.05831	0.64112	0.09703	0.01175	0.03189	0.01395	0.01092	0.01429	0.01045	0.04685	0.00844	0.00576	0.00543	0.00178	0.00701	0.00520	0.00252	0.00625
13	0.01202	0.02401	0.61401	0.01465	0.02118	0.01262	0.01773	0.01721	0.01125	0.08065	0.01025	0.01197	0.00738	0.00582	0.00683	0.00179	0.11605	0.00419	0.00265	0.00775
14	0.01494	0.11048	0.09624	0.14035	0.01921	0.03521	0.01132	0.21747	0.14359	0.05996	0.01434	0.01520	0.03765	0.00647	0.00588	0.00168	0.05342	0.00493	0.00401	0.00767
15	0.01405	0.74851	0.09156	0.00970	0.01457	0.02050	0.01008	0.01615	0.01094	0.01300	0.00764	0.00884	0.00688	0.00464	0.00358	0.00119	0.00592	0.00296	0.00229	0.00698
16	0.00932	0.00466	0.00699	0.00699	0.00699	0.00466	0.00466	0.00699	0.00699	0.00932	0.00932	0.01632	0.00932	0.01865	0.02098	0.84382	0.00466	0.00466	0.00233	0.00233
17	0.00705	0.00579	0.00637	0.00633	0.00802	0.00525	0.00482	0.00934	0.05003	0.01579	0.14919	0.06021	0.54217	0.01479	0.05837	0.00228	0.00364	0.04071	0.00500	0.00483
18	0.00779	0.00528	0.00624	0.00624	0.00637	0.00541	0.00373	0.00805	0.00792	0.01069	0.01656	0.03318	0.01867	0.70462	0.13290	0.00568	0.00647	0.00752	0.00320	0.00347
19	0.01915	0.01396	0.01493	0.01161	0.01554	0.01542	0.00951	0.66688	0.04366	0.03196	0.01357	0.01411	0.00991	0.02434	0.00574	0.00167	0.00559	0.00494	0.06885	0.00867
20	0.01433	0.01202	0.01269	0.01112	0.01433	0.01381	0.00873	0.12977	0.66533	0.02403	0.02061	0.01904	0.01538	0.00717	0.00545	0.00179	0.00448	0.00590	0.00545	0.00858
21	0.01123	0.02118	0.50752	0.11088	0.07845	0.01154	0.03376	0.01621	0.01148	0.05047	0.02741	0.03956	0.00953	0.02750	0.00586	0.00180	0.00719	0.00483	0.00272	0.02089
22	0.13386	0.02707	0.01588	0.01212	0.01610	0.04560	0.11057	0.30298	0.03271	0.18374	0.01417	0.04311	0.01057	0.02039	0.00561	0.00173	0.00582	0.00526	0.00478	0.00796
23	0.84927	0.01038	0.00789	0.00706	0.01038	0.01204	0.00581	0.01578	0.00914	0.02408	0.00747	0.00872	0.00581	0.00498	0.00332	0.00166	0.00415	0.00291	0.00332	0.00581
24	0.01190	0.01222	0.01906	0.01556	0.01650	0.01595	0.14031	0.01365	0.00899	0.01365	0.00770	0.01222	0.00724	0.00856	0.01567	0.00226	0.66507	0.00498	0.00241	0.00611
25	0.00713	0.00486	0.00663	0.02497	0.00828	0.00472	0.00512	0.00765	0.00961	0.01284	0.02490	0.59903	0.02932	0.06825	0.04243	0.11913	0.00402	0.01269	0.00436	0.00406
26	0.01249	0.01460	0.05567	0.02134	0.02619	0.01389	0.64223	0.01667	0.01208	0.01667	0.01035	0.01404	0.00797	0.00514	0.00766	0.00187	0.10534	0.00605	0.00266	0.00710
27	0.00659	0.00471	0.00619	0.00736	0.00769	0.00440	0.00489	0.00749	0.01022	0.01359	0.02964	0.75845	0.05195	0.04956	0.00769	0.00230	0.00319	0.01486	0.00491	0.00432
28	0.00653	0.00471	0.00619	0.00738	0.00776	0.00437	0.00494	0.00748	0.01036	0.01374	0.03068	0.77449	0.06815	0.01668	0.00683	0.00216	0.00310	0.01509	0.00498	0.00437
29	0.00873	0.00554	0.00714	0.00760	0.00842	0.00525	0.00524	0.03669	0.01136	0.07917	0.08411	0.57129	0.03213	0.09986	0.00882	0.00240	0.00352	0.01283	0.00502	0.00487
30	0.03144	0.01661	0.01527	0.01295	0.04183	0.19245	0.01000	0.45768	0.08490	0.03957	0.01269	0.01346	0.00955	0.02999	0.00587	0.00168	0.00657	0.00469	0.00462	0.00817
31	0.01590	0.01042	0.01167	0.00966	0.01245	0.01103	0.00750	0.34270	0.06587	0.12908	0.01807	0.09803	0.03012	0.16287	0.00970	0.00237	0.00498	0.00673	0.04364	0.00720

[dist]
# distance from previous block
# <min> <max>
1	9

[block]
# block no. 3 follows, 45 sequences, length 13
# corresponding to MSA columns:
# 165-177
name=unknown_D
#
# <colnr> <probs for GDERKNQSTAVLIFYWHMCP>
#	G	D	E	R	K	N	Q	S	T	A	V	L	I	F	Y	W	H	M	C	P
0	0.00685	0.00525	0.00610	0.00631	0.00741	0.00475	0.00445	0.00817	0.01162	0.01500	0.17419	0.22466	0.34535	0.11906	0.03422	0.00254	0.00348	0.01132	0.00486	0.00443
1	0.02016	0.01446	0.01695	0.01287	0.01724	0.01563	0.06624	0.63788	0.02340	0.10008	0.01348	0.01349	0.00943	0.00632	0.00544	0.00163	0.00602	0.00500	0.00529	0.00899
2	0.01014	0.00954	0.01610	0.79845	0.03697	0.01193	0.01491	0.01371	0.01073	0.01371	0.00954	0.01431	0.00716	0.00537	0.00537	0.00179	0.00716	0.00477	0.00239	0.00596
3	0.00675	0.00481	0.00639	0.00758	0.00795	0.00453	0.00518	0.00776	0.01033	0.01374	0.02896	0.71977	0.03448	0.05037	0.00776	0.00233	0.00334	0.06870	0.00491	0.00436
4	0.00669	0.00541	0.00586	0.00582	0.00737	0.00467	0.00429	0.00822	0.01259	0.01579	0.20628	0.07707	0.55740	0.04981	0.00732	0.00196	0.00281	0.01097	0.00510	0.00458
5	0.00660	0.00486	0.00618	0.00710	0.00772	0.00444	0.00485	0.00773	0.01098	0.01447	0.09460	0.62761	0.15150	0.01584	0.00673	0.00208	0.00301	0.01419	0.00506	0.00444
6	0.00792	0.00577	0.00670	0.00646	0.00811	0.00516	0.00484	0.01015	0.03759	0.05504	0.31222	0.10684	0.38885	0.01236	0.00631	0.00179	0.00282	0.01060	0.00542	0.00507
7	0.68638	0.01039	0.00983	0.00845	0.01172	0.01170	0.06160	0.04378	0.01011	0.02310	0.00975	0.07488	0.00855	0.00598	0.00391	0.00171	0.00450	0.00425	0.00349	0.00593
8	0.03436	0.19813	0.01865	0.07098	0.05317	0.27419	0.06599	0.01715	0.01249	0.01467	0.00883	0.01081	0.00741	0.00561	0.02100	0.00144	0.00724	0.00368	0.00272	0.17148
9	0.01353	0.06402	0.14486	0.02596	0.01780	0.18126	0.14041	0.08649	0.04222	0.01769	0.07715	0.06539	0.06322	0.00700	0.00546	0.00163	0.00685	0.00599	0.00354	0.02953
10	0.01074	0.00919	0.02915	0.00915	0.01230	0.00796	0.03602	0.02835	0.01099	0.04386	0.01494	0.15767	0.02995	0.06712	0.00781	0.00165	0.08223	0.00627	0.00360	0.43105
11	0.01344	0.04345	0.02836	0.01116	0.03778	0.08015	0.03745	0.16645	0.11479	0.03681	0.03278	0.08460	0.11393	0.00910	0.03095	0.00186	0.03920	0.00652	0.02704	0.08417
12	0.07974	0.02894	0.03524	0.01094	0.01438	0.10255	0.03338	0.19388	0.04087	0.08544	0.06472	0.03345	0.02371	0.00667	0.00612	0.00155	0.07753	0.00500	0.01768	0.13820

[dist]
# distance from previous block
# <min> <max>
8	44

[block]
# block no. 4 follows, 45 sequences, length 22
# corresponding to MSA columns:
# 227-248
name=unknown_E
#
# <colnr> <probs for GDERKNQSTAVLIFYWHMCP>
#	G	D	E	R	K	N	Q	S	T	A	V	L	I	F	Y	W	H	M	C	P
0	0.03006	0.13684	0.21153	0.01386	0.07061	0.11596	0.04498	0.12654	0.02877	0.05896	0.04528	0.05039	0.01117	0.00614	0.00503	0.00156	0.00660	0.00489	0.00346	0.02737
1	0.06364	0.01245	0.05825	0.10104	0.12631	0.07974	0.01042	0.11486	0.01406	0.04789	0.11366	0.03344	0.01528	0.00675	0.00550	0.00158	0.02448	0.03570	0.02068	0.11429
2	0.00877	0.00559	0.00713	0.00737	0.00829	0.00522	0.00508	0.02577	0.01133	0.07956	0.12585	0.46523	0.04396	0.14447	0.00990	0.00252	0.00357	0.01191	0.00493	0.02355
3	0.04145	0.01971	0.39355	0.03057	0.11286	0.01254	0.14483	0.01647	0.01161	0.04035	0.04552	0.01365	0.00947	0.00567	0.00647	0.00176	0.07847	0.00483	0.00274	0.00749
4	0.03341	0.07094	0.14236	0.04600	0.05262	0.07575	0.11288	0.01653	0.01280	0.12600	0.12187	0.04011	0.03079	0.00729	0.00611	0.00173	0.04313	0.04897	0.00384	0.00686
5	0.01554	0.01401	0.06247	0.20891	0.11335	0.07456	0.01221	0.30042	0.01686	0.04283	0.02843	0.01391	0.00931	0.00666	0.00626	0.05174	0.00651	0.00477	0.00378	0.00747
6	0.00747	0.00537	0.00691	0.00769	0.00834	0.00516	0.00530	0.05249	0.01165	0.01566	0.10107	0.68592	0.03541	0.01563	0.00671	0.00210	0.00322	0.01410	0.00510	0.00471
7	0.04219	0.00944	0.01499	0.08461	0.30123	0.00963	0.04652	0.01418	0.03718	0.05153	0.01722	0.18928	0.01721	0.02668	0.03878	0.00221	0.00580	0.08098	0.00369	0.00665
8	0.01173	0.00990	0.01145	0.00824	0.01298	0.00777	0.00661	0.06194	0.01205	0.01855	0.00976	0.01124	0.00803	0.00414	0.00407	0.00085	0.00410	0.00329	0.00332	0.79000
9	0.00654	0.00467	0.00623	0.00747	0.00779	0.00436	0.00498	0.00747	0.01028	0.01370	0.02959	0.80785	0.03550	0.01682	0.00685	0.00218	0.00311	0.01526	0.00498	0.00436
10	0.00698	0.00497	0.00640	0.00702	0.00757	0.00466	0.00475	0.00821	0.01126	0.01529	0.22040	0.48844	0.05436	0.12241	0.00947	0.00245	0.00324	0.01273	0.00499	0.00440
11	0.00745	0.00539	0.00681	0.02412	0.00875	0.00502	0.00538	0.00893	0.01164	0.03408	0.13823	0.34935	0.21604	0.05321	0.02340	0.00231	0.00357	0.08668	0.00497	0.00467
12	0.06044	0.01204	0.11533	0.01037	0.01500	0.00922	0.00953	0.06901	0.01514	0.59897	0.01850	0.01657	0.01182	0.00635	0.00526	0.00166	0.00508	0.00506	0.00583	0.00882
13	0.00679	0.00472	0.00628	0.00735	0.00765	0.00443	0.00488	0.00752	0.01008	0.01347	0.04556	0.70554	0.03353	0.05372	0.00865	0.05341	0.00329	0.01414	0.00476	0.00420
14	0.01631	0.01087	0.01211	0.00997	0.01306	0.01167	0.00802	0.37708	0.07372	0.10769	0.01773	0.05149	0.03798	0.03384	0.05360	0.00216	0.00540	0.02304	0.12665	0.00760
15	0.01108	0.00954	0.01137	0.04558	0.01388	0.00738	0.00677	0.01353	0.01111	0.01731	0.00954	0.01128	0.00791	0.00404	0.00404	0.00084	0.00413	0.00326	0.00314	0.80427
16	0.01240	0.01186	0.01899	0.18871	0.51810	0.03010	0.01492	0.01613	0.04942	0.01673	0.01272	0.01651	0.03851	0.00566	0.00542	0.00167	0.00633	0.02524	0.00289	0.00767
17	0.01691	0.03402	0.06352	0.01193	0.06065	0.01188	0.00947	0.24808	0.13062	0.20081	0.04580	0.05650	0.03158	0.04552	0.00649	0.00185	0.00513	0.00601	0.00512	0.00809
18	0.01479	0.00729	0.00908	0.00801	0.01030	0.00695	0.00623	0.07803	0.01344	0.28390	0.02201	0.16290	0.04908	0.02994	0.04233	0.02157	0.00434	0.02485	0.19843	0.00653
19	0.00967	0.00623	0.00719	0.00674	0.00753	0.00622	0.00436	0.05539	0.02916	0.06379	0.08980	0.05674	0.04562	0.56556	0.02076	0.00414	0.00479	0.00794	0.00401	0.00437
20	0.04672	0.09849	0.07174	0.25669	0.20910	0.01231	0.04367	0.01485	0.02592	0.01619	0.04275	0.03325	0.03286	0.00595	0.00532	0.00165	0.02102	0.00516	0.04959	0.00675
21	0.06641	0.20922	0.04980	0.15582	0.07027	0.21085	0.01107	0.01613	0.01170	0.01427	0.00990	0.06206	0.00900	0.00707	0.02678	0.00175	0.05430	0.00452	0.00271	0.00636

[dist]
# distance from previous block
# <min> <max>
0	9

[block]
# block no. 5 follows, 45 sequences, length 38
# corresponding to MSA columns:
# 258-295
name=unknown_F
#
# <colnr> <probs for GDERKNQSTAVLIFYWHMCP>
#	G	D	E	R	K	N	Q	S	T	A	V	L	I	F	Y	W	H	M	C	P
0	0.01261	0.28338	0.38352	0.01288	0.01874	0.02788	0.04464	0.06206	0.01231	0.01670	0.05200	0.01226	0.00949	0.00543	0.00498	0.00153	0.02540	0.00409	0.00270	0.00740
1	0.00748	0.00588	0.00682	0.00657	0.00818	0.00542	0.00499	0.01035	0.06334	0.01847	0.40014	0.04426	0.35193	0.01195	0.00631	0.00177	0.00280	0.03280	0.00546	0.00506
2	0.01073	0.00911	0.01070	0.00789	0.01227	0.00691	0.00623	0.01303	0.01119	0.01735	0.03173	0.06427	0.01093	0.00501	0.00423	0.00091	0.00388	0.00415	0.00337	0.76611
3	0.00726	0.00518	0.00585	0.00605	0.00654	0.00491	0.00377	0.00779	0.00939	0.01214	0.04588	0.16543	0.19317	0.48219	0.01874	0.00386	0.00424	0.00987	0.00399	0.00377
4	0.00668	0.00480	0.00634	0.00741	0.00787	0.00447	0.00505	0.00780	0.01080	0.01444	0.09271	0.70046	0.06041	0.01617	0.00681	0.00213	0.00310	0.03304	0.00506	0.00444
5	0.06261	0.03601	0.03645	0.09632	0.01665	0.01308	0.00948	0.33587	0.09969	0.07834	0.04041	0.01882	0.09243	0.00719	0.00548	0.00168	0.01690	0.00564	0.01925	0.00770
6	0.00814	0.05878	0.00933	0.00808	0.00908	0.00735	0.00615	0.00964	0.00861	0.01204	0.01445	0.02320	0.01427	0.19916	0.57889	0.00742	0.01189	0.00599	0.00292	0.00461
7	0.01209	0.10029	0.45187	0.01429	0.02019	0.01366	0.07608	0.08949	0.01278	0.01822	0.06349	0.01353	0.01026	0.00592	0.00622	0.00170	0.07495	0.00460	0.00288	0.00751
8	0.01435	0.81458	0.02813	0.00918	0.01378	0.02124	0.00918	0.01607	0.01091	0.01263	0.00746	0.00861	0.00689	0.00459	0.00344	0.00115	0.00574	0.00287	0.00230	0.00689
9	0.11650	0.28459	0.09839	0.01164	0.01561	0.36209	0.01042	0.01853	0.01266	0.01468	0.00806	0.00938	0.00676	0.00511	0.00422	0.00137	0.00754	0.00325	0.00263	0.00657
10	0.00715	0.00523	0.00671	0.00684	0.00787	0.00480	0.00494	0.00908	0.01340	0.01844	0.47571	0.27387	0.12000	0.01301	0.00649	0.00185	0.00273	0.01156	0.00553	0.00480
11	0.00798	0.00554	0.00665	0.00658	0.00805	0.00490	0.00485	0.00969	0.01304	0.06712	0.29162	0.20367	0.32472	0.01292	0.00638	0.00184	0.00286	0.01121	0.00541	0.00498
12	0.04881	0.01016	0.01415	0.29434	0.03502	0.01179	0.04260	0.17599	0.02914	0.01944	0.01247	0.04656	0.01021	0.00973	0.08173	0.00239	0.05135	0.00533	0.09228	0.00651
13	0.08403	0.01133	0.01318	0.16587	0.01812	0.01266	0.00954	0.38577	0.01787	0.02485	0.01619	0.13094	0.04633	0.00794	0.00541	0.00173	0.00536	0.00648	0.02919	0.00721
14	0.01030	0.00705	0.00868	0.00849	0.03309	0.02927	0.00613	0.04054	0.02911	0.09877	0.44643	0.14740	0.04952	0.03461	0.00683	0.00187	0.00346	0.02727	0.00551	0.00568
15	0.00906	0.00886	0.07932	0.00809	0.01090	0.00676	0.00693	0.01266	0.06316	0.01988	0.44069	0.05061	0.04557	0.00873	0.00561	0.00150	0.00350	0.00757	0.00486	0.20574
16	0.00700	0.00514	0.00657	0.00690	0.00783	0.00471	0.00491	0.00873	0.01278	0.01740	0.37618	0.36395	0.13055	0.01374	0.00655	0.00191	0.00280	0.01223	0.00541	0.00471
17	0.01241	0.12326	0.45226	0.01580	0.09640	0.01357	0.03238	0.01687	0.01130	0.06624	0.01006	0.01199	0.00763	0.00637	0.02565	0.00185	0.08152	0.00417	0.00263	0.00765
18	0.01122	0.01091	0.05969	0.19722	0.21307	0.01036	0.10561	0.01463	0.02970	0.04975	0.09765	0.03867	0.05885	0.05683	0.00706	0.00196	0.00605	0.02066	0.00344	0.00667
19	0.01190	0.00710	0.00786	0.00706	0.00890	0.00722	0.00539	0.13415	0.02955	0.06976	0.11998	0.07166	0.03674	0.06068	0.00630	0.00174	0.00345	0.00661	0.39812	0.00585
20	0.01182	0.04596	0.02469	0.00852	0.01077	0.05167	0.00679	0.06065	0.07371	0.11361	0.37481	0.08053	0.06033	0.01090	0.03937	0.00198	0.00433	0.00807	0.00529	0.00621
21	0.66826	0.01140	0.00968	0.00821	0.01175	0.01305	0.00677	0.17829	0.01265	0.02621	0.00866	0.00963	0.00654	0.00530	0.00377	0.00165	0.00454	0.00333	0.00377	0.00654
22	0.03635	0.04238	0.06273	0.01025	0.01446	0.03795	0.03457	0.19618	0.01488	0.02128	0.04610	0.01538	0.03230	0.00584	0.00511	0.00131	0.02856	0.02233	0.02690	0.34514
23	0.00920	0.00644	0.00800	0.03068	0.00922	0.00677	0.00564	0.03346	0.01133	0.04904	0.14788	0.11679	0.12963	0.19425	0.05109	0.00292	0.07872	0.00845	0.09561	0.00489
24	0.00990	0.00647	0.00822	0.00746	0.00920	0.00618	0.00570	0.01363	0.08960	0.10152	0.62137	0.03582	0.04334	0.01015	0.00615	0.00170	0.00292	0.00890	0.00594	0.00583
25	0.84927	0.01038	0.00789	0.00706	0.01038	0.01204	0.00581	0.01578	0.00914	0.02408	0.00747	0.00872	0.00581	0.00498	0.00332	0.00166	0.00415	0.00291	0.00332	0.00581
26	0.01154	0.07055	0.66406	0.01429	0.02150	0.01236	0.01792	0.01705	0.01149	0.05948	0.01101	0.04560	0.00839	0.00566	0.00510	0.00169	0.00741	0.00447	0.00263	0.00779
27	0.00852	0.00607	0.00831	0.00940	0.01053	0.00605	0.00803	0.01073	0.01191	0.01548	0.02787	0.05790	0.04593	0.09178	0.00931	0.00272	0.00492	0.65499	0.00478	0.00477
28	0.00696	0.00501	0.00664	0.00743	0.00808	0.00468	0.00525	0.00843	0.01174	0.01592	0.22384	0.54088	0.05204	0.01510	0.00675	0.00207	0.00309	0.06629	0.00522	0.00459
29	0.00784	0.00559	0.00699	0.00658	0.00804	0.00504	0.00495	0.01013	0.01462	0.04264	0.61072	0.04173	0.19240	0.01136	0.00631	0.00171	0.00263	0.00990	0.00575	0.00508
30	0.01082	0.02737	0.76118	0.01552	0.02338	0.01250	0.04180	0.01701	0.01137	0.01701	0.00967	0.01143	0.00684	0.00508	0.00514	0.00170	0.00797	0.00404	0.00228	0.00791
31	0.01509	0.71194	0.02645	0.00979	0.01414	0.12122	0.00934	0.01677	0.01147	0.01270	0.00757	0.00875	0.00689	0.00471	0.00363	0.00118	0.00625	0.00295	0.00236	0.00680
32	0.00760	0.00549	0.00718	0.00675	0.00802	0.00506	0.00506	0.01013	0.01519	0.02153	0.77503	0.04010	0.05065	0.01097	0.00633	0.00169	0.00253	0.00971	0.00591	0.00506
33	0.01286	0.02333	0.60824	0.01384	0.02075	0.01127	0.01696	0.01818	0.01224	0.14791	0.05452	0.01413	0.01037	0.00569	0.00522	0.00169	0.00706	0.00453	0.00322	0.00798
34	0.00671	0.00524	0.00606	0.00636	0.00760	0.00463	0.00460	0.00816	0.01213	0.01551	0.17745	0.26459	0.40211	0.02987	0.00692	0.00198	0.00289	0.02753	0.00512	0.00456
35	0.02759	0.25900	0.45604	0.01310	0.04046	0.01444	0.01504	0.01610	0.01152	0.01624	0.07442	0.01299	0.01061	0.00544	0.00469	0.00153	0.00670	0.00413	0.00262	0.00735
36	0.11588	0.05621	0.04467	0.08221	0.01439	0.05764	0.00835	0.13597	0.07676	0.02023	0.03939	0.08524	0.07232	0.00757	0.00529	0.00163	0.02684	0.00597	0.11012	0.03332
37	0.12997	0.08042	0.15264	0.03395	0.03855	0.06166	0.02992	0.20806	0.07143	0.10158	0.01226	0.01329	0.00910	0.02771	0.00549	0.00171	0.00609	0.00444	0.00398	0.00774

[dist]
# distance from previous block
# <min> <max>
0	30

[block]
# block no. 6 follows, 45 sequences, length 26
# corresponding to MSA columns:
# 326-351
name=unknown_G
#
# <colnr> <probs for GDERKNQSTAVLIFYWHMCP>
#	G	D	E	R	K	N	Q	S	T	A	V	L	I	F	Y	W	H	M	C	P
0	0.07924	0.05705	0.01379	0.09222	0.12526	0.05853	0.00944	0.04138	0.12374	0.01853	0.08184	0.04733	0.01498	0.00668	0.00504	0.00153	0.00510	0.04299	0.00377	0.17155
1	0.01203	0.00948	0.01465	0.45316	0.09005	0.01043	0.01218	0.03650	0.01221	0.09854	0.06910	0.01778	0.02514	0.00609	0.00535	0.00165	0.00597	0.02010	0.00340	0.09618
2	0.01088	0.02482	0.65052	0.01505	0.02219	0.01222	0.06368	0.01738	0.05855	0.01758	0.04898	0.01351	0.00968	0.00550	0.00526	0.00171	0.00750	0.00453	0.00268	0.00778
3	0.00766	0.00523	0.00669	0.04060	0.00810	0.00531	0.00461	0.00802	0.00863	0.01155	0.01945	0.25466	0.02233	0.42864	0.07187	0.07465	0.00526	0.00942	0.00361	0.00372
4	0.01022	0.00966	0.01612	0.75604	0.03573	0.01217	0.01474	0.01367	0.01060	0.01367	0.00941	0.01417	0.00715	0.00558	0.00603	0.00182	0.05011	0.00477	0.00238	0.00596
5	0.01014	0.00954	0.01610	0.79845	0.03697	0.01193	0.01491	0.01371	0.01073	0.01371	0.00954	0.01431	0.00716	0.00537	0.00537	0.00179	0.00716	0.00477	0.00239	0.00596
6	0.01014	0.00954	0.01610	0.79845	0.03697	0.01193	0.01491	0.01371	0.01073	0.01371	0.00954	0.01431	0.00716	0.00537	0.00537	0.00179	0.00716	0.00477	0.00239	0.00596
7	0.00661	0.00472	0.00630	0.00755	0.00789	0.00442	0.00510	0.00759	0.01034	0.01378	0.02955	0.78454	0.03536	0.01676	0.00687	0.00219	0.00317	0.03792	0.00498	0.00438
8	0.00990	0.00929	0.01544	0.74926	0.03513	0.01147	0.01424	0.01334	0.01083	0.01376	0.01232	0.01663	0.05483	0.00588	0.00543	0.00179	0.00688	0.00518	0.00255	0.00587
9	0.00781	0.00520	0.00585	0.00585	0.00585	0.00520	0.00325	0.00781	0.00781	0.01041	0.01691	0.03513	0.01952	0.81135	0.02732	0.00520	0.00520	0.00781	0.00325	0.00325
10	0.01322	0.01294	0.02283	0.03186	0.69920	0.01284	0.09431	0.01655	0.01227	0.01750	0.01018	0.01341	0.00847	0.00476	0.00542	0.00162	0.00666	0.00495	0.00266	0.00837
11	0.01025	0.00966	0.01631	0.77012	0.06439	0.01196	0.01497	0.01382	0.01079	0.01386	0.00956	0.01427	0.00721	0.00535	0.00536	0.00178	0.00713	0.00477	0.00240	0.00606
12	0.00908	0.00677	0.00935	0.01082	0.04408	0.00686	0.00886	0.01234	0.05920	0.01648	0.02791	0.05578	0.04851	0.01390	0.00718	0.00238	0.00490	0.64542	0.00488	0.00531
13	0.01113	0.00954	0.01113	0.00795	0.01272	0.00716	0.00636	0.01352	0.01113	0.01749	0.00954	0.01113	0.00795	0.00398	0.00398	0.00080	0.00398	0.00318	0.00318	0.84417
14	0.01764	0.02108	0.01381	0.01345	0.06141	0.59981	0.00953	0.01920	0.01418	0.01411	0.01084	0.01312	0.02474	0.04134	0.00577	0.00156	0.00830	0.00408	0.09998	0.00605
15	0.00666	0.00474	0.00627	0.00736	0.00772	0.00444	0.00491	0.00765	0.01047	0.01404	0.07477	0.72819	0.03576	0.04995	0.00768	0.00228	0.00317	0.01461	0.00497	0.00436
16	0.00705	0.00547	0.00641	0.00618	0.00768	0.00483	0.00463	0.00907	0.01390	0.01845	0.45921	0.04516	0.36839	0.01212	0.00634	0.00174	0.00261	0.01042	0.00550	0.00483
17	0.01267	0.01448	0.03167	0.02262	0.02805	0.01357	0.75837	0.01719	0.01267	0.01719	0.01086	0.01448	0.00814	0.00452	0.00633	0.00181	0.00905	0.00633	0.00271	0.00724
18	0.01485	0.01227	0.01298	0.01123	0.01453	0.01405	0.00886	0.18358	0.61068	0.02487	0.01995	0.01851	0.01485	0.00710	0.00544	0.00178	0.00460	0.00581	0.00544	0.00863
19	0.01174	0.08007	0.39497	0.01776	0.02424	0.01341	0.32939	0.01681	0.01184	0.01669	0.01041	0.02911	0.00797	0.00507	0.00553	0.00172	0.00814	0.00512	0.00251	0.00749
20	0.00877	0.00617	0.00728	0.00670	0.00850	0.00561	0.00511	0.04790	0.01456	0.06604	0.41149	0.04187	0.32693	0.01149	0.00623	0.00173	0.00290	0.00983	0.00557	0.00531
21	0.01118	0.00989	0.01537	0.44800	0.13967	0.01147	0.01290	0.07237	0.01197	0.01623	0.01205	0.09038	0.01055	0.00667	0.00600	0.00176	0.04622	0.00575	0.04086	0.03072
22	0.00653	0.00508	0.00596	0.00664	0.00767	0.00451	0.00471	0.00772	0.01125	0.01416	0.04087	0.43413	0.37345	0.01527	0.00664	0.00202	0.00300	0.04096	0.00498	0.00446
23	0.00908	0.00633	0.00854	0.06312	0.01089	0.00612	0.02985	0.01160	0.03286	0.06422	0.35339	0.09707	0.12308	0.06669	0.00754	0.00199	0.00356	0.03029	0.06850	0.00528
24	0.05329	0.00977	0.01249	0.10816	0.01627	0.00869	0.04488	0.01475	0.07094	0.01746	0.01092	0.03018	0.00907	0.00511	0.00480	0.02015	0.00465	0.00406	0.00327	0.55112
25	0.02447	0.09337	0.10963	0.07046	0.11872	0.07125	0.04209	0.08527	0.04160	0.03044	0.04692	0.04015	0.07022	0.00883	0.05441	0.00206	0.04070	0.00550	0.00341	0.04048

[dist]
# distance from previous block
# <min> <max>
1	33

[block]
# block no. 7 follows, 45 sequences, length 6
# corresponding to MSA columns:
# 385-390
name=unknown_H
#
# <colnr> <probs for GDERKNQSTAVLIFYWHMCP>
#	G	D	E	R	K	N	Q	S	T	A	V	L	I	F	Y	W	H	M	C	P
0	0.31078	0.09627	0.09461	0.03996	0.03873	0.06689	0.02413	0.04121	0.01141	0.04621	0.06431	0.04063	0.01190	0.06644	0.00613	0.00186	0.00540	0.00467	0.00341	0.02507
1	0.18637	0.01085	0.10530	0.00893	0.01213	0.00925	0.00798	0.06002	0.09283	0.10877	0.23234	0.06050	0.06704	0.00827	0.00532	0.00172	0.00419	0.00677	0.00483	0.00658
2	0.06601	0.01615	0.26805	0.04161	0.17491	0.01129	0.01335	0.09954	0.01278	0.01892	0.03411	0.05229	0.03073	0.03047	0.04263	0.00205	0.00652	0.00521	0.00320	0.07016
3	0.00790	0.00537	0.00649	0.05526	0.00814	0.00547	0.00430	0.00847	0.00866	0.01188	0.01861	0.16151	0.02098	0.56843	0.02078	0.00419	0.00477	0.00865	0.06640	0.00374
4	0.03204	0.01428	0.13259	0.23159	0.06813	0.06154	0.16193	0.05332	0.04149	0.01760	0.09415	0.01788	0.01329	0.00617	0.00561	0.00174	0.00695	0.02967	0.00323	0.00680
5	0.01014	0.00782	0.00937	0.00761	0.01088	0.00622	0.00585	0.01216	0.01169	0.05569	0.09705	0.17155	0.08156	0.00811	0.00504	0.00128	0.00359	0.00697	0.00414	0.48327

[dist]
# distance from previous block
# <min> <max>
1	4

[block]
# block no. 8 follows, 45 sequences, length 23
# corresponding to MSA columns:
# 395-417
name=unknown_I
#
# <colnr> <probs for GDERKNQSTAVLIFYWHMCP>
#	G	D	E	R	K	N	Q	S	T	A	V	L	I	F	Y	W	H	M	C	P
0	0.12647	0.10277	0.01147	0.02278	0.01133	0.05746	0.00718	0.01429	0.10088	0.03396	0.07460	0.22844	0.05285	0.02965	0.00688	0.00193	0.06337	0.04375	0.00418	0.00577
1	0.53915	0.01190	0.04371	0.05082	0.04786	0.01276	0.02156	0.10045	0.08940	0.02376	0.00994	0.01106	0.00755	0.00539	0.00410	0.00168	0.00486	0.00373	0.00364	0.00670
2	0.01089	0.01102	0.10594	0.03915	0.05379	0.02636	0.00884	0.12888	0.04717	0.02133	0.35584	0.04278	0.06787	0.03113	0.00642	0.00177	0.00446	0.00750	0.00479	0.02405
3	0.00654	0.00467	0.00623	0.00747	0.00779	0.00436	0.00498	0.00747	0.01028	0.01370	0.02959	0.80785	0.03550	0.01682	0.00685	0.00218	0.00311	0.01526	0.00498	0.00436
4	0.00760	0.00549	0.00718	0.00675	0.00802	0.00506	0.00506	0.01013	0.01519	0.02153	0.77503	0.04010	0.05065	0.01097	0.00633	0.00169	0.00253	0.00971	0.00591	0.00506
5	0.01233	0.01309	0.02104	0.01669	0.01844	0.04394	0.23944	0.01454	0.00983	0.01423	0.00826	0.01250	0.00738	0.00777	0.01371	0.00215	0.53075	0.00515	0.00248	0.00630
6	0.03795	0.01025	0.01294	0.01009	0.04251	0.00861	0.05262	0.07536	0.01262	0.03320	0.04372	0.01289	0.00999	0.00463	0.00439	0.00104	0.00449	0.00389	0.00350	0.61533
7	0.00767	0.00575	0.00863	0.00863	0.00959	0.00671	0.00671	0.00959	0.00863	0.01246	0.01438	0.02109	0.01342	0.04026	0.79008	0.00863	0.01438	0.00575	0.00288	0.00479
8	0.00659	0.00469	0.00621	0.00741	0.00770	0.00440	0.00491	0.00749	0.01017	0.01356	0.02905	0.77526	0.03483	0.05032	0.00771	0.00231	0.00320	0.01495	0.00491	0.00431
9	0.12065	0.01006	0.01341	0.01097	0.02804	0.00998	0.11108	0.06844	0.13324	0.12644	0.15582	0.02131	0.05869	0.00705	0.00533	0.00162	0.00467	0.00612	0.00471	0.10238
10	0.01342	0.00947	0.01137	0.00823	0.01289	0.00729	0.00663	0.01576	0.01188	0.15281	0.01160	0.01240	0.00890	0.00445	0.00423	0.00095	0.00408	0.00357	0.00379	0.69628
11	0.00848	0.00612	0.00841	0.00956	0.01083	0.00606	0.00831	0.01087	0.01235	0.01595	0.03034	0.05989	0.08601	0.01474	0.00734	0.00242	0.00478	0.68768	0.00495	0.00491
12	0.00982	0.00598	0.00789	0.00713	0.00878	0.00545	0.00545	0.01229	0.01522	0.12390	0.67350	0.03716	0.04562	0.01039	0.00621	0.00168	0.00281	0.00913	0.00601	0.00561
13	0.05707	0.00963	0.01255	0.00966	0.01379	0.00871	0.00798	0.08052	0.01585	0.69523	0.02001	0.01748	0.01268	0.00656	0.00531	0.00166	0.00465	0.00526	0.00641	0.00900
14	0.48788	0.01212	0.01130	0.00923	0.01297	0.01362	0.00762	0.30467	0.01568	0.06476	0.01024	0.01080	0.00746	0.00563	0.00422	0.00164	0.00485	0.00377	0.00428	0.00726
15	0.00682	0.00486	0.00628	0.00731	0.00779	0.00455	0.00500	0.00788	0.01050	0.01402	0.04815	0.64040	0.07878	0.06300	0.00798	0.00232	0.00328	0.05302	0.02371	0.00437
16	0.01780	0.01111	0.01307	0.01035	0.01373	0.01152	0.02347	0.37832	0.01934	0.20243	0.12704	0.03356	0.01748	0.06603	0.00712	0.00190	0.00498	0.00611	0.02674	0.00788
17	0.00689	0.00496	0.00654	0.00729	0.00794	0.00461	0.00509	0.00832	0.01174	0.01594	0.23434	0.55263	0.06108	0.01506	0.00671	0.00204	0.00300	0.03599	0.00524	0.00458
18	0.00891	0.00740	0.00711	0.00669	0.00872	0.05948	0.00509	0.02861	0.02953	0.05822	0.13460	0.04391	0.55821	0.01203	0.00614	0.00175	0.00339	0.00999	0.00505	0.00516
19	0.26128	0.05052	0.02626	0.03368	0.01418	0.01210	0.00826	0.20795	0.01553	0.27812	0.01377	0.01346	0.00946	0.00593	0.00464	0.00162	0.00493	0.00435	0.02612	0.00784
20	0.07391	0.01280	0.07185	0.01064	0.01485	0.01174	0.03900	0.31638	0.01669	0.02436	0.01240	0.05144	0.01004	0.00692	0.02657	0.00161	0.00544	0.00479	0.05401	0.23458
21	0.01250	0.03404	0.01127	0.00943	0.01118	0.00996	0.00744	0.15593	0.01256	0.08589	0.01445	0.04120	0.01290	0.11838	0.25537	0.02241	0.10605	0.00576	0.06731	0.00597
22	0.00725	0.00566	0.00668	0.00700	0.00826	0.00525	0.00522	0.02913	0.01221	0.01562	0.11615	0.28955	0.35985	0.01419	0.00679	0.00198	0.01847	0.08099	0.00504	0.00472

[dist]
# distance from previous block
# <min> <max>
2	9

[block]
# block no. 9 follows, 45 sequences, length 23
# corresponding to MSA columns:
# 427-449
name=unknown_J
#
# <colnr> <probs for GDERKNQSTAVLIFYWHMCP>
#	G	D	E	R	K	N	Q	S	T	A	V	L	I	F	Y	W	H	M	C	P
0	0.05237	0.01040	0.01614	0.36919	0.24715	0.02436	0.01337	0.01554	0.02617	0.06848	0.05577	0.01785	0.01178	0.00610	0.00541	0.00174	0.00622	0.04192	0.00320	0.00686
1	0.01234	0.00950	0.01125	0.00810	0.01281	0.00722	0.00650	0.01470	0.01153	0.08894	0.01063	0.01180	0.00845	0.00422	0.00411	0.00088	0.00403	0.00339	0.00350	0.76609
2	0.01177	0.01094	0.01787	0.24330	0.43635	0.01172	0.01417	0.01559	0.06306	0.01620	0.01207	0.05351	0.01060	0.05228	0.00668	0.00190	0.00623	0.00555	0.00292	0.00729
3	0.03636	0.00761	0.00987	0.00813	0.01109	0.00683	0.00651	0.01993	0.01425	0.46641	0.14997	0.06007	0.02068	0.00777	0.00530	0.00162	0.00378	0.00649	0.14991	0.00742
4	0.00654	0.00467	0.00623	0.00747	0.00779	0.00436	0.00498	0.00747	0.01028	0.01370	0.02959	0.80785	0.03550	0.01682	0.00685	0.00218	0.00311	0.01526	0.00498	0.00436
5	0.01083	0.00525	0.00544	0.00527	0.00669	0.00517	0.00400	0.01331	0.01150	0.06475	0.01773	0.01991	0.01373	0.00628	0.00385	0.00127	0.00262	0.00503	0.79212	0.00525
6	0.00981	0.00576	0.00739	0.00731	0.00872	0.00518	0.00532	0.01135	0.01251	0.14762	0.20379	0.35852	0.14608	0.03617	0.00700	0.00201	0.00323	0.01147	0.00543	0.00534
7	0.84927	0.01038	0.00789	0.00706	0.01038	0.01204	0.00581	0.01578	0.00914	0.02408	0.00747	0.00872	0.00581	0.00498	0.00332	0.00166	0.00415	0.00291	0.00332	0.00581
8	0.00747	0.00548	0.00700	0.00662	0.00794	0.00501	0.00496	0.00988	0.01489	0.02081	0.70168	0.04127	0.12445	0.01124	0.00633	0.00170	0.00255	0.00987	0.00581	0.00501
9	0.84927	0.01038	0.00789	0.00706	0.01038	0.01204	0.00581	0.01578	0.00914	0.02408	0.00747	0.00872	0.00581	0.00498	0.00332	0.00166	0.00415	0.00291	0.00332	0.00581
10	0.84927	0.01038	0.00789	0.00706	0.01038	0.01204	0.00581	0.01578	0.00914	0.02408	0.00747	0.00872	0.00581	0.00498	0.00332	0.00166	0.00415	0.00291	0.00332	0.00581
11	0.84927	0.01038	0.00789	0.00706	0.01038	0.01204	0.00581	0.01578	0.00914	0.02408	0.00747	0.00872	0.00581	0.00498	0.00332	0.00166	0.00415	0.00291	0.00332	0.00581
12	0.07502	0.00943	0.01200	0.00931	0.01326	0.00857	0.00765	0.07804	0.01544	0.58143	0.07047	0.01833	0.01474	0.00666	0.00524	0.00161	0.00447	0.00536	0.00609	0.05687
13	0.00654	0.00467	0.00623	0.00747	0.00779	0.00436	0.00498	0.00747	0.01028	0.01370	0.02959	0.80785	0.03550	0.01682	0.00685	0.00218	0.00311	0.01526	0.00498	0.00436
14	0.00814	0.00594	0.00747	0.00738	0.00893	0.00514	0.00529	0.00967	0.01151	0.04015	0.14383	0.45601	0.08234	0.01286	0.00613	0.00179	0.00321	0.01146	0.00483	0.16790
15	0.17214	0.01087	0.01086	0.02430	0.01310	0.06394	0.00828	0.13630	0.16574	0.03509	0.02031	0.02934	0.06110	0.00907	0.00561	0.00191	0.00503	0.21572	0.00465	0.00665
16	0.01145	0.00749	0.00837	0.00741	0.00859	0.00776	0.00499	0.16701	0.01200	0.06013	0.01633	0.02906	0.01681	0.57343	0.02079	0.00413	0.00524	0.00696	0.02716	0.00488
17	0.00657	0.00485	0.00616	0.00719	0.00779	0.00444	0.00493	0.00762	0.01067	0.01391	0.03382	0.65642	0.16269	0.01621	0.00678	0.00213	0.00310	0.03534	0.00498	0.00441
18	0.01361	0.06655	0.01856	0.39867	0.09124	0.04289	0.08237	0.10618	0.01323	0.07190	0.01068	0.01370	0.00801	0.00556	0.00573	0.00170	0.03454	0.00479	0.00311	0.00698
19	0.01320	0.01185	0.04838	0.02593	0.01353	0.08327	0.00855	0.12707	0.24947	0.04606	0.07782	0.09160	0.06097	0.00948	0.00664	0.05043	0.00500	0.05909	0.00477	0.00687
20	0.15611	0.01377	0.08543	0.06217	0.05646	0.02828	0.31632	0.03226	0.01137	0.01765	0.01015	0.02664	0.00824	0.00764	0.05289	0.00222	0.09764	0.00523	0.00283	0.00671
21	0.00694	0.00488	0.00632	0.00732	0.00763	0.00465	0.00489	0.00779	0.00993	0.01321	0.02699	0.60310	0.03201	0.17476	0.01096	0.00280	0.00365	0.06337	0.00464	0.00418
22	0.60910	0.08447	0.04944	0.03178	0.01364	0.01286	0.07803	0.01586	0.00983	0.02165	0.00821	0.00982	0.00642	0.00495	0.00377	0.00162	0.00499	0.00338	0.02404	0.00613

[dist]
# distance from previous block
# <min> <max>
0	1

[block]
# block no. 10 follows, 45 sequences, length 24
# corresponding to MSA columns:
# 455-478
name=unknown_K
#
# <colnr> <probs for GDERKNQSTAVLIFYWHMCP>
#	G	D	E	R	K	N	Q	S	T	A	V	L	I	F	Y	W	H	M	C	P
0	0.00780	0.00519	0.00581	0.00585	0.00599	0.00514	0.00336	0.00799	0.00823	0.01110	0.01902	0.05802	0.05411	0.71753	0.02477	0.00479	0.00491	0.00807	0.03891	0.00342
1	0.01141	0.13636	0.33725	0.05528	0.02045	0.02741	0.13115	0.02732	0.01169	0.01610	0.04563	0.06335	0.03347	0.00647	0.00600	0.00170	0.05371	0.00544	0.00282	0.00699
2	0.00747	0.00548	0.00699	0.00662	0.00794	0.00501	0.00496	0.00988	0.01489	0.02079	0.69991	0.04130	0.12623	0.01125	0.00633	0.00170	0.00255	0.00988	0.00581	0.00501
3	0.00863	0.03237	0.03223	0.00930	0.01099	0.00726	0.07647	0.01187	0.09137	0.01615	0.14736	0.30778	0.06768	0.09579	0.00857	0.00230	0.00423	0.05974	0.00463	0.00529
4	0.73254	0.00999	0.00822	0.00724	0.01051	0.01129	0.00594	0.01629	0.01000	0.08566	0.05372	0.01134	0.00906	0.00547	0.00367	0.00166	0.00409	0.00351	0.00374	0.00604
5	0.00741	0.00548	0.00692	0.00656	0.00791	0.00499	0.00492	0.00977	0.01476	0.02048	0.66821	0.04181	0.15812	0.01136	0.00633	0.00171	0.00256	0.00995	0.00577	0.00499
6	0.01156	0.20297	0.61532	0.01394	0.02113	0.01442	0.01746	0.01679	0.01124	0.01603	0.00915	0.01073	0.00682	0.00499	0.00473	0.00158	0.00744	0.00372	0.00227	0.00770
7	0.01593	0.00881	0.01030	0.00881	0.01168	0.04151	0.00707	0.09210	0.01515	0.33027	0.10577	0.07632	0.17165	0.00971	0.00591	0.00178	0.00429	0.07020	0.00570	0.00703
8	0.01435	0.81458	0.02813	0.00918	0.01378	0.02124	0.00918	0.01607	0.01091	0.01263	0.00746	0.00861	0.00689	0.00459	0.00344	0.00115	0.00574	0.00287	0.00230	0.00689
