[name]
unknown

[dist]
# distance from previous block
# <min> <max>
0	42

[block]
# block no. 0 follows, 46 sequences, length 11
# corresponding to MSA columns:
# 45-55
name=unknown_A
#
# <colnr> <probs for GDERKNQSTAVLIFYWHMCP>
#	G	D	E	R	K	N	Q	S	T	A	V	L	I	F	Y	W	H	M	C	P
0	0.03697	0.02905	0.22811	0.01279	0.05420	0.01227	0.01194	0.27154	0.03783	0.11178	0.04903	0.06443	0.01317	0.00703	0.00535	0.00169	0.00579	0.03486	0.00434	0.00786
1	0.09246	0.01246	0.09511	0.05796	0.06840	0.02631	0.00995	0.22581	0.03000	0.09407	0.03847	0.06657	0.02916	0.02049	0.00558	0.00173	0.00529	0.05300	0.04266	0.02452
2	0.00754	0.00534	0.00689	0.00669	0.00785	0.00487	0.00488	0.00912	0.01285	0.01779	0.47443	0.14779	0.11611	0.01253	0.00794	0.10220	0.00290	0.00967	0.00507	0.03754
3	0.01170	0.01331	0.18199	0.22194	0.14036	0.01051	0.05036	0.03581	0.01206	0.07935	0.05537	0.01985	0.04629	0.00705	0.00611	0.03489	0.00625	0.05677	0.00328	0.00676
4	0.01423	0.12414	0.45613	0.01394	0.05210	0.01240	0.03706	0.01868	0.01209	0.19256	0.01188	0.01256	0.00829	0.00528	0.00492	0.00159	0.00674	0.00419	0.00326	0.00796
5	0.00945	0.00562	0.00707	0.00678	0.00759	0.00553	0.00457	0.01012	0.00947	0.10108	0.06936	0.07268	0.06071	0.42063	0.13464	0.05296	0.00595	0.00764	0.00384	0.00429
6	0.00687	0.00539	0.00625	0.00638	0.00770	0.00486	0.00465	0.00889	0.03750	0.01633	0.25379	0.22641	0.36952	0.01320	0.00633	0.00184	0.00277	0.01145	0.00518	0.00470
7	0.01080	0.01051	0.07307	0.54711	0.07107	0.01095	0.01351	0.01465	0.04121	0.05595	0.01220	0.07404	0.01003	0.00624	0.00534	0.00176	0.00640	0.00550	0.02339	0.00628
8	0.01338	0.01334	0.10767	0.16761	0.34244	0.01183	0.10562	0.03152	0.01233	0.10401	0.01166	0.01499	0.00903	0.00533	0.00541	0.00167	0.00667	0.02472	0.00309	0.00769
9	0.01099	0.02479	0.64346	0.01690	0.05820	0.01245	0.12590	0.01675	0.01139	0.01679	0.00968	0.01169	0.00696	0.00493	0.00521	0.00168	0.00790	0.00428	0.00231	0.00774
10	0.00755	0.00533	0.00701	0.00678	0.00787	0.00497	0.00503	0.00964	0.01398	0.01966	0.64985	0.08314	0.04545	0.03590	0.00764	0.04353	0.00279	0.03366	0.00548	0.00476

[dist]
# distance from previous block
# <min> <max>
7	12

[block]
# block no. 1 follows, 46 sequences, length 16
# corresponding to MSA columns:
# 69-84
name=unknown_B
#
# <colnr> <probs for GDERKNQSTAVLIFYWHMCP>
#	G	D	E	R	K	N	Q	S	T	A	V	L	I	F	Y	W	H	M	C	P
0	0.01082	0.09234	0.03205	0.01457	0.22167	0.00943	0.00922	0.01378	0.04857	0.05800	0.19514	0.04298	0.12435	0.03880	0.00642	0.00180	0.00449	0.06497	0.00419	0.00639
1	0.01555	0.00816	0.01011	0.00873	0.01129	0.00791	0.00691	0.14760	0.01490	0.29017	0.06166	0.16370	0.03898	0.02960	0.00648	0.01900	0.00417	0.06269	0.08551	0.00685
2	0.01152	0.05266	0.01372	0.30054	0.03428	0.02845	0.01042	0.03668	0.24360	0.03191	0.05296	0.02085	0.06316	0.02926	0.00625	0.00184	0.02423	0.02717	0.00386	0.00663
3	0.02254	0.00938	0.01239	0.00946	0.01360	0.00825	0.00780	0.07022	0.01542	0.68126	0.01950	0.01714	0.01244	0.00633	0.00521	0.00157	0.00454	0.00512	0.00621	0.07163
4	0.01003	0.00938	0.01576	0.70197	0.09059	0.01141	0.01428	0.01339	0.01066	0.01379	0.01048	0.05617	0.00862	0.00584	0.00536	0.00177	0.00678	0.00525	0.00250	0.00598
5	0.00768	0.00517	0.00597	0.00597	0.00604	0.00524	0.00346	0.00782	0.00775	0.01040	0.01647	0.03355	0.01877	0.75568	0.08482	0.00538	0.00581	0.00753	0.00318	0.00332
6	0.01308	0.01256	0.02146	0.03245	0.78123	0.01256	0.01622	0.01622	0.01204	0.01727	0.00994	0.01308	0.00837	0.00471	0.00523	0.00157	0.00628	0.00471	0.00262	0.00837
7	0.11593	0.00913	0.01177	0.00913	0.01313	0.00823	0.00754	0.02462	0.01445	0.70011	0.01935	0.01695	0.01227	0.00636	0.00509	0.00164	0.00445	0.00504	0.00618	0.00863
8	0.00760	0.00509	0.00579	0.00588	0.00590	0.00507	0.00332	0.00767	0.00786	0.01048	0.01753	0.08892	0.02032	0.75839	0.02550	0.00492	0.00498	0.00820	0.00332	0.00328
9	0.01895	0.01424	0.01522	0.01193	0.01596	0.01586	0.00977	0.64248	0.14785	0.03147	0.01415	0.01385	0.01017	0.00648	0.00530	0.00162	0.00555	0.00496	0.00530	0.00889
10	0.85155	0.01022	0.00777	0.00695	0.01022	0.01186	0.00573	0.01554	0.00900	0.02372	0.00736	0.00859	0.00573	0.00491	0.00327	0.00164	0.00409	0.00286	0.00327	0.00573
11	0.01248	0.01426	0.03119	0.02228	0.02763	0.01337	0.76203	0.01693	0.01248	0.01693	0.01070	0.01426	0.00802	0.00446	0.00624	0.00178	0.00891	0.00624	0.00267	0.00713
12	0.01028	0.00970	0.01639	0.72758	0.10801	0.01182	0.01483	0.01377	0.01071	0.01387	0.00945	0.01400	0.00717	0.00523	0.00528	0.00174	0.00697	0.00470	0.00237	0.00611
13	0.01708	0.01400	0.05634	0.09892	0.01855	0.01457	0.03875	0.53004	0.04798	0.02827	0.04062	0.01433	0.01055	0.00627	0.00528	0.00161	0.00586	0.00499	0.03780	0.00819
14	0.01413	0.81739	0.02770	0.00905	0.01357	0.02092	0.00905	0.01583	0.01074	0.01244	0.00735	0.00848	0.00678	0.00452	0.00339	0.00113	0.00565	0.00283	0.00226	0.00678
15	0.00921	0.00461	0.00680	0.00680	0.00685	0.00461	0.00455	0.00713	0.00707	0.00965	0.00954	0.01623	0.00938	0.01782	0.01991	0.80873	0.00450	0.00461	0.03959	0.00241

[dist]
# distance from previous block
# <min> <max>
0	1

[block]
# block no. 2 follows, 46 sequences, length 28
# corresponding to MSA columns:
# 86-113
name=unknown_C
#
# <colnr> <probs for GDERKNQSTAVLIFYWHMCP>
#	G	D	E	R	K	N	Q	S	T	A	V	L	I	F	Y	W	H	M	C	P
0	0.01101	0.05520	0.63657	0.01573	0.02286	0.01287	0.11464	0.01661	0.01122	0.01648	0.00948	0.01147	0.00688	0.00506	0.00550	0.00169	0.03262	0.00419	0.00229	0.00762
1	0.04616	0.01132	0.04980	0.00895	0.01325	0.04847	0.00752	0.05595	0.01198	0.04445	0.02789	0.02564	0.00929	0.00490	0.00475	0.00107	0.03612	0.00375	0.00337	0.58536
2	0.01163	0.01086	0.01660	0.28977	0.26298	0.03094	0.04426	0.04494	0.09869	0.01659	0.01402	0.09489	0.02769	0.00663	0.00547	0.00173	0.00608	0.00605	0.00323	0.00694
3	0.00732	0.00523	0.00682	0.00705	0.00757	0.00545	0.00483	0.00830	0.00885	0.01208	0.03887	0.18432	0.05859	0.32212	0.29313	0.00548	0.00774	0.00864	0.00356	0.00406
4	0.00966	0.04183	0.01504	0.04213	0.01501	0.04778	0.19337	0.01179	0.01125	0.01477	0.06876	0.30752	0.06426	0.02263	0.00759	0.00198	0.08044	0.03492	0.00383	0.00544
5	0.00763	0.00513	0.00575	0.00575	0.00582	0.00510	0.00324	0.00768	0.00786	0.01041	0.01812	0.03524	0.04925	0.78257	0.02609	0.00499	0.00503	0.00782	0.00327	0.00325
6	0.00918	0.00459	0.00689	0.00689	0.00689	0.00459	0.00459	0.00689	0.00689	0.00918	0.00918	0.01607	0.00918	0.01837	0.02066	0.84619	0.00459	0.00459	0.00230	0.00230
7	0.01110	0.01054	0.01787	0.52454	0.30465	0.01204	0.01524	0.01449	0.01110	0.01486	0.00959	0.01373	0.00753	0.00508	0.00527	0.00169	0.00677	0.00470	0.00245	0.00677
8	0.03592	0.59146	0.07178	0.01043	0.01493	0.11014	0.03913	0.01694	0.01147	0.04442	0.00825	0.00938	0.00706	0.00475	0.00384	0.00125	0.00628	0.00320	0.00253	0.00685
9	0.00772	0.00514	0.00674	0.00761	0.00823	0.00484	0.00521	0.03178	0.01083	0.05230	0.02822	0.74670	0.03307	0.01575	0.00663	0.00210	0.00322	0.01423	0.00500	0.00467
10	0.00636	0.00526	0.00558	0.00571	0.00726	0.00448	0.00420	0.00773	0.01201	0.01468	0.10261	0.14976	0.62887	0.01362	0.00631	0.00182	0.00272	0.01155	0.00497	0.00448
11	0.00667	0.00496	0.00617	0.00672	0.00756	0.00451	0.00469	0.00802	0.01161	0.01538	0.20732	0.44727	0.20305	0.03189	0.00696	0.00202	0.00289	0.01275	0.00508	0.00447
12	0.01343	0.02763	0.01952	0.14862	0.52625	0.09106	0.01479	0.03150	0.04543	0.01669	0.01019	0.01308	0.00833	0.00501	0.00517	0.00158	0.00661	0.00460	0.00275	0.00774
13	0.00723	0.00531	0.00647	0.00628	0.00760	0.00481	0.00467	0.00933	0.01372	0.01888	0.50864	0.09168	0.23014	0.01159	0.00614	0.00170	0.00258	0.01008	0.04834	0.00481
14	0.02319	0.00984	0.01279	0.00981	0.01392	0.00902	0.00810	0.13291	0.01654	0.67575	0.01967	0.01722	0.01249	0.00651	0.00531	0.00163	0.00469	0.00524	0.00636	0.00900
15	0.01027	0.00939	0.01526	0.68714	0.05918	0.01151	0.01380	0.01441	0.05604	0.01447	0.01054	0.01468	0.00797	0.00542	0.00521	0.00173	0.00662	0.00479	0.04552	0.00606
16	0.04088	0.01200	0.01836	0.17721	0.02091	0.03405	0.14042	0.04358	0.01022	0.01480	0.00836	0.01244	0.00718	0.00725	0.01169	0.00203	0.42506	0.00483	0.00254	0.00617
17	0.00692	0.00493	0.00640	0.03711	0.00823	0.00481	0.00481	0.00769	0.00946	0.01259	0.02492	0.56478	0.02953	0.23780	0.01229	0.00296	0.00379	0.01260	0.00434	0.00405
18	0.40587	0.06678	0.01285	0.25271	0.01930	0.06313	0.00949	0.03255	0.01030	0.01860	0.00814	0.01063	0.00643	0.00535	0.00498	0.00167	0.05880	0.00362	0.00287	0.00595
19	0.00689	0.00562	0.02456	0.03160	0.00878	0.00493	0.00533	0.00839	0.01147	0.01525	0.19503	0.42281	0.17666	0.04841	0.00732	0.00208	0.00319	0.01221	0.00489	0.00456
20	0.00821	0.00510	0.00583	0.00599	0.00674	0.00489	0.00401	0.00941	0.01023	0.03268	0.07927	0.19339	0.10041	0.27821	0.01253	0.00281	0.00355	0.00893	0.22354	0.00427
21	0.00978	0.00717	0.00791	0.00724	0.00922	0.00698	0.00547	0.10959	0.07306	0.05720	0.12540	0.10467	0.36586	0.07710	0.00774	0.00204	0.00351	0.00947	0.00505	0.00554
22	0.00874	0.00581	0.00656	0.00617	0.00811	0.00497	0.00469	0.01033	0.01282	0.11642	0.15876	0.07666	0.53622	0.01223	0.00614	0.00176	0.00290	0.01031	0.00526	0.00513
23	0.02458	0.14549	0.06758	0.19826	0.09559	0.03777	0.05888	0.09658	0.04275	0.01726	0.00989	0.01219	0.00783	0.00516	0.00519	0.00148	0.03423	0.00419	0.00295	0.13215
24	0.04817	0.00991	0.01152	0.00864	0.01295	0.00858	0.00697	0.09306	0.05082	0.15781	0.03153	0.01346	0.01027	0.00501	0.00441	0.00113	0.00420	0.00398	0.00415	0.51343
25	0.01673	0.01297	0.01527	0.06448	0.05439	0.01468	0.01031	0.49980	0.01993	0.02718	0.06890	0.01474	0.01168	0.00686	0.00686	0.00168	0.10827	0.00507	0.01761	0.02260
26	0.01168	0.06100	0.19267	0.01733	0.06016	0.01205	0.34218	0.01555	0.01173	0.04531	0.02897	0.11826	0.01224	0.00660	0.00624	0.00177	0.03971	0.00657	0.00304	0.00692
27	0.00737	0.00535	0.00696	0.00679	0.00797	0.00494	0.00508	0.00966	0.01425	0.01992	0.64189	0.11552	0.08038	0.01164	0.00633	0.00175	0.00266	0.04100	0.00565	0.00489

[dist]
# distance from previous block
# <min> <max>
6	8

[block]
# block no. 3 follows, 46 sequences, length 12
# corresponding to MSA columns:
# 122-133
name=unknown_D
#
# <colnr> <probs for GDERKNQSTAVLIFYWHMCP>
#	G	D	E	R	K	N	Q	S	T	A	V	L	I	F	Y	W	H	M	C	P
0	0.64247	0.12171	0.06587	0.04107	0.01267	0.01312	0.00753	0.01558	0.00945	0.02126	0.00759	0.00899	0.00599	0.00488	0.00350	0.00157	0.00469	0.00301	0.00302	0.00602
1	0.78889	0.01013	0.00811	0.00714	0.01047	0.01155	0.00588	0.01631	0.00946	0.08133	0.00838	0.00930	0.00628	0.00503	0.00343	0.00164	0.00412	0.00305	0.00352	0.00597
2	0.00677	0.00488	0.00644	0.00737	0.00796	0.00456	0.00519	0.00807	0.01111	0.01489	0.14295	0.59627	0.07001	0.01539	0.00670	0.00208	0.00312	0.07675	0.00504	0.00446
3	0.01219	0.01012	0.01099	0.00990	0.01251	0.01138	0.00767	0.06998	0.54421	0.02226	0.16762	0.05858	0.02306	0.00824	0.00560	0.00177	0.00391	0.00700	0.00544	0.00757
4	0.01096	0.00940	0.01096	0.00783	0.01253	0.00705	0.00626	0.01331	0.01096	0.01723	0.00940	0.01096	0.00783	0.00392	0.00392	0.00078	0.00392	0.00313	0.00313	0.84653
5	0.00667	0.00476	0.00639	0.00762	0.00802	0.00449	0.00530	0.00775	0.01034	0.01375	0.02901	0.72911	0.03447	0.01635	0.00681	0.00218	0.00326	0.09445	0.00490	0.00436
6	0.16121	0.00626	0.00586	0.00557	0.00729	0.00662	0.00431	0.04206	0.01125	0.02096	0.01530	0.01744	0.01197	0.00594	0.00368	0.00132	0.00289	0.00455	0.66031	0.00523
7	0.00682	0.00504	0.00639	0.00732	0.00809	0.00468	0.00532	0.00807	0.01082	0.01398	0.03367	0.49087	0.18993	0.04051	0.00737	0.00222	0.00338	0.14629	0.00485	0.00440
8	0.01411	0.49900	0.08406	0.01238	0.09798	0.05233	0.01052	0.06877	0.01212	0.01525	0.00841	0.00977	0.00721	0.00470	0.00397	0.00123	0.00591	0.00331	0.00261	0.08636
9	0.01201	0.15312	0.03527	0.10339	0.01949	0.03669	0.20168	0.03049	0.06472	0.01508	0.01189	0.09941	0.01093	0.00715	0.00787	0.00180	0.17368	0.00591	0.00297	0.00645
10	0.00748	0.00540	0.00707	0.00665	0.00790	0.00499	0.00499	0.00998	0.01496	0.02120	0.77844	0.03949	0.04988	0.01081	0.00624	0.00166	0.00249	0.00956	0.00582	0.00499
11	0.00656	0.00469	0.00624	0.00728	0.00769	0.00437	0.00492	0.00766	0.01067	0.01436	0.11350	0.72392	0.03664	0.01591	0.00669	0.00209	0.00300	0.01441	0.00501	0.00437

[dist]
# distance from previous block
# <min> <max>
0	8

[block]
# block no. 4 follows, 46 sequences, length 10
# corresponding to MSA columns:
# 142-151
name=unknown_E
#
# <colnr> <probs for GDERKNQSTAVLIFYWHMCP>
#	G	D	E	R	K	N	Q	S	T	A	V	L	I	F	Y	W	H	M	C	P
0	0.00908	0.00974	0.11389	0.04243	0.01228	0.00820	0.02547	0.05730	0.03522	0.01504	0.03873	0.28434	0.06841	0.17030	0.01122	0.00258	0.07743	0.00920	0.00388	0.00527
1	0.00929	0.01958	0.51617	0.01236	0.01771	0.00962	0.01455	0.01378	0.01123	0.01620	0.06412	0.19086	0.04130	0.00850	0.00559	0.00181	0.00618	0.03128	0.00322	0.00666
2	0.00852	0.00608	0.00852	0.00974	0.01095	0.00608	0.00852	0.01095	0.01217	0.01582	0.02799	0.05963	0.03042	0.01460	0.00730	0.00243	0.00487	0.74565	0.00487	0.00487
3	0.00881	0.00754	0.01185	0.14210	0.01539	0.00902	0.05161	0.01095	0.00921	0.01313	0.01336	0.07853	0.01265	0.02467	0.41909	0.00538	0.12694	0.00608	0.02850	0.00518
4	0.01758	0.04622	0.01554	0.07523	0.13142	0.24005	0.01057	0.11590	0.08695	0.16489	0.01407	0.01455	0.03155	0.00600	0.00510	0.00155	0.00656	0.00468	0.00404	0.00755
5	0.04042	0.14864	0.28033	0.01200	0.01726	0.06756	0.01249	0.12863	0.06721	0.15757	0.01235	0.01260	0.00884	0.00559	0.00481	0.00155	0.00633	0.00419	0.00375	0.00789
6	0.79854	0.01130	0.05688	0.00746	0.01102	0.01189	0.00660	0.01562	0.00913	0.02328	0.00750	0.00875	0.00579	0.00491	0.00338	0.00164	0.00432	0.00293	0.00321	0.00586
7	0.01236	0.45491	0.33339	0.01145	0.01711	0.01666	0.01315	0.01586	0.01079	0.01417	0.00858	0.01022	0.00709	0.00660	0.04615	0.00174	0.00698	0.00341	0.00228	0.00709
8	0.00725	0.00526	0.00608	0.00630	0.00752	0.00465	0.00448	0.00851	0.01155	0.04526	0.11938	0.27819	0.38263	0.07858	0.00803	0.00215	0.00305	0.01165	0.00493	0.00455
9	0.00868	0.00764	0.03713	0.00902	0.01080	0.00701	0.06187	0.05100	0.09551	0.01749	0.17928	0.36286	0.10622	0.01221	0.00627	0.00190	0.00378	0.01096	0.00490	0.00548

[dist]
# distance from previous block
# <min> <max>
0	1

[block]
# block no. 5 follows, 46 sequences, length 7
# corresponding to MSA columns:
# 153-159
name=unknown_F
#
# <colnr> <probs for GDERKNQSTAVLIFYWHMCP>
#	G	D	E	R	K	N	Q	S	T	A	V	L	I	F	Y	W	H	M	C	P
0	0.01105	0.00872	0.01297	0.30134	0.02120	0.00926	0.05414	0.01507	0.09733	0.08018	0.01613	0.17658	0.01467	0.00770	0.00541	0.00168	0.00521	0.00689	0.03720	0.11725
1	0.01314	0.01164	0.03180	0.10701	0.10239	0.09408	0.00956	0.12812	0.05022	0.06326	0.07697	0.08651	0.07936	0.00771	0.00541	0.00160	0.00533	0.02585	0.00410	0.09592
2	0.09362	0.08737	0.13036	0.03577	0.01507	0.04352	0.00988	0.24947	0.01614	0.05458	0.15539	0.03798	0.01660	0.00762	0.02253	0.00174	0.00556	0.00543	0.00425	0.00712
3	0.10708	0.34078	0.19740	0.01221	0.01749	0.01541	0.13281	0.01595	0.01094	0.01587	0.00857	0.01027	0.00694	0.00461	0.00426	0.00138	0.00633	0.00366	0.00252	0.08550
4	0.00774	0.00637	0.00939	0.00901	0.01005	0.00643	0.06918	0.00934	0.01118	0.01513	0.15409	0.40296	0.10249	0.03497	0.00814	0.00211	0.07854	0.05349	0.00458	0.00481
5	0.04480	0.03229	0.12090	0.00965	0.03670	0.00823	0.00839	0.01485	0.08952	0.10164	0.13019	0.10570	0.13560	0.00909	0.00555	0.00169	0.00428	0.05150	0.00450	0.08492
6	0.04268	0.48318	0.08207	0.10426	0.01695	0.04210	0.01032	0.04116	0.08257	0.01513	0.02949	0.01140	0.00885	0.00517	0.00411	0.00136	0.00584	0.00369	0.00280	0.00687

[dist]
# distance from previous block
# <min> <max>
2	9

[block]
# block no. 6 follows, 46 sequences, length 13
# corresponding to MSA columns:
# 169-181
name=unknown_G
#
# <colnr> <probs for GDERKNQSTAVLIFYWHMCP>
#	G	D	E	R	K	N	Q	S	T	A	V	L	I	F	Y	W	H	M	C	P
0	0.00759	0.00594	0.00833	0.00837	0.00940	0.00572	0.05601	0.00979	0.05693	0.01483	0.09366	0.46046	0.08496	0.09128	0.00853	0.00234	0.00377	0.06266	0.00470	0.00474
1	0.06632	0.01170	0.01307	0.01074	0.01370	0.01323	0.00865	0.37180	0.11839	0.04520	0.01364	0.01586	0.01086	0.06416	0.10754	0.00277	0.07547	0.00508	0.00445	0.02735
2	0.01288	0.01284	0.02392	0.13832	0.02508	0.01328	0.43176	0.13268	0.01364	0.01845	0.01131	0.04214	0.00905	0.00661	0.02859	0.00198	0.06147	0.00596	0.00309	0.00697
3	0.00765	0.00565	0.00701	0.00755	0.00855	0.00540	0.00551	0.05884	0.01211	0.01594	0.10319	0.47961	0.15396	0.01460	0.00658	0.00204	0.00333	0.09270	0.00502	0.00477
4	0.00715	0.00498	0.00612	0.00653	0.00687	0.00482	0.00417	0.00787	0.00958	0.01290	0.10968	0.33021	0.04860	0.37732	0.03658	0.00360	0.00422	0.01073	0.00419	0.00390
5	0.06740	0.01036	0.01719	0.42807	0.16794	0.01183	0.08712	0.01460	0.03697	0.01530	0.00995	0.01392	0.00785	0.00662	0.02564	0.03556	0.02991	0.00479	0.00261	0.00636
6	0.01117	0.01070	0.01827	0.41753	0.24734	0.01191	0.08645	0.01533	0.06193	0.01550	0.01134	0.04877	0.00934	0.00565	0.00543	0.00173	0.00664	0.00538	0.00277	0.00681
7	0.01012	0.00610	0.00789	0.00725	0.00891	0.00563	0.00552	0.01266	0.03617	0.13972	0.51236	0.08453	0.07020	0.03943	0.00687	0.00184	0.00306	0.03043	0.00570	0.00558
8	0.10220	0.00925	0.01155	0.14847	0.07699	0.01015	0.00880	0.13774	0.08883	0.01980	0.09959	0.12233	0.04941	0.05731	0.00679	0.00197	0.00481	0.03355	0.00421	0.00627
9	0.08191	0.01573	0.01641	0.07812	0.01820	0.26080	0.12032	0.08744	0.01374	0.11498	0.01127	0.04236	0.00900	0.00633	0.00657	0.00167	0.10009	0.00484	0.00349	0.00675
10	0.00912	0.00635	0.00760	0.00795	0.00882	0.03335	0.00575	0.05187	0.01095	0.04167	0.02386	0.38092	0.05797	0.08437	0.01053	0.13472	0.00415	0.11124	0.00435	0.00447
11	0.08486	0.00685	0.00845	0.00815	0.01014	0.00655	0.00653	0.01357	0.03066	0.15807	0.12707	0.14817	0.08572	0.03626	0.00670	0.00202	0.00393	0.21136	0.00506	0.03988
12	0.33880	0.00939	0.00865	0.00772	0.01042	0.04258	0.00608	0.06621	0.05741	0.06499	0.11512	0.07472	0.13838	0.00811	0.00482	0.00167	0.00397	0.00634	0.00439	0.03022

[dist]
# distance from previous block
# <min> <max>
7	15

[block]
# block no. 7 follows, 46 sequences, length 66
# corresponding to MSA columns:
# 197-262
name=unknown_H
#
# <colnr> <probs for GDERKNQSTAVLIFYWHMCP>
#	G	D	E	R	K	N	Q	S	T	A	V	L	I	F	Y	W	H	M	C	P
0	0.07665	0.12325	0.51221	0.01421	0.05090	0.01320	0.04136	0.01623	0.01093	0.01670	0.00904	0.01081	0.00681	0.00496	0.00498	0.00157	0.02695	0.00378	0.00240	0.05306
1	0.05959	0.59480	0.10574	0.01040	0.01507	0.08705	0.03437	0.01641	0.01112	0.01369	0.00776	0.00905	0.00676	0.00468	0.00377	0.00126	0.00624	0.00310	0.00237	0.00679
2	0.01033	0.02194	0.04275	0.20906	0.04302	0.02325	0.00989	0.07160	0.06107	0.01609	0.01998	0.06691	0.13173	0.01216	0.09688	0.00259	0.07626	0.04667	0.03191	0.00592
3	0.00673	0.00488	0.00644	0.00721	0.00777	0.00467	0.00497	0.00793	0.01054	0.01421	0.12004	0.55524	0.07501	0.05374	0.09156	0.00288	0.00425	0.01282	0.00472	0.00439
4	0.00669	0.00537	0.00597	0.00582	0.00741	0.00465	0.00437	0.00845	0.01310	0.01677	0.31478	0.04677	0.51630	0.01246	0.00624	0.00174	0.00261	0.01058	0.00524	0.00465
5	0.00686	0.00498	0.00623	0.00670	0.00741	0.00461	0.00459	0.00813	0.01135	0.01524	0.23140	0.40472	0.13383	0.11788	0.00916	0.00236	0.00313	0.01211	0.00493	0.00436
6	0.01332	0.01041	0.01404	0.15101	0.16843	0.02310	0.01051	0.03820	0.21544	0.11305	0.06059	0.04741	0.01459	0.00667	0.00533	0.00165	0.00511	0.01956	0.00422	0.07735
7	0.01383	0.01033	0.02594	0.00924	0.01275	0.00989	0.00751	0.20149	0.12659	0.08925	0.13740	0.03584	0.03949	0.00695	0.00510	0.00143	0.00422	0.00571	0.03113	0.22588
8	0.00663	0.00482	0.00628	0.00725	0.00783	0.00447	0.00504	0.00782	0.01085	0.01439	0.09921	0.63121	0.10224	0.01565	0.00669	0.00209	0.00308	0.05506	0.00499	0.00440
9	0.00657	0.00473	0.00624	0.00721	0.00768	0.00439	0.00489	0.00771	0.01082	0.01454	0.12931	0.68717	0.05768	0.01571	0.00667	0.00207	0.00298	0.01419	0.00503	0.00439
10	0.01226	0.01692	0.22507	0.02503	0.37057	0.01271	0.22653	0.01656	0.01193	0.01704	0.01004	0.01291	0.00783	0.00472	0.00546	0.00166	0.00742	0.00493	0.00253	0.00788
11	0.01176	0.22837	0.56492	0.01341	0.02017	0.01447	0.01650	0.01660	0.01107	0.02956	0.00910	0.01061	0.00684	0.00500	0.00484	0.00155	0.02171	0.00367	0.00232	0.00753
12	0.01161	0.01094	0.01837	0.43816	0.37003	0.01222	0.01527	0.03221	0.01156	0.01566	0.00972	0.01361	0.00769	0.00505	0.00526	0.00167	0.00667	0.00471	0.00254	0.00707
13	0.02135	0.00887	0.01168	0.00913	0.01284	0.00796	0.00745	0.06387	0.02684	0.63538	0.06200	0.02007	0.03179	0.02702	0.00588	0.00172	0.00438	0.00570	0.02764	0.00842
14	0.01714	0.06482	0.03103	0.00891	0.01218	0.00862	0.00740	0.04958	0.06689	0.41285	0.08964	0.10579	0.06682	0.00828	0.00544	0.00167	0.00420	0.00691	0.02433	0.00753
15	0.02653	0.20064	0.34050	0.01355	0.01892	0.05471	0.10113	0.01657	0.01126	0.05696	0.00982	0.01180	0.00764	0.00739	0.05582	0.00202	0.05089	0.00412	0.00261	0.00714
16	0.00711	0.00534	0.00659	0.00638	0.00770	0.00481	0.00474	0.00922	0.01394	0.01901	0.55253	0.09158	0.22802	0.01181	0.00627	0.00172	0.00258	0.01030	0.00554	0.00481
17	0.00897	0.00599	0.00711	0.00657	0.00832	0.00545	0.00501	0.03918	0.01406	0.08090	0.38676	0.05668	0.28779	0.01104	0.00600	0.00169	0.00286	0.00944	0.05094	0.00527
18	0.04636	0.03530	0.03957	0.13020	0.48596	0.04144	0.07700	0.01627	0.03073	0.01679	0.01031	0.01388	0.00853	0.00505	0.00521	0.00162	0.00658	0.01885	0.00271	0.00762
19	0.01236	0.00976	0.01433	0.01354	0.10263	0.02772	0.12837	0.06315	0.07609	0.09857	0.07919	0.12222	0.08355	0.02186	0.00666	0.00181	0.04544	0.02090	0.06527	0.00658
20	0.00644	0.00462	0.00611	0.00731	0.00765	0.00430	0.00488	0.00737	0.01017	0.01352	0.02978	0.79085	0.05446	0.01648	0.00673	0.00214	0.00306	0.01493	0.00491	0.00430
21	0.06099	0.01333	0.01439	0.05287	0.01625	0.04340	0.00945	0.50733	0.02079	0.15315	0.01360	0.01360	0.00950	0.00621	0.00511	0.00158	0.00558	0.00471	0.03978	0.00839
22	0.03286	0.14414	0.53887	0.01398	0.03891	0.03506	0.02675	0.03209	0.01156	0.03861	0.01011	0.03603	0.00787	0.00537	0.00482	0.00159	0.00713	0.00416	0.00256	0.00751
23	0.06795	0.01519	0.01381	0.01131	0.01484	0.17220	0.00906	0.39106	0.08770	0.08721	0.01323	0.01335	0.00964	0.00616	0.00496	0.00154	0.00599	0.00454	0.06237	0.00788
24	0.01320	0.01441	0.05814	0.01391	0.01508	0.11239	0.02317	0.07149	0.01047	0.01461	0.00773	0.01142	0.00708	0.00825	0.01402	0.00210	0.58928	0.00447	0.00259	0.00620
25	0.00909	0.00463	0.00682	0.00682	0.00682	0.00463	0.00450	0.00694	0.00694	0.00925	0.00966	0.01725	0.00982	0.06923	0.02106	0.79244	0.00463	0.00479	0.00235	0.00235
26	0.01410	0.01319	0.01315	0.05524	0.05691	0.11503	0.00937	0.07221	0.52251	0.02069	0.01876	0.01809	0.03354	0.00682	0.00530	0.00171	0.00522	0.00556	0.00470	0.00788
27	0.03948	0.01339	0.01452	0.01139	0.01510	0.03273	0.00934	0.53647	0.03378	0.09234	0.04207	0.01421	0.01086	0.00708	0.01792	0.00171	0.04903	0.00489	0.01830	0.03540
28	0.01536	0.05571	0.01354	0.01051	0.01360	0.04287	0.00842	0.32229	0.21990	0.03761	0.10533	0.01878	0.01615	0.05299	0.00712	0.02296	0.01874	0.00566	0.00489	0.00757
29	0.00978	0.00495	0.00504	0.00504	0.00626	0.00498	0.00379	0.01223	0.01101	0.01948	0.01715	0.01974	0.01354	0.00721	0.02845	0.00146	0.00283	0.00495	0.81720	0.00492
30	0.00691	0.00538	0.00628	0.00605	0.00755	0.00475	0.00454	0.00887	0.01362	0.01800	0.44349	0.04475	0.38683	0.01200	0.00624	0.00172	0.00258	0.01030	0.00540	0.00475
31	0.00839	0.00578	0.00681	0.00636	0.00812	0.00511	0.00484	0.01052	0.02552	0.08269	0.37561	0.04250	0.37509	0.01155	0.00615	0.00172	0.00277	0.00987	0.00546	0.00514
32	0.01297	0.01116	0.01182	0.01072	0.01364	0.01288	0.00837	0.02744	0.74280	0.02188	0.02176	0.02124	0.01668	0.00745	0.00545	0.00182	0.00421	0.03410	0.00536	0.00823
33	0.00821	0.00602	0.00813	0.05287	0.01104	0.00605	0.00726	0.01049	0.04296	0.01520	0.07324	0.15858	0.11766	0.01400	0.00795	0.07244	0.00427	0.37428	0.00460	0.00473
34	0.02821	0.01346	0.07927	0.15448	0.23555	0.06878	0.01270	0.13304	0.04867	0.05144	0.03624	0.01664	0.01107	0.00607	0.00526	0.00164	0.00617	0.04500	0.01867	0.02763
35	0.01304	0.01208	0.01978	0.16937	0.57135	0.01263	0.01531	0.07776	0.01284	0.01790	0.01035	0.01394	0.00852	0.00510	0.00528	0.00162	0.00636	0.01602	0.00282	0.00792
36	0.00756	0.00512	0.00575	0.00579	0.00591	0.00506	0.00331	0.00767	0.00804	0.01060	0.01939	0.05868	0.06825	0.73935	0.02499	0.00482	0.00491	0.00813	0.00336	0.00332
37	0.01241	0.01579	0.12468	0.17966	0.07417	0.11338	0.30916	0.01624	0.01226	0.01586	0.05143	0.01444	0.00976	0.00528	0.00584	0.00170	0.02317	0.00530	0.00271	0.00677
38	0.07286	0.15321	0.18597	0.02902	0.09495	0.09648	0.01220	0.21443	0.01525	0.04199	0.02966	0.01193	0.00872	0.00549	0.00474	0.00151	0.00645	0.00411	0.00342	0.00761
39	0.00686	0.00521	0.00628	0.00708	0.02199	0.00478	0.00483	0.00794	0.01061	0.01352	0.03516	0.35353	0.28825	0.13927	0.00973	0.00250	0.00346	0.07012	0.00460	0.00430
40	0.01045	0.00597	0.00621	0.00583	0.00712	0.00613	0.00424	0.08768	0.01179	0.01915	0.01666	0.02206	0.01425	0.17224	0.00863	0.00207	0.00335	0.00548	0.58571	0.00499
41	0.45866	0.02632	0.03139	0.07155	0.11430	0.06245	0.00888	0.02821	0.01044	0.02006	0.02486	0.01228	0.00823	0.00642	0.02438	0.00183	0.04417	0.02117	0.01826	0.00617
42	0.60252	0.12307	0.02829	0.02633	0.01198	0.01327	0.00700	0.05654	0.03925	0.02202	0.00924	0.01028	0.02248	0.00520	0.00362	0.00158	0.00453	0.00332	0.00331	0.00617
43	0.01449	0.01154	0.01548	0.08145	0.01763	0.02427	0.12003	0.20356	0.10069	0.08396	0.01384	0.04925	0.01106	0.03828	0.00606	0.00164	0.00559	0.00534	0.00414	0.19169
44	0.03296	0.22175	0.28107	0.03893	0.11426	0.13243	0.01363	0.04185	0.01200	0.01553	0.00913	0.01132	0.00744	0.02585	0.01948	0.00169	0.00721	0.00382	0.00253	0.00713
45	0.01205	0.17093	0.52721	0.01405	0.03119	0.06384	0.03385	0.01747	0.05272	0.01601	0.00970	0.01113	0.00729	0.00506	0.00476	0.00156	0.00733	0.00386	0.00246	0.00754
46	0.05764	0.01013	0.04237	0.00970	0.01388	0.00872	0.00828	0.06338	0.03709	0.66182	0.01944	0.01711	0.01240	0.00642	0.00522	0.00164	0.00467	0.00515	0.00614	0.00879
47	0.01485	0.05668	0.06470	0.01293	0.05624	0.01417	0.01055	0.30531	0.03949	0.04751	0.01242	0.06235	0.01053	0.01017	0.07359	0.00235	0.18954	0.00533	0.00392	0.00736
48	0.01712	0.00766	0.01018	0.00849	0.01139	0.00686	0.00673	0.01964	0.04503	0.46980	0.19701	0.11751	0.04135	0.00889	0.00572	0.00171	0.00381	0.00760	0.00610	0.00739
49	0.01043	0.00636	0.00784	0.00723	0.00914	0.00584	0.00553	0.01319	0.06209	0.15894	0.32157	0.11573	0.21972	0.01108	0.00609	0.00176	0.00312	0.02300	0.00559	0.00574
50	0.00677	0.00489	0.00647	0.00762	0.00817	0.00460	0.00544	0.00796	0.01058	0.01392	0.03051	0.63967	0.08178	0.01604	0.00681	0.00217	0.00334	0.13396	0.00490	0.00440
51	0.08674	0.01299	0.01324	0.05061	0.01500	0.07816	0.00891	0.40396	0.01841	0.06745	0.01255	0.01348	0.00926	0.00624	0.00548	0.00157	0.04874	0.00454	0.13517	0.00752
52	0.00841	0.00689	0.00986	0.00940	0.01001	0.00852	0.00733	0.00991	0.00842	0.01225	0.01357	0.06290	0.01353	0.10273	0.50414	0.00644	0.19189	0.00612	0.00286	0.00480
53	0.00649	0.00464	0.00610	0.00724	0.00757	0.00433	0.00481	0.00738	0.01007	0.01338	0.02925	0.75800	0.05380	0.05024	0.00759	0.00226	0.00314	0.01462	0.00484	0.00425
54	0.01449	0.01076	0.01155	0.00971	0.01264	0.01167	0.00771	0.37653	0.14144	0.02527	0.02164	0.11361	0.10902	0.00854	0.00541	0.00167	0.00446	0.00698	0.09960	0.00732
55	0.30537	0.07351	0.15167	0.01237	0.03574	0.05448	0.13573	0.01673	0.01112	0.08829	0.01102	0.06227	0.00902	0.00574	0.00463	0.00165	0.00599	0.00469	0.00327	0.00670
56	0.01182	0.00917	0.01277	0.04576	0.05483	0.02830	0.11504	0.08895	0.02456	0.01934	0.02683	0.02800	0.01182	0.00637	0.00597	0.00154	0.09030	0.00524	0.40735	0.00604
57	0.60961	0.01117	0.01035	0.14408	0.05687	0.06180	0.00811	0.01559	0.00981	0.02094	0.00790	0.00983	0.00616	0.00500	0.00382	0.00164	0.00506	0.00331	0.00304	0.00592
58	0.01242	0.01182	0.01991	0.10101	0.60963	0.01209	0.03662	0.01611	0.05025	0.01695	0.01154	0.05678	0.01007	0.00552	0.00536	0.00164	0.00615	0.00538	0.00286	0.00788
59	0.05078	0.00884	0.01183	0.00917	0.01308	0.00776	0.00755	0.02456	0.01491	0.71768	0.06159	0.01884	0.01484	0.00672	0.00530	0.00164	0.00438	0.00546	0.00639	0.00867
60	0.01127	0.01061	0.01858	0.29890	0.19185	0.01171	0.14672	0.01433	0.01106	0.03322	0.01177	0.08584	0.01035	0.00649	0.00678	0.00180	0.08914	0.00592	0.02710	0.00654
61	0.00850	0.00701	0.01010	0.02883	0.04505	0.01915	0.00769	0.01027	0.00875	0.01253	0.01337	0.03864	0.01280	0.06774	0.57992	0.00687	0.10924	0.00576	0.00281	0.00498
62	0.00657	0.00481	0.00612	0.00704	0.00761	0.00443	0.00481	0.00763	0.01061	0.01396	0.07270	0.61412	0.14008	0.04608	0.00743	0.00219	0.00310	0.03150	0.00489	0.00433
63	0.01673	0.01128	0.01320	0.03036	0.05576	0.01193	0.00878	0.38882	0.04814	0.13394	0.14310	0.01952	0.03498	0.00719	0.00539	0.00160	0.00481	0.00584	0.05077	0.00786
64	0.02574	0.02890	0.00783	0.00749	0.03269	0.00632	0.00541	0.01122	0.08037	0.04383	0.20053	0.13196	0.37479	0.01171	0.00602	0.00177	0.00311	0.01000	0.00503	0.00528
65	0.08661	0.05911	0.01514	0.21065	0.06577	0.28113	0.01089	0.07358	0.01305	0.01605	0.00972	0.02687	0.00814	0.00636	0.01835	0.00167	0.03770	0.01481	0.01705	0.02734

[dist]
# distance from previous block
# <min> <max>
3	10

[block]
# block no. 8 follows, 46 sequences, length 11
# corresponding to MSA columns:
# 274-284
name=unknown_I
#
# <colnr> <probs for GDERKNQSTAVLIFYWHMCP>
#	G	D	E	R	K	N	Q	S	T	A	V	L	I	F	Y	W	H	M	C	P
0	0.00699	0.00571	0.00664	0.00725	0.03662	0.00512	0.00513	0.00885	0.03075	0.01527	0.11962	0.16893	0.48717	0.01324	0.00634	0.00187	0.00304	0.06179	0.00493	0.00476
1	0.01094	0.02513	0.66305	0.01670	0.05701	0.01242	0.10772	0.01674	0.01136	0.01679	0.00965	0.01162	0.00693	0.00494	0.00518	0.00168	0.00788	0.00422	0.00230	0.00776
2	0.85155	0.01022	0.00777	0.00695	0.01022	0.01186	0.00573	0.01554	0.00900	0.02372	0.00736	0.00859	0.00573	0.00491	0.00327	0.00164	0.00409	0.00286	0.00327	0.00573
3	0.00729	0.00534	0.00675	0.00649	0.00768	0.00489	0.00478	0.00943	0.01397	0.01938	0.61118	0.08470	0.13221	0.05372	0.00735	0.00189	0.00269	0.00996	0.00552	0.00479
4	0.01308	0.01256	0.02146	0.03245	0.78123	0.01256	0.01622	0.01622	0.01204	0.01727	0.00994	0.01308	0.00837	0.00471	0.00523	0.00157	0.00628	0.00471	0.00262	0.00837
5	0.00711	0.00523	0.00633	0.00632	0.00731	0.00480	0.00444	0.00867	0.01230	0.01660	0.37653	0.15298	0.19464	0.16128	0.01015	0.00240	0.00310	0.01034	0.00501	0.00445
6	0.01965	0.01333	0.01465	0.01126	0.01535	0.01429	0.00927	0.59640	0.02228	0.12963	0.01381	0.01363	0.00968	0.00625	0.00515	0.00154	0.00540	0.00476	0.04508	0.04861
7	0.00653	0.00469	0.00606	0.00711	0.00748	0.00437	0.00471	0.00740	0.01005	0.01329	0.02969	0.70064	0.08080	0.08011	0.00833	0.00236	0.00321	0.01420	0.00477	0.00422
8	0.01630	0.01300	0.01360	0.01198	0.05454	0.08669	0.00908	0.41125	0.05740	0.04632	0.14743	0.05694	0.01812	0.00769	0.00553	0.00164	0.00534	0.02450	0.00501	0.00763
9	0.06125	0.05469	0.06750	0.01109	0.01540	0.01137	0.06602	0.14811	0.04297	0.26719	0.01388	0.01389	0.00976	0.00576	0.00548	0.00151	0.04313	0.00455	0.00451	0.15193
10	0.08217	0.01158	0.05417	0.07476	0.06786	0.01114	0.00973	0.18332	0.08108	0.29420	0.06367	0.01661	0.01307	0.00639	0.00519	0.00165	0.00510	0.00517	0.00504	0.00808

[dist]
# distance from previous block
# <min> <max>
3	6

[block]
# block no. 9 follows, 46 sequences, length 30
# corresponding to MSA columns:
# 291-320
name=unknown_J
#
# <colnr> <probs for GDERKNQSTAVLIFYWHMCP>
#	G	D	E	R	K	N	Q	S	T	A	V	L	I	F	Y	W	H	M	C	P
0	0.00939	0.02137	0.00825	0.00736	0.00941	0.00707	0.00564	0.04229	0.14642	0.05475	0.22897	0.09636	0.30467	0.01094	0.00595	0.00174	0.00321	0.00931	0.00524	0.02165
1	0.01789	0.01437	0.01448	0.01153	0.01538	0.07460	0.00934	0.51645	0.14176	0.02829	0.01517	0.01497	0.04016	0.00655	0.00522	0.00156	0.00561	0.00501	0.00497	0.05669
2	0.01562	0.04424	0.09657	0.03880	0.10549	0.07550	0.06918	0.29782	0.10806	0.02308	0.01326	0.01413	0.02947	0.00590	0.00520	0.00158	0.00628	0.00485	0.00398	0.04098
3	0.00803	0.00653	0.00712	0.00754	0.00839	0.05551	0.00518	0.02749	0.01102	0.01435	0.08415	0.51231	0.07353	0.10975	0.00881	0.00233	0.00376	0.01204	0.00457	0.03756
4	0.01413	0.81739	0.02770	0.00905	0.01357	0.02092	0.00905	0.01583	0.01074	0.01244	0.00735	0.00848	0.00678	0.00452	0.00339	0.00113	0.00565	0.00283	0.00226	0.00678
5	0.03211	0.00754	0.00953	0.07123	0.01175	0.02203	0.00711	0.08326	0.01071	0.01571	0.01414	0.05045	0.01309	0.10746	0.32753	0.00480	0.06882	0.00578	0.13174	0.00521
6	0.01367	0.52196	0.05314	0.01040	0.01392	0.07005	0.00978	0.03387	0.01116	0.01371	0.05192	0.01110	0.00935	0.00586	0.00627	0.00142	0.14962	0.00367	0.00258	0.00655
7	0.00903	0.00696	0.00867	0.00910	0.05362	0.00700	0.00638	0.01348	0.15905	0.03243	0.30147	0.12738	0.11330	0.06252	0.00747	0.00203	0.00351	0.06582	0.00512	0.00565
8	0.00644	0.00460	0.00613	0.00736	0.00767	0.00429	0.00491	0.00736	0.01012	0.01350	0.02914	0.81076	0.03497	0.01656	0.00675	0.00215	0.00307	0.01503	0.00491	0.00429
9	0.01160	0.01193	0.01943	0.06317	0.01828	0.01509	0.18269	0.01366	0.00925	0.01372	0.00809	0.01252	0.00732	0.00854	0.02984	0.00228	0.55908	0.00502	0.00241	0.00607
10	0.00650	0.00464	0.00620	0.00743	0.00776	0.00434	0.00500	0.00746	0.01018	0.01356	0.02911	0.79046	0.03484	0.01651	0.00676	0.00215	0.00312	0.03477	0.00491	0.00431
11	0.00844	0.00750	0.00951	0.00857	0.01024	0.02181	0.05439	0.01144	0.08305	0.01639	0.19599	0.11599	0.32031	0.01138	0.00747	0.00185	0.09619	0.00951	0.00467	0.00528
12	0.04731	0.00564	0.00793	0.06412	0.00960	0.00596	0.00562	0.03358	0.02000	0.01126	0.00989	0.03373	0.00957	0.01620	0.01770	0.68674	0.00474	0.00479	0.00255	0.00307
13	0.01337	0.01139	0.01255	0.01108	0.01416	0.01303	0.03133	0.02770	0.73138	0.03926	0.02117	0.01952	0.01582	0.00708	0.00540	0.00179	0.00434	0.00597	0.00532	0.00834
14	0.01263	0.01126	0.10031	0.02234	0.01398	0.00997	0.03707	0.08671	0.24453	0.10905	0.10000	0.16487	0.03625	0.00897	0.00574	0.00180	0.00461	0.01785	0.00494	0.00713
15	0.01060	0.02735	0.78682	0.01507	0.02288	0.01228	0.01953	0.01674	0.01116	0.01674	0.00949	0.01116	0.00670	0.00502	0.00502	0.00167	0.00781	0.00391	0.00223	0.00781
16	0.01240	0.01307	0.06339	0.13939	0.54286	0.05072	0.01517	0.01554	0.01180	0.01624	0.01098	0.06417	0.00972	0.00561	0.00530	0.00163	0.00643	0.00526	0.00271	0.00761
17	0.00660	0.00471	0.00632	0.00754	0.00792	0.00443	0.00519	0.00764	0.01028	0.01367	0.02905	0.75299	0.03462	0.01641	0.00679	0.00217	0.00321	0.07122	0.00490	0.00434
18	0.01229	0.01548	0.11241	0.02203	0.08467	0.01327	0.60177	0.01674	0.01217	0.01682	0.01040	0.01375	0.00787	0.00468	0.00635	0.00177	0.03184	0.00582	0.00261	0.00726
19	0.02474	0.07057	0.02553	0.01807	0.02218	0.02807	0.50880	0.01530	0.01172	0.01582	0.01381	0.06329	0.05889	0.00629	0.00717	0.00180	0.09193	0.00656	0.00289	0.00658
20	0.01205	0.01343	0.02858	0.15522	0.02913	0.01309	0.63453	0.01635	0.01215	0.01635	0.01047	0.01423	0.00786	0.00460	0.00608	0.00178	0.00859	0.00598	0.00262	0.00692
21	0.00650	0.00472	0.00608	0.00708	0.00756	0.00436	0.00477	0.00749	0.01041	0.01375	0.05798	0.68285	0.11014	0.04035	0.00729	0.00218	0.00307	0.01422	0.00489	0.00430
22	0.01480	0.46758	0.10767	0.01092	0.01524	0.18467	0.03010	0.01705	0.01212	0.03622	0.05262	0.01122	0.00948	0.00520	0.00416	0.00130	0.00660	0.00362	0.00270	0.00673
23	0.02569	0.00641	0.00802	0.00741	0.00910	0.00617	0.00562	0.01334	0.08999	0.10414	0.52337	0.10386	0.05519	0.01043	0.00604	0.00172	0.00297	0.00913	0.00571	0.00571
24	0.00681	0.00533	0.00622	0.00667	0.00790	0.00482	0.00492	0.00856	0.03074	0.01501	0.11002	0.29898	0.37990	0.01414	0.00648	0.00195	0.00303	0.07895	0.00500	0.00459
25	0.01458	0.75456	0.02669	0.00941	0.01379	0.08215	0.00914	0.01625	0.01108	0.01248	0.00741	0.00856	0.00679	0.00460	0.00350	0.00115	0.00596	0.00287	0.00230	0.00673
26	0.01109	0.01260	0.06650	0.26912	0.02751	0.02556	0.36699	0.01489	0.01165	0.01558	0.04108	0.06600	0.01094	0.00594	0.00620	0.00180	0.03109	0.00621	0.00280	0.00644
27	0.01046	0.01010	0.01747	0.65015	0.08241	0.01215	0.07474	0.01392	0.01069	0.01399	0.00941	0.01392	0.00721	0.00538	0.00596	0.00178	0.04693	0.00482	0.00239	0.00613
28	0.00858	0.00508	0.00671	0.00665	0.00745	0.00519	0.00486	0.00932	0.00973	0.01452	0.12326	0.02320	0.05719	0.01892	0.19345	0.27510	0.00589	0.00597	0.21491	0.00402
29	0.01269	0.03868	0.46144	0.01718	0.14198	0.01230	0.05989	0.07444	0.01284	0.07050	0.04083	0.01328	0.00935	0.00536	0.00518	0.00164	0.00700	0.00453	0.00299	0.00790

[dist]
# distance from previous block
# <min> <max>
5	12

[block]
# block no. 10 follows, 46 sequences, length 93
# corresponding to MSA columns:
# 333-425
name=unknown_K
#
# <colnr> <probs for GDERKNQSTAVLIFYWHMCP>
#	G	D	E	R	K	N	Q	S	T	A	V	L	I	F	Y	W	H	M	C	P
0	0.01807	0.01208	0.01343	0.01062	0.01414	0.01299	0.00863	0.51548	0.02075	0.12409	0.04972	0.04290	0.01300	0.03408	0.03033	0.00192	0.00543	0.00553	0.05875	0.00807
1	0.00758	0.00501	0.00640	0.00699	0.00755	0.00470	0.00466	0.00853	0.01039	0.04886	0.10027	0.51246	0.05881	0.17938	0.01076	0.00268	0.00349	0.01240	0.00472	0.00436
2	0.05329	0.01314	0.03689	0.05521	0.57404	0.03873	0.06105	0.02461	0.01185	0.01717	0.00962	0.01272	0.00801	0.00506	0.00593	0.00163	0.05590	0.00465	0.00265	0.00784
3	0.01900	0.01269	0.01414	0.01116	0.01490	0.01362	0.00908	0.55967	0.02159	0.14564	0.01592	0.10987	0.01275	0.00761	0.00547	0.00166	0.00528	0.00608	0.00543	0.00842
4	0.73870	0.01026	0.00912	0.07677	0.04945	0.01188	0.00700	0.01540	0.00928	0.02253	0.00766	0.00928	0.00597	0.00493	0.00354	0.00164	0.00445	0.00311	0.00316	0.00586
5	0.01788	0.23834	0.01842	0.01215	0.01530	0.47018	0.00987	0.04438	0.01372	0.04875	0.00860	0.00987	0.00717	0.00553	0.00526	0.00138	0.06040	0.00346	0.00283	0.00651
6	0.01284	0.01232	0.02102	0.09201	0.72354	0.01250	0.01610	0.01601	0.01192	0.01698	0.00990	0.01316	0.00827	0.00475	0.00524	0.00158	0.00634	0.00471	0.00260	0.00818
7	0.01286	0.01319	0.02398	0.06238	0.33845	0.02974	0.31096	0.03909	0.02879	0.01733	0.02733	0.01417	0.00917	0.00510	0.00621	0.00170	0.04376	0.00542	0.00283	0.00754
8	0.09271	0.04452	0.01002	0.00809	0.01058	0.00785	0.00645	0.05633	0.02574	0.23895	0.27633	0.11555	0.04423	0.00927	0.00559	0.00171	0.00371	0.03049	0.00544	0.00646
9	0.02362	0.00916	0.01237	0.00948	0.01358	0.00801	0.00783	0.04646	0.01540	0.76381	0.02063	0.01784	0.01297	0.00654	0.00532	0.00163	0.00454	0.00530	0.00651	0.00900
10	0.00688	0.00503	0.00683	0.02452	0.00858	0.00501	0.00541	0.00809	0.00998	0.01344	0.05133	0.52946	0.05544	0.06764	0.15032	0.00345	0.00531	0.03450	0.00440	0.00439
11	0.03898	0.00987	0.01604	0.68395	0.09571	0.01198	0.01434	0.04030	0.01114	0.01486	0.00949	0.01378	0.00718	0.00526	0.00521	0.00174	0.00684	0.00464	0.00251	0.00618
12	0.01034	0.00931	0.01255	0.04722	0.01275	0.03218	0.00928	0.01198	0.00887	0.01348	0.01042	0.01528	0.00956	0.01742	0.23996	0.00393	0.42110	0.00494	0.10405	0.00538
13	0.01678	0.00788	0.01016	0.00853	0.01144	0.00715	0.00678	0.05829	0.03128	0.43176	0.12032	0.12596	0.10712	0.00929	0.00576	0.00174	0.00393	0.02261	0.00593	0.00729
14	0.01039	0.00984	0.01646	0.68126	0.11257	0.01206	0.01468	0.01375	0.01060	0.01386	0.00933	0.01386	0.00718	0.00543	0.00590	0.00177	0.04788	0.00470	0.00238	0.00613
15	0.01241	0.03127	0.32628	0.05746	0.02378	0.04854	0.29266	0.05253	0.01250	0.03170	0.02664	0.01317	0.00838	0.00520	0.00591	0.00171	0.03482	0.00499	0.00273	0.00732
16	0.01075	0.00744	0.00920	0.00920	0.01082	0.00761	0.00732	0.16913	0.01415	0.04573	0.02464	0.33094	0.02653	0.01308	0.00650	0.00208	0.00431	0.26635	0.02856	0.00567
17	0.01303	0.01250	0.02136	0.04657	0.76756	0.01255	0.01620	0.01617	0.01201	0.01720	0.00993	0.01310	0.00835	0.00472	0.00523	0.00157	0.00629	0.00471	0.00261	0.00833
18	0.00712	0.00514	0.00666	0.00743	0.00809	0.00487	0.00519	0.03339	0.01148	0.01542	0.14163	0.61644	0.06171	0.01518	0.00662	0.00205	0.00312	0.03881	0.00506	0.00458
19	0.04084	0.00732	0.00892	0.00807	0.01010	0.00713	0.00600	0.01664	0.12398	0.25405	0.07603	0.20014	0.04771	0.15713	0.00962	0.00242	0.00403	0.00843	0.00518	0.00625
20	0.01714	0.01341	0.01546	0.01269	0.03245	0.04190	0.06496	0.41577	0.18452	0.06333	0.01629	0.01771	0.02808	0.00690	0.00548	0.00169	0.00565	0.04325	0.00500	0.00829
21	0.01158	0.03231	0.46719	0.01457	0.02050	0.01159	0.12864	0.05183	0.01224	0.05676	0.04716	0.08242	0.01176	0.00641	0.00564	0.00173	0.02168	0.00559	0.00306	0.00734
22	0.02006	0.01580	0.01578	0.01230	0.01639	0.09093	0.01006	0.69234	0.02391	0.03136	0.01226	0.01239	0.00878	0.00626	0.00524	0.00156	0.00617	0.00463	0.00504	0.00872
23	0.01025	0.00967	0.01634	0.73507	0.10075	0.01182	0.01481	0.01374	0.01070	0.01383	0.00944	0.01401	0.00716	0.00524	0.00528	0.00175	0.00698	0.00470	0.00237	0.00609
