[name]
unknown

[dist]
# distance from previous block
# <min> <max>
8	86

[block]
# block no. 0 follows, 42 sequences, length 7
# corresponding to MSA columns:
# 115-121
name=unknown_A
#
# <colnr> <probs for GDERKNQSTAVLIFYWHMCP>
#	G	D	E	R	K	N	Q	S	T	A	V	L	I	F	Y	W	H	M	C	P
0	0.03166	0.06875	0.01258	0.00987	0.01216	0.03152	0.07551	0.03984	0.01215	0.08219	0.04317	0.29083	0.03794	0.08802	0.00896	0.03945	0.00491	0.02391	0.00440	0.08218
1	0.15223	0.06053	0.04546	0.00983	0.01358	0.07471	0.00827	0.15124	0.05470	0.06001	0.07644	0.03852	0.01385	0.00657	0.00485	0.00152	0.00512	0.00502	0.06960	0.14795
2	0.24712	0.03052	0.01282	0.04144	0.11961	0.07665	0.00900	0.13909	0.01447	0.02246	0.08737	0.09362	0.05267	0.00780	0.00519	0.00175	0.00526	0.00622	0.02011	0.00684
3	0.01268	0.04027	0.31677	0.17895	0.09362	0.07596	0.01573	0.07194	0.01373	0.01857	0.09634	0.01608	0.01282	0.00621	0.00553	0.00174	0.00728	0.00510	0.00317	0.00751
4	0.01367	0.07453	0.31619	0.06809	0.03931	0.07580	0.03336	0.07416	0.10299	0.05010	0.01414	0.08760	0.01177	0.00695	0.00552	0.00178	0.00699	0.00569	0.00356	0.00781
5	0.01005	0.04322	0.00973	0.06228	0.01107	0.03129	0.00626	0.05355	0.04993	0.01560	0.10780	0.13543	0.02341	0.34488	0.03111	0.00352	0.02598	0.00845	0.02139	0.00504
6	0.03423	0.00682	0.00831	0.00800	0.00971	0.00660	0.00618	0.06743	0.01469	0.07345	0.29407	0.17450	0.10828	0.01214	0.00645	0.00193	0.00355	0.09461	0.06330	0.00575

[dist]
# distance from previous block
# <min> <max>
3	4

[block]
# block no. 1 follows, 42 sequences, length 21
# corresponding to MSA columns:
# 126-146
name=unknown_B
#
# <colnr> <probs for GDERKNQSTAVLIFYWHMCP>
#	G	D	E	R	K	N	Q	S	T	A	V	L	I	F	Y	W	H	M	C	P
0	0.00979	0.00800	0.00917	0.06967	0.01224	0.05679	0.00705	0.09718	0.01301	0.01683	0.02586	0.59344	0.02969	0.01464	0.00674	0.00213	0.00439	0.01305	0.00491	0.00542
1	0.01743	0.25163	0.05580	0.08950	0.07205	0.17423	0.02850	0.07043	0.01416	0.12970	0.01115	0.01242	0.00858	0.00578	0.00540	0.00156	0.03634	0.00422	0.00347	0.00764
2	0.01073	0.00985	0.01558	0.63565	0.03351	0.01206	0.01402	0.01571	0.09972	0.01547	0.01317	0.07672	0.01096	0.00680	0.00576	0.00191	0.00681	0.00602	0.00310	0.00644
3	0.01184	0.01367	0.12070	0.34241	0.22385	0.01213	0.04265	0.01571	0.01188	0.01662	0.01022	0.01381	0.00798	0.00518	0.00540	0.00166	0.00698	0.00471	0.00269	0.12991
4	0.00978	0.00489	0.00733	0.00733	0.00733	0.00489	0.00489	0.00733	0.00733	0.00978	0.00978	0.01711	0.00978	0.01955	0.02199	0.83627	0.00489	0.00489	0.00244	0.00244
5	0.07575	0.00960	0.01116	0.01033	0.01313	0.01018	0.00834	0.02244	0.30892	0.18442	0.02387	0.08426	0.02072	0.00992	0.00614	0.00205	0.00461	0.18086	0.00566	0.00765
6	0.00705	0.00511	0.00671	0.00791	0.00845	0.00477	0.00552	0.00822	0.01114	0.01467	0.03292	0.67048	0.09341	0.01717	0.00720	0.00228	0.00342	0.08371	0.00522	0.00464
7	0.01209	0.01054	0.03334	0.10244	0.03572	0.00914	0.08222	0.04266	0.02738	0.05403	0.03404	0.11626	0.01369	0.00669	0.00526	0.00142	0.00521	0.00599	0.00378	0.39809
8	0.01837	0.01570	0.01679	0.01385	0.03592	0.11304	0.06168	0.42395	0.09170	0.02750	0.02871	0.03603	0.02378	0.00716	0.00624	0.00174	0.04109	0.00561	0.02269	0.00843
9	0.01167	0.01000	0.01167	0.00834	0.01334	0.00750	0.00667	0.01417	0.01167	0.01834	0.01000	0.01167	0.00834	0.00417	0.00417	0.00083	0.00417	0.00333	0.00333	0.83663
10	0.07558	0.34710	0.12481	0.01095	0.01592	0.05385	0.01073	0.07680	0.01391	0.20313	0.01217	0.01233	0.00897	0.00565	0.00458	0.00150	0.00613	0.00401	0.00388	0.00802
11	0.01690	0.01216	0.01335	0.01141	0.01497	0.01350	0.00904	0.12673	0.53258	0.15177	0.02151	0.01967	0.01560	0.00740	0.00570	0.00185	0.00475	0.00607	0.00592	0.00911
12	0.01313	0.01449	0.09341	0.05912	0.38841	0.02729	0.10161	0.01704	0.02951	0.01813	0.01073	0.01355	0.00867	0.00494	0.00538	0.00155	0.00671	0.00478	0.00292	0.17862
13	0.00691	0.00571	0.00606	0.00597	0.00776	0.00486	0.00448	0.00857	0.01343	0.01664	0.19460	0.05180	0.62635	0.01372	0.00665	0.00187	0.00281	0.01155	0.00541	0.00486
14	0.01395	0.01461	0.01878	0.01559	0.01704	0.11341	0.10520	0.03971	0.06297	0.01554	0.00934	0.01305	0.00827	0.00843	0.01397	0.00220	0.51329	0.00508	0.00290	0.00669
15	0.01349	0.01412	0.02736	0.09743	0.11541	0.01405	0.47441	0.04618	0.10179	0.01902	0.01260	0.01564	0.00955	0.00528	0.00627	0.00186	0.00824	0.00620	0.00325	0.00785
16	0.00690	0.00566	0.00608	0.00609	0.00778	0.00484	0.00452	0.00852	0.01325	0.01647	0.18221	0.10007	0.59012	0.01398	0.00668	0.00190	0.00284	0.01184	0.00540	0.00484
17	0.01575	0.01237	0.01431	0.04644	0.07410	0.03150	0.01014	0.34328	0.11229	0.02624	0.08672	0.03933	0.01845	0.03288	0.00675	0.00198	0.00562	0.10878	0.00513	0.00792
18	0.00831	0.00649	0.00807	0.00801	0.00901	0.00665	0.00585	0.03067	0.02974	0.01713	0.22431	0.29134	0.16698	0.07538	0.00962	0.00232	0.07839	0.01153	0.00510	0.00510
19	0.01578	0.01290	0.06622	0.03502	0.01539	0.01267	0.00957	0.37964	0.06677	0.04686	0.01747	0.16495	0.01596	0.06562	0.00796	0.02441	0.00554	0.00736	0.00498	0.02494
20	0.02904	0.08864	0.01770	0.04563	0.11034	0.04868	0.05785	0.17795	0.07336	0.05909	0.01325	0.05410	0.01090	0.00637	0.00565	0.00157	0.02996	0.00524	0.00404	0.16065

[dist]
# distance from previous block
# <min> <max>
1	15

[block]
# block no. 2 follows, 42 sequences, length 9
# corresponding to MSA columns:
# 162-170
name=unknown_C
#
# <colnr> <probs for GDERKNQSTAVLIFYWHMCP>
#	G	D	E	R	K	N	Q	S	T	A	V	L	I	F	Y	W	H	M	C	P
0	0.01964	0.01642	0.08317	0.01237	0.01659	0.09867	0.01062	0.44204	0.02094	0.12009	0.01416	0.01595	0.01069	0.08355	0.00777	0.00204	0.00657	0.00520	0.00499	0.00853
1	0.00932	0.00640	0.00765	0.00750	0.00811	0.00663	0.00498	0.07493	0.01039	0.01395	0.01874	0.11854	0.02073	0.49047	0.10470	0.04156	0.00629	0.04100	0.00381	0.00431
2	0.09499	0.01099	0.01227	0.03783	0.03152	0.01194	0.00831	0.35363	0.01781	0.02509	0.03697	0.19490	0.01771	0.09151	0.00854	0.02105	0.00521	0.00781	0.00487	0.00706
3	0.01709	0.01911	0.01337	0.01202	0.01471	0.44717	0.00912	0.12345	0.01674	0.01798	0.09000	0.07102	0.10828	0.00832	0.00564	0.00163	0.00749	0.00631	0.00406	0.00650
4	0.01539	0.21235	0.04424	0.08219	0.04408	0.32416	0.01040	0.01728	0.01319	0.01403	0.01360	0.09962	0.04438	0.03494	0.00591	0.00170	0.00747	0.00554	0.00309	0.00642
5	0.08819	0.01121	0.01164	0.01009	0.01337	0.03352	0.00788	0.07661	0.35419	0.05567	0.05383	0.07718	0.04398	0.00791	0.00545	0.00172	0.00448	0.00649	0.00510	0.13151
6	0.01523	0.09153	0.01914	0.15825	0.02157	0.16578	0.12505	0.04644	0.09466	0.05606	0.01214	0.01438	0.00945	0.00628	0.00676	0.00175	0.09076	0.00498	0.05266	0.00712
7	0.01185	0.00939	0.01080	0.00819	0.01242	0.00755	0.00650	0.05848	0.01298	0.05491	0.02018	0.04252	0.15066	0.00673	0.00488	0.00117	0.00405	0.00551	0.00406	0.56719
8	0.01306	0.03731	0.01172	0.01038	0.04517	0.02763	0.00765	0.16694	0.03462	0.04715	0.04706	0.18845	0.01856	0.03452	0.03919	0.00211	0.03615	0.00758	0.13245	0.09231

[dist]
# distance from previous block
# <min> <max>
7	21

[block]
# block no. 3 follows, 42 sequences, length 90
# corresponding to MSA columns:
# 192-245,256-289,291,292
name=unknown_D
#
# <colnr> <probs for GDERKNQSTAVLIFYWHMCP>
#	G	D	E	R	K	N	Q	S	T	A	V	L	I	F	Y	W	H	M	C	P
0	0.14235	0.15983	0.08903	0.06840	0.03828	0.01537	0.28824	0.08321	0.01326	0.01960	0.01013	0.01257	0.00783	0.00512	0.00525	0.00169	0.00736	0.00485	0.00306	0.02457
1	0.06215	0.13664	0.15888	0.08131	0.01974	0.08817	0.06724	0.12828	0.05399	0.03949	0.01130	0.01358	0.00891	0.02837	0.02998	0.00203	0.05441	0.00464	0.00339	0.00751
2	0.01458	0.02932	0.01424	0.03101	0.03220	0.07035	0.02755	0.14692	0.01475	0.04674	0.01173	0.04357	0.00976	0.00561	0.00513	0.00124	0.02400	0.00445	0.00383	0.46302
3	0.01700	0.01416	0.06271	0.09292	0.03891	0.01450	0.02753	0.46329	0.02038	0.02760	0.01368	0.03470	0.01081	0.04527	0.06723	0.00247	0.00704	0.00552	0.02605	0.00822
4	0.00813	0.00543	0.00615	0.00620	0.00621	0.00542	0.00348	0.00817	0.00828	0.01104	0.01823	0.06555	0.02109	0.77264	0.02783	0.00534	0.00537	0.00848	0.00348	0.00345
5	0.00896	0.02978	0.02992	0.00984	0.01100	0.00871	0.02740	0.01076	0.00912	0.01306	0.01418	0.02239	0.01376	0.14861	0.52097	0.00718	0.10015	0.00611	0.00297	0.00512
6	0.00742	0.00573	0.00678	0.00661	0.00815	0.00509	0.00498	0.00952	0.01443	0.01914	0.43222	0.06793	0.34742	0.01291	0.00669	0.00186	0.00282	0.02952	0.00574	0.00505
7	0.00779	0.00566	0.00735	0.00717	0.00840	0.00522	0.00532	0.01019	0.01512	0.02115	0.63046	0.13170	0.08463	0.01243	0.00672	0.00185	0.00278	0.02483	0.00602	0.00519
8	0.01063	0.01000	0.01688	0.78870	0.03876	0.01250	0.01563	0.01438	0.01125	0.01438	0.01000	0.01500	0.00750	0.00563	0.00563	0.00188	0.00750	0.00500	0.00250	0.00625
9	0.01505	0.80561	0.02949	0.00963	0.01444	0.02227	0.00963	0.01685	0.01143	0.01324	0.00782	0.00903	0.00722	0.00481	0.00361	0.00120	0.00602	0.00301	0.00241	0.00722
10	0.01505	0.80561	0.02949	0.00963	0.01444	0.02227	0.00963	0.01685	0.01143	0.01324	0.00782	0.00903	0.00722	0.00481	0.00361	0.00120	0.00602	0.00301	0.00241	0.00722
11	0.00686	0.00490	0.00653	0.00784	0.00816	0.00457	0.00522	0.00784	0.01077	0.01437	0.03102	0.79855	0.03722	0.01763	0.00718	0.00229	0.00326	0.01600	0.00522	0.00457
12	0.00686	0.00490	0.00653	0.00784	0.00816	0.00457	0.00522	0.00784	0.01077	0.01437	0.03102	0.79855	0.03722	0.01763	0.00718	0.00229	0.00326	0.01600	0.00522	0.00457
13	0.01231	0.01231	0.01724	0.01477	0.01477	0.01724	0.01231	0.01354	0.00862	0.01354	0.00739	0.01231	0.00739	0.00985	0.01847	0.00246	0.79192	0.00492	0.00246	0.00616
14	0.01167	0.01000	0.01167	0.00834	0.01334	0.00750	0.00667	0.01417	0.01167	0.01834	0.01000	0.01167	0.00834	0.00417	0.00417	0.00083	0.00417	0.00333	0.00333	0.83663
15	0.00699	0.00495	0.00649	0.00766	0.00796	0.00466	0.00504	0.00787	0.01051	0.01401	0.02966	0.72099	0.03551	0.09752	0.00937	0.00261	0.00349	0.01520	0.00504	0.00445
16	0.01060	0.00634	0.00809	0.00739	0.00926	0.00567	0.00563	0.01286	0.01512	0.14723	0.47589	0.08715	0.16372	0.01157	0.00651	0.00182	0.00309	0.01006	0.00610	0.00589
17	0.07199	0.02583	0.01547	0.01406	0.01699	0.73201	0.01058	0.02210	0.01555	0.01449	0.00865	0.01009	0.00718	0.00576	0.00498	0.00147	0.00979	0.00359	0.00294	0.00650
18	0.84197	0.01088	0.00827	0.00740	0.01088	0.01262	0.00609	0.01654	0.00958	0.02525	0.00784	0.00914	0.00609	0.00522	0.00348	0.00174	0.00435	0.00305	0.00348	0.00609
19	0.02102	0.02682	0.01595	0.01450	0.01740	0.77963	0.01087	0.02247	0.01595	0.01377	0.00870	0.01015	0.00725	0.00580	0.00507	0.00145	0.01015	0.00362	0.00290	0.00652
20	0.01393	0.01337	0.02284	0.03454	0.76712	0.01337	0.01727	0.01727	0.01281	0.01839	0.01059	0.01393	0.00891	0.00501	0.00557	0.00167	0.00669	0.00501	0.00279	0.00891
21	0.02399	0.00947	0.01277	0.00997	0.01407	0.00832	0.00816	0.04801	0.01609	0.70179	0.02249	0.06737	0.01524	0.00762	0.00575	0.00177	0.00474	0.00628	0.00682	0.00927
22	0.01063	0.01000	0.01688	0.78870	0.03876	0.01250	0.01563	0.01438	0.01125	0.01438	0.01000	0.01500	0.00750	0.00563	0.00563	0.00188	0.00750	0.00500	0.00250	0.00625
23	0.01393	0.01337	0.02284	0.03454	0.76712	0.01337	0.01727	0.01727	0.01281	0.01839	0.01059	0.01393	0.00891	0.00501	0.00557	0.00167	0.00669	0.00501	0.00279	0.00891
24	0.00705	0.00504	0.00675	0.00806	0.00847	0.00474	0.00556	0.00817	0.01097	0.01458	0.03091	0.73392	0.03680	0.01745	0.00723	0.00231	0.00343	0.07871	0.00522	0.00462
25	0.01505	0.80561	0.02949	0.00963	0.01444	0.02227	0.00963	0.01685	0.01143	0.01324	0.00782	0.00903	0.00722	0.00481	0.00361	0.00120	0.00602	0.00301	0.00241	0.00722
26	0.27390	0.01004	0.01159	0.00925	0.01331	0.00974	0.00762	0.02417	0.03211	0.52556	0.01784	0.01615	0.01162	0.00645	0.00500	0.00175	0.00465	0.00488	0.00587	0.00850
27	0.00691	0.00494	0.00658	0.00780	0.00817	0.00461	0.00523	0.00797	0.01101	0.01475	0.06513	0.76335	0.03796	0.01735	0.00716	0.00226	0.00324	0.01573	0.00527	0.00461
28	0.00685	0.00506	0.00641	0.00744	0.00807	0.00462	0.00506	0.00795	0.01127	0.01473	0.05527	0.64744	0.16550	0.01687	0.00707	0.00220	0.00318	0.01512	0.00525	0.00462
29	0.01152	0.00985	0.01151	0.00832	0.01318	0.00741	0.00662	0.01398	0.01164	0.01822	0.01064	0.03547	0.00921	0.00457	0.00426	0.00088	0.00414	0.00372	0.00339	0.81146
30	0.00721	0.00649	0.05412	0.00818	0.00911	0.00516	0.00611	0.00860	0.01111	0.01491	0.06466	0.66446	0.06637	0.03560	0.00755	0.00229	0.00359	0.01463	0.00505	0.00482
31	0.00700	0.00512	0.00654	0.00743	0.00808	0.00471	0.00508	0.00824	0.01166	0.01547	0.12952	0.58965	0.13251	0.03157	0.00746	0.00223	0.00317	0.01456	0.00532	0.00467
32	0.01135	0.02072	0.41282	0.13856	0.04875	0.01254	0.16908	0.01658	0.01225	0.01743	0.04636	0.04519	0.01085	0.00602	0.00580	0.00184	0.00792	0.00557	0.00279	0.00757
33	0.01424	0.48551	0.03748	0.20572	0.02118	0.03775	0.03038	0.01666	0.01160	0.04232	0.00904	0.01130	0.00759	0.00537	0.00504	0.00149	0.04385	0.00383	0.00263	0.00703
34	0.01295	0.01200	0.01439	0.07202	0.01548	0.08052	0.01047	0.09918	0.01203	0.01676	0.01227	0.09341	0.01175	0.01220	0.07938	0.00272	0.36724	0.00607	0.06291	0.00627
35	0.22504	0.02814	0.01437	0.01239	0.06974	0.01451	0.00936	0.39756	0.01896	0.04867	0.01325	0.02944	0.02876	0.00684	0.00545	0.02206	0.00547	0.00486	0.00467	0.04045
36	0.07127	0.00727	0.00920	0.00795	0.01036	0.00670	0.00623	0.01606	0.01543	0.25017	0.46119	0.03321	0.06266	0.00978	0.00612	0.00176	0.00343	0.00837	0.00621	0.00664
37	0.01459	0.01238	0.01306	0.01157	0.01486	0.01428	0.00905	0.08768	0.69821	0.02450	0.02215	0.02039	0.01657	0.00756	0.00572	0.00189	0.00459	0.00626	0.00572	0.00896
38	0.01498	0.78576	0.02918	0.00976	0.01445	0.02214	0.00970	0.01677	0.01136	0.01325	0.00781	0.00911	0.00723	0.00494	0.00398	0.00124	0.02569	0.00306	0.00241	0.00720
39	0.00765	0.00561	0.00717	0.00706	0.00828	0.00513	0.00519	0.00990	0.01476	0.02046	0.57066	0.16805	0.12352	0.01280	0.00673	0.00187	0.00278	0.01131	0.00594	0.00513
40	0.00793	0.00575	0.00747	0.00704	0.00838	0.00529	0.00528	0.01055	0.01584	0.02236	0.74443	0.04238	0.07295	0.01158	0.00664	0.00177	0.00266	0.01022	0.00617	0.00529
41	0.01416	0.01217	0.01281	0.01148	0.01469	0.01407	0.00895	0.04541	0.74118	0.02380	0.02270	0.02083	0.01701	0.00762	0.00572	0.00190	0.00449	0.00633	0.00572	0.00892
42	0.01049	0.00525	0.00525	0.00525	0.00656	0.00525	0.00393	0.01311	0.01180	0.02098	0.01836	0.02098	0.01442	0.00656	0.00393	0.00131	0.00262	0.00525	0.83346	0.00525
43	0.84197	0.01088	0.00827	0.00740	0.01088	0.01262	0.00609	0.01654	0.00958	0.02525	0.00784	0.00914	0.00609	0.00522	0.00348	0.00174	0.00435	0.00305	0.00348	0.00609
44	0.84197	0.01088	0.00827	0.00740	0.01088	0.01262	0.00609	0.01654	0.00958	0.02525	0.00784	0.00914	0.00609	0.00522	0.00348	0.00174	0.00435	0.00305	0.00348	0.00609
45	0.01150	0.00622	0.00632	0.00596	0.00756	0.00637	0.00456	0.08100	0.01316	0.02232	0.01791	0.02029	0.01398	0.00657	0.00409	0.00135	0.00295	0.00523	0.75703	0.00564
46	0.01328	0.01518	0.03321	0.02372	0.02941	0.01423	0.74668	0.01803	0.01328	0.01803	0.01139	0.01518	0.00854	0.00474	0.00664	0.00190	0.00949	0.00664	0.00285	0.00759
47	0.02139	0.01576	0.01689	0.01295	0.01745	0.01745	0.01070	0.74835	0.02646	0.03547	0.01351	0.01351	0.00957	0.00676	0.00563	0.00169	0.00619	0.00507	0.00563	0.00957
48	0.02510	0.00982	0.01321	0.01013	0.01449	0.00863	0.00837	0.05553	0.01651	0.74234	0.02186	0.01893	0.01376	0.00696	0.00566	0.00174	0.00484	0.00564	0.00691	0.00958
49	0.01231	0.01231	0.01724	0.01477	0.01477	0.01724	0.01231	0.01354	0.00862	0.01354	0.00739	0.01231	0.00739	0.00985	0.01847	0.00246	0.79192	0.00492	0.00246	0.00616
50	0.02151	0.01021	0.01282	0.01036	0.01429	0.00986	0.00838	0.02771	0.23233	0.53319	0.04190	0.02029	0.01591	0.00728	0.00570	0.00179	0.00463	0.00598	0.00658	0.00927
51	0.02453	0.00974	0.01304	0.01010	0.01438	0.00864	0.00831	0.02758	0.06318	0.72352	0.02225	0.01927	0.01414	0.00701	0.00566	0.00175	0.00477	0.00570	0.00689	0.00953
52	0.02525	0.00958	0.01306	0.01001	0.01437	0.00827	0.00827	0.02743	0.01611	0.77102	0.02220	0.01915	0.01393	0.00697	0.00566	0.00174	0.00479	0.00566	0.00697	0.00958
53	0.00816	0.00599	0.00769	0.00738	0.00870	0.00568	0.00548	0.01133	0.05319	0.02180	0.65320	0.11645	0.04968	0.01192	0.00665	0.00183	0.00281	0.01056	0.00607	0.00542
54	0.02525	0.00958	0.01306	0.01001	0.01437	0.00827	0.00827	0.02743	0.01611	0.77102	0.02220	0.01915	0.01393	0.00697	0.00566	0.00174	0.00479	0.00566	0.00697	0.00958
55	0.00798	0.00573	0.00744	0.00702	0.00827	0.00532	0.00519	0.01047	0.01545	0.02184	0.71781	0.04171	0.05107	0.06059	0.00800	0.00200	0.00283	0.01005	0.00602	0.00519
56	0.01789	0.01285	0.01467	0.01189	0.01508	0.01445	0.00971	0.46009	0.02040	0.07453	0.01520	0.06896	0.01244	0.00946	0.03751	0.00211	0.10803	0.02074	0.06579	0.00820
57	0.01049	0.00525	0.00525	0.00525	0.00656	0.00525	0.00393	0.01311	0.01180	0.02098	0.01836	0.02098	0.01442	0.00656	0.00393	0.00131	0.00262	0.00525	0.83346	0.00525
58	0.02476	0.01037	0.01355	0.01039	0.01476	0.00944	0.00858	0.11950	0.01743	0.67707	0.02109	0.01843	0.01337	0.00694	0.00566	0.00173	0.00497	0.00558	0.00679	0.00958
59	0.01139	0.02850	0.74382	0.01676	0.05331	0.01308	0.02066	0.01780	0.01192	0.01784	0.01012	0.01196	0.00720	0.00533	0.00536	0.00178	0.00825	0.00419	0.00239	0.00834
60	0.01049	0.00927	0.01527	0.65080	0.03337	0.01135	0.01380	0.01364	0.02680	0.01400	0.01143	0.01639	0.02707	0.00770	0.00778	0.11026	0.00698	0.00519	0.00263	0.00578
61	0.84197	0.01088	0.00827	0.00740	0.01088	0.01262	0.00609	0.01654	0.00958	0.02525	0.00784	0.00914	0.00609	0.00522	0.00348	0.00174	0.00435	0.00305	0.00348	0.00609
62	0.00705	0.00528	0.00658	0.00748	0.00834	0.00482	0.00532	0.00835	0.01171	0.01515	0.06965	0.51220	0.22236	0.01632	0.00708	0.00219	0.00330	0.07687	0.00526	0.00470
63	0.01288	0.01206	0.01855	0.35288	0.32007	0.03943	0.01510	0.06147	0.02862	0.01781	0.04145	0.01662	0.01077	0.00596	0.00568	0.00178	0.00688	0.02138	0.00310	0.00750
64	0.01995	0.01383	0.01525	0.01165	0.01609	0.01451	0.00958	0.53263	0.02257	0.11265	0.01412	0.01413	0.01005	0.00639	0.00535	0.00155	0.00560	0.00488	0.03664	0.13256
65	0.01231	0.01231	0.01724	0.01477	0.01477	0.01724	0.01231	0.01354	0.00862	0.01354	0.00739	0.01231	0.00739	0.00985	0.01847	0.00246	0.79192	0.00492	0.00246	0.00616
66	0.00684	0.00498	0.00645	0.00762	0.00811	0.00459	0.00513	0.00786	0.01098	0.01445	0.03367	0.72262	0.11144	0.01729	0.00713	0.00225	0.00322	0.01558	0.00522	0.00459
67	0.00689	0.00492	0.00656	0.00782	0.00817	0.00459	0.00523	0.00791	0.01091	0.01459	0.05064	0.77831	0.03765	0.01747	0.00717	0.00227	0.00325	0.01584	0.00525	0.00459
68	0.00686	0.00490	0.00653	0.00784	0.00816	0.00457	0.00522	0.00784	0.01077	0.01437	0.03102	0.79855	0.03722	0.01763	0.00718	0.00229	0.00326	0.01600	0.00522	0.00457
69	0.01063	0.01000	0.01688	0.78870	0.03876	0.01250	0.01563	0.01438	0.01125	0.01438	0.01000	0.01500	0.00750	0.00563	0.00563	0.00188	0.00750	0.00500	0.00250	0.00625
70	0.84197	0.01088	0.00827	0.00740	0.01088	0.01262	0.00609	0.01654	0.00958	0.02525	0.00784	0.00914	0.00609	0.00522	0.00348	0.00174	0.00435	0.00305	0.00348	0.00609
71	0.01129	0.02911	0.77306	0.01604	0.02436	0.01307	0.02079	0.01782	0.01188	0.01782	0.01010	0.01188	0.00713	0.00535	0.00535	0.00178	0.00832	0.00416	0.00238	0.00832
72	0.01274	0.01497	0.06799	0.13244	0.02993	0.01369	0.57901	0.01736	0.01286	0.01750	0.01107	0.01486	0.00831	0.00488	0.00634	0.00185	0.00896	0.00616	0.00279	0.03626
73	0.01117	0.00947	0.01113	0.00828	0.01279	0.00719	0.00652	0.01351	0.01158	0.01792	0.01221	0.09414	0.01136	0.00558	0.00448	0.00099	0.00407	0.00466	0.00353	0.74942
74	0.01558	0.23895	0.34451	0.01346	0.01973	0.01476	0.06343	0.03238	0.01300	0.17529	0.01216	0.01287	0.00872	0.00552	0.00502	0.00162	0.00698	0.00434	0.00344	0.00825
75	0.00856	0.00692	0.00770	0.00730	0.00918	0.00672	0.00550	0.01313	0.15455	0.01933	0.30540	0.04305	0.34665	0.03241	0.00704	0.00195	0.00315	0.01012	0.00562	0.00570
76	0.00936	0.00716	0.00949	0.00866	0.01090	0.00605	0.03376	0.01107	0.01148	0.04233	0.04083	0.46312	0.02616	0.01217	0.00610	0.00176	0.00384	0.01095	0.00459	0.28024
77	0.01400	0.01209	0.01273	0.01145	0.01463	0.01400	0.00891	0.02990	0.75695	0.02354	0.02291	0.02100	0.01718	0.00764	0.00573	0.00191	0.00445	0.00636	0.00573	0.00891
78	0.84197	0.01088	0.00827	0.00740	0.01088	0.01262	0.00609	0.01654	0.00958	0.02525	0.00784	0.00914	0.00609	0.00522	0.00348	0.00174	0.00435	0.00305	0.00348	0.00609
79	0.00804	0.00603	0.00904	0.00904	0.01005	0.00703	0.00703	0.01005	0.00904	0.01306	0.01507	0.02211	0.01407	0.04221	0.77992	0.00904	0.01507	0.00603	0.00301	0.00502
80	0.04957	0.02627	0.01568	0.01425	0.01717	0.75296	0.01071	0.02227	0.01573	0.01417	0.00867	0.01011	0.00721	0.00578	0.00502	0.00146	0.00995	0.00360	0.00292	0.00651
81	0.00686	0.00490	0.00653	0.00784	0.00816	0.00457	0.00522	0.00784	0.01077	0.01437	0.03102	0.79855	0.03722	0.01763	0.00718	0.00229	0.00326	0.01600	0.00522	0.00457
82	0.00715	0.00572	0.00645	0.00666	0.00825	0.00502	0.00508	0.00885	0.01311	0.01642	0.15827	0.12768	0.50026	0.01432	0.00683	0.00200	0.00313	0.09458	0.00537	0.00487
83	0.02050	0.01490	0.01593	0.01232	0.01656	0.01645	0.01014	0.68808	0.02526	0.03428	0.01391	0.01412	0.00997	0.00674	0.00549	0.00166	0.00590	0.00508	0.07350	0.00922
84	0.09560	0.01138	0.04123	0.01126	0.03368	0.01198	0.00881	0.08727	0.39076	0.02238	0.02159	0.16279	0.01927	0.00941	0.00585	0.00197	0.00463	0.04729	0.00516	0.00767
85	0.00807	0.00597	0.00778	0.00876	0.00999	0.00569	0.00715	0.01008	0.01256	0.01613	0.05441	0.21053	0.19235	0.01559	0.00738	0.00236	0.00422	0.41079	0.00523	0.00497
86	0.00807	0.00590	0.00837	0.00837	0.00915	0.00667	0.00620	0.00962	0.00885	0.01257	0.01569	0.02551	0.01554	0.21774	0.60641	0.00822	0.01285	0.00653	0.00311	0.00465
87	0.84197	0.01088	0.00827	0.00740	0.01088	0.01262	0.00609	0.01654	0.00958	0.02525	0.00784	0.00914	0.00609	0.00522	0.00348	0.00174	0.00435	0.00305	0.00348	0.00609
88	0.05069	0.04206	0.01653	0.03491	0.05572	0.55295	0.01118	0.09082	0.01587	0.01651	0.00916	0.01086	0.00753	0.00605	0.00590	0.00156	0.05774	0.00391	0.00313	0.00691
89	0.00949	0.00672	0.00841	0.00769	0.00939	0.00649	0.00586	0.04127	0.06866	0.04901	0.64198	0.03889	0.06232	0.01095	0.00650	0.00178	0.00300	0.00959	0.00615	0.00587

[dist]
# distance from previous block
# <min> <max>
0	1

[block]
# block no. 4 follows, 42 sequences, length 24
# corresponding to MSA columns:
# 294-317
name=unknown_E
#
# <colnr> <probs for GDERKNQSTAVLIFYWHMCP>
#	G	D	E	R	K	N	Q	S	T	A	V	L	I	F	Y	W	H	M	C	P
0	0.01445	0.01241	0.03277	0.04559	0.04775	0.01327	0.05183	0.13599	0.41771	0.04302	0.08754	0.02141	0.03571	0.00758	0.00585	0.00184	0.00513	0.00647	0.00527	0.00840
1	0.00804	0.00603	0.00904	0.00904	0.01005	0.00703	0.00703	0.01005	0.00904	0.01306	0.01507	0.02211	0.01407	0.04221	0.77992	0.00904	0.01507	0.00603	0.00301	0.00502
2	0.00963	0.00617	0.00775	0.00711	0.00891	0.00552	0.00542	0.01197	0.01527	0.10560	0.52615	0.04209	0.20377	0.01159	0.00653	0.00180	0.00294	0.01004	0.00607	0.00567
3	0.03366	0.01112	0.03159	0.00919	0.01412	0.00896	0.00762	0.09864	0.01373	0.09386	0.01154	0.01255	0.00894	0.00479	0.00449	0.00106	0.00457	0.00377	0.00393	0.62186
4	0.01063	0.01000	0.01688	0.78870	0.03876	0.01250	0.01563	0.01438	0.01125	0.01438	0.01000	0.01500	0.00750	0.00563	0.00563	0.00188	0.00750	0.00500	0.00250	0.00625
5	0.01938	0.01478	0.01609	0.01262	0.01671	0.01647	0.01035	0.57215	0.12052	0.03171	0.01420	0.01433	0.01038	0.00692	0.00633	0.00172	0.05248	0.00514	0.00533	0.05242
6	0.00873	0.00727	0.04337	0.07151	0.01186	0.00652	0.00699	0.01086	0.03079	0.05015	0.13192	0.37584	0.12895	0.05809	0.00823	0.00226	0.02467	0.01176	0.00492	0.00532
7	0.00804	0.00603	0.00904	0.00904	0.01005	0.00703	0.00703	0.01005	0.00904	0.01306	0.01507	0.02211	0.01407	0.04221	0.77992	0.00904	0.01507	0.00603	0.00301	0.00502
8	0.02400	0.00949	0.01271	0.00987	0.01407	0.00832	0.00811	0.02664	0.04254	0.70989	0.02381	0.02081	0.04814	0.00732	0.00571	0.00175	0.00469	0.00597	0.00684	0.00933
9	0.01479	0.05262	0.01942	0.20541	0.15671	0.22571	0.06220	0.01732	0.01246	0.01496	0.00924	0.01269	0.00772	0.00628	0.00790	0.00180	0.15854	0.00463	0.00267	0.00692
10	0.01075	0.01013	0.01711	0.76001	0.06647	0.01254	0.01569	0.01449	0.01131	0.01453	0.01002	0.01496	0.00756	0.00560	0.00562	0.00187	0.00747	0.00500	0.00251	0.00635
11	0.01292	0.13676	0.53900	0.01548	0.06048	0.04875	0.01757	0.01805	0.01227	0.05159	0.01153	0.01295	0.02748	0.00558	0.00515	0.00168	0.00768	0.00429	0.00271	0.00808
12	0.05057	0.05484	0.52421	0.01816	0.13675	0.01368	0.03584	0.04674	0.03419	0.01894	0.01052	0.01237	0.00778	0.00538	0.00528	0.00174	0.00763	0.00435	0.00273	0.00831
13	0.00904	0.00651	0.00897	0.01014	0.01143	0.00652	0.00873	0.01188	0.03148	0.01709	0.05628	0.09999	0.03301	0.01531	0.00765	0.00253	0.00497	0.64799	0.00523	0.00525
14	0.00686	0.00490	0.00653	0.00784	0.00816	0.00457	0.00522	0.00784	0.01077	0.01437	0.03102	0.79855	0.03722	0.01763	0.00718	0.00229	0.00326	0.01600	0.00522	0.00457
15	0.01237	0.01032	0.01562	0.06284	0.25794	0.02554	0.05247	0.05904	0.04574	0.05930	0.01770	0.21306	0.01738	0.02791	0.09405	0.00277	0.00679	0.00811	0.00396	0.00708
16	0.04512	0.01617	0.11822	0.06497	0.17586	0.05598	0.05147	0.20001	0.15338	0.02314	0.01441	0.01555	0.02780	0.00626	0.00557	0.00175	0.00658	0.00526	0.00405	0.00844
17	0.01163	0.01137	0.01645	0.01414	0.01452	0.01543	0.03802	0.01312	0.00886	0.01363	0.00881	0.01405	0.00854	0.01506	0.14503	0.00354	0.63403	0.00517	0.00257	0.00602
18	0.02525	0.00958	0.01306	0.01001	0.01437	0.00827	0.00827	0.02743	0.01611	0.77102	0.02220	0.01915	0.01393	0.00697	0.00566	0.00174	0.00479	0.00566	0.00697	0.00958
19	0.03926	0.24459	0.11034	0.05866	0.03362	0.08151	0.01175	0.14866	0.04718	0.03420	0.01153	0.01309	0.02523	0.00706	0.02178	0.00180	0.09437	0.00440	0.00339	0.00757
20	0.04934	0.01015	0.05204	0.03102	0.09628	0.00958	0.04305	0.13144	0.03002	0.03756	0.02160	0.31193	0.03364	0.03509	0.02373	0.00228	0.00533	0.06481	0.00457	0.00654
21	0.00775	0.00571	0.00725	0.00694	0.00829	0.00521	0.00518	0.01018	0.01531	0.02128	0.64283	0.07629	0.14261	0.01212	0.00666	0.00181	0.00271	0.01064	0.00603	0.00521
22	0.04313	0.00952	0.01272	0.00979	0.01408	0.00826	0.00807	0.02630	0.01575	0.71322	0.02245	0.01964	0.03341	0.00704	0.00559	0.00172	0.00471	0.00570	0.00674	0.03216
23	0.81377	0.01085	0.00856	0.03391	0.01183	0.01262	0.00642	0.01647	0.00963	0.02488	0.00791	0.00934	0.00614	0.00524	0.00356	0.00175	0.00446	0.00311	0.00345	0.00610

[dist]
# distance from previous block
# <min> <max>
0	3

[block]
# block no. 5 follows, 42 sequences, length 15
# corresponding to MSA columns:
# 321-335
name=unknown_F
#
# <colnr> <probs for GDERKNQSTAVLIFYWHMCP>
#	G	D	E	R	K	N	Q	S	T	A	V	L	I	F	Y	W	H	M	C	P
0	0.01630	0.03734	0.03925	0.01173	0.01516	0.06912	0.02844	0.33034	0.15795	0.02543	0.01662	0.08322	0.01393	0.04277	0.03448	0.00216	0.00612	0.00627	0.05542	0.00795
1	0.00783	0.00575	0.00734	0.00694	0.00833	0.00525	0.00521	0.01036	0.01562	0.02182	0.69241	0.04327	0.12531	0.01178	0.00664	0.00178	0.00267	0.01035	0.00610	0.00525
2	0.00756	0.00554	0.00698	0.00751	0.00847	0.00516	0.00551	0.00917	0.01244	0.01650	0.20716	0.29933	0.16667	0.09150	0.00914	0.00245	0.00356	0.12530	0.00527	0.00476
3	0.03233	0.00743	0.00992	0.03304	0.01085	0.00783	0.02198	0.13490	0.01145	0.03338	0.01183	0.03611	0.01073	0.01637	0.04978	0.51743	0.00558	0.00527	0.03935	0.00443
4	0.01134	0.00607	0.00758	0.00740	0.00871	0.00564	0.00522	0.01271	0.01183	0.16323	0.07608	0.29307	0.05066	0.18198	0.01097	0.00267	0.00389	0.01020	0.12530	0.00546
5	0.05191	0.32326	0.02123	0.01315	0.07936	0.13948	0.01036	0.15307	0.04524	0.09668	0.01132	0.01197	0.00884	0.00569	0.00467	0.00148	0.00651	0.00406	0.00375	0.00795
6	0.01456	0.70425	0.12655	0.01047	0.01574	0.02107	0.01109	0.01698	0.01149	0.01384	0.00812	0.00940	0.00721	0.00488	0.00384	0.00128	0.00632	0.00316	0.00240	0.00736
7	0.00703	0.00679	0.04716	0.00692	0.00877	0.00521	0.00555	0.00866	0.01229	0.01520	0.04735	0.23060	0.52512	0.01463	0.00675	0.00201	0.00332	0.03666	0.00507	0.00491
8	0.00833	0.00971	0.13912	0.00892	0.01114	0.00665	0.00795	0.02800	0.01239	0.01677	0.14851	0.31407	0.14337	0.07431	0.00835	0.00230	0.00431	0.04561	0.00476	0.00542
9	0.12482	0.07945	0.27781	0.03551	0.09073	0.04322	0.04413	0.03394	0.01249	0.10805	0.01195	0.01412	0.00908	0.04019	0.00602	0.00184	0.00666	0.00454	0.04783	0.00763
10	0.07360	0.09323	0.08491	0.01295	0.06608	0.03516	0.01070	0.19846	0.10140	0.22694	0.01528	0.01490	0.01080	0.00629	0.00523	0.00167	0.00577	0.00487	0.00493	0.02684
11	0.01607	0.13727	0.01602	0.03338	0.01514	0.03462	0.00911	0.29606	0.01782	0.02355	0.01822	0.14204	0.03596	0.07830	0.00806	0.00224	0.00590	0.03860	0.00488	0.06676
12	0.01153	0.03321	0.03978	0.04209	0.01324	0.07185	0.03972	0.12412	0.04335	0.01770	0.02242	0.31984	0.05868	0.12487	0.00950	0.00246	0.00532	0.00995	0.00445	0.00592
13	0.10534	0.04387	0.01397	0.02735	0.06915	0.04535	0.00927	0.16049	0.22027	0.10243	0.06996	0.04431	0.01570	0.00875	0.03726	0.00206	0.00560	0.00589	0.00497	0.00802
14	0.01468	0.01470	0.06556	0.01240	0.03121	0.16371	0.02269	0.08996	0.13602	0.06093	0.06282	0.12164	0.01795	0.00890	0.00671	0.00184	0.05792	0.05427	0.00446	0.05164

[dist]
# distance from previous block
# <min> <max>
1	22

[block]
# block no. 6 follows, 42 sequences, length 21
# corresponding to MSA columns:
# 362-382
name=unknown_G
#
# <colnr> <probs for GDERKNQSTAVLIFYWHMCP>
#	G	D	E	R	K	N	Q	S	T	A	V	L	I	F	Y	W	H	M	C	P
0	0.03502	0.05058	0.07472	0.03925	0.01420	0.01000	0.02622	0.12541	0.05204	0.09200	0.06880	0.22372	0.04458	0.01089	0.02758	0.00204	0.00515	0.02247	0.02598	0.04935
1	0.14556	0.07495	0.26808	0.04312	0.10135	0.01381	0.03164	0.07160	0.11062	0.03483	0.01181	0.01310	0.00889	0.00563	0.00502	0.00170	0.00643	0.00443	0.00342	0.04403
2	0.03802	0.11307	0.05924	0.01511	0.10528	0.27787	0.01130	0.12424	0.09685	0.03391	0.01287	0.01399	0.02861	0.00760	0.03657	0.00188	0.00772	0.00458	0.00366	0.00763
3	0.10678	0.03272	0.01447	0.11728	0.03172	0.05846	0.01028	0.15043	0.01345	0.03539	0.01149	0.03351	0.00978	0.03236	0.03732	0.00226	0.21543	0.00508	0.07507	0.00673
4	0.06071	0.01337	0.05260	0.08462	0.01819	0.01320	0.04392	0.34751	0.03700	0.02580	0.01507	0.07349	0.03723	0.00707	0.00545	0.00164	0.00575	0.00577	0.00450	0.14709
5	0.01162	0.01105	0.01875	0.55706	0.21808	0.01281	0.03853	0.01563	0.03210	0.01573	0.01054	0.01491	0.00815	0.00550	0.00565	0.00183	0.00728	0.00509	0.00267	0.00702
6	0.01347	0.01327	0.02087	0.23227	0.53108	0.05805	0.01646	0.01681	0.01259	0.01706	0.01032	0.01399	0.00844	0.00522	0.00556	0.00171	0.00710	0.00493	0.00272	0.00807
7	0.00775	0.00574	0.00723	0.00686	0.00828	0.00522	0.00514	0.01021	0.01543	0.02138	0.65012	0.04399	0.16787	0.01195	0.00664	0.00179	0.00269	0.01045	0.00604	0.00522
8	0.01033	0.00644	0.00836	0.00801	0.00962	0.00600	0.00609	0.03761	0.01487	0.11152	0.40839	0.20191	0.06758	0.01251	0.00669	0.00194	0.00337	0.06701	0.00595	0.00579
9	0.00696	0.00571	0.00613	0.00602	0.00779	0.00488	0.00452	0.00867	0.01355	0.01692	0.22209	0.05133	0.59868	0.01361	0.00665	0.00187	0.00280	0.01148	0.00545	0.00488
10	0.00762	0.00574	0.00707	0.00684	0.00829	0.00518	0.00515	0.00991	0.01489	0.02025	0.53732	0.06688	0.23779	0.01251	0.00669	0.00184	0.00280	0.03221	0.00588	0.00514
11	0.01936	0.02367	0.01756	0.01919	0.19305	0.60010	0.01237	0.02125	0.01521	0.01485	0.00914	0.01103	0.00764	0.00562	0.00519	0.00150	0.00934	0.00395	0.00287	0.00708
12	0.01129	0.02911	0.77306	0.01604	0.02436	0.01307	0.02079	0.01782	0.01188	0.01782	0.01010	0.01188	0.00713	0.00535	0.00535	0.00178	0.00832	0.00416	0.00238	0.00832
13	0.84197	0.01088	0.00827	0.00740	0.01088	0.01262	0.00609	0.01654	0.00958	0.02525	0.00784	0.00914	0.00609	0.00522	0.00348	0.00174	0.00435	0.00305	0.00348	0.00609
14	0.02525	0.00958	0.01306	0.01001	0.01437	0.00827	0.00827	0.02743	0.01611	0.77102	0.02220	0.01915	0.01393	0.00697	0.00566	0.00174	0.00479	0.00566	0.00697	0.00958
15	0.71358	0.03895	0.00949	0.00815	0.02858	0.01243	0.00650	0.01700	0.01016	0.06392	0.00912	0.01030	0.00698	0.00536	0.00367	0.00170	0.00441	0.00333	0.04003	0.00635
16	0.01579	0.63907	0.02650	0.01021	0.01485	0.02098	0.00971	0.11302	0.07335	0.01696	0.00978	0.01057	0.00833	0.00529	0.00404	0.00132	0.00592	0.00355	0.00309	0.00766
17	0.01985	0.00949	0.01205	0.00963	0.01320	0.00888	0.00780	0.12302	0.03531	0.45434	0.18444	0.02495	0.05490	0.00826	0.00591	0.00175	0.00442	0.00685	0.00651	0.00842
18	0.01210	0.00773	0.01169	0.00972	0.01228	0.00696	0.10204	0.01459	0.01469	0.18256	0.33050	0.10002	0.15053	0.01060	0.00647	0.00184	0.00409	0.00950	0.00569	0.00638
19	0.13988	0.00976	0.01239	0.00965	0.01388	0.00888	0.00797	0.02590	0.01519	0.66635	0.02019	0.01775	0.01283	0.00672	0.00535	0.00174	0.00473	0.00529	0.00648	0.00909
20	0.00685	0.00493	0.00650	0.00775	0.00814	0.00458	0.00519	0.00785	0.01086	0.01440	0.03207	0.76835	0.06674	0.01749	0.00716	0.00227	0.00325	0.01583	0.00522	0.00458

[dist]
# distance from previous block
# <min> <max>
2	8

[block]
# block no. 7 follows, 42 sequences, length 43
# corresponding to MSA columns:
# 391-402,405-435
name=unknown_H
#
# <colnr> <probs for GDERKNQSTAVLIFYWHMCP>
#	G	D	E	R	K	N	Q	S	T	A	V	L	I	F	Y	W	H	M	C	P
0	0.00837	0.00595	0.00763	0.00772	0.00900	0.00559	0.00587	0.01083	0.03134	0.03600	0.40447	0.16840	0.11230	0.03920	0.00759	0.00212	0.00335	0.12334	0.00570	0.00523
1	0.00761	0.00591	0.00668	0.00689	0.00826	0.00542	0.00515	0.00939	0.02964	0.01539	0.09468	0.08155	0.40636	0.15844	0.01086	0.00267	0.00376	0.13166	0.00497	0.00471
2	0.01063	0.01000	0.01688	0.78870	0.03876	0.01250	0.01563	0.01438	0.01125	0.01438	0.01000	0.01500	0.00750	0.00563	0.00563	0.00188	0.00750	0.00500	0.00250	0.00625
3	0.00686	0.00490	0.00653	0.00784	0.00816	0.00457	0.00522	0.00784	0.01077	0.01437	0.03102	0.79855	0.03722	0.01763	0.00718	0.00229	0.00326	0.01600	0.00522	0.00457
4	0.00786	0.00572	0.00740	0.00704	0.00836	0.00525	0.00526	0.01039	0.01558	0.02190	0.70176	0.07237	0.08624	0.01188	0.00666	0.00180	0.00269	0.01049	0.00611	0.00525
5	0.01287	0.13175	0.25961	0.04128	0.13632	0.01504	0.23664	0.01728	0.01215	0.01693	0.01005	0.01289	0.00786	0.00535	0.00641	0.00177	0.06042	0.00495	0.00259	0.00783
6	0.00850	0.00666	0.00974	0.00948	0.01033	0.00802	0.00739	0.01031	0.00895	0.01299	0.01441	0.02190	0.01372	0.08139	0.65771	0.00815	0.09626	0.00603	0.00298	0.00505
7	0.00688	0.00493	0.00650	0.00774	0.00810	0.00460	0.00516	0.00785	0.01076	0.01430	0.03131	0.76171	0.05432	0.03704	0.00770	0.00235	0.00331	0.01571	0.00518	0.00455
8	0.02056	0.01475	0.01598	0.01238	0.01661	0.01625	0.01019	0.66620	0.02485	0.05806	0.01406	0.01433	0.01009	0.00806	0.03399	0.00194	0.00632	0.00513	0.04103	0.00922
9	0.06740	0.01532	0.04802	0.08499	0.02609	0.08455	0.48569	0.01751	0.01276	0.01758	0.01082	0.01435	0.00831	0.00548	0.00676	0.01893	0.03279	0.00578	0.02977	0.00708
10	0.01613	0.28599	0.01903	0.01152	0.03923	0.14625	0.00932	0.09567	0.08152	0.07001	0.01386	0.10274	0.01243	0.00703	0.00492	0.00151	0.00609	0.00540	0.00385	0.06749
11	0.01409	0.01294	0.01708	0.01440	0.01541	0.04137	0.03183	0.06661	0.05929	0.05829	0.00980	0.01335	0.00857	0.00906	0.01527	0.00228	0.59530	0.00507	0.00317	0.00681
12	0.00889	0.00612	0.00747	0.00783	0.00904	0.00573	0.00557	0.06030	0.01279	0.05871	0.06196	0.51285	0.19080	0.01533	0.00686	0.00211	0.00344	0.01356	0.00539	0.00526
13	0.00761	0.00521	0.00631	0.00688	0.00702	0.00507	0.00420	0.00803	0.00931	0.01241	0.02350	0.36749	0.02774	0.46163	0.01933	0.00408	0.00450	0.01158	0.00420	0.00391
14	0.78460	0.01098	0.00889	0.00791	0.01115	0.01294	0.00652	0.01634	0.00951	0.02444	0.00780	0.00936	0.00618	0.00554	0.00452	0.00179	0.05882	0.00318	0.00341	0.00610
15	0.01388	0.01335	0.02110	0.16201	0.49355	0.05586	0.05966	0.01761	0.03731	0.03810	0.01208	0.01516	0.02410	0.00547	0.00565	0.00172	0.00699	0.00523	0.00301	0.00817
16	0.03366	0.29636	0.18603	0.05554	0.13863	0.05677	0.01374	0.04959	0.04196	0.01683	0.00974	0.01167	0.00797	0.00557	0.00555	0.00159	0.05425	0.00405	0.00279	0.00772
17	0.01191	0.05940	0.14589	0.35024	0.04974	0.01381	0.23478	0.01622	0.01194	0.01604	0.01025	0.01411	0.00777	0.00537	0.00612	0.00184	0.02962	0.00524	0.00258	0.00711
18	0.01463	0.01219	0.04065	0.04713	0.09061	0.03823	0.09877	0.03807	0.04855	0.13257	0.04830	0.01546	0.01171	0.00548	0.00519	0.00140	0.00565	0.00487	0.00400	0.33655
19	0.00753	0.00558	0.00699	0.00736	0.00842	0.00518	0.00541	0.00925	0.01278	0.01704	0.25893	0.25252	0.19126	0.07195	0.03122	0.00251	0.00371	0.09220	0.00532	0.00483
20	0.01343	0.01373	0.03583	0.08606	0.45793	0.06598	0.01515	0.01628	0.01220	0.01692	0.03850	0.01521	0.02441	0.00646	0.00805	0.00183	0.15615	0.00520	0.00287	0.00779
21	0.00730	0.00546	0.00613	0.00637	0.00725	0.00499	0.00423	0.00822	0.01098	0.01398	0.08054	0.19775	0.31632	0.28877	0.01441	0.00321	0.00383	0.01132	0.00465	0.00428
22	0.00777	0.00574	0.00725	0.00687	0.00829	0.00523	0.00515	0.01023	0.01546	0.02145	0.65689	0.04388	0.16105	0.01192	0.00664	0.00179	0.00268	0.01044	0.00605	0.00523
23	0.00768	0.00568	0.00716	0.00691	0.00826	0.00517	0.00514	0.01002	0.01508	0.02083	0.60073	0.09661	0.16512	0.01237	0.00668	0.00183	0.00273	0.01085	0.00597	0.00517
24	0.01505	0.80561	0.02949	0.00963	0.01444	0.02227	0.00963	0.01685	0.01143	0.01324	0.00782	0.00903	0.00722	0.00481	0.00361	0.00120	0.00602	0.00301	0.00241	0.00722
25	0.02377	0.01108	0.01389	0.01074	0.01506	0.01062	0.00884	0.18651	0.05990	0.56697	0.02033	0.01801	0.01315	0.00696	0.00566	0.00174	0.00508	0.00557	0.00660	0.00954
26	0.84197	0.01088	0.00827	0.00740	0.01088	0.01262	0.00609	0.01654	0.00958	0.02525	0.00784	0.00914	0.00609	0.00522	0.00348	0.00174	0.00435	0.00305	0.00348	0.00609
27	0.01400	0.01209	0.01273	0.01145	0.01463	0.01400	0.00891	0.02990	0.75695	0.02354	0.02291	0.02100	0.01718	0.00764	0.00573	0.00191	0.00445	0.00636	0.00573	0.00891
28	0.84197	0.01088	0.00827	0.00740	0.01088	0.01262	0.00609	0.01654	0.00958	0.02525	0.00784	0.00914	0.00609	0.00522	0.00348	0.00174	0.00435	0.00305	0.00348	0.00609
29	0.01400	0.01209	0.01273	0.01145	0.01463	0.01400	0.00891	0.02990	0.75695	0.02354	0.02291	0.02100	0.01718	0.00764	0.00573	0.00191	0.00445	0.00636	0.00573	0.00891
30	0.01400	0.01209	0.01273	0.01145	0.01463	0.01400	0.00891	0.02990	0.75695	0.02354	0.02291	0.02100	0.01718	0.00764	0.00573	0.00191	0.00445	0.00636	0.00573	0.00891
31	0.02493	0.00965	0.01305	0.01005	0.01437	0.00844	0.00829	0.02750	0.03733	0.74960	0.02222	0.01921	0.01402	0.00698	0.00566	0.00175	0.00478	0.00568	0.00693	0.00956
32	0.00787	0.00594	0.00730	0.00697	0.00849	0.00547	0.00527	0.01063	0.03692	0.02077	0.56253	0.04472	0.21432	0.01212	0.00664	0.00182	0.00281	0.02818	0.00593	0.00528
33	0.84197	0.01088	0.00827	0.00740	0.01088	0.01262	0.00609	0.01654	0.00958	0.02525	0.00784	0.00914	0.00609	0.00522	0.00348	0.00174	0.00435	0.00305	0.00348	0.00609
34	0.00700	0.00500	0.00654	0.00763	0.00803	0.00467	0.00509	0.00802	0.01094	0.01461	0.07178	0.68953	0.05279	0.06921	0.00856	0.00246	0.00337	0.01506	0.00516	0.00454
35	0.47033	0.01044	0.01054	0.00866	0.01254	0.01086	0.00714	0.03853	0.01279	0.34713	0.01417	0.01356	0.00956	0.00601	0.00447	0.00174	0.00458	0.00422	0.00504	0.00768
36	0.00692	0.00511	0.00648	0.00740	0.00809	0.00467	0.00507	0.00814	0.01160	0.01527	0.10366	0.60220	0.16179	0.01649	0.00704	0.00217	0.00314	0.01476	0.00531	0.00467
37	0.58513	0.01047	0.00978	0.00822	0.01198	0.01126	0.00678	0.01997	0.01163	0.25977	0.01235	0.01229	0.00856	0.00577	0.00417	0.00174	0.00449	0.00387	0.00458	0.00719
38	0.02151	0.00877	0.01173	0.00927	0.01304	0.00760	0.00756	0.02367	0.01578	0.61373	0.11171	0.02507	0.08828	0.00817	0.00587	0.00176	0.00436	0.00676	0.00671	0.00863
39	0.01003	0.00691	0.00917	0.00916	0.02831	0.00669	0.01960	0.03326	0.03401	0.08532	0.23610	0.26525	0.12304	0.01303	0.00710	0.00203	0.02794	0.07181	0.00549	0.00577
40	0.01109	0.00654	0.00716	0.00687	0.00840	0.00678	0.00520	0.10174	0.01321	0.02114	0.01934	0.13326	0.01712	0.01111	0.06810	0.00213	0.00417	0.00685	0.54412	0.00566
41	0.00744	0.00530	0.00684	0.00786	0.00830	0.00507	0.00525	0.03222	0.01108	0.01478	0.02935	0.70996	0.03493	0.08193	0.00890	0.00253	0.00354	0.01499	0.00509	0.00464
42	0.81637	0.01086	0.00854	0.03146	0.01174	0.01262	0.00639	0.01648	0.00963	0.02491	0.00790	0.00932	0.00614	0.00524	0.00355	0.00175	0.00445	0.00311	0.00345	0.00610

[dist]
# distance from previous block
# <min> <max>
0	35

[block]
# block no. 8 follows, 42 sequences, length 36
# corresponding to MSA columns:
# 471-481,483-507
name=unknown_I
#
# <colnr> <probs for GDERKNQSTAVLIFYWHMCP>
#	G	D	E	R	K	N	Q	S	T	A	V	L	I	F	Y	W	H	M	C	P
0	0.00692	0.00494	0.00658	0.00779	0.00818	0.00461	0.00523	0.00799	0.01106	0.01482	0.07139	0.75689	0.03810	0.01729	0.00715	0.00226	0.00323	0.01568	0.00528	0.00461
