[name]
unknown

[dist]
# distance from previous block
# <min> <max>
28	109

[block]
# block no. 0 follows, 46 sequences, length 49
# corresponding to MSA columns:
# 131-179
name=unknown_A
#
# <colnr> <probs for GDERKNQSTAVLIFYWHMCP>
#	G	D	E	R	K	N	Q	S	T	A	V	L	I	F	Y	W	H	M	C	P
0	0.04928	0.07057	0.06778	0.02568	0.04654	0.15496	0.03280	0.16718	0.01525	0.11741	0.04175	0.05430	0.06638	0.00715	0.00516	0.00159	0.00591	0.02807	0.03522	0.00701
1	0.10770	0.11525	0.06845	0.03001	0.01471	0.04840	0.00931	0.26489	0.04975	0.08646	0.04759	0.03532	0.03364	0.00761	0.02287	0.00177	0.00561	0.03900	0.00432	0.00734
2	0.10868	0.20992	0.10065	0.01168	0.06054	0.08334	0.01004	0.08962	0.02510	0.18019	0.04638	0.01321	0.01040	0.00574	0.00483	0.00150	0.02271	0.00421	0.00384	0.00742
3	0.14869	0.05077	0.06894	0.03403	0.06838	0.07596	0.02593	0.26798	0.05094	0.05914	0.01244	0.01315	0.03079	0.00577	0.00478	0.00153	0.00574	0.00438	0.00399	0.06665
4	0.10875	0.08354	0.03260	0.01171	0.03722	0.15422	0.00946	0.32347	0.01767	0.11508	0.01152	0.01185	0.00842	0.00570	0.00475	0.00148	0.00609	0.00412	0.00425	0.04808
5	0.07862	0.10513	0.17900	0.06842	0.02022	0.03467	0.18261	0.11961	0.02824	0.05360	0.04132	0.01334	0.00952	0.00534	0.00506	0.00159	0.00667	0.00470	0.00329	0.03905
6	0.01475	0.05122	0.03484	0.05856	0.25547	0.14522	0.02452	0.06838	0.09986	0.06222	0.01165	0.01333	0.00920	0.00648	0.02976	0.00172	0.02446	0.00448	0.00337	0.08051
7	0.04138	0.01095	0.01259	0.00958	0.01368	0.01045	0.00779	0.22555	0.03642	0.12553	0.01238	0.02689	0.00948	0.00554	0.00517	0.00127	0.04096	0.00423	0.00426	0.39589
8	0.01278	0.01103	0.01179	0.01027	0.01354	0.01213	0.00802	0.02562	0.64429	0.02130	0.01949	0.01826	0.01475	0.00663	0.00513	0.00162	0.00414	0.00550	0.00500	0.14873
9	0.01262	0.01206	0.02041	0.14646	0.65266	0.01245	0.01581	0.01609	0.02931	0.01682	0.01013	0.01339	0.00836	0.00485	0.00524	0.00160	0.00635	0.00474	0.00264	0.00800
10	0.00656	0.00469	0.00606	0.00710	0.00745	0.00439	0.00469	0.00741	0.00996	0.01319	0.02895	0.69549	0.06719	0.09934	0.00882	0.00244	0.00326	0.01409	0.00473	0.00419
11	0.00712	0.00530	0.00663	0.00649	0.00773	0.00480	0.00479	0.00920	0.01382	0.01894	0.54893	0.13701	0.18571	0.01201	0.00630	0.00175	0.00260	0.01054	0.00553	0.00480
12	0.01315	0.01136	0.01195	0.01076	0.01375	0.01315	0.00837	0.02809	0.77168	0.02211	0.02152	0.01972	0.01614	0.00717	0.00538	0.00179	0.00418	0.00598	0.00538	0.00837
13	0.00769	0.00513	0.00577	0.00577	0.00577	0.00513	0.00320	0.00769	0.00769	0.01025	0.01666	0.03460	0.01922	0.81421	0.02691	0.00513	0.00513	0.00769	0.00320	0.00320
14	0.00643	0.00464	0.00610	0.00726	0.00764	0.00430	0.00486	0.00737	0.01021	0.01353	0.03032	0.77402	0.07095	0.01641	0.00672	0.00213	0.00305	0.01484	0.00491	0.00430
15	0.85155	0.01022	0.00777	0.00695	0.01022	0.01186	0.00573	0.01554	0.00900	0.02372	0.00736	0.00859	0.00573	0.00491	0.00327	0.00164	0.00409	0.00286	0.00327	0.00573
16	0.01308	0.01256	0.02146	0.03245	0.78123	0.01256	0.01622	0.01622	0.01204	0.01727	0.00994	0.01308	0.00837	0.00471	0.00523	0.00157	0.00628	0.00471	0.00262	0.00837
17	0.85155	0.01022	0.00777	0.00695	0.01022	0.01186	0.00573	0.01554	0.00900	0.02372	0.00736	0.00859	0.00573	0.00491	0.00327	0.00164	0.00409	0.00286	0.00327	0.00573
18	0.85155	0.01022	0.00777	0.00695	0.01022	0.01186	0.00573	0.01554	0.00900	0.02372	0.00736	0.00859	0.00573	0.00491	0.00327	0.00164	0.00409	0.00286	0.00327	0.00573
19	0.02026	0.01454	0.01570	0.01204	0.01626	0.01600	0.00994	0.72968	0.02441	0.06788	0.01307	0.01294	0.00918	0.00636	0.00529	0.00159	0.00576	0.00479	0.00535	0.00899
20	0.85155	0.01022	0.00777	0.00695	0.01022	0.01186	0.00573	0.01554	0.00900	0.02372	0.00736	0.00859	0.00573	0.00491	0.00327	0.00164	0.00409	0.00286	0.00327	0.00573
21	0.01294	0.01242	0.02120	0.06744	0.74734	0.01252	0.01615	0.01610	0.01197	0.01710	0.00992	0.01313	0.00831	0.00474	0.00524	0.00158	0.00632	0.00471	0.00260	0.00826
22	0.01315	0.01136	0.01195	0.01076	0.01375	0.01315	0.00837	0.02809	0.77168	0.02211	0.02152	0.01972	0.01614	0.00717	0.00538	0.00179	0.00418	0.00598	0.00538	0.00837
23	0.01294	0.01089	0.01152	0.01037	0.01326	0.01245	0.00804	0.02664	0.70265	0.03856	0.02294	0.02149	0.05280	0.02393	0.00586	0.00186	0.00414	0.00625	0.00534	0.00809
24	0.02170	0.01146	0.01365	0.01050	0.01457	0.01152	0.00866	0.35362	0.01934	0.42824	0.01712	0.01569	0.01128	0.00644	0.00526	0.00160	0.00503	0.00506	0.03037	0.00888
25	0.02307	0.01004	0.01291	0.00990	0.01402	0.00932	0.00818	0.15835	0.01688	0.64984	0.01939	0.01704	0.01235	0.00651	0.00531	0.00163	0.00474	0.00522	0.00632	0.00900
26	0.00972	0.00620	0.00758	0.00690	0.00878	0.00566	0.00529	0.01248	0.05342	0.12655	0.43531	0.03855	0.24172	0.01072	0.00607	0.00170	0.00291	0.00921	0.00565	0.00558
27	0.00720	0.00504	0.00595	0.00623	0.00661	0.00483	0.00391	0.00782	0.00947	0.01258	0.09932	0.24109	0.09973	0.44688	0.01755	0.00367	0.00409	0.01014	0.00408	0.00379
28	0.02343	0.00906	0.01226	0.00944	0.01350	0.00792	0.00779	0.02583	0.03590	0.76395	0.02087	0.01804	0.01317	0.00656	0.00532	0.00164	0.00449	0.00533	0.00651	0.00898
29	0.02372	0.00900	0.01227	0.00941	0.01350	0.00777	0.00777	0.02576	0.01513	0.78489	0.02086	0.01799	0.01309	0.00654	0.00532	0.00164	0.00450	0.00532	0.00654	0.00900
30	0.01253	0.01410	0.03030	0.02321	0.09657	0.01330	0.69380	0.01687	0.01244	0.01696	0.01063	0.01415	0.00805	0.00448	0.00615	0.00176	0.00867	0.00610	0.00267	0.00724
31	0.00984	0.00906	0.01283	0.01154	0.01189	0.01205	0.00937	0.01124	0.00856	0.01287	0.03191	0.07393	0.01211	0.01921	0.25564	0.00419	0.47983	0.00585	0.00276	0.00532
32	0.00756	0.00564	0.00835	0.00835	0.00925	0.00653	0.00643	0.00935	0.00845	0.01217	0.01429	0.02148	0.01353	0.07978	0.75355	0.00832	0.01369	0.00577	0.00285	0.00464
33	0.02372	0.00900	0.01227	0.00941	0.01350	0.00777	0.00777	0.02576	0.01513	0.78489	0.02086	0.01799	0.01309	0.00654	0.00532	0.00164	0.00450	0.00532	0.00654	0.00900
34	0.01106	0.00934	0.01169	0.04968	0.12758	0.06519	0.00961	0.09992	0.01340	0.01735	0.02142	0.17524	0.02265	0.01142	0.00638	0.00205	0.00531	0.33048	0.00432	0.00591
35	0.01834	0.01508	0.24676	0.01143	0.01648	0.01010	0.01156	0.10426	0.03177	0.41506	0.01689	0.03149	0.01168	0.00650	0.00531	0.00168	0.00562	0.02659	0.00499	0.00842
36	0.85155	0.01022	0.00777	0.00695	0.01022	0.01186	0.00573	0.01554	0.00900	0.02372	0.00736	0.00859	0.00573	0.00491	0.00327	0.00164	0.00409	0.00286	0.00327	0.00573
37	0.00673	0.00475	0.00619	0.00723	0.00753	0.00450	0.00481	0.00758	0.00984	0.01311	0.02717	0.65733	0.03234	0.13866	0.00986	0.00262	0.00347	0.04750	0.00464	0.00415
38	0.01478	0.01402	0.01889	0.17368	0.30315	0.10357	0.06516	0.18769	0.01497	0.01959	0.01025	0.01283	0.00802	0.00537	0.00555	0.00162	0.02539	0.00467	0.00319	0.00762
39	0.01315	0.01136	0.01195	0.01076	0.01375	0.01315	0.00837	0.02809	0.77168	0.02211	0.02152	0.01972	0.01614	0.00717	0.00538	0.00179	0.00418	0.00598	0.00538	0.00837
40	0.00991	0.00513	0.00528	0.00521	0.00640	0.00528	0.00394	0.01233	0.01099	0.01949	0.01693	0.01946	0.01334	0.00626	0.00412	0.00127	0.02739	0.00492	0.81741	0.00495
41	0.00644	0.00460	0.00613	0.00736	0.00767	0.00429	0.00491	0.00736	0.01012	0.01350	0.02914	0.81076	0.03497	0.01656	0.00675	0.00215	0.00307	0.01503	0.00491	0.00429
42	0.00743	0.00538	0.00700	0.00664	0.00787	0.00496	0.00496	0.00986	0.01478	0.02085	0.74302	0.05888	0.06645	0.01101	0.00625	0.00168	0.00251	0.00973	0.00578	0.00496
43	0.00699	0.00573	0.00622	0.00619	0.00785	0.00517	0.00466	0.00943	0.06354	0.01590	0.16429	0.10115	0.53718	0.01282	0.00625	0.00181	0.00284	0.03208	0.00508	0.00481
44	0.01178	0.01226	0.02044	0.04032	0.01847	0.01525	0.22476	0.01394	0.00942	0.01394	0.00808	0.01241	0.00725	0.00777	0.01383	0.00215	0.55426	0.00509	0.00242	0.00617
45	0.07574	0.01533	0.01501	0.01187	0.01582	0.09271	0.00968	0.59717	0.06601	0.03001	0.01240	0.01251	0.00897	0.00621	0.00511	0.00158	0.00597	0.00457	0.00490	0.00845
46	0.01259	0.01405	0.03012	0.02164	0.02684	0.01325	0.71916	0.03837	0.01283	0.01738	0.01124	0.01549	0.00868	0.00480	0.00624	0.00180	0.00871	0.02691	0.00281	0.00712
47	0.01413	0.81739	0.02770	0.00905	0.01357	0.02092	0.00905	0.01583	0.01074	0.01244	0.00735	0.00848	0.00678	0.00452	0.00339	0.00113	0.00565	0.00283	0.00226	0.00678
48	0.01087	0.00927	0.01082	0.04618	0.01331	0.00802	0.00682	0.02852	0.12101	0.01784	0.03383	0.03819	0.06233	0.00565	0.00451	0.00112	0.00400	0.00468	0.00369	0.56933

[dist]
# distance from previous block
# <min> <max>
0	1

[block]
# block no. 1 follows, 46 sequences, length 85
# corresponding to MSA columns:
# 181-194,197-236,238-268
name=unknown_B
#
# <colnr> <probs for GDERKNQSTAVLIFYWHMCP>
#	G	D	E	R	K	N	Q	S	T	A	V	L	I	F	Y	W	H	M	C	P
0	0.01417	0.01186	0.01253	0.01097	0.01414	0.01363	0.00862	0.13638	0.66173	0.02376	0.02022	0.01869	0.01509	0.00705	0.00537	0.00176	0.00442	0.00580	0.00537	0.00846
1	0.02196	0.00871	0.01179	0.00913	0.01300	0.00751	0.00749	0.02405	0.01499	0.69692	0.08386	0.01957	0.01600	0.00682	0.00535	0.00161	0.00431	0.00560	0.00638	0.03496
2	0.01143	0.21316	0.60828	0.01365	0.02069	0.01431	0.01707	0.01653	0.01106	0.01573	0.00898	0.01053	0.00672	0.00491	0.00464	0.00155	0.00731	0.00365	0.00224	0.00757
3	0.00949	0.00836	0.01440	0.01250	0.04107	0.00889	0.18418	0.02987	0.00990	0.01401	0.01321	0.02009	0.01220	0.12845	0.40127	0.00556	0.05043	0.00594	0.02481	0.00538
4	0.00650	0.00467	0.00608	0.00718	0.00754	0.00435	0.00477	0.00739	0.01009	0.01336	0.02967	0.73218	0.07060	0.05889	0.00780	0.00229	0.00316	0.01445	0.00482	0.00424
5	0.00711	0.00508	0.00690	0.00813	0.00873	0.00487	0.00607	0.00852	0.01078	0.01425	0.02877	0.56857	0.03350	0.01593	0.00693	0.00224	0.00365	0.25061	0.00489	0.00448
6	0.38802	0.05829	0.01245	0.01039	0.01349	0.38685	0.00816	0.03851	0.01238	0.01824	0.00789	0.00915	0.00639	0.00519	0.00405	0.00148	0.00682	0.00317	0.00301	0.00606
7	0.01065	0.00580	0.00589	0.00561	0.00710	0.00597	0.00428	0.06348	0.03681	0.02071	0.01708	0.01924	0.01333	0.00620	0.00386	0.00127	0.00275	0.00495	0.75972	0.00531
8	0.01317	0.01277	0.02061	0.05829	0.69513	0.03574	0.01561	0.01684	0.04850	0.01724	0.01043	0.01333	0.00865	0.00487	0.00523	0.00158	0.00630	0.00473	0.00274	0.00822
9	0.00629	0.00535	0.00537	0.00537	0.00710	0.00448	0.00399	0.00759	0.01192	0.01416	0.05246	0.05039	0.75652	0.03717	0.00686	0.00188	0.00275	0.01105	0.00486	0.00443
10	0.76499	0.03261	0.06823	0.00763	0.01128	0.01213	0.00687	0.01564	0.00921	0.02289	0.00752	0.00878	0.00583	0.00491	0.00341	0.00163	0.00442	0.00294	0.00317	0.00591
11	0.01638	0.05347	0.01414	0.01150	0.01480	0.17506	0.00910	0.17419	0.39818	0.05245	0.01628	0.01559	0.01220	0.00650	0.00514	0.00162	0.00570	0.00502	0.00471	0.00798
12	0.01848	0.01384	0.01481	0.01165	0.01549	0.01538	0.00947	0.61906	0.13400	0.03056	0.01418	0.01478	0.01053	0.04521	0.00634	0.00179	0.00554	0.00508	0.00520	0.00862
13	0.01030	0.00880	0.01057	0.00817	0.01186	0.00724	0.00642	0.01234	0.01063	0.01634	0.01231	0.13577	0.01200	0.00625	0.00528	0.00110	0.05864	0.00509	0.00335	0.65753
14	0.01009	0.00809	0.00906	0.03642	0.01125	0.00858	0.00653	0.01754	0.33070	0.03731	0.21329	0.03199	0.21224	0.00948	0.00574	0.00174	0.00345	0.00803	0.03208	0.00640
15	0.01006	0.03471	0.14467	0.01054	0.05145	0.00840	0.00910	0.01457	0.12378	0.06258	0.11632	0.16452	0.12920	0.01027	0.00591	0.00184	0.00445	0.08687	0.00452	0.00623
16	0.00926	0.00501	0.00508	0.00508	0.00639	0.00490	0.00381	0.01154	0.01117	0.01872	0.02260	0.02440	0.12808	0.00806	0.02336	0.00149	0.00278	0.00588	0.69755	0.00485
17	0.04401	0.04710	0.01534	0.04606	0.05550	0.38892	0.01013	0.17176	0.03040	0.12475	0.01118	0.01184	0.00835	0.00572	0.00491	0.00148	0.00741	0.00408	0.00380	0.00726
18	0.04179	0.26074	0.09609	0.03364	0.06878	0.18317	0.03489	0.05584	0.01303	0.12483	0.01026	0.01129	0.00792	0.00534	0.00492	0.00145	0.03177	0.00385	0.00319	0.00720
19	0.01950	0.02479	0.01485	0.01351	0.01620	0.77678	0.01014	0.02087	0.01485	0.01292	0.00830	0.00977	0.00694	0.00615	0.02102	0.00151	0.00963	0.00345	0.00273	0.00610
20	0.00648	0.00463	0.00617	0.00734	0.00768	0.00432	0.00491	0.00745	0.01029	0.01377	0.05587	0.78324	0.03550	0.01636	0.00673	0.00213	0.00305	0.01483	0.00494	0.00432
21	0.01950	0.01434	0.01538	0.01186	0.01588	0.01585	0.00972	0.72735	0.02403	0.03221	0.01288	0.01374	0.00948	0.04509	0.00633	0.00176	0.00578	0.00490	0.00519	0.00871
22	0.01860	0.00852	0.01106	0.00898	0.01227	0.00790	0.00723	0.02254	0.12075	0.50693	0.19102	0.02306	0.02177	0.00759	0.00553	0.00166	0.00400	0.00636	0.00622	0.00801
23	0.00758	0.00547	0.00674	0.00649	0.00791	0.00492	0.00489	0.00967	0.01388	0.04030	0.50818	0.08311	0.24095	0.01176	0.00626	0.00174	0.00268	0.02702	0.00553	0.00492
24	0.01064	0.01017	0.01756	0.63182	0.16413	0.01196	0.05079	0.01414	0.01091	0.01432	0.00955	0.01393	0.00732	0.00515	0.00532	0.00173	0.00700	0.00477	0.00241	0.00636
25	0.00650	0.00465	0.00610	0.00723	0.00755	0.00434	0.00480	0.00738	0.01004	0.01334	0.02907	0.75122	0.05228	0.05863	0.00780	0.00230	0.00317	0.01455	0.00482	0.00424
26	0.01057	0.02648	0.74984	0.05278	0.02353	0.01225	0.01930	0.01659	0.01113	0.01659	0.00948	0.01130	0.00671	0.00504	0.00504	0.00168	0.00778	0.00394	0.00224	0.00772
27	0.01315	0.01136	0.01195	0.01076	0.01375	0.01315	0.00837	0.02809	0.77168	0.02211	0.02152	0.01972	0.01614	0.00717	0.00538	0.00179	0.00418	0.00598	0.00538	0.00837
28	0.01498	0.01216	0.01287	0.01102	0.01431	0.01386	0.00873	0.22881	0.55137	0.02513	0.01901	0.01780	0.01413	0.00692	0.00532	0.00172	0.00459	0.00562	0.02316	0.00846
29	0.01283	0.01339	0.06435	0.05175	0.67590	0.01257	0.05896	0.01622	0.01197	0.01712	0.00995	0.01307	0.00822	0.00473	0.00528	0.00159	0.00654	0.00475	0.00259	0.00820
30	0.00836	0.00599	0.00832	0.00951	0.01069	0.00595	0.00822	0.01069	0.01206	0.01566	0.02867	0.09810	0.04868	0.01468	0.00725	0.00240	0.00472	0.69035	0.00487	0.00483
31	0.00646	0.00467	0.00607	0.00717	0.00758	0.00433	0.00480	0.00739	0.01021	0.01348	0.03070	0.73373	0.09147	0.03577	0.00720	0.00219	0.00309	0.01455	0.00487	0.00428
32	0.00644	0.00460	0.00613	0.00736	0.00767	0.00429	0.00491	0.00736	0.01012	0.01350	0.02914	0.81076	0.03497	0.01656	0.00675	0.00215	0.00307	0.01503	0.00491	0.00429
33	0.05521	0.06598	0.70767	0.01434	0.02175	0.01269	0.01828	0.01663	0.01103	0.01690	0.00927	0.01089	0.00665	0.00499	0.00485	0.00164	0.00751	0.00380	0.00229	0.00765
34	0.01116	0.00952	0.01107	0.00793	0.01261	0.00725	0.00635	0.02978	0.01127	0.01758	0.00947	0.01100	0.00786	0.00397	0.00395	0.00080	0.00396	0.00317	0.00318	0.82815
35	0.00644	0.00460	0.00613	0.00736	0.00767	0.00429	0.00491	0.00736	0.01012	0.01350	0.02914	0.81076	0.03497	0.01656	0.00675	0.00215	0.00307	0.01503	0.00491	0.00429
36	0.01587	0.19751	0.02004	0.03736	0.27197	0.32540	0.01209	0.01795	0.01281	0.01428	0.00858	0.01063	0.00734	0.00507	0.00488	0.00141	0.02347	0.00377	0.00257	0.00701
37	0.01051	0.01108	0.05832	0.43464	0.11372	0.01134	0.15855	0.01393	0.01100	0.01465	0.01146	0.08448	0.00989	0.00637	0.00595	0.02237	0.00695	0.00587	0.00266	0.00627
38	0.00676	0.00483	0.00648	0.00760	0.00808	0.00455	0.00535	0.00795	0.01067	0.01425	0.07520	0.67286	0.03534	0.01597	0.00678	0.00215	0.00325	0.10257	0.00496	0.00441
39	0.01307	0.01261	0.02176	0.03213	0.75780	0.01259	0.03941	0.01625	0.01205	0.01726	0.00997	0.01312	0.00836	0.00470	0.00526	0.00158	0.00636	0.00476	0.00262	0.00834
40	0.01242	0.01426	0.08211	0.04432	0.32947	0.01277	0.37699	0.01639	0.01212	0.01691	0.01060	0.02744	0.00851	0.00483	0.00573	0.00170	0.00763	0.00557	0.00265	0.00760
41	0.01915	0.00799	0.01080	0.00863	0.01192	0.00699	0.00699	0.02132	0.01508	0.56999	0.23404	0.02404	0.02344	0.00774	0.00557	0.00164	0.00393	0.00651	0.00634	0.00787
42	0.01413	0.81739	0.02770	0.00905	0.01357	0.02092	0.00905	0.01583	0.01074	0.01244	0.00735	0.00848	0.00678	0.00452	0.00339	0.00113	0.00565	0.00283	0.00226	0.00678
43	0.04501	0.00953	0.01246	0.00958	0.01366	0.00861	0.00791	0.08851	0.01580	0.70084	0.01981	0.01730	0.01254	0.00648	0.00526	0.00163	0.00460	0.00520	0.00635	0.00891
44	0.01060	0.01089	0.03457	0.58078	0.03312	0.01233	0.17221	0.01425	0.01086	0.01425	0.00955	0.01394	0.00724	0.00531	0.00610	0.00179	0.04861	0.00500	0.00241	0.00617
45	0.00714	0.00523	0.00661	0.00736	0.00812	0.00494	0.00518	0.03788	0.01142	0.01508	0.08863	0.58829	0.12873	0.01522	0.00661	0.00206	0.00317	0.04875	0.00499	0.00458
46	0.01943	0.02460	0.01529	0.01451	0.05266	0.75593	0.01050	0.02088	0.01484	0.01314	0.00826	0.00970	0.00688	0.00541	0.00479	0.00137	0.00938	0.00347	0.00272	0.00624
47	0.00820	0.00594	0.00775	0.00859	0.00960	0.00590	0.00682	0.03394	0.03112	0.01531	0.02800	0.28197	0.06590	0.07927	0.00855	0.00249	0.00425	0.38686	0.00477	0.00476
48	0.01315	0.01136	0.01195	0.01076	0.01375	0.01315	0.00837	0.02809	0.77168	0.02211	0.02152	0.01972	0.01614	0.00717	0.00538	0.00179	0.00418	0.00598	0.00538	0.00837
49	0.01270	0.01460	0.03069	0.02201	0.02728	0.03760	0.73866	0.01706	0.01256	0.01681	0.01062	0.01411	0.00798	0.00449	0.00619	0.00177	0.00893	0.00615	0.00268	0.00710
50	0.85155	0.01022	0.00777	0.00695	0.01022	0.01186	0.00573	0.01554	0.00900	0.02372	0.00736	0.00859	0.00573	0.00491	0.00327	0.00164	0.00409	0.00286	0.00327	0.00573
51	0.00814	0.00591	0.00729	0.00682	0.00834	0.00555	0.00515	0.01131	0.06639	0.04170	0.59742	0.03923	0.15504	0.01082	0.00615	0.00169	0.00269	0.00943	0.00567	0.00525
52	0.00644	0.00460	0.00613	0.00736	0.00767	0.00429	0.00491	0.00736	0.01012	0.01350	0.02914	0.81076	0.03497	0.01656	0.00675	0.00215	0.00307	0.01503	0.00491	0.00429
53	0.08882	0.04505	0.69590	0.01417	0.02148	0.01245	0.01799	0.01661	0.01095	0.01729	0.00924	0.01086	0.00661	0.00500	0.00482	0.00166	0.00741	0.00378	0.00233	0.00759
54	0.81334	0.01017	0.00798	0.00707	0.01037	0.01167	0.00582	0.01601	0.00928	0.05886	0.00798	0.00902	0.00607	0.00498	0.00337	0.00164	0.00411	0.00298	0.00342	0.00588
55	0.00713	0.00539	0.00657	0.00628	0.00768	0.00484	0.00471	0.00929	0.01413	0.01921	0.56990	0.04277	0.25967	0.01155	0.00624	0.00170	0.00255	0.01002	0.00556	0.00484
56	0.00749	0.00539	0.00699	0.00660	0.00777	0.00500	0.00488	0.00984	0.01452	0.02053	0.73169	0.03919	0.04800	0.06012	0.00750	0.00188	0.00266	0.00945	0.00566	0.00488
57	0.81626	0.01031	0.00805	0.00712	0.01043	0.01189	0.00587	0.03326	0.00949	0.03848	0.00774	0.00886	0.00594	0.00497	0.00336	0.00163	0.00414	0.00295	0.00338	0.00586
58	0.01067	0.04162	0.77310	0.01496	0.02271	0.01243	0.01934	0.01673	0.01115	0.01666	0.00945	0.01111	0.00670	0.00501	0.00499	0.00166	0.00777	0.00389	0.00223	0.00779
59	0.01060	0.02735	0.78682	0.01507	0.02288	0.01228	0.01953	0.01674	0.01116	0.01674	0.00949	0.01116	0.00670	0.00502	0.00502	0.00167	0.00781	0.00391	0.00223	0.00781
60	0.00647	0.00461	0.00613	0.00732	0.00762	0.00431	0.00487	0.00737	0.01006	0.01342	0.02883	0.79165	0.03458	0.03620	0.00724	0.00222	0.00312	0.01485	0.00487	0.00427
61	0.82556	0.01019	0.00791	0.00703	0.01033	0.01173	0.00579	0.01586	0.00919	0.04762	0.00778	0.00888	0.00596	0.00496	0.00334	0.00164	0.00410	0.00294	0.00337	0.00583
62	0.00736	0.00540	0.00689	0.00652	0.00782	0.00494	0.00489	0.00974	0.01467	0.02050	0.70560	0.04063	0.12315	0.01107	0.00624	0.00168	0.00251	0.00972	0.00573	0.00494
63	0.00644	0.00460	0.00613	0.00736	0.00767	0.00429	0.00491	0.00736	0.01012	0.01350	0.02914	0.81076	0.03497	0.01656	0.00675	0.00215	0.00307	0.01503	0.00491	0.00429
64	0.01096	0.00940	0.01096	0.00783	0.01253	0.00705	0.00626	0.01331	0.01096	0.01723	0.00940	0.01096	0.00783	0.00392	0.00392	0.00078	0.00392	0.00313	0.00313	0.84653
65	0.82876	0.01019	0.00789	0.00702	0.01031	0.01175	0.00578	0.01582	0.00917	0.04468	0.00773	0.00885	0.00593	0.00495	0.00333	0.00164	0.00410	0.00293	0.00336	0.00582
66	0.00852	0.00608	0.00852	0.00974	0.01095	0.00608	0.00852	0.01095	0.01217	0.01582	0.02799	0.05963	0.03042	0.01460	0.00730	0.00243	0.00487	0.74565	0.00487	0.00487
67	0.01413	0.81739	0.02770	0.00905	0.01357	0.02092	0.00905	0.01583	0.01074	0.01244	0.00735	0.00848	0.00678	0.00452	0.00339	0.00113	0.00565	0.00283	0.00226	0.00678
68	0.01928	0.01435	0.01542	0.01187	0.01606	0.01574	0.00977	0.68815	0.06048	0.03192	0.01295	0.01294	0.00928	0.00626	0.00522	0.00155	0.00564	0.00473	0.00518	0.05321
69	0.00639	0.00538	0.00555	0.00555	0.00728	0.00454	0.00419	0.00783	0.01225	0.01478	0.10093	0.05034	0.71252	0.01325	0.00627	0.00179	0.00272	0.02899	0.00497	0.00451
70	0.00789	0.00505	0.00568	0.00578	0.00598	0.00503	0.00341	0.00832	0.00837	0.01187	0.01778	0.09690	0.01972	0.63298	0.02193	0.00432	0.00458	0.00790	0.12296	0.00354
71	0.01880	0.01369	0.01482	0.01165	0.01552	0.01507	0.00951	0.63811	0.07440	0.05522	0.01468	0.06803	0.01139	0.00711	0.00540	0.00164	0.00548	0.00556	0.00531	0.00863
72	0.01410	0.00776	0.00978	0.00852	0.01094	0.00744	0.00676	0.09112	0.04961	0.25898	0.25989	0.06698	0.05150	0.04813	0.00694	0.00192	0.00393	0.08336	0.00568	0.00665
73	0.02753	0.00503	0.00636	0.00729	0.00773	0.00485	0.00486	0.02531	0.01018	0.01386	0.02688	0.68892	0.03195	0.10190	0.00880	0.00244	0.00338	0.01370	0.00469	0.00432
74	0.01954	0.01257	0.13812	0.01118	0.01578	0.00951	0.05198	0.05295	0.07543	0.50593	0.03904	0.01720	0.01287	0.00634	0.00535	0.00166	0.00525	0.00529	0.00547	0.00854
75	0.00647	0.00467	0.00613	0.00723	0.00765	0.00433	0.00486	0.00748	0.01042	0.01385	0.06130	0.73957	0.07415	0.01616	0.00670	0.00211	0.00302	0.01460	0.00495	0.00433
76	0.04750	0.03613	0.48033	0.01611	0.02256	0.02791	0.21870	0.01647	0.01168	0.01717	0.04850	0.01324	0.00920	0.00516	0.00530	0.00169	0.00768	0.00475	0.00259	0.00734
77	0.01194	0.01129	0.01825	0.43291	0.32771	0.02785	0.02522	0.05268	0.01198	0.01602	0.00977	0.01354	0.00768	0.00510	0.00527	0.00167	0.00676	0.00470	0.00261	0.00704
78	0.00671	0.00478	0.00638	0.00740	0.00777	0.00461	0.00503	0.00768	0.00986	0.01321	0.02688	0.65715	0.03178	0.08446	0.07061	0.00291	0.00418	0.03975	0.00460	0.00426
79	0.06860	0.00566	0.00697	0.00681	0.00809	0.00538	0.00504	0.01006	0.01351	0.03226	0.54248	0.18601	0.06651	0.01150	0.00610	0.00176	0.00276	0.01011	0.00544	0.00496
80	0.51457	0.04001	0.02507	0.07495	0.01433	0.20654	0.00807	0.01673	0.01069	0.01946	0.00776	0.00939	0.00618	0.00516	0.00415	0.00158	0.02325	0.00321	0.00299	0.00591
81	0.00766	0.00524	0.00605	0.00619	0.00634	0.00527	0.00366	0.00825	0.02952	0.01108	0.01848	0.14232	0.02120	0.66309	0.04030	0.00469	0.00501	0.00862	0.00349	0.00353
82	0.00754	0.00523	0.00627	0.00664	0.00697	0.00512	0.00419	0.03137	0.00956	0.01276	0.04950	0.34906	0.04148	0.42091	0.01691	0.00362	0.00417	0.01071	0.00409	0.00392
83	0.34160	0.01193	0.06449	0.14103	0.01690	0.01212	0.00915	0.17543	0.03402	0.02253	0.02549	0.01193	0.00818	0.00581	0.00487	0.02784	0.00518	0.00395	0.00355	0.07400
84	0.06501	0.05768	0.01469	0.08498	0.03654	0.27350	0.06794	0.02907	0.09056	0.05942	0.05693	0.01890	0.09656	0.00683	0.00517	0.00159	0.00654	0.01802	0.00366	0.00642

[dist]
# distance from previous block
# <min> <max>
1	6

[block]
# block no. 2 follows, 46 sequences, length 61
# corresponding to MSA columns:
# 275,277-336
name=unknown_C
#
# <colnr> <probs for GDERKNQSTAVLIFYWHMCP>
#	G	D	E	R	K	N	Q	S	T	A	V	L	I	F	Y	W	H	M	C	P
0	0.07304	0.06072	0.01550	0.01286	0.05426	0.06170	0.03262	0.25982	0.04383	0.02101	0.01212	0.08914	0.01084	0.00856	0.02974	0.00198	0.19595	0.00550	0.00378	0.00701
1	0.03716	0.01377	0.04970	0.08750	0.18809	0.05620	0.16248	0.18464	0.01482	0.04250	0.01089	0.01315	0.00836	0.00630	0.03173	0.00180	0.00698	0.00479	0.00338	0.07577
2	0.09617	0.01392	0.06533	0.06528	0.33552	0.03549	0.24039	0.03831	0.02649	0.01801	0.01011	0.01295	0.00796	0.00482	0.00532	0.00166	0.00703	0.00493	0.00280	0.00752
3	0.05338	0.27257	0.24585	0.03247	0.09494	0.01470	0.03882	0.01705	0.08260	0.01624	0.00991	0.01134	0.00789	0.00492	0.00443	0.00143	0.00614	0.00382	0.00272	0.07879
4	0.01294	0.01688	0.22883	0.02207	0.37843	0.05617	0.01506	0.04559	0.05789	0.03222	0.02678	0.01379	0.01995	0.00529	0.00513	0.00157	0.00647	0.00462	0.00298	0.04734
5	0.00768	0.00516	0.00596	0.00596	0.00603	0.00523	0.00345	0.00781	0.00775	0.01040	0.01648	0.03361	0.01879	0.75878	0.08175	0.00537	0.00577	0.00754	0.00318	0.00331
6	0.01428	0.79731	0.02738	0.00916	0.01364	0.04048	0.00908	0.01596	0.01085	0.01245	0.00737	0.00851	0.00678	0.00455	0.00343	0.00114	0.00575	0.00284	0.00227	0.00677
7	0.00701	0.00539	0.00643	0.00633	0.00775	0.00481	0.00479	0.00898	0.01347	0.01787	0.42156	0.07477	0.33806	0.01226	0.00632	0.00177	0.00272	0.04961	0.00537	0.00475
8	0.00667	0.00537	0.00595	0.00580	0.00740	0.00464	0.00435	0.00841	0.01305	0.01667	0.30354	0.04695	0.52761	0.01250	0.00624	0.00174	0.00261	0.01061	0.00522	0.00464
9	0.00682	0.00538	0.00615	0.00596	0.00749	0.00471	0.00447	0.00870	0.01341	0.01751	0.39135	0.04557	0.43928	0.01219	0.00624	0.00173	0.00259	0.01041	0.00533	0.00471
10	0.00755	0.00566	0.00850	0.00850	0.00944	0.00661	0.00661	0.00944	0.00850	0.01227	0.01416	0.02077	0.01322	0.03965	0.79326	0.00850	0.01416	0.00566	0.00283	0.00472
11	0.01413	0.81739	0.02770	0.00905	0.01357	0.02092	0.00905	0.01583	0.01074	0.01244	0.00735	0.00848	0.00678	0.00452	0.00339	0.00113	0.00565	0.00283	0.00226	0.00678
12	0.71134	0.00934	0.00730	0.00661	0.00955	0.01070	0.00539	0.01500	0.00934	0.02305	0.00901	0.01044	0.00703	0.00512	0.00334	0.00157	0.00382	0.00321	0.14325	0.00559
13	0.00977	0.00968	0.00820	0.00800	0.00986	0.16394	0.00617	0.03178	0.01317	0.01530	0.10083	0.07689	0.40399	0.01168	0.00609	0.00179	0.00444	0.10885	0.00455	0.00502
14	0.04222	0.01716	0.01513	0.01222	0.01595	0.22003	0.00981	0.52871	0.02147	0.02735	0.01148	0.01193	0.00845	0.00607	0.00506	0.00152	0.00666	0.00436	0.02640	0.00804
15	0.01538	0.01222	0.01284	0.01098	0.01432	0.03150	0.00869	0.18124	0.53668	0.07191	0.01910	0.01775	0.01408	0.00686	0.00532	0.00171	0.00466	0.00557	0.00533	0.02385
16	0.01087	0.08634	0.73014	0.01462	0.02219	0.01292	0.01875	0.01667	0.01113	0.01642	0.00933	0.01096	0.00670	0.00499	0.00490	0.00163	0.00765	0.00383	0.00223	0.00774
17	0.01114	0.04849	0.73989	0.01471	0.02231	0.01236	0.01885	0.01702	0.01128	0.04243	0.00981	0.01132	0.00691	0.00506	0.00499	0.00166	0.00764	0.00392	0.00238	0.00782
18	0.01164	0.00990	0.01057	0.00978	0.01237	0.01111	0.00763	0.02320	0.57955	0.02016	0.02640	0.02791	0.12357	0.03087	0.00626	0.00194	0.00406	0.07050	0.00521	0.00738
19	0.00640	0.00475	0.00598	0.00696	0.00756	0.00433	0.00473	0.00741	0.01051	0.01365	0.03402	0.65885	0.18373	0.01593	0.00665	0.00207	0.00299	0.01425	0.00491	0.00433
20	0.00998	0.00940	0.01586	0.80150	0.03641	0.01175	0.01468	0.01351	0.01057	0.01351	0.00940	0.01409	0.00705	0.00529	0.00529	0.00176	0.00705	0.00470	0.00235	0.00587
21	0.00761	0.00551	0.00742	0.00846	0.00943	0.00532	0.00681	0.00947	0.01164	0.01522	0.06900	0.30276	0.09118	0.01495	0.00698	0.00225	0.00399	0.41241	0.00493	0.00466
22	0.00661	0.00555	0.00578	0.00575	0.00751	0.00480	0.00436	0.00845	0.03317	0.01509	0.10860	0.04942	0.67585	0.01306	0.00626	0.00180	0.00278	0.03555	0.00499	0.00463
23	0.75748	0.01074	0.00869	0.00754	0.01092	0.01237	0.00621	0.10018	0.01079	0.02480	0.00796	0.00905	0.00609	0.00507	0.00350	0.00163	0.00428	0.00308	0.00350	0.00609
24	0.08101	0.00849	0.01103	0.00895	0.01240	0.00770	0.00726	0.02226	0.03212	0.58592	0.05163	0.09783	0.01669	0.00779	0.00539	0.00171	0.00425	0.02350	0.00605	0.00802
25	0.03855	0.01158	0.01273	0.01063	0.01415	0.01264	0.00850	0.18693	0.42560	0.16936	0.01878	0.01734	0.01351	0.00673	0.00525	0.00169	0.00459	0.00543	0.00547	0.03054
26	0.07312	0.11289	0.21942	0.01221	0.01735	0.01554	0.01213	0.42805	0.01851	0.02584	0.01086	0.01151	0.00791	0.00568	0.00486	0.00156	0.00621	0.00418	0.00399	0.00820
27	0.01207	0.01136	0.01901	0.34221	0.45488	0.01236	0.01539	0.04023	0.01188	0.01629	0.00982	0.01348	0.00786	0.00500	0.00526	0.00165	0.00657	0.00471	0.00260	0.00738
28	0.01913	0.00901	0.01146	0.00922	0.01267	0.00849	0.00746	0.06664	0.11785	0.50010	0.13773	0.02208	0.03887	0.00745	0.00549	0.00166	0.00418	0.00618	0.00616	0.00818
29	0.00998	0.00940	0.01586	0.80150	0.03641	0.01175	0.01468	0.01351	0.01057	0.01351	0.00940	0.01409	0.00705	0.00529	0.00529	0.00176	0.00705	0.00470	0.00235	0.00587
30	0.00933	0.00647	0.00823	0.03581	0.00998	0.00662	0.00605	0.13347	0.01201	0.01602	0.02212	0.50703	0.02502	0.01479	0.00896	0.15388	0.00394	0.01108	0.00441	0.00477
31	0.00755	0.00566	0.00850	0.00850	0.00944	0.00661	0.00661	0.00944	0.00850	0.01227	0.01416	0.02077	0.01322	0.03965	0.79326	0.00850	0.01416	0.00566	0.00283	0.00472
32	0.00695	0.00480	0.00639	0.00731	0.00782	0.00446	0.00498	0.00811	0.01088	0.03119	0.12970	0.68995	0.03650	0.01557	0.00665	0.00207	0.00302	0.01408	0.00507	0.00449
33	0.01249	0.01196	0.02039	0.17906	0.63924	0.01241	0.01593	0.01571	0.01176	0.01655	0.00984	0.01328	0.00812	0.00482	0.00524	0.00161	0.00643	0.00471	0.00257	0.00790
34	0.00756	0.00564	0.00839	0.00839	0.00930	0.00655	0.00648	0.00937	0.00847	0.01220	0.01426	0.02129	0.01344	0.06912	0.76410	0.00837	0.01382	0.00574	0.00285	0.00466
35	0.00738	0.00508	0.00664	0.00731	0.00812	0.00470	0.00522	0.00879	0.01154	0.04217	0.17618	0.51710	0.09642	0.01470	0.00660	0.00203	0.00311	0.06714	0.00514	0.00465
36	0.01008	0.00949	0.01602	0.77851	0.05868	0.01177	0.01473	0.01359	0.01061	0.01362	0.00941	0.01406	0.00709	0.00527	0.00528	0.00176	0.00702	0.00470	0.00236	0.00595
37	0.01787	0.13083	0.05465	0.01326	0.04521	0.39709	0.01057	0.17809	0.07128	0.01821	0.01012	0.01102	0.00800	0.00559	0.00476	0.00143	0.00761	0.00387	0.00337	0.00716
38	0.00731	0.00514	0.00662	0.00738	0.00821	0.00477	0.00537	0.00866	0.01120	0.03474	0.09745	0.47578	0.14160	0.03781	0.00725	0.00217	0.00333	0.12567	0.00498	0.00456
39	0.02372	0.00900	0.01227	0.00941	0.01350	0.00777	0.00777	0.02576	0.01513	0.78489	0.02086	0.01799	0.01309	0.00654	0.00532	0.00164	0.00450	0.00532	0.00654	0.00900
40	0.01079	0.06935	0.74646	0.01475	0.02239	0.01274	0.01897	0.01669	0.01114	0.01651	0.00937	0.01102	0.00670	0.00500	0.00494	0.00165	0.00770	0.00385	0.00223	0.00776
41	0.01322	0.01288	0.02114	0.04900	0.74136	0.03631	0.01601	0.01631	0.01209	0.01706	0.00988	0.01300	0.00830	0.00475	0.00522	0.00157	0.00640	0.00467	0.00261	0.00825
42	0.01315	0.01136	0.01195	0.01076	0.01375	0.01315	0.00837	0.02809	0.77168	0.02211	0.02152	0.01972	0.01614	0.00717	0.00538	0.00179	0.00418	0.00598	0.00538	0.00837
43	0.01390	0.76406	0.07894	0.00945	0.01420	0.02033	0.00975	0.01589	0.01077	0.01273	0.00749	0.00866	0.00678	0.00456	0.00350	0.00117	0.00580	0.00290	0.00226	0.00685
44	0.00669	0.00504	0.00612	0.00676	0.00765	0.00459	0.00481	0.00792	0.01108	0.01427	0.08944	0.40989	0.26819	0.06539	0.00787	0.00221	0.00317	0.06967	0.00486	0.00437
45	0.85155	0.01022	0.00777	0.00695	0.01022	0.01186	0.00573	0.01554	0.00900	0.02372	0.00736	0.00859	0.00573	0.00491	0.00327	0.00164	0.00409	0.00286	0.00327	0.00573
46	0.00998	0.00940	0.01586	0.80150	0.03641	0.01175	0.01468	0.01351	0.01057	0.01351	0.00940	0.01409	0.00705	0.00529	0.00529	0.00176	0.00705	0.00470	0.00235	0.00587
47	0.00655	0.00468	0.00624	0.00740	0.00777	0.00438	0.00502	0.00758	0.01039	0.01389	0.06092	0.75580	0.03546	0.01626	0.00674	0.00213	0.00310	0.03640	0.00494	0.00434
48	0.01994	0.00942	0.01184	0.00957	0.01322	0.00903	0.00774	0.02542	0.21702	0.53801	0.04164	0.02001	0.03818	0.00703	0.00539	0.00168	0.00431	0.00578	0.00616	0.00859
49	0.25871	0.01207	0.01256	0.01001	0.01386	0.01309	0.00823	0.35160	0.06045	0.18895	0.01339	0.01304	0.00933	0.00602	0.00472	0.00162	0.00495	0.00440	0.00498	0.00802
50	0.01096	0.00940	0.01096	0.00783	0.01253	0.00705	0.00626	0.01331	0.01096	0.01723	0.00940	0.01096	0.00783	0.00392	0.00392	0.00078	0.00392	0.00313	0.00313	0.84653
51	0.02010	0.01481	0.01587	0.01216	0.01639	0.01639	0.01005	0.76360	0.02486	0.03332	0.01269	0.01269	0.00899	0.00635	0.00529	0.00159	0.00582	0.00476	0.00529	0.00899
52	0.00717	0.00508	0.00626	0.00680	0.00769	0.00462	0.00476	0.00836	0.01113	0.03737	0.11033	0.44016	0.22022	0.07337	0.00802	0.00222	0.00316	0.03388	0.00492	0.00448
53	0.00683	0.00488	0.00657	0.00776	0.00825	0.00462	0.00554	0.00804	0.01058	0.01407	0.04513	0.66312	0.03450	0.01610	0.00683	0.00219	0.00337	0.14230	0.00492	0.00441
54	0.01107	0.01038	0.01734	0.57699	0.23328	0.01208	0.01497	0.03390	0.01133	0.01502	0.00963	0.01379	0.00745	0.00516	0.00527	0.00171	0.00681	0.00470	0.00250	0.00662
55	0.00656	0.00467	0.00608	0.00715	0.00747	0.00438	0.00472	0.00740	0.00993	0.01319	0.02853	0.71410	0.05267	0.09560	0.00873	0.00243	0.00326	0.01420	0.00474	0.00419
56	0.01048	0.00611	0.00776	0.00694	0.00886	0.00544	0.00535	0.01265	0.01440	0.17288	0.47683	0.03753	0.19312	0.01049	0.00605	0.00168	0.00293	0.00904	0.00578	0.00568
57	0.01228	0.43016	0.12403	0.00999	0.01390	0.04505	0.00987	0.04052	0.01084	0.01372	0.00972	0.01240	0.00861	0.01431	0.22014	0.00325	0.00843	0.00384	0.00254	0.00641
58	0.01137	0.19835	0.62251	0.01376	0.02087	0.01415	0.01726	0.01654	0.01107	0.01581	0.00902	0.01058	0.00672	0.00491	0.00467	0.00156	0.00735	0.00367	0.00224	0.00759
59	0.02219	0.01093	0.01340	0.01033	0.01443	0.01071	0.00852	0.26113	0.04465	0.51859	0.01828	0.01636	0.01189	0.00650	0.00531	0.00163	0.00491	0.00516	0.00610	0.00897
60	0.01151	0.00653	0.00877	0.00887	0.01069	0.00614	0.00742	0.01358	0.01260	0.18705	0.04378	0.08790	0.10405	0.04313	0.00745	0.00226	0.00443	0.42298	0.00520	0.00566

[dist]
# distance from previous block
# <min> <max>
3	6

[block]
# block no. 3 follows, 46 sequences, length 25
# corresponding to MSA columns:
# 343-367
name=unknown_D
#
# <colnr> <probs for GDERKNQSTAVLIFYWHMCP>
#	G	D	E	R	K	N	Q	S	T	A	V	L	I	F	Y	W	H	M	C	P
0	0.29812	0.05256	0.01379	0.13180	0.12846	0.07444	0.00971	0.07249	0.05141	0.05107	0.00993	0.01157	0.00768	0.00518	0.00437	0.00155	0.00551	0.00387	0.00333	0.06316
1	0.14505	0.01229	0.01346	0.07211	0.10078	0.06256	0.00946	0.28055	0.03181	0.02301	0.01275	0.07607	0.01108	0.02513	0.00549	0.00168	0.00548	0.02749	0.00402	0.07975
2	0.03749	0.01327	0.01364	0.07648	0.01614	0.15237	0.03899	0.12600	0.18497	0.01884	0.01363	0.05572	0.01136	0.00937	0.07003	0.00218	0.06148	0.00523	0.00381	0.08899
3	0.03062	0.00794	0.00903	0.02487	0.01029	0.00838	0.00610	0.20425	0.04450	0.01854	0.04148	0.27197	0.04641	0.23744	0.01185	0.00278	0.00448	0.00916	0.00448	0.00546
4	0.03664	0.15218	0.22796	0.01290	0.01740	0.36384	0.01236	0.04870	0.05299	0.01545	0.00925	0.01044	0.00732	0.00529	0.00463	0.00145	0.00787	0.00362	0.00277	0.00692
5	0.70503	0.03600	0.00858	0.00712	0.01028	0.01132	0.00587	0.01555	0.00991	0.06143	0.07892	0.01190	0.01019	0.00552	0.00365	0.00162	0.00401	0.00360	0.00364	0.00586
6	0.01256	0.01266	0.01772	0.23038	0.32780	0.11079	0.05028	0.01600	0.04217	0.01573	0.01223	0.01744	0.02377	0.00594	0.00539	0.00167	0.00672	0.06167	0.00290	0.02619
7	0.01090	0.00843	0.01001	0.03419	0.01251	0.00914	0.00800	0.03807	0.31820	0.04521	0.02552	0.13185	0.05926	0.01100	0.00622	0.00204	0.00434	0.25354	0.00507	0.00647
8	0.02010	0.01481	0.01587	0.01216	0.01639	0.01639	0.01005	0.76360	0.02486	0.03332	0.01269	0.01269	0.00899	0.00635	0.00529	0.00159	0.00582	0.00476	0.00529	0.00899
9	0.04151	0.01092	0.01263	0.01016	0.01381	0.01122	0.00828	0.25767	0.14497	0.26464	0.07160	0.01915	0.01511	0.00702	0.00532	0.00163	0.00469	0.03556	0.00553	0.05859
10	0.01245	0.10265	0.56300	0.04111	0.02164	0.01269	0.05442	0.01753	0.01160	0.09945	0.01056	0.01189	0.00748	0.00512	0.00496	0.00162	0.00727	0.00410	0.00273	0.00774
11	0.00674	0.00556	0.00598	0.00612	0.00777	0.00489	0.00468	0.00860	0.03399	0.01492	0.08139	0.09660	0.60561	0.01340	0.00636	0.00187	0.00295	0.08298	0.00496	0.00463
12	0.00918	0.00459	0.00689	0.00689	0.00689	0.00459	0.00459	0.00689	0.00689	0.00918	0.00918	0.01607	0.00918	0.01837	0.02066	0.84619	0.00459	0.00459	0.00230	0.00230
13	0.01524	0.55800	0.06621	0.01126	0.04095	0.20383	0.01015	0.01715	0.01182	0.01296	0.00775	0.00904	0.00684	0.00478	0.00387	0.00123	0.00672	0.00309	0.00238	0.00674
14	0.01354	0.15597	0.13417	0.01175	0.03655	0.08720	0.04076	0.07971	0.15392	0.05978	0.01620	0.05764	0.05637	0.03972	0.03230	0.00196	0.00614	0.00553	0.00374	0.00706
15	0.00726	0.00512	0.00619	0.00671	0.00766	0.00462	0.00468	0.00837	0.01093	0.04524	0.05868	0.43581	0.26857	0.07916	0.00815	0.00224	0.00319	0.02807	0.00486	0.00449
16	0.03841	0.16850	0.62549	0.01373	0.02080	0.01381	0.01721	0.01654	0.01102	0.01620	0.00904	0.01060	0.00668	0.00493	0.00467	0.00158	0.00731	0.00368	0.00227	0.00756
17	0.04581	0.01190	0.02208	0.24097	0.09443	0.01279	0.32767	0.01550	0.03666	0.01591	0.01066	0.03783	0.00866	0.00568	0.00689	0.00182	0.08976	0.00562	0.00272	0.00665
18	0.00804	0.00595	0.00726	0.00753	0.00877	0.00579	0.00571	0.01089	0.08230	0.02734	0.18046	0.19883	0.17417	0.08852	0.00842	0.00228	0.00357	0.16425	0.00499	0.00493
19	0.00643	0.00463	0.00610	0.00728	0.00765	0.00430	0.00487	0.00737	0.01020	0.01353	0.03012	0.78022	0.06487	0.01643	0.00673	0.00213	0.00305	0.01487	0.00491	0.00430
20	0.04120	0.05130	0.62160	0.01460	0.02149	0.01234	0.06297	0.01677	0.03667	0.01699	0.01075	0.01389	0.00826	0.00552	0.00510	0.00170	0.00740	0.04138	0.00254	0.00753
21	0.01143	0.01140	0.03857	0.43127	0.26582	0.03001	0.02933	0.01571	0.06816	0.01562	0.02570	0.01452	0.00899	0.00534	0.00529	0.00169	0.00662	0.00487	0.00274	0.00691
22	0.44818	0.00863	0.00817	0.00723	0.01000	0.00920	0.00579	0.03906	0.01176	0.11779	0.16146	0.04682	0.09232	0.00751	0.00457	0.00167	0.00372	0.00573	0.00445	0.00593
23	0.01994	0.01382	0.01511	0.01170	0.01578	0.01506	0.00962	0.64001	0.04899	0.11501	0.01427	0.03190	0.01028	0.00663	0.00533	0.00161	0.00555	0.00510	0.00542	0.00886
24	0.01657	0.01146	0.01295	0.01074	0.02789	0.01226	0.00847	0.43092	0.07311	0.10194	0.14860	0.06464	0.01863	0.00776	0.00550	0.00164	0.00475	0.00633	0.02797	0.00786

[dist]
# distance from previous block
# <min> <max>
0	3

[block]
# block no. 4 follows, 46 sequences, length 46
# corresponding to MSA columns:
# 371-416
name=unknown_E
#
# <colnr> <probs for GDERKNQSTAVLIFYWHMCP>
#	G	D	E	R	K	N	Q	S	T	A	V	L	I	F	Y	W	H	M	C	P
0	0.04779	0.40044	0.30474	0.01171	0.01718	0.10816	0.01291	0.01677	0.01132	0.01454	0.00823	0.00960	0.00671	0.00483	0.00415	0.00138	0.00684	0.00329	0.00235	0.00704
1	0.01260	0.01026	0.01166	0.00858	0.01303	0.00879	0.00690	0.14678	0.03336	0.02029	0.01056	0.01179	0.00845	0.00451	0.00419	0.00097	0.00421	0.00356	0.03181	0.64770
2	0.03327	0.05214	0.08166	0.06606	0.11359	0.03546	0.09831	0.26867	0.01569	0.03579	0.01082	0.01292	0.00835	0.00728	0.03875	0.00196	0.09179	0.00472	0.01520	0.00758
3	0.01250	0.01284	0.03182	0.21874	0.43449	0.06879	0.08596	0.01571	0.01186	0.01587	0.01035	0.03820	0.00871	0.00526	0.00535	0.00164	0.00688	0.00507	0.00263	0.00734
4	0.00757	0.00508	0.00580	0.00591	0.00594	0.00505	0.00336	0.00766	0.00791	0.01055	0.01780	0.10558	0.02066	0.74126	0.02506	0.00485	0.00494	0.00836	0.00336	0.00330
5	0.48882	0.01020	0.01082	0.19393	0.01722	0.01163	0.00840	0.06998	0.01129	0.11933	0.00995	0.01138	0.00721	0.00531	0.00415	0.00166	0.00496	0.00374	0.00362	0.00641
6	0.01098	0.00609	0.00624	0.00580	0.00734	0.00628	0.00442	0.10015	0.01258	0.02098	0.01669	0.01940	0.01321	0.03392	0.00468	0.00141	0.00295	0.00500	0.71653	0.00534
7	0.00758	0.00535	0.00703	0.00708	0.00752	0.00578	0.00483	0.00848	0.00815	0.01130	0.01596	0.05609	0.01703	0.42985	0.37816	0.00657	0.00920	0.00702	0.00309	0.00394
8	0.00642	0.00469	0.00604	0.00713	0.00761	0.00431	0.00480	0.00739	0.01035	0.01359	0.03201	0.72135	0.12252	0.01619	0.00669	0.00210	0.00302	0.01457	0.00491	0.00431
9	0.00811	0.00571	0.00726	0.00685	0.00827	0.00531	0.00518	0.01085	0.03972	0.04651	0.62693	0.06534	0.10815	0.01102	0.00621	0.00171	0.00270	0.02330	0.00570	0.00517
10	0.00860	0.00595	0.00808	0.00882	0.01012	0.00577	0.00744	0.01088	0.01262	0.04164	0.15496	0.09310	0.07905	0.01373	0.00697	0.00222	0.00423	0.51576	0.00509	0.00497
11	0.01500	0.67328	0.02542	0.00988	0.01403	0.14649	0.00928	0.01663	0.01138	0.01252	0.00748	0.00871	0.00679	0.00476	0.00388	0.00119	0.02133	0.00295	0.00234	0.00666
12	0.01104	0.00946	0.01153	0.09689	0.01520	0.00793	0.00733	0.03615	0.03174	0.01731	0.01044	0.03671	0.00885	0.00463	0.00424	0.00099	0.00430	0.00381	0.00323	0.67821
13	0.01735	0.03903	0.04449	0.09274	0.05885	0.41523	0.03177	0.16063	0.03152	0.01775	0.00992	0.01149	0.00777	0.00556	0.00494	0.00148	0.00789	0.00405	0.03067	0.00688
14	0.05507	0.01605	0.01396	0.19296	0.01959	0.29650	0.01028	0.20126	0.01575	0.01903	0.01282	0.01441	0.05582	0.00614	0.00498	0.00154	0.00701	0.00457	0.04568	0.00659
15	0.01354	0.01057	0.01256	0.03298	0.01437	0.00925	0.02169	0.16667	0.01404	0.06348	0.01073	0.01187	0.00834	0.00461	0.00436	0.00104	0.00452	0.00369	0.00373	0.58794
16	0.01175	0.00756	0.00897	0.00840	0.01068	0.00746	0.00668	0.01667	0.19178	0.16587	0.08011	0.08883	0.22292	0.01086	0.00608	0.00189	0.00378	0.13798	0.00539	0.00635
