[name]
unknown

[dist]
# distance from previous block
# <min> <max>
0	93

[block]
# block no. 0 follows, 49 sequences, length 53
# corresponding to MSA columns:
# 93-145
name=unknown_A
#
# <colnr> <probs for GDERKNQSTAVLIFYWHMCP>
#	G	D	E	R	K	N	Q	S	T	A	V	L	I	F	Y	W	H	M	C	P
0	0.09526	0.01242	0.18857	0.01097	0.03215	0.00959	0.01049	0.12781	0.04808	0.01904	0.04282	0.04601	0.01807	0.00914	0.00564	0.00189	0.00525	0.30660	0.00399	0.00620
1	0.07015	0.08009	0.42716	0.01265	0.01829	0.03095	0.05153	0.04171	0.12800	0.07510	0.01145	0.01220	0.00830	0.00520	0.00471	0.00157	0.00635	0.00412	0.00309	0.00739
2	0.03981	0.01769	0.35874	0.02561	0.06653	0.02959	0.03911	0.04204	0.11641	0.06996	0.01143	0.01239	0.00841	0.00503	0.00471	0.00147	0.00601	0.00410	0.00313	0.13783
3	0.13285	0.01065	0.01282	0.01172	0.08214	0.01117	0.03679	0.12018	0.24995	0.20557	0.02598	0.01523	0.01159	0.00591	0.00480	0.00157	0.00458	0.00482	0.00469	0.04700
4	0.00918	0.00607	0.00714	0.00651	0.00859	0.00527	0.01840	0.01095	0.02756	0.13615	0.07332	0.06925	0.49453	0.03699	0.00643	0.00179	0.00317	0.03936	0.00484	0.03451
5	0.03242	0.01245	0.01169	0.04028	0.01378	0.17378	0.00740	0.08020	0.01247	0.04045	0.00992	0.03706	0.00831	0.00480	0.00419	0.00105	0.00513	0.00367	0.00322	0.49771
6	0.00723	0.00485	0.00555	0.00567	0.00570	0.00482	0.00323	0.00732	0.00759	0.01011	0.01712	0.11142	0.01989	0.74191	0.02382	0.00462	0.00471	0.00805	0.00323	0.00317
7	0.01243	0.01200	0.02071	0.04882	0.74818	0.01202	0.04025	0.01548	0.01150	0.01643	0.00952	0.01257	0.00797	0.00451	0.00504	0.00151	0.00611	0.00455	0.00250	0.00792
8	0.01742	0.06793	0.01460	0.01211	0.01491	0.52144	0.00938	0.07341	0.13833	0.03931	0.01047	0.01116	0.00829	0.00564	0.00504	0.00141	0.03557	0.00381	0.00326	0.00651
9	0.00616	0.00442	0.00585	0.00700	0.00732	0.00411	0.00468	0.00705	0.00972	0.01292	0.02838	0.80230	0.04980	0.01578	0.00644	0.00205	0.00293	0.01430	0.00469	0.00411
10	0.03658	0.00952	0.01274	0.01105	0.01180	0.01223	0.02013	0.03357	0.05524	0.01508	0.12952	0.04310	0.01505	0.03501	0.02300	0.00215	0.48320	0.00563	0.02893	0.01646
11	0.01736	0.01312	0.01387	0.01090	0.01457	0.02692	0.00891	0.62793	0.07346	0.02905	0.03969	0.01619	0.07109	0.00677	0.00516	0.00154	0.00518	0.00523	0.00501	0.00806
12	0.00964	0.00908	0.01533	0.78606	0.05819	0.01126	0.01409	0.01300	0.01015	0.01303	0.00900	0.01345	0.00678	0.00504	0.00505	0.00168	0.00672	0.00449	0.00225	0.00569
13	0.01025	0.05157	0.77161	0.01423	0.02160	0.01201	0.01836	0.01599	0.01066	0.01588	0.00901	0.01059	0.00641	0.00479	0.00475	0.00158	0.00741	0.00370	0.00214	0.00744
14	0.00725	0.00533	0.00770	0.00770	0.00845	0.00609	0.00579	0.00875	0.00800	0.01142	0.01394	0.02204	0.01359	0.16684	0.67463	0.00760	0.01212	0.00574	0.00277	0.00428
15	0.01119	0.01135	0.02184	0.01633	0.02007	0.01114	0.46412	0.06592	0.02298	0.01624	0.01227	0.08174	0.01075	0.02673	0.10036	0.00252	0.04472	0.00631	0.00298	0.05045
16	0.79866	0.01009	0.00798	0.00700	0.01020	0.01165	0.00577	0.06857	0.00968	0.02334	0.00740	0.00849	0.00570	0.00479	0.00327	0.00156	0.00403	0.00287	0.00327	0.00570
17	0.01106	0.01106	0.01549	0.01328	0.01328	0.01549	0.01106	0.01217	0.00774	0.01217	0.00664	0.01106	0.00664	0.00885	0.01659	0.00221	0.81303	0.00443	0.00221	0.00553
18	0.01256	0.04908	0.02080	0.03002	0.75530	0.01238	0.01521	0.01550	0.01146	0.01631	0.00940	0.01231	0.00794	0.00450	0.00493	0.00148	0.00598	0.00442	0.00249	0.00794
19	0.01238	0.01188	0.02028	0.06654	0.75629	0.01198	0.01545	0.01540	0.01145	0.01636	0.00949	0.01256	0.00795	0.00453	0.00501	0.00151	0.00604	0.00450	0.00249	0.00790
20	0.01252	0.01201	0.02053	0.03104	0.79074	0.01201	0.01552	0.01552	0.01151	0.01652	0.00951	0.01252	0.00801	0.00451	0.00501	0.00150	0.00601	0.00451	0.00250	0.00801
21	0.00716	0.00517	0.00676	0.00636	0.00755	0.00477	0.00477	0.00954	0.01431	0.02028	0.78808	0.03777	0.04771	0.01034	0.00596	0.00159	0.00239	0.00914	0.00557	0.00477
22	0.01106	0.01106	0.01549	0.01328	0.01328	0.01549	0.01106	0.01217	0.00774	0.01217	0.00664	0.01106	0.00664	0.00885	0.01659	0.00221	0.81303	0.00443	0.00221	0.00553
23	0.01922	0.01416	0.01518	0.01163	0.01568	0.01568	0.00961	0.77388	0.02378	0.03187	0.01214	0.01214	0.00860	0.00607	0.00506	0.00152	0.00556	0.00455	0.00506	0.00860
24	0.00716	0.00517	0.00676	0.00636	0.00755	0.00477	0.00477	0.00954	0.01431	0.02028	0.78808	0.03777	0.04771	0.01034	0.00596	0.00159	0.00239	0.00914	0.00557	0.00477
25	0.02269	0.00861	0.01174	0.00900	0.01291	0.00743	0.00743	0.02464	0.01447	0.79425	0.01995	0.01721	0.01252	0.00626	0.00509	0.00156	0.00430	0.00509	0.00626	0.00861
26	0.00878	0.00439	0.00659	0.00659	0.00659	0.00439	0.00439	0.00659	0.00659	0.00878	0.00878	0.01537	0.00878	0.01757	0.01976	0.85288	0.00439	0.00439	0.00220	0.00220
27	0.01889	0.02410	0.01433	0.01303	0.01563	0.80199	0.00977	0.02019	0.01433	0.01238	0.00782	0.00912	0.00651	0.00521	0.00456	0.00130	0.00912	0.00326	0.00261	0.00586
28	0.01951	0.01251	0.01270	0.01206	0.01416	0.01129	0.00840	0.07124	0.01731	0.02766	0.02442	0.03034	0.02079	0.02741	0.00823	0.00303	0.00611	0.00770	0.65521	0.00992
29	0.02160	0.01678	0.01748	0.01592	0.01901	0.06993	0.03764	0.12466	0.24710	0.06441	0.04815	0.14920	0.10425	0.01444	0.00935	0.00338	0.00764	0.01003	0.00766	0.01138
30	0.74368	0.01618	0.01428	0.01322	0.01681	0.01619	0.00964	0.02106	0.01476	0.03020	0.01666	0.02145	0.01459	0.01092	0.00736	0.00326	0.00717	0.00598	0.00627	0.01033
31	0.01407	0.01041	0.01225	0.01208	0.08948	0.01141	0.00865	0.02475	0.54938	0.14811	0.01963	0.01945	0.01475	0.00680	0.00519	0.00169	0.00427	0.03458	0.00505	0.00797
32	0.01157	0.01088	0.01840	0.07310	0.63267	0.01114	0.01409	0.01442	0.01094	0.01561	0.01007	0.01364	0.00861	0.00941	0.12129	0.00248	0.00715	0.00464	0.00252	0.00736
33	0.00645	0.00461	0.00620	0.00737	0.00779	0.00436	0.00520	0.00754	0.00997	0.01323	0.02771	0.70785	0.03281	0.01557	0.00653	0.00209	0.00319	0.12265	0.00469	0.00419
34	0.02112	0.00934	0.01438	0.01079	0.01488	0.00821	0.11901	0.02341	0.01410	0.68076	0.01853	0.01669	0.01181	0.00597	0.00521	0.00159	0.00492	0.00521	0.00572	0.00835
35	0.01922	0.01416	0.01518	0.01163	0.01568	0.01568	0.00961	0.77388	0.02378	0.03187	0.01214	0.01214	0.00860	0.00607	0.00506	0.00152	0.00556	0.00455	0.00506	0.00860
36	0.73561	0.01187	0.00844	0.00758	0.01063	0.12667	0.00610	0.01564	0.00944	0.02118	0.00715	0.00835	0.00563	0.00477	0.00334	0.00153	0.00467	0.00281	0.00305	0.00553
37	0.01917	0.01561	0.01505	0.01184	0.01567	0.13037	0.00963	0.66395	0.02240	0.02903	0.01151	0.01170	0.00830	0.00594	0.00499	0.00149	0.00608	0.00436	0.00470	0.00820
38	0.00710	0.00526	0.00668	0.00658	0.00786	0.00484	0.00511	0.00929	0.01345	0.01841	0.55209	0.04243	0.17064	0.01129	0.00612	0.00172	0.00275	0.11844	0.00529	0.00467
39	0.01352	0.82533	0.02650	0.00865	0.01298	0.02001	0.00865	0.01514	0.01027	0.01190	0.00703	0.00811	0.00649	0.00433	0.00324	0.00108	0.00541	0.00270	0.00216	0.00649
40	0.01278	0.01308	0.02414	0.01791	0.02160	0.01388	0.47243	0.12571	0.01262	0.01749	0.00962	0.01278	0.00755	0.00566	0.00847	0.00180	0.20749	0.00538	0.00284	0.00676
41	0.01257	0.01108	0.01317	0.01426	0.16201	0.01247	0.00944	0.02470	0.63419	0.02027	0.01846	0.01765	0.01401	0.00641	0.00512	0.00167	0.00439	0.00549	0.00464	0.00801
42	0.02042	0.00810	0.01101	0.00861	0.01213	0.00704	0.00704	0.02244	0.01445	0.68136	0.13199	0.02021	0.01765	0.00685	0.00521	0.00157	0.00402	0.00568	0.00616	0.00805
43	0.00998	0.00943	0.01595	0.69650	0.14508	0.01135	0.01426	0.01330	0.01032	0.01345	0.00906	0.01334	0.00693	0.00498	0.00505	0.00166	0.00663	0.00450	0.00228	0.00597
44	0.00688	0.00504	0.00603	0.00586	0.00710	0.00450	0.00431	0.00812	0.01198	0.01574	0.35563	0.03922	0.36260	0.01246	0.00798	0.12581	0.00275	0.00911	0.00470	0.00418
45	0.00857	0.00455	0.00677	0.00677	0.00693	0.00468	0.00465	0.00706	0.00690	0.00944	0.00965	0.01611	0.00944	0.02027	0.13353	0.71033	0.00568	0.00455	0.02152	0.00259
46	0.01331	0.01552	0.12992	0.01353	0.01610	0.11814	0.07056	0.14400	0.02371	0.01658	0.00917	0.03378	0.00788	0.00712	0.01004	0.00183	0.35484	0.00461	0.00288	0.00648
47	0.00653	0.00569	0.00664	0.12258	0.01094	0.00530	0.00536	0.00815	0.01141	0.01376	0.06786	0.04320	0.65171	0.01160	0.00584	0.00170	0.00317	0.00972	0.00437	0.00448
48	0.01230	0.22248	0.49144	0.01258	0.01877	0.01437	0.01487	0.12634	0.01249	0.01731	0.00902	0.01025	0.00675	0.00487	0.00445	0.00146	0.00668	0.00360	0.00257	0.00739
49	0.01039	0.00844	0.01038	0.00788	0.01169	0.00683	0.01776	0.02358	0.01045	0.03992	0.01071	0.04018	0.00932	0.00927	0.12040	0.00192	0.00526	0.00388	0.00314	0.64858
50	0.01035	0.01009	0.01409	0.01237	0.01241	0.01383	0.01013	0.01142	0.00803	0.01228	0.00973	0.12891	0.01055	0.00987	0.01512	0.00219	0.69487	0.00588	0.00257	0.00532
51	0.73373	0.00910	0.00710	0.00643	0.00935	0.01031	0.00524	0.01375	0.00903	0.02137	0.01349	0.01411	0.11972	0.00588	0.00354	0.00159	0.00371	0.00390	0.00336	0.00530
52	0.01096	0.01052	0.01506	0.01301	0.01355	0.01396	0.04528	0.03853	0.00906	0.01347	0.00993	0.01792	0.01003	0.00929	0.01431	0.00218	0.63044	0.11423	0.00268	0.00557

[dist]
# distance from previous block
# <min> <max>
0	1

[block]
# block no. 1 follows, 49 sequences, length 48
# corresponding to MSA columns:
# 147-194
name=unknown_B
#
# <colnr> <probs for GDERKNQSTAVLIFYWHMCP>
#	G	D	E	R	K	N	Q	S	T	A	V	L	I	F	Y	W	H	M	C	P
0	0.51325	0.01158	0.01061	0.00870	0.01221	0.01313	0.00718	0.32684	0.01484	0.02646	0.00914	0.00983	0.00676	0.00526	0.00392	0.00155	0.00459	0.00348	0.00392	0.00676
1	0.01252	0.01201	0.02053	0.03104	0.79074	0.01201	0.01552	0.01552	0.01151	0.01652	0.00951	0.01252	0.00801	0.00451	0.00501	0.00150	0.00601	0.00451	0.00250	0.00801
2	0.01091	0.00651	0.00810	0.00716	0.00902	0.02553	0.00552	0.01341	0.03099	0.18747	0.57093	0.03241	0.05305	0.00930	0.00572	0.00158	0.00301	0.00807	0.00562	0.00569
3	0.01252	0.01201	0.02053	0.03104	0.79074	0.01201	0.01552	0.01552	0.01151	0.01652	0.00951	0.01252	0.00801	0.00451	0.00501	0.00150	0.00601	0.00451	0.00250	0.00801
4	0.03632	0.78406	0.04445	0.00874	0.01311	0.01958	0.00881	0.01516	0.01024	0.01229	0.00708	0.00818	0.00646	0.00435	0.00328	0.00111	0.00542	0.00273	0.00219	0.00649
5	0.00651	0.00521	0.00586	0.00595	0.00737	0.00463	0.00445	0.00834	0.03178	0.01517	0.19686	0.15055	0.48116	0.01261	0.00606	0.00176	0.00271	0.04366	0.00488	0.00446
6	0.01014	0.02616	0.79609	0.01441	0.02189	0.01174	0.01868	0.01601	0.01068	0.01601	0.00907	0.01068	0.00641	0.00480	0.00480	0.00160	0.00747	0.00374	0.00214	0.00747
7	0.00620	0.00442	0.00586	0.00699	0.00727	0.00413	0.00464	0.00705	0.00960	0.01281	0.02747	0.79290	0.03294	0.04261	0.00709	0.00215	0.00300	0.01414	0.00464	0.00407
8	0.01242	0.01192	0.02035	0.05656	0.76598	0.01199	0.01547	0.01543	0.01147	0.01640	0.00949	0.01255	0.00797	0.00452	0.00501	0.00151	0.00603	0.00451	0.00249	0.00793
9	0.85801	0.00978	0.00743	0.00665	0.00978	0.01134	0.00548	0.01486	0.00861	0.02269	0.00704	0.00821	0.00548	0.00469	0.00313	0.00156	0.00391	0.00274	0.00313	0.00548
10	0.01106	0.01106	0.01549	0.01328	0.01328	0.01549	0.01106	0.01217	0.00774	0.01217	0.00664	0.01106	0.00664	0.00885	0.01659	0.00221	0.81303	0.00443	0.00221	0.00553
11	0.01370	0.01118	0.01189	0.01041	0.01344	0.01278	0.00818	0.11562	0.66637	0.04775	0.01956	0.01801	0.01453	0.00675	0.00513	0.00169	0.00420	0.00556	0.00517	0.00809
12	0.01352	0.82533	0.02650	0.00865	0.01298	0.02001	0.00865	0.01514	0.01027	0.01190	0.00703	0.00811	0.00649	0.00433	0.00324	0.00108	0.00541	0.00270	0.00216	0.00649
13	0.01891	0.01387	0.01485	0.01142	0.01537	0.01534	0.00942	0.74987	0.02336	0.03146	0.01228	0.01235	0.00874	0.00606	0.00501	0.00151	0.00546	0.00456	0.03169	0.00848
14	0.00716	0.00517	0.00676	0.00636	0.00755	0.00477	0.00477	0.00954	0.01431	0.02028	0.78808	0.03777	0.04771	0.01034	0.00596	0.00159	0.00239	0.00914	0.00557	0.00477
15	0.01352	0.82533	0.02650	0.00865	0.01298	0.02001	0.00865	0.01514	0.01027	0.01190	0.00703	0.00811	0.00649	0.00433	0.00324	0.00108	0.00541	0.00270	0.00216	0.00649
16	0.01194	0.01364	0.02984	0.02131	0.02643	0.01279	0.77238	0.01620	0.01194	0.01620	0.01023	0.01364	0.00767	0.00426	0.00597	0.00171	0.00853	0.00597	0.00256	0.00682
17	0.00616	0.00440	0.00587	0.00704	0.00733	0.00411	0.00469	0.00704	0.00968	0.01291	0.02787	0.81899	0.03344	0.01584	0.00645	0.00205	0.00293	0.01438	0.00469	0.00411
18	0.00943	0.00471	0.00471	0.00471	0.00589	0.00471	0.00353	0.01178	0.01060	0.01885	0.01650	0.01885	0.01296	0.00589	0.00353	0.00118	0.00236	0.00471	0.85036	0.00471
19	0.00878	0.00439	0.00659	0.00659	0.00659	0.00439	0.00439	0.00659	0.00659	0.00878	0.00878	0.01537	0.00878	0.01757	0.01976	0.85288	0.00439	0.00439	0.00220	0.00220
20	0.01352	0.82533	0.02650	0.00865	0.01298	0.02001	0.00865	0.01514	0.01027	0.01190	0.00703	0.00811	0.00649	0.00433	0.00324	0.00108	0.00541	0.00270	0.00216	0.00649
21	0.01049	0.00899	0.01049	0.00749	0.01198	0.00674	0.00599	0.01273	0.01049	0.01648	0.00899	0.01049	0.00749	0.00374	0.00374	0.00075	0.00374	0.00300	0.00300	0.85320
22	0.01276	0.01265	0.01971	0.08455	0.68303	0.06756	0.01501	0.01567	0.01161	0.01598	0.00936	0.01234	0.00782	0.00459	0.00498	0.00150	0.00628	0.00442	0.00249	0.00769
23	0.01106	0.01106	0.01549	0.01328	0.01328	0.01549	0.01106	0.01217	0.00774	0.01217	0.00664	0.01106	0.00664	0.00885	0.01659	0.00221	0.81303	0.00443	0.00221	0.00553
24	0.04667	0.00954	0.01173	0.00896	0.01295	0.00867	0.00733	0.11736	0.04747	0.45519	0.01597	0.01475	0.01073	0.00562	0.00470	0.00137	0.00431	0.00448	0.00519	0.20700
25	0.01309	0.72428	0.12381	0.00938	0.01410	0.01896	0.00992	0.01525	0.01033	0.01242	0.00729	0.00844	0.00648	0.00439	0.00344	0.00115	0.00567	0.00283	0.00216	0.00661
26	0.00732	0.00557	0.00686	0.00751	0.00833	0.00560	0.00525	0.01060	0.14232	0.01481	0.07527	0.61394	0.04940	0.01388	0.00619	0.00196	0.00307	0.01247	0.00483	0.00482
27	0.00642	0.00502	0.00582	0.00588	0.00717	0.00442	0.00431	0.00802	0.01219	0.01585	0.30555	0.17452	0.40186	0.01245	0.00605	0.00172	0.00256	0.01076	0.00500	0.00442
28	0.02269	0.00861	0.01174	0.00900	0.01291	0.00743	0.00743	0.02464	0.01447	0.79425	0.01995	0.01721	0.01252	0.00626	0.00509	0.00156	0.00430	0.00509	0.00626	0.00861
29	0.01258	0.01086	0.01143	0.01029	0.01315	0.01258	0.00800	0.02687	0.78161	0.02115	0.02058	0.01887	0.01544	0.00686	0.00515	0.00172	0.00400	0.00572	0.00515	0.00800
30	0.02269	0.00861	0.01174	0.00900	0.01291	0.00743	0.00743	0.02464	0.01447	0.79425	0.01995	0.01721	0.01252	0.00626	0.00509	0.00156	0.00430	0.00509	0.00626	0.00861
31	0.02019	0.01261	0.01421	0.01090	0.01490	0.01337	0.00900	0.56391	0.02117	0.24553	0.01433	0.01356	0.00970	0.00612	0.00507	0.00153	0.00521	0.00470	0.00539	0.00860
32	0.71484	0.00958	0.00817	0.00705	0.01032	0.01067	0.00581	0.01654	0.00961	0.15493	0.00925	0.00976	0.00668	0.00496	0.00346	0.00156	0.00398	0.00314	0.00367	0.00601
33	0.01352	0.82533	0.02650	0.00865	0.01298	0.02001	0.00865	0.01514	0.01027	0.01190	0.00703	0.00811	0.00649	0.00433	0.00324	0.00108	0.00541	0.00270	0.00216	0.00649
34	0.01252	0.01201	0.02053	0.03104	0.79074	0.01201	0.01552	0.01552	0.01151	0.01652	0.00951	0.01252	0.00801	0.00451	0.00501	0.00150	0.00601	0.00451	0.00250	0.00801
35	0.01433	0.01173	0.01242	0.01065	0.01382	0.01340	0.00843	0.22409	0.58153	0.02398	0.01835	0.01709	0.01363	0.00665	0.00512	0.00166	0.00441	0.00541	0.00512	0.00816
36	0.00695	0.00516	0.00648	0.00615	0.00743	0.00469	0.00461	0.00915	0.01384	0.01914	0.66179	0.03964	0.17471	0.01076	0.00597	0.00161	0.00242	0.00941	0.00542	0.00469
37	0.00955	0.00899	0.01517	0.81013	0.03483	0.01123	0.01404	0.01292	0.01011	0.01292	0.00899	0.01348	0.00674	0.00506	0.00506	0.00169	0.00674	0.00449	0.00225	0.00562
38	0.00620	0.00442	0.00586	0.00700	0.00728	0.00413	0.00465	0.00705	0.00961	0.01282	0.02751	0.79536	0.03299	0.04008	0.00703	0.00214	0.00299	0.01416	0.00465	0.00408
39	0.00878	0.00439	0.00659	0.00659	0.00659	0.00439	0.00439	0.00659	0.00659	0.00878	0.00878	0.01537	0.00878	0.01757	0.01976	0.85288	0.00439	0.00439	0.00220	0.00220
40	0.01352	0.82533	0.02650	0.00865	0.01298	0.02001	0.00865	0.01514	0.01027	0.01190	0.00703	0.00811	0.00649	0.00433	0.00324	0.00108	0.00541	0.00270	0.00216	0.00649
41	0.02227	0.00851	0.01160	0.00893	0.01277	0.00736	0.00736	0.02424	0.01447	0.77361	0.04043	0.01776	0.01346	0.00637	0.00511	0.00157	0.00425	0.00519	0.00624	0.00850
42	0.00955	0.00899	0.01517	0.81013	0.03483	0.01123	0.01404	0.01292	0.01011	0.01292	0.00899	0.01348	0.00674	0.00506	0.00506	0.00169	0.00674	0.00449	0.00225	0.00562
43	0.01865	0.01410	0.01470	0.01150	0.01537	0.04559	0.00941	0.65479	0.09618	0.04840	0.01297	0.01279	0.00927	0.00612	0.00505	0.00153	0.00552	0.00463	0.00500	0.00844
44	0.85801	0.00978	0.00743	0.00665	0.00978	0.01134	0.00548	0.01486	0.00861	0.02269	0.00704	0.00821	0.00548	0.00469	0.00313	0.00156	0.00391	0.00274	0.00313	0.00548
45	0.01252	0.01201	0.02053	0.03104	0.79074	0.01201	0.01552	0.01552	0.01151	0.01652	0.00951	0.01252	0.00801	0.00451	0.00501	0.00150	0.00601	0.00451	0.00250	0.00801
46	0.00943	0.00471	0.00471	0.00471	0.00589	0.00471	0.00353	0.01178	0.01060	0.01885	0.01650	0.01885	0.01296	0.00589	0.00353	0.00118	0.00236	0.00471	0.85036	0.00471
47	0.01721	0.01336	0.01701	0.01299	0.01705	0.01438	0.14002	0.50620	0.12670	0.06224	0.01334	0.01356	0.00957	0.00588	0.00523	0.00158	0.00580	0.00498	0.00470	0.00821

[dist]
# distance from previous block
# <min> <max>
0	1

[block]
# block no. 2 follows, 49 sequences, length 25
# corresponding to MSA columns:
# 196-220
name=unknown_C
#
# <colnr> <probs for GDERKNQSTAVLIFYWHMCP>
#	G	D	E	R	K	N	Q	S	T	A	V	L	I	F	Y	W	H	M	C	P
0	0.01117	0.01210	0.02280	0.01698	0.02082	0.05446	0.51547	0.01497	0.03413	0.01657	0.14721	0.06100	0.01619	0.00618	0.00614	0.00169	0.02579	0.00678	0.00327	0.00627
1	0.01456	0.00696	0.00915	0.00765	0.01020	0.00623	0.00607	0.01705	0.03761	0.38421	0.36076	0.02815	0.07279	0.00845	0.00553	0.00159	0.00335	0.00722	0.00583	0.00665
2	0.01014	0.02616	0.79609	0.01441	0.02189	0.01174	0.01868	0.01601	0.01068	0.01601	0.00907	0.01068	0.00641	0.00480	0.00480	0.00160	0.00747	0.00374	0.00214	0.00747
3	0.00616	0.00440	0.00587	0.00704	0.00733	0.00411	0.00469	0.00704	0.00968	0.01291	0.02787	0.81899	0.03344	0.01584	0.00645	0.00205	0.00293	0.01438	0.00469	0.00411
4	0.01922	0.01416	0.01518	0.01163	0.01568	0.01568	0.00961	0.77388	0.02378	0.03187	0.01214	0.01214	0.00860	0.00607	0.00506	0.00152	0.00556	0.00455	0.00506	0.00860
5	0.85801	0.00978	0.00743	0.00665	0.00978	0.01134	0.00548	0.01486	0.00861	0.02269	0.00704	0.00821	0.00548	0.00469	0.00313	0.00156	0.00391	0.00274	0.00313	0.00548
6	0.01014	0.02616	0.79609	0.01441	0.02189	0.01174	0.01868	0.01601	0.01068	0.01601	0.00907	0.01068	0.00641	0.00480	0.00480	0.00160	0.00747	0.00374	0.00214	0.00747
7	0.01889	0.02410	0.01433	0.01303	0.01563	0.80199	0.00977	0.02019	0.01433	0.01238	0.00782	0.00912	0.00651	0.00521	0.00456	0.00130	0.00912	0.00326	0.00261	0.00586
8	0.00598	0.00512	0.00512	0.00512	0.00683	0.00427	0.00384	0.00726	0.01153	0.01366	0.05123	0.04866	0.78869	0.01281	0.00598	0.00171	0.00256	0.01067	0.00470	0.00427
9	0.01889	0.02410	0.01433	0.01303	0.01563	0.80199	0.00977	0.02019	0.01433	0.01238	0.00782	0.00912	0.00651	0.00521	0.00456	0.00130	0.00912	0.00326	0.00261	0.00586
10	0.00598	0.00512	0.00512	0.00512	0.00683	0.00427	0.00384	0.00726	0.01153	0.01366	0.05123	0.04866	0.78869	0.01281	0.00598	0.00171	0.00256	0.01067	0.00470	0.00427
11	0.01298	0.01077	0.01145	0.01024	0.01314	0.01237	0.00798	0.02678	0.75106	0.05194	0.02056	0.01880	0.01532	0.00684	0.00514	0.00171	0.00401	0.00569	0.00519	0.00803
12	0.00723	0.00539	0.00799	0.00799	0.00884	0.00624	0.00615	0.00894	0.00809	0.01163	0.01367	0.02058	0.01295	0.08010	0.76049	0.00795	0.01308	0.00552	0.00273	0.00444
13	0.01219	0.01168	0.01993	0.11734	0.70701	0.01193	0.01536	0.01523	0.01136	0.01612	0.00945	0.01262	0.00787	0.00457	0.00501	0.00152	0.00609	0.00450	0.00247	0.00774
14	0.01061	0.00945	0.01160	0.00877	0.01227	0.00868	0.00712	0.01261	0.00988	0.01552	0.00847	0.01061	0.00730	0.00488	0.00660	0.00107	0.18326	0.00331	0.00282	0.66517
15	0.06545	0.77518	0.02533	0.00853	0.01278	0.01948	0.00846	0.01512	0.01017	0.01256	0.00703	0.00812	0.00643	0.00435	0.00324	0.00111	0.00532	0.00271	0.00222	0.00643
16	0.85801	0.00978	0.00743	0.00665	0.00978	0.01134	0.00548	0.01486	0.00861	0.02269	0.00704	0.00821	0.00548	0.00469	0.00313	0.00156	0.00391	0.00274	0.00313	0.00548
17	0.01321	0.01090	0.01162	0.01033	0.01325	0.01247	0.00812	0.08426	0.67790	0.04152	0.02011	0.01956	0.01528	0.00702	0.00520	0.00172	0.00415	0.03028	0.00515	0.00796
18	0.01144	0.01182	0.01714	0.01422	0.01491	0.04275	0.10100	0.01293	0.00847	0.01265	0.00710	0.01130	0.00676	0.00818	0.01492	0.00212	0.68975	0.00457	0.00227	0.00570
19	0.00626	0.00509	0.00554	0.00551	0.00702	0.00437	0.00410	0.00777	0.01206	0.01513	0.21825	0.08927	0.57717	0.01241	0.00600	0.00170	0.00254	0.01053	0.00489	0.00437
20	0.02269	0.00861	0.01174	0.00900	0.01291	0.00743	0.00743	0.02464	0.01447	0.79425	0.01995	0.01721	0.01252	0.00626	0.00509	0.00156	0.00430	0.00509	0.00626	0.00861
21	0.00716	0.00517	0.00676	0.00636	0.00755	0.00477	0.00477	0.00954	0.01431	0.02028	0.78808	0.03777	0.04771	0.01034	0.00596	0.00159	0.00239	0.00914	0.00557	0.00477
22	0.85801	0.00978	0.00743	0.00665	0.00978	0.01134	0.00548	0.01486	0.00861	0.02269	0.00704	0.00821	0.00548	0.00469	0.00313	0.00156	0.00391	0.00274	0.00313	0.00548
23	0.01889	0.02410	0.01433	0.01303	0.01563	0.80199	0.00977	0.02019	0.01433	0.01238	0.00782	0.00912	0.00651	0.00521	0.00456	0.00130	0.00912	0.00326	0.00261	0.00586
24	0.01050	0.00996	0.01689	0.55999	0.27753	0.01149	0.01452	0.01375	0.01056	0.01408	0.00916	0.01317	0.00715	0.00488	0.00504	0.00163	0.00651	0.00450	0.00233	0.00639

[dist]
# distance from previous block
# <min> <max>
0	7

[block]
# block no. 3 follows, 49 sequences, length 13
# corresponding to MSA columns:
# 228-240
name=unknown_D
#
# <colnr> <probs for GDERKNQSTAVLIFYWHMCP>
#	G	D	E	R	K	N	Q	S	T	A	V	L	I	F	Y	W	H	M	C	P
0	0.01229	0.53497	0.30611	0.01075	0.01621	0.01701	0.01230	0.01546	0.01042	0.01339	0.00777	0.00904	0.00646	0.00450	0.00381	0.00127	0.00616	0.00308	0.00215	0.00685
1	0.01352	0.82533	0.02650	0.00865	0.01298	0.02001	0.00865	0.01514	0.01027	0.01190	0.00703	0.00811	0.00649	0.00433	0.00324	0.00108	0.00541	0.00270	0.00216	0.00649
2	0.01038	0.07097	0.71149	0.01402	0.02093	0.01241	0.01771	0.01576	0.01050	0.01558	0.00883	0.01055	0.00642	0.00499	0.00533	0.00160	0.04935	0.00371	0.00214	0.00732
3	0.00616	0.00440	0.00587	0.00704	0.00733	0.00411	0.00469	0.00704	0.00968	0.01291	0.02787	0.81899	0.03344	0.01584	0.00645	0.00205	0.00293	0.01438	0.00469	0.00411
4	0.01258	0.01086	0.01143	0.01029	0.01315	0.01258	0.00800	0.02687	0.78161	0.02115	0.02058	0.01887	0.01544	0.00686	0.00515	0.00172	0.00400	0.00572	0.00515	0.00800
5	0.00598	0.00512	0.00512	0.00512	0.00683	0.00427	0.00384	0.00726	0.01153	0.01366	0.05123	0.04866	0.78869	0.01281	0.00598	0.00171	0.00256	0.01067	0.00470	0.00427
6	0.00627	0.00454	0.00592	0.00683	0.00733	0.00420	0.00465	0.00735	0.01035	0.01383	0.11917	0.67427	0.08663	0.01499	0.00636	0.00198	0.00284	0.01351	0.00480	0.00420
7	0.01352	0.82533	0.02650	0.00865	0.01298	0.02001	0.00865	0.01514	0.01027	0.01190	0.00703	0.00811	0.00649	0.00433	0.00324	0.00108	0.00541	0.00270	0.00216	0.00649
8	0.00716	0.00517	0.00676	0.00636	0.00755	0.00477	0.00477	0.00954	0.01431	0.02028	0.78808	0.03777	0.04771	0.01034	0.00596	0.00159	0.00239	0.00914	0.00557	0.00477
9	0.00955	0.00899	0.01517	0.81013	0.03483	0.01123	0.01404	0.01292	0.01011	0.01292	0.00899	0.01348	0.00674	0.00506	0.00506	0.00169	0.00674	0.00449	0.00225	0.00562
10	0.01282	0.01201	0.01948	0.02832	0.68682	0.01223	0.01459	0.05049	0.08061	0.01762	0.01061	0.01306	0.00870	0.00479	0.00502	0.00152	0.00581	0.00462	0.00285	0.00804
11	0.00723	0.00498	0.00589	0.00601	0.00629	0.00486	0.00364	0.00757	0.00800	0.01080	0.01807	0.19694	0.02089	0.59071	0.04851	0.00425	0.00475	0.00858	0.00339	0.03863
12	0.01281	0.01276	0.01966	0.08449	0.67614	0.07449	0.01496	0.01571	0.01164	0.01594	0.00934	0.01231	0.00780	0.00460	0.00497	0.00150	0.00631	0.00441	0.00249	0.00767

[dist]
# distance from previous block
# <min> <max>
0	1

[block]
# block no. 4 follows, 49 sequences, length 11
# corresponding to MSA columns:
# 242-252
name=unknown_E
#
# <colnr> <probs for GDERKNQSTAVLIFYWHMCP>
#	G	D	E	R	K	N	Q	S	T	A	V	L	I	F	Y	W	H	M	C	P
0	0.01194	0.00844	0.01016	0.00768	0.01143	0.00688	0.00613	0.04997	0.01241	0.12538	0.16101	0.01676	0.01600	0.00548	0.00442	0.00106	0.00365	0.00455	0.00404	0.53262
1	0.00758	0.00530	0.00615	0.00613	0.00765	0.00463	0.00459	0.00906	0.01188	0.07533	0.16293	0.18302	0.44377	0.01249	0.00603	0.00176	0.00282	0.03925	0.00496	0.00467
2	0.01092	0.01067	0.01545	0.01584	0.16284	0.03737	0.04816	0.01246	0.00890	0.01294	0.00925	0.03200	0.00914	0.10069	0.05164	0.00260	0.44584	0.00507	0.00247	0.00573
3	0.01137	0.01066	0.01796	0.19915	0.53751	0.01115	0.01437	0.01438	0.01122	0.01558	0.01134	0.01773	0.01010	0.00569	0.00524	0.00163	0.00602	0.08910	0.00269	0.00711
4	0.00993	0.00953	0.01533	0.44521	0.02515	0.01204	0.05976	0.01239	0.00933	0.01272	0.00937	0.04065	0.00831	0.05257	0.00985	0.00204	0.25291	0.00506	0.00238	0.00547
5	0.01225	0.01361	0.10775	0.02917	0.70427	0.01198	0.01587	0.01557	0.01142	0.01646	0.00946	0.01231	0.00783	0.00454	0.00498	0.00151	0.00617	0.00442	0.00246	0.00795
6	0.01004	0.00605	0.00698	0.00639	0.00716	0.00603	0.00408	0.06893	0.00945	0.10193	0.01610	0.02963	0.01695	0.66479	0.02175	0.00425	0.00488	0.00687	0.00359	0.00413
7	0.05701	0.01843	0.01525	0.01277	0.01603	0.43638	0.09484	0.10581	0.08852	0.03989	0.01021	0.01119	0.00793	0.00528	0.00473	0.00140	0.00743	0.00396	0.00328	0.05969
8	0.00722	0.00542	0.00813	0.00813	0.00903	0.00632	0.00632	0.00903	0.00813	0.01174	0.01354	0.01987	0.01264	0.03792	0.80225	0.00813	0.01354	0.00542	0.00271	0.00451
9	0.01014	0.02616	0.79609	0.01441	0.02189	0.01174	0.01868	0.01601	0.01068	0.01601	0.00907	0.01068	0.00641	0.00480	0.00480	0.00160	0.00747	0.00374	0.00214	0.00747
10	0.00705	0.00521	0.00661	0.00639	0.00766	0.00477	0.00487	0.00926	0.01370	0.01890	0.62070	0.04083	0.15923	0.01098	0.00604	0.00166	0.00258	0.06352	0.00537	0.00469

[dist]
# distance from previous block
# <min> <max>
0	1

[block]
# block no. 5 follows, 49 sequences, length 18
# corresponding to MSA columns:
# 254-271
name=unknown_F
#
# <colnr> <probs for GDERKNQSTAVLIFYWHMCP>
#	G	D	E	R	K	N	Q	S	T	A	V	L	I	F	Y	W	H	M	C	P
0	0.01889	0.02410	0.01433	0.01303	0.01563	0.80199	0.00977	0.02019	0.01433	0.01238	0.00782	0.00912	0.00651	0.00521	0.00456	0.00130	0.00912	0.00326	0.00261	0.00586
1	0.01014	0.02616	0.79609	0.01441	0.02189	0.01174	0.01868	0.01601	0.01068	0.01601	0.00907	0.01068	0.00641	0.00480	0.00480	0.00160	0.00747	0.00374	0.00214	0.00747
2	0.00598	0.00512	0.00512	0.00512	0.00683	0.00427	0.00384	0.00726	0.01153	0.01366	0.05123	0.04866	0.78869	0.01281	0.00598	0.00171	0.00256	0.01067	0.00470	0.00427
3	0.02269	0.00861	0.01174	0.00900	0.01291	0.00743	0.00743	0.02464	0.01447	0.79425	0.01995	0.01721	0.01252	0.00626	0.00509	0.00156	0.00430	0.00509	0.00626	0.00861
4	0.00878	0.00439	0.00659	0.00659	0.00659	0.00439	0.00439	0.00659	0.00659	0.00878	0.00878	0.01537	0.00878	0.01757	0.01976	0.85288	0.00439	0.00439	0.00220	0.00220
5	0.01871	0.05360	0.01484	0.01278	0.01554	0.72574	0.00972	0.06494	0.01474	0.01352	0.00804	0.00926	0.00664	0.00523	0.00454	0.00131	0.00877	0.00331	0.00274	0.00605
6	0.01038	0.00848	0.01131	0.01330	0.14471	0.00900	0.00931	0.03599	0.22965	0.01745	0.02172	0.05975	0.02122	0.01019	0.00606	0.00198	0.00468	0.37412	0.00444	0.00626
7	0.07121	0.01099	0.01172	0.00999	0.01323	0.01221	0.00793	0.13881	0.50638	0.09314	0.01776	0.01656	0.01307	0.00639	0.00492	0.00161	0.00425	0.00515	0.00499	0.04968
8	0.77816	0.01001	0.00805	0.00703	0.01025	0.01147	0.00580	0.06145	0.00973	0.04980	0.00780	0.00876	0.00591	0.00483	0.00331	0.00156	0.00403	0.00293	0.00335	0.00577
9	0.01216	0.50446	0.33549	0.01097	0.01655	0.01669	0.01268	0.01549	0.01044	0.01355	0.00785	0.00914	0.00646	0.00452	0.00387	0.00129	0.00624	0.00312	0.00215	0.00688
10	0.00737	0.00553	0.00748	0.00892	0.05328	0.00531	0.00642	0.00895	0.01072	0.01402	0.04730	0.30881	0.12470	0.07140	0.00788	0.00227	0.00385	0.29682	0.00446	0.00450
11	0.00735	0.00490	0.00552	0.00552	0.00552	0.00490	0.00306	0.00735	0.00735	0.00980	0.01593	0.03309	0.01838	0.82229	0.02574	0.00490	0.00490	0.00735	0.00306	0.00306
12	0.00728	0.00487	0.00554	0.00561	0.00562	0.00486	0.00316	0.00734	0.00749	0.00999	0.01664	0.07960	0.01928	0.77457	0.02460	0.00473	0.00479	0.00777	0.00316	0.00313
13	0.00613	0.00452	0.00574	0.00671	0.00725	0.00413	0.00455	0.00708	0.01000	0.01304	0.03186	0.68726	0.16260	0.01532	0.00637	0.00199	0.00287	0.01374	0.00469	0.00413
14	0.01258	0.01086	0.01143	0.01029	0.01315	0.01258	0.00800	0.02687	0.78161	0.02115	0.02058	0.01887	0.01544	0.00686	0.00515	0.00172	0.00400	0.00572	0.00515	0.00800
15	0.01258	0.01086	0.01143	0.01029	0.01315	0.01258	0.00800	0.02687	0.78161	0.02115	0.02058	0.01887	0.01544	0.00686	0.00515	0.00172	0.00400	0.00572	0.00515	0.00800
16	0.85801	0.00978	0.00743	0.00665	0.00978	0.01134	0.00548	0.01486	0.00861	0.02269	0.00704	0.00821	0.00548	0.00469	0.00313	0.00156	0.00391	0.00274	0.00313	0.00548
17	0.01559	0.01900	0.01214	0.01148	0.01348	0.59528	0.00846	0.01679	0.01313	0.01251	0.01301	0.21893	0.01349	0.00797	0.00505	0.00150	0.00752	0.00614	0.00315	0.00541

[dist]
# distance from previous block
# <min> <max>
0	1

[block]
# block no. 6 follows, 49 sequences, length 10
# corresponding to MSA columns:
# 273-282
name=unknown_G
#
# <colnr> <probs for GDERKNQSTAVLIFYWHMCP>
#	G	D	E	R	K	N	Q	S	T	A	V	L	I	F	Y	W	H	M	C	P
0	0.85801	0.00978	0.00743	0.00665	0.00978	0.01134	0.00548	0.01486	0.00861	0.02269	0.00704	0.00821	0.00548	0.00469	0.00313	0.00156	0.00391	0.00274	0.00313	0.00548
1	0.01255	0.01185	0.01215	0.01085	0.01289	0.09427	0.00847	0.02176	0.48761	0.01759	0.01605	0.01725	0.01290	0.06479	0.00891	0.00200	0.17173	0.00531	0.00413	0.00692
2	0.00694	0.00513	0.00648	0.00621	0.00744	0.00467	0.00463	0.00909	0.01370	0.01897	0.64529	0.07378	0.15701	0.01095	0.00599	0.00163	0.00244	0.00960	0.00540	0.00467
3	0.01014	0.02616	0.79609	0.01441	0.02189	0.01174	0.01868	0.01601	0.01068	0.01601	0.00907	0.01068	0.00641	0.00480	0.00480	0.00160	0.00747	0.00374	0.00214	0.00747
4	0.00716	0.00517	0.00676	0.00636	0.00755	0.00477	0.00477	0.00954	0.01431	0.02028	0.78808	0.03777	0.04771	0.01034	0.00596	0.00159	0.00239	0.00914	0.00557	0.00477
5	0.00656	0.00467	0.00608	0.00669	0.00721	0.00437	0.00455	0.00777	0.01073	0.01463	0.23747	0.52106	0.03584	0.09771	0.00831	0.00222	0.00299	0.01220	0.00477	0.00418
6	0.11778	0.03090	0.03259	0.01418	0.17417	0.04393	0.00975	0.18452	0.04131	0.28062	0.01353	0.01343	0.00947	0.00557	0.00476	0.00153	0.00517	0.00443	0.00447	0.00790
7	0.00918	0.25959	0.01382	0.00829	0.01025	0.01056	0.00704	0.01092	0.00879	0.01179	0.01153	0.01622	0.01073	0.02751	0.55455	0.00594	0.01102	0.00458	0.00254	0.00513
8	0.00959	0.00804	0.00953	0.00740	0.01102	0.00620	0.00572	0.01156	0.01032	0.01574	0.01289	0.17752	0.01285	0.00624	0.00430	0.00102	0.00358	0.00535	0.00335	0.67778
9	0.01636	0.03863	0.17613	0.01179	0.01633	0.01412	0.01111	0.49934	0.06664	0.04771	0.01271	0.04375	0.00959	0.00619	0.00502	0.00156	0.00572	0.00480	0.00440	0.00810

[dist]
# distance from previous block
# <min> <max>
2	8

[block]
# block no. 7 follows, 49 sequences, length 22
# corresponding to MSA columns:
# 291-312
name=unknown_H
#
# <colnr> <probs for GDERKNQSTAVLIFYWHMCP>
#	G	D	E	R	K	N	Q	S	T	A	V	L	I	F	Y	W	H	M	C	P
0	0.01188	0.00837	0.01057	0.00962	0.07124	0.00732	0.00691	0.01526	0.08809	0.13959	0.12759	0.06338	0.03523	0.00660	0.00480	0.00129	0.00378	0.02376	0.00423	0.36050
1	0.00708	0.00540	0.00717	0.06484	0.00973	0.00507	0.00545	0.00880	0.01152	0.01583	0.29521	0.37887	0.07692	0.01201	0.00594	0.00174	0.00306	0.01073	0.00469	0.06993
2	0.07131	0.36313	0.04736	0.01033	0.01334	0.06924	0.05868	0.01454	0.01007	0.01401	0.00843	0.01056	0.00731	0.00556	0.00638	0.00144	0.17384	0.00360	0.10485	0.00602
3	0.01281	0.01159	0.01328	0.01434	0.16128	0.04259	0.00950	0.02445	0.60573	0.01994	0.01799	0.01729	0.01368	0.00635	0.00510	0.00166	0.00458	0.00539	0.00455	0.00792
4	0.00623	0.00445	0.00593	0.00699	0.00735	0.00415	0.00470	0.00721	0.01000	0.01341	0.08009	0.76533	0.03442	0.01546	0.00642	0.00202	0.00290	0.01402	0.00475	0.00415
5	0.01146	0.01151	0.00991	0.00978	0.01161	0.23256	0.00781	0.01494	0.10951	0.01573	0.12989	0.03533	0.07652	0.00999	0.00585	0.00181	0.00537	0.29073	0.00427	0.00541
6	0.06055	0.00866	0.01154	0.00889	0.01277	0.00761	0.00734	0.02420	0.01421	0.75927	0.01936	0.01680	0.01220	0.00619	0.00500	0.00156	0.00429	0.00498	0.00612	0.00846
7	0.01106	0.01106	0.01549	0.01328	0.01328	0.01549	0.01106	0.01217	0.00774	0.01217	0.00664	0.01106	0.00664	0.00885	0.01659	0.00221	0.81303	0.00443	0.00221	0.00553
8	0.01258	0.01086	0.01143	0.01029	0.01315	0.01258	0.00800	0.02687	0.78161	0.02115	0.02058	0.01887	0.01544	0.00686	0.00515	0.00172	0.00400	0.00572	0.00515	0.00800
9	0.02269	0.00861	0.01174	0.00900	0.01291	0.00743	0.00743	0.02464	0.01447	0.79425	0.01995	0.01721	0.01252	0.00626	0.00509	0.00156	0.00430	0.00509	0.00626	0.00861
10	0.85801	0.00978	0.00743	0.00665	0.00978	0.01134	0.00548	0.01486	0.00861	0.02269	0.00704	0.00821	0.00548	0.00469	0.00313	0.00156	0.00391	0.00274	0.00313	0.00548
11	0.00943	0.00471	0.00471	0.00471	0.00589	0.00471	0.00353	0.01178	0.01060	0.01885	0.01650	0.01885	0.01296	0.00589	0.00353	0.00118	0.00236	0.00471	0.85036	0.00471
12	0.00722	0.00542	0.00813	0.00813	0.00903	0.00632	0.00632	0.00903	0.00813	0.01174	0.01354	0.01987	0.01264	0.03792	0.80225	0.00813	0.01354	0.00542	0.00271	0.00451
13	0.00943	0.00471	0.00471	0.00471	0.00589	0.00471	0.00353	0.01178	0.01060	0.01885	0.01650	0.01885	0.01296	0.00589	0.00353	0.00118	0.00236	0.00471	0.85036	0.00471
14	0.00598	0.00512	0.00512	0.00512	0.00683	0.00427	0.00384	0.00726	0.01153	0.01366	0.05123	0.04866	0.78869	0.01281	0.00598	0.00171	0.00256	0.01067	0.00470	0.00427
15	0.08071	0.00869	0.01144	0.00883	0.01269	0.00770	0.00730	0.02396	0.01407	0.74065	0.01905	0.01659	0.01203	0.00615	0.00495	0.00156	0.00428	0.00492	0.00604	0.00839
16	0.00647	0.00528	0.00581	0.00608	0.00766	0.00462	0.00483	0.00799	0.01155	0.01400	0.04564	0.05058	0.61510	0.01307	0.00621	0.00185	0.00304	0.18116	0.00469	0.00436
17	0.01352	0.82533	0.02650	0.00865	0.01298	0.02001	0.00865	0.01514	0.01027	0.01190	0.00703	0.00811	0.00649	0.00433	0.00324	0.00108	0.00541	0.00270	0.00216	0.00649
18	0.01049	0.00899	0.01049	0.00749	0.01198	0.00674	0.00599	0.01273	0.01049	0.01648	0.00899	0.01049	0.00749	0.00374	0.00374	0.00075	0.00374	0.00300	0.00300	0.85320
19	0.00886	0.00714	0.00931	0.01092	0.11799	0.00726	0.00702	0.03801	0.14581	0.01659	0.10963	0.33147	0.09526	0.01120	0.00585	0.00181	0.00361	0.04573	0.02091	0.00561
20	0.66822	0.16501	0.01133	0.03451	0.01124	0.01299	0.00637	0.01485	0.00897	0.02030	0.00711	0.00838	0.00571	0.00464	0.00322	0.00148	0.00429	0.00279	0.00292	0.00567
21	0.04047	0.00925	0.01507	0.73405	0.05883	0.01138	0.01367	0.03304	0.01046	0.01389	0.00902	0.01322	0.00679	0.00505	0.00498	0.00167	0.00658	0.00443	0.00236	0.00577

[dist]
# distance from previous block
# <min> <max>
0	8

[block]
# block no. 8 follows, 49 sequences, length 91
# corresponding to MSA columns:
# 321-411
name=unknown_I
#
# <colnr> <probs for GDERKNQSTAVLIFYWHMCP>
#	G	D	E	R	K	N	Q	S	T	A	V	L	I	F	Y	W	H	M	C	P
0	0.00735	0.00559	0.00830	0.00823	0.00908	0.00658	0.00640	0.00909	0.00810	0.01171	0.01338	0.01990	0.01259	0.05598	0.75800	0.00786	0.03923	0.00543	0.00270	0.00451
1	0.00732	0.00489	0.00553	0.00556	0.00557	0.00488	0.00312	0.00734	0.00743	0.00990	0.01631	0.05787	0.01886	0.79686	0.02513	0.00481	0.00484	0.00757	0.00312	0.00310
2	0.02269	0.00861	0.01174	0.00900	0.01291	0.00743	0.00743	0.02464	0.01447	0.79425	0.01995	0.01721	0.01252	0.00626	0.00509	0.00156	0.00430	0.00509	0.00626	0.00861
3	0.00713	0.00517	0.00672	0.00633	0.00754	0.00476	0.00475	0.00949	0.01424	0.02011	0.76969	0.03804	0.06620	0.01040	0.00596	0.00159	0.00239	0.00918	0.00554	0.00476
4	0.85801	0.00978	0.00743	0.00665	0.00978	0.01134	0.00548	0.01486	0.00861	0.02269	0.00704	0.00821	0.00548	0.00469	0.00313	0.00156	0.00391	0.00274	0.00313	0.00548
5	0.01922	0.01416	0.01518	0.01163	0.01568	0.01568	0.00961	0.77388	0.02378	0.03187	0.01214	0.01214	0.00860	0.00607	0.00506	0.00152	0.00556	0.00455	0.00506	0.00860
6	0.02269	0.00861	0.01174	0.00900	0.01291	0.00743	0.00743	0.02464	0.01447	0.79425	0.01995	0.01721	0.01252	0.00626	0.00509	0.00156	0.00430	0.00509	0.00626	0.00861
7	0.01352	0.82533	0.02650	0.00865	0.01298	0.02001	0.00865	0.01514	0.01027	0.01190	0.00703	0.00811	0.00649	0.00433	0.00324	0.00108	0.00541	0.00270	0.00216	0.00649
8	0.01967	0.01345	0.01473	0.01130	0.01533	0.01462	0.00933	0.67785	0.02258	0.12958	0.01314	0.01279	0.00910	0.00609	0.00506	0.00152	0.00540	0.00462	0.00521	0.00860
9	0.00616	0.00440	0.00587	0.00704	0.00733	0.00411	0.00469	0.00704	0.00968	0.01291	0.02787	0.81899	0.03344	0.01584	0.00645	0.00205	0.00293	0.01438	0.00469	0.00411
10	0.00716	0.00517	0.00676	0.00636	0.00755	0.00477	0.00477	0.00954	0.01431	0.02028	0.78808	0.03777	0.04771	0.01034	0.00596	0.00159	0.00239	0.00914	0.00557	0.00477
11	0.01922	0.01416	0.01518	0.01163	0.01568	0.01568	0.00961	0.77388	0.02378	0.03187	0.01214	0.01214	0.00860	0.00607	0.00506	0.00152	0.00556	0.00455	0.00506	0.00860
12	0.00616	0.00440	0.00587	0.00704	0.00733	0.00411	0.00469	0.00704	0.00968	0.01291	0.02787	0.81899	0.03344	0.01584	0.00645	0.00205	0.00293	0.01438	0.00469	0.00411
13	0.00878	0.00439	0.00659	0.00659	0.00659	0.00439	0.00439	0.00659	0.00659	0.00878	0.00878	0.01537	0.00878	0.01757	0.01976	0.85288	0.00439	0.00439	0.00220	0.00220
14	0.01454	0.57917	0.04573	0.00974	0.01372	0.16643	0.00909	0.05793	0.01193	0.01349	0.03282	0.00956	0.00794	0.00480	0.00373	0.00118	0.00608	0.00315	0.00252	0.00646
15	0.00710	0.00526	0.00600	0.00586	0.00742	0.00458	0.00442	0.00873	0.01235	0.04899	0.26161	0.09011	0.47734	0.01202	0.00599	0.00170	0.00266	0.02825	0.00501	0.00460
16	0.01661	0.01338	0.01683	0.01832	0.28538	0.02796	0.01157	0.48051	0.01904	0.02578	0.01148	0.02915	0.00888	0.00572	0.00506	0.00152	0.00573	0.00472	0.00412	0.00825
17	0.01093	0.16560	0.63341	0.01350	0.02029	0.02814	0.02992	0.01594	0.01070	0.01523	0.00871	0.01025	0.00644	0.00472	0.00455	0.00151	0.00716	0.00359	0.00216	0.00726
18	0.00783	0.00561	0.00777	0.00890	0.00996	0.00555	0.00758	0.00993	0.01137	0.01480	0.02752	0.16005	0.04820	0.01419	0.00689	0.00228	0.00437	0.63797	0.00466	0.00457
19	0.00616	0.00440	0.00587	0.00704	0.00733	0.00411	0.00469	0.00704	0.00968	0.01291	0.02787	0.81899	0.03344	0.01584	0.00645	0.00205	0.00293	0.01438	0.00469	0.00411
20	0.00943	0.00471	0.00471	0.00471	0.00589	0.00471	0.00353	0.01178	0.01060	0.01885	0.01650	0.01885	0.01296	0.00589	0.00353	0.00118	0.00236	0.00471	0.85036	0.00471
21	0.00717	0.00510	0.00639	0.00633	0.00752	0.00461	0.00464	0.00901	0.01279	0.04032	0.45752	0.20040	0.19572	0.01186	0.00604	0.00171	0.00259	0.01042	0.00523	0.00464
22	0.00992	0.00941	0.01605	0.70838	0.11820	0.01135	0.02926	0.01327	0.01030	0.01338	0.00907	0.01338	0.00690	0.00498	0.00507	0.00167	0.00670	0.00452	0.00228	0.00591
23	0.01258	0.01086	0.01143	0.01029	0.01315	0.01258	0.00800	0.02687	0.78161	0.02115	0.02058	0.01887	0.01544	0.00686	0.00515	0.00172	0.00400	0.00572	0.00515	0.00800
24	0.00735	0.00490	0.00552	0.00552	0.00552	0.00490	0.00306	0.00735	0.00735	0.00980	0.01593	0.03309	0.01838	0.82229	0.02574	0.00490	0.00490	0.00735	0.00306	0.00306
25	0.01262	0.01082	0.01142	0.01024	0.01309	0.01249	0.00798	0.04281	0.75002	0.02137	0.03547	0.01909	0.01592	0.00691	0.00516	0.00171	0.00400	0.00576	0.00515	0.00795
26	0.01244	0.01194	0.02040	0.04963	0.77270	0.01200	0.01548	0.01546	0.01148	0.01643	0.00950	0.01254	0.00798	0.00452	0.00501	0.00151	0.00602	0.00451	0.00250	0.00795
27	0.00616	0.00440	0.00587	0.00704	0.00733	0.00411	0.00469	0.00704	0.00968	0.01291	0.02787	0.81899	0.03344	0.01584	0.00645	0.00205	0.00293	0.01438	0.00469	0.00411
28	0.01022	0.04548	0.77748	0.01427	0.02167	0.01194	0.01844	0.01599	0.01067	0.01591	0.00903	0.01061	0.00641	0.00479	0.00477	0.00159	0.00742	0.00371	0.00214	0.00745
29	0.00971	0.00525	0.00730	0.00699	0.00737	0.00538	0.00483	0.07354	0.00817	0.01100	0.00923	0.01516	0.00885	0.01633	0.01816	0.76164	0.00445	0.00441	0.01944	0.00280
30	0.01049	0.00899	0.01049	0.00749	0.01198	0.00674	0.00599	0.01273	0.01049	0.01648	0.00899	0.01049	0.00749	0.00374	0.00374	0.00075	0.00374	0.00300	0.00300	0.85320
