[name]
unknown

[dist]
# distance from previous block
# <min> <max>
7	791

[block]
# block no. 0 follows, 48 sequences, length 15
# corresponding to MSA columns:
# 791-805
name=unknown_A
#
# <colnr> <probs for GDERKNQSTAVLIFYWHMCP>
#	G	D	E	R	K	N	Q	S	T	A	V	L	I	F	Y	W	H	M	C	P
0	0.11045	0.01408	0.04554	0.01720	0.10378	0.06888	0.29551	0.10632	0.01390	0.08574	0.02444	0.01410	0.00942	0.00550	0.00549	0.00171	0.00694	0.00511	0.00363	0.06224
1	0.05161	0.02484	0.05447	0.00965	0.03769	0.00845	0.01616	0.04211	0.02229	0.09169	0.06861	0.03002	0.02623	0.04382	0.07243	0.00208	0.00534	0.00489	0.00389	0.38375
2	0.34743	0.06814	0.01181	0.00960	0.01251	0.29794	0.00759	0.04447	0.05591	0.01854	0.07368	0.01194	0.01029	0.00559	0.00414	0.00147	0.00592	0.00375	0.00331	0.00597
3	0.07817	0.01237	0.01389	0.07756	0.01635	0.01347	0.00926	0.48457	0.04722	0.11633	0.01279	0.01310	0.00910	0.00669	0.02403	0.00169	0.00553	0.00453	0.00474	0.04862
4	0.01793	0.01363	0.01446	0.01119	0.01516	0.03302	0.00915	0.62760	0.03731	0.02926	0.01256	0.03873	0.00952	0.00622	0.00502	0.00147	0.00540	0.00476	0.00483	0.10278
5	0.00703	0.00551	0.00641	0.00634	0.00774	0.00509	0.00469	0.00963	0.06570	0.01693	0.33601	0.15571	0.33033	0.01204	0.00607	0.00174	0.00269	0.01042	0.00515	0.00477
6	0.01678	0.01237	0.01377	0.04507	0.01544	0.01329	0.00895	0.47191	0.12715	0.06407	0.01324	0.01349	0.00968	0.00634	0.00549	0.03094	0.00513	0.00460	0.00471	0.11757
7	0.00659	0.00516	0.00596	0.00589	0.00728	0.00453	0.00437	0.00832	0.01273	0.01663	0.35907	0.11031	0.41042	0.01220	0.00610	0.00171	0.00256	0.01050	0.00514	0.00453
8	0.16068	0.00957	0.01197	0.04319	0.04790	0.00982	0.05098	0.08241	0.10435	0.28250	0.01542	0.01534	0.01084	0.00584	0.00464	0.00156	0.00451	0.00473	0.12649	0.00729
9	0.00734	0.00546	0.00806	0.00806	0.00892	0.00631	0.00618	0.00904	0.00819	0.01178	0.01391	0.02109	0.01323	0.09264	0.74573	0.00802	0.01314	0.00563	0.00277	0.00448
10	0.01288	0.03372	0.01568	0.01286	0.01361	0.01517	0.01074	0.06792	0.00967	0.07914	0.00828	0.01174	0.00737	0.00843	0.01464	0.00211	0.66260	0.00451	0.00280	0.00613
11	0.01241	0.07156	0.11762	0.03891	0.01676	0.03249	0.10082	0.11707	0.01268	0.01806	0.00948	0.01119	0.00748	0.00458	0.00475	0.00121	0.02547	0.00379	0.00304	0.39062
12	0.01182	0.02039	0.01022	0.00918	0.01096	0.06002	0.03729	0.07928	0.07654	0.11825	0.02084	0.36984	0.02121	0.02879	0.00662	0.00187	0.03947	0.00921	0.06234	0.00584
13	0.00746	0.00500	0.00571	0.00571	0.00575	0.00504	0.00325	0.00753	0.00750	0.01003	0.01606	0.03301	0.01841	0.78656	0.05889	0.00511	0.00535	0.00738	0.00309	0.00317
14	0.63091	0.00965	0.00895	0.07431	0.01260	0.01074	0.00659	0.01622	0.00978	0.13032	0.00924	0.01017	0.00676	0.00498	0.00365	0.00156	0.00426	0.00328	0.00354	0.04248

[dist]
# distance from previous block
# <min> <max>
0	5

[block]
# block no. 1 follows, 48 sequences, length 61
# corresponding to MSA columns:
# 811-871
name=unknown_B
#
# <colnr> <probs for GDERKNQSTAVLIFYWHMCP>
#	G	D	E	R	K	N	Q	S	T	A	V	L	I	F	Y	W	H	M	C	P
0	0.01200	0.06406	0.01607	0.01295	0.01360	0.06567	0.01077	0.01409	0.06146	0.01297	0.00781	0.01145	0.00733	0.00831	0.01439	0.00208	0.65225	0.00439	0.00247	0.00587
1	0.01381	0.55117	0.16927	0.01038	0.01515	0.09666	0.01077	0.01660	0.03178	0.03152	0.00829	0.00934	0.00696	0.00469	0.00382	0.00125	0.00620	0.00314	0.00241	0.00680
2	0.01325	0.64941	0.09132	0.00989	0.01457	0.03279	0.04552	0.01543	0.01063	0.01294	0.00761	0.00889	0.00670	0.00441	0.00362	0.00116	0.00578	0.00302	0.00227	0.06079
3	0.00658	0.00472	0.00612	0.00697	0.00740	0.00451	0.00473	0.00752	0.00967	0.01286	0.04095	0.56868	0.07371	0.12802	0.06004	0.00286	0.00398	0.04218	0.00442	0.00409
4	0.00720	0.00577	0.00772	0.05969	0.06315	0.00551	0.00627	0.00887	0.01131	0.01469	0.11801	0.29845	0.26332	0.01279	0.00621	0.00189	0.00346	0.09641	0.00455	0.00473
5	0.00624	0.00450	0.00592	0.00706	0.00742	0.00417	0.00472	0.00715	0.00991	0.01313	0.02933	0.78247	0.06711	0.01594	0.00653	0.00207	0.00296	0.01442	0.00476	0.00417
6	0.00628	0.00448	0.00598	0.00713	0.00745	0.00418	0.00476	0.00721	0.00994	0.01328	0.04639	0.79770	0.03428	0.01594	0.00654	0.00207	0.00296	0.01446	0.00478	0.00418
7	0.01029	0.02654	0.79309	0.01462	0.02221	0.01192	0.01896	0.01625	0.01083	0.01625	0.00921	0.01083	0.00650	0.00487	0.00487	0.00162	0.00758	0.00379	0.00217	0.00758
8	0.01060	0.00575	0.00760	0.00733	0.00885	0.00518	0.00541	0.01218	0.01234	0.20545	0.22273	0.37370	0.07824	0.01207	0.00605	0.00182	0.00315	0.01068	0.00538	0.00547
9	0.03454	0.71772	0.02485	0.00877	0.01309	0.01875	0.00857	0.01638	0.01084	0.09454	0.00852	0.00921	0.00721	0.00461	0.00349	0.00116	0.00533	0.00300	0.00266	0.00679
10	0.01174	0.29693	0.44737	0.01236	0.01840	0.03367	0.02701	0.01582	0.01074	0.01468	0.00843	0.00996	0.00661	0.00474	0.00454	0.00141	0.02281	0.00344	0.00224	0.04711
11	0.01444	0.09017	0.05757	0.02309	0.47188	0.06217	0.01340	0.06931	0.04914	0.08382	0.01091	0.01266	0.00860	0.00499	0.00489	0.00149	0.00603	0.00439	0.00313	0.00791
12	0.00631	0.00457	0.00596	0.00695	0.00742	0.00423	0.00470	0.00734	0.01029	0.01367	0.08211	0.70577	0.09082	0.01546	0.00648	0.00203	0.00291	0.01394	0.00482	0.00423
13	0.00639	0.00457	0.00607	0.00705	0.00747	0.00426	0.00477	0.00748	0.01045	0.01409	0.12851	0.71327	0.03585	0.01534	0.00648	0.00202	0.00290	0.01388	0.00488	0.00426
14	0.01212	0.03289	0.03147	0.01126	0.06750	0.00953	0.07163	0.11003	0.01250	0.01847	0.00957	0.01121	0.00773	0.00434	0.00451	0.00105	0.02068	0.00364	0.00318	0.55670
15	0.01259	0.58581	0.19538	0.01018	0.01499	0.01766	0.01099	0.01519	0.01034	0.01300	0.00790	0.00945	0.00687	0.00624	0.04172	0.00158	0.02806	0.00315	0.00222	0.00668
16	0.00671	0.00501	0.00611	0.00626	0.00727	0.00455	0.00446	0.00827	0.01207	0.01616	0.34642	0.24460	0.22905	0.07029	0.00762	0.00201	0.00279	0.01093	0.00501	0.00441
17	0.00641	0.00459	0.00600	0.00696	0.00733	0.00436	0.00465	0.00728	0.00961	0.01278	0.02751	0.67098	0.06502	0.09239	0.04592	0.00263	0.00366	0.01332	0.00451	0.00410
18	0.03208	0.03211	0.01745	0.01421	0.01631	0.28313	0.15112	0.01585	0.01109	0.01352	0.00841	0.01154	0.00731	0.00814	0.05065	0.00209	0.29469	0.00436	0.02002	0.00592
19	0.15845	0.07168	0.10351	0.01529	0.01971	0.12921	0.31897	0.06489	0.01226	0.01755	0.00911	0.01132	0.00703	0.00488	0.00535	0.00160	0.03525	0.00447	0.00278	0.00666
20	0.12226	0.00945	0.01505	0.66372	0.03156	0.01149	0.04885	0.01353	0.01014	0.01458	0.00892	0.01298	0.00671	0.00504	0.00491	0.00169	0.00654	0.00439	0.00241	0.00574
21	0.00707	0.00514	0.00666	0.00655	0.00766	0.00474	0.00485	0.00920	0.01361	0.01898	0.61520	0.15336	0.08786	0.01153	0.00615	0.00171	0.00256	0.02699	0.00545	0.00471
22	0.01245	0.01036	0.01108	0.00987	0.01257	0.01172	0.00766	0.09605	0.57802	0.02170	0.08586	0.04304	0.03913	0.02964	0.00591	0.00181	0.00403	0.00640	0.00517	0.00756
23	0.00640	0.00486	0.00590	0.00638	0.00732	0.00436	0.00450	0.00774	0.01140	0.01489	0.19260	0.40939	0.27782	0.01393	0.00629	0.00187	0.00274	0.01228	0.00495	0.00436
24	0.01009	0.00953	0.01611	0.70424	0.13532	0.01151	0.01445	0.01346	0.01045	0.01360	0.00919	0.01355	0.00701	0.00506	0.00512	0.00169	0.00674	0.00456	0.00231	0.00602
25	0.85592	0.00992	0.00754	0.00675	0.00992	0.01151	0.00556	0.01508	0.00873	0.02302	0.00714	0.00834	0.00556	0.00476	0.00318	0.00159	0.00397	0.00278	0.00318	0.00556
26	0.06545	0.10628	0.03963	0.11887	0.02297	0.01276	0.42656	0.01481	0.01110	0.01549	0.01119	0.08796	0.00978	0.00570	0.00574	0.00169	0.02894	0.00598	0.00273	0.00636
27	0.01104	0.00925	0.01107	0.05902	0.01376	0.00743	0.00674	0.02673	0.02766	0.03291	0.00966	0.01119	0.00785	0.00405	0.00397	0.00087	0.00404	0.00327	0.00314	0.74634
28	0.01390	0.55599	0.16479	0.01041	0.01512	0.10341	0.01076	0.01630	0.01103	0.03412	0.00795	0.00911	0.00674	0.00470	0.00398	0.00125	0.01825	0.00309	0.00235	0.00674
29	0.01083	0.15141	0.67293	0.01371	0.02079	0.01323	0.01736	0.01611	0.01077	0.01559	0.00888	0.01042	0.00651	0.00480	0.00463	0.00154	0.00725	0.00363	0.00217	0.00743
30	0.02637	0.43856	0.34021	0.01120	0.01675	0.03742	0.01283	0.01571	0.01079	0.01421	0.02904	0.01014	0.00766	0.00478	0.00405	0.00134	0.00634	0.00337	0.00231	0.00691
31	0.02302	0.00873	0.01191	0.00913	0.01310	0.00754	0.00754	0.02501	0.01469	0.79122	0.02024	0.01746	0.01270	0.00635	0.00516	0.00159	0.00437	0.00516	0.00635	0.00873
32	0.00726	0.00524	0.00686	0.00646	0.00767	0.00484	0.00484	0.00968	0.01452	0.02058	0.78496	0.03833	0.04841	0.01049	0.00605	0.00161	0.00242	0.00928	0.00565	0.00484
33	0.00636	0.00453	0.00590	0.00695	0.00726	0.00425	0.00459	0.00718	0.00966	0.01283	0.02780	0.72302	0.05284	0.09049	0.00835	0.00234	0.00315	0.01382	0.00461	0.00407
34	0.00956	0.00478	0.00478	0.00478	0.00598	0.00478	0.00359	0.01196	0.01076	0.01913	0.01674	0.01913	0.01315	0.00598	0.00359	0.00120	0.00239	0.00478	0.84816	0.00478
35	0.01316	0.01116	0.01176	0.01043	0.01340	0.01282	0.00815	0.08796	0.69777	0.02218	0.02093	0.01931	0.03372	0.00704	0.00523	0.00172	0.00416	0.00583	0.00520	0.00808
36	0.01278	0.01256	0.05282	0.05833	0.15209	0.01160	0.20558	0.13583	0.02665	0.01891	0.01019	0.01242	0.00795	0.00476	0.00531	0.00141	0.02804	0.00453	0.00311	0.23514
37	0.01848	0.01387	0.01537	0.01291	0.06507	0.01528	0.00996	0.67233	0.05674	0.03043	0.01288	0.03016	0.00955	0.00631	0.00516	0.00156	0.00555	0.00489	0.00496	0.00856
38	0.01572	0.01146	0.01716	0.02197	0.44404	0.01154	0.01238	0.09051	0.10535	0.19683	0.01368	0.01453	0.01014	0.00542	0.00512	0.00157	0.00541	0.00486	0.00398	0.00832
39	0.01276	0.01102	0.01160	0.01044	0.01334	0.01276	0.00812	0.02727	0.77840	0.02146	0.02088	0.01914	0.01566	0.00696	0.00522	0.00174	0.00406	0.00580	0.00522	0.00812
40	0.00734	0.00545	0.00798	0.00798	0.00881	0.00627	0.00608	0.00899	0.00817	0.01171	0.01399	0.02150	0.01341	0.11668	0.72194	0.00792	0.01287	0.00569	0.00278	0.00443
41	0.05892	0.00950	0.01216	0.00936	0.01332	0.00878	0.00774	0.11907	0.01562	0.66151	0.01867	0.01641	0.01189	0.00626	0.00507	0.00158	0.00451	0.00499	0.00606	0.00859
42	0.00703	0.00538	0.00659	0.00706	0.00838	0.00494	0.00564	0.00883	0.01198	0.01533	0.15299	0.12604	0.33683	0.01332	0.00646	0.00197	0.00335	0.26846	0.00489	0.00453
43	0.01270	0.01219	0.02083	0.03149	0.78767	0.01219	0.01575	0.01575	0.01168	0.01676	0.00965	0.01270	0.00813	0.00457	0.00508	0.00152	0.00610	0.00457	0.00254	0.00813
44	0.00795	0.00542	0.00627	0.00614	0.00641	0.00557	0.00374	0.04097	0.00832	0.01118	0.01606	0.04931	0.01804	0.69470	0.09508	0.00506	0.00576	0.00732	0.00320	0.00351
45	0.00726	0.00524	0.00686	0.00646	0.00767	0.00484	0.00484	0.00968	0.01452	0.02058	0.78496	0.03833	0.04841	0.01049	0.00605	0.00161	0.00242	0.00928	0.00565	0.00484
46	0.70514	0.01073	0.00896	0.00766	0.01100	0.01230	0.00631	0.15127	0.01151	0.02470	0.00808	0.00905	0.00613	0.00501	0.00353	0.00158	0.00427	0.00311	0.00353	0.00613
47	0.01381	0.01321	0.01208	0.01090	0.01375	0.14104	0.00841	0.02616	0.65378	0.02001	0.01877	0.01753	0.01419	0.00669	0.00512	0.00167	0.00491	0.00539	0.00480	0.00777
48	0.01951	0.01437	0.01540	0.01181	0.01591	0.01591	0.00975	0.77056	0.02412	0.03234	0.01232	0.01232	0.00873	0.00616	0.00513	0.00154	0.00565	0.00462	0.00513	0.00873
49	0.01917	0.02445	0.01454	0.01322	0.01586	0.79907	0.00991	0.02049	0.01454	0.01256	0.00793	0.00925	0.00661	0.00529	0.00463	0.00132	0.00925	0.00330	0.00264	0.00595
50	0.01861	0.01393	0.01489	0.01162	0.01557	0.01549	0.00954	0.67178	0.12436	0.03089	0.01346	0.01323	0.00965	0.00627	0.00514	0.00157	0.00544	0.00478	0.00514	0.00865
51	0.00787	0.00568	0.00740	0.00719	0.00849	0.00542	0.00562	0.03776	0.01432	0.01996	0.60996	0.05459	0.04338	0.01108	0.00621	0.00175	0.00295	0.13996	0.00545	0.00495
52	0.00709	0.00482	0.00571	0.00608	0.00617	0.00472	0.00362	0.00736	0.00819	0.01092	0.01992	0.27582	0.02338	0.57098	0.02006	0.00408	0.00436	0.00967	0.00362	0.00344
53	0.00625	0.00447	0.00595	0.00714	0.00744	0.00417	0.00476	0.00714	0.00982	0.01310	0.02828	0.81633	0.03394	0.01608	0.00655	0.00208	0.00298	0.01459	0.00476	0.00417
54	0.00629	0.00516	0.00554	0.00555	0.00709	0.00441	0.00412	0.00775	0.01206	0.01498	0.17817	0.10022	0.60532	0.01277	0.00610	0.00174	0.00259	0.01082	0.00492	0.00441
55	0.01149	0.00962	0.01110	0.00800	0.01252	0.00771	0.00643	0.08569	0.01194	0.01822	0.00943	0.01080	0.00771	0.00403	0.00393	0.00083	0.00398	0.00319	0.00324	0.77014
56	0.01146	0.00939	0.01133	0.00820	0.01263	0.00744	0.02163	0.03405	0.01115	0.05090	0.00966	0.01106	0.00784	0.00410	0.00424	0.00087	0.02239	0.00327	0.00321	0.75517
57	0.21638	0.01201	0.01242	0.00986	0.01362	0.01304	0.00808	0.39459	0.08561	0.09189	0.02502	0.01272	0.00950	0.00581	0.00460	0.00152	0.00481	0.00430	0.00464	0.06960
58	0.07191	0.23028	0.15067	0.01235	0.06157	0.12088	0.06267	0.07888	0.01237	0.01648	0.01128	0.01255	0.05039	0.00526	0.00438	0.00137	0.00617	0.00402	0.02568	0.06084
59	0.01161	0.02001	0.01549	0.08126	0.04735	0.02601	0.15743	0.08744	0.01173	0.03473	0.01254	0.08924	0.01138	0.05865	0.02616	0.00197	0.11431	0.00577	0.07074	0.11619
60	0.06872	0.01198	0.04867	0.00966	0.01302	0.04557	0.00799	0.31708	0.06380	0.06246	0.06666	0.01790	0.03910	0.10232	0.00740	0.00188	0.00502	0.00519	0.00438	0.10121

[dist]
# distance from previous block
# <min> <max>
1	20

[block]
# block no. 2 follows, 48 sequences, length 39
# corresponding to MSA columns:
# 892-930
name=unknown_C
#
# <colnr> <probs for GDERKNQSTAVLIFYWHMCP>
#	G	D	E	R	K	N	Q	S	T	A	V	L	I	F	Y	W	H	M	C	P
0	0.04098	0.02556	0.03319	0.00921	0.02331	0.03517	0.03543	0.05452	0.06831	0.19244	0.28951	0.10390	0.02657	0.00859	0.00551	0.00163	0.00403	0.01526	0.00508	0.02177
1	0.02998	0.00874	0.06957	0.00881	0.03612	0.02312	0.00704	0.08984	0.02598	0.05329	0.45489	0.09200	0.04419	0.02610	0.00614	0.00171	0.00366	0.00812	0.00499	0.00572
2	0.01874	0.00849	0.01105	0.00875	0.01215	0.00771	0.00710	0.06957	0.04456	0.52754	0.17483	0.02119	0.01963	0.00711	0.00529	0.00157	0.00402	0.00591	0.00596	0.03882
3	0.11521	0.01269	0.01333	0.01026	0.01432	0.02750	0.00842	0.47783	0.01897	0.06925	0.01143	0.01175	0.00831	0.00552	0.00463	0.00139	0.00508	0.00410	0.00451	0.17549
4	0.00760	0.00551	0.00689	0.00647	0.00787	0.00510	0.00488	0.01028	0.04086	0.03480	0.64078	0.03879	0.14958	0.01064	0.00601	0.00163	0.00254	0.00929	0.00552	0.00496
5	0.00626	0.00510	0.00550	0.00562	0.00705	0.00439	0.00411	0.00761	0.01166	0.01444	0.13309	0.15208	0.57788	0.03381	0.00664	0.00185	0.00269	0.01107	0.00482	0.00434
6	0.01375	0.01268	0.06925	0.02713	0.62326	0.01165	0.01475	0.01723	0.03673	0.10696	0.01122	0.01334	0.00880	0.00488	0.00508	0.00154	0.00592	0.00463	0.00305	0.00816
7	0.00771	0.00578	0.00717	0.00699	0.00829	0.00557	0.00524	0.02611	0.07291	0.01891	0.49617	0.16325	0.10483	0.01138	0.00609	0.00174	0.00281	0.03867	0.00535	0.00502
8	0.01962	0.00839	0.01112	0.00876	0.01219	0.00754	0.00714	0.06996	0.01526	0.58727	0.17360	0.02133	0.01963	0.00717	0.00534	0.00159	0.00406	0.00595	0.00613	0.00795
9	0.01306	0.01043	0.01230	0.00925	0.01340	0.00947	0.03169	0.20848	0.04389	0.03709	0.01176	0.05728	0.00981	0.00530	0.00446	0.00112	0.00441	0.00435	0.00382	0.50865
10	0.82523	0.01009	0.00783	0.00693	0.01014	0.01167	0.00571	0.04280	0.00930	0.02336	0.00733	0.00848	0.00567	0.00481	0.00325	0.00159	0.00403	0.00285	0.00325	0.00567
11	0.01595	0.01734	0.01358	0.01195	0.01419	0.39825	0.00929	0.14114	0.04620	0.01663	0.04444	0.04443	0.03283	0.00753	0.02032	0.00169	0.13794	0.00478	0.01528	0.00624
12	0.00753	0.00562	0.00728	0.00814	0.00941	0.00536	0.00685	0.00951	0.01164	0.01480	0.03395	0.10755	0.23424	0.01399	0.00677	0.00217	0.00403	0.50183	0.00474	0.00458
13	0.01029	0.02654	0.79309	0.01462	0.02221	0.01192	0.01896	0.01625	0.01083	0.01625	0.00921	0.01083	0.00650	0.00487	0.00487	0.00162	0.00758	0.00379	0.00217	0.00758
14	0.00625	0.00447	0.00595	0.00714	0.00744	0.00417	0.00476	0.00714	0.00982	0.01310	0.02828	0.81633	0.03394	0.01608	0.00655	0.00208	0.00298	0.01459	0.00476	0.00417
15	0.00762	0.00589	0.00724	0.00687	0.00811	0.01828	0.00516	0.01026	0.04248	0.01926	0.61831	0.08730	0.09886	0.01077	0.00634	0.00167	0.02591	0.00937	0.00536	0.00492
16	0.01015	0.02099	0.55240	0.10090	0.02183	0.01115	0.05333	0.01513	0.01071	0.01589	0.01038	0.04138	0.00807	0.00544	0.00522	0.00162	0.02754	0.00445	0.05682	0.02658
17	0.00993	0.00695	0.00827	0.00751	0.00945	0.00693	0.00577	0.01506	0.19686	0.09300	0.44102	0.03310	0.12647	0.00956	0.00577	0.00166	0.00302	0.00824	0.00551	0.00593
18	0.02171	0.01028	0.03770	0.00973	0.01385	0.00910	0.00825	0.15218	0.01608	0.61744	0.01826	0.01620	0.01170	0.00621	0.00511	0.00156	0.00468	0.00497	0.00593	0.02906
19	0.01064	0.00912	0.01064	0.00760	0.01216	0.00684	0.00608	0.01292	0.01064	0.01672	0.00912	0.01064	0.00760	0.00380	0.00380	0.00076	0.00380	0.00304	0.00304	0.85104
20	0.01044	0.01005	0.01732	0.59011	0.16730	0.01180	0.06303	0.01376	0.01054	0.01394	0.00921	0.01343	0.00713	0.00512	0.00561	0.00170	0.03630	0.00466	0.00235	0.00621
21	0.00627	0.00455	0.00592	0.00696	0.00741	0.00420	0.00470	0.00725	0.01013	0.01341	0.05543	0.72819	0.09538	0.01564	0.00649	0.00204	0.00293	0.01411	0.00479	0.00420
22	0.01345	0.76095	0.08636	0.00923	0.01387	0.01965	0.00957	0.01543	0.01046	0.01240	0.00729	0.00843	0.00658	0.00443	0.00342	0.00114	0.00565	0.00282	0.00219	0.00666
23	0.01320	0.01314	0.02034	0.03008	0.72775	0.07327	0.01529	0.01612	0.01191	0.01644	0.00952	0.01243	0.00801	0.00463	0.00504	0.00151	0.00634	0.00447	0.00255	0.00796
24	0.00625	0.00447	0.00595	0.00714	0.00744	0.00417	0.00476	0.00714	0.00982	0.01310	0.02828	0.81633	0.03394	0.01608	0.00655	0.00208	0.00298	0.01459	0.00476	0.00417
25	0.01243	0.01237	0.02029	0.16826	0.55697	0.05026	0.07367	0.01556	0.01160	0.01588	0.00953	0.01280	0.00780	0.00469	0.00514	0.00156	0.00658	0.00462	0.00250	0.00750
26	0.01259	0.00914	0.01242	0.01138	0.05852	0.00931	0.07800	0.23830	0.01481	0.07984	0.04843	0.30880	0.02014	0.04850	0.00706	0.01844	0.00470	0.00875	0.00457	0.00631
27	0.00627	0.00454	0.00589	0.00695	0.00735	0.00420	0.00465	0.00717	0.00990	0.01307	0.02977	0.73535	0.09152	0.03820	0.00706	0.00214	0.00300	0.01410	0.00472	0.00415
28	0.00633	0.00454	0.00601	0.00704	0.00745	0.00422	0.00475	0.00735	0.01023	0.01370	0.08758	0.73773	0.05290	0.01557	0.00650	0.00204	0.00292	0.01409	0.00483	0.00422
29	0.02860	0.02411	0.01365	0.06529	0.03339	0.09612	0.00915	0.43483	0.03812	0.03935	0.01422	0.12829	0.01238	0.01915	0.00551	0.00165	0.00558	0.00594	0.01736	0.00732
30	0.01127	0.02081	0.52205	0.07650	0.05964	0.01146	0.05612	0.01696	0.06065	0.06251	0.02041	0.01413	0.00889	0.00545	0.00509	0.00166	0.00693	0.02927	0.00279	0.00740
31	0.01438	0.01681	0.03740	0.27557	0.10000	0.37188	0.01186	0.03108	0.01292	0.01417	0.05868	0.01303	0.00957	0.00550	0.00495	0.00150	0.00758	0.00427	0.00274	0.00612
32	0.01059	0.00901	0.01040	0.00795	0.01193	0.00747	0.00626	0.01453	0.11989	0.01726	0.03006	0.06250	0.01133	0.00517	0.00423	0.00100	0.00375	0.00429	0.00352	0.65886
33	0.00732	0.00536	0.00763	0.00767	0.00838	0.00605	0.00568	0.00875	0.00814	0.01155	0.01472	0.04945	0.01472	0.19723	0.61504	0.00737	0.01159	0.00620	0.00289	0.00427
34	0.12688	0.01284	0.01431	0.11614	0.20009	0.12357	0.01058	0.14035	0.09467	0.01981	0.06657	0.01489	0.02596	0.00586	0.00488	0.00156	0.00574	0.00474	0.00358	0.00696
35	0.02751	0.07145	0.04043	0.00817	0.01043	0.00845	0.00647	0.11072	0.03589	0.07327	0.01764	0.23207	0.01821	0.18977	0.00989	0.00236	0.00444	0.02540	0.00404	0.10342
36	0.14042	0.42680	0.17855	0.01051	0.03312	0.06661	0.01055	0.01632	0.01076	0.05364	0.00832	0.00941	0.00676	0.00470	0.00382	0.00133	0.00589	0.00316	0.00258	0.00674
37	0.02752	0.09566	0.60425	0.01281	0.01917	0.01168	0.01585	0.01504	0.01087	0.01585	0.03406	0.04495	0.05891	0.00594	0.00487	0.00160	0.00668	0.00470	0.00255	0.00703
38	0.03612	0.27443	0.05290	0.00892	0.01201	0.08753	0.00786	0.01581	0.07950	0.08639	0.20579	0.06417	0.02005	0.00770	0.01845	0.00157	0.00491	0.00570	0.00393	0.00626

[dist]
# distance from previous block
# <min> <max>
2	17

[block]
# block no. 3 follows, 48 sequences, length 79
# corresponding to MSA columns:
# 948-1026
name=unknown_D
#
# <colnr> <probs for GDERKNQSTAVLIFYWHMCP>
#	G	D	E	R	K	N	Q	S	T	A	V	L	I	F	Y	W	H	M	C	P
0	0.06209	0.04766	0.15076	0.05282	0.11728	0.02387	0.04178	0.09080	0.04437	0.02841	0.02252	0.01368	0.00911	0.02393	0.08029	0.02421	0.13865	0.00456	0.01662	0.00660
1	0.02825	0.18609	0.04352	0.08616	0.20508	0.19769	0.04545	0.01697	0.03149	0.04950	0.01027	0.01350	0.00867	0.00579	0.01530	0.00155	0.00681	0.03831	0.00281	0.00679
2	0.07936	0.01088	0.01407	0.16963	0.17868	0.04780	0.02935	0.08209	0.16536	0.03340	0.03276	0.07323	0.04819	0.00672	0.00515	0.00166	0.00534	0.00578	0.00371	0.00685
3	0.56463	0.05137	0.07303	0.05818	0.01261	0.02363	0.00736	0.01518	0.00965	0.05599	0.02682	0.01102	0.00773	0.02193	0.00412	0.00162	0.00454	0.00343	0.04134	0.00583
4	0.00636	0.00454	0.00604	0.00718	0.00752	0.00425	0.00485	0.00731	0.00994	0.01327	0.04370	0.76221	0.03383	0.03017	0.00690	0.00213	0.00306	0.03782	0.00475	0.00418
5	0.00734	0.00547	0.00808	0.00808	0.00895	0.00633	0.00621	0.00906	0.00820	0.01179	0.01389	0.02098	0.01318	0.08609	0.75221	0.00805	0.01321	0.00562	0.00277	0.00449
6	0.01387	0.01165	0.01409	0.16589	0.06615	0.03532	0.02895	0.14727	0.38580	0.05177	0.01584	0.01607	0.01177	0.00619	0.00518	0.00167	0.00526	0.00520	0.00438	0.00769
7	0.00870	0.00460	0.00678	0.00688	0.00699	0.00462	0.00471	0.00704	0.00715	0.00954	0.01091	0.03903	0.01125	0.04669	0.04640	0.71961	0.00478	0.04930	0.00249	0.00254
8	0.01439	0.32671	0.06287	0.02691	0.04489	0.09721	0.18561	0.12364	0.02510	0.01656	0.00913	0.01082	0.00737	0.00490	0.00482	0.00142	0.02378	0.00406	0.00281	0.00699
9	0.04303	0.72887	0.07560	0.00916	0.01369	0.03304	0.00935	0.01550	0.01046	0.01273	0.00728	0.00842	0.00654	0.00445	0.00341	0.00115	0.00564	0.00282	0.00224	0.00660
10	0.00625	0.00447	0.00595	0.00714	0.00744	0.00417	0.00476	0.00714	0.00982	0.01310	0.02828	0.81633	0.03394	0.01608	0.00655	0.00208	0.00298	0.01459	0.00476	0.00417
11	0.00937	0.00636	0.00760	0.03513	0.00942	0.00622	0.00547	0.06058	0.05499	0.06479	0.31572	0.09446	0.17773	0.00991	0.00557	0.00162	0.00307	0.00849	0.11812	0.00537
12	0.04666	0.17511	0.26421	0.01297	0.05448	0.21429	0.01242	0.05151	0.01257	0.06574	0.02856	0.01111	0.00814	0.00521	0.00467	0.00144	0.01736	0.00374	0.00284	0.00696
13	0.01081	0.01122	0.04667	0.16860	0.19730	0.06151	0.12294	0.01438	0.05934	0.01523	0.01563	0.15336	0.03219	0.00768	0.00562	0.00175	0.00604	0.06017	0.00324	0.00632
14	0.00733	0.00561	0.00663	0.00634	0.00782	0.00522	0.00480	0.01018	0.06295	0.01840	0.47230	0.04045	0.27416	0.01100	0.00596	0.00166	0.00263	0.02516	0.02650	0.00489
15	0.01211	0.01384	0.03028	0.02163	0.02682	0.01298	0.76903	0.01644	0.01211	0.01644	0.01038	0.01384	0.00779	0.00433	0.00606	0.00173	0.00865	0.00606	0.00260	0.00692
16	0.02293	0.00887	0.01199	0.00920	0.01317	0.00775	0.00760	0.04357	0.01492	0.77233	0.02005	0.01734	0.01260	0.00635	0.00516	0.00159	0.00440	0.00515	0.00632	0.00873
17	0.01951	0.01437	0.01540	0.01181	0.01591	0.01591	0.00975	0.77056	0.02412	0.03234	0.01232	0.01232	0.00873	0.00616	0.00513	0.00154	0.00565	0.00462	0.00513	0.00873
18	0.01322	0.62950	0.12079	0.00973	0.01421	0.06260	0.00997	0.01540	0.01058	0.01261	0.00783	0.00932	0.00695	0.00653	0.05083	0.00160	0.00645	0.00307	0.00225	0.00655
19	0.14155	0.17420	0.29534	0.01271	0.02801	0.05565	0.07467	0.07944	0.01167	0.01741	0.00863	0.01029	0.00671	0.00511	0.00519	0.00154	0.05859	0.00372	0.00265	0.00692
20	0.01052	0.02496	0.69842	0.01549	0.02278	0.01205	0.11205	0.01627	0.01099	0.01627	0.00935	0.01121	0.00666	0.00481	0.00502	0.00164	0.00772	0.00407	0.00222	0.00750
21	0.00627	0.00453	0.00593	0.00701	0.00742	0.00419	0.00471	0.00722	0.01005	0.01333	0.04850	0.75146	0.07892	0.01575	0.00651	0.00205	0.00294	0.01423	0.00479	0.00419
22	0.01018	0.00899	0.01421	0.43226	0.17641	0.01022	0.01206	0.03998	0.02960	0.01515	0.01385	0.10682	0.03848	0.00669	0.00521	0.00168	0.00569	0.00598	0.06048	0.00606
23	0.01594	0.20164	0.10130	0.03085	0.03295	0.06710	0.00975	0.13261	0.09535	0.18714	0.01407	0.03076	0.02308	0.02894	0.00530	0.00158	0.00554	0.00463	0.00403	0.00743
24	0.61231	0.01006	0.02427	0.04389	0.01236	0.01074	0.02503	0.01706	0.01013	0.17812	0.01001	0.01061	0.00714	0.00509	0.00377	0.00160	0.00436	0.00344	0.00375	0.00628
25	0.00625	0.00447	0.00595	0.00714	0.00744	0.00417	0.00476	0.00714	0.00982	0.01310	0.02828	0.81633	0.03394	0.01608	0.00655	0.00208	0.00298	0.01459	0.00476	0.00417
26	0.01249	0.02767	0.12725	0.23735	0.12214	0.10621	0.18032	0.06093	0.01215	0.01572	0.00944	0.01248	0.00728	0.00525	0.00576	0.01816	0.02553	0.00461	0.00258	0.00669
27	0.01996	0.01116	0.01366	0.01161	0.06419	0.01129	0.00888	0.30670	0.06778	0.38427	0.03557	0.01583	0.01198	0.00631	0.00517	0.00158	0.00490	0.00506	0.00555	0.00855
28	0.00639	0.00457	0.00600	0.00697	0.00737	0.00426	0.00468	0.00739	0.01019	0.01366	0.09600	0.69631	0.05274	0.04831	0.00729	0.00215	0.00300	0.01373	0.00477	0.00419
29	0.01832	0.01508	0.06636	0.01246	0.01675	0.03523	0.05529	0.62604	0.02183	0.04849	0.01236	0.02602	0.00900	0.00612	0.00518	0.00156	0.00597	0.00480	0.00475	0.00840
30	0.02302	0.00873	0.01191	0.00913	0.01310	0.00754	0.00754	0.02501	0.01469	0.79122	0.02024	0.01746	0.01270	0.00635	0.00516	0.00159	0.00437	0.00516	0.00635	0.00873
31	0.00834	0.00548	0.00699	0.00655	0.00800	0.00495	0.00493	0.01046	0.01381	0.08351	0.56588	0.09243	0.14737	0.01088	0.00601	0.00166	0.00265	0.00952	0.00552	0.00505
32	0.01029	0.02654	0.79309	0.01462	0.02221	0.01192	0.01896	0.01625	0.01083	0.01625	0.00921	0.01083	0.00650	0.00487	0.00487	0.00162	0.00758	0.00379	0.00217	0.00758
33	0.00611	0.00519	0.00527	0.00528	0.00696	0.00435	0.00395	0.00744	0.01175	0.01407	0.07556	0.06395	0.74677	0.01297	0.00607	0.00174	0.00260	0.01085	0.00479	0.00435
34	0.12943	0.45706	0.06619	0.00971	0.01360	0.18785	0.00902	0.01631	0.01109	0.01410	0.00778	0.00908	0.00671	0.00522	0.01568	0.00135	0.00627	0.00303	0.02421	0.00629
35	0.80113	0.00987	0.00805	0.05858	0.01157	0.01150	0.00612	0.01496	0.00883	0.02238	0.00727	0.00868	0.00564	0.00479	0.00330	0.00160	0.00416	0.00289	0.00312	0.00557
36	0.00762	0.00560	0.00782	0.00830	0.04298	0.00614	0.00560	0.00882	0.00811	0.01140	0.01447	0.02484	0.01480	0.32923	0.47418	0.00672	0.01012	0.00619	0.00287	0.00419
37	0.00882	0.00446	0.00666	0.00670	0.00671	0.00445	0.00447	0.00670	0.00679	0.00906	0.00959	0.04359	0.00979	0.01776	0.01958	0.82105	0.00440	0.00481	0.00232	0.00230
38	0.00969	0.00912	0.01539	0.80734	0.03534	0.01140	0.01425	0.01311	0.01026	0.01311	0.00912	0.01368	0.00684	0.00513	0.00513	0.00171	0.00684	0.00456	0.00228	0.00570
39	0.00741	0.00598	0.00661	0.00651	0.00813	0.00563	0.00489	0.02904	0.09398	0.01631	0.17926	0.14191	0.43333	0.01214	0.00604	0.00177	0.00290	0.02825	0.00498	0.00493
40	0.00693	0.00508	0.00649	0.00645	0.00754	0.00465	0.00472	0.00891	0.01327	0.01833	0.55131	0.19446	0.12901	0.01189	0.00615	0.00172	0.00255	0.01051	0.00537	0.00465
41	0.01362	0.79494	0.03959	0.00896	0.01333	0.02008	0.00899	0.01533	0.01039	0.01215	0.00716	0.00833	0.00659	0.00448	0.00356	0.00113	0.01981	0.00279	0.00220	0.00658
42	0.09900	0.11732	0.37863	0.01316	0.04551	0.01234	0.07669	0.04258	0.01150	0.06824	0.02900	0.01174	0.00818	0.00496	0.00460	0.00150	0.00634	0.00398	0.00285	0.06187
43	0.07464	0.06869	0.03636	0.03343	0.26115	0.25153	0.01161	0.13619	0.02644	0.01804	0.00982	0.01224	0.00809	0.00534	0.00475	0.00147	0.00678	0.02322	0.00309	0.00713
44	0.00980	0.00719	0.00888	0.00821	0.00964	0.00798	0.00622	0.13859	0.05853	0.01593	0.01590	0.02242	0.04085	0.18341	0.40176	0.00554	0.00917	0.00592	0.03884	0.00521
45	0.00879	0.00612	0.00836	0.00923	0.02951	0.00602	0.00745	0.01144	0.03937	0.04973	0.15427	0.11536	0.04732	0.01286	0.00665	0.00212	0.00414	0.47128	0.00492	0.00507
46	0.08401	0.41542	0.02096	0.01082	0.01437	0.19678	0.05405	0.05033	0.01173	0.01427	0.00788	0.00949	0.00684	0.00586	0.02472	0.00150	0.05873	0.00334	0.00255	0.00636
47	0.06235	0.07789	0.12331	0.04216	0.01454	0.06185	0.00975	0.05701	0.18285	0.05939	0.05102	0.05180	0.01651	0.00803	0.00531	0.00175	0.00524	0.15855	0.00409	0.00662
48	0.00691	0.00556	0.00623	0.00629	0.00779	0.00509	0.00472	0.00936	0.06571	0.01570	0.19006	0.14073	0.45194	0.01252	0.00612	0.00179	0.00283	0.05098	0.00497	0.00470
49	0.00625	0.00447	0.00595	0.00714	0.00744	0.00417	0.00476	0.00714	0.00982	0.01310	0.02828	0.81633	0.03394	0.01608	0.00655	0.00208	0.00298	0.01459	0.00476	0.00417
50	0.11417	0.17157	0.05218	0.17464	0.06241	0.19662	0.03480	0.06502	0.03945	0.03108	0.00914	0.01097	0.00722	0.00507	0.00445	0.00146	0.00663	0.00378	0.00284	0.00651
51	0.00790	0.00572	0.00778	0.00872	0.00991	0.00560	0.00744	0.01012	0.01197	0.01563	0.10069	0.08960	0.09237	0.01382	0.00688	0.00223	0.00426	0.58987	0.00482	0.00468
52	0.00624	0.00474	0.00575	0.00648	0.00728	0.00425	0.00448	0.00733	0.01065	0.01368	0.06976	0.53064	0.28059	0.01482	0.00637	0.00195	0.00283	0.01312	0.00480	0.00425
53	0.00628	0.00454	0.00591	0.00696	0.00737	0.00421	0.00467	0.00721	0.00999	0.01321	0.04320	0.73109	0.08644	0.03389	0.00695	0.00212	0.00299	0.01407	0.00474	0.00417
54	0.01239	0.01250	0.01537	0.09770	0.05765	0.10904	0.02303	0.06271	0.02426	0.01426	0.00924	0.05938	0.00873	0.00802	0.01175	0.00197	0.45833	0.00501	0.00271	0.00598
55	0.01877	0.06179	0.01480	0.01257	0.01540	0.66295	0.00960	0.02093	0.05970	0.06347	0.00946	0.01032	0.00754	0.00541	0.00463	0.00135	0.00844	0.00355	0.00301	0.00629
56	0.01909	0.01111	0.01310	0.03571	0.02693	0.01150	0.00854	0.38636	0.01876	0.29452	0.03849	0.01553	0.01161	0.00628	0.00504	0.00153	0.00487	0.00496	0.07791	0.00817
57	0.00734	0.00548	0.00685	0.00650	0.00783	0.00512	0.00488	0.01014	0.04856	0.01963	0.64440	0.05808	0.13436	0.01077	0.00603	0.00165	0.00253	0.00944	0.00550	0.00491
58	0.00696	0.00569	0.00891	0.00879	0.00981	0.00527	0.09955	0.00832	0.01026	0.01357	0.02797	0.65493	0.09126	0.01437	0.00645	0.00201	0.00365	0.01323	0.00449	0.00452
59	0.01557	0.01828	0.01512	0.01424	0.06306	0.43907	0.01060	0.01696	0.01179	0.01291	0.00782	0.01045	0.00692	0.00663	0.00915	0.00167	0.30571	0.00386	0.02426	0.00593
60	0.08911	0.66057	0.09262	0.00918	0.01374	0.01867	0.00941	0.03304	0.01063	0.01390	0.00744	0.00857	0.00653	0.00451	0.00346	0.00120	0.00554	0.00288	0.00235	0.00663
61	0.00891	0.00446	0.00668	0.00668	0.00668	0.00446	0.00446	0.00668	0.00668	0.00891	0.00891	0.01560	0.00891	0.01783	0.02005	0.85071	0.00446	0.00446	0.00223	0.00223
62	0.01594	0.01280	0.01389	0.01088	0.01465	0.05913	0.03541	0.45460	0.01874	0.02523	0.01296	0.08095	0.01090	0.00654	0.00501	0.00143	0.00532	0.02093	0.00440	0.19027
63	0.00640	0.00465	0.00581	0.00665	0.00713	0.00431	0.00443	0.00726	0.00987	0.01294	0.04368	0.59021	0.14104	0.11938	0.00900	0.00240	0.00317	0.01303	0.00457	0.00407
64	0.07620	0.23989	0.01836	0.01345	0.11039	0.25072	0.00995	0.16049	0.01435	0.03501	0.00896	0.01013	0.00726	0.00517	0.00453	0.00137	0.02014	0.00358	0.00309	0.00695
65	0.01973	0.06619	0.04498	0.00930	0.01306	0.00902	0.00795	0.08220	0.02489	0.55150	0.01870	0.07454	0.01339	0.02092	0.00546	0.00164	0.00456	0.00562	0.01830	0.00804
66	0.00640	0.00457	0.00612	0.00725	0.00763	0.00429	0.00497	0.00743	0.01010	0.01349	0.05470	0.74582	0.03419	0.01577	0.00656	0.00208	0.00306	0.05654	0.00479	0.00422
67	0.02759	0.14918	0.05985	0.04894	0.04449	0.26148	0.11570	0.04879	0.01271	0.01515	0.02160	0.01220	0.03347	0.00511	0.00461	0.00134	0.00692	0.00407	0.00280	0.12400
68	0.06514	0.02484	0.70700	0.01467	0.03938	0.01192	0.03494	0.01617	0.01075	0.01670	0.00911	0.01078	0.00651	0.00485	0.00480	0.00162	0.00734	0.00380	0.00225	0.00745
69	0.01488	0.49481	0.07193	0.01028	0.01440	0.14883	0.00965	0.10999	0.02581	0.01509	0.00851	0.00968	0.00722	0.00604	0.03208	0.00149	0.00654	0.00329	0.00270	0.00676
70	0.01123	0.12200	0.54732	0.03305	0.03104	0.05314	0.01569	0.01587	0.01114	0.03476	0.03468	0.04794	0.00927	0.00556	0.00480	0.00156	0.00692	0.00436	0.00254	0.00712
71	0.00719	0.00524	0.00676	0.00638	0.00762	0.00481	0.00479	0.00955	0.01436	0.02020	0.74345	0.03895	0.09016	0.01063	0.00605	0.00162	0.00243	0.00937	0.00560	0.00481
72	0.00752	0.00522	0.00673	0.00685	0.00789	0.00485	0.00499	0.00951	0.02578	0.04423	0.40550	0.30238	0.08838	0.02441	0.00650	0.00186	0.00283	0.03459	0.00524	0.00474
73	0.06262	0.07539	0.03469	0.10515	0.04166	0.12470	0.05466	0.20183	0.02693	0.01969	0.03715	0.01269	0.00924	0.00552	0.00513	0.00145	0.03736	0.00426	0.04392	0.09595
74	0.01008	0.00691	0.00850	0.00771	0.00952	0.00682	0.00603	0.10980	0.04703	0.07030	0.48362	0.06764	0.06465	0.01015	0.00595	0.00169	0.00325	0.06923	0.00546	0.00567
75	0.00677	0.00484	0.00653	0.00762	0.00817	0.00460	0.00556	0.00808	0.01055	0.01405	0.07295	0.59908	0.03380	0.01531	0.00664	0.00212	0.00334	0.18084	0.00481	0.00433
76	0.01009	0.01966	0.51928	0.06020	0.04374	0.01016	0.01502	0.01487	0.01179	0.04352	0.18366	0.01746	0.01619	0.00619	0.00517	0.00162	0.00622	0.00514	0.00311	0.00691
77	0.02044	0.01227	0.01378	0.01117	0.03370	0.05846	0.00893	0.36844	0.01887	0.35058	0.01581	0.01577	0.01092	0.00640	0.00518	0.00157	0.00530	0.02856	0.00542	0.00842
78	0.01356	0.77022	0.02616	0.00908	0.01319	0.02001	0.00894	0.01517	0.01026	0.01209	0.00711	0.00842	0.00659	0.00469	0.00417	0.00117	0.05759	0.00286	0.00220	0.00652

[dist]
# distance from previous block
# <min> <max>
0	1

[block]
# block no. 4 follows, 48 sequences, length 18
# corresponding to MSA columns:
# 1028-1045
name=unknown_E
#
# <colnr> <probs for GDERKNQSTAVLIFYWHMCP>
#	G	D	E	R	K	N	Q	S	T	A	V	L	I	F	Y	W	H	M	C	P
0	0.00743	0.00505	0.00599	0.00596	0.00616	0.00513	0.00361	0.00782	0.00806	0.01095	0.07168	0.03238	0.02014	0.67112	0.11358	0.00511	0.00580	0.00737	0.00325	0.00340
1	0.01184	0.00943	0.01091	0.00832	0.01235	0.00807	0.00665	0.08581	0.07882	0.04829	0.02653	0.04401	0.01098	0.00528	0.00434	0.00106	0.00399	0.02532	0.00372	0.59430
2	0.06815	0.00944	0.02845	0.20865	0.01838	0.00969	0.04772	0.06177	0.02790	0.12550	0.01435	0.11407	0.02743	0.00748	0.01838	0.00172	0.06148	0.00579	0.01704	0.12661
3	0.01172	0.01414	0.13396	0.06974	0.31139	0.09144	0.04694	0.01512	0.02736	0.01630	0.08570	0.01713	0.04940	0.00584	0.00513	0.00152	0.00605	0.01781	0.00301	0.07029
4	0.00644	0.00495	0.00577	0.00608	0.00713	0.00442	0.00429	0.00771	0.01129	0.01453	0.17255	0.29438	0.35518	0.07209	0.00767	0.00206	0.00286	0.01152	0.00480	0.00428
5	0.09276	0.00753	0.00929	0.00779	0.01047	0.00710	0.00621	0.03522	0.04241	0.33553	0.32047	0.02620	0.06126	0.00815	0.00537	0.00161	0.00350	0.00683	0.00564	0.00669
6	0.03880	0.00967	0.04704	0.23183	0.02942	0.03492	0.02471	0.04766	0.10458	0.02862	0.01858	0.12715	0.09608	0.00887	0.02763	0.00190	0.04511	0.00669	0.06488	0.00587
7	0.01134	0.01121	0.01541	0.01324	0.01346	0.01549	0.01099	0.01347	0.06566	0.01303	0.00780	0.01182	0.00741	0.00883	0.01597	0.00221	0.74980	0.00459	0.00247	0.00580
8	0.00956	0.00478	0.00478	0.00478	0.00598	0.00478	0.00359	0.01196	0.01076	0.01913	0.01674	0.01913	0.01315	0.00598	0.00359	0.00120	0.00239	0.00478	0.84816	0.00478
9	0.00630	0.00449	0.00594	0.00708	0.00737	0.00420	0.00470	0.00716	0.00973	0.01297	0.02780	0.78555	0.03334	0.04767	0.00732	0.00220	0.00306	0.01431	0.00470	0.00413
10	0.03949	0.08830	0.16160	0.15239	0.10139	0.09145	0.03766	0.06682	0.01172	0.05094	0.00931	0.01177	0.00734	0.00620	0.01984	0.00175	0.12839	0.00416	0.00273	0.00676
11	0.01192	0.00773	0.01049	0.10072	0.07121	0.00786	0.00776	0.01622	0.12768	0.16721	0.32476	0.02632	0.02686	0.00800	0.00549	0.00163	0.00387	0.02440	0.04343	0.00642
12	0.00792	0.00604	0.00805	0.00774	0.00812	0.00702	0.00556	0.00882	0.00783	0.01107	0.01390	0.02508	0.01466	0.39183	0.33923	0.00593	0.11804	0.00626	0.00285	0.00405
13	0.80088	0.01022	0.00806	0.00708	0.01032	0.01180	0.00583	0.06480	0.00975	0.02363	0.00749	0.00860	0.00577	0.00485	0.00330	0.00158	0.00408	0.00290	0.00330	0.00577
14	0.01496	0.05795	0.06612	0.07072	0.08224	0.10528	0.01049	0.27595	0.14185	0.02208	0.07058	0.01594	0.01264	0.00632	0.00508	0.00157	0.00579	0.02288	0.00410	0.00745
15	0.01247	0.01340	0.12705	0.12538	0.47514	0.01154	0.04514	0.01593	0.01160	0.06712	0.01090	0.01459	0.00882	0.00515	0.00518	0.00161	0.00633	0.03224	0.00279	0.00761
16	0.00970	0.00649	0.00874	0.00897	0.06530	0.00617	0.00626	0.03660	0.03087	0.09634	0.52671	0.09027	0.03816	0.00998	0.00592	0.00167	0.00315	0.03773	0.00537	0.00561
17	0.07633	0.28042	0.23685	0.03071	0.04764	0.15947	0.01179	0.01604	0.01123	0.01454	0.02199	0.01109	0.02021	0.00627	0.03417	0.00164	0.00693	0.00361	0.00248	0.00657

[dist]
# distance from previous block
# <min> <max>
1	18

[block]
# block no. 5 follows, 48 sequences, length 20
# corresponding to MSA columns:
# 1064-1083
name=unknown_F
#
# <colnr> <probs for GDERKNQSTAVLIFYWHMCP>
#	G	D	E	R	K	N	Q	S	T	A	V	L	I	F	Y	W	H	M	C	P
0	0.11374	0.09686	0.02734	0.06151	0.01334	0.07271	0.00787	0.20786	0.04222	0.02057	0.01240	0.03911	0.01010	0.00860	0.06938	0.00200	0.00567	0.00455	0.17781	0.00637
1	0.00866	0.00656	0.00886	0.06049	0.08491	0.00666	0.00671	0.01179	0.08709	0.02945	0.23882	0.22517	0.04127	0.07555	0.00742	0.00201	0.00367	0.03162	0.05803	0.00528
2	0.00891	0.00446	0.00668	0.00668	0.00668	0.00446	0.00446	0.00668	0.00668	0.00891	0.00891	0.01560	0.00891	0.01783	0.02005	0.85071	0.00446	0.00446	0.00223	0.00223
3	0.03095	0.01194	0.04774	0.23002	0.29969	0.01217	0.01314	0.16637	0.01403	0.10765	0.01119	0.01327	0.00831	0.00526	0.00507	0.00159	0.00602	0.00458	0.00342	0.00760
4	0.00633	0.00452	0.00604	0.00723	0.00757	0.00424	0.00490	0.00728	0.00990	0.01319	0.02824	0.78684	0.03377	0.01600	0.00657	0.00209	0.00304	0.04330	0.00476	0.00419
5	0.01306	0.59474	0.17466	0.00989	0.01468	0.04876	0.01055	0.01557	0.01069	0.01326	0.00805	0.00933	0.00690	0.00460	0.00367	0.00121	0.00589	0.00307	0.04477	0.00666
6	0.04808	0.07422	0.59345	0.01292	0.01956	0.01168	0.01586	0.01624	0.01098	0.05812	0.02429	0.01142	0.00768	0.00494	0.00466	0.00152	0.00673	0.00380	0.00257	0.07128
7	0.01109	0.01149	0.06727	0.47004	0.26477	0.01189	0.03053	0.04432	0.01132	0.01527	0.00944	0.01315	0.00731	0.00497	0.00512	0.00164	0.00665	0.00455	0.00247	0.00671
8	0.04880	0.00963	0.01540	0.30335	0.25147	0.01021	0.03987	0.01401	0.01090	0.05431	0.01206	0.10190	0.01068	0.00610	0.00508	0.00160	0.00568	0.00556	0.01977	0.07362
9	0.00713	0.00520	0.00671	0.00641	0.00761	0.00477	0.00478	0.00940	0.01410	0.01976	0.69904	0.07903	0.09497	0.01094	0.00608	0.00165	0.00246	0.00965	0.00555	0.00477
10	0.00956	0.00478	0.00478	0.00478	0.00598	0.00478	0.00359	0.01196	0.01076	0.01913	0.01674	0.01913	0.01315	0.00598	0.00359	0.00120	0.00239	0.00478	0.84816	0.00478
11	0.00680	0.00501	0.00638	0.00659	0.00758	0.00459	0.00479	0.00858	0.01255	0.01711	0.41939	0.28809	0.14552	0.01273	0.00624	0.00180	0.00269	0.03378	0.00522	0.00455
12	0.01173	0.01218	0.01795	0.06277	0.05135	0.05432	0.11997	0.01354	0.00912	0.01319	0.00759	0.01171	0.00695	0.00770	0.01346	0.00206	0.57149	0.00466	0.00233	0.00593
13	0.00738	0.00504	0.00608	0.00613	0.00631	0.00519	0.00377	0.00775	0.00771	0.01044	0.01628	0.06614	0.01831	0.64608	0.16158	0.00542	0.00643	0.00743	0.00312	0.00342
14	0.05938	0.00878	0.01172	0.00903	0.01296	0.00771	0.00745	0.02457	0.01443	0.75769	0.01967	0.01707	0.01239	0.00628	0.00507	0.00159	0.00435	0.00506	0.00621	0.00859
15	0.01006	0.00945	0.01603	0.57606	0.17578	0.01101	0.03178	0.01326	0.01064	0.01405	0.02728	0.06190	0.00963	0.00577	0.00525	0.00170	0.00642	0.00530	0.00256	0.00608
16	0.11034	0.04520	0.21235	0.10993	0.05831	0.01096	0.15703	0.02810	0.01137	0.04064	0.07268	0.06585	0.01233	0.00603	0.00505	0.00164	0.00609	0.00542	0.03420	0.00649
17	0.00864	0.00571	0.00654	0.00621	0.00804	0.00499	0.00470	0.01042	0.02797	0.11757	0.15345	0.12262	0.48032	0.01194	0.00598	0.00173	0.00287	0.01014	0.00511	0.00505
18	0.00625	0.00447	0.00595	0.00714	0.00744	0.00417	0.00476	0.00714	0.00982	0.01310	0.02828	0.81633	0.03394	0.01608	0.00655	0.00208	0.00298	0.01459	0.00476	0.00417
19	0.17693	0.02815	0.01474	0.40596	0.14103	0.01209	0.01194	0.07948	0.03589	0.03335	0.00965	0.01250	0.00734	0.00513	0.00470	0.00163	0.00590	0.00423	0.00291	0.00646

[dist]
# distance from previous block
# <min> <max>
0	1

[block]
# block no. 6 follows, 48 sequences, length 51
# corresponding to MSA columns:
# 1085-1135
name=unknown_G
#
# <colnr> <probs for GDERKNQSTAVLIFYWHMCP>
#	G	D	E	R	K	N	Q	S	T	A	V	L	I	F	Y	W	H	M	C	P
0	0.25883	0.04604	0.17086	0.03225	0.09277	0.03658	0.01019	0.05641	0.01192	0.12586	0.08390	0.01427	0.01160	0.02199	0.00493	0.00163	0.00524	0.00436	0.00360	0.00678
1	0.58917	0.01167	0.07790	0.01058	0.10133	0.01148	0.00809	0.01595	0.05935	0.02130	0.00860	0.00987	0.00669	0.00485	0.00371	0.00155	0.00453	0.00328	0.00314	0.04696
