[name]
unknown

[dist]
# distance from previous block
# <min> <max>
0	25

[block]
# block no. 0 follows, 40 sequences, length 28
# corresponding to MSA columns:
# 25-52
name=unknown_A
#
# <colnr> <probs for GDERKNQSTAVLIFYWHMCP>
#	G	D	E	R	K	N	Q	S	T	A	V	L	I	F	Y	W	H	M	C	P
0	0.05090	0.01103	0.03292	0.05743	0.07691	0.01097	0.01061	0.15564	0.02995	0.07204	0.02038	0.03321	0.03700	0.00987	0.00675	0.00203	0.02932	0.25431	0.00478	0.09394
1	0.06801	0.01432	0.01790	0.18939	0.12770	0.05157	0.04105	0.28694	0.08205	0.04474	0.01311	0.01481	0.00973	0.00632	0.00569	0.00181	0.00679	0.00521	0.00433	0.00851
2	0.03413	0.01095	0.01770	0.24771	0.30084	0.01145	0.02906	0.01629	0.01262	0.08343	0.01490	0.13101	0.01350	0.00745	0.00593	0.00186	0.00634	0.00684	0.00360	0.04440
3	0.13435	0.01047	0.01537	0.55887	0.03211	0.01222	0.01339	0.01516	0.01143	0.01710	0.01000	0.01412	0.00765	0.00554	0.00527	0.00177	0.00679	0.00463	0.00285	0.12089
4	0.01310	0.01070	0.01340	0.07250	0.01661	0.00881	0.02802	0.04435	0.01290	0.05574	0.01114	0.01289	0.00888	0.00469	0.00464	0.00106	0.00485	0.00387	0.00364	0.66819
5	0.01580	0.01094	0.01293	0.00952	0.01446	0.00915	0.00770	0.09491	0.03139	0.15975	0.01338	0.01392	0.01004	0.00521	0.00479	0.00116	0.00466	0.00416	0.00445	0.57169
6	0.01206	0.01034	0.01206	0.00861	0.01378	0.00775	0.00689	0.01464	0.01206	0.01895	0.01034	0.01206	0.00861	0.00431	0.00431	0.00086	0.00431	0.00345	0.00345	0.83118
7	0.01555	0.79913	0.03047	0.00995	0.01493	0.02301	0.00995	0.01741	0.01182	0.01368	0.00808	0.00933	0.00746	0.00498	0.00373	0.00124	0.00622	0.00311	0.00249	0.00746
8	0.01206	0.01034	0.01206	0.00861	0.01378	0.00775	0.00689	0.01464	0.01206	0.01895	0.01034	0.01206	0.00861	0.00431	0.00431	0.00086	0.00431	0.00345	0.00345	0.83118
9	0.00830	0.00604	0.00735	0.00696	0.00860	0.00539	0.00524	0.01064	0.01548	0.04130	0.52212	0.04663	0.26925	0.01263	0.00684	0.00187	0.00287	0.01093	0.00612	0.00543
10	0.02479	0.01192	0.01411	0.01106	0.01542	0.06143	0.00903	0.10538	0.05412	0.59724	0.02106	0.01863	0.01361	0.00713	0.00581	0.00178	0.00546	0.00568	0.00670	0.00965
11	0.00816	0.00594	0.00768	0.00725	0.00865	0.00546	0.00543	0.01085	0.01630	0.02295	0.72216	0.04405	0.08923	0.01203	0.00686	0.00184	0.00275	0.01060	0.00635	0.00546
12	0.00719	0.00513	0.00686	0.00821	0.00860	0.00481	0.00558	0.00827	0.01123	0.01496	0.03199	0.75940	0.03824	0.01812	0.00745	0.00238	0.00346	0.04796	0.00540	0.00475
13	0.01098	0.01034	0.01744	0.78165	0.04005	0.01292	0.01615	0.01486	0.01163	0.01486	0.01034	0.01550	0.00775	0.00581	0.00581	0.00194	0.00775	0.00517	0.00258	0.00646
14	0.77047	0.01114	0.00895	0.00787	0.01154	0.01268	0.00648	0.01801	0.01045	0.08634	0.00931	0.01029	0.00696	0.00555	0.00378	0.00180	0.00454	0.00337	0.00389	0.00659
15	0.01272	0.01272	0.01781	0.01527	0.01527	0.01781	0.01272	0.01399	0.00891	0.01399	0.00763	0.01272	0.00763	0.01018	0.01908	0.00254	0.78499	0.00509	0.00254	0.00636
16	0.01098	0.01034	0.01744	0.78165	0.04005	0.01292	0.01615	0.01486	0.01163	0.01486	0.01034	0.01550	0.00775	0.00581	0.00581	0.00194	0.00775	0.00517	0.00258	0.00646
17	0.02419	0.01146	0.01467	0.01137	0.01554	0.01127	0.00941	0.17568	0.01826	0.55157	0.01984	0.01801	0.01291	0.00739	0.00690	0.00185	0.06788	0.00566	0.00654	0.00961
18	0.08816	0.01423	0.01551	0.01191	0.01651	0.01502	0.00981	0.49057	0.02256	0.14508	0.01445	0.01427	0.01014	0.00658	0.00547	0.00166	0.00579	0.00496	0.00558	0.10172
19	0.00814	0.00594	0.00765	0.00723	0.00863	0.00545	0.00542	0.01081	0.01626	0.02284	0.71206	0.04423	0.09939	0.01207	0.00686	0.00184	0.00276	0.01063	0.00634	0.00545
20	0.01551	0.01326	0.01256	0.01194	0.01460	0.16758	0.00967	0.04186	0.21847	0.10020	0.02299	0.03562	0.02101	0.01050	0.00657	0.00212	0.00619	0.27679	0.00524	0.00733
21	0.01609	0.68105	0.02739	0.00968	0.01437	0.02064	0.00944	0.01805	0.01224	0.07549	0.01003	0.01102	0.00853	0.00528	0.00393	0.00130	0.00588	0.00349	0.05860	0.00752
22	0.01340	0.00721	0.00927	0.00824	0.01057	0.00651	0.00635	0.01606	0.03775	0.24019	0.34717	0.11762	0.13318	0.01144	0.00659	0.00190	0.00355	0.00989	0.00638	0.00674
23	0.01480	0.00781	0.00853	0.00745	0.00979	0.00790	0.00585	0.11887	0.03408	0.13455	0.01898	0.02031	0.01419	0.00690	0.00463	0.00149	0.00361	0.00549	0.56796	0.00682
24	0.00846	0.00564	0.00634	0.00634	0.00634	0.00564	0.00352	0.00846	0.00846	0.01128	0.01832	0.03805	0.02114	0.79563	0.02960	0.00564	0.00564	0.00846	0.00352	0.00352
25	0.01282	0.03999	0.01825	0.01508	0.01526	0.01799	0.01263	0.01411	0.00901	0.01398	0.00765	0.01260	0.00763	0.01000	0.01855	0.00250	0.75798	0.00502	0.00254	0.00640
26	0.07994	0.01104	0.01288	0.00996	0.01390	0.02822	0.02555	0.05004	0.01209	0.01903	0.01057	0.01360	0.00911	0.03490	0.04484	0.01881	0.08882	0.00412	0.00342	0.50916
27	0.02075	0.01434	0.01577	0.01242	0.01657	0.01557	0.01010	0.55434	0.06414	0.11370	0.01682	0.06817	0.01304	0.02843	0.00656	0.00191	0.00592	0.00622	0.00589	0.00934

[dist]
# distance from previous block
# <min> <max>
0	1

[block]
# block no. 1 follows, 40 sequences, length 27
# corresponding to MSA columns:
# 54-60,66-85
name=unknown_B
#
# <colnr> <probs for GDERKNQSTAVLIFYWHMCP>
#	G	D	E	R	K	N	Q	S	T	A	V	L	I	F	Y	W	H	M	C	P
0	0.09341	0.01279	0.01381	0.01163	0.06170	0.04882	0.00867	0.16384	0.04051	0.02319	0.01129	0.01260	0.00895	0.00522	0.00474	0.00126	0.00523	0.00401	0.00397	0.46438
1	0.00719	0.00537	0.00680	0.00769	0.00844	0.00503	0.00532	0.00838	0.01136	0.01482	0.03602	0.53875	0.19309	0.03912	0.08078	0.00302	0.00450	0.01442	0.00513	0.00478
2	0.00711	0.00513	0.00674	0.00797	0.00842	0.00476	0.00536	0.00820	0.01140	0.01516	0.05648	0.73520	0.07084	0.01786	0.00738	0.00233	0.00333	0.01615	0.00543	0.00476
3	0.00835	0.00561	0.00645	0.00658	0.00677	0.00558	0.00390	0.00868	0.00904	0.01223	0.02092	0.10932	0.04724	0.63739	0.05480	0.00519	0.00561	0.00916	0.03337	0.00382
4	0.01918	0.01424	0.01536	0.01251	0.01658	0.01585	0.01010	0.39096	0.32991	0.08345	0.01869	0.01763	0.01352	0.00738	0.00586	0.00184	0.00554	0.00584	0.00596	0.00960
5	0.83671	0.01125	0.00855	0.00765	0.01125	0.01305	0.00630	0.01709	0.00990	0.02609	0.00810	0.00945	0.00630	0.00540	0.00360	0.00180	0.00450	0.00315	0.00360	0.00630
6	0.02128	0.16915	0.01871	0.01182	0.01640	0.01635	0.01007	0.36551	0.07316	0.21596	0.01578	0.01508	0.01112	0.00670	0.00542	0.00168	0.00587	0.00507	0.00552	0.00936
7	0.05364	0.01170	0.01389	0.01114	0.01532	0.01184	0.00905	0.14988	0.20420	0.42339	0.02102	0.01888	0.01417	0.00727	0.00577	0.00183	0.00509	0.00582	0.00650	0.00958
8	0.04291	0.64975	0.02923	0.01158	0.01647	0.06916	0.07932	0.01788	0.01223	0.01460	0.00849	0.01001	0.00756	0.00505	0.00412	0.00135	0.00677	0.00351	0.00260	0.00741
9	0.83671	0.01125	0.00855	0.00765	0.01125	0.01305	0.00630	0.01709	0.00990	0.02609	0.00810	0.00945	0.00630	0.00540	0.00360	0.00180	0.00450	0.00315	0.00360	0.00630
10	0.01166	0.03008	0.76550	0.01657	0.02517	0.01351	0.02149	0.01842	0.01228	0.01842	0.01044	0.01228	0.00737	0.00552	0.00552	0.00184	0.00859	0.00430	0.00246	0.00859
11	0.00722	0.00515	0.00690	0.00825	0.00864	0.00484	0.00562	0.00832	0.01126	0.01499	0.03198	0.75045	0.03818	0.01810	0.00746	0.00238	0.00349	0.05663	0.00540	0.00476
12	0.01131	0.01067	0.01803	0.71056	0.10861	0.01301	0.01631	0.01514	0.01178	0.01525	0.01039	0.01540	0.00789	0.00575	0.00581	0.00192	0.00767	0.00517	0.00261	0.00672
13	0.00821	0.00605	0.00666	0.00656	0.00843	0.00518	0.00490	0.00983	0.01362	0.06142	0.13700	0.12935	0.55354	0.01430	0.00687	0.00198	0.00309	0.01212	0.00563	0.00526
14	0.01010	0.00505	0.00758	0.00758	0.00758	0.00505	0.00505	0.00758	0.00758	0.01010	0.01010	0.01768	0.01010	0.02020	0.02273	0.83081	0.00505	0.00505	0.00253	0.00253
15	0.01618	0.72071	0.02905	0.01046	0.01524	0.09918	0.01008	0.01800	0.01229	0.01374	0.00818	0.00945	0.00747	0.00508	0.00389	0.00127	0.00665	0.00317	0.00254	0.00739
16	0.01447	0.01172	0.01269	0.01122	0.01436	0.01320	0.00876	0.09097	0.54870	0.04519	0.13883	0.02440	0.02284	0.00842	0.00606	0.00192	0.00448	0.00706	0.00602	0.00870
17	0.01233	0.00743	0.00913	0.00814	0.01042	0.00689	0.00628	0.06000	0.03258	0.16548	0.34739	0.09416	0.19330	0.01165	0.00662	0.00189	0.00353	0.01001	0.00622	0.00652
18	0.01437	0.01549	0.05803	0.14258	0.03000	0.01484	0.49478	0.11813	0.01523	0.02052	0.01179	0.01528	0.00874	0.00536	0.00650	0.00192	0.00896	0.00627	0.00326	0.00794
19	0.01303	0.01343	0.01905	0.09944	0.01944	0.05963	0.08202	0.01496	0.01010	0.01453	0.00860	0.01344	0.00793	0.00982	0.03504	0.00254	0.56265	0.00522	0.00263	0.00650
20	0.01098	0.01034	0.01744	0.78165	0.04005	0.01292	0.01615	0.01486	0.01163	0.01486	0.01034	0.01550	0.00775	0.00581	0.00581	0.00194	0.00775	0.00517	0.00258	0.00646
21	0.01515	0.01263	0.01519	0.01295	0.01656	0.01410	0.07864	0.02956	0.63125	0.07176	0.02249	0.02100	0.01668	0.00756	0.00600	0.00196	0.00512	0.00655	0.00572	0.00912
22	0.00898	0.00631	0.00761	0.00732	0.00902	0.00574	0.00547	0.01161	0.04339	0.06435	0.37448	0.13782	0.26991	0.01313	0.00684	0.00194	0.00309	0.01138	0.00599	0.00562
23	0.02207	0.01508	0.01657	0.01281	0.01729	0.01637	0.01054	0.62441	0.02542	0.12702	0.01574	0.04264	0.01148	0.00741	0.00588	0.00177	0.00611	0.00572	0.00598	0.00970
24	0.02211	0.01629	0.01745	0.01338	0.01803	0.01803	0.01105	0.73997	0.02734	0.03665	0.01396	0.01396	0.00989	0.00698	0.00582	0.00175	0.00640	0.00524	0.00582	0.00989
25	0.01927	0.01172	0.03851	0.01070	0.01457	0.01129	0.00893	0.22132	0.10213	0.28612	0.10987	0.02261	0.04895	0.00801	0.00589	0.00179	0.00494	0.00651	0.05811	0.00875
26	0.07239	0.00711	0.01098	0.14259	0.01491	0.00762	0.05331	0.01037	0.00901	0.01299	0.01076	0.03407	0.01006	0.01534	0.01667	0.53859	0.00569	0.00531	0.01831	0.00393

[dist]
# distance from previous block
# <min> <max>
0	3

[block]
# block no. 2 follows, 40 sequences, length 16
# corresponding to MSA columns:
# 89-104
name=unknown_C
#
# <colnr> <probs for GDERKNQSTAVLIFYWHMCP>
#	G	D	E	R	K	N	Q	S	T	A	V	L	I	F	Y	W	H	M	C	P
0	0.01647	0.00777	0.01041	0.00871	0.01153	0.00690	0.00690	0.01898	0.01655	0.36464	0.41807	0.03253	0.03620	0.00972	0.00639	0.00182	0.00376	0.00836	0.00677	0.00752
1	0.01252	0.01243	0.01743	0.01500	0.01505	0.01734	0.01248	0.01383	0.00893	0.01397	0.00799	0.01318	0.00794	0.01168	0.05297	0.00285	0.75039	0.00514	0.00257	0.00631
2	0.18926	0.01503	0.01467	0.01179	0.01593	0.06249	0.00961	0.43705	0.07395	0.06679	0.01505	0.01503	0.03427	0.00692	0.00537	0.00177	0.00595	0.00507	0.00525	0.00874
3	0.30069	0.01016	0.01180	0.08213	0.01562	0.01037	0.00832	0.02125	0.01311	0.34942	0.01551	0.01568	0.01072	0.00893	0.06011	0.00231	0.00579	0.00477	0.00505	0.04827
4	0.05426	0.01106	0.01447	0.01294	0.08266	0.01056	0.00956	0.07793	0.10204	0.52988	0.02073	0.01871	0.01369	0.00701	0.00576	0.00181	0.00517	0.00573	0.00642	0.00962
5	0.01880	0.01390	0.01736	0.01410	0.01666	0.08612	0.05598	0.10671	0.01447	0.24319	0.01340	0.01498	0.01001	0.00817	0.01143	0.00209	0.33492	0.00532	0.00441	0.00798
6	0.83671	0.01125	0.00855	0.00765	0.01125	0.01305	0.00630	0.01709	0.00990	0.02609	0.00810	0.00945	0.00630	0.00540	0.00360	0.00180	0.00450	0.00315	0.00360	0.00630
7	0.00764	0.00592	0.00696	0.00670	0.00833	0.00524	0.00503	0.00984	0.01508	0.02004	0.45547	0.04884	0.35773	0.01311	0.00686	0.00189	0.00283	0.01127	0.00597	0.00524
8	0.00908	0.00628	0.00775	0.00763	0.00937	0.00592	0.00585	0.01083	0.01242	0.08028	0.06588	0.11334	0.37467	0.02210	0.21230	0.00399	0.00663	0.03526	0.00498	0.00544
9	0.15006	0.01254	0.01320	0.01061	0.01443	0.01359	0.00866	0.36275	0.06253	0.13104	0.01567	0.01580	0.01124	0.00678	0.00518	0.00171	0.00517	0.00510	0.14543	0.00852
10	0.00790	0.00588	0.00735	0.00709	0.00851	0.00533	0.00528	0.01030	0.01552	0.02135	0.57927	0.09209	0.18699	0.01282	0.00690	0.00189	0.00282	0.01122	0.00615	0.00533
11	0.12280	0.01020	0.01281	0.01018	0.01438	0.00951	0.00840	0.04407	0.04784	0.59277	0.02128	0.02040	0.01425	0.00738	0.00567	0.00184	0.00493	0.03546	0.00660	0.00924
12	0.01922	0.01115	0.01255	0.01046	0.01402	0.03052	0.00836	0.10339	0.25657	0.30118	0.02120	0.01986	0.01491	0.00730	0.00556	0.00177	0.00476	0.00589	0.14246	0.00885
13	0.10912	0.04306	0.01570	0.01200	0.01615	0.08871	0.00984	0.46419	0.02201	0.08370	0.01365	0.01395	0.00987	0.00665	0.00533	0.00169	0.00621	0.00485	0.06452	0.00879
14	0.05623	0.04462	0.01407	0.07861	0.01669	0.03387	0.00872	0.12235	0.03329	0.12770	0.01306	0.01469	0.01006	0.03560	0.00585	0.00151	0.00534	0.00445	0.00427	0.36903
15	0.10295	0.01052	0.01232	0.06140	0.01460	0.01159	0.00861	0.23881	0.01645	0.06874	0.08572	0.15544	0.03220	0.02701	0.00870	0.06434	0.06111	0.00770	0.00489	0.00693

[dist]
# distance from previous block
# <min> <max>
0	2

[block]
# block no. 3 follows, 40 sequences, length 6
# corresponding to MSA columns:
# 107-112
name=unknown_D
#
# <colnr> <probs for GDERKNQSTAVLIFYWHMCP>
#	G	D	E	R	K	N	Q	S	T	A	V	L	I	F	Y	W	H	M	C	P
0	0.36795	0.00903	0.00814	0.00822	0.01041	0.04215	0.00637	0.01314	0.01136	0.02010	0.02396	0.24143	0.11491	0.01143	0.00567	0.00206	0.00434	0.08925	0.00451	0.00559
1	0.30372	0.17370	0.19114	0.01084	0.01576	0.04657	0.01099	0.01856	0.04826	0.06581	0.01270	0.03443	0.03359	0.00626	0.00461	0.00171	0.00601	0.00444	0.00353	0.00736
2	0.08708	0.19514	0.06090	0.01328	0.01716	0.46427	0.01111	0.05774	0.01523	0.01647	0.00905	0.01042	0.00750	0.00574	0.00482	0.00150	0.00874	0.00366	0.00305	0.00713
3	0.01405	0.01384	0.02060	0.18810	0.48010	0.07592	0.01617	0.01796	0.04527	0.01790	0.01213	0.01701	0.01027	0.00601	0.00584	0.00181	0.00721	0.03848	0.00307	0.00825
4	0.00787	0.00589	0.00738	0.00722	0.00854	0.00552	0.00533	0.00998	0.01413	0.01925	0.42598	0.09116	0.20643	0.06162	0.09486	0.00296	0.00445	0.01069	0.00557	0.00516
5	0.00799	0.00653	0.00798	0.00780	0.00906	0.00651	0.00587	0.00975	0.01336	0.01771	0.26360	0.18403	0.32163	0.01398	0.00835	0.00206	0.09147	0.01171	0.00539	0.00522

[dist]
# distance from previous block
# <min> <max>
0	5

[block]
# block no. 4 follows, 40 sequences, length 15
# corresponding to MSA columns:
# 118-132
name=unknown_E
#
# <colnr> <probs for GDERKNQSTAVLIFYWHMCP>
#	G	D	E	R	K	N	Q	S	T	A	V	L	I	F	Y	W	H	M	C	P
0	0.02211	0.01629	0.01745	0.01338	0.01803	0.01803	0.01105	0.73997	0.02734	0.03665	0.01396	0.01396	0.00989	0.00698	0.00582	0.00175	0.00640	0.00524	0.00582	0.00989
1	0.01373	0.01569	0.03431	0.02451	0.03039	0.01471	0.73824	0.01863	0.01373	0.01863	0.01176	0.01569	0.00882	0.00490	0.00686	0.00196	0.00980	0.00686	0.00294	0.00784
2	0.78399	0.01157	0.00912	0.00802	0.01169	0.01337	0.00661	0.06387	0.01103	0.02677	0.00848	0.00974	0.00653	0.00550	0.00374	0.00180	0.00462	0.00328	0.00374	0.00653
3	0.01129	0.01065	0.01800	0.71377	0.10551	0.01300	0.01630	0.01513	0.01177	0.01523	0.01039	0.01540	0.00788	0.00576	0.00581	0.00192	0.00768	0.00517	0.00261	0.00671
4	0.01555	0.79913	0.03047	0.00995	0.01493	0.02301	0.00995	0.01741	0.01182	0.01368	0.00808	0.00933	0.00746	0.00498	0.00373	0.00124	0.00622	0.00311	0.00249	0.00746
5	0.83671	0.01125	0.00855	0.00765	0.01125	0.01305	0.00630	0.01709	0.00990	0.02609	0.00810	0.00945	0.00630	0.00540	0.00360	0.00180	0.00450	0.00315	0.00360	0.00630
6	0.01475	0.01234	0.01314	0.01172	0.01493	0.01411	0.00912	0.10962	0.60921	0.02498	0.02322	0.08108	0.01848	0.00859	0.00602	0.00198	0.00471	0.00720	0.00587	0.00893
7	0.00896	0.00578	0.00698	0.00668	0.00807	0.00544	0.00501	0.01164	0.01504	0.02250	0.50425	0.03739	0.07235	0.01046	0.00602	0.00169	0.00274	0.00905	0.25448	0.00544
8	0.01439	0.01382	0.02360	0.03569	0.75936	0.01382	0.01785	0.01785	0.01324	0.01900	0.01094	0.01439	0.00921	0.00518	0.00576	0.00173	0.00691	0.00518	0.00288	0.00921
9	0.05028	0.00570	0.00599	0.00614	0.00744	0.00580	0.00455	0.01275	0.01177	0.02044	0.02014	0.13247	0.01787	0.01048	0.04876	0.00198	0.00363	0.00696	0.62150	0.00535
10	0.01010	0.00505	0.00758	0.00758	0.00758	0.00505	0.00505	0.00758	0.00758	0.01010	0.01010	0.01768	0.01010	0.02020	0.02273	0.83081	0.00505	0.00505	0.00253	0.00253
11	0.03698	0.45394	0.13573	0.01203	0.01724	0.01779	0.07905	0.01804	0.01283	0.08047	0.07534	0.01424	0.01228	0.00586	0.00474	0.00151	0.00645	0.00452	0.00330	0.00767
12	0.00709	0.00576	0.00605	0.00622	0.00774	0.00498	0.00443	0.00833	0.01240	0.01506	0.05061	0.14403	0.57811	0.11145	0.00974	0.00247	0.00333	0.01232	0.00517	0.00472
13	0.16825	0.07490	0.43051	0.01479	0.04197	0.01421	0.04818	0.07917	0.01313	0.02100	0.01094	0.03831	0.00856	0.00598	0.00520	0.00181	0.00731	0.00463	0.00309	0.00805
14	0.07151	0.27305	0.36510	0.01396	0.02017	0.06774	0.04242	0.01813	0.01214	0.01696	0.00934	0.01116	0.00740	0.00556	0.00548	0.00166	0.04385	0.00393	0.00260	0.00782

[dist]
# distance from previous block
# <min> <max>
1	2

[block]
# block no. 5 follows, 40 sequences, length 30
# corresponding to MSA columns:
# 135-164
name=unknown_F
#
# <colnr> <probs for GDERKNQSTAVLIFYWHMCP>
#	G	D	E	R	K	N	Q	S	T	A	V	L	I	F	Y	W	H	M	C	P
0	0.71244	0.01246	0.04042	0.00860	0.01248	0.01351	0.00739	0.07531	0.03420	0.02657	0.00914	0.01030	0.00698	0.00561	0.00393	0.00180	0.00482	0.00347	0.00380	0.00677
1	0.00709	0.00506	0.00675	0.00810	0.00843	0.00472	0.00540	0.00810	0.01113	0.01484	0.03205	0.79184	0.03846	0.01822	0.00742	0.00236	0.00337	0.01653	0.00540	0.00472
2	0.02133	0.01583	0.01704	0.01301	0.01771	0.01724	0.01073	0.68403	0.02616	0.03528	0.01368	0.01381	0.00979	0.00677	0.00570	0.00168	0.00624	0.00510	0.00563	0.07322
3	0.01139	0.01055	0.01744	0.75371	0.03925	0.01311	0.01596	0.04124	0.01220	0.01565	0.01047	0.01545	0.00783	0.00586	0.00581	0.00193	0.00770	0.00517	0.00270	0.00658
4	0.01503	0.14691	0.05577	0.12811	0.10196	0.11441	0.01171	0.03600	0.13929	0.06798	0.07771	0.03594	0.03095	0.00708	0.00553	0.00173	0.00642	0.00574	0.00405	0.00770
5	0.01261	0.01032	0.01212	0.00868	0.01382	0.00778	0.00696	0.01518	0.01224	0.04842	0.01083	0.01236	0.00884	0.00442	0.00437	0.00090	0.00433	0.00354	0.00359	0.79867
6	0.01124	0.00808	0.00956	0.00929	0.01100	0.00825	0.00685	0.16619	0.05146	0.04187	0.04740	0.46612	0.09203	0.01512	0.02452	0.00231	0.00435	0.01257	0.00554	0.00624
7	0.00831	0.00604	0.00761	0.00788	0.00886	0.00583	0.00557	0.04437	0.01325	0.01797	0.23574	0.36938	0.09729	0.08486	0.05679	0.00287	0.00426	0.01260	0.00540	0.00513
8	0.01426	0.01189	0.01270	0.01134	0.01451	0.01343	0.00892	0.10473	0.55235	0.02470	0.05737	0.02627	0.07008	0.00883	0.00612	0.00197	0.00464	0.04138	0.00586	0.00864
9	0.00719	0.00571	0.00622	0.00644	0.00783	0.00500	0.00455	0.00848	0.01247	0.01548	0.09308	0.18731	0.48985	0.11231	0.00980	0.00248	0.00335	0.01246	0.00523	0.00474
10	0.01423	0.04767	0.07230	0.19495	0.40952	0.08977	0.01632	0.01837	0.04853	0.01761	0.01107	0.01425	0.00893	0.00555	0.00563	0.00175	0.00743	0.00496	0.00293	0.00824
11	0.01533	0.01230	0.01317	0.01172	0.01510	0.01403	0.00916	0.03071	0.69463	0.07905	0.02361	0.02156	0.01750	0.00784	0.00591	0.00196	0.00463	0.00652	0.00601	0.00926
12	0.02095	0.02369	0.05856	0.01430	0.01807	0.47613	0.01154	0.24204	0.01944	0.02155	0.01089	0.01198	0.00844	0.00629	0.00540	0.00159	0.00890	0.00428	0.02818	0.00777
13	0.04496	0.01276	0.01444	0.01158	0.01570	0.01350	0.00941	0.28733	0.20151	0.26961	0.01929	0.01790	0.01337	0.00722	0.00573	0.00181	0.00530	0.00571	0.03341	0.00947
14	0.00831	0.00623	0.00935	0.00935	0.01038	0.00727	0.00727	0.01038	0.00935	0.01350	0.01558	0.02285	0.01454	0.04361	0.77259	0.00935	0.01558	0.00623	0.00312	0.00519
15	0.01272	0.01272	0.01781	0.01527	0.01527	0.01781	0.01272	0.01399	0.00891	0.01399	0.00763	0.01272	0.00763	0.01018	0.01908	0.00254	0.78499	0.00509	0.00254	0.00636
16	0.00846	0.00564	0.00634	0.00634	0.00634	0.00564	0.00352	0.00846	0.00846	0.01128	0.01832	0.03805	0.02114	0.79563	0.02960	0.00564	0.00564	0.00846	0.00352	0.00352
17	0.01084	0.00542	0.00542	0.00542	0.00678	0.00542	0.00407	0.01355	0.01220	0.02168	0.01897	0.02168	0.01491	0.00678	0.00407	0.00136	0.00271	0.00542	0.82791	0.00542
18	0.01439	0.01382	0.02360	0.03569	0.75936	0.01382	0.01785	0.01785	0.01324	0.01900	0.01094	0.01439	0.00921	0.00518	0.00576	0.00173	0.00691	0.00518	0.00288	0.00921
19	0.00763	0.00543	0.00713	0.00829	0.00881	0.00517	0.00585	0.00882	0.01128	0.01491	0.03101	0.56220	0.05502	0.10514	0.01001	0.00277	0.00396	0.13670	0.00518	0.00470
20	0.02211	0.01629	0.01745	0.01338	0.01803	0.01803	0.01105	0.73997	0.02734	0.03665	0.01396	0.01396	0.00989	0.00698	0.00582	0.00175	0.00640	0.00524	0.00582	0.00989
21	0.00736	0.00548	0.00695	0.00779	0.00864	0.00494	0.00535	0.00860	0.01172	0.01558	0.06947	0.61704	0.13466	0.01674	0.00716	0.00221	0.00333	0.01500	0.00535	0.04663
22	0.00995	0.00650	0.00845	0.00774	0.00951	0.00587	0.00586	0.01249	0.01569	0.08585	0.58040	0.07790	0.04665	0.03074	0.00724	0.00191	0.00318	0.02571	0.00616	0.05220
23	0.01407	0.01455	0.06500	0.07239	0.68166	0.01375	0.01797	0.01773	0.01311	0.01876	0.01088	0.01433	0.00903	0.00523	0.00575	0.00174	0.00705	0.00513	0.00284	0.00904
24	0.03364	0.01366	0.04570	0.06540	0.29947	0.01371	0.03577	0.21425	0.05455	0.03840	0.06980	0.06056	0.01478	0.00713	0.00594	0.00181	0.00625	0.00629	0.00431	0.00859
25	0.01422	0.01126	0.01342	0.01094	0.05628	0.00963	0.00818	0.09194	0.05994	0.06581	0.01233	0.01345	0.00970	0.00503	0.00474	0.00113	0.00473	0.00407	0.00404	0.59917
26	0.03685	0.01219	0.01424	0.01365	0.09785	0.01331	0.00973	0.29256	0.13414	0.05520	0.01813	0.03758	0.04114	0.02370	0.03437	0.00213	0.03015	0.00607	0.11872	0.00828
27	0.01708	0.05744	0.11481	0.01097	0.01510	0.03408	0.00994	0.14321	0.09459	0.19400	0.01815	0.03640	0.02754	0.03894	0.02880	0.00207	0.00584	0.00575	0.10989	0.03540
28	0.01627	0.04601	0.05658	0.01198	0.03332	0.07628	0.02361	0.17481	0.13044	0.08706	0.03194	0.01900	0.01356	0.09230	0.00858	0.00213	0.03640	0.00565	0.08459	0.04952
29	0.01355	0.00907	0.02559	0.02723	0.01261	0.00900	0.00786	0.09430	0.05929	0.14591	0.22382	0.14855	0.02876	0.02936	0.02457	0.00218	0.05414	0.02124	0.03818	0.02479

[dist]
# distance from previous block
# <min> <max>
11	80

[block]
# block no. 6 follows, 40 sequences, length 9
# corresponding to MSA columns:
# 252-260
name=unknown_G
#
# <colnr> <probs for GDERKNQSTAVLIFYWHMCP>
#	G	D	E	R	K	N	Q	S	T	A	V	L	I	F	Y	W	H	M	C	P
0	0.19882	0.12264	0.28263	0.03547	0.04461	0.07296	0.03026	0.03773	0.04276	0.01994	0.01036	0.01199	0.00796	0.00556	0.00483	0.00169	0.00695	0.00407	0.02122	0.03757
1	0.57105	0.01106	0.03822	0.03607	0.01258	0.01171	0.00727	0.04575	0.01212	0.02526	0.16237	0.01695	0.01653	0.00682	0.00452	0.00181	0.00449	0.00487	0.00419	0.00637
2	0.01328	0.01142	0.01632	0.08570	0.06473	0.01192	0.08263	0.07471	0.06391	0.04983	0.01522	0.10302	0.02763	0.00791	0.00797	0.00179	0.13612	0.00644	0.00391	0.21556
3	0.01488	0.01529	0.03535	0.02004	0.26024	0.16773	0.01257	0.04614	0.15471	0.01916	0.01801	0.06092	0.03233	0.00834	0.00611	0.00190	0.00674	0.10760	0.00411	0.00785
4	0.00820	0.00571	0.00770	0.00815	0.00895	0.00584	0.00596	0.00931	0.01042	0.01413	0.02593	0.23143	0.11098	0.08475	0.25504	0.09900	0.00771	0.06445	0.03171	0.00463
5	0.00821	0.00601	0.00785	0.00828	0.00954	0.00565	0.00650	0.01049	0.01426	0.01921	0.33374	0.17787	0.13075	0.01454	0.00730	0.00219	0.00365	0.22290	0.00580	0.00525
6	0.02282	0.00933	0.01255	0.00999	0.01377	0.00836	0.00805	0.02537	0.05841	0.60231	0.05343	0.02069	0.01586	0.00892	0.00782	0.09609	0.00484	0.00600	0.00656	0.00883
7	0.00808	0.00622	0.00724	0.00733	0.00883	0.00569	0.00541	0.04459	0.01417	0.01841	0.21934	0.24353	0.33894	0.01461	0.00700	0.00205	0.00325	0.03440	0.00566	0.00526
8	0.02338	0.09932	0.01494	0.01004	0.01433	0.00993	0.00845	0.02563	0.01608	0.61544	0.08337	0.02061	0.01703	0.00734	0.00569	0.00174	0.00491	0.00593	0.00659	0.00925

[dist]
# distance from previous block
# <min> <max>
3	4

[block]
# block no. 7 follows, 40 sequences, length 18
# corresponding to MSA columns:
# 270-287
name=unknown_H
#
# <colnr> <probs for GDERKNQSTAVLIFYWHMCP>
#	G	D	E	R	K	N	Q	S	T	A	V	L	I	F	Y	W	H	M	C	P
0	0.01987	0.01569	0.01656	0.03869	0.01795	0.06118	0.01092	0.54240	0.08341	0.03129	0.01419	0.01494	0.01052	0.00933	0.05325	0.00225	0.03789	0.00531	0.00526	0.00911
1	0.01176	0.01886	0.29893	0.01828	0.04804	0.01224	0.28805	0.01673	0.01338	0.01873	0.08460	0.02265	0.06380	0.00712	0.00640	0.00194	0.00788	0.04964	0.00339	0.00760
2	0.00942	0.00621	0.00815	0.00752	0.00910	0.00569	0.00569	0.01213	0.01647	0.07252	0.70753	0.04187	0.05218	0.01158	0.00679	0.00183	0.00289	0.01021	0.00645	0.00578
3	0.01248	0.02818	0.68650	0.01747	0.06964	0.01330	0.02068	0.01882	0.01253	0.05173	0.01103	0.01274	0.00779	0.00558	0.00555	0.00183	0.00833	0.00442	0.00269	0.00869
4	0.00698	0.00568	0.00619	0.00652	0.00804	0.00488	0.00471	0.00839	0.01284	0.01579	0.07957	0.24507	0.54409	0.01551	0.00701	0.00206	0.00305	0.01330	0.00544	0.00488
5	0.01010	0.00505	0.00758	0.00758	0.00758	0.00505	0.00505	0.00758	0.00758	0.01010	0.01010	0.01768	0.01010	0.02020	0.02273	0.83081	0.00505	0.00505	0.00253	0.00253
6	0.01555	0.79913	0.03047	0.00995	0.01493	0.02301	0.00995	0.01741	0.01182	0.01368	0.00808	0.00933	0.00746	0.00498	0.00373	0.00124	0.00622	0.00311	0.00249	0.00746
7	0.00733	0.00547	0.00671	0.00730	0.00822	0.00497	0.00506	0.00872	0.01250	0.01645	0.17465	0.42531	0.21720	0.06180	0.00848	0.00236	0.00328	0.01387	0.00548	0.00484
8	0.01953	0.15815	0.03870	0.04327	0.05126	0.47894	0.01151	0.02222	0.05292	0.05671	0.01054	0.01179	0.00848	0.00593	0.00510	0.00153	0.00883	0.00403	0.00326	0.00732
9	0.07281	0.01506	0.03852	0.01204	0.01595	0.09847	0.00984	0.20780	0.28759	0.12345	0.01930	0.01837	0.04011	0.00736	0.00568	0.00182	0.00582	0.00573	0.00545	0.00883
10	0.22687	0.01166	0.01302	0.04738	0.01565	0.03948	0.00874	0.10713	0.01595	0.43131	0.01707	0.01598	0.01128	0.00661	0.00526	0.00179	0.00535	0.00499	0.00576	0.00871
11	0.01207	0.06519	0.28653	0.17011	0.06010	0.01323	0.11347	0.03483	0.04669	0.01865	0.09151	0.01813	0.03118	0.00649	0.00587	0.00184	0.00738	0.00577	0.00330	0.00767
12	0.01223	0.01134	0.01918	0.45054	0.31166	0.01278	0.01612	0.01555	0.01199	0.01614	0.01055	0.01521	0.00845	0.00645	0.00683	0.05259	0.00727	0.00517	0.00269	0.00727
13	0.00845	0.00630	0.00718	0.00705	0.00856	0.00584	0.00515	0.04969	0.01414	0.01879	0.23605	0.16524	0.31402	0.07188	0.00844	0.00222	0.00334	0.01143	0.05099	0.00524
14	0.05111	0.00957	0.06015	0.00966	0.01258	0.00819	0.00831	0.04569	0.05872	0.19197	0.12899	0.09908	0.13507	0.01138	0.00656	0.00205	0.00456	0.14366	0.00571	0.00698
15	0.01225	0.01182	0.04401	0.24160	0.02520	0.03184	0.22937	0.03390	0.03136	0.01865	0.02826	0.04584	0.01209	0.00641	0.00577	0.00180	0.00690	0.00622	0.19994	0.00678
16	0.00721	0.00513	0.00675	0.00796	0.00830	0.00481	0.00527	0.00821	0.01111	0.01485	0.05234	0.71916	0.03778	0.07039	0.00890	0.00257	0.00351	0.01581	0.00530	0.00466
17	0.01244	0.01053	0.01285	0.04440	0.01513	0.00889	0.00787	0.01496	0.01188	0.03824	0.01044	0.01248	0.00864	0.00497	0.00571	0.00108	0.07304	0.00373	0.00343	0.69927

[dist]
# distance from previous block
# <min> <max>
0	10

[block]
# block no. 8 follows, 40 sequences, length 18
# corresponding to MSA columns:
# 301-318
name=unknown_I
#
# <colnr> <probs for GDERKNQSTAVLIFYWHMCP>
#	G	D	E	R	K	N	Q	S	T	A	V	L	I	F	Y	W	H	M	C	P
0	0.01716	0.01323	0.01704	0.01402	0.04568	0.01380	0.08283	0.28242	0.10486	0.08460	0.01581	0.03583	0.01261	0.00735	0.00669	0.00177	0.05534	0.04359	0.00492	0.14046
1	0.09755	0.09509	0.07938	0.01314	0.01695	0.31015	0.01121	0.16564	0.01677	0.03550	0.04794	0.01312	0.01039	0.00659	0.00605	0.00167	0.05712	0.00444	0.00376	0.00753
2	0.07756	0.03366	0.01570	0.03421	0.01534	0.03075	0.10063	0.01508	0.01147	0.08706	0.03833	0.02262	0.10315	0.09809	0.02757	0.00260	0.24452	0.00653	0.00374	0.03141
3	0.08095	0.06239	0.01454	0.01060	0.01479	0.01348	0.00864	0.28238	0.10415	0.04373	0.01436	0.03686	0.01146	0.02941	0.00581	0.00163	0.00522	0.00507	0.03301	0.22153
4	0.07862	0.01216	0.03437	0.01176	0.04309	0.01269	0.00909	0.05897	0.43795	0.04439	0.07578	0.02150	0.04009	0.00762	0.00565	0.00181	0.00468	0.00627	0.00533	0.08819
5	0.01565	0.01533	0.02144	0.07254	0.50880	0.10447	0.03092	0.08636	0.03096	0.01992	0.01177	0.01548	0.00980	0.00582	0.00579	0.00175	0.00730	0.02389	0.00328	0.00869
6	0.16223	0.03229	0.15711	0.04080	0.09816	0.01375	0.18914	0.09781	0.01450	0.12130	0.01240	0.01405	0.00895	0.00570	0.00558	0.00183	0.00719	0.00512	0.00382	0.00830
7	0.01336	0.01128	0.01848	0.55885	0.11772	0.01307	0.04326	0.06237	0.01328	0.07555	0.01168	0.01562	0.00861	0.00589	0.00585	0.00189	0.00743	0.00529	0.00320	0.00731
8	0.83671	0.01125	0.00855	0.00765	0.01125	0.01305	0.00630	0.01709	0.00990	0.02609	0.00810	0.00945	0.00630	0.00540	0.00360	0.00180	0.00450	0.00315	0.00360	0.00630
9	0.00895	0.00639	0.00888	0.01022	0.01138	0.00633	0.00863	0.01132	0.01297	0.01693	0.03102	0.20036	0.03439	0.01646	0.00792	0.00262	0.00499	0.58963	0.00536	0.00524
10	0.01084	0.00542	0.00542	0.00542	0.00678	0.00542	0.00407	0.01355	0.01220	0.02168	0.01897	0.02168	0.01491	0.00678	0.00407	0.00136	0.00271	0.00542	0.82791	0.00542
11	0.00928	0.00663	0.00926	0.01060	0.01190	0.00661	0.00921	0.01189	0.01329	0.01730	0.03084	0.09538	0.03367	0.01615	0.00801	0.00266	0.00527	0.69135	0.00536	0.00533
12	0.02589	0.01022	0.01370	0.01050	0.01501	0.00903	0.00867	0.06434	0.01719	0.72662	0.02249	0.01950	0.01417	0.00719	0.00585	0.00180	0.00502	0.00582	0.00713	0.00990
13	0.00797	0.00581	0.00749	0.00732	0.00859	0.00533	0.00539	0.01037	0.01546	0.02154	0.60077	0.15052	0.10571	0.01300	0.00694	0.00191	0.00285	0.01150	0.00618	0.00533
14	0.01346	0.01679	0.10066	0.02305	0.02872	0.01484	0.61504	0.01824	0.01321	0.01824	0.01132	0.01514	0.00860	0.00537	0.00770	0.00200	0.07048	0.00649	0.00287	0.00780
15	0.02296	0.00932	0.01255	0.01008	0.01393	0.00823	0.00812	0.04675	0.01610	0.62272	0.02411	0.14192	0.01807	0.00894	0.00610	0.00189	0.00474	0.00752	0.00687	0.00908
16	0.00845	0.00568	0.00657	0.00657	0.00665	0.00576	0.00380	0.00860	0.00852	0.01144	0.01812	0.03691	0.02065	0.73923	0.08532	0.00592	0.00638	0.00829	0.00349	0.00365
17	0.00970	0.00747	0.00998	0.00921	0.01097	0.00726	0.06318	0.08985	0.01391	0.01878	0.09486	0.30956	0.17759	0.04704	0.03720	0.00246	0.00458	0.01155	0.06920	0.00566

[dist]
# distance from previous block
# <min> <max>
3	4

[block]
# block no. 9 follows, 40 sequences, length 36
# corresponding to MSA columns:
# 323-358
name=unknown_J
#
# <colnr> <probs for GDERKNQSTAVLIFYWHMCP>
#	G	D	E	R	K	N	Q	S	T	A	V	L	I	F	Y	W	H	M	C	P
0	0.12061	0.05336	0.02812	0.01979	0.02515	0.01410	0.51340	0.01964	0.01352	0.11633	0.01257	0.01511	0.00916	0.00527	0.00616	0.00188	0.00831	0.00607	0.00356	0.00789
1	0.78283	0.01099	0.00857	0.00764	0.01118	0.01263	0.00628	0.01728	0.01018	0.04703	0.00893	0.01020	0.00685	0.00550	0.00368	0.00178	0.00444	0.00331	0.03431	0.00637
2	0.01088	0.00822	0.00999	0.00923	0.01025	0.00925	0.00667	0.10806	0.04843	0.01655	0.03168	0.10017	0.01915	0.34804	0.14923	0.00485	0.09195	0.00799	0.00400	0.00540
3	0.00754	0.00551	0.00718	0.00792	0.00873	0.00502	0.00546	0.00896	0.01223	0.01665	0.16631	0.59370	0.05978	0.01625	0.00715	0.00218	0.00329	0.01465	0.00549	0.04600
4	0.01976	0.02406	0.06833	0.01482	0.01807	0.50381	0.01204	0.11845	0.03750	0.01780	0.01001	0.01167	0.00811	0.00666	0.00707	0.00170	0.10522	0.00423	0.00337	0.00732
5	0.00768	0.00586	0.00705	0.00689	0.00838	0.00523	0.00512	0.00985	0.01495	0.02006	0.46196	0.10739	0.29171	0.01336	0.00691	0.00192	0.00286	0.01159	0.00598	0.00523
6	0.00742	0.00534	0.00710	0.00834	0.00891	0.00502	0.00590	0.00872	0.01166	0.01546	0.05282	0.64534	0.06573	0.01762	0.00747	0.00237	0.00361	0.11093	0.00542	0.00484
7	0.02337	0.01210	0.01464	0.01131	0.01566	0.01200	0.00931	0.30108	0.02075	0.43469	0.06803	0.01911	0.01534	0.00742	0.00590	0.00178	0.00536	0.00592	0.00661	0.00960
8	0.71292	0.01201	0.00990	0.00852	0.01228	0.01380	0.00702	0.12694	0.01255	0.02770	0.00899	0.01013	0.00684	0.00564	0.00394	0.00179	0.00479	0.00347	0.00394	0.00684
9	0.00831	0.00623	0.00935	0.00935	0.01038	0.00727	0.00727	0.01038	0.00935	0.01350	0.01558	0.02285	0.01454	0.04361	0.77259	0.00935	0.01558	0.00623	0.00312	0.00519
10	0.01166	0.03008	0.76550	0.01657	0.02517	0.01351	0.02149	0.01842	0.01228	0.01842	0.01044	0.01228	0.00737	0.00552	0.00552	0.00184	0.00859	0.00430	0.00246	0.00859
11	0.01597	0.74593	0.02951	0.01030	0.01514	0.07468	0.01004	0.01781	0.01214	0.01372	0.00815	0.00941	0.00746	0.00505	0.00384	0.00126	0.00651	0.00315	0.00252	0.00741
12	0.83671	0.01125	0.00855	0.00765	0.01125	0.01305	0.00630	0.01709	0.00990	0.02609	0.00810	0.00945	0.00630	0.00540	0.00360	0.00180	0.00450	0.00315	0.00360	0.00630
13	0.02126	0.01587	0.01697	0.01321	0.01771	0.01764	0.01085	0.66129	0.10740	0.03528	0.01504	0.01482	0.01076	0.00708	0.00583	0.00177	0.00620	0.00538	0.00583	0.00981
14	0.00962	0.00746	0.00916	0.00970	0.01152	0.00756	0.00811	0.01434	0.13703	0.01832	0.05348	0.05546	0.19851	0.01428	0.00738	0.00237	0.00461	0.41969	0.00548	0.00590
15	0.03303	0.00702	0.00932	0.02713	0.01139	0.00644	0.00670	0.01538	0.01329	0.26568	0.06461	0.43459	0.05465	0.01351	0.00672	0.00211	0.00398	0.01193	0.00594	0.00657
16	0.00912	0.00508	0.00733	0.00773	0.00788	0.00497	0.00517	0.00785	0.00896	0.01200	0.04209	0.25460	0.02027	0.01932	0.01752	0.55010	0.00446	0.00874	0.00353	0.00330
17	0.01010	0.00505	0.00758	0.00758	0.00758	0.00505	0.00505	0.00758	0.00758	0.01010	0.01010	0.01768	0.01010	0.02020	0.02273	0.83081	0.00505	0.00505	0.00253	0.00253
18	0.01555	0.79913	0.03047	0.00995	0.01493	0.02301	0.00995	0.01741	0.01182	0.01368	0.00808	0.00933	0.00746	0.00498	0.00373	0.00124	0.00622	0.00311	0.00249	0.00746
19	0.00802	0.00615	0.00747	0.00793	0.00926	0.00579	0.00597	0.01064	0.05481	0.01767	0.17882	0.27477	0.24947	0.01506	0.00716	0.00217	0.00351	0.12445	0.00561	0.00528
20	0.01098	0.01034	0.01744	0.78165	0.04005	0.01292	0.01615	0.01486	0.01163	0.01486	0.01034	0.01550	0.00775	0.00581	0.00581	0.00194	0.00775	0.00517	0.00258	0.00646
21	0.01899	0.02232	0.01742	0.01891	0.18094	0.50422	0.01219	0.04925	0.01546	0.01597	0.01023	0.01344	0.00891	0.06040	0.00738	0.00187	0.02732	0.00448	0.00311	0.00718
22	0.01357	0.01044	0.01211	0.00900	0.01372	0.00858	0.00720	0.06595	0.04150	0.06803	0.01283	0.03132	0.01041	0.00525	0.00463	0.00108	0.00440	0.00424	0.04502	0.63072
23	0.46492	0.04356	0.04586	0.09209	0.07606	0.06573	0.02451	0.04458	0.01211	0.05103	0.02654	0.01212	0.00845	0.00572	0.00451	0.00177	0.00584	0.00403	0.00357	0.00701
24	0.01068	0.00756	0.00931	0.00923	0.03864	0.00728	0.00660	0.09106	0.03237	0.06583	0.29407	0.19875	0.18064	0.01263	0.00674	0.00196	0.00365	0.01099	0.00583	0.00618
25	0.01206	0.01034	0.01206	0.00861	0.01378	0.00775	0.00689	0.01464	0.01206	0.01895	0.01034	0.01206	0.00861	0.00431	0.00431	0.00086	0.00431	0.00345	0.00345	0.83118
26	0.00773	0.00590	0.00815	0.09974	0.01226	0.00585	0.00670	0.00938	0.01209	0.01609	0.12783	0.53434	0.08652	0.01562	0.00713	0.00222	0.00382	0.02839	0.00520	0.00506
27	0.01580	0.01232	0.01308	0.01124	0.01465	0.01379	0.00889	0.19999	0.44449	0.04568	0.02334	0.02213	0.06650	0.00803	0.00581	0.00186	0.00478	0.00653	0.07229	0.00879
28	0.02068	0.01585	0.01640	0.01307	0.01715	0.06874	0.01063	0.52451	0.10399	0.07280	0.01546	0.03692	0.01156	0.00747	0.00634	0.00180	0.03610	0.00563	0.00557	0.00932
29	0.01054	0.00837	0.06088	0.00857	0.01086	0.00685	0.00719	0.01422	0.05574	0.09411	0.55339	0.03887	0.06138	0.01099	0.00666	0.00187	0.00355	0.03352	0.00612	0.00631
30	0.01371	0.01286	0.02173	0.14198	0.61446	0.01323	0.01685	0.01718	0.01295	0.01854	0.01129	0.01495	0.00931	0.00536	0.00567	0.00174	0.00680	0.00519	0.04759	0.00861
31	0.00860	0.00606	0.00757	0.00751	0.00810	0.00644	0.00515	0.00967	0.00973	0.01368	0.04557	0.06307	0.07089	0.38440	0.22795	0.00568	0.03757	0.00813	0.06978	0.00445
32	0.01225	0.01206	0.01689	0.01465	0.01471	0.01670	0.01212	0.01354	0.00904	0.01402	0.00926	0.05538	0.00957	0.01189	0.04719	0.00279	0.71323	0.00575	0.00272	0.00623
33	0.01891	0.04137	0.01589	0.01228	0.01618	0.01584	0.00997	0.54014	0.08556	0.03161	0.03620	0.11701	0.01538	0.00859	0.00599	0.00183	0.00575	0.00689	0.00567	0.00896
34	0.01186	0.05580	0.69946	0.01627	0.02428	0.01407	0.02061	0.01814	0.01208	0.01801	0.01020	0.01220	0.00738	0.00576	0.00620	0.00186	0.05063	0.00430	0.00246	0.00843
35	0.01541	0.01139	0.01314	0.00983	0.01467	0.01002	0.00792	0.12792	0.08224	0.10742	0.01355	0.01411	0.01030	0.00537	0.00486	0.00120	0.00473	0.00428	0.00446	0.53717

[dist]
# distance from previous block
# <min> <max>
0	26

[block]
# block no. 10 follows, 40 sequences, length 94
# corresponding to MSA columns:
# 385-471,501-507
name=unknown_K
#
# <colnr> <probs for GDERKNQSTAVLIFYWHMCP>
#	G	D	E	R	K	N	Q	S	T	A	V	L	I	F	Y	W	H	M	C	P
0	0.01089	0.00654	0.00859	0.00774	0.00960	0.00593	0.00592	0.01353	0.01641	0.13467	0.62965	0.04016	0.06500	0.01125	0.00671	0.00183	0.00308	0.00985	0.00650	0.00614
1	0.00713	0.00509	0.00678	0.00807	0.00844	0.00475	0.00540	0.00820	0.01132	0.01514	0.05758	0.76546	0.03904	0.01800	0.00740	0.00234	0.00335	0.01632	0.00543	0.00475
2	0.02185	0.01605	0.01718	0.01320	0.01778	0.01775	0.01090	0.72370	0.02700	0.03631	0.01407	0.01413	0.01000	0.00698	0.00578	0.00174	0.00632	0.00524	0.02422	0.00979
3	0.00713	0.00538	0.00662	0.00753	0.00839	0.00486	0.00525	0.00838	0.01197	0.01543	0.06116	0.53551	0.24450	0.01696	0.00727	0.00224	0.00330	0.03787	0.00543	0.00482
4	0.01809	0.00928	0.01138	0.01047	0.06033	0.00913	0.00769	0.11089	0.05422	0.28707	0.01948	0.01957	0.01388	0.00691	0.00512	0.00162	0.00434	0.00559	0.33694	0.00801
5	0.00732	0.00568	0.00667	0.00691	0.00825	0.00502	0.00499	0.00903	0.01358	0.01764	0.25068	0.25585	0.35777	0.01488	0.00702	0.00204	0.00301	0.01295	0.00569	0.00502
6	0.01657	0.72252	0.02882	0.00999	0.01492	0.02161	0.00981	0.01847	0.01228	0.08645	0.00953	0.01034	0.00814	0.00519	0.00394	0.00130	0.00610	0.00338	0.00294	0.00770
7	0.46361	0.08978	0.06764	0.01088	0.01535	0.01502	0.06113	0.15802	0.01407	0.04283	0.01000	0.01120	0.00755	0.00568	0.00446	0.00175	0.00571	0.00396	0.00388	0.00746
8	0.01763	0.01283	0.02653	0.01161	0.01505	0.01354	0.00937	0.42080	0.08420	0.06454	0.01747	0.10385	0.01506	0.04063	0.00840	0.07231	0.00565	0.02837	0.00535	0.02679
9	0.01119	0.00627	0.00594	0.00593	0.00734	0.03336	0.00449	0.01386	0.01239	0.02128	0.01897	0.02260	0.01520	0.00703	0.00423	0.00140	0.00307	0.02703	0.77296	0.00547
10	0.01667	0.09466	0.06687	0.08080	0.09695	0.23898	0.01263	0.09654	0.10374	0.01855	0.01170	0.01366	0.00942	0.00771	0.03147	0.00199	0.08178	0.00470	0.00348	0.00771
11	0.78410	0.01116	0.00887	0.00782	0.01148	0.01275	0.00644	0.01782	0.01033	0.07394	0.00906	0.01012	0.00682	0.00551	0.00374	0.00180	0.00453	0.00332	0.00383	0.00653
12	0.81246	0.01121	0.00870	0.00773	0.01135	0.01291	0.00637	0.01743	0.01010	0.04814	0.00854	0.00976	0.00654	0.00545	0.00367	0.00180	0.00451	0.00323	0.00371	0.00641
13	0.00722	0.00588	0.00642	0.00658	0.00828	0.00508	0.00496	0.00888	0.01346	0.01665	0.13728	0.12036	0.56180	0.01479	0.00700	0.00203	0.00312	0.05970	0.00552	0.00499
14	0.02171	0.01591	0.01703	0.01310	0.01764	0.01759	0.01081	0.71436	0.02681	0.03612	0.01414	0.01423	0.01007	0.00697	0.00576	0.00173	0.00627	0.00524	0.03479	0.00973
15	0.83671	0.01125	0.00855	0.00765	0.01125	0.01305	0.00630	0.01709	0.00990	0.02609	0.00810	0.00945	0.00630	0.00540	0.00360	0.00180	0.00450	0.00315	0.00360	0.00630
16	0.26905	0.01129	0.01262	0.01000	0.01426	0.01136	0.00826	0.13478	0.01627	0.42969	0.01710	0.01578	0.01127	0.00662	0.00517	0.00179	0.00504	0.00494	0.00590	0.00881
17	0.02609	0.00990	0.01350	0.01035	0.01484	0.00855	0.00855	0.02834	0.01664	0.76338	0.02294	0.01979	0.01439	0.00720	0.00585	0.00180	0.00495	0.00585	0.00720	0.00990
18	0.01555	0.79913	0.03047	0.00995	0.01493	0.02301	0.00995	0.01741	0.01182	0.01368	0.00808	0.00933	0.00746	0.00498	0.00373	0.00124	0.00622	0.00311	0.00249	0.00746
19	0.01679	0.38269	0.15347	0.01333	0.01838	0.24267	0.04513	0.03749	0.01375	0.01546	0.00907	0.01058	0.00758	0.00542	0.00468	0.00147	0.00806	0.00373	0.00274	0.00752
20	0.01439	0.01382	0.02360	0.03569	0.75936	0.01382	0.01785	0.01785	0.01324	0.01900	0.01094	0.01439	0.00921	0.00518	0.00576	0.00173	0.00691	0.00518	0.00288	0.00921
21	0.00790	0.00648	0.00704	0.00694	0.00878	0.00595	0.00518	0.01105	0.08655	0.01792	0.18406	0.11461	0.48900	0.01382	0.00682	0.00197	0.00311	0.01175	0.00564	0.00543
22	0.00901	0.00617	0.00801	0.00783	0.00923	0.00576	0.00587	0.01172	0.03365	0.05460	0.51799	0.17435	0.07082	0.01299	0.00695	0.00197	0.00314	0.04815	0.00616	0.00562
23	0.00833	0.00600	0.00780	0.00875	0.00978	0.00575	0.00688	0.00996	0.01215	0.01567	0.03391	0.24119	0.15305	0.08620	0.01015	0.03288	0.00447	0.33712	0.00511	0.00486
24	0.00842	0.00578	0.00708	0.00708	0.00734	0.00604	0.00445	0.00893	0.00868	0.01182	0.01764	0.03430	0.01951	0.60986	0.21314	0.00655	0.00809	0.00791	0.00342	0.00394
