[name]
unknown

[dist]
# distance from previous block
# <min> <max>
0	69

[block]
# block no. 0 follows, 44 sequences, length 32
# corresponding to MSA columns:
# 69-100
name=unknown_A
#
# <colnr> <probs for GDERKNQSTAVLIFYWHMCP>
#	G	D	E	R	K	N	Q	S	T	A	V	L	I	F	Y	W	H	M	C	P
0	0.00931	0.00677	0.00895	0.00977	0.01128	0.00678	0.00845	0.05764	0.01336	0.01730	0.03034	0.05762	0.09927	0.01441	0.00730	0.00239	0.00487	0.62388	0.00505	0.00525
1	0.01103	0.12700	0.52708	0.01405	0.02042	0.01277	0.04983	0.01599	0.01154	0.01639	0.01260	0.06567	0.01109	0.00676	0.00535	0.00176	0.00723	0.07332	0.00275	0.00737
2	0.01479	0.19044	0.35450	0.04598	0.02045	0.01365	0.08026	0.01895	0.01240	0.18079	0.01195	0.01285	0.00849	0.00537	0.00501	0.00161	0.00691	0.00435	0.00332	0.00795
3	0.00772	0.00557	0.00729	0.00686	0.00814	0.00514	0.00514	0.01029	0.01543	0.02186	0.77152	0.04072	0.05144	0.01115	0.00643	0.00171	0.00257	0.00986	0.00600	0.00514
4	0.01116	0.00987	0.01653	0.71133	0.08154	0.01197	0.01490	0.01470	0.01122	0.05048	0.01029	0.01466	0.00765	0.00548	0.00545	0.00180	0.00709	0.00488	0.00264	0.00637
5	0.07443	0.01183	0.05428	0.02765	0.01518	0.01099	0.00915	0.22274	0.03478	0.40274	0.06616	0.01745	0.01390	0.00677	0.00538	0.00168	0.00508	0.00537	0.00577	0.00864
6	0.01793	0.01388	0.01479	0.01198	0.01584	0.01560	0.00969	0.47237	0.31403	0.02985	0.01664	0.01592	0.01215	0.00688	0.00549	0.00172	0.00534	0.00540	0.00549	0.00902
7	0.01812	0.01185	0.01311	0.01065	0.01424	0.01279	0.00860	0.32381	0.22361	0.17064	0.01777	0.01703	0.01269	0.00679	0.00527	0.00166	0.00484	0.00538	0.11257	0.00856
8	0.02132	0.01097	0.07955	0.01023	0.01443	0.00876	0.00898	0.07961	0.01553	0.58336	0.02064	0.09105	0.01471	0.00756	0.00559	0.00174	0.00490	0.00625	0.00610	0.00872
9	0.00947	0.00473	0.00710	0.00710	0.00710	0.00473	0.00473	0.00710	0.00710	0.00947	0.00947	0.01657	0.00947	0.01894	0.02131	0.84138	0.00473	0.00473	0.00237	0.00237
10	0.00772	0.00557	0.00729	0.00686	0.00814	0.00514	0.00514	0.01029	0.01543	0.02186	0.77152	0.04072	0.05144	0.01115	0.00643	0.00171	0.00257	0.00986	0.00600	0.00514
11	0.02294	0.00952	0.01258	0.00974	0.01376	0.00857	0.00801	0.08765	0.01645	0.66050	0.07456	0.01968	0.01586	0.00705	0.00555	0.00168	0.00461	0.00575	0.00658	0.00898
12	0.01814	0.16660	0.01772	0.04222	0.01650	0.05325	0.00991	0.37997	0.14748	0.07388	0.01377	0.01375	0.01018	0.00626	0.00507	0.00158	0.00583	0.00471	0.00471	0.00846
13	0.01197	0.01211	0.01658	0.28662	0.02275	0.07168	0.02853	0.01413	0.00992	0.01365	0.00843	0.01291	0.00734	0.00766	0.01207	0.00208	0.43181	0.00475	0.01899	0.00603
14	0.02201	0.01321	0.01509	0.01157	0.01588	0.01385	0.00956	0.50566	0.02219	0.28978	0.01598	0.01497	0.01072	0.00661	0.00546	0.00165	0.00553	0.00511	0.00590	0.00927
15	0.02032	0.01567	0.01575	0.01236	0.01643	0.08812	0.01006	0.61695	0.04631	0.06242	0.01338	0.01378	0.00972	0.02588	0.00595	0.00171	0.00623	0.00491	0.00521	0.00883
16	0.01154	0.01136	0.01596	0.01379	0.01388	0.01577	0.01145	0.01280	0.00839	0.01308	0.00785	0.01281	0.00776	0.01247	0.08980	0.00298	0.72513	0.00487	0.00244	0.00586
17	0.00772	0.00557	0.00729	0.00686	0.00814	0.00514	0.00514	0.01029	0.01543	0.02186	0.77152	0.04072	0.05144	0.01115	0.00643	0.00171	0.00257	0.00986	0.00600	0.00514
18	0.01435	0.01078	0.01346	0.01394	0.13526	0.01152	0.00946	0.15536	0.23309	0.09332	0.11260	0.05557	0.03077	0.02448	0.02195	0.00199	0.02040	0.02886	0.00504	0.00779
19	0.00734	0.00556	0.00677	0.00647	0.00792	0.00499	0.00485	0.00957	0.01455	0.01978	0.56213	0.04416	0.26213	0.01192	0.00643	0.00175	0.00263	0.01034	0.00573	0.00499
20	0.01510	0.68331	0.06090	0.01017	0.01476	0.11176	0.00996	0.01701	0.01161	0.01309	0.00778	0.00900	0.00700	0.00480	0.00374	0.00122	0.00640	0.00304	0.00239	0.00696
21	0.01629	0.01134	0.01275	0.01037	0.01369	0.01180	0.00824	0.38041	0.05235	0.09607	0.01695	0.11503	0.01496	0.08468	0.00769	0.00201	0.00512	0.03281	0.00506	0.10237
22	0.01729	0.01227	0.03266	0.01362	0.08622	0.01242	0.04746	0.31389	0.08847	0.16394	0.01729	0.11450	0.01424	0.03208	0.00637	0.00186	0.00547	0.00660	0.00512	0.00824
23	0.53385	0.01376	0.15896	0.04187	0.01467	0.01171	0.00935	0.01767	0.01067	0.12892	0.01007	0.01098	0.00723	0.00534	0.00411	0.00170	0.00515	0.00360	0.00360	0.00680
24	0.00655	0.00532	0.00581	0.00613	0.00754	0.00458	0.00443	0.00786	0.01201	0.01479	0.07616	0.25288	0.54783	0.01458	0.00658	0.00194	0.00286	0.01251	0.00510	0.00458
25	0.01178	0.02701	0.73207	0.01517	0.02299	0.01237	0.01938	0.01785	0.01177	0.06494	0.01052	0.01195	0.00732	0.00528	0.00520	0.00172	0.00784	0.00412	0.00258	0.00813
26	0.01315	0.01351	0.05750	0.04803	0.65100	0.01327	0.01641	0.01636	0.01196	0.01726	0.00993	0.01328	0.00838	0.00532	0.00656	0.00170	0.08063	0.00481	0.00264	0.00830
27	0.01003	0.00609	0.00800	0.00736	0.00905	0.00555	0.00566	0.01243	0.01504	0.12761	0.57969	0.06548	0.07451	0.01100	0.00636	0.00177	0.00299	0.03972	0.00599	0.00567
28	0.01227	0.00658	0.00875	0.00763	0.00972	0.00593	0.00593	0.01472	0.01548	0.22776	0.56734	0.03469	0.04111	0.00995	0.00617	0.00171	0.00313	0.00867	0.00620	0.00627
29	0.05282	0.35243	0.37877	0.01240	0.01852	0.04224	0.01431	0.04301	0.01185	0.01623	0.00883	0.01023	0.00698	0.00502	0.00440	0.00148	0.00694	0.00353	0.00249	0.00750
30	0.08588	0.05153	0.08549	0.01664	0.16740	0.10944	0.02457	0.07766	0.18784	0.01941	0.01225	0.01363	0.00969	0.00631	0.00672	0.00174	0.10787	0.00469	0.00356	0.00767
31	0.00724	0.00572	0.00667	0.00714	0.00868	0.00514	0.00572	0.00899	0.01241	0.01535	0.06163	0.10225	0.47034	0.01436	0.00683	0.00208	0.00351	0.24613	0.00507	0.00474

[dist]
# distance from previous block
# <min> <max>
0	2

[block]
# block no. 1 follows, 44 sequences, length 243
# corresponding to MSA columns:
# 103-235,249-358
name=unknown_B
#
# <colnr> <probs for GDERKNQSTAVLIFYWHMCP>
#	G	D	E	R	K	N	Q	S	T	A	V	L	I	F	Y	W	H	M	C	P
0	0.01836	0.06643	0.06764	0.01359	0.06557	0.09892	0.01092	0.37747	0.10999	0.07854	0.01344	0.01360	0.00984	0.00619	0.00523	0.00160	0.00623	0.00472	0.00463	0.02709
1	0.00677	0.00538	0.00608	0.00623	0.00765	0.00469	0.00455	0.00834	0.01273	0.01619	0.21326	0.19504	0.46617	0.01383	0.00654	0.00188	0.00280	0.01190	0.00528	0.00469
2	0.01135	0.00973	0.01132	0.00813	0.01294	0.00739	0.00650	0.01402	0.02600	0.01786	0.00993	0.01148	0.00824	0.00410	0.00407	0.00083	0.00404	0.00329	0.00328	0.82547
3	0.01432	0.01271	0.02057	0.06298	0.61791	0.01279	0.01536	0.07616	0.01350	0.05212	0.01093	0.01364	0.00882	0.00507	0.00535	0.00160	0.00630	0.00482	0.00311	0.04196
4	0.00747	0.00556	0.00694	0.00660	0.00799	0.00504	0.00495	0.00981	0.01484	0.02047	0.63137	0.04302	0.19246	0.01167	0.00643	0.00174	0.00261	0.01018	0.00582	0.00504
5	0.01219	0.04175	0.54750	0.01770	0.13488	0.04539	0.01805	0.04932	0.01239	0.01779	0.02345	0.01228	0.00808	0.00544	0.00558	0.00170	0.03166	0.00427	0.00259	0.00799
6	0.00947	0.00473	0.00710	0.00710	0.00710	0.00473	0.00473	0.00710	0.00710	0.00947	0.00947	0.01657	0.00947	0.01894	0.02131	0.84138	0.00473	0.00473	0.00237	0.00237
7	0.01507	0.74454	0.02745	0.00973	0.01424	0.08694	0.00943	0.01679	0.01145	0.01287	0.00765	0.00884	0.00700	0.00475	0.00362	0.00119	0.00617	0.00297	0.00237	0.00694
8	0.00791	0.00536	0.00634	0.00634	0.00647	0.00550	0.00379	0.00818	0.00804	0.01086	0.01682	0.03370	0.01896	0.70228	0.13271	0.00577	0.00657	0.00764	0.00325	0.00352
9	0.01101	0.02774	0.75708	0.01608	0.04646	0.01267	0.02004	0.01725	0.01154	0.01728	0.00980	0.01157	0.00696	0.00517	0.00519	0.00172	0.00801	0.00405	0.00231	0.00807
10	0.78005	0.01064	0.00897	0.03241	0.04936	0.01226	0.00672	0.01600	0.00948	0.02381	0.00779	0.00926	0.00608	0.00506	0.00354	0.00169	0.00442	0.00310	0.00331	0.00604
11	0.00644	0.00552	0.00552	0.00552	0.00736	0.00460	0.00414	0.00782	0.01243	0.01473	0.05523	0.05247	0.77218	0.01381	0.00644	0.00184	0.00276	0.01151	0.00506	0.00460
12	0.01193	0.01193	0.01670	0.01431	0.01431	0.01670	0.01193	0.01312	0.00835	0.01312	0.00716	0.01193	0.00716	0.00954	0.01789	0.00239	0.79843	0.00477	0.00239	0.00596
13	0.00780	0.00579	0.00852	0.00852	0.00942	0.00669	0.00652	0.00958	0.00869	0.01248	0.01482	0.02262	0.01415	0.10572	0.72269	0.00847	0.01382	0.00602	0.00295	0.00474
14	0.00792	0.00532	0.00614	0.00614	0.00621	0.00539	0.00354	0.00805	0.00799	0.01071	0.01700	0.03470	0.01940	0.75593	0.07965	0.00552	0.00592	0.00779	0.00328	0.00341
15	0.01458	0.81168	0.02857	0.00933	0.01399	0.02157	0.00933	0.01632	0.01108	0.01283	0.00758	0.00875	0.00700	0.00466	0.00350	0.00117	0.00583	0.00292	0.00233	0.00700
16	0.16922	0.06401	0.01492	0.01292	0.02956	0.59242	0.00975	0.02035	0.01405	0.01541	0.00827	0.00967	0.00685	0.00545	0.00457	0.00145	0.00855	0.00340	0.00288	0.00632
17	0.84691	0.01054	0.00801	0.00717	0.01054	0.01223	0.00590	0.01603	0.00928	0.02446	0.00759	0.00886	0.00590	0.00506	0.00337	0.00169	0.00422	0.00295	0.00337	0.00590
18	0.01130	0.00969	0.01130	0.00807	0.01292	0.00727	0.00646	0.01373	0.01130	0.01776	0.00969	0.01130	0.00807	0.00404	0.00404	0.00081	0.00404	0.00323	0.00323	0.84173
19	0.00664	0.00474	0.00633	0.00759	0.00791	0.00443	0.00506	0.00759	0.01044	0.01392	0.03005	0.80485	0.03606	0.01708	0.00696	0.00221	0.00316	0.01550	0.00506	0.00443
20	0.01410	0.01198	0.01263	0.01120	0.01438	0.01381	0.00876	0.08369	0.70895	0.02367	0.02150	0.01979	0.01609	0.00733	0.00554	0.00183	0.00444	0.00607	0.00554	0.00868
21	0.00991	0.00607	0.00795	0.00720	0.00889	0.00551	0.00550	0.01238	0.01536	0.12253	0.64967	0.03812	0.06832	0.01064	0.00630	0.00171	0.00285	0.00933	0.00607	0.00568
22	0.01287	0.01471	0.03217	0.02298	0.02849	0.01379	0.75460	0.01746	0.01287	0.01746	0.01103	0.01471	0.00827	0.00460	0.00643	0.00184	0.00919	0.00643	0.00276	0.00735
23	0.00779	0.00584	0.00876	0.00876	0.00974	0.00681	0.00681	0.00974	0.00876	0.01266	0.01460	0.02142	0.01363	0.04089	0.78680	0.00876	0.01460	0.00584	0.00292	0.00487
24	0.00683	0.00488	0.00655	0.00781	0.00821	0.00459	0.00540	0.00792	0.01063	0.01413	0.02994	0.73810	0.03564	0.01690	0.00701	0.00224	0.00333	0.08034	0.00506	0.00448
25	0.00749	0.00510	0.00608	0.00651	0.00662	0.00499	0.00391	0.00781	0.00879	0.01172	0.02159	0.29936	0.02539	0.53713	0.02062	0.00423	0.00456	0.01052	0.00391	0.00369
26	0.00772	0.00557	0.00729	0.00686	0.00814	0.00514	0.00514	0.01029	0.01543	0.02186	0.77152	0.04072	0.05144	0.01115	0.00643	0.00171	0.00257	0.00986	0.00600	0.00514
27	0.00664	0.00474	0.00633	0.00759	0.00791	0.00443	0.00506	0.00759	0.01044	0.01392	0.03005	0.80485	0.03606	0.01708	0.00696	0.00221	0.00316	0.01550	0.00506	0.00443
28	0.01458	0.81168	0.02857	0.00933	0.01399	0.02157	0.00933	0.01632	0.01108	0.01283	0.00758	0.00875	0.00700	0.00466	0.00350	0.00117	0.00583	0.00292	0.00233	0.00700
29	0.02260	0.00969	0.01260	0.00994	0.01396	0.00896	0.00812	0.02698	0.14342	0.64926	0.02162	0.01886	0.01403	0.00686	0.00549	0.00171	0.00458	0.00560	0.00654	0.00917
30	0.00680	0.00485	0.00650	0.00777	0.00815	0.00456	0.00533	0.00786	0.01059	0.01409	0.02996	0.75137	0.03572	0.01693	0.00700	0.00224	0.00330	0.06746	0.00506	0.00447
31	0.02037	0.02598	0.01545	0.01404	0.01685	0.78652	0.01053	0.02177	0.01545	0.01334	0.00843	0.00983	0.00702	0.00562	0.00492	0.00140	0.00983	0.00351	0.00281	0.00632
32	0.00793	0.00529	0.00595	0.00595	0.00595	0.00529	0.00330	0.00793	0.00793	0.01057	0.01718	0.03568	0.01982	0.80840	0.02775	0.00529	0.00529	0.00793	0.00330	0.00330
33	0.01016	0.00508	0.00508	0.00508	0.00635	0.00508	0.00381	0.01270	0.01143	0.02033	0.01778	0.02033	0.01397	0.00635	0.00381	0.00127	0.00254	0.00508	0.83867	0.00508
34	0.00793	0.00529	0.00595	0.00595	0.00595	0.00529	0.00330	0.00793	0.00793	0.01057	0.01718	0.03568	0.01982	0.80840	0.02775	0.00529	0.00529	0.00793	0.00330	0.00330
35	0.00947	0.00473	0.00710	0.00710	0.00710	0.00473	0.00473	0.00710	0.00710	0.00947	0.00947	0.01657	0.00947	0.01894	0.02131	0.84138	0.00473	0.00473	0.00237	0.00237
36	0.01130	0.00969	0.01130	0.00807	0.01292	0.00727	0.00646	0.01373	0.01130	0.01776	0.00969	0.01130	0.00807	0.00404	0.00404	0.00081	0.00404	0.00323	0.00323	0.84173
37	0.01458	0.81168	0.02857	0.00933	0.01399	0.02157	0.00933	0.01632	0.01108	0.01283	0.00758	0.00875	0.00700	0.00466	0.00350	0.00117	0.00583	0.00292	0.00233	0.00700
38	0.04943	0.08874	0.21237	0.02495	0.44882	0.03183	0.03392	0.01693	0.01201	0.01740	0.00976	0.01231	0.00789	0.00494	0.00510	0.00161	0.00686	0.00440	0.00260	0.00814
39	0.01364	0.60987	0.22217	0.01093	0.01647	0.01928	0.01211	0.01657	0.01119	0.01397	0.00815	0.00946	0.00697	0.00480	0.00393	0.00131	0.00640	0.00320	0.00232	0.00727
40	0.00685	0.00488	0.00651	0.00773	0.00811	0.00460	0.00530	0.00789	0.01052	0.01400	0.02954	0.72164	0.03517	0.04226	0.00767	0.00234	0.00338	0.07216	0.00500	0.00444
41	0.01782	0.01653	0.01593	0.01308	0.01620	0.20221	0.03996	0.34639	0.06521	0.02366	0.01280	0.01391	0.02915	0.00694	0.00724	0.00171	0.12780	0.00487	0.03092	0.00768
42	0.00779	0.00584	0.00876	0.00876	0.00974	0.00681	0.00681	0.00974	0.00876	0.01266	0.01460	0.02142	0.01363	0.04089	0.78680	0.00876	0.01460	0.00584	0.00292	0.00487
43	0.01439	0.77271	0.06595	0.00964	0.01447	0.02113	0.00987	0.01637	0.01110	0.01305	0.00769	0.00888	0.00699	0.00469	0.00358	0.00119	0.00594	0.00297	0.00233	0.00705
44	0.01369	0.06327	0.01718	0.01396	0.01478	0.16343	0.01150	0.01496	0.00987	0.01314	0.00742	0.01134	0.00712	0.00850	0.01455	0.00212	0.60019	0.00442	0.00246	0.00609
45	0.00664	0.00474	0.00633	0.00759	0.00791	0.00443	0.00506	0.00759	0.01044	0.01392	0.03005	0.80485	0.03606	0.01708	0.00696	0.00221	0.00316	0.01550	0.00506	0.00443
46	0.02446	0.00928	0.01265	0.00970	0.01392	0.00801	0.00801	0.02657	0.01560	0.77817	0.02151	0.01856	0.01350	0.00675	0.00548	0.00169	0.00464	0.00548	0.00675	0.00928
47	0.01678	0.01096	0.01308	0.05007	0.02977	0.01155	0.00898	0.36146	0.01877	0.15681	0.04292	0.17971	0.01790	0.00925	0.00591	0.00182	0.00509	0.04602	0.00539	0.00775
48	0.84691	0.01054	0.00801	0.00717	0.01054	0.01223	0.00590	0.01603	0.00928	0.02446	0.00759	0.00886	0.00590	0.00506	0.00337	0.00169	0.00422	0.00295	0.00337	0.00590
49	0.00664	0.00474	0.00633	0.00759	0.00791	0.00443	0.00506	0.00759	0.01044	0.01392	0.03005	0.80485	0.03606	0.01708	0.00696	0.00221	0.00316	0.01550	0.00506	0.00443
50	0.01391	0.01296	0.02112	0.08751	0.66717	0.03619	0.01608	0.01707	0.01252	0.04784	0.01061	0.01366	0.00868	0.00500	0.00539	0.00163	0.00656	0.00484	0.00284	0.00840
51	0.01548	0.06225	0.20541	0.06919	0.01716	0.04857	0.01133	0.03610	0.01343	0.26741	0.05766	0.11848	0.01604	0.00788	0.00556	0.00175	0.00576	0.02856	0.00451	0.00748
52	0.02298	0.00975	0.01271	0.00995	0.01403	0.00895	0.00815	0.04617	0.11102	0.66253	0.02137	0.01864	0.01378	0.00682	0.00549	0.00171	0.00463	0.00555	0.00656	0.00920
53	0.00664	0.00476	0.00631	0.00754	0.00789	0.00443	0.00504	0.00760	0.01048	0.01394	0.03063	0.78737	0.05315	0.01700	0.00695	0.00221	0.00315	0.01541	0.00506	0.00443
54	0.01144	0.01927	0.34471	0.01852	0.05403	0.01228	0.33212	0.01639	0.01226	0.01740	0.04946	0.06268	0.01155	0.00594	0.00589	0.00180	0.00791	0.00608	0.00286	0.00741
55	0.01854	0.03914	0.01706	0.05137	0.17062	0.39844	0.01176	0.10190	0.01545	0.08525	0.01048	0.01196	0.00819	0.00576	0.00551	0.00154	0.03206	0.00420	0.00339	0.00738
56	0.01449	0.79429	0.04525	0.00947	0.01421	0.02137	0.00957	0.01635	0.01109	0.01293	0.00763	0.00881	0.00699	0.00468	0.00354	0.00118	0.00588	0.00294	0.00233	0.00702
57	0.01360	0.01352	0.02032	0.04540	0.58205	0.07444	0.03257	0.01659	0.01246	0.01721	0.01083	0.01375	0.02251	0.00511	0.00553	0.00156	0.02199	0.00476	0.00279	0.08304
58	0.01842	0.01420	0.01540	0.01306	0.05363	0.03054	0.01010	0.53174	0.16143	0.03006	0.01471	0.01479	0.01080	0.00750	0.02608	0.00185	0.00593	0.00514	0.02578	0.00884
59	0.02015	0.00833	0.01121	0.00892	0.01242	0.00726	0.00724	0.02232	0.01543	0.58569	0.18085	0.02470	0.05456	0.00798	0.00572	0.00170	0.00412	0.00667	0.00652	0.00820
60	0.00752	0.00511	0.00607	0.00647	0.00657	0.00501	0.00386	0.00782	0.00872	0.01163	0.02124	0.27862	0.02495	0.55846	0.02118	0.00432	0.00462	0.01032	0.00386	0.00366
61	0.01455	0.76079	0.06042	0.00970	0.01447	0.03812	0.00982	0.01649	0.01119	0.01303	0.00769	0.00889	0.00699	0.00471	0.00360	0.00120	0.00601	0.00298	0.00234	0.00703
62	0.02401	0.00944	0.01269	0.00975	0.01392	0.00830	0.00805	0.05389	0.01598	0.73603	0.03506	0.01876	0.01404	0.00682	0.00550	0.00169	0.00465	0.00554	0.00668	0.00920
63	0.01458	0.72405	0.02747	0.01071	0.04724	0.04123	0.00979	0.01636	0.01114	0.01307	0.00770	0.00911	0.00707	0.00489	0.00419	0.00124	0.03770	0.00309	0.00236	0.00701
64	0.01079	0.00999	0.01636	0.74189	0.03607	0.01243	0.01485	0.04628	0.01148	0.01480	0.00978	0.01441	0.00735	0.00560	0.00576	0.00182	0.02674	0.00485	0.00255	0.00619
65	0.00664	0.00474	0.00633	0.00759	0.00791	0.00443	0.00506	0.00759	0.01044	0.01392	0.03005	0.80485	0.03606	0.01708	0.00696	0.00221	0.00316	0.01550	0.00506	0.00443
66	0.01297	0.01442	0.03053	0.02469	0.15047	0.01365	0.63393	0.01734	0.01279	0.01752	0.01090	0.01451	0.00833	0.00464	0.00626	0.00180	0.00875	0.00618	0.00275	0.00756
67	0.01537	0.01450	0.01949	0.02587	0.49832	0.09944	0.01432	0.15283	0.03396	0.02040	0.01170	0.01533	0.00979	0.00577	0.00545	0.00164	0.00664	0.03745	0.00339	0.00833
68	0.00770	0.00571	0.00818	0.00825	0.00918	0.00642	0.00627	0.00945	0.00907	0.01287	0.01806	0.06727	0.05957	0.08726	0.63301	0.00762	0.01243	0.00682	0.02013	0.00473
69	0.01387	0.03634	0.01296	0.01113	0.01428	0.02811	0.00872	0.04385	0.71223	0.02257	0.02130	0.01964	0.01602	0.00726	0.00547	0.00182	0.00450	0.00599	0.00540	0.00855
70	0.84691	0.01054	0.00801	0.00717	0.01054	0.01223	0.00590	0.01603	0.00928	0.02446	0.00759	0.00886	0.00590	0.00506	0.00337	0.00169	0.00422	0.00295	0.00337	0.00590
71	0.01165	0.00941	0.01094	0.00802	0.01255	0.00730	0.00640	0.01442	0.03447	0.04832	0.01279	0.01395	0.04206	0.00475	0.00424	0.00093	0.00397	0.00383	0.03028	0.71973
72	0.01267	0.01729	0.21048	0.02020	0.03935	0.01290	0.49710	0.01746	0.01263	0.04783	0.01202	0.01639	0.00931	0.00535	0.00613	0.00183	0.00848	0.04216	0.00292	0.00751
73	0.00664	0.00474	0.00633	0.00759	0.00791	0.00443	0.00506	0.00759	0.01044	0.01392	0.03005	0.80485	0.03606	0.01708	0.00696	0.00221	0.00316	0.01550	0.00506	0.00443
74	0.01038	0.00986	0.01690	0.76848	0.03723	0.01217	0.04081	0.01405	0.01097	0.01405	0.00974	0.01454	0.00730	0.00542	0.00548	0.00182	0.00733	0.00490	0.00243	0.00610
75	0.01286	0.05240	0.37319	0.02148	0.26516	0.03663	0.08474	0.01746	0.01211	0.04350	0.01028	0.01253	0.00783	0.00515	0.00554	0.00168	0.02222	0.00452	0.00264	0.00809
76	0.00712	0.00511	0.00685	0.00803	0.00862	0.00484	0.00583	0.00845	0.01106	0.01462	0.04650	0.60721	0.05775	0.01642	0.00705	0.00226	0.00353	0.16911	0.00507	0.00457
77	0.00667	0.00476	0.00632	0.00756	0.00787	0.00445	0.00502	0.00760	0.01038	0.01385	0.02977	0.78843	0.03571	0.03396	0.00740	0.00228	0.00321	0.01534	0.00502	0.00440
78	0.01597	0.01879	0.05289	0.05250	0.36902	0.32139	0.05723	0.01870	0.01356	0.01584	0.00953	0.01206	0.00785	0.00518	0.00526	0.00156	0.00807	0.00438	0.00272	0.00752
79	0.00947	0.00473	0.00710	0.00710	0.00710	0.00473	0.00473	0.00710	0.00710	0.00947	0.00947	0.01657	0.00947	0.01894	0.02131	0.84138	0.00473	0.00473	0.00237	0.00237
80	0.01213	0.01020	0.01174	0.00852	0.01328	0.00821	0.00683	0.07480	0.03128	0.01925	0.01028	0.01168	0.00839	0.00433	0.00419	0.00090	0.00420	0.00344	0.00347	0.75289
81	0.01077	0.01001	0.01660	0.73744	0.06860	0.01230	0.01506	0.03782	0.01144	0.01475	0.00982	0.01444	0.00739	0.00546	0.00545	0.00180	0.00719	0.00485	0.00253	0.00627
82	0.01193	0.01093	0.05032	0.02464	0.01445	0.00816	0.02358	0.04294	0.01198	0.03371	0.01009	0.01167	0.00816	0.00429	0.00426	0.00095	0.00450	0.00348	0.00331	0.71666
83	0.00664	0.00474	0.00633	0.00759	0.00791	0.00443	0.00506	0.00759	0.01044	0.01392	0.03005	0.80485	0.03606	0.01708	0.00696	0.00221	0.00316	0.01550	0.00506	0.00443
84	0.01130	0.00969	0.01130	0.00807	0.01292	0.00727	0.00646	0.01373	0.01130	0.01776	0.00969	0.01130	0.00807	0.00404	0.00404	0.00081	0.00404	0.00323	0.00323	0.84173
85	0.00661	0.00486	0.00621	0.00729	0.00783	0.00445	0.00492	0.00763	0.01073	0.01404	0.03377	0.69358	0.14492	0.01660	0.00688	0.00216	0.00310	0.01491	0.00506	0.00445
86	0.01102	0.02761	0.74754	0.01586	0.02381	0.01271	0.05217	0.01727	0.01157	0.01727	0.00984	0.01165	0.00697	0.00515	0.00523	0.00173	0.00811	0.00413	0.00232	0.00803
87	0.01344	0.53107	0.28368	0.01152	0.01731	0.03258	0.01302	0.01674	0.01130	0.01434	0.00834	0.00970	0.00697	0.00486	0.00410	0.00136	0.00666	0.00330	0.00233	0.00734
88	0.01093	0.02820	0.78016	0.01554	0.02360	0.01266	0.02014	0.01727	0.01151	0.01727	0.00978	0.01151	0.00691	0.00518	0.00518	0.00173	0.00806	0.00403	0.00230	0.00806
89	0.01030	0.00969	0.01635	0.79530	0.03755	0.01211	0.01514	0.01393	0.01090	0.01393	0.00969	0.01453	0.00727	0.00545	0.00545	0.00182	0.00727	0.00484	0.00242	0.00606
90	0.01002	0.00611	0.00781	0.00710	0.00889	0.00548	0.00542	0.01231	0.01491	0.13413	0.53774	0.05328	0.15367	0.01099	0.00630	0.00174	0.00292	0.00955	0.00596	0.00567
91	0.01030	0.00969	0.01635	0.79530	0.03755	0.01211	0.01514	0.01393	0.01090	0.01393	0.00969	0.01453	0.00727	0.00545	0.00545	0.00182	0.00727	0.00484	0.00242	0.00606
92	0.00664	0.00474	0.00633	0.00759	0.00791	0.00443	0.00506	0.00759	0.01044	0.01392	0.03005	0.80485	0.03606	0.01708	0.00696	0.00221	0.00316	0.01550	0.00506	0.00443
93	0.00681	0.00489	0.00650	0.00773	0.00816	0.00458	0.00533	0.00789	0.01066	0.01413	0.03058	0.72703	0.05407	0.01684	0.00699	0.00223	0.00330	0.07275	0.00506	0.00448
94	0.01254	0.01197	0.01646	0.08007	0.01632	0.03494	0.01199	0.01399	0.00906	0.04655	0.00803	0.01238	0.00744	0.00898	0.01598	0.00228	0.67752	0.00478	0.00259	0.00612
95	0.01093	0.02820	0.78016	0.01554	0.02360	0.01266	0.02014	0.01727	0.01151	0.01727	0.00978	0.01151	0.00691	0.00518	0.00518	0.00173	0.00806	0.00403	0.00230	0.00806
96	0.00772	0.00557	0.00729	0.00686	0.00814	0.00514	0.00514	0.01029	0.01543	0.02186	0.77152	0.04072	0.05144	0.01115	0.00643	0.00171	0.00257	0.00986	0.00600	0.00514
97	0.84691	0.01054	0.00801	0.00717	0.01054	0.01223	0.00590	0.01603	0.00928	0.02446	0.00759	0.00886	0.00590	0.00506	0.00337	0.00169	0.00422	0.00295	0.00337	0.00590
98	0.00875	0.00656	0.00806	0.03224	0.02714	0.00677	0.00581	0.04739	0.07374	0.01499	0.02456	0.35011	0.06883	0.24262	0.01280	0.00298	0.01890	0.02348	0.01936	0.00490
99	0.01070	0.02652	0.72263	0.01489	0.02245	0.01210	0.01903	0.01675	0.01180	0.01761	0.06648	0.01368	0.01022	0.00562	0.00527	0.00173	0.00765	0.00446	0.00258	0.00784
100	0.00664	0.00474	0.00633	0.00759	0.00791	0.00443	0.00506	0.00759	0.01044	0.01392	0.03005	0.80485	0.03606	0.01708	0.00696	0.00221	0.00316	0.01550	0.00506	0.00443
101	0.01161	0.02726	0.74198	0.01525	0.02311	0.01243	0.01954	0.01773	0.01171	0.05511	0.01037	0.01186	0.00723	0.00526	0.00519	0.00172	0.00789	0.00410	0.00252	0.00812
102	0.01120	0.01080	0.01741	0.62850	0.17530	0.03579	0.01530	0.01469	0.01132	0.01464	0.00976	0.01420	0.00752	0.00534	0.00542	0.00177	0.00720	0.00481	0.00249	0.00655
103	0.02048	0.03755	0.01644	0.01283	0.01682	0.20527	0.01038	0.55830	0.02278	0.02869	0.01181	0.01218	0.00867	0.00627	0.00527	0.00157	0.00693	0.00452	0.00473	0.00849
104	0.00793	0.00529	0.00595	0.00595	0.00595	0.00529	0.00330	0.00793	0.00793	0.01057	0.01718	0.03568	0.01982	0.80840	0.02775	0.00529	0.00529	0.00793	0.00330	0.00330
105	0.32801	0.15120	0.21885	0.01173	0.04966	0.05511	0.01136	0.01715	0.01092	0.05673	0.00901	0.01041	0.00697	0.00531	0.00474	0.00162	0.03774	0.00355	0.00298	0.00698
106	0.84691	0.01054	0.00801	0.00717	0.01054	0.01223	0.00590	0.01603	0.00928	0.02446	0.00759	0.00886	0.00590	0.00506	0.00337	0.00169	0.00422	0.00295	0.00337	0.00590
107	0.01358	0.01542	0.12518	0.02809	0.51504	0.01331	0.11943	0.07006	0.01331	0.01888	0.01050	0.01337	0.00840	0.00499	0.00552	0.00167	0.00703	0.00497	0.00285	0.00842
108	0.02446	0.00928	0.01265	0.00970	0.01392	0.00801	0.00801	0.02657	0.01560	0.77817	0.02151	0.01856	0.01350	0.00675	0.00548	0.00169	0.00464	0.00548	0.00675	0.00928
109	0.01932	0.01151	0.01345	0.01061	0.01432	0.01189	0.00865	0.36827	0.04292	0.26630	0.13853	0.01967	0.01773	0.00807	0.02146	0.00182	0.00514	0.00595	0.00590	0.00850
110	0.01878	0.02276	0.01701	0.01851	0.19220	0.59246	0.01196	0.03493	0.01495	0.01479	0.00894	0.01074	0.00744	0.00546	0.00504	0.00146	0.00898	0.00385	0.00284	0.00691
111	0.00663	0.00481	0.00626	0.00742	0.00786	0.00444	0.00499	0.00761	0.01060	0.01398	0.03209	0.74381	0.09578	0.01681	0.00692	0.00218	0.00313	0.01517	0.00506	0.00444
112	0.00766	0.00557	0.00721	0.00680	0.00811	0.00512	0.00510	0.01018	0.01530	0.02155	0.74029	0.04124	0.08287	0.01126	0.00643	0.00172	0.00258	0.00993	0.00596	0.00512
113	0.01294	0.04313	0.35568	0.03487	0.23389	0.01228	0.02975	0.03480	0.04251	0.07865	0.01264	0.06231	0.01021	0.00605	0.00537	0.00171	0.00677	0.00522	0.00316	0.00806
114	0.02044	0.01383	0.01589	0.05111	0.01750	0.01495	0.02598	0.57211	0.02275	0.15267	0.01432	0.01421	0.00992	0.00648	0.00545	0.00165	0.00585	0.00503	0.02088	0.00899
115	0.01488	0.00713	0.00811	0.00698	0.00931	0.00695	0.00552	0.08562	0.01385	0.21972	0.01832	0.01919	0.01341	0.00647	0.00440	0.00141	0.00341	0.00517	0.54356	0.00657
116	0.55983	0.10136	0.03056	0.04460	0.07118	0.08371	0.00827	0.01657	0.01040	0.02102	0.00801	0.00960	0.00642	0.00507	0.00381	0.00160	0.00530	0.00325	0.00309	0.00633
117	0.08537	0.01651	0.01888	0.02514	0.47325	0.23179	0.01388	0.04055	0.01341	0.01761	0.00960	0.01206	0.00797	0.00514	0.00509	0.00156	0.00722	0.00432	0.00287	0.00777
118	0.02072	0.01527	0.01636	0.01254	0.01691	0.01691	0.01036	0.75622	0.02563	0.03436	0.01309	0.01309	0.00927	0.00654	0.00545	0.00164	0.00600	0.00491	0.00545	0.00927
119	0.02407	0.00919	0.01253	0.00963	0.01378	0.00795	0.00795	0.02619	0.01560	0.76039	0.03914	0.01908	0.01439	0.00685	0.00550	0.00169	0.00459	0.00559	0.00673	0.00918
120	0.03098	0.00875	0.05204	0.00881	0.01183	0.00727	0.00739	0.01861	0.04641	0.35567	0.31246	0.06932	0.02909	0.00893	0.00588	0.00174	0.00392	0.00763	0.00601	0.00725
121	0.01681	0.05394	0.01775	0.01979	0.30095	0.11562	0.01208	0.10656	0.15661	0.12418	0.01400	0.01471	0.01059	0.00588	0.00529	0.00162	0.00617	0.00492	0.00411	0.00841
122	0.00664	0.00474	0.00633	0.00759	0.00791	0.00443	0.00506	0.00759	0.01044	0.01392	0.03005	0.80485	0.03606	0.01708	0.00696	0.00221	0.00316	0.01550	0.00506	0.00443
123	0.00752	0.00556	0.00701	0.00665	0.00802	0.00506	0.00499	0.00991	0.01497	0.02076	0.66089	0.04254	0.16276	0.01156	0.00643	0.00173	0.00260	0.01011	0.00586	0.00506
124	0.02035	0.07063	0.18407	0.01128	0.01640	0.01099	0.01105	0.10501	0.01550	0.47306	0.01700	0.01570	0.01111	0.00623	0.00527	0.00165	0.00563	0.00492	0.00531	0.00885
125	0.00730	0.00541	0.00689	0.00788	0.00851	0.00527	0.00543	0.00956	0.07525	0.01490	0.04329	0.68675	0.05403	0.01601	0.00683	0.00217	0.00328	0.03129	0.00512	0.00482
126	0.00722	0.00559	0.00660	0.00645	0.00798	0.00497	0.00491	0.00927	0.01397	0.01845	0.41896	0.04698	0.36376	0.01252	0.00650	0.00181	0.00279	0.05081	0.00554	0.00490
127	0.01710	0.01092	0.01243	0.01064	0.01409	0.01176	0.00843	0.02819	0.52113	0.26831	0.02197	0.01976	0.01562	0.00719	0.00553	0.00180	0.00442	0.00594	0.00594	0.00884
128	0.07209	0.01081	0.01657	0.46619	0.08312	0.01262	0.05753	0.10672	0.01285	0.01793	0.01101	0.01597	0.00876	0.00603	0.00579	0.00181	0.03084	0.03677	0.01997	0.00664
129	0.01236	0.01268	0.01611	0.01394	0.01416	0.07480	0.01146	0.01353	0.00892	0.01309	0.00800	0.02941	0.00808	0.02935	0.01691	0.00238	0.70144	0.00498	0.00250	0.00589
130	0.00793	0.00529	0.00595	0.00595	0.00595	0.00529	0.00330	0.00793	0.00793	0.01057	0.01718	0.03568	0.01982	0.80840	0.02775	0.00529	0.00529	0.00793	0.00330	0.00330
131	0.01157	0.00968	0.01133	0.00811	0.01294	0.00728	0.00649	0.01398	0.01139	0.03284	0.00992	0.01145	0.00818	0.00409	0.00407	0.00082	0.00405	0.00327	0.00330	0.82523
132	0.84691	0.01054	0.00801	0.00717	0.01054	0.01223	0.00590	0.01603	0.00928	0.02446	0.00759	0.00886	0.00590	0.00506	0.00337	0.00169	0.00422	0.00295	0.00337	0.00590
133	0.00793	0.00529	0.00595	0.00595	0.00595	0.00529	0.00330	0.00793	0.00793	0.01057	0.01718	0.03568	0.01982	0.80840	0.02775	0.00529	0.00529	0.00793	0.00330	0.00330
134	0.01030	0.00969	0.01635	0.79530	0.03755	0.01211	0.01514	0.01393	0.01090	0.01393	0.00969	0.01453	0.00727	0.00545	0.00545	0.00182	0.00727	0.00484	0.00242	0.00606
135	0.01458	0.81168	0.02857	0.00933	0.01399	0.02157	0.00933	0.01632	0.01108	0.01283	0.00758	0.00875	0.00700	0.00466	0.00350	0.00117	0.00583	0.00292	0.00233	0.00700
136	0.01193	0.01193	0.01670	0.01431	0.01431	0.01670	0.01193	0.01312	0.00835	0.01312	0.00716	0.01193	0.00716	0.00954	0.01789	0.00239	0.79843	0.00477	0.00239	0.00596
137	0.01824	0.01404	0.01496	0.01204	0.01596	0.01575	0.00976	0.50390	0.28199	0.03035	0.01625	0.01560	0.01183	0.00684	0.00549	0.00171	0.00541	0.00534	0.00549	0.00905
138	0.00739	0.00535	0.00698	0.00709	0.00811	0.00494	0.00516	0.00945	0.01384	0.01924	0.52083	0.26243	0.06855	0.01302	0.00660	0.00188	0.00280	0.02574	0.00568	0.00492
139	0.00779	0.00584	0.00876	0.00876	0.00974	0.00681	0.00681	0.00974	0.00876	0.01266	0.01460	0.02142	0.01363	0.04089	0.78680	0.00876	0.01460	0.00584	0.00292	0.00487
140	0.01340	0.01285	0.02195	0.05666	0.75196	0.01293	0.01668	0.01665	0.01237	0.01769	0.01024	0.01352	0.00859	0.00488	0.00540	0.00163	0.00650	0.00486	0.00269	0.00856
141	0.84691	0.01054	0.00801	0.00717	0.01054	0.01223	0.00590	0.01603	0.00928	0.02446	0.00759	0.00886	0.00590	0.00506	0.00337	0.00169	0.00422	0.00295	0.00337	0.00590
142	0.01191	0.01203	0.01798	0.06059	0.01687	0.01619	0.07484	0.01353	0.00888	0.01353	0.00763	0.01231	0.00726	0.00889	0.01620	0.00231	0.68563	0.00492	0.00242	0.00609
143	0.01287	0.01471	0.03217	0.02298	0.02849	0.01379	0.75460	0.01746	0.01287	0.01746	0.01103	0.01471	0.00827	0.00460	0.00643	0.00184	0.00919	0.00643	0.00276	0.00735
144	0.00753	0.00557	0.00703	0.00666	0.00803	0.00506	0.00500	0.00993	0.01499	0.02081	0.66626	0.04245	0.15735	0.01154	0.00643	0.00173	0.00260	0.01010	0.00586	0.00506
145	0.00793	0.00529	0.00595	0.00595	0.00595	0.00529	0.00330	0.00793	0.00793	0.01057	0.01718	0.03568	0.01982	0.80840	0.02775	0.00529	0.00529	0.00793	0.00330	0.00330
146	0.00670	0.00481	0.00627	0.00740	0.00778	0.00448	0.00492	0.00762	0.01041	0.01378	0.03063	0.72720	0.07183	0.05830	0.00802	0.00236	0.00325	0.01490	0.00497	0.00438
147	0.00819	0.00649	0.00898	0.00893	0.00996	0.03179	0.00693	0.01012	0.00898	0.01268	0.01441	0.02105	0.01342	0.03976	0.76176	0.00853	0.01445	0.00577	0.00292	0.00491
148	0.01349	0.01295	0.02213	0.03346	0.77440	0.01295	0.01673	0.01673	0.01241	0.01781	0.01025	0.01349	0.00864	0.00486	0.00540	0.00162	0.00648	0.00486	0.00270	0.00864
149	0.01030	0.00969	0.01635	0.79530	0.03755	0.01211	0.01514	0.01393	0.01090	0.01393	0.00969	0.01453	0.00727	0.00545	0.00545	0.00182	0.00727	0.00484	0.00242	0.00606
150	0.02446	0.00928	0.01265	0.00970	0.01392	0.00801	0.00801	0.02657	0.01560	0.77817	0.02151	0.01856	0.01350	0.00675	0.00548	0.00169	0.00464	0.00548	0.00675	0.00928
151	0.01287	0.01471	0.03217	0.02298	0.02849	0.01379	0.75460	0.01746	0.01287	0.01746	0.01103	0.01471	0.00827	0.00460	0.00643	0.00184	0.00919	0.00643	0.00276	0.00735
152	0.00644	0.00552	0.00552	0.00552	0.00736	0.00460	0.00414	0.00782	0.01243	0.01473	0.05523	0.05247	0.77218	0.01381	0.00644	0.00184	0.00276	0.01151	0.00506	0.00460
153	0.00790	0.00527	0.00595	0.00598	0.00599	0.00527	0.00334	0.00792	0.00799	0.01065	0.01748	0.05357	0.02020	0.79000	0.02726	0.00521	0.00524	0.00810	0.00334	0.00333
154	0.01698	0.00762	0.01025	0.00843	0.01134	0.00673	0.00673	0.01929	0.01553	0.44014	0.35672	0.02846	0.03045	0.00871	0.00591	0.00170	0.00372	0.00744	0.00641	0.00743
155	0.04935	0.00946	0.01260	0.00969	0.01388	0.00835	0.00800	0.04320	0.01564	0.73801	0.02089	0.01813	0.01317	0.00669	0.00542	0.00169	0.00466	0.00539	0.00662	0.00918
156	0.01458	0.81168	0.02857	0.00933	0.01399	0.02157	0.00933	0.01632	0.01108	0.01283	0.00758	0.00875	0.00700	0.00466	0.00350	0.00117	0.00583	0.00292	0.00233	0.00700
157	0.00669	0.00478	0.00637	0.00756	0.00792	0.00446	0.00506	0.00772	0.01068	0.01430	0.06605	0.76774	0.03680	0.01679	0.00693	0.00219	0.00313	0.01522	0.00511	0.00446
158	0.00940	0.00478	0.00717	0.00717	0.00722	0.00483	0.00483	0.00722	0.00717	0.00961	0.00969	0.01678	0.00965	0.01990	0.05471	0.80505	0.00517	0.00478	0.00239	0.00248
159	0.80125	0.01115	0.00844	0.00751	0.01089	0.03714	0.00616	0.03340	0.00986	0.02433	0.00775	0.00899	0.00602	0.00511	0.00347	0.00168	0.00444	0.00302	0.00340	0.00600
160	0.02446	0.00928	0.01265	0.00970	0.01392	0.00801	0.00801	0.02657	0.01560	0.77817	0.02151	0.01856	0.01350	0.00675	0.00548	0.00169	0.00464	0.00548	0.00675	0.00928
161	0.00792	0.00530	0.00601	0.00601	0.00603	0.00532	0.00339	0.00797	0.00795	0.01062	0.01712	0.03534	0.01968	0.79055	0.04540	0.00537	0.00550	0.00788	0.00329	0.00334
162	0.07898	0.04065	0.03493	0.06012	0.64516	0.01316	0.01562	0.01656	0.01204	0.01800	0.00992	0.01297	0.00828	0.00490	0.00517	0.00162	0.00634	0.00462	0.00272	0.00825
163	0.84691	0.01054	0.00801	0.00717	0.01054	0.01223	0.00590	0.01603	0.00928	0.02446	0.00759	0.00886	0.00590	0.00506	0.00337	0.00169	0.00422	0.00295	0.00337	0.00590
164	0.02862	0.01498	0.08119	0.07284	0.14320	0.01344	0.52862	0.01708	0.01251	0.01741	0.01067	0.01417	0.00812	0.00474	0.00607	0.00179	0.00848	0.00586	0.00271	0.00749
165	0.65391	0.01282	0.00984	0.03579	0.01274	0.11166	0.00713	0.06879	0.01128	0.02337	0.00816	0.00948	0.00633	0.00525	0.00379	0.00165	0.00517	0.00323	0.00341	0.00620
166	0.00763	0.00572	0.00812	0.00818	0.00912	0.00638	0.00620	0.00931	0.00909	0.01272	0.01915	0.05959	0.08325	0.10341	0.61746	0.00756	0.01224	0.00695	0.00324	0.00469
167	0.84691	0.01054	0.00801	0.00717	0.01054	0.01223	0.00590	0.01603	0.00928	0.02446	0.00759	0.00886	0.00590	0.00506	0.00337	0.00169	0.00422	0.00295	0.00337	0.00590
168	0.01335	0.14008	0.50688	0.03138	0.05961	0.04035	0.01665	0.01817	0.01205	0.09709	0.01068	0.01196	0.00772	0.00527	0.00497	0.00163	0.00733	0.00406	0.00282	0.00796
169	0.00793	0.00529	0.00595	0.00595	0.00595	0.00529	0.00330	0.00793	0.00793	0.01057	0.01718	0.03568	0.01982	0.80840	0.02775	0.00529	0.00529	0.00793	0.00330	0.00330
170	0.01463	0.06677	0.10158	0.06475	0.14141	0.16576	0.01246	0.08220	0.01299	0.04961	0.01044	0.01322	0.00859	0.01035	0.10142	0.00255	0.12661	0.00451	0.00304	0.00708
171	0.01458	0.81168	0.02857	0.00933	0.01399	0.02157	0.00933	0.01632	0.01108	0.01283	0.00758	0.00875	0.00700	0.00466	0.00350	0.00117	0.00583	0.00292	0.00233	0.00700
172	0.00652	0.00554	0.00563	0.00565	0.00747	0.00465	0.00426	0.00796	0.01250	0.01493	0.07177	0.05238	0.73929	0.01377	0.00647	0.00185	0.00280	0.02684	0.00508	0.00462
173	0.29251	0.01375	0.01359	0.03947	0.07512	0.08512	0.00935	0.28474	0.03028	0.09018	0.01138	0.01207	0.00833	0.00583	0.00472	0.00164	0.00570	0.00420	0.00431	0.00772
174	0.02061	0.01452	0.01572	0.01209	0.01634	0.01590	0.00998	0.68164	0.02447	0.08358	0.01381	0.01371	0.00972	0.00655	0.00540	0.00163	0.00579	0.00495	0.03447	0.00913
175	0.00657	0.00546	0.00574	0.00582	0.00748	0.00463	0.00431	0.00801	0.01250	0.01526	0.11317	0.11820	0.64635	0.01387	0.00649	0.00186	0.00278	0.01172	0.00514	0.00463
176	0.01356	0.01171	0.01233	0.01109	0.01418	0.01356	0.00863	0.02897	0.76455	0.02281	0.02219	0.02034	0.01664	0.00740	0.00555	0.00185	0.00431	0.00616	0.00555	0.00863
177	0.00710	0.00572	0.00644	0.00676	0.00843	0.00506	0.00540	0.00882	0.01255	0.01536	0.07008	0.05449	0.55470	0.01406	0.00673	0.00201	0.00335	0.20314	0.00508	0.00473
178	0.00844	0.00573	0.00666	0.00672	0.00703	0.00578	0.00429	0.03118	0.00912	0.01210	0.01869	0.03861	0.02112	0.67278	0.02424	0.00479	0.00527	0.11013	0.00361	0.00373
179	0.02446	0.00928	0.01265	0.00970	0.01392	0.00801	0.00801	0.02657	0.01560	0.77817	0.02151	0.01856	0.01350	0.00675	0.00548	0.00169	0.00464	0.00548	0.00675	0.00928
180	0.01458	0.81168	0.02857	0.00933	0.01399	0.02157	0.00933	0.01632	0.01108	0.01283	0.00758	0.00875	0.00700	0.00466	0.00350	0.00117	0.00583	0.00292	0.00233	0.00700
181	0.00779	0.00584	0.00876	0.00876	0.00974	0.00681	0.00681	0.00974	0.00876	0.01266	0.01460	0.02142	0.01363	0.04089	0.78680	0.00876	0.01460	0.00584	0.00292	0.00487
182	0.00658	0.00553	0.00572	0.00567	0.00745	0.00466	0.00425	0.00809	0.01276	0.01551	0.13374	0.05118	0.69318	0.01352	0.00644	0.00183	0.00274	0.01133	0.00517	0.00466
183	0.00755	0.00552	0.00710	0.00681	0.00807	0.00506	0.00507	0.00993	0.01489	0.02083	0.67141	0.09137	0.10255	0.01172	0.00647	0.00176	0.00262	0.01035	0.00587	0.00506
184	0.01130	0.00969	0.01130	0.00807	0.01292	0.00727	0.00646	0.01373	0.01130	0.01776	0.00969	0.01130	0.00807	0.00404	0.00404	0.00081	0.00404	0.00323	0.00323	0.84173
185	0.02446	0.00928	0.01265	0.00970	0.01392	0.00801	0.00801	0.02657	0.01560	0.77817	0.02151	0.01856	0.01350	0.00675	0.00548	0.00169	0.00464	0.00548	0.00675	0.00928
186	0.00772	0.00557	0.00729	0.00686	0.00814	0.00514	0.00514	0.01029	0.01543	0.02186	0.77152	0.04072	0.05144	0.01115	0.00643	0.00171	0.00257	0.00986	0.00600	0.00514
187	0.00664	0.00474	0.00633	0.00759	0.00791	0.00443	0.00506	0.00759	0.01044	0.01392	0.03005	0.80485	0.03606	0.01708	0.00696	0.00221	0.00316	0.01550	0.00506	0.00443
188	0.01110	0.01201	0.05424	0.52739	0.03420	0.01264	0.23951	0.01515	0.01152	0.01515	0.01010	0.01446	0.00756	0.00518	0.00574	0.00182	0.00788	0.00529	0.00252	0.00654
189	0.01337	0.03106	0.10990	0.02046	0.05826	0.04036	0.49491	0.01750	0.01248	0.05465	0.01103	0.01417	0.00838	0.00601	0.02503	0.00198	0.06444	0.00575	0.00287	0.00738
190	0.00702	0.00474	0.00643	0.00753	0.00780	0.00447	0.00502	0.00753	0.00999	0.01332	0.02730	0.69970	0.03251	0.01733	0.00887	0.11415	0.00337	0.01406	0.00470	0.00415
191	0.84691	0.01054	0.00801	0.00717	0.01054	0.01223	0.00590	0.01603	0.00928	0.02446	0.00759	0.00886	0.00590	0.00506	0.00337	0.00169	0.00422	0.00295	0.00337	0.00590
192	0.00763	0.00564	0.00677	0.00644	0.00799	0.00501	0.00485	0.00976	0.01435	0.03608	0.49622	0.04447	0.31085	0.01201	0.00641	0.00176	0.00269	0.01036	0.00568	0.00504
193	0.00664	0.00474	0.00633	0.00759	0.00791	0.00443	0.00506	0.00759	0.01044	0.01392	0.03005	0.80485	0.03606	0.01708	0.00696	0.00221	0.00316	0.01550	0.00506	0.00443
194	0.01282	0.01336	0.05761	0.23349	0.47756	0.04647	0.01588	0.01672	0.04222	0.01676	0.01048	0.01379	0.00844	0.00517	0.00539	0.00168	0.00683	0.00481	0.00272	0.00782
195	0.00789	0.00580	0.00855	0.00855	0.00952	0.00671	0.00662	0.00982	0.00885	0.01292	0.01479	0.02168	0.01378	0.05588	0.73925	0.00839	0.01392	0.00586	0.03639	0.00484
196	0.09473	0.01502	0.04408	0.05544	0.01772	0.01606	0.01059	0.62048	0.02281	0.03169	0.01228	0.01273	0.00877	0.00630	0.00525	0.00165	0.00598	0.00469	0.00498	0.00874
197	0.01742	0.01350	0.03294	0.01164	0.01603	0.01349	0.03913	0.47314	0.02034	0.05569	0.01335	0.05431	0.01046	0.00642	0.00524	0.00149	0.00553	0.00514	0.00479	0.19996
198	0.01864	0.05621	0.01498	0.02773	0.04847	0.11225	0.00953	0.23777	0.16978	0.18303	0.01586	0.01547	0.01141	0.00644	0.00522	0.00162	0.00573	0.00500	0.04651	0.00834
199	0.00668	0.00477	0.00636	0.00757	0.00792	0.00445	0.00506	0.00769	0.01061	0.01420	0.05627	0.77783	0.03660	0.01687	0.00694	0.00220	0.00314	0.01530	0.00509	0.00445
200	0.03858	0.06776	0.01401	0.01009	0.01402	0.01111	0.00840	0.19412	0.04718	0.43053	0.06358	0.01861	0.01464	0.00695	0.00536	0.00165	0.00486	0.01892	0.02103	0.00861
201	0.01735	0.08176	0.05415	0.04735	0.06987	0.15662	0.01061	0.34386	0.01847	0.02402	0.01187	0.01307	0.00902	0.00596	0.00497	0.00152	0.00644	0.00446	0.11087	0.00776
202	0.01302	0.01002	0.01121	0.01067	0.05010	0.02914	0.00809	0.18424	0.14686	0.06266	0.06046	0.03398	0.22474	0.01009	0.00609	0.00186	0.00457	0.12006	0.00519	0.00695
203	0.00665	0.00553	0.00581	0.00574	0.00749	0.00469	0.00431	0.00823	0.01292	0.01591	0.17371	0.05052	0.65296	0.01337	0.00644	0.00182	0.00273	0.01123	0.00522	0.00469
204	0.03313	0.39054	0.24793	0.01608	0.16558	0.01689	0.02841	0.01670	0.01146	0.01547	0.00882	0.01060	0.00729	0.00486	0.00442	0.00144	0.00664	0.00369	0.00243	0.00761
205	0.02012	0.03361	0.01639	0.01489	0.12982	0.04760	0.01063	0.37978	0.05071	0.21838	0.01483	0.01458	0.01039	0.00629	0.00538	0.00163	0.00582	0.00499	0.00518	0.00897
206	0.03853	0.05515	0.01624	0.02843	0.05436	0.48058	0.04724	0.08985	0.03810	0.01638	0.01128	0.07740	0.01008	0.00657	0.00517	0.00154	0.00818	0.00492	0.00331	0.00669
207	0.06314	0.03114	0.08632	0.08894	0.05114	0.05702	0.04065	0.21268	0.16003	0.02242	0.01658	0.01827	0.06188	0.00694	0.00562	0.00174	0.02053	0.02758	0.01975	0.00762
208	0.01144	0.02687	0.68521	0.01567	0.02318	0.05105	0.05842	0.01735	0.01187	0.01718	0.02664	0.01224	0.00797	0.00530	0.00526	0.00172	0.00808	0.00426	0.00243	0.00787
