[name]
unknown

[dist]
# distance from previous block
# <min> <max>
0	0

[block]
# block no. 0 follows, 41 sequences, length 17
# corresponding to MSA columns:
# 22-38
name=unknown_A
#
# <colnr> <probs for GDERKNQSTAVLIFYWHMCP>
#	G	D	E	R	K	N	Q	S	T	A	V	L	I	F	Y	W	H	M	C	P
0	0.00922	0.00658	0.00922	0.01053	0.01185	0.00658	0.00922	0.01185	0.01317	0.01712	0.03029	0.06452	0.03292	0.01580	0.00790	0.00263	0.00527	0.72480	0.00527	0.00527
1	0.01501	0.74459	0.08531	0.01027	0.01543	0.02193	0.01064	0.01720	0.01166	0.01381	0.00813	0.00939	0.00733	0.00493	0.00380	0.00127	0.00629	0.00315	0.00244	0.00742
2	0.00997	0.00761	0.05116	0.00902	0.01049	0.00645	0.00689	0.06539	0.01268	0.08258	0.02820	0.62424	0.03192	0.01543	0.00694	0.00220	0.00397	0.01382	0.00533	0.00569
3	0.00695	0.00506	0.00655	0.00773	0.00824	0.00467	0.00521	0.00799	0.01117	0.01469	0.03434	0.71643	0.11483	0.01755	0.00724	0.00228	0.00327	0.01581	0.00531	0.00467
4	0.01129	0.00732	0.00847	0.07630	0.01133	0.00769	0.00612	0.11606	0.01324	0.01959	0.02074	0.06880	0.08095	0.13595	0.01000	0.05381	0.00429	0.00695	0.33563	0.00549
5	0.05392	0.03735	0.01902	0.01976	0.21748	0.28192	0.07638	0.03711	0.08647	0.09739	0.01249	0.01383	0.00963	0.00586	0.00547	0.00166	0.00773	0.00481	0.00370	0.00800
6	0.02304	0.01030	0.01324	0.01036	0.01448	0.00960	0.00848	0.11161	0.06055	0.57400	0.08412	0.02087	0.01720	0.00749	0.00584	0.00178	0.00483	0.00611	0.00678	0.00933
7	0.00817	0.00613	0.00919	0.00919	0.01021	0.00715	0.00715	0.01021	0.00919	0.01328	0.01532	0.02247	0.01430	0.04290	0.77631	0.00919	0.01532	0.00613	0.00306	0.00511
8	0.29631	0.08226	0.01437	0.01034	0.01439	0.01488	0.00864	0.30426	0.04208	0.10646	0.04519	0.01396	0.01098	0.00643	0.00486	0.00171	0.00528	0.00461	0.00487	0.00812
9	0.14629	0.12080	0.01548	0.01142	0.01492	0.28547	0.00915	0.03795	0.10702	0.13273	0.05580	0.01472	0.01221	0.00644	0.00499	0.00161	0.00677	0.00459	0.00422	0.00743
10	0.06127	0.11875	0.01586	0.07882	0.01689	0.04012	0.00951	0.15051	0.17448	0.16362	0.03918	0.01765	0.03570	0.00687	0.00533	0.00169	0.00547	0.00538	0.00496	0.04796
11	0.02135	0.08434	0.01772	0.01248	0.01703	0.01702	0.01044	0.57694	0.04947	0.11399	0.01452	0.01423	0.01027	0.00675	0.00555	0.00169	0.00606	0.00508	0.00559	0.00949
12	0.01504	0.64711	0.09277	0.01028	0.01520	0.02003	0.01046	0.01727	0.01188	0.05411	0.01027	0.05446	0.00942	0.00579	0.00414	0.00137	0.00610	0.00405	0.00285	0.00741
13	0.01493	0.52003	0.20379	0.01218	0.01784	0.05113	0.03630	0.05639	0.01279	0.01594	0.00896	0.01035	0.00749	0.00517	0.00436	0.00142	0.00697	0.00359	0.00265	0.00771
14	0.01229	0.24402	0.50563	0.01395	0.02085	0.01544	0.01691	0.01725	0.01173	0.01645	0.01000	0.01204	0.00780	0.00809	0.06263	0.00220	0.00831	0.00404	0.00247	0.00789
15	0.06163	0.29783	0.25540	0.01282	0.03713	0.01567	0.04486	0.01779	0.03166	0.04209	0.01012	0.01155	0.00801	0.00514	0.00461	0.00146	0.00656	0.00387	0.00291	0.12890
16	0.06520	0.33042	0.36039	0.01411	0.05219	0.01687	0.03667	0.01784	0.01193	0.03320	0.00954	0.01112	0.00749	0.00522	0.00468	0.00158	0.00717	0.00384	0.00263	0.00791

[dist]
# distance from previous block
# <min> <max>
9	45

[block]
# block no. 1 follows, 41 sequences, length 7
# corresponding to MSA columns:
# 84-90
name=unknown_B
#
# <colnr> <probs for GDERKNQSTAVLIFYWHMCP>
#	G	D	E	R	K	N	Q	S	T	A	V	L	I	F	Y	W	H	M	C	P
0	0.01330	0.01236	0.02022	0.02906	0.58600	0.01206	0.01530	0.01651	0.01290	0.01850	0.01298	0.01981	0.01180	0.00625	0.00576	0.00171	0.00631	0.08953	0.00318	0.10646
1	0.01132	0.01057	0.01725	0.60491	0.12223	0.01221	0.01501	0.01494	0.01168	0.01557	0.01024	0.01472	0.00789	0.00547	0.00554	0.00176	0.00713	0.00489	0.00268	0.10400
2	0.01260	0.00998	0.01252	0.04298	0.01409	0.00980	0.00816	0.04965	0.01217	0.07131	0.03250	0.06913	0.03823	0.05662	0.00916	0.00177	0.15437	0.00566	0.00383	0.38546
3	0.01142	0.01155	0.06103	0.24890	0.31568	0.01153	0.01452	0.01473	0.01163	0.01616	0.01266	0.06166	0.01124	0.01342	0.15600	0.00326	0.00860	0.00590	0.00291	0.00720
4	0.01143	0.00890	0.01081	0.07256	0.01356	0.00812	0.00691	0.08108	0.01199	0.01722	0.01356	0.06424	0.01323	0.19247	0.01203	0.07281	0.00503	0.00573	0.00359	0.37474
5	0.01261	0.06047	0.37131	0.01354	0.01913	0.10172	0.03441	0.03572	0.01287	0.01761	0.05413	0.06026	0.01247	0.02666	0.02612	0.00195	0.02512	0.00531	0.00313	0.10547
6	0.05508	0.01585	0.01372	0.03141	0.01561	0.23867	0.00923	0.17477	0.05217	0.04669	0.01362	0.07213	0.01170	0.01051	0.08174	0.00231	0.00765	0.00535	0.00410	0.13769

[dist]
# distance from previous block
# <min> <max>
0	60

[block]
# block no. 2 follows, 41 sequences, length 26
# corresponding to MSA columns:
# 151-176
name=unknown_C
#
# <colnr> <probs for GDERKNQSTAVLIFYWHMCP>
#	G	D	E	R	K	N	Q	S	T	A	V	L	I	F	Y	W	H	M	C	P
0	0.01224	0.00942	0.02900	0.05829	0.04148	0.00900	0.02547	0.05466	0.04467	0.09666	0.10164	0.14060	0.06956	0.08150	0.00897	0.00213	0.05988	0.00798	0.00458	0.14228
1	0.01413	0.01123	0.01515	0.10364	0.03885	0.01100	0.06408	0.10103	0.08604	0.08270	0.03534	0.05162	0.01252	0.00646	0.00593	0.00153	0.03931	0.00545	0.00418	0.30980
2	0.01421	0.04516	0.07298	0.04777	0.01620	0.04523	0.05645	0.05108	0.16079	0.12206	0.08395	0.08206	0.05079	0.03066	0.00645	0.00185	0.00543	0.00691	0.00476	0.09521
3	0.01372	0.01796	0.27479	0.03328	0.04447	0.01161	0.15064	0.04725	0.01324	0.09143	0.01197	0.01386	0.00885	0.00626	0.02665	0.00178	0.00730	0.00477	0.00337	0.21679
4	0.01816	0.03472	0.01293	0.00966	0.01372	0.00965	0.00789	0.11238	0.03639	0.32492	0.05649	0.02168	0.09766	0.00746	0.00575	0.00157	0.01987	0.00598	0.00556	0.19754
5	0.03433	0.01128	0.03395	0.01018	0.01391	0.01049	0.00831	0.20197	0.04517	0.03729	0.01630	0.14321	0.01532	0.02556	0.00634	0.00165	0.02655	0.03934	0.00451	0.31433
6	0.04802	0.00685	0.00820	0.00761	0.00961	0.00627	0.00573	0.03050	0.01422	0.12724	0.27031	0.17026	0.20592	0.03114	0.00700	0.00198	0.00345	0.01042	0.00572	0.02956
7	0.04852	0.01214	0.01356	0.01017	0.01486	0.04468	0.02284	0.14849	0.01510	0.09268	0.01182	0.01283	0.00908	0.00522	0.00498	0.00121	0.01964	0.00403	0.00412	0.50402
8	0.80625	0.01103	0.00876	0.03862	0.01219	0.01283	0.00658	0.01673	0.00980	0.02522	0.00805	0.00953	0.00625	0.00533	0.00363	0.00178	0.00455	0.00318	0.00350	0.00620
9	0.01191	0.01076	0.01716	0.70681	0.03720	0.01322	0.01538	0.08873	0.01301	0.01679	0.01053	0.01510	0.00784	0.00584	0.00572	0.00189	0.00749	0.00509	0.00286	0.00670
10	0.00817	0.00613	0.00919	0.00919	0.01021	0.00715	0.00715	0.01021	0.00919	0.01328	0.01532	0.02247	0.01430	0.04290	0.77631	0.00919	0.01532	0.00613	0.00306	0.00511
11	0.00754	0.00581	0.00691	0.00676	0.00830	0.00517	0.00508	0.00967	0.01461	0.01941	0.42659	0.08115	0.33553	0.01320	0.00681	0.00190	0.00288	0.03172	0.00583	0.00513
12	0.02174	0.01602	0.01717	0.01316	0.01774	0.01774	0.01087	0.74423	0.02689	0.03605	0.01373	0.01373	0.00973	0.00687	0.00572	0.00172	0.00629	0.00515	0.00572	0.00973
13	0.01416	0.01359	0.02322	0.03511	0.76330	0.01359	0.01755	0.01755	0.01302	0.01869	0.01076	0.01416	0.00906	0.00510	0.00566	0.00170	0.00680	0.00510	0.00283	0.00906
14	0.01091	0.01037	0.01779	0.75613	0.03903	0.01278	0.04367	0.01476	0.01152	0.01476	0.01022	0.01526	0.00767	0.00568	0.00576	0.00191	0.00770	0.00515	0.00256	0.00641
15	0.01168	0.02815	0.69462	0.01710	0.02528	0.01340	0.09441	0.01814	0.01222	0.01814	0.01040	0.01242	0.00739	0.00537	0.00557	0.00182	0.00857	0.00448	0.00246	0.00838
16	0.01095	0.01032	0.01743	0.75144	0.07200	0.01275	0.01596	0.01475	0.01151	0.01480	0.01019	0.01520	0.00769	0.00569	0.00572	0.00190	0.00759	0.00508	0.00255	0.00648
17	0.05987	0.01050	0.01334	0.01040	0.01463	0.00978	0.00853	0.12917	0.01736	0.59891	0.02103	0.05038	0.01416	0.00742	0.00572	0.00179	0.00499	0.00599	0.00666	0.00937
18	0.01092	0.00615	0.00801	0.00815	0.00962	0.00557	0.00589	0.01229	0.01234	0.17319	0.03297	0.48835	0.14126	0.01614	0.03830	0.00243	0.00407	0.01300	0.00559	0.00576
19	0.00982	0.00667	0.00858	0.00905	0.01047	0.00639	0.00695	0.04117	0.03553	0.06519	0.03022	0.41155	0.07246	0.01511	0.00710	0.00225	0.00414	0.21210	0.00536	0.03990
20	0.20522	0.02581	0.01243	0.00967	0.01368	0.01058	0.00796	0.08990	0.04618	0.44337	0.04101	0.01733	0.01323	0.00678	0.00520	0.00175	0.00477	0.00521	0.03131	0.00860
21	0.02040	0.01268	0.01543	0.01171	0.01623	0.01257	0.04118	0.34417	0.02022	0.25620	0.04980	0.01659	0.01286	0.00665	0.00559	0.00161	0.00551	0.00536	0.00567	0.13957
22	0.07350	0.03563	0.01350	0.01048	0.01406	0.01154	0.02306	0.19961	0.07423	0.22477	0.10626	0.05282	0.06323	0.00824	0.00609	0.00177	0.02653	0.00664	0.00563	0.04241
23	0.01677	0.01351	0.06465	0.02718	0.01751	0.01236	0.08898	0.26610	0.04659	0.12150	0.01628	0.05316	0.03319	0.03117	0.00636	0.00175	0.00591	0.00587	0.00478	0.16638
24	0.01578	0.03353	0.01588	0.10444	0.12332	0.01220	0.02515	0.14933	0.11693	0.12420	0.06722	0.03685	0.01456	0.00676	0.00559	0.00166	0.00552	0.00575	0.00468	0.13065
25	0.01499	0.01004	0.01269	0.02596	0.01418	0.00948	0.03580	0.09708	0.08304	0.17620	0.16233	0.02362	0.07057	0.00776	0.00600	0.00159	0.02379	0.00649	0.00526	0.21315

[dist]
# distance from previous block
# <min> <max>
6	19

[block]
# block no. 3 follows, 41 sequences, length 21
# corresponding to MSA columns:
# 196-216
name=unknown_D
#
# <colnr> <probs for GDERKNQSTAVLIFYWHMCP>
#	G	D	E	R	K	N	Q	S	T	A	V	L	I	F	Y	W	H	M	C	P
0	0.04015	0.01265	0.04513	0.08450	0.01624	0.07899	0.00933	0.13069	0.08846	0.09321	0.03893	0.03973	0.09564	0.07469	0.00831	0.00207	0.04690	0.00635	0.00449	0.08354
1	0.02966	0.08747	0.01551	0.02254	0.03820	0.02966	0.02586	0.17850	0.18092	0.08411	0.07673	0.01770	0.01499	0.00669	0.00531	0.00158	0.00519	0.00541	0.03030	0.14369
2	0.01760	0.04441	0.01590	0.01174	0.01587	0.01411	0.03853	0.43720	0.02065	0.04856	0.05185	0.01677	0.01265	0.05556	0.03995	0.00212	0.00621	0.00537	0.00493	0.14003
3	0.01354	0.01115	0.01371	0.01084	0.01476	0.01073	0.05126	0.14846	0.10379	0.02197	0.01522	0.06998	0.01327	0.00705	0.00585	0.00148	0.03827	0.04245	0.03975	0.36647
4	0.04386	0.00950	0.09282	0.00880	0.01147	0.00736	0.00768	0.04256	0.01527	0.10036	0.44173	0.09373	0.03742	0.01025	0.00623	0.00180	0.00386	0.00886	0.03105	0.02538
5	0.00852	0.00635	0.00855	0.00844	0.00977	0.00592	0.02848	0.03128	0.01330	0.01816	0.25753	0.32513	0.07884	0.02985	0.00794	0.03391	0.00370	0.07124	0.00531	0.04778
6	0.74427	0.01093	0.00916	0.04503	0.01266	0.01252	0.00681	0.01746	0.01027	0.07557	0.00906	0.01027	0.00680	0.00545	0.00379	0.00178	0.00461	0.00337	0.00373	0.00644
7	0.02135	0.01666	0.01689	0.01320	0.01760	0.07264	0.01080	0.65744	0.06111	0.03386	0.01384	0.01385	0.00993	0.00684	0.00569	0.00171	0.00650	0.00511	0.00553	0.00947
8	0.00704	0.00569	0.00617	0.00628	0.00784	0.00492	0.00457	0.00853	0.01297	0.01615	0.14766	0.14678	0.53775	0.05220	0.00790	0.00214	0.00305	0.01219	0.00536	0.00482
9	0.01808	0.01293	0.01380	0.01137	0.01478	0.04584	0.00905	0.44640	0.02121	0.09410	0.01992	0.17978	0.04575	0.00946	0.00603	0.00184	0.00548	0.00775	0.02824	0.00822
10	0.01525	0.53948	0.09760	0.01089	0.01559	0.10359	0.01069	0.04826	0.01322	0.01575	0.07335	0.01267	0.01145	0.00573	0.00436	0.00138	0.00652	0.00396	0.00297	0.00730
11	0.01995	0.01353	0.01499	0.01200	0.01600	0.01464	0.00979	0.46693	0.12326	0.13905	0.01775	0.04888	0.01350	0.00777	0.00583	0.00180	0.00559	0.03083	0.02875	0.00916
12	0.01622	0.38784	0.03540	0.01301	0.06623	0.21095	0.02424	0.04048	0.01385	0.03125	0.07825	0.01377	0.01218	0.00694	0.02584	0.00164	0.00726	0.00432	0.00318	0.00719
13	0.00726	0.00531	0.00682	0.00750	0.00830	0.00488	0.00522	0.00878	0.01265	0.01703	0.23830	0.50014	0.12511	0.01579	0.00708	0.00213	0.00310	0.01413	0.00559	0.00488
14	0.01152	0.01029	0.01404	0.28643	0.02287	0.00995	0.01033	0.01445	0.01155	0.01695	0.01003	0.01311	0.00812	0.00506	0.00551	0.00131	0.04583	0.00408	0.00304	0.49555
15	0.04791	0.03392	0.01746	0.15321	0.04315	0.04057	0.06280	0.07459	0.01268	0.13201	0.01178	0.01520	0.00939	0.03534	0.02708	0.00230	0.26460	0.00523	0.00360	0.00719
16	0.03410	0.47684	0.02433	0.06407	0.01695	0.15583	0.01070	0.04046	0.01254	0.01465	0.00839	0.01032	0.00743	0.00579	0.00587	0.00149	0.09688	0.00360	0.00268	0.00707
17	0.00703	0.00580	0.00617	0.00608	0.00789	0.00494	0.00456	0.00873	0.01367	0.01695	0.19894	0.05257	0.61905	0.01393	0.00676	0.00190	0.00286	0.01172	0.00551	0.00494
18	0.00860	0.00688	0.01048	0.01047	0.02617	0.00662	0.08732	0.03306	0.02488	0.01602	0.04641	0.57124	0.03208	0.06088	0.00840	0.00242	0.00437	0.03347	0.00493	0.00528
19	0.01716	0.01291	0.01542	0.06511	0.01715	0.01490	0.01059	0.35532	0.08032	0.07979	0.01549	0.09132	0.01296	0.00924	0.02278	0.00210	0.15798	0.00638	0.00490	0.00818
20	0.01652	0.01197	0.01448	0.01390	0.10294	0.01264	0.00978	0.37462	0.01937	0.07257	0.02933	0.17930	0.01697	0.03141	0.04362	0.00228	0.00595	0.00767	0.00514	0.02953

[dist]
# distance from previous block
# <min> <max>
6	13

[block]
# block no. 4 follows, 41 sequences, length 48
# corresponding to MSA columns:
# 230-241,243-278
name=unknown_E
#
# <colnr> <probs for GDERKNQSTAVLIFYWHMCP>
#	G	D	E	R	K	N	Q	S	T	A	V	L	I	F	Y	W	H	M	C	P
0	0.05212	0.01385	0.08703	0.17119	0.14274	0.01351	0.13103	0.08650	0.03542	0.05197	0.01253	0.05151	0.01028	0.00757	0.02559	0.00209	0.08821	0.00581	0.00342	0.00762
1	0.01034	0.00854	0.00937	0.00960	0.03636	0.04139	0.00712	0.04472	0.12180	0.01861	0.08068	0.12963	0.21926	0.03151	0.00705	0.00208	0.00428	0.13385	0.05091	0.03290
2	0.01369	0.01122	0.01319	0.00964	0.01452	0.00959	0.02685	0.14930	0.01469	0.02194	0.01116	0.01263	0.00893	0.00482	0.00457	0.00105	0.00470	0.00387	0.03288	0.63076
3	0.04535	0.03703	0.34423	0.07661	0.05607	0.01254	0.03034	0.09977	0.04877	0.02001	0.01374	0.09159	0.01175	0.02378	0.00603	0.00188	0.00677	0.00582	0.03199	0.03595
4	0.02694	0.01332	0.06024	0.40716	0.23836	0.03824	0.01571	0.07564	0.03626	0.01815	0.01095	0.01457	0.00845	0.00568	0.00564	0.00181	0.00727	0.00501	0.00301	0.00759
5	0.00762	0.00563	0.00765	0.00933	0.04184	0.00533	0.00625	0.00892	0.01134	0.01503	0.03122	0.60408	0.06909	0.04389	0.00804	0.00243	0.00378	0.10851	0.00513	0.00489
6	0.02000	0.01463	0.01583	0.01236	0.01655	0.01602	0.01009	0.59966	0.07579	0.05294	0.05605	0.01662	0.01311	0.02843	0.00638	0.00182	0.00587	0.00559	0.00569	0.02656
7	0.01016	0.00725	0.00888	0.00862	0.03014	0.00702	0.00630	0.01454	0.12596	0.07600	0.40367	0.08174	0.17445	0.01145	0.00654	0.00187	0.00332	0.00994	0.00595	0.00622
8	0.06436	0.03352	0.01460	0.01271	0.07512	0.03896	0.00945	0.26402	0.06764	0.18191	0.12338	0.01932	0.01726	0.00729	0.00561	0.00171	0.00530	0.00586	0.02585	0.02616
9	0.00697	0.00498	0.00664	0.00796	0.00830	0.00465	0.00531	0.00796	0.01095	0.01460	0.03153	0.79525	0.03783	0.01792	0.00730	0.00232	0.00332	0.01626	0.00531	0.00465
10	0.01424	0.17506	0.05997	0.03864	0.12185	0.03068	0.01131	0.08170	0.15404	0.03642	0.03127	0.01818	0.04496	0.00794	0.02280	0.00191	0.08463	0.02060	0.03606	0.00776
11	0.63536	0.01139	0.00995	0.04094	0.01297	0.01317	0.00724	0.10988	0.01211	0.02602	0.00936	0.01083	0.00719	0.00571	0.00430	0.00176	0.02355	0.00361	0.04804	0.00661
12	0.01251	0.01251	0.01752	0.01502	0.01502	0.01752	0.01251	0.01377	0.00876	0.01377	0.00751	0.01251	0.00751	0.01001	0.01877	0.00250	0.78851	0.00501	0.00250	0.00626
13	0.01468	0.03809	0.01500	0.05471	0.07339	0.03122	0.02753	0.08070	0.46978	0.04562	0.04522	0.04650	0.01679	0.00764	0.00581	0.00187	0.00521	0.00647	0.00520	0.00856
14	0.01424	0.01359	0.02192	0.13602	0.61005	0.03315	0.01684	0.05171	0.01355	0.01883	0.01077	0.01419	0.00885	0.00529	0.00566	0.00172	0.00697	0.00506	0.00293	0.00866
15	0.02374	0.01090	0.01384	0.01056	0.01507	0.01000	0.00870	0.15459	0.01785	0.57054	0.01989	0.01777	0.01287	0.00679	0.00561	0.00168	0.00507	0.00544	0.00651	0.08258
16	0.00798	0.00584	0.00748	0.00707	0.00847	0.00535	0.00530	0.01056	0.01591	0.02227	0.69738	0.04383	0.11729	0.01194	0.00675	0.00181	0.00272	0.01050	0.00621	0.00535
17	0.01977	0.02443	0.01527	0.01390	0.01682	0.64970	0.01046	0.02286	0.09686	0.01517	0.01315	0.01400	0.05025	0.00658	0.00532	0.00155	0.00927	0.00445	0.00339	0.00680
18	0.02249	0.01059	0.01308	0.01027	0.01429	0.01020	0.00841	0.16870	0.05705	0.49338	0.02038	0.01865	0.01351	0.00702	0.00554	0.00172	0.00487	0.00562	0.10505	0.00917
19	0.00746	0.00570	0.00686	0.00694	0.00832	0.00510	0.00513	0.00941	0.01405	0.01861	0.35684	0.17843	0.30423	0.01392	0.00689	0.00197	0.00297	0.03638	0.00574	0.00506
20	0.01408	0.23602	0.02783	0.06003	0.02271	0.03564	0.32079	0.03653	0.01238	0.01626	0.00970	0.01294	0.00802	0.00596	0.00804	0.00182	0.15605	0.00517	0.00275	0.00729
21	0.00994	0.00497	0.00745	0.00745	0.00745	0.00497	0.00497	0.00745	0.00745	0.00994	0.00994	0.01739	0.00994	0.01987	0.02235	0.83358	0.00497	0.00497	0.00248	0.00248
22	0.02186	0.01583	0.01705	0.01307	0.01764	0.01745	0.01080	0.72205	0.02657	0.05869	0.01401	0.01391	0.00986	0.00687	0.00572	0.00172	0.00625	0.00517	0.00576	0.00973
23	0.01418	0.01289	0.03498	0.01228	0.03608	0.04477	0.07580	0.08722	0.18933	0.04029	0.03961	0.01585	0.01237	0.00582	0.00521	0.00142	0.00540	0.00497	0.00427	0.35726
24	0.01902	0.01507	0.01561	0.01267	0.01670	0.04311	0.01022	0.46149	0.28833	0.03090	0.01700	0.01636	0.01243	0.00715	0.00574	0.00179	0.00580	0.00557	0.00566	0.00938
25	0.01251	0.01251	0.01752	0.01502	0.01502	0.01752	0.01251	0.01377	0.00876	0.01377	0.00751	0.01251	0.00751	0.01001	0.01877	0.00250	0.78851	0.00501	0.00250	0.00626
26	0.21479	0.03097	0.01161	0.00901	0.01273	0.00961	0.00739	0.04513	0.01469	0.40353	0.11046	0.01941	0.01682	0.00709	0.00518	0.00172	0.00446	0.00553	0.04208	0.02779
27	0.01324	0.01236	0.01728	0.01475	0.01499	0.01701	0.01229	0.01455	0.00918	0.05553	0.00834	0.01290	0.00788	0.00985	0.01805	0.00246	0.74508	0.00505	0.00276	0.00645
28	0.00697	0.00498	0.00664	0.00796	0.00830	0.00465	0.00531	0.00796	0.01095	0.01460	0.03153	0.79525	0.03783	0.01792	0.00730	0.00232	0.00332	0.01626	0.00531	0.00465
29	0.00697	0.00498	0.00664	0.00796	0.00830	0.00465	0.00531	0.00796	0.01095	0.01460	0.03153	0.79525	0.03783	0.01792	0.00730	0.00232	0.00332	0.01626	0.00531	0.00465
30	0.02496	0.00973	0.01315	0.01016	0.01448	0.00852	0.00836	0.02759	0.03830	0.72957	0.03801	0.02001	0.01509	0.00720	0.00577	0.00178	0.00481	0.00587	0.00703	0.00962
31	0.02174	0.01602	0.01717	0.01316	0.01774	0.01774	0.01087	0.74423	0.02689	0.03605	0.01373	0.01373	0.00973	0.00687	0.00572	0.00172	0.00629	0.00515	0.00572	0.00973
32	0.02500	0.00954	0.01293	0.00996	0.01425	0.00827	0.00821	0.02724	0.01618	0.73448	0.02239	0.01955	0.01418	0.00706	0.00568	0.00175	0.00477	0.00573	0.04327	0.00954
33	0.73316	0.01154	0.00944	0.00818	0.01185	0.01322	0.00674	0.09238	0.01169	0.04644	0.00895	0.01002	0.00677	0.00552	0.00382	0.00176	0.00463	0.00338	0.00386	0.00665
34	0.00897	0.00641	0.00893	0.01025	0.01146	0.00637	0.00879	0.01142	0.01292	0.01684	0.03042	0.14468	0.03346	0.01603	0.00783	0.00260	0.00505	0.64707	0.00527	0.00520
35	0.01529	0.80242	0.02997	0.00979	0.01468	0.02263	0.00979	0.01713	0.01162	0.01346	0.00795	0.00918	0.00734	0.00489	0.00367	0.00122	0.00612	0.00306	0.00245	0.00734
36	0.08492	0.01449	0.02052	0.06190	0.02015	0.08253	0.18930	0.06561	0.01204	0.01748	0.00923	0.01300	0.00783	0.00752	0.01170	0.00212	0.36468	0.00516	0.00295	0.00688
37	0.01563	0.01196	0.01429	0.06410	0.09592	0.03218	0.01034	0.07398	0.38234	0.12176	0.03772	0.02167	0.01618	0.00882	0.03249	0.00214	0.00565	0.03901	0.00527	0.00856
38	0.00949	0.00624	0.00762	0.00705	0.00891	0.00552	0.00537	0.01173	0.01517	0.09836	0.45149	0.04436	0.28294	0.01213	0.00665	0.00184	0.00299	0.01043	0.00605	0.00566
39	0.01145	0.00878	0.00977	0.02541	0.01074	0.06286	0.00714	0.03812	0.01143	0.01757	0.01491	0.01965	0.01280	0.05263	0.18185	0.00354	0.14226	0.00547	0.35802	0.00562
40	0.00728	0.00581	0.00652	0.00634	0.00805	0.00505	0.00476	0.00922	0.01427	0.01839	0.33326	0.05022	0.48383	0.01339	0.00675	0.00188	0.00282	0.01139	0.00570	0.00505
41	0.00986	0.00499	0.00740	0.00740	0.00740	0.00499	0.00490	0.00749	0.00749	0.00999	0.01029	0.01826	0.01041	0.05392	0.02265	0.79740	0.00499	0.00511	0.00253	0.00253
42	0.02137	0.02726	0.01621	0.01474	0.01768	0.77602	0.01105	0.02284	0.01621	0.01400	0.00884	0.01031	0.00737	0.00589	0.00516	0.00147	0.01031	0.00368	0.00295	0.00663
43	0.00869	0.00609	0.00793	0.00732	0.00887	0.00555	0.00552	0.01137	0.01606	0.04268	0.71621	0.04110	0.05143	0.01133	0.00664	0.00177	0.00281	0.01000	0.00622	0.03243
44	0.00994	0.00497	0.00745	0.00745	0.00745	0.00497	0.00497	0.00745	0.00745	0.00994	0.00994	0.01739	0.00994	0.01987	0.02235	0.83358	0.00497	0.00497	0.00248	0.00248
45	0.02051	0.06138	0.05939	0.03104	0.01845	0.14849	0.01153	0.52328	0.02304	0.02953	0.01230	0.01284	0.00900	0.00649	0.00550	0.00166	0.00713	0.00473	0.00481	0.00892
46	0.01482	0.01502	0.04457	0.30003	0.16333	0.12252	0.05636	0.12133	0.05000	0.01928	0.01152	0.01447	0.00885	0.00585	0.00564	0.00176	0.00754	0.00503	0.02444	0.00763
47	0.25019	0.26785	0.07196	0.01132	0.03084	0.13238	0.03494	0.03728	0.01249	0.01884	0.03440	0.01133	0.00881	0.00545	0.00433	0.00151	0.00636	0.00374	0.00313	0.05285

[dist]
# distance from previous block
# <min> <max>
0	1

[block]
# block no. 5 follows, 41 sequences, length 140
# corresponding to MSA columns:
# 280-419
name=unknown_F
#
# <colnr> <probs for GDERKNQSTAVLIFYWHMCP>
#	G	D	E	R	K	N	Q	S	T	A	V	L	I	F	Y	W	H	M	C	P
0	0.01457	0.03580	0.06282	0.02225	0.10262	0.12700	0.43355	0.01840	0.01326	0.01713	0.01052	0.01394	0.00831	0.00557	0.00749	0.00187	0.08875	0.00574	0.00282	0.00757
1	0.01391	0.01348	0.02282	0.05047	0.50242	0.01362	0.12547	0.01935	0.11961	0.01927	0.01265	0.01535	0.01016	0.00543	0.00581	0.00175	0.00685	0.00549	0.00328	0.03282
2	0.01258	0.01144	0.01787	0.07102	0.44115	0.01181	0.01376	0.01753	0.11957	0.01897	0.05920	0.07606	0.03123	0.00783	0.00607	0.00187	0.00584	0.06436	0.00386	0.00799
3	0.08899	0.00948	0.01228	0.00968	0.01368	0.00856	0.00792	0.02524	0.03068	0.61419	0.09918	0.02114	0.01778	0.00744	0.00568	0.00178	0.00460	0.00604	0.00669	0.00898
4	0.01069	0.00973	0.01626	0.68686	0.03576	0.01192	0.02874	0.01433	0.01149	0.01513	0.01163	0.04774	0.00935	0.00627	0.00569	0.00189	0.00716	0.00559	0.05751	0.00624
5	0.01079	0.00798	0.04492	0.00907	0.04113	0.00679	0.00700	0.02722	0.02965	0.09862	0.44506	0.03672	0.10886	0.01044	0.00631	0.00179	0.00354	0.02569	0.07218	0.00623
6	0.00816	0.00568	0.00690	0.00743	0.00779	0.00558	0.00474	0.03841	0.01046	0.01395	0.02491	0.43304	0.02926	0.35764	0.01674	0.00370	0.00441	0.01234	0.00452	0.00434
7	0.01749	0.01755	0.03156	0.05701	0.16569	0.24053	0.01218	0.23095	0.01757	0.02156	0.01310	0.09519	0.01162	0.00742	0.00616	0.00174	0.03507	0.00585	0.00394	0.00782
8	0.00988	0.00753	0.00978	0.03863	0.01041	0.00901	0.00688	0.01119	0.00957	0.01443	0.03638	0.02546	0.01589	0.29868	0.12062	0.00424	0.20398	0.00657	0.15596	0.00490
9	0.01251	0.01251	0.01752	0.01502	0.01502	0.01752	0.01251	0.01377	0.00876	0.01377	0.00751	0.01251	0.00751	0.01001	0.01877	0.00250	0.78851	0.00501	0.00250	0.00626
10	0.01794	0.03973	0.01612	0.03389	0.05106	0.39320	0.01098	0.05873	0.22334	0.01806	0.01314	0.01403	0.01042	0.00672	0.00643	0.00171	0.06840	0.00473	0.00383	0.00756
11	0.03938	0.00998	0.01353	0.01052	0.01457	0.00922	0.00870	0.02654	0.01564	0.69323	0.02109	0.01872	0.01348	0.00728	0.00676	0.00183	0.06785	0.00564	0.00665	0.00939
12	0.02359	0.00964	0.01293	0.00989	0.01428	0.00822	0.00813	0.02585	0.01589	0.66200	0.04737	0.01949	0.01497	0.00694	0.00563	0.00167	0.00472	0.00567	0.00666	0.09647
13	0.00797	0.00578	0.00751	0.00722	0.00850	0.00532	0.00536	0.01049	0.01568	0.02206	0.68216	0.10356	0.07234	0.01227	0.00679	0.00184	0.00275	0.01087	0.00619	0.00532
14	0.01436	0.01398	0.02302	0.03453	0.74211	0.03526	0.01737	0.01770	0.01311	0.01855	0.01070	0.01405	0.00901	0.00512	0.00565	0.00169	0.00690	0.00506	0.00283	0.00899
15	0.01546	0.78106	0.02959	0.00992	0.01476	0.04340	0.00982	0.01728	0.01175	0.01347	0.00798	0.00921	0.00734	0.00492	0.00371	0.00123	0.00623	0.00308	0.00246	0.00732
16	0.00791	0.00584	0.00739	0.00700	0.00843	0.00532	0.00525	0.01044	0.01576	0.02191	0.66359	0.04442	0.15131	0.01208	0.00675	0.00182	0.00273	0.01058	0.00616	0.00532
17	0.01331	0.01312	0.02352	0.19994	0.48748	0.01353	0.13094	0.01702	0.01275	0.01773	0.01076	0.01460	0.00868	0.00519	0.00585	0.00178	0.00743	0.00535	0.00278	0.00825
18	0.00994	0.00497	0.00745	0.00745	0.00745	0.00497	0.00497	0.00745	0.00745	0.00994	0.00994	0.01739	0.00994	0.01987	0.02235	0.83358	0.00497	0.00497	0.00248	0.00248
19	0.02060	0.01515	0.01627	0.01268	0.01695	0.01674	0.01039	0.67231	0.04698	0.03440	0.01488	0.04589	0.01124	0.00734	0.00574	0.00174	0.00602	0.00564	0.02967	0.00937
20	0.03500	0.01243	0.06186	0.05488	0.14030	0.01092	0.18549	0.03316	0.01252	0.01817	0.01421	0.14691	0.01346	0.00722	0.00609	0.00169	0.02464	0.00687	0.00345	0.21072
21	0.01338	0.14085	0.02570	0.03874	0.04355	0.06804	0.34277	0.01655	0.01223	0.01597	0.01154	0.05313	0.01014	0.00948	0.07302	0.00249	0.10643	0.00605	0.00290	0.00702
22	0.75416	0.01097	0.00931	0.08752	0.01398	0.01282	0.00719	0.01659	0.00991	0.02453	0.00819	0.00990	0.00634	0.00535	0.00376	0.00178	0.00475	0.00330	0.00344	0.00621
23	0.00934	0.00791	0.00901	0.00909	0.01025	0.06780	0.02574	0.02556	0.01177	0.01550	0.04538	0.53106	0.02970	0.04843	0.00830	0.02019	0.02268	0.01255	0.02126	0.06850
24	0.01676	0.01222	0.01331	0.01079	0.01365	0.01339	0.00833	0.46769	0.01998	0.02681	0.01544	0.03990	0.01400	0.26925	0.01378	0.00301	0.02288	0.00646	0.00490	0.00746
25	0.00752	0.00543	0.00711	0.00753	0.00840	0.00502	0.00533	0.00936	0.01358	0.01871	0.38946	0.40661	0.06505	0.01478	0.00701	0.00206	0.00300	0.01325	0.00579	0.00502
26	0.00697	0.00498	0.00664	0.00796	0.00830	0.00465	0.00531	0.00796	0.01095	0.01460	0.03153	0.79525	0.03783	0.01792	0.00730	0.00232	0.00332	0.01626	0.00531	0.00465
27	0.02148	0.01589	0.01702	0.01311	0.01764	0.01761	0.01081	0.71896	0.05259	0.03562	0.01407	0.01400	0.01000	0.00690	0.00573	0.00172	0.00623	0.00520	0.00573	0.00970
28	0.13004	0.00616	0.00577	0.00565	0.00730	0.00641	0.00431	0.01383	0.01167	0.02195	0.01712	0.01959	0.01344	0.00647	0.00393	0.00140	0.00292	0.00501	0.71157	0.00546
29	0.83938	0.01106	0.00841	0.00752	0.01106	0.01283	0.00619	0.01681	0.00973	0.02566	0.00796	0.00929	0.00619	0.00531	0.00354	0.00177	0.00442	0.00310	0.00354	0.00619
30	0.00813	0.00595	0.00847	0.00854	0.00932	0.00669	0.00632	0.00971	0.00912	0.01292	0.01677	0.06914	0.01691	0.19044	0.58560	0.00809	0.01272	0.00713	0.00327	0.00476
31	0.01529	0.80242	0.02997	0.00979	0.01468	0.02263	0.00979	0.01713	0.01162	0.01346	0.00795	0.00918	0.00734	0.00489	0.00367	0.00122	0.00612	0.00306	0.00245	0.00734
32	0.02864	0.00751	0.00917	0.00791	0.00994	0.00777	0.06431	0.08710	0.01348	0.02246	0.01710	0.01963	0.01334	0.00659	0.00475	0.00146	0.02332	0.00537	0.64415	0.00600
33	0.01785	0.01349	0.01464	0.01212	0.01587	0.01506	0.00976	0.37245	0.31643	0.05965	0.01878	0.03798	0.01436	0.00876	0.02836	0.00206	0.00569	0.02187	0.00572	0.00910
34	0.02004	0.01405	0.01544	0.01224	0.01624	0.01527	0.00994	0.57813	0.04107	0.09187	0.01688	0.11180	0.01377	0.00828	0.00592	0.00180	0.00577	0.00661	0.00578	0.00908
35	0.01105	0.01056	0.01826	0.72131	0.05900	0.01283	0.05704	0.01491	0.01160	0.01494	0.01026	0.01523	0.00772	0.00565	0.00578	0.00190	0.00772	0.00518	0.00257	0.00651
36	0.00700	0.00500	0.00667	0.00794	0.00830	0.00467	0.00531	0.00805	0.01110	0.01484	0.05277	0.77332	0.03830	0.01774	0.00728	0.00231	0.00330	0.01609	0.00534	0.00467
37	0.00906	0.00683	0.00789	0.00731	0.00896	0.00655	0.00541	0.06937	0.04064	0.02034	0.37799	0.04241	0.24357	0.11718	0.00963	0.00234	0.00349	0.01001	0.00558	0.00545
38	0.01545	0.78207	0.02961	0.00992	0.01476	0.04241	0.00982	0.01728	0.01174	0.01347	0.00798	0.00921	0.00734	0.00492	0.00371	0.00123	0.00623	0.00307	0.00246	0.00732
39	0.00839	0.00593	0.00761	0.00714	0.00861	0.00542	0.00537	0.01096	0.01591	0.03973	0.68042	0.04328	0.11601	0.01183	0.00672	0.00181	0.00277	0.01039	0.00623	0.00545
40	0.01128	0.02824	0.72625	0.01579	0.02384	0.01284	0.02024	0.01770	0.01231	0.01839	0.05269	0.01381	0.00989	0.00579	0.00551	0.00181	0.00813	0.00457	0.00263	0.00828
41	0.01316	0.01480	0.11225	0.17907	0.45367	0.01345	0.03316	0.01809	0.07209	0.01822	0.01161	0.01473	0.00922	0.00547	0.00568	0.00178	0.00704	0.00514	0.00297	0.00842
42	0.82297	0.01103	0.00851	0.00758	0.01113	0.01274	0.00624	0.01704	0.00987	0.04062	0.00826	0.00950	0.00636	0.00535	0.00358	0.00177	0.00443	0.00315	0.00361	0.00627
43	0.01140	0.00905	0.03306	0.01242	0.11933	0.00835	0.00852	0.05944	0.06876	0.07945	0.13422	0.10751	0.23380	0.01136	0.00651	0.00195	0.00435	0.07864	0.00521	0.00666
44	0.01148	0.02682	0.65254	0.01657	0.02435	0.01296	0.09254	0.01772	0.01245	0.01841	0.05283	0.01415	0.01003	0.00573	0.00564	0.00182	0.00825	0.00483	0.00268	0.00821
45	0.01244	0.01053	0.01124	0.01026	0.01308	0.01171	0.00798	0.03921	0.52567	0.02249	0.09744	0.03000	0.14358	0.00945	0.00612	0.00194	0.00415	0.02903	0.00576	0.00792
46	0.04744	0.01441	0.02761	0.08190	0.09893	0.03605	0.48510	0.03451	0.01333	0.01841	0.01217	0.03271	0.00995	0.00582	0.00675	0.00193	0.03064	0.03174	0.00308	0.00750
47	0.01078	0.00809	0.00908	0.00825	0.01022	0.04210	0.00635	0.08256	0.02868	0.05805	0.47323	0.05813	0.13934	0.01133	0.00656	0.00183	0.00364	0.02981	0.00593	0.00604
48	0.00831	0.00556	0.00632	0.00632	0.00635	0.00559	0.00357	0.00837	0.00834	0.01115	0.01795	0.03701	0.02061	0.77795	0.04990	0.00565	0.00582	0.00826	0.00345	0.00351
49	0.01528	0.01485	0.02113	0.09747	0.50352	0.08991	0.03024	0.08722	0.04895	0.01973	0.01139	0.01419	0.00921	0.00552	0.00565	0.00171	0.00712	0.00506	0.00323	0.00861
50	0.01183	0.10155	0.70050	0.01570	0.02382	0.01415	0.02008	0.01802	0.01203	0.01768	0.01005	0.01181	0.00725	0.00538	0.00527	0.00176	0.00824	0.00412	0.00242	0.00835
51	0.01596	0.68383	0.04936	0.01046	0.01534	0.05445	0.01025	0.07585	0.01306	0.01543	0.00852	0.00967	0.00753	0.00511	0.00395	0.00129	0.00638	0.00329	0.00273	0.00753
52	0.01328	0.01540	0.04690	0.02350	0.02918	0.01416	0.70792	0.01802	0.01340	0.01821	0.01211	0.03753	0.00948	0.00521	0.00674	0.00194	0.00944	0.00697	0.00295	0.00764
53	0.04568	0.00715	0.00895	0.00798	0.01023	0.00658	0.00624	0.01458	0.03366	0.15279	0.45369	0.03726	0.09269	0.01058	0.00635	0.00180	0.00342	0.04688	0.00604	0.04742
54	0.00793	0.00584	0.00742	0.00703	0.00845	0.00533	0.00527	0.01048	0.01581	0.02203	0.67545	0.04421	0.13937	0.01203	0.00675	0.00182	0.00272	0.01055	0.00618	0.00533
55	0.37661	0.03768	0.16123	0.06065	0.01751	0.07470	0.02924	0.07574	0.03259	0.07068	0.01052	0.01178	0.00777	0.00569	0.00464	0.00175	0.00625	0.00401	0.00362	0.00733
56	0.00856	0.00595	0.00780	0.00728	0.00871	0.00548	0.00548	0.01125	0.01620	0.04281	0.74059	0.04211	0.05291	0.01157	0.00672	0.00180	0.00276	0.01022	0.00632	0.00551
57	0.00805	0.00593	0.00706	0.00672	0.00838	0.00525	0.00506	0.01023	0.01493	0.04046	0.45897	0.04701	0.33572	0.01268	0.00672	0.00185	0.00284	0.01091	0.00592	0.00529
58	0.01380	0.01323	0.02258	0.11405	0.68712	0.01350	0.01738	0.01724	0.01286	0.01826	0.01070	0.01427	0.00891	0.00516	0.00567	0.00172	0.00688	0.00510	0.00280	0.00878
59	0.00829	0.00553	0.00625	0.00627	0.00628	0.00553	0.00350	0.00831	0.00837	0.01116	0.01829	0.05246	0.02113	0.78349	0.02868	0.00548	0.00550	0.00848	0.00350	0.00349
60	0.01447	0.01548	0.01725	0.01492	0.01561	0.16566	0.01219	0.03382	0.01067	0.01437	0.00792	0.01212	0.00754	0.00913	0.01579	0.00228	0.61696	0.00475	0.00267	0.00642
61	0.01186	0.01017	0.01186	0.00847	0.01356	0.00762	0.00678	0.01440	0.01186	0.01864	0.01017	0.01186	0.00847	0.00424	0.00424	0.00085	0.00424	0.00339	0.00339	0.83395
62	0.03677	0.38289	0.08086	0.01162	0.01581	0.14205	0.01071	0.12198	0.01438	0.01758	0.01099	0.07359	0.01011	0.00667	0.00531	0.00154	0.04183	0.00470	0.00326	0.00736
63	0.01992	0.08525	0.07781	0.01450	0.01797	0.64150	0.01180	0.02183	0.01537	0.01428	0.00886	0.01042	0.00736	0.00587	0.00537	0.00150	0.02700	0.00371	0.00286	0.00682
64	0.08267	0.01210	0.01330	0.01063	0.01420	0.01287	0.00855	0.36549	0.01837	0.04036	0.01341	0.01628	0.01084	0.07148	0.09514	0.00273	0.02618	0.00507	0.03843	0.14190
65	0.02100	0.04913	0.01688	0.01508	0.03938	0.68240	0.01119	0.06913	0.01667	0.01554	0.00919	0.01061	0.00757	0.00590	0.00516	0.00149	0.00983	0.00380	0.00311	0.00692
66	0.00703	0.00510	0.00664	0.00775	0.00827	0.00471	0.00525	0.00818	0.01146	0.01523	0.08340	0.68953	0.09185	0.01724	0.00722	0.00226	0.00325	0.01555	0.00538	0.00471
67	0.00828	0.00555	0.00623	0.00623	0.00628	0.00553	0.00349	0.00832	0.00845	0.01121	0.01912	0.03792	0.04119	0.77736	0.02850	0.00545	0.00547	0.00842	0.00352	0.00350
68	0.00698	0.00509	0.00657	0.00771	0.00824	0.00469	0.00521	0.00807	0.01133	0.01493	0.05470	0.69319	0.11753	0.01737	0.00723	0.00227	0.00326	0.01564	0.00534	0.00469
69	0.02106	0.01544	0.01660	0.01291	0.01734	0.01709	0.01061	0.64718	0.10401	0.05611	0.01501	0.01471	0.01068	0.00697	0.00573	0.00174	0.00606	0.00531	0.00577	0.00966
70	0.83938	0.01106	0.00841	0.00752	0.01106	0.01283	0.00619	0.01681	0.00973	0.02566	0.00796	0.00929	0.00619	0.00531	0.00354	0.00177	0.00442	0.00310	0.00354	0.00619
71	0.83938	0.01106	0.00841	0.00752	0.01106	0.01283	0.00619	0.01681	0.00973	0.02566	0.00796	0.00929	0.00619	0.00531	0.00354	0.00177	0.00442	0.00310	0.00354	0.00619
72	0.02039	0.01462	0.01590	0.01246	0.01659	0.01600	0.01016	0.63763	0.02474	0.06419	0.01571	0.08165	0.01253	0.02227	0.00629	0.00184	0.00597	0.00619	0.00570	0.00918
73	0.01423	0.01381	0.02288	0.05654	0.72469	0.03142	0.01735	0.01759	0.01305	0.01846	0.01070	0.01410	0.00898	0.00513	0.00565	0.00170	0.00690	0.00506	0.00283	0.00892
74	0.83938	0.01106	0.00841	0.00752	0.01106	0.01283	0.00619	0.01681	0.00973	0.02566	0.00796	0.00929	0.00619	0.00531	0.00354	0.00177	0.00442	0.00310	0.00354	0.00619
75	0.05263	0.01242	0.01500	0.07395	0.01691	0.01419	0.02586	0.35086	0.01829	0.04660	0.05680	0.07661	0.01452	0.05186	0.02283	0.00226	0.12968	0.00642	0.00467	0.00765
76	0.00704	0.00512	0.00664	0.00771	0.00827	0.00472	0.00523	0.00821	0.01156	0.01535	0.09247	0.66844	0.10391	0.01711	0.00721	0.00225	0.00323	0.01541	0.00539	0.00472
77	0.01221	0.01160	0.01970	0.47008	0.34353	0.01308	0.01659	0.01585	0.01210	0.01633	0.01042	0.01479	0.00823	0.00546	0.00570	0.00182	0.00728	0.00509	0.00266	0.00749
78	0.00704	0.00514	0.00665	0.00782	0.00838	0.00475	0.00536	0.00815	0.01128	0.01480	0.03448	0.68088	0.12000	0.01744	0.00726	0.00229	0.00335	0.04493	0.00531	0.00469
79	0.00994	0.00497	0.00745	0.00745	0.00745	0.00497	0.00497	0.00745	0.00745	0.00994	0.00994	0.01739	0.00994	0.01987	0.02235	0.83358	0.00497	0.00497	0.00248	0.00248
80	0.01529	0.80242	0.02997	0.00979	0.01468	0.02263	0.00979	0.01713	0.01162	0.01346	0.00795	0.00918	0.00734	0.00489	0.00367	0.00122	0.00612	0.00306	0.00245	0.00734
81	0.00735	0.00596	0.00657	0.00656	0.00829	0.00525	0.00495	0.00947	0.03214	0.01733	0.20874	0.09290	0.51706	0.01395	0.00681	0.00195	0.00302	0.04111	0.00554	0.00507
82	0.01080	0.01017	0.01716	0.78523	0.03940	0.01271	0.01589	0.01461	0.01144	0.01461	0.01017	0.01525	0.00762	0.00572	0.00572	0.00191	0.00762	0.00508	0.00254	0.00635
83	0.01664	0.01124	0.01213	0.01047	0.01360	0.05431	0.00826	0.12918	0.22601	0.19720	0.07603	0.08642	0.06999	0.00912	0.00601	0.00186	0.00483	0.02829	0.03035	0.00805
84	0.70089	0.01307	0.01026	0.00895	0.01253	0.09351	0.02766	0.04324	0.01113	0.02459	0.00836	0.00973	0.00651	0.00541	0.00388	0.00174	0.00526	0.00333	0.00354	0.00641
85	0.01327	0.04048	0.02020	0.02772	0.53820	0.03466	0.02659	0.01690	0.04983	0.01822	0.03433	0.10778	0.01454	0.00719	0.00588	0.00179	0.00625	0.02456	0.00342	0.00820
86	0.01050	0.00684	0.02301	0.00782	0.00961	0.00601	0.00612	0.01287	0.01496	0.11898	0.48311	0.04078	0.08364	0.08960	0.00889	0.00223	0.00357	0.05973	0.00591	0.00579
87	0.01151	0.00746	0.00928	0.00837	0.01047	0.00728	0.00647	0.01634	0.13813	0.12479	0.50434	0.03676	0.05975	0.01056	0.00648	0.00184	0.00336	0.02394	0.00628	0.00658
88	0.01327	0.01305	0.01765	0.03707	0.14611	0.06853	0.03827	0.01559	0.02807	0.01583	0.00988	0.01392	0.00877	0.00818	0.01298	0.00212	0.45241	0.00506	0.08644	0.00680
89	0.01283	0.04762	0.47729	0.01820	0.05495	0.07468	0.17534	0.01829	0.01285	0.01785	0.03057	0.01349	0.00890	0.00548	0.00569	0.00179	0.00857	0.00489	0.00268	0.00806
90	0.00819	0.00604	0.00873	0.00873	0.00959	0.00690	0.00657	0.00992	0.00905	0.01293	0.01575	0.02483	0.01532	0.16205	0.65856	0.00862	0.01378	0.00647	0.00313	0.00485
91	0.01143	0.01062	0.01232	0.01056	0.01287	0.09208	0.08004	0.09243	0.01538	0.01973	0.23213	0.08580	0.22601	0.01091	0.00732	0.00189	0.05825	0.00920	0.00494	0.00609
92	0.01137	0.01082	0.01852	0.65305	0.14582	0.01289	0.03678	0.01515	0.01173	0.01532	0.01029	0.01509	0.00787	0.00560	0.00574	0.00188	0.00756	0.00513	0.00259	0.00679
93	0.20924	0.13420	0.01705	0.06464	0.03677	0.18217	0.02580	0.16694	0.01574	0.08191	0.01080	0.01188	0.00821	0.00585	0.00481	0.00162	0.00678	0.00412	0.00387	0.00758
94	0.00744	0.00558	0.00743	0.00838	0.00885	0.00548	0.00577	0.00850	0.01086	0.01468	0.02947	0.72527	0.03515	0.01703	0.00786	0.00229	0.04813	0.01520	0.00509	0.03156
95	0.75078	0.09615	0.01073	0.00777	0.01145	0.01389	0.00658	0.01685	0.00994	0.02435	0.00796	0.00928	0.00632	0.00526	0.00355	0.00171	0.00461	0.00309	0.00342	0.00632
96	0.01346	0.07449	0.01382	0.00936	0.01411	0.01040	0.00764	0.06029	0.11962	0.04183	0.01245	0.01334	0.00992	0.00503	0.00455	0.00111	0.00457	0.00398	0.00391	0.57612
97	0.00692	0.00580	0.00601	0.00596	0.00782	0.00490	0.00447	0.00852	0.01341	0.01634	0.14143	0.05358	0.67694	0.01415	0.00676	0.00192	0.00287	0.01187	0.00543	0.00490
98	0.00715	0.00511	0.00684	0.00817	0.00858	0.00480	0.00562	0.00828	0.01113	0.01480	0.03143	0.73651	0.03744	0.01775	0.00735	0.00235	0.00348	0.07322	0.00531	0.00470
99	0.01529	0.80242	0.02997	0.00979	0.01468	0.02263	0.00979	0.01713	0.01162	0.01346	0.00795	0.00918	0.00734	0.00489	0.00367	0.00122	0.00612	0.00306	0.00245	0.00734
100	0.00937	0.00610	0.00765	0.00725	0.00884	0.00549	0.00540	0.01149	0.01474	0.08991	0.44827	0.12525	0.18491	0.04035	0.00751	0.00201	0.00311	0.01083	0.00597	0.00554
101	0.01228	0.19378	0.61226	0.01492	0.02262	0.01527	0.01872	0.01790	0.01198	0.01712	0.00977	0.01146	0.00727	0.00532	0.00506	0.00169	0.00796	0.00398	0.00242	0.00822
102	0.00832	0.00555	0.00624	0.00624	0.00624	0.00555	0.00347	0.00832	0.00832	0.01109	0.01802	0.03743	0.02080	0.79898	0.02911	0.00555	0.00555	0.00832	0.00347	0.00347
103	0.01645	0.01252	0.01355	0.01144	0.01497	0.01377	0.00923	0.31335	0.29281	0.05569	0.02392	0.02530	0.10088	0.00875	0.00604	0.00189	0.00512	0.06000	0.00573	0.00858
104	0.01523	0.01090	0.01159	0.01035	0.03463	0.09284	0.00781	0.06060	0.06408	0.18863	0.12206	0.08097	0.10921	0.00975	0.02187	0.00185	0.00509	0.02416	0.00525	0.12313
105	0.10357	0.50020	0.02352	0.01068	0.01483	0.21189	0.00957	0.01843	0.01260	0.01510	0.00848	0.00982	0.00743	0.00524	0.00404	0.00135	0.00690	0.00329	0.02608	0.00698
106	0.60430	0.01101	0.00996	0.00845	0.01222	0.01211	0.00695	0.04955	0.03348	0.18779	0.01183	0.01204	0.00840	0.00583	0.00418	0.00177	0.00460	0.00386	0.00447	0.00719
107	0.01509	0.01422	0.02193	0.07432	0.61069	0.04536	0.01647	0.09654	0.01457	0.02015	0.01097	0.01401	0.00898	0.00536	0.00565	0.00170	0.00693	0.00504	0.00313	0.00888
108	0.01287	0.01396	0.02565	0.22034	0.02920	0.05210	0.40045	0.01669	0.01241	0.01644	0.01113	0.03753	0.00904	0.00616	0.00798	0.00199	0.11000	0.00621	0.00282	0.00703
109	0.00802	0.00556	0.00619	0.00625	0.00656	0.00540	0.00368	0.00829	0.00915	0.01191	0.02465	0.07434	0.13316	0.64541	0.02476	0.00485	0.00505	0.00924	0.00383	0.00372
110	0.00706	0.00579	0.00622	0.00616	0.00792	0.00495	0.00460	0.00877	0.01368	0.01708	0.21212	0.07073	0.58715	0.01396	0.00677	0.00191	0.00286	0.01180	0.00553	0.00495
111	0.01994	0.01465	0.01564	0.01228	0.01642	0.01623	0.01005	0.60200	0.10206	0.03342	0.01519	0.01523	0.01099	0.00694	0.00557	0.00170	0.00578	0.00531	0.08134	0.00925
112	0.02114	0.01572	0.01683	0.01304	0.01751	0.01746	0.01073	0.68685	0.08526	0.03507	0.01450	0.01434	0.01035	0.00694	0.00573	0.00173	0.00615	0.00526	0.00573	0.00967
113	0.02001	0.01485	0.01586	0.01248	0.01667	0.01650	0.01021	0.59841	0.13061	0.03344	0.01540	0.01528	0.01113	0.00698	0.00563	0.00173	0.00583	0.00535	0.05426	0.00937
114	0.01529	0.80242	0.02997	0.00979	0.01468	0.02263	0.00979	0.01713	0.01162	0.01346	0.00795	0.00918	0.00734	0.00489	0.00367	0.00122	0.00612	0.00306	0.00245	0.00734
115	0.00962	0.00818	0.03094	0.00845	0.01055	0.00782	0.00668	0.01575	0.20396	0.02229	0.47920	0.03762	0.11479	0.01079	0.00647	0.00185	0.00335	0.00935	0.00596	0.00636
116	0.02109	0.01504	0.01631	0.01273	0.01712	0.01654	0.01044	0.59501	0.11925	0.09327	0.01567	0.01517	0.01108	0.00700	0.00574	0.00175	0.00595	0.00537	0.00584	0.00964
