[name]
unknown

[dist]
# distance from previous block
# <min> <max>
4	69

[block]
# block no. 0 follows, 45 sequences, length 32
# corresponding to MSA columns:
# 87-118
name=unknown_A
#
# <colnr> <probs for GDERKNQSTAVLIFYWHMCP>
#	G	D	E	R	K	N	Q	S	T	A	V	L	I	F	Y	W	H	M	C	P
0	0.00700	0.00498	0.00634	0.00714	0.00756	0.00466	0.00466	0.00778	0.00977	0.01313	0.02602	0.60706	0.03091	0.19054	0.01123	0.00279	0.00361	0.01315	0.00453	0.03716
1	0.01169	0.01137	0.09713	0.00940	0.01360	0.02146	0.02398	0.03902	0.04200	0.06192	0.01379	0.11930	0.01261	0.03672	0.00562	0.00140	0.00466	0.00543	0.00367	0.46522
2	0.01638	0.01202	0.03477	0.01124	0.06017	0.06907	0.00863	0.11735	0.06522	0.21175	0.05309	0.01527	0.01213	0.00575	0.00492	0.00135	0.00502	0.00463	0.00454	0.28670
3	0.02112	0.00848	0.01151	0.00905	0.01268	0.00738	0.00738	0.02328	0.01533	0.64490	0.15674	0.02220	0.02001	0.00742	0.00557	0.00167	0.00420	0.00617	0.00651	0.00840
4	0.01386	0.09408	0.27162	0.01575	0.06245	0.04478	0.15364	0.13094	0.03998	0.04881	0.01246	0.03500	0.02559	0.00587	0.00555	0.00167	0.02190	0.00507	0.00328	0.00771
5	0.00727	0.00550	0.00747	0.00774	0.00868	0.00518	0.02863	0.00932	0.03881	0.01646	0.24863	0.48669	0.08086	0.01420	0.00660	0.00199	0.00315	0.01280	0.00520	0.00481
6	0.01335	0.01153	0.01214	0.01092	0.01396	0.01335	0.00850	0.02852	0.76817	0.02245	0.02185	0.02003	0.01639	0.00728	0.00546	0.00182	0.00425	0.00607	0.00546	0.00850
7	0.13757	0.04642	0.03097	0.02340	0.01477	0.01316	0.00887	0.24520	0.19693	0.20419	0.01585	0.01507	0.01119	0.00636	0.00502	0.00167	0.00500	0.00488	0.00515	0.00833
8	0.02072	0.01504	0.01573	0.01217	0.01638	0.05567	0.01000	0.65547	0.02383	0.10049	0.01340	0.01321	0.00939	0.00641	0.00535	0.00160	0.00598	0.00481	0.00535	0.00898
9	0.80605	0.01034	0.00831	0.04782	0.01175	0.01204	0.00628	0.01567	0.00922	0.02355	0.00758	0.00901	0.00588	0.00500	0.00343	0.00167	0.00431	0.00300	0.00327	0.00582
10	0.01014	0.00954	0.01610	0.79845	0.03697	0.01193	0.01491	0.01371	0.01073	0.01371	0.00954	0.01431	0.00716	0.00537	0.00537	0.00179	0.00716	0.00477	0.00239	0.00596
11	0.01113	0.00954	0.01113	0.00795	0.01272	0.00716	0.00636	0.01352	0.01113	0.01749	0.00954	0.01113	0.00795	0.00398	0.00398	0.00080	0.00398	0.00318	0.00318	0.84417
12	0.00805	0.00587	0.00745	0.00691	0.00833	0.00550	0.00522	0.03999	0.01545	0.02167	0.70846	0.03959	0.08530	0.01092	0.00629	0.00169	0.00268	0.00959	0.00584	0.00520
13	0.00674	0.00475	0.00617	0.00722	0.00748	0.00449	0.00471	0.00753	0.00989	0.01319	0.02761	0.68708	0.03300	0.14099	0.01005	0.00265	0.00344	0.01410	0.00471	0.00419
14	0.01130	0.01143	0.07960	0.08521	0.03327	0.04990	0.08359	0.12078	0.04410	0.01795	0.05104	0.23788	0.04866	0.05300	0.00741	0.00203	0.02799	0.00840	0.02027	0.00618
15	0.01339	0.01048	0.03730	0.10925	0.01718	0.00879	0.04699	0.03100	0.04062	0.13869	0.01199	0.01321	0.00901	0.00481	0.00462	0.00119	0.00490	0.00406	0.00371	0.48879
16	0.46543	0.04830	0.01176	0.00989	0.01309	0.29775	0.00783	0.04382	0.02818	0.01991	0.00827	0.00945	0.00660	0.00527	0.00400	0.00154	0.00631	0.00324	0.00319	0.00618
17	0.01077	0.02777	0.78354	0.01530	0.02323	0.01247	0.01983	0.01700	0.01133	0.01700	0.00963	0.01133	0.00680	0.00510	0.00510	0.00170	0.00793	0.00397	0.00227	0.00793
18	0.00723	0.00547	0.00667	0.00637	0.00780	0.00491	0.00478	0.00943	0.01434	0.01949	0.56655	0.04344	0.26040	0.01173	0.00633	0.00172	0.00259	0.01018	0.00564	0.00491
19	0.01077	0.02777	0.78354	0.01530	0.02323	0.01247	0.01983	0.01700	0.01133	0.01700	0.00963	0.01133	0.00680	0.00510	0.00510	0.00170	0.00793	0.00397	0.00227	0.00793
20	0.01137	0.00755	0.00952	0.22715	0.01615	0.00842	0.00769	0.10853	0.01290	0.02003	0.01470	0.01751	0.01133	0.00603	0.00441	0.00145	0.00423	0.00492	0.50032	0.00580
21	0.01418	0.01174	0.01373	0.04271	0.01449	0.06398	0.05833	0.26781	0.03162	0.02083	0.01332	0.03880	0.01178	0.14826	0.03300	0.00253	0.11708	0.00569	0.08357	0.00655
22	0.00709	0.00520	0.00655	0.00748	0.00800	0.00503	0.00503	0.00890	0.06019	0.01402	0.02893	0.65796	0.06196	0.08609	0.00854	0.00241	0.00336	0.01384	0.00486	0.00454
23	0.00693	0.00516	0.00721	0.00781	0.00844	0.00481	0.03164	0.00816	0.01092	0.01467	0.11991	0.63524	0.05582	0.04685	0.00756	0.00222	0.00333	0.01387	0.00495	0.00451
24	0.01901	0.04400	0.01556	0.01137	0.01574	0.01478	0.00942	0.56811	0.02187	0.08130	0.01273	0.01282	0.00915	0.00601	0.00509	0.00147	0.00551	0.00454	0.00501	0.13651
25	0.07024	0.01329	0.01495	0.01182	0.01565	0.06501	0.05980	0.38135	0.04593	0.18003	0.01541	0.07581	0.01186	0.00704	0.00540	0.00167	0.00572	0.00570	0.00512	0.00821
26	0.04255	0.00584	0.00735	0.00683	0.00833	0.00545	0.00517	0.01094	0.01482	0.05412	0.67866	0.03840	0.07996	0.01066	0.00617	0.00169	0.00269	0.00932	0.00579	0.00525
27	0.01415	0.77015	0.07079	0.00953	0.01431	0.02074	0.00979	0.01613	0.01093	0.01288	0.00759	0.00876	0.00688	0.00462	0.00354	0.00118	0.00586	0.00293	0.00229	0.00695
28	0.00658	0.00487	0.00610	0.00700	0.00764	0.00445	0.00476	0.00764	0.01079	0.01408	0.06439	0.60777	0.17897	0.03897	0.00733	0.00218	0.00307	0.01406	0.00497	0.00439
29	0.01032	0.14624	0.37624	0.01210	0.01705	0.01168	0.04753	0.01421	0.01141	0.01594	0.09173	0.11864	0.03726	0.02918	0.02073	0.00191	0.02174	0.00630	0.00313	0.00666
30	0.01447	0.02292	0.01102	0.00875	0.01187	0.03707	0.00698	0.20640	0.01521	0.09424	0.01510	0.07655	0.01241	0.00666	0.00494	0.00138	0.02101	0.00529	0.23177	0.19597
31	0.01120	0.14774	0.63821	0.01404	0.02121	0.01353	0.01764	0.01660	0.01141	0.01650	0.03822	0.01200	0.00847	0.00524	0.00489	0.00161	0.00739	0.00402	0.00241	0.00766

[dist]
# distance from previous block
# <min> <max>
3	8

[block]
# block no. 1 follows, 45 sequences, length 22
# corresponding to MSA columns:
# 127-148
name=unknown_B
#
# <colnr> <probs for GDERKNQSTAVLIFYWHMCP>
#	G	D	E	R	K	N	Q	S	T	A	V	L	I	F	Y	W	H	M	C	P
0	0.00847	0.00615	0.00746	0.03501	0.00876	0.00641	0.00509	0.04925	0.03948	0.01367	0.03845	0.28685	0.02406	0.40509	0.01700	0.00360	0.02695	0.00989	0.00403	0.00435
1	0.03962	0.00978	0.01132	0.00861	0.01274	0.00855	0.00689	0.09095	0.05968	0.15341	0.01530	0.01612	0.05107	0.03603	0.00545	0.00134	0.00427	0.00452	0.00425	0.46009
2	0.01338	0.01154	0.01266	0.01034	0.01331	0.07357	0.00826	0.11042	0.07334	0.05389	0.04308	0.06529	0.03035	0.00716	0.00736	0.00151	0.15785	0.00526	0.00387	0.29755
3	0.00678	0.00480	0.00628	0.00728	0.00757	0.00459	0.00480	0.00762	0.00983	0.01315	0.02702	0.65737	0.03214	0.13714	0.04423	0.00292	0.00392	0.01372	0.00463	0.00421
4	0.01192	0.01140	0.01932	0.35763	0.40044	0.01246	0.04356	0.01585	0.04472	0.01611	0.01040	0.01406	0.00826	0.00513	0.00538	0.00170	0.00672	0.00489	0.00267	0.00737
5	0.12356	0.01376	0.01466	0.01136	0.01552	0.01503	0.00938	0.58025	0.02207	0.12178	0.01321	0.01301	0.00921	0.00629	0.00512	0.00162	0.00553	0.00466	0.00527	0.00872
6	0.63462	0.00981	0.00840	0.05344	0.01168	0.01127	0.00628	0.05510	0.01040	0.02341	0.00933	0.01090	0.00722	0.00527	0.00361	0.00161	0.00418	0.00342	0.12416	0.00588
7	0.00789	0.00662	0.00724	0.00782	0.00851	0.06352	0.00544	0.00904	0.01121	0.01451	0.12275	0.53546	0.08373	0.05742	0.00801	0.00220	0.02658	0.01271	0.00477	0.00458
8	0.00672	0.00483	0.00635	0.00744	0.00790	0.00452	0.00509	0.00780	0.01060	0.01409	0.06033	0.68166	0.06761	0.03918	0.00743	0.00225	0.00323	0.05361	0.00497	0.00440
9	0.01037	0.00697	0.00772	0.00698	0.00931	0.00641	0.00541	0.04205	0.08675	0.13273	0.10862	0.04100	0.49241	0.01142	0.00608	0.00177	0.00325	0.00952	0.00538	0.00584
10	0.00654	0.00467	0.00623	0.00747	0.00779	0.00436	0.00498	0.00747	0.01028	0.01370	0.02959	0.80785	0.03550	0.01682	0.00685	0.00218	0.00311	0.01526	0.00498	0.00436
11	0.01335	0.01153	0.01214	0.01092	0.01396	0.01335	0.00850	0.02852	0.76817	0.02245	0.02185	0.02003	0.01639	0.00728	0.00546	0.00182	0.00425	0.00607	0.00546	0.00850
12	0.01545	0.01257	0.01332	0.01135	0.01476	0.01433	0.00900	0.24595	0.54733	0.02584	0.01918	0.01790	0.01423	0.00703	0.00543	0.00176	0.00474	0.00570	0.00543	0.00868
13	0.01124	0.01099	0.01543	0.04090	0.01422	0.01514	0.01113	0.01247	0.00835	0.01283	0.00833	0.02977	0.00845	0.04691	0.04759	0.00270	0.69028	0.00510	0.00247	0.00568
14	0.01014	0.00954	0.01610	0.79845	0.03697	0.01193	0.01491	0.01371	0.01073	0.01371	0.00954	0.01431	0.00716	0.00537	0.00537	0.00179	0.00716	0.00477	0.00239	0.00596
15	0.00657	0.00479	0.00611	0.00715	0.00763	0.00442	0.00479	0.00752	0.01041	0.01365	0.03209	0.67900	0.12667	0.05237	0.00771	0.00227	0.00316	0.01443	0.00490	0.00433
16	0.00653	0.00512	0.00586	0.00634	0.00747	0.00451	0.00447	0.00774	0.01148	0.01444	0.08199	0.35569	0.41618	0.03786	0.00716	0.00205	0.00294	0.01273	0.00498	0.00445
17	0.00882	0.00484	0.00662	0.00662	0.00662	0.00484	0.00419	0.00726	0.00726	0.00968	0.01184	0.02255	0.01270	0.28152	0.02308	0.56573	0.00484	0.00570	0.00264	0.00264
18	0.00690	0.00533	0.00626	0.00661	0.00773	0.00485	0.00469	0.00867	0.03403	0.01553	0.17132	0.33222	0.31719	0.04438	0.00730	0.00206	0.00297	0.01223	0.00510	0.00463
19	0.01440	0.13010	0.01809	0.01212	0.01577	0.04660	0.08493	0.18750	0.01410	0.01943	0.00959	0.01157	0.00786	0.00586	0.00726	0.00148	0.16717	0.00416	0.00333	0.23867
20	0.03516	0.15863	0.31454	0.01319	0.01886	0.08195	0.04732	0.19339	0.01489	0.02011	0.00991	0.01116	0.00747	0.00529	0.00481	0.00152	0.00699	0.00398	0.00314	0.04767
21	0.01697	0.02979	0.03843	0.01308	0.04622	0.10403	0.06935	0.30258	0.08980	0.06942	0.01264	0.01322	0.00939	0.00570	0.00510	0.00147	0.00609	0.00458	0.00429	0.15784

[dist]
# distance from previous block
# <min> <max>
0	13

[block]
# block no. 2 follows, 45 sequences, length 19
# corresponding to MSA columns:
# 162-180
name=unknown_C
#
# <colnr> <probs for GDERKNQSTAVLIFYWHMCP>
#	G	D	E	R	K	N	Q	S	T	A	V	L	I	F	Y	W	H	M	C	P
0	0.04699	0.04094	0.01315	0.01067	0.03172	0.05647	0.00832	0.25723	0.12761	0.12198	0.11300	0.03273	0.03195	0.03471	0.00606	0.00173	0.00499	0.00582	0.00502	0.04891
1	0.06116	0.01000	0.01261	0.00966	0.01385	0.00917	0.00796	0.12048	0.01600	0.58217	0.01844	0.01650	0.01193	0.00631	0.00517	0.00158	0.00467	0.00502	0.00602	0.08131
2	0.04098	0.00908	0.01127	0.14920	0.01551	0.00992	0.00813	0.17782	0.03804	0.07251	0.16980	0.02502	0.05798	0.15291	0.00993	0.00235	0.03219	0.00668	0.00446	0.00621
3	0.08511	0.01021	0.01192	0.00951	0.01283	0.01032	0.00757	0.23965	0.01630	0.34327	0.01669	0.01894	0.01255	0.14820	0.03068	0.00246	0.00531	0.00546	0.00530	0.00772
4	0.00718	0.00541	0.00616	0.00623	0.00771	0.00471	0.00457	0.00871	0.01254	0.03915	0.19407	0.19807	0.45936	0.01349	0.00641	0.00186	0.00282	0.01160	0.00522	0.00475
5	0.01144	0.00982	0.01156	0.00841	0.01291	0.00793	0.00676	0.03582	0.01140	0.01774	0.00951	0.01122	0.00794	0.00434	0.00474	0.00090	0.04614	0.00331	0.00320	0.77491
6	0.00658	0.00470	0.00627	0.00745	0.00779	0.00439	0.00499	0.00758	0.01047	0.01401	0.05893	0.77763	0.03610	0.01659	0.00683	0.00216	0.00309	0.01504	0.00502	0.00439
7	0.06327	0.03949	0.02737	0.01063	0.01483	0.01225	0.00895	0.33079	0.01875	0.36387	0.01602	0.01502	0.01075	0.00695	0.01971	0.00174	0.00537	0.00489	0.00559	0.02374
8	0.03689	0.01099	0.01362	0.01067	0.01449	0.01102	0.03551	0.25079	0.07431	0.37969	0.05154	0.03160	0.01414	0.03183	0.00613	0.00178	0.00502	0.00569	0.00579	0.00850
9	0.00702	0.00544	0.00640	0.00622	0.00768	0.00481	0.00464	0.00899	0.01375	0.01823	0.43895	0.07290	0.36103	0.01231	0.00636	0.00176	0.00263	0.01060	0.00548	0.00481
10	0.01360	0.01152	0.01250	0.01066	0.01353	0.07186	0.04483	0.14700	0.30179	0.04381	0.21655	0.02400	0.04885	0.00803	0.00570	0.00171	0.00470	0.00678	0.00523	0.00735
11	0.01220	0.01233	0.01666	0.01499	0.05462	0.05394	0.02877	0.01361	0.00897	0.01349	0.00768	0.01204	0.00735	0.00875	0.01565	0.00221	0.67761	0.00469	0.02839	0.00603
12	0.00996	0.00637	0.00723	0.00646	0.00883	0.00535	0.00500	0.01163	0.01302	0.15373	0.11569	0.04199	0.51986	0.01149	0.00602	0.00171	0.00311	0.00959	0.00526	0.05769
13	0.00830	0.00590	0.00721	0.00703	0.00756	0.00625	0.00469	0.04178	0.00909	0.01231	0.01811	0.05316	0.05500	0.50263	0.21770	0.00560	0.02278	0.00748	0.00337	0.00405
14	0.05340	0.01266	0.01414	0.01066	0.01509	0.01270	0.02640	0.41005	0.03605	0.02656	0.01154	0.01224	0.00868	0.00542	0.00478	0.00131	0.00514	0.00419	0.00439	0.32460
15	0.01246	0.01043	0.01170	0.00960	0.01262	0.04784	0.00754	0.14812	0.01360	0.03093	0.04018	0.17585	0.01520	0.00801	0.00646	0.00147	0.09173	0.00639	0.00398	0.34590
16	0.01333	0.01269	0.02081	0.02949	0.64053	0.01343	0.01557	0.04341	0.01213	0.01748	0.00976	0.01305	0.00832	0.00550	0.00708	0.00170	0.12009	0.00477	0.00271	0.00815
17	0.01264	0.01209	0.02061	0.19104	0.62486	0.01258	0.01615	0.01590	0.01192	0.01675	0.00998	0.01350	0.00822	0.00490	0.00533	0.00163	0.00654	0.00478	0.00260	0.00798
18	0.04273	0.01474	0.01598	0.09267	0.05030	0.05663	0.01079	0.57844	0.03699	0.02951	0.01221	0.01290	0.00883	0.00619	0.00528	0.00162	0.00617	0.00472	0.00476	0.00852

[dist]
# distance from previous block
# <min> <max>
3	23

[block]
# block no. 3 follows, 45 sequences, length 9
# corresponding to MSA columns:
# 204-212
name=unknown_D
#
# <colnr> <probs for GDERKNQSTAVLIFYWHMCP>
#	G	D	E	R	K	N	Q	S	T	A	V	L	I	F	Y	W	H	M	C	P
0	0.01804	0.01420	0.01695	0.01549	0.12184	0.01607	0.01132	0.53801	0.02073	0.02824	0.01157	0.01276	0.00871	0.00668	0.00731	0.00173	0.13252	0.00480	0.00451	0.00852
1	0.01248	0.01054	0.01239	0.00922	0.01341	0.00947	0.00747	0.11700	0.01278	0.01927	0.00974	0.01144	0.00802	0.00490	0.00563	0.00108	0.08991	0.00357	0.00339	0.63828
2	0.01057	0.00999	0.01689	0.69226	0.13975	0.01204	0.01512	0.01410	0.01094	0.01425	0.00962	0.01417	0.00734	0.00529	0.00536	0.00176	0.00705	0.00477	0.00242	0.00632
3	0.00696	0.00538	0.00618	0.00611	0.00744	0.00478	0.00443	0.00859	0.01278	0.01666	0.31530	0.10111	0.38398	0.08652	0.00831	0.00211	0.00291	0.01069	0.00517	0.00460
4	0.01057	0.00991	0.01634	0.69347	0.09569	0.01207	0.01468	0.01475	0.05222	0.01450	0.01026	0.01454	0.00777	0.00542	0.00537	0.00177	0.00693	0.00484	0.00258	0.00631
5	0.00728	0.00509	0.00614	0.00648	0.00687	0.00487	0.00412	0.00803	0.00994	0.01332	0.13270	0.28636	0.07432	0.39159	0.01643	0.00352	0.00400	0.01070	0.00430	0.00395
6	0.01249	0.01412	0.03055	0.07851	0.02870	0.01346	0.70482	0.01694	0.01253	0.01694	0.01076	0.01447	0.00807	0.00459	0.00627	0.00181	0.00891	0.00622	0.00269	0.00715
7	0.01006	0.00600	0.00766	0.00709	0.00883	0.00537	0.00537	0.01212	0.01410	0.14908	0.42956	0.13338	0.16770	0.01141	0.00624	0.00177	0.00298	0.00994	0.00576	0.00558
8	0.01913	0.06369	0.01623	0.01194	0.01599	0.04123	0.00985	0.62497	0.05973	0.03051	0.01351	0.04450	0.01032	0.00675	0.00530	0.00161	0.00583	0.00514	0.00509	0.00868

[dist]
# distance from previous block
# <min> <max>
1	23

[block]
# block no. 4 follows, 45 sequences, length 9
# corresponding to MSA columns:
# 236-244
name=unknown_E
#
# <colnr> <probs for GDERKNQSTAVLIFYWHMCP>
#	G	D	E	R	K	N	Q	S	T	A	V	L	I	F	Y	W	H	M	C	P
0	0.01673	0.06421	0.01430	0.01057	0.01403	0.01344	0.00863	0.47169	0.02007	0.05860	0.08306	0.05178	0.01545	0.06939	0.00710	0.00189	0.00526	0.02895	0.00499	0.03985
1	0.01081	0.01080	0.16712	0.00915	0.01226	0.00728	0.00870	0.01434	0.04272	0.13229	0.35915	0.07459	0.08275	0.00963	0.00598	0.00176	0.00414	0.03511	0.00510	0.00631
2	0.00851	0.00748	0.06731	0.00767	0.00954	0.00598	0.00643	0.01158	0.03500	0.04246	0.63103	0.03717	0.04382	0.03298	0.00681	0.00181	0.00320	0.03024	0.00553	0.00544
3	0.00809	0.00565	0.00674	0.00644	0.00806	0.00498	0.00484	0.01000	0.01367	0.06754	0.38199	0.09264	0.34532	0.01214	0.00631	0.00177	0.00278	0.01045	0.00552	0.00506
4	0.01441	0.01030	0.01184	0.01089	0.04064	0.01119	0.00819	0.02506	0.50187	0.15530	0.12831	0.02233	0.02043	0.00760	0.00557	0.00177	0.00414	0.00642	0.00563	0.00812
5	0.00806	0.00537	0.00652	0.00667	0.00793	0.00484	0.00483	0.00969	0.01241	0.06208	0.21844	0.30268	0.24028	0.01307	0.00626	0.00186	0.00290	0.01143	0.06976	0.00491
6	0.00743	0.00548	0.00694	0.00658	0.00792	0.00499	0.00493	0.00981	0.01480	0.02059	0.67905	0.04164	0.14722	0.01132	0.00633	0.00170	0.00256	0.00992	0.00579	0.00499
7	0.00786	0.00540	0.00685	0.00718	0.00814	0.00506	0.00525	0.00946	0.01201	0.03756	0.23828	0.26051	0.11620	0.11811	0.00929	0.00240	0.00347	0.11565	0.02663	0.00466
8	0.01097	0.01002	0.01568	0.67749	0.03356	0.01230	0.01400	0.05132	0.09126	0.01561	0.01100	0.01484	0.00822	0.00562	0.00538	0.00178	0.00679	0.00491	0.00285	0.00638

[dist]
# distance from previous block
# <min> <max>
2	5

[block]
# block no. 5 follows, 45 sequences, length 25
# corresponding to MSA columns:
# 250-274
name=unknown_F
#
# <colnr> <probs for GDERKNQSTAVLIFYWHMCP>
#	G	D	E	R	K	N	Q	S	T	A	V	L	I	F	Y	W	H	M	C	P
0	0.01440	0.76158	0.05506	0.00955	0.01421	0.04482	0.00961	0.01627	0.01106	0.01280	0.00757	0.00874	0.00689	0.00464	0.00355	0.00118	0.00594	0.00293	0.00231	0.00691
1	0.00998	0.00687	0.00852	0.00757	0.00934	0.00659	0.00572	0.03084	0.01181	0.06033	0.17959	0.10526	0.10092	0.05158	0.00916	0.09171	0.06444	0.00748	0.08533	0.14696
2	0.01371	0.67456	0.16256	0.01027	0.01546	0.01968	0.01108	0.01624	0.01098	0.01341	0.00785	0.00910	0.00687	0.00468	0.00374	0.00125	0.00613	0.00307	0.00229	0.00707
3	0.16405	0.01054	0.05484	0.00924	0.01245	0.00997	0.00781	0.19242	0.01583	0.17282	0.19286	0.09709	0.02148	0.00822	0.00536	0.00171	0.00439	0.00671	0.00516	0.00706
4	0.00781	0.00520	0.00585	0.00585	0.00585	0.00520	0.00325	0.00781	0.00781	0.01041	0.01691	0.03513	0.01952	0.81135	0.02732	0.00520	0.00520	0.00781	0.00325	0.00325
5	0.00723	0.00525	0.00720	0.00756	0.00830	0.00532	0.00544	0.00882	0.01085	0.01508	0.21093	0.32401	0.03145	0.06894	0.25323	0.00425	0.00662	0.01046	0.00445	0.00461
6	0.35979	0.04772	0.13099	0.00983	0.01403	0.03319	0.00920	0.13031	0.06941	0.07549	0.02798	0.01230	0.00908	0.00565	0.00435	0.00161	0.00517	0.00399	0.02393	0.02598
7	0.01264	0.01234	0.01985	0.25630	0.52957	0.04453	0.01576	0.01587	0.01191	0.01624	0.00986	0.01344	0.00804	0.00498	0.00531	0.00164	0.00674	0.00472	0.00258	0.00767
8	0.00725	0.00501	0.00620	0.00682	0.00707	0.00485	0.00436	0.00789	0.00945	0.01264	0.05452	0.39490	0.02870	0.37549	0.01610	0.00354	0.00411	0.04295	0.00424	0.00391
9	0.00856	0.00514	0.00750	0.06481	0.00946	0.00523	0.00551	0.00790	0.00865	0.01156	0.06517	0.17613	0.03611	0.03516	0.03795	0.49664	0.00464	0.00737	0.00320	0.00332
10	0.01153	0.15409	0.59705	0.01537	0.05405	0.01395	0.04900	0.01684	0.01136	0.01632	0.00935	0.01111	0.00694	0.00498	0.00489	0.00161	0.00756	0.00392	0.00231	0.00776
11	0.01802	0.01122	0.01122	0.00937	0.01235	0.14106	0.00741	0.08855	0.01562	0.33250	0.15310	0.02048	0.01860	0.00716	0.00523	0.00155	0.00489	0.00573	0.12864	0.00730
12	0.00867	0.00480	0.00684	0.00698	0.00725	0.00467	0.00477	0.00737	0.00834	0.01106	0.05908	0.11362	0.07123	0.01754	0.01713	0.61783	0.00422	0.02257	0.00310	0.00294
13	0.04607	0.01026	0.01589	0.69960	0.05462	0.03259	0.01430	0.03717	0.01127	0.01486	0.00954	0.01388	0.00719	0.00537	0.00527	0.00176	0.00704	0.00466	0.00253	0.00613
14	0.31054	0.01193	0.04490	0.05132	0.04532	0.03619	0.00880	0.12932	0.01410	0.27844	0.01321	0.01316	0.00907	0.00579	0.00463	0.00165	0.00513	0.00426	0.00460	0.00764
15	0.01060	0.01001	0.01694	0.68586	0.14594	0.01205	0.01514	0.01412	0.01095	0.01428	0.00962	0.01416	0.00735	0.00528	0.00536	0.00176	0.00704	0.00477	0.00243	0.00634
16	0.06358	0.00968	0.01266	0.00979	0.01376	0.00890	0.02573	0.08177	0.03091	0.60161	0.01917	0.01788	0.01268	0.04073	0.00622	0.00180	0.00477	0.00532	0.00604	0.02701
17	0.00932	0.00466	0.00699	0.00699	0.00699	0.00466	0.00466	0.00699	0.00699	0.00932	0.00932	0.01632	0.00932	0.01865	0.02098	0.84382	0.00466	0.00466	0.00233	0.00233
18	0.01111	0.02559	0.70323	0.01456	0.02189	0.01180	0.01842	0.01689	0.01158	0.04995	0.03275	0.03788	0.00925	0.00571	0.00520	0.00171	0.00748	0.00455	0.00265	0.00779
19	0.03830	0.12186	0.08521	0.04339	0.02532	0.05547	0.00921	0.07936	0.11127	0.13982	0.09361	0.03700	0.06813	0.00794	0.00592	0.03791	0.00517	0.02371	0.00438	0.00701
20	0.12230	0.08354	0.16410	0.02488	0.01489	0.02542	0.00999	0.08887	0.10227	0.15102	0.07797	0.05021	0.01455	0.03991	0.00594	0.00181	0.00530	0.00543	0.00430	0.00731
21	0.06990	0.06763	0.17493	0.01198	0.06255	0.02958	0.01063	0.07452	0.09757	0.05868	0.13356	0.03650	0.01663	0.00687	0.00545	0.00160	0.02634	0.01966	0.00398	0.09143
22	0.09868	0.01312	0.11892	0.01340	0.11739	0.03080	0.01041	0.10346	0.10817	0.16425	0.11807	0.03393	0.01618	0.00679	0.00526	0.00166	0.00516	0.00558	0.00458	0.02419
23	0.10447	0.03160	0.01537	0.04729	0.11464	0.05478	0.02976	0.27143	0.01711	0.17627	0.04049	0.01432	0.01071	0.00599	0.00508	0.00158	0.00565	0.00476	0.00458	0.04412
24	0.11328	0.03414	0.23902	0.01207	0.03611	0.01235	0.01179	0.21260	0.02828	0.14226	0.04670	0.01394	0.01057	0.00589	0.00497	0.00160	0.00579	0.00454	0.00417	0.05993

[dist]
# distance from previous block
# <min> <max>
5	21

[block]
# block no. 6 follows, 45 sequences, length 66
# corresponding to MSA columns:
# 303-368
name=unknown_G
#
# <colnr> <probs for GDERKNQSTAVLIFYWHMCP>
#	G	D	E	R	K	N	Q	S	T	A	V	L	I	F	Y	W	H	M	C	P
0	0.43420	0.01198	0.08740	0.00900	0.01277	0.01124	0.00811	0.11425	0.01263	0.09319	0.04663	0.03698	0.01134	0.00641	0.00444	0.00168	0.00473	0.04295	0.00404	0.04603
1	0.06791	0.11518	0.17864	0.00990	0.01350	0.02634	0.00951	0.06838	0.01227	0.11598	0.01842	0.18195	0.05606	0.08065	0.00729	0.00204	0.00528	0.02024	0.00399	0.00647
2	0.21810	0.01160	0.13755	0.03095	0.01344	0.01000	0.00905	0.03303	0.08564	0.03743	0.02842	0.01636	0.01126	0.03660	0.27532	0.00415	0.00843	0.00480	0.00336	0.02450
3	0.24999	0.14505	0.03277	0.00975	0.01360	0.01430	0.00839	0.23894	0.07793	0.08009	0.01163	0.01225	0.00878	0.00697	0.02626	0.02403	0.00535	0.00408	0.00412	0.02571
4	0.07171	0.03292	0.01199	0.07755	0.02940	0.07749	0.00814	0.22064	0.02973	0.05903	0.06240	0.12471	0.08506	0.07666	0.00733	0.00201	0.00521	0.00707	0.00444	0.00651
5	0.03963	0.22344	0.07837	0.04947	0.01530	0.01269	0.00939	0.09421	0.01426	0.27882	0.08353	0.01585	0.01334	0.00613	0.00482	0.00149	0.00519	0.00476	0.00449	0.04482
6	0.29789	0.00810	0.00783	0.02869	0.00998	0.02875	0.00575	0.02981	0.02907	0.01953	0.18972	0.04736	0.17142	0.02454	0.00662	0.05954	0.00382	0.02209	0.00429	0.00520
7	0.07862	0.01115	0.01540	0.30406	0.14958	0.01257	0.01214	0.11124	0.14766	0.08508	0.01308	0.01489	0.00969	0.00582	0.00522	0.00172	0.00590	0.00492	0.00379	0.00749
8	0.00889	0.00640	0.00840	0.00851	0.01010	0.00613	0.00695	0.01191	0.05033	0.03514	0.30573	0.08403	0.03584	0.01219	0.00661	0.00200	0.00384	0.32899	0.00525	0.06277
9	0.01143	0.00964	0.01343	0.32599	0.03777	0.00938	0.01012	0.01465	0.03169	0.05139	0.01042	0.01302	0.00812	0.00476	0.00467	0.00128	0.00533	0.00403	0.00307	0.42979
10	0.00794	0.00571	0.00768	0.00796	0.00917	0.00545	0.00640	0.01038	0.01391	0.01914	0.46270	0.08191	0.04259	0.01268	0.00676	0.00200	0.00346	0.28367	0.00551	0.00499
11	0.00882	0.00576	0.00757	0.00696	0.00844	0.00527	0.00527	0.01132	0.01521	0.07803	0.71899	0.03847	0.04787	0.01065	0.00626	0.00169	0.00268	0.00939	0.00596	0.00537
12	0.84927	0.01038	0.00789	0.00706	0.01038	0.01204	0.00581	0.01578	0.00914	0.02408	0.00747	0.00872	0.00581	0.00498	0.00332	0.00166	0.00415	0.00291	0.00332	0.00581
13	0.00748	0.00539	0.00707	0.00684	0.00799	0.00498	0.00506	0.00982	0.01463	0.02062	0.68893	0.12878	0.04890	0.01165	0.00639	0.00175	0.00260	0.01035	0.00580	0.00498
14	0.04666	0.01225	0.01414	0.01095	0.01510	0.01267	0.00902	0.39549	0.05350	0.34853	0.01662	0.01535	0.01110	0.00652	0.00532	0.00164	0.00522	0.00507	0.00585	0.00900
15	0.84927	0.01038	0.00789	0.00706	0.01038	0.01204	0.00581	0.01578	0.00914	0.02408	0.00747	0.00872	0.00581	0.00498	0.00332	0.00166	0.00415	0.00291	0.00332	0.00581
16	0.00635	0.00541	0.00546	0.00550	0.00727	0.00453	0.00411	0.00770	0.01218	0.01448	0.05363	0.07448	0.75335	0.01369	0.00636	0.00182	0.00273	0.01145	0.00498	0.00453
17	0.00654	0.00467	0.00623	0.00747	0.00779	0.00436	0.00498	0.00747	0.01028	0.01370	0.02959	0.80785	0.03550	0.01682	0.00685	0.00218	0.00311	0.01526	0.00498	0.00436
18	0.01014	0.00954	0.01610	0.79845	0.03697	0.01193	0.01491	0.01371	0.01073	0.01371	0.00954	0.01431	0.00716	0.00537	0.00537	0.00179	0.00716	0.00477	0.00239	0.00596
19	0.01255	0.01178	0.01988	0.07176	0.64454	0.01191	0.01544	0.01567	0.01216	0.01715	0.01229	0.01908	0.01115	0.00603	0.00557	0.00171	0.00625	0.09422	0.00292	0.00793
20	0.01077	0.02777	0.78354	0.01530	0.02323	0.01247	0.01983	0.01700	0.01133	0.01700	0.00963	0.01133	0.00680	0.00510	0.00510	0.00170	0.00793	0.00397	0.00227	0.00793
21	0.01267	0.01448	0.03167	0.02262	0.02805	0.01357	0.75837	0.01719	0.01267	0.01719	0.01086	0.01448	0.00814	0.00452	0.00633	0.00181	0.00905	0.00633	0.00271	0.00724
22	0.01081	0.02744	0.76523	0.01548	0.02335	0.01249	0.03782	0.01700	0.01137	0.01700	0.00966	0.01141	0.00683	0.00509	0.00513	0.00170	0.00796	0.00402	0.00228	0.00792
23	0.01096	0.00829	0.01205	0.01135	0.01354	0.00838	0.09102	0.06987	0.08032	0.05353	0.02505	0.07805	0.04183	0.01207	0.00683	0.00221	0.00526	0.45856	0.00486	0.00598
24	0.00932	0.00466	0.00699	0.00699	0.00699	0.00466	0.00466	0.00699	0.00699	0.00932	0.00932	0.01632	0.00932	0.01865	0.02098	0.84382	0.00466	0.00466	0.00233	0.00233
25	0.01077	0.02777	0.78354	0.01530	0.02323	0.01247	0.01983	0.01700	0.01133	0.01700	0.00963	0.01133	0.00680	0.00510	0.00510	0.00170	0.00793	0.00397	0.00227	0.00793
26	0.02007	0.01667	0.01580	0.01254	0.01653	0.14618	0.01016	0.60770	0.05242	0.02992	0.01247	0.01263	0.00904	0.00632	0.00528	0.00158	0.00648	0.00465	0.00494	0.00862
27	0.01513	0.01113	0.01219	0.01070	0.01392	0.01245	0.00840	0.02813	0.64351	0.14816	0.02174	0.01974	0.01587	0.00718	0.00545	0.00179	0.00430	0.00596	0.00566	0.00860
28	0.15260	0.68142	0.02478	0.00883	0.01321	0.01972	0.00863	0.01602	0.01061	0.01453	0.00746	0.00863	0.00671	0.00466	0.00342	0.00123	0.00548	0.00288	0.00247	0.00671
29	0.01297	0.01282	0.02304	0.08292	0.60368	0.01283	0.13922	0.01641	0.01220	0.01722	0.01019	0.01355	0.00835	0.00478	0.00549	0.00164	0.00687	0.00504	0.00265	0.00812
30	0.01995	0.01658	0.01574	0.01251	0.01649	0.14448	0.01013	0.59617	0.06574	0.02976	0.01264	0.01276	0.00917	0.00634	0.00529	0.00159	0.00644	0.00468	0.00494	0.00861
31	0.00654	0.00467	0.00623	0.00747	0.00779	0.00436	0.00498	0.00747	0.01028	0.01370	0.02959	0.80785	0.03550	0.01682	0.00685	0.00218	0.00311	0.01526	0.00498	0.00436
32	0.01287	0.01478	0.03123	0.02239	0.02774	0.03459	0.73812	0.01731	0.01274	0.01708	0.01079	0.01435	0.00811	0.00455	0.00629	0.00180	0.00907	0.00626	0.00272	0.00721
33	0.01336	0.59791	0.23616	0.01087	0.01638	0.01882	0.01212	0.01633	0.01102	0.01383	0.00806	0.00936	0.00686	0.00473	0.00390	0.00130	0.00634	0.00317	0.00229	0.00718
34	0.02392	0.00940	0.01262	0.00967	0.01383	0.00828	0.00799	0.05867	0.01580	0.74846	0.02081	0.01803	0.01310	0.00663	0.00540	0.00166	0.00463	0.00537	0.00659	0.00913
35	0.00781	0.00520	0.00585	0.00585	0.00585	0.00520	0.00325	0.00781	0.00781	0.01041	0.01691	0.03513	0.01952	0.81135	0.02732	0.00520	0.00520	0.00781	0.00325	0.00325
36	0.01250	0.01418	0.03069	0.02205	0.02723	0.01343	0.72200	0.01686	0.01250	0.01701	0.01121	0.03315	0.00876	0.00494	0.00663	0.00183	0.02862	0.00650	0.00276	0.00714
37	0.01435	0.81458	0.02813	0.00918	0.01378	0.02124	0.00918	0.01607	0.01091	0.01263	0.00746	0.00861	0.00689	0.00459	0.00344	0.00115	0.00574	0.00287	0.00230	0.00689
38	0.00654	0.00467	0.00623	0.00747	0.00779	0.00436	0.00498	0.00747	0.01028	0.01370	0.02959	0.80785	0.03550	0.01682	0.00685	0.00218	0.00311	0.01526	0.00498	0.00436
39	0.02005	0.02558	0.01521	0.01383	0.01659	0.78980	0.01037	0.02143	0.01521	0.01314	0.00830	0.00968	0.00691	0.00553	0.00484	0.00138	0.00968	0.00346	0.00277	0.00622
40	0.02408	0.00914	0.01246	0.00955	0.01370	0.00789	0.00789	0.02616	0.01536	0.78158	0.02118	0.01827	0.01329	0.00664	0.00540	0.00166	0.00457	0.00540	0.00664	0.00914
41	0.00654	0.00467	0.00623	0.00747	0.00779	0.00436	0.00498	0.00747	0.01028	0.01370	0.02959	0.80785	0.03550	0.01682	0.00685	0.00218	0.00311	0.01526	0.00498	0.00436
42	0.00865	0.00618	0.00865	0.00989	0.01112	0.00618	0.00865	0.01112	0.01236	0.01606	0.02842	0.06055	0.03089	0.01483	0.00741	0.00247	0.00494	0.74174	0.00494	0.00494
43	0.07158	0.01561	0.01542	0.01212	0.01618	0.08631	0.00990	0.62820	0.04236	0.03106	0.01237	0.01252	0.00891	0.00629	0.00520	0.00160	0.00610	0.00462	0.00501	0.00864
44	0.01329	0.01275	0.02179	0.03295	0.77787	0.01275	0.01647	0.01647	0.01222	0.01754	0.01010	0.01329	0.00850	0.00478	0.00531	0.00159	0.00638	0.00478	0.00266	0.00850
45	0.02408	0.00914	0.01246	0.00955	0.01370	0.00789	0.00789	0.02616	0.01536	0.78158	0.02118	0.01827	0.01329	0.00664	0.00540	0.00166	0.00457	0.00540	0.00664	0.00914
46	0.01319	0.01266	0.02162	0.05565	0.75589	0.01273	0.01643	0.01639	0.01218	0.01742	0.01008	0.01332	0.00846	0.00480	0.00532	0.00160	0.00640	0.00478	0.00265	0.00843
47	0.01095	0.06791	0.74500	0.01499	0.02275	0.01291	0.01929	0.01695	0.01131	0.01678	0.00952	0.01119	0.00680	0.00507	0.00502	0.00167	0.00782	0.00391	0.00227	0.00788
48	0.00865	0.00618	0.00865	0.00989	0.01112	0.00618	0.00865	0.01112	0.01236	0.01606	0.02842	0.06055	0.03089	0.01483	0.00741	0.00247	0.00494	0.74174	0.00494	0.00494
49	0.00780	0.00562	0.00746	0.00735	0.00861	0.00528	0.00575	0.01032	0.01466	0.02049	0.63322	0.04398	0.04690	0.01171	0.00654	0.00184	0.00299	0.14875	0.00573	0.00504
50	0.01149	0.01102	0.08346	0.01224	0.01541	0.00974	0.12348	0.11156	0.08154	0.03581	0.02406	0.03737	0.10067	0.01030	0.00644	0.00204	0.00566	0.30672	0.00450	0.00647
51	0.00654	0.00467	0.00623	0.00747	0.00779	0.00436	0.00498	0.00747	0.01028	0.01370	0.02959	0.80785	0.03550	0.01682	0.00685	0.00218	0.00311	0.01526	0.00498	0.00436
52	0.02408	0.00914	0.01246	0.00955	0.01370	0.00789	0.00789	0.02616	0.01536	0.78158	0.02118	0.01827	0.01329	0.00664	0.00540	0.00166	0.00457	0.00540	0.00664	0.00914
53	0.01077	0.02777	0.78354	0.01530	0.02323	0.01247	0.01983	0.01700	0.01133	0.01700	0.00963	0.01133	0.00680	0.00510	0.00510	0.00170	0.00793	0.00397	0.00227	0.00793
54	0.01282	0.01228	0.02094	0.14687	0.66761	0.01263	0.01624	0.01606	0.01200	0.01697	0.01001	0.01344	0.00830	0.00487	0.00532	0.00162	0.00649	0.00478	0.00262	0.00812
55	0.00865	0.00618	0.00865	0.00989	0.01112	0.00618	0.00865	0.01112	0.01236	0.01606	0.02842	0.06055	0.03089	0.01483	0.00741	0.00247	0.00494	0.74174	0.00494	0.00494
56	0.01014	0.00954	0.01610	0.79845	0.03697	0.01193	0.01491	0.01371	0.01073	0.01371	0.00954	0.01431	0.00716	0.00537	0.00537	0.00179	0.00716	0.00477	0.00239	0.00596
57	0.01197	0.01160	0.02245	0.01702	0.02088	0.01112	0.45379	0.05069	0.05960	0.04851	0.01684	0.21752	0.01590	0.00801	0.00633	0.00189	0.00691	0.00849	0.00375	0.00675
58	0.01329	0.01270	0.02136	0.03197	0.74402	0.01278	0.01612	0.01701	0.04571	0.01775	0.01062	0.01358	0.00885	0.00489	0.00532	0.00160	0.00628	0.00484	0.00278	0.00850
59	0.00654	0.00467	0.00623	0.00747	0.00779	0.00436	0.00498	0.00747	0.01028	0.01370	0.02959	0.80785	0.03550	0.01682	0.00685	0.00218	0.00311	0.01526	0.00498	0.00436
60	0.00654	0.00467	0.00623	0.00747	0.00779	0.00436	0.00498	0.00747	0.01028	0.01370	0.02959	0.80785	0.03550	0.01682	0.00685	0.00218	0.00311	0.01526	0.00498	0.00436
61	0.01888	0.01325	0.01457	0.01162	0.01548	0.01447	0.00952	0.52644	0.12813	0.10789	0.01617	0.03652	0.01228	0.00724	0.00552	0.00170	0.00542	0.04070	0.00548	0.00872
62	0.49724	0.01355	0.01069	0.00919	0.01262	0.16171	0.00738	0.08519	0.01264	0.13101	0.01008	0.01064	0.00739	0.00546	0.00409	0.00160	0.00543	0.00354	0.00387	0.00666
63	0.01795	0.01339	0.01462	0.01116	0.01550	0.01399	0.00914	0.52486	0.06047	0.05024	0.01280	0.01300	0.00935	0.00591	0.00505	0.00143	0.00533	0.00452	0.00489	0.20642
64	0.01869	0.01652	0.01469	0.01222	0.01580	0.21133	0.00970	0.34969	0.21229	0.06231	0.01442	0.01417	0.01063	0.00644	0.00526	0.00161	0.00637	0.00483	0.00480	0.00823
65	0.01961	0.01397	0.01508	0.01184	0.01590	0.06825	0.02980	0.42752	0.11105	0.17189	0.01501	0.01451	0.01056	0.00636	0.00531	0.00160	0.00572	0.00496	0.00527	0.04579

[dist]
# distance from previous block
# <min> <max>
2	8

[block]
# block no. 7 follows, 45 sequences, length 9
# corresponding to MSA columns:
# 377-385
name=unknown_H
#
# <colnr> <probs for GDERKNQSTAVLIFYWHMCP>
#	G	D	E	R	K	N	Q	S	T	A	V	L	I	F	Y	W	H	M	C	P
0	0.19950	0.01328	0.01289	0.01138	0.05293	0.13203	0.00864	0.17204	0.04528	0.24519	0.04569	0.01451	0.01128	0.00618	0.00489	0.00161	0.00554	0.00462	0.00478	0.00774
1	0.05383	0.06923	0.03591	0.01060	0.01441	0.01283	0.00886	0.14269	0.32988	0.23631	0.01823	0.01684	0.01295	0.00662	0.00518	0.00168	0.00481	0.00526	0.00537	0.00853
2	0.04152	0.08535	0.06636	0.01303	0.01638	0.54832	0.01058	0.05231	0.08836	0.01544	0.00981	0.01082	0.00789	0.00562	0.00479	0.00145	0.00841	0.00374	0.00308	0.00672
3	0.01450	0.70177	0.08137	0.00996	0.01466	0.07554	0.01003	0.01652	0.01125	0.01298	0.00768	0.00888	0.00688	0.00470	0.00366	0.00120	0.00618	0.00299	0.00233	0.00692
4	0.06655	0.15022	0.61378	0.01380	0.02090	0.01382	0.01724	0.01677	0.01112	0.01678	0.00915	0.01073	0.00675	0.00501	0.00472	0.00161	0.00734	0.00372	0.00234	0.00763
5	0.01107	0.09538	0.71862	0.01477	0.02242	0.01322	0.01892	0.01692	0.01130	0.01662	0.00945	0.01110	0.00681	0.00506	0.00496	0.00165	0.00774	0.00387	0.00227	0.00784
6	0.00873	0.00649	0.00808	0.00888	0.01014	0.03089	0.00729	0.01076	0.01231	0.03630	0.07589	0.18985	0.11605	0.01429	0.00699	0.00224	0.00436	0.44053	0.00499	0.00495
7	0.72659	0.01053	0.00868	0.00760	0.01099	0.01202	0.00623	0.04396	0.04895	0.07017	0.00923	0.01003	0.00693	0.00525	0.00363	0.00167	0.00425	0.00329	0.00371	0.00627
8	0.01928	0.01448	0.01548	0.01212	0.01622	0.01612	0.00993	0.64342	0.14362	0.03202	0.01432	0.01403	0.01029	0.00658	0.00538	0.00164	0.00564	0.00503	0.00538	0.00903

[dist]
# distance from previous block
# <min> <max>
0	1

[block]
# block no. 8 follows, 45 sequences, length 84
# corresponding to MSA columns:
# 387-470
name=unknown_I
#
# <colnr> <probs for GDERKNQSTAVLIFYWHMCP>
#	G	D	E	R	K	N	Q	S	T	A	V	L	I	F	Y	W	H	M	C	P
0	0.01344	0.01305	0.02164	0.03250	0.76015	0.03084	0.01633	0.01659	0.01229	0.01743	0.01006	0.01320	0.00847	0.00480	0.00530	0.00159	0.00645	0.00475	0.00266	0.00845
1	0.01156	0.02224	0.47110	0.01834	0.02524	0.01293	0.32674	0.01708	0.01189	0.01708	0.01014	0.01264	0.00736	0.00486	0.00561	0.00175	0.00840	0.00495	0.00245	0.00765
2	0.01145	0.17890	0.63844	0.01413	0.02142	0.01415	0.01779	0.01682	0.01125	0.01616	0.00922	0.01081	0.00682	0.00500	0.00478	0.00159	0.00751	0.00376	0.00227	0.00773
3	0.00857	0.00615	0.00855	0.00974	0.01100	0.00612	0.00850	0.01101	0.01235	0.01601	0.02927	0.06026	0.05515	0.01479	0.00738	0.00245	0.00487	0.71795	0.00494	0.00493
4	0.01263	0.01436	0.03103	0.02227	0.02747	0.01370	0.72703	0.01702	0.01248	0.01702	0.01070	0.01436	0.00810	0.00473	0.00681	0.00183	0.04232	0.00627	0.00270	0.00718
5	0.01353	0.58111	0.15690	0.01190	0.01716	0.01879	0.10445	0.01637	0.01120	0.01394	0.00826	0.00981	0.00703	0.00467	0.00409	0.00132	0.00653	0.00349	0.00234	0.00711
6	0.00868	0.00466	0.00682	0.00710	0.00718	0.00459	0.00474	0.00710	0.00775	0.01034	0.01401	0.19939	0.01538	0.01822	0.01771	0.64916	0.00430	0.00711	0.00294	0.00280
7	0.00684	0.00489	0.00658	0.00782	0.00826	0.00462	0.00551	0.00800	0.01058	0.01404	0.02942	0.70058	0.03484	0.01653	0.00693	0.00222	0.00338	0.11954	0.00498	0.00444
8	0.00654	0.00467	0.00623	0.00747	0.00779	0.00436	0.00498	0.00747	0.01028	0.01370	0.02959	0.80785	0.03550	0.01682	0.00685	0.00218	0.00311	0.01526	0.00498	0.00436
9	0.02041	0.01504	0.01611	0.01235	0.01665	0.01665	0.01020	0.75997	0.02524	0.03383	0.01289	0.01289	0.00913	0.00644	0.00537	0.00161	0.00591	0.00483	0.00537	0.00913
10	0.00760	0.00549	0.00718	0.00675	0.00802	0.00506	0.00506	0.01013	0.01519	0.02153	0.77503	0.04010	0.05065	0.01097	0.00633	0.00169	0.00253	0.00971	0.00591	0.00506
11	0.84927	0.01038	0.00789	0.00706	0.01038	0.01204	0.00581	0.01578	0.00914	0.02408	0.00747	0.00872	0.00581	0.00498	0.00332	0.00166	0.00415	0.00291	0.00332	0.00581
12	0.00634	0.00544	0.00544	0.00544	0.00725	0.00453	0.00408	0.00770	0.01224	0.01450	0.05438	0.05166	0.77569	0.01359	0.00634	0.00181	0.00272	0.01133	0.00498	0.00453
13	0.00879	0.00584	0.00706	0.00655	0.00831	0.00515	0.00498	0.01084	0.01411	0.09556	0.43071	0.04220	0.31681	0.01151	0.00624	0.00173	0.00281	0.00988	0.00564	0.00528
14	0.02041	0.01504	0.01611	0.01235	0.01665	0.01665	0.01020	0.75997	0.02524	0.03383	0.01289	0.01289	0.00913	0.00644	0.00537	0.00161	0.00591	0.00483	0.00537	0.00913
15	0.01113	0.00954	0.01113	0.00795	0.01272	0.00716	0.00636	0.01352	0.01113	0.01749	0.00954	0.01113	0.00795	0.00398	0.00398	0.00080	0.00398	0.00318	0.00318	0.84417
16	0.00760	0.00549	0.00718	0.00675	0.00802	0.00506	0.00506	0.01013	0.01519	0.02153	0.77503	0.04010	0.05065	0.01097	0.00633	0.00169	0.00253	0.00971	0.00591	0.00506
17	0.01335	0.01153	0.01214	0.01092	0.01396	0.01335	0.00850	0.02852	0.76817	0.02245	0.02185	0.02003	0.01639	0.00728	0.00546	0.00182	0.00425	0.00607	0.00546	0.00850
18	0.01316	0.01263	0.02157	0.06261	0.74916	0.01272	0.01641	0.01637	0.01216	0.01739	0.01008	0.01333	0.00845	0.00481	0.00532	0.00160	0.00641	0.00478	0.00265	0.00840
19	0.01077	0.02777	0.78354	0.01530	0.02323	0.01247	0.01983	0.01700	0.01133	0.01700	0.00963	0.01133	0.00680	0.00510	0.00510	0.00170	0.00793	0.00397	0.00227	0.00793
20	0.01923	0.01426	0.01530	0.01203	0.01609	0.01584	0.00984	0.61026	0.15872	0.05017	0.01470	0.01431	0.01054	0.00660	0.00539	0.00165	0.00558	0.00507	0.00542	0.00902
21	0.02339	0.00898	0.01224	0.00943	0.01346	0.00777	0.00777	0.02549	0.01536	0.74968	0.05283	0.01919	0.01486	0.00683	0.00544	0.00166	0.00448	0.00558	0.00661	0.00896
22	0.84927	0.01038	0.00789	0.00706	0.01038	0.01204	0.00581	0.01578	0.00914	0.02408	0.00747	0.00872	0.00581	0.00498	0.00332	0.00166	0.00415	0.00291	0.00332	0.00581
23	0.02408	0.00914	0.01246	0.00955	0.01370	0.00789	0.00789	0.02616	0.01536	0.78158	0.02118	0.01827	0.01329	0.00664	0.00540	0.00166	0.00457	0.00540	0.00664	0.00914
24	0.00678	0.00501	0.00708	0.00800	0.00850	0.00469	0.02887	0.00786	0.01040	0.01386	0.02897	0.76699	0.03454	0.01639	0.00685	0.00217	0.00334	0.03032	0.00491	0.00446
25	0.00767	0.00575	0.00863	0.00863	0.00959	0.00671	0.00671	0.00959	0.00863	0.01246	0.01438	0.02109	0.01342	0.04026	0.79008	0.00863	0.01438	0.00575	0.00288	0.00479
26	0.01174	0.01174	0.01644	0.01409	0.01409	0.01644	0.01174	0.01292	0.00822	0.01292	0.00705	0.01174	0.00705	0.00940	0.01762	0.00235	0.80153	0.00470	0.00235	0.00587
27	0.01267	0.01448	0.03167	0.02262	0.02805	0.01357	0.75837	0.01719	0.01267	0.01719	0.01086	0.01448	0.00814	0.00452	0.00633	0.00181	0.00905	0.00633	0.00271	0.00724
28	0.01243	0.01614	0.12546	0.02171	0.02745	0.01344	0.66624	0.01717	0.01250	0.01717	0.01071	0.01409	0.00798	0.00460	0.00618	0.00180	0.00891	0.00604	0.00266	0.00733
29	0.00654	0.00467	0.00623	0.00747	0.00779	0.00436	0.00498	0.00747	0.01028	0.01370	0.02959	0.80785	0.03550	0.01682	0.00685	0.00218	0.00311	0.01526	0.00498	0.00436
30	0.01949	0.01428	0.01534	0.01191	0.01595	0.01576	0.00978	0.70475	0.02417	0.03255	0.01373	0.04649	0.01038	0.00687	0.00538	0.00162	0.00568	0.00528	0.03177	0.00880
31	0.00992	0.00924	0.01550	0.75027	0.03519	0.01147	0.01430	0.01333	0.01071	0.01371	0.01076	0.06265	0.00888	0.00606	0.00546	0.00181	0.00691	0.00541	0.00254	0.00587
32	0.01255	0.01529	0.07774	0.02218	0.02776	0.01351	0.71312	0.01718	0.01259	0.01718	0.01078	0.01429	0.00806	0.00456	0.00626	0.00180	0.00898	0.00619	0.00269	0.00728
33	0.00654	0.00467	0.00623	0.00747	0.00779	0.00436	0.00498	0.00747	0.01028	0.01370	0.02959	0.80785	0.03550	0.01682	0.00685	0.00218	0.00311	0.01526	0.00498	0.00436
34	0.02408	0.00914	0.01246	0.00955	0.01370	0.00789	0.00789	0.02616	0.01536	0.78158	0.02118	0.01827	0.01329	0.00664	0.00540	0.00166	0.00457	0.00540	0.00664	0.00914
35	0.01435	0.81458	0.02813	0.00918	0.01378	0.02124	0.00918	0.01607	0.01091	0.01263	0.00746	0.00861	0.00689	0.00459	0.00344	0.00115	0.00574	0.00287	0.00230	0.00689
36	0.00780	0.00523	0.00599	0.00599	0.00603	0.00528	0.00342	0.00789	0.00785	0.01051	0.01679	0.03446	0.01922	0.77462	0.06366	0.00537	0.00564	0.00771	0.00323	0.00333
37	0.00850	0.00570	0.00738	0.00683	0.00831	0.00520	0.00517	0.01093	0.01501	0.06635	0.68316	0.03955	0.09568	0.01089	0.00628	0.00169	0.00267	0.00956	0.00589	0.00527
38	0.01161	0.01104	0.01875	0.44123	0.38271	0.01231	0.01564	0.01500	0.01143	0.01550	0.00980	0.01383	0.00778	0.00509	0.00534	0.00170	0.00679	0.00478	0.00251	0.00715
39	0.00778	0.00676	0.00678	0.00672	0.00839	0.03838	0.00496	0.01048	0.08298	0.01577	0.12701	0.14093	0.47518	0.03519	0.00685	0.00192	0.00325	0.01072	0.00499	0.00498
