[name]
unknown

[dist]
# distance from previous block
# <min> <max>
0	29

[block]
# block no. 0 follows, 41 sequences, length 8
# corresponding to MSA columns:
# 293-300
name=unknown_A
#
# <colnr> <probs for GDERKNQSTAVLIFYWHMCP>
#	G	D	E	R	K	N	Q	S	T	A	V	L	I	F	Y	W	H	M	C	P
0	0.01282	0.09041	0.07061	0.01124	0.01382	0.00997	0.01035	0.01549	0.01303	0.13164	0.02329	0.04338	0.02324	0.01205	0.00791	0.00228	0.07464	0.42252	0.00480	0.00649
1	0.17314	0.04292	0.01424	0.01090	0.01460	0.02667	0.08247	0.07795	0.07290	0.21801	0.09677	0.06332	0.01703	0.00744	0.00544	0.00176	0.00512	0.00621	0.02230	0.04080
2	0.10904	0.29145	0.10253	0.02917	0.01897	0.01664	0.16142	0.07298	0.01315	0.06172	0.01109	0.03976	0.00914	0.00592	0.00545	0.00166	0.03422	0.00484	0.00328	0.00757
3	0.08646	0.02894	0.01110	0.00956	0.01192	0.00907	0.04825	0.03196	0.12185	0.05291	0.17446	0.05436	0.11116	0.08000	0.00845	0.00228	0.01620	0.11151	0.00505	0.02449
4	0.03464	0.06535	0.24116	0.04561	0.07275	0.15782	0.01363	0.05935	0.01415	0.07429	0.06740	0.01474	0.01168	0.00622	0.00578	0.00165	0.03486	0.00472	0.00348	0.07071
5	0.01529	0.09088	0.01428	0.01080	0.01423	0.05229	0.00861	0.08685	0.33204	0.09443	0.01983	0.11902	0.01667	0.00820	0.00559	0.00175	0.00499	0.00676	0.00513	0.09233
6	0.01032	0.00794	0.01055	0.08858	0.01403	0.00813	0.02705	0.13050	0.01385	0.01856	0.02478	0.49027	0.02766	0.01373	0.00675	0.00211	0.00456	0.04906	0.00493	0.04665
7	0.30229	0.18773	0.12530	0.01025	0.01460	0.09384	0.00977	0.04048	0.04868	0.01989	0.01442	0.01517	0.08427	0.00640	0.00452	0.00165	0.00590	0.00446	0.00344	0.00693

[dist]
# distance from previous block
# <min> <max>
0	7

[block]
# block no. 1 follows, 41 sequences, length 15
# corresponding to MSA columns:
# 308-322
name=unknown_B
#
# <colnr> <probs for GDERKNQSTAVLIFYWHMCP>
#	G	D	E	R	K	N	Q	S	T	A	V	L	I	F	Y	W	H	M	C	P
0	0.00729	0.00553	0.00620	0.00651	0.00750	0.00500	0.00439	0.00829	0.01137	0.01437	0.06992	0.23368	0.35114	0.22783	0.01295	0.00300	0.00371	0.01202	0.00485	0.00444
1	0.00814	0.01060	0.17325	0.00967	0.01208	0.00673	0.00893	0.01063	0.01187	0.01609	0.06985	0.45009	0.11271	0.01432	0.00684	0.00216	0.00449	0.06122	0.00473	0.00558
2	0.04611	0.23276	0.08878	0.18075	0.02174	0.03545	0.06095	0.01608	0.01164	0.01606	0.00934	0.01202	0.00769	0.00539	0.00572	0.00152	0.06256	0.00408	0.00275	0.17862
3	0.01223	0.08356	0.32866	0.18591	0.02865	0.01426	0.23170	0.01733	0.01232	0.01704	0.01044	0.01352	0.00776	0.00527	0.00574	0.00182	0.00843	0.00506	0.00259	0.00769
4	0.00787	0.01099	0.17257	0.00817	0.01149	0.00671	0.00807	0.01052	0.01302	0.01648	0.08931	0.04493	0.55441	0.01234	0.00647	0.00190	0.00410	0.01026	0.00474	0.00565
5	0.01319	0.01754	0.20497	0.02225	0.18531	0.01398	0.25167	0.03247	0.01264	0.03327	0.01155	0.04367	0.00950	0.00633	0.00782	0.00194	0.11514	0.00585	0.00295	0.00795
6	0.01856	0.01071	0.01269	0.01054	0.01386	0.01089	0.00837	0.26268	0.06502	0.26566	0.04198	0.18771	0.01917	0.00953	0.00605	0.00187	0.00485	0.00800	0.03355	0.00831
7	0.00726	0.00526	0.00716	0.00813	0.00865	0.00522	0.00564	0.00847	0.01055	0.01424	0.02832	0.58774	0.05085	0.04369	0.17571	0.00390	0.00599	0.01373	0.00477	0.00472
8	0.00876	0.00588	0.00725	0.00688	0.00791	0.00553	0.00476	0.01041	0.01321	0.04660	0.42564	0.04071	0.08370	0.29150	0.01466	0.00314	0.00380	0.00955	0.00526	0.00484
9	0.04538	0.01171	0.01245	0.01007	0.01360	0.01232	0.00816	0.40697	0.02054	0.07335	0.02787	0.02700	0.23970	0.00914	0.00586	0.00176	0.00489	0.00724	0.05414	0.00785
10	0.01490	0.63064	0.03080	0.01291	0.01800	0.02085	0.16972	0.01739	0.01203	0.01452	0.00874	0.01054	0.00763	0.00488	0.00434	0.00138	0.00689	0.00386	0.00254	0.00742
11	0.19451	0.01278	0.01894	0.08596	0.24144	0.03282	0.13723	0.01812	0.03704	0.06436	0.01124	0.01361	0.00872	0.00528	0.00524	0.00169	0.00647	0.00481	0.00339	0.09637
12	0.00785	0.00583	0.00707	0.00774	0.00867	0.00549	0.00537	0.05182	0.01227	0.01595	0.03580	0.56287	0.19346	0.04159	0.00779	0.00230	0.00348	0.01443	0.00528	0.00495
13	0.01274	0.01346	0.02617	0.12478	0.02715	0.01283	0.45872	0.01681	0.01271	0.01774	0.01094	0.01453	0.00845	0.00498	0.00645	0.00171	0.03333	0.00573	0.00294	0.18783
14	0.01099	0.01052	0.00951	0.00884	0.01054	0.17360	0.00663	0.01342	0.01620	0.02099	0.59626	0.03565	0.04380	0.01043	0.00640	0.00173	0.00436	0.00889	0.00557	0.00567

[dist]
# distance from previous block
# <min> <max>
0	6

[block]
# block no. 2 follows, 41 sequences, length 27
# corresponding to MSA columns:
# 329-355
name=unknown_C
#
# <colnr> <probs for GDERKNQSTAVLIFYWHMCP>
#	G	D	E	R	K	N	Q	S	T	A	V	L	I	F	Y	W	H	M	C	P
0	0.00783	0.00584	0.00728	0.00692	0.00838	0.00529	0.00519	0.01028	0.01557	0.02146	0.62187	0.04515	0.19330	0.01224	0.00675	0.00183	0.00274	0.01068	0.00610	0.00529
1	0.02136	0.01583	0.01695	0.01308	0.01759	0.01756	0.01078	0.70759	0.06416	0.03543	0.01422	0.01412	0.01012	0.00691	0.00573	0.00173	0.00620	0.00522	0.00573	0.00969
2	0.00818	0.00611	0.00908	0.00908	0.01006	0.00709	0.00701	0.01014	0.00916	0.01320	0.01542	0.02303	0.01454	0.07139	0.74815	0.00906	0.01495	0.00621	0.00308	0.00505
3	0.01411	0.01372	0.02397	0.03433	0.71113	0.01365	0.06913	0.01761	0.01306	0.01866	0.01082	0.01425	0.00903	0.00508	0.00574	0.00172	0.00700	0.00521	0.00284	0.00896
4	0.00994	0.00497	0.00745	0.00745	0.00745	0.00497	0.00497	0.00745	0.00745	0.00994	0.00994	0.01739	0.00994	0.01987	0.02235	0.83358	0.00497	0.00497	0.00248	0.00248
5	0.00697	0.00498	0.00664	0.00796	0.00830	0.00465	0.00531	0.00796	0.01095	0.01460	0.03153	0.79525	0.03783	0.01792	0.00730	0.00232	0.00332	0.01626	0.00531	0.00465
6	0.02174	0.01602	0.01717	0.01316	0.01774	0.01774	0.01087	0.74423	0.02689	0.03605	0.01373	0.01373	0.00973	0.00687	0.00572	0.00172	0.00629	0.00515	0.00572	0.00973
7	0.01080	0.01017	0.01716	0.78523	0.03940	0.01271	0.01589	0.01461	0.01144	0.01461	0.01017	0.01525	0.00762	0.00572	0.00572	0.00191	0.00762	0.00508	0.00254	0.00635
8	0.02105	0.02565	0.01663	0.01559	0.05374	0.67519	0.01135	0.08344	0.01696	0.01609	0.00935	0.01079	0.00765	0.00594	0.00523	0.00150	0.00981	0.00388	0.00318	0.00701
9	0.00828	0.00568	0.00691	0.00691	0.00714	0.00591	0.00430	0.00875	0.00852	0.01159	0.01741	0.03405	0.01933	0.62799	0.19810	0.00637	0.00776	0.00782	0.00338	0.00384
10	0.01436	0.01053	0.01243	0.01093	0.01352	0.01118	0.02850	0.34825	0.01864	0.02516	0.02203	0.30357	0.02247	0.01171	0.00646	0.00202	0.00503	0.08073	0.04534	0.00717
11	0.00804	0.00612	0.00798	0.00840	0.04487	0.00562	0.00580	0.01038	0.01494	0.02056	0.52657	0.12599	0.16832	0.01253	0.00676	0.00187	0.00300	0.01103	0.00586	0.00540
12	0.02146	0.01588	0.01701	0.01310	0.01763	0.01761	0.01080	0.71724	0.05434	0.03559	0.01409	0.01402	0.01002	0.00690	0.00573	0.00173	0.00623	0.00520	0.00573	0.00970
13	0.02202	0.01557	0.01689	0.01295	0.01751	0.01707	0.01070	0.69327	0.02614	0.08807	0.01436	0.01414	0.01004	0.00688	0.00572	0.00172	0.00619	0.00519	0.00582	0.00973
14	0.02027	0.13643	0.01839	0.01470	0.04171	0.64449	0.01109	0.02186	0.01546	0.01408	0.00878	0.01028	0.00742	0.00573	0.00496	0.00145	0.00961	0.00364	0.00287	0.00681
15	0.01484	0.18729	0.13002	0.01153	0.01578	0.05117	0.02764	0.11512	0.12871	0.06228	0.10817	0.01884	0.03410	0.00711	0.00555	0.00166	0.02008	0.00558	0.04675	0.00777
16	0.02552	0.00996	0.01341	0.01028	0.01471	0.00874	0.00849	0.05325	0.01674	0.74136	0.02225	0.01927	0.01400	0.00707	0.00575	0.00177	0.00492	0.00573	0.00703	0.00973
17	0.01416	0.01359	0.02322	0.03511	0.76330	0.01359	0.01755	0.01755	0.01302	0.01869	0.01076	0.01416	0.00906	0.00510	0.00566	0.00170	0.00680	0.00510	0.00283	0.00906
18	0.05354	0.01042	0.01707	0.69993	0.08173	0.01277	0.01549	0.01491	0.01145	0.01543	0.01009	0.01488	0.00764	0.00566	0.00560	0.00189	0.00741	0.00498	0.00261	0.00651
19	0.00703	0.00511	0.00664	0.00773	0.00827	0.00471	0.00524	0.00819	0.01150	0.01527	0.08557	0.68011	0.09916	0.01719	0.00722	0.00225	0.00324	0.01549	0.00538	0.00471
20	0.00697	0.00498	0.00664	0.00796	0.00830	0.00465	0.00531	0.00796	0.01095	0.01460	0.03153	0.79525	0.03783	0.01792	0.00730	0.00232	0.00332	0.01626	0.00531	0.00465
21	0.01370	0.01432	0.02899	0.02357	0.12487	0.01413	0.51747	0.01773	0.01295	0.04446	0.01209	0.04101	0.00977	0.00593	0.00787	0.00197	0.09177	0.00662	0.00307	0.00771
22	0.01215	0.15134	0.63298	0.01576	0.04245	0.01477	0.01925	0.01794	0.01203	0.01739	0.00991	0.01167	0.00731	0.00534	0.00516	0.00172	0.00804	0.00406	0.00243	0.00829
23	0.00832	0.00555	0.00624	0.00624	0.00624	0.00555	0.00347	0.00832	0.00832	0.01109	0.01802	0.03743	0.02080	0.79898	0.02911	0.00555	0.00555	0.00832	0.00347	0.00347
24	0.00865	0.00598	0.00778	0.00725	0.00873	0.00548	0.00547	0.01129	0.01609	0.04822	0.71164	0.04234	0.07611	0.01163	0.00671	0.00180	0.00278	0.01024	0.00629	0.00553
25	0.01346	0.11454	0.41416	0.01946	0.15195	0.08223	0.08996	0.01834	0.01270	0.01733	0.01009	0.01228	0.00773	0.00529	0.00538	0.00171	0.00818	0.00445	0.00259	0.00820
26	0.01417	0.01428	0.04014	0.04781	0.64611	0.04084	0.05694	0.01764	0.01309	0.01847	0.01090	0.01424	0.00904	0.00517	0.00566	0.00170	0.00703	0.00512	0.02291	0.00874

[dist]
# distance from previous block
# <min> <max>
0	1

[block]
# block no. 3 follows, 41 sequences, length 36
# corresponding to MSA columns:
# 357-392
name=unknown_D
#
# <colnr> <probs for GDERKNQSTAVLIFYWHMCP>
#	G	D	E	R	K	N	Q	S	T	A	V	L	I	F	Y	W	H	M	C	P
0	0.01309	0.01447	0.05523	0.01583	0.03437	0.07830	0.05640	0.01492	0.00994	0.01437	0.00842	0.01297	0.00789	0.01048	0.04953	0.00263	0.58706	0.00502	0.00259	0.00650
1	0.65281	0.06844	0.07912	0.00981	0.04773	0.01351	0.00836	0.01720	0.01036	0.03811	0.00858	0.00996	0.00666	0.00532	0.00386	0.00173	0.00502	0.00334	0.00340	0.00668
2	0.11150	0.08862	0.03421	0.01473	0.09634	0.21397	0.01091	0.16539	0.09936	0.07343	0.01241	0.01316	0.00949	0.00623	0.00547	0.00166	0.02648	0.00451	0.00409	0.00804
3	0.43599	0.21205	0.06976	0.01188	0.08573	0.07033	0.00960	0.01749	0.01116	0.02056	0.00846	0.01000	0.00692	0.00524	0.00403	0.00161	0.00579	0.00340	0.00308	0.00695
4	0.00748	0.00555	0.00726	0.00812	0.00866	0.00544	0.00560	0.00900	0.02771	0.01565	0.11163	0.62965	0.05822	0.03248	0.00806	0.00232	0.03234	0.01469	0.00529	0.00487
5	0.01181	0.02735	0.65741	0.01804	0.06273	0.01342	0.09362	0.01811	0.01227	0.01816	0.01042	0.01252	0.00748	0.00536	0.00558	0.00182	0.00849	0.00452	0.00248	0.00841
6	0.00808	0.00587	0.00763	0.00724	0.00861	0.00541	0.00547	0.01073	0.01599	0.02250	0.71385	0.04381	0.07842	0.01191	0.00678	0.00183	0.00278	0.03148	0.00623	0.00537
7	0.00761	0.00579	0.00700	0.00678	0.00827	0.00518	0.00505	0.00982	0.01492	0.02012	0.49829	0.08195	0.28261	0.01289	0.00678	0.00187	0.00279	0.01118	0.00593	0.00518
8	0.00817	0.00613	0.00919	0.00919	0.01021	0.00715	0.00715	0.01021	0.00919	0.01328	0.01532	0.02247	0.01430	0.04290	0.77631	0.00919	0.01532	0.00613	0.00306	0.00511
9	0.01863	0.01265	0.01407	0.01136	0.01515	0.03790	0.02724	0.29662	0.15923	0.18136	0.03739	0.02138	0.08847	0.00785	0.00580	0.00177	0.00530	0.00633	0.04281	0.00867
10	0.00787	0.00541	0.00717	0.00775	0.00856	0.00501	0.00542	0.00950	0.01295	0.03799	0.28851	0.50856	0.04288	0.01543	0.00706	0.00212	0.00314	0.01389	0.00571	0.00505
11	0.02201	0.01560	0.01690	0.01296	0.01753	0.01711	0.01070	0.69574	0.02618	0.08554	0.01433	0.01412	0.01003	0.00688	0.00572	0.00172	0.00620	0.00519	0.00581	0.00973
12	0.83938	0.01106	0.00841	0.00752	0.01106	0.01283	0.00619	0.01681	0.00973	0.02566	0.00796	0.00929	0.00619	0.00531	0.00354	0.00177	0.00442	0.00310	0.00354	0.00619
13	0.00984	0.00527	0.00798	0.00779	0.00799	0.00523	0.02387	0.00796	0.00794	0.01074	0.01159	0.05489	0.01183	0.05395	0.02104	0.71309	0.00497	0.00570	0.02548	0.00284
14	0.01049	0.00690	0.00863	0.00887	0.01011	0.00678	0.00633	0.11332	0.01362	0.07554	0.02833	0.62536	0.03205	0.01553	0.00696	0.00219	0.00386	0.01389	0.00550	0.00575
15	0.01416	0.01353	0.02276	0.03406	0.72971	0.01362	0.01717	0.01813	0.04623	0.01892	0.01132	0.01448	0.00944	0.00522	0.00567	0.00171	0.00669	0.00516	0.00297	0.00906
16	0.01907	0.14955	0.01962	0.01619	0.12380	0.26991	0.01161	0.24254	0.05674	0.02185	0.01122	0.01230	0.00886	0.00601	0.00519	0.00156	0.00758	0.00438	0.00385	0.00817
17	0.08014	0.06193	0.05421	0.04087	0.09090	0.34824	0.01177	0.16496	0.05868	0.02047	0.01082	0.01211	0.00849	0.00599	0.00519	0.00161	0.00800	0.00427	0.00363	0.00771
18	0.01235	0.05245	0.01345	0.00942	0.01373	0.00986	0.00768	0.04692	0.01218	0.01845	0.01143	0.02815	0.02626	0.00554	0.00602	0.00115	0.09245	0.00408	0.00343	0.62500
19	0.01648	0.01465	0.05393	0.03004	0.01954	0.01401	0.15180	0.33485	0.05644	0.02645	0.03197	0.01472	0.01061	0.00596	0.00560	0.00158	0.00642	0.00522	0.00445	0.19527
20	0.01643	0.05993	0.01420	0.01159	0.01466	0.22291	0.00909	0.11525	0.22453	0.05401	0.10662	0.02018	0.03911	0.00917	0.04019	0.00203	0.00664	0.00590	0.01997	0.00760
21	0.00817	0.00613	0.00919	0.00919	0.01021	0.00715	0.00715	0.01021	0.00919	0.01328	0.01532	0.02247	0.01430	0.04290	0.77631	0.00919	0.01532	0.00613	0.00306	0.00511
22	0.01324	0.03023	0.01481	0.01243	0.01344	0.04168	0.01022	0.06779	0.04782	0.01756	0.01127	0.01484	0.00974	0.00866	0.01307	0.00209	0.47288	0.00507	0.18669	0.00648
23	0.00890	0.00632	0.00725	0.00682	0.00877	0.00561	0.00518	0.01134	0.03877	0.07446	0.30751	0.04684	0.42583	0.01271	0.00665	0.00187	0.00303	0.01079	0.00582	0.00554
24	0.01210	0.01186	0.02124	0.47142	0.23186	0.01321	0.12413	0.01595	0.01217	0.01626	0.01053	0.01498	0.00817	0.00542	0.00586	0.00185	0.00770	0.00533	0.00267	0.00728
25	0.00703	0.00500	0.00662	0.00789	0.00820	0.00469	0.00523	0.00798	0.01083	0.01444	0.03092	0.76128	0.03707	0.05293	0.00828	0.00247	0.00342	0.01590	0.00523	0.00459
26	0.01200	0.00721	0.00914	0.00812	0.01028	0.00679	0.00627	0.01583	0.08669	0.16645	0.50751	0.03688	0.08259	0.01058	0.00647	0.00181	0.00330	0.00918	0.00635	0.00655
27	0.01920	0.01463	0.01603	0.04644	0.01786	0.01594	0.01040	0.53948	0.11702	0.03161	0.01439	0.01456	0.01048	0.00664	0.00557	0.00166	0.00590	0.00512	0.00533	0.10175
28	0.46761	0.04712	0.02527	0.09352	0.05298	0.01406	0.00918	0.15070	0.02540	0.05229	0.01021	0.01159	0.00767	0.00572	0.00443	0.00175	0.00538	0.00395	0.00390	0.00726
29	0.01437	0.01133	0.01408	0.01126	0.01475	0.02923	0.05941	0.11427	0.10919	0.08685	0.04901	0.08209	0.01524	0.04301	0.00771	0.00179	0.07275	0.00621	0.00451	0.25294
30	0.01481	0.01665	0.07743	0.06275	0.52504	0.13202	0.03521	0.01818	0.01339	0.01769	0.01085	0.01459	0.00911	0.00550	0.00565	0.00171	0.00754	0.02062	0.00286	0.00840
31	0.00697	0.00498	0.00664	0.00796	0.00830	0.00465	0.00531	0.00796	0.01095	0.01460	0.03153	0.79525	0.03783	0.01792	0.00730	0.00232	0.00332	0.01626	0.00531	0.00465
32	0.03971	0.04953	0.14734	0.01182	0.01711	0.01077	0.04679	0.06642	0.01518	0.41051	0.01679	0.01598	0.01121	0.00617	0.00541	0.00164	0.00578	0.00502	0.00522	0.11159
33	0.01199	0.13363	0.66980	0.01543	0.02340	0.01454	0.01961	0.01798	0.01202	0.01749	0.00995	0.01169	0.00726	0.00536	0.00520	0.00173	0.00814	0.00407	0.00242	0.00830
34	0.04233	0.00843	0.01114	0.00903	0.01239	0.00748	0.00727	0.02161	0.01601	0.49075	0.25051	0.02761	0.05267	0.00871	0.00603	0.00178	0.00412	0.00732	0.00668	0.00813
35	0.01203	0.01421	0.12156	0.17214	0.31421	0.01227	0.11848	0.01585	0.01256	0.01727	0.01600	0.05650	0.07822	0.00671	0.00598	0.00184	0.00706	0.00640	0.00308	0.00766

[dist]
# distance from previous block
# <min> <max>
0	35

[block]
# block no. 4 follows, 41 sequences, length 69
# corresponding to MSA columns:
# 428-496
name=unknown_E
#
# <colnr> <probs for GDERKNQSTAVLIFYWHMCP>
#	G	D	E	R	K	N	Q	S	T	A	V	L	I	F	Y	W	H	M	C	P
0	0.02892	0.01593	0.12840	0.06067	0.27333	0.02915	0.27151	0.01714	0.01276	0.01795	0.01218	0.06655	0.01042	0.00606	0.00634	0.00186	0.02372	0.00624	0.00296	0.00792
1	0.08463	0.09938	0.54978	0.01525	0.03926	0.01401	0.03889	0.01853	0.02830	0.04617	0.01063	0.01218	0.00773	0.00546	0.00517	0.00175	0.00766	0.00422	0.00279	0.00820
2	0.00820	0.00553	0.00645	0.00656	0.00665	0.00557	0.00384	0.00840	0.00859	0.01152	0.01898	0.09964	0.02182	0.68806	0.07263	0.00550	0.00595	0.00885	0.00360	0.00366
3	0.01662	0.35857	0.08821	0.01622	0.15595	0.09417	0.01254	0.15976	0.01536	0.01929	0.00989	0.01136	0.00812	0.00546	0.00474	0.00148	0.00690	0.00401	0.00320	0.00815
4	0.42743	0.36879	0.05524	0.00897	0.01336	0.01727	0.00854	0.01702	0.01070	0.01979	0.00807	0.00938	0.00676	0.00513	0.00369	0.00153	0.00538	0.00313	0.00299	0.00682
5	0.03901	0.13365	0.03927	0.01555	0.09775	0.27336	0.01165	0.19048	0.06124	0.02059	0.01087	0.01219	0.00868	0.00623	0.00598	0.00163	0.05599	0.00434	0.00366	0.00789
6	0.01187	0.00621	0.00683	0.00643	0.00805	0.00631	0.00491	0.04803	0.01259	0.07093	0.01834	0.02145	0.01455	0.03466	0.08183	0.00229	0.00433	0.00552	0.62911	0.00575
7	0.02039	0.01515	0.01667	0.05976	0.01861	0.01682	0.01092	0.66553	0.02521	0.03374	0.01435	0.05038	0.01091	0.00731	0.00580	0.00176	0.00624	0.00567	0.00551	0.00929
8	0.00891	0.00641	0.00833	0.00773	0.00913	0.00625	0.00589	0.01133	0.01527	0.04960	0.59921	0.06276	0.11077	0.01183	0.00753	0.00187	0.05552	0.01014	0.00596	0.00555
9	0.03865	0.04532	0.07042	0.02090	0.02564	0.01524	0.51401	0.01736	0.01234	0.01749	0.01048	0.01427	0.00825	0.00586	0.00874	0.00200	0.15680	0.00603	0.00280	0.00742
10	0.00794	0.00584	0.00742	0.00703	0.00845	0.00533	0.00527	0.01049	0.01581	0.02204	0.67634	0.04420	0.13847	0.01203	0.00675	0.00181	0.00272	0.01055	0.00618	0.00533
11	0.00817	0.00613	0.00919	0.00919	0.01021	0.00715	0.00715	0.01021	0.00919	0.01328	0.01532	0.02247	0.01430	0.04290	0.77631	0.00919	0.01532	0.00613	0.00306	0.00511
12	0.02174	0.01602	0.01717	0.01316	0.01774	0.01774	0.01087	0.74423	0.02689	0.03605	0.01373	0.01373	0.00973	0.00687	0.00572	0.00172	0.00629	0.00515	0.00572	0.00973
13	0.00783	0.00584	0.00728	0.00692	0.00838	0.00529	0.00519	0.01029	0.01557	0.02147	0.62285	0.04514	0.19232	0.01224	0.00675	0.00182	0.00274	0.01068	0.00610	0.00529
14	0.01350	0.01543	0.03375	0.02411	0.02989	0.01446	0.74253	0.01832	0.01350	0.01832	0.01157	0.01543	0.00868	0.00482	0.00675	0.00193	0.00964	0.00675	0.00289	0.00771
15	0.02189	0.01022	0.01306	0.01011	0.01443	0.00919	0.00826	0.06789	0.07392	0.53017	0.04824	0.01906	0.01484	0.00689	0.00558	0.00165	0.00475	0.00561	0.00634	0.12791
16	0.01371	0.00827	0.00858	0.00748	0.00970	0.00874	0.00589	0.21403	0.01609	0.02537	0.01731	0.01924	0.01331	0.00672	0.00447	0.00144	0.00366	0.00528	0.60419	0.00654
17	0.00686	0.00571	0.00599	0.00610	0.00783	0.00484	0.00451	0.00833	0.01301	0.01580	0.09617	0.13065	0.64520	0.01468	0.00682	0.00196	0.00293	0.01240	0.00537	0.00484
18	0.01202	0.01031	0.01193	0.00868	0.01364	0.00807	0.00693	0.01548	0.06157	0.01899	0.01105	0.01250	0.00907	0.00447	0.00434	0.00092	0.00426	0.00360	0.00355	0.77862
19	0.01349	0.01396	0.07180	0.03140	0.63905	0.01287	0.01696	0.01702	0.01297	0.01849	0.01267	0.01903	0.01131	0.00618	0.00587	0.00180	0.00675	0.07666	0.00305	0.00864
20	0.01529	0.80242	0.02997	0.00979	0.01468	0.02263	0.00979	0.01713	0.01162	0.01346	0.00795	0.00918	0.00734	0.00489	0.00367	0.00122	0.00612	0.00306	0.00245	0.00734
21	0.01247	0.01041	0.01194	0.00912	0.01356	0.00889	0.00722	0.07040	0.09709	0.02038	0.03022	0.06482	0.01252	0.00589	0.00478	0.00115	0.00433	0.00487	0.00403	0.60591
22	0.02274	0.00919	0.01240	0.00979	0.01370	0.00808	0.00797	0.02532	0.03461	0.63797	0.10980	0.04594	0.01966	0.00797	0.00592	0.00179	0.00456	0.00663	0.00690	0.00905
23	0.01776	0.00965	0.03180	0.01054	0.01402	0.00856	0.05717	0.05859	0.03895	0.37492	0.23693	0.04953	0.02637	0.00883	0.00621	0.00184	0.00468	0.02943	0.00624	0.00799
24	0.00692	0.00516	0.00645	0.00749	0.00817	0.00469	0.00510	0.00802	0.01140	0.01479	0.03727	0.63430	0.19507	0.01717	0.00718	0.00224	0.00323	0.01535	0.00531	0.00469
25	0.00985	0.00517	0.00767	0.03118	0.00835	0.00524	0.00520	0.00773	0.00763	0.01016	0.01048	0.01867	0.01059	0.07169	0.02230	0.75259	0.00509	0.00520	0.00255	0.00267
26	0.02130	0.04124	0.01662	0.01442	0.01763	0.65753	0.01100	0.12111	0.01757	0.01700	0.00949	0.01076	0.00769	0.00601	0.00520	0.00150	0.00968	0.00387	0.00332	0.00707
27	0.02193	0.01018	0.01304	0.01019	0.01447	0.00924	0.00831	0.04177	0.11155	0.54174	0.02071	0.01867	0.01376	0.00758	0.02242	0.00183	0.00500	0.00554	0.00632	0.11574
28	0.01147	0.02959	0.76934	0.01630	0.02476	0.01328	0.02113	0.01811	0.01208	0.01811	0.01026	0.01208	0.00725	0.00543	0.00543	0.00181	0.00845	0.00423	0.00242	0.00845
29	0.00832	0.00555	0.00624	0.00624	0.00624	0.00555	0.00347	0.00832	0.00832	0.01109	0.01802	0.03743	0.02080	0.79898	0.02911	0.00555	0.00555	0.00832	0.00347	0.00347
30	0.00851	0.00628	0.00780	0.00731	0.00886	0.00587	0.00551	0.04464	0.01607	0.02222	0.60294	0.07152	0.14676	0.01208	0.00672	0.00183	0.00292	0.01056	0.00610	0.00549
31	0.01350	0.01543	0.03375	0.02411	0.02989	0.01446	0.74253	0.01832	0.01350	0.01832	0.01157	0.01543	0.00868	0.00482	0.00675	0.00193	0.00964	0.00675	0.00289	0.00771
32	0.02513	0.00985	0.01326	0.01025	0.01461	0.00868	0.00844	0.02799	0.05082	0.73249	0.02260	0.01956	0.01431	0.00711	0.00576	0.00178	0.00485	0.00579	0.00702	0.00970
33	0.01161	0.02864	0.72001	0.01683	0.02510	0.01336	0.06952	0.01813	0.01217	0.01813	0.01035	0.01230	0.00734	0.00539	0.00552	0.00182	0.00853	0.00440	0.00245	0.00840
34	0.03563	0.05166	0.72561	0.01586	0.02406	0.01354	0.02037	0.01805	0.01199	0.01820	0.01013	0.01191	0.00722	0.00541	0.00533	0.00179	0.00827	0.00416	0.00245	0.00836
35	0.00703	0.00501	0.00662	0.00788	0.00820	0.00469	0.00522	0.00798	0.01082	0.01443	0.03087	0.75871	0.03701	0.05558	0.00835	0.00248	0.00343	0.01588	0.00522	0.00459
36	0.00909	0.00627	0.00714	0.00689	0.00713	0.00650	0.00416	0.04532	0.00932	0.01250	0.01780	0.05302	0.02023	0.71699	0.02712	0.00519	0.02960	0.00824	0.00359	0.00389
37	0.01517	0.07533	0.01902	0.21084	0.23978	0.18972	0.01386	0.05886	0.03679	0.01723	0.01182	0.01674	0.01008	0.00632	0.00557	0.00173	0.00756	0.05293	0.00317	0.00748
38	0.01318	0.01529	0.04908	0.03749	0.02920	0.01406	0.68719	0.01789	0.01334	0.01812	0.01221	0.04243	0.00964	0.00531	0.00672	0.00194	0.00936	0.00699	0.00296	0.00760
39	0.01325	0.05776	0.01374	0.00942	0.01399	0.00988	0.00773	0.04712	0.01245	0.05607	0.01057	0.01222	0.00866	0.00505	0.00564	0.00110	0.07419	0.00371	0.00354	0.63391
40	0.01453	0.01016	0.01204	0.06182	0.01437	0.01053	0.00806	0.24791	0.03313	0.08452	0.03280	0.14015	0.01743	0.15139	0.04605	0.00278	0.00576	0.00747	0.00480	0.09429
41	0.01913	0.16841	0.01801	0.01217	0.03994	0.05474	0.00986	0.25511	0.13046	0.16460	0.01613	0.01568	0.02632	0.00660	0.00527	0.00162	0.00580	0.00505	0.00502	0.04008
42	0.01001	0.02650	0.13084	0.00913	0.01213	0.00806	0.00838	0.01461	0.10230	0.05367	0.34861	0.05777	0.17432	0.01059	0.00634	0.00185	0.00406	0.00905	0.00536	0.00642
43	0.01502	0.42417	0.28002	0.01260	0.01846	0.10695	0.01376	0.01846	0.01246	0.03812	0.00929	0.01061	0.00752	0.00526	0.00451	0.00147	0.00737	0.00361	0.00264	0.00771
44	0.02137	0.02726	0.01621	0.01474	0.01768	0.77602	0.01105	0.02284	0.01621	0.01400	0.00884	0.01031	0.00737	0.00589	0.00516	0.00147	0.01031	0.00368	0.00295	0.00663
45	0.01106	0.00572	0.00576	0.00561	0.00706	0.00578	0.00425	0.03967	0.01253	0.02186	0.01848	0.02105	0.01448	0.00667	0.00406	0.00135	0.00280	0.00532	0.80100	0.00549
46	0.00697	0.00498	0.00664	0.00796	0.00830	0.00465	0.00531	0.00796	0.01095	0.01460	0.03153	0.79525	0.03783	0.01792	0.00730	0.00232	0.00332	0.01626	0.00531	0.00465
47	0.01044	0.00959	0.01589	0.63235	0.07090	0.01158	0.01434	0.01379	0.01136	0.01471	0.01295	0.10780	0.01166	0.03134	0.00662	0.00206	0.00701	0.00650	0.00291	0.00620
48	0.08059	0.73972	0.02826	0.00961	0.01439	0.02186	0.00950	0.01710	0.01147	0.01442	0.00795	0.00918	0.00725	0.00493	0.00366	0.00127	0.00598	0.00306	0.00253	0.00725
49	0.02096	0.02661	0.01599	0.01457	0.01745	0.75248	0.01093	0.02245	0.01599	0.01398	0.00904	0.01069	0.00758	0.00703	0.02876	0.00171	0.01047	0.00376	0.00295	0.00658
50	0.01080	0.01017	0.01716	0.78523	0.03940	0.01271	0.01589	0.01461	0.01144	0.01461	0.01017	0.01525	0.00762	0.00572	0.00572	0.00191	0.00762	0.00508	0.00254	0.00635
51	0.00827	0.00553	0.00625	0.00629	0.00631	0.00552	0.00353	0.00831	0.00840	0.01120	0.01846	0.06202	0.02135	0.77364	0.02841	0.00544	0.00547	0.00858	0.00353	0.00350
52	0.04155	0.00652	0.00653	0.00613	0.00784	0.00674	0.00471	0.08076	0.01329	0.02284	0.01782	0.02019	0.01390	0.00663	0.00414	0.00138	0.00306	0.00523	0.72495	0.00577
53	0.60244	0.01291	0.06883	0.00921	0.01319	0.01312	0.00819	0.08771	0.01208	0.08711	0.00989	0.01088	0.00732	0.00577	0.00457	0.00179	0.03039	0.00366	0.00392	0.00700
54	0.00745	0.00582	0.00674	0.00651	0.00815	0.00512	0.00489	0.00954	0.01466	0.01929	0.41848	0.04872	0.39805	0.01305	0.00675	0.00186	0.00280	0.01118	0.00582	0.00512
55	0.01903	0.01378	0.01518	0.02903	0.01638	0.01508	0.00986	0.57803	0.02334	0.05144	0.01658	0.12624	0.01420	0.03617	0.00677	0.00194	0.00583	0.00686	0.00555	0.00871
56	0.02027	0.02440	0.01546	0.01403	0.01692	0.65582	0.01059	0.02258	0.05401	0.04298	0.01055	0.01205	0.00861	0.00852	0.05694	0.00203	0.01014	0.00407	0.00326	0.00677
57	0.04851	0.01393	0.01509	0.01164	0.01596	0.01475	0.00948	0.51208	0.03733	0.04559	0.01351	0.01479	0.01024	0.04411	0.02125	0.00189	0.00594	0.00497	0.00511	0.15382
58	0.00927	0.00625	0.00712	0.00693	0.00739	0.00640	0.00431	0.05956	0.01001	0.01367	0.01853	0.08507	0.02054	0.61460	0.06192	0.00504	0.00579	0.00837	0.04508	0.00415
59	0.00801	0.00584	0.00752	0.00710	0.00849	0.00536	0.00533	0.01062	0.01598	0.02244	0.71329	0.04355	0.10128	0.01188	0.00675	0.00181	0.00271	0.01046	0.00623	0.00536
60	0.01343	0.01273	0.02075	0.08141	0.57111	0.01303	0.02919	0.01809	0.09070	0.01874	0.01521	0.01775	0.06027	0.00604	0.00578	0.00176	0.00640	0.00574	0.00329	0.00857
61	0.01080	0.01017	0.01716	0.78523	0.03940	0.01271	0.01589	0.01461	0.01144	0.01461	0.01017	0.01525	0.00762	0.00572	0.00572	0.00191	0.00762	0.00508	0.00254	0.00635
62	0.01940	0.02194	0.01568	0.01444	0.03961	0.50325	0.01075	0.05890	0.14923	0.04417	0.01292	0.01370	0.02100	0.00662	0.00600	0.00164	0.04505	0.00456	0.00376	0.00736
63	0.13577	0.00860	0.00983	0.00864	0.01117	0.00878	0.00684	0.05748	0.06120	0.15673	0.24861	0.05337	0.13987	0.01000	0.00658	0.00188	0.04052	0.02183	0.00559	0.00670
64	0.23169	0.17061	0.21549	0.01247	0.02904	0.14073	0.01227	0.06355	0.02918	0.01969	0.00944	0.01085	0.00742	0.00559	0.00483	0.00164	0.02124	0.00375	0.00309	0.00741
65	0.71626	0.01295	0.08476	0.00880	0.01290	0.01277	0.02193	0.01731	0.01024	0.04741	0.00871	0.01000	0.00659	0.00537	0.00386	0.00178	0.00494	0.00336	0.00352	0.00656
66	0.01669	0.01338	0.05930	0.01717	0.16484	0.01291	0.06674	0.10867	0.24503	0.16304	0.01926	0.01970	0.03897	0.00703	0.00589	0.00184	0.00581	0.01982	0.00501	0.00891
67	0.01330	0.01121	0.01345	0.01228	0.06390	0.01190	0.00908	0.15127	0.13942	0.02129	0.02024	0.08978	0.10145	0.00868	0.00763	0.00176	0.12213	0.00678	0.00446	0.18998
68	0.08181	0.04594	0.02983	0.00859	0.01174	0.00831	0.00696	0.03877	0.01386	0.14652	0.20880	0.11897	0.04012	0.03028	0.00623	0.00173	0.00412	0.00751	0.00506	0.18486

[dist]
# distance from previous block
# <min> <max>
0	1

[block]
# block no. 5 follows, 41 sequences, length 8
# corresponding to MSA columns:
# 498-505
name=unknown_F
#
# <colnr> <probs for GDERKNQSTAVLIFYWHMCP>
#	G	D	E	R	K	N	Q	S	T	A	V	L	I	F	Y	W	H	M	C	P
0	0.01346	0.01066	0.01124	0.00974	0.01239	0.06041	0.00758	0.17761	0.12376	0.04973	0.31104	0.06612	0.07787	0.00977	0.00620	0.00178	0.00443	0.00822	0.00571	0.03230
1	0.08845	0.01280	0.08116	0.01080	0.01461	0.04261	0.00930	0.07960	0.18670	0.21569	0.06837	0.06384	0.01731	0.02542	0.00618	0.00190	0.00518	0.02314	0.00535	0.04159
2	0.04488	0.01158	0.01434	0.01116	0.01533	0.04186	0.05634	0.06318	0.09662	0.28921	0.04652	0.01711	0.01328	0.00647	0.00589	0.00158	0.03588	0.00525	0.00515	0.21836
3	0.01290	0.01032	0.01381	0.01054	0.01467	0.00908	0.08557	0.07463	0.05659	0.06387	0.15268	0.04452	0.01887	0.00671	0.00537	0.00137	0.00472	0.00592	0.00448	0.40337
4	0.01290	0.01298	0.05014	0.08567	0.21588	0.01216	0.19183	0.07368	0.01364	0.01898	0.01497	0.08488	0.04573	0.00680	0.00624	0.00175	0.02512	0.00655	0.00343	0.11666
5	0.01406	0.01200	0.01582	0.01215	0.01648	0.04358	0.13125	0.08058	0.10662	0.06915	0.01636	0.07344	0.03877	0.00663	0.00544	0.00148	0.00555	0.00591	0.00424	0.34049
6	0.01210	0.01429	0.12861	0.03971	0.28377	0.06510	0.01301	0.01647	0.07464	0.01867	0.13176	0.08026	0.08110	0.00819	0.00599	0.00181	0.00592	0.00720	0.00394	0.00748
7	0.08951	0.05056	0.01643	0.01655	0.17039	0.20197	0.01098	0.13182	0.12111	0.02117	0.01457	0.01550	0.04863	0.00639	0.00526	0.00162	0.00665	0.00494	0.00394	0.06202

[dist]
# distance from previous block
# <min> <max>
0	3

[block]
# block no. 6 follows, 41 sequences, length 7
# corresponding to MSA columns:
# 509-515
name=unknown_G
#
# <colnr> <probs for GDERKNQSTAVLIFYWHMCP>
#	G	D	E	R	K	N	Q	S	T	A	V	L	I	F	Y	W	H	M	C	P
0	0.01639	0.01109	0.01288	0.01191	0.06346	0.04680	0.00882	0.17293	0.09820	0.18128	0.21885	0.02743	0.05245	0.00886	0.00613	0.00181	0.00488	0.04211	0.00581	0.00790
1	0.33109	0.03413	0.05564	0.09535	0.01510	0.01051	0.00852	0.01659	0.01248	0.13131	0.15281	0.05405	0.01892	0.00774	0.00515	0.00183	0.00480	0.03280	0.00451	0.00665
2	0.11368	0.03676	0.01146	0.03379	0.01309	0.01008	0.00768	0.08631	0.11664	0.17903	0.17422	0.04840	0.09696	0.00917	0.00586	0.00185	0.00437	0.03776	0.00559	0.00732
3	0.01619	0.01191	0.05165	0.01063	0.01422	0.03929	0.00881	0.12902	0.12852	0.19365	0.05120	0.12417	0.05277	0.00874	0.00618	0.00177	0.02641	0.00720	0.00534	0.11234
4	0.34656	0.01115	0.08380	0.00887	0.01250	0.00983	0.00791	0.01773	0.01277	0.19891	0.15052	0.02043	0.05153	0.00785	0.00566	0.03206	0.00456	0.00563	0.00481	0.00691
5	0.01354	0.01126	0.01781	0.03773	0.05456	0.01041	0.19514	0.09671	0.01434	0.07623	0.04176	0.14740	0.01566	0.00756	0.00588	0.00165	0.00591	0.00717	0.00417	0.23511
6	0.01720	0.03646	0.01491	0.06037	0.01687	0.01400	0.00961	0.36199	0.13732	0.05899	0.01597	0.05945	0.01257	0.00715	0.00550	0.00165	0.00543	0.00572	0.03982	0.11901

[dist]
# distance from previous block
# <min> <max>
6	14

[block]
# block no. 7 follows, 41 sequences, length 11
# corresponding to MSA columns:
# 530-540
name=unknown_H
#
# <colnr> <probs for GDERKNQSTAVLIFYWHMCP>
#	G	D	E	R	K	N	Q	S	T	A	V	L	I	F	Y	W	H	M	C	P
0	0.05749	0.01182	0.01854	0.03105	0.11405	0.01108	0.18423	0.08184	0.01445	0.10262	0.07611	0.04699	0.01417	0.00628	0.00564	0.00160	0.00602	0.00593	0.00412	0.20599
1	0.01416	0.01322	0.01749	0.07958	0.01945	0.07940	0.14586	0.09031	0.01383	0.03665	0.01111	0.01407	0.00902	0.03587	0.00695	0.00159	0.05449	0.00471	0.00346	0.34878
2	0.01300	0.03978	0.15402	0.02036	0.08738	0.01305	0.40069	0.01751	0.01321	0.03322	0.05689	0.01594	0.01127	0.00535	0.00606	0.00175	0.00802	0.00592	0.00313	0.09343
3	0.07167	0.01535	0.08535	0.02164	0.15588	0.01368	0.35847	0.08967	0.01419	0.02058	0.01164	0.03222	0.00923	0.00542	0.00595	0.00177	0.00779	0.00581	0.00326	0.07043
4	0.12587	0.09065	0.01846	0.05647	0.29228	0.13897	0.01244	0.06627	0.07389	0.01958	0.01304	0.01479	0.04170	0.00601	0.00517	0.00167	0.00664	0.00482	0.00343	0.00785
5	0.05235	0.01241	0.04352	0.05861	0.29025	0.06162	0.03095	0.05373	0.03271	0.05259	0.01886	0.14714	0.07255	0.03915	0.00683	0.00199	0.00600	0.00750	0.00389	0.00736
6	0.06944	0.00843	0.02482	0.00867	0.01146	0.00734	0.02688	0.02648	0.01344	0.10899	0.22391	0.10179	0.05037	0.07969	0.00791	0.00201	0.00419	0.03405	0.00497	0.18517
7	0.10256	0.04871	0.08545	0.05282	0.02228	0.01387	0.32538	0.01778	0.07971	0.01906	0.06982	0.03100	0.01291	0.00654	0.00725	0.00193	0.08611	0.00616	0.00342	0.00727
8	0.01336	0.05663	0.02127	0.01793	0.11376	0.04999	0.23001	0.06149	0.04729	0.01850	0.03756	0.11038	0.01392	0.00747	0.00730	0.00182	0.08726	0.00682	0.00359	0.09364
9	0.01783	0.01372	0.04349	0.01168	0.01580	0.01386	0.00975	0.42045	0.10127	0.07454	0.07842	0.05913	0.01584	0.00766	0.00574	0.00170	0.00543	0.00615	0.00548	0.09206
10	0.01874	0.04064	0.05146	0.01278	0.03880	0.05589	0.01048	0.46160	0.05565	0.06763	0.01960	0.01928	0.10633	0.00766	0.00575	0.00173	0.00603	0.00594	0.00525	0.00875

[dist]
# distance from previous block
# <min> <max>
33	68

[block]
# block no. 8 follows, 41 sequences, length 24
# corresponding to MSA columns:
# 635-658
name=unknown_I
#
# <colnr> <probs for GDERKNQSTAVLIFYWHMCP>
#	G	D	E	R	K	N	Q	S	T	A	V	L	I	F	Y	W	H	M	C	P
0	0.05351	0.01778	0.01473	0.01264	0.01620	0.27673	0.00989	0.16293	0.23408	0.11974	0.01576	0.01535	0.01161	0.00676	0.00547	0.00171	0.00690	0.00502	0.00488	0.00832
1	0.67381	0.01158	0.02449	0.03960	0.01307	0.01295	0.00731	0.03607	0.07623	0.04600	0.01001	0.01105	0.00758	0.00563	0.00398	0.00179	0.00470	0.00362	0.00383	0.00668
2	0.75905	0.01179	0.00912	0.00805	0.01162	0.04193	0.00659	0.03974	0.01070	0.04743	0.00861	0.00977	0.00658	0.00543	0.00373	0.00176	0.00472	0.00326	0.00369	0.00642
3	0.05957	0.01432	0.01556	0.01220	0.01638	0.01560	0.00998	0.58439	0.02384	0.10272	0.01569	0.07566	0.01219	0.00768	0.00575	0.00177	0.00584	0.00599	0.00571	0.00916
4	0.00697	0.00498	0.00664	0.00796	0.00830	0.00465	0.00531	0.00796	0.01095	0.01460	0.03153	0.79525	0.03783	0.01792	0.00730	0.00232	0.00332	0.01626	0.00531	0.00465
5	0.02247	0.01019	0.01396	0.01263	0.08854	0.00935	0.00922	0.04032	0.07152	0.57533	0.06812	0.02044	0.01634	0.00722	0.00581	0.00178	0.00492	0.00602	0.00649	0.00934
6	0.01998	0.02194	0.01573	0.01379	0.01712	0.46776	0.01061	0.16918	0.16928	0.02046	0.01278	0.01326	0.00991	0.00647	0.00541	0.00162	0.00832	0.00455	0.00409	0.00775
7	0.00807	0.00575	0.00755	0.00859	0.00934	0.00557	0.00651	0.00958	0.01152	0.01507	0.03024	0.34072	0.07189	0.14457	0.01108	0.00295	0.00444	0.29684	0.00499	0.00471
8	0.00975	0.00497	0.00740	0.00748	0.00751	0.00495	0.00499	0.00748	0.00767	0.01023	0.01131	0.06678	0.01171	0.01975	0.02140	0.78080	0.00486	0.00568	0.00266	0.00262
9	0.68390	0.10687	0.01147	0.00807	0.01184	0.01400	0.00686	0.03934	0.01074	0.05276	0.00869	0.00980	0.00674	0.00537	0.00371	0.00170	0.00470	0.00326	0.00361	0.00658
10	0.04417	0.00992	0.01612	0.70900	0.03637	0.01229	0.01481	0.01463	0.01140	0.01545	0.01057	0.01536	0.00797	0.00576	0.00553	0.00187	0.00721	0.00502	0.05027	0.00629
11	0.01951	0.00871	0.01156	0.00926	0.01281	0.00766	0.00747	0.02227	0.03690	0.48996	0.23439	0.02580	0.02540	0.00827	0.00596	0.00173	0.00420	0.00696	0.00661	0.05458
12	0.01885	0.01405	0.01524	0.01163	0.01611	0.01471	0.00953	0.53630	0.02262	0.03126	0.01326	0.01380	0.00976	0.00627	0.00528	0.00150	0.00561	0.00477	0.05759	0.19185
13	0.01761	0.01019	0.03921	0.01004	0.01353	0.00938	0.00833	0.04538	0.18403	0.34519	0.16935	0.02697	0.05817	0.00867	0.00606	0.00185	0.00445	0.02697	0.00629	0.00832
14	0.01416	0.01354	0.02282	0.03419	0.73408	0.01362	0.01722	0.01806	0.04191	0.01889	0.01125	0.01444	0.00939	0.00520	0.00567	0.00171	0.00671	0.00515	0.00295	0.00906
15	0.01458	0.01160	0.01298	0.01020	0.01433	0.01122	0.00813	0.23426	0.11897	0.02455	0.05922	0.06964	0.01483	0.00690	0.00526	0.00142	0.00474	0.00564	0.00473	0.36680
16	0.01398	0.01544	0.09684	0.05419	0.64973	0.03359	0.01769	0.01766	0.01297	0.01839	0.01064	0.01388	0.00879	0.00517	0.00563	0.00171	0.00708	0.00497	0.00278	0.00886
17	0.01452	0.08855	0.01364	0.00944	0.01325	0.01053	0.00771	0.09848	0.04688	0.11512	0.05346	0.08088	0.01478	0.00703	0.00557	0.00142	0.03609	0.00561	0.05694	0.32011
18	0.05466	0.14797	0.05055	0.03316	0.01500	0.08652	0.00912	0.18953	0.03357	0.04030	0.01511	0.01606	0.05423	0.00640	0.00484	0.00148	0.00564	0.00479	0.12574	0.10533
19	0.05527	0.05132	0.03602	0.01127	0.01515	0.07785	0.00937	0.26687	0.14729	0.14343	0.01772	0.01733	0.03755	0.00701	0.00537	0.00170	0.00562	0.00539	0.07998	0.00848
20	0.04543	0.06872	0.01204	0.00912	0.01222	0.00962	0.00731	0.06899	0.09944	0.10720	0.21809	0.09509	0.02595	0.00895	0.00573	0.00167	0.00418	0.03508	0.00523	0.15995
21	0.01628	0.01188	0.01479	0.01206	0.03685	0.01176	0.04652	0.14841	0.16422	0.13985	0.01599	0.03934	0.01227	0.00660	0.00600	0.00157	0.04213	0.00538	0.00484	0.26328
22	0.01725	0.03054	0.12943	0.01182	0.03730	0.08716	0.01039	0.04902	0.06791	0.27688	0.14501	0.02368	0.05552	0.00799	0.00587	0.00178	0.00563	0.02348	0.00532	0.00803
23	0.01581	0.13768	0.30096	0.01280	0.01843	0.04625	0.01363	0.08538	0.01443	0.15365	0.05990	0.01499	0.01178	0.00631	0.00577	0.00166	0.03693	0.00476	0.00389	0.05499

[dist]
# distance from previous block
# <min> <max>
1	14

[block]
# block no. 9 follows, 41 sequences, length 12
# corresponding to MSA columns:
# 673-684
name=unknown_J
#
# <colnr> <probs for GDERKNQSTAVLIFYWHMCP>
#	G	D	E	R	K	N	Q	S	T	A	V	L	I	F	Y	W	H	M	C	P
0	0.07056	0.14051	0.01530	0.01036	0.01380	0.09941	0.00850	0.16560	0.03384	0.15988	0.15180	0.05299	0.01943	0.02601	0.00599	0.00176	0.00549	0.00616	0.00502	0.00759
1	0.10834	0.06381	0.01511	0.01164	0.01488	0.01491	0.00956	0.15111	0.24209	0.09960	0.01523	0.01555	0.01154	0.00730	0.00770	0.00186	0.14908	0.00513	0.00472	0.05083
2	0.02096	0.03383	0.12582	0.01220	0.01698	0.07543	0.01113	0.22995	0.01842	0.32972	0.03325	0.01636	0.01206	0.00777	0.02796	0.00194	0.00654	0.00524	0.00542	0.00900
3	0.01618	0.22492	0.30633	0.01443	0.05770	0.08834	0.01458	0.09374	0.01440	0.10200	0.01128	0.01226	0.00840	0.00565	0.00503	0.00161	0.00732	0.00418	0.00335	0.00830
4	0.05749	0.00978	0.01255	0.00991	0.01398	0.00893	0.00808	0.02577	0.09131	0.56942	0.07632	0.02060	0.01685	0.00729	0.00567	0.00175	0.00462	0.00594	0.00657	0.04716
5	0.04794	0.01539	0.06572	0.02245	0.07619	0.01472	0.52118	0.01753	0.01255	0.01798	0.01071	0.01450	0.00836	0.00565	0.00823	0.00198	0.12240	0.00611	0.00284	0.00757
6	0.01189	0.00922	0.01156	0.01310	0.14910	0.00912	0.00837	0.01742	0.19486	0.09402	0.05887	0.03531	0.34350	0.01028	0.00623	0.00187	0.00421	0.00873	0.00519	0.00715
7	0.01379	0.00878	0.01051	0.09013	0.01385	0.00903	0.00746	0.12839	0.01446	0.08945	0.01652	0.05900	0.01327	0.00704	0.00535	0.00152	0.03283	0.00563	0.35828	0.11472
8	0.01971	0.01076	0.02727	0.01006	0.01395	0.01016	0.00831	0.15586	0.09503	0.37036	0.02363	0.02203	0.08991	0.00771	0.00564	0.00173	0.00474	0.00622	0.08086	0.03606
9	0.06780	0.03157	0.10117	0.12074	0.07670	0.02989	0.03446	0.01507	0.01132	0.01704	0.01150	0.05643	0.01046	0.00712	0.00787	0.00176	0.15805	0.03519	0.00309	0.20276
10	0.01197	0.16827	0.50576	0.01470	0.02159	0.01427	0.06612	0.01720	0.01251	0.01777	0.08675	0.01491	0.01215	0.00593	0.00533	0.00171	0.00751	0.00481	0.00285	0.00789
11	0.10959	0.01349	0.13954	0.01073	0.01521	0.02856	0.00998	0.02231	0.10051	0.32009	0.11049	0.01960	0.01702	0.00708	0.00549	0.00174	0.00521	0.00568	0.00536	0.05232

[dist]
# distance from previous block
# <min> <max>
9	14

[block]
# block no. 10 follows, 41 sequences, length 8
# corresponding to MSA columns:
# 699-706
name=unknown_K
#
# <colnr> <probs for GDERKNQSTAVLIFYWHMCP>
#	G	D	E	R	K	N	Q	S	T	A	V	L	I	F	Y	W	H	M	C	P
0	0.20757	0.27471	0.04255	0.01073	0.01467	0.06290	0.08344	0.04714	0.01223	0.03901	0.01200	0.01488	0.03100	0.07308	0.00652	0.00189	0.00606	0.00452	0.04836	0.00676
1	0.01134	0.00658	0.00845	0.00766	0.00958	0.00598	0.00582	0.01351	0.01477	0.16767	0.39996	0.06632	0.15306	0.05170	0.04961	0.00242	0.00401	0.00960	0.00595	0.00603
2	0.01852	0.01923	0.01713	0.08168	0.09685	0.32444	0.01202	0.20412	0.04111	0.02059	0.01079	0.01260	0.00854	0.00640	0.00656	0.00168	0.07523	0.00452	0.00367	0.03431
3	0.00947	0.00820	0.00887	0.04621	0.01083	0.07007	0.00640	0.01092	0.01119	0.01452	0.06284	0.09649	0.17856	0.18847	0.14625	0.00395	0.04936	0.00851	0.03808	0.03083
4	0.01225	0.01172	0.02039	0.36835	0.32596	0.01277	0.07589	0.01590	0.01236	0.01672	0.01193	0.01829	0.01006	0.00611	0.00593	0.00188	0.00729	0.05583	0.00288	0.00747
5	0.01080	0.01017	0.01716	0.78523	0.03940	0.01271	0.01589	0.01461	0.01144	0.01461	0.01017	0.01525	0.00762	0.00572	0.00572	0.00191	0.00762	0.00508	0.00254	0.00635
6	0.11353	0.01203	0.05874	0.01215	0.07566	0.01135	0.00938	0.12010	0.14173	0.20540	0.02027	0.01976	0.07217	0.00719	0.00537	0.00174	0.00497	0.00575	0.07542	0.02729
7	0.02058	0.01476	0.01767	0.01334	0.01805	0.01553	0.07243	0.53834	0.02325	0.11306	0.01420	0.01434	0.01001	0.00648	0.00568	0.00166	0.00624	0.00519	0.00542	0.08378

[dist]
# distance from previous block
# <min> <max>
0	5

[block]
# block no. 11 follows, 41 sequences, length 14
# corresponding to MSA columns:
# 712-725
name=unknown_L
#
# <colnr> <probs for GDERKNQSTAVLIFYWHMCP>
#	G	D	E	R	K	N	Q	S	T	A	V	L	I	F	Y	W	H	M	C	P
0	0.22794	0.08545	0.01505	0.01233	0.03529	0.32774	0.00949	0.08277	0.09907	0.02010	0.01178	0.01263	0.02565	0.00613	0.00479	0.00162	0.00719	0.00415	0.00367	0.00715
