[name]
unknown

[dist]
# distance from previous block
# <min> <max>
0	162

[block]
# block no. 0 follows, 45 sequences, length 15
# corresponding to MSA columns:
# 173-187
name=unknown_A
#
# <colnr> <probs for GDERKNQSTAVLIFYWHMCP>
#	G	D	E	R	K	N	Q	S	T	A	V	L	I	F	Y	W	H	M	C	P
0	0.03243	0.00925	0.03007	0.08911	0.01420	0.02152	0.00816	0.11075	0.09660	0.10705	0.10078	0.13336	0.04690	0.06470	0.00736	0.00207	0.00472	0.08916	0.00480	0.02703
1	0.01559	0.01259	0.01685	0.01907	0.28477	0.09246	0.06257	0.08336	0.05714	0.15305	0.13089	0.01835	0.01615	0.00641	0.00552	0.00163	0.00584	0.00570	0.00427	0.00781
2	0.00785	0.00550	0.00710	0.00681	0.00810	0.00503	0.00506	0.01013	0.01448	0.04111	0.62647	0.11920	0.09963	0.01164	0.00636	0.00175	0.00266	0.01028	0.00577	0.00507
3	0.01389	0.01327	0.04843	0.06768	0.50857	0.04354	0.01447	0.01910	0.13912	0.05991	0.01256	0.01453	0.00989	0.00538	0.00532	0.00164	0.00615	0.00495	0.00332	0.00829
4	0.00714	0.00569	0.00643	0.00620	0.00783	0.00509	0.00466	0.00952	0.04241	0.01777	0.35732	0.04557	0.44060	0.01225	0.00630	0.00176	0.00270	0.01044	0.00539	0.00491
5	0.01228	0.00965	0.01117	0.01087	0.05248	0.01051	0.00799	0.05985	0.37158	0.06858	0.05580	0.10382	0.12507	0.00942	0.00626	0.00186	0.03284	0.03759	0.00515	0.00723
6	0.22109	0.01715	0.11681	0.04473	0.11054	0.16674	0.03653	0.18827	0.01489	0.02179	0.00968	0.01118	0.00738	0.00542	0.00475	0.00160	0.00670	0.00402	0.00341	0.00732
7	0.01352	0.01266	0.04469	0.02586	0.53491	0.01241	0.01417	0.06366	0.11120	0.03812	0.06463	0.01603	0.01252	0.00569	0.00540	0.00164	0.00582	0.00528	0.00350	0.00830
8	0.04227	0.01262	0.01417	0.12814	0.01812	0.04582	0.01011	0.23386	0.28048	0.07936	0.01538	0.01565	0.01135	0.00671	0.00616	0.00176	0.06020	0.00517	0.00467	0.00799
9	0.01259	0.01245	0.01378	0.01234	0.01385	0.11586	0.02552	0.01804	0.23107	0.01606	0.01488	0.07228	0.01358	0.01043	0.04580	0.00234	0.30503	0.05393	0.00369	0.00650
10	0.00746	0.00548	0.00699	0.00661	0.00794	0.00501	0.00496	0.00987	0.01488	0.02077	0.69722	0.04135	0.12893	0.01126	0.00633	0.00170	0.00255	0.00988	0.00581	0.00501
11	0.01390	0.01095	0.01767	0.07088	0.33877	0.01097	0.08134	0.08196	0.01361	0.11643	0.04511	0.07111	0.01442	0.02727	0.00628	0.00183	0.00590	0.06016	0.00386	0.00756
12	0.01127	0.00967	0.01120	0.00814	0.01280	0.00755	0.00650	0.01447	0.05939	0.01781	0.01033	0.01170	0.00849	0.00419	0.00407	0.00086	0.00399	0.00336	0.00333	0.79089
13	0.04843	0.04406	0.08493	0.15079	0.11456	0.07086	0.05420	0.04726	0.07072	0.15088	0.01375	0.01563	0.02587	0.03143	0.00641	0.00179	0.03973	0.00499	0.01639	0.00732
14	0.01328	0.06809	0.06977	0.02716	0.58007	0.01250	0.01502	0.01639	0.01215	0.05410	0.01189	0.04655	0.01043	0.00574	0.00532	0.00163	0.00616	0.03268	0.00298	0.00809

[dist]
# distance from previous block
# <min> <max>
1	6

[block]
# block no. 1 follows, 45 sequences, length 11
# corresponding to MSA columns:
# 194-204
name=unknown_B
#
# <colnr> <probs for GDERKNQSTAVLIFYWHMCP>
#	G	D	E	R	K	N	Q	S	T	A	V	L	I	F	Y	W	H	M	C	P
0	0.01189	0.04261	0.27057	0.08991	0.09500	0.01306	0.21658	0.01749	0.08691	0.01704	0.01103	0.01343	0.00837	0.00529	0.00598	0.00171	0.04305	0.00493	0.00280	0.04233
1	0.00891	0.00534	0.00601	0.00614	0.00717	0.00538	0.00441	0.01134	0.04228	0.01742	0.06652	0.15359	0.04382	0.09646	0.06562	0.00244	0.00385	0.00757	0.44090	0.00483
2	0.01222	0.01214	0.04632	0.01505	0.01944	0.01090	0.32934	0.01666	0.07911	0.05180	0.04679	0.05081	0.01209	0.00582	0.00612	0.00157	0.04513	0.00582	0.00347	0.22942
3	0.00675	0.00476	0.00617	0.00721	0.00747	0.00450	0.00470	0.00753	0.00987	0.01316	0.02750	0.68064	0.03287	0.14762	0.01022	0.00268	0.00346	0.01403	0.00470	0.00418
4	0.01311	0.00880	0.00986	0.00869	0.01116	0.04312	0.00675	0.01882	0.21880	0.18226	0.31781	0.02961	0.09062	0.00902	0.00583	0.00171	0.00377	0.00766	0.00573	0.00687
5	0.01335	0.01153	0.01214	0.01092	0.01396	0.01335	0.00850	0.02852	0.76817	0.02245	0.02185	0.02003	0.01639	0.00728	0.00546	0.00182	0.00425	0.00607	0.00546	0.00850
6	0.00781	0.00520	0.00585	0.00585	0.00585	0.00520	0.00325	0.00781	0.00781	0.01041	0.01691	0.03513	0.01952	0.81135	0.02732	0.00520	0.00520	0.00781	0.00325	0.00325
7	0.01435	0.81458	0.02813	0.00918	0.01378	0.02124	0.00918	0.01607	0.01091	0.01263	0.00746	0.00861	0.00689	0.00459	0.00344	0.00115	0.00574	0.00287	0.00230	0.00689
8	0.00654	0.00467	0.00623	0.00747	0.00779	0.00436	0.00498	0.00747	0.01028	0.01370	0.02959	0.80785	0.03550	0.01682	0.00685	0.00218	0.00311	0.01526	0.00498	0.00436
9	0.01072	0.00899	0.01072	0.00827	0.01246	0.00699	0.00674	0.01312	0.01133	0.01726	0.01265	0.01927	0.01173	0.00576	0.00454	0.00107	0.00413	0.12477	0.00347	0.70601
10	0.00849	0.00719	0.01242	0.01093	0.01263	0.00784	0.13045	0.01084	0.00929	0.01324	0.01380	0.02000	0.01255	0.03438	0.66105	0.00750	0.01350	0.00585	0.00285	0.00520

[dist]
# distance from previous block
# <min> <max>
0	2

[block]
# block no. 2 follows, 45 sequences, length 14
# corresponding to MSA columns:
# 207-220
name=unknown_C
#
# <colnr> <probs for GDERKNQSTAVLIFYWHMCP>
#	G	D	E	R	K	N	Q	S	T	A	V	L	I	F	Y	W	H	M	C	P
0	0.00847	0.19205	0.01129	0.00747	0.00919	0.00841	0.00590	0.00986	0.01131	0.01438	0.09529	0.38070	0.17799	0.01277	0.00593	0.00183	0.00365	0.03400	0.00444	0.00506
1	0.05182	0.01111	0.01285	0.01038	0.01411	0.01153	0.00838	0.19542	0.22782	0.34541	0.01880	0.01762	0.01308	0.02927	0.00594	0.00179	0.00479	0.00543	0.00579	0.00866
2	0.00800	0.00543	0.00650	0.00679	0.00707	0.00543	0.00450	0.00857	0.00886	0.01171	0.01957	0.04100	0.02214	0.62734	0.02272	0.00457	0.00514	0.17736	0.00364	0.00364
3	0.00849	0.00655	0.00880	0.00807	0.00977	0.00659	0.00613	0.01023	0.00909	0.01332	0.01363	0.02083	0.01304	0.14429	0.49728	0.00632	0.01064	0.00546	0.00300	0.19848
4	0.00767	0.00575	0.00863	0.00863	0.00959	0.00671	0.00671	0.00959	0.00863	0.01246	0.01438	0.02109	0.01342	0.04026	0.79008	0.00863	0.01438	0.00575	0.00288	0.00479
5	0.01693	0.02075	0.01314	0.01236	0.01456	0.60835	0.00913	0.01821	0.01407	0.01327	0.01322	0.19407	0.01352	0.00814	0.00530	0.00157	0.00816	0.00618	0.00328	0.00579
6	0.01267	0.01448	0.03167	0.02262	0.02805	0.01357	0.75837	0.01719	0.01267	0.01719	0.01086	0.01448	0.00814	0.00452	0.00633	0.00181	0.00905	0.00633	0.00271	0.00724
7	0.01256	0.01201	0.02047	0.20979	0.60671	0.01256	0.01611	0.01584	0.01188	0.01665	0.00997	0.01352	0.00819	0.00492	0.00533	0.00164	0.00656	0.00478	0.00259	0.00792
8	0.00690	0.00491	0.00641	0.00716	0.00766	0.00460	0.00484	0.00812	0.01119	0.01521	0.20064	0.55985	0.03754	0.08810	0.00860	0.00234	0.00317	0.01330	0.00504	0.00442
9	0.01089	0.00596	0.00798	0.00821	0.00961	0.00545	0.00615	0.01233	0.01185	0.19148	0.02868	0.47974	0.06563	0.01402	0.00657	0.00208	0.00370	0.11875	0.00536	0.00556
10	0.00707	0.00505	0.00605	0.00650	0.00701	0.00476	0.00421	0.00785	0.01007	0.01325	0.09039	0.34308	0.14384	0.30970	0.01430	0.00320	0.00378	0.01144	0.00442	0.00403
11	0.00768	0.00572	0.00846	0.00846	0.00936	0.00662	0.00650	0.00948	0.00858	0.01234	0.01453	0.02195	0.01379	0.08758	0.74327	0.00842	0.01382	0.00588	0.00290	0.00470
12	0.05281	0.01562	0.19623	0.14381	0.45381	0.01253	0.01649	0.01614	0.01164	0.01715	0.00978	0.01277	0.00777	0.00495	0.00518	0.00165	0.00675	0.00450	0.00256	0.00786
13	0.25761	0.10018	0.04232	0.00923	0.01245	0.05554	0.00775	0.18707	0.03881	0.03679	0.01368	0.08668	0.02811	0.06826	0.00631	0.00189	0.00510	0.00533	0.03032	0.00658

[dist]
# distance from previous block
# <min> <max>
1	54

[block]
# block no. 3 follows, 45 sequences, length 31
# corresponding to MSA columns:
# 275-305
name=unknown_D
#
# <colnr> <probs for GDERKNQSTAVLIFYWHMCP>
#	G	D	E	R	K	N	Q	S	T	A	V	L	I	F	Y	W	H	M	C	P
0	0.02605	0.38657	0.13894	0.01092	0.04112	0.09146	0.01015	0.02520	0.01108	0.01383	0.00957	0.03086	0.00888	0.07320	0.00719	0.05802	0.00621	0.00403	0.00259	0.04412
1	0.00939	0.00627	0.00854	0.00758	0.00835	0.00613	0.06656	0.00996	0.00878	0.06696	0.01666	0.03188	0.01799	0.66916	0.04041	0.00474	0.00568	0.00746	0.00345	0.00404
2	0.04263	0.16078	0.27503	0.01252	0.01783	0.06585	0.06456	0.01672	0.01153	0.06110	0.00966	0.01126	0.00750	0.00515	0.00542	0.00145	0.05791	0.00385	0.00281	0.16643
3	0.07753	0.42325	0.23848	0.01084	0.01587	0.04471	0.01167	0.01617	0.02825	0.01508	0.01004	0.06767	0.00907	0.00575	0.00425	0.00144	0.00616	0.00418	0.00265	0.00693
4	0.01371	0.00842	0.01109	0.08157	0.05874	0.02316	0.00833	0.01751	0.10263	0.23334	0.15019	0.09948	0.05841	0.00947	0.00597	0.00184	0.00445	0.09960	0.00525	0.00682
5	0.00916	0.00606	0.00782	0.00717	0.00874	0.00567	0.00545	0.01225	0.05018	0.08148	0.68063	0.03744	0.04611	0.01046	0.00622	0.00169	0.00277	0.00920	0.00595	0.00555
6	0.07652	0.01775	0.34947	0.07115	0.07326	0.01097	0.04026	0.01923	0.01250	0.24338	0.02652	0.01416	0.00961	0.00563	0.00516	0.00169	0.00644	0.00461	0.00375	0.00795
7	0.06826	0.01177	0.01855	0.27013	0.42309	0.02812	0.01480	0.01540	0.01132	0.01635	0.00949	0.01312	0.00776	0.00533	0.00608	0.00171	0.06422	0.00462	0.00260	0.00729
8	0.00725	0.00522	0.00702	0.00820	0.00890	0.00499	0.00619	0.00873	0.01108	0.01455	0.03039	0.51647	0.06983	0.01598	0.00702	0.00226	0.00372	0.26268	0.00497	0.00457
9	0.01501	0.01234	0.01954	0.02714	0.57954	0.01243	0.01442	0.06048	0.07493	0.11209	0.01256	0.01442	0.00976	0.00531	0.00534	0.00162	0.00596	0.00497	0.00352	0.00861
10	0.01514	0.37071	0.17877	0.01231	0.06673	0.01552	0.01160	0.03978	0.01221	0.15578	0.01152	0.03946	0.00923	0.00574	0.00494	0.00148	0.03397	0.00424	0.00330	0.00757
11	0.52953	0.01077	0.01067	0.00989	0.06312	0.01170	0.00744	0.09756	0.01239	0.18554	0.01114	0.01150	0.00793	0.00548	0.00411	0.00165	0.00458	0.00377	0.00420	0.00705
12	0.00654	0.00467	0.00623	0.00747	0.00779	0.00436	0.00498	0.00747	0.01028	0.01370	0.02959	0.80785	0.03550	0.01682	0.00685	0.00218	0.00311	0.01526	0.00498	0.00436
13	0.22022	0.01165	0.06368	0.10264	0.03273	0.01104	0.00952	0.12753	0.01441	0.33362	0.01430	0.01415	0.00963	0.00592	0.00487	0.00167	0.00523	0.00453	0.00478	0.00787
14	0.01146	0.27088	0.01591	0.01068	0.08138	0.01160	0.00801	0.02897	0.01241	0.06050	0.18482	0.19113	0.02439	0.00937	0.00562	0.00165	0.02114	0.03977	0.00414	0.00616
15	0.01246	0.00656	0.00873	0.00758	0.00970	0.00590	0.00590	0.01486	0.01524	0.24575	0.55264	0.03366	0.03963	0.00970	0.00606	0.00168	0.00313	0.00844	0.00613	0.00627
16	0.00654	0.00467	0.00623	0.00747	0.00779	0.00436	0.00498	0.00747	0.01028	0.01370	0.02959	0.80785	0.03550	0.01682	0.00685	0.00218	0.00311	0.01526	0.00498	0.00436
17	0.06847	0.03099	0.36526	0.10226	0.05748	0.01076	0.01404	0.01682	0.01232	0.12960	0.12553	0.01686	0.01436	0.00620	0.00522	0.00169	0.00618	0.00508	0.00356	0.00733
18	0.01072	0.27696	0.22420	0.01024	0.01433	0.01270	0.01068	0.01370	0.01095	0.01486	0.09779	0.05110	0.01478	0.04114	0.15390	0.00295	0.00743	0.00521	0.00298	0.02340
19	0.00781	0.00520	0.00585	0.00585	0.00585	0.00520	0.00325	0.00781	0.00781	0.01041	0.01691	0.03513	0.01952	0.81135	0.02732	0.00520	0.00520	0.00781	0.00325	0.00325
20	0.00888	0.00754	0.01013	0.00964	0.01042	0.03692	0.00754	0.01051	0.00874	0.01243	0.01297	0.01988	0.01241	0.08489	0.56760	0.00697	0.15916	0.00561	0.00280	0.00494
21	0.01188	0.01195	0.02114	0.01510	0.02019	0.01028	0.37286	0.01531	0.01188	0.01735	0.01018	0.01276	0.00805	0.00424	0.00513	0.00129	0.00645	0.00472	0.00295	0.43629
22	0.00668	0.00475	0.00626	0.00741	0.00772	0.00446	0.00494	0.00758	0.01015	0.01352	0.02864	0.73426	0.03423	0.07441	0.00835	0.00241	0.00331	0.03177	0.00486	0.00429
23	0.05304	0.00957	0.01254	0.00965	0.01378	0.00862	0.00797	0.07490	0.01580	0.70474	0.02014	0.01757	0.01274	0.00657	0.00532	0.00166	0.00464	0.00527	0.00644	0.00902
24	0.84927	0.01038	0.00789	0.00706	0.01038	0.01204	0.00581	0.01578	0.00914	0.02408	0.00747	0.00872	0.00581	0.00498	0.00332	0.00166	0.00415	0.00291	0.00332	0.00581
25	0.01164	0.01107	0.01881	0.43397	0.38973	0.01232	0.01565	0.01503	0.01144	0.01553	0.00981	0.01382	0.00780	0.00509	0.00534	0.00170	0.00678	0.00478	0.00251	0.00717
26	0.00647	0.00493	0.00597	0.00680	0.00761	0.00442	0.00468	0.00755	0.01093	0.01397	0.03782	0.55655	0.28148	0.01575	0.00668	0.00206	0.00298	0.01395	0.00498	0.00442
27	0.31344	0.03588	0.02383	0.16139	0.09485	0.01148	0.00949	0.07033	0.01222	0.12876	0.04606	0.04819	0.01101	0.00615	0.00468	0.00168	0.00512	0.00481	0.00384	0.00680
28	0.01197	0.01171	0.02128	0.03969	0.43559	0.01149	0.19857	0.01509	0.01199	0.01679	0.04655	0.06957	0.01289	0.06433	0.00731	0.00196	0.00658	0.00631	0.00301	0.00733
29	0.01513	0.59520	0.06161	0.01091	0.01569	0.01893	0.07608	0.07086	0.01242	0.06623	0.00918	0.01021	0.00759	0.00488	0.00405	0.00130	0.00607	0.00354	0.00285	0.00728
30	0.07339	0.19922	0.43606	0.04906	0.05521	0.01407	0.01525	0.01716	0.01137	0.06871	0.00980	0.01124	0.00729	0.00508	0.00464	0.00157	0.00683	0.00382	0.00267	0.00757

[dist]
# distance from previous block
# <min> <max>
0	11

[block]
# block no. 4 follows, 45 sequences, length 7
# corresponding to MSA columns:
# 317-323
name=unknown_E
#
# <colnr> <probs for GDERKNQSTAVLIFYWHMCP>
#	G	D	E	R	K	N	Q	S	T	A	V	L	I	F	Y	W	H	M	C	P
0	0.17915	0.34896	0.27607	0.01074	0.01621	0.01573	0.01193	0.01619	0.01071	0.01663	0.00830	0.00968	0.00670	0.00481	0.00400	0.00142	0.00607	0.00326	0.00254	0.05091
1	0.70174	0.01179	0.06075	0.01045	0.09573	0.01215	0.00791	0.01594	0.00962	0.02289	0.00791	0.00940	0.00617	0.00497	0.00366	0.00166	0.00465	0.00318	0.00318	0.00625
2	0.01198	0.00700	0.00902	0.00810	0.01019	0.00659	0.00646	0.06655	0.01542	0.17730	0.43170	0.03702	0.06955	0.01041	0.00622	0.00179	0.00353	0.10918	0.00585	0.00615
3	0.00770	0.00559	0.00683	0.00691	0.00779	0.00510	0.00456	0.00861	0.00985	0.01359	0.07431	0.36705	0.02703	0.30016	0.01378	0.00304	0.00394	0.01053	0.00418	0.11946
4	0.01282	0.01311	0.14859	0.18628	0.15081	0.01115	0.01287	0.11234	0.01337	0.08714	0.05128	0.01696	0.03006	0.01089	0.11631	0.00267	0.00744	0.00524	0.00349	0.00720
5	0.00726	0.00537	0.00678	0.00665	0.00787	0.00489	0.00490	0.00939	0.01406	0.01937	0.56124	0.14743	0.16056	0.01218	0.00640	0.00178	0.00264	0.01072	0.00564	0.00489
6	0.01176	0.27159	0.38561	0.01258	0.01793	0.01507	0.01433	0.01565	0.01107	0.01535	0.05000	0.01386	0.01007	0.00612	0.00620	0.00163	0.10036	0.03113	0.00258	0.00710

[dist]
# distance from previous block
# <min> <max>
3	9

[block]
# block no. 5 follows, 45 sequences, length 11
# corresponding to MSA columns:
# 333-343
name=unknown_F
#
# <colnr> <probs for GDERKNQSTAVLIFYWHMCP>
#	G	D	E	R	K	N	Q	S	T	A	V	L	I	F	Y	W	H	M	C	P
0	0.84927	0.01038	0.00789	0.00706	0.01038	0.01204	0.00581	0.01578	0.00914	0.02408	0.00747	0.00872	0.00581	0.00498	0.00332	0.00166	0.00415	0.00291	0.00332	0.00581
1	0.01161	0.00639	0.00851	0.00756	0.00952	0.00579	0.00590	0.01403	0.01511	0.20409	0.56180	0.03572	0.04082	0.01010	0.00615	0.00172	0.00313	0.03998	0.00604	0.00604
2	0.01100	0.07844	0.73489	0.01491	0.02262	0.01303	0.01915	0.01694	0.01131	0.01672	0.00949	0.01116	0.00681	0.00507	0.00499	0.00166	0.00779	0.00390	0.00227	0.00787
3	0.00754	0.00539	0.00681	0.00657	0.00756	0.00504	0.00468	0.00946	0.01341	0.01874	0.56609	0.07864	0.06731	0.16717	0.01044	0.00240	0.00309	0.00967	0.00531	0.00466
4	0.01136	0.00780	0.00906	0.00807	0.01019	0.00773	0.00622	0.16254	0.03940	0.08328	0.24876	0.12064	0.19029	0.04605	0.00704	0.00193	0.00371	0.02448	0.00541	0.00605
5	0.01066	0.06980	0.40106	0.01153	0.01659	0.01039	0.01308	0.04339	0.01336	0.04339	0.28525	0.02178	0.02287	0.00728	0.00545	0.00166	0.00566	0.00604	0.00384	0.00692
6	0.02297	0.03828	0.01299	0.00956	0.01363	0.00865	0.00793	0.05740	0.01563	0.69332	0.04785	0.01848	0.01424	0.00672	0.00536	0.00164	0.00459	0.00544	0.00640	0.00891
7	0.01264	0.05049	0.17756	0.01068	0.01421	0.01076	0.01020	0.06948	0.10993	0.11692	0.15457	0.05673	0.08270	0.00838	0.00683	0.00177	0.08799	0.00665	0.00447	0.00702
8	0.05922	0.00929	0.01218	0.00944	0.01343	0.00834	0.00777	0.05833	0.01553	0.67882	0.05554	0.01863	0.01452	0.00677	0.00535	0.00166	0.00451	0.00547	0.00641	0.00880
9	0.01354	0.17063	0.36830	0.01354	0.01933	0.05274	0.09411	0.01766	0.01224	0.11247	0.04448	0.03576	0.01050	0.00575	0.00505	0.00160	0.00693	0.00474	0.00313	0.00750
10	0.29334	0.21716	0.15512	0.01129	0.04832	0.01450	0.02833	0.04561	0.01133	0.08568	0.00945	0.01062	0.00727	0.00526	0.00465	0.00156	0.03670	0.00362	0.00316	0.00704

[dist]
# distance from previous block
# <min> <max>
0	7

[block]
# block no. 6 follows, 45 sequences, length 8
# corresponding to MSA columns:
# 351-358
name=unknown_G
#
# <colnr> <probs for GDERKNQSTAVLIFYWHMCP>
#	G	D	E	R	K	N	Q	S	T	A	V	L	I	F	Y	W	H	M	C	P
0	0.10721	0.01591	0.18441	0.01245	0.01735	0.01313	0.06434	0.28839	0.05581	0.14684	0.01335	0.01362	0.00935	0.00592	0.00512	0.00166	0.00600	0.00470	0.02619	0.00823
1	0.00852	0.00586	0.00728	0.00694	0.00846	0.00541	0.00519	0.01115	0.04534	0.06731	0.47617	0.12932	0.17927	0.01171	0.00630	0.00177	0.00283	0.01023	0.00566	0.00528
2	0.01750	0.25978	0.14911	0.01045	0.01522	0.01325	0.01033	0.07537	0.01403	0.31087	0.06193	0.01509	0.01226	0.00601	0.00480	0.00151	0.00548	0.00461	0.00442	0.00798
3	0.01366	0.48040	0.21757	0.01243	0.01783	0.06985	0.09000	0.01678	0.01149	0.01424	0.00842	0.00998	0.00700	0.00478	0.00426	0.00137	0.00690	0.00355	0.00236	0.00714
4	0.00663	0.00471	0.00620	0.00735	0.00764	0.00442	0.00485	0.00750	0.01009	0.01346	0.02864	0.75033	0.03431	0.07596	0.00838	0.00241	0.00327	0.01471	0.00485	0.00428
5	0.01587	0.06117	0.04871	0.01041	0.01389	0.01146	0.00882	0.06631	0.33476	0.22577	0.06361	0.02252	0.01727	0.00763	0.00551	0.00176	0.00465	0.06639	0.00541	0.00809
6	0.09470	0.24825	0.09562	0.02870	0.06972	0.01342	0.00970	0.05659	0.06009	0.10652	0.12572	0.01747	0.03960	0.00645	0.00476	0.00153	0.00510	0.00505	0.00391	0.00712
7	0.15621	0.08895	0.34950	0.01268	0.04369	0.01290	0.01335	0.06268	0.01192	0.05074	0.04094	0.01229	0.00899	0.00564	0.00551	0.00162	0.05962	0.00407	0.00305	0.05565

[dist]
# distance from previous block
# <min> <max>
3	7

[block]
# block no. 7 follows, 45 sequences, length 12
# corresponding to MSA columns:
# 366-377
name=unknown_H
#
# <colnr> <probs for GDERKNQSTAVLIFYWHMCP>
#	G	D	E	R	K	N	Q	S	T	A	V	L	I	F	Y	W	H	M	C	P
0	0.05308	0.01337	0.05914	0.04271	0.08937	0.03719	0.01016	0.28207	0.07300	0.10849	0.01450	0.01487	0.03736	0.00604	0.00507	0.00152	0.00547	0.00478	0.00444	0.13738
1	0.01119	0.00936	0.01232	0.02680	0.18008	0.03946	0.02077	0.09413	0.06008	0.03001	0.09159	0.24365	0.05885	0.03278	0.00667	0.00196	0.00477	0.06474	0.00444	0.00635
2	0.00759	0.00527	0.00665	0.00730	0.00773	0.00516	0.00508	0.00854	0.00989	0.01314	0.05304	0.28182	0.02828	0.35283	0.01563	0.00351	0.00439	0.17582	0.00428	0.00405
3	0.01259	0.01317	0.04655	0.04753	0.48487	0.01249	0.22303	0.01613	0.01218	0.01712	0.01135	0.05703	0.00979	0.00539	0.00568	0.00169	0.00701	0.00576	0.00278	0.00784
4	0.01231	0.25421	0.31958	0.04526	0.12975	0.01455	0.05060	0.01620	0.01144	0.03117	0.01061	0.04549	0.00902	0.00562	0.00484	0.00157	0.00675	0.02100	0.00262	0.00741
5	0.00672	0.00487	0.00633	0.00742	0.00793	0.00454	0.00512	0.00778	0.01053	0.01385	0.03135	0.65711	0.10218	0.04190	0.00751	0.00227	0.00328	0.06998	0.00492	0.00438
6	0.00687	0.00541	0.00622	0.00624	0.00770	0.00476	0.00467	0.00863	0.01306	0.01687	0.29600	0.11928	0.43247	0.01305	0.00643	0.00183	0.00277	0.03773	0.00530	0.00471
7	0.01053	0.00891	0.01049	0.00789	0.01208	0.00679	0.00618	0.01273	0.01102	0.01700	0.01215	0.11476	0.01153	0.00565	0.00435	0.00098	0.00386	0.00475	0.00341	0.73494
8	0.00851	0.00662	0.00981	0.11139	0.01311	0.00794	0.00781	0.01059	0.00908	0.01326	0.01353	0.01976	0.01230	0.04998	0.54145	0.00653	0.07211	0.00553	0.07569	0.00501
9	0.12556	0.01763	0.01324	0.01176	0.01480	0.34590	0.00909	0.10264	0.24647	0.01965	0.01301	0.01338	0.01009	0.00701	0.02552	0.00177	0.00701	0.00440	0.00395	0.00715
10	0.53936	0.01275	0.01229	0.01211	0.09881	0.11308	0.06494	0.01676	0.01074	0.04155	0.00908	0.03106	0.00742	0.00535	0.00412	0.00164	0.00548	0.00384	0.00326	0.00633
11	0.00718	0.00550	0.00677	0.00655	0.00796	0.00510	0.00494	0.00924	0.01334	0.01796	0.43150	0.04155	0.29190	0.01567	0.10827	0.00263	0.00414	0.00974	0.00520	0.00485

[dist]
# distance from previous block
# <min> <max>
0	1

[block]
# block no. 8 follows, 45 sequences, length 22
# corresponding to MSA columns:
# 379-400
name=unknown_I
#
# <colnr> <probs for GDERKNQSTAVLIFYWHMCP>
#	G	D	E	R	K	N	Q	S	T	A	V	L	I	F	Y	W	H	M	C	P
0	0.00786	0.00938	0.15341	0.00936	0.01128	0.00633	0.00845	0.01006	0.01076	0.01461	0.02477	0.45071	0.02810	0.06465	0.00794	0.00234	0.00454	0.16601	0.00435	0.00509
1	0.01879	0.02293	0.01463	0.01328	0.01610	0.64327	0.01002	0.02277	0.15731	0.01490	0.01085	0.01163	0.00870	0.00586	0.00496	0.00147	0.00866	0.00395	0.00327	0.00665
2	0.00801	0.00607	0.00726	0.00782	0.00865	0.00619	0.00536	0.01150	0.15299	0.01489	0.02696	0.52190	0.05111	0.13338	0.00963	0.00255	0.00363	0.01230	0.00482	0.00498
3	0.01049	0.02285	0.58955	0.01474	0.02125	0.01135	0.06463	0.01590	0.01161	0.01684	0.01326	0.02082	0.01143	0.00690	0.00562	0.00185	0.00744	0.14335	0.00280	0.00732
4	0.69151	0.01060	0.00869	0.00779	0.01106	0.01229	0.00632	0.01818	0.15238	0.02378	0.01019	0.01085	0.00781	0.00542	0.00373	0.00169	0.00417	0.00350	0.00373	0.00632
5	0.16606	0.00626	0.00733	0.00779	0.00891	0.00638	0.02185	0.00997	0.02794	0.01588	0.02448	0.51541	0.04331	0.06438	0.00746	0.00227	0.00369	0.05134	0.00452	0.00476
6	0.01310	0.01278	0.01673	0.10528	0.01841	0.06386	0.08499	0.06286	0.20210	0.01711	0.01188	0.01434	0.00964	0.00749	0.01046	0.00199	0.33154	0.00514	0.00338	0.00690
7	0.01298	0.00935	0.01475	0.52704	0.05752	0.01071	0.01261	0.03946	0.01211	0.15955	0.01332	0.06550	0.01038	0.00637	0.00543	0.00176	0.00623	0.00556	0.02274	0.00663
8	0.01113	0.00954	0.01113	0.00795	0.01272	0.00716	0.00636	0.01352	0.01113	0.01749	0.00954	0.01113	0.00795	0.00398	0.00398	0.00080	0.00398	0.00318	0.00318	0.84417
9	0.00654	0.00467	0.00623	0.00747	0.00779	0.00436	0.00498	0.00747	0.01028	0.01370	0.02959	0.80785	0.03550	0.01682	0.00685	0.00218	0.00311	0.01526	0.00498	0.00436
10	0.00689	0.00485	0.00629	0.00730	0.00760	0.00461	0.00485	0.00773	0.00992	0.01320	0.02713	0.62283	0.03224	0.16666	0.01074	0.00277	0.00360	0.05196	0.00465	0.00418
11	0.04857	0.00988	0.01264	0.00977	0.01381	0.00917	0.00805	0.13082	0.01658	0.62158	0.04820	0.01803	0.01388	0.00673	0.00536	0.00165	0.00467	0.00540	0.00633	0.00888
12	0.01047	0.00610	0.00788	0.00718	0.00898	0.00547	0.00547	0.01263	0.01445	0.16344	0.48164	0.10096	0.13232	0.01097	0.00620	0.00174	0.00299	0.00956	0.00586	0.00571
13	0.01267	0.01448	0.03167	0.02262	0.02805	0.01357	0.75837	0.01719	0.01267	0.01719	0.01086	0.01448	0.00814	0.00452	0.00633	0.00181	0.00905	0.00633	0.00271	0.00724
14	0.00705	0.00507	0.00642	0.00685	0.00755	0.00472	0.00470	0.00841	0.01169	0.01586	0.27324	0.39065	0.09597	0.12512	0.00949	0.00241	0.00318	0.01210	0.00504	0.00445
15	0.01335	0.01153	0.01214	0.01092	0.01396	0.01335	0.00850	0.02852	0.76817	0.02245	0.02185	0.02003	0.01639	0.00728	0.00546	0.00182	0.00425	0.00607	0.00546	0.00850
16	0.01312	0.01265	0.02181	0.06900	0.72067	0.01274	0.03817	0.01636	0.01217	0.01735	0.01009	0.01337	0.00843	0.00480	0.00535	0.00161	0.00649	0.00483	0.00265	0.00835
17	0.00678	0.00477	0.00616	0.00717	0.00742	0.00452	0.00466	0.00754	0.00981	0.01308	0.02719	0.66202	0.03249	0.16676	0.01071	0.00275	0.00351	0.01385	0.00466	0.00415
18	0.01245	0.01190	0.02028	0.23654	0.58082	0.01253	0.01606	0.01574	0.01183	0.01652	0.00995	0.01356	0.00814	0.00494	0.00533	0.00165	0.00658	0.00478	0.00258	0.00783
19	0.01353	0.66180	0.02376	0.00840	0.01236	0.01818	0.00816	0.01540	0.01097	0.01402	0.00936	0.01076	0.00819	0.00491	0.00350	0.00117	0.00513	0.00327	0.16060	0.00653
20	0.84927	0.01038	0.00789	0.00706	0.01038	0.01204	0.00581	0.01578	0.00914	0.02408	0.00747	0.00872	0.00581	0.00498	0.00332	0.00166	0.00415	0.00291	0.00332	0.00581
21	0.01019	0.00583	0.00766	0.00781	0.00916	0.00532	0.00578	0.01166	0.01201	0.15955	0.09862	0.41746	0.09909	0.03855	0.00718	0.00213	0.00355	0.08775	0.00532	0.00537

[dist]
# distance from previous block
# <min> <max>
0	1

[block]
# block no. 9 follows, 45 sequences, length 30
# corresponding to MSA columns:
# 402-431
name=unknown_J
#
# <colnr> <probs for GDERKNQSTAVLIFYWHMCP>
#	G	D	E	R	K	N	Q	S	T	A	V	L	I	F	Y	W	H	M	C	P
0	0.02110	0.01018	0.01270	0.00998	0.01383	0.00982	0.00816	0.16469	0.08460	0.51029	0.08026	0.01916	0.01578	0.00701	0.00547	0.00167	0.00463	0.00570	0.00624	0.00875
1	0.00753	0.00565	0.00713	0.00754	0.00887	0.00525	0.00603	0.00959	0.01300	0.01706	0.25672	0.11213	0.24266	0.01351	0.00675	0.00203	0.00347	0.26502	0.00524	0.00482
2	0.70958	0.01017	0.00866	0.00748	0.01094	0.01134	0.00616	0.01754	0.01019	0.15231	0.00979	0.01034	0.00708	0.00526	0.00367	0.00166	0.00422	0.00333	0.00388	0.00638
3	0.00941	0.00503	0.00586	0.00603	0.00700	0.00488	0.00431	0.01069	0.01052	0.04111	0.02088	0.18525	0.06134	0.01099	0.00752	0.14412	0.00307	0.00746	0.45000	0.00452
4	0.02295	0.01025	0.01306	0.01009	0.01421	0.00963	0.00831	0.15049	0.05289	0.61885	0.01981	0.01744	0.01273	0.00664	0.00540	0.00166	0.00478	0.00533	0.00637	0.00910
5	0.00781	0.00520	0.00585	0.00585	0.00585	0.00520	0.00325	0.00781	0.00781	0.01041	0.01691	0.03513	0.01952	0.81135	0.02732	0.00520	0.00520	0.00781	0.00325	0.00325
6	0.01909	0.15915	0.01740	0.01304	0.01612	0.65970	0.01017	0.02053	0.01448	0.01305	0.00816	0.00950	0.00691	0.00537	0.00460	0.00134	0.00901	0.00336	0.00269	0.00634
7	0.01174	0.01174	0.01644	0.01409	0.01409	0.01644	0.01174	0.01292	0.00822	0.01292	0.00705	0.01174	0.00705	0.00940	0.01762	0.00235	0.80153	0.00470	0.00235	0.00587
8	0.02111	0.00838	0.01140	0.00920	0.01270	0.00729	0.00740	0.02300	0.01450	0.65160	0.02260	0.15193	0.01705	0.00837	0.00564	0.00175	0.00432	0.00707	0.00636	0.00833
9	0.00997	0.00609	0.00749	0.00679	0.00872	0.00536	0.00521	0.01203	0.01423	0.14784	0.40654	0.04027	0.28667	0.01112	0.00618	0.00173	0.00294	0.00952	0.00572	0.00558
10	0.00672	0.00481	0.00639	0.00735	0.00783	0.00448	0.00500	0.00792	0.01111	0.01503	0.15578	0.67788	0.03807	0.01583	0.00676	0.00210	0.00302	0.01432	0.00514	0.00448
11	0.01435	0.81458	0.02813	0.00918	0.01378	0.02124	0.00918	0.01607	0.01091	0.01263	0.00746	0.00861	0.00689	0.00459	0.00344	0.00115	0.00574	0.00287	0.00230	0.00689
12	0.84927	0.01038	0.00789	0.00706	0.01038	0.01204	0.00581	0.01578	0.00914	0.02408	0.00747	0.00872	0.00581	0.00498	0.00332	0.00166	0.00415	0.00291	0.00332	0.00581
13	0.01316	0.01181	0.01158	0.01040	0.01312	0.08412	0.00809	0.03735	0.49845	0.04205	0.02521	0.02384	0.14337	0.00825	0.00612	0.00179	0.04213	0.00661	0.00502	0.00752
14	0.02173	0.01292	0.01480	0.01134	0.01559	0.01350	0.00937	0.49636	0.02169	0.30245	0.01587	0.01482	0.01062	0.00652	0.00538	0.00163	0.00543	0.00504	0.00583	0.00913
15	0.01256	0.01062	0.01155	0.01075	0.01348	0.01214	0.00852	0.02558	0.64022	0.02137	0.02296	0.02689	0.01884	0.00856	0.00579	0.00193	0.00437	0.13060	0.00537	0.00789
16	0.00921	0.00492	0.00727	0.00748	0.00769	0.00492	0.00534	0.00769	0.00790	0.01047	0.01256	0.02380	0.01298	0.01800	0.01868	0.70140	0.00471	0.12943	0.00277	0.00277
17	0.01181	0.01195	0.01758	0.01473	0.01514	0.01623	0.06769	0.01324	0.00855	0.01324	0.00733	0.01195	0.00713	0.00903	0.01677	0.00231	0.74215	0.00482	0.00238	0.00597
18	0.00781	0.00520	0.00585	0.00585	0.00585	0.00520	0.00325	0.00781	0.00781	0.01041	0.01691	0.03513	0.01952	0.81135	0.02732	0.00520	0.00520	0.00781	0.00325	0.00325
19	0.00820	0.00601	0.00804	0.00907	0.01037	0.00585	0.00777	0.01044	0.01228	0.01573	0.03285	0.07967	0.15710	0.01467	0.00722	0.00235	0.00452	0.59804	0.00495	0.00486
20	0.04145	0.01345	0.01413	0.02602	0.01566	0.03119	0.00941	0.39126	0.33045	0.04451	0.01645	0.01579	0.01203	0.00671	0.00534	0.00170	0.00524	0.00527	0.00527	0.00865
21	0.01976	0.01411	0.01541	0.01196	0.01603	0.01553	0.00984	0.66152	0.03935	0.07476	0.01363	0.01380	0.00975	0.00834	0.04882	0.00201	0.00627	0.00494	0.00531	0.00888
22	0.00932	0.00466	0.00699	0.00699	0.00699	0.00466	0.00466	0.00699	0.00699	0.00932	0.00932	0.01632	0.00932	0.01865	0.02098	0.84382	0.00466	0.00466	0.00233	0.00233
23	0.02397	0.00932	0.01257	0.00964	0.01380	0.00817	0.00796	0.04963	0.01568	0.75767	0.02091	0.01810	0.01315	0.00664	0.00540	0.00166	0.00461	0.00538	0.00660	0.00914
24	0.01149	0.07095	0.53715	0.01690	0.02396	0.01328	0.21714	0.01700	0.01167	0.01679	0.00983	0.01201	0.00717	0.00492	0.00533	0.00170	0.00810	0.00454	0.00239	0.00769
25	0.01012	0.00590	0.00726	0.00714	0.00882	0.00518	0.00526	0.01151	0.01222	0.17245	0.06550	0.34455	0.29682	0.01334	0.00635	0.00192	0.00325	0.01161	0.00536	0.00543
26	0.01255	0.00768	0.00797	0.00705	0.00910	0.00817	0.00551	0.17976	0.06672	0.02325	0.01678	0.01843	0.01291	0.00637	0.00423	0.00137	0.00338	0.00504	0.59756	0.00616
27	0.04451	0.01373	0.01498	0.27325	0.05466	0.13361	0.01135	0.27681	0.01657	0.02174	0.01115	0.01334	0.00839	0.00581	0.00508	0.00160	0.00657	0.00454	0.07517	0.00713
28	0.77253	0.01110	0.00850	0.00756	0.01088	0.04094	0.00617	0.03525	0.03253	0.02388	0.00807	0.00920	0.00626	0.00511	0.00349	0.00165	0.00440	0.00307	0.00342	0.00599
29	0.05600	0.01262	0.06552	0.01453	0.14413	0.01177	0.01061	0.24208	0.02931	0.28704	0.02896	0.02918	0.01158	0.00713	0.02336	0.00181	0.00564	0.00519	0.00500	0.00853

[dist]
# distance from previous block
# <min> <max>
1	9

[block]
# block no. 10 follows, 45 sequences, length 18
# corresponding to MSA columns:
# 441-458
name=unknown_K
#
# <colnr> <probs for GDERKNQSTAVLIFYWHMCP>
#	G	D	E	R	K	N	Q	S	T	A	V	L	I	F	Y	W	H	M	C	P
0	0.00808	0.00665	0.00729	0.00661	0.00888	0.00581	0.00503	0.03679	0.04459	0.01685	0.13411	0.08828	0.45494	0.01140	0.00592	0.00165	0.00310	0.00961	0.00485	0.13956
1	0.01899	0.01389	0.01505	0.01173	0.01577	0.01517	0.00960	0.62488	0.06805	0.05296	0.02876	0.04243	0.01138	0.00686	0.00539	0.00162	0.00553	0.00533	0.00532	0.04130
2	0.01233	0.00804	0.01052	0.01085	0.08863	0.00783	0.00740	0.03138	0.13090	0.16276	0.22429	0.17865	0.05194	0.00982	0.00591	0.00176	0.00382	0.00861	0.00532	0.03925
3	0.01089	0.00978	0.02745	0.02866	0.01527	0.00874	0.15120	0.03401	0.02255	0.04125	0.01612	0.21640	0.02732	0.00808	0.00614	0.00155	0.05071	0.00729	0.00370	0.31287
4	0.01094	0.00934	0.01093	0.00793	0.01252	0.00704	0.00630	0.01327	0.01110	0.01734	0.01036	0.04386	0.00908	0.00450	0.00409	0.00085	0.00394	0.00368	0.00325	0.80967
5	0.00773	0.00555	0.00641	0.00638	0.00705	0.00541	0.00414	0.00924	0.04693	0.01411	0.17935	0.10686	0.12493	0.43315	0.01739	0.00361	0.00410	0.00924	0.00429	0.00414
6	0.00892	0.00790	0.01090	0.01050	0.01067	0.00988	0.00807	0.00996	0.00934	0.01334	0.01928	0.44395	0.02250	0.01342	0.01177	0.00226	0.36807	0.01043	0.00378	0.00505
7	0.01437	0.50069	0.19254	0.01160	0.01668	0.13449	0.03255	0.01711	0.01170	0.01379	0.00816	0.00953	0.00691	0.00484	0.00410	0.00132	0.00691	0.00330	0.00237	0.00703
8	0.01014	0.00954	0.01610	0.79845	0.03697	0.01193	0.01491	0.01371	0.01073	0.01371	0.00954	0.01431	0.00716	0.00537	0.00537	0.00179	0.00716	0.00477	0.00239	0.00596
9	0.04392	0.01118	0.01226	0.01048	0.01366	0.01242	0.00834	0.19362	0.38156	0.09960	0.02003	0.01945	0.05050	0.01061	0.08523	0.00244	0.00562	0.00583	0.00520	0.00804
10	0.01135	0.00996	0.02911	0.02097	0.38541	0.00953	0.05143	0.01384	0.01177	0.04863	0.05306	0.14525	0.01810	0.09002	0.00809	0.00215	0.00552	0.07540	0.00361	0.00678
11	0.02174	0.01148	0.09108	0.01031	0.01475	0.00913	0.00923	0.09817	0.01594	0.60008	0.04770	0.01785	0.01362	0.00663	0.00540	0.00166	0.00497	0.00536	0.00604	0.00886
12	0.01014	0.00954	0.01610	0.79845	0.03697	0.01193	0.01491	0.01371	0.01073	0.01371	0.00954	0.01431	0.00716	0.00537	0.00537	0.00179	0.00716	0.00477	0.00239	0.00596
13	0.01714	0.17163	0.01785	0.09208	0.03128	0.22266	0.01030	0.26256	0.01681	0.02040	0.00992	0.01120	0.00779	0.00548	0.00473	0.00141	0.00684	0.00393	0.00353	0.08248
14	0.01318	0.01132	0.01140	0.03351	0.01347	0.09001	0.00802	0.02282	0.44547	0.06461	0.20051	0.02351	0.02318	0.00790	0.00560	0.00173	0.00449	0.00660	0.00527	0.00740
15	0.01059	0.01000	0.01692	0.68812	0.14375	0.01205	0.01513	0.01411	0.01095	0.01427	0.00962	0.01416	0.00735	0.00528	0.00536	0.00176	0.00704	0.00477	0.00242	0.00633
16	0.00813	0.08775	0.00914	0.00698	0.00854	0.00663	0.00542	0.01040	0.01423	0.01964	0.60066	0.09410	0.08671	0.01091	0.00608	0.00168	0.00291	0.00951	0.00542	0.00517
17	0.03815	0.01176	0.01671	0.13171	0.38317	0.05920	0.01264	0.02801	0.03441	0.01695	0.01213	0.09380	0.01105	0.00613	0.00521	0.00157	0.00589	0.00552	0.00308	0.12291

[dist]
# distance from previous block
# <min> <max>
0	1

[block]
# block no. 11 follows, 45 sequences, length 8
# corresponding to MSA columns:
# 460-467
name=unknown_L
#
# <colnr> <probs for GDERKNQSTAVLIFYWHMCP>
#	G	D	E	R	K	N	Q	S	T	A	V	L	I	F	Y	W	H	M	C	P
0	0.00851	0.00523	0.00691	0.00752	0.00827	0.00483	0.00516	0.00961	0.01097	0.09296	0.08017	0.61761	0.03314	0.07206	0.00813	0.00231	0.00337	0.01332	0.00510	0.00482
1	0.01540	0.46730	0.02288	0.01268	0.09296	0.15434	0.01005	0.05959	0.05873	0.01521	0.00914	0.01032	0.00781	0.00502	0.00413	0.00129	0.00635	0.00349	0.00282	0.04051
2	0.00694	0.00512	0.00659	0.00727	0.00808	0.00463	0.00501	0.00819	0.01109	0.01498	0.12468	0.61036	0.08663	0.01508	0.00658	0.00201	0.00307	0.01356	0.00499	0.05515
3	0.01494	0.09415	0.01451	0.00980	0.01417	0.01219	0.00810	0.23499	0.11062	0.05086	0.01229	0.01277	0.00945	0.00528	0.00457	0.00123	0.00478	0.00408	0.00415	0.37707
4	0.01295	0.12850	0.04409	0.01048	0.03974	0.01044	0.02973	0.05402	0.02785	0.13159	0.03410	0.20253	0.03682	0.00859	0.00613	0.00162	0.06056	0.00712	0.00414	0.14902
5	0.01483	0.06821	0.01352	0.00953	0.01356	0.01105	0.00778	0.26287	0.01622	0.07612	0.04660	0.07943	0.01280	0.00640	0.00484	0.00131	0.00465	0.00515	0.00436	0.34076
6	0.01621	0.01186	0.05036	0.01185	0.08732	0.05658	0.00894	0.09228	0.01431	0.23679	0.04788	0.01573	0.03013	0.00575	0.00492	0.00134	0.00501	0.00467	0.00443	0.29363
7	0.01449	0.21397	0.08806	0.01068	0.01525	0.05343	0.03942	0.10915	0.06740	0.07179	0.01176	0.03712	0.00953	0.00547	0.00455	0.00132	0.00555	0.00426	0.00357	0.23320

[dist]
# distance from previous block
# <min> <max>
6	18

[block]
# block no. 12 follows, 45 sequences, length 26
# corresponding to MSA columns:
# 507-532
name=unknown_M
#
# <colnr> <probs for GDERKNQSTAVLIFYWHMCP>
#	G	D	E	R	K	N	Q	S	T	A	V	L	I	F	Y	W	H	M	C	P
0	0.04103	0.09562	0.06459	0.05442	0.16500	0.01138	0.01038	0.01828	0.11694	0.11399	0.02728	0.01408	0.01043	0.00530	0.00473	0.00139	0.00514	0.00439	0.00370	0.23192
1	0.05614	0.01037	0.01361	0.01390	0.18639	0.00909	0.00891	0.04693	0.01246	0.10139	0.03564	0.01328	0.00997	0.00483	0.00453	0.00118	0.00463	0.00405	0.00362	0.45909
2	0.10336	0.01142	0.01524	0.02644	0.04566	0.04659	0.13611	0.04686	0.03801	0.05257	0.02379	0.04471	0.02971	0.00585	0.00570	0.00144	0.05756	0.00494	0.00349	0.30055
3	0.00684	0.00489	0.00655	0.00761	0.00811	0.00460	0.00532	0.00809	0.01100	0.01476	0.11019	0.65774	0.03673	0.01601	0.00685	0.00215	0.00322	0.07977	0.00508	0.00449
4	0.00928	0.01009	0.09598	0.39788	0.04799	0.00943	0.01182	0.01264	0.01219	0.01650	0.23529	0.05082	0.05313	0.00770	0.00571	0.00176	0.00554	0.00677	0.00361	0.00588
5	0.01556	0.06741	0.45127	0.01309	0.01943	0.01221	0.01499	0.09982	0.01389	0.22188	0.01293	0.01319	0.00878	0.00563	0.00511	0.00165	0.00669	0.00438	0.00377	0.00832
6	0.01130	0.01073	0.01820	0.51543	0.31090	0.01223	0.01549	0.01474	0.01128	0.01513	0.00975	0.01393	0.00765	0.00515	0.00535	0.00172	0.00687	0.00477	0.00249	0.00690
7	0.00693	0.00536	0.00632	0.00629	0.00766	0.00475	0.00464	0.00876	0.01330	0.01753	0.37250	0.14472	0.35626	0.01284	0.00640	0.00180	0.00269	0.01112	0.00540	0.00475
8	0.00781	0.00520	0.00585	0.00585	0.00585	0.00520	0.00325	0.00781	0.00781	0.01041	0.01691	0.03513	0.01952	0.81135	0.02732	0.00520	0.00520	0.00781	0.00325	0.00325
9	0.01532	0.01286	0.01791	0.20307	0.26083	0.01431	0.01336	0.31299	0.01687	0.02292	0.01093	0.01329	0.00836	0.00582	0.00598	0.00169	0.04701	0.00480	0.00366	0.00802
10	0.00781	0.00520	0.00585	0.00585	0.00585	0.00520	0.00325	0.00781	0.00781	0.01041	0.01691	0.03513	0.01952	0.81135	0.02732	0.00520	0.00520	0.00781	0.00325	0.00325
11	0.01767	0.10039	0.01629	0.01108	0.01547	0.01514	0.00927	0.50707	0.04414	0.02791	0.01191	0.01230	0.00888	0.00578	0.00489	0.00140	0.00545	0.00433	0.00460	0.17604
12	0.08390	0.09426	0.59068	0.01356	0.02053	0.01283	0.01672	0.01711	0.01128	0.05147	0.00977	0.01117	0.00705	0.00508	0.00478	0.00162	0.00714	0.00382	0.00259	0.03467
13	0.01813	0.14063	0.01682	0.02813	0.03512	0.01479	0.00943	0.38573	0.06597	0.13083	0.01342	0.01377	0.00987	0.02274	0.00542	0.00157	0.00547	0.00461	0.00472	0.07283
14	0.02007	0.01203	0.09709	0.01174	0.04158	0.00985	0.03881	0.06982	0.09707	0.49729	0.03542	0.01754	0.01313	0.00648	0.00543	0.00168	0.00517	0.00539	0.00566	0.00875
15	0.00695	0.00546	0.00628	0.00608	0.00762	0.00479	0.00456	0.00888	0.01367	0.01791	0.40444	0.04604	0.42350	0.01232	0.00634	0.00175	0.00263	0.01054	0.00543	0.00479
16	0.03560	0.33681	0.19955	0.02752	0.01634	0.06982	0.01161	0.01745	0.01168	0.12191	0.01090	0.04460	0.00896	0.00593	0.00534	0.00152	0.06000	0.00421	0.00308	0.00718
17	0.01282	0.01176	0.01888	0.25260	0.32668	0.03634	0.08343	0.01713	0.07873	0.05561	0.01236	0.03407	0.01003	0.00575	0.00550	0.00172	0.00657	0.01946	0.00314	0.00743
18	0.00763	0.00569	0.00627	0.00628	0.00808	0.00491	0.00486	0.00918	0.01245	0.05729	0.07671	0.08211	0.59362	0.01338	0.00643	0.00189	0.00307	0.09019	0.00511	0.00484
19	0.01329	0.01275	0.02179	0.03295	0.77787	0.01275	0.01647	0.01647	0.01222	0.01754	0.01010	0.01329	0.00850	0.00478	0.00531	0.00159	0.00638	0.00478	0.00266	0.00850
20	0.02026	0.01327	0.01572	0.01387	0.09828	0.01404	0.01028	0.48074	0.04751	0.20808	0.01485	0.01445	0.01030	0.00634	0.00537	0.00163	0.00558	0.00500	0.00538	0.00904
21	0.03485	0.04537	0.01613	0.12814	0.19344	0.01106	0.06525	0.01857	0.13028	0.15499	0.01632	0.10214	0.01367	0.00708	0.00547	0.00174	0.00547	0.01877	0.02383	0.00743
22	0.01387	0.00743	0.00963	0.00829	0.01065	0.00706	0.00651	0.01716	0.07805	0.28556	0.37132	0.06017	0.05777	0.00942	0.00631	0.00173	0.02837	0.00802	0.00595	0.00675
23	0.01859	0.02332	0.01424	0.01314	0.01564	0.70476	0.00979	0.01992	0.01468	0.01320	0.01060	0.09610	0.01001	0.00675	0.00506	0.00147	0.00897	0.00474	0.00301	0.00602
24	0.03367	0.01516	0.18580	0.01292	0.06042	0.01181	0.01163	0.20766	0.06516	0.31703	0.01568	0.01503	0.01059	0.00615	0.00529	0.00166	0.00573	0.00490	0.00498	0.00873
25	0.13925	0.01467	0.01280	0.01133	0.03696	0.22755	0.00864	0.11324	0.09681	0.19285	0.08082	0.01579	0.01340	0.00646	0.00502	0.00160	0.00594	0.00486	0.00461	0.00740

[dist]
# distance from previous block
# <min> <max>
2	10

[block]
# block no. 13 follows, 45 sequences, length 67
# corresponding to MSA columns:
# 560-626
name=unknown_N
#
# <colnr> <probs for GDERKNQSTAVLIFYWHMCP>
#	G	D	E	R	K	N	Q	S	T	A	V	L	I	F	Y	W	H	M	C	P
0	0.01779	0.01317	0.02480	0.01175	0.01505	0.03892	0.00969	0.36475	0.10160	0.13233	0.01421	0.02781	0.01061	0.00709	0.00729	0.00173	0.13442	0.00510	0.02737	0.03452
1	0.01289	0.01465	0.14341	0.04155	0.51451	0.01219	0.01556	0.01733	0.06467	0.03751	0.01150	0.01454	0.00935	0.00525	0.00528	0.00161	0.00630	0.02110	0.00296	0.04784
2	0.01285	0.01064	0.01239	0.00905	0.01371	0.00909	0.01991	0.14628	0.03052	0.02049	0.01043	0.01170	0.00835	0.00450	0.00430	0.00098	0.00441	0.00359	0.00361	0.66321
3	0.00762	0.00516	0.00608	0.00626	0.00636	0.00518	0.00372	0.00787	0.00821	0.01100	0.01855	0.14357	0.02139	0.64994	0.07289	0.00499	0.00549	0.00873	0.00347	0.00351
4	0.01926	0.01447	0.01547	0.01212	0.01621	0.01611	0.00993	0.64143	0.14563	0.03199	0.01434	0.01404	0.01030	0.00658	0.00538	0.00164	0.00564	0.00503	0.00538	0.00903
5	0.01476	0.01153	0.01241	0.01089	0.01410	0.01306	0.00855	0.07349	0.65382	0.09220	0.02123	0.01943	0.01566	0.00717	0.00545	0.00179	0.00438	0.00593	0.00556	0.00859
6	0.00778	0.00529	0.00630	0.00630	0.00646	0.00545	0.00381	0.00809	0.00794	0.01074	0.01650	0.03285	0.01853	0.68639	0.15093	0.00576	0.00669	0.00747	0.00319	0.00350
7	0.01236	0.01663	0.15352	0.02144	0.02727	0.01340	0.63869	0.01716	0.01245	0.01716	0.01066	0.01397	0.00793	0.00462	0.00613	0.00179	0.00887	0.00595	0.00264	0.00735
8	0.02131	0.01359	0.01521	0.01166	0.01592	0.01450	0.00964	0.57991	0.02282	0.21731	0.01492	0.01421	0.01015	0.00649	0.00538	0.00162	0.00558	0.00497	0.00568	0.00913
9	0.00938	0.00539	0.00724	0.00781	0.00874	0.00493	0.00545	0.01050	0.01110	0.13814	0.02822	0.67989	0.03190	0.01517	0.00662	0.00210	0.00335	0.01366	0.00525	0.00513
10	0.20722	0.01207	0.01297	0.01027	0.01423	0.01288	0.00845	0.33708	0.06274	0.24745	0.01460	0.01393	0.01002	0.00622	0.00492	0.00165	0.00503	0.00464	0.00528	0.00835
