[name]
unknown

[dist]
# distance from previous block
# <min> <max>
0	0

[block]
# block no. 0 follows, 45 sequences, length 17
# corresponding to MSA columns:
# 0-16
name=unknown_A
#
# <colnr> <probs for GDERKNQSTAVLIFYWHMCP>
#	G	D	E	R	K	N	Q	S	T	A	V	L	I	F	Y	W	H	M	C	P
0	0.00865	0.00618	0.00865	0.00989	0.01112	0.00618	0.00865	0.01112	0.01236	0.01606	0.02842	0.06055	0.03089	0.01483	0.00741	0.00247	0.00494	0.74174	0.00494	0.00494
1	0.01346	0.61838	0.21650	0.01071	0.01614	0.01905	0.01184	0.01630	0.01101	0.01372	0.00800	0.00929	0.00687	0.00472	0.00386	0.00129	0.00629	0.00314	0.00229	0.00715
2	0.02148	0.00912	0.01228	0.01006	0.03612	0.00817	0.00792	0.06507	0.01580	0.62126	0.11497	0.02056	0.01760	0.00712	0.00551	0.00166	0.00444	0.00589	0.00636	0.00861
3	0.00677	0.00477	0.00616	0.00718	0.00743	0.00451	0.00467	0.00754	0.00982	0.01310	0.02726	0.66624	0.03257	0.16243	0.01060	0.00273	0.00350	0.01389	0.00467	0.00416
4	0.01014	0.00954	0.01610	0.79845	0.03697	0.01193	0.01491	0.01371	0.01073	0.01371	0.00954	0.01431	0.00716	0.00537	0.00537	0.00179	0.00716	0.00477	0.00239	0.00596
5	0.01269	0.01214	0.02071	0.17858	0.63692	0.01260	0.01618	0.01595	0.01194	0.01681	0.00999	0.01348	0.00825	0.00489	0.00532	0.00163	0.00653	0.00478	0.00261	0.00802
6	0.01267	0.01448	0.03167	0.02262	0.02805	0.01357	0.75837	0.01719	0.01267	0.01719	0.01086	0.01448	0.00814	0.00452	0.00633	0.00181	0.00905	0.00633	0.00271	0.00724
7	0.02408	0.00914	0.01246	0.00955	0.01370	0.00789	0.00789	0.02616	0.01536	0.78158	0.02118	0.01827	0.01329	0.00664	0.00540	0.00166	0.00457	0.00540	0.00664	0.00914
8	0.01940	0.01492	0.01531	0.01199	0.01590	0.05931	0.00974	0.65005	0.04668	0.03089	0.01315	0.01428	0.00986	0.05533	0.00668	0.00182	0.00602	0.00497	0.00510	0.00859
9	0.01314	0.01260	0.02152	0.06927	0.74271	0.01271	0.01640	0.01634	0.01215	0.01736	0.01007	0.01333	0.00844	0.00481	0.00532	0.00160	0.00641	0.00478	0.00264	0.00838
10	0.00694	0.00484	0.00611	0.00696	0.00717	0.00463	0.00443	0.00758	0.00949	0.01265	0.02554	0.56140	0.03040	0.27022	0.01338	0.00314	0.00378	0.01288	0.00443	0.00401
11	0.01200	0.01103	0.01794	0.48619	0.27496	0.01258	0.01503	0.07597	0.01241	0.01661	0.01000	0.01386	0.00775	0.00527	0.00535	0.00171	0.00680	0.00478	0.00272	0.00704
12	0.01163	0.19114	0.53823	0.01520	0.08283	0.01410	0.01686	0.01655	0.01144	0.01627	0.03284	0.01181	0.00831	0.00515	0.00481	0.00157	0.00718	0.00398	0.00242	0.00767
13	0.01273	0.01424	0.03007	0.02166	0.02690	0.01356	0.69671	0.01813	0.07480	0.01763	0.01176	0.01494	0.00882	0.00475	0.00626	0.00181	0.00865	0.00631	0.00294	0.00734
14	0.00760	0.00549	0.00718	0.00675	0.00802	0.00506	0.00506	0.01013	0.01519	0.02153	0.77503	0.04010	0.05065	0.01097	0.00633	0.00169	0.00253	0.00971	0.00591	0.00506
15	0.02408	0.00914	0.01246	0.00955	0.01370	0.00789	0.00789	0.02616	0.01536	0.78158	0.02118	0.01827	0.01329	0.00664	0.00540	0.00166	0.00457	0.00540	0.00664	0.00914
16	0.01329	0.01275	0.02179	0.03295	0.77787	0.01275	0.01647	0.01647	0.01222	0.01754	0.01010	0.01329	0.00850	0.00478	0.00531	0.00159	0.00638	0.00478	0.00266	0.00850

[dist]
# distance from previous block
# <min> <max>
0	4

[block]
# block no. 1 follows, 45 sequences, length 65
# corresponding to MSA columns:
# 21-85
name=unknown_B
#
# <colnr> <probs for GDERKNQSTAVLIFYWHMCP>
#	G	D	E	R	K	N	Q	S	T	A	V	L	I	F	Y	W	H	M	C	P
0	0.01228	0.01355	0.02881	0.02089	0.02580	0.01276	0.66615	0.03545	0.01276	0.01729	0.01272	0.09120	0.01082	0.00576	0.00636	0.00184	0.00839	0.00716	0.00300	0.00701
1	0.02348	0.00898	0.01224	0.00948	0.01350	0.00777	0.00779	0.02551	0.01519	0.75500	0.02147	0.04561	0.01406	0.00700	0.00545	0.00168	0.00452	0.00574	0.00659	0.00897
2	0.00760	0.00549	0.00718	0.00675	0.00802	0.00506	0.00506	0.01013	0.01519	0.02153	0.77503	0.04010	0.05065	0.01097	0.00633	0.00169	0.00253	0.00971	0.00591	0.00506
3	0.00636	0.00539	0.00549	0.00556	0.00728	0.00452	0.00413	0.00769	0.01211	0.01445	0.05285	0.09813	0.73020	0.01379	0.00638	0.00184	0.00274	0.01157	0.00498	0.00452
4	0.01329	0.01275	0.02179	0.03295	0.77787	0.01275	0.01647	0.01647	0.01222	0.01754	0.01010	0.01329	0.00850	0.00478	0.00531	0.00159	0.00638	0.00478	0.00266	0.00850
5	0.01263	0.01436	0.03103	0.02226	0.02746	0.01370	0.72677	0.01701	0.01248	0.01701	0.01070	0.01436	0.00810	0.00473	0.00681	0.00183	0.04259	0.00627	0.00270	0.00718
6	0.00772	0.00520	0.00585	0.00587	0.00596	0.00516	0.00333	0.00779	0.00805	0.01066	0.01878	0.05324	0.05188	0.75968	0.02597	0.00499	0.00505	0.00812	0.00336	0.00333
7	0.10425	0.01441	0.01510	0.01175	0.01589	0.01603	0.00968	0.65228	0.05624	0.03234	0.01273	0.01278	0.00911	0.00633	0.00517	0.00163	0.00566	0.00469	0.00517	0.00876
8	0.44490	0.01078	0.01031	0.00881	0.01228	0.01197	0.00714	0.07707	0.18949	0.15791	0.01367	0.01337	0.00986	0.00593	0.00435	0.00169	0.00438	0.00423	0.00456	0.00728
9	0.01582	0.01272	0.01354	0.01132	0.01488	0.01428	0.00903	0.29325	0.46660	0.02637	0.01808	0.01706	0.01340	0.00684	0.00537	0.00170	0.00484	0.00550	0.00533	0.04410
10	0.84927	0.01038	0.00789	0.00706	0.01038	0.01204	0.00581	0.01578	0.00914	0.02408	0.00747	0.00872	0.00581	0.00498	0.00332	0.00166	0.00415	0.00291	0.00332	0.00581
11	0.00767	0.00575	0.00863	0.00863	0.00959	0.00671	0.00671	0.00959	0.00863	0.01246	0.01438	0.02109	0.01342	0.04026	0.79008	0.00863	0.01438	0.00575	0.00288	0.00479
12	0.01088	0.05209	0.76019	0.01511	0.02294	0.01274	0.01950	0.01697	0.01132	0.01686	0.00957	0.01125	0.00680	0.00508	0.00505	0.00168	0.00787	0.00393	0.00227	0.00790
13	0.04334	0.01359	0.01589	0.15197	0.01981	0.01565	0.01106	0.52950	0.02046	0.02786	0.01154	0.01290	0.00847	0.00650	0.00653	0.00172	0.08588	0.00475	0.00447	0.00814
14	0.02041	0.01504	0.01611	0.01235	0.01665	0.01665	0.01020	0.75997	0.02524	0.03383	0.01289	0.01289	0.00913	0.00644	0.00537	0.00161	0.00591	0.00483	0.00537	0.00913
15	0.04308	0.71583	0.04458	0.00919	0.01369	0.01975	0.00915	0.01618	0.01114	0.03646	0.03433	0.01005	0.00855	0.00490	0.00364	0.00121	0.00559	0.00321	0.00259	0.00688
16	0.01131	0.00725	0.00900	0.00788	0.00993	0.00700	0.00616	0.11508	0.01641	0.11400	0.53236	0.03470	0.06945	0.01003	0.00611	0.00170	0.00331	0.02636	0.00586	0.00609
17	0.00832	0.00596	0.00819	0.00890	0.01015	0.00583	0.00752	0.01081	0.01325	0.01778	0.26280	0.05413	0.03709	0.01362	0.00707	0.00223	0.00419	0.51193	0.00525	0.00498
18	0.00760	0.00549	0.00718	0.00675	0.00802	0.00506	0.00506	0.01013	0.01519	0.02153	0.77503	0.04010	0.05065	0.01097	0.00633	0.00169	0.00253	0.00971	0.00591	0.00506
19	0.00686	0.00584	0.00595	0.00585	0.00772	0.00513	0.00441	0.00917	0.06191	0.01532	0.08275	0.04910	0.69523	0.01307	0.00629	0.00181	0.00281	0.01092	0.00506	0.00481
20	0.01435	0.81458	0.02813	0.00918	0.01378	0.02124	0.00918	0.01607	0.01091	0.01263	0.00746	0.00861	0.00689	0.00459	0.00344	0.00115	0.00574	0.00287	0.00230	0.00689
21	0.01092	0.05453	0.73442	0.01505	0.02263	0.01289	0.01922	0.01685	0.01123	0.01673	0.00948	0.01125	0.00681	0.00521	0.00542	0.00170	0.03161	0.00395	0.00227	0.00784
22	0.00853	0.00567	0.00744	0.00720	0.00855	0.00522	0.00546	0.01080	0.01433	0.06674	0.56279	0.12956	0.06906	0.01176	0.00642	0.00181	0.00291	0.06480	0.00574	0.00521
23	0.01077	0.02777	0.78354	0.01530	0.02323	0.01247	0.01983	0.01700	0.01133	0.01700	0.00963	0.01133	0.00680	0.00510	0.00510	0.00170	0.00793	0.00397	0.00227	0.00793
24	0.00772	0.00551	0.00758	0.00882	0.00965	0.00538	0.00703	0.00951	0.01144	0.01502	0.02893	0.38996	0.03292	0.01571	0.00717	0.00234	0.00414	0.42151	0.00496	0.00469
25	0.01236	0.01389	0.02975	0.05471	0.02736	0.01336	0.67793	0.01665	0.01231	0.01675	0.01081	0.01462	0.00825	0.00594	0.03364	0.00206	0.03365	0.00620	0.00270	0.00706
26	0.00996	0.00934	0.01591	0.68865	0.03382	0.01132	0.04764	0.01340	0.01099	0.01420	0.04304	0.05670	0.01052	0.00616	0.00553	0.00181	0.00684	0.00560	0.00268	0.00590
27	0.01174	0.01174	0.01644	0.01409	0.01409	0.01644	0.01174	0.01292	0.00822	0.01292	0.00705	0.01174	0.00705	0.00940	0.01762	0.00235	0.80153	0.00470	0.00235	0.00587
28	0.01222	0.01350	0.02744	0.02021	0.02430	0.01378	0.57174	0.01590	0.01165	0.01616	0.01086	0.04749	0.00908	0.00605	0.00869	0.00194	0.17304	0.00637	0.00274	0.00683
29	0.01247	0.01402	0.02965	0.05702	0.02725	0.01375	0.65985	0.01667	0.01220	0.01667	0.01047	0.01423	0.00800	0.00499	0.00727	0.00186	0.07780	0.00612	0.00267	0.00706
30	0.00664	0.00474	0.00634	0.00758	0.00794	0.00444	0.00515	0.00764	0.01037	0.01381	0.02953	0.77381	0.03529	0.01673	0.00688	0.00219	0.00320	0.04835	0.00498	0.00439
31	0.01196	0.28958	0.53217	0.01326	0.02009	0.01539	0.01629	0.01669	0.01119	0.01555	0.00891	0.01043	0.00683	0.00493	0.00455	0.00152	0.00720	0.00360	0.00228	0.00759
32	0.01329	0.01275	0.02179	0.03295	0.77787	0.01275	0.01647	0.01647	0.01222	0.01754	0.01010	0.01329	0.00850	0.00478	0.00531	0.00159	0.00638	0.00478	0.00266	0.00850
33	0.00659	0.00469	0.00621	0.00741	0.00770	0.00440	0.00491	0.00749	0.01017	0.01356	0.02905	0.77504	0.03482	0.05055	0.00772	0.00231	0.00320	0.01494	0.00491	0.00431
34	0.00767	0.00575	0.00863	0.00863	0.00959	0.00671	0.00671	0.00959	0.00863	0.01246	0.01438	0.02109	0.01342	0.04026	0.79008	0.00863	0.01438	0.00575	0.00288	0.00479
35	0.01258	0.01131	0.01752	0.42518	0.24952	0.01286	0.01437	0.11186	0.05913	0.01796	0.01088	0.01418	0.00837	0.00545	0.00536	0.00171	0.00659	0.00486	0.00304	0.00727
36	0.02029	0.01416	0.01545	0.01194	0.01610	0.01546	0.00982	0.65609	0.04077	0.10482	0.01426	0.03148	0.01029	0.00672	0.00541	0.00163	0.00568	0.00515	0.00549	0.00901
37	0.01335	0.01153	0.01214	0.01092	0.01396	0.01335	0.00850	0.02852	0.76817	0.02245	0.02185	0.02003	0.01639	0.00728	0.00546	0.00182	0.00425	0.00607	0.00546	0.00850
38	0.01014	0.00954	0.01610	0.79845	0.03697	0.01193	0.01491	0.01371	0.01073	0.01371	0.00954	0.01431	0.00716	0.00537	0.00537	0.00179	0.00716	0.00477	0.00239	0.00596
39	0.04496	0.01436	0.10761	0.01158	0.01615	0.01306	0.01040	0.36543	0.07827	0.25928	0.01557	0.01478	0.01059	0.00636	0.00529	0.00166	0.00556	0.00494	0.00533	0.00884
40	0.60764	0.01054	0.01016	0.01009	0.08352	0.01162	0.00729	0.03145	0.03367	0.13572	0.01029	0.01098	0.00756	0.00531	0.00392	0.00166	0.00446	0.00358	0.00385	0.00670
41	0.01142	0.01085	0.01842	0.48615	0.33924	0.01226	0.01555	0.01484	0.01134	0.01527	0.00977	0.01389	0.00771	0.00513	0.00535	0.00171	0.00684	0.00478	0.00250	0.00700
42	0.01417	0.68598	0.11775	0.01012	0.01503	0.05396	0.01051	0.01642	0.01115	0.01317	0.00776	0.00898	0.00688	0.00469	0.00370	0.00122	0.00618	0.00303	0.00231	0.00698
43	0.00777	0.00519	0.00587	0.00590	0.00591	0.00518	0.00330	0.00780	0.00788	0.01051	0.01729	0.05826	0.01999	0.78757	0.02671	0.00511	0.00514	0.00803	0.00330	0.00329
44	0.01267	0.01448	0.03167	0.02262	0.02805	0.01357	0.75837	0.01719	0.01267	0.01719	0.01086	0.01448	0.00814	0.00452	0.00633	0.00181	0.00905	0.00633	0.00271	0.00724
45	0.01262	0.01207	0.02059	0.19488	0.62114	0.01258	0.01614	0.01589	0.01191	0.01673	0.00998	0.01350	0.00822	0.00491	0.00533	0.00164	0.00654	0.00478	0.00260	0.00797
46	0.01292	0.50052	0.32965	0.01163	0.01755	0.01774	0.01344	0.01644	0.01108	0.01437	0.00833	0.00970	0.00685	0.00479	0.00411	0.00137	0.00662	0.00331	0.00228	0.00731
47	0.00658	0.00539	0.00581	0.00583	0.00743	0.00461	0.00432	0.00812	0.01261	0.01569	0.18123	0.10807	0.58890	0.01338	0.00638	0.00182	0.00272	0.01134	0.00515	0.00461
48	0.00776	0.00554	0.00694	0.00661	0.00802	0.00501	0.00495	0.00998	0.01442	0.04040	0.58365	0.07545	0.18805	0.01162	0.00633	0.00173	0.00265	0.01015	0.00571	0.00504
49	0.01190	0.01134	0.01928	0.37006	0.45159	0.01239	0.01578	0.01526	0.01157	0.01585	0.00985	0.01374	0.00791	0.00504	0.00534	0.00168	0.00672	0.00478	0.00254	0.00738
50	0.02358	0.00902	0.01230	0.00947	0.01353	0.00780	0.00780	0.02567	0.01536	0.75852	0.04405	0.01893	0.01442	0.00678	0.00543	0.00166	0.00451	0.00553	0.00662	0.00901
51	0.12086	0.00928	0.01192	0.00926	0.01331	0.00838	0.00765	0.02494	0.01463	0.69275	0.01957	0.01715	0.01241	0.00645	0.00515	0.00166	0.00452	0.00511	0.00625	0.00875
52	0.01089	0.05487	0.75752	0.01509	0.02291	0.01277	0.01947	0.01697	0.01132	0.01685	0.00956	0.01124	0.00680	0.00508	0.00504	0.00168	0.00786	0.00393	0.00227	0.00790
53	0.20579	0.00952	0.01055	0.00894	0.01217	0.00989	0.00716	0.02206	0.21791	0.29097	0.13052	0.01983	0.01800	0.00709	0.00508	0.00171	0.00408	0.00566	0.00546	0.00760
54	0.00760	0.00515	0.00608	0.00628	0.00639	0.00516	0.00374	0.00786	0.00824	0.01105	0.01874	0.15518	0.02164	0.63963	0.07100	0.00494	0.00544	0.00885	0.00350	0.00352
55	0.01350	0.00996	0.01112	0.00992	0.01273	0.01089	0.00779	0.04170	0.48500	0.11417	0.13322	0.02563	0.05210	0.00831	0.00570	0.00181	0.00405	0.03902	0.00563	0.00777
56	0.02163	0.01102	0.01338	0.01048	0.01451	0.01095	0.00858	0.21997	0.12178	0.47974	0.01908	0.01709	0.01262	0.00668	0.00540	0.00167	0.00488	0.00534	0.00614	0.00905
57	0.00702	0.00626	0.00601	0.00604	0.00774	0.03904	0.00447	0.00839	0.01232	0.01466	0.07991	0.11544	0.64731	0.01341	0.00632	0.00182	0.00305	0.01126	0.00493	0.00461
58	0.82040	0.01035	0.00817	0.03428	0.01130	0.01204	0.00613	0.01571	0.00919	0.02373	0.00755	0.00891	0.00586	0.00500	0.00339	0.00167	0.00426	0.00297	0.00329	0.00582
59	0.00973	0.00828	0.00964	0.00927	0.01057	0.06789	0.00714	0.06094	0.03700	0.01476	0.01807	0.13144	0.05830	0.02677	0.43162	0.00553	0.05902	0.00710	0.02162	0.00531
60	0.01238	0.01183	0.02015	0.25327	0.56463	0.01252	0.01602	0.01568	0.01179	0.01644	0.00994	0.01358	0.00812	0.00495	0.00533	0.00165	0.00660	0.00478	0.00258	0.00777
61	0.01188	0.03966	0.01814	0.01529	0.04745	0.01598	0.07325	0.01345	0.00886	0.01345	0.00768	0.01215	0.00735	0.00938	0.03448	0.00238	0.65585	0.00480	0.00240	0.00610
62	0.00643	0.00544	0.00555	0.00553	0.00730	0.00457	0.00414	0.00787	0.01243	0.01497	0.10240	0.05089	0.72738	0.01342	0.00634	0.00180	0.00271	0.01122	0.00505	0.00457
63	0.01077	0.02777	0.78354	0.01530	0.02323	0.01247	0.01983	0.01700	0.01133	0.01700	0.00963	0.01133	0.00680	0.00510	0.00510	0.00170	0.00793	0.00397	0.00227	0.00793
64	0.01647	0.00868	0.01061	0.00890	0.01202	0.00837	0.00709	0.02178	0.20327	0.37144	0.13624	0.02665	0.12796	0.00843	0.00569	0.00173	0.00393	0.00704	0.00600	0.00773

[dist]
# distance from previous block
# <min> <max>
0	7

[block]
# block no. 2 follows, 45 sequences, length 15
# corresponding to MSA columns:
# 93-107
name=unknown_C
#
# <colnr> <probs for GDERKNQSTAVLIFYWHMCP>
#	G	D	E	R	K	N	Q	S	T	A	V	L	I	F	Y	W	H	M	C	P
0	0.84927	0.01038	0.00789	0.00706	0.01038	0.01204	0.00581	0.01578	0.00914	0.02408	0.00747	0.00872	0.00581	0.00498	0.00332	0.00166	0.00415	0.00291	0.00332	0.00581
1	0.01325	0.01196	0.01188	0.01093	0.01370	0.07331	0.00850	0.02585	0.62416	0.02090	0.02158	0.05701	0.01748	0.00808	0.00561	0.00185	0.00467	0.05619	0.00519	0.00789
2	0.01329	0.01275	0.02179	0.03295	0.77787	0.01275	0.01647	0.01647	0.01222	0.01754	0.01010	0.01329	0.00850	0.00478	0.00531	0.00159	0.00638	0.00478	0.00266	0.00850
3	0.00691	0.00483	0.00612	0.00700	0.00722	0.00461	0.00447	0.00757	0.00955	0.01273	0.02584	0.57958	0.03078	0.25153	0.01290	0.00307	0.00373	0.01306	0.00447	0.00403
4	0.02085	0.01432	0.01567	0.01201	0.01629	0.01559	0.00992	0.67154	0.02405	0.12394	0.01389	0.01354	0.00963	0.00647	0.00537	0.00162	0.00575	0.00490	0.00552	0.00913
5	0.01077	0.02777	0.78354	0.01530	0.02323	0.01247	0.01983	0.01700	0.01133	0.01700	0.00963	0.01133	0.00680	0.00510	0.00510	0.00170	0.00793	0.00397	0.00227	0.00793
6	0.01392	0.71975	0.11917	0.00992	0.01492	0.02018	0.01047	0.01619	0.01096	0.01316	0.00772	0.00894	0.00688	0.00465	0.00364	0.00121	0.00600	0.00300	0.00229	0.00701
7	0.01001	0.00500	0.00500	0.00500	0.00625	0.00500	0.00375	0.01251	0.01126	0.02001	0.01751	0.02001	0.01376	0.00625	0.00375	0.00125	0.00250	0.00500	0.84115	0.00500
8	0.01093	0.00710	0.00836	0.06083	0.01050	0.00782	0.00608	0.11334	0.01223	0.01900	0.01539	0.02024	0.01302	0.10708	0.11209	0.00284	0.04073	0.00539	0.42163	0.00543
9	0.01227	0.01227	0.01891	0.40111	0.33072	0.07328	0.04425	0.01556	0.01175	0.01533	0.00972	0.01355	0.00771	0.00511	0.00534	0.00168	0.00712	0.00473	0.00254	0.00705
10	0.00768	0.00572	0.00849	0.00849	0.00941	0.00664	0.00654	0.00950	0.00859	0.01236	0.01450	0.02177	0.01371	0.07751	0.75323	0.00846	0.01393	0.00585	0.00289	0.00472
11	0.80640	0.01034	0.00831	0.04749	0.01174	0.01204	0.00628	0.01567	0.00922	0.02355	0.00758	0.00901	0.00588	0.00500	0.00343	0.00167	0.00431	0.00300	0.00327	0.00582
12	0.21289	0.01079	0.01086	0.00917	0.01232	0.06625	0.00732	0.09884	0.10439	0.22316	0.16961	0.01948	0.01860	0.00711	0.00506	0.00166	0.00453	0.00557	0.00516	0.00724
13	0.01149	0.02759	0.72333	0.01518	0.02271	0.07338	0.01909	0.01735	0.01164	0.01670	0.00953	0.01120	0.00681	0.00513	0.00508	0.00168	0.00807	0.00393	0.00231	0.00780
14	0.01915	0.02334	0.01444	0.01308	0.01580	0.68358	0.00985	0.04588	0.04147	0.01462	0.00955	0.01085	0.00778	0.00567	0.00481	0.00140	0.00888	0.00370	0.05984	0.00632

[dist]
# distance from previous block
# <min> <max>
0	3

[block]
# block no. 3 follows, 45 sequences, length 68
# corresponding to MSA columns:
# 111-178
name=unknown_D
#
# <colnr> <probs for GDERKNQSTAVLIFYWHMCP>
#	G	D	E	R	K	N	Q	S	T	A	V	L	I	F	Y	W	H	M	C	P
0	0.01526	0.03391	0.01081	0.00867	0.01183	0.09992	0.00689	0.03375	0.06491	0.26713	0.05306	0.02753	0.25251	0.00858	0.00548	0.00159	0.00451	0.00693	0.00510	0.08165
1	0.04245	0.16110	0.03280	0.01278	0.02943	0.30145	0.01042	0.22693	0.01622	0.01932	0.00934	0.01068	0.00754	0.00599	0.00606	0.00153	0.09152	0.00389	0.00338	0.00718
2	0.08330	0.56188	0.17416	0.01039	0.01546	0.04937	0.01104	0.01644	0.01101	0.01446	0.00792	0.00920	0.00678	0.00476	0.00381	0.00131	0.00620	0.00311	0.00239	0.00698
3	0.11194	0.02295	0.28029	0.01386	0.04275	0.34791	0.01314	0.01944	0.01309	0.07331	0.00969	0.01090	0.00728	0.00538	0.00481	0.00155	0.00795	0.00376	0.00294	0.00706
4	0.00967	0.00625	0.00721	0.00673	0.00880	0.00552	0.00520	0.01186	0.04043	0.13590	0.16097	0.06861	0.45959	0.01202	0.00622	0.00181	0.00314	0.03918	0.00541	0.00549
5	0.00654	0.00467	0.00623	0.00747	0.00779	0.00436	0.00498	0.00747	0.01028	0.01370	0.02959	0.80785	0.03550	0.01682	0.00685	0.00218	0.00311	0.01526	0.00498	0.00436
6	0.04002	0.00935	0.01224	0.00957	0.01352	0.00844	0.00783	0.05775	0.04643	0.65877	0.02070	0.04925	0.01388	0.00699	0.00539	0.00167	0.00454	0.00571	0.00635	0.02160
7	0.01320	0.01267	0.02164	0.05276	0.75869	0.01273	0.01643	0.01640	0.01218	0.01744	0.01008	0.01331	0.00847	0.00480	0.00532	0.00160	0.00640	0.00478	0.00265	0.00844
8	0.07011	0.00934	0.01212	0.00944	0.01342	0.00848	0.00777	0.04983	0.03757	0.66327	0.04736	0.01838	0.01416	0.00672	0.00531	0.00166	0.00451	0.00541	0.00635	0.00878
9	0.02337	0.00912	0.01233	0.00950	0.01354	0.00796	0.00783	0.04090	0.01556	0.73656	0.05014	0.01900	0.01464	0.00681	0.00543	0.00166	0.00452	0.00555	0.00659	0.00898
10	0.04163	0.01342	0.01498	0.01151	0.01574	0.01430	0.00951	0.55479	0.02233	0.22411	0.01487	0.01416	0.01011	0.00646	0.00533	0.00162	0.00552	0.00493	0.00564	0.00905
11	0.00661	0.00512	0.00602	0.00648	0.00758	0.00454	0.00460	0.00796	0.01184	0.01517	0.14739	0.36624	0.36214	0.01457	0.00655	0.00195	0.00286	0.01274	0.00512	0.00454
12	0.00767	0.00575	0.00863	0.00863	0.00959	0.00671	0.00671	0.00959	0.00863	0.01246	0.01438	0.02109	0.01342	0.04026	0.79008	0.00863	0.01438	0.00575	0.00288	0.00479
13	0.81640	0.01033	0.00807	0.00716	0.01051	0.01188	0.00590	0.01619	0.00938	0.05426	0.00802	0.00910	0.00611	0.00505	0.00340	0.00166	0.00417	0.00301	0.00345	0.00595
14	0.29801	0.47346	0.05546	0.00887	0.01317	0.01753	0.00857	0.04565	0.01090	0.01756	0.00778	0.00894	0.00661	0.00482	0.00356	0.00137	0.00531	0.00301	0.00277	0.00666
15	0.07737	0.01009	0.01270	0.00980	0.01392	0.00945	0.00810	0.13387	0.01642	0.62172	0.01906	0.01685	0.01219	0.00651	0.00526	0.00165	0.00474	0.00515	0.00624	0.00892
16	0.00863	0.00717	0.01115	0.40945	0.02251	0.00826	0.00994	0.01103	0.01058	0.01419	0.01848	0.34449	0.01944	0.01019	0.00586	0.00191	0.00512	0.00915	0.06722	0.00522
17	0.01217	0.01100	0.01765	0.22002	0.43467	0.02639	0.01391	0.01522	0.01232	0.04716	0.08611	0.01813	0.04998	0.00605	0.00547	0.00166	0.00602	0.00557	0.00318	0.00732
18	0.01424	0.01591	0.01607	0.01401	0.01485	0.24923	0.01133	0.01548	0.01033	0.01298	0.00742	0.01112	0.00701	0.00823	0.01377	0.00206	0.56318	0.00432	0.00247	0.00598
19	0.00890	0.00581	0.00741	0.00682	0.00842	0.00524	0.00518	0.01123	0.01480	0.08840	0.60824	0.03975	0.14742	0.01095	0.00625	0.00170	0.00274	0.00955	0.00585	0.00535
20	0.01138	0.06268	0.69659	0.01469	0.02216	0.01279	0.01856	0.01768	0.04317	0.03682	0.01034	0.01175	0.00737	0.00521	0.00505	0.00168	0.00759	0.00404	0.00252	0.00794
21	0.01329	0.01275	0.02179	0.03295	0.77787	0.01275	0.01647	0.01647	0.01222	0.01754	0.01010	0.01329	0.00850	0.00478	0.00531	0.00159	0.00638	0.00478	0.00266	0.00850
22	0.01077	0.02777	0.78354	0.01530	0.02323	0.01247	0.01983	0.01700	0.01133	0.01700	0.00963	0.01133	0.00680	0.00510	0.00510	0.00170	0.00793	0.00397	0.00227	0.00793
23	0.01099	0.01122	0.02112	0.01626	0.01922	0.01194	0.36525	0.01431	0.02537	0.01596	0.09224	0.01801	0.01361	0.01315	0.15951	0.00322	0.17306	0.00624	0.00306	0.00628
24	0.01087	0.05101	0.76123	0.01512	0.02295	0.01273	0.01952	0.01697	0.01132	0.01687	0.00957	0.01125	0.00680	0.00508	0.00505	0.00168	0.00787	0.00393	0.00227	0.00790
25	0.01360	0.64916	0.18695	0.01047	0.01577	0.01940	0.01142	0.01627	0.01100	0.01355	0.00792	0.00918	0.00687	0.00470	0.00379	0.00126	0.00620	0.00310	0.00229	0.00711
26	0.00726	0.00502	0.00625	0.00678	0.00700	0.00497	0.00429	0.00782	0.00893	0.01199	0.02208	0.36257	0.02579	0.40702	0.08431	0.00421	0.00511	0.01080	0.00396	0.00386
27	0.05335	0.02239	0.01393	0.01265	0.01537	0.64467	0.00954	0.03764	0.02772	0.01436	0.01262	0.01366	0.07237	0.00687	0.01908	0.00157	0.00876	0.00422	0.00309	0.00615
28	0.02726	0.01165	0.01810	0.30724	0.39354	0.03885	0.01456	0.04632	0.01224	0.01661	0.01196	0.02918	0.03807	0.00565	0.00535	0.00168	0.00651	0.00514	0.00282	0.00725
29	0.00753	0.00573	0.00697	0.00771	0.00853	0.00568	0.00532	0.01047	0.11712	0.01487	0.03023	0.59529	0.09984	0.04851	0.00747	0.00222	0.00333	0.01329	0.00498	0.00491
30	0.00670	0.00475	0.00616	0.00723	0.00753	0.00447	0.00474	0.00752	0.01000	0.01330	0.02846	0.69388	0.04827	0.11838	0.00946	0.00256	0.00337	0.01423	0.00476	0.00422
31	0.03417	0.01153	0.01255	0.01019	0.01326	0.01254	0.00807	0.44569	0.05734	0.06094	0.01632	0.03451	0.03984	0.13413	0.04800	0.00254	0.00573	0.00584	0.03935	0.00746
32	0.01889	0.01430	0.01597	0.01244	0.01652	0.01577	0.03929	0.62771	0.10383	0.03130	0.01432	0.03979	0.01073	0.00680	0.00547	0.00166	0.00576	0.00537	0.00526	0.00883
33	0.01267	0.01448	0.03167	0.02262	0.02805	0.01357	0.75837	0.01719	0.01267	0.01719	0.01086	0.01448	0.00814	0.00452	0.00633	0.00181	0.00905	0.00633	0.00271	0.00724
34	0.00775	0.00608	0.00710	0.00681	0.00844	0.00572	0.00518	0.01109	0.08716	0.01893	0.42009	0.04298	0.30300	0.01168	0.00629	0.00177	0.00285	0.03636	0.00550	0.00521
35	0.00668	0.00496	0.00627	0.00720	0.00791	0.00454	0.00505	0.00787	0.01099	0.01432	0.06323	0.57846	0.18258	0.01582	0.00677	0.00211	0.00314	0.06262	0.00502	0.00446
36	0.01268	0.44813	0.37995	0.01203	0.01818	0.01715	0.01414	0.01650	0.01111	0.01466	0.00847	0.00988	0.00685	0.00483	0.00422	0.00141	0.00676	0.00338	0.00228	0.00738
37	0.01113	0.00954	0.01113	0.00795	0.01272	0.00716	0.00636	0.01352	0.01113	0.01749	0.00954	0.01113	0.00795	0.00398	0.00398	0.00080	0.00398	0.00318	0.00318	0.84417
38	0.00659	0.00471	0.00629	0.00753	0.00786	0.00440	0.00507	0.00756	0.01033	0.01376	0.02956	0.79037	0.03540	0.01677	0.00686	0.00219	0.00316	0.03225	0.00498	0.00437
39	0.01040	0.00981	0.01657	0.73479	0.09858	0.01199	0.01504	0.01394	0.01086	0.01403	0.00959	0.01423	0.00727	0.00532	0.00536	0.00177	0.00709	0.00477	0.00241	0.00617
40	0.02183	0.01005	0.01442	0.01102	0.01516	0.00917	0.08133	0.08415	0.03416	0.60257	0.01979	0.04340	0.01325	0.00677	0.00554	0.00169	0.00506	0.00578	0.00607	0.00878
41	0.00924	0.00662	0.00902	0.01001	0.01140	0.00670	0.00873	0.04857	0.01300	0.01695	0.02764	0.05817	0.02980	0.01441	0.00731	0.00243	0.00499	0.70488	0.00496	0.00515
42	0.01333	0.00774	0.00931	0.00793	0.01050	0.00731	0.00626	0.11521	0.01524	0.22193	0.20166	0.03307	0.25151	0.02691	0.04556	0.00212	0.00423	0.00816	0.00555	0.00649
43	0.05794	0.01185	0.01158	0.01012	0.01315	0.11899	0.00800	0.06323	0.24538	0.20906	0.05287	0.03665	0.08027	0.00800	0.00549	0.00174	0.00499	0.04799	0.00521	0.00749
44	0.75249	0.00980	0.00774	0.00700	0.01007	0.01132	0.00572	0.01526	0.00925	0.02324	0.00847	0.01007	0.00671	0.00683	0.04270	0.00198	0.00456	0.00319	0.05790	0.00571
45	0.02343	0.01233	0.01469	0.01194	0.01602	0.01139	0.00935	0.14546	0.08143	0.47723	0.04101	0.02282	0.04123	0.00889	0.00671	0.00220	0.00570	0.00652	0.00698	0.05467
46	0.05352	0.00957	0.01102	0.00796	0.01264	0.00743	0.00639	0.01409	0.01118	0.04541	0.00986	0.01127	0.00804	0.00412	0.00399	0.00087	0.00401	0.00325	0.00331	0.77208
47	0.00654	0.00467	0.00623	0.00747	0.00779	0.00436	0.00498	0.00747	0.01028	0.01370	0.02959	0.80785	0.03550	0.01682	0.00685	0.00218	0.00311	0.01526	0.00498	0.00436
48	0.01092	0.05726	0.71572	0.01470	0.02234	0.01254	0.01875	0.01679	0.01131	0.01686	0.00954	0.01122	0.00686	0.00502	0.00498	0.00163	0.00765	0.00388	0.00231	0.04972
49	0.01449	0.74270	0.05861	0.00967	0.01431	0.05932	0.00968	0.01638	0.01114	0.01283	0.00759	0.00878	0.00689	0.00466	0.00358	0.00118	0.00603	0.00294	0.00232	0.00690
50	0.02408	0.00914	0.01246	0.00955	0.01370	0.00789	0.00789	0.02616	0.01536	0.78158	0.02118	0.01827	0.01329	0.00664	0.00540	0.00166	0.00457	0.00540	0.00664	0.00914
51	0.01014	0.00954	0.01610	0.79845	0.03697	0.01193	0.01491	0.01371	0.01073	0.01371	0.00954	0.01431	0.00716	0.00537	0.00537	0.00179	0.00716	0.00477	0.00239	0.00596
52	0.17842	0.01205	0.01469	0.01263	0.01352	0.04169	0.01047	0.03828	0.00920	0.01583	0.00737	0.01111	0.00687	0.00829	0.01395	0.00216	0.59055	0.00430	0.00265	0.00598
53	0.00659	0.00469	0.00621	0.00741	0.00771	0.00439	0.00491	0.00749	0.01018	0.01357	0.02906	0.77601	0.03484	0.04956	0.00769	0.00230	0.00320	0.01495	0.00491	0.00431
54	0.04349	0.00916	0.01235	0.00949	0.01362	0.00799	0.00784	0.02592	0.01522	0.76377	0.02085	0.01805	0.01311	0.00660	0.00535	0.00166	0.00456	0.00534	0.00657	0.00906
55	0.01267	0.01448	0.03167	0.02262	0.02805	0.01357	0.75837	0.01719	0.01267	0.01719	0.01086	0.01448	0.00814	0.00452	0.00633	0.00181	0.00905	0.00633	0.00271	0.00724
56	0.01014	0.00954	0.01610	0.79845	0.03697	0.01193	0.01491	0.01371	0.01073	0.01371	0.00954	0.01431	0.00716	0.00537	0.00537	0.00179	0.00716	0.00477	0.00239	0.00596
57	0.00767	0.00575	0.00863	0.00863	0.00959	0.00671	0.00671	0.00959	0.00863	0.01246	0.01438	0.02109	0.01342	0.04026	0.79008	0.00863	0.01438	0.00575	0.00288	0.00479
58	0.02041	0.01504	0.01611	0.01235	0.01665	0.01665	0.01020	0.75997	0.02524	0.03383	0.01289	0.01289	0.00913	0.00644	0.00537	0.00161	0.00591	0.00483	0.00537	0.00913
59	0.01057	0.00998	0.01687	0.69439	0.13768	0.01204	0.01512	0.01409	0.01094	0.01423	0.00962	0.01417	0.00734	0.00529	0.00536	0.00176	0.00705	0.00477	0.00242	0.00631
60	0.00856	0.00612	0.00855	0.00978	0.01098	0.00610	0.00850	0.01097	0.01227	0.01597	0.02847	0.09190	0.03109	0.01491	0.00739	0.00246	0.00487	0.71126	0.00494	0.00492
61	0.01014	0.00954	0.01610	0.79845	0.03697	0.01193	0.01491	0.01371	0.01073	0.01371	0.00954	0.01431	0.00716	0.00537	0.00537	0.00179	0.00716	0.00477	0.00239	0.00596
62	0.01261	0.01390	0.02540	0.01913	0.02244	0.04463	0.45316	0.01578	0.01112	0.01546	0.00935	0.01328	0.00769	0.00637	0.01045	0.00199	0.30235	0.00562	0.00258	0.00669
63	0.01089	0.05433	0.75804	0.01509	0.02291	0.01276	0.01947	0.01697	0.01132	0.01685	0.00956	0.01124	0.00680	0.00508	0.00504	0.00168	0.00786	0.00393	0.00227	0.00790
64	0.02408	0.00914	0.01246	0.00955	0.01370	0.00789	0.00789	0.02616	0.01536	0.78158	0.02118	0.01827	0.01329	0.00664	0.00540	0.00166	0.00457	0.00540	0.00664	0.00914
65	0.01077	0.02777	0.78354	0.01530	0.02323	0.01247	0.01983	0.01700	0.01133	0.01700	0.00963	0.01133	0.00680	0.00510	0.00510	0.00170	0.00793	0.00397	0.00227	0.00793
66	0.01345	0.00941	0.01120	0.00972	0.01265	0.00972	0.03721	0.06093	0.30823	0.15597	0.04437	0.03017	0.20335	0.00918	0.00585	0.00182	0.00423	0.05982	0.00541	0.00730
67	0.01043	0.01076	0.02113	0.01640	0.01945	0.01068	0.41361	0.01334	0.01135	0.01551	0.01697	0.29083	0.01756	0.00935	0.00775	0.00200	0.09407	0.00927	0.00347	0.00609

[dist]
# distance from previous block
# <min> <max>
0	1

[block]
# block no. 4 follows, 45 sequences, length 101
# corresponding to MSA columns:
# 180-280
name=unknown_E
#
# <colnr> <probs for GDERKNQSTAVLIFYWHMCP>
#	G	D	E	R	K	N	Q	S	T	A	V	L	I	F	Y	W	H	M	C	P
0	0.02193	0.01007	0.01343	0.04309	0.05254	0.00947	0.00884	0.13113	0.01645	0.58002	0.04299	0.01778	0.01339	0.00661	0.00542	0.00166	0.00489	0.00540	0.00607	0.00884
1	0.04620	0.01100	0.08122	0.01000	0.01407	0.00915	0.00879	0.04013	0.12007	0.50125	0.08410	0.01934	0.01600	0.00691	0.00539	0.00169	0.00467	0.00564	0.00589	0.00848
2	0.01084	0.04296	0.76895	0.01518	0.02305	0.01264	0.01963	0.01698	0.01132	0.01692	0.00959	0.01128	0.00680	0.00509	0.00507	0.00169	0.00789	0.00395	0.00227	0.00791
3	0.00711	0.00547	0.00650	0.00624	0.00772	0.00486	0.00468	0.00919	0.01405	0.01880	0.49549	0.04458	0.33190	0.01199	0.00634	0.00174	0.00260	0.01034	0.00555	0.00486
4	0.02094	0.01385	0.01507	0.01165	0.01580	0.03910	0.00958	0.55641	0.02250	0.19988	0.03101	0.01457	0.01088	0.00656	0.00538	0.00162	0.00566	0.00502	0.00558	0.00895
5	0.01030	0.00971	0.01640	0.75814	0.07598	0.01197	0.01499	0.01386	0.01081	0.01392	0.00957	0.01426	0.00723	0.00534	0.00536	0.00178	0.00711	0.00477	0.00240	0.00610
6	0.01014	0.00954	0.01610	0.79845	0.03697	0.01193	0.01491	0.01371	0.01073	0.01371	0.00954	0.01431	0.00716	0.00537	0.00537	0.00179	0.00716	0.00477	0.00239	0.00596
7	0.01262	0.01380	0.02844	0.06485	0.16983	0.01344	0.55214	0.01672	0.01232	0.01692	0.01051	0.01415	0.00812	0.00479	0.00650	0.00179	0.03714	0.00590	0.00267	0.00736
8	0.01958	0.00923	0.01267	0.00987	0.01354	0.00840	0.05244	0.08853	0.01559	0.51121	0.08854	0.02292	0.08426	0.03012	0.00623	0.00178	0.00463	0.00638	0.00598	0.00809
9	0.01041	0.00982	0.01660	0.73128	0.10198	0.01200	0.01505	0.01396	0.01086	0.01405	0.00959	0.01422	0.00727	0.00532	0.00536	0.00177	0.00709	0.00477	0.00241	0.00619
10	0.00846	0.00617	0.00773	0.00714	0.00862	0.00588	0.00540	0.06554	0.01566	0.02190	0.66481	0.06257	0.07769	0.01093	0.00628	0.00170	0.00281	0.00959	0.00580	0.00532
11	0.01035	0.00976	0.01649	0.74585	0.08788	0.01198	0.01502	0.01390	0.01084	0.01398	0.00958	0.01424	0.00725	0.00533	0.00536	0.00178	0.00710	0.00477	0.00240	0.00614
12	0.01077	0.02777	0.78354	0.01530	0.02323	0.01247	0.01983	0.01700	0.01133	0.01700	0.00963	0.01133	0.00680	0.00510	0.00510	0.00170	0.00793	0.00397	0.00227	0.00793
13	0.02000	0.01002	0.01236	0.00981	0.01342	0.00972	0.00795	0.20310	0.04446	0.44478	0.07700	0.05543	0.03491	0.02400	0.00600	0.00176	0.00463	0.00625	0.00605	0.00836
14	0.01138	0.00985	0.01207	0.00864	0.01342	0.00761	0.03701	0.02891	0.01148	0.01781	0.00966	0.01130	0.00798	0.00405	0.00410	0.00085	0.00422	0.00334	0.00321	0.79310
15	0.00949	0.00895	0.00807	0.00768	0.00975	0.09640	0.00579	0.02862	0.14316	0.01642	0.07695	0.08678	0.45883	0.01150	0.00603	0.00178	0.00386	0.00955	0.00487	0.00552
16	0.01289	0.00855	0.01047	0.00820	0.01182	0.00704	0.00644	0.01486	0.01178	0.17515	0.01733	0.11029	0.06131	0.03257	0.00594	0.00139	0.02939	0.00578	0.00420	0.46460
17	0.01087	0.04942	0.76274	0.01513	0.02297	0.01271	0.01954	0.01697	0.01132	0.01688	0.00957	0.01126	0.00680	0.00509	0.00505	0.00168	0.00787	0.00394	0.00227	0.00790
18	0.01851	0.02304	0.01583	0.01410	0.01648	0.64368	0.02974	0.01994	0.01401	0.01321	0.00816	0.01014	0.00697	0.00614	0.00696	0.00155	0.13894	0.00373	0.00270	0.00619
19	0.01159	0.00922	0.00998	0.00888	0.01109	0.04961	0.00686	0.09255	0.21485	0.04635	0.43490	0.02975	0.03392	0.00912	0.00590	0.00170	0.00377	0.00779	0.00559	0.00657
20	0.04133	0.00997	0.01238	0.00993	0.01378	0.00967	0.00807	0.04990	0.20813	0.54506	0.02075	0.01832	0.01377	0.00676	0.00536	0.00170	0.00452	0.00549	0.00622	0.00889
21	0.01317	0.01270	0.02189	0.05659	0.73366	0.01275	0.03725	0.01641	0.01219	0.01741	0.01010	0.01335	0.00845	0.00479	0.00534	0.00161	0.00648	0.00483	0.00265	0.00839
22	0.00654	0.00467	0.00623	0.00747	0.00779	0.00436	0.00498	0.00747	0.01028	0.01370	0.02959	0.80785	0.03550	0.01682	0.00685	0.00218	0.00311	0.01526	0.00498	0.00436
23	0.01241	0.01389	0.04439	0.01808	0.02091	0.03918	0.35903	0.01528	0.01059	0.01502	0.00893	0.01294	0.00755	0.00689	0.01163	0.00205	0.38672	0.00540	0.00253	0.00658
24	0.01840	0.00974	0.01442	0.01132	0.01501	0.00908	0.11652	0.06949	0.06344	0.43348	0.05320	0.08177	0.04017	0.00781	0.00578	0.00176	0.00504	0.02992	0.00565	0.00800
25	0.02229	0.01105	0.01355	0.01043	0.01454	0.01082	0.00860	0.27868	0.01876	0.49950	0.04236	0.01711	0.01304	0.00671	0.00542	0.00164	0.00496	0.00534	0.00618	0.00900
26	0.01077	0.02777	0.78354	0.01530	0.02323	0.01247	0.01983	0.01700	0.01133	0.01700	0.00963	0.01133	0.00680	0.00510	0.00510	0.00170	0.00793	0.00397	0.00227	0.00793
27	0.04380	0.01024	0.01272	0.01008	0.01387	0.01005	0.00824	0.12380	0.11629	0.51461	0.04319	0.01803	0.01395	0.00687	0.00571	0.00170	0.02657	0.00546	0.00608	0.00874
28	0.01269	0.01215	0.02071	0.17756	0.63790	0.01260	0.01618	0.01595	0.01194	0.01681	0.00999	0.01348	0.00825	0.00489	0.00532	0.00163	0.00652	0.00478	0.00261	0.00802
29	0.00865	0.00618	0.00865	0.00989	0.01112	0.00618	0.00865	0.01112	0.01236	0.01606	0.02842	0.06055	0.03089	0.01483	0.00741	0.00247	0.00494	0.74174	0.00494	0.00494
30	0.01156	0.01242	0.02414	0.04761	0.07802	0.01260	0.44806	0.01495	0.01179	0.01602	0.01646	0.01934	0.11932	0.00667	0.00803	0.00188	0.13485	0.00663	0.00297	0.00667
31	0.01088	0.05285	0.75946	0.01510	0.02293	0.01275	0.01949	0.01697	0.01132	0.01686	0.00956	0.01125	0.00680	0.00508	0.00505	0.00168	0.00786	0.00393	0.00227	0.00790
32	0.00757	0.00616	0.00849	0.00877	0.00928	0.00663	0.02340	0.00869	0.01024	0.01390	0.04529	0.58443	0.08236	0.01492	0.00860	0.00216	0.13702	0.01287	0.00451	0.00471
33	0.01301	0.01247	0.02128	0.10079	0.71220	0.01268	0.01634	0.01623	0.01209	0.01720	0.01005	0.01338	0.00838	0.00483	0.00532	0.00161	0.00645	0.00478	0.00263	0.00828
34	0.04805	0.00917	0.01232	0.00948	0.01361	0.00801	0.00783	0.02586	0.01518	0.75958	0.02078	0.01799	0.01307	0.00660	0.00534	0.00166	0.00456	0.00533	0.00655	0.00904
35	0.02010	0.02405	0.01534	0.01361	0.01660	0.67763	0.01035	0.12859	0.01667	0.01614	0.00896	0.01015	0.00724	0.00566	0.00492	0.00142	0.00913	0.00366	0.00314	0.00664
36	0.00865	0.00618	0.00865	0.00989	0.01112	0.00618	0.00865	0.01112	0.01236	0.01606	0.02842	0.06055	0.03089	0.01483	0.00741	0.00247	0.00494	0.74174	0.00494	0.00494
37	0.02300	0.00906	0.01222	0.00948	0.01347	0.00796	0.00779	0.02556	0.04198	0.72238	0.05330	0.01926	0.01499	0.00685	0.00544	0.00167	0.00447	0.00561	0.00657	0.00894
38	0.00751	0.00548	0.00706	0.00666	0.00797	0.00503	0.00500	0.00996	0.01499	0.02105	0.72580	0.04089	0.10019	0.01115	0.00633	0.00170	0.00255	0.00982	0.00585	0.00503
39	0.00654	0.00467	0.00623	0.00747	0.00779	0.00436	0.00498	0.00747	0.01028	0.01370	0.02959	0.80785	0.03550	0.01682	0.00685	0.00218	0.00311	0.01526	0.00498	0.00436
40	0.84927	0.01038	0.00789	0.00706	0.01038	0.01204	0.00581	0.01578	0.00914	0.02408	0.00747	0.00872	0.00581	0.00498	0.00332	0.00166	0.00415	0.00291	0.00332	0.00581
41	0.01299	0.01245	0.02110	0.03179	0.74554	0.01241	0.01595	0.01611	0.01222	0.01741	0.01195	0.01490	0.04069	0.00515	0.00536	0.00160	0.00622	0.00506	0.00275	0.00834
42	0.01077	0.02777	0.78354	0.01530	0.02323	0.01247	0.01983	0.01700	0.01133	0.01700	0.00963	0.01133	0.00680	0.00510	0.00510	0.00170	0.00793	0.00397	0.00227	0.00793
43	0.02408	0.00914	0.01246	0.00955	0.01370	0.00789	0.00789	0.02616	0.01536	0.78158	0.02118	0.01827	0.01329	0.00664	0.00540	0.00166	0.00457	0.00540	0.00664	0.00914
44	0.02035	0.01070	0.01294	0.01024	0.01405	0.01068	0.00835	0.21279	0.12465	0.42410	0.07740	0.01883	0.01555	0.00702	0.00547	0.00167	0.00471	0.00568	0.00609	0.00873
45	0.04980	0.00931	0.01229	0.00955	0.01361	0.00833	0.00786	0.02596	0.05702	0.71522	0.02078	0.01806	0.01322	0.00663	0.00534	0.00167	0.00454	0.00536	0.00647	0.00899
46	0.02408	0.00914	0.01246	0.00955	0.01370	0.00789	0.00789	0.02616	0.01536	0.78158	0.02118	0.01827	0.01329	0.00664	0.00540	0.00166	0.00457	0.00540	0.00664	0.00914
47	0.00654	0.00467	0.00623	0.00747	0.00779	0.00436	0.00498	0.00747	0.01028	0.01370	0.02959	0.80785	0.03550	0.01682	0.00685	0.00218	0.00311	0.01526	0.00498	0.00436
48	0.07251	0.00940	0.01230	0.00949	0.01360	0.00841	0.00784	0.04895	0.01531	0.71317	0.02011	0.01754	0.01272	0.00654	0.00528	0.00166	0.00459	0.00523	0.00641	0.00894
49	0.02408	0.00914	0.01246	0.00955	0.01370	0.00789	0.00789	0.02616	0.01536	0.78158	0.02118	0.01827	0.01329	0.00664	0.00540	0.00166	0.00457	0.00540	0.00664	0.00914
50	0.00752	0.00548	0.00706	0.00667	0.00797	0.00503	0.00500	0.00998	0.01501	0.02108	0.72916	0.04083	0.09680	0.01114	0.00633	0.00170	0.00254	0.00981	0.00585	0.00503
51	0.03455	0.08210	0.70913	0.01464	0.02221	0.01307	0.01870	0.01690	0.01124	0.01689	0.00942	0.01107	0.00678	0.00506	0.00493	0.00166	0.00767	0.00386	0.00230	0.00780
52	0.02171	0.01294	0.01481	0.01136	0.01560	0.01354	0.00938	0.49983	0.02174	0.29891	0.01583	0.01480	0.01060	0.00651	0.00538	0.00163	0.00543	0.00503	0.00582	0.00913
53	0.01250	0.01420	0.03096	0.02220	0.02748	0.01332	0.73719	0.01692	0.01260	0.01710	0.01139	0.03678	0.00891	0.00487	0.00635	0.00182	0.00888	0.00659	0.00278	0.00716
54	0.01267	0.01448	0.03167	0.02262	0.02805	0.01357	0.75837	0.01719	0.01267	0.01719	0.01086	0.01448	0.00814	0.00452	0.00633	0.00181	0.00905	0.00633	0.00271	0.00724
55	0.01245	0.01525	0.09308	0.02168	0.06357	0.01372	0.58579	0.01672	0.01210	0.01677	0.01034	0.01389	0.00794	0.00507	0.00729	0.00184	0.08673	0.00590	0.00264	0.00723
56	0.01023	0.00963	0.01626	0.77696	0.05777	0.01195	0.01495	0.01379	0.01078	0.01382	0.00956	0.01428	0.00719	0.00535	0.00537	0.00178	0.00713	0.00477	0.00239	0.00603
57	0.00701	0.00523	0.00738	0.00797	0.00869	0.00488	0.03241	0.00839	0.01124	0.01514	0.14329	0.61460	0.05168	0.01533	0.00677	0.00210	0.00331	0.04494	0.00504	0.00460
58	0.01371	0.01171	0.01234	0.01100	0.01409	0.01352	0.00858	0.06534	0.73077	0.02303	0.02140	0.01967	0.01602	0.00724	0.00546	0.00181	0.00433	0.00601	0.00546	0.00853
59	0.00740	0.00507	0.00615	0.00654	0.00670	0.00504	0.00402	0.00782	0.00863	0.01158	0.02072	0.27664	0.02414	0.51201	0.07044	0.00448	0.00514	0.01001	0.00377	0.00370
60	0.01267	0.01448	0.03167	0.02262	0.02805	0.01357	0.75837	0.01719	0.01267	0.01719	0.01086	0.01448	0.00814	0.00452	0.00633	0.00181	0.00905	0.00633	0.00271	0.00724
61	0.01014	0.00954	0.01610	0.79845	0.03697	0.01193	0.01491	0.01371	0.01073	0.01371	0.00954	0.01431	0.00716	0.00537	0.00537	0.00179	0.00716	0.00477	0.00239	0.00596
62	0.00653	0.00471	0.00619	0.00737	0.00776	0.00437	0.00493	0.00749	0.01038	0.01375	0.03090	0.76762	0.07488	0.01665	0.00682	0.00216	0.00309	0.01505	0.00498	0.00437
63	0.00756	0.00557	0.00709	0.00679	0.00808	0.00517	0.00506	0.01019	0.03160	0.02050	0.65477	0.08991	0.10461	0.01147	0.00635	0.00173	0.00262	0.01011	0.00577	0.00506
64	0.14306	0.03110	0.01265	0.00961	0.01361	0.03799	0.00794	0.09561	0.01530	0.55144	0.01757	0.01580	0.01140	0.00629	0.00502	0.00163	0.00485	0.00485	0.00579	0.00849
65	0.00836	0.00598	0.00832	0.00952	0.01064	0.00593	0.00812	0.01064	0.01215	0.01588	0.04377	0.15384	0.03187	0.01500	0.00732	0.00242	0.00466	0.63573	0.00497	0.00487
66	0.00790	0.00554	0.00722	0.00680	0.00812	0.00509	0.00510	0.01034	0.01496	0.03847	0.71331	0.06417	0.07038	0.01114	0.00633	0.00171	0.00260	0.00983	0.00587	0.00512
67	0.02995	0.02737	0.76579	0.01511	0.02294	0.01246	0.01951	0.01697	0.01128	0.01716	0.00958	0.01127	0.00678	0.00510	0.00506	0.00170	0.00785	0.00394	0.00229	0.00788
68	0.44426	0.01006	0.01031	0.00842	0.01216	0.01044	0.00695	0.05702	0.01268	0.35887	0.01379	0.01314	0.00928	0.00579	0.00434	0.00166	0.00442	0.00410	0.00489	0.00744
69	0.01077	0.02777	0.78354	0.01530	0.02323	0.01247	0.01983	0.01700	0.01133	0.01700	0.00963	0.01133	0.00680	0.00510	0.00510	0.00170	0.00793	0.00397	0.00227	0.00793
70	0.01247	0.01189	0.02022	0.18206	0.61046	0.01235	0.01583	0.01567	0.01187	0.01668	0.01055	0.03657	0.00902	0.00525	0.00537	0.00165	0.00643	0.00508	0.00267	0.00789
71	0.01402	0.01283	0.01172	0.01073	0.01318	0.15934	0.00814	0.13132	0.29385	0.03311	0.02001	0.23123	0.01864	0.00940	0.00571	0.00180	0.00523	0.00787	0.00482	0.00704
