[name]
unknown

[dist]
# distance from previous block
# <min> <max>
28	76

[block]
# block no. 0 follows, 46 sequences, length 14
# corresponding to MSA columns:
# 76-89
name=unknown_A
#
# <colnr> <probs for GDERKNQSTAVLIFYWHMCP>
#	G	D	E	R	K	N	Q	S	T	A	V	L	I	F	Y	W	H	M	C	P
0	0.07740	0.01079	0.01486	0.24095	0.13364	0.03801	0.03844	0.07243	0.05452	0.01713	0.01310	0.09743	0.02849	0.00702	0.00644	0.00174	0.08522	0.00578	0.00325	0.05335
1	0.03234	0.01153	0.07035	0.14624	0.04485	0.08387	0.04887	0.06057	0.02927	0.01533	0.01538	0.13025	0.04125	0.15407	0.00986	0.00234	0.04278	0.00673	0.00333	0.05079
2	0.07535	0.00988	0.01339	0.32152	0.07017	0.02547	0.01072	0.06441	0.03998	0.01661	0.01354	0.10253	0.03872	0.00703	0.00603	0.00168	0.06388	0.00576	0.00323	0.11011
3	0.02839	0.01027	0.02402	0.15211	0.01653	0.08237	0.04843	0.06848	0.10819	0.05699	0.04571	0.21272	0.03764	0.07523	0.00745	0.00207	0.00534	0.00792	0.00412	0.00602
4	0.04342	0.01184	0.01456	0.26038	0.06059	0.07726	0.02803	0.15121	0.06834	0.03878	0.07112	0.01546	0.01174	0.00663	0.01866	0.00172	0.03475	0.00494	0.00363	0.07694
5	0.07505	0.01105	0.01327	0.26812	0.04968	0.06386	0.01014	0.10720	0.07101	0.05578	0.01177	0.01443	0.00916	0.03514	0.00586	0.00167	0.02137	0.00453	0.05487	0.11604
6	0.05806	0.02680	0.01474	0.42964	0.07148	0.01170	0.01188	0.10460	0.04755	0.08381	0.01400	0.01630	0.05697	0.00602	0.00517	0.00168	0.00597	0.00505	0.00344	0.02514
7	0.00884	0.04525	0.00826	0.00682	0.00896	0.03619	0.00530	0.03713	0.01301	0.03571	0.19391	0.03907	0.39908	0.03959	0.00657	0.00176	0.00346	0.03110	0.00474	0.07527
8	0.03070	0.00967	0.01122	0.09776	0.01424	0.03839	0.00797	0.24385	0.01503	0.04906	0.08531	0.05966	0.03540	0.10058	0.14844	0.00325	0.00679	0.00628	0.03015	0.00624
9	0.00995	0.00530	0.00543	0.00517	0.00669	0.00510	0.00391	0.01240	0.01108	0.01950	0.01659	0.01898	0.01307	0.00597	0.00371	0.00119	0.00258	0.00478	0.77342	0.07516
10	0.05565	0.01586	0.01458	0.04114	0.01591	0.29200	0.07190	0.16857	0.01496	0.04224	0.01110	0.01322	0.00883	0.01007	0.10492	0.00241	0.03805	0.00444	0.06758	0.00657
11	0.01522	0.01181	0.01225	0.04776	0.01412	0.11993	0.00847	0.25950	0.01579	0.10889	0.01520	0.10811	0.01331	0.03547	0.18588	0.00330	0.00781	0.00611	0.00428	0.00678
12	0.01493	0.33219	0.12430	0.01361	0.09710	0.06764	0.03860	0.14202	0.03375	0.04472	0.03746	0.01205	0.00936	0.00534	0.00454	0.00142	0.00622	0.00407	0.00321	0.00748
13	0.04136	0.28949	0.17767	0.04887	0.01733	0.11535	0.04028	0.07920	0.01294	0.05448	0.03869	0.01176	0.00897	0.00526	0.00448	0.00141	0.00651	0.00390	0.00300	0.03905

[dist]
# distance from previous block
# <min> <max>
3	22

[block]
# block no. 1 follows, 46 sequences, length 15
# corresponding to MSA columns:
# 112-126
name=unknown_B
#
# <colnr> <probs for GDERKNQSTAVLIFYWHMCP>
#	G	D	E	R	K	N	Q	S	T	A	V	L	I	F	Y	W	H	M	C	P
0	0.03182	0.04987	0.10556	0.03234	0.05493	0.05675	0.01007	0.22826	0.06173	0.02170	0.02705	0.01256	0.00927	0.00529	0.00469	0.00133	0.00551	0.00411	0.00373	0.27343
1	0.03430	0.05003	0.09141	0.01522	0.02001	0.03050	0.26955	0.22972	0.09551	0.04535	0.01225	0.01355	0.00904	0.00540	0.00538	0.00162	0.00678	0.00509	0.00380	0.05552
2	0.01654	0.09068	0.05588	0.04518	0.04552	0.01428	0.01009	0.35018	0.14597	0.07432	0.01348	0.01365	0.00992	0.00592	0.00498	0.00152	0.00543	0.00461	0.00451	0.08735
3	0.14674	0.01392	0.08810	0.01120	0.01501	0.04814	0.02970	0.14718	0.36908	0.05272	0.01573	0.01529	0.01163	0.00629	0.00499	0.00170	0.00517	0.00495	0.00458	0.00789
4	0.49336	0.01144	0.01079	0.00884	0.01251	0.01269	0.00729	0.24207	0.01457	0.12581	0.01072	0.01105	0.00767	0.00555	0.00415	0.00162	0.00466	0.00375	0.00431	0.00713
5	0.00640	0.00531	0.00560	0.00563	0.00726	0.00451	0.00419	0.00784	0.01225	0.01502	0.13436	0.09952	0.64728	0.01330	0.00628	0.00180	0.00268	0.01123	0.00501	0.00451
6	0.01242	0.01401	0.03018	0.05048	0.06437	0.01327	0.69941	0.01678	0.01239	0.01683	0.01061	0.01420	0.00800	0.00450	0.00616	0.00177	0.00872	0.00611	0.00266	0.00715
7	0.00662	0.00474	0.00630	0.00724	0.00771	0.00441	0.00492	0.00782	0.01096	0.01484	0.15946	0.67661	0.03756	0.01556	0.00666	0.00206	0.00297	0.01408	0.00507	0.00441
8	0.00755	0.00566	0.00850	0.00850	0.00944	0.00661	0.00661	0.00944	0.00850	0.01227	0.01416	0.02077	0.01322	0.03965	0.79326	0.00850	0.01416	0.00566	0.00283	0.00472
9	0.24652	0.01229	0.01364	0.19471	0.01936	0.01406	0.00994	0.38293	0.01716	0.02606	0.01046	0.01189	0.00764	0.00570	0.00473	0.00164	0.00563	0.00422	0.00405	0.00737
10	0.01242	0.25179	0.24956	0.01634	0.02216	0.01525	0.32733	0.01656	0.01159	0.01557	0.00937	0.01168	0.00728	0.00464	0.00506	0.00156	0.00764	0.00457	0.00243	0.00723
11	0.00638	0.00534	0.00539	0.00539	0.00702	0.00452	0.00394	0.00760	0.01166	0.01392	0.05029	0.04944	0.71192	0.08418	0.00807	0.00208	0.00289	0.01085	0.00476	0.00435
12	0.01060	0.02735	0.78682	0.01507	0.02288	0.01228	0.01953	0.01674	0.01116	0.01674	0.00949	0.01116	0.00670	0.00502	0.00502	0.00167	0.00781	0.00391	0.00223	0.00781
13	0.01028	0.00970	0.01639	0.72791	0.10768	0.01182	0.01483	0.01377	0.01071	0.01387	0.00945	0.01400	0.00717	0.00523	0.00528	0.00174	0.00697	0.00470	0.00237	0.00611
14	0.00666	0.00482	0.00630	0.00710	0.00769	0.00446	0.00488	0.00795	0.01129	0.01523	0.19521	0.60025	0.07832	0.01513	0.00661	0.00202	0.00292	0.01362	0.00511	0.00446

[dist]
# distance from previous block
# <min> <max>
0	2

[block]
# block no. 2 follows, 46 sequences, length 9
# corresponding to MSA columns:
# 129-137
name=unknown_C
#
# <colnr> <probs for GDERKNQSTAVLIFYWHMCP>
#	G	D	E	R	K	N	Q	S	T	A	V	L	I	F	Y	W	H	M	C	P
0	0.00654	0.00513	0.00595	0.00643	0.00762	0.00454	0.00468	0.00788	0.01158	0.01460	0.09598	0.32222	0.41460	0.01441	0.00649	0.00194	0.00294	0.05703	0.00497	0.00447
1	0.01451	0.01105	0.01199	0.01058	0.01371	0.01246	0.00829	0.02779	0.67411	0.12049	0.02143	0.01950	0.01574	0.00709	0.00537	0.00177	0.00422	0.00589	0.00553	0.00845
2	0.01294	0.21430	0.50085	0.01317	0.01959	0.07082	0.01561	0.01741	0.01159	0.06398	0.00960	0.01084	0.00713	0.00503	0.00463	0.00152	0.00721	0.00370	0.00255	0.00752
3	0.01543	0.01119	0.01230	0.01057	0.01382	0.01241	0.00836	0.11630	0.53571	0.14228	0.04785	0.01932	0.01602	0.00711	0.00539	0.00174	0.00437	0.00586	0.00557	0.00842
4	0.01704	0.00752	0.01013	0.00827	0.01119	0.00663	0.00663	0.01927	0.01506	0.47073	0.33251	0.02684	0.02822	0.00830	0.00569	0.00165	0.00367	0.00706	0.00625	0.00735
5	0.01288	0.01154	0.01976	0.24154	0.49561	0.01207	0.04770	0.01611	0.01185	0.06473	0.01052	0.01372	0.00829	0.00497	0.00530	0.00164	0.00649	0.00481	0.00279	0.00767
6	0.01213	0.01355	0.02734	0.14019	0.02782	0.04085	0.59278	0.01620	0.01219	0.01614	0.01109	0.04381	0.00884	0.00507	0.00606	0.00178	0.00843	0.00623	0.00271	0.00680
7	0.01937	0.01410	0.01520	0.01186	0.01592	0.01558	0.00973	0.63484	0.12073	0.06640	0.01421	0.01384	0.01010	0.00646	0.00530	0.00162	0.00555	0.00494	0.00536	0.00891
8	0.04034	0.01369	0.02516	0.07378	0.02453	0.03774	0.50221	0.12917	0.01394	0.01898	0.01093	0.01408	0.00830	0.00698	0.05368	0.00214	0.00850	0.00567	0.00308	0.00710

[dist]
# distance from previous block
# <min> <max>
5	7

[block]
# block no. 3 follows, 46 sequences, length 84
# corresponding to MSA columns:
# 145-228
name=unknown_D
#
# <colnr> <probs for GDERKNQSTAVLIFYWHMCP>
#	G	D	E	R	K	N	Q	S	T	A	V	L	I	F	Y	W	H	M	C	P
0	0.39731	0.01177	0.01468	0.04101	0.06400	0.01271	0.13334	0.14649	0.04202	0.07468	0.01052	0.01178	0.00778	0.00528	0.00453	0.00166	0.00547	0.00422	0.00375	0.00702
1	0.01415	0.67577	0.05438	0.06166	0.01562	0.07748	0.00990	0.01610	0.01106	0.01271	0.00763	0.00903	0.00680	0.00466	0.00368	0.00121	0.00611	0.00303	0.00230	0.00671
2	0.00918	0.00459	0.00689	0.00689	0.00689	0.00459	0.00459	0.00689	0.00689	0.00918	0.00918	0.01607	0.00918	0.01837	0.02066	0.84619	0.00459	0.00459	0.00230	0.00230
3	0.01588	0.08625	0.03540	0.02999	0.05651	0.03285	0.07224	0.33166	0.20717	0.02434	0.01467	0.01527	0.02433	0.02266	0.00566	0.00169	0.00576	0.00513	0.00444	0.00809
4	0.01110	0.09391	0.64483	0.01528	0.02256	0.01313	0.09405	0.01668	0.01126	0.01639	0.00943	0.01125	0.00684	0.00492	0.00501	0.00164	0.00774	0.00405	0.00228	0.00766
5	0.00681	0.00536	0.00614	0.00599	0.00749	0.00469	0.00448	0.00865	0.01330	0.01736	0.37744	0.06583	0.43299	0.01232	0.00626	0.00174	0.00261	0.01054	0.00532	0.00469
6	0.01073	0.02649	0.73718	0.01554	0.02319	0.01235	0.06830	0.01675	0.01125	0.01675	0.00957	0.01136	0.00678	0.00499	0.00510	0.00168	0.00789	0.00406	0.00226	0.00777
7	0.85155	0.01022	0.00777	0.00695	0.01022	0.01186	0.00573	0.01554	0.00900	0.02372	0.00736	0.00859	0.00573	0.00491	0.00327	0.00164	0.00409	0.00286	0.00327	0.00573
8	0.02291	0.00953	0.01251	0.00967	0.01371	0.00866	0.00796	0.07793	0.05529	0.69208	0.02031	0.01771	0.01296	0.00656	0.00532	0.00164	0.00458	0.00531	0.00639	0.00896
9	0.00918	0.00459	0.00689	0.00689	0.00689	0.00459	0.00459	0.00689	0.00689	0.00918	0.00918	0.01607	0.00918	0.01837	0.02066	0.84619	0.00459	0.00459	0.00230	0.00230
10	0.00738	0.00540	0.00693	0.00654	0.00784	0.00494	0.00491	0.00978	0.01472	0.02063	0.71853	0.04043	0.11015	0.01102	0.00624	0.00167	0.00251	0.00969	0.00574	0.00494
11	0.00644	0.00460	0.00613	0.00736	0.00767	0.00429	0.00491	0.00736	0.01012	0.01350	0.02914	0.81076	0.03497	0.01656	0.00675	0.00215	0.00307	0.01503	0.00491	0.00429
12	0.01203	0.01235	0.05784	0.25666	0.44622	0.01237	0.04206	0.01625	0.06147	0.01644	0.01055	0.01376	0.00840	0.00505	0.00528	0.00165	0.00654	0.00480	0.00270	0.00756
13	0.01096	0.00940	0.01096	0.00783	0.01253	0.00705	0.00626	0.01331	0.01096	0.01723	0.00940	0.01096	0.00783	0.00392	0.00392	0.00078	0.00392	0.00313	0.00313	0.84653
14	0.01248	0.01159	0.01912	0.32405	0.41067	0.01260	0.03594	0.07887	0.01258	0.01719	0.00999	0.01347	0.00791	0.00506	0.00529	0.00165	0.00661	0.00475	0.00274	0.00744
15	0.03474	0.01648	0.01401	0.06385	0.01637	0.28446	0.00973	0.21235	0.16206	0.02023	0.01328	0.01421	0.02735	0.00811	0.04668	0.00195	0.03838	0.00467	0.00392	0.00715
16	0.01710	0.01284	0.01517	0.03057	0.06615	0.01397	0.03571	0.47348	0.11408	0.06065	0.03073	0.07781	0.01283	0.00716	0.00547	0.00167	0.00544	0.00589	0.00500	0.00829
17	0.01257	0.01555	0.18167	0.14520	0.36091	0.03313	0.03187	0.05582	0.06481	0.01762	0.01066	0.01317	0.00832	0.00512	0.00520	0.00162	0.00666	0.00460	0.00284	0.02266
18	0.01204	0.00951	0.01118	0.00805	0.01269	0.00734	0.00646	0.03365	0.01160	0.06807	0.01023	0.01147	0.00821	0.00415	0.00404	0.00086	0.00400	0.00332	0.00341	0.76973
19	0.01390	0.01273	0.01567	0.06283	0.28057	0.09039	0.01142	0.11341	0.20441	0.01970	0.06343	0.01630	0.01294	0.00678	0.00613	0.04709	0.00573	0.00522	0.00384	0.00754
20	0.01542	0.00933	0.01100	0.00935	0.01189	0.00959	0.00733	0.27134	0.01598	0.18820	0.01863	0.11357	0.01694	0.16067	0.02933	0.00257	0.00514	0.07492	0.02201	0.00680
21	0.00731	0.00540	0.00682	0.00647	0.00779	0.00491	0.00485	0.00964	0.01455	0.02021	0.67501	0.04111	0.15393	0.01118	0.00624	0.00168	0.00252	0.00979	0.00569	0.00491
22	0.00791	0.00554	0.00721	0.00686	0.00821	0.00511	0.00524	0.01033	0.01463	0.04064	0.67133	0.04084	0.08568	0.01108	0.00628	0.00172	0.00271	0.05788	0.00573	0.00506
23	0.01157	0.01157	0.01619	0.01388	0.01388	0.01619	0.01157	0.01272	0.00810	0.01272	0.00694	0.01157	0.00694	0.00925	0.01735	0.00231	0.80453	0.00463	0.00231	0.00578
24	0.00769	0.00513	0.00577	0.00577	0.00577	0.00513	0.00320	0.00769	0.00769	0.01025	0.01666	0.03460	0.01922	0.81421	0.02691	0.00513	0.00513	0.00769	0.00320	0.00320
25	0.00680	0.00538	0.00612	0.00594	0.00748	0.00470	0.00445	0.00866	0.01336	0.01738	0.37870	0.04577	0.45201	0.01223	0.00624	0.00173	0.00260	0.01044	0.00532	0.00470
26	0.85155	0.01022	0.00777	0.00695	0.01022	0.01186	0.00573	0.01554	0.00900	0.02372	0.00736	0.00859	0.00573	0.00491	0.00327	0.00164	0.00409	0.00286	0.00327	0.00573
27	0.85155	0.01022	0.00777	0.00695	0.01022	0.01186	0.00573	0.01554	0.00900	0.02372	0.00736	0.00859	0.00573	0.00491	0.00327	0.00164	0.00409	0.00286	0.00327	0.00573
28	0.00650	0.00537	0.00571	0.00562	0.00730	0.00457	0.00422	0.00808	0.01265	0.01572	0.20403	0.04851	0.62772	0.01285	0.00625	0.00176	0.00264	0.01083	0.00510	0.00457
29	0.00769	0.00513	0.00577	0.00577	0.00577	0.00513	0.00320	0.00769	0.00769	0.01025	0.01666	0.03460	0.01922	0.81421	0.02691	0.00513	0.00513	0.00769	0.00320	0.00320
30	0.00748	0.00540	0.00707	0.00665	0.00790	0.00499	0.00499	0.00998	0.01496	0.02120	0.77844	0.03949	0.04988	0.01081	0.00624	0.00166	0.00249	0.00956	0.00582	0.00499
31	0.85155	0.01022	0.00777	0.00695	0.01022	0.01186	0.00573	0.01554	0.00900	0.02372	0.00736	0.00859	0.00573	0.00491	0.00327	0.00164	0.00409	0.00286	0.00327	0.00573
32	0.02372	0.00900	0.01227	0.00941	0.01350	0.00777	0.00777	0.02576	0.01513	0.78489	0.02086	0.01799	0.01309	0.00654	0.00532	0.00164	0.00450	0.00532	0.00654	0.00900
33	0.02302	0.00915	0.01225	0.00949	0.01351	0.00812	0.00781	0.02592	0.06483	0.73479	0.02090	0.01811	0.01329	0.00658	0.00532	0.00165	0.00448	0.00536	0.00647	0.00896
34	0.01096	0.00940	0.01096	0.00783	0.01253	0.00705	0.00626	0.01331	0.01096	0.01723	0.00940	0.01096	0.00783	0.00392	0.00392	0.00078	0.00392	0.00313	0.00313	0.84653
35	0.01248	0.01426	0.03119	0.02228	0.02763	0.01337	0.76203	0.01693	0.01248	0.01693	0.01070	0.01426	0.00802	0.00446	0.00624	0.00178	0.00891	0.00624	0.00267	0.00713
36	0.00646	0.00473	0.00607	0.00707	0.00761	0.00434	0.00479	0.00749	0.01056	0.01390	0.06114	0.68062	0.13398	0.01592	0.00666	0.00208	0.00299	0.01431	0.00494	0.00434
37	0.01408	0.01160	0.01232	0.01085	0.01398	0.01329	0.00850	0.09439	0.68245	0.04516	0.02070	0.01904	0.01540	0.00708	0.00537	0.00177	0.00434	0.00585	0.00540	0.00844
38	0.00755	0.00566	0.00850	0.00850	0.00944	0.00661	0.00661	0.00944	0.00850	0.01227	0.01416	0.02077	0.01322	0.03965	0.79326	0.00850	0.01416	0.00566	0.00283	0.00472
39	0.01022	0.00952	0.01586	0.78277	0.03594	0.01186	0.01457	0.03131	0.01091	0.01398	0.00947	0.01406	0.00709	0.00531	0.00529	0.00176	0.00702	0.00470	0.00242	0.00595
40	0.00693	0.00474	0.00622	0.00712	0.00738	0.00454	0.00469	0.00749	0.00946	0.01262	0.02511	0.58533	0.02972	0.15379	0.02797	0.06848	0.00381	0.02627	0.00437	0.00397
41	0.00769	0.00513	0.00577	0.00577	0.00577	0.00513	0.00320	0.00769	0.00769	0.01025	0.01666	0.03460	0.01922	0.81421	0.02691	0.00513	0.00513	0.00769	0.00320	0.00320
42	0.00644	0.00460	0.00613	0.00736	0.00767	0.00429	0.00491	0.00736	0.01012	0.01350	0.02914	0.81076	0.03497	0.01656	0.00675	0.00215	0.00307	0.01503	0.00491	0.00429
43	0.01060	0.02735	0.78682	0.01507	0.02288	0.01228	0.01953	0.01674	0.01116	0.01674	0.00949	0.01116	0.00670	0.00502	0.00502	0.00167	0.00781	0.00391	0.00223	0.00781
44	0.01009	0.00937	0.01582	0.73658	0.05130	0.01151	0.02857	0.01358	0.01066	0.01391	0.00976	0.01431	0.00737	0.00529	0.00524	0.00174	0.00688	0.00474	0.03738	0.00591
45	0.00644	0.00460	0.00613	0.00736	0.00767	0.00429	0.00491	0.00736	0.01012	0.01350	0.02914	0.81076	0.03497	0.01656	0.00675	0.00215	0.00307	0.01503	0.00491	0.00429
46	0.01978	0.01153	0.01358	0.05783	0.01562	0.01203	0.00893	0.39080	0.01931	0.29242	0.01577	0.01529	0.01073	0.00633	0.00515	0.00158	0.00511	0.00497	0.08482	0.00842
47	0.01173	0.13154	0.54942	0.01493	0.02170	0.04608	0.10210	0.01707	0.02829	0.01615	0.00955	0.01128	0.00707	0.00496	0.00494	0.00160	0.00764	0.00405	0.00238	0.00754
48	0.01224	0.01160	0.01968	0.17919	0.59632	0.01205	0.01551	0.01542	0.01176	0.01647	0.01081	0.01579	0.00931	0.00536	0.00536	0.00165	0.00635	0.04473	0.00269	0.00770
49	0.67893	0.17661	0.01188	0.00738	0.01091	0.01373	0.00641	0.01560	0.00936	0.02139	0.00736	0.00857	0.00594	0.00483	0.00330	0.00153	0.00441	0.00286	0.00306	0.00594
50	0.01165	0.00637	0.00792	0.00697	0.00909	0.00562	0.00536	0.01351	0.01366	0.23121	0.30042	0.03659	0.25579	0.06316	0.00734	0.00192	0.00328	0.00873	0.00558	0.00583
51	0.00665	0.00474	0.00627	0.00734	0.00773	0.00445	0.00498	0.00769	0.01041	0.01394	0.07772	0.69324	0.03502	0.05348	0.00768	0.00227	0.00320	0.04398	0.00489	0.00431
52	0.00729	0.00540	0.00679	0.00644	0.00778	0.00490	0.00483	0.00959	0.01450	0.02010	0.66273	0.04131	0.16629	0.01122	0.00624	0.00168	0.00252	0.00982	0.00567	0.00490
53	0.00642	0.00536	0.00559	0.00553	0.00724	0.00453	0.00415	0.00791	0.01245	0.01523	0.15281	0.04932	0.67924	0.01304	0.00625	0.00177	0.00265	0.01094	0.00503	0.00453
54	0.02372	0.00900	0.01227	0.00941	0.01350	0.00777	0.00777	0.02576	0.01513	0.78489	0.02086	0.01799	0.01309	0.00654	0.00532	0.00164	0.00450	0.00532	0.00654	0.00900
55	0.01315	0.01136	0.01195	0.01076	0.01375	0.01315	0.00837	0.02809	0.77168	0.02211	0.02152	0.01972	0.01614	0.00717	0.00538	0.00179	0.00418	0.00598	0.00538	0.00837
56	0.01096	0.00940	0.01096	0.00783	0.01253	0.00705	0.00626	0.01331	0.01096	0.01723	0.00940	0.01096	0.00783	0.00392	0.00392	0.00078	0.00392	0.00313	0.00313	0.84653
57	0.00757	0.00559	0.00810	0.00810	0.00891	0.00640	0.00612	0.00919	0.00838	0.01198	0.01452	0.02275	0.01408	0.15093	0.68316	0.00801	0.01286	0.00595	0.00289	0.00450
58	0.02305	0.00918	0.01231	0.00941	0.01353	0.00798	0.00777	0.04582	0.01522	0.72991	0.02012	0.01753	0.01274	0.00642	0.00525	0.00160	0.00451	0.00520	0.00636	0.04608
59	0.02010	0.01481	0.01587	0.01216	0.01639	0.01639	0.01005	0.76360	0.02486	0.03332	0.01269	0.01269	0.00899	0.00635	0.00529	0.00159	0.00582	0.00476	0.00529	0.00899
60	0.80764	0.01018	0.00819	0.04841	0.01159	0.01185	0.00619	0.01543	0.00908	0.02319	0.00747	0.00888	0.00579	0.00493	0.00338	0.00164	0.00424	0.00296	0.00322	0.00573
61	0.00769	0.00513	0.00577	0.00577	0.00577	0.00513	0.00320	0.00769	0.00769	0.01025	0.01666	0.03460	0.01922	0.81421	0.02691	0.00513	0.00513	0.00769	0.00320	0.00320
62	0.01413	0.81739	0.02770	0.00905	0.01357	0.02092	0.00905	0.01583	0.01074	0.01244	0.00735	0.00848	0.00678	0.00452	0.00339	0.00113	0.00565	0.00283	0.00226	0.00678
63	0.01121	0.01104	0.01551	0.01340	0.01348	0.01534	0.01112	0.01243	0.00813	0.01268	0.00758	0.01239	0.00750	0.01196	0.08646	0.00286	0.73414	0.00472	0.00236	0.00569
64	0.00796	0.00537	0.00608	0.00606	0.00620	0.00540	0.00351	0.02950	0.00834	0.01113	0.01736	0.08495	0.01996	0.73848	0.02496	0.00483	0.00501	0.00809	0.00338	0.00344
65	0.00989	0.00761	0.00899	0.09831	0.01194	0.04578	0.00648	0.08352	0.01088	0.03443	0.01747	0.19326	0.01861	0.30307	0.12279	0.00395	0.00642	0.00808	0.00369	0.00481
66	0.00625	0.00536	0.00536	0.00536	0.00714	0.00446	0.00402	0.00759	0.01205	0.01428	0.05355	0.05088	0.77909	0.01339	0.00625	0.00179	0.00268	0.01116	0.00491	0.00446
67	0.02372	0.00900	0.01227	0.00941	0.01350	0.00777	0.00777	0.02576	0.01513	0.78489	0.02086	0.01799	0.01309	0.00654	0.00532	0.00164	0.00450	0.00532	0.00654	0.00900
68	0.01413	0.81739	0.02770	0.00905	0.01357	0.02092	0.00905	0.01583	0.01074	0.01244	0.00735	0.00848	0.00678	0.00452	0.00339	0.00113	0.00565	0.00283	0.00226	0.00678
69	0.01078	0.04727	0.73426	0.01523	0.02285	0.01255	0.05156	0.01673	0.01121	0.01664	0.00948	0.01123	0.00676	0.00499	0.00503	0.00166	0.00780	0.00398	0.00225	0.00776
70	0.00933	0.00581	0.00766	0.00696	0.00854	0.00531	0.00531	0.01178	0.01498	0.10826	0.69208	0.03704	0.04569	0.01032	0.00613	0.00166	0.00272	0.00908	0.00590	0.00545
71	0.01248	0.01426	0.03119	0.02228	0.02763	0.01337	0.76203	0.01693	0.01248	0.01693	0.01070	0.01426	0.00802	0.00446	0.00624	0.00178	0.00891	0.00624	0.00267	0.00713
72	0.00786	0.00530	0.00601	0.00603	0.00614	0.00531	0.00348	0.02409	0.00825	0.01100	0.01753	0.09397	0.02021	0.73514	0.02488	0.00482	0.00498	0.00819	0.00338	0.00341
73	0.01285	0.01222	0.02078	0.03126	0.74104	0.01222	0.01582	0.01595	0.01204	0.01720	0.01089	0.01551	0.00952	0.00523	0.00534	0.00162	0.00621	0.04337	0.00273	0.00819
74	0.00808	0.00526	0.00612	0.00605	0.00621	0.00529	0.00355	0.00826	0.00793	0.02971	0.01659	0.03322	0.01865	0.74010	0.07976	0.00527	0.00574	0.00749	0.00326	0.00345
75	0.01404	0.79684	0.04745	0.00920	0.01381	0.02069	0.00932	0.01585	0.01075	0.01255	0.00741	0.00855	0.00678	0.00454	0.00343	0.00114	0.00571	0.00285	0.00226	0.00681
76	0.00998	0.00940	0.01586	0.80150	0.03641	0.01175	0.01468	0.01351	0.01057	0.01351	0.00940	0.01409	0.00705	0.00529	0.00529	0.00176	0.00705	0.00470	0.00235	0.00587
77	0.01039	0.00544	0.00550	0.00530	0.00669	0.00553	0.00403	0.05152	0.01180	0.02042	0.01701	0.01934	0.01331	0.00617	0.00378	0.00125	0.00264	0.00492	0.79982	0.00514
78	0.00734	0.00526	0.00695	0.00759	0.00821	0.00537	0.00549	0.00871	0.01034	0.01441	0.06495	0.47129	0.05873	0.03163	0.10251	0.00287	0.04207	0.05990	0.08185	0.00454
79	0.00998	0.00940	0.01586	0.80150	0.03641	0.01175	0.01468	0.01351	0.01057	0.01351	0.00940	0.01409	0.00705	0.00529	0.00529	0.00176	0.00705	0.00470	0.00235	0.00587
80	0.01416	0.01038	0.01035	0.02563	0.01137	0.10801	0.00667	0.16121	0.02919	0.12794	0.03653	0.02315	0.01488	0.32648	0.05156	0.00329	0.00606	0.00603	0.02125	0.00587
81	0.00658	0.00468	0.00621	0.00738	0.00770	0.00440	0.00496	0.00751	0.01008	0.01343	0.02850	0.74572	0.03405	0.05418	0.00772	0.00230	0.00323	0.04227	0.00483	0.00426
82	0.01184	0.05574	0.02405	0.04078	0.05313	0.02565	0.45270	0.01605	0.05191	0.01686	0.06842	0.03863	0.01351	0.00620	0.00626	0.00176	0.02832	0.05479	0.00321	0.03021
83	0.03340	0.24673	0.55539	0.01318	0.01996	0.01467	0.01626	0.01646	0.01099	0.01573	0.00884	0.01035	0.00670	0.00488	0.00452	0.00152	0.00712	0.00358	0.00227	0.00747

[dist]
# distance from previous block
# <min> <max>
0	7

[block]
# block no. 4 follows, 46 sequences, length 76
# corresponding to MSA columns:
# 236-311
name=unknown_E
#
# <colnr> <probs for GDERKNQSTAVLIFYWHMCP>
#	G	D	E	R	K	N	Q	S	T	A	V	L	I	F	Y	W	H	M	C	P
0	0.04189	0.00625	0.03017	0.00673	0.00833	0.00541	0.00532	0.01007	0.01420	0.02019	0.62156	0.03899	0.14977	0.01076	0.00608	0.00168	0.00274	0.00934	0.00548	0.00503
1	0.01405	0.05412	0.14584	0.07079	0.06094	0.19938	0.28126	0.03938	0.02767	0.01598	0.00977	0.01228	0.00757	0.00512	0.00577	0.00164	0.03402	0.00476	0.00269	0.00700
2	0.06048	0.62698	0.07259	0.01070	0.04829	0.07893	0.00992	0.01629	0.01106	0.01358	0.00766	0.00894	0.00679	0.00465	0.00367	0.00123	0.00603	0.00302	0.00237	0.00681
3	0.00643	0.00463	0.00610	0.00728	0.00765	0.00430	0.00487	0.00737	0.01020	0.01353	0.03009	0.78107	0.06404	0.01644	0.00673	0.00213	0.00305	0.01488	0.00491	0.00430
4	0.01096	0.00940	0.01096	0.00783	0.01253	0.00705	0.00626	0.01331	0.01096	0.01723	0.00940	0.01096	0.00783	0.00392	0.00392	0.00078	0.00392	0.00313	0.00313	0.84653
5	0.01159	0.00962	0.01022	0.00913	0.01178	0.01049	0.00711	0.10158	0.42205	0.02125	0.10228	0.02885	0.21386	0.00903	0.00567	0.00176	0.00381	0.00752	0.00529	0.00711
6	0.00768	0.00517	0.00598	0.00598	0.00605	0.00524	0.00347	0.00782	0.00775	0.01041	0.01646	0.03353	0.01876	0.75459	0.08589	0.00538	0.00582	0.00753	0.00317	0.00332
7	0.85155	0.01022	0.00777	0.00695	0.01022	0.01186	0.00573	0.01554	0.00900	0.02372	0.00736	0.00859	0.00573	0.00491	0.00327	0.00164	0.00409	0.00286	0.00327	0.00573
8	0.00671	0.00535	0.00600	0.00588	0.00743	0.00465	0.00440	0.00846	0.01307	0.01680	0.31942	0.06585	0.49226	0.01252	0.00626	0.00175	0.00262	0.01067	0.00524	0.00465
9	0.85155	0.01022	0.00777	0.00695	0.01022	0.01186	0.00573	0.01554	0.00900	0.02372	0.00736	0.00859	0.00573	0.00491	0.00327	0.00164	0.00409	0.00286	0.00327	0.00573
10	0.01157	0.01157	0.01619	0.01388	0.01388	0.01619	0.01157	0.01272	0.00810	0.01272	0.00694	0.01157	0.00694	0.00925	0.01735	0.00231	0.80453	0.00463	0.00231	0.00578
11	0.02010	0.01481	0.01587	0.01216	0.01639	0.01639	0.01005	0.76360	0.02486	0.03332	0.01269	0.01269	0.00899	0.00635	0.00529	0.00159	0.00582	0.00476	0.00529	0.00899
12	0.00644	0.00460	0.00613	0.00736	0.00767	0.00429	0.00491	0.00736	0.01012	0.01350	0.02914	0.81076	0.03497	0.01656	0.00675	0.00215	0.00307	0.01503	0.00491	0.00429
13	0.85155	0.01022	0.00777	0.00695	0.01022	0.01186	0.00573	0.01554	0.00900	0.02372	0.00736	0.00859	0.00573	0.00491	0.00327	0.00164	0.00409	0.00286	0.00327	0.00573
14	0.02038	0.01436	0.01559	0.01195	0.01617	0.01573	0.00987	0.70682	0.02411	0.09116	0.01332	0.01310	0.00931	0.00636	0.00529	0.00159	0.00572	0.00480	0.00539	0.00899
15	0.00730	0.00527	0.00691	0.00677	0.00786	0.00487	0.00497	0.00953	0.01413	0.01987	0.64922	0.17250	0.04731	0.01180	0.00632	0.00175	0.00259	0.01050	0.00566	0.00487
16	0.00699	0.00583	0.00616	0.00600	0.00778	0.00522	0.00452	0.00958	0.07102	0.01608	0.17640	0.04651	0.59431	0.01246	0.00618	0.00176	0.00276	0.01048	0.00510	0.00485
17	0.01157	0.01157	0.01619	0.01388	0.01388	0.01619	0.01157	0.01272	0.00810	0.01272	0.00694	0.01157	0.00694	0.00925	0.01735	0.00231	0.80453	0.00463	0.00231	0.00578
18	0.00656	0.00469	0.00627	0.00750	0.00785	0.00440	0.00511	0.00757	0.01024	0.01363	0.02907	0.76803	0.03471	0.01645	0.00678	0.00216	0.00317	0.05659	0.00491	0.00433
19	0.00644	0.00460	0.00613	0.00736	0.00767	0.00429	0.00491	0.00736	0.01012	0.01350	0.02914	0.81076	0.03497	0.01656	0.00675	0.00215	0.00307	0.01503	0.00491	0.00429
20	0.00625	0.00536	0.00536	0.00536	0.00714	0.00446	0.00402	0.00759	0.01205	0.01428	0.05355	0.05088	0.77909	0.01339	0.00625	0.00179	0.00268	0.01116	0.00491	0.00446
21	0.85155	0.01022	0.00777	0.00695	0.01022	0.01186	0.00573	0.01554	0.00900	0.02372	0.00736	0.00859	0.00573	0.00491	0.00327	0.00164	0.00409	0.00286	0.00327	0.00573
22	0.02052	0.01413	0.01544	0.01184	0.01605	0.01538	0.00978	0.67701	0.02371	0.12152	0.01365	0.01331	0.00947	0.00637	0.00529	0.00159	0.00566	0.00482	0.00544	0.00899
23	0.00998	0.00940	0.01586	0.80150	0.03641	0.01175	0.01468	0.01351	0.01057	0.01351	0.00940	0.01409	0.00705	0.00529	0.00529	0.00176	0.00705	0.00470	0.00235	0.00587
24	0.00755	0.00566	0.00850	0.00850	0.00944	0.00661	0.00661	0.00944	0.00850	0.01227	0.01416	0.02077	0.01322	0.03965	0.79326	0.00850	0.01416	0.00566	0.00283	0.00472
25	0.02372	0.00900	0.01227	0.00941	0.01350	0.00777	0.00777	0.02576	0.01513	0.78489	0.02086	0.01799	0.01309	0.00654	0.00532	0.00164	0.00450	0.00532	0.00654	0.00900
26	0.00728	0.00540	0.00679	0.00644	0.00778	0.00490	0.00483	0.00959	0.01449	0.02008	0.66121	0.04133	0.16781	0.01123	0.00624	0.00168	0.00252	0.00982	0.00567	0.00490
27	0.01257	0.01448	0.05461	0.02217	0.11682	0.03141	0.58320	0.01672	0.01235	0.01689	0.01042	0.01370	0.00798	0.00450	0.00590	0.00168	0.00827	0.00572	0.00268	0.05792
28	0.01017	0.00959	0.01620	0.75446	0.08197	0.01180	0.01478	0.01367	0.01066	0.01374	0.00943	0.01403	0.00713	0.00525	0.00528	0.00175	0.00700	0.00470	0.00237	0.00603
29	0.03417	0.01782	0.01490	0.01365	0.07433	0.31945	0.01001	0.32232	0.04643	0.02257	0.01125	0.01215	0.00860	0.00586	0.00494	0.00148	0.00699	0.00425	0.06139	0.00746
30	0.85155	0.01022	0.00777	0.00695	0.01022	0.01186	0.00573	0.01554	0.00900	0.02372	0.00736	0.00859	0.00573	0.00491	0.00327	0.00164	0.00409	0.00286	0.00327	0.00573
31	0.01975	0.02520	0.01498	0.01362	0.01634	0.79299	0.01021	0.02111	0.01498	0.01294	0.00817	0.00953	0.00681	0.00545	0.00477	0.00136	0.00953	0.00340	0.00272	0.00613
32	0.00780	0.00554	0.00688	0.00653	0.00801	0.00499	0.00496	0.00999	0.01419	0.04659	0.55512	0.04206	0.22291	0.01139	0.00624	0.00171	0.00268	0.03181	0.00560	0.00500
33	0.00659	0.00474	0.00610	0.00707	0.00747	0.00446	0.00470	0.00747	0.00997	0.01318	0.02929	0.64848	0.08998	0.10197	0.02981	0.00261	0.00355	0.01370	0.00467	0.00420
34	0.00834	0.00603	0.00828	0.00940	0.01066	0.00596	0.00817	0.01069	0.01216	0.01570	0.02996	0.05896	0.08805	0.01451	0.00722	0.00238	0.00470	0.68912	0.00487	0.00484
35	0.02287	0.01036	0.01311	0.01005	0.01418	0.00979	0.00830	0.19889	0.01741	0.60854	0.01894	0.01675	0.01213	0.00650	0.00531	0.00162	0.00481	0.00519	0.00625	0.00900
36	0.00769	0.00513	0.00577	0.00577	0.00577	0.00513	0.00320	0.00769	0.00769	0.01025	0.01666	0.03460	0.01922	0.81421	0.02691	0.00513	0.00513	0.00769	0.00320	0.00320
37	0.01975	0.02520	0.01498	0.01362	0.01634	0.79299	0.01021	0.02111	0.01498	0.01294	0.00817	0.00953	0.00681	0.00545	0.00477	0.00136	0.00953	0.00340	0.00272	0.00613
38	0.01975	0.02520	0.01498	0.01362	0.01634	0.79299	0.01021	0.02111	0.01498	0.01294	0.00817	0.00953	0.00681	0.00545	0.00477	0.00136	0.00953	0.00340	0.00272	0.00613
39	0.01268	0.01225	0.02117	0.12559	0.65983	0.01249	0.04651	0.01592	0.01188	0.01680	0.00991	0.01326	0.00820	0.00477	0.00528	0.00160	0.00648	0.00477	0.00259	0.00802
40	0.01208	0.17700	0.55944	0.01421	0.04328	0.01425	0.01670	0.07404	0.01216	0.01721	0.00934	0.01082	0.00694	0.00502	0.00474	0.00156	0.00720	0.00379	0.00248	0.00772
41	0.02315	0.00901	0.01221	0.00934	0.01345	0.00774	0.00770	0.02521	0.01495	0.75078	0.02035	0.01768	0.01285	0.00643	0.00525	0.00160	0.00447	0.00522	0.00639	0.04621
42	0.02010	0.01481	0.01587	0.01216	0.01639	0.01639	0.01005	0.76360	0.02486	0.03332	0.01269	0.01269	0.00899	0.00635	0.00529	0.00159	0.00582	0.00476	0.00529	0.00899
43	0.01077	0.07026	0.01179	0.00959	0.01156	0.00912	0.05188	0.18455	0.01415	0.01888	0.07802	0.40233	0.02550	0.01260	0.02594	0.00205	0.00458	0.04592	0.00467	0.00584
44	0.02372	0.00900	0.01227	0.00941	0.01350	0.00777	0.00777	0.02576	0.01513	0.78489	0.02086	0.01799	0.01309	0.00654	0.00532	0.00164	0.00450	0.00532	0.00654	0.00900
45	0.00667	0.00534	0.00596	0.00587	0.00742	0.00463	0.00438	0.00838	0.01295	0.01658	0.29682	0.07809	0.50296	0.01265	0.00626	0.00176	0.00263	0.01078	0.00522	0.00463
46	0.01134	0.00962	0.01116	0.00801	0.01269	0.00743	0.00642	0.04397	0.01153	0.01788	0.00953	0.01103	0.00788	0.00401	0.00397	0.00082	0.00399	0.00320	0.00322	0.81230
47	0.00670	0.00468	0.00619	0.00728	0.00757	0.00441	0.00485	0.00745	0.00985	0.01312	0.02733	0.70067	0.03259	0.07798	0.00888	0.03687	0.00333	0.03143	0.00467	0.00414
48	0.00751	0.00505	0.00582	0.00600	0.00604	0.00501	0.00345	0.00764	0.00804	0.01072	0.01846	0.14673	0.02149	0.69898	0.02400	0.00469	0.00483	0.00875	0.00345	0.00336
49	0.02010	0.01481	0.01587	0.01216	0.01639	0.01639	0.01005	0.76360	0.02486	0.03332	0.01269	0.01269	0.00899	0.00635	0.00529	0.00159	0.00582	0.00476	0.00529	0.00899
50	0.01206	0.01005	0.01155	0.00835	0.01299	0.00817	0.00672	0.10345	0.01263	0.01916	0.00979	0.01117	0.00797	0.00421	0.00408	0.00088	0.00414	0.00333	0.00339	0.74591
51	0.00751	0.00545	0.00710	0.00683	0.00810	0.00505	0.00522	0.00995	0.01462	0.02048	0.68847	0.04155	0.08079	0.01121	0.00632	0.00173	0.00268	0.06629	0.00571	0.00496
52	0.00657	0.00496	0.00597	0.00654	0.00740	0.00448	0.00452	0.00774	0.01111	0.01439	0.11857	0.43514	0.27172	0.06590	0.00782	0.00217	0.00301	0.01273	0.00490	0.00435
53	0.00993	0.00591	0.00778	0.00711	0.00874	0.00536	0.00540	0.01221	0.01458	0.14018	0.59117	0.09118	0.05844	0.01060	0.00613	0.00170	0.00285	0.00932	0.00585	0.00556
54	0.01096	0.00940	0.01096	0.00783	0.01253	0.00705	0.00626	0.01331	0.01096	0.01723	0.00940	0.01096	0.00783	0.00392	0.00392	0.00078	0.00392	0.00313	0.00313	0.84653
55	0.00842	0.00602	0.00838	0.00944	0.01066	0.00598	0.00819	0.01086	0.01243	0.01633	0.09878	0.05773	0.03226	0.01425	0.00720	0.00236	0.00464	0.67622	0.00496	0.00488
56	0.01969	0.00886	0.01143	0.00931	0.01284	0.00820	0.00760	0.02368	0.12924	0.55479	0.04537	0.02336	0.06139	0.00766	0.00553	0.00172	0.00431	0.05063	0.00615	0.00826
57	0.01248	0.01426	0.03119	0.02228	0.02763	0.01337	0.76203	0.01693	0.01248	0.01693	0.01070	0.01426	0.00802	0.00446	0.00624	0.00178	0.00891	0.00624	0.00267	0.00713
58	0.03418	0.01693	0.01535	0.04631	0.01703	0.20856	0.01015	0.50507	0.05074	0.02680	0.01168	0.01217	0.00859	0.00608	0.00513	0.00155	0.00670	0.00443	0.00449	0.00806
59	0.00703	0.00512	0.00591	0.00627	0.00693	0.00480	0.00417	0.00778	0.00980	0.01253	0.03093	0.22654	0.24168	0.34439	0.01495	0.00329	0.00391	0.05584	0.00420	0.00393
60	0.85155	0.01022	0.00777	0.00695	0.01022	0.01186	0.00573	0.01554	0.00900	0.02372	0.00736	0.00859	0.00573	0.00491	0.00327	0.00164	0.00409	0.00286	0.00327	0.00573
61	0.01096	0.00940	0.01096	0.00783	0.01253	0.00705	0.00626	0.01331	0.01096	0.01723	0.00940	0.01096	0.00783	0.00392	0.00392	0.00078	0.00392	0.00313	0.00313	0.84653
62	0.00675	0.00498	0.00611	0.00662	0.00738	0.00456	0.00454	0.00796	0.01120	0.01481	0.18120	0.40988	0.19095	0.10722	0.00888	0.00232	0.00311	0.01229	0.00489	0.00434
63	0.00648	0.00465	0.00609	0.00723	0.00758	0.00433	0.00482	0.00738	0.01010	0.01341	0.02957	0.75644	0.06092	0.04445	0.00744	0.00224	0.00313	0.01463	0.00485	0.00426
64	0.01980	0.01399	0.01526	0.01180	0.01589	0.01535	0.00972	0.66289	0.04597	0.09022	0.01363	0.01355	0.00964	0.00735	0.02821	0.00180	0.00591	0.00487	0.00532	0.00885
65	0.01254	0.09592	0.07416	0.02053	0.02594	0.01407	0.64361	0.01681	0.01223	0.01647	0.01029	0.01350	0.00782	0.00450	0.00588	0.00171	0.00852	0.00576	0.00261	0.00713
66	0.00647	0.00510	0.00583	0.00631	0.00747	0.00449	0.00453	0.00771	0.01134	0.01420	0.06763	0.33368	0.43372	0.03143	0.00691	0.00201	0.00295	0.03893	0.00490	0.00441
67	0.01816	0.00953	0.01152	0.00956	0.01290	0.00952	0.00759	0.02492	0.29987	0.42376	0.02202	0.02080	0.04189	0.05503	0.00666	0.00191	0.00435	0.00591	0.00585	0.00825
68	0.01968	0.01426	0.01538	0.01192	0.01604	0.01574	0.00981	0.66958	0.08626	0.06612	0.01379	0.01351	0.00977	0.00642	0.00530	0.00161	0.00562	0.00489	0.00535	0.00894
69	0.01910	0.01371	0.01503	0.01170	0.01563	0.01511	0.00963	0.66145	0.02292	0.06478	0.01319	0.01367	0.00956	0.00942	0.07777	0.00222	0.00653	0.00487	0.00512	0.00860
70	0.01115	0.01031	0.04554	0.00825	0.01307	0.00748	0.00694	0.02981	0.01127	0.01756	0.00947	0.01101	0.00781	0.00402	0.00399	0.00084	0.00413	0.00320	0.00314	0.79101
71	0.01444	0.01141	0.01224	0.01075	0.01391	0.01296	0.00844	0.07800	0.66260	0.08159	0.02087	0.01911	0.01542	0.00707	0.00537	0.00177	0.00432	0.00584	0.00546	0.00846
72	0.00681	0.00528	0.00605	0.00602	0.00734	0.00468	0.00437	0.00839	0.01250	0.01624	0.29628	0.11797	0.39509	0.07976	0.00802	0.00206	0.00286	0.01069	0.00508	0.00452
73	0.01007	0.00957	0.01640	0.77374	0.03610	0.01180	0.04131	0.01363	0.01064	0.01363	0.00944	0.01410	0.00708	0.00526	0.00532	0.00176	0.00711	0.00475	0.00236	0.00592
74	0.00757	0.00537	0.00727	0.07373	0.01011	0.00538	0.00576	0.00874	0.01008	0.02895	0.05367	0.46444	0.02872	0.17706	0.02942	0.00286	0.00423	0.06791	0.00436	0.00438
75	0.82748	0.01019	0.00790	0.00702	0.01032	0.01174	0.00578	0.01584	0.00918	0.04585	0.00775	0.00886	0.00594	0.00495	0.00333	0.00164	0.00410	0.00293	0.00337	0.00582

[dist]
# distance from previous block
# <min> <max>
3	7

[block]
# block no. 5 follows, 46 sequences, length 8
# corresponding to MSA columns:
# 320-327
name=unknown_F
#
# <colnr> <probs for GDERKNQSTAVLIFYWHMCP>
#	G	D	E	R	K	N	Q	S	T	A	V	L	I	F	Y	W	H	M	C	P
0	0.00785	0.00623	0.00885	0.14978	0.04085	0.00642	0.00770	0.00969	0.01092	0.01414	0.02760	0.30633	0.13668	0.05509	0.00755	0.00223	0.00438	0.18860	0.00427	0.00483
1	0.01266	0.01213	0.02069	0.13772	0.67928	0.01245	0.01601	0.01585	0.01184	0.01676	0.00987	0.01322	0.00819	0.00479	0.00524	0.00160	0.00639	0.00471	0.00258	0.00803
2	0.01303	0.01626	0.08497	0.02093	0.02621	0.08733	0.63627	0.01732	0.01262	0.01654	0.01037	0.01358	0.00781	0.00459	0.00601	0.00173	0.00889	0.00580	0.00265	0.00708
3	0.00666	0.00488	0.00588	0.00658	0.00715	0.00450	0.00435	0.00748	0.01004	0.01299	0.03196	0.48006	0.19711	0.18211	0.01084	0.00269	0.00341	0.01264	0.00455	0.00410
4	0.13256	0.02343	0.59124	0.01468	0.02157	0.01234	0.09889	0.01659	0.01099	0.01777	0.00931	0.01113	0.00670	0.00494	0.00490	0.00168	0.00739	0.00401	0.00243	0.00744
5	0.01918	0.02324	0.01477	0.01326	0.01611	0.66976	0.01004	0.07289	0.08332	0.01516	0.00968	0.01066	0.00779	0.00566	0.00486	0.00142	0.00880	0.00373	0.00314	0.00653
6	0.00664	0.00479	0.00619	0.00704	0.00756	0.00445	0.00477	0.00776	0.01081	0.01446	0.13512	0.60884	0.08902	0.05670	0.00768	0.00221	0.00307	0.01361	0.00495	0.00435
7	0.07162	0.01430	0.01510	0.01175	0.01584	0.01590	0.00967	0.66866	0.07278	0.03198	0.01294	0.01290	0.00925	0.00631	0.00517	0.00160	0.00560	0.00472	0.00517	0.00875

[dist]
# distance from previous block
# <min> <max>
0	1

[block]
# block no. 6 follows, 46 sequences, length 70
# corresponding to MSA columns:
# 329-398
name=unknown_G
#
# <colnr> <probs for GDERKNQSTAVLIFYWHMCP>
#	G	D	E	R	K	N	Q	S	T	A	V	L	I	F	Y	W	H	M	C	P
0	0.01240	0.01009	0.01178	0.03428	0.01383	0.00842	0.00706	0.11037	0.01284	0.03680	0.01008	0.01145	0.00807	0.00433	0.00417	0.00094	0.00428	0.00344	0.00346	0.69191
1	0.00659	0.00537	0.00577	0.00571	0.00731	0.00462	0.00427	0.00813	0.01247	0.01553	0.19431	0.04823	0.59430	0.04128	0.00700	0.00189	0.00277	0.02490	0.00503	0.00453
2	0.00803	0.00575	0.00786	0.00852	0.00969	0.00559	0.00707	0.01039	0.01300	0.01753	0.28743	0.10061	0.03744	0.01342	0.00690	0.00215	0.00393	0.44462	0.00520	0.00487
3	0.01285	0.01233	0.02104	0.08937	0.72611	0.01250	0.01611	0.01602	0.01193	0.01699	0.00990	0.01316	0.00828	0.00475	0.00524	0.00158	0.00634	0.00471	0.00260	0.00819
4	0.01248	0.01426	0.03119	0.02228	0.02763	0.01337	0.76203	0.01693	0.01248	0.01693	0.01070	0.01426	0.00802	0.00446	0.00624	0.00178	0.00891	0.00624	0.00267	0.00713
5	0.00799	0.00547	0.00701	0.00673	0.00805	0.00498	0.00500	0.01014	0.01404	0.05586	0.56844	0.13768	0.12543	0.01162	0.00626	0.00174	0.00268	0.01023	0.00564	0.00503
6	0.00662	0.00474	0.00602	0.00697	0.00734	0.00443	0.00458	0.00743	0.00989	0.01306	0.02903	0.63718	0.08704	0.13756	0.00978	0.00257	0.00335	0.01363	0.00465	0.00414
7	0.01096	0.00940	0.01096	0.00783	0.01253	0.00705	0.00626	0.01331	0.01096	0.01723	0.00940	0.01096	0.00783	0.00392	0.00392	0.00078	0.00392	0.00313	0.00313	0.84653
8	0.00653	0.00464	0.00611	0.00725	0.00754	0.00435	0.00479	0.00738	0.00995	0.01327	0.02827	0.75671	0.03387	0.07210	0.00815	0.00235	0.00321	0.01452	0.00479	0.00422
9	0.00726	0.00527	0.00673	0.00660	0.00769	0.00486	0.00480	0.00930	0.01367	0.01899	0.57680	0.14592	0.10240	0.05701	0.00747	0.00193	0.00273	0.01033	0.00548	0.00475
10	0.01084	0.02568	0.69083	0.01598	0.02348	0.01242	0.11386	0.01677	0.01133	0.01677	0.00964	0.01156	0.00687	0.00495	0.00518	0.00169	0.00795	0.00420	0.00229	0.00773
11	0.01248	0.01426	0.03119	0.02228	0.02763	0.01337	0.76203	0.01693	0.01248	0.01693	0.01070	0.01426	0.00802	0.00446	0.00624	0.00178	0.00891	0.00624	0.00267	0.00713
12	0.00644	0.00460	0.00613	0.00736	0.00767	0.00429	0.00491	0.00736	0.01012	0.01350	0.02914	0.81076	0.03497	0.01656	0.00675	0.00215	0.00307	0.01503	0.00491	0.00429
13	0.01095	0.00927	0.01078	0.00803	0.01233	0.00735	0.00635	0.03061	0.04580	0.01755	0.01140	0.06709	0.01012	0.00500	0.00421	0.00094	0.00391	0.00413	0.00341	0.73077
14	0.01149	0.00971	0.01125	0.00808	0.01275	0.00759	0.00648	0.05661	0.01176	0.01816	0.00959	0.01106	0.00790	0.00406	0.00399	0.00083	0.00402	0.00323	0.00326	0.79819
15	0.00644	0.00460	0.00613	0.00736	0.00767	0.00429	0.00491	0.00736	0.01012	0.01350	0.02914	0.81076	0.03497	0.01656	0.00675	0.00215	0.00307	0.01503	0.00491	0.00429
16	0.00755	0.00566	0.00850	0.00850	0.00944	0.00661	0.00661	0.00944	0.00850	0.01227	0.01416	0.02077	0.01322	0.03965	0.79326	0.00850	0.01416	0.00566	0.00283	0.00472
17	0.00873	0.00769	0.06271	0.01001	0.01171	0.00670	0.00908	0.01183	0.04214	0.01600	0.02651	0.09724	0.02846	0.01375	0.00704	0.00234	0.00494	0.62323	0.00471	0.00518
18	0.01385	0.75364	0.08896	0.00953	0.01432	0.02022	0.00989	0.01590	0.01078	0.01279	0.00752	0.00870	0.00678	0.00456	0.00352	0.00117	0.00583	0.00291	0.00226	0.00687
19	0.00653	0.00464	0.00611	0.00725	0.00754	0.00435	0.00479	0.00738	0.00995	0.01327	0.02827	0.75671	0.03387	0.07210	0.00815	0.00235	0.00321	0.01452	0.00479	0.00422
20	0.01148	0.00632	0.00818	0.00719	0.00924	0.00563	0.00558	0.01372	0.01464	0.21595	0.49202	0.03543	0.13336	0.01004	0.00600	0.00167	0.00303	0.00868	0.00589	0.00595
21	0.01484	0.03940	0.01949	0.06871	0.49992	0.23520	0.01422	0.01746	0.01276	0.01569	0.00933	0.01199	0.00781	0.00495	0.00505	0.00151	0.00723	0.00428	0.00262	0.00755
22	0.85155	0.01022	0.00777	0.00695	0.01022	0.01186	0.00573	0.01554	0.00900	0.02372	0.00736	0.00859	0.00573	0.00491	0.00327	0.00164	0.00409	0.00286	0.00327	0.00573
23	0.01060	0.01003	0.01697	0.64859	0.18451	0.01191	0.01499	0.01405	0.01086	0.01426	0.00951	0.01389	0.00731	0.00517	0.00528	0.00172	0.00689	0.00470	0.00240	0.00637
24	0.01121	0.14823	0.64590	0.01438	0.02160	0.01364	0.04186	0.01661	0.01114	0.01609	0.00920	0.01085	0.00675	0.00493	0.00481	0.00159	0.00752	0.00382	0.00225	0.00763
25	0.01467	0.46065	0.14823	0.01194	0.01666	0.18734	0.06343	0.01721	0.01186	0.01356	0.00811	0.00955	0.00686	0.00480	0.00415	0.00131	0.00708	0.00337	0.00239	0.00683
26	0.00769	0.00513	0.00577	0.00577	0.00577	0.00513	0.00320	0.00769	0.00769	0.01025	0.01666	0.03460	0.01922	0.81421	0.02691	0.00513	0.00513	0.00769	0.00320	0.00320
27	0.01296	0.01014	0.01083	0.00928	0.01218	0.01088	0.00734	0.22973	0.27095	0.03946	0.08352	0.02803	0.23442	0.00897	0.00566	0.00172	0.00410	0.00736	0.00528	0.00720
