[name]
unknown

[dist]
# distance from previous block
# <min> <max>
9	97

[block]
# block no. 0 follows, 43 sequences, length 38
# corresponding to MSA columns:
# 124,126-162
name=unknown_A
#
# <colnr> <probs for GDERKNQSTAVLIFYWHMCP>
#	G	D	E	R	K	N	Q	S	T	A	V	L	I	F	Y	W	H	M	C	P
0	0.06716	0.03509	0.04163	0.01001	0.01419	0.01080	0.00842	0.15566	0.06910	0.19294	0.01522	0.06523	0.01192	0.00655	0.00529	0.00148	0.02167	0.00518	0.00473	0.25772
1	0.54122	0.01027	0.03159	0.02857	0.01161	0.01094	0.00670	0.04297	0.02927	0.04245	0.12872	0.01721	0.03558	0.03654	0.00522	0.00187	0.00430	0.00482	0.00405	0.00609
2	0.07676	0.01830	0.32652	0.06110	0.19871	0.01189	0.06340	0.01622	0.01193	0.01817	0.03943	0.03334	0.01067	0.00588	0.00535	0.00171	0.00684	0.02645	0.00291	0.06443
3	0.02076	0.02424	0.01588	0.01397	0.01713	0.63134	0.01067	0.16682	0.01774	0.01779	0.00950	0.01064	0.00759	0.00589	0.00510	0.00147	0.00922	0.00385	0.00339	0.00701
4	0.02485	0.00943	0.01285	0.00985	0.01414	0.00814	0.00814	0.02699	0.01585	0.77465	0.02185	0.01885	0.01371	0.00685	0.00557	0.00171	0.00471	0.00557	0.00685	0.00943
5	0.00791	0.00593	0.00890	0.00890	0.00989	0.00692	0.00692	0.00989	0.00890	0.01286	0.01483	0.02176	0.01385	0.04154	0.78341	0.00890	0.01483	0.00593	0.00297	0.00494
6	0.01310	0.35156	0.35692	0.01332	0.01945	0.01678	0.06240	0.04448	0.01216	0.01635	0.02570	0.01145	0.00823	0.00527	0.00492	0.00153	0.02220	0.00396	0.00259	0.00763
7	0.00709	0.00540	0.00652	0.00672	0.00794	0.00483	0.00486	0.00882	0.01319	0.01745	0.31601	0.26188	0.29132	0.01396	0.00669	0.00193	0.00285	0.01222	0.00550	0.00483
8	0.00675	0.00482	0.00643	0.00771	0.00803	0.00450	0.00514	0.00771	0.01060	0.01414	0.03053	0.80175	0.03663	0.01735	0.00707	0.00225	0.00321	0.01574	0.00514	0.00450
9	0.72180	0.01266	0.04123	0.00832	0.01195	0.06087	0.00710	0.04903	0.01064	0.02428	0.00810	0.00936	0.00626	0.00525	0.00370	0.00170	0.00488	0.00317	0.00344	0.00627
10	0.00776	0.00566	0.00729	0.00688	0.00822	0.00519	0.00516	0.01029	0.01548	0.02175	0.72245	0.04213	0.09799	0.01149	0.00653	0.00175	0.00263	0.01012	0.00604	0.00519
11	0.12460	0.06582	0.01571	0.01138	0.01567	0.03819	0.00947	0.48207	0.02097	0.10648	0.01280	0.01285	0.00915	0.00621	0.00507	0.00160	0.00574	0.00454	0.00502	0.04666
12	0.03043	0.02699	0.70088	0.01561	0.02333	0.01286	0.04123	0.01733	0.01160	0.01763	0.00986	0.01173	0.00707	0.00532	0.00554	0.00175	0.02683	0.00414	0.00240	0.02749
13	0.01594	0.01435	0.01393	0.01264	0.04235	0.11321	0.00952	0.16782	0.47734	0.02373	0.01839	0.01798	0.01398	0.02614	0.00607	0.00185	0.00554	0.00566	0.00510	0.00846
14	0.01964	0.01415	0.01511	0.01174	0.01576	0.01559	0.00965	0.65483	0.02414	0.03302	0.01393	0.01427	0.01005	0.00662	0.00532	0.00161	0.00563	0.00501	0.11508	0.00886
15	0.02011	0.01504	0.01609	0.01255	0.01681	0.01673	0.01030	0.65821	0.12172	0.03338	0.01450	0.01426	0.01039	0.00676	0.00555	0.00169	0.00587	0.00515	0.00555	0.00933
16	0.01038	0.00757	0.00797	0.00746	0.00850	0.03663	0.00498	0.10609	0.01166	0.03507	0.02221	0.11590	0.09954	0.48041	0.01917	0.00393	0.00512	0.00863	0.00410	0.00469
17	0.02077	0.09065	0.04683	0.01008	0.01451	0.01040	0.00875	0.06853	0.05242	0.49254	0.03907	0.01724	0.01322	0.00646	0.00525	0.00159	0.00493	0.00516	0.00572	0.08588
18	0.01113	0.05130	0.73299	0.01535	0.02324	0.01292	0.01971	0.01731	0.01179	0.01753	0.03092	0.01243	0.00827	0.00541	0.00525	0.00174	0.00796	0.00422	0.00244	0.00807
19	0.00672	0.00564	0.00585	0.00587	0.00768	0.00477	0.00445	0.00824	0.01283	0.01549	0.10130	0.05287	0.69464	0.01390	0.00659	0.00189	0.00288	0.03847	0.00520	0.00473
20	0.01371	0.01316	0.02248	0.03399	0.77081	0.01316	0.01700	0.01700	0.01261	0.01809	0.01042	0.01371	0.00877	0.00493	0.00548	0.00164	0.00658	0.00493	0.00274	0.00877
21	0.02153	0.06227	0.01399	0.01016	0.01414	0.03596	0.00840	0.12962	0.03747	0.49915	0.05715	0.01921	0.03357	0.00781	0.02209	0.00183	0.00522	0.00565	0.00604	0.00873
22	0.02130	0.01512	0.01638	0.01256	0.01698	0.01659	0.01037	0.70528	0.02538	0.08291	0.01385	0.01366	0.00970	0.00666	0.00554	0.00167	0.00600	0.00502	0.00563	0.00942
23	0.00805	0.00537	0.00604	0.00604	0.00604	0.00537	0.00336	0.00805	0.00805	0.01074	0.01745	0.03624	0.02013	0.80536	0.02819	0.00537	0.00537	0.00805	0.00336	0.00336
24	0.01066	0.01008	0.01628	0.62647	0.03281	0.01286	0.01436	0.01378	0.01051	0.01388	0.00968	0.01510	0.00784	0.03606	0.00860	0.00208	0.14542	0.00503	0.00249	0.00603
25	0.01243	0.01186	0.02018	0.33096	0.48380	0.01282	0.01636	0.01588	0.01201	0.01655	0.01019	0.01412	0.00823	0.00517	0.00550	0.00172	0.00689	0.00493	0.00263	0.00775
26	0.00675	0.00482	0.00643	0.00771	0.00803	0.00450	0.00514	0.00771	0.01060	0.01414	0.03053	0.80175	0.03663	0.01735	0.00707	0.00225	0.00321	0.01574	0.00514	0.00450
27	0.02485	0.00943	0.01285	0.00985	0.01414	0.00814	0.00814	0.02699	0.01585	0.77465	0.02185	0.01885	0.01371	0.00685	0.00557	0.00171	0.00471	0.00557	0.00685	0.00943
28	0.01371	0.01316	0.02248	0.03399	0.77081	0.01316	0.01700	0.01700	0.01261	0.01809	0.01042	0.01371	0.00877	0.00493	0.00548	0.00164	0.00658	0.00493	0.00274	0.00877
29	0.01116	0.02680	0.69093	0.01621	0.02396	0.01273	0.08320	0.01728	0.01178	0.01746	0.01062	0.03391	0.00796	0.00555	0.00542	0.00178	0.00815	0.00463	0.00246	0.00802
30	0.01378	0.01190	0.01252	0.01127	0.01440	0.01378	0.00877	0.02943	0.76081	0.02317	0.02254	0.02066	0.01691	0.00751	0.00564	0.00188	0.00438	0.00626	0.00564	0.00877
31	0.01212	0.01212	0.01696	0.01454	0.01454	0.01696	0.01212	0.01333	0.00848	0.01333	0.00727	0.01212	0.00727	0.00969	0.01818	0.00242	0.79523	0.00485	0.00242	0.00606
32	0.01148	0.00984	0.01148	0.00820	0.01312	0.00738	0.00656	0.01395	0.01148	0.01805	0.00984	0.01148	0.00820	0.00410	0.00410	0.00082	0.00410	0.00328	0.00328	0.83922
33	0.01481	0.80869	0.02902	0.00948	0.01421	0.02191	0.00948	0.01658	0.01125	0.01303	0.00770	0.00888	0.00711	0.00474	0.00355	0.00118	0.00592	0.00296	0.00237	0.00711
34	0.00776	0.00526	0.00687	0.00749	0.00831	0.00483	0.00523	0.00919	0.01214	0.04836	0.20398	0.54241	0.08680	0.01528	0.00685	0.00208	0.00311	0.01371	0.00544	0.00489
35	0.01771	0.00846	0.01103	0.04207	0.01310	0.00783	0.00742	0.07291	0.01571	0.41376	0.17408	0.05946	0.08487	0.00872	0.00584	0.00174	0.00420	0.00733	0.03609	0.00768
36	0.09043	0.11763	0.13332	0.01161	0.01589	0.03299	0.03141	0.10650	0.04055	0.13495	0.01375	0.01454	0.04112	0.00648	0.00654	0.00166	0.10342	0.00465	0.00388	0.08868
37	0.02086	0.01448	0.01595	0.04546	0.01742	0.04413	0.01040	0.53646	0.02250	0.16012	0.01419	0.01414	0.00990	0.00673	0.00607	0.00170	0.04003	0.00503	0.00540	0.00902

[dist]
# distance from previous block
# <min> <max>
1	9

[block]
# block no. 1 follows, 43 sequences, length 48
# corresponding to MSA columns:
# 172-219
name=unknown_B
#
# <colnr> <probs for GDERKNQSTAVLIFYWHMCP>
#	G	D	E	R	K	N	Q	S	T	A	V	L	I	F	Y	W	H	M	C	P
0	0.11266	0.01213	0.01277	0.01049	0.01422	0.07373	0.00844	0.12386	0.16999	0.34246	0.04910	0.01758	0.01399	0.00686	0.00533	0.00172	0.00513	0.00537	0.00569	0.00849
1	0.02031	0.01497	0.01601	0.01240	0.01666	0.01658	0.01021	0.68971	0.06306	0.03381	0.01393	0.01393	0.00997	0.00669	0.00549	0.00166	0.00588	0.00506	0.03444	0.00924
2	0.01204	0.05281	0.03616	0.21479	0.16285	0.04356	0.14015	0.04090	0.01230	0.01622	0.01497	0.09588	0.05890	0.00732	0.00674	0.00184	0.06609	0.00655	0.00313	0.00682
3	0.01124	0.01052	0.01783	0.57079	0.11502	0.01242	0.06712	0.02767	0.01158	0.01551	0.01039	0.01484	0.00799	0.00563	0.00599	0.00182	0.03693	0.00505	0.04514	0.00654
4	0.00805	0.00537	0.00604	0.00604	0.00604	0.00537	0.00336	0.00805	0.00805	0.01074	0.01745	0.03624	0.02013	0.80536	0.02819	0.00537	0.00537	0.00805	0.00336	0.00336
5	0.00727	0.00542	0.00676	0.00689	0.00804	0.00491	0.00499	0.00917	0.01364	0.01846	0.41533	0.25443	0.19723	0.01356	0.00668	0.00191	0.00282	0.01195	0.00563	0.00491
6	0.01236	0.05353	0.07353	0.12960	0.02818	0.01362	0.53011	0.01667	0.01250	0.01681	0.01172	0.05341	0.00951	0.00546	0.00620	0.00184	0.00852	0.00644	0.00282	0.00716
7	0.00662	0.00561	0.00572	0.00569	0.00753	0.00471	0.00427	0.00810	0.01281	0.01540	0.09895	0.05258	0.72545	0.01386	0.00654	0.00186	0.00279	0.01159	0.00520	0.00471
8	0.00686	0.00490	0.00655	0.00784	0.00821	0.00459	0.00533	0.00790	0.01071	0.01426	0.03046	0.76400	0.03639	0.01725	0.00710	0.00226	0.00331	0.05240	0.00514	0.00453
9	0.02466	0.00973	0.01304	0.01000	0.01429	0.00859	0.00826	0.06294	0.01636	0.73799	0.02143	0.01858	0.01350	0.00684	0.00557	0.00171	0.00478	0.00554	0.00679	0.00942
10	0.02485	0.00943	0.01285	0.00985	0.01414	0.00814	0.00814	0.02699	0.01585	0.77465	0.02185	0.01885	0.01371	0.00685	0.00557	0.00171	0.00471	0.00557	0.00685	0.00943
11	0.00791	0.00593	0.00890	0.00890	0.00989	0.00692	0.00692	0.00989	0.00890	0.01286	0.01483	0.02176	0.01385	0.04154	0.78341	0.00890	0.01483	0.00593	0.00297	0.00494
12	0.01116	0.02827	0.75628	0.01599	0.02411	0.01289	0.04048	0.01754	0.01173	0.01754	0.00997	0.01178	0.00705	0.00525	0.00530	0.00176	0.00822	0.00416	0.00235	0.00817
13	0.00655	0.00561	0.00561	0.00561	0.00748	0.00468	0.00421	0.00795	0.01262	0.01496	0.05610	0.05330	0.76857	0.01403	0.00655	0.00187	0.00281	0.01169	0.00514	0.00468
14	0.00675	0.00482	0.00643	0.00771	0.00803	0.00450	0.00514	0.00771	0.01060	0.01414	0.03053	0.80175	0.03663	0.01735	0.00707	0.00225	0.00321	0.01574	0.00514	0.00450
15	0.02069	0.01524	0.01637	0.01262	0.01695	0.01686	0.01039	0.73369	0.02565	0.03438	0.01373	0.03306	0.01010	0.00692	0.00558	0.00168	0.00602	0.00526	0.00553	0.00930
16	0.01497	0.78644	0.02864	0.00961	0.01430	0.04357	0.00951	0.01674	0.01138	0.01305	0.00772	0.00892	0.00711	0.00477	0.00359	0.00119	0.00604	0.00298	0.00238	0.00709
17	0.01940	0.01411	0.01520	0.01186	0.01600	0.01541	0.00972	0.58746	0.09003	0.05792	0.01550	0.01533	0.02798	0.00681	0.00545	0.00164	0.00560	0.00522	0.04097	0.03841
18	0.05971	0.02086	0.38800	0.03341	0.08316	0.03005	0.18987	0.01823	0.05730	0.03203	0.02822	0.01383	0.00917	0.00541	0.00553	0.00177	0.00771	0.00497	0.00292	0.00785
19	0.01239	0.01178	0.01986	0.34123	0.45554	0.01283	0.01615	0.01613	0.02961	0.01661	0.01047	0.01430	0.00840	0.00524	0.00551	0.00173	0.00685	0.00496	0.00270	0.00771
20	0.01056	0.00994	0.01679	0.76958	0.05986	0.01233	0.01543	0.01423	0.01112	0.01427	0.00986	0.01473	0.00742	0.00552	0.00554	0.00184	0.00736	0.00492	0.00247	0.00623
21	0.03853	0.00977	0.01270	0.00993	0.01400	0.00894	0.00814	0.05986	0.07179	0.64095	0.05037	0.01942	0.01511	0.00704	0.00557	0.00172	0.00466	0.00572	0.00661	0.00915
22	0.01193	0.01177	0.01642	0.01415	0.01418	0.01637	0.01174	0.01317	0.00861	0.01352	0.00813	0.03308	0.00820	0.00982	0.01756	0.00239	0.75622	0.00514	0.02160	0.00600
23	0.00791	0.00593	0.00890	0.00890	0.00989	0.00692	0.00692	0.00989	0.00890	0.01286	0.01483	0.02176	0.01385	0.04154	0.78341	0.00890	0.01483	0.00593	0.00297	0.00494
24	0.01510	0.76993	0.02836	0.00971	0.01436	0.05964	0.00954	0.01686	0.01147	0.01306	0.00774	0.00894	0.00711	0.00479	0.00363	0.00120	0.00612	0.00299	0.00239	0.00707
25	0.01433	0.01346	0.04517	0.19899	0.06136	0.06280	0.07998	0.23583	0.01624	0.02115	0.01680	0.02017	0.09305	0.00740	0.00655	0.00182	0.05415	0.03962	0.00387	0.00727
26	0.00864	0.05249	0.01023	0.00896	0.01004	0.00823	0.00703	0.01042	0.00902	0.01294	0.01425	0.02151	0.01355	0.09467	0.61478	0.00760	0.06026	0.00584	0.02453	0.00502
27	0.00674	0.00487	0.00638	0.00759	0.00800	0.00451	0.00508	0.00773	0.01073	0.01419	0.03206	0.75670	0.08069	0.01715	0.00704	0.00223	0.00319	0.01550	0.00514	0.00451
28	0.00995	0.00762	0.01008	0.11484	0.01388	0.00803	0.02450	0.12824	0.01292	0.01713	0.02319	0.37890	0.05058	0.12767	0.02513	0.00267	0.00496	0.02978	0.00449	0.00545
29	0.02037	0.01412	0.01549	0.01204	0.01616	0.01540	0.00985	0.60401	0.04942	0.11068	0.01471	0.01521	0.01064	0.03742	0.02656	0.00200	0.00609	0.00523	0.00553	0.00905
30	0.01256	0.01386	0.02918	0.17993	0.04790	0.01364	0.58426	0.01699	0.01265	0.01702	0.01091	0.01488	0.00820	0.00485	0.00631	0.00186	0.00888	0.00617	0.00273	0.00723
31	0.01153	0.01093	0.01854	0.54266	0.27918	0.01259	0.01591	0.01509	0.01158	0.01545	0.01003	0.01442	0.00784	0.00534	0.00552	0.00178	0.00712	0.00493	0.00255	0.00701
32	0.01284	0.01105	0.03311	0.21898	0.23619	0.02792	0.01271	0.03674	0.06763	0.07947	0.01763	0.04819	0.05857	0.00760	0.00583	0.00183	0.00601	0.08736	0.00379	0.02654
33	0.00812	0.02598	0.04578	0.00767	0.00938	0.00626	0.00603	0.01067	0.05060	0.01699	0.22723	0.24158	0.17838	0.07784	0.00820	0.00217	0.00360	0.02742	0.00499	0.04109
34	0.00858	0.00628	0.00802	0.00824	0.00957	0.00603	0.00637	0.05448	0.01384	0.01872	0.26733	0.26192	0.08858	0.01373	0.00684	0.00206	0.00364	0.18502	0.00542	0.02534
35	0.01261	0.01453	0.07175	0.03770	0.06203	0.01392	0.45988	0.01756	0.07162	0.01730	0.01185	0.02962	0.00948	0.00674	0.02552	0.00209	0.11929	0.00617	0.00298	0.00734
36	0.01299	0.01237	0.02009	0.08986	0.59936	0.03245	0.01552	0.01617	0.01273	0.01775	0.04894	0.01869	0.01248	0.00609	0.00569	0.00173	0.00643	0.05954	0.00306	0.00806
37	0.01250	0.05057	0.02011	0.11180	0.05035	0.04596	0.16668	0.03385	0.01097	0.01522	0.00996	0.04076	0.00895	0.00898	0.04458	0.00232	0.33239	0.00547	0.00275	0.02582
38	0.01728	0.01291	0.01437	0.01120	0.01493	0.01386	0.00914	0.47106	0.02007	0.02791	0.01240	0.01362	0.00941	0.00704	0.00691	0.04429	0.06357	0.00467	0.06761	0.15773
39	0.22366	0.01273	0.10591	0.40624	0.04187	0.01269	0.01304	0.04223	0.05892	0.01867	0.01025	0.01323	0.00769	0.00556	0.00497	0.00179	0.00644	0.00442	0.00301	0.00669
40	0.02909	0.01339	0.09996	0.08080	0.03734	0.01150	0.29645	0.05275	0.01251	0.01783	0.01293	0.08984	0.01129	0.00838	0.05187	0.00214	0.02497	0.00630	0.02149	0.11917
41	0.49321	0.05974	0.01200	0.00921	0.01266	0.01405	0.00767	0.20286	0.01386	0.02564	0.02907	0.01152	0.00847	0.00715	0.03192	0.00195	0.04436	0.00388	0.00390	0.00688
42	0.03452	0.01368	0.01689	0.01413	0.05432	0.01500	0.07951	0.45194	0.10306	0.02808	0.01426	0.01606	0.01092	0.00998	0.07925	0.00242	0.02135	0.02133	0.00480	0.00848
43	0.01405	0.01016	0.01347	0.03642	0.14672	0.01074	0.00972	0.08814	0.16123	0.12803	0.12798	0.02564	0.04639	0.04382	0.02083	0.00212	0.04525	0.05689	0.00490	0.00749
44	0.00860	0.00632	0.00793	0.00830	0.00961	0.00613	0.00647	0.06161	0.01352	0.01786	0.16941	0.25236	0.14905	0.03293	0.00745	0.00222	0.00385	0.22593	0.00529	0.00516
45	0.00970	0.00785	0.01038	0.02518	0.01120	0.03586	0.02261	0.03231	0.00993	0.01437	0.01400	0.02068	0.01297	0.09342	0.45741	0.00620	0.11109	0.00577	0.09384	0.00523
46	0.01126	0.00967	0.01185	0.10544	0.07356	0.05512	0.00930	0.01514	0.08925	0.03570	0.07347	0.04826	0.07139	0.00935	0.00599	0.00181	0.00514	0.20356	0.00430	0.16045
47	0.06529	0.00780	0.00950	0.00906	0.01055	0.03570	0.00710	0.06115	0.02563	0.01611	0.01433	0.01958	0.01274	0.03077	0.54487	0.00666	0.02935	0.00550	0.08281	0.00549

[dist]
# distance from previous block
# <min> <max>
4	7

[block]
# block no. 2 follows, 43 sequences, length 29
# corresponding to MSA columns:
# 258-286
name=unknown_C
#
# <colnr> <probs for GDERKNQSTAVLIFYWHMCP>
#	G	D	E	R	K	N	Q	S	T	A	V	L	I	F	Y	W	H	M	C	P
0	0.01238	0.00856	0.01034	0.02194	0.01205	0.00892	0.00749	0.05620	0.18301	0.12344	0.11811	0.14996	0.11092	0.01086	0.00687	0.00195	0.04546	0.07814	0.00539	0.02801
1	0.03270	0.01174	0.01223	0.01071	0.03225	0.07274	0.00815	0.22803	0.10581	0.07144	0.05723	0.03654	0.07610	0.08227	0.06032	0.00249	0.00595	0.02001	0.00475	0.06855
2	0.01315	0.01345	0.03829	0.20047	0.49525	0.04409	0.08161	0.01665	0.01241	0.01699	0.01027	0.01386	0.00833	0.00508	0.00556	0.00170	0.00718	0.00500	0.00268	0.00797
3	0.03672	0.01935	0.31160	0.04963	0.02532	0.01304	0.34655	0.01707	0.01212	0.01763	0.01036	0.01319	0.00772	0.00504	0.00605	0.00176	0.02936	0.00515	0.00266	0.06968
4	0.01165	0.06830	0.01177	0.01046	0.01261	0.02837	0.00905	0.14155	0.01503	0.01936	0.02576	0.04812	0.06311	0.01270	0.00685	0.00223	0.00534	0.49681	0.00492	0.00602
5	0.01313	0.10871	0.56947	0.01488	0.02179	0.14547	0.01766	0.01822	0.01233	0.01639	0.00947	0.01111	0.00705	0.00528	0.00504	0.00164	0.00826	0.00389	0.00243	0.00777
6	0.00784	0.00566	0.00740	0.00697	0.00827	0.00523	0.00523	0.01045	0.01568	0.02221	0.76789	0.04137	0.05226	0.01132	0.00653	0.00174	0.00261	0.01002	0.00610	0.00523
7	0.00784	0.00566	0.00740	0.00697	0.00827	0.00523	0.00523	0.01045	0.01568	0.02221	0.76789	0.04137	0.05226	0.01132	0.00653	0.00174	0.00261	0.01002	0.00610	0.00523
8	0.01121	0.02793	0.73771	0.01618	0.02423	0.01292	0.05870	0.01755	0.01177	0.01755	0.01001	0.01186	0.00709	0.00523	0.00533	0.00176	0.00825	0.00422	0.00236	0.00815
9	0.00962	0.00481	0.00722	0.00722	0.00722	0.00481	0.00481	0.00722	0.00722	0.00962	0.00962	0.01684	0.00962	0.01924	0.02165	0.83886	0.00481	0.00481	0.00241	0.00241
10	0.00675	0.00482	0.00643	0.00771	0.00803	0.00450	0.00514	0.00771	0.01060	0.01414	0.03053	0.80175	0.03663	0.01735	0.00707	0.00225	0.00321	0.01574	0.00514	0.00450
11	0.01311	0.01267	0.02198	0.16591	0.60490	0.01305	0.05418	0.01654	0.01237	0.01739	0.01036	0.01396	0.00851	0.00503	0.00555	0.00169	0.00686	0.00501	0.00270	0.00825
12	0.00997	0.00527	0.00758	0.00748	0.00769	0.00533	0.00507	0.03944	0.00820	0.01094	0.01085	0.05676	0.01099	0.01860	0.02020	0.75997	0.00478	0.00538	0.00268	0.00281
13	0.00791	0.00593	0.00890	0.00890	0.00989	0.00692	0.00692	0.00989	0.00890	0.01286	0.01483	0.02176	0.01385	0.04154	0.78341	0.00890	0.01483	0.00593	0.00297	0.00494
14	0.01070	0.01009	0.01705	0.73548	0.09282	0.01237	0.01550	0.01436	0.01119	0.01444	0.00989	0.01469	0.00749	0.00549	0.00553	0.00183	0.00732	0.00492	0.00248	0.00635
15	0.00900	0.00947	0.08020	0.01110	0.01293	0.00846	0.10574	0.01106	0.01071	0.01485	0.07279	0.27249	0.05510	0.12103	0.07679	0.00311	0.10626	0.00966	0.00388	0.00536
16	0.01699	0.00956	0.01183	0.01006	0.01316	0.00963	0.02122	0.04420	0.26043	0.32426	0.06161	0.11955	0.01972	0.04308	0.00682	0.00200	0.00446	0.00742	0.00594	0.00807
17	0.00684	0.00558	0.00605	0.00610	0.00775	0.00479	0.00456	0.00844	0.01301	0.01620	0.17751	0.10727	0.57343	0.01383	0.00661	0.00189	0.00285	0.02722	0.00531	0.00477
18	0.01865	0.19793	0.01884	0.01311	0.01625	0.48468	0.01054	0.07829	0.01489	0.01512	0.00863	0.01020	0.00732	0.00592	0.00589	0.00148	0.07889	0.00366	0.00292	0.00678
19	0.05089	0.71101	0.04629	0.00981	0.01447	0.06358	0.00967	0.01690	0.01143	0.01368	0.00780	0.00902	0.00706	0.00482	0.00367	0.00124	0.00614	0.00303	0.00244	0.00705
20	0.00664	0.00561	0.00574	0.00571	0.00754	0.00472	0.00428	0.00813	0.01284	0.01548	0.10736	0.05244	0.71699	0.01383	0.00654	0.00186	0.00279	0.01157	0.00521	0.00472
21	0.00718	0.00524	0.00675	0.00720	0.00808	0.00481	0.00508	0.00886	0.01288	0.01753	0.33568	0.41631	0.11477	0.01455	0.00680	0.00200	0.00293	0.01300	0.00553	0.00481
22	0.01714	0.01211	0.01355	0.01139	0.01478	0.01316	0.00923	0.37434	0.17825	0.09924	0.01954	0.09511	0.01655	0.00885	0.00595	0.00187	0.00521	0.08981	0.00560	0.00832
23	0.01207	0.02152	0.41752	0.02046	0.15519	0.01353	0.17358	0.01710	0.01185	0.01729	0.01005	0.01277	0.00764	0.00548	0.00675	0.00182	0.08008	0.00483	0.00251	0.00794
24	0.01338	0.01307	0.02111	0.17489	0.60394	0.04358	0.01644	0.01667	0.01245	0.01718	0.01024	0.01376	0.00845	0.00508	0.00547	0.00167	0.00687	0.00488	0.00269	0.00819
25	0.01207	0.01239	0.05898	0.36206	0.38214	0.01254	0.01605	0.01566	0.01185	0.01635	0.01012	0.01397	0.00805	0.00518	0.00544	0.00170	0.00691	0.00482	0.00262	0.04109
26	0.00872	0.00589	0.00753	0.00705	0.00856	0.00537	0.00534	0.01111	0.01510	0.06485	0.60939	0.04182	0.12734	0.02956	0.00700	0.00186	0.00289	0.02931	0.00595	0.00536
27	0.01468	0.00782	0.01002	0.00845	0.01105	0.00731	0.00667	0.07182	0.03548	0.27636	0.42637	0.03142	0.05026	0.00943	0.00611	0.00173	0.00363	0.00808	0.00628	0.00703
28	0.01524	0.06109	0.01336	0.01063	0.01370	0.06797	0.00858	0.17494	0.23440	0.08721	0.16695	0.02494	0.02196	0.00836	0.00578	0.00177	0.00498	0.06510	0.00536	0.00769

[dist]
# distance from previous block
# <min> <max>
0	1

[block]
# block no. 3 follows, 43 sequences, length 27
# corresponding to MSA columns:
# 288-314
name=unknown_D
#
# <colnr> <probs for GDERKNQSTAVLIFYWHMCP>
#	G	D	E	R	K	N	Q	S	T	A	V	L	I	F	Y	W	H	M	C	P
0	0.74805	0.07600	0.01014	0.03430	0.01194	0.01320	0.00660	0.01623	0.00963	0.02352	0.00778	0.00918	0.00614	0.00512	0.00351	0.00167	0.00452	0.00306	0.00331	0.00609
1	0.01822	0.01411	0.01503	0.01217	0.01610	0.01585	0.00984	0.47121	0.31179	0.03034	0.01689	0.01616	0.01233	0.00698	0.00558	0.00175	0.00543	0.00548	0.00558	0.00916
2	0.73511	0.01135	0.00927	0.00801	0.01157	0.01306	0.00660	0.11405	0.01163	0.02618	0.00845	0.00957	0.00645	0.00534	0.00371	0.00171	0.00452	0.00326	0.00371	0.00645
3	0.00801	0.00586	0.00853	0.00853	0.00945	0.00673	0.00652	0.00985	0.00893	0.01296	0.01516	0.02290	0.01437	0.10282	0.69411	0.00834	0.01363	0.00608	0.03238	0.00482
4	0.00763	0.00519	0.00617	0.00659	0.00669	0.00508	0.00394	0.00794	0.00889	0.01185	0.02173	0.28702	0.02554	0.54721	0.02127	0.00435	0.00466	0.01057	0.00394	0.00373
5	0.11098	0.62972	0.08608	0.00987	0.01468	0.04333	0.00999	0.01679	0.01121	0.01478	0.00791	0.00916	0.00697	0.00486	0.00372	0.00130	0.00604	0.00307	0.00250	0.00704
6	0.01155	0.01080	0.08626	0.16043	0.18332	0.00945	0.01141	0.02906	0.01367	0.08516	0.23294	0.02622	0.10066	0.00806	0.00589	0.00175	0.00518	0.00707	0.00428	0.00685
7	0.00673	0.00488	0.00636	0.00754	0.00799	0.00451	0.00506	0.00773	0.01077	0.01421	0.03262	0.74049	0.09654	0.01708	0.00703	0.00222	0.00318	0.01541	0.00514	0.00451
8	0.01120	0.02804	0.74356	0.01612	0.02419	0.01291	0.05296	0.01755	0.01175	0.01755	0.01000	0.01184	0.00708	0.00524	0.00532	0.00176	0.00824	0.00420	0.00236	0.00815
9	0.11297	0.01583	0.08760	0.22882	0.02255	0.14351	0.01214	0.18472	0.01551	0.09134	0.01124	0.01299	0.00820	0.00596	0.00545	0.00171	0.02385	0.00446	0.00374	0.00742
10	0.01319	0.46781	0.35575	0.01223	0.01848	0.01796	0.01428	0.01700	0.01145	0.01500	0.00868	0.01011	0.00707	0.00497	0.00430	0.00143	0.00691	0.00346	0.00236	0.00758
11	0.00763	0.00519	0.00617	0.00658	0.00669	0.00509	0.00393	0.00794	0.00888	0.01184	0.02169	0.28441	0.02548	0.54990	0.02134	0.00436	0.00467	0.01055	0.00393	0.00373
12	0.00791	0.00593	0.00890	0.00890	0.00989	0.00692	0.00692	0.00989	0.00890	0.01286	0.01483	0.02176	0.01385	0.04154	0.78341	0.00890	0.01483	0.00593	0.00297	0.00494
13	0.01977	0.01578	0.05410	0.01274	0.01721	0.01659	0.01083	0.63753	0.10476	0.03277	0.01413	0.01401	0.01011	0.00667	0.00554	0.00169	0.00601	0.00508	0.00539	0.00929
14	0.02454	0.00992	0.01316	0.01009	0.01439	0.00888	0.00834	0.08636	0.01669	0.71410	0.02115	0.01840	0.01336	0.00684	0.00557	0.00171	0.00483	0.00552	0.00675	0.00942
15	0.00674	0.00554	0.00594	0.00612	0.00774	0.00475	0.00455	0.00820	0.01257	0.01538	0.09811	0.14829	0.60375	0.01432	0.00665	0.00193	0.00292	0.03659	0.00520	0.00470
16	0.01176	0.01170	0.01768	0.20732	0.02111	0.01566	0.05045	0.01376	0.00936	0.01376	0.00811	0.01292	0.00736	0.00841	0.01446	0.00225	0.56040	0.00495	0.00245	0.00615
17	0.01915	0.00873	0.01140	0.02375	0.01317	0.00810	0.00764	0.02265	0.10041	0.49514	0.03873	0.12326	0.04390	0.03316	0.00656	0.00194	0.00445	0.02354	0.00619	0.00813
18	0.02485	0.00943	0.01285	0.00985	0.01414	0.00814	0.00814	0.02699	0.01585	0.77465	0.02185	0.01885	0.01371	0.00685	0.00557	0.00171	0.00471	0.00557	0.00685	0.00943
19	0.00793	0.00586	0.00855	0.00855	0.00942	0.00673	0.00649	0.00967	0.00880	0.01260	0.01515	0.02353	0.01461	0.13477	0.69123	0.00847	0.01368	0.00619	0.00301	0.00475
20	0.00810	0.00610	0.00881	0.00871	0.00952	0.00710	0.00661	0.00976	0.00876	0.01257	0.01491	0.02348	0.01450	0.15122	0.64326	0.00813	0.04452	0.00620	0.00300	0.00476
21	0.84448	0.01071	0.00814	0.00728	0.01071	0.01242	0.00600	0.01628	0.00943	0.02485	0.00771	0.00900	0.00600	0.00514	0.00343	0.00171	0.00428	0.00300	0.00343	0.00600
22	0.01148	0.00984	0.01148	0.00820	0.01312	0.00738	0.00656	0.01395	0.01148	0.01805	0.00984	0.01148	0.00820	0.00410	0.00410	0.00082	0.00410	0.00328	0.00328	0.83922
23	0.01039	0.20589	0.20110	0.01000	0.01378	0.01156	0.01014	0.01371	0.03763	0.01662	0.17019	0.11093	0.11137	0.00924	0.00613	0.01886	0.02490	0.00734	0.00387	0.00634
24	0.00688	0.00562	0.00608	0.00596	0.00769	0.00482	0.00447	0.00860	0.01342	0.01685	0.24163	0.05019	0.58187	0.01332	0.00654	0.00184	0.00276	0.01125	0.00539	0.00482
25	0.01169	0.12919	0.60292	0.03495	0.02285	0.01424	0.04431	0.01717	0.01154	0.01670	0.00958	0.01153	0.00710	0.00536	0.00560	0.00171	0.03923	0.00408	0.00237	0.00788
26	0.02009	0.01499	0.01627	0.01263	0.01669	0.01678	0.01038	0.67742	0.04470	0.03291	0.01335	0.01401	0.00978	0.02657	0.00673	0.00180	0.04541	0.00509	0.00533	0.00908

[dist]
# distance from previous block
# <min> <max>
0	3

[block]
# block no. 4 follows, 43 sequences, length 43
# corresponding to MSA columns:
# 318-334,336-356,366-370
name=unknown_E
#
# <colnr> <probs for GDERKNQSTAVLIFYWHMCP>
#	G	D	E	R	K	N	Q	S	T	A	V	L	I	F	Y	W	H	M	C	P
0	0.01432	0.65930	0.15457	0.01065	0.01592	0.03798	0.01135	0.01687	0.01143	0.01380	0.00810	0.00938	0.00709	0.00485	0.00387	0.00129	0.00640	0.00317	0.00238	0.00727
1	0.00777	0.00552	0.00700	0.00769	0.00821	0.00544	0.00521	0.03694	0.01112	0.01511	0.06965	0.57836	0.03284	0.12768	0.01010	0.00261	0.02020	0.01335	0.03057	0.00462
2	0.00675	0.00482	0.00643	0.00771	0.00803	0.00450	0.00514	0.00771	0.01060	0.01414	0.03053	0.80175	0.03663	0.01735	0.00707	0.00225	0.00321	0.01574	0.00514	0.00450
3	0.01148	0.00984	0.01148	0.00820	0.01312	0.00738	0.00656	0.01395	0.01148	0.01805	0.00984	0.01148	0.00820	0.00410	0.00410	0.00082	0.00410	0.00328	0.00328	0.83922
4	0.01456	0.67351	0.12807	0.01045	0.01563	0.02052	0.01098	0.04578	0.01190	0.01449	0.00822	0.00943	0.00719	0.00488	0.00386	0.00128	0.00623	0.00319	0.00249	0.00734
5	0.01129	0.00698	0.00821	0.13163	0.01258	0.00754	0.00635	0.08802	0.01277	0.02043	0.01623	0.01995	0.01300	0.05717	0.00585	0.00168	0.00388	0.00529	0.56551	0.00564
6	0.00805	0.00537	0.00604	0.00604	0.00604	0.00537	0.00336	0.00805	0.00805	0.01074	0.01745	0.03624	0.02013	0.80536	0.02819	0.00537	0.00537	0.00805	0.00336	0.00336
7	0.01111	0.02865	0.77667	0.01579	0.02397	0.01286	0.02046	0.01754	0.01169	0.01754	0.00994	0.01169	0.00702	0.00526	0.00526	0.00175	0.00818	0.00409	0.00234	0.00818
8	0.02485	0.00943	0.01285	0.00985	0.01414	0.00814	0.00814	0.02699	0.01585	0.77465	0.02185	0.01885	0.01371	0.00685	0.00557	0.00171	0.00471	0.00557	0.00685	0.00943
9	0.01137	0.08397	0.72364	0.01534	0.02328	0.01350	0.01968	0.01747	0.01166	0.01722	0.00978	0.01149	0.00702	0.00522	0.00514	0.00171	0.00802	0.00401	0.00234	0.00811
10	0.01111	0.02865	0.77667	0.01579	0.02397	0.01286	0.02046	0.01754	0.01169	0.01754	0.00994	0.01169	0.00702	0.00526	0.00526	0.00175	0.00818	0.00409	0.00234	0.00818
11	0.01046	0.00984	0.01661	0.79205	0.03814	0.01230	0.01538	0.01415	0.01107	0.01415	0.00984	0.01477	0.00738	0.00554	0.00554	0.00185	0.00738	0.00492	0.00246	0.00615
12	0.02105	0.01551	0.01662	0.01274	0.01717	0.01717	0.01053	0.75235	0.02604	0.03490	0.01330	0.01330	0.00942	0.00665	0.00554	0.00166	0.00609	0.00499	0.00554	0.00942
13	0.04098	0.02400	0.02504	0.00840	0.01055	0.00779	0.00665	0.05169	0.09293	0.10995	0.39477	0.09295	0.03520	0.04451	0.00709	0.00196	0.00370	0.02993	0.00564	0.00628
14	0.03409	0.03848	0.01078	0.04025	0.01183	0.02410	0.00773	0.05094	0.01033	0.01484	0.01482	0.02022	0.03476	0.03098	0.54368	0.00669	0.06146	0.00567	0.03292	0.00545
15	0.10465	0.12835	0.57055	0.01388	0.02093	0.01403	0.01707	0.01762	0.03336	0.01793	0.00977	0.01129	0.00720	0.00525	0.00484	0.00168	0.00734	0.00389	0.00256	0.00782
16	0.01350	0.01165	0.01226	0.01105	0.01413	0.01342	0.00859	0.02860	0.73193	0.02285	0.02384	0.02192	0.04592	0.00777	0.00567	0.00188	0.00432	0.00647	0.00562	0.00861
17	0.01611	0.01172	0.01380	0.07460	0.01652	0.01168	0.00894	0.26688	0.05206	0.10568	0.01313	0.01450	0.00996	0.03414	0.00617	0.00154	0.02620	0.00460	0.00446	0.30731
18	0.01111	0.02865	0.77667	0.01579	0.02397	0.01286	0.02046	0.01754	0.01169	0.01754	0.00994	0.01169	0.00702	0.00526	0.00526	0.00175	0.00818	0.00409	0.00234	0.00818
19	0.00746	0.00551	0.00696	0.00689	0.00811	0.00502	0.00506	0.00960	0.01435	0.01973	0.53378	0.17360	0.15789	0.01277	0.00663	0.00185	0.00274	0.01125	0.00579	0.00502
20	0.00675	0.00482	0.00643	0.00771	0.00803	0.00450	0.00514	0.00771	0.01060	0.01414	0.03053	0.80175	0.03663	0.01735	0.00707	0.00225	0.00321	0.01574	0.00514	0.00450
21	0.01212	0.01212	0.01696	0.01454	0.01454	0.01696	0.01212	0.01333	0.00848	0.01333	0.00727	0.01212	0.00727	0.00969	0.01818	0.00242	0.79523	0.00485	0.00242	0.00606
22	0.00677	0.00487	0.00638	0.00758	0.00796	0.00453	0.00506	0.00773	0.01064	0.01410	0.03139	0.75001	0.06962	0.03533	0.00753	0.00230	0.00324	0.01538	0.00510	0.00448
23	0.00784	0.00566	0.00740	0.00697	0.00827	0.00523	0.00523	0.01045	0.01568	0.02221	0.76789	0.04137	0.05226	0.01132	0.00653	0.00174	0.00261	0.01002	0.00610	0.00523
24	0.01998	0.01477	0.01588	0.01234	0.01647	0.01635	0.01010	0.68041	0.05102	0.03303	0.01382	0.01466	0.01021	0.03912	0.02402	0.00198	0.00620	0.00517	0.00540	0.00905
25	0.84448	0.01071	0.00814	0.00728	0.01071	0.01242	0.00600	0.01628	0.00943	0.02485	0.00771	0.00900	0.00600	0.00514	0.00343	0.00171	0.00428	0.00300	0.00343	0.00600
26	0.01053	0.00994	0.01663	0.75854	0.03713	0.01251	0.01524	0.01411	0.01096	0.01411	0.00973	0.01465	0.00738	0.00572	0.00608	0.00187	0.04134	0.00492	0.00246	0.00615
27	0.01473	0.70675	0.04215	0.00968	0.01421	0.03659	0.00954	0.01661	0.01135	0.03431	0.00858	0.01000	0.00769	0.00700	0.04977	0.00167	0.00655	0.00325	0.00254	0.00705
28	0.00678	0.00485	0.00646	0.00769	0.00804	0.00452	0.00514	0.00780	0.01076	0.01439	0.05331	0.77826	0.03711	0.01716	0.00705	0.00223	0.00319	0.01557	0.00517	0.00452
29	0.00798	0.00534	0.00606	0.00614	0.00616	0.00532	0.00346	0.00803	0.00820	0.01093	0.01821	0.08044	0.02109	0.75987	0.02697	0.00519	0.00524	0.00850	0.00346	0.00342
30	0.84448	0.01071	0.00814	0.00728	0.01071	0.01242	0.00600	0.01628	0.00943	0.02485	0.00771	0.00900	0.00600	0.00514	0.00343	0.00171	0.00428	0.00300	0.00343	0.00600
31	0.00856	0.00656	0.00864	0.00984	0.04302	0.00633	0.00779	0.01118	0.03165	0.01678	0.08639	0.05549	0.22253	0.01405	0.00714	0.00226	0.00438	0.44706	0.00509	0.00525
32	0.00770	0.00566	0.00722	0.00683	0.00819	0.00517	0.00512	0.01019	0.01536	0.02145	0.69336	0.04262	0.12727	0.01161	0.00653	0.00176	0.00263	0.01019	0.00600	0.00517
33	0.01192	0.00824	0.00859	0.07809	0.01162	0.05596	0.00643	0.10218	0.01335	0.02043	0.01721	0.01982	0.03931	0.00978	0.07471	0.00210	0.00501	0.00532	0.50411	0.00581
34	0.00716	0.00534	0.00663	0.00736	0.00815	0.00501	0.00507	0.00892	0.04104	0.01539	0.11475	0.53606	0.15813	0.04420	0.00763	0.00223	0.00320	0.01379	0.00520	0.00473
35	0.01622	0.00774	0.01021	0.00846	0.01136	0.00688	0.00672	0.01888	0.03353	0.38284	0.35052	0.02949	0.05063	0.00894	0.00598	0.00171	0.00371	0.00764	0.00634	0.03221
36	0.01659	0.34644	0.04996	0.01611	0.15984	0.29475	0.01175	0.01869	0.01313	0.01435	0.00861	0.01030	0.00743	0.00514	0.00450	0.00138	0.00760	0.00360	0.00261	0.00722
37	0.01579	0.03250	0.06488	0.11773	0.22139	0.21903	0.01299	0.13216	0.02972	0.01880	0.01176	0.01392	0.02597	0.00612	0.00563	0.01934	0.00730	0.00467	0.03283	0.00748
38	0.00853	0.00680	0.00784	0.00741	0.00870	0.02890	0.00545	0.01121	0.05497	0.01893	0.45712	0.05470	0.14761	0.11590	0.00975	0.00227	0.03393	0.00952	0.00531	0.00515
39	0.01134	0.00996	0.01347	0.05567	0.05889	0.00836	0.06074	0.02972	0.01186	0.01773	0.01236	0.10053	0.01141	0.00581	0.00480	0.00118	0.00475	0.00513	0.00343	0.57284
40	0.01220	0.02398	0.54457	0.04744	0.07048	0.01304	0.13141	0.03949	0.01247	0.03811	0.01057	0.01267	0.00760	0.00524	0.00550	0.00176	0.00808	0.00462	0.00265	0.00810
41	0.00688	0.00505	0.00669	0.02940	0.00884	0.00476	0.00536	0.00801	0.01095	0.01449	0.05846	0.69700	0.09051	0.01656	0.00697	0.00219	0.00328	0.01494	0.00510	0.00458
42	0.02059	0.01453	0.01587	0.01216	0.01658	0.01566	0.01002	0.62535	0.03857	0.09759	0.01398	0.01380	0.00985	0.00651	0.00545	0.00161	0.00581	0.00495	0.00550	0.06561

[dist]
# distance from previous block
# <min> <max>
0	1

[block]
# block no. 5 follows, 43 sequences, length 10
# corresponding to MSA columns:
# 372-381
name=unknown_F
#
# <colnr> <probs for GDERKNQSTAVLIFYWHMCP>
#	G	D	E	R	K	N	Q	S	T	A	V	L	I	F	Y	W	H	M	C	P
0	0.05375	0.02422	0.01253	0.01025	0.01337	0.06878	0.00829	0.06751	0.07346	0.35241	0.07402	0.03601	0.04802	0.00956	0.04213	0.00212	0.06295	0.02739	0.00544	0.00778
1	0.01411	0.01015	0.02762	0.02381	0.01216	0.02986	0.00770	0.18035	0.06560	0.07634	0.01568	0.01912	0.01271	0.09207	0.05210	0.00243	0.08514	0.00547	0.26089	0.00668
2	0.01592	0.01502	0.01573	0.09344	0.03748	0.18472	0.04653	0.20721	0.03709	0.03592	0.01377	0.07433	0.01228	0.00791	0.00718	0.00182	0.09958	0.05853	0.00396	0.03159
3	0.06866	0.04867	0.43995	0.01932	0.22464	0.01270	0.01710	0.01678	0.01205	0.01836	0.06233	0.01401	0.01056	0.00557	0.00523	0.00170	0.00702	0.00462	0.00278	0.00795
4	0.01256	0.01184	0.01860	0.06934	0.53682	0.03008	0.01419	0.01601	0.04440	0.01740	0.03072	0.02070	0.06680	0.04693	0.00683	0.00191	0.00613	0.03774	0.00323	0.00777
5	0.00846	0.00793	0.06479	0.03341	0.01175	0.00667	0.04304	0.05999	0.01187	0.01598	0.02628	0.62815	0.03035	0.01476	0.00676	0.00214	0.00420	0.01338	0.00477	0.00530
6	0.01636	0.01441	0.05152	0.01123	0.01487	0.14374	0.00919	0.06030	0.32508	0.14643	0.02024	0.01923	0.06452	0.00712	0.00543	0.00167	0.00555	0.00565	0.00497	0.07247
7	0.01614	0.01235	0.02754	0.01144	0.01479	0.01301	0.02239	0.41123	0.06086	0.05015	0.01699	0.16808	0.01527	0.01029	0.04185	0.00210	0.03457	0.00712	0.00503	0.05879
8	0.01308	0.01116	0.06682	0.00996	0.01275	0.01061	0.00824	0.27331	0.03941	0.02139	0.01794	0.06766	0.05313	0.19183	0.11255	0.00349	0.00672	0.02873	0.00432	0.04690
9	0.13796	0.09419	0.05343	0.06191	0.01567	0.01257	0.03263	0.10649	0.12666	0.09606	0.10125	0.01934	0.01580	0.00728	0.00576	0.01386	0.02423	0.03792	0.00444	0.03253

[dist]
# distance from previous block
# <min> <max>
12	51

[block]
# block no. 6 follows, 43 sequences, length 25
# corresponding to MSA columns:
# 434-458
name=unknown_G
#
# <colnr> <probs for GDERKNQSTAVLIFYWHMCP>
#	G	D	E	R	K	N	Q	S	T	A	V	L	I	F	Y	W	H	M	C	P
0	0.01149	0.04640	0.02540	0.03677	0.01338	0.04702	0.01921	0.04157	0.02743	0.01593	0.01551	0.05135	0.07410	0.06428	0.05870	0.00239	0.20936	0.00576	0.05504	0.17890
1	0.01304	0.04159	0.07069	0.01262	0.05364	0.01133	0.08157	0.07820	0.17547	0.06686	0.16253	0.02210	0.05274	0.00748	0.00615	0.00169	0.03620	0.00639	0.00461	0.09512
2	0.01978	0.01438	0.01551	0.01207	0.01621	0.01577	0.00989	0.64692	0.04463	0.04696	0.01445	0.04281	0.01086	0.00701	0.00550	0.00166	0.00574	0.00540	0.03734	0.02710
3	0.01481	0.80869	0.02902	0.00948	0.01421	0.02191	0.00948	0.01658	0.01125	0.01303	0.00770	0.00888	0.00711	0.00474	0.00355	0.00118	0.00592	0.00296	0.00237	0.00711
4	0.02212	0.00917	0.01218	0.00947	0.01345	0.00801	0.00776	0.04670	0.01584	0.63272	0.07830	0.02168	0.05116	0.00741	0.00563	0.00169	0.00449	0.00608	0.00655	0.03960
5	0.00793	0.00588	0.00860	0.00860	0.00949	0.00676	0.00655	0.00970	0.00881	0.01264	0.01511	0.02326	0.01450	0.12092	0.70493	0.00853	0.01385	0.00615	0.00301	0.00478
6	0.01267	0.04741	0.02080	0.28706	0.49154	0.01326	0.01612	0.01602	0.01204	0.01655	0.01010	0.01385	0.00823	0.00513	0.00542	0.00169	0.00682	0.00484	0.00263	0.00782
7	0.01541	0.66154	0.02660	0.01039	0.01461	0.11981	0.00979	0.01711	0.01167	0.01312	0.00779	0.00921	0.00712	0.00515	0.00459	0.00129	0.05228	0.00315	0.00243	0.00696
8	0.00668	0.00507	0.00616	0.00704	0.00786	0.00456	0.00484	0.00779	0.01125	0.01440	0.03875	0.56096	0.27211	0.01628	0.00690	0.00213	0.00308	0.01444	0.00514	0.00456
9	0.01137	0.02692	0.68616	0.01710	0.05203	0.01297	0.08177	0.01754	0.01184	0.01758	0.01006	0.01204	0.00720	0.00520	0.00538	0.00176	0.00822	0.00433	0.00239	0.00815
10	0.00681	0.00487	0.00648	0.00767	0.00805	0.00454	0.00515	0.00787	0.01090	0.01461	0.07357	0.75736	0.03754	0.01700	0.00704	0.00222	0.00318	0.01541	0.00520	0.00454
11	0.01196	0.01186	0.01783	0.07609	0.01729	0.01583	0.07379	0.01350	0.00902	0.01360	0.00790	0.01276	0.00747	0.00935	0.01636	0.03799	0.63390	0.00499	0.00246	0.00603
12	0.00698	0.00563	0.00622	0.00607	0.00775	0.00486	0.00455	0.00880	0.01366	0.01741	0.29704	0.04926	0.52610	0.01311	0.00654	0.00183	0.00274	0.01112	0.00547	0.00486
13	0.11058	0.01102	0.01165	0.00957	0.01264	0.01197	0.00765	0.36838	0.01814	0.06705	0.01502	0.04084	0.01203	0.06334	0.03555	0.00213	0.00524	0.00541	0.18439	0.00737
14	0.80236	0.01067	0.00857	0.04692	0.01210	0.01242	0.00647	0.01617	0.00951	0.02431	0.00782	0.00929	0.00607	0.00516	0.00353	0.00172	0.00444	0.00310	0.00338	0.00601
15	0.01156	0.01096	0.01860	0.53570	0.28591	0.01259	0.01593	0.01511	0.01159	0.01548	0.01004	0.01441	0.00785	0.00533	0.00552	0.00178	0.00711	0.00493	0.00256	0.00704
16	0.00813	0.00557	0.00727	0.00723	0.00840	0.00511	0.00527	0.01022	0.01418	0.04778	0.51139	0.24868	0.07401	0.01291	0.00664	0.00188	0.00286	0.01148	0.00583	0.00516
17	0.00833	0.00579	0.00747	0.00698	0.00842	0.00529	0.00526	0.01085	0.01548	0.04720	0.69549	0.04140	0.09839	0.01135	0.00650	0.00175	0.00270	0.00998	0.00606	0.00533
18	0.02485	0.00943	0.01285	0.00985	0.01414	0.00814	0.00814	0.02699	0.01585	0.77465	0.02185	0.01885	0.01371	0.00685	0.00557	0.00171	0.00471	0.00557	0.00685	0.00943
19	0.01154	0.00867	0.01018	0.00973	0.02692	0.00922	0.00734	0.01930	0.32779	0.06474	0.23863	0.04519	0.05717	0.03973	0.00743	0.02606	0.00397	0.07405	0.00553	0.00684
20	0.05559	0.00947	0.01268	0.00976	0.01401	0.00830	0.00806	0.02659	0.01561	0.74653	0.02132	0.01848	0.01342	0.00679	0.00549	0.00171	0.00470	0.00547	0.00673	0.00930
21	0.01491	0.01384	0.01274	0.01128	0.01434	0.13554	0.00877	0.12152	0.44296	0.02202	0.02236	0.02143	0.09287	0.00885	0.02972	0.00199	0.00566	0.00622	0.00505	0.00793
22	0.01046	0.00984	0.01661	0.79205	0.03814	0.01230	0.01538	0.01415	0.01107	0.01415	0.00984	0.01477	0.00738	0.00554	0.00554	0.00185	0.00738	0.00492	0.00246	0.00615
23	0.01168	0.00858	0.01064	0.04680	0.05630	0.00868	0.00753	0.16154	0.03682	0.05817	0.32988	0.07051	0.15015	0.01015	0.00618	0.00177	0.00398	0.00870	0.00544	0.00649
24	0.01122	0.00934	0.01096	0.00828	0.01251	0.00740	0.00652	0.04593	0.01229	0.01864	0.05635	0.09340	0.01371	0.00598	0.00461	0.00106	0.00401	0.00501	0.00373	0.66905

[dist]
# distance from previous block
# <min> <max>
8	16

[block]
# block no. 7 follows, 43 sequences, length 12
# corresponding to MSA columns:
# 479-490
name=unknown_H
#
# <colnr> <probs for GDERKNQSTAVLIFYWHMCP>
#	G	D	E	R	K	N	Q	S	T	A	V	L	I	F	Y	W	H	M	C	P
0	0.01481	0.80869	0.02902	0.00948	0.01421	0.02191	0.00948	0.01658	0.01125	0.01303	0.00770	0.00888	0.00711	0.00474	0.00355	0.00118	0.00592	0.00296	0.00237	0.00711
1	0.01131	0.01073	0.01673	0.07820	0.01697	0.01339	0.11989	0.01337	0.00997	0.01497	0.01191	0.10257	0.01154	0.00910	0.01253	0.00214	0.43451	0.00636	0.09780	0.00600
2	0.00655	0.00561	0.00561	0.00561	0.00748	0.00468	0.00421	0.00795	0.01262	0.01496	0.05610	0.05330	0.76857	0.01403	0.00655	0.00187	0.00281	0.01169	0.00514	0.00468
3	0.01215	0.01237	0.01775	0.07827	0.01753	0.04725	0.07666	0.01392	0.00942	0.01376	0.00836	0.01311	0.00779	0.01078	0.06429	0.00270	0.58023	0.00502	0.00251	0.00613
4	0.00775	0.00566	0.00728	0.00687	0.00822	0.00519	0.00515	0.01028	0.01546	0.02170	0.71826	0.04220	0.10220	0.01151	0.00653	0.00175	0.00263	0.01013	0.00603	0.00519
5	0.00801	0.00555	0.00694	0.00694	0.00726	0.00586	0.00448	0.00863	0.00832	0.01141	0.01662	0.03167	0.01815	0.56430	0.26654	0.00648	0.00836	0.00738	0.00323	0.00386
6	0.00675	0.00482	0.00643	0.00771	0.00803	0.00450	0.00514	0.00771	0.01060	0.01414	0.03053	0.80175	0.03663	0.01735	0.00707	0.00225	0.00321	0.01574	0.00514	0.00450
7	0.01692	0.01768	0.01410	0.01314	0.05606	0.34390	0.00962	0.16515	0.10446	0.02039	0.11337	0.01919	0.06755	0.00737	0.00551	0.00161	0.00692	0.00564	0.00429	0.00714
8	0.01633	0.01236	0.01369	0.01099	0.01477	0.01286	0.00888	0.43775	0.05244	0.02737	0.01608	0.11668	0.01420	0.00802	0.00557	0.00163	0.00520	0.04577	0.00502	0.17439
9	0.01583	0.33169	0.02035	0.01172	0.01473	0.27471	0.00994	0.01780	0.03136	0.01381	0.00905	0.01113	0.00799	0.00768	0.04252	0.00184	0.13098	0.00377	0.03652	0.00658
10	0.04891	0.17368	0.40405	0.01334	0.04978	0.01332	0.01460	0.01710	0.01212	0.06739	0.06895	0.01387	0.01109	0.00564	0.00490	0.00157	0.00657	0.00436	0.00306	0.06570
11	0.08442	0.30129	0.07454	0.02860	0.01463	0.10162	0.00942	0.03895	0.01323	0.12961	0.10336	0.01549	0.01388	0.00703	0.02330	0.00166	0.00601	0.00459	0.02129	0.00708

[dist]
# distance from previous block
# <min> <max>
4	21

[block]
# block no. 8 follows, 43 sequences, length 49
# corresponding to MSA columns:
# 512-550,553-562
