[name]
unknown

[dist]
# distance from previous block
# <min> <max>
13	384

[block]
# block no. 0 follows, 46 sequences, length 6
# corresponding to MSA columns:
# 401-406
name=unknown_A
#
# <colnr> <probs for GDERKNQSTAVLIFYWHMCP>
#	G	D	E	R	K	N	Q	S	T	A	V	L	I	F	Y	W	H	M	C	P
0	0.01390	0.01074	0.01199	0.04329	0.01382	0.01132	0.00791	0.32032	0.12604	0.02334	0.03983	0.08825	0.05877	0.07970	0.00725	0.00189	0.00478	0.00637	0.00465	0.12584
1	0.13772	0.00932	0.00905	0.00833	0.01037	0.06671	0.00623	0.08936	0.10253	0.01823	0.04141	0.15699	0.05334	0.12320	0.06051	0.00260	0.00513	0.00712	0.03618	0.05570
2	0.00991	0.00815	0.00998	0.04559	0.05239	0.03233	0.00698	0.06551	0.01111	0.01542	0.03588	0.26377	0.01949	0.15850	0.01061	0.00235	0.07978	0.00829	0.03109	0.13287
3	0.01217	0.01096	0.01632	0.11585	0.12727	0.04972	0.14413	0.05497	0.03800	0.05502	0.01561	0.09094	0.05634	0.06137	0.00733	0.00188	0.03288	0.00635	0.00346	0.09943
4	0.01185	0.00908	0.01078	0.01035	0.06851	0.00919	0.00714	0.18917	0.08716	0.01904	0.01827	0.14058	0.06235	0.14139	0.01000	0.06125	0.00461	0.00706	0.00415	0.12806
5	0.01175	0.00949	0.01212	0.04657	0.07058	0.00964	0.02444	0.16732	0.03782	0.01909	0.06206	0.13712	0.01639	0.09536	0.03241	0.00215	0.04607	0.00665	0.00396	0.18901

[dist]
# distance from previous block
# <min> <max>
11	60

[block]
# block no. 1 follows, 46 sequences, length 13
# corresponding to MSA columns:
# 495-507
name=unknown_B
#
# <colnr> <probs for GDERKNQSTAVLIFYWHMCP>
#	G	D	E	R	K	N	Q	S	T	A	V	L	I	F	Y	W	H	M	C	P
0	0.01141	0.01097	0.05270	0.35836	0.02422	0.01144	0.03624	0.10325	0.04396	0.01705	0.01283	0.04748	0.04165	0.00635	0.00614	0.00165	0.06873	0.00522	0.00316	0.13719
1	0.01148	0.00971	0.01450	0.40789	0.02512	0.01054	0.04391	0.07400	0.01190	0.04806	0.01139	0.05627	0.00951	0.02990	0.00611	0.00167	0.02968	0.00509	0.00311	0.19019
2	0.01375	0.37757	0.04958	0.04217	0.01464	0.06714	0.00914	0.11364	0.03243	0.01629	0.01193	0.04428	0.04260	0.02301	0.00516	0.00142	0.02993	0.00436	0.00311	0.09785
3	0.00942	0.00698	0.00802	0.00759	0.00946	0.00686	0.00566	0.01405	0.18601	0.06398	0.17503	0.18188	0.21287	0.04297	0.00680	0.00191	0.00332	0.00956	0.00514	0.04247
4	0.03562	0.00884	0.01319	0.42624	0.02447	0.00993	0.03532	0.04175	0.04368	0.01681	0.14263	0.02057	0.06298	0.00672	0.00534	0.00165	0.00547	0.00586	0.02255	0.07037
5	0.01595	0.00863	0.01044	0.00856	0.01153	0.00834	0.00684	0.14404	0.05174	0.28425	0.17032	0.05142	0.02051	0.00757	0.00524	0.00155	0.00392	0.00629	0.12812	0.05474
6	0.01096	0.00781	0.00979	0.06075	0.01151	0.00866	0.00685	0.14825	0.01194	0.04475	0.01630	0.15324	0.01658	0.22782	0.10570	0.03804	0.07275	0.00736	0.03568	0.00526
7	0.02372	0.00900	0.01227	0.00941	0.01350	0.00777	0.00777	0.02576	0.01513	0.78489	0.02086	0.01799	0.01309	0.00654	0.00532	0.00164	0.00450	0.00532	0.00654	0.00900
8	0.85155	0.01022	0.00777	0.00695	0.01022	0.01186	0.00573	0.01554	0.00900	0.02372	0.00736	0.00859	0.00573	0.00491	0.00327	0.00164	0.00409	0.00286	0.00327	0.00573
9	0.04118	0.00922	0.01517	0.73807	0.03418	0.01144	0.01392	0.01330	0.01036	0.01370	0.00931	0.01397	0.00709	0.00583	0.00587	0.03784	0.00683	0.00463	0.00238	0.00571
10	0.02010	0.01481	0.01587	0.01216	0.01639	0.01639	0.01005	0.76360	0.02486	0.03332	0.01269	0.01269	0.00899	0.00635	0.00529	0.00159	0.00582	0.00476	0.00529	0.00899
11	0.01308	0.01256	0.02146	0.03245	0.78123	0.01256	0.01622	0.01622	0.01204	0.01727	0.00994	0.01308	0.00837	0.00471	0.00523	0.00157	0.00628	0.00471	0.00262	0.00837
12	0.10421	0.01217	0.01962	0.02879	0.66780	0.01230	0.01476	0.01652	0.01183	0.04799	0.01009	0.01279	0.00827	0.00480	0.00502	0.00158	0.00597	0.00453	0.00284	0.00811

[dist]
# distance from previous block
# <min> <max>
1	12

[block]
# block no. 2 follows, 46 sequences, length 36
# corresponding to MSA columns:
# 520-545,562-571
name=unknown_C
#
# <colnr> <probs for GDERKNQSTAVLIFYWHMCP>
#	G	D	E	R	K	N	Q	S	T	A	V	L	I	F	Y	W	H	M	C	P
0	0.29819	0.04417	0.01169	0.00891	0.01274	0.01208	0.00728	0.16261	0.13959	0.02318	0.01128	0.01185	0.00868	0.00529	0.00419	0.00141	0.00446	0.00382	0.00394	0.22465
1	0.85155	0.01022	0.00777	0.00695	0.01022	0.01186	0.00573	0.01554	0.00900	0.02372	0.00736	0.00859	0.00573	0.00491	0.00327	0.00164	0.00409	0.00286	0.00327	0.00573
2	0.00998	0.00940	0.01586	0.80150	0.03641	0.01175	0.01468	0.01351	0.01057	0.01351	0.00940	0.01409	0.00705	0.00529	0.00529	0.00176	0.00705	0.00470	0.00235	0.00587
3	0.00632	0.00525	0.00554	0.00570	0.00725	0.00446	0.00418	0.00765	0.01188	0.01444	0.07819	0.16119	0.64226	0.01375	0.00632	0.00183	0.00273	0.01166	0.00494	0.00446
4	0.01083	0.07854	0.73763	0.01468	0.02228	0.01284	0.01885	0.01668	0.01113	0.01646	0.00935	0.01099	0.00670	0.00499	0.00492	0.00164	0.00767	0.00384	0.00223	0.00775
5	0.81763	0.01017	0.00795	0.00705	0.01036	0.01169	0.00581	0.01596	0.00925	0.05491	0.00791	0.00897	0.00603	0.00497	0.00336	0.00164	0.00411	0.00296	0.00341	0.00586
6	0.11730	0.08055	0.01505	0.01152	0.01506	0.30738	0.00924	0.24328	0.02763	0.10835	0.01100	0.01139	0.00818	0.00573	0.00471	0.00148	0.00683	0.00396	0.00399	0.00735
7	0.18650	0.00988	0.01163	0.00915	0.01301	0.00959	0.00753	0.11934	0.01508	0.49057	0.04349	0.01602	0.01226	0.00628	0.00491	0.00161	0.00451	0.00485	0.00562	0.02816
8	0.01253	0.22600	0.53338	0.01310	0.01978	0.01411	0.01595	0.01722	0.01137	0.07632	0.00984	0.01102	0.00722	0.00502	0.00463	0.00153	0.00700	0.00374	0.00258	0.00765
9	0.00747	0.00536	0.00658	0.00686	0.00762	0.00515	0.00484	0.00897	0.02522	0.01483	0.20389	0.18668	0.11092	0.26817	0.01304	0.00297	0.00381	0.10876	0.00458	0.00428
10	0.01010	0.00956	0.01588	0.74316	0.03474	0.01207	0.01445	0.01345	0.01039	0.01345	0.00921	0.01391	0.00704	0.00558	0.00618	0.00180	0.06612	0.00469	0.00235	0.00587
11	0.01116	0.01023	0.01661	0.63948	0.13447	0.01220	0.01454	0.07015	0.01184	0.01550	0.00972	0.01385	0.00737	0.00529	0.00528	0.00172	0.00685	0.00470	0.00261	0.00644
12	0.01229	0.02707	0.24567	0.19185	0.07386	0.01161	0.19029	0.01653	0.01205	0.09721	0.06058	0.01518	0.01066	0.00545	0.00547	0.00170	0.00708	0.00518	0.00307	0.00718
13	0.01826	0.00820	0.01081	0.00878	0.01183	0.00749	0.00702	0.07858	0.01502	0.47696	0.17428	0.05732	0.02096	0.00873	0.00672	0.06503	0.00414	0.00652	0.00590	0.00746
14	0.01249	0.01196	0.02039	0.17881	0.63948	0.01241	0.01593	0.01571	0.01176	0.01655	0.00984	0.01328	0.00812	0.00482	0.00524	0.00161	0.00643	0.00471	0.00257	0.00790
15	0.01232	0.01171	0.07346	0.45571	0.09729	0.01202	0.07088	0.07250	0.01217	0.07286	0.01058	0.01395	0.00786	0.00573	0.00603	0.02025	0.03024	0.00480	0.00292	0.00672
16	0.03927	0.01889	0.01539	0.07536	0.13487	0.43994	0.01095	0.08981	0.01487	0.06402	0.01151	0.01285	0.03791	0.00577	0.00498	0.00149	0.00777	0.00424	0.00326	0.00683
17	0.02219	0.01061	0.01259	0.00977	0.01381	0.06717	0.00798	0.07042	0.01540	0.61950	0.01849	0.01647	0.01194	0.00624	0.00516	0.00154	0.00491	0.00497	0.00591	0.07493
18	0.01096	0.01028	0.01728	0.62135	0.15328	0.01211	0.04104	0.04346	0.01143	0.01500	0.00966	0.01389	0.00737	0.00521	0.00531	0.00173	0.00694	0.00476	0.00252	0.00644
19	0.01107	0.03386	0.05305	0.38192	0.05417	0.01042	0.07540	0.01434	0.02233	0.08423	0.04289	0.03585	0.07919	0.00917	0.06768	0.00226	0.00683	0.00585	0.00325	0.00623
20	0.01148	0.01092	0.01856	0.43040	0.39582	0.01214	0.01543	0.01482	0.01128	0.01532	0.00966	0.01361	0.00769	0.00501	0.00526	0.00167	0.00668	0.00470	0.00248	0.00708
21	0.01856	0.01340	0.01489	0.01160	0.01566	0.02633	0.02706	0.50254	0.10876	0.10582	0.01442	0.01468	0.01044	0.00635	0.00524	0.00157	0.00546	0.01718	0.00515	0.07491
22	0.01139	0.01080	0.01850	0.30521	0.40519	0.01157	0.04889	0.01464	0.01173	0.01615	0.07081	0.02929	0.01162	0.00559	0.00540	0.00167	0.00632	0.00534	0.00282	0.00708
23	0.01265	0.01258	0.01921	0.26996	0.48935	0.07394	0.01527	0.01577	0.01181	0.01576	0.00963	0.01312	0.00784	0.00495	0.00521	0.00161	0.00678	0.00460	0.00254	0.00742
24	0.00725	0.00548	0.00724	0.04204	0.00965	0.00550	0.00591	0.00938	0.05778	0.01418	0.02821	0.55639	0.07974	0.01685	0.06563	0.00258	0.00426	0.07256	0.00467	0.00471
25	0.09778	0.00906	0.01161	0.00910	0.01292	0.00828	0.00747	0.04022	0.03136	0.63464	0.06668	0.01840	0.01469	0.00667	0.00519	0.00164	0.00436	0.00536	0.00615	0.00844
26	0.01110	0.13898	0.67955	0.01422	0.02156	0.01350	0.01805	0.01661	0.01110	0.01613	0.00919	0.01078	0.00671	0.00495	0.00479	0.00160	0.00751	0.00375	0.00224	0.00767
27	0.01858	0.01653	0.01541	0.01350	0.06350	0.20832	0.01020	0.47299	0.02031	0.02559	0.01151	0.01257	0.00874	0.00865	0.06739	0.00208	0.00743	0.00449	0.00429	0.00790
28	0.00965	0.00622	0.00842	0.06595	0.01113	0.00602	0.00637	0.01104	0.01074	0.11351	0.02342	0.46440	0.02571	0.07221	0.00807	0.00219	0.02738	0.05146	0.00459	0.07153
29	0.00769	0.00513	0.00577	0.00577	0.00577	0.00513	0.00320	0.00769	0.00769	0.01025	0.01666	0.03460	0.01922	0.81421	0.02691	0.00513	0.00513	0.00769	0.00320	0.00320
30	0.00756	0.00562	0.00825	0.00825	0.00911	0.00647	0.00630	0.00928	0.00842	0.01209	0.01438	0.02201	0.01376	0.10933	0.72432	0.00819	0.01335	0.00585	0.00287	0.00458
31	0.01010	0.00952	0.01607	0.77196	0.06502	0.01178	0.01474	0.01361	0.01063	0.01365	0.00942	0.01406	0.00710	0.00526	0.00528	0.00175	0.00702	0.00470	0.00236	0.00597
32	0.00795	0.00652	0.00963	0.18949	0.06248	0.00703	0.00792	0.00955	0.01014	0.01348	0.02249	0.46073	0.05130	0.07586	0.00830	0.00225	0.03511	0.01092	0.00395	0.00488
33	0.01340	0.01281	0.01944	0.04400	0.58959	0.05807	0.01456	0.06520	0.01264	0.01749	0.01026	0.01344	0.00864	0.00774	0.06747	0.00213	0.02775	0.00471	0.00280	0.00788
34	0.01730	0.02109	0.01565	0.17104	0.07934	0.57811	0.01156	0.01923	0.01388	0.01339	0.00855	0.01071	0.00698	0.00536	0.00491	0.00146	0.00879	0.00376	0.00264	0.00625
35	0.01333	0.01201	0.01316	0.11206	0.01686	0.09158	0.02460	0.15547	0.01403	0.01921	0.01164	0.01317	0.03784	0.00509	0.00458	0.00118	0.00532	0.00405	0.00345	0.44137

[dist]
# distance from previous block
# <min> <max>
2	10

[block]
# block no. 3 follows, 46 sequences, length 26
# corresponding to MSA columns:
# 582-596,622-632
name=unknown_D
#
# <colnr> <probs for GDERKNQSTAVLIFYWHMCP>
#	G	D	E	R	K	N	Q	S	T	A	V	L	I	F	Y	W	H	M	C	P
0	0.11855	0.02113	0.03331	0.01305	0.04267	0.54842	0.00982	0.08039	0.01467	0.01620	0.01012	0.03377	0.02425	0.00591	0.00474	0.00146	0.00808	0.00401	0.00309	0.00635
1	0.00990	0.00919	0.01582	0.01306	0.01500	0.01042	0.19482	0.03244	0.00985	0.01409	0.01185	0.01714	0.01059	0.02410	0.42561	0.00544	0.16670	0.00558	0.00276	0.00564
2	0.01854	0.00916	0.01174	0.00877	0.01310	0.00748	0.00716	0.02070	0.01344	0.47302	0.01620	0.01514	0.01095	0.00548	0.00475	0.00129	0.00426	0.00443	0.00516	0.34925
3	0.01443	0.77598	0.02704	0.00928	0.01371	0.06128	0.00911	0.01611	0.01096	0.01246	0.00739	0.00854	0.00679	0.00457	0.00346	0.00114	0.00586	0.00286	0.00229	0.00675
4	0.01777	0.04100	0.01562	0.01455	0.08966	0.45831	0.03029	0.06655	0.03681	0.07916	0.04679	0.01346	0.02538	0.00607	0.00547	0.00149	0.03702	0.00440	0.00343	0.00677
5	0.00764	0.00510	0.00578	0.00583	0.00585	0.00509	0.00328	0.00767	0.00779	0.01039	0.01718	0.06730	0.01988	0.78060	0.02606	0.00500	0.00504	0.00800	0.00328	0.00325
6	0.01628	0.01291	0.01372	0.01139	0.01494	0.01461	0.00913	0.36003	0.43464	0.02717	0.01753	0.01655	0.01291	0.00680	0.00534	0.00170	0.00492	0.00543	0.00534	0.00865
7	0.01145	0.20481	0.59518	0.01391	0.02092	0.01425	0.03758	0.01654	0.01110	0.01578	0.00904	0.01064	0.00675	0.00489	0.00469	0.00155	0.00736	0.00373	0.00225	0.00756
8	0.01406	0.38494	0.32539	0.01156	0.01732	0.01579	0.01306	0.03889	0.01184	0.10768	0.00997	0.01081	0.00757	0.00502	0.00432	0.00142	0.00637	0.00361	0.00285	0.00752
9	0.01037	0.02568	0.72774	0.01458	0.02186	0.01174	0.01857	0.01618	0.01117	0.01659	0.01093	0.04138	0.00866	0.00582	0.00518	0.00172	0.00753	0.03431	0.00243	0.00757
10	0.00644	0.00460	0.00613	0.00736	0.00767	0.00429	0.00491	0.00736	0.01012	0.01350	0.02914	0.81076	0.03497	0.01656	0.00675	0.00215	0.00307	0.01503	0.00491	0.00429
11	0.01221	0.02016	0.32946	0.01886	0.02501	0.06391	0.41875	0.01713	0.01212	0.01660	0.01005	0.01272	0.00742	0.00475	0.00566	0.00171	0.00852	0.00513	0.00250	0.00734
12	0.01054	0.00841	0.02946	0.01216	0.01454	0.00785	0.15668	0.01365	0.03263	0.07714	0.02354	0.09443	0.02406	0.01170	0.00680	0.00219	0.00556	0.45837	0.00453	0.00576
13	0.00625	0.00536	0.00536	0.00536	0.00714	0.00446	0.00402	0.00759	0.01205	0.01428	0.05355	0.05088	0.77909	0.01339	0.00625	0.00179	0.00268	0.01116	0.00491	0.00446
14	0.85155	0.01022	0.00777	0.00695	0.01022	0.01186	0.00573	0.01554	0.00900	0.02372	0.00736	0.00859	0.00573	0.00491	0.00327	0.00164	0.00409	0.00286	0.00327	0.00573
15	0.00661	0.00472	0.00633	0.00756	0.00794	0.00444	0.00520	0.00766	0.01029	0.01369	0.02904	0.74894	0.03459	0.01640	0.00679	0.00217	0.00322	0.07516	0.00490	0.00434
16	0.85155	0.01022	0.00777	0.00695	0.01022	0.01186	0.00573	0.01554	0.00900	0.02372	0.00736	0.00859	0.00573	0.00491	0.00327	0.00164	0.00409	0.00286	0.00327	0.00573
17	0.00755	0.00566	0.00850	0.00850	0.00944	0.00661	0.00661	0.00944	0.00850	0.01227	0.01416	0.02077	0.01322	0.03965	0.79326	0.00850	0.01416	0.00566	0.00283	0.00472
18	0.01413	0.81739	0.02770	0.00905	0.01357	0.02092	0.00905	0.01583	0.01074	0.01244	0.00735	0.00848	0.00678	0.00452	0.00339	0.00113	0.00565	0.00283	0.00226	0.00678
19	0.00998	0.00940	0.01586	0.80150	0.03641	0.01175	0.01468	0.01351	0.01057	0.01351	0.00940	0.01409	0.00705	0.00529	0.00529	0.00176	0.00705	0.00470	0.00235	0.00587
20	0.01214	0.00779	0.01000	0.00991	0.01192	0.00790	0.00838	0.11816	0.04491	0.11777	0.02476	0.09834	0.02494	0.01225	0.00665	0.00217	0.00480	0.46598	0.00517	0.00608
21	0.00748	0.00540	0.00707	0.00665	0.00790	0.00499	0.00499	0.00998	0.01496	0.02120	0.77844	0.03949	0.04988	0.01081	0.00624	0.00166	0.00249	0.00956	0.00582	0.00499
22	0.01011	0.00965	0.01666	0.76077	0.03595	0.01183	0.05375	0.01369	0.01067	0.01369	0.00946	0.01410	0.00710	0.00524	0.00534	0.00176	0.00714	0.00478	0.00237	0.00594
23	0.00769	0.00513	0.00577	0.00577	0.00577	0.00513	0.00320	0.00769	0.00769	0.01025	0.01666	0.03460	0.01922	0.81421	0.02691	0.00513	0.00513	0.00769	0.00320	0.00320
24	0.00838	0.00601	0.00834	0.00953	0.01073	0.00597	0.00826	0.01073	0.01209	0.01569	0.02874	0.08697	0.05123	0.01464	0.00725	0.00241	0.00474	0.69857	0.00487	0.00484
25	0.04696	0.30674	0.36643	0.01311	0.04461	0.01543	0.04152	0.05176	0.01179	0.04343	0.00925	0.01059	0.00713	0.00492	0.00444	0.00147	0.00667	0.00368	0.00261	0.00745

[dist]
# distance from previous block
# <min> <max>
0	1

[block]
# block no. 4 follows, 46 sequences, length 69
# corresponding to MSA columns:
# 654-692,694-723
name=unknown_E
#
# <colnr> <probs for GDERKNQSTAVLIFYWHMCP>
#	G	D	E	R	K	N	Q	S	T	A	V	L	I	F	Y	W	H	M	C	P
0	0.01254	0.01181	0.01915	0.05633	0.59964	0.01143	0.01418	0.01554	0.01177	0.01712	0.00981	0.01270	0.00822	0.00457	0.00497	0.00142	0.00584	0.00439	0.00271	0.17586
1	0.01433	0.78932	0.02725	0.00921	0.01367	0.04828	0.00909	0.01602	0.01089	0.01246	0.00738	0.00852	0.00679	0.00456	0.00344	0.00114	0.00579	0.00285	0.00228	0.00676
2	0.01405	0.79236	0.02734	0.00920	0.01358	0.02077	0.00912	0.01573	0.01066	0.01245	0.00734	0.00858	0.00679	0.00467	0.00383	0.00117	0.03047	0.00288	0.00226	0.00675
3	0.01116	0.00951	0.01107	0.00792	0.01261	0.00725	0.00635	0.02968	0.01127	0.01758	0.00947	0.01100	0.00786	0.00397	0.00395	0.00080	0.00396	0.00317	0.00318	0.82825
4	0.01590	0.05625	0.01566	0.27460	0.02270	0.47348	0.01159	0.01803	0.01323	0.01319	0.00916	0.01255	0.00762	0.00564	0.00495	0.00152	0.00838	0.02686	0.00264	0.00604
5	0.00644	0.00462	0.00611	0.00730	0.00765	0.00430	0.00488	0.00737	0.01018	0.01352	0.02988	0.78771	0.05754	0.01647	0.00673	0.00214	0.00306	0.01491	0.00491	0.00430
6	0.01092	0.01042	0.01786	0.56492	0.24344	0.01202	0.03674	0.01436	0.01103	0.01465	0.00959	0.01382	0.00744	0.00510	0.00530	0.00171	0.00689	0.00475	0.00243	0.00661
7	0.01209	0.02792	0.01635	0.01377	0.01401	0.06091	0.01144	0.01326	0.00854	0.01273	0.00702	0.01139	0.00693	0.00894	0.01636	0.00224	0.74342	0.00452	0.00234	0.00582
8	0.01093	0.00940	0.01111	0.03254	0.01327	0.00719	0.00653	0.01332	0.01095	0.01711	0.00940	0.01106	0.00781	0.00396	0.00396	0.00081	0.00401	0.00318	0.00311	0.82035
9	0.00927	0.00818	0.01099	0.01019	0.01080	0.03522	0.00805	0.01074	0.00851	0.01227	0.01182	0.01858	0.01147	0.09505	0.44829	0.00595	0.27151	0.00543	0.00269	0.00498
10	0.01413	0.81739	0.02770	0.00905	0.01357	0.02092	0.00905	0.01583	0.01074	0.01244	0.00735	0.00848	0.00678	0.00452	0.00339	0.00113	0.00565	0.00283	0.00226	0.00678
11	0.00918	0.00459	0.00689	0.00689	0.00689	0.00459	0.00459	0.00689	0.00689	0.00918	0.00918	0.01607	0.00918	0.01837	0.02066	0.84619	0.00459	0.00459	0.00230	0.00230
12	0.00757	0.00561	0.00823	0.00823	0.00908	0.00646	0.00627	0.00927	0.00842	0.01207	0.01441	0.02213	0.01381	0.11608	0.71764	0.00816	0.01327	0.00586	0.00287	0.00457
13	0.01269	0.01216	0.02075	0.12930	0.68743	0.01246	0.01603	0.01588	0.01185	0.01680	0.00988	0.01321	0.00821	0.00478	0.00524	0.00159	0.00638	0.00471	0.00258	0.00806
14	0.00757	0.00560	0.00815	0.00815	0.00898	0.00642	0.00618	0.00922	0.00839	0.01202	0.01447	0.02251	0.01397	0.13719	0.69675	0.00807	0.01302	0.00592	0.00288	0.00453
15	0.85155	0.01022	0.00777	0.00695	0.01022	0.01186	0.00573	0.01554	0.00900	0.02372	0.00736	0.00859	0.00573	0.00491	0.00327	0.00164	0.00409	0.00286	0.00327	0.00573
16	0.01130	0.02040	0.44460	0.15835	0.02590	0.01237	0.18032	0.01638	0.01140	0.03846	0.01001	0.01257	0.00724	0.00508	0.00559	0.00173	0.02391	0.00461	0.00248	0.00731
17	0.00763	0.00534	0.00684	0.00684	0.00721	0.00571	0.00454	0.00837	0.00800	0.01104	0.01568	0.02917	0.01687	0.51055	0.32735	0.00645	0.00867	0.00689	0.00306	0.00380
18	0.85155	0.01022	0.00777	0.00695	0.01022	0.01186	0.00573	0.01554	0.00900	0.02372	0.00736	0.00859	0.00573	0.00491	0.00327	0.00164	0.00409	0.00286	0.00327	0.00573
19	0.01096	0.00940	0.01096	0.00783	0.01253	0.00705	0.00626	0.01331	0.01096	0.01723	0.00940	0.01096	0.00783	0.00392	0.00392	0.00078	0.00392	0.00313	0.00313	0.84653
20	0.00756	0.00565	0.00842	0.00842	0.00934	0.00657	0.00652	0.00939	0.00847	0.01222	0.01423	0.02114	0.01338	0.06064	0.77249	0.00840	0.01392	0.00572	0.00284	0.00468
21	0.01946	0.01457	0.01589	0.01229	0.01621	0.01638	0.01016	0.70804	0.02362	0.03179	0.01227	0.01261	0.00884	0.00656	0.00618	0.00164	0.06492	0.00475	0.00507	0.00875
22	0.00918	0.00459	0.00689	0.00689	0.00689	0.00459	0.00459	0.00689	0.00689	0.00918	0.00918	0.01607	0.00918	0.01837	0.02066	0.84619	0.00459	0.00459	0.00230	0.00230
23	0.01008	0.00950	0.01604	0.77646	0.06066	0.01177	0.01473	0.01360	0.01062	0.01363	0.00941	0.01406	0.00709	0.00527	0.00528	0.00176	0.00702	0.00470	0.00236	0.00595
24	0.85155	0.01022	0.00777	0.00695	0.01022	0.01186	0.00573	0.01554	0.00900	0.02372	0.00736	0.00859	0.00573	0.00491	0.00327	0.00164	0.00409	0.00286	0.00327	0.00573
25	0.00695	0.00538	0.00633	0.00609	0.00757	0.00476	0.00457	0.00895	0.01371	0.01823	0.46716	0.04438	0.36302	0.01192	0.00624	0.00172	0.00257	0.01025	0.00543	0.00476
26	0.00748	0.00540	0.00707	0.00665	0.00790	0.00499	0.00499	0.00998	0.01496	0.02120	0.77844	0.03949	0.04988	0.01081	0.00624	0.00166	0.00249	0.00956	0.00582	0.00499
27	0.00715	0.00523	0.00671	0.00667	0.00778	0.00479	0.00488	0.00921	0.01368	0.01894	0.55404	0.20024	0.11650	0.01225	0.00634	0.00177	0.00263	0.01085	0.00554	0.00479
28	0.85155	0.01022	0.00777	0.00695	0.01022	0.01186	0.00573	0.01554	0.00900	0.02372	0.00736	0.00859	0.00573	0.00491	0.00327	0.00164	0.00409	0.00286	0.00327	0.00573
29	0.01211	0.33023	0.25340	0.01072	0.01613	0.01437	0.01157	0.01532	0.01084	0.01505	0.00854	0.01008	0.00705	0.00468	0.00452	0.00124	0.03415	0.00330	0.00249	0.23422
30	0.01096	0.00940	0.01096	0.00783	0.01253	0.00705	0.00626	0.01331	0.01096	0.01723	0.00940	0.01096	0.00783	0.00392	0.00392	0.00078	0.00392	0.00313	0.00313	0.84653
31	0.00668	0.00537	0.00596	0.00581	0.00741	0.00465	0.00436	0.00843	0.01307	0.01671	0.30805	0.04688	0.52307	0.01248	0.00624	0.00174	0.00261	0.01060	0.00523	0.00465
32	0.01067	0.00954	0.01552	0.72299	0.03411	0.01170	0.01403	0.05112	0.01150	0.02930	0.03310	0.01487	0.00856	0.00553	0.00531	0.00175	0.00680	0.00486	0.00268	0.00606
33	0.85155	0.01022	0.00777	0.00695	0.01022	0.01186	0.00573	0.01554	0.00900	0.02372	0.00736	0.00859	0.00573	0.00491	0.00327	0.00164	0.00409	0.00286	0.00327	0.00573
34	0.08081	0.00991	0.01516	0.62912	0.03154	0.01207	0.02737	0.04204	0.07151	0.01582	0.01033	0.01404	0.00775	0.00543	0.00514	0.00175	0.00656	0.00468	0.00278	0.00620
35	0.00746	0.00521	0.00580	0.00585	0.00622	0.00504	0.00357	0.00780	0.00866	0.01121	0.02383	0.03857	0.15800	0.63623	0.02236	0.00441	0.00467	0.03803	0.00358	0.00350
36	0.01834	0.01378	0.01476	0.01174	0.01564	0.01537	0.00956	0.55539	0.22152	0.04498	0.01518	0.01465	0.01095	0.00657	0.00531	0.00164	0.00536	0.00509	0.00534	0.00883
37	0.01413	0.81739	0.02770	0.00905	0.01357	0.02092	0.00905	0.01583	0.01074	0.01244	0.00735	0.00848	0.00678	0.00452	0.00339	0.00113	0.00565	0.00283	0.00226	0.00678
38	0.01169	0.26781	0.52606	0.01296	0.01965	0.01472	0.01583	0.01634	0.01103	0.01545	0.00883	0.01034	0.00677	0.00483	0.00448	0.00147	0.00701	0.00355	0.00227	0.03891
39	0.01033	0.00843	0.01214	0.47177	0.02460	0.03735	0.02354	0.01341	0.01095	0.01579	0.01221	0.01596	0.00941	0.00559	0.00471	0.00156	0.00551	0.00476	0.30641	0.00556
40	0.00786	0.00549	0.00719	0.00672	0.00803	0.00505	0.00505	0.01035	0.01497	0.03913	0.76066	0.03898	0.04902	0.01071	0.00621	0.00166	0.00254	0.00946	0.00584	0.00508
41	0.01618	0.01285	0.01381	0.03225	0.01553	0.01457	0.00929	0.35793	0.41630	0.02692	0.01724	0.01642	0.01269	0.00675	0.00534	0.00170	0.00499	0.00540	0.00526	0.00858
42	0.00723	0.00535	0.00692	0.00788	0.00887	0.00505	0.00616	0.00884	0.01135	0.01459	0.03387	0.34905	0.19139	0.01510	0.00686	0.00218	0.00370	0.30613	0.00489	0.00456
43	0.00700	0.00555	0.00648	0.00676	0.00823	0.00512	0.00533	0.00859	0.01146	0.01422	0.04129	0.04863	0.48016	0.05367	0.09976	0.00288	0.00465	0.18112	0.00458	0.00453
44	0.44623	0.01390	0.06872	0.00978	0.01370	0.05257	0.00854	0.28719	0.01521	0.02614	0.00949	0.01031	0.00704	0.00546	0.00421	0.00161	0.00526	0.00365	0.00390	0.00708
45	0.01118	0.02612	0.72035	0.01470	0.02222	0.01239	0.01862	0.06121	0.01197	0.01774	0.00968	0.01125	0.00686	0.00507	0.00501	0.00165	0.00759	0.00394	0.00244	0.03001
46	0.00748	0.00540	0.00707	0.00665	0.00790	0.00499	0.00499	0.00998	0.01496	0.02120	0.77844	0.03949	0.04988	0.01081	0.00624	0.00166	0.00249	0.00956	0.00582	0.00499
47	0.01279	0.01249	0.07721	0.22547	0.34649	0.01232	0.01439	0.06948	0.01250	0.05608	0.04232	0.01441	0.00981	0.00568	0.00618	0.00169	0.06539	0.00488	0.00302	0.00743
48	0.01499	0.69712	0.02577	0.00974	0.01399	0.13813	0.00922	0.01663	0.01139	0.01251	0.00747	0.00864	0.00679	0.00466	0.00360	0.00117	0.00624	0.00291	0.00233	0.00668
49	0.01180	0.01286	0.04565	0.01637	0.01818	0.01524	0.23045	0.01408	0.00947	0.01408	0.00812	0.01234	0.00725	0.00772	0.01371	0.00214	0.54682	0.00507	0.00242	0.00624
50	0.01105	0.12684	0.69122	0.01431	0.02171	0.01337	0.01821	0.01663	0.01111	0.01620	0.00922	0.01082	0.00671	0.00496	0.00482	0.00161	0.00754	0.00377	0.00224	0.00768
51	0.01075	0.06027	0.75519	0.01482	0.02249	0.01264	0.01910	0.01670	0.01114	0.01656	0.00940	0.01105	0.00670	0.00500	0.00495	0.00165	0.00772	0.00386	0.00223	0.00777
52	0.00896	0.00467	0.00672	0.00672	0.00672	0.00467	0.00438	0.00701	0.00701	0.00934	0.01030	0.01885	0.01069	0.13768	0.02160	0.72010	0.00467	0.00506	0.00243	0.00243
53	0.01149	0.22594	0.59600	0.01355	0.02054	0.01445	0.01690	0.01651	0.01106	0.01566	0.00895	0.01049	0.00672	0.00490	0.00461	0.00154	0.00727	0.00364	0.00224	0.00755
54	0.01218	0.01356	0.10345	0.18414	0.53659	0.01238	0.02968	0.01575	0.01166	0.01646	0.00980	0.01310	0.00792	0.00485	0.00524	0.00162	0.00665	0.00465	0.00252	0.00779
55	0.00699	0.00620	0.00627	0.00609	0.00777	0.02794	0.00461	0.00845	0.01228	0.01491	0.12687	0.04683	0.64742	0.01271	0.00667	0.00178	0.03627	0.01049	0.00483	0.00462
56	0.01064	0.02669	0.75471	0.01502	0.02251	0.01244	0.01920	0.01657	0.01103	0.01657	0.00938	0.01118	0.00671	0.00520	0.00554	0.00170	0.04101	0.00394	0.00224	0.00773
57	0.01253	0.01412	0.03036	0.02315	0.09199	0.01330	0.69833	0.01687	0.01244	0.01696	0.01063	0.01416	0.00805	0.00448	0.00615	0.00176	0.00869	0.00611	0.00267	0.00724
58	0.01062	0.00838	0.01071	0.00947	0.00996	0.01020	0.00709	0.06319	0.00935	0.04292	0.01283	0.02338	0.01349	0.40173	0.04423	0.00379	0.30448	0.00618	0.00313	0.00484
59	0.01143	0.21280	0.60862	0.01365	0.02069	0.01431	0.01707	0.01653	0.01106	0.01573	0.00899	0.01053	0.00672	0.00491	0.00464	0.00155	0.00731	0.00365	0.00224	0.00757
60	0.00852	0.00608	0.00852	0.00974	0.01095	0.00608	0.00852	0.01095	0.01217	0.01582	0.02799	0.05963	0.03042	0.01460	0.00730	0.00243	0.00487	0.74565	0.00487	0.00487
61	0.06018	0.01318	0.05119	0.01125	0.04154	0.10267	0.00912	0.21210	0.01671	0.34315	0.01541	0.01480	0.01050	0.00612	0.00501	0.00156	0.00548	0.00471	0.06720	0.00812
62	0.01394	0.01398	0.04541	0.01268	0.01595	0.19051	0.16789	0.06809	0.06109	0.08463	0.12459	0.06886	0.09360	0.00770	0.00568	0.00166	0.00625	0.00678	0.00415	0.00655
63	0.01370	0.39988	0.21230	0.01319	0.01864	0.01626	0.16205	0.01706	0.01154	0.07580	0.00961	0.01105	0.00751	0.00479	0.00451	0.00143	0.00674	0.00397	0.00268	0.00728
64	0.00766	0.00524	0.00634	0.00634	0.00654	0.00544	0.00392	0.00806	0.00786	0.01067	0.01613	0.03170	0.01796	0.65178	0.18762	0.00583	0.00702	0.00726	0.00313	0.00352
65	0.35860	0.01245	0.01582	0.01224	0.01623	0.01345	0.18733	0.23194	0.04815	0.02472	0.01051	0.01183	0.00783	0.00534	0.00466	0.00166	0.00571	0.00439	0.02005	0.00710
66	0.02974	0.04655	0.16596	0.09206	0.23219	0.20196	0.02677	0.01712	0.02711	0.01535	0.00917	0.01170	0.00744	0.00551	0.00625	0.00163	0.08966	0.00418	0.00257	0.00710
67	0.02716	0.00981	0.01630	0.67999	0.11382	0.01197	0.01457	0.01381	0.01062	0.01408	0.00934	0.01380	0.00716	0.00534	0.00561	0.00176	0.03168	0.00466	0.00239	0.00613
68	0.00674	0.00483	0.00642	0.00729	0.00783	0.00451	0.00505	0.00806	0.01125	0.01526	0.19284	0.61560	0.03806	0.01524	0.00666	0.00205	0.00301	0.03972	0.00511	0.00447

[dist]
# distance from previous block
# <min> <max>
3	8

[block]
# block no. 5 follows, 46 sequences, length 35
# corresponding to MSA columns:
# 732-744,746-767
name=unknown_F
#
# <colnr> <probs for GDERKNQSTAVLIFYWHMCP>
#	G	D	E	R	K	N	Q	S	T	A	V	L	I	F	Y	W	H	M	C	P
0	0.00965	0.00733	0.00975	0.03195	0.06361	0.00747	0.00697	0.04173	0.04968	0.05070	0.48364	0.04763	0.07184	0.00968	0.00679	0.00170	0.06166	0.00824	0.00511	0.02486
1	0.77928	0.01043	0.00895	0.00915	0.07668	0.01192	0.00663	0.01560	0.00926	0.02316	0.00758	0.00898	0.00595	0.00489	0.00344	0.00163	0.00428	0.00302	0.00322	0.00595
2	0.00766	0.00533	0.00646	0.03085	0.00739	0.00548	0.00420	0.00807	0.00842	0.01139	0.01892	0.20486	0.02181	0.56676	0.02087	0.00417	0.02911	0.00906	0.02553	0.00365
3	0.01038	0.00988	0.01694	0.69681	0.11243	0.01188	0.03968	0.01390	0.01078	0.01401	0.00950	0.01400	0.00722	0.00520	0.00531	0.00174	0.00703	0.00475	0.00239	0.00617
4	0.00836	0.00686	0.00925	0.00900	0.00981	0.03357	0.00695	0.00998	0.00866	0.01223	0.01384	0.04477	0.01345	0.09103	0.60535	0.00717	0.09618	0.00592	0.00286	0.00476
5	0.00763	0.00534	0.00683	0.00683	0.00720	0.00570	0.00453	0.00837	0.00800	0.01104	0.01568	0.02921	0.01688	0.51228	0.32564	0.00644	0.00865	0.00690	0.00306	0.00379
6	0.00918	0.00459	0.00689	0.00689	0.00689	0.00459	0.00459	0.00689	0.00689	0.00918	0.00918	0.01607	0.00918	0.01837	0.02066	0.84619	0.00459	0.00459	0.00230	0.00230
7	0.00748	0.00540	0.00707	0.00665	0.00790	0.00499	0.00499	0.00998	0.01496	0.02120	0.77844	0.03949	0.04988	0.01081	0.00624	0.00166	0.00249	0.00956	0.00582	0.00499
8	0.00769	0.00513	0.00577	0.00577	0.00577	0.00513	0.00320	0.00769	0.00769	0.01025	0.01666	0.03460	0.01922	0.81421	0.02691	0.00513	0.00513	0.00769	0.00320	0.00320
9	0.00740	0.00540	0.00695	0.00656	0.00785	0.00495	0.00492	0.00981	0.01476	0.02072	0.72809	0.04028	0.10054	0.01099	0.00624	0.00167	0.00251	0.00967	0.00576	0.00495
10	0.00998	0.00940	0.01586	0.80150	0.03641	0.01175	0.01468	0.01351	0.01057	0.01351	0.00940	0.01409	0.00705	0.00529	0.00529	0.00176	0.00705	0.00470	0.00235	0.00587
11	0.01157	0.01157	0.01619	0.01388	0.01388	0.01619	0.01157	0.01272	0.00810	0.01272	0.00694	0.01157	0.00694	0.00925	0.01735	0.00231	0.80453	0.00463	0.00231	0.00578
12	0.01096	0.00940	0.01096	0.00783	0.01253	0.00705	0.00626	0.01331	0.01096	0.01723	0.00940	0.01096	0.00783	0.00392	0.00392	0.00078	0.00392	0.00313	0.00313	0.84653
13	0.01229	0.01162	0.01955	0.27390	0.52714	0.01240	0.01558	0.03466	0.01191	0.01650	0.00984	0.01339	0.00797	0.00493	0.00525	0.00163	0.00651	0.00471	0.00260	0.00760
14	0.00918	0.00459	0.00689	0.00689	0.00689	0.00459	0.00459	0.00689	0.00689	0.00918	0.00918	0.01607	0.00918	0.01837	0.02066	0.84619	0.00459	0.00459	0.00230	0.00230
15	0.01041	0.00979	0.01635	0.69598	0.11630	0.01187	0.01467	0.01421	0.03226	0.01416	0.00980	0.01414	0.00745	0.00528	0.00528	0.00174	0.00688	0.00474	0.00246	0.00621
16	0.00817	0.00648	0.00767	0.00706	0.00913	0.00554	0.00523	0.03267	0.01196	0.01641	0.13950	0.28321	0.20316	0.01131	0.00576	0.00161	0.00320	0.00985	0.00458	0.22750
17	0.01732	0.08670	0.04282	0.02896	0.01575	0.13795	0.00975	0.40503	0.09854	0.02438	0.01254	0.01413	0.00982	0.06491	0.00661	0.00180	0.00626	0.00468	0.00430	0.00775
18	0.01150	0.22821	0.59382	0.01354	0.02051	0.01447	0.01687	0.01651	0.01105	0.01565	0.00894	0.01048	0.00672	0.00490	0.00461	0.00154	0.00726	0.00363	0.00224	0.00755
19	0.00924	0.00726	0.01049	0.01156	0.10537	0.00690	0.04496	0.05457	0.01142	0.03247	0.02210	0.48964	0.02478	0.03970	0.02459	0.00213	0.00435	0.01093	0.00430	0.08326
20	0.01132	0.00961	0.01115	0.00800	0.01268	0.00741	0.00641	0.04267	0.01151	0.01786	0.00953	0.01103	0.00788	0.00401	0.00397	0.00081	0.00399	0.00320	0.00322	0.81375
21	0.00936	0.00510	0.00756	0.00740	0.00740	0.00544	0.00510	0.00731	0.00698	0.00944	0.00902	0.01574	0.00902	0.01770	0.02042	0.78471	0.06287	0.00459	0.00230	0.00255
22	0.01164	0.04068	0.39574	0.01882	0.05157	0.01300	0.35818	0.01679	0.01178	0.01674	0.01000	0.01258	0.00736	0.00474	0.00554	0.00171	0.00821	0.00497	0.00245	0.00750
23	0.01248	0.01426	0.03119	0.02228	0.02763	0.01337	0.76203	0.01693	0.01248	0.01693	0.01070	0.01426	0.00802	0.00446	0.00624	0.00178	0.00891	0.00624	0.00267	0.00713
24	0.00918	0.00459	0.00689	0.00689	0.00689	0.00459	0.00459	0.00689	0.00689	0.00918	0.00918	0.01607	0.00918	0.01837	0.02066	0.84619	0.00459	0.00459	0.00230	0.00230
25	0.01315	0.01136	0.01195	0.01076	0.01375	0.01315	0.00837	0.02809	0.77168	0.02211	0.02152	0.01972	0.01614	0.00717	0.00538	0.00179	0.00418	0.00598	0.00538	0.00837
26	0.00645	0.00467	0.00610	0.00720	0.00763	0.00432	0.00484	0.00744	0.01038	0.01374	0.04872	0.73708	0.08953	0.01619	0.00670	0.00211	0.00303	0.01462	0.00493	0.00432
27	0.00974	0.00690	0.00847	0.00751	0.00929	0.00675	0.00579	0.12309	0.01638	0.04167	0.62894	0.03520	0.05920	0.01009	0.00607	0.00165	0.00304	0.00877	0.00574	0.00567
28	0.01892	0.01146	0.01284	0.01007	0.01367	0.01207	0.00824	0.43907	0.01981	0.20886	0.01553	0.01535	0.01087	0.00636	0.00498	0.00153	0.00484	0.00493	0.17244	0.00818
29	0.01060	0.02735	0.78682	0.01507	0.02288	0.01228	0.01953	0.01674	0.01116	0.01674	0.00949	0.01116	0.00670	0.00502	0.00502	0.00167	0.00781	0.00391	0.00223	0.00781
30	0.00740	0.00538	0.00697	0.00662	0.00786	0.00495	0.00495	0.00980	0.01470	0.02069	0.72716	0.06353	0.07796	0.01108	0.00625	0.00168	0.00252	0.00979	0.00576	0.00495
31	0.01348	0.00673	0.00899	0.00767	0.00996	0.00601	0.00601	0.01580	0.01503	0.30309	0.49881	0.03156	0.03630	0.00923	0.00590	0.00165	0.00323	0.00799	0.00609	0.00647
32	0.00703	0.00515	0.00659	0.00672	0.00774	0.00472	0.00485	0.00891	0.01317	0.01808	0.46943	0.27508	0.12721	0.01285	0.00639	0.00182	0.00269	0.01140	0.00544	0.00472
33	0.01069	0.02352	0.60159	0.01568	0.02260	0.01193	0.14467	0.01628	0.01166	0.01710	0.06571	0.01375	0.01007	0.00535	0.00532	0.00169	0.00761	0.00471	0.00257	0.00749
34	0.07614	0.00963	0.01226	0.00949	0.01348	0.00891	0.00783	0.10456	0.01579	0.63895	0.03480	0.01726	0.01293	0.00651	0.00520	0.00163	0.00457	0.00519	0.00618	0.00870

[dist]
# distance from previous block
# <min> <max>
2	8

[block]
# block no. 6 follows, 46 sequences, length 72
# corresponding to MSA columns:
# 776-847
name=unknown_G
#
# <colnr> <probs for GDERKNQSTAVLIFYWHMCP>
#	G	D	E	R	K	N	Q	S	T	A	V	L	I	F	Y	W	H	M	C	P
0	0.03012	0.04414	0.17780	0.02054	0.09790	0.03321	0.46508	0.01708	0.01217	0.03501	0.01038	0.01319	0.00779	0.00468	0.00568	0.00170	0.00814	0.00535	0.00267	0.00736
1	0.01007	0.00935	0.01575	0.74690	0.06204	0.01153	0.01439	0.01338	0.01050	0.01349	0.00941	0.01413	0.00717	0.00571	0.00581	0.03055	0.00694	0.00469	0.00236	0.00584
2	0.00643	0.00464	0.00609	0.00725	0.00764	0.00430	0.00486	0.00737	0.01023	0.01354	0.03055	0.76687	0.07794	0.01638	0.00672	0.00213	0.00304	0.01481	0.00491	0.00430
3	0.01413	0.81739	0.02770	0.00905	0.01357	0.02092	0.00905	0.01583	0.01074	0.01244	0.00735	0.00848	0.00678	0.00452	0.00339	0.00113	0.00565	0.00283	0.00226	0.00678
4	0.01308	0.01256	0.02146	0.03245	0.78123	0.01256	0.01622	0.01622	0.01204	0.01727	0.00994	0.01308	0.00837	0.00471	0.00523	0.00157	0.00628	0.00471	0.00262	0.00837
5	0.00918	0.00459	0.00689	0.00689	0.00689	0.00459	0.00459	0.00689	0.00689	0.00918	0.00918	0.01607	0.00918	0.01837	0.02066	0.84619	0.00459	0.00459	0.00230	0.00230
6	0.01885	0.01968	0.01515	0.01347	0.04341	0.41618	0.01016	0.26769	0.10709	0.02092	0.01130	0.01190	0.00868	0.00592	0.00503	0.00149	0.00756	0.00420	0.00388	0.00742
7	0.00644	0.00460	0.00613	0.00736	0.00767	0.00429	0.00491	0.00736	0.01012	0.01350	0.02914	0.81076	0.03497	0.01656	0.00675	0.00215	0.00307	0.01503	0.00491	0.00429
8	0.00852	0.00608	0.00852	0.00974	0.01095	0.00608	0.00852	0.01095	0.01217	0.01582	0.02799	0.05963	0.03042	0.01460	0.00730	0.00243	0.00487	0.74565	0.00487	0.00487
9	0.79456	0.01027	0.00816	0.00718	0.01051	0.01177	0.00592	0.03288	0.00964	0.05910	0.00810	0.00911	0.00614	0.00502	0.00341	0.00163	0.00415	0.00302	0.00347	0.00595
10	0.00998	0.00940	0.01586	0.80150	0.03641	0.01175	0.01468	0.01351	0.01057	0.01351	0.00940	0.01409	0.00705	0.00529	0.00529	0.00176	0.00705	0.00470	0.00235	0.00587
11	0.00668	0.00470	0.00606	0.00705	0.00730	0.00446	0.00458	0.00742	0.00965	0.01287	0.02672	0.66018	0.03191	0.17131	0.01066	0.00272	0.00347	0.01360	0.00458	0.00408
12	0.85155	0.01022	0.00777	0.00695	0.01022	0.01186	0.00573	0.01554	0.00900	0.02372	0.00736	0.00859	0.00573	0.00491	0.00327	0.00164	0.00409	0.00286	0.00327	0.00573
13	0.01975	0.02520	0.01498	0.01362	0.01634	0.79299	0.01021	0.02111	0.01498	0.01294	0.00817	0.00953	0.00681	0.00545	0.00477	0.00136	0.00953	0.00340	0.00272	0.00613
14	0.01224	0.01132	0.01803	0.08281	0.48055	0.01130	0.03033	0.03290	0.05310	0.01731	0.01171	0.04594	0.01018	0.00628	0.02382	0.00169	0.00598	0.01770	0.00302	0.12380
15	0.01834	0.03144	0.01293	0.01020	0.01380	0.01134	0.00826	0.16091	0.27114	0.32739	0.06205	0.01857	0.01528	0.00691	0.00533	0.00167	0.00455	0.00561	0.00577	0.00850
16	0.00998	0.00940	0.01586	0.80150	0.03641	0.01175	0.01468	0.01351	0.01057	0.01351	0.00940	0.01409	0.00705	0.00529	0.00529	0.00176	0.00705	0.00470	0.00235	0.00587
17	0.01863	0.01499	0.14001	0.01377	0.08108	0.01295	0.02722	0.34948	0.03570	0.23081	0.01430	0.01410	0.00981	0.00603	0.00527	0.00162	0.00585	0.00483	0.00486	0.00870
18	0.00903	0.00617	0.00768	0.00824	0.00923	0.02278	0.00599	0.04375	0.02724	0.07194	0.02653	0.57252	0.02993	0.01550	0.03339	0.00231	0.00404	0.09374	0.00493	0.00506
19	0.00635	0.00536	0.00549	0.00546	0.00720	0.00450	0.00409	0.00778	0.01228	0.01483	0.11091	0.04998	0.72139	0.01318	0.00625	0.00178	0.00266	0.01103	0.00498	0.00450
20	0.05782	0.01050	0.01100	0.00987	0.01274	0.01196	0.00770	0.02564	0.61591	0.05628	0.02028	0.01905	0.01517	0.00692	0.00508	0.00172	0.00401	0.00567	0.09479	0.00789
21	0.01216	0.01324	0.02736	0.14944	0.13402	0.01299	0.53754	0.01628	0.01211	0.01643	0.01038	0.01407	0.00791	0.00463	0.00594	0.00175	0.00824	0.00578	0.00261	0.00710
22	0.00985	0.00493	0.00493	0.00493	0.00616	0.00493	0.00370	0.01232	0.01109	0.01971	0.01725	0.01971	0.01355	0.00616	0.00370	0.00123	0.00246	0.00493	0.84356	0.00493
23	0.02355	0.00926	0.01243	0.00953	0.01363	0.00816	0.00787	0.05954	0.01558	0.75049	0.02048	0.01775	0.01290	0.00653	0.00532	0.00163	0.00456	0.00529	0.00649	0.00900
24	0.02362	0.00915	0.01236	0.00948	0.01357	0.00800	0.00783	0.04516	0.01539	0.76514	0.02064	0.01785	0.01298	0.00654	0.00532	0.00163	0.00453	0.00530	0.00651	0.00900
25	0.00918	0.00459	0.00689	0.00689	0.00689	0.00459	0.00459	0.00689	0.00689	0.00918	0.00918	0.01607	0.00918	0.01837	0.02066	0.84619	0.00459	0.00459	0.00230	0.00230
26	0.00912	0.00677	0.00860	0.00922	0.01051	0.00706	0.00758	0.01316	0.13396	0.01588	0.02499	0.04887	0.02619	0.15136	0.01037	0.00279	0.00480	0.49897	0.00466	0.00515
27	0.00998	0.00940	0.01586	0.80150	0.03641	0.01175	0.01468	0.01351	0.01057	0.01351	0.00940	0.01409	0.00705	0.00529	0.00529	0.00176	0.00705	0.00470	0.00235	0.00587
28	0.01096	0.00940	0.01096	0.00783	0.01253	0.00705	0.00626	0.01331	0.01096	0.01723	0.00940	0.01096	0.00783	0.00392	0.00392	0.00078	0.00392	0.00313	0.00313	0.84653
29	0.01413	0.81739	0.02770	0.00905	0.01357	0.02092	0.00905	0.01583	0.01074	0.01244	0.00735	0.00848	0.00678	0.00452	0.00339	0.00113	0.00565	0.00283	0.00226	0.00678
30	0.00628	0.00536	0.00540	0.00539	0.00716	0.00448	0.00404	0.00765	0.01213	0.01447	0.07373	0.05056	0.75879	0.01332	0.00625	0.00178	0.00267	0.01111	0.00493	0.00448
31	0.00677	0.00532	0.00613	0.00611	0.00755	0.00468	0.00456	0.00852	0.01295	0.01679	0.31734	0.11623	0.42625	0.01276	0.00631	0.00179	0.00269	0.02736	0.00524	0.00465
32	0.00755	0.00566	0.00850	0.00850	0.00944	0.00661	0.00661	0.00944	0.00850	0.01227	0.01416	0.02077	0.01322	0.03965	0.79326	0.00850	0.01416	0.00566	0.00283	0.00472
33	0.00748	0.00540	0.00707	0.00665	0.00790	0.00499	0.00499	0.00998	0.01496	0.02120	0.77844	0.03949	0.04988	0.01081	0.00624	0.00166	0.00249	0.00956	0.00582	0.00499
34	0.01293	0.01268	0.02248	0.05064	0.67266	0.01264	0.10503	0.01624	0.01205	0.01714	0.01002	0.01325	0.00830	0.00469	0.00535	0.00160	0.00661	0.00489	0.00262	0.00816
35	0.01097	0.01041	0.01764	0.55603	0.27415	0.01201	0.01517	0.01437	0.01104	0.01471	0.00957	0.01377	0.00747	0.00510	0.00527	0.00170	0.00680	0.00470	0.00243	0.00667
36	0.01096	0.00940	0.01096	0.00783	0.01253	0.00705	0.00626	0.01331	0.01096	0.01723	0.00940	0.01096	0.00783	0.00392	0.00392	0.00078	0.00392	0.00313	0.00313	0.84653
37	0.00728	0.00525	0.00688	0.00679	0.00785	0.00485	0.00497	0.00947	0.01402	0.01969	0.63198	0.19025	0.04697	0.01193	0.00634	0.00176	0.00261	0.01063	0.00564	0.00485
38	0.00758	0.00554	0.00788	0.00788	0.00861	0.00627	0.00584	0.00905	0.00831	0.01182	0.01472	0.02388	0.01457	0.21386	0.62089	0.00774	0.01213	0.00612	0.00292	0.00438
39	0.01248	0.01426	0.03119	0.02228	0.02763	0.01337	0.76203	0.01693	0.01248	0.01693	0.01070	0.01426	0.00802	0.00446	0.00624	0.00178	0.00891	0.00624	0.00267	0.00713
40	0.01174	0.00674	0.00694	0.00626	0.00804	0.00704	0.00486	0.15049	0.01362	0.02221	0.01641	0.01842	0.01271	0.00619	0.00399	0.00130	0.00308	0.00490	0.68939	0.00567
41	0.00998	0.00940	0.01586	0.80150	0.03641	0.01175	0.01468	0.01351	0.01057	0.01351	0.00940	0.01409	0.00705	0.00529	0.00529	0.00176	0.00705	0.00470	0.00235	0.00587
42	0.00769	0.00513	0.00577	0.00577	0.00577	0.00513	0.00320	0.00769	0.00769	0.01025	0.01666	0.03460	0.01922	0.81421	0.02691	0.00513	0.00513	0.00769	0.00320	0.00320
43	0.01060	0.02735	0.78682	0.01507	0.02288	0.01228	0.01953	0.01674	0.01116	0.01674	0.00949	0.01116	0.00670	0.00502	0.00502	0.00167	0.00781	0.00391	0.00223	0.00781
44	0.04324	0.00943	0.01084	0.00780	0.01244	0.00723	0.00624	0.01340	0.01089	0.01748	0.00932	0.01087	0.00775	0.00395	0.00389	0.00082	0.00392	0.00312	0.00314	0.81424
45	0.01248	0.01426	0.03119	0.02228	0.02763	0.01337	0.76203	0.01693	0.01248	0.01693	0.01070	0.01426	0.00802	0.00446	0.00624	0.00178	0.00891	0.00624	0.00267	0.00713
46	0.02912	0.47413	0.25327	0.01182	0.05320	0.01674	0.01226	0.01571	0.01105	0.01449	0.02679	0.01210	0.02563	0.00522	0.00417	0.00138	0.00615	0.01728	0.00248	0.00702
47	0.03872	0.52049	0.16729	0.01080	0.01565	0.12239	0.01109	0.03469	0.01168	0.01414	0.00799	0.00923	0.00679	0.00480	0.00392	0.00129	0.00654	0.00315	0.00242	0.00691
48	0.00769	0.00513	0.00577	0.00577	0.00577	0.00513	0.00320	0.00769	0.00769	0.01025	0.01666	0.03460	0.01922	0.81421	0.02691	0.00513	0.00513	0.00769	0.00320	0.00320
