[name]
unknown

[dist]
# distance from previous block
# <min> <max>
0	0

[block]
# block no. 0 follows, 44 sequences, length 33
# corresponding to MSA columns:
# 91-123
name=unknown_A
#
# <colnr> <probs for GDERKNQSTAVLIFYWHMCP>
#	G	D	E	R	K	N	Q	S	T	A	V	L	I	F	Y	W	H	M	C	P
0	0.00879	0.00628	0.00879	0.01004	0.01130	0.00628	0.00879	0.01130	0.01255	0.01632	0.02887	0.06150	0.03138	0.01506	0.00753	0.00251	0.00502	0.73770	0.00502	0.00502
1	0.01278	0.01222	0.02083	0.20416	0.60930	0.01276	0.01637	0.01610	0.01207	0.01694	0.01013	0.01373	0.00833	0.00499	0.00541	0.00166	0.00665	0.00485	0.00264	0.00806
2	0.00664	0.00548	0.00583	0.00585	0.00751	0.00467	0.00435	0.00818	0.01275	0.01574	0.16001	0.09751	0.61939	0.01362	0.00647	0.00185	0.00276	0.01151	0.00520	0.00467
3	0.01356	0.01171	0.01233	0.01109	0.01418	0.01356	0.00863	0.02897	0.76455	0.02281	0.02219	0.02034	0.01664	0.00740	0.00555	0.00185	0.00431	0.00616	0.00555	0.00863
4	0.00768	0.00557	0.00723	0.00682	0.00812	0.00513	0.00511	0.01021	0.01534	0.02165	0.74983	0.04108	0.07326	0.01123	0.00643	0.00172	0.00258	0.00991	0.00597	0.00513
5	0.00863	0.00616	0.00861	0.00986	0.01105	0.00614	0.00851	0.01102	0.01240	0.01614	0.02895	0.11576	0.03172	0.01521	0.00749	0.00249	0.00488	0.68498	0.00502	0.00498
6	0.01413	0.01158	0.01234	0.01102	0.01416	0.01327	0.00860	0.02884	0.72532	0.06237	0.02215	0.02025	0.01648	0.00736	0.00554	0.00184	0.00433	0.00613	0.00561	0.00866
7	0.02145	0.01007	0.01271	0.01001	0.01399	0.00953	0.00817	0.09320	0.12804	0.54441	0.04761	0.01888	0.01477	0.00690	0.00548	0.00168	0.00462	0.00562	0.00631	0.03656
8	0.09701	0.69112	0.06589	0.00944	0.01415	0.02018	0.00955	0.01634	0.01092	0.01421	0.00770	0.00890	0.00688	0.00473	0.00357	0.00125	0.00579	0.00298	0.00243	0.00694
9	0.01121	0.08639	0.72433	0.01508	0.02288	0.01332	0.01934	0.01720	0.01148	0.01694	0.00962	0.01130	0.00691	0.00514	0.00505	0.00168	0.00789	0.00395	0.00230	0.00798
10	0.01246	0.01389	0.02943	0.13649	0.02945	0.01362	0.62611	0.01683	0.01246	0.01683	0.01073	0.01461	0.00809	0.00485	0.00659	0.00185	0.02973	0.00616	0.00270	0.00713
11	0.00680	0.00547	0.00563	0.00563	0.00702	0.00477	0.00394	0.00785	0.01133	0.01372	0.04598	0.04839	0.58935	0.20690	0.01162	0.00268	0.00337	0.01064	0.00464	0.00429
12	0.00678	0.00533	0.00612	0.00636	0.00768	0.00468	0.00460	0.00831	0.01257	0.01610	0.20718	0.24619	0.42060	0.01407	0.00657	0.00191	0.00282	0.01218	0.00527	0.00468
13	0.01585	0.01351	0.01357	0.01165	0.01505	0.06153	0.00920	0.21863	0.52576	0.02525	0.01897	0.01780	0.01413	0.00707	0.00548	0.00177	0.00509	0.00567	0.00536	0.00866
14	0.00676	0.00484	0.00643	0.00751	0.00793	0.00451	0.00507	0.00789	0.01100	0.01481	0.11324	0.71912	0.03778	0.01641	0.00690	0.00216	0.00310	0.01487	0.00517	0.00451
15	0.01418	0.72664	0.11015	0.01000	0.01503	0.02060	0.01050	0.01643	0.01112	0.01331	0.00782	0.00905	0.00699	0.00472	0.00368	0.00123	0.00607	0.00304	0.00233	0.00711
16	0.00768	0.00557	0.00723	0.00682	0.00812	0.00513	0.00511	0.01021	0.01534	0.02164	0.74926	0.04109	0.07384	0.01123	0.00643	0.00172	0.00258	0.00991	0.00597	0.00513
17	0.01431	0.75449	0.08343	0.00978	0.01469	0.02092	0.01012	0.01639	0.01111	0.01315	0.00774	0.00895	0.00699	0.00470	0.00362	0.00121	0.00599	0.00300	0.00233	0.00707
18	0.01197	0.01024	0.01314	0.16340	0.01838	0.00926	0.02492	0.08742	0.01266	0.01857	0.01051	0.02994	0.00867	0.00487	0.00457	0.00114	0.00496	0.00406	0.00332	0.55799
19	0.01458	0.45682	0.02425	0.01206	0.01544	0.08774	0.06754	0.01639	0.01105	0.03513	0.00821	0.01038	0.00732	0.00603	0.00751	0.00156	0.20489	0.00378	0.00255	0.00677
20	0.01093	0.02820	0.78016	0.01554	0.02360	0.01266	0.02014	0.01727	0.01151	0.01727	0.00978	0.01151	0.00691	0.00518	0.00518	0.00173	0.00806	0.00403	0.00230	0.00806
21	0.01847	0.01367	0.01477	0.01183	0.01566	0.01512	0.00959	0.54550	0.16167	0.05193	0.01626	0.07239	0.01272	0.00748	0.00558	0.00172	0.00544	0.00593	0.00548	0.00880
22	0.00766	0.00557	0.00721	0.00680	0.00811	0.00512	0.00510	0.01019	0.01531	0.02157	0.74200	0.04121	0.08114	0.01126	0.00643	0.00172	0.00258	0.00993	0.00596	0.00512
23	0.01093	0.02820	0.78016	0.01554	0.02360	0.01266	0.02014	0.01727	0.01151	0.01727	0.00978	0.01151	0.00691	0.00518	0.00518	0.00173	0.00806	0.00403	0.00230	0.00806
24	0.02037	0.02598	0.01545	0.01404	0.01685	0.78652	0.01053	0.02177	0.01545	0.01334	0.00843	0.00983	0.00702	0.00562	0.00492	0.00140	0.00983	0.00351	0.00281	0.00632
25	0.00724	0.00520	0.00686	0.00718	0.00804	0.00483	0.00511	0.00909	0.01321	0.01832	0.44137	0.38096	0.04459	0.01379	0.00667	0.00194	0.00284	0.01237	0.00558	0.00483
26	0.01349	0.01295	0.02213	0.03346	0.77440	0.01295	0.01673	0.01673	0.01241	0.01781	0.01025	0.01349	0.00864	0.00486	0.00540	0.00162	0.00648	0.00486	0.00270	0.00864
27	0.02446	0.00928	0.01265	0.00970	0.01392	0.00801	0.00801	0.02657	0.01560	0.77817	0.02151	0.01856	0.01350	0.00675	0.00548	0.00169	0.00464	0.00548	0.00675	0.00928
28	0.00663	0.00480	0.00627	0.00744	0.00787	0.00444	0.00499	0.00761	0.01058	0.01398	0.03189	0.74993	0.08979	0.01684	0.00692	0.00219	0.00313	0.01521	0.00506	0.00444
29	0.00664	0.00474	0.00633	0.00759	0.00791	0.00443	0.00506	0.00759	0.01044	0.01392	0.03005	0.80485	0.03606	0.01708	0.00696	0.00221	0.00316	0.01550	0.00506	0.00443
30	0.01093	0.02820	0.78016	0.01554	0.02360	0.01266	0.02014	0.01727	0.01151	0.01727	0.00978	0.01151	0.00691	0.00518	0.00518	0.00173	0.00806	0.00403	0.00230	0.00806
31	0.00767	0.00557	0.00723	0.00681	0.00812	0.00513	0.00511	0.01020	0.01533	0.02161	0.74648	0.04113	0.07663	0.01124	0.00643	0.00172	0.00258	0.00992	0.00597	0.00513
32	0.01093	0.02820	0.78016	0.01554	0.02360	0.01266	0.02014	0.01727	0.01151	0.01727	0.00978	0.01151	0.00691	0.00518	0.00518	0.00173	0.00806	0.00403	0.00230	0.00806

[dist]
# distance from previous block
# <min> <max>
1	9

[block]
# block no. 1 follows, 44 sequences, length 38
# corresponding to MSA columns:
# 133-170
name=unknown_B
#
# <colnr> <probs for GDERKNQSTAVLIFYWHMCP>
#	G	D	E	R	K	N	Q	S	T	A	V	L	I	F	Y	W	H	M	C	P
0	0.11761	0.01470	0.01976	0.18414	0.02391	0.11772	0.22798	0.17885	0.02739	0.02079	0.01060	0.01303	0.00795	0.00545	0.00541	0.00171	0.00747	0.00493	0.00340	0.00720
1	0.00762	0.00554	0.00718	0.00683	0.00810	0.00509	0.00510	0.01008	0.01512	0.02126	0.71311	0.06994	0.08159	0.01148	0.00645	0.00174	0.00260	0.01014	0.00593	0.00509
2	0.01426	0.01016	0.01196	0.00889	0.01338	0.00854	0.00715	0.11480	0.01381	0.12989	0.01276	0.04796	0.01027	0.00535	0.00457	0.00111	0.00435	0.00433	0.00412	0.57237
3	0.00661	0.00489	0.00618	0.00721	0.00781	0.00446	0.00489	0.00763	0.01080	0.01406	0.03463	0.66799	0.16996	0.01648	0.00686	0.00215	0.00309	0.01477	0.00506	0.00446
4	0.01346	0.01389	0.02858	0.07897	0.03989	0.01357	0.59020	0.03678	0.01296	0.05791	0.01133	0.01469	0.00845	0.00508	0.00685	0.00185	0.04906	0.00611	0.00300	0.00736
5	0.01291	0.01445	0.02902	0.03729	0.07892	0.03673	0.59547	0.01697	0.01247	0.01689	0.01085	0.02639	0.00858	0.00525	0.00723	0.00186	0.07252	0.00621	0.00275	0.00723
6	0.01287	0.01471	0.03217	0.02298	0.02849	0.01379	0.75460	0.01746	0.01287	0.01746	0.01103	0.01471	0.00827	0.00460	0.00643	0.00184	0.00919	0.00643	0.00276	0.00735
7	0.01245	0.01404	0.03044	0.02195	0.02712	0.01316	0.70458	0.01680	0.01271	0.01723	0.01230	0.06743	0.01013	0.00543	0.00647	0.00186	0.00879	0.00704	0.00291	0.00716
8	0.00664	0.00477	0.00630	0.00752	0.00789	0.00443	0.00503	0.00760	0.01051	0.01394	0.03090	0.77927	0.06108	0.01697	0.00694	0.00220	0.00315	0.01536	0.00506	0.00443
9	0.00823	0.00701	0.01039	0.01013	0.01074	0.00776	0.05887	0.00949	0.01015	0.01399	0.02373	0.57672	0.02781	0.01456	0.00931	0.00223	0.17708	0.01253	0.00432	0.00497
10	0.00775	0.00555	0.00714	0.00714	0.00772	0.00590	0.00491	0.00871	0.00866	0.01182	0.01912	0.03080	0.07777	0.40895	0.35772	0.00653	0.00915	0.00730	0.00328	0.00409
11	0.01958	0.08880	0.01655	0.01367	0.01653	0.69591	0.01049	0.02101	0.01483	0.01329	0.00831	0.00982	0.00703	0.00569	0.00529	0.00142	0.03915	0.00351	0.00275	0.00636
12	0.84691	0.01054	0.00801	0.00717	0.01054	0.01223	0.00590	0.01603	0.00928	0.02446	0.00759	0.00886	0.00590	0.00506	0.00337	0.00169	0.00422	0.00295	0.00337	0.00590
13	0.01426	0.01459	0.01895	0.20985	0.38067	0.15908	0.02660	0.05555	0.01333	0.01685	0.01049	0.01447	0.00871	0.00553	0.00540	0.00166	0.00728	0.02639	0.00287	0.00749
14	0.01068	0.02638	0.71785	0.01484	0.02235	0.01206	0.01893	0.01670	0.01183	0.01764	0.07120	0.01387	0.01050	0.00566	0.00528	0.00173	0.00761	0.00450	0.00260	0.00782
15	0.00818	0.00605	0.00794	0.00877	0.01015	0.00581	0.00744	0.01045	0.01279	0.01648	0.10333	0.05761	0.19402	0.01443	0.00719	0.00229	0.00430	0.51272	0.00512	0.00494
16	0.13081	0.01138	0.01682	0.34250	0.11129	0.05525	0.11229	0.01494	0.01135	0.01652	0.01121	0.07691	0.00971	0.00608	0.00530	0.00173	0.00664	0.00549	0.00291	0.05085
17	0.01996	0.08082	0.01636	0.01372	0.01665	0.73313	0.01045	0.02139	0.01514	0.01331	0.00837	0.00976	0.00702	0.00555	0.00482	0.00139	0.00955	0.00347	0.00278	0.00637
18	0.04480	0.01402	0.01462	0.01157	0.01523	0.05149	0.00934	0.53927	0.03786	0.07183	0.03127	0.01591	0.01134	0.07869	0.00768	0.00198	0.02448	0.00522	0.00509	0.00830
19	0.01282	0.26058	0.42777	0.01522	0.08106	0.01562	0.04107	0.05627	0.01225	0.01690	0.00938	0.01103	0.00724	0.00505	0.00475	0.00155	0.00719	0.00389	0.00253	0.00783
20	0.01266	0.01206	0.02035	0.23280	0.56067	0.01275	0.01610	0.01632	0.03215	0.01693	0.01043	0.01395	0.00849	0.00508	0.00542	0.00168	0.00663	0.00489	0.00270	0.00796
21	0.00664	0.00474	0.00633	0.00759	0.00791	0.00443	0.00506	0.00759	0.01044	0.01392	0.03005	0.80485	0.03606	0.01708	0.00696	0.00221	0.00316	0.01550	0.00506	0.00443
22	0.05602	0.01635	0.01554	0.01241	0.01640	0.12917	0.01005	0.55782	0.08300	0.02992	0.01290	0.01301	0.00939	0.00641	0.00529	0.00162	0.00635	0.00472	0.00498	0.00864
23	0.11489	0.01026	0.01254	0.03081	0.01440	0.01002	0.00823	0.12203	0.05947	0.50649	0.04187	0.01742	0.01327	0.00667	0.00527	0.00169	0.00476	0.00528	0.00599	0.00865
24	0.00767	0.00524	0.00660	0.00720	0.00814	0.00473	0.00504	0.00894	0.01167	0.05562	0.11578	0.52523	0.18748	0.01521	0.00672	0.00205	0.00309	0.01353	0.00525	0.00480
25	0.81135	0.01072	0.00904	0.00784	0.01131	0.01230	0.03783	0.01609	0.00943	0.02416	0.00774	0.00911	0.00601	0.00504	0.00350	0.00169	0.00443	0.00310	0.00335	0.00597
26	0.00756	0.00554	0.00709	0.00675	0.00806	0.00507	0.00505	0.00997	0.01499	0.02093	0.67997	0.06561	0.11988	0.01158	0.00645	0.00174	0.00261	0.01019	0.00588	0.00507
27	0.19452	0.01191	0.01791	0.13126	0.35433	0.01286	0.06791	0.03931	0.03190	0.01919	0.01010	0.01298	0.00812	0.00532	0.00555	0.00171	0.04052	0.00460	0.02259	0.00740
28	0.01422	0.73433	0.10277	0.00994	0.01494	0.02069	0.01040	0.01642	0.01112	0.01326	0.00780	0.00902	0.00699	0.00472	0.00366	0.00122	0.00605	0.00303	0.00233	0.00710
29	0.50079	0.16122	0.12123	0.00938	0.01349	0.05538	0.00901	0.01645	0.01022	0.02029	0.00793	0.00938	0.00635	0.00520	0.00428	0.00161	0.03520	0.00319	0.00296	0.00643
30	0.01458	0.81168	0.02857	0.00933	0.01399	0.02157	0.00933	0.01632	0.01108	0.01283	0.00758	0.00875	0.00700	0.00466	0.00350	0.00117	0.00583	0.00292	0.00233	0.00700
31	0.00690	0.00493	0.00662	0.00789	0.00832	0.00465	0.00551	0.00804	0.01069	0.01421	0.02991	0.71511	0.03549	0.01684	0.00703	0.00225	0.00339	0.10268	0.00506	0.00450
32	0.00717	0.00540	0.00663	0.00670	0.00794	0.00487	0.00492	0.00908	0.01353	0.01818	0.40981	0.20011	0.24628	0.01316	0.00656	0.00187	0.00279	0.02463	0.00553	0.00485
33	0.01008	0.00738	0.00964	0.01032	0.01195	0.00764	0.00890	0.07259	0.06608	0.01822	0.02713	0.05472	0.02857	0.01384	0.00722	0.00239	0.00505	0.62757	0.00509	0.00561
34	0.00867	0.00619	0.00865	0.00991	0.01111	0.00618	0.00859	0.01110	0.01244	0.01619	0.02893	0.10105	0.03162	0.01517	0.00750	0.00249	0.00492	0.69927	0.00502	0.00499
35	0.00927	0.00685	0.00870	0.00820	0.00964	0.00705	0.00633	0.01284	0.09183	0.05207	0.44954	0.10230	0.08254	0.01134	0.00734	0.00188	0.06722	0.05392	0.00550	0.00565
36	0.01662	0.01298	0.01640	0.01449	0.10850	0.01332	0.06189	0.40614	0.01960	0.04484	0.08436	0.01572	0.01304	0.00624	0.00538	0.00152	0.00560	0.00522	0.00465	0.14348
37	0.10438	0.01481	0.03492	0.02863	0.06866	0.13221	0.02670	0.25957	0.04715	0.07831	0.07554	0.01511	0.01237	0.00671	0.00625	0.00169	0.07002	0.00499	0.00433	0.00765

[dist]
# distance from previous block
# <min> <max>
0	11

[block]
# block no. 2 follows, 44 sequences, length 10
# corresponding to MSA columns:
# 182-191
name=unknown_C
#
# <colnr> <probs for GDERKNQSTAVLIFYWHMCP>
#	G	D	E	R	K	N	Q	S	T	A	V	L	I	F	Y	W	H	M	C	P
0	0.06151	0.01066	0.04007	0.00978	0.01381	0.00960	0.00821	0.07751	0.12986	0.34743	0.05832	0.01855	0.01452	0.00664	0.00521	0.00158	0.00459	0.02184	0.00543	0.15490
1	0.01890	0.01262	0.01425	0.01089	0.01525	0.01278	0.00892	0.40113	0.06559	0.17588	0.01453	0.01420	0.01028	0.00607	0.00515	0.00147	0.00519	0.00472	0.00521	0.19698
2	0.13215	0.01316	0.01734	0.04871	0.01854	0.07193	0.18327	0.11510	0.12339	0.17227	0.01421	0.01477	0.01017	0.00584	0.00532	0.00169	0.00627	0.00512	0.00439	0.03634
3	0.01774	0.20589	0.01875	0.04374	0.01699	0.39184	0.03751	0.06689	0.04015	0.04773	0.00977	0.01097	0.00788	0.00542	0.00469	0.00139	0.00776	0.00378	0.00314	0.05796
4	0.01416	0.39367	0.11136	0.01066	0.01498	0.09266	0.03802	0.01709	0.03878	0.07070	0.08894	0.01641	0.05918	0.00627	0.00464	0.00144	0.00597	0.00476	0.00336	0.00696
5	0.00692	0.00500	0.00658	0.00755	0.00814	0.00466	0.00528	0.00821	0.01135	0.01517	0.12851	0.61037	0.07974	0.01598	0.00690	0.00215	0.00319	0.06455	0.00518	0.00457
6	0.19354	0.01231	0.01453	0.17387	0.07459	0.01377	0.01060	0.30172	0.04864	0.08725	0.01209	0.01327	0.00876	0.00593	0.00501	0.00170	0.00573	0.00458	0.00430	0.00782
7	0.00740	0.00522	0.00654	0.00725	0.00772	0.00501	0.00496	0.00836	0.01025	0.01357	0.06109	0.37163	0.07206	0.27549	0.01379	0.00322	0.00407	0.11367	0.00452	0.00419
8	0.01965	0.02462	0.01615	0.01608	0.09612	0.70557	0.01118	0.02124	0.01513	0.01381	0.00862	0.01021	0.00719	0.00554	0.00497	0.00143	0.00948	0.00365	0.00280	0.00656
9	0.01240	0.01059	0.01400	0.01038	0.01494	0.00906	0.09508	0.05857	0.07883	0.03846	0.01219	0.04179	0.01008	0.00509	0.00468	0.00114	0.00477	0.00447	0.00366	0.56982

[dist]
# distance from previous block
# <min> <max>
0	1

[block]
# block no. 3 follows, 44 sequences, length 243
# corresponding to MSA columns:
# 193-435
name=unknown_D
#
# <colnr> <probs for GDERKNQSTAVLIFYWHMCP>
#	G	D	E	R	K	N	Q	S	T	A	V	L	I	F	Y	W	H	M	C	P
0	0.01458	0.81168	0.02857	0.00933	0.01399	0.02157	0.00933	0.01632	0.01108	0.01283	0.00758	0.00875	0.00700	0.00466	0.00350	0.00117	0.00583	0.00292	0.00233	0.00700
1	0.84691	0.01054	0.00801	0.00717	0.01054	0.01223	0.00590	0.01603	0.00928	0.02446	0.00759	0.00886	0.00590	0.00506	0.00337	0.00169	0.00422	0.00295	0.00337	0.00590
2	0.02041	0.01512	0.01619	0.01248	0.01679	0.01676	0.01029	0.72462	0.05774	0.03386	0.01348	0.01340	0.00959	0.00658	0.00546	0.00165	0.00593	0.00496	0.00546	0.00924
3	0.02446	0.00928	0.01265	0.00970	0.01392	0.00801	0.00801	0.02657	0.01560	0.77817	0.02151	0.01856	0.01350	0.00675	0.00548	0.00169	0.00464	0.00548	0.00675	0.00928
4	0.00973	0.00621	0.00799	0.00734	0.00905	0.00567	0.00561	0.02562	0.01498	0.10297	0.54805	0.08212	0.09382	0.01107	0.00632	0.00175	0.00301	0.03015	0.00587	0.02269
5	0.01995	0.08299	0.01640	0.01370	0.01665	0.73102	0.01045	0.02137	0.01513	0.01331	0.00837	0.00975	0.00702	0.00555	0.00481	0.00139	0.00954	0.00347	0.00277	0.00637
6	0.01229	0.00966	0.01141	0.00820	0.01299	0.00732	0.00658	0.01469	0.01163	0.07485	0.01058	0.01185	0.00848	0.00424	0.00415	0.00087	0.00408	0.00340	0.00349	0.77924
7	0.22952	0.01182	0.06115	0.03026	0.01590	0.01095	0.11595	0.10531	0.01403	0.23253	0.01842	0.01835	0.09930	0.00669	0.00517	0.00173	0.00540	0.00551	0.00458	0.00743
8	0.02382	0.00949	0.01270	0.00977	0.01392	0.00840	0.00806	0.06432	0.01612	0.71933	0.04082	0.01885	0.01427	0.00685	0.00551	0.00168	0.00466	0.00557	0.00666	0.00917
9	0.00776	0.00522	0.00600	0.00616	0.00620	0.00517	0.00353	0.00788	0.00825	0.01100	0.01884	0.13482	0.02191	0.70640	0.02507	0.00489	0.00501	0.00890	0.00353	0.00345
10	0.01219	0.01361	0.02888	0.09301	0.02787	0.01300	0.63475	0.01647	0.01266	0.01695	0.01395	0.01729	0.06075	0.00531	0.00634	0.00184	0.00857	0.00664	0.00289	0.00704
11	0.01233	0.01455	0.06638	0.09673	0.02823	0.01339	0.60857	0.01674	0.01243	0.01691	0.01126	0.03577	0.00883	0.00516	0.00657	0.00185	0.02802	0.00637	0.00276	0.00715
12	0.01208	0.01244	0.01991	0.03817	0.01792	0.01596	0.16675	0.01405	0.00936	0.01405	0.00803	0.01258	0.00739	0.00840	0.01515	0.00226	0.61165	0.00512	0.00246	0.00626
13	0.00675	0.00533	0.00597	0.00622	0.00751	0.00467	0.00444	0.00809	0.01205	0.01519	0.13861	0.23095	0.45571	0.06385	0.00790	0.00213	0.00299	0.01203	0.00507	0.00455
14	0.01040	0.00982	0.01647	0.75830	0.05134	0.01226	0.01508	0.01396	0.01086	0.01398	0.00963	0.01444	0.00729	0.00555	0.00580	0.00183	0.02959	0.00484	0.00243	0.00610
15	0.27184	0.01458	0.01493	0.23525	0.02176	0.19108	0.07425	0.06939	0.01261	0.01878	0.00906	0.01156	0.00702	0.00545	0.00501	0.00168	0.02220	0.00409	0.00305	0.00641
16	0.01465	0.77478	0.04415	0.00958	0.01427	0.04116	0.00959	0.01649	0.01120	0.01293	0.00765	0.00883	0.00700	0.00470	0.00357	0.00118	0.00598	0.00295	0.00234	0.00700
17	0.02022	0.01465	0.01587	0.01212	0.01651	0.01589	0.01000	0.67629	0.02425	0.06261	0.01319	0.01318	0.00936	0.00638	0.00536	0.00158	0.00581	0.00482	0.00535	0.06656
18	0.01811	0.02255	0.02008	0.01651	0.02000	0.55600	0.21547	0.02038	0.01458	0.01447	0.00911	0.01122	0.00737	0.00543	0.00563	0.00155	0.02780	0.00435	0.00279	0.00660
19	0.00830	0.00590	0.00740	0.00804	0.00902	0.00571	0.00578	0.04626	0.04368	0.03639	0.05036	0.56092	0.10010	0.01525	0.00677	0.00213	0.00349	0.07426	0.00517	0.00506
20	0.00862	0.00622	0.00856	0.00973	0.01102	0.00616	0.00846	0.01105	0.01254	0.01621	0.03069	0.06087	0.08278	0.01497	0.00745	0.00246	0.00486	0.68731	0.00502	0.00499
21	0.22072	0.01006	0.01195	0.06338	0.01490	0.01010	0.00815	0.05985	0.06047	0.46018	0.01696	0.01578	0.01122	0.00628	0.00497	0.00170	0.00477	0.00484	0.00550	0.00820
22	0.01282	0.01457	0.03141	0.02255	0.02779	0.01393	0.71804	0.01725	0.01265	0.01725	0.01084	0.01457	0.00822	0.00484	0.00700	0.00187	0.04804	0.00635	0.00274	0.00728
23	0.00664	0.00476	0.00630	0.00754	0.00789	0.00443	0.00504	0.00760	0.01049	0.01394	0.03071	0.78503	0.05544	0.01699	0.00694	0.00220	0.00315	0.01539	0.00506	0.00443
24	0.00790	0.00578	0.00786	0.00759	0.00806	0.00563	0.05551	0.00849	0.00898	0.01200	0.02043	0.25362	0.02366	0.52738	0.02035	0.00417	0.00495	0.00998	0.00377	0.00390
25	0.01273	0.01563	0.08364	0.02247	0.02816	0.01371	0.70405	0.01745	0.01277	0.01745	0.01094	0.01449	0.00818	0.00464	0.00635	0.00183	0.00911	0.00627	0.00273	0.00740
26	0.01938	0.01943	0.01512	0.01290	0.01632	0.37188	0.01007	0.26788	0.15232	0.04217	0.01278	0.01302	0.00966	0.00627	0.00522	0.00157	0.00743	0.00450	0.00428	0.00779
27	0.01513	0.73643	0.02731	0.00978	0.01427	0.09484	0.00944	0.01685	0.01150	0.01288	0.00766	0.00885	0.00700	0.00476	0.00363	0.00119	0.00621	0.00297	0.00238	0.00693
28	0.01124	0.00969	0.01165	0.06225	0.01461	0.00760	0.00706	0.01374	0.01128	0.01750	0.00969	0.01153	0.00802	0.00413	0.00413	0.00088	0.00426	0.00334	0.00317	0.78422
29	0.03055	0.03826	0.50495	0.01494	0.02178	0.01272	0.09435	0.08619	0.01319	0.07299	0.01096	0.01237	0.00778	0.00528	0.00523	0.00167	0.00741	0.00438	0.00303	0.05197
30	0.00684	0.00484	0.00634	0.00746	0.00776	0.00457	0.00495	0.00772	0.01020	0.01359	0.02854	0.69851	0.03408	0.10779	0.00936	0.00257	0.00345	0.03223	0.00486	0.00431
31	0.02411	0.00984	0.01300	0.00996	0.01420	0.00884	0.00823	0.09451	0.01654	0.70891	0.02072	0.01805	0.01310	0.00673	0.00548	0.00168	0.00477	0.00543	0.00663	0.00928
32	0.01287	0.01471	0.03217	0.02298	0.02849	0.01379	0.75460	0.01746	0.01287	0.01746	0.01103	0.01471	0.00827	0.00460	0.00643	0.00184	0.00919	0.00643	0.00276	0.00735
33	0.02079	0.00847	0.01148	0.00908	0.01265	0.00738	0.00738	0.02300	0.01557	0.61231	0.18598	0.02342	0.02182	0.00771	0.00569	0.00169	0.00419	0.00644	0.00658	0.00837
34	0.00683	0.00543	0.00604	0.00609	0.00753	0.00474	0.00444	0.00836	0.01265	0.01604	0.21246	0.13707	0.48591	0.05270	0.00755	0.00203	0.00289	0.01142	0.00519	0.00464
35	0.00942	0.00701	0.00894	0.00889	0.01016	0.00704	0.02700	0.13572	0.02879	0.01818	0.07397	0.58323	0.03132	0.01436	0.00663	0.00207	0.00380	0.01289	0.00513	0.00546
36	0.77286	0.01158	0.00862	0.00770	0.01105	0.06543	0.00627	0.01664	0.00983	0.03943	0.00794	0.00913	0.00614	0.00513	0.00352	0.00167	0.00461	0.00304	0.00341	0.00600
37	0.01843	0.29424	0.02008	0.01222	0.01588	0.41655	0.01010	0.12234	0.01537	0.01610	0.00879	0.00991	0.00733	0.00542	0.00450	0.00135	0.00792	0.00350	0.00301	0.00696
38	0.01511	0.73852	0.02735	0.00977	0.01426	0.09280	0.00944	0.01683	0.01148	0.01287	0.00766	0.00885	0.00700	0.00475	0.00363	0.00119	0.00620	0.00297	0.00238	0.00693
39	0.00684	0.00509	0.00639	0.00727	0.00798	0.00472	0.00499	0.00831	0.02847	0.01481	0.08519	0.60591	0.16220	0.01589	0.00680	0.00211	0.00308	0.01421	0.00514	0.00460
40	0.01924	0.15746	0.01760	0.01316	0.01631	0.62552	0.01028	0.03514	0.03205	0.01388	0.00869	0.00995	0.00728	0.00552	0.00470	0.00138	0.00896	0.00350	0.00284	0.00654
41	0.01254	0.03384	0.13096	0.17969	0.31679	0.05034	0.01477	0.01678	0.06263	0.03217	0.01223	0.06810	0.01047	0.00624	0.00578	0.00173	0.02897	0.00545	0.00301	0.00752
42	0.00664	0.00476	0.00631	0.00755	0.00790	0.00443	0.00504	0.00760	0.01048	0.01393	0.03057	0.78929	0.05128	0.01701	0.00695	0.00221	0.00315	0.01542	0.00506	0.00443
43	0.01287	0.01471	0.03217	0.02298	0.02849	0.01379	0.75460	0.01746	0.01287	0.01746	0.01103	0.01471	0.00827	0.00460	0.00643	0.00184	0.00919	0.00643	0.00276	0.00735
44	0.03316	0.21260	0.24300	0.03557	0.01931	0.27242	0.05951	0.03644	0.01308	0.01539	0.00891	0.01056	0.00710	0.00520	0.00474	0.00149	0.00803	0.00376	0.00261	0.00711
45	0.00722	0.00581	0.00653	0.00682	0.00805	0.02116	0.00490	0.00898	0.02656	0.01615	0.20336	0.30848	0.32814	0.01406	0.00657	0.00193	0.00304	0.01225	0.00523	0.00477
46	0.00664	0.00474	0.00633	0.00759	0.00791	0.00443	0.00506	0.00759	0.01044	0.01392	0.03005	0.80485	0.03606	0.01708	0.00696	0.00221	0.00316	0.01550	0.00506	0.00443
47	0.01030	0.00969	0.01635	0.79530	0.03755	0.01211	0.01514	0.01393	0.01090	0.01393	0.00969	0.01453	0.00727	0.00545	0.00545	0.00182	0.00727	0.00484	0.00242	0.00606
48	0.01374	0.01630	0.24195	0.01455	0.01948	0.01165	0.17921	0.15137	0.01474	0.09658	0.02970	0.13719	0.01426	0.00765	0.00590	0.00183	0.00666	0.02571	0.00399	0.00755
49	0.01044	0.01000	0.01719	0.68698	0.03512	0.01222	0.06562	0.01397	0.01091	0.01414	0.01022	0.03574	0.00811	0.00588	0.00610	0.00185	0.04166	0.00524	0.00252	0.00610
50	0.01280	0.01316	0.01659	0.01426	0.01457	0.08058	0.01178	0.02805	0.00927	0.01354	0.00738	0.01178	0.00719	0.00916	0.01658	0.00229	0.71784	0.00467	0.00248	0.00606
51	0.01168	0.01236	0.02446	0.32509	0.03073	0.01313	0.40201	0.01560	0.01176	0.01573	0.01063	0.02996	0.00835	0.00549	0.00680	0.00187	0.05912	0.00588	0.00265	0.00670
52	0.01246	0.01382	0.02856	0.05939	0.02642	0.01389	0.59417	0.01643	0.01207	0.01658	0.01088	0.03355	0.00874	0.00565	0.00803	0.00192	0.12134	0.00634	0.00274	0.00702
53	0.01162	0.01114	0.01775	0.52244	0.24204	0.03330	0.01514	0.01567	0.04854	0.01544	0.01043	0.01440	0.00811	0.00538	0.00543	0.00175	0.00697	0.00488	0.00266	0.00691
54	0.01589	0.05644	0.01371	0.01080	0.01385	0.03167	0.00865	0.42036	0.03651	0.04694	0.01849	0.23791	0.01777	0.00973	0.00584	0.00181	0.00517	0.03581	0.00513	0.00753
55	0.01051	0.03596	0.52476	0.01480	0.03718	0.01136	0.08462	0.01566	0.01210	0.01760	0.11289	0.07029	0.01502	0.00672	0.00556	0.00176	0.00702	0.00582	0.00304	0.00735
56	0.00706	0.00521	0.00728	0.00815	0.00877	0.00489	0.02560	0.00833	0.01098	0.01464	0.06602	0.66210	0.05122	0.01620	0.00696	0.00220	0.00346	0.08129	0.00504	0.00460
57	0.01168	0.01174	0.02182	0.42365	0.19573	0.01274	0.21235	0.01548	0.01175	0.01572	0.01017	0.01435	0.00783	0.00509	0.00570	0.00178	0.00761	0.00527	0.00257	0.00696
58	0.01076	0.01049	0.01734	0.68149	0.05650	0.03374	0.06570	0.01434	0.01124	0.01428	0.01076	0.01522	0.02412	0.00556	0.00552	0.00180	0.00735	0.00506	0.00252	0.00619
59	0.01266	0.01329	0.02614	0.15270	0.28577	0.01323	0.38079	0.01664	0.01239	0.01701	0.01055	0.01426	0.00823	0.00483	0.00592	0.00176	0.00795	0.00563	0.00268	0.00758
60	0.01232	0.01538	0.12017	0.09273	0.13940	0.01312	0.46783	0.01675	0.01239	0.01708	0.01115	0.03542	0.00882	0.00512	0.00605	0.00180	0.00831	0.00601	0.00272	0.00743
61	0.01217	0.10549	0.57296	0.01497	0.02194	0.05139	0.06838	0.01741	0.01184	0.03782	0.01044	0.03245	0.00797	0.00547	0.00514	0.00167	0.00777	0.00440	0.00256	0.00775
62	0.01089	0.02693	0.72759	0.06920	0.02456	0.01262	0.01980	0.01704	0.01147	0.01704	0.00978	0.01172	0.00693	0.00520	0.00520	0.00173	0.00800	0.00408	0.00231	0.00792
63	0.01103	0.02754	0.74334	0.01590	0.02384	0.01272	0.05630	0.01727	0.01158	0.01727	0.00984	0.01167	0.00697	0.00515	0.00524	0.00173	0.00811	0.00415	0.00232	0.00802
64	0.00747	0.00573	0.00704	0.00812	0.00885	0.02594	0.00595	0.00882	0.01123	0.01451	0.03155	0.54809	0.10278	0.01602	0.00698	0.00222	0.00372	0.17536	0.00499	0.00463
65	0.02343	0.06499	0.03359	0.00983	0.01417	0.00907	0.00842	0.02562	0.01519	0.70583	0.02025	0.01770	0.01288	0.00656	0.00534	0.00165	0.00481	0.00527	0.00633	0.00909
66	0.00664	0.00474	0.00633	0.00759	0.00791	0.00443	0.00506	0.00759	0.01044	0.01392	0.03005	0.80485	0.03606	0.01708	0.00696	0.00221	0.00316	0.01550	0.00506	0.00443
67	0.00741	0.00539	0.00732	0.00843	0.00902	0.00530	0.00627	0.00883	0.01110	0.01477	0.05002	0.55817	0.03440	0.01615	0.00741	0.00229	0.02611	0.21198	0.00500	0.00465
68	0.00944	0.03844	0.03089	0.00964	0.01116	0.06163	0.02149	0.02709	0.00977	0.01329	0.01367	0.02009	0.01273	0.07074	0.60154	0.00722	0.02742	0.00559	0.00293	0.00522
69	0.02428	0.00957	0.01283	0.00984	0.01406	0.00845	0.00813	0.06249	0.01610	0.74156	0.02109	0.01829	0.01329	0.00674	0.00548	0.00168	0.00471	0.00545	0.00668	0.00928
70	0.01458	0.81168	0.02857	0.00933	0.01399	0.02157	0.00933	0.01632	0.01108	0.01283	0.00758	0.00875	0.00700	0.00466	0.00350	0.00117	0.00583	0.00292	0.00233	0.00700
71	0.01130	0.00969	0.01130	0.00807	0.01292	0.00727	0.00646	0.01373	0.01130	0.01776	0.00969	0.01130	0.00807	0.00404	0.00404	0.00081	0.00404	0.00323	0.00323	0.84173
72	0.00793	0.00529	0.00595	0.00595	0.00595	0.00529	0.00330	0.00793	0.00793	0.01057	0.01718	0.03568	0.01982	0.80840	0.02775	0.00529	0.00529	0.00793	0.00330	0.00330
73	0.01458	0.81168	0.02857	0.00933	0.01399	0.02157	0.00933	0.01632	0.01108	0.01283	0.00758	0.00875	0.00700	0.00466	0.00350	0.00117	0.00583	0.00292	0.00233	0.00700
74	0.00765	0.00557	0.00720	0.00679	0.00811	0.00512	0.00509	0.01017	0.01528	0.02151	0.73626	0.04130	0.08692	0.01128	0.00643	0.00172	0.00258	0.00994	0.00596	0.00512
75	0.01104	0.05033	0.75893	0.01536	0.02332	0.01291	0.01984	0.01724	0.01150	0.01714	0.00972	0.01143	0.00691	0.00517	0.00513	0.00171	0.00799	0.00400	0.00230	0.00803
76	0.02408	0.00989	0.01303	0.00999	0.01422	0.00892	0.00825	0.10062	0.01662	0.70268	0.02065	0.01800	0.01307	0.00673	0.00548	0.00168	0.00478	0.00542	0.00662	0.00928
77	0.01287	0.01471	0.03217	0.02298	0.02849	0.01379	0.75460	0.01746	0.01287	0.01746	0.01103	0.01471	0.00827	0.00460	0.00643	0.00184	0.00919	0.00643	0.00276	0.00735
78	0.01294	0.01239	0.02114	0.16450	0.64766	0.01281	0.01646	0.01625	0.01215	0.01714	0.01016	0.01367	0.00840	0.00496	0.00541	0.00165	0.00661	0.00486	0.00265	0.00819
79	0.01327	0.01273	0.02173	0.08589	0.72369	0.01290	0.01662	0.01654	0.01231	0.01754	0.01022	0.01356	0.00854	0.00490	0.00540	0.00163	0.00653	0.00486	0.00268	0.00846
80	0.00644	0.00552	0.00552	0.00552	0.00736	0.00460	0.00414	0.00782	0.01243	0.01473	0.05523	0.05247	0.77218	0.01381	0.00644	0.00184	0.00276	0.01151	0.00506	0.00460
81	0.01093	0.02820	0.78016	0.01554	0.02360	0.01266	0.02014	0.01727	0.01151	0.01727	0.00978	0.01151	0.00691	0.00518	0.00518	0.00173	0.00806	0.00403	0.00230	0.00806
82	0.02182	0.01298	0.16261	0.01084	0.01581	0.00892	0.01038	0.02475	0.01480	0.62950	0.01922	0.01718	0.01221	0.00644	0.00542	0.00169	0.00531	0.00520	0.00588	0.00904
83	0.02358	0.01012	0.01386	0.01056	0.01485	0.00917	0.04020	0.10048	0.01651	0.66988	0.02020	0.01783	0.01284	0.00663	0.00552	0.00169	0.00497	0.00546	0.00645	0.00919
84	0.00644	0.00552	0.00552	0.00552	0.00736	0.00460	0.00414	0.00782	0.01243	0.01473	0.05523	0.05247	0.77218	0.01381	0.00644	0.00184	0.00276	0.01151	0.00506	0.00460
85	0.01051	0.01017	0.01797	0.68820	0.03585	0.01214	0.10095	0.01420	0.01112	0.01434	0.01029	0.03186	0.00801	0.00561	0.00560	0.00183	0.00740	0.00526	0.00252	0.00617
86	0.01287	0.01471	0.03217	0.02298	0.02849	0.01379	0.75460	0.01746	0.01287	0.01746	0.01103	0.01471	0.00827	0.00460	0.00643	0.00184	0.00919	0.00643	0.00276	0.00735
87	0.01340	0.01286	0.02197	0.05477	0.75379	0.01293	0.01669	0.01665	0.01237	0.01770	0.01024	0.01352	0.00860	0.00487	0.00540	0.00162	0.00650	0.00486	0.00269	0.00856
88	0.77093	0.01172	0.00872	0.00777	0.01112	0.06562	0.00633	0.03353	0.01008	0.02392	0.00778	0.00902	0.00606	0.00513	0.00353	0.00167	0.00464	0.00304	0.00338	0.00601
89	0.00653	0.00553	0.00564	0.00561	0.00742	0.00464	0.00421	0.00799	0.01263	0.01522	0.10452	0.05166	0.72258	0.01362	0.00644	0.00183	0.00275	0.01139	0.00513	0.00464
90	0.01412	0.71269	0.12353	0.01011	0.01521	0.02045	0.01069	0.01644	0.01113	0.01339	0.00786	0.00909	0.00698	0.00473	0.00371	0.00124	0.00611	0.00306	0.00233	0.00713
91	0.01093	0.02820	0.78016	0.01554	0.02360	0.01266	0.02014	0.01727	0.01151	0.01727	0.00978	0.01151	0.00691	0.00518	0.00518	0.00173	0.00806	0.00403	0.00230	0.00806
92	0.02037	0.02598	0.01545	0.01404	0.01685	0.78652	0.01053	0.02177	0.01545	0.01334	0.00843	0.00983	0.00702	0.00562	0.00492	0.00140	0.00983	0.00351	0.00281	0.00632
93	0.00945	0.00478	0.00715	0.00718	0.00722	0.00478	0.00485	0.00722	0.00725	0.00966	0.01001	0.01783	0.01008	0.01883	0.02092	0.81793	0.00474	0.02523	0.00244	0.00244
94	0.01694	0.01903	0.39387	0.01353	0.01974	0.01072	0.06712	0.02132	0.01338	0.34750	0.01496	0.01480	0.00986	0.00582	0.00540	0.00172	0.00665	0.00483	0.00426	0.00854
95	0.02446	0.00928	0.01265	0.00970	0.01392	0.00801	0.00801	0.02657	0.01560	0.77817	0.02151	0.01856	0.01350	0.00675	0.00548	0.00169	0.00464	0.00548	0.00675	0.00928
96	0.02446	0.00928	0.01265	0.00970	0.01392	0.00801	0.00801	0.02657	0.01560	0.77817	0.02151	0.01856	0.01350	0.00675	0.00548	0.00169	0.00464	0.00548	0.00675	0.00928
97	0.00662	0.00485	0.00622	0.00731	0.00783	0.00445	0.00494	0.00762	0.01071	0.01403	0.03348	0.70235	0.13634	0.01663	0.00689	0.00216	0.00311	0.01495	0.00506	0.00445
98	0.01093	0.02820	0.78016	0.01554	0.02360	0.01266	0.02014	0.01727	0.01151	0.01727	0.00978	0.01151	0.00691	0.00518	0.00518	0.00173	0.00806	0.00403	0.00230	0.00806
99	0.01091	0.01042	0.01474	0.01294	0.01318	0.01426	0.01066	0.01228	0.00845	0.01301	0.00900	0.01427	0.00876	0.01728	0.20781	0.00396	0.60482	0.00504	0.00252	0.00569
100	0.02037	0.02598	0.01545	0.01404	0.01685	0.78652	0.01053	0.02177	0.01545	0.01334	0.00843	0.00983	0.00702	0.00562	0.00492	0.00140	0.00983	0.00351	0.00281	0.00632
101	0.01130	0.00969	0.01130	0.00807	0.01292	0.00727	0.00646	0.01373	0.01130	0.01776	0.00969	0.01130	0.00807	0.00404	0.00404	0.00081	0.00404	0.00323	0.00323	0.84173
102	0.01093	0.02820	0.78016	0.01554	0.02360	0.01266	0.02014	0.01727	0.01151	0.01727	0.00978	0.01151	0.00691	0.00518	0.00518	0.00173	0.00806	0.00403	0.00230	0.00806
103	0.13795	0.00989	0.01228	0.00956	0.01367	0.00924	0.00789	0.07781	0.01545	0.62019	0.01898	0.01682	0.01214	0.00650	0.00519	0.00168	0.00468	0.00509	0.00619	0.00881
104	0.00793	0.00529	0.00595	0.00595	0.00595	0.00529	0.00330	0.00793	0.00793	0.01057	0.01718	0.03568	0.01982	0.80840	0.02775	0.00529	0.00529	0.00793	0.00330	0.00330
105	0.15223	0.00947	0.01193	0.00931	0.01339	0.00867	0.00769	0.02493	0.01462	0.66108	0.01935	0.01705	0.01232	0.00649	0.00515	0.00169	0.00457	0.00509	0.00622	0.00875
106	0.05176	0.00994	0.01584	0.68832	0.05382	0.01223	0.01432	0.01503	0.05746	0.01510	0.01037	0.01459	0.00782	0.00554	0.00535	0.00181	0.00691	0.00483	0.00267	0.00627
107	0.00772	0.00557	0.00729	0.00686	0.00814	0.00514	0.00514	0.01029	0.01543	0.02186	0.77152	0.04072	0.05144	0.01115	0.00643	0.00171	0.00257	0.00986	0.00600	0.00514
108	0.00746	0.00556	0.00693	0.00659	0.00799	0.00504	0.00494	0.00979	0.01483	0.02043	0.62802	0.04308	0.19584	0.01168	0.00643	0.00174	0.00261	0.01019	0.00581	0.00504
109	0.00879	0.00628	0.00879	0.01004	0.01130	0.00628	0.00879	0.01130	0.01255	0.01632	0.02887	0.06150	0.03138	0.01506	0.00753	0.00251	0.00502	0.73770	0.00502	0.00502
110	0.00664	0.00474	0.00633	0.00759	0.00791	0.00443	0.00506	0.00759	0.01044	0.01392	0.03005	0.80485	0.03606	0.01708	0.00696	0.00221	0.00316	0.01550	0.00506	0.00443
111	0.00779	0.00584	0.00876	0.00876	0.00974	0.00681	0.00681	0.00974	0.00876	0.01266	0.01460	0.02142	0.01363	0.04089	0.78680	0.00876	0.01460	0.00584	0.00292	0.00487
112	0.00772	0.00557	0.00729	0.00686	0.00814	0.00514	0.00514	0.01029	0.01543	0.02186	0.77152	0.04072	0.05144	0.01115	0.00643	0.00171	0.00257	0.00986	0.00600	0.00514
113	0.01458	0.81168	0.02857	0.00933	0.01399	0.02157	0.00933	0.01632	0.01108	0.01283	0.00758	0.00875	0.00700	0.00466	0.00350	0.00117	0.00583	0.00292	0.00233	0.00700
114	0.00879	0.00628	0.00879	0.01004	0.01130	0.00628	0.00879	0.01130	0.01255	0.01632	0.02887	0.06150	0.03138	0.01506	0.00753	0.00251	0.00502	0.73770	0.00502	0.00502
115	0.01093	0.02820	0.78016	0.01554	0.02360	0.01266	0.02014	0.01727	0.01151	0.01727	0.00978	0.01151	0.00691	0.00518	0.00518	0.00173	0.00806	0.00403	0.00230	0.00806
116	0.00772	0.00557	0.00729	0.00686	0.00814	0.00514	0.00514	0.01029	0.01543	0.02186	0.77152	0.04072	0.05144	0.01115	0.00643	0.00171	0.00257	0.00986	0.00600	0.00514
117	0.02037	0.02598	0.01545	0.01404	0.01685	0.78652	0.01053	0.02177	0.01545	0.01334	0.00843	0.00983	0.00702	0.00562	0.00492	0.00140	0.00983	0.00351	0.00281	0.00632
118	0.84691	0.01054	0.00801	0.00717	0.01054	0.01223	0.00590	0.01603	0.00928	0.02446	0.00759	0.00886	0.00590	0.00506	0.00337	0.00169	0.00422	0.00295	0.00337	0.00590
119	0.00795	0.00616	0.00781	0.00730	0.00843	0.00620	0.00549	0.00997	0.01360	0.01887	0.51606	0.03933	0.15912	0.08157	0.00943	0.00211	0.08091	0.00945	0.00526	0.00498
120	0.01130	0.00969	0.01130	0.00807	0.01292	0.00727	0.00646	0.01373	0.01130	0.01776	0.00969	0.01130	0.00807	0.00404	0.00404	0.00081	0.00404	0.00323	0.00323	0.84173
121	0.00672	0.00485	0.00638	0.00753	0.00797	0.00450	0.00511	0.00777	0.01073	0.01424	0.05220	0.72702	0.07261	0.01670	0.00693	0.00219	0.00317	0.03381	0.00509	0.00447
122	0.01349	0.01295	0.02213	0.03346	0.77440	0.01295	0.01673	0.01673	0.01241	0.01781	0.01025	0.01349	0.00864	0.00486	0.00540	0.00162	0.00648	0.00486	0.00270	0.00864
123	0.02446	0.00928	0.01265	0.00970	0.01392	0.00801	0.00801	0.02657	0.01560	0.77817	0.02151	0.01856	0.01350	0.00675	0.00548	0.00169	0.00464	0.00548	0.00675	0.00928
124	0.00793	0.00529	0.00595	0.00595	0.00595	0.00529	0.00330	0.00793	0.00793	0.01057	0.01718	0.03568	0.01982	0.80840	0.02775	0.00529	0.00529	0.00793	0.00330	0.00330
125	0.00768	0.00557	0.00724	0.00682	0.00812	0.00513	0.00512	0.01022	0.01535	0.02166	0.75129	0.04106	0.07179	0.01122	0.00643	0.00172	0.00258	0.00991	0.00597	0.00513
126	0.01458	0.81168	0.02857	0.00933	0.01399	0.02157	0.00933	0.01632	0.01108	0.01283	0.00758	0.00875	0.00700	0.00466	0.00350	0.00117	0.00583	0.00292	0.00233	0.00700
127	0.02072	0.01527	0.01636	0.01254	0.01691	0.01691	0.01036	0.75622	0.02563	0.03436	0.01309	0.01309	0.00927	0.00654	0.00545	0.00164	0.00600	0.00491	0.00545	0.00927
128	0.84691	0.01054	0.00801	0.00717	0.01054	0.01223	0.00590	0.01603	0.00928	0.02446	0.00759	0.00886	0.00590	0.00506	0.00337	0.00169	0.00422	0.00295	0.00337	0.00590
129	0.02446	0.00928	0.01265	0.00970	0.01392	0.00801	0.00801	0.02657	0.01560	0.77817	0.02151	0.01856	0.01350	0.00675	0.00548	0.00169	0.00464	0.00548	0.00675	0.00928
130	0.01287	0.01471	0.03217	0.02298	0.02849	0.01379	0.75460	0.01746	0.01287	0.01746	0.01103	0.01471	0.00827	0.00460	0.00643	0.00184	0.00919	0.00643	0.00276	0.00735
131	0.02072	0.01527	0.01636	0.01254	0.01691	0.01691	0.01036	0.75622	0.02563	0.03436	0.01309	0.01309	0.00927	0.00654	0.00545	0.00164	0.00600	0.00491	0.00545	0.00927
132	0.01356	0.01171	0.01233	0.01109	0.01418	0.01356	0.00863	0.02897	0.76455	0.02281	0.02219	0.02034	0.01664	0.00740	0.00555	0.00185	0.00431	0.00616	0.00555	0.00863
133	0.00644	0.00552	0.00552	0.00552	0.00736	0.00460	0.00414	0.00782	0.01243	0.01473	0.05523	0.05247	0.77218	0.01381	0.00644	0.00184	0.00276	0.01151	0.00506	0.00460
134	0.00644	0.00552	0.00552	0.00552	0.00736	0.00460	0.00414	0.00782	0.01243	0.01473	0.05523	0.05247	0.77218	0.01381	0.00644	0.00184	0.00276	0.01151	0.00506	0.00460
135	0.02072	0.01527	0.01636	0.01254	0.01691	0.01691	0.01036	0.75622	0.02563	0.03436	0.01309	0.01309	0.00927	0.00654	0.00545	0.00164	0.00600	0.00491	0.00545	0.00927
136	0.01349	0.01295	0.02213	0.03346	0.77440	0.01295	0.01673	0.01673	0.01241	0.01781	0.01025	0.01349	0.00864	0.00486	0.00540	0.00162	0.00648	0.00486	0.00270	0.00864
137	0.01931	0.04948	0.01652	0.05084	0.01755	0.03134	0.01040	0.60937	0.08919	0.03100	0.01339	0.01355	0.00968	0.00647	0.00537	0.00164	0.00598	0.00490	0.00513	0.00890
138	0.01016	0.00508	0.00508	0.00508	0.00635	0.00508	0.00381	0.01270	0.01143	0.02033	0.01778	0.02033	0.01397	0.00635	0.00381	0.00127	0.00254	0.00508	0.83867	0.00508
139	0.02446	0.00928	0.01265	0.00970	0.01392	0.00801	0.00801	0.02657	0.01560	0.77817	0.02151	0.01856	0.01350	0.00675	0.00548	0.00169	0.00464	0.00548	0.00675	0.00928
140	0.01104	0.05033	0.75893	0.01536	0.02332	0.01291	0.01984	0.01724	0.01150	0.01714	0.00972	0.01143	0.00691	0.00517	0.00513	0.00171	0.00799	0.00400	0.00230	0.00803
141	0.01088	0.01003	0.01647	0.74072	0.05206	0.01237	0.01494	0.05053	0.01166	0.01502	0.00987	0.01444	0.00739	0.00549	0.00545	0.00180	0.00719	0.00485	0.00258	0.00627
142	0.00993	0.00506	0.00516	0.00525	0.00645	0.00504	0.00389	0.01237	0.01137	0.01990	0.01859	0.07196	0.01543	0.00706	0.00402	0.00133	0.00258	0.00577	0.78381	0.00504
143	0.84691	0.01054	0.00801	0.00717	0.01054	0.01223	0.00590	0.01603	0.00928	0.02446	0.00759	0.00886	0.00590	0.00506	0.00337	0.00169	0.00422	0.00295	0.00337	0.00590
144	0.00664	0.00474	0.00633	0.00759	0.00791	0.00443	0.00506	0.00759	0.01044	0.01392	0.03005	0.80485	0.03606	0.01708	0.00696	0.00221	0.00316	0.01550	0.00506	0.00443
145	0.00670	0.00474	0.00634	0.00758	0.00789	0.00443	0.00505	0.00758	0.01036	0.01382	0.02959	0.78748	0.03547	0.01712	0.00727	0.02070	0.00320	0.01526	0.00500	0.00438
146	0.01030	0.00969	0.01635	0.79530	0.03755	0.01211	0.01514	0.01393	0.01090	0.01393	0.00969	0.01453	0.00727	0.00545	0.00545	0.00182	0.00727	0.00484	0.00242	0.00606
147	0.00664	0.00474	0.00633	0.00759	0.00791	0.00443	0.00506	0.00759	0.01044	0.01392	0.03005	0.80485	0.03606	0.01708	0.00696	0.00221	0.00316	0.01550	0.00506	0.00443
148	0.00703	0.00502	0.00677	0.00804	0.00852	0.00476	0.00574	0.00826	0.01082	0.01435	0.02983	0.67008	0.03521	0.01671	0.00706	0.00227	0.00350	0.14643	0.00505	0.00454
149	0.01458	0.81168	0.02857	0.00933	0.01399	0.02157	0.00933	0.01632	0.01108	0.01283	0.00758	0.00875	0.00700	0.00466	0.00350	0.00117	0.00583	0.00292	0.00233	0.00700
150	0.01299	0.03008	0.06230	0.05126	0.07733	0.03356	0.50249	0.01862	0.10093	0.01778	0.01201	0.01481	0.00912	0.00502	0.00601	0.00177	0.00814	0.00590	0.00305	0.02683
151	0.01030	0.00969	0.01635	0.79530	0.03755	0.01211	0.01514	0.01393	0.01090	0.01393	0.00969	0.01453	0.00727	0.00545	0.00545	0.00182	0.00727	0.00484	0.00242	0.00606
152	0.00779	0.00582	0.00863	0.00863	0.00956	0.00674	0.00665	0.00965	0.00872	0.01256	0.01472	0.02208	0.01391	0.07629	0.75179	0.00860	0.01417	0.00594	0.00294	0.00480
153	0.01219	0.01163	0.01978	0.34283	0.47518	0.01261	0.01609	0.01559	0.01180	0.01623	0.01003	0.01392	0.00808	0.00510	0.00542	0.00170	0.00680	0.00485	0.00259	0.00759
154	0.84691	0.01054	0.00801	0.00717	0.01054	0.01223	0.00590	0.01603	0.00928	0.02446	0.00759	0.00886	0.00590	0.00506	0.00337	0.00169	0.00422	0.00295	0.00337	0.00590
155	0.00685	0.00554	0.00609	0.00595	0.00761	0.00478	0.00446	0.00861	0.01339	0.01701	0.28397	0.04872	0.54202	0.01296	0.00644	0.00180	0.00270	0.01098	0.00536	0.00478
156	0.02446	0.00928	0.01265	0.00970	0.01392	0.00801	0.00801	0.02657	0.01560	0.77817	0.02151	0.01856	0.01350	0.00675	0.00548	0.00169	0.00464	0.00548	0.00675	0.00928
