[name]
unknown

[dist]
# distance from previous block
# <min> <max>
6	175

[block]
# block no. 0 follows, 47 sequences, length 92
# corresponding to MSA columns:
# 238-329
name=unknown_A
#
# <colnr> <probs for GDERKNQSTAVLIFYWHMCP>
#	G	D	E	R	K	N	Q	S	T	A	V	L	I	F	Y	W	H	M	C	P
0	0.16150	0.06444	0.02670	0.07850	0.06373	0.02746	0.00911	0.21087	0.02782	0.11308	0.06446	0.01905	0.03580	0.00687	0.00498	0.00164	0.00510	0.06757	0.00429	0.00703
1	0.30939	0.01000	0.00965	0.00868	0.01124	0.04551	0.00688	0.11351	0.08532	0.07520	0.03133	0.12226	0.03652	0.03506	0.00592	0.00186	0.02821	0.05302	0.00426	0.00618
2	0.01494	0.03057	0.02856	0.04316	0.01478	0.05843	0.03702	0.17816	0.07904	0.13329	0.06501	0.01839	0.01369	0.00646	0.00504	0.00147	0.00506	0.05505	0.03252	0.17939
3	0.01454	0.01053	0.01230	0.01123	0.06352	0.02547	0.00832	0.22587	0.15712	0.11470	0.14471	0.04456	0.06074	0.00803	0.00628	0.01829	0.04066	0.00634	0.00498	0.02180
4	0.01003	0.00804	0.04425	0.00873	0.01083	0.00722	0.03188	0.11160	0.01252	0.05457	0.06458	0.31724	0.06683	0.02879	0.09886	0.00258	0.00517	0.00917	0.02935	0.07774
5	0.01015	0.04760	0.65798	0.01404	0.02074	0.01151	0.03945	0.01545	0.01091	0.01602	0.01146	0.09997	0.00972	0.00618	0.00512	0.00169	0.00715	0.00510	0.00250	0.00726
6	0.01962	0.00925	0.01307	0.01111	0.06428	0.00836	0.04196	0.06607	0.01500	0.53973	0.11018	0.01925	0.01631	0.00664	0.00533	0.00159	0.00456	0.00564	0.00575	0.03629
7	0.01377	0.69196	0.04963	0.01107	0.04920	0.03432	0.05949	0.01581	0.01084	0.01289	0.00765	0.00903	0.00683	0.00449	0.00368	0.00120	0.00594	0.00313	0.00228	0.00679
8	0.04267	0.00903	0.01137	0.00890	0.01262	0.00822	0.00729	0.10380	0.01527	0.55772	0.02356	0.02129	0.12023	0.00727	0.00528	0.00161	0.00430	0.00587	0.00592	0.02778
9	0.00982	0.03864	0.50065	0.01254	0.01800	0.01028	0.03475	0.03641	0.01174	0.01687	0.09916	0.12237	0.03283	0.00752	0.00539	0.00172	0.00623	0.02514	0.00317	0.00677
10	0.04980	0.03024	0.01438	0.03483	0.01559	0.19785	0.00927	0.32791	0.03263	0.10090	0.01150	0.01202	0.00849	0.00579	0.00523	0.00145	0.03283	0.00416	0.00419	0.10093
11	0.00857	0.00565	0.00676	0.00635	0.00806	0.00496	0.00481	0.01041	0.01327	0.10260	0.34494	0.08528	0.35579	0.01158	0.00608	0.00171	0.00278	0.00993	0.00538	0.00509
12	0.00661	0.00488	0.00616	0.00684	0.00761	0.00448	0.00481	0.00790	0.01118	0.01477	0.16127	0.48811	0.17444	0.03236	0.00693	0.00205	0.00298	0.04730	0.00495	0.00438
13	0.01009	0.01043	0.05148	0.70039	0.05119	0.01172	0.06428	0.01373	0.01059	0.01375	0.00936	0.01374	0.00702	0.00513	0.00526	0.00173	0.00708	0.00469	0.00234	0.00601
14	0.01637	0.01207	0.07975	0.17751	0.11200	0.01136	0.01143	0.15744	0.07909	0.25240	0.01514	0.01556	0.02412	0.00599	0.00521	0.00164	0.00562	0.00498	0.00441	0.00792
15	0.00642	0.00529	0.00564	0.00555	0.00719	0.00451	0.00416	0.00798	0.01249	0.01553	0.20952	0.04771	0.62471	0.01264	0.00615	0.00173	0.00260	0.01065	0.00503	0.00451
16	0.01174	0.00955	0.01037	0.00937	0.01193	0.01058	0.00726	0.03823	0.52599	0.04375	0.15126	0.04269	0.08819	0.00837	0.00554	0.00174	0.00373	0.00707	0.00535	0.00729
17	0.01080	0.00926	0.01080	0.00771	0.01234	0.00694	0.00617	0.01311	0.01080	0.01697	0.00926	0.01080	0.00771	0.00386	0.00386	0.00077	0.00386	0.00309	0.00309	0.84882
18	0.09133	0.01021	0.01171	0.01016	0.05282	0.01023	0.00767	0.20369	0.09021	0.11606	0.13131	0.01802	0.03112	0.00647	0.00490	0.00144	0.00429	0.00523	0.01913	0.17397
19	0.00649	0.00463	0.00616	0.00734	0.00768	0.00435	0.00498	0.00745	0.01002	0.01333	0.02831	0.75124	0.03378	0.03781	0.00721	0.00221	0.00317	0.05481	0.00479	0.00423
20	0.01454	0.63120	0.12079	0.00969	0.01450	0.01811	0.01006	0.01679	0.01111	0.09878	0.00898	0.00972	0.00736	0.00474	0.00375	0.00124	0.00571	0.00319	0.00269	0.00705
21	0.01171	0.01001	0.01317	0.10298	0.01625	0.00949	0.05827	0.12196	0.02763	0.01834	0.01187	0.09161	0.01058	0.00594	0.00527	0.00129	0.04122	0.00499	0.00345	0.43399
22	0.07911	0.01318	0.01316	0.02916	0.07910	0.13434	0.00900	0.19362	0.15816	0.13859	0.01669	0.01690	0.06065	0.02836	0.00563	0.00169	0.00552	0.00513	0.00451	0.00750
23	0.01064	0.01021	0.01630	0.57124	0.19560	0.03755	0.01416	0.01383	0.01085	0.01409	0.01030	0.05351	0.00859	0.00564	0.00525	0.00170	0.00666	0.00510	0.00251	0.00625
24	0.01081	0.02748	0.01498	0.01272	0.01297	0.01454	0.01056	0.01208	0.00809	0.01246	0.00798	0.01278	0.00782	0.01381	0.14160	0.00323	0.66349	0.00468	0.00236	0.00555
25	0.01289	0.01237	0.02114	0.03196	0.78450	0.01237	0.01598	0.01598	0.01186	0.01701	0.00980	0.01289	0.00825	0.00464	0.00516	0.00155	0.00619	0.00464	0.00258	0.00825
26	0.85377	0.01007	0.00765	0.00685	0.01007	0.01168	0.00564	0.01531	0.00886	0.02336	0.00725	0.00846	0.00564	0.00483	0.00322	0.00161	0.00403	0.00282	0.00322	0.00564
27	0.01229	0.01405	0.03073	0.02195	0.02722	0.01317	0.76558	0.01668	0.01229	0.01668	0.01054	0.01405	0.00790	0.00439	0.00615	0.00176	0.00878	0.00615	0.00263	0.00702
28	0.02336	0.00886	0.01209	0.00927	0.01329	0.00765	0.00765	0.02538	0.01491	0.78810	0.02055	0.01773	0.01289	0.00645	0.00524	0.00161	0.00443	0.00524	0.00645	0.00886
29	0.85377	0.01007	0.00765	0.00685	0.01007	0.01168	0.00564	0.01531	0.00886	0.02336	0.00725	0.00846	0.00564	0.00483	0.00322	0.00161	0.00403	0.00282	0.00322	0.00564
30	0.01351	0.01355	0.02053	0.03021	0.71189	0.08642	0.01542	0.01644	0.01213	0.01661	0.00963	0.01256	0.00810	0.00471	0.00511	0.00153	0.00649	0.00452	0.00259	0.00804
31	0.00628	0.00528	0.00545	0.00541	0.00711	0.00445	0.00406	0.00772	0.01217	0.01479	0.12946	0.04894	0.70523	0.01292	0.00615	0.00175	0.00262	0.01083	0.00493	0.00445
32	0.02336	0.00886	0.01209	0.00927	0.01329	0.00765	0.00765	0.02538	0.01491	0.78810	0.02055	0.01773	0.01289	0.00645	0.00524	0.00161	0.00443	0.00524	0.00645	0.00886
33	0.00731	0.00532	0.00688	0.00649	0.00774	0.00489	0.00487	0.00971	0.01460	0.02054	0.74554	0.03946	0.08556	0.01077	0.00614	0.00164	0.00247	0.00950	0.00569	0.00489
34	0.00644	0.00529	0.00567	0.00557	0.00721	0.00452	0.00418	0.00802	0.01254	0.01565	0.22179	0.04752	0.61237	0.01260	0.00615	0.00173	0.00260	0.01063	0.00504	0.00452
35	0.85377	0.01007	0.00765	0.00685	0.01007	0.01168	0.00564	0.01531	0.00886	0.02336	0.00725	0.00846	0.00564	0.00483	0.00322	0.00161	0.00403	0.00282	0.00322	0.00564
36	0.85377	0.01007	0.00765	0.00685	0.01007	0.01168	0.00564	0.01531	0.00886	0.02336	0.00725	0.00846	0.00564	0.00483	0.00322	0.00161	0.00403	0.00282	0.00322	0.00564
37	0.00971	0.00485	0.00485	0.00485	0.00607	0.00485	0.00364	0.01213	0.01092	0.01942	0.01699	0.01942	0.01335	0.00607	0.00364	0.00121	0.00243	0.00485	0.84589	0.00485
38	0.00983	0.00926	0.01562	0.80447	0.03587	0.01157	0.01446	0.01331	0.01041	0.01331	0.00926	0.01388	0.00694	0.00521	0.00521	0.00174	0.00694	0.00463	0.00231	0.00579
39	0.01045	0.02694	0.79000	0.01484	0.02254	0.01209	0.01924	0.01649	0.01099	0.01649	0.00935	0.01099	0.00660	0.00495	0.00495	0.00165	0.00770	0.00385	0.00220	0.00770
40	0.00744	0.00558	0.00837	0.00837	0.00930	0.00651	0.00651	0.00930	0.00837	0.01209	0.01395	0.02046	0.01302	0.03906	0.79635	0.00837	0.01395	0.00558	0.00279	0.00465
41	0.01295	0.01119	0.01178	0.01060	0.01354	0.01295	0.00824	0.02767	0.77509	0.02178	0.02120	0.01943	0.01590	0.00707	0.00530	0.00177	0.00412	0.00589	0.00530	0.00824
42	0.85377	0.01007	0.00765	0.00685	0.01007	0.01168	0.00564	0.01531	0.00886	0.02336	0.00725	0.00846	0.00564	0.00483	0.00322	0.00161	0.00403	0.00282	0.00322	0.00564
43	0.02336	0.00886	0.01209	0.00927	0.01329	0.00765	0.00765	0.02538	0.01491	0.78810	0.02055	0.01773	0.01289	0.00645	0.00524	0.00161	0.00443	0.00524	0.00645	0.00886
44	0.01080	0.00926	0.01080	0.00771	0.01234	0.00694	0.00617	0.01311	0.01080	0.01697	0.00926	0.01080	0.00771	0.00386	0.00386	0.00077	0.00386	0.00309	0.00309	0.84882
45	0.00744	0.00558	0.00837	0.00837	0.00930	0.00651	0.00651	0.00930	0.00837	0.01209	0.01395	0.02046	0.01302	0.03906	0.79635	0.00837	0.01395	0.00558	0.00279	0.00465
46	0.00756	0.00508	0.00586	0.00586	0.00592	0.00515	0.00338	0.00769	0.00763	0.01023	0.01625	0.03318	0.01854	0.76565	0.07731	0.00527	0.00564	0.00744	0.00313	0.00325
47	0.02281	0.00975	0.01263	0.00969	0.01374	0.00897	0.00800	0.14040	0.01639	0.67098	0.01930	0.01692	0.01227	0.00642	0.00523	0.00160	0.00463	0.00515	0.00625	0.00886
48	0.02336	0.00886	0.01209	0.00927	0.01329	0.00765	0.00765	0.02538	0.01491	0.78810	0.02055	0.01773	0.01289	0.00645	0.00524	0.00161	0.00443	0.00524	0.00645	0.00886
49	0.00625	0.00526	0.00530	0.00530	0.00694	0.00444	0.00390	0.00748	0.01159	0.01381	0.05036	0.04906	0.73200	0.06623	0.00750	0.00198	0.00280	0.01077	0.00473	0.00431
50	0.01980	0.01459	0.01563	0.01198	0.01615	0.01615	0.00990	0.76713	0.02448	0.03282	0.01250	0.01250	0.00886	0.00625	0.00521	0.00156	0.00573	0.00469	0.00521	0.00886
51	0.02325	0.00905	0.01220	0.00936	0.01339	0.00794	0.00773	0.05013	0.01522	0.76290	0.02028	0.01755	0.01276	0.00644	0.00524	0.00161	0.00447	0.00522	0.00640	0.00886
52	0.00634	0.00453	0.00604	0.00725	0.00755	0.00423	0.00483	0.00725	0.00997	0.01329	0.02870	0.81358	0.03444	0.01632	0.00665	0.00211	0.00302	0.01480	0.00483	0.00423
53	0.01255	0.01203	0.02052	0.11809	0.70103	0.01228	0.01581	0.01568	0.01170	0.01660	0.00974	0.01300	0.00810	0.00470	0.00516	0.00157	0.00627	0.00464	0.00255	0.00797
54	0.00656	0.00531	0.00587	0.00603	0.00757	0.00462	0.00462	0.00810	0.01210	0.01499	0.13392	0.09798	0.56576	0.01322	0.00630	0.00184	0.00288	0.09290	0.00494	0.00449
55	0.85377	0.01007	0.00765	0.00685	0.01007	0.01168	0.00564	0.01531	0.00886	0.02336	0.00725	0.00846	0.00564	0.00483	0.00322	0.00161	0.00403	0.00282	0.00322	0.00564
56	0.02336	0.00886	0.01209	0.00927	0.01329	0.00765	0.00765	0.02538	0.01491	0.78810	0.02055	0.01773	0.01289	0.00645	0.00524	0.00161	0.00443	0.00524	0.00645	0.00886
57	0.01392	0.82012	0.02729	0.00891	0.01337	0.02061	0.00891	0.01559	0.01058	0.01225	0.00724	0.00835	0.00668	0.00446	0.00334	0.00111	0.00557	0.00278	0.00223	0.00668
58	0.00634	0.00453	0.00604	0.00725	0.00755	0.00423	0.00483	0.00725	0.00997	0.01329	0.02870	0.81358	0.03444	0.01632	0.00665	0.00211	0.00302	0.01480	0.00483	0.00423
59	0.01996	0.01433	0.01547	0.01186	0.01602	0.01577	0.00980	0.73386	0.02406	0.06670	0.01286	0.01274	0.00904	0.00626	0.00521	0.00157	0.00567	0.00471	0.00526	0.00886
60	0.01139	0.01139	0.01595	0.01367	0.01367	0.01595	0.01139	0.01253	0.00798	0.01253	0.00684	0.01139	0.00684	0.00911	0.01709	0.00228	0.80745	0.00456	0.00228	0.00570
61	0.00734	0.00532	0.00691	0.00652	0.00776	0.00490	0.00489	0.00976	0.01466	0.02069	0.76086	0.03922	0.07015	0.01072	0.00614	0.00164	0.00246	0.00946	0.00571	0.00490
62	0.00757	0.00505	0.00568	0.00568	0.00568	0.00505	0.00316	0.00757	0.00757	0.01010	0.01641	0.03408	0.01893	0.81698	0.02651	0.00505	0.00505	0.00757	0.00316	0.00316
63	0.00971	0.00485	0.00485	0.00485	0.00607	0.00485	0.00364	0.01213	0.01092	0.01942	0.01699	0.01942	0.01335	0.00607	0.00364	0.00121	0.00243	0.00485	0.84589	0.00485
64	0.01295	0.01119	0.01178	0.01060	0.01354	0.01295	0.00824	0.02767	0.77509	0.02178	0.02120	0.01943	0.01590	0.00707	0.00530	0.00177	0.00412	0.00589	0.00530	0.00824
65	0.01278	0.01376	0.09918	0.07051	0.60849	0.01249	0.01573	0.04993	0.03487	0.01761	0.01018	0.01292	0.00826	0.00485	0.00514	0.00157	0.00630	0.00460	0.00272	0.00809
66	0.13775	0.70069	0.02439	0.00861	0.01288	0.01929	0.00843	0.01555	0.01033	0.01389	0.00724	0.00837	0.00653	0.00451	0.00332	0.00119	0.00534	0.00279	0.00237	0.00653
67	0.02336	0.00886	0.01209	0.00927	0.01329	0.00765	0.00765	0.02538	0.01491	0.78810	0.02055	0.01773	0.01289	0.00645	0.00524	0.00161	0.00443	0.00524	0.00645	0.00886
68	0.07816	0.00894	0.01179	0.00911	0.01308	0.00792	0.00752	0.02471	0.01451	0.73764	0.01967	0.01711	0.01241	0.00634	0.00510	0.00161	0.00440	0.00508	0.00623	0.00865
69	0.03536	0.01012	0.01136	0.00907	0.01289	0.00972	0.00720	0.03523	0.29529	0.06906	0.01439	0.01444	0.01104	0.00540	0.00475	0.00126	0.01982	0.00432	0.00416	0.42511
70	0.00734	0.00532	0.00692	0.00652	0.00776	0.00490	0.00489	0.00977	0.01467	0.02071	0.76316	0.03919	0.06783	0.01071	0.00614	0.00164	0.00246	0.00946	0.00571	0.00490
71	0.00615	0.00528	0.00528	0.00528	0.00703	0.00440	0.00396	0.00747	0.01187	0.01407	0.05276	0.05012	0.78238	0.01319	0.00615	0.00176	0.00264	0.01099	0.00484	0.00440
72	0.01289	0.01237	0.02114	0.03196	0.78450	0.01237	0.01598	0.01598	0.01186	0.01701	0.00980	0.01289	0.00825	0.00464	0.00516	0.00155	0.00619	0.00464	0.00258	0.00825
73	0.05688	0.01389	0.01472	0.01139	0.01536	0.01538	0.00939	0.69498	0.02309	0.03171	0.01249	0.01267	0.00894	0.00618	0.00504	0.00155	0.00549	0.00461	0.04772	0.00851
74	0.00744	0.00558	0.00837	0.00837	0.00930	0.00651	0.00651	0.00930	0.00837	0.01209	0.01395	0.02046	0.01302	0.03906	0.79635	0.00837	0.01395	0.00558	0.00279	0.00465
75	0.01980	0.01459	0.01563	0.01198	0.01615	0.01615	0.00990	0.76713	0.02448	0.03282	0.01250	0.01250	0.00886	0.00625	0.00521	0.00156	0.00573	0.00469	0.00521	0.00886
76	0.01080	0.00926	0.01080	0.00771	0.01234	0.00694	0.00617	0.01311	0.01080	0.01697	0.00926	0.01080	0.00771	0.00386	0.00386	0.00077	0.00386	0.00309	0.00309	0.84882
77	0.01045	0.02694	0.79000	0.01484	0.02254	0.01209	0.01924	0.01649	0.01099	0.01649	0.00935	0.01099	0.00660	0.00495	0.00495	0.00165	0.00770	0.00385	0.00220	0.00770
78	0.00634	0.00453	0.00604	0.00725	0.00755	0.00423	0.00483	0.00725	0.00997	0.01329	0.02870	0.81358	0.03444	0.01632	0.00665	0.00211	0.00302	0.01480	0.00483	0.00423
79	0.00615	0.00528	0.00528	0.00528	0.00703	0.00440	0.00396	0.00747	0.01187	0.01407	0.05276	0.05012	0.78238	0.01319	0.00615	0.00176	0.00264	0.01099	0.00484	0.00440
80	0.00737	0.00532	0.00696	0.00655	0.00778	0.00491	0.00491	0.00983	0.01474	0.02088	0.78175	0.03890	0.04914	0.01065	0.00614	0.00164	0.00246	0.00942	0.00573	0.00491
81	0.01139	0.01139	0.01595	0.01367	0.01367	0.01595	0.01139	0.01253	0.00798	0.01253	0.00684	0.01139	0.00684	0.00911	0.01709	0.00228	0.80745	0.00456	0.00228	0.00570
82	0.01080	0.00926	0.01080	0.00771	0.01234	0.00694	0.00617	0.01311	0.01080	0.01697	0.00926	0.01080	0.00771	0.00386	0.00386	0.00077	0.00386	0.00309	0.00309	0.84882
83	0.00687	0.00527	0.00628	0.00609	0.00749	0.00469	0.00455	0.00883	0.01346	0.01800	0.47523	0.07362	0.32709	0.01183	0.00617	0.00170	0.00255	0.01023	0.00536	0.00469
84	0.00634	0.00453	0.00604	0.00725	0.00755	0.00423	0.00483	0.00725	0.00997	0.01329	0.02870	0.81358	0.03444	0.01632	0.00665	0.00211	0.00302	0.01480	0.00483	0.00423
85	0.01040	0.02458	0.68566	0.06677	0.02274	0.01209	0.01832	0.01597	0.01084	0.01608	0.00966	0.01233	0.00718	0.00538	0.00556	0.00170	0.04345	0.02159	0.00227	0.00741
86	0.01045	0.02694	0.79000	0.01484	0.02254	0.01209	0.01924	0.01649	0.01099	0.01649	0.00935	0.01099	0.00660	0.00495	0.00495	0.00165	0.00770	0.00385	0.00220	0.00770
87	0.01980	0.01459	0.01563	0.01198	0.01615	0.01615	0.00990	0.76713	0.02448	0.03282	0.01250	0.01250	0.00886	0.00625	0.00521	0.00156	0.00573	0.00469	0.00521	0.00886
88	0.00770	0.00596	0.00887	0.00872	0.00959	0.00713	0.00683	0.00951	0.00834	0.01212	0.01348	0.01986	0.01261	0.03708	0.74492	0.00797	0.06631	0.00551	0.00276	0.00472
89	0.06969	0.10575	0.01618	0.01161	0.01541	0.18470	0.00954	0.46357	0.03347	0.02543	0.01080	0.01125	0.00808	0.00579	0.00477	0.00147	0.00637	0.00410	0.00421	0.00780
90	0.00727	0.00568	0.00664	0.00641	0.00793	0.00525	0.00483	0.01006	0.06365	0.01806	0.42160	0.06514	0.32180	0.01160	0.00613	0.00172	0.00269	0.02329	0.00532	0.00492
91	0.11593	0.01182	0.01508	0.41396	0.09340	0.06442	0.01224	0.17842	0.01370	0.01907	0.00969	0.01254	0.00730	0.00535	0.00493	0.00164	0.00642	0.00434	0.00310	0.00667

[dist]
# distance from previous block
# <min> <max>
2	5

[block]
# block no. 1 follows, 47 sequences, length 95
# corresponding to MSA columns:
# 335-429
name=unknown_B
#
# <colnr> <probs for GDERKNQSTAVLIFYWHMCP>
#	G	D	E	R	K	N	Q	S	T	A	V	L	I	F	Y	W	H	M	C	P
0	0.04628	0.24291	0.46196	0.01267	0.01880	0.06701	0.01482	0.05120	0.01167	0.01611	0.00874	0.01013	0.00669	0.00490	0.00443	0.00148	0.00699	0.00352	0.00242	0.00728
1	0.05036	0.01183	0.06198	0.22879	0.42465	0.01158	0.04198	0.01474	0.01131	0.01611	0.01220	0.01585	0.04919	0.00547	0.00520	0.00164	0.00625	0.02104	0.00269	0.00713
2	0.03076	0.03216	0.10006	0.23912	0.12447	0.01206	0.01229	0.15381	0.07038	0.11612	0.01304	0.05062	0.01007	0.00607	0.00516	0.00166	0.00591	0.00511	0.00374	0.00740
3	0.05833	0.02854	0.02640	0.04606	0.09017	0.01132	0.00884	0.29328	0.02967	0.04757	0.01668	0.07834	0.06647	0.06537	0.06945	0.00239	0.00581	0.01941	0.00419	0.03171
4	0.00699	0.00559	0.00644	0.02150	0.00821	0.00511	0.00478	0.00935	0.05026	0.01665	0.29362	0.11991	0.40839	0.01219	0.00614	0.00175	0.00277	0.01047	0.00511	0.00477
5	0.01703	0.01258	0.01569	0.01300	0.05641	0.01345	0.07659	0.48121	0.03593	0.08064	0.04899	0.03067	0.01201	0.02858	0.05083	0.00207	0.00615	0.00541	0.00476	0.00800
6	0.11942	0.12994	0.11497	0.03078	0.06876	0.05819	0.02420	0.19577	0.06215	0.12983	0.01183	0.01230	0.00865	0.00551	0.00466	0.00153	0.00579	0.00418	0.00390	0.00766
7	0.01254	0.01204	0.01962	0.16093	0.60763	0.03029	0.01521	0.03222	0.01196	0.01658	0.01059	0.01371	0.02355	0.00496	0.00517	0.00158	0.00631	0.00474	0.00264	0.00772
8	0.00746	0.00539	0.00669	0.00632	0.00774	0.00486	0.00476	0.00965	0.01409	0.03707	0.59746	0.04098	0.21596	0.01113	0.00612	0.00166	0.00254	0.00968	0.00554	0.00489
9	0.00642	0.00478	0.00598	0.00675	0.00747	0.00434	0.00466	0.00758	0.01090	0.01429	0.11620	0.56654	0.19505	0.01503	0.00649	0.00199	0.00288	0.01340	0.00493	0.00434
10	0.20382	0.07035	0.02573	0.00923	0.01304	0.01109	0.00778	0.08886	0.12150	0.37306	0.01581	0.01465	0.01079	0.00599	0.00465	0.00159	0.00455	0.00454	0.00508	0.00788
11	0.01096	0.14378	0.67765	0.01397	0.02119	0.01335	0.01772	0.01636	0.01093	0.01587	0.00904	0.01061	0.00661	0.00488	0.00471	0.00157	0.00738	0.00369	0.00220	0.00755
12	0.00734	0.00531	0.00686	0.00648	0.00767	0.00490	0.00482	0.00967	0.01437	0.02025	0.73006	0.03903	0.06903	0.04308	0.00696	0.00178	0.00257	0.00939	0.00560	0.00483
13	0.14616	0.32634	0.07711	0.01148	0.09476	0.02852	0.00946	0.01691	0.02678	0.13023	0.04529	0.01395	0.02740	0.00560	0.00424	0.00143	0.00521	0.01880	0.00337	0.00694
14	0.06059	0.01218	0.02027	0.04541	0.72611	0.01232	0.01537	0.01589	0.01166	0.01730	0.00964	0.01266	0.00808	0.00466	0.00505	0.00155	0.00608	0.00454	0.00261	0.00805
15	0.00905	0.00452	0.00678	0.00678	0.00678	0.00452	0.00452	0.00678	0.00678	0.00905	0.00905	0.01583	0.00905	0.01809	0.02035	0.84848	0.00452	0.00452	0.00226	0.00226
16	0.00780	0.00565	0.00766	0.00875	0.00983	0.00551	0.00731	0.00981	0.01159	0.01501	0.03007	0.20233	0.09889	0.01465	0.00699	0.00229	0.00426	0.54213	0.00481	0.00465
17	0.01035	0.02470	0.68877	0.01494	0.02204	0.01173	0.07417	0.01598	0.01103	0.01632	0.01053	0.05680	0.00828	0.00555	0.00513	0.00168	0.00751	0.00464	0.00238	0.00745
18	0.01001	0.00943	0.01593	0.76059	0.07838	0.01162	0.01455	0.01346	0.01050	0.01352	0.00929	0.01383	0.00702	0.00517	0.00520	0.00172	0.00690	0.00463	0.00233	0.00592
19	0.00757	0.00505	0.00568	0.00568	0.00568	0.00505	0.00316	0.00757	0.00757	0.01010	0.01641	0.03408	0.01893	0.81698	0.02651	0.00505	0.00505	0.00757	0.00316	0.00316
20	0.01414	0.78890	0.02680	0.00909	0.01347	0.05104	0.00896	0.01580	0.01075	0.01227	0.00727	0.00839	0.00668	0.00449	0.00339	0.00112	0.00572	0.00281	0.00225	0.00666
21	0.00971	0.00485	0.00485	0.00485	0.00607	0.00485	0.00364	0.01213	0.01092	0.01942	0.01699	0.01942	0.01335	0.00607	0.00364	0.00121	0.00243	0.00485	0.84589	0.00485
22	0.00630	0.00472	0.00584	0.00674	0.00742	0.00427	0.00461	0.00731	0.01046	0.01349	0.03493	0.61592	0.22809	0.01551	0.00652	0.00202	0.00292	0.01382	0.00483	0.00427
23	0.00731	0.00532	0.00687	0.00648	0.00774	0.00489	0.00486	0.00970	0.01459	0.02053	0.74350	0.03949	0.08761	0.01078	0.00614	0.00164	0.00247	0.00950	0.00569	0.00489
24	0.00683	0.00530	0.00621	0.00598	0.00745	0.00468	0.00449	0.00878	0.01346	0.01784	0.45597	0.04391	0.37682	0.01178	0.00615	0.00169	0.00254	0.01012	0.00533	0.00468
25	0.85377	0.01007	0.00765	0.00685	0.01007	0.01168	0.00564	0.01531	0.00886	0.02336	0.00725	0.00846	0.00564	0.00483	0.00322	0.00161	0.00403	0.00282	0.00322	0.00564
26	0.01080	0.00926	0.01080	0.00771	0.01234	0.00694	0.00617	0.01311	0.01080	0.01697	0.00926	0.01080	0.00771	0.00386	0.00386	0.00077	0.00386	0.00309	0.00309	0.84882
27	0.85377	0.01007	0.00765	0.00685	0.01007	0.01168	0.00564	0.01531	0.00886	0.02336	0.00725	0.00846	0.00564	0.00483	0.00322	0.00161	0.00403	0.00282	0.00322	0.00564
28	0.00634	0.00453	0.00604	0.00725	0.00755	0.00423	0.00483	0.00725	0.00997	0.01329	0.02870	0.81358	0.03444	0.01632	0.00665	0.00211	0.00302	0.01480	0.00483	0.00423
29	0.85377	0.01007	0.00765	0.00685	0.01007	0.01168	0.00564	0.01531	0.00886	0.02336	0.00725	0.00846	0.00564	0.00483	0.00322	0.00161	0.00403	0.00282	0.00322	0.00564
30	0.00983	0.00926	0.01562	0.80447	0.03587	0.01157	0.01446	0.01331	0.01041	0.01331	0.00926	0.01388	0.00694	0.00521	0.00521	0.00174	0.00694	0.00463	0.00231	0.00579
31	0.01392	0.82012	0.02729	0.00891	0.01337	0.02061	0.00891	0.01559	0.01058	0.01225	0.00724	0.00835	0.00668	0.00446	0.00334	0.00111	0.00557	0.00278	0.00223	0.00668
32	0.01190	0.01085	0.04789	0.00895	0.01364	0.00853	0.02569	0.09993	0.03153	0.01887	0.00996	0.01130	0.00800	0.00427	0.00415	0.00095	0.00437	0.00345	0.00333	0.67242
33	0.00741	0.00504	0.00577	0.00586	0.00600	0.00501	0.00343	0.00760	0.00799	0.01060	0.01911	0.08855	0.06028	0.69270	0.04990	0.00478	0.00508	0.00819	0.00335	0.00335
34	0.00634	0.00453	0.00604	0.00725	0.00755	0.00423	0.00483	0.00725	0.00997	0.01329	0.02870	0.81358	0.03444	0.01632	0.00665	0.00211	0.00302	0.01480	0.00483	0.00423
35	0.00653	0.00467	0.00626	0.00747	0.00785	0.00439	0.00516	0.00758	0.01016	0.01351	0.02860	0.74352	0.03403	0.01614	0.00670	0.00214	0.00319	0.08299	0.00483	0.00428
36	0.07037	0.47476	0.20927	0.01077	0.01571	0.11401	0.01134	0.01644	0.01108	0.01409	0.00785	0.00913	0.00659	0.00471	0.00389	0.00131	0.00645	0.00312	0.00234	0.00678
37	0.00971	0.00485	0.00485	0.00485	0.00607	0.00485	0.00364	0.01213	0.01092	0.01942	0.01699	0.01942	0.01335	0.00607	0.00364	0.00121	0.00243	0.00485	0.84589	0.00485
38	0.00737	0.00532	0.00696	0.00655	0.00778	0.00491	0.00491	0.00983	0.01474	0.02088	0.78175	0.03890	0.04914	0.01065	0.00614	0.00164	0.00246	0.00942	0.00573	0.00491
39	0.09762	0.01376	0.01470	0.02669	0.01581	0.01519	0.00947	0.64306	0.02225	0.07160	0.01238	0.01243	0.00873	0.00611	0.00503	0.00157	0.00553	0.00454	0.00503	0.00850
40	0.08289	0.10637	0.26245	0.03072	0.12904	0.19287	0.03494	0.01747	0.01201	0.05662	0.01010	0.01159	0.02075	0.00515	0.00468	0.00151	0.00709	0.00393	0.00274	0.00707
41	0.00616	0.00525	0.00530	0.00535	0.00705	0.00439	0.00399	0.00747	0.01180	0.01404	0.05186	0.07866	0.75443	0.01331	0.00617	0.00177	0.00265	0.01113	0.00484	0.00439
42	0.00761	0.00571	0.00733	0.00815	0.00949	0.00543	0.00687	0.00962	0.01188	0.01502	0.03553	0.08349	0.26670	0.01408	0.00685	0.00219	0.00405	0.49054	0.00481	0.00465
43	0.01119	0.01129	0.05822	0.24470	0.36602	0.01118	0.03596	0.03597	0.02836	0.01599	0.01253	0.12152	0.01151	0.00649	0.00539	0.00169	0.00607	0.00604	0.00293	0.00696
44	0.01030	0.01079	0.05542	0.03015	0.01392	0.01298	0.03932	0.01189	0.00890	0.01320	0.01205	0.15763	0.01289	0.01016	0.01344	0.00219	0.53551	0.04087	0.00286	0.00555
45	0.02336	0.00886	0.01209	0.00927	0.01329	0.00765	0.00765	0.02538	0.01491	0.78810	0.02055	0.01773	0.01289	0.00645	0.00524	0.00161	0.00443	0.00524	0.00645	0.00886
46	0.01034	0.00974	0.01631	0.67756	0.14064	0.01171	0.01453	0.01401	0.02820	0.01402	0.00961	0.01387	0.00733	0.00517	0.00520	0.00171	0.00677	0.00466	0.00242	0.00619
47	0.01135	0.03343	0.12603	0.09206	0.12755	0.01201	0.39417	0.01521	0.01147	0.01574	0.01142	0.05980	0.00975	0.04833	0.00681	0.00189	0.00751	0.00598	0.00268	0.00679
48	0.01728	0.01196	0.03615	0.05846	0.05598	0.04767	0.00927	0.30630	0.03968	0.20777	0.01561	0.07448	0.01221	0.03736	0.00602	0.00174	0.00532	0.00563	0.04339	0.00772
49	0.01897	0.02388	0.03369	0.01417	0.04878	0.70859	0.01053	0.05445	0.01499	0.01393	0.00836	0.00972	0.00687	0.00537	0.00474	0.00137	0.00905	0.00348	0.00278	0.00630
50	0.00705	0.00553	0.00641	0.00623	0.00771	0.00503	0.00465	0.00950	0.04840	0.01758	0.39237	0.08679	0.36002	0.01189	0.00614	0.00172	0.00264	0.01023	0.00528	0.00481
51	0.01080	0.00926	0.01080	0.00771	0.01234	0.00694	0.00617	0.01311	0.01080	0.01697	0.00926	0.01080	0.00771	0.00386	0.00386	0.00077	0.00386	0.00309	0.00309	0.84882
52	0.00797	0.00627	0.00727	0.00757	0.00901	0.00621	0.00585	0.01152	0.13230	0.01522	0.03444	0.15644	0.28746	0.08452	0.00817	0.00227	0.00371	0.20406	0.00475	0.00498
53	0.00725	0.00532	0.00679	0.00642	0.00770	0.00486	0.00482	0.00958	0.01445	0.02018	0.70664	0.04006	0.12469	0.01091	0.00614	0.00165	0.00248	0.00958	0.00564	0.00486
54	0.00666	0.00526	0.00600	0.00590	0.00737	0.00460	0.00439	0.00842	0.01294	0.01681	0.34871	0.08602	0.44377	0.01232	0.00618	0.00173	0.00258	0.01055	0.00520	0.00460
55	0.01392	0.82012	0.02729	0.00891	0.01337	0.02061	0.00891	0.01559	0.01058	0.01225	0.00724	0.00835	0.00668	0.00446	0.00334	0.00111	0.00557	0.00278	0.00223	0.00668
56	0.85377	0.01007	0.00765	0.00685	0.01007	0.01168	0.00564	0.01531	0.00886	0.02336	0.00725	0.00846	0.00564	0.00483	0.00322	0.00161	0.00403	0.00282	0.00322	0.00564
57	0.01392	0.82012	0.02729	0.00891	0.01337	0.02061	0.00891	0.01559	0.01058	0.01225	0.00724	0.00835	0.00668	0.00446	0.00334	0.00111	0.00557	0.00278	0.00223	0.00668
58	0.85377	0.01007	0.00765	0.00685	0.01007	0.01168	0.00564	0.01531	0.00886	0.02336	0.00725	0.00846	0.00564	0.00483	0.00322	0.00161	0.00403	0.00282	0.00322	0.00564
59	0.00634	0.00453	0.00604	0.00725	0.00755	0.00423	0.00483	0.00725	0.00997	0.01329	0.02870	0.81358	0.03444	0.01632	0.00665	0.00211	0.00302	0.01480	0.00483	0.00423
60	0.00756	0.00509	0.00590	0.00590	0.00598	0.00517	0.00343	0.00771	0.00764	0.01026	0.01621	0.03296	0.01845	0.75310	0.08973	0.00532	0.00578	0.00741	0.00313	0.00328
61	0.00663	0.00492	0.00661	0.00762	0.00790	0.00490	0.00521	0.00755	0.00986	0.01325	0.02746	0.76803	0.03288	0.01591	0.00724	0.00212	0.04871	0.01422	0.00469	0.00431
62	0.00711	0.00531	0.00660	0.00628	0.00762	0.00480	0.00471	0.00933	0.01413	0.01943	0.62671	0.04129	0.20508	0.01119	0.00614	0.00166	0.00250	0.00975	0.00554	0.00480
63	0.01284	0.01106	0.01169	0.01057	0.01347	0.01278	0.00825	0.02725	0.75599	0.02163	0.02136	0.02041	0.01625	0.00725	0.00535	0.00178	0.00414	0.02449	0.00529	0.00816
64	0.04395	0.04727	0.01491	0.01309	0.01584	0.75058	0.00990	0.02048	0.01446	0.01304	0.00800	0.00933	0.00668	0.00532	0.00461	0.00134	0.00912	0.00332	0.00269	0.00604
65	0.01738	0.01772	0.01528	0.01267	0.01581	0.36193	0.08415	0.24451	0.01681	0.02010	0.01083	0.01219	0.00838	0.00570	0.00506	0.00145	0.02102	0.00426	0.11790	0.00682
66	0.00703	0.00551	0.00660	0.00677	0.00819	0.00474	0.00486	0.00836	0.01087	0.01439	0.05954	0.42366	0.25256	0.01331	0.00609	0.00180	0.00305	0.02940	0.00461	0.12866
67	0.06443	0.54121	0.16559	0.01025	0.01507	0.01803	0.01076	0.07136	0.01151	0.01524	0.00801	0.00924	0.00677	0.00484	0.00418	0.00131	0.02958	0.00318	0.00251	0.00694
68	0.00634	0.00453	0.00604	0.00725	0.00755	0.00423	0.00483	0.00725	0.00997	0.01329	0.02870	0.81358	0.03444	0.01632	0.00665	0.00211	0.00302	0.01480	0.00483	0.00423
69	0.00718	0.00532	0.00670	0.00635	0.00766	0.00483	0.00477	0.00946	0.01430	0.01983	0.66902	0.04063	0.16253	0.01104	0.00614	0.00166	0.00248	0.00966	0.00559	0.00483
70	0.01583	0.01516	0.12015	0.06403	0.13565	0.02844	0.01211	0.42325	0.01842	0.02490	0.01331	0.01434	0.04924	0.00622	0.00563	0.00161	0.03476	0.00487	0.00405	0.00802
71	0.68273	0.06380	0.01003	0.02228	0.01144	0.03584	0.00656	0.06854	0.01026	0.02259	0.00767	0.00892	0.00602	0.00502	0.00373	0.00158	0.02075	0.00303	0.00325	0.00595
72	0.01011	0.00986	0.00979	0.00949	0.01081	0.18207	0.00730	0.01186	0.00979	0.01223	0.01264	0.01800	0.01162	0.03157	0.62032	0.00681	0.01294	0.00508	0.00277	0.00496
73	0.01238	0.01020	0.01261	0.02694	0.01386	0.00935	0.02928	0.10858	0.01238	0.04550	0.01018	0.02594	0.00841	0.00510	0.00568	0.00114	0.09256	0.00386	0.00338	0.56266
74	0.00634	0.00453	0.00604	0.00725	0.00755	0.00423	0.00483	0.00725	0.00997	0.01329	0.02870	0.81358	0.03444	0.01632	0.00665	0.00211	0.00302	0.01480	0.00483	0.00423
75	0.02274	0.00886	0.01197	0.00925	0.01319	0.00776	0.00762	0.02514	0.03730	0.75034	0.03562	0.01819	0.01370	0.00655	0.00526	0.00162	0.00438	0.00534	0.00640	0.00877
76	0.00714	0.00531	0.00664	0.00631	0.00764	0.00482	0.00473	0.00939	0.01420	0.01960	0.64498	0.04100	0.18670	0.01112	0.00614	0.00166	0.00249	0.00971	0.00556	0.00482
77	0.00634	0.00453	0.00604	0.00725	0.00755	0.00423	0.00483	0.00725	0.00997	0.01329	0.02870	0.81358	0.03444	0.01632	0.00665	0.00211	0.00302	0.01480	0.00483	0.00423
78	0.01295	0.01119	0.01178	0.01060	0.01354	0.01295	0.00824	0.02767	0.77509	0.02178	0.02120	0.01943	0.01590	0.00707	0.00530	0.00177	0.00412	0.00589	0.00530	0.00824
79	0.01080	0.00926	0.01080	0.00771	0.01234	0.00694	0.00617	0.01311	0.01080	0.01697	0.00926	0.01080	0.00771	0.00386	0.00386	0.00077	0.00386	0.00309	0.00309	0.84882
80	0.01945	0.02482	0.01476	0.01342	0.01610	0.79608	0.01006	0.02079	0.01476	0.01275	0.00805	0.00939	0.00671	0.00537	0.00470	0.00134	0.00939	0.00335	0.00268	0.00604
81	0.00725	0.00544	0.00693	0.00685	0.02339	0.00496	0.00496	0.00949	0.01409	0.01945	0.62226	0.05371	0.17970	0.01108	0.00613	0.00167	0.00257	0.00970	0.00549	0.00488
82	0.01598	0.01925	0.01273	0.01189	0.01414	0.56642	0.00907	0.01750	0.01346	0.01301	0.01332	0.01809	0.05392	0.01124	0.11158	0.00242	0.00916	0.07814	0.00303	0.00563
83	0.01045	0.02694	0.79000	0.01484	0.02254	0.01209	0.01924	0.01649	0.01099	0.01649	0.00935	0.01099	0.00660	0.00495	0.00495	0.00165	0.00770	0.00385	0.00220	0.00770
84	0.00783	0.00616	0.00912	0.00890	0.00973	0.00745	0.00699	0.00962	0.00833	0.01213	0.01324	0.01956	0.01241	0.03609	0.71900	0.00776	0.09271	0.00548	0.00274	0.00475
85	0.01272	0.01220	0.02082	0.07584	0.74198	0.01233	0.01590	0.01583	0.01178	0.01680	0.00976	0.01295	0.00817	0.00467	0.00516	0.00156	0.00623	0.00464	0.00256	0.00811
86	0.00983	0.00926	0.01562	0.80447	0.03587	0.01157	0.01446	0.01331	0.01041	0.01331	0.00926	0.01388	0.00694	0.00521	0.00521	0.00174	0.00694	0.00463	0.00231	0.00579
87	0.00634	0.00453	0.00604	0.00725	0.00755	0.00423	0.00483	0.00725	0.00997	0.01329	0.02870	0.81358	0.03444	0.01632	0.00665	0.00211	0.00302	0.01480	0.00483	0.00423
88	0.00729	0.00532	0.00685	0.00647	0.00773	0.00488	0.00485	0.00967	0.01455	0.02042	0.73242	0.03966	0.09876	0.01082	0.00614	0.00165	0.00247	0.00952	0.00567	0.00488
89	0.05173	0.05436	0.14142	0.01903	0.04592	0.02649	0.50778	0.01705	0.01203	0.05759	0.01051	0.01314	0.00780	0.00463	0.00560	0.00168	0.00795	0.00535	0.00278	0.00716
90	0.01308	0.01272	0.02077	0.03101	0.74708	0.03554	0.01566	0.01635	0.02651	0.01698	0.00996	0.01291	0.00835	0.00471	0.00514	0.00154	0.00624	0.00463	0.00263	0.00818
91	0.00789	0.00542	0.00697	0.00665	0.00797	0.00502	0.00508	0.01027	0.01420	0.03872	0.63180	0.03917	0.08384	0.01066	0.00605	0.00167	0.00267	0.05760	0.05336	0.00497
92	0.00654	0.00467	0.00625	0.00737	0.00779	0.00439	0.00508	0.00763	0.01036	0.01385	0.06855	0.72125	0.03492	0.01588	0.00666	0.00211	0.00311	0.06441	0.00488	0.00430
93	0.11151	0.07256	0.08684	0.01242	0.01586	0.47320	0.02832	0.08605	0.01415	0.01617	0.00910	0.03352	0.00762	0.00559	0.00461	0.00144	0.00785	0.00383	0.00296	0.00641
94	0.06724	0.00832	0.04892	0.00700	0.00931	0.00790	0.00589	0.15505	0.01340	0.04459	0.01520	0.01717	0.01173	0.02088	0.00445	0.00141	0.00354	0.00470	0.54742	0.00590

[dist]
# distance from previous block
# <min> <max>
0	9

[block]
# block no. 2 follows, 47 sequences, length 60
# corresponding to MSA columns:
# 439-498
name=unknown_C
#
# <colnr> <probs for GDERKNQSTAVLIFYWHMCP>
#	G	D	E	R	K	N	Q	S	T	A	V	L	I	F	Y	W	H	M	C	P
0	0.01108	0.13826	0.63687	0.01501	0.06609	0.01331	0.01759	0.01634	0.01099	0.01592	0.00907	0.01073	0.00671	0.00486	0.00473	0.00157	0.00731	0.00374	0.00223	0.00759
1	0.05716	0.00560	0.00696	0.00654	0.00790	0.00530	0.00493	0.01009	0.01432	0.02085	0.71741	0.03740	0.06544	0.01037	0.00597	0.00164	0.00255	0.00907	0.00556	0.00494
2	0.03237	0.17439	0.01662	0.01194	0.01499	0.53491	0.00945	0.06970	0.01452	0.01468	0.05372	0.01113	0.00933	0.00555	0.00453	0.00134	0.00791	0.00368	0.00296	0.00628
3	0.01365	0.47291	0.20981	0.01081	0.01590	0.08354	0.01140	0.05272	0.01173	0.01460	0.00820	0.00943	0.00683	0.00470	0.00397	0.00126	0.00632	0.00320	0.00246	0.05655
4	0.01167	0.03938	0.36296	0.05709	0.04344	0.01275	0.30866	0.05280	0.01222	0.01720	0.02604	0.01297	0.00816	0.00491	0.00543	0.00167	0.00778	0.00493	0.00260	0.00733
5	0.01457	0.45123	0.08917	0.01088	0.02755	0.21501	0.00995	0.01726	0.05364	0.01344	0.01066	0.01157	0.04500	0.00530	0.00410	0.00129	0.00651	0.00362	0.00264	0.00661
6	0.20338	0.00918	0.01082	0.00887	0.01236	0.00897	0.00728	0.06134	0.04449	0.47065	0.01798	0.05149	0.01312	0.00699	0.00497	0.00168	0.00436	0.04891	0.00546	0.00769
7	0.01379	0.02623	0.06298	0.01068	0.01434	0.01212	0.00916	0.18859	0.14352	0.04778	0.01200	0.01297	0.00932	0.00598	0.00667	0.00146	0.13543	0.00429	0.00386	0.27882
8	0.11930	0.15807	0.24483	0.01466	0.03892	0.04670	0.20519	0.06084	0.01207	0.03928	0.00948	0.01125	0.00718	0.00483	0.00477	0.00156	0.00696	0.00421	0.00277	0.00713
9	0.01192	0.01520	0.11427	0.02074	0.02613	0.01279	0.66089	0.01639	0.01208	0.01656	0.01093	0.03670	0.00852	0.00479	0.00603	0.00175	0.00849	0.00614	0.00265	0.00702
10	0.00639	0.00457	0.00609	0.00722	0.00756	0.00426	0.00484	0.00738	0.01020	0.01366	0.06553	0.77570	0.03516	0.01604	0.00662	0.00209	0.00299	0.01454	0.00488	0.00426
11	0.00912	0.00773	0.01217	0.07630	0.08026	0.00776	0.10959	0.01241	0.09228	0.03461	0.02335	0.42552	0.06455	0.01139	0.00613	0.00192	0.00452	0.01053	0.00423	0.00563
12	0.01819	0.04706	0.01453	0.01113	0.01474	0.06431	0.02152	0.42796	0.06239	0.15166	0.01551	0.08138	0.01234	0.00721	0.00529	0.00162	0.00546	0.02464	0.00504	0.00803
13	0.00634	0.00453	0.00604	0.00725	0.00755	0.00423	0.00483	0.00725	0.00997	0.01329	0.02870	0.81358	0.03444	0.01632	0.00665	0.00211	0.00302	0.01480	0.00483	0.00423
14	0.02026	0.00864	0.01112	0.00875	0.01224	0.00791	0.00715	0.09225	0.01522	0.56816	0.05697	0.01853	0.01437	0.00658	0.00505	0.00155	0.00417	0.00534	0.12765	0.00809
15	0.01210	0.01283	0.06640	0.17541	0.51617	0.01229	0.09748	0.01558	0.01158	0.01625	0.00975	0.01309	0.00787	0.00474	0.00526	0.00161	0.00670	0.00476	0.00251	0.00762
16	0.17561	0.01092	0.01742	0.25463	0.13580	0.01184	0.17421	0.06268	0.01139	0.01752	0.00977	0.01367	0.00785	0.04484	0.00647	0.02502	0.00642	0.00475	0.00282	0.00636
17	0.00647	0.00534	0.00573	0.00588	0.00752	0.00460	0.00454	0.00795	0.01195	0.01450	0.07861	0.07025	0.64516	0.01331	0.00629	0.00184	0.00289	0.09784	0.00487	0.00446
18	0.80024	0.02807	0.04110	0.00723	0.01067	0.01189	0.00628	0.01536	0.00899	0.02284	0.00734	0.00856	0.00570	0.00483	0.00330	0.00160	0.00422	0.00286	0.00316	0.00575
19	0.77078	0.07236	0.00932	0.00715	0.01046	0.03000	0.00599	0.01545	0.00913	0.02228	0.00727	0.00847	0.00574	0.00482	0.00326	0.00157	0.00427	0.00283	0.00313	0.00573
20	0.00773	0.00540	0.00698	0.00656	0.00789	0.00495	0.00493	0.01007	0.01447	0.04198	0.69991	0.05484	0.09300	0.01080	0.00613	0.00165	0.00254	0.00951	0.00568	0.00498
21	0.01295	0.01119	0.01178	0.01060	0.01354	0.01295	0.00824	0.02767	0.77509	0.02178	0.02120	0.01943	0.01590	0.00707	0.00530	0.00177	0.00412	0.00589	0.00530	0.00824
22	0.00625	0.00529	0.00541	0.00541	0.00714	0.00445	0.00408	0.00764	0.01200	0.01440	0.08494	0.04977	0.73600	0.01310	0.00617	0.00176	0.00267	0.02423	0.00488	0.00443
23	0.00672	0.00484	0.00639	0.00741	0.00795	0.00455	0.00526	0.00793	0.01057	0.01402	0.07370	0.60113	0.07068	0.03747	0.00722	0.00219	0.00328	0.11953	0.00484	0.00433
24	0.01064	0.01067	0.01981	0.55841	0.07806	0.01203	0.20676	0.01433	0.01098	0.01439	0.00962	0.01387	0.00727	0.00496	0.00544	0.00173	0.00737	0.00502	0.00241	0.00625
25	0.01289	0.01237	0.02114	0.03196	0.78450	0.01237	0.01598	0.01598	0.01186	0.01701	0.00980	0.01289	0.00825	0.00464	0.00516	0.00155	0.00619	0.00464	0.00258	0.00825
26	0.85377	0.01007	0.00765	0.00685	0.01007	0.01168	0.00564	0.01531	0.00886	0.02336	0.00725	0.00846	0.00564	0.00483	0.00322	0.00161	0.00403	0.00282	0.00322	0.00564
27	0.01327	0.01280	0.02107	0.04606	0.68446	0.04275	0.05360	0.01635	0.01203	0.03317	0.00998	0.01294	0.00824	0.00471	0.00519	0.00155	0.00642	0.00468	0.00266	0.00806
28	0.01834	0.02410	0.02864	0.01071	0.01437	0.03278	0.00884	0.44547	0.05171	0.17903	0.01581	0.08305	0.01223	0.00711	0.00523	0.00160	0.00516	0.00565	0.04203	0.00813
29	0.01392	0.82012	0.02729	0.00891	0.01337	0.02061	0.00891	0.01559	0.01058	0.01225	0.00724	0.00835	0.00668	0.00446	0.00334	0.00111	0.00557	0.00278	0.00223	0.00668
30	0.00672	0.00484	0.00617	0.00689	0.00739	0.00461	0.00466	0.00772	0.01004	0.01338	0.08453	0.49667	0.09564	0.15023	0.05630	0.00291	0.00397	0.02868	0.00450	0.00415
31	0.00626	0.00528	0.00542	0.00538	0.00710	0.00444	0.00404	0.00767	0.01211	0.01463	0.11309	0.04919	0.72170	0.01298	0.00615	0.00175	0.00262	0.01086	0.00491	0.00444
32	0.01989	0.01467	0.01550	0.01194	0.01607	0.03460	0.00984	0.72760	0.02397	0.05437	0.01263	0.01258	0.00892	0.00624	0.00520	0.00156	0.00578	0.00467	0.00519	0.00879
33	0.01455	0.73029	0.02587	0.00942	0.01367	0.10820	0.00904	0.01618	0.01105	0.01231	0.00733	0.00847	0.00669	0.00456	0.00349	0.00114	0.00600	0.00285	0.00228	0.00661
34	0.81314	0.01029	0.00804	0.00710	0.01037	0.01190	0.00585	0.05193	0.00962	0.02383	0.00751	0.00866	0.00580	0.00490	0.00332	0.00161	0.00411	0.00291	0.00332	0.00580
35	0.01208	0.11287	0.39076	0.01848	0.23316	0.07310	0.01579	0.01625	0.01151	0.01588	0.02876	0.01201	0.00830	0.00574	0.02245	0.00168	0.00717	0.00409	0.00245	0.00747
36	0.01229	0.01076	0.03393	0.01183	0.07969	0.01124	0.02403	0.05210	0.47281	0.04919	0.02507	0.02380	0.15498	0.00781	0.00545	0.00173	0.00430	0.00659	0.00488	0.00755
37	0.00908	0.00570	0.00751	0.00684	0.00837	0.00521	0.00521	0.01149	0.01476	0.10311	0.70017	0.03663	0.04525	0.01020	0.00605	0.00164	0.00267	0.00897	0.00581	0.00534
38	0.01205	0.01152	0.04609	0.04342	0.25150	0.04457	0.05493	0.06517	0.12509	0.01788	0.01575	0.05069	0.05660	0.00819	0.04429	0.00196	0.04431	0.00570	0.09331	0.00696
39	0.01761	0.01239	0.01660	0.02640	0.03802	0.01290	0.12420	0.39694	0.03589	0.16113	0.03460	0.01796	0.01214	0.00668	0.00553	0.00167	0.00581	0.06052	0.00490	0.00809
40	0.00863	0.00626	0.00784	0.00710	0.00863	0.00605	0.00542	0.08637	0.01573	0.02209	0.70400	0.03623	0.04507	0.01020	0.00605	0.00163	0.00279	0.00894	0.00568	0.00531
41	0.06048	0.09583	0.01620	0.01138	0.01544	0.03250	0.00951	0.60206	0.05866	0.02931	0.01204	0.01215	0.00877	0.00602	0.00492	0.00153	0.00563	0.00443	0.00476	0.00839
42	0.00855	0.00758	0.00791	0.00739	0.00938	0.04503	0.01834	0.02815	0.13775	0.01610	0.10191	0.03772	0.44875	0.01390	0.08579	0.00239	0.00451	0.00888	0.00465	0.00532
43	0.00843	0.00607	0.00793	0.00765	0.00848	0.00670	0.00553	0.06633	0.00930	0.01293	0.01475	0.02489	0.01489	0.32400	0.45170	0.00662	0.01004	0.00625	0.00311	0.00442
44	0.82979	0.01020	0.00788	0.00700	0.01025	0.01181	0.00576	0.03692	0.00931	0.02364	0.00740	0.00858	0.00573	0.00487	0.00328	0.00161	0.00408	0.00287	0.00328	0.00573
45	0.01980	0.01459	0.01563	0.01198	0.01615	0.01615	0.00990	0.76713	0.02448	0.03282	0.01250	0.01250	0.00886	0.00625	0.00521	0.00156	0.00573	0.00469	0.00521	0.00886
46	0.01067	0.00912	0.01066	0.00770	0.01220	0.00686	0.00613	0.01294	0.01077	0.01686	0.00982	0.03422	0.00849	0.00422	0.00394	0.00081	0.00383	0.00343	0.00314	0.82418
47	0.00983	0.00926	0.01562	0.80447	0.03587	0.01157	0.01446	0.01331	0.01041	0.01331	0.00926	0.01388	0.00694	0.00521	0.00521	0.00174	0.00694	0.00463	0.00231	0.00579
48	0.00983	0.00926	0.01562	0.80447	0.03587	0.01157	0.01446	0.01331	0.01041	0.01331	0.00926	0.01388	0.00694	0.00521	0.00521	0.00174	0.00694	0.00463	0.00231	0.00579
49	0.00971	0.00485	0.00485	0.00485	0.00607	0.00485	0.00364	0.01213	0.01092	0.01942	0.01699	0.01942	0.01335	0.00607	0.00364	0.00121	0.00243	0.00485	0.84589	0.00485
50	0.85377	0.01007	0.00765	0.00685	0.01007	0.01168	0.00564	0.01531	0.00886	0.02336	0.00725	0.00846	0.00564	0.00483	0.00322	0.00161	0.00403	0.00282	0.00322	0.00564
51	0.85377	0.01007	0.00765	0.00685	0.01007	0.01168	0.00564	0.01531	0.00886	0.02336	0.00725	0.00846	0.00564	0.00483	0.00322	0.00161	0.00403	0.00282	0.00322	0.00564
52	0.01229	0.01405	0.03073	0.02195	0.02722	0.01317	0.76558	0.01668	0.01229	0.01668	0.01054	0.01405	0.00790	0.00439	0.00615	0.00176	0.00878	0.00615	0.00263	0.00702
