[name]
unknown

[dist]
# distance from previous block
# <min> <max>
5	105

[block]
# block no. 0 follows, 41 sequences, length 9
# corresponding to MSA columns:
# 118-126
name=unknown_A
#
# <colnr> <probs for GDERKNQSTAVLIFYWHMCP>
#	G	D	E	R	K	N	Q	S	T	A	V	L	I	F	Y	W	H	M	C	P
0	0.01686	0.01228	0.01556	0.03785	0.06602	0.01311	0.04480	0.34003	0.03586	0.08662	0.08478	0.07082	0.01604	0.00878	0.00763	0.05584	0.04275	0.00647	0.00500	0.03291
1	0.07608	0.01423	0.01704	0.04003	0.11795	0.15888	0.11124	0.01634	0.02754	0.01687	0.01723	0.04470	0.09417	0.00824	0.00791	0.00191	0.13085	0.05721	0.00346	0.03813
2	0.07761	0.01186	0.02013	0.34851	0.29020	0.01297	0.09653	0.01600	0.01196	0.01718	0.01035	0.01449	0.00821	0.00584	0.00620	0.02955	0.00722	0.00511	0.00276	0.00732
3	0.00903	0.00555	0.00733	0.00809	0.00896	0.00507	0.00560	0.01018	0.01167	0.09801	0.03199	0.66840	0.07519	0.01653	0.00710	0.00224	0.00347	0.01487	0.00551	0.00522
4	0.01148	0.02736	0.67786	0.01650	0.02438	0.01299	0.06863	0.01778	0.01223	0.01807	0.01147	0.01522	0.00877	0.00597	0.00566	0.00187	0.00836	0.04457	0.00261	0.00823
5	0.16735	0.08233	0.01591	0.01308	0.01614	0.54580	0.01015	0.02089	0.01434	0.01604	0.00855	0.01015	0.00716	0.00591	0.00540	0.00156	0.04605	0.00359	0.00299	0.00659
6	0.00676	0.00579	0.00579	0.00579	0.00773	0.00483	0.00435	0.00821	0.01304	0.01545	0.05794	0.05505	0.76098	0.01449	0.00676	0.00193	0.00290	0.01207	0.00531	0.00483
7	0.01414	0.35098	0.29540	0.01487	0.08757	0.08846	0.01459	0.01786	0.01249	0.01599	0.03343	0.01188	0.00897	0.00542	0.00473	0.00152	0.00731	0.00396	0.00264	0.00777
8	0.01304	0.02739	0.68560	0.01562	0.02363	0.01274	0.01972	0.01920	0.01255	0.10109	0.01163	0.01289	0.00801	0.00562	0.00547	0.00181	0.00806	0.00440	0.00293	0.00860

[dist]
# distance from previous block
# <min> <max>
7	26

[block]
# block no. 1 follows, 41 sequences, length 34
# corresponding to MSA columns:
# 153-186
name=unknown_B
#
# <colnr> <probs for GDERKNQSTAVLIFYWHMCP>
#	G	D	E	R	K	N	Q	S	T	A	V	L	I	F	Y	W	H	M	C	P
0	0.03848	0.01306	0.01450	0.03678	0.01641	0.01422	0.00963	0.33247	0.23930	0.14556	0.01782	0.01709	0.01273	0.00702	0.00560	0.00176	0.00535	0.00555	0.03795	0.02871
1	0.01282	0.00656	0.00770	0.00714	0.00897	0.00630	0.00541	0.04563	0.01365	0.15007	0.10934	0.13957	0.02264	0.02542	0.00572	0.00172	0.00336	0.00769	0.41415	0.00615
2	0.01168	0.04339	0.01296	0.15246	0.01749	0.00873	0.02635	0.01423	0.01247	0.07348	0.08893	0.13951	0.01849	0.00798	0.00550	0.00153	0.00486	0.02840	0.00410	0.32747
3	0.01305	0.00946	0.01136	0.00872	0.01301	0.00752	0.00686	0.01575	0.03468	0.11538	0.01510	0.12069	0.01351	0.00659	0.00490	0.00120	0.00420	0.00556	0.00420	0.58826
4	0.01186	0.01017	0.01186	0.00847	0.01356	0.00762	0.00678	0.01440	0.01186	0.01864	0.01017	0.01186	0.00847	0.00424	0.00424	0.00085	0.00424	0.00339	0.00339	0.83395
5	0.01175	0.07511	0.68774	0.01585	0.02367	0.01405	0.02003	0.01784	0.01188	0.01762	0.00999	0.01192	0.00726	0.00563	0.00599	0.00181	0.04695	0.00420	0.00242	0.00828
6	0.01423	0.01229	0.01293	0.01164	0.01487	0.01423	0.00905	0.03039	0.75297	0.02393	0.02328	0.02134	0.01746	0.00776	0.00582	0.00194	0.00453	0.00647	0.00582	0.00905
7	0.01186	0.01017	0.01186	0.00847	0.01356	0.00762	0.00678	0.01440	0.01186	0.01864	0.01017	0.01186	0.00847	0.00424	0.00424	0.00085	0.00424	0.00339	0.00339	0.83395
8	0.01303	0.01140	0.01265	0.01122	0.01436	0.01277	0.03761	0.02644	0.60779	0.02238	0.02823	0.02637	0.13331	0.00869	0.00600	0.00194	0.00448	0.00735	0.00562	0.00834
9	0.01156	0.02909	0.74606	0.01689	0.04780	0.01329	0.02102	0.01810	0.01211	0.01813	0.01028	0.01214	0.00730	0.00542	0.00544	0.00181	0.00840	0.00425	0.00243	0.00847
10	0.01895	0.01427	0.01539	0.01242	0.01649	0.01581	0.01010	0.46664	0.24521	0.05285	0.01731	0.01775	0.01289	0.00736	0.00579	0.00179	0.00564	0.02819	0.00572	0.02943
11	0.00922	0.00658	0.00922	0.01053	0.01185	0.00658	0.00922	0.01185	0.01317	0.01712	0.03029	0.06452	0.03292	0.01580	0.00790	0.00263	0.00527	0.72480	0.00527	0.00527
12	0.01147	0.02959	0.76934	0.01630	0.02476	0.01328	0.02113	0.01811	0.01208	0.01811	0.01026	0.01208	0.00725	0.00543	0.00543	0.00181	0.00845	0.00423	0.00242	0.00845
13	0.00831	0.00557	0.00636	0.00636	0.00641	0.00561	0.00362	0.00840	0.00836	0.01118	0.01791	0.03680	0.02052	0.76692	0.06080	0.00570	0.00596	0.00823	0.00345	0.00354
14	0.00697	0.00498	0.00664	0.00796	0.00830	0.00465	0.00531	0.00796	0.01095	0.01460	0.03153	0.79525	0.03783	0.01792	0.00730	0.00232	0.00332	0.01626	0.00531	0.00465
15	0.20948	0.01024	0.01230	0.00967	0.01390	0.00971	0.00799	0.04866	0.01521	0.57586	0.01898	0.01698	0.01221	0.00667	0.00525	0.00177	0.00481	0.00513	0.00624	0.00893
16	0.01080	0.01017	0.01716	0.78523	0.03940	0.01271	0.01589	0.01461	0.01144	0.01461	0.01017	0.01525	0.00762	0.00572	0.00572	0.00191	0.00762	0.00508	0.00254	0.00635
17	0.02174	0.01602	0.01717	0.01316	0.01774	0.01774	0.01087	0.74423	0.02689	0.03605	0.01373	0.01373	0.00973	0.00687	0.00572	0.00172	0.00629	0.00515	0.00572	0.00973
18	0.00994	0.00497	0.00745	0.00745	0.00745	0.00497	0.00497	0.00745	0.00745	0.00994	0.00994	0.01739	0.00994	0.01987	0.02235	0.83358	0.00497	0.00497	0.00248	0.00248
19	0.02174	0.01602	0.01717	0.01316	0.01774	0.01774	0.01087	0.74423	0.02689	0.03605	0.01373	0.01373	0.00973	0.00687	0.00572	0.00172	0.00629	0.00515	0.00572	0.00973
20	0.00712	0.00523	0.00669	0.00755	0.00826	0.00479	0.00519	0.00846	0.01209	0.01608	0.15399	0.57318	0.13745	0.01644	0.00714	0.00218	0.00316	0.01473	0.00547	0.00479
21	0.02174	0.01602	0.01717	0.01316	0.01774	0.01774	0.01087	0.74423	0.02689	0.03605	0.01373	0.01373	0.00973	0.00687	0.00572	0.00172	0.00629	0.00515	0.00572	0.00973
22	0.02547	0.01005	0.01347	0.01032	0.01476	0.00887	0.00853	0.06336	0.01689	0.73104	0.02213	0.01918	0.01394	0.00707	0.00575	0.00177	0.00494	0.00572	0.00701	0.00973
23	0.01108	0.00755	0.01050	0.01179	0.08434	0.00735	0.00857	0.01430	0.05080	0.09336	0.21868	0.09356	0.05303	0.01252	0.00700	0.00217	0.00448	0.29716	0.00551	0.00625
24	0.01147	0.02959	0.76934	0.01630	0.02476	0.01328	0.02113	0.01811	0.01208	0.01811	0.01026	0.01208	0.00725	0.00543	0.00543	0.00181	0.00845	0.00423	0.00242	0.00845
25	0.00703	0.00522	0.00656	0.00746	0.00820	0.00475	0.00512	0.00827	0.01184	0.01552	0.10203	0.57923	0.18454	0.01667	0.00714	0.00220	0.00318	0.01489	0.00540	0.00475
26	0.02087	0.01531	0.01647	0.01285	0.01725	0.01695	0.01054	0.62402	0.12391	0.05940	0.01531	0.01495	0.01092	0.00699	0.00574	0.00175	0.00601	0.00535	0.00578	0.00964
27	0.01372	0.01305	0.02172	0.13156	0.61715	0.01352	0.01675	0.01805	0.06374	0.01852	0.01154	0.01479	0.00945	0.00536	0.00568	0.00174	0.00675	0.00519	0.00300	0.00871
28	0.02566	0.00973	0.01327	0.01018	0.01460	0.00841	0.00841	0.02788	0.01637	0.76726	0.02257	0.01947	0.01416	0.00708	0.00575	0.00177	0.00487	0.00575	0.00708	0.00973
29	0.00715	0.00505	0.00658	0.00773	0.00802	0.00477	0.00506	0.00801	0.01060	0.01413	0.02971	0.69362	0.03555	0.12267	0.01023	0.00276	0.00362	0.01520	0.00506	0.00449
30	0.04219	0.01294	0.01505	0.04416	0.08465	0.04403	0.01017	0.28978	0.05734	0.11971	0.01470	0.01791	0.01174	0.11316	0.00992	0.00231	0.07659	0.00559	0.02002	0.00803
31	0.01496	0.01613	0.06302	0.01467	0.07228	0.20142	0.01131	0.04854	0.09655	0.04332	0.08739	0.05979	0.01592	0.00859	0.00903	0.00195	0.19916	0.02501	0.00389	0.00708
32	0.01513	0.04035	0.01297	0.01123	0.01396	0.14892	0.00863	0.03866	0.34800	0.08101	0.02168	0.13604	0.03994	0.03227	0.00683	0.00199	0.02229	0.00742	0.00506	0.00762
33	0.01549	0.05639	0.07712	0.01489	0.08030	0.10404	0.01168	0.18637	0.05473	0.01998	0.01175	0.01592	0.01024	0.10169	0.01169	0.00234	0.20916	0.00520	0.00362	0.00740

[dist]
# distance from previous block
# <min> <max>
49	120

[block]
# block no. 2 follows, 41 sequences, length 45
# corresponding to MSA columns:
# 329-373
name=unknown_C
#
# <colnr> <probs for GDERKNQSTAVLIFYWHMCP>
#	G	D	E	R	K	N	Q	S	T	A	V	L	I	F	Y	W	H	M	C	P
0	0.01311	0.01242	0.02053	0.26890	0.47900	0.01336	0.01638	0.01761	0.06884	0.01781	0.01153	0.01505	0.00925	0.00549	0.00569	0.00178	0.00688	0.00520	0.00297	0.00821
1	0.01455	0.01222	0.01294	0.01160	0.01487	0.01407	0.00904	0.03032	0.73247	0.04461	0.02326	0.02129	0.01737	0.00774	0.00582	0.00194	0.00454	0.00645	0.00586	0.00907
2	0.00909	0.00662	0.00890	0.00981	0.01118	0.00659	0.00831	0.01213	0.04375	0.01785	0.12086	0.08625	0.06326	0.02861	0.00797	0.00251	0.00476	0.54078	0.00539	0.00537
3	0.78922	0.01075	0.00836	0.00750	0.01091	0.01238	0.00615	0.01645	0.01012	0.02550	0.05336	0.01131	0.00908	0.00569	0.00373	0.00177	0.00432	0.00353	0.00371	0.00615
4	0.10579	0.01062	0.01599	0.53763	0.07060	0.01251	0.01380	0.03683	0.03223	0.09343	0.01166	0.01508	0.00853	0.00586	0.00548	0.00186	0.00682	0.00497	0.00331	0.00699
5	0.01004	0.00562	0.00867	0.10505	0.01146	0.00594	0.00634	0.00835	0.00795	0.01052	0.00996	0.01712	0.00965	0.01810	0.02027	0.72922	0.00530	0.00498	0.00249	0.00297
6	0.00717	0.00528	0.00676	0.00786	0.00857	0.00488	0.00555	0.00841	0.01154	0.01501	0.03587	0.59371	0.15979	0.01712	0.00727	0.00229	0.00345	0.08942	0.00531	0.00474
7	0.01416	0.01359	0.02322	0.03511	0.76330	0.01359	0.01755	0.01755	0.01302	0.01869	0.01076	0.01416	0.00906	0.00510	0.00566	0.00170	0.00680	0.00510	0.00283	0.00906
8	0.01471	0.68380	0.14346	0.01079	0.01623	0.02120	0.01153	0.01728	0.01169	0.01417	0.00831	0.00962	0.00733	0.00498	0.00394	0.00131	0.00648	0.00324	0.00244	0.00751
9	0.01333	0.01578	0.06396	0.02297	0.02837	0.01468	0.64740	0.01791	0.01302	0.01791	0.01116	0.01503	0.00851	0.00530	0.00775	0.00197	0.07799	0.00649	0.00284	0.00762
10	0.01388	0.01331	0.02271	0.09760	0.70299	0.01352	0.01742	0.01731	0.01289	0.01835	0.01071	0.01425	0.00894	0.00515	0.00567	0.00172	0.00686	0.00510	0.00281	0.00883
11	0.01169	0.04797	0.70656	0.01661	0.02482	0.01359	0.06438	0.01810	0.01215	0.01801	0.01029	0.01221	0.00733	0.00538	0.00547	0.00180	0.00847	0.00435	0.00244	0.00838
12	0.01236	0.01176	0.01998	0.43601	0.37641	0.01312	0.01666	0.01598	0.01218	0.01651	0.01044	0.01474	0.00829	0.00543	0.00569	0.00181	0.00724	0.00509	0.00268	0.00761
13	0.01355	0.01297	0.02212	0.17039	0.63275	0.01343	0.01725	0.01702	0.01274	0.01795	0.01065	0.01435	0.00880	0.00521	0.00567	0.00174	0.00694	0.00509	0.00278	0.00857
14	0.01326	0.01267	0.02159	0.23630	0.56914	0.01335	0.01711	0.01677	0.01260	0.01759	0.01060	0.01445	0.00868	0.00526	0.00568	0.00175	0.00702	0.00509	0.00275	0.00833
15	0.01520	0.01408	0.05830	0.03236	0.02449	0.01292	0.45876	0.01958	0.03370	0.15394	0.05873	0.01765	0.01249	0.00607	0.00718	0.00192	0.05431	0.00654	0.00389	0.00790
16	0.01147	0.02959	0.76934	0.01630	0.02476	0.01328	0.02113	0.01811	0.01208	0.01811	0.01026	0.01208	0.00725	0.00543	0.00543	0.00181	0.00845	0.00423	0.00242	0.00845
17	0.01279	0.00848	0.00933	0.00861	0.01101	0.04027	0.00664	0.03170	0.10626	0.17356	0.08023	0.15606	0.27640	0.01200	0.00648	0.00196	0.00406	0.04188	0.00571	0.00658
18	0.01080	0.01017	0.01716	0.78523	0.03940	0.01271	0.01589	0.01461	0.01144	0.01461	0.01017	0.01525	0.00762	0.00572	0.00572	0.00191	0.00762	0.00508	0.00254	0.00635
19	0.01729	0.01272	0.01385	0.01176	0.01543	0.01418	0.00934	0.17697	0.50602	0.12483	0.02122	0.01953	0.01543	0.00749	0.00579	0.00187	0.00494	0.00610	0.00597	0.00928
20	0.01216	0.01220	0.01963	0.29068	0.07072	0.02813	0.11191	0.01496	0.01075	0.01496	0.00946	0.01425	0.00801	0.00844	0.03504	0.00236	0.32183	0.00528	0.00261	0.00663
21	0.02102	0.02442	0.01679	0.01562	0.06073	0.59376	0.01139	0.15406	0.01797	0.01829	0.00984	0.01116	0.00790	0.00603	0.00529	0.00153	0.00938	0.00403	0.00345	0.00734
22	0.02566	0.00973	0.01327	0.01018	0.01460	0.00841	0.00841	0.02788	0.01637	0.76726	0.02257	0.01947	0.01416	0.00708	0.00575	0.00177	0.00487	0.00575	0.00708	0.00973
23	0.01315	0.01705	0.12921	0.02234	0.02800	0.01456	0.58808	0.01792	0.01293	0.01792	0.01107	0.01475	0.00839	0.00533	0.00756	0.00196	0.07300	0.00628	0.00280	0.00769
24	0.01037	0.00629	0.00791	0.00787	0.00943	0.00571	0.00574	0.02985	0.01341	0.13361	0.14409	0.38913	0.18588	0.01432	0.00683	0.00206	0.00345	0.01260	0.00574	0.00571
25	0.01135	0.01080	0.01529	0.01345	0.01373	0.01474	0.01108	0.01281	0.00888	0.01363	0.00960	0.01518	0.00933	0.01883	0.22195	0.00430	0.58113	0.00531	0.00265	0.00595
26	0.02566	0.00973	0.01327	0.01018	0.01460	0.00841	0.00841	0.02788	0.01637	0.76726	0.02257	0.01947	0.01416	0.00708	0.00575	0.00177	0.00487	0.00575	0.00708	0.00973
27	0.02566	0.00973	0.01327	0.01018	0.01460	0.00841	0.00841	0.02788	0.01637	0.76726	0.02257	0.01947	0.01416	0.00708	0.00575	0.00177	0.00487	0.00575	0.00708	0.00973
28	0.01053	0.00776	0.00935	0.00862	0.01060	0.00793	0.00662	0.01682	0.21372	0.05503	0.50839	0.03666	0.04182	0.01057	0.00649	0.00186	0.00336	0.03112	0.00617	0.00656
29	0.02151	0.01591	0.01703	0.01311	0.01765	0.01763	0.01082	0.72204	0.04946	0.03567	0.01403	0.01397	0.00997	0.00689	0.00573	0.00172	0.00624	0.00519	0.00573	0.00971
30	0.00810	0.00585	0.00765	0.00720	0.00855	0.00540	0.00540	0.01079	0.01619	0.02294	0.76028	0.04273	0.05397	0.01169	0.00675	0.00180	0.00270	0.01034	0.00630	0.00540
31	0.02405	0.00938	0.01276	0.00990	0.01405	0.00813	0.00813	0.02631	0.01635	0.69890	0.09032	0.02160	0.01782	0.00750	0.00584	0.00177	0.00467	0.00617	0.00701	0.00934
32	0.78393	0.01140	0.00900	0.00790	0.01151	0.01316	0.00651	0.06615	0.01090	0.02637	0.00836	0.00959	0.00643	0.00542	0.00369	0.00177	0.00455	0.00324	0.00369	0.00643
33	0.00806	0.00582	0.00762	0.00722	0.00854	0.00538	0.00539	0.01072	0.01605	0.02271	0.74036	0.06329	0.05353	0.01186	0.00676	0.00181	0.00272	0.01051	0.00627	0.00538
34	0.02566	0.00973	0.01327	0.01018	0.01460	0.00841	0.00841	0.02788	0.01637	0.76726	0.02257	0.01947	0.01416	0.00708	0.00575	0.00177	0.00487	0.00575	0.00708	0.00973
35	0.02539	0.01017	0.01354	0.01038	0.01482	0.00905	0.00858	0.07715	0.01710	0.71696	0.02196	0.01907	0.01385	0.00706	0.00575	0.00177	0.00497	0.00571	0.00699	0.00973
36	0.02406	0.00964	0.01295	0.01004	0.01421	0.00850	0.00825	0.05295	0.01675	0.67826	0.08365	0.02119	0.01731	0.00746	0.00583	0.00177	0.00474	0.00611	0.00696	0.00937
37	0.00798	0.00584	0.00748	0.00707	0.00847	0.00535	0.00530	0.01056	0.01591	0.02227	0.69783	0.04382	0.11684	0.01194	0.00675	0.00181	0.00272	0.01050	0.00621	0.00535
38	0.02494	0.00957	0.01304	0.01005	0.01435	0.00828	0.00828	0.02717	0.01636	0.73669	0.05287	0.02042	0.01579	0.00727	0.00579	0.00177	0.00478	0.00594	0.00705	0.00956
39	0.02452	0.00991	0.01322	0.01020	0.01448	0.00882	0.00840	0.07022	0.01700	0.68492	0.05992	0.02032	0.01594	0.00730	0.00580	0.00177	0.00484	0.00595	0.00696	0.00951
40	0.00848	0.00674	0.00774	0.00816	0.00931	0.02227	0.00578	0.01192	0.11849	0.01702	0.12976	0.43651	0.13676	0.04380	0.00770	0.00225	0.00358	0.01293	0.00540	0.00540
41	0.01820	0.00899	0.01142	0.00947	0.01276	0.00848	0.00756	0.02297	0.14569	0.40754	0.22345	0.02740	0.05313	0.00872	0.00607	0.00181	0.00415	0.00735	0.00658	0.00826
42	0.02427	0.01005	0.01323	0.01036	0.01463	0.00912	0.00849	0.02818	0.10622	0.67659	0.02265	0.01970	0.01456	0.00716	0.00576	0.00179	0.00483	0.00584	0.00693	0.00965
43	0.19674	0.01365	0.01436	0.01134	0.01555	0.01485	0.00932	0.44421	0.03639	0.14956	0.01448	0.03029	0.01043	0.00682	0.00530	0.00175	0.00557	0.00507	0.00546	0.00885
44	0.01924	0.01563	0.01424	0.01206	0.01558	0.19079	0.00948	0.21620	0.18256	0.15806	0.01913	0.06150	0.04414	0.00781	0.00575	0.00176	0.00627	0.00612	0.00530	0.00837

[dist]
# distance from previous block
# <min> <max>
0	31

[block]
# block no. 3 follows, 41 sequences, length 72
# corresponding to MSA columns:
# 405-476
name=unknown_D
#
# <colnr> <probs for GDERKNQSTAVLIFYWHMCP>
#	G	D	E	R	K	N	Q	S	T	A	V	L	I	F	Y	W	H	M	C	P
0	0.01292	0.00982	0.02752	0.01004	0.01280	0.01000	0.00814	0.02159	0.34848	0.10531	0.14842	0.03413	0.10923	0.01013	0.00635	0.00199	0.00427	0.10551	0.00583	0.00752
1	0.02087	0.01314	0.01494	0.01168	0.01593	0.01377	0.00955	0.40520	0.10049	0.23082	0.05601	0.01753	0.01401	0.00716	0.00573	0.00172	0.00544	0.00565	0.00603	0.04430
2	0.01963	0.01190	0.05239	0.01091	0.01487	0.03262	0.00916	0.04381	0.24766	0.39244	0.08389	0.02123	0.01790	0.00756	0.00582	0.00182	0.00496	0.00621	0.00622	0.00900
3	0.02526	0.00965	0.01315	0.01011	0.01446	0.00834	0.00834	0.02748	0.01637	0.75022	0.03945	0.02000	0.01507	0.00719	0.00577	0.00177	0.00482	0.00586	0.00706	0.00964
4	0.00737	0.00579	0.00672	0.00696	0.00848	0.00514	0.00529	0.00917	0.01344	0.01712	0.19971	0.15412	0.42419	0.01452	0.00697	0.00204	0.00320	0.09926	0.00551	0.00498
5	0.02556	0.00991	0.01338	0.01026	0.01469	0.00866	0.00847	0.04755	0.01666	0.74718	0.02232	0.01931	0.01404	0.00707	0.00575	0.00177	0.00491	0.00574	0.00704	0.00973
6	0.02164	0.01573	0.01693	0.01303	0.01756	0.01737	0.01075	0.70278	0.04771	0.05681	0.01427	0.01412	0.01008	0.00690	0.00573	0.00172	0.00620	0.00521	0.00576	0.00971
7	0.02566	0.00973	0.01327	0.01018	0.01460	0.00841	0.00841	0.02788	0.01637	0.76726	0.02257	0.01947	0.01416	0.00708	0.00575	0.00177	0.00487	0.00575	0.00708	0.00973
8	0.02566	0.00973	0.01327	0.01018	0.01460	0.00841	0.00841	0.02788	0.01637	0.76726	0.02257	0.01947	0.01416	0.00708	0.00575	0.00177	0.00487	0.00575	0.00708	0.00973
9	0.02531	0.00981	0.01326	0.01022	0.01461	0.00859	0.00843	0.02795	0.03908	0.74434	0.02259	0.01953	0.01426	0.00710	0.00575	0.00178	0.00486	0.00577	0.00704	0.00971
10	0.00697	0.00498	0.00664	0.00796	0.00830	0.00465	0.00531	0.00796	0.01095	0.01460	0.03153	0.79525	0.03783	0.01792	0.00730	0.00232	0.00332	0.01626	0.00531	0.00465
11	0.00793	0.00584	0.00742	0.00702	0.00844	0.00533	0.00527	0.01047	0.01580	0.02201	0.67295	0.04426	0.14188	0.01204	0.00675	0.00182	0.00272	0.01056	0.00617	0.00533
12	0.02566	0.00973	0.01327	0.01018	0.01460	0.00841	0.00841	0.02788	0.01637	0.76726	0.02257	0.01947	0.01416	0.00708	0.00575	0.00177	0.00487	0.00575	0.00708	0.00973
13	0.02174	0.01602	0.01717	0.01316	0.01774	0.01774	0.01087	0.74423	0.02689	0.03605	0.01373	0.01373	0.00973	0.00687	0.00572	0.00172	0.00629	0.00515	0.00572	0.00973
14	0.01248	0.01254	0.01818	0.04828	0.01668	0.01719	0.04326	0.01399	0.00907	0.01399	0.00779	0.01275	0.00756	0.00961	0.01771	0.00245	0.72253	0.00508	0.00252	0.00632
15	0.01066	0.00533	0.00533	0.00533	0.00666	0.00533	0.00400	0.01333	0.01200	0.02132	0.01866	0.02132	0.01466	0.00666	0.00400	0.00133	0.00267	0.00533	0.83073	0.00533
16	0.00725	0.00579	0.00649	0.00635	0.00804	0.00503	0.00475	0.00914	0.01413	0.01815	0.31202	0.06840	0.48716	0.01356	0.00677	0.00189	0.00284	0.01155	0.00567	0.00503
17	0.01187	0.10994	0.69247	0.01563	0.02371	0.01426	0.01995	0.01801	0.01203	0.01763	0.01002	0.01177	0.00726	0.00538	0.00525	0.00175	0.00821	0.00411	0.00242	0.00834
18	0.00760	0.00599	0.00700	0.00746	0.00907	0.00539	0.00596	0.00945	0.01311	0.01630	0.08450	0.10348	0.45495	0.01496	0.00714	0.00216	0.00364	0.23150	0.00535	0.00498
19	0.02566	0.00973	0.01327	0.01018	0.01460	0.00841	0.00841	0.02788	0.01637	0.76726	0.02257	0.01947	0.01416	0.00708	0.00575	0.00177	0.00487	0.00575	0.00708	0.00973
20	0.11505	0.05634	0.47013	0.01678	0.02384	0.01390	0.18905	0.01796	0.01210	0.01891	0.01019	0.01240	0.00746	0.00525	0.00544	0.00181	0.00814	0.00463	0.00267	0.00795
21	0.01587	0.27350	0.29250	0.01262	0.01850	0.03677	0.01368	0.08671	0.03329	0.12249	0.03497	0.01346	0.01017	0.00589	0.00498	0.00160	0.00677	0.00438	0.00360	0.00826
22	0.00838	0.00622	0.00806	0.00901	0.01037	0.00595	0.00752	0.01052	0.01283	0.01634	0.03711	0.12261	0.21771	0.03439	0.00807	0.00250	0.00451	0.46759	0.00524	0.00506
23	0.83938	0.01106	0.00841	0.00752	0.01106	0.01283	0.00619	0.01681	0.00973	0.02566	0.00796	0.00929	0.00619	0.00531	0.00354	0.00177	0.00442	0.00310	0.00354	0.00619
24	0.02566	0.00973	0.01327	0.01018	0.01460	0.00841	0.00841	0.02788	0.01637	0.76726	0.02257	0.01947	0.01416	0.00708	0.00575	0.00177	0.00487	0.00575	0.00708	0.00973
25	0.14419	0.28635	0.16610	0.01174	0.01682	0.08079	0.01165	0.13478	0.04436	0.03982	0.01040	0.01134	0.00811	0.00563	0.00459	0.00157	0.00659	0.00389	0.00343	0.00783
26	0.01228	0.01238	0.01845	0.04650	0.01743	0.03744	0.10884	0.01424	0.00985	0.01447	0.00923	0.01417	0.00853	0.01297	0.11008	0.00316	0.51513	0.00530	0.00266	0.02688
27	0.01529	0.47205	0.15296	0.01247	0.01734	0.13279	0.03486	0.01793	0.01223	0.01450	0.00856	0.01028	0.00738	0.00551	0.00541	0.00148	0.06545	0.00361	0.00253	0.00736
28	0.01347	0.01506	0.02963	0.02181	0.02621	0.03407	0.55844	0.01740	0.01249	0.01718	0.01058	0.01464	0.00838	0.00603	0.00944	0.00205	0.18668	0.00628	0.00281	0.00736
29	0.00689	0.00584	0.00597	0.00604	0.00794	0.00492	0.00460	0.00840	0.01304	0.01554	0.05650	0.05554	0.72292	0.01455	0.00682	0.00197	0.00302	0.04933	0.00531	0.00485
30	0.01038	0.00724	0.04648	0.00877	0.01031	0.00599	0.00669	0.01237	0.03508	0.13334	0.04771	0.57080	0.05220	0.01502	0.00689	0.00217	0.00383	0.01344	0.00548	0.00580
31	0.05667	0.01344	0.04598	0.01291	0.05362	0.02932	0.01022	0.20648	0.25449	0.18997	0.01886	0.01951	0.01393	0.00738	0.00574	0.00184	0.00548	0.03957	0.00559	0.00899
32	0.01572	0.00791	0.01029	0.00863	0.01139	0.00720	0.00683	0.05491	0.01668	0.31909	0.39957	0.03252	0.06553	0.00973	0.00630	0.00179	0.00375	0.00833	0.00654	0.00732
33	0.00789	0.00584	0.00736	0.00698	0.00842	0.00531	0.00523	0.01039	0.01570	0.02178	0.65187	0.04463	0.16310	0.01212	0.00675	0.00182	0.00273	0.01061	0.00614	0.00531
34	0.03941	0.02050	0.04162	0.06951	0.01954	0.35735	0.04553	0.20390	0.03889	0.02052	0.01062	0.01233	0.00832	0.00649	0.00667	0.00172	0.08138	0.00450	0.00366	0.00753
35	0.02174	0.01602	0.01717	0.01316	0.01774	0.01774	0.01087	0.74423	0.02689	0.03605	0.01373	0.01373	0.00973	0.00687	0.00572	0.00172	0.00629	0.00515	0.00572	0.00973
36	0.02566	0.00973	0.01327	0.01018	0.01460	0.00841	0.00841	0.02788	0.01637	0.76726	0.02257	0.01947	0.01416	0.00708	0.00575	0.00177	0.00487	0.00575	0.00708	0.00973
37	0.00866	0.00685	0.00793	0.00759	0.00942	0.00663	0.00581	0.01301	0.12789	0.02034	0.38022	0.04461	0.27779	0.01222	0.00667	0.00191	0.00318	0.04766	0.00585	0.00577
38	0.04210	0.02587	0.01574	0.01424	0.01723	0.71048	0.01073	0.04466	0.01628	0.01503	0.01039	0.01169	0.02917	0.00616	0.00518	0.00150	0.00982	0.00396	0.00312	0.00666
39	0.02305	0.00950	0.01267	0.00993	0.01394	0.00845	0.00812	0.04801	0.03398	0.63282	0.11575	0.02228	0.01914	0.00767	0.00588	0.00178	0.00463	0.00633	0.00691	0.00917
40	0.01213	0.01211	0.02232	0.45126	0.18610	0.01330	0.18772	0.01609	0.01225	0.01633	0.01062	0.01507	0.00817	0.00538	0.00595	0.00187	0.00793	0.00548	0.00268	0.00723
41	0.01514	0.01253	0.01329	0.01173	0.01510	0.01436	0.00919	0.08909	0.67399	0.04431	0.02248	0.02067	0.01674	0.00767	0.00581	0.00192	0.00468	0.00634	0.00584	0.00913
42	0.02056	0.02036	0.01573	0.01324	0.01690	0.37958	0.01036	0.27902	0.04947	0.05428	0.01211	0.01278	0.00918	0.00630	0.00533	0.00155	0.00787	0.00444	0.02977	0.05117
43	0.83938	0.01106	0.00841	0.00752	0.01106	0.01283	0.00619	0.01681	0.00973	0.02566	0.00796	0.00929	0.00619	0.00531	0.00354	0.00177	0.00442	0.00310	0.00354	0.00619
44	0.01529	0.80242	0.02997	0.00979	0.01468	0.02263	0.00979	0.01713	0.01162	0.01346	0.00795	0.00918	0.00734	0.00489	0.00367	0.00122	0.00612	0.00306	0.00245	0.00734
45	0.00702	0.00580	0.00615	0.00606	0.00788	0.00494	0.00455	0.00870	0.01364	0.01688	0.19222	0.05269	0.62581	0.01395	0.00676	0.00191	0.00286	0.01174	0.00550	0.00494
46	0.00914	0.00653	0.00913	0.01045	0.01174	0.00652	0.00909	0.01172	0.01310	0.01704	0.03033	0.08825	0.03308	0.01587	0.00788	0.00262	0.00520	0.70180	0.00527	0.00525
47	0.01898	0.01123	0.01308	0.01103	0.01476	0.01181	0.00878	0.02935	0.44694	0.33276	0.02298	0.02056	0.01609	0.00748	0.00579	0.00187	0.00467	0.00617	0.00634	0.00934
48	0.00697	0.00498	0.00664	0.00796	0.00830	0.00465	0.00531	0.00796	0.01095	0.01460	0.03153	0.79525	0.03783	0.01792	0.00730	0.00232	0.00332	0.01626	0.00531	0.00465
49	0.01423	0.01229	0.01293	0.01164	0.01487	0.01423	0.00905	0.03039	0.75297	0.02393	0.02328	0.02134	0.01746	0.00776	0.00582	0.00194	0.00453	0.00647	0.00582	0.00905
50	0.02566	0.00973	0.01327	0.01018	0.01460	0.00841	0.00841	0.02788	0.01637	0.76726	0.02257	0.01947	0.01416	0.00708	0.00575	0.00177	0.00487	0.00575	0.00708	0.00973
51	0.73772	0.01168	0.00950	0.00822	0.01189	0.01344	0.00678	0.10726	0.01187	0.02695	0.00868	0.00984	0.00663	0.00550	0.00381	0.00176	0.00466	0.00335	0.00381	0.00663
52	0.02566	0.00973	0.01327	0.01018	0.01460	0.00841	0.00841	0.02788	0.01637	0.76726	0.02257	0.01947	0.01416	0.00708	0.00575	0.00177	0.00487	0.00575	0.00708	0.00973
53	0.02566	0.00973	0.01327	0.01018	0.01460	0.00841	0.00841	0.02788	0.01637	0.76726	0.02257	0.01947	0.01416	0.00708	0.00575	0.00177	0.00487	0.00575	0.00708	0.00973
54	0.01423	0.01229	0.01293	0.01164	0.01487	0.01423	0.00905	0.03039	0.75297	0.02393	0.02328	0.02134	0.01746	0.00776	0.00582	0.00194	0.00453	0.00647	0.00582	0.00905
55	0.02566	0.00973	0.01327	0.01018	0.01460	0.00841	0.00841	0.02788	0.01637	0.76726	0.02257	0.01947	0.01416	0.00708	0.00575	0.00177	0.00487	0.00575	0.00708	0.00973
56	0.00697	0.00498	0.00664	0.00796	0.00830	0.00465	0.00531	0.00796	0.01095	0.01460	0.03153	0.79525	0.03783	0.01792	0.00730	0.00232	0.00332	0.01626	0.00531	0.00465
57	0.01080	0.01017	0.01716	0.78523	0.03940	0.01271	0.01589	0.01461	0.01144	0.01461	0.01017	0.01525	0.00762	0.00572	0.00572	0.00191	0.00762	0.00508	0.00254	0.00635
58	0.80646	0.01101	0.00860	0.00763	0.01120	0.01265	0.00628	0.01726	0.01000	0.05567	0.00856	0.00970	0.00652	0.00538	0.00363	0.00177	0.00444	0.00320	0.00368	0.00634
59	0.02493	0.00957	0.01304	0.01005	0.01435	0.00828	0.00828	0.02716	0.01636	0.73606	0.05349	0.02044	0.01583	0.00727	0.00579	0.00177	0.00478	0.00594	0.00705	0.00955
60	0.02544	0.01066	0.01343	0.01042	0.01476	0.04892	0.00855	0.02761	0.01636	0.72751	0.02184	0.01899	0.01380	0.00702	0.00572	0.00175	0.00515	0.00564	0.00686	0.00957
61	0.01290	0.01014	0.01108	0.01022	0.01305	0.01104	0.00807	0.02358	0.46778	0.07133	0.03110	0.03304	0.17046	0.01001	0.00625	0.00201	0.00430	0.09011	0.00574	0.00780
62	0.00697	0.00498	0.00664	0.00796	0.00830	0.00465	0.00531	0.00796	0.01095	0.01460	0.03153	0.79525	0.03783	0.01792	0.00730	0.00232	0.00332	0.01626	0.00531	0.00465
63	0.01218	0.01149	0.01945	0.53745	0.20860	0.01321	0.05406	0.04503	0.01254	0.01664	0.01052	0.01494	0.00810	0.00557	0.00576	0.00185	0.00748	0.00518	0.00276	0.00720
64	0.02402	0.01063	0.01361	0.01053	0.01483	0.00988	0.00866	0.14163	0.03344	0.60286	0.03746	0.01985	0.03053	0.00732	0.00579	0.00177	0.00500	0.00590	0.00678	0.00952
65	0.02793	0.01037	0.01698	0.74530	0.03814	0.01287	0.01553	0.03751	0.01189	0.01551	0.01023	0.01508	0.00766	0.00575	0.00567	0.00190	0.00752	0.00505	0.00266	0.00646
66	0.00756	0.00558	0.00788	0.00871	0.00939	0.00527	0.02968	0.00894	0.01150	0.01536	0.06840	0.61599	0.03658	0.04137	0.00801	0.00242	0.00380	0.10349	0.00522	0.00483
67	0.01253	0.01610	0.13560	0.06033	0.02602	0.01411	0.43899	0.01684	0.01218	0.01706	0.01099	0.01503	0.00866	0.00853	0.06510	0.00253	0.12330	0.00600	0.00276	0.00735
68	0.01341	0.01283	0.02187	0.20168	0.60256	0.01339	0.01718	0.01690	0.01267	0.01778	0.01063	0.01440	0.00874	0.00523	0.00568	0.00174	0.00698	0.00509	0.00277	0.00846
69	0.38725	0.01837	0.24010	0.03376	0.01675	0.10741	0.01156	0.01793	0.02509	0.03628	0.00995	0.01234	0.00784	0.04700	0.00580	0.00195	0.00654	0.00396	0.00321	0.00692
70	0.07364	0.01248	0.01144	0.01074	0.03205	0.17033	0.00807	0.04500	0.04941	0.03911	0.02097	0.05963	0.13539	0.01445	0.13601	0.00298	0.06240	0.00651	0.05221	0.05717
71	0.37447	0.01405	0.08970	0.04551	0.03715	0.04343	0.15269	0.01803	0.04666	0.05849	0.01218	0.01396	0.03166	0.00623	0.00550	0.02882	0.00627	0.00472	0.00352	0.00696

[dist]
# distance from previous block
# <min> <max>
9	19

[block]
# block no. 4 follows, 41 sequences, length 39
# corresponding to MSA columns:
# 502-540
name=unknown_E
#
# <colnr> <probs for GDERKNQSTAVLIFYWHMCP>
#	G	D	E	R	K	N	Q	S	T	A	V	L	I	F	Y	W	H	M	C	P
0	0.01462	0.04275	0.23702	0.07729	0.05810	0.01275	0.03346	0.19306	0.01580	0.07937	0.02611	0.09054	0.01357	0.05269	0.00715	0.00205	0.00664	0.02505	0.00409	0.00789
1	0.12372	0.05323	0.09757	0.12636	0.04104	0.34308	0.01217	0.03953	0.07953	0.01761	0.01050	0.01222	0.00824	0.00587	0.00509	0.00166	0.00807	0.00417	0.00321	0.00712
2	0.01060	0.16252	0.01226	0.00797	0.01040	0.00979	0.00664	0.07068	0.01432	0.01912	0.20507	0.03515	0.21548	0.01217	0.04834	0.00213	0.00458	0.05670	0.09016	0.00595
3	0.01430	0.01096	0.01148	0.01013	0.01271	0.05005	0.00774	0.23341	0.13125	0.06001	0.04810	0.19267	0.10527	0.07519	0.00812	0.00221	0.00495	0.00894	0.00536	0.00715
4	0.08624	0.01252	0.01356	0.01099	0.01491	0.03268	0.00886	0.25989	0.15122	0.19538	0.01827	0.04790	0.02901	0.00797	0.01939	0.00186	0.00542	0.00579	0.00554	0.07259
5	0.02153	0.01203	0.08244	0.01064	0.01553	0.00936	0.00944	0.06556	0.02952	0.51323	0.01880	0.01718	0.01235	0.00644	0.00546	0.00161	0.00516	0.00518	0.00591	0.15262
6	0.00768	0.00571	0.00811	0.00888	0.00961	0.00542	0.03584	0.00904	0.01129	0.01496	0.03023	0.58344	0.05005	0.06547	0.00872	0.00255	0.00402	0.12910	0.00509	0.00480
7	0.01647	0.17483	0.01709	0.01172	0.01486	0.24588	0.00953	0.09812	0.10013	0.04034	0.09112	0.01780	0.04498	0.00878	0.03817	0.00194	0.05173	0.00531	0.00402	0.00719
8	0.00835	0.00556	0.00638	0.00641	0.00650	0.00561	0.00371	0.00854	0.00851	0.01155	0.01816	0.05105	0.02062	0.72222	0.06815	0.00557	0.00595	0.00828	0.02527	0.00363
9	0.00854	0.00606	0.00777	0.00736	0.00875	0.00566	0.00548	0.01143	0.03699	0.03719	0.64720	0.07936	0.07137	0.03262	0.00732	0.00193	0.00291	0.01043	0.00615	0.00549
10	0.01838	0.01193	0.01358	0.01106	0.01441	0.01271	0.00880	0.38134	0.05993	0.15816	0.01773	0.05305	0.01460	0.12141	0.05312	0.00276	0.00620	0.02715	0.00547	0.00820
11	0.05954	0.01173	0.01924	0.40883	0.30704	0.01315	0.03676	0.01655	0.04046	0.01723	0.01081	0.01474	0.00849	0.00552	0.00561	0.00182	0.00707	0.00508	0.00284	0.00750
12	0.79215	0.01212	0.05182	0.00802	0.01184	0.01286	0.00705	0.01689	0.00987	0.02523	0.00810	0.00945	0.00625	0.00532	0.00365	0.00177	0.00465	0.00316	0.00348	0.00632
13	0.77166	0.01258	0.07066	0.00824	0.01218	0.01287	0.00742	0.01692	0.00993	0.02505	0.00815	0.00952	0.00628	0.00532	0.00369	0.00177	0.00475	0.00319	0.00345	0.00638
14	0.01169	0.05178	0.71077	0.01650	0.02471	0.01362	0.05675	0.01810	0.01213	0.01799	0.01026	0.01216	0.00732	0.00539	0.00545	0.00180	0.00844	0.00432	0.00244	0.00838
15	0.00697	0.00498	0.00664	0.00796	0.00830	0.00465	0.00531	0.00796	0.01095	0.01460	0.03153	0.79525	0.03783	0.01792	0.00730	0.00232	0.00332	0.01626	0.00531	0.00465
16	0.00701	0.00501	0.00667	0.00794	0.00830	0.00467	0.00531	0.00806	0.01112	0.01488	0.05552	0.77047	0.03836	0.01771	0.00728	0.00231	0.00330	0.01607	0.00534	0.00467
17	0.01416	0.01359	0.02322	0.03511	0.76330	0.01359	0.01755	0.01755	0.01302	0.01869	0.01076	0.01416	0.00906	0.00510	0.00566	0.00170	0.00680	0.00510	0.00283	0.00906
18	0.01057	0.00986	0.01653	0.73866	0.03753	0.01223	0.01525	0.01422	0.01141	0.01461	0.01145	0.06199	0.00943	0.00645	0.00581	0.00193	0.00737	0.00575	0.00271	0.00625
19	0.01463	0.01314	0.01312	0.01182	0.01503	0.05769	0.00917	0.02996	0.71093	0.02336	0.02246	0.02071	0.01688	0.00765	0.00578	0.00191	0.00486	0.00631	0.00566	0.00892
20	0.01080	0.01017	0.01716	0.78523	0.03940	0.01271	0.01589	0.01461	0.01144	0.01461	0.01017	0.01525	0.00762	0.00572	0.00572	0.00191	0.00762	0.00508	0.00254	0.00635
21	0.01406	0.01386	0.02475	0.03350	0.65636	0.01372	0.12327	0.01767	0.01309	0.01863	0.01088	0.01434	0.00900	0.00506	0.00582	0.00173	0.00721	0.00534	0.00284	0.00886
22	0.83938	0.01106	0.00841	0.00752	0.01106	0.01283	0.00619	0.01681	0.00973	0.02566	0.00796	0.00929	0.00619	0.00531	0.00354	0.00177	0.00442	0.00310	0.00354	0.00619
23	0.01527	0.35273	0.01859	0.00895	0.01273	0.01393	0.00798	0.04727	0.01413	0.17579	0.12068	0.02423	0.14997	0.00806	0.00516	0.00156	0.00483	0.00630	0.00459	0.00724
24	0.00697	0.00498	0.00664	0.00796	0.00830	0.00465	0.00531	0.00796	0.01095	0.01460	0.03153	0.79525	0.03783	0.01792	0.00730	0.00232	0.00332	0.01626	0.00531	0.00465
25	0.01251	0.01251	0.01752	0.01502	0.01502	0.01752	0.01251	0.01377	0.00876	0.01377	0.00751	0.01251	0.00751	0.01001	0.01877	0.00250	0.78851	0.00501	0.00250	0.00626
26	0.03170	0.00513	0.00748	0.00745	0.00755	0.00517	0.00500	0.00770	0.00751	0.01035	0.00988	0.01717	0.00984	0.01949	0.02186	0.81175	0.00495	0.00492	0.00251	0.00258
27	0.01416	0.01359	0.02322	0.03511	0.76330	0.01359	0.01755	0.01755	0.01302	0.01869	0.01076	0.01416	0.00906	0.00510	0.00566	0.00170	0.00680	0.00510	0.00283	0.00906
28	0.01238	0.01447	0.06602	0.04127	0.02674	0.01293	0.58007	0.01670	0.01300	0.01767	0.01438	0.12897	0.01283	0.00679	0.00674	0.00198	0.00861	0.00797	0.00321	0.00727
29	0.00810	0.00585	0.00765	0.00720	0.00855	0.00540	0.00540	0.01079	0.01619	0.02294	0.76028	0.04273	0.05397	0.01169	0.00675	0.00180	0.00270	0.01034	0.00630	0.00540
30	0.02035	0.01512	0.01616	0.01265	0.01693	0.01679	0.01036	0.62528	0.11699	0.03393	0.01513	0.01499	0.01089	0.00697	0.00566	0.00173	0.00593	0.00532	0.03934	0.00946
31	0.00891	0.00576	0.00688	0.00671	0.00723	0.00558	0.00422	0.00969	0.01064	0.04506	0.19392	0.07571	0.02920	0.54193	0.02179	0.00435	0.00474	0.00909	0.00437	0.00424
32	0.01490	0.01563	0.01375	0.01343	0.05890	0.29246	0.00980	0.08147	0.02731	0.01612	0.01234	0.01628	0.01080	0.02176	0.33131	0.00482	0.04419	0.00504	0.00327	0.00644
33	0.00720	0.00602	0.00633	0.00636	0.00825	0.00522	0.00487	0.00918	0.03197	0.01622	0.09614	0.05415	0.64926	0.01425	0.00682	0.00197	0.00309	0.06233	0.00538	0.00500
34	0.02081	0.09970	0.01753	0.01423	0.01740	0.68446	0.01093	0.04214	0.01607	0.01455	0.00889	0.01030	0.00743	0.00583	0.00503	0.00146	0.00981	0.00367	0.00298	0.00678
35	0.02086	0.01554	0.01668	0.01287	0.01738	0.01710	0.01059	0.66891	0.07245	0.03456	0.01419	0.01414	0.01017	0.00682	0.00567	0.00170	0.00610	0.00516	0.00563	0.04347
36	0.01911	0.10463	0.01741	0.01420	0.04073	0.47579	0.01079	0.08058	0.10028	0.01715	0.01101	0.01218	0.00893	0.00624	0.00568	0.00157	0.04105	0.00419	0.02120	0.00727
37	0.05269	0.00610	0.00784	0.00775	0.00829	0.00625	0.00526	0.05703	0.00956	0.01341	0.01479	0.14746	0.01587	0.12923	0.01877	0.48064	0.00484	0.00722	0.00336	0.00365
38	0.01353	0.01535	0.03332	0.02456	0.05977	0.01443	0.71299	0.01829	0.01348	0.01834	0.01154	0.01538	0.00869	0.00483	0.00671	0.00192	0.00953	0.00668	0.00289	0.00777

[dist]
# distance from previous block
# <min> <max>
0	1

[block]
# block no. 5 follows, 41 sequences, length 19
# corresponding to MSA columns:
# 542-560
name=unknown_F
#
# <colnr> <probs for GDERKNQSTAVLIFYWHMCP>
#	G	D	E	R	K	N	Q	S	T	A	V	L	I	F	Y	W	H	M	C	P
0	0.00802	0.00584	0.00754	0.00712	0.00850	0.00536	0.00534	0.01065	0.01601	0.02251	0.72014	0.04343	0.09438	0.01185	0.00675	0.00181	0.00271	0.01044	0.00624	0.00536
1	0.00827	0.00595	0.00732	0.00691	0.00851	0.00534	0.00521	0.01062	0.01535	0.04354	0.55033	0.04531	0.24156	0.01230	0.00672	0.00183	0.00282	0.01067	0.00606	0.00538
2	0.01632	0.00759	0.01011	0.00878	0.01147	0.00671	0.00688	0.01839	0.01503	0.38021	0.20339	0.16915	0.07832	0.01090	0.00640	0.00191	0.00395	0.03078	0.00640	0.00731
3	0.01456	0.01435	0.02283	0.03397	0.72180	0.05603	0.01719	0.01785	0.01320	0.01843	0.01065	0.01394	0.00897	0.00514	0.00563	0.00169	0.00699	0.00502	0.00284	0.00893
4	0.00901	0.00657	0.00886	0.01001	0.01122	0.00662	0.00831	0.01211	0.05869	0.01697	0.03013	0.22918	0.03308	0.01579	0.00763	0.00252	0.00477	0.51785	0.00531	0.00536
5	0.01398	0.01355	0.02356	0.06589	0.69146	0.01360	0.05854	0.01747	0.01298	0.01850	0.01078	0.01427	0.00898	0.00511	0.00573	0.00172	0.00699	0.00519	0.00282	0.00887
6	0.02174	0.01602	0.01717	0.01316	0.01774	0.01774	0.01087	0.74423	0.02689	0.03605	0.01373	0.01373	0.00973	0.00687	0.00572	0.00172	0.00629	0.00515	0.00572	0.00973
7	0.01547	0.01240	0.01984	0.13050	0.47551	0.01274	0.01507	0.02002	0.08744	0.13345	0.01374	0.01584	0.01049	0.00575	0.00570	0.00176	0.00638	0.00533	0.00374	0.00880
8	0.01208	0.01188	0.01670	0.01444	0.01454	0.01649	0.01198	0.01341	0.00880	0.01372	0.00828	0.01350	0.00818	0.01327	0.09376	0.00317	0.71197	0.00512	0.00256	0.00614
9	0.00897	0.00646	0.00887	0.00992	0.01127	0.00636	0.00854	0.01154	0.01349	0.01766	0.11129	0.06165	0.07352	0.01528	0.00771	0.00251	0.00486	0.60945	0.00538	0.00526
10	0.18842	0.00974	0.01191	0.00944	0.01348	0.00910	0.00776	0.02449	0.01502	0.56765	0.06938	0.01899	0.01524	0.00703	0.00537	0.00177	0.00463	0.00553	0.00631	0.00873
11	0.83938	0.01106	0.00841	0.00752	0.01106	0.01283	0.00619	0.01681	0.00973	0.02566	0.00796	0.00929	0.00619	0.00531	0.00354	0.00177	0.00442	0.00310	0.00354	0.00619
12	0.01519	0.01207	0.01296	0.01152	0.01485	0.01374	0.00900	0.03018	0.69095	0.08651	0.02322	0.02118	0.01718	0.00770	0.00581	0.00193	0.00456	0.00641	0.00593	0.00911
13	0.00824	0.00554	0.00640	0.00647	0.00654	0.00557	0.00374	0.00839	0.00851	0.01139	0.01865	0.07891	0.02144	0.71968	0.06330	0.00554	0.00588	0.00866	0.00355	0.00361
14	0.01236	0.01053	0.01121	0.01022	0.01303	0.01174	0.00790	0.02468	0.55243	0.02251	0.11570	0.02904	0.13579	0.00926	0.00607	0.00192	0.00406	0.00778	0.00580	0.00797
15	0.01416	0.01359	0.02322	0.03511	0.76330	0.01359	0.01755	0.01755	0.01302	0.01869	0.01076	0.01416	0.00906	0.00510	0.00566	0.00170	0.00680	0.00510	0.00283	0.00906
16	0.01452	0.01393	0.02036	0.02837	0.54393	0.05029	0.01516	0.02096	0.19473	0.01975	0.01374	0.01574	0.01104	0.00579	0.00568	0.00175	0.00641	0.00536	0.00357	0.00894
17	0.01399	0.01342	0.02291	0.07341	0.72633	0.01355	0.01747	0.01740	0.01294	0.01848	0.01073	0.01421	0.00899	0.00513	0.00567	0.00171	0.00684	0.00510	0.00282	0.00892
18	0.04074	0.01391	0.04305	0.03288	0.69251	0.01358	0.01699	0.01799	0.03863	0.01908	0.01109	0.01419	0.00921	0.00521	0.00559	0.00171	0.00669	0.00506	0.00295	0.00895

[dist]
# distance from previous block
# <min> <max>
0	32

[block]
# block no. 6 follows, 41 sequences, length 17
# corresponding to MSA columns:
# 593-609
name=unknown_G
#
# <colnr> <probs for GDERKNQSTAVLIFYWHMCP>
#	G	D	E	R	K	N	Q	S	T	A	V	L	I	F	Y	W	H	M	C	P
0	0.00813	0.00747	0.05716	0.00769	0.00952	0.00597	0.00626	0.01095	0.03398	0.02005	0.46489	0.11601	0.17953	0.03789	0.00742	0.00200	0.00331	0.01068	0.00566	0.00545
1	0.00793	0.00584	0.00742	0.00702	0.00844	0.00533	0.00527	0.01048	0.01580	0.02202	0.67402	0.04424	0.14081	0.01204	0.00675	0.00182	0.00272	0.01056	0.00618	0.00533
2	0.01652	0.01322	0.01324	0.01124	0.01431	0.08749	0.00878	0.33898	0.10912	0.04923	0.05029	0.13428	0.05542	0.04897	0.02035	0.00214	0.00579	0.00756	0.00529	0.00778
3	0.57629	0.17930	0.04437	0.00854	0.01263	0.01463	0.00771	0.01768	0.01068	0.07270	0.00904	0.01007	0.00702	0.00535	0.00379	0.00166	0.00498	0.00331	0.00350	0.00677
4	0.00801	0.00582	0.00755	0.00717	0.00851	0.00535	0.00536	0.01061	0.01591	0.02241	0.71218	0.06756	0.07808	0.01199	0.00676	0.00182	0.00273	0.01060	0.00623	0.00535
5	0.01072	0.00769	0.00920	0.05326	0.01124	0.03164	0.00697	0.03849	0.01153	0.01790	0.01731	0.02124	0.04662	0.01739	0.22074	0.00372	0.09284	0.00575	0.37014	0.00560
6	0.01581	0.05046	0.01312	0.09949	0.01571	0.06686	0.00877	0.19997	0.01628	0.09035	0.03121	0.01714	0.01215	0.00750	0.02265	0.00176	0.03457	0.00514	0.26944	0.02163
7	0.05597	0.62289	0.12298	0.01077	0.01595	0.06100	0.01113	0.01754	0.01183	0.01469	0.00830	0.00961	0.00727	0.00504	0.00397	0.00134	0.00656	0.00324	0.00252	0.00739
8	0.00717	0.00600	0.00626	0.00616	0.00805	0.00519	0.00463	0.00923	0.03648	0.01668	0.14760	0.05241	0.64650	0.01392	0.00673	0.00191	0.00292	0.01167	0.00545	0.00503
9	0.01421	0.01057	0.01368	0.00998	0.01493	0.00852	0.05941	0.01744	0.04455	0.13420	0.01274	0.01369	0.00975	0.00487	0.00472	0.00111	0.00473	0.00412	0.00403	0.61275
10	0.02134	0.03295	0.10095	0.04557	0.01642	0.00928	0.00998	0.02411	0.01519	0.54955	0.04753	0.04621	0.01502	0.00724	0.00570	0.00176	0.00529	0.00594	0.00601	0.03394
11	0.00994	0.00497	0.00745	0.00745	0.00745	0.00497	0.00497	0.00745	0.00745	0.00994	0.00994	0.01739	0.00994	0.01987	0.02235	0.83358	0.00497	0.00497	0.00248	0.00248
12	0.01479	0.01038	0.01205	0.00929	0.01355	0.03652	0.00737	0.01743	0.03338	0.17613	0.01488	0.08159	0.01240	0.00634	0.00530	0.00127	0.02617	0.00514	0.00436	0.51166
13	0.59269	0.01126	0.02676	0.06477	0.01398	0.01261	0.00790	0.01659	0.01020	0.05542	0.00911	0.01104	0.00714	0.00698	0.03005	0.00204	0.07062	0.00365	0.00349	0.04370
14	0.01080	0.01017	0.01716	0.78523	0.03940	0.01271	0.01589	0.01461	0.01144	0.01461	0.01017	0.01525	0.00762	0.00572	0.00572	0.00191	0.00762	0.00508	0.00254	0.00635
15	0.10791	0.14481	0.56895	0.01430	0.02164	0.01465	0.01768	0.01781	0.01174	0.01828	0.00965	0.01131	0.00714	0.00534	0.00495	0.00172	0.00763	0.00392	0.00255	0.00802
