[name]
unknown

[dist]
# distance from previous block
# <min> <max>
0	23

[block]
# block no. 0 follows, 45 sequences, length 95
# corresponding to MSA columns:
# 23-117
name=unknown_A
#
# <colnr> <probs for GDERKNQSTAVLIFYWHMCP>
#	G	D	E	R	K	N	Q	S	T	A	V	L	I	F	Y	W	H	M	C	P
0	0.02840	0.13759	0.54958	0.01366	0.02029	0.01363	0.01652	0.06107	0.03213	0.01761	0.01087	0.01403	0.00857	0.00572	0.00499	0.00166	0.00716	0.04615	0.00271	0.00766
1	0.01614	0.09597	0.05963	0.01442	0.15111	0.01213	0.01039	0.02296	0.26292	0.23723	0.03736	0.01778	0.01367	0.00646	0.00524	0.00166	0.00505	0.01676	0.00479	0.00833
2	0.07135	0.00921	0.01220	0.00941	0.01351	0.00813	0.00777	0.02557	0.01501	0.73820	0.02039	0.01772	0.01286	0.00655	0.00528	0.00166	0.00454	0.00526	0.00645	0.00895
3	0.00804	0.00584	0.00732	0.00804	0.00892	0.00579	0.00568	0.01110	0.11543	0.03446	0.05453	0.60609	0.04755	0.01490	0.00662	0.00211	0.00336	0.04401	0.00512	0.00510
4	0.02665	0.09159	0.61642	0.03891	0.08925	0.01320	0.01824	0.01676	0.01132	0.01672	0.00945	0.01132	0.00695	0.00503	0.00496	0.00165	0.00752	0.00395	0.00233	0.00780
5	0.00774	0.00501	0.00661	0.00749	0.00802	0.00468	0.00506	0.00869	0.01039	0.05952	0.02790	0.67697	0.03263	0.08897	0.00865	0.00243	0.00342	0.02633	0.00492	0.00456
6	0.00862	0.00571	0.00750	0.00693	0.00837	0.00524	0.00524	0.01112	0.01521	0.06855	0.72840	0.03875	0.04834	0.01071	0.00627	0.00169	0.00266	0.00944	0.00595	0.00532
7	0.01259	0.01205	0.02054	0.20113	0.61509	0.01257	0.01613	0.01587	0.01190	0.01670	0.00997	0.01351	0.00821	0.00491	0.00533	0.00164	0.00655	0.00478	0.00260	0.00794
8	0.01390	0.01445	0.04001	0.05024	0.24489	0.08232	0.15991	0.09138	0.01279	0.01740	0.00956	0.01276	0.00789	0.00618	0.00862	0.00182	0.21076	0.00493	0.00285	0.00734
9	0.80180	0.01065	0.00836	0.00736	0.01074	0.01231	0.00606	0.05840	0.01006	0.02464	0.00778	0.00896	0.00600	0.00507	0.00344	0.00166	0.00425	0.00302	0.00344	0.00600
10	0.08357	0.00963	0.01178	0.00944	0.01304	0.00933	0.00767	0.11066	0.08229	0.46340	0.11095	0.03202	0.01738	0.00723	0.00538	0.00168	0.00440	0.00588	0.00602	0.00825
11	0.01341	0.01125	0.01202	0.01087	0.01384	0.01290	0.00853	0.04356	0.69379	0.03542	0.02203	0.02225	0.01704	0.00770	0.00558	0.00185	0.00433	0.04986	0.00545	0.00831
12	0.00661	0.00480	0.00626	0.00739	0.00788	0.00445	0.00505	0.00765	0.01054	0.01387	0.03180	0.70767	0.10297	0.01644	0.00683	0.00216	0.00315	0.04509	0.00498	0.00440
13	0.00661	0.00471	0.00625	0.00741	0.00775	0.00441	0.00494	0.00757	0.01039	0.01389	0.05505	0.76202	0.03563	0.03644	0.00734	0.00224	0.00315	0.01488	0.00497	0.00436
14	0.00681	0.00485	0.00619	0.00714	0.00752	0.00457	0.00474	0.00765	0.01003	0.01325	0.02884	0.60772	0.07671	0.15374	0.01037	0.00269	0.00350	0.03481	0.00468	0.00420
15	0.00654	0.00467	0.00623	0.00747	0.00779	0.00436	0.00498	0.00747	0.01028	0.01370	0.02959	0.80785	0.03550	0.01682	0.00685	0.00218	0.00311	0.01526	0.00498	0.00436
16	0.10191	0.73024	0.02601	0.00896	0.01342	0.02028	0.00883	0.01604	0.01072	0.01383	0.00746	0.00862	0.00678	0.00463	0.00343	0.00120	0.00557	0.00287	0.00240	0.00678
17	0.00766	0.00552	0.00723	0.00692	0.00815	0.00513	0.00524	0.01013	0.01485	0.02094	0.71295	0.04120	0.04875	0.02979	0.00688	0.00182	0.00274	0.05327	0.00579	0.00502
18	0.01113	0.00954	0.01113	0.00795	0.01272	0.00716	0.00636	0.01352	0.01113	0.01749	0.00954	0.01113	0.00795	0.00398	0.00398	0.00080	0.00398	0.00318	0.00318	0.84417
19	0.01295	0.01332	0.02773	0.04278	0.02565	0.01244	0.61122	0.01704	0.01254	0.06248	0.01174	0.02779	0.00899	0.00567	0.02430	0.00190	0.00841	0.00615	0.00301	0.06388
20	0.03303	0.00988	0.01101	0.08869	0.01341	0.10387	0.00805	0.06021	0.01050	0.01397	0.01252	0.02006	0.01206	0.19292	0.28344	0.00490	0.10774	0.00556	0.00300	0.00519
21	0.01380	0.01170	0.01234	0.01094	0.01405	0.01345	0.00855	0.08868	0.69204	0.02324	0.02174	0.02005	0.03047	0.00734	0.00547	0.00180	0.00436	0.00607	0.00545	0.00847
22	0.00814	0.00586	0.00739	0.00802	0.00882	0.00576	0.00564	0.08665	0.01210	0.01619	0.06028	0.65041	0.03297	0.02825	0.00703	0.00216	0.00348	0.04092	0.00503	0.00489
23	0.00706	0.00524	0.00606	0.00620	0.00711	0.00480	0.00422	0.00820	0.01124	0.01466	0.19010	0.18267	0.27361	0.24051	0.01240	0.00282	0.00346	0.01071	0.00469	0.00425
24	0.80477	0.01031	0.00814	0.00719	0.01056	0.01182	0.00593	0.01634	0.00947	0.06493	0.00821	0.00924	0.00622	0.00507	0.00343	0.00166	0.00417	0.00304	0.00350	0.00599
25	0.00644	0.00535	0.00563	0.00575	0.00736	0.00454	0.00424	0.00782	0.01219	0.01483	0.09480	0.13665	0.64833	0.01380	0.00640	0.00185	0.00275	0.01168	0.00504	0.00454
26	0.01469	0.76758	0.02736	0.00946	0.01395	0.06703	0.00926	0.01639	0.01116	0.01266	0.00751	0.00867	0.00689	0.00465	0.00353	0.00116	0.00598	0.00291	0.00232	0.00685
27	0.01359	0.01160	0.01303	0.01142	0.01459	0.01323	0.04245	0.02795	0.71516	0.04116	0.02133	0.01973	0.01594	0.00714	0.00550	0.00182	0.00447	0.00606	0.00537	0.00846
28	0.01238	0.01396	0.02998	0.02164	0.02663	0.01331	0.69603	0.01661	0.01239	0.01687	0.01148	0.04734	0.00924	0.00524	0.00683	0.00185	0.04174	0.00664	0.00279	0.00706
29	0.00850	0.00593	0.00799	0.00846	0.00979	0.00569	0.00701	0.01089	0.01341	0.03739	0.30104	0.06834	0.07519	0.01320	0.00690	0.00213	0.00390	0.40382	0.00534	0.00506
30	0.00779	0.00524	0.00604	0.00603	0.00612	0.00528	0.00349	0.00798	0.00810	0.01090	0.04300	0.03459	0.02028	0.74482	0.06503	0.00526	0.00557	0.00777	0.00333	0.00339
31	0.01714	0.01242	0.01367	0.01098	0.01443	0.01355	0.00888	0.52622	0.05672	0.05505	0.05106	0.06462	0.04622	0.02597	0.05564	0.00218	0.00585	0.00615	0.00520	0.00804
32	0.01093	0.00704	0.00880	0.00780	0.00977	0.00683	0.00603	0.05655	0.08387	0.11853	0.56807	0.03397	0.04046	0.00983	0.00608	0.00169	0.00314	0.00856	0.00593	0.00612
33	0.84927	0.01038	0.00789	0.00706	0.01038	0.01204	0.00581	0.01578	0.00914	0.02408	0.00747	0.00872	0.00581	0.00498	0.00332	0.00166	0.00415	0.00291	0.00332	0.00581
34	0.01113	0.00954	0.01113	0.00795	0.01272	0.00716	0.00636	0.01352	0.01113	0.01749	0.00954	0.01113	0.00795	0.00398	0.00398	0.00080	0.00398	0.00318	0.00318	0.84417
35	0.01687	0.04026	0.02881	0.03524	0.12071	0.25080	0.00980	0.06355	0.01453	0.17701	0.04780	0.03369	0.06306	0.00687	0.00522	0.00156	0.00630	0.01878	0.05207	0.00708
36	0.00781	0.00520	0.00585	0.00585	0.00585	0.00520	0.00325	0.00781	0.00781	0.01041	0.01691	0.03513	0.01952	0.81135	0.02732	0.00520	0.00520	0.00781	0.00325	0.00325
37	0.01331	0.01295	0.02176	0.05322	0.72458	0.02705	0.03519	0.01651	0.01225	0.01734	0.01007	0.01328	0.00843	0.00481	0.00533	0.00160	0.00653	0.00480	0.00265	0.00836
38	0.84927	0.01038	0.00789	0.00706	0.01038	0.01204	0.00581	0.01578	0.00914	0.02408	0.00747	0.00872	0.00581	0.00498	0.00332	0.00166	0.00415	0.00291	0.00332	0.00581
39	0.00680	0.00548	0.00608	0.00610	0.00772	0.00477	0.00465	0.00849	0.01286	0.01617	0.21383	0.06725	0.54171	0.01317	0.00643	0.00184	0.00285	0.06394	0.00519	0.00468
40	0.01329	0.01275	0.02179	0.03295	0.77787	0.01275	0.01647	0.01647	0.01222	0.01754	0.01010	0.01329	0.00850	0.00478	0.00531	0.00159	0.00638	0.00478	0.00266	0.00850
41	0.00865	0.00618	0.00865	0.00989	0.01112	0.00618	0.00865	0.01112	0.01236	0.01606	0.02842	0.06055	0.03089	0.01483	0.00741	0.00247	0.00494	0.74174	0.00494	0.00494
42	0.00668	0.00541	0.00595	0.00604	0.00760	0.00468	0.00453	0.00824	0.01256	0.01568	0.17187	0.11858	0.55330	0.01350	0.00644	0.00185	0.00282	0.04450	0.00514	0.00462
43	0.01086	0.00925	0.01084	0.00792	0.01243	0.00699	0.00628	0.01316	0.01108	0.01727	0.01074	0.05860	0.00959	0.00474	0.00415	0.00088	0.00392	0.00390	0.00329	0.79414
44	0.01113	0.00954	0.01113	0.00795	0.01272	0.00716	0.00636	0.01352	0.01113	0.01749	0.00954	0.01113	0.00795	0.00398	0.00398	0.00080	0.00398	0.00318	0.00318	0.84417
45	0.84927	0.01038	0.00789	0.00706	0.01038	0.01204	0.00581	0.01578	0.00914	0.02408	0.00747	0.00872	0.00581	0.00498	0.00332	0.00166	0.00415	0.00291	0.00332	0.00581
46	0.01013	0.00850	0.00984	0.00770	0.01134	0.00701	0.00605	0.01354	0.07836	0.01830	0.15410	0.02190	0.10664	0.00666	0.00481	0.00117	0.00359	0.00557	0.00409	0.52073
47	0.01174	0.01174	0.01644	0.01409	0.01409	0.01644	0.01174	0.01292	0.00822	0.01292	0.00705	0.01174	0.00705	0.00940	0.01762	0.00235	0.80153	0.00470	0.00235	0.00587
48	0.00773	0.00517	0.00588	0.00595	0.00597	0.00516	0.00335	0.00779	0.00795	0.01060	0.01764	0.07938	0.02043	0.76585	0.02615	0.00503	0.00508	0.00823	0.00335	0.00332
49	0.00718	0.00540	0.00654	0.00637	0.00766	0.00487	0.00467	0.00912	0.01360	0.01836	0.47541	0.09348	0.25646	0.05795	0.00757	0.00196	0.00278	0.01043	0.00543	0.00476
50	0.00824	0.00614	0.00861	0.00842	0.00929	0.00705	0.00636	0.03531	0.00905	0.01285	0.01457	0.02303	0.01417	0.17423	0.60736	0.00761	0.03395	0.00605	0.00301	0.00470
51	0.00771	0.00574	0.00856	0.00856	0.00952	0.00668	0.00665	0.00964	0.00868	0.01261	0.01444	0.02107	0.01343	0.03959	0.77467	0.00848	0.01415	0.00574	0.01930	0.00480
52	0.01852	0.01268	0.01366	0.01071	0.01438	0.01380	0.00877	0.56735	0.02186	0.07387	0.01429	0.01463	0.01030	0.00642	0.00505	0.00154	0.00514	0.00490	0.17383	0.00830
53	0.01993	0.01377	0.01517	0.01157	0.01590	0.01463	0.00954	0.59614	0.02263	0.12363	0.01357	0.01337	0.00952	0.00622	0.00523	0.00154	0.00555	0.00474	0.00531	0.09204
54	0.01914	0.01361	0.01526	0.05847	0.01718	0.01459	0.00987	0.57222	0.02202	0.09695	0.01307	0.01326	0.00925	0.00614	0.00523	0.00154	0.00566	0.00471	0.00507	0.09674
55	0.01905	0.03319	0.01510	0.01232	0.01590	0.25946	0.00978	0.33160	0.16209	0.06755	0.01351	0.01345	0.01000	0.00629	0.00518	0.00157	0.00670	0.00463	0.00458	0.00805
56	0.01078	0.01019	0.01725	0.64304	0.18738	0.01209	0.01523	0.01428	0.01104	0.01449	0.00965	0.01410	0.00743	0.00525	0.00536	0.00175	0.00700	0.00477	0.00244	0.00648
57	0.03196	0.38075	0.19056	0.01184	0.01612	0.03298	0.01209	0.07014	0.01153	0.01547	0.00827	0.01021	0.00704	0.00588	0.00695	0.00157	0.17341	0.00365	0.00256	0.00703
58	0.83179	0.01035	0.00799	0.00711	0.01045	0.01195	0.00586	0.01600	0.00927	0.04013	0.00776	0.00892	0.00597	0.00502	0.00337	0.00166	0.00416	0.00296	0.00339	0.00588
59	0.06607	0.01562	0.01672	0.05967	0.29052	0.22348	0.01211	0.11046	0.01441	0.06229	0.01065	0.01258	0.00839	0.00555	0.00539	0.00156	0.03145	0.00436	0.04125	0.00747
60	0.01145	0.14791	0.58069	0.01507	0.03569	0.01377	0.07401	0.01673	0.01146	0.01643	0.02389	0.01173	0.00778	0.00508	0.00496	0.00162	0.00755	0.00410	0.00238	0.00767
61	0.00902	0.00574	0.00661	0.00638	0.00680	0.00578	0.00387	0.00989	0.04272	0.05696	0.01732	0.03303	0.01883	0.70462	0.04715	0.00494	0.00539	0.00752	0.00354	0.00389
62	0.02112	0.01388	0.01540	0.01180	0.01607	0.01493	0.00975	0.61651	0.02331	0.18002	0.01451	0.01394	0.00994	0.00648	0.00538	0.00162	0.00565	0.00494	0.00562	0.00913
63	0.01113	0.00954	0.01113	0.00795	0.01272	0.00716	0.00636	0.01352	0.01113	0.01749	0.00954	0.01113	0.00795	0.00398	0.00398	0.00080	0.00398	0.00318	0.00318	0.84417
64	0.00870	0.00729	0.00781	0.00744	0.00952	0.00730	0.00573	0.01438	0.23800	0.01786	0.13818	0.04111	0.42098	0.01142	0.00613	0.00183	0.00325	0.04201	0.00525	0.00580
65	0.00831	0.00661	0.00755	0.00712	0.00885	0.00648	0.00537	0.01282	0.15724	0.01925	0.39012	0.03971	0.26634	0.03224	0.00672	0.00184	0.00299	0.00946	0.00547	0.00551
66	0.80201	0.01031	0.00815	0.00720	0.01057	0.01180	0.00593	0.01637	0.00949	0.06747	0.00826	0.00927	0.00624	0.00508	0.00344	0.00166	0.00418	0.00305	0.00351	0.00600
67	0.00786	0.00520	0.00583	0.00583	0.00586	0.00520	0.00326	0.00792	0.00789	0.01064	0.01693	0.03477	0.01938	0.79227	0.02676	0.00511	0.00514	0.00774	0.02311	0.00329
68	0.00781	0.00520	0.00585	0.00585	0.00585	0.00520	0.00325	0.00781	0.00781	0.01041	0.01691	0.03513	0.01952	0.81135	0.02732	0.00520	0.00520	0.00781	0.00325	0.00325
69	0.00695	0.00524	0.00633	0.00658	0.00767	0.00474	0.00473	0.00852	0.01239	0.01636	0.27868	0.26286	0.26672	0.05938	0.00771	0.00209	0.00297	0.03030	0.00518	0.00459
70	0.01338	0.37723	0.05004	0.01061	0.01395	0.04623	0.00954	0.01871	0.21190	0.01539	0.01187	0.01351	0.01006	0.03496	0.02971	0.00188	0.11651	0.00429	0.00321	0.00700
71	0.01642	0.00904	0.01098	0.00929	0.01237	0.00896	0.00739	0.04773	0.22899	0.33622	0.14869	0.04243	0.06677	0.00834	0.00570	0.00175	0.00405	0.02110	0.00597	0.00781
72	0.26829	0.01225	0.01392	0.01120	0.01435	0.03066	0.06810	0.22239	0.02529	0.03608	0.01027	0.01194	0.00798	0.00621	0.00682	0.00171	0.14606	0.00426	0.04729	0.05494
73	0.01169	0.00981	0.01149	0.02856	0.01348	0.00824	0.00697	0.07091	0.05013	0.01861	0.01099	0.02678	0.00918	0.00615	0.03786	0.00129	0.00465	0.00382	0.00346	0.66594
74	0.02025	0.01435	0.01556	0.01197	0.01612	0.01573	0.00984	0.68941	0.02406	0.08128	0.01355	0.01392	0.00972	0.03137	0.00605	0.00173	0.00580	0.00496	0.00539	0.00895
75	0.01127	0.02439	0.59739	0.01770	0.06737	0.01269	0.15963	0.01701	0.01164	0.01707	0.00989	0.01204	0.00715	0.00497	0.00535	0.00171	0.00806	0.00446	0.00237	0.00783
76	0.00756	0.00549	0.00712	0.00671	0.00800	0.00505	0.00503	0.01005	0.01510	0.02131	0.75273	0.04045	0.07309	0.01106	0.00633	0.00169	0.00254	0.00976	0.00588	0.00505
77	0.00651	0.00544	0.00567	0.00561	0.00735	0.00460	0.00421	0.00803	0.01263	0.01544	0.15056	0.05012	0.67892	0.01324	0.00634	0.00180	0.00269	0.01111	0.00511	0.00460
78	0.00754	0.00548	0.00710	0.00669	0.00798	0.00504	0.00502	0.01002	0.01506	0.02121	0.74216	0.04062	0.08372	0.01109	0.00633	0.00169	0.00254	0.00978	0.00587	0.00504
79	0.01026	0.00967	0.01633	0.76814	0.06630	0.01196	0.01497	0.01382	0.01079	0.01387	0.00956	0.01427	0.00721	0.00534	0.00536	0.00178	0.00712	0.00477	0.00240	0.00606
80	0.01223	0.01168	0.01982	0.19009	0.56369	0.01212	0.02825	0.01543	0.01192	0.01658	0.01230	0.01603	0.04333	0.00546	0.00542	0.00166	0.00640	0.01713	0.00274	0.00772
81	0.00932	0.00466	0.00699	0.00699	0.00699	0.00466	0.00466	0.00699	0.00699	0.00932	0.00932	0.01632	0.00932	0.01865	0.02098	0.84382	0.00466	0.00466	0.00233	0.00233
82	0.02846	0.41632	0.02101	0.01070	0.01386	0.15924	0.00942	0.03601	0.02926	0.01417	0.02153	0.01182	0.03037	0.00613	0.00640	0.00147	0.14481	0.00384	0.02866	0.00651
83	0.01521	0.01238	0.02038	0.02737	0.01987	0.03222	0.31206	0.06518	0.09503	0.16817	0.02573	0.03061	0.01115	0.00587	0.00616	0.00167	0.03958	0.00573	0.00407	0.10158
84	0.01227	0.01504	0.10248	0.07489	0.12261	0.01308	0.52813	0.01667	0.01231	0.01692	0.01091	0.02913	0.00851	0.00490	0.00603	0.00178	0.00836	0.00597	0.00268	0.00733
85	0.01163	0.19064	0.57954	0.01448	0.02157	0.01436	0.06362	0.01682	0.01133	0.01610	0.00926	0.01096	0.00690	0.00496	0.00483	0.00159	0.00755	0.00389	0.00230	0.00767
86	0.01069	0.02726	0.76585	0.01510	0.02289	0.01230	0.01950	0.01684	0.01142	0.01710	0.02707	0.01199	0.00780	0.00523	0.00513	0.00170	0.00781	0.00410	0.00235	0.00787
87	0.01017	0.00896	0.01493	0.63099	0.03133	0.01089	0.03611	0.01316	0.01049	0.01397	0.01018	0.01491	0.00791	0.00656	0.00674	0.07004	0.02044	0.00483	0.07176	0.00563
88	0.00676	0.00478	0.00622	0.00722	0.00753	0.00451	0.00475	0.00764	0.01016	0.01360	0.06160	0.66611	0.03398	0.12653	0.00966	0.00258	0.00338	0.01398	0.00479	0.00424
89	0.02096	0.00582	0.00695	0.00661	0.00824	0.00528	0.00502	0.01045	0.02651	0.05618	0.43429	0.06212	0.29094	0.01173	0.00627	0.00176	0.00282	0.02737	0.00554	0.00513
90	0.01319	0.01246	0.02050	0.04457	0.65575	0.01283	0.01551	0.03388	0.04547	0.01781	0.01106	0.01489	0.00942	0.00544	0.00594	0.00167	0.04226	0.02621	0.00289	0.00825
91	0.00716	0.00513	0.00665	0.00703	0.00779	0.00479	0.00494	0.00877	0.01234	0.01696	0.35957	0.36694	0.05704	0.08245	0.00838	0.00222	0.00307	0.02892	0.00524	0.00459
92	0.01820	0.01367	0.01487	0.01141	0.01564	0.01456	0.00936	0.59127	0.03582	0.03007	0.01279	0.02646	0.00959	0.00685	0.02002	0.00162	0.00566	0.00477	0.00494	0.15243
93	0.01121	0.10982	0.67832	0.01491	0.02241	0.01342	0.04425	0.01691	0.01133	0.01655	0.00945	0.01116	0.00686	0.00503	0.00497	0.00165	0.00774	0.00393	0.00229	0.00780
94	0.01180	0.12773	0.64112	0.01434	0.02163	0.01384	0.01790	0.06114	0.01211	0.01744	0.00955	0.01108	0.00695	0.00511	0.00490	0.00162	0.00753	0.00388	0.00246	0.00787

[dist]
# distance from previous block
# <min> <max>
0	1

[block]
# block no. 1 follows, 45 sequences, length 70
# corresponding to MSA columns:
# 119-188
name=unknown_B
#
# <colnr> <probs for GDERKNQSTAVLIFYWHMCP>
#	G	D	E	R	K	N	Q	S	T	A	V	L	I	F	Y	W	H	M	C	P
0	0.01083	0.02737	0.76324	0.01577	0.04334	0.01247	0.01974	0.01699	0.01136	0.01701	0.00965	0.01139	0.00685	0.00509	0.00511	0.00170	0.00789	0.00399	0.00228	0.00795
1	0.02500	0.06574	0.67488	0.01427	0.02151	0.01241	0.01801	0.01671	0.01156	0.03068	0.05288	0.01290	0.00938	0.00543	0.00506	0.00167	0.00739	0.00424	0.00257	0.00770
2	0.03079	0.02173	0.55083	0.01297	0.01922	0.01098	0.01564	0.04961	0.01208	0.04593	0.01646	0.04590	0.10001	0.00732	0.01961	0.00184	0.00684	0.00538	0.01952	0.00733
3	0.05861	0.00964	0.01543	0.69363	0.05235	0.01184	0.01399	0.02939	0.01100	0.01501	0.00975	0.01411	0.00735	0.00538	0.00520	0.00176	0.00680	0.00467	0.02803	0.00605
4	0.00769	0.00568	0.00827	0.00827	0.00911	0.00652	0.00627	0.00936	0.00852	0.01220	0.01470	0.02289	0.01420	0.13930	0.69211	0.00819	0.01320	0.00602	0.00292	0.00459
5	0.01684	0.01104	0.01267	0.05415	0.01458	0.01186	0.00849	0.37525	0.03364	0.13502	0.07930	0.01849	0.03855	0.00708	0.00553	0.00161	0.02444	0.00557	0.13819	0.00772
6	0.01213	0.04529	0.22906	0.03505	0.02268	0.01261	0.33788	0.01683	0.03629	0.04477	0.01259	0.01776	0.01024	0.00609	0.00648	0.00183	0.05247	0.06998	0.02282	0.00716
7	0.08959	0.00922	0.01199	0.00942	0.01338	0.00832	0.00780	0.03894	0.01492	0.67115	0.02025	0.01933	0.01341	0.00688	0.00532	0.00170	0.00458	0.03886	0.00627	0.00868
8	0.00880	0.00576	0.00751	0.00692	0.00842	0.00526	0.00524	0.01125	0.01510	0.07880	0.69143	0.03887	0.07452	0.01074	0.00626	0.00169	0.00269	0.00944	0.00593	0.00535
9	0.01174	0.01109	0.01879	0.39201	0.41474	0.01221	0.01549	0.01510	0.01150	0.01579	0.00998	0.01390	0.00797	0.00509	0.00531	0.00168	0.00667	0.00478	0.01891	0.00724
10	0.01624	0.01581	0.01643	0.22747	0.09285	0.21399	0.01222	0.24411	0.01628	0.02002	0.01011	0.01240	0.00781	0.00598	0.00612	0.00165	0.06543	0.00445	0.00342	0.00723
11	0.00720	0.00502	0.00656	0.00752	0.00791	0.00483	0.00522	0.00811	0.01004	0.01332	0.02638	0.51452	0.03094	0.17578	0.01138	0.02275	0.00386	0.12991	0.00457	0.00418
12	0.01097	0.07217	0.74091	0.01495	0.02270	0.01296	0.01923	0.01695	0.01131	0.01675	0.00951	0.01118	0.00680	0.00507	0.00501	0.00167	0.00781	0.00390	0.00227	0.00787
13	0.00776	0.00522	0.00603	0.00607	0.00613	0.00526	0.00351	0.00790	0.00793	0.01063	0.01718	0.05918	0.01968	0.74151	0.07047	0.00530	0.00566	0.00793	0.00329	0.00338
14	0.01435	0.81458	0.02813	0.00918	0.01378	0.02124	0.00918	0.01607	0.01091	0.01263	0.00746	0.00861	0.00689	0.00459	0.00344	0.00115	0.00574	0.00287	0.00230	0.00689
15	0.01312	0.07776	0.01908	0.32778	0.20378	0.04757	0.06122	0.04336	0.01207	0.05884	0.01015	0.01334	0.00793	0.00545	0.00597	0.00167	0.05654	0.00465	0.00285	0.02685
16	0.01283	0.01531	0.07062	0.01869	0.02256	0.08875	0.43844	0.01623	0.01162	0.01556	0.00991	0.01386	0.00809	0.02569	0.02788	0.00213	0.18692	0.00557	0.00263	0.00672
17	0.00654	0.00467	0.00623	0.00747	0.00779	0.00436	0.00498	0.00747	0.01028	0.01370	0.02959	0.80785	0.03550	0.01682	0.00685	0.00218	0.00311	0.01526	0.00498	0.00436
18	0.75532	0.01024	0.00841	0.00734	0.01076	0.01157	0.00605	0.01696	0.00984	0.11033	0.00903	0.00981	0.00666	0.00517	0.00356	0.00166	0.00420	0.00319	0.00370	0.00619
19	0.01113	0.00954	0.01113	0.00795	0.01272	0.00716	0.00636	0.01352	0.01113	0.01749	0.00954	0.01113	0.00795	0.00398	0.00398	0.00080	0.00398	0.00318	0.00318	0.84417
20	0.00767	0.00575	0.00863	0.00863	0.00959	0.00671	0.00671	0.00959	0.00863	0.01246	0.01438	0.02109	0.01342	0.04026	0.79008	0.00863	0.01438	0.00575	0.00288	0.00479
21	0.04341	0.19336	0.01684	0.01114	0.01479	0.31511	0.00909	0.04944	0.07483	0.13789	0.01152	0.01186	0.00883	0.00553	0.00458	0.00138	0.00677	0.00386	0.00365	0.07611
22	0.00662	0.00480	0.00644	0.02553	0.00844	0.00454	0.00519	0.00762	0.01033	0.01372	0.02965	0.77387	0.05034	0.01649	0.00681	0.00216	0.00320	0.01494	0.00492	0.00440
23	0.04709	0.30611	0.05867	0.01134	0.03156	0.12228	0.00992	0.24345	0.01590	0.02025	0.01094	0.01176	0.03102	0.00557	0.00446	0.00138	0.00620	0.00392	0.00347	0.05471
24	0.01283	0.02811	0.02230	0.14218	0.02335	0.01449	0.30242	0.10364	0.01247	0.01721	0.01006	0.02858	0.00828	0.00656	0.00933	0.00194	0.24101	0.00553	0.00291	0.00680
25	0.00893	0.00714	0.00934	0.00887	0.00958	0.02426	0.00667	0.03395	0.00902	0.01268	0.01387	0.02304	0.01389	0.23957	0.43913	0.00648	0.11981	0.00608	0.00298	0.00470
26	0.58608	0.01128	0.05229	0.01077	0.09954	0.01144	0.00801	0.01686	0.01027	0.11049	0.00954	0.01073	0.00715	0.00558	0.00443	0.02728	0.00468	0.00352	0.00354	0.00652
27	0.01359	0.40637	0.19763	0.01161	0.04363	0.05162	0.01151	0.01748	0.07291	0.05197	0.01272	0.01349	0.05225	0.00608	0.01511	0.00152	0.00622	0.00413	0.00295	0.00723
28	0.00932	0.00466	0.00699	0.00699	0.00699	0.00466	0.00466	0.00699	0.00699	0.00932	0.00932	0.01632	0.00932	0.01865	0.02098	0.84382	0.00466	0.00466	0.00233	0.00233
29	0.01244	0.01176	0.01997	0.04503	0.61350	0.01169	0.05733	0.01553	0.01216	0.01733	0.01410	0.01684	0.07031	0.00557	0.00537	0.00161	0.00604	0.00541	0.05016	0.00786
30	0.01218	0.01240	0.02105	0.26785	0.02620	0.04186	0.26559	0.05774	0.01201	0.01609	0.02605	0.01524	0.00905	0.00631	0.00822	0.00190	0.16797	0.02296	0.00281	0.00653
31	0.00657	0.00476	0.00614	0.00723	0.00767	0.00441	0.00484	0.00751	0.01037	0.01366	0.03140	0.71007	0.10294	0.04560	0.00755	0.00226	0.00315	0.01463	0.00492	0.00434
32	0.02000	0.01483	0.01588	0.01227	0.01649	0.01646	0.01010	0.71796	0.06790	0.03318	0.01340	0.01330	0.00955	0.00649	0.00538	0.00162	0.00581	0.00490	0.00538	0.00909
33	0.01965	0.02305	0.01488	0.01320	0.01613	0.63701	0.01004	0.13270	0.01655	0.01658	0.00941	0.01064	0.00756	0.00570	0.00487	0.00141	0.00878	0.00374	0.04150	0.00661
34	0.00809	0.00607	0.00863	0.00847	0.00931	0.00703	0.00643	0.02406	0.00881	0.01258	0.01447	0.02276	0.01405	0.15820	0.62790	0.00773	0.04177	0.00601	0.00296	0.00468
35	0.00656	0.00535	0.00576	0.00585	0.00738	0.00459	0.00429	0.00799	0.01230	0.01523	0.14332	0.13680	0.58263	0.02930	0.00681	0.00191	0.00279	0.01150	0.00507	0.00456
36	0.01503	0.01264	0.01307	0.02588	0.01492	0.04239	0.00894	0.19254	0.53097	0.02438	0.01880	0.01777	0.01403	0.00692	0.00536	0.00173	0.00484	0.00560	0.02128	0.02292
37	0.01299	0.01405	0.08501	0.02608	0.46325	0.01242	0.15556	0.04371	0.01259	0.01802	0.01025	0.01310	0.00826	0.00473	0.00535	0.00156	0.00673	0.00484	0.00279	0.09869
38	0.01826	0.14925	0.01703	0.01167	0.01551	0.15351	0.00962	0.33112	0.15495	0.06676	0.01326	0.01320	0.00991	0.00614	0.00497	0.00153	0.00617	0.00452	0.00448	0.00813
39	0.01016	0.00808	0.00908	0.00835	0.01050	0.00850	0.00640	0.01778	0.32930	0.03754	0.32746	0.03310	0.15250	0.00976	0.00595	0.00176	0.00332	0.00835	0.00559	0.00650
40	0.00641	0.00544	0.00553	0.00551	0.00729	0.00456	0.00413	0.00783	0.01239	0.01487	0.09222	0.05105	0.73762	0.01346	0.00634	0.00181	0.00271	0.01124	0.00503	0.00456
41	0.02446	0.06305	0.63426	0.01537	0.04510	0.01296	0.04456	0.05076	0.01207	0.01779	0.02563	0.01200	0.00791	0.00523	0.00508	0.00167	0.00756	0.00417	0.00253	0.00784
42	0.01131	0.01067	0.01687	0.63523	0.13864	0.03298	0.01479	0.04824	0.01172	0.01515	0.00974	0.01398	0.00743	0.00534	0.00535	0.00174	0.00706	0.00474	0.00257	0.00647
43	0.00657	0.00513	0.00578	0.00624	0.00731	0.00454	0.00433	0.00763	0.01105	0.01378	0.04127	0.33258	0.42147	0.09664	0.00869	0.00230	0.00312	0.01244	0.00481	0.00434
44	0.01091	0.02674	0.72542	0.01587	0.02361	0.01255	0.07692	0.01701	0.01144	0.01701	0.00973	0.01158	0.00690	0.00506	0.00520	0.00171	0.00802	0.00415	0.00230	0.00788
45	0.01113	0.00954	0.01113	0.00795	0.01272	0.00716	0.00636	0.01352	0.01113	0.01749	0.00954	0.01113	0.00795	0.00398	0.00398	0.00080	0.00398	0.00318	0.00318	0.84417
46	0.00660	0.00539	0.00582	0.00583	0.00743	0.00462	0.00433	0.00815	0.01266	0.01578	0.18932	0.10340	0.58535	0.01333	0.00638	0.00182	0.00271	0.01130	0.00516	0.00462
47	0.80132	0.05656	0.00905	0.00718	0.01058	0.01257	0.00601	0.01580	0.00924	0.02343	0.00747	0.00871	0.00588	0.00496	0.00333	0.00163	0.00424	0.00290	0.00326	0.00588
48	0.77112	0.01027	0.00841	0.02674	0.01127	0.01175	0.00618	0.01645	0.00961	0.07658	0.00848	0.00952	0.00637	0.00511	0.00352	0.00166	0.00426	0.00313	0.00353	0.00605
49	0.01156	0.19294	0.60809	0.01418	0.02135	0.01434	0.03388	0.01681	0.01127	0.01608	0.00920	0.01083	0.00685	0.00498	0.00478	0.00159	0.00750	0.00379	0.00228	0.00770
50	0.00634	0.00544	0.00544	0.00544	0.00725	0.00453	0.00408	0.00770	0.01224	0.01450	0.05438	0.05166	0.77569	0.01359	0.00634	0.00181	0.00272	0.01133	0.00498	0.00453
51	0.01543	0.01234	0.01318	0.01127	0.01464	0.01400	0.00897	0.23358	0.52675	0.04042	0.01947	0.01895	0.01463	0.00721	0.00548	0.00177	0.00474	0.02311	0.00545	0.00860
52	0.00708	0.00547	0.00646	0.00621	0.00770	0.00484	0.00466	0.00913	0.01397	0.01863	0.47757	0.04487	0.34992	0.01206	0.00634	0.00174	0.00261	0.01038	0.00553	0.00484
53	0.01592	0.00988	0.06718	0.00954	0.01290	0.00841	0.00829	0.04392	0.12194	0.33673	0.11739	0.02864	0.09495	0.00877	0.00582	0.00180	0.00442	0.09033	0.00567	0.00752
54	0.01335	0.00885	0.01094	0.00949	0.01151	0.03279	0.03130	0.12839	0.02478	0.12035	0.01555	0.06183	0.01298	0.01505	0.17590	0.04247	0.07766	0.00574	0.19485	0.00622
55	0.01077	0.02777	0.78354	0.01530	0.02323	0.01247	0.01983	0.01700	0.01133	0.01700	0.00963	0.01133	0.00680	0.00510	0.00510	0.00170	0.00793	0.00397	0.00227	0.00793
56	0.01974	0.01399	0.01491	0.01155	0.01568	0.05639	0.00945	0.50054	0.03336	0.14921	0.01364	0.01348	0.00963	0.00624	0.00544	0.00154	0.02096	0.00470	0.00515	0.09440
57	0.21372	0.08238	0.17023	0.01041	0.01484	0.01278	0.01012	0.16327	0.07043	0.10302	0.05888	0.01424	0.01137	0.00602	0.00467	0.00161	0.00529	0.00449	0.03475	0.00746
58	0.00811	0.00557	0.00714	0.00760	0.00877	0.00512	0.00579	0.00927	0.01120	0.03902	0.05317	0.27424	0.20404	0.01482	0.00839	0.10232	0.00372	0.19184	0.00467	0.03521
59	0.00863	0.00624	0.00771	0.00753	0.00877	0.00615	0.00565	0.03772	0.02692	0.04054	0.28151	0.14898	0.15709	0.11194	0.00952	0.00232	0.03667	0.08606	0.00504	0.00501
60	0.07682	0.19707	0.15912	0.07493	0.19919	0.05534	0.08347	0.01646	0.01180	0.02994	0.04134	0.01273	0.00926	0.00516	0.00482	0.00155	0.00664	0.00435	0.00275	0.00727
61	0.08411	0.01649	0.01608	0.08512	0.10115	0.27583	0.06337	0.09197	0.10709	0.01790	0.01080	0.01267	0.00858	0.00627	0.00630	0.02872	0.05287	0.00444	0.00331	0.00691
62	0.13121	0.01146	0.04633	0.00962	0.01297	0.05734	0.00800	0.08978	0.17370	0.20947	0.12167	0.02124	0.06961	0.00746	0.00527	0.00169	0.00463	0.00595	0.00517	0.00744
63	0.01180	0.01024	0.01280	0.02753	0.01423	0.00908	0.04164	0.05212	0.05385	0.01818	0.01041	0.01216	0.00851	0.00482	0.00535	0.00110	0.06811	0.00376	0.01941	0.61489
64	0.01289	0.01252	0.02210	0.02902	0.58598	0.01239	0.13114	0.02940	0.01253	0.01762	0.01235	0.01704	0.02787	0.00555	0.00562	0.00168	0.00662	0.04677	0.00290	0.00802
65	0.01521	0.01275	0.04099	0.01113	0.01461	0.03105	0.00908	0.17069	0.50077	0.07212	0.02053	0.01916	0.04310	0.00720	0.00545	0.00175	0.00480	0.00585	0.00532	0.00844
66	0.01682	0.10647	0.06034	0.05435	0.01506	0.01095	0.00901	0.07811	0.11148	0.30633	0.11272	0.01954	0.01671	0.00689	0.00525	0.00161	0.00485	0.01867	0.00512	0.03973
67	0.01044	0.00671	0.00944	0.01055	0.04521	0.00651	0.00852	0.01281	0.01272	0.10336	0.05501	0.08014	0.04863	0.01335	0.00700	0.00228	0.00475	0.55195	0.00507	0.00555
68	0.01093	0.06375	0.74899	0.01502	0.02280	0.01287	0.01935	0.01696	0.01131	0.01680	0.00953	0.01121	0.00680	0.00508	0.00502	0.00167	0.00783	0.00392	0.00227	0.00789
69	0.01206	0.01332	0.09256	0.20996	0.46760	0.03044	0.01556	0.01548	0.01186	0.01630	0.01245	0.01548	0.05255	0.00548	0.00535	0.00166	0.00658	0.00505	0.00269	0.00756

[dist]
# distance from previous block
# <min> <max>
0	1

[block]
# block no. 2 follows, 45 sequences, length 12
# corresponding to MSA columns:
# 190-201
name=unknown_C
#
# <colnr> <probs for GDERKNQSTAVLIFYWHMCP>
#	G	D	E	R	K	N	Q	S	T	A	V	L	I	F	Y	W	H	M	C	P
0	0.00763	0.00597	0.00723	0.00802	0.00889	0.03182	0.00572	0.00888	0.01076	0.01427	0.02708	0.62666	0.03172	0.01515	0.00661	0.00207	0.00363	0.10013	0.00475	0.07300
1	0.01389	0.27959	0.11503	0.00976	0.01344	0.01296	0.00929	0.07924	0.01256	0.12615	0.03012	0.02200	0.01387	0.14348	0.00869	0.00219	0.00561	0.09172	0.00373	0.00665
2	0.01329	0.07975	0.50348	0.01594	0.10072	0.01253	0.03174	0.01848	0.03201	0.12526	0.01151	0.01262	0.00819	0.00529	0.00508	0.00165	0.00706	0.00428	0.00302	0.00809
3	0.01253	0.01408	0.02945	0.02138	0.02602	0.01399	0.64947	0.01657	0.01202	0.01657	0.01030	0.01408	0.00798	0.00524	0.00798	0.00189	0.12464	0.00610	0.00266	0.00704
4	0.00682	0.00498	0.00647	0.00748	0.00812	0.00463	0.00531	0.00806	0.01100	0.01447	0.07043	0.59132	0.12362	0.01590	0.00683	0.00215	0.00325	0.09963	0.00503	0.00448
5	0.01400	0.01326	0.06947	0.22867	0.36510	0.06999	0.01450	0.01721	0.01234	0.10694	0.01128	0.01391	0.00861	0.00527	0.00525	0.00164	0.00662	0.00470	0.02363	0.00761
6	0.01487	0.07085	0.07360	0.01889	0.27307	0.19175	0.02594	0.05516	0.04514	0.05586	0.09245	0.01624	0.03076	0.00610	0.00522	0.00156	0.00657	0.00507	0.00348	0.00741
7	0.15767	0.03722	0.01339	0.02568	0.04012	0.07982	0.00880	0.34515	0.06872	0.02504	0.01524	0.10800	0.03763	0.00752	0.00513	0.00168	0.00541	0.00587	0.00451	0.00741
8	0.01378	0.01330	0.01926	0.17359	0.47938	0.07631	0.01480	0.07275	0.05180	0.01793	0.01065	0.01350	0.00857	0.00521	0.00530	0.00163	0.00665	0.00474	0.00296	0.00788
9	0.01069	0.04925	0.01180	0.00926	0.01101	0.00881	0.09466	0.13324	0.01197	0.01607	0.01762	0.10730	0.04328	0.38524	0.03260	0.00350	0.00560	0.00763	0.03533	0.00514
10	0.01763	0.01255	0.03520	0.01524	0.14498	0.01270	0.03641	0.30927	0.06479	0.18266	0.01582	0.08209	0.01244	0.00711	0.00581	0.00171	0.02436	0.00593	0.00490	0.00841
11	0.01388	0.03897	0.04164	0.05391	0.18739	0.03479	0.06111	0.08542	0.14731	0.09404	0.07256	0.01937	0.01470	0.10184	0.00803	0.00208	0.00569	0.00578	0.00408	0.00738

[dist]
# distance from previous block
# <min> <max>
3	29

[block]
# block no. 3 follows, 45 sequences, length 33
# corresponding to MSA columns:
# 231-263
name=unknown_D
#
# <colnr> <probs for GDERKNQSTAVLIFYWHMCP>
#	G	D	E	R	K	N	Q	S	T	A	V	L	I	F	Y	W	H	M	C	P
0	0.03297	0.01492	0.11661	0.09153	0.30839	0.02943	0.15183	0.09264	0.03168	0.01891	0.01057	0.01318	0.00823	0.00503	0.00536	0.00163	0.00692	0.00484	0.00299	0.05232
1	0.01727	0.01268	0.01496	0.01244	0.05159	0.01339	0.03419	0.41064	0.10001	0.09133	0.04456	0.02914	0.01228	0.01794	0.00587	0.00163	0.02057	0.00530	0.00496	0.09926
2	0.01291	0.03757	0.15969	0.03064	0.12960	0.08914	0.16950	0.05144	0.01267	0.01738	0.05501	0.01417	0.01039	0.00574	0.00648	0.00163	0.08382	0.00494	0.03072	0.07659
3	0.07155	0.01233	0.04216	0.25068	0.24239	0.01304	0.01318	0.19208	0.03164	0.03913	0.01091	0.01348	0.00833	0.00587	0.00565	0.02571	0.00625	0.00468	0.00340	0.00753
4	0.09681	0.01246	0.01573	0.36965	0.13696	0.11978	0.03237	0.03418	0.01201	0.01639	0.03479	0.01354	0.00877	0.00535	0.00503	0.00161	0.00671	0.00449	0.00283	0.07055
5	0.54957	0.01021	0.01084	0.24278	0.01851	0.01227	0.00887	0.01499	0.00956	0.02033	0.00806	0.01056	0.00629	0.00536	0.00479	0.00174	0.05284	0.00357	0.00299	0.00586
6	0.00978	0.00502	0.00509	0.00509	0.00621	0.00502	0.00370	0.01203	0.01091	0.01903	0.01745	0.02155	0.01434	0.08824	0.00615	0.00165	0.00278	0.00529	0.75583	0.00482
7	0.00779	0.00564	0.00808	0.00808	0.00891	0.00642	0.00609	0.00946	0.00863	0.01250	0.01487	0.02302	0.01429	0.14757	0.64838	0.00782	0.01257	0.00601	0.03926	0.00458
8	0.00768	0.00571	0.00840	0.00840	0.00928	0.00659	0.00643	0.00944	0.00856	0.01229	0.01459	0.02223	0.01392	0.10323	0.72779	0.00835	0.01363	0.00592	0.00291	0.00467
9	0.01307	0.01128	0.01187	0.01070	0.01369	0.01300	0.00832	0.02768	0.73765	0.02213	0.02316	0.02130	0.04704	0.00754	0.00550	0.00182	0.00419	0.00628	0.00544	0.00834
10	0.01639	0.01339	0.01428	0.01256	0.05646	0.07059	0.00954	0.33012	0.19428	0.04416	0.03476	0.01555	0.01195	0.00807	0.03986	0.00193	0.04375	0.00510	0.02112	0.05614
11	0.00644	0.00536	0.00562	0.00572	0.00735	0.00455	0.00423	0.00782	0.01221	0.01483	0.09399	0.12714	0.65878	0.01377	0.00639	0.00184	0.00275	0.01163	0.00504	0.00455
12	0.01113	0.00954	0.01113	0.00795	0.01272	0.00716	0.00636	0.01352	0.01113	0.01749	0.00954	0.01113	0.00795	0.00398	0.00398	0.00080	0.00398	0.00318	0.00318	0.84417
13	0.05729	0.01024	0.01546	0.40331	0.05603	0.01258	0.01263	0.01552	0.01071	0.12498	0.01047	0.01386	0.00799	0.00658	0.00851	0.00190	0.21764	0.00474	0.00305	0.00649
14	0.01023	0.00700	0.00821	0.00746	0.00929	0.00674	0.00562	0.11838	0.01476	0.07466	0.28856	0.12847	0.20912	0.07752	0.00793	0.00205	0.00350	0.00958	0.00534	0.00558
15	0.00706	0.00556	0.00633	0.00617	0.00768	0.00496	0.00458	0.00914	0.03030	0.01734	0.34094	0.07079	0.41783	0.03894	0.00703	0.00189	0.00277	0.01057	0.00531	0.00479
16	0.01329	0.01275	0.02179	0.03295	0.77787	0.01275	0.01647	0.01647	0.01222	0.01754	0.01010	0.01329	0.00850	0.00478	0.00531	0.00159	0.00638	0.00478	0.00266	0.00850
17	0.01169	0.01138	0.01763	0.17337	0.05657	0.04043	0.14392	0.03522	0.01093	0.01539	0.03569	0.04049	0.01049	0.02553	0.01032	0.00201	0.28792	0.00556	0.05929	0.00617
18	0.01374	0.01223	0.01987	0.12434	0.57417	0.01263	0.01516	0.05158	0.05295	0.05443	0.01131	0.01399	0.00901	0.00515	0.00534	0.00163	0.00625	0.00488	0.00309	0.00825
19	0.61900	0.13100	0.01185	0.00820	0.01168	0.09147	0.00689	0.03763	0.01047	0.02157	0.00771	0.00892	0.00618	0.00502	0.00355	0.00156	0.00499	0.00301	0.00317	0.00611
20	0.00828	0.00605	0.00717	0.00731	0.00900	0.00557	0.00583	0.01070	0.04548	0.05297	0.13613	0.08090	0.38485	0.01311	0.00656	0.00198	0.00346	0.20436	0.00519	0.00509
21	0.05974	0.03332	0.05654	0.02960	0.01604	0.02745	0.03619	0.40868	0.08166	0.02603	0.01301	0.02874	0.01013	0.03003	0.02011	0.00187	0.04799	0.00501	0.03224	0.03563
22	0.54592	0.01054	0.01061	0.00939	0.03743	0.01155	0.03940	0.05737	0.05170	0.12398	0.04856	0.01276	0.00995	0.00567	0.00416	0.00167	0.00451	0.00405	0.00406	0.00669
23	0.06706	0.07372	0.24207	0.01637	0.02190	0.06177	0.28271	0.09231	0.01339	0.04831	0.01044	0.01245	0.00773	0.00515	0.00557	0.00168	0.02207	0.00480	0.00301	0.00750
24	0.01139	0.12951	0.62249	0.01511	0.02240	0.01371	0.07964	0.01689	0.01139	0.01644	0.00945	0.01124	0.00692	0.00499	0.00499	0.00164	0.00774	0.00402	0.00231	0.00774
25	0.00654	0.00467	0.00623	0.00747	0.00779	0.00436	0.00498	0.00747	0.01028	0.01370	0.02959	0.80785	0.03550	0.01682	0.00685	0.00218	0.00311	0.01526	0.00498	0.00436
26	0.01335	0.01153	0.01214	0.01092	0.01396	0.01335	0.00850	0.02852	0.76817	0.02245	0.02185	0.02003	0.01639	0.00728	0.00546	0.00182	0.00425	0.00607	0.00546	0.00850
27	0.02019	0.01313	0.01417	0.01125	0.01508	0.06246	0.00913	0.41501	0.05285	0.24771	0.01628	0.05554	0.01195	0.00766	0.02050	0.00178	0.00571	0.00552	0.00551	0.00859
28	0.00703	0.00504	0.00677	0.00795	0.00852	0.00478	0.00578	0.00835	0.01089	0.01441	0.04589	0.60742	0.05219	0.01617	0.00695	0.00223	0.00350	0.17663	0.00499	0.00451
29	0.02005	0.02558	0.01521	0.01383	0.01659	0.78980	0.01037	0.02143	0.01521	0.01314	0.00830	0.00968	0.00691	0.00553	0.00484	0.00138	0.00968	0.00346	0.00277	0.00622
30	0.00675	0.00499	0.00657	0.00762	0.00804	0.00481	0.00523	0.00775	0.01038	0.01378	0.03037	0.71707	0.08094	0.01632	0.00719	0.00217	0.02957	0.03113	0.00489	0.00443
31	0.01435	0.81458	0.02813	0.00918	0.01378	0.02124	0.00918	0.01607	0.01091	0.01263	0.00746	0.00861	0.00689	0.00459	0.00344	0.00115	0.00574	0.00287	0.00230	0.00689
32	0.01312	0.01259	0.02150	0.07226	0.73982	0.01271	0.01639	0.01633	0.01215	0.01734	0.01007	0.01334	0.00843	0.00481	0.00532	0.00160	0.00642	0.00478	0.00264	0.00837

[dist]
# distance from previous block
# <min> <max>
0	13

[block]
# block no. 4 follows, 45 sequences, length 31
# corresponding to MSA columns:
# 277-307
name=unknown_E
#
# <colnr> <probs for GDERKNQSTAVLIFYWHMCP>
#	G	D	E	R	K	N	Q	S	T	A	V	L	I	F	Y	W	H	M	C	P
0	0.01391	0.01181	0.01245	0.01104	0.01417	0.01361	0.00863	0.08598	0.70981	0.02335	0.02114	0.01947	0.01582	0.00722	0.00545	0.00180	0.00438	0.00597	0.00545	0.00855
1	0.01296	0.01485	0.12939	0.02922	0.03660	0.01332	0.30615	0.13510	0.02560	0.01906	0.01217	0.03734	0.01013	0.00751	0.03048	0.00206	0.11414	0.03963	0.01708	0.00719
2	0.00764	0.00567	0.00828	0.00845	0.00947	0.00521	0.06160	0.00894	0.01088	0.04297	0.03079	0.62921	0.12001	0.01513	0.00670	0.00209	0.00357	0.01375	0.00488	0.00478
3	0.00660	0.00472	0.00628	0.00743	0.00780	0.00440	0.00499	0.00763	0.01056	0.01415	0.07192	0.76425	0.03636	0.01649	0.00682	0.00215	0.00308	0.01494	0.00504	0.00440
4	0.01088	0.02707	0.74837	0.01611	0.05807	0.01248	0.01968	0.01698	0.01137	0.01702	0.00965	0.01142	0.00688	0.00509	0.00511	0.00170	0.00786	0.00400	0.00228	0.00796
5	0.01670	0.01430	0.02686	0.03670	0.01565	0.10917	0.00942	0.34287	0.22049	0.04087	0.04785	0.01752	0.04697	0.00701	0.00538	0.00165	0.00563	0.00548	0.02147	0.00803
6	0.00709	0.00553	0.00637	0.00637	0.00780	0.00494	0.00469	0.02525	0.01311	0.01700	0.27585	0.18286	0.39748	0.01319	0.00641	0.00183	0.00280	0.01138	0.00528	0.00477
7	0.00653	0.00471	0.00619	0.00738	0.00776	0.00437	0.00494	0.00748	0.01037	0.01374	0.03070	0.77378	0.06885	0.01667	0.00683	0.00216	0.00310	0.01508	0.00498	0.00437
8	0.01343	0.00900	0.01272	0.01259	0.08662	0.00889	0.05981	0.07644	0.08529	0.16746	0.06973	0.07758	0.07042	0.00998	0.00623	0.00195	0.00490	0.21504	0.00505	0.00688
9	0.01325	0.01435	0.08510	0.02898	0.61197	0.03475	0.04141	0.01756	0.06711	0.01771	0.01089	0.01355	0.00887	0.00500	0.00533	0.00162	0.00654	0.00482	0.00283	0.00835
10	0.01438	0.29735	0.19435	0.01294	0.01768	0.18172	0.08965	0.04715	0.01250	0.01496	0.00928	0.01166	0.00779	0.03894	0.02675	0.00178	0.00764	0.00396	0.00261	0.00690
11	0.00791	0.00593	0.00839	0.00827	0.00895	0.00686	0.00617	0.00934	0.00842	0.01201	0.01459	0.02387	0.01451	0.21776	0.57301	0.00751	0.05292	0.00617	0.00294	0.00449
12	0.59633	0.07820	0.01335	0.01104	0.07444	0.01289	0.08577	0.01636	0.01012	0.04782	0.00851	0.01001	0.00662	0.00494	0.00388	0.00163	0.00499	0.00350	0.00323	0.00638
13	0.70715	0.08291	0.04566	0.00772	0.01139	0.01274	0.00683	0.01623	0.00961	0.04927	0.00805	0.00917	0.00622	0.00501	0.00349	0.00162	0.00448	0.00304	0.00330	0.00612
14	0.01731	0.07786	0.09211	0.01361	0.01828	0.01496	0.12960	0.42529	0.01954	0.07278	0.03512	0.01510	0.01065	0.00624	0.00543	0.00164	0.00638	0.02530	0.00449	0.00831
15	0.01105	0.09064	0.72317	0.01481	0.02248	0.01317	0.01898	0.01693	0.01130	0.01665	0.00946	0.01112	0.00681	0.00506	0.00497	0.00166	0.00776	0.00388	0.00227	0.00785
16	0.01417	0.70897	0.10479	0.00996	0.01483	0.04502	0.01031	0.01634	0.01109	0.01309	0.00771	0.00892	0.00688	0.00467	0.00366	0.00121	0.00609	0.00300	0.00231	0.00697
17	0.00972	0.00687	0.00860	0.03175	0.01060	0.00699	0.00652	0.12772	0.03166	0.04204	0.03840	0.55238	0.02928	0.01406	0.00652	0.00206	0.00386	0.06046	0.00505	0.00546
18	0.00654	0.00467	0.00623	0.00747	0.00779	0.00436	0.00498	0.00747	0.01028	0.01370	0.02959	0.80785	0.03550	0.01682	0.00685	0.00218	0.00311	0.01526	0.00498	0.00436
19	0.00653	0.00471	0.00619	0.00738	0.00776	0.00437	0.00494	0.00749	0.01037	0.01374	0.03076	0.77217	0.07043	0.01667	0.00683	0.00216	0.00310	0.01507	0.00498	0.00437
20	0.80241	0.01031	0.00815	0.00720	0.01057	0.01181	0.00593	0.01637	0.00949	0.06710	0.00825	0.00926	0.00624	0.00508	0.00344	0.00166	0.00418	0.00305	0.00351	0.00600
21	0.01077	0.02777	0.78354	0.01530	0.02323	0.01247	0.01983	0.01700	0.01133	0.01700	0.00963	0.01133	0.00680	0.00510	0.00510	0.00170	0.00793	0.00397	0.00227	0.00793
22	0.00663	0.00473	0.00629	0.00750	0.00783	0.00443	0.00504	0.00758	0.01027	0.01368	0.02922	0.76687	0.03495	0.03775	0.00741	0.00227	0.00322	0.03506	0.00494	0.00435
23	0.01267	0.01448	0.03167	0.02262	0.02805	0.01357	0.75837	0.01719	0.01267	0.01719	0.01086	0.01448	0.00814	0.00452	0.00633	0.00181	0.00905	0.00633	0.00271	0.00724
24	0.00780	0.00522	0.00594	0.00594	0.00597	0.00525	0.00336	0.00786	0.00783	0.01047	0.01684	0.03470	0.01933	0.78776	0.05066	0.00531	0.00548	0.00774	0.00324	0.00330
25	0.02175	0.01026	0.01272	0.00991	0.01383	0.00988	0.00813	0.18809	0.05279	0.52511	0.01911	0.01728	0.01255	0.00660	0.00528	0.00163	0.00470	0.00528	0.06630	0.00881
26	0.00779	0.00525	0.00609	0.00609	0.00617	0.00533	0.00354	0.00795	0.00787	0.01058	0.01670	0.03395	0.01901	0.74690	0.09108	0.00549	0.00597	0.00763	0.00322	0.00338
