[name]
unknown

[dist]
# distance from previous block
# <min> <max>
0	106

[block]
# block no. 0 follows, 50 sequences, length 72
# corresponding to MSA columns:
# 106-177
name=unknown_A
#
# <colnr> <probs for GDERKNQSTAVLIFYWHMCP>
#	G	D	E	R	K	N	Q	S	T	A	V	L	I	F	Y	W	H	M	C	P
0	0.07949	0.26762	0.17940	0.09470	0.03991	0.03270	0.03586	0.01488	0.01044	0.06040	0.02723	0.04063	0.00894	0.00549	0.00493	0.00145	0.05073	0.01322	0.00270	0.02927
1	0.04527	0.13910	0.29763	0.01248	0.05229	0.04155	0.05273	0.03387	0.08835	0.12777	0.05299	0.01341	0.01039	0.00536	0.00464	0.00149	0.00588	0.00431	0.00332	0.00717
2	0.09984	0.00894	0.02898	0.34860	0.06373	0.02409	0.01001	0.03528	0.08284	0.01439	0.01009	0.01418	0.00829	0.00818	0.00824	0.20382	0.00550	0.01710	0.00270	0.00519
3	0.00748	0.00619	0.02433	0.02412	0.00870	0.00566	0.00534	0.05141	0.01300	0.01744	0.39013	0.11261	0.27106	0.01096	0.00612	0.00166	0.02475	0.00938	0.00488	0.00479
4	0.05790	0.00977	0.04062	0.00777	0.01222	0.00746	0.00651	0.04532	0.01080	0.01721	0.00889	0.01029	0.00728	0.00388	0.00375	0.00085	0.00392	0.00303	0.00301	0.73951
5	0.00749	0.00530	0.00644	0.00650	0.00761	0.00471	0.00445	0.00845	0.00960	0.04276	0.02542	0.41228	0.13018	0.18116	0.00983	0.00237	0.00340	0.01038	0.00413	0.11754
6	0.06480	0.01243	0.01470	0.16652	0.10436	0.04276	0.01050	0.42628	0.01765	0.05679	0.01105	0.01228	0.00806	0.00552	0.00482	0.00152	0.00567	0.00435	0.02244	0.00749
7	0.01156	0.01620	0.26886	0.12830	0.04302	0.04081	0.21525	0.08920	0.01218	0.03421	0.01140	0.08495	0.00948	0.00577	0.00525	0.00163	0.00690	0.00543	0.00286	0.00673
8	0.00953	0.04004	0.01501	0.70551	0.03128	0.01094	0.02650	0.01248	0.00984	0.01258	0.00918	0.01413	0.00725	0.00582	0.00578	0.04907	0.00645	0.02095	0.00227	0.00538
9	0.01158	0.00965	0.04574	0.02161	0.05163	0.00740	0.00716	0.03605	0.01100	0.08810	0.01052	0.02450	0.00864	0.03578	0.00485	0.00110	0.00415	0.00365	0.00326	0.61362
10	0.01032	0.10393	0.72369	0.01365	0.02072	0.01237	0.01745	0.01570	0.01048	0.01539	0.00875	0.01028	0.00632	0.00469	0.00459	0.00153	0.00717	0.00358	0.00211	0.00727
11	0.00824	0.00438	0.00639	0.00657	0.00663	0.00434	0.00439	0.00667	0.00704	0.00938	0.01184	0.12389	0.01272	0.05091	0.01771	0.68748	0.00416	0.02218	0.00258	0.00250
12	0.01823	0.01137	0.04217	0.02824	0.03489	0.01119	0.00883	0.36982	0.01769	0.29662	0.01528	0.05118	0.01105	0.00729	0.02827	0.00172	0.00518	0.00511	0.02792	0.00793
13	0.04887	0.79348	0.02533	0.00845	0.01266	0.01936	0.00840	0.01491	0.01006	0.01217	0.00693	0.00800	0.00635	0.00428	0.00319	0.00109	0.00527	0.00267	0.00217	0.00635
14	0.00697	0.00506	0.00656	0.00624	0.00741	0.00466	0.00466	0.00921	0.01382	0.01942	0.72926	0.06689	0.08013	0.01050	0.00590	0.00159	0.00238	0.00927	0.00542	0.00466
15	0.01044	0.01055	0.09212	0.07739	0.16118	0.00962	0.00981	0.01682	0.24601	0.03600	0.20828	0.02239	0.06393	0.00714	0.00525	0.00160	0.00442	0.00621	0.00415	0.00667
16	0.01034	0.00886	0.01034	0.00738	0.01181	0.00664	0.00591	0.01255	0.01034	0.01624	0.00886	0.01034	0.00738	0.00369	0.00369	0.00074	0.00369	0.00295	0.00295	0.85530
17	0.00662	0.00488	0.00619	0.00628	0.00728	0.00445	0.00455	0.00840	0.01246	0.01705	0.47480	0.25351	0.15103	0.01203	0.00601	0.00171	0.00252	0.01064	0.00513	0.00445
18	0.03156	0.00997	0.04011	0.00830	0.01262	0.00797	0.02025	0.04139	0.09395	0.01740	0.01017	0.01129	0.00818	0.00417	0.00395	0.00093	0.00401	0.00337	0.00322	0.66720
19	0.01176	0.01345	0.02941	0.02101	0.02605	0.01261	0.77563	0.01597	0.01176	0.01597	0.01008	0.01345	0.00756	0.00420	0.00588	0.00168	0.00840	0.00588	0.00252	0.00672
20	0.01413	0.68376	0.04498	0.00925	0.01336	0.12051	0.00891	0.01581	0.01075	0.02992	0.00738	0.00840	0.00653	0.00443	0.00345	0.00112	0.00583	0.00282	0.00228	0.00639
21	0.01318	0.79377	0.05894	0.00877	0.01317	0.01938	0.00895	0.01496	0.01014	0.01190	0.00702	0.00810	0.00639	0.00428	0.00326	0.00109	0.00542	0.00271	0.00213	0.00644
22	0.86003	0.00964	0.00733	0.00655	0.00964	0.01118	0.00540	0.01465	0.00848	0.02236	0.00694	0.00810	0.00540	0.00463	0.00308	0.00154	0.00386	0.00270	0.00308	0.00540
23	0.01030	0.00875	0.01022	0.00744	0.01167	0.00669	0.00591	0.02656	0.01054	0.01637	0.00976	0.04720	0.00856	0.00428	0.00384	0.00081	0.00369	0.00349	0.00307	0.80085
24	0.03908	0.03971	0.01368	0.05775	0.01520	0.45271	0.00926	0.13177	0.01410	0.01595	0.00904	0.01068	0.00730	0.00561	0.00552	0.00141	0.08133	0.00368	0.08017	0.00604
25	0.01034	0.00886	0.01034	0.00738	0.01181	0.00664	0.00591	0.01255	0.01034	0.01624	0.00886	0.01034	0.00738	0.00369	0.00369	0.00074	0.00369	0.00295	0.00295	0.85530
26	0.00700	0.00509	0.00659	0.00621	0.00741	0.00468	0.00466	0.00930	0.01398	0.01969	0.75707	0.03773	0.08125	0.01030	0.00588	0.00157	0.00236	0.00908	0.00545	0.00468
27	0.00740	0.00517	0.00677	0.00633	0.00757	0.00476	0.00476	0.00974	0.01411	0.03757	0.77365	0.03677	0.04625	0.01010	0.00586	0.00157	0.00239	0.00892	0.00550	0.00479
28	0.01244	0.00950	0.03190	0.00797	0.01238	0.00729	0.00661	0.05045	0.01152	0.12787	0.01054	0.01136	0.00811	0.00418	0.00397	0.00091	0.00395	0.00334	0.00348	0.67223
29	0.00589	0.00505	0.00505	0.00505	0.00673	0.00421	0.00379	0.00715	0.01136	0.01347	0.05049	0.04797	0.79171	0.01262	0.00589	0.00168	0.00252	0.01052	0.00463	0.00421
30	0.02132	0.00948	0.01244	0.00959	0.01337	0.03684	0.03690	0.06976	0.01457	0.67501	0.01816	0.01620	0.01163	0.00628	0.00533	0.01962	0.00465	0.00493	0.00574	0.00818
31	0.00712	0.00534	0.00801	0.00801	0.00890	0.00623	0.00623	0.00890	0.00801	0.01157	0.01335	0.01958	0.01246	0.03738	0.80507	0.00801	0.01335	0.00534	0.00267	0.00445
32	0.01220	0.01129	0.03661	0.24694	0.25261	0.01218	0.01227	0.10354	0.22485	0.01821	0.01251	0.01424	0.00957	0.00542	0.00499	0.00159	0.00558	0.00475	0.00338	0.00727
33	0.04755	0.34373	0.32149	0.04123	0.01757	0.01469	0.05348	0.03524	0.01066	0.01477	0.00819	0.00970	0.00650	0.00450	0.00407	0.00133	0.00618	0.00336	0.00231	0.05345
34	0.01187	0.44968	0.34079	0.01163	0.01721	0.01596	0.06137	0.01534	0.01039	0.01365	0.00795	0.00937	0.00644	0.00445	0.00399	0.00131	0.00635	0.00328	0.00215	0.00681
35	0.00725	0.00483	0.00544	0.00544	0.00544	0.00483	0.00302	0.00725	0.00725	0.00966	0.01571	0.03262	0.01812	0.82483	0.02537	0.00483	0.00483	0.00725	0.00302	0.00302
36	0.01231	0.01053	0.04126	0.46989	0.02578	0.01174	0.01189	0.18163	0.05529	0.06084	0.02302	0.01462	0.02951	0.00572	0.00528	0.00163	0.02452	0.00474	0.00330	0.00649
37	0.01012	0.04275	0.75993	0.01428	0.02151	0.01178	0.04022	0.01577	0.01055	0.01570	0.00893	0.01055	0.00635	0.00471	0.00474	0.00157	0.00735	0.00373	0.00212	0.00733
38	0.01176	0.00890	0.00995	0.00893	0.01137	0.00974	0.00692	0.02136	0.49655	0.09178	0.20159	0.04670	0.03709	0.00788	0.00531	0.00166	0.00354	0.00671	0.00525	0.00702
39	0.00803	0.00574	0.00803	0.00918	0.01033	0.00574	0.00803	0.01033	0.01147	0.01492	0.02639	0.05622	0.02869	0.01377	0.00688	0.00229	0.00459	0.76018	0.00459	0.00459
40	0.01399	0.72959	0.02470	0.00899	0.01311	0.07606	0.00865	0.05304	0.01108	0.01274	0.00723	0.00826	0.00650	0.00441	0.00338	0.00110	0.00560	0.00279	0.00230	0.00646
41	0.00721	0.00546	0.00822	0.03883	0.00980	0.00639	0.00645	0.00901	0.00807	0.01158	0.01323	0.01962	0.01236	0.05288	0.75780	0.00770	0.01291	0.00535	0.00266	0.00446
42	0.00725	0.00483	0.00544	0.00544	0.00544	0.00483	0.00302	0.00725	0.00725	0.00966	0.01571	0.03262	0.01812	0.82483	0.02537	0.00483	0.00483	0.00725	0.00302	0.00302
43	0.00941	0.00886	0.01495	0.81285	0.03433	0.01107	0.01384	0.01274	0.00997	0.01274	0.00886	0.01329	0.00664	0.00498	0.00498	0.00166	0.00664	0.00443	0.00221	0.00554
44	0.02222	0.00871	0.01171	0.00898	0.01284	0.00767	0.00742	0.05589	0.01465	0.76504	0.01934	0.01676	0.01218	0.00616	0.00501	0.00154	0.00429	0.00499	0.00612	0.00848
45	0.00644	0.00493	0.00591	0.00604	0.00721	0.00441	0.00443	0.00807	0.01204	0.01588	0.33228	0.20835	0.32117	0.01235	0.00601	0.00173	0.00259	0.03083	0.00496	0.00438
46	0.00710	0.00533	0.00785	0.00789	0.00871	0.00613	0.00606	0.00877	0.00826	0.01184	0.03494	0.08086	0.01498	0.05576	0.69029	0.00721	0.02458	0.00614	0.00289	0.00440
47	0.00994	0.00716	0.01020	0.06942	0.07429	0.00725	0.04427	0.07297	0.01132	0.08351	0.07438	0.26687	0.05474	0.14971	0.02559	0.00241	0.01807	0.00862	0.00404	0.00526
48	0.02010	0.01036	0.01328	0.03254	0.07310	0.01019	0.00873	0.23879	0.03063	0.48411	0.01641	0.01512	0.01080	0.00597	0.00500	0.00153	0.00478	0.00482	0.00543	0.00835
49	0.16143	0.59547	0.03578	0.04226	0.01344	0.05713	0.00844	0.01505	0.01004	0.01373	0.00709	0.00833	0.00623	0.00441	0.00335	0.00119	0.00535	0.00279	0.00232	0.00617
50	0.01000	0.02578	0.79900	0.01421	0.02157	0.01158	0.01842	0.01579	0.01052	0.01579	0.00895	0.01052	0.00631	0.00474	0.00474	0.00158	0.00737	0.00368	0.00210	0.00737
51	0.00927	0.00866	0.01441	0.73544	0.03193	0.01080	0.01318	0.01236	0.00986	0.01271	0.00989	0.06178	0.00822	0.00576	0.00548	0.00170	0.03572	0.00501	0.00236	0.00544
52	0.01880	0.01389	0.01488	0.01144	0.01540	0.01539	0.00944	0.76070	0.04009	0.03118	0.01215	0.01211	0.00862	0.00600	0.00499	0.00150	0.00545	0.00451	0.00499	0.00846
53	0.01135	0.00913	0.01164	0.04040	0.01334	0.00797	0.04441	0.05680	0.03445	0.06542	0.05155	0.03098	0.02306	0.00508	0.00476	0.00109	0.03666	0.00418	0.00344	0.54427
54	0.00941	0.00886	0.01495	0.81285	0.03433	0.01107	0.01384	0.01274	0.00997	0.01274	0.00886	0.01329	0.00664	0.00498	0.00498	0.00166	0.00664	0.00443	0.00221	0.00554
55	0.02156	0.00977	0.01236	0.00948	0.01337	0.00924	0.00783	0.20122	0.01642	0.61721	0.01786	0.01579	0.01143	0.00613	0.00501	0.00153	0.00453	0.00489	0.00589	0.00848
56	0.00616	0.00437	0.00576	0.00683	0.00710	0.00410	0.00451	0.00696	0.00938	0.01251	0.02664	0.76589	0.03192	0.07273	0.00770	0.00222	0.00303	0.01368	0.00451	0.00398
57	0.01232	0.08158	0.05139	0.20232	0.09338	0.05058	0.15361	0.04243	0.01122	0.08256	0.01090	0.05900	0.00908	0.00662	0.02478	0.00178	0.09209	0.00508	0.00289	0.00638
58	0.00612	0.00437	0.00579	0.00689	0.00719	0.00408	0.00459	0.00700	0.00959	0.01281	0.04377	0.78534	0.03291	0.03519	0.00681	0.00208	0.00293	0.01389	0.00461	0.00404
59	0.01254	0.01078	0.01135	0.01017	0.01302	0.01247	0.00792	0.04317	0.76780	0.02109	0.02010	0.01845	0.01507	0.00675	0.00507	0.00169	0.00398	0.00561	0.00507	0.00790
60	0.10046	0.01164	0.09046	0.05013	0.04309	0.01048	0.02566	0.13468	0.07465	0.35737	0.01469	0.01420	0.00997	0.00582	0.00520	0.00158	0.03296	0.00457	0.00466	0.00772
61	0.00988	0.08417	0.61026	0.03067	0.01971	0.01138	0.03644	0.01471	0.01044	0.01511	0.01094	0.08788	0.00935	0.00591	0.00485	0.00160	0.00674	0.02070	0.00241	0.00686
62	0.01788	0.00777	0.01031	0.00830	0.01141	0.00699	0.00670	0.02068	0.06307	0.55229	0.21394	0.02217	0.02126	0.00722	0.00523	0.00156	0.00375	0.00606	0.00593	0.00749
63	0.00595	0.00500	0.00517	0.00524	0.00680	0.00421	0.00389	0.00722	0.01132	0.01365	0.07627	0.10712	0.70561	0.01276	0.00593	0.00171	0.00255	0.01074	0.00466	0.00421
64	0.09261	0.06641	0.11167	0.10255	0.03899	0.01169	0.10255	0.06406	0.04605	0.08981	0.03245	0.05381	0.01041	0.02363	0.00677	0.00172	0.11280	0.00501	0.02061	0.00641
65	0.00713	0.00485	0.00642	0.00723	0.00781	0.00463	0.00521	0.00831	0.01007	0.03439	0.07420	0.49237	0.03056	0.11599	0.00878	0.00239	0.00349	0.16747	0.00451	0.00419
66	0.01862	0.02376	0.01413	0.01284	0.01541	0.80482	0.00963	0.01990	0.01413	0.01220	0.00770	0.00899	0.00642	0.00514	0.00449	0.00128	0.00899	0.00321	0.00257	0.00578
67	0.01375	0.00977	0.01140	0.00838	0.01264	0.00842	0.00679	0.15927	0.01340	0.13488	0.01105	0.01163	0.00832	0.00449	0.00413	0.00100	0.00411	0.00355	0.00382	0.56920
68	0.76158	0.00950	0.00782	0.00683	0.01000	0.01073	0.00562	0.01579	0.00916	0.11343	0.00844	0.00914	0.00621	0.00481	0.00331	0.00154	0.00390	0.00297	0.00345	0.00576
69	0.01862	0.02376	0.01413	0.01284	0.01541	0.80482	0.00963	0.01990	0.01413	0.01220	0.00770	0.00899	0.00642	0.00514	0.00449	0.00128	0.00899	0.00321	0.00257	0.00578
70	0.00712	0.00534	0.00801	0.00801	0.00890	0.00623	0.00623	0.00890	0.00801	0.01157	0.01335	0.01958	0.01246	0.03738	0.80507	0.00801	0.01335	0.00534	0.00267	0.00445
71	0.01240	0.01071	0.01127	0.01014	0.01296	0.01240	0.00789	0.02649	0.78473	0.02085	0.02029	0.01860	0.01522	0.00676	0.00507	0.00169	0.00394	0.00564	0.00507	0.00789

[dist]
# distance from previous block
# <min> <max>
0	14

[block]
# block no. 1 follows, 50 sequences, length 155
# corresponding to MSA columns:
# 192-346
name=unknown_B
#
# <colnr> <probs for GDERKNQSTAVLIFYWHMCP>
#	G	D	E	R	K	N	Q	S	T	A	V	L	I	F	Y	W	H	M	C	P
0	0.00703	0.00509	0.00663	0.00625	0.00743	0.00469	0.00469	0.00937	0.01406	0.01987	0.77801	0.03742	0.06020	0.01023	0.00588	0.00157	0.00235	0.00904	0.00547	0.00469
1	0.00866	0.00433	0.00649	0.00649	0.00649	0.00433	0.00433	0.00649	0.00649	0.00866	0.00866	0.01515	0.00866	0.01732	0.01948	0.85498	0.00433	0.00433	0.00216	0.00216
2	0.01089	0.01110	0.01729	0.01418	0.01504	0.01447	0.13614	0.01252	0.00833	0.01263	0.00740	0.01167	0.00695	0.00914	0.04653	0.00233	0.65086	0.00465	0.00226	0.00562
3	0.00725	0.00483	0.00544	0.00544	0.00544	0.00483	0.00302	0.00725	0.00725	0.00966	0.01571	0.03262	0.01812	0.82483	0.02537	0.00483	0.00483	0.00725	0.00302	0.00302
4	0.00941	0.00886	0.01495	0.81285	0.03433	0.01107	0.01384	0.01274	0.00997	0.01274	0.00886	0.01329	0.00664	0.00498	0.00498	0.00166	0.00664	0.00443	0.00221	0.00554
5	0.00941	0.00886	0.01495	0.81285	0.03433	0.01107	0.01384	0.01274	0.00997	0.01274	0.00886	0.01329	0.00664	0.00498	0.00498	0.00166	0.00664	0.00443	0.00221	0.00554
6	0.00705	0.00530	0.00742	0.00766	0.00848	0.00504	0.04035	0.04005	0.01106	0.01498	0.16544	0.60726	0.03334	0.01370	0.00619	0.00190	0.00316	0.01244	0.00470	0.00448
7	0.00667	0.00501	0.00617	0.00602	0.00724	0.00452	0.00446	0.00860	0.01298	0.01765	0.53111	0.11269	0.23597	0.01131	0.00593	0.00164	0.00245	0.00988	0.00519	0.00452
8	0.00607	0.00436	0.00576	0.00689	0.00722	0.00405	0.00461	0.00695	0.00959	0.01274	0.02806	0.80172	0.05244	0.01554	0.00635	0.00202	0.00288	0.01408	0.00463	0.00405
9	0.02374	0.02502	0.75662	0.01454	0.03708	0.01159	0.03183	0.01576	0.01053	0.01590	0.00894	0.01057	0.00635	0.00472	0.00473	0.00158	0.00730	0.00372	0.00214	0.00733
10	0.01981	0.03850	0.05942	0.00965	0.01363	0.00960	0.00837	0.12127	0.09723	0.54171	0.01766	0.01580	0.01158	0.00606	0.00494	0.00154	0.00459	0.00485	0.00552	0.00828
11	0.00605	0.00441	0.00570	0.00674	0.00718	0.00407	0.00454	0.00696	0.00974	0.01280	0.02997	0.73775	0.11518	0.01529	0.00631	0.00199	0.00285	0.01377	0.00463	0.00407
12	0.17294	0.13725	0.05760	0.03227	0.07276	0.30500	0.00967	0.09748	0.01280	0.02691	0.00825	0.00959	0.00664	0.00503	0.00446	0.00139	0.02739	0.00337	0.00285	0.00635
13	0.05985	0.00821	0.01021	0.00854	0.01089	0.00850	0.00685	0.09428	0.04588	0.26726	0.25055	0.02289	0.04830	0.02425	0.01977	0.00180	0.09423	0.00623	0.00501	0.00649
14	0.01375	0.73549	0.04161	0.00905	0.01323	0.09287	0.00884	0.01541	0.01051	0.01186	0.00705	0.00814	0.00640	0.00436	0.00335	0.00110	0.00572	0.00274	0.00217	0.00636
15	0.00613	0.00434	0.00580	0.00693	0.00721	0.00405	0.00462	0.00693	0.00948	0.01264	0.02709	0.80513	0.03247	0.01565	0.00663	0.01942	0.00292	0.01397	0.00458	0.00401
16	0.01025	0.08609	0.04733	0.04871	0.01365	0.05488	0.06915	0.01209	0.02493	0.01263	0.01172	0.13329	0.01189	0.04983	0.07290	0.03166	0.28126	0.00594	0.01656	0.00526
17	0.04068	0.11555	0.43578	0.01481	0.09038	0.04400	0.08015	0.04220	0.01132	0.03558	0.02379	0.02611	0.00801	0.00500	0.00467	0.00151	0.00671	0.00412	0.00254	0.00707
18	0.01000	0.02578	0.79900	0.01421	0.02157	0.01158	0.01842	0.01579	0.01052	0.01579	0.00895	0.01052	0.00631	0.00474	0.00474	0.00158	0.00737	0.00368	0.00210	0.00737
19	0.00681	0.00507	0.00715	0.08604	0.01052	0.00509	0.00623	0.00821	0.00999	0.01318	0.02543	0.58357	0.02951	0.01419	0.00634	0.00205	0.00361	0.16834	0.00438	0.00431
20	0.01349	0.23046	0.24600	0.01449	0.12613	0.11461	0.03871	0.06380	0.01199	0.05483	0.00968	0.01102	0.01899	0.00495	0.00463	0.00140	0.02138	0.00377	0.00266	0.00701
21	0.00721	0.00485	0.00559	0.00562	0.00568	0.00489	0.00324	0.00733	0.00735	0.00985	0.01587	0.05164	0.01818	0.76033	0.06870	0.00494	0.00526	0.00731	0.00304	0.00313
22	0.00714	0.00553	0.00658	0.00643	0.00782	0.00521	0.00485	0.01006	0.07892	0.01738	0.41797	0.10350	0.25608	0.01119	0.00589	0.00168	0.00268	0.04122	0.00510	0.00478
23	0.07885	0.26023	0.38620	0.01229	0.02999	0.08041	0.04549	0.01591	0.01067	0.02622	0.00830	0.00970	0.00644	0.00462	0.00419	0.00140	0.00660	0.00339	0.00231	0.00679
24	0.02989	0.04304	0.04922	0.30481	0.08859	0.08164	0.08022	0.09595	0.02389	0.05185	0.01021	0.02423	0.00795	0.00541	0.00550	0.00158	0.05108	0.00452	0.03403	0.00640
25	0.00700	0.00606	0.00617	0.00627	0.00781	0.04134	0.00483	0.00871	0.02534	0.01432	0.11489	0.08993	0.52562	0.01226	0.00597	0.00175	0.00312	0.10955	0.00462	0.00443
26	0.02202	0.00872	0.01168	0.00899	0.01282	0.00772	0.00741	0.05046	0.03174	0.75333	0.01941	0.01683	0.01227	0.00618	0.00501	0.00154	0.00428	0.00501	0.00610	0.00847
27	0.10046	0.05043	0.25429	0.04544	0.18874	0.05788	0.03197	0.08912	0.01212	0.04464	0.01166	0.02555	0.03879	0.00550	0.00472	0.00154	0.00608	0.02115	0.00294	0.00697
28	0.11069	0.13738	0.08535	0.07565	0.07440	0.04180	0.00944	0.16526	0.03243	0.04647	0.02415	0.04737	0.03636	0.00598	0.00464	0.00147	0.01944	0.00461	0.07056	0.00656
29	0.01835	0.02335	0.01393	0.01267	0.01522	0.78761	0.00951	0.01963	0.01407	0.01223	0.00862	0.00983	0.02330	0.00530	0.00452	0.00129	0.00885	0.00337	0.00261	0.00574
30	0.01620	0.01170	0.01303	0.01028	0.01377	0.01254	0.00833	0.41248	0.14367	0.09990	0.01356	0.01414	0.01012	0.04044	0.00621	0.00160	0.04204	0.00463	0.00463	0.12073
31	0.01234	0.01184	0.02023	0.03059	0.79373	0.01184	0.01530	0.01530	0.01135	0.01628	0.00938	0.01234	0.00790	0.00444	0.00493	0.00148	0.00592	0.00444	0.00247	0.00790
32	0.01862	0.02376	0.01413	0.01284	0.01541	0.80482	0.00963	0.01990	0.01413	0.01220	0.00770	0.00899	0.00642	0.00514	0.00449	0.00128	0.00899	0.00321	0.00257	0.00578
33	0.00712	0.00534	0.00801	0.00801	0.00890	0.00623	0.00623	0.00890	0.00801	0.01157	0.01335	0.01958	0.01246	0.03738	0.80507	0.00801	0.01335	0.00534	0.00267	0.00445
34	0.01176	0.01345	0.02941	0.02101	0.02605	0.01261	0.77563	0.01597	0.01176	0.01597	0.01008	0.01345	0.00756	0.00420	0.00588	0.00168	0.00840	0.00588	0.00252	0.00672
35	0.00611	0.00488	0.00542	0.00575	0.00696	0.00426	0.00416	0.00729	0.01081	0.01338	0.06758	0.25169	0.50644	0.04759	0.00687	0.00192	0.00278	0.03738	0.00459	0.00415
36	0.00866	0.00433	0.00649	0.00649	0.00649	0.00433	0.00433	0.00649	0.00649	0.00866	0.00866	0.01515	0.00866	0.01732	0.01948	0.85498	0.00433	0.00433	0.00216	0.00216
37	0.01094	0.01101	0.01586	0.01342	0.01363	0.01516	0.04312	0.01216	0.00781	0.01216	0.00669	0.01101	0.00659	0.00853	0.01592	0.00216	0.78170	0.00443	0.00220	0.00551
38	0.01091	0.01091	0.01527	0.01309	0.01309	0.01527	0.01091	0.01200	0.00763	0.01200	0.00654	0.01091	0.00654	0.00872	0.01636	0.00218	0.81570	0.00436	0.00218	0.00545
39	0.00980	0.00926	0.01566	0.70835	0.13577	0.01118	0.01404	0.01308	0.01015	0.01321	0.00893	0.01316	0.00681	0.00491	0.00498	0.00164	0.00655	0.00443	0.00225	0.00585
40	0.00941	0.00886	0.01495	0.81285	0.03433	0.01107	0.01384	0.01274	0.00997	0.01274	0.00886	0.01329	0.00664	0.00498	0.00498	0.00166	0.00664	0.00443	0.00221	0.00554
41	0.00866	0.00433	0.00649	0.00649	0.00649	0.00433	0.00433	0.00649	0.00649	0.00866	0.00866	0.01515	0.00866	0.01732	0.01948	0.85498	0.00433	0.00433	0.00216	0.00216
42	0.00701	0.00489	0.00644	0.00657	0.00747	0.00452	0.00473	0.00880	0.01244	0.03312	0.49528	0.32456	0.04117	0.01210	0.00604	0.00173	0.00259	0.01082	0.00519	0.00454
43	0.02079	0.00813	0.01106	0.00860	0.01218	0.00706	0.00706	0.02276	0.01425	0.71730	0.09895	0.01905	0.01590	0.00658	0.00510	0.00154	0.00405	0.00542	0.00610	0.00809
44	0.01011	0.02501	0.75052	0.01464	0.02186	0.01164	0.06611	0.01580	0.01060	0.01580	0.00902	0.01071	0.00639	0.00470	0.00481	0.00158	0.00743	0.00382	0.00213	0.00733
45	0.01215	0.01174	0.01950	0.07596	0.71912	0.02575	0.01488	0.01506	0.01132	0.01594	0.01015	0.01305	0.02365	0.00465	0.00495	0.00149	0.00595	0.00454	0.00250	0.00764
46	0.00639	0.00479	0.00665	0.08440	0.00983	0.00473	0.00550	0.00750	0.00962	0.01274	0.02611	0.72963	0.04438	0.01454	0.00622	0.00198	0.00325	0.01317	0.00440	0.00419
47	0.86003	0.00964	0.00733	0.00655	0.00964	0.01118	0.00540	0.01465	0.00848	0.02236	0.00694	0.00810	0.00540	0.00463	0.00308	0.00154	0.00386	0.00270	0.00308	0.00540
48	0.01340	0.00938	0.01137	0.00985	0.06197	0.00857	0.00727	0.06198	0.15962	0.16653	0.01481	0.04640	0.02511	0.00557	0.00451	0.00123	0.00404	0.00463	0.00415	0.37962
49	0.06281	0.35388	0.23343	0.01082	0.03042	0.09018	0.01107	0.03515	0.01134	0.07061	0.04168	0.01085	0.00854	0.00493	0.00406	0.00133	0.00596	0.00351	0.00273	0.00670
50	0.01671	0.00741	0.00970	0.00786	0.01076	0.00662	0.00633	0.04494	0.01420	0.48580	0.22428	0.02372	0.05886	0.00751	0.00520	0.00153	0.00360	0.00630	0.05160	0.00707
51	0.03501	0.00780	0.01030	0.09511	0.01352	0.00773	0.00745	0.01838	0.11774	0.34027	0.19827	0.03832	0.02150	0.00771	0.00532	0.00164	0.00401	0.05788	0.00522	0.00679
52	0.09290	0.02918	0.04431	0.05889	0.05376	0.25512	0.02449	0.06069	0.12774	0.07750	0.01264	0.01360	0.03447	0.00725	0.04160	0.01616	0.00649	0.00428	0.00343	0.03550
53	0.01305	0.07972	0.05288	0.13631	0.28122	0.09777	0.06255	0.05562	0.01219	0.06950	0.02462	0.03044	0.03605	0.00556	0.00493	0.00151	0.00614	0.02010	0.00300	0.00684
54	0.01000	0.02578	0.79900	0.01421	0.02157	0.01158	0.01842	0.01579	0.01052	0.01579	0.00895	0.01052	0.00631	0.00474	0.00474	0.00158	0.00737	0.00368	0.00210	0.00737
55	0.00671	0.00520	0.00703	0.00775	0.00800	0.00552	0.00545	0.00760	0.00929	0.01263	0.02473	0.71525	0.02950	0.01471	0.00767	0.00204	0.10950	0.01288	0.00431	0.00423
56	0.01075	0.10559	0.53279	0.03497	0.06467	0.03150	0.09162	0.01547	0.01064	0.01510	0.00899	0.01100	0.00676	0.00575	0.03209	0.00175	0.00740	0.00390	0.00220	0.00705
57	0.00719	0.00483	0.00556	0.00561	0.00566	0.00486	0.00322	0.00731	0.00738	0.00987	0.01610	0.06538	0.01851	0.75749	0.05741	0.00485	0.00511	0.00746	0.00307	0.00312
58	0.01239	0.01064	0.01120	0.01005	0.01287	0.01227	0.00783	0.04273	0.74910	0.02091	0.02083	0.01916	0.03382	0.00689	0.00509	0.00169	0.00394	0.00573	0.00506	0.00781
59	0.02804	0.01205	0.10209	0.27126	0.37130	0.01115	0.03337	0.01488	0.01094	0.05738	0.01022	0.01399	0.00816	0.00502	0.00498	0.00158	0.00619	0.02781	0.00263	0.00695
60	0.05147	0.01271	0.04632	0.09678	0.44071	0.08590	0.01294	0.06631	0.02584	0.01667	0.01166	0.01491	0.04133	0.00548	0.00517	0.00154	0.02401	0.03036	0.00284	0.00706
61	0.00691	0.00523	0.00573	0.00561	0.00727	0.00449	0.00428	0.00840	0.01187	0.05045	0.15747	0.05897	0.60033	0.01207	0.00590	0.00169	0.00267	0.04135	0.00482	0.00449
62	0.00639	0.00448	0.00568	0.00650	0.00673	0.00426	0.00418	0.00703	0.00895	0.01191	0.02467	0.59389	0.04190	0.23554	0.01152	0.00278	0.00341	0.01223	0.00419	0.00377
63	0.03550	0.03031	0.01467	0.01102	0.01483	0.01302	0.05454	0.50316	0.01947	0.18245	0.01368	0.03190	0.00988	0.01838	0.00527	0.00156	0.00524	0.00487	0.02222	0.00800
64	0.00879	0.08084	0.05463	0.03730	0.01264	0.05393	0.10417	0.01070	0.01059	0.01354	0.03616	0.33395	0.11899	0.01077	0.00610	0.00179	0.03292	0.06343	0.00373	0.00504
65	0.01333	0.82783	0.02612	0.00853	0.01279	0.01972	0.00853	0.01493	0.01013	0.01173	0.00693	0.00800	0.00640	0.00426	0.00320	0.00107	0.00533	0.00267	0.00213	0.00640
66	0.06670	0.00884	0.01142	0.00881	0.01264	0.00796	0.00726	0.05499	0.03183	0.66942	0.01817	0.01601	0.01164	0.00598	0.00485	0.00151	0.00424	0.00479	0.00578	0.04717
67	0.01234	0.01184	0.02023	0.03059	0.79373	0.01184	0.01530	0.01530	0.01135	0.01628	0.00938	0.01234	0.00790	0.00444	0.00493	0.00148	0.00592	0.00444	0.00247	0.00790
68	0.01675	0.02064	0.01440	0.01290	0.01485	0.61322	0.00994	0.01798	0.01255	0.01215	0.00742	0.00945	0.00645	0.00601	0.00737	0.00150	0.20475	0.00349	0.00247	0.00570
69	0.00712	0.00534	0.00801	0.00801	0.00890	0.00623	0.00623	0.00890	0.00801	0.01157	0.01335	0.01958	0.01246	0.03738	0.80507	0.00801	0.01335	0.00534	0.00267	0.00445
70	0.01091	0.01091	0.01527	0.01309	0.01309	0.01527	0.01091	0.01200	0.00763	0.01200	0.00654	0.01091	0.00654	0.00872	0.01636	0.00218	0.81570	0.00436	0.00218	0.00545
71	0.02230	0.00858	0.01163	0.00892	0.01277	0.00748	0.00737	0.03824	0.01444	0.78300	0.01952	0.01687	0.01227	0.00617	0.00501	0.00154	0.00426	0.00500	0.00615	0.00848
72	0.00866	0.00433	0.00649	0.00649	0.00649	0.00433	0.00433	0.00649	0.00649	0.00866	0.00866	0.01515	0.00866	0.01732	0.01948	0.85498	0.00433	0.00433	0.00216	0.00216
73	0.01895	0.01396	0.01496	0.01147	0.01546	0.01546	0.00947	0.77711	0.02344	0.03141	0.01197	0.01197	0.00848	0.00598	0.00499	0.00150	0.00548	0.00449	0.00499	0.00848
74	0.01081	0.01076	0.01508	0.01296	0.01298	0.01504	0.01079	0.01192	0.00764	0.01198	0.00672	0.01113	0.00669	0.00946	0.03660	0.00233	0.79512	0.00439	0.00219	0.00543
75	0.00941	0.00886	0.01495	0.81285	0.03433	0.01107	0.01384	0.01274	0.00997	0.01274	0.00886	0.01329	0.00664	0.00498	0.00498	0.00166	0.00664	0.00443	0.00221	0.00554
76	0.01178	0.01341	0.02921	0.02121	0.04255	0.01259	0.75929	0.01595	0.01176	0.01597	0.01007	0.01342	0.00757	0.00421	0.00586	0.00168	0.00835	0.00585	0.00252	0.00675
77	0.00866	0.00433	0.00649	0.00649	0.00649	0.00433	0.00433	0.00649	0.00649	0.00866	0.00866	0.01515	0.00866	0.01732	0.01948	0.85498	0.00433	0.00433	0.00216	0.00216
78	0.00807	0.00563	0.00717	0.00667	0.00805	0.00534	0.00503	0.02570	0.05034	0.05028	0.66102	0.07126	0.05602	0.01008	0.00581	0.00159	0.00259	0.00887	0.00543	0.00504
79	0.00607	0.00434	0.00578	0.00694	0.00723	0.00405	0.00463	0.00694	0.00954	0.01272	0.02747	0.82157	0.03297	0.01562	0.00636	0.00202	0.00289	0.01417	0.00463	0.00405
80	0.01095	0.01318	0.08315	0.10166	0.02513	0.01171	0.58121	0.01492	0.01132	0.01537	0.01121	0.07524	0.00932	0.00520	0.00574	0.00170	0.00772	0.00620	0.00262	0.00644
81	0.01861	0.01160	0.07681	0.01089	0.05572	0.07467	0.00886	0.05230	0.08587	0.48092	0.05852	0.01657	0.01309	0.00614	0.00499	0.00153	0.00490	0.00498	0.00515	0.00788
82	0.00611	0.00435	0.00577	0.00689	0.00717	0.00408	0.00457	0.00695	0.00946	0.01262	0.02707	0.79457	0.03246	0.04331	0.00701	0.00212	0.00296	0.01393	0.00457	0.00401
83	0.82117	0.04719	0.00819	0.00665	0.00978	0.01157	0.00554	0.01466	0.00856	0.02188	0.00694	0.00809	0.00544	0.00461	0.00309	0.00152	0.00392	0.00270	0.00304	0.00544
84	0.82117	0.04719	0.00819	0.00665	0.00978	0.01157	0.00554	0.01466	0.00856	0.02188	0.00694	0.00809	0.00544	0.00461	0.00309	0.00152	0.00392	0.00270	0.00304	0.00544
85	0.00866	0.00433	0.00649	0.00649	0.00649	0.00433	0.00433	0.00649	0.00649	0.00866	0.00866	0.01515	0.00866	0.01732	0.01948	0.85498	0.00433	0.00433	0.00216	0.00216
86	0.01065	0.07437	0.69996	0.01387	0.02084	0.01228	0.03262	0.05068	0.01112	0.01626	0.00898	0.01049	0.00644	0.00475	0.00468	0.00155	0.00718	0.00370	0.00225	0.00734
87	0.06425	0.36817	0.04826	0.01186	0.07016	0.14041	0.05468	0.08279	0.04911	0.01518	0.00865	0.01007	0.00723	0.00532	0.00473	0.04048	0.00602	0.00349	0.00270	0.00646
88	0.01000	0.02578	0.79900	0.01421	0.02157	0.01158	0.01842	0.01579	0.01052	0.01579	0.00895	0.01052	0.00631	0.00474	0.00474	0.00158	0.00737	0.00368	0.00210	0.00737
89	0.00611	0.00437	0.00583	0.00698	0.00729	0.00408	0.00469	0.00701	0.00958	0.01277	0.02745	0.80668	0.03288	0.01558	0.00637	0.00203	0.00292	0.02869	0.00463	0.00406
90	0.02879	0.45518	0.09043	0.01063	0.01501	0.05771	0.08599	0.02876	0.04080	0.12917	0.00993	0.01060	0.00773	0.00475	0.00403	0.00129	0.00578	0.00359	0.00296	0.00686
91	0.00713	0.00531	0.00787	0.00787	0.00871	0.00615	0.00606	0.00881	0.00797	0.01147	0.01348	0.02029	0.01277	0.07993	0.76295	0.00784	0.01289	0.00544	0.00269	0.00437
92	0.00912	0.00463	0.00471	0.00477	0.00588	0.00461	0.00355	0.01136	0.01040	0.01827	0.01687	0.06197	0.01387	0.00634	0.00364	0.00121	0.00235	0.00516	0.80669	0.00461
93	0.04244	0.06215	0.01812	0.03148	0.05588	0.13304	0.20608	0.10873	0.01270	0.03285	0.05178	0.01327	0.00974	0.00582	0.00681	0.00159	0.14114	0.00472	0.05531	0.00635
94	0.01106	0.01647	0.26272	0.01867	0.11311	0.01189	0.36214	0.01586	0.04669	0.01599	0.01143	0.01443	0.02813	0.00505	0.00567	0.00165	0.02756	0.02190	0.00260	0.00697
95	0.00618	0.00441	0.00591	0.00706	0.00740	0.00414	0.00481	0.00712	0.00965	0.01284	0.02741	0.78022	0.03274	0.01552	0.00639	0.00204	0.00298	0.05447	0.00462	0.00408
96	0.00607	0.00435	0.00577	0.00690	0.00722	0.00405	0.00461	0.00694	0.00958	0.01274	0.02792	0.80640	0.04785	0.01556	0.00635	0.00202	0.00288	0.01410	0.00463	0.00405
97	0.03295	0.03477	0.53775	0.01644	0.11404	0.01193	0.10259	0.04793	0.01132	0.03096	0.00936	0.01115	0.00682	0.00471	0.00484	0.00156	0.00705	0.00404	0.00242	0.00736
98	0.01239	0.23874	0.37773	0.01210	0.01750	0.05831	0.05938	0.01605	0.01100	0.08176	0.01118	0.01221	0.04299	0.00517	0.00470	0.00144	0.02385	0.00396	0.00263	0.00689
99	0.01333	0.82783	0.02612	0.00853	0.01279	0.01972	0.00853	0.01493	0.01013	0.01173	0.00693	0.00800	0.00640	0.00426	0.00320	0.00107	0.00533	0.00267	0.00213	0.00640
100	0.00698	0.00549	0.00618	0.00589	0.00747	0.00494	0.00448	0.04342	0.01297	0.01682	0.33232	0.04235	0.45617	0.01141	0.00586	0.00164	0.00263	0.02342	0.00497	0.00460
101	0.00792	0.00510	0.00623	0.00611	0.00646	0.00523	0.00386	0.00836	0.00772	0.04619	0.01542	0.02929	0.01672	0.62979	0.18035	0.00532	0.00651	0.00676	0.00309	0.00356
102	0.01862	0.02376	0.01413	0.01284	0.01541	0.80482	0.00963	0.01990	0.01413	0.01220	0.00770	0.00899	0.00642	0.00514	0.00449	0.00128	0.00899	0.00321	0.00257	0.00578
103	0.01862	0.02376	0.01413	0.01284	0.01541	0.80482	0.00963	0.01990	0.01413	0.01220	0.00770	0.00899	0.00642	0.00514	0.00449	0.00128	0.00899	0.00321	0.00257	0.00578
104	0.01895	0.01396	0.01496	0.01147	0.01546	0.01546	0.00947	0.77711	0.02344	0.03141	0.01197	0.01197	0.00848	0.00598	0.00499	0.00150	0.00548	0.00449	0.00499	0.00848
105	0.02154	0.00830	0.01130	0.00873	0.01244	0.00718	0.00718	0.02349	0.01426	0.75520	0.06134	0.01806	0.01421	0.00639	0.00506	0.00154	0.00414	0.00523	0.00613	0.00828
106	0.00866	0.00433	0.00649	0.00649	0.00649	0.00433	0.00433	0.00649	0.00649	0.00866	0.00866	0.01515	0.00866	0.01732	0.01948	0.85498	0.00433	0.00433	0.00216	0.00216
107	0.01862	0.02376	0.01413	0.01284	0.01541	0.80482	0.00963	0.01990	0.01413	0.01220	0.00770	0.00899	0.00642	0.00514	0.00449	0.00128	0.00899	0.00321	0.00257	0.00578
108	0.01176	0.01345	0.02941	0.02101	0.02605	0.01261	0.77563	0.01597	0.01176	0.01597	0.01008	0.01345	0.00756	0.00420	0.00588	0.00168	0.00840	0.00588	0.00252	0.00672
109	0.00941	0.00886	0.01495	0.81285	0.03433	0.01107	0.01384	0.01274	0.00997	0.01274	0.00886	0.01329	0.00664	0.00498	0.00498	0.00166	0.00664	0.00443	0.00221	0.00554
110	0.00737	0.00565	0.00783	0.00781	0.00863	0.02222	0.00592	0.00893	0.00805	0.01136	0.01351	0.02089	0.01300	0.12867	0.69785	0.00750	0.01227	0.00552	0.00271	0.00431
111	0.00713	0.00483	0.00569	0.00580	0.00590	0.00488	0.00345	0.00736	0.00753	0.01012	0.01661	0.10567	0.01903	0.68077	0.09089	0.00484	0.00539	0.00773	0.00314	0.00324
112	0.00721	0.00529	0.00679	0.00638	0.00762	0.00496	0.00479	0.00994	0.04042	0.01988	0.74881	0.03683	0.06195	0.01013	0.00585	0.00157	0.00241	0.00893	0.00545	0.00480
113	0.00615	0.00506	0.00541	0.00532	0.00689	0.00432	0.00399	0.00766	0.01198	0.01494	0.21744	0.04555	0.62384	0.01208	0.00589	0.00166	0.00249	0.01018	0.00482	0.00432
114	0.01229	0.01061	0.01116	0.01006	0.01285	0.01226	0.00782	0.02615	0.77134	0.02072	0.02081	0.01911	0.02865	0.00686	0.00509	0.00169	0.00392	0.00572	0.00506	0.00783
115	0.01133	0.01112	0.01624	0.52505	0.19421	0.08151	0.02557	0.04953	0.01128	0.01437	0.00903	0.01265	0.00699	0.00492	0.00494	0.00158	0.00667	0.00435	0.00243	0.00622
116	0.01808	0.04775	0.01496	0.01107	0.01485	0.01514	0.00919	0.69232	0.02192	0.02955	0.01183	0.01208	0.00854	0.00597	0.00510	0.00148	0.02391	0.00442	0.04370	0.00814
117	0.01034	0.00886	0.01034	0.00738	0.01181	0.00664	0.00591	0.01255	0.01034	0.01624	0.00886	0.01034	0.00738	0.00369	0.00369	0.00074	0.00369	0.00295	0.00295	0.85530
118	0.02935	0.01941	0.00884	0.02357	0.00976	0.00737	0.02136	0.13546	0.01178	0.05799	0.03472	0.34688	0.06012	0.17066	0.00994	0.00240	0.03180	0.00932	0.00422	0.00503
119	0.00648	0.00478	0.00633	0.04089	0.00852	0.00460	0.00508	0.02393	0.00996	0.01317	0.02760	0.72814	0.07232	0.01480	0.00625	0.00198	0.00309	0.01335	0.00453	0.00422
120	0.86003	0.00964	0.00733	0.00655	0.00964	0.01118	0.00540	0.01465	0.00848	0.02236	0.00694	0.00810	0.00540	0.00463	0.00308	0.00154	0.00386	0.00270	0.00308	0.00540
121	0.86003	0.00964	0.00733	0.00655	0.00964	0.01118	0.00540	0.01465	0.00848	0.02236	0.00694	0.00810	0.00540	0.00463	0.00308	0.00154	0.00386	0.00270	0.00308	0.00540
122	0.00609	0.00437	0.00579	0.00688	0.00722	0.00407	0.00461	0.00700	0.00968	0.01290	0.04459	0.78680	0.05067	0.01543	0.00634	0.00201	0.00287	0.01397	0.00465	0.00407
123	0.01239	0.02762	0.14320	0.01818	0.24079	0.02687	0.15418	0.01587	0.02684	0.11079	0.08993	0.01683	0.03249	0.00584	0.00573	0.00159	0.04313	0.01743	0.00329	0.00702
124	0.03955	0.00933	0.02385	0.00953	0.01335	0.00834	0.04275	0.09380	0.01475	0.60407	0.05947	0.01701	0.01329	0.00618	0.00503	0.00153	0.00448	0.00511	0.00567	0.02292
125	0.00880	0.00594	0.00816	0.00897	0.01031	0.00588	0.00776	0.01129	0.02676	0.05747	0.05778	0.05241	0.04579	0.01305	0.00668	0.00220	0.00442	0.65676	0.00472	0.00486
126	0.00943	0.00883	0.01485	0.73663	0.07422	0.01082	0.01353	0.01263	0.01002	0.01293	0.00967	0.04729	0.00782	0.00540	0.00504	0.00167	0.00645	0.00484	0.00233	0.00560
127	0.01198	0.35887	0.43167	0.01167	0.01750	0.04201	0.01374	0.01577	0.01057	0.03285	0.00832	0.00958	0.00650	0.00459	0.00409	0.00135	0.00650	0.00328	0.00223	0.00694
128	0.01737	0.01283	0.01387	0.01083	0.01448	0.01400	0.00882	0.67073	0.02150	0.02891	0.01309	0.07384	0.01049	0.02326	0.00545	0.00157	0.00520	0.00521	0.00483	0.04370
129	0.01000	0.02578	0.79900	0.01421	0.02157	0.01158	0.01842	0.01579	0.01052	0.01579	0.00895	0.01052	0.00631	0.00474	0.00474	0.00158	0.00737	0.00368	0.00210	0.00737
130	0.00721	0.00526	0.00680	0.00650	0.00769	0.00495	0.00488	0.00988	0.04018	0.01952	0.70703	0.07938	0.04479	0.01044	0.00590	0.00161	0.00248	0.02532	0.00541	0.00477
131	0.03323	0.18255	0.01658	0.11123	0.10824	0.15006	0.00991	0.18362	0.01385	0.03258	0.01071	0.07142	0.00931	0.00591	0.00473	0.00143	0.01900	0.00457	0.02446	0.00661
132	0.00713	0.00529	0.00775	0.00775	0.00855	0.00609	0.00591	0.00873	0.00793	0.01138	0.01359	0.02090	0.01303	0.11706	0.72618	0.00769	0.01249	0.00553	0.00271	0.00431
133	0.01300	0.00998	0.01070	0.00952	0.01227	0.01127	0.00743	0.03809	0.63206	0.08313	0.01969	0.01835	0.01462	0.00661	0.00491	0.00162	0.00383	0.00547	0.08984	0.00762
134	0.00709	0.00537	0.00628	0.00612	0.00749	0.00501	0.00456	0.00976	0.06517	0.01728	0.39629	0.10688	0.27675	0.01096	0.00574	0.00163	0.00256	0.00947	0.05087	0.00470
135	0.04946	0.11242	0.39898	0.01593	0.13455	0.03211	0.09381	0.01575	0.01090	0.04232	0.00988	0.01281	0.00780	0.00502	0.00473	0.00154	0.00668	0.03577	0.00250	0.00706
136	0.02186	0.00860	0.01155	0.00893	0.01274	0.00758	0.00735	0.02440	0.05339	0.75776	0.01970	0.01705	0.01248	0.00620	0.00502	0.00155	0.00423	0.00504	0.00611	0.00845
137	0.00590	0.00502	0.00508	0.00514	0.00676	0.00420	0.00383	0.00714	0.01128	0.01343	0.04943	0.08383	0.75653	0.01276	0.00591	0.00170	0.00254	0.01069	0.00463	0.00420
138	0.00753	0.00631	0.00943	0.15220	0.04924	0.00652	0.03945	0.00951	0.02408	0.01387	0.08298	0.40031	0.11353	0.01161	0.00614	0.00185	0.02050	0.03613	0.00403	0.00479
139	0.03936	0.01018	0.04530	0.00981	0.01338	0.00943	0.04302	0.13029	0.11971	0.40809	0.05878	0.01775	0.01371	0.05048	0.00614	0.00174	0.00462	0.00528	0.00522	0.00770
140	0.01627	0.01675	0.01383	0.03935	0.07440	0.41200	0.02193	0.08545	0.01378	0.09025	0.04587	0.01274	0.00968	0.00751	0.05073	0.00180	0.05272	0.00416	0.02451	0.00628
141	0.01034	0.00886	0.01034	0.00738	0.01181	0.00664	0.00591	0.01255	0.01034	0.01624	0.00886	0.01034	0.00738	0.00369	0.00369	0.00074	0.00369	0.00295	0.00295	0.85530
142	0.02683	0.07871	0.42583	0.04151	0.01935	0.03057	0.10052	0.01673	0.04381	0.10537	0.03774	0.03074	0.00951	0.00534	0.00485	0.00156	0.00651	0.00451	0.00295	0.00707
143	0.01862	0.02376	0.01413	0.01284	0.01541	0.80482	0.00963	0.01990	0.01413	0.01220	0.00770	0.00899	0.00642	0.00514	0.00449	0.00128	0.00899	0.00321	0.00257	0.00578
144	0.01000	0.02578	0.79900	0.01421	0.02157	0.01158	0.01842	0.01579	0.01052	0.01579	0.00895	0.01052	0.00631	0.00474	0.00474	0.00158	0.00737	0.00368	0.00210	0.00737
145	0.01871	0.01374	0.01471	0.01130	0.01522	0.01520	0.00933	0.75862	0.02312	0.03110	0.01207	0.01213	0.00858	0.00598	0.00495	0.00149	0.00541	0.00449	0.02546	0.00838
146	0.01345	0.01027	0.01169	0.00866	0.01286	0.00923	0.00701	0.23822	0.01439	0.06284	0.01067	0.02486	0.00840	0.00470	0.00419	0.00103	0.00424	0.00371	0.00375	0.54583
147	0.00866	0.00433	0.00649	0.00649	0.00649	0.00433	0.00433	0.00649	0.00649	0.00866	0.00866	0.01515	0.00866	0.01732	0.01948	0.85498	0.00433	0.00433	0.00216	0.00216
148	0.00934	0.00876	0.01475	0.79534	0.03374	0.01092	0.01364	0.01261	0.00996	0.01274	0.00926	0.03085	0.00722	0.00521	0.00501	0.00167	0.00656	0.00464	0.00227	0.00550
149	0.00712	0.00534	0.00801	0.00801	0.00890	0.00623	0.00623	0.00890	0.00801	0.01157	0.01335	0.01958	0.01246	0.03738	0.80507	0.00801	0.01335	0.00534	0.00267	0.00445
150	0.00607	0.00434	0.00578	0.00694	0.00723	0.00405	0.00463	0.00694	0.00954	0.01272	0.02747	0.82157	0.03297	0.01562	0.00636	0.00202	0.00289	0.01417	0.00463	0.00405
151	0.05603	0.00958	0.01574	0.59147	0.20562	0.01125	0.01372	0.01342	0.01020	0.01406	0.00887	0.01279	0.00686	0.00484	0.00487	0.00161	0.00633	0.00434	0.00232	0.00607
152	0.80186	0.00956	0.00762	0.00672	0.00985	0.01091	0.00553	0.01532	0.00888	0.07617	0.00782	0.00871	0.00588	0.00473	0.00322	0.00154	0.00388	0.00286	0.00330	0.00561
153	0.00607	0.00434	0.00578	0.00694	0.00723	0.00405	0.00463	0.00694	0.00954	0.01272	0.02747	0.82157	0.03297	0.01562	0.00636	0.00202	0.00289	0.01417	0.00463	0.00405
154	0.00715	0.00522	0.00741	0.00741	0.00809	0.00590	0.00548	0.00852	0.00783	0.01113	0.01390	0.02262	0.01378	0.22085	0.62341	0.00727	0.01137	0.00579	0.00275	0.00412

[dist]
# distance from previous block
# <min> <max>
0	1

[block]
# block no. 2 follows, 50 sequences, length 24
# corresponding to MSA columns:
# 348-371
name=unknown_C
#
# <colnr> <probs for GDERKNQSTAVLIFYWHMCP>
#	G	D	E	R	K	N	Q	S	T	A	V	L	I	F	Y	W	H	M	C	P
0	0.01227	0.01156	0.01895	0.05274	0.67217	0.03269	0.02464	0.01506	0.01135	0.03452	0.01066	0.06117	0.00943	0.00519	0.00503	0.00152	0.00584	0.00503	0.00268	0.00753
1	0.32508	0.35583	0.01666	0.00873	0.01220	0.18437	0.00762	0.01589	0.01038	0.01573	0.00710	0.00825	0.00604	0.00458	0.00343	0.00129	0.00557	0.00279	0.00257	0.00590
2	0.01362	0.54337	0.16633	0.01028	0.01485	0.13565	0.01053	0.03128	0.01107	0.01294	0.00752	0.00869	0.00643	0.00452	0.00371	0.00120	0.00626	0.00297	0.00225	0.00652
3	0.01290	0.01252	0.01339	0.01333	0.11513	0.15247	0.05501	0.04279	0.31277	0.02999	0.04382	0.01960	0.06269	0.00669	0.00511	0.00156	0.00530	0.04443	0.00401	0.04647
4	0.01510	0.02725	0.11051	0.01544	0.08006	0.18581	0.18329	0.16241	0.04379	0.07144	0.01074	0.01222	0.00807	0.00602	0.02606	0.00169	0.02522	0.00450	0.00329	0.00709
5	0.01484	0.00969	0.01149	0.00964	0.01239	0.01011	0.02336	0.32669	0.07353	0.15997	0.04538	0.24487	0.01795	0.00893	0.00544	0.00168	0.00436	0.00761	0.00507	0.00701
6	0.00712	0.00457	0.00612	0.00661	0.00695	0.00436	0.00440	0.00706	0.00839	0.01123	0.02031	0.41479	0.04859	0.11095	0.03711	0.25876	0.00388	0.00972	0.00360	0.02549
7	0.00761	0.00537	0.00649	0.00625	0.00772	0.00485	0.00474	0.00972	0.02986	0.06094	0.39332	0.09683	0.29534	0.01125	0.00589	0.00167	0.00268	0.03957	0.00513	0.00477
8	0.01529	0.03414	0.08475	0.04699	0.08058	0.27015	0.05810	0.10173	0.11317	0.07822	0.01249	0.01330	0.02744	0.00555	0.00480	0.00146	0.00658	0.00438	0.03402	0.00686
9	0.05237	0.65043	0.02321	0.05034	0.01402	0.06166	0.00873	0.04715	0.01092	0.03189	0.00759	0.00871	0.00659	0.00448	0.00347	0.00116	0.00551	0.00292	0.00242	0.00641
10	0.01357	0.05021	0.07072	0.03061	0.01448	0.08978	0.00855	0.21596	0.05538	0.01971	0.01035	0.02223	0.00820	0.00490	0.00431	0.00116	0.00512	0.00376	0.00347	0.36752
11	0.01106	0.05469	0.09161	0.25331	0.02449	0.03673	0.28936	0.05859	0.01176	0.01554	0.04605	0.06240	0.01046	0.00558	0.00530	0.00163	0.00687	0.00556	0.00278	0.00623
12	0.00732	0.00519	0.00643	0.00609	0.00746	0.00466	0.00458	0.00934	0.01332	0.04731	0.55990	0.06151	0.22680	0.01079	0.00586	0.00161	0.00248	0.00938	0.00528	0.00471
