[name]
unknown

[dist]
# distance from previous block
# <min> <max>
0	66

[block]
# block no. 0 follows, 45 sequences, length 71
# corresponding to MSA columns:
# 66-136
name=unknown_A
#
# <colnr> <probs for GDERKNQSTAVLIFYWHMCP>
#	G	D	E	R	K	N	Q	S	T	A	V	L	I	F	Y	W	H	M	C	P
0	0.01270	0.01200	0.02032	0.07519	0.66838	0.01213	0.01570	0.01585	0.01215	0.01719	0.01166	0.01745	0.01037	0.00569	0.00550	0.00168	0.00630	0.06886	0.00284	0.00805
1	0.00753	0.00511	0.00591	0.00614	0.00625	0.00503	0.00360	0.00774	0.00840	0.01114	0.02040	0.17868	0.04540	0.64007	0.02290	0.00454	0.00474	0.00929	0.00363	0.00350
2	0.81755	0.01056	0.00820	0.00726	0.01062	0.01222	0.00598	0.04426	0.00975	0.02446	0.00768	0.00888	0.00594	0.00504	0.00340	0.00166	0.00422	0.00298	0.00340	0.00594
3	0.00820	0.00592	0.00753	0.00814	0.00903	0.00587	0.00595	0.07363	0.01190	0.01581	0.04551	0.50471	0.05947	0.05754	0.03950	0.00257	0.00417	0.12487	0.00486	0.00485
4	0.02293	0.00950	0.01326	0.01161	0.08015	0.00842	0.00865	0.02536	0.02990	0.70022	0.02023	0.01787	0.01293	0.00649	0.00539	0.00166	0.00472	0.00536	0.00627	0.00907
5	0.82799	0.01050	0.00810	0.00719	0.01054	0.01216	0.00593	0.03489	0.00955	0.02433	0.00761	0.00883	0.00590	0.00502	0.00337	0.00166	0.00420	0.00296	0.00337	0.00590
6	0.77659	0.01048	0.00826	0.00740	0.01069	0.01216	0.00605	0.01689	0.07513	0.02394	0.00872	0.00970	0.00673	0.00518	0.00351	0.00167	0.00416	0.00318	0.00351	0.00605
7	0.00650	0.00546	0.00567	0.00579	0.00752	0.00463	0.00440	0.00792	0.01218	0.01458	0.05195	0.07516	0.70521	0.01377	0.00643	0.00187	0.00287	0.05856	0.00498	0.00455
8	0.01132	0.00971	0.01122	0.00821	0.01283	0.00769	0.00655	0.01482	0.07695	0.01792	0.01061	0.01190	0.00868	0.00426	0.00410	0.00088	0.00400	0.00343	0.00338	0.77151
9	0.01077	0.02777	0.78354	0.01530	0.02323	0.01247	0.01983	0.01700	0.01133	0.01700	0.00963	0.01133	0.00680	0.00510	0.00510	0.00170	0.00793	0.00397	0.00227	0.00793
10	0.01014	0.00954	0.01610	0.79845	0.03697	0.01193	0.01491	0.01371	0.01073	0.01371	0.00954	0.01431	0.00716	0.00537	0.00537	0.00179	0.00716	0.00477	0.00239	0.00596
11	0.01067	0.01009	0.01706	0.66866	0.16259	0.01207	0.01517	0.01418	0.01099	0.01436	0.00964	0.01414	0.00738	0.00527	0.00536	0.00176	0.00702	0.00477	0.00243	0.00639
12	0.00747	0.00541	0.00705	0.00678	0.00798	0.00499	0.00503	0.00984	0.01469	0.02067	0.69254	0.10713	0.06712	0.01155	0.00638	0.00173	0.00259	0.01023	0.00581	0.00499
13	0.01030	0.00971	0.01640	0.75871	0.07543	0.01197	0.01499	0.01386	0.01081	0.01391	0.00957	0.01426	0.00723	0.00534	0.00536	0.00178	0.00712	0.00477	0.00240	0.00609
14	0.01150	0.00986	0.01183	0.00848	0.01325	0.00766	0.02554	0.04016	0.01167	0.01807	0.00969	0.01128	0.00800	0.00408	0.00408	0.00085	0.00417	0.00332	0.00325	0.79327
15	0.00646	0.00538	0.00564	0.00572	0.00736	0.00456	0.00424	0.00788	0.01230	0.01499	0.10923	0.11649	0.65398	0.01367	0.00639	0.00183	0.00274	0.01154	0.00506	0.00456
16	0.00932	0.00466	0.00699	0.00699	0.00699	0.00466	0.00466	0.00699	0.00699	0.00932	0.00932	0.01632	0.00932	0.01865	0.02098	0.84382	0.00466	0.00466	0.00233	0.00233
17	0.01368	0.72433	0.04557	0.00929	0.01365	0.01975	0.00924	0.01553	0.01072	0.01273	0.00812	0.00976	0.00745	0.00771	0.07188	0.00181	0.00655	0.00315	0.00235	0.00673
18	0.02389	0.00944	0.01265	0.00970	0.01386	0.00834	0.00801	0.06425	0.01588	0.74277	0.02075	0.01799	0.01307	0.00663	0.00540	0.00166	0.00464	0.00537	0.00658	0.00913
19	0.00680	0.00546	0.00607	0.00591	0.00753	0.00472	0.00443	0.00858	0.01330	0.01704	0.31468	0.04748	0.51380	0.01265	0.00634	0.00177	0.00265	0.01074	0.00532	0.00472
20	0.01435	0.81458	0.02813	0.00918	0.01378	0.02124	0.00918	0.01607	0.01091	0.01263	0.00746	0.00861	0.00689	0.00459	0.00344	0.00115	0.00574	0.00287	0.00230	0.00689
21	0.01951	0.01459	0.01560	0.01217	0.01630	0.01623	0.00999	0.66681	0.11986	0.03238	0.01403	0.01380	0.01005	0.00655	0.00538	0.00164	0.00570	0.00499	0.00538	0.00905
22	0.01014	0.00954	0.01610	0.79845	0.03697	0.01193	0.01491	0.01371	0.01073	0.01371	0.00954	0.01431	0.00716	0.00537	0.00537	0.00179	0.00716	0.00477	0.00239	0.00596
23	0.01331	0.01545	0.03024	0.02186	0.02706	0.08106	0.69334	0.01756	0.01289	0.01684	0.01064	0.01406	0.00804	0.00461	0.00620	0.00177	0.00910	0.00608	0.00272	0.00715
24	0.00773	0.00535	0.00668	0.00671	0.00700	0.00563	0.00431	0.00832	0.00811	0.01109	0.01648	0.04996	0.01811	0.56488	0.25134	0.00614	0.00785	0.00738	0.00318	0.00373
25	0.01329	0.01275	0.02179	0.03295	0.77787	0.01275	0.01647	0.01647	0.01222	0.01754	0.01010	0.01329	0.00850	0.00478	0.00531	0.00159	0.00638	0.00478	0.00266	0.00850
26	0.01934	0.01987	0.01546	0.01318	0.01644	0.46528	0.04862	0.09910	0.07573	0.12183	0.01176	0.01234	0.00886	0.00591	0.00534	0.00151	0.02415	0.00424	0.00378	0.02725
27	0.02408	0.00914	0.01246	0.00955	0.01370	0.00789	0.00789	0.02616	0.01536	0.78158	0.02118	0.01827	0.01329	0.00664	0.00540	0.00166	0.00457	0.00540	0.00664	0.00914
28	0.00679	0.00497	0.00667	0.00778	0.00811	0.00484	0.00533	0.00778	0.01027	0.01375	0.02875	0.75688	0.03435	0.01649	0.00725	0.00219	0.03157	0.03691	0.00489	0.00443
29	0.01329	0.01275	0.02179	0.03295	0.77787	0.01275	0.01647	0.01647	0.01222	0.01754	0.01010	0.01329	0.00850	0.00478	0.00531	0.00159	0.00638	0.00478	0.00266	0.00850
30	0.00773	0.00635	0.00892	0.00916	0.00957	0.00700	0.02677	0.00882	0.00997	0.01366	0.02509	0.61496	0.04293	0.01496	0.00895	0.00220	0.16097	0.01286	0.00440	0.00474
31	0.01533	0.00901	0.01042	0.00865	0.01140	0.00917	0.00690	0.22624	0.04294	0.18001	0.18717	0.03660	0.02112	0.00767	0.00524	0.00157	0.00396	0.00632	0.20316	0.00714
32	0.01536	0.01236	0.01272	0.01102	0.01425	0.05341	0.00867	0.13284	0.53589	0.08331	0.04659	0.01904	0.01582	0.00715	0.00544	0.00175	0.00473	0.00583	0.00542	0.00840
33	0.07730	0.01115	0.01268	0.01025	0.01402	0.01158	0.00830	0.19139	0.22605	0.29452	0.03709	0.01710	0.01339	0.00665	0.00522	0.00166	0.00468	0.00529	0.00562	0.04607
34	0.00654	0.00467	0.00623	0.00747	0.00779	0.00436	0.00498	0.00747	0.01028	0.01370	0.02959	0.80785	0.03550	0.01682	0.00685	0.00218	0.00311	0.01526	0.00498	0.00436
35	0.00654	0.00467	0.00623	0.00747	0.00779	0.00436	0.00498	0.00747	0.01028	0.01370	0.02959	0.80785	0.03550	0.01682	0.00685	0.00218	0.00311	0.01526	0.00498	0.00436
36	0.06196	0.01143	0.01319	0.01038	0.01419	0.01178	0.00844	0.31728	0.07327	0.33185	0.03509	0.01717	0.01270	0.04840	0.00645	0.00184	0.00504	0.00532	0.00569	0.00852
37	0.01329	0.01275	0.02179	0.03295	0.77787	0.01275	0.01647	0.01647	0.01222	0.01754	0.01010	0.01329	0.00850	0.00478	0.00531	0.00159	0.00638	0.00478	0.00266	0.00850
38	0.00889	0.00749	0.01072	0.01002	0.01061	0.00948	0.00791	0.01042	0.00844	0.01242	0.01241	0.01951	0.01205	0.09731	0.49458	0.00646	0.24794	0.00561	0.00275	0.00498
39	0.01113	0.00954	0.01113	0.00795	0.01272	0.00716	0.00636	0.01352	0.01113	0.01749	0.00954	0.01113	0.00795	0.00398	0.00398	0.00080	0.00398	0.00318	0.00318	0.84417
40	0.01741	0.08957	0.01716	0.01622	0.14216	0.44871	0.01111	0.05061	0.09936	0.01570	0.01019	0.01155	0.00834	0.00569	0.00533	0.00149	0.03525	0.00402	0.00310	0.00702
41	0.01944	0.01450	0.01621	0.01243	0.01655	0.01593	0.04008	0.69090	0.02383	0.03194	0.01301	0.01411	0.00963	0.04815	0.00655	0.00181	0.00600	0.00505	0.00515	0.00875
42	0.01152	0.00983	0.01132	0.00830	0.01291	0.00789	0.00663	0.03052	0.07725	0.01827	0.01068	0.01194	0.00871	0.00431	0.00413	0.00090	0.00404	0.00347	0.00342	0.75394
43	0.00767	0.00575	0.00863	0.00863	0.00959	0.00671	0.00671	0.00959	0.00863	0.01246	0.01438	0.02109	0.01342	0.04026	0.79008	0.00863	0.01438	0.00575	0.00288	0.00479
44	0.02203	0.00883	0.01182	0.00925	0.01306	0.00780	0.00757	0.02466	0.04401	0.67298	0.07338	0.01991	0.01602	0.00695	0.00541	0.00165	0.00434	0.00571	0.03594	0.00868
45	0.00671	0.00482	0.00639	0.00747	0.00793	0.00450	0.00512	0.00786	0.01083	0.01449	0.09484	0.69600	0.05121	0.01617	0.00682	0.00214	0.00313	0.04406	0.00506	0.00445
46	0.02367	0.00952	0.01266	0.00974	0.01388	0.00850	0.00804	0.06882	0.03020	0.72378	0.02071	0.01799	0.01310	0.00664	0.00540	0.00166	0.00464	0.00538	0.00655	0.00912
47	0.00654	0.00467	0.00623	0.00747	0.00779	0.00436	0.00498	0.00747	0.01028	0.01370	0.02959	0.80785	0.03550	0.01682	0.00685	0.00218	0.00311	0.01526	0.00498	0.00436
48	0.01329	0.01275	0.02179	0.03295	0.77787	0.01275	0.01647	0.01647	0.01222	0.01754	0.01010	0.01329	0.00850	0.00478	0.00531	0.00159	0.00638	0.00478	0.00266	0.00850
49	0.08748	0.00935	0.01218	0.00942	0.01351	0.00839	0.00778	0.04034	0.01509	0.70805	0.01995	0.01743	0.01263	0.00651	0.00524	0.00166	0.00456	0.00519	0.00636	0.00888
50	0.00654	0.00467	0.00623	0.00747	0.00779	0.00436	0.00498	0.00747	0.01028	0.01370	0.02959	0.80785	0.03550	0.01682	0.00685	0.00218	0.00311	0.01526	0.00498	0.00436
51	0.00702	0.00568	0.00627	0.00608	0.00776	0.00504	0.00457	0.00929	0.04169	0.01713	0.29240	0.04663	0.50638	0.01249	0.00631	0.00177	0.00271	0.01059	0.00531	0.00486
52	0.00699	0.00528	0.00707	0.00793	0.00829	0.00536	0.00551	0.00802	0.01034	0.01396	0.05683	0.69897	0.04930	0.01593	0.00768	0.00217	0.06694	0.01412	0.00481	0.00451
53	0.01077	0.02777	0.78354	0.01530	0.02323	0.01247	0.01983	0.01700	0.01133	0.01700	0.00963	0.01133	0.00680	0.00510	0.00510	0.00170	0.00793	0.00397	0.00227	0.00793
54	0.01025	0.00966	0.01630	0.77122	0.06332	0.01196	0.01496	0.01381	0.01079	0.01385	0.00956	0.01427	0.00720	0.00535	0.00536	0.00178	0.00713	0.00477	0.00239	0.00605
55	0.00839	0.00610	0.00829	0.00939	0.01069	0.00600	0.00814	0.01074	0.01234	0.01589	0.03130	0.05956	0.11358	0.01469	0.00730	0.00240	0.00470	0.66064	0.00495	0.00490
56	0.84927	0.01038	0.00789	0.00706	0.01038	0.01204	0.00581	0.01578	0.00914	0.02408	0.00747	0.00872	0.00581	0.00498	0.00332	0.00166	0.00415	0.00291	0.00332	0.00581
57	0.01315	0.01261	0.02154	0.06692	0.74499	0.01272	0.01640	0.01635	0.01216	0.01737	0.01007	0.01333	0.00844	0.00481	0.00532	0.00160	0.00641	0.00478	0.00265	0.00839
58	0.01280	0.00975	0.01121	0.04066	0.01333	0.02441	0.00715	0.12033	0.04937	0.07208	0.01463	0.12144	0.01321	0.04072	0.00579	0.00146	0.00444	0.00566	0.02681	0.40473
59	0.01324	0.57114	0.26186	0.01108	0.01670	0.01853	0.01248	0.01636	0.01104	0.01398	0.00813	0.00945	0.00686	0.00475	0.00396	0.00132	0.00642	0.00321	0.00229	0.00721
60	0.01077	0.02777	0.78354	0.01530	0.02323	0.01247	0.01983	0.01700	0.01133	0.01700	0.00963	0.01133	0.00680	0.00510	0.00510	0.00170	0.00793	0.00397	0.00227	0.00793
61	0.02398	0.00930	0.01256	0.00963	0.01378	0.00813	0.00795	0.04609	0.01563	0.76127	0.02095	0.01812	0.01317	0.00664	0.00540	0.00166	0.00460	0.00538	0.00661	0.00914
62	0.00679	0.00478	0.00615	0.00715	0.00740	0.00453	0.00464	0.00754	0.00979	0.01305	0.02708	0.65522	0.03235	0.17375	0.01089	0.00278	0.00353	0.01379	0.00464	0.00414
63	0.01856	0.01352	0.01488	0.03037	0.01603	0.01467	0.00956	0.59957	0.03657	0.05684	0.07935	0.01551	0.01291	0.00671	0.00538	0.00159	0.00547	0.00521	0.00528	0.05203
64	0.00727	0.00539	0.00678	0.00661	0.00786	0.00490	0.00489	0.00944	0.01417	0.01951	0.57412	0.12273	0.17239	0.01203	0.00639	0.00176	0.00263	0.01057	0.00565	0.00490
65	0.01217	0.00653	0.00687	0.00621	0.00803	0.00667	0.00482	0.10916	0.01329	0.06686	0.01714	0.01900	0.01314	0.00630	0.00406	0.00132	0.00306	0.00500	0.68458	0.00578
66	0.00770	0.00584	0.00797	0.00977	0.07507	0.00560	0.00615	0.03757	0.01129	0.01515	0.05678	0.64773	0.06286	0.01501	0.00662	0.00207	0.00347	0.01357	0.00483	0.00494
67	0.01735	0.12581	0.10010	0.01418	0.01818	0.43021	0.09651	0.08578	0.03418	0.01603	0.00938	0.01082	0.00748	0.00538	0.00492	0.00147	0.00844	0.00395	0.00295	0.00692
68	0.02389	0.00944	0.01265	0.00970	0.01386	0.00834	0.00801	0.06425	0.01588	0.74277	0.02075	0.01799	0.01307	0.00663	0.00540	0.00166	0.00464	0.00537	0.00658	0.00913
69	0.01346	0.01313	0.02123	0.03166	0.73005	0.04401	0.01605	0.01656	0.01235	0.01733	0.01043	0.01419	0.00894	0.00504	0.00534	0.00161	0.00648	0.02112	0.00271	0.00833
70	0.01163	0.21629	0.60254	0.01383	0.02097	0.01457	0.01728	0.01678	0.01123	0.01595	0.00911	0.01068	0.00682	0.00498	0.00470	0.00157	0.00741	0.00370	0.00227	0.00768

[dist]
# distance from previous block
# <min> <max>
0	8

[block]
# block no. 1 follows, 45 sequences, length 35
# corresponding to MSA columns:
# 145-179
name=unknown_B
#
# <colnr> <probs for GDERKNQSTAVLIFYWHMCP>
#	G	D	E	R	K	N	Q	S	T	A	V	L	I	F	Y	W	H	M	C	P
0	0.01509	0.01148	0.01209	0.01017	0.01324	0.04146	0.00809	0.33279	0.14740	0.06338	0.07716	0.07913	0.13375	0.00888	0.00573	0.00173	0.00475	0.02088	0.00529	0.00750
1	0.04650	0.00671	0.00859	0.07960	0.01153	0.00676	0.00642	0.04157	0.02459	0.08799	0.23762	0.19423	0.05564	0.11792	0.00894	0.00231	0.00399	0.04884	0.00488	0.00536
2	0.00881	0.00738	0.01018	0.00952	0.01067	0.00787	0.03943	0.03288	0.01043	0.01458	0.02129	0.42872	0.04232	0.04445	0.04233	0.00240	0.15513	0.01044	0.00404	0.09712
3	0.00766	0.00571	0.00709	0.00748	0.00876	0.00536	0.00597	0.00955	0.01242	0.01614	0.19241	0.05084	0.25075	0.10153	0.00907	0.00242	0.00381	0.29340	0.00497	0.00466
4	0.01435	0.81458	0.02813	0.00918	0.01378	0.02124	0.00918	0.01607	0.01091	0.01263	0.00746	0.00861	0.00689	0.00459	0.00344	0.00115	0.00574	0.00287	0.00230	0.00689
5	0.01402	0.74210	0.09772	0.00975	0.01465	0.02043	0.01017	0.01616	0.01095	0.01303	0.00766	0.00886	0.00688	0.00464	0.00360	0.00120	0.00594	0.00297	0.00229	0.00698
6	0.00654	0.00467	0.00623	0.00747	0.00779	0.00436	0.00498	0.00747	0.01028	0.01370	0.02959	0.80785	0.03550	0.01682	0.00685	0.00218	0.00311	0.01526	0.00498	0.00436
7	0.01335	0.01153	0.01214	0.01092	0.01396	0.01335	0.00850	0.02852	0.76817	0.02245	0.02185	0.02003	0.01639	0.00728	0.00546	0.00182	0.00425	0.00607	0.00546	0.00850
8	0.00654	0.00467	0.00623	0.00747	0.00779	0.00436	0.00498	0.00747	0.01028	0.01370	0.02959	0.80785	0.03550	0.01682	0.00685	0.00218	0.00311	0.01526	0.00498	0.00436
9	0.02041	0.01504	0.01611	0.01235	0.01665	0.01665	0.01020	0.75997	0.02524	0.03383	0.01289	0.01289	0.00913	0.00644	0.00537	0.00161	0.00591	0.00483	0.00537	0.00913
10	0.01335	0.01153	0.01214	0.01092	0.01396	0.01335	0.00850	0.02852	0.76817	0.02245	0.02185	0.02003	0.01639	0.00728	0.00546	0.00182	0.00425	0.00607	0.00546	0.00850
11	0.00654	0.00467	0.00623	0.00747	0.00779	0.00436	0.00498	0.00747	0.01028	0.01370	0.02959	0.80785	0.03550	0.01682	0.00685	0.00218	0.00311	0.01526	0.00498	0.00436
12	0.01267	0.01448	0.03167	0.02262	0.02805	0.01357	0.75837	0.01719	0.01267	0.01719	0.01086	0.01448	0.00814	0.00452	0.00633	0.00181	0.00905	0.00633	0.00271	0.00724
13	0.00666	0.00550	0.00590	0.00611	0.00779	0.00474	0.00472	0.00815	0.01217	0.01467	0.04987	0.08583	0.64499	0.01390	0.00651	0.00192	0.00303	0.10801	0.00498	0.00458
14	0.00760	0.00549	0.00718	0.00675	0.00802	0.00506	0.00506	0.01013	0.01519	0.02153	0.77503	0.04010	0.05065	0.01097	0.00633	0.00169	0.00253	0.00971	0.00591	0.00506
15	0.00770	0.00521	0.00614	0.00623	0.00634	0.00528	0.00370	0.00794	0.00807	0.01084	0.01763	0.09153	0.02015	0.68179	0.09529	0.00529	0.00588	0.00818	0.00335	0.00348
16	0.01362	0.01428	0.02913	0.02100	0.02606	0.01383	0.63966	0.08492	0.01370	0.03792	0.01115	0.01432	0.00832	0.00496	0.00670	0.00181	0.04209	0.00611	0.00304	0.00740
17	0.01014	0.00954	0.01610	0.79845	0.03697	0.01193	0.01491	0.01371	0.01073	0.01371	0.00954	0.01431	0.00716	0.00537	0.00537	0.00179	0.00716	0.00477	0.00239	0.00596
18	0.00673	0.00483	0.00642	0.00763	0.00807	0.00453	0.00529	0.00781	0.01053	0.01394	0.03024	0.71646	0.05789	0.01654	0.00689	0.00220	0.00327	0.08133	0.00498	0.00442
19	0.04529	0.64482	0.07582	0.01176	0.08394	0.03452	0.01044	0.01626	0.01107	0.01380	0.00786	0.00924	0.00699	0.00468	0.00375	0.00125	0.00596	0.00313	0.00237	0.00705
20	0.01078	0.01048	0.01604	0.27425	0.02170	0.01372	0.04369	0.01287	0.00943	0.01343	0.01009	0.08525	0.00972	0.00853	0.01209	0.00212	0.43161	0.00575	0.00262	0.00582
21	0.00748	0.00550	0.00704	0.00770	0.00857	0.00507	0.00530	0.03610	0.01091	0.01480	0.02714	0.70559	0.03201	0.01526	0.00653	0.00203	0.00330	0.01377	0.00483	0.08105
22	0.04588	0.66848	0.10532	0.01074	0.04687	0.01962	0.01047	0.01618	0.01094	0.01373	0.00780	0.00909	0.00691	0.00467	0.00369	0.00124	0.00593	0.00307	0.00235	0.00702
23	0.00765	0.00608	0.00930	0.00943	0.01040	0.00592	0.07446	0.00922	0.01091	0.01456	0.04152	0.55363	0.04471	0.01495	0.00723	0.00219	0.02990	0.13844	0.00470	0.00479
24	0.02408	0.00914	0.01246	0.00955	0.01370	0.00789	0.00789	0.02616	0.01536	0.78158	0.02118	0.01827	0.01329	0.00664	0.00540	0.00166	0.00457	0.00540	0.00664	0.00914
25	0.01351	0.01160	0.01236	0.02922	0.01458	0.01343	0.00870	0.05196	0.72647	0.02262	0.02127	0.01966	0.01594	0.00721	0.00546	0.00181	0.00437	0.00600	0.00539	0.00846
26	0.07989	0.01477	0.05237	0.01172	0.01570	0.04392	0.00988	0.57219	0.02163	0.02967	0.01368	0.08481	0.01109	0.00718	0.00532	0.00166	0.00576	0.00555	0.00493	0.00828
27	0.00986	0.00499	0.00505	0.00510	0.00632	0.00498	0.00380	0.01230	0.01122	0.01975	0.01801	0.05232	0.01465	0.00669	0.00388	0.00129	0.00253	0.00542	0.80686	0.00498
28	0.00767	0.00575	0.00863	0.00863	0.00959	0.00671	0.00671	0.00959	0.00863	0.01246	0.01438	0.02109	0.01342	0.04026	0.79008	0.00863	0.01438	0.00575	0.00288	0.00479
29	0.01225	0.07390	0.66425	0.01438	0.02175	0.01257	0.01805	0.01781	0.01169	0.08942	0.01060	0.01183	0.00742	0.00522	0.00503	0.00166	0.00748	0.00404	0.00268	0.00798
30	0.00946	0.00838	0.01205	0.01102	0.01156	0.01098	0.00892	0.01105	0.00845	0.01266	0.01116	0.01699	0.01063	0.02673	0.45145	0.00587	0.35945	0.00529	0.00264	0.00527
31	0.02322	0.00920	0.01237	0.00954	0.01357	0.00810	0.00785	0.05354	0.01573	0.71981	0.05375	0.01902	0.01476	0.00683	0.00544	0.00166	0.00453	0.00556	0.00656	0.00896
32	0.01067	0.00540	0.00565	0.00547	0.00688	0.00542	0.00416	0.02886	0.01161	0.04844	0.01743	0.01984	0.01363	0.00755	0.03337	0.00155	0.00310	0.00504	0.76069	0.00524
33	0.41979	0.01032	0.01056	0.04306	0.01329	0.01111	0.00738	0.05810	0.09571	0.26134	0.01372	0.01342	0.00955	0.00585	0.00440	0.00168	0.00451	0.00422	0.00466	0.00733
34	0.01252	0.01184	0.02001	0.09007	0.65012	0.01199	0.01531	0.01568	0.01238	0.01760	0.07975	0.01581	0.01224	0.00539	0.00541	0.00162	0.00609	0.00523	0.00293	0.00799

[dist]
# distance from previous block
# <min> <max>
0	2

[block]
# block no. 2 follows, 45 sequences, length 35
# corresponding to MSA columns:
# 182-216
name=unknown_C
#
# <colnr> <probs for GDERKNQSTAVLIFYWHMCP>
#	G	D	E	R	K	N	Q	S	T	A	V	L	I	F	Y	W	H	M	C	P
0	0.00832	0.00630	0.00814	0.00792	0.00830	0.00713	0.00566	0.00917	0.00854	0.01179	0.01702	0.03109	0.04086	0.43468	0.20451	0.00531	0.11500	0.06288	0.00322	0.00414
1	0.02854	0.00995	0.01145	0.00836	0.01295	0.00809	0.00671	0.08295	0.01246	0.03379	0.01047	0.02860	0.00872	0.00455	0.00418	0.00093	0.00415	0.00363	0.00349	0.71602
2	0.04624	0.02182	0.01549	0.01503	0.08688	0.55554	0.01065	0.10583	0.06252	0.01685	0.00980	0.01099	0.00787	0.00566	0.00493	0.00146	0.00842	0.00388	0.00324	0.00689
3	0.01984	0.02519	0.01542	0.01442	0.04013	0.76578	0.01056	0.02128	0.01512	0.01327	0.00835	0.00979	0.00696	0.00551	0.00485	0.00139	0.00958	0.00350	0.00276	0.00629
4	0.00680	0.00486	0.00650	0.00758	0.00806	0.00457	0.00527	0.00801	0.01092	0.01465	0.10288	0.67616	0.03665	0.01609	0.00684	0.00215	0.00319	0.06926	0.00507	0.00447
5	0.01148	0.18530	0.63229	0.01408	0.02134	0.01422	0.01770	0.01681	0.01125	0.01612	0.00920	0.01079	0.00682	0.00500	0.00477	0.00159	0.00749	0.00375	0.00227	0.00772
6	0.00686	0.00507	0.00667	0.00771	0.00823	0.00488	0.00543	0.00799	0.01058	0.01397	0.03098	0.65115	0.09772	0.01615	0.00716	0.00218	0.02523	0.08266	0.00491	0.00447
7	0.00824	0.00589	0.00818	0.00942	0.01048	0.00583	0.00794	0.01042	0.01196	0.01561	0.02865	0.20433	0.03178	0.01521	0.00731	0.00242	0.00459	0.60196	0.00495	0.00483
8	0.00894	0.00663	0.00877	0.00970	0.01114	0.00674	0.00835	0.01252	0.08249	0.01656	0.02944	0.05623	0.07623	0.01405	0.00717	0.00237	0.00474	0.62769	0.00499	0.00525
9	0.78644	0.01029	0.00824	0.00725	0.01063	0.01173	0.00597	0.01657	0.00961	0.08175	0.00852	0.00945	0.00638	0.00511	0.00348	0.00166	0.00418	0.00310	0.00357	0.00607
10	0.00654	0.00467	0.00623	0.00747	0.00779	0.00436	0.00498	0.00747	0.01028	0.01370	0.02959	0.80785	0.03550	0.01682	0.00685	0.00218	0.00311	0.01526	0.00498	0.00436
11	0.00781	0.00520	0.00585	0.00585	0.00585	0.00520	0.00325	0.00781	0.00781	0.01041	0.01691	0.03513	0.01952	0.81135	0.02732	0.00520	0.00520	0.00781	0.00325	0.00325
12	0.01954	0.02461	0.01571	0.01528	0.07455	0.73064	0.01084	0.02106	0.01498	0.01347	0.00843	0.00995	0.00704	0.00547	0.00488	0.00140	0.00943	0.00356	0.00276	0.00640
13	0.01001	0.00500	0.00500	0.00500	0.00625	0.00500	0.00375	0.01251	0.01126	0.02001	0.01751	0.02001	0.01376	0.00625	0.00375	0.00125	0.00250	0.00500	0.84115	0.00500
14	0.00767	0.00575	0.00863	0.00863	0.00959	0.00671	0.00671	0.00959	0.00863	0.01246	0.01438	0.02109	0.01342	0.04026	0.79008	0.00863	0.01438	0.00575	0.00288	0.00479
15	0.00760	0.00549	0.00718	0.00675	0.00802	0.00506	0.00506	0.01013	0.01519	0.02153	0.77503	0.04010	0.05065	0.01097	0.00633	0.00169	0.00253	0.00971	0.00591	0.00506
16	0.01106	0.01103	0.01602	0.72564	0.03508	0.08411	0.01449	0.01443	0.01115	0.01366	0.00943	0.01388	0.00713	0.00538	0.00532	0.00175	0.00739	0.00465	0.00242	0.00599
17	0.01082	0.02736	0.76075	0.01552	0.02338	0.01250	0.04222	0.01701	0.01137	0.01701	0.00967	0.01143	0.00684	0.00508	0.00514	0.00170	0.00797	0.00404	0.00228	0.00791
18	0.00810	0.00596	0.00867	0.00857	0.00963	0.00690	0.00668	0.02950	0.00918	0.01335	0.01447	0.02083	0.01332	0.03792	0.73600	0.00813	0.01365	0.00570	0.03854	0.00492
19	0.01955	0.01412	0.01532	0.01184	0.01590	0.01549	0.00974	0.67997	0.02417	0.05623	0.07117	0.01513	0.01242	0.00679	0.00544	0.00162	0.00561	0.00522	0.00545	0.00882
20	0.00778	0.00531	0.00638	0.00638	0.00657	0.00549	0.00391	0.00815	0.00796	0.01080	0.01643	0.03245	0.01835	0.66437	0.17271	0.00586	0.00695	0.00741	0.00318	0.00355
21	0.00762	0.00546	0.00705	0.00667	0.00782	0.00508	0.00490	0.00991	0.01451	0.02049	0.70468	0.03964	0.04776	0.08525	0.00828	0.00201	0.00278	0.00953	0.00566	0.00490
22	0.01329	0.01275	0.02179	0.03295	0.77787	0.01275	0.01647	0.01647	0.01222	0.01754	0.01010	0.01329	0.00850	0.00478	0.00531	0.00159	0.00638	0.00478	0.00266	0.00850
23	0.01267	0.01448	0.03167	0.02262	0.02805	0.01357	0.75837	0.01719	0.01267	0.01719	0.01086	0.01448	0.00814	0.00452	0.00633	0.00181	0.00905	0.00633	0.00271	0.00724
24	0.01267	0.01448	0.03167	0.02262	0.02805	0.01357	0.75837	0.01719	0.01267	0.01719	0.01086	0.01448	0.00814	0.00452	0.00633	0.00181	0.00905	0.00633	0.00271	0.00724
25	0.01270	0.01425	0.03038	0.02337	0.09729	0.01357	0.67098	0.01702	0.01252	0.01712	0.01069	0.01430	0.00815	0.00467	0.00652	0.00180	0.02849	0.00615	0.00270	0.00732
26	0.01184	0.01022	0.01070	0.00974	0.01251	0.01145	0.00755	0.02404	0.60545	0.02074	0.02885	0.02684	0.17983	0.00864	0.00565	0.00182	0.00392	0.00720	0.00536	0.00764
27	0.02408	0.00914	0.01246	0.00955	0.01370	0.00789	0.00789	0.02616	0.01536	0.78158	0.02118	0.01827	0.01329	0.00664	0.00540	0.00166	0.00457	0.00540	0.00664	0.00914
28	0.00680	0.00552	0.00611	0.00645	0.00803	0.00483	0.00502	0.00834	0.01211	0.01474	0.04749	0.11191	0.57594	0.01408	0.00659	0.00197	0.00317	0.15132	0.00498	0.00460
29	0.01309	0.01256	0.02144	0.07962	0.73270	0.01270	0.01638	0.01631	0.01213	0.01730	0.01006	0.01335	0.00842	0.00482	0.00532	0.00161	0.00642	0.00478	0.00264	0.00835
30	0.00824	0.00589	0.00818	0.00942	0.01048	0.00583	0.00794	0.01042	0.01196	0.01561	0.02865	0.20433	0.03178	0.01521	0.00731	0.00242	0.00459	0.60196	0.00495	0.00483
31	0.00767	0.00575	0.00863	0.00863	0.00959	0.00671	0.00671	0.00959	0.00863	0.01246	0.01438	0.02109	0.01342	0.04026	0.79008	0.00863	0.01438	0.00575	0.00288	0.00479
32	0.01329	0.01275	0.02179	0.03295	0.77787	0.01275	0.01647	0.01647	0.01222	0.01754	0.01010	0.01329	0.00850	0.00478	0.00531	0.00159	0.00638	0.00478	0.00266	0.00850
33	0.00798	0.00655	0.00768	0.00784	0.00910	0.00674	0.00579	0.01138	0.13065	0.01549	0.04864	0.34469	0.27814	0.01356	0.00722	0.00201	0.05907	0.02736	0.00489	0.00520
34	0.01303	0.00717	0.00931	0.00836	0.01041	0.00646	0.00647	0.01506	0.01514	0.22526	0.46176	0.03672	0.03770	0.04465	0.00742	0.00206	0.00373	0.07661	0.00616	0.00652

[dist]
# distance from previous block
# <min> <max>
0	4

[block]
# block no. 3 follows, 45 sequences, length 12
# corresponding to MSA columns:
# 221-232
name=unknown_D
#
# <colnr> <probs for GDERKNQSTAVLIFYWHMCP>
#	G	D	E	R	K	N	Q	S	T	A	V	L	I	F	Y	W	H	M	C	P
0	0.00881	0.00598	0.00675	0.00671	0.00686	0.00589	0.00392	0.00866	0.00851	0.01150	0.01763	0.03530	0.01991	0.75579	0.07082	0.00552	0.00605	0.00795	0.00356	0.00388
1	0.00660	0.00472	0.00628	0.00743	0.00780	0.00440	0.00499	0.00763	0.01056	0.01415	0.07204	0.76412	0.03637	0.01648	0.00682	0.00215	0.00308	0.01494	0.00504	0.00440
2	0.00654	0.00467	0.00623	0.00747	0.00779	0.00436	0.00498	0.00747	0.01028	0.01370	0.02959	0.80785	0.03550	0.01682	0.00685	0.00218	0.00311	0.01526	0.00498	0.00436
3	0.00932	0.00466	0.00699	0.00699	0.00699	0.00466	0.00466	0.00699	0.00699	0.00932	0.00932	0.01632	0.00932	0.01865	0.02098	0.84382	0.00466	0.00466	0.00233	0.00233
4	0.02408	0.00914	0.01246	0.00955	0.01370	0.00789	0.00789	0.02616	0.01536	0.78158	0.02118	0.01827	0.01329	0.00664	0.00540	0.00166	0.00457	0.00540	0.00664	0.00914
5	0.00751	0.00548	0.00705	0.00666	0.00796	0.00503	0.00499	0.00995	0.01498	0.02102	0.72300	0.04093	0.10300	0.01116	0.00633	0.00170	0.00255	0.00982	0.00584	0.00503
6	0.01001	0.00500	0.00500	0.00500	0.00625	0.00500	0.00375	0.01251	0.01126	0.02001	0.01751	0.02001	0.01376	0.00625	0.00375	0.00125	0.00250	0.00500	0.84115	0.00500
7	0.02041	0.01504	0.01611	0.01235	0.01665	0.01665	0.01020	0.75997	0.02524	0.03383	0.01289	0.01289	0.00913	0.00644	0.00537	0.00161	0.00591	0.00483	0.00537	0.00913
8	0.00646	0.00543	0.00553	0.00551	0.00722	0.00458	0.00409	0.00781	0.01217	0.01463	0.08401	0.05044	0.71145	0.04808	0.00725	0.00195	0.00282	0.01111	0.00495	0.00450
9	0.01207	0.01423	0.06214	0.02103	0.02614	0.01275	0.66299	0.01637	0.01241	0.01689	0.01238	0.08105	0.01039	0.00558	0.00632	0.00184	0.00850	0.00698	0.00289	0.00703
10	0.00672	0.00480	0.00643	0.00768	0.00807	0.00451	0.00529	0.00778	0.01045	0.01390	0.02949	0.74501	0.03512	0.01665	0.00690	0.00220	0.00327	0.07635	0.00498	0.00441
11	0.01267	0.01448	0.03167	0.02262	0.02805	0.01357	0.75837	0.01719	0.01267	0.01719	0.01086	0.01448	0.00814	0.00452	0.00633	0.00181	0.00905	0.00633	0.00271	0.00724

[dist]
# distance from previous block
# <min> <max>
0	15

[block]
# block no. 4 follows, 45 sequences, length 119
# corresponding to MSA columns:
# 248-318,394-441
name=unknown_E
#
# <colnr> <probs for GDERKNQSTAVLIFYWHMCP>
#	G	D	E	R	K	N	Q	S	T	A	V	L	I	F	Y	W	H	M	C	P
0	0.00802	0.00557	0.00728	0.00680	0.00812	0.00514	0.00510	0.01048	0.01504	0.04039	0.74020	0.03944	0.04906	0.02764	0.00675	0.00176	0.00264	0.00956	0.00587	0.00513
1	0.08759	0.00652	0.00785	0.02433	0.00924	0.00701	0.00574	0.04839	0.01047	0.01540	0.04478	0.40192	0.02487	0.16002	0.04690	0.00292	0.05898	0.01042	0.02191	0.00474
2	0.01072	0.00617	0.00644	0.00604	0.00739	0.00635	0.00442	0.09618	0.01220	0.01971	0.01712	0.03734	0.01470	0.15229	0.00826	0.00203	0.00339	0.00569	0.57843	0.00514
3	0.47573	0.09092	0.08490	0.00938	0.01339	0.03824	0.00851	0.14606	0.05236	0.02358	0.00940	0.01030	0.00718	0.00535	0.00402	0.00161	0.00515	0.00352	0.00357	0.00685
4	0.11916	0.06996	0.01632	0.01427	0.08925	0.32563	0.03359	0.20466	0.03050	0.02036	0.01054	0.01166	0.01998	0.00569	0.00483	0.00151	0.00726	0.00409	0.00353	0.00721
5	0.66513	0.01142	0.00972	0.00823	0.01177	0.01306	0.00679	0.18110	0.01271	0.02625	0.00868	0.00965	0.00655	0.00531	0.00378	0.00165	0.00454	0.00333	0.00378	0.00655
6	0.74362	0.01257	0.10562	0.00810	0.01200	0.01210	0.00758	0.01593	0.00941	0.02319	0.00775	0.00905	0.00594	0.00500	0.00355	0.00167	0.00463	0.00304	0.00319	0.00608
7	0.03851	0.14681	0.48373	0.01329	0.01947	0.03493	0.01554	0.08654	0.01272	0.01813	0.04961	0.01245	0.00932	0.00560	0.00526	0.00162	0.03194	0.00416	0.00280	0.00756
8	0.01329	0.01275	0.02179	0.03295	0.77787	0.01275	0.01647	0.01647	0.01222	0.01754	0.01010	0.01329	0.00850	0.00478	0.00531	0.00159	0.00638	0.00478	0.00266	0.00850
9	0.00654	0.00467	0.00623	0.00747	0.00779	0.00436	0.00498	0.00747	0.01028	0.01370	0.02959	0.80785	0.03550	0.01682	0.00685	0.00218	0.00311	0.01526	0.00498	0.00436
10	0.00667	0.00476	0.00631	0.00737	0.00777	0.00444	0.00495	0.00773	0.01069	0.01437	0.09965	0.71908	0.03659	0.03307	0.00724	0.00220	0.00310	0.01458	0.00503	0.00440
11	0.03887	0.00835	0.01197	0.01022	0.01255	0.00814	0.09431	0.08667	0.01307	0.16494	0.06150	0.32427	0.02257	0.05086	0.00750	0.00204	0.03080	0.00944	0.00483	0.03709
12	0.00657	0.00468	0.00622	0.00743	0.00774	0.00438	0.00494	0.00748	0.01022	0.01362	0.02927	0.78843	0.03510	0.03678	0.00737	0.00226	0.00317	0.01507	0.00494	0.00433
13	0.02408	0.00914	0.01246	0.00955	0.01370	0.00789	0.00789	0.02616	0.01536	0.78158	0.02118	0.01827	0.01329	0.00664	0.00540	0.00166	0.00457	0.00540	0.00664	0.00914
14	0.01077	0.02777	0.78354	0.01530	0.02323	0.01247	0.01983	0.01700	0.01133	0.01700	0.00963	0.01133	0.00680	0.00510	0.00510	0.00170	0.00793	0.00397	0.00227	0.00793
15	0.49781	0.00998	0.00991	0.00818	0.01186	0.01046	0.00675	0.03572	0.01200	0.33083	0.01313	0.01267	0.00891	0.00569	0.00421	0.00166	0.00436	0.00396	0.00471	0.00723
16	0.00657	0.00468	0.00622	0.00744	0.00774	0.00438	0.00494	0.00748	0.01022	0.01363	0.02929	0.78992	0.03513	0.03525	0.00733	0.00225	0.00316	0.01509	0.00494	0.00433
17	0.00654	0.00477	0.00616	0.00723	0.00773	0.00439	0.00488	0.00755	0.01059	0.01395	0.04716	0.70764	0.11899	0.01634	0.00678	0.00213	0.00306	0.01471	0.00500	0.00439
18	0.01329	0.01275	0.02179	0.03295	0.77787	0.01275	0.01647	0.01647	0.01222	0.01754	0.01010	0.01329	0.00850	0.00478	0.00531	0.00159	0.00638	0.00478	0.00266	0.00850
19	0.01314	0.01261	0.02153	0.06791	0.74403	0.01272	0.01640	0.01635	0.01215	0.01736	0.01007	0.01333	0.00844	0.00481	0.00532	0.00160	0.00641	0.00478	0.00264	0.00839
20	0.01159	0.01154	0.01641	0.08809	0.01625	0.01602	0.01204	0.01299	0.00846	0.01299	0.00728	0.01199	0.00706	0.00902	0.01646	0.00230	0.72658	0.00470	0.00235	0.00588
21	0.00721	0.00555	0.00630	0.00613	0.00777	0.00484	0.00465	0.00904	0.01338	0.03152	0.31533	0.04710	0.47402	0.01255	0.00636	0.00179	0.00276	0.03354	0.00535	0.00483
22	0.02148	0.08702	0.01439	0.01019	0.01417	0.06674	0.00843	0.08244	0.09373	0.51656	0.01838	0.01650	0.01222	0.00642	0.00518	0.00161	0.00512	0.00505	0.00573	0.00865
23	0.04542	0.01411	0.01511	0.01183	0.01584	0.01559	0.00969	0.64763	0.06537	0.04602	0.01414	0.04956	0.01071	0.00692	0.00538	0.00165	0.00561	0.00533	0.00532	0.00877
24	0.01156	0.01147	0.01608	0.01384	0.01389	0.01600	0.01151	0.01277	0.00824	0.01290	0.00738	0.01217	0.00734	0.01080	0.05289	0.00264	0.76558	0.00475	0.00237	0.00582
25	0.17391	0.04010	0.01494	0.01131	0.01539	0.03925	0.00936	0.57586	0.02149	0.03072	0.01157	0.01188	0.00838	0.00609	0.00491	0.00160	0.00569	0.00437	0.00481	0.00835
26	0.00674	0.00482	0.00646	0.00771	0.00811	0.00454	0.00534	0.00783	0.01048	0.01393	0.02947	0.73578	0.03506	0.01663	0.00691	0.00221	0.00329	0.08532	0.00498	0.00442
27	0.01177	0.01181	0.01679	0.01429	0.01442	0.01638	0.02905	0.01302	0.00832	0.01302	0.00713	0.01181	0.00707	0.00928	0.01735	0.00234	0.78316	0.00474	0.00236	0.00590
28	0.01132	0.12255	0.65709	0.01536	0.05655	0.01354	0.01839	0.01686	0.01132	0.01649	0.00939	0.01109	0.00689	0.00502	0.00491	0.00163	0.00760	0.00387	0.00229	0.00783
29	0.01080	0.00917	0.01071	0.00804	0.01231	0.00717	0.00633	0.01363	0.04562	0.01736	0.01199	0.08670	0.01094	0.00534	0.00431	0.00097	0.00391	0.00445	0.00345	0.72677
30	0.01088	0.05245	0.75984	0.01511	0.02294	0.01274	0.01950	0.01697	0.01132	0.01686	0.00957	0.01125	0.00680	0.00508	0.00505	0.00168	0.00786	0.00393	0.00227	0.00790
31	0.02408	0.00914	0.01246	0.00955	0.01370	0.00789	0.00789	0.02616	0.01536	0.78158	0.02118	0.01827	0.01329	0.00664	0.00540	0.00166	0.00457	0.00540	0.00664	0.00914
32	0.00669	0.00478	0.00632	0.00734	0.00775	0.00446	0.00494	0.00777	0.01073	0.01444	0.10924	0.70064	0.03662	0.04164	0.00745	0.00222	0.00312	0.01442	0.00503	0.00440
33	0.01091	0.00722	0.00880	0.00850	0.01049	0.00701	0.00687	0.09682	0.03166	0.10343	0.10084	0.12975	0.21182	0.01236	0.00649	0.00200	0.00402	0.22992	0.00530	0.00581
34	0.00754	0.00561	0.00708	0.00714	0.00833	0.00529	0.00530	0.01015	0.04797	0.01869	0.44813	0.21644	0.12538	0.01265	0.00647	0.00186	0.00290	0.05255	0.00552	0.00499
35	0.00767	0.00575	0.00863	0.00863	0.00959	0.00671	0.00671	0.00959	0.00863	0.01246	0.01438	0.02109	0.01342	0.04026	0.79008	0.00863	0.01438	0.00575	0.00288	0.00479
36	0.00649	0.00544	0.00561	0.00557	0.00729	0.00460	0.00415	0.00793	0.01240	0.01504	0.11880	0.05021	0.69160	0.03273	0.00685	0.00188	0.00276	0.01110	0.00503	0.00455
37	0.02041	0.01504	0.01611	0.01235	0.01665	0.01665	0.01020	0.75997	0.02524	0.03383	0.01289	0.01289	0.00913	0.00644	0.00537	0.00161	0.00591	0.00483	0.00537	0.00913
38	0.00668	0.00523	0.00605	0.00631	0.00757	0.00460	0.00456	0.00818	0.01233	0.01583	0.20694	0.26526	0.40348	0.01394	0.00649	0.00189	0.00279	0.01209	0.00519	0.00460
39	0.00654	0.00467	0.00623	0.00747	0.00779	0.00436	0.00498	0.00747	0.01028	0.01370	0.02959	0.80785	0.03550	0.01682	0.00685	0.00218	0.00311	0.01526	0.00498	0.00436
40	0.01100	0.02635	0.71167	0.01696	0.09443	0.01249	0.01952	0.01695	0.01142	0.01705	0.00968	0.01152	0.00696	0.00507	0.00512	0.00169	0.00779	0.00404	0.00230	0.00799
41	0.01233	0.01439	0.05428	0.06089	0.02779	0.01325	0.67475	0.01678	0.01241	0.01687	0.01086	0.01457	0.00821	0.00566	0.02988	0.00201	0.00908	0.00616	0.00269	0.00712
42	0.01263	0.01479	0.04912	0.02245	0.02794	0.01355	0.74123	0.01719	0.01264	0.01719	0.01083	0.01441	0.00811	0.00454	0.00631	0.00181	0.00902	0.00628	0.00270	0.00726
43	0.16361	0.03342	0.07808	0.07176	0.01659	0.01232	0.00984	0.24882	0.01646	0.25928	0.01416	0.01469	0.00989	0.00618	0.00499	0.00166	0.00543	0.01992	0.00483	0.00806
44	0.01329	0.01275	0.02179	0.03295	0.77787	0.01275	0.01647	0.01647	0.01222	0.01754	0.01010	0.01329	0.00850	0.00478	0.00531	0.00159	0.00638	0.00478	0.00266	0.00850
45	0.00769	0.00567	0.00821	0.00821	0.00902	0.00648	0.00618	0.00932	0.00850	0.01215	0.01476	0.02322	0.01435	0.15737	0.67423	0.00811	0.01298	0.00606	0.00293	0.00456
46	0.39621	0.16947	0.14197	0.01030	0.02965	0.08615	0.00966	0.03630	0.04555	0.01973	0.00876	0.00994	0.00691	0.00512	0.00397	0.00155	0.00569	0.00336	0.00303	0.00667
47	0.01706	0.43118	0.06526	0.01004	0.01445	0.01613	0.00953	0.08874	0.01334	0.22184	0.01200	0.01224	0.00903	0.00659	0.02926	0.00163	0.02630	0.00394	0.00377	0.00767
48	0.02408	0.00914	0.01246	0.00955	0.01370	0.00789	0.00789	0.02616	0.01536	0.78158	0.02118	0.01827	0.01329	0.00664	0.00540	0.00166	0.00457	0.00540	0.00664	0.00914
49	0.00694	0.00518	0.00655	0.00771	0.00813	0.01735	0.00524	0.00819	0.02456	0.01392	0.02906	0.75999	0.03456	0.01640	0.00681	0.00217	0.00329	0.03451	0.00495	0.00448
50	0.01108	0.09583	0.71820	0.01477	0.02241	0.01323	0.01891	0.01692	0.01130	0.01662	0.00945	0.01110	0.00681	0.00506	0.00496	0.00165	0.00774	0.00387	0.00227	0.00784
51	0.00706	0.00539	0.00648	0.00636	0.00773	0.00481	0.00471	0.00903	0.01370	0.01834	0.45387	0.11610	0.30205	0.01244	0.00638	0.00178	0.00265	0.01079	0.00550	0.00481
52	0.00673	0.00483	0.00644	0.00765	0.00809	0.00454	0.00531	0.00782	0.01052	0.01395	0.03011	0.71813	0.05387	0.01655	0.00689	0.00220	0.00328	0.08370	0.00498	0.00442
53	0.03895	0.01413	0.01501	0.01190	0.01589	0.01579	0.00971	0.57686	0.19247	0.03103	0.01478	0.01440	0.01069	0.00660	0.00534	0.00166	0.00549	0.00506	0.00534	0.00891
54	0.84927	0.01038	0.00789	0.00706	0.01038	0.01204	0.00581	0.01578	0.00914	0.02408	0.00747	0.00872	0.00581	0.00498	0.00332	0.00166	0.00415	0.00291	0.00332	0.00581
55	0.01486	0.22188	0.04673	0.02088	0.31488	0.14615	0.08328	0.04830	0.02499	0.01624	0.00948	0.01162	0.00788	0.00495	0.00485	0.00147	0.00702	0.00421	0.00273	0.00759
56	0.00666	0.00472	0.00619	0.00732	0.00760	0.00444	0.00482	0.00751	0.01005	0.01339	0.02840	0.73541	0.03400	0.09130	0.00877	0.00246	0.00331	0.01456	0.00482	0.00426
57	0.84927	0.01038	0.00789	0.00706	0.01038	0.01204	0.00581	0.01578	0.00914	0.02408	0.00747	0.00872	0.00581	0.00498	0.00332	0.00166	0.00415	0.00291	0.00332	0.00581
58	0.01950	0.01624	0.08851	0.01263	0.01727	0.01625	0.01111	0.68987	0.02393	0.03224	0.01258	0.01274	0.00891	0.00632	0.00534	0.00162	0.00610	0.00475	0.00508	0.00902
59	0.00654	0.00467	0.00623	0.00747	0.00779	0.00436	0.00498	0.00747	0.01028	0.01370	0.02959	0.80785	0.03550	0.01682	0.00685	0.00218	0.00311	0.01526	0.00498	0.00436
60	0.00687	0.00520	0.00620	0.00685	0.00779	0.00474	0.00491	0.00804	0.01098	0.01392	0.03712	0.35507	0.30380	0.10228	0.00897	0.00241	0.00342	0.10226	0.00479	0.00437
61	0.20593	0.00874	0.01005	0.00945	0.01178	0.00933	0.03100	0.11962	0.04817	0.02125	0.10582	0.07890	0.03714	0.01033	0.00587	0.00199	0.00457	0.26942	0.00469	0.00595
62	0.00790	0.00660	0.00785	0.12893	0.01249	0.00646	0.00620	0.01070	0.06971	0.02876	0.08957	0.04160	0.51444	0.03710	0.00678	0.00191	0.00362	0.00959	0.00465	0.00513
63	0.01095	0.02651	0.71260	0.01599	0.02369	0.01257	0.08951	0.01702	0.01146	0.01702	0.00975	0.01163	0.00693	0.00505	0.00522	0.00171	0.00804	0.00419	0.00231	0.00787
64	0.01000	0.01213	0.16899	0.00929	0.01218	0.08073	0.00872	0.01317	0.01440	0.04603	0.51808	0.03051	0.03615	0.00909	0.00590	0.00166	0.00440	0.00778	0.00488	0.00591
65	0.01428	0.79816	0.04389	0.00931	0.01397	0.02106	0.00941	0.01609	0.01092	0.01272	0.00751	0.00867	0.00689	0.00460	0.00348	0.00116	0.00579	0.00289	0.00230	0.00691
66	0.01258	0.01204	0.02052	0.20334	0.61296	0.01257	0.01613	0.01586	0.01189	0.01669	0.00997	0.01351	0.00820	0.00491	0.00533	0.00164	0.00655	0.00478	0.00260	0.00794
67	0.00654	0.00467	0.00623	0.00747	0.00779	0.00436	0.00498	0.00747	0.01028	0.01370	0.02959	0.80785	0.03550	0.01682	0.00685	0.00218	0.00311	0.01526	0.00498	0.00436
68	0.01014	0.00954	0.01610	0.79845	0.03697	0.01193	0.01491	0.01371	0.01073	0.01371	0.00954	0.01431	0.00716	0.00537	0.00537	0.00179	0.00716	0.00477	0.00239	0.00596
69	0.00683	0.00522	0.00635	0.00712	0.00816	0.00474	0.00528	0.00819	0.01138	0.01442	0.03879	0.39128	0.31547	0.01525	0.00676	0.00209	0.00328	0.13989	0.00498	0.00453
70	0.01267	0.01448	0.03167	0.02262	0.02805	0.01357	0.75837	0.01719	0.01267	0.01719	0.01086	0.01448	0.00814	0.00452	0.00633	0.00181	0.00905	0.00633	0.00271	0.00724
71	0.84927	0.01038	0.00789	0.00706	0.01038	0.01204	0.00581	0.01578	0.00914	0.02408	0.00747	0.00872	0.00581	0.00498	0.00332	0.00166	0.00415	0.00291	0.00332	0.00581
72	0.01057	0.01164	0.08918	0.63394	0.12338	0.01208	0.01556	0.01435	0.01097	0.01448	0.00962	0.01391	0.00728	0.00527	0.00534	0.00176	0.00714	0.00470	0.00241	0.00645
73	0.00654	0.00467	0.00623	0.00747	0.00779	0.00436	0.00498	0.00747	0.01028	0.01370	0.02959	0.80785	0.03550	0.01682	0.00685	0.00218	0.00311	0.01526	0.00498	0.00436
74	0.00654	0.00469	0.00621	0.00744	0.00778	0.00436	0.00497	0.00748	0.01031	0.01372	0.03005	0.79361	0.04944	0.01676	0.00684	0.00217	0.00311	0.01519	0.00498	0.00436
75	0.02164	0.00908	0.01207	0.00971	0.01348	0.00823	0.00802	0.02496	0.08416	0.63970	0.02192	0.02242	0.01523	0.00747	0.00559	0.00175	0.00457	0.07493	0.00637	0.00868
76	0.01083	0.01078	0.01976	0.53521	0.05671	0.01228	0.19546	0.01444	0.01108	0.01455	0.01004	0.01491	0.00783	0.03109	0.00669	0.00191	0.03242	0.00525	0.00250	0.00627
77	0.11935	0.00889	0.01115	0.00922	0.01249	0.00845	0.01916	0.06786	0.03359	0.44947	0.03540	0.16739	0.01708	0.00843	0.00546	0.00176	0.00435	0.00705	0.00574	0.00770
78	0.39972	0.01031	0.00900	0.02398	0.01086	0.06984	0.00653	0.05401	0.01101	0.02130	0.01077	0.01273	0.00855	0.00590	0.00506	0.00158	0.07947	0.00387	0.24969	0.00579
79	0.01581	0.52577	0.02410	0.01260	0.08663	0.18694	0.01018	0.05634	0.01272	0.01432	0.00818	0.00951	0.00716	0.00491	0.00402	0.00127	0.00666	0.00328	0.00259	0.00701
80	0.00810	0.00633	0.00864	0.00860	0.00957	0.03115	0.00661	0.00993	0.00884	0.01252	0.01436	0.02135	0.01350	0.07378	0.71650	0.00811	0.01360	0.00576	0.01796	0.00477
81	0.03469	0.01177	0.08531	0.01089	0.03412	0.01004	0.00929	0.11732	0.10445	0.41864	0.05410	0.01871	0.03686	0.00683	0.00538	0.00167	0.00490	0.00554	0.00562	0.02387
82	0.05122	0.02168	0.01415	0.01065	0.01477	0.00875	0.07856	0.02427	0.02620	0.63647	0.01978	0.04127	0.01316	0.00667	0.00543	0.00169	0.00494	0.00567	0.00602	0.00865
83	0.05039	0.00917	0.01231	0.00947	0.01360	0.00802	0.00782	0.02583	0.01517	0.75743	0.02074	0.01797	0.01305	0.00659	0.00533	0.00166	0.00455	0.00532	0.00654	0.00903
