[name]
unknown

[dist]
# distance from previous block
# <min> <max>
38	100

[block]
# block no. 0 follows, 44 sequences, length 76
# corresponding to MSA columns:
# 124-199
name=unknown_A
#
# <colnr> <probs for GDERKNQSTAVLIFYWHMCP>
#	G	D	E	R	K	N	Q	S	T	A	V	L	I	F	Y	W	H	M	C	P
0	0.24158	0.08868	0.15627	0.01524	0.16964	0.02673	0.01184	0.09244	0.01308	0.12054	0.01093	0.01199	0.00810	0.00539	0.00464	0.00162	0.00586	0.00407	0.00359	0.00775
1	0.19238	0.06004	0.13893	0.05525	0.13067	0.07436	0.01181	0.15435	0.01441	0.05262	0.04303	0.01390	0.01006	0.00589	0.00489	0.00165	0.00616	0.01851	0.00362	0.00748
2	0.18859	0.05971	0.10709	0.01479	0.14417	0.05818	0.03224	0.12622	0.01375	0.05902	0.01237	0.04861	0.01056	0.00643	0.00498	0.00166	0.00591	0.05067	0.00367	0.05137
3	0.10752	0.08952	0.22812	0.02790	0.15772	0.06112	0.01288	0.06680	0.01303	0.05893	0.04591	0.01597	0.06531	0.00613	0.00501	0.00162	0.00622	0.00486	0.00336	0.02206
4	0.10719	0.13852	0.12278	0.01919	0.29317	0.01342	0.04255	0.01699	0.07296	0.01854	0.09218	0.01548	0.01306	0.00576	0.00501	0.00161	0.00585	0.00493	0.00325	0.00756
5	0.06016	0.46917	0.17258	0.06261	0.04397	0.01760	0.02992	0.03162	0.01153	0.02999	0.00874	0.01030	0.00721	0.00491	0.00417	0.00139	0.00632	0.00351	0.00258	0.02171
6	0.07107	0.25628	0.26883	0.01413	0.09479	0.04496	0.03581	0.01680	0.01157	0.03111	0.00922	0.01085	0.00735	0.00488	0.00448	0.00143	0.00654	0.00370	0.00265	0.10357
7	0.12701	0.40435	0.17573	0.06083	0.03867	0.02899	0.02799	0.03752	0.01155	0.03100	0.00875	0.01027	0.00711	0.00498	0.00418	0.00145	0.00629	0.00351	0.00267	0.00715
8	0.01528	0.20418	0.10495	0.08328	0.12802	0.02909	0.03273	0.08795	0.08774	0.11620	0.01237	0.01338	0.00934	0.00552	0.00491	0.00154	0.00609	0.00445	0.00363	0.04935
9	0.01451	0.01131	0.01416	0.01236	0.09950	0.01019	0.02634	0.16557	0.02924	0.07766	0.01159	0.01270	0.00895	0.00492	0.00467	0.00118	0.00488	0.00405	0.00391	0.48230
10	0.18775	0.01241	0.04467	0.01043	0.01465	0.01223	0.00890	0.26966	0.04225	0.31989	0.01541	0.01453	0.01038	0.00630	0.00504	0.00168	0.00514	0.00474	0.00541	0.00853
11	0.00852	0.00728	0.05578	0.00855	0.06304	0.00631	0.00534	0.00916	0.00848	0.01152	0.01621	0.03254	0.01819	0.69939	0.02470	0.00479	0.00555	0.00746	0.00320	0.00399
12	0.13161	0.02199	0.01451	0.03081	0.04845	0.57953	0.01010	0.04102	0.02868	0.01585	0.00976	0.01112	0.02279	0.00573	0.00480	0.00148	0.00852	0.00377	0.00304	0.00645
13	0.01065	0.00912	0.01052	0.00773	0.01217	0.00691	0.00615	0.01293	0.01146	0.01735	0.01587	0.01689	0.11176	0.00536	0.00436	0.00095	0.00386	0.00435	0.00348	0.72814
14	0.00793	0.00529	0.00595	0.00595	0.00595	0.00529	0.00330	0.00793	0.00793	0.01057	0.01718	0.03568	0.01982	0.80840	0.02775	0.00529	0.00529	0.00793	0.00330	0.00330
15	0.73478	0.01197	0.00908	0.00801	0.01140	0.06893	0.00652	0.06296	0.01076	0.02427	0.00800	0.00919	0.00620	0.00519	0.00362	0.00166	0.00474	0.00312	0.00346	0.00615
16	0.00793	0.00529	0.00595	0.00595	0.00595	0.00529	0.00330	0.00793	0.00793	0.01057	0.01718	0.03568	0.01982	0.80840	0.02775	0.00529	0.00529	0.00793	0.00330	0.00330
17	0.00772	0.00557	0.00729	0.00686	0.00814	0.00514	0.00514	0.01029	0.01543	0.02186	0.77152	0.04072	0.05144	0.01115	0.00643	0.00171	0.00257	0.00986	0.00600	0.00514
18	0.01406	0.01277	0.01256	0.01131	0.01437	0.07086	0.00877	0.02844	0.70902	0.02210	0.02117	0.01956	0.01593	0.00726	0.00550	0.00182	0.00472	0.00597	0.00534	0.00846
19	0.01492	0.76489	0.02779	0.00961	0.01416	0.06713	0.00940	0.01665	0.01134	0.01286	0.00763	0.00881	0.00700	0.00472	0.00358	0.00118	0.00607	0.00295	0.00236	0.00696
20	0.02037	0.02598	0.01545	0.01404	0.01685	0.78652	0.01053	0.02177	0.01545	0.01334	0.00843	0.00983	0.00702	0.00562	0.00492	0.00140	0.00983	0.00351	0.00281	0.00632
21	0.01261	0.01081	0.05976	0.00871	0.01369	0.00768	0.00748	0.01525	0.01175	0.09459	0.01089	0.01205	0.00855	0.00438	0.00426	0.00095	0.00435	0.00351	0.00353	0.70521
22	0.02072	0.01527	0.01636	0.01254	0.01691	0.01691	0.01036	0.75622	0.02563	0.03436	0.01309	0.01309	0.00927	0.00654	0.00545	0.00164	0.00600	0.00491	0.00545	0.00927
23	0.02072	0.01527	0.01636	0.01254	0.01691	0.01691	0.01036	0.75622	0.02563	0.03436	0.01309	0.01309	0.00927	0.00654	0.00545	0.00164	0.00600	0.00491	0.00545	0.00927
24	0.01039	0.00978	0.01651	0.77391	0.05823	0.01214	0.01519	0.01401	0.01094	0.01404	0.00971	0.01451	0.00731	0.00543	0.00545	0.00181	0.00725	0.00485	0.00243	0.00613
25	0.15883	0.01507	0.01454	0.01161	0.01559	0.08558	0.00946	0.50191	0.06508	0.05135	0.01252	0.01267	0.00906	0.00627	0.00506	0.00164	0.00591	0.00454	0.00491	0.00840
26	0.02446	0.00928	0.01265	0.00970	0.01392	0.00801	0.00801	0.02657	0.01560	0.77817	0.02151	0.01856	0.01350	0.00675	0.00548	0.00169	0.00464	0.00548	0.00675	0.00928
27	0.00644	0.00552	0.00552	0.00552	0.00736	0.00460	0.00414	0.00782	0.01243	0.01473	0.05523	0.05247	0.77218	0.01381	0.00644	0.00184	0.00276	0.01151	0.00506	0.00460
28	0.01287	0.01471	0.03217	0.02298	0.02849	0.01379	0.75460	0.01746	0.01287	0.01746	0.01103	0.01471	0.00827	0.00460	0.00643	0.00184	0.00919	0.00643	0.00276	0.00735
29	0.00678	0.00490	0.00645	0.00764	0.00812	0.00457	0.00527	0.00787	0.01071	0.01414	0.03149	0.70643	0.08036	0.01674	0.00697	0.00221	0.00327	0.06655	0.00506	0.00448
30	0.01129	0.00978	0.01177	0.00853	0.01325	0.00759	0.02783	0.01417	0.03623	0.01784	0.01140	0.01284	0.02948	0.00443	0.00422	0.00090	0.00416	0.00365	0.00334	0.76728
31	0.01430	0.07324	0.49158	0.01408	0.02057	0.11746	0.02902	0.01897	0.01259	0.11867	0.01106	0.01211	0.00787	0.00537	0.00507	0.00162	0.00761	0.00410	0.00300	0.03171
32	0.01768	0.01321	0.01401	0.01137	0.01496	0.04176	0.00915	0.43390	0.17387	0.07604	0.09513	0.04268	0.01621	0.00751	0.00560	0.00170	0.00526	0.00600	0.00550	0.00845
33	0.01130	0.00969	0.01130	0.00807	0.01292	0.00727	0.00646	0.01373	0.01130	0.01776	0.00969	0.01130	0.00807	0.00404	0.00404	0.00081	0.00404	0.00323	0.00323	0.84173
34	0.02446	0.00928	0.01265	0.00970	0.01392	0.00801	0.00801	0.02657	0.01560	0.77817	0.02151	0.01856	0.01350	0.00675	0.00548	0.00169	0.00464	0.00548	0.00675	0.00928
35	0.01130	0.07358	0.58060	0.01585	0.02291	0.01297	0.12129	0.01686	0.01174	0.01696	0.01102	0.01493	0.00864	0.00569	0.00540	0.00176	0.00789	0.05040	0.00254	0.00770
36	0.01507	0.76320	0.02771	0.00943	0.01407	0.02100	0.00931	0.03711	0.01163	0.03867	0.00819	0.00919	0.00727	0.00478	0.00362	0.00120	0.00580	0.00305	0.00256	0.00713
37	0.84691	0.01054	0.00801	0.00717	0.01054	0.01223	0.00590	0.01603	0.00928	0.02446	0.00759	0.00886	0.00590	0.00506	0.00337	0.00169	0.00422	0.00295	0.00337	0.00590
38	0.02037	0.02598	0.01545	0.01404	0.01685	0.78652	0.01053	0.02177	0.01545	0.01334	0.00843	0.00983	0.00702	0.00562	0.00492	0.00140	0.00983	0.00351	0.00281	0.00632
39	0.00757	0.00546	0.00716	0.00696	0.00811	0.00505	0.00513	0.00992	0.01475	0.02078	0.67090	0.14441	0.04935	0.01195	0.00650	0.00178	0.00265	0.01062	0.00587	0.00505
40	0.84691	0.01054	0.00801	0.00717	0.01054	0.01223	0.00590	0.01603	0.00928	0.02446	0.00759	0.00886	0.00590	0.00506	0.00337	0.00169	0.00422	0.00295	0.00337	0.00590
41	0.01279	0.01528	0.06400	0.02266	0.02828	0.01374	0.72334	0.01745	0.01281	0.01745	0.01098	0.01457	0.00821	0.00462	0.00638	0.00183	0.00914	0.00633	0.00274	0.00738
42	0.00873	0.00624	0.00871	0.00989	0.01115	0.00622	0.00861	0.01125	0.01269	0.01658	0.06389	0.06052	0.03232	0.01488	0.00748	0.00247	0.00490	0.70337	0.00507	0.00503
43	0.00660	0.00492	0.00615	0.00713	0.00779	0.00447	0.00486	0.00764	0.01088	0.01410	0.03567	0.63673	0.20054	0.01635	0.00684	0.00213	0.00307	0.01461	0.00506	0.00447
44	0.00936	0.00755	0.00969	0.00936	0.01078	0.03185	0.00729	0.03628	0.11206	0.01474	0.01540	0.02065	0.01370	0.03418	0.63226	0.00737	0.01279	0.00578	0.00335	0.00556
45	0.01149	0.00998	0.01708	0.68953	0.03526	0.01192	0.06109	0.01507	0.01137	0.06983	0.01064	0.01484	0.00778	0.00549	0.00551	0.00181	0.00720	0.00499	0.00276	0.00637
46	0.00806	0.00693	0.00707	0.00679	0.00891	0.00663	0.00516	0.01262	0.18293	0.01656	0.04774	0.04518	0.60090	0.01235	0.00624	0.00184	0.00311	0.01029	0.00517	0.00552
47	0.01093	0.02820	0.78016	0.01554	0.02360	0.01266	0.02014	0.01727	0.01151	0.01727	0.00978	0.01151	0.00691	0.00518	0.00518	0.00173	0.00806	0.00403	0.00230	0.00806
48	0.01524	0.63334	0.04875	0.01029	0.01464	0.14882	0.00979	0.01708	0.01176	0.01304	0.00799	0.00937	0.00719	0.00587	0.02615	0.00144	0.00682	0.00313	0.00243	0.00685
49	0.01349	0.01295	0.02213	0.03346	0.77440	0.01295	0.01673	0.01673	0.01241	0.01781	0.01025	0.01349	0.00864	0.00486	0.00540	0.00162	0.00648	0.00486	0.00270	0.00864
50	0.84691	0.01054	0.00801	0.00717	0.01054	0.01223	0.00590	0.01603	0.00928	0.02446	0.00759	0.00886	0.00590	0.00506	0.00337	0.00169	0.00422	0.00295	0.00337	0.00590
51	0.01179	0.01122	0.01906	0.43851	0.38264	0.01251	0.01589	0.01524	0.01161	0.01575	0.00995	0.01405	0.00791	0.00517	0.00543	0.00172	0.00690	0.00485	0.00255	0.00726
52	0.01178	0.20910	0.60662	0.01410	0.02138	0.01472	0.01765	0.01705	0.01141	0.01624	0.00927	0.01087	0.00693	0.00506	0.00479	0.00160	0.00754	0.00377	0.00231	0.00781
53	0.00781	0.00577	0.00838	0.00838	0.00922	0.00661	0.00634	0.00949	0.00865	0.01237	0.01495	0.02334	0.01446	0.14426	0.68457	0.00829	0.01335	0.00612	0.00297	0.00466
54	0.84691	0.01054	0.00801	0.00717	0.01054	0.01223	0.00590	0.01603	0.00928	0.02446	0.00759	0.00886	0.00590	0.00506	0.00337	0.00169	0.00422	0.00295	0.00337	0.00590
55	0.01920	0.01391	0.01618	0.03627	0.09915	0.01512	0.01068	0.55227	0.04023	0.08488	0.01369	0.01471	0.01008	0.04049	0.00640	0.00180	0.00592	0.00510	0.00507	0.00884
56	0.00916	0.00708	0.00957	0.02815	0.01110	0.00816	0.00722	0.04640	0.10558	0.01492	0.01617	0.02186	0.02662	0.06641	0.58743	0.00712	0.01213	0.00600	0.00341	0.00551
57	0.00750	0.00604	0.00752	0.00825	0.06361	0.00543	0.00554	0.00949	0.01356	0.01790	0.35103	0.09198	0.36777	0.01224	0.00639	0.00180	0.00298	0.01058	0.00528	0.00511
58	0.01225	0.01294	0.07368	0.28645	0.47551	0.01265	0.01644	0.01583	0.01185	0.01648	0.01003	0.01370	0.00806	0.00508	0.00540	0.00169	0.00685	0.00479	0.00258	0.00773
59	0.02148	0.01406	0.01561	0.01197	0.01630	0.01511	0.00989	0.60885	0.02361	0.18459	0.01479	0.01419	0.01012	0.00659	0.00546	0.00165	0.00572	0.00502	0.00572	0.00927
60	0.82625	0.01098	0.02710	0.00738	0.01087	0.01224	0.00626	0.01606	0.00933	0.02428	0.00765	0.00892	0.00593	0.00506	0.00342	0.00169	0.00431	0.00298	0.00335	0.00596
61	0.02854	0.15850	0.21392	0.02295	0.40224	0.01404	0.01554	0.01640	0.01189	0.01678	0.01152	0.01372	0.04035	0.00529	0.00501	0.00158	0.00656	0.00455	0.00265	0.00797
62	0.00764	0.00554	0.00713	0.00749	0.00775	0.00584	0.00501	0.00836	0.00905	0.01233	0.02123	0.33167	0.02450	0.34103	0.13065	0.00443	0.05196	0.01039	0.00388	0.00413
63	0.01101	0.00986	0.01552	0.60559	0.05947	0.01183	0.01363	0.06820	0.03564	0.01664	0.08815	0.01724	0.01226	0.00615	0.00555	0.00179	0.00658	0.00540	0.00312	0.00637
64	0.00947	0.00473	0.00710	0.00710	0.00710	0.00473	0.00473	0.00710	0.00710	0.00947	0.00947	0.01657	0.00947	0.01894	0.02131	0.84138	0.00473	0.00473	0.00237	0.00237
65	0.00814	0.00521	0.00610	0.00610	0.00610	0.00521	0.00350	0.00782	0.00782	0.01042	0.01613	0.03308	0.01842	0.70128	0.02687	0.11874	0.00521	0.00749	0.00318	0.00318
66	0.00772	0.00557	0.00729	0.00686	0.00814	0.00514	0.00514	0.01029	0.01543	0.02186	0.77152	0.04072	0.05144	0.01115	0.00643	0.00171	0.00257	0.00986	0.00600	0.00514
67	0.01030	0.00969	0.01635	0.79530	0.03755	0.01211	0.01514	0.01393	0.01090	0.01393	0.00969	0.01453	0.00727	0.00545	0.00545	0.00182	0.00727	0.00484	0.00242	0.00606
68	0.01117	0.02670	0.70770	0.01538	0.02302	0.01275	0.03553	0.01812	0.06640	0.01767	0.01071	0.01222	0.00765	0.00533	0.00523	0.00174	0.00781	0.00424	0.00255	0.00808
69	0.01291	0.01108	0.01175	0.01073	0.01358	0.01271	0.00828	0.02698	0.69429	0.02199	0.02343	0.07815	0.03345	0.00823	0.00567	0.00188	0.00420	0.00695	0.00550	0.00824
70	0.84691	0.01054	0.00801	0.00717	0.01054	0.01223	0.00590	0.01603	0.00928	0.02446	0.00759	0.00886	0.00590	0.00506	0.00337	0.00169	0.00422	0.00295	0.00337	0.00590
71	0.01944	0.01584	0.07164	0.01260	0.01709	0.01619	0.01089	0.66059	0.04862	0.03225	0.01355	0.03204	0.00998	0.00672	0.00547	0.00166	0.00603	0.00514	0.00522	0.00905
72	0.01632	0.01122	0.01371	0.06093	0.07795	0.03548	0.00897	0.14072	0.01501	0.20048	0.03190	0.01438	0.01059	0.00548	0.00490	0.00133	0.00506	0.00445	0.00439	0.33672
73	0.04692	0.24804	0.28294	0.03790	0.10524	0.04172	0.08349	0.06320	0.01252	0.01720	0.00939	0.01126	0.00738	0.00504	0.00478	0.00155	0.00710	0.00404	0.00266	0.00763
74	0.04057	0.01365	0.01489	0.03361	0.01637	0.04594	0.00967	0.44944	0.06944	0.22672	0.01546	0.01479	0.01062	0.00655	0.00540	0.00166	0.00569	0.00503	0.00555	0.00894
75	0.03478	0.03320	0.01785	0.53201	0.03131	0.01224	0.10522	0.04606	0.01178	0.01594	0.00988	0.01380	0.00752	0.00520	0.00530	0.00167	0.00696	0.00475	0.00271	0.10181

[dist]
# distance from previous block
# <min> <max>
0	3

[block]
# block no. 1 follows, 44 sequences, length 50
# corresponding to MSA columns:
# 203-252
name=unknown_B
#
# <colnr> <probs for GDERKNQSTAVLIFYWHMCP>
#	G	D	E	R	K	N	Q	S	T	A	V	L	I	F	Y	W	H	M	C	P
0	0.01099	0.01069	0.01664	0.62071	0.09896	0.05065	0.02899	0.01431	0.01123	0.01429	0.01064	0.05234	0.00878	0.00603	0.00576	0.00181	0.02302	0.00532	0.00260	0.00624
1	0.84691	0.01054	0.00801	0.00717	0.01054	0.01223	0.00590	0.01603	0.00928	0.02446	0.00759	0.00886	0.00590	0.00506	0.00337	0.00169	0.00422	0.00295	0.00337	0.00590
2	0.01378	0.01182	0.01245	0.01114	0.01426	0.01366	0.00868	0.05099	0.74217	0.02316	0.02191	0.02012	0.01642	0.00737	0.00554	0.00184	0.00437	0.00613	0.00554	0.00865
3	0.00686	0.00554	0.00610	0.00596	0.00762	0.00478	0.00447	0.00863	0.01341	0.01707	0.29049	0.04861	0.53546	0.01293	0.00644	0.00180	0.00270	0.01097	0.00537	0.00478
4	0.00739	0.00550	0.00688	0.00675	0.00804	0.00499	0.00503	0.00956	0.01428	0.01954	0.53994	0.11989	0.19012	0.01235	0.00651	0.00181	0.00273	0.02803	0.00570	0.00496
5	0.00784	0.00525	0.00597	0.00606	0.00608	0.00523	0.00343	0.00790	0.00810	0.01080	0.01807	0.08930	0.02095	0.75324	0.02630	0.00507	0.00514	0.00846	0.00343	0.00338
6	0.00667	0.00492	0.00626	0.00722	0.00784	0.00450	0.00492	0.00778	0.01104	0.01451	0.07712	0.64184	0.15297	0.01622	0.00685	0.00213	0.00307	0.01454	0.00512	0.00450
7	0.01193	0.01193	0.01670	0.01431	0.01431	0.01670	0.01193	0.01312	0.00835	0.01312	0.00716	0.01193	0.00716	0.00954	0.01789	0.00239	0.79843	0.00477	0.00239	0.00596
8	0.84691	0.01054	0.00801	0.00717	0.01054	0.01223	0.00590	0.01603	0.00928	0.02446	0.00759	0.00886	0.00590	0.00506	0.00337	0.00169	0.00422	0.00295	0.00337	0.00590
9	0.02446	0.00928	0.01265	0.00970	0.01392	0.00801	0.00801	0.02657	0.01560	0.77817	0.02151	0.01856	0.01350	0.00675	0.00548	0.00169	0.00464	0.00548	0.00675	0.00928
10	0.01130	0.00969	0.01130	0.00807	0.01292	0.00727	0.00646	0.01373	0.01130	0.01776	0.00969	0.01130	0.00807	0.00404	0.00404	0.00081	0.00404	0.00323	0.00323	0.84173
11	0.01491	0.01166	0.01255	0.01104	0.01428	0.01321	0.00866	0.06388	0.65975	0.09306	0.02169	0.01983	0.01600	0.00730	0.00554	0.00182	0.00443	0.00604	0.00565	0.00872
12	0.01282	0.01457	0.03142	0.02256	0.02781	0.01393	0.71872	0.01725	0.01265	0.01725	0.01084	0.01457	0.00822	0.00483	0.00699	0.00186	0.04732	0.00635	0.00274	0.00729
13	0.02072	0.01527	0.01636	0.01254	0.01691	0.01691	0.01036	0.75622	0.02563	0.03436	0.01309	0.01309	0.00927	0.00654	0.00545	0.00164	0.00600	0.00491	0.00545	0.00927
14	0.00783	0.00569	0.00800	0.00800	0.00871	0.00640	0.00587	0.00925	0.00854	0.01209	0.01530	0.02527	0.01530	0.24829	0.58168	0.00782	0.01208	0.00641	0.00302	0.00444
15	0.02072	0.01527	0.01636	0.01254	0.01691	0.01691	0.01036	0.75622	0.02563	0.03436	0.01309	0.01309	0.00927	0.00654	0.00545	0.00164	0.00600	0.00491	0.00545	0.00927
16	0.00779	0.00583	0.00869	0.00869	0.00964	0.00677	0.00672	0.00969	0.00874	0.01260	0.01467	0.02179	0.01379	0.06100	0.76691	0.00867	0.01436	0.00590	0.00293	0.00483
17	0.01030	0.00969	0.01635	0.79530	0.03755	0.01211	0.01514	0.01393	0.01090	0.01393	0.00969	0.01453	0.00727	0.00545	0.00545	0.00182	0.00727	0.00484	0.00242	0.00606
18	0.01019	0.06508	0.03358	0.00859	0.01069	0.07594	0.00695	0.01439	0.11414	0.02011	0.48538	0.03327	0.05165	0.00974	0.00598	0.00170	0.00393	0.03752	0.00524	0.00591
19	0.00772	0.00557	0.00729	0.00686	0.00814	0.00514	0.00514	0.01029	0.01543	0.02186	0.77152	0.04072	0.05144	0.01115	0.00643	0.00171	0.00257	0.00986	0.00600	0.00514
20	0.00868	0.00620	0.00866	0.00992	0.01113	0.00618	0.00860	0.01111	0.01244	0.01620	0.02892	0.09865	0.03161	0.01516	0.00750	0.00250	0.00493	0.70160	0.00502	0.00499
21	0.02025	0.01492	0.05442	0.01375	0.06963	0.01518	0.01097	0.56572	0.02260	0.13634	0.01390	0.01380	0.00970	0.00639	0.00544	0.00165	0.00595	0.00494	0.00529	0.00917
22	0.01258	0.01674	0.14519	0.02185	0.02775	0.01362	0.64362	0.01743	0.01266	0.01743	0.01084	0.01422	0.00807	0.00468	0.00624	0.00182	0.00902	0.00607	0.00269	0.00746
23	0.00833	0.00595	0.00827	0.00953	0.01058	0.00589	0.00800	0.01052	0.01211	0.01581	0.02911	0.21781	0.03236	0.01548	0.00741	0.00245	0.00463	0.58583	0.00503	0.00490
24	0.02258	0.01230	0.01452	0.01113	0.01542	0.01250	0.00920	0.39434	0.02066	0.40326	0.01726	0.01580	0.01137	0.00665	0.00547	0.00166	0.00532	0.00519	0.00610	0.00927
25	0.03649	0.52804	0.13948	0.01157	0.05343	0.03640	0.01114	0.01771	0.01175	0.09589	0.00956	0.01048	0.00773	0.00501	0.00409	0.00135	0.00613	0.00347	0.00286	0.00744
26	0.01811	0.00954	0.04953	0.00949	0.01281	0.00820	0.00789	0.08063	0.02844	0.43627	0.05771	0.12099	0.03262	0.05874	0.04104	0.00229	0.00506	0.00715	0.00574	0.00774
27	0.84691	0.01054	0.00801	0.00717	0.01054	0.01223	0.00590	0.01603	0.00928	0.02446	0.00759	0.00886	0.00590	0.00506	0.00337	0.00169	0.00422	0.00295	0.00337	0.00590
28	0.00789	0.00544	0.00675	0.00675	0.00702	0.00572	0.00430	0.00844	0.00816	0.01116	0.01645	0.03163	0.01806	0.59035	0.24340	0.00627	0.00793	0.00734	0.00319	0.00375
29	0.01164	0.01153	0.01664	0.15292	0.01844	0.01588	0.01250	0.01326	0.00880	0.01326	0.00761	0.01239	0.00718	0.00882	0.01568	0.00228	0.65801	0.00478	0.00239	0.00598
30	0.00999	0.00512	0.00524	0.00521	0.00648	0.00509	0.00390	0.01253	0.01171	0.02043	0.07033	0.02175	0.01659	0.00669	0.00399	0.00130	0.00254	0.00541	0.78062	0.00509
31	0.00778	0.00536	0.00650	0.00659	0.00684	0.00551	0.00411	0.00825	0.00835	0.01128	0.01837	0.08290	0.03660	0.59147	0.17233	0.00568	0.00689	0.00809	0.00338	0.00371
32	0.02446	0.00928	0.01265	0.00970	0.01392	0.00801	0.00801	0.02657	0.01560	0.77817	0.02151	0.01856	0.01350	0.00675	0.00548	0.00169	0.00464	0.00548	0.00675	0.00928
33	0.01130	0.00969	0.01130	0.00807	0.01292	0.00727	0.00646	0.01373	0.01130	0.01776	0.00969	0.01130	0.00807	0.00404	0.00404	0.00081	0.00404	0.00323	0.00323	0.84173
34	0.01458	0.81168	0.02857	0.00933	0.01399	0.02157	0.00933	0.01632	0.01108	0.01283	0.00758	0.00875	0.00700	0.00466	0.00350	0.00117	0.00583	0.00292	0.00233	0.00700
35	0.00947	0.00473	0.00710	0.00710	0.00710	0.00473	0.00473	0.00710	0.00710	0.00947	0.00947	0.01657	0.00947	0.01894	0.02131	0.84138	0.00473	0.00473	0.00237	0.00237
36	0.00648	0.00536	0.00569	0.00595	0.00748	0.00457	0.00433	0.00778	0.01201	0.01456	0.04999	0.20902	0.61901	0.01449	0.00655	0.00192	0.00284	0.01234	0.00506	0.00457
37	0.84691	0.01054	0.00801	0.00717	0.01054	0.01223	0.00590	0.01603	0.00928	0.02446	0.00759	0.00886	0.00590	0.00506	0.00337	0.00169	0.00422	0.00295	0.00337	0.00590
38	0.00792	0.00532	0.00614	0.00614	0.00621	0.00539	0.00355	0.00805	0.00799	0.01072	0.01700	0.03468	0.01939	0.75490	0.08066	0.00553	0.00593	0.00778	0.00328	0.00341
39	0.84691	0.01054	0.00801	0.00717	0.01054	0.01223	0.00590	0.01603	0.00928	0.02446	0.00759	0.00886	0.00590	0.00506	0.00337	0.00169	0.00422	0.00295	0.00337	0.00590
40	0.00793	0.00529	0.00595	0.00595	0.00595	0.00529	0.00330	0.00793	0.00793	0.01057	0.01718	0.03568	0.01982	0.80840	0.02775	0.00529	0.00529	0.00793	0.00330	0.00330
41	0.02072	0.01527	0.01636	0.01254	0.01691	0.01691	0.01036	0.75622	0.02563	0.03436	0.01309	0.01309	0.00927	0.00654	0.00545	0.00164	0.00600	0.00491	0.00545	0.00927
42	0.01339	0.57293	0.23877	0.01101	0.01655	0.01868	0.01226	0.01645	0.01130	0.01429	0.02630	0.01028	0.00802	0.00496	0.00404	0.00134	0.00638	0.00339	0.00241	0.00725
43	0.01281	0.01202	0.02028	0.05358	0.65666	0.01209	0.01569	0.01597	0.01238	0.01751	0.01257	0.01953	0.01144	0.00615	0.00567	0.00174	0.00632	0.09652	0.00298	0.00811
44	0.01130	0.00969	0.01130	0.00807	0.01292	0.00727	0.00646	0.01373	0.01130	0.01776	0.00969	0.01130	0.00807	0.00404	0.00404	0.00081	0.00404	0.00323	0.00323	0.84173
45	0.01234	0.01463	0.06641	0.02148	0.02674	0.01312	0.66085	0.01679	0.01253	0.01712	0.01173	0.03941	0.00932	0.00671	0.04290	0.00217	0.00920	0.00657	0.00281	0.00718
46	0.01198	0.00997	0.01199	0.00945	0.04983	0.00780	0.00709	0.03237	0.01182	0.03765	0.01010	0.01164	0.00827	0.00421	0.00417	0.00089	0.00422	0.00341	0.00335	0.75979
47	0.76064	0.01155	0.04736	0.00899	0.05197	0.01229	0.00719	0.01613	0.00956	0.02375	0.00784	0.00924	0.00610	0.00506	0.00357	0.00169	0.00453	0.00311	0.00328	0.00616
48	0.00779	0.00584	0.00876	0.00876	0.00974	0.00681	0.00681	0.00974	0.00876	0.01266	0.01460	0.02142	0.01363	0.04089	0.78680	0.00876	0.01460	0.00584	0.00292	0.00487
49	0.63903	0.09224	0.10290	0.00918	0.03556	0.01323	0.00828	0.01623	0.00982	0.02224	0.00793	0.00930	0.00622	0.00503	0.00366	0.00164	0.00491	0.00313	0.00312	0.00635

[dist]
# distance from previous block
# <min> <max>
0	1

[block]
# block no. 2 follows, 44 sequences, length 95
# corresponding to MSA columns:
# 254-348
name=unknown_C
#
# <colnr> <probs for GDERKNQSTAVLIFYWHMCP>
#	G	D	E	R	K	N	Q	S	T	A	V	L	I	F	Y	W	H	M	C	P
0	0.00793	0.00529	0.00595	0.00595	0.00595	0.00529	0.00330	0.00793	0.00793	0.01057	0.01718	0.03568	0.01982	0.80840	0.02775	0.00529	0.00529	0.00793	0.00330	0.00330
1	0.01666	0.43851	0.02259	0.01220	0.05358	0.23388	0.01005	0.10388	0.01405	0.01576	0.00916	0.02981	0.00808	0.00547	0.00431	0.00134	0.00693	0.00373	0.00292	0.00709
2	0.00780	0.00579	0.00850	0.00850	0.00938	0.00667	0.00649	0.00957	0.00868	0.01246	0.01484	0.02275	0.01421	0.11284	0.71564	0.00844	0.01373	0.00604	0.00296	0.00472
3	0.01333	0.01169	0.01347	0.01401	0.11909	0.01320	0.00961	0.02662	0.63705	0.02186	0.02157	0.02040	0.03913	0.00725	0.00555	0.00182	0.00457	0.00615	0.00514	0.00850
4	0.01093	0.02820	0.78016	0.01554	0.02360	0.01266	0.02014	0.01727	0.01151	0.01727	0.00978	0.01151	0.00691	0.00518	0.00518	0.00173	0.00806	0.00403	0.00230	0.00806
5	0.01253	0.03706	0.30616	0.02466	0.40921	0.03071	0.04825	0.01686	0.01213	0.01730	0.01106	0.01352	0.02573	0.00519	0.00533	0.00166	0.00716	0.00469	0.00260	0.00818
6	0.01229	0.02631	0.70335	0.01495	0.02263	0.01220	0.01893	0.01820	0.01192	0.09342	0.01096	0.01222	0.00757	0.00534	0.00521	0.00172	0.00772	0.00417	0.00275	0.00818
7	0.00789	0.00544	0.00673	0.00673	0.00699	0.00571	0.00428	0.00843	0.00816	0.01115	0.01646	0.03173	0.01811	0.59596	0.23785	0.00625	0.00786	0.00735	0.00320	0.00374
8	0.01193	0.01193	0.01670	0.01431	0.01431	0.01670	0.01193	0.01312	0.00835	0.01312	0.00716	0.01193	0.00716	0.00954	0.01789	0.00239	0.79843	0.00477	0.00239	0.00596
9	0.01231	0.13913	0.41122	0.05715	0.16719	0.01392	0.01649	0.05463	0.01248	0.01762	0.04166	0.01294	0.00926	0.00537	0.00505	0.00162	0.00704	0.00435	0.00271	0.00785
10	0.01694	0.01906	0.40268	0.01294	0.01908	0.01064	0.02915	0.03835	0.01370	0.34404	0.03024	0.01522	0.01071	0.00599	0.00537	0.00171	0.00646	0.00484	0.00437	0.00854
11	0.00744	0.00508	0.00609	0.00657	0.00669	0.00496	0.00397	0.00780	0.00888	0.01184	0.02206	0.32774	0.02599	0.50793	0.01985	0.00412	0.00448	0.01080	0.00397	0.00373
12	0.01426	0.74473	0.09279	0.00986	0.01481	0.02081	0.01025	0.01641	0.01111	0.01321	0.00777	0.00898	0.00699	0.00471	0.00364	0.00121	0.00602	0.00301	0.00233	0.00709
13	0.01410	0.08205	0.05933	0.07843	0.52190	0.07692	0.03406	0.01724	0.01251	0.03796	0.01015	0.01293	0.00831	0.00500	0.00522	0.00159	0.00685	0.00460	0.00275	0.00809
14	0.00664	0.00474	0.00633	0.00759	0.00791	0.00443	0.00506	0.00759	0.01044	0.01392	0.03005	0.80485	0.03606	0.01708	0.00696	0.00221	0.00316	0.01550	0.00506	0.00443
15	0.00664	0.00474	0.00633	0.00759	0.00791	0.00443	0.00506	0.00759	0.01044	0.01392	0.03005	0.80485	0.03606	0.01708	0.00696	0.00221	0.00316	0.01550	0.00506	0.00443
16	0.10341	0.29247	0.27887	0.01162	0.01700	0.03100	0.03857	0.01706	0.01186	0.07344	0.06836	0.01312	0.01080	0.00555	0.00456	0.00152	0.00628	0.00416	0.00307	0.00726
17	0.01040	0.00782	0.01029	0.05014	0.07651	0.00797	0.00748	0.01557	0.16165	0.06258	0.48022	0.03187	0.03666	0.00935	0.00607	0.00174	0.00360	0.00822	0.00549	0.00640
18	0.00664	0.00474	0.00633	0.00759	0.00791	0.00443	0.00506	0.00759	0.01044	0.01392	0.03005	0.80485	0.03606	0.01708	0.00696	0.00221	0.00316	0.01550	0.00506	0.00443
19	0.26149	0.12123	0.23388	0.01220	0.04158	0.18730	0.01176	0.01763	0.01171	0.01806	0.00881	0.01033	0.00693	0.00520	0.00433	0.00155	0.00681	0.00351	0.02887	0.00682
20	0.00712	0.00555	0.00646	0.00623	0.00778	0.00489	0.00467	0.00913	0.01402	0.01850	0.43401	0.04626	0.39105	0.01240	0.00644	0.00177	0.00266	0.01064	0.00556	0.00489
21	0.01457	0.01638	0.12623	0.01915	0.24308	0.09594	0.03191	0.09347	0.26185	0.02051	0.01422	0.01507	0.01091	0.00598	0.00540	0.00169	0.00637	0.00507	0.00386	0.00833
22	0.01895	0.01600	0.11800	0.01242	0.01708	0.01506	0.01121	0.55014	0.03852	0.08607	0.01363	0.01383	0.00965	0.00718	0.02339	0.00181	0.00624	0.00489	0.02705	0.00888
23	0.01121	0.00959	0.01120	0.00806	0.01282	0.00721	0.00643	0.01360	0.01129	0.01769	0.01011	0.02769	0.00865	0.00431	0.00410	0.00084	0.00402	0.00348	0.00327	0.82444
24	0.00792	0.00529	0.00599	0.00597	0.00601	0.00528	0.00336	0.00800	0.00816	0.01092	0.04073	0.03583	0.02081	0.78351	0.02708	0.00517	0.00520	0.00799	0.00339	0.00336
25	0.00837	0.00601	0.00674	0.00667	0.00711	0.02289	0.00424	0.02362	0.00901	0.01204	0.01918	0.05966	0.06216	0.56810	0.13387	0.00521	0.00645	0.00786	0.02692	0.00388
26	0.00664	0.00474	0.00633	0.00759	0.00791	0.00443	0.00506	0.00759	0.01044	0.01392	0.03005	0.80485	0.03606	0.01708	0.00696	0.00221	0.00316	0.01550	0.00506	0.00443
27	0.00766	0.00553	0.00724	0.00690	0.00813	0.00511	0.00514	0.01015	0.01518	0.02146	0.73388	0.07951	0.05066	0.01145	0.00646	0.00174	0.00260	0.01015	0.00595	0.00511
28	0.00853	0.00644	0.00787	0.00731	0.00891	0.00625	0.00554	0.03161	0.09040	0.02165	0.61257	0.03900	0.11119	0.01089	0.00632	0.00174	0.00285	0.00951	0.00586	0.00555
29	0.01287	0.01471	0.03217	0.02298	0.02849	0.01379	0.75460	0.01746	0.01287	0.01746	0.01103	0.01471	0.00827	0.00460	0.00643	0.00184	0.00919	0.00643	0.00276	0.00735
30	0.84691	0.01054	0.00801	0.00717	0.01054	0.01223	0.00590	0.01603	0.00928	0.02446	0.00759	0.00886	0.00590	0.00506	0.00337	0.00169	0.00422	0.00295	0.00337	0.00590
31	0.00793	0.00529	0.00595	0.00595	0.00595	0.00529	0.00330	0.00793	0.00793	0.01057	0.01718	0.03568	0.01982	0.80840	0.02775	0.00529	0.00529	0.00793	0.00330	0.00330
32	0.00664	0.00486	0.00624	0.00732	0.00784	0.00446	0.00495	0.00767	0.01078	0.01417	0.04736	0.69605	0.12853	0.01656	0.00688	0.00216	0.00310	0.01489	0.00508	0.00446
33	0.00800	0.00588	0.00754	0.00707	0.00844	0.00556	0.00532	0.01121	0.05237	0.02191	0.73457	0.03972	0.04972	0.01096	0.00639	0.00172	0.00266	0.00968	0.00598	0.00532
34	0.84691	0.01054	0.00801	0.00717	0.01054	0.01223	0.00590	0.01603	0.00928	0.02446	0.00759	0.00886	0.00590	0.00506	0.00337	0.00169	0.00422	0.00295	0.00337	0.00590
35	0.02052	0.01517	0.01625	0.01250	0.01683	0.01681	0.01031	0.73578	0.04640	0.03403	0.01334	0.01329	0.00948	0.00657	0.00546	0.00164	0.00595	0.00494	0.00546	0.00925
36	0.00780	0.00581	0.00859	0.00859	0.00950	0.00672	0.00660	0.00962	0.00871	0.01253	0.01476	0.02230	0.01401	0.08837	0.73984	0.00855	0.01403	0.00597	0.00294	0.00477
37	0.84691	0.01054	0.00801	0.00717	0.01054	0.01223	0.00590	0.01603	0.00928	0.02446	0.00759	0.00886	0.00590	0.00506	0.00337	0.00169	0.00422	0.00295	0.00337	0.00590
38	0.00664	0.00474	0.00633	0.00759	0.00791	0.00443	0.00506	0.00759	0.01044	0.01392	0.03005	0.80485	0.03606	0.01708	0.00696	0.00221	0.00316	0.01550	0.00506	0.00443
39	0.01356	0.01171	0.01233	0.01109	0.01418	0.01356	0.00863	0.02897	0.76455	0.02281	0.02219	0.02034	0.01664	0.00740	0.00555	0.00185	0.00431	0.00616	0.00555	0.00863
40	0.00947	0.00473	0.00710	0.00710	0.00710	0.00473	0.00473	0.00710	0.00710	0.00947	0.00947	0.01657	0.00947	0.01894	0.02131	0.84138	0.00473	0.00473	0.00237	0.00237
41	0.02353	0.00949	0.01262	0.00982	0.01394	0.00849	0.00807	0.02677	0.07960	0.71362	0.02157	0.01871	0.01376	0.00680	0.00549	0.00170	0.00461	0.00554	0.00665	0.00922
42	0.00664	0.00476	0.00631	0.00754	0.00789	0.00443	0.00504	0.00760	0.01049	0.01394	0.03066	0.78657	0.05394	0.01700	0.00695	0.00221	0.00315	0.01540	0.00506	0.00443
43	0.01403	0.01408	0.02128	0.05905	0.67576	0.08655	0.01608	0.01711	0.01265	0.01725	0.01006	0.01318	0.00843	0.00495	0.00535	0.00161	0.00682	0.00473	0.00270	0.00832
44	0.02038	0.02569	0.01547	0.01400	0.01686	0.76540	0.01053	0.04192	0.01573	0.01392	0.00855	0.00992	0.00708	0.00564	0.00493	0.00141	0.00973	0.00355	0.00288	0.00640
45	0.01461	0.01207	0.01515	0.03315	0.03748	0.01142	0.07004	0.25742	0.03601	0.02320	0.01126	0.01256	0.00870	0.00505	0.00482	0.00124	0.00527	0.00421	0.00394	0.43241
46	0.03924	0.04424	0.01611	0.01223	0.01635	0.07635	0.01004	0.57793	0.08488	0.04813	0.01335	0.01331	0.00964	0.00645	0.00530	0.00162	0.00608	0.00480	0.00513	0.00883
47	0.01219	0.01168	0.02002	0.33952	0.46254	0.01263	0.03154	0.01562	0.01182	0.01624	0.01004	0.01394	0.00808	0.00509	0.00544	0.00170	0.00685	0.00489	0.00259	0.00757
48	0.00687	0.00550	0.00614	0.00606	0.00764	0.00477	0.00451	0.00861	0.01330	0.01700	0.28598	0.08671	0.50149	0.01311	0.00647	0.00182	0.00272	0.01117	0.00537	0.00477
49	0.01556	0.01342	0.07656	0.02954	0.05330	0.01307	0.02837	0.42387	0.03809	0.02604	0.01693	0.19524	0.01567	0.00885	0.00583	0.00180	0.00559	0.01960	0.00484	0.00783
50	0.01340	0.01286	0.02197	0.05473	0.75383	0.01293	0.01669	0.01665	0.01237	0.01770	0.01024	0.01352	0.00860	0.00487	0.00540	0.00162	0.00650	0.00486	0.00269	0.00856
51	0.00671	0.00499	0.00625	0.00709	0.00782	0.00454	0.00488	0.00791	0.01135	0.01487	0.10862	0.57283	0.19063	0.01581	0.00680	0.00209	0.00302	0.01411	0.00515	0.00454
52	0.02077	0.00897	0.01177	0.00936	0.01302	0.00813	0.00761	0.04006	0.07067	0.58083	0.12552	0.02257	0.04017	0.00759	0.00564	0.00171	0.00431	0.00629	0.00648	0.00853
53	0.00748	0.00571	0.00608	0.00588	0.00778	0.00483	0.00445	0.00903	0.01293	0.05319	0.13585	0.04945	0.65197	0.01315	0.00639	0.00182	0.00283	0.01102	0.00525	0.00490
54	0.00692	0.00493	0.00659	0.00783	0.00824	0.00466	0.00544	0.00802	0.01061	0.01410	0.02959	0.70153	0.03512	0.03684	0.00755	0.00233	0.00343	0.09680	0.00501	0.00447
55	0.02037	0.02598	0.01545	0.01404	0.01685	0.78652	0.01053	0.02177	0.01545	0.01334	0.00843	0.00983	0.00702	0.00562	0.00492	0.00140	0.00983	0.00351	0.00281	0.00632
56	0.01859	0.01421	0.01516	0.01211	0.01609	0.01591	0.00985	0.53951	0.24581	0.03092	0.01580	0.01525	0.01147	0.00680	0.00548	0.00170	0.00550	0.00528	0.00548	0.00908
57	0.01130	0.00969	0.01130	0.00807	0.01292	0.00727	0.00646	0.01373	0.01130	0.01776	0.00969	0.01130	0.00807	0.00404	0.00404	0.00081	0.00404	0.00323	0.00323	0.84173
58	0.00664	0.00477	0.00630	0.00752	0.00789	0.00443	0.00503	0.00760	0.01050	0.01394	0.03089	0.77966	0.06070	0.01697	0.00694	0.00220	0.00315	0.01536	0.00506	0.00443
59	0.01437	0.01267	0.01275	0.01134	0.01449	0.05359	0.00884	0.07522	0.67859	0.02306	0.02090	0.01933	0.01567	0.00725	0.00551	0.00181	0.00471	0.00595	0.00540	0.00855
60	0.01148	0.03634	0.00951	0.00768	0.01001	0.02590	0.00601	0.01384	0.01475	0.15142	0.48553	0.03256	0.07133	0.00942	0.00588	0.00160	0.00338	0.00811	0.00560	0.08965
61	0.02044	0.01492	0.01627	0.04066	0.01758	0.01651	0.01048	0.71130	0.02485	0.05216	0.01318	0.01328	0.00930	0.00651	0.00545	0.00164	0.00601	0.00492	0.00538	0.00916
62	0.02110	0.01467	0.01599	0.01226	0.01661	0.01602	0.01013	0.68320	0.02463	0.10880	0.01393	0.01364	0.00969	0.00656	0.00546	0.00164	0.00586	0.00497	0.00558	0.00927
63	0.01239	0.01026	0.01180	0.00865	0.01328	0.00844	0.00693	0.11121	0.01316	0.01982	0.01082	0.03811	0.00917	0.00480	0.00432	0.00096	0.00427	0.00386	0.00358	0.70417
64	0.00725	0.00548	0.00671	0.00685	0.00804	0.00502	0.00496	0.00939	0.03196	0.01789	0.36786	0.25946	0.22232	0.01338	0.00656	0.00189	0.00283	0.01177	0.00549	0.00490
65	0.01130	0.00969	0.01130	0.00807	0.01292	0.00727	0.00646	0.01373	0.01130	0.01776	0.00969	0.01130	0.00807	0.00404	0.00404	0.00081	0.00404	0.00323	0.00323	0.84173
66	0.78162	0.01076	0.00867	0.02944	0.01162	0.01246	0.00639	0.05354	0.01015	0.02467	0.00793	0.00923	0.00611	0.00515	0.00354	0.00169	0.00439	0.00310	0.00345	0.00608
67	0.00666	0.00480	0.00631	0.00747	0.00789	0.00446	0.00502	0.00767	0.01067	0.01417	0.05078	0.74766	0.07276	0.01676	0.00692	0.00218	0.00313	0.01515	0.00509	0.00446
68	0.00793	0.00529	0.00595	0.00595	0.00595	0.00529	0.00330	0.00793	0.00793	0.01057	0.01718	0.03568	0.01982	0.80840	0.02775	0.00529	0.00529	0.00793	0.00330	0.00330
69	0.01332	0.01488	0.02954	0.02454	0.16772	0.04812	0.58314	0.01752	0.01290	0.01734	0.01077	0.01426	0.00828	0.00469	0.00617	0.00178	0.00871	0.00601	0.00275	0.00755
70	0.01302	0.01428	0.02974	0.02551	0.20888	0.01359	0.57616	0.01729	0.01276	0.01755	0.01084	0.01441	0.00836	0.00466	0.00618	0.00179	0.00853	0.00605	0.00274	0.00766
71	0.00664	0.00474	0.00633	0.00759	0.00791	0.00443	0.00506	0.00759	0.01044	0.01392	0.03005	0.80485	0.03606	0.01708	0.00696	0.00221	0.00316	0.01550	0.00506	0.00443
72	0.01050	0.00990	0.01672	0.74711	0.08416	0.01217	0.01524	0.01411	0.01100	0.01417	0.00973	0.01447	0.00735	0.00541	0.00545	0.00180	0.00722	0.00485	0.00244	0.00622
73	0.00693	0.00542	0.00579	0.00580	0.00718	0.00474	0.00412	0.00791	0.01152	0.01411	0.08240	0.06309	0.55782	0.13430	0.01062	0.05547	0.00327	0.01054	0.00467	0.00429
74	0.01130	0.00969	0.01130	0.00807	0.01292	0.00727	0.00646	0.01373	0.01130	0.01776	0.00969	0.01130	0.00807	0.00404	0.00404	0.00081	0.00404	0.00323	0.00323	0.84173
75	0.00688	0.00484	0.00626	0.00729	0.00755	0.00459	0.00474	0.00765	0.00998	0.01330	0.02768	0.66313	0.03307	0.16288	0.01079	0.00278	0.00355	0.01410	0.00474	0.00422
76	0.00753	0.00532	0.00676	0.00701	0.00748	0.00538	0.00468	0.00847	0.00958	0.01304	0.09429	0.21036	0.05237	0.35404	0.18477	0.00486	0.00646	0.00953	0.00395	0.00413
77	0.84691	0.01054	0.00801	0.00717	0.01054	0.01223	0.00590	0.01603	0.00928	0.02446	0.00759	0.00886	0.00590	0.00506	0.00337	0.00169	0.00422	0.00295	0.00337	0.00590
78	0.01093	0.02820	0.78016	0.01554	0.02360	0.01266	0.02014	0.01727	0.01151	0.01727	0.00978	0.01151	0.00691	0.00518	0.00518	0.00173	0.00806	0.00403	0.00230	0.00806
79	0.00793	0.00529	0.00595	0.00595	0.00595	0.00529	0.00330	0.00793	0.00793	0.01057	0.01718	0.03568	0.01982	0.80840	0.02775	0.00529	0.00529	0.00793	0.00330	0.00330
80	0.01354	0.01181	0.01299	0.01149	0.01466	0.01357	0.03360	0.02858	0.73938	0.02263	0.02182	0.02015	0.01636	0.00730	0.00558	0.00185	0.00448	0.00617	0.00545	0.00859
81	0.01222	0.00684	0.00710	0.00641	0.00825	0.00708	0.00498	0.13450	0.01385	0.04009	0.01710	0.01910	0.01319	0.00639	0.00412	0.00134	0.00315	0.00506	0.68336	0.00586
82	0.01287	0.01471	0.03217	0.02298	0.02849	0.01379	0.75460	0.01746	0.01287	0.01746	0.01103	0.01471	0.00827	0.00460	0.00643	0.00184	0.00919	0.00643	0.00276	0.00735
83	0.02037	0.02598	0.01545	0.01404	0.01685	0.78652	0.01053	0.02177	0.01545	0.01334	0.00843	0.00983	0.00702	0.00562	0.00492	0.00140	0.00983	0.00351	0.00281	0.00632
84	0.02446	0.00928	0.01265	0.00970	0.01392	0.00801	0.00801	0.02657	0.01560	0.77817	0.02151	0.01856	0.01350	0.00675	0.00548	0.00169	0.00464	0.00548	0.00675	0.00928
85	0.00712	0.00555	0.00646	0.00624	0.00778	0.00489	0.00468	0.00914	0.01403	0.01854	0.43756	0.04620	0.38748	0.01239	0.00644	0.00177	0.00266	0.01063	0.00556	0.00489
86	0.00800	0.00628	0.02726	0.00905	0.01021	0.00572	0.00752	0.01005	0.01195	0.01568	0.05508	0.29356	0.07389	0.01525	0.00719	0.00233	0.00430	0.42677	0.00500	0.00489
87	0.02314	0.00932	0.01252	0.00954	0.01382	0.00794	0.00786	0.02528	0.01517	0.70207	0.02033	0.01783	0.01295	0.00648	0.00534	0.00160	0.00458	0.00526	0.00640	0.09259
88	0.01093	0.02820	0.78016	0.01554	0.02360	0.01266	0.02014	0.01727	0.01151	0.01727	0.00978	0.01151	0.00691	0.00518	0.00518	0.00173	0.00806	0.00403	0.00230	0.00806
89	0.01030	0.00969	0.01635	0.79530	0.03755	0.01211	0.01514	0.01393	0.01090	0.01393	0.00969	0.01453	0.00727	0.00545	0.00545	0.00182	0.00727	0.00484	0.00242	0.00606
90	0.00793	0.00529	0.00595	0.00595	0.00595	0.00529	0.00330	0.00793	0.00793	0.01057	0.01718	0.03568	0.01982	0.80840	0.02775	0.00529	0.00529	0.00793	0.00330	0.00330
91	0.00657	0.00553	0.00570	0.00566	0.00744	0.00466	0.00424	0.00807	0.01273	0.01544	0.12691	0.05129	0.70005	0.01354	0.00644	0.00183	0.00274	0.01134	0.00516	0.00466
92	0.01093	0.02820	0.78016	0.01554	0.02360	0.01266	0.02014	0.01727	0.01151	0.01727	0.00978	0.01151	0.00691	0.00518	0.00518	0.00173	0.00806	0.00403	0.00230	0.00806
93	0.17662	0.00973	0.01193	0.00933	0.01340	0.00911	0.00771	0.05089	0.01479	0.61182	0.01863	0.01656	0.01194	0.00643	0.00509	0.00169	0.00461	0.00499	0.00608	0.00865
94	0.82435	0.01051	0.00814	0.00724	0.01064	0.01211	0.00596	0.01631	0.00945	0.04514	0.00797	0.00912	0.00611	0.00511	0.00343	0.00169	0.00423	0.00302	0.00347	0.00600

[dist]
# distance from previous block
# <min> <max>
0	8

[block]
# block no. 3 follows, 44 sequences, length 49
# corresponding to MSA columns:
# 357-405
name=unknown_D
#
# <colnr> <probs for GDERKNQSTAVLIFYWHMCP>
#	G	D	E	R	K	N	Q	S	T	A	V	L	I	F	Y	W	H	M	C	P
0	0.02071	0.01570	0.01632	0.01260	0.01690	0.04771	0.01037	0.72682	0.02523	0.03352	0.01290	0.01296	0.00918	0.00651	0.00543	0.00163	0.00615	0.00485	0.00535	0.00915
1	0.01680	0.00986	0.01247	0.00920	0.01379	0.00808	0.02296	0.04849	0.01357	0.31245	0.01442	0.01425	0.01022	0.00520	0.00470	0.00120	0.00446	0.00424	0.00467	0.46896
2	0.00779	0.00584	0.00876	0.00876	0.00974	0.00681	0.00681	0.00974	0.00876	0.01266	0.01460	0.02142	0.01363	0.04089	0.78680	0.00876	0.01460	0.00584	0.00292	0.00487
3	0.00876	0.00609	0.00785	0.00725	0.00875	0.00573	0.00553	0.04063	0.01577	0.04450	0.69942	0.03951	0.04810	0.01094	0.00639	0.00173	0.00283	0.02879	0.00598	0.00543
4	0.00664	0.00474	0.00633	0.00759	0.00791	0.00443	0.00506	0.00759	0.01044	0.01392	0.03005	0.80485	0.03606	0.01708	0.00696	0.00221	0.00316	0.01550	0.00506	0.00443
5	0.01319	0.01476	0.11174	0.03134	0.68564	0.01292	0.01713	0.01679	0.01231	0.01775	0.01020	0.01326	0.00843	0.00490	0.00537	0.00163	0.00666	0.00476	0.00265	0.00857
6	0.00975	0.00875	0.00851	0.00896	0.01002	0.12256	0.00640	0.05189	0.02732	0.01562	0.06139	0.55978	0.03039	0.01422	0.00654	0.00204	0.00439	0.04155	0.00480	0.00512
7	0.01154	0.15918	0.65451	0.01450	0.02199	0.01415	0.01833	0.01711	0.01144	0.01652	0.00942	0.01105	0.00692	0.00509	0.00490	0.00163	0.00768	0.00384	0.00231	0.00788
8	0.01362	0.10738	0.02289	0.03061	0.68450	0.01397	0.01586	0.01668	0.01226	0.01722	0.00994	0.01293	0.00844	0.00483	0.00517	0.00157	0.00640	0.00463	0.00266	0.00844
9	0.02446	0.00928	0.01265	0.00970	0.01392	0.00801	0.00801	0.02657	0.01560	0.77817	0.02151	0.01856	0.01350	0.00675	0.00548	0.00169	0.00464	0.00548	0.00675	0.00928
10	0.01447	0.78977	0.04959	0.00950	0.01426	0.02132	0.00963	0.01635	0.01109	0.01295	0.00764	0.00882	0.00699	0.00468	0.00355	0.00118	0.00589	0.00295	0.00233	0.00703
11	0.00767	0.00557	0.00723	0.00681	0.00812	0.00513	0.00511	0.01021	0.01533	0.02163	0.74775	0.04111	0.07536	0.01123	0.00643	0.00172	0.00258	0.00991	0.00597	0.00513
12	0.00779	0.00584	0.00876	0.00876	0.00974	0.00681	0.00681	0.00974	0.00876	0.01266	0.01460	0.02142	0.01363	0.04089	0.78680	0.00876	0.01460	0.00584	0.00292	0.00487
13	0.01030	0.00969	0.01635	0.79530	0.03755	0.01211	0.01514	0.01393	0.01090	0.01393	0.00969	0.01453	0.00727	0.00545	0.00545	0.00182	0.00727	0.00484	0.00242	0.00606
14	0.00664	0.00474	0.00633	0.00759	0.00791	0.00443	0.00506	0.00759	0.01044	0.01392	0.03005	0.80485	0.03606	0.01708	0.00696	0.00221	0.00316	0.01550	0.00506	0.00443
15	0.01130	0.00969	0.01130	0.00807	0.01292	0.00727	0.00646	0.01373	0.01130	0.01776	0.00969	0.01130	0.00807	0.00404	0.00404	0.00081	0.00404	0.00323	0.00323	0.84173
16	0.00779	0.00584	0.00876	0.00876	0.00974	0.00681	0.00681	0.00974	0.00876	0.01266	0.01460	0.02142	0.01363	0.04089	0.78680	0.00876	0.01460	0.00584	0.00292	0.00487
17	0.00664	0.00474	0.00633	0.00759	0.00791	0.00443	0.00506	0.00759	0.01044	0.01392	0.03005	0.80485	0.03606	0.01708	0.00696	0.00221	0.00316	0.01550	0.00506	0.00443
