[name]
unknown

[dist]
# distance from previous block
# <min> <max>
0	34

[block]
# block no. 0 follows, 49 sequences, length 277
# corresponding to MSA columns:
# 34-310
name=unknown_A
#
# <colnr> <probs for GDERKNQSTAVLIFYWHMCP>
#	G	D	E	R	K	N	Q	S	T	A	V	L	I	F	Y	W	H	M	C	P
0	0.10133	0.02221	0.03993	0.02769	0.01247	0.00852	0.00744	0.04973	0.08452	0.38949	0.14430	0.02085	0.04191	0.00705	0.00506	0.00160	0.00412	0.01925	0.00529	0.00725
1	0.06685	0.07084	0.08204	0.02983	0.01505	0.01097	0.09282	0.14884	0.04191	0.20300	0.15097	0.01765	0.01600	0.00642	0.00531	0.00157	0.02300	0.00537	0.00445	0.00712
2	0.07806	0.25703	0.16159	0.04957	0.06986	0.02712	0.19784	0.01524	0.01080	0.01519	0.03518	0.01161	0.00821	0.00487	0.00501	0.00148	0.03805	0.00419	0.00248	0.00662
3	0.02644	0.00456	0.00591	0.00698	0.00739	0.00430	0.00470	0.00729	0.00979	0.01332	0.04455	0.76870	0.04662	0.01540	0.00636	0.00203	0.00294	0.01392	0.00468	0.00416
4	0.03064	0.00901	0.01041	0.00747	0.01193	0.00685	0.00598	0.01278	0.01044	0.01663	0.00894	0.01043	0.00744	0.00377	0.00373	0.00077	0.00375	0.00299	0.00300	0.83304
5	0.03202	0.01078	0.01644	0.37233	0.19071	0.01219	0.05686	0.10045	0.12460	0.01743	0.01117	0.01379	0.00851	0.00526	0.00507	0.00163	0.00609	0.00473	0.00308	0.00688
6	0.03282	0.01212	0.01897	0.06781	0.41706	0.02819	0.11648	0.05256	0.16759	0.01797	0.01184	0.01382	0.00933	0.00507	0.00512	0.00158	0.00598	0.00488	0.00316	0.00763
7	0.01042	0.02448	0.70424	0.01638	0.11294	0.01178	0.01831	0.01596	0.01078	0.01607	0.00913	0.01089	0.00660	0.00477	0.00483	0.00159	0.00730	0.00383	0.00218	0.00754
8	0.03939	0.00874	0.01132	0.00886	0.01240	0.00801	0.00725	0.09918	0.01527	0.59403	0.12245	0.01926	0.01670	0.00675	0.00516	0.00156	0.00416	0.00552	0.00597	0.00802
9	0.08477	0.01482	0.01374	0.13372	0.01711	0.28827	0.02508	0.04808	0.02370	0.08769	0.05344	0.01282	0.00962	0.00626	0.00697	0.00162	0.15878	0.00427	0.00317	0.00609
10	0.00800	0.00595	0.00733	0.00686	0.00829	0.00574	0.00519	0.05548	0.05228	0.01995	0.58670	0.08285	0.10299	0.01050	0.00592	0.00164	0.00274	0.02115	0.00538	0.00508
11	0.00616	0.00440	0.00587	0.00704	0.00733	0.00411	0.00469	0.00704	0.00968	0.01291	0.02787	0.81899	0.03344	0.01584	0.00645	0.00205	0.00293	0.01438	0.00469	0.00411
12	0.01224	0.01298	0.10972	0.29312	0.32213	0.01228	0.01448	0.13063	0.01281	0.01757	0.00968	0.01257	0.00748	0.00497	0.00501	0.00158	0.00636	0.00442	0.00276	0.00722
13	0.85801	0.00978	0.00743	0.00665	0.00978	0.01134	0.00548	0.01486	0.00861	0.02269	0.00704	0.00821	0.00548	0.00469	0.00313	0.00156	0.00391	0.00274	0.00313	0.00548
14	0.01106	0.01106	0.01549	0.01328	0.01328	0.01549	0.01106	0.01217	0.00774	0.01217	0.00664	0.01106	0.00664	0.00885	0.01659	0.00221	0.81303	0.00443	0.00221	0.00553
15	0.01113	0.02397	0.70304	0.01369	0.02065	0.01115	0.01727	0.01656	0.01112	0.08361	0.03475	0.01210	0.00825	0.00511	0.00487	0.00160	0.00704	0.00403	0.00260	0.00749
16	0.85801	0.00978	0.00743	0.00665	0.00978	0.01134	0.00548	0.01486	0.00861	0.02269	0.00704	0.00821	0.00548	0.00469	0.00313	0.00156	0.00391	0.00274	0.00313	0.00548
17	0.08397	0.00877	0.01131	0.00873	0.01261	0.00778	0.00719	0.02305	0.02926	0.66197	0.01817	0.01606	0.01167	0.00596	0.00484	0.00151	0.00423	0.00476	0.00575	0.07241
18	0.00716	0.00517	0.00676	0.00636	0.00755	0.00477	0.00477	0.00954	0.01431	0.02028	0.78808	0.03777	0.04771	0.01034	0.00596	0.00159	0.00239	0.00914	0.00557	0.00477
19	0.00616	0.00440	0.00587	0.00704	0.00733	0.00411	0.00469	0.00704	0.00968	0.01291	0.02787	0.81899	0.03344	0.01584	0.00645	0.00205	0.00293	0.01438	0.00469	0.00411
20	0.02248	0.00865	0.01173	0.00902	0.01291	0.00754	0.00744	0.02469	0.02986	0.77874	0.01996	0.01724	0.01258	0.00627	0.00509	0.00157	0.00430	0.00510	0.00624	0.00859
21	0.01679	0.00730	0.00984	0.00800	0.01087	0.00642	0.00642	0.01891	0.01441	0.50013	0.31184	0.02502	0.02589	0.00781	0.00542	0.00157	0.00357	0.00663	0.00600	0.00715
22	0.00955	0.00899	0.01517	0.81013	0.03483	0.01123	0.01404	0.01292	0.01011	0.01292	0.00899	0.01348	0.00674	0.00506	0.00506	0.00169	0.00674	0.00449	0.00225	0.00562
23	0.00735	0.00490	0.00552	0.00552	0.00552	0.00490	0.00306	0.00735	0.00735	0.00980	0.01593	0.03309	0.01838	0.82229	0.02574	0.00490	0.00490	0.00735	0.00306	0.00306
24	0.01889	0.02410	0.01433	0.01303	0.01563	0.80199	0.00977	0.02019	0.01433	0.01238	0.00782	0.00912	0.00651	0.00521	0.00456	0.00130	0.00912	0.00326	0.00261	0.00586
25	0.28997	0.01163	0.01281	0.09418	0.08531	0.03019	0.00910	0.27286	0.01482	0.09589	0.01041	0.01142	0.00761	0.00545	0.00473	0.00157	0.02713	0.00397	0.00389	0.00708
26	0.01424	0.71748	0.02486	0.00924	0.01334	0.12527	0.00880	0.01582	0.01082	0.01196	0.00714	0.00825	0.00649	0.00445	0.00342	0.00111	0.00591	0.00278	0.00222	0.00640
27	0.85801	0.00978	0.00743	0.00665	0.00978	0.01134	0.00548	0.01486	0.00861	0.02269	0.00704	0.00821	0.00548	0.00469	0.00313	0.00156	0.00391	0.00274	0.00313	0.00548
28	0.01724	0.02348	0.12002	0.01455	0.07415	0.63684	0.01140	0.01928	0.01363	0.01317	0.00811	0.00958	0.00661	0.00510	0.00463	0.00136	0.00867	0.00341	0.00253	0.00624
29	0.00722	0.00542	0.00813	0.00813	0.00903	0.00632	0.00632	0.00903	0.00813	0.01174	0.01354	0.01987	0.01264	0.03792	0.80225	0.00813	0.01354	0.00542	0.00271	0.00451
30	0.01136	0.00535	0.00585	0.00541	0.00705	0.00512	0.00417	0.01360	0.01127	0.14185	0.01878	0.02008	0.05157	0.00629	0.00390	0.00127	0.00268	0.00507	0.67402	0.00531
31	0.00615	0.00444	0.00583	0.00693	0.00731	0.00412	0.00465	0.00705	0.00979	0.01295	0.02919	0.77537	0.07621	0.01567	0.00643	0.00203	0.00291	0.01417	0.00469	0.00412
32	0.01850	0.01381	0.01477	0.01149	0.01541	0.01535	0.00944	0.69303	0.10580	0.03071	0.01305	0.01287	0.00934	0.00616	0.00507	0.00154	0.00540	0.00468	0.00507	0.00854
33	0.02672	0.00489	0.00491	0.00484	0.00611	0.00490	0.00365	0.01210	0.01064	0.03462	0.01638	0.01861	0.01280	0.00587	0.00356	0.00119	0.00243	0.00468	0.81628	0.00481
34	0.85801	0.00978	0.00743	0.00665	0.00978	0.01134	0.00548	0.01486	0.00861	0.02269	0.00704	0.00821	0.00548	0.00469	0.00313	0.00156	0.00391	0.00274	0.00313	0.00548
35	0.01228	0.01177	0.02009	0.09368	0.72997	0.01195	0.01540	0.01531	0.01140	0.01623	0.00947	0.01259	0.00791	0.00455	0.00501	0.00152	0.00607	0.00450	0.00248	0.00782
36	0.01352	0.82533	0.02650	0.00865	0.01298	0.02001	0.00865	0.01514	0.01027	0.01190	0.00703	0.00811	0.00649	0.00433	0.00324	0.00108	0.00541	0.00270	0.00216	0.00649
37	0.02992	0.00901	0.01498	0.79084	0.03423	0.01124	0.01384	0.01297	0.01008	0.01315	0.00894	0.01336	0.00671	0.00505	0.00501	0.00168	0.00667	0.00445	0.00227	0.00561
38	0.01257	0.01058	0.01123	0.00996	0.01278	0.01205	0.00778	0.09171	0.63661	0.02173	0.06463	0.02065	0.05070	0.00725	0.00522	0.00169	0.00399	0.00603	0.00514	0.00771
39	0.00607	0.00487	0.00543	0.00583	0.00703	0.00423	0.00417	0.00724	0.01095	0.01357	0.06303	0.32059	0.50162	0.01381	0.00614	0.00183	0.00269	0.01194	0.00472	0.00423
40	0.00954	0.00875	0.01457	0.76453	0.03319	0.01087	0.01345	0.01286	0.01014	0.01326	0.00941	0.01379	0.00709	0.00510	0.00497	0.00166	0.00649	0.00451	0.05027	0.00557
41	0.00616	0.00440	0.00587	0.00704	0.00733	0.00411	0.00469	0.00704	0.00968	0.01291	0.02787	0.81899	0.03344	0.01584	0.00645	0.00205	0.00293	0.01438	0.00469	0.00411
42	0.00878	0.00439	0.00659	0.00659	0.00659	0.00439	0.00439	0.00659	0.00659	0.00878	0.00878	0.01537	0.00878	0.01757	0.01976	0.85288	0.00439	0.00439	0.00220	0.00220
43	0.01889	0.02410	0.01433	0.01303	0.01563	0.80199	0.00977	0.02019	0.01433	0.01238	0.00782	0.00912	0.00651	0.00521	0.00456	0.00130	0.00912	0.00326	0.00261	0.00586
44	0.01049	0.00899	0.01049	0.00749	0.01198	0.00674	0.00599	0.01273	0.01049	0.01648	0.00899	0.01049	0.00749	0.00374	0.00374	0.00075	0.00374	0.00300	0.00300	0.85320
45	0.01095	0.01097	0.01599	0.01351	0.01384	0.01495	0.05397	0.01227	0.00800	0.01238	0.00713	0.01158	0.00695	0.00981	0.04906	0.00243	0.73383	0.00455	0.00225	0.00556
46	0.01045	0.00972	0.01538	0.57419	0.14179	0.01155	0.01334	0.01543	0.12826	0.01470	0.01084	0.01416	0.00826	0.00525	0.00506	0.00166	0.00622	0.00468	0.00273	0.00633
47	0.80200	0.00953	0.00744	0.00669	0.00973	0.01093	0.00546	0.01448	0.00870	0.02213	0.00796	0.04239	0.00670	0.00514	0.00328	0.00157	0.00387	0.00323	0.00319	0.02558
48	0.00897	0.00566	0.00640	0.00605	0.00797	0.00482	0.00459	0.01034	0.01188	0.15158	0.05511	0.13143	0.55265	0.01196	0.00587	0.00172	0.00291	0.01009	0.00499	0.00502
49	0.01031	0.00998	0.01399	0.05733	0.01366	0.01337	0.01018	0.01156	0.00825	0.01249	0.00968	0.11798	0.01022	0.00935	0.01406	0.00210	0.62622	0.00568	0.00258	0.04102
50	0.00616	0.00513	0.00537	0.00531	0.00694	0.00435	0.00398	0.00761	0.01195	0.01467	0.16388	0.04700	0.67541	0.01243	0.00597	0.00169	0.00253	0.01044	0.00483	0.00435
51	0.01252	0.01201	0.02053	0.03104	0.79074	0.01201	0.01552	0.01552	0.01151	0.01652	0.00951	0.01252	0.00801	0.00451	0.00501	0.00150	0.00601	0.00451	0.00250	0.00801
52	0.01338	0.01145	0.03028	0.01043	0.01358	0.01262	0.00836	0.10001	0.65402	0.04097	0.01922	0.01780	0.01431	0.00666	0.00510	0.00167	0.00424	0.00548	0.00505	0.02536
53	0.00723	0.00541	0.00807	0.00807	0.00896	0.00629	0.00625	0.00899	0.00811	0.01170	0.01359	0.02014	0.01276	0.05446	0.78588	0.00806	0.01336	0.00546	0.00272	0.00448
54	0.01362	0.01341	0.01953	0.02789	0.65924	0.09426	0.01453	0.06596	0.01261	0.01710	0.00951	0.01214	0.00789	0.00468	0.00496	0.00148	0.00630	0.00438	0.00268	0.00783
55	0.09486	0.01255	0.01373	0.01061	0.01455	0.01348	0.00876	0.54152	0.02038	0.19854	0.01340	0.01290	0.00918	0.00599	0.00489	0.00153	0.00514	0.00451	0.00515	0.00832
56	0.01106	0.01106	0.01549	0.01328	0.01328	0.01549	0.01106	0.01217	0.00774	0.01217	0.00664	0.01106	0.00664	0.00885	0.01659	0.00221	0.81303	0.00443	0.00221	0.00553
57	0.61083	0.00943	0.00871	0.00734	0.01071	0.01019	0.00606	0.01776	0.01034	0.25100	0.01086	0.01088	0.00756	0.00516	0.00371	0.00156	0.00403	0.00343	0.00406	0.00640
58	0.00955	0.00899	0.01517	0.81013	0.03483	0.01123	0.01404	0.01292	0.01011	0.01292	0.00899	0.01348	0.00674	0.00506	0.00506	0.00169	0.00674	0.00449	0.00225	0.00562
59	0.01034	0.06356	0.74138	0.01431	0.02157	0.01216	0.03631	0.01598	0.01069	0.01582	0.00901	0.01063	0.00644	0.00477	0.00476	0.00158	0.00740	0.00374	0.00215	0.00741
60	0.00713	0.00517	0.00673	0.00634	0.00754	0.00476	0.00475	0.00950	0.01426	0.02015	0.77392	0.03798	0.06195	0.01039	0.00596	0.00159	0.00239	0.00917	0.00555	0.00476
61	0.00955	0.00899	0.01517	0.81013	0.03483	0.01123	0.01404	0.01292	0.01011	0.01292	0.00899	0.01348	0.00674	0.00506	0.00506	0.00169	0.00674	0.00449	0.00225	0.00562
62	0.01352	0.82533	0.02650	0.00865	0.01298	0.02001	0.00865	0.01514	0.01027	0.01190	0.00703	0.00811	0.00649	0.00433	0.00324	0.00108	0.00541	0.00270	0.00216	0.00649
63	0.00716	0.00517	0.00676	0.00636	0.00755	0.00477	0.00477	0.00954	0.01431	0.02028	0.78808	0.03777	0.04771	0.01034	0.00596	0.00159	0.00239	0.00914	0.00557	0.00477
64	0.01344	0.01183	0.01484	0.01263	0.01343	0.08234	0.01042	0.01468	0.00930	0.12628	0.00868	0.01179	0.00748	0.00816	0.01387	0.00204	0.62551	0.00442	0.00284	0.00601
65	0.00947	0.00646	0.00802	0.00712	0.00880	0.00627	0.00548	0.10636	0.01544	0.05909	0.63848	0.03319	0.04042	0.00952	0.00576	0.00157	0.00288	0.00829	0.02196	0.00544
66	0.01403	0.01131	0.01208	0.01037	0.01344	0.01281	0.00820	0.20674	0.54308	0.03536	0.06199	0.01828	0.01556	0.00686	0.00517	0.00166	0.00429	0.00562	0.00516	0.00797
67	0.01569	0.01217	0.01571	0.03012	0.04885	0.01242	0.10407	0.39092	0.04722	0.06809	0.01237	0.03714	0.00945	0.00565	0.00497	0.00142	0.00542	0.00480	0.00424	0.16927
68	0.01352	0.82533	0.02650	0.00865	0.01298	0.02001	0.00865	0.01514	0.01027	0.01190	0.00703	0.00811	0.00649	0.00433	0.00324	0.00108	0.00541	0.00270	0.00216	0.00649
69	0.01889	0.02410	0.01433	0.01303	0.01563	0.80199	0.00977	0.02019	0.01433	0.01238	0.00782	0.00912	0.00651	0.00521	0.00456	0.00130	0.00912	0.00326	0.00261	0.00586
70	0.04024	0.01205	0.01375	0.01056	0.01454	0.01259	0.00873	0.48485	0.02005	0.30755	0.01485	0.01388	0.00994	0.00611	0.00502	0.00154	0.00507	0.00470	0.00545	0.00853
71	0.01252	0.01201	0.02053	0.03104	0.79074	0.01201	0.01552	0.01552	0.01151	0.01652	0.00951	0.01252	0.00801	0.00451	0.00501	0.00150	0.00601	0.00451	0.00250	0.00801
72	0.00633	0.00449	0.00580	0.00678	0.00706	0.00423	0.00444	0.00709	0.00938	0.01247	0.02661	0.68974	0.04642	0.13255	0.00924	0.00246	0.00321	0.01328	0.00446	0.00396
73	0.01005	0.00618	0.00661	0.00606	0.00769	0.00628	0.00466	0.10875	0.03154	0.02037	0.15538	0.02394	0.08638	0.00733	0.00441	0.00135	0.00283	0.00602	0.49890	0.00526
74	0.01922	0.01416	0.01518	0.01163	0.01568	0.01568	0.00961	0.77388	0.02378	0.03187	0.01214	0.01214	0.00860	0.00607	0.00506	0.00152	0.00556	0.00455	0.00506	0.00860
75	0.02888	0.00483	0.00478	0.00476	0.00598	0.00487	0.00358	0.01185	0.01056	0.01894	0.01628	0.01861	0.01279	0.00586	0.00353	0.00119	0.00239	0.00467	0.83093	0.00473
76	0.85801	0.00978	0.00743	0.00665	0.00978	0.01134	0.00548	0.01486	0.00861	0.02269	0.00704	0.00821	0.00548	0.00469	0.00313	0.00156	0.00391	0.00274	0.00313	0.00548
77	0.74252	0.00962	0.00803	0.00697	0.01021	0.01080	0.00575	0.01622	0.00942	0.12936	0.00883	0.00946	0.00645	0.00491	0.00340	0.00156	0.00397	0.00306	0.00356	0.00591
78	0.01352	0.82533	0.02650	0.00865	0.01298	0.02001	0.00865	0.01514	0.01027	0.01190	0.00703	0.00811	0.00649	0.00433	0.00324	0.00108	0.00541	0.00270	0.00216	0.00649
79	0.00963	0.00907	0.01531	0.78892	0.05541	0.01126	0.01408	0.01299	0.01015	0.01302	0.00900	0.01346	0.00678	0.00504	0.00505	0.00168	0.00672	0.00449	0.00225	0.00568
80	0.01194	0.01364	0.02984	0.02131	0.02643	0.01279	0.77238	0.01620	0.01194	0.01620	0.01023	0.01364	0.00767	0.00426	0.00597	0.00171	0.00853	0.00597	0.00256	0.00682
81	0.00649	0.00500	0.00593	0.00601	0.00722	0.00444	0.00439	0.00813	0.01228	0.01617	0.34292	0.19884	0.33912	0.01242	0.00607	0.00173	0.00257	0.01080	0.00505	0.00444
82	0.00728	0.00494	0.00587	0.00592	0.00605	0.00505	0.00356	0.00755	0.00756	0.01020	0.01619	0.06847	0.01836	0.68350	0.12456	0.00518	0.00592	0.00744	0.00310	0.00330
83	0.00722	0.00542	0.00813	0.00813	0.00903	0.00632	0.00632	0.00903	0.00813	0.01174	0.01354	0.01987	0.01264	0.03792	0.80225	0.00813	0.01354	0.00542	0.00271	0.00451
84	0.00878	0.00439	0.00659	0.00659	0.00659	0.00439	0.00439	0.00659	0.00659	0.00878	0.00878	0.01537	0.00878	0.01757	0.01976	0.85288	0.00439	0.00439	0.00220	0.00220
85	0.01352	0.82533	0.02650	0.00865	0.01298	0.02001	0.00865	0.01514	0.01027	0.01190	0.00703	0.00811	0.00649	0.00433	0.00324	0.00108	0.00541	0.00270	0.00216	0.00649
86	0.00716	0.00517	0.00676	0.00636	0.00755	0.00477	0.00477	0.00954	0.01431	0.02028	0.78808	0.03777	0.04771	0.01034	0.00596	0.00159	0.00239	0.00914	0.00557	0.00477
87	0.01987	0.01182	0.01361	0.01043	0.01443	0.01215	0.00860	0.44902	0.03171	0.30546	0.01491	0.01398	0.01006	0.00602	0.00500	0.00149	0.00498	0.00467	0.00538	0.05642
88	0.01437	0.01175	0.01244	0.01065	0.01383	0.01341	0.00844	0.22791	0.57765	0.02404	0.01831	0.01706	0.01360	0.00665	0.00512	0.00166	0.00442	0.00540	0.00512	0.00816
89	0.82123	0.00973	0.00762	0.00675	0.00992	0.01117	0.00556	0.01529	0.00886	0.05666	0.00761	0.00861	0.00579	0.00476	0.00322	0.00156	0.00393	0.00284	0.00327	0.00561
90	0.00972	0.00918	0.01522	0.69216	0.06838	0.01142	0.01365	0.01284	0.00999	0.01303	0.00930	0.03303	0.00745	0.00559	0.00597	0.00173	0.06861	0.00473	0.00232	0.00569
91	0.00713	0.00525	0.00670	0.00628	0.00759	0.00477	0.00472	0.00941	0.01397	0.01960	0.70394	0.03810	0.11291	0.01040	0.00591	0.00158	0.00243	0.00914	0.00543	0.02472
92	0.00598	0.00511	0.00514	0.00516	0.00684	0.00427	0.00386	0.00725	0.01149	0.01365	0.05078	0.06350	0.77415	0.01287	0.00599	0.00171	0.00257	0.01074	0.00470	0.00427
93	0.00955	0.00899	0.01517	0.81013	0.03483	0.01123	0.01404	0.01292	0.01011	0.01292	0.00899	0.01348	0.00674	0.00506	0.00506	0.00169	0.00674	0.00449	0.00225	0.00562
94	0.01246	0.01196	0.02042	0.04618	0.77605	0.01200	0.01549	0.01547	0.01149	0.01645	0.00950	0.01253	0.00799	0.00452	0.00501	0.00151	0.00602	0.00451	0.00250	0.00796
95	0.00735	0.00490	0.00552	0.00552	0.00552	0.00490	0.00306	0.00735	0.00735	0.00980	0.01593	0.03309	0.01838	0.82229	0.02574	0.00490	0.00490	0.00735	0.00306	0.00306
96	0.00998	0.00920	0.01578	0.75368	0.03390	0.01122	0.04966	0.01336	0.01030	0.03184	0.00931	0.01358	0.00692	0.00505	0.00510	0.00168	0.00677	0.00458	0.00236	0.00575
97	0.85801	0.00978	0.00743	0.00665	0.00978	0.01134	0.00548	0.01486	0.00861	0.02269	0.00704	0.00821	0.00548	0.00469	0.00313	0.00156	0.00391	0.00274	0.00313	0.00548
98	0.01106	0.01106	0.01549	0.01328	0.01328	0.01549	0.01106	0.01217	0.00774	0.01217	0.00664	0.01106	0.00664	0.00885	0.01659	0.00221	0.81303	0.00443	0.00221	0.00553
99	0.01408	0.63547	0.07041	0.00978	0.01392	0.13895	0.00948	0.01589	0.01086	0.01222	0.00726	0.00849	0.00649	0.00460	0.00386	0.00117	0.02549	0.00289	0.00223	0.00643
100	0.23942	0.01275	0.01298	0.01020	0.01400	0.01415	0.00842	0.53942	0.01936	0.06543	0.01117	0.01135	0.00797	0.00572	0.00455	0.00153	0.00507	0.00410	0.00461	0.00778
101	0.02958	0.02578	0.77800	0.01423	0.02161	0.01173	0.01838	0.01599	0.01063	0.01617	0.00903	0.01062	0.00638	0.00480	0.00477	0.00160	0.00739	0.00371	0.00216	0.00743
102	0.00705	0.00516	0.00661	0.00625	0.00749	0.00473	0.00469	0.00933	0.01406	0.01967	0.72087	0.03877	0.11529	0.01056	0.00597	0.00160	0.00240	0.00928	0.00549	0.00473
103	0.01889	0.02410	0.01433	0.01303	0.01563	0.80199	0.00977	0.02019	0.01433	0.01238	0.00782	0.00912	0.00651	0.00521	0.00456	0.00130	0.00912	0.00326	0.00261	0.00586
104	0.06025	0.01048	0.01256	0.00976	0.01362	0.01041	0.00803	0.25197	0.06046	0.48263	0.01701	0.01534	0.01116	0.00616	0.00499	0.00156	0.00465	0.00485	0.00568	0.00842
105	0.00716	0.00517	0.00676	0.00636	0.00755	0.00477	0.00477	0.00954	0.01431	0.02028	0.78808	0.03777	0.04771	0.01034	0.00596	0.00159	0.00239	0.00914	0.00557	0.00477
106	0.01252	0.01201	0.02053	0.03104	0.79074	0.01201	0.01552	0.01552	0.01151	0.01652	0.00951	0.01252	0.00801	0.00451	0.00501	0.00150	0.00601	0.00451	0.00250	0.00801
107	0.00735	0.00490	0.00552	0.00552	0.00552	0.00490	0.00306	0.00735	0.00735	0.00980	0.01593	0.03309	0.01838	0.82229	0.02574	0.00490	0.00490	0.00735	0.00306	0.00306
108	0.01891	0.02354	0.01438	0.01295	0.01564	0.75746	0.00976	0.06287	0.01486	0.01348	0.00806	0.00929	0.00663	0.00526	0.00459	0.00131	0.00892	0.00333	0.00274	0.00602
109	0.01113	0.14047	0.63609	0.01335	0.02005	0.01286	0.01662	0.01613	0.01069	0.04527	0.00914	0.01057	0.00666	0.00489	0.00487	0.00154	0.02640	0.00366	0.00230	0.00733
110	0.00905	0.00738	0.00918	0.00874	0.00995	0.05239	0.00679	0.07711	0.00981	0.01348	0.01301	0.01892	0.01203	0.06701	0.63122	0.00685	0.03398	0.00528	0.00291	0.00492
111	0.11045	0.04189	0.01333	0.01028	0.01393	0.15126	0.00836	0.25843	0.01660	0.30558	0.01350	0.01290	0.00925	0.00578	0.00471	0.00149	0.00555	0.00426	0.00475	0.00771
112	0.01901	0.01241	0.01384	0.01084	0.01467	0.01335	0.00888	0.49243	0.13543	0.20255	0.01517	0.01430	0.01051	0.00623	0.00508	0.00156	0.00504	0.00485	0.00534	0.00851
113	0.00881	0.00567	0.00739	0.00671	0.00821	0.00525	0.00512	0.02773	0.01454	0.08962	0.70241	0.03537	0.04371	0.00988	0.00587	0.00159	0.00263	0.00868	0.00562	0.00520
114	0.00692	0.00513	0.00645	0.00619	0.00743	0.00466	0.00462	0.00905	0.01364	0.01886	0.63266	0.07640	0.16726	0.01100	0.00599	0.00163	0.00244	0.00964	0.00538	0.00466
115	0.00728	0.00520	0.00670	0.00633	0.00758	0.00476	0.00474	0.00954	0.01400	0.03125	0.70483	0.05949	0.09808	0.01060	0.00597	0.00161	0.00244	0.00933	0.00549	0.00478
116	0.01922	0.01416	0.01518	0.01163	0.01568	0.01568	0.00961	0.77388	0.02378	0.03187	0.01214	0.01214	0.00860	0.00607	0.00506	0.00152	0.00556	0.00455	0.00506	0.00860
117	0.14455	0.00878	0.01111	0.00865	0.01245	0.00800	0.00715	0.02322	0.01362	0.68168	0.01807	0.01590	0.01149	0.00603	0.00480	0.00156	0.00425	0.00474	0.00580	0.00815
118	0.85801	0.00978	0.00743	0.00665	0.00978	0.01134	0.00548	0.01486	0.00861	0.02269	0.00704	0.00821	0.00548	0.00469	0.00313	0.00156	0.00391	0.00274	0.00313	0.00548
119	0.04738	0.00557	0.00781	0.00777	0.00868	0.00640	0.00593	0.00912	0.00807	0.01205	0.01350	0.02075	0.01293	0.12139	0.68037	0.00747	0.01215	0.00550	0.00277	0.00440
120	0.01352	0.82533	0.02650	0.00865	0.01298	0.02001	0.00865	0.01514	0.01027	0.01190	0.00703	0.00811	0.00649	0.00433	0.00324	0.00108	0.00541	0.00270	0.00216	0.00649
121	0.01050	0.01039	0.01892	0.52966	0.15451	0.01167	0.16369	0.01398	0.01070	0.01414	0.00932	0.01336	0.00713	0.00481	0.00523	0.00166	0.00697	0.00479	0.00235	0.00624
122	0.01811	0.01361	0.01455	0.01141	0.01526	0.01516	0.00934	0.64858	0.15090	0.03007	0.01356	0.01327	0.00975	0.00620	0.00507	0.00155	0.00530	0.00475	0.00507	0.00850
123	0.00702	0.00487	0.00643	0.00675	0.00757	0.00451	0.00479	0.00866	0.01205	0.03389	0.39956	0.41902	0.03996	0.01294	0.00618	0.00182	0.00270	0.01161	0.00516	0.00453
124	0.00955	0.00899	0.01517	0.81013	0.03483	0.01123	0.01404	0.01292	0.01011	0.01292	0.00899	0.01348	0.00674	0.00506	0.00506	0.00169	0.00674	0.00449	0.00225	0.00562
125	0.01895	0.00785	0.01058	0.00841	0.01168	0.00690	0.00683	0.02120	0.02632	0.60378	0.19710	0.02198	0.02068	0.00721	0.00529	0.00157	0.00386	0.00603	0.00608	0.00771
126	0.00843	0.00452	0.00632	0.00632	0.00632	0.00452	0.00406	0.00678	0.00678	0.00904	0.01056	0.01979	0.01118	0.21808	0.02125	0.64159	0.00452	0.00513	0.00241	0.00241
127	0.01352	0.82533	0.02650	0.00865	0.01298	0.02001	0.00865	0.01514	0.01027	0.01190	0.00703	0.00811	0.00649	0.00433	0.00324	0.00108	0.00541	0.00270	0.00216	0.00649
128	0.00943	0.00471	0.00471	0.00471	0.00589	0.00471	0.00353	0.01178	0.01060	0.01885	0.01650	0.01885	0.01296	0.00589	0.00353	0.00118	0.00236	0.00471	0.85036	0.00471
129	0.00975	0.00920	0.01553	0.75672	0.08665	0.01129	0.01414	0.01310	0.01021	0.01317	0.00902	0.01342	0.00683	0.00502	0.00505	0.00167	0.00669	0.00449	0.00226	0.00578
130	0.01922	0.01416	0.01518	0.01163	0.01568	0.01568	0.00961	0.77388	0.02378	0.03187	0.01214	0.01214	0.00860	0.00607	0.00506	0.00152	0.00556	0.00455	0.00506	0.00860
131	0.01168	0.01231	0.01788	0.05679	0.01686	0.06949	0.14333	0.01347	0.00906	0.01292	0.00747	0.01150	0.00681	0.00760	0.01330	0.00203	0.57480	0.00462	0.00230	0.00578
132	0.01874	0.01458	0.01512	0.04940	0.01658	0.06749	0.00983	0.68812	0.02251	0.02969	0.01171	0.01200	0.00837	0.00597	0.00503	0.00151	0.00586	0.00446	0.00476	0.00828
133	0.01288	0.01040	0.01081	0.00946	0.01214	0.03984	0.00736	0.13635	0.42447	0.05439	0.08927	0.02269	0.09325	0.04602	0.00623	0.00180	0.00420	0.00629	0.00498	0.00716
134	0.01086	0.18574	0.62372	0.01343	0.02021	0.01342	0.03478	0.01584	0.01063	0.01519	0.00869	0.01023	0.00645	0.00470	0.00452	0.00150	0.00709	0.00358	0.00215	0.00726
135	0.01049	0.00899	0.01049	0.00749	0.01198	0.00674	0.00599	0.01273	0.01049	0.01648	0.00899	0.01049	0.00749	0.00374	0.00374	0.00075	0.00374	0.00300	0.00300	0.85320
136	0.00608	0.00513	0.00527	0.00523	0.00689	0.00431	0.00392	0.00746	0.01177	0.01424	0.11619	0.04770	0.72336	0.01259	0.00598	0.00170	0.00255	0.01054	0.00477	0.00431
137	0.01194	0.01364	0.02984	0.02131	0.02643	0.01279	0.77238	0.01620	0.01194	0.01620	0.01023	0.01364	0.00767	0.00426	0.00597	0.00171	0.00853	0.00597	0.00256	0.00682
138	0.00755	0.00642	0.00708	0.00727	0.04102	0.00611	0.00518	0.01132	0.14657	0.01591	0.13478	0.04059	0.52940	0.01111	0.00579	0.00169	0.00294	0.00936	0.00479	0.00514
139	0.00606	0.00514	0.00523	0.00525	0.00693	0.00432	0.00397	0.00739	0.01159	0.01385	0.06816	0.04861	0.75283	0.01278	0.00600	0.00172	0.00261	0.02855	0.00472	0.00429
140	0.01343	0.76451	0.06984	0.00906	0.01353	0.03474	0.00924	0.01529	0.01038	0.01214	0.00716	0.00828	0.00649	0.00437	0.00336	0.00112	0.00560	0.00277	0.00217	0.00653
141	0.01375	0.01120	0.01178	0.01036	0.01337	0.02529	0.00812	0.08296	0.66861	0.06559	0.01970	0.01811	0.01461	0.00674	0.00513	0.00169	0.00422	0.00555	0.00516	0.00805
142	0.00735	0.00490	0.00552	0.00552	0.00552	0.00490	0.00306	0.00735	0.00735	0.00980	0.01593	0.03309	0.01838	0.82229	0.02574	0.00490	0.00490	0.00735	0.00306	0.00306
143	0.01224	0.00998	0.01616	0.01357	0.05229	0.00990	0.23612	0.13366	0.07752	0.08728	0.01844	0.25916	0.03319	0.00864	0.00578	0.00176	0.00537	0.00823	0.00419	0.00654
144	0.01352	0.82533	0.02650	0.00865	0.01298	0.02001	0.00865	0.01514	0.01027	0.01190	0.00703	0.00811	0.00649	0.00433	0.00324	0.00108	0.00541	0.00270	0.00216	0.00649
145	0.01853	0.01364	0.01465	0.01141	0.01532	0.01512	0.00937	0.66819	0.11211	0.04933	0.01332	0.01305	0.00949	0.00617	0.00507	0.00154	0.00535	0.00470	0.00510	0.00853
146	0.00754	0.00525	0.00688	0.00643	0.00769	0.00484	0.00484	0.00991	0.01432	0.03928	0.76922	0.03727	0.04685	0.01024	0.00594	0.00159	0.00243	0.00905	0.00558	0.00487
147	0.00879	0.00656	0.00863	0.00946	0.01087	0.00681	0.00813	0.01287	0.12397	0.01601	0.02587	0.05147	0.02711	0.01293	0.00672	0.00224	0.00456	0.64715	0.00473	0.00514
148	0.01922	0.01416	0.01518	0.01163	0.01568	0.01568	0.00961	0.77388	0.02378	0.03187	0.01214	0.01214	0.00860	0.00607	0.00506	0.00152	0.00556	0.00455	0.00506	0.00860
149	0.00681	0.00510	0.00631	0.00613	0.00737	0.00460	0.00455	0.00882	0.01330	0.01816	0.55735	0.10327	0.21694	0.01135	0.00601	0.00165	0.00247	0.00992	0.00530	0.00460
150	0.01056	0.00818	0.00767	0.00702	0.00862	0.12699	0.04096	0.01279	0.01165	0.01756	0.10197	0.02052	0.04896	0.00701	0.01687	0.00140	0.00387	0.00531	0.53712	0.00497
151	0.00635	0.00453	0.00603	0.00711	0.00749	0.00425	0.00486	0.00737	0.00998	0.01334	0.06518	0.72241	0.03362	0.03065	0.00682	0.00210	0.00304	0.05602	0.00470	0.00415
152	0.01270	0.01111	0.01149	0.01034	0.01320	0.02744	0.00804	0.02674	0.76716	0.02099	0.02034	0.01868	0.01527	0.00683	0.00513	0.00171	0.00410	0.00567	0.00510	0.00796
153	0.01334	0.02890	0.01944	0.07196	0.61677	0.09746	0.01443	0.04779	0.01223	0.01643	0.00936	0.01210	0.00777	0.00468	0.00493	0.00148	0.00635	0.00434	0.00260	0.00764
154	0.01327	0.01139	0.01181	0.01046	0.01341	0.02698	0.00817	0.09152	0.70217	0.02193	0.01962	0.01811	0.01468	0.00676	0.00513	0.00169	0.00423	0.00557	0.00509	0.00802
155	0.01014	0.02616	0.79609	0.01441	0.02189	0.01174	0.01868	0.01601	0.01068	0.01601	0.00907	0.01068	0.00641	0.00480	0.00480	0.00160	0.00747	0.00374	0.00214	0.00747
156	0.00605	0.00515	0.00522	0.00526	0.00695	0.00432	0.00399	0.00737	0.01153	0.01371	0.05040	0.04895	0.76314	0.01285	0.00601	0.00173	0.00263	0.03577	0.00469	0.00428
157	0.00598	0.00510	0.00515	0.00519	0.00685	0.00426	0.00387	0.00725	0.01146	0.01364	0.05045	0.07440	0.76346	0.01291	0.00599	0.00172	0.00257	0.01080	0.00470	0.00426
158	0.28634	0.00898	0.01038	0.00826	0.01192	0.00867	0.00681	0.02156	0.01262	0.55072	0.01588	0.01437	0.01030	0.00576	0.00447	0.00156	0.00418	0.00434	0.00527	0.00762
159	0.85801	0.00978	0.00743	0.00665	0.00978	0.01134	0.00548	0.01486	0.00861	0.02269	0.00704	0.00821	0.00548	0.00469	0.00313	0.00156	0.00391	0.00274	0.00313	0.00548
160	0.01898	0.01393	0.01492	0.01146	0.01544	0.01541	0.00946	0.75517	0.02345	0.03155	0.01225	0.01231	0.00871	0.00607	0.00502	0.00151	0.00549	0.00456	0.02581	0.00850
161	0.00716	0.00517	0.00676	0.00636	0.00755	0.00477	0.00477	0.00954	0.01431	0.02028	0.78808	0.03777	0.04771	0.01034	0.00596	0.00159	0.00239	0.00914	0.00557	0.00477
162	0.01352	0.82533	0.02650	0.00865	0.01298	0.02001	0.00865	0.01514	0.01027	0.01190	0.00703	0.00811	0.00649	0.00433	0.00324	0.00108	0.00541	0.00270	0.00216	0.00649
163	0.85801	0.00978	0.00743	0.00665	0.00978	0.01134	0.00548	0.01486	0.00861	0.02269	0.00704	0.00821	0.00548	0.00469	0.00313	0.00156	0.00391	0.00274	0.00313	0.00548
164	0.01295	0.01105	0.01165	0.01037	0.01329	0.01275	0.00809	0.06917	0.73870	0.02176	0.02010	0.01849	0.01505	0.00682	0.00514	0.00170	0.00409	0.00565	0.00514	0.00804
165	0.00694	0.00514	0.00647	0.00617	0.00743	0.00467	0.00462	0.00911	0.01375	0.01902	0.64966	0.05703	0.16949	0.01087	0.00598	0.00162	0.00243	0.00951	0.00540	0.00467
166	0.00955	0.00899	0.01517	0.81013	0.03483	0.01123	0.01404	0.01292	0.01011	0.01292	0.00899	0.01348	0.00674	0.00506	0.00506	0.00169	0.00674	0.00449	0.00225	0.00562
167	0.01278	0.01082	0.01144	0.01026	0.01314	0.01247	0.00799	0.02682	0.76603	0.03685	0.02057	0.01883	0.01538	0.00685	0.00514	0.00171	0.00401	0.00570	0.00517	0.00802
168	0.00735	0.00490	0.00552	0.00552	0.00552	0.00490	0.00306	0.00735	0.00735	0.00980	0.01593	0.03309	0.01838	0.82229	0.02574	0.00490	0.00490	0.00735	0.00306	0.00306
169	0.01352	0.82533	0.02650	0.00865	0.01298	0.02001	0.00865	0.01514	0.01027	0.01190	0.00703	0.00811	0.00649	0.00433	0.00324	0.00108	0.00541	0.00270	0.00216	0.00649
170	0.00624	0.00521	0.00549	0.00563	0.00727	0.00446	0.00436	0.00765	0.01154	0.01384	0.04826	0.04968	0.69669	0.01295	0.00610	0.00178	0.00282	0.10103	0.00469	0.00432
171	0.00955	0.00899	0.01517	0.81013	0.03483	0.01123	0.01404	0.01292	0.01011	0.01292	0.00899	0.01348	0.00674	0.00506	0.00506	0.00169	0.00674	0.00449	0.00225	0.00562
172	0.00840	0.00649	0.00710	0.00707	0.00872	0.04270	0.00561	0.01043	0.02720	0.05958	0.18627	0.05804	0.35536	0.01180	0.00608	0.00181	0.00346	0.18417	0.00486	0.00485
173	0.85801	0.00978	0.00743	0.00665	0.00978	0.01134	0.00548	0.01486	0.00861	0.02269	0.00704	0.00821	0.00548	0.00469	0.00313	0.00156	0.00391	0.00274	0.00313	0.00548
174	0.00972	0.00908	0.01517	0.79637	0.03450	0.01131	0.01397	0.02603	0.01035	0.01325	0.00904	0.01346	0.00677	0.00507	0.00506	0.00168	0.00672	0.00449	0.00230	0.00567
175	0.02403	0.02471	0.73840	0.01393	0.02096	0.01143	0.01776	0.01560	0.01050	0.01588	0.00929	0.01116	0.00674	0.00668	0.04993	0.00197	0.00776	0.00382	0.00218	0.00727
176	0.00754	0.00590	0.00666	0.00678	0.00825	0.00572	0.00511	0.01100	0.12914	0.01579	0.11736	0.19859	0.32590	0.01196	0.00590	0.00179	0.00301	0.07594	0.05274	0.00492
177	0.01452	0.01069	0.01191	0.00961	0.01255	0.01149	0.00775	0.46842	0.03715	0.02725	0.30547	0.02197	0.02353	0.00770	0.00540	0.00155	0.00433	0.00631	0.00525	0.00714
178	0.01344	0.80571	0.04539	0.00879	0.01320	0.01981	0.00890	0.01516	0.01028	0.01200	0.00708	0.00817	0.00649	0.00434	0.00328	0.00109	0.00546	0.00273	0.00216	0.00651
179	0.01647	0.34532	0.01911	0.01113	0.01446	0.44123	0.00924	0.03121	0.04515	0.01288	0.00811	0.00918	0.00691	0.00494	0.00406	0.00123	0.00735	0.00316	0.00258	0.00625
180	0.00631	0.00447	0.00582	0.00684	0.00710	0.00421	0.00448	0.00708	0.00938	0.01251	0.02633	0.71757	0.03150	0.11991	0.00894	0.00242	0.00319	0.01347	0.00448	0.00397
181	0.84019	0.00983	0.00771	0.00716	0.02624	0.01136	0.00569	0.01488	0.00867	0.02256	0.00709	0.00831	0.00553	0.00469	0.00317	0.00156	0.00396	0.00278	0.00312	0.00553
182	0.01168	0.01288	0.02561	0.01894	0.02255	0.01358	0.54808	0.01501	0.01070	0.01501	0.00917	0.01288	0.00737	0.00561	0.00910	0.00185	0.24555	0.00551	0.00246	0.00644
183	0.01150	0.00944	0.01093	0.00789	0.01233	0.00755	0.00634	0.08091	0.01175	0.03280	0.00948	0.01076	0.00769	0.00400	0.00389	0.00083	0.00392	0.00318	0.00324	0.76158
184	0.00709	0.00517	0.00667	0.00629	0.00751	0.00474	0.00472	0.00941	0.01416	0.01990	0.74635	0.03839	0.08967	0.01048	0.00596	0.00160	0.00240	0.00923	0.00552	0.00474
185	0.01862	0.02354	0.01421	0.01291	0.01553	0.76876	0.00970	0.02047	0.04662	0.01275	0.00835	0.00953	0.00689	0.00528	0.00458	0.00132	0.00890	0.00336	0.00271	0.00595
186	0.01044	0.00569	0.00580	0.00543	0.00691	0.00585	0.00417	0.09089	0.01197	0.02020	0.01604	0.01816	0.01251	0.00591	0.00369	0.00121	0.00269	0.00470	0.76262	0.00512
187	0.00619	0.00513	0.00541	0.00534	0.00696	0.00436	0.00401	0.00766	0.01202	0.01484	0.18211	0.04673	0.65707	0.01237	0.00597	0.00169	0.00253	0.01040	0.00485	0.00436
188	0.01857	0.01327	0.01435	0.01118	0.01504	0.01461	0.00918	0.63527	0.09820	0.07894	0.01357	0.01328	0.00962	0.00616	0.00504	0.00153	0.00526	0.00471	0.02377	0.00846
189	0.00663	0.00482	0.00634	0.00737	0.00802	0.00454	0.00542	0.00791	0.01040	0.01364	0.04367	0.55155	0.10623	0.01501	0.00652	0.00208	0.00329	0.18759	0.00470	0.00426
190	0.01922	0.01416	0.01518	0.01163	0.01568	0.01568	0.00961	0.77388	0.02378	0.03187	0.01214	0.01214	0.00860	0.00607	0.00506	0.00152	0.00556	0.00455	0.00506	0.00860
191	0.01790	0.02248	0.01410	0.01281	0.01519	0.71992	0.00968	0.01921	0.01366	0.01233	0.00802	0.00974	0.00681	0.00696	0.04287	0.00168	0.05485	0.00342	0.00259	0.00578
192	0.01352	0.82533	0.02650	0.00865	0.01298	0.02001	0.00865	0.01514	0.01027	0.01190	0.00703	0.00811	0.00649	0.00433	0.00324	0.00108	0.00541	0.00270	0.00216	0.00649
193	0.63173	0.01110	0.04615	0.08268	0.01330	0.03878	0.00732	0.04755	0.00998	0.06058	0.00822	0.00948	0.00616	0.00489	0.00362	0.00157	0.00461	0.00316	0.00322	0.00589
194	0.05812	0.02274	0.01436	0.01375	0.05924	0.71996	0.00989	0.01968	0.01390	0.01310	0.00788	0.00927	0.00655	0.00515	0.00452	0.00133	0.00870	0.00330	0.00262	0.00597
195	0.00943	0.00471	0.00471	0.00471	0.00589	0.00471	0.00353	0.01178	0.01060	0.01885	0.01650	0.01885	0.01296	0.00589	0.00353	0.00118	0.00236	0.00471	0.85036	0.00471
196	0.00678	0.00535	0.00618	0.00624	0.00759	0.00492	0.00462	0.00906	0.05551	0.01577	0.24706	0.17937	0.37774	0.01282	0.02095	0.00187	0.00291	0.02575	0.00492	0.00460
197	0.00616	0.00440	0.00587	0.00704	0.00733	0.00411	0.00469	0.00704	0.00968	0.01291	0.02787	0.81899	0.03344	0.01584	0.00645	0.00205	0.00293	0.01438	0.00469	0.00411
198	0.02269	0.00861	0.01174	0.00900	0.01291	0.00743	0.00743	0.02464	0.01447	0.79425	0.01995	0.01721	0.01252	0.00626	0.00509	0.00156	0.00430	0.00509	0.00626	0.00861
199	0.24942	0.01483	0.01289	0.01053	0.01405	0.16256	0.00851	0.42359	0.01783	0.02568	0.00993	0.01049	0.00735	0.00553	0.00443	0.00149	0.00578	0.00381	0.00407	0.00723
200	0.00943	0.00471	0.00471	0.00471	0.00589	0.00471	0.00353	0.01178	0.01060	0.01885	0.01650	0.01885	0.01296	0.00589	0.00353	0.00118	0.00236	0.00471	0.85036	0.00471
201	0.00616	0.00440	0.00587	0.00704	0.00733	0.00411	0.00469	0.00704	0.00968	0.01291	0.02787	0.81899	0.03344	0.01584	0.00645	0.00205	0.00293	0.01438	0.00469	0.00411
202	0.01352	0.82533	0.02650	0.00865	0.01298	0.02001	0.00865	0.01514	0.01027	0.01190	0.00703	0.00811	0.00649	0.00433	0.00324	0.00108	0.00541	0.00270	0.00216	0.00649
203	0.01922	0.01416	0.01518	0.01163	0.01568	0.01568	0.00961	0.77388	0.02378	0.03187	0.01214	0.01214	0.00860	0.00607	0.00506	0.00152	0.00556	0.00455	0.00506	0.00860
204	0.01284	0.01142	0.01156	0.01041	0.01325	0.04580	0.00808	0.02659	0.74932	0.02078	0.02004	0.01846	0.01506	0.00679	0.00512	0.00170	0.00422	0.00561	0.00504	0.00791
205	0.00633	0.00462	0.00593	0.00669	0.00729	0.00425	0.00459	0.00749	0.01063	0.01419	0.15931	0.58979	0.11768	0.02775	0.00663	0.00198	0.00283	0.01297	0.00482	0.00422
206	0.00955	0.00899	0.01517	0.81013	0.03483	0.01123	0.01404	0.01292	0.01011	0.01292	0.00899	0.01348	0.00674	0.00506	0.00506	0.00169	0.00674	0.00449	0.00225	0.00562
207	0.00616	0.00440	0.00587	0.00704	0.00733	0.00411	0.00469	0.00704	0.00968	0.01291	0.02787	0.81899	0.03344	0.01584	0.00645	0.00205	0.00293	0.01438	0.00469	0.00411
208	0.00629	0.00456	0.00597	0.00702	0.00749	0.00424	0.00484	0.00732	0.01003	0.01325	0.04437	0.69731	0.09150	0.01539	0.00644	0.00204	0.00300	0.06006	0.00471	0.00417
209	0.01352	0.82533	0.02650	0.00865	0.01298	0.02001	0.00865	0.01514	0.01027	0.01190	0.00703	0.00811	0.00649	0.00433	0.00324	0.00108	0.00541	0.00270	0.00216	0.00649
210	0.01000	0.00945	0.01599	0.69103	0.15039	0.01135	0.01427	0.01332	0.01033	0.01347	0.00907	0.01333	0.00693	0.00497	0.00505	0.00166	0.00663	0.00450	0.00229	0.00598
211	0.01721	0.01403	0.05828	0.01137	0.01527	0.03571	0.00963	0.48976	0.21036	0.06375	0.01431	0.01388	0.01030	0.00618	0.00505	0.00157	0.00532	0.00479	0.00490	0.00831
212	0.01581	0.01210	0.01294	0.01070	0.01409	0.01358	0.00859	0.35792	0.39905	0.05339	0.01671	0.01582	0.01224	0.00646	0.00507	0.00161	0.00467	0.00515	0.02590	0.00821
213	0.83885	0.00975	0.00753	0.00670	0.00985	0.01125	0.00552	0.01509	0.00874	0.04038	0.00734	0.00842	0.00564	0.00473	0.00317	0.00156	0.00392	0.00279	0.00320	0.00555
214	0.01033	0.07141	0.75251	0.01409	0.02138	0.01221	0.01812	0.01596	0.01065	0.01578	0.00896	0.01053	0.00641	0.00478	0.00472	0.00157	0.00736	0.00368	0.00214	0.00742
215	0.00653	0.00491	0.00711	0.00783	0.00839	0.00460	0.04108	0.00764	0.00988	0.01317	0.02698	0.74331	0.03201	0.01520	0.00646	0.00205	0.00328	0.05069	0.00459	0.00426
216	0.00616	0.00440	0.00587	0.00704	0.00733	0.00411	0.00469	0.00704	0.00968	0.01291	0.02787	0.81899	0.03344	0.01584	0.00645	0.00205	0.00293	0.01438	0.00469	0.00411
217	0.01194	0.01364	0.02984	0.02131	0.02643	0.01279	0.77238	0.01620	0.01194	0.01620	0.01023	0.01364	0.00767	0.00426	0.00597	0.00171	0.00853	0.00597	0.00256	0.00682
218	0.01003	0.02326	0.66258	0.01428	0.02100	0.01122	0.08032	0.01546	0.01110	0.01641	0.07786	0.01331	0.01015	0.00525	0.00500	0.00161	0.00711	0.00440	0.00247	0.00718
219	0.00722	0.00542	0.00813	0.00813	0.00903	0.00632	0.00632	0.00903	0.00813	0.01174	0.01354	0.01987	0.01264	0.03792	0.80225	0.00813	0.01354	0.00542	0.00271	0.00451
220	0.01243	0.01207	0.02103	0.04361	0.72868	0.01205	0.06427	0.01552	0.01152	0.01644	0.00955	0.01260	0.00797	0.00450	0.00507	0.00152	0.00618	0.00460	0.00250	0.00789
221	0.83925	0.00988	0.00761	0.00676	0.00991	0.01144	0.00557	0.03184	0.00894	0.02289	0.00716	0.00830	0.00555	0.00472	0.00317	0.00156	0.00395	0.00278	0.00317	0.00555
222	0.01106	0.01106	0.01549	0.01328	0.01328	0.01549	0.01106	0.01217	0.00774	0.01217	0.00664	0.01106	0.00664	0.00885	0.01659	0.00221	0.81303	0.00443	0.00221	0.00553
223	0.01029	0.00894	0.04588	0.02327	0.01127	0.00862	0.00682	0.01760	0.34950	0.07008	0.04707	0.03080	0.33100	0.00918	0.00548	0.00169	0.00362	0.00765	0.00485	0.00639
224	0.01211	0.00928	0.00749	0.00693	0.00863	0.15939	0.00527	0.08060	0.01248	0.01875	0.01444	0.01638	0.01133	0.00578	0.00387	0.00123	0.00394	0.00442	0.61239	0.00528
225	0.01252	0.01201	0.02053	0.03104	0.79074	0.01201	0.01552	0.01552	0.01151	0.01652	0.00951	0.01252	0.00801	0.00451	0.00501	0.00150	0.00601	0.00451	0.00250	0.00801
226	0.01939	0.01390	0.01501	0.01151	0.01555	0.01529	0.00951	0.73854	0.02334	0.06784	0.01251	0.01238	0.00878	0.00608	0.00506	0.00152	0.00550	0.00458	0.00512	0.00860
227	0.00730	0.00512	0.00660	0.00660	0.00698	0.00549	0.00442	0.00805	0.00768	0.01061	0.01494	0.02759	0.01600	0.49605	0.34871	0.00624	0.00850	0.00655	0.00292	0.00367
228	0.01252	0.01201	0.02053	0.03104	0.79074	0.01201	0.01552	0.01552	0.01151	0.01652	0.00951	0.01252	0.00801	0.00451	0.00501	0.00150	0.00601	0.00451	0.00250	0.00801
229	0.00897	0.00693	0.00859	0.00911	0.01056	0.00734	0.00739	0.01432	0.22548	0.01634	0.02528	0.20548	0.02621	0.01238	0.00636	0.00210	0.00411	0.39278	0.00480	0.00547
230	0.01352	0.82533	0.02650	0.00865	0.01298	0.02001	0.00865	0.01514	0.01027	0.01190	0.00703	0.00811	0.00649	0.00433	0.00324	0.00108	0.00541	0.00270	0.00216	0.00649
231	0.01105	0.00628	0.00645	0.00586	0.00752	0.00654	0.00454	0.13844	0.01279	0.02102	0.01577	0.01774	0.01224	0.00592	0.00379	0.00123	0.00289	0.00469	0.70988	0.00536
232	0.00943	0.00471	0.00471	0.00471	0.00589	0.00471	0.00353	0.01178	0.01060	0.01885	0.01650	0.01885	0.01296	0.00589	0.00353	0.00118	0.00236	0.00471	0.85036	0.00471
233	0.00618	0.00443	0.00584	0.00697	0.00728	0.00413	0.00464	0.00705	0.00967	0.01286	0.02808	0.78608	0.04840	0.03355	0.00687	0.00211	0.00297	0.01415	0.00466	0.00409
234	0.01258	0.01086	0.01143	0.01029	0.01315	0.01258	0.00800	0.02687	0.78161	0.02115	0.02058	0.01887	0.01544	0.00686	0.00515	0.00172	0.00400	0.00572	0.00515	0.00800
235	0.01890	0.02390	0.01435	0.01300	0.01563	0.78598	0.00977	0.03554	0.01452	0.01277	0.00790	0.00918	0.00656	0.00523	0.00457	0.00131	0.00905	0.00328	0.00266	0.00592
236	0.01490	0.18552	0.01582	0.01040	0.01392	0.03274	0.00866	0.24701	0.37425	0.02218	0.01489	0.01435	0.01129	0.00605	0.00470	0.00151	0.00488	0.00467	0.00443	0.00781
237	0.01352	0.82533	0.02650	0.00865	0.01298	0.02001	0.00865	0.01514	0.01027	0.01190	0.00703	0.00811	0.00649	0.00433	0.00324	0.00108	0.00541	0.00270	0.00216	0.00649
238	0.02269	0.00861	0.01174	0.00900	0.01291	0.00743	0.00743	0.02464	0.01447	0.79425	0.01995	0.01721	0.01252	0.00626	0.00509	0.00156	0.00430	0.00509	0.00626	0.00861
239	0.01034	0.00989	0.01366	0.01188	0.01191	0.01349	0.00964	0.01130	0.00770	0.01179	0.00834	0.01479	0.00868	0.13441	0.05044	0.00287	0.65647	0.00491	0.00236	0.00511
240	0.00707	0.00517	0.00664	0.00627	0.00750	0.00473	0.00470	0.00937	0.01411	0.01979	0.73384	0.03857	0.10225	0.01052	0.00597	0.00160	0.00240	0.00926	0.00550	0.00473
241	0.01199	0.00766	0.00907	0.00799	0.01034	0.00770	0.00623	0.01785	0.25218	0.18375	0.29936	0.02884	0.11847	0.00869	0.00553	0.00164	0.00331	0.00740	0.00548	0.00653
