[name]
unknown

[dist]
# distance from previous block
# <min> <max>
3	72

[block]
# block no. 0 follows, 43 sequences, length 8
# corresponding to MSA columns:
# 82-88,108
name=unknown_A
#
# <colnr> <probs for GDERKNQSTAVLIFYWHMCP>
#	G	D	E	R	K	N	Q	S	T	A	V	L	I	F	Y	W	H	M	C	P
0	0.01313	0.00897	0.01059	0.00915	0.01184	0.00866	0.00698	0.18060	0.03738	0.09440	0.04023	0.29107	0.02087	0.03131	0.00669	0.01802	0.00429	0.00871	0.02091	0.17621
1	0.09433	0.01383	0.01480	0.06326	0.01695	0.05737	0.01000	0.34995	0.10527	0.07079	0.01307	0.01377	0.00968	0.00664	0.00647	0.00172	0.08294	0.00478	0.00464	0.05973
2	0.01135	0.01001	0.01295	0.00953	0.01403	0.00810	0.06032	0.01383	0.01142	0.01760	0.01104	0.05789	0.00984	0.00515	0.00505	0.00105	0.03807	0.00431	0.00332	0.69515
3	0.09003	0.01311	0.01939	0.17467	0.02291	0.05898	0.20223	0.06269	0.08532	0.01800	0.01100	0.01414	0.00871	0.00735	0.02899	0.00211	0.16508	0.00523	0.00317	0.00690
4	0.00699	0.00520	0.00668	0.00748	0.00827	0.00489	0.00530	0.00832	0.01128	0.01485	0.08628	0.50313	0.17238	0.01844	0.07869	0.00277	0.00425	0.04514	0.00501	0.00465
5	0.01316	0.01309	0.06734	0.01777	0.06549	0.01185	0.34118	0.01657	0.01223	0.09082	0.01341	0.08722	0.01145	0.00746	0.02568	0.00198	0.09307	0.00649	0.00340	0.10033
6	0.01177	0.01131	0.01836	0.38543	0.25990	0.03373	0.06010	0.01562	0.03713	0.01666	0.08457	0.01711	0.01257	0.00593	0.00567	0.00176	0.00676	0.00553	0.00304	0.00705
7	0.01190	0.08085	0.01009	0.00763	0.00946	0.00776	0.00559	0.04274	0.01162	0.13597	0.05909	0.14961	0.04847	0.30247	0.01388	0.00303	0.00460	0.00813	0.03222	0.05489

[dist]
# distance from previous block
# <min> <max>
13	37

[block]
# block no. 1 follows, 43 sequences, length 9
# corresponding to MSA columns:
# 151-159
name=unknown_B
#
# <colnr> <probs for GDERKNQSTAVLIFYWHMCP>
#	G	D	E	R	K	N	Q	S	T	A	V	L	I	F	Y	W	H	M	C	P
0	0.16832	0.01106	0.01388	0.17265	0.03852	0.01193	0.03126	0.16293	0.03758	0.17817	0.01538	0.04032	0.03852	0.00669	0.00546	0.00174	0.01993	0.00534	0.00448	0.03584
1	0.02875	0.00945	0.01349	0.23341	0.05292	0.01013	0.02278	0.05152	0.04389	0.20953	0.01741	0.10679	0.02978	0.00775	0.00627	0.00180	0.04951	0.00649	0.06599	0.03237
2	0.01061	0.00834	0.01259	0.29587	0.04431	0.00900	0.04392	0.03489	0.01157	0.01672	0.04605	0.05802	0.01293	0.00874	0.02924	0.07895	0.00562	0.00569	0.18039	0.08656
3	0.01169	0.00659	0.00677	0.00624	0.00790	0.00682	0.00476	0.11398	0.01343	0.02216	0.01739	0.02033	0.01380	0.04197	0.00518	0.00152	0.00319	0.00527	0.68534	0.00566
4	0.01932	0.01454	0.01904	0.01443	0.01868	0.01574	0.13750	0.49507	0.02138	0.10200	0.01327	0.01402	0.00948	0.00658	0.00675	0.00176	0.07137	0.00530	0.00494	0.00881
5	0.02235	0.00935	0.01236	0.00975	0.01367	0.00844	0.00796	0.02584	0.08816	0.63874	0.08434	0.02091	0.01725	0.00729	0.00566	0.00173	0.00450	0.00601	0.00667	0.00901
6	0.00936	0.00730	0.00781	0.00724	0.00947	0.00700	0.00556	0.05038	0.13568	0.04873	0.13721	0.04306	0.48654	0.01196	0.00631	0.00184	0.00328	0.01001	0.00543	0.00584
7	0.02393	0.00963	0.01283	0.00997	0.01416	0.00861	0.00819	0.02719	0.07767	0.71229	0.02191	0.01900	0.01397	0.00691	0.00557	0.00173	0.00469	0.00563	0.00675	0.00937
8	0.01287	0.00747	0.00877	0.00757	0.01020	0.00674	0.00596	0.07574	0.01512	0.22090	0.16287	0.03874	0.38303	0.01104	0.00620	0.00179	0.00356	0.00921	0.00579	0.00643

[dist]
# distance from previous block
# <min> <max>
4	10

[block]
# block no. 2 follows, 43 sequences, length 27
# corresponding to MSA columns:
# 171-197
name=unknown_C
#
# <colnr> <probs for GDERKNQSTAVLIFYWHMCP>
#	G	D	E	R	K	N	Q	S	T	A	V	L	I	F	Y	W	H	M	C	P
0	0.06551	0.01201	0.01344	0.04621	0.01582	0.01317	0.00916	0.18941	0.35697	0.18911	0.01889	0.01768	0.01348	0.00695	0.00547	0.00178	0.00497	0.00558	0.00561	0.00878
1	0.27452	0.15155	0.16967	0.01077	0.01535	0.05829	0.01056	0.15013	0.01390	0.02211	0.04522	0.03468	0.01011	0.00604	0.00454	0.00162	0.00590	0.00430	0.00355	0.00720
2	0.03426	0.00659	0.00832	0.00775	0.00944	0.00628	0.00584	0.03202	0.04293	0.10857	0.48294	0.16921	0.04128	0.01142	0.00637	0.00183	0.00317	0.01003	0.00591	0.00585
3	0.05738	0.01487	0.13136	0.01168	0.01651	0.01276	0.01072	0.27959	0.09325	0.23081	0.01552	0.01497	0.01072	0.00632	0.00531	0.00165	0.00563	0.00492	0.00515	0.07087
4	0.61280	0.01040	0.00929	0.00780	0.01154	0.01113	0.00640	0.01763	0.01068	0.13937	0.01016	0.01083	0.00746	0.00527	0.00384	0.00160	0.00433	0.00343	0.00394	0.11211
5	0.00680	0.00562	0.00597	0.00588	0.00764	0.00478	0.00441	0.00845	0.01323	0.01640	0.19781	0.05092	0.62597	0.01349	0.00654	0.00184	0.00277	0.01136	0.00533	0.00478
6	0.01090	0.01041	0.01793	0.68142	0.11108	0.01247	0.04877	0.01460	0.01132	0.01471	0.00996	0.01467	0.00757	0.00544	0.00558	0.00183	0.00739	0.00500	0.00250	0.00647
7	0.00962	0.00481	0.00722	0.00722	0.00722	0.00481	0.00481	0.00722	0.00722	0.00962	0.00962	0.01684	0.00962	0.01924	0.02165	0.83886	0.00481	0.00481	0.00241	0.00241
8	0.84448	0.01071	0.00814	0.00728	0.01071	0.01242	0.00600	0.01628	0.00943	0.02485	0.00771	0.00900	0.00600	0.00514	0.00343	0.00171	0.00428	0.00300	0.00343	0.00600
9	0.01687	0.01231	0.01372	0.01123	0.01447	0.01355	0.00901	0.50740	0.04003	0.02807	0.01560	0.10360	0.01334	0.01269	0.10090	0.04152	0.00664	0.00634	0.02482	0.00788
10	0.01737	0.01093	0.01249	0.01036	0.01381	0.01149	0.00829	0.18147	0.27214	0.23102	0.09350	0.02215	0.05429	0.00780	0.00568	0.00176	0.00455	0.00639	0.02601	0.00846
11	0.01601	0.01296	0.01740	0.05620	0.24442	0.03542	0.04526	0.27007	0.05168	0.06025	0.01496	0.07103	0.01266	0.00718	0.00574	0.00176	0.00610	0.04230	0.02038	0.00823
12	0.00702	0.00510	0.00662	0.00737	0.00806	0.00470	0.00510	0.00845	0.01208	0.01632	0.22615	0.54854	0.09293	0.01553	0.00689	0.00209	0.00303	0.01395	0.00539	0.00470
13	0.01310	0.01486	0.03222	0.02382	0.06234	0.01397	0.71767	0.01771	0.01305	0.01776	0.01117	0.01488	0.00842	0.00468	0.00649	0.00186	0.00921	0.00646	0.00280	0.00753
14	0.84448	0.01071	0.00814	0.00728	0.01071	0.01242	0.00600	0.01628	0.00943	0.02485	0.00771	0.00900	0.00600	0.00514	0.00343	0.00171	0.00428	0.00300	0.00343	0.00600
15	0.01471	0.00860	0.01127	0.04639	0.04164	0.00743	0.00737	0.01680	0.01282	0.25928	0.06830	0.11266	0.01728	0.06966	0.00709	0.00177	0.00444	0.00648	0.00479	0.28122
16	0.01046	0.00984	0.01661	0.79205	0.03814	0.01230	0.01538	0.01415	0.01107	0.01415	0.00984	0.01477	0.00738	0.00554	0.00554	0.00185	0.00738	0.00492	0.00246	0.00615
17	0.01299	0.18514	0.51046	0.01388	0.02081	0.01498	0.01659	0.09971	0.01321	0.01859	0.00986	0.01129	0.00735	0.00527	0.00490	0.00159	0.00734	0.00393	0.00274	0.03937
18	0.01111	0.02865	0.77667	0.01579	0.02397	0.01286	0.02046	0.01754	0.01169	0.01754	0.00994	0.01169	0.00702	0.00526	0.00526	0.00175	0.00818	0.00409	0.00234	0.00818
19	0.00892	0.00637	0.00892	0.01020	0.01147	0.00637	0.00892	0.01147	0.01275	0.01657	0.02932	0.06247	0.03187	0.01530	0.00765	0.00255	0.00510	0.73354	0.00510	0.00510
20	0.01111	0.02865	0.77667	0.01579	0.02397	0.01286	0.02046	0.01754	0.01169	0.01754	0.00994	0.01169	0.00702	0.00526	0.00526	0.00175	0.00818	0.00409	0.00234	0.00818
21	0.01481	0.80869	0.02902	0.00948	0.01421	0.02191	0.00948	0.01658	0.01125	0.01303	0.00770	0.00888	0.00711	0.00474	0.00355	0.00118	0.00592	0.00296	0.00237	0.00711
22	0.07995	0.52733	0.15867	0.01047	0.01548	0.03847	0.01098	0.01677	0.01147	0.03122	0.03050	0.01087	0.00860	0.00597	0.02199	0.00154	0.00639	0.00351	0.00268	0.00714
23	0.01206	0.00663	0.00833	0.00740	0.00963	0.00583	0.00572	0.01411	0.01460	0.22510	0.32402	0.07456	0.24776	0.01117	0.00630	0.00180	0.00327	0.00956	0.00598	0.00618
24	0.00762	0.00561	0.00708	0.00679	0.00809	0.00512	0.00503	0.00992	0.01482	0.02054	0.61798	0.07716	0.14533	0.03570	0.00721	0.00189	0.00275	0.01044	0.00585	0.00506
25	0.00702	0.00545	0.00638	0.00653	0.00787	0.00482	0.00475	0.00872	0.01317	0.01715	0.28377	0.21878	0.36797	0.01389	0.00666	0.00191	0.00283	0.01206	0.00546	0.00482
26	0.01003	0.00901	0.01487	0.53183	0.06412	0.01052	0.03127	0.01332	0.01219	0.01622	0.18946	0.02107	0.01816	0.00720	0.00620	0.02282	0.00620	0.00617	0.00334	0.00599

[dist]
# distance from previous block
# <min> <max>
2	6

[block]
# block no. 3 follows, 43 sequences, length 23
# corresponding to MSA columns:
# 204-226
name=unknown_D
#
# <colnr> <probs for GDERKNQSTAVLIFYWHMCP>
#	G	D	E	R	K	N	Q	S	T	A	V	L	I	F	Y	W	H	M	C	P
0	0.45512	0.10391	0.03051	0.00897	0.02709	0.02566	0.00737	0.03065	0.02689	0.11794	0.01287	0.10839	0.01128	0.00690	0.00436	0.00171	0.00468	0.00507	0.00399	0.00662
1	0.00697	0.00494	0.00645	0.00747	0.00782	0.00465	0.00494	0.00793	0.01064	0.01427	0.07674	0.66475	0.03575	0.10734	0.00946	0.00257	0.00342	0.01449	0.00500	0.00441
2	0.05717	0.55625	0.02537	0.01093	0.01518	0.06083	0.04916	0.06213	0.01235	0.03851	0.00868	0.01007	0.00748	0.00533	0.00498	0.00139	0.06071	0.00352	0.00281	0.00717
3	0.63462	0.08000	0.01117	0.00834	0.01198	0.04417	0.00697	0.08206	0.01156	0.05469	0.00881	0.00981	0.00675	0.00533	0.00377	0.00165	0.00483	0.00330	0.00364	0.00655
4	0.00805	0.00540	0.00620	0.00620	0.00626	0.00546	0.00356	0.00816	0.00810	0.01086	0.01730	0.03542	0.01978	0.76180	0.07127	0.00557	0.00591	0.00793	0.00333	0.00345
5	0.01852	0.01375	0.01480	0.01186	0.01571	0.01520	0.00959	0.52109	0.17626	0.05225	0.01710	0.04433	0.02880	0.02698	0.00619	0.00182	0.00551	0.00587	0.00552	0.00886
6	0.00802	0.00549	0.00664	0.00664	0.00684	0.00569	0.00410	0.00844	0.00823	0.01118	0.01690	0.03322	0.01882	0.64594	0.18581	0.00611	0.00734	0.00761	0.00327	0.00369
7	0.02485	0.00943	0.01285	0.00985	0.01414	0.00814	0.00814	0.02699	0.01585	0.77465	0.02185	0.01885	0.01371	0.00685	0.00557	0.00171	0.00471	0.00557	0.00685	0.00943
8	0.08455	0.00967	0.01249	0.00975	0.01390	0.00880	0.00802	0.02635	0.06105	0.67334	0.02085	0.01824	0.01334	0.00677	0.00542	0.00172	0.00466	0.00542	0.00653	0.00913
9	0.00778	0.00562	0.00735	0.00700	0.00826	0.00519	0.00522	0.01031	0.01542	0.02180	0.73089	0.07952	0.05147	0.01162	0.00656	0.00177	0.00264	0.01030	0.00605	0.00519
10	0.00790	0.00530	0.00609	0.00624	0.00628	0.00526	0.00357	0.00801	0.00836	0.01115	0.01903	0.12881	0.02213	0.71007	0.02563	0.00499	0.00511	0.00898	0.00357	0.00349
11	0.01481	0.80869	0.02902	0.00948	0.01421	0.02191	0.00948	0.01658	0.01125	0.01303	0.00770	0.00888	0.00711	0.00474	0.00355	0.00118	0.00592	0.00296	0.00237	0.00711
12	0.84448	0.01071	0.00814	0.00728	0.01071	0.01242	0.00600	0.01628	0.00943	0.02485	0.00771	0.00900	0.00600	0.00514	0.00343	0.00171	0.00428	0.00300	0.00343	0.00600
13	0.01212	0.01212	0.01696	0.01454	0.01454	0.01696	0.01212	0.01333	0.00848	0.01333	0.00727	0.01212	0.00727	0.00969	0.01818	0.00242	0.79523	0.00485	0.00242	0.00606
14	0.29940	0.01023	0.01150	0.00917	0.01318	0.01013	0.00757	0.06787	0.01432	0.47792	0.01659	0.01521	0.01086	0.00627	0.00485	0.00171	0.00465	0.00467	0.00563	0.00828
15	0.84448	0.01071	0.00814	0.00728	0.01071	0.01242	0.00600	0.01628	0.00943	0.02485	0.00771	0.00900	0.00600	0.00514	0.00343	0.00171	0.00428	0.00300	0.00343	0.00600
16	0.00907	0.00645	0.00732	0.00694	0.00780	0.00649	0.00459	0.08212	0.01122	0.01489	0.08572	0.05926	0.12295	0.48580	0.06271	0.00433	0.00533	0.00852	0.00408	0.00442
17	0.02057	0.01485	0.01572	0.01218	0.01637	0.03405	0.01001	0.65531	0.02443	0.06871	0.01388	0.01393	0.00986	0.00662	0.00543	0.00164	0.00590	0.00499	0.05646	0.00909
18	0.02091	0.01469	0.01598	0.01237	0.01670	0.01609	0.01018	0.63394	0.07590	0.10385	0.01474	0.01433	0.01034	0.00673	0.00555	0.00168	0.00585	0.00513	0.00567	0.00937
19	0.00843	0.00579	0.00759	0.00707	0.00848	0.00533	0.00533	0.01103	0.01568	0.04839	0.74193	0.04059	0.05092	0.01117	0.00650	0.00174	0.00269	0.00986	0.00612	0.00537
20	0.01321	0.01796	0.21651	0.02666	0.41759	0.04398	0.14870	0.01747	0.01258	0.01771	0.01036	0.01326	0.00819	0.00500	0.00560	0.00170	0.00762	0.00495	0.00265	0.00830
21	0.00805	0.00540	0.00618	0.00618	0.00622	0.00544	0.00353	0.00814	0.00809	0.01084	0.01733	0.03555	0.01984	0.76903	0.06411	0.00554	0.00582	0.00795	0.00334	0.00343
22	0.00675	0.00482	0.00643	0.00771	0.00803	0.00450	0.00514	0.00771	0.01060	0.01414	0.03053	0.80175	0.03663	0.01735	0.00707	0.00225	0.00321	0.01574	0.00514	0.00450

[dist]
# distance from previous block
# <min> <max>
0	4

[block]
# block no. 4 follows, 43 sequences, length 16
# corresponding to MSA columns:
# 231-246
name=unknown_E
#
# <colnr> <probs for GDERKNQSTAVLIFYWHMCP>
#	G	D	E	R	K	N	Q	S	T	A	V	L	I	F	Y	W	H	M	C	P
0	0.01046	0.00984	0.01661	0.79205	0.03814	0.01230	0.01538	0.01415	0.01107	0.01415	0.00984	0.01477	0.00738	0.00554	0.00554	0.00185	0.00738	0.00492	0.00246	0.00615
1	0.01383	0.50620	0.28292	0.01185	0.01767	0.05478	0.01327	0.01717	0.01161	0.01459	0.00850	0.00989	0.00708	0.00496	0.00420	0.00139	0.00688	0.00338	0.00238	0.00744
2	0.01111	0.02865	0.77667	0.01579	0.02397	0.01286	0.02046	0.01754	0.01169	0.01754	0.00994	0.01169	0.00702	0.00526	0.00526	0.00175	0.00818	0.00409	0.00234	0.00818
3	0.00675	0.00482	0.00643	0.00771	0.00803	0.00450	0.00514	0.00771	0.01060	0.01414	0.03053	0.80175	0.03663	0.01735	0.00707	0.00225	0.00321	0.01574	0.00514	0.00450
4	0.00792	0.00589	0.00867	0.00867	0.00958	0.00680	0.00664	0.00974	0.00883	0.01269	0.01504	0.02291	0.01435	0.10239	0.72325	0.00862	0.01408	0.00610	0.00300	0.00482
5	0.01348	0.01293	0.02207	0.08663	0.71994	0.01310	0.01688	0.01680	0.01250	0.01782	0.01038	0.01378	0.00868	0.00498	0.00549	0.00166	0.00664	0.00493	0.00272	0.00859
6	0.04668	0.06360	0.70979	0.01514	0.02296	0.01326	0.01934	0.01744	0.01158	0.01764	0.00974	0.01145	0.00698	0.00523	0.00511	0.00173	0.00792	0.00399	0.00239	0.00804
7	0.01023	0.00517	0.00520	0.00520	0.00643	0.00517	0.00385	0.01270	0.01146	0.02022	0.01804	0.02132	0.01445	0.04101	0.00492	0.00147	0.00270	0.00529	0.80009	0.00508
8	0.01133	0.00667	0.00854	0.00779	0.00975	0.00620	0.00607	0.01435	0.05023	0.16101	0.45167	0.05447	0.08873	0.01073	0.00631	0.00180	0.00329	0.05961	0.03533	0.00611
9	0.08677	0.01286	0.10728	0.01169	0.02976	0.03729	0.04714	0.02224	0.16601	0.28547	0.02040	0.05076	0.04965	0.00759	0.00559	0.00181	0.00536	0.03919	0.00511	0.00802
10	0.02302	0.01009	0.03935	0.01006	0.01426	0.00854	0.00854	0.05475	0.01580	0.66483	0.03937	0.01907	0.01427	0.00849	0.04109	0.00204	0.00530	0.00562	0.00645	0.00907
11	0.00675	0.00482	0.00643	0.00771	0.00803	0.00450	0.00514	0.00771	0.01060	0.01414	0.03053	0.80175	0.03663	0.01735	0.00707	0.00225	0.00321	0.01574	0.00514	0.00450
12	0.01331	0.12237	0.03218	0.02147	0.02695	0.01508	0.65038	0.01758	0.01283	0.01710	0.01073	0.01412	0.00823	0.00468	0.00613	0.00177	0.00887	0.00605	0.00274	0.00742
13	0.70594	0.04251	0.00923	0.00751	0.01090	0.01207	0.00622	0.01657	0.01030	0.07042	0.05813	0.01171	0.00953	0.00563	0.00377	0.00169	0.00427	0.00361	0.00377	0.00620
14	0.80236	0.01162	0.04699	0.00771	0.01138	0.01245	0.00673	0.01634	0.00954	0.02448	0.00782	0.00913	0.00605	0.00515	0.00352	0.00172	0.00448	0.00305	0.00337	0.00611
15	0.01153	0.00780	0.01055	0.01016	0.03015	0.00760	0.04513	0.11901	0.01369	0.10170	0.02531	0.46740	0.04125	0.02872	0.00697	0.00210	0.00432	0.03657	0.00513	0.02492

[dist]
# distance from previous block
# <min> <max>
0	1

[block]
# block no. 5 follows, 43 sequences, length 30
# corresponding to MSA columns:
# 248-277
name=unknown_F
#
# <colnr> <probs for GDERKNQSTAVLIFYWHMCP>
#	G	D	E	R	K	N	Q	S	T	A	V	L	I	F	Y	W	H	M	C	P
0	0.00675	0.00482	0.00643	0.00771	0.00803	0.00450	0.00514	0.00771	0.01060	0.01414	0.03053	0.80175	0.03663	0.01735	0.00707	0.00225	0.00321	0.01574	0.00514	0.00450
1	0.01747	0.04800	0.01612	0.04210	0.09284	0.19765	0.01066	0.29271	0.11019	0.02363	0.05421	0.04325	0.01287	0.00688	0.00545	0.00164	0.00661	0.00538	0.00441	0.00795
2	0.45326	0.01255	0.05263	0.05117	0.11016	0.01311	0.03341	0.06911	0.11799	0.02331	0.01088	0.01216	0.00833	0.00557	0.00445	0.00174	0.00523	0.00411	0.00368	0.00715
3	0.15637	0.01312	0.01988	0.06350	0.55220	0.04034	0.04192	0.01695	0.01212	0.01890	0.00989	0.01286	0.00816	0.00502	0.00515	0.00167	0.00645	0.00461	0.00285	0.00804
4	0.01640	0.59694	0.02541	0.01077	0.01500	0.22796	0.00981	0.01808	0.01246	0.01317	0.00793	0.00918	0.00711	0.00500	0.00394	0.00125	0.00702	0.00313	0.00250	0.00692
5	0.00795	0.00571	0.00670	0.00691	0.00745	0.00572	0.00445	0.00946	0.05672	0.01305	0.03786	0.21690	0.09394	0.43454	0.06499	0.00423	0.00508	0.01000	0.00411	0.00422
6	0.03466	0.09363	0.14898	0.01565	0.12360	0.24945	0.01240	0.04057	0.07488	0.06799	0.03967	0.01455	0.03011	0.00618	0.00544	0.00161	0.02504	0.00465	0.00345	0.00750
7	0.04346	0.00974	0.01243	0.00982	0.01374	0.00908	0.00802	0.07189	0.08381	0.57351	0.07302	0.02060	0.03033	0.00730	0.00560	0.00173	0.00458	0.00595	0.00649	0.00890
8	0.00765	0.00609	0.00638	0.00618	0.00815	0.00534	0.00468	0.00998	0.05504	0.04061	0.11186	0.04937	0.64276	0.01320	0.00646	0.00185	0.00294	0.01105	0.00530	0.00510
9	0.01232	0.01277	0.06600	0.31009	0.28264	0.01297	0.05547	0.01813	0.13945	0.01744	0.01228	0.01523	0.00951	0.00560	0.00557	0.00178	0.00675	0.00519	0.00311	0.00769
10	0.07819	0.13093	0.23364	0.04724	0.21445	0.08006	0.01438	0.01814	0.01249	0.08669	0.02772	0.01291	0.00907	0.00543	0.00498	0.00161	0.00683	0.00432	0.00308	0.00784
11	0.04927	0.01041	0.01330	0.01022	0.01451	0.00968	0.00845	0.13954	0.01724	0.63665	0.02009	0.01769	0.01281	0.00677	0.00550	0.00171	0.00491	0.00540	0.00655	0.00932
12	0.00674	0.00507	0.00617	0.00703	0.00780	0.00458	0.00480	0.00779	0.01111	0.01426	0.03758	0.55389	0.25148	0.04473	0.00767	0.00225	0.00317	0.01427	0.00508	0.00451
13	0.01257	0.01417	0.09912	0.11125	0.07304	0.01246	0.36235	0.04637	0.05219	0.04122	0.03322	0.01920	0.08400	0.00621	0.00611	0.00182	0.00749	0.00647	0.00339	0.00735
14	0.04308	0.06721	0.35395	0.12967	0.20669	0.04430	0.01702	0.01685	0.01176	0.01688	0.00968	0.01230	0.00748	0.00536	0.00564	0.00172	0.03582	0.00431	0.00252	0.00775
15	0.02397	0.00941	0.01269	0.00982	0.01398	0.00826	0.00808	0.02661	0.04227	0.72668	0.04301	0.01955	0.01491	0.00700	0.00560	0.00172	0.00464	0.00572	0.00679	0.00928
16	0.00805	0.00537	0.00604	0.00604	0.00604	0.00537	0.00336	0.00805	0.00805	0.01074	0.01745	0.03624	0.02013	0.80536	0.02819	0.00537	0.00537	0.00805	0.00336	0.00336
17	0.01327	0.05523	0.39735	0.01370	0.01949	0.01118	0.09135	0.01764	0.01250	0.15240	0.03706	0.07131	0.03961	0.03558	0.00641	0.00190	0.00678	0.00596	0.00364	0.00764
18	0.01800	0.07198	0.01778	0.04226	0.19060	0.32498	0.01184	0.09530	0.08892	0.06872	0.01172	0.01290	0.00915	0.00581	0.00518	0.00156	0.00755	0.00443	0.00360	0.00774
19	0.01620	0.00775	0.01027	0.00864	0.01144	0.00703	0.00689	0.01918	0.04950	0.37835	0.35524	0.03050	0.03169	0.00917	0.00607	0.00176	0.00377	0.03275	0.00640	0.00737
20	0.01481	0.80869	0.02902	0.00948	0.01421	0.02191	0.00948	0.01658	0.01125	0.01303	0.00770	0.00888	0.00711	0.00474	0.00355	0.00118	0.00592	0.00296	0.00237	0.00711
21	0.03601	0.01122	0.04493	0.15809	0.09918	0.01084	0.03945	0.06816	0.07623	0.30389	0.01738	0.02045	0.01293	0.00699	0.00571	0.00182	0.00580	0.06792	0.00486	0.00812
22	0.01411	0.01493	0.03671	0.17892	0.49238	0.13423	0.01576	0.01726	0.01278	0.01659	0.01000	0.01328	0.00820	0.00518	0.00541	0.00165	0.00731	0.00470	0.00270	0.00788
23	0.00675	0.00482	0.00643	0.00771	0.00803	0.00450	0.00514	0.00771	0.01060	0.01414	0.03053	0.80175	0.03663	0.01735	0.00707	0.00225	0.00321	0.01574	0.00514	0.00450
24	0.00996	0.00731	0.00871	0.00872	0.01009	0.00743	0.00632	0.16450	0.03323	0.01906	0.05524	0.55091	0.06771	0.01447	0.00667	0.00208	0.00380	0.01283	0.00527	0.00567
25	0.01614	0.01890	0.06468	0.01739	0.17971	0.33785	0.01181	0.04978	0.13744	0.01732	0.01475	0.05077	0.04594	0.00676	0.00541	0.00164	0.00741	0.00533	0.00357	0.00738
26	0.00955	0.00539	0.00822	0.08882	0.01062	0.00563	0.00608	0.00812	0.00798	0.01056	0.01133	0.05399	0.01145	0.01758	0.01879	0.68257	0.00502	0.03268	0.00264	0.00299
27	0.00675	0.00482	0.00643	0.00771	0.00803	0.00450	0.00514	0.00771	0.01060	0.01414	0.03053	0.80175	0.03663	0.01735	0.00707	0.00225	0.00321	0.01574	0.00514	0.00450
28	0.01171	0.04906	0.68042	0.01541	0.02308	0.01278	0.04453	0.01768	0.01199	0.04597	0.03061	0.01279	0.00853	0.00545	0.00530	0.00174	0.00788	0.00436	0.00263	0.00810
29	0.01478	0.01448	0.09515	0.05530	0.05942	0.06367	0.15074	0.11355	0.14572	0.08820	0.02794	0.04857	0.01414	0.00737	0.00595	0.00185	0.00660	0.07453	0.00430	0.00776

[dist]
# distance from previous block
# <min> <max>
2	4

[block]
# block no. 6 follows, 43 sequences, length 28
# corresponding to MSA columns:
# 283-310
name=unknown_G
#
# <colnr> <probs for GDERKNQSTAVLIFYWHMCP>
#	G	D	E	R	K	N	Q	S	T	A	V	L	I	F	Y	W	H	M	C	P
0	0.01199	0.21499	0.59806	0.01428	0.02164	0.01502	0.01784	0.01731	0.01159	0.01646	0.00940	0.01102	0.00704	0.00514	0.00485	0.00162	0.00764	0.00382	0.00235	0.00793
1	0.01399	0.67793	0.05054	0.00951	0.01397	0.01974	0.00940	0.01651	0.03949	0.01442	0.08025	0.01249	0.01174	0.00548	0.00397	0.00128	0.00563	0.00379	0.00284	0.00703
2	0.01169	0.15216	0.65828	0.01479	0.02243	0.01430	0.01872	0.01739	0.01162	0.01683	0.00958	0.01125	0.00703	0.00518	0.00499	0.00166	0.00783	0.00391	0.00234	0.00801
3	0.02105	0.01551	0.01662	0.01274	0.01717	0.01717	0.01053	0.75235	0.02604	0.03490	0.01330	0.01330	0.00942	0.00665	0.00554	0.00166	0.00609	0.00499	0.00554	0.00942
4	0.84448	0.01071	0.00814	0.00728	0.01071	0.01242	0.00600	0.01628	0.00943	0.02485	0.00771	0.00900	0.00600	0.00514	0.00343	0.00171	0.00428	0.00300	0.00343	0.00600
5	0.02283	0.01267	0.01486	0.01139	0.01576	0.01296	0.00941	0.41365	0.02128	0.38032	0.01729	0.01589	0.01142	0.00674	0.00555	0.00169	0.00545	0.00526	0.00615	0.00942
6	0.01378	0.01190	0.01252	0.01127	0.01440	0.01378	0.00877	0.02943	0.76081	0.02317	0.02254	0.02066	0.01691	0.00751	0.00564	0.00188	0.00438	0.00626	0.00564	0.00877
7	0.02485	0.00943	0.01285	0.00985	0.01414	0.00814	0.00814	0.02699	0.01585	0.77465	0.02185	0.01885	0.01371	0.00685	0.00557	0.00171	0.00471	0.00557	0.00685	0.00943
8	0.01378	0.01190	0.01252	0.01127	0.01440	0.01378	0.00877	0.02943	0.76081	0.02317	0.02254	0.02066	0.01691	0.00751	0.00564	0.00188	0.00438	0.00626	0.00564	0.00877
9	0.01463	0.00732	0.00968	0.00822	0.01074	0.00663	0.00647	0.01747	0.03939	0.31424	0.45473	0.03197	0.03618	0.00947	0.00613	0.00174	0.00348	0.00817	0.00638	0.00697
10	0.00872	0.00616	0.00821	0.00907	0.01030	0.00601	0.00740	0.01125	0.03678	0.03528	0.09669	0.22724	0.08145	0.01487	0.00723	0.00232	0.00426	0.41631	0.00526	0.00517
11	0.00775	0.00527	0.00610	0.00636	0.00648	0.00518	0.00374	0.00798	0.00870	0.01154	0.02122	0.18900	0.04612	0.62464	0.02333	0.00464	0.00486	0.00969	0.00377	0.00362
12	0.00697	0.00540	0.00635	0.00658	0.00786	0.00478	0.00476	0.00859	0.01292	0.01678	0.25038	0.25864	0.36177	0.01419	0.00669	0.00194	0.00286	0.01235	0.00541	0.00478
13	0.48183	0.01141	0.03058	0.30085	0.02152	0.04098	0.01003	0.01573	0.01033	0.02025	0.00859	0.01125	0.00658	0.00531	0.00432	0.00175	0.00575	0.00377	0.00302	0.00613
14	0.04262	0.10721	0.01705	0.04394	0.03647	0.54931	0.01069	0.07085	0.04380	0.01577	0.00939	0.01075	0.00768	0.00569	0.00489	0.00146	0.00873	0.00377	0.00309	0.00682
15	0.01509	0.67705	0.08333	0.01040	0.01521	0.09292	0.01041	0.01718	0.01170	0.01341	0.00795	0.00920	0.00710	0.00487	0.00382	0.00125	0.00647	0.00310	0.00241	0.00712
16	0.01007	0.00809	0.03155	0.03531	0.06013	0.00768	0.00788	0.01460	0.12430	0.05426	0.33259	0.06621	0.09230	0.01084	0.00641	0.00191	0.00396	0.12034	0.00536	0.00619
17	0.00859	0.00620	0.00775	0.00828	0.00918	0.00611	0.00581	0.09987	0.01285	0.01725	0.07811	0.65310	0.03432	0.01562	0.00684	0.00214	0.00353	0.01403	0.00525	0.00516
18	0.00749	0.00548	0.00635	0.00638	0.00720	0.00519	0.00426	0.00849	0.01076	0.01409	0.14407	0.09903	0.23784	0.34898	0.06747	0.00382	0.00469	0.00983	0.00439	0.00421
19	0.00689	0.00561	0.00603	0.00593	0.00761	0.00482	0.00441	0.00851	0.01315	0.01645	0.21485	0.05003	0.58158	0.04078	0.00729	0.00196	0.00285	0.01119	0.00530	0.00475
20	0.02220	0.01367	0.01548	0.01187	0.01626	0.01444	0.00980	0.53276	0.02296	0.25885	0.01589	0.01498	0.01072	0.00671	0.00555	0.00168	0.00568	0.00516	0.00594	0.00942
21	0.01212	0.01212	0.01696	0.01454	0.01454	0.01696	0.01212	0.01333	0.00848	0.01333	0.00727	0.01212	0.00727	0.00969	0.01818	0.00242	0.79523	0.00485	0.00242	0.00606
22	0.00728	0.00557	0.00667	0.00654	0.00797	0.00497	0.00485	0.00931	0.01415	0.01891	0.44822	0.10963	0.31025	0.01281	0.00658	0.00183	0.00273	0.01110	0.00567	0.00497
23	0.84448	0.01071	0.00814	0.00728	0.01071	0.01242	0.00600	0.01628	0.00943	0.02485	0.00771	0.00900	0.00600	0.00514	0.00343	0.00171	0.00428	0.00300	0.00343	0.00600
24	0.01481	0.80869	0.02902	0.00948	0.01421	0.02191	0.00948	0.01658	0.01125	0.01303	0.00770	0.00888	0.00711	0.00474	0.00355	0.00118	0.00592	0.00296	0.00237	0.00711
25	0.02064	0.01511	0.01618	0.01245	0.01676	0.01671	0.01027	0.72373	0.02548	0.03435	0.01348	0.01358	0.00960	0.00664	0.00548	0.00165	0.00596	0.00499	0.03768	0.00925
26	0.01364	0.00855	0.00917	0.03942	0.01105	0.00916	0.00639	0.24143	0.01605	0.02479	0.01626	0.01814	0.01244	0.00648	0.00445	0.00143	0.00386	0.00510	0.54567	0.00652
27	0.01353	0.00683	0.00913	0.00807	0.01026	0.00612	0.00622	0.01574	0.01498	0.28010	0.40135	0.14669	0.03666	0.01068	0.00628	0.00181	0.00343	0.00934	0.00622	0.00656

[dist]
# distance from previous block
# <min> <max>
0	1

[block]
# block no. 7 follows, 43 sequences, length 150
# corresponding to MSA columns:
# 315-358,361-370,372-383,415-430,433-500
name=unknown_H
#
# <colnr> <probs for GDERKNQSTAVLIFYWHMCP>
#	G	D	E	R	K	N	Q	S	T	A	V	L	I	F	Y	W	H	M	C	P
0	0.00891	0.00591	0.00778	0.00723	0.00872	0.00543	0.00550	0.01149	0.01561	0.06830	0.70337	0.04052	0.04937	0.01115	0.00650	0.00176	0.00280	0.02805	0.00612	0.00548
1	0.00713	0.00547	0.00765	0.00811	0.00896	0.00504	0.03959	0.00850	0.01150	0.01527	0.11182	0.59703	0.12165	0.01573	0.00693	0.00213	0.00339	0.01423	0.00514	0.00473
2	0.02032	0.01480	0.01583	0.01222	0.01644	0.01635	0.01007	0.70153	0.02505	0.03392	0.01362	0.01380	0.00975	0.00663	0.00543	0.00164	0.00585	0.00500	0.06262	0.00913
3	0.01052	0.00967	0.01628	0.71947	0.03580	0.01188	0.03417	0.01416	0.01116	0.01468	0.01042	0.01516	0.00786	0.00557	0.00545	0.00181	0.00712	0.00498	0.05772	0.00612
4	0.11702	0.03107	0.01527	0.01231	0.04064	0.01540	0.00978	0.50177	0.07391	0.07682	0.01366	0.01389	0.00990	0.00774	0.03414	0.00194	0.00601	0.00487	0.00512	0.00873
5	0.84448	0.01071	0.00814	0.00728	0.01071	0.01242	0.00600	0.01628	0.00943	0.02485	0.00771	0.00900	0.00600	0.00514	0.00343	0.00171	0.00428	0.00300	0.00343	0.00600
6	0.03550	0.01271	0.02207	0.15676	0.56194	0.01308	0.08379	0.01658	0.01231	0.01760	0.01032	0.01387	0.00844	0.00501	0.00553	0.00170	0.00690	0.00503	0.00272	0.00815
7	0.01748	0.00967	0.03968	0.00922	0.01315	0.00799	0.00773	0.02085	0.07223	0.39645	0.07263	0.02359	0.10019	0.00760	0.00550	0.00160	0.00436	0.02101	0.00565	0.16342
8	0.01149	0.04552	0.64894	0.01675	0.02447	0.01325	0.12779	0.01755	0.01189	0.01746	0.01007	0.01210	0.00722	0.00516	0.00541	0.00176	0.00830	0.00443	0.00241	0.00805
9	0.01072	0.01047	0.13151	0.00897	0.01195	0.00763	0.00823	0.06730	0.02783	0.08692	0.40483	0.05256	0.12876	0.01005	0.00617	0.00177	0.00401	0.00860	0.00537	0.00634
10	0.00678	0.00484	0.00645	0.00769	0.00804	0.00452	0.00514	0.00778	0.01073	0.01435	0.04964	0.78204	0.03704	0.01719	0.00706	0.00224	0.00320	0.01560	0.00517	0.00452
11	0.01378	0.01190	0.01252	0.01127	0.01440	0.01378	0.00877	0.02943	0.76081	0.02317	0.02254	0.02066	0.01691	0.00751	0.00564	0.00188	0.00438	0.00626	0.00564	0.00877
12	0.08583	0.22121	0.03421	0.01219	0.01595	0.32782	0.01020	0.17794	0.01605	0.01903	0.00930	0.01043	0.00753	0.00570	0.00493	0.00147	0.02593	0.00371	0.00334	0.00724
13	0.01672	0.01229	0.01372	0.01053	0.01463	0.01239	0.00850	0.40132	0.01896	0.06189	0.01301	0.01508	0.01024	0.06647	0.04227	0.00201	0.00576	0.00476	0.00463	0.26484
14	0.01212	0.01212	0.01696	0.01454	0.01454	0.01696	0.01212	0.01333	0.00848	0.01333	0.00727	0.01212	0.00727	0.00969	0.01818	0.00242	0.79523	0.00485	0.00242	0.00606
15	0.01046	0.00984	0.01661	0.79205	0.03814	0.01230	0.01538	0.01415	0.01107	0.01415	0.00984	0.01477	0.00738	0.00554	0.00554	0.00185	0.00738	0.00492	0.00246	0.00615
16	0.01148	0.00984	0.01148	0.00820	0.01312	0.00738	0.00656	0.01395	0.01148	0.01805	0.00984	0.01148	0.00820	0.00410	0.00410	0.00082	0.00410	0.00328	0.00328	0.83922
17	0.00792	0.00592	0.00881	0.00881	0.00976	0.00687	0.00680	0.00983	0.00887	0.01279	0.01492	0.02224	0.01405	0.06682	0.75841	0.00878	0.01452	0.00600	0.00298	0.00489
18	0.84448	0.01071	0.00814	0.00728	0.01071	0.01242	0.00600	0.01628	0.00943	0.02485	0.00771	0.00900	0.00600	0.00514	0.00343	0.00171	0.00428	0.00300	0.00343	0.00600
19	0.02019	0.01921	0.01664	0.03531	0.06356	0.29747	0.01111	0.42041	0.02103	0.02551	0.01129	0.01215	0.00849	0.00617	0.00534	0.00158	0.00758	0.00446	0.00430	0.00819
20	0.04051	0.02420	0.01581	0.01440	0.03651	0.64087	0.01073	0.12064	0.01686	0.01683	0.00923	0.01051	0.00746	0.00580	0.00504	0.00147	0.00923	0.00378	0.00323	0.00688
21	0.01385	0.01339	0.03657	0.09252	0.63154	0.01336	0.03429	0.06392	0.01334	0.01884	0.01057	0.01376	0.00866	0.00509	0.00551	0.00167	0.00671	0.00496	0.00289	0.00856
22	0.01457	0.00830	0.01032	0.00886	0.01152	0.00812	0.00696	0.03530	0.16805	0.25417	0.37006	0.02961	0.03226	0.00907	0.00603	0.00176	0.00369	0.00777	0.00622	0.00733
23	0.02123	0.01459	0.01594	0.01224	0.01659	0.01589	0.01011	0.65406	0.02457	0.11747	0.01436	0.01409	0.01001	0.00667	0.00551	0.00166	0.00586	0.00506	0.02480	0.00932
24	0.00682	0.00499	0.00643	0.00751	0.00808	0.00460	0.00515	0.00793	0.01105	0.01452	0.05152	0.66533	0.12833	0.01672	0.00701	0.00220	0.00321	0.03886	0.00516	0.00456
25	0.04398	0.05432	0.21573	0.04025	0.02581	0.06603	0.43782	0.01778	0.01263	0.01736	0.01039	0.01330	0.00780	0.00493	0.00584	0.00177	0.00870	0.00539	0.00268	0.00747
26	0.01111	0.02865	0.77667	0.01579	0.02397	0.01286	0.02046	0.01754	0.01169	0.01754	0.00994	0.01169	0.00702	0.00526	0.00526	0.00175	0.00818	0.00409	0.00234	0.00818
27	0.00753	0.00578	0.00637	0.00624	0.00805	0.00498	0.00476	0.00926	0.01337	0.04168	0.20116	0.05011	0.56172	0.01329	0.00656	0.00187	0.00293	0.04398	0.00540	0.00497
28	0.01201	0.01143	0.01942	0.42959	0.38846	0.01271	0.01615	0.01551	0.01181	0.01604	0.01012	0.01426	0.00805	0.00525	0.00551	0.00175	0.00700	0.00493	0.00260	0.00741
29	0.01046	0.00984	0.01661	0.79205	0.03814	0.01230	0.01538	0.01415	0.01107	0.01415	0.00984	0.01477	0.00738	0.00554	0.00554	0.00185	0.00738	0.00492	0.00246	0.00615
30	0.00668	0.00562	0.00580	0.00575	0.00756	0.00473	0.00432	0.00821	0.01295	0.01573	0.13134	0.05204	0.69285	0.01374	0.00654	0.00186	0.00278	0.01151	0.00524	0.00473
31	0.01244	0.01283	0.01712	0.58416	0.11692	0.13425	0.01482	0.01573	0.01198	0.01450	0.00971	0.01389	0.00750	0.00550	0.00545	0.00176	0.00770	0.00471	0.00255	0.00649
32	0.03553	0.05843	0.54762	0.01392	0.02093	0.01216	0.01676	0.01965	0.01258	0.19235	0.01253	0.01315	0.00854	0.00560	0.00521	0.00172	0.00718	0.00436	0.00341	0.00837
33	0.02485	0.00943	0.01285	0.00985	0.01414	0.00814	0.00814	0.02699	0.01585	0.77465	0.02185	0.01885	0.01371	0.00685	0.00557	0.00171	0.00471	0.00557	0.00685	0.00943
34	0.84448	0.01071	0.00814	0.00728	0.01071	0.01242	0.00600	0.01628	0.00943	0.02485	0.00771	0.00900	0.00600	0.00514	0.00343	0.00171	0.00428	0.00300	0.00343	0.00600
35	0.84448	0.01071	0.00814	0.00728	0.01071	0.01242	0.00600	0.01628	0.00943	0.02485	0.00771	0.00900	0.00600	0.00514	0.00343	0.00171	0.00428	0.00300	0.00343	0.00600
36	0.00962	0.00481	0.00722	0.00722	0.00722	0.00481	0.00481	0.00722	0.00722	0.00962	0.00962	0.01684	0.00962	0.01924	0.02165	0.83886	0.00481	0.00481	0.00241	0.00241
37	0.00658	0.00559	0.00568	0.00571	0.00752	0.00468	0.00426	0.00800	0.01263	0.01510	0.07181	0.07780	0.72769	0.01407	0.00656	0.00188	0.00281	0.01178	0.00517	0.00468
38	0.01041	0.00765	0.00936	0.02868	0.01077	0.00770	0.00650	0.15541	0.01727	0.02393	0.54912	0.07238	0.05760	0.01061	0.00634	0.00176	0.00345	0.00921	0.00583	0.00602
39	0.01907	0.24179	0.01936	0.01295	0.01632	0.57354	0.01036	0.02059	0.01447	0.01341	0.00832	0.00968	0.00713	0.00544	0.00460	0.00136	0.00887	0.00340	0.00272	0.00661
40	0.84448	0.01071	0.00814	0.00728	0.01071	0.01242	0.00600	0.01628	0.00943	0.02485	0.00771	0.00900	0.00600	0.00514	0.00343	0.00171	0.00428	0.00300	0.00343	0.00600
41	0.01046	0.00984	0.01661	0.79205	0.03814	0.01230	0.01538	0.01415	0.01107	0.01415	0.00984	0.01477	0.00738	0.00554	0.00554	0.00185	0.00738	0.00492	0.00246	0.00615
42	0.00658	0.00561	0.00566	0.00565	0.00750	0.00469	0.00423	0.00801	0.01270	0.01515	0.07476	0.05299	0.74979	0.01396	0.00655	0.00187	0.00280	0.01164	0.00517	0.00469
43	0.01032	0.00516	0.00516	0.00516	0.00645	0.00516	0.00387	0.01290	0.01161	0.02065	0.01807	0.02065	0.01420	0.00645	0.00387	0.00129	0.00258	0.00516	0.83611	0.00516
44	0.81273	0.01132	0.00843	0.00755	0.01096	0.04213	0.00618	0.01650	0.00967	0.02441	0.00774	0.00904	0.00604	0.00516	0.00349	0.00170	0.00450	0.00302	0.00341	0.00601
45	0.01449	0.74183	0.09311	0.01002	0.01505	0.02114	0.01042	0.01667	0.01129	0.01342	0.00789	0.00912	0.00710	0.00478	0.00370	0.00123	0.00612	0.00306	0.00237	0.00720
46	0.00656	0.00557	0.00565	0.00572	0.00751	0.00467	0.00426	0.00794	0.01252	0.01492	0.05474	0.09325	0.72950	0.01420	0.00657	0.00189	0.00283	0.01191	0.00514	0.00467
47	0.02259	0.01305	0.01510	0.01158	0.01595	0.01352	0.00956	0.45929	0.02192	0.33378	0.01675	0.01554	0.01115	0.00673	0.00555	0.00168	0.00554	0.00522	0.00607	0.00942
48	0.00774	0.00564	0.00728	0.00691	0.00822	0.00518	0.00517	0.01024	0.01538	0.02160	0.70927	0.06104	0.09232	0.01163	0.00655	0.00176	0.00264	0.01025	0.00602	0.00518
49	0.02115	0.01536	0.01653	0.01267	0.01710	0.01695	0.01047	0.73452	0.02579	0.05308	0.01351	0.01343	0.00952	0.00665	0.00554	0.00166	0.00606	0.00500	0.00557	0.00942
50	0.01046	0.00984	0.01661	0.79205	0.03814	0.01230	0.01538	0.01415	0.01107	0.01415	0.00984	0.01477	0.00738	0.00554	0.00554	0.00185	0.00738	0.00492	0.00246	0.00615
51	0.02452	0.00995	0.01317	0.01010	0.01440	0.00891	0.00834	0.08892	0.01672	0.71149	0.02112	0.01838	0.01334	0.00684	0.00557	0.00171	0.00483	0.00552	0.00674	0.00942
52	0.00805	0.00537	0.00604	0.00604	0.00604	0.00537	0.00336	0.00805	0.00805	0.01074	0.01745	0.03624	0.02013	0.80536	0.02819	0.00537	0.00537	0.00805	0.00336	0.00336
53	0.84448	0.01071	0.00814	0.00728	0.01071	0.01242	0.00600	0.01628	0.00943	0.02485	0.00771	0.00900	0.00600	0.00514	0.00343	0.00171	0.00428	0.00300	0.00343	0.00600
54	0.01481	0.80869	0.02902	0.00948	0.01421	0.02191	0.00948	0.01658	0.01125	0.01303	0.00770	0.00888	0.00711	0.00474	0.00355	0.00118	0.00592	0.00296	0.00237	0.00711
55	0.00798	0.00623	0.00745	0.00788	0.00947	0.00589	0.00636	0.01075	0.05794	0.01667	0.10818	0.09473	0.34704	0.01404	0.00692	0.00213	0.00375	0.27623	0.00524	0.00512
56	0.01046	0.00984	0.01661	0.79205	0.03814	0.01230	0.01538	0.01415	0.01107	0.01415	0.00984	0.01477	0.00738	0.00554	0.00554	0.00185	0.00738	0.00492	0.00246	0.00615
57	0.00805	0.00538	0.00611	0.00611	0.00613	0.00541	0.00344	0.00810	0.00807	0.01079	0.01739	0.03591	0.01999	0.78761	0.04575	0.00545	0.00559	0.00800	0.00335	0.00339
58	0.01371	0.01316	0.02248	0.03399	0.77081	0.01316	0.01700	0.01700	0.01261	0.01809	0.01042	0.01371	0.00877	0.00493	0.00548	0.00164	0.00658	0.00493	0.00274	0.00877
59	0.01395	0.01198	0.01262	0.01131	0.01447	0.01386	0.00881	0.04656	0.74339	0.02345	0.02232	0.02049	0.01673	0.00749	0.00563	0.00187	0.00442	0.00623	0.00563	0.00878
60	0.01318	0.01262	0.02153	0.15639	0.65251	0.01302	0.01674	0.01654	0.01236	0.01746	0.01032	0.01388	0.00855	0.00503	0.00549	0.00168	0.00671	0.00493	0.00270	0.00835
61	0.01371	0.01316	0.02248	0.03399	0.77081	0.01316	0.01700	0.01700	0.01261	0.01809	0.01042	0.01371	0.00877	0.00493	0.00548	0.00164	0.00658	0.00493	0.00274	0.00877
62	0.01918	0.07777	0.01711	0.01553	0.08331	0.60627	0.01112	0.04047	0.01507	0.01447	0.00890	0.01065	0.00749	0.00650	0.02276	0.00163	0.02841	0.00377	0.00287	0.00671
63	0.01120	0.04762	0.75848	0.01563	0.02373	0.01308	0.02020	0.01752	0.01168	0.01743	0.00988	0.01162	0.00702	0.00525	0.00522	0.00174	0.00813	0.00406	0.00234	0.00816
64	0.00884	0.00632	0.00883	0.01011	0.01135	0.00631	0.00878	0.01133	0.01267	0.01648	0.02937	0.08992	0.03205	0.01538	0.00763	0.00254	0.00503	0.70689	0.00510	0.00508
65	0.00680	0.00486	0.00648	0.00767	0.00805	0.00454	0.00515	0.00785	0.01086	0.01455	0.06795	0.76315	0.03742	0.01705	0.00704	0.00222	0.00318	0.01545	0.00519	0.00454
66	0.01148	0.01570	0.21952	0.06314	0.26606	0.01144	0.11492	0.01562	0.01279	0.01809	0.11924	0.02081	0.04050	0.00669	0.00585	0.00178	0.00667	0.03893	0.00329	0.00750
67	0.03587	0.01301	0.02211	0.06118	0.70640	0.01313	0.03327	0.01689	0.01248	0.01812	0.01034	0.01365	0.00864	0.00496	0.00545	0.00166	0.00661	0.00492	0.00275	0.00857
68	0.84448	0.01071	0.00814	0.00728	0.01071	0.01242	0.00600	0.01628	0.00943	0.02485	0.00771	0.00900	0.00600	0.00514	0.00343	0.00171	0.00428	0.00300	0.00343	0.00600
69	0.00818	0.00573	0.00736	0.00698	0.00831	0.00527	0.00521	0.01054	0.01496	0.03950	0.63685	0.05807	0.09859	0.04800	0.00753	0.00194	0.00286	0.02305	0.00589	0.00519
70	0.01273	0.09304	0.35268	0.03998	0.18623	0.04748	0.08344	0.01718	0.01231	0.03711	0.02959	0.04243	0.00994	0.00576	0.00537	0.00169	0.00737	0.00501	0.00281	0.00784
71	0.01130	0.05292	0.72529	0.01587	0.02385	0.01319	0.04723	0.01752	0.01173	0.01740	0.00991	0.01172	0.00707	0.00522	0.00525	0.00174	0.00816	0.00415	0.00236	0.00812
72	0.73979	0.01076	0.00948	0.07048	0.04843	0.01245	0.00725	0.01615	0.00970	0.02369	0.00801	0.00967	0.00624	0.00516	0.00369	0.00172	0.00464	0.00324	0.00332	0.00614
73	0.01060	0.00995	0.01676	0.71032	0.09375	0.01214	0.01520	0.01418	0.01118	0.01445	0.01050	0.03804	0.00836	0.00584	0.00558	0.00184	0.00720	0.00524	0.00256	0.00631
74	0.00962	0.00481	0.00722	0.00722	0.00722	0.00481	0.00481	0.00722	0.00722	0.00962	0.00962	0.01684	0.00962	0.01924	0.02165	0.83886	0.00481	0.00481	0.00241	0.00241
75	0.01771	0.01385	0.01474	0.01207	0.01590	0.01561	0.00972	0.42006	0.36378	0.02951	0.01755	0.01668	0.01286	0.00705	0.00558	0.00176	0.00531	0.00557	0.00558	0.00912
76	0.01201	0.05891	0.61757	0.04051	0.03989	0.01296	0.05414	0.01772	0.01192	0.05060	0.01043	0.01218	0.00746	0.00526	0.00525	0.00171	0.00784	0.00425	0.00259	0.02678
77	0.01371	0.01316	0.02248	0.03399	0.77081	0.01316	0.01700	0.01700	0.01261	0.01809	0.01042	0.01371	0.00877	0.00493	0.00548	0.00164	0.00658	0.00493	0.00274	0.00877
78	0.00805	0.00537	0.00604	0.00604	0.00604	0.00537	0.00336	0.00805	0.00805	0.01074	0.01745	0.03624	0.02013	0.80536	0.02819	0.00537	0.00537	0.00805	0.00336	0.00336
79	0.02692	0.00620	0.00722	0.00667	0.00866	0.00547	0.00511	0.01138	0.01411	0.10984	0.32100	0.04367	0.38937	0.01195	0.00636	0.00180	0.00299	0.01013	0.00568	0.00549
80	0.02115	0.01536	0.01653	0.01267	0.01710	0.01695	0.01047	0.73423	0.02579	0.05338	0.01351	0.01344	0.00953	0.00665	0.00554	0.00166	0.00606	0.00500	0.00557	0.00942
81	0.01046	0.00984	0.01661	0.79205	0.03814	0.01230	0.01538	0.01415	0.01107	0.01415	0.00984	0.01477	0.00738	0.00554	0.00554	0.00185	0.00738	0.00492	0.00246	0.00615
82	0.00704	0.00560	0.00631	0.00619	0.00780	0.00488	0.00462	0.00889	0.01371	0.01767	0.32412	0.07258	0.47477	0.01311	0.00656	0.00183	0.00275	0.01119	0.00550	0.00488
83	0.01366	0.04930	0.07993	0.04293	0.15708	0.09599	0.41084	0.01763	0.01315	0.01723	0.04034	0.01475	0.00988	0.00516	0.00594	0.00174	0.00838	0.00571	0.00287	0.00750
84	0.00797	0.00533	0.00603	0.00612	0.00623	0.00528	0.00352	0.00813	0.00845	0.01132	0.01958	0.08867	0.04491	0.70890	0.02553	0.00496	0.00508	0.00863	0.02183	0.00352
85	0.01629	0.01752	0.01858	0.08194	0.35992	0.28576	0.01366	0.06921	0.03041	0.01726	0.01036	0.01319	0.00861	0.02671	0.00592	0.00169	0.00773	0.00456	0.00303	0.00764
86	0.62457	0.06992	0.04686	0.00911	0.03062	0.06587	0.00763	0.01736	0.01052	0.06339	0.00871	0.00983	0.00669	0.00524	0.00380	0.00166	0.00506	0.00327	0.00343	0.00646
87	0.01481	0.80869	0.02902	0.00948	0.01421	0.02191	0.00948	0.01658	0.01125	0.01303	0.00770	0.00888	0.00711	0.00474	0.00355	0.00118	0.00592	0.00296	0.00237	0.00711
88	0.00707	0.00503	0.00669	0.00788	0.00837	0.00473	0.00551	0.00813	0.01083	0.01431	0.03093	0.65882	0.06962	0.01703	0.00757	0.02885	0.00346	0.09564	0.00505	0.00451
89	0.00765	0.00567	0.00714	0.00681	0.00821	0.00516	0.00513	0.01006	0.01511	0.02090	0.63569	0.04376	0.16974	0.01185	0.00656	0.00178	0.00270	0.02504	0.00592	0.00513
90	0.00942	0.00777	0.00854	0.00797	0.01009	0.00796	0.00609	0.01607	0.26888	0.02006	0.27056	0.03838	0.28475	0.01095	0.00623	0.00183	0.00328	0.00931	0.00561	0.00625
