[name]
unknown

[dist]
# distance from previous block
# <min> <max>
36	119

[block]
# block no. 0 follows, 43 sequences, length 15
# corresponding to MSA columns:
# 151-165
name=unknown_A
#
# <colnr> <probs for GDERKNQSTAVLIFYWHMCP>
#	G	D	E	R	K	N	Q	S	T	A	V	L	I	F	Y	W	H	M	C	P
0	0.01302	0.06328	0.17729	0.02893	0.01631	0.03375	0.02690	0.09603	0.10677	0.05431	0.04323	0.06119	0.05831	0.00811	0.02899	0.00181	0.01652	0.00575	0.00398	0.15551
1	0.01577	0.22463	0.13517	0.01335	0.04999	0.10897	0.04648	0.11717	0.10428	0.06057	0.01202	0.01296	0.00932	0.00669	0.02744	0.00174	0.00691	0.00437	0.00357	0.03860
2	0.01378	0.10970	0.06398	0.01350	0.01815	0.01325	0.18751	0.13809	0.10602	0.02070	0.03667	0.04747	0.01189	0.00600	0.00531	0.00153	0.00610	0.00545	0.00383	0.19107
3	0.00848	0.00669	0.00733	0.00748	0.00902	0.02191	0.00544	0.01167	0.10937	0.03934	0.08148	0.31371	0.32976	0.01382	0.00655	0.00199	0.00335	0.01198	0.00527	0.00536
4	0.02362	0.00976	0.01291	0.00994	0.01421	0.00866	0.00818	0.05226	0.04721	0.68107	0.02101	0.01838	0.01343	0.00674	0.00550	0.00168	0.00472	0.00547	0.00659	0.04867
5	0.01300	0.01303	0.05304	0.12447	0.02230	0.02495	0.24711	0.13751	0.04168	0.01929	0.01414	0.13094	0.01274	0.00758	0.00716	0.00188	0.07847	0.00697	0.00362	0.04011
6	0.01992	0.01460	0.01556	0.01224	0.01629	0.03703	0.00999	0.61115	0.05319	0.07003	0.01477	0.04842	0.01119	0.00820	0.02937	0.00191	0.00621	0.00553	0.00544	0.00896
7	0.00681	0.00510	0.00616	0.00695	0.00769	0.00463	0.00471	0.00781	0.01096	0.01407	0.03676	0.51602	0.24724	0.08727	0.00882	0.00242	0.00329	0.01388	0.00498	0.00445
8	0.02175	0.01439	0.01593	0.01221	0.01662	0.01552	0.01009	0.61912	0.02417	0.17078	0.01487	0.01432	0.01021	0.00669	0.00555	0.00167	0.00584	0.00509	0.00578	0.00942
9	0.10313	0.01332	0.02905	0.01338	0.08305	0.04634	0.01006	0.26696	0.12027	0.16614	0.01489	0.01510	0.01081	0.00809	0.03989	0.00205	0.03910	0.00502	0.00491	0.00843
10	0.01345	0.04766	0.55814	0.01489	0.02171	0.01275	0.04464	0.01866	0.01214	0.13197	0.01154	0.01284	0.00810	0.00577	0.00620	0.00178	0.06212	0.00442	0.00305	0.00817
11	0.00678	0.00489	0.00643	0.00759	0.00802	0.00454	0.00510	0.00784	0.01090	0.01451	0.06201	0.73630	0.07070	0.01695	0.00702	0.00221	0.00317	0.01532	0.00518	0.00454
12	0.01044	0.00844	0.01007	0.00951	0.01138	0.03182	0.03899	0.03857	0.21135	0.04111	0.13576	0.32871	0.07709	0.01209	0.00640	0.00198	0.00402	0.01072	0.00530	0.00624
13	0.09029	0.01459	0.04202	0.02373	0.42817	0.11777	0.01361	0.01875	0.03457	0.09924	0.01237	0.01427	0.02557	0.00572	0.00573	0.00167	0.03569	0.00480	0.00337	0.00806
14	0.01242	0.14464	0.20663	0.01205	0.01580	0.15945	0.03852	0.01542	0.02900	0.01490	0.01582	0.20744	0.02993	0.04033	0.00679	0.00190	0.03208	0.00715	0.00332	0.00643

[dist]
# distance from previous block
# <min> <max>
3	22

[block]
# block no. 1 follows, 43 sequences, length 18
# corresponding to MSA columns:
# 188-205
name=unknown_B
#
# <colnr> <probs for GDERKNQSTAVLIFYWHMCP>
#	G	D	E	R	K	N	Q	S	T	A	V	L	I	F	Y	W	H	M	C	P
0	0.01423	0.21824	0.33627	0.01290	0.01905	0.01517	0.03304	0.14374	0.01419	0.04110	0.01032	0.01153	0.00781	0.00528	0.00480	0.00150	0.00675	0.00398	0.00314	0.09695
1	0.01730	0.01235	0.01342	0.01042	0.01439	0.04768	0.00845	0.30537	0.01803	0.12805	0.03813	0.01486	0.01127	0.00616	0.00543	0.00142	0.03094	0.00470	0.07110	0.24053
2	0.00994	0.00712	0.00938	0.00910	0.01052	0.00723	0.03139	0.02832	0.10270	0.07730	0.10809	0.43744	0.07144	0.01344	0.00721	0.00207	0.04448	0.01184	0.00523	0.00578
3	0.01793	0.20914	0.01856	0.01114	0.01561	0.01648	0.00954	0.39510	0.07465	0.05711	0.01253	0.01276	0.00943	0.00593	0.00488	0.00146	0.00562	0.00439	0.00454	0.11321
4	0.00740	0.00582	0.00686	0.00684	0.00842	0.00502	0.00497	0.00901	0.01245	0.01647	0.18465	0.28931	0.30712	0.01351	0.00645	0.00186	0.00304	0.01177	0.00513	0.09391
5	0.01475	0.11891	0.01459	0.01015	0.02890	0.01218	0.00816	0.18073	0.12195	0.08332	0.04130	0.03979	0.09460	0.00712	0.00513	0.00148	0.00472	0.00570	0.00461	0.20191
6	0.04196	0.05135	0.06606	0.04563	0.12308	0.01330	0.37518	0.03697	0.01321	0.12051	0.01207	0.01445	0.00891	0.00525	0.00614	0.00176	0.02800	0.00557	0.00338	0.02723
7	0.01102	0.00994	0.01514	0.48081	0.02813	0.01238	0.01294	0.04873	0.07090	0.01553	0.01148	0.01593	0.00922	0.01177	0.12656	0.00299	0.10211	0.00518	0.00293	0.00631
8	0.00722	0.00502	0.00629	0.00711	0.00732	0.00481	0.00450	0.00783	0.00969	0.01292	0.02584	0.52765	0.03072	0.29951	0.01463	0.00337	0.00399	0.01299	0.00450	0.00409
9	0.01645	0.23041	0.02245	0.01399	0.01786	0.10314	0.14095	0.18416	0.05023	0.04210	0.01074	0.01237	0.00854	0.00615	0.00687	0.00166	0.11619	0.00461	0.00351	0.00762
10	0.00838	0.00634	0.00821	0.00874	0.00936	0.00665	0.00621	0.06760	0.01164	0.01572	0.02702	0.66648	0.03177	0.01580	0.00797	0.00222	0.07606	0.01389	0.00492	0.00503
11	0.01634	0.01374	0.01551	0.01282	0.01522	0.05693	0.01045	0.37509	0.01775	0.02402	0.01349	0.08588	0.02770	0.00878	0.01000	0.00197	0.27646	0.00600	0.00428	0.00755
12	0.00844	0.00604	0.00644	0.00640	0.00652	0.02964	0.00371	0.00856	0.00832	0.01090	0.01708	0.03492	0.01951	0.75384	0.05380	0.00537	0.00584	0.00784	0.00333	0.00351
13	0.01941	0.01454	0.01574	0.01196	0.01648	0.01550	0.00985	0.62577	0.02354	0.03201	0.01270	0.01299	0.00921	0.00621	0.00529	0.00152	0.00575	0.00469	0.00515	0.15166
14	0.01432	0.23187	0.02004	0.01311	0.01489	0.14965	0.01115	0.01572	0.01047	0.01329	0.00761	0.01087	0.00720	0.00766	0.01193	0.00191	0.44530	0.00411	0.00248	0.00641
15	0.00741	0.00562	0.00665	0.00641	0.00779	0.00505	0.00470	0.00935	0.01391	0.01862	0.44970	0.04508	0.30029	0.08507	0.00852	0.00212	0.00293	0.01042	0.00551	0.00486
16	0.01332	0.01381	0.08435	0.20584	0.08549	0.07330	0.01208	0.02212	0.33462	0.03460	0.01590	0.01692	0.01200	0.00640	0.00543	0.00177	0.00602	0.00534	0.04296	0.00773
17	0.01056	0.00879	0.00993	0.00801	0.01125	0.02727	0.00598	0.02988	0.01133	0.01660	0.03094	0.14036	0.01561	0.13940	0.00868	0.00186	0.00434	0.00623	0.00369	0.50929

[dist]
# distance from previous block
# <min> <max>
0	2

[block]
# block no. 2 follows, 43 sequences, length 14
# corresponding to MSA columns:
# 208-221
name=unknown_C
#
# <colnr> <probs for GDERKNQSTAVLIFYWHMCP>
#	G	D	E	R	K	N	Q	S	T	A	V	L	I	F	Y	W	H	M	C	P
0	0.01612	0.06589	0.01454	0.01191	0.01513	0.22448	0.00933	0.09053	0.41773	0.02066	0.01817	0.01752	0.03986	0.00700	0.00535	0.00169	0.00611	0.00540	0.00464	0.00793
1	0.01364	0.01273	0.01269	0.03671	0.01499	0.10915	0.00811	0.05405	0.19200	0.01937	0.01288	0.01369	0.01018	0.00530	0.00470	0.00123	0.00513	0.00417	0.00387	0.46541
2	0.03661	0.09209	0.05873	0.04881	0.04388	0.10642	0.01030	0.24415	0.01711	0.14937	0.01388	0.06424	0.01098	0.00665	0.00520	0.00158	0.00612	0.00518	0.00445	0.07425
3	0.00684	0.00493	0.00638	0.00746	0.00789	0.00458	0.00498	0.00783	0.01075	0.01424	0.05292	0.68844	0.08463	0.05987	0.00817	0.00238	0.00329	0.01489	0.00507	0.00447
4	0.00698	0.00534	0.00629	0.00663	0.00776	0.00477	0.00469	0.00842	0.01236	0.01602	0.19939	0.29904	0.32827	0.05853	0.00792	0.00216	0.00304	0.01248	0.00525	0.00466
5	0.01256	0.00810	0.01164	0.06852	0.01381	0.00858	0.03999	0.04173	0.01216	0.18039	0.02221	0.39363	0.02293	0.01212	0.00817	0.00209	0.11998	0.01033	0.00483	0.00624
6	0.01449	0.05011	0.22847	0.05997	0.02349	0.04046	0.25445	0.11335	0.07843	0.06375	0.01241	0.01414	0.00904	0.00554	0.00570	0.00176	0.00769	0.00526	0.00347	0.00801
7	0.01290	0.00954	0.01068	0.00955	0.01226	0.01025	0.00742	0.02260	0.42979	0.10551	0.20182	0.02851	0.09757	0.00897	0.00593	0.00183	0.00385	0.00760	0.00583	0.00761
8	0.00675	0.00482	0.00643	0.00771	0.00803	0.00450	0.00514	0.00771	0.01060	0.01414	0.03053	0.80175	0.03663	0.01735	0.00707	0.00225	0.00321	0.01574	0.00514	0.00450
9	0.01972	0.14261	0.01763	0.04637	0.04288	0.47711	0.01056	0.04068	0.01501	0.12242	0.01056	0.01149	0.00819	0.00571	0.00491	0.00146	0.00828	0.00390	0.00340	0.00710
10	0.00825	0.00623	0.00795	0.02538	0.00981	0.02814	0.02580	0.00978	0.02909	0.04185	0.02947	0.63319	0.07251	0.03533	0.00737	0.00224	0.00378	0.01389	0.00498	0.00493
11	0.02058	0.01463	0.01578	0.01217	0.01641	0.01607	0.01003	0.67666	0.02474	0.06653	0.01396	0.01398	0.00989	0.00665	0.00544	0.00164	0.00583	0.00502	0.05485	0.00917
12	0.01241	0.01014	0.01203	0.04536	0.01451	0.00831	0.00729	0.07076	0.01268	0.03926	0.01093	0.03131	0.00910	0.00476	0.00439	0.00099	0.00440	0.00385	0.00356	0.69394
13	0.01406	0.23033	0.22981	0.01262	0.03416	0.01476	0.03888	0.08713	0.05471	0.05379	0.01088	0.01206	0.00843	0.00536	0.00510	0.00146	0.02939	0.00405	0.00323	0.14981

[dist]
# distance from previous block
# <min> <max>
0	1

[block]
# block no. 3 follows, 43 sequences, length 14
# corresponding to MSA columns:
# 223-236
name=unknown_D
#
# <colnr> <probs for GDERKNQSTAVLIFYWHMCP>
#	G	D	E	R	K	N	Q	S	T	A	V	L	I	F	Y	W	H	M	C	P
0	0.02290	0.01039	0.01318	0.01034	0.01448	0.00984	0.00847	0.10020	0.12198	0.59432	0.02109	0.01855	0.01373	0.00693	0.00558	0.00173	0.00480	0.00561	0.00655	0.00933
1	0.65856	0.01148	0.00986	0.00836	0.01201	0.01302	0.00690	0.14441	0.01264	0.06613	0.00943	0.01026	0.00700	0.00549	0.00391	0.00170	0.00462	0.00348	0.00397	0.00677
2	0.01046	0.00984	0.01661	0.79205	0.03814	0.01230	0.01538	0.01415	0.01107	0.01415	0.00984	0.01477	0.00738	0.00554	0.00554	0.00185	0.00738	0.00492	0.00246	0.00615
3	0.02009	0.01183	0.01325	0.01087	0.01462	0.05467	0.00880	0.15625	0.19581	0.36531	0.02095	0.02064	0.03345	0.00748	0.00567	0.00177	0.00515	0.03864	0.00598	0.00878
4	0.01660	0.00762	0.01011	0.00838	0.01127	0.00670	0.00667	0.01888	0.01556	0.41319	0.33051	0.03048	0.08174	0.00918	0.00603	0.00174	0.00372	0.00782	0.00643	0.00737
5	0.01078	0.00593	0.00779	0.00792	0.00923	0.00538	0.00564	0.01204	0.01195	0.17935	0.05983	0.51109	0.07963	0.05616	0.00780	0.00225	0.00360	0.01263	0.00546	0.00555
6	0.42300	0.35292	0.07901	0.00891	0.01328	0.01651	0.00865	0.01651	0.01039	0.01921	0.00789	0.00917	0.00655	0.00498	0.00363	0.00149	0.00530	0.00307	0.00289	0.00665
7	0.00758	0.00517	0.00618	0.00665	0.00677	0.00505	0.00401	0.00793	0.00899	0.01198	0.02224	0.31668	0.02618	0.51668	0.02045	0.00423	0.00458	0.01087	0.00401	0.00377
8	0.01136	0.01118	0.01058	0.00999	0.01084	0.17868	0.00730	0.01235	0.01022	0.01253	0.01459	0.10013	0.01557	0.27243	0.16196	0.00436	0.14094	0.00689	0.00319	0.00490
9	0.01237	0.05538	0.09575	0.28983	0.21786	0.03343	0.13828	0.01609	0.01183	0.01596	0.00993	0.01364	0.00784	0.00542	0.00628	0.00178	0.05349	0.00497	0.00258	0.00729
10	0.00939	0.00527	0.00751	0.00740	0.00744	0.00552	0.00496	0.00774	0.00748	0.01011	0.01109	0.02019	0.01151	0.15597	0.05371	0.62402	0.03983	0.00542	0.00259	0.00283
11	0.00782	0.00529	0.00690	0.00748	0.00833	0.00485	0.00523	0.00927	0.01222	0.05060	0.21200	0.52774	0.09112	0.01517	0.00683	0.00207	0.00311	0.01360	0.00545	0.00491
12	0.01288	0.06471	0.01329	0.01258	0.12539	0.01027	0.00854	0.15201	0.04648	0.07063	0.31196	0.05593	0.07453	0.00898	0.00591	0.00170	0.00433	0.00770	0.00517	0.00702
13	0.01622	0.01330	0.01769	0.25244	0.06811	0.01504	0.05736	0.37494	0.06584	0.02525	0.01238	0.01430	0.00912	0.00622	0.00592	0.00176	0.02663	0.00513	0.00420	0.00814

[dist]
# distance from previous block
# <min> <max>
0	2

[block]
# block no. 4 follows, 43 sequences, length 32
# corresponding to MSA columns:
# 239-270
name=unknown_E
#
# <colnr> <probs for GDERKNQSTAVLIFYWHMCP>
#	G	D	E	R	K	N	Q	S	T	A	V	L	I	F	Y	W	H	M	C	P
0	0.01359	0.01314	0.10915	0.27444	0.02389	0.02641	0.03200	0.07891	0.03714	0.09664	0.01181	0.01389	0.00872	0.00539	0.00514	0.00152	0.00621	0.00450	0.00350	0.23403
1	0.15446	0.11776	0.01783	0.02902	0.06019	0.09540	0.05226	0.33220	0.03229	0.04164	0.01117	0.01209	0.00842	0.00584	0.00494	0.00160	0.00635	0.00437	0.00416	0.00802
2	0.00780	0.00526	0.00612	0.00636	0.00643	0.00520	0.00370	0.00799	0.00855	0.01140	0.01999	0.18488	0.02334	0.65235	0.02409	0.00476	0.00495	0.00955	0.00370	0.00358
3	0.01512	0.03018	0.03183	0.01700	0.15354	0.08227	0.04527	0.13445	0.15807	0.04093	0.04682	0.01561	0.01197	0.00716	0.00837	0.00186	0.18249	0.00532	0.00393	0.00781
4	0.01224	0.01054	0.01389	0.01138	0.01368	0.03182	0.04319	0.01413	0.01108	0.07044	0.05988	0.08276	0.03499	0.00833	0.01010	0.00176	0.30127	0.00591	0.00357	0.25905
5	0.01630	0.16696	0.01698	0.01147	0.01526	0.05271	0.00948	0.22559	0.37900	0.02399	0.01648	0.01586	0.01250	0.00666	0.00518	0.00166	0.00542	0.00515	0.00485	0.00852
6	0.01481	0.80869	0.02902	0.00948	0.01421	0.02191	0.00948	0.01658	0.01125	0.01303	0.00770	0.00888	0.00711	0.00474	0.00355	0.00118	0.00592	0.00296	0.00237	0.00711
7	0.11259	0.02380	0.55893	0.01414	0.02092	0.01300	0.01697	0.04994	0.04757	0.04896	0.01079	0.01216	0.00774	0.00563	0.00553	0.00177	0.03447	0.00419	0.00294	0.00798
8	0.01560	0.01087	0.01218	0.01041	0.01360	0.01172	0.00823	0.15041	0.36488	0.14749	0.11982	0.04113	0.05242	0.00826	0.00580	0.00180	0.00441	0.00687	0.00585	0.00825
9	0.00704	0.00516	0.00665	0.00733	0.00807	0.00481	0.00510	0.00844	0.01179	0.01582	0.18922	0.49599	0.12631	0.03274	0.04611	0.00249	0.00366	0.01340	0.00520	0.00467
10	0.02195	0.01407	0.01573	0.01206	0.01646	0.01504	0.00996	0.58066	0.02363	0.21000	0.01532	0.01461	0.01043	0.00670	0.00555	0.00167	0.00577	0.00512	0.00585	0.00942
11	0.00863	0.00664	0.00879	0.00844	0.00940	0.00715	0.00621	0.00994	0.00935	0.01337	0.01721	0.15039	0.01836	0.22241	0.27259	0.00512	0.08765	0.02750	0.01967	0.09119
12	0.00772	0.00533	0.00631	0.00646	0.00682	0.00516	0.00401	0.00838	0.00996	0.01340	0.14435	0.17038	0.06369	0.50156	0.01996	0.00407	0.00442	0.00988	0.00420	0.00392
13	0.00773	0.00580	0.00718	0.00685	0.00829	0.00534	0.00513	0.01043	0.03568	0.02064	0.59186	0.06465	0.18604	0.01190	0.00652	0.00178	0.00272	0.01039	0.00588	0.00520
14	0.01459	0.51885	0.02438	0.13835	0.01838	0.05537	0.01074	0.03655	0.01171	0.03711	0.00864	0.01063	0.00743	0.00550	0.00546	0.00145	0.08164	0.00363	0.00264	0.00695
15	0.00878	0.00714	0.01029	0.00980	0.01050	0.00882	0.00767	0.01043	0.00874	0.01277	0.01353	0.02106	0.01306	0.10135	0.56267	0.00728	0.17230	0.00590	0.00289	0.00503
16	0.00755	0.00516	0.00619	0.00668	0.00680	0.00504	0.00404	0.00792	0.00903	0.01204	0.02245	0.32885	0.02644	0.50416	0.02012	0.00418	0.00455	0.01099	0.00404	0.00379
17	0.67808	0.01069	0.00924	0.00792	0.01152	0.01191	0.00653	0.04688	0.01113	0.14795	0.01024	0.01078	0.00739	0.00548	0.00386	0.00171	0.00443	0.00350	0.00407	0.00669
18	0.01046	0.00984	0.01661	0.79205	0.03814	0.01230	0.01538	0.01415	0.01107	0.01415	0.00984	0.01477	0.00738	0.00554	0.00554	0.00185	0.00738	0.00492	0.00246	0.00615
19	0.01046	0.00984	0.01661	0.79205	0.03814	0.01230	0.01538	0.01415	0.01107	0.01415	0.00984	0.01477	0.00738	0.00554	0.00554	0.00185	0.00738	0.00492	0.00246	0.00615
20	0.01340	0.01338	0.02018	0.20335	0.48531	0.07450	0.01575	0.01647	0.01218	0.01646	0.00989	0.01353	0.00821	0.00550	0.00644	0.00173	0.06845	0.00482	0.00266	0.00778
21	0.01481	0.80869	0.02902	0.00948	0.01421	0.02191	0.00948	0.01658	0.01125	0.01303	0.00770	0.00888	0.00711	0.00474	0.00355	0.00118	0.00592	0.00296	0.00237	0.00711
22	0.00805	0.00537	0.00604	0.00604	0.00604	0.00537	0.00336	0.00805	0.00805	0.01074	0.01745	0.03624	0.02013	0.80536	0.02819	0.00537	0.00537	0.00805	0.00336	0.00336
23	0.01338	0.01291	0.02096	0.04608	0.57434	0.02808	0.05494	0.01658	0.01248	0.01788	0.01032	0.01336	0.00859	0.00481	0.00531	0.00152	0.00641	0.00472	0.00283	0.14449
24	0.10460	0.00969	0.01228	0.00958	0.01366	0.00890	0.00789	0.06442	0.01569	0.62314	0.04091	0.01896	0.03076	0.00696	0.00540	0.00172	0.00465	0.00554	0.00639	0.00887
25	0.01132	0.00747	0.00891	0.00825	0.01049	0.00727	0.00651	0.01599	0.15454	0.13361	0.24238	0.03969	0.22313	0.01111	0.00635	0.00189	0.00361	0.09537	0.00576	0.00637
26	0.01318	0.05194	0.03931	0.14157	0.01977	0.10583	0.07044	0.06188	0.01160	0.01535	0.01014	0.05550	0.00928	0.00901	0.03533	0.00224	0.33297	0.00536	0.00287	0.00643
27	0.01477	0.36141	0.26894	0.01279	0.04768	0.01655	0.01322	0.05052	0.05740	0.09224	0.01108	0.01188	0.00849	0.00538	0.00460	0.00150	0.00648	0.00395	0.00315	0.00795
28	0.00720	0.00529	0.00670	0.00706	0.00800	0.00484	0.00499	0.00887	0.01289	0.01745	0.33401	0.36256	0.14853	0.03633	0.00736	0.00207	0.00297	0.01261	0.00548	0.00479
29	0.00686	0.00507	0.00636	0.00728	0.00796	0.00464	0.00501	0.00799	0.01120	0.01461	0.06703	0.57605	0.18186	0.04127	0.00763	0.00226	0.00323	0.03403	0.00513	0.00455
30	0.01376	0.01139	0.03587	0.03342	0.01617	0.01130	0.12981	0.22065	0.09240	0.05528	0.14864	0.07671	0.07760	0.00859	0.00605	0.00180	0.00533	0.02047	0.02744	0.00731
31	0.04907	0.23980	0.30964	0.01518	0.10828	0.04757	0.01445	0.06695	0.02683	0.05889	0.01033	0.01163	0.00792	0.00531	0.00477	0.00156	0.00688	0.00399	0.00298	0.00795

[dist]
# distance from previous block
# <min> <max>
0	2

[block]
# block no. 5 follows, 43 sequences, length 21
# corresponding to MSA columns:
# 274-294
name=unknown_F
#
# <colnr> <probs for GDERKNQSTAVLIFYWHMCP>
#	G	D	E	R	K	N	Q	S	T	A	V	L	I	F	Y	W	H	M	C	P
0	0.31779	0.08380	0.02498	0.05316	0.01399	0.02766	0.00792	0.11798	0.06454	0.04130	0.02370	0.04462	0.01032	0.00612	0.00441	0.00158	0.00486	0.00448	0.05477	0.09201
1	0.04854	0.00935	0.01029	0.00886	0.01148	0.05531	0.00691	0.11503	0.01594	0.21674	0.24004	0.09945	0.10353	0.02536	0.00640	0.00183	0.00427	0.00817	0.00567	0.00682
2	0.01660	0.00908	0.01081	0.00934	0.01222	0.03012	0.00729	0.06438	0.11407	0.33630	0.08047	0.17839	0.08690	0.00993	0.00601	0.00185	0.00428	0.00845	0.00596	0.00755
3	0.81173	0.01090	0.00848	0.00750	0.01097	0.01261	0.00618	0.04555	0.01009	0.02525	0.00793	0.00917	0.00613	0.00520	0.00351	0.00171	0.00436	0.00308	0.00351	0.00613
4	0.02452	0.02751	0.01249	0.08819	0.01537	0.00922	0.00792	0.06732	0.01248	0.07140	0.03658	0.01522	0.01087	0.05248	0.03734	0.00175	0.03785	0.00439	0.00364	0.46346
5	0.01336	0.10450	0.05062	0.02465	0.48185	0.01246	0.01380	0.01615	0.01231	0.06666	0.01403	0.13854	0.01326	0.00702	0.00551	0.00170	0.00591	0.00643	0.00333	0.00792
6	0.01578	0.01270	0.01344	0.01146	0.01490	0.01444	0.00909	0.24171	0.51472	0.02652	0.01964	0.01849	0.01459	0.00722	0.00554	0.00179	0.00482	0.00584	0.03850	0.00882
7	0.00721	0.00507	0.00651	0.00731	0.00763	0.00491	0.00478	0.00804	0.01002	0.01347	0.05485	0.52168	0.03148	0.22730	0.06009	0.00346	0.00447	0.01288	0.00457	0.00425
8	0.03286	0.14610	0.31040	0.03131	0.01842	0.02483	0.01350	0.14590	0.01462	0.08338	0.05877	0.02850	0.02909	0.00649	0.00558	0.00167	0.03216	0.00494	0.00366	0.00781
9	0.02166	0.01326	0.06098	0.01137	0.01584	0.01251	0.00983	0.36284	0.02016	0.35448	0.01700	0.01590	0.01133	0.00665	0.00547	0.00168	0.00548	0.00519	0.03921	0.00918
10	0.01630	0.00883	0.01126	0.00977	0.01261	0.00885	0.00796	0.11726	0.06070	0.29128	0.05099	0.04186	0.03472	0.01491	0.14732	0.00314	0.00654	0.11067	0.03760	0.00742
11	0.00703	0.00535	0.00647	0.00678	0.00793	0.00479	0.00486	0.00867	0.01290	0.01701	0.27689	0.31050	0.28211	0.01431	0.00672	0.00196	0.00289	0.01256	0.00545	0.00479
12	0.01463	0.52851	0.02400	0.01047	0.01430	0.04909	0.03384	0.09093	0.01257	0.01535	0.01004	0.04456	0.00955	0.06310	0.00676	0.00169	0.05650	0.00433	0.00292	0.00689
13	0.01120	0.01059	0.01774	0.65122	0.03495	0.01296	0.06559	0.04489	0.01165	0.01520	0.00990	0.01453	0.00753	0.00582	0.00651	0.00188	0.06384	0.00503	0.00261	0.00637
14	0.00691	0.00489	0.00638	0.00750	0.00778	0.00461	0.00492	0.00775	0.01028	0.01371	0.02889	0.70604	0.03457	0.11587	0.00971	0.00264	0.00348	0.01478	0.00492	0.00436
15	0.01353	0.00715	0.00933	0.00800	0.01036	0.00650	0.00627	0.03952	0.01594	0.25740	0.48155	0.03391	0.06786	0.00988	0.00620	0.00174	0.00339	0.00853	0.00628	0.00665
16	0.01046	0.00984	0.01661	0.79205	0.03814	0.01230	0.01538	0.01415	0.01107	0.01415	0.00984	0.01477	0.00738	0.00554	0.00554	0.00185	0.00738	0.00492	0.00246	0.00615
17	0.02338	0.00947	0.01324	0.08987	0.01659	0.00857	0.00888	0.02568	0.01536	0.69685	0.02062	0.01843	0.01306	0.00672	0.00557	0.00173	0.00499	0.00550	0.00641	0.00909
18	0.72490	0.04556	0.08763	0.00824	0.01221	0.01286	0.00762	0.01642	0.00973	0.02361	0.00794	0.00927	0.00615	0.00514	0.00362	0.00170	0.00475	0.00311	0.00327	0.00627
19	0.01037	0.00933	0.01565	0.71176	0.03498	0.01154	0.01430	0.01344	0.01068	0.01369	0.00982	0.01498	0.00761	0.00694	0.00718	0.08747	0.00712	0.00491	0.00246	0.00577
20	0.01656	0.03577	0.01323	0.08917	0.01621	0.00894	0.00825	0.04209	0.01345	0.28788	0.01417	0.01442	0.01009	0.00533	0.00480	0.00128	0.00478	0.00431	0.00451	0.40478

[dist]
# distance from previous block
# <min> <max>
0	1

[block]
# block no. 6 follows, 43 sequences, length 15
# corresponding to MSA columns:
# 296-310
name=unknown_G
#
# <colnr> <probs for GDERKNQSTAVLIFYWHMCP>
#	G	D	E	R	K	N	Q	S	T	A	V	L	I	F	Y	W	H	M	C	P
0	0.01557	0.01171	0.01354	0.01257	0.07990	0.02588	0.00910	0.08305	0.36424	0.13211	0.03208	0.01773	0.01403	0.00654	0.00533	0.00161	0.00478	0.00542	0.00508	0.15971
1	0.01431	0.16290	0.09963	0.01982	0.09237	0.12118	0.37611	0.01804	0.01293	0.01632	0.01001	0.01273	0.00789	0.00491	0.00556	0.00165	0.00844	0.00509	0.00268	0.00745
2	0.01759	0.00863	0.01114	0.00899	0.01244	0.00765	0.00719	0.02084	0.07080	0.41269	0.18866	0.05596	0.02284	0.00797	0.00565	0.00163	0.00407	0.00674	0.00603	0.12250
3	0.00808	0.00574	0.00738	0.00744	0.00861	0.00540	0.00544	0.01063	0.04263	0.03596	0.45074	0.27300	0.07492	0.01312	0.00667	0.00193	0.00298	0.02838	0.00574	0.00521
4	0.08666	0.04371	0.05192	0.05696	0.16888	0.01402	0.04914	0.12534	0.02548	0.13925	0.01183	0.01367	0.00899	0.00657	0.00796	0.00184	0.17127	0.00485	0.00379	0.00788
5	0.00771	0.00529	0.00640	0.00673	0.00702	0.00515	0.00423	0.00837	0.00983	0.01326	0.11601	0.23899	0.02889	0.47330	0.01926	0.00400	0.00445	0.03292	0.00423	0.00395
6	0.00839	0.00599	0.00750	0.11428	0.01046	0.00632	0.00501	0.00889	0.00847	0.01121	0.01640	0.03329	0.01838	0.69522	0.02507	0.00488	0.00565	0.00762	0.00323	0.00374
7	0.01336	0.33313	0.32393	0.01306	0.01852	0.01682	0.03342	0.01700	0.01130	0.04850	0.00924	0.01104	0.00742	0.00572	0.00641	0.00162	0.11555	0.00388	0.00257	0.00750
8	0.03623	0.07311	0.11172	0.18607	0.14115	0.06854	0.01245	0.01709	0.11792	0.01691	0.01459	0.12268	0.01311	0.00729	0.00541	0.00176	0.00617	0.00621	0.03457	0.00702
9	0.00894	0.00599	0.00818	0.00919	0.01033	0.00578	0.00746	0.01090	0.01220	0.05459	0.03034	0.30299	0.06009	0.01549	0.00731	0.00238	0.00437	0.43314	0.00520	0.00511
10	0.03498	0.01996	0.44540	0.01254	0.01854	0.01053	0.01435	0.04032	0.01201	0.01809	0.03018	0.12111	0.01243	0.00687	0.00525	0.00162	0.00634	0.00566	0.00315	0.18067
11	0.04300	0.01411	0.10677	0.24775	0.21461	0.07055	0.01386	0.05261	0.01301	0.05624	0.02530	0.01669	0.06203	0.00611	0.00541	0.00170	0.00666	0.00519	0.00323	0.03518
12	0.01362	0.45564	0.10079	0.01196	0.01638	0.08314	0.09990	0.01607	0.01181	0.01425	0.01157	0.11918	0.01132	0.00660	0.00470	0.00149	0.00654	0.00532	0.00284	0.00684
13	0.00747	0.00551	0.00796	0.00845	0.00918	0.00600	0.00625	0.00906	0.00955	0.01334	0.02080	0.31825	0.02251	0.03234	0.48831	0.00637	0.01042	0.00966	0.00379	0.00478
14	0.56238	0.01076	0.01020	0.13081	0.01556	0.02787	0.00770	0.01600	0.01025	0.03945	0.00869	0.01050	0.00672	0.00511	0.00393	0.00161	0.00488	0.00341	0.00332	0.12086

[dist]
# distance from previous block
# <min> <max>
0	15

[block]
# block no. 7 follows, 43 sequences, length 41
# corresponding to MSA columns:
# 326-366
name=unknown_H
#
# <colnr> <probs for GDERKNQSTAVLIFYWHMCP>
#	G	D	E	R	K	N	Q	S	T	A	V	L	I	F	Y	W	H	M	C	P
0	0.01676	0.50807	0.02397	0.01084	0.01519	0.11718	0.00981	0.16588	0.05414	0.01803	0.00971	0.01053	0.00809	0.00539	0.00425	0.00135	0.00639	0.00362	0.00324	0.00757
1	0.01287	0.01105	0.01652	0.31834	0.21395	0.01229	0.01326	0.16234	0.01445	0.01938	0.01397	0.12219	0.01272	0.00745	0.00578	0.00183	0.00630	0.02450	0.00358	0.00722
2	0.06604	0.12659	0.27915	0.01314	0.03135	0.03863	0.03328	0.18806	0.05632	0.04297	0.01157	0.01258	0.00861	0.00566	0.00495	0.00160	0.00658	0.00431	0.03149	0.03712
3	0.02094	0.01406	0.01618	0.01401	0.08412	0.02807	0.01054	0.49348	0.04814	0.19057	0.01511	0.01472	0.01050	0.00655	0.00554	0.00168	0.00585	0.00513	0.00553	0.00929
4	0.00973	0.00703	0.00854	0.00874	0.00991	0.00713	0.00628	0.15754	0.01369	0.01828	0.02661	0.59706	0.03049	0.04030	0.00745	0.00224	0.00392	0.03444	0.00516	0.00547
5	0.06184	0.17240	0.01866	0.09357	0.22386	0.03922	0.01158	0.04176	0.20252	0.01881	0.03957	0.02894	0.01218	0.00614	0.00507	0.00164	0.00573	0.00509	0.00366	0.00776
6	0.01314	0.00752	0.00947	0.00877	0.01077	0.00726	0.00669	0.10379	0.01421	0.19678	0.08784	0.27759	0.06934	0.06769	0.03274	0.00244	0.00451	0.06764	0.00548	0.00632
7	0.00722	0.00527	0.00680	0.00728	0.00817	0.00486	0.00519	0.00891	0.01285	0.01744	0.32049	0.40767	0.11688	0.01460	0.00682	0.00202	0.00299	0.03420	0.00551	0.00482
8	0.00788	0.00560	0.00713	0.00678	0.00782	0.00525	0.00485	0.00997	0.01414	0.01990	0.61702	0.04034	0.04580	0.17096	0.01089	0.00247	0.00317	0.00962	0.00555	0.00485
9	0.02792	0.17681	0.17849	0.01532	0.12416	0.02678	0.01293	0.25941	0.01685	0.06456	0.03775	0.01331	0.01001	0.00587	0.00507	0.00159	0.00640	0.00454	0.00386	0.00837
10	0.18222	0.01155	0.01581	0.07956	0.30193	0.01215	0.01175	0.09833	0.03624	0.11704	0.01346	0.06013	0.01107	0.00643	0.00523	0.00174	0.00560	0.01795	0.00395	0.00785
11	0.01039	0.00575	0.00772	0.00814	0.00926	0.00523	0.00574	0.01159	0.01166	0.16704	0.02878	0.64435	0.03202	0.01524	0.00677	0.00214	0.00351	0.01370	0.00549	0.00549
12	0.17963	0.00805	0.00771	0.00696	0.00921	0.00873	0.00547	0.10973	0.06185	0.02349	0.01566	0.01736	0.01211	0.00628	0.00411	0.00146	0.00349	0.00478	0.50779	0.00611
13	0.03074	0.09245	0.36935	0.01281	0.01880	0.01265	0.01413	0.10938	0.01444	0.22187	0.01404	0.04209	0.01016	0.00624	0.00525	0.00170	0.00654	0.00490	0.00406	0.00840
14	0.01202	0.01408	0.09990	0.03025	0.14001	0.10045	0.01220	0.01420	0.01083	0.01478	0.01317	0.17116	0.01356	0.01032	0.03216	0.00224	0.29230	0.00685	0.00308	0.00644
15	0.66286	0.01043	0.00926	0.02364	0.01195	0.01156	0.00662	0.01839	0.01075	0.17538	0.01060	0.01109	0.00758	0.00549	0.00390	0.00172	0.00443	0.00355	0.00410	0.00669
16	0.00864	0.00584	0.00782	0.00766	0.00793	0.00644	0.00525	0.00872	0.00812	0.01124	0.01427	0.02624	0.01516	0.36369	0.23310	0.19641	0.06024	0.00652	0.00297	0.00375
17	0.04701	0.00974	0.01216	0.00921	0.01365	0.00825	0.00750	0.02181	0.04673	0.43069	0.01687	0.01582	0.01151	0.00579	0.00495	0.00138	0.00445	0.00465	0.00534	0.32250
18	0.09166	0.01460	0.01905	0.01448	0.01876	0.03964	0.19154	0.41843	0.04160	0.02736	0.01264	0.01476	0.00963	0.05227	0.00689	0.00193	0.00676	0.00536	0.00447	0.00817
19	0.01014	0.00920	0.01324	0.16810	0.01753	0.04048	0.05246	0.02340	0.01033	0.01417	0.01463	0.05414	0.04449	0.03887	0.29297	0.00460	0.15200	0.00618	0.02748	0.00560
20	0.18963	0.00968	0.01191	0.00934	0.01345	0.00900	0.00771	0.02484	0.01456	0.62391	0.01901	0.01687	0.01216	0.00651	0.00514	0.00171	0.00463	0.00505	0.00617	0.00874
21	0.01047	0.02408	0.62231	0.01440	0.02114	0.01167	0.01774	0.01600	0.01113	0.01660	0.01092	0.01372	0.00839	0.01255	0.16171	0.00319	0.00952	0.00446	0.00246	0.00753
22	0.20263	0.01185	0.01789	0.19855	0.43236	0.01280	0.01412	0.01619	0.01154	0.01875	0.00967	0.01287	0.00783	0.00512	0.00503	0.00171	0.00624	0.00449	0.00283	0.00755
23	0.01213	0.00762	0.00991	0.00937	0.01186	0.00693	0.00770	0.01495	0.04567	0.15066	0.03711	0.14692	0.02429	0.01144	0.00638	0.00197	0.00449	0.31188	0.00509	0.17364
24	0.00915	0.00677	0.00957	0.16500	0.01463	0.00693	0.00745	0.01222	0.02945	0.05021	0.57144	0.03473	0.04102	0.00991	0.00628	0.00176	0.00369	0.00874	0.00539	0.00565
25	0.01271	0.01222	0.01861	0.02700	0.55504	0.05601	0.01404	0.01574	0.03097	0.01716	0.01465	0.17210	0.01448	0.00754	0.00578	0.00176	0.00605	0.00706	0.00330	0.00778
26	0.04050	0.23603	0.03410	0.07612	0.10179	0.28283	0.01146	0.12347	0.01500	0.01740	0.00931	0.01095	0.00762	0.00545	0.00474	0.00147	0.00754	0.00386	0.00307	0.00730
27	0.00807	0.00587	0.00751	0.00798	0.00886	0.00584	0.00564	0.02813	0.07044	0.01643	0.15635	0.47367	0.05258	0.01687	0.05825	0.05098	0.00411	0.01237	0.00506	0.00499
28	0.02148	0.00940	0.01346	0.16703	0.01880	0.00890	0.00951	0.02394	0.01489	0.60063	0.04038	0.01866	0.01352	0.00672	0.00559	0.00174	0.00519	0.00556	0.00595	0.00865
29	0.01537	0.08014	0.01542	0.03999	0.08693	0.36173	0.01011	0.03374	0.01372	0.01480	0.01836	0.01955	0.16053	0.00766	0.00661	0.00164	0.08840	0.00551	0.01343	0.00635
30	0.01064	0.05689	0.51091	0.01347	0.01946	0.01179	0.01590	0.01634	0.05466	0.01693	0.04487	0.01541	0.01095	0.01293	0.16171	0.00317	0.00896	0.00480	0.00282	0.00739
31	0.00738	0.00554	0.00618	0.00608	0.00715	0.00505	0.00414	0.00856	0.01171	0.01514	0.20702	0.04449	0.33750	0.29401	0.01422	0.00308	0.00367	0.01001	0.00473	0.00433
32	0.00803	0.00548	0.00662	0.00662	0.00681	0.00568	0.00407	0.00842	0.00822	0.01116	0.01692	0.03333	0.01887	0.65180	0.18002	0.00608	0.00727	0.00763	0.00328	0.00368
33	0.01215	0.17045	0.01501	0.00846	0.01334	0.01030	0.00715	0.01448	0.01144	0.01704	0.00941	0.01096	0.00798	0.00423	0.00399	0.00089	0.00447	0.00322	0.00310	0.67193
34	0.01478	0.55779	0.17778	0.01125	0.01653	0.07751	0.01182	0.04954	0.01233	0.01494	0.00846	0.00973	0.00719	0.00500	0.00409	0.00134	0.00669	0.00332	0.00254	0.00737
35	0.01444	0.12020	0.48782	0.01425	0.02108	0.01310	0.05891	0.01933	0.01255	0.16921	0.01213	0.01297	0.00845	0.00548	0.00519	0.00168	0.00727	0.00439	0.00328	0.00826
36	0.01335	0.01959	0.29698	0.03914	0.03707	0.15270	0.04624	0.02830	0.02567	0.05557	0.02216	0.01589	0.01022	0.03092	0.11363	0.00283	0.05713	0.02250	0.00304	0.00706
37	0.00722	0.00592	0.00644	0.00651	0.00829	0.00525	0.00505	0.00937	0.03806	0.01621	0.12755	0.05205	0.57704	0.01368	0.00665	0.00194	0.00312	0.09951	0.00526	0.00492
38	0.01123	0.16671	0.00996	0.00603	0.00801	0.00853	0.00500	0.01364	0.01154	0.01912	0.01598	0.01828	0.01277	0.00611	0.00381	0.00127	0.00325	0.00472	0.66849	0.00555
39	0.18073	0.42593	0.01986	0.00929	0.01310	0.01704	0.00839	0.01811	0.14289	0.01718	0.01105	0.01230	0.00930	0.00906	0.08333	0.00220	0.00623	0.00385	0.00322	0.00696
40	0.00952	0.05266	0.00916	0.00859	0.00988	0.00699	0.00640	0.02517	0.07625	0.06530	0.05105	0.51995	0.03123	0.01449	0.00666	0.00213	0.00380	0.09008	0.00517	0.00551

[dist]
# distance from previous block
# <min> <max>
0	18

[block]
# block no. 8 follows, 43 sequences, length 73
# corresponding to MSA columns:
# 385-457
name=unknown_I
#
# <colnr> <probs for GDERKNQSTAVLIFYWHMCP>
#	G	D	E	R	K	N	Q	S	T	A	V	L	I	F	Y	W	H	M	C	P
0	0.08124	0.00534	0.00658	0.00767	0.00827	0.00520	0.00522	0.00847	0.01050	0.01509	0.02850	0.73126	0.03391	0.01627	0.00675	0.00220	0.00331	0.01461	0.00499	0.00463
1	0.00747	0.00645	0.00849	0.00755	0.00960	0.00565	0.07085	0.00948	0.01347	0.01713	0.24042	0.04673	0.51147	0.01248	0.00654	0.00184	0.00334	0.01079	0.00519	0.00507
2	0.01477	0.01198	0.01748	0.21909	0.27419	0.01304	0.01329	0.20070	0.03849	0.04887	0.01172	0.01456	0.00909	0.00694	0.00696	0.07615	0.00637	0.00500	0.00359	0.00772
3	0.84448	0.01071	0.00814	0.00728	0.01071	0.01242	0.00600	0.01628	0.00943	0.02485	0.00771	0.00900	0.00600	0.00514	0.00343	0.00171	0.00428	0.00300	0.00343	0.00600
4	0.00958	0.00571	0.00809	0.00798	0.00849	0.00611	0.00567	0.00983	0.07463	0.01160	0.01202	0.01835	0.01128	0.02353	0.20256	0.56578	0.00717	0.00521	0.00283	0.00358
5	0.01314	0.00725	0.00934	0.00788	0.01014	0.00711	0.07126	0.06320	0.01323	0.11842	0.01763	0.01943	0.01331	0.00636	0.00444	0.00142	0.00368	0.00533	0.60124	0.00619
6	0.08607	0.09000	0.01111	0.00831	0.01077	0.08014	0.00662	0.03104	0.03930	0.09103	0.36136	0.03022	0.11442	0.00924	0.00567	0.00167	0.00413	0.00762	0.00512	0.00614
7	0.01778	0.43082	0.05549	0.01129	0.01604	0.04893	0.07550	0.02010	0.01301	0.24348	0.01241	0.01260	0.00921	0.00543	0.00456	0.00144	0.00613	0.00414	0.00378	0.00786
8	0.55112	0.01293	0.11838	0.05575	0.02885	0.01171	0.00884	0.01578	0.01014	0.02199	0.00936	0.04353	0.00777	0.00560	0.00407	0.00167	0.00501	0.00387	0.00326	0.08040
9	0.01290	0.01222	0.02070	0.07672	0.65944	0.01234	0.01585	0.01600	0.01234	0.01751	0.01217	0.08384	0.01117	0.00607	0.00563	0.00171	0.00633	0.00590	0.00294	0.00824
10	0.00702	0.00517	0.00667	0.00760	0.00830	0.00468	0.00516	0.00810	0.01079	0.01443	0.03104	0.70364	0.08495	0.01634	0.00686	0.00214	0.00324	0.01473	0.00503	0.05413
11	0.01313	0.53388	0.22190	0.01096	0.01621	0.01801	0.01195	0.01604	0.01131	0.01430	0.01031	0.08012	0.00971	0.00600	0.00431	0.00143	0.00627	0.00439	0.00261	0.00716
12	0.01206	0.07911	0.48892	0.01438	0.02025	0.05917	0.03926	0.01680	0.01152	0.01672	0.01012	0.01234	0.00774	0.00591	0.00670	0.00174	0.10903	0.00425	0.07653	0.00744
13	0.02336	0.00906	0.01225	0.00951	0.01342	0.00789	0.00771	0.02531	0.01516	0.70673	0.02146	0.02040	0.01428	0.07786	0.00758	0.00204	0.00477	0.00579	0.00654	0.00889
14	0.01111	0.01053	0.01644	0.20946	0.20137	0.03330	0.09121	0.01521	0.08657	0.01641	0.01861	0.18860	0.06038	0.00858	0.00602	0.00188	0.00600	0.00795	0.00364	0.00674
15	0.01183	0.00990	0.01644	0.70085	0.05694	0.01196	0.01478	0.01537	0.01154	0.08188	0.01093	0.01510	0.00799	0.00564	0.00554	0.00183	0.00712	0.00498	0.00286	0.00652
16	0.00689	0.00488	0.00638	0.00753	0.00781	0.00459	0.00494	0.00775	0.01032	0.01376	0.02908	0.71709	0.03481	0.10450	0.00940	0.00259	0.00345	0.01489	0.00494	0.00437
17	0.01806	0.00872	0.01121	0.00926	0.01273	0.00776	0.00762	0.06170	0.01517	0.42586	0.05677	0.02960	0.11444	0.00894	0.00591	0.00177	0.00446	0.11227	0.00595	0.08179
18	0.53357	0.01316	0.12923	0.06858	0.01519	0.01197	0.02368	0.03968	0.01062	0.02214	0.01050	0.08060	0.00914	0.00632	0.00433	0.00178	0.00519	0.00458	0.00339	0.00636
19	0.01072	0.02653	0.70818	0.01507	0.02255	0.01212	0.01910	0.01667	0.01160	0.01724	0.01177	0.08194	0.00965	0.00634	0.00542	0.00180	0.00774	0.00513	0.00259	0.00786
20	0.00947	0.00691	0.00877	0.00950	0.01106	0.00707	0.00805	0.01361	0.10898	0.01765	0.02974	0.05259	0.09129	0.01340	0.00696	0.00229	0.00459	0.51346	0.07906	0.00554
21	0.01575	0.01194	0.01455	0.11376	0.01836	0.02651	0.01057	0.07313	0.01513	0.03740	0.06635	0.06352	0.05248	0.04111	0.38163	0.00630	0.02917	0.00829	0.00548	0.00856
22	0.01106	0.01082	0.01656	0.74627	0.03691	0.05768	0.01511	0.01462	0.01135	0.01412	0.00977	0.01448	0.00737	0.00555	0.00551	0.00182	0.00754	0.00484	0.00248	0.00617
23	0.84448	0.01071	0.00814	0.00728	0.01071	0.01242	0.00600	0.01628	0.00943	0.02485	0.00771	0.00900	0.00600	0.00514	0.00343	0.00171	0.00428	0.00300	0.00343	0.00600
24	0.84448	0.01071	0.00814	0.00728	0.01071	0.01242	0.00600	0.01628	0.00943	0.02485	0.00771	0.00900	0.00600	0.00514	0.00343	0.00171	0.00428	0.00300	0.00343	0.00600
25	0.00805	0.00537	0.00604	0.00604	0.00604	0.00537	0.00336	0.00805	0.00805	0.01074	0.01745	0.03624	0.02013	0.80536	0.02819	0.00537	0.00537	0.00805	0.00336	0.00336
26	0.01201	0.16385	0.54957	0.01565	0.02290	0.01460	0.11258	0.01740	0.01179	0.01677	0.00971	0.01162	0.00721	0.00509	0.00513	0.00167	0.00794	0.00421	0.00240	0.00790
27	0.00740	0.00589	0.00689	0.00704	0.00866	0.00506	0.00516	0.00884	0.01169	0.01513	0.03848	0.34318	0.33863	0.01413	0.00650	0.00192	0.00327	0.05511	0.00490	0.11211
28	0.79506	0.01096	0.00960	0.00824	0.01179	0.01252	0.05026	0.01637	0.00964	0.02443	0.00792	0.00935	0.00614	0.00511	0.00361	0.00172	0.00458	0.00321	0.00339	0.00609
29	0.01243	0.00966	0.01087	0.00973	0.01249	0.01023	0.00748	0.02191	0.42180	0.06953	0.13541	0.12329	0.02367	0.00895	0.00579	0.00178	0.00395	0.00769	0.00546	0.09789
30	0.07160	0.11242	0.01406	0.04005	0.07255	0.01077	0.00850	0.06879	0.04144	0.07157	0.10746	0.03894	0.01751	0.02518	0.00568	0.00162	0.00479	0.08085	0.00418	0.20205
31	0.04889	0.00946	0.01271	0.00978	0.01404	0.00827	0.00808	0.02668	0.01566	0.75265	0.02143	0.01856	0.01348	0.00680	0.00551	0.00171	0.00470	0.00549	0.00675	0.00932
32	0.00792	0.00591	0.00877	0.00877	0.00972	0.00685	0.00676	0.00981	0.00886	0.01276	0.01495	0.02241	0.01413	0.07586	0.74948	0.00874	0.01441	0.00603	0.00298	0.00487
33	0.02069	0.02640	0.01569	0.01427	0.01712	0.78313	0.01070	0.02212	0.01569	0.01355	0.00856	0.00999	0.00713	0.00571	0.00499	0.00143	0.00999	0.00357	0.00285	0.00642
34	0.02193	0.01062	0.01324	0.01040	0.01437	0.01024	0.00858	0.21701	0.01830	0.48941	0.05737	0.02071	0.01542	0.00744	0.00568	0.00173	0.00495	0.04167	0.02201	0.00892
35	0.00713	0.00571	0.00645	0.00668	0.00829	0.00503	0.00519	0.00886	0.01294	0.01613	0.14192	0.09054	0.51373	0.01406	0.00676	0.00199	0.00319	0.13533	0.00526	0.00481
36	0.00674	0.00485	0.00639	0.00762	0.00801	0.00451	0.00510	0.00772	0.01069	0.01417	0.03161	0.77012	0.06756	0.01721	0.00705	0.00223	0.00320	0.01557	0.00514	0.00451
37	0.01481	0.80869	0.02902	0.00948	0.01421	0.02191	0.00948	0.01658	0.01125	0.01303	0.00770	0.00888	0.00711	0.00474	0.00355	0.00118	0.00592	0.00296	0.00237	0.00711
38	0.01096	0.00578	0.00584	0.00561	0.00709	0.00588	0.00427	0.05686	0.01247	0.02150	0.01778	0.02021	0.01391	0.00646	0.00397	0.00131	0.00279	0.00515	0.78674	0.00541
39	0.00764	0.00568	0.00712	0.00683	0.00824	0.00517	0.00517	0.01002	0.01500	0.02064	0.60700	0.04439	0.18574	0.01198	0.00658	0.00180	0.00274	0.03727	0.00588	0.00512
40	0.01104	0.00586	0.00593	0.00567	0.00717	0.00597	0.00432	0.06254	0.01258	0.02160	0.01775	0.02015	0.01387	0.00647	0.00398	0.00132	0.00282	0.00515	0.78036	0.00545
41	0.01265	0.01208	0.02057	0.28131	0.53179	0.01288	0.01647	0.01607	0.01211	0.01681	0.01023	0.01405	0.00832	0.00513	0.00550	0.00171	0.00684	0.00493	0.00265	0.00792
42	0.00673	0.00489	0.00635	0.00753	0.00798	0.00451	0.00506	0.00773	0.01078	0.01421	0.03279	0.73534	0.10157	0.01706	0.00702	0.00222	0.00318	0.01538	0.00514	0.00451
43	0.01032	0.00516	0.00516	0.00516	0.00645	0.00516	0.00387	0.01290	0.01161	0.02065	0.01807	0.02065	0.01420	0.00645	0.00387	0.00129	0.00258	0.00516	0.83611	0.00516
44	0.01046	0.00984	0.01661	0.79205	0.03814	0.01230	0.01538	0.01415	0.01107	0.01415	0.00984	0.01477	0.00738	0.00554	0.00554	0.00185	0.00738	0.00492	0.00246	0.00615
45	0.01324	0.01487	0.12146	0.04681	0.59218	0.01278	0.04422	0.01691	0.01246	0.03041	0.01119	0.03810	0.00944	0.00540	0.00554	0.00169	0.00678	0.00523	0.00283	0.00847
46	0.01371	0.01316	0.02248	0.03399	0.77081	0.01316	0.01700	0.01700	0.01261	0.01809	0.01042	0.01371	0.00877	0.00493	0.00548	0.00164	0.00658	0.00493	0.00274	0.00877
47	0.01481	0.80869	0.02902	0.00948	0.01421	0.02191	0.00948	0.01658	0.01125	0.01303	0.00770	0.00888	0.00711	0.00474	0.00355	0.00118	0.00592	0.00296	0.00237	0.00711
48	0.01138	0.00974	0.01138	0.00819	0.01302	0.00732	0.00653	0.01381	0.01147	0.01796	0.01029	0.02841	0.00881	0.00439	0.00417	0.00085	0.00408	0.00355	0.00332	0.82135
49	0.00794	0.00545	0.00647	0.00683	0.00707	0.00538	0.00420	0.02844	0.00948	0.01264	0.02209	0.31370	0.02583	0.49709	0.01989	0.00413	0.00461	0.01076	0.00406	0.00394
50	0.01112	0.01152	0.06272	0.57850	0.13405	0.01236	0.03703	0.03102	0.01169	0.01545	0.01072	0.04018	0.00858	0.00583	0.00559	0.00182	0.00721	0.00528	0.00266	0.00668
51	0.00715	0.00514	0.00686	0.00810	0.00866	0.00486	0.00582	0.00843	0.01109	0.01463	0.03130	0.63342	0.06426	0.01684	0.00716	0.00229	0.00355	0.15070	0.00513	0.00462
52	0.01251	0.06017	0.06399	0.01648	0.03729	0.03566	0.29624	0.01569	0.01164	0.01642	0.01061	0.04619	0.00916	0.00610	0.00791	0.00170	0.15573	0.00543	0.00288	0.18817
53	0.01729	0.01222	0.01404	0.05734	0.01618	0.01280	0.00925	0.40939	0.03672	0.09859	0.07621	0.04026	0.01473	0.02287	0.00597	0.00169	0.00533	0.02291	0.00516	0.12105
54	0.01111	0.02865	0.77667	0.01579	0.02397	0.01286	0.02046	0.01754	0.01169	0.01754	0.00994	0.01169	0.00702	0.00526	0.00526	0.00175	0.00818	0.00409	0.00234	0.00818
55	0.02230	0.00934	0.01238	0.00966	0.01356	0.00837	0.00791	0.07433	0.01652	0.62303	0.12148	0.02150	0.01859	0.00744	0.00570	0.00171	0.00452	0.00613	0.00666	0.00886
56	0.01189	0.08439	0.64162	0.01574	0.02335	0.01377	0.07026	0.04484	0.01229	0.01787	0.00999	0.01177	0.00721	0.00523	0.00524	0.00172	0.00802	0.00421	0.00249	0.00810
57	0.01457	0.01536	0.03730	0.02962	0.58449	0.11830	0.06286	0.01810	0.03366	0.01758	0.01054	0.01343	0.00871	0.00510	0.00548	0.00164	0.00719	0.00487	0.00283	0.00836
58	0.00762	0.00555	0.00677	0.00665	0.00770	0.00514	0.00471	0.00935	0.01313	0.01788	0.42509	0.09203	0.16284	0.18510	0.01130	0.00260	0.00333	0.02327	0.00526	0.00468
59	0.00675	0.00482	0.00643	0.00771	0.00803	0.00450	0.00514	0.00771	0.01060	0.01414	0.03053	0.80175	0.03663	0.01735	0.00707	0.00225	0.00321	0.01574	0.00514	0.00450
60	0.03489	0.00561	0.00707	0.00715	0.00827	0.00526	0.00521	0.00974	0.01371	0.01935	0.47239	0.24434	0.08723	0.02976	0.00706	0.00198	0.00295	0.02743	0.00562	0.00498
