[name]
unknown

[dist]
# distance from previous block
# <min> <max>
0	31

[block]
# block no. 0 follows, 46 sequences, length 10
# corresponding to MSA columns:
# 32-41
name=unknown_A
#
# <colnr> <probs for GDERKNQSTAVLIFYWHMCP>
#	G	D	E	R	K	N	Q	S	T	A	V	L	I	F	Y	W	H	M	C	P
0	0.04007	0.04536	0.29168	0.01169	0.01666	0.01123	0.01220	0.12899	0.05569	0.20453	0.03993	0.04922	0.01297	0.00689	0.00528	0.00170	0.00580	0.04800	0.00430	0.00780
1	0.10193	0.11491	0.21610	0.01267	0.04841	0.03068	0.07419	0.01923	0.03644	0.24177	0.01359	0.04531	0.01010	0.00588	0.00491	0.00161	0.00596	0.00481	0.00388	0.00762
2	0.05177	0.18601	0.35059	0.07612	0.02020	0.01359	0.06834	0.01735	0.05042	0.07607	0.01112	0.01346	0.00853	0.00543	0.00482	0.00160	0.00667	0.02768	0.00291	0.00732
3	0.06216	0.12336	0.26222	0.01190	0.02864	0.03036	0.04523	0.05461	0.05494	0.07761	0.06150	0.11012	0.01476	0.00730	0.00517	0.00168	0.00581	0.03203	0.00364	0.00698
4	0.04341	0.04737	0.03552	0.02540	0.03694	0.00959	0.09846	0.03155	0.12843	0.20144	0.11569	0.04772	0.11840	0.00806	0.00560	0.00172	0.00472	0.02814	0.00485	0.00700
5	0.00918	0.00459	0.00689	0.00689	0.00689	0.00459	0.00459	0.00689	0.00689	0.00918	0.00918	0.01607	0.00918	0.01837	0.02066	0.84619	0.00459	0.00459	0.00230	0.00230
6	0.11716	0.01448	0.04861	0.14142	0.01733	0.19232	0.00958	0.20059	0.01505	0.02082	0.01116	0.01294	0.00852	0.00569	0.00461	0.00151	0.00613	0.00420	0.16129	0.00660
7	0.04078	0.01008	0.01608	0.52179	0.18285	0.01179	0.01391	0.01519	0.07184	0.01542	0.01118	0.01604	0.00897	0.00569	0.00529	0.00175	0.00647	0.03555	0.00278	0.00653
8	0.04656	0.07622	0.66772	0.01520	0.05916	0.01282	0.01812	0.01661	0.01109	0.01679	0.00928	0.01098	0.00674	0.00497	0.00486	0.00163	0.00744	0.00383	0.00230	0.00769
9	0.01117	0.00951	0.01014	0.00933	0.01188	0.01053	0.00725	0.02199	0.53451	0.02028	0.08869	0.02886	0.16954	0.00895	0.00569	0.00180	0.00378	0.03360	0.00530	0.00720

[dist]
# distance from previous block
# <min> <max>
0	1

[block]
# block no. 1 follows, 46 sequences, length 11
# corresponding to MSA columns:
# 43-53
name=unknown_B
#
# <colnr> <probs for GDERKNQSTAVLIFYWHMCP>
#	G	D	E	R	K	N	Q	S	T	A	V	L	I	F	Y	W	H	M	C	P
0	0.00731	0.00540	0.00686	0.00669	0.00796	0.00494	0.00506	0.00956	0.01412	0.01947	0.58907	0.08142	0.15400	0.01171	0.00633	0.00175	0.00270	0.05520	0.00558	0.00487
1	0.01120	0.00961	0.01107	0.00815	0.01266	0.00772	0.00650	0.01495	0.09507	0.01777	0.01074	0.01193	0.00875	0.00428	0.00408	0.00089	0.00394	0.00345	0.00338	0.75386
2	0.01255	0.01235	0.05709	0.30391	0.33621	0.01286	0.01475	0.09802	0.03091	0.01757	0.01016	0.01339	0.00800	0.00539	0.00583	0.00169	0.04438	0.00470	0.00285	0.00739
3	0.00748	0.00540	0.00707	0.00665	0.00790	0.00499	0.00499	0.00998	0.01496	0.02120	0.77844	0.03949	0.04988	0.01081	0.00624	0.00166	0.00249	0.00956	0.00582	0.00499
4	0.00794	0.00565	0.00759	0.00855	0.00946	0.00555	0.00692	0.00976	0.01135	0.01489	0.06036	0.18763	0.05208	0.11753	0.00965	0.00268	0.00442	0.46875	0.00470	0.00455
5	0.01257	0.01432	0.14263	0.16285	0.38494	0.01225	0.09436	0.01679	0.03999	0.05247	0.01079	0.01356	0.00834	0.00501	0.00532	0.00165	0.00678	0.00482	0.00280	0.00774
6	0.00632	0.00509	0.00563	0.00605	0.00732	0.00440	0.00433	0.00751	0.01138	0.01401	0.04506	0.31532	0.52013	0.01449	0.00642	0.00191	0.00281	0.01250	0.00491	0.00440
7	0.00871	0.00569	0.00738	0.00679	0.00830	0.00518	0.00515	0.01110	0.01480	0.08209	0.67318	0.03846	0.09164	0.01062	0.00616	0.00167	0.00267	0.00932	0.00582	0.00528
8	0.04934	0.01264	0.01335	0.01054	0.01412	0.01393	0.00862	0.56781	0.04631	0.02999	0.01365	0.01411	0.00997	0.00628	0.00491	0.00153	0.00506	0.00476	0.16502	0.00807
9	0.01478	0.01186	0.03525	0.01069	0.01429	0.01228	0.02953	0.19568	0.37035	0.06687	0.01712	0.01663	0.01269	0.00637	0.00508	0.00158	0.00466	0.00521	0.06915	0.09992
10	0.01086	0.00986	0.01552	0.61194	0.07581	0.01192	0.01363	0.05586	0.07254	0.01545	0.01081	0.01473	0.00826	0.00709	0.04265	0.00206	0.00704	0.00485	0.00279	0.00634

[dist]
# distance from previous block
# <min> <max>
0	6

[block]
# block no. 2 follows, 46 sequences, length 22
# corresponding to MSA columns:
# 60-65,67-82
name=unknown_C
#
# <colnr> <probs for GDERKNQSTAVLIFYWHMCP>
#	G	D	E	R	K	N	Q	S	T	A	V	L	I	F	Y	W	H	M	C	P
0	0.00643	0.00463	0.00610	0.00728	0.00765	0.00430	0.00487	0.00737	0.01019	0.01353	0.03007	0.78187	0.06326	0.01644	0.00673	0.00213	0.00305	0.01488	0.00491	0.00430
1	0.08032	0.03690	0.01283	0.00921	0.01363	0.02920	0.02108	0.17706	0.01411	0.05261	0.01035	0.01139	0.00808	0.00470	0.00427	0.00110	0.00465	0.00361	0.00371	0.50120
2	0.01255	0.01425	0.02867	0.02086	0.02557	0.04775	0.65404	0.01653	0.01222	0.01636	0.01092	0.03922	0.00875	0.00521	0.00694	0.00181	0.06244	0.00628	0.00272	0.00690
3	0.01082	0.00997	0.01569	0.55379	0.13400	0.01175	0.01358	0.03623	0.08729	0.01548	0.01306	0.01638	0.04811	0.00584	0.00534	0.00173	0.00640	0.00516	0.00290	0.00648
4	0.01387	0.75734	0.08540	0.00950	0.01428	0.02026	0.00984	0.01590	0.01077	0.01276	0.00751	0.00868	0.00678	0.00456	0.00352	0.00117	0.00582	0.00291	0.00226	0.00686
5	0.00853	0.00528	0.00703	0.00739	0.00834	0.00484	0.00523	0.00999	0.01194	0.09656	0.22858	0.52132	0.03666	0.01397	0.00646	0.00196	0.00306	0.01255	0.00532	0.00497
6	0.00762	0.00543	0.00601	0.00590	0.00735	0.00514	0.00447	0.00945	0.01178	0.01643	0.13510	0.03754	0.39497	0.01321	0.07153	0.00220	0.02439	0.00866	0.22812	0.00471
7	0.01833	0.01242	0.01379	0.01105	0.01474	0.01343	0.00895	0.43768	0.17147	0.15509	0.03950	0.05108	0.01348	0.00713	0.00540	0.00166	0.00505	0.00569	0.00551	0.00854
8	0.00656	0.00470	0.00624	0.00728	0.00769	0.00438	0.00492	0.00767	0.01069	0.01440	0.11726	0.72006	0.03672	0.01589	0.00669	0.00209	0.00300	0.01439	0.00501	0.00438
9	0.00644	0.00460	0.00613	0.00736	0.00767	0.00429	0.00491	0.00736	0.01012	0.01350	0.02914	0.81076	0.03497	0.01656	0.00675	0.00215	0.00307	0.01503	0.00491	0.00429
10	0.00936	0.00576	0.00734	0.00765	0.00868	0.00546	0.00542	0.04318	0.01122	0.09596	0.02524	0.52091	0.02811	0.09426	0.00838	0.00231	0.00363	0.04972	0.04455	0.02288
11	0.00751	0.00553	0.00705	0.00677	0.00803	0.00517	0.00504	0.01021	0.03967	0.02015	0.64505	0.10631	0.09090	0.01134	0.00625	0.00172	0.00261	0.01001	0.00567	0.00501
12	0.02010	0.01481	0.01587	0.01216	0.01639	0.01639	0.01005	0.76360	0.02486	0.03332	0.01269	0.01269	0.00899	0.00635	0.00529	0.00159	0.00582	0.00476	0.00529	0.00899
13	0.01144	0.00975	0.01120	0.00827	0.01276	0.00796	0.00659	0.03391	0.09584	0.01818	0.01083	0.01198	0.00878	0.00434	0.00411	0.00092	0.00399	0.00349	0.00344	0.73223
14	0.01219	0.00748	0.00927	0.00824	0.00946	0.00793	0.00602	0.21847	0.01210	0.01637	0.01081	0.01612	0.00976	0.05116	0.01601	0.53964	0.00488	0.00479	0.03500	0.00431
15	0.00756	0.00492	0.00559	0.00605	0.00706	0.00457	0.00430	0.00916	0.01111	0.01606	0.06417	0.33625	0.20543	0.01214	0.00560	0.00174	0.00275	0.01055	0.28040	0.00457
16	0.01039	0.00999	0.01279	0.06937	0.01382	0.07343	0.00957	0.01202	0.00904	0.01264	0.01066	0.03803	0.01018	0.02069	0.31701	0.00460	0.35253	0.00524	0.00262	0.00536
17	0.02887	0.00993	0.01616	0.60866	0.03126	0.01244	0.03879	0.01383	0.01030	0.03244	0.00927	0.01366	0.00718	0.00594	0.00727	0.00185	0.13898	0.00471	0.00248	0.00597
18	0.01747	0.01110	0.01239	0.01041	0.01380	0.03367	0.00828	0.12316	0.36234	0.27817	0.02011	0.05534	0.01480	0.00725	0.00539	0.00172	0.00460	0.00595	0.00566	0.00840
19	0.00651	0.00463	0.00612	0.00728	0.00757	0.00434	0.00482	0.00738	0.01000	0.01333	0.02849	0.77078	0.03415	0.05765	0.00779	0.00230	0.00317	0.01465	0.00482	0.00424
20	0.00905	0.00684	0.00802	0.00777	0.00913	0.02686	0.00581	0.02700	0.04830	0.06400	0.20349	0.26887	0.20865	0.01236	0.00708	0.00188	0.06413	0.01052	0.00499	0.00524
21	0.02054	0.01410	0.01543	0.01183	0.01604	0.01534	0.00977	0.67352	0.02367	0.12508	0.01369	0.01334	0.00949	0.00637	0.00529	0.00159	0.00566	0.00483	0.00544	0.00899

[dist]
# distance from previous block
# <min> <max>
0	2

[block]
# block no. 3 follows, 46 sequences, length 26
# corresponding to MSA columns:
# 85,86,88-111
name=unknown_D
#
# <colnr> <probs for GDERKNQSTAVLIFYWHMCP>
#	G	D	E	R	K	N	Q	S	T	A	V	L	I	F	Y	W	H	M	C	P
0	0.01232	0.01091	0.01213	0.01068	0.01225	0.11320	0.02205	0.10937	0.01234	0.03173	0.07556	0.01739	0.01336	0.01697	0.23842	0.00373	0.19493	0.00527	0.08153	0.00587
1	0.01326	0.01029	0.01380	0.01013	0.01455	0.00881	0.08969	0.07246	0.01257	0.10806	0.01140	0.02640	0.00900	0.00488	0.00495	0.00113	0.03241	0.00411	0.00365	0.54844
2	0.01633	0.01259	0.01468	0.07215	0.05889	0.01320	0.00970	0.43567	0.03290	0.04087	0.01275	0.01357	0.02733	0.00587	0.00523	0.00144	0.02045	0.00457	0.00439	0.19744
3	0.00640	0.00476	0.00597	0.00694	0.00756	0.00433	0.00472	0.00741	0.01052	0.01366	0.03421	0.65301	0.18944	0.01590	0.00664	0.00207	0.00299	0.01423	0.00491	0.00433
4	0.00921	0.00460	0.00681	0.00681	0.00686	0.00460	0.00456	0.00709	0.00705	0.00958	0.00949	0.01621	0.00935	0.01790	0.02002	0.81409	0.00451	0.00460	0.03426	0.00240
5	0.00960	0.01334	0.21148	0.01540	0.11771	0.00916	0.14962	0.01283	0.01109	0.01555	0.01771	0.33535	0.01862	0.00952	0.00594	0.00185	0.00580	0.00892	0.00347	0.02704
6	0.01077	0.00854	0.00886	0.00801	0.00987	0.08242	0.00609	0.08861	0.03132	0.06114	0.44444	0.07192	0.10919	0.02740	0.00640	0.00174	0.00376	0.00857	0.00530	0.00567
7	0.00645	0.00478	0.00596	0.00688	0.00748	0.00436	0.00465	0.00742	0.01042	0.01353	0.03371	0.62221	0.18871	0.04767	0.00745	0.00219	0.00307	0.01393	0.00484	0.00429
8	0.01465	0.71345	0.02607	0.00965	0.01386	0.10081	0.00924	0.01629	0.01111	0.01250	0.00742	0.00867	0.00679	0.00475	0.00391	0.00119	0.02770	0.00294	0.00231	0.00669
9	0.00689	0.00481	0.00607	0.00690	0.00713	0.00461	0.00445	0.00755	0.00939	0.01251	0.02509	0.54237	0.02978	0.27357	0.01326	0.00311	0.00377	0.03042	0.00436	0.00396
10	0.01112	0.01051	0.01599	0.45946	0.02676	0.01369	0.01325	0.05231	0.01037	0.01424	0.00863	0.01306	0.00711	0.00686	0.00989	0.00196	0.31165	0.00467	0.00249	0.00600
11	0.06608	0.02602	0.66035	0.01440	0.02142	0.08904	0.01772	0.01709	0.01140	0.01682	0.00922	0.01083	0.00664	0.00506	0.00488	0.00164	0.00774	0.00379	0.00235	0.00751
12	0.00885	0.00750	0.03655	0.10210	0.06378	0.00727	0.00950	0.01155	0.02489	0.01530	0.02347	0.13718	0.02510	0.03161	0.02661	0.00244	0.00532	0.45146	0.00427	0.00526
13	0.06057	0.01649	0.01638	0.01799	0.23585	0.23418	0.01147	0.22063	0.09786	0.02124	0.01129	0.01245	0.00880	0.00564	0.00503	0.00154	0.00674	0.00439	0.00370	0.00777
14	0.01780	0.04575	0.01665	0.01599	0.10847	0.58061	0.02921	0.01944	0.01376	0.01352	0.00830	0.01024	0.00704	0.00568	0.00606	0.00148	0.08720	0.00373	0.00266	0.00641
15	0.02372	0.00900	0.01227	0.00941	0.01350	0.00777	0.00777	0.02576	0.01513	0.78489	0.02086	0.01799	0.01309	0.00654	0.00532	0.00164	0.00450	0.00532	0.00654	0.00900
16	0.85155	0.01022	0.00777	0.00695	0.01022	0.01186	0.00573	0.01554	0.00900	0.02372	0.00736	0.00859	0.00573	0.00491	0.00327	0.00164	0.00409	0.00286	0.00327	0.00573
17	0.01469	0.35839	0.17972	0.01154	0.01598	0.25458	0.01131	0.01726	0.01240	0.01405	0.05809	0.01137	0.00957	0.00532	0.00434	0.00135	0.00708	0.00366	0.00263	0.00668
18	0.01050	0.00979	0.01584	0.67382	0.08252	0.01194	0.01416	0.01512	0.08552	0.01460	0.01062	0.01458	0.00803	0.00543	0.00529	0.00175	0.00672	0.00482	0.00266	0.00628
19	0.00650	0.00464	0.00618	0.00732	0.00768	0.00433	0.00491	0.00750	0.01037	0.01390	0.06820	0.77056	0.03574	0.01626	0.00672	0.00212	0.00304	0.01474	0.00495	0.00433
20	0.00775	0.00594	0.00689	0.00672	0.00818	0.00554	0.00496	0.05777	0.02604	0.01780	0.29397	0.18607	0.31171	0.02824	0.00667	0.00186	0.00296	0.01077	0.00522	0.00495
21	0.03413	0.01060	0.01292	0.03712	0.01460	0.01063	0.00844	0.25615	0.04805	0.40332	0.09220	0.01821	0.01520	0.00685	0.00536	0.00163	0.00478	0.00552	0.00583	0.00841
22	0.02212	0.00864	0.01176	0.00913	0.01294	0.00750	0.00750	0.02421	0.01511	0.70978	0.09537	0.02011	0.01671	0.00696	0.00541	0.00164	0.00430	0.00573	0.00647	0.00860
23	0.00650	0.00472	0.00615	0.00724	0.00771	0.00437	0.00492	0.00752	0.01043	0.01378	0.04740	0.71413	0.09586	0.01613	0.00671	0.00211	0.00307	0.03200	0.00493	0.00434
24	0.01992	0.01384	0.01544	0.01236	0.04207	0.01488	0.00984	0.62178	0.02273	0.12010	0.01342	0.01326	0.00940	0.00622	0.00524	0.00156	0.00560	0.00476	0.00526	0.04233
25	0.00703	0.00557	0.00858	0.00878	0.00962	0.00519	0.07935	0.00831	0.01040	0.01385	0.02789	0.71483	0.04954	0.01530	0.00669	0.00210	0.00363	0.01407	0.00469	0.00458

[dist]
# distance from previous block
# <min> <max>
0	16

[block]
# block no. 4 follows, 46 sequences, length 15
# corresponding to MSA columns:
# 128-142
name=unknown_E
#
# <colnr> <probs for GDERKNQSTAVLIFYWHMCP>
#	G	D	E	R	K	N	Q	S	T	A	V	L	I	F	Y	W	H	M	C	P
0	0.01380	0.04453	0.01279	0.01048	0.07957	0.00870	0.00762	0.05213	0.02924	0.15467	0.05111	0.01449	0.01137	0.02103	0.00493	0.00121	0.00435	0.00420	0.00395	0.46983
1	0.00998	0.00940	0.01586	0.80150	0.03641	0.01175	0.01468	0.01351	0.01057	0.01351	0.00940	0.01409	0.00705	0.00529	0.00529	0.00176	0.00705	0.00470	0.00235	0.00587
2	0.00756	0.00563	0.00834	0.00834	0.00924	0.00653	0.00642	0.00934	0.00845	0.01216	0.01430	0.02154	0.01355	0.08283	0.75053	0.00831	0.01366	0.00578	0.00285	0.00464
3	0.01124	0.01130	0.05693	0.37771	0.07188	0.01195	0.14602	0.04906	0.01152	0.01606	0.01050	0.01426	0.00811	0.00560	0.00635	0.00173	0.07928	0.00495	0.09917	0.00637
4	0.01327	0.01434	0.01770	0.03945	0.01682	0.16423	0.11306	0.03324	0.01051	0.01385	0.00817	0.01199	0.00735	0.00879	0.04124	0.00225	0.47049	0.00465	0.00253	0.00607
5	0.00718	0.00526	0.00674	0.00665	0.00779	0.00482	0.00488	0.00930	0.01385	0.01921	0.57991	0.17421	0.11640	0.01205	0.00633	0.00176	0.00261	0.01066	0.00558	0.00482
6	0.01282	0.01424	0.09693	0.07839	0.61537	0.03537	0.03749	0.01627	0.01196	0.01684	0.00983	0.01289	0.00807	0.00479	0.00523	0.00159	0.00665	0.00464	0.00257	0.00806
7	0.01078	0.01267	0.10543	0.07236	0.07751	0.01202	0.21458	0.01389	0.01113	0.01575	0.09395	0.03873	0.04473	0.00816	0.02688	0.00205	0.21111	0.01886	0.00303	0.00636
8	0.00633	0.00529	0.00552	0.00561	0.00723	0.00448	0.00415	0.00770	0.01203	0.01459	0.09087	0.12000	0.67100	0.01354	0.00629	0.00181	0.00270	0.01143	0.00496	0.00448
9	0.01904	0.04546	0.01549	0.01392	0.04422	0.64255	0.01030	0.07891	0.05404	0.01514	0.00924	0.01040	0.00751	0.00555	0.00482	0.00140	0.00874	0.00367	0.00304	0.00657
10	0.00644	0.00460	0.00613	0.00736	0.00767	0.00429	0.00491	0.00736	0.01012	0.01350	0.02914	0.81076	0.03497	0.01656	0.00675	0.00215	0.00307	0.01503	0.00491	0.00429
11	0.01060	0.02735	0.78682	0.01507	0.02288	0.01228	0.01953	0.01674	0.01116	0.01674	0.00949	0.01116	0.00670	0.00502	0.00502	0.00167	0.00781	0.00391	0.00223	0.00781
12	0.00769	0.00513	0.00577	0.00577	0.00577	0.00513	0.00320	0.00769	0.00769	0.01025	0.01666	0.03460	0.01922	0.81421	0.02691	0.00513	0.00513	0.00769	0.00320	0.00320
13	0.06037	0.00932	0.01223	0.00942	0.01348	0.00835	0.00778	0.05898	0.01530	0.71674	0.01988	0.01733	0.01257	0.00646	0.00522	0.00163	0.00454	0.00518	0.00634	0.00885
14	0.01261	0.01356	0.02785	0.13983	0.02821	0.01332	0.59853	0.06618	0.01301	0.01751	0.01063	0.01413	0.00794	0.00471	0.00603	0.00177	0.00842	0.00591	0.00280	0.00706

[dist]
# distance from previous block
# <min> <max>
0	1

[block]
# block no. 5 follows, 46 sequences, length 11
# corresponding to MSA columns:
# 144-154
name=unknown_F
#
# <colnr> <probs for GDERKNQSTAVLIFYWHMCP>
#	G	D	E	R	K	N	Q	S	T	A	V	L	I	F	Y	W	H	M	C	P
0	0.00668	0.00537	0.00595	0.00581	0.00740	0.00465	0.00435	0.00842	0.01306	0.01669	0.30583	0.04691	0.52531	0.01249	0.00624	0.00174	0.00261	0.01060	0.00523	0.00465
1	0.01092	0.12649	0.57602	0.01385	0.02038	0.01301	0.04234	0.01597	0.01134	0.01639	0.06814	0.01311	0.01007	0.00553	0.00538	0.00163	0.03523	0.00431	0.00253	0.00737
2	0.01413	0.81739	0.02770	0.00905	0.01357	0.02092	0.00905	0.01583	0.01074	0.01244	0.00735	0.00848	0.00678	0.00452	0.00339	0.00113	0.00565	0.00283	0.00226	0.00678
3	0.03195	0.03499	0.08852	0.18659	0.31155	0.03554	0.04118	0.08560	0.09833	0.01832	0.01119	0.01355	0.00871	0.00530	0.00518	0.00164	0.00643	0.00471	0.00309	0.00764
4	0.01169	0.01192	0.01819	0.01500	0.01571	0.01582	0.11141	0.01328	0.00868	0.01328	0.00744	0.01192	0.00708	0.00861	0.01587	0.00224	0.69869	0.00484	0.00236	0.00596
5	0.00673	0.00476	0.00623	0.00723	0.00759	0.00450	0.00486	0.00767	0.01014	0.01356	0.06217	0.65027	0.03356	0.11251	0.00918	0.00250	0.00336	0.04423	0.00474	0.00422
6	0.01030	0.03920	0.30055	0.01311	0.06681	0.04684	0.05589	0.01452	0.05384	0.01609	0.06803	0.06019	0.12121	0.05304	0.00696	0.00193	0.02108	0.04052	0.00339	0.00648
7	0.00978	0.00803	0.01074	0.05512	0.04010	0.04108	0.05514	0.03834	0.01182	0.05801	0.08017	0.35553	0.12219	0.01186	0.00717	0.00193	0.07288	0.01031	0.00439	0.00542
8	0.00663	0.00493	0.00617	0.00679	0.00761	0.00448	0.00474	0.00798	0.01158	0.01533	0.19664	0.48400	0.19451	0.01465	0.00653	0.00197	0.00286	0.01303	0.00511	0.00448
9	0.01340	0.01281	0.04884	0.06984	0.63747	0.01228	0.05053	0.01667	0.01212	0.05970	0.01054	0.01339	0.00849	0.00484	0.00528	0.00160	0.00640	0.00479	0.00281	0.00820
10	0.06938	0.08502	0.14379	0.01266	0.04780	0.13882	0.02714	0.23126	0.05472	0.06053	0.01227	0.01386	0.02202	0.05069	0.00611	0.00175	0.00646	0.00451	0.00376	0.00744

[dist]
# distance from previous block
# <min> <max>
0	7

[block]
# block no. 6 follows, 46 sequences, length 100
# corresponding to MSA columns:
# 162-261
name=unknown_G
#
# <colnr> <probs for GDERKNQSTAVLIFYWHMCP>
#	G	D	E	R	K	N	Q	S	T	A	V	L	I	F	Y	W	H	M	C	P
0	0.01153	0.01347	0.09570	0.05623	0.14168	0.04051	0.33248	0.03151	0.01222	0.01651	0.02703	0.14200	0.01368	0.00706	0.00596	0.00180	0.00708	0.03364	0.00315	0.00677
1	0.04915	0.23531	0.10758	0.01188	0.01598	0.19393	0.01083	0.23367	0.01563	0.01956	0.00931	0.01043	0.00739	0.00561	0.00524	0.00147	0.05272	0.00375	0.00328	0.00729
2	0.00643	0.00463	0.00611	0.00730	0.00765	0.00430	0.00488	0.00737	0.01018	0.01352	0.02993	0.78620	0.05902	0.01646	0.00673	0.00214	0.00305	0.01490	0.00491	0.00430
3	0.01072	0.02393	0.62721	0.09775	0.03786	0.01242	0.03859	0.01647	0.02619	0.01637	0.00966	0.01177	0.00700	0.00523	0.00556	0.00171	0.03754	0.00414	0.00233	0.00754
4	0.01218	0.00928	0.01078	0.06337	0.01278	0.01030	0.00748	0.22472	0.09152	0.02048	0.06838	0.04207	0.10227	0.12220	0.03505	0.01499	0.06293	0.00660	0.07643	0.00620
5	0.00648	0.00469	0.00615	0.00729	0.00772	0.00435	0.00495	0.00747	0.01031	0.01361	0.03078	0.73805	0.08592	0.01629	0.00673	0.00213	0.00309	0.03475	0.00491	0.00432
6	0.01975	0.02520	0.01498	0.01362	0.01634	0.79299	0.01021	0.02111	0.01498	0.01294	0.00817	0.00953	0.00681	0.00545	0.00477	0.00136	0.00953	0.00340	0.00272	0.00613
7	0.00644	0.00462	0.00612	0.00731	0.00766	0.00430	0.00489	0.00737	0.01017	0.01351	0.02971	0.79306	0.05230	0.01649	0.00674	0.00214	0.00306	0.01494	0.00491	0.00430
8	0.01975	0.02520	0.01498	0.01362	0.01634	0.79299	0.01021	0.02111	0.01498	0.01294	0.00817	0.00953	0.00681	0.00545	0.00477	0.00136	0.00953	0.00340	0.00272	0.00613
9	0.48967	0.00940	0.00919	0.00774	0.01106	0.00994	0.00633	0.03189	0.01174	0.25920	0.07668	0.01443	0.01196	0.00596	0.00420	0.00163	0.00408	0.00427	0.02393	0.00672
10	0.00985	0.00493	0.00493	0.00493	0.00616	0.00493	0.00370	0.01232	0.01109	0.01971	0.01725	0.01971	0.01355	0.00616	0.00370	0.00123	0.00246	0.00493	0.84356	0.00493
11	0.01248	0.01426	0.03119	0.02228	0.02763	0.01337	0.76203	0.01693	0.01248	0.01693	0.01070	0.01426	0.00802	0.00446	0.00624	0.00178	0.00891	0.00624	0.00267	0.00713
12	0.01280	0.01227	0.02094	0.10343	0.71249	0.01249	0.01608	0.01597	0.01190	0.01692	0.00989	0.01318	0.00825	0.00476	0.00524	0.00159	0.00635	0.00471	0.00259	0.00814
13	0.00643	0.00536	0.00561	0.00555	0.00726	0.00454	0.00416	0.00795	0.01249	0.01533	0.16333	0.04915	0.66866	0.01300	0.00625	0.00177	0.00265	0.01092	0.00505	0.00454
14	0.01948	0.01450	0.01552	0.01204	0.01616	0.01611	0.00990	0.69815	0.09132	0.03232	0.01348	0.01332	0.00963	0.00642	0.00530	0.00160	0.00567	0.00487	0.00530	0.00894
15	0.01452	0.76302	0.02683	0.00936	0.01376	0.07391	0.00913	0.01619	0.01103	0.01247	0.00741	0.00855	0.00679	0.00459	0.00349	0.00115	0.00592	0.00287	0.00229	0.00674
16	0.01412	0.04211	0.01885	0.05018	0.47361	0.06035	0.01351	0.11081	0.10143	0.01940	0.03624	0.01431	0.01049	0.00545	0.00520	0.00158	0.00606	0.00487	0.00336	0.00806
17	0.83650	0.01020	0.00785	0.00700	0.01028	0.01179	0.00576	0.01573	0.00911	0.03756	0.00761	0.00876	0.00586	0.00494	0.00331	0.00164	0.00410	0.00291	0.00333	0.00578
18	0.00648	0.00536	0.00564	0.00557	0.00723	0.00456	0.00415	0.00797	0.01242	0.01529	0.16782	0.04871	0.64655	0.03065	0.00670	0.00184	0.00270	0.01083	0.00502	0.00452
19	0.03468	0.06288	0.62261	0.01414	0.02106	0.01212	0.05440	0.01620	0.01128	0.03020	0.01261	0.01396	0.05987	0.00557	0.00504	0.00166	0.00725	0.00446	0.00255	0.00746
20	0.01911	0.03790	0.01144	0.00875	0.01203	0.00777	0.00704	0.02147	0.04265	0.54792	0.09506	0.06073	0.03195	0.06297	0.00691	0.00189	0.00427	0.00641	0.00593	0.00779
21	0.00724	0.00548	0.00624	0.00599	0.00763	0.00477	0.00452	0.00907	0.01332	0.03896	0.34579	0.04534	0.46242	0.01215	0.00622	0.00173	0.00266	0.01035	0.00532	0.00480
22	0.01456	0.01125	0.01215	0.01067	0.01383	0.01271	0.00837	0.05816	0.66061	0.10353	0.02108	0.01925	0.01552	0.00707	0.00537	0.00177	0.00428	0.00586	0.00550	0.00846
23	0.01903	0.03032	0.01474	0.01134	0.01517	0.06380	0.00929	0.55917	0.02162	0.09610	0.01456	0.01464	0.03445	0.00757	0.03066	0.00178	0.00598	0.00493	0.03652	0.00833
24	0.01407	0.00777	0.00897	0.00800	0.01035	0.03224	0.00617	0.01760	0.11014	0.27075	0.08033	0.15255	0.09669	0.00916	0.00542	0.00168	0.00371	0.00776	0.15003	0.00660
25	0.01070	0.00665	0.00600	0.00582	0.00720	0.05942	0.00435	0.02548	0.03053	0.01917	0.01663	0.01945	0.01329	0.03644	0.00471	0.00141	0.00315	0.00495	0.71954	0.00510
26	0.01108	0.00957	0.01174	0.00862	0.01302	0.00766	0.03477	0.02958	0.02519	0.01740	0.01053	0.04533	0.00915	0.00469	0.00445	0.00094	0.02014	0.00387	0.00326	0.72899
27	0.01617	0.01803	0.03155	0.09116	0.23802	0.33800	0.04523	0.08869	0.05213	0.01684	0.01001	0.01201	0.00800	0.00534	0.00510	0.00152	0.00770	0.00429	0.00302	0.00720
28	0.00643	0.00463	0.00611	0.00729	0.00765	0.00430	0.00488	0.00737	0.01019	0.01352	0.03002	0.78340	0.06176	0.01645	0.00673	0.00213	0.00305	0.01489	0.00491	0.00430
29	0.01230	0.01183	0.02001	0.20789	0.49244	0.01254	0.06200	0.01638	0.06378	0.01661	0.01059	0.01381	0.00855	0.00509	0.00558	0.00166	0.02363	0.00489	0.00274	0.00766
30	0.03124	0.00854	0.01010	0.02369	0.01146	0.00861	0.00680	0.18652	0.04701	0.14356	0.33526	0.02903	0.10370	0.02312	0.00612	0.00172	0.00383	0.00753	0.00554	0.00663
31	0.00730	0.00498	0.00586	0.00621	0.00634	0.00487	0.00371	0.00759	0.00848	0.01127	0.02104	0.25635	0.04057	0.56892	0.02070	0.00420	0.00448	0.00986	0.00373	0.00354
32	0.01963	0.01425	0.01534	0.01184	0.01592	0.01570	0.00975	0.71583	0.02403	0.04704	0.01333	0.03136	0.00977	0.00658	0.00529	0.00159	0.00566	0.00501	0.02329	0.00879
33	0.00634	0.00533	0.00550	0.00552	0.00721	0.00449	0.00412	0.00774	0.01217	0.01472	0.10141	0.07860	0.70213	0.01333	0.00627	0.00179	0.00268	0.01119	0.00497	0.00449
34	0.00756	0.00565	0.00841	0.00841	0.00932	0.00656	0.00650	0.00938	0.00847	0.01221	0.01424	0.02122	0.01341	0.06477	0.76840	0.00839	0.01387	0.00573	0.00284	0.00467
35	0.00918	0.00459	0.00689	0.00689	0.00689	0.00459	0.00459	0.00689	0.00689	0.00918	0.00918	0.01607	0.00918	0.01837	0.02066	0.84619	0.00459	0.00459	0.00230	0.00230
36	0.01754	0.02196	0.01341	0.01227	0.01484	0.66426	0.00920	0.01890	0.01450	0.01316	0.01558	0.01628	0.13289	0.00674	0.00501	0.00143	0.00841	0.00467	0.00308	0.00586
37	0.00736	0.00533	0.00694	0.00669	0.00786	0.00491	0.00496	0.00968	0.01445	0.02033	0.69252	0.11050	0.06582	0.01140	0.00628	0.00171	0.00255	0.01010	0.00571	0.00491
38	0.16141	0.00976	0.01479	0.60595	0.08283	0.01182	0.01318	0.01406	0.01039	0.01560	0.00907	0.01304	0.00690	0.00518	0.00492	0.00173	0.00646	0.00437	0.00253	0.00602
39	0.00784	0.00535	0.00699	0.00689	0.00804	0.00491	0.00505	0.00989	0.01368	0.05000	0.53838	0.22746	0.07121	0.01213	0.00632	0.00178	0.00272	0.01078	0.00559	0.00496
40	0.01431	0.01184	0.01296	0.01198	0.05156	0.01345	0.00897	0.12747	0.61755	0.03903	0.01974	0.01841	0.01472	0.00693	0.00536	0.00175	0.00451	0.00574	0.00526	0.00847
41	0.01390	0.78816	0.02701	0.00903	0.01342	0.02040	0.00896	0.01560	0.01066	0.01243	0.00759	0.00892	0.00702	0.00579	0.03184	0.00140	0.00596	0.00293	0.00228	0.00671
42	0.01159	0.02557	0.02557	0.02732	0.03975	0.00736	0.00694	0.04637	0.07109	0.16081	0.19454	0.21206	0.11546	0.01064	0.00595	0.00179	0.00376	0.02202	0.00521	0.00618
43	0.54786	0.01152	0.01030	0.00863	0.01213	0.01311	0.00708	0.23830	0.04831	0.02641	0.00981	0.01056	0.00734	0.00547	0.00398	0.00162	0.00457	0.00361	0.02260	0.00680
44	0.00646	0.00533	0.00569	0.00577	0.00738	0.00456	0.00433	0.00792	0.01221	0.01496	0.12208	0.10099	0.63173	0.01339	0.00632	0.00182	0.00276	0.03678	0.00500	0.00452
45	0.08746	0.01284	0.09186	0.11441	0.25233	0.01201	0.08970	0.05232	0.12249	0.02916	0.01313	0.07568	0.01106	0.00618	0.00529	0.00171	0.00600	0.00562	0.00337	0.00737
46	0.01251	0.01161	0.01562	0.01380	0.03660	0.05135	0.02311	0.01391	0.00913	0.06590	0.00871	0.01277	0.00794	0.01122	0.08024	0.00271	0.60944	0.00473	0.00268	0.00603
47	0.00682	0.00515	0.00634	0.00705	0.00789	0.00479	0.00494	0.00858	0.04162	0.01481	0.10681	0.52273	0.19700	0.01490	0.00655	0.00201	0.00301	0.02942	0.00501	0.00457
48	0.00852	0.00612	0.00773	0.00712	0.00862	0.00589	0.00540	0.03377	0.06232	0.03602	0.69435	0.03706	0.04588	0.01037	0.00614	0.00167	0.00274	0.00912	0.00579	0.00539
49	0.01314	0.03133	0.04696	0.08171	0.57564	0.05458	0.05494	0.01682	0.04262	0.01683	0.01024	0.01313	0.00840	0.00488	0.00522	0.00159	0.00660	0.00470	0.00270	0.00796
50	0.01906	0.02332	0.01497	0.01342	0.01606	0.68045	0.01020	0.07137	0.01514	0.01431	0.00854	0.01010	0.00710	0.00645	0.02243	0.00158	0.05271	0.00361	0.00288	0.00628
51	0.01013	0.00520	0.00522	0.00512	0.00644	0.00524	0.00387	0.03270	0.01146	0.02008	0.01712	0.01952	0.01343	0.00616	0.00374	0.00124	0.00255	0.00492	0.82081	0.00504
52	0.01209	0.01150	0.01940	0.25952	0.53160	0.01211	0.01539	0.01531	0.01156	0.01615	0.00976	0.01330	0.00796	0.00485	0.00520	0.00160	0.00642	0.00465	0.00256	0.03906
53	0.01244	0.06855	0.06653	0.01390	0.01601	0.06135	0.11187	0.07321	0.01090	0.01515	0.00954	0.03833	0.00869	0.01057	0.08305	0.00257	0.38326	0.00504	0.00274	0.00629
54	0.00668	0.00533	0.00601	0.00616	0.00762	0.00466	0.00463	0.00828	0.01242	0.01569	0.19518	0.13738	0.49325	0.01332	0.00638	0.00185	0.00284	0.06265	0.00509	0.00458
55	0.00834	0.00668	0.00800	0.06156	0.01055	0.01849	0.00598	0.03544	0.06577	0.01894	0.41744	0.05779	0.22318	0.01084	0.00610	0.00174	0.00326	0.02940	0.00521	0.00528
56	0.02921	0.56733	0.08436	0.03590	0.01541	0.05868	0.01024	0.08759	0.01221	0.01504	0.00812	0.00945	0.00699	0.00499	0.00435	0.00130	0.03601	0.00326	0.00260	0.00696
57	0.00644	0.00460	0.00613	0.00736	0.00767	0.00429	0.00491	0.00736	0.01012	0.01350	0.02914	0.81076	0.03497	0.01656	0.00675	0.00215	0.00307	0.01503	0.00491	0.00429
58	0.01975	0.02520	0.01498	0.01362	0.01634	0.79299	0.01021	0.02111	0.01498	0.01294	0.00817	0.00953	0.00681	0.00545	0.00477	0.00136	0.00953	0.00340	0.00272	0.00613
59	0.00651	0.00479	0.00605	0.00702	0.00760	0.00440	0.00480	0.00751	0.01043	0.01359	0.03292	0.63055	0.16373	0.04340	0.00737	0.00219	0.00312	0.03485	0.00485	0.00430
60	0.02010	0.01481	0.01587	0.01216	0.01639	0.01639	0.01005	0.76360	0.02486	0.03332	0.01269	0.01269	0.00899	0.00635	0.00529	0.00159	0.00582	0.00476	0.00529	0.00899
61	0.85155	0.01022	0.00777	0.00695	0.01022	0.01186	0.00573	0.01554	0.00900	0.02372	0.00736	0.00859	0.00573	0.00491	0.00327	0.00164	0.00409	0.00286	0.00327	0.00573
62	0.00985	0.00493	0.00493	0.00493	0.00616	0.00493	0.00370	0.01232	0.01109	0.01971	0.01725	0.01971	0.01355	0.00616	0.00370	0.00123	0.00246	0.00493	0.84356	0.00493
63	0.01307	0.01261	0.02175	0.03215	0.75886	0.01258	0.03836	0.01625	0.01205	0.01726	0.00997	0.01312	0.00836	0.00470	0.00526	0.00158	0.00636	0.00476	0.00262	0.00834
64	0.06714	0.02150	0.01509	0.01396	0.05606	0.54951	0.01027	0.15586	0.01614	0.01750	0.00902	0.01028	0.00723	0.00562	0.00506	0.00145	0.02466	0.00371	0.00321	0.00674
65	0.00638	0.00521	0.00564	0.00586	0.00730	0.00447	0.00427	0.00771	0.01187	0.01462	0.10127	0.20462	0.57473	0.01385	0.00635	0.00185	0.00274	0.01183	0.00497	0.00447
66	0.01664	0.01297	0.01385	0.01139	0.01495	0.01458	0.00915	0.42235	0.34340	0.02782	0.01705	0.04420	0.01297	0.00706	0.00538	0.00169	0.00502	0.00565	0.00531	0.00856
67	0.01382	0.77233	0.04216	0.00908	0.01355	0.02017	0.00911	0.01564	0.01090	0.01284	0.03516	0.00965	0.00833	0.00476	0.00353	0.00116	0.00558	0.00309	0.00239	0.00674
68	0.04239	0.01261	0.05406	0.14902	0.45750	0.01238	0.11642	0.01561	0.01170	0.01684	0.03257	0.01390	0.00914	0.00509	0.00566	0.00166	0.02829	0.00496	0.00268	0.00752
69	0.27125	0.01342	0.01342	0.01059	0.01453	0.01502	0.00874	0.53764	0.02007	0.03042	0.01108	0.01145	0.00800	0.00591	0.00468	0.00160	0.00530	0.00419	0.00468	0.00800
70	0.00793	0.00547	0.00725	0.00805	0.00888	0.00528	0.00603	0.03326	0.01149	0.03070	0.07813	0.47460	0.05372	0.01512	0.00727	0.03254	0.00365	0.20107	0.00491	0.00467
71	0.01175	0.01383	0.08290	0.12084	0.04849	0.03623	0.36824	0.01522	0.01106	0.01518	0.00993	0.01424	0.00812	0.03688	0.03019	0.00216	0.16015	0.00545	0.00255	0.00656
72	0.00811	0.00526	0.00692	0.00769	0.00841	0.00495	0.00535	0.03122	0.01106	0.06726	0.04416	0.69724	0.03290	0.01540	0.00661	0.00209	0.00328	0.03226	0.00505	0.00479
73	0.00698	0.00538	0.00637	0.00612	0.00759	0.00477	0.00459	0.00900	0.01377	0.01837	0.48209	0.04415	0.34800	0.01186	0.00624	0.00171	0.00257	0.01021	0.00545	0.00477
74	0.07133	0.00907	0.01201	0.00926	0.01331	0.00801	0.00765	0.02518	0.01478	0.74111	0.02008	0.01745	0.01266	0.00645	0.00520	0.00164	0.00447	0.00518	0.00635	0.00881
75	0.01368	0.49081	0.19913	0.01280	0.06906	0.06606	0.03632	0.03165	0.01153	0.01435	0.00828	0.00974	0.00696	0.00474	0.00411	0.00133	0.00654	0.00339	0.00238	0.00714
76	0.01830	0.02015	0.01506	0.01334	0.02638	0.47999	0.01022	0.15787	0.04651	0.03372	0.01003	0.02399	0.00822	0.00635	0.00651	0.00156	0.10748	0.00416	0.00337	0.00677
77	0.06549	0.00596	0.00836	0.00831	0.00938	0.00692	0.00645	0.00981	0.00851	0.01300	0.01377	0.02035	0.01288	0.06045	0.71610	0.00792	0.01320	0.00553	0.00287	0.00474
78	0.01260	0.01376	0.05856	0.01841	0.07545	0.02587	0.42777	0.05590	0.01262	0.01771	0.01025	0.01304	0.00794	0.00462	0.00580	0.00153	0.02896	0.00514	0.00289	0.20120
79	0.20963	0.12066	0.31756	0.06732	0.07458	0.02892	0.01333	0.04388	0.01111	0.01803	0.00917	0.02687	0.00730	0.00533	0.00478	0.00161	0.02634	0.00390	0.00270	0.00699
80	0.00652	0.00474	0.00618	0.00731	0.00778	0.00439	0.00501	0.00755	0.01038	0.01367	0.03115	0.71016	0.09787	0.01620	0.00673	0.00213	0.00312	0.04985	0.00491	0.00434
81	0.01129	0.02228	0.51463	0.04044	0.13409	0.01251	0.15661	0.01661	0.01152	0.01677	0.00977	0.01210	0.00720	0.00488	0.00529	0.00168	0.00777	0.00448	0.00237	0.00771
82	0.01428	0.01252	0.07450	0.01415	0.13918	0.01205	0.01030	0.31709	0.04556	0.04042	0.08100	0.08777	0.06778	0.02568	0.00640	0.00177	0.03103	0.00654	0.00449	0.00749
83	0.00644	0.00460	0.00613	0.00736	0.00767	0.00429	0.00491	0.00736	0.01012	0.01350	0.02914	0.81076	0.03497	0.01656	0.00675	0.00215	0.00307	0.01503	0.00491	0.00429
84	0.01888	0.14791	0.01695	0.01291	0.01591	0.67339	0.01003	0.02029	0.01432	0.01286	0.00804	0.00937	0.00681	0.00530	0.00455	0.00133	0.00893	0.00332	0.00265	0.00623
85	0.00637	0.00496	0.00579	0.00642	0.00743	0.00438	0.00450	0.00751	0.01110	0.01399	0.05329	0.44495	0.38052	0.01499	0.00651	0.00197	0.00288	0.01314	0.00492	0.00438
86	0.01315	0.01136	0.01195	0.01076	0.01375	0.01315	0.00837	0.02809	0.77168	0.02211	0.02152	0.01972	0.01614	0.00717	0.00538	0.00179	0.00418	0.00598	0.00538	0.00837
87	0.00998	0.00940	0.01586	0.80150	0.03641	0.01175	0.01468	0.01351	0.01057	0.01351	0.00940	0.01409	0.00705	0.00529	0.00529	0.00176	0.00705	0.00470	0.00235	0.00587
88	0.06763	0.00529	0.00512	0.00507	0.00644	0.00540	0.00383	0.01254	0.01094	0.01998	0.01657	0.01895	0.01301	0.00607	0.00367	0.00126	0.00258	0.00479	0.78588	0.00498
89	0.00736	0.00582	0.00668	0.00639	0.00800	0.00536	0.00481	0.01027	0.06986	0.01823	0.40360	0.04303	0.36792	0.01167	0.00618	0.00173	0.00270	0.01000	0.00539	0.00501
90	0.01308	0.01256	0.02146	0.03245	0.78123	0.01256	0.01622	0.01622	0.01204	0.01727	0.00994	0.01308	0.00837	0.00471	0.00523	0.00157	0.00628	0.00471	0.00262	0.00837
91	0.00656	0.00483	0.00618	0.00715	0.00777	0.00444	0.00497	0.00769	0.01073	0.01405	0.06300	0.62121	0.15111	0.01573	0.00668	0.00209	0.00308	0.05341	0.00494	0.00438
92	0.01360	0.01144	0.01210	0.01079	0.01384	0.01317	0.00842	0.05527	0.73012	0.03657	0.02118	0.01943	0.01582	0.00713	0.00537	0.00178	0.00425	0.00592	0.00540	0.00840
93	0.01406	0.80000	0.04441	0.00918	0.01377	0.02073	0.00928	0.01585	0.01075	0.01253	0.00740	0.00854	0.00678	0.00453	0.00343	0.00114	0.00570	0.00285	0.00226	0.00681
94	0.12329	0.28226	0.10436	0.01086	0.03902	0.06861	0.00979	0.16335	0.01370	0.01892	0.02723	0.01374	0.05108	0.03280	0.00533	0.00158	0.01969	0.00423	0.00328	0.00690
95	0.80832	0.01030	0.00809	0.00715	0.01046	0.01185	0.00589	0.03358	0.00955	0.04556	0.00787	0.00895	0.00601	0.00499	0.00338	0.00163	0.00414	0.00298	0.00341	0.00590
96	0.00648	0.00462	0.00612	0.00732	0.00762	0.00432	0.00486	0.00737	0.01005	0.01341	0.02880	0.78952	0.03453	0.03838	0.00730	0.00223	0.00312	0.01483	0.00486	0.00426
97	0.01157	0.01232	0.02519	0.03429	0.10240	0.01174	0.52150	0.01561	0.02865	0.01700	0.06549	0.08410	0.01389	0.00625	0.00617	0.00180	0.00748	0.02456	0.00318	0.00682
98	0.01215	0.01600	0.17876	0.09102	0.05965	0.03795	0.35887	0.05097	0.01239	0.01700	0.01115	0.02880	0.00895	0.00558	0.00628	0.00177	0.04550	0.02934	0.02084	0.00703
99	0.00727	0.00543	0.00626	0.00613	0.00766	0.00474	0.00456	0.00901	0.01303	0.04169	0.31033	0.11180	0.42804	0.01252	0.00626	0.00177	0.00270	0.01073	0.00529	0.00478

[dist]
# distance from previous block
# <min> <max>
0	1

[block]
# block no. 7 follows, 46 sequences, length 85
# corresponding to MSA columns:
# 263-347
name=unknown_H
#
# <colnr> <probs for GDERKNQSTAVLIFYWHMCP>
#	G	D	E	R	K	N	Q	S	T	A	V	L	I	F	Y	W	H	M	C	P
0	0.01093	0.01076	0.03339	0.03180	0.01524	0.09289	0.18235	0.03059	0.02553	0.03449	0.04461	0.24474	0.04086	0.03375	0.02897	0.00212	0.03645	0.04679	0.02832	0.02543
1	0.01457	0.03180	0.01986	0.03881	0.56289	0.05574	0.02895	0.05802	0.01303	0.08479	0.01102	0.01345	0.00881	0.00601	0.02799	0.00176	0.00656	0.00471	0.00311	0.00813
2	0.00985	0.00493	0.00493	0.00493	0.00616	0.00493	0.00370	0.01232	0.01109	0.01971	0.01725	0.01971	0.01355	0.00616	0.00370	0.00123	0.00246	0.00493	0.84356	0.00493
3	0.01655	0.01230	0.01383	0.08001	0.01626	0.01345	0.00922	0.52649	0.02023	0.02740	0.01399	0.08025	0.01160	0.04499	0.00628	0.00176	0.00541	0.00567	0.04250	0.05181
4	0.03721	0.01326	0.08092	0.01132	0.02912	0.01282	0.00955	0.43626	0.04262	0.08194	0.01496	0.06230	0.01238	0.08128	0.00731	0.00198	0.00548	0.02701	0.02451	0.00776
5	0.00644	0.00472	0.00605	0.00707	0.00760	0.00433	0.00479	0.00746	0.01051	0.01380	0.05121	0.68774	0.13692	0.01599	0.00667	0.00209	0.00300	0.01436	0.00493	0.00433
6	0.01116	0.01466	0.16656	0.08992	0.10466	0.01180	0.32777	0.01522	0.01201	0.01669	0.07931	0.01821	0.03877	0.00603	0.00633	0.00177	0.04202	0.02728	0.00296	0.00687
7	0.01792	0.01547	0.08281	0.03079	0.01702	0.03196	0.01079	0.55100	0.12496	0.02907	0.01334	0.01347	0.00964	0.00635	0.00548	0.00163	0.02001	0.00482	0.00486	0.00861
8	0.00644	0.00460	0.00613	0.00736	0.00767	0.00429	0.00491	0.00736	0.01012	0.01350	0.02914	0.81076	0.03497	0.01656	0.00675	0.00215	0.00307	0.01503	0.00491	0.00429
9	0.01868	0.02349	0.01441	0.01317	0.01574	0.72414	0.00990	0.02009	0.01441	0.01288	0.00870	0.01052	0.00737	0.00844	0.07380	0.00199	0.00994	0.00360	0.00273	0.00601
10	0.00649	0.00464	0.00619	0.00742	0.00775	0.00434	0.00500	0.00745	0.01017	0.01355	0.02911	0.79236	0.03485	0.01651	0.00676	0.00215	0.00311	0.03293	0.00491	0.00431
11	0.00755	0.00566	0.00850	0.00850	0.00944	0.00661	0.00661	0.00944	0.00850	0.01227	0.01416	0.02077	0.01322	0.03965	0.79326	0.00850	0.01416	0.00566	0.00283	0.00472
12	0.02372	0.00900	0.01227	0.00941	0.01350	0.00777	0.00777	0.02576	0.01513	0.78489	0.02086	0.01799	0.01309	0.00654	0.00532	0.00164	0.00450	0.00532	0.00654	0.00900
13	0.00790	0.02924	0.00764	0.00776	0.00860	0.00587	0.00546	0.07393	0.01167	0.01554	0.05887	0.67004	0.04740	0.01501	0.00649	0.00204	0.00335	0.01347	0.00490	0.00481
14	0.01930	0.01433	0.01544	0.01178	0.01606	0.01558	0.00972	0.69792	0.02364	0.03191	0.01240	0.01254	0.00889	0.00613	0.00517	0.00152	0.00565	0.00462	0.00510	0.08231
15	0.12262	0.01445	0.01411	0.02629	0.01551	0.08311	0.00929	0.49034	0.10829	0.02828	0.01341	0.01351	0.02461	0.00630	0.00502	0.00160	0.00570	0.00467	0.00476	0.00811
16	0.00739	0.00500	0.00585	0.00614	0.00622	0.00493	0.00361	0.00761	0.00826	0.01102	0.01961	0.21817	0.02294	0.62555	0.02214	0.00442	0.00464	0.00942	0.00361	0.00346
17	0.03653	0.01141	0.01193	0.01069	0.01371	0.01319	0.00834	0.04559	0.73244	0.02243	0.02091	0.01924	0.01568	0.00709	0.00532	0.00178	0.00422	0.00586	0.00532	0.00831
18	0.01404	0.79552	0.04872	0.00921	0.01383	0.02068	0.00934	0.01586	0.01075	0.01256	0.00741	0.00855	0.00678	0.00454	0.00344	0.00115	0.00571	0.00286	0.00226	0.00681
19	0.01235	0.01742	0.28537	0.08622	0.25753	0.05682	0.01508	0.01735	0.07845	0.04810	0.03469	0.03170	0.02406	0.00579	0.00523	0.00165	0.00657	0.00497	0.00305	0.00760
20	0.02047	0.00894	0.01166	0.00917	0.01279	0.00813	0.00749	0.08768	0.02767	0.57851	0.12953	0.02146	0.03720	0.00732	0.00547	0.00164	0.00428	0.00603	0.00627	0.00830
21	0.00756	0.00562	0.00826	0.00826	0.00912	0.00648	0.00631	0.00929	0.00843	0.01210	0.01438	0.02198	0.01374	0.10746	0.72617	0.00820	0.01337	0.00584	0.00286	0.00459
22	0.01200	0.01352	0.10679	0.08574	0.44894	0.03415	0.03606	0.01612	0.06298	0.01680	0.01495	0.01802	0.07667	0.00603	0.00539	0.00166	0.00619	0.02742	0.00301	0.00756
23	0.01347	0.03418	0.05228	0.07108	0.45608	0.10681	0.01403	0.03344	0.07902	0.01705	0.01190	0.01622	0.01017	0.00576	0.00528	0.00163	0.00648	0.05442	0.00304	0.00766
24	0.00638	0.00527	0.00556	0.00576	0.00728	0.00450	0.00424	0.00765	0.01166	0.01410	0.04845	0.15374	0.63513	0.03720	0.00695	0.00195	0.00286	0.03203	0.00486	0.00441
25	0.21696	0.01298	0.01331	0.01048	0.01437	0.01433	0.00864	0.50989	0.01995	0.08062	0.01214	0.01233	0.00866	0.00601	0.00475	0.00159	0.00520	0.00435	0.03538	0.00807
26	0.00965	0.00783	0.00992	0.09029	0.07950	0.04125	0.00760	0.08543	0.01208	0.01622	0.05490	0.39055	0.02363	0.04891	0.05454	0.00242	0.00501	0.00992	0.04495	0.00540
27	0.00644	0.00460	0.00613	0.00736	0.00767	0.00429	0.00491	0.00736	0.01012	0.01350	0.02914	0.81076	0.03497	0.01656	0.00675	0.00215	0.00307	0.01503	0.00491	0.00429
28	0.03834	0.01178	0.03972	0.01029	0.01431	0.01140	0.00861	0.25970	0.13572	0.24677	0.03885	0.01643	0.02600	0.00640	0.00512	0.00154	0.00481	0.00509	0.00525	0.11386
29	0.03834	0.11274	0.09677	0.07894	0.01795	0.22056	0.05403	0.01610	0.01102	0.01378	0.00800	0.01090	0.00690	0.00653	0.00907	0.00176	0.28381	0.00406	0.00246	0.00628
30	0.00644	0.00460	0.00613	0.00736	0.00767	0.00429	0.00491	0.00736	0.01012	0.01350	0.02914	0.81076	0.03497	0.01656	0.00675	0.00215	0.00307	0.01503	0.00491	0.00429
31	0.01111	0.01130	0.05828	0.39299	0.17236	0.01186	0.04195	0.01670	0.14897	0.01617	0.01377	0.01704	0.03842	0.00596	0.00539	0.00174	0.00629	0.01970	0.00310	0.00688
32	0.00763	0.00517	0.00595	0.00591	0.00609	0.00514	0.00348	0.00794	0.00845	0.01136	0.08413	0.03500	0.03930	0.70300	0.04674	0.00484	0.00510	0.00787	0.00346	0.00343
33	0.00647	0.00462	0.00616	0.00734	0.00767	0.00431	0.00491	0.00742	0.01023	0.01367	0.04647	0.79292	0.03531	0.01643	0.00674	0.00214	0.00305	0.01490	0.00493	0.00431
34	0.01413	0.81739	0.02770	0.00905	0.01357	0.02092	0.00905	0.01583	0.01074	0.01244	0.00735	0.00848	0.00678	0.00452	0.00339	0.00113	0.00565	0.00283	0.00226	0.00678
35	0.00644	0.00462	0.00611	0.00730	0.00765	0.00430	0.00488	0.00737	0.01018	0.01352	0.02987	0.78805	0.05720	0.01647	0.00673	0.00214	0.00306	0.01491	0.00491	0.00430
36	0.00985	0.00493	0.00493	0.00493	0.00616	0.00493	0.00370	0.01232	0.01109	0.01971	0.01725	0.01971	0.01355	0.00616	0.00370	0.00123	0.00246	0.00493	0.84356	0.00493
37	0.85155	0.01022	0.00777	0.00695	0.01022	0.01186	0.00573	0.01554	0.00900	0.02372	0.00736	0.00859	0.00573	0.00491	0.00327	0.00164	0.00409	0.00286	0.00327	0.00573
