[name]
unknown

[dist]
# distance from previous block
# <min> <max>
0	93

[block]
# block no. 0 follows, 42 sequences, length 8
# corresponding to MSA columns:
# 93-100
name=unknown_A
#
# <colnr> <probs for GDERKNQSTAVLIFYWHMCP>
#	G	D	E	R	K	N	Q	S	T	A	V	L	I	F	Y	W	H	M	C	P
0	0.00984	0.00912	0.06969	0.04116	0.06853	0.00779	0.01063	0.01283	0.01270	0.01705	0.02467	0.05024	0.02602	0.01278	0.00708	0.00230	0.00554	0.53969	0.00455	0.06777
1	0.04813	0.05382	0.29165	0.01376	0.01959	0.01270	0.08176	0.09279	0.07222	0.23577	0.01482	0.01490	0.01019	0.00604	0.00547	0.00175	0.00666	0.00499	0.00435	0.00865
2	0.09718	0.12183	0.23837	0.10993	0.07741	0.07350	0.06740	0.01793	0.01212	0.07221	0.01031	0.01243	0.00784	0.00565	0.00585	0.00173	0.05347	0.00436	0.00295	0.00752
3	0.07511	0.08820	0.05116	0.08856	0.01660	0.04088	0.00965	0.12558	0.18988	0.06630	0.12571	0.02055	0.03113	0.00738	0.00544	0.00173	0.00528	0.01851	0.00471	0.02763
4	0.00780	0.00611	0.00712	0.00705	0.00858	0.00569	0.00521	0.01081	0.07437	0.01863	0.32658	0.16517	0.30983	0.01318	0.00666	0.00191	0.00297	0.01142	0.00565	0.00528
5	0.00970	0.00740	0.00976	0.03360	0.08625	0.00720	0.00732	0.07091	0.01454	0.03572	0.26167	0.18909	0.17838	0.01219	0.00657	0.00193	0.00385	0.05279	0.00527	0.00588
6	0.09633	0.01025	0.01131	0.06670	0.01451	0.01130	0.00814	0.05996	0.35130	0.07669	0.11465	0.02558	0.11304	0.00845	0.00571	0.00185	0.00436	0.00697	0.00534	0.00755
7	0.01732	0.01412	0.06065	0.01164	0.01568	0.01396	0.00980	0.49771	0.02110	0.02867	0.01500	0.09365	0.01286	0.06576	0.00730	0.00194	0.00576	0.00615	0.00499	0.09594

[dist]
# distance from previous block
# <min> <max>
4	19

[block]
# block no. 1 follows, 42 sequences, length 35
# corresponding to MSA columns:
# 120-154
name=unknown_B
#
# <colnr> <probs for GDERKNQSTAVLIFYWHMCP>
#	G	D	E	R	K	N	Q	S	T	A	V	L	I	F	Y	W	H	M	C	P
0	0.01333	0.01155	0.01319	0.01179	0.03043	0.09402	0.07417	0.20220	0.04070	0.02031	0.04498	0.27327	0.02135	0.11120	0.00913	0.00236	0.00570	0.00923	0.00463	0.00647
1	0.03056	0.04469	0.01361	0.12827	0.01725	0.25379	0.02278	0.04065	0.02898	0.01539	0.01435	0.05137	0.04853	0.13600	0.00900	0.00216	0.00692	0.00559	0.00334	0.12675
2	0.09145	0.01267	0.01283	0.01024	0.01408	0.07836	0.00811	0.22475	0.04151	0.12353	0.01408	0.04205	0.01137	0.06851	0.00687	0.00178	0.00544	0.00505	0.00460	0.22272
3	0.01517	0.04775	0.14143	0.01161	0.01633	0.07230	0.01065	0.25710	0.01692	0.02308	0.02915	0.08359	0.01198	0.00674	0.00522	0.00149	0.00596	0.00534	0.00409	0.23411
4	0.01756	0.01371	0.01613	0.01281	0.01679	0.02898	0.07581	0.38872	0.18716	0.05970	0.01813	0.05928	0.04020	0.00755	0.00581	0.00177	0.00578	0.00628	0.00530	0.03253
5	0.01072	0.01003	0.01643	0.64951	0.05556	0.01252	0.01463	0.01401	0.01087	0.01421	0.01026	0.01606	0.00832	0.05467	0.00819	0.00214	0.07798	0.00519	0.00256	0.00615
6	0.00966	0.00731	0.00761	0.00711	0.00927	0.03212	0.00543	0.01259	0.07696	0.08515	0.16852	0.04466	0.48818	0.01229	0.00643	0.00185	0.00337	0.01028	0.00551	0.00569
7	0.00807	0.00656	0.00687	0.00657	0.00857	0.00592	0.00498	0.07487	0.01412	0.01743	0.09518	0.09524	0.60842	0.01361	0.00659	0.00190	0.00316	0.01141	0.00532	0.00521
8	0.01002	0.00523	0.00542	0.00553	0.00668	0.00520	0.00402	0.01234	0.01149	0.01977	0.01946	0.09195	0.01685	0.05618	0.00574	0.00165	0.00285	0.00639	0.70817	0.00507
9	0.01081	0.01019	0.01543	0.36092	0.02441	0.01325	0.01262	0.01308	0.00997	0.01383	0.01132	0.08580	0.01092	0.05708	0.01231	0.00237	0.32085	0.00616	0.00279	0.00589
10	0.00843	0.00639	0.00862	0.07753	0.01144	0.00609	0.00632	0.01118	0.01525	0.02157	0.65017	0.03775	0.04626	0.01053	0.00640	0.00172	0.00318	0.00929	0.00569	0.05620
11	0.01049	0.00525	0.00525	0.00525	0.00656	0.00525	0.00393	0.01311	0.01180	0.02098	0.01836	0.02098	0.01442	0.00656	0.00393	0.00131	0.00262	0.00525	0.83346	0.00525
12	0.01393	0.01724	0.08105	0.02167	0.02690	0.09788	0.57401	0.01824	0.01321	0.01729	0.01077	0.01424	0.00823	0.00520	0.00707	0.00187	0.05492	0.00604	0.00280	0.00744
13	0.01393	0.01337	0.02284	0.03454	0.76712	0.01337	0.01727	0.01727	0.01281	0.01839	0.01059	0.01393	0.00891	0.00501	0.00557	0.00167	0.00669	0.00501	0.00279	0.00891
14	0.01320	0.01501	0.03268	0.04820	0.02971	0.01418	0.72328	0.01791	0.01322	0.01791	0.01134	0.01517	0.00851	0.00477	0.00661	0.00190	0.00942	0.00659	0.00284	0.00755
15	0.00818	0.00546	0.00614	0.00614	0.00614	0.00546	0.00341	0.00818	0.00818	0.01091	0.01773	0.03683	0.02046	0.80222	0.02864	0.00546	0.00546	0.00818	0.00341	0.00341
16	0.02214	0.01457	0.01615	0.01238	0.01686	0.01568	0.01023	0.60914	0.02446	0.17750	0.01519	0.01460	0.01041	0.00680	0.00564	0.00170	0.00592	0.00518	0.00589	0.00957
17	0.01316	0.01469	0.03112	0.02403	0.09485	0.01404	0.63912	0.01757	0.01302	0.01782	0.01162	0.03267	0.00918	0.00523	0.00696	0.00191	0.03588	0.00665	0.00288	0.00759
18	0.00804	0.00603	0.00904	0.00904	0.01005	0.00703	0.00703	0.01005	0.00904	0.01306	0.01507	0.02211	0.01407	0.04221	0.77992	0.00904	0.01507	0.00603	0.00301	0.00502
19	0.01383	0.01199	0.01293	0.04979	0.01582	0.01392	0.00924	0.02914	0.72017	0.02309	0.02227	0.02070	0.01670	0.00754	0.00572	0.00191	0.00460	0.00630	0.00557	0.00878
20	0.01049	0.00525	0.00525	0.00525	0.00656	0.00525	0.00393	0.01311	0.01180	0.02098	0.01836	0.02098	0.01442	0.00656	0.00393	0.00131	0.00262	0.00525	0.83346	0.00525
21	0.01167	0.01000	0.01167	0.00834	0.01334	0.00750	0.00667	0.01417	0.01167	0.01834	0.01000	0.01167	0.00834	0.00417	0.00417	0.00083	0.00417	0.00333	0.00333	0.83663
22	0.01063	0.01000	0.01688	0.78870	0.03876	0.01250	0.01563	0.01438	0.01125	0.01438	0.01000	0.01500	0.00750	0.00563	0.00563	0.00188	0.00750	0.00500	0.00250	0.00625
23	0.01049	0.00525	0.00525	0.00525	0.00656	0.00525	0.00393	0.01311	0.01180	0.02098	0.01836	0.02098	0.01442	0.00656	0.00393	0.00131	0.00262	0.00525	0.83346	0.00525
24	0.02102	0.02682	0.01595	0.01450	0.01740	0.77963	0.01087	0.02247	0.01595	0.01377	0.00870	0.01015	0.00725	0.00580	0.00507	0.00145	0.01015	0.00362	0.00290	0.00652
25	0.01678	0.01210	0.01323	0.01093	0.01418	0.01315	0.00861	0.38718	0.15696	0.07277	0.01997	0.09047	0.05218	0.09512	0.00835	0.00221	0.00528	0.00700	0.00543	0.00809
26	0.01075	0.01017	0.01690	0.73320	0.03704	0.01284	0.01539	0.01432	0.01106	0.01432	0.00981	0.01481	0.00749	0.00593	0.00655	0.00192	0.06375	0.00500	0.00250	0.00624
27	0.00804	0.00603	0.00904	0.00904	0.01005	0.00703	0.00703	0.01005	0.00904	0.01306	0.01507	0.02211	0.01407	0.04221	0.77992	0.00904	0.01507	0.00603	0.00301	0.00502
28	0.01049	0.00525	0.00525	0.00525	0.00656	0.00525	0.00393	0.01311	0.01180	0.02098	0.01836	0.02098	0.01442	0.00656	0.00393	0.00131	0.00262	0.00525	0.83346	0.00525
29	0.02139	0.01576	0.01689	0.01295	0.01745	0.01745	0.01070	0.74835	0.02646	0.03547	0.01351	0.01351	0.00957	0.00676	0.00563	0.00169	0.00619	0.00507	0.00563	0.00957
30	0.00686	0.00490	0.00653	0.00784	0.00816	0.00457	0.00522	0.00784	0.01077	0.01437	0.03102	0.79855	0.03722	0.01763	0.00718	0.00229	0.00326	0.01600	0.00522	0.00457
31	0.01395	0.03892	0.01928	0.01470	0.04250	0.01246	0.18755	0.03367	0.05485	0.08556	0.01167	0.01388	0.00921	0.00602	0.00796	0.00162	0.16583	0.00492	0.00350	0.27195
32	0.01049	0.00525	0.00525	0.00525	0.00656	0.00525	0.00393	0.01311	0.01180	0.02098	0.01836	0.02098	0.01442	0.00656	0.00393	0.00131	0.00262	0.00525	0.83346	0.00525
33	0.00804	0.00603	0.00904	0.00904	0.01005	0.00703	0.00703	0.01005	0.00904	0.01306	0.01507	0.02211	0.01407	0.04221	0.77992	0.00904	0.01507	0.00603	0.00301	0.00502
34	0.01391	0.01343	0.02318	0.03419	0.74296	0.01340	0.04116	0.01730	0.01283	0.01837	0.01061	0.01397	0.00890	0.00501	0.00561	0.00168	0.00678	0.00507	0.00279	0.00887

[dist]
# distance from previous block
# <min> <max>
0	18

[block]
# block no. 2 follows, 42 sequences, length 43
# corresponding to MSA columns:
# 173-215
name=unknown_C
#
# <colnr> <probs for GDERKNQSTAVLIFYWHMCP>
#	G	D	E	R	K	N	Q	S	T	A	V	L	I	F	Y	W	H	M	C	P
0	0.21499	0.01413	0.01475	0.06483	0.01729	0.01589	0.00990	0.50783	0.03838	0.03132	0.01214	0.01275	0.00878	0.00634	0.00512	0.00172	0.00581	0.00461	0.00491	0.00850
1	0.01231	0.01231	0.01724	0.01477	0.01477	0.01724	0.01231	0.01354	0.00862	0.01354	0.00739	0.01231	0.00739	0.00985	0.01847	0.00246	0.79192	0.00492	0.00246	0.00616
2	0.02136	0.01665	0.01681	0.01307	0.01745	0.07872	0.01071	0.69000	0.02561	0.03372	0.01312	0.01324	0.00938	0.00668	0.00559	0.00167	0.00651	0.00495	0.00541	0.00933
3	0.00834	0.00671	0.00818	0.07187	0.01129	0.03631	0.00639	0.02901	0.01273	0.01679	0.19336	0.46039	0.08875	0.01429	0.00677	0.00206	0.00379	0.01273	0.00514	0.00509
4	0.01202	0.01198	0.02222	0.50035	0.03466	0.01331	0.25470	0.05145	0.01266	0.01660	0.01063	0.01499	0.00794	0.00539	0.00596	0.00187	0.00809	0.00554	0.00277	0.00685
5	0.01049	0.00525	0.00525	0.00525	0.00656	0.00525	0.00393	0.01311	0.01180	0.02098	0.01836	0.02098	0.01442	0.00656	0.00393	0.00131	0.00262	0.00525	0.83346	0.00525
6	0.01400	0.01209	0.01273	0.01145	0.01463	0.01400	0.00891	0.02990	0.75695	0.02354	0.02291	0.02100	0.01718	0.00764	0.00573	0.00191	0.00445	0.00636	0.00573	0.00891
7	0.01129	0.02911	0.77306	0.01604	0.02436	0.01307	0.02079	0.01782	0.01188	0.01782	0.01010	0.01188	0.00713	0.00535	0.00535	0.00178	0.00832	0.00416	0.00238	0.00832
8	0.02080	0.01532	0.01647	0.01274	0.01707	0.01693	0.01047	0.71829	0.02582	0.03461	0.01422	0.04538	0.01069	0.00720	0.00569	0.00171	0.00607	0.00551	0.00561	0.00937
9	0.00818	0.00546	0.00614	0.00614	0.00614	0.00546	0.00341	0.00818	0.00818	0.01091	0.01773	0.03683	0.02046	0.80222	0.02864	0.00546	0.00546	0.00818	0.00341	0.00341
10	0.00922	0.00665	0.00918	0.01040	0.01175	0.00671	0.00906	0.01223	0.03619	0.01705	0.02958	0.06215	0.03191	0.01530	0.00771	0.00257	0.00516	0.70667	0.00520	0.00530
11	0.01096	0.01041	0.01779	0.70811	0.09671	0.01262	0.03518	0.01471	0.01143	0.01480	0.01009	0.01492	0.00764	0.00555	0.00565	0.00186	0.00749	0.00505	0.00253	0.00650
12	0.01196	0.16889	0.63921	0.01489	0.02257	0.01473	0.01878	0.01765	0.01180	0.01700	0.00969	0.01137	0.00715	0.00525	0.00503	0.00168	0.00790	0.00395	0.00238	0.00812
13	0.02102	0.02682	0.01595	0.01450	0.01740	0.77963	0.01087	0.02247	0.01595	0.01377	0.00870	0.01015	0.00725	0.00580	0.00507	0.00145	0.01015	0.00362	0.00290	0.00652
14	0.00796	0.00575	0.00752	0.00708	0.00841	0.00531	0.00531	0.01062	0.01593	0.02257	0.76415	0.04204	0.05310	0.01150	0.00664	0.00177	0.00265	0.01018	0.00619	0.00531
15	0.00943	0.00812	0.02921	0.00920	0.01081	0.04991	0.00753	0.01277	0.06032	0.01930	0.33767	0.11553	0.03854	0.01272	0.00690	0.00209	0.00426	0.25468	0.00544	0.00557
16	0.13532	0.18237	0.44984	0.01375	0.02040	0.01482	0.05660	0.01768	0.01163	0.03612	0.00967	0.01126	0.00724	0.00523	0.00480	0.00166	0.00725	0.00394	0.00268	0.00776
17	0.08826	0.02742	0.70220	0.01524	0.02311	0.01303	0.01943	0.01770	0.01167	0.01851	0.00989	0.01163	0.00703	0.00534	0.00517	0.00178	0.00795	0.00406	0.00248	0.00811
18	0.00700	0.00500	0.00669	0.00800	0.00839	0.00469	0.00547	0.00808	0.01092	0.01453	0.03094	0.75107	0.03691	0.01750	0.00722	0.00231	0.00339	0.06207	0.00522	0.00461
19	0.08809	0.01267	0.02211	0.21018	0.24513	0.01375	0.20391	0.01627	0.01178	0.01739	0.01004	0.01389	0.00804	0.00566	0.00714	0.00188	0.09669	0.00524	0.00276	0.00736
20	0.01313	0.08776	0.03025	0.04650	0.02650	0.01501	0.56871	0.01716	0.01255	0.01696	0.01103	0.03028	0.00886	0.00553	0.00747	0.00189	0.08401	0.00628	0.00281	0.00731
21	0.00807	0.00609	0.00835	0.00888	0.01005	0.00582	0.02856	0.01032	0.03083	0.01674	0.13697	0.33975	0.10896	0.01513	0.00719	0.00225	0.00396	0.24169	0.00529	0.00509
22	0.03463	0.01485	0.08722	0.17947	0.02908	0.01402	0.44981	0.01680	0.01222	0.01704	0.01053	0.01445	0.00804	0.00546	0.00734	0.00193	0.08134	0.00585	0.00272	0.00720
23	0.01586	0.01173	0.01336	0.00996	0.01468	0.01073	0.00808	0.23026	0.04579	0.09328	0.01267	0.01327	0.00956	0.00532	0.00479	0.00121	0.00483	0.00417	0.00443	0.48600
24	0.01517	0.44146	0.17587	0.01179	0.01682	0.10909	0.01198	0.01919	0.08123	0.03911	0.01023	0.01123	0.00834	0.00547	0.00470	0.00146	0.02264	0.00375	0.00291	0.00757
25	0.01484	0.56778	0.18598	0.01130	0.01682	0.01987	0.01210	0.08484	0.01292	0.01627	0.00883	0.01005	0.00742	0.00511	0.00417	0.00137	0.00652	0.00344	0.00270	0.00767
26	0.10469	0.02291	0.46685	0.01573	0.02250	0.04300	0.13673	0.01879	0.01241	0.08869	0.01113	0.01273	0.00788	0.00540	0.00537	0.00178	0.00782	0.00456	0.00302	0.00800
27	0.01612	0.01244	0.01344	0.01133	0.01479	0.01386	0.00901	0.26393	0.39885	0.05664	0.08937	0.02129	0.03774	0.00785	0.00580	0.00182	0.00483	0.00641	0.00577	0.00871
28	0.01393	0.01337	0.02284	0.03454	0.76712	0.01337	0.01727	0.01727	0.01281	0.01839	0.01059	0.01393	0.00891	0.00501	0.00557	0.00167	0.00669	0.00501	0.00279	0.00891
29	0.01286	0.01461	0.09170	0.23736	0.15699	0.04195	0.20541	0.03549	0.06542	0.01752	0.01185	0.01596	0.00936	0.00585	0.00634	0.00186	0.03455	0.02439	0.00302	0.00750
30	0.01390	0.01344	0.02326	0.03410	0.73717	0.01341	0.04688	0.01730	0.01283	0.01837	0.01062	0.01398	0.00890	0.00500	0.00561	0.00168	0.00680	0.00508	0.00279	0.00886
31	0.00972	0.00722	0.00955	0.01051	0.01205	0.00747	0.00905	0.01407	0.11123	0.01773	0.02889	0.05787	0.03038	0.01450	0.00750	0.00250	0.00509	0.63375	0.00525	0.00567
32	0.00709	0.00509	0.00677	0.00798	0.00847	0.00477	0.00555	0.00828	0.01119	0.01488	0.05580	0.68822	0.05639	0.01715	0.00720	0.00229	0.00341	0.07957	0.00525	0.00465
33	0.01498	0.64936	0.14105	0.01062	0.01594	0.02019	0.01125	0.01751	0.01173	0.05097	0.00887	0.00995	0.00754	0.00500	0.00397	0.00132	0.00631	0.00331	0.00263	0.00750
34	0.00688	0.00577	0.00601	0.00613	0.00798	0.00491	0.00472	0.00841	0.01284	0.01535	0.05449	0.05502	0.69697	0.01437	0.00676	0.00196	0.00307	0.07834	0.00522	0.00479
35	0.00686	0.00490	0.00653	0.00784	0.00816	0.00457	0.00522	0.00784	0.01077	0.01437	0.03102	0.79855	0.03722	0.01763	0.00718	0.00229	0.00326	0.01600	0.00522	0.00457
36	0.01372	0.01328	0.02303	0.07401	0.69242	0.01337	0.05284	0.01715	0.01275	0.01816	0.01059	0.01405	0.00882	0.00503	0.00563	0.00169	0.00687	0.00509	0.00277	0.00871
37	0.01063	0.01000	0.01688	0.78870	0.03876	0.01250	0.01563	0.01438	0.01125	0.01438	0.01000	0.01500	0.00750	0.00563	0.00563	0.00188	0.00750	0.00500	0.00250	0.00625
38	0.00791	0.00536	0.00630	0.00657	0.00667	0.00532	0.00389	0.00817	0.00874	0.01168	0.02035	0.19125	0.02368	0.62006	0.04668	0.00492	0.00530	0.00971	0.00377	0.00369
39	0.01231	0.01231	0.01724	0.01477	0.01477	0.01724	0.01231	0.01354	0.00862	0.01354	0.00739	0.01231	0.00739	0.00985	0.01847	0.00246	0.79192	0.00492	0.00246	0.00616
40	0.01604	0.01367	0.08777	0.01153	0.01513	0.01303	0.00987	0.38866	0.08474	0.04855	0.01781	0.14355	0.01606	0.08234	0.00804	0.00218	0.00565	0.02238	0.00508	0.00792
41	0.01186	0.09946	0.61917	0.01633	0.02402	0.01406	0.10315	0.01776	0.01200	0.01742	0.01004	0.01200	0.00730	0.00523	0.00533	0.00174	0.00824	0.00434	0.00243	0.00813
42	0.01196	0.16793	0.64013	0.01489	0.02258	0.01471	0.01880	0.01765	0.01180	0.01700	0.00969	0.01137	0.00715	0.00525	0.00504	0.00168	0.00791	0.00395	0.00238	0.00812

[dist]
# distance from previous block
# <min> <max>
8	26

[block]
# block no. 3 follows, 42 sequences, length 75
# corresponding to MSA columns:
# 245-319
name=unknown_D
#
# <colnr> <probs for GDERKNQSTAVLIFYWHMCP>
#	G	D	E	R	K	N	Q	S	T	A	V	L	I	F	Y	W	H	M	C	P
0	0.01879	0.01372	0.01488	0.01177	0.01575	0.01489	0.00956	0.54055	0.08578	0.04993	0.01573	0.06791	0.01236	0.00741	0.00558	0.00168	0.00552	0.00584	0.04352	0.05883
1	0.05362	0.01061	0.01135	0.01008	0.01280	0.03619	0.00795	0.12435	0.22172	0.05404	0.04069	0.05686	0.07929	0.07674	0.00819	0.00218	0.02785	0.09299	0.00498	0.06752
2	0.00704	0.00501	0.00649	0.00756	0.00791	0.00470	0.00499	0.00796	0.01066	0.01419	0.04932	0.66816	0.05573	0.11017	0.00969	0.00264	0.00350	0.01481	0.00503	0.00446
3	0.02028	0.01511	0.01629	0.01242	0.01698	0.01632	0.01024	0.66458	0.02477	0.03351	0.01311	0.01330	0.00943	0.00646	0.00546	0.00159	0.00596	0.00487	0.00537	0.10394
4	0.01230	0.06646	0.67264	0.01560	0.02328	0.07880	0.01941	0.01817	0.01221	0.01726	0.00987	0.01160	0.00714	0.00536	0.00524	0.00173	0.00836	0.00406	0.00242	0.00811
5	0.01141	0.07377	0.62140	0.08156	0.04082	0.01333	0.01908	0.01722	0.01196	0.01742	0.03492	0.01302	0.00873	0.00553	0.00531	0.00175	0.00788	0.00438	0.00252	0.00799
6	0.01137	0.00961	0.01033	0.00972	0.01216	0.01059	0.00739	0.02192	0.48299	0.02059	0.05478	0.14969	0.15440	0.01051	0.00615	0.00196	0.00392	0.00898	0.00557	0.00737
7	0.00710	0.00568	0.00625	0.00646	0.00807	0.00495	0.00489	0.00873	0.01292	0.01613	0.12355	0.13196	0.53589	0.01428	0.00674	0.00197	0.00307	0.07347	0.02307	0.00484
8	0.01289	0.01790	0.17787	0.02222	0.02842	0.01400	0.60475	0.01799	0.01301	0.01799	0.01113	0.01454	0.00826	0.00486	0.00639	0.00187	0.00926	0.00616	0.00275	0.00773
9	0.01316	0.01248	0.02115	0.07057	0.66549	0.01258	0.01616	0.01632	0.01256	0.01784	0.01230	0.08080	0.01125	0.00612	0.00571	0.00173	0.00644	0.00595	0.00298	0.00841
10	0.00848	0.00596	0.00694	0.00662	0.00841	0.00520	0.00499	0.01040	0.01412	0.07220	0.31547	0.08028	0.41468	0.01286	0.00660	0.00186	0.00294	0.01098	0.00571	0.00530
11	0.00886	0.00570	0.00754	0.00836	0.00937	0.00530	0.00620	0.01032	0.01186	0.07939	0.03231	0.51335	0.09866	0.01599	0.00713	0.00227	0.00376	0.16313	0.00536	0.00514
12	0.02090	0.01700	0.08084	0.01302	0.01773	0.06575	0.01132	0.56642	0.02349	0.10651	0.01378	0.01372	0.00965	0.00659	0.00557	0.00169	0.00649	0.00496	0.00531	0.00927
13	0.84197	0.01088	0.00827	0.00740	0.01088	0.01262	0.00609	0.01654	0.00958	0.02525	0.00784	0.00914	0.00609	0.00522	0.00348	0.00174	0.00435	0.00305	0.00348	0.00609
14	0.16496	0.23561	0.14892	0.09541	0.01954	0.10454	0.08302	0.01722	0.01198	0.01729	0.02829	0.01203	0.00850	0.00539	0.00465	0.00159	0.00692	0.00409	0.02311	0.00696
15	0.01291	0.11758	0.44482	0.01704	0.02401	0.01476	0.20490	0.06565	0.01314	0.01848	0.01038	0.01249	0.00766	0.00522	0.00549	0.00174	0.00820	0.00472	0.00271	0.00808
16	0.00717	0.00563	0.00649	0.00657	0.00805	0.00495	0.00487	0.00895	0.01353	0.01747	0.27673	0.15210	0.41870	0.01388	0.00675	0.00193	0.00291	0.03287	0.00553	0.00492
17	0.01757	0.03665	0.01754	0.09374	0.10542	0.14681	0.03598	0.30790	0.10079	0.02441	0.03568	0.01475	0.01093	0.00646	0.00577	0.00170	0.02025	0.00510	0.00432	0.00825
18	0.00749	0.00523	0.00642	0.00701	0.00731	0.00505	0.00444	0.00815	0.00987	0.01314	0.05027	0.38780	0.06297	0.35952	0.03655	0.00381	0.00449	0.01196	0.00441	0.00411
19	0.01411	0.50821	0.27539	0.01200	0.01788	0.05801	0.01340	0.01746	0.01181	0.01479	0.00862	0.01003	0.00719	0.00504	0.00426	0.00141	0.00699	0.00342	0.00242	0.00755
20	0.01473	0.73948	0.09281	0.01018	0.01529	0.02148	0.01058	0.01693	0.01147	0.01363	0.00802	0.00927	0.00721	0.00486	0.00376	0.00125	0.00621	0.00311	0.00240	0.00732
21	0.00686	0.00490	0.00653	0.00784	0.00816	0.00457	0.00522	0.00784	0.01077	0.01437	0.03102	0.79855	0.03722	0.01763	0.00718	0.00229	0.00326	0.01600	0.00522	0.00457
22	0.02069	0.01537	0.01651	0.01267	0.01716	0.01684	0.01044	0.69146	0.04460	0.03426	0.01357	0.01361	0.00970	0.00664	0.00556	0.00165	0.00604	0.00501	0.00551	0.05269
23	0.01531	0.11753	0.12915	0.01037	0.01429	0.01048	0.00957	0.04361	0.05587	0.24248	0.03055	0.21518	0.01824	0.00909	0.00566	0.00177	0.00506	0.00767	0.00489	0.05321
24	0.01276	0.18182	0.53067	0.01514	0.04449	0.03340	0.03644	0.01790	0.01207	0.03657	0.01013	0.01177	0.00755	0.00529	0.00502	0.00165	0.00769	0.00407	0.01755	0.00803
25	0.03135	0.04735	0.73679	0.01568	0.02379	0.01328	0.02017	0.01777	0.01182	0.01789	0.00999	0.01175	0.00711	0.00533	0.00526	0.00177	0.00817	0.00410	0.00240	0.00824
26	0.01127	0.01057	0.01708	0.22616	0.38831	0.01101	0.01367	0.01424	0.01234	0.01652	0.02106	0.04689	0.17236	0.00755	0.00587	0.00179	0.00597	0.00683	0.00331	0.00718
27	0.01357	0.01300	0.02207	0.06767	0.71212	0.01308	0.01682	0.01687	0.01274	0.01811	0.01192	0.01515	0.03094	0.00531	0.00561	0.00169	0.00661	0.00521	0.00284	0.00867
28	0.10710	0.01081	0.01742	0.25553	0.04948	0.01224	0.14067	0.01556	0.01139	0.08068	0.01301	0.09792	0.01141	0.00825	0.02485	0.00214	0.12525	0.00631	0.00336	0.00662
29	0.00818	0.00546	0.00614	0.00614	0.00614	0.00546	0.00341	0.00818	0.00818	0.01091	0.01773	0.03683	0.02046	0.80222	0.02864	0.00546	0.00546	0.00818	0.00341	0.00341
30	0.01204	0.01276	0.02568	0.16328	0.02756	0.01297	0.46035	0.01599	0.01243	0.01676	0.01341	0.05853	0.01174	0.00683	0.00739	0.00201	0.06208	0.06823	0.00307	0.00689
31	0.01131	0.01103	0.01965	0.61134	0.11057	0.01282	0.11300	0.01515	0.01168	0.01527	0.01024	0.01492	0.00778	0.00545	0.00576	0.00186	0.00768	0.00522	0.00258	0.00670
32	0.02393	0.00989	0.01307	0.01010	0.01429	0.00888	0.00831	0.08786	0.01698	0.66560	0.06387	0.01998	0.01580	0.00721	0.00571	0.00174	0.00479	0.00587	0.00681	0.00933
33	0.00730	0.00538	0.00686	0.00739	0.00834	0.00494	0.00531	0.00898	0.01288	0.01729	0.27276	0.39873	0.15480	0.01501	0.00696	0.00207	0.00311	0.05148	0.00554	0.00487
34	0.02371	0.00924	0.01252	0.00971	0.01382	0.00800	0.00798	0.02589	0.01599	0.70592	0.06404	0.02152	0.03994	0.00745	0.00574	0.00175	0.00461	0.00610	0.00687	0.00919
35	0.02093	0.01471	0.01611	0.01249	0.01679	0.01612	0.01028	0.63545	0.04377	0.09680	0.01456	0.01457	0.01034	0.00837	0.04009	0.00203	0.00642	0.00519	0.00563	0.00935
36	0.84197	0.01088	0.00827	0.00740	0.01088	0.01262	0.00609	0.01654	0.00958	0.02525	0.00784	0.00914	0.00609	0.00522	0.00348	0.00174	0.00435	0.00305	0.00348	0.00609
37	0.01142	0.02830	0.73242	0.01677	0.04619	0.01311	0.03905	0.01781	0.01194	0.01784	0.01015	0.01202	0.00722	0.00532	0.00539	0.00178	0.00830	0.00425	0.00240	0.00832
38	0.00695	0.00497	0.00661	0.00777	0.00818	0.00463	0.00523	0.00807	0.01121	0.01506	0.09345	0.73413	0.03857	0.01711	0.00714	0.00224	0.00321	0.01550	0.00531	0.00463
39	0.02139	0.01576	0.01689	0.01295	0.01745	0.01745	0.01070	0.74835	0.02646	0.03547	0.01351	0.01351	0.00957	0.00676	0.00563	0.00169	0.00619	0.00507	0.00563	0.00957
40	0.01355	0.01304	0.02194	0.08702	0.65074	0.01364	0.01673	0.01675	0.01234	0.01769	0.01027	0.01387	0.00868	0.00547	0.00667	0.00175	0.07362	0.00501	0.00274	0.00849
41	0.00826	0.00590	0.00815	0.00945	0.01039	0.00578	0.00767	0.01027	0.01216	0.01594	0.03024	0.33055	0.03414	0.01630	0.00756	0.00248	0.00449	0.47010	0.00520	0.00496
42	0.00665	0.00570	0.00570	0.00570	0.00760	0.00475	0.00428	0.00808	0.01283	0.01520	0.05701	0.05416	0.76483	0.01425	0.00665	0.00190	0.00285	0.01188	0.00523	0.00475
43	0.01222	0.04246	0.49059	0.02026	0.15667	0.01354	0.13200	0.01800	0.02867	0.01797	0.01061	0.01289	0.00789	0.00523	0.00555	0.00177	0.00807	0.00472	0.00260	0.00830
44	0.01167	0.01000	0.01167	0.00834	0.01334	0.00750	0.00667	0.01417	0.01167	0.01834	0.01000	0.01167	0.00834	0.00417	0.00417	0.00083	0.00417	0.00333	0.00333	0.83663
45	0.00978	0.00489	0.00733	0.00733	0.00733	0.00489	0.00489	0.00733	0.00733	0.00978	0.00978	0.01711	0.00978	0.01955	0.02199	0.83627	0.00489	0.00489	0.00244	0.00244
46	0.01443	0.32292	0.19442	0.01205	0.01696	0.10433	0.01206	0.02078	0.19569	0.01712	0.03064	0.01357	0.01078	0.00591	0.00477	0.00155	0.00655	0.00434	0.00337	0.00776
47	0.01213	0.00999	0.01172	0.00839	0.01337	0.00753	0.00672	0.01462	0.01182	0.04382	0.01042	0.01192	0.00852	0.00426	0.00422	0.00086	0.00419	0.00341	0.00346	0.80862
48	0.00978	0.00489	0.00733	0.00733	0.00733	0.00489	0.00489	0.00733	0.00733	0.00978	0.00978	0.01711	0.00978	0.01955	0.02199	0.83627	0.00489	0.00489	0.00244	0.00244
49	0.00978	0.00489	0.00733	0.00733	0.00733	0.00489	0.00489	0.00733	0.00733	0.00978	0.00978	0.01711	0.00978	0.01955	0.02199	0.83627	0.00489	0.00489	0.00244	0.00244
50	0.00961	0.00819	0.03655	0.05175	0.09671	0.00775	0.00838	0.08029	0.02919	0.01722	0.02505	0.52666	0.02825	0.01385	0.00670	0.00212	0.00441	0.03669	0.00476	0.00586
51	0.03511	0.03113	0.02054	0.06885	0.49290	0.12385	0.03727	0.03793	0.03034	0.01797	0.01140	0.04639	0.00988	0.00579	0.00552	0.00168	0.00704	0.00527	0.00305	0.00812
52	0.01312	0.01032	0.01214	0.00895	0.01361	0.00849	0.00718	0.06080	0.02835	0.06827	0.01168	0.02982	0.00957	0.00503	0.00482	0.00104	0.02472	0.00398	0.00378	0.67432
53	0.02015	0.01411	0.01542	0.01210	0.01615	0.01537	0.00988	0.61361	0.02399	0.08683	0.01576	0.08097	0.01237	0.00769	0.00572	0.00173	0.00575	0.00605	0.02732	0.00903
54	0.02525	0.00958	0.01306	0.01001	0.01437	0.00827	0.00827	0.02743	0.01611	0.77102	0.02220	0.01915	0.01393	0.00697	0.00566	0.00174	0.00479	0.00566	0.00697	0.00958
55	0.04984	0.01122	0.01876	0.50067	0.26041	0.01282	0.03587	0.01546	0.01171	0.01621	0.01012	0.01441	0.00790	0.00540	0.00554	0.00181	0.00716	0.00496	0.00264	0.00710
56	0.01618	0.03082	0.01489	0.03494	0.06752	0.10459	0.01014	0.17105	0.38398	0.03979	0.01774	0.03206	0.01366	0.00809	0.02737	0.00198	0.00603	0.00574	0.00495	0.00847
57	0.00702	0.00581	0.00636	0.00662	0.02078	0.00500	0.00481	0.00864	0.01311	0.01619	0.14463	0.09603	0.59882	0.01398	0.00669	0.00192	0.00298	0.03041	0.00531	0.00489
58	0.01919	0.01485	0.01609	0.08284	0.01861	0.04690	0.01075	0.56027	0.03894	0.03060	0.01316	0.01395	0.00959	0.00667	0.00592	0.00169	0.03222	0.00500	0.04511	0.02766
59	0.00689	0.00499	0.00644	0.00759	0.00803	0.00462	0.00507	0.00787	0.01085	0.01430	0.03271	0.70511	0.09852	0.04830	0.00798	0.00238	0.00332	0.01534	0.00515	0.00454
60	0.25016	0.01397	0.01399	0.01122	0.01528	0.01570	0.00920	0.45956	0.10715	0.03121	0.01302	0.01316	0.00949	0.00643	0.00504	0.00173	0.00547	0.00465	0.00504	0.00852
61	0.01379	0.01297	0.04446	0.08078	0.22175	0.01253	0.12643	0.09748	0.02969	0.04026	0.01205	0.04554	0.01000	0.00602	0.00644	0.00165	0.06109	0.00540	0.00343	0.16825
62	0.08559	0.28062	0.26039	0.01575	0.05618	0.01635	0.17693	0.01741	0.01189	0.01703	0.00946	0.01153	0.00747	0.00501	0.00491	0.00161	0.00739	0.00427	0.00261	0.00763
63	0.84197	0.01088	0.00827	0.00740	0.01088	0.01262	0.00609	0.01654	0.00958	0.02525	0.00784	0.00914	0.00609	0.00522	0.00348	0.00174	0.00435	0.00305	0.00348	0.00609
64	0.03470	0.01305	0.01368	0.01209	0.03569	0.04049	0.00930	0.20702	0.43828	0.06018	0.02000	0.01897	0.03127	0.00731	0.00559	0.00180	0.00507	0.00589	0.03085	0.00875
65	0.01280	0.01410	0.02950	0.15049	0.04952	0.01369	0.58136	0.01727	0.01288	0.01744	0.01109	0.01500	0.00837	0.00488	0.00636	0.00185	0.00891	0.00621	0.00280	0.03547
66	0.00698	0.00506	0.00686	0.03264	0.00913	0.00482	0.00555	0.00804	0.01079	0.01437	0.03035	0.77366	0.03628	0.01725	0.00713	0.00227	0.00340	0.01565	0.00514	0.00462
67	0.00750	0.00573	0.00688	0.00659	0.00812	0.00511	0.00494	0.00972	0.01483	0.01995	0.51292	0.04634	0.30596	0.01248	0.00664	0.00182	0.00272	0.01078	0.00585	0.00511
68	0.01298	0.01419	0.02922	0.12564	0.08487	0.01399	0.55425	0.01780	0.03854	0.01766	0.01146	0.01520	0.00870	0.00509	0.00664	0.00189	0.02519	0.00626	0.00289	0.00753
69	0.01245	0.01073	0.02915	0.03540	0.01583	0.00911	0.10148	0.06088	0.01281	0.03883	0.01255	0.05612	0.01063	0.00561	0.00512	0.00125	0.02122	0.00489	0.07779	0.47814
70	0.00752	0.00567	0.00724	0.00749	0.00849	0.00538	0.00545	0.00932	0.01321	0.01792	0.33695	0.32212	0.15798	0.01425	0.00727	0.00203	0.02970	0.03150	0.00553	0.00497
71	0.04267	0.06199	0.14347	0.02614	0.01568	0.04285	0.02486	0.07095	0.03311	0.15233	0.16764	0.02054	0.03677	0.00768	0.00694	0.00176	0.08990	0.00595	0.00448	0.04431
72	0.03438	0.03264	0.18465	0.10669	0.14665	0.06620	0.02783	0.08027	0.07783	0.05828	0.04018	0.05931	0.01233	0.00685	0.00581	0.01553	0.00661	0.00558	0.00366	0.02872
73	0.01345	0.06627	0.31430	0.08439	0.05599	0.03353	0.15347	0.07958	0.01332	0.04138	0.01111	0.03019	0.00860	0.00598	0.00653	0.00182	0.06419	0.00509	0.00299	0.00783
74	0.03201	0.33058	0.35881	0.03889	0.01941	0.03978	0.01456	0.02927	0.01191	0.01618	0.00954	0.01134	0.00761	0.00638	0.02920	0.00176	0.00739	0.00380	0.02403	0.00755

[dist]
# distance from previous block
# <min> <max>
0	19

[block]
# block no. 4 follows, 42 sequences, length 21
# corresponding to MSA columns:
# 340-360
name=unknown_E
#
# <colnr> <probs for GDERKNQSTAVLIFYWHMCP>
#	G	D	E	R	K	N	Q	S	T	A	V	L	I	F	Y	W	H	M	C	P
0	0.08420	0.16982	0.06535	0.01098	0.01493	0.14035	0.02267	0.10891	0.05606	0.03200	0.01362	0.05688	0.02569	0.01871	0.00527	0.00159	0.00613	0.03091	0.02146	0.11446
1	0.01348	0.05706	0.13081	0.03883	0.04530	0.04070	0.19894	0.07801	0.04151	0.05888	0.06771	0.05347	0.03057	0.02631	0.01787	0.00190	0.00688	0.00620	0.00376	0.08181
2	0.01232	0.00891	0.03453	0.00874	0.01117	0.00819	0.00689	0.16037	0.01549	0.09820	0.14881	0.17743	0.14657	0.09120	0.00852	0.00220	0.00427	0.00938	0.00529	0.04153
3	0.04225	0.01512	0.01531	0.01241	0.01581	0.11073	0.01005	0.38706	0.04221	0.07025	0.01310	0.03412	0.01017	0.00721	0.00723	0.00174	0.11755	0.00508	0.03047	0.05210
4	0.05987	0.18459	0.51868	0.01405	0.02096	0.01525	0.01693	0.05611	0.01235	0.01814	0.00962	0.01124	0.00722	0.00542	0.00525	0.00168	0.02811	0.00393	0.00262	0.00798
5	0.00756	0.00650	0.00659	0.00642	0.00819	0.03383	0.00481	0.00933	0.01382	0.01722	0.25382	0.04911	0.53666	0.01317	0.00659	0.00185	0.00307	0.01109	0.00541	0.00497
6	0.01167	0.01000	0.01167	0.00834	0.01334	0.00750	0.00667	0.01417	0.01167	0.01834	0.01000	0.01167	0.00834	0.00417	0.00417	0.00083	0.00417	0.00333	0.00333	0.83663
7	0.01261	0.01129	0.10711	0.11047	0.01696	0.00854	0.00952	0.01593	0.03369	0.12553	0.05912	0.11760	0.01574	0.00728	0.00529	0.00151	0.00495	0.00619	0.03930	0.29139
8	0.76830	0.01079	0.00862	0.00754	0.01114	0.01219	0.00620	0.01681	0.00992	0.05172	0.00847	0.00964	0.00650	0.00523	0.00360	0.00169	0.00436	0.00316	0.00360	0.05052
9	0.01167	0.01000	0.01167	0.00834	0.01334	0.00750	0.00667	0.01417	0.01167	0.01834	0.01000	0.01167	0.00834	0.00417	0.00417	0.00083	0.00417	0.00333	0.00333	0.83663
10	0.01332	0.21637	0.43419	0.01465	0.05203	0.03252	0.01609	0.05771	0.07924	0.01809	0.01086	0.01213	0.00826	0.00549	0.00497	0.00163	0.00727	0.00415	0.00289	0.00815
11	0.01705	0.01376	0.05421	0.01175	0.01558	0.03976	0.00979	0.22098	0.35391	0.11822	0.03761	0.01909	0.02952	0.00813	0.02293	0.00196	0.00553	0.00591	0.00552	0.00880
12	0.01337	0.01035	0.01213	0.00877	0.01369	0.00823	0.00706	0.06423	0.01300	0.07758	0.01118	0.01237	0.00885	0.00456	0.00438	0.00096	0.00435	0.00363	0.00377	0.71755
13	0.00691	0.00492	0.00652	0.00777	0.00809	0.00460	0.00516	0.00785	0.01068	0.01424	0.03052	0.77014	0.03660	0.04689	0.00798	0.00240	0.00335	0.01571	0.00516	0.00453
14	0.01235	0.01036	0.01196	0.00912	0.01342	0.00901	0.00731	0.08496	0.06231	0.01986	0.01445	0.03317	0.04914	0.00594	0.00521	0.00117	0.03299	0.02196	0.00386	0.59145
15	0.01544	0.01224	0.01369	0.01012	0.01493	0.01136	0.00823	0.29897	0.01741	0.02498	0.01136	0.01238	0.00881	0.00517	0.00473	0.00117	0.00495	0.00401	0.00422	0.51580
16	0.00717	0.00524	0.00675	0.00739	0.00818	0.00481	0.00516	0.00870	0.01254	0.01693	0.25576	0.49542	0.11424	0.01544	0.00696	0.00209	0.00304	0.01383	0.00552	0.00481
17	0.01712	0.01588	0.06212	0.12494	0.19710	0.08332	0.01342	0.34515	0.01883	0.02489	0.01176	0.01368	0.00892	0.00711	0.02922	0.00192	0.00724	0.00489	0.00402	0.00848
18	0.01378	0.01395	0.04805	0.04659	0.45622	0.01346	0.17565	0.05280	0.05290	0.01922	0.01234	0.01662	0.01020	0.00565	0.00590	0.00178	0.00717	0.03612	0.00317	0.00841
19	0.00686	0.00490	0.00653	0.00784	0.00816	0.00457	0.00522	0.00784	0.01077	0.01437	0.03102	0.79855	0.03722	0.01763	0.00718	0.00229	0.00326	0.01600	0.00522	0.00457
20	0.01483	0.01169	0.01259	0.02756	0.01437	0.01278	0.00854	0.30321	0.25158	0.02593	0.05328	0.04979	0.17132	0.00908	0.00596	0.00183	0.00476	0.00741	0.00552	0.00798

[dist]
# distance from previous block
# <min> <max>
0	1

[block]
# block no. 5 follows, 42 sequences, length 53
# corresponding to MSA columns:
# 362-414
name=unknown_F
#
# <colnr> <probs for GDERKNQSTAVLIFYWHMCP>
#	G	D	E	R	K	N	Q	S	T	A	V	L	I	F	Y	W	H	M	C	P
0	0.01882	0.01340	0.01747	0.18605	0.02259	0.01460	0.06852	0.40144	0.03501	0.14388	0.01411	0.01500	0.00986	0.00640	0.00571	0.00176	0.00649	0.00529	0.00493	0.00867
1	0.05206	0.01151	0.01397	0.03936	0.08833	0.01224	0.00971	0.08098	0.34105	0.24291	0.03448	0.01893	0.01477	0.00703	0.00561	0.00181	0.00496	0.00582	0.00560	0.00888
2	0.05130	0.10551	0.43097	0.04339	0.08639	0.08688	0.04193	0.01814	0.01234	0.03961	0.01007	0.01190	0.00755	0.00531	0.00511	0.00166	0.00774	0.00415	0.00269	0.02734
3	0.01167	0.01000	0.01167	0.00834	0.01334	0.00750	0.00667	0.01417	0.01167	0.01834	0.01000	0.01167	0.00834	0.00417	0.00417	0.00083	0.00417	0.00333	0.00333	0.83663
4	0.02139	0.01576	0.01689	0.01295	0.01745	0.01745	0.01070	0.74835	0.02646	0.03547	0.01351	0.01351	0.00957	0.00676	0.00563	0.00169	0.00619	0.00507	0.00563	0.00957
5	0.01167	0.01000	0.01167	0.00834	0.01334	0.00750	0.00667	0.01417	0.01167	0.01834	0.01000	0.01167	0.00834	0.00417	0.00417	0.00083	0.00417	0.00333	0.00333	0.83663
6	0.00710	0.00509	0.00664	0.00781	0.00818	0.00483	0.00519	0.00834	0.02700	0.01435	0.03000	0.73312	0.03572	0.06721	0.00851	0.00248	0.00343	0.01529	0.00512	0.00459
7	0.00686	0.00490	0.00653	0.00784	0.00816	0.00457	0.00522	0.00784	0.01077	0.01437	0.03102	0.79855	0.03722	0.01763	0.00718	0.00229	0.00326	0.01600	0.00522	0.00457
8	0.02022	0.00983	0.01250	0.00971	0.01391	0.00872	0.00789	0.03798	0.09239	0.48080	0.06120	0.01897	0.01522	0.00670	0.00541	0.00157	0.00453	0.00549	0.00601	0.18094
9	0.00777	0.00571	0.00717	0.00686	0.00816	0.00522	0.00506	0.01007	0.01494	0.02070	0.60720	0.06304	0.14700	0.05691	0.00790	0.00201	0.00286	0.01045	0.00588	0.00511
10	0.01231	0.01231	0.01724	0.01477	0.01477	0.01724	0.01231	0.01354	0.00862	0.01354	0.00739	0.01231	0.00739	0.00985	0.01847	0.00246	0.79192	0.00492	0.00246	0.00616
11	0.00690	0.00493	0.00657	0.00780	0.00817	0.00460	0.00523	0.00795	0.01099	0.01471	0.06151	0.76709	0.03788	0.01738	0.00716	0.00226	0.00324	0.01576	0.00526	0.00460
12	0.00889	0.00653	0.00808	0.00741	0.00904	0.00620	0.00563	0.06767	0.01647	0.02290	0.64185	0.04092	0.11416	0.01138	0.00656	0.00178	0.00295	0.00993	0.00606	0.00559
13	0.01475	0.74532	0.08722	0.01013	0.01521	0.02155	0.01050	0.01693	0.01147	0.01360	0.00800	0.00925	0.00721	0.00486	0.00375	0.00125	0.00620	0.00310	0.00240	0.00731
14	0.00754	0.00585	0.00629	0.00610	0.00799	0.00498	0.00461	0.00922	0.01351	0.04302	0.18554	0.05071	0.60795	0.01349	0.00661	0.00187	0.00288	0.01135	0.00546	0.00502
15	0.00773	0.00561	0.00689	0.00744	0.00865	0.00507	0.00552	0.00930	0.01247	0.03741	0.12021	0.34510	0.28088	0.01524	0.00698	0.00213	0.00336	0.10969	0.00538	0.00494
16	0.00800	0.00599	0.00896	0.00900	0.00998	0.00695	0.00697	0.00997	0.00910	0.01311	0.01562	0.04858	0.01486	0.04137	0.75358	0.00881	0.01467	0.00637	0.00309	0.00501
17	0.02154	0.01492	0.01625	0.01249	0.01691	0.01627	0.01031	0.66060	0.02511	0.10817	0.01448	0.01424	0.01011	0.00677	0.00560	0.00169	0.00597	0.00513	0.02399	0.00948
18	0.00804	0.00603	0.00904	0.00904	0.01005	0.00703	0.00703	0.01005	0.00904	0.01306	0.01507	0.02211	0.01407	0.04221	0.77992	0.00904	0.01507	0.00603	0.00301	0.00502
19	0.01049	0.00525	0.00525	0.00525	0.00656	0.00525	0.00393	0.01311	0.01180	0.02098	0.01836	0.02098	0.01442	0.00656	0.00393	0.00131	0.00262	0.00525	0.83346	0.00525
20	0.00814	0.00544	0.00615	0.00620	0.00621	0.00543	0.00347	0.00817	0.00827	0.01103	0.01818	0.06279	0.02103	0.77548	0.02791	0.00535	0.00538	0.00845	0.00347	0.00345
21	0.01453	0.01197	0.01274	0.01138	0.01462	0.01373	0.00888	0.02979	0.72169	0.05912	0.02287	0.02091	0.01702	0.00760	0.00572	0.00190	0.00447	0.00633	0.00579	0.00894
22	0.00684	0.00494	0.00648	0.00771	0.00813	0.00458	0.00517	0.00785	0.01089	0.01441	0.03254	0.75503	0.07976	0.01743	0.00715	0.00226	0.00324	0.01576	0.00522	0.00458
23	0.01063	0.01000	0.01688	0.78870	0.03876	0.01250	0.01563	0.01438	0.01125	0.01438	0.01000	0.01500	0.00750	0.00563	0.00563	0.00188	0.00750	0.00500	0.00250	0.00625
24	0.00700	0.00515	0.00668	0.00759	0.00825	0.00484	0.00524	0.00824	0.01128	0.01496	0.08536	0.58502	0.13379	0.01865	0.06707	0.00272	0.00408	0.01426	0.00512	0.00468
25	0.00815	0.00619	0.00926	0.00919	0.01017	0.00730	0.00717	0.01014	0.00903	0.01308	0.01487	0.02185	0.01390	0.04137	0.76012	0.00887	0.03528	0.00600	0.00300	0.00505
26	0.02102	0.02682	0.01595	0.01450	0.01740	0.77963	0.01087	0.02247	0.01595	0.01377	0.00870	0.01015	0.00725	0.00580	0.00507	0.00145	0.01015	0.00362	0.00290	0.00652
27	0.84197	0.01088	0.00827	0.00740	0.01088	0.01262	0.00609	0.01654	0.00958	0.02525	0.00784	0.00914	0.00609	0.00522	0.00348	0.00174	0.00435	0.00305	0.00348	0.00609
28	0.01430	0.65173	0.17685	0.01090	0.01641	0.02044	0.01184	0.01704	0.01152	0.01415	0.00827	0.00959	0.00720	0.00492	0.00395	0.00132	0.00647	0.00324	0.00240	0.00744
29	0.00978	0.00489	0.00733	0.00733	0.00733	0.00489	0.00489	0.00733	0.00733	0.00978	0.00978	0.01711	0.00978	0.01955	0.02199	0.83627	0.00489	0.00489	0.00244	0.00244
30	0.01241	0.01407	0.07050	0.15608	0.05578	0.01387	0.37568	0.03157	0.01224	0.01686	0.01146	0.05489	0.00961	0.00646	0.00822	0.00198	0.13205	0.00632	0.00288	0.00711
31	0.02089	0.01551	0.01660	0.01285	0.01726	0.01722	0.01057	0.69908	0.07656	0.03465	0.01416	0.01402	0.01009	0.00682	0.00564	0.00170	0.00607	0.00516	0.00564	0.00952
32	0.01475	0.74532	0.08722	0.01013	0.01521	0.02155	0.01050	0.01693	0.01147	0.01360	0.00800	0.00925	0.00721	0.00486	0.00375	0.00125	0.00620	0.00310	0.00240	0.00731
33	0.01775	0.01055	0.01277	0.00959	0.01420	0.00915	0.00779	0.09569	0.05335	0.29516	0.01549	0.01507	0.01096	0.00564	0.00494	0.00131	0.00462	0.00452	0.00502	0.40643
34	0.00801	0.00613	0.00718	0.00746	0.00864	0.00589	0.00527	0.02780	0.07518	0.01662	0.12981	0.35572	0.22624	0.08283	0.00867	0.00235	0.00344	0.01242	0.00524	0.00510
35	0.71622	0.04084	0.09813	0.00849	0.01258	0.01301	0.00793	0.01670	0.00991	0.02396	0.00810	0.00946	0.00625	0.00522	0.00370	0.00173	0.00487	0.00318	0.00332	0.00639
36	0.02308	0.01305	0.01521	0.01166	0.01610	0.01343	0.00963	0.43232	0.02192	0.35791	0.01732	0.01599	0.01148	0.00685	0.00564	0.00171	0.00558	0.00533	0.00622	0.00957
37	0.02123	0.01092	0.01334	0.01056	0.01449	0.01078	0.00860	0.19710	0.10169	0.43262	0.09937	0.02046	0.01744	0.00747	0.00576	0.00175	0.00486	0.00608	0.00643	0.00905
38	0.01100	0.00886	0.01033	0.01033	0.01242	0.00966	0.00830	0.01954	0.35667	0.01983	0.05319	0.11447	0.05503	0.01190	0.00669	0.00219	0.00448	0.27280	0.00547	0.00683
39	0.01045	0.00691	0.00898	0.00841	0.01014	0.00678	0.00664	0.01398	0.06973	0.09747	0.50308	0.04047	0.04206	0.01131	0.00699	0.00192	0.02682	0.11587	0.00598	0.00601
40	0.01170	0.00647	0.00841	0.00772	0.00951	0.00584	0.00576	0.01368	0.01430	0.19252	0.36604	0.16395	0.08523	0.07305	0.00821	0.00214	0.00348	0.01007	0.00593	0.00599
41	0.00704	0.00500	0.00659	0.00779	0.00813	0.00471	0.00522	0.00800	0.01065	0.01418	0.02994	0.71399	0.03575	0.07847	0.00887	0.00254	0.00350	0.04006	0.00508	0.00450
42	0.05451	0.01527	0.01595	0.01254	0.01679	0.03108	0.01027	0.60665	0.12484	0.03301	0.01446	0.01428	0.01042	0.00679	0.00554	0.00172	0.00595	0.00513	0.00550	0.00928
43	0.00784	0.00575	0.00741	0.00743	0.00871	0.00532	0.00567	0.01016	0.01463	0.02009	0.50829	0.12840	0.12991	0.01301	0.00685	0.00195	0.00307	0.10452	0.00585	0.00515
44	0.02139	0.01576	0.01689	0.01295	0.01745	0.01745	0.01070	0.74835	0.02646	0.03547	0.01351	0.01351	0.00957	0.00676	0.00563	0.00169	0.00619	0.00507	0.00563	0.00957
45	0.01803	0.01497	0.01745	0.01761	0.18352	0.06870	0.01191	0.42367	0.02013	0.02700	0.01270	0.03695	0.01012	0.00771	0.02504	0.00191	0.06763	0.00529	0.02106	0.00860
46	0.00793	0.00575	0.00747	0.00704	0.00839	0.00529	0.00528	0.01055	0.01585	0.02237	0.74502	0.04237	0.07235	0.01158	0.00664	0.00177	0.00266	0.01022	0.00617	0.00529
47	0.00742	0.00530	0.00718	0.00848	0.00905	0.00506	0.00620	0.00881	0.01133	0.01500	0.03071	0.61121	0.03599	0.01710	0.00733	0.00236	0.00375	0.19778	0.00521	0.00473
48	0.80528	0.02992	0.00896	0.00757	0.01110	0.01295	0.00627	0.03171	0.00997	0.02517	0.00795	0.00923	0.00619	0.00525	0.00353	0.00173	0.00443	0.00309	0.00350	0.00619
49	0.01303	0.08337	0.16859	0.02088	0.02682	0.01477	0.53094	0.01776	0.01274	0.01746	0.01074	0.01398	0.00814	0.00501	0.00649	0.00183	0.03125	0.00583	0.00271	0.00765
50	0.43368	0.14228	0.01356	0.00917	0.01285	0.09644	0.00767	0.05450	0.01233	0.12175	0.01109	0.04362	0.00892	0.00604	0.00423	0.00164	0.00536	0.00409	0.00389	0.00690
51	0.47011	0.01106	0.04010	0.02884	0.01348	0.01094	0.00776	0.02078	0.01225	0.31522	0.01358	0.01330	0.00922	0.00592	0.00446	0.00175	0.00476	0.00416	0.00477	0.00754
52	0.03495	0.01314	0.02604	0.12003	0.16473	0.01293	0.42741	0.01661	0.01300	0.01811	0.06979	0.03212	0.01243	0.00569	0.00624	0.00185	0.00793	0.00649	0.00312	0.00739

[dist]
# distance from previous block
# <min> <max>
0	1

[block]
# block no. 6 follows, 42 sequences, length 17
# corresponding to MSA columns:
# 416-432
name=unknown_G
#
