[name]
unknown

[dist]
# distance from previous block
# <min> <max>
11	186

[block]
# block no. 0 follows, 43 sequences, length 8
# corresponding to MSA columns:
# 200-204,209-211
name=unknown_A
#
# <colnr> <probs for GDERKNQSTAVLIFYWHMCP>
#	G	D	E	R	K	N	Q	S	T	A	V	L	I	F	Y	W	H	M	C	P
0	0.01483	0.01461	0.02066	0.10606	0.29005	0.09714	0.12348	0.10955	0.08169	0.01937	0.01152	0.01408	0.00911	0.00579	0.00642	0.00175	0.05748	0.00514	0.00332	0.00795
1	0.01033	0.00678	0.00872	0.06305	0.01137	0.02219	0.00663	0.03750	0.01192	0.08810	0.08234	0.23975	0.11599	0.02896	0.04326	0.14273	0.00475	0.06600	0.00457	0.00508
2	0.01168	0.00967	0.08345	0.08540	0.01361	0.00895	0.00840	0.04354	0.02525	0.06616	0.01517	0.03447	0.01260	0.07106	0.05220	0.00233	0.09640	0.00547	0.32628	0.02793
3	0.01508	0.01114	0.01255	0.01050	0.01333	0.01219	0.00830	0.41537	0.03672	0.02550	0.04454	0.08680	0.04958	0.08155	0.14747	0.00334	0.00704	0.00684	0.00486	0.00731
4	0.01327	0.01091	0.01754	0.53599	0.03190	0.01259	0.08138	0.08745	0.04579	0.09129	0.01203	0.01530	0.00871	0.00578	0.00564	0.00182	0.00705	0.00520	0.00336	0.00702
5	0.01664	0.03240	0.07890	0.01158	0.01576	0.01409	0.01001	0.42545	0.10888	0.02763	0.05292	0.03738	0.01335	0.04311	0.00647	0.00179	0.00559	0.00554	0.00491	0.08761
6	0.09607	0.03772	0.09120	0.02213	0.36297	0.18845	0.01367	0.01774	0.01270	0.01738	0.00970	0.01216	0.00802	0.00614	0.02706	0.00175	0.00735	0.00422	0.00283	0.06072
7	0.09429	0.01203	0.01576	0.06785	0.01600	0.01572	0.01131	0.08483	0.01060	0.01683	0.00821	0.01208	0.00741	0.00838	0.01391	0.00216	0.54615	0.00460	0.00287	0.04901

[dist]
# distance from previous block
# <min> <max>
0	1

[block]
# block no. 1 follows, 43 sequences, length 7
# corresponding to MSA columns:
# 213-219
name=unknown_B
#
# <colnr> <probs for GDERKNQSTAVLIFYWHMCP>
#	G	D	E	R	K	N	Q	S	T	A	V	L	I	F	Y	W	H	M	C	P
0	0.13231	0.07499	0.04363	0.01933	0.29751	0.06527	0.01202	0.03947	0.16165	0.01964	0.01365	0.03541	0.01160	0.00642	0.00518	0.00172	0.00588	0.04289	0.00364	0.00779
1	0.01030	0.00717	0.00844	0.00788	0.00920	0.00729	0.00561	0.13305	0.01328	0.03921	0.13505	0.17615	0.07840	0.27452	0.06661	0.00351	0.00512	0.00932	0.00467	0.00524
2	0.01657	0.01016	0.01163	0.00955	0.01265	0.03490	0.00749	0.14988	0.10085	0.24465	0.16970	0.02376	0.02123	0.09604	0.00815	0.00206	0.00470	0.00650	0.00557	0.06393
3	0.06977	0.10848	0.17546	0.12000	0.08694	0.01373	0.10982	0.10679	0.01288	0.01832	0.01004	0.01297	0.00793	0.00693	0.00728	0.09391	0.02414	0.00460	0.00293	0.00706
4	0.01458	0.04887	0.01922	0.07719	0.35781	0.13930	0.05536	0.08162	0.01396	0.01813	0.01218	0.07424	0.01078	0.00626	0.00543	0.00165	0.00683	0.00557	0.04340	0.00761
5	0.00854	0.00758	0.06744	0.00996	0.05326	0.00613	0.00734	0.01030	0.01121	0.04786	0.05625	0.48294	0.06004	0.04437	0.06220	0.00271	0.00480	0.04709	0.00468	0.00530
6	0.00873	0.00895	0.10813	0.00900	0.01071	0.00681	0.00743	0.07355	0.01202	0.01635	0.05451	0.52114	0.02933	0.09547	0.00885	0.00243	0.00431	0.01227	0.00466	0.00532

[dist]
# distance from previous block
# <min> <max>
9	22

[block]
# block no. 2 follows, 43 sequences, length 7
# corresponding to MSA columns:
# 242-248
name=unknown_C
#
# <colnr> <probs for GDERKNQSTAVLIFYWHMCP>
#	G	D	E	R	K	N	Q	S	T	A	V	L	I	F	Y	W	H	M	C	P
0	0.01892	0.01192	0.01351	0.01067	0.01441	0.01243	0.00866	0.39120	0.05925	0.20189	0.08092	0.01959	0.03992	0.03192	0.00627	0.00178	0.00508	0.00589	0.03772	0.02804
1	0.01445	0.06951	0.01330	0.07302	0.01449	0.00863	0.05951	0.01704	0.01475	0.26529	0.33126	0.02788	0.05044	0.00851	0.00591	0.00171	0.00441	0.00742	0.00550	0.00695
2	0.01156	0.00712	0.00893	0.00862	0.01026	0.00697	0.00643	0.07326	0.05883	0.13484	0.13975	0.33849	0.03050	0.07178	0.00816	0.00227	0.00396	0.06679	0.00548	0.00599
3	0.00903	0.00653	0.00836	0.00911	0.01056	0.00654	0.00765	0.01243	0.07134	0.01746	0.06926	0.08233	0.10859	0.01368	0.00698	0.00227	0.00439	0.47302	0.07516	0.00533
4	0.47047	0.13458	0.07336	0.00855	0.01230	0.01275	0.00784	0.01651	0.01044	0.07869	0.01012	0.01167	0.00795	0.00860	0.07498	0.00227	0.00577	0.00365	0.04304	0.00647
5	0.00930	0.07440	0.01199	0.00959	0.01097	0.00904	0.05182	0.01110	0.00936	0.01337	0.01403	0.02164	0.01342	0.14717	0.44930	0.00632	0.07146	0.00591	0.05467	0.00514
6	0.10597	0.30586	0.09195	0.01099	0.01516	0.15176	0.01010	0.13469	0.01424	0.01847	0.01176	0.06670	0.02832	0.00642	0.00460	0.00151	0.00644	0.00462	0.00334	0.00710

[dist]
# distance from previous block
# <min> <max>
0	3

[block]
# block no. 3 follows, 43 sequences, length 6
# corresponding to MSA columns:
# 252-257
name=unknown_D
#
# <colnr> <probs for GDERKNQSTAVLIFYWHMCP>
#	G	D	E	R	K	N	Q	S	T	A	V	L	I	F	Y	W	H	M	C	P
0	0.08203	0.52692	0.12302	0.01038	0.01505	0.06728	0.01051	0.01650	0.01126	0.01461	0.00862	0.01036	0.00755	0.00784	0.06622	0.00194	0.00706	0.00339	0.00253	0.00694
1	0.00722	0.00499	0.00637	0.00725	0.00764	0.00473	0.00479	0.00822	0.01060	0.01448	0.08164	0.58017	0.03392	0.14787	0.01040	0.00269	0.00350	0.01352	0.04561	0.00439
2	0.00850	0.00616	0.00709	0.00690	0.00837	0.00575	0.00506	0.04498	0.01280	0.04114	0.15887	0.10431	0.33746	0.15333	0.03439	0.00273	0.00397	0.04825	0.00499	0.00493
3	0.06419	0.24719	0.36316	0.01392	0.05892	0.07813	0.01464	0.01818	0.01209	0.06805	0.00989	0.01119	0.00754	0.00523	0.00468	0.00155	0.00713	0.00381	0.00278	0.00772
4	0.11592	0.07648	0.04276	0.01674	0.08856	0.18857	0.19392	0.03739	0.01279	0.04168	0.01003	0.01261	0.00810	0.00757	0.04784	0.00209	0.08224	0.00468	0.00301	0.00702
5	0.16682	0.06432	0.27148	0.11030	0.12128	0.05964	0.06130	0.01686	0.01147	0.01788	0.00932	0.01179	0.00722	0.00539	0.00555	0.00173	0.04347	0.00419	0.00267	0.00730

[dist]
# distance from previous block
# <min> <max>
2	44

[block]
# block no. 4 follows, 43 sequences, length 12
# corresponding to MSA columns:
# 303-314
name=unknown_E
#
# <colnr> <probs for GDERKNQSTAVLIFYWHMCP>
#	G	D	E	R	K	N	Q	S	T	A	V	L	I	F	Y	W	H	M	C	P
0	0.01387	0.23056	0.28413	0.01650	0.15612	0.03418	0.01455	0.07096	0.03741	0.03969	0.02932	0.01282	0.00931	0.00617	0.02045	0.00171	0.00695	0.00429	0.00301	0.00797
1	0.03427	0.00931	0.04129	0.00898	0.03951	0.06377	0.00629	0.03047	0.08628	0.01500	0.04794	0.03056	0.10231	0.38650	0.05139	0.00377	0.00573	0.00735	0.02418	0.00510
2	0.01417	0.56512	0.07571	0.01169	0.06927	0.04696	0.01033	0.01629	0.01161	0.03566	0.01079	0.08974	0.01039	0.00616	0.00428	0.00139	0.00597	0.00457	0.00282	0.00708
3	0.01029	0.03702	0.00910	0.00758	0.00943	0.00714	0.00551	0.06454	0.01212	0.05175	0.11194	0.12730	0.08168	0.27475	0.01324	0.00288	0.00440	0.03021	0.00438	0.13475
4	0.01776	0.01286	0.04615	0.01104	0.01498	0.01276	0.00922	0.35959	0.11110	0.14371	0.07950	0.01849	0.01502	0.05057	0.00676	0.00185	0.00527	0.00566	0.00537	0.07237
5	0.00977	0.00976	0.09554	0.00964	0.03018	0.00751	0.00782	0.08589	0.01265	0.01754	0.04558	0.37454	0.06753	0.04776	0.00707	0.00198	0.00436	0.01015	0.00443	0.15030
6	0.01434	0.00884	0.03838	0.00909	0.01168	0.03246	0.00745	0.01723	0.06128	0.26945	0.09835	0.11122	0.11142	0.06832	0.00785	0.00218	0.00452	0.11372	0.00552	0.00671
7	0.01301	0.00878	0.00999	0.09531	0.01321	0.02490	0.02171	0.18774	0.01505	0.02280	0.03315	0.01892	0.01313	0.03254	0.00538	0.00160	0.00432	0.00530	0.46688	0.00629
8	0.04607	0.01245	0.03937	0.05255	0.43473	0.01168	0.07259	0.01792	0.01287	0.12670	0.02897	0.01475	0.01017	0.00529	0.00538	0.00160	0.00618	0.00501	0.00347	0.09225
9	0.01282	0.01243	0.01920	0.24687	0.25502	0.06066	0.11157	0.06901	0.01370	0.01815	0.08836	0.01799	0.03736	0.00619	0.00575	0.00174	0.00684	0.00579	0.00329	0.00724
10	0.00846	0.00608	0.00730	0.00705	0.00711	0.00662	0.00443	0.00869	0.00814	0.01112	0.01628	0.03302	0.01849	0.68335	0.06844	0.00527	0.08558	0.00761	0.00324	0.00372
11	0.01296	0.01034	0.01202	0.00869	0.01354	0.00831	0.00700	0.08213	0.01301	0.05378	0.01070	0.01198	0.00856	0.00446	0.00430	0.00094	0.00431	0.00354	0.00365	0.72577

[dist]
# distance from previous block
# <min> <max>
0	1

[block]
# block no. 5 follows, 43 sequences, length 20
# corresponding to MSA columns:
# 316-335
name=unknown_F
#
# <colnr> <probs for GDERKNQSTAVLIFYWHMCP>
#	G	D	E	R	K	N	Q	S	T	A	V	L	I	F	Y	W	H	M	C	P
0	0.06834	0.01171	0.01240	0.00993	0.01334	0.01269	0.00809	0.43894	0.02003	0.07505	0.01492	0.01560	0.01092	0.00651	0.00491	0.00156	0.00483	0.00495	0.25736	0.00792
1	0.00655	0.00561	0.00561	0.00561	0.00748	0.00468	0.00421	0.00795	0.01262	0.01496	0.05610	0.05330	0.76857	0.01403	0.00655	0.00187	0.00281	0.01169	0.00514	0.00468
2	0.01098	0.00965	0.01284	0.03820	0.22482	0.00986	0.00959	0.04371	0.17921	0.01893	0.08086	0.03179	0.26558	0.00936	0.00601	0.00181	0.00453	0.03067	0.00458	0.00701
3	0.00691	0.00507	0.00628	0.00711	0.00772	0.00466	0.00478	0.00793	0.01094	0.01431	0.07059	0.54363	0.16811	0.10352	0.00928	0.00250	0.00335	0.01387	0.00499	0.00444
4	0.81334	0.01089	0.00846	0.00749	0.01096	0.01260	0.00617	0.04412	0.01005	0.02523	0.00792	0.00916	0.00613	0.00520	0.00351	0.00171	0.00435	0.00307	0.00351	0.00613
5	0.01735	0.27569	0.02047	0.01167	0.01586	0.04533	0.04474	0.37248	0.01853	0.02417	0.01148	0.01263	0.00900	0.00801	0.05225	0.00193	0.00672	0.00441	0.03926	0.00800
6	0.02068	0.01430	0.01563	0.01210	0.01628	0.01558	0.00990	0.61788	0.04829	0.11430	0.01471	0.01512	0.01059	0.04050	0.00651	0.00183	0.00586	0.00522	0.00559	0.00914
7	0.01513	0.01263	0.05259	0.08622	0.01820	0.01141	0.05481	0.23225	0.01612	0.07549	0.01215	0.02676	0.00931	0.00550	0.00502	0.00136	0.00555	0.00456	0.00407	0.35085
8	0.01118	0.00968	0.01251	0.05631	0.03331	0.00821	0.04126	0.01445	0.05368	0.01773	0.02790	0.05010	0.01225	0.02782	0.00543	0.00130	0.00463	0.03985	0.00356	0.56884
9	0.00737	0.00560	0.00678	0.00657	0.00801	0.00501	0.00489	0.00951	0.01445	0.01949	0.50364	0.08197	0.28155	0.01248	0.00656	0.00181	0.00270	0.01083	0.00574	0.00501
10	0.05679	0.10157	0.54490	0.01555	0.07679	0.01319	0.01732	0.01675	0.01162	0.01739	0.01118	0.03674	0.00918	0.00602	0.00518	0.00174	0.00733	0.04036	0.00265	0.00774
11	0.00675	0.00482	0.00643	0.00771	0.00803	0.00450	0.00514	0.00771	0.01060	0.01414	0.03053	0.80175	0.03663	0.01735	0.00707	0.00225	0.00321	0.01574	0.00514	0.00450
12	0.00793	0.00587	0.00859	0.00859	0.00947	0.00675	0.00654	0.00969	0.00881	0.01263	0.01512	0.02333	0.01453	0.12437	0.70152	0.00852	0.01381	0.00616	0.00301	0.00477
13	0.01603	0.50650	0.06377	0.01179	0.05252	0.10054	0.01047	0.10520	0.01370	0.03454	0.00937	0.01052	0.00784	0.00521	0.00419	0.00134	0.00639	0.00356	0.02908	0.00744
14	0.23032	0.11085	0.24448	0.04230	0.07117	0.04442	0.01242	0.05284	0.01200	0.03733	0.02385	0.05989	0.00978	0.00620	0.00498	0.00170	0.02048	0.00465	0.00318	0.00716
15	0.06568	0.01197	0.01192	0.01025	0.01339	0.07184	0.00809	0.16806	0.25045	0.07374	0.07547	0.02378	0.09522	0.03011	0.00621	0.00184	0.00493	0.02913	0.00515	0.04279
16	0.06675	0.01092	0.01432	0.01389	0.12402	0.01090	0.04502	0.03904	0.22467	0.21347	0.05512	0.01878	0.03191	0.00662	0.00540	0.00166	0.00490	0.00565	0.00500	0.10194
17	0.02869	0.07103	0.01632	0.05833	0.02995	0.10290	0.06977	0.24083	0.03703	0.04638	0.01394	0.05867	0.01199	0.03737	0.00707	0.01526	0.03974	0.03629	0.04507	0.03336
18	0.09850	0.01191	0.05617	0.01068	0.01336	0.06676	0.02375	0.14158	0.03438	0.05325	0.01619	0.06050	0.02631	0.08151	0.06900	0.01493	0.06565	0.09469	0.02210	0.03876
19	0.05641	0.03408	0.12615	0.01617	0.14302	0.03660	0.02808	0.20768	0.10378	0.02241	0.01243	0.02753	0.00991	0.01894	0.00680	0.00177	0.07824	0.00496	0.00384	0.06119

[dist]
# distance from previous block
# <min> <max>
48	132

[block]
# block no. 6 follows, 43 sequences, length 75
# corresponding to MSA columns:
# 486-560
name=unknown_G
#
# <colnr> <probs for GDERKNQSTAVLIFYWHMCP>
#	G	D	E	R	K	N	Q	S	T	A	V	L	I	F	Y	W	H	M	C	P
0	0.01382	0.01235	0.05643	0.02347	0.02796	0.04342	0.02588	0.23793	0.08890	0.02316	0.09339	0.10588	0.03685	0.00868	0.00580	0.00172	0.00523	0.06576	0.00476	0.11862
1	0.01348	0.03174	0.09612	0.04968	0.10947	0.01145	0.14914	0.08360	0.07005	0.09013	0.04105	0.11743	0.02844	0.00755	0.00599	0.00178	0.01831	0.00690	0.03883	0.02884
2	0.09803	0.13119	0.06583	0.06349	0.04690	0.07814	0.09986	0.13423	0.04219	0.04952	0.02752	0.06638	0.01119	0.00638	0.00513	0.00162	0.00634	0.00529	0.00370	0.05706
3	0.01620	0.17567	0.06170	0.01192	0.05101	0.15916	0.00978	0.03567	0.09236	0.14530	0.07509	0.01827	0.03115	0.00674	0.00512	0.00155	0.00602	0.03202	0.00417	0.06112
4	0.03302	0.12291	0.06127	0.01040	0.01444	0.01275	0.00910	0.19437	0.11094	0.20349	0.04951	0.03970	0.08024	0.00748	0.00536	0.00166	0.00507	0.00594	0.00512	0.02724
5	0.07588	0.02848	0.02736	0.01029	0.03193	0.04351	0.00803	0.11857	0.10296	0.14342	0.12484	0.11750	0.02155	0.04056	0.00662	0.00193	0.00475	0.04865	0.00512	0.03804
6	0.01516	0.01076	0.01297	0.01175	0.06231	0.01092	0.00869	0.27752	0.04054	0.09605	0.01740	0.16335	0.01581	0.01127	0.06999	0.00227	0.00578	0.02332	0.00483	0.13931
7	0.03295	0.17421	0.02975	0.00983	0.04472	0.03113	0.00779	0.08805	0.04563	0.09366	0.17113	0.05570	0.11280	0.03926	0.00626	0.00177	0.00459	0.00696	0.03714	0.00668
8	0.03141	0.07876	0.31685	0.05321	0.02157	0.08130	0.13325	0.03272	0.04226	0.10721	0.02415	0.01385	0.00936	0.00560	0.00534	0.00169	0.00743	0.00477	0.02148	0.00777
9	0.01179	0.00910	0.02520	0.02618	0.01216	0.03822	0.03405	0.15327	0.01429	0.04401	0.06312	0.32888	0.02342	0.01190	0.00711	0.05585	0.00458	0.02678	0.07183	0.03825
10	0.06284	0.00693	0.00753	0.00722	0.00866	0.00694	0.00519	0.07231	0.04162	0.01703	0.10607	0.09674	0.21998	0.26291	0.01317	0.00300	0.00418	0.04809	0.00462	0.00497
11	0.00675	0.00482	0.00643	0.00771	0.00803	0.00450	0.00514	0.00771	0.01060	0.01414	0.03053	0.80175	0.03663	0.01735	0.00707	0.00225	0.00321	0.01574	0.00514	0.00450
12	0.04546	0.71606	0.02719	0.00960	0.01426	0.02100	0.00938	0.06015	0.01216	0.03092	0.00833	0.00936	0.00734	0.00491	0.00371	0.00124	0.00585	0.00314	0.00269	0.00725
13	0.04545	0.01272	0.04822	0.14805	0.29350	0.02723	0.08788	0.07276	0.06742	0.01903	0.01470	0.01915	0.04358	0.00645	0.00567	0.00178	0.00649	0.05234	0.01997	0.00760
14	0.01678	0.02738	0.01410	0.01067	0.01495	0.02607	0.00868	0.34786	0.10534	0.05783	0.01365	0.01397	0.01020	0.00589	0.00498	0.00139	0.00513	0.00456	0.03871	0.27185
15	0.00687	0.00561	0.00610	0.00621	0.00787	0.00484	0.00470	0.00847	0.01288	0.01591	0.14117	0.10183	0.58369	0.01399	0.00665	0.00192	0.00296	0.05830	0.00526	0.00476
16	0.09982	0.06586	0.01727	0.15658	0.14521	0.05255	0.01186	0.29742	0.06004	0.02420	0.01156	0.01317	0.00877	0.00589	0.00517	0.00167	0.00631	0.00464	0.00397	0.00804
17	0.01366	0.00900	0.00955	0.00815	0.01038	0.00957	0.00626	0.28270	0.01631	0.02384	0.01792	0.03555	0.04344	0.14321	0.00879	0.00216	0.00436	0.00603	0.34272	0.00638
18	0.00705	0.00548	0.00635	0.00668	0.00796	0.00489	0.00490	0.00854	0.01234	0.01571	0.14960	0.22661	0.39180	0.06013	0.00800	0.00220	0.00320	0.06871	0.00518	0.00467
19	0.01176	0.01065	0.03225	0.01139	0.09513	0.00844	0.00819	0.03164	0.01186	0.01819	0.01079	0.04431	0.00942	0.00493	0.00471	0.00104	0.01960	0.00406	0.00331	0.65830
20	0.63628	0.04282	0.02518	0.00854	0.02944	0.04589	0.00691	0.04361	0.01079	0.02363	0.02586	0.01084	0.00788	0.00543	0.00376	0.00165	0.00465	0.00346	0.05716	0.00623
21	0.00843	0.00661	0.00782	0.00836	0.00952	0.00676	0.00593	0.01299	0.19242	0.01641	0.03115	0.53786	0.10500	0.01464	0.00667	0.00212	0.00346	0.01304	0.00526	0.00555
22	0.01863	0.01438	0.01568	0.01250	0.01656	0.01605	0.02523	0.51247	0.25420	0.03090	0.01613	0.01562	0.01173	0.00688	0.00559	0.00173	0.00563	0.00541	0.00551	0.00918
23	0.01534	0.01333	0.01942	0.02497	0.45987	0.01407	0.01405	0.21186	0.06438	0.02286	0.04478	0.01519	0.01130	0.00602	0.00605	0.00170	0.03707	0.00525	0.00380	0.00868
24	0.04157	0.00967	0.01583	0.55241	0.12489	0.01154	0.01391	0.01386	0.01082	0.01473	0.01037	0.01525	0.00829	0.00987	0.09008	0.03530	0.00787	0.00496	0.00258	0.00620
25	0.01232	0.01281	0.02217	0.04706	0.02093	0.03941	0.33105	0.04364	0.01181	0.01624	0.01273	0.12800	0.01211	0.00822	0.01010	0.00207	0.25251	0.00713	0.00312	0.00659
26	0.01331	0.00956	0.01197	0.11268	0.01551	0.01063	0.02606	0.22957	0.03444	0.03525	0.01575	0.03328	0.02654	0.01367	0.15796	0.00305	0.02077	0.00562	0.21765	0.00671
27	0.01272	0.01185	0.01580	0.39960	0.02649	0.07205	0.03163	0.09488	0.06216	0.01712	0.01130	0.01496	0.00889	0.00846	0.05289	0.00226	0.10733	0.00502	0.03798	0.00661
28	0.01234	0.01331	0.02736	0.16685	0.10409	0.01313	0.50312	0.01650	0.01253	0.01693	0.01183	0.05377	0.00965	0.00549	0.00627	0.00186	0.00839	0.00653	0.00285	0.00721
29	0.00675	0.00482	0.00643	0.00771	0.00803	0.00450	0.00514	0.00771	0.01060	0.01414	0.03053	0.80175	0.03663	0.01735	0.00707	0.00225	0.00321	0.01574	0.00514	0.00450
30	0.01180	0.17377	0.63757	0.01461	0.02216	0.01455	0.01842	0.01736	0.01161	0.01670	0.00952	0.01117	0.00703	0.00516	0.00494	0.00165	0.00776	0.00388	0.00234	0.00798
31	0.06881	0.19243	0.16773	0.01471	0.09254	0.24622	0.01248	0.06686	0.04191	0.01717	0.01005	0.02692	0.00831	0.00566	0.00478	0.00153	0.00745	0.00408	0.00300	0.00737
32	0.17183	0.01076	0.00862	0.00783	0.01011	0.13905	0.00607	0.07885	0.01320	0.03398	0.01415	0.01597	0.01103	0.00610	0.00415	0.00143	0.00449	0.00447	0.45193	0.00597
33	0.80355	0.05008	0.00917	0.00739	0.01088	0.01289	0.00617	0.01630	0.00952	0.02427	0.00771	0.00899	0.00605	0.00512	0.00343	0.00169	0.00437	0.00300	0.00338	0.00605
34	0.00796	0.00533	0.00607	0.00616	0.00618	0.00531	0.00348	0.00803	0.00824	0.01098	0.01839	0.09149	0.02133	0.74849	0.02666	0.00514	0.00521	0.00861	0.00348	0.00344
35	0.01166	0.01148	0.01555	0.01351	0.01376	0.03494	0.01114	0.01304	0.00917	0.01386	0.05707	0.01487	0.01079	0.01273	0.08989	0.00297	0.64969	0.00525	0.00272	0.00591
36	0.01378	0.01190	0.01252	0.01127	0.01440	0.01378	0.00877	0.02943	0.76081	0.02317	0.02254	0.02066	0.01691	0.00751	0.00564	0.00188	0.00438	0.00626	0.00564	0.00877
37	0.00859	0.00594	0.00766	0.00811	0.00930	0.00562	0.00617	0.03317	0.01306	0.04686	0.18998	0.34244	0.11549	0.01451	0.00692	0.00213	0.00360	0.16989	0.00542	0.00515
38	0.03050	0.01010	0.01675	0.71392	0.07913	0.01245	0.01518	0.01435	0.01107	0.01461	0.00977	0.01451	0.00743	0.00558	0.00574	0.00184	0.02338	0.00488	0.00250	0.00630
39	0.01317	0.01247	0.02128	0.03115	0.66976	0.01245	0.03498	0.01642	0.01264	0.01792	0.01248	0.01900	0.01126	0.00605	0.00574	0.00175	0.00649	0.08365	0.00300	0.00834
40	0.00675	0.00482	0.00643	0.00771	0.00803	0.00450	0.00514	0.00771	0.01060	0.01414	0.03053	0.80175	0.03663	0.01735	0.00707	0.00225	0.00321	0.01574	0.00514	0.00450
41	0.00675	0.00482	0.00643	0.00771	0.00803	0.00450	0.00514	0.00771	0.01060	0.01414	0.03053	0.80175	0.03663	0.01735	0.00707	0.00225	0.00321	0.01574	0.00514	0.00450
42	0.01278	0.01340	0.02154	0.03705	0.01964	0.04545	0.24161	0.03159	0.01070	0.01524	0.00928	0.03116	0.00834	0.00798	0.01318	0.00218	0.46407	0.00558	0.00269	0.00655
43	0.01212	0.01212	0.01696	0.01454	0.01454	0.01696	0.01212	0.01333	0.00848	0.01333	0.00727	0.01212	0.00727	0.00969	0.01818	0.00242	0.79523	0.00485	0.00242	0.00606
44	0.00804	0.00541	0.00622	0.00622	0.00629	0.00547	0.00359	0.00817	0.00811	0.01088	0.01728	0.03531	0.01973	0.75611	0.07689	0.00560	0.00598	0.00792	0.00333	0.00346
45	0.01148	0.00984	0.01148	0.00820	0.01312	0.00738	0.00656	0.01395	0.01148	0.01805	0.00984	0.01148	0.00820	0.00410	0.00410	0.00082	0.00410	0.00328	0.00328	0.83922
46	0.01053	0.00994	0.01663	0.75949	0.03716	0.01250	0.01524	0.01412	0.01097	0.01412	0.00974	0.01465	0.00738	0.00571	0.00607	0.00187	0.04038	0.00492	0.00246	0.00615
47	0.01393	0.01165	0.01249	0.01118	0.01425	0.01330	0.00881	0.09592	0.61539	0.02382	0.04982	0.02343	0.01848	0.00808	0.00579	0.00190	0.00453	0.05318	0.00561	0.00846
48	0.00791	0.00593	0.00890	0.00890	0.00989	0.00692	0.00692	0.00989	0.00890	0.01286	0.01483	0.02176	0.01385	0.04154	0.78341	0.00890	0.01483	0.00593	0.00297	0.00494
49	0.02071	0.00903	0.01228	0.05990	0.01476	0.00826	0.00818	0.05358	0.01594	0.55983	0.15436	0.02239	0.02003	0.00756	0.00574	0.00173	0.00457	0.00630	0.00638	0.00846
50	0.01573	0.68607	0.02693	0.01023	0.01467	0.14124	0.00967	0.01745	0.01195	0.01311	0.00783	0.00906	0.00711	0.00489	0.00378	0.00122	0.00656	0.00306	0.00245	0.00700
51	0.00718	0.00513	0.00663	0.00754	0.00802	0.00478	0.00502	0.00809	0.01031	0.01385	0.02776	0.64121	0.03298	0.13263	0.01007	0.00266	0.00361	0.03063	0.00480	0.03709
52	0.01241	0.01439	0.05859	0.05557	0.04251	0.01328	0.59819	0.01674	0.01255	0.01714	0.01193	0.04792	0.00967	0.00676	0.03561	0.00215	0.02785	0.00666	0.00286	0.00721
53	0.01960	0.04471	0.06582	0.01465	0.01801	0.68184	0.04349	0.02150	0.01522	0.01398	0.00874	0.01029	0.00718	0.00561	0.00504	0.00146	0.00975	0.00372	0.00281	0.00660
54	0.05480	0.00929	0.01202	0.00926	0.01342	0.00796	0.00756	0.02291	0.01461	0.55022	0.04836	0.03793	0.01443	0.00670	0.00528	0.00156	0.00446	0.00546	0.00596	0.16781
55	0.10207	0.02808	0.02272	0.04597	0.02154	0.03273	0.38145	0.01562	0.01153	0.01705	0.01169	0.07669	0.01034	0.00796	0.03812	0.00217	0.12569	0.00628	0.00301	0.03931
56	0.20840	0.00973	0.04306	0.00964	0.01252	0.00927	0.08692	0.05918	0.04388	0.04000	0.16025	0.07354	0.14755	0.04600	0.00668	0.00199	0.00457	0.02617	0.00455	0.00606
57	0.16535	0.12395	0.14496	0.09658	0.06890	0.01341	0.01141	0.07522	0.06073	0.03910	0.03954	0.04394	0.01091	0.00620	0.00514	0.00165	0.02450	0.00477	0.00348	0.06026
58	0.00733	0.00599	0.00636	0.00616	0.00800	0.00525	0.00465	0.03746	0.01362	0.01694	0.17353	0.06590	0.60267	0.01336	0.00652	0.00185	0.00291	0.01123	0.00532	0.00495
59	0.03072	0.29417	0.41565	0.01353	0.01991	0.02813	0.06013	0.01699	0.01180	0.01628	0.03880	0.01200	0.00888	0.00529	0.00476	0.00156	0.00720	0.00405	0.00256	0.00758
60	0.01450	0.74451	0.09054	0.01000	0.01502	0.02117	0.01038	0.01666	0.01129	0.01340	0.00788	0.00912	0.00710	0.00478	0.00369	0.00123	0.00611	0.00305	0.00237	0.00720
61	0.84448	0.01071	0.00814	0.00728	0.01071	0.01242	0.00600	0.01628	0.00943	0.02485	0.00771	0.00900	0.00600	0.00514	0.00343	0.00171	0.00428	0.00300	0.00343	0.00600
62	0.01335	0.03284	0.05967	0.05409	0.02772	0.01394	0.61950	0.01776	0.01284	0.04701	0.01130	0.01472	0.00845	0.00499	0.00675	0.00186	0.03665	0.00619	0.00290	0.00746
63	0.00837	0.00660	0.00977	0.00951	0.01039	0.00801	0.00748	0.01026	0.00886	0.01291	0.01402	0.02072	0.01314	0.03810	0.70078	0.00820	0.09910	0.00582	0.00291	0.00507
64	0.00721	0.00541	0.00708	0.00842	0.03794	0.00503	0.00555	0.00845	0.01126	0.01485	0.07710	0.54669	0.14495	0.05174	0.00788	0.00229	0.00343	0.04499	0.00502	0.00471
65	0.00947	0.00784	0.00811	0.00780	0.00993	0.03561	0.00624	0.10733	0.01453	0.01787	0.04326	0.04828	0.49072	0.01300	0.00658	0.00196	0.00397	0.15694	0.00510	0.00545
66	0.00913	0.00629	0.00716	0.00699	0.00748	0.00640	0.00437	0.08208	0.01027	0.01371	0.01923	0.16248	0.02184	0.59356	0.02239	0.00448	0.00508	0.00904	0.00387	0.00415
67	0.00765	0.00562	0.00693	0.00662	0.00786	0.00515	0.00482	0.00973	0.01421	0.01955	0.55406	0.04273	0.16845	0.11162	0.00926	0.00222	0.00299	0.01005	0.00559	0.00490
68	0.84448	0.01071	0.00814	0.00728	0.01071	0.01242	0.00600	0.01628	0.00943	0.02485	0.00771	0.00900	0.00600	0.00514	0.00343	0.00171	0.00428	0.00300	0.00343	0.00600
69	0.01286	0.01301	0.06804	0.07253	0.37905	0.01265	0.01374	0.02008	0.24294	0.01917	0.01674	0.01936	0.04380	0.00658	0.00565	0.00178	0.00585	0.03415	0.00378	0.00825
70	0.00764	0.00602	0.00677	0.00644	0.00818	0.00539	0.00487	0.03802	0.01439	0.01869	0.34409	0.04688	0.44744	0.01264	0.00650	0.00181	0.00286	0.01075	0.00555	0.00508
71	0.00817	0.00618	0.00812	0.00919	0.04829	0.00583	0.00625	0.03836	0.01244	0.01676	0.13875	0.46460	0.09824	0.01444	0.00673	0.00206	0.00356	0.06928	0.00510	0.03766
72	0.01934	0.01486	0.01701	0.01345	0.03171	0.03059	0.05798	0.62026	0.02377	0.03180	0.04311	0.04376	0.01198	0.00705	0.00569	0.00170	0.00614	0.00565	0.00527	0.00888
73	0.02055	0.01512	0.01621	0.01248	0.01674	0.01671	0.01025	0.72330	0.02534	0.03396	0.01346	0.01419	0.00984	0.03782	0.00642	0.00181	0.00607	0.00511	0.00546	0.00918
74	0.01114	0.01063	0.01828	0.62754	0.16779	0.01252	0.04437	0.01480	0.01142	0.01499	0.01000	0.01458	0.00767	0.00540	0.00557	0.00181	0.00732	0.00499	0.00252	0.00667

[dist]
# distance from previous block
# <min> <max>
1	6

[block]
# block no. 7 follows, 43 sequences, length 16
# corresponding to MSA columns:
# 567-582
name=unknown_H
#
# <colnr> <probs for GDERKNQSTAVLIFYWHMCP>
#	G	D	E	R	K	N	Q	S	T	A	V	L	I	F	Y	W	H	M	C	P
0	0.01940	0.01557	0.03896	0.01261	0.01687	0.03915	0.01051	0.57537	0.16043	0.03158	0.01475	0.01450	0.01065	0.00674	0.00553	0.00170	0.00596	0.00515	0.00538	0.00917
1	0.00724	0.00507	0.00624	0.00697	0.00724	0.00484	0.00441	0.00785	0.00972	0.01287	0.02672	0.47278	0.06486	0.31946	0.01515	0.00343	0.00402	0.01260	0.00446	0.00407
2	0.25425	0.01368	0.01393	0.01097	0.01511	0.01512	0.00906	0.48744	0.02054	0.08990	0.01239	0.01251	0.00879	0.00624	0.00494	0.00168	0.00547	0.00447	0.00505	0.00845
3	0.00892	0.00572	0.00676	0.00672	0.00732	0.00558	0.00437	0.00950	0.00946	0.05742	0.02286	0.06353	0.09736	0.55651	0.05730	0.00464	0.00541	0.06259	0.00392	0.00409
4	0.00737	0.00550	0.00681	0.00763	0.00835	0.00529	0.00522	0.00949	0.06691	0.01507	0.06378	0.58894	0.11404	0.05806	0.00801	0.00233	0.00335	0.01394	0.00512	0.00481
5	0.01133	0.07457	0.73265	0.01541	0.02340	0.01340	0.01982	0.01748	0.01167	0.01727	0.00981	0.01153	0.00702	0.00523	0.00516	0.00172	0.00805	0.00403	0.00234	0.00812
6	0.00784	0.00566	0.00740	0.00697	0.00827	0.00523	0.00523	0.01045	0.01568	0.02221	0.76789	0.04137	0.05226	0.01132	0.00653	0.00174	0.00261	0.01002	0.00610	0.00523
7	0.00738	0.00560	0.00680	0.00658	0.00801	0.00502	0.00490	0.00954	0.01448	0.01956	0.51011	0.08186	0.27504	0.01246	0.00656	0.00181	0.00270	0.01081	0.00575	0.00502
8	0.00770	0.00566	0.00721	0.00682	0.00819	0.00517	0.00512	0.01019	0.01536	0.02145	0.69304	0.04262	0.12759	0.01161	0.00653	0.00176	0.00263	0.01019	0.00600	0.00517
9	0.33907	0.01072	0.01159	0.06861	0.05935	0.01163	0.00827	0.14639	0.01406	0.15903	0.01282	0.01366	0.00926	0.00589	0.00452	0.00166	0.00484	0.00433	0.10703	0.00728
10	0.05468	0.00703	0.00706	0.00643	0.00831	0.00737	0.00500	0.12588	0.01370	0.02304	0.01681	0.01893	0.01305	0.00642	0.00410	0.00137	0.00320	0.00502	0.66676	0.00585
11	0.01319	0.07729	0.50436	0.01718	0.10531	0.01419	0.04261	0.12653	0.01394	0.01988	0.01038	0.01207	0.00762	0.00538	0.00526	0.00169	0.00758	0.00432	0.00288	0.00834
12	0.00817	0.00616	0.00733	0.00703	0.00856	0.00574	0.00527	0.05311	0.01466	0.01965	0.40967	0.10906	0.25845	0.03513	0.00717	0.00194	0.00307	0.02903	0.00560	0.00519
13	0.06607	0.15704	0.01436	0.00929	0.01236	0.01091	0.05085	0.04804	0.06992	0.15550	0.15152	0.04812	0.07949	0.05494	0.00666	0.00186	0.00458	0.00672	0.04499	0.00678
14	0.09685	0.20865	0.17605	0.01225	0.03780	0.15003	0.01148	0.07318	0.01357	0.09850	0.01230	0.05255	0.02206	0.00623	0.00480	0.00157	0.00666	0.00459	0.00347	0.00740
15	0.01450	0.14807	0.01753	0.08048	0.05375	0.14494	0.05414	0.08806	0.12544	0.01835	0.05254	0.03620	0.03498	0.00680	0.00581	0.00163	0.04441	0.00537	0.03935	0.02765

[dist]
# distance from previous block
# <min> <max>
2	20

[block]
# block no. 8 follows, 43 sequences, length 44
# corresponding to MSA columns:
# 603-646
name=unknown_I
#
# <colnr> <probs for GDERKNQSTAVLIFYWHMCP>
#	G	D	E	R	K	N	Q	S	T	A	V	L	I	F	Y	W	H	M	C	P
0	0.13149	0.01492	0.20745	0.12071	0.15088	0.01131	0.04530	0.01694	0.02616	0.09495	0.03564	0.03422	0.03683	0.00641	0.00550	0.01448	0.00618	0.00524	0.02805	0.00734
1	0.13313	0.06415	0.16803	0.12441	0.06993	0.03116	0.10264	0.07251	0.01289	0.07118	0.02874	0.01370	0.00918	0.00576	0.00568	0.00173	0.04096	0.00470	0.03217	0.00734
2	0.18236	0.01443	0.09415	0.04748	0.43179	0.02633	0.07281	0.01726	0.02923	0.01931	0.01011	0.01278	0.00812	0.00508	0.00512	0.00169	0.00652	0.00459	0.00291	0.00793
3	0.01317	0.01282	0.02249	0.14493	0.59913	0.01311	0.07964	0.01664	0.01242	0.01748	0.01040	0.01397	0.00854	0.00500	0.00558	0.00169	0.00693	0.00507	0.00271	0.00827
4	0.01240	0.01075	0.01160	0.04708	0.02911	0.03807	0.00864	0.06069	0.42461	0.02071	0.02732	0.03032	0.14584	0.00935	0.00601	0.00193	0.00467	0.09827	0.00518	0.00744
5	0.00694	0.00561	0.00608	0.00597	0.00761	0.00484	0.00442	0.00858	0.01318	0.01658	0.23220	0.04954	0.55545	0.04944	0.00753	0.00200	0.00287	0.01110	0.00530	0.00475
6	0.00867	0.00685	0.00954	0.00913	0.00969	0.00824	0.00689	0.01000	0.00861	0.01239	0.01422	0.02385	0.01435	0.23376	0.45689	0.00688	0.14605	0.00630	0.00297	0.00472
7	0.00677	0.00487	0.00643	0.00763	0.00802	0.00453	0.00512	0.00780	0.01081	0.01440	0.05309	0.75707	0.05880	0.01707	0.00704	0.00222	0.00318	0.01545	0.00517	0.00453
8	0.01212	0.01212	0.01696	0.01454	0.01454	0.01696	0.01212	0.01333	0.00848	0.01333	0.00727	0.01212	0.00727	0.00969	0.01818	0.00242	0.79523	0.00485	0.00242	0.00606
9	0.00675	0.00482	0.00643	0.00771	0.00803	0.00450	0.00514	0.00771	0.01060	0.01414	0.03053	0.80175	0.03663	0.01735	0.00707	0.00225	0.00321	0.01574	0.00514	0.00450
10	0.01358	0.01298	0.02213	0.03338	0.75110	0.01298	0.01679	0.01685	0.01261	0.01805	0.01091	0.01497	0.00937	0.00520	0.00554	0.00167	0.00654	0.02385	0.00280	0.00868
11	0.01342	0.01300	0.02260	0.09250	0.67157	0.01314	0.05852	0.01682	0.01252	0.01777	0.01042	0.01386	0.00864	0.00497	0.00555	0.00167	0.00680	0.00502	0.00272	0.00849
12	0.00805	0.00537	0.00604	0.00604	0.00604	0.00537	0.00336	0.00805	0.00805	0.01074	0.01745	0.03624	0.02013	0.80536	0.02819	0.00537	0.00537	0.00805	0.00336	0.00336
13	0.00804	0.00543	0.00633	0.00633	0.00643	0.00553	0.00371	0.00824	0.00814	0.01095	0.01719	0.03479	0.01950	0.72879	0.10390	0.00572	0.00632	0.00784	0.00332	0.00352
14	0.01257	0.01097	0.01661	0.63679	0.03397	0.01327	0.01441	0.16122	0.01406	0.01829	0.01053	0.01447	0.00779	0.00576	0.00554	0.00181	0.00713	0.00493	0.00307	0.00680
15	0.84448	0.01071	0.00814	0.00728	0.01071	0.01242	0.00600	0.01628	0.00943	0.02485	0.00771	0.00900	0.00600	0.00514	0.00343	0.00171	0.00428	0.00300	0.00343	0.00600
16	0.01595	0.01158	0.01327	0.01170	0.03257	0.03040	0.02703	0.10272	0.40951	0.15438	0.08132	0.02232	0.01838	0.00775	0.00577	0.00183	0.00481	0.03466	0.00565	0.00843
17	0.01046	0.00984	0.01661	0.79205	0.03814	0.01230	0.01538	0.01415	0.01107	0.01415	0.00984	0.01477	0.00738	0.00554	0.00554	0.00185	0.00738	0.00492	0.00246	0.00615
18	0.00805	0.00540	0.00622	0.00622	0.00628	0.00546	0.00357	0.00817	0.00811	0.01087	0.01729	0.03536	0.01975	0.75866	0.07436	0.00559	0.00595	0.00792	0.00333	0.00345
19	0.01619	0.01213	0.01317	0.01132	0.01478	0.01360	0.00895	0.13645	0.56166	0.11578	0.02109	0.01935	0.01541	0.00731	0.00561	0.00183	0.00468	0.00599	0.00577	0.00894
20	0.01546	0.01243	0.01277	0.03781	0.01419	0.09692	0.00858	0.32478	0.04949	0.02244	0.01350	0.01748	0.01135	0.09028	0.13645	0.08582	0.00762	0.00532	0.03051	0.00680
21	0.01280	0.01266	0.02316	0.05568	0.06272	0.01266	0.38747	0.09327	0.05539	0.01935	0.05338	0.08880	0.02873	0.00697	0.00676	0.00186	0.04030	0.00717	0.00365	0.02722
22	0.03648	0.00917	0.01110	0.03907	0.01319	0.00798	0.00695	0.05818	0.01163	0.03964	0.01100	0.01405	0.00934	0.02897	0.08535	0.08957	0.00556	0.00405	0.00337	0.51531
23	0.00805	0.00537	0.00604	0.00604	0.00604	0.00537	0.00336	0.00805	0.00805	0.01074	0.01745	0.03624	0.02013	0.80536	0.02819	0.00537	0.00537	0.00805	0.00336	0.00336
24	0.00675	0.00482	0.00643	0.00771	0.00803	0.00450	0.00514	0.00771	0.01060	0.01414	0.03053	0.80175	0.03663	0.01735	0.00707	0.00225	0.00321	0.01574	0.00514	0.00450
25	0.01485	0.01709	0.04351	0.26545	0.21701	0.26600	0.06464	0.01785	0.01314	0.01532	0.00966	0.01284	0.00771	0.00537	0.00540	0.00166	0.00819	0.00456	0.00268	0.00706
26	0.03553	0.01130	0.01340	0.12642	0.04994	0.01227	0.00952	0.33395	0.03125	0.08537	0.01761	0.01848	0.07054	0.00696	0.00528	0.00165	0.00524	0.00556	0.15204	0.00769
27	0.00715	0.00549	0.00663	0.00720	0.00841	0.00496	0.00540	0.00875	0.01235	0.01581	0.12626	0.29289	0.32926	0.01499	0.00689	0.00209	0.00329	0.13218	0.00525	0.00475
28	0.03578	0.01747	0.21742	0.01675	0.02253	0.01315	0.28348	0.14516	0.01536	0.15806	0.01308	0.01439	0.00912	0.00557	0.00579	0.00177	0.00753	0.00538	0.00390	0.00831
29	0.06461	0.03388	0.25393	0.01399	0.04108	0.11072	0.03507	0.21358	0.01660	0.14547	0.01248	0.01302	0.00879	0.00590	0.00526	0.00167	0.00702	0.00452	0.00407	0.00834
30	0.01393	0.01358	0.02226	0.03337	0.74694	0.03755	0.01680	0.01716	0.01271	0.01795	0.01036	0.01359	0.00872	0.00496	0.00547	0.00164	0.00669	0.00489	0.00275	0.00870
31	0.01062	0.01002	0.01514	0.01310	0.01390	0.01298	0.06638	0.01238	0.00899	0.01349	0.01040	0.01594	0.00982	0.02123	0.30374	0.00481	0.44330	0.00538	0.00266	0.00575
32	0.01293	0.01321	0.06429	0.12786	0.43682	0.01239	0.05434	0.04522	0.03446	0.01823	0.01211	0.01492	0.03120	0.00534	0.00543	0.00162	0.00647	0.00504	0.00300	0.09511
33	0.00952	0.01742	0.39822	0.01167	0.01649	0.00916	0.01307	0.01382	0.01255	0.01824	0.22342	0.12799	0.02389	0.00972	0.03100	0.00201	0.00599	0.00735	0.00383	0.04466
34	0.73760	0.01104	0.00925	0.02707	0.01194	0.01291	0.00677	0.06110	0.01044	0.02470	0.00809	0.00954	0.00630	0.00544	0.00425	0.00174	0.03887	0.00325	0.00349	0.00621
35	0.01526	0.58290	0.13747	0.01076	0.01596	0.01961	0.01116	0.09407	0.01302	0.04240	0.00911	0.01011	0.00756	0.00509	0.00408	0.00134	0.00623	0.00343	0.00285	0.00759
36	0.00816	0.00695	0.01008	0.06130	0.01213	0.00684	0.08364	0.00987	0.01144	0.01494	0.06713	0.23872	0.26947	0.09964	0.00949	0.00236	0.04360	0.01076	0.02850	0.00498
37	0.00902	0.00590	0.00776	0.00719	0.00868	0.00541	0.00543	0.01155	0.01554	0.07558	0.69339	0.06179	0.04906	0.01118	0.00648	0.00175	0.00278	0.00987	0.00612	0.00550
38	0.01081	0.00676	0.00776	0.00731	0.00879	0.00744	0.00568	0.06271	0.05764	0.01970	0.01680	0.02000	0.01364	0.01438	0.17583	0.00307	0.04313	0.00537	0.50753	0.00566
39	0.00770	0.00566	0.00722	0.00683	0.00819	0.00517	0.00512	0.01019	0.01536	0.02145	0.69352	0.04262	0.12710	0.01160	0.00653	0.00176	0.00263	0.01019	0.00600	0.00517
40	0.07968	0.01398	0.01470	0.01148	0.01548	0.01546	0.00944	0.61442	0.02318	0.03255	0.01344	0.01382	0.00972	0.00652	0.00520	0.00162	0.00556	0.00486	0.10022	0.00868
41	0.84448	0.01071	0.00814	0.00728	0.01071	0.01242	0.00600	0.01628	0.00943	0.02485	0.00771	0.00900	0.00600	0.00514	0.00343	0.00171	0.00428	0.00300	0.00343	0.00600
42	0.01371	0.01316	0.02248	0.03399	0.77081	0.01316	0.01700	0.01700	0.01261	0.01809	0.01042	0.01371	0.00877	0.00493	0.00548	0.00164	0.00658	0.00493	0.00274	0.00877
43	0.00767	0.00565	0.00717	0.00679	0.00817	0.00516	0.00510	0.01013	0.01529	0.02128	0.67658	0.04290	0.14415	0.01167	0.00653	0.00176	0.00264	0.01023	0.00597	0.00516

[dist]
# distance from previous block
# <min> <max>
3	5

[block]
# block no. 9 follows, 43 sequences, length 18
# corresponding to MSA columns:
# 652-669
name=unknown_J
#
# <colnr> <probs for GDERKNQSTAVLIFYWHMCP>
#	G	D	E	R	K	N	Q	S	T	A	V	L	I	F	Y	W	H	M	C	P
0	0.01943	0.01182	0.01554	0.05117	0.07179	0.01213	0.04977	0.19668	0.15174	0.31361	0.01815	0.01813	0.01276	0.00681	0.00567	0.00176	0.00550	0.02309	0.00555	0.00889
1	0.01410	0.02064	0.29913	0.02143	0.28189	0.11298	0.03140	0.07580	0.01368	0.01862	0.01021	0.01235	0.00792	0.00524	0.00529	0.00162	0.00750	0.00439	0.00286	0.05294
2	0.29803	0.43786	0.02022	0.00934	0.01339	0.11515	0.00845	0.01718	0.01119	0.01712	0.00781	0.00906	0.00673	0.00500	0.00369	0.00140	0.00588	0.00305	0.00279	0.00664
3	0.01212	0.01212	0.01696	0.01454	0.01454	0.01696	0.01212	0.01333	0.00848	0.01333	0.00727	0.01212	0.00727	0.00969	0.01818	0.00242	0.79523	0.00485	0.00242	0.00606
4	0.00796	0.00574	0.00790	0.00790	0.00854	0.00638	0.00568	0.00925	0.00860	0.01212	0.01575	0.02682	0.01605	0.30870	0.51926	0.00767	0.01152	0.00668	0.00310	0.00439
5	0.01151	0.11346	0.69538	0.01510	0.02291	0.01385	0.01927	0.01744	0.01165	0.01705	0.00970	0.01139	0.00703	0.00520	0.00508	0.00169	0.00794	0.00397	0.00234	0.00807
6	0.00804	0.00590	0.00781	0.00887	0.01003	0.00567	0.00728	0.01004	0.01226	0.01576	0.03418	0.22325	0.15927	0.01553	0.00733	0.00237	0.00429	0.45210	0.00512	0.00489
7	0.01156	0.01086	0.01781	0.53429	0.22618	0.01264	0.01528	0.01609	0.07032	0.01588	0.01099	0.01495	0.00849	0.00554	0.00553	0.00180	0.00694	0.00503	0.00278	0.00704
8	0.01130	0.05128	0.72163	0.01593	0.02390	0.01318	0.05229	0.01752	0.01174	0.01741	0.00993	0.01175	0.00708	0.00522	0.00527	0.00174	0.00817	0.00417	0.00236	0.00812
9	0.00812	0.00615	0.00895	0.00884	0.00968	0.00721	0.00677	0.00984	0.00879	0.01264	0.01478	0.02292	0.01424	0.12472	0.66470	0.00821	0.04951	0.00612	0.00299	0.00482
10	0.01712	0.01877	0.01448	0.01285	0.01549	0.38617	0.00993	0.08617	0.19920	0.01845	0.07189	0.01559	0.01329	0.00709	0.00669	0.00169	0.08904	0.00499	0.00398	0.00713
11	0.00686	0.00557	0.00613	0.00644	0.00799	0.00484	0.00486	0.00836	0.01245	0.01528	0.07741	0.16881	0.55525	0.01456	0.00673	0.00199	0.00309	0.08351	0.00518	0.00471
12	0.07955	0.66632	0.10381	0.00995	0.01494	0.02024	0.01033	0.01666	0.01115	0.01442	0.00793	0.00918	0.00701	0.00482	0.00372	0.00128	0.00603	0.00308	0.00245	0.00713
13	0.04949	0.00786	0.00882	0.00908	0.03446	0.06701	0.00662	0.01220	0.01397	0.05376	0.38601	0.18456	0.03797	0.01180	0.00642	0.00190	0.00390	0.09332	0.00534	0.00551
14	0.00742	0.00534	0.00682	0.00740	0.00828	0.00480	0.00510	0.00826	0.01074	0.01433	0.05170	0.53776	0.12941	0.01589	0.00824	0.08760	0.00337	0.01294	0.00474	0.06985
15	0.01318	0.19723	0.29235	0.05797	0.15141	0.01475	0.09062	0.01771	0.03390	0.04630	0.01048	0.01244	0.00808	0.00514	0.00506	0.00160	0.00713	0.00438	0.00276	0.02751
16	0.09090	0.35022	0.29957	0.01301	0.01890	0.04250	0.08175	0.01720	0.01156	0.01623	0.00887	0.01052	0.00709	0.00499	0.00449	0.00151	0.00705	0.00373	0.00251	0.00741
17	0.05745	0.14498	0.57924	0.01413	0.02121	0.04092	0.01736	0.01734	0.01172	0.01721	0.02513	0.01168	0.00792	0.00532	0.00492	0.00165	0.00758	0.00397	0.00250	0.00778

[dist]
# distance from previous block
# <min> <max>
2	14

[block]
# block no. 10 follows, 43 sequences, length 105
# corresponding to MSA columns:
# 684-788
name=unknown_K
#
# <colnr> <probs for GDERKNQSTAVLIFYWHMCP>
#	G	D	E	R	K	N	Q	S	T	A	V	L	I	F	Y	W	H	M	C	P
0	0.04168	0.04056	0.12301	0.01224	0.01666	0.05696	0.01111	0.44797	0.02011	0.02772	0.01234	0.01320	0.00910	0.00631	0.00562	0.00162	0.03512	0.00462	0.07985	0.03420
1	0.01120	0.00798	0.00930	0.00882	0.01042	0.02390	0.00650	0.06724	0.12837	0.08337	0.13797	0.27923	0.04797	0.10059	0.02546	0.00249	0.02800	0.01001	0.00517	0.00602
2	0.01075	0.01071	0.08437	0.05972	0.01439	0.03273	0.05704	0.04785	0.01187	0.01705	0.01923	0.09752	0.08534	0.04574	0.03244	0.00220	0.11336	0.04439	0.17373	0.03957
3	0.06073	0.00901	0.03281	0.03301	0.01326	0.00804	0.00796	0.01824	0.07250	0.26691	0.05376	0.14492	0.02023	0.00938	0.00582	0.00181	0.00449	0.11165	0.00527	0.12020
4	0.07584	0.14446	0.18064	0.01862	0.18952	0.04512	0.13849	0.01747	0.03339	0.03568	0.06053	0.01436	0.01102	0.00551	0.00521	0.00164	0.00687	0.00490	0.00306	0.00764
5	0.46721	0.01313	0.11805	0.12506	0.10799	0.01219	0.01063	0.01588	0.01058	0.02113	0.02483	0.01269	0.02965	0.00557	0.00439	0.00174	0.00548	0.00405	0.00315	0.00661
6	0.01128	0.01056	0.01777	0.52275	0.24566	0.01215	0.01541	0.01478	0.01163	0.01544	0.01132	0.01768	0.00943	0.00602	0.00566	0.00184	0.00700	0.05407	0.00272	0.00683
7	0.01155	0.00990	0.01151	0.00829	0.01316	0.00756	0.00662	0.01437	0.03185	0.01819	0.01019	0.01173	0.00844	0.00419	0.00414	0.00085	0.00411	0.00336	0.00335	0.81665
8	0.00813	0.00625	0.00932	0.00919	0.01013	0.00744	0.00719	0.01007	0.00888	0.01288	0.01444	0.02126	0.01351	0.03989	0.74386	0.00857	0.05518	0.00588	0.00294	0.00500
9	0.01171	0.00998	0.01160	0.00831	0.01322	0.00761	0.00666	0.03121	0.01182	0.01844	0.00992	0.01153	0.00823	0.00416	0.00414	0.00084	0.00415	0.00332	0.00333	0.81981
10	0.00678	0.00552	0.00600	0.00608	0.00767	0.00474	0.00448	0.00832	0.01287	0.01602	0.16717	0.14169	0.56537	0.01399	0.00661	0.00190	0.00282	0.01191	0.00530	0.00474
11	0.00791	0.00593	0.00890	0.00890	0.00989	0.00692	0.00692	0.00989	0.00890	0.01286	0.01483	0.02176	0.01385	0.04154	0.78341	0.00890	0.01483	0.00593	0.00297	0.00494
12	0.01220	0.01027	0.01187	0.00854	0.01343	0.00812	0.00686	0.06945	0.01258	0.01931	0.01010	0.01162	0.00829	0.00429	0.00421	0.00088	0.00425	0.00341	0.00345	0.77684
13	0.02141	0.01494	0.01626	0.01247	0.01689	0.01632	0.01030	0.68372	0.02508	0.10489	0.01411	0.01382	0.00982	0.00667	0.00554	0.00167	0.00596	0.00504	0.00566	0.00942
14	0.01371	0.01316	0.02248	0.03399	0.77081	0.01316	0.01700	0.01700	0.01261	0.01809	0.01042	0.01371	0.00877	0.00493	0.00548	0.00164	0.00658	0.00493	0.00274	0.00877
