[name]
unknown

[dist]
# distance from previous block
# <min> <max>
26	66

[block]
# block no. 0 follows, 41 sequences, length 10
# corresponding to MSA columns:
# 108-117
name=unknown_A
#
# <colnr> <probs for GDERKNQSTAVLIFYWHMCP>
#	G	D	E	R	K	N	Q	S	T	A	V	L	I	F	Y	W	H	M	C	P
0	0.03676	0.01269	0.01539	0.01225	0.01564	0.12284	0.15024	0.04445	0.03131	0.04583	0.04256	0.03311	0.03202	0.00655	0.00589	0.00155	0.04513	0.00555	0.18234	0.15791
1	0.01143	0.00881	0.00844	0.00759	0.00987	0.07780	0.00569	0.04032	0.01271	0.01883	0.02062	0.12151	0.07745	0.04082	0.00591	0.00161	0.00407	0.00685	0.33529	0.18438
2	0.08277	0.01371	0.02079	0.08678	0.48007	0.05696	0.06603	0.01733	0.01274	0.01865	0.01037	0.01349	0.00853	0.00511	0.00540	0.00164	0.00683	0.00480	0.00293	0.08505
3	0.00764	0.00595	0.00833	0.00843	0.00935	0.00553	0.05661	0.00880	0.01099	0.01436	0.03193	0.48229	0.14965	0.15913	0.01116	0.00282	0.00410	0.01346	0.00480	0.00468
4	0.12304	0.01443	0.01505	0.01181	0.01583	0.01599	0.00960	0.58460	0.02301	0.03243	0.01341	0.01538	0.01031	0.08029	0.00762	0.00208	0.00599	0.00519	0.00524	0.00870
5	0.01080	0.01017	0.01716	0.78523	0.03940	0.01271	0.01589	0.01461	0.01144	0.01461	0.01017	0.01525	0.00762	0.00572	0.00572	0.00191	0.00762	0.00508	0.00254	0.00635
6	0.01080	0.01017	0.01716	0.78523	0.03940	0.01271	0.01589	0.01461	0.01144	0.01461	0.01017	0.01525	0.00762	0.00572	0.00572	0.00191	0.00762	0.00508	0.00254	0.00635
7	0.01547	0.15710	0.31125	0.01337	0.01866	0.15979	0.01401	0.01907	0.01311	0.11002	0.01280	0.07740	0.01071	0.00685	0.00577	0.00171	0.03675	0.00514	0.00335	0.00767
8	0.00977	0.00570	0.00729	0.00775	0.00869	0.00529	0.00534	0.01096	0.01147	0.10917	0.02853	0.52133	0.05277	0.10808	0.00940	0.00254	0.00371	0.01296	0.07405	0.00521
9	0.04360	0.01060	0.01234	0.01034	0.01384	0.01093	0.00824	0.10795	0.24954	0.31092	0.02164	0.07375	0.01616	0.00794	0.00567	0.00182	0.00462	0.00653	0.07488	0.00869

[dist]
# distance from previous block
# <min> <max>
4	8

[block]
# block no. 1 follows, 41 sequences, length 10
# corresponding to MSA columns:
# 126-135
name=unknown_B
#
# <colnr> <probs for GDERKNQSTAVLIFYWHMCP>
#	G	D	E	R	K	N	Q	S	T	A	V	L	I	F	Y	W	H	M	C	P
0	0.00880	0.00670	0.00822	0.00798	0.00965	0.00590	0.00563	0.03200	0.01174	0.01638	0.06733	0.44513	0.04570	0.09209	0.00865	0.00223	0.00381	0.01157	0.00473	0.20575
1	0.01205	0.00734	0.00915	0.00895	0.01056	0.00720	0.00650	0.08640	0.05646	0.14134	0.04383	0.48707	0.02941	0.05534	0.00794	0.00231	0.00404	0.01229	0.00560	0.00620
2	0.00785	0.08492	0.00902	0.00811	0.00895	0.00648	0.00576	0.00901	0.01125	0.01485	0.06134	0.68326	0.03549	0.01634	0.00691	0.00219	0.00357	0.01468	0.00507	0.00495
3	0.00732	0.00521	0.00660	0.00742	0.00800	0.00482	0.00500	0.00820	0.01117	0.01472	0.08458	0.52168	0.13895	0.08555	0.01003	0.05386	0.00351	0.01385	0.00504	0.00449
4	0.50149	0.01308	0.01092	0.00947	0.01300	0.08978	0.00761	0.11671	0.06005	0.07721	0.01185	0.04578	0.00944	0.00641	0.00446	0.00177	0.00526	0.00441	0.00424	0.00708
5	0.01833	0.12338	0.01703	0.01189	0.01585	0.07017	0.00981	0.34080	0.19049	0.06394	0.06757	0.01694	0.01434	0.00708	0.00549	0.00169	0.00582	0.00546	0.00520	0.00872
6	0.04499	0.01264	0.02119	0.01606	0.02003	0.01287	0.30489	0.13970	0.01477	0.04083	0.03976	0.04100	0.04456	0.01033	0.08047	0.00255	0.07692	0.00650	0.00382	0.06611
7	0.01552	0.01023	0.01133	0.00942	0.01245	0.02321	0.00735	0.20333	0.08200	0.14534	0.06886	0.04658	0.11355	0.09899	0.00842	0.00214	0.00474	0.00711	0.06410	0.06533
8	0.01135	0.01148	0.12020	0.04005	0.01548	0.00852	0.07722	0.01483	0.05061	0.07899	0.11616	0.12960	0.10253	0.00971	0.00687	0.04546	0.00510	0.00793	0.00440	0.14351
9	0.01441	0.10687	0.19673	0.01325	0.01768	0.03808	0.06083	0.10482	0.04532	0.07988	0.01453	0.11791	0.01284	0.00788	0.00711	0.00183	0.09659	0.00623	0.00384	0.05337

[dist]
# distance from previous block
# <min> <max>
4	123

[block]
# block no. 2 follows, 41 sequences, length 7
# corresponding to MSA columns:
# 266-272
name=unknown_C
#
# <colnr> <probs for GDERKNQSTAVLIFYWHMCP>
#	G	D	E	R	K	N	Q	S	T	A	V	L	I	F	Y	W	H	M	C	P
0	0.01836	0.07560	0.03637	0.01370	0.06296	0.14027	0.03999	0.17279	0.10865	0.15834	0.01705	0.06157	0.03268	0.00725	0.00560	0.00170	0.00637	0.00585	0.00479	0.03010
1	0.03613	0.04917	0.04399	0.08813	0.05926	0.09422	0.01019	0.14122	0.12701	0.08968	0.01478	0.01622	0.01128	0.02985	0.00590	0.00173	0.00593	0.00503	0.09477	0.07552
2	0.04105	0.08519	0.03592	0.01466	0.11057	0.13503	0.03883	0.08799	0.08465	0.11016	0.09584	0.01941	0.01588	0.00700	0.00553	0.00166	0.00620	0.03703	0.00441	0.06297
3	0.01571	0.06477	0.14543	0.01256	0.04895	0.06802	0.01103	0.09658	0.12806	0.13501	0.06480	0.03776	0.05053	0.00720	0.00553	0.00167	0.00582	0.00580	0.00461	0.09016
4	0.04203	0.08736	0.05420	0.01318	0.03568	0.05452	0.11799	0.11486	0.08883	0.07349	0.01407	0.04713	0.01165	0.05578	0.00682	0.00182	0.00621	0.00549	0.00405	0.16484
5	0.06621	0.06895	0.01492	0.04304	0.01591	0.19748	0.00948	0.20495	0.04634	0.05731	0.03535	0.06347	0.01265	0.01062	0.08090	0.00237	0.00754	0.00546	0.00424	0.05280
6	0.01187	0.00650	0.00663	0.00619	0.00788	0.00669	0.00475	0.09330	0.01363	0.02294	0.01812	0.02049	0.01412	0.00669	0.00419	0.00137	0.00306	0.00531	0.74047	0.00581

[dist]
# distance from previous block
# <min> <max>
0	1

[block]
# block no. 3 follows, 41 sequences, length 32
# corresponding to MSA columns:
# 274-305
name=unknown_D
#
# <colnr> <probs for GDERKNQSTAVLIFYWHMCP>
#	G	D	E	R	K	N	Q	S	T	A	V	L	I	F	Y	W	H	M	C	P
0	0.07933	0.03379	0.08497	0.01195	0.01620	0.03788	0.01045	0.24156	0.22403	0.13134	0.03042	0.01835	0.01352	0.00723	0.00560	0.00182	0.00568	0.03183	0.00530	0.00876
1	0.06138	0.23219	0.17291	0.01340	0.03535	0.23443	0.01250	0.10114	0.01493	0.05779	0.01017	0.01127	0.00794	0.00565	0.00484	0.00154	0.00767	0.00390	0.00326	0.00774
2	0.01248	0.01290	0.04076	0.19680	0.21443	0.03453	0.19214	0.01651	0.03936	0.01730	0.01318	0.09079	0.01160	0.00648	0.00597	0.00180	0.00719	0.00643	0.00317	0.07618
3	0.01456	0.03987	0.01432	0.04625	0.09388	0.14441	0.00963	0.09493	0.14843	0.03327	0.12836	0.03778	0.06165	0.00767	0.00565	0.00164	0.00572	0.00628	0.00452	0.10120
4	0.01148	0.00896	0.01033	0.00851	0.01188	0.00802	0.00664	0.04257	0.12116	0.05343	0.16538	0.05979	0.13281	0.00853	0.00558	0.00149	0.00385	0.00720	0.00492	0.32745
5	0.01384	0.01194	0.01304	0.01236	0.04638	0.01365	0.00919	0.02863	0.67569	0.02364	0.06850	0.02236	0.01937	0.00789	0.00587	0.00192	0.00451	0.00665	0.00572	0.00883
6	0.06638	0.01293	0.02111	0.05814	0.61737	0.01301	0.01590	0.01841	0.01309	0.09197	0.01172	0.01441	0.00933	0.00533	0.00554	0.00172	0.00649	0.00504	0.00328	0.00885
7	0.01273	0.01237	0.02129	0.32808	0.27120	0.01345	0.13174	0.01802	0.09930	0.01763	0.01212	0.01564	0.00942	0.00561	0.00588	0.00185	0.00731	0.00552	0.00308	0.00777
8	0.02004	0.00849	0.01147	0.00922	0.01266	0.00744	0.00744	0.02241	0.01631	0.52901	0.25870	0.02691	0.02690	0.00856	0.00607	0.00178	0.00417	0.00722	0.00683	0.00835
9	0.00831	0.00558	0.00642	0.00642	0.00649	0.00564	0.00369	0.00844	0.00837	0.01123	0.01785	0.03650	0.02039	0.75205	0.07550	0.00577	0.00615	0.00818	0.00344	0.00357
10	0.00733	0.00523	0.00668	0.00769	0.00813	0.00494	0.00518	0.00829	0.01078	0.01422	0.03087	0.56876	0.08240	0.15195	0.01106	0.00287	0.00380	0.06033	0.00499	0.00450
11	0.01484	0.71020	0.11820	0.01056	0.01588	0.02152	0.01114	0.01725	0.01168	0.01401	0.00823	0.00952	0.00733	0.00496	0.00388	0.00129	0.00640	0.00320	0.00244	0.00747
12	0.00748	0.00582	0.00680	0.00655	0.00817	0.00514	0.00492	0.00961	0.01475	0.01951	0.43859	0.04837	0.37780	0.01297	0.00675	0.00186	0.00279	0.01114	0.00585	0.00514
13	0.02216	0.01536	0.01676	0.01285	0.01741	0.01675	0.01061	0.66864	0.02578	0.11321	0.01466	0.01434	0.01019	0.00689	0.00573	0.00172	0.00614	0.00521	0.00587	0.00973
14	0.00702	0.00580	0.00616	0.00607	0.00789	0.00494	0.00455	0.00872	0.01366	0.01693	0.19702	0.05261	0.62097	0.01393	0.00676	0.00191	0.00286	0.01173	0.00551	0.00494
15	0.10913	0.60039	0.10187	0.01033	0.01542	0.02036	0.01057	0.04818	0.01210	0.01628	0.00843	0.00968	0.00730	0.00508	0.00392	0.00137	0.00617	0.00327	0.00271	0.00742
16	0.72816	0.01107	0.00980	0.08486	0.04110	0.01285	0.00756	0.01662	0.01002	0.02433	0.00828	0.01005	0.00644	0.00534	0.00383	0.00178	0.00482	0.00336	0.00342	0.00631
17	0.01191	0.04210	0.59589	0.01869	0.11355	0.01338	0.06659	0.01784	0.01238	0.01823	0.03071	0.01332	0.00883	0.00551	0.00555	0.00179	0.00813	0.00464	0.00260	0.00837
18	0.01219	0.01036	0.01204	0.00863	0.01369	0.00796	0.00691	0.03872	0.01236	0.01922	0.01029	0.01192	0.00851	0.00432	0.00429	0.00088	0.00430	0.00345	0.00347	0.80649
19	0.01285	0.00700	0.00874	0.00773	0.01017	0.00614	0.00607	0.01499	0.01508	0.23904	0.28125	0.04082	0.27835	0.01142	0.00650	0.00187	0.00350	0.03586	0.00616	0.00648
20	0.83938	0.01106	0.00841	0.00752	0.01106	0.01283	0.00619	0.01681	0.00973	0.02566	0.00796	0.00929	0.00619	0.00531	0.00354	0.00177	0.00442	0.00310	0.00354	0.00619
21	0.01102	0.01039	0.01755	0.73683	0.08610	0.01277	0.01599	0.01480	0.01154	0.01488	0.01020	0.01518	0.00772	0.00568	0.00572	0.00189	0.00757	0.00508	0.00256	0.00653
22	0.00691	0.00580	0.00600	0.00595	0.00782	0.00489	0.00446	0.00849	0.01338	0.01627	0.13480	0.05370	0.68362	0.01418	0.00676	0.00192	0.00288	0.01188	0.00542	0.00489
23	0.00882	0.00706	0.00804	0.00771	0.00955	0.00694	0.00580	0.01371	0.16420	0.02005	0.32563	0.10480	0.27137	0.01231	0.00661	0.00191	0.00318	0.01060	0.00580	0.00589
24	0.00711	0.00581	0.00628	0.00617	0.00794	0.00498	0.00462	0.00889	0.01387	0.01743	0.24392	0.05178	0.57377	0.01375	0.00676	0.00190	0.00284	0.01161	0.00557	0.00498
25	0.78361	0.01231	0.05967	0.00811	0.01198	0.01286	0.00720	0.01690	0.00989	0.02515	0.00812	0.00948	0.00627	0.00532	0.00367	0.00177	0.00470	0.00317	0.00346	0.00635
26	0.00697	0.00498	0.00664	0.00796	0.00830	0.00465	0.00531	0.00796	0.01095	0.01460	0.03153	0.79525	0.03783	0.01792	0.00730	0.00232	0.00332	0.01626	0.00531	0.00465
27	0.00879	0.00704	0.00985	0.00953	0.01059	0.02985	0.02366	0.01066	0.00940	0.01321	0.01514	0.02320	0.01446	0.11397	0.64702	0.00830	0.03092	0.00626	0.00308	0.00508
28	0.69631	0.06137	0.07177	0.03186	0.01325	0.01347	0.00792	0.01687	0.01009	0.02396	0.00822	0.00969	0.00639	0.00531	0.00377	0.00174	0.00495	0.00325	0.00335	0.00645
29	0.01520	0.56615	0.12503	0.01164	0.01673	0.10338	0.03825	0.01776	0.01237	0.01455	0.02814	0.01079	0.00860	0.00525	0.00426	0.00137	0.00692	0.00361	0.00261	0.00737
30	0.03559	0.28555	0.06628	0.01265	0.04334	0.12444	0.01089	0.17990	0.06405	0.10744	0.01228	0.01268	0.00935	0.00596	0.00489	0.00154	0.00663	0.00428	0.00403	0.00826
31	0.01774	0.00895	0.01141	0.00938	0.01254	0.00844	0.00750	0.08529	0.06487	0.36423	0.30899	0.02813	0.02947	0.00890	0.00614	0.00179	0.00413	0.00753	0.00657	0.00800

[dist]
# distance from previous block
# <min> <max>
0	3

[block]
# block no. 4 follows, 41 sequences, length 12
# corresponding to MSA columns:
# 309-320
name=unknown_E
#
# <colnr> <probs for GDERKNQSTAVLIFYWHMCP>
#	G	D	E	R	K	N	Q	S	T	A	V	L	I	F	Y	W	H	M	C	P
0	0.01200	0.01029	0.01192	0.00865	0.01363	0.00800	0.00691	0.01532	0.05442	0.01894	0.01092	0.01241	0.00899	0.00444	0.00433	0.00091	0.00425	0.00357	0.00353	0.78657
1	0.03904	0.00868	0.01025	0.00869	0.01153	0.02745	0.00678	0.03504	0.06230	0.31477	0.19216	0.03121	0.13907	0.07743	0.00807	0.00213	0.00427	0.00789	0.00600	0.00724
2	0.77213	0.01116	0.00878	0.00786	0.01137	0.01295	0.00643	0.01792	0.07031	0.02552	0.00921	0.01027	0.00711	0.00551	0.00373	0.00178	0.00443	0.00337	0.00373	0.00643
3	0.01991	0.01060	0.01289	0.01049	0.01421	0.01057	0.00845	0.11730	0.19521	0.38913	0.12652	0.02250	0.02005	0.00787	0.00591	0.00181	0.00466	0.00650	0.00649	0.00895
4	0.06255	0.05832	0.05672	0.01214	0.01678	0.01265	0.06353	0.17814	0.08294	0.37007	0.01771	0.01662	0.01194	0.00663	0.00558	0.00176	0.00573	0.00539	0.00568	0.00914
5	0.01093	0.01001	0.01646	0.70783	0.03657	0.01239	0.01500	0.01503	0.04789	0.01484	0.01080	0.01566	0.00823	0.00653	0.00656	0.04379	0.00734	0.00515	0.00270	0.00629
6	0.00832	0.00555	0.00624	0.00624	0.00624	0.00555	0.00347	0.00832	0.00832	0.01109	0.01802	0.03743	0.02080	0.79898	0.02911	0.00555	0.00555	0.00832	0.00347	0.00347
7	0.08869	0.01348	0.01490	0.03453	0.01650	0.01458	0.00976	0.48580	0.02197	0.14665	0.01609	0.08308	0.01254	0.00771	0.00568	0.00179	0.00569	0.00605	0.00562	0.00889
8	0.03705	0.09352	0.09613	0.02027	0.25568	0.13768	0.01386	0.23673	0.01739	0.02276	0.01096	0.01261	0.00857	0.00578	0.00534	0.00164	0.00725	0.00456	0.00366	0.00858
9	0.00710	0.00530	0.00653	0.00728	0.00809	0.00481	0.00500	0.00835	0.01191	0.01556	0.11760	0.49830	0.21369	0.05250	0.00812	0.00232	0.00325	0.01423	0.00533	0.00472
10	0.01022	0.00634	0.00816	0.00742	0.00924	0.00572	0.00567	0.01271	0.01585	0.11861	0.58397	0.04112	0.12997	0.01142	0.00662	0.00181	0.00300	0.00995	0.00628	0.00589
11	0.01989	0.01485	0.01599	0.01255	0.01674	0.01644	0.01026	0.60969	0.10819	0.03372	0.06961	0.01672	0.01385	0.00732	0.00581	0.00175	0.00583	0.00568	0.00578	0.00933

[dist]
# distance from previous block
# <min> <max>
0	3

[block]
# block no. 5 follows, 41 sequences, length 29
# corresponding to MSA columns:
# 324-352
name=unknown_F
#
# <colnr> <probs for GDERKNQSTAVLIFYWHMCP>
#	G	D	E	R	K	N	Q	S	T	A	V	L	I	F	Y	W	H	M	C	P
0	0.83938	0.01106	0.00841	0.00752	0.01106	0.01283	0.00619	0.01681	0.00973	0.02566	0.00796	0.00929	0.00619	0.00531	0.00354	0.00177	0.00442	0.00310	0.00354	0.00619
1	0.00753	0.00599	0.00678	0.00655	0.00827	0.00533	0.00492	0.00991	0.03450	0.01886	0.35545	0.04889	0.44032	0.01312	0.00673	0.00188	0.00286	0.01119	0.00574	0.00519
2	0.24571	0.01438	0.01445	0.01150	0.01569	0.01613	0.00945	0.49174	0.07582	0.03230	0.01285	0.01308	0.00933	0.00650	0.00513	0.00175	0.00565	0.00468	0.00513	0.00871
3	0.00818	0.00611	0.00910	0.00910	0.01009	0.00710	0.00703	0.01015	0.00916	0.01321	0.01541	0.02295	0.01451	0.06701	0.75249	0.00908	0.01501	0.00620	0.00308	0.00505
4	0.01120	0.01057	0.01787	0.69681	0.12473	0.01281	0.01608	0.01496	0.01162	0.01509	0.01024	0.01512	0.00779	0.00565	0.00571	0.00188	0.00753	0.00508	0.00258	0.00667
5	0.01080	0.01017	0.01716	0.78523	0.03940	0.01271	0.01589	0.01461	0.01144	0.01461	0.01017	0.01525	0.00762	0.00572	0.00572	0.00191	0.00762	0.00508	0.00254	0.00635
6	0.01416	0.01359	0.02322	0.03511	0.76330	0.01359	0.01755	0.01755	0.01302	0.01869	0.01076	0.01416	0.00906	0.00510	0.00566	0.00170	0.00680	0.00510	0.00283	0.00906
7	0.01209	0.15430	0.65004	0.01525	0.02313	0.01479	0.01930	0.01796	0.01200	0.01736	0.00989	0.01161	0.00726	0.00535	0.00515	0.00172	0.00808	0.00404	0.00242	0.00827
8	0.00832	0.00555	0.00624	0.00624	0.00624	0.00555	0.00347	0.00832	0.00832	0.01109	0.01802	0.03743	0.02080	0.79898	0.02911	0.00555	0.00555	0.00832	0.00347	0.00347
9	0.01101	0.00748	0.00909	0.00805	0.01013	0.00721	0.00623	0.09868	0.03394	0.08001	0.51337	0.03857	0.13159	0.01103	0.00653	0.00181	0.00335	0.00951	0.00616	0.00625
10	0.01359	0.01301	0.02220	0.16124	0.64158	0.01344	0.01727	0.01706	0.01276	0.01800	0.01066	0.01434	0.00882	0.00520	0.00567	0.00173	0.00693	0.00509	0.00278	0.00861
11	0.00684	0.00580	0.00590	0.00587	0.00777	0.00486	0.00440	0.00835	0.01321	0.01587	0.09744	0.05435	0.72122	0.01433	0.00676	0.00192	0.00289	0.01197	0.00537	0.00486
12	0.00948	0.00707	0.00918	0.00967	0.01121	0.00719	0.00800	0.01386	0.11147	0.01952	0.22987	0.08062	0.03685	0.01369	0.00729	0.00230	0.00439	0.40694	0.00562	0.00578
13	0.01253	0.01092	0.01398	0.01220	0.10252	0.00888	0.02786	0.04127	0.01259	0.01927	0.01040	0.01229	0.00859	0.00445	0.00453	0.00101	0.00476	0.00374	0.00339	0.68483
14	0.23102	0.02204	0.01430	0.01274	0.01599	0.50858	0.00979	0.08967	0.01556	0.01908	0.00908	0.01038	0.00729	0.00584	0.00480	0.00157	0.00842	0.00367	0.00336	0.00681
15	0.00817	0.00613	0.00919	0.00919	0.01021	0.00715	0.00715	0.01021	0.00919	0.01328	0.01532	0.02247	0.01430	0.04290	0.77631	0.00919	0.01532	0.00613	0.00306	0.00511
16	0.00783	0.00584	0.00727	0.00691	0.00838	0.00528	0.00519	0.01027	0.01556	0.02143	0.61912	0.04520	0.19607	0.01225	0.00675	0.00183	0.00274	0.01069	0.00610	0.00528
17	0.01350	0.01543	0.03375	0.02411	0.02989	0.01446	0.74253	0.01832	0.01350	0.01832	0.01157	0.01543	0.00868	0.00482	0.00675	0.00193	0.00964	0.00675	0.00289	0.00771
18	0.01356	0.01425	0.01737	0.01498	0.01533	0.10693	0.01234	0.01484	0.00964	0.01379	0.00767	0.01225	0.00749	0.00953	0.01717	0.00238	0.69678	0.00485	0.00256	0.00630
19	0.62304	0.01081	0.00937	0.00813	0.01156	0.01214	0.00664	0.08131	0.01239	0.06797	0.09798	0.01420	0.01259	0.00630	0.00424	0.00177	0.00441	0.00428	0.00426	0.00661
20	0.83938	0.01106	0.00841	0.00752	0.01106	0.01283	0.00619	0.01681	0.00973	0.02566	0.00796	0.00929	0.00619	0.00531	0.00354	0.00177	0.00442	0.00310	0.00354	0.00619
21	0.00758	0.00565	0.00706	0.00719	0.00841	0.00513	0.00527	0.00960	0.01417	0.01917	0.41426	0.22803	0.19815	0.01391	0.00692	0.00198	0.00297	0.03366	0.00582	0.00509
22	0.01038	0.00949	0.01567	0.66330	0.03456	0.01156	0.01424	0.01402	0.01218	0.01592	0.12772	0.01956	0.01489	0.00666	0.00588	0.00189	0.00685	0.00591	0.00313	0.00620
23	0.02174	0.01602	0.01717	0.01316	0.01774	0.01774	0.01087	0.74423	0.02689	0.03605	0.01373	0.01373	0.00973	0.00687	0.00572	0.00172	0.00629	0.00515	0.00572	0.00973
24	0.00815	0.00599	0.00841	0.00841	0.00924	0.00671	0.00623	0.00972	0.00915	0.01288	0.01759	0.02705	0.04510	0.20825	0.58153	0.00810	0.01268	0.00684	0.00324	0.00473
25	0.61331	0.01151	0.00998	0.00834	0.01224	0.01259	0.00684	0.10218	0.01209	0.02579	0.00899	0.01022	0.00697	0.00532	0.00391	0.00162	0.00462	0.00338	0.00377	0.13634
26	0.01070	0.00635	0.00841	0.00775	0.00946	0.00578	0.00586	0.01313	0.01560	0.13810	0.55926	0.12780	0.04586	0.01171	0.00666	0.00186	0.00311	0.01033	0.00630	0.00599
27	0.01392	0.58444	0.02430	0.00947	0.01367	0.01889	0.00892	0.01746	0.09944	0.01549	0.06341	0.01699	0.08052	0.00655	0.00441	0.00141	0.00541	0.00476	0.00336	0.00719
28	0.11835	0.00991	0.01221	0.00951	0.01373	0.00893	0.00774	0.02385	0.04356	0.50594	0.01877	0.01780	0.01270	0.03509	0.00610	0.00177	0.00473	0.00519	0.00590	0.13823

[dist]
# distance from previous block
# <min> <max>
4	16

[block]
# block no. 6 follows, 41 sequences, length 9
# corresponding to MSA columns:
# 372-380
name=unknown_G
#
# <colnr> <probs for GDERKNQSTAVLIFYWHMCP>
#	G	D	E	R	K	N	Q	S	T	A	V	L	I	F	Y	W	H	M	C	P
0	0.03909	0.01747	0.05986	0.16407	0.09078	0.20234	0.01266	0.23837	0.04566	0.02218	0.01234	0.04691	0.00995	0.00663	0.00557	0.00173	0.00747	0.00519	0.00389	0.00784
1	0.00724	0.00500	0.00654	0.00777	0.00817	0.00470	0.00521	0.00836	0.01103	0.01510	0.03057	0.73765	0.03611	0.01708	0.00705	0.00225	0.00327	0.01545	0.06674	0.00470
2	0.01098	0.00704	0.00935	0.03867	0.03959	0.00664	0.00685	0.01382	0.04006	0.12917	0.38448	0.11086	0.12741	0.01151	0.00659	0.00190	0.00361	0.03944	0.00586	0.00618
3	0.01692	0.26478	0.21294	0.01268	0.01819	0.03425	0.04365	0.10881	0.03591	0.16083	0.01319	0.03150	0.00996	0.00610	0.00508	0.00162	0.00664	0.00470	0.00391	0.00836
4	0.01147	0.02959	0.76934	0.01630	0.02476	0.01328	0.02113	0.01811	0.01208	0.01811	0.01026	0.01208	0.00725	0.00543	0.00543	0.00181	0.00845	0.00423	0.00242	0.00845
5	0.01127	0.00579	0.00855	0.04431	0.01001	0.00576	0.00614	0.01012	0.00914	0.08449	0.01401	0.06930	0.01366	0.01755	0.01797	0.60130	0.00500	0.05861	0.00331	0.00371
6	0.01236	0.09353	0.51298	0.01757	0.10826	0.04283	0.04603	0.01769	0.01262	0.01793	0.05739	0.01406	0.01047	0.00574	0.00543	0.00174	0.00781	0.00469	0.00275	0.00814
7	0.01473	0.01130	0.01772	0.36234	0.22313	0.01238	0.01441	0.07905	0.01400	0.12951	0.01362	0.01829	0.01061	0.00643	0.00583	0.00186	0.00675	0.04654	0.00372	0.00779
8	0.06765	0.01423	0.11935	0.01354	0.01737	0.08567	0.16181	0.04442	0.01387	0.10112	0.08135	0.17114	0.03452	0.00917	0.00621	0.00193	0.00641	0.03896	0.00435	0.00695

[dist]
# distance from previous block
# <min> <max>
4	12

[block]
# block no. 7 follows, 41 sequences, length 127
# corresponding to MSA columns:
# 394-433,435-521
name=unknown_H
#
# <colnr> <probs for GDERKNQSTAVLIFYWHMCP>
#	G	D	E	R	K	N	Q	S	T	A	V	L	I	F	Y	W	H	M	C	P
0	0.56359	0.01028	0.00944	0.06729	0.01323	0.01157	0.00702	0.03953	0.01134	0.09921	0.01114	0.01244	0.00829	0.00574	0.00405	0.00172	0.00455	0.00386	0.10913	0.00656
1	0.01371	0.01187	0.01245	0.01183	0.05443	0.06699	0.00864	0.02365	0.42114	0.05375	0.11663	0.02460	0.07627	0.00819	0.00583	0.00178	0.00471	0.00684	0.00534	0.07135
2	0.01323	0.01413	0.08354	0.05234	0.54481	0.01333	0.01647	0.01663	0.01261	0.01815	0.04388	0.01687	0.01151	0.00630	0.00709	0.00183	0.08539	0.03054	0.00299	0.00835
3	0.07612	0.02329	0.01517	0.01367	0.01641	0.59891	0.01041	0.02117	0.01512	0.03927	0.03279	0.01278	0.02748	0.00659	0.00620	0.00160	0.06897	0.00422	0.00324	0.00659
4	0.01147	0.00770	0.01103	0.03476	0.12916	0.00735	0.00808	0.02831	0.01439	0.12105	0.30274	0.22514	0.05283	0.01141	0.00653	0.00192	0.00402	0.01018	0.00546	0.00647
5	0.02364	0.00977	0.01342	0.06957	0.01636	0.00890	0.00893	0.02654	0.04546	0.66164	0.03968	0.01979	0.01476	0.00712	0.00578	0.00179	0.00501	0.00584	0.00666	0.00934
6	0.64490	0.01123	0.01036	0.09718	0.03239	0.01299	0.00790	0.04516	0.04058	0.03957	0.00941	0.01094	0.00717	0.00554	0.00406	0.00179	0.00493	0.00364	0.00366	0.00660
7	0.02044	0.01425	0.01560	0.01238	0.01661	0.01561	0.01009	0.47248	0.20294	0.13237	0.01727	0.01637	0.01222	0.00711	0.00575	0.00178	0.00567	0.00555	0.00593	0.00956
8	0.00804	0.00582	0.00758	0.00719	0.00852	0.00537	0.00537	0.01067	0.01599	0.02257	0.72707	0.06179	0.06867	0.01191	0.00676	0.00181	0.00272	0.01053	0.00625	0.00537
9	0.39653	0.01375	0.01315	0.01058	0.01468	0.01549	0.00873	0.41080	0.01903	0.03129	0.01109	0.01170	0.00811	0.00615	0.00472	0.00174	0.00544	0.00421	0.00472	0.00811
10	0.00678	0.00570	0.00589	0.00605	0.00779	0.00481	0.00446	0.00818	0.01279	0.01535	0.05486	0.14144	0.67658	0.01489	0.00682	0.00198	0.00295	0.01256	0.00531	0.00481
11	0.00731	0.00579	0.00657	0.00642	0.00808	0.00506	0.00480	0.00926	0.01427	0.01849	0.34450	0.06943	0.45285	0.01343	0.00677	0.00189	0.00283	0.01148	0.00571	0.00506
12	0.00941	0.00614	0.00803	0.00739	0.00899	0.00561	0.00560	0.01204	0.01613	0.07980	0.68619	0.04125	0.06858	0.01141	0.00667	0.00180	0.00287	0.01004	0.00633	0.00572
13	0.01059	0.00985	0.01649	0.70809	0.05397	0.01211	0.01511	0.01417	0.01144	0.01471	0.01182	0.07501	0.00997	0.00664	0.00584	0.00193	0.00728	0.00594	0.00276	0.00629
14	0.01572	0.74773	0.02900	0.01014	0.01489	0.07578	0.00988	0.01753	0.01195	0.01350	0.00801	0.00926	0.00734	0.00496	0.00378	0.00124	0.00641	0.00310	0.00248	0.00729
15	0.01186	0.01017	0.01186	0.00847	0.01356	0.00762	0.00678	0.01440	0.01186	0.01864	0.01017	0.01186	0.00847	0.00424	0.00424	0.00085	0.00424	0.00339	0.00339	0.83395
16	0.01754	0.01284	0.01412	0.01169	0.01511	0.01401	0.00929	0.47791	0.09602	0.04795	0.01918	0.20193	0.01735	0.00961	0.00611	0.00189	0.00537	0.00796	0.00567	0.00844
17	0.01276	0.01205	0.02049	0.12224	0.55496	0.01229	0.03341	0.01591	0.01256	0.01763	0.01353	0.12038	0.01278	0.00691	0.00592	0.00181	0.00649	0.00665	0.00313	0.00810
18	0.01190	0.01030	0.01240	0.00885	0.01395	0.00779	0.02476	0.01450	0.01190	0.01863	0.01020	0.01195	0.00848	0.00425	0.00430	0.00087	0.00437	0.00347	0.00338	0.81375
19	0.01228	0.01015	0.01190	0.00852	0.01359	0.00765	0.00683	0.01481	0.01200	0.04150	0.01055	0.01209	0.00865	0.00432	0.00428	0.00088	0.00426	0.00346	0.00350	0.80878
20	0.01186	0.01017	0.01186	0.00847	0.01356	0.00762	0.00678	0.01440	0.01186	0.01864	0.01017	0.01186	0.00847	0.00424	0.00424	0.00085	0.00424	0.00339	0.00339	0.83395
21	0.01416	0.01359	0.02322	0.03511	0.76330	0.01359	0.01755	0.01755	0.01302	0.01869	0.01076	0.01416	0.00906	0.00510	0.00566	0.00170	0.00680	0.00510	0.00283	0.00906
22	0.01085	0.00831	0.01024	0.00961	0.01186	0.00817	0.02099	0.07012	0.12161	0.03422	0.08267	0.23497	0.06504	0.02627	0.00694	0.00206	0.00434	0.14794	0.00518	0.11860
23	0.01416	0.01359	0.02322	0.03511	0.76330	0.01359	0.01755	0.01755	0.01302	0.01869	0.01076	0.01416	0.00906	0.00510	0.00566	0.00170	0.00680	0.00510	0.00283	0.00906
24	0.00697	0.00498	0.00664	0.00796	0.00830	0.00465	0.00531	0.00796	0.01095	0.01460	0.03153	0.79525	0.03783	0.01792	0.00730	0.00232	0.00332	0.01626	0.00531	0.00465
25	0.00802	0.00584	0.00754	0.00712	0.00850	0.00536	0.00534	0.01065	0.01601	0.02251	0.72059	0.04342	0.09393	0.01185	0.00675	0.00181	0.00271	0.01044	0.00624	0.00536
26	0.02566	0.00973	0.01327	0.01018	0.01460	0.00841	0.00841	0.02788	0.01637	0.76726	0.02257	0.01947	0.01416	0.00708	0.00575	0.00177	0.00487	0.00575	0.00708	0.00973
27	0.01130	0.01064	0.01775	0.67305	0.12461	0.01286	0.01588	0.01543	0.03379	0.01538	0.01063	0.01530	0.00809	0.00571	0.00572	0.00188	0.00743	0.00513	0.00267	0.00676
28	0.21275	0.07602	0.04303	0.02088	0.31007	0.14287	0.04733	0.01791	0.01258	0.01896	0.01041	0.04348	0.00904	0.00578	0.00503	0.00168	0.00682	0.00472	0.00308	0.00757
29	0.83938	0.01106	0.00841	0.00752	0.01106	0.01283	0.00619	0.01681	0.00973	0.02566	0.00796	0.00929	0.00619	0.00531	0.00354	0.00177	0.00442	0.00310	0.00354	0.00619
30	0.01404	0.01337	0.02222	0.05968	0.68049	0.01361	0.01684	0.01844	0.06968	0.01895	0.01170	0.01475	0.00965	0.00532	0.00568	0.00172	0.00665	0.00520	0.00305	0.00896
31	0.00701	0.00499	0.00663	0.00791	0.00824	0.00467	0.00526	0.00797	0.01087	0.01450	0.03114	0.77334	0.03734	0.04050	0.00793	0.00242	0.00338	0.01603	0.00526	0.00461
32	0.01079	0.02354	0.56717	0.01486	0.04697	0.01147	0.01737	0.01640	0.01306	0.01925	0.18353	0.01923	0.01810	0.00687	0.00575	0.00180	0.00707	0.00567	0.00333	0.00777
33	0.00739	0.00588	0.00664	0.00665	0.00833	0.00517	0.00509	0.00927	0.01381	0.01755	0.24394	0.05233	0.48476	0.02852	0.00729	0.00203	0.00313	0.08170	0.00554	0.00500
34	0.01369	0.53768	0.20059	0.01143	0.01695	0.01884	0.03392	0.01671	0.01189	0.01484	0.01243	0.01355	0.06512	0.00575	0.00441	0.00144	0.00652	0.00413	0.00267	0.00742
35	0.01239	0.02324	0.44117	0.02000	0.04153	0.01379	0.32845	0.01819	0.01270	0.01821	0.01083	0.01355	0.00789	0.00517	0.00600	0.00186	0.00893	0.00532	0.00263	0.00815
36	0.01147	0.02959	0.76934	0.01630	0.02476	0.01328	0.02113	0.01811	0.01208	0.01811	0.01026	0.01208	0.00725	0.00543	0.00543	0.00181	0.00845	0.00423	0.00242	0.00845
37	0.01183	0.04300	0.51138	0.01744	0.02462	0.01323	0.20086	0.01761	0.01272	0.01840	0.06506	0.01508	0.01100	0.00572	0.00582	0.00183	0.00828	0.00528	0.00282	0.00802
38	0.00870	0.00654	0.00764	0.00733	0.00888	0.02762	0.00551	0.01096	0.01509	0.04426	0.49750	0.09498	0.20310	0.01249	0.00673	0.00187	0.00313	0.02635	0.00592	0.00540
39	0.67235	0.01082	0.00970	0.06747	0.01368	0.01226	0.00722	0.01805	0.01071	0.11917	0.00999	0.01104	0.00732	0.00557	0.00399	0.00178	0.00473	0.00359	0.00391	0.00666
40	0.01147	0.00962	0.01325	0.03290	0.21329	0.00955	0.00962	0.01668	0.14935	0.03862	0.25342	0.02899	0.10916	0.00870	0.00605	0.00174	0.00443	0.00766	0.00488	0.07062
41	0.12031	0.36052	0.10956	0.01011	0.01489	0.01571	0.00995	0.03257	0.01265	0.11642	0.06118	0.01369	0.01148	0.00644	0.01847	0.00160	0.00581	0.00417	0.00360	0.07088
42	0.01138	0.00962	0.01132	0.00831	0.01292	0.00734	0.00660	0.01394	0.01241	0.01919	0.10566	0.01579	0.01426	0.00519	0.00456	0.00097	0.00404	0.00427	0.00376	0.72847
43	0.02137	0.02726	0.01621	0.01474	0.01768	0.77602	0.01105	0.02284	0.01621	0.01400	0.00884	0.01031	0.00737	0.00589	0.00516	0.00147	0.01031	0.00368	0.00295	0.00663
44	0.83938	0.01106	0.00841	0.00752	0.01106	0.01283	0.00619	0.01681	0.00973	0.02566	0.00796	0.00929	0.00619	0.00531	0.00354	0.00177	0.00442	0.00310	0.00354	0.00619
45	0.01423	0.01229	0.01293	0.01164	0.01487	0.01423	0.00905	0.03039	0.75297	0.02393	0.02328	0.02134	0.01746	0.00776	0.00582	0.00194	0.00453	0.00647	0.00582	0.00905
46	0.01147	0.02959	0.76934	0.01630	0.02476	0.01328	0.02113	0.01811	0.01208	0.01811	0.01026	0.01208	0.00725	0.00543	0.00543	0.00181	0.00845	0.00423	0.00242	0.00845
47	0.00832	0.00555	0.00624	0.00624	0.00624	0.00555	0.00347	0.00832	0.00832	0.01109	0.01802	0.03743	0.02080	0.79898	0.02911	0.00555	0.00555	0.00832	0.00347	0.00347
48	0.00915	0.00693	0.00860	0.00822	0.00984	0.00692	0.00629	0.01400	0.13772	0.02229	0.55049	0.07371	0.04561	0.01163	0.00671	0.00191	0.00323	0.06472	0.00610	0.00596
49	0.00686	0.00581	0.00593	0.00594	0.00784	0.00488	0.00448	0.00837	0.01314	0.01573	0.07990	0.05485	0.72272	0.01442	0.00678	0.00194	0.00294	0.02725	0.00534	0.00486
50	0.01999	0.01138	0.01337	0.01094	0.01478	0.01175	0.00881	0.14349	0.27485	0.34260	0.05081	0.02017	0.01620	0.00746	0.00577	0.00181	0.00484	0.00608	0.02568	0.00922
51	0.01456	0.01070	0.01185	0.01055	0.01356	0.01168	0.00820	0.05836	0.46918	0.11772	0.07721	0.08318	0.06989	0.00912	0.00605	0.00193	0.00432	0.00770	0.00594	0.00830
52	0.11019	0.01243	0.04243	0.10272	0.44144	0.01233	0.01428	0.03454	0.01321	0.04084	0.08816	0.01802	0.01391	0.00625	0.00559	0.00177	0.00613	0.02427	0.00348	0.00799
53	0.01634	0.72266	0.02829	0.00983	0.01467	0.02120	0.00965	0.01821	0.01210	0.08931	0.00942	0.01021	0.00803	0.00511	0.00388	0.00128	0.00599	0.00333	0.00291	0.00758
54	0.02203	0.01470	0.01625	0.01255	0.01703	0.01589	0.01034	0.57834	0.06460	0.16501	0.01582	0.01516	0.01093	0.00695	0.00573	0.00174	0.00594	0.00533	0.00597	0.00969
55	0.01186	0.01017	0.01186	0.00847	0.01356	0.00762	0.00678	0.01440	0.01186	0.01864	0.01017	0.01186	0.00847	0.00424	0.00424	0.00085	0.00424	0.00339	0.00339	0.83395
56	0.01168	0.07256	0.72823	0.01594	0.02420	0.01380	0.02050	0.01806	0.01205	0.01786	0.01014	0.01191	0.00725	0.00540	0.00534	0.00178	0.00832	0.00416	0.00242	0.00839
57	0.00697	0.00498	0.00664	0.00796	0.00830	0.00465	0.00531	0.00796	0.01095	0.01460	0.03153	0.79525	0.03783	0.01792	0.00730	0.00232	0.00332	0.01626	0.00531	0.00465
58	0.01481	0.70410	0.12404	0.01062	0.01596	0.02144	0.01123	0.01725	0.01168	0.01405	0.00825	0.00954	0.00733	0.00496	0.00389	0.00130	0.00641	0.00321	0.00244	0.00748
59	0.02148	0.10031	0.07446	0.01185	0.01664	0.01149	0.06590	0.03958	0.07606	0.49316	0.01904	0.01749	0.01264	0.00659	0.00558	0.00174	0.00565	0.00546	0.00576	0.00916
60	0.02117	0.01574	0.01684	0.01304	0.01752	0.01747	0.01073	0.68952	0.08254	0.03512	0.01446	0.01432	0.01032	0.00693	0.00573	0.00173	0.00616	0.00525	0.00573	0.00968
61	0.02050	0.01281	0.01339	0.01098	0.01463	0.11508	0.00877	0.13419	0.10525	0.35366	0.12936	0.02103	0.01888	0.00765	0.00582	0.00175	0.00547	0.00615	0.00604	0.00858
62	0.00764	0.00563	0.00722	0.00817	0.00883	0.00546	0.00561	0.00997	0.06835	0.01616	0.10423	0.66021	0.03789	0.01651	0.00713	0.00224	0.00335	0.01491	0.00545	0.00506
63	0.00798	0.00576	0.00754	0.00727	0.00852	0.00532	0.00539	0.01051	0.01566	0.02210	0.68695	0.11845	0.05235	0.01232	0.00680	0.00185	0.00276	0.01094	0.00620	0.00532
64	0.00747	0.00582	0.00677	0.00654	0.00816	0.00513	0.00490	0.00958	0.01471	0.01941	0.42942	0.04853	0.38704	0.01301	0.00675	0.00186	0.00279	0.01116	0.00583	0.00513
65	0.83938	0.01106	0.00841	0.00752	0.01106	0.01283	0.00619	0.01681	0.00973	0.02566	0.00796	0.00929	0.00619	0.00531	0.00354	0.00177	0.00442	0.00310	0.00354	0.00619
66	0.01202	0.01275	0.07417	0.45343	0.14783	0.01298	0.09048	0.04505	0.02766	0.01715	0.03016	0.01634	0.02328	0.00590	0.00584	0.00186	0.00744	0.00548	0.00295	0.00721
67	0.00812	0.00586	0.00768	0.00727	0.00862	0.00542	0.00548	0.01082	0.01612	0.02281	0.74396	0.04321	0.05350	0.01179	0.00677	0.00182	0.00276	0.02631	0.00627	0.00539
68	0.00705	0.00517	0.00662	0.00759	0.00824	0.00474	0.00519	0.00827	0.01175	0.01553	0.10604	0.62103	0.13807	0.01685	0.00717	0.00222	0.00320	0.01511	0.00541	0.00474
69	0.10023	0.19251	0.38916	0.01468	0.02127	0.01536	0.10945	0.03589	0.01243	0.04470	0.01021	0.01189	0.00764	0.00532	0.00504	0.00169	0.00750	0.00426	0.00285	0.00796
70	0.83938	0.01106	0.00841	0.00752	0.01106	0.01283	0.00619	0.01681	0.00973	0.02566	0.00796	0.00929	0.00619	0.00531	0.00354	0.00177	0.00442	0.00310	0.00354	0.00619
71	0.00944	0.00690	0.00984	0.01164	0.04552	0.00690	0.00959	0.01211	0.01316	0.01719	0.02941	0.06226	0.03185	0.01532	0.00780	0.00259	0.00534	0.69255	0.00516	0.00544
72	0.09833	0.39929	0.31108	0.01287	0.04245	0.01775	0.01402	0.01749	0.01165	0.01666	0.00893	0.01046	0.00724	0.00515	0.00440	0.00152	0.00686	0.00358	0.00256	0.00771
73	0.00810	0.00585	0.00765	0.00720	0.00855	0.00540	0.00540	0.01079	0.01619	0.02294	0.76028	0.04273	0.05397	0.01169	0.00675	0.00180	0.00270	0.01034	0.00630	0.00540
74	0.00890	0.00603	0.00790	0.00733	0.00882	0.00554	0.00554	0.01158	0.01620	0.05710	0.72642	0.04166	0.05214	0.01148	0.00670	0.00180	0.00280	0.01013	0.00633	0.00560
75	0.04271	0.10657	0.49332	0.01642	0.07129	0.01386	0.06288	0.01892	0.01253	0.09332	0.01129	0.01276	0.00812	0.00548	0.00531	0.00174	0.00767	0.00443	0.00298	0.00838
76	0.01229	0.01162	0.01968	0.41887	0.36928	0.01292	0.01644	0.01587	0.01222	0.01655	0.01105	0.01625	0.00905	0.00574	0.00576	0.00183	0.00717	0.02707	0.00276	0.00756
77	0.00711	0.00586	0.00632	0.00658	0.00833	0.00506	0.00508	0.00870	0.01293	0.01563	0.05255	0.09985	0.61745	0.01487	0.00695	0.00205	0.00325	0.11124	0.00531	0.00488
78	0.39465	0.01134	0.01241	0.12736	0.01714	0.01285	0.00913	0.10177	0.01320	0.17180	0.01183	0.01298	0.00850	0.00626	0.00573	0.00184	0.06531	0.00431	0.00426	0.00733
79	0.01571	0.01638	0.09571	0.02069	0.06626	0.07148	0.44584	0.01986	0.01394	0.13599	0.01342	0.03449	0.01005	0.00565	0.00630	0.00185	0.00852	0.00627	0.00357	0.00802
80	0.00810	0.00585	0.00765	0.00720	0.00855	0.00540	0.00540	0.01079	0.01619	0.02294	0.76028	0.04273	0.05397	0.01169	0.00675	0.00180	0.00270	0.01034	0.00630	0.00540
81	0.01428	0.01324	0.02247	0.03077	0.60974	0.01287	0.06735	0.01765	0.01306	0.04497	0.01117	0.01420	0.00915	0.00506	0.00560	0.00163	0.00667	0.00506	0.00304	0.09199
82	0.01376	0.01179	0.01253	0.01130	0.01439	0.01355	0.00877	0.02889	0.69650	0.02385	0.07977	0.02298	0.02026	0.00806	0.00589	0.00193	0.00439	0.00676	0.00586	0.00877
83	0.00810	0.00585	0.00765	0.00720	0.00855	0.00540	0.00540	0.01079	0.01619	0.02294	0.76028	0.04273	0.05397	0.01169	0.00675	0.00180	0.00270	0.01034	0.00630	0.00540
84	0.01388	0.01514	0.02589	0.19877	0.18136	0.09696	0.34827	0.01781	0.01323	0.01708	0.01079	0.01457	0.00837	0.00520	0.00612	0.00183	0.00867	0.00570	0.00281	0.00756
85	0.01262	0.26242	0.54659	0.01434	0.02172	0.01610	0.01772	0.01782	0.01194	0.01671	0.00957	0.01120	0.00727	0.00527	0.00490	0.00163	0.00775	0.00387	0.00242	0.00812
86	0.02137	0.02726	0.01621	0.01474	0.01768	0.77602	0.01105	0.02284	0.01621	0.01400	0.00884	0.01031	0.00737	0.00589	0.00516	0.00147	0.01031	0.00368	0.00295	0.00663
87	0.01533	0.01227	0.01313	0.01160	0.01498	0.01398	0.00909	0.06022	0.67199	0.07537	0.02283	0.02089	0.01691	0.00768	0.00581	0.00192	0.00462	0.00636	0.00590	0.00913
88	0.19952	0.01372	0.01420	0.01139	0.01551	0.01519	0.00932	0.40104	0.13753	0.10415	0.01486	0.01454	0.01062	0.00669	0.00526	0.00177	0.00546	0.00497	0.00540	0.00885
89	0.02174	0.01602	0.01717	0.01316	0.01774	0.01774	0.01087	0.74423	0.02689	0.03605	0.01373	0.01373	0.00973	0.00687	0.00572	0.00172	0.00629	0.00515	0.00572	0.00973
90	0.01235	0.01015	0.01191	0.00853	0.01359	0.00765	0.00683	0.01488	0.01202	0.04495	0.01060	0.01213	0.00867	0.00434	0.00429	0.00088	0.00426	0.00347	0.00352	0.80497
91	0.00817	0.00613	0.00919	0.00919	0.01021	0.00715	0.00715	0.01021	0.00919	0.01328	0.01532	0.02247	0.01430	0.04290	0.77631	0.00919	0.01532	0.00613	0.00306	0.00511
92	0.00832	0.00555	0.00624	0.00624	0.00624	0.00555	0.00347	0.00832	0.00832	0.01109	0.01802	0.03743	0.02080	0.79898	0.02911	0.00555	0.00555	0.00832	0.00347	0.00347
93	0.01146	0.01104	0.01925	0.62492	0.13708	0.01296	0.07181	0.01530	0.01181	0.01545	0.01035	0.01511	0.00790	0.00557	0.00579	0.00188	0.00767	0.00521	0.00261	0.00683
94	0.00929	0.00623	0.00811	0.00748	0.00906	0.00578	0.00566	0.01227	0.03346	0.06748	0.69890	0.04083	0.05073	0.01133	0.00667	0.00180	0.00287	0.00998	0.00633	0.00574
95	0.02566	0.00973	0.01327	0.01018	0.01460	0.00841	0.00841	0.02788	0.01637	0.76726	0.02257	0.01947	0.01416	0.00708	0.00575	0.00177	0.00487	0.00575	0.00708	0.00973
96	0.01416	0.01359	0.02322	0.03511	0.76330	0.01359	0.01755	0.01755	0.01302	0.01869	0.01076	0.01416	0.00906	0.00510	0.00566	0.00170	0.00680	0.00510	0.00283	0.00906
97	0.00711	0.00509	0.00677	0.00787	0.00833	0.00474	0.00532	0.00832	0.01162	0.01566	0.12424	0.69951	0.03988	0.01713	0.00723	0.00226	0.00324	0.01551	0.00544	0.00474
98	0.00679	0.00580	0.00584	0.00583	0.00775	0.00484	0.00437	0.00827	0.01312	0.01564	0.07523	0.05474	0.74358	0.01442	0.00676	0.00193	0.00289	0.01203	0.00534	0.00484
99	0.83938	0.01106	0.00841	0.00752	0.01106	0.01283	0.00619	0.01681	0.00973	0.02566	0.00796	0.00929	0.00619	0.00531	0.00354	0.00177	0.00442	0.00310	0.00354	0.00619
100	0.01529	0.80242	0.02997	0.00979	0.01468	0.02263	0.00979	0.01713	0.01162	0.01346	0.00795	0.00918	0.00734	0.00489	0.00367	0.00122	0.00612	0.00306	0.00245	0.00734
101	0.01474	0.01378	0.02275	0.03343	0.70616	0.01391	0.01704	0.07325	0.01409	0.02002	0.01099	0.01412	0.00911	0.00523	0.00567	0.00170	0.00676	0.00510	0.00305	0.00911
102	0.01080	0.01017	0.01716	0.78523	0.03940	0.01271	0.01589	0.01461	0.01144	0.01461	0.01017	0.01525	0.00762	0.00572	0.00572	0.00191	0.00762	0.00508	0.00254	0.00635
103	0.02566	0.00973	0.01327	0.01018	0.01460	0.00841	0.00841	0.02788	0.01637	0.76726	0.02257	0.01947	0.01416	0.00708	0.00575	0.00177	0.00487	0.00575	0.00708	0.00973
104	0.00824	0.00600	0.00777	0.00730	0.00870	0.00561	0.00549	0.01127	0.03401	0.02296	0.74246	0.04221	0.05309	0.01160	0.00672	0.00180	0.00274	0.01025	0.00628	0.00549
105	0.00810	0.00585	0.00765	0.00720	0.00855	0.00540	0.00540	0.01079	0.01619	0.02294	0.76028	0.04273	0.05397	0.01169	0.00675	0.00180	0.00270	0.01034	0.00630	0.00540
106	0.02566	0.00973	0.01327	0.01018	0.01460	0.00841	0.00841	0.02788	0.01637	0.76726	0.02257	0.01947	0.01416	0.00708	0.00575	0.00177	0.00487	0.00575	0.00708	0.00973
107	0.01147	0.02959	0.76934	0.01630	0.02476	0.01328	0.02113	0.01811	0.01208	0.01811	0.01026	0.01208	0.00725	0.00543	0.00543	0.00181	0.00845	0.00423	0.00242	0.00845
108	0.01106	0.01043	0.01762	0.72774	0.09488	0.01278	0.01601	0.01484	0.01156	0.01493	0.01021	0.01517	0.00773	0.00567	0.00571	0.00189	0.00756	0.00508	0.00256	0.00656
109	0.81793	0.01119	0.00864	0.00767	0.01124	0.01296	0.00632	0.03590	0.01018	0.02594	0.00812	0.00941	0.00629	0.00535	0.00360	0.00177	0.00447	0.00315	0.00360	0.00629
110	0.00832	0.00555	0.00624	0.00624	0.00624	0.00555	0.00347	0.00832	0.00832	0.01109	0.01802	0.03743	0.02080	0.79898	0.02911	0.00555	0.00555	0.00832	0.00347	0.00347
111	0.02137	0.02726	0.01621	0.01474	0.01768	0.77602	0.01105	0.02284	0.01621	0.01400	0.00884	0.01031	0.00737	0.00589	0.00516	0.00147	0.01031	0.00368	0.00295	0.00663
112	0.01080	0.01017	0.01716	0.78523	0.03940	0.01271	0.01589	0.01461	0.01144	0.01461	0.01017	0.01525	0.00762	0.00572	0.00572	0.00191	0.00762	0.00508	0.00254	0.00635
113	0.01186	0.01017	0.01186	0.00847	0.01356	0.00762	0.00678	0.01440	0.01186	0.01864	0.01017	0.01186	0.00847	0.00424	0.00424	0.00085	0.00424	0.00339	0.00339	0.83395
114	0.00817	0.00613	0.00919	0.00919	0.01021	0.00715	0.00715	0.01021	0.00919	0.01328	0.01532	0.02247	0.01430	0.04290	0.77631	0.00919	0.01532	0.00613	0.00306	0.00511
115	0.01983	0.01593	0.07376	0.01291	0.01753	0.01610	0.01115	0.50612	0.15995	0.08326	0.01586	0.01542	0.01128	0.00694	0.00572	0.00177	0.00603	0.00537	0.00558	0.00950
116	0.01416	0.01359	0.02322	0.03511	0.76330	0.01359	0.01755	0.01755	0.01302	0.01869	0.01076	0.01416	0.00906	0.00510	0.00566	0.00170	0.00680	0.00510	0.00283	0.00906
117	0.00828	0.00676	0.03261	0.03894	0.01024	0.00590	0.00625	0.01092	0.01541	0.02158	0.63771	0.04075	0.09692	0.01166	0.00709	0.02465	0.00316	0.00990	0.00585	0.00542
118	0.00849	0.03899	0.01043	0.00996	0.05510	0.00685	0.05207	0.01058	0.01342	0.01780	0.25095	0.23201	0.22389	0.01301	0.00674	0.00197	0.00380	0.03327	0.00519	0.00550
119	0.00825	0.00696	0.00829	0.03889	0.01035	0.03071	0.02583	0.01052	0.01467	0.01921	0.40631	0.04470	0.32982	0.01218	0.00666	0.00185	0.00341	0.01050	0.00555	0.00531
120	0.04157	0.01285	0.01349	0.04316	0.01604	0.03447	0.00952	0.08337	0.60339	0.02400	0.02071	0.01959	0.01557	0.00754	0.00607	0.00192	0.02646	0.00609	0.00544	0.00876
121	0.01960	0.02371	0.01623	0.01606	0.08919	0.60321	0.01120	0.04270	0.04586	0.01570	0.03438	0.01303	0.00989	0.02788	0.00596	0.00164	0.00925	0.00432	0.00326	0.00693
122	0.01056	0.00570	0.00607	0.03091	0.00800	0.00588	0.00463	0.01317	0.01193	0.02066	0.01967	0.02225	0.04449	0.00704	0.00457	0.00141	0.02441	0.00559	0.74767	0.00537
