[name]
unknown

[dist]
# distance from previous block
# <min> <max>
0	44

[block]
# block no. 0 follows, 44 sequences, length 25
# corresponding to MSA columns:
# 44-68
name=unknown_A
#
# <colnr> <probs for GDERKNQSTAVLIFYWHMCP>
#	G	D	E	R	K	N	Q	S	T	A	V	L	I	F	Y	W	H	M	C	P
0	0.01415	0.00897	0.01116	0.01045	0.01298	0.00923	0.00881	0.15107	0.09292	0.15336	0.04573	0.04037	0.02331	0.01116	0.00656	0.00212	0.00499	0.38029	0.00548	0.00691
1	0.08675	0.01162	0.02602	0.01045	0.01429	0.01163	0.00867	0.29443	0.04970	0.26093	0.01588	0.01710	0.01155	0.00758	0.00637	0.05833	0.00514	0.03888	0.00527	0.05941
2	0.05517	0.02350	0.06317	0.00901	0.01195	0.03567	0.00744	0.07483	0.11734	0.11777	0.07480	0.03788	0.09886	0.15194	0.02742	0.00245	0.00503	0.00660	0.00454	0.07463
3	0.03778	0.23858	0.15736	0.01215	0.07624	0.02648	0.01088	0.01757	0.01206	0.13639	0.01094	0.01185	0.00838	0.00497	0.00443	0.00131	0.00567	0.00377	0.00332	0.21985
4	0.15380	0.01184	0.04653	0.00997	0.01363	0.06895	0.02308	0.05740	0.09870	0.10874	0.04318	0.02105	0.02443	0.00706	0.00509	0.00160	0.00506	0.10058	0.00432	0.19498
5	0.00805	0.00573	0.00703	0.00713	0.00813	0.00535	0.00493	0.03252	0.01180	0.02818	0.18647	0.34651	0.10321	0.16898	0.01065	0.00258	0.00357	0.01138	0.00487	0.04293
6	0.01360	0.00973	0.01159	0.00848	0.01307	0.00775	0.00683	0.05002	0.01278	0.13372	0.04050	0.01360	0.01059	0.00483	0.00441	0.00101	0.00416	0.00390	0.00397	0.64545
7	0.01214	0.01023	0.01213	0.06164	0.01497	0.00852	0.00742	0.08512	0.01265	0.01910	0.01002	0.01169	0.00814	0.00437	0.00427	0.00096	0.00444	0.00350	0.00339	0.70531
8	0.00794	0.05984	0.00877	0.00776	0.00869	0.00619	0.02981	0.00879	0.01010	0.01336	0.03933	0.45471	0.06291	0.17630	0.01154	0.04518	0.00405	0.01161	0.00427	0.02885
9	0.00656	0.00549	0.00572	0.00574	0.00746	0.00464	0.00428	0.00803	0.01259	0.01531	0.11659	0.08954	0.67189	0.01374	0.00647	0.00185	0.00277	0.01156	0.00514	0.00464
10	0.05716	0.04081	0.01331	0.01015	0.01391	0.07529	0.00830	0.13763	0.01639	0.45034	0.06827	0.01781	0.01429	0.00833	0.04109	0.00196	0.00563	0.00533	0.00568	0.00832
11	0.04785	0.11073	0.01473	0.00981	0.01402	0.01062	0.00829	0.07109	0.04385	0.58316	0.01882	0.01675	0.01230	0.00645	0.00517	0.00162	0.00485	0.00507	0.00596	0.00886
12	0.01284	0.01462	0.03166	0.02269	0.02803	0.01388	0.73031	0.01732	0.01272	0.01732	0.01090	0.01462	0.00824	0.00476	0.00681	0.00186	0.03500	0.00638	0.00275	0.00731
13	0.00670	0.00488	0.00631	0.00734	0.00787	0.00449	0.00498	0.00780	0.01097	0.01453	0.08256	0.67953	0.10925	0.01636	0.00687	0.00214	0.00308	0.01473	0.00512	0.00449
14	0.01724	0.07336	0.01935	0.01688	0.10331	0.38288	0.10458	0.08555	0.02745	0.01636	0.00942	0.01149	0.00774	0.00589	0.00656	0.00160	0.09603	0.00430	0.00300	0.00702
15	0.00836	0.00659	0.00948	0.00916	0.00988	0.00795	0.00706	0.00996	0.00860	0.01246	0.01392	0.02193	0.01353	0.13286	0.58819	0.00747	0.11892	0.00596	0.00290	0.00482
16	0.00669	0.00480	0.00636	0.00750	0.00791	0.00447	0.00504	0.00773	0.01074	0.01434	0.06818	0.74818	0.05443	0.01670	0.00692	0.00218	0.00312	0.01512	0.00511	0.00447
17	0.00797	0.00580	0.00759	0.06029	0.01032	0.00569	0.00591	0.04291	0.01185	0.02844	0.10830	0.53794	0.08916	0.04185	0.00738	0.00218	0.00357	0.01297	0.00497	0.00489
18	0.01698	0.01469	0.01510	0.01311	0.04175	0.16214	0.05975	0.22488	0.17487	0.08871	0.03893	0.04366	0.02908	0.00742	0.00564	0.00172	0.00619	0.04277	0.00477	0.00783
19	0.01359	0.04399	0.01773	0.01525	0.05015	0.15798	0.04925	0.01512	0.01018	0.01357	0.00794	0.01189	0.00742	0.00901	0.03437	0.00227	0.52696	0.00459	0.00251	0.00623
20	0.01709	0.01153	0.01297	0.01045	0.01348	0.01251	0.00829	0.42974	0.01893	0.10720	0.01491	0.01867	0.01212	0.15227	0.06813	0.00283	0.02821	0.00558	0.04753	0.00757
21	0.01256	0.01086	0.01270	0.09687	0.04930	0.04837	0.00841	0.06401	0.05698	0.03634	0.06230	0.01448	0.01159	0.00521	0.00467	0.00118	0.00485	0.00428	0.00365	0.49139
22	0.00849	0.07658	0.00966	0.00825	0.00926	0.00729	0.01979	0.03471	0.01090	0.01457	0.06154	0.50002	0.02884	0.12158	0.00982	0.00247	0.03957	0.01184	0.00445	0.02038
23	0.01387	0.03324	0.01309	0.01020	0.03607	0.01054	0.00791	0.19018	0.08719	0.03833	0.01326	0.06554	0.01115	0.00592	0.00477	0.00125	0.00460	0.00481	0.00413	0.44395
24	0.00756	0.00548	0.00646	0.00650	0.00778	0.00489	0.00466	0.00909	0.01259	0.04039	0.25298	0.19751	0.32319	0.08591	0.00845	0.00219	0.00308	0.01131	0.00523	0.00475

[dist]
# distance from previous block
# <min> <max>
0	3

[block]
# block no. 1 follows, 44 sequences, length 11
# corresponding to MSA columns:
# 107-117
name=unknown_B
#
# <colnr> <probs for GDERKNQSTAVLIFYWHMCP>
#	G	D	E	R	K	N	Q	S	T	A	V	L	I	F	Y	W	H	M	C	P
0	0.01302	0.01295	0.02351	0.11386	0.54517	0.01303	0.16439	0.01657	0.01234	0.01732	0.01035	0.01385	0.00841	0.00487	0.00561	0.00168	0.00711	0.00517	0.00268	0.00810
1	0.00740	0.00556	0.00685	0.00653	0.00795	0.00501	0.00490	0.00968	0.01469	0.02011	0.59519	0.04361	0.22886	0.01180	0.00643	0.00175	0.00262	0.01026	0.00577	0.00501
2	0.10959	0.23287	0.42530	0.01227	0.01841	0.01444	0.01444	0.01682	0.01147	0.04243	0.04815	0.01219	0.00930	0.00538	0.00460	0.00157	0.00662	0.00395	0.00277	0.00742
3	0.11646	0.01635	0.02233	0.01706	0.02114	0.19409	0.36014	0.04524	0.01305	0.01764	0.00969	0.01238	0.00763	0.00534	0.00649	0.00170	0.07367	0.00496	0.00294	0.05170
4	0.00856	0.00616	0.00802	0.00879	0.04499	0.00580	0.00640	0.01048	0.01262	0.04240	0.21048	0.09220	0.18712	0.10997	0.00930	0.00243	0.00394	0.22031	0.00501	0.00503
5	0.00954	0.00577	0.00881	0.16837	0.01333	0.00625	0.00682	0.00892	0.00836	0.01138	0.01117	0.05738	0.01072	0.01520	0.01609	0.56686	0.00502	0.00534	0.06126	0.00342
6	0.01960	0.01432	0.01657	0.01469	0.10889	0.01537	0.01079	0.58157	0.02265	0.07907	0.01311	0.01340	0.00940	0.00622	0.00538	0.00160	0.00587	0.00485	0.00509	0.05157
7	0.67866	0.01125	0.00956	0.00814	0.01171	0.01280	0.00671	0.13557	0.01218	0.05843	0.00907	0.00995	0.00677	0.00537	0.00380	0.00168	0.00452	0.00338	0.00385	0.00659
8	0.12357	0.11525	0.01383	0.00992	0.01266	0.12374	0.00816	0.16071	0.01422	0.04605	0.01172	0.01335	0.00927	0.00630	0.00597	0.00155	0.10203	0.00424	0.21077	0.00668
9	0.01291	0.01427	0.11311	0.18376	0.49572	0.01295	0.01650	0.05391	0.01267	0.01781	0.01023	0.01344	0.00818	0.00510	0.00538	0.00167	0.00680	0.00476	0.00273	0.00808
10	0.01493	0.05434	0.01352	0.01110	0.01363	0.25556	0.02293	0.16060	0.03660	0.01769	0.01593	0.01904	0.07967	0.07724	0.14415	0.00312	0.02925	0.00544	0.01893	0.00633

[dist]
# distance from previous block
# <min> <max>
0	1

[block]
# block no. 2 follows, 44 sequences, length 50
# corresponding to MSA columns:
# 119-168
name=unknown_C
#
# <colnr> <probs for GDERKNQSTAVLIFYWHMCP>
#	G	D	E	R	K	N	Q	S	T	A	V	L	I	F	Y	W	H	M	C	P
0	0.21434	0.01106	0.01202	0.02935	0.01381	0.01167	0.00798	0.10391	0.12083	0.05580	0.01164	0.01270	0.00905	0.00582	0.00586	0.00150	0.09052	0.00409	0.00391	0.27412
1	0.30159	0.01119	0.01328	0.20922	0.10055	0.02953	0.01029	0.10286	0.01225	0.03308	0.01081	0.01348	0.02602	0.02111	0.02252	0.00193	0.04335	0.00437	0.00333	0.02925
2	0.03622	0.00656	0.00773	0.00744	0.00872	0.00661	0.00540	0.03449	0.02754	0.01507	0.06794	0.17420	0.20868	0.16673	0.08771	0.02594	0.04733	0.00928	0.00422	0.05219
3	0.01181	0.00758	0.00906	0.00854	0.01021	0.00756	0.00628	0.16132	0.01394	0.10698	0.02535	0.36771	0.07369	0.12901	0.00950	0.00247	0.00425	0.03380	0.00508	0.00584
4	0.01458	0.81168	0.02857	0.00933	0.01399	0.02157	0.00933	0.01632	0.01108	0.01283	0.00758	0.00875	0.00700	0.00466	0.00350	0.00117	0.00583	0.00292	0.00233	0.00700
5	0.01030	0.00969	0.01635	0.79530	0.03755	0.01211	0.01514	0.01393	0.01090	0.01393	0.00969	0.01453	0.00727	0.00545	0.00545	0.00182	0.00727	0.00484	0.00242	0.00606
6	0.00793	0.00529	0.00595	0.00595	0.00595	0.00529	0.00330	0.00793	0.00793	0.01057	0.01718	0.03568	0.01982	0.80840	0.02775	0.00529	0.00529	0.00793	0.00330	0.00330
7	0.01554	0.01270	0.01344	0.01150	0.01493	0.01449	0.00911	0.23013	0.56016	0.02600	0.01967	0.01833	0.01460	0.00716	0.00552	0.00179	0.00478	0.00582	0.00552	0.00881
8	0.00672	0.00483	0.00638	0.00748	0.00791	0.00449	0.00504	0.00782	0.01089	0.01458	0.09092	0.72377	0.05590	0.01652	0.00690	0.00216	0.00310	0.01494	0.00514	0.00449
9	0.03366	0.00670	0.00862	0.00819	0.00971	0.00646	0.01986	0.07068	0.01362	0.10067	0.25121	0.35136	0.03402	0.05019	0.00739	0.00208	0.00361	0.01098	0.00539	0.00560
10	0.00669	0.00555	0.00587	0.00585	0.00759	0.00473	0.00443	0.00827	0.01284	0.01575	0.15150	0.05116	0.65089	0.01349	0.00648	0.00185	0.00281	0.03439	0.00519	0.00469
11	0.01184	0.01001	0.01159	0.00833	0.01315	0.00781	0.00668	0.05576	0.01212	0.01870	0.00988	0.01141	0.00814	0.00418	0.00412	0.00085	0.00415	0.00332	0.00336	0.79461
12	0.00816	0.00548	0.00695	0.00695	0.00750	0.00587	0.00476	0.00926	0.00871	0.01265	0.01623	0.02805	0.01661	0.40081	0.32581	0.00615	0.00863	0.00673	0.11053	0.00415
13	0.00998	0.00510	0.00515	0.00515	0.00632	0.00510	0.00377	0.01232	0.01115	0.01953	0.01774	0.02157	0.01445	0.07151	0.00576	0.00160	0.00276	0.00531	0.77081	0.00494
14	0.00664	0.00474	0.00633	0.00759	0.00791	0.00443	0.00506	0.00759	0.01044	0.01392	0.03005	0.80485	0.03606	0.01708	0.00696	0.00221	0.00316	0.01550	0.00506	0.00443
15	0.01422	0.63528	0.16107	0.01058	0.01583	0.01977	0.01129	0.05150	0.01184	0.01463	0.00823	0.00944	0.00709	0.00484	0.00389	0.00129	0.00623	0.00321	0.00247	0.00729
16	0.00930	0.00728	0.00907	0.00852	0.00992	0.02667	0.00640	0.01207	0.07463	0.02795	0.05641	0.02439	0.03678	0.17288	0.39472	0.00580	0.03435	0.00631	0.00351	0.07304
17	0.00713	0.00567	0.00641	0.00626	0.00786	0.00503	0.00468	0.00930	0.03161	0.01773	0.33840	0.07219	0.44286	0.01270	0.00643	0.00180	0.00274	0.01086	0.00545	0.00491
18	0.01243	0.01180	0.01984	0.16436	0.54816	0.01256	0.01547	0.01553	0.01166	0.01650	0.01031	0.01417	0.00868	0.00786	0.06345	0.00222	0.04966	0.00492	0.00265	0.00776
19	0.00950	0.00475	0.00701	0.00701	0.00707	0.00475	0.00469	0.00736	0.00730	0.00996	0.00985	0.01674	0.00967	0.01837	0.02052	0.80342	0.00464	0.00475	0.04015	0.00249
20	0.01428	0.74804	0.08962	0.00983	0.01477	0.02085	0.01021	0.01640	0.01111	0.01319	0.00776	0.00897	0.00699	0.00471	0.00363	0.00121	0.00601	0.00301	0.00233	0.00708
21	0.00747	0.00553	0.00676	0.00647	0.00774	0.00504	0.00473	0.00950	0.01396	0.01909	0.53539	0.04267	0.20182	0.09966	0.00878	0.00214	0.00291	0.01000	0.00550	0.00483
22	0.00687	0.00558	0.00615	0.00630	0.00793	0.00485	0.00484	0.00850	0.01270	0.01572	0.13634	0.08843	0.56577	0.01379	0.00659	0.00192	0.00302	0.09482	0.00517	0.00471
23	0.00781	0.00574	0.00827	0.00827	0.00907	0.00655	0.00620	0.00942	0.00862	0.01229	0.01506	0.02392	0.01472	0.17572	0.65345	0.00815	0.01297	0.00621	0.00299	0.00459
24	0.01947	0.15062	0.01762	0.01317	0.01640	0.60181	0.01033	0.08056	0.01558	0.01497	0.00867	0.00992	0.00720	0.00554	0.00473	0.00139	0.00888	0.00353	0.00295	0.00667
25	0.06040	0.00943	0.01184	0.00932	0.01304	0.00883	0.00763	0.11252	0.01617	0.52935	0.08001	0.01936	0.01572	0.00697	0.00532	0.00165	0.00445	0.00561	0.07395	0.00844
26	0.03133	0.03728	0.30945	0.01378	0.01848	0.04711	0.14242	0.01491	0.01209	0.02854	0.07900	0.14139	0.01746	0.02456	0.00631	0.00192	0.00665	0.05720	0.00345	0.00668
27	0.01266	0.04807	0.01274	0.01042	0.01225	0.04247	0.00830	0.20416	0.01338	0.01825	0.01286	0.01852	0.01171	0.12041	0.28871	0.00472	0.13137	0.00545	0.01743	0.00614
28	0.01223	0.00991	0.01154	0.00840	0.01312	0.00784	0.00673	0.03344	0.04749	0.05224	0.01089	0.01210	0.00875	0.00438	0.00421	0.00092	0.00413	0.00351	0.00355	0.74464
29	0.01107	0.00874	0.01115	0.04941	0.10883	0.04913	0.00853	0.06425	0.02761	0.06109	0.03640	0.29058	0.04119	0.03937	0.07065	0.00264	0.02318	0.08583	0.00438	0.00596
30	0.01681	0.06296	0.01229	0.00914	0.01218	0.00940	0.00739	0.12813	0.04712	0.30727	0.23162	0.02330	0.02302	0.00884	0.00690	0.06987	0.00433	0.00644	0.00564	0.00736
31	0.02095	0.00939	0.01229	0.00927	0.01365	0.00781	0.00760	0.02314	0.01446	0.57503	0.01835	0.01662	0.01205	0.00602	0.00510	0.00145	0.00448	0.00488	0.00581	0.23167
32	0.01130	0.00969	0.01130	0.00807	0.01292	0.00727	0.00646	0.01373	0.01130	0.01776	0.00969	0.01130	0.00807	0.00404	0.00404	0.00081	0.00404	0.00323	0.00323	0.84173
33	0.01458	0.81168	0.02857	0.00933	0.01399	0.02157	0.00933	0.01632	0.01108	0.01283	0.00758	0.00875	0.00700	0.00466	0.00350	0.00117	0.00583	0.00292	0.00233	0.00700
34	0.00744	0.00551	0.00662	0.00637	0.00757	0.00504	0.00458	0.00928	0.01339	0.01816	0.46544	0.04272	0.22209	0.15028	0.01014	0.00237	0.00309	0.00993	0.00530	0.00469
35	0.00684	0.00554	0.00609	0.00605	0.00770	0.00479	0.00456	0.00855	0.01313	0.01655	0.23343	0.06872	0.54931	0.01326	0.00649	0.00184	0.00280	0.03430	0.00530	0.00475
36	0.00793	0.00529	0.00595	0.00595	0.00595	0.00529	0.00330	0.00793	0.00793	0.01057	0.01718	0.03568	0.01982	0.80840	0.02775	0.00529	0.00529	0.00793	0.00330	0.00330
37	0.62153	0.01082	0.00963	0.00811	0.01175	0.01197	0.00668	0.09345	0.01193	0.13544	0.01024	0.01077	0.00741	0.00543	0.00391	0.00166	0.00446	0.00353	0.00408	0.02720
38	0.01471	0.01012	0.01250	0.00916	0.01383	0.00831	0.02795	0.06254	0.02676	0.17705	0.01262	0.01318	0.00944	0.00483	0.00452	0.00109	0.00443	0.00394	0.00413	0.57887
39	0.04801	0.28647	0.41816	0.01283	0.01875	0.01578	0.01494	0.01641	0.01110	0.01586	0.02515	0.01114	0.00787	0.00549	0.00560	0.00159	0.07124	0.00380	0.00244	0.00738
40	0.01427	0.77527	0.02767	0.00930	0.01380	0.02091	0.00921	0.01603	0.01097	0.01282	0.00790	0.00932	0.00730	0.00630	0.03889	0.00151	0.00623	0.00305	0.00236	0.00690
41	0.01229	0.14775	0.60242	0.01434	0.02157	0.01438	0.01768	0.07715	0.01259	0.01797	0.00971	0.01121	0.00711	0.00521	0.00494	0.00163	0.00755	0.00393	0.00256	0.00799
42	0.14001	0.27586	0.03437	0.04099	0.04868	0.20026	0.00991	0.07019	0.07173	0.03130	0.00979	0.01095	0.00795	0.00548	0.00463	0.00148	0.02248	0.00372	0.00317	0.00704
43	0.00793	0.00529	0.00595	0.00595	0.00595	0.00529	0.00330	0.00793	0.00793	0.01057	0.01718	0.03568	0.01982	0.80840	0.02775	0.00529	0.00529	0.00793	0.00330	0.00330
44	0.01159	0.04780	0.02080	0.11930	0.02114	0.01391	0.24263	0.01433	0.01086	0.01519	0.04724	0.03878	0.01184	0.00785	0.01057	0.00206	0.30593	0.04896	0.00290	0.00632
45	0.01132	0.00983	0.01203	0.03109	0.01406	0.00759	0.02758	0.01384	0.01134	0.01765	0.00973	0.01149	0.00806	0.00409	0.00414	0.00087	0.00427	0.00337	0.00319	0.79446
46	0.00756	0.00508	0.00633	0.00691	0.00730	0.00504	0.00454	0.00848	0.00955	0.01338	0.02287	0.38574	0.02598	0.27623	0.09777	0.00382	0.00503	0.01087	0.09334	0.00418
47	0.06674	0.00966	0.01216	0.06071	0.04389	0.01078	0.00877	0.15169	0.01416	0.08177	0.11308	0.09753	0.05752	0.02252	0.02542	0.00209	0.14000	0.04149	0.01833	0.02169
48	0.05815	0.19891	0.01459	0.00913	0.01225	0.02907	0.00770	0.08471	0.08827	0.10088	0.10672	0.05690	0.04818	0.02383	0.02433	0.00185	0.00493	0.06153	0.02375	0.04431
49	0.05643	0.04829	0.02832	0.01051	0.05507	0.07268	0.00783	0.08129	0.11425	0.01867	0.10928	0.09693	0.12604	0.02892	0.08940	0.00255	0.00578	0.02074	0.00437	0.02265

[dist]
# distance from previous block
# <min> <max>
2	15

[block]
# block no. 3 follows, 44 sequences, length 66
# corresponding to MSA columns:
# 184-249
name=unknown_D
#
# <colnr> <probs for GDERKNQSTAVLIFYWHMCP>
#	G	D	E	R	K	N	Q	S	T	A	V	L	I	F	Y	W	H	M	C	P
0	0.03298	0.09736	0.06198	0.02300	0.03215	0.07167	0.00821	0.07435	0.03862	0.01723	0.04057	0.21939	0.07712	0.02257	0.00582	0.00170	0.00493	0.02854	0.00402	0.13779
1	0.01334	0.02791	0.04819	0.08024	0.36968	0.03681	0.02995	0.08941	0.01363	0.03980	0.01502	0.03849	0.04476	0.00665	0.00547	0.00169	0.00600	0.05483	0.07057	0.00755
2	0.06929	0.01778	0.01583	0.01516	0.11206	0.27702	0.01075	0.32436	0.01852	0.02325	0.01090	0.01226	0.00848	0.00793	0.05067	0.00197	0.00775	0.00436	0.00393	0.00773
3	0.03114	0.00955	0.01017	0.00858	0.01133	0.03629	0.00677	0.21371	0.01565	0.10077	0.03034	0.05656	0.09194	0.02804	0.05110	0.00203	0.00491	0.00615	0.21365	0.07133
4	0.00669	0.00476	0.00631	0.00753	0.00784	0.00446	0.00500	0.00760	0.01035	0.01380	0.02960	0.77789	0.03549	0.04481	0.00769	0.00232	0.00324	0.01523	0.00500	0.00439
5	0.03745	0.02924	0.01362	0.08819	0.06251	0.05655	0.00933	0.20137	0.09496	0.17595	0.01590	0.05211	0.01215	0.00715	0.00569	0.02559	0.00534	0.00548	0.09375	0.00768
6	0.06525	0.43985	0.12799	0.05950	0.01726	0.09450	0.04181	0.01692	0.02414	0.01482	0.00873	0.01041	0.00733	0.00511	0.00452	0.00141	0.02698	0.00355	0.02300	0.00692
7	0.00947	0.00473	0.00710	0.00710	0.00710	0.00473	0.00473	0.00710	0.00710	0.00947	0.00947	0.01657	0.00947	0.01894	0.02131	0.84138	0.00473	0.00473	0.00237	0.00237
8	0.01815	0.27324	0.01944	0.01234	0.01579	0.48030	0.01004	0.03896	0.05798	0.01426	0.00908	0.01018	0.00763	0.00544	0.00452	0.00136	0.00815	0.00351	0.00288	0.00674
9	0.01494	0.01300	0.01187	0.01026	0.01274	0.17041	0.00805	0.24747	0.01646	0.02157	0.05945	0.01896	0.05331	0.02920	0.11282	0.00262	0.03625	0.00548	0.14856	0.00660
10	0.01285	0.01260	0.06547	0.29347	0.39774	0.01239	0.04855	0.01640	0.01204	0.06073	0.01072	0.01408	0.00833	0.00518	0.00545	0.00171	0.00686	0.00491	0.00282	0.00769
11	0.01491	0.78452	0.02803	0.00934	0.01399	0.02111	0.00928	0.01667	0.01123	0.03874	0.00805	0.00908	0.00722	0.00473	0.00357	0.00118	0.00579	0.00300	0.00248	0.00707
12	0.01235	0.01033	0.01186	0.00864	0.01337	0.00847	0.00693	0.09118	0.03709	0.01965	0.01045	0.01178	0.00848	0.00441	0.00423	0.00093	0.00425	0.00350	0.00354	0.72857
13	0.03828	0.01331	0.04039	0.05139	0.05352	0.01417	0.01025	0.29324	0.31465	0.08705	0.01681	0.01632	0.01223	0.00668	0.00543	0.00174	0.00533	0.00537	0.00515	0.00870
14	0.13439	0.01022	0.01518	0.45220	0.07316	0.01189	0.04777	0.03570	0.05771	0.04191	0.01147	0.02979	0.00888	0.00577	0.00515	0.00176	0.00628	0.00497	0.03929	0.00653
15	0.00664	0.00474	0.00633	0.00759	0.00791	0.00443	0.00506	0.00759	0.01044	0.01392	0.03005	0.80485	0.03606	0.01708	0.00696	0.00221	0.00316	0.01550	0.00506	0.00443
16	0.00735	0.00535	0.00704	0.00802	0.00852	0.00527	0.00568	0.00881	0.02783	0.01439	0.04867	0.58676	0.03345	0.07749	0.00886	0.00247	0.02280	0.11178	0.00489	0.00457
17	0.01578	0.00974	0.01239	0.08158	0.05916	0.01003	0.00875	0.15002	0.10841	0.22514	0.09769	0.10361	0.03774	0.00827	0.00568	0.00175	0.00467	0.00702	0.04496	0.00761
18	0.00682	0.00487	0.00631	0.00731	0.00771	0.00456	0.00486	0.00778	0.01055	0.01406	0.06998	0.65916	0.06477	0.09297	0.00891	0.00247	0.00332	0.01430	0.00494	0.00437
19	0.00695	0.00548	0.00627	0.00621	0.00771	0.00479	0.00460	0.00875	0.01341	0.01739	0.32704	0.11137	0.43452	0.01306	0.00648	0.00182	0.00272	0.01121	0.00542	0.00479
20	0.01110	0.01216	0.06029	0.01680	0.07779	0.03638	0.27457	0.01396	0.01170	0.01613	0.08038	0.17956	0.01753	0.00891	0.00853	0.01608	0.14041	0.00795	0.00342	0.00634
21	0.11500	0.02099	0.47201	0.01443	0.02056	0.01178	0.11759	0.01631	0.01127	0.03681	0.01153	0.05909	0.00944	0.03427	0.02424	0.00205	0.00742	0.00511	0.00282	0.00727
22	0.00666	0.00483	0.00625	0.00737	0.00781	0.00446	0.00494	0.00762	0.01055	0.01391	0.03192	0.72097	0.09955	0.03591	0.00742	0.00226	0.00318	0.01497	0.00502	0.00442
23	0.01030	0.00969	0.01635	0.79530	0.03755	0.01211	0.01514	0.01393	0.01090	0.01393	0.00969	0.01453	0.00727	0.00545	0.00545	0.00182	0.00727	0.00484	0.00242	0.00606
24	0.08594	0.41196	0.19725	0.01151	0.04032	0.06391	0.01150	0.01650	0.01151	0.03086	0.02915	0.04844	0.00959	0.00568	0.00430	0.00144	0.00624	0.00410	0.00277	0.00703
25	0.00997	0.01006	0.06221	0.07733	0.05159	0.02009	0.19112	0.02845	0.01174	0.03113	0.03254	0.38003	0.02213	0.03661	0.00710	0.00209	0.00567	0.01028	0.00397	0.00590
26	0.00779	0.00584	0.00876	0.00876	0.00974	0.00681	0.00681	0.00974	0.00876	0.01266	0.01460	0.02142	0.01363	0.04089	0.78680	0.00876	0.01460	0.00584	0.00292	0.00487
27	0.00914	0.00707	0.00896	0.00998	0.06861	0.02626	0.00702	0.03692	0.01358	0.03453	0.25308	0.18810	0.13941	0.01258	0.00659	0.00197	0.00387	0.16174	0.00514	0.00544
28	0.01675	0.05755	0.14410	0.02618	0.01816	0.01164	0.13719	0.11822	0.01498	0.26532	0.05412	0.06172	0.01356	0.00686	0.00595	0.00174	0.02741	0.00596	0.00459	0.00799
29	0.00779	0.00583	0.00870	0.00870	0.00965	0.00678	0.00673	0.00969	0.00874	0.01261	0.01466	0.02175	0.01377	0.05858	0.76930	0.00868	0.01439	0.00589	0.00293	0.00483
30	0.01282	0.01456	0.03136	0.02253	0.02775	0.01394	0.71586	0.01724	0.01263	0.01724	0.01083	0.01456	0.00821	0.00485	0.00703	0.00187	0.05036	0.00635	0.00274	0.00728
31	0.01210	0.01104	0.01866	0.39129	0.38226	0.01215	0.01536	0.01530	0.01159	0.03341	0.01022	0.01421	0.00813	0.00567	0.00598	0.03114	0.00675	0.00486	0.00265	0.00721
32	0.01313	0.01249	0.02125	0.11690	0.63651	0.01277	0.03500	0.03104	0.01252	0.01766	0.01080	0.01500	0.00914	0.00524	0.00549	0.00167	0.00658	0.02579	0.00279	0.00823
33	0.01051	0.00986	0.01687	0.63143	0.09661	0.01171	0.05305	0.01400	0.01112	0.01460	0.01104	0.05452	0.00906	0.00597	0.00553	0.00181	0.00698	0.00547	0.02365	0.00623
34	0.00816	0.00569	0.00733	0.00685	0.00827	0.00520	0.00516	0.01063	0.01521	0.04572	0.69296	0.04090	0.10492	0.01121	0.00640	0.00172	0.00265	0.00984	0.00595	0.00524
35	0.41950	0.01601	0.25492	0.01049	0.01537	0.01184	0.01098	0.01803	0.01098	0.14362	0.01052	0.01137	0.00749	0.00552	0.00478	0.00172	0.03240	0.00377	0.00354	0.00714
36	0.03065	0.06854	0.51758	0.01736	0.08160	0.01314	0.13324	0.01697	0.01175	0.01722	0.01048	0.01364	0.00806	0.00537	0.00533	0.00173	0.00779	0.02922	0.00252	0.00778
37	0.00744	0.00540	0.00701	0.00694	0.00806	0.00497	0.00508	0.00962	0.01428	0.01991	0.58716	0.19502	0.08376	0.01247	0.00654	0.00182	0.00270	0.01107	0.00577	0.00497
38	0.01499	0.67409	0.02718	0.01147	0.06131	0.04239	0.02832	0.05965	0.01218	0.01452	0.00817	0.00947	0.00726	0.00481	0.00384	0.00124	0.00608	0.00325	0.00256	0.00722
39	0.01458	0.81168	0.02857	0.00933	0.01399	0.02157	0.00933	0.01632	0.01108	0.01283	0.00758	0.00875	0.00700	0.00466	0.00350	0.00117	0.00583	0.00292	0.00233	0.00700
40	0.01713	0.34645	0.18974	0.01102	0.01628	0.01521	0.01139	0.06508	0.01344	0.24644	0.01262	0.01259	0.00908	0.00552	0.00459	0.00148	0.00597	0.00406	0.00385	0.00806
41	0.01030	0.00969	0.01635	0.79530	0.03755	0.01211	0.01514	0.01393	0.01090	0.01393	0.00969	0.01453	0.00727	0.00545	0.00545	0.00182	0.00727	0.00484	0.00242	0.00606
42	0.00697	0.00502	0.00660	0.00731	0.00797	0.00465	0.00506	0.00843	0.01203	0.01638	0.25889	0.54950	0.06057	0.01517	0.00678	0.00205	0.00297	0.01366	0.00535	0.00465
43	0.01374	0.01278	0.02032	0.07391	0.59006	0.03012	0.01536	0.01763	0.06389	0.04329	0.01119	0.01402	0.00914	0.00543	0.00617	0.00169	0.05504	0.00493	0.00300	0.00829
44	0.00793	0.00529	0.00595	0.00595	0.00595	0.00529	0.00330	0.00793	0.00793	0.01057	0.01718	0.03568	0.01982	0.80840	0.02775	0.00529	0.00529	0.00793	0.00330	0.00330
45	0.01093	0.02820	0.78016	0.01554	0.02360	0.01266	0.02014	0.01727	0.01151	0.01727	0.00978	0.01151	0.00691	0.00518	0.00518	0.00173	0.00806	0.00403	0.00230	0.00806
46	0.00684	0.00547	0.00617	0.00650	0.00796	0.00480	0.00490	0.00837	0.01234	0.01536	0.10857	0.18539	0.49933	0.01430	0.00665	0.00197	0.00307	0.09218	0.00514	0.00466
47	0.04132	0.01569	0.01562	0.01224	0.01632	0.08427	0.01000	0.64304	0.02375	0.03169	0.01272	0.01298	0.00917	0.00642	0.00529	0.00160	0.00616	0.00474	0.03820	0.00876
48	0.01356	0.01171	0.01233	0.01109	0.01418	0.01356	0.00863	0.02897	0.76455	0.02281	0.02219	0.02034	0.01664	0.00740	0.00555	0.00185	0.00431	0.00616	0.00555	0.00863
49	0.00735	0.00558	0.00688	0.00726	0.00856	0.00510	0.00562	0.00924	0.01293	0.01687	0.23794	0.17912	0.28455	0.01393	0.00677	0.00202	0.00329	0.17686	0.00531	0.00481
50	0.00868	0.00687	0.05469	0.00821	0.00951	0.00564	0.00635	0.01027	0.01150	0.07850	0.10422	0.54483	0.06679	0.01436	0.00688	0.00206	0.02387	0.01276	0.01882	0.00518
51	0.01975	0.01328	0.01470	0.01149	0.01550	0.01427	0.00935	0.50402	0.09933	0.15578	0.01554	0.01576	0.01120	0.04418	0.00647	0.00182	0.00551	0.00523	0.00552	0.03129
52	0.01056	0.00993	0.01636	0.52837	0.20067	0.01140	0.01418	0.01383	0.01143	0.01490	0.01527	0.01884	0.09914	0.00632	0.00556	0.00178	0.00655	0.00565	0.00280	0.00647
53	0.01131	0.02583	0.65800	0.01783	0.10170	0.01276	0.06259	0.01722	0.01168	0.01733	0.00991	0.01190	0.00716	0.00511	0.00528	0.00172	0.00796	0.00425	0.00237	0.00808
54	0.79578	0.05976	0.00928	0.00730	0.01076	0.01280	0.00611	0.01604	0.00939	0.02375	0.00759	0.00885	0.00597	0.00504	0.00338	0.00165	0.00432	0.00295	0.00331	0.00597
55	0.00648	0.00537	0.00568	0.00594	0.00747	0.00457	0.00433	0.00778	0.01203	0.01456	0.05017	0.20364	0.62427	0.01446	0.00655	0.00192	0.00284	0.01231	0.00506	0.00457
56	0.01093	0.02820	0.78016	0.01554	0.02360	0.01266	0.02014	0.01727	0.01151	0.01727	0.00978	0.01151	0.00691	0.00518	0.00518	0.00173	0.00806	0.00403	0.00230	0.00806
57	0.00841	0.00603	0.00825	0.00891	0.01018	0.00587	0.00749	0.01094	0.01357	0.01828	0.29225	0.05413	0.03849	0.01367	0.00714	0.00223	0.00415	0.47957	0.00537	0.00506
58	0.07799	0.01001	0.01366	0.01116	0.01363	0.01107	0.11562	0.15656	0.01355	0.03767	0.01373	0.04154	0.01130	0.01038	0.08665	0.00242	0.12021	0.00546	0.24093	0.00646
59	0.00807	0.00590	0.00775	0.00865	0.00966	0.00580	0.00680	0.01055	0.04957	0.01599	0.08917	0.31078	0.06806	0.04279	0.00780	0.00238	0.00406	0.33621	0.00508	0.00493
60	0.02938	0.01082	0.01171	0.00979	0.01270	0.03091	0.00777	0.31434	0.09228	0.05624	0.24561	0.05107	0.08629	0.00890	0.00584	0.00171	0.00446	0.00735	0.00553	0.00729
61	0.01817	0.01365	0.01473	0.01159	0.01557	0.01484	0.00944	0.54996	0.11171	0.03009	0.01449	0.01588	0.01103	0.03266	0.00609	0.00172	0.00552	0.02347	0.01898	0.08043
62	0.36115	0.06153	0.02738	0.00909	0.01252	0.08590	0.00755	0.14720	0.01369	0.06653	0.01461	0.05274	0.06903	0.00673	0.00450	0.00163	0.00506	0.00486	0.02348	0.02482
63	0.06587	0.00966	0.01053	0.00874	0.01177	0.04922	0.00688	0.09906	0.05076	0.19699	0.20627	0.02528	0.08861	0.03957	0.00635	0.00173	0.00430	0.00664	0.00524	0.10654
64	0.06183	0.54088	0.24255	0.01098	0.01654	0.01848	0.01223	0.01658	0.01110	0.01477	0.00821	0.00954	0.00691	0.00483	0.00397	0.00136	0.00637	0.00324	0.00238	0.00724
65	0.06164	0.01275	0.01937	0.23142	0.48925	0.06021	0.01530	0.01626	0.01202	0.01690	0.00984	0.01327	0.00802	0.00507	0.00526	0.00166	0.00676	0.00466	0.00267	0.00765

[dist]
# distance from previous block
# <min> <max>
0	1

[block]
# block no. 4 follows, 44 sequences, length 10
# corresponding to MSA columns:
# 251-260
name=unknown_E
#
# <colnr> <probs for GDERKNQSTAVLIFYWHMCP>
#	G	D	E	R	K	N	Q	S	T	A	V	L	I	F	Y	W	H	M	C	P
0	0.01370	0.10908	0.53490	0.01423	0.02115	0.01289	0.05095	0.01874	0.01222	0.14504	0.01158	0.01255	0.00809	0.00536	0.00511	0.00166	0.00729	0.00426	0.00308	0.00812
1	0.01085	0.02583	0.68240	0.11533	0.02538	0.01259	0.01950	0.01684	0.01143	0.01684	0.00977	0.01190	0.00695	0.00521	0.00521	0.00174	0.00796	0.00413	0.00232	0.00780
2	0.00772	0.00557	0.00729	0.00686	0.00814	0.00514	0.00514	0.01029	0.01543	0.02186	0.77152	0.04072	0.05144	0.01115	0.00643	0.00171	0.00257	0.00986	0.00600	0.00514
3	0.01296	0.01280	0.01932	0.05609	0.59615	0.06639	0.01463	0.01585	0.01257	0.01696	0.01586	0.01826	0.10619	0.00608	0.00550	0.00164	0.00627	0.00561	0.00300	0.00786
4	0.00782	0.00530	0.00592	0.00592	0.00605	0.00524	0.00336	0.00792	0.00825	0.01087	0.01988	0.03687	0.07318	0.75205	0.02624	0.00504	0.00511	0.00818	0.00343	0.00340
5	0.02296	0.01034	0.01317	0.01016	0.01427	0.00970	0.00837	0.17504	0.01765	0.59261	0.05298	0.01842	0.01431	0.00690	0.00552	0.00168	0.00483	0.00556	0.00645	0.00909
6	0.00742	0.00554	0.00676	0.00647	0.00780	0.00502	0.00477	0.00952	0.01417	0.01932	0.54269	0.04325	0.22595	0.06801	0.00794	0.00200	0.00281	0.01013	0.00558	0.00488
7	0.01130	0.00969	0.01130	0.00807	0.01292	0.00727	0.00646	0.01373	0.01130	0.01776	0.00969	0.01130	0.00807	0.00404	0.00404	0.00081	0.00404	0.00323	0.00323	0.84173
8	0.00663	0.00481	0.00626	0.00743	0.00786	0.00444	0.00499	0.00761	0.01060	0.01398	0.03206	0.74469	0.09491	0.01682	0.00692	0.00218	0.00313	0.01518	0.00506	0.00444
9	0.00823	0.00649	0.00850	0.00880	0.00955	0.00700	0.00654	0.01078	0.07150	0.01610	0.15493	0.44771	0.03309	0.01415	0.00820	0.00214	0.10508	0.07115	0.00492	0.00513

[dist]
# distance from previous block
# <min> <max>
0	2

[block]
# block no. 5 follows, 44 sequences, length 8
# corresponding to MSA columns:
# 265-272
name=unknown_F
#
# <colnr> <probs for GDERKNQSTAVLIFYWHMCP>
#	G	D	E	R	K	N	Q	S	T	A	V	L	I	F	Y	W	H	M	C	P
0	0.05755	0.53894	0.19118	0.01093	0.01613	0.07693	0.01161	0.01693	0.01141	0.01444	0.00813	0.00944	0.00692	0.00487	0.00397	0.00133	0.00654	0.00321	0.00242	0.00712
1	0.00833	0.00620	0.00788	0.00855	0.00978	0.00613	0.00684	0.01122	0.06844	0.01624	0.09272	0.17321	0.13202	0.07244	0.00853	0.00246	0.00418	0.35476	0.00503	0.00502
2	0.01535	0.36552	0.13923	0.01273	0.05864	0.16591	0.01151	0.08096	0.01333	0.01611	0.00887	0.01021	0.00736	0.00505	0.00435	0.00134	0.00686	0.00351	0.00278	0.07039
3	0.00883	0.00839	0.00737	0.00758	0.00884	0.12521	0.00534	0.00991	0.01170	0.01375	0.03512	0.29498	0.31976	0.10740	0.00889	0.00230	0.00428	0.01118	0.00451	0.00466
4	0.01807	0.08214	0.01592	0.01321	0.05084	0.44727	0.00988	0.06810	0.05215	0.05058	0.01022	0.01127	0.00817	0.00546	0.00478	0.00135	0.00771	0.00379	0.00332	0.13576
5	0.01347	0.01280	0.01983	0.07019	0.51576	0.03503	0.01499	0.05865	0.01256	0.01763	0.01072	0.01541	0.00938	0.00620	0.00742	0.00178	0.12865	0.03874	0.00290	0.00788
6	0.00969	0.00711	0.00881	0.00913	0.01066	0.00716	0.00734	0.12464	0.01393	0.01819	0.03015	0.27242	0.12389	0.01418	0.00690	0.00220	0.00433	0.31872	0.00510	0.00545
7	0.01132	0.00641	0.00837	0.00749	0.00946	0.00577	0.00583	0.01369	0.01511	0.18677	0.51908	0.03764	0.10254	0.01055	0.00627	0.00175	0.00313	0.03677	0.00605	0.00600

[dist]
# distance from previous block
# <min> <max>
0	2

[block]
# block no. 6 follows, 44 sequences, length 7
# corresponding to MSA columns:
# 275-281
name=unknown_G
#
# <colnr> <probs for GDERKNQSTAVLIFYWHMCP>
#	G	D	E	R	K	N	Q	S	T	A	V	L	I	F	Y	W	H	M	C	P
0	0.01448	0.02543	0.01381	0.06751	0.01553	0.01149	0.04239	0.26168	0.03283	0.07365	0.11702	0.04167	0.04335	0.05569	0.00748	0.00184	0.04643	0.00615	0.00461	0.11696
1	0.38954	0.01159	0.06864	0.15015	0.01843	0.01142	0.09686	0.01656	0.01104	0.09223	0.03148	0.01321	0.00894	0.00549	0.00454	0.00171	0.00552	0.00433	0.05182	0.00651
2	0.01217	0.00778	0.00857	0.00778	0.00968	0.00823	0.00599	0.20908	0.01483	0.02235	0.01849	0.15824	0.01663	0.01082	0.06164	0.00208	0.00445	0.00695	0.40817	0.00606
3	0.01258	0.01056	0.01149	0.00933	0.01297	0.03810	0.00727	0.12898	0.12228	0.02019	0.01560	0.15419	0.01444	0.00729	0.00503	0.00136	0.00444	0.00611	0.00422	0.41358
4	0.01029	0.00598	0.00805	0.00783	0.00840	0.00611	0.00546	0.09546	0.00988	0.01319	0.01356	0.15659	0.01418	0.01715	0.01688	0.59294	0.00460	0.00667	0.00321	0.00355
5	0.01110	0.01087	0.01898	0.31071	0.22800	0.01138	0.14540	0.01443	0.01189	0.01586	0.01654	0.01954	0.11640	0.00627	0.00570	0.00173	0.00663	0.00601	0.00296	0.03959
6	0.02872	0.01112	0.01535	0.01265	0.01472	0.02917	0.09165	0.01521	0.09893	0.01598	0.03073	0.04697	0.01149	0.02683	0.05911	0.00238	0.32518	0.00548	0.00323	0.15512

[dist]
# distance from previous block
# <min> <max>
0	1

[block]
# block no. 7 follows, 44 sequences, length 14
# corresponding to MSA columns:
# 283-296
name=unknown_H
#
# <colnr> <probs for GDERKNQSTAVLIFYWHMCP>
#	G	D	E	R	K	N	Q	S	T	A	V	L	I	F	Y	W	H	M	C	P
0	0.01317	0.01457	0.08286	0.04461	0.03781	0.10013	0.22369	0.05332	0.01299	0.01801	0.01075	0.01310	0.00841	0.00486	0.00506	0.00139	0.00669	0.00458	0.06825	0.27574
1	0.01351	0.01426	0.02803	0.02035	0.02547	0.01381	0.58825	0.07634	0.10053	0.01941	0.01244	0.01513	0.00931	0.00505	0.00618	0.00179	0.00823	0.00619	0.00330	0.03241
2	0.10962	0.07501	0.02125	0.04678	0.58016	0.01355	0.04329	0.01658	0.01193	0.01808	0.00975	0.01266	0.00815	0.00487	0.00506	0.00160	0.00629	0.00455	0.00274	0.00808
3	0.00659	0.00553	0.00573	0.00568	0.00745	0.00466	0.00426	0.00811	0.01277	0.01555	0.13786	0.05111	0.68904	0.01350	0.00644	0.00183	0.00274	0.01132	0.00517	0.00466
4	0.00963	0.00750	0.01021	0.02864	0.01117	0.00876	0.00748	0.08582	0.01118	0.01583	0.10102	0.02271	0.01716	0.09125	0.45089	0.00606	0.09958	0.00623	0.00349	0.00537
5	0.00673	0.00481	0.00641	0.00753	0.00793	0.00449	0.00507	0.00782	0.01085	0.01458	0.09181	0.74120	0.03734	0.01659	0.00691	0.00217	0.00311	0.01503	0.00514	0.00449
6	0.01287	0.01471	0.03217	0.02298	0.02849	0.01379	0.75460	0.01746	0.01287	0.01746	0.01103	0.01471	0.00827	0.00460	0.00643	0.00184	0.00919	0.00643	0.00276	0.00735
7	0.00953	0.00598	0.00782	0.00713	0.00876	0.00544	0.00543	0.01201	0.01535	0.10541	0.66370	0.03867	0.07211	0.01075	0.00633	0.00172	0.00281	0.00943	0.00605	0.00558
8	0.00792	0.00659	0.02606	0.00836	0.06776	0.00566	0.00580	0.01005	0.01314	0.01781	0.26182	0.06185	0.36883	0.01133	0.00604	0.00173	0.00311	0.00968	0.10126	0.00521
9	0.00786	0.00557	0.00740	0.00740	0.00790	0.00608	0.00512	0.00886	0.00836	0.01165	0.01585	0.02831	0.01662	0.41175	0.42003	0.00708	0.01010	0.00685	0.00311	0.00411
10	0.01092	0.00928	0.01089	0.00803	0.01250	0.00703	0.00634	0.01322	0.01123	0.01744	0.01139	0.07740	0.01041	0.00512	0.00428	0.00092	0.00396	0.00425	0.00338	0.77199
11	0.00740	0.00556	0.00685	0.00653	0.00795	0.00501	0.00489	0.00968	0.01468	0.02009	0.59337	0.04364	0.23070	0.01181	0.00643	0.00175	0.00262	0.01027	0.00577	0.00501
12	0.22296	0.01292	0.04529	0.08464	0.01767	0.03114	0.09525	0.25172	0.04658	0.02445	0.05908	0.05962	0.01242	0.00669	0.00517	0.00173	0.00577	0.00549	0.00417	0.00723
13	0.09344	0.01078	0.01728	0.51681	0.17367	0.01251	0.04459	0.03858	0.01158	0.01650	0.00975	0.01374	0.00750	0.00530	0.00528	0.00176	0.00686	0.00473	0.00268	0.00669

[dist]
# distance from previous block
# <min> <max>
3	6

[block]
# block no. 8 follows, 44 sequences, length 79
# corresponding to MSA columns:
# 303-334,381-427
name=unknown_I
#
# <colnr> <probs for GDERKNQSTAVLIFYWHMCP>
#	G	D	E	R	K	N	Q	S	T	A	V	L	I	F	Y	W	H	M	C	P
0	0.07784	0.00878	0.01085	0.00964	0.03308	0.00853	0.00740	0.03435	0.12554	0.34590	0.13705	0.08536	0.05692	0.00868	0.00569	0.00178	0.00413	0.02509	0.00582	0.00758
1	0.07384	0.01013	0.01144	0.00839	0.01305	0.00838	0.00675	0.06105	0.02633	0.04119	0.01032	0.01161	0.00831	0.00441	0.00415	0.00097	0.00420	0.00343	0.00352	0.68855
2	0.08002	0.01319	0.01424	0.01104	0.01519	0.01401	0.00905	0.49953	0.03787	0.09379	0.01365	0.02872	0.01005	0.00637	0.00512	0.00155	0.00533	0.00485	0.02711	0.10934
3	0.02259	0.00913	0.01223	0.00954	0.01346	0.00808	0.00782	0.03990	0.03502	0.67547	0.08907	0.02049	0.01692	0.00716	0.00557	0.00169	0.00447	0.00588	0.00662	0.00889
4	0.01130	0.00969	0.01130	0.00807	0.01292	0.00727	0.00646	0.01373	0.01130	0.01776	0.00969	0.01130	0.00807	0.00404	0.00404	0.00081	0.00404	0.00323	0.00323	0.84173
5	0.03144	0.00987	0.01669	0.63526	0.03333	0.01196	0.06858	0.01381	0.01087	0.01442	0.01090	0.06378	0.00911	0.00628	0.00611	0.00186	0.04147	0.00558	0.00263	0.00604
6	0.00666	0.00492	0.00624	0.00720	0.00783	0.00449	0.00491	0.00776	0.01102	0.01444	0.07048	0.63867	0.16298	0.01623	0.00684	0.00213	0.00307	0.01454	0.00511	0.00449
7	0.01364	0.01330	0.02177	0.05110	0.73192	0.03826	0.01649	0.01683	0.01248	0.01757	0.01018	0.01340	0.00855	0.00490	0.00538	0.00162	0.00661	0.00481	0.00270	0.00850
8	0.00664	0.00474	0.00633	0.00759	0.00791	0.00443	0.00506	0.00759	0.01044	0.01392	0.03005	0.80485	0.03606	0.01708	0.00696	0.00221	0.00316	0.01550	0.00506	0.00443
9	0.00815	0.00629	0.00799	0.00760	0.00895	0.00625	0.00589	0.01102	0.04643	0.01994	0.53432	0.04135	0.14078	0.01157	0.00720	0.00185	0.05272	0.07090	0.00555	0.00526
10	0.03971	0.01375	0.01514	0.01167	0.01588	0.01482	0.00962	0.58403	0.02300	0.16734	0.01463	0.01421	0.01011	0.00654	0.00536	0.00163	0.00560	0.00497	0.03292	0.00906
11	0.01593	0.01269	0.01369	0.01120	0.01497	0.01385	0.00897	0.31286	0.35189	0.02641	0.01671	0.01628	0.01250	0.00744	0.02493	0.00180	0.00520	0.00526	0.00513	0.12229
12	0.01644	0.01431	0.07024	0.01107	0.01556	0.06076	0.00951	0.32409	0.05485	0.06691	0.01313	0.01370	0.02098	0.00665	0.02462	0.00157	0.00580	0.00447	0.00439	0.26094
13	0.07366	0.24790	0.42305	0.01270	0.01887	0.01463	0.03588	0.01667	0.01159	0.03298	0.05698	0.01260	0.00983	0.00541	0.00469	0.00157	0.00676	0.00410	0.00273	0.00742
14	0.00682	0.00490	0.00651	0.00770	0.00815	0.00458	0.00531	0.00793	0.01076	0.01429	0.04718	0.71321	0.05547	0.01671	0.00698	0.00221	0.00328	0.06844	0.00508	0.00449
15	0.01253	0.01197	0.02038	0.26397	0.55145	0.01270	0.01625	0.01588	0.01196	0.01664	0.01008	0.01381	0.00822	0.00504	0.00541	0.00168	0.00672	0.00485	0.00262	0.00786
16	0.01936	0.09460	0.06322	0.01091	0.01521	0.01303	0.00956	0.27869	0.07694	0.28611	0.03973	0.01711	0.03715	0.00678	0.00532	0.00164	0.00530	0.00531	0.00539	0.00864
17	0.00701	0.00502	0.00656	0.00726	0.00785	0.00468	0.00497	0.00836	0.01171	0.01593	0.23475	0.53599	0.05225	0.06108	0.00800	0.00225	0.00312	0.01343	0.00522	0.00456
18	0.00779	0.00525	0.00610	0.00622	0.00629	0.00526	0.00362	0.00797	0.00821	0.01099	0.01837	0.11245	0.02121	0.69814	0.05601	0.00512	0.00544	0.00861	0.00346	0.00348
19	0.01935	0.07349	0.01737	0.01343	0.06393	0.01659	0.01051	0.61563	0.03587	0.03093	0.01254	0.01285	0.00915	0.00622	0.00526	0.00157	0.00592	0.00472	0.00497	0.03971
20	0.00733	0.00571	0.00668	0.00641	0.00798	0.00514	0.00481	0.00974	0.03392	0.01889	0.45042	0.04513	0.35373	0.01217	0.00641	0.00177	0.00270	0.01045	0.00559	0.00501
21	0.01279	0.42714	0.39746	0.01238	0.01871	0.01720	0.01464	0.01679	0.01129	0.01501	0.00866	0.01010	0.00695	0.00492	0.00432	0.00144	0.00692	0.00346	0.00232	0.00752
22	0.05592	0.77189	0.02755	0.00922	0.01382	0.02111	0.00916	0.01631	0.01099	0.01340	0.00758	0.00875	0.00694	0.00468	0.00349	0.00119	0.00575	0.00292	0.00238	0.00694
23	0.00767	0.00552	0.00696	0.00663	0.00775	0.00513	0.00479	0.00976	0.01405	0.01962	0.60654	0.04066	0.09191	0.13789	0.00982	0.00229	0.00301	0.00966	0.00551	0.00482
24	0.01282	0.01226	0.02091	0.19421	0.61892	0.01278	0.01640	0.01614	0.01209	0.01699	0.01014	0.01371	0.00835	0.00498	0.00541	0.00166	0.00664	0.00485	0.00264	0.00809
25	0.00664	0.00474	0.00633	0.00759	0.00791	0.00443	0.00506	0.00759	0.01044	0.01392	0.03005	0.80485	0.03606	0.01708	0.00696	0.00221	0.00316	0.01550	0.00506	0.00443
26	0.01130	0.00957	0.01117	0.00816	0.01276	0.00736	0.00648	0.03206	0.01162	0.01798	0.01084	0.05279	0.00957	0.00478	0.00423	0.00090	0.00404	0.00391	0.00338	0.77709
27	0.01449	0.01024	0.01217	0.00991	0.03882	0.00929	0.00762	0.13247	0.07490	0.13450	0.08753	0.01763	0.03895	0.00613	0.00495	0.00130	0.00436	0.00502	0.00460	0.38512
28	0.00947	0.00473	0.00710	0.00710	0.00710	0.00473	0.00473	0.00710	0.00710	0.00947	0.00947	0.01657	0.00947	0.01894	0.02131	0.84138	0.00473	0.00473	0.00237	0.00237
29	0.00922	0.00698	0.00840	0.00835	0.00994	0.00681	0.00625	0.08944	0.06024	0.01802	0.10033	0.38608	0.10516	0.01328	0.00645	0.00197	0.00370	0.08730	0.00508	0.06700
30	0.01510	0.60620	0.11196	0.01064	0.01544	0.11710	0.01068	0.01734	0.01178	0.02963	0.00823	0.00941	0.00713	0.00489	0.00391	0.00127	0.00656	0.00317	0.00248	0.00708
31	0.70582	0.01153	0.03493	0.00831	0.01165	0.01287	0.00710	0.06220	0.01031	0.02401	0.00798	0.00944	0.00624	0.00549	0.00463	0.00174	0.06293	0.00324	0.00340	0.00619
32	0.00879	0.00628	0.00879	0.01004	0.01130	0.00628	0.00879	0.01130	0.01255	0.01632	0.02887	0.06150	0.03138	0.01506	0.00753	0.00251	0.00502	0.73770	0.00502	0.00502
33	0.01016	0.00508	0.00508	0.00508	0.00635	0.00508	0.00381	0.01270	0.01143	0.02033	0.01778	0.02033	0.01397	0.00635	0.00381	0.00127	0.00254	0.00508	0.83867	0.00508
34	0.00799	0.00579	0.00779	0.00895	0.00985	0.00571	0.00706	0.01029	0.04165	0.01547	0.02914	0.40329	0.03295	0.01569	0.00719	0.00235	0.00413	0.37478	0.00506	0.00489
35	0.02323	0.00901	0.01226	0.00949	0.01349	0.00780	0.00780	0.02537	0.01559	0.72249	0.07673	0.02019	0.01629	0.00707	0.00555	0.00169	0.00449	0.00580	0.00669	0.00897
36	0.01093	0.02820	0.78016	0.01554	0.02360	0.01266	0.02014	0.01727	0.01151	0.01727	0.00978	0.01151	0.00691	0.00518	0.00518	0.00173	0.00806	0.00403	0.00230	0.00806
37	0.00779	0.00584	0.00876	0.00876	0.00974	0.00681	0.00681	0.00974	0.00876	0.01266	0.01460	0.02142	0.01363	0.04089	0.78680	0.00876	0.01460	0.00584	0.00292	0.00487
38	0.00712	0.00544	0.00740	0.00926	0.06428	0.00508	0.00582	0.00829	0.01081	0.01429	0.03142	0.66209	0.11670	0.01581	0.00679	0.00213	0.00336	0.01427	0.00489	0.00476
39	0.01111	0.00952	0.01107	0.00797	0.01270	0.00716	0.00637	0.01349	0.01135	0.01764	0.01151	0.01295	0.03863	0.00443	0.00413	0.00085	0.00399	0.00356	0.00330	0.80825
