[name]
unknown

[dist]
# distance from previous block
# <min> <max>
24	128

[block]
# block no. 0 follows, 48 sequences, length 32
# corresponding to MSA columns:
# 148-179
name=unknown_A
#
# <colnr> <probs for GDERKNQSTAVLIFYWHMCP>
#	G	D	E	R	K	N	Q	S	T	A	V	L	I	F	Y	W	H	M	C	P
0	0.07966	0.01013	0.05870	0.16856	0.07668	0.01991	0.00948	0.10798	0.05293	0.03181	0.06451	0.12972	0.05246	0.03210	0.03425	0.00200	0.02080	0.00651	0.00371	0.03810
1	0.01171	0.05815	0.01338	0.16668	0.04770	0.02439	0.02880	0.06176	0.02796	0.08824	0.03713	0.12639	0.04714	0.02642	0.02244	0.00183	0.09180	0.00624	0.00359	0.10825
2	0.03532	0.02842	0.04349	0.16707	0.07240	0.01011	0.06188	0.10629	0.04313	0.09042	0.03807	0.06962	0.07527	0.00664	0.00509	0.00153	0.00517	0.00575	0.00376	0.13058
3	0.05608	0.00875	0.01173	0.16039	0.07864	0.00918	0.00880	0.04640	0.04773	0.13939	0.06041	0.04553	0.11778	0.01817	0.00627	0.00167	0.06264	0.02196	0.01551	0.08296
4	0.09512	0.01001	0.01345	0.28892	0.10158	0.01114	0.01056	0.17012	0.03128	0.08067	0.01514	0.07353	0.06358	0.00672	0.00511	0.00166	0.00540	0.00563	0.00373	0.00666
5	0.01943	0.00950	0.01292	0.07579	0.07082	0.00893	0.00873	0.08874	0.03159	0.51689	0.01729	0.03326	0.01172	0.00615	0.00509	0.00155	0.00473	0.00509	0.00535	0.06643
6	0.07645	0.00586	0.00746	0.02580	0.06207	0.00571	0.00567	0.00931	0.01072	0.03279	0.12989	0.41949	0.11955	0.05658	0.00705	0.00204	0.00338	0.01094	0.00449	0.00474
7	0.01070	0.01050	0.03364	0.49174	0.21510	0.03266	0.01374	0.02789	0.02736	0.01459	0.01085	0.06871	0.00923	0.00581	0.00520	0.00168	0.00639	0.00523	0.00264	0.00634
8	0.03441	0.02452	0.65188	0.01381	0.02052	0.07553	0.01694	0.01667	0.01135	0.04575	0.03590	0.01183	0.00815	0.00515	0.00486	0.00160	0.00732	0.00396	0.00251	0.00735
9	0.00872	0.00446	0.00663	0.00672	0.00674	0.00444	0.00448	0.00672	0.00691	0.00921	0.01031	0.07333	0.01072	0.01770	0.01908	0.78953	0.00435	0.00519	0.00241	0.00237
10	0.05542	0.01111	0.02003	0.34577	0.15647	0.01198	0.23427	0.03011	0.01121	0.02915	0.00969	0.01331	0.00744	0.00513	0.00578	0.01731	0.02181	0.00491	0.00259	0.00651
11	0.01061	0.10142	0.72103	0.01407	0.02136	0.01271	0.01800	0.01617	0.01079	0.01586	0.00901	0.01059	0.00651	0.00483	0.00473	0.00158	0.00739	0.00369	0.00217	0.00749
12	0.00736	0.00538	0.00767	0.00767	0.00838	0.00610	0.00569	0.00879	0.00807	0.01148	0.01427	0.02309	0.01410	0.20916	0.63040	0.00753	0.01183	0.00593	0.00283	0.00426
13	0.01066	0.11142	0.71141	0.01400	0.02124	0.01281	0.01787	0.01616	0.01079	0.01580	0.00899	0.01056	0.00651	0.00482	0.00471	0.00157	0.00736	0.00368	0.00217	0.00748
14	0.01206	0.34302	0.42571	0.01257	0.01866	0.01522	0.05760	0.01611	0.01083	0.03250	0.00870	0.01012	0.00675	0.00468	0.00432	0.00142	0.00673	0.00353	0.00230	0.00717
15	0.02302	0.00873	0.01191	0.00913	0.01310	0.00754	0.00754	0.02501	0.01469	0.79122	0.02024	0.01746	0.01270	0.00635	0.00516	0.00159	0.00437	0.00516	0.00635	0.00873
16	0.00723	0.00522	0.00683	0.00647	0.00766	0.00482	0.00484	0.00961	0.01440	0.02037	0.76422	0.05966	0.04802	0.01064	0.00607	0.00163	0.00244	0.00942	0.00562	0.00482
17	0.01167	0.01311	0.10226	0.21668	0.46243	0.01203	0.07700	0.01522	0.01128	0.01580	0.00954	0.01283	0.00762	0.00472	0.00515	0.00160	0.00664	0.00461	0.00244	0.00738
18	0.01220	0.11135	0.22257	0.28050	0.05645	0.07739	0.01395	0.08247	0.01191	0.01559	0.00896	0.01159	0.00692	0.00532	0.00561	0.00160	0.06236	0.00404	0.00253	0.00669
19	0.01212	0.01145	0.01941	0.08671	0.66918	0.01162	0.01503	0.01514	0.01159	0.01638	0.01104	0.01645	0.00977	0.00539	0.00525	0.00161	0.00604	0.06546	0.00270	0.00767
20	0.01409	0.76769	0.02604	0.00909	0.01336	0.07402	0.00886	0.01572	0.01071	0.01211	0.00719	0.00830	0.00659	0.00445	0.00338	0.00111	0.00575	0.00278	0.00223	0.00654
21	0.00625	0.00447	0.00595	0.00714	0.00744	0.00417	0.00476	0.00714	0.00982	0.01310	0.02828	0.81633	0.03394	0.01608	0.00655	0.00208	0.00298	0.01459	0.00476	0.00417
22	0.18149	0.01012	0.01155	0.00905	0.01283	0.01003	0.00744	0.18943	0.01535	0.38323	0.04607	0.01488	0.01149	0.00598	0.00471	0.00152	0.00446	0.00459	0.00519	0.07060
23	0.14600	0.01015	0.03107	0.46573	0.09857	0.01141	0.01217	0.04442	0.03858	0.07944	0.01031	0.01313	0.00762	0.00522	0.00482	0.00166	0.00598	0.00436	0.00299	0.00640
24	0.02302	0.00873	0.01191	0.00913	0.01310	0.00754	0.00754	0.02501	0.01469	0.79122	0.02024	0.01746	0.01270	0.00635	0.00516	0.00159	0.00437	0.00516	0.00635	0.00873
25	0.00625	0.00447	0.00595	0.00714	0.00744	0.00417	0.00476	0.00714	0.00982	0.01310	0.02828	0.81633	0.03394	0.01608	0.00655	0.00208	0.00298	0.01459	0.00476	0.00417
26	0.02467	0.01252	0.13345	0.53130	0.08704	0.01186	0.05904	0.05220	0.01123	0.01518	0.00938	0.01303	0.00701	0.00505	0.00511	0.00167	0.00690	0.00451	0.00246	0.00638
27	0.00844	0.00528	0.00618	0.00600	0.00652	0.00519	0.00375	0.00888	0.00847	0.06456	0.01939	0.04479	0.08033	0.61074	0.07797	0.00458	0.00528	0.00749	0.02240	0.00376
28	0.00625	0.00447	0.00595	0.00714	0.00744	0.00417	0.00476	0.00714	0.00982	0.01310	0.02828	0.81633	0.03394	0.01608	0.00655	0.00208	0.00298	0.01459	0.00476	0.00417
29	0.01188	0.01414	0.10686	0.21087	0.27970	0.07586	0.16501	0.01540	0.01157	0.01532	0.01098	0.01398	0.03507	0.00505	0.00526	0.00161	0.00708	0.00490	0.00253	0.00693
30	0.01576	0.10598	0.08779	0.01080	0.01479	0.02956	0.00963	0.45253	0.05252	0.02544	0.07732	0.01663	0.06535	0.00668	0.00503	0.00152	0.00534	0.00516	0.00449	0.00768
31	0.00784	0.08247	0.00917	0.02237	0.02439	0.02120	0.02112	0.00945	0.01153	0.01491	0.18986	0.25042	0.21351	0.04411	0.00673	0.00190	0.00356	0.05621	0.00447	0.00476

[dist]
# distance from previous block
# <min> <max>
8	54

[block]
# block no. 1 follows, 48 sequences, length 48
# corresponding to MSA columns:
# 235-282
name=unknown_B
#
# <colnr> <probs for GDERKNQSTAVLIFYWHMCP>
#	G	D	E	R	K	N	Q	S	T	A	V	L	I	F	Y	W	H	M	C	P
0	0.10347	0.01805	0.02076	0.00944	0.03018	0.00760	0.08810	0.05020	0.01132	0.04227	0.13450	0.21126	0.04058	0.09569	0.04200	0.02487	0.00471	0.00803	0.00401	0.05296
1	0.22851	0.01201	0.08227	0.08008	0.01717	0.03145	0.14482	0.02692	0.01090	0.05252	0.01016	0.02923	0.00820	0.00503	0.00449	0.00143	0.00551	0.02057	0.00310	0.22563
2	0.01105	0.00955	0.03192	0.03139	0.01384	0.00881	0.10654	0.15761	0.02327	0.01807	0.01684	0.21271	0.04592	0.04439	0.01621	0.02514	0.00491	0.00725	0.00384	0.21074
3	0.11178	0.05035	0.30226	0.10051	0.10211	0.01142	0.09952	0.01532	0.01124	0.04447	0.08233	0.01472	0.01120	0.00548	0.00494	0.00162	0.00631	0.01472	0.00290	0.00682
4	0.01018	0.09871	0.09949	0.60196	0.04747	0.01227	0.01399	0.01361	0.01036	0.01341	0.00935	0.03046	0.00740	0.00525	0.00493	0.00164	0.00667	0.00450	0.00232	0.00602
5	0.01231	0.59284	0.06021	0.00847	0.01204	0.03110	0.00809	0.01381	0.00989	0.01183	0.00919	0.01382	0.00917	0.17933	0.00829	0.00196	0.00555	0.00382	0.00240	0.00588
6	0.00847	0.00451	0.00649	0.00662	0.00665	0.00448	0.00434	0.00682	0.00710	0.00947	0.01176	0.10294	0.01263	0.10413	0.01927	0.66897	0.00435	0.00586	0.00259	0.00253
7	0.01112	0.02126	0.49504	0.01946	0.18722	0.01216	0.14843	0.01617	0.01124	0.01639	0.00951	0.01176	0.00707	0.00471	0.00512	0.00162	0.00745	0.00435	0.00232	0.00758
8	0.00698	0.00523	0.00646	0.00616	0.00749	0.00472	0.00462	0.00913	0.01385	0.01898	0.61117	0.04095	0.22320	0.01108	0.00605	0.00164	0.00246	0.00965	0.00544	0.00472
9	0.00625	0.00447	0.00595	0.00714	0.00744	0.00417	0.00476	0.00714	0.00982	0.01310	0.02828	0.81633	0.03394	0.01608	0.00655	0.00208	0.00298	0.01459	0.00476	0.00417
10	0.01430	0.73761	0.02557	0.00925	0.01346	0.10337	0.00890	0.01591	0.01086	0.01212	0.00722	0.00834	0.00659	0.00449	0.00343	0.00112	0.00589	0.00280	0.00224	0.00652
11	0.01583	0.00956	0.01103	0.00940	0.01257	0.00994	0.00746	0.02431	0.41533	0.30417	0.02396	0.02175	0.09669	0.00738	0.00529	0.00168	0.00402	0.00610	0.00559	0.00794
12	0.01102	0.00521	0.00555	0.00525	0.00675	0.00508	0.00401	0.01336	0.01118	0.10241	0.01712	0.01895	0.01310	0.00602	0.00376	0.00124	0.00260	0.00482	0.75736	0.00521
13	0.00752	0.00659	0.01113	0.01006	0.01160	0.00611	0.16868	0.00923	0.01058	0.01395	0.02724	0.53819	0.11784	0.01315	0.00640	0.00197	0.00418	0.02648	0.00430	0.00479
14	0.01644	0.11603	0.01477	0.01174	0.01436	0.53663	0.00903	0.01916	0.09501	0.01351	0.01141	0.09724	0.01052	0.00652	0.00474	0.00142	0.00757	0.00472	0.00309	0.00606
15	0.02183	0.00912	0.01196	0.00934	0.01319	0.00831	0.00766	0.04361	0.09730	0.68950	0.02012	0.01752	0.01292	0.00641	0.00517	0.00160	0.00436	0.00522	0.00620	0.00867
16	0.01281	0.64791	0.02300	0.00878	0.01257	0.01776	0.00828	0.01575	0.09227	0.01318	0.01088	0.09656	0.01050	0.00592	0.00385	0.00127	0.00506	0.00435	0.00279	0.00649
17	0.01410	0.76699	0.02603	0.00909	0.01336	0.07471	0.00886	0.01572	0.01071	0.01211	0.00719	0.00830	0.00659	0.00445	0.00339	0.00111	0.00575	0.00278	0.00223	0.00654
18	0.00770	0.00550	0.00761	0.00880	0.00973	0.00541	0.00727	0.00964	0.01125	0.01472	0.02748	0.27286	0.03078	0.01471	0.00693	0.00228	0.00423	0.54379	0.00474	0.00457
19	0.10193	0.01043	0.01740	0.45620	0.20718	0.01176	0.09417	0.01429	0.01062	0.01539	0.00917	0.01289	0.00710	0.00487	0.00501	0.00166	0.00655	0.00453	0.00247	0.00638
20	0.00632	0.00451	0.00603	0.00722	0.00755	0.00423	0.00488	0.00726	0.00989	0.01318	0.02824	0.79036	0.03379	0.01601	0.00657	0.00209	0.00304	0.03987	0.00476	0.00419
21	0.00726	0.00524	0.00686	0.00646	0.00767	0.00484	0.00484	0.00968	0.01452	0.02058	0.78496	0.03833	0.04841	0.01049	0.00605	0.00161	0.00242	0.00928	0.00565	0.00484
22	0.67842	0.00985	0.00860	0.02193	0.01107	0.01104	0.00616	0.03276	0.02904	0.13689	0.00957	0.01014	0.00696	0.00509	0.00360	0.00159	0.00412	0.00328	0.00372	0.00616
23	0.01588	0.09948	0.01631	0.19294	0.05872	0.07667	0.01073	0.34783	0.03125	0.05510	0.01200	0.01376	0.02206	0.00587	0.00495	0.00154	0.00606	0.01756	0.00388	0.00740
24	0.02302	0.00873	0.01191	0.00913	0.01310	0.00754	0.00754	0.02501	0.01469	0.79122	0.02024	0.01746	0.01270	0.00635	0.00516	0.00159	0.00437	0.00516	0.00635	0.00873
25	0.00734	0.00545	0.00803	0.00803	0.00887	0.00629	0.00614	0.00902	0.00818	0.01175	0.01394	0.02127	0.01331	0.10324	0.73525	0.00798	0.01302	0.00566	0.00278	0.00446
26	0.17944	0.09936	0.08721	0.08795	0.07558	0.01157	0.10872	0.02766	0.01185	0.22765	0.02816	0.01327	0.00924	0.00527	0.00467	0.00156	0.00560	0.00441	0.00371	0.00713
27	0.00740	0.00507	0.00617	0.00620	0.00641	0.00526	0.00386	0.00782	0.00769	0.01045	0.01595	0.05009	0.01778	0.63218	0.19151	0.00560	0.00681	0.00722	0.00307	0.00345
28	0.00625	0.00447	0.00595	0.00714	0.00744	0.00417	0.00476	0.00714	0.00982	0.01310	0.02828	0.81633	0.03394	0.01608	0.00655	0.00208	0.00298	0.01459	0.00476	0.00417
29	0.01237	0.01170	0.02098	0.13651	0.41438	0.01181	0.18679	0.03875	0.01222	0.04134	0.05419	0.01469	0.01032	0.00504	0.00537	0.00161	0.00651	0.00520	0.00289	0.00736
30	0.05054	0.47655	0.05862	0.01030	0.01427	0.06130	0.08967	0.01519	0.01133	0.03674	0.09263	0.04020	0.01229	0.00559	0.00420	0.00133	0.00563	0.00436	0.00289	0.00638
31	0.01134	0.01140	0.01645	0.55901	0.19193	0.09558	0.01410	0.01445	0.01102	0.01382	0.00911	0.01300	0.00709	0.00503	0.00507	0.00163	0.00694	0.00443	0.00237	0.00624
32	0.83521	0.01033	0.02677	0.00694	0.01022	0.01152	0.00588	0.01511	0.00878	0.02286	0.00720	0.00840	0.00558	0.00477	0.00322	0.00159	0.00406	0.00280	0.00315	0.00561
33	0.00693	0.00479	0.00590	0.00635	0.00663	0.00462	0.00402	0.00761	0.00934	0.01260	0.11753	0.36258	0.02879	0.38118	0.01539	0.00334	0.00382	0.01068	0.00412	0.00377
34	0.00636	0.00455	0.00605	0.00707	0.00747	0.00424	0.00477	0.00742	0.01033	0.01390	0.10990	0.73241	0.03550	0.01547	0.00650	0.00203	0.00292	0.01401	0.00486	0.00424
35	0.01373	0.01150	0.02941	0.09472	0.03302	0.10804	0.00832	0.01603	0.01172	0.14466	0.01077	0.01199	0.00821	0.00474	0.00468	0.00115	0.02681	0.00368	0.00341	0.45342
36	0.03335	0.02061	0.01451	0.01260	0.01554	0.52964	0.00974	0.21872	0.02876	0.01810	0.00936	0.01046	0.00741	0.00625	0.01979	0.00154	0.02982	0.00376	0.00334	0.00668
37	0.00746	0.00497	0.00560	0.00560	0.00560	0.00497	0.00311	0.00746	0.00746	0.00995	0.01617	0.03358	0.01865	0.81967	0.02612	0.00497	0.00497	0.00746	0.00311	0.00311
38	0.80443	0.00985	0.00781	0.00689	0.01012	0.01127	0.00568	0.01570	0.00910	0.07051	0.00795	0.00890	0.00600	0.00486	0.00330	0.00159	0.00399	0.00293	0.00337	0.00575
39	0.01252	0.01204	0.01969	0.11458	0.65619	0.03153	0.01517	0.02658	0.01179	0.01646	0.01002	0.01383	0.00849	0.00491	0.00512	0.00156	0.00621	0.02298	0.00261	0.00773
40	0.00799	0.00507	0.00618	0.00621	0.00684	0.00534	0.00430	0.00925	0.00870	0.01324	0.01591	0.04618	0.01572	0.32909	0.25463	0.00482	0.00686	0.00629	0.24333	0.00406
41	0.01277	0.01212	0.01798	0.28405	0.36167	0.05889	0.03431	0.09273	0.04435	0.01708	0.01013	0.01308	0.00797	0.00505	0.00511	0.00159	0.00647	0.00459	0.00284	0.00722
42	0.01906	0.03659	0.01448	0.02739	0.01564	0.40964	0.00948	0.20631	0.06737	0.12755	0.01161	0.01188	0.00859	0.00574	0.00485	0.00144	0.00720	0.00407	0.00393	0.00718
43	0.00700	0.00615	0.00780	0.20485	0.01404	0.00610	0.00653	0.00884	0.01133	0.01381	0.05807	0.06977	0.54515	0.01110	0.00585	0.00174	0.00366	0.00938	0.00417	0.00468
44	0.00896	0.00562	0.00740	0.00674	0.00825	0.00513	0.00513	0.01134	0.01454	0.10370	0.70247	0.03608	0.04456	0.01004	0.00596	0.00161	0.00263	0.00884	0.00572	0.00526
45	0.00824	0.00595	0.00741	0.00792	0.00881	0.00592	0.00565	0.11580	0.01196	0.01595	0.02596	0.66364	0.03013	0.01457	0.00638	0.00202	0.00344	0.05059	0.00481	0.00484
46	0.01056	0.06587	0.64496	0.01479	0.02173	0.01222	0.09795	0.01600	0.01107	0.01620	0.03578	0.01196	0.00808	0.00498	0.00496	0.00161	0.00741	0.00417	0.00233	0.00737
47	0.76708	0.00980	0.00801	0.00700	0.01026	0.01109	0.00577	0.01614	0.00937	0.10496	0.00854	0.00931	0.00632	0.00493	0.00339	0.00159	0.00401	0.00303	0.00351	0.00590

[dist]
# distance from previous block
# <min> <max>
0	3

[block]
# block no. 2 follows, 48 sequences, length 99
# corresponding to MSA columns:
# 286-384
name=unknown_C
#
# <colnr> <probs for GDERKNQSTAVLIFYWHMCP>
#	G	D	E	R	K	N	Q	S	T	A	V	L	I	F	Y	W	H	M	C	P
0	0.01181	0.01082	0.04977	0.01088	0.07384	0.00922	0.02318	0.04616	0.17595	0.03487	0.01238	0.02565	0.00989	0.00494	0.00443	0.00116	0.00438	0.00414	0.00360	0.48294
1	0.00969	0.00912	0.01539	0.80734	0.03534	0.01140	0.01425	0.01311	0.01026	0.01311	0.00912	0.01368	0.00684	0.00513	0.00513	0.00171	0.00684	0.00456	0.00228	0.00570
2	0.01241	0.36808	0.25121	0.01154	0.04588	0.07642	0.01170	0.03393	0.01177	0.01511	0.10616	0.01316	0.01195	0.00542	0.00433	0.00137	0.00605	0.00404	0.00274	0.00673
3	0.00723	0.00526	0.00682	0.00648	0.00771	0.00485	0.00489	0.00960	0.01432	0.02012	0.73018	0.03938	0.08185	0.01071	0.00608	0.00164	0.00249	0.02998	0.00558	0.00481
4	0.01288	0.01107	0.01179	0.02757	0.01389	0.01282	0.00830	0.04757	0.74101	0.02159	0.02039	0.01884	0.01528	0.00690	0.00522	0.00173	0.00416	0.00574	0.00516	0.00809
5	0.01161	0.00909	0.01074	0.00772	0.01223	0.00689	0.00619	0.01386	0.01096	0.07720	0.00999	0.01117	0.00800	0.00400	0.00391	0.00082	0.00384	0.00321	0.00330	0.78527
6	0.01424	0.05871	0.07383	0.01064	0.01420	0.01282	0.00907	0.08373	0.53415	0.10327	0.01845	0.01716	0.01357	0.00652	0.00507	0.00166	0.00457	0.00531	0.00492	0.00810
7	0.00764	0.06910	0.00825	0.00667	0.00818	0.00603	0.00523	0.00979	0.01351	0.01844	0.55264	0.05797	0.14860	0.01074	0.00592	0.00165	0.00285	0.05675	0.00517	0.00488
8	0.00657	0.00469	0.00621	0.00731	0.00773	0.00443	0.00510	0.00761	0.00999	0.01323	0.02800	0.66209	0.04868	0.05901	0.00766	0.00227	0.00330	0.10728	0.00467	0.00418
9	0.01238	0.01196	0.05546	0.02601	0.59178	0.01128	0.01400	0.05809	0.01218	0.03377	0.01236	0.11406	0.01144	0.00617	0.00526	0.00160	0.00571	0.00581	0.00303	0.00765
10	0.01643	0.01596	0.18880	0.01227	0.01694	0.01357	0.03605	0.43603	0.06073	0.08575	0.01273	0.01325	0.00912	0.00767	0.04918	0.00195	0.00644	0.00464	0.00436	0.00815
11	0.01745	0.01254	0.03030	0.01103	0.01463	0.01324	0.00923	0.51540	0.07211	0.10241	0.01551	0.01940	0.01235	0.03362	0.00605	0.00177	0.00532	0.09455	0.00508	0.00800
12	0.01390	0.01123	0.01198	0.01051	0.01358	0.01281	0.00825	0.09872	0.66908	0.05950	0.02003	0.01841	0.01485	0.00685	0.00521	0.00171	0.00423	0.00566	0.00527	0.00821
13	0.85592	0.00992	0.00754	0.00675	0.00992	0.01151	0.00556	0.01508	0.00873	0.02302	0.00714	0.00834	0.00556	0.00476	0.00318	0.00159	0.00397	0.00278	0.00318	0.00556
14	0.00625	0.00447	0.00595	0.00714	0.00744	0.00417	0.00476	0.00714	0.00982	0.01310	0.02828	0.81633	0.03394	0.01608	0.00655	0.00208	0.00298	0.01459	0.00476	0.00417
15	0.01128	0.23542	0.55591	0.01341	0.02005	0.01417	0.05129	0.01603	0.01079	0.01516	0.00872	0.01029	0.00658	0.00472	0.00451	0.00149	0.00708	0.00362	0.00219	0.00729
16	0.01506	0.00697	0.00936	0.00778	0.01035	0.00618	0.00618	0.01727	0.01460	0.40193	0.40654	0.02800	0.03074	0.00844	0.00561	0.00160	0.00338	0.00724	0.00600	0.00677
17	0.01696	0.01339	0.03821	0.01121	0.01496	0.02812	0.00929	0.44467	0.26071	0.06556	0.01613	0.01546	0.02838	0.00652	0.00517	0.00161	0.00514	0.00511	0.00508	0.00835
18	0.01333	0.01260	0.02015	0.04395	0.69506	0.03117	0.01511	0.07475	0.01270	0.01781	0.00981	0.01261	0.00811	0.00472	0.00507	0.00152	0.00615	0.00455	0.00274	0.00808
19	0.00643	0.00454	0.00590	0.00691	0.00716	0.00429	0.00451	0.00719	0.00947	0.01262	0.02645	0.69791	0.03162	0.13765	0.00951	0.00252	0.00328	0.01351	0.00451	0.00401
20	0.02088	0.01216	0.01403	0.01076	0.01481	0.01263	0.00889	0.47827	0.02042	0.32985	0.01543	0.01434	0.01028	0.00623	0.00514	0.00156	0.00514	0.00483	0.00561	0.00873
21	0.01064	0.00912	0.01064	0.00760	0.01216	0.00684	0.00608	0.01292	0.01064	0.01672	0.00912	0.01064	0.00760	0.00380	0.00380	0.00076	0.00380	0.00304	0.00304	0.85104
22	0.01268	0.01223	0.02107	0.03125	0.76846	0.01221	0.03476	0.01576	0.01169	0.01675	0.00967	0.01273	0.00812	0.00457	0.00510	0.00153	0.00616	0.00461	0.00254	0.00810
23	0.01270	0.01219	0.02083	0.03149	0.78767	0.01219	0.01575	0.01575	0.01168	0.01676	0.00965	0.01270	0.00813	0.00457	0.00508	0.00152	0.00610	0.00457	0.00254	0.00813
24	0.00891	0.00446	0.00668	0.00668	0.00668	0.00446	0.00446	0.00668	0.00668	0.00891	0.00891	0.01560	0.00891	0.01783	0.02005	0.85071	0.00446	0.00446	0.00223	0.00223
25	0.85592	0.00992	0.00754	0.00675	0.00992	0.01151	0.00556	0.01508	0.00873	0.02302	0.00714	0.00834	0.00556	0.00476	0.00318	0.00159	0.00397	0.00278	0.00318	0.00556
26	0.00645	0.00478	0.00659	0.00738	0.00792	0.00444	0.02402	0.00755	0.01025	0.01368	0.07561	0.71514	0.06637	0.01530	0.00649	0.00203	0.00307	0.01388	0.00476	0.00429
27	0.01881	0.02898	0.01518	0.01157	0.01556	0.01553	0.00954	0.67103	0.09632	0.04508	0.01320	0.01300	0.00943	0.00621	0.00511	0.00155	0.00547	0.00471	0.00511	0.00863
28	0.75188	0.07130	0.02501	0.02954	0.01113	0.01218	0.00631	0.01507	0.00894	0.02178	0.00724	0.00853	0.00569	0.00475	0.00327	0.00156	0.00424	0.00285	0.00306	0.00568
29	0.15546	0.01367	0.01321	0.01100	0.02719	0.09991	0.00873	0.36992	0.13069	0.10050	0.01298	0.01284	0.00937	0.00595	0.00477	0.00156	0.00542	0.00440	0.00463	0.00780
30	0.01938	0.01431	0.01533	0.01178	0.01586	0.01585	0.00972	0.75660	0.03829	0.03213	0.01248	0.01245	0.00886	0.00617	0.00513	0.00154	0.00562	0.00464	0.00513	0.00871
31	0.05224	0.01202	0.01467	0.21198	0.02023	0.02979	0.02890	0.37039	0.01742	0.12101	0.01195	0.01301	0.00848	0.00565	0.00498	0.00154	0.00575	0.00450	0.00423	0.06127
32	0.00953	0.00591	0.00725	0.00675	0.00823	0.00555	0.00490	0.01103	0.02442	0.12858	0.09780	0.08763	0.19981	0.22242	0.12184	0.00343	0.00511	0.00811	0.00432	0.03739
33	0.01161	0.00674	0.00981	0.00847	0.01061	0.00609	0.06527	0.01374	0.01336	0.22249	0.32863	0.15440	0.08315	0.01008	0.00593	0.00172	0.00360	0.03306	0.00537	0.00589
34	0.00630	0.00450	0.00601	0.00720	0.00753	0.00421	0.00485	0.00724	0.00988	0.01316	0.02825	0.79655	0.03382	0.01603	0.00656	0.00209	0.00302	0.03385	0.00476	0.00418
35	0.01338	0.00683	0.00866	0.00738	0.00990	0.00598	0.00577	0.01544	0.02686	0.32035	0.21063	0.08083	0.19174	0.02481	0.00600	0.00169	0.00340	0.00795	0.00549	0.04690
36	0.18682	0.00914	0.01080	0.00871	0.01230	0.00888	0.00711	0.02276	0.10907	0.51610	0.02939	0.01677	0.02690	0.00630	0.00480	0.00161	0.00419	0.00493	0.00554	0.00788
37	0.07520	0.00650	0.00699	0.00656	0.00738	0.00680	0.00427	0.10414	0.00993	0.01428	0.01590	0.08700	0.01737	0.57083	0.01959	0.00396	0.00476	0.00720	0.02722	0.00413
38	0.00657	0.00460	0.00586	0.00674	0.00695	0.00438	0.00433	0.00723	0.00920	0.01227	0.02508	0.60930	0.02989	0.22861	0.01172	0.00285	0.00351	0.01270	0.00433	0.00389
39	0.61416	0.00958	0.00881	0.00744	0.01084	0.01036	0.00613	0.01796	0.01046	0.24600	0.01095	0.01099	0.00763	0.00522	0.00375	0.00159	0.00408	0.00347	0.00410	0.00648
40	0.73082	0.00923	0.00742	0.00677	0.00959	0.01054	0.00542	0.01431	0.00888	0.03820	0.00951	0.07284	0.00856	0.04484	0.00458	0.00179	0.00395	0.00398	0.00336	0.00540
41	0.00867	0.00582	0.00726	0.00686	0.00825	0.00552	0.00507	0.01149	0.06849	0.07733	0.46929	0.12410	0.09576	0.07393	0.00755	0.00195	0.00296	0.00929	0.00530	0.00513
42	0.01928	0.01459	0.01525	0.01181	0.01583	0.04128	0.00971	0.72279	0.04754	0.03135	0.01245	0.01243	0.00888	0.00616	0.00512	0.00154	0.00571	0.00461	0.00505	0.00862
43	0.00728	0.00506	0.00629	0.00639	0.00670	0.00523	0.00411	0.00789	0.00811	0.01103	0.03405	0.10545	0.03367	0.52236	0.20957	0.00535	0.00680	0.00777	0.00327	0.00362
44	0.00625	0.00447	0.00595	0.00714	0.00744	0.00417	0.00476	0.00714	0.00982	0.01310	0.02828	0.81633	0.03394	0.01608	0.00655	0.00208	0.00298	0.01459	0.00476	0.00417
45	0.00638	0.00469	0.00598	0.00676	0.00740	0.00429	0.00465	0.00756	0.01081	0.01435	0.14684	0.58864	0.14322	0.01479	0.00640	0.00196	0.00284	0.01324	0.00490	0.00429
46	0.01803	0.03947	0.01556	0.01233	0.01591	0.23849	0.04023	0.40373	0.12359	0.02401	0.01202	0.01233	0.00897	0.00590	0.00499	0.00150	0.00657	0.00441	0.00425	0.00772
47	0.01292	0.01526	0.04597	0.03372	0.06130	0.11212	0.58510	0.01674	0.01222	0.01579	0.00988	0.01306	0.00758	0.00462	0.00609	0.00168	0.03106	0.00551	0.00257	0.00681
48	0.64318	0.06409	0.09697	0.00826	0.01196	0.07361	0.00760	0.01565	0.00953	0.02076	0.00744	0.00868	0.00581	0.00479	0.00349	0.00154	0.00488	0.00293	0.00296	0.00588
49	0.00620	0.00520	0.00539	0.00534	0.00701	0.00439	0.00401	0.00763	0.01202	0.01463	0.13557	0.04812	0.70152	0.01271	0.00606	0.00172	0.00258	0.01065	0.00487	0.00439
50	0.01363	0.80200	0.04687	0.00893	0.01341	0.02008	0.00905	0.01539	0.01044	0.01218	0.00719	0.00830	0.00658	0.00440	0.00333	0.00111	0.00554	0.00277	0.00219	0.00661
51	0.00641	0.00505	0.00579	0.00602	0.00729	0.00443	0.00440	0.00786	0.01183	0.01508	0.19425	0.22989	0.43869	0.01325	0.00620	0.00181	0.00271	0.02969	0.00494	0.00441
52	0.00969	0.00912	0.01539	0.80734	0.03534	0.01140	0.01425	0.01311	0.01026	0.01311	0.00912	0.01368	0.00684	0.00513	0.00513	0.00171	0.00684	0.00456	0.00228	0.00570
53	0.01098	0.00916	0.01069	0.00771	0.01221	0.00702	0.00617	0.01359	0.03202	0.03417	0.00969	0.01103	0.00794	0.00394	0.00387	0.00081	0.00382	0.00316	0.00317	0.80883
54	0.01668	0.02045	0.01506	0.01428	0.06613	0.59358	0.06172	0.01831	0.01352	0.01311	0.01008	0.07334	0.00922	0.00761	0.04309	0.00176	0.00873	0.00456	0.00280	0.00595
55	0.00753	0.00491	0.00631	0.00701	0.00781	0.00446	0.00485	0.00857	0.01048	0.07397	0.03114	0.64112	0.14285	0.01486	0.00637	0.00199	0.00303	0.01330	0.00489	0.00455
56	0.05947	0.00827	0.01090	0.00870	0.01215	0.00738	0.00706	0.02217	0.02809	0.62810	0.07990	0.07293	0.01665	0.00727	0.00523	0.00163	0.00410	0.00602	0.00602	0.00796
57	0.01553	0.00726	0.00945	0.00792	0.01065	0.00649	0.00628	0.01802	0.04670	0.42224	0.21889	0.07593	0.11480	0.00882	0.00558	0.00165	0.00356	0.00749	0.00584	0.00691
58	0.00667	0.00536	0.00597	0.00582	0.00737	0.00474	0.00436	0.00872	0.03390	0.01639	0.30531	0.05992	0.49321	0.01202	0.00605	0.00170	0.00259	0.01023	0.00508	0.00461
59	0.00632	0.00455	0.00600	0.00703	0.00744	0.00423	0.00474	0.00735	0.01025	0.01371	0.08814	0.73064	0.05951	0.01554	0.00649	0.00204	0.00292	0.01405	0.00483	0.00423
60	0.71347	0.00972	0.00829	0.00715	0.01047	0.01083	0.00590	0.01678	0.00975	0.15441	0.00938	0.00990	0.00678	0.00503	0.00351	0.00159	0.00404	0.00319	0.00372	0.00610
61	0.00662	0.00474	0.00622	0.00728	0.00768	0.00450	0.00490	0.02858	0.01023	0.01364	0.02783	0.79375	0.03323	0.01580	0.00651	0.00207	0.00305	0.01431	0.00477	0.00430
62	0.09506	0.00926	0.01168	0.00908	0.01289	0.00862	0.00748	0.09791	0.01510	0.61855	0.04774	0.01695	0.01305	0.00635	0.00502	0.00158	0.00438	0.00506	0.00592	0.00830
63	0.01004	0.00649	0.00809	0.00800	0.00935	0.00655	0.00609	0.03174	0.09802	0.09852	0.05929	0.14513	0.04965	0.19191	0.04807	0.02191	0.00468	0.18683	0.00451	0.00514
64	0.02685	0.00653	0.00846	0.00820	0.00997	0.00621	0.00634	0.01438	0.06674	0.22547	0.08287	0.30359	0.03885	0.03088	0.00653	0.00199	0.00376	0.14134	0.00522	0.00584
65	0.01372	0.82276	0.02689	0.00878	0.01317	0.02030	0.00878	0.01536	0.01043	0.01207	0.00713	0.00823	0.00658	0.00439	0.00329	0.00110	0.00549	0.00274	0.00219	0.00658
66	0.06125	0.01167	0.01348	0.01038	0.01438	0.01201	0.00858	0.40556	0.01922	0.36646	0.01556	0.01440	0.01033	0.00618	0.00505	0.00156	0.00500	0.00477	0.00558	0.00858
67	0.00631	0.00517	0.00558	0.00568	0.00721	0.00444	0.00425	0.00775	0.01188	0.01467	0.13789	0.11348	0.60328	0.01300	0.00614	0.00177	0.00269	0.03953	0.00487	0.00439
68	0.00724	0.00497	0.00605	0.00622	0.00644	0.00502	0.00387	0.00773	0.00827	0.01120	0.05339	0.15819	0.02176	0.55424	0.11957	0.00477	0.00564	0.00845	0.00345	0.00355
69	0.00625	0.00447	0.00595	0.00714	0.00744	0.00417	0.00476	0.00714	0.00982	0.01310	0.02828	0.81633	0.03394	0.01608	0.00655	0.00208	0.00298	0.01459	0.00476	0.00417
70	0.85592	0.00992	0.00754	0.00675	0.00992	0.01151	0.00556	0.01508	0.00873	0.02302	0.00714	0.00834	0.00556	0.00476	0.00318	0.00159	0.00397	0.00278	0.00318	0.00556
71	0.85592	0.00992	0.00754	0.00675	0.00992	0.01151	0.00556	0.01508	0.00873	0.02302	0.00714	0.00834	0.00556	0.00476	0.00318	0.00159	0.00397	0.00278	0.00318	0.00556
72	0.01568	0.01159	0.01251	0.01045	0.01374	0.01290	0.00835	0.28809	0.39855	0.08527	0.02944	0.01690	0.01336	0.00663	0.00511	0.00163	0.00453	0.00533	0.05180	0.00815
73	0.06542	0.00542	0.00552	0.00525	0.00679	0.00543	0.00402	0.01318	0.01094	0.07967	0.01639	0.01830	0.01262	0.00593	0.00368	0.00125	0.00265	0.00468	0.72771	0.00514
74	0.00795	0.00579	0.00841	0.00840	0.00943	0.00550	0.06465	0.00982	0.04721	0.05321	0.04296	0.60089	0.04629	0.05453	0.00734	0.00214	0.00362	0.01246	0.00463	0.00477
75	0.02302	0.00873	0.01191	0.00913	0.01310	0.00754	0.00754	0.02501	0.01469	0.79122	0.02024	0.01746	0.01270	0.00635	0.00516	0.00159	0.00437	0.00516	0.00635	0.00873
76	0.01198	0.01364	0.02975	0.02131	0.02640	0.01279	0.75248	0.01623	0.01206	0.01636	0.01077	0.03122	0.00835	0.00458	0.00607	0.00174	0.00853	0.00624	0.00264	0.00686
77	0.00627	0.00521	0.00549	0.00542	0.00706	0.00442	0.00406	0.00777	0.01219	0.01503	0.17962	0.04746	0.65722	0.01256	0.00606	0.00171	0.00257	0.01056	0.00492	0.00442
78	0.01681	0.01247	0.01395	0.01115	0.01456	0.01361	0.02685	0.60724	0.02112	0.02830	0.01531	0.16547	0.01350	0.00800	0.00542	0.00165	0.00521	0.00655	0.00500	0.00781
79	0.01642	0.01144	0.01217	0.00968	0.01286	0.01251	0.00786	0.53841	0.01996	0.02809	0.01366	0.01473	0.01020	0.02429	0.00516	0.00152	0.00471	0.00473	0.24411	0.00748
80	0.00719	0.00513	0.00691	0.00712	0.00760	0.00551	0.00496	0.00821	0.00825	0.01143	0.01716	0.16518	0.01860	0.30945	0.38752	0.00601	0.00876	0.00779	0.00323	0.00399
81	0.00891	0.00446	0.00668	0.00668	0.00668	0.00446	0.00446	0.00668	0.00668	0.00891	0.00891	0.01560	0.00891	0.01783	0.02005	0.85071	0.00446	0.00446	0.00223	0.00223
82	0.01064	0.00912	0.01064	0.00760	0.01216	0.00684	0.00608	0.01292	0.01064	0.01672	0.00912	0.01064	0.00760	0.00380	0.00380	0.00076	0.00380	0.00304	0.00304	0.85104
83	0.07665	0.00918	0.01040	0.00753	0.01199	0.00720	0.00604	0.01309	0.01049	0.01721	0.00897	0.01046	0.00744	0.00388	0.00375	0.00082	0.00381	0.00302	0.00305	0.78502
84	0.00870	0.00760	0.00920	0.00890	0.00982	0.07708	0.00685	0.01029	0.00871	0.01185	0.01286	0.01955	0.01225	0.09627	0.60295	0.00688	0.07750	0.00538	0.00273	0.00467
85	0.01170	0.01117	0.01902	0.28961	0.53738	0.01193	0.01525	0.01487	0.01121	0.01555	0.00947	0.01303	0.00770	0.00476	0.00510	0.00159	0.00634	0.00457	0.00245	0.00732
86	0.01004	0.00971	0.01564	0.76662	0.03454	0.03704	0.02842	0.01341	0.01043	0.01316	0.00911	0.01354	0.00685	0.00512	0.00513	0.00170	0.00695	0.00455	0.00230	0.00573
87	0.00969	0.00912	0.01539	0.80734	0.03534	0.01140	0.01425	0.01311	0.01026	0.01311	0.00912	0.01368	0.00684	0.00513	0.00513	0.00171	0.00684	0.00456	0.00228	0.00570
88	0.00645	0.00526	0.00573	0.00575	0.00735	0.00454	0.00441	0.00803	0.01220	0.01516	0.17931	0.04809	0.59654	0.01265	0.00614	0.00176	0.00273	0.06852	0.00492	0.00445
89	0.00665	0.00456	0.00581	0.00676	0.00726	0.00427	0.00459	0.00779	0.01017	0.01407	0.05235	0.66217	0.06916	0.01459	0.00617	0.00195	0.00287	0.01311	0.10144	0.00427
90	0.00716	0.00524	0.00672	0.00635	0.00760	0.00480	0.00476	0.00949	0.01429	0.02001	0.72328	0.03926	0.11045	0.01070	0.00605	0.00162	0.00244	0.00941	0.00557	0.00480
91	0.01123	0.01123	0.01572	0.01347	0.01347	0.01572	0.01123	0.01235	0.00786	0.01235	0.00674	0.01123	0.00674	0.00898	0.01684	0.00225	0.81028	0.00449	0.00225	0.00561
92	0.01029	0.02654	0.79309	0.01462	0.02221	0.01192	0.01896	0.01625	0.01083	0.01625	0.00921	0.01083	0.00650	0.00487	0.00487	0.00162	0.00758	0.00379	0.00217	0.00758
93	0.02302	0.00873	0.01191	0.00913	0.01310	0.00754	0.00754	0.02501	0.01469	0.79122	0.02024	0.01746	0.01270	0.00635	0.00516	0.00159	0.00437	0.00516	0.00635	0.00873
94	0.85592	0.00992	0.00754	0.00675	0.00992	0.01151	0.00556	0.01508	0.00873	0.02302	0.00714	0.00834	0.00556	0.00476	0.00318	0.00159	0.00397	0.00278	0.00318	0.00556
95	0.01123	0.01123	0.01572	0.01347	0.01347	0.01572	0.01123	0.01235	0.00786	0.01235	0.00674	0.01123	0.00674	0.00898	0.01684	0.00225	0.81028	0.00449	0.00225	0.00561
96	0.00641	0.00459	0.00610	0.00704	0.00748	0.00427	0.00478	0.00755	0.01057	0.01428	0.14833	0.69289	0.03623	0.01519	0.00647	0.00201	0.00289	0.01374	0.00490	0.00427
97	0.00629	0.00451	0.00598	0.00708	0.00744	0.00420	0.00475	0.00725	0.01005	0.01341	0.05925	0.77140	0.04776	0.01580	0.00652	0.00206	0.00295	0.01431	0.00480	0.00420
98	0.00935	0.00759	0.00858	0.00792	0.00988	0.00800	0.00606	0.01655	0.32510	0.02009	0.38169	0.03191	0.12786	0.00937	0.00572	0.00168	0.00311	0.00806	0.00536	0.00611

[dist]
# distance from previous block
# <min> <max>
0	7

[block]
# block no. 3 follows, 48 sequences, length 144
# corresponding to MSA columns:
# 392-433,435-536
name=unknown_D
#
# <colnr> <probs for GDERKNQSTAVLIFYWHMCP>
#	G	D	E	R	K	N	Q	S	T	A	V	L	I	F	Y	W	H	M	C	P
0	0.02294	0.00886	0.01198	0.00919	0.01316	0.00773	0.00759	0.04143	0.01489	0.77450	0.02007	0.01735	0.01261	0.00635	0.00516	0.00159	0.00439	0.00515	0.00632	0.00873
1	0.00733	0.00550	0.00825	0.00825	0.00916	0.00641	0.00641	0.00916	0.00825	0.01191	0.01374	0.02016	0.01283	0.03848	0.79934	0.00825	0.01374	0.00550	0.00275	0.00458
2	0.00628	0.00448	0.00595	0.00711	0.00740	0.00419	0.00473	0.00715	0.00977	0.01303	0.02801	0.79856	0.03359	0.03432	0.00699	0.00215	0.00302	0.01443	0.00473	0.00414
3	0.00792	0.00565	0.00786	0.00905	0.01007	0.00560	0.00766	0.01002	0.01146	0.01496	0.02736	0.19030	0.03030	0.01451	0.00699	0.00231	0.00442	0.62419	0.00473	0.00463
4	0.85592	0.00992	0.00754	0.00675	0.00992	0.01151	0.00556	0.01508	0.00873	0.02302	0.00714	0.00834	0.00556	0.00476	0.00318	0.00159	0.00397	0.00278	0.00318	0.00556
5	0.00956	0.00478	0.00478	0.00478	0.00598	0.00478	0.00359	0.01196	0.01076	0.01913	0.01674	0.01913	0.01315	0.00598	0.00359	0.00120	0.00239	0.00478	0.84816	0.00478
6	0.01064	0.00912	0.01064	0.00760	0.01216	0.00684	0.00608	0.01292	0.01064	0.01672	0.00912	0.01064	0.00760	0.00380	0.00380	0.00076	0.00380	0.00304	0.00304	0.85104
7	0.00631	0.00519	0.00555	0.00550	0.00709	0.00443	0.00411	0.00783	0.01222	0.01520	0.19961	0.06561	0.61844	0.01256	0.00607	0.00172	0.00257	0.01061	0.00494	0.00443
8	0.00969	0.00912	0.01539	0.80734	0.03534	0.01140	0.01425	0.01311	0.01026	0.01311	0.00912	0.01368	0.00684	0.00513	0.00513	0.00171	0.00684	0.00456	0.00228	0.00570
9	0.85592	0.00992	0.00754	0.00675	0.00992	0.01151	0.00556	0.01508	0.00873	0.02302	0.00714	0.00834	0.00556	0.00476	0.00318	0.00159	0.00397	0.00278	0.00318	0.00556
10	0.00726	0.00524	0.00686	0.00646	0.00767	0.00484	0.00484	0.00968	0.01452	0.02058	0.78496	0.03833	0.04841	0.01049	0.00605	0.00161	0.00242	0.00928	0.00565	0.00484
11	0.00617	0.00520	0.00535	0.00531	0.00700	0.00438	0.00399	0.00758	0.01196	0.01448	0.11952	0.04836	0.71766	0.01276	0.00606	0.00172	0.00258	0.01069	0.00485	0.00438
12	0.00625	0.00447	0.00595	0.00714	0.00744	0.00417	0.00476	0.00714	0.00982	0.01310	0.02828	0.81633	0.03394	0.01608	0.00655	0.00208	0.00298	0.01459	0.00476	0.00417
13	0.01372	0.82276	0.02689	0.00878	0.01317	0.02030	0.00878	0.01536	0.01043	0.01207	0.00713	0.00823	0.00658	0.00439	0.00329	0.00110	0.00549	0.00274	0.00219	0.00658
14	0.01261	0.00906	0.01084	0.00784	0.01231	0.00695	0.00631	0.01484	0.01128	0.13990	0.01089	0.01173	0.00841	0.00421	0.00402	0.00089	0.00389	0.00338	0.00357	0.71707
15	0.00704	0.00599	0.00786	0.00716	0.00884	0.00535	0.07463	0.00851	0.01113	0.01380	0.06598	0.06435	0.49683	0.13898	0.00929	0.00229	0.00368	0.05957	0.00433	0.00442
16	0.00780	0.00778	0.08078	0.00815	0.01024	0.00601	0.05721	0.01061	0.01386	0.01951	0.61950	0.03479	0.08423	0.00970	0.00594	0.00163	0.00332	0.00865	0.00507	0.00520
17	0.02271	0.00867	0.01183	0.00914	0.01305	0.00751	0.00756	0.02471	0.01463	0.77498	0.02039	0.01831	0.01305	0.00651	0.00520	0.00160	0.00437	0.02081	0.00632	0.00865
18	0.00783	0.00556	0.00759	0.00859	0.00952	0.00550	0.00708	0.00975	0.01123	0.01475	0.06265	0.17384	0.03013	0.08852	0.00871	0.00252	0.00436	0.53276	0.00463	0.00449
19	0.01189	0.01295	0.02668	0.11849	0.14860	0.01271	0.54280	0.01584	0.01174	0.01600	0.01004	0.01359	0.00770	0.00455	0.00600	0.00170	0.02361	0.00561	0.00254	0.00694
20	0.00930	0.00669	0.00893	0.00967	0.01112	0.00683	0.00841	0.08065	0.01295	0.01692	0.02580	0.05368	0.02761	0.01344	0.00691	0.00229	0.00481	0.68416	0.00476	0.00509
21	0.85592	0.00992	0.00754	0.00675	0.00992	0.01151	0.00556	0.01508	0.00873	0.02302	0.00714	0.00834	0.00556	0.00476	0.00318	0.00159	0.00397	0.00278	0.00318	0.00556
22	0.00616	0.00520	0.00533	0.00530	0.00699	0.00437	0.00398	0.00755	0.01193	0.01441	0.11199	0.04848	0.72523	0.01279	0.00606	0.00172	0.00258	0.01070	0.00484	0.00437
23	0.01281	0.01385	0.02865	0.02099	0.04622	0.01323	0.67886	0.08591	0.01321	0.01791	0.01054	0.01367	0.00788	0.00450	0.00594	0.00171	0.00831	0.00588	0.00283	0.00712
24	0.85592	0.00992	0.00754	0.00675	0.00992	0.01151	0.00556	0.01508	0.00873	0.02302	0.00714	0.00834	0.00556	0.00476	0.00318	0.00159	0.00397	0.00278	0.00318	0.00556
25	0.01209	0.01379	0.02998	0.02146	0.02654	0.01303	0.75361	0.01635	0.01202	0.01635	0.01031	0.01379	0.00776	0.00442	0.00627	0.00174	0.02497	0.00602	0.00259	0.00689
26	0.02302	0.00873	0.01191	0.00913	0.01310	0.00754	0.00754	0.02501	0.01469	0.79122	0.02024	0.01746	0.01270	0.00635	0.00516	0.00159	0.00437	0.00516	0.00635	0.00873
27	0.85592	0.00992	0.00754	0.00675	0.00992	0.01151	0.00556	0.01508	0.00873	0.02302	0.00714	0.00834	0.00556	0.00476	0.00318	0.00159	0.00397	0.00278	0.00318	0.00556
28	0.01261	0.01089	0.01145	0.01032	0.01319	0.01257	0.00802	0.02681	0.76073	0.02129	0.02160	0.01984	0.03341	0.00710	0.00524	0.00174	0.00403	0.00592	0.00521	0.00803
29	0.01211	0.01384	0.03028	0.02163	0.02682	0.01298	0.76903	0.01644	0.01211	0.01644	0.01038	0.01384	0.00779	0.00433	0.00606	0.00173	0.00865	0.00606	0.00260	0.00692
30	0.00746	0.00497	0.00560	0.00560	0.00560	0.00497	0.00311	0.00746	0.00746	0.00995	0.01617	0.03358	0.01865	0.81967	0.02612	0.00497	0.00497	0.00746	0.00311	0.00311
31	0.00891	0.00446	0.00668	0.00668	0.00668	0.00446	0.00446	0.00668	0.00668	0.00891	0.00891	0.01560	0.00891	0.01783	0.02005	0.85071	0.00446	0.00446	0.00223	0.00223
32	0.01372	0.82276	0.02689	0.00878	0.01317	0.02030	0.00878	0.01536	0.01043	0.01207	0.00713	0.00823	0.00658	0.00439	0.00329	0.00110	0.00549	0.00274	0.00219	0.00658
33	0.01076	0.04435	0.69790	0.01496	0.02220	0.01213	0.07992	0.01640	0.01100	0.03033	0.00946	0.01114	0.00672	0.00485	0.00494	0.00162	0.00756	0.00398	0.00228	0.00753
34	0.01417	0.01390	0.01890	0.02591	0.56519	0.11408	0.01393	0.08668	0.06449	0.01797	0.01043	0.01265	0.00849	0.00497	0.00504	0.00151	0.00633	0.00449	0.00297	0.00790
35	0.00716	0.00511	0.00698	0.00811	0.00883	0.00494	0.00628	0.00874	0.01085	0.01434	0.05473	0.46136	0.03255	0.01506	0.00676	0.00219	0.00371	0.33309	0.00478	0.00443
36	0.01450	0.05659	0.40486	0.01378	0.01962	0.07114	0.10529	0.04863	0.01263	0.18670	0.01171	0.01247	0.00812	0.00519	0.00500	0.00158	0.00696	0.00431	0.00329	0.00763
37	0.03373	0.01839	0.01617	0.09070	0.21257	0.41399	0.01168	0.11201	0.01450	0.01635	0.00901	0.01090	0.00726	0.00519	0.00482	0.00144	0.00768	0.00389	0.00291	0.00681
38	0.01104	0.08317	0.69467	0.01413	0.02121	0.05681	0.01772	0.01643	0.01101	0.01574	0.00899	0.01056	0.00651	0.00486	0.00475	0.00157	0.00753	0.00369	0.00220	0.00742
39	0.00755	0.00550	0.00686	0.00752	0.00832	0.00534	0.00531	0.07766	0.01138	0.01503	0.02870	0.64626	0.09296	0.01483	0.00640	0.00202	0.00327	0.04567	0.00480	0.00463
40	0.04902	0.01048	0.08397	0.06298	0.01532	0.00844	0.00899	0.02311	0.02868	0.62672	0.01805	0.01632	0.01155	0.00609	0.00507	0.00160	0.00481	0.00493	0.00556	0.00830
41	0.02737	0.09135	0.54955	0.01521	0.02186	0.01272	0.16488	0.01608	0.01107	0.01613	0.02207	0.01161	0.00744	0.00482	0.00496	0.00160	0.00746	0.00422	0.00233	0.00728
42	0.72247	0.06564	0.00948	0.00748	0.01069	0.08467	0.00617	0.01560	0.00938	0.02132	0.00722	0.00841	0.00572	0.00479	0.00332	0.00153	0.00456	0.00282	0.00306	0.00566
43	0.01030	0.00997	0.01703	0.59663	0.10012	0.01203	0.07076	0.01352	0.01028	0.01361	0.00902	0.01335	0.00702	0.00542	0.00640	0.00175	0.08981	0.00467	0.00232	0.00600
44	0.00627	0.00448	0.00597	0.00713	0.00745	0.00418	0.00476	0.00719	0.00991	0.01324	0.04270	0.80150	0.03421	0.01597	0.00654	0.00207	0.00297	0.01449	0.00478	0.00418
45	0.01769	0.11694	0.01626	0.01120	0.01515	0.01597	0.00937	0.55602	0.14234	0.02802	0.01302	0.01288	0.00956	0.00606	0.00491	0.00152	0.00537	0.00457	0.00477	0.00836
46	0.42668	0.01297	0.08289	0.00939	0.01330	0.01293	0.00837	0.28880	0.02665	0.04407	0.01056	0.01115	0.02140	0.00550	0.00417	0.00158	0.00489	0.00379	0.00393	0.00698
47	0.01587	0.01105	0.01221	0.01032	0.01362	0.01212	0.00821	0.16182	0.47313	0.17541	0.01988	0.01823	0.03077	0.00683	0.00521	0.00167	0.00438	0.00557	0.00542	0.00827
48	0.01997	0.01073	0.01280	0.01010	0.01388	0.01085	0.00825	0.24683	0.14520	0.42281	0.03189	0.01659	0.01266	0.00647	0.00518	0.00160	0.00466	0.00518	0.00579	0.00856
49	0.00734	0.00495	0.00571	0.00580	0.00590	0.00489	0.00338	0.00758	0.00815	0.01095	0.06872	0.10602	0.02205	0.69149	0.02297	0.00448	0.00462	0.00824	0.00343	0.00332
50	0.01372	0.82276	0.02689	0.00878	0.01317	0.02030	0.00878	0.01536	0.01043	0.01207	0.00713	0.00823	0.00658	0.00439	0.00329	0.00110	0.00549	0.00274	0.00219	0.00658
51	0.00969	0.00912	0.01539	0.80734	0.03534	0.01140	0.01425	0.01311	0.01026	0.01311	0.00912	0.01368	0.00684	0.00513	0.00513	0.00171	0.00684	0.00456	0.00228	0.00570
52	0.00733	0.00550	0.00825	0.00825	0.00916	0.00641	0.00641	0.00916	0.00825	0.01191	0.01374	0.02016	0.01283	0.03848	0.79934	0.00825	0.01374	0.00550	0.00275	0.00458
53	0.01202	0.00715	0.00740	0.00651	0.00843	0.00753	0.00511	0.19907	0.01406	0.02239	0.01565	0.01745	0.01206	0.00602	0.00397	0.00128	0.00319	0.00474	0.64023	0.00576
54	0.00787	0.00578	0.00772	0.00869	0.00997	0.00562	0.00749	0.01005	0.01179	0.01509	0.03160	0.05636	0.16451	0.01396	0.00690	0.00225	0.00435	0.62060	0.00473	0.00465
55	0.00710	0.00524	0.00663	0.00628	0.00756	0.00477	0.00471	0.00936	0.01413	0.01965	0.68407	0.03985	0.14988	0.01083	0.00605	0.00163	0.00245	0.00949	0.00553	0.00477
56	0.00625	0.00447	0.00595	0.00714	0.00744	0.00417	0.00476	0.00714	0.00982	0.01310	0.02828	0.81633	0.03394	0.01608	0.00655	0.00208	0.00298	0.01459	0.00476	0.00417
57	0.00746	0.00499	0.00567	0.00567	0.00569	0.00501	0.00320	0.00751	0.00748	0.01000	0.01610	0.03322	0.01850	0.79872	0.04686	0.00506	0.00521	0.00741	0.00310	0.00315
58	0.04129	0.00888	0.01189	0.00913	0.01309	0.00781	0.00755	0.04089	0.01476	0.75791	0.01978	0.01715	0.01246	0.00631	0.00512	0.00159	0.00439	0.00510	0.00625	0.00866
59	0.85592	0.00992	0.00754	0.00675	0.00992	0.01151	0.00556	0.01508	0.00873	0.02302	0.00714	0.00834	0.00556	0.00476	0.00318	0.00159	0.00397	0.00278	0.00318	0.00556
