[name]
unknown

[dist]
# distance from previous block
# <min> <max>
0	169

[block]
# block no. 0 follows, 47 sequences, length 34
# corresponding to MSA columns:
# 170-203
name=unknown_A
#
# <colnr> <probs for GDERKNQSTAVLIFYWHMCP>
#	G	D	E	R	K	N	Q	S	T	A	V	L	I	F	Y	W	H	M	C	P
0	0.07736	0.01077	0.04482	0.21582	0.09187	0.01076	0.01060	0.13055	0.02865	0.02787	0.01288	0.02904	0.02503	0.00634	0.00523	0.00157	0.02007	0.07700	0.00344	0.17032
1	0.05731	0.00944	0.01137	0.00943	0.01280	0.00921	0.00774	0.13239	0.09720	0.30759	0.04749	0.03727	0.01595	0.00762	0.00533	0.00165	0.00446	0.11525	0.00529	0.10520
2	0.07611	0.06265	0.47563	0.01263	0.01838	0.01130	0.04667	0.01583	0.04200	0.03740	0.04479	0.08441	0.01148	0.00624	0.00497	0.00164	0.00635	0.00513	0.00295	0.03343
3	0.01537	0.01112	0.01373	0.01091	0.01420	0.01165	0.07015	0.36230	0.03726	0.10361	0.02039	0.08406	0.12819	0.00830	0.00632	0.01985	0.03752	0.00661	0.00479	0.03368
4	0.01354	0.01036	0.01144	0.00970	0.01280	0.01089	0.00761	0.20575	0.28612	0.05970	0.01982	0.13605	0.05174	0.00802	0.00530	0.00161	0.00426	0.00671	0.00491	0.13369
5	0.01106	0.01094	0.01566	0.11939	0.01649	0.01507	0.01164	0.01251	0.00835	0.01266	0.00770	0.03163	0.00754	0.00877	0.01524	0.00220	0.68031	0.00482	0.00235	0.00567
6	0.01135	0.01155	0.01857	0.01496	0.01671	0.02607	0.21460	0.01436	0.06409	0.01429	0.01046	0.05074	0.00959	0.02086	0.06031	0.00249	0.42453	0.00564	0.00276	0.00608
7	0.00960	0.00875	0.01449	0.66389	0.04436	0.01064	0.01342	0.01285	0.01064	0.01367	0.01223	0.04108	0.01078	0.00672	0.00551	0.00183	0.00654	0.10462	0.00272	0.00565
8	0.00651	0.00460	0.00599	0.00704	0.00730	0.00434	0.00461	0.00729	0.00965	0.01287	0.02706	0.70921	0.03237	0.12352	0.00931	0.00251	0.00329	0.01384	0.00461	0.00409
9	0.00893	0.00809	0.01108	0.00996	0.01140	0.06820	0.10765	0.01064	0.00983	0.01302	0.01808	0.17220	0.05808	0.11816	0.30321	0.00466	0.03288	0.00772	0.02139	0.00484
10	0.07219	0.27154	0.31454	0.01108	0.01611	0.01337	0.02545	0.01558	0.01090	0.07510	0.01201	0.11802	0.01080	0.00641	0.00459	0.00154	0.00590	0.00505	0.00297	0.00684
11	0.00751	0.00504	0.00575	0.00579	0.00585	0.00501	0.00330	0.00765	0.00797	0.01068	0.04760	0.07011	0.02085	0.74790	0.02478	0.00478	0.00485	0.00798	0.00334	0.00328
12	0.01645	0.00733	0.00987	0.00809	0.01091	0.00647	0.00647	0.01865	0.01483	0.45619	0.34986	0.02689	0.02857	0.00826	0.00563	0.00162	0.00358	0.00705	0.00614	0.00715
13	0.12520	0.01179	0.01884	0.09787	0.61368	0.01221	0.01446	0.01565	0.01133	0.01753	0.00941	0.01239	0.00778	0.00472	0.00490	0.00157	0.00597	0.00440	0.00264	0.00768
14	0.01375	0.01103	0.01208	0.01195	0.08324	0.05663	0.00838	0.06552	0.41531	0.08969	0.01845	0.03027	0.01499	0.11539	0.00815	0.00216	0.00487	0.02607	0.00469	0.00738
15	0.01898	0.00835	0.01086	0.00866	0.01181	0.00762	0.00688	0.07861	0.01465	0.52948	0.11446	0.02215	0.01791	0.11548	0.00820	0.00207	0.00437	0.00603	0.00582	0.00760
16	0.00646	0.00471	0.00610	0.00698	0.00754	0.00434	0.00476	0.00762	0.01078	0.01438	0.13174	0.63969	0.10515	0.01527	0.00653	0.00202	0.00291	0.01373	0.00495	0.00434
17	0.00635	0.00532	0.00547	0.00553	0.00714	0.00457	0.00407	0.00783	0.02554	0.01399	0.04899	0.10337	0.68404	0.04587	0.00700	0.00192	0.00279	0.01103	0.00478	0.00440
18	0.02837	0.01295	0.01825	0.10559	0.41999	0.12243	0.07148	0.01560	0.01248	0.01663	0.11286	0.01599	0.01329	0.00559	0.00527	0.00157	0.00638	0.00518	0.00300	0.00709
19	0.00754	0.00653	0.00901	0.00770	0.00991	0.00576	0.11735	0.00947	0.01181	0.01517	0.04168	0.04063	0.56407	0.01092	0.00582	0.00169	0.00352	0.00945	0.11712	0.00485
20	0.00825	0.00607	0.00802	0.00965	0.11053	0.00606	0.00544	0.00893	0.00866	0.01170	0.01723	0.09325	0.01939	0.57484	0.03457	0.00422	0.00519	0.06063	0.00332	0.00406
21	0.01235	0.00677	0.00868	0.00758	0.00954	0.00633	0.00582	0.05601	0.01426	0.22225	0.40493	0.03200	0.03250	0.11741	0.00862	0.00211	0.00360	0.03779	0.00551	0.00594
22	0.01193	0.01100	0.06745	0.01036	0.01240	0.01138	0.00870	0.18626	0.01306	0.01849	0.11417	0.01976	0.01542	0.16842	0.01285	0.00242	0.23521	0.00567	0.00365	0.07139
23	0.01097	0.00941	0.01087	0.00794	0.01243	0.00741	0.00633	0.01424	0.07011	0.01734	0.01018	0.01147	0.00835	0.00411	0.00397	0.00085	0.00388	0.00330	0.00326	0.78359
24	0.13423	0.00700	0.00872	0.00844	0.00998	0.00814	0.00661	0.01265	0.11110	0.01507	0.01392	0.01853	0.01231	0.02968	0.57230	0.00648	0.01116	0.00521	0.00319	0.00528
25	0.01990	0.01042	0.01257	0.01015	0.01333	0.06538	0.00827	0.03519	0.06672	0.52470	0.05594	0.01738	0.01360	0.00698	0.00683	0.00169	0.11221	0.00526	0.00548	0.00800
26	0.01296	0.01135	0.01410	0.01173	0.01487	0.02695	0.10938	0.11019	0.45727	0.02209	0.13178	0.02061	0.01878	0.00711	0.00552	0.00171	0.00479	0.00626	0.00495	0.00761
27	0.00737	0.00532	0.00696	0.00655	0.00778	0.00491	0.00491	0.00983	0.01474	0.02088	0.78175	0.03890	0.04914	0.01065	0.00614	0.00164	0.00246	0.00942	0.00573	0.00491
28	0.00971	0.00485	0.00485	0.00485	0.00607	0.00485	0.00364	0.01213	0.01092	0.01942	0.01699	0.01942	0.01335	0.00607	0.00364	0.00121	0.00243	0.00485	0.84589	0.00485
29	0.01316	0.64534	0.19536	0.01022	0.01539	0.01873	0.01119	0.01579	0.01067	0.01319	0.00770	0.00894	0.00666	0.00456	0.00370	0.00123	0.00604	0.00302	0.00222	0.00691
30	0.00664	0.00474	0.00638	0.00759	0.00802	0.00448	0.00534	0.00776	0.01026	0.01362	0.02854	0.70558	0.03380	0.01604	0.00673	0.00216	0.00328	0.11992	0.00483	0.00431
31	0.00745	0.00552	0.00807	0.00807	0.00889	0.00635	0.00613	0.00911	0.00828	0.01187	0.01422	0.02198	0.01368	0.12608	0.71023	0.00800	0.01295	0.00580	0.00283	0.00448
32	0.01018	0.00513	0.00521	0.00508	0.00641	0.00513	0.00384	0.02707	0.01127	0.03551	0.01697	0.01925	0.01325	0.00608	0.00370	0.00123	0.00253	0.00486	0.81227	0.00501
33	0.71568	0.06911	0.00960	0.00740	0.01073	0.04639	0.00617	0.01607	0.00954	0.05989	0.00794	0.00895	0.00612	0.00491	0.00340	0.00156	0.00439	0.00296	0.00329	0.00589

[dist]
# distance from previous block
# <min> <max>
1	3

[block]
# block no. 1 follows, 47 sequences, length 18
# corresponding to MSA columns:
# 207-224
name=unknown_B
#
# <colnr> <probs for GDERKNQSTAVLIFYWHMCP>
#	G	D	E	R	K	N	Q	S	T	A	V	L	I	F	Y	W	H	M	C	P
0	0.01319	0.00822	0.02930	0.00833	0.01118	0.00715	0.00672	0.05688	0.02999	0.22756	0.23894	0.12423	0.02474	0.00846	0.00565	0.00154	0.01982	0.00721	0.00511	0.16578
1	0.03903	0.66764	0.06910	0.00918	0.01344	0.03758	0.00915	0.01523	0.01046	0.01277	0.00797	0.00989	0.00732	0.03165	0.03993	0.00162	0.00610	0.00314	0.00232	0.00649
2	0.01418	0.01021	0.05337	0.00963	0.01276	0.00981	0.00805	0.04472	0.34337	0.20672	0.12164	0.02463	0.06871	0.00797	0.00551	0.00173	0.00416	0.03988	0.00541	0.00754
3	0.01240	0.46714	0.34411	0.01151	0.01719	0.01693	0.01328	0.01588	0.01068	0.01402	0.00810	0.00954	0.00665	0.00479	0.00440	0.00137	0.02942	0.00328	0.00222	0.00708
4	0.01292	0.01273	0.02015	0.11869	0.65546	0.05711	0.01547	0.01595	0.01186	0.01635	0.00963	0.01280	0.00801	0.00475	0.00514	0.00156	0.00646	0.00457	0.00255	0.00784
5	0.00893	0.00458	0.00682	0.00682	0.00686	0.00462	0.00457	0.00692	0.00688	0.00921	0.00948	0.01658	0.00952	0.04333	0.05372	0.78686	0.00494	0.00466	0.00231	0.00239
6	0.05038	0.38095	0.15068	0.00944	0.01371	0.01401	0.00959	0.01624	0.01137	0.13345	0.04602	0.04705	0.01125	0.00661	0.02402	0.00156	0.00545	0.00436	0.05706	0.00679
7	0.07081	0.26375	0.32511	0.01117	0.01663	0.01378	0.01244	0.01785	0.04258	0.14354	0.01192	0.01240	0.02630	0.00532	0.00443	0.00148	0.00599	0.00394	0.00317	0.00739
8	0.02269	0.00908	0.01206	0.00929	0.01323	0.00808	0.00766	0.07068	0.01536	0.71589	0.01993	0.01746	0.01266	0.00642	0.00518	0.00160	0.00444	0.00519	0.03437	0.00873
9	0.06339	0.01231	0.02471	0.01806	0.02259	0.01151	0.56333	0.01523	0.01168	0.01675	0.01220	0.10088	0.01065	0.00567	0.00580	0.00169	0.00739	0.00660	0.00295	0.08660
10	0.00690	0.00541	0.00572	0.00557	0.00734	0.00457	0.00420	0.00838	0.01232	0.04170	0.13988	0.04764	0.66697	0.01265	0.00612	0.00174	0.00268	0.01060	0.00500	0.00461
11	0.71324	0.01036	0.00870	0.00749	0.01086	0.01173	0.00617	0.08027	0.01070	0.08808	0.00881	0.00958	0.00652	0.00509	0.00356	0.00161	0.00421	0.00318	0.00366	0.00618
12	0.01168	0.01185	0.01649	0.09105	0.06030	0.04711	0.02842	0.01323	0.00880	0.01296	0.00737	0.01170	0.00695	0.00823	0.01452	0.00213	0.63445	0.00455	0.00232	0.00589
13	0.00745	0.00555	0.00820	0.00820	0.00908	0.00642	0.00630	0.00919	0.00832	0.01197	0.01410	0.02130	0.01338	0.08708	0.74882	0.00816	0.01340	0.00570	0.00281	0.00456
14	0.00638	0.00531	0.00559	0.00560	0.00728	0.00452	0.00425	0.00786	0.01216	0.01482	0.12505	0.04938	0.67462	0.01299	0.00620	0.00178	0.00272	0.04411	0.00492	0.00447
15	0.85377	0.01007	0.00765	0.00685	0.01007	0.01168	0.00564	0.01531	0.00886	0.02336	0.00725	0.00846	0.00564	0.00483	0.00322	0.00161	0.00403	0.00282	0.00322	0.00564
16	0.00635	0.00528	0.00555	0.00549	0.00716	0.00448	0.00411	0.00786	0.01234	0.01519	0.17273	0.04827	0.66170	0.01277	0.00615	0.00174	0.00261	0.01073	0.00498	0.00448
17	0.05115	0.75440	0.02568	0.00873	0.01302	0.01964	0.00862	0.01537	0.01066	0.01306	0.03536	0.00947	0.00818	0.00470	0.00344	0.00116	0.00539	0.00303	0.00240	0.00657

[dist]
# distance from previous block
# <min> <max>
0	38

[block]
# block no. 2 follows, 47 sequences, length 7
# corresponding to MSA columns:
# 263-269
name=unknown_C
#
# <colnr> <probs for GDERKNQSTAVLIFYWHMCP>
#	G	D	E	R	K	N	Q	S	T	A	V	L	I	F	Y	W	H	M	C	P
0	0.05513	0.03563	0.04636	0.00838	0.01112	0.00799	0.00696	0.01701	0.12448	0.21088	0.30558	0.07724	0.02736	0.00847	0.00546	0.00163	0.00370	0.00720	0.00529	0.03413
1	0.01701	0.05843	0.07997	0.01082	0.01476	0.01300	0.00950	0.40591	0.05713	0.13793	0.09900	0.04422	0.01482	0.00695	0.00524	0.00159	0.00516	0.00553	0.00502	0.00801
2	0.01826	0.01179	0.01334	0.01079	0.01440	0.01259	0.00880	0.38530	0.16406	0.20662	0.01741	0.04524	0.01316	0.00723	0.00539	0.00168	0.00497	0.04512	0.00548	0.00836
3	0.01869	0.01481	0.01487	0.01168	0.01556	0.08804	0.00949	0.62425	0.02222	0.02925	0.01265	0.04837	0.00975	0.00650	0.00516	0.00153	0.00585	0.00494	0.00485	0.05154
4	0.58055	0.01022	0.05193	0.00754	0.01089	0.01027	0.00655	0.01574	0.01005	0.12408	0.01368	0.01424	0.07958	0.00727	0.03708	0.00191	0.00457	0.00408	0.00373	0.00603
5	0.00667	0.00515	0.00609	0.00617	0.00743	0.00457	0.00451	0.00836	0.01263	0.01661	0.33586	0.19680	0.34480	0.01280	0.00625	0.00178	0.00264	0.01112	0.00519	0.00457
6	0.12540	0.03476	0.08145	0.04541	0.05701	0.23570	0.01030	0.25048	0.01612	0.02118	0.02883	0.01337	0.04610	0.00597	0.00481	0.00152	0.00657	0.00436	0.00364	0.00702

[dist]
# distance from previous block
# <min> <max>
0	1

[block]
# block no. 3 follows, 47 sequences, length 8
# corresponding to MSA columns:
# 271-278
name=unknown_D
#
# <colnr> <probs for GDERKNQSTAVLIFYWHMCP>
#	G	D	E	R	K	N	Q	S	T	A	V	L	I	F	Y	W	H	M	C	P
0	0.01088	0.13854	0.35761	0.01331	0.01834	0.01232	0.12227	0.03869	0.01126	0.01579	0.01261	0.14397	0.01167	0.00692	0.00564	0.00167	0.03997	0.00592	0.02589	0.00675
1	0.01325	0.02513	0.00978	0.02340	0.02896	0.00680	0.00660	0.01572	0.04497	0.27734	0.18843	0.16593	0.08547	0.00970	0.00572	0.00170	0.00370	0.03480	0.00535	0.04727
2	0.01207	0.01078	0.01679	0.45897	0.17307	0.01244	0.03294	0.13827	0.01297	0.01730	0.01043	0.03689	0.00834	0.00570	0.00563	0.00170	0.03108	0.00498	0.00292	0.00674
3	0.01229	0.11667	0.51101	0.01402	0.02015	0.14242	0.05245	0.01680	0.01160	0.01529	0.00959	0.03711	0.00761	0.00531	0.00484	0.00156	0.00763	0.00412	0.00239	0.00716
4	0.01342	0.00846	0.04321	0.00976	0.02547	0.02187	0.05613	0.01577	0.03362	0.28009	0.06496	0.25865	0.08832	0.01035	0.00592	0.00182	0.00431	0.04632	0.00511	0.00644
5	0.00882	0.00468	0.00666	0.00659	0.00689	0.00461	0.00452	0.00771	0.00842	0.01182	0.13736	0.01992	0.01601	0.01591	0.01669	0.64183	0.00402	0.00536	0.06926	0.00290
6	0.01084	0.05633	0.60181	0.01505	0.04945	0.01309	0.01740	0.01578	0.01051	0.01568	0.00886	0.01102	0.00670	0.00560	0.00690	0.00173	0.13971	0.00395	0.00223	0.00735
7	0.04976	0.01427	0.01425	0.01220	0.04034	0.13675	0.03293	0.44582	0.01914	0.02502	0.01412	0.14430	0.01257	0.00761	0.00532	0.00163	0.00590	0.00612	0.00450	0.00744

[dist]
# distance from previous block
# <min> <max>
0	1

[block]
# block no. 4 follows, 47 sequences, length 16
# corresponding to MSA columns:
# 280-295
name=unknown_E
#
# <colnr> <probs for GDERKNQSTAVLIFYWHMCP>
#	G	D	E	R	K	N	Q	S	T	A	V	L	I	F	Y	W	H	M	C	P
0	0.01200	0.01203	0.02090	0.06228	0.13209	0.06138	0.35254	0.01529	0.01170	0.01650	0.01167	0.03336	0.00946	0.00543	0.00603	0.00163	0.05501	0.00552	0.16869	0.00650
1	0.07048	0.00913	0.03901	0.48971	0.05807	0.01015	0.01232	0.01282	0.01050	0.01451	0.01273	0.02229	0.01154	0.00764	0.00625	0.04709	0.00617	0.15113	0.00287	0.00556
2	0.17838	0.01183	0.01833	0.04898	0.61072	0.01221	0.01390	0.01577	0.01123	0.01816	0.00928	0.01205	0.00770	0.00469	0.00478	0.00156	0.00578	0.00428	0.00270	0.00767
3	0.04981	0.01058	0.01117	0.00903	0.01229	0.08539	0.00717	0.10589	0.02787	0.16537	0.16432	0.03799	0.01759	0.00669	0.00529	0.00138	0.02900	0.00534	0.00452	0.24329
4	0.00726	0.00524	0.00723	0.00747	0.00805	0.00569	0.00534	0.00846	0.00848	0.01183	0.01747	0.18006	0.01873	0.23027	0.44719	0.00630	0.00956	0.00790	0.00328	0.00419
5	0.01277	0.05992	0.01334	0.16659	0.01775	0.03923	0.00934	0.02265	0.47034	0.05099	0.01815	0.01796	0.03763	0.00655	0.00512	0.00167	0.00490	0.00541	0.00440	0.03531
6	0.01729	0.00925	0.01155	0.00973	0.01285	0.00916	0.00805	0.17343	0.06448	0.34840	0.07984	0.02658	0.01846	0.00932	0.02950	0.00197	0.00488	0.15205	0.00563	0.00758
7	0.01163	0.13520	0.38472	0.04686	0.01991	0.01378	0.07996	0.01822	0.16131	0.01658	0.01133	0.01269	0.00858	0.00549	0.00559	0.00164	0.05186	0.00437	0.00286	0.00741
8	0.00802	0.00588	0.00764	0.16297	0.01162	0.00633	0.00538	0.00870	0.00813	0.01073	0.01500	0.03010	0.01657	0.65714	0.02231	0.00440	0.00542	0.00699	0.00299	0.00367
9	0.00864	0.00652	0.00865	0.01082	0.15968	0.00637	0.00619	0.01011	0.01010	0.01423	0.02361	0.05394	0.18750	0.26233	0.05758	0.00304	0.00472	0.00738	0.15373	0.00486
10	0.02958	0.06005	0.49943	0.01459	0.05433	0.01281	0.04753	0.01852	0.16141	0.01742	0.01155	0.01270	0.00855	0.00539	0.00523	0.00166	0.02439	0.00432	0.00287	0.00766
11	0.00876	0.00536	0.00674	0.00698	0.00814	0.00482	0.00495	0.00994	0.01120	0.11962	0.07614	0.45405	0.19161	0.05712	0.00739	0.00210	0.00321	0.01198	0.00502	0.00488
12	0.01327	0.57358	0.02168	0.00876	0.01215	0.10144	0.00790	0.01458	0.01044	0.01188	0.00913	0.01353	0.00910	0.16455	0.00805	0.00191	0.00588	0.00379	0.00246	0.00592
13	0.01063	0.00907	0.01061	0.00770	0.01216	0.00684	0.00612	0.01289	0.01077	0.01683	0.01001	0.04181	0.00875	0.00434	0.00396	0.00082	0.00382	0.00354	0.00315	0.81619
14	0.01262	0.00832	0.00900	0.00794	0.01004	0.00885	0.00616	0.27288	0.03522	0.02291	0.01785	0.17340	0.01601	0.00817	0.00482	0.00153	0.00373	0.00678	0.36755	0.00620
15	0.01171	0.04830	0.03310	0.02451	0.07503	0.00920	0.15717	0.02509	0.06007	0.11672	0.12121	0.03926	0.14103	0.00858	0.00586	0.00176	0.00508	0.10555	0.00435	0.00642

[dist]
# distance from previous block
# <min> <max>
0	11

[block]
# block no. 5 follows, 47 sequences, length 9
# corresponding to MSA columns:
# 307-315
name=unknown_F
#
# <colnr> <probs for GDERKNQSTAVLIFYWHMCP>
#	G	D	E	R	K	N	Q	S	T	A	V	L	I	F	Y	W	H	M	C	P
0	0.01122	0.22503	0.49044	0.01232	0.01842	0.01358	0.01478	0.03761	0.01157	0.01608	0.06049	0.01382	0.04227	0.00558	0.00468	0.00152	0.00655	0.00426	0.00263	0.00716
1	0.04577	0.46150	0.02099	0.01033	0.01398	0.28739	0.00900	0.01751	0.03759	0.01320	0.00953	0.01050	0.03326	0.00517	0.00397	0.00125	0.00669	0.00336	0.00261	0.00640
2	0.00667	0.00485	0.00591	0.00649	0.00708	0.00450	0.00432	0.00760	0.01026	0.01346	0.10037	0.43512	0.17101	0.18497	0.01072	0.00263	0.00333	0.01207	0.00456	0.00410
3	0.09858	0.15573	0.53366	0.01349	0.02003	0.01353	0.06419	0.01623	0.01079	0.01651	0.00886	0.01049	0.00660	0.00482	0.00458	0.00156	0.00703	0.00371	0.00234	0.00727
4	0.01380	0.06184	0.01301	0.01104	0.07120	0.01038	0.03068	0.18853	0.08128	0.12539	0.04582	0.10213	0.13171	0.02895	0.00596	0.00172	0.00456	0.02029	0.00468	0.04705
5	0.03479	0.01183	0.01911	0.03156	0.04115	0.07110	0.29740	0.02971	0.01082	0.01483	0.01152	0.06382	0.01060	0.06537	0.11386	0.00292	0.15481	0.00599	0.00282	0.00597
6	0.00722	0.00497	0.00660	0.00738	0.00789	0.00481	0.00512	0.00850	0.04373	0.01390	0.09741	0.55420	0.03120	0.01552	0.00851	0.12226	0.00332	0.04865	0.00457	0.00422
7	0.06549	0.01448	0.09799	0.05506	0.12588	0.03334	0.43871	0.01599	0.01163	0.01661	0.01039	0.03710	0.00836	0.00512	0.00610	0.00173	0.04085	0.00557	0.00266	0.00694
8	0.01286	0.39901	0.30405	0.01303	0.07160	0.06058	0.01323	0.01668	0.03859	0.01451	0.00874	0.01010	0.00710	0.00479	0.00420	0.00138	0.00655	0.00345	0.00238	0.00718

[dist]
# distance from previous block
# <min> <max>
0	4

[block]
# block no. 6 follows, 47 sequences, length 42
# corresponding to MSA columns:
# 320-361
name=unknown_G
#
# <colnr> <probs for GDERKNQSTAVLIFYWHMCP>
#	G	D	E	R	K	N	Q	S	T	A	V	L	I	F	Y	W	H	M	C	P
0	0.08768	0.01260	0.03887	0.01099	0.08533	0.22396	0.00775	0.01349	0.03000	0.01514	0.04176	0.13188	0.26191	0.00938	0.00539	0.00165	0.00523	0.00764	0.00381	0.00553
1	0.01198	0.01267	0.06349	0.01514	0.01975	0.01115	0.35120	0.05889	0.10262	0.01827	0.03280	0.03177	0.01087	0.00532	0.00539	0.00151	0.00640	0.02032	0.00335	0.21709
2	0.02203	0.00872	0.01176	0.00914	0.01296	0.00766	0.00750	0.02449	0.04007	0.71524	0.06768	0.01909	0.01523	0.00673	0.00530	0.00162	0.00430	0.00552	0.00636	0.00860
3	0.01392	0.82012	0.02729	0.00891	0.01337	0.02061	0.00891	0.01559	0.01058	0.01225	0.00724	0.00835	0.00668	0.00446	0.00334	0.00111	0.00557	0.00278	0.00223	0.00668
4	0.00662	0.00514	0.00616	0.02138	0.00796	0.00464	0.00472	0.00811	0.01182	0.01530	0.20617	0.28480	0.34322	0.02659	0.00664	0.00191	0.00288	0.02651	0.00496	0.00447
5	0.00730	0.00532	0.00687	0.00648	0.00774	0.00488	0.00486	0.00969	0.01458	0.02050	0.74065	0.03953	0.09048	0.01079	0.00614	0.00164	0.00247	0.00951	0.00568	0.00488
6	0.01069	0.00630	0.00653	0.00607	0.00753	0.00657	0.00451	0.09442	0.05501	0.01971	0.01666	0.02071	0.01378	0.11902	0.00709	0.00182	0.00325	0.00527	0.58983	0.00524
7	0.00971	0.00485	0.00485	0.00485	0.00607	0.00485	0.00364	0.01213	0.01092	0.01942	0.01699	0.01942	0.01335	0.00607	0.00364	0.00121	0.00243	0.00485	0.84589	0.00485
8	0.00747	0.00510	0.00697	0.00797	0.00855	0.00497	0.00601	0.00853	0.01022	0.01348	0.02537	0.39827	0.02905	0.06652	0.00960	0.09438	0.00397	0.28500	0.00443	0.00416
9	0.01287	0.01287	0.02540	0.12279	0.03879	0.01304	0.50333	0.05167	0.01234	0.06010	0.01066	0.01389	0.00801	0.00516	0.00696	0.00178	0.08486	0.00565	0.00289	0.00694
10	0.01294	0.01397	0.01572	0.01362	0.01414	0.16543	0.01114	0.01412	0.00927	0.01257	0.00707	0.01101	0.00681	0.00840	0.01472	0.00210	0.65453	0.00433	0.00236	0.00576
11	0.00634	0.00453	0.00604	0.00725	0.00755	0.00423	0.00483	0.00725	0.00997	0.01329	0.02870	0.81358	0.03444	0.01632	0.00665	0.00211	0.00302	0.01480	0.00483	0.00423
12	0.01221	0.01379	0.02956	0.02116	0.02630	0.01296	0.71724	0.01644	0.01214	0.01661	0.01040	0.01385	0.00787	0.00446	0.00627	0.00172	0.02510	0.00598	0.00265	0.04328
13	0.00883	0.08992	0.00920	0.00768	0.00892	0.00702	0.00569	0.06025	0.01151	0.04069	0.08475	0.49093	0.04701	0.06743	0.00747	0.00212	0.00366	0.03738	0.00460	0.00495
14	0.04681	0.00520	0.00525	0.02549	0.00701	0.00533	0.00401	0.01230	0.01082	0.01943	0.01636	0.01879	0.01284	0.00599	0.00366	0.00124	0.00261	0.00476	0.78718	0.00491
15	0.00756	0.00506	0.00574	0.00572	0.00577	0.00504	0.00323	0.00767	0.00788	0.01056	0.04939	0.03429	0.02023	0.78223	0.02563	0.00490	0.00494	0.00765	0.00327	0.00323
16	0.01195	0.10266	0.54951	0.01439	0.03878	0.02604	0.04812	0.01739	0.04723	0.05968	0.01030	0.01167	0.00750	0.00517	0.00520	0.00161	0.02854	0.00404	0.00262	0.00759
17	0.01641	0.01420	0.01364	0.01148	0.01487	0.11139	0.00911	0.31343	0.38980	0.02494	0.01619	0.01550	0.01203	0.00654	0.00519	0.00163	0.00540	0.00511	0.00494	0.00821
18	0.01045	0.02694	0.79000	0.01484	0.02254	0.01209	0.01924	0.01649	0.01099	0.01649	0.00935	0.01099	0.00660	0.00495	0.00495	0.00165	0.00770	0.00385	0.00220	0.00770
19	0.01104	0.16297	0.65919	0.01383	0.02097	0.01355	0.01747	0.01634	0.01092	0.01576	0.00898	0.01054	0.00661	0.00486	0.00467	0.00156	0.00733	0.00367	0.00220	0.00752
20	0.01226	0.01120	0.01714	0.27817	0.30099	0.02975	0.02676	0.09869	0.01268	0.01708	0.01157	0.01778	0.01002	0.00627	0.00605	0.00174	0.05020	0.08171	0.00300	0.00694
21	0.04266	0.00806	0.01075	0.00856	0.01190	0.00712	0.00695	0.02143	0.01470	0.58602	0.19960	0.02246	0.02123	0.00739	0.00539	0.00162	0.00395	0.00616	0.00619	0.00784
22	0.01052	0.01005	0.01729	0.62499	0.17862	0.01179	0.04529	0.01395	0.01077	0.01415	0.00941	0.01370	0.00723	0.00507	0.00523	0.00170	0.00687	0.00469	0.00238	0.00631
23	0.01186	0.01073	0.01725	0.43829	0.19988	0.01211	0.05605	0.11625	0.01285	0.01716	0.02891	0.03545	0.00930	0.00560	0.00531	0.00168	0.00650	0.00511	0.00293	0.00676
24	0.00641	0.00456	0.00602	0.00717	0.00745	0.00427	0.00474	0.00727	0.00984	0.01312	0.02804	0.77185	0.03361	0.05919	0.00771	0.00227	0.00313	0.01442	0.00474	0.00417
25	0.00634	0.00453	0.00604	0.00725	0.00755	0.00423	0.00483	0.00725	0.00997	0.01329	0.02870	0.81358	0.03444	0.01632	0.00665	0.00211	0.00302	0.01480	0.00483	0.00423
26	0.01309	0.01300	0.01572	0.05953	0.09542	0.12683	0.05594	0.08045	0.08132	0.01606	0.01093	0.04355	0.00958	0.00911	0.05496	0.00222	0.27970	0.00508	0.02105	0.00647
27	0.01945	0.02482	0.01476	0.01342	0.01610	0.79608	0.01006	0.02079	0.01476	0.01275	0.00805	0.00939	0.00671	0.00537	0.00470	0.00134	0.00939	0.00335	0.00268	0.00604
28	0.00767	0.00540	0.00700	0.00656	0.00787	0.00495	0.00493	0.01007	0.01462	0.03758	0.73348	0.03891	0.07994	0.01066	0.00612	0.00164	0.00251	0.00939	0.00571	0.00498
29	0.02056	0.01337	0.01487	0.01140	0.01554	0.01434	0.00942	0.60922	0.02245	0.19361	0.01422	0.01361	0.00972	0.00629	0.00522	0.00157	0.00545	0.00481	0.00547	0.00886
30	0.01792	0.01218	0.01334	0.01061	0.01416	0.01322	0.00860	0.48813	0.11113	0.11991	0.01536	0.03313	0.01140	0.02741	0.00567	0.00166	0.00502	0.00521	0.07771	0.00819
31	0.00645	0.00464	0.00613	0.00723	0.00765	0.00432	0.00492	0.00749	0.01032	0.01375	0.06494	0.72838	0.05976	0.01588	0.00662	0.00209	0.00304	0.03723	0.00488	0.00429
32	0.00634	0.00453	0.00604	0.00725	0.00755	0.00423	0.00483	0.00725	0.00997	0.01329	0.02870	0.81358	0.03444	0.01632	0.00665	0.00211	0.00302	0.01480	0.00483	0.00423
33	0.01272	0.01220	0.02084	0.07400	0.74376	0.01233	0.01590	0.01584	0.01178	0.01681	0.00977	0.01294	0.00818	0.00467	0.00516	0.00156	0.00623	0.00464	0.00256	0.00811
34	0.01149	0.00950	0.01105	0.00795	0.01254	0.00739	0.00638	0.04889	0.01153	0.03417	0.00965	0.01103	0.00788	0.00402	0.00395	0.00083	0.00396	0.00321	0.00326	0.79133
35	0.85377	0.01007	0.00765	0.00685	0.01007	0.01168	0.00564	0.01531	0.00886	0.02336	0.00725	0.00846	0.00564	0.00483	0.00322	0.00161	0.00403	0.00282	0.00322	0.00564
36	0.85377	0.01007	0.00765	0.00685	0.01007	0.01168	0.00564	0.01531	0.00886	0.02336	0.00725	0.00846	0.00564	0.00483	0.00322	0.00161	0.00403	0.00282	0.00322	0.00564
37	0.00745	0.00555	0.00821	0.00821	0.00908	0.00642	0.00631	0.00920	0.00832	0.01197	0.01410	0.02127	0.01337	0.08561	0.75028	0.00817	0.01342	0.00570	0.00281	0.00456
38	0.00753	0.00503	0.00569	0.00573	0.00574	0.00502	0.00321	0.00756	0.00765	0.01020	0.01679	0.05835	0.01942	0.79206	0.02589	0.00496	0.00499	0.00780	0.00321	0.00319
39	0.00726	0.00496	0.00580	0.00604	0.00621	0.00485	0.00361	0.00759	0.00852	0.01135	0.05131	0.20310	0.04728	0.58628	0.02076	0.00417	0.00443	0.00932	0.00368	0.00350
40	0.82548	0.00991	0.00763	0.00684	0.00999	0.01146	0.00562	0.01512	0.00906	0.02328	0.03313	0.00948	0.00709	0.00503	0.00332	0.00161	0.00398	0.00304	0.00331	0.00562
41	0.03586	0.00593	0.00617	0.00600	0.00794	0.00528	0.00460	0.00981	0.04786	0.05842	0.04653	0.06113	0.63441	0.01235	0.00601	0.00178	0.00294	0.03720	0.00489	0.00488

[dist]
# distance from previous block
# <min> <max>
0	1

[block]
# block no. 7 follows, 47 sequences, length 7
# corresponding to MSA columns:
# 363-369
name=unknown_H
#
# <colnr> <probs for GDERKNQSTAVLIFYWHMCP>
#	G	D	E	R	K	N	Q	S	T	A	V	L	I	F	Y	W	H	M	C	P
0	0.00944	0.00781	0.00935	0.00757	0.01088	0.00611	0.00576	0.01132	0.01055	0.01585	0.01520	0.25616	0.01588	0.00766	0.00471	0.00118	0.00360	0.00667	0.00362	0.59068
1	0.01287	0.61121	0.02428	0.21387	0.01916	0.01828	0.01034	0.01500	0.01054	0.01252	0.00776	0.00978	0.00675	0.00465	0.00382	0.00127	0.00592	0.00326	0.00225	0.00645
2	0.01980	0.01459	0.01563	0.01198	0.01615	0.01615	0.00990	0.76713	0.02448	0.03282	0.01250	0.01250	0.00886	0.00625	0.00521	0.00156	0.00573	0.00469	0.00521	0.00886
3	0.01633	0.01200	0.01316	0.01076	0.01393	0.01308	0.00859	0.57136	0.02075	0.02779	0.01668	0.21889	0.01545	0.00884	0.00558	0.00171	0.00503	0.00729	0.00511	0.00766
4	0.01257	0.01075	0.01149	0.01051	0.01331	0.01237	0.00826	0.02626	0.71118	0.02127	0.02173	0.02272	0.01708	0.00768	0.00546	0.00182	0.00418	0.06816	0.00526	0.00795
5	0.00652	0.00522	0.00538	0.00538	0.00669	0.00456	0.00375	0.00750	0.01076	0.01305	0.04339	0.04599	0.58569	0.22027	0.01140	0.00261	0.00326	0.01011	0.00440	0.00408
6	0.00905	0.00452	0.00678	0.00678	0.00678	0.00452	0.00452	0.00678	0.00678	0.00905	0.00905	0.01583	0.00905	0.01809	0.02035	0.84848	0.00452	0.00452	0.00226	0.00226

[dist]
# distance from previous block
# <min> <max>
0	3

[block]
# block no. 8 follows, 47 sequences, length 13
# corresponding to MSA columns:
# 373-385
name=unknown_I
#
# <colnr> <probs for GDERKNQSTAVLIFYWHMCP>
#	G	D	E	R	K	N	Q	S	T	A	V	L	I	F	Y	W	H	M	C	P
0	0.01754	0.00918	0.01155	0.00960	0.01277	0.00929	0.00774	0.08307	0.18346	0.39906	0.01870	0.01823	0.01326	0.01317	0.16535	0.00301	0.00639	0.00541	0.00535	0.00787
1	0.01289	0.01237	0.02114	0.03196	0.78450	0.01237	0.01598	0.01598	0.01186	0.01701	0.00980	0.01289	0.00825	0.00464	0.00516	0.00155	0.00619	0.00464	0.00258	0.00825
2	0.00744	0.00558	0.00837	0.00837	0.00930	0.00651	0.00651	0.00930	0.00837	0.01209	0.01395	0.02046	0.01302	0.03906	0.79635	0.00837	0.01395	0.00558	0.00279	0.00465
3	0.01229	0.01405	0.03073	0.02195	0.02722	0.01317	0.76558	0.01668	0.01229	0.01668	0.01054	0.01405	0.00790	0.00439	0.00615	0.00176	0.00878	0.00615	0.00263	0.00702
4	0.01270	0.01218	0.02079	0.08018	0.73778	0.01232	0.01589	0.01582	0.01177	0.01678	0.00976	0.01295	0.00817	0.00468	0.00516	0.00156	0.00623	0.00464	0.00256	0.00810
5	0.01937	0.02031	0.01360	0.01204	0.01494	0.58464	0.00917	0.02085	0.01460	0.16974	0.01351	0.01375	0.05880	0.00610	0.00490	0.00142	0.00794	0.00424	0.00359	0.00650
6	0.00727	0.00532	0.00682	0.00645	0.00772	0.00487	0.00484	0.00964	0.01451	0.02033	0.72235	0.03981	0.10888	0.01085	0.00614	0.00165	0.00247	0.00955	0.00566	0.00487
7	0.01045	0.02694	0.79000	0.01484	0.02254	0.01209	0.01924	0.01649	0.01099	0.01649	0.00935	0.01099	0.00660	0.00495	0.00495	0.00165	0.00770	0.00385	0.00220	0.00770
8	0.19128	0.00932	0.01132	0.00888	0.01275	0.00879	0.00733	0.05144	0.01405	0.60473	0.01755	0.01565	0.01127	0.00611	0.00483	0.00161	0.00440	0.00473	0.00575	0.00821
9	0.01316	0.00792	0.01019	0.00905	0.01121	0.00836	0.00720	0.16218	0.01327	0.17382	0.01688	0.08438	0.01459	0.02154	0.34590	0.00456	0.00858	0.03476	0.04613	0.00631
10	0.01056	0.01023	0.01411	0.01241	0.01271	0.01377	0.01034	0.01184	0.00878	0.01300	0.01358	0.02010	0.08765	0.01006	0.01498	0.00224	0.64480	0.08058	0.00279	0.00547
11	0.06308	0.02151	0.01567	0.01682	0.17128	0.59521	0.01102	0.01953	0.01385	0.01418	0.00836	0.01005	0.00696	0.00519	0.00471	0.00140	0.00845	0.00359	0.00269	0.00646
12	0.01406	0.01069	0.01758	0.26830	0.39494	0.01117	0.01382	0.01705	0.01202	0.17190	0.01180	0.01418	0.00878	0.00518	0.00519	0.00162	0.00607	0.00476	0.00328	0.00760

[dist]
# distance from previous block
# <min> <max>
3	9

[block]
# block no. 9 follows, 47 sequences, length 16
# corresponding to MSA columns:
# 396-411
name=unknown_J
#
# <colnr> <probs for GDERKNQSTAVLIFYWHMCP>
#	G	D	E	R	K	N	Q	S	T	A	V	L	I	F	Y	W	H	M	C	P
0	0.24999	0.00821	0.00812	0.00739	0.00981	0.03453	0.01966	0.01368	0.06986	0.07973	0.12012	0.05365	0.26320	0.00921	0.00518	0.00171	0.00369	0.03214	0.00453	0.00557
1	0.00813	0.00634	0.00820	0.00746	0.00870	0.00637	0.00561	0.01008	0.01252	0.01793	0.48675	0.08465	0.03604	0.09046	0.00924	0.00200	0.09638	0.00839	0.00475	0.09000
2	0.01000	0.00861	0.01114	0.00866	0.01234	0.00695	0.05713	0.01251	0.03302	0.01629	0.01391	0.18555	0.01377	0.00669	0.00466	0.00116	0.00401	0.00592	0.00350	0.58419
3	0.01669	0.01959	0.01330	0.01155	0.01467	0.53105	0.00880	0.05679	0.01421	0.01479	0.01156	0.01260	0.05936	0.00561	0.00464	0.00126	0.00754	0.00388	0.00305	0.18904
4	0.01102	0.00691	0.00808	0.09914	0.01137	0.00750	0.00613	0.12599	0.01266	0.02000	0.01511	0.01783	0.01189	0.00928	0.08299	0.00204	0.00460	0.00487	0.53704	0.00555
5	0.00642	0.00529	0.00564	0.00555	0.00720	0.00451	0.00416	0.00798	0.01249	0.01555	0.21102	0.04768	0.62320	0.01264	0.00615	0.00173	0.00260	0.01065	0.00503	0.00451
6	0.00983	0.00926	0.01562	0.80447	0.03587	0.01157	0.01446	0.01331	0.01041	0.01331	0.00926	0.01388	0.00694	0.00521	0.00521	0.00174	0.00694	0.00463	0.00231	0.00579
7	0.01787	0.01363	0.01454	0.01159	0.01542	0.01525	0.00943	0.55899	0.23577	0.02971	0.01495	0.01445	0.01084	0.00648	0.00523	0.00162	0.00528	0.00503	0.00523	0.00868
8	0.01151	0.27064	0.55566	0.01302	0.01972	0.01471	0.01607	0.01622	0.01087	0.01519	0.00870	0.01018	0.00662	0.00480	0.00445	0.00148	0.00704	0.00352	0.00221	0.00738
9	0.01649	0.01724	0.01294	0.01140	0.01413	0.38412	0.00874	0.22580	0.03894	0.01880	0.01659	0.10805	0.08912	0.00772	0.00523	0.00155	0.00680	0.00590	0.00393	0.00651
10	0.00745	0.00554	0.00819	0.00819	0.00906	0.00641	0.00628	0.00918	0.00832	0.01195	0.01411	0.02138	0.01342	0.09150	0.74445	0.00815	0.01335	0.00571	0.00281	0.00455
11	0.01048	0.00810	0.01059	0.01154	0.08916	0.00840	0.00850	0.10095	0.10574	0.01972	0.19980	0.03938	0.02812	0.01070	0.00628	0.00196	0.00442	0.32521	0.00490	0.00606
12	0.00615	0.00528	0.00528	0.00528	0.00703	0.00440	0.00396	0.00747	0.01187	0.01407	0.05276	0.05012	0.78238	0.01319	0.00615	0.00176	0.00264	0.01099	0.00484	0.00440
13	0.01459	0.01200	0.01270	0.01093	0.01416	0.01372	0.00864	0.20416	0.59594	0.02442	0.01912	0.01778	0.01422	0.00687	0.00528	0.00172	0.00451	0.00560	0.00528	0.00839
14	0.00757	0.00505	0.00568	0.00568	0.00568	0.00505	0.00316	0.00757	0.00757	0.01010	0.01641	0.03408	0.01893	0.81698	0.02651	0.00505	0.00505	0.00757	0.00316	0.00316
15	0.01045	0.02694	0.79000	0.01484	0.02254	0.01209	0.01924	0.01649	0.01099	0.01649	0.00935	0.01099	0.00660	0.00495	0.00495	0.00165	0.00770	0.00385	0.00220	0.00770

[dist]
# distance from previous block
# <min> <max>
0	2

[block]
# block no. 10 follows, 47 sequences, length 19
# corresponding to MSA columns:
# 414-432
name=unknown_K
#
# <colnr> <probs for GDERKNQSTAVLIFYWHMCP>
#	G	D	E	R	K	N	Q	S	T	A	V	L	I	F	Y	W	H	M	C	P
0	0.01140	0.24437	0.58092	0.01322	0.02002	0.01443	0.01641	0.01625	0.01088	0.01533	0.00877	0.01027	0.00662	0.00481	0.00451	0.00150	0.00711	0.00356	0.00221	0.00742
1	0.01128	0.21657	0.60765	0.01342	0.02035	0.01413	0.01677	0.01628	0.01090	0.01548	0.00884	0.01036	0.00662	0.00483	0.00456	0.00152	0.00719	0.00359	0.00221	0.00745
2	0.01216	0.01163	0.01982	0.21665	0.60551	0.01218	0.01562	0.01534	0.01151	0.01613	0.00967	0.01313	0.00794	0.00478	0.00517	0.00159	0.00637	0.00464	0.00251	0.00766
3	0.00757	0.00505	0.00568	0.00568	0.00568	0.00505	0.00316	0.00757	0.00757	0.01010	0.01641	0.03408	0.01893	0.81698	0.02651	0.00505	0.00505	0.00757	0.00316	0.00316
4	0.01180	0.01110	0.01129	0.02580	0.01312	0.11409	0.00699	0.03012	0.01137	0.01616	0.00965	0.01171	0.00814	0.00779	0.08615	0.00167	0.00576	0.00345	0.00303	0.61081
5	0.00932	0.00732	0.01055	0.00935	0.01076	0.00728	0.10802	0.10827	0.01153	0.01547	0.03684	0.33696	0.02292	0.26619	0.01265	0.00291	0.00478	0.00990	0.00407	0.00489
6	0.00756	0.00512	0.00604	0.00604	0.00617	0.00525	0.00361	0.00781	0.00768	0.01037	0.01608	0.03223	0.01813	0.71161	0.13079	0.00550	0.00625	0.00730	0.00311	0.00336
7	0.85377	0.01007	0.00765	0.00685	0.01007	0.01168	0.00564	0.01531	0.00886	0.02336	0.00725	0.00846	0.00564	0.00483	0.00322	0.00161	0.00403	0.00282	0.00322	0.00564
8	0.01454	0.01290	0.01982	0.02719	0.60080	0.01328	0.01453	0.19557	0.01488	0.02079	0.01044	0.01280	0.00839	0.00503	0.00517	0.00155	0.00608	0.00465	0.00321	0.00839
9	0.01213	0.01160	0.01977	0.22363	0.59876	0.01217	0.01561	0.01532	0.01150	0.01609	0.00966	0.01314	0.00792	0.00478	0.00517	0.00159	0.00637	0.00464	0.00251	0.00764
10	0.00744	0.00558	0.00837	0.00837	0.00930	0.00651	0.00651	0.00930	0.00837	0.01209	0.01395	0.02046	0.01302	0.03906	0.79635	0.00837	0.01395	0.00558	0.00279	0.00465
11	0.01144	0.01247	0.02643	0.01926	0.02366	0.01176	0.63114	0.01517	0.01164	0.01577	0.01213	0.04107	0.01042	0.08992	0.02548	0.00227	0.00825	0.02248	0.00280	0.00644
12	0.00647	0.00461	0.00613	0.00731	0.00764	0.00433	0.00494	0.00741	0.00999	0.01330	0.02830	0.75883	0.03380	0.03947	0.00725	0.00221	0.00316	0.04587	0.00478	0.00422
13	0.01216	0.01163	0.01982	0.21665	0.60551	0.01218	0.01562	0.01534	0.01151	0.01613	0.00967	0.01313	0.00794	0.00478	0.00517	0.00159	0.00637	0.00464	0.00251	0.00766
14	0.00744	0.00504	0.00575	0.00582	0.00594	0.00501	0.00337	0.00760	0.00791	0.01050	0.01860	0.07904	0.05217	0.71659	0.04462	0.00483	0.00506	0.00808	0.00331	0.00331
15	0.02080	0.01033	0.01268	0.00997	0.01381	0.01014	0.00815	0.18519	0.11994	0.50301	0.03725	0.01734	0.01330	0.00659	0.00526	0.00162	0.00462	0.00531	0.00601	0.00868
16	0.13817	0.21032	0.01695	0.01111	0.01451	0.31400	0.00916	0.16897	0.01464	0.01820	0.00860	0.00970	0.00699	0.00538	0.00468	0.00140	0.03394	0.00345	0.00315	0.00669
17	0.01359	0.74465	0.09986	0.00948	0.01424	0.01980	0.00989	0.01568	0.01062	0.01266	0.00744	0.00861	0.00667	0.00450	0.00349	0.00116	0.00577	0.00289	0.00222	0.00678
18	0.09909	0.00968	0.00935	0.00849	0.01093	0.08437	0.00662	0.05369	0.15939	0.08126	0.12094	0.07199	0.17979	0.00912	0.00543	0.00169	0.00417	0.04670	0.00476	0.03253

[dist]
# distance from previous block
# <min> <max>
3	5

[block]
# block no. 11 follows, 47 sequences, length 10
# corresponding to MSA columns:
# 438-447
name=unknown_L
#
# <colnr> <probs for GDERKNQSTAVLIFYWHMCP>
#	G	D	E	R	K	N	Q	S	T	A	V	L	I	F	Y	W	H	M	C	P
0	0.01181	0.01230	0.01768	0.01461	0.01562	0.06317	0.12431	0.01349	0.00906	0.01314	0.00785	0.01216	0.00732	0.00980	0.05709	0.00247	0.59505	0.00478	0.00238	0.00586
1	0.00993	0.00544	0.00562	0.00542	0.00682	0.00551	0.00413	0.05292	0.01161	0.01948	0.01895	0.02109	0.06330	0.00796	0.03791	0.00158	0.00312	0.00528	0.70890	0.00503
2	0.00634	0.00453	0.00604	0.00725	0.00755	0.00423	0.00483	0.00725	0.00997	0.01329	0.02870	0.81358	0.03444	0.01632	0.00665	0.00211	0.00302	0.01480	0.00483	0.00423
3	0.00737	0.00532	0.00696	0.00655	0.00778	0.00491	0.00491	0.00983	0.01474	0.02088	0.78175	0.03890	0.04914	0.01065	0.00614	0.00164	0.00246	0.00942	0.00573	0.00491
4	0.01139	0.01139	0.01595	0.01367	0.01367	0.01595	0.01139	0.01253	0.00798	0.01253	0.00684	0.01139	0.00684	0.00911	0.01709	0.00228	0.80745	0.00456	0.00228	0.00570
5	0.00757	0.00505	0.00568	0.00568	0.00568	0.00505	0.00316	0.00757	0.00757	0.01010	0.01641	0.03408	0.01893	0.81698	0.02651	0.00505	0.00505	0.00757	0.00316	0.00316
6	0.01165	0.00923	0.01089	0.00782	0.01241	0.00699	0.00627	0.01395	0.01108	0.06937	0.01002	0.01127	0.00807	0.00403	0.00395	0.00083	0.00390	0.00323	0.00331	0.79174
7	0.01980	0.01459	0.01563	0.01198	0.01615	0.01615	0.00990	0.76713	0.02448	0.03282	0.01250	0.01250	0.00886	0.00625	0.00521	0.00156	0.00573	0.00469	0.00521	0.00886
8	0.00667	0.00467	0.00595	0.00683	0.00705	0.00445	0.00439	0.00734	0.00933	0.01244	0.02542	0.60572	0.03031	0.22982	0.01194	0.00290	0.00356	0.01288	0.00439	0.00394
9	0.00653	0.00525	0.00589	0.00630	0.00770	0.00461	0.00479	0.00794	0.01154	0.01416	0.04451	0.19114	0.53054	0.01394	0.00640	0.00192	0.00304	0.12453	0.00483	0.00443

[dist]
# distance from previous block
# <min> <max>
0	29

[block]
# block no. 12 follows, 47 sequences, length 34
# corresponding to MSA columns:
# 477-500,512-521
name=unknown_M
#
# <colnr> <probs for GDERKNQSTAVLIFYWHMCP>
#	G	D	E	R	K	N	Q	S	T	A	V	L	I	F	Y	W	H	M	C	P
0	0.00983	0.00926	0.01562	0.80447	0.03587	0.01157	0.01446	0.01331	0.01041	0.01331	0.00926	0.01388	0.00694	0.00521	0.00521	0.00174	0.00694	0.00463	0.00231	0.00579
1	0.00671	0.00503	0.00676	0.00772	0.00800	0.00508	0.00531	0.00764	0.00983	0.01324	0.02711	0.75525	0.03244	0.01579	0.00741	0.00213	0.06152	0.01406	0.00465	0.00434
2	0.02326	0.00903	0.01219	0.00934	0.01338	0.00790	0.00772	0.04646	0.01518	0.76664	0.02032	0.01758	0.01278	0.00644	0.00524	0.00161	0.00447	0.00522	0.00641	0.00886
3	0.01025	0.01092	0.07260	0.65293	0.12610	0.01171	0.01500	0.01386	0.01063	0.01399	0.00933	0.01355	0.00708	0.00512	0.00518	0.00171	0.00690	0.00457	0.00234	0.00622
4	0.01055	0.05140	0.76648	0.01466	0.02226	0.01236	0.01892	0.01646	0.01098	0.01636	0.00928	0.01091	0.00660	0.00493	0.00490	0.00163	0.00763	0.00382	0.00220	0.00767
5	0.02029	0.00812	0.01084	0.00857	0.01181	0.00715	0.00678	0.02192	0.01348	0.63675	0.01974	0.02091	0.01407	0.16413	0.00937	0.00228	0.00455	0.00569	0.00581	0.00775
6	0.75145	0.10876	0.01005	0.00710	0.01047	0.01277	0.00604	0.01534	0.00907	0.02201	0.00725	0.00845	0.00577	0.00479	0.00324	0.00155	0.00422	0.00282	0.00310	0.00577
7	0.00634	0.00453	0.00604	0.00725	0.00755	0.00423	0.00483	0.00725	0.00997	0.01329	0.02870	0.81358	0.03444	0.01632	0.00665	0.00211	0.00302	0.01480	0.00483	0.00423
8	0.01045	0.02694	0.79000	0.01484	0.02254	0.01209	0.01924	0.01649	0.01099	0.01649	0.00935	0.01099	0.00660	0.00495	0.00495	0.00165	0.00770	0.00385	0.00220	0.00770
9	0.00851	0.00670	0.00860	0.00839	0.00933	0.04149	0.00648	0.01028	0.00890	0.01295	0.01370	0.01988	0.01265	0.06819	0.57659	0.00662	0.06509	0.00542	0.10548	0.00474
10	0.00782	0.00586	0.00732	0.00690	0.00832	0.00563	0.00523	0.01131	0.08286	0.02043	0.65219	0.03827	0.09106	0.01056	0.00609	0.00167	0.00267	0.02502	0.00562	0.00518
11	0.01045	0.02694	0.79000	0.01484	0.02254	0.01209	0.01924	0.01649	0.01099	0.01649	0.00935	0.01099	0.00660	0.00495	0.00495	0.00165	0.00770	0.00385	0.00220	0.00770
12	0.00623	0.00520	0.00544	0.00561	0.00718	0.00441	0.00416	0.00752	0.01164	0.01401	0.04927	0.14332	0.67468	0.01360	0.00624	0.00182	0.00273	0.02773	0.00483	0.00438
13	0.01199	0.01346	0.02889	0.11728	0.02827	0.01297	0.67407	0.01627	0.01206	0.01627	0.01038	0.01403	0.00778	0.00449	0.00603	0.00175	0.00856	0.00596	0.00259	0.00687
14	0.01948	0.02404	0.01482	0.01331	0.01610	0.73659	0.01005	0.07772	0.01550	0.01428	0.00839	0.00963	0.00687	0.00543	0.00473	0.00136	0.00911	0.00346	0.00288	0.00625
15	0.00634	0.00453	0.00604	0.00725	0.00755	0.00423	0.00483	0.00725	0.00997	0.01329	0.02870	0.81358	0.03444	0.01632	0.00665	0.00211	0.00302	0.01480	0.00483	0.00423
16	0.01415	0.01278	0.01204	0.01083	0.01372	0.12110	0.00837	0.02604	0.61283	0.05583	0.01955	0.04030	0.01500	0.00706	0.00525	0.00171	0.00484	0.00576	0.00498	0.00785
17	0.01125	0.21005	0.61392	0.01347	0.02042	0.01406	0.01686	0.01628	0.01090	0.01551	0.00886	0.01039	0.00662	0.00483	0.00458	0.00153	0.00721	0.00360	0.00221	0.00746
18	0.00757	0.00505	0.00568	0.00568	0.00568	0.00505	0.00316	0.00757	0.00757	0.01010	0.01641	0.03408	0.01893	0.81698	0.02651	0.00505	0.00505	0.00757	0.00316	0.00316
19	0.00744	0.00556	0.00826	0.00826	0.00916	0.00645	0.00638	0.00923	0.00834	0.01201	0.01405	0.02100	0.01325	0.07006	0.76567	0.00824	0.01359	0.00566	0.00280	0.00459
20	0.01325	0.66581	0.17567	0.01006	0.01515	0.01895	0.01092	0.01577	0.01066	0.01308	0.00765	0.00887	0.00667	0.00455	0.00365	0.00122	0.00598	0.00299	0.00222	0.00688
21	0.01392	0.82012	0.02729	0.00891	0.01337	0.02061	0.00891	0.01559	0.01058	0.01225	0.00724	0.00835	0.00668	0.00446	0.00334	0.00111	0.00557	0.00278	0.00223	0.00668
22	0.01667	0.02019	0.01330	0.01228	0.01447	0.59397	0.00922	0.03437	0.01365	0.01320	0.01104	0.10832	0.01060	0.00932	0.06300	0.00199	0.04067	0.00499	0.00299	0.00576
23	0.01026	0.00976	0.01609	0.64861	0.09084	0.01217	0.01421	0.01342	0.01023	0.01350	0.00900	0.01350	0.00703	0.00564	0.00665	0.00179	0.10441	0.00462	0.00233	0.00596
24	0.12110	0.00898	0.01096	0.00887	0.01238	0.00855	0.00724	0.03965	0.08956	0.48389	0.07452	0.01977	0.02736	0.00689	0.00510	0.00163	0.00420	0.02888	0.00567	0.03479
25	0.01214	0.01284	0.02566	0.11529	0.02569	0.01279	0.54067	0.07010	0.01266	0.01707	0.01187	0.04688	0.02318	0.00548	0.00647	0.00178	0.04352	0.00622	0.00290	0.00679
