[name]
unknown

[dist]
# distance from previous block
# <min> <max>
3	144

[block]
# block no. 0 follows, 40 sequences, length 20
# corresponding to MSA columns:
# 563-582
name=unknown_A
#
# <colnr> <probs for GDERKNQSTAVLIFYWHMCP>
#	G	D	E	R	K	N	Q	S	T	A	V	L	I	F	Y	W	H	M	C	P
0	0.02191	0.01500	0.01649	0.01273	0.01730	0.01620	0.01047	0.57837	0.06756	0.13598	0.01566	0.01516	0.01093	0.00698	0.00578	0.00174	0.00603	0.00535	0.00594	0.03441
1	0.09801	0.01472	0.01555	0.01220	0.01646	0.01625	0.01001	0.57363	0.04925	0.05935	0.01468	0.03117	0.01082	0.00710	0.00557	0.00176	0.00587	0.00536	0.04301	0.00921
2	0.01006	0.00576	0.00900	0.00849	0.00894	0.00572	0.04785	0.00865	0.00841	0.01151	0.01221	0.05417	0.01226	0.06013	0.04645	0.63648	0.00554	0.00591	0.03925	0.00321
3	0.04331	0.05290	0.01278	0.01025	0.01342	0.07184	0.00812	0.09061	0.14602	0.10895	0.04288	0.12999	0.08784	0.00934	0.00612	0.00179	0.02218	0.02618	0.00506	0.11042
4	0.01282	0.00836	0.03582	0.00915	0.01146	0.00732	0.00721	0.07990	0.01466	0.16670	0.12345	0.32337	0.07908	0.02575	0.00705	0.00209	0.00418	0.03682	0.00571	0.03910
5	0.00831	0.00623	0.00778	0.00832	0.00957	0.00596	0.00639	0.01091	0.04929	0.01766	0.17922	0.23324	0.17565	0.05371	0.00839	0.00241	0.00387	0.20232	0.00552	0.00524
6	0.00730	0.00524	0.00683	0.00801	0.00847	0.00491	0.00545	0.00837	0.01119	0.01479	0.03242	0.65737	0.07478	0.07287	0.00900	0.00259	0.00363	0.05685	0.00526	0.00469
7	0.13848	0.25170	0.02041	0.04488	0.10064	0.19898	0.01113	0.05071	0.03275	0.01763	0.00935	0.01128	0.00790	0.00597	0.00590	0.00163	0.07633	0.00395	0.00307	0.00733
8	0.03437	0.01073	0.01176	0.00989	0.01239	0.01162	0.00749	0.30930	0.06451	0.04753	0.01752	0.02469	0.03125	0.28270	0.06753	0.00363	0.00637	0.00664	0.03312	0.00697
9	0.00840	0.00584	0.00712	0.00755	0.00794	0.00582	0.00485	0.03779	0.01044	0.01398	0.02403	0.36703	0.02794	0.38323	0.05804	0.00424	0.00520	0.01175	0.00442	0.00439
10	0.22176	0.12427	0.08511	0.09148	0.05619	0.03917	0.08627	0.07331	0.04530	0.08772	0.01152	0.01310	0.00868	0.00587	0.00539	0.00177	0.02715	0.00455	0.00368	0.00772
11	0.04429	0.04592	0.07958	0.05712	0.23465	0.03737	0.01328	0.19634	0.09195	0.03746	0.04774	0.01822	0.01314	0.00683	0.00573	0.00180	0.00637	0.03694	0.01671	0.00856
12	0.00863	0.00647	0.00808	0.00847	0.00987	0.00623	0.00658	0.03008	0.04644	0.01870	0.21045	0.23164	0.17416	0.01473	0.00723	0.00221	0.00379	0.19514	0.00566	0.00544
13	0.03697	0.00617	0.00771	0.00814	0.00928	0.00597	0.00604	0.01085	0.04233	0.01869	0.27080	0.31018	0.08554	0.04340	0.00791	0.00229	0.00359	0.11325	0.00561	0.00526
14	0.01368	0.16126	0.27734	0.05776	0.10373	0.05867	0.12116	0.01840	0.03959	0.01710	0.01044	0.01292	0.00823	0.00580	0.00652	0.00179	0.07016	0.00471	0.00275	0.00798
15	0.01051	0.00757	0.00901	0.03173	0.01039	0.00833	0.00645	0.03525	0.08980	0.01869	0.12221	0.05621	0.05169	0.17598	0.02507	0.00278	0.08407	0.03225	0.21638	0.00564
16	0.01047	0.00745	0.00853	0.00817	0.00927	0.00761	0.00558	0.14305	0.01326	0.01767	0.05053	0.25635	0.06414	0.35234	0.01668	0.00363	0.00487	0.01051	0.00470	0.00519
17	0.00849	0.00778	0.06104	0.00850	0.00998	0.00648	0.00671	0.03663	0.01253	0.01703	0.09381	0.42183	0.15708	0.03849	0.00799	0.00224	0.03218	0.01270	0.05318	0.00535
18	0.23055	0.04296	0.13036	0.11033	0.10972	0.03536	0.01170	0.04055	0.01277	0.07062	0.04835	0.01489	0.01093	0.00601	0.00494	0.00171	0.00594	0.00465	0.06992	0.03774
19	0.15364	0.01681	0.06096	0.01836	0.20015	0.16536	0.05148	0.11200	0.01532	0.07392	0.01343	0.01483	0.04175	0.00615	0.00536	0.00170	0.00702	0.00491	0.00381	0.03303

[dist]
# distance from previous block
# <min> <max>
0	18

[block]
# block no. 1 follows, 40 sequences, length 17
# corresponding to MSA columns:
# 601-617
name=unknown_B
#
# <colnr> <probs for GDERKNQSTAVLIFYWHMCP>
#	G	D	E	R	K	N	Q	S	T	A	V	L	I	F	Y	W	H	M	C	P
0	0.02033	0.01213	0.01422	0.01138	0.01523	0.01269	0.00928	0.26253	0.12180	0.29566	0.02294	0.02151	0.09102	0.00819	0.00673	0.00187	0.05095	0.00638	0.00610	0.00907
1	0.06704	0.00972	0.01306	0.15909	0.07523	0.01016	0.00982	0.05384	0.08839	0.18655	0.16971	0.06977	0.04602	0.00858	0.00603	0.00188	0.00503	0.00733	0.00523	0.00752
2	0.00970	0.05083	0.01020	0.01001	0.06746	0.00765	0.00692	0.01243	0.05725	0.04413	0.16145	0.14752	0.22604	0.07101	0.03890	0.00255	0.00450	0.06053	0.00508	0.00584
3	0.03144	0.04122	0.11021	0.11601	0.27963	0.09912	0.05728	0.01925	0.08939	0.03361	0.03669	0.01658	0.03178	0.00617	0.00572	0.00178	0.00720	0.00542	0.00339	0.00810
4	0.01656	0.01040	0.01235	0.00970	0.01396	0.00937	0.00777	0.04477	0.15650	0.24076	0.04618	0.01997	0.05770	0.00682	0.00536	0.00148	0.00449	0.00559	0.00533	0.32495
5	0.01177	0.00755	0.00909	0.00857	0.01075	0.00726	0.00661	0.01602	0.13085	0.14281	0.18204	0.15491	0.20905	0.01245	0.00672	0.00203	0.00375	0.06525	0.00598	0.00654
6	0.01188	0.01076	0.05720	0.01574	0.17053	0.00999	0.01088	0.09840	0.05980	0.01996	0.04755	0.09612	0.08626	0.05460	0.00802	0.00233	0.00552	0.22283	0.00469	0.00694
7	0.01265	0.08476	0.42900	0.01814	0.02484	0.01502	0.21991	0.01796	0.01231	0.01766	0.01034	0.01304	0.00781	0.00577	0.00711	0.00190	0.08611	0.00500	0.00260	0.00807
8	0.01190	0.00704	0.00741	0.00687	0.00878	0.00717	0.00528	0.07293	0.07079	0.04334	0.07326	0.02569	0.08660	0.00798	0.00485	0.00154	0.00324	0.00649	0.54267	0.00615
9	0.00856	0.00625	0.00764	0.00821	0.00914	0.00605	0.00570	0.07595	0.01285	0.01695	0.04940	0.57183	0.11958	0.06235	0.00850	0.00244	0.00372	0.01437	0.00535	0.00517
10	0.03283	0.09537	0.33101	0.01863	0.06701	0.01477	0.22063	0.01806	0.01244	0.03914	0.01085	0.01354	0.00828	0.00667	0.02700	0.00206	0.06577	0.00509	0.00281	0.00804
11	0.01233	0.00971	0.01045	0.00960	0.01231	0.01035	0.00738	0.04181	0.38819	0.06488	0.03506	0.10375	0.24842	0.01090	0.00635	0.00199	0.00405	0.00919	0.00578	0.00752
12	0.00898	0.00668	0.00811	0.00846	0.00965	0.00658	0.00603	0.07741	0.05247	0.01848	0.12066	0.51329	0.10989	0.01551	0.00707	0.00218	0.00360	0.01380	0.00559	0.00555
13	0.07472	0.01041	0.01676	0.72190	0.03783	0.01293	0.01539	0.01503	0.01149	0.01573	0.01016	0.01504	0.00764	0.00578	0.00564	0.00193	0.00750	0.00501	0.00266	0.00645
14	0.01189	0.01003	0.01246	0.17406	0.01735	0.05285	0.00950	0.07343	0.01231	0.01718	0.04250	0.06812	0.01506	0.12441	0.06945	0.00304	0.14951	0.00657	0.12435	0.00593
15	0.00843	0.00584	0.00729	0.00785	0.00878	0.00551	0.00552	0.01009	0.03970	0.04009	0.08246	0.41625	0.15331	0.08976	0.01005	0.04285	0.00376	0.05227	0.00523	0.00496
16	0.01363	0.00875	0.01024	0.00905	0.01149	0.02277	0.00705	0.12745	0.03512	0.14980	0.26243	0.10554	0.13328	0.03359	0.00723	0.00203	0.00418	0.04352	0.00601	0.00683

[dist]
# distance from previous block
# <min> <max>
2	8

[block]
# block no. 2 follows, 40 sequences, length 20
# corresponding to MSA columns:
# 626-645
name=unknown_C
#
# <colnr> <probs for GDERKNQSTAVLIFYWHMCP>
#	G	D	E	R	K	N	Q	S	T	A	V	L	I	F	Y	W	H	M	C	P
0	0.00950	0.00843	0.03741	0.01012	0.01194	0.00777	0.04098	0.03595	0.04193	0.01712	0.04956	0.44080	0.04751	0.01374	0.00769	0.00212	0.06072	0.05023	0.00481	0.10166
1	0.01767	0.01214	0.01348	0.01097	0.01475	0.03073	0.00873	0.27945	0.09864	0.15245	0.02009	0.13304	0.04062	0.00863	0.00587	0.00174	0.00517	0.00710	0.00556	0.13319
2	0.01246	0.16903	0.60050	0.01572	0.02354	0.01528	0.05037	0.01824	0.01226	0.01757	0.01007	0.01189	0.00745	0.00540	0.00526	0.00174	0.00822	0.00419	0.00248	0.00836
3	0.01842	0.14545	0.04826	0.01335	0.01676	0.41550	0.01097	0.09206	0.03530	0.01691	0.01343	0.01459	0.06408	0.00692	0.00622	0.00162	0.06500	0.00463	0.00340	0.00715
4	0.01237	0.01032	0.05111	0.00963	0.01265	0.00951	0.00810	0.13655	0.12677	0.06013	0.11533	0.05834	0.24880	0.01114	0.00649	0.00195	0.00445	0.08100	0.00554	0.02982
5	0.01297	0.01551	0.08496	0.01911	0.02287	0.03858	0.36148	0.01645	0.01205	0.01671	0.01367	0.01723	0.06345	0.00747	0.01079	0.00213	0.26809	0.00637	0.00295	0.00716
6	0.00844	0.00607	0.00776	0.00857	0.00935	0.00591	0.00600	0.06731	0.01280	0.01714	0.06909	0.66335	0.03686	0.01690	0.00729	0.00230	0.00365	0.04053	0.00548	0.00520
7	0.00814	0.00591	0.00758	0.00774	0.00884	0.00554	0.00557	0.03177	0.01457	0.02008	0.42026	0.33600	0.07743	0.01434	0.00705	0.00204	0.00311	0.01279	0.00595	0.00530
8	0.01476	0.01577	0.03881	0.20024	0.34611	0.16039	0.01517	0.01904	0.07293	0.01768	0.03582	0.01538	0.01068	0.00593	0.00571	0.00176	0.00752	0.00516	0.00318	0.00796
9	0.00865	0.00574	0.00690	0.00696	0.00747	0.00555	0.00442	0.00943	0.01066	0.03596	0.14479	0.16521	0.05403	0.46982	0.03629	0.00430	0.00488	0.01016	0.00448	0.00432
10	0.00757	0.00553	0.00717	0.00824	0.00881	0.00530	0.00561	0.00954	0.05138	0.01596	0.08352	0.69656	0.03852	0.01721	0.00730	0.00230	0.00340	0.01556	0.00550	0.00502
11	0.00733	0.00534	0.00657	0.00740	0.00824	0.00487	0.00512	0.00868	0.01212	0.01611	0.09913	0.52312	0.20036	0.01631	0.00708	0.00218	0.00319	0.01449	0.04750	0.00487
12	0.01460	0.04913	0.01831	0.19216	0.04110	0.03625	0.06301	0.18319	0.01488	0.02031	0.01200	0.05558	0.01028	0.00784	0.00931	0.00200	0.21416	0.00576	0.04282	0.00731
13	0.00888	0.00716	0.00733	0.00706	0.00894	0.04442	0.00529	0.01070	0.01432	0.05162	0.23973	0.08745	0.45936	0.01336	0.00677	0.00192	0.00339	0.01130	0.00563	0.00537
14	0.00828	0.00603	0.00718	0.00689	0.00857	0.00533	0.00517	0.01042	0.01495	0.04668	0.41835	0.08162	0.33302	0.01314	0.00685	0.00191	0.00293	0.01132	0.00598	0.00538
15	0.06306	0.03488	0.13077	0.01205	0.01698	0.01358	0.01112	0.30349	0.04732	0.16747	0.06976	0.01679	0.01364	0.00687	0.00558	0.00171	0.00587	0.00535	0.00523	0.06848
16	0.03713	0.00812	0.00938	0.07183	0.01225	0.00882	0.00692	0.13997	0.01413	0.02166	0.01796	0.07776	0.01597	0.08508	0.04912	0.00247	0.01925	0.03205	0.36404	0.00609
17	0.01293	0.00933	0.01056	0.00975	0.01178	0.00990	0.00733	0.23962	0.07810	0.02287	0.02333	0.33030	0.02406	0.07625	0.00832	0.00232	0.00461	0.03096	0.08101	0.00670
18	0.01292	0.01361	0.02266	0.05709	0.02133	0.04052	0.25764	0.01558	0.01101	0.01562	0.01030	0.03965	0.00930	0.00951	0.04071	0.00252	0.40438	0.00606	0.00281	0.00678
19	0.12832	0.01153	0.01389	0.01101	0.01489	0.03060	0.05095	0.13400	0.04856	0.26310	0.12329	0.01966	0.01742	0.00729	0.00595	0.00174	0.02561	0.00587	0.00552	0.08078

[dist]
# distance from previous block
# <min> <max>
5	29

[block]
# block no. 3 follows, 40 sequences, length 20
# corresponding to MSA columns:
# 677-696
name=unknown_D
#
# <colnr> <probs for GDERKNQSTAVLIFYWHMCP>
#	G	D	E	R	K	N	Q	S	T	A	V	L	I	F	Y	W	H	M	C	P
0	0.00927	0.00696	0.00836	0.00862	0.00991	0.00687	0.00615	0.07944	0.06823	0.01827	0.07658	0.51629	0.09540	0.02959	0.00740	0.00223	0.00374	0.01348	0.00545	0.02776
1	0.01084	0.00573	0.00808	0.00784	0.00817	0.00584	0.00537	0.05129	0.00892	0.01210	0.01066	0.01760	0.01027	0.01892	0.02104	0.75105	0.00504	0.00508	0.03309	0.00307
2	0.01333	0.34217	0.44316	0.01449	0.04433	0.01738	0.01668	0.01799	0.01212	0.01651	0.00950	0.01115	0.00746	0.00529	0.00480	0.00159	0.00758	0.00384	0.00248	0.00815
3	0.00978	0.00709	0.00874	0.00858	0.01014	0.01980	0.00671	0.05187	0.01535	0.04095	0.37953	0.10778	0.09180	0.03685	0.02513	0.00234	0.00414	0.16196	0.00579	0.00568
4	0.01216	0.01630	0.16524	0.04704	0.02488	0.02989	0.39413	0.01663	0.01322	0.01782	0.01728	0.06987	0.05301	0.00767	0.00670	0.00203	0.00826	0.08719	0.00339	0.00728
5	0.01510	0.01020	0.01136	0.00992	0.01312	0.01062	0.00780	0.05002	0.35644	0.18018	0.05158	0.03045	0.20911	0.00958	0.00617	0.00192	0.00426	0.00795	0.00607	0.00817
6	0.01149	0.00863	0.01048	0.01011	0.03065	0.00904	0.00741	0.12944	0.09675	0.03976	0.22303	0.27152	0.06926	0.01245	0.00724	0.00203	0.03773	0.01075	0.00565	0.00657
7	0.02388	0.01010	0.01328	0.01035	0.01454	0.00916	0.00848	0.08193	0.03615	0.62157	0.08835	0.02152	0.01778	0.00762	0.00594	0.00180	0.00485	0.00624	0.00699	0.00948
8	0.00825	0.00558	0.00638	0.00654	0.00664	0.00551	0.00377	0.00841	0.00892	0.01183	0.02118	0.12742	0.04573	0.68010	0.02629	0.00514	0.00529	0.00953	0.00380	0.00371
9	0.01677	0.15214	0.06201	0.01209	0.01630	0.03639	0.01048	0.25700	0.27638	0.02580	0.06270	0.01753	0.01485	0.00715	0.00552	0.00174	0.00574	0.00557	0.00503	0.00879
10	0.00903	0.00650	0.00894	0.01013	0.01143	0.00641	0.00867	0.01153	0.01336	0.01740	0.06466	0.11591	0.07065	0.01597	0.00788	0.00258	0.00498	0.60327	0.00541	0.00529
11	0.00760	0.00568	0.00695	0.00754	0.00859	0.00522	0.00548	0.00912	0.01255	0.01632	0.14198	0.31720	0.24177	0.08461	0.00922	0.00250	0.00362	0.10384	0.00537	0.00486
12	0.47827	0.01489	0.13130	0.01019	0.01468	0.01359	0.00961	0.14336	0.03891	0.04576	0.01088	0.01190	0.00807	0.00589	0.00445	0.00178	0.00542	0.00398	0.03962	0.00744
13	0.05290	0.30256	0.34767	0.07894	0.02194	0.01672	0.04343	0.01804	0.01215	0.04232	0.00995	0.01175	0.00768	0.00538	0.00488	0.00164	0.00740	0.00404	0.00271	0.00791
14	0.01711	0.00849	0.01072	0.00914	0.01221	0.00782	0.00720	0.02084	0.10079	0.37315	0.13770	0.10879	0.14038	0.01029	0.00633	0.00191	0.00410	0.00874	0.00646	0.00785
15	0.00781	0.00563	0.00700	0.00737	0.00797	0.00559	0.00494	0.00877	0.01024	0.01361	0.04490	0.24848	0.12978	0.30524	0.16178	0.00482	0.00646	0.01088	0.00430	0.00442
16	0.01804	0.01324	0.01431	0.01166	0.01526	0.01454	0.00937	0.48476	0.10578	0.03099	0.04522	0.10011	0.01600	0.00845	0.00587	0.00180	0.00538	0.00681	0.08374	0.00867
17	0.04729	0.01044	0.01655	0.48297	0.14823	0.01211	0.01418	0.04266	0.01264	0.01735	0.07139	0.04179	0.01287	0.00717	0.00648	0.03329	0.00678	0.00587	0.00319	0.00674
18	0.01319	0.03557	0.01063	0.00883	0.01136	0.00887	0.00688	0.11372	0.07373	0.13448	0.15255	0.10018	0.20118	0.05477	0.04531	0.00246	0.00474	0.00914	0.00563	0.00680
19	0.58080	0.04243	0.07470	0.00901	0.01326	0.01260	0.00816	0.01936	0.01146	0.16562	0.01113	0.01166	0.00798	0.00574	0.00420	0.00178	0.00500	0.00376	0.00415	0.00722

[dist]
# distance from previous block
# <min> <max>
0	1

[block]
# block no. 4 follows, 40 sequences, length 26
# corresponding to MSA columns:
# 698-723
name=unknown_E
#
# <colnr> <probs for GDERKNQSTAVLIFYWHMCP>
#	G	D	E	R	K	N	Q	S	T	A	V	L	I	F	Y	W	H	M	C	P
0	0.02071	0.01583	0.01649	0.01282	0.01734	0.05250	0.01047	0.56766	0.07785	0.05289	0.01434	0.01434	0.01035	0.00676	0.00566	0.00167	0.00623	0.00511	0.00551	0.08546
1	0.01842	0.01409	0.01485	0.01211	0.01575	0.04400	0.00971	0.52271	0.04289	0.03037	0.01898	0.13442	0.05010	0.01026	0.03165	0.00210	0.00619	0.00730	0.00554	0.00857
2	0.00800	0.00563	0.00689	0.00747	0.00798	0.00542	0.00504	0.00892	0.01072	0.01414	0.06257	0.28003	0.09232	0.34681	0.01683	0.00373	0.00452	0.10398	0.00465	0.00435
3	0.01435	0.01195	0.01429	0.01054	0.01552	0.01060	0.04244	0.16537	0.05968	0.02291	0.01195	0.01320	0.00944	0.00510	0.00484	0.00116	0.00502	0.00416	0.00406	0.57341
4	0.02586	0.01163	0.12104	0.00973	0.01334	0.02383	0.00883	0.01659	0.06405	0.11976	0.36346	0.02843	0.03149	0.00872	0.00600	0.00169	0.00444	0.00742	0.00534	0.12835
5	0.01605	0.63740	0.02830	0.01131	0.01599	0.11777	0.04944	0.01805	0.01264	0.01427	0.02801	0.01071	0.00878	0.00528	0.00418	0.00133	0.00687	0.00359	0.00268	0.00734
6	0.00904	0.00738	0.00895	0.04538	0.01155	0.00762	0.00698	0.01321	0.12947	0.01810	0.14624	0.19772	0.24168	0.01344	0.00746	0.00212	0.03937	0.08311	0.00536	0.00582
7	0.01070	0.00559	0.00789	0.00770	0.00800	0.00567	0.00526	0.04160	0.00878	0.01207	0.01085	0.01776	0.01040	0.01873	0.02075	0.73930	0.00496	0.00508	0.05585	0.00305
8	0.01317	0.01448	0.03041	0.10380	0.08638	0.01398	0.57241	0.01767	0.01335	0.01808	0.01252	0.05255	0.01015	0.00565	0.00669	0.00196	0.00906	0.00702	0.00302	0.00765
9	0.02064	0.01503	0.01614	0.01260	0.01683	0.01656	0.01032	0.65668	0.02556	0.03461	0.01516	0.05140	0.01158	0.00750	0.00578	0.00175	0.00601	0.00578	0.06073	0.00935
10	0.01408	0.00993	0.01134	0.01015	0.01297	0.01054	0.00795	0.05168	0.35361	0.12715	0.17847	0.05879	0.07744	0.00981	0.00632	0.00195	0.00421	0.03958	0.00611	0.00792
11	0.00719	0.00564	0.00651	0.00684	0.00819	0.00496	0.00492	0.00876	0.01319	0.01685	0.17989	0.28342	0.40239	0.01529	0.00704	0.00206	0.00304	0.01328	0.00559	0.00496
12	0.01193	0.06140	0.58082	0.01747	0.07378	0.01349	0.06769	0.01784	0.01270	0.01859	0.06142	0.01464	0.01084	0.00587	0.00564	0.00181	0.00805	0.00490	0.00279	0.00832
13	0.00877	0.00607	0.00769	0.00728	0.00883	0.00550	0.00546	0.01121	0.01569	0.05541	0.57660	0.08482	0.15991	0.01245	0.00685	0.00188	0.00291	0.01090	0.00623	0.00556
14	0.00754	0.00547	0.00696	0.00782	0.00830	0.00526	0.00528	0.00855	0.01111	0.01475	0.06340	0.53295	0.09353	0.14912	0.01137	0.00287	0.01972	0.03632	0.00507	0.00462
15	0.01098	0.01034	0.01744	0.78165	0.04005	0.01292	0.01615	0.01486	0.01163	0.01486	0.01034	0.01550	0.00775	0.00581	0.00581	0.00194	0.00775	0.00517	0.00258	0.00646
16	0.01527	0.01554	0.02253	0.03247	0.64368	0.10969	0.01686	0.01841	0.01352	0.01825	0.01059	0.01385	0.00895	0.00543	0.00609	0.00172	0.03044	0.00500	0.00288	0.00881
17	0.00884	0.00782	0.04402	0.00817	0.01016	0.00680	0.00660	0.01303	0.09975	0.02117	0.44617	0.08026	0.17689	0.01211	0.00676	0.00193	0.00339	0.03434	0.00589	0.00591
18	0.00910	0.00669	0.00890	0.01000	0.01133	0.00667	0.00837	0.01217	0.05286	0.01725	0.03273	0.17572	0.08820	0.01586	0.00773	0.00254	0.00482	0.51822	0.00540	0.00543
19	0.01512	0.71426	0.11159	0.01068	0.01606	0.02196	0.01122	0.01752	0.01187	0.01420	0.00834	0.00965	0.00745	0.00504	0.00393	0.00131	0.00648	0.00324	0.00248	0.00759
20	0.02531	0.00829	0.00977	0.00870	0.01076	0.00833	0.00654	0.09918	0.08851	0.05706	0.30403	0.06580	0.03205	0.15084	0.03156	0.00270	0.00454	0.02446	0.00543	0.05615
21	0.00746	0.00537	0.00710	0.00797	0.00864	0.00500	0.00557	0.00899	0.01259	0.01706	0.21100	0.55933	0.05790	0.01649	0.00730	0.00224	0.00330	0.04609	0.00564	0.00494
22	0.02250	0.00992	0.01292	0.01021	0.01433	0.00901	0.00830	0.02660	0.10905	0.57426	0.08234	0.02160	0.01785	0.00753	0.00587	0.00178	0.00469	0.00621	0.00679	0.04825
23	0.02108	0.01342	0.01514	0.01194	0.01599	0.01424	0.00967	0.46981	0.04544	0.19937	0.01778	0.07094	0.01369	0.04510	0.00706	0.00199	0.00576	0.00636	0.00600	0.00921
24	0.01404	0.01372	0.02154	0.14193	0.53643	0.05447	0.03316	0.01788	0.03771	0.01823	0.01213	0.01705	0.01033	0.00592	0.00588	0.00180	0.00714	0.03913	0.00306	0.00846
25	0.25784	0.01808	0.01386	0.01191	0.01550	0.27532	0.00937	0.21029	0.04955	0.02418	0.01145	0.03607	0.00923	0.00650	0.00499	0.00168	0.00703	0.00448	0.00413	0.02853

[dist]
# distance from previous block
# <min> <max>
0	1

[block]
# block no. 5 follows, 40 sequences, length 50
# corresponding to MSA columns:
# 725-774
name=unknown_F
#
# <colnr> <probs for GDERKNQSTAVLIFYWHMCP>
#	G	D	E	R	K	N	Q	S	T	A	V	L	I	F	Y	W	H	M	C	P
0	0.00762	0.00585	0.00761	0.00790	0.00906	0.00527	0.02311	0.00914	0.01249	0.01659	0.15546	0.45268	0.18510	0.03269	0.00757	0.00220	0.00343	0.01375	0.00539	0.03710
1	0.03179	0.00681	0.00902	0.01008	0.08148	0.00643	0.00670	0.01120	0.01475	0.02062	0.44860	0.09888	0.15359	0.02792	0.00722	0.00200	0.00347	0.04811	0.00564	0.00568
2	0.01149	0.02887	0.72763	0.01611	0.02435	0.01310	0.02069	0.01804	0.01249	0.01866	0.04771	0.01383	0.00974	0.00584	0.00559	0.00184	0.00830	0.00461	0.00265	0.00844
3	0.04084	0.55957	0.02606	0.01108	0.01568	0.13508	0.01018	0.11118	0.01446	0.01707	0.00898	0.01010	0.00775	0.00540	0.00422	0.00136	0.00684	0.00348	0.00302	0.00763
4	0.12893	0.01642	0.01496	0.12839	0.04602	0.21131	0.01075	0.20989	0.06444	0.02283	0.02847	0.01607	0.03657	0.03303	0.00622	0.00187	0.00709	0.00510	0.00412	0.00752
5	0.01203	0.02469	0.00941	0.00809	0.01024	0.00719	0.00623	0.03489	0.05436	0.14900	0.33431	0.03904	0.16064	0.08787	0.00880	0.00224	0.00382	0.03489	0.00592	0.00632
6	0.01003	0.00747	0.00961	0.01037	0.01198	0.00766	0.00869	0.04179	0.09414	0.01853	0.03111	0.13894	0.07280	0.01498	0.00758	0.00249	0.00496	0.49559	0.00544	0.00586
7	0.02108	0.03622	0.01592	0.01204	0.01609	0.01495	0.00985	0.50765	0.02261	0.15472	0.01482	0.01528	0.01060	0.00862	0.00789	0.10599	0.00598	0.00525	0.00554	0.00890
8	0.01147	0.01058	0.01747	0.68708	0.07695	0.01290	0.01582	0.03872	0.01230	0.01589	0.01126	0.01729	0.00888	0.00621	0.00590	0.00195	0.00757	0.03228	0.00281	0.00668
9	0.00839	0.00567	0.00662	0.00667	0.00677	0.00574	0.00392	0.00861	0.00863	0.01160	0.01860	0.06479	0.02122	0.70200	0.09270	0.00583	0.00641	0.00857	0.00356	0.00371
10	0.00827	0.00617	0.00918	0.00923	0.01021	0.00713	0.00711	0.01025	0.00939	0.01350	0.01626	0.05183	0.01559	0.06102	0.72599	0.00900	0.01488	0.00667	0.00321	0.00513
11	0.01592	0.01292	0.06840	0.01153	0.01518	0.01261	0.00967	0.16227	0.33064	0.11960	0.03768	0.11329	0.04629	0.00903	0.00610	0.00194	0.00504	0.00754	0.00573	0.00861
12	0.02002	0.01542	0.04388	0.01236	0.01661	0.04378	0.01038	0.52875	0.06288	0.06086	0.01514	0.01538	0.01093	0.00692	0.00557	0.00170	0.00602	0.00526	0.10902	0.00912
13	0.00733	0.00521	0.00668	0.00771	0.00809	0.00490	0.00506	0.00826	0.01096	0.01458	0.05396	0.61905	0.06418	0.14198	0.01092	0.00285	0.00370	0.01489	0.00513	0.00456
14	0.00713	0.00508	0.00673	0.00804	0.00837	0.00475	0.00534	0.00811	0.01105	0.01473	0.03161	0.76784	0.03791	0.04297	0.00813	0.00247	0.00345	0.01627	0.00534	0.00469
15	0.06843	0.06213	0.01819	0.15091	0.02050	0.14734	0.05122	0.03405	0.01175	0.01598	0.00911	0.01285	0.00786	0.00759	0.01098	0.00204	0.33142	0.00473	0.02627	0.00665
16	0.01122	0.00578	0.00582	0.00569	0.00715	0.00584	0.00430	0.03780	0.01270	0.02218	0.01880	0.02142	0.01474	0.00678	0.00412	0.00137	0.00283	0.00541	0.80047	0.00557
17	0.00781	0.00530	0.00706	0.00810	0.00867	0.00492	0.00551	0.00903	0.01181	0.04016	0.09908	0.69696	0.03920	0.01727	0.00732	0.00229	0.00337	0.01562	0.00555	0.00496
18	0.01272	0.01272	0.01781	0.01527	0.01527	0.01781	0.01272	0.01399	0.00891	0.01399	0.00763	0.01272	0.00763	0.01018	0.01908	0.00254	0.78499	0.00509	0.00254	0.00636
19	0.00878	0.00843	0.08186	0.00929	0.01083	0.00666	0.00746	0.06089	0.01277	0.01732	0.07862	0.56684	0.03398	0.03406	0.00763	0.00232	0.00417	0.03742	0.00516	0.00551
20	0.00840	0.00624	0.00786	0.00740	0.00892	0.00586	0.00557	0.01168	0.05029	0.02271	0.66226	0.04350	0.11347	0.01195	0.00682	0.00185	0.00285	0.01048	0.00629	0.00561
21	0.00708	0.00509	0.00672	0.00802	0.00841	0.00473	0.00536	0.00811	0.01121	0.01488	0.03302	0.76529	0.06438	0.01809	0.00740	0.00235	0.00336	0.01638	0.00540	0.00473
22	0.01546	0.01132	0.01259	0.01093	0.01409	0.01223	0.00870	0.20858	0.28266	0.08678	0.08950	0.06795	0.08473	0.00966	0.00628	0.00196	0.00478	0.05765	0.00593	0.00824
23	0.01579	0.45181	0.19153	0.01258	0.01782	0.16661	0.01287	0.01866	0.01273	0.01486	0.00877	0.01032	0.00745	0.00546	0.00492	0.00147	0.03266	0.00356	0.00258	0.00754
24	0.01334	0.01040	0.01243	0.07498	0.01582	0.00901	0.00794	0.09414	0.01415	0.06933	0.01767	0.01859	0.10316	0.00623	0.00503	0.00125	0.00470	0.00506	0.00413	0.51264
25	0.01422	0.01364	0.02330	0.07297	0.72341	0.01377	0.01776	0.01770	0.01316	0.01879	0.01091	0.01445	0.00914	0.00521	0.00576	0.00174	0.00695	0.00518	0.00286	0.00907
26	0.50281	0.03552	0.00839	0.00709	0.00999	0.01064	0.00576	0.01594	0.01090	0.04127	0.01329	0.01492	0.03029	0.00675	0.01689	0.00178	0.00417	0.00421	0.25330	0.00610
27	0.01908	0.01412	0.01557	0.01194	0.01647	0.01472	0.00977	0.51084	0.02252	0.05193	0.01385	0.03116	0.01053	0.00801	0.03458	0.00185	0.00616	0.00513	0.00520	0.19655
28	0.00726	0.00525	0.00687	0.00786	0.00845	0.00486	0.00536	0.00857	0.01210	0.01626	0.15012	0.63290	0.07858	0.01702	0.00730	0.00226	0.00325	0.01534	0.00556	0.00486
29	0.02066	0.01498	0.01677	0.01311	0.01744	0.01637	0.03128	0.57928	0.08543	0.07680	0.01620	0.05658	0.01231	0.00761	0.00594	0.00181	0.00610	0.00603	0.00580	0.00950
30	0.21238	0.42099	0.16943	0.01072	0.01606	0.01806	0.01128	0.01805	0.01167	0.05303	0.00925	0.01043	0.00749	0.00529	0.00415	0.00152	0.00621	0.00348	0.00297	0.00752
31	0.01272	0.01272	0.01781	0.01527	0.01527	0.01781	0.01272	0.01399	0.00891	0.01399	0.00763	0.01272	0.00763	0.01018	0.01908	0.00254	0.78499	0.00509	0.00254	0.00636
32	0.00816	0.00589	0.00771	0.00736	0.00867	0.00544	0.00548	0.01080	0.01614	0.02281	0.71286	0.08832	0.05389	0.01227	0.00689	0.00186	0.00278	0.01088	0.00634	0.00544
33	0.02204	0.01176	0.01422	0.01103	0.01538	0.01137	0.00900	0.26276	0.01937	0.39382	0.01922	0.06769	0.01386	0.00754	0.00578	0.00172	0.00526	0.00609	0.00623	0.09586
34	0.55646	0.01195	0.01080	0.00907	0.01285	0.01339	0.00745	0.17358	0.01451	0.08351	0.04995	0.01299	0.01024	0.00622	0.00442	0.00179	0.00485	0.00419	0.00450	0.00730
35	0.00809	0.00551	0.00643	0.00674	0.00688	0.00540	0.00399	0.00837	0.00922	0.01224	0.02266	0.21654	0.04511	0.59095	0.02375	0.00476	0.00503	0.01047	0.00402	0.00384
36	0.00812	0.00599	0.00761	0.00736	0.00881	0.00549	0.00562	0.01067	0.01576	0.02177	0.60050	0.04691	0.15636	0.01261	0.00695	0.00191	0.00297	0.06303	0.00618	0.00539
37	0.02403	0.00959	0.01293	0.01009	0.01426	0.00842	0.00827	0.02673	0.03713	0.67098	0.09402	0.02214	0.01841	0.00767	0.00595	0.00181	0.00472	0.00632	0.00708	0.00945
38	0.02197	0.01359	0.01423	0.01158	0.01554	0.11124	0.00929	0.15387	0.13822	0.37584	0.05832	0.01909	0.01537	0.00736	0.00583	0.00178	0.00576	0.00583	0.00615	0.00914
39	0.00709	0.00506	0.00675	0.00810	0.00843	0.00472	0.00540	0.00810	0.01113	0.01484	0.03205	0.79184	0.03846	0.01822	0.00742	0.00236	0.00337	0.01653	0.00540	0.00472
40	0.01188	0.01181	0.02170	0.55139	0.09770	0.01339	0.17675	0.01594	0.01223	0.01604	0.01070	0.01545	0.00811	0.00556	0.00604	0.00193	0.00814	0.00555	0.00269	0.00700
41	0.02717	0.00869	0.00937	0.01013	0.01175	0.08073	0.00842	0.01271	0.02641	0.01696	0.03272	0.10412	0.14768	0.01465	0.00741	0.00240	0.00530	0.46282	0.00511	0.00546
42	0.00846	0.00564	0.00634	0.00634	0.00634	0.00564	0.00352	0.00846	0.00846	0.01128	0.01832	0.03805	0.02114	0.79563	0.02960	0.00564	0.00564	0.00846	0.00352	0.00352
43	0.00804	0.00555	0.00638	0.00663	0.00689	0.00539	0.00397	0.00838	0.00943	0.01238	0.02486	0.18287	0.09573	0.57239	0.02319	0.00466	0.00495	0.01036	0.00406	0.00389
44	0.05936	0.00958	0.01063	0.03858	0.01242	0.05296	0.00761	0.04936	0.06530	0.08954	0.22192	0.03004	0.08363	0.04891	0.00843	0.00208	0.08005	0.03754	0.08562	0.00644
45	0.00833	0.00616	0.00897	0.00897	0.00988	0.00706	0.00680	0.01014	0.00923	0.01322	0.01592	0.02476	0.01537	0.13817	0.67916	0.00888	0.01433	0.00651	0.00317	0.00498
46	0.83671	0.01125	0.00855	0.00765	0.01125	0.01305	0.00630	0.01709	0.00990	0.02609	0.00810	0.00945	0.00630	0.00540	0.00360	0.00180	0.00450	0.00315	0.00360	0.00630
47	0.00722	0.00516	0.00674	0.00789	0.00829	0.00482	0.00525	0.00825	0.01122	0.01496	0.06137	0.69171	0.05484	0.07169	0.00892	0.00256	0.00349	0.01563	0.00531	0.00468
48	0.01609	0.01299	0.01410	0.09221	0.03772	0.07606	0.00990	0.10333	0.29175	0.10534	0.04696	0.01969	0.03923	0.00723	0.00571	0.00174	0.00556	0.00590	0.00509	0.10339
49	0.19910	0.05684	0.01572	0.01228	0.01611	0.20381	0.00994	0.33116	0.01920	0.02651	0.01175	0.01259	0.02169	0.00653	0.00554	0.00170	0.03274	0.00443	0.00435	0.00800

[dist]
# distance from previous block
# <min> <max>
14	30

[block]
# block no. 6 follows, 40 sequences, length 18
# corresponding to MSA columns:
# 805-822
name=unknown_G
#
# <colnr> <probs for GDERKNQSTAVLIFYWHMCP>
#	G	D	E	R	K	N	Q	S	T	A	V	L	I	F	Y	W	H	M	C	P
0	0.07880	0.01385	0.01912	0.14255	0.33385	0.07508	0.04094	0.03553	0.07826	0.05327	0.01213	0.01465	0.00954	0.00581	0.00590	0.00176	0.02670	0.00504	0.00345	0.04376
1	0.01799	0.01420	0.04589	0.03188	0.08461	0.03289	0.01083	0.32145	0.12102	0.10350	0.03856	0.01914	0.06425	0.00735	0.00581	0.00174	0.00580	0.00592	0.00526	0.06193
2	0.06733	0.22458	0.07434	0.04602	0.06371	0.14320	0.10972	0.09476	0.01459	0.03773	0.02969	0.01294	0.00937	0.00593	0.00578	0.00166	0.04308	0.00459	0.00330	0.00768
3	0.01542	0.03024	0.01562	0.17996	0.02051	0.10359	0.01129	0.11281	0.08024	0.07719	0.04810	0.01655	0.01211	0.00881	0.03908	0.00217	0.14605	0.00534	0.02373	0.05118
4	0.47855	0.01209	0.01142	0.01014	0.03170	0.01358	0.00797	0.11581	0.15368	0.09434	0.01326	0.01344	0.00976	0.00624	0.00459	0.00182	0.00487	0.00437	0.00464	0.00772
5	0.01279	0.01033	0.01380	0.25080	0.02203	0.00981	0.01002	0.01668	0.06187	0.07163	0.03278	0.01521	0.01065	0.00544	0.00507	0.00137	0.00541	0.00456	0.00369	0.43607
6	0.00831	0.00623	0.00935	0.00935	0.01038	0.00727	0.00727	0.01038	0.00935	0.01350	0.01558	0.02285	0.01454	0.04361	0.77259	0.00935	0.01558	0.00623	0.00312	0.00519
7	0.01137	0.01058	0.01776	0.61521	0.14430	0.01260	0.01591	0.01509	0.01199	0.01566	0.01192	0.01899	0.00984	0.00647	0.00597	0.00196	0.00745	0.05731	0.00283	0.00679
8	0.01206	0.01034	0.01206	0.00861	0.01378	0.00775	0.00689	0.01464	0.01206	0.01895	0.01034	0.01206	0.00861	0.00431	0.00431	0.00086	0.00431	0.00345	0.00345	0.83118
9	0.01206	0.01034	0.01206	0.00861	0.01378	0.00775	0.00689	0.01464	0.01206	0.01895	0.01034	0.01206	0.00861	0.00431	0.00431	0.00086	0.00431	0.00345	0.00345	0.83118
10	0.01272	0.01272	0.01781	0.01527	0.01527	0.01781	0.01272	0.01399	0.00891	0.01399	0.00763	0.01272	0.00763	0.01018	0.01908	0.00254	0.78499	0.00509	0.00254	0.00636
11	0.00735	0.00525	0.00703	0.00829	0.00877	0.00494	0.00575	0.00860	0.01162	0.01552	0.07047	0.68814	0.03890	0.01769	0.00745	0.00236	0.00351	0.07811	0.00545	0.00482
12	0.01098	0.01034	0.01744	0.78165	0.04005	0.01292	0.01615	0.01486	0.01163	0.01486	0.01034	0.01550	0.00775	0.00581	0.00581	0.00194	0.00775	0.00517	0.00258	0.00646
13	0.01529	0.01654	0.04592	0.09674	0.52250	0.14817	0.03502	0.01857	0.01365	0.01776	0.01054	0.01376	0.00871	0.00538	0.00569	0.00171	0.00774	0.00494	0.00286	0.00848
14	0.01377	0.01348	0.02098	0.33388	0.35244	0.06061	0.05478	0.04819	0.01342	0.01777	0.01075	0.01465	0.00852	0.00555	0.00581	0.00181	0.00760	0.00518	0.00290	0.00790
15	0.03688	0.28883	0.18775	0.01433	0.05063	0.11348	0.01327	0.08176	0.05001	0.05357	0.01432	0.01578	0.03991	0.00704	0.00558	0.00186	0.00750	0.00489	0.00389	0.00871
16	0.25058	0.07751	0.05071	0.02633	0.01504	0.07483	0.04755	0.16399	0.01511	0.02344	0.04419	0.10127	0.03365	0.00773	0.00517	0.00178	0.00574	0.00605	0.04226	0.00707
17	0.03065	0.01296	0.04586	0.05284	0.20639	0.04488	0.03100	0.15639	0.07560	0.02169	0.03599	0.14038	0.05013	0.02363	0.00654	0.00195	0.00595	0.02352	0.00436	0.02929

[dist]
# distance from previous block
# <min> <max>
3	18

[block]
# block no. 7 follows, 40 sequences, length 11
# corresponding to MSA columns:
# 842-852
name=unknown_H
#
# <colnr> <probs for GDERKNQSTAVLIFYWHMCP>
#	G	D	E	R	K	N	Q	S	T	A	V	L	I	F	Y	W	H	M	C	P
0	0.05419	0.01478	0.10766	0.01172	0.01616	0.01329	0.01047	0.36046	0.01944	0.09798	0.01517	0.05217	0.01193	0.03558	0.03165	0.00208	0.00618	0.00562	0.05494	0.07852
1	0.08541	0.01248	0.01554	0.12604	0.16546	0.04841	0.01168	0.14096	0.09601	0.07280	0.03403	0.03629	0.01401	0.00745	0.00577	0.00185	0.00604	0.06650	0.02532	0.02796
2	0.01284	0.03000	0.01135	0.00962	0.01208	0.01007	0.00764	0.19417	0.04173	0.05103	0.08705	0.10292	0.15080	0.01605	0.12950	0.00308	0.02925	0.03294	0.04384	0.02405
3	0.16881	0.38875	0.09810	0.01047	0.01482	0.07512	0.01003	0.03955	0.01227	0.01741	0.01158	0.10752	0.01118	0.00691	0.00453	0.00158	0.00612	0.00503	0.00320	0.00704
4	0.00948	0.00694	0.00830	0.00823	0.00936	0.00707	0.00591	0.04603	0.08543	0.01761	0.17031	0.15164	0.05827	0.26948	0.03872	0.00350	0.00484	0.08863	0.00498	0.00526
5	0.03151	0.00943	0.01058	0.00982	0.01241	0.00989	0.00787	0.11516	0.20300	0.06383	0.05678	0.07814	0.18078	0.01142	0.00653	0.00206	0.00447	0.14929	0.02994	0.00710
6	0.02115	0.01558	0.01677	0.01305	0.01743	0.01719	0.01069	0.69361	0.02631	0.03527	0.01511	0.06323	0.01170	0.00769	0.00592	0.00178	0.00621	0.00595	0.00579	0.00956
7	0.02211	0.01629	0.01745	0.01338	0.01803	0.01803	0.01105	0.73997	0.02734	0.03665	0.01396	0.01396	0.00989	0.00698	0.00582	0.00175	0.00640	0.00524	0.00582	0.00989
8	0.01522	0.73373	0.09298	0.01051	0.01580	0.02220	0.01093	0.01750	0.01186	0.01408	0.00828	0.00958	0.00745	0.00502	0.00388	0.00129	0.00642	0.00321	0.00248	0.00756
9	0.02211	0.01629	0.01745	0.01338	0.01803	0.01803	0.01105	0.73997	0.02734	0.03665	0.01396	0.01396	0.00989	0.00698	0.00582	0.00175	0.00640	0.00524	0.00582	0.00989
10	0.01443	0.57766	0.24214	0.01186	0.01788	0.02027	0.01327	0.01770	0.01195	0.01505	0.00876	0.01018	0.00743	0.00513	0.00425	0.00142	0.00690	0.00345	0.00248	0.00779

[dist]
# distance from previous block
# <min> <max>
0	1

[block]
# block no. 8 follows, 40 sequences, length 176
# corresponding to MSA columns:
# 854-1029
name=unknown_I
#
# <colnr> <probs for GDERKNQSTAVLIFYWHMCP>
#	G	D	E	R	K	N	Q	S	T	A	V	L	I	F	Y	W	H	M	C	P
0	0.02175	0.01615	0.01747	0.01345	0.01793	0.01803	0.01112	0.71271	0.02665	0.03580	0.01372	0.01392	0.00980	0.00710	0.00632	0.00178	0.03563	0.00523	0.00569	0.00976
1	0.01555	0.79913	0.03047	0.00995	0.01493	0.02301	0.00995	0.01741	0.01182	0.01368	0.00808	0.00933	0.00746	0.00498	0.00373	0.00124	0.00622	0.00311	0.00249	0.00746
2	0.12089	0.01663	0.01599	0.01275	0.01701	0.09610	0.01037	0.53161	0.07012	0.03223	0.01335	0.01354	0.00970	0.00674	0.00549	0.00174	0.00648	0.00491	0.00526	0.00908
3	0.01543	0.77568	0.05289	0.01015	0.01524	0.02272	0.01030	0.01744	0.01183	0.01383	0.00816	0.00942	0.00746	0.00499	0.00379	0.00126	0.00629	0.00315	0.00249	0.00750
4	0.76459	0.01113	0.00877	0.00779	0.01131	0.01282	0.00639	0.04185	0.01076	0.02628	0.03267	0.01095	0.00817	0.00569	0.00379	0.00179	0.00447	0.00351	0.02091	0.00638
5	0.01754	0.01270	0.01479	0.01188	0.01553	0.01364	0.02742	0.41686	0.04860	0.06880	0.01565	0.04412	0.01267	0.05072	0.14207	0.00325	0.00767	0.00596	0.00506	0.06508
6	0.20472	0.00867	0.00976	0.00865	0.01151	0.00849	0.00681	0.04445	0.01392	0.21803	0.11967	0.16184	0.07767	0.01013	0.00583	0.00191	0.00417	0.03568	0.00552	0.04256
7	0.01409	0.01354	0.02063	0.18448	0.45040	0.05458	0.03063	0.04869	0.03011	0.01893	0.03990	0.01561	0.01077	0.00571	0.00576	0.00174	0.00701	0.00531	0.00318	0.03894
8	0.09368	0.39746	0.16254	0.01156	0.01652	0.06775	0.01173	0.04586	0.04475	0.01738	0.02408	0.01275	0.03022	0.00599	0.00506	0.00156	0.03644	0.00408	0.00305	0.00754
9	0.18615	0.01111	0.01151	0.00988	0.01318	0.01203	0.00789	0.16494	0.19507	0.09800	0.07011	0.02486	0.11117	0.03249	0.00637	0.00199	0.00470	0.02539	0.00542	0.00774
10	0.06041	0.40983	0.07769	0.03991	0.01522	0.07415	0.00988	0.01690	0.01195	0.04200	0.01098	0.01371	0.00949	0.04274	0.06770	0.00224	0.00706	0.00412	0.07709	0.00694
11	0.06569	0.02972	0.01505	0.25332	0.02257	0.18862	0.01138	0.11408	0.02986	0.01861	0.03915	0.03348	0.03931	0.03820	0.04426	0.00232	0.03846	0.00557	0.00360	0.00675
12	0.04062	0.00793	0.00883	0.00814	0.00992	0.02142	0.00592	0.04412	0.09283	0.09029	0.14039	0.06802	0.14699	0.23161	0.05484	0.00335	0.00509	0.00878	0.00505	0.00586
13	0.01197	0.01205	0.02240	0.37655	0.06021	0.01292	0.25627	0.01588	0.01224	0.01649	0.01139	0.02973	0.00908	0.00735	0.03962	0.00220	0.02892	0.00586	0.00285	0.06603
14	0.01868	0.01519	0.01535	0.01343	0.05783	0.10880	0.01015	0.44460	0.02137	0.02823	0.01468	0.01664	0.02385	0.04063	0.07550	0.00252	0.00737	0.00540	0.07143	0.00834
15	0.09451	0.01465	0.01571	0.01223	0.01659	0.01602	0.01008	0.56664	0.02385	0.10557	0.01451	0.01457	0.01027	0.00772	0.02374	0.00192	0.00619	0.00514	0.03076	0.00932
16	0.01404	0.01341	0.02285	0.08562	0.69293	0.01359	0.01753	0.01751	0.01314	0.01868	0.01137	0.01568	0.00969	0.00548	0.00581	0.00176	0.00693	0.02212	0.00292	0.00893
17	0.01551	0.00817	0.01044	0.00890	0.01168	0.00764	0.00701	0.01961	0.10159	0.29729	0.36958	0.03268	0.06555	0.00981	0.00638	0.00184	0.00379	0.00840	0.00660	0.00753
18	0.01098	0.01034	0.01744	0.78165	0.04005	0.01292	0.01615	0.01486	0.01163	0.01486	0.01034	0.01550	0.00775	0.00581	0.00581	0.00194	0.00775	0.00517	0.00258	0.00646
19	0.00759	0.00557	0.00713	0.00748	0.00849	0.00510	0.00533	0.00947	0.01386	0.01889	0.37252	0.35800	0.12932	0.01487	0.00710	0.00207	0.00303	0.01324	0.00587	0.00510
20	0.02546	0.01053	0.01384	0.01065	0.01514	0.00954	0.00879	0.09235	0.03472	0.68080	0.02215	0.01931	0.01407	0.00719	0.00585	0.00180	0.00507	0.00581	0.00704	0.00988
21	0.02609	0.00990	0.01350	0.01035	0.01484	0.00855	0.00855	0.02834	0.01664	0.76338	0.02294	0.01979	0.01439	0.00720	0.00585	0.00180	0.00495	0.00585	0.00720	0.00990
22	0.00695	0.00585	0.00603	0.00616	0.00800	0.00494	0.00461	0.00842	0.01311	0.01569	0.05632	0.10886	0.68843	0.01501	0.00694	0.00201	0.00303	0.02935	0.00540	0.00491
23	0.00936	0.00740	0.00852	0.03475	0.01066	0.02990	0.00626	0.03296	0.06659	0.03278	0.32598	0.19133	0.19565	0.01288	0.00678	0.00197	0.00360	0.01120	0.00571	0.00575
24	0.01084	0.00542	0.00542	0.00542	0.00678	0.00542	0.00407	0.01355	0.01220	0.02168	0.01897	0.02168	0.01491	0.00678	0.00407	0.00136	0.00271	0.00542	0.82791	0.00542
25	0.00702	0.00590	0.00611	0.00620	0.00807	0.00499	0.00469	0.00856	0.01326	0.01592	0.07224	0.08053	0.68629	0.01484	0.00694	0.00200	0.00306	0.04301	0.00542	0.00494
26	0.01367	0.01558	0.03396	0.04018	0.03059	0.01467	0.72329	0.01855	0.01368	0.01855	0.01174	0.01568	0.00880	0.00492	0.00684	0.00196	0.00976	0.00683	0.00293	0.00781
27	0.01555	0.79913	0.03047	0.00995	0.01493	0.02301	0.00995	0.01741	0.01182	0.01368	0.00808	0.00933	0.00746	0.00498	0.00373	0.00124	0.00622	0.00311	0.00249	0.00746
28	0.00705	0.00520	0.00660	0.00772	0.00833	0.00476	0.00523	0.00814	0.01150	0.01499	0.03668	0.66494	0.16237	0.01762	0.00733	0.00229	0.00330	0.01580	0.00540	0.00476
29	0.01074	0.00545	0.00558	0.00558	0.00692	0.00549	0.00419	0.01343	0.01208	0.02136	0.01884	0.02173	0.01489	0.00823	0.03442	0.00167	0.00322	0.00545	0.79534	0.00541
30	0.01174	0.01265	0.04586	0.23747	0.02809	0.01291	0.32416	0.01545	0.01220	0.01650	0.01407	0.13618	0.01297	0.00778	0.00781	0.00207	0.08445	0.00763	0.00317	0.00684
31	0.05069	0.00993	0.01321	0.01021	0.01456	0.00879	0.00841	0.04403	0.01668	0.69397	0.05123	0.02027	0.01563	0.00732	0.00582	0.00180	0.00488	0.00593	0.00702	0.00961
32	0.01555	0.79913	0.03047	0.00995	0.01493	0.02301	0.00995	0.01741	0.01182	0.01368	0.00808	0.00933	0.00746	0.00498	0.00373	0.00124	0.00622	0.00311	0.00249	0.00746
33	0.01435	0.01166	0.01336	0.01000	0.01465	0.01051	0.00806	0.19332	0.01568	0.02297	0.01208	0.04630	0.01019	0.00577	0.00533	0.00120	0.03181	0.00451	0.00408	0.56419
34	0.01439	0.01382	0.02360	0.03569	0.75936	0.01382	0.01785	0.01785	0.01324	0.01900	0.01094	0.01439	0.00921	0.00518	0.00576	0.00173	0.00691	0.00518	0.00288	0.00921
35	0.01892	0.01303	0.01454	0.01184	0.01545	0.01403	0.00947	0.48127	0.05110	0.09976	0.01855	0.16431	0.01612	0.00961	0.00666	0.02786	0.00557	0.00751	0.00577	0.00864
36	0.00789	0.00545	0.00651	0.00698	0.00722	0.00528	0.00428	0.00839	0.00983	0.01306	0.04446	0.30848	0.06007	0.46320	0.02009	0.00421	0.00464	0.01156	0.00435	0.00406
37	0.01463	0.01246	0.01330	0.01177	0.01497	0.01437	0.00924	0.08983	0.61699	0.02450	0.02415	0.02258	0.05760	0.00828	0.00648	0.00198	0.03549	0.00672	0.00575	0.00891
38	0.02111	0.01300	0.01492	0.01199	0.01613	0.01371	0.00984	0.34548	0.15129	0.25702	0.01959	0.02063	0.01427	0.00782	0.00599	0.00187	0.00556	0.05408	0.00623	0.00946
39	0.01242	0.01353	0.02828	0.02095	0.02548	0.01299	0.56303	0.01641	0.01299	0.01768	0.01537	0.16171	0.01434	0.00768	0.00759	0.00207	0.04832	0.00859	0.00338	0.00718
40	0.00990	0.00505	0.00752	0.00761	0.00763	0.00503	0.00507	0.00761	0.00781	0.01041	0.01155	0.06868	0.01197	0.02007	0.02172	0.77623	0.00494	0.00581	0.00271	0.00267
41	0.01419	0.01182	0.01289	0.01125	0.01471	0.01284	0.00892	0.09457	0.48274	0.02411	0.04860	0.02395	0.01832	0.00810	0.00588	0.00184	0.00472	0.06491	0.00551	0.13012
42	0.00866	0.00642	0.00834	0.00925	0.01039	0.00636	0.00723	0.01175	0.07245	0.01733	0.08788	0.34287	0.07680	0.01584	0.00747	0.00239	0.00418	0.29348	0.00550	0.00541
43	0.00714	0.00520	0.00674	0.00784	0.00840	0.00479	0.00531	0.00832	0.01169	0.01550	0.08386	0.67345	0.10538	0.01747	0.00733	0.00229	0.00329	0.01573	0.00547	0.00479
44	0.00719	0.00511	0.00675	0.00798	0.00832	0.00479	0.00529	0.00818	0.01110	0.01483	0.04805	0.73076	0.03784	0.06315	0.00870	0.00254	0.00349	0.01592	0.00531	0.00467
45	0.01206	0.01034	0.01206	0.00861	0.01378	0.00775	0.00689	0.01464	0.01206	0.01895	0.01034	0.01206	0.00861	0.00431	0.00431	0.00086	0.00431	0.00345	0.00345	0.83118
46	0.01494	0.01740	0.19886	0.01324	0.01804	0.01477	0.01251	0.13566	0.45795	0.02475	0.01894	0.01820	0.01400	0.00717	0.00581	0.00191	0.00586	0.00581	0.00505	0.00916
47	0.02076	0.02083	0.01689	0.04347	0.03990	0.35420	0.01139	0.32241	0.07199	0.02445	0.01220	0.01302	0.00927	0.00651	0.00557	0.00166	0.00816	0.00466	0.00436	0.00829
48	0.01555	0.79913	0.03047	0.00995	0.01493	0.02301	0.00995	0.01741	0.01182	0.01368	0.00808	0.00933	0.00746	0.00498	0.00373	0.00124	0.00622	0.00311	0.00249	0.00746
