[name]
unknown

[dist]
# distance from previous block
# <min> <max>
0	477

[block]
# block no. 0 follows, 44 sequences, length 37
# corresponding to MSA columns:
# 484-520
name=unknown_A
#
# <colnr> <probs for GDERKNQSTAVLIFYWHMCP>
#	G	D	E	R	K	N	Q	S	T	A	V	L	I	F	Y	W	H	M	C	P
0	0.01132	0.00779	0.04280	0.01025	0.01228	0.00698	0.00916	0.01423	0.03000	0.12999	0.02679	0.05201	0.02732	0.01322	0.00708	0.00234	0.00508	0.58033	0.00517	0.00587
1	0.01462	0.17974	0.42048	0.01292	0.01905	0.01364	0.01485	0.01909	0.02616	0.17779	0.01195	0.01263	0.00851	0.00564	0.00545	0.00164	0.04031	0.00419	0.00332	0.00803
2	0.01280	0.01232	0.02123	0.19326	0.59605	0.01280	0.03961	0.01617	0.01211	0.01698	0.01016	0.01375	0.00834	0.00497	0.00544	0.00167	0.00673	0.00490	0.00264	0.00805
3	0.01562	0.01497	0.16175	0.01427	0.06568	0.01186	0.10177	0.20167	0.03182	0.13388	0.01364	0.04814	0.01047	0.00667	0.00609	0.03720	0.00616	0.00528	0.00413	0.10891
4	0.00723	0.00534	0.00682	0.00735	0.00835	0.00493	0.00544	0.00897	0.01261	0.01685	0.26533	0.34233	0.16157	0.01442	0.00679	0.00204	0.00316	0.11037	0.00535	0.00476
5	0.01646	0.00860	0.04267	0.00877	0.01187	0.00712	0.00725	0.04162	0.01453	0.40531	0.12585	0.13938	0.12750	0.00974	0.00594	0.00179	0.00408	0.00827	0.00594	0.00732
6	0.01425	0.01398	0.07669	0.03566	0.07639	0.05930	0.06471	0.04035	0.43827	0.06335	0.01794	0.01838	0.01361	0.00680	0.00577	0.00180	0.01866	0.02127	0.00461	0.00821
7	0.00678	0.00483	0.00642	0.00764	0.00799	0.00454	0.00516	0.00776	0.01044	0.01390	0.02955	0.74605	0.03529	0.04442	0.00770	0.00233	0.00332	0.04647	0.00500	0.00441
8	0.16367	0.44702	0.23607	0.01068	0.01607	0.01738	0.01175	0.01654	0.01087	0.01617	0.00820	0.00954	0.00677	0.00488	0.00395	0.00142	0.00617	0.00323	0.00251	0.00710
9	0.01478	0.01502	0.08160	0.06148	0.41110	0.08700	0.01420	0.09124	0.01391	0.05341	0.01075	0.01298	0.00849	0.00515	0.00520	0.00153	0.00658	0.00452	0.00318	0.09790
10	0.80372	0.01048	0.00826	0.00730	0.01072	0.01201	0.00601	0.01658	0.00961	0.06405	0.00832	0.00937	0.00630	0.00515	0.00348	0.00169	0.00424	0.00308	0.00355	0.00608
11	0.01697	0.01064	0.01222	0.01045	0.01383	0.01134	0.00827	0.02737	0.48184	0.27588	0.05371	0.02061	0.01706	0.00734	0.00556	0.00179	0.00435	0.00609	0.00597	0.00870
12	0.01389	0.00989	0.01170	0.02516	0.01333	0.02676	0.02980	0.02157	0.33035	0.16701	0.10724	0.06616	0.10127	0.00882	0.00635	0.00183	0.03861	0.00737	0.00541	0.00746
13	0.01053	0.00544	0.00547	0.00534	0.00672	0.00549	0.00404	0.03864	0.01193	0.02081	0.01762	0.02007	0.01381	0.00636	0.00387	0.00128	0.00266	0.00508	0.80960	0.00523
14	0.01584	0.01138	0.01211	0.01000	0.01314	0.01253	0.00802	0.37395	0.17449	0.02767	0.05075	0.01777	0.01397	0.00688	0.00508	0.00159	0.00457	0.00544	0.22698	0.00784
15	0.23979	0.01220	0.01303	0.01026	0.01432	0.01297	0.00847	0.33895	0.01827	0.25809	0.01420	0.01364	0.00967	0.00621	0.00491	0.00166	0.00512	0.00457	0.00530	0.00839
16	0.00947	0.00473	0.00710	0.00710	0.00710	0.00473	0.00473	0.00710	0.00710	0.00947	0.00947	0.01657	0.00947	0.01894	0.02131	0.84138	0.00473	0.00473	0.00237	0.00237
17	0.02038	0.02554	0.01549	0.01398	0.01686	0.75493	0.01053	0.05191	0.01587	0.01421	0.00862	0.00997	0.00711	0.00566	0.00494	0.00141	0.00967	0.00357	0.00292	0.00644
18	0.00883	0.00744	0.01125	0.04250	0.01224	0.00908	0.03298	0.01069	0.00897	0.01298	0.01366	0.06047	0.01321	0.04725	0.51787	0.00655	0.16979	0.00616	0.00291	0.00516
19	0.01577	0.01074	0.01106	0.00908	0.01196	0.02847	0.00730	0.39160	0.01875	0.02732	0.01518	0.01641	0.01142	0.00643	0.00467	0.00146	0.00446	0.00496	0.39571	0.00724
20	0.74427	0.01082	0.00893	0.02394	0.01167	0.01243	0.00648	0.06937	0.01068	0.04888	0.00847	0.00959	0.00641	0.00523	0.00363	0.00169	0.00442	0.00321	0.00361	0.00626
21	0.01240	0.05373	0.08494	0.15048	0.02525	0.01397	0.34483	0.04247	0.06792	0.01700	0.01150	0.03575	0.00921	0.00598	0.00726	0.00186	0.09960	0.00578	0.00296	0.00709
22	0.01030	0.00969	0.01635	0.79530	0.03755	0.01211	0.01514	0.01393	0.01090	0.01393	0.00969	0.01453	0.00727	0.00545	0.00545	0.00182	0.00727	0.00484	0.00242	0.00606
23	0.00682	0.00485	0.00641	0.00759	0.00793	0.00456	0.00511	0.00777	0.01037	0.01381	0.02917	0.72314	0.03481	0.06798	0.00832	0.00242	0.00338	0.04624	0.00495	0.00438
24	0.02325	0.00921	0.01240	0.00959	0.01362	0.00808	0.00789	0.04651	0.01588	0.70683	0.07077	0.01986	0.01588	0.00703	0.00554	0.00169	0.00454	0.00575	0.00666	0.00900
25	0.01901	0.00967	0.01198	0.00977	0.01326	0.00946	0.00786	0.07469	0.19018	0.43125	0.14047	0.02212	0.01998	0.00758	0.00565	0.00173	0.00433	0.00630	0.00626	0.00847
26	0.74910	0.01039	0.00856	0.00747	0.01094	0.01173	0.00615	0.01728	0.01003	0.11410	0.00925	0.01001	0.00681	0.00526	0.00362	0.00169	0.00427	0.00325	0.00378	0.00631
27	0.01870	0.01237	0.01397	0.01115	0.01474	0.01329	0.00906	0.49328	0.02086	0.14397	0.01589	0.04917	0.01251	0.04608	0.06276	0.00236	0.00618	0.02674	0.01861	0.00830
28	0.04311	0.00753	0.00879	0.00803	0.01010	0.00750	0.00614	0.05779	0.12765	0.09747	0.32217	0.12379	0.13692	0.01070	0.00609	0.00180	0.00340	0.00920	0.00563	0.00620
29	0.01553	0.68229	0.02641	0.01011	0.01446	0.14755	0.00953	0.01722	0.01180	0.01291	0.00772	0.00892	0.00700	0.00482	0.00373	0.00121	0.00649	0.00301	0.00241	0.00688
30	0.84691	0.01054	0.00801	0.00717	0.01054	0.01223	0.00590	0.01603	0.00928	0.02446	0.00759	0.00886	0.00590	0.00506	0.00337	0.00169	0.00422	0.00295	0.00337	0.00590
31	0.01558	0.01282	0.01341	0.01185	0.03962	0.05418	0.00899	0.28538	0.31924	0.02457	0.01758	0.01892	0.02654	0.07905	0.04534	0.00238	0.00584	0.00576	0.00494	0.00802
32	0.00699	0.00504	0.00654	0.00720	0.00787	0.00467	0.00496	0.00838	0.01187	0.01609	0.24155	0.51576	0.08111	0.04591	0.00759	0.00217	0.00305	0.01338	0.00526	0.00460
33	0.02101	0.01420	0.01561	0.01239	0.01641	0.01500	0.00995	0.52925	0.06000	0.14267	0.05881	0.01833	0.01425	0.02362	0.00655	0.00199	0.00592	0.00585	0.01869	0.00951
34	0.00835	0.00663	0.00714	0.00700	0.00875	0.00566	0.00512	0.00963	0.01408	0.01802	0.24981	0.06785	0.54289	0.01393	0.00704	0.00208	0.00326	0.01146	0.00577	0.00553
35	0.00983	0.00736	0.00935	0.00905	0.00956	0.00805	0.00635	0.01032	0.00935	0.01320	0.01679	0.05527	0.01775	0.39228	0.30102	0.00628	0.10208	0.00745	0.00361	0.00504
36	0.01623	0.71264	0.05333	0.01084	0.01553	0.07580	0.01034	0.01768	0.01231	0.01442	0.00922	0.01099	0.00840	0.00573	0.00431	0.00148	0.00666	0.00350	0.00288	0.00771

[dist]
# distance from previous block
# <min> <max>
3	12

[block]
# block no. 1 follows, 44 sequences, length 11
# corresponding to MSA columns:
# 533-543
name=unknown_B
#
# <colnr> <probs for GDERKNQSTAVLIFYWHMCP>
#	G	D	E	R	K	N	Q	S	T	A	V	L	I	F	Y	W	H	M	C	P
0	0.01621	0.01324	0.01399	0.05606	0.01625	0.05608	0.00954	0.29931	0.29296	0.04566	0.01838	0.01803	0.05656	0.00722	0.00593	0.00173	0.03384	0.00565	0.00502	0.02834
1	0.03015	0.00888	0.01081	0.09795	0.01414	0.00901	0.03503	0.15567	0.01404	0.02154	0.01445	0.04645	0.01167	0.00618	0.00457	0.00138	0.00433	0.00508	0.34635	0.16231
2	0.01761	0.01452	0.01456	0.01203	0.01573	0.07189	0.00963	0.38916	0.34312	0.02784	0.01667	0.01597	0.01228	0.00684	0.00545	0.00171	0.00555	0.00535	0.00530	0.00878
3	0.01733	0.01266	0.01370	0.01096	0.01422	0.01385	0.00867	0.56316	0.02125	0.02847	0.01509	0.07531	0.01318	0.15538	0.00968	0.00235	0.00566	0.00624	0.00503	0.00781
4	0.01351	0.01313	0.02159	0.13905	0.56042	0.03808	0.06992	0.04653	0.01287	0.01776	0.01029	0.01359	0.00839	0.00502	0.00547	0.00166	0.00688	0.00493	0.00278	0.00813
5	0.01083	0.00749	0.00878	0.00811	0.00935	0.00789	0.00575	0.12498	0.10966	0.01675	0.07172	0.09448	0.04002	0.23367	0.01586	0.21361	0.00468	0.00735	0.00409	0.00494
6	0.01267	0.01255	0.02281	0.15227	0.47174	0.01274	0.17075	0.01623	0.01227	0.01706	0.01102	0.01571	0.00919	0.00528	0.00570	0.00173	0.00712	0.03257	0.00275	0.00782
7	0.01331	0.00681	0.00908	0.00781	0.01007	0.00610	0.00610	0.01573	0.01549	0.27474	0.52075	0.03331	0.03875	0.00968	0.00611	0.00171	0.00326	0.00840	0.00625	0.00653
8	0.01314	0.01246	0.01619	0.01372	0.01470	0.04789	0.03357	0.12163	0.01144	0.01639	0.00976	0.05751	0.00937	0.01034	0.04217	0.00244	0.55241	0.00544	0.00303	0.00638
9	0.03833	0.05330	0.51044	0.01424	0.04053	0.04350	0.01620	0.01853	0.01231	0.13917	0.03506	0.01336	0.00938	0.00571	0.00547	0.00170	0.02725	0.00439	0.00320	0.00795
10	0.24389	0.09676	0.01506	0.01066	0.01439	0.01409	0.04623	0.21088	0.07570	0.13618	0.01265	0.01305	0.00927	0.00611	0.00543	0.00167	0.05184	0.00442	0.02402	0.00767

[dist]
# distance from previous block
# <min> <max>
0	1

[block]
# block no. 2 follows, 44 sequences, length 32
# corresponding to MSA columns:
# 545-576
name=unknown_C
#
# <colnr> <probs for GDERKNQSTAVLIFYWHMCP>
#	G	D	E	R	K	N	Q	S	T	A	V	L	I	F	Y	W	H	M	C	P
0	0.16054	0.01287	0.01347	0.01119	0.03625	0.04456	0.00884	0.38634	0.01925	0.14960	0.06076	0.01513	0.01208	0.00652	0.00508	0.00163	0.00530	0.00493	0.03751	0.00814
1	0.00686	0.00564	0.00605	0.00596	0.00768	0.00489	0.00446	0.00876	0.02832	0.01636	0.20344	0.06638	0.58977	0.01320	0.00643	0.00182	0.00276	0.01114	0.00527	0.00479
2	0.00934	0.00668	0.00804	0.00758	0.00909	0.02524	0.00572	0.03218	0.04736	0.05273	0.54723	0.11599	0.04271	0.01107	0.00628	0.00176	0.00313	0.02722	0.03512	0.00553
3	0.01513	0.04446	0.02084	0.02824	0.58116	0.16308	0.01505	0.01794	0.01303	0.03550	0.01008	0.01274	0.00838	0.00504	0.00524	0.00156	0.00706	0.00454	0.00281	0.00814
4	0.00716	0.00555	0.00651	0.00627	0.00780	0.00491	0.00470	0.00920	0.01411	0.01872	0.45620	0.04589	0.36872	0.01232	0.00644	0.00177	0.00266	0.01058	0.00559	0.00491
5	0.00850	0.00575	0.00737	0.00690	0.00838	0.00523	0.00520	0.01087	0.01497	0.06375	0.62996	0.06475	0.12498	0.01136	0.00639	0.00174	0.00273	0.00996	0.00591	0.00530
6	0.00947	0.00473	0.00710	0.00710	0.00710	0.00473	0.00473	0.00710	0.00710	0.00947	0.00947	0.01657	0.00947	0.01894	0.02131	0.84138	0.00473	0.00473	0.00237	0.00237
7	0.00976	0.00589	0.00759	0.00731	0.00884	0.00530	0.00542	0.01165	0.01365	0.13257	0.35397	0.25268	0.13926	0.01250	0.00644	0.00187	0.00307	0.01100	0.00572	0.00549
8	0.01130	0.00969	0.01130	0.00807	0.01292	0.00727	0.00646	0.01373	0.01130	0.01776	0.00969	0.01130	0.00807	0.00404	0.00404	0.00081	0.00404	0.00323	0.00323	0.84173
9	0.01190	0.00999	0.01156	0.00840	0.01310	0.00793	0.00672	0.07024	0.01238	0.01893	0.01047	0.03172	0.00888	0.00456	0.00422	0.00091	0.00416	0.00367	0.00345	0.75679
10	0.01126	0.07333	0.69240	0.01561	0.02332	0.01325	0.06242	0.01722	0.01156	0.01702	0.00973	0.01153	0.00699	0.00512	0.00515	0.00170	0.00799	0.00410	0.00233	0.00795
11	0.00803	0.00584	0.00836	0.00832	0.00918	0.00672	0.00633	0.00978	0.00883	0.01290	0.01495	0.02279	0.01423	0.12523	0.63769	0.00778	0.02744	0.00601	0.05487	0.00472
12	0.84691	0.01054	0.00801	0.00717	0.01054	0.01223	0.00590	0.01603	0.00928	0.02446	0.00759	0.00886	0.00590	0.00506	0.00337	0.00169	0.00422	0.00295	0.00337	0.00590
13	0.01423	0.75513	0.02737	0.00939	0.01378	0.02078	0.00925	0.01599	0.01116	0.01319	0.03723	0.01009	0.00873	0.00507	0.00407	0.00123	0.03073	0.00324	0.00248	0.00689
14	0.05267	0.00934	0.01238	0.00958	0.01366	0.00829	0.00789	0.04566	0.01565	0.70174	0.04994	0.01893	0.01459	0.00685	0.00544	0.00169	0.00458	0.00555	0.00656	0.00900
15	0.00731	0.00553	0.00674	0.00650	0.00791	0.00496	0.00485	0.00948	0.01438	0.01951	0.53743	0.07193	0.25926	0.01213	0.00645	0.00177	0.00265	0.01054	0.00570	0.00496
16	0.04217	0.00922	0.01242	0.00957	0.01370	0.00804	0.00790	0.02594	0.01546	0.74310	0.03952	0.01888	0.01425	0.00682	0.00546	0.00169	0.00458	0.00553	0.00666	0.00910
17	0.01029	0.00533	0.00535	0.00531	0.00664	0.00540	0.00399	0.01331	0.03951	0.02042	0.01795	0.02033	0.01407	0.00639	0.00388	0.00129	0.00261	0.00512	0.80761	0.00521
18	0.00710	0.00559	0.00609	0.00597	0.00769	0.00479	0.00448	0.00876	0.01312	0.03160	0.21800	0.07056	0.57082	0.01315	0.00644	0.00182	0.00277	0.01112	0.00531	0.00482
19	0.01260	0.00720	0.00761	0.00679	0.00871	0.00746	0.00526	0.15619	0.01421	0.05203	0.01736	0.04163	0.01382	0.02664	0.00488	0.00148	0.00337	0.00543	0.60133	0.00599
20	0.07818	0.03658	0.15750	0.01079	0.01535	0.03036	0.01022	0.09539	0.03656	0.37507	0.03609	0.04630	0.03342	0.00692	0.00531	0.00170	0.00539	0.00551	0.00515	0.00824
21	0.01468	0.76387	0.02781	0.00962	0.01409	0.04550	0.00944	0.01640	0.01114	0.01285	0.00759	0.00887	0.00700	0.00484	0.00396	0.00121	0.02884	0.00299	0.00235	0.00695
22	0.84691	0.01054	0.00801	0.00717	0.01054	0.01223	0.00590	0.01603	0.00928	0.02446	0.00759	0.00886	0.00590	0.00506	0.00337	0.00169	0.00422	0.00295	0.00337	0.00590
23	0.03623	0.01225	0.01311	0.02858	0.01498	0.01377	0.00892	0.25385	0.42589	0.04598	0.02098	0.01984	0.06621	0.00746	0.00552	0.00177	0.00481	0.00601	0.00539	0.00844
24	0.00735	0.00523	0.00675	0.00753	0.00807	0.00499	0.00513	0.02867	0.01128	0.01520	0.12124	0.59065	0.03548	0.09641	0.00898	0.00245	0.00343	0.03160	0.00501	0.00455
25	0.01836	0.01344	0.01464	0.01167	0.01532	0.01475	0.00943	0.62631	0.02291	0.03069	0.01548	0.12920	0.01320	0.00842	0.00610	0.02437	0.00555	0.00646	0.00531	0.00838
26	0.00680	0.00508	0.00634	0.00725	0.00795	0.00469	0.00497	0.00821	0.02801	0.01455	0.06083	0.61552	0.17775	0.01602	0.00681	0.00212	0.00309	0.01432	0.00511	0.00458
27	0.00935	0.00475	0.00701	0.00707	0.00712	0.00473	0.00472	0.00729	0.00739	0.01000	0.01074	0.05602	0.01093	0.01848	0.02009	0.77529	0.00459	0.00528	0.02661	0.00255
28	0.01093	0.02820	0.78016	0.01554	0.02360	0.01266	0.02014	0.01727	0.01151	0.01727	0.00978	0.01151	0.00691	0.00518	0.00518	0.00173	0.00806	0.00403	0.00230	0.00806
29	0.01093	0.02820	0.78016	0.01554	0.02360	0.01266	0.02014	0.01727	0.01151	0.01727	0.00978	0.01151	0.00691	0.00518	0.00518	0.00173	0.00806	0.00403	0.00230	0.00806
30	0.00819	0.00585	0.00734	0.00710	0.00844	0.00554	0.00527	0.01119	0.05731	0.03316	0.53749	0.14663	0.09149	0.01168	0.00634	0.00178	0.00280	0.01029	0.03684	0.00528
31	0.07474	0.01171	0.12578	0.03173	0.03596	0.00929	0.00935	0.10479	0.01537	0.20976	0.26453	0.02409	0.04400	0.00791	0.00562	0.00170	0.00468	0.00658	0.00516	0.00726

[dist]
# distance from previous block
# <min> <max>
2	7

[block]
# block no. 3 follows, 44 sequences, length 15
# corresponding to MSA columns:
# 585-599
name=unknown_D
#
# <colnr> <probs for GDERKNQSTAVLIFYWHMCP>
#	G	D	E	R	K	N	Q	S	T	A	V	L	I	F	Y	W	H	M	C	P
0	0.07714	0.18933	0.01664	0.01038	0.01445	0.01475	0.00880	0.20720	0.18271	0.16153	0.01486	0.01434	0.01087	0.00612	0.00483	0.00155	0.00511	0.00463	0.00476	0.04998
1	0.01230	0.01748	0.21150	0.01943	0.06016	0.03672	0.37312	0.01656	0.01200	0.01682	0.04037	0.01433	0.00947	0.00580	0.00778	0.00187	0.12875	0.00556	0.00272	0.00726
2	0.06545	0.00925	0.01086	0.00900	0.01211	0.00875	0.00704	0.12316	0.01348	0.10104	0.03410	0.22020	0.01696	0.00860	0.00585	0.00154	0.04269	0.00713	0.00445	0.29833
3	0.00794	0.00621	0.00783	0.00774	0.00921	0.00560	0.00557	0.00942	0.01122	0.01563	0.10833	0.47129	0.08041	0.01316	0.00667	0.00184	0.03427	0.01160	0.00467	0.18139
4	0.01296	0.01609	0.16205	0.01853	0.08106	0.01353	0.31291	0.06130	0.17382	0.01932	0.01420	0.01598	0.02901	0.00586	0.00632	0.00181	0.03817	0.00579	0.00346	0.00784
5	0.00947	0.00473	0.00710	0.00710	0.00710	0.00473	0.00473	0.00710	0.00710	0.00947	0.00947	0.01657	0.00947	0.01894	0.02131	0.84138	0.00473	0.00473	0.00237	0.00237
6	0.01251	0.01184	0.02001	0.15708	0.59281	0.01220	0.01556	0.01576	0.01240	0.01749	0.06978	0.01580	0.01176	0.00545	0.00549	0.00166	0.00630	0.00525	0.00291	0.00794
7	0.00885	0.00715	0.01075	0.01300	0.13607	0.00696	0.04059	0.03633	0.01178	0.01581	0.02600	0.47897	0.05258	0.01375	0.00669	0.00211	0.00433	0.11820	0.00458	0.00551
8	0.01017	0.00531	0.00563	0.04385	0.00788	0.00543	0.00437	0.01276	0.01141	0.02001	0.01739	0.02004	0.01364	0.00631	0.00389	0.00130	0.00277	0.00507	0.79764	0.00513
9	0.01301	0.01297	0.05051	0.02905	0.62499	0.01252	0.01540	0.01746	0.08743	0.01807	0.01255	0.05897	0.01092	0.00582	0.00549	0.00168	0.00614	0.00556	0.00310	0.00837
10	0.01383	0.01067	0.01344	0.05528	0.05172	0.01136	0.05087	0.30478	0.05923	0.02452	0.13851	0.13233	0.04006	0.00875	0.00580	0.00175	0.00493	0.00754	0.05745	0.00718
11	0.00836	0.00576	0.00656	0.00655	0.00694	0.00575	0.00408	0.04250	0.00942	0.01245	0.02077	0.10301	0.06355	0.62252	0.02281	0.00453	0.00498	0.04188	0.00373	0.00383
12	0.06771	0.12444	0.33975	0.04454	0.22584	0.01374	0.05198	0.01664	0.01163	0.01718	0.01009	0.01323	0.00812	0.00529	0.00504	0.00165	0.00702	0.02578	0.00259	0.00774
13	0.16546	0.04885	0.01463	0.15590	0.01892	0.14136	0.01007	0.24401	0.04943	0.06556	0.01144	0.01300	0.00863	0.02353	0.00541	0.00171	0.00637	0.00439	0.00398	0.00733
14	0.19138	0.03084	0.01554	0.01492	0.13295	0.16884	0.05238	0.21028	0.02878	0.02236	0.01380	0.01483	0.06796	0.00622	0.00500	0.00162	0.00636	0.00480	0.00381	0.00734

[dist]
# distance from previous block
# <min> <max>
0	3

[block]
# block no. 4 follows, 44 sequences, length 14
# corresponding to MSA columns:
# 603-616
name=unknown_E
#
# <colnr> <probs for GDERKNQSTAVLIFYWHMCP>
#	G	D	E	R	K	N	Q	S	T	A	V	L	I	F	Y	W	H	M	C	P
0	0.01732	0.04049	0.01330	0.01011	0.01374	0.02570	0.00825	0.33304	0.05324	0.16045	0.07381	0.01939	0.06509	0.00780	0.01934	0.00170	0.00506	0.00570	0.06100	0.06548
1	0.01226	0.01255	0.02360	0.12546	0.18115	0.01300	0.33676	0.01612	0.03113	0.01673	0.01129	0.03630	0.00928	0.00579	0.00722	0.00182	0.09602	0.00584	0.03352	0.02416
2	0.00823	0.00573	0.00718	0.00688	0.00838	0.00518	0.00522	0.01045	0.01444	0.05518	0.51589	0.07681	0.20369	0.01195	0.00646	0.00180	0.00285	0.04276	0.00575	0.00518
3	0.00664	0.00474	0.00633	0.00759	0.00791	0.00443	0.00506	0.00759	0.01044	0.01392	0.03005	0.80485	0.03606	0.01708	0.00696	0.00221	0.00316	0.01550	0.00506	0.00443
4	0.01508	0.61686	0.07805	0.01061	0.01508	0.13206	0.01034	0.01707	0.01165	0.01322	0.00784	0.00920	0.00700	0.00500	0.00430	0.00128	0.03289	0.00314	0.00240	0.00694
5	0.00829	0.00583	0.00740	0.00717	0.00852	0.00545	0.00531	0.01104	0.04734	0.04738	0.52652	0.17181	0.10309	0.01206	0.00645	0.00182	0.00284	0.01064	0.00577	0.00528
6	0.01263	0.01552	0.09031	0.02158	0.02678	0.01397	0.62694	0.01704	0.01234	0.01704	0.01057	0.01419	0.00806	0.00510	0.00740	0.00188	0.08259	0.00609	0.00269	0.00728
7	0.00787	0.00526	0.00596	0.00603	0.00604	0.00524	0.00339	0.00791	0.00805	0.01073	0.01780	0.07289	0.02061	0.77012	0.02674	0.00514	0.00518	0.00829	0.00339	0.00336
8	0.80397	0.01079	0.00845	0.00745	0.01087	0.01247	0.00614	0.05450	0.01013	0.02497	0.00788	0.00908	0.00608	0.00514	0.00348	0.00168	0.00431	0.00305	0.00348	0.00608
9	0.04919	0.00821	0.00832	0.00801	0.00956	0.08588	0.00594	0.04458	0.01414	0.03706	0.36741	0.22436	0.09325	0.01166	0.00620	0.00181	0.00376	0.01008	0.00524	0.00536
10	0.01561	0.01238	0.01460	0.01175	0.01485	0.02658	0.04733	0.38503	0.05697	0.02458	0.01403	0.06150	0.01206	0.07943	0.06526	0.00253	0.08019	0.00584	0.00444	0.06502
11	0.01291	0.01079	0.01508	0.05776	0.04021	0.01134	0.11274	0.21850	0.06698	0.02104	0.01772	0.25318	0.01741	0.00937	0.00657	0.00184	0.04497	0.00827	0.00439	0.06895
12	0.09283	0.01255	0.01377	0.08180	0.06017	0.04068	0.00990	0.20076	0.32852	0.03954	0.01665	0.01813	0.01286	0.00694	0.00537	0.00178	0.00533	0.03956	0.00479	0.00807
13	0.11014	0.01348	0.01439	0.03030	0.01571	0.01502	0.00943	0.57018	0.02164	0.03062	0.01273	0.01357	0.00937	0.00871	0.05898	0.00212	0.00626	0.00476	0.04426	0.00832

[dist]
# distance from previous block
# <min> <max>
0	1

[block]
# block no. 5 follows, 44 sequences, length 59
# corresponding to MSA columns:
# 618-676
name=unknown_F
#
# <colnr> <probs for GDERKNQSTAVLIFYWHMCP>
#	G	D	E	R	K	N	Q	S	T	A	V	L	I	F	Y	W	H	M	C	P
0	0.00664	0.00477	0.00630	0.00752	0.00789	0.00443	0.00503	0.00760	0.01051	0.01395	0.03095	0.77804	0.06228	0.01696	0.00694	0.00220	0.00315	0.01536	0.00506	0.00443
1	0.01342	0.01288	0.02200	0.05006	0.75834	0.01294	0.01670	0.01667	0.01238	0.01773	0.01024	0.01352	0.00861	0.00487	0.00540	0.00162	0.00649	0.00486	0.00269	0.00858
2	0.00835	0.00602	0.00823	0.00942	0.01047	0.00598	0.00779	0.01080	0.03275	0.01586	0.02900	0.25806	0.03221	0.01539	0.00732	0.00241	0.00451	0.52543	0.00505	0.00496
3	0.00782	0.00581	0.00731	0.00689	0.00830	0.00542	0.00518	0.01077	0.04426	0.02120	0.67172	0.04109	0.12119	0.01126	0.00640	0.00173	0.00266	0.00988	0.00589	0.00523
4	0.01776	0.00880	0.01107	0.00912	0.01237	0.00833	0.00731	0.03823	0.14506	0.42094	0.18137	0.02569	0.07302	0.00826	0.00576	0.00173	0.00405	0.00691	0.00624	0.00798
5	0.02362	0.00925	0.01250	0.00963	0.01377	0.00804	0.00793	0.02600	0.03032	0.73187	0.03878	0.01898	0.01434	0.00681	0.00548	0.00167	0.00457	0.00556	0.00664	0.02424
6	0.00835	0.00621	0.00890	0.00873	0.00972	0.00721	0.00673	0.03186	0.00927	0.01339	0.01463	0.02183	0.01375	0.08804	0.67375	0.00796	0.03273	0.00590	0.02611	0.00493
7	0.02100	0.01483	0.01609	0.01233	0.01669	0.01625	0.01019	0.70242	0.02489	0.08920	0.01371	0.01349	0.00958	0.00656	0.00546	0.00164	0.00590	0.00495	0.00555	0.00927
8	0.01523	0.72327	0.02709	0.00986	0.01431	0.10765	0.00946	0.01694	0.01157	0.01288	0.00767	0.00887	0.00700	0.00477	0.00366	0.00119	0.00628	0.00298	0.00239	0.00692
9	0.81711	0.01035	0.00791	0.00709	0.01039	0.01198	0.00583	0.01591	0.00935	0.02431	0.00795	0.00926	0.00619	0.00511	0.00339	0.00167	0.00416	0.00303	0.03313	0.00587
10	0.01121	0.01111	0.01738	0.01416	0.01605	0.04505	0.19703	0.03084	0.01051	0.01457	0.01336	0.05447	0.04067	0.06922	0.15991	0.00357	0.27571	0.00632	0.00296	0.00589
11	0.00747	0.00546	0.00702	0.00686	0.00805	0.00501	0.00506	0.00973	0.01453	0.02024	0.61640	0.14525	0.10425	0.01215	0.00650	0.00179	0.00267	0.01075	0.00580	0.00501
12	0.01289	0.01234	0.02105	0.17600	0.63653	0.01280	0.01643	0.01621	0.01213	0.01708	0.01015	0.01369	0.00838	0.00497	0.00541	0.00166	0.00662	0.00486	0.00265	0.00815
13	0.00734	0.00556	0.00677	0.00647	0.00792	0.00499	0.00485	0.00957	0.01455	0.01977	0.56183	0.04416	0.26243	0.01192	0.00643	0.00175	0.00263	0.01034	0.00573	0.00499
14	0.00785	0.00561	0.00758	0.00758	0.00814	0.00617	0.00534	0.00898	0.00841	0.01178	0.01568	0.02740	0.01623	0.36314	0.46810	0.00730	0.01069	0.00672	0.00308	0.00421
15	0.01093	0.02820	0.78016	0.01554	0.02360	0.01266	0.02014	0.01727	0.01151	0.01727	0.00978	0.01151	0.00691	0.00518	0.00518	0.00173	0.00806	0.00403	0.00230	0.00806
16	0.00669	0.00480	0.00628	0.00743	0.00779	0.00447	0.00494	0.00762	0.01040	0.01379	0.03043	0.73976	0.06392	0.05382	0.00791	0.00234	0.00325	0.01499	0.00498	0.00438
17	0.00726	0.00557	0.00820	0.00871	0.00951	0.00519	0.05233	0.00857	0.01074	0.01437	0.02834	0.69350	0.03342	0.01589	0.00690	0.00218	0.00367	0.05781	0.00487	0.02297
18	0.01571	0.65708	0.02599	0.01026	0.01456	0.17209	0.00957	0.01740	0.01194	0.01293	0.00775	0.00896	0.00700	0.00485	0.00378	0.00121	0.00662	0.00303	0.00243	0.00686
19	0.01258	0.01030	0.01177	0.00874	0.01322	0.00872	0.00699	0.12512	0.03185	0.02029	0.01141	0.04026	0.00959	0.00501	0.00439	0.00102	0.00427	0.00403	0.02207	0.64837
20	0.00691	0.00490	0.00646	0.00760	0.00795	0.00464	0.00514	0.00788	0.01034	0.01376	0.02871	0.67902	0.03416	0.09404	0.00902	0.00253	0.00350	0.06420	0.00489	0.00436
21	0.01148	0.18621	0.59346	0.01389	0.02094	0.01411	0.01726	0.01665	0.01142	0.01623	0.01075	0.03046	0.02335	0.00553	0.00491	0.00163	0.00738	0.00423	0.00243	0.00769
22	0.00668	0.00476	0.00632	0.00755	0.00785	0.00445	0.00501	0.00760	0.01037	0.01382	0.02969	0.78358	0.03561	0.03896	0.00753	0.00230	0.00322	0.01529	0.00501	0.00440
23	0.01436	0.14755	0.04041	0.07853	0.47286	0.12295	0.01461	0.01719	0.01249	0.01608	0.00950	0.01221	0.00800	0.00498	0.00501	0.00153	0.00693	0.00432	0.00262	0.00785
24	0.01743	0.01959	0.01782	0.04791	0.28453	0.40527	0.01281	0.07721	0.03590	0.01684	0.00986	0.01183	0.00804	0.00547	0.00516	0.00152	0.00811	0.00422	0.00304	0.00742
25	0.01017	0.00495	0.00736	0.00722	0.00742	0.00489	0.00489	0.00801	0.00750	0.04528	0.01003	0.01666	0.00966	0.01837	0.02057	0.80226	0.00473	0.00477	0.00257	0.00269
26	0.01287	0.01471	0.03217	0.02298	0.02849	0.01379	0.75460	0.01746	0.01287	0.01746	0.01103	0.01471	0.00827	0.00460	0.00643	0.00184	0.00919	0.00643	0.00276	0.00735
27	0.00664	0.00474	0.00633	0.00759	0.00791	0.00443	0.00506	0.00759	0.01044	0.01392	0.03005	0.80485	0.03606	0.01708	0.00696	0.00221	0.00316	0.01550	0.00506	0.00443
28	0.01287	0.01471	0.03217	0.02298	0.02849	0.01379	0.75460	0.01746	0.01287	0.01746	0.01103	0.01471	0.00827	0.00460	0.00643	0.00184	0.00919	0.00643	0.00276	0.00735
29	0.02446	0.00928	0.01265	0.00970	0.01392	0.00801	0.00801	0.02657	0.01560	0.77817	0.02151	0.01856	0.01350	0.00675	0.00548	0.00169	0.00464	0.00548	0.00675	0.00928
30	0.01093	0.02820	0.78016	0.01554	0.02360	0.01266	0.02014	0.01727	0.01151	0.01727	0.00978	0.01151	0.00691	0.00518	0.00518	0.00173	0.00806	0.00403	0.00230	0.00806
31	0.00781	0.00527	0.00602	0.00610	0.00618	0.00525	0.00351	0.00795	0.00820	0.01092	0.01880	0.08164	0.03859	0.72514	0.04293	0.00510	0.00531	0.00842	0.00344	0.00344
32	0.01279	0.01447	0.03120	0.02228	0.02777	0.01348	0.71974	0.01729	0.01279	0.01748	0.01097	0.01455	0.00826	0.00457	0.00632	0.00179	0.00895	0.00628	0.00278	0.04622
33	0.02037	0.02598	0.01545	0.01404	0.01685	0.78652	0.01053	0.02177	0.01545	0.01334	0.00843	0.00983	0.00702	0.00562	0.00492	0.00140	0.00983	0.00351	0.00281	0.00632
34	0.00912	0.00591	0.00761	0.00699	0.00860	0.00536	0.00531	0.01154	0.01517	0.09007	0.63693	0.03979	0.11470	0.01099	0.00634	0.00172	0.00278	0.00961	0.00598	0.00547
35	0.00821	0.00690	0.00722	0.00701	0.00906	0.00662	0.00539	0.02826	0.15193	0.01672	0.04606	0.06695	0.55483	0.01262	0.00633	0.00188	0.00325	0.05013	0.00516	0.00547
36	0.01389	0.66439	0.16987	0.01050	0.01580	0.01990	0.01136	0.01650	0.01116	0.01366	0.00799	0.00927	0.00698	0.00476	0.00381	0.00127	0.00625	0.00312	0.00233	0.00720
37	0.01811	0.01354	0.01470	0.01143	0.01545	0.01449	0.00928	0.57493	0.04054	0.02998	0.01393	0.05661	0.01111	0.03475	0.00613	0.00169	0.00552	0.00540	0.00507	0.11735
38	0.00745	0.00544	0.00700	0.00687	0.00805	0.00499	0.00505	0.00968	0.01443	0.02008	0.60102	0.15997	0.10508	0.01227	0.00651	0.00180	0.00268	0.01086	0.00578	0.00499
39	0.01963	0.01392	0.01517	0.01184	0.01592	0.01517	0.00967	0.58706	0.08550	0.09174	0.01487	0.03054	0.01097	0.02443	0.00595	0.00173	0.00563	0.00530	0.00546	0.02951
40	0.01363	0.01148	0.01526	0.21059	0.17985	0.04785	0.01187	0.03897	0.21444	0.08261	0.01647	0.01967	0.03056	0.00675	0.00555	0.00176	0.00583	0.05056	0.00403	0.03227
41	0.00945	0.00683	0.00745	0.00713	0.00797	0.02197	0.00471	0.09705	0.01133	0.01505	0.06189	0.14523	0.07293	0.46691	0.01848	0.00381	0.00477	0.00886	0.02372	0.00446
42	0.68178	0.01064	0.00949	0.08428	0.01367	0.01225	0.00714	0.05452	0.01060	0.06161	0.00877	0.01011	0.00659	0.00526	0.00379	0.00170	0.00463	0.00336	0.00356	0.00626
43	0.01413	0.01434	0.02095	0.07926	0.63547	0.10719	0.01588	0.01717	0.01269	0.01702	0.01000	0.01311	0.00835	0.00499	0.00534	0.00161	0.00694	0.00469	0.00269	0.00819
44	0.01616	0.00877	0.01111	0.00862	0.01240	0.00738	0.00692	0.04057	0.01430	0.32976	0.16686	0.03579	0.01952	0.00689	0.00521	0.00140	0.00403	0.00576	0.00532	0.29320
45	0.01841	0.01345	0.02941	0.01143	0.01519	0.03506	0.00943	0.51777	0.02181	0.09914	0.07041	0.07519	0.02975	0.00790	0.00567	0.00170	0.00549	0.01900	0.00543	0.00835
46	0.01125	0.00621	0.00633	0.00593	0.00754	0.00641	0.00455	0.08442	0.02986	0.02173	0.01743	0.01963	0.01358	0.00639	0.00401	0.00132	0.00291	0.00509	0.73983	0.00556
47	0.00980	0.00757	0.01007	0.05587	0.02988	0.00775	0.03647	0.07715	0.09520	0.03347	0.13984	0.36790	0.06005	0.03422	0.00697	0.00205	0.00408	0.01087	0.00498	0.00580
48	0.02012	0.01494	0.01660	0.01310	0.03227	0.01644	0.02811	0.67720	0.05916	0.04611	0.01355	0.01357	0.00965	0.00651	0.00548	0.00165	0.00598	0.00501	0.00536	0.00918
49	0.02446	0.00928	0.01265	0.00970	0.01392	0.00801	0.00801	0.02657	0.01560	0.77817	0.02151	0.01856	0.01350	0.00675	0.00548	0.00169	0.00464	0.00548	0.00675	0.00928
50	0.02023	0.01480	0.01584	0.01220	0.01642	0.01636	0.01006	0.72173	0.02497	0.03371	0.01331	0.01342	0.00949	0.00654	0.00538	0.00162	0.00584	0.00492	0.04410	0.00908
51	0.00662	0.00553	0.00577	0.00571	0.00747	0.00468	0.00428	0.00816	0.01284	0.01571	0.15407	0.05085	0.67273	0.01344	0.00644	0.00182	0.00274	0.01128	0.00519	0.00468
52	0.02226	0.01280	0.01483	0.01137	0.01567	0.01324	0.00939	0.45551	0.02150	0.34090	0.01656	0.01534	0.01101	0.00663	0.00547	0.00166	0.00544	0.00514	0.00599	0.00927
53	0.00940	0.00474	0.00708	0.00711	0.00712	0.00473	0.00474	0.00711	0.00719	0.00959	0.01000	0.03706	0.01016	0.01889	0.02093	0.81957	0.00469	0.00501	0.00244	0.00242
54	0.02001	0.02442	0.01526	0.01367	0.01659	0.69366	0.01034	0.08919	0.01631	0.01532	0.01016	0.01132	0.02857	0.00593	0.00501	0.00144	0.00928	0.00386	0.00312	0.00654
55	0.01111	0.00948	0.01109	0.00805	0.01271	0.00715	0.00640	0.01347	0.01127	0.01760	0.01056	0.04509	0.00927	0.00459	0.00416	0.00087	0.00400	0.00375	0.00331	0.80608
56	0.01097	0.01119	0.02188	0.22641	0.02610	0.01151	0.36653	0.01452	0.01187	0.01587	0.03079	0.10108	0.01380	0.02592	0.00715	0.00202	0.03132	0.06160	0.00315	0.00634
57	0.04963	0.01082	0.01706	0.49181	0.23584	0.03065	0.01461	0.01476	0.01143	0.01554	0.01132	0.01607	0.02623	0.00574	0.00541	0.00177	0.00681	0.02512	0.00268	0.00670
58	0.67029	0.04846	0.01018	0.00801	0.01162	0.01311	0.00667	0.11338	0.01158	0.02499	0.00839	0.00949	0.00647	0.00520	0.00368	0.00163	0.00452	0.00322	0.00359	0.03552

[dist]
# distance from previous block
# <min> <max>
0	2

[block]
# block no. 6 follows, 44 sequences, length 83
# corresponding to MSA columns:
# 679-761
name=unknown_G
#
# <colnr> <probs for GDERKNQSTAVLIFYWHMCP>
#	G	D	E	R	K	N	Q	S	T	A	V	L	I	F	Y	W	H	M	C	P
0	0.01296	0.01460	0.03035	0.02186	0.02704	0.03576	0.69060	0.01732	0.01281	0.01738	0.01115	0.01474	0.00844	0.00478	0.00649	0.00181	0.02268	0.00627	0.03575	0.00721
1	0.05791	0.01749	0.23737	0.03798	0.02438	0.01298	0.39766	0.01657	0.01186	0.01738	0.01074	0.03597	0.00847	0.00541	0.00643	0.00180	0.05110	0.00557	0.00272	0.04022
2	0.01938	0.01213	0.01384	0.01083	0.01479	0.01248	0.00882	0.41356	0.03662	0.22050	0.01647	0.07114	0.01245	0.00714	0.00540	0.00161	0.00514	0.00569	0.02873	0.08328
3	0.02055	0.01499	0.01612	0.01242	0.01673	0.01656	0.01024	0.71093	0.05272	0.05267	0.01364	0.01349	0.00965	0.00658	0.00546	0.00165	0.00590	0.00497	0.00549	0.00925
4	0.00793	0.00529	0.00595	0.00595	0.00595	0.00529	0.00330	0.00793	0.00793	0.01057	0.01718	0.03568	0.01982	0.80840	0.02775	0.00529	0.00529	0.00793	0.00330	0.00330
5	0.01060	0.00619	0.00803	0.00731	0.00912	0.00557	0.00557	0.01285	0.01480	0.15993	0.50849	0.09649	0.11152	0.01104	0.00630	0.00176	0.00302	0.00964	0.00598	0.00580
6	0.00664	0.00493	0.00620	0.00716	0.00781	0.00449	0.00488	0.00773	0.01101	0.01436	0.06168	0.62851	0.18227	0.01622	0.00684	0.00212	0.00306	0.01451	0.00509	0.00449
7	0.74839	0.01039	0.00857	0.00747	0.01095	0.01172	0.00616	0.01729	0.01004	0.11475	0.00926	0.01002	0.00681	0.00526	0.00363	0.00169	0.00427	0.00326	0.00378	0.00631
8	0.00788	0.00526	0.00596	0.00601	0.00602	0.00525	0.00337	0.00791	0.00803	0.01070	0.01769	0.06604	0.02046	0.77716	0.02693	0.00516	0.00520	0.00823	0.00337	0.00335
9	0.01984	0.07920	0.01654	0.01349	0.01661	0.59695	0.01045	0.13555	0.01658	0.01657	0.00907	0.01031	0.00737	0.00578	0.00517	0.00144	0.02537	0.00371	0.00318	0.00682
10	0.02086	0.01505	0.01622	0.01244	0.01680	0.01658	0.01028	0.72922	0.02526	0.06188	0.01340	0.01329	0.00943	0.00655	0.00545	0.00164	0.00595	0.00493	0.00550	0.00927
11	0.01530	0.67600	0.04834	0.01019	0.01468	0.13143	0.00981	0.01714	0.01172	0.01303	0.00776	0.00898	0.00700	0.00482	0.00375	0.00122	0.00647	0.00303	0.00240	0.00693
12	0.01287	0.01010	0.01112	0.01003	0.01260	0.01099	0.00784	0.21428	0.26954	0.02274	0.03820	0.18769	0.09819	0.01043	0.00606	0.00191	0.00438	0.05847	0.00534	0.00721
13	0.01231	0.01047	0.01275	0.00919	0.01402	0.00852	0.04056	0.08784	0.01280	0.01940	0.01009	0.01164	0.00820	0.00431	0.00429	0.00094	0.00447	0.00354	0.00343	0.72123
14	0.01287	0.01595	0.10040	0.01863	0.02276	0.08164	0.40866	0.01643	0.01185	0.01602	0.01048	0.04146	0.00877	0.00624	0.00861	0.00189	0.17940	0.00582	0.00273	0.02938
15	0.00724	0.00504	0.00636	0.00718	0.00745	0.00486	0.00470	0.00796	0.00970	0.01291	0.02546	0.48442	0.03005	0.29423	0.01428	0.00331	0.00403	0.06230	0.00444	0.00407
16	0.02014	0.02550	0.01534	0.01395	0.01676	0.76051	0.01047	0.02201	0.04066	0.01366	0.00889	0.01019	0.00735	0.00568	0.00494	0.00142	0.00965	0.00360	0.00290	0.00640
17	0.02072	0.01527	0.01636	0.01254	0.01691	0.01691	0.01036	0.75622	0.02563	0.03436	0.01309	0.01309	0.00927	0.00654	0.00545	0.00164	0.00600	0.00491	0.00545	0.00927
18	0.01748	0.01193	0.01309	0.01022	0.01403	0.01243	0.00832	0.42097	0.04641	0.09450	0.01451	0.01489	0.01059	0.00619	0.00495	0.00146	0.00490	0.00479	0.15756	0.13077
19	0.01349	0.01295	0.02213	0.03346	0.77440	0.01295	0.01673	0.01673	0.01241	0.01781	0.01025	0.01349	0.00864	0.00486	0.00540	0.00162	0.00648	0.00486	0.00270	0.00864
20	0.00719	0.00555	0.00656	0.00631	0.00782	0.00492	0.00473	0.00927	0.01419	0.01892	0.47620	0.04557	0.34859	0.01224	0.00644	0.00177	0.00265	0.01054	0.00561	0.00492
21	0.00947	0.00473	0.00710	0.00710	0.00710	0.00473	0.00473	0.00710	0.00710	0.00947	0.00947	0.01657	0.00947	0.01894	0.02131	0.84138	0.00473	0.00473	0.00237	0.00237
22	0.01104	0.02759	0.74990	0.01625	0.05356	0.01267	0.02001	0.01724	0.01155	0.01729	0.00980	0.01159	0.00698	0.00517	0.00519	0.00172	0.00799	0.00406	0.00232	0.00808
23	0.00792	0.00530	0.00604	0.00604	0.00607	0.00534	0.00342	0.00799	0.00796	0.01064	0.01709	0.03520	0.01961	0.78258	0.05329	0.00540	0.00560	0.00786	0.00329	0.00336
24	0.01397	0.61990	0.18916	0.01080	0.01614	0.04300	0.01168	0.01669	0.01130	0.01379	0.00808	0.00937	0.00698	0.00480	0.00390	0.00129	0.00643	0.00317	0.00234	0.00720
25	0.01153	0.05111	0.34394	0.01720	0.02329	0.01249	0.31197	0.01632	0.01194	0.01692	0.01183	0.07709	0.00989	0.00583	0.00569	0.00174	0.00780	0.00583	0.00276	0.05482
26	0.02062	0.19579	0.01625	0.00979	0.01386	0.02783	0.00836	0.05249	0.05081	0.48482	0.01808	0.05087	0.01284	0.00672	0.00508	0.00159	0.00500	0.00530	0.00546	0.00844
27	0.01176	0.01168	0.01638	0.01409	0.01413	0.01630	0.01172	0.01299	0.00837	0.01310	0.00745	0.01231	0.00741	0.01079	0.04858	0.00264	0.76714	0.00481	0.00241	0.00592
28	0.01370	0.01596	0.03031	0.02199	0.02720	0.09949	0.67207	0.01794	0.01315	0.01701	0.01074	0.01417	0.00813	0.00471	0.00627	0.00179	0.00926	0.00611	0.00276	0.00724
29	0.01030	0.00969	0.01635	0.79530	0.03755	0.01211	0.01514	0.01393	0.01090	0.01393	0.00969	0.01453	0.00727	0.00545	0.00545	0.00182	0.00727	0.00484	0.00242	0.00606
30	0.00947	0.00473	0.00710	0.00710	0.00710	0.00473	0.00473	0.00710	0.00710	0.00947	0.00947	0.01657	0.00947	0.01894	0.02131	0.84138	0.00473	0.00473	0.00237	0.00237
31	0.00679	0.00502	0.00695	0.00792	0.00841	0.00467	0.02392	0.00785	0.01055	0.01403	0.03027	0.76402	0.05583	0.01667	0.00693	0.00219	0.00330	0.01516	0.00500	0.00451
32	0.01290	0.00990	0.01165	0.00842	0.01319	0.00776	0.00677	0.04784	0.01233	0.08654	0.01090	0.01203	0.00861	0.00439	0.00423	0.00092	0.00418	0.00351	0.00364	0.73029
33	0.00756	0.00547	0.00713	0.00692	0.00810	0.00505	0.00511	0.00991	0.01476	0.02075	0.66614	0.13281	0.06597	0.01192	0.00649	0.00178	0.00265	0.01057	0.00587	0.00505
34	0.02201	0.00875	0.01180	0.00923	0.01306	0.00758	0.00756	0.02413	0.01544	0.66976	0.09483	0.02228	0.05298	0.00750	0.00562	0.00170	0.00435	0.00619	0.00660	0.00866
35	0.01093	0.02820	0.78016	0.01554	0.02360	0.01266	0.02014	0.01727	0.01151	0.01727	0.00978	0.01151	0.00691	0.00518	0.00518	0.00173	0.00806	0.00403	0.00230	0.00806
36	0.00664	0.00474	0.00633	0.00759	0.00791	0.00443	0.00506	0.00759	0.01044	0.01392	0.03005	0.80485	0.03606	0.01708	0.00696	0.00221	0.00316	0.01550	0.00506	0.00443
37	0.14157	0.00955	0.01199	0.00936	0.01341	0.00880	0.00772	0.04439	0.01497	0.63631	0.03332	0.01744	0.01301	0.00658	0.00520	0.00169	0.00458	0.00519	0.00622	0.00872
38	0.00993	0.03882	0.00932	0.00870	0.01004	0.00774	0.00636	0.16287	0.01360	0.01808	0.02538	0.58022	0.02896	0.02988	0.00693	0.00212	0.00393	0.02660	0.00500	0.00552
39	0.01217	0.00999	0.01181	0.00878	0.01313	0.00839	0.00704	0.04553	0.03470	0.04538	0.01094	0.02998	0.00916	0.00497	0.00510	0.00103	0.05203	0.00384	0.00351	0.68253
40	0.15765	0.09488	0.35284	0.01237	0.01805	0.03997	0.04346	0.01840	0.01215	0.14752	0.04545	0.01337	0.00993	0.00564	0.00486	0.00165	0.00647	0.00433	0.00345	0.00757
41	0.01477	0.71770	0.06705	0.00997	0.01469	0.07265	0.00998	0.01674	0.01139	0.01309	0.00775	0.00896	0.00699	0.00476	0.00368	0.00121	0.00622	0.00301	0.00236	0.00701
42	0.01395	0.03636	0.05453	0.04570	0.60905	0.04551	0.01578	0.05021	0.04304	0.01831	0.01067	0.01340	0.00877	0.00509	0.00532	0.00162	0.00658	0.00477	0.00291	0.00844
43	0.69754	0.04329	0.00987	0.00796	0.01148	0.03370	0.00660	0.07758	0.01106	0.04811	0.00850	0.00953	0.00649	0.00524	0.00366	0.00165	0.00459	0.00321	0.00359	0.00634
44	0.01434	0.77499	0.04624	0.00942	0.01410	0.02099	0.00950	0.01621	0.01118	0.01313	0.02449	0.00952	0.00797	0.00482	0.00360	0.00119	0.00581	0.00310	0.00241	0.00698
45	0.01135	0.01197	0.05884	0.16888	0.05109	0.01061	0.25306	0.01475	0.01173	0.01645	0.01253	0.01639	0.03971	0.00579	0.00598	0.02979	0.00665	0.02551	0.00294	0.24597
46	0.00765	0.00557	0.00719	0.00679	0.00810	0.00512	0.00509	0.01016	0.01527	0.02148	0.73336	0.04135	0.08984	0.01129	0.00643	0.00172	0.00258	0.00995	0.00595	0.00512
47	0.01075	0.00872	0.01208	0.01070	0.01206	0.01043	0.03575	0.11527	0.01123	0.01610	0.01294	0.01882	0.01184	0.07381	0.41287	0.00569	0.17859	0.00561	0.03102	0.00572
48	0.06837	0.01015	0.01248	0.00994	0.01384	0.00985	0.00811	0.08443	0.14602	0.52294	0.04177	0.01852	0.01437	0.00688	0.00540	0.00171	0.00461	0.00554	0.00622	0.00885
49	0.00757	0.00546	0.00715	0.00696	0.00811	0.00504	0.00513	0.00991	0.01473	0.02075	0.66739	0.14804	0.04928	0.01198	0.00650	0.00178	0.00266	0.01065	0.00587	0.00504
50	0.02399	0.01003	0.01312	0.01006	0.01429	0.00913	0.00831	0.11789	0.01686	0.68507	0.02045	0.01787	0.01297	0.00672	0.00548	0.00168	0.00481	0.00541	0.00659	0.00928
51	0.00947	0.00473	0.00710	0.00710	0.00710	0.00473	0.00473	0.00710	0.00710	0.00947	0.00947	0.01657	0.00947	0.01894	0.02131	0.84138	0.00473	0.00473	0.00237	0.00237
52	0.02446	0.00928	0.01265	0.00970	0.01392	0.00801	0.00801	0.02657	0.01560	0.77817	0.02151	0.01856	0.01350	0.00675	0.00548	0.00169	0.00464	0.00548	0.00675	0.00928
53	0.01143	0.00984	0.01192	0.00860	0.01336	0.00758	0.02918	0.02752	0.01160	0.01798	0.01023	0.02844	0.00870	0.00438	0.00420	0.00088	0.00421	0.00362	0.00330	0.78301
54	0.02037	0.02598	0.01545	0.01404	0.01685	0.78652	0.01053	0.02177	0.01545	0.01334	0.00843	0.00983	0.00702	0.00562	0.00492	0.00140	0.00983	0.00351	0.00281	0.00632
55	0.00687	0.00615	0.00583	0.00578	0.00765	0.02845	0.00434	0.00825	0.01252	0.01469	0.05380	0.05117	0.74884	0.01356	0.00640	0.00183	0.00298	0.01126	0.00499	0.00465
56	0.80977	0.01030	0.00788	0.00708	0.01036	0.01191	0.00581	0.01588	0.00937	0.02428	0.00804	0.00937	0.00626	0.00512	0.00339	0.00167	0.00414	0.00305	0.04045	0.00587
57	0.01030	0.00969	0.01635	0.79530	0.03755	0.01211	0.01514	0.01393	0.01090	0.01393	0.00969	0.01453	0.00727	0.00545	0.00545	0.00182	0.00727	0.00484	0.00242	0.00606
58	0.01148	0.00981	0.01157	0.03218	0.01376	0.00762	0.00681	0.02981	0.01160	0.01801	0.00976	0.01144	0.00808	0.00413	0.00411	0.00086	0.00418	0.00332	0.00325	0.79822
59	0.00780	0.00580	0.00857	0.00857	0.00948	0.00671	0.00658	0.00961	0.00871	0.01251	0.01478	0.02238	0.01405	0.09287	0.73539	0.00853	0.01397	0.00598	0.00295	0.00476
60	0.01093	0.02820	0.78016	0.01554	0.02360	0.01266	0.02014	0.01727	0.01151	0.01727	0.00978	0.01151	0.00691	0.00518	0.00518	0.00173	0.00806	0.00403	0.00230	0.00806
61	0.00762	0.00588	0.00727	0.00757	0.02591	0.00547	0.00544	0.01016	0.04678	0.01822	0.36291	0.18337	0.23650	0.01280	0.00651	0.00188	0.00300	0.04216	0.00544	0.00510
62	0.00681	0.00555	0.00604	0.00608	0.00775	0.00479	0.00462	0.00844	0.01288	0.01601	0.17394	0.07271	0.58453	0.01353	0.00652	0.00187	0.00288	0.05513	0.00522	0.00471
63	0.02429	0.00954	0.01282	0.00983	0.01405	0.00841	0.00812	0.05896	0.01605	0.74515	0.02113	0.01831	0.01331	0.00674	0.00548	0.00168	0.00470	0.00546	0.00669	0.00928
64	0.00800	0.00595	0.00749	0.00703	0.00847	0.00563	0.00530	0.01129	0.06172	0.02146	0.67843	0.04022	0.09616	0.01109	0.00638	0.00173	0.00269	0.00974	0.00591	0.00533
65	0.02420	0.00969	0.01291	0.00989	0.01412	0.00862	0.00817	0.07653	0.01629	0.72724	0.02093	0.01818	0.01321	0.00673	0.00548	0.00168	0.00473	0.00544	0.00666	0.00928
