[name]
unknown

[dist]
# distance from previous block
# <min> <max>
0	394

[block]
# block no. 0 follows, 43 sequences, length 7
# corresponding to MSA columns:
# 403-409
name=unknown_A
#
# <colnr> <probs for GDERKNQSTAVLIFYWHMCP>
#	G	D	E	R	K	N	Q	S	T	A	V	L	I	F	Y	W	H	M	C	P
0	0.01088	0.00903	0.01088	0.00867	0.01274	0.00715	0.00712	0.01336	0.01178	0.01770	0.01444	0.02350	0.01378	0.00674	0.00494	0.00123	0.00434	0.17541	0.00371	0.64261
1	0.01059	0.01002	0.01664	0.73162	0.03631	0.01267	0.01513	0.01409	0.01087	0.01409	0.00964	0.01456	0.00737	0.00586	0.00652	0.00189	0.06861	0.00492	0.00246	0.00615
2	0.01191	0.00978	0.01268	0.19318	0.01895	0.00878	0.00878	0.04066	0.01205	0.04962	0.01152	0.05233	0.00971	0.00531	0.00470	0.00120	0.00493	0.00445	0.00341	0.53604
3	0.01376	0.08974	0.53599	0.01455	0.02157	0.01462	0.01722	0.19067	0.01504	0.02126	0.01055	0.01184	0.00759	0.00555	0.00519	0.00169	0.00751	0.00421	0.00310	0.00839
4	0.01164	0.01162	0.02142	0.47831	0.16408	0.01285	0.18899	0.01549	0.01181	0.01569	0.01026	0.01462	0.00787	0.00523	0.00576	0.00182	0.00770	0.00530	0.00259	0.00692
5	0.00985	0.00897	0.01499	0.48919	0.08999	0.01040	0.03914	0.01284	0.01108	0.01455	0.01499	0.20044	0.01466	0.00953	0.03380	0.00218	0.00667	0.00757	0.00315	0.00598
6	0.01187	0.01148	0.04271	0.45935	0.02890	0.01292	0.03860	0.04363	0.20152	0.01750	0.01314	0.01590	0.00991	0.00613	0.00598	0.00183	0.03428	0.00523	0.00341	0.03571

[dist]
# distance from previous block
# <min> <max>
9	44

[block]
# block no. 1 follows, 43 sequences, length 14
# corresponding to MSA columns:
# 456-469
name=unknown_B
#
# <colnr> <probs for GDERKNQSTAVLIFYWHMCP>
#	G	D	E	R	K	N	Q	S	T	A	V	L	I	F	Y	W	H	M	C	P
0	0.04966	0.12911	0.04172	0.36292	0.24694	0.01370	0.01423	0.01549	0.01152	0.01600	0.00994	0.01348	0.00796	0.00525	0.00506	0.00166	0.00662	0.00454	0.03712	0.00708
1	0.05262	0.58617	0.04676	0.06442	0.01640	0.12654	0.01021	0.01720	0.01179	0.01384	0.00803	0.00953	0.00708	0.00496	0.00393	0.00130	0.00658	0.00322	0.00249	0.00693
2	0.11974	0.01152	0.01818	0.27085	0.41395	0.01252	0.01462	0.01586	0.01168	0.01780	0.01014	0.01367	0.00815	0.00520	0.00518	0.00171	0.00641	0.00469	0.03067	0.00746
3	0.01111	0.02865	0.77667	0.01579	0.02397	0.01286	0.02046	0.01754	0.01169	0.01754	0.00994	0.01169	0.00702	0.00526	0.00526	0.00175	0.00818	0.00409	0.00234	0.00818
4	0.00988	0.00655	0.00831	0.00760	0.00932	0.00622	0.00578	0.03224	0.05704	0.08603	0.59399	0.06940	0.06408	0.01093	0.00640	0.00177	0.00301	0.00958	0.00606	0.00584
5	0.02069	0.02640	0.01569	0.01427	0.01712	0.78313	0.01070	0.02212	0.01569	0.01355	0.00856	0.00999	0.00713	0.00571	0.00499	0.00143	0.00999	0.00357	0.00285	0.00642
6	0.00769	0.00566	0.00720	0.00681	0.00818	0.00516	0.00511	0.01016	0.01533	0.02138	0.68605	0.04274	0.13462	0.01163	0.00653	0.00176	0.00263	0.01021	0.00599	0.00516
7	0.01311	0.01483	0.03207	0.02398	0.07328	0.01396	0.70685	0.01770	0.01304	0.01776	0.01116	0.01487	0.00843	0.00468	0.00647	0.00185	0.00917	0.00644	0.00280	0.00755
8	0.00784	0.00566	0.00740	0.00697	0.00827	0.00523	0.00523	0.01045	0.01568	0.02221	0.76789	0.04137	0.05226	0.01132	0.00653	0.00174	0.00261	0.01002	0.00610	0.00523
9	0.00703	0.00527	0.00654	0.00713	0.00810	0.00478	0.00509	0.00853	0.01231	0.01620	0.19661	0.41603	0.22452	0.01512	0.00685	0.00206	0.00306	0.04472	0.00535	0.00473
10	0.00698	0.00500	0.00663	0.00755	0.00808	0.00465	0.00516	0.00829	0.01168	0.01585	0.18702	0.64037	0.03995	0.01607	0.00696	0.00214	0.00309	0.01453	0.00534	0.00465
11	0.01046	0.00984	0.01661	0.79205	0.03814	0.01230	0.01538	0.01415	0.01107	0.01415	0.00984	0.01477	0.00738	0.00554	0.00554	0.00185	0.00738	0.00492	0.00246	0.00615
12	0.01032	0.00516	0.00516	0.00516	0.00645	0.00516	0.00387	0.01290	0.01161	0.02065	0.01807	0.02065	0.01420	0.00645	0.00387	0.00129	0.00258	0.00516	0.83611	0.00516
13	0.01064	0.01003	0.01694	0.74914	0.07961	0.01235	0.01547	0.01431	0.01116	0.01437	0.00988	0.01471	0.00746	0.00550	0.00553	0.00183	0.00734	0.00492	0.00248	0.00630

[dist]
# distance from previous block
# <min> <max>
0	20

[block]
# block no. 2 follows, 43 sequences, length 25
# corresponding to MSA columns:
# 490-514
name=unknown_C
#
# <colnr> <probs for GDERKNQSTAVLIFYWHMCP>
#	G	D	E	R	K	N	Q	S	T	A	V	L	I	F	Y	W	H	M	C	P
0	0.01148	0.00984	0.01148	0.00820	0.01312	0.00738	0.00656	0.01395	0.01148	0.01805	0.00984	0.01148	0.00820	0.00410	0.00410	0.00082	0.00410	0.00328	0.00328	0.83922
1	0.00691	0.00489	0.00638	0.00751	0.00779	0.00461	0.00492	0.00775	0.01029	0.01372	0.02891	0.70742	0.03460	0.11445	0.00967	0.00263	0.00348	0.01480	0.00492	0.00436
2	0.01995	0.01854	0.01563	0.01286	0.01659	0.27281	0.01022	0.44230	0.05401	0.02633	0.01408	0.01434	0.04377	0.00671	0.00541	0.00160	0.00717	0.00487	0.00463	0.00817
3	0.01298	0.42642	0.34893	0.01286	0.04130	0.01728	0.01429	0.01683	0.01161	0.01539	0.03088	0.01118	0.00843	0.00516	0.00443	0.00146	0.00682	0.00371	0.00248	0.00757
4	0.01299	0.42549	0.39630	0.01258	0.01901	0.01747	0.01487	0.01705	0.01147	0.01525	0.00880	0.01026	0.00706	0.00500	0.00439	0.00146	0.00703	0.00352	0.00235	0.00764
5	0.01126	0.05985	0.74676	0.01553	0.02358	0.01322	0.02002	0.01750	0.01168	0.01736	0.00985	0.01158	0.00702	0.00524	0.00519	0.00173	0.00809	0.00405	0.00234	0.00814
6	0.01181	0.01289	0.02728	0.04527	0.02536	0.01218	0.58845	0.01576	0.01255	0.01696	0.01475	0.16110	0.01361	0.00705	0.00660	0.00194	0.00814	0.00819	0.00322	0.00688
7	0.01231	0.01153	0.01918	0.42820	0.35839	0.01288	0.01589	0.04536	0.01236	0.01672	0.01024	0.01424	0.00807	0.00532	0.00551	0.00175	0.00698	0.00493	0.00271	0.00743
8	0.01534	0.01107	0.01170	0.01014	0.01292	0.06098	0.00796	0.28329	0.04336	0.10828	0.05201	0.19679	0.09495	0.01027	0.00603	0.00184	0.00491	0.03642	0.02452	0.00720
9	0.02070	0.02601	0.01573	0.01421	0.01712	0.75620	0.01069	0.04779	0.01606	0.01431	0.00873	0.01010	0.00721	0.00574	0.00501	0.00144	0.00985	0.00362	0.00295	0.00653
10	0.00854	0.00620	0.00775	0.00714	0.00881	0.00572	0.00541	0.01160	0.04934	0.03962	0.61080	0.03990	0.12240	0.01103	0.00637	0.00172	0.00283	0.00964	0.00588	0.03929
11	0.01332	0.01193	0.01882	0.02820	0.03344	0.01058	0.23848	0.06540	0.04357	0.05290	0.01156	0.01348	0.00894	0.00475	0.00513	0.00132	0.00601	0.00469	0.00351	0.42396
12	0.01429	0.01272	0.01878	0.25604	0.30408	0.03073	0.03236	0.17801	0.02958	0.02053	0.01184	0.01597	0.00953	0.00597	0.00562	0.00175	0.00676	0.03412	0.00343	0.00789
13	0.01274	0.00672	0.00894	0.00784	0.00997	0.00604	0.00607	0.01514	0.01550	0.24081	0.51699	0.06966	0.04032	0.01030	0.00628	0.00176	0.00325	0.00898	0.00627	0.00641
14	0.00703	0.00563	0.00628	0.00612	0.00778	0.00488	0.00459	0.00888	0.01376	0.01766	0.32096	0.04886	0.50203	0.01302	0.00654	0.00182	0.00273	0.01107	0.00550	0.00488
15	0.01784	0.01368	0.01467	0.01195	0.01571	0.01528	0.00962	0.47761	0.25469	0.02988	0.01731	0.06725	0.01354	0.00762	0.00567	0.00177	0.00537	0.00609	0.00554	0.00889
16	0.01032	0.00516	0.00516	0.00516	0.00645	0.00516	0.00387	0.01290	0.01161	0.02065	0.01807	0.02065	0.01420	0.00645	0.00387	0.00129	0.00258	0.00516	0.83611	0.00516
17	0.02071	0.02575	0.01575	0.01418	0.01712	0.73767	0.01069	0.06545	0.01631	0.01482	0.00884	0.01018	0.00727	0.00576	0.00503	0.00144	0.00976	0.00365	0.00301	0.00660
18	0.01167	0.14753	0.66272	0.01482	0.02248	0.01424	0.01879	0.01739	0.01163	0.01685	0.00960	0.01126	0.00703	0.00518	0.00500	0.00167	0.00784	0.00392	0.00234	0.00802
19	0.01263	0.03227	0.01655	0.01346	0.01588	0.05676	0.14390	0.10495	0.07837	0.01816	0.01763	0.17646	0.03480	0.00979	0.00873	0.00202	0.17016	0.05961	0.00400	0.02386
20	0.01322	0.01313	0.02064	0.24947	0.49126	0.06337	0.03629	0.01654	0.01239	0.01666	0.01015	0.01380	0.00826	0.00515	0.00550	0.00169	0.00711	0.00489	0.00267	0.00783
21	0.06593	0.01100	0.01677	0.61182	0.12910	0.04411	0.01478	0.01498	0.01135	0.01533	0.00972	0.01406	0.00746	0.00544	0.00537	0.00179	0.00718	0.00474	0.00258	0.00649
22	0.01111	0.02865	0.77667	0.01579	0.02397	0.01286	0.02046	0.01754	0.01169	0.01754	0.00994	0.01169	0.00702	0.00526	0.00526	0.00175	0.00818	0.00409	0.00234	0.00818
23	0.00774	0.00566	0.00726	0.00686	0.00821	0.00518	0.00514	0.01025	0.01543	0.02163	0.71134	0.04232	0.10916	0.01154	0.00653	0.00175	0.00263	0.01015	0.00602	0.00518
24	0.01546	0.01337	0.01356	0.06270	0.01641	0.08125	0.00950	0.15897	0.46248	0.04099	0.03511	0.01912	0.03166	0.00728	0.00559	0.00179	0.00532	0.00589	0.00519	0.00836

[dist]
# distance from previous block
# <min> <max>
3	8

[block]
# block no. 3 follows, 43 sequences, length 62
# corresponding to MSA columns:
# 523-584
name=unknown_D
#
# <colnr> <probs for GDERKNQSTAVLIFYWHMCP>
#	G	D	E	R	K	N	Q	S	T	A	V	L	I	F	Y	W	H	M	C	P
0	0.01394	0.01366	0.02206	0.04983	0.72204	0.04649	0.01669	0.01716	0.01271	0.01781	0.01032	0.01357	0.00867	0.00498	0.00546	0.00164	0.00674	0.00488	0.00274	0.00861
1	0.01292	0.01459	0.03146	0.05627	0.02895	0.01377	0.70057	0.01749	0.01295	0.01759	0.01111	0.01485	0.00835	0.00469	0.00643	0.00184	0.00912	0.00639	0.00280	0.02784
2	0.01034	0.00617	0.00802	0.00739	0.00912	0.00557	0.00559	0.01260	0.01490	0.14164	0.50754	0.11790	0.10862	0.01147	0.00643	0.00180	0.00303	0.01005	0.00603	0.00578
3	0.01471	0.78875	0.04814	0.00964	0.01446	0.02168	0.00976	0.01661	0.01126	0.01315	0.00776	0.00896	0.00710	0.00475	0.00360	0.00120	0.00598	0.00299	0.00237	0.00713
4	0.01207	0.01149	0.01952	0.41610	0.40150	0.01273	0.01618	0.01556	0.01184	0.01611	0.01013	0.01424	0.00807	0.00524	0.00551	0.00175	0.00698	0.00493	0.00260	0.00745
5	0.01023	0.00785	0.00917	0.00856	0.01049	0.00816	0.00648	0.04017	0.24260	0.03730	0.37226	0.13315	0.06959	0.01082	0.00628	0.00185	0.00340	0.00944	0.00579	0.00641
6	0.00805	0.00537	0.00604	0.00604	0.00604	0.00537	0.00336	0.00805	0.00805	0.01074	0.01745	0.03624	0.02013	0.80536	0.02819	0.00537	0.00537	0.00805	0.00336	0.00336
7	0.01503	0.01305	0.01300	0.01139	0.01472	0.07141	0.00890	0.07769	0.59069	0.04734	0.02016	0.01881	0.01509	0.00712	0.00550	0.00177	0.00492	0.00579	0.00534	0.05229
8	0.00805	0.00537	0.00604	0.00604	0.00604	0.00537	0.00336	0.00805	0.00805	0.01074	0.01745	0.03624	0.02013	0.80536	0.02819	0.00537	0.00537	0.00805	0.00336	0.00336
9	0.01481	0.80869	0.02902	0.00948	0.01421	0.02191	0.00948	0.01658	0.01125	0.01303	0.00770	0.00888	0.00711	0.00474	0.00355	0.00118	0.00592	0.00296	0.00237	0.00711
10	0.01363	0.01304	0.02204	0.05131	0.73095	0.01316	0.01671	0.01730	0.03481	0.01815	0.01076	0.01394	0.00898	0.00503	0.00549	0.00166	0.00653	0.00497	0.00282	0.00871
11	0.00784	0.00566	0.00740	0.00697	0.00827	0.00523	0.00523	0.01045	0.01568	0.02221	0.76789	0.04137	0.05226	0.01132	0.00653	0.00174	0.00261	0.01002	0.00610	0.00523
12	0.00805	0.00537	0.00604	0.00604	0.00604	0.00537	0.00336	0.00805	0.00805	0.01074	0.01745	0.03624	0.02013	0.80536	0.02819	0.00537	0.00537	0.00805	0.00336	0.00336
13	0.80122	0.01096	0.00859	0.00757	0.01105	0.01267	0.00624	0.05495	0.01030	0.02538	0.00801	0.00922	0.00618	0.00522	0.00354	0.00171	0.00438	0.00310	0.00354	0.00618
14	0.01199	0.01014	0.01175	0.00844	0.01334	0.00790	0.00677	0.05274	0.01225	0.01893	0.01003	0.01158	0.00827	0.00424	0.00418	0.00086	0.00421	0.00337	0.00340	0.79562
15	0.01371	0.01316	0.02248	0.03399	0.77081	0.01316	0.01700	0.01700	0.01261	0.01809	0.01042	0.01371	0.00877	0.00493	0.00548	0.00164	0.00658	0.00493	0.00274	0.00877
16	0.02173	0.01164	0.01386	0.01087	0.01499	0.01173	0.00890	0.26543	0.11225	0.41732	0.02002	0.01816	0.03257	0.00706	0.00559	0.00172	0.00508	0.00563	0.00622	0.00922
17	0.01307	0.01494	0.03268	0.02334	0.02894	0.01401	0.75070	0.01774	0.01307	0.01774	0.01120	0.01494	0.00840	0.00467	0.00654	0.00187	0.00934	0.00654	0.00280	0.00747
18	0.01307	0.01494	0.03268	0.02334	0.02894	0.01401	0.75070	0.01774	0.01307	0.01774	0.01120	0.01494	0.00840	0.00467	0.00654	0.00187	0.00934	0.00654	0.00280	0.00747
19	0.05020	0.01014	0.01665	0.69767	0.09215	0.01237	0.01506	0.01447	0.01111	0.01495	0.00979	0.01441	0.00742	0.00547	0.00543	0.00182	0.00718	0.00483	0.00253	0.00634
20	0.01945	0.01326	0.01507	0.05282	0.01700	0.01437	0.01003	0.51185	0.04926	0.13434	0.03555	0.03891	0.01310	0.00747	0.00571	0.00175	0.00569	0.04003	0.00555	0.00878
21	0.00703	0.00591	0.00613	0.00602	0.00789	0.00516	0.00453	0.00923	0.04838	0.01612	0.13000	0.05049	0.65701	0.01343	0.00650	0.00186	0.00286	0.01125	0.00527	0.00493
22	0.00791	0.00593	0.00890	0.00890	0.00989	0.00692	0.00692	0.00989	0.00890	0.01286	0.01483	0.02176	0.01385	0.04154	0.78341	0.00890	0.01483	0.00593	0.00297	0.00494
23	0.03730	0.68314	0.08998	0.00982	0.01465	0.02010	0.01010	0.01636	0.01145	0.01417	0.04388	0.01066	0.00921	0.00511	0.00383	0.00127	0.00591	0.00339	0.00257	0.00708
24	0.01285	0.05570	0.02726	0.01969	0.02338	0.01540	0.46623	0.01621	0.01145	0.01603	0.00971	0.01368	0.00796	0.00634	0.01025	0.00202	0.27041	0.00579	0.00265	0.00698
25	0.02469	0.00969	0.01301	0.00998	0.01427	0.00853	0.00824	0.05811	0.01629	0.74292	0.02148	0.01861	0.01353	0.00685	0.00557	0.00171	0.00477	0.00554	0.00680	0.00942
26	0.00681	0.00562	0.00598	0.00589	0.00765	0.00479	0.00442	0.00847	0.01326	0.01647	0.20389	0.05082	0.61984	0.01346	0.00654	0.00184	0.00277	0.01134	0.00534	0.00479
27	0.02148	0.01171	0.01392	0.01085	0.01488	0.01184	0.00887	0.32163	0.05211	0.38074	0.06213	0.01834	0.01449	0.02315	0.00607	0.00178	0.00515	0.00567	0.00615	0.00902
28	0.01148	0.00984	0.01148	0.00820	0.01312	0.00738	0.00656	0.01395	0.01148	0.01805	0.00984	0.01148	0.00820	0.00410	0.00410	0.00082	0.00410	0.00328	0.00328	0.83922
29	0.00666	0.00559	0.00581	0.00595	0.00769	0.00474	0.00448	0.00808	0.01249	0.01497	0.05318	0.10534	0.68615	0.01431	0.00663	0.00193	0.00293	0.04324	0.00514	0.00468
30	0.00784	0.00566	0.00740	0.00697	0.00827	0.00523	0.00523	0.01045	0.01568	0.02221	0.76789	0.04137	0.05226	0.01132	0.00653	0.00174	0.00261	0.01002	0.00610	0.00523
31	0.01766	0.06472	0.01681	0.05472	0.08460	0.46065	0.01128	0.07060	0.01468	0.01546	0.01043	0.01246	0.02856	0.00726	0.02807	0.00179	0.08628	0.00424	0.00301	0.00674
32	0.01227	0.27387	0.54163	0.01380	0.02090	0.01571	0.01701	0.01724	0.01155	0.01612	0.00923	0.01081	0.00704	0.00510	0.00472	0.00157	0.00747	0.00374	0.00235	0.00785
33	0.00784	0.00566	0.00740	0.00697	0.00827	0.00523	0.00523	0.01045	0.01568	0.02221	0.76789	0.04137	0.05226	0.01132	0.00653	0.00174	0.00261	0.01002	0.00610	0.00523
34	0.00675	0.00482	0.00643	0.00771	0.00803	0.00450	0.00514	0.00771	0.01060	0.01414	0.03053	0.80175	0.03663	0.01735	0.00707	0.00225	0.00321	0.01574	0.00514	0.00450
35	0.01252	0.32674	0.49096	0.01337	0.02024	0.01632	0.01626	0.01717	0.01152	0.01582	0.00908	0.01062	0.00705	0.00506	0.00461	0.00154	0.00732	0.00366	0.00235	0.00777
36	0.84448	0.01071	0.00814	0.00728	0.01071	0.01242	0.00600	0.01628	0.00943	0.02485	0.00771	0.00900	0.00600	0.00514	0.00343	0.00171	0.00428	0.00300	0.00343	0.00600
37	0.00802	0.00549	0.00665	0.00665	0.00686	0.00570	0.00412	0.00845	0.00823	0.01119	0.01689	0.03315	0.01879	0.64245	0.18927	0.00612	0.00739	0.00760	0.00327	0.00369
38	0.02073	0.02503	0.01581	0.01408	0.01713	0.68735	0.01068	0.11342	0.01699	0.01622	0.00915	0.01040	0.00742	0.00582	0.00506	0.00146	0.00950	0.00374	0.00319	0.00680
39	0.01032	0.00516	0.00516	0.00516	0.00645	0.00516	0.00387	0.01290	0.01161	0.02065	0.01807	0.02065	0.01420	0.00645	0.00387	0.00129	0.00258	0.00516	0.83611	0.00516
40	0.01378	0.01190	0.01252	0.01127	0.01440	0.01378	0.00877	0.02943	0.76081	0.02317	0.02254	0.02066	0.01691	0.00751	0.00564	0.00188	0.00438	0.00626	0.00564	0.00877
41	0.00771	0.00566	0.00723	0.00684	0.00820	0.00517	0.00513	0.01021	0.01538	0.02151	0.69884	0.04253	0.12175	0.01158	0.00653	0.00175	0.00263	0.01018	0.00600	0.00517
42	0.00805	0.00537	0.00604	0.00604	0.00604	0.00537	0.00336	0.00805	0.00805	0.01074	0.01745	0.03624	0.02013	0.80536	0.02819	0.00537	0.00537	0.00805	0.00336	0.00336
43	0.02485	0.00943	0.01285	0.00985	0.01414	0.00814	0.00814	0.02699	0.01585	0.77465	0.02185	0.01885	0.01371	0.00685	0.00557	0.00171	0.00471	0.00557	0.00685	0.00943
44	0.00794	0.00583	0.00836	0.00836	0.00917	0.00663	0.00625	0.00954	0.00874	0.01246	0.01533	0.02448	0.01503	0.18525	0.64132	0.00824	0.01305	0.00633	0.00304	0.00465
45	0.84448	0.01071	0.00814	0.00728	0.01071	0.01242	0.00600	0.01628	0.00943	0.02485	0.00771	0.00900	0.00600	0.00514	0.00343	0.00171	0.00428	0.00300	0.00343	0.00600
46	0.01307	0.01494	0.03268	0.02334	0.02894	0.01401	0.75070	0.01774	0.01307	0.01774	0.01120	0.01494	0.00840	0.00467	0.00654	0.00187	0.00934	0.00654	0.00280	0.00747
47	0.01378	0.01190	0.01252	0.01127	0.01440	0.01378	0.00877	0.02943	0.76081	0.02317	0.02254	0.02066	0.01691	0.00751	0.00564	0.00188	0.00438	0.00626	0.00564	0.00877
48	0.84448	0.01071	0.00814	0.00728	0.01071	0.01242	0.00600	0.01628	0.00943	0.02485	0.00771	0.00900	0.00600	0.00514	0.00343	0.00171	0.00428	0.00300	0.00343	0.00600
49	0.01414	0.01208	0.01273	0.01135	0.01454	0.01395	0.00886	0.06592	0.72372	0.02376	0.02207	0.02029	0.01653	0.00747	0.00563	0.00187	0.00447	0.00620	0.00563	0.00880
50	0.84448	0.01071	0.00814	0.00728	0.01071	0.01242	0.00600	0.01628	0.00943	0.02485	0.00771	0.00900	0.00600	0.00514	0.00343	0.00171	0.00428	0.00300	0.00343	0.00600
51	0.01371	0.01316	0.02248	0.03399	0.77081	0.01316	0.01700	0.01700	0.01261	0.01809	0.01042	0.01371	0.00877	0.00493	0.00548	0.00164	0.00658	0.00493	0.00274	0.00877
52	0.01378	0.01190	0.01252	0.01127	0.01440	0.01378	0.00877	0.02943	0.76081	0.02317	0.02254	0.02066	0.01691	0.00751	0.00564	0.00188	0.00438	0.00626	0.00564	0.00877
53	0.00791	0.00593	0.00890	0.00890	0.00989	0.00692	0.00692	0.00989	0.00890	0.01286	0.01483	0.02176	0.01385	0.04154	0.78341	0.00890	0.01483	0.00593	0.00297	0.00494
54	0.01378	0.01190	0.01252	0.01127	0.01440	0.01378	0.00877	0.02943	0.76081	0.02317	0.02254	0.02066	0.01691	0.00751	0.00564	0.00188	0.00438	0.00626	0.00564	0.00877
55	0.00892	0.00637	0.00892	0.01020	0.01147	0.00637	0.00892	0.01147	0.01275	0.01657	0.02932	0.06247	0.03187	0.01530	0.00765	0.00255	0.00510	0.73354	0.00510	0.00510
56	0.01111	0.02865	0.77667	0.01579	0.02397	0.01286	0.02046	0.01754	0.01169	0.01754	0.00994	0.01169	0.00702	0.00526	0.00526	0.00175	0.00818	0.00409	0.00234	0.00818
57	0.84448	0.01071	0.00814	0.00728	0.01071	0.01242	0.00600	0.01628	0.00943	0.02485	0.00771	0.00900	0.00600	0.00514	0.00343	0.00171	0.00428	0.00300	0.00343	0.00600
58	0.60108	0.01486	0.17817	0.00948	0.01403	0.01264	0.00946	0.05168	0.01087	0.04256	0.00882	0.01004	0.00658	0.00528	0.00399	0.00172	0.00524	0.00340	0.00337	0.00673
59	0.01053	0.00683	0.00940	0.01020	0.01181	0.00677	0.00885	0.01346	0.03728	0.08552	0.02843	0.05716	0.02974	0.01428	0.00740	0.00245	0.00504	0.64396	0.00528	0.00561
60	0.01120	0.01142	0.05728	0.52135	0.19459	0.01223	0.01546	0.01522	0.03212	0.01557	0.01141	0.01720	0.00929	0.00599	0.00563	0.00184	0.00704	0.04558	0.00275	0.00684
61	0.01715	0.01799	0.01817	0.01737	0.13450	0.31419	0.10924	0.10021	0.04390	0.05065	0.01171	0.03498	0.00970	0.02832	0.00639	0.00170	0.02858	0.00500	0.00349	0.04676

[dist]
# distance from previous block
# <min> <max>
0	1

[block]
# block no. 4 follows, 43 sequences, length 53
# corresponding to MSA columns:
# 586-638
name=unknown_E
#
# <colnr> <probs for GDERKNQSTAVLIFYWHMCP>
#	G	D	E	R	K	N	Q	S	T	A	V	L	I	F	Y	W	H	M	C	P
0	0.01367	0.01328	0.02315	0.03330	0.72231	0.01321	0.06497	0.01705	0.01264	0.01807	0.01047	0.01379	0.00875	0.00492	0.00555	0.00166	0.00676	0.00504	0.00275	0.00869
1	0.47410	0.01074	0.00965	0.00833	0.01152	0.05018	0.00671	0.07020	0.01300	0.12711	0.15239	0.01677	0.01602	0.00667	0.00453	0.00170	0.00445	0.00484	0.00452	0.00659
2	0.67932	0.01151	0.01007	0.00892	0.02695	0.03144	0.02671	0.07555	0.01138	0.04760	0.02307	0.01052	0.00752	0.00543	0.00388	0.00171	0.00473	0.00351	0.00371	0.00646
3	0.01324	0.33784	0.40870	0.01315	0.01939	0.06786	0.01523	0.01735	0.01170	0.01537	0.00889	0.01048	0.00707	0.00520	0.00491	0.00152	0.02850	0.00363	0.00239	0.00758
4	0.00699	0.00507	0.00668	0.00771	0.00826	0.00465	0.00521	0.00807	0.01080	0.01455	0.05184	0.74407	0.03585	0.01659	0.00692	0.00217	0.00323	0.01502	0.00509	0.04124
5	0.01248	0.01022	0.01173	0.00872	0.01322	0.00854	0.00696	0.10623	0.02854	0.02016	0.01173	0.04833	0.01001	0.00517	0.00444	0.00103	0.00427	0.00418	0.02880	0.65526
6	0.02082	0.09277	0.01396	0.00962	0.01350	0.00985	0.00802	0.05571	0.05090	0.52595	0.12037	0.02068	0.01817	0.00726	0.00549	0.00167	0.00460	0.00590	0.00617	0.00859
7	0.01253	0.09006	0.57046	0.01440	0.02143	0.01369	0.01737	0.04129	0.10487	0.04519	0.01183	0.01287	0.00856	0.00559	0.00519	0.00172	0.00734	0.00435	0.00300	0.00825
8	0.02474	0.00960	0.01296	0.00994	0.01423	0.00841	0.00821	0.04831	0.01615	0.75290	0.02160	0.01869	0.01358	0.00685	0.00557	0.00171	0.00475	0.00555	0.00682	0.00943
9	0.84448	0.01071	0.00814	0.00728	0.01071	0.01242	0.00600	0.01628	0.00943	0.02485	0.00771	0.00900	0.00600	0.00514	0.00343	0.00171	0.00428	0.00300	0.00343	0.00600
10	0.00759	0.00565	0.00706	0.00671	0.00812	0.00512	0.00503	0.00997	0.01509	0.02083	0.63205	0.04365	0.18896	0.01184	0.00653	0.00177	0.00265	0.01034	0.00591	0.00512
11	0.00670	0.00566	0.00583	0.00591	0.00774	0.00479	0.00452	0.00818	0.01263	0.01507	0.05435	0.05390	0.72040	0.01411	0.00662	0.00191	0.00296	0.05889	0.00514	0.00470
12	0.01148	0.00984	0.01148	0.00820	0.01312	0.00738	0.00656	0.01395	0.01148	0.01805	0.00984	0.01148	0.00820	0.00410	0.00410	0.00082	0.00410	0.00328	0.00328	0.83922
13	0.01046	0.00984	0.01661	0.79205	0.03814	0.01230	0.01538	0.01415	0.01107	0.01415	0.00984	0.01477	0.00738	0.00554	0.00554	0.00185	0.00738	0.00492	0.00246	0.00615
14	0.02485	0.00943	0.01285	0.00985	0.01414	0.00814	0.00814	0.02699	0.01585	0.77465	0.02185	0.01885	0.01371	0.00685	0.00557	0.00171	0.00471	0.00557	0.00685	0.00943
15	0.00784	0.00566	0.00740	0.00697	0.00827	0.00523	0.00523	0.01045	0.01568	0.02221	0.76789	0.04137	0.05226	0.01132	0.00653	0.00174	0.00261	0.01002	0.00610	0.00523
16	0.01053	0.00973	0.01610	0.72185	0.03566	0.01218	0.01471	0.01406	0.01098	0.01441	0.01011	0.01492	0.00769	0.00576	0.00602	0.00185	0.04182	0.00493	0.04060	0.00610
17	0.01267	0.01374	0.02601	0.01960	0.02283	0.01526	0.43706	0.01587	0.01112	0.01587	0.00953	0.01374	0.00792	0.00680	0.01148	0.00210	0.34307	0.00582	0.00264	0.00687
18	0.00659	0.00560	0.00562	0.00562	0.00744	0.00470	0.00418	0.00795	0.01249	0.01484	0.05497	0.05280	0.74667	0.03718	0.00718	0.00197	0.00288	0.01158	0.00509	0.00464
19	0.00805	0.00537	0.00604	0.00604	0.00604	0.00537	0.00336	0.00805	0.00805	0.01074	0.01745	0.03624	0.02013	0.80536	0.02819	0.00537	0.00537	0.00805	0.00336	0.00336
20	0.01433	0.71319	0.08633	0.04439	0.01602	0.02079	0.01059	0.01655	0.01128	0.01343	0.00797	0.00936	0.00711	0.00481	0.00377	0.00126	0.00616	0.00314	0.00237	0.00715
21	0.01171	0.00999	0.01064	0.00990	0.01258	0.01106	0.00775	0.02299	0.52555	0.02073	0.03072	0.03174	0.18793	0.00967	0.00602	0.00194	0.00409	0.07199	0.00548	0.00752
22	0.00675	0.00482	0.00643	0.00771	0.00803	0.00450	0.00514	0.00771	0.01060	0.01414	0.03053	0.80175	0.03663	0.01735	0.00707	0.00225	0.00321	0.01574	0.00514	0.00450
23	0.01127	0.06297	0.74377	0.01551	0.02354	0.01326	0.01998	0.01750	0.01167	0.01734	0.00984	0.01157	0.00702	0.00524	0.00519	0.00173	0.00809	0.00404	0.00234	0.00814
24	0.10113	0.01180	0.09479	0.01034	0.01494	0.00936	0.00933	0.04056	0.03009	0.59057	0.01905	0.01706	0.01223	0.00653	0.00533	0.00172	0.00507	0.00517	0.00599	0.00895
25	0.04254	0.01391	0.02905	0.15437	0.02986	0.01366	0.59802	0.01707	0.01260	0.01738	0.01085	0.01470	0.00814	0.00483	0.00625	0.00186	0.00882	0.00613	0.00277	0.00719
26	0.01704	0.01961	0.01878	0.02300	0.35001	0.39246	0.01358	0.01928	0.01386	0.01555	0.00930	0.01177	0.00787	0.00563	0.00608	0.00159	0.06015	0.00426	0.00278	0.00744
27	0.02434	0.00954	0.01284	0.00992	0.01415	0.00840	0.00817	0.02710	0.04993	0.74027	0.02188	0.01893	0.01386	0.00688	0.00557	0.00172	0.00470	0.00560	0.00680	0.00940
28	0.01471	0.78003	0.02859	0.00966	0.01423	0.02174	0.00957	0.01647	0.01115	0.01304	0.00768	0.00900	0.00711	0.00492	0.00408	0.00123	0.03433	0.00303	0.00237	0.00707
29	0.00791	0.00593	0.00890	0.00890	0.00989	0.00692	0.00692	0.00989	0.00890	0.01286	0.01483	0.02176	0.01385	0.04154	0.78341	0.00890	0.01483	0.00593	0.00297	0.00494
30	0.02101	0.01670	0.01652	0.01291	0.01717	0.10053	0.01055	0.67288	0.02491	0.03258	0.01278	0.01294	0.00917	0.00655	0.00548	0.00164	0.00652	0.00483	0.00525	0.00909
31	0.00876	0.00626	0.00872	0.00994	0.01115	0.00622	0.00857	0.01121	0.01272	0.01663	0.05548	0.10613	0.03288	0.01528	0.00758	0.00250	0.00490	0.66488	0.00514	0.00507
32	0.01361	0.01306	0.02230	0.05771	0.74790	0.01313	0.01695	0.01691	0.01256	0.01797	0.01040	0.01374	0.00873	0.00495	0.00548	0.00165	0.00660	0.00493	0.00273	0.00869
33	0.00774	0.00566	0.00727	0.00687	0.00821	0.00518	0.00515	0.01026	0.01545	0.02166	0.71440	0.04227	0.10609	0.01153	0.00653	0.00175	0.00263	0.01014	0.00602	0.00518
34	0.01478	0.01240	0.01309	0.01147	0.01478	0.01424	0.00901	0.12925	0.65935	0.02479	0.02126	0.01965	0.01587	0.00739	0.00562	0.00185	0.00462	0.00609	0.00562	0.00886
35	0.00805	0.00537	0.00604	0.00604	0.00604	0.00537	0.00336	0.00805	0.00805	0.01074	0.01745	0.03624	0.02013	0.80536	0.02819	0.00537	0.00537	0.00805	0.00336	0.00336
36	0.00781	0.00534	0.00698	0.00781	0.00827	0.00517	0.00527	0.04240	0.01081	0.01442	0.02666	0.63765	0.03143	0.05312	0.00968	0.10075	0.00363	0.01361	0.00476	0.00443
37	0.01111	0.02865	0.77667	0.01579	0.02397	0.01286	0.02046	0.01754	0.01169	0.01754	0.00994	0.01169	0.00702	0.00526	0.00526	0.00175	0.00818	0.00409	0.00234	0.00818
38	0.00674	0.00485	0.00640	0.00764	0.00801	0.00450	0.00511	0.00772	0.01067	0.01417	0.03143	0.77532	0.06248	0.01723	0.00705	0.00224	0.00320	0.01560	0.00514	0.00450
39	0.00803	0.00611	0.00913	0.00906	0.01002	0.00721	0.00707	0.00999	0.00889	0.01287	0.01462	0.02148	0.01366	0.04062	0.76139	0.00871	0.03729	0.00590	0.00295	0.00498
40	0.02069	0.02640	0.01569	0.01427	0.01712	0.78313	0.01070	0.02212	0.01569	0.01355	0.00856	0.00999	0.00713	0.00571	0.00499	0.00143	0.00999	0.00357	0.00285	0.00642
41	0.01111	0.02865	0.77667	0.01579	0.02397	0.01286	0.02046	0.01754	0.01169	0.01754	0.00994	0.01169	0.00702	0.00526	0.00526	0.00175	0.00818	0.00409	0.00234	0.00818
42	0.01169	0.15164	0.65879	0.01479	0.02243	0.01429	0.01873	0.01739	0.01162	0.01683	0.00959	0.01125	0.00703	0.00518	0.00499	0.00166	0.00783	0.00391	0.00234	0.00802
43	0.00667	0.00559	0.00580	0.00581	0.00757	0.00472	0.00433	0.00817	0.01283	0.01560	0.12066	0.07871	0.67678	0.01390	0.00656	0.00187	0.00280	0.01168	0.00523	0.00472
44	0.01318	0.01136	0.01196	0.01081	0.01382	0.01300	0.00839	0.02763	0.69653	0.02261	0.03980	0.02323	0.06708	0.00802	0.00571	0.00188	0.00424	0.00669	0.00561	0.00843
45	0.01481	0.80869	0.02902	0.00948	0.01421	0.02191	0.00948	0.01658	0.01125	0.01303	0.00770	0.00888	0.00711	0.00474	0.00355	0.00118	0.00592	0.00296	0.00237	0.00711
46	0.00675	0.00482	0.00643	0.00771	0.00803	0.00450	0.00514	0.00771	0.01060	0.01414	0.03053	0.80175	0.03663	0.01735	0.00707	0.00225	0.00321	0.01574	0.00514	0.00450
47	0.00675	0.00482	0.00643	0.00771	0.00803	0.00450	0.00514	0.00771	0.01060	0.01414	0.03053	0.80175	0.03663	0.01735	0.00707	0.00225	0.00321	0.01574	0.00514	0.00450
48	0.02352	0.00981	0.01291	0.01000	0.01413	0.00888	0.00822	0.08481	0.03528	0.66311	0.05401	0.01944	0.01514	0.00705	0.00561	0.00171	0.00472	0.00574	0.00668	0.00922
49	0.01366	0.01129	0.01500	0.01151	0.01546	0.01082	0.10424	0.16308	0.06742	0.04303	0.01382	0.07725	0.01200	0.04159	0.00683	0.00162	0.04297	0.00560	0.00405	0.33877
50	0.01222	0.17479	0.60301	0.01454	0.02184	0.04845	0.01797	0.01756	0.01179	0.01652	0.00946	0.01109	0.00704	0.00518	0.00493	0.00163	0.00784	0.00386	0.00237	0.00791
51	0.01378	0.59181	0.23690	0.01123	0.01693	0.01940	0.01253	0.01685	0.01138	0.01428	0.00832	0.00967	0.00708	0.00488	0.00403	0.00134	0.00655	0.00328	0.00236	0.00741
52	0.01500	0.01529	0.01945	0.01513	0.01889	0.17288	0.23936	0.12859	0.02656	0.01888	0.01149	0.01454	0.00931	0.03142	0.06755	0.00228	0.05043	0.00515	0.03290	0.10491

[dist]
# distance from previous block
# <min> <max>
5	7

[block]
# block no. 5 follows, 43 sequences, length 6
# corresponding to MSA columns:
# 647-652
name=unknown_F
#
# <colnr> <probs for GDERKNQSTAVLIFYWHMCP>
#	G	D	E	R	K	N	Q	S	T	A	V	L	I	F	Y	W	H	M	C	P
0	0.09506	0.50526	0.24285	0.01108	0.01669	0.01837	0.01231	0.01683	0.01120	0.01549	0.00835	0.00971	0.00697	0.00493	0.00403	0.00140	0.00642	0.00329	0.00246	0.00731
1	0.01327	0.01187	0.01856	0.41313	0.27805	0.01338	0.01513	0.13555	0.01403	0.01885	0.01060	0.01417	0.00818	0.00552	0.00552	0.00175	0.00691	0.00494	0.00306	0.00756
2	0.01319	0.01407	0.02784	0.02026	0.02520	0.01367	0.56834	0.05874	0.06223	0.01875	0.01365	0.01652	0.03986	0.00555	0.00687	0.00184	0.04459	0.00644	0.00323	0.03914
3	0.01274	0.01217	0.02073	0.26002	0.55236	0.01290	0.01652	0.01615	0.01215	0.01692	0.01025	0.01402	0.00836	0.00511	0.00550	0.00170	0.00682	0.00493	0.00266	0.00799
4	0.01267	0.01210	0.02060	0.27708	0.53587	0.01289	0.01648	0.01608	0.01212	0.01683	0.01023	0.01405	0.00833	0.00513	0.00550	0.00171	0.00684	0.00493	0.00265	0.00793
5	0.01295	0.01043	0.01287	0.00946	0.01397	0.00887	0.03813	0.07634	0.01283	0.05419	0.01094	0.01251	0.00876	0.00481	0.00503	0.00107	0.04091	0.00381	0.03605	0.62607

[dist]
# distance from previous block
# <min> <max>
0	1

[block]
# block no. 6 follows, 43 sequences, length 96
# corresponding to MSA columns:
# 654-749
name=unknown_G
#
# <colnr> <probs for GDERKNQSTAVLIFYWHMCP>
#	G	D	E	R	K	N	Q	S	T	A	V	L	I	F	Y	W	H	M	C	P
0	0.00682	0.00558	0.00601	0.00598	0.00767	0.00478	0.00446	0.00844	0.01315	0.01639	0.19877	0.08603	0.58942	0.01364	0.00657	0.00186	0.00279	0.01154	0.00534	0.00478
1	0.01926	0.01418	0.01495	0.01182	0.01577	0.03033	0.00964	0.56406	0.11323	0.05008	0.01498	0.01494	0.01083	0.00672	0.00539	0.00165	0.00560	0.00514	0.08252	0.00889
2	0.00675	0.00482	0.00643	0.00771	0.00803	0.00450	0.00514	0.00771	0.01060	0.01414	0.03053	0.80175	0.03663	0.01735	0.00707	0.00225	0.00321	0.01574	0.00514	0.00450
3	0.00876	0.00626	0.00873	0.01001	0.01121	0.00623	0.00863	0.01119	0.01258	0.01639	0.02942	0.11927	0.03224	0.01546	0.00761	0.00253	0.00495	0.67839	0.00510	0.00505
4	0.01111	0.02865	0.77667	0.01579	0.02397	0.01286	0.02046	0.01754	0.01169	0.01754	0.00994	0.01169	0.00702	0.00526	0.00526	0.00175	0.00818	0.00409	0.00234	0.00818
5	0.01481	0.80869	0.02902	0.00948	0.01421	0.02191	0.00948	0.01658	0.01125	0.01303	0.00770	0.00888	0.00711	0.00474	0.00355	0.00118	0.00592	0.00296	0.00237	0.00711
6	0.84448	0.01071	0.00814	0.00728	0.01071	0.01242	0.00600	0.01628	0.00943	0.02485	0.00771	0.00900	0.00600	0.00514	0.00343	0.00171	0.00428	0.00300	0.00343	0.00600
7	0.01358	0.01303	0.02225	0.06370	0.74210	0.01313	0.01693	0.01689	0.01255	0.01794	0.01040	0.01375	0.00872	0.00496	0.00549	0.00165	0.00661	0.00493	0.00273	0.00867
8	0.84448	0.01071	0.00814	0.00728	0.01071	0.01242	0.00600	0.01628	0.00943	0.02485	0.00771	0.00900	0.00600	0.00514	0.00343	0.00171	0.00428	0.00300	0.00343	0.00600
9	0.30772	0.00841	0.00786	0.00707	0.00954	0.00912	0.00560	0.09298	0.01252	0.05882	0.01472	0.05650	0.01193	0.00660	0.00414	0.00155	0.00369	0.00495	0.37020	0.00608
10	0.01295	0.00712	0.00928	0.00800	0.01024	0.00656	0.00624	0.04966	0.01621	0.22166	0.53530	0.03410	0.04006	0.00992	0.00623	0.00173	0.00333	0.00860	0.00627	0.00653
11	0.00751	0.00559	0.00687	0.00664	0.00794	0.00508	0.00487	0.00960	0.01424	0.01944	0.52333	0.08219	0.20814	0.06453	0.00799	0.00203	0.00287	0.01055	0.00566	0.00494
12	0.00716	0.00553	0.00653	0.00650	0.00791	0.00490	0.00479	0.00906	0.01376	0.01816	0.37703	0.14323	0.34907	0.01322	0.00661	0.00186	0.00277	0.01144	0.00558	0.00490
13	0.01046	0.00984	0.01661	0.79205	0.03814	0.01230	0.01538	0.01415	0.01107	0.01415	0.00984	0.01477	0.00738	0.00554	0.00554	0.00185	0.00738	0.00492	0.00246	0.00615
14	0.84448	0.01071	0.00814	0.00728	0.01071	0.01242	0.00600	0.01628	0.00943	0.02485	0.00771	0.00900	0.00600	0.00514	0.00343	0.00171	0.00428	0.00300	0.00343	0.00600
15	0.00675	0.00482	0.00643	0.00771	0.00803	0.00450	0.00514	0.00771	0.01060	0.01414	0.03053	0.80175	0.03663	0.01735	0.00707	0.00225	0.00321	0.01574	0.00514	0.00450
16	0.01111	0.02865	0.77667	0.01579	0.02397	0.01286	0.02046	0.01754	0.01169	0.01754	0.00994	0.01169	0.00702	0.00526	0.00526	0.00175	0.00818	0.00409	0.00234	0.00818
17	0.01111	0.02865	0.77667	0.01579	0.02397	0.01286	0.02046	0.01754	0.01169	0.01754	0.00994	0.01169	0.00702	0.00526	0.00526	0.00175	0.00818	0.00409	0.00234	0.00818
18	0.00990	0.02166	0.54271	0.01289	0.01907	0.01045	0.01567	0.01498	0.01241	0.01778	0.12430	0.02265	0.13737	0.00754	0.00565	0.00177	0.00652	0.00616	0.00332	0.00720
19	0.01578	0.00795	0.01023	0.00848	0.01130	0.00724	0.00672	0.06601	0.01602	0.33444	0.34111	0.03004	0.06681	0.02767	0.00652	0.00180	0.00382	0.00774	0.00621	0.02412
20	0.00784	0.00566	0.00740	0.00697	0.00827	0.00523	0.00523	0.01045	0.01568	0.02221	0.76789	0.04137	0.05226	0.01132	0.00653	0.00174	0.00261	0.01002	0.00610	0.00523
21	0.00822	0.00632	0.00963	0.01024	0.05060	0.00726	0.00746	0.01027	0.00910	0.01314	0.01460	0.02133	0.01357	0.03958	0.74179	0.00851	0.01439	0.00588	0.00295	0.00515
22	0.02067	0.01560	0.01651	0.02963	0.01757	0.03725	0.01060	0.70237	0.04037	0.03365	0.01328	0.01339	0.00947	0.00662	0.00553	0.00166	0.00619	0.00497	0.00540	0.00926
23	0.01896	0.00885	0.01179	0.03708	0.01384	0.00765	0.00768	0.02126	0.01470	0.47988	0.11921	0.03868	0.01853	0.00732	0.00551	0.00159	0.00439	0.02075	0.00589	0.15645
24	0.08852	0.03834	0.01560	0.03258	0.01707	0.49230	0.01036	0.20432	0.01756	0.01984	0.00969	0.01083	0.00762	0.00587	0.00498	0.00151	0.00839	0.00390	0.00355	0.00714
25	0.01246	0.31384	0.50332	0.01348	0.02040	0.01617	0.01645	0.01719	0.01153	0.01589	0.00912	0.01067	0.00705	0.00507	0.00464	0.00155	0.00736	0.00368	0.00235	0.00779
26	0.00655	0.00561	0.00561	0.00561	0.00748	0.00468	0.00421	0.00795	0.01262	0.01496	0.05610	0.05330	0.76857	0.01403	0.00655	0.00187	0.00281	0.01169	0.00514	0.00468
27	0.00803	0.00606	0.00896	0.00889	0.00980	0.00710	0.00687	0.00988	0.00884	0.01276	0.01478	0.02228	0.01401	0.08158	0.72313	0.00854	0.03461	0.00602	0.00297	0.00489
28	0.01955	0.01733	0.01508	0.01303	0.03336	0.25586	0.01004	0.25430	0.18999	0.11269	0.01488	0.01462	0.01091	0.00654	0.00539	0.00164	0.00677	0.00490	0.00481	0.00831
29	0.00692	0.00505	0.00672	0.00783	0.00820	0.00485	0.00531	0.00794	0.01072	0.01435	0.04988	0.74627	0.05017	0.01692	0.00734	0.00223	0.02441	0.01522	0.00509	0.00456
30	0.00683	0.00488	0.00652	0.00781	0.00817	0.00457	0.00529	0.00786	0.01069	0.01423	0.03048	0.77277	0.03644	0.01727	0.00709	0.00226	0.00329	0.04388	0.00514	0.00452
31	0.01120	0.02800	0.74173	0.01614	0.02420	0.01292	0.05475	0.01755	0.01176	0.01755	0.01000	0.01185	0.00708	0.00523	0.00532	0.00176	0.00824	0.00421	0.00236	0.00815
32	0.01094	0.01066	0.01837	0.61509	0.03428	0.01306	0.09338	0.01443	0.01097	0.01443	0.00967	0.01446	0.00748	0.00595	0.00719	0.00192	0.10385	0.00508	0.00249	0.00628
33	0.80063	0.01064	0.00839	0.00742	0.01089	0.01220	0.00611	0.01685	0.00977	0.06496	0.00847	0.00952	0.00641	0.00523	0.00354	0.00171	0.00431	0.00314	0.00361	0.00618
34	0.02238	0.01257	0.01470	0.01136	0.01566	0.01291	0.00935	0.38619	0.06075	0.36826	0.01765	0.01620	0.01176	0.00679	0.00556	0.00170	0.00538	0.00532	0.00614	0.00939
35	0.02209	0.01120	0.01369	0.01058	0.01481	0.01086	0.00869	0.23230	0.05349	0.46892	0.03819	0.01755	0.01335	0.00680	0.00551	0.00166	0.00500	0.00543	0.00621	0.05368
36	0.01241	0.01184	0.02014	0.33576	0.47916	0.01282	0.01635	0.01586	0.01200	0.01652	0.01019	0.01413	0.00822	0.00517	0.00550	0.00172	0.00690	0.00493	0.00263	0.00773
37	0.01059	0.00997	0.01684	0.76234	0.06686	0.01234	0.01544	0.01426	0.01113	0.01430	0.00987	0.01472	0.00744	0.00551	0.00553	0.00184	0.00735	0.00492	0.00247	0.00626
38	0.01046	0.00984	0.01661	0.79205	0.03814	0.01230	0.01538	0.01415	0.01107	0.01415	0.00984	0.01477	0.00738	0.00554	0.00554	0.00185	0.00738	0.00492	0.00246	0.00615
39	0.01396	0.01199	0.01263	0.01131	0.01447	0.01386	0.00881	0.04741	0.74254	0.02346	0.02231	0.02048	0.01672	0.00749	0.00563	0.00187	0.00443	0.00623	0.00563	0.00878
40	0.02438	0.00949	0.01283	0.00986	0.01408	0.00830	0.00813	0.04461	0.01610	0.73967	0.03813	0.01921	0.01446	0.00695	0.00559	0.00171	0.00470	0.00565	0.00681	0.00933
41	0.01441	0.71820	0.09373	0.01017	0.01507	0.02099	0.01051	0.01657	0.01121	0.01343	0.00788	0.00922	0.00710	0.00492	0.00412	0.00127	0.02854	0.00311	0.00237	0.00717
42	0.01378	0.01190	0.01252	0.01127	0.01440	0.01378	0.00877	0.02943	0.76081	0.02317	0.02254	0.02066	0.01691	0.00751	0.00564	0.00188	0.00438	0.00626	0.00564	0.00877
43	0.01013	0.00568	0.00763	0.00811	0.00917	0.00518	0.00570	0.01131	0.01158	0.15620	0.02890	0.65551	0.03235	0.01539	0.00679	0.00215	0.00349	0.01384	0.00546	0.00542
44	0.00675	0.00482	0.00643	0.00771	0.00803	0.00450	0.00514	0.00771	0.01060	0.01414	0.03053	0.80175	0.03663	0.01735	0.00707	0.00225	0.00321	0.01574	0.00514	0.00450
45	0.02069	0.02640	0.01569	0.01427	0.01712	0.78313	0.01070	0.02212	0.01569	0.01355	0.00856	0.00999	0.00713	0.00571	0.00499	0.00143	0.00999	0.00357	0.00285	0.00642
46	0.01342	0.01271	0.02120	0.04611	0.68073	0.01286	0.01615	0.01735	0.05262	0.01822	0.01194	0.01639	0.01027	0.00557	0.00559	0.00170	0.00641	0.03922	0.00300	0.00855
47	0.01146	0.01169	0.02165	0.46481	0.03261	0.01336	0.24387	0.01517	0.01140	0.01517	0.00998	0.01452	0.00769	0.00574	0.00728	0.00192	0.09716	0.00542	0.00256	0.00655
48	0.02105	0.01551	0.01662	0.01274	0.01717	0.01717	0.01053	0.75235	0.02604	0.03490	0.01330	0.01330	0.00942	0.00665	0.00554	0.00166	0.00609	0.00499	0.00554	0.00942
49	0.02105	0.01551	0.01662	0.01274	0.01717	0.01717	0.01053	0.75235	0.02604	0.03490	0.01330	0.01330	0.00942	0.00665	0.00554	0.00166	0.00609	0.00499	0.00554	0.00942
50	0.01046	0.00984	0.01661	0.79205	0.03814	0.01230	0.01538	0.01415	0.01107	0.01415	0.00984	0.01477	0.00738	0.00554	0.00554	0.00185	0.00738	0.00492	0.00246	0.00615
51	0.02105	0.01551	0.01662	0.01274	0.01717	0.01717	0.01053	0.75235	0.02604	0.03490	0.01330	0.01330	0.00942	0.00665	0.00554	0.00166	0.00609	0.00499	0.00554	0.00942
52	0.01212	0.01212	0.01696	0.01454	0.01454	0.01696	0.01212	0.01333	0.00848	0.01333	0.00727	0.01212	0.00727	0.00969	0.01818	0.00242	0.79523	0.00485	0.00242	0.00606
53	0.02144	0.01489	0.01624	0.01245	0.01686	0.01625	0.01028	0.67820	0.02500	0.11052	0.01417	0.01386	0.00986	0.00667	0.00554	0.00167	0.00595	0.00505	0.00567	0.00942
54	0.00761	0.00565	0.00708	0.00673	0.00813	0.00513	0.00504	0.01001	0.01513	0.02092	0.64137	0.04349	0.17958	0.01180	0.00653	0.00176	0.00265	0.01031	0.00593	0.00513
55	0.00805	0.00537	0.00604	0.00604	0.00604	0.00537	0.00336	0.00805	0.00805	0.01074	0.01745	0.03624	0.02013	0.80536	0.02819	0.00537	0.00537	0.00805	0.00336	0.00336
56	0.01888	0.01444	0.01540	0.01230	0.01635	0.01616	0.01000	0.53688	0.24504	0.03141	0.01605	0.01549	0.01165	0.00691	0.00557	0.00173	0.00558	0.00537	0.00557	0.00922
57	0.00657	0.00561	0.00565	0.00564	0.00750	0.00469	0.00423	0.00800	0.01269	0.01512	0.07210	0.05303	0.75247	0.01397	0.00655	0.00187	0.00280	0.01165	0.00516	0.00469
58	0.01344	0.01213	0.01220	0.01120	0.01398	0.07428	0.00873	0.02580	0.58088	0.02094	0.02096	0.02216	0.01660	0.01142	0.08867	0.00263	0.00599	0.04492	0.00510	0.00797
59	0.00737	0.00578	0.00669	0.00647	0.00806	0.00518	0.00485	0.00973	0.03332	0.01872	0.40533	0.06322	0.38010	0.01260	0.00653	0.00182	0.00276	0.01082	0.00563	0.00505
60	0.01186	0.01184	0.01546	0.01353	0.01386	0.05882	0.01112	0.01322	0.00897	0.01326	0.00868	0.01370	0.00843	0.01510	0.15280	0.00351	0.61246	0.00497	0.00254	0.00588
61	0.00754	0.00576	0.00714	0.02791	0.00886	0.00526	0.00521	0.00983	0.01467	0.01990	0.54249	0.04408	0.25715	0.01194	0.00651	0.00178	0.00280	0.01036	0.00572	0.00509
62	0.01371	0.01316	0.02248	0.03399	0.77081	0.01316	0.01700	0.01700	0.01261	0.01809	0.01042	0.01371	0.00877	0.00493	0.00548	0.00164	0.00658	0.00493	0.00274	0.00877
63	0.01103	0.05698	0.66541	0.01500	0.02241	0.01261	0.03678	0.01692	0.01204	0.01775	0.07255	0.01412	0.01079	0.00573	0.00533	0.00173	0.00766	0.00460	0.00266	0.00788
64	0.03433	0.01227	0.09026	0.01109	0.01520	0.01067	0.02735	0.08361	0.19994	0.28422	0.02087	0.02236	0.04396	0.00758	0.00566	0.00179	0.00512	0.06544	0.00542	0.05287
65	0.01507	0.01155	0.01260	0.01089	0.01410	0.01288	0.00858	0.14320	0.49768	0.08156	0.10991	0.02181	0.01968	0.00778	0.00572	0.00181	0.00447	0.00645	0.00577	0.00850
66	0.00832	0.00637	0.00795	0.02558	0.00988	0.00618	0.00622	0.01177	0.07599	0.01959	0.41062	0.06113	0.17687	0.01221	0.00665	0.00193	0.00336	0.13838	0.00560	0.00540
