[name]
unknown

[dist]
# distance from previous block
# <min> <max>
24	87

[block]
# block no. 0 follows, 48 sequences, length 10
# corresponding to MSA columns:
# 122-131
name=unknown_A
#
# <colnr> <probs for GDERKNQSTAVLIFYWHMCP>
#	G	D	E	R	K	N	Q	S	T	A	V	L	I	F	Y	W	H	M	C	P
0	0.01226	0.10401	0.17893	0.04748	0.16510	0.07605	0.01170	0.04771	0.05678	0.03966	0.11487	0.01624	0.03255	0.00590	0.00488	0.00146	0.00569	0.00486	0.00331	0.07056
1	0.09304	0.19792	0.07092	0.02139	0.04324	0.03323	0.03752	0.03372	0.13293	0.10676	0.01278	0.04789	0.01045	0.02945	0.00506	0.00152	0.00507	0.00455	0.00359	0.10897
2	0.03598	0.15769	0.21744	0.02795	0.01602	0.09069	0.01125	0.15877	0.05453	0.04179	0.06948	0.01422	0.02415	0.00714	0.03505	0.00176	0.02118	0.00446	0.00342	0.00702
3	0.06596	0.24963	0.28236	0.01233	0.04082	0.07294	0.06259	0.03181	0.01169	0.01608	0.09771	0.01326	0.01147	0.00539	0.00452	0.00145	0.00627	0.00421	0.00278	0.00673
4	0.03901	0.14997	0.21026	0.01163	0.03282	0.01188	0.06773	0.07973	0.03444	0.06033	0.01587	0.12276	0.07074	0.00725	0.00543	0.00160	0.03605	0.00597	0.00340	0.03312
5	0.08046	0.07175	0.01376	0.01101	0.07427	0.01112	0.00834	0.20289	0.03223	0.19202	0.01296	0.01398	0.00969	0.00674	0.03474	0.00163	0.00511	0.02090	0.00427	0.19213
6	0.00887	0.00624	0.00859	0.00996	0.07087	0.00595	0.00740	0.01091	0.01192	0.06485	0.08666	0.14269	0.15361	0.01268	0.00649	0.00205	0.00407	0.37633	0.00474	0.00512
7	0.21475	0.01357	0.01312	0.01049	0.01422	0.07403	0.00857	0.45821	0.03922	0.08824	0.01163	0.01174	0.00832	0.00580	0.00464	0.00154	0.00539	0.00416	0.00458	0.00776
8	0.00715	0.00588	0.00701	0.00783	0.06694	0.00537	0.00514	0.00913	0.04072	0.01511	0.16436	0.11421	0.44347	0.07565	0.00758	0.00199	0.00311	0.00999	0.00463	0.00474
9	0.04144	0.57738	0.16702	0.00983	0.01473	0.01734	0.01045	0.01636	0.01082	0.08132	0.00866	0.00952	0.00707	0.00466	0.00375	0.00125	0.00573	0.00315	0.00259	0.00692

[dist]
# distance from previous block
# <min> <max>
0	1

[block]
# block no. 1 follows, 48 sequences, length 56
# corresponding to MSA columns:
# 133-188
name=unknown_B
#
# <colnr> <probs for GDERKNQSTAVLIFYWHMCP>
#	G	D	E	R	K	N	Q	S	T	A	V	L	I	F	Y	W	H	M	C	P
0	0.00625	0.00447	0.00595	0.00714	0.00744	0.00417	0.00476	0.00714	0.00982	0.01310	0.02828	0.81633	0.03394	0.01608	0.00655	0.00208	0.00298	0.01459	0.00476	0.00417
1	0.01092	0.03976	0.17726	0.26085	0.08235	0.02745	0.09349	0.01431	0.01028	0.01444	0.00905	0.01250	0.00720	0.00578	0.00750	0.00174	0.17598	0.00447	0.03829	0.00638
2	0.07332	0.01159	0.07026	0.49638	0.02960	0.01206	0.14546	0.07190	0.01157	0.01610	0.00944	0.01302	0.00703	0.00502	0.00513	0.00169	0.00690	0.00464	0.00261	0.00626
3	0.00745	0.00502	0.00582	0.00582	0.00589	0.00509	0.00338	0.00760	0.00753	0.01011	0.01597	0.03247	0.01817	0.75496	0.09017	0.00525	0.00570	0.00730	0.00308	0.00323
4	0.00789	0.00538	0.00610	0.00583	0.00706	0.00485	0.00407	0.00904	0.01109	0.06673	0.17911	0.04004	0.34623	0.27006	0.01241	0.00274	0.00344	0.00907	0.00451	0.00434
5	0.01276	0.33003	0.24771	0.08602	0.03301	0.09458	0.04674	0.01594	0.01100	0.02626	0.00852	0.01040	0.00689	0.00550	0.01961	0.00154	0.03080	0.00360	0.00234	0.00674
6	0.00628	0.00454	0.00594	0.00700	0.00742	0.00420	0.00472	0.00726	0.01012	0.01343	0.05899	0.74141	0.07837	0.01568	0.00650	0.00205	0.00293	0.01416	0.00480	0.00420
7	0.01918	0.02419	0.01456	0.01318	0.01586	0.77859	0.00991	0.04011	0.01479	0.01308	0.00805	0.00933	0.00666	0.00531	0.00464	0.00133	0.00916	0.00334	0.00271	0.00602
8	0.00863	0.00690	0.02821	0.07430	0.02581	0.00657	0.00668	0.08650	0.01282	0.02864	0.21963	0.35142	0.08736	0.01183	0.00604	0.00183	0.00362	0.02330	0.00474	0.00518
9	0.85592	0.00992	0.00754	0.00675	0.00992	0.01151	0.00556	0.01508	0.00873	0.02302	0.00714	0.00834	0.00556	0.00476	0.00318	0.00159	0.00397	0.00278	0.00318	0.00556
10	0.01502	0.02723	0.01677	0.07559	0.35578	0.19043	0.01208	0.09412	0.01344	0.06938	0.01069	0.01348	0.00873	0.04979	0.00608	0.00167	0.00655	0.00446	0.02152	0.00719
11	0.00891	0.00446	0.00668	0.00668	0.00668	0.00446	0.00446	0.00668	0.00668	0.00891	0.00891	0.01560	0.00891	0.01783	0.02005	0.85071	0.00446	0.00446	0.00223	0.00223
12	0.01594	0.03181	0.01383	0.05563	0.02996	0.32785	0.00944	0.14805	0.21541	0.01871	0.04714	0.01464	0.02450	0.00625	0.00515	0.00152	0.01866	0.00467	0.00387	0.00695
13	0.85592	0.00992	0.00754	0.00675	0.00992	0.01151	0.00556	0.01508	0.00873	0.02302	0.00714	0.00834	0.00556	0.00476	0.00318	0.00159	0.00397	0.00278	0.00318	0.00556
14	0.01723	0.01301	0.01508	0.01179	0.01561	0.01419	0.06068	0.51652	0.15499	0.05792	0.03927	0.01557	0.03090	0.00649	0.00526	0.00160	0.00534	0.00525	0.00503	0.00826
15	0.00746	0.00497	0.00560	0.00560	0.00560	0.00497	0.00311	0.00746	0.00746	0.00995	0.01617	0.03358	0.01865	0.81967	0.02612	0.00497	0.00497	0.00746	0.00311	0.00311
16	0.00937	0.00815	0.01097	0.01011	0.01088	0.01028	0.00799	0.01251	0.11420	0.01333	0.01344	0.07192	0.01293	0.07552	0.31087	0.00462	0.28859	0.00594	0.00308	0.00530
17	0.01211	0.01384	0.03028	0.02163	0.02682	0.01298	0.76903	0.01644	0.01211	0.01644	0.01038	0.01384	0.00779	0.00433	0.00606	0.00173	0.00865	0.00606	0.00260	0.00692
18	0.00744	0.00505	0.00596	0.00596	0.00609	0.00517	0.00356	0.00770	0.00757	0.01022	0.01583	0.03173	0.01785	0.71212	0.13257	0.00542	0.00618	0.00719	0.00306	0.00331
19	0.01372	0.82276	0.02689	0.00878	0.01317	0.02030	0.00878	0.01536	0.01043	0.01207	0.00713	0.00823	0.00658	0.00439	0.00329	0.00110	0.00549	0.00274	0.00219	0.00658
20	0.25149	0.00890	0.00971	0.00800	0.01118	0.00897	0.00648	0.08549	0.03717	0.30107	0.07173	0.03618	0.01346	0.00632	0.00450	0.00153	0.00396	0.00489	0.08918	0.03979
21	0.02689	0.06077	0.03158	0.05825	0.01438	0.14978	0.02310	0.07654	0.02412	0.01518	0.02449	0.09990	0.01268	0.02021	0.02166	0.00196	0.24097	0.06101	0.03074	0.00579
22	0.85592	0.00992	0.00754	0.00675	0.00992	0.01151	0.00556	0.01508	0.00873	0.02302	0.00714	0.00834	0.00556	0.00476	0.00318	0.00159	0.00397	0.00278	0.00318	0.00556
23	0.01570	0.01843	0.03621	0.12114	0.19302	0.41826	0.01189	0.03154	0.07732	0.01476	0.00967	0.01153	0.00777	0.00525	0.00486	0.00147	0.00768	0.00400	0.00282	0.00668
24	0.00757	0.00506	0.00665	0.00718	0.00806	0.00468	0.00520	0.00904	0.01147	0.05774	0.20181	0.47318	0.08675	0.01388	0.00638	0.00195	0.00306	0.08067	0.00505	0.00463
25	0.00700	0.00517	0.00721	0.00810	0.00878	0.00497	0.02493	0.00861	0.02708	0.01388	0.02742	0.60712	0.03188	0.01515	0.00663	0.00213	0.00354	0.18126	0.00471	0.00445
26	0.01313	0.01321	0.02353	0.01769	0.02108	0.05596	0.43735	0.01614	0.01118	0.07918	0.00997	0.01311	0.00781	0.00594	0.00914	0.00185	0.24893	0.00536	0.00280	0.00663
27	0.05666	0.02590	0.11105	0.14548	0.32789	0.03454	0.05170	0.01536	0.03470	0.01671	0.01065	0.01336	0.00842	0.00498	0.00477	0.00153	0.00592	0.00445	0.11899	0.00693
28	0.00651	0.00520	0.00583	0.00576	0.00726	0.00452	0.00432	0.00818	0.01257	0.01607	0.29176	0.07093	0.50375	0.01229	0.00610	0.00172	0.00259	0.02506	0.00505	0.00450
29	0.03251	0.08617	0.01452	0.03547	0.01486	0.08934	0.00871	0.28368	0.15670	0.02221	0.01203	0.01250	0.00921	0.00557	0.00485	0.00138	0.02096	0.00417	0.00403	0.18114
30	0.01221	0.01054	0.01107	0.01001	0.01281	0.01206	0.00777	0.02562	0.71489	0.02083	0.02346	0.02165	0.07944	0.00746	0.00529	0.00174	0.00394	0.00622	0.00518	0.00781
31	0.01108	0.01044	0.01762	0.35201	0.42221	0.01136	0.01438	0.01424	0.01129	0.01551	0.06212	0.01485	0.01033	0.00521	0.00517	0.00161	0.00616	0.00489	0.00264	0.00690
32	0.00625	0.00447	0.00595	0.00714	0.00744	0.00417	0.00476	0.00714	0.00982	0.01310	0.02828	0.81633	0.03394	0.01608	0.00655	0.00208	0.00298	0.01459	0.00476	0.00417
33	0.01896	0.01208	0.01447	0.13106	0.01810	0.01301	0.00984	0.45866	0.01953	0.23065	0.01394	0.01389	0.00950	0.00605	0.00514	0.00158	0.00549	0.00475	0.00503	0.00827
34	0.01639	0.00727	0.00978	0.00800	0.01081	0.00641	0.00641	0.01856	0.01462	0.46714	0.34183	0.02624	0.02772	0.00809	0.00554	0.00160	0.00355	0.00689	0.00606	0.00710
35	0.14654	0.01495	0.01377	0.01114	0.01478	0.13308	0.00901	0.48259	0.08079	0.02706	0.01155	0.01180	0.00848	0.00588	0.00476	0.00153	0.00581	0.00424	0.00447	0.00778
36	0.04262	0.01233	0.01314	0.01068	0.01411	0.01374	0.00863	0.45382	0.24171	0.02767	0.07873	0.01646	0.01401	0.00670	0.00514	0.00160	0.00481	0.00529	0.02077	0.00806
37	0.00733	0.00550	0.00825	0.00825	0.00916	0.00641	0.00641	0.00916	0.00825	0.01191	0.01374	0.02016	0.01283	0.03848	0.79934	0.00825	0.01374	0.00550	0.00275	0.00458
38	0.85592	0.00992	0.00754	0.00675	0.00992	0.01151	0.00556	0.01508	0.00873	0.02302	0.00714	0.00834	0.00556	0.00476	0.00318	0.00159	0.00397	0.00278	0.00318	0.00556
39	0.01083	0.02332	0.61805	0.01824	0.17971	0.01200	0.03427	0.01615	0.01104	0.01636	0.00932	0.01128	0.00686	0.00480	0.00494	0.00161	0.00730	0.00400	0.00225	0.00768
40	0.27587	0.56975	0.02087	0.00815	0.01216	0.01757	0.00778	0.01528	0.00990	0.01548	0.00714	0.00826	0.00626	0.00451	0.00326	0.00125	0.00501	0.00275	0.00250	0.00626
41	0.01122	0.14946	0.58166	0.01362	0.02022	0.02813	0.04002	0.01695	0.06304	0.01589	0.00969	0.01106	0.00718	0.00493	0.00468	0.00155	0.00708	0.00383	0.00240	0.00741
42	0.00788	0.06173	0.00866	0.00811	0.00879	0.04981	0.00585	0.00887	0.00996	0.01294	0.02394	0.65046	0.02833	0.01410	0.00707	0.00199	0.07037	0.01233	0.00426	0.00455
43	0.00676	0.00533	0.00618	0.00655	0.00789	0.00483	0.00501	0.00860	0.03102	0.01477	0.10890	0.19693	0.42471	0.01341	0.00631	0.00190	0.00306	0.13849	0.00485	0.00451
44	0.02004	0.01352	0.01487	0.01140	0.01549	0.01465	0.00942	0.65813	0.02270	0.14677	0.01351	0.01309	0.00933	0.00619	0.00514	0.00155	0.00545	0.00470	0.00532	0.00873
45	0.00625	0.00447	0.00595	0.00714	0.00744	0.00417	0.00476	0.00714	0.00982	0.01310	0.02828	0.81633	0.03394	0.01608	0.00655	0.00208	0.00298	0.01459	0.00476	0.00417
46	0.00729	0.00644	0.00651	0.00685	0.00810	0.06313	0.00501	0.00855	0.01103	0.01342	0.03692	0.28999	0.39123	0.01557	0.07187	0.00238	0.00422	0.04261	0.00444	0.00444
47	0.01211	0.01384	0.03028	0.02163	0.02682	0.01298	0.76903	0.01644	0.01211	0.01644	0.01038	0.01384	0.00779	0.00433	0.00606	0.00173	0.00865	0.00606	0.00260	0.00692
48	0.01437	0.01182	0.01251	0.01077	0.01396	0.01351	0.00851	0.20485	0.59819	0.02406	0.01884	0.01751	0.01401	0.00677	0.00520	0.00169	0.00444	0.00552	0.00520	0.00827
49	0.00625	0.00447	0.00595	0.00714	0.00744	0.00417	0.00476	0.00714	0.00982	0.01310	0.02828	0.81633	0.03394	0.01608	0.00655	0.00208	0.00298	0.01459	0.00476	0.00417
50	0.00853	0.00704	0.00880	0.00858	0.00959	0.06066	0.00668	0.01034	0.00886	0.01258	0.01321	0.01884	0.01210	0.03192	0.63650	0.00686	0.05618	0.00523	0.07275	0.00475
51	0.00619	0.00520	0.00537	0.00532	0.00700	0.00438	0.00399	0.00760	0.01198	0.01454	0.12585	0.04827	0.71129	0.01274	0.00606	0.00172	0.00258	0.01067	0.00485	0.00438
52	0.01246	0.01356	0.09145	0.02956	0.68750	0.01220	0.04627	0.01582	0.01162	0.01670	0.00964	0.01258	0.00797	0.00459	0.00510	0.00154	0.00633	0.00456	0.00251	0.00803
53	0.01201	0.01454	0.07211	0.02124	0.02656	0.01292	0.72790	0.01643	0.01204	0.01643	0.01032	0.01368	0.00771	0.00436	0.00599	0.00172	0.00859	0.00593	0.00257	0.00696
54	0.01600	0.00936	0.01162	0.00891	0.02743	0.00779	0.00706	0.06594	0.01307	0.31502	0.01360	0.01341	0.00964	0.00494	0.00443	0.00114	0.00418	0.00398	0.00443	0.45803
55	0.01399	0.01243	0.07853	0.07865	0.01697	0.01134	0.05827	0.24749	0.09128	0.06073	0.05446	0.01434	0.01109	0.00557	0.00489	0.00140	0.00523	0.00463	0.00404	0.22467

[dist]
# distance from previous block
# <min> <max>
4	16

[block]
# block no. 2 follows, 48 sequences, length 22
# corresponding to MSA columns:
# 205-226
name=unknown_C
#
# <colnr> <probs for GDERKNQSTAVLIFYWHMCP>
#	G	D	E	R	K	N	Q	S	T	A	V	L	I	F	Y	W	H	M	C	P
0	0.02857	0.23443	0.55863	0.01287	0.01945	0.01420	0.01581	0.03332	0.01099	0.01566	0.00869	0.01014	0.00655	0.00478	0.00443	0.00148	0.00692	0.00352	0.00226	0.00731
1	0.01103	0.00900	0.03735	0.00825	0.01188	0.00721	0.02456	0.04079	0.04305	0.07609	0.18277	0.04669	0.02918	0.00629	0.00472	0.00119	0.00381	0.00535	0.00407	0.44672
2	0.01053	0.01899	0.44061	0.01477	0.02045	0.01075	0.19159	0.01530	0.01172	0.03618	0.09794	0.01877	0.01359	0.00620	0.00548	0.00171	0.00693	0.06859	0.00298	0.00691
3	0.00891	0.00446	0.00668	0.00668	0.00668	0.00446	0.00446	0.00668	0.00668	0.00891	0.00891	0.01560	0.00891	0.01783	0.02005	0.85071	0.00446	0.00446	0.00223	0.00223
4	0.01395	0.00809	0.03167	0.00966	0.01229	0.00708	0.09162	0.01633	0.03524	0.31630	0.11325	0.20790	0.02206	0.07025	0.00729	0.00199	0.00441	0.01908	0.00507	0.00646
5	0.01058	0.09415	0.72803	0.01413	0.02144	0.01263	0.01809	0.01617	0.01080	0.01589	0.00903	0.01061	0.00651	0.00483	0.00474	0.00158	0.00741	0.00370	0.00217	0.00750
6	0.00737	0.00532	0.00737	0.00737	0.00798	0.00594	0.00532	0.00860	0.00799	0.01126	0.01455	0.02461	0.01476	0.29785	0.54262	0.00716	0.01083	0.00615	0.00287	0.00409
7	0.01412	0.01489	0.01944	0.02747	0.61763	0.18555	0.01446	0.01679	0.01231	0.01584	0.00927	0.01194	0.00779	0.00473	0.00498	0.00148	0.00679	0.00429	0.00256	0.00765
8	0.00614	0.00489	0.00551	0.00601	0.00714	0.00426	0.00426	0.00727	0.01092	0.01354	0.04210	0.36914	0.47220	0.01428	0.00627	0.00188	0.00276	0.01240	0.00476	0.00426
9	0.01445	0.07948	0.01782	0.02184	0.46413	0.01103	0.01213	0.01708	0.01256	0.18741	0.09838	0.01623	0.01350	0.00561	0.00505	0.00151	0.00525	0.00507	0.00370	0.00776
10	0.01143	0.29090	0.53870	0.01268	0.01921	0.01470	0.01558	0.01596	0.01070	0.01486	0.00852	0.00997	0.00653	0.00471	0.00435	0.00145	0.00689	0.00344	0.00218	0.00725
11	0.01043	0.00874	0.00944	0.00893	0.01110	0.00963	0.00676	0.03485	0.47512	0.01867	0.02715	0.19931	0.13868	0.00989	0.00564	0.00181	0.00363	0.00849	0.00505	0.00668
12	0.01797	0.20033	0.01726	0.01224	0.01527	0.62751	0.00966	0.01936	0.01363	0.01245	0.00776	0.00903	0.00660	0.00509	0.00433	0.00127	0.00842	0.00318	0.00254	0.00609
13	0.01025	0.00744	0.00926	0.00937	0.01101	0.00769	0.00773	0.17721	0.01408	0.01857	0.02466	0.21585	0.04153	0.01281	0.00652	0.00211	0.00450	0.40914	0.00482	0.00547
14	0.00742	0.00503	0.00587	0.00579	0.00605	0.00495	0.00349	0.00795	0.00902	0.01229	0.18554	0.03462	0.02521	0.64141	0.02170	0.00423	0.00441	0.00786	0.00367	0.00349
15	0.01276	0.01102	0.01160	0.01044	0.01334	0.01276	0.00812	0.02727	0.77840	0.02146	0.02088	0.01914	0.01566	0.00696	0.00522	0.00174	0.00406	0.00580	0.00522	0.00812
16	0.00808	0.00553	0.00693	0.00665	0.00816	0.00501	0.00516	0.01019	0.01354	0.06713	0.47142	0.04191	0.22556	0.01126	0.00611	0.00173	0.00285	0.09249	0.00537	0.00495
17	0.01419	0.47669	0.18795	0.01101	0.01569	0.19008	0.01121	0.01668	0.01142	0.01307	0.00775	0.00901	0.00657	0.00469	0.00392	0.00126	0.00676	0.00309	0.00229	0.00666
18	0.01236	0.01277	0.02362	0.09347	0.43578	0.02838	0.28513	0.01587	0.01177	0.01625	0.00983	0.01312	0.00786	0.00455	0.00542	0.00161	0.00714	0.00508	0.00254	0.00745
19	0.00831	0.00701	0.01122	0.34141	0.02008	0.00849	0.00968	0.01081	0.00909	0.01241	0.01182	0.01746	0.01033	0.02458	0.46821	0.00552	0.01087	0.00511	0.00255	0.00505
20	0.01192	0.01326	0.02707	0.01983	0.02388	0.01358	0.60208	0.01554	0.01117	0.01554	0.00958	0.01326	0.00755	0.00535	0.00843	0.00184	0.18526	0.00571	0.00252	0.00663
21	0.01148	0.01251	0.02537	0.19381	0.02720	0.01293	0.51810	0.01525	0.01123	0.01525	0.00970	0.01351	0.00746	0.00502	0.00706	0.00178	0.09780	0.00555	0.00249	0.00651

[dist]
# distance from previous block
# <min> <max>
0	40

[block]
# block no. 3 follows, 48 sequences, length 34
# corresponding to MSA columns:
# 267-300
name=unknown_D
#
# <colnr> <probs for GDERKNQSTAVLIFYWHMCP>
#	G	D	E	R	K	N	Q	S	T	A	V	L	I	F	Y	W	H	M	C	P
0	0.00621	0.00517	0.00541	0.00542	0.00703	0.00438	0.00404	0.00762	0.01194	0.01459	0.13364	0.07813	0.67313	0.01283	0.00608	0.00173	0.00259	0.01080	0.00486	0.00438
1	0.81328	0.01024	0.00773	0.00693	0.01005	0.03408	0.00567	0.01512	0.00903	0.02267	0.02412	0.00902	0.00652	0.00490	0.00328	0.00158	0.00409	0.00294	0.00321	0.00555
2	0.00737	0.00506	0.00606	0.00608	0.00630	0.00519	0.00375	0.00775	0.00777	0.01047	0.01704	0.04894	0.04010	0.64214	0.16027	0.00539	0.00639	0.00737	0.00313	0.00343
3	0.00746	0.00497	0.00560	0.00560	0.00560	0.00497	0.00311	0.00746	0.00746	0.00995	0.01617	0.03358	0.01865	0.81967	0.02612	0.00497	0.00497	0.00746	0.00311	0.00311
4	0.08560	0.00944	0.01096	0.00797	0.01241	0.00763	0.02466	0.03200	0.01084	0.01766	0.00906	0.01056	0.00745	0.00396	0.00383	0.00088	0.00398	0.00313	0.00309	0.73491
5	0.06369	0.15926	0.08814	0.03915	0.25995	0.13654	0.03457	0.10184	0.02469	0.01739	0.02340	0.01153	0.00819	0.00502	0.00462	0.00145	0.00643	0.00403	0.00288	0.00722
6	0.01044	0.02522	0.72112	0.01518	0.03813	0.01210	0.04426	0.01610	0.01078	0.01612	0.00916	0.01099	0.00659	0.00501	0.00538	0.00165	0.03819	0.00391	0.00219	0.00750
7	0.01216	0.01208	0.01849	0.29527	0.47172	0.07189	0.01479	0.01521	0.01141	0.01519	0.00934	0.01277	0.00757	0.00482	0.00506	0.00157	0.00659	0.00447	0.00246	0.00713
8	0.02302	0.00873	0.01191	0.00913	0.01310	0.00754	0.00754	0.02501	0.01469	0.79122	0.02024	0.01746	0.01270	0.00635	0.00516	0.00159	0.00437	0.00516	0.00635	0.00873
9	0.00742	0.00516	0.00651	0.00651	0.00683	0.00547	0.00425	0.00805	0.00773	0.01063	0.01533	0.02894	0.01664	0.54986	0.29317	0.00610	0.00800	0.00678	0.00298	0.00362
10	0.01866	0.00993	0.01165	0.00926	0.01267	0.01003	0.00754	0.25442	0.07509	0.35382	0.01718	0.01630	0.01178	0.00627	0.00486	0.00151	0.00437	0.00497	0.16173	0.00795
11	0.00633	0.00452	0.00602	0.00709	0.00746	0.00422	0.00477	0.00734	0.01018	0.01367	0.08594	0.75704	0.03504	0.01565	0.00651	0.00205	0.00293	0.01418	0.00483	0.00422
12	0.01109	0.00975	0.01479	0.62937	0.03048	0.01173	0.01290	0.13744	0.01263	0.01632	0.01216	0.01555	0.05281	0.00576	0.00519	0.00168	0.00639	0.00494	0.00290	0.00612
13	0.00820	0.00678	0.00991	0.00941	0.01012	0.00849	0.00749	0.00987	0.00816	0.01201	0.01218	0.01816	0.01147	0.03190	0.62467	0.00691	0.19155	0.00527	0.00264	0.00481
14	0.01128	0.01251	0.02682	0.01957	0.02406	0.01172	0.66044	0.01512	0.01179	0.01596	0.01292	0.12786	0.01150	0.00599	0.00613	0.00178	0.00784	0.00727	0.00290	0.00653
15	0.01276	0.01102	0.01160	0.01044	0.01334	0.01276	0.00812	0.02727	0.77840	0.02146	0.02088	0.01914	0.01566	0.00696	0.00522	0.00174	0.00406	0.00580	0.00522	0.00812
16	0.02215	0.00903	0.01198	0.00923	0.01311	0.00808	0.00761	0.08124	0.01540	0.70401	0.04879	0.01787	0.01376	0.00649	0.00519	0.00159	0.00439	0.00528	0.00623	0.00858
17	0.66737	0.01236	0.11464	0.01000	0.08032	0.01163	0.00826	0.01530	0.00928	0.02156	0.00764	0.00906	0.00591	0.00476	0.00357	0.00159	0.00464	0.00307	0.00298	0.00606
18	0.00818	0.00585	0.00814	0.00918	0.01037	0.00581	0.00797	0.01055	0.01205	0.01582	0.09414	0.05615	0.03120	0.01385	0.00700	0.00230	0.00452	0.68739	0.00481	0.00474
19	0.00625	0.00448	0.00593	0.00709	0.00743	0.00417	0.00474	0.00715	0.00987	0.01312	0.02891	0.79605	0.05381	0.01599	0.00654	0.00207	0.00297	0.01449	0.00476	0.00417
20	0.01110	0.21410	0.61261	0.01325	0.02008	0.01389	0.01656	0.01604	0.01074	0.01527	0.00872	0.01022	0.00652	0.00476	0.00450	0.00150	0.00709	0.00354	0.00217	0.00735
21	0.01255	0.01109	0.01310	0.01212	0.05915	0.04169	0.06618	0.02335	0.54020	0.03710	0.08631	0.02004	0.01719	0.02933	0.00590	0.00179	0.00461	0.00599	0.00477	0.00753
22	0.00768	0.00571	0.00720	0.00675	0.00811	0.00547	0.00508	0.01105	0.07669	0.02046	0.70243	0.03707	0.06613	0.01027	0.00598	0.00163	0.00256	0.00904	0.00559	0.00509
23	0.00624	0.00449	0.00593	0.00707	0.00742	0.00417	0.00473	0.00715	0.00989	0.01313	0.02914	0.78848	0.06123	0.01596	0.00653	0.00207	0.00296	0.01445	0.00476	0.00417
24	0.00969	0.00912	0.01539	0.80734	0.03534	0.01140	0.01425	0.01311	0.01026	0.01311	0.00912	0.01368	0.00684	0.00513	0.00513	0.00171	0.00684	0.00456	0.00228	0.00570
25	0.01437	0.01132	0.04514	0.01508	0.01939	0.00995	0.39435	0.01761	0.01290	0.24667	0.05544	0.02007	0.10009	0.00623	0.00575	0.00168	0.00635	0.00642	0.00409	0.00708
26	0.85592	0.00992	0.00754	0.00675	0.00992	0.01151	0.00556	0.01508	0.00873	0.02302	0.00714	0.00834	0.00556	0.00476	0.00318	0.00159	0.00397	0.00278	0.00318	0.00556
27	0.00723	0.00524	0.00681	0.00642	0.00765	0.00483	0.00482	0.00962	0.01445	0.02040	0.76552	0.03862	0.06797	0.01056	0.00605	0.00162	0.00243	0.00932	0.00562	0.00483
28	0.00625	0.00447	0.00595	0.00714	0.00744	0.00417	0.00476	0.00714	0.00982	0.01310	0.02828	0.81633	0.03394	0.01608	0.00655	0.00208	0.00298	0.01459	0.00476	0.00417
29	0.85592	0.00992	0.00754	0.00675	0.00992	0.01151	0.00556	0.01508	0.00873	0.02302	0.00714	0.00834	0.00556	0.00476	0.00318	0.00159	0.00397	0.00278	0.00318	0.00556
30	0.01049	0.07323	0.74816	0.01428	0.02168	0.01241	0.01836	0.01620	0.01081	0.01600	0.00909	0.01068	0.00650	0.00485	0.00478	0.00159	0.00746	0.00373	0.00217	0.00752
31	0.01420	0.75221	0.02580	0.00917	0.01341	0.08913	0.00888	0.01582	0.01079	0.01211	0.00720	0.00832	0.00659	0.00447	0.00341	0.00112	0.00582	0.00279	0.00223	0.00653
32	0.01372	0.82276	0.02689	0.00878	0.01317	0.02030	0.00878	0.01536	0.01043	0.01207	0.00713	0.00823	0.00658	0.00439	0.00329	0.00110	0.00549	0.00274	0.00219	0.00658
33	0.01198	0.19089	0.01365	0.00886	0.01189	0.01240	0.00732	0.03842	0.38490	0.04585	0.02470	0.02340	0.18971	0.00773	0.00498	0.00158	0.00409	0.00622	0.00448	0.00695

[dist]
# distance from previous block
# <min> <max>
0	1

[block]
# block no. 4 follows, 48 sequences, length 57
# corresponding to MSA columns:
# 302-358
name=unknown_E
#
# <colnr> <probs for GDERKNQSTAVLIFYWHMCP>
#	G	D	E	R	K	N	Q	S	T	A	V	L	I	F	Y	W	H	M	C	P
0	0.73575	0.06150	0.07201	0.00751	0.01111	0.01209	0.00684	0.01519	0.00901	0.02180	0.00731	0.00853	0.00570	0.00475	0.00332	0.00156	0.00435	0.00286	0.00303	0.00578
1	0.01044	0.02552	0.73165	0.01519	0.02258	0.01200	0.07937	0.01626	0.01094	0.01626	0.00930	0.01108	0.00660	0.00483	0.00497	0.00163	0.00767	0.00397	0.00220	0.00753
2	0.01117	0.11474	0.67681	0.01376	0.02084	0.01268	0.01737	0.01650	0.01094	0.04626	0.00941	0.01080	0.00675	0.00488	0.00471	0.00156	0.00722	0.00373	0.00233	0.00752
3	0.01592	0.01171	0.01295	0.01043	0.01349	0.01296	0.00835	0.53886	0.03453	0.02606	0.01320	0.01638	0.01077	0.11427	0.13327	0.00304	0.00681	0.00514	0.00450	0.00735
4	0.01038	0.00879	0.01023	0.00744	0.01163	0.00669	0.00584	0.01248	0.01038	0.01617	0.00969	0.01249	0.00849	0.06952	0.00560	0.00110	0.00389	0.00340	0.00305	0.78274
5	0.01102	0.01033	0.01708	0.31517	0.39858	0.01097	0.01374	0.01401	0.01096	0.01518	0.01056	0.06257	0.00920	0.00543	0.00509	0.00157	0.00599	0.00506	0.00262	0.07488
6	0.16602	0.04325	0.01332	0.01168	0.01437	0.60981	0.00887	0.01892	0.01315	0.01429	0.00807	0.00995	0.00686	0.03489	0.00512	0.00150	0.00806	0.00335	0.00274	0.00579
7	0.00637	0.00461	0.00603	0.00693	0.00744	0.00427	0.00472	0.00749	0.01055	0.01412	0.12873	0.66715	0.08229	0.01515	0.00645	0.00200	0.00288	0.01366	0.00488	0.00427
8	0.01270	0.01219	0.02083	0.03149	0.78767	0.01219	0.01575	0.01575	0.01168	0.01676	0.00965	0.01270	0.00813	0.00457	0.00508	0.00152	0.00610	0.00457	0.00254	0.00813
9	0.00626	0.00463	0.00586	0.00677	0.00736	0.00422	0.00461	0.00729	0.01035	0.01354	0.06385	0.64961	0.16628	0.01530	0.00644	0.00200	0.00289	0.01371	0.00480	0.00422
10	0.01064	0.00912	0.01064	0.00760	0.01216	0.00684	0.00608	0.01292	0.01064	0.01672	0.00912	0.01064	0.00760	0.00380	0.00380	0.00076	0.00380	0.00304	0.00304	0.85104
11	0.01840	0.01330	0.01421	0.01102	0.01480	0.01467	0.00906	0.68587	0.02263	0.03086	0.01281	0.01308	0.00922	0.00614	0.00496	0.00150	0.00528	0.00464	0.09925	0.00829
12	0.01004	0.00945	0.01585	0.64001	0.11149	0.01139	0.02946	0.01354	0.02620	0.01366	0.00962	0.01395	0.00746	0.00675	0.04302	0.00201	0.02307	0.00466	0.00240	0.00597
13	0.01017	0.00958	0.01644	0.49947	0.16956	0.01106	0.06407	0.01318	0.01041	0.01385	0.01049	0.06213	0.00897	0.00688	0.02534	0.02290	0.03168	0.00529	0.00251	0.00602
14	0.01064	0.00912	0.01064	0.00760	0.01216	0.00684	0.00608	0.01292	0.01064	0.01672	0.00912	0.01064	0.00760	0.00380	0.00380	0.00076	0.00380	0.00304	0.00304	0.85104
15	0.02046	0.01284	0.01445	0.01108	0.01515	0.01364	0.00915	0.56838	0.02157	0.23813	0.01447	0.01371	0.00980	0.00621	0.00514	0.00155	0.00530	0.00477	0.00546	0.00873
16	0.00633	0.00498	0.00571	0.00600	0.00721	0.00437	0.00432	0.00770	0.01162	0.01480	0.17206	0.27901	0.43069	0.01349	0.00621	0.00182	0.00268	0.01169	0.00492	0.00437
17	0.00726	0.00524	0.00686	0.00646	0.00767	0.00484	0.00484	0.00968	0.01452	0.02058	0.78496	0.03833	0.04841	0.01049	0.00605	0.00161	0.00242	0.00928	0.00565	0.00484
18	0.01095	0.00696	0.00622	0.00590	0.00739	0.06945	0.00448	0.05953	0.01189	0.01942	0.01576	0.01791	0.01235	0.00593	0.00377	0.00123	0.00315	0.00465	0.72795	0.00512
19	0.01029	0.02654	0.79309	0.01462	0.02221	0.01192	0.01896	0.01625	0.01083	0.01625	0.00921	0.01083	0.00650	0.00487	0.00487	0.00162	0.00758	0.00379	0.00217	0.00758
20	0.01912	0.02121	0.01472	0.01274	0.01582	0.55269	0.00983	0.23942	0.03478	0.01853	0.00951	0.01037	0.00743	0.00558	0.00479	0.00140	0.00808	0.00375	0.00343	0.00681
21	0.00956	0.00478	0.00478	0.00478	0.00598	0.00478	0.00359	0.01196	0.01076	0.01913	0.01674	0.01913	0.01315	0.00598	0.00359	0.00120	0.00239	0.00478	0.84816	0.00478
22	0.00641	0.00460	0.00612	0.00728	0.00769	0.00431	0.00502	0.00743	0.01003	0.01330	0.02876	0.73693	0.05152	0.01585	0.00658	0.00210	0.00311	0.07398	0.00476	0.00422
23	0.00753	0.00571	0.00833	0.00822	0.00900	0.00671	0.00630	0.00914	0.00815	0.01173	0.01366	0.02112	0.01314	0.11785	0.68231	0.00762	0.05059	0.00565	0.00276	0.00448
24	0.01821	0.01344	0.01454	0.01134	0.01513	0.01484	0.00931	0.69354	0.02265	0.03036	0.01378	0.03853	0.02720	0.00815	0.04284	0.00188	0.00588	0.00511	0.00500	0.00829
25	0.00987	0.00908	0.06089	0.03526	0.07316	0.02349	0.13403	0.01223	0.02253	0.07702	0.02103	0.42169	0.03755	0.01075	0.00597	0.00185	0.00482	0.00999	0.00405	0.02473
26	0.01254	0.16400	0.37666	0.02899	0.10462	0.03008	0.06632	0.07750	0.04852	0.02972	0.00992	0.01142	0.00751	0.00496	0.00474	0.00152	0.00676	0.00403	0.00271	0.00749
27	0.26865	0.03055	0.01465	0.09042	0.28661	0.02360	0.02827	0.02682	0.05042	0.07013	0.01145	0.01448	0.01939	0.00549	0.00460	0.00161	0.00528	0.03748	0.00326	0.00687
28	0.01438	0.50206	0.03757	0.01037	0.01406	0.21989	0.03470	0.01608	0.01146	0.01249	0.00896	0.05898	0.00848	0.00620	0.02368	0.00143	0.00666	0.00382	0.00250	0.00625
29	0.12042	0.00848	0.01157	0.24629	0.08420	0.00942	0.00970	0.07339	0.02402	0.01757	0.09236	0.08926	0.03910	0.00845	0.00547	0.00181	0.00500	0.14401	0.00375	0.00574
30	0.00969	0.00912	0.01539	0.80734	0.03534	0.01140	0.01425	0.01311	0.01026	0.01311	0.00912	0.01368	0.00684	0.00513	0.00513	0.00171	0.00684	0.00456	0.00228	0.00570
31	0.01471	0.00724	0.00942	0.00795	0.01055	0.00663	0.00632	0.01775	0.06951	0.36676	0.33212	0.02856	0.06626	0.00858	0.00562	0.00163	0.00348	0.02424	0.00587	0.00680
32	0.00969	0.00912	0.01539	0.80734	0.03534	0.01140	0.01425	0.01311	0.01026	0.01311	0.00912	0.01368	0.00684	0.00513	0.00513	0.00171	0.00684	0.00456	0.00228	0.00570
33	0.02238	0.00857	0.01164	0.00897	0.01282	0.00742	0.00739	0.02439	0.01459	0.75732	0.03598	0.01793	0.01345	0.00643	0.00514	0.00158	0.00428	0.00524	0.02592	0.00856
34	0.00746	0.00497	0.00560	0.00560	0.00560	0.00497	0.00311	0.00746	0.00746	0.00995	0.01617	0.03358	0.01865	0.81967	0.02612	0.00497	0.00497	0.00746	0.00311	0.00311
35	0.01125	0.01130	0.01610	0.01369	0.01383	0.01564	0.03133	0.01246	0.00797	0.01246	0.00683	0.01130	0.00676	0.00886	0.01655	0.00223	0.78901	0.00453	0.00225	0.00565
36	0.00661	0.00548	0.00582	0.00569	0.00737	0.00483	0.00428	0.00875	0.04857	0.01550	0.19032	0.04584	0.60848	0.01223	0.00602	0.00171	0.00263	0.01030	0.00495	0.00461
37	0.00767	0.00551	0.00757	0.00872	0.00969	0.00540	0.00722	0.00962	0.01128	0.01472	0.02815	0.25797	0.05160	0.01464	0.00692	0.00227	0.00420	0.53754	0.00474	0.00457
38	0.01460	0.62577	0.06486	0.00995	0.01417	0.17111	0.00954	0.01641	0.01125	0.01239	0.00740	0.00857	0.00659	0.00459	0.00363	0.00117	0.00633	0.00291	0.00228	0.00651
39	0.01064	0.00912	0.01064	0.00760	0.01216	0.00684	0.00608	0.01292	0.01064	0.01672	0.00912	0.01064	0.00760	0.00380	0.00380	0.00076	0.00380	0.00304	0.00304	0.85104
40	0.01245	0.01253	0.02126	0.14069	0.52784	0.04540	0.13323	0.01568	0.01167	0.01601	0.00962	0.01287	0.00782	0.00464	0.00522	0.00157	0.00674	0.00475	0.00252	0.00750
41	0.85592	0.00992	0.00754	0.00675	0.00992	0.01151	0.00556	0.01508	0.00873	0.02302	0.00714	0.00834	0.00556	0.00476	0.00318	0.00159	0.00397	0.00278	0.00318	0.00556
42	0.00711	0.00537	0.00641	0.00646	0.00756	0.00504	0.00464	0.00930	0.05224	0.01611	0.30693	0.19303	0.21821	0.11110	0.00859	0.00217	0.00302	0.02728	0.00491	0.00454
43	0.00671	0.00490	0.00624	0.00698	0.00764	0.00458	0.00482	0.02773	0.01097	0.01459	0.12199	0.62136	0.11280	0.01482	0.00640	0.00198	0.00294	0.01329	0.00488	0.00439
44	0.01190	0.39964	0.43405	0.01189	0.01797	0.01585	0.01419	0.01583	0.01064	0.01429	0.00824	0.00961	0.00654	0.00465	0.00413	0.00138	0.00660	0.00330	0.00218	0.00712
45	0.00869	0.00644	0.00852	0.00928	0.01066	0.00660	0.00792	0.01247	0.10123	0.01657	0.09892	0.05150	0.02972	0.01298	0.00677	0.00222	0.00443	0.59506	0.00487	0.00513
46	0.00625	0.00465	0.00577	0.00664	0.00726	0.00423	0.00451	0.00721	0.01019	0.01318	0.03347	0.61183	0.21003	0.04034	0.00704	0.00209	0.00295	0.01348	0.00471	0.00417
47	0.11637	0.00563	0.00638	0.00673	0.00800	0.00538	0.00484	0.00942	0.01061	0.06294	0.06056	0.45337	0.20503	0.01308	0.00590	0.00189	0.00308	0.01140	0.00469	0.00469
48	0.00682	0.00516	0.00594	0.00581	0.00722	0.00458	0.00433	0.00867	0.01282	0.01713	0.37373	0.07299	0.38134	0.01157	0.00592	0.00166	0.00252	0.00992	0.05728	0.00458
49	0.00746	0.00497	0.00560	0.00560	0.00560	0.00497	0.00311	0.00746	0.00746	0.00995	0.01617	0.03358	0.01865	0.81967	0.02612	0.00497	0.00497	0.00746	0.00311	0.00311
50	0.00766	0.00634	0.00866	0.02806	0.00961	0.00725	0.00656	0.00885	0.00991	0.01375	0.10575	0.49560	0.04681	0.01338	0.00897	0.00205	0.20077	0.01120	0.00418	0.00464
51	0.01029	0.02654	0.79309	0.01462	0.02221	0.01192	0.01896	0.01625	0.01083	0.01625	0.00921	0.01083	0.00650	0.00487	0.00487	0.00162	0.00758	0.00379	0.00217	0.00758
52	0.01254	0.10075	0.38177	0.01804	0.18876	0.09521	0.07328	0.04203	0.01191	0.01612	0.00916	0.01110	0.00705	0.00480	0.00484	0.00152	0.00724	0.00401	0.00243	0.00742
53	0.01055	0.01025	0.01803	0.53862	0.15596	0.01152	0.11414	0.01397	0.01076	0.01432	0.00937	0.01340	0.00721	0.00487	0.00518	0.00164	0.00681	0.00469	0.00240	0.04632
54	0.57362	0.11401	0.01120	0.00782	0.01113	0.01246	0.02374	0.05542	0.04681	0.03904	0.05651	0.01123	0.00920	0.00527	0.00368	0.00153	0.00428	0.00354	0.00346	0.00604
55	0.17818	0.28192	0.04249	0.01007	0.01366	0.14392	0.04439	0.10077	0.01260	0.02996	0.04013	0.06073	0.01012	0.00582	0.00422	0.00142	0.00575	0.00428	0.00317	0.00639
56	0.38232	0.01419	0.21766	0.03267	0.04863	0.01107	0.01006	0.05802	0.03210	0.03899	0.02791	0.02794	0.05231	0.00575	0.00428	0.00160	0.00508	0.00424	0.00327	0.02192

[dist]
# distance from previous block
# <min> <max>
6	20

[block]
# block no. 5 follows, 48 sequences, length 54
# corresponding to MSA columns:
# 379-432
name=unknown_F
#
# <colnr> <probs for GDERKNQSTAVLIFYWHMCP>
#	G	D	E	R	K	N	Q	S	T	A	V	L	I	F	Y	W	H	M	C	P
0	0.04870	0.30873	0.24014	0.02204	0.03987	0.11215	0.01171	0.01697	0.03879	0.06024	0.02638	0.01111	0.00828	0.00548	0.01531	0.00147	0.00643	0.00363	0.00274	0.01983
1	0.06509	0.26924	0.03433	0.02585	0.04128	0.10545	0.00883	0.16745	0.01436	0.10680	0.06963	0.01425	0.02897	0.02162	0.00487	0.00146	0.00553	0.00435	0.00372	0.00693
2	0.08589	0.04474	0.07777	0.01182	0.05492	0.05860	0.05046	0.17588	0.14646	0.09655	0.01361	0.01456	0.01023	0.00579	0.00475	0.00151	0.00529	0.01808	0.06949	0.05359
3	0.01522	0.28403	0.12459	0.01162	0.02929	0.20238	0.01056	0.14059	0.08259	0.01721	0.03011	0.01134	0.00886	0.00535	0.00440	0.00137	0.00650	0.00380	0.00314	0.00704
4	0.08892	0.00939	0.01517	0.69411	0.05000	0.01147	0.03325	0.01344	0.01020	0.01421	0.00898	0.01316	0.00677	0.00506	0.00497	0.00169	0.00660	0.00443	0.00238	0.00577
5	0.00621	0.00506	0.00550	0.00574	0.00714	0.00435	0.00420	0.00751	0.01148	0.01412	0.08949	0.20471	0.57758	0.01349	0.00618	0.00181	0.00270	0.02358	0.00482	0.00433
6	0.01190	0.09305	0.09802	0.01002	0.01288	0.10482	0.01883	0.04536	0.13321	0.06267	0.04885	0.16708	0.06316	0.00919	0.00547	0.00173	0.00510	0.09830	0.00415	0.00622
7	0.01305	0.00959	0.01200	0.07045	0.01472	0.00823	0.02476	0.06837	0.03228	0.12873	0.01128	0.01227	0.00857	0.00453	0.00428	0.00106	0.00436	0.00371	0.00365	0.56411
8	0.00768	0.00581	0.00748	0.00753	0.00769	0.00644	0.00517	0.00815	0.00844	0.01154	0.01929	0.30978	0.03630	0.33497	0.03116	0.03884	0.13684	0.00943	0.00355	0.00391
9	0.00633	0.00454	0.00601	0.00704	0.00745	0.00422	0.00475	0.00735	0.01023	0.01370	0.08746	0.73743	0.05332	0.01557	0.00650	0.00204	0.00292	0.01408	0.00483	0.00422
10	0.85592	0.00992	0.00754	0.00675	0.00992	0.01151	0.00556	0.01508	0.00873	0.02302	0.00714	0.00834	0.00556	0.00476	0.00318	0.00159	0.00397	0.00278	0.00318	0.00556
11	0.01165	0.02893	0.01637	0.24709	0.24625	0.04465	0.04360	0.01704	0.17107	0.01657	0.07171	0.01607	0.01229	0.00583	0.00551	0.00164	0.02841	0.00515	0.00325	0.00693
12	0.00891	0.00446	0.00668	0.00668	0.00668	0.00446	0.00446	0.00668	0.00668	0.00891	0.00891	0.01560	0.00891	0.01783	0.02005	0.85071	0.00446	0.00446	0.00223	0.00223
13	0.01308	0.01621	0.21887	0.02424	0.47657	0.01267	0.01569	0.12738	0.01330	0.01893	0.00993	0.01216	0.00780	0.00488	0.00503	0.00155	0.00641	0.00438	0.00283	0.00808
14	0.85592	0.00992	0.00754	0.00675	0.00992	0.01151	0.00556	0.01508	0.00873	0.02302	0.00714	0.00834	0.00556	0.00476	0.00318	0.00159	0.00397	0.00278	0.00318	0.00556
15	0.01062	0.01026	0.01572	0.26897	0.07484	0.01332	0.03053	0.01275	0.00907	0.01310	0.00835	0.01281	0.00734	0.00887	0.05414	0.00232	0.41895	0.00462	0.01766	0.00578
16	0.01899	0.01301	0.01433	0.01116	0.01499	0.01410	0.00914	0.62941	0.02201	0.12005	0.01437	0.06942	0.01096	0.00688	0.00524	0.00158	0.00531	0.00538	0.00525	0.00841
17	0.00711	0.00554	0.00716	0.06364	0.02109	0.00523	0.00548	0.00915	0.01288	0.01730	0.42722	0.11956	0.24256	0.01134	0.00605	0.00171	0.00294	0.02429	0.00501	0.00474
18	0.01256	0.01084	0.01141	0.01028	0.01315	0.01250	0.00799	0.02665	0.75481	0.02123	0.02184	0.02007	0.03935	0.00715	0.00525	0.00174	0.00402	0.00596	0.00521	0.00801
19	0.01249	0.01224	0.02034	0.11470	0.58764	0.03272	0.07340	0.01620	0.04933	0.01646	0.01016	0.01312	0.00829	0.00475	0.00516	0.00157	0.00636	0.00471	0.00265	0.00771
20	0.00969	0.00912	0.01539	0.80734	0.03534	0.01140	0.01425	0.01311	0.01026	0.01311	0.00912	0.01368	0.00684	0.00513	0.00513	0.00171	0.00684	0.00456	0.00228	0.00570
21	0.01753	0.01339	0.01428	0.01141	0.01516	0.01499	0.00927	0.55247	0.24543	0.02915	0.01483	0.01432	0.01076	0.00639	0.00516	0.00160	0.00518	0.00497	0.00516	0.00855
22	0.85592	0.00992	0.00754	0.00675	0.00992	0.01151	0.00556	0.01508	0.00873	0.02302	0.00714	0.00834	0.00556	0.00476	0.00318	0.00159	0.00397	0.00278	0.00318	0.00556
23	0.00727	0.00532	0.00687	0.00669	0.00794	0.00492	0.00515	0.00957	0.01394	0.01933	0.62670	0.04167	0.11591	0.01116	0.00617	0.00171	0.00271	0.09673	0.00546	0.00478
24	0.00733	0.00550	0.00825	0.00825	0.00916	0.00641	0.00641	0.00916	0.00825	0.01191	0.01374	0.02016	0.01283	0.03848	0.79934	0.00825	0.01374	0.00550	0.00275	0.00458
25	0.85592	0.00992	0.00754	0.00675	0.00992	0.01151	0.00556	0.01508	0.00873	0.02302	0.00714	0.00834	0.00556	0.00476	0.00318	0.00159	0.00397	0.00278	0.00318	0.00556
26	0.02161	0.01099	0.01331	0.01020	0.01423	0.01090	0.00843	0.32383	0.01847	0.48705	0.01707	0.01540	0.01111	0.00627	0.00515	0.00157	0.00488	0.00494	0.00586	0.00873
27	0.01276	0.01102	0.01160	0.01044	0.01334	0.01276	0.00812	0.02727	0.77840	0.02146	0.02088	0.01914	0.01566	0.00696	0.00522	0.00174	0.00406	0.00580	0.00522	0.00812
28	0.00656	0.02383	0.00629	0.00629	0.00758	0.00482	0.00469	0.00791	0.01133	0.01419	0.09351	0.27322	0.43343	0.01362	0.00623	0.00186	0.00294	0.07255	0.00476	0.00440
29	0.02020	0.03614	0.01266	0.00958	0.01332	0.00977	0.00787	0.13466	0.11605	0.52081	0.05042	0.01749	0.01378	0.00651	0.00514	0.00159	0.00447	0.00526	0.00586	0.00842
30	0.01096	0.02377	0.62114	0.01722	0.11955	0.03255	0.07102	0.01631	0.01113	0.01623	0.00931	0.01124	0.00680	0.00481	0.00498	0.00161	0.00751	0.00404	0.00226	0.00756
31	0.06955	0.00990	0.07176	0.00931	0.01318	0.00807	0.00818	0.03257	0.01360	0.58836	0.03547	0.01705	0.01257	0.00908	0.07525	0.00218	0.00539	0.00503	0.00549	0.00800
32	0.01395	0.57112	0.07199	0.00985	0.01390	0.13985	0.00944	0.02835	0.01115	0.01274	0.00799	0.00955	0.00710	0.00723	0.06529	0.00173	0.00685	0.00314	0.00235	0.00643
33	0.01174	0.00984	0.01065	0.00972	0.01221	0.01114	0.00748	0.04982	0.58987	0.02091	0.10551	0.10135	0.02087	0.00824	0.00544	0.00175	0.00383	0.00703	0.00522	0.00738
34	0.00973	0.07078	0.01137	0.00916	0.03247	0.02588	0.05976	0.01399	0.13368	0.03903	0.43105	0.02989	0.07681	0.02661	0.00607	0.00167	0.00373	0.00768	0.00486	0.00579
35	0.01591	0.00806	0.01018	0.00836	0.01110	0.00765	0.00661	0.10395	0.04743	0.36377	0.26489	0.02490	0.02431	0.07068	0.00707	0.00186	0.00392	0.00663	0.00569	0.00702
36	0.01031	0.00771	0.00944	0.07017	0.01193	0.00812	0.00684	0.20478	0.02838	0.01981	0.19345	0.30883	0.04439	0.02700	0.02279	0.00198	0.00411	0.00948	0.00480	0.00567
37	0.00675	0.00505	0.00686	0.00759	0.00801	0.00516	0.00534	0.00788	0.00990	0.01350	0.08399	0.61988	0.03109	0.01768	0.09448	0.00274	0.05272	0.01257	0.00446	0.00435
38	0.02738	0.15881	0.57430	0.01443	0.04082	0.01340	0.07058	0.01608	0.01084	0.01570	0.00891	0.01061	0.00663	0.00474	0.00467	0.00154	0.00720	0.00378	0.00223	0.00734
39	0.00836	0.00653	0.00917	0.06638	0.07403	0.00657	0.00825	0.01078	0.02469	0.01508	0.04909	0.06215	0.14306	0.04364	0.00730	0.00222	0.00456	0.44880	0.00436	0.00499
40	0.03734	0.48539	0.02140	0.01074	0.03121	0.27817	0.00921	0.01688	0.01183	0.01276	0.00825	0.01065	0.00752	0.00509	0.00392	0.00124	0.00668	0.03292	0.00248	0.00631
41	0.02708	0.42075	0.19749	0.04014	0.07353	0.08223	0.01192	0.05223	0.01154	0.01460	0.00817	0.00968	0.00678	0.00479	0.00429	0.00134	0.02079	0.00335	0.00241	0.00691
42	0.01492	0.12026	0.09107	0.03779	0.28861	0.29316	0.02328	0.03388	0.01271	0.01486	0.00896	0.01135	0.00750	0.00500	0.00472	0.00143	0.00731	0.01361	0.00258	0.00700
43	0.65058	0.05168	0.00989	0.00809	0.02711	0.03267	0.00651	0.07446	0.01064	0.07677	0.00854	0.00939	0.00644	0.00497	0.00355	0.00155	0.00439	0.00314	0.00347	0.00614
44	0.01168	0.01393	0.08565	0.06808	0.12719	0.01262	0.49919	0.01564	0.01158	0.01595	0.01107	0.01429	0.02946	0.00497	0.00642	0.00172	0.05546	0.00563	0.00258	0.00691
45	0.00648	0.00475	0.00612	0.00698	0.00762	0.00438	0.00490	0.00769	0.01071	0.01416	0.11288	0.57905	0.13329	0.01494	0.00647	0.00201	0.00299	0.06542	0.00486	0.00430
46	0.00781	0.00655	0.00764	0.00812	0.06291	0.00624	0.00558	0.01143	0.12392	0.01686	0.22851	0.03963	0.43389	0.01090	0.00587	0.00169	0.00301	0.00927	0.00490	0.00528
47	0.01146	0.01280	0.02758	0.02002	0.02467	0.01200	0.68433	0.01541	0.01186	0.01607	0.01236	0.10278	0.01068	0.00563	0.00611	0.00177	0.00802	0.00700	0.00284	0.00662
48	0.02928	0.60412	0.16014	0.00990	0.01471	0.01807	0.01046	0.01644	0.06995	0.01375	0.00856	0.00954	0.00725	0.00468	0.00372	0.00125	0.00572	0.00317	0.00244	0.00686
49	0.00796	0.00730	0.00727	0.00687	0.00870	0.06337	0.02247	0.01052	0.07492	0.01506	0.12165	0.04160	0.51482	0.04370	0.00672	0.00184	0.00348	0.03229	0.00462	0.00484
50	0.01357	0.01106	0.01195	0.03501	0.02637	0.02290	0.00832	0.19571	0.43490	0.03490	0.02155	0.04171	0.09026	0.00762	0.00534	0.00170	0.00446	0.02006	0.00498	0.00763
51	0.01818	0.01363	0.01470	0.03006	0.01585	0.01519	0.00953	0.63724	0.12849	0.03016	0.01351	0.01341	0.00972	0.00624	0.00512	0.00157	0.00540	0.00479	0.01872	0.00851
52	0.01287	0.06786	0.01285	0.01082	0.03695	0.01283	0.00837	0.08203	0.57269	0.02100	0.03372	0.02060	0.03558	0.00720	0.00520	0.00170	0.00431	0.04078	0.00489	0.00774
53	0.03858	0.02955	0.01519	0.06964	0.11792	0.02900	0.01024	0.43315	0.06992	0.05805	0.01280	0.03778	0.00983	0.00686	0.02330	0.00171	0.00573	0.00490	0.00439	0.02147

[dist]
# distance from previous block
# <min> <max>
1	10

[block]
# block no. 6 follows, 48 sequences, length 57
# corresponding to MSA columns:
# 443-499
name=unknown_G
#
# <colnr> <probs for GDERKNQSTAVLIFYWHMCP>
#	G	D	E	R	K	N	Q	S	T	A	V	L	I	F	Y	W	H	M	C	P
0	0.00953	0.00811	0.01155	0.01181	0.11675	0.00809	0.07006	0.03394	0.14201	0.01948	0.39081	0.03004	0.10921	0.00873	0.00576	0.00164	0.00382	0.00782	0.00480	0.00606
