[name]
unknown

[dist]
# distance from previous block
# <min> <max>
0	42

[block]
# block no. 0 follows, 45 sequences, length 7
# corresponding to MSA columns:
# 45-51
name=unknown_A
#
# <colnr> <probs for GDERKNQSTAVLIFYWHMCP>
#	G	D	E	R	K	N	Q	S	T	A	V	L	I	F	Y	W	H	M	C	P
0	0.00989	0.00740	0.01016	0.01171	0.07111	0.00749	0.00920	0.07367	0.01341	0.01759	0.02676	0.05255	0.05756	0.01330	0.00704	0.00230	0.00504	0.59345	0.00480	0.00555
1	0.01237	0.01410	0.07491	0.08479	0.06287	0.01299	0.46289	0.03658	0.07129	0.01755	0.01186	0.03500	0.00933	0.00535	0.00629	0.00177	0.03153	0.00598	0.00300	0.03955
2	0.01534	0.01181	0.01428	0.01124	0.01494	0.01224	0.05747	0.27177	0.15388	0.07217	0.01474	0.04719	0.01178	0.03881	0.00666	0.00169	0.04245	0.00536	0.00457	0.19159
3	0.01265	0.01149	0.01431	0.06507	0.01614	0.07469	0.07979	0.06393	0.01224	0.04387	0.01187	0.09061	0.01070	0.00644	0.00646	0.00142	0.10267	0.00518	0.00339	0.36708
4	0.01195	0.00790	0.00874	0.00800	0.00991	0.00843	0.00622	0.18711	0.06718	0.02157	0.01860	0.11114	0.01666	0.04191	0.05605	0.00219	0.00451	0.05460	0.35128	0.00605
5	0.01189	0.00793	0.01080	0.03989	0.01249	0.00777	0.05586	0.09689	0.03966	0.12974	0.05249	0.31432	0.03667	0.08445	0.00807	0.00219	0.00449	0.03737	0.00484	0.04218
6	0.06312	0.18898	0.06604	0.04596	0.01544	0.09658	0.02758	0.14570	0.03728	0.01844	0.01244	0.04079	0.03871	0.00674	0.00649	0.00162	0.11826	0.00477	0.05827	0.00679

[dist]
# distance from previous block
# <min> <max>
35	108

[block]
# block no. 1 follows, 45 sequences, length 18
# corresponding to MSA columns:
# 165-182
name=unknown_B
#
# <colnr> <probs for GDERKNQSTAVLIFYWHMCP>
#	G	D	E	R	K	N	Q	S	T	A	V	L	I	F	Y	W	H	M	C	P
0	0.33820	0.01124	0.01525	0.13916	0.34473	0.01221	0.01185	0.01605	0.01088	0.04100	0.00930	0.01181	0.00739	0.00500	0.00455	0.00165	0.00558	0.00407	0.00299	0.00709
1	0.29118	0.01378	0.02859	0.03315	0.21042	0.12568	0.07228	0.01653	0.01138	0.01881	0.00885	0.01104	0.00718	0.00500	0.00487	0.00154	0.02938	0.00389	0.00294	0.10351
2	0.01296	0.01212	0.02061	0.14517	0.60272	0.01234	0.03538	0.01619	0.01204	0.03399	0.01026	0.01350	0.00838	0.00487	0.00530	0.00160	0.00644	0.00478	0.00273	0.03862
3	0.04334	0.25218	0.46845	0.01304	0.01953	0.01470	0.03353	0.01730	0.01143	0.06640	0.00972	0.01099	0.00725	0.00504	0.00461	0.00154	0.00697	0.00376	0.00261	0.00762
4	0.02005	0.02558	0.01521	0.01383	0.01659	0.78980	0.01037	0.02143	0.01521	0.01314	0.00830	0.00968	0.00691	0.00553	0.00484	0.00138	0.00968	0.00346	0.00277	0.00622
5	0.00741	0.00548	0.00691	0.00655	0.00790	0.00498	0.00491	0.00976	0.01474	0.02045	0.66454	0.04187	0.16182	0.01138	0.00633	0.00171	0.00256	0.00996	0.00577	0.00498
6	0.00932	0.00466	0.00699	0.00699	0.00699	0.00466	0.00466	0.00699	0.00699	0.00932	0.00932	0.01632	0.00932	0.01865	0.02098	0.84382	0.00466	0.00466	0.00233	0.00233
7	0.02041	0.01504	0.01611	0.01235	0.01665	0.01665	0.01020	0.75997	0.02524	0.03383	0.01289	0.01289	0.00913	0.00644	0.00537	0.00161	0.00591	0.00483	0.00537	0.00913
8	0.00861	0.00695	0.00908	0.05974	0.01136	0.00669	0.04311	0.07197	0.01444	0.01913	0.34978	0.05821	0.29847	0.01098	0.00621	0.00175	0.00352	0.00952	0.00512	0.00536
9	0.01388	0.71036	0.12819	0.00999	0.01503	0.02008	0.01060	0.01620	0.01096	0.01321	0.00775	0.00897	0.00688	0.00466	0.00366	0.00122	0.00603	0.00302	0.00229	0.00703
10	0.01748	0.02295	0.07775	0.01294	0.01594	0.61540	0.01040	0.01935	0.01458	0.01406	0.06137	0.01418	0.04789	0.00712	0.02456	0.00163	0.00884	0.00436	0.00304	0.00617
11	0.01314	0.22875	0.42894	0.01264	0.01890	0.05853	0.01463	0.01733	0.01169	0.06608	0.00975	0.01097	0.00735	0.00500	0.00458	0.00146	0.00692	0.00368	0.00267	0.07698
12	0.00980	0.00975	0.09407	0.07609	0.02785	0.00808	0.09313	0.01316	0.04925	0.05441	0.06733	0.21730	0.07913	0.01107	0.00637	0.00201	0.00514	0.16584	0.00434	0.00588
13	0.02149	0.04923	0.01361	0.07505	0.01564	0.00946	0.00860	0.08173	0.01553	0.59024	0.04950	0.01793	0.01365	0.00660	0.00533	0.00164	0.00486	0.00535	0.00595	0.00860
14	0.01567	0.01436	0.13823	0.05591	0.27238	0.03038	0.03075	0.10843	0.01421	0.17268	0.01288	0.01416	0.00940	0.00549	0.00519	0.00159	0.00609	0.00473	0.04528	0.04218
15	0.05630	0.01213	0.08082	0.04093	0.13340	0.06222	0.03780	0.01860	0.05841	0.21984	0.03690	0.01967	0.01326	0.01054	0.09599	0.00250	0.00679	0.06136	0.00419	0.02835
16	0.05437	0.06872	0.18922	0.05440	0.13109	0.01179	0.09075	0.04613	0.01301	0.19988	0.03402	0.01589	0.04117	0.00596	0.00546	0.00166	0.01983	0.00509	0.00380	0.00776
17	0.01675	0.11092	0.06937	0.07402	0.20274	0.01293	0.05116	0.13629	0.01479	0.21482	0.01356	0.01532	0.01006	0.00584	0.00522	0.00162	0.00602	0.02631	0.00409	0.00817

[dist]
# distance from previous block
# <min> <max>
18	60

[block]
# block no. 2 follows, 45 sequences, length 80
# corresponding to MSA columns:
# 248-327
name=unknown_C
#
# <colnr> <probs for GDERKNQSTAVLIFYWHMCP>
#	G	D	E	R	K	N	Q	S	T	A	V	L	I	F	Y	W	H	M	C	P
0	0.27226	0.13196	0.09707	0.01013	0.02533	0.11325	0.00896	0.06719	0.04708	0.01885	0.01187	0.01365	0.04023	0.02252	0.08305	0.00231	0.00662	0.00415	0.01708	0.00644
1	0.27043	0.14243	0.04984	0.02540	0.02939	0.01371	0.00838	0.15846	0.09417	0.04779	0.01164	0.01389	0.00947	0.08141	0.00647	0.00191	0.00515	0.00428	0.00380	0.02200
2	0.14630	0.01011	0.01438	0.46432	0.08726	0.03372	0.02556	0.01461	0.04352	0.01612	0.01166	0.08815	0.01013	0.00641	0.00518	0.00178	0.00621	0.00550	0.00295	0.00613
3	0.00824	0.00622	0.00842	0.00910	0.08049	0.00577	0.00606	0.01068	0.01456	0.03212	0.60409	0.03863	0.13384	0.01064	0.00622	0.00169	0.00295	0.00937	0.00550	0.00539
4	0.00730	0.00531	0.00714	0.00800	0.00883	0.00515	0.00607	0.00893	0.01132	0.01508	0.10599	0.40038	0.08808	0.01766	0.08065	0.00279	0.00457	0.20724	0.00487	0.00464
5	0.00914	0.00580	0.00749	0.00700	0.00853	0.00525	0.00527	0.01137	0.01448	0.10136	0.55790	0.11111	0.11203	0.01130	0.00628	0.00174	0.00282	0.00992	0.00582	0.00538
6	0.01947	0.01457	0.01558	0.01216	0.01629	0.01621	0.00998	0.66293	0.12380	0.03232	0.01408	0.01383	0.01009	0.00656	0.00538	0.00164	0.00569	0.00500	0.00538	0.00904
7	0.58939	0.01096	0.01012	0.00835	0.01205	0.01198	0.02448	0.11614	0.01187	0.05613	0.00909	0.01009	0.00687	0.00512	0.00383	0.00156	0.00450	0.00338	0.00371	0.10041
8	0.09283	0.01083	0.01254	0.00978	0.01386	0.02528	0.00799	0.15220	0.07030	0.40592	0.01667	0.01544	0.01125	0.00611	0.00500	0.00154	0.00476	0.00478	0.00548	0.12747
9	0.00822	0.00595	0.00810	0.00919	0.01039	0.00583	0.00781	0.01045	0.01223	0.01585	0.05046	0.12959	0.09691	0.01481	0.00724	0.00237	0.00451	0.59026	0.00498	0.00486
10	0.00741	0.00557	0.00711	0.00751	0.00862	0.00489	0.00518	0.00858	0.01036	0.01429	0.02555	0.63929	0.03001	0.03911	0.00696	0.00202	0.00334	0.01284	0.00460	0.15675
11	0.00831	0.00628	0.00795	0.00840	0.00989	0.00614	0.00695	0.01151	0.06894	0.01741	0.19459	0.05135	0.18314	0.01319	0.00682	0.00212	0.00393	0.38277	0.00520	0.00515
12	0.01096	0.04305	0.73158	0.01602	0.05929	0.01266	0.01945	0.01696	0.01137	0.01694	0.00961	0.01137	0.00688	0.00507	0.00508	0.00168	0.00781	0.00398	0.00229	0.00794
13	0.00978	0.02409	0.00898	0.00773	0.00964	0.00748	0.00598	0.12381	0.05336	0.02222	0.50424	0.05769	0.12314	0.01044	0.00610	0.00170	0.00323	0.00899	0.00560	0.00580
14	0.01116	0.07579	0.67063	0.01556	0.02306	0.01311	0.08368	0.01696	0.01142	0.01674	0.00960	0.01144	0.00692	0.00502	0.00510	0.00168	0.00789	0.00410	0.00231	0.00781
15	0.01356	0.01286	0.08023	0.03136	0.06245	0.01294	0.01010	0.02631	0.60120	0.05793	0.01973	0.01863	0.01469	0.00686	0.00542	0.00179	0.00479	0.00574	0.00499	0.00842
16	0.00762	0.00550	0.00721	0.00683	0.00809	0.00509	0.00515	0.01015	0.01513	0.02140	0.75725	0.04058	0.05018	0.01107	0.00636	0.00171	0.00259	0.02714	0.00589	0.00506
17	0.00654	0.00467	0.00623	0.00747	0.00779	0.00436	0.00498	0.00747	0.01028	0.01370	0.02959	0.80785	0.03550	0.01682	0.00685	0.00218	0.00311	0.01526	0.00498	0.00436
18	0.01258	0.01422	0.03024	0.02182	0.02674	0.01384	0.68808	0.01679	0.01225	0.01679	0.01050	0.01422	0.00804	0.00498	0.00740	0.00186	0.08366	0.00618	0.00268	0.00711
19	0.01408	0.01113	0.01207	0.01052	0.01382	0.01229	0.00824	0.02690	0.63113	0.08830	0.02063	0.01904	0.01532	0.00692	0.00532	0.00171	0.00425	0.00574	0.00535	0.08723
20	0.01233	0.01550	0.11211	0.02054	0.02619	0.01289	0.61190	0.01685	0.01239	0.01720	0.01061	0.01384	0.00798	0.00454	0.00599	0.00171	0.00848	0.00580	0.00271	0.08043
21	0.01088	0.05215	0.76013	0.01511	0.02294	0.01274	0.01950	0.01697	0.01132	0.01686	0.00957	0.01125	0.00680	0.00508	0.00505	0.00168	0.00787	0.00393	0.00227	0.00790
22	0.01232	0.01060	0.01349	0.00973	0.01451	0.00880	0.07249	0.09891	0.01287	0.01933	0.01004	0.01162	0.00810	0.00430	0.00434	0.00098	0.00464	0.00364	0.00339	0.67588
23	0.00772	0.00551	0.00712	0.00690	0.00798	0.00518	0.00512	0.00989	0.01390	0.01947	0.60202	0.04118	0.04450	0.12511	0.00941	0.00226	0.00312	0.07339	0.00545	0.00480
24	0.00850	0.00613	0.00670	0.00615	0.00838	0.00510	0.00470	0.01006	0.01254	0.08730	0.08146	0.05942	0.58734	0.01204	0.00606	0.00171	0.00300	0.01006	0.00503	0.07834
25	0.01282	0.01318	0.01698	0.24163	0.32646	0.15252	0.01353	0.01558	0.01225	0.01529	0.01297	0.05714	0.03420	0.00651	0.00547	0.00169	0.00684	0.04516	0.00291	0.00685
26	0.01113	0.00954	0.01113	0.00795	0.01272	0.00716	0.00636	0.01352	0.01113	0.01749	0.00954	0.01113	0.00795	0.00398	0.00398	0.00080	0.00398	0.00318	0.00318	0.84417
27	0.01536	0.00940	0.02718	0.01006	0.03791	0.02206	0.00775	0.16465	0.01595	0.25015	0.15714	0.17768	0.04704	0.00965	0.00590	0.00177	0.00435	0.02329	0.00555	0.00714
28	0.00932	0.00466	0.00699	0.00699	0.00699	0.00466	0.00466	0.00699	0.00699	0.00932	0.00932	0.01632	0.00932	0.01865	0.02098	0.84382	0.00466	0.00466	0.00233	0.00233
29	0.01680	0.16554	0.01699	0.06866	0.01682	0.39692	0.00990	0.08830	0.03009	0.01558	0.00936	0.01102	0.00774	0.00703	0.04304	0.00170	0.00804	0.00372	0.00300	0.07978
30	0.01317	0.01137	0.01196	0.01078	0.01378	0.01312	0.00838	0.02798	0.74848	0.02225	0.02270	0.02085	0.03616	0.00745	0.00548	0.00182	0.00421	0.00621	0.00545	0.00839
31	0.00781	0.00520	0.00585	0.00585	0.00585	0.00520	0.00325	0.00781	0.00781	0.01041	0.01691	0.03513	0.01952	0.81135	0.02732	0.00520	0.00520	0.00781	0.00325	0.00325
32	0.01914	0.00834	0.01083	0.00868	0.01200	0.00754	0.00703	0.05554	0.02774	0.51387	0.14318	0.02288	0.04546	0.00755	0.00543	0.00163	0.00404	0.00625	0.08495	0.00792
33	0.01991	0.01455	0.01558	0.01200	0.01615	0.01609	0.00989	0.72406	0.02457	0.03317	0.01311	0.01323	0.00935	0.00643	0.00529	0.00159	0.00574	0.00484	0.04552	0.00893
34	0.02039	0.01554	0.01607	0.01242	0.01664	0.05378	0.01021	0.72449	0.02476	0.03284	0.01267	0.01273	0.00902	0.00640	0.00534	0.00160	0.00609	0.00477	0.00524	0.00899
35	0.00891	0.00760	0.00804	0.00791	0.00924	0.07420	0.00580	0.01207	0.08470	0.01860	0.41811	0.23575	0.06486	0.01176	0.00625	0.00181	0.00348	0.01032	0.00532	0.00529
36	0.02003	0.01422	0.01513	0.01175	0.01582	0.03559	0.00965	0.62146	0.04279	0.09765	0.01395	0.01380	0.00985	0.00645	0.00528	0.00160	0.00568	0.00489	0.04556	0.00884
37	0.84927	0.01038	0.00789	0.00706	0.01038	0.01204	0.00581	0.01578	0.00914	0.02408	0.00747	0.00872	0.00581	0.00498	0.00332	0.00166	0.00415	0.00291	0.00332	0.00581
38	0.00726	0.00637	0.00628	0.00612	0.00785	0.04050	0.00459	0.00889	0.01305	0.01606	0.21809	0.04708	0.57378	0.01262	0.00627	0.00176	0.00299	0.01060	0.00510	0.00473
39	0.00932	0.00466	0.00699	0.00699	0.00699	0.00466	0.00466	0.00699	0.00699	0.00932	0.00932	0.01632	0.00932	0.01865	0.02098	0.84382	0.00466	0.00466	0.00233	0.00233
40	0.01294	0.01260	0.02212	0.10411	0.64261	0.01275	0.08114	0.01628	0.01212	0.01715	0.01011	0.01349	0.00834	0.00482	0.00541	0.00163	0.00668	0.00492	0.00264	0.00815
41	0.84927	0.01038	0.00789	0.00706	0.01038	0.01204	0.00581	0.01578	0.00914	0.02408	0.00747	0.00872	0.00581	0.00498	0.00332	0.00166	0.00415	0.00291	0.00332	0.00581
42	0.00765	0.00567	0.00717	0.00680	0.00815	0.00528	0.00509	0.01047	0.04024	0.02074	0.66723	0.06042	0.11243	0.01123	0.00632	0.00172	0.00262	0.00987	0.00579	0.00512
43	0.84927	0.01038	0.00789	0.00706	0.01038	0.01204	0.00581	0.01578	0.00914	0.02408	0.00747	0.00872	0.00581	0.00498	0.00332	0.00166	0.00415	0.00291	0.00332	0.00581
44	0.02408	0.00914	0.01246	0.00955	0.01370	0.00789	0.00789	0.02616	0.01536	0.78158	0.02118	0.01827	0.01329	0.00664	0.00540	0.00166	0.00457	0.00540	0.00664	0.00914
45	0.01052	0.00615	0.00804	0.00719	0.00901	0.00555	0.00552	0.01291	0.01506	0.15909	0.59854	0.03677	0.08377	0.01033	0.00616	0.00169	0.00291	0.00901	0.00599	0.00577
46	0.00780	0.00523	0.00599	0.00599	0.00604	0.00528	0.00342	0.00789	0.00785	0.01051	0.01679	0.03444	0.01922	0.77378	0.06448	0.00537	0.00565	0.00771	0.00323	0.00333
47	0.02041	0.01504	0.01611	0.01235	0.01665	0.01665	0.01020	0.75997	0.02524	0.03383	0.01289	0.01289	0.00913	0.00644	0.00537	0.00161	0.00591	0.00483	0.00537	0.00913
48	0.01113	0.00954	0.01113	0.00795	0.01272	0.00716	0.00636	0.01352	0.01113	0.01749	0.00954	0.01113	0.00795	0.00398	0.00398	0.00080	0.00398	0.00318	0.00318	0.84417
49	0.00722	0.00589	0.00605	0.00590	0.00762	0.00522	0.00436	0.04391	0.01237	0.01500	0.04777	0.04813	0.64184	0.10153	0.00864	0.00219	0.00319	0.02374	0.00481	0.00462
50	0.01360	0.01205	0.01225	0.01103	0.01406	0.04190	0.00857	0.02826	0.74049	0.02211	0.02135	0.01965	0.01604	0.00722	0.00544	0.00180	0.00445	0.00597	0.00536	0.00841
51	0.05384	0.00918	0.01229	0.00946	0.01358	0.00804	0.00781	0.02579	0.01514	0.75427	0.02068	0.01793	0.01302	0.00658	0.00532	0.00166	0.00455	0.00531	0.00652	0.00902
52	0.01085	0.02726	0.75781	0.01590	0.04872	0.01248	0.01972	0.01698	0.01136	0.01702	0.00965	0.01140	0.00686	0.00509	0.00511	0.00170	0.00788	0.00399	0.00228	0.00795
53	0.00837	0.00601	0.00830	0.00949	0.01066	0.00595	0.00813	0.01065	0.01216	0.01578	0.02950	0.13057	0.05904	0.01497	0.00732	0.00242	0.00469	0.64616	0.00495	0.00487
54	0.01084	0.04400	0.76795	0.01517	0.02304	0.01265	0.01961	0.01698	0.01132	0.01691	0.00959	0.01128	0.00680	0.00509	0.00507	0.00169	0.00789	0.00394	0.00227	0.00791
55	0.01235	0.00950	0.01126	0.00810	0.01281	0.00722	0.00650	0.01471	0.01153	0.08943	0.01064	0.01180	0.00845	0.00423	0.00411	0.00088	0.00403	0.00339	0.00351	0.76555
56	0.00674	0.00540	0.00605	0.00615	0.00765	0.00470	0.00460	0.00836	0.01267	0.01601	0.20676	0.13258	0.50332	0.01344	0.00645	0.00186	0.00282	0.04462	0.00518	0.00465
57	0.19032	0.18608	0.28225	0.01086	0.01594	0.01307	0.01176	0.01709	0.01107	0.12066	0.01073	0.01206	0.00811	0.00849	0.07832	0.00222	0.00682	0.00387	0.00315	0.00713
58	0.00672	0.00526	0.00605	0.00630	0.00758	0.00464	0.00456	0.00821	0.01228	0.01571	0.19730	0.23840	0.41302	0.02967	0.00690	0.00196	0.00286	0.02288	0.00514	0.00458
59	0.74064	0.01198	0.00888	0.00789	0.01120	0.08543	0.00640	0.04375	0.01030	0.02341	0.00775	0.00896	0.00604	0.00509	0.00354	0.00163	0.00474	0.00303	0.00335	0.00597
60	0.04113	0.01610	0.01680	0.04457	0.22826	0.19856	0.01178	0.29213	0.01765	0.02263	0.03771	0.01326	0.00981	0.00641	0.01830	0.00168	0.00695	0.00462	0.00381	0.00785
61	0.02689	0.01340	0.02183	0.15241	0.38603	0.05278	0.16711	0.08136	0.01331	0.01815	0.01027	0.01341	0.00814	0.00501	0.00548	0.00166	0.00714	0.00501	0.00288	0.00773
62	0.03957	0.05415	0.06806	0.01726	0.15533	0.47809	0.03796	0.05852	0.01452	0.01569	0.00899	0.01071	0.00732	0.00533	0.00493	0.00147	0.00844	0.00387	0.00284	0.00695
63	0.01086	0.02710	0.74558	0.01567	0.02348	0.01252	0.05712	0.01701	0.01140	0.01701	0.00970	0.01149	0.00687	0.00507	0.00516	0.00171	0.00799	0.00409	0.00229	0.00790
64	0.01433	0.01541	0.01369	0.01223	0.01407	0.30911	0.02422	0.07761	0.01254	0.01469	0.01048	0.01416	0.00927	0.01766	0.26382	0.00396	0.15925	0.00461	0.00294	0.00595
65	0.00681	0.00504	0.00716	0.00805	0.00856	0.00472	0.03053	0.00790	0.01042	0.01389	0.02892	0.76017	0.03445	0.01635	0.00685	0.00218	0.00337	0.03526	0.00491	0.00447
66	0.00770	0.00564	0.00805	0.00805	0.00881	0.00640	0.00599	0.00921	0.00846	0.01203	0.01491	0.02402	0.01469	0.20145	0.63063	0.00791	0.01246	0.00618	0.00295	0.00447
67	0.01435	0.81458	0.02813	0.00918	0.01378	0.02124	0.00918	0.01607	0.01091	0.01263	0.00746	0.00861	0.00689	0.00459	0.00344	0.00115	0.00574	0.00287	0.00230	0.00689
68	0.01281	0.00583	0.00649	0.00591	0.00774	0.00558	0.00458	0.01523	0.01208	0.17192	0.01824	0.01967	0.01366	0.00633	0.00408	0.00133	0.00291	0.00508	0.67470	0.00583
69	0.00840	0.00660	0.00956	0.08311	0.01244	0.00774	0.00754	0.01158	0.07515	0.01339	0.01465	0.02075	0.01326	0.05564	0.62635	0.00729	0.01256	0.00574	0.00307	0.00518
70	0.01191	0.01017	0.01083	0.00987	0.01257	0.01143	0.00766	0.02409	0.59769	0.02130	0.09174	0.02630	0.11289	0.00850	0.00568	0.00182	0.00392	0.01855	0.00543	0.00765
71	0.00721	0.00522	0.00686	0.02287	0.00872	0.00503	0.00539	0.03851	0.01107	0.01481	0.05505	0.73269	0.03442	0.01596	0.00674	0.00213	0.00329	0.01443	0.00498	0.00461
72	0.01834	0.01422	0.01414	0.01136	0.01495	0.08735	0.00918	0.52943	0.05657	0.03925	0.01400	0.03613	0.01064	0.00715	0.01642	0.00168	0.00582	0.00509	0.10012	0.00816
73	0.01160	0.01146	0.03586	0.32606	0.04705	0.07970	0.02687	0.01550	0.08215	0.01543	0.01200	0.04562	0.00998	0.00678	0.00732	0.00179	0.14444	0.00521	0.10899	0.00619
74	0.00681	0.00543	0.00609	0.00598	0.00755	0.00472	0.00446	0.00858	0.01326	0.01704	0.31647	0.06915	0.49003	0.01273	0.00635	0.00178	0.00266	0.01085	0.00532	0.00472
75	0.01203	0.07977	0.58129	0.01557	0.02254	0.08109	0.10040	0.01735	0.01179	0.01639	0.00950	0.01135	0.00697	0.00504	0.00510	0.00165	0.00806	0.00411	0.00236	0.00764
76	0.01605	0.00994	0.01274	0.02595	0.16199	0.05929	0.00892	0.01885	0.04498	0.31448	0.15191	0.02457	0.11124	0.00781	0.00562	0.00166	0.00471	0.00663	0.00517	0.00748
77	0.00900	0.00818	0.08224	0.00814	0.01015	0.00646	0.00689	0.04844	0.01372	0.05128	0.35271	0.20401	0.11530	0.01154	0.00639	0.00182	0.01547	0.02486	0.01787	0.00552
78	0.03417	0.06462	0.01326	0.09685	0.01563	0.00951	0.02929	0.06185	0.02665	0.05471	0.01180	0.05299	0.01017	0.03148	0.03231	0.00157	0.00511	0.00453	0.00346	0.44004
79	0.08895	0.09311	0.02991	0.01210	0.08577	0.01324	0.00913	0.31303	0.01677	0.06409	0.02673	0.01432	0.01018	0.05827	0.00621	0.00169	0.00529	0.00455	0.02622	0.12046

[dist]
# distance from previous block
# <min> <max>
3	11

[block]
# block no. 3 follows, 45 sequences, length 22
# corresponding to MSA columns:
# 339-360
name=unknown_D
#
# <colnr> <probs for GDERKNQSTAVLIFYWHMCP>
#	G	D	E	R	K	N	Q	S	T	A	V	L	I	F	Y	W	H	M	C	P
0	0.01849	0.01442	0.01544	0.01218	0.01596	0.03725	0.00997	0.56381	0.10683	0.02957	0.01315	0.01344	0.00967	0.00664	0.00629	0.00165	0.07000	0.00485	0.00497	0.04540
1	0.01213	0.01552	0.17556	0.01682	0.04720	0.03299	0.29719	0.08539	0.01300	0.01792	0.04579	0.05063	0.02973	0.00911	0.07002	0.00235	0.06241	0.00608	0.00315	0.00700
2	0.00642	0.00529	0.00564	0.00588	0.00738	0.00451	0.00428	0.00772	0.01193	0.01453	0.06847	0.20117	0.60992	0.01416	0.00644	0.00188	0.00279	0.01206	0.00501	0.00451
3	0.01223	0.01300	0.02082	0.20899	0.08363	0.07625	0.23450	0.01517	0.01117	0.01482	0.01078	0.01453	0.03435	0.00644	0.00889	0.00190	0.21810	0.00534	0.00262	0.00649
4	0.01014	0.00954	0.01610	0.79845	0.03697	0.01193	0.01491	0.01371	0.01073	0.01371	0.00954	0.01431	0.00716	0.00537	0.00537	0.00179	0.00716	0.00477	0.00239	0.00596
5	0.01301	0.01260	0.02003	0.15693	0.58231	0.03970	0.01551	0.01694	0.05869	0.01706	0.01067	0.01374	0.00871	0.00506	0.00532	0.00163	0.00649	0.00481	0.00279	0.00800
6	0.00894	0.00716	0.00805	0.00747	0.00941	0.00716	0.00570	0.03967	0.18335	0.01994	0.35138	0.03831	0.27115	0.01082	0.00611	0.00175	0.00309	0.00924	0.00550	0.00581
7	0.01756	0.02089	0.01424	0.01384	0.05382	0.57488	0.01007	0.05574	0.01489	0.01471	0.01223	0.07929	0.01167	0.00733	0.00530	0.00157	0.00835	0.07413	0.00327	0.00621
8	0.00936	0.00490	0.00744	0.04627	0.00848	0.00502	0.00517	0.00733	0.00718	0.00954	0.00933	0.01622	0.00922	0.01799	0.02020	0.80203	0.00479	0.00467	0.00233	0.00251
9	0.00972	0.00707	0.00945	0.00977	0.08147	0.00682	0.00665	0.07183	0.01573	0.04769	0.61603	0.03464	0.04207	0.00988	0.00613	0.00167	0.00324	0.00870	0.00558	0.00585
10	0.01315	0.00993	0.01195	0.01034	0.01327	0.01055	0.04462	0.02271	0.43892	0.11079	0.12102	0.08535	0.02123	0.00815	0.00564	0.00176	0.00419	0.00707	0.00536	0.05399
11	0.08639	0.00717	0.06917	0.00788	0.00922	0.00581	0.00618	0.00919	0.01058	0.01535	0.06793	0.56656	0.07184	0.03234	0.00679	0.00211	0.00360	0.01249	0.00462	0.00481
12	0.02005	0.02558	0.01521	0.01383	0.01659	0.78980	0.01037	0.02143	0.01521	0.01314	0.00830	0.00968	0.00691	0.00553	0.00484	0.00138	0.00968	0.00346	0.00277	0.00622
13	0.01201	0.01006	0.01160	0.00837	0.01309	0.00805	0.00672	0.08387	0.01246	0.01903	0.00986	0.01130	0.00806	0.00421	0.00411	0.00087	0.00416	0.00334	0.00339	0.76546
14	0.00936	0.00817	0.01240	0.02975	0.01237	0.00974	0.07836	0.01094	0.00909	0.01315	0.01408	0.11083	0.01447	0.14721	0.23202	0.00444	0.23937	0.00688	0.03230	0.00507
15	0.84927	0.01038	0.00789	0.00706	0.01038	0.01204	0.00581	0.01578	0.00914	0.02408	0.00747	0.00872	0.00581	0.00498	0.00332	0.00166	0.00415	0.00291	0.00332	0.00581
16	0.01077	0.02777	0.78354	0.01530	0.02323	0.01247	0.01983	0.01700	0.01133	0.01700	0.00963	0.01133	0.00680	0.00510	0.00510	0.00170	0.00793	0.00397	0.00227	0.00793
17	0.01259	0.00934	0.01111	0.01195	0.11200	0.06082	0.00801	0.04107	0.10977	0.12488	0.16202	0.11244	0.07298	0.05025	0.00698	0.00196	0.00453	0.06199	0.01878	0.00653
18	0.15814	0.01156	0.07634	0.11049	0.05769	0.03701	0.03150	0.04751	0.01134	0.03024	0.02776	0.06172	0.01104	0.07250	0.00706	0.01417	0.02121	0.00499	0.00327	0.20445
19	0.02541	0.01308	0.10893	0.05351	0.17346	0.03809	0.20272	0.01440	0.01133	0.01586	0.01359	0.14135	0.01285	0.01036	0.08038	0.00246	0.05189	0.00677	0.01689	0.00666
20	0.09478	0.01510	0.10177	0.01417	0.03093	0.11541	0.15255	0.05130	0.03830	0.01727	0.03197	0.04158	0.03141	0.00730	0.01901	0.00187	0.17212	0.00526	0.00313	0.05476
21	0.05517	0.03259	0.08564	0.10201	0.06684	0.16264	0.01019	0.09100	0.04338	0.05615	0.09615	0.02064	0.11800	0.00722	0.00529	0.00161	0.00595	0.00576	0.00389	0.02988

[dist]
# distance from previous block
# <min> <max>
6	158

[block]
# block no. 4 follows, 45 sequences, length 45
# corresponding to MSA columns:
# 523-567
name=unknown_E
#
# <colnr> <probs for GDERKNQSTAVLIFYWHMCP>
#	G	D	E	R	K	N	Q	S	T	A	V	L	I	F	Y	W	H	M	C	P
0	0.04192	0.27439	0.01749	0.07558	0.09710	0.04244	0.00911	0.02715	0.07352	0.03222	0.08988	0.03175	0.08608	0.00666	0.00475	0.00145	0.00508	0.00531	0.00352	0.07461
1	0.00726	0.00830	0.12642	0.00865	0.01017	0.00567	0.00728	0.00902	0.01044	0.01417	0.02652	0.63668	0.04266	0.03811	0.00718	0.00219	0.00395	0.02594	0.00451	0.00489
2	0.01211	0.00969	0.01176	0.02428	0.01339	0.00806	0.00708	0.01440	0.01120	0.07319	0.01019	0.01177	0.00825	0.00464	0.00521	0.00100	0.06878	0.00350	0.00335	0.69815
3	0.03672	0.02467	0.03669	0.03159	0.22176	0.03599	0.02357	0.14887	0.06770	0.10859	0.01567	0.07965	0.03426	0.00675	0.00525	0.00160	0.00536	0.00577	0.04031	0.06923
4	0.00833	0.00629	0.00791	0.00776	0.00836	0.00698	0.00543	0.01031	0.07013	0.01258	0.01839	0.09880	0.04506	0.37342	0.23570	0.00529	0.06367	0.00767	0.00348	0.00444
5	0.02850	0.12863	0.58438	0.01437	0.03395	0.01330	0.03255	0.01752	0.01157	0.07276	0.01019	0.01153	0.00733	0.00513	0.00490	0.00162	0.00732	0.00397	0.00263	0.00784
6	0.01940	0.02839	0.01527	0.01185	0.01574	0.07197	0.00969	0.55538	0.04278	0.09064	0.01349	0.01384	0.00980	0.00898	0.06556	0.00213	0.00668	0.00485	0.00504	0.00853
7	0.00863	0.00588	0.00664	0.00646	0.00680	0.00598	0.00390	0.06304	0.00929	0.01240	0.01765	0.09618	0.02005	0.68776	0.02405	0.00469	0.00509	0.00819	0.00355	0.00377
8	0.08305	0.55585	0.04673	0.01059	0.03019	0.16912	0.00962	0.01713	0.01164	0.01389	0.00775	0.00901	0.00684	0.00483	0.00379	0.00126	0.00646	0.00306	0.00248	0.00674
9	0.00869	0.00702	0.00719	0.00745	0.00802	0.06320	0.00484	0.01036	0.07095	0.01281	0.02139	0.31896	0.02427	0.39189	0.01630	0.00353	0.00468	0.01011	0.00404	0.00431
10	0.11544	0.06289	0.14712	0.03243	0.20567	0.07369	0.01230	0.08208	0.10893	0.03110	0.06749	0.01472	0.01186	0.00586	0.00499	0.00162	0.00599	0.00474	0.00354	0.00756
11	0.03067	0.01025	0.01509	0.16208	0.23759	0.01097	0.01139	0.06698	0.09765	0.11848	0.01305	0.02782	0.01029	0.00798	0.00805	0.13190	0.02401	0.00512	0.00363	0.00702
12	0.06153	0.01358	0.01457	0.01146	0.01545	0.01495	0.00939	0.54839	0.11717	0.09215	0.01455	0.01422	0.01035	0.00649	0.00523	0.00163	0.00540	0.00494	0.02977	0.00876
13	0.01436	0.58617	0.18568	0.01050	0.01576	0.01835	0.01132	0.01706	0.01135	0.07372	0.00899	0.00994	0.00737	0.00486	0.00395	0.00130	0.00611	0.00330	0.00263	0.00728
14	0.00801	0.03399	0.00773	0.00684	0.00826	0.00556	0.00516	0.01016	0.01409	0.04048	0.54833	0.13237	0.13567	0.01166	0.00627	0.00174	0.00280	0.01022	0.00558	0.00509
15	0.00818	0.00584	0.00792	0.00901	0.00996	0.00578	0.00729	0.02708	0.01182	0.01551	0.02812	0.31199	0.03162	0.03856	0.00776	0.00243	0.00435	0.45708	0.00492	0.00479
16	0.01135	0.14460	0.65320	0.01456	0.02194	0.01380	0.03580	0.01687	0.01130	0.01635	0.00934	0.01100	0.00685	0.00501	0.00488	0.00162	0.00763	0.00386	0.00228	0.00776
17	0.01089	0.05543	0.75697	0.01508	0.02290	0.01277	0.01946	0.01697	0.01132	0.01685	0.00956	0.01124	0.00680	0.00508	0.00504	0.00168	0.00786	0.00393	0.00227	0.00790
18	0.01407	0.75301	0.08724	0.00966	0.01452	0.02055	0.01002	0.01615	0.01094	0.01297	0.00763	0.00882	0.00688	0.00463	0.00357	0.00119	0.00591	0.00296	0.00229	0.00697
19	0.01046	0.00799	0.00915	0.00823	0.01019	0.00829	0.00625	0.12714	0.15550	0.02167	0.35633	0.07252	0.10102	0.07189	0.00767	0.00201	0.00362	0.00858	0.00541	0.00610
20	0.00837	0.00599	0.00816	0.00925	0.01037	0.00594	0.00784	0.01052	0.01189	0.01543	0.02874	0.09625	0.06362	0.07721	0.00890	0.00264	0.00477	0.61454	0.00481	0.00476
21	0.37499	0.06256	0.07384	0.03092	0.01344	0.01213	0.00822	0.06677	0.12234	0.10106	0.05552	0.01485	0.03090	0.00614	0.00444	0.00166	0.00469	0.00448	0.00412	0.00693
22	0.01098	0.07907	0.03381	0.01231	0.04827	0.08569	0.08735	0.01354	0.01241	0.01592	0.05109	0.03834	0.03608	0.02221	0.00684	0.00205	0.02472	0.36810	0.04549	0.00571
23	0.01111	0.02691	0.74128	0.01543	0.02320	0.01241	0.04517	0.01720	0.01146	0.03308	0.00992	0.01159	0.00698	0.00511	0.00515	0.00170	0.00790	0.00408	0.00237	0.00793
24	0.01215	0.01142	0.07420	0.00892	0.01389	0.00832	0.00778	0.06993	0.01232	0.03986	0.01012	0.01148	0.00809	0.00433	0.00421	0.00095	0.00446	0.00343	0.00337	0.69078
25	0.84927	0.01038	0.00789	0.00706	0.01038	0.01204	0.00581	0.01578	0.00914	0.02408	0.00747	0.00872	0.00581	0.00498	0.00332	0.00166	0.00415	0.00291	0.00332	0.00581
26	0.00651	0.00479	0.00611	0.00717	0.00771	0.00439	0.00485	0.00751	0.01057	0.01382	0.03328	0.69525	0.14571	0.01634	0.00678	0.00213	0.00306	0.01467	0.00498	0.00439
27	0.00751	0.00544	0.00708	0.00676	0.00799	0.00502	0.00503	0.00993	0.01487	0.02094	0.71817	0.07953	0.06886	0.01134	0.00636	0.00172	0.00257	0.01003	0.00584	0.00502
28	0.00777	0.00534	0.00652	0.00652	0.00675	0.00556	0.00408	0.00823	0.00800	0.01090	0.01631	0.03176	0.01805	0.62653	0.21014	0.00602	0.00740	0.00731	0.00316	0.00362
29	0.00781	0.00520	0.00585	0.00585	0.00585	0.00520	0.00325	0.00781	0.00781	0.01041	0.01691	0.03513	0.01952	0.81135	0.02732	0.00520	0.00520	0.00781	0.00325	0.00325
30	0.01147	0.02683	0.72715	0.01508	0.02275	0.01277	0.01913	0.07159	0.01235	0.01824	0.00987	0.01145	0.00697	0.00520	0.00512	0.00169	0.00778	0.00403	0.00249	0.00802
31	0.01435	0.81458	0.02813	0.00918	0.01378	0.02124	0.00918	0.01607	0.01091	0.01263	0.00746	0.00861	0.00689	0.00459	0.00344	0.00115	0.00574	0.00287	0.00230	0.00689
32	0.84927	0.01038	0.00789	0.00706	0.01038	0.01204	0.00581	0.01578	0.00914	0.02408	0.00747	0.00872	0.00581	0.00498	0.00332	0.00166	0.00415	0.00291	0.00332	0.00581
33	0.02041	0.01504	0.01611	0.01235	0.01665	0.01665	0.01020	0.75997	0.02524	0.03383	0.01289	0.01289	0.00913	0.00644	0.00537	0.00161	0.00591	0.00483	0.00537	0.00913
34	0.00768	0.00572	0.00849	0.00849	0.00940	0.00663	0.00653	0.00949	0.00859	0.01236	0.01451	0.02180	0.01373	0.07956	0.75120	0.00845	0.01391	0.00586	0.00289	0.00471
35	0.02041	0.01504	0.01611	0.01235	0.01665	0.01665	0.01020	0.75997	0.02524	0.03383	0.01289	0.01289	0.00913	0.00644	0.00537	0.00161	0.00591	0.00483	0.00537	0.00913
36	0.01050	0.00991	0.01676	0.70938	0.12318	0.01202	0.01509	0.01404	0.01091	0.01416	0.00961	0.01419	0.00731	0.00530	0.00536	0.00177	0.00707	0.00477	0.00242	0.00626
37	0.84927	0.01038	0.00789	0.00706	0.01038	0.01204	0.00581	0.01578	0.00914	0.02408	0.00747	0.00872	0.00581	0.00498	0.00332	0.00166	0.00415	0.00291	0.00332	0.00581
38	0.01113	0.00954	0.01113	0.00795	0.01272	0.00716	0.00636	0.01352	0.01113	0.01749	0.00954	0.01113	0.00795	0.00398	0.00398	0.00080	0.00398	0.00318	0.00318	0.84417
39	0.00742	0.00541	0.00701	0.00704	0.00819	0.00500	0.00528	0.00960	0.01393	0.01925	0.53474	0.16746	0.10244	0.01245	0.00651	0.00184	0.00285	0.07308	0.00560	0.00490
40	0.03150	0.43347	0.16380	0.01110	0.01601	0.07165	0.01122	0.10672	0.06509	0.02993	0.00979	0.01065	0.00788	0.00520	0.00425	0.00139	0.00629	0.00361	0.00300	0.00743
41	0.00639	0.00527	0.00561	0.00587	0.00736	0.00449	0.00427	0.00765	0.01182	0.01433	0.04909	0.21287	0.61789	0.01428	0.00645	0.00189	0.00280	0.01217	0.00498	0.00449
42	0.01225	0.00937	0.03064	0.00829	0.01244	0.00717	0.00676	0.02764	0.01214	0.11180	0.06891	0.07880	0.01397	0.00593	0.00461	0.00112	0.00401	0.00496	0.00397	0.57523
43	0.00805	0.00621	0.00752	0.00701	0.00870	0.00576	0.00527	0.01129	0.07516	0.01962	0.48917	0.08994	0.16274	0.01098	0.00612	0.00169	0.00285	0.00957	0.00546	0.06686
44	0.61026	0.07167	0.08565	0.00899	0.01300	0.01319	0.03429	0.07644	0.01091	0.02311	0.00824	0.00951	0.00634	0.00507	0.00377	0.00163	0.00495	0.00328	0.00329	0.00642

[dist]
# distance from previous block
# <min> <max>
2	6

[block]
# block no. 5 follows, 45 sequences, length 58
# corresponding to MSA columns:
# 574-631
name=unknown_F
#
# <colnr> <probs for GDERKNQSTAVLIFYWHMCP>
#	G	D	E	R	K	N	Q	S	T	A	V	L	I	F	Y	W	H	M	C	P
0	0.01830	0.01388	0.01551	0.08936	0.01820	0.01529	0.01028	0.58871	0.06563	0.02998	0.01283	0.01331	0.00927	0.00620	0.00527	0.00158	0.00579	0.00478	0.00492	0.07093
1	0.07659	0.03185	0.12070	0.02384	0.43112	0.17754	0.01461	0.01747	0.01241	0.01685	0.00935	0.01181	0.00768	0.00508	0.00523	0.00157	0.02174	0.00422	0.00267	0.00767
2	0.00767	0.00575	0.00863	0.00863	0.00959	0.00671	0.00671	0.00959	0.00863	0.01246	0.01438	0.02109	0.01342	0.04026	0.79008	0.00863	0.01438	0.00575	0.00288	0.00479
3	0.00815	0.00604	0.00843	0.00926	0.06518	0.00652	0.00596	0.00934	0.00854	0.01196	0.01514	0.02649	0.01565	0.36599	0.40685	0.00665	0.00988	0.00655	0.00302	0.00441
4	0.00820	0.00859	0.06489	0.00838	0.00974	0.08237	0.00650	0.00969	0.01129	0.01429	0.05695	0.53730	0.13321	0.01417	0.00643	0.00200	0.00404	0.01251	0.00460	0.00486
5	0.01955	0.01393	0.01490	0.01171	0.01571	0.03131	0.00957	0.55595	0.11968	0.10517	0.01490	0.01448	0.01056	0.00655	0.00533	0.00163	0.00554	0.00502	0.02966	0.00887
6	0.01079	0.00917	0.01088	0.00802	0.01241	0.00711	0.00639	0.01313	0.01088	0.01700	0.01002	0.01211	0.00849	0.00755	0.08140	0.00157	0.00500	0.00343	0.00315	0.76150
7	0.01316	0.01136	0.01195	0.01077	0.01377	0.01311	0.00837	0.02795	0.74727	0.02223	0.02275	0.02090	0.03738	0.00746	0.00549	0.00182	0.00421	0.00621	0.00545	0.00839
8	0.00794	0.00526	0.00627	0.00633	0.00663	0.00541	0.00398	0.00856	0.00840	0.01186	0.01711	0.06677	0.01862	0.56118	0.15691	0.00527	0.00644	0.00752	0.08579	0.00374
9	0.03747	0.01277	0.02187	0.03169	0.71900	0.01277	0.05241	0.01649	0.01216	0.01771	0.01006	0.01321	0.00841	0.00478	0.00531	0.00161	0.00644	0.00480	0.00268	0.00836
10	0.00755	0.00524	0.00578	0.00578	0.00610	0.00509	0.00340	0.00779	0.00857	0.01112	0.02339	0.03799	0.15027	0.67341	0.02369	0.00462	0.00477	0.00842	0.00355	0.00347
11	0.01077	0.02777	0.78354	0.01530	0.02323	0.01247	0.01983	0.01700	0.01133	0.01700	0.00963	0.01133	0.00680	0.00510	0.00510	0.00170	0.00793	0.00397	0.00227	0.00793
12	0.01267	0.01448	0.03167	0.02262	0.02805	0.01357	0.75837	0.01719	0.01267	0.01719	0.01086	0.01448	0.00814	0.00452	0.00633	0.00181	0.00905	0.00633	0.00271	0.00724
13	0.01033	0.00532	0.00535	0.00523	0.00658	0.00537	0.00395	0.03583	0.01169	0.02044	0.01737	0.01979	0.01361	0.00626	0.00380	0.00126	0.00261	0.00500	0.81507	0.00513
14	0.00654	0.00467	0.00623	0.00747	0.00779	0.00436	0.00498	0.00747	0.01028	0.01370	0.02959	0.80785	0.03550	0.01682	0.00685	0.00218	0.00311	0.01526	0.00498	0.00436
15	0.00760	0.00549	0.00718	0.00675	0.00802	0.00506	0.00506	0.01013	0.01519	0.02153	0.77503	0.04010	0.05065	0.01097	0.00633	0.00169	0.00253	0.00971	0.00591	0.00506
16	0.01433	0.01237	0.02051	0.02863	0.61864	0.01235	0.04186	0.01835	0.06881	0.09314	0.01209	0.01432	0.00955	0.00514	0.00537	0.00163	0.00614	0.00500	0.00326	0.00852
17	0.84927	0.01038	0.00789	0.00706	0.01038	0.01204	0.00581	0.01578	0.00914	0.02408	0.00747	0.00872	0.00581	0.00498	0.00332	0.00166	0.00415	0.00291	0.00332	0.00581
18	0.09291	0.00611	0.00654	0.00729	0.06409	0.00627	0.00490	0.01313	0.01112	0.02023	0.01597	0.01840	0.01258	0.00602	0.00383	0.00132	0.00295	0.00478	0.69623	0.00534
19	0.01174	0.01174	0.01644	0.01409	0.01409	0.01644	0.01174	0.01292	0.00822	0.01292	0.00705	0.01174	0.00705	0.00940	0.01762	0.00235	0.80153	0.00470	0.00235	0.00587
20	0.01344	0.01305	0.02164	0.03251	0.76047	0.03051	0.01633	0.01659	0.01229	0.01744	0.01006	0.01320	0.00847	0.00480	0.00530	0.00159	0.00645	0.00475	0.00266	0.00845
21	0.01014	0.00954	0.01610	0.79845	0.03697	0.01193	0.01491	0.01371	0.01073	0.01371	0.00954	0.01431	0.00716	0.00537	0.00537	0.00179	0.00716	0.00477	0.00239	0.00596
22	0.00653	0.00472	0.00617	0.00734	0.00775	0.00437	0.00492	0.00749	0.01041	0.01376	0.03127	0.75643	0.08584	0.01660	0.00682	0.00216	0.00309	0.01499	0.00498	0.00437
23	0.01014	0.00954	0.01610	0.79845	0.03697	0.01193	0.01491	0.01371	0.01073	0.01371	0.00954	0.01431	0.00716	0.00537	0.00537	0.00179	0.00716	0.00477	0.00239	0.00596
24	0.00661	0.00542	0.00585	0.00595	0.00757	0.00466	0.00448	0.00813	0.01243	0.01532	0.13330	0.10705	0.60200	0.01360	0.00643	0.00186	0.00283	0.04681	0.00509	0.00460
25	0.00789	0.00557	0.00723	0.00681	0.00816	0.00512	0.00515	0.01036	0.01502	0.03633	0.71451	0.04055	0.08094	0.01107	0.00633	0.00171	0.00263	0.02363	0.00587	0.00512
26	0.01160	0.01153	0.01616	0.01390	0.01393	0.01609	0.01156	0.01280	0.00824	0.01290	0.00731	0.01208	0.00728	0.01051	0.04554	0.00258	0.77307	0.00474	0.00237	0.00583
27	0.01335	0.01153	0.01214	0.01092	0.01396	0.01335	0.00850	0.02852	0.76817	0.02245	0.02185	0.02003	0.01639	0.00728	0.00546	0.00182	0.00425	0.00607	0.00546	0.00850
28	0.00647	0.00543	0.00562	0.00560	0.00734	0.00458	0.00419	0.00794	0.01249	0.01518	0.12490	0.06427	0.69082	0.01340	0.00635	0.00181	0.00271	0.01124	0.00508	0.00458
29	0.01271	0.02513	0.65057	0.01458	0.02187	0.01254	0.01800	0.09085	0.01300	0.07556	0.01081	0.01200	0.00751	0.00535	0.00515	0.00169	0.00748	0.00416	0.00290	0.00814
30	0.00762	0.00523	0.00597	0.00598	0.00625	0.00510	0.00357	0.00801	0.00897	0.01195	0.09491	0.06977	0.07954	0.63930	0.02282	0.00448	0.00467	0.00857	0.00372	0.00357
31	0.07314	0.02844	0.09013	0.01261	0.03834	0.19534	0.01060	0.29121	0.01776	0.08642	0.03672	0.01650	0.01138	0.00671	0.00524	0.00163	0.00660	0.05931	0.00428	0.00762
32	0.03429	0.14644	0.21440	0.01320	0.01774	0.37919	0.01251	0.09209	0.01441	0.01632	0.00895	0.01024	0.00708	0.00535	0.00471	0.00146	0.00814	0.00362	0.00283	0.00704
33	0.70500	0.01244	0.08489	0.00826	0.01211	0.01243	0.00752	0.07129	0.01055	0.02411	0.00809	0.00929	0.00616	0.00510	0.00365	0.00166	0.00466	0.00315	0.00337	0.00627
34	0.84927	0.01038	0.00789	0.00706	0.01038	0.01204	0.00581	0.01578	0.00914	0.02408	0.00747	0.00872	0.00581	0.00498	0.00332	0.00166	0.00415	0.00291	0.00332	0.00581
35	0.01952	0.01552	0.14769	0.01205	0.01690	0.01344	0.01119	0.40911	0.04345	0.23380	0.01486	0.01431	0.01008	0.00629	0.00533	0.00165	0.00584	0.00488	0.00518	0.00890
36	0.01493	0.43896	0.11554	0.01239	0.01695	0.16488	0.08459	0.03964	0.01228	0.01435	0.00836	0.00996	0.00708	0.00505	0.00476	0.00138	0.03585	0.00358	0.00252	0.00695
37	0.00653	0.00545	0.00570	0.00563	0.00737	0.00461	0.00423	0.00807	0.01268	0.01555	0.16191	0.04993	0.66750	0.01320	0.00634	0.00179	0.00269	0.01109	0.00512	0.00461
38	0.01242	0.01567	0.10535	0.04048	0.02779	0.01343	0.66784	0.01709	0.01249	0.01709	0.01071	0.01417	0.00799	0.00460	0.00619	0.00180	0.00889	0.00606	0.00266	0.00728
39	0.00678	0.00564	0.00595	0.00584	0.00759	0.00490	0.00439	0.00877	0.03633	0.01596	0.17797	0.04867	0.62663	0.01294	0.00631	0.00179	0.00273	0.01088	0.00516	0.00475
40	0.00781	0.00571	0.00754	0.00833	0.00939	0.00553	0.00659	0.01012	0.03412	0.01640	0.16238	0.27762	0.08837	0.01443	0.00692	0.00218	0.00379	0.32275	0.00514	0.00486
41	0.01014	0.00954	0.01610	0.79845	0.03697	0.01193	0.01491	0.01371	0.01073	0.01371	0.00954	0.01431	0.00716	0.00537	0.00537	0.00179	0.00716	0.00477	0.00239	0.00596
42	0.00756	0.00549	0.00713	0.00672	0.00800	0.00505	0.00504	0.01007	0.01512	0.02134	0.75587	0.04040	0.06993	0.01104	0.00633	0.00169	0.00254	0.00975	0.00588	0.00505
43	0.10560	0.00943	0.01211	0.00939	0.01346	0.00856	0.00775	0.04677	0.01504	0.68461	0.01958	0.01717	0.01243	0.00647	0.00519	0.00166	0.00457	0.00514	0.00628	0.00881
44	0.00780	0.00573	0.00735	0.00700	0.00835	0.00539	0.00532	0.01071	0.04101	0.02099	0.68103	0.04092	0.07914	0.01115	0.00636	0.00174	0.00272	0.04635	0.00581	0.00516
45	0.00768	0.00571	0.00840	0.00840	0.00928	0.00659	0.00643	0.00944	0.00856	0.01229	0.01459	0.02224	0.01392	0.10364	0.72738	0.00835	0.01362	0.00592	0.00291	0.00467
46	0.01085	0.02725	0.75715	0.01591	0.04937	0.01248	0.01972	0.01698	0.01136	0.01702	0.00965	0.01140	0.00686	0.00509	0.00511	0.00170	0.00788	0.00399	0.00228	0.00795
47	0.01077	0.02777	0.78354	0.01530	0.02323	0.01247	0.01983	0.01700	0.01133	0.01700	0.00963	0.01133	0.00680	0.00510	0.00510	0.00170	0.00793	0.00397	0.00227	0.00793
48	0.01193	0.01900	0.31047	0.02104	0.13133	0.01286	0.36348	0.01683	0.01206	0.01710	0.01066	0.02875	0.00823	0.00502	0.00574	0.00175	0.00814	0.00541	0.00258	0.00762
49	0.00932	0.00466	0.00699	0.00699	0.00699	0.00466	0.00466	0.00699	0.00699	0.00932	0.00932	0.01632	0.00932	0.01865	0.02098	0.84382	0.00466	0.00466	0.00233	0.00233
50	0.01039	0.02265	0.00881	0.00790	0.00972	0.00642	0.00631	0.03640	0.02796	0.11284	0.48224	0.03946	0.05963	0.01085	0.00630	0.00181	0.00340	0.13545	0.00571	0.00575
51	0.21581	0.01405	0.01414	0.03956	0.01590	0.03818	0.00934	0.53543	0.02061	0.03019	0.01135	0.01186	0.00821	0.00603	0.00487	0.00162	0.00565	0.00434	0.00470	0.00815
52	0.01116	0.00955	0.01108	0.00813	0.01268	0.00749	0.00647	0.01434	0.06009	0.01772	0.01082	0.03078	0.00916	0.00450	0.00414	0.00089	0.00397	0.00366	0.00337	0.76999
53	0.01853	0.00907	0.01111	0.00896	0.01224	0.00877	0.00725	0.13677	0.06199	0.39970	0.10574	0.02034	0.01719	0.00708	0.00522	0.00160	0.00417	0.00578	0.15058	0.00791
54	0.01918	0.02281	0.01526	0.01407	0.04254	0.62530	0.01042	0.09687	0.01572	0.01563	0.00907	0.01055	0.00742	0.00579	0.00542	0.00145	0.04289	0.00375	0.02931	0.00655
55	0.00710	0.00541	0.00676	0.00743	0.00855	0.00507	0.00569	0.00868	0.01145	0.01468	0.05987	0.28343	0.28518	0.01702	0.07199	0.00265	0.00433	0.18528	0.00483	0.00461
56	0.01369	0.13683	0.13951	0.05210	0.11505	0.02865	0.05007	0.09557	0.01269	0.05445	0.01020	0.02310	0.00827	0.00582	0.00666	0.00157	0.12024	0.00437	0.00307	0.11808
57	0.01366	0.45271	0.07286	0.00962	0.01367	0.01641	0.00919	0.14335	0.01406	0.01799	0.12328	0.04309	0.03695	0.00657	0.00452	0.00140	0.00527	0.00496	0.00353	0.00692

[dist]
# distance from previous block
# <min> <max>
2	23

[block]
# block no. 6 follows, 45 sequences, length 39
# corresponding to MSA columns:
# 655-693
name=unknown_G
#
# <colnr> <probs for GDERKNQSTAVLIFYWHMCP>
#	G	D	E	R	K	N	Q	S	T	A	V	L	I	F	Y	W	H	M	C	P
0	0.01563	0.56378	0.05983	0.00991	0.01441	0.04042	0.00955	0.04442	0.07549	0.10601	0.01062	0.01103	0.00852	0.00518	0.00403	0.00131	0.00570	0.00358	0.00320	0.00740
1	0.18266	0.00858	0.00970	0.00881	0.01133	0.00895	0.02291	0.03176	0.16492	0.11772	0.12312	0.12813	0.05908	0.00935	0.00553	0.00183	0.00401	0.07498	0.00500	0.02162
2	0.16769	0.04598	0.33520	0.01285	0.06097	0.01117	0.04073	0.01566	0.01104	0.03637	0.01153	0.05214	0.02649	0.00566	0.00470	0.00155	0.00600	0.00451	0.00296	0.14682
3	0.00785	0.00593	0.00860	0.00814	0.00904	0.00566	0.07223	0.00917	0.01070	0.01466	0.17065	0.29347	0.03010	0.27965	0.01348	0.00304	0.00425	0.02508	0.02388	0.00441
