[name]
unknown

[dist]
# distance from previous block
# <min> <max>
7	84

[block]
# block no. 0 follows, 39 sequences, length 17
# corresponding to MSA columns:
# 101-117
name=unknown_A
#
# <colnr> <probs for GDERKNQSTAVLIFYWHMCP>
#	G	D	E	R	K	N	Q	S	T	A	V	L	I	F	Y	W	H	M	C	P
0	0.10957	0.04824	0.15917	0.01203	0.03148	0.03235	0.01115	0.16638	0.04943	0.10729	0.05898	0.02199	0.12124	0.00804	0.00604	0.00184	0.02572	0.00623	0.01481	0.00803
1	0.21207	0.36537	0.09445	0.01023	0.01485	0.03148	0.00995	0.02841	0.03250	0.05331	0.02542	0.01456	0.05859	0.00634	0.00474	0.00161	0.02095	0.00435	0.00344	0.00738
2	0.03919	0.39187	0.11442	0.01092	0.01538	0.01690	0.01057	0.03091	0.10976	0.05417	0.01542	0.13801	0.01442	0.00786	0.00506	0.00168	0.00583	0.00616	0.00380	0.00765
3	0.01394	0.01024	0.05093	0.01163	0.01449	0.00916	0.09815	0.04291	0.04025	0.17515	0.08892	0.19825	0.03559	0.10457	0.01008	0.00247	0.04481	0.00922	0.00510	0.03415
4	0.01562	0.01515	0.02147	0.02899	0.52043	0.08663	0.03464	0.09004	0.03736	0.02058	0.01483	0.01722	0.05797	0.00624	0.00592	0.00177	0.00707	0.00569	0.00350	0.00887
5	0.00981	0.04699	0.01217	0.13357	0.01585	0.00932	0.00883	0.01215	0.01028	0.01459	0.01407	0.02074	0.01288	0.06857	0.45821	0.00648	0.03181	0.00579	0.02024	0.08766
6	0.14199	0.08559	0.00953	0.00730	0.00945	0.00835	0.00569	0.01154	0.01319	0.01921	0.22558	0.10359	0.27041	0.05498	0.00746	0.00210	0.00372	0.00974	0.00506	0.00554
7	0.01700	0.01281	0.01357	0.01102	0.01472	0.01379	0.00890	0.43244	0.09986	0.02957	0.02747	0.02661	0.20534	0.00925	0.00611	0.00184	0.00520	0.00735	0.04873	0.00842
8	0.58491	0.01289	0.04076	0.01545	0.19269	0.01352	0.02776	0.01766	0.01107	0.02431	0.00911	0.01109	0.00723	0.00543	0.00435	0.00182	0.00545	0.00384	0.00342	0.00725
9	0.00779	0.00593	0.00787	0.00929	0.04663	0.00553	0.00613	0.00932	0.01249	0.01661	0.13023	0.49404	0.15433	0.01713	0.02932	0.00244	0.00386	0.03042	0.00543	0.00520
10	0.15403	0.01509	0.01588	0.01236	0.01690	0.01656	0.01020	0.54898	0.02385	0.10758	0.01415	0.01405	0.00992	0.00686	0.00555	0.00179	0.00605	0.00504	0.00569	0.00947
11	0.01468	0.01135	0.01222	0.01090	0.01415	0.01252	0.00850	0.02745	0.55131	0.09917	0.02979	0.02750	0.13646	0.00907	0.00617	0.00199	0.00444	0.00755	0.00607	0.00873
12	0.14098	0.00683	0.00700	0.00717	0.00910	0.00651	0.00550	0.01038	0.01276	0.01805	0.07418	0.15922	0.42324	0.01399	0.00665	0.00210	0.00355	0.08229	0.00523	0.00526
13	0.00753	0.00556	0.00696	0.00794	0.00873	0.00514	0.00562	0.00878	0.01186	0.01533	0.03728	0.49699	0.18895	0.07106	0.00906	0.00258	0.00373	0.09669	0.00535	0.00483
14	0.01119	0.00660	0.00874	0.00802	0.00982	0.00601	0.00607	0.01372	0.01623	0.14175	0.56258	0.11453	0.04748	0.01196	0.00687	0.00191	0.00322	0.01054	0.00654	0.00623
15	0.02461	0.01071	0.01539	0.01469	0.13472	0.00956	0.01022	0.02710	0.01637	0.63977	0.02136	0.01924	0.01379	0.00699	0.00593	0.00182	0.00535	0.00584	0.00661	0.00995
16	0.01717	0.01489	0.01470	0.01267	0.01632	0.07725	0.00998	0.19932	0.51347	0.02690	0.02049	0.01925	0.01528	0.00764	0.00594	0.00191	0.00561	0.00612	0.00575	0.00932

[dist]
# distance from previous block
# <min> <max>
0	7

[block]
# block no. 1 follows, 39 sequences, length 27
# corresponding to MSA columns:
# 125-151
name=unknown_B
#
# <colnr> <probs for GDERKNQSTAVLIFYWHMCP>
#	G	D	E	R	K	N	Q	S	T	A	V	L	I	F	Y	W	H	M	C	P
0	0.00728	0.00622	0.00669	0.04381	0.00964	0.00543	0.00515	0.00899	0.01361	0.01644	0.10279	0.05407	0.67086	0.01435	0.00694	0.00199	0.00322	0.01201	0.00542	0.00511
1	0.01437	0.01598	0.03406	0.02437	0.03029	0.01512	0.69848	0.05397	0.01463	0.01984	0.01207	0.01587	0.00903	0.00509	0.00693	0.00198	0.00980	0.00690	0.00313	0.00808
2	0.01186	0.03059	0.76153	0.01686	0.02560	0.01373	0.02185	0.01873	0.01249	0.01873	0.01061	0.01249	0.00749	0.00562	0.00562	0.00187	0.00874	0.00437	0.00250	0.00874
3	0.01762	0.00846	0.01110	0.00933	0.01237	0.00776	0.00738	0.02115	0.07259	0.38046	0.30734	0.06701	0.03210	0.00977	0.00643	0.00188	0.00405	0.00838	0.00682	0.00801
4	0.01464	0.01405	0.02400	0.03630	0.75528	0.01405	0.01815	0.01815	0.01347	0.01932	0.01112	0.01464	0.00937	0.00527	0.00585	0.00176	0.00703	0.00527	0.00293	0.00937
5	0.01581	0.79572	0.03099	0.01012	0.01518	0.02340	0.01012	0.01771	0.01202	0.01391	0.00822	0.00949	0.00759	0.00506	0.00379	0.00126	0.00632	0.00316	0.00253	0.00759
6	0.01159	0.01116	0.01939	0.66695	0.07158	0.01344	0.07319	0.01553	0.01200	0.01558	0.01059	0.01566	0.00803	0.00591	0.00631	0.00198	0.02623	0.00539	0.00267	0.00680
7	0.00745	0.00601	0.00663	0.00648	0.00827	0.00519	0.00486	0.00939	0.01458	0.01858	0.29275	0.05263	0.51841	0.01401	0.00698	0.00195	0.00293	0.01188	0.00583	0.00519
8	0.02200	0.01543	0.01684	0.01307	0.01756	0.01684	0.01073	0.63969	0.02605	0.09450	0.01592	0.05587	0.01197	0.00773	0.00601	0.00181	0.00622	0.00599	0.00601	0.00978
9	0.01374	0.01667	0.08108	0.02364	0.02932	0.01513	0.62891	0.01855	0.01347	0.01855	0.01154	0.01548	0.00878	0.00546	0.00790	0.00203	0.07229	0.00666	0.00293	0.00790
10	0.00751	0.00612	0.00672	0.00689	0.00874	0.00533	0.00539	0.00932	0.01379	0.01693	0.11666	0.05734	0.57742	0.01494	0.00717	0.00210	0.00336	0.12357	0.00557	0.00512
11	0.01186	0.03059	0.76153	0.01686	0.02560	0.01373	0.02185	0.01873	0.01249	0.01873	0.01061	0.01249	0.00749	0.00562	0.00562	0.00187	0.00874	0.00437	0.00250	0.00874
12	0.00893	0.03385	0.00991	0.00913	0.00996	0.00806	0.00684	0.01042	0.00951	0.01338	0.01708	0.08983	0.01762	0.20521	0.46469	0.00733	0.06230	0.00754	0.00340	0.00502
13	0.00750	0.00603	0.00672	0.00674	0.00849	0.00525	0.00512	0.00937	0.01420	0.01793	0.22446	0.08042	0.51196	0.01449	0.00708	0.00203	0.00312	0.05820	0.00573	0.00516
14	0.00860	0.00573	0.00645	0.00645	0.00645	0.00573	0.00358	0.00860	0.00860	0.01147	0.01863	0.03870	0.02150	0.79217	0.03010	0.00573	0.00573	0.00860	0.00358	0.00358
15	0.01051	0.00546	0.00569	0.00588	0.00712	0.00542	0.00432	0.01304	0.01226	0.02112	0.02108	0.12480	0.01837	0.00845	0.00459	0.00152	0.00285	0.00703	0.71510	0.00542
16	0.02073	0.01631	0.01748	0.05157	0.04253	0.07779	0.01164	0.49108	0.05716	0.06975	0.01394	0.01459	0.01017	0.00722	0.00696	0.00184	0.06944	0.00528	0.00524	0.00928
17	0.01370	0.01697	0.09314	0.04783	0.03078	0.01480	0.65377	0.01881	0.01377	0.01881	0.01181	0.01567	0.00882	0.00507	0.00684	0.00198	0.00981	0.00671	0.00294	0.00799
18	0.00719	0.00522	0.00678	0.00803	0.00852	0.00482	0.00540	0.00826	0.01152	0.01518	0.03508	0.72175	0.10407	0.01820	0.00750	0.00236	0.00339	0.01642	0.00549	0.00482
19	0.00853	0.00599	0.00777	0.00777	0.00823	0.00645	0.00523	0.00945	0.00899	0.01244	0.01743	0.03201	0.01860	0.46893	0.34936	0.00736	0.01010	0.00762	0.00340	0.00432
20	0.01290	0.01089	0.01260	0.00906	0.01428	0.00853	0.00727	0.05977	0.01323	0.02039	0.01074	0.01238	0.00884	0.00455	0.00448	0.00093	0.00451	0.00362	0.00365	0.77736
21	0.01674	0.06893	0.01748	0.01599	0.09411	0.27885	0.01156	0.07305	0.04986	0.01733	0.01195	0.05465	0.01076	0.00962	0.04592	0.00225	0.18211	0.00535	0.02630	0.00722
22	0.00812	0.00584	0.00689	0.00696	0.00764	0.00571	0.00456	0.00898	0.01054	0.01387	0.08049	0.10166	0.17670	0.41541	0.11711	0.00490	0.00607	0.00993	0.00429	0.00434
23	0.01364	0.01533	0.03257	0.02359	0.02889	0.01486	0.65028	0.01819	0.01347	0.01843	0.01234	0.04244	0.00992	0.00589	0.00800	0.00206	0.07214	0.00717	0.00304	0.00774
24	0.02143	0.01406	0.01596	0.01301	0.03510	0.01502	0.01034	0.46569	0.07532	0.18003	0.01764	0.03253	0.01313	0.03517	0.00687	0.00198	0.00598	0.02519	0.00603	0.00954
25	0.01476	0.01573	0.05712	0.14665	0.40995	0.10675	0.04143	0.03635	0.03432	0.01852	0.01236	0.01739	0.01046	0.00622	0.00596	0.00184	0.00763	0.04505	0.00318	0.00833
26	0.01962	0.01389	0.01516	0.01203	0.01582	0.01514	0.00968	0.55133	0.02367	0.05562	0.03502	0.05497	0.01382	0.06107	0.00818	0.03136	0.00594	0.00627	0.04262	0.00878

[dist]
# distance from previous block
# <min> <max>
2	16

[block]
# block no. 2 follows, 39 sequences, length 6
# corresponding to MSA columns:
# 170-175
name=unknown_C
#
# <colnr> <probs for GDERKNQSTAVLIFYWHMCP>
#	G	D	E	R	K	N	Q	S	T	A	V	L	I	F	Y	W	H	M	C	P
0	0.05639	0.01043	0.01308	0.05497	0.01572	0.04285	0.00877	0.02483	0.01567	0.55305	0.04423	0.02273	0.01606	0.05823	0.00750	0.00211	0.00542	0.03277	0.00637	0.00883
1	0.01256	0.09672	0.48259	0.01714	0.09500	0.01373	0.05061	0.01796	0.01259	0.01864	0.01119	0.01333	0.00844	0.00553	0.00534	0.00171	0.00767	0.00451	0.06860	0.05614
2	0.01757	0.47615	0.05927	0.01103	0.01585	0.06301	0.01040	0.07121	0.06214	0.11780	0.01356	0.01382	0.03336	0.00611	0.00466	0.00149	0.00631	0.00432	0.00377	0.00814
3	0.05029	0.01942	0.31748	0.01346	0.01946	0.01263	0.01425	0.13919	0.05383	0.23896	0.01654	0.05151	0.01198	0.00708	0.00580	0.00187	0.00667	0.00564	0.00483	0.00910
4	0.01073	0.00656	0.00828	0.00820	0.00845	0.04867	0.00558	0.00885	0.00839	0.01081	0.01101	0.01895	0.01099	0.05914	0.07541	0.68267	0.00624	0.00532	0.00269	0.00305
5	0.01348	0.01271	0.02151	0.20079	0.53932	0.01330	0.01712	0.01703	0.01311	0.01825	0.01250	0.01879	0.01088	0.00624	0.00604	0.00188	0.00710	0.05845	0.00305	0.00845

[dist]
# distance from previous block
# <min> <max>
0	1

[block]
# block no. 3 follows, 39 sequences, length 13
# corresponding to MSA columns:
# 177,178,182-192
name=unknown_D
#
# <colnr> <probs for GDERKNQSTAVLIFYWHMCP>
#	G	D	E	R	K	N	Q	S	T	A	V	L	I	F	Y	W	H	M	C	P
0	0.01345	0.01284	0.02187	0.28908	0.51173	0.01374	0.01756	0.01711	0.01291	0.01789	0.01091	0.01502	0.00886	0.00549	0.00587	0.00183	0.00732	0.00526	0.00283	0.00841
1	0.01203	0.02943	0.70420	0.01749	0.02601	0.01383	0.07802	0.01875	0.01260	0.01875	0.01072	0.01276	0.00761	0.00557	0.00573	0.00188	0.00884	0.00458	0.00254	0.00868
2	0.01893	0.04930	0.01933	0.06694	0.26643	0.13290	0.01335	0.12686	0.05111	0.15560	0.01385	0.01510	0.01036	0.00634	0.00608	0.00176	0.02744	0.00514	0.00429	0.00888
3	0.10335	0.24241	0.17654	0.01228	0.01745	0.11883	0.01214	0.11167	0.01504	0.08712	0.01146	0.01240	0.00873	0.00591	0.00486	0.00161	0.00699	0.00414	0.03903	0.00806
4	0.00743	0.00527	0.00696	0.00822	0.00858	0.00497	0.00553	0.00846	0.01121	0.01493	0.03141	0.69370	0.03746	0.08058	0.00939	0.00268	0.00371	0.04945	0.00533	0.00474
5	0.00952	0.00936	0.06846	0.01022	0.02913	0.04121	0.02210	0.04536	0.01340	0.01788	0.14504	0.44646	0.05967	0.04384	0.00790	0.00229	0.00451	0.01277	0.00515	0.00572
6	0.01161	0.02530	0.01114	0.07927	0.01388	0.04953	0.00801	0.13009	0.01421	0.01872	0.02410	0.37354	0.05630	0.06810	0.00901	0.00237	0.04764	0.01101	0.04014	0.00604
7	0.01310	0.01589	0.08712	0.06485	0.02924	0.01394	0.58052	0.01785	0.01351	0.01840	0.01345	0.07829	0.01124	0.00618	0.00686	0.00202	0.00923	0.00748	0.00314	0.00770
8	0.00793	0.00623	0.00733	0.00794	0.00945	0.00573	0.00616	0.01013	0.03635	0.01650	0.04540	0.21999	0.38735	0.01589	0.00738	0.00227	0.00377	0.19351	0.00550	0.00521
9	0.01304	0.07443	0.57122	0.01920	0.13087	0.05348	0.02006	0.01884	0.01282	0.01830	0.01047	0.01252	0.00778	0.00556	0.00553	0.00180	0.00844	0.00440	0.00259	0.00866
10	0.01391	0.04998	0.34043	0.02159	0.19871	0.05040	0.11157	0.04738	0.05218	0.01938	0.01181	0.01450	0.00916	0.02575	0.00643	0.00192	0.00812	0.00512	0.00304	0.00861
11	0.00809	0.00559	0.00720	0.00819	0.00903	0.00514	0.00578	0.00937	0.01204	0.04386	0.03627	0.59166	0.14567	0.01739	0.00745	0.00234	0.00358	0.07070	0.00556	0.00508
12	0.01443	0.01536	0.09814	0.07562	0.14184	0.04326	0.18761	0.12918	0.03628	0.02133	0.01457	0.08738	0.01245	0.00715	0.00641	0.00189	0.02393	0.00667	0.06852	0.00798

[dist]
# distance from previous block
# <min> <max>
0	1

[block]
# block no. 4 follows, 39 sequences, length 15
# corresponding to MSA columns:
# 194-208
name=unknown_E
#
# <colnr> <probs for GDERKNQSTAVLIFYWHMCP>
#	G	D	E	R	K	N	Q	S	T	A	V	L	I	F	Y	W	H	M	C	P
0	0.12885	0.02518	0.55634	0.01544	0.02268	0.01315	0.06345	0.01779	0.01190	0.01927	0.01034	0.01267	0.00762	0.00659	0.00664	0.05906	0.00798	0.00442	0.00270	0.00793
1	0.01610	0.01697	0.02216	0.06402	0.56408	0.17786	0.01661	0.01920	0.01411	0.01808	0.01067	0.01382	0.00892	0.00548	0.00574	0.00172	0.00785	0.00495	0.00294	0.00870
2	0.01317	0.01556	0.08730	0.15900	0.12199	0.04923	0.34970	0.01745	0.01339	0.01780	0.01398	0.04892	0.02911	0.00645	0.00651	0.00197	0.00857	0.02914	0.00312	0.00763
3	0.07807	0.01492	0.05255	0.04261	0.13577	0.04479	0.30578	0.01759	0.01264	0.03663	0.01207	0.05857	0.01034	0.00693	0.00857	0.00204	0.14295	0.00637	0.00319	0.00762
4	0.01581	0.02992	0.01075	0.00878	0.01163	0.00790	0.00691	0.04542	0.04361	0.29233	0.19640	0.08344	0.15169	0.03594	0.00714	0.00201	0.00410	0.00888	0.02997	0.00738
5	0.01062	0.01341	0.17222	0.01589	0.12978	0.00961	0.08080	0.03265	0.01327	0.01854	0.12446	0.25222	0.04051	0.04929	0.00780	0.00221	0.00583	0.00979	0.00428	0.00684
6	0.02739	0.12667	0.43924	0.01779	0.09350	0.01543	0.06955	0.08765	0.01417	0.03920	0.01108	0.01286	0.00820	0.00565	0.00550	0.00178	0.00797	0.00460	0.00305	0.00872
7	0.01195	0.05434	0.48836	0.16203	0.06373	0.01373	0.05591	0.01757	0.01242	0.01775	0.01146	0.04380	0.00898	0.00611	0.00576	0.00189	0.00825	0.00516	0.00269	0.00812
8	0.01677	0.01802	0.01400	0.01451	0.09305	0.37847	0.00988	0.03944	0.01528	0.05306	0.02090	0.14406	0.10931	0.00928	0.00596	0.00177	0.00743	0.00740	0.03468	0.00675
9	0.01174	0.01340	0.08180	0.11552	0.07631	0.01214	0.31265	0.01549	0.01279	0.01753	0.04043	0.18922	0.01697	0.00871	0.00741	0.00208	0.04649	0.00867	0.00356	0.00709
10	0.03633	0.01567	0.08702	0.04430	0.10221	0.01447	0.22733	0.21194	0.04166	0.08903	0.01398	0.01619	0.01038	0.02314	0.02146	0.00209	0.00769	0.00587	0.02055	0.00871
11	0.00858	0.00720	0.03802	0.01030	0.05174	0.00633	0.00707	0.03657	0.01218	0.01643	0.05281	0.58831	0.03434	0.06775	0.00881	0.00253	0.00415	0.03637	0.00515	0.00538
12	0.16481	0.01314	0.05621	0.03973	0.28737	0.03669	0.01217	0.06744	0.03051	0.05055	0.03895	0.05288	0.08703	0.00745	0.00561	0.00183	0.00583	0.00625	0.02772	0.00785
13	0.01433	0.01265	0.09124	0.01345	0.09492	0.05955	0.01011	0.10105	0.03813	0.11167	0.02230	0.22561	0.04779	0.03645	0.00706	0.00209	0.00553	0.03063	0.06814	0.00731
14	0.03706	0.09577	0.29566	0.01493	0.04886	0.04079	0.01492	0.26605	0.01788	0.02487	0.03352	0.01396	0.01009	0.00644	0.00591	0.00177	0.03038	0.00481	0.02759	0.00873

[dist]
# distance from previous block
# <min> <max>
39	207

[block]
# block no. 5 follows, 39 sequences, length 10
# corresponding to MSA columns:
# 453-462
name=unknown_F
#
# <colnr> <probs for GDERKNQSTAVLIFYWHMCP>
#	G	D	E	R	K	N	Q	S	T	A	V	L	I	F	Y	W	H	M	C	P
0	0.01328	0.05126	0.20052	0.09839	0.12723	0.01501	0.27468	0.01829	0.03543	0.01808	0.01120	0.01457	0.00868	0.00587	0.00741	0.00196	0.08157	0.00562	0.00287	0.00809
1	0.01308	0.01730	0.21017	0.18398	0.22192	0.04989	0.01617	0.04677	0.04524	0.01954	0.10437	0.01813	0.01470	0.00659	0.00593	0.00185	0.00718	0.00571	0.00346	0.00803
2	0.03678	0.04171	0.39828	0.01764	0.08295	0.03647	0.11951	0.01786	0.01325	0.04073	0.06153	0.04277	0.02742	0.00691	0.00599	0.00190	0.00777	0.02917	0.00331	0.00805
3	0.00754	0.00579	0.00745	0.00833	0.00893	0.00570	0.00581	0.00867	0.01154	0.01519	0.03557	0.61524	0.15684	0.01740	0.00822	0.00235	0.05387	0.01533	0.00530	0.00494
4	0.10071	0.01400	0.14588	0.20652	0.05397	0.03343	0.05438	0.01678	0.02510	0.06911	0.01634	0.06375	0.02820	0.02894	0.00655	0.00208	0.00670	0.07448	0.04604	0.00706
5	0.01385	0.01785	0.16625	0.05352	0.22953	0.07359	0.18502	0.03763	0.04461	0.01889	0.01517	0.05651	0.04708	0.00669	0.00619	0.00188	0.00788	0.00639	0.00332	0.00817
6	0.01404	0.01335	0.02269	0.11153	0.64743	0.01362	0.01757	0.01756	0.01330	0.01881	0.01199	0.01715	0.01035	0.00585	0.00597	0.00182	0.00704	0.03799	0.00301	0.00890
7	0.01825	0.03499	0.06729	0.01427	0.07531	0.14570	0.01106	0.06827	0.23356	0.17678	0.02031	0.02071	0.04985	0.00762	0.00590	0.00184	0.00637	0.02808	0.00514	0.00869
8	0.01808	0.12644	0.20658	0.01511	0.07997	0.03385	0.03146	0.13177	0.01627	0.20459	0.05219	0.01609	0.01237	0.00659	0.00589	0.00176	0.02241	0.00521	0.00450	0.00889
9	0.01247	0.11444	0.63532	0.01582	0.02382	0.01487	0.01979	0.01938	0.05659	0.01856	0.01116	0.01273	0.00814	0.00570	0.00544	0.00181	0.00823	0.00438	0.00271	0.00865

[dist]
# distance from previous block
# <min> <max>
12	79

[block]
# block no. 6 follows, 39 sequences, length 21
# corresponding to MSA columns:
# 550-557,564,565,595-605
name=unknown_G
#
# <colnr> <probs for GDERKNQSTAVLIFYWHMCP>
#	G	D	E	R	K	N	Q	S	T	A	V	L	I	F	Y	W	H	M	C	P
0	0.01420	0.07727	0.08465	0.04048	0.13299	0.01475	0.31478	0.07001	0.01408	0.01986	0.01210	0.01532	0.00946	0.00582	0.00683	0.00184	0.05753	0.00577	0.09430	0.00796
1	0.01325	0.07700	0.06560	0.05201	0.02640	0.01444	0.48434	0.01850	0.06667	0.01841	0.01452	0.09413	0.01247	0.00666	0.00660	0.00197	0.00848	0.00745	0.00339	0.00770
2	0.01057	0.00884	0.00987	0.01019	0.06461	0.03927	0.00711	0.10312	0.01611	0.02075	0.21390	0.08490	0.34122	0.01244	0.00677	0.00194	0.00411	0.03259	0.00550	0.00618
3	0.01452	0.12863	0.48026	0.01644	0.04323	0.01451	0.08587	0.01987	0.01315	0.11183	0.01204	0.01344	0.00860	0.00569	0.00555	0.00179	0.00802	0.00468	0.00317	0.00870
4	0.01229	0.01124	0.10684	0.07305	0.05221	0.00902	0.04615	0.06273	0.01387	0.10611	0.03984	0.30170	0.07645	0.01172	0.00664	0.00208	0.00534	0.02864	0.02720	0.00686
5	0.01444	0.01347	0.02089	0.04737	0.55011	0.03763	0.01577	0.06945	0.01427	0.01976	0.01399	0.01847	0.03528	0.00927	0.06651	0.00241	0.00763	0.03128	0.00334	0.00866
6	0.01626	0.27892	0.15248	0.01248	0.01748	0.04460	0.01223	0.17861	0.09339	0.03743	0.03134	0.01802	0.01261	0.00707	0.00535	0.00171	0.00660	0.06102	0.00409	0.00834
7	0.07565	0.01196	0.01564	0.01560	0.13594	0.01261	0.05113	0.23806	0.03901	0.07106	0.04680	0.06625	0.01579	0.07432	0.06847	0.00279	0.00675	0.02507	0.01916	0.00794
8	0.02965	0.12625	0.38768	0.01879	0.12144	0.10250	0.07542	0.03884	0.01355	0.01836	0.01036	0.01245	0.00794	0.00554	0.00546	0.00174	0.00838	0.00448	0.00278	0.00839
9	0.00883	0.00565	0.00742	0.00831	0.00910	0.00521	0.00574	0.01000	0.01187	0.07417	0.03292	0.64268	0.07669	0.04169	0.00812	0.00245	0.00366	0.03471	0.00557	0.00521
10	0.01279	0.00806	0.01089	0.01016	0.01225	0.00773	0.04352	0.09400	0.01476	0.14469	0.04502	0.38660	0.08208	0.01404	0.00708	0.00221	0.00454	0.08730	0.00574	0.00654
11	0.03090	0.01135	0.01188	0.01051	0.01353	0.10166	0.00833	0.07329	0.05722	0.27496	0.04818	0.12944	0.10255	0.01065	0.00644	0.00199	0.00535	0.08822	0.00588	0.00766
12	0.01168	0.02934	0.72329	0.01638	0.02475	0.01332	0.02102	0.01834	0.01270	0.01898	0.04823	0.01409	0.00994	0.00595	0.00569	0.00187	0.00844	0.00469	0.00270	0.00858
13	0.01260	0.01392	0.08103	0.21212	0.29742	0.01294	0.15171	0.01658	0.01321	0.01810	0.04553	0.01938	0.06618	0.00641	0.00619	0.00189	0.00745	0.00628	0.00317	0.00788
14	0.03963	0.01537	0.02101	0.17866	0.40363	0.12398	0.03971	0.04920	0.01426	0.04264	0.01118	0.01434	0.00892	0.00566	0.00577	0.00178	0.00767	0.00507	0.00318	0.00836
15	0.01486	0.01494	0.07659	0.10199	0.57608	0.01400	0.01763	0.05462	0.01407	0.04187	0.01155	0.01473	0.00928	0.00551	0.00585	0.00179	0.00714	0.00523	0.00315	0.00912
16	0.03581	0.01165	0.01765	0.36148	0.21270	0.03231	0.01452	0.03850	0.03429	0.01721	0.01230	0.04210	0.01051	0.03300	0.06020	0.00258	0.04709	0.00577	0.00311	0.00723
17	0.04203	0.01313	0.01906	0.28967	0.31273	0.06727	0.01526	0.01873	0.03983	0.08466	0.01281	0.01682	0.01011	0.00616	0.00584	0.00186	0.00720	0.02534	0.00343	0.00806
18	0.03855	0.35990	0.22572	0.01232	0.01731	0.05339	0.01302	0.01740	0.01215	0.01655	0.03138	0.01267	0.00951	0.00619	0.00619	0.00163	0.09178	0.00414	0.06269	0.00750
19	0.00982	0.00615	0.00813	0.00842	0.00959	0.00580	0.00613	0.01157	0.02999	0.08543	0.17440	0.37552	0.07783	0.01664	0.03383	0.06798	0.00413	0.05765	0.00556	0.00544
20	0.00891	0.00713	0.00818	0.00839	0.02466	0.00694	0.00596	0.03071	0.11061	0.01818	0.12723	0.20801	0.31876	0.05920	0.02773	0.00247	0.00395	0.01174	0.00547	0.00575

[dist]
# distance from previous block
# <min> <max>
0	7

[block]
# block no. 7 follows, 39 sequences, length 26
# corresponding to MSA columns:
# 613-638
name=unknown_H
#
# <colnr> <probs for GDERKNQSTAVLIFYWHMCP>
#	G	D	E	R	K	N	Q	S	T	A	V	L	I	F	Y	W	H	M	C	P
0	0.02674	0.16301	0.03764	0.05712	0.06076	0.01449	0.01011	0.07952	0.25584	0.06749	0.08046	0.02261	0.08402	0.00791	0.00568	0.00180	0.00530	0.00642	0.00489	0.00819
1	0.02041	0.01409	0.01673	0.01567	0.11119	0.08623	0.04361	0.19055	0.10053	0.25629	0.01845	0.06944	0.01400	0.00762	0.00603	0.00184	0.00626	0.00638	0.00555	0.00913
2	0.00867	0.00625	0.00907	0.00907	0.01012	0.00718	0.00700	0.01077	0.00972	0.01435	0.01622	0.02362	0.01503	0.06476	0.68138	0.00870	0.01443	0.00634	0.07207	0.00525
3	0.01405	0.01344	0.02270	0.06035	0.68520	0.01347	0.01726	0.01746	0.01341	0.01897	0.01405	0.01723	0.05423	0.00588	0.00593	0.00178	0.00681	0.00570	0.00307	0.00901
4	0.01529	0.03266	0.05476	0.17344	0.24666	0.03087	0.06153	0.16154	0.01541	0.02109	0.01106	0.01432	0.00879	0.00651	0.00784	0.00193	0.11934	0.00526	0.00340	0.00832
5	0.00738	0.00515	0.00691	0.00820	0.00853	0.00482	0.00547	0.00820	0.01111	0.01481	0.03129	0.74323	0.03743	0.01865	0.00846	0.05071	0.00353	0.01613	0.00532	0.00467
6	0.01431	0.01366	0.02300	0.03391	0.67755	0.01397	0.01745	0.01765	0.01321	0.01894	0.01182	0.01685	0.01037	0.00607	0.00678	0.00185	0.05373	0.03684	0.00302	0.00902
7	0.02248	0.01656	0.01775	0.01361	0.01834	0.01834	0.01124	0.73556	0.02780	0.03727	0.01420	0.01420	0.01006	0.00710	0.00592	0.00177	0.00651	0.00532	0.00592	0.01006
8	0.01382	0.01702	0.09159	0.02481	0.06329	0.01482	0.64536	0.01889	0.01382	0.01894	0.01182	0.01562	0.00887	0.00505	0.00682	0.00197	0.00974	0.00670	0.00295	0.00810
9	0.00957	0.00799	0.01165	0.01101	0.01180	0.01007	0.00878	0.01148	0.00939	0.01385	0.01382	0.02066	0.01303	0.03586	0.58154	0.00778	0.20707	0.00605	0.00302	0.00558
10	0.01892	0.02141	0.01566	0.01529	0.07214	0.45809	0.01087	0.05527	0.15947	0.01834	0.01387	0.04084	0.01145	0.00693	0.00554	0.00167	0.00831	0.00510	0.05330	0.00753
11	0.00876	0.00625	0.00788	0.00776	0.00807	0.00680	0.00513	0.00943	0.00888	0.01225	0.01731	0.03301	0.01891	0.53905	0.24316	0.00668	0.04526	0.00778	0.00342	0.00421
12	0.00811	0.00540	0.00716	0.00827	0.00887	0.00499	0.00561	0.00921	0.01165	0.05025	0.03300	0.72951	0.05995	0.01789	0.00746	0.00236	0.00349	0.01617	0.00558	0.00506
13	0.01046	0.00718	0.00896	0.13533	0.01404	0.00770	0.00720	0.02812	0.08033	0.01972	0.05970	0.19951	0.04711	0.01006	0.00567	0.00182	0.00402	0.00868	0.33844	0.00595
14	0.22409	0.01291	0.03232	0.15531	0.20625	0.02863	0.01244	0.06416	0.06798	0.12195	0.01303	0.01470	0.00967	0.00606	0.00532	0.00184	0.00619	0.00489	0.00406	0.00818
15	0.01357	0.01297	0.02208	0.26349	0.53639	0.01377	0.01762	0.01722	0.01296	0.01803	0.01094	0.01498	0.00891	0.00547	0.00587	0.00182	0.00729	0.00526	0.00284	0.00851
16	0.00942	0.00761	0.00835	0.00824	0.00936	0.03991	0.00584	0.05102	0.01197	0.01536	0.03040	0.19267	0.20524	0.22697	0.12027	0.00412	0.03331	0.01044	0.00447	0.00504
17	0.56073	0.16776	0.01398	0.00889	0.01287	0.05910	0.00761	0.01871	0.01138	0.08100	0.00947	0.01047	0.00736	0.00558	0.00396	0.00170	0.00531	0.00345	0.00369	0.00695
18	0.00996	0.03172	0.04716	0.01178	0.01366	0.05691	0.11886	0.01187	0.01182	0.01542	0.02398	0.46070	0.02723	0.07986	0.02592	0.00267	0.02816	0.01227	0.00444	0.00564
19	0.01568	0.01426	0.01384	0.01272	0.03666	0.11981	0.00967	0.06871	0.41681	0.04622	0.02268	0.02342	0.06603	0.00835	0.00639	0.00191	0.02806	0.03859	0.00527	0.04493
20	0.01351	0.07891	0.19882	0.07635	0.01986	0.02953	0.03664	0.08213	0.18533	0.02081	0.03384	0.08933	0.01457	0.00754	0.00575	0.00180	0.00634	0.00630	0.00414	0.08850
21	0.16417	0.22516	0.31961	0.01356	0.04277	0.04971	0.01441	0.05065	0.01296	0.01972	0.03179	0.01219	0.00894	0.00572	0.00483	0.00168	0.00710	0.00408	0.00303	0.00791
22	0.02061	0.08437	0.01911	0.01652	0.10566	0.27111	0.01197	0.32742	0.04487	0.02510	0.01196	0.01293	0.00921	0.00640	0.00554	0.00165	0.00790	0.00467	0.00432	0.00867
23	0.01156	0.03482	0.04047	0.06377	0.21993	0.00997	0.01188	0.01485	0.03103	0.03018	0.09608	0.06194	0.02430	0.04536	0.00780	0.00228	0.00579	0.25292	0.00440	0.03066
24	0.01180	0.00970	0.01237	0.01124	0.01290	0.01088	0.02931	0.13413	0.06491	0.01958	0.02404	0.33512	0.07107	0.01399	0.03208	0.00243	0.15878	0.01060	0.00482	0.03024
25	0.01387	0.04800	0.01539	0.01216	0.01477	0.07628	0.04146	0.03860	0.05812	0.05097	0.01434	0.10925	0.01350	0.03160	0.01006	0.00196	0.21989	0.00633	0.02831	0.19515

[dist]
# distance from previous block
# <min> <max>
58	102

[block]
# block no. 8 follows, 39 sequences, length 18
# corresponding to MSA columns:
# 853-870
name=unknown_I
#
# <colnr> <probs for GDERKNQSTAVLIFYWHMCP>
#	G	D	E	R	K	N	Q	S	T	A	V	L	I	F	Y	W	H	M	C	P
0	0.01775	0.01145	0.01493	0.01108	0.01596	0.01002	0.06139	0.12120	0.01612	0.23363	0.04663	0.01643	0.01266	0.00598	0.00535	0.00140	0.00521	0.00502	0.00503	0.38277
1	0.01182	0.00855	0.01014	0.00926	0.01150	0.00850	0.00703	0.09816	0.08690	0.07032	0.14385	0.25827	0.12927	0.01239	0.00707	0.00198	0.03122	0.01062	0.00560	0.07755
2	0.01968	0.01199	0.01377	0.01104	0.01494	0.01232	0.00895	0.29848	0.09708	0.24478	0.09245	0.02470	0.10570	0.00867	0.00616	0.00185	0.00511	0.00701	0.00634	0.00896
3	0.54395	0.01218	0.01101	0.00926	0.01306	0.01366	0.00759	0.18406	0.01502	0.06924	0.06214	0.01365	0.01114	0.00642	0.00454	0.00182	0.00492	0.00437	0.00458	0.00740
4	0.03172	0.01114	0.04613	0.05523	0.01468	0.03237	0.00888	0.09469	0.20590	0.04923	0.05319	0.11913	0.06750	0.11106	0.00947	0.00253	0.00531	0.06963	0.00512	0.00708
5	0.01595	0.01315	0.02115	0.08201	0.53408	0.01336	0.01591	0.02068	0.08823	0.11579	0.01399	0.01619	0.01083	0.00586	0.00589	0.00181	0.00659	0.00550	0.00379	0.00926
6	0.03862	0.01125	0.01877	0.61214	0.07054	0.01330	0.06556	0.03860	0.01270	0.04649	0.01120	0.01566	0.00832	0.00590	0.00591	0.00195	0.00773	0.00534	0.00299	0.00704
7	0.05342	0.01189	0.01303	0.00969	0.01465	0.04121	0.00780	0.09337	0.01450	0.10144	0.01213	0.01313	0.00938	0.00511	0.00472	0.00115	0.00495	0.00396	0.00416	0.58033
8	0.05353	0.04298	0.01476	0.01123	0.01521	0.03924	0.00918	0.28075	0.04251	0.26978	0.12327	0.03635	0.01866	0.00798	0.00592	0.00180	0.00543	0.00636	0.00613	0.00893
9	0.01824	0.01334	0.01502	0.04482	0.01693	0.01422	0.00988	0.47362	0.02213	0.05370	0.01745	0.16050	0.01547	0.00895	0.00607	0.00182	0.00573	0.00733	0.00550	0.08929
10	0.05858	0.04496	0.01390	0.06091	0.01510	0.08474	0.00950	0.12117	0.01387	0.01968	0.01572	0.01869	0.06477	0.01310	0.11447	0.00293	0.17292	0.00558	0.11912	0.03030
11	0.01027	0.00514	0.00770	0.00770	0.00770	0.00514	0.00514	0.00770	0.00770	0.01027	0.01027	0.01798	0.01027	0.02054	0.02311	0.82794	0.00514	0.00514	0.00257	0.00257
12	0.01065	0.00995	0.01629	0.68279	0.03669	0.01213	0.01495	0.01429	0.01203	0.01522	0.01660	0.02084	0.09972	0.00703	0.00605	0.00197	0.00728	0.00615	0.00298	0.00638
13	0.06055	0.40610	0.26787	0.01267	0.01867	0.08525	0.01383	0.01893	0.01265	0.04183	0.00961	0.01095	0.00774	0.00544	0.00460	0.00154	0.00736	0.00371	0.00279	0.00792
14	0.01471	0.01270	0.01337	0.01203	0.01538	0.01471	0.00936	0.03142	0.74459	0.02474	0.02407	0.02206	0.01805	0.00802	0.00602	0.00201	0.00468	0.00669	0.00602	0.00936
15	0.01117	0.01051	0.01774	0.77795	0.04073	0.01314	0.01642	0.01511	0.01182	0.01511	0.01051	0.01577	0.00788	0.00591	0.00591	0.00197	0.00788	0.00526	0.00263	0.00657
16	0.05446	0.01353	0.01542	0.01201	0.01646	0.01414	0.00987	0.39778	0.06247	0.28767	0.04265	0.01754	0.01350	0.00733	0.00588	0.00181	0.00569	0.00572	0.00634	0.00973
17	0.03041	0.01183	0.01714	0.42500	0.06286	0.04582	0.01430	0.01532	0.01130	0.01570	0.01018	0.01493	0.00832	0.00723	0.00965	0.00208	0.23250	0.00514	0.05367	0.00661

[dist]
# distance from previous block
# <min> <max>
4	6

[block]
# block no. 9 follows, 39 sequences, length 19
# corresponding to MSA columns:
# 878-896
name=unknown_J
#
# <colnr> <probs for GDERKNQSTAVLIFYWHMCP>
#	G	D	E	R	K	N	Q	S	T	A	V	L	I	F	Y	W	H	M	C	P
0	0.05525	0.01044	0.01225	0.01031	0.03586	0.03565	0.00783	0.01611	0.01311	0.11158	0.09660	0.08543	0.01722	0.00745	0.00631	0.00147	0.06254	0.00596	0.00440	0.40421
1	0.01549	0.73315	0.09073	0.01067	0.01603	0.02261	0.01108	0.01779	0.01205	0.01431	0.00842	0.00973	0.00758	0.00511	0.00394	0.00131	0.00652	0.00326	0.00253	0.00768
2	0.01196	0.01019	0.01194	0.00873	0.01369	0.00770	0.00692	0.01450	0.01221	0.01902	0.01182	0.05834	0.01056	0.00522	0.00457	0.00097	0.00432	0.00429	0.00362	0.77943
3	0.01257	0.01240	0.01741	0.01503	0.01512	0.01724	0.01248	0.01393	0.00909	0.01419	0.00842	0.01378	0.00834	0.01313	0.08069	0.00315	0.71874	0.00527	0.00264	0.00637
4	0.01560	0.75582	0.06909	0.01047	0.01572	0.02290	0.01073	0.01776	0.01204	0.01416	0.00835	0.00964	0.00758	0.00509	0.00389	0.00130	0.00645	0.00323	0.00253	0.00765
5	0.01581	0.79572	0.03099	0.01012	0.01518	0.02340	0.01012	0.01771	0.01202	0.01391	0.00822	0.00949	0.00759	0.00506	0.00379	0.00126	0.00632	0.00316	0.00253	0.00759
6	0.00860	0.00573	0.00645	0.00645	0.00645	0.00573	0.00358	0.00860	0.00860	0.01147	0.01863	0.03870	0.02150	0.79217	0.03010	0.00573	0.00573	0.00860	0.00358	0.00358
7	0.00721	0.00515	0.00686	0.00823	0.00858	0.00480	0.00549	0.00823	0.01132	0.01510	0.03259	0.78831	0.03911	0.01853	0.00755	0.00240	0.00343	0.01681	0.00549	0.00480
8	0.01726	0.66106	0.02827	0.01062	0.01546	0.09054	0.01012	0.01916	0.01285	0.07493	0.00954	0.01046	0.00817	0.00534	0.00411	0.00133	0.00662	0.00345	0.00297	0.00772
9	0.01433	0.01237	0.01301	0.01174	0.01501	0.01423	0.00912	0.03029	0.70836	0.02430	0.02585	0.02379	0.05447	0.00837	0.00607	0.00201	0.00460	0.00697	0.00599	0.00914
10	0.01226	0.01051	0.01226	0.00876	0.01401	0.00788	0.00701	0.01489	0.01226	0.01927	0.01051	0.01226	0.00876	0.00438	0.00438	0.00088	0.00438	0.00350	0.00350	0.82832
11	0.00776	0.00565	0.00720	0.00817	0.00890	0.00534	0.00584	0.00905	0.01166	0.01520	0.03439	0.45023	0.14190	0.11037	0.02819	0.00296	0.00427	0.13290	0.00520	0.00481
12	0.01233	0.08593	0.64680	0.01703	0.02527	0.01455	0.08047	0.01867	0.01257	0.01839	0.01055	0.01255	0.00762	0.00552	0.00560	0.00184	0.00866	0.00450	0.00254	0.00859
13	0.02029	0.02089	0.01504	0.01408	0.04583	0.48178	0.01040	0.02215	0.01630	0.14437	0.05576	0.01985	0.05708	0.00764	0.00579	0.00169	0.00840	0.04117	0.00423	0.00726
14	0.00837	0.00609	0.00718	0.00700	0.00868	0.00536	0.00521	0.01038	0.01474	0.04886	0.34171	0.12601	0.36121	0.01385	0.00700	0.00198	0.00304	0.01193	0.00599	0.00542
15	0.01272	0.01221	0.02081	0.42144	0.32051	0.01381	0.04154	0.01639	0.01240	0.01685	0.01066	0.01518	0.00850	0.00585	0.00661	0.00192	0.04679	0.00532	0.00276	0.00771
16	0.33452	0.01693	0.05778	0.15824	0.01998	0.22899	0.01089	0.01882	0.01280	0.03689	0.01059	0.01440	0.00869	0.00634	0.00497	0.00182	0.00725	0.03998	0.00339	0.00674
17	0.04590	0.01916	0.01344	0.01243	0.01512	0.41848	0.00940	0.02063	0.11482	0.01752	0.08398	0.07695	0.06099	0.00868	0.00586	0.00175	0.00756	0.03506	0.00422	0.02804
18	0.01131	0.00896	0.00907	0.00926	0.01078	0.09237	0.00671	0.03491	0.03931	0.08011	0.03227	0.45717	0.13674	0.01486	0.00699	0.00217	0.00451	0.03125	0.00540	0.00585

[dist]
# distance from previous block
# <min> <max>
18	70

[block]
# block no. 10 follows, 39 sequences, length 7
# corresponding to MSA columns:
# 999-1005
name=unknown_K
#
# <colnr> <probs for GDERKNQSTAVLIFYWHMCP>
#	G	D	E	R	K	N	Q	S	T	A	V	L	I	F	Y	W	H	M	C	P
0	0.01425	0.01229	0.01316	0.01142	0.01512	0.01342	0.00892	0.02830	0.60620	0.02371	0.02151	0.02021	0.01630	0.00733	0.00571	0.00179	0.00462	0.00608	0.00554	0.16412
1	0.01357	0.01472	0.02947	0.02123	0.02666	0.01383	0.54723	0.01786	0.01330	0.01868	0.01140	0.01505	0.00885	0.00524	0.00734	0.00182	0.06159	0.00620	0.00306	0.16290
2	0.01423	0.51760	0.11381	0.01067	0.01538	0.05466	0.01073	0.01688	0.01319	0.01637	0.14914	0.01646	0.01669	0.00650	0.00469	0.00146	0.00616	0.00476	0.00330	0.00731
3	0.00854	0.00638	0.00792	0.00841	0.00973	0.00609	0.00656	0.01103	0.04029	0.01774	0.16904	0.15103	0.20034	0.08894	0.00960	0.00262	0.00413	0.24085	0.00550	0.00525
4	0.01882	0.11210	0.01881	0.15921	0.04659	0.41931	0.01235	0.08567	0.04211	0.01711	0.01035	0.01235	0.00831	0.00607	0.00536	0.00163	0.00892	0.00429	0.00327	0.00735
5	0.01334	0.00892	0.01026	0.00889	0.01149	0.03550	0.00690	0.08362	0.03671	0.14115	0.35627	0.07159	0.11722	0.01067	0.00649	0.00182	0.00400	0.00910	0.00608	0.06000
6	0.01623	0.41608	0.08034	0.01360	0.08378	0.08949	0.01150	0.01870	0.01334	0.08472	0.07183	0.01433	0.01241	0.00627	0.00550	0.00155	0.04466	0.00449	0.00339	0.00778

[dist]
# distance from previous block
# <min> <max>
0	12

[block]
# block no. 11 follows, 39 sequences, length 6
# corresponding to MSA columns:
# 1018-1023
name=unknown_L
#
# <colnr> <probs for GDERKNQSTAVLIFYWHMCP>
#	G	D	E	R	K	N	Q	S	T	A	V	L	I	F	Y	W	H	M	C	P
0	0.01566	0.01194	0.01353	0.01213	0.07532	0.05988	0.00872	0.07196	0.07485	0.12785	0.01672	0.05954	0.03457	0.00668	0.00529	0.00142	0.00514	0.00550	0.03114	0.36215
1	0.09788	0.04492	0.14124	0.09945	0.05568	0.01240	0.01168	0.15368	0.01611	0.07171	0.13026	0.02068	0.04844	0.00744	0.00565	0.00179	0.00581	0.00601	0.04245	0.02674
2	0.01188	0.01061	0.01474	0.11750	0.01891	0.00905	0.07665	0.01479	0.01229	0.01834	0.01235	0.07284	0.01099	0.00574	0.00508	0.00125	0.00532	0.00510	0.00349	0.57307
3	0.01425	0.01677	0.12369	0.06697	0.26445	0.01488	0.26103	0.06697	0.01404	0.01970	0.01125	0.01470	0.00882	0.00578	0.00730	0.00193	0.07020	0.00573	0.00305	0.00847
4	0.01314	0.01397	0.05882	0.13983	0.27860	0.01313	0.23604	0.01720	0.01328	0.01838	0.01325	0.02019	0.01137	0.00636	0.00635	0.00192	0.00784	0.07665	0.00316	0.05054
5	0.01366	0.01477	0.02773	0.10024	0.08434	0.05575	0.45964	0.01790	0.01375	0.01822	0.01346	0.02044	0.01131	0.00627	0.00669	0.00197	0.00886	0.07716	0.00322	0.04461

[dist]
# distance from previous block
# <min> <max>
0	3

[block]
# block no. 12 follows, 39 sequences, length 7
# corresponding to MSA columns:
# 1029-1035
name=unknown_M
#
# <colnr> <probs for GDERKNQSTAVLIFYWHMCP>
#	G	D	E	R	K	N	Q	S	T	A	V	L	I	F	Y	W	H	M	C	P
0	0.01625	0.01268	0.01543	0.08067	0.04425	0.03473	0.03288	0.20187	0.04186	0.08305	0.01401	0.04569	0.01116	0.00657	0.00602	0.00155	0.03879	0.00528	0.02776	0.27951
1	0.01220	0.00884	0.01008	0.00874	0.01166	0.00829	0.00676	0.07014	0.11085	0.08533	0.10649	0.07959	0.22045	0.05283	0.00753	0.00199	0.00415	0.03061	0.00539	0.15809
2	0.01393	0.01166	0.01546	0.03627	0.01693	0.01150	0.11206	0.14646	0.14717	0.04440	0.02473	0.05514	0.15736	0.00838	0.00605	0.00174	0.00544	0.00731	0.00487	0.17313
3	0.01300	0.01055	0.01409	0.13506	0.07265	0.01124	0.03477	0.17541	0.06492	0.02338	0.18144	0.03234	0.10902	0.00978	0.00656	0.00198	0.00543	0.08601	0.00511	0.00726
4	0.01771	0.00999	0.01208	0.01005	0.01343	0.00974	0.00798	0.13301	0.10384	0.28575	0.14129	0.09553	0.08351	0.00966	0.00629	0.00188	0.00453	0.00812	0.00636	0.03927
5	0.42886	0.08943	0.08273	0.07236	0.01816	0.01454	0.10737	0.01717	0.01130	0.02185	0.03396	0.01255	0.00881	0.00594	0.00554	0.00186	0.05299	0.00434	0.00331	0.00693
6	0.01618	0.03577	0.04946	0.03917	0.12506	0.03295	0.05442	0.06693	0.14729	0.12759	0.01513	0.01586	0.01133	0.00597	0.00548	0.00158	0.00591	0.00511	0.00444	0.23438

[dist]
# distance from previous block
# <min> <max>
0	2

[block]
# block no. 13 follows, 39 sequences, length 37
# corresponding to MSA columns:
# 1038-1074
name=unknown_N
#
# <colnr> <probs for GDERKNQSTAVLIFYWHMCP>
#	G	D	E	R	K	N	Q	S	T	A	V	L	I	F	Y	W	H	M	C	P
0	0.12071	0.01411	0.01958	0.11090	0.34080	0.05410	0.05405	0.07714	0.08366	0.02145	0.01208	0.01456	0.00956	0.00578	0.00558	0.00178	0.00680	0.00509	0.00355	0.03871
1	0.46569	0.07695	0.01341	0.00982	0.01388	0.01525	0.00823	0.23791	0.01610	0.04982	0.03664	0.01252	0.00960	0.00623	0.00455	0.00177	0.00526	0.00419	0.00447	0.00770
2	0.00854	0.00578	0.00663	0.00661	0.00677	0.00578	0.00386	0.00878	0.00908	0.01214	0.04586	0.03873	0.04456	0.70621	0.06281	0.00566	0.00601	0.00869	0.00373	0.00378
3	0.01464	0.01405	0.02400	0.03630	0.75528	0.01405	0.01815	0.01815	0.01347	0.01932	0.01112	0.01464	0.00937	0.00527	0.00585	0.00176	0.00703	0.00527	0.00293	0.00937
4	0.00893	0.00700	0.01025	0.00998	0.01087	0.00843	0.00778	0.01084	0.00941	0.01366	0.01514	0.02295	0.01440	0.07950	0.65186	0.00858	0.09565	0.00633	0.00313	0.00532
5	0.00911	0.00710	0.00888	0.05312	0.01138	0.00704	0.00653	0.01346	0.10306	0.02231	0.53013	0.04154	0.14044	0.01162	0.00680	0.00190	0.00334	0.01013	0.00609	0.00601
6	0.01186	0.03059	0.76153	0.01686	0.02560	0.01373	0.02185	0.01873	0.01249	0.01873	0.01061	0.01249	0.00749	0.00562	0.00562	0.00187	0.00874	0.00437	0.00250	0.00874
7	0.01400	0.01156	0.01319	0.00963	0.01476	0.00976	0.00776	0.13332	0.03286	0.02235	0.01145	0.01282	0.00920	0.00491	0.00467	0.00105	0.00474	0.00388	0.00396	0.67413
8	0.00902	0.00619	0.00811	0.00755	0.00906	0.00569	0.00569	0.01179	0.01675	0.04989	0.72622	0.04332	0.05434	0.01192	0.00694	0.00186	0.00287	0.01053	0.00654	0.00574
9	0.01117	0.01051	0.01774	0.77795	0.04073	0.01314	0.01642	0.01511	0.01182	0.01511	0.01051	0.01577	0.00788	0.00591	0.00591	0.00197	0.00788	0.00526	0.00263	0.00657
10	0.01453	0.01389	0.02344	0.05854	0.70702	0.01405	0.01779	0.01852	0.03911	0.01938	0.01156	0.01493	0.00963	0.00539	0.00586	0.00177	0.00697	0.00532	0.00303	0.00928
11	0.01453	0.01394	0.02381	0.05972	0.73271	0.01402	0.01809	0.01805	0.01341	0.01919	0.01110	0.01467	0.00932	0.00529	0.00586	0.00176	0.00705	0.00527	0.00292	0.00928
12	0.02432	0.01106	0.04812	0.01075	0.01525	0.00924	0.00916	0.05088	0.03748	0.63653	0.04011	0.02085	0.01549	0.03419	0.00678	0.00197	0.00521	0.00608	0.00686	0.00965
13	0.01297	0.26018	0.51584	0.01462	0.02200	0.01641	0.01790	0.01820	0.01238	0.01724	0.01060	0.01344	0.00843	0.00582	0.00516	0.00172	0.00790	0.02831	0.00261	0.00828
14	0.01117	0.01051	0.01774	0.77795	0.04073	0.01314	0.01642	0.01511	0.01182	0.01511	0.01051	0.01577	0.00788	0.00591	0.00591	0.00197	0.00788	0.00526	0.00263	0.00657
15	0.01262	0.06889	0.63760	0.01744	0.04619	0.01421	0.06695	0.01890	0.01269	0.03554	0.01088	0.01279	0.00781	0.00558	0.00563	0.00184	0.00856	0.00454	0.00265	0.00868
16	0.02156	0.05283	0.01762	0.01632	0.06971	0.65461	0.01173	0.02327	0.01637	0.04932	0.00991	0.01134	0.00806	0.00606	0.00534	0.00155	0.01000	0.00399	0.00322	0.00721
17	0.00721	0.00515	0.00686	0.00823	0.00858	0.00480	0.00549	0.00823	0.01132	0.01510	0.03259	0.78831	0.03911	0.01853	0.00755	0.00240	0.00343	0.01681	0.00549	0.00480
18	0.01472	0.01453	0.02422	0.06215	0.65721	0.04010	0.06364	0.01828	0.01355	0.01897	0.01109	0.01463	0.00923	0.00530	0.00591	0.00177	0.00737	0.00533	0.00292	0.00909
19	0.83394	0.01144	0.00869	0.00778	0.01144	0.01327	0.00640	0.01738	0.01006	0.02653	0.00823	0.00961	0.00640	0.00549	0.00366	0.00183	0.00457	0.00320	0.00366	0.00640
20	0.00886	0.00622	0.00762	0.00725	0.00886	0.00566	0.00543	0.01104	0.01492	0.05425	0.42579	0.04619	0.24982	0.06862	0.03395	0.00245	0.00366	0.02805	0.00591	0.00547
21	0.01196	0.02991	0.72766	0.01723	0.02584	0.01379	0.05504	0.01874	0.01255	0.01874	0.01068	0.01265	0.00756	0.00559	0.00568	0.00188	0.00880	0.00449	0.00252	0.00870
22	0.01102	0.00551	0.00551	0.00551	0.00689	0.00551	0.00413	0.01378	0.01240	0.02205	0.01929	0.02205	0.01516	0.00689	0.00413	0.00138	0.00276	0.00551	0.82500	0.00551
23	0.01501	0.01545	0.02357	0.05443	0.53010	0.10162	0.10230	0.01838	0.01377	0.01841	0.01185	0.04600	0.01029	0.00589	0.00600	0.00179	0.00768	0.00577	0.00304	0.00863
24	0.01396	0.01595	0.03490	0.02493	0.03091	0.01496	0.73380	0.01894	0.01396	0.01894	0.01196	0.01595	0.00897	0.00499	0.00698	0.00199	0.00997	0.00698	0.00299	0.00798
25	0.01102	0.00551	0.00551	0.00551	0.00689	0.00551	0.00413	0.01378	0.01240	0.02205	0.01929	0.02205	0.01516	0.00689	0.00413	0.00138	0.00276	0.00551	0.82500	0.00551
26	0.01451	0.01482	0.05838	0.03539	0.72126	0.01404	0.01832	0.01818	0.01342	0.01929	0.01110	0.01454	0.00928	0.00529	0.00584	0.00176	0.00711	0.00523	0.00291	0.00934
27	0.01464	0.01405	0.02400	0.03630	0.75528	0.01405	0.01815	0.01815	0.01347	0.01932	0.01112	0.01464	0.00937	0.00527	0.00585	0.00176	0.00703	0.00527	0.00293	0.00937
28	0.00860	0.00573	0.00645	0.00645	0.00645	0.00573	0.00358	0.00860	0.00860	0.01147	0.01863	0.03870	0.02150	0.79217	0.03010	0.00573	0.00573	0.00860	0.00358	0.00358
29	0.00845	0.00634	0.00950	0.00950	0.01056	0.00739	0.00739	0.01056	0.00950	0.01373	0.01584	0.02323	0.01478	0.04435	0.76873	0.00950	0.01584	0.00634	0.00317	0.00528
30	0.01581	0.79572	0.03099	0.01012	0.01518	0.02340	0.01012	0.01771	0.01202	0.01391	0.00822	0.00949	0.00759	0.00506	0.00379	0.00126	0.00632	0.00316	0.00253	0.00759
