[name]
unknown

[dist]
# distance from previous block
# <min> <max>
14	90

[block]
# block no. 0 follows, 45 sequences, length 9
# corresponding to MSA columns:
# 150-158
name=unknown_A
#
# <colnr> <probs for GDERKNQSTAVLIFYWHMCP>
#	G	D	E	R	K	N	Q	S	T	A	V	L	I	F	Y	W	H	M	C	P
0	0.01498	0.01395	0.10209	0.01174	0.01593	0.01268	0.05974	0.33923	0.09645	0.02462	0.05315	0.01669	0.01248	0.07661	0.00719	0.00186	0.00566	0.00525	0.00438	0.12532
1	0.07118	0.03981	0.09357	0.01225	0.04121	0.27730	0.01003	0.09166	0.03966	0.05363	0.01043	0.01219	0.00830	0.00697	0.00688	0.08281	0.04272	0.00404	0.03479	0.06058
2	0.08476	0.18627	0.22531	0.05698	0.20779	0.01341	0.01342	0.01527	0.01103	0.01617	0.01098	0.07871	0.00989	0.00745	0.03931	0.00190	0.00658	0.00492	0.00272	0.00713
3	0.21602	0.10477	0.01432	0.07877	0.09659	0.04436	0.03059	0.07591	0.04525	0.01884	0.01208	0.02976	0.03549	0.04157	0.00607	0.03196	0.00530	0.00456	0.02051	0.08729
4	0.07126	0.00926	0.01158	0.04288	0.04616	0.06991	0.07807	0.01198	0.03284	0.01450	0.01970	0.23611	0.07270	0.16974	0.01129	0.00258	0.08192	0.00864	0.00368	0.00519
5	0.26708	0.00787	0.00911	0.11720	0.01300	0.00884	0.00688	0.04567	0.04360	0.01650	0.01110	0.07563	0.01031	0.01141	0.01090	0.32732	0.00477	0.00504	0.00313	0.00465
6	0.14599	0.01235	0.06706	0.09828	0.03391	0.07985	0.06970	0.08716	0.01202	0.01771	0.01392	0.09819	0.03805	0.07619	0.02823	0.00225	0.08054	0.00603	0.02650	0.00606
7	0.01057	0.00777	0.00938	0.06330	0.04281	0.00789	0.00695	0.07605	0.10365	0.05640	0.09405	0.08744	0.22473	0.01080	0.03237	0.00195	0.00419	0.02832	0.10396	0.02743
8	0.04204	0.01183	0.03296	0.03205	0.01283	0.13591	0.03588	0.12400	0.05292	0.01894	0.01393	0.03077	0.01172	0.06772	0.08866	0.00253	0.03945	0.00517	0.23458	0.00609

[dist]
# distance from previous block
# <min> <max>
4	13

[block]
# block no. 1 follows, 45 sequences, length 8
# corresponding to MSA columns:
# 174-181
name=unknown_B
#
# <colnr> <probs for GDERKNQSTAVLIFYWHMCP>
#	G	D	E	R	K	N	Q	S	T	A	V	L	I	F	Y	W	H	M	C	P
0	0.29685	0.01180	0.07842	0.27563	0.08266	0.01195	0.01127	0.05545	0.03493	0.04405	0.04251	0.01340	0.00922	0.00556	0.00469	0.00171	0.00570	0.00434	0.00326	0.00659
1	0.01581	0.01261	0.01444	0.04842	0.01572	0.06493	0.04908	0.35664	0.01761	0.04143	0.01333	0.05575	0.01085	0.00886	0.05136	0.00204	0.07680	0.00537	0.09767	0.04130
2	0.01472	0.04024	0.03737	0.01024	0.01351	0.06574	0.00841	0.30635	0.08598	0.04248	0.12176	0.08654	0.08385	0.00833	0.00553	0.00164	0.00498	0.00678	0.00492	0.05064
3	0.04775	0.00662	0.00770	0.00742	0.00897	0.00664	0.00559	0.01266	0.12964	0.01927	0.38523	0.08435	0.12750	0.07142	0.00774	0.00207	0.00328	0.05548	0.00529	0.00538
4	0.01126	0.00810	0.01117	0.09211	0.03285	0.00815	0.04684	0.12515	0.01338	0.08197	0.03854	0.34879	0.07878	0.01147	0.00658	0.02884	0.00451	0.00982	0.00460	0.03711
5	0.00998	0.00544	0.00587	0.00573	0.00689	0.00577	0.00438	0.01238	0.01094	0.01919	0.01673	0.01958	0.01335	0.00825	0.04634	0.00171	0.05014	0.00502	0.74728	0.00504
6	0.01013	0.00901	0.01223	0.12110	0.06248	0.05017	0.04293	0.02914	0.01042	0.01401	0.01601	0.19178	0.01698	0.14343	0.04105	0.02164	0.13643	0.03906	0.02674	0.00526
7	0.01711	0.01255	0.01370	0.01102	0.01437	0.01370	0.00883	0.57435	0.02169	0.02913	0.05832	0.12467	0.01564	0.05108	0.00680	0.00189	0.00530	0.00670	0.00523	0.00793

[dist]
# distance from previous block
# <min> <max>
20	55

[block]
# block no. 2 follows, 45 sequences, length 15
# corresponding to MSA columns:
# 243-257
name=unknown_C
#
# <colnr> <probs for GDERKNQSTAVLIFYWHMCP>
#	G	D	E	R	K	N	Q	S	T	A	V	L	I	F	Y	W	H	M	C	P
0	0.54033	0.01096	0.01016	0.00846	0.01204	0.01211	0.00696	0.16093	0.01336	0.14239	0.03068	0.01181	0.00877	0.00568	0.00412	0.00165	0.00451	0.00384	0.00430	0.00694
1	0.00912	0.00670	0.00786	0.00790	0.00913	0.00667	0.00563	0.14305	0.01304	0.01715	0.02911	0.48201	0.13923	0.08683	0.00837	0.00230	0.00375	0.01212	0.00490	0.00514
2	0.02085	0.01049	0.01600	0.01208	0.01634	0.00966	0.14314	0.07190	0.05052	0.53972	0.03899	0.01790	0.01324	0.00639	0.00559	0.00169	0.00539	0.00568	0.00578	0.00865
3	0.01053	0.03835	0.57775	0.01415	0.04082	0.01121	0.03240	0.01571	0.01185	0.03104	0.09259	0.04598	0.04156	0.00647	0.00535	0.00171	0.00687	0.00535	0.00295	0.00737
4	0.01931	0.00799	0.01070	0.00880	0.01205	0.00695	0.00702	0.02111	0.01416	0.57345	0.02571	0.16350	0.08672	0.00911	0.00575	0.00177	0.00414	0.00771	0.00619	0.00786
5	0.00939	0.00516	0.00566	0.00562	0.00683	0.00512	0.00423	0.01181	0.01181	0.01964	0.15407	0.02509	0.02097	0.02725	0.03785	0.00176	0.00313	0.02534	0.61430	0.00496
6	0.01297	0.04874	0.14702	0.15569	0.39278	0.08372	0.05045	0.01657	0.01206	0.01619	0.00969	0.01267	0.00777	0.00498	0.00522	0.00162	0.00716	0.00452	0.00254	0.00765
7	0.00777	0.00536	0.00664	0.00664	0.00691	0.00563	0.00423	0.00831	0.00804	0.01099	0.01620	0.03117	0.01780	0.59425	0.24208	0.00617	0.00779	0.00723	0.00315	0.00369
8	0.01189	0.00644	0.00855	0.00748	0.00950	0.00580	0.00580	0.01430	0.01524	0.21949	0.57869	0.03441	0.04092	0.00985	0.00609	0.00168	0.00306	0.00859	0.00610	0.00613
9	0.01125	0.00829	0.01071	0.00952	0.01128	0.00944	0.02359	0.17923	0.01279	0.01845	0.01402	0.01871	0.01214	0.04569	0.41094	0.00532	0.06137	0.00543	0.12594	0.00588
10	0.02007	0.02511	0.01525	0.01376	0.01660	0.75502	0.01036	0.05466	0.01566	0.01407	0.00850	0.00982	0.00701	0.00557	0.00486	0.00139	0.00951	0.00352	0.00288	0.00635
11	0.01435	0.81458	0.02813	0.00918	0.01378	0.02124	0.00918	0.01607	0.01091	0.01263	0.00746	0.00861	0.00689	0.00459	0.00344	0.00115	0.00574	0.00287	0.00230	0.00689
12	0.02258	0.00880	0.01198	0.00930	0.01319	0.00763	0.00763	0.02470	0.01535	0.71237	0.08983	0.02026	0.01669	0.00704	0.00548	0.00166	0.00438	0.00579	0.00658	0.00876
13	0.01313	0.01260	0.02151	0.07001	0.74199	0.01271	0.01640	0.01634	0.01215	0.01735	0.01007	0.01334	0.00844	0.00481	0.00532	0.00160	0.00641	0.00478	0.00264	0.00838
14	0.00780	0.00523	0.00600	0.00600	0.00605	0.00528	0.00343	0.00790	0.00785	0.01052	0.01678	0.03439	0.01919	0.77079	0.06744	0.00538	0.00569	0.00770	0.00323	0.00333

[dist]
# distance from previous block
# <min> <max>
0	11

[block]
# block no. 3 follows, 45 sequences, length 27
# corresponding to MSA columns:
# 276-302
name=unknown_D
#
# <colnr> <probs for GDERKNQSTAVLIFYWHMCP>
#	G	D	E	R	K	N	Q	S	T	A	V	L	I	F	Y	W	H	M	C	P
0	0.00654	0.00467	0.00623	0.00747	0.00779	0.00436	0.00498	0.00747	0.01028	0.01370	0.02959	0.80785	0.03550	0.01682	0.00685	0.00218	0.00311	0.01526	0.00498	0.00436
1	0.02041	0.01504	0.01611	0.01235	0.01665	0.01665	0.01020	0.75997	0.02524	0.03383	0.01289	0.01289	0.00913	0.00644	0.00537	0.00161	0.00591	0.00483	0.00537	0.00913
2	0.01014	0.00954	0.01610	0.79845	0.03697	0.01193	0.01491	0.01371	0.01073	0.01371	0.00954	0.01431	0.00716	0.00537	0.00537	0.00179	0.00716	0.00477	0.00239	0.00596
3	0.68674	0.01217	0.07748	0.00847	0.01232	0.01216	0.02406	0.04987	0.01038	0.05357	0.00852	0.00964	0.00640	0.00511	0.00372	0.00167	0.00469	0.00326	0.00344	0.00631
4	0.00644	0.00532	0.00566	0.00591	0.00744	0.00454	0.00435	0.00775	0.01189	0.01440	0.04933	0.18641	0.62574	0.01420	0.00646	0.00189	0.00284	0.02993	0.00498	0.00451
5	0.01127	0.00771	0.00993	0.02729	0.01251	0.00803	0.00860	0.01650	0.17964	0.09622	0.02583	0.06098	0.02544	0.01215	0.00672	0.00222	0.00476	0.47284	0.00518	0.00617
6	0.01094	0.01041	0.01620	0.67255	0.08322	0.04254	0.01451	0.03275	0.01142	0.01452	0.01022	0.01551	0.00805	0.00567	0.00541	0.00178	0.00710	0.02844	0.00257	0.00619
7	0.00681	0.00486	0.00653	0.00778	0.00821	0.00459	0.00545	0.00794	0.01054	0.01400	0.02944	0.71344	0.03492	0.01657	0.00692	0.00222	0.00335	0.10703	0.00498	0.00443
8	0.01646	0.52209	0.02334	0.01091	0.01482	0.30616	0.00962	0.01806	0.01250	0.01282	0.00777	0.00901	0.00690	0.00494	0.00396	0.00124	0.00720	0.00309	0.00247	0.00664
9	0.02016	0.18266	0.03619	0.01280	0.11500	0.02896	0.00965	0.02239	0.01389	0.48012	0.01621	0.01518	0.01098	0.00590	0.00495	0.00154	0.00525	0.00470	0.00499	0.00848
10	0.01014	0.00954	0.01610	0.79845	0.03697	0.01193	0.01491	0.01371	0.01073	0.01371	0.00954	0.01431	0.00716	0.00537	0.00537	0.00179	0.00716	0.00477	0.00239	0.00596
11	0.02334	0.00897	0.01222	0.00942	0.01345	0.00776	0.00776	0.02543	0.01536	0.74714	0.05534	0.01926	0.01498	0.00684	0.00544	0.00166	0.00448	0.00559	0.00661	0.00895
12	0.01037	0.00894	0.01437	0.64884	0.03147	0.01092	0.01300	0.03342	0.01107	0.01492	0.01065	0.01507	0.00813	0.00595	0.00568	0.02977	0.00644	0.00480	0.11037	0.00580
13	0.01245	0.01470	0.07074	0.04051	0.07653	0.01371	0.57339	0.01661	0.01206	0.01668	0.01032	0.01394	0.00796	0.00510	0.00734	0.00184	0.09039	0.00589	0.00264	0.00719
14	0.01435	0.81458	0.02813	0.00918	0.01378	0.02124	0.00918	0.01607	0.01091	0.01263	0.00746	0.00861	0.00689	0.00459	0.00344	0.00115	0.00574	0.00287	0.00230	0.00689
15	0.01064	0.00617	0.00812	0.00734	0.00910	0.00563	0.00565	0.01296	0.01474	0.15989	0.55681	0.03709	0.05844	0.04193	0.00704	0.00186	0.00312	0.04188	0.00587	0.00572
16	0.02285	0.00959	0.01255	0.00979	0.01383	0.00876	0.00803	0.05222	0.09325	0.67709	0.02095	0.01826	0.01346	0.00670	0.00540	0.00168	0.00458	0.00545	0.00648	0.00907
17	0.00704	0.00532	0.00608	0.00610	0.00718	0.00482	0.00424	0.00835	0.01178	0.01534	0.23593	0.12256	0.32728	0.20109	0.01133	0.00262	0.00329	0.01047	0.00482	0.00436
18	0.00653	0.00472	0.00618	0.00735	0.00775	0.00437	0.00493	0.00749	0.01040	0.01375	0.03111	0.76144	0.08093	0.01662	0.00682	0.00216	0.00309	0.01502	0.00498	0.00437
19	0.73606	0.01003	0.00808	0.00720	0.01034	0.01147	0.00588	0.03900	0.01027	0.02413	0.08670	0.01209	0.01054	0.00565	0.00370	0.00166	0.00404	0.00367	0.00365	0.00584
20	0.01432	0.01076	0.01179	0.01006	0.01290	0.01155	0.00794	0.39897	0.08271	0.02503	0.02379	0.20504	0.12550	0.01013	0.00591	0.00181	0.00464	0.02472	0.00522	0.00722
21	0.36608	0.01881	0.37598	0.01293	0.07128	0.01234	0.01329	0.01682	0.03482	0.02021	0.00915	0.01065	0.00681	0.00510	0.00437	0.00168	0.00610	0.00364	0.00284	0.00709
22	0.00789	0.00530	0.00614	0.00627	0.00640	0.00530	0.00381	0.00815	0.00827	0.01099	0.01810	0.03775	0.02069	0.72931	0.02527	0.00492	0.00518	0.08340	0.00343	0.00343
23	0.00654	0.00467	0.00623	0.00747	0.00779	0.00436	0.00498	0.00747	0.01028	0.01370	0.02959	0.80785	0.03550	0.01682	0.00685	0.00218	0.00311	0.01526	0.00498	0.00436
24	0.01296	0.01242	0.02120	0.11179	0.70156	0.01267	0.01631	0.01619	0.01207	0.01714	0.01004	0.01339	0.00836	0.00484	0.00532	0.00161	0.00646	0.00478	0.00263	0.00824
25	0.00654	0.00467	0.00623	0.00747	0.00779	0.00436	0.00498	0.00747	0.01028	0.01370	0.02959	0.80785	0.03550	0.01682	0.00685	0.00218	0.00311	0.01526	0.00498	0.00436
26	0.01461	0.77901	0.02755	0.00939	0.01390	0.05589	0.00924	0.01632	0.01110	0.01265	0.00750	0.00866	0.00689	0.00463	0.00351	0.00116	0.00592	0.00290	0.00232	0.00686

[dist]
# distance from previous block
# <min> <max>
1	5

[block]
# block no. 4 follows, 45 sequences, length 86
# corresponding to MSA columns:
# 311-320,323-398
name=unknown_E
#
# <colnr> <probs for GDERKNQSTAVLIFYWHMCP>
#	G	D	E	R	K	N	Q	S	T	A	V	L	I	F	Y	W	H	M	C	P
0	0.01014	0.00954	0.01610	0.79845	0.03697	0.01193	0.01491	0.01371	0.01073	0.01371	0.00954	0.01431	0.00716	0.00537	0.00537	0.00179	0.00716	0.00477	0.00239	0.00596
1	0.02408	0.00914	0.01246	0.00955	0.01370	0.00789	0.00789	0.02616	0.01536	0.78158	0.02118	0.01827	0.01329	0.00664	0.00540	0.00166	0.00457	0.00540	0.00664	0.00914
2	0.01014	0.00954	0.01610	0.79845	0.03697	0.01193	0.01491	0.01371	0.01073	0.01371	0.00954	0.01431	0.00716	0.00537	0.00537	0.00179	0.00716	0.00477	0.00239	0.00596
3	0.01122	0.02509	0.64765	0.01845	0.15785	0.01252	0.01923	0.01691	0.01149	0.01710	0.00972	0.01168	0.00710	0.00504	0.00514	0.00168	0.00766	0.00411	0.00234	0.00803
4	0.01435	0.81458	0.02813	0.00918	0.01378	0.02124	0.00918	0.01607	0.01091	0.01263	0.00746	0.00861	0.00689	0.00459	0.00344	0.00115	0.00574	0.00287	0.00230	0.00689
5	0.01335	0.01153	0.01214	0.01092	0.01396	0.01335	0.00850	0.02852	0.76817	0.02245	0.02185	0.02003	0.01639	0.00728	0.00546	0.00182	0.00425	0.00607	0.00546	0.00850
6	0.05096	0.02442	0.61358	0.03801	0.04099	0.01258	0.11143	0.01686	0.01140	0.01728	0.00969	0.01173	0.00697	0.00502	0.00518	0.00171	0.00784	0.00425	0.00239	0.00770
7	0.01329	0.01271	0.02147	0.03221	0.75237	0.01277	0.01621	0.01688	0.03746	0.01770	0.01049	0.01351	0.00877	0.00487	0.00532	0.00160	0.00631	0.00483	0.00275	0.00850
8	0.00650	0.00544	0.00566	0.00561	0.00735	0.00460	0.00420	0.00801	0.01261	0.01540	0.14636	0.05018	0.68315	0.01326	0.00634	0.00180	0.00270	0.01112	0.00510	0.00460
9	0.01418	0.77713	0.06409	0.00948	0.01423	0.02082	0.00969	0.01612	0.01093	0.01284	0.00757	0.00874	0.00688	0.00462	0.00352	0.00117	0.00584	0.00292	0.00229	0.00694
10	0.01194	0.01239	0.01556	0.29318	0.02248	0.13367	0.03596	0.01421	0.01040	0.01331	0.00924	0.01369	0.00796	0.01137	0.11530	0.00283	0.26339	0.00473	0.00251	0.00586
11	0.15324	0.27888	0.01854	0.01147	0.03697	0.22218	0.00939	0.13473	0.03297	0.01837	0.00897	0.01011	0.00736	0.00542	0.00465	0.00144	0.03167	0.00354	0.00316	0.00694
12	0.00774	0.00548	0.00725	0.00693	0.00814	0.00511	0.00524	0.01003	0.01465	0.02065	0.69849	0.04006	0.04762	0.01155	0.00709	0.04182	0.00276	0.04878	0.00569	0.00493
13	0.01319	0.01265	0.02161	0.05712	0.75447	0.01273	0.01642	0.01639	0.01218	0.01742	0.01008	0.01332	0.00846	0.00480	0.00532	0.00160	0.00640	0.00478	0.00265	0.00842
14	0.01228	0.01662	0.21812	0.18810	0.37486	0.04951	0.03187	0.01628	0.01183	0.01638	0.00979	0.01285	0.00769	0.00502	0.00527	0.00166	0.00716	0.00454	0.00251	0.00769
15	0.01209	0.01160	0.01993	0.31956	0.47934	0.01247	0.03652	0.01546	0.01168	0.01609	0.00991	0.01370	0.00799	0.00499	0.00536	0.00167	0.00674	0.00482	0.00256	0.00752
16	0.02408	0.00914	0.01246	0.00955	0.01370	0.00789	0.00789	0.02616	0.01536	0.78158	0.02118	0.01827	0.01329	0.00664	0.00540	0.00166	0.00457	0.00540	0.00664	0.00914
17	0.01538	0.02110	0.49377	0.01378	0.03661	0.01124	0.01563	0.05292	0.01322	0.25456	0.01336	0.01359	0.00895	0.00563	0.00521	0.00168	0.00677	0.00447	0.00377	0.00837
18	0.01050	0.00936	0.01473	0.53945	0.02850	0.01178	0.01280	0.02958	0.01046	0.01424	0.00992	0.01457	0.00794	0.00779	0.03270	0.03956	0.13424	0.00480	0.06135	0.00575
19	0.00652	0.00476	0.00614	0.00725	0.00773	0.00438	0.00488	0.00750	0.01049	0.01379	0.03232	0.72447	0.11712	0.01646	0.00680	0.00214	0.00307	0.01483	0.00498	0.00438
20	0.01324	0.01333	0.01648	0.07850	0.01696	0.09758	0.04157	0.06415	0.08052	0.01542	0.00928	0.01269	0.00808	0.00807	0.01288	0.00208	0.49508	0.00477	0.00289	0.00643
21	0.01209	0.01236	0.01600	0.09259	0.03541	0.07735	0.01175	0.01364	0.00946	0.01354	0.04403	0.01322	0.00916	0.00864	0.01452	0.00217	0.60072	0.00485	0.00256	0.00594
22	0.00682	0.00539	0.00586	0.00580	0.00719	0.00474	0.00416	0.00818	0.01206	0.01519	0.18654	0.06356	0.50071	0.13886	0.00966	0.00233	0.00308	0.01055	0.00489	0.00443
23	0.02408	0.00914	0.01246	0.00955	0.01370	0.00789	0.00789	0.02616	0.01536	0.78158	0.02118	0.01827	0.01329	0.00664	0.00540	0.00166	0.00457	0.00540	0.00664	0.00914
24	0.01242	0.01130	0.04958	0.17857	0.04469	0.01204	0.01044	0.03434	0.43374	0.04495	0.01961	0.04325	0.03898	0.00742	0.00556	0.00183	0.00509	0.03406	0.00455	0.00758
25	0.00823	0.00616	0.00659	0.00629	0.00828	0.00548	0.00477	0.02607	0.05107	0.06579	0.08665	0.08012	0.59984	0.01267	0.00624	0.00181	0.00299	0.01063	0.00517	0.00515
26	0.00664	0.00471	0.00620	0.00734	0.00763	0.00443	0.00484	0.00750	0.01008	0.01344	0.02856	0.74547	0.03421	0.08096	0.00850	0.00242	0.00328	0.01466	0.00484	0.00427
27	0.01317	0.01266	0.02164	0.05777	0.71813	0.01276	0.03483	0.01666	0.02825	0.01751	0.01035	0.01349	0.00862	0.00485	0.00534	0.00161	0.00642	0.00485	0.00271	0.00839
28	0.01529	0.32765	0.21747	0.01224	0.01702	0.26570	0.01223	0.01807	0.01243	0.02697	0.00867	0.01008	0.00712	0.00582	0.02107	0.00153	0.00774	0.00345	0.00253	0.00694
29	0.01146	0.01089	0.01778	0.14112	0.45040	0.01112	0.04585	0.01499	0.04800	0.01660	0.01906	0.02114	0.15517	0.00666	0.00557	0.00169	0.00581	0.00616	0.00320	0.00731
30	0.02354	0.00901	0.01228	0.00946	0.01351	0.00780	0.00780	0.02563	0.01536	0.75641	0.04615	0.01899	0.01453	0.00679	0.00543	0.00166	0.00450	0.00554	0.00662	0.00900
31	0.01229	0.01768	0.23649	0.06650	0.02572	0.01352	0.42055	0.05198	0.01246	0.01742	0.01027	0.01333	0.00768	0.00517	0.00669	0.00181	0.06501	0.00540	0.00267	0.00735
32	0.01963	0.01456	0.01566	0.01216	0.01629	0.01617	0.01000	0.69660	0.06663	0.03256	0.01344	0.01353	0.00966	0.00749	0.02852	0.00183	0.00606	0.00493	0.00530	0.00897
33	0.04308	0.15277	0.01957	0.36371	0.24800	0.02999	0.01378	0.04008	0.01172	0.01568	0.00935	0.01266	0.00752	0.00508	0.00493	0.00160	0.00658	0.00435	0.00259	0.00698
34	0.00654	0.00467	0.00623	0.00747	0.00779	0.00436	0.00498	0.00747	0.01028	0.01370	0.02959	0.80785	0.03550	0.01682	0.00685	0.00218	0.00311	0.01526	0.00498	0.00436
35	0.01327	0.01281	0.02211	0.03262	0.75378	0.01278	0.04031	0.01650	0.01224	0.01753	0.01012	0.01332	0.00849	0.00477	0.00535	0.00160	0.00646	0.00483	0.00266	0.00846
36	0.01556	0.01460	0.01719	0.08764	0.28835	0.13429	0.01247	0.21253	0.06820	0.02089	0.01347	0.01506	0.04722	0.00609	0.00557	0.00162	0.02274	0.00500	0.00367	0.00784
37	0.02106	0.00847	0.01149	0.00904	0.01266	0.00737	0.00737	0.02322	0.01533	0.64234	0.15928	0.02227	0.02013	0.00744	0.00557	0.00167	0.00419	0.00619	0.00651	0.00839
38	0.02408	0.00914	0.01246	0.00955	0.01370	0.00789	0.00789	0.02616	0.01536	0.78158	0.02118	0.01827	0.01329	0.00664	0.00540	0.00166	0.00457	0.00540	0.00664	0.00914
39	0.01453	0.77431	0.04533	0.00934	0.01400	0.02067	0.00940	0.01637	0.01104	0.03365	0.00789	0.00894	0.00706	0.00466	0.00354	0.00117	0.00576	0.00296	0.00241	0.00697
40	0.01233	0.01411	0.09935	0.16415	0.38710	0.01278	0.19878	0.01622	0.01198	0.01672	0.01014	0.01357	0.00801	0.00485	0.00555	0.00169	0.00733	0.00508	0.00258	0.00769
41	0.01174	0.01174	0.01644	0.01409	0.01409	0.01644	0.01174	0.01292	0.00822	0.01292	0.00705	0.01174	0.00705	0.00940	0.01762	0.00235	0.80153	0.00470	0.00235	0.00587
42	0.00932	0.00466	0.00699	0.00699	0.00699	0.00466	0.00466	0.00699	0.00699	0.00932	0.00932	0.01632	0.00932	0.01865	0.02098	0.84382	0.00466	0.00466	0.00233	0.00233
43	0.02041	0.01504	0.01611	0.01235	0.01665	0.01665	0.01020	0.75997	0.02524	0.03383	0.01289	0.01289	0.00913	0.00644	0.00537	0.00161	0.00591	0.00483	0.00537	0.00913
44	0.01482	0.76794	0.02728	0.00931	0.01385	0.04003	0.00917	0.01654	0.01116	0.03831	0.00794	0.00896	0.00710	0.00468	0.00354	0.00117	0.00580	0.00297	0.00245	0.00695
45	0.84927	0.01038	0.00789	0.00706	0.01038	0.01204	0.00581	0.01578	0.00914	0.02408	0.00747	0.00872	0.00581	0.00498	0.00332	0.00166	0.00415	0.00291	0.00332	0.00581
46	0.02408	0.00914	0.01246	0.00955	0.01370	0.00789	0.00789	0.02616	0.01536	0.78158	0.02118	0.01827	0.01329	0.00664	0.00540	0.00166	0.00457	0.00540	0.00664	0.00914
47	0.00654	0.00467	0.00623	0.00747	0.00779	0.00436	0.00498	0.00747	0.01028	0.01370	0.02959	0.80785	0.03550	0.01682	0.00685	0.00218	0.00311	0.01526	0.00498	0.00436
48	0.01115	0.02728	0.73679	0.01573	0.04353	0.03880	0.01942	0.01714	0.01149	0.01688	0.00960	0.01133	0.00685	0.00511	0.00510	0.00169	0.00795	0.00397	0.00229	0.00789
49	0.02375	0.03642	0.01299	0.00954	0.01371	0.00834	0.00793	0.02582	0.01521	0.75554	0.02071	0.01794	0.01307	0.00657	0.00533	0.00164	0.00461	0.00531	0.00650	0.00906
50	0.01435	0.81458	0.02813	0.00918	0.01378	0.02124	0.00918	0.01607	0.01091	0.01263	0.00746	0.00861	0.00689	0.00459	0.00344	0.00115	0.00574	0.00287	0.00230	0.00689
51	0.00654	0.00467	0.00623	0.00747	0.00779	0.00436	0.00498	0.00747	0.01028	0.01370	0.02959	0.80785	0.03550	0.01682	0.00685	0.00218	0.00311	0.01526	0.00498	0.00436
52	0.01034	0.00975	0.01647	0.74892	0.08491	0.01198	0.01501	0.01389	0.01083	0.01396	0.00958	0.01424	0.00724	0.00533	0.00536	0.00178	0.00711	0.00477	0.00240	0.00613
53	0.00963	0.00885	0.01470	0.68631	0.03283	0.01085	0.01350	0.01283	0.01067	0.01371	0.01238	0.12682	0.01117	0.00699	0.00558	0.00184	0.00658	0.00626	0.00275	0.00574
54	0.02408	0.00914	0.01246	0.00955	0.01370	0.00789	0.00789	0.02616	0.01536	0.78158	0.02118	0.01827	0.01329	0.00664	0.00540	0.00166	0.00457	0.00540	0.00664	0.00914
55	0.01435	0.81458	0.02813	0.00918	0.01378	0.02124	0.00918	0.01607	0.01091	0.01263	0.00746	0.00861	0.00689	0.00459	0.00344	0.00115	0.00574	0.00287	0.00230	0.00689
56	0.04831	0.00598	0.00686	0.00684	0.00747	0.00613	0.00449	0.04948	0.00971	0.01355	0.03723	0.15793	0.04380	0.48208	0.07352	0.00433	0.00536	0.02903	0.00378	0.00411
57	0.00921	0.00728	0.01061	0.30706	0.01914	0.00800	0.00886	0.01193	0.01267	0.04248	0.29372	0.02902	0.12490	0.00869	0.00607	0.00173	0.02611	0.00746	0.05958	0.00549
58	0.02020	0.00828	0.01121	0.00889	0.01237	0.00722	0.00722	0.02239	0.01532	0.60269	0.19861	0.02341	0.02208	0.00766	0.00562	0.00167	0.00409	0.00641	0.00647	0.00818
59	0.01277	0.01223	0.02086	0.15762	0.65720	0.01262	0.01622	0.01602	0.01198	0.01691	0.01001	0.01345	0.00828	0.00488	0.00532	0.00163	0.00650	0.00478	0.00261	0.00809
60	0.01170	0.01242	0.02492	0.33221	0.07360	0.01287	0.42071	0.01577	0.01187	0.01583	0.01029	0.01435	0.00777	0.00487	0.00589	0.00179	0.00815	0.00562	0.00258	0.00680
61	0.01014	0.00954	0.01610	0.79845	0.03697	0.01193	0.01491	0.01371	0.01073	0.01371	0.00954	0.01431	0.00716	0.00537	0.00537	0.00179	0.00716	0.00477	0.00239	0.00596
62	0.02408	0.00914	0.01246	0.00955	0.01370	0.00789	0.00789	0.02616	0.01536	0.78158	0.02118	0.01827	0.01329	0.00664	0.00540	0.00166	0.00457	0.00540	0.00664	0.00914
63	0.00865	0.00626	0.00884	0.03517	0.01188	0.00633	0.00878	0.01113	0.01226	0.01594	0.02784	0.07444	0.03023	0.01457	0.00734	0.00244	0.00498	0.70311	0.00486	0.00496
64	0.01099	0.05235	0.72188	0.01567	0.03815	0.01279	0.04120	0.01697	0.01138	0.01688	0.00961	0.01138	0.00688	0.00506	0.00509	0.00168	0.00786	0.00402	0.00229	0.00789
65	0.01435	0.81458	0.02813	0.00918	0.01378	0.02124	0.00918	0.01607	0.01091	0.01263	0.00746	0.00861	0.00689	0.00459	0.00344	0.00115	0.00574	0.00287	0.00230	0.00689
66	0.02308	0.01041	0.01320	0.01016	0.01432	0.00982	0.00838	0.17765	0.03460	0.60992	0.01948	0.01720	0.01250	0.00662	0.00539	0.00165	0.00484	0.00530	0.00635	0.00912
67	0.00709	0.00493	0.00615	0.00681	0.00706	0.00473	0.00433	0.00777	0.00965	0.01295	0.07338	0.46234	0.03038	0.32019	0.01464	0.00330	0.00388	0.01205	0.00438	0.00398
68	0.00867	0.00627	0.00861	0.00976	0.01105	0.00627	0.00849	0.01137	0.02815	0.01614	0.02916	0.05940	0.05582	0.01463	0.00734	0.00244	0.00485	0.70162	0.00496	0.00500
69	0.02387	0.00948	0.01267	0.00971	0.01387	0.00840	0.00802	0.06876	0.01594	0.73818	0.02070	0.01796	0.01305	0.00663	0.00540	0.00166	0.00465	0.00537	0.00657	0.00913
70	0.00654	0.00467	0.00623	0.00747	0.00779	0.00436	0.00498	0.00747	0.01028	0.01370	0.02959	0.80785	0.03550	0.01682	0.00685	0.00218	0.00311	0.01526	0.00498	0.00436
71	0.01143	0.02371	0.57389	0.01968	0.19570	0.01258	0.05422	0.01689	0.01160	0.01713	0.00980	0.01193	0.00725	0.00500	0.00521	0.00168	0.00763	0.00427	0.00238	0.00803
72	0.00765	0.00514	0.00590	0.00605	0.00609	0.00510	0.00346	0.00777	0.00810	0.01080	0.01844	0.12807	0.02144	0.71579	0.02486	0.00484	0.00495	0.00870	0.00346	0.00339
73	0.00731	0.00547	0.00679	0.00652	0.00789	0.00495	0.00490	0.00954	0.01437	0.01967	0.58283	0.05876	0.21495	0.01176	0.00636	0.00174	0.00263	0.02296	0.00566	0.00493
74	0.01247	0.01198	0.02059	0.22674	0.57124	0.01256	0.03469	0.01579	0.01186	0.01656	0.00998	0.01358	0.00815	0.00492	0.00535	0.00165	0.00664	0.00482	0.00259	0.00783
75	0.01864	0.22125	0.01841	0.01268	0.01590	0.59921	0.01008	0.02011	0.01414	0.01301	0.00809	0.00942	0.00691	0.00530	0.00449	0.00132	0.00870	0.00331	0.00265	0.00639
76	0.00641	0.00541	0.00555	0.00557	0.00730	0.00455	0.00416	0.00781	0.01231	0.01481	0.08779	0.07616	0.71673	0.01358	0.00636	0.00182	0.00272	0.01138	0.00503	0.00455
77	0.01177	0.01182	0.01688	0.01434	0.01449	0.01636	0.03325	0.01304	0.00835	0.01304	0.00716	0.01182	0.00708	0.00925	0.01729	0.00233	0.77870	0.00474	0.00236	0.00591
78	0.01465	0.73517	0.04949	0.00970	0.01426	0.07573	0.00958	0.01648	0.01123	0.01279	0.00759	0.00877	0.00689	0.00467	0.00359	0.00118	0.00609	0.00294	0.00233	0.00687
79	0.00887	0.00691	0.01044	0.17356	0.01654	0.00737	0.02368	0.01149	0.01186	0.01541	0.02427	0.10912	0.02591	0.01283	0.00692	0.00229	0.00533	0.51769	0.00437	0.00515
80	0.00865	0.00618	0.00865	0.00989	0.01112	0.00618	0.00865	0.01112	0.01236	0.01606	0.02842	0.06055	0.03089	0.01483	0.00741	0.00247	0.00494	0.74174	0.00494	0.00494
81	0.01010	0.00709	0.04489	0.00763	0.00963	0.00584	0.00626	0.01272	0.01490	0.12917	0.59732	0.03641	0.05527	0.01023	0.00617	0.00171	0.00315	0.02993	0.00580	0.00577
82	0.09060	0.03197	0.01544	0.10559	0.01845	0.16161	0.03330	0.33455	0.11439	0.02427	0.01212	0.01296	0.00903	0.00602	0.00509	0.00162	0.00650	0.00456	0.00421	0.00773
83	0.01286	0.01232	0.02101	0.13720	0.67696	0.01264	0.01626	0.01610	0.01202	0.01702	0.01002	0.01343	0.00832	0.00486	0.00532	0.00162	0.00648	0.00478	0.00262	0.00816
84	0.02264	0.00643	0.00907	0.00960	0.01089	0.00638	0.04299	0.01117	0.05073	0.01592	0.04086	0.28460	0.04742	0.01430	0.00698	0.00227	0.00443	0.40340	0.00487	0.00506
85	0.00903	0.03413	0.01302	0.01109	0.03038	0.00822	0.12728	0.01148	0.01016	0.01460	0.07397	0.02066	0.01509	0.02748	0.49617	0.00598	0.01121	0.00594	0.04956	0.02455

[dist]
# distance from previous block
# <min> <max>
3	19

[block]
# block no. 5 follows, 45 sequences, length 14
# corresponding to MSA columns:
# 418-420,422-432
name=unknown_F
#
# <colnr> <probs for GDERKNQSTAVLIFYWHMCP>
#	G	D	E	R	K	N	Q	S	T	A	V	L	I	F	Y	W	H	M	C	P
0	0.00645	0.00541	0.00561	0.00562	0.00733	0.00457	0.00419	0.00789	0.01240	0.01504	0.11203	0.07983	0.68822	0.01351	0.00636	0.00182	0.00272	0.01135	0.00506	0.00457
1	0.01251	0.01017	0.01203	0.01218	0.06812	0.01120	0.00916	0.10484	0.37303	0.02147	0.05517	0.03158	0.02079	0.00940	0.00606	0.00197	0.00472	0.22313	0.00512	0.00737
2	0.00654	0.00467	0.00623	0.00747	0.00779	0.00436	0.00498	0.00747	0.01028	0.01370	0.02959	0.80785	0.03550	0.01682	0.00685	0.00218	0.00311	0.01526	0.00498	0.00436
3	0.01095	0.02669	0.72874	0.01657	0.07752	0.01249	0.01959	0.01696	0.01140	0.01704	0.00967	0.01147	0.00692	0.00508	0.00512	0.00169	0.00782	0.00403	0.00229	0.00797
4	0.01303	0.01249	0.02133	0.09521	0.71761	0.01269	0.01635	0.01625	0.01210	0.01723	0.01005	0.01337	0.00839	0.00483	0.00532	0.00161	0.00644	0.00478	0.00263	0.00830
5	0.02005	0.02558	0.01521	0.01383	0.01659	0.78980	0.01037	0.02143	0.01521	0.01314	0.00830	0.00968	0.00691	0.00553	0.00484	0.00138	0.00968	0.00346	0.00277	0.00622
6	0.84927	0.01038	0.00789	0.00706	0.01038	0.01204	0.00581	0.01578	0.00914	0.02408	0.00747	0.00872	0.00581	0.00498	0.00332	0.00166	0.00415	0.00291	0.00332	0.00581
7	0.01282	0.01308	0.04148	0.05446	0.61268	0.04826	0.03315	0.01590	0.01230	0.01692	0.01378	0.01640	0.07375	0.00559	0.00540	0.00162	0.00635	0.00529	0.00284	0.00793
8	0.01560	0.01116	0.01233	0.01059	0.01385	0.01225	0.00843	0.14527	0.45646	0.14215	0.03858	0.02171	0.04728	0.00764	0.00556	0.00178	0.00449	0.03093	0.00560	0.00834
9	0.00866	0.00575	0.00746	0.00799	0.00878	0.00567	0.00559	0.01058	0.05782	0.07674	0.04814	0.60995	0.03123	0.05202	0.00795	0.00225	0.03037	0.01302	0.00500	0.00503
10	0.05184	0.49188	0.17786	0.01196	0.05142	0.10671	0.01166	0.01688	0.01147	0.01431	0.00812	0.00951	0.00690	0.00483	0.00402	0.00133	0.00659	0.00325	0.00241	0.00705
11	0.00835	0.00582	0.00673	0.00680	0.00730	0.00582	0.00432	0.06571	0.01005	0.01333	0.02186	0.25363	0.05664	0.48838	0.01889	0.00392	0.00455	0.00985	0.00398	0.00408
12	0.00767	0.00534	0.00621	0.00630	0.00669	0.00511	0.00382	0.00805	0.00867	0.01164	0.02055	0.19717	0.05001	0.57034	0.02096	0.00420	0.00461	0.00925	0.00368	0.04974
13	0.02971	0.01077	0.01170	0.00892	0.01306	0.05056	0.00709	0.05363	0.06647	0.05194	0.01114	0.01281	0.00908	0.02950	0.00547	0.00119	0.03375	0.00378	0.00356	0.58588

[dist]
# distance from previous block
# <min> <max>
0	1

[block]
# block no. 6 follows, 45 sequences, length 26
# corresponding to MSA columns:
# 434-459
name=unknown_G
#
# <colnr> <probs for GDERKNQSTAVLIFYWHMCP>
#	G	D	E	R	K	N	Q	S	T	A	V	L	I	F	Y	W	H	M	C	P
0	0.02932	0.09570	0.68063	0.01437	0.02174	0.01304	0.01822	0.01672	0.01135	0.01689	0.02894	0.01177	0.00791	0.00520	0.00495	0.00165	0.00752	0.00399	0.00239	0.00772
1	0.00753	0.00546	0.00710	0.00674	0.00799	0.00503	0.00504	0.00998	0.01496	0.02109	0.73248	0.06458	0.06937	0.01123	0.00635	0.00171	0.00256	0.00993	0.00586	0.00503
2	0.01915	0.01425	0.01531	0.01200	0.01601	0.01580	0.00981	0.66151	0.08960	0.03191	0.01444	0.04988	0.01097	0.00699	0.00545	0.00166	0.00563	0.00542	0.00536	0.00886
3	0.01690	0.01128	0.01240	0.01047	0.01389	0.02929	0.00833	0.11961	0.40778	0.22914	0.02214	0.02028	0.05923	0.00734	0.00547	0.00174	0.00458	0.00598	0.00568	0.00846
4	0.01404	0.74569	0.09427	0.00972	0.01461	0.02047	0.01012	0.01615	0.01094	0.01301	0.00765	0.00885	0.00688	0.00464	0.00359	0.00120	0.00593	0.00297	0.00229	0.00698
5	0.01069	0.01061	0.01948	0.62998	0.03503	0.01228	0.17635	0.01447	0.01115	0.01447	0.00983	0.01435	0.00737	0.00518	0.00558	0.00179	0.00757	0.00511	0.00246	0.00624
6	0.00635	0.00540	0.00548	0.00554	0.00728	0.00452	0.00412	0.00769	0.01214	0.01446	0.05317	0.08842	0.73970	0.01375	0.00637	0.00183	0.00274	0.01152	0.00498	0.00452
7	0.01555	0.01318	0.05814	0.01113	0.01456	0.06108	0.00919	0.14155	0.41438	0.11002	0.01834	0.01826	0.01378	0.04504	0.02949	0.00209	0.00545	0.00558	0.00505	0.00814
8	0.02408	0.00914	0.01246	0.00955	0.01370	0.00789	0.00789	0.02616	0.01536	0.78158	0.02118	0.01827	0.01329	0.00664	0.00540	0.00166	0.00457	0.00540	0.00664	0.00914
9	0.00638	0.00530	0.00558	0.00581	0.00735	0.00450	0.00425	0.00766	0.01187	0.01435	0.04981	0.19105	0.63925	0.01419	0.00644	0.00188	0.00279	0.01205	0.00498	0.00450
10	0.01208	0.01873	0.27737	0.02083	0.07074	0.01316	0.47266	0.01709	0.01221	0.01715	0.01041	0.01338	0.00773	0.00473	0.00587	0.00176	0.00853	0.00547	0.00256	0.00754
11	0.01144	0.16423	0.63164	0.01444	0.02172	0.01402	0.03816	0.01684	0.01130	0.01624	0.00929	0.01095	0.00685	0.00500	0.00485	0.00161	0.00758	0.00384	0.00228	0.00773
12	0.02274	0.00885	0.01196	0.00927	0.01322	0.00764	0.00762	0.02479	0.01520	0.72225	0.04252	0.02056	0.05356	0.00711	0.00547	0.00167	0.00442	0.00582	0.00654	0.00879
13	0.00767	0.00575	0.00863	0.00863	0.00959	0.00671	0.00671	0.00959	0.00863	0.01246	0.01438	0.02109	0.01342	0.04026	0.79008	0.00863	0.01438	0.00575	0.00288	0.00479
14	0.00992	0.00662	0.01043	0.10035	0.05978	0.00687	0.04357	0.03896	0.00916	0.01225	0.01215	0.11475	0.01224	0.01486	0.01511	0.51504	0.00512	0.00610	0.00283	0.00389
15	0.01919	0.17424	0.01847	0.01177	0.01607	0.04131	0.01001	0.58946	0.02208	0.02898	0.01167	0.01194	0.00862	0.00605	0.00497	0.00151	0.00599	0.00440	0.00468	0.00859
16	0.00806	0.00599	0.00783	0.00875	0.01013	0.00576	0.00748	0.01025	0.01233	0.01566	0.03507	0.05827	0.22178	0.01451	0.00714	0.00230	0.00437	0.55454	0.00495	0.00484
17	0.02347	0.01000	0.04816	0.00982	0.01414	0.00810	0.00844	0.02574	0.01518	0.74618	0.02064	0.01795	0.01299	0.00657	0.00538	0.00166	0.00472	0.00533	0.00644	0.00908
18	0.02057	0.01477	0.01594	0.01222	0.01651	0.01625	0.01010	0.72640	0.02479	0.06804	0.01327	0.01313	0.00932	0.00645	0.00537	0.00161	0.00585	0.00486	0.00543	0.00913
19	0.05702	0.00918	0.01227	0.00945	0.01357	0.00806	0.00781	0.02575	0.01512	0.75135	0.02063	0.01789	0.01299	0.00658	0.00532	0.00166	0.00455	0.00530	0.00651	0.00900
20	0.00666	0.00472	0.00619	0.00731	0.00760	0.00444	0.00481	0.00751	0.01003	0.01338	0.02834	0.73183	0.03393	0.09498	0.00887	0.00248	0.00332	0.01453	0.00481	0.00425
21	0.02041	0.01504	0.01611	0.01235	0.01665	0.01665	0.01020	0.75997	0.02524	0.03383	0.01289	0.01289	0.00913	0.00644	0.00537	0.00161	0.00591	0.00483	0.00537	0.00913
22	0.01077	0.02777	0.78354	0.01530	0.02323	0.01247	0.01983	0.01700	0.01133	0.01700	0.00963	0.01133	0.00680	0.00510	0.00510	0.00170	0.00793	0.00397	0.00227	0.00793
23	0.02311	0.00892	0.01215	0.00939	0.01337	0.00772	0.00772	0.02521	0.01535	0.73672	0.06568	0.01956	0.01549	0.00690	0.00545	0.00166	0.00445	0.00565	0.00660	0.00889
24	0.01435	0.81458	0.02813	0.00918	0.01378	0.02124	0.00918	0.01607	0.01091	0.01263	0.00746	0.00861	0.00689	0.00459	0.00344	0.00115	0.00574	0.00287	0.00230	0.00689
25	0.82056	0.01034	0.00805	0.00715	0.01050	0.01190	0.00589	0.01614	0.00935	0.05043	0.00795	0.00905	0.00607	0.00504	0.00339	0.00166	0.00417	0.00299	0.00344	0.00593

[dist]
# distance from previous block
# <min> <max>
0	1

[block]
# block no. 7 follows, 45 sequences, length 22
# corresponding to MSA columns:
# 461-482
name=unknown_H
#
# <colnr> <probs for GDERKNQSTAVLIFYWHMCP>
#	G	D	E	R	K	N	Q	S	T	A	V	L	I	F	Y	W	H	M	C	P
0	0.00681	0.00538	0.00565	0.00562	0.00692	0.00474	0.00391	0.00787	0.01121	0.01379	0.08412	0.04658	0.53244	0.22782	0.01198	0.00272	0.00338	0.01029	0.00457	0.00422
1	0.01435	0.81458	0.02813	0.00918	0.01378	0.02124	0.00918	0.01607	0.01091	0.01263	0.00746	0.00861	0.00689	0.00459	0.00344	0.00115	0.00574	0.00287	0.00230	0.00689
2	0.00767	0.00575	0.00863	0.00863	0.00959	0.00671	0.00671	0.00959	0.00863	0.01246	0.01438	0.02109	0.01342	0.04026	0.79008	0.00863	0.01438	0.00575	0.00288	0.00479
3	0.01335	0.01144	0.01204	0.01078	0.01382	0.01316	0.00840	0.05308	0.71653	0.02257	0.02266	0.02087	0.04223	0.00747	0.00549	0.00181	0.00425	0.00621	0.00544	0.00838
4	0.01480	0.75290	0.02712	0.00955	0.01400	0.08132	0.00928	0.01649	0.01124	0.01267	0.00753	0.00869	0.00689	0.00467	0.00355	0.00117	0.00605	0.00292	0.00233	0.00684
5	0.01113	0.00954	0.01113	0.00795	0.01272	0.00716	0.00636	0.01352	0.01113	0.01749	0.00954	0.01113	0.00795	0.00398	0.00398	0.00080	0.00398	0.00318	0.00318	0.84417
6	0.01182	0.25804	0.56246	0.01351	0.02047	0.01503	0.01672	0.01673	0.01121	0.01572	0.00900	0.01054	0.00683	0.00495	0.00462	0.00154	0.00729	0.00365	0.00228	0.00763
7	0.01077	0.02777	0.78354	0.01530	0.02323	0.01247	0.01983	0.01700	0.01133	0.01700	0.00963	0.01133	0.00680	0.00510	0.00510	0.00170	0.00793	0.00397	0.00227	0.00793
8	0.00648	0.00490	0.00599	0.00687	0.00763	0.00441	0.00471	0.00754	0.01086	0.01394	0.03694	0.58344	0.25516	0.01586	0.00670	0.00207	0.00300	0.01409	0.00498	0.00441
9	0.01336	0.02435	0.57732	0.01451	0.02146	0.01359	0.01725	0.21665	0.01507	0.02152	0.01051	0.01175	0.00743	0.00546	0.00517	0.00168	0.00739	0.00420	0.00310	0.00825
10	0.00751	0.00598	0.00888	0.22003	0.01563	0.00639	0.00765	0.00915	0.01040	0.01371	0.02420	0.59461	0.02789	0.01374	0.00645	0.00207	0.00420	0.01244	0.00428	0.00479
11	0.00785	0.00604	0.00761	0.00755	0.00913	0.00516	0.00536	0.00928	0.01084	0.01525	0.07468	0.54176	0.02912	0.01297	0.00604	0.00177	0.00331	0.01164	0.00456	0.23008
12	0.00777	0.00525	0.00673	0.00652	0.00757	0.00483	0.00473	0.00873	0.01231	0.01664	0.40398	0.03636	0.20584	0.01364	0.01027	0.22802	0.00315	0.00872	0.00474	0.00421
13	0.01661	0.00881	0.01152	0.05743	0.01442	0.00877	0.00866	0.02159	0.16940	0.35955	0.02269	0.03051	0.01860	0.00904	0.00599	0.00193	0.00477	0.21646	0.00566	0.00761
14	0.01334	0.01574	0.21945	0.01201	0.01643	0.01277	0.01150	0.02528	0.51710	0.06908	0.01852	0.01758	0.01361	0.00666	0.00536	0.00178	0.00526	0.00546	0.00468	0.00839
15	0.01017	0.01029	0.00864	0.00918	0.01015	0.21542	0.00643	0.01123	0.01160	0.01355	0.02387	0.59336	0.02782	0.01378	0.00631	0.00197	0.00488	0.01209	0.00439	0.00486
16	0.00646	0.00548	0.00560	0.00566	0.00745	0.00461	0.00431	0.00788	0.01224	0.01458	0.05306	0.05211	0.73796	0.01366	0.00640	0.00185	0.00283	0.04833	0.00498	0.00455
17	0.04010	0.57586	0.02336	0.00922	0.01366	0.01740	0.00874	0.01878	0.01206	0.21958	0.01115	0.01121	0.00858	0.00515	0.00397	0.00130	0.00538	0.00355	0.00349	0.00746
18	0.00777	0.00598	0.00755	0.00760	0.00911	0.00511	0.00535	0.00910	0.01051	0.01472	0.02420	0.59375	0.02810	0.01337	0.00608	0.00181	0.00335	0.01201	0.00450	0.23003
19	0.01365	0.59884	0.02499	0.01050	0.01386	0.01995	0.00987	0.01523	0.01019	0.01271	0.00735	0.00945	0.00693	0.00588	0.00725	0.00147	0.21958	0.00336	0.00231	0.00662
20	0.01971	0.00808	0.01068	0.00856	0.01159	0.00717	0.00664	0.02123	0.01333	0.57435	0.02003	0.02280	0.01496	0.22288	0.01129	0.00261	0.00474	0.00605	0.00573	0.00755
21	0.00883	0.00577	0.00820	0.00911	0.01001	0.00577	0.00758	0.01001	0.01092	0.01425	0.02329	0.04866	0.02510	0.01585	0.01106	0.22856	0.00487	0.54367	0.00424	0.00424

[dist]
# distance from previous block
# <min> <max>
2	20

[block]
# block no. 8 follows, 45 sequences, length 19
# corresponding to MSA columns:
# 503-521
name=unknown_I
#
# <colnr> <probs for GDERKNQSTAVLIFYWHMCP>
#	G	D	E	R	K	N	Q	S	T	A	V	L	I	F	Y	W	H	M	C	P
0	0.01329	0.01275	0.02179	0.03295	0.77787	0.01275	0.01647	0.01647	0.01222	0.01754	0.01010	0.01329	0.00850	0.00478	0.00531	0.00159	0.00638	0.00478	0.00266	0.00850
1	0.07513	0.01299	0.01660	0.06038	0.07338	0.01543	0.04483	0.30528	0.04380	0.02280	0.01045	0.01267	0.00828	0.00705	0.00923	0.00188	0.26380	0.00476	0.00375	0.00750
2	0.01704	0.01178	0.01251	0.00997	0.01328	0.01287	0.00811	0.51774	0.02071	0.02935	0.01439	0.01520	0.01063	0.00638	0.00485	0.00149	0.00480	0.00489	0.27622	0.00779
3	0.00900	0.00561	0.00743	0.00728	0.00854	0.00514	0.00534	0.01096	0.01362	0.09939	0.45372	0.28659	0.04179	0.01241	0.00640	0.00184	0.00294	0.01105	0.00569	0.00527
4	0.01632	0.01185	0.01279	0.01025	0.01315	0.01294	0.00795	0.51622	0.01959	0.02624	0.01419	0.02009	0.01249	0.26729	0.01248	0.00278	0.00568	0.00580	0.00468	0.00722
5	0.00654	0.00467	0.00623	0.00747	0.00779	0.00436	0.00498	0.00747	0.01028	0.01370	0.02959	0.80785	0.03550	0.01682	0.00685	0.00218	0.00311	0.01526	0.00498	0.00436
6	0.01101	0.00810	0.00936	0.00886	0.01061	0.00836	0.00659	0.25136	0.01531	0.02030	0.02654	0.47808	0.09757	0.01315	0.00632	0.00196	0.00398	0.01151	0.00511	0.00592
7	0.01757	0.00960	0.01336	0.01086	0.01333	0.01037	0.02429	0.01941	0.01283	0.41386	0.08482	0.01955	0.04955	0.00820	0.00950	0.00190	0.26266	0.00585	0.00503	0.00747
8	0.01008	0.02077	0.53242	0.01355	0.01931	0.01043	0.01621	0.01509	0.01166	0.01670	0.01572	0.02728	0.01461	0.00825	0.00585	0.00195	0.00696	0.24305	0.00313	0.00696
9	0.00923	0.00516	0.00571	0.00557	0.00683	0.00502	0.00418	0.01174	0.01253	0.02050	0.26300	0.02652	0.02571	0.00778	0.00459	0.00139	0.00251	0.00653	0.57048	0.00502
10	0.01591	0.01168	0.01291	0.01077	0.01378	0.01266	0.00851	0.51611	0.02039	0.02731	0.01830	0.27051	0.01768	0.00981	0.00585	0.00180	0.00500	0.00821	0.00524	0.00758
11	0.01913	0.01813	0.01528	0.04872	0.01711	0.29500	0.01019	0.42309	0.02033	0.02451	0.01306	0.01365	0.04482	0.00641	0.00522	0.00155	0.00717	0.00464	0.00427	0.00771
12	0.01628	0.01203	0.01368	0.01114	0.01436	0.01343	0.00907	0.51679	0.01986	0.02691	0.01337	0.01555	0.01052	0.01740	0.25967	0.00388	0.00865	0.00513	0.00456	0.00772
13	0.28274	0.00981	0.01008	0.00766	0.01196	0.00874	0.00618	0.01425	0.01048	0.01963	0.00887	0.01035	0.00726	0.00430	0.00376	0.00108	0.00403	0.00309	0.00323	0.57248
14	0.01446	0.49506	0.02198	0.01010	0.01405	0.07643	0.00905	0.02051	0.25664	0.01585	0.01219	0.01239	0.00997	0.00553	0.00420	0.00138	0.00555	0.00395	0.00336	0.00736
15	0.00736	0.00596	0.03254	0.00727	0.00845	0.00508	0.00553	0.00950	0.01347	0.01884	0.50815	0.28795	0.04429	0.01267	0.00646	0.00185	0.00290	0.01132	0.00549	0.00493
16	0.01951	0.04070	0.01672	0.02971	0.01749	0.37638	0.04477	0.34716	0.01932	0.02246	0.01045	0.01139	0.00795	0.00586	0.00512	0.00151	0.00783	0.00421	0.00389	0.00757
17	0.01149	0.00957	0.01053	0.00957	0.01203	0.01067	0.00738	0.02256	0.52415	0.02215	0.26593	0.02653	0.02749	0.00848	0.00574	0.00178	0.00369	0.00725	0.00561	0.00738
18	0.01023	0.00815	0.01315	0.51471	0.02655	0.00974	0.01142	0.03741	0.01002	0.01299	0.00959	0.01491	0.00793	0.00971	0.01043	0.27466	0.00630	0.00474	0.00247	0.00490

[dist]
# distance from previous block
# <min> <max>
0	70

[block]
# block no. 9 follows, 45 sequences, length 72
# corresponding to MSA columns:
# 592-655,658-665
name=unknown_J
#
# <colnr> <probs for GDERKNQSTAVLIFYWHMCP>
#	G	D	E	R	K	N	Q	S	T	A	V	L	I	F	Y	W	H	M	C	P
0	0.01274	0.01288	0.02399	0.12011	0.47287	0.01289	0.23173	0.01636	0.01218	0.01699	0.01025	0.01375	0.00824	0.00478	0.00562	0.00168	0.00724	0.00523	0.00264	0.00784
1	0.02408	0.00914	0.01246	0.00955	0.01370	0.00789	0.00789	0.02616	0.01536	0.78158	0.02118	0.01827	0.01329	0.00664	0.00540	0.00166	0.00457	0.00540	0.00664	0.00914
2	0.00657	0.00469	0.00626	0.00745	0.00779	0.00438	0.00499	0.00755	0.01042	0.01393	0.05095	0.78584	0.03594	0.01665	0.00684	0.00217	0.00310	0.01510	0.00501	0.00438
