[name]
unknown

[dist]
# distance from previous block
# <min> <max>
10	75

[block]
# block no. 0 follows, 43 sequences, length 18
# corresponding to MSA columns:
# 75-92
name=unknown_A
#
# <colnr> <probs for GDERKNQSTAVLIFYWHMCP>
#	G	D	E	R	K	N	Q	S	T	A	V	L	I	F	Y	W	H	M	C	P
0	0.04530	0.01212	0.01399	0.03866	0.06411	0.01289	0.00932	0.37887	0.05567	0.08862	0.01743	0.04597	0.06015	0.05798	0.02759	0.00210	0.00568	0.00596	0.00493	0.05266
1	0.01556	0.01164	0.01388	0.08025	0.01648	0.01256	0.00942	0.28716	0.08895	0.07300	0.01446	0.06719	0.01184	0.00878	0.03228	0.03263	0.06916	0.00559	0.00451	0.14466
2	0.01528	0.01105	0.01300	0.01059	0.01386	0.01162	0.02684	0.26934	0.11384	0.08946	0.05664	0.04623	0.05185	0.03254	0.06915	0.00234	0.03137	0.00617	0.02879	0.10003
3	0.06060	0.02823	0.01446	0.07265	0.04907	0.03197	0.02806	0.24854	0.04383	0.07211	0.04237	0.07789	0.01375	0.00738	0.00582	0.00166	0.03107	0.03242	0.00448	0.13363
4	0.02918	0.03303	0.07633	0.06190	0.01704	0.01081	0.09681	0.10348	0.02984	0.10359	0.07561	0.07782	0.03647	0.00734	0.00621	0.00165	0.05091	0.00622	0.02700	0.14878
5	0.01265	0.01282	0.06316	0.01645	0.06013	0.01213	0.27628	0.10036	0.05656	0.01932	0.01496	0.13396	0.01350	0.00755	0.00702	0.00184	0.07482	0.00710	0.05927	0.05010
6	0.01203	0.00974	0.01253	0.10415	0.01538	0.03173	0.00893	0.03327	0.03698	0.07272	0.09446	0.01882	0.01481	0.05175	0.10639	0.00278	0.17748	0.00548	0.01718	0.17339
7	0.01450	0.01313	0.01574	0.04526	0.09732	0.10029	0.07532	0.17400	0.10554	0.02056	0.01430	0.07863	0.01231	0.00985	0.06165	0.02621	0.03245	0.00591	0.02541	0.07163
8	0.01084	0.01238	0.11125	0.01281	0.01687	0.00975	0.16518	0.01418	0.02832	0.01674	0.01423	0.15583	0.01364	0.00908	0.04471	0.00195	0.06226	0.00663	0.00338	0.28998
9	0.00969	0.00484	0.00701	0.00701	0.00714	0.00484	0.00472	0.00778	0.00765	0.01071	0.01045	0.01721	0.01007	0.01798	0.01990	0.75643	0.00459	0.00484	0.08446	0.00268
10	0.01691	0.01280	0.01461	0.05451	0.04441	0.01362	0.00969	0.39918	0.11912	0.05514	0.05450	0.01714	0.03824	0.00680	0.00544	0.00160	0.00534	0.00543	0.00504	0.12047
11	0.78628	0.01062	0.00847	0.00747	0.01095	0.01212	0.00615	0.01704	0.00988	0.07809	0.00872	0.00970	0.00655	0.00526	0.00358	0.00171	0.00431	0.00318	0.00367	0.00624
12	0.00675	0.00482	0.00643	0.00771	0.00803	0.00450	0.00514	0.00771	0.01060	0.01414	0.03053	0.80175	0.03663	0.01735	0.00707	0.00225	0.00321	0.01574	0.00514	0.00450
13	0.01306	0.12098	0.10499	0.06852	0.06965	0.05290	0.25682	0.01642	0.01165	0.01581	0.00948	0.01271	0.00774	0.00585	0.00801	0.00179	0.16597	0.00494	0.00262	0.05011
14	0.01620	0.03346	0.15065	0.01393	0.05368	0.11938	0.06393	0.16248	0.05317	0.12139	0.05137	0.06182	0.01327	0.00784	0.02719	0.00188	0.00683	0.00570	0.00425	0.03159
15	0.00962	0.00481	0.00722	0.00722	0.00722	0.00481	0.00481	0.00722	0.00722	0.00962	0.00962	0.01684	0.00962	0.01924	0.02165	0.83886	0.00481	0.00481	0.00241	0.00241
16	0.01061	0.01000	0.01689	0.75633	0.07267	0.01234	0.01546	0.01428	0.01115	0.01434	0.00987	0.01472	0.00745	0.00551	0.00553	0.00184	0.00734	0.00492	0.00247	0.00628
17	0.01374	0.10598	0.25783	0.11259	0.10752	0.09341	0.04977	0.07196	0.05168	0.01759	0.01038	0.01258	0.00805	0.00572	0.00604	0.00171	0.05843	0.00446	0.00289	0.00765

[dist]
# distance from previous block
# <min> <max>
0	2

[block]
# block no. 1 follows, 43 sequences, length 19
# corresponding to MSA columns:
# 95-113
name=unknown_B
#
# <colnr> <probs for GDERKNQSTAVLIFYWHMCP>
#	G	D	E	R	K	N	Q	S	T	A	V	L	I	F	Y	W	H	M	C	P
0	0.05913	0.01383	0.01449	0.01144	0.01551	0.07399	0.00933	0.38597	0.05538	0.25553	0.01583	0.01508	0.01087	0.00660	0.00536	0.00166	0.00572	0.00503	0.03037	0.00887
1	0.01330	0.01102	0.01272	0.00937	0.01395	0.00969	0.00758	0.15156	0.01405	0.02095	0.01036	0.01185	0.00838	0.00486	0.00508	0.00106	0.04464	0.00368	0.00366	0.64223
2	0.00826	0.00617	0.00753	0.00749	0.00909	0.00547	0.00540	0.01028	0.03818	0.03574	0.12607	0.40661	0.16413	0.01342	0.00638	0.00188	0.00327	0.01186	0.00505	0.12771
3	0.02025	0.08817	0.01687	0.01372	0.01689	0.64049	0.01058	0.09928	0.01644	0.01578	0.00899	0.01025	0.00737	0.00573	0.00494	0.00143	0.00925	0.00367	0.00310	0.00679
4	0.05287	0.20177	0.35892	0.03927	0.03509	0.01540	0.04295	0.01638	0.01103	0.01614	0.00896	0.01124	0.00716	0.00576	0.00679	0.00170	0.12844	0.00401	0.00247	0.03364
5	0.01413	0.13411	0.04520	0.10673	0.01762	0.27815	0.04156	0.01615	0.01255	0.01423	0.01340	0.17003	0.01338	0.00812	0.00621	0.00170	0.06185	0.00637	0.03235	0.00615
6	0.01046	0.00984	0.01661	0.79205	0.03814	0.01230	0.01538	0.01415	0.01107	0.01415	0.00984	0.01477	0.00738	0.00554	0.00554	0.00185	0.00738	0.00492	0.00246	0.00615
7	0.01088	0.00810	0.01042	0.04291	0.09094	0.00845	0.00744	0.07909	0.09674	0.04178	0.09939	0.16616	0.03758	0.18137	0.05455	0.00299	0.00519	0.00846	0.04156	0.00598
8	0.00962	0.00481	0.00722	0.00722	0.00722	0.00481	0.00481	0.00722	0.00722	0.00962	0.00962	0.01684	0.00962	0.01924	0.02165	0.83886	0.00481	0.00481	0.00241	0.00241
9	0.84448	0.01071	0.00814	0.00728	0.01071	0.01242	0.00600	0.01628	0.00943	0.02485	0.00771	0.00900	0.00600	0.00514	0.00343	0.00171	0.00428	0.00300	0.00343	0.00600
10	0.01229	0.04434	0.05379	0.01275	0.10254	0.00976	0.05416	0.03716	0.02900	0.01842	0.01030	0.01212	0.00841	0.00447	0.00452	0.00109	0.00506	0.00382	0.00322	0.57278
11	0.01692	0.06444	0.01747	0.04370	0.12732	0.27819	0.03463	0.10760	0.07811	0.04900	0.02910	0.03298	0.01057	0.00659	0.00648	0.00167	0.07930	0.00492	0.00361	0.00740
12	0.77765	0.01081	0.00849	0.00760	0.01101	0.01253	0.00622	0.01734	0.06987	0.02471	0.00890	0.00994	0.00688	0.00533	0.00361	0.00173	0.00429	0.00326	0.00361	0.00622
13	0.01148	0.00984	0.01148	0.00820	0.01312	0.00738	0.00656	0.01395	0.01148	0.01805	0.00984	0.01148	0.00820	0.00410	0.00410	0.00082	0.00410	0.00328	0.00328	0.83922
14	0.01299	0.09963	0.23527	0.01358	0.03368	0.01190	0.13984	0.05279	0.03933	0.07916	0.01570	0.07546	0.03621	0.00674	0.00534	0.00168	0.00625	0.00593	0.12121	0.00732
15	0.01307	0.01123	0.05207	0.00987	0.01372	0.05578	0.03386	0.05612	0.03120	0.09898	0.07669	0.10292	0.03462	0.00749	0.00529	0.00143	0.00484	0.03578	0.00429	0.35076
16	0.01151	0.01171	0.10524	0.01040	0.01412	0.00927	0.04345	0.13194	0.01430	0.02014	0.09659	0.13959	0.07484	0.00873	0.00594	0.00161	0.02361	0.03473	0.00427	0.23802
17	0.01268	0.08138	0.03905	0.03932	0.07527	0.02735	0.02668	0.07540	0.06469	0.04939	0.04233	0.09209	0.07417	0.00735	0.00552	0.00149	0.02452	0.00611	0.00397	0.25123
18	0.02755	0.09607	0.11579	0.01224	0.03929	0.05654	0.05844	0.10710	0.10660	0.03811	0.07046	0.12538	0.03317	0.00787	0.00548	0.00167	0.00563	0.00666	0.00415	0.08181

[dist]
# distance from previous block
# <min> <max>
3	35

[block]
# block no. 2 follows, 43 sequences, length 39
# corresponding to MSA columns:
# 149-187
name=unknown_C
#
# <colnr> <probs for GDERKNQSTAVLIFYWHMCP>
#	G	D	E	R	K	N	Q	S	T	A	V	L	I	F	Y	W	H	M	C	P
0	0.05455	0.13615	0.11977	0.03436	0.01498	0.09040	0.00993	0.10229	0.01310	0.06019	0.01305	0.08601	0.01179	0.05597	0.03113	0.03187	0.04417	0.00544	0.03554	0.04930
1	0.12518	0.16492	0.06253	0.01170	0.06184	0.06452	0.00956	0.13708	0.04062	0.07709	0.02691	0.04178	0.03922	0.00723	0.02051	0.00170	0.00578	0.01826	0.00393	0.07965
2	0.04537	0.06098	0.04828	0.03468	0.02683	0.01062	0.04220	0.14929	0.03913	0.05949	0.01595	0.14350	0.01519	0.10412	0.00811	0.00206	0.00523	0.01827	0.00415	0.16655
3	0.01149	0.01129	0.12671	0.01021	0.01348	0.00869	0.03813	0.06373	0.09382	0.08631	0.12639	0.15078	0.11776	0.02640	0.00655	0.00192	0.00471	0.04488	0.00485	0.05191
4	0.23127	0.04765	0.03666	0.04196	0.05536	0.03972	0.00894	0.19114	0.01519	0.09619	0.03943	0.01797	0.05868	0.02554	0.00550	0.00175	0.00530	0.02952	0.00433	0.04789
5	0.01795	0.01373	0.01543	0.05446	0.01728	0.07911	0.05084	0.30747	0.11608	0.12893	0.01540	0.04623	0.01179	0.02292	0.00622	0.00176	0.02072	0.00556	0.00492	0.06318
6	0.15070	0.05228	0.01176	0.00867	0.01236	0.00898	0.00708	0.02029	0.01351	0.39418	0.07610	0.03539	0.01520	0.03252	0.00572	0.00169	0.00439	0.00537	0.03261	0.11119
7	0.01977	0.01423	0.01575	0.05031	0.01746	0.01566	0.01029	0.61640	0.04440	0.07269	0.01478	0.05656	0.01123	0.00721	0.00563	0.00171	0.00588	0.00563	0.00544	0.00897
8	0.02043	0.01634	0.06445	0.01293	0.01760	0.01690	0.01115	0.70610	0.02514	0.03381	0.01309	0.01320	0.00927	0.00656	0.00552	0.00167	0.00623	0.00493	0.00534	0.00934
9	0.00675	0.00482	0.00643	0.00771	0.00803	0.00450	0.00514	0.00771	0.01060	0.01414	0.03053	0.80175	0.03663	0.01735	0.00707	0.00225	0.00321	0.01574	0.00514	0.00450
10	0.02470	0.00967	0.01300	0.00997	0.01426	0.00850	0.00823	0.05572	0.01626	0.74535	0.02151	0.01863	0.01354	0.00685	0.00557	0.00171	0.00477	0.00555	0.00680	0.00943
11	0.02910	0.10852	0.63527	0.01610	0.06968	0.01381	0.01880	0.01738	0.01166	0.01726	0.00969	0.01147	0.00711	0.00518	0.00506	0.00169	0.00777	0.00400	0.00239	0.00806
12	0.00844	0.00541	0.00746	0.00830	0.00893	0.00534	0.00629	0.00922	0.01046	0.01411	0.02362	0.27919	0.02621	0.03346	0.03616	0.20457	0.00462	0.25443	0.04957	0.00422
13	0.77338	0.01060	0.00855	0.00751	0.01101	0.01205	0.00618	0.01721	0.00998	0.08990	0.00894	0.00985	0.00667	0.00529	0.00361	0.00171	0.00432	0.00322	0.00372	0.00630
14	0.04980	0.01147	0.06115	0.01054	0.01498	0.00988	0.00914	0.10341	0.06119	0.57854	0.01977	0.01759	0.01277	0.00672	0.00548	0.00172	0.00504	0.00537	0.00624	0.00919
15	0.00829	0.00538	0.00689	0.00750	0.00834	0.00496	0.00520	0.00943	0.01131	0.06971	0.07295	0.52631	0.11449	0.09091	0.00890	0.00245	0.00350	0.03351	0.00515	0.00482
16	0.00759	0.00565	0.00706	0.00671	0.00812	0.00512	0.00503	0.00997	0.01509	0.02082	0.63117	0.04366	0.18985	0.01184	0.00653	0.00177	0.00265	0.01034	0.00591	0.00512
17	0.00675	0.00482	0.00643	0.00771	0.00803	0.00450	0.00514	0.00771	0.01060	0.01414	0.03053	0.80175	0.03663	0.01735	0.00707	0.00225	0.00321	0.01574	0.00514	0.00450
18	0.06553	0.01378	0.01495	0.01159	0.01576	0.01492	0.00955	0.56579	0.02284	0.13855	0.01449	0.01429	0.01013	0.00658	0.00533	0.00165	0.00559	0.00497	0.05472	0.00898
19	0.01443	0.01249	0.01287	0.01144	0.01465	0.03278	0.00893	0.07736	0.69372	0.02371	0.02159	0.01991	0.01617	0.00741	0.00561	0.00185	0.00463	0.00611	0.00556	0.00875
20	0.06131	0.01258	0.01413	0.01074	0.01521	0.01261	0.00882	0.37913	0.01947	0.19139	0.01404	0.01385	0.00989	0.00600	0.00509	0.00147	0.00522	0.00460	0.00517	0.20926
21	0.01459	0.76971	0.02842	0.04767	0.01538	0.02145	0.00976	0.01646	0.01124	0.01308	0.00780	0.00917	0.00712	0.00478	0.00365	0.00122	0.00599	0.00306	0.00237	0.00706
22	0.01148	0.00984	0.01148	0.00820	0.01312	0.00738	0.00656	0.01395	0.01148	0.01805	0.00984	0.01148	0.00820	0.00410	0.00410	0.00082	0.00410	0.00328	0.00328	0.83922
23	0.00738	0.00509	0.00665	0.00757	0.00820	0.00469	0.00518	0.00856	0.01136	0.03793	0.09843	0.65905	0.08673	0.01627	0.00694	0.00216	0.00318	0.01465	0.00528	0.00472
24	0.01683	0.01278	0.10230	0.02883	0.03095	0.01131	0.01024	0.16292	0.17064	0.23077	0.01981	0.10222	0.01601	0.00830	0.00582	0.00185	0.00528	0.04951	0.00536	0.00828
25	0.01371	0.01316	0.02248	0.03399	0.77081	0.01316	0.01700	0.01700	0.01261	0.01809	0.01042	0.01371	0.00877	0.00493	0.00548	0.00164	0.00658	0.00493	0.00274	0.00877
26	0.02214	0.01318	0.01507	0.01158	0.01589	0.01379	0.00956	0.48552	0.02221	0.29051	0.01636	0.01538	0.01101	0.00672	0.00551	0.00167	0.00554	0.00519	0.02384	0.00933
27	0.01177	0.01177	0.04131	0.21842	0.24428	0.01283	0.06889	0.01513	0.03656	0.01605	0.05156	0.01685	0.01139	0.05681	0.00952	0.00211	0.15936	0.00552	0.00292	0.00693
28	0.00680	0.00493	0.00632	0.00740	0.00787	0.00456	0.00495	0.00775	0.01068	0.01404	0.03248	0.68238	0.11195	0.05966	0.00816	0.00238	0.00329	0.01491	0.00504	0.00445
29	0.01838	0.01419	0.01512	0.01220	0.01616	0.01593	0.00988	0.48708	0.29566	0.03060	0.01669	0.01600	0.01217	0.00697	0.00558	0.00174	0.00547	0.00545	0.00558	0.00918
30	0.01212	0.01212	0.01696	0.01454	0.01454	0.01696	0.01212	0.01333	0.00848	0.01333	0.00727	0.01212	0.00727	0.00969	0.01818	0.00242	0.79523	0.00485	0.00242	0.00606
31	0.01055	0.00750	0.01075	0.01011	0.01136	0.00787	0.05371	0.03593	0.01158	0.09682	0.02422	0.41996	0.04103	0.05669	0.00959	0.00236	0.11700	0.06270	0.00470	0.00558
32	0.07452	0.00950	0.01257	0.00970	0.01393	0.00840	0.00801	0.02634	0.01546	0.72921	0.02099	0.01825	0.01324	0.00675	0.00544	0.00171	0.00469	0.00541	0.00665	0.00922
33	0.00797	0.00570	0.00773	0.00773	0.00832	0.00629	0.00547	0.00914	0.00856	0.01199	0.01590	0.02767	0.01641	0.35329	0.47517	0.00746	0.01097	0.00680	0.00313	0.00430
34	0.01714	0.01279	0.01480	0.10379	0.05460	0.01422	0.01027	0.41912	0.12603	0.04313	0.01484	0.01558	0.01090	0.00654	0.00534	0.00167	0.00555	0.00519	0.11012	0.00837
35	0.01051	0.00940	0.01513	0.42365	0.12949	0.01069	0.02933	0.03990	0.02562	0.01577	0.01567	0.19420	0.01531	0.00852	0.00597	0.00193	0.00619	0.03304	0.00337	0.00630
36	0.00949	0.00483	0.00715	0.00719	0.00719	0.00482	0.00477	0.00726	0.00733	0.00978	0.01043	0.03754	0.01069	0.04747	0.02151	0.78756	0.00479	0.00521	0.00251	0.00249
37	0.01185	0.00927	0.01397	0.45298	0.04284	0.01092	0.01189	0.05216	0.01236	0.06649	0.04549	0.01818	0.03824	0.00662	0.00616	0.00177	0.05560	0.00546	0.13142	0.00634
38	0.04052	0.01504	0.06270	0.17462	0.02294	0.12552	0.15518	0.13183	0.04739	0.08364	0.01371	0.05308	0.02283	0.00652	0.00588	0.00177	0.02003	0.00569	0.00377	0.00735

[dist]
# distance from previous block
# <min> <max>
0	2

[block]
# block no. 3 follows, 43 sequences, length 6
# corresponding to MSA columns:
# 190-195
name=unknown_D
#
# <colnr> <probs for GDERKNQSTAVLIFYWHMCP>
#	G	D	E	R	K	N	Q	S	T	A	V	L	I	F	Y	W	H	M	C	P
0	0.19047	0.17110	0.12448	0.04219	0.07237	0.17958	0.01147	0.05857	0.01280	0.04078	0.00920	0.01080	0.00733	0.00554	0.00513	0.00159	0.04270	0.00375	0.00303	0.00712
1	0.00698	0.00509	0.00662	0.00775	0.00837	0.00474	0.00547	0.00817	0.01109	0.01452	0.03338	0.62874	0.12184	0.01672	0.00707	0.00224	0.00338	0.09811	0.00514	0.00459
2	0.01104	0.00956	0.01295	0.00971	0.01395	0.00767	0.09211	0.01359	0.01157	0.01771	0.01293	0.10504	0.01192	0.00586	0.00472	0.00114	0.00451	0.00523	0.05449	0.59430
3	0.00712	0.00548	0.00651	0.00657	0.00791	0.00487	0.00481	0.00894	0.01351	0.01781	0.34611	0.18958	0.33376	0.01353	0.00664	0.00189	0.00280	0.01176	0.00554	0.00487
4	0.84448	0.01071	0.00814	0.00728	0.01071	0.01242	0.00600	0.01628	0.00943	0.02485	0.00771	0.00900	0.00600	0.00514	0.00343	0.00171	0.00428	0.00300	0.00343	0.00600
5	0.01305	0.04654	0.01238	0.01009	0.01281	0.04827	0.03530	0.10869	0.21095	0.06717	0.21339	0.07719	0.08270	0.00936	0.00597	0.00179	0.00452	0.02741	0.00534	0.00706

[dist]
# distance from previous block
# <min> <max>
0	1

[block]
# block no. 4 follows, 43 sequences, length 13
# corresponding to MSA columns:
# 197-209
name=unknown_E
#
# <colnr> <probs for GDERKNQSTAVLIFYWHMCP>
#	G	D	E	R	K	N	Q	S	T	A	V	L	I	F	Y	W	H	M	C	P
0	0.06528	0.01017	0.01149	0.00938	0.01235	0.01058	0.00739	0.27805	0.01706	0.19071	0.05417	0.02027	0.01461	0.12654	0.02899	0.02041	0.00518	0.00575	0.10427	0.00734
1	0.01470	0.08779	0.12922	0.07100	0.01791	0.03921	0.06413	0.06020	0.04951	0.15752	0.07570	0.03975	0.03921	0.00730	0.00697	0.00177	0.09809	0.00576	0.00409	0.03016
2	0.01497	0.00918	0.01135	0.00864	0.01289	0.00730	0.00688	0.01717	0.01269	0.24334	0.01562	0.09770	0.01287	0.00633	0.00485	0.00124	0.00419	0.00529	0.00455	0.50293
3	0.01134	0.00965	0.01134	0.00831	0.01303	0.00733	0.00669	0.01381	0.01155	0.01797	0.01092	0.01429	0.00951	0.00472	0.00430	0.00092	0.00416	0.04349	0.00338	0.79330
4	0.01659	0.29502	0.01934	0.01052	0.01451	0.01627	0.00918	0.29346	0.01746	0.06801	0.08829	0.03613	0.01380	0.00671	0.00529	0.00150	0.02944	0.00501	0.00433	0.04912
5	0.05065	0.01121	0.01579	0.38851	0.04638	0.01345	0.01271	0.15140	0.03085	0.06284	0.01171	0.04070	0.00929	0.00684	0.00736	0.00189	0.12265	0.00527	0.00349	0.00700
6	0.01148	0.00984	0.01148	0.00820	0.01312	0.00738	0.00656	0.01395	0.01148	0.01805	0.00984	0.01148	0.00820	0.00410	0.00410	0.00082	0.00410	0.00328	0.00328	0.83922
7	0.07218	0.00998	0.01288	0.00993	0.01418	0.00911	0.00820	0.08393	0.01629	0.67238	0.02035	0.01784	0.01292	0.00674	0.00544	0.00171	0.00480	0.00537	0.00655	0.00923
8	0.01046	0.00984	0.01661	0.79205	0.03814	0.01230	0.01538	0.01415	0.01107	0.01415	0.00984	0.01477	0.00738	0.00554	0.00554	0.00185	0.00738	0.00492	0.00246	0.00615
9	0.01197	0.01013	0.01174	0.00843	0.01333	0.00788	0.00676	0.05132	0.01222	0.01890	0.01002	0.01158	0.00826	0.00423	0.00417	0.00086	0.00420	0.00337	0.00340	0.79721
10	0.01515	0.10928	0.10079	0.01041	0.01505	0.02981	0.00945	0.16644	0.03617	0.10729	0.01509	0.05371	0.04429	0.00638	0.00495	0.00140	0.00530	0.00503	0.00417	0.25984
11	0.01371	0.01361	0.02080	0.10696	0.61098	0.07501	0.01592	0.01681	0.01264	0.01720	0.01090	0.04037	0.00945	0.00548	0.00550	0.00167	0.00682	0.00519	0.00280	0.00818
12	0.01148	0.00984	0.01148	0.00820	0.01312	0.00738	0.00656	0.01395	0.01148	0.01805	0.00984	0.01148	0.00820	0.00410	0.00410	0.00082	0.00410	0.00328	0.00328	0.83922

[dist]
# distance from previous block
# <min> <max>
2	28

[block]
# block no. 5 follows, 43 sequences, length 77
# corresponding to MSA columns:
# 238-314
name=unknown_F
#
# <colnr> <probs for GDERKNQSTAVLIFYWHMCP>
#	G	D	E	R	K	N	Q	S	T	A	V	L	I	F	Y	W	H	M	C	P
0	0.00784	0.00566	0.00740	0.00697	0.00827	0.00523	0.00523	0.01045	0.01568	0.02221	0.76789	0.04137	0.05226	0.01132	0.00653	0.00174	0.00261	0.01002	0.00610	0.00523
1	0.01619	0.01303	0.04180	0.01147	0.01530	0.01325	0.00960	0.29655	0.11078	0.07386	0.01385	0.03833	0.01083	0.00683	0.00683	0.00161	0.10397	0.00506	0.00458	0.20626
2	0.01262	0.01087	0.01442	0.01071	0.01532	0.00945	0.10027	0.05452	0.10598	0.03637	0.03940	0.01439	0.01109	0.00505	0.00479	0.00118	0.00485	0.00444	0.00381	0.54046
3	0.01384	0.01396	0.02063	0.17672	0.54934	0.09623	0.01601	0.01701	0.01265	0.01685	0.01011	0.01351	0.00833	0.00513	0.00544	0.00166	0.00710	0.00478	0.00270	0.00802
4	0.01138	0.05492	0.64864	0.06430	0.06081	0.01320	0.03672	0.01727	0.01172	0.01720	0.00990	0.01195	0.00716	0.00523	0.00526	0.00174	0.00800	0.00420	0.00238	0.00803
5	0.00703	0.00565	0.00628	0.00618	0.00785	0.00490	0.00467	0.00886	0.01361	0.01735	0.28488	0.04972	0.51620	0.01319	0.00657	0.00185	0.00281	0.03208	0.00545	0.00487
6	0.01173	0.01006	0.01159	0.00853	0.01326	0.00806	0.00679	0.01558	0.09050	0.01859	0.01118	0.01245	0.00912	0.00446	0.00426	0.00093	0.00413	0.00360	0.00353	0.75165
7	0.05527	0.05489	0.01385	0.01060	0.01445	0.07807	0.00856	0.11720	0.22609	0.21819	0.03304	0.01649	0.01295	0.00648	0.00517	0.00159	0.00517	0.00508	0.00515	0.11172
8	0.01249	0.01045	0.01342	0.01011	0.01404	0.00957	0.03462	0.01476	0.01121	0.06358	0.01012	0.01219	0.00836	0.00540	0.00707	0.00123	0.16115	0.00385	0.00331	0.59307
9	0.01398	0.01375	0.04552	0.03240	0.71118	0.01334	0.01679	0.05266	0.01323	0.01889	0.01054	0.01363	0.00875	0.00503	0.00548	0.00165	0.00661	0.00491	0.00286	0.00879
10	0.05617	0.21910	0.08771	0.01192	0.01573	0.20319	0.03189	0.09884	0.01438	0.04883	0.07271	0.01473	0.03485	0.00650	0.00578	0.00157	0.06095	0.00462	0.00348	0.00705
11	0.01762	0.01310	0.01439	0.01185	0.01541	0.01441	0.00970	0.52746	0.09178	0.02971	0.01766	0.08835	0.01529	0.00874	0.00595	0.00184	0.00556	0.09732	0.00546	0.00839
12	0.63463	0.02989	0.04449	0.04875	0.04431	0.04651	0.00778	0.01612	0.01022	0.02245	0.01042	0.01179	0.04327	0.00560	0.00393	0.00170	0.00493	0.00367	0.00334	0.00620
13	0.00687	0.00497	0.00650	0.00749	0.00803	0.00460	0.00509	0.00807	0.01136	0.01520	0.12449	0.66050	0.08355	0.01639	0.00697	0.00216	0.00311	0.01478	0.00526	0.00460
14	0.01310	0.01084	0.01234	0.00907	0.01383	0.00924	0.00729	0.13116	0.05011	0.02095	0.01100	0.01222	0.00882	0.00467	0.00440	0.00100	0.00443	0.00369	0.00375	0.66808
15	0.00808	0.00558	0.00727	0.00786	0.00887	0.00498	0.00543	0.00927	0.01094	0.04885	0.02786	0.67960	0.03247	0.01542	0.00668	0.00207	0.00338	0.01392	0.00501	0.09646
16	0.02074	0.02471	0.01584	0.01403	0.01713	0.66441	0.01067	0.13529	0.01730	0.01686	0.00929	0.01050	0.00749	0.00585	0.00508	0.00146	0.00938	0.00379	0.00327	0.00689
17	0.02322	0.00924	0.01246	0.00967	0.01368	0.00810	0.00794	0.04369	0.01609	0.68821	0.08895	0.02074	0.01708	0.00725	0.00566	0.00171	0.00456	0.00596	0.00675	0.00905
18	0.00892	0.00742	0.01084	0.01026	0.01101	0.00934	0.00817	0.01072	0.00880	0.01297	0.01301	0.01944	0.01226	0.03387	0.59923	0.00734	0.20267	0.00567	0.00284	0.00521
19	0.01027	0.00656	0.00913	0.01000	0.01150	0.00642	0.00860	0.01268	0.01290	0.08734	0.02870	0.10681	0.03049	0.01464	0.00742	0.00245	0.00494	0.61842	0.00527	0.00547
20	0.00683	0.00494	0.00649	0.00769	0.00815	0.00459	0.00525	0.00790	0.01082	0.01430	0.03204	0.72244	0.08138	0.01705	0.00706	0.00224	0.00327	0.04785	0.00514	0.00454
21	0.01212	0.01212	0.01696	0.01454	0.01454	0.01696	0.01212	0.01333	0.00848	0.01333	0.00727	0.01212	0.00727	0.00969	0.01818	0.00242	0.79523	0.00485	0.00242	0.00606
22	0.02036	0.02542	0.01553	0.01409	0.01696	0.73289	0.01064	0.04817	0.01598	0.01441	0.00934	0.01163	0.00794	0.00602	0.00509	0.00147	0.00970	0.02484	0.00302	0.00649
23	0.00675	0.00482	0.00643	0.00771	0.00803	0.00450	0.00514	0.00771	0.01060	0.01414	0.03053	0.80175	0.03663	0.01735	0.00707	0.00225	0.00321	0.01574	0.00514	0.00450
24	0.02473	0.00961	0.01297	0.00994	0.01423	0.00842	0.00821	0.04943	0.01617	0.75177	0.02158	0.01868	0.01358	0.00685	0.00557	0.00171	0.00476	0.00555	0.00681	0.00943
25	0.01212	0.01212	0.01696	0.01454	0.01454	0.01696	0.01212	0.01333	0.00848	0.01333	0.00727	0.01212	0.00727	0.00969	0.01818	0.00242	0.79523	0.00485	0.00242	0.00606
26	0.00752	0.00565	0.00696	0.00664	0.00808	0.00509	0.00498	0.00984	0.01493	0.02044	0.59392	0.04429	0.22733	0.01198	0.00654	0.00177	0.00266	0.01042	0.00586	0.00509
27	0.01111	0.02865	0.77667	0.01579	0.02397	0.01286	0.02046	0.01754	0.01169	0.01754	0.00994	0.01169	0.00702	0.00526	0.00526	0.00175	0.00818	0.00409	0.00234	0.00818
28	0.00675	0.00482	0.00643	0.00771	0.00803	0.00450	0.00514	0.00771	0.01060	0.01414	0.03053	0.80175	0.03663	0.01735	0.00707	0.00225	0.00321	0.01574	0.00514	0.00450
29	0.02069	0.02640	0.01569	0.01427	0.01712	0.78313	0.01070	0.02212	0.01569	0.01355	0.00856	0.00999	0.00713	0.00571	0.00499	0.00143	0.00999	0.00357	0.00285	0.00642
30	0.02485	0.00943	0.01285	0.00985	0.01414	0.00814	0.00814	0.02699	0.01585	0.77465	0.02185	0.01885	0.01371	0.00685	0.00557	0.00171	0.00471	0.00557	0.00685	0.00943
31	0.00674	0.00564	0.00588	0.00587	0.00767	0.00478	0.00444	0.00829	0.01292	0.01570	0.12371	0.05242	0.67854	0.01380	0.00658	0.00188	0.00285	0.03232	0.00523	0.00474
32	0.01481	0.80869	0.02902	0.00948	0.01421	0.02191	0.00948	0.01658	0.01125	0.01303	0.00770	0.00888	0.00711	0.00474	0.00355	0.00118	0.00592	0.00296	0.00237	0.00711
33	0.00675	0.00482	0.00643	0.00771	0.00803	0.00450	0.00514	0.00771	0.01060	0.01414	0.03053	0.80175	0.03663	0.01735	0.00707	0.00225	0.00321	0.01574	0.00514	0.00450
34	0.02485	0.00943	0.01285	0.00985	0.01414	0.00814	0.00814	0.02699	0.01585	0.77465	0.02185	0.01885	0.01371	0.00685	0.00557	0.00171	0.00471	0.00557	0.00685	0.00943
35	0.00962	0.00481	0.00722	0.00722	0.00722	0.00481	0.00481	0.00722	0.00722	0.00962	0.00962	0.01684	0.00962	0.01924	0.02165	0.83886	0.00481	0.00481	0.00241	0.00241
36	0.01481	0.80869	0.02902	0.00948	0.01421	0.02191	0.00948	0.01658	0.01125	0.01303	0.00770	0.00888	0.00711	0.00474	0.00355	0.00118	0.00592	0.00296	0.00237	0.00711
37	0.01378	0.01190	0.01252	0.01127	0.01440	0.01378	0.00877	0.02943	0.76081	0.02317	0.02254	0.02066	0.01691	0.00751	0.00564	0.00188	0.00438	0.00626	0.00564	0.00877
38	0.00777	0.00566	0.00731	0.00689	0.00823	0.00520	0.00517	0.01032	0.01551	0.02182	0.72936	0.04202	0.09104	0.01147	0.00653	0.00175	0.00262	0.01011	0.00605	0.00520
39	0.01059	0.00627	0.00829	0.00744	0.00922	0.00570	0.00570	0.01313	0.01571	0.14408	0.64705	0.03772	0.04601	0.01060	0.00638	0.00174	0.00295	0.00930	0.00622	0.00591
40	0.01046	0.00984	0.01661	0.79205	0.03814	0.01230	0.01538	0.01415	0.01107	0.01415	0.00984	0.01477	0.00738	0.00554	0.00554	0.00185	0.00738	0.00492	0.00246	0.00615
41	0.00805	0.00537	0.00604	0.00604	0.00604	0.00537	0.00336	0.00805	0.00805	0.01074	0.01745	0.03624	0.02013	0.80536	0.02819	0.00537	0.00537	0.00805	0.00336	0.00336
42	0.02126	0.01518	0.01641	0.01258	0.01701	0.01668	0.01040	0.71237	0.02548	0.07568	0.01377	0.01360	0.00966	0.00666	0.00554	0.00166	0.00602	0.00502	0.00561	0.00942
43	0.05294	0.03873	0.01223	0.02214	0.01351	0.00890	0.00718	0.03940	0.03351	0.06492	0.01140	0.02578	0.00938	0.00657	0.03971	0.00143	0.01988	0.00392	0.00360	0.58488
44	0.01012	0.00639	0.00809	0.00784	0.00882	0.00654	0.00547	0.05592	0.01062	0.08491	0.01972	0.18991	0.02082	0.33343	0.20147	0.00499	0.00717	0.00873	0.00410	0.00492
45	0.07985	0.01156	0.01450	0.13561	0.01831	0.01282	0.06185	0.30748	0.03327	0.02352	0.01600	0.03443	0.06207	0.07888	0.04599	0.00243	0.02615	0.00594	0.02220	0.00713
46	0.06457	0.41643	0.29989	0.01229	0.03067	0.01760	0.01349	0.04342	0.01180	0.01628	0.00876	0.01022	0.00712	0.00513	0.00457	0.00148	0.02267	0.00352	0.00254	0.00752
47	0.01055	0.01107	0.14219	0.00943	0.01251	0.00827	0.00859	0.01584	0.16363	0.08178	0.12951	0.16746	0.19523	0.01081	0.00615	0.00189	0.00427	0.00925	0.00503	0.00655
48	0.00675	0.00482	0.00643	0.00771	0.00803	0.00450	0.00514	0.00771	0.01060	0.01414	0.03053	0.80175	0.03663	0.01735	0.00707	0.00225	0.00321	0.01574	0.00514	0.00450
49	0.73489	0.09881	0.02741	0.00771	0.01139	0.01348	0.00670	0.01634	0.00968	0.02339	0.00776	0.00904	0.00614	0.00510	0.00348	0.00166	0.00455	0.00302	0.00329	0.00617
50	0.01315	0.25845	0.30661	0.11967	0.02145	0.03619	0.01467	0.06216	0.03690	0.01659	0.00966	0.01164	0.00759	0.00560	0.00564	0.00163	0.05818	0.00403	0.00269	0.00749
51	0.47608	0.01430	0.07080	0.04478	0.04506	0.07886	0.16278	0.01711	0.01107	0.02119	0.00886	0.01092	0.00683	0.00511	0.00450	0.00173	0.00632	0.00401	0.00310	0.00661
52	0.00805	0.00537	0.00604	0.00604	0.00604	0.00537	0.00336	0.00805	0.00805	0.01074	0.01745	0.03624	0.02013	0.80536	0.02819	0.00537	0.00537	0.00805	0.00336	0.00336
53	0.00805	0.00537	0.00604	0.00604	0.00604	0.00537	0.00336	0.00805	0.00805	0.01074	0.01745	0.03624	0.02013	0.80536	0.02819	0.00537	0.00537	0.00805	0.00336	0.00336
54	0.02270	0.11006	0.01511	0.01002	0.01429	0.01071	0.00847	0.10010	0.01632	0.58099	0.04089	0.01768	0.01356	0.00670	0.00534	0.00164	0.00495	0.00531	0.00614	0.00901
55	0.01481	0.80869	0.02902	0.00948	0.01421	0.02191	0.00948	0.01658	0.01125	0.01303	0.00770	0.00888	0.00711	0.00474	0.00355	0.00118	0.00592	0.00296	0.00237	0.00711
56	0.00805	0.00537	0.00604	0.00604	0.00604	0.00537	0.00336	0.00805	0.00805	0.01074	0.01745	0.03624	0.02013	0.80536	0.02819	0.00537	0.00537	0.00805	0.00336	0.00336
57	0.02314	0.00914	0.01237	0.00967	0.01363	0.00800	0.00791	0.03830	0.01579	0.69066	0.05825	0.05514	0.01653	0.00754	0.00568	0.00174	0.00457	0.00623	0.00672	0.00900
58	0.01170	0.01154	0.01687	0.21174	0.02053	0.01578	0.01294	0.01354	0.00914	0.01354	0.00792	0.01279	0.00730	0.00864	0.01497	0.00228	0.59540	0.00487	0.00243	0.00608
59	0.00784	0.00566	0.00740	0.00697	0.00827	0.00523	0.00523	0.01045	0.01568	0.02221	0.76789	0.04137	0.05226	0.01132	0.00653	0.00174	0.00261	0.01002	0.00610	0.00523
60	0.02485	0.00943	0.01285	0.00985	0.01414	0.00814	0.00814	0.02699	0.01585	0.77465	0.02185	0.01885	0.01371	0.00685	0.00557	0.00171	0.00471	0.00557	0.00685	0.00943
61	0.01481	0.80869	0.02902	0.00948	0.01421	0.02191	0.00948	0.01658	0.01125	0.01303	0.00770	0.00888	0.00711	0.00474	0.00355	0.00118	0.00592	0.00296	0.00237	0.00711
62	0.01481	0.80869	0.02902	0.00948	0.01421	0.02191	0.00948	0.01658	0.01125	0.01303	0.00770	0.00888	0.00711	0.00474	0.00355	0.00118	0.00592	0.00296	0.00237	0.00711
63	0.01111	0.02865	0.77667	0.01579	0.02397	0.01286	0.02046	0.01754	0.01169	0.01754	0.00994	0.01169	0.00702	0.00526	0.00526	0.00175	0.00818	0.00409	0.00234	0.00818
64	0.02105	0.01551	0.01662	0.01274	0.01717	0.01717	0.01053	0.75235	0.02604	0.03490	0.01330	0.01330	0.00942	0.00665	0.00554	0.00166	0.00609	0.00499	0.00554	0.00942
65	0.01046	0.00984	0.01661	0.79205	0.03814	0.01230	0.01538	0.01415	0.01107	0.01415	0.00984	0.01477	0.00738	0.00554	0.00554	0.00185	0.00738	0.00492	0.00246	0.00615
66	0.01212	0.01212	0.01696	0.01454	0.01454	0.01696	0.01212	0.01333	0.00848	0.01333	0.00727	0.01212	0.00727	0.00969	0.01818	0.00242	0.79523	0.00485	0.00242	0.00606
67	0.00805	0.00540	0.00620	0.00620	0.00625	0.00545	0.00355	0.00815	0.00810	0.01085	0.01731	0.03545	0.01979	0.76374	0.06934	0.00556	0.00589	0.00794	0.00333	0.00344
68	0.04629	0.00937	0.03379	0.14279	0.01695	0.00902	0.00907	0.05512	0.05279	0.31774	0.02008	0.15003	0.01669	0.00861	0.00571	0.00184	0.00494	0.03547	0.05631	0.00742
69	0.00962	0.00481	0.00722	0.00722	0.00722	0.00481	0.00481	0.00722	0.00722	0.00962	0.00962	0.01684	0.00962	0.01924	0.02165	0.83886	0.00481	0.00481	0.00241	0.00241
70	0.01002	0.00526	0.00563	0.00563	0.00688	0.00538	0.00425	0.01253	0.01127	0.01967	0.01766	0.02079	0.01415	0.01085	0.10155	0.00224	0.00412	0.00526	0.73172	0.00513
71	0.01963	0.01575	0.06348	0.01306	0.01764	0.01612	0.04420	0.62002	0.03950	0.04588	0.01351	0.01378	0.00963	0.00649	0.00551	0.00167	0.00619	0.00505	0.03380	0.00909
72	0.01301	0.01539	0.05715	0.02309	0.02878	0.01397	0.72668	0.01773	0.01303	0.01773	0.01116	0.01483	0.00836	0.00469	0.00649	0.00186	0.00930	0.00646	0.00279	0.00749
73	0.01095	0.01034	0.01760	0.72025	0.03692	0.01256	0.06040	0.03765	0.01167	0.01503	0.01004	0.01473	0.00751	0.00552	0.00560	0.00184	0.00746	0.00502	0.00258	0.00634
74	0.00674	0.00484	0.00640	0.00765	0.00802	0.00450	0.00511	0.00772	0.01067	0.01416	0.03133	0.77814	0.05972	0.01725	0.00705	0.00224	0.00320	0.01562	0.00514	0.00450
75	0.02261	0.01335	0.04111	0.01105	0.01515	0.12897	0.00918	0.09992	0.04011	0.51519	0.01869	0.03230	0.01257	0.00683	0.00550	0.00168	0.00575	0.00537	0.00587	0.00880
76	0.01108	0.04270	0.73824	0.01539	0.02329	0.01279	0.01977	0.01730	0.01181	0.01760	0.03380	0.01258	0.00844	0.00544	0.00527	0.00174	0.00797	0.00426	0.00246	0.00807

[dist]
# distance from previous block
# <min> <max>
4	21

[block]
# block no. 6 follows, 43 sequences, length 92
# corresponding to MSA columns:
# 340-431
name=unknown_G
#
# <colnr> <probs for GDERKNQSTAVLIFYWHMCP>
#	G	D	E	R	K	N	Q	S	T	A	V	L	I	F	Y	W	H	M	C	P
0	0.00791	0.00593	0.00890	0.00890	0.00989	0.00692	0.00692	0.00989	0.00890	0.01286	0.01483	0.02176	0.01385	0.04154	0.78341	0.00890	0.01483	0.00593	0.00297	0.00494
1	0.84448	0.01071	0.00814	0.00728	0.01071	0.01242	0.00600	0.01628	0.00943	0.02485	0.00771	0.00900	0.00600	0.00514	0.00343	0.00171	0.00428	0.00300	0.00343	0.00600
2	0.01481	0.80869	0.02902	0.00948	0.01421	0.02191	0.00948	0.01658	0.01125	0.01303	0.00770	0.00888	0.00711	0.00474	0.00355	0.00118	0.00592	0.00296	0.00237	0.00711
3	0.00858	0.00623	0.00845	0.00942	0.01076	0.00609	0.00809	0.01103	0.01303	0.01699	0.10650	0.05945	0.10591	0.01477	0.00743	0.00240	0.00462	0.58997	0.00520	0.00507
4	0.01269	0.00981	0.01161	0.00835	0.01322	0.00745	0.00670	0.01512	0.01188	0.08619	0.01093	0.01215	0.00870	0.00435	0.00423	0.00090	0.00416	0.00349	0.00360	0.76448
5	0.02255	0.00927	0.01237	0.00965	0.01357	0.00824	0.00790	0.06212	0.01635	0.64373	0.11363	0.02135	0.01825	0.00740	0.00569	0.00171	0.00452	0.00609	0.00669	0.00891
6	0.01292	0.01345	0.01684	0.01451	0.01478	0.08859	0.01198	0.01415	0.00916	0.01335	0.00739	0.01192	0.00726	0.00932	0.01694	0.00233	0.72182	0.00473	0.00246	0.00609
7	0.02023	0.08799	0.01677	0.01386	0.01689	0.70599	0.01060	0.03786	0.01557	0.01399	0.00860	0.00997	0.00718	0.00565	0.00489	0.00141	0.00958	0.00355	0.00287	0.00654
8	0.00696	0.00495	0.00637	0.00738	0.00773	0.00465	0.00485	0.00785	0.01044	0.01389	0.04993	0.64476	0.05814	0.13220	0.01012	0.00268	0.00350	0.01433	0.00491	0.00436
9	0.00675	0.00482	0.00643	0.00771	0.00803	0.00450	0.00514	0.00771	0.01060	0.01414	0.03053	0.80175	0.03663	0.01735	0.00707	0.00225	0.00321	0.01574	0.00514	0.00450
10	0.00951	0.00505	0.00748	0.00767	0.00787	0.00505	0.00544	0.00787	0.00807	0.01069	0.01266	0.02387	0.01305	0.01863	0.01949	0.71001	0.00485	0.11709	0.00282	0.00282
11	0.01115	0.01063	0.01705	0.59134	0.16287	0.03345	0.01492	0.01464	0.01175	0.01531	0.05584	0.01606	0.01034	0.00579	0.00557	0.00179	0.00703	0.00520	0.00274	0.00656
12	0.01177	0.15698	0.63262	0.01495	0.02250	0.01439	0.03895	0.01739	0.01166	0.01680	0.00960	0.01132	0.00707	0.00516	0.00502	0.00166	0.00784	0.00397	0.00236	0.00799
13	0.01062	0.00545	0.00548	0.00537	0.00675	0.00550	0.00406	0.03344	0.01201	0.02104	0.01793	0.02044	0.01406	0.00646	0.00392	0.00130	0.00268	0.00516	0.81305	0.00528
14	0.01439	0.02138	0.45190	0.01559	0.04413	0.03031	0.09745	0.01930	0.01290	0.17556	0.01361	0.01634	0.00998	0.00608	0.00560	0.00179	0.00741	0.04460	0.00351	0.00817
15	0.01331	0.01288	0.02136	0.15985	0.63323	0.02891	0.01660	0.01663	0.01242	0.01734	0.01028	0.01381	0.00851	0.00505	0.00548	0.00167	0.00678	0.00490	0.00270	0.00829
16	0.01875	0.01437	0.01532	0.01228	0.01630	0.01610	0.00997	0.52320	0.25894	0.03118	0.01623	0.01563	0.01179	0.00692	0.00557	0.00173	0.00555	0.00539	0.00557	0.00921
17	0.02116	0.01534	0.01651	0.01266	0.01709	0.01692	0.01046	0.73150	0.02575	0.05617	0.01354	0.01346	0.00954	0.00665	0.00554	0.00166	0.00605	0.00500	0.00558	0.00942
18	0.20823	0.23527	0.04904	0.01092	0.01492	0.20955	0.00949	0.11272	0.03251	0.05696	0.00979	0.01065	0.00772	0.00551	0.00436	0.00150	0.00659	0.00364	0.00344	0.00717
19	0.01871	0.26273	0.01970	0.01225	0.01598	0.36769	0.01012	0.17579	0.01644	0.01812	0.00954	0.01062	0.00779	0.00563	0.00464	0.00140	0.00773	0.00372	0.02416	0.00724
20	0.00784	0.00566	0.00740	0.00697	0.00827	0.00523	0.00523	0.01045	0.01568	0.02221	0.76789	0.04137	0.05226	0.01132	0.00653	0.00174	0.00261	0.01002	0.00610	0.00523
21	0.02164	0.04986	0.01425	0.01148	0.05560	0.01013	0.00896	0.11423	0.02986	0.52368	0.04064	0.02069	0.01481	0.00727	0.00561	0.00173	0.00500	0.04957	0.00610	0.00888
22	0.02373	0.01015	0.01322	0.01010	0.01444	0.00914	0.00833	0.10996	0.01680	0.65058	0.02025	0.01783	0.01293	0.00669	0.00549	0.00166	0.00484	0.00538	0.00652	0.05195
23	0.01046	0.00984	0.01661	0.79205	0.03814	0.01230	0.01538	0.01415	0.01107	0.01415	0.00984	0.01477	0.00738	0.00554	0.00554	0.00185	0.00738	0.00492	0.00246	0.00615
24	0.00692	0.00494	0.00662	0.00791	0.00830	0.00465	0.00544	0.00801	0.01077	0.01433	0.03043	0.74394	0.03626	0.01719	0.00711	0.00227	0.00336	0.07187	0.00514	0.00455
25	0.02403	0.00936	0.01267	0.00980	0.01396	0.00818	0.00806	0.02652	0.03389	0.73229	0.04583	0.01962	0.01502	0.00701	0.00560	0.00172	0.00464	0.00573	0.00680	0.00927
26	0.01106	0.00687	0.00856	0.00762	0.00963	0.00643	0.00588	0.04704	0.04174	0.13289	0.50341	0.03698	0.12276	0.01053	0.00626	0.00174	0.00316	0.00909	0.02225	0.00610
27	0.00661	0.00561	0.00570	0.00568	0.00752	0.00470	0.00426	0.00808	0.01278	0.01533	0.09258	0.05269	0.73186	0.01389	0.00654	0.00186	0.00280	0.01160	0.00519	0.00470
28	0.01148	0.00984	0.01148	0.00820	0.01312	0.00738	0.00656	0.01395	0.01148	0.01805	0.00984	0.01148	0.00820	0.00410	0.00410	0.00082	0.00410	0.00328	0.00328	0.83922
29	0.00711	0.00508	0.00684	0.00812	0.00860	0.00481	0.00577	0.00833	0.01096	0.01454	0.03033	0.67976	0.03585	0.01701	0.00716	0.00230	0.00352	0.13419	0.00513	0.00460
30	0.00783	0.00570	0.00740	0.00709	0.00842	0.00527	0.00539	0.01038	0.01533	0.02147	0.68419	0.04330	0.09022	0.01171	0.00660	0.00180	0.00277	0.05394	0.00598	0.00519
31	0.01307	0.01494	0.03268	0.02334	0.02894	0.01401	0.75070	0.01774	0.01307	0.01774	0.01120	0.01494	0.00840	0.00467	0.00654	0.00187	0.00934	0.00654	0.00280	0.00747
32	0.01111	0.02865	0.77667	0.01579	0.02397	0.01286	0.02046	0.01754	0.01169	0.01754	0.00994	0.01169	0.00702	0.00526	0.00526	0.00175	0.00818	0.00409	0.00234	0.00818
33	0.02485	0.00943	0.01285	0.00985	0.01414	0.00814	0.00814	0.02699	0.01585	0.77465	0.02185	0.01885	0.01371	0.00685	0.00557	0.00171	0.00471	0.00557	0.00685	0.00943
34	0.01046	0.00984	0.01661	0.79205	0.03814	0.01230	0.01538	0.01415	0.01107	0.01415	0.00984	0.01477	0.00738	0.00554	0.00554	0.00185	0.00738	0.00492	0.00246	0.00615
35	0.84448	0.01071	0.00814	0.00728	0.01071	0.01242	0.00600	0.01628	0.00943	0.02485	0.00771	0.00900	0.00600	0.00514	0.00343	0.00171	0.00428	0.00300	0.00343	0.00600
36	0.00674	0.00486	0.00638	0.00760	0.00800	0.00451	0.00509	0.00772	0.01071	0.01418	0.03184	0.76339	0.07414	0.01718	0.00704	0.00223	0.00319	0.01554	0.00514	0.00451
37	0.01481	0.80869	0.02902	0.00948	0.01421	0.02191	0.00948	0.01658	0.01125	0.01303	0.00770	0.00888	0.00711	0.00474	0.00355	0.00118	0.00592	0.00296	0.00237	0.00711
38	0.02485	0.00943	0.01285	0.00985	0.01414	0.00814	0.00814	0.02699	0.01585	0.77465	0.02185	0.01885	0.01371	0.00685	0.00557	0.00171	0.00471	0.00557	0.00685	0.00943
39	0.79942	0.01097	0.00860	0.00758	0.01106	0.01268	0.00625	0.05656	0.01033	0.02540	0.00802	0.00923	0.00619	0.00522	0.00354	0.00171	0.00438	0.00311	0.00354	0.00619
40	0.01148	0.00984	0.01148	0.00820	0.01312	0.00738	0.00656	0.01395	0.01148	0.01805	0.00984	0.01148	0.00820	0.00410	0.00410	0.00082	0.00410	0.00328	0.00328	0.83922
41	0.01046	0.00984	0.01661	0.79205	0.03814	0.01230	0.01538	0.01415	0.01107	0.01415	0.00984	0.01477	0.00738	0.00554	0.00554	0.00185	0.00738	0.00492	0.00246	0.00615
42	0.00675	0.00482	0.00643	0.00771	0.00803	0.00450	0.00514	0.00771	0.01060	0.01414	0.03053	0.80175	0.03663	0.01735	0.00707	0.00225	0.00321	0.01574	0.00514	0.00450
43	0.00816	0.00596	0.00758	0.00713	0.00845	0.00567	0.00529	0.01128	0.05345	0.02156	0.68418	0.04000	0.04850	0.05924	0.00780	0.00197	0.00287	0.00970	0.00591	0.00529
44	0.01347	0.06334	0.06548	0.02566	0.28776	0.03117	0.39575	0.01750	0.01279	0.01748	0.01059	0.01387	0.00836	0.00482	0.00589	0.00173	0.00812	0.00557	0.00273	0.00792
45	0.01271	0.01214	0.02068	0.26610	0.54648	0.01290	0.01650	0.01613	0.01214	0.01689	0.01024	0.01403	0.00835	0.00512	0.00550	0.00171	0.00683	0.00493	0.00266	0.00797
46	0.00684	0.00494	0.00651	0.00772	0.00817	0.00460	0.00528	0.00791	0.01081	0.01430	0.03178	0.72758	0.07391	0.01708	0.00707	0.00224	0.00328	0.05031	0.00514	0.00454
47	0.00994	0.00775	0.00927	0.00936	0.04783	0.00769	0.00684	0.10560	0.06744	0.02025	0.23477	0.07667	0.24244	0.03279	0.00703	0.00199	0.00383	0.09726	0.00532	0.00593
48	0.80316	0.01092	0.00936	0.00808	0.01162	0.01250	0.04301	0.01635	0.00961	0.02450	0.00789	0.00929	0.00612	0.00512	0.00358	0.00172	0.00454	0.00317	0.00340	0.00607
49	0.00868	0.00659	0.00667	0.00671	0.00692	0.05240	0.00399	0.00887	0.00878	0.01126	0.01828	0.11459	0.02107	0.67463	0.02458	0.00480	0.00542	0.00859	0.00351	0.00366
50	0.75592	0.01057	0.00865	0.00756	0.01108	0.01196	0.00623	0.01744	0.01012	0.10587	0.00924	0.01006	0.00683	0.00533	0.00366	0.00171	0.00433	0.00328	0.00380	0.00637
51	0.01481	0.80869	0.02902	0.00948	0.01421	0.02191	0.00948	0.01658	0.01125	0.01303	0.00770	0.00888	0.00711	0.00474	0.00355	0.00118	0.00592	0.00296	0.00237	0.00711
52	0.01457	0.05453	0.01623	0.01362	0.02746	0.18353	0.01085	0.07702	0.05761	0.01611	0.03145	0.05662	0.01089	0.00858	0.01161	0.00201	0.39218	0.00532	0.00322	0.00657
53	0.01067	0.01001	0.01687	0.71474	0.09334	0.01222	0.01534	0.01430	0.01123	0.01451	0.01037	0.01588	0.00810	0.00573	0.00559	0.00185	0.00726	0.02311	0.00255	0.00633
54	0.01588	0.01294	0.01371	0.01170	0.01520	0.01476	0.00927	0.23808	0.54874	0.02656	0.01987	0.01854	0.01475	0.00726	0.00561	0.00182	0.00488	0.00589	0.00561	0.00895
55	0.02234	0.01344	0.01534	0.01176	0.01614	0.01410	0.00972	0.50582	0.02258	0.28632	0.01620	0.01518	0.01088	0.00672	0.00555	0.00168	0.00562	0.00518	0.00599	0.00942
56	0.01699	0.14231	0.03496	0.02003	0.28465	0.18614	0.01276	0.12264	0.03364	0.06006	0.01082	0.01244	0.00864	0.00560	0.00538	0.00156	0.02558	0.00437	0.00338	0.00804
57	0.00661	0.00561	0.00569	0.00567	0.00752	0.00470	0.00425	0.00806	0.01276	0.01530	0.08892	0.05275	0.73555	0.01390	0.00654	0.00186	0.00280	0.01161	0.00519	0.00470
58	0.00820	0.00604	0.00771	0.00723	0.00865	0.00574	0.00544	0.01160	0.06082	0.02227	0.72273	0.04012	0.05012	0.01109	0.00648	0.00175	0.00272	0.00979	0.00607	0.00544
59	0.04247	0.02546	0.05202	0.05457	0.06191	0.01000	0.00983	0.07359	0.03245	0.55048	0.01874	0.01720	0.01220	0.00651	0.00546	0.00171	0.00524	0.00529	0.00586	0.00900
60	0.01195	0.01153	0.02008	0.43235	0.33494	0.01277	0.06576	0.01555	0.01183	0.01599	0.01017	0.01435	0.00802	0.00523	0.00558	0.00177	0.00719	0.00504	0.00260	0.00731
61	0.00671	0.00562	0.00583	0.00578	0.00758	0.00474	0.00433	0.00826	0.01300	0.01586	0.14409	0.05183	0.68003	0.01369	0.00654	0.00185	0.00278	0.01148	0.00526	0.00474
