[name]
unknown

[dist]
# distance from previous block
# <min> <max>
0	127

[block]
# block no. 0 follows, 44 sequences, length 137
# corresponding to MSA columns:
# 127-195,197-264
name=unknown_A
#
# <colnr> <probs for GDERKNQSTAVLIFYWHMCP>
#	G	D	E	R	K	N	Q	S	T	A	V	L	I	F	Y	W	H	M	C	P
0	0.03708	0.00743	0.00986	0.03529	0.01194	0.00716	0.00738	0.01625	0.03512	0.25538	0.24035	0.06914	0.05278	0.01044	0.00650	0.00192	0.02189	0.16190	0.00567	0.00653
1	0.12104	0.00856	0.01019	0.00874	0.01184	0.00815	0.00715	0.06106	0.02785	0.32719	0.06094	0.04895	0.13440	0.00915	0.00568	0.00181	0.00427	0.10625	0.00555	0.03123
2	0.48507	0.01108	0.07324	0.00839	0.01193	0.01052	0.00743	0.01689	0.03940	0.11680	0.09714	0.03651	0.01385	0.00655	0.00441	0.00171	0.00439	0.01995	0.00416	0.03057
3	0.25883	0.01625	0.01296	0.01099	0.01445	0.23581	0.00871	0.23974	0.05942	0.02384	0.03899	0.01232	0.00962	0.00600	0.00470	0.00158	0.00630	0.00415	0.00405	0.03127
4	0.00870	0.00683	0.01089	0.01018	0.01155	0.00648	0.12164	0.03501	0.01140	0.03709	0.02564	0.58081	0.02932	0.05248	0.00779	0.00227	0.00438	0.02772	0.00468	0.00514
5	0.01757	0.01226	0.01349	0.01114	0.01480	0.01340	0.00894	0.26824	0.36529	0.15710	0.02018	0.01872	0.03914	0.00722	0.00554	0.00175	0.00488	0.00581	0.00571	0.00882
6	0.03870	0.00820	0.02531	0.00868	0.01160	0.00707	0.00696	0.03788	0.01393	0.32453	0.14496	0.18694	0.03841	0.00960	0.00580	0.00173	0.00400	0.02605	0.00561	0.09404
7	0.15338	0.01187	0.03512	0.19525	0.04342	0.06324	0.01087	0.03838	0.01189	0.18461	0.01169	0.01378	0.00871	0.00780	0.03691	0.00209	0.15584	0.00459	0.00366	0.00692
8	0.01369	0.48828	0.21066	0.03872	0.01848	0.05656	0.07448	0.01684	0.01154	0.01436	0.00852	0.01017	0.00709	0.00486	0.00429	0.00139	0.00690	0.00357	0.00239	0.00722
9	0.01071	0.03691	0.01643	0.70328	0.03480	0.01255	0.01440	0.01527	0.07387	0.01463	0.01066	0.01482	0.00804	0.00559	0.00539	0.00180	0.00697	0.00489	0.00268	0.00630
10	0.09758	0.04934	0.09400	0.19257	0.02478	0.01371	0.26021	0.07926	0.01240	0.01800	0.00992	0.01320	0.00765	0.00592	0.00696	0.02838	0.07139	0.00501	0.00287	0.00686
11	0.00781	0.00609	0.00670	0.00655	0.00832	0.00553	0.00490	0.01057	0.07573	0.03868	0.18295	0.11658	0.48410	0.01288	0.00639	0.00185	0.00295	0.01095	0.00533	0.00516
12	0.00663	0.00480	0.00627	0.00745	0.00787	0.00444	0.00500	0.00761	0.01057	0.01397	0.03177	0.75352	0.08627	0.01686	0.00692	0.00219	0.00314	0.01523	0.00506	0.00444
13	0.01509	0.13582	0.03108	0.01092	0.01452	0.01389	0.02247	0.02592	0.50083	0.12640	0.01948	0.01872	0.01461	0.00692	0.00526	0.00173	0.00477	0.01813	0.00509	0.00837
14	0.02187	0.00974	0.01256	0.00981	0.01370	0.00903	0.00803	0.12084	0.03802	0.57806	0.10075	0.02026	0.01709	0.00721	0.00558	0.00169	0.00459	0.00589	0.00646	0.00882
15	0.00739	0.00548	0.00683	0.00664	0.00791	0.00499	0.00489	0.00952	0.01421	0.01949	0.55014	0.10702	0.18516	0.03738	0.00715	0.00189	0.00274	0.01058	0.00566	0.00492
16	0.17436	0.02155	0.01380	0.01235	0.01536	0.55352	0.00944	0.07935	0.01501	0.01716	0.01022	0.01135	0.03280	0.00586	0.00472	0.00149	0.00824	0.00379	0.00320	0.00642
17	0.03159	0.01183	0.01441	0.01174	0.01538	0.01269	0.07088	0.18260	0.34499	0.15243	0.06116	0.01959	0.03119	0.00717	0.00562	0.00176	0.00501	0.00606	0.00547	0.00844
18	0.62657	0.01012	0.00845	0.00754	0.01064	0.01156	0.00611	0.04936	0.07207	0.02428	0.05160	0.01268	0.01009	0.00576	0.00385	0.00166	0.00407	0.00386	0.07357	0.00617
19	0.02420	0.00934	0.01264	0.00973	0.01392	0.00814	0.00803	0.02663	0.03325	0.76037	0.02152	0.01860	0.01357	0.00676	0.00548	0.00169	0.00463	0.00550	0.00672	0.00926
20	0.02186	0.01344	0.01523	0.01168	0.01599	0.01419	0.00965	0.53361	0.02257	0.26129	0.01566	0.01476	0.01056	0.00661	0.00546	0.00165	0.00558	0.00508	0.00585	0.00927
21	0.04718	0.01272	0.01436	0.01121	0.01534	0.01340	0.00921	0.42179	0.08733	0.27012	0.01717	0.01605	0.02488	0.00677	0.00542	0.00168	0.00530	0.00526	0.00580	0.00903
22	0.00668	0.00476	0.00632	0.00755	0.00786	0.00445	0.00501	0.00760	0.01037	0.01383	0.02971	0.78452	0.03563	0.03799	0.00751	0.00230	0.00322	0.01530	0.00501	0.00440
23	0.02072	0.01527	0.01636	0.01254	0.01691	0.01691	0.01036	0.75622	0.02563	0.03436	0.01309	0.01309	0.00927	0.00654	0.00545	0.00164	0.00600	0.00491	0.00545	0.00927
24	0.00728	0.00501	0.00614	0.00677	0.00693	0.00485	0.00419	0.00776	0.00919	0.01226	0.02366	0.42316	0.02800	0.40976	0.01728	0.00374	0.00422	0.01174	0.00419	0.00387
25	0.03653	0.00677	0.00862	0.00771	0.00986	0.00617	0.00593	0.01483	0.02782	0.23595	0.35339	0.13122	0.11185	0.01068	0.00612	0.00178	0.00334	0.00923	0.00591	0.00626
26	0.84691	0.01054	0.00801	0.00717	0.01054	0.01223	0.00590	0.01603	0.00928	0.02446	0.00759	0.00886	0.00590	0.00506	0.00337	0.00169	0.00422	0.00295	0.00337	0.00590
27	0.02013	0.01497	0.01602	0.01242	0.01668	0.01663	0.01022	0.69546	0.08736	0.03339	0.01385	0.01369	0.00989	0.00662	0.00546	0.00165	0.00586	0.00501	0.00546	0.00922
28	0.32534	0.01122	0.01130	0.00933	0.01280	0.01223	0.00751	0.20981	0.09433	0.16320	0.01389	0.01517	0.01046	0.07311	0.00656	0.00199	0.00485	0.00467	0.00475	0.00746
29	0.00793	0.00529	0.00595	0.00595	0.00595	0.00529	0.00330	0.00793	0.00793	0.01057	0.01718	0.03568	0.01982	0.80840	0.02775	0.00529	0.00529	0.00793	0.00330	0.00330
30	0.00644	0.00552	0.00552	0.00552	0.00736	0.00460	0.00414	0.00782	0.01243	0.01473	0.05523	0.05247	0.77218	0.01381	0.00644	0.00184	0.00276	0.01151	0.00506	0.00460
31	0.00772	0.00557	0.00729	0.00686	0.00814	0.00514	0.00514	0.01029	0.01543	0.02186	0.77152	0.04072	0.05144	0.01115	0.00643	0.00171	0.00257	0.00986	0.00600	0.00514
32	0.00682	0.00489	0.00651	0.00775	0.00818	0.00459	0.00535	0.00791	0.01066	0.01414	0.03051	0.72604	0.05201	0.01684	0.00699	0.00223	0.00331	0.07574	0.00506	0.00448
33	0.01016	0.00508	0.00508	0.00508	0.00635	0.00508	0.00381	0.01270	0.01143	0.02033	0.01778	0.02033	0.01397	0.00635	0.00381	0.00127	0.00254	0.00508	0.83867	0.00508
34	0.00779	0.00584	0.00876	0.00876	0.00974	0.00681	0.00681	0.00974	0.00876	0.01266	0.01460	0.02142	0.01363	0.04089	0.78680	0.00876	0.01460	0.00584	0.00292	0.00487
35	0.00834	0.00557	0.00701	0.00729	0.00830	0.00528	0.00521	0.03751	0.01283	0.03870	0.25408	0.41620	0.06012	0.01338	0.00636	0.00192	0.00305	0.01191	0.09189	0.00503
36	0.00673	0.00475	0.00629	0.00753	0.00787	0.00444	0.00503	0.00772	0.01046	0.01408	0.02974	0.78493	0.03550	0.01681	0.00688	0.00219	0.00315	0.01523	0.02623	0.00444
37	0.00789	0.00527	0.00596	0.00599	0.00600	0.00526	0.00335	0.00792	0.00800	0.01066	0.01753	0.05689	0.02027	0.78658	0.02718	0.00520	0.00523	0.00814	0.00335	0.00333
38	0.01300	0.01245	0.02123	0.15169	0.66004	0.01282	0.01648	0.01630	0.01218	0.01721	0.01017	0.01365	0.00842	0.00495	0.00541	0.00165	0.00660	0.00486	0.00266	0.00824
39	0.01151	0.15097	0.66239	0.01457	0.02209	0.01406	0.01845	0.01712	0.01144	0.01657	0.00944	0.01108	0.00692	0.00510	0.00492	0.00164	0.00771	0.00385	0.00231	0.00789
40	0.00664	0.00474	0.00633	0.00759	0.00791	0.00443	0.00506	0.00759	0.01044	0.01392	0.03005	0.80485	0.03606	0.01708	0.00696	0.00221	0.00316	0.01550	0.00506	0.00443
41	0.01043	0.00987	0.01638	0.73243	0.03568	0.01248	0.01488	0.01386	0.01070	0.01386	0.00949	0.01432	0.00726	0.00578	0.00645	0.00186	0.07096	0.00484	0.00242	0.00605
42	0.01410	0.01315	0.02165	0.03172	0.71111	0.01328	0.01620	0.07851	0.01352	0.01919	0.01049	0.01346	0.00869	0.00500	0.00540	0.00162	0.00644	0.00486	0.00293	0.00869
43	0.00793	0.00529	0.00595	0.00595	0.00595	0.00529	0.00330	0.00793	0.00793	0.01057	0.01718	0.03568	0.01982	0.80840	0.02775	0.00529	0.00529	0.00793	0.00330	0.00330
44	0.02104	0.01477	0.01605	0.01231	0.01666	0.01616	0.01017	0.69526	0.02479	0.09650	0.01379	0.01355	0.00962	0.00656	0.00546	0.00164	0.00589	0.00496	0.00556	0.00927
45	0.00792	0.00530	0.00604	0.00604	0.00607	0.00534	0.00342	0.00799	0.00796	0.01064	0.01709	0.03520	0.01961	0.78252	0.05335	0.00540	0.00560	0.00786	0.00329	0.00336
46	0.01349	0.01295	0.02213	0.03346	0.77440	0.01295	0.01673	0.01673	0.01241	0.01781	0.01025	0.01349	0.00864	0.00486	0.00540	0.00162	0.00648	0.00486	0.00270	0.00864
47	0.00664	0.00474	0.00633	0.00759	0.00791	0.00443	0.00506	0.00759	0.01044	0.01392	0.03005	0.80485	0.03606	0.01708	0.00696	0.00221	0.00316	0.01550	0.00506	0.00443
48	0.00772	0.00557	0.00729	0.00686	0.00814	0.00514	0.00514	0.01029	0.01543	0.02186	0.77152	0.04072	0.05144	0.01115	0.00643	0.00171	0.00257	0.00986	0.00600	0.00514
49	0.00791	0.00534	0.00621	0.00621	0.00630	0.00543	0.00363	0.00810	0.00801	0.01077	0.01693	0.03433	0.01924	0.73607	0.09929	0.00561	0.00616	0.00773	0.00327	0.00345
50	0.00809	0.00604	0.00788	0.00785	0.00851	0.02167	0.00562	0.00932	0.00859	0.01192	0.01541	0.02634	0.01574	0.31743	0.49716	0.00736	0.01114	0.00655	0.00306	0.00433
51	0.00664	0.00474	0.00633	0.00759	0.00791	0.00443	0.00506	0.00759	0.01044	0.01392	0.03005	0.80485	0.03606	0.01708	0.00696	0.00221	0.00316	0.01550	0.00506	0.00443
52	0.02401	0.01000	0.01310	0.01004	0.01428	0.00909	0.00830	0.11486	0.01682	0.68817	0.02049	0.01789	0.01298	0.00672	0.00548	0.00168	0.00480	0.00541	0.00659	0.00928
53	0.00678	0.00485	0.00645	0.00750	0.00794	0.00452	0.00507	0.00794	0.01109	0.01495	0.12638	0.70557	0.03806	0.01631	0.00689	0.00215	0.00309	0.01477	0.00518	0.00452
54	0.02113	0.01462	0.01596	0.01223	0.01658	0.01593	0.01011	0.67648	0.02454	0.11564	0.01401	0.01369	0.00973	0.00657	0.00546	0.00164	0.00585	0.00497	0.00560	0.00927
55	0.01458	0.81168	0.02857	0.00933	0.01399	0.02157	0.00933	0.01632	0.01108	0.01283	0.00758	0.00875	0.00700	0.00466	0.00350	0.00117	0.00583	0.00292	0.00233	0.00700
56	0.00869	0.00621	0.00867	0.00988	0.01111	0.00619	0.00858	0.01116	0.01257	0.01640	0.04976	0.08187	0.03207	0.01501	0.00748	0.00248	0.00490	0.69689	0.00505	0.00501
57	0.00729	0.00491	0.00612	0.00695	0.00727	0.00470	0.00451	0.00815	0.00990	0.01367	0.02569	0.53991	0.02996	0.21434	0.01188	0.00290	0.00364	0.01264	0.08138	0.00421
58	0.01136	0.00543	0.00571	0.00547	0.00698	0.00533	0.00416	0.01386	0.01178	0.08364	0.01810	0.02018	0.01393	0.00638	0.00395	0.00131	0.00272	0.00511	0.76917	0.00543
59	0.02072	0.01527	0.01636	0.01254	0.01691	0.01691	0.01036	0.75622	0.02563	0.03436	0.01309	0.01309	0.00927	0.00654	0.00545	0.00164	0.00600	0.00491	0.00545	0.00927
60	0.00758	0.00514	0.00605	0.00639	0.00647	0.00506	0.00377	0.00784	0.00860	0.01147	0.02062	0.24149	0.02417	0.59666	0.02219	0.00446	0.00472	0.00995	0.00377	0.00360
61	0.00793	0.00529	0.00595	0.00595	0.00595	0.00529	0.00330	0.00793	0.00793	0.01057	0.01718	0.03568	0.01982	0.80840	0.02775	0.00529	0.00529	0.00793	0.00330	0.00330
62	0.03330	0.01565	0.01400	0.01194	0.01523	0.18602	0.00937	0.30911	0.23017	0.02448	0.01597	0.08238	0.01309	0.00746	0.00545	0.00170	0.00610	0.00582	0.00482	0.00795
63	0.00697	0.00566	0.00628	0.00657	0.00823	0.00496	0.00517	0.00861	0.01247	0.01522	0.06709	0.07788	0.57523	0.01411	0.00669	0.00199	0.00324	0.16388	0.00508	0.00470
64	0.00719	0.00550	0.00663	0.00677	0.00812	0.00495	0.00510	0.00908	0.01332	0.01754	0.32864	0.15744	0.31474	0.01336	0.00661	0.00191	0.00296	0.07988	0.00542	0.00483
65	0.84691	0.01054	0.00801	0.00717	0.01054	0.01223	0.00590	0.01603	0.00928	0.02446	0.00759	0.00886	0.00590	0.00506	0.00337	0.00169	0.00422	0.00295	0.00337	0.00590
66	0.12758	0.61283	0.04848	0.00963	0.01407	0.08393	0.00931	0.01677	0.01121	0.01458	0.00772	0.00894	0.00685	0.00481	0.00365	0.00127	0.00602	0.00301	0.00251	0.00683
67	0.01130	0.00969	0.01130	0.00807	0.01292	0.00727	0.00646	0.01373	0.01130	0.01776	0.00969	0.01130	0.00807	0.00404	0.00404	0.00081	0.00404	0.00323	0.00323	0.84173
68	0.08935	0.01388	0.01483	0.01155	0.01561	0.01522	0.00946	0.58361	0.04294	0.09442	0.01375	0.01429	0.00997	0.03850	0.00618	0.00180	0.00566	0.00495	0.00530	0.00873
69	0.01493	0.01765	0.08265	0.05261	0.37020	0.23556	0.04214	0.01867	0.05975	0.01655	0.01162	0.01381	0.02864	0.00551	0.00532	0.00160	0.00748	0.00472	0.00293	0.00767
70	0.69550	0.01038	0.00896	0.02974	0.01183	0.01171	0.00651	0.01766	0.02923	0.12205	0.00983	0.01057	0.00720	0.00535	0.00376	0.00169	0.00436	0.00342	0.00384	0.00642
71	0.00785	0.00528	0.00607	0.00614	0.00619	0.00530	0.00353	0.00798	0.00809	0.01083	0.01778	0.07677	0.02047	0.73739	0.05451	0.00525	0.00551	0.00826	0.00338	0.00342
72	0.00767	0.00537	0.00647	0.00658	0.00695	0.00544	0.00419	0.00823	0.00868	0.01160	0.02104	0.09868	0.08467	0.52900	0.16758	0.00539	0.00665	0.00847	0.00353	0.00380
73	0.01016	0.00508	0.00508	0.00508	0.00635	0.00508	0.00381	0.01270	0.01143	0.02033	0.01778	0.02033	0.01397	0.00635	0.00381	0.00127	0.00254	0.00508	0.83867	0.00508
74	0.00811	0.02020	0.00868	0.00827	0.00926	0.00693	0.00627	0.02278	0.00912	0.01280	0.01648	0.02450	0.04476	0.15766	0.60997	0.00768	0.01237	0.00632	0.00310	0.00473
75	0.02395	0.00959	0.01278	0.00985	0.01404	0.00854	0.00812	0.05419	0.04124	0.72462	0.02121	0.01841	0.01344	0.00676	0.00548	0.00169	0.00468	0.00548	0.00666	0.00926
76	0.01266	0.01409	0.02874	0.02106	0.02535	0.01443	0.58989	0.01650	0.01187	0.01650	0.01017	0.01409	0.00802	0.00569	0.00897	0.00196	0.18423	0.00607	0.00267	0.00704
77	0.60717	0.24130	0.01393	0.00779	0.01154	0.01492	0.00689	0.01611	0.00980	0.02111	0.00759	0.00882	0.00622	0.00495	0.00341	0.00154	0.00468	0.00294	0.00307	0.00622
78	0.00779	0.00584	0.00876	0.00876	0.00974	0.00681	0.00681	0.00974	0.00876	0.01266	0.01460	0.02142	0.01363	0.04089	0.78680	0.00876	0.01460	0.00584	0.00292	0.00487
79	0.01853	0.01401	0.01500	0.01202	0.01597	0.01565	0.00976	0.50905	0.26008	0.04720	0.01617	0.01551	0.01171	0.00682	0.00548	0.00170	0.00543	0.00532	0.00551	0.00907
80	0.01702	0.01116	0.01261	0.01071	0.01416	0.01207	0.00851	0.08853	0.47418	0.23311	0.04229	0.01981	0.01613	0.00725	0.00555	0.00178	0.00450	0.00597	0.00588	0.00876
81	0.01201	0.01216	0.01799	0.01504	0.01550	0.01646	0.07397	0.01348	0.00873	0.01348	0.00748	0.01216	0.00725	0.00913	0.01693	0.00234	0.73249	0.00491	0.00242	0.00608
82	0.00793	0.00529	0.00595	0.00595	0.00595	0.00529	0.00330	0.00793	0.00793	0.01057	0.01718	0.03568	0.01982	0.80840	0.02775	0.00529	0.00529	0.00793	0.00330	0.00330
83	0.00793	0.00529	0.00595	0.00595	0.00595	0.00529	0.00330	0.00793	0.00793	0.01057	0.01718	0.03568	0.01982	0.80840	0.02775	0.00529	0.00529	0.00793	0.00330	0.00330
84	0.01104	0.00593	0.00602	0.00570	0.00723	0.00607	0.00436	0.07482	0.01262	0.02150	0.01739	0.01972	0.01358	0.00637	0.00395	0.00130	0.00283	0.00507	0.76906	0.00543
85	0.00745	0.00548	0.00698	0.00678	0.00803	0.00500	0.00502	0.00971	0.01454	0.02018	0.60842	0.12513	0.13279	0.01210	0.00649	0.00178	0.00266	0.01066	0.00579	0.00500
86	0.02446	0.00928	0.01265	0.00970	0.01392	0.00801	0.00801	0.02657	0.01560	0.77817	0.02151	0.01856	0.01350	0.00675	0.00548	0.00169	0.00464	0.00548	0.00675	0.00928
87	0.02072	0.01527	0.01636	0.01254	0.01691	0.01691	0.01036	0.75622	0.02563	0.03436	0.01309	0.01309	0.00927	0.00654	0.00545	0.00164	0.00600	0.00491	0.00545	0.00927
88	0.00793	0.00529	0.00595	0.00595	0.00595	0.00529	0.00330	0.00793	0.00793	0.01057	0.01718	0.03568	0.01982	0.80840	0.02775	0.00529	0.00529	0.00793	0.00330	0.00330
89	0.00664	0.00474	0.00633	0.00759	0.00791	0.00443	0.00506	0.00759	0.01044	0.01392	0.03005	0.80485	0.03606	0.01708	0.00696	0.00221	0.00316	0.01550	0.00506	0.00443
90	0.00947	0.00473	0.00710	0.00710	0.00710	0.00473	0.00473	0.00710	0.00710	0.00947	0.00947	0.01657	0.00947	0.01894	0.02131	0.84138	0.00473	0.00473	0.00237	0.00237
91	0.01356	0.01171	0.01233	0.01109	0.01418	0.01356	0.00863	0.02897	0.76455	0.02281	0.02219	0.02034	0.01664	0.00740	0.00555	0.00185	0.00431	0.00616	0.00555	0.00863
92	0.01356	0.01171	0.01233	0.01109	0.01418	0.01356	0.00863	0.02897	0.76455	0.02281	0.02219	0.02034	0.01664	0.00740	0.00555	0.00185	0.00431	0.00616	0.00555	0.00863
93	0.01395	0.01143	0.01221	0.01091	0.01400	0.01306	0.00851	0.02836	0.70763	0.06022	0.04196	0.02079	0.01741	0.00746	0.00557	0.00184	0.00428	0.00623	0.00562	0.00857
94	0.00644	0.00552	0.00552	0.00552	0.00736	0.00460	0.00414	0.00782	0.01243	0.01473	0.05523	0.05247	0.77218	0.01381	0.00644	0.00184	0.00276	0.01151	0.00506	0.00460
95	0.02415	0.00978	0.01296	0.00994	0.01417	0.00876	0.00821	0.08752	0.01644	0.71603	0.02080	0.01810	0.01314	0.00673	0.00548	0.00168	0.00475	0.00543	0.00664	0.00928
96	0.00793	0.00529	0.00595	0.00595	0.00595	0.00529	0.00330	0.00793	0.00793	0.01057	0.01718	0.03568	0.01982	0.80840	0.02775	0.00529	0.00529	0.00793	0.00330	0.00330
97	0.01356	0.01171	0.01233	0.01109	0.01418	0.01356	0.00863	0.02897	0.76455	0.02281	0.02219	0.02034	0.01664	0.00740	0.00555	0.00185	0.00431	0.00616	0.00555	0.00863
98	0.00664	0.00474	0.00633	0.00759	0.00791	0.00443	0.00506	0.00759	0.01044	0.01392	0.03005	0.80485	0.03606	0.01708	0.00696	0.00221	0.00316	0.01550	0.00506	0.00443
99	0.01193	0.01193	0.01670	0.01431	0.01431	0.01670	0.01193	0.01312	0.00835	0.01312	0.00716	0.01193	0.00716	0.00954	0.01789	0.00239	0.79843	0.00477	0.00239	0.00596
100	0.01030	0.00969	0.01635	0.79530	0.03755	0.01211	0.01514	0.01393	0.01090	0.01393	0.00969	0.01453	0.00727	0.00545	0.00545	0.00182	0.00727	0.00484	0.00242	0.00606
101	0.01475	0.01145	0.01236	0.01094	0.01415	0.01296	0.00856	0.02871	0.68296	0.10509	0.02212	0.02015	0.01630	0.00733	0.00554	0.00183	0.00435	0.00609	0.00568	0.00870
102	0.00911	0.00588	0.00774	0.00710	0.00863	0.00538	0.00538	0.01165	0.01545	0.08505	0.70886	0.03887	0.04827	0.01078	0.00635	0.00171	0.00274	0.00949	0.00606	0.00549
103	0.00772	0.00557	0.00729	0.00686	0.00814	0.00514	0.00514	0.01029	0.01543	0.02186	0.77152	0.04072	0.05144	0.01115	0.00643	0.00171	0.00257	0.00986	0.00600	0.00514
104	0.01204	0.01161	0.02019	0.33456	0.41672	0.01250	0.06506	0.01548	0.01180	0.01617	0.01048	0.03003	0.00862	0.00532	0.00552	0.00172	0.00690	0.00517	0.00264	0.00744
105	0.01193	0.01193	0.01670	0.01431	0.01431	0.01670	0.01193	0.01312	0.00835	0.01312	0.00716	0.01193	0.00716	0.00954	0.01789	0.00239	0.79843	0.00477	0.00239	0.00596
106	0.01349	0.01295	0.02213	0.03346	0.77440	0.01295	0.01673	0.01673	0.01241	0.01781	0.01025	0.01349	0.00864	0.00486	0.00540	0.00162	0.00648	0.00486	0.00270	0.00864
107	0.01467	0.01146	0.01236	0.01095	0.01415	0.01300	0.00857	0.02872	0.68827	0.09974	0.02212	0.02016	0.01632	0.00733	0.00554	0.00183	0.00435	0.00609	0.00567	0.00870
108	0.01458	0.81168	0.02857	0.00933	0.01399	0.02157	0.00933	0.01632	0.01108	0.01283	0.00758	0.00875	0.00700	0.00466	0.00350	0.00117	0.00583	0.00292	0.00233	0.00700
109	0.00772	0.00557	0.00729	0.00686	0.00814	0.00514	0.00514	0.01029	0.01543	0.02186	0.77152	0.04072	0.05144	0.01115	0.00643	0.00171	0.00257	0.00986	0.00600	0.00514
110	0.01093	0.02820	0.78016	0.01554	0.02360	0.01266	0.02014	0.01727	0.01151	0.01727	0.00978	0.01151	0.00691	0.00518	0.00518	0.00173	0.00806	0.00403	0.00230	0.00806
111	0.08354	0.62317	0.14349	0.01011	0.01519	0.01941	0.01072	0.01645	0.01099	0.01449	0.00792	0.00918	0.00689	0.00478	0.00375	0.00130	0.00604	0.00309	0.00241	0.00707
112	0.00724	0.00499	0.00633	0.00709	0.00732	0.00484	0.00456	0.00783	0.00947	0.01264	0.02454	0.47850	0.02895	0.29329	0.03651	0.02662	0.00430	0.02666	0.00431	0.00400
113	0.30063	0.02208	0.51258	0.01264	0.01907	0.01251	0.01521	0.01684	0.01074	0.01976	0.00902	0.01059	0.00656	0.00514	0.00455	0.00171	0.00673	0.00366	0.00267	0.00731
114	0.01908	0.01073	0.01290	0.00980	0.01401	0.00995	0.00796	0.20921	0.01662	0.34092	0.01590	0.01602	0.01124	0.04591	0.00619	0.00161	0.00486	0.00484	0.00528	0.23699
115	0.00783	0.00590	0.00746	0.00808	0.00951	0.00554	0.00669	0.00995	0.01286	0.01650	0.13859	0.07039	0.27727	0.01416	0.00701	0.00218	0.00391	0.38612	0.00517	0.00489
116	0.00793	0.00529	0.00595	0.00595	0.00595	0.00529	0.00330	0.00793	0.00793	0.01057	0.01718	0.03568	0.01982	0.80840	0.02775	0.00529	0.00529	0.00793	0.00330	0.00330
117	0.01193	0.01193	0.01670	0.01431	0.01431	0.01670	0.01193	0.01312	0.00835	0.01312	0.00716	0.01193	0.00716	0.00954	0.01789	0.00239	0.79843	0.00477	0.00239	0.00596
118	0.00813	0.00512	0.00685	0.00777	0.00841	0.00473	0.00531	0.00918	0.01087	0.07776	0.02933	0.73916	0.03417	0.01622	0.00684	0.00217	0.00329	0.01466	0.00520	0.00483
119	0.00779	0.00583	0.00870	0.00870	0.00965	0.00678	0.00674	0.00969	0.00874	0.01261	0.01466	0.02174	0.01377	0.05812	0.76976	0.00868	0.01439	0.00589	0.00293	0.00483
120	0.00772	0.00557	0.00729	0.00686	0.00814	0.00514	0.00514	0.01029	0.01543	0.02186	0.77152	0.04072	0.05144	0.01115	0.00643	0.00171	0.00257	0.00986	0.00600	0.00514
121	0.00947	0.00473	0.00710	0.00710	0.00710	0.00473	0.00473	0.00710	0.00710	0.00947	0.00947	0.01657	0.00947	0.01894	0.02131	0.84138	0.00473	0.00473	0.00237	0.00237
122	0.84691	0.01054	0.00801	0.00717	0.01054	0.01223	0.00590	0.01603	0.00928	0.02446	0.00759	0.00886	0.00590	0.00506	0.00337	0.00169	0.00422	0.00295	0.00337	0.00590
123	0.01356	0.01171	0.01233	0.01109	0.01418	0.01356	0.00863	0.02897	0.76455	0.02281	0.02219	0.02034	0.01664	0.00740	0.00555	0.00185	0.00431	0.00616	0.00555	0.00863
124	0.02083	0.01511	0.01626	0.01247	0.01682	0.01666	0.01030	0.73625	0.02536	0.05472	0.01332	0.01324	0.00939	0.00655	0.00545	0.00164	0.00596	0.00492	0.00549	0.00927
125	0.09806	0.00543	0.00654	0.00746	0.00814	0.00534	0.00510	0.00864	0.01046	0.01532	0.06105	0.65910	0.03297	0.04055	0.00720	0.00223	0.00332	0.01364	0.00486	0.00459
126	0.01136	0.00636	0.00841	0.00748	0.00936	0.00576	0.00573	0.01374	0.01519	0.18722	0.57196	0.05684	0.04208	0.02588	0.00665	0.00179	0.00309	0.00902	0.00609	0.00599
127	0.00955	0.00725	0.00922	0.00973	0.01133	0.00756	0.00811	0.01468	0.16844	0.01836	0.13230	0.07512	0.03132	0.01299	0.00695	0.00225	0.00447	0.45934	0.00527	0.00576
128	0.01356	0.01171	0.01233	0.01109	0.01418	0.01356	0.00863	0.02897	0.76455	0.02281	0.02219	0.02034	0.01664	0.00740	0.00555	0.00185	0.00431	0.00616	0.00555	0.00863
129	0.00750	0.00556	0.00699	0.00664	0.00801	0.00505	0.00498	0.00988	0.01493	0.02067	0.65189	0.04268	0.17181	0.01159	0.00643	0.00174	0.00260	0.01013	0.00584	0.00505
130	0.00683	0.00545	0.00616	0.00649	0.00792	0.00478	0.00486	0.00835	0.01235	0.01542	0.11811	0.19866	0.48721	0.01430	0.00665	0.00197	0.00304	0.08163	0.00515	0.00466
131	0.01045	0.00983	0.01636	0.70840	0.03524	0.01175	0.03465	0.01401	0.01099	0.01435	0.00973	0.01427	0.00736	0.00531	0.00536	0.00173	0.00705	0.00475	0.00250	0.07590
132	0.01966	0.01422	0.01542	0.01205	0.01607	0.01561	0.00985	0.67263	0.02407	0.05410	0.01475	0.07939	0.01163	0.00743	0.00558	0.00169	0.00572	0.00581	0.00546	0.00887
133	0.00669	0.00550	0.00564	0.00567	0.00724	0.00473	0.00411	0.00790	0.01181	0.01418	0.04947	0.05031	0.65420	0.12386	0.00941	0.00233	0.00315	0.02454	0.00482	0.00443
134	0.73474	0.01054	0.00875	0.00759	0.01109	0.01190	0.00626	0.03758	0.01042	0.10665	0.00926	0.01003	0.00682	0.00528	0.00366	0.00169	0.00431	0.00328	0.00380	0.00636
135	0.02046	0.02312	0.01569	0.01364	0.01687	0.58076	0.01049	0.21812	0.01817	0.01896	0.00967	0.01070	0.00762	0.00587	0.00506	0.00147	0.00881	0.00388	0.00352	0.00711
136	0.01610	0.51004	0.06103	0.01119	0.01535	0.23957	0.01030	0.03283	0.01257	0.01364	0.00803	0.00937	0.00705	0.00514	0.00443	0.00131	0.02943	0.00323	0.00253	0.00687

[dist]
# distance from previous block
# <min> <max>
2	8

[block]
# block no. 1 follows, 44 sequences, length 16
# corresponding to MSA columns:
# 273-288
name=unknown_B
#
# <colnr> <probs for GDERKNQSTAVLIFYWHMCP>
#	G	D	E	R	K	N	Q	S	T	A	V	L	I	F	Y	W	H	M	C	P
0	0.01107	0.01054	0.01573	0.38116	0.02505	0.01313	0.01262	0.01359	0.00999	0.01420	0.00873	0.01306	0.00735	0.00679	0.00996	0.00188	0.30711	0.00458	0.00253	0.13094
1	0.00917	0.00628	0.00787	0.00760	0.00940	0.00541	0.00557	0.01078	0.01192	0.08002	0.11707	0.39082	0.11744	0.01264	0.00618	0.00181	0.00338	0.03144	0.00497	0.16021
2	0.77383	0.01045	0.00862	0.04863	0.01208	0.01207	0.00646	0.01629	0.00959	0.05064	0.00819	0.00950	0.00624	0.00514	0.00356	0.00169	0.00439	0.00314	0.00344	0.00603
3	0.01976	0.00993	0.01233	0.00985	0.01367	0.00948	0.00797	0.07012	0.17470	0.46213	0.07379	0.01965	0.01621	0.00699	0.00546	0.00166	0.00446	0.00574	0.00610	0.07001
4	0.00973	0.00506	0.00736	0.00729	0.00743	0.00510	0.00492	0.03016	0.00778	0.01038	0.01024	0.04174	0.01032	0.01850	0.02036	0.78865	0.00472	0.00509	0.00255	0.00265
5	0.01016	0.00508	0.00508	0.00508	0.00635	0.00508	0.00381	0.01270	0.01143	0.02033	0.01778	0.02033	0.01397	0.00635	0.00381	0.00127	0.00254	0.00508	0.83867	0.00508
6	0.00947	0.00473	0.00710	0.00710	0.00710	0.00473	0.00473	0.00710	0.00710	0.00947	0.00947	0.01657	0.00947	0.01894	0.02131	0.84138	0.00473	0.00473	0.00237	0.00237
7	0.01499	0.01067	0.04186	0.00993	0.01324	0.01053	0.00816	0.06825	0.35065	0.19839	0.08843	0.02514	0.11920	0.00828	0.00571	0.00178	0.00429	0.00687	0.00567	0.00796
8	0.06700	0.01718	0.18261	0.02043	0.02632	0.01346	0.55638	0.01733	0.01236	0.01788	0.01055	0.01367	0.00784	0.00474	0.00598	0.00181	0.00864	0.00572	0.00271	0.00740
9	0.01457	0.01247	0.01572	0.04381	0.01728	0.01358	0.10889	0.19475	0.38826	0.02380	0.01894	0.01867	0.04760	0.00687	0.00560	0.00174	0.00539	0.00595	0.00489	0.05121
10	0.61442	0.01206	0.07405	0.00851	0.01245	0.01186	0.00763	0.05271	0.01119	0.13714	0.01012	0.01073	0.00728	0.00539	0.00394	0.00169	0.00469	0.00351	0.00389	0.00675
11	0.06650	0.01127	0.01558	0.33092	0.07354	0.03312	0.04153	0.11465	0.07614	0.01834	0.01251	0.07247	0.01068	0.02038	0.00695	0.00190	0.07769	0.00570	0.00340	0.00675
12	0.01471	0.01159	0.01498	0.01484	0.12058	0.01250	0.05809	0.08108	0.40696	0.09851	0.01967	0.02219	0.01550	0.00746	0.00576	0.00185	0.00516	0.07523	0.00504	0.00832
13	0.54981	0.01150	0.06000	0.04454	0.01348	0.01157	0.00782	0.01877	0.05951	0.16106	0.01132	0.01180	0.00811	0.00555	0.00411	0.00171	0.00469	0.00378	0.00402	0.00684
14	0.13750	0.01259	0.02003	0.02955	0.66074	0.01285	0.01512	0.01663	0.01195	0.01880	0.00986	0.01280	0.00823	0.00489	0.00510	0.00163	0.00614	0.00457	0.00280	0.00823
15	0.01455	0.00797	0.01133	0.01184	0.12421	0.00729	0.00787	0.01693	0.01467	0.29541	0.31878	0.06919	0.05864	0.00903	0.00596	0.00172	0.00394	0.00788	0.00570	0.00711

[dist]
# distance from previous block
# <min> <max>
0	2

[block]
# block no. 2 follows, 44 sequences, length 46
# corresponding to MSA columns:
# 291-336
name=unknown_C
#
# <colnr> <probs for GDERKNQSTAVLIFYWHMCP>
#	G	D	E	R	K	N	Q	S	T	A	V	L	I	F	Y	W	H	M	C	P
0	0.00968	0.00613	0.00780	0.00747	0.00902	0.00569	0.00556	0.01233	0.05137	0.11232	0.39116	0.22656	0.10943	0.01213	0.00640	0.00185	0.00308	0.01068	0.00575	0.00560
1	0.01183	0.01185	0.01728	0.07850	0.01677	0.01621	0.04142	0.01336	0.00874	0.01336	0.00752	0.01225	0.00721	0.00901	0.01642	0.00232	0.70269	0.00484	0.00240	0.00603
2	0.00753	0.00512	0.00606	0.00646	0.00655	0.00502	0.00385	0.00782	0.00870	0.01161	0.02116	0.27372	0.02485	0.56350	0.02131	0.00433	0.00463	0.01027	0.00385	0.00365
3	0.00691	0.00551	0.00619	0.00635	0.00785	0.00483	0.00478	0.00852	0.01268	0.01595	0.17641	0.12763	0.49423	0.02938	0.00700	0.00198	0.00300	0.07092	0.00519	0.00469
4	0.01356	0.01171	0.01233	0.01109	0.01418	0.01356	0.00863	0.02897	0.76455	0.02281	0.02219	0.02034	0.01664	0.00740	0.00555	0.00185	0.00431	0.00616	0.00555	0.00863
5	0.00793	0.00529	0.00595	0.00595	0.00595	0.00529	0.00330	0.00793	0.00793	0.01057	0.01718	0.03568	0.01982	0.80840	0.02775	0.00529	0.00529	0.00793	0.00330	0.00330
6	0.00779	0.00584	0.00876	0.00876	0.00974	0.00681	0.00681	0.00974	0.00876	0.01266	0.01460	0.02142	0.01363	0.04089	0.78680	0.00876	0.01460	0.00584	0.00292	0.00487
7	0.08510	0.00775	0.00982	0.00884	0.01140	0.00733	0.00702	0.01803	0.04995	0.33662	0.10016	0.19819	0.02412	0.01041	0.00599	0.00192	0.00410	0.10054	0.00574	0.00694
8	0.01130	0.00969	0.01130	0.00807	0.01292	0.00727	0.00646	0.01373	0.01130	0.01776	0.00969	0.01130	0.00807	0.00404	0.00404	0.00081	0.00404	0.00323	0.00323	0.84173
9	0.00664	0.00474	0.00633	0.00759	0.00791	0.00443	0.00506	0.00759	0.01044	0.01392	0.03005	0.80485	0.03606	0.01708	0.00696	0.00221	0.00316	0.01550	0.00506	0.00443
10	0.00947	0.00473	0.00710	0.00710	0.00710	0.00473	0.00473	0.00710	0.00710	0.00947	0.00947	0.01657	0.00947	0.01894	0.02131	0.84138	0.00473	0.00473	0.00237	0.00237
11	0.77272	0.01097	0.00876	0.00765	0.01111	0.01265	0.00630	0.08250	0.01075	0.02535	0.00808	0.00924	0.00621	0.00519	0.00356	0.00168	0.00438	0.00313	0.00356	0.00621
12	0.02446	0.00928	0.01265	0.00970	0.01392	0.00801	0.00801	0.02657	0.01560	0.77817	0.02151	0.01856	0.01350	0.00675	0.00548	0.00169	0.00464	0.00548	0.00675	0.00928
13	0.00644	0.00552	0.00552	0.00552	0.00736	0.00460	0.00414	0.00782	0.01243	0.01473	0.05523	0.05247	0.77218	0.01381	0.00644	0.00184	0.00276	0.01151	0.00506	0.00460
14	0.00663	0.00478	0.00629	0.00749	0.00788	0.00444	0.00502	0.00760	0.01054	0.01396	0.03130	0.76740	0.07270	0.01692	0.00693	0.00220	0.00314	0.01530	0.00506	0.00444
15	0.00784	0.00565	0.00780	0.00780	0.00844	0.00629	0.00562	0.00912	0.00848	0.01194	0.01548	0.02629	0.01574	0.30300	0.52758	0.00757	0.01142	0.00655	0.00305	0.00433
16	0.02037	0.02598	0.01545	0.01404	0.01685	0.78652	0.01053	0.02177	0.01545	0.01334	0.00843	0.00983	0.00702	0.00562	0.00492	0.00140	0.00983	0.00351	0.00281	0.00632
17	0.84691	0.01054	0.00801	0.00717	0.01054	0.01223	0.00590	0.01603	0.00928	0.02446	0.00759	0.00886	0.00590	0.00506	0.00337	0.00169	0.00422	0.00295	0.00337	0.00590
18	0.00767	0.00536	0.00619	0.00616	0.00662	0.00522	0.00383	0.00828	0.00957	0.01273	0.11886	0.05647	0.12296	0.55163	0.05263	0.00444	0.00493	0.00874	0.00391	0.00380
19	0.01461	0.01159	0.01244	0.01101	0.01422	0.01318	0.00862	0.04476	0.68708	0.08481	0.02193	0.02004	0.01622	0.00732	0.00554	0.00183	0.00438	0.00608	0.00564	0.00870
20	0.00779	0.00584	0.00876	0.00876	0.00974	0.00681	0.00681	0.00974	0.00876	0.01266	0.01460	0.02142	0.01363	0.04089	0.78680	0.00876	0.01460	0.00584	0.00292	0.00487
21	0.00788	0.00534	0.00630	0.00634	0.00646	0.00545	0.00378	0.00814	0.00809	0.01091	0.01718	0.05309	0.01946	0.69361	0.12125	0.00564	0.00639	0.00786	0.00330	0.00353
22	0.01274	0.01556	0.07967	0.02251	0.02818	0.01372	0.70796	0.01745	0.01278	0.01745	0.01095	0.01450	0.00819	0.00463	0.00635	0.00183	0.00912	0.00628	0.00273	0.00740
23	0.00761	0.00557	0.00714	0.00675	0.00808	0.00510	0.00506	0.01009	0.01519	0.02128	0.71296	0.04168	0.11036	0.01136	0.00643	0.00172	0.00259	0.00999	0.00592	0.00510
24	0.01024	0.01096	0.00828	0.00788	0.01001	0.20543	0.00592	0.01206	0.03660	0.01462	0.04220	0.04053	0.55242	0.01151	0.00602	0.00173	0.00462	0.00929	0.00450	0.00517
25	0.01059	0.00985	0.01635	0.77308	0.03696	0.01225	0.01500	0.03500	0.01132	0.01451	0.00979	0.01449	0.00732	0.00548	0.00545	0.00181	0.00723	0.00485	0.00251	0.00615
26	0.00889	0.00643	0.00880	0.00982	0.01115	0.00647	0.00848	0.01191	0.04240	0.01702	0.08931	0.05818	0.03244	0.01444	0.00736	0.00242	0.00479	0.64939	0.00512	0.00517
27	0.00661	0.00486	0.00621	0.00729	0.00783	0.00445	0.00493	0.00763	0.01073	0.01404	0.03374	0.69459	0.14393	0.01660	0.00688	0.00216	0.00310	0.01491	0.00506	0.00445
28	0.01921	0.02327	0.01594	0.07766	0.05891	0.63224	0.01122	0.06944	0.01560	0.01502	0.00893	0.01062	0.00728	0.00563	0.00502	0.00146	0.00919	0.00378	0.00295	0.00662
29	0.02037	0.02598	0.01545	0.01404	0.01685	0.78652	0.01053	0.02177	0.01545	0.01334	0.00843	0.00983	0.00702	0.00562	0.00492	0.00140	0.00983	0.00351	0.00281	0.00632
30	0.02388	0.00915	0.01247	0.00960	0.01372	0.00791	0.00791	0.02600	0.01560	0.75192	0.04754	0.01933	0.01481	0.00690	0.00552	0.00169	0.00457	0.00563	0.00672	0.00913
31	0.01366	0.01132	0.01289	0.11743	0.01733	0.01309	0.00948	0.02681	0.62501	0.05920	0.02046	0.01946	0.01521	0.00710	0.00553	0.00184	0.00473	0.00595	0.00518	0.00831
32	0.01132	0.01032	0.01666	0.69130	0.07456	0.01255	0.01483	0.07476	0.01218	0.01580	0.01000	0.01436	0.00750	0.00551	0.00545	0.00179	0.00712	0.00485	0.00268	0.00645
33	0.00876	0.00626	0.00875	0.00996	0.01122	0.00625	0.00870	0.01127	0.01262	0.01645	0.04649	0.06100	0.03185	0.01497	0.00750	0.00249	0.00496	0.72043	0.00504	0.00502
34	0.02446	0.00928	0.01265	0.00970	0.01392	0.00801	0.00801	0.02657	0.01560	0.77817	0.02151	0.01856	0.01350	0.00675	0.00548	0.00169	0.00464	0.00548	0.00675	0.00928
35	0.03328	0.00634	0.00822	0.00735	0.00919	0.00582	0.00565	0.01321	0.01529	0.15064	0.62321	0.03609	0.04375	0.01023	0.00619	0.00171	0.00297	0.00893	0.00606	0.00587
36	0.70752	0.01197	0.07153	0.00809	0.01187	0.01209	0.00726	0.03646	0.01027	0.05377	0.02331	0.01019	0.00726	0.00530	0.00372	0.00169	0.00456	0.00333	0.00353	0.00629
37	0.00800	0.00592	0.00776	0.00873	0.01000	0.00568	0.00729	0.01007	0.01227	0.01567	0.03491	0.14952	0.19776	0.01502	0.00722	0.00232	0.00429	0.48768	0.00503	0.00485
38	0.06382	0.01436	0.01539	0.01195	0.01611	0.01579	0.00983	0.65504	0.02375	0.07015	0.01381	0.04062	0.01023	0.00684	0.00540	0.00166	0.00574	0.00520	0.00540	0.00893
39	0.05807	0.63070	0.12744	0.01018	0.01522	0.01969	0.01064	0.04818	0.01167	0.01495	0.00811	0.00931	0.00702	0.00483	0.00380	0.00129	0.00605	0.00315	0.00252	0.00718
40	0.01147	0.01081	0.01849	0.62877	0.03469	0.01272	0.11480	0.07325	0.01233	0.01603	0.01014	0.01444	0.00756	0.00542	0.00558	0.00181	0.00743	0.00506	0.00271	0.00649
41	0.04862	0.01278	0.01508	0.01170	0.01574	0.05287	0.06966	0.30160	0.05072	0.20416	0.07541	0.01656	0.01354	0.00652	0.00539	0.00160	0.00556	0.00533	0.00518	0.08201
42	0.01092	0.07441	0.01372	0.03519	0.01359	0.10634	0.08340	0.03939	0.01154	0.01470	0.05414	0.10006	0.05945	0.05394	0.27249	0.00427	0.03658	0.00687	0.00341	0.00559
43	0.01207	0.01316	0.02709	0.04079	0.02472	0.01300	0.56876	0.01588	0.01214	0.01666	0.04401	0.03566	0.01126	0.04793	0.00872	0.00208	0.08969	0.00666	0.00293	0.00680
44	0.01404	0.05251	0.01238	0.00946	0.01230	0.01147	0.00738	0.31990	0.05430	0.02307	0.07819	0.06331	0.04307	0.18439	0.01034	0.00239	0.00502	0.00657	0.00462	0.08530
45	0.01467	0.66541	0.02736	0.01077	0.01533	0.05859	0.07028	0.01735	0.05102	0.01376	0.00867	0.00990	0.00761	0.00485	0.00392	0.00127	0.00622	0.00340	0.00256	0.00708

[dist]
# distance from previous block
# <min> <max>
0	5

[block]
# block no. 3 follows, 44 sequences, length 74
# corresponding to MSA columns:
# 342-415
name=unknown_D
#
# <colnr> <probs for GDERKNQSTAVLIFYWHMCP>
#	G	D	E	R	K	N	Q	S	T	A	V	L	I	F	Y	W	H	M	C	P
0	0.00948	0.00797	0.02779	0.11823	0.09748	0.00799	0.01030	0.01263	0.04156	0.01615	0.02373	0.13458	0.02511	0.01238	0.00682	0.00224	0.00530	0.43019	0.00439	0.00569
1	0.01328	0.01273	0.02174	0.08507	0.72449	0.01290	0.01662	0.01654	0.01231	0.01755	0.01022	0.01356	0.00854	0.00490	0.00540	0.00163	0.00653	0.00486	0.00268	0.00846
2	0.02285	0.00892	0.01214	0.00943	0.01336	0.00774	0.00774	0.02500	0.01559	0.70534	0.09373	0.02069	0.01715	0.00717	0.00557	0.00169	0.00444	0.00590	0.00668	0.00888
3	0.00693	0.00490	0.00628	0.00720	0.00752	0.00463	0.00470	0.00777	0.01019	0.01360	0.05848	0.60840	0.04782	0.17154	0.01099	0.00279	0.00355	0.01371	0.00476	0.00424
4	0.02037	0.02598	0.01545	0.01404	0.01685	0.78652	0.01053	0.02177	0.01545	0.01334	0.00843	0.00983	0.00702	0.00562	0.00492	0.00140	0.00983	0.00351	0.00281	0.00632
5	0.01045	0.00984	0.01663	0.75915	0.07251	0.01215	0.01522	0.01406	0.01097	0.01411	0.00972	0.01449	0.00733	0.00542	0.00545	0.00181	0.00723	0.00485	0.00244	0.00618
6	0.00931	0.00484	0.00726	0.00726	0.00735	0.00493	0.00493	0.00735	0.00726	0.00977	0.00995	0.01703	0.00986	0.02100	0.09326	0.76312	0.00566	0.00484	0.00242	0.00260
7	0.84691	0.01054	0.00801	0.00717	0.01054	0.01223	0.00590	0.01603	0.00928	0.02446	0.00759	0.00886	0.00590	0.00506	0.00337	0.00169	0.00422	0.00295	0.00337	0.00590
8	0.00779	0.00584	0.00876	0.00876	0.00974	0.00681	0.00681	0.00974	0.00876	0.01266	0.01460	0.02142	0.01363	0.04089	0.78680	0.00876	0.01460	0.00584	0.00292	0.00487
9	0.00779	0.00584	0.00876	0.00876	0.00974	0.00681	0.00681	0.00974	0.00876	0.01266	0.01460	0.02142	0.01363	0.04089	0.78680	0.00876	0.01460	0.00584	0.00292	0.00487
10	0.01130	0.00969	0.01130	0.00807	0.01292	0.00727	0.00646	0.01373	0.01130	0.01776	0.00969	0.01130	0.00807	0.00404	0.00404	0.00081	0.00404	0.00323	0.00323	0.84173
11	0.00664	0.00474	0.00633	0.00759	0.00791	0.00443	0.00506	0.00759	0.01044	0.01392	0.03005	0.80485	0.03606	0.01708	0.00696	0.00221	0.00316	0.01550	0.00506	0.00443
12	0.00644	0.00552	0.00552	0.00552	0.00736	0.00460	0.00414	0.00782	0.01243	0.01473	0.05523	0.05247	0.77218	0.01381	0.00644	0.00184	0.00276	0.01151	0.00506	0.00460
13	0.00664	0.00474	0.00633	0.00759	0.00791	0.00443	0.00506	0.00759	0.01044	0.01392	0.03005	0.80485	0.03606	0.01708	0.00696	0.00221	0.00316	0.01550	0.00506	0.00443
14	0.00644	0.00552	0.00552	0.00552	0.00736	0.00460	0.00414	0.00782	0.01243	0.01473	0.05523	0.05247	0.77218	0.01381	0.00644	0.00184	0.00276	0.01151	0.00506	0.00460
15	0.84691	0.01054	0.00801	0.00717	0.01054	0.01223	0.00590	0.01603	0.00928	0.02446	0.00759	0.00886	0.00590	0.00506	0.00337	0.00169	0.00422	0.00295	0.00337	0.00590
16	0.02082	0.01512	0.01627	0.01247	0.01683	0.01669	0.01030	0.73846	0.02539	0.05246	0.01329	0.01322	0.00937	0.00655	0.00545	0.00164	0.00597	0.00492	0.00549	0.00927
17	0.00932	0.00479	0.00699	0.00699	0.00699	0.00479	0.00460	0.00718	0.00718	0.00957	0.01019	0.01837	0.01044	0.09315	0.02191	0.76279	0.00479	0.00504	0.00246	0.00246
18	0.02053	0.00943	0.01193	0.00957	0.01309	0.00894	0.00762	0.06187	0.12664	0.52917	0.02062	0.02074	0.01456	0.10967	0.00835	0.00217	0.00474	0.00587	0.00606	0.00841
19	0.00793	0.00529	0.00595	0.00595	0.00595	0.00529	0.00330	0.00793	0.00793	0.01057	0.01718	0.03568	0.01982	0.80840	0.02775	0.00529	0.00529	0.00793	0.00330	0.00330
20	0.66637	0.01027	0.00903	0.00772	0.01128	0.01130	0.00637	0.01834	0.01067	0.18991	0.01065	0.01099	0.00757	0.00543	0.00384	0.00169	0.00431	0.00351	0.00411	0.00664
21	0.01356	0.01171	0.01233	0.01109	0.01418	0.01356	0.00863	0.02897	0.76455	0.02281	0.02219	0.02034	0.01664	0.00740	0.00555	0.00185	0.00431	0.00616	0.00555	0.00863
22	0.00648	0.00549	0.00559	0.00563	0.00740	0.00461	0.00420	0.00787	0.01242	0.01487	0.07118	0.08055	0.72743	0.01387	0.00646	0.00185	0.00277	0.01162	0.00508	0.00461
23	0.02037	0.02598	0.01545	0.01404	0.01685	0.78652	0.01053	0.02177	0.01545	0.01334	0.00843	0.00983	0.00702	0.00562	0.00492	0.00140	0.00983	0.00351	0.00281	0.00632
24	0.01030	0.00969	0.01635	0.79530	0.03755	0.01211	0.01514	0.01393	0.01090	0.01393	0.00969	0.01453	0.00727	0.00545	0.00545	0.00182	0.00727	0.00484	0.00242	0.00606
25	0.00658	0.00539	0.00582	0.00608	0.00759	0.00462	0.00446	0.00794	0.01215	0.01486	0.07567	0.20098	0.58415	0.01439	0.00657	0.00192	0.00288	0.02825	0.00510	0.00460
26	0.01061	0.00996	0.01403	0.01241	0.01267	0.01347	0.01013	0.01195	0.00844	0.01287	0.00966	0.01564	0.00952	0.05597	0.22749	0.00426	0.54760	0.00521	0.00257	0.00554
27	0.09282	0.73638	0.02664	0.00913	0.01367	0.02069	0.00901	0.01630	0.01091	0.01392	0.00758	0.00876	0.00689	0.00470	0.00349	0.00122	0.00568	0.00292	0.00243	0.00689
28	0.00789	0.00529	0.00603	0.00603	0.00611	0.00526	0.00344	0.00804	0.00838	0.01124	0.05700	0.05378	0.02185	0.74828	0.02615	0.00503	0.00509	0.00820	0.00349	0.00343
29	0.00852	0.00606	0.00680	0.00649	0.00831	0.00541	0.00486	0.01075	0.04707	0.07693	0.18942	0.08095	0.46708	0.04798	0.00730	0.00198	0.00308	0.01049	0.00533	0.00520
30	0.01340	0.04046	0.51524	0.01451	0.02069	0.14422	0.01660	0.03832	0.01249	0.05011	0.01017	0.01192	0.00755	0.00690	0.03519	0.00195	0.04586	0.00411	0.00270	0.00761
31	0.01254	0.00965	0.01143	0.00823	0.01301	0.00734	0.00661	0.01493	0.01171	0.08924	0.01080	0.01199	0.00858	0.00429	0.00417	0.00089	0.00409	0.00344	0.00356	0.76348
32	0.59197	0.10184	0.01192	0.03822	0.01269	0.06162	0.00749	0.01606	0.00984	0.02100	0.00768	0.00941	0.00627	0.00549	0.00493	0.00168	0.07952	0.00322	0.00309	0.00606
33	0.01189	0.01187	0.01669	0.03313	0.01487	0.01659	0.01200	0.01314	0.00841	0.01314	0.00722	0.01199	0.00716	0.00944	0.01759	0.00237	0.77936	0.00477	0.00239	0.00597
34	0.01330	0.01280	0.02070	0.06501	0.65224	0.03007	0.01555	0.01644	0.01231	0.01753	0.01013	0.01325	0.00848	0.00482	0.00526	0.00155	0.00636	0.00467	0.00274	0.08678
35	0.00647	0.00540	0.00565	0.00584	0.00745	0.00458	0.00428	0.00779	0.01212	0.01460	0.05132	0.16930	0.65787	0.01432	0.00652	0.00190	0.00282	0.01213	0.00506	0.00458
36	0.00787	0.00526	0.00596	0.00602	0.00603	0.00525	0.00338	0.00791	0.00804	0.01072	0.01774	0.06954	0.02054	0.77357	0.02683	0.00515	0.00519	0.00826	0.00338	0.00335
37	0.00936	0.00474	0.00707	0.00712	0.00713	0.00472	0.00475	0.00712	0.00723	0.00964	0.01025	0.04628	0.01047	0.01887	0.02077	0.80975	0.00468	0.00514	0.00247	0.00245
38	0.00664	0.00474	0.00633	0.00759	0.00791	0.00443	0.00506	0.00759	0.01044	0.01392	0.03005	0.80485	0.03606	0.01708	0.00696	0.00221	0.00316	0.01550	0.00506	0.00443
