[name]
unknown

[dist]
# distance from previous block
# <min> <max>
0	77

[block]
# block no. 0 follows, 45 sequences, length 30
# corresponding to MSA columns:
# 92-121
name=unknown_A
#
# <colnr> <probs for GDERKNQSTAVLIFYWHMCP>
#	G	D	E	R	K	N	Q	S	T	A	V	L	I	F	Y	W	H	M	C	P
0	0.05805	0.00961	0.04374	0.17385	0.07805	0.00947	0.08340	0.01360	0.04276	0.01683	0.08376	0.10667	0.01939	0.00893	0.00618	0.00189	0.02310	0.16026	0.00377	0.05669
1	0.01314	0.01215	0.01831	0.11512	0.47295	0.06381	0.02924	0.01605	0.01221	0.04689	0.01194	0.05129	0.01035	0.00577	0.00530	0.00160	0.00622	0.02184	0.03565	0.05018
2	0.01432	0.01197	0.01849	0.06659	0.42913	0.01211	0.04141	0.13864	0.01472	0.06833	0.08138	0.01599	0.01266	0.00573	0.00540	0.00159	0.00587	0.00527	0.00366	0.04673
3	0.01746	0.01118	0.01254	0.01004	0.01375	0.04974	0.00814	0.20921	0.06135	0.24944	0.07141	0.03597	0.01525	0.00706	0.00531	0.00154	0.00488	0.04647	0.00522	0.16405
4	0.05117	0.00899	0.01203	0.00932	0.01330	0.00789	0.00768	0.02499	0.01514	0.71727	0.05908	0.01906	0.01494	0.00681	0.00538	0.00166	0.00445	0.00553	0.00649	0.00882
5	0.00736	0.00548	0.00685	0.00650	0.00787	0.00496	0.00488	0.00967	0.01463	0.02019	0.63808	0.04229	0.18844	0.01147	0.00633	0.00171	0.00257	0.01002	0.00573	0.00496
6	0.00743	0.00490	0.00654	0.00758	0.00808	0.00454	0.00513	0.00842	0.01053	0.05252	0.02916	0.76793	0.03438	0.01630	0.00678	0.00215	0.00319	0.01476	0.00507	0.00460
7	0.00767	0.00575	0.00863	0.00863	0.00959	0.00671	0.00671	0.00959	0.00863	0.01246	0.01438	0.02109	0.01342	0.04026	0.79008	0.00863	0.01438	0.00575	0.00288	0.00479
8	0.01174	0.01174	0.01644	0.01409	0.01409	0.01644	0.01174	0.01292	0.00822	0.01292	0.00705	0.01174	0.00705	0.00940	0.01762	0.00235	0.80153	0.00470	0.00235	0.00587
9	0.00767	0.00575	0.00863	0.00863	0.00959	0.00671	0.00671	0.00959	0.00863	0.01246	0.01438	0.02109	0.01342	0.04026	0.79008	0.00863	0.01438	0.00575	0.00288	0.00479
10	0.01113	0.00954	0.01113	0.00795	0.01272	0.00716	0.00636	0.01352	0.01113	0.01749	0.00954	0.01113	0.00795	0.00398	0.00398	0.00080	0.00398	0.00318	0.00318	0.84417
11	0.01001	0.00500	0.00500	0.00500	0.00625	0.00500	0.00375	0.01251	0.01126	0.02001	0.01751	0.02001	0.01376	0.00625	0.00375	0.00125	0.00250	0.00500	0.84115	0.00500
12	0.01112	0.00965	0.01150	0.00864	0.01268	0.00826	0.00693	0.01398	0.04600	0.01747	0.04856	0.01307	0.01041	0.00502	0.00551	0.00104	0.08287	0.00379	0.00334	0.68017
13	0.01435	0.81458	0.02813	0.00918	0.01378	0.02124	0.00918	0.01607	0.01091	0.01263	0.00746	0.00861	0.00689	0.00459	0.00344	0.00115	0.00574	0.00287	0.00230	0.00689
14	0.84927	0.01038	0.00789	0.00706	0.01038	0.01204	0.00581	0.01578	0.00914	0.02408	0.00747	0.00872	0.00581	0.00498	0.00332	0.00166	0.00415	0.00291	0.00332	0.00581
15	0.01842	0.00789	0.01058	0.00853	0.01173	0.00690	0.00688	0.02060	0.01516	0.52326	0.24036	0.02627	0.06287	0.00825	0.00572	0.00168	0.00389	0.00694	0.00635	0.00773
16	0.00781	0.00520	0.00585	0.00585	0.00585	0.00520	0.00325	0.00781	0.00781	0.01041	0.01691	0.03513	0.01952	0.81135	0.02732	0.00520	0.00520	0.00781	0.00325	0.00325
17	0.02394	0.00937	0.01260	0.00966	0.01382	0.00823	0.00798	0.05480	0.01575	0.75240	0.02085	0.01806	0.01313	0.00664	0.00540	0.00166	0.00462	0.00538	0.00659	0.00914
18	0.02408	0.00914	0.01246	0.00955	0.01370	0.00789	0.00789	0.02616	0.01536	0.78158	0.02118	0.01827	0.01329	0.00664	0.00540	0.00166	0.00457	0.00540	0.00664	0.00914
19	0.00654	0.00467	0.00623	0.00747	0.00779	0.00436	0.00498	0.00747	0.01028	0.01370	0.02959	0.80785	0.03550	0.01682	0.00685	0.00218	0.00311	0.01526	0.00498	0.00436
20	0.02408	0.00914	0.01246	0.00955	0.01370	0.00789	0.00789	0.02616	0.01536	0.78158	0.02118	0.01827	0.01329	0.00664	0.00540	0.00166	0.00457	0.00540	0.00664	0.00914
21	0.02408	0.00914	0.01246	0.00955	0.01370	0.00789	0.00789	0.02616	0.01536	0.78158	0.02118	0.01827	0.01329	0.00664	0.00540	0.00166	0.00457	0.00540	0.00664	0.00914
22	0.01146	0.01133	0.01590	0.01371	0.01378	0.01576	0.01139	0.01269	0.00825	0.01289	0.00756	0.01239	0.00749	0.01154	0.07135	0.00279	0.74677	0.00477	0.00239	0.00580
23	0.00656	0.00472	0.00622	0.00738	0.00777	0.00438	0.00495	0.00755	0.01048	0.01394	0.04977	0.75938	0.06394	0.01654	0.00682	0.00215	0.00308	0.01497	0.00501	0.00438
24	0.00767	0.00573	0.00853	0.00853	0.00945	0.00666	0.00659	0.00952	0.00860	0.01239	0.01447	0.02159	0.01364	0.06807	0.76257	0.00850	0.01405	0.00583	0.00289	0.00474
25	0.00811	0.00580	0.00691	0.00676	0.00678	0.00624	0.00419	0.00828	0.00801	0.01086	0.01677	0.08246	0.01933	0.68251	0.02507	0.00473	0.08237	0.00798	0.00328	0.00358
26	0.01894	0.01424	0.01709	0.03709	0.09372	0.01548	0.04535	0.57053	0.05067	0.06279	0.01312	0.01354	0.00942	0.00620	0.00541	0.00163	0.00601	0.00497	0.00495	0.00887
27	0.03900	0.01015	0.01315	0.01019	0.01415	0.00961	0.03479	0.15660	0.03277	0.52073	0.04790	0.01947	0.05215	0.00702	0.00546	0.00167	0.00479	0.00575	0.00607	0.00860
28	0.01504	0.01081	0.01184	0.01112	0.05690	0.05611	0.00821	0.08763	0.28033	0.17937	0.02535	0.05814	0.14223	0.00846	0.00565	0.00176	0.00462	0.02352	0.00527	0.00763
29	0.09954	0.01317	0.01495	0.03030	0.05427	0.01441	0.00984	0.45999	0.01964	0.10965	0.01244	0.01294	0.00897	0.00628	0.00595	0.00163	0.06139	0.00460	0.00477	0.05528

[dist]
# distance from previous block
# <min> <max>
1	4

[block]
# block no. 1 follows, 45 sequences, length 61
# corresponding to MSA columns:
# 126-146,148-172,174-188
name=unknown_B
#
# <colnr> <probs for GDERKNQSTAVLIFYWHMCP>
#	G	D	E	R	K	N	Q	S	T	A	V	L	I	F	Y	W	H	M	C	P
0	0.01323	0.01123	0.03354	0.01021	0.01487	0.00956	0.06834	0.10364	0.08518	0.06025	0.01183	0.01284	0.00916	0.00479	0.00458	0.00114	0.00477	0.00404	0.00378	0.53303
1	0.01301	0.00845	0.01027	0.00840	0.01142	0.00778	0.00662	0.09061	0.06706	0.15569	0.31168	0.04509	0.02695	0.00798	0.00546	0.00148	0.00371	0.00679	0.00528	0.20625
2	0.00903	0.00631	0.00849	0.10797	0.01228	0.00645	0.00664	0.06161	0.01179	0.05425	0.06732	0.51165	0.02857	0.05798	0.00755	0.00219	0.00397	0.01180	0.01905	0.00512
3	0.00779	0.00526	0.00612	0.00612	0.00621	0.00535	0.00358	0.00798	0.00788	0.01060	0.01667	0.03379	0.01894	0.73797	0.09991	0.00553	0.00608	0.00761	0.00322	0.00340
4	0.00772	0.00517	0.00588	0.00597	0.00599	0.00515	0.00337	0.00778	0.00798	0.01064	0.01779	0.08867	0.02062	0.75630	0.02590	0.00499	0.00506	0.00832	0.00337	0.00333
5	0.01119	0.00959	0.01116	0.00803	0.01275	0.00732	0.00642	0.01392	0.03155	0.01763	0.00987	0.01137	0.00818	0.00406	0.00402	0.00082	0.00398	0.00326	0.00324	0.82163
6	0.02005	0.02558	0.01521	0.01383	0.01659	0.78980	0.01037	0.02143	0.01521	0.01314	0.00830	0.00968	0.00691	0.00553	0.00484	0.00138	0.00968	0.00346	0.00277	0.00622
7	0.01393	0.01113	0.01239	0.06354	0.01544	0.01259	0.00880	0.02680	0.62899	0.08354	0.02053	0.01918	0.01521	0.00698	0.00540	0.00177	0.00446	0.00582	0.00527	0.03822
8	0.00760	0.00549	0.00718	0.00675	0.00802	0.00506	0.00506	0.01013	0.01519	0.02153	0.77503	0.04010	0.05065	0.01097	0.00633	0.00169	0.00253	0.00971	0.00591	0.00506
9	0.00768	0.00571	0.00843	0.00843	0.00933	0.00661	0.00647	0.00946	0.00857	0.01232	0.01455	0.02206	0.01384	0.09369	0.73723	0.00839	0.01374	0.00589	0.00290	0.00469
10	0.01715	0.24756	0.07268	0.03972	0.05370	0.14517	0.01097	0.27354	0.03595	0.03972	0.01052	0.01140	0.00814	0.00557	0.00471	0.00146	0.00662	0.00402	0.00364	0.00776
11	0.01113	0.00954	0.01113	0.00795	0.01272	0.00716	0.00636	0.01352	0.01113	0.01749	0.00954	0.01113	0.00795	0.00398	0.00398	0.00080	0.00398	0.00318	0.00318	0.84417
12	0.00653	0.00524	0.00584	0.00613	0.00748	0.00454	0.00443	0.00791	0.01203	0.01506	0.12677	0.25516	0.49567	0.01418	0.00648	0.00190	0.00281	0.01222	0.00509	0.00454
13	0.05488	0.01082	0.01532	0.44957	0.08353	0.01271	0.01270	0.10603	0.14621	0.03732	0.01233	0.01489	0.00920	0.00580	0.00528	0.00175	0.00622	0.00493	0.00346	0.00705
14	0.01213	0.00830	0.00980	0.00818	0.01095	0.00785	0.00644	0.11960	0.06628	0.11109	0.32191	0.02922	0.11896	0.00880	0.00566	0.00156	0.00361	0.00745	0.00535	0.13685
15	0.01337	0.19035	0.36095	0.01437	0.02005	0.08239	0.09720	0.07582	0.01262	0.01682	0.00928	0.01111	0.00718	0.00537	0.00574	0.00161	0.06166	0.00407	0.00262	0.00744
16	0.03996	0.30439	0.06838	0.01310	0.01728	0.06643	0.16266	0.08192	0.02625	0.04270	0.01187	0.01341	0.04653	0.00584	0.00590	0.00156	0.07714	0.00459	0.00306	0.00704
17	0.00653	0.00472	0.00617	0.00733	0.00775	0.00437	0.00492	0.00749	0.01041	0.01376	0.03130	0.75545	0.08679	0.01659	0.00682	0.00215	0.00309	0.01499	0.00498	0.00437
18	0.01243	0.00990	0.01154	0.00834	0.01304	0.00785	0.00670	0.06588	0.01232	0.05721	0.01036	0.01161	0.00830	0.00428	0.00414	0.00090	0.00414	0.00341	0.00351	0.74414
19	0.00787	0.00575	0.00715	0.00779	0.00851	0.00571	0.00535	0.04709	0.06358	0.01544	0.06404	0.61059	0.03226	0.08169	0.00836	0.00235	0.00348	0.01320	0.00494	0.00483
20	0.02835	0.19360	0.12814	0.03397	0.07059	0.12725	0.09788	0.06129	0.01236	0.01612	0.00913	0.01138	0.00750	0.00562	0.00650	0.00157	0.11717	0.00413	0.02396	0.04349
21	0.01230	0.15888	0.46763	0.01549	0.04031	0.06787	0.11679	0.01706	0.01175	0.01601	0.00968	0.01211	0.00748	0.00513	0.00501	0.00161	0.00774	0.01723	0.00242	0.00750
22	0.00656	0.00537	0.00570	0.00575	0.00730	0.00461	0.00421	0.00794	0.01217	0.01496	0.12521	0.10788	0.60540	0.05385	0.00744	0.00200	0.00286	0.01129	0.00499	0.00451
23	0.12944	0.31081	0.10791	0.01208	0.06400	0.03353	0.01067	0.21034	0.02692	0.03438	0.00979	0.01073	0.00769	0.00530	0.00434	0.00146	0.00590	0.00374	0.00339	0.00760
24	0.01265	0.37242	0.11301	0.03163	0.01527	0.01704	0.01097	0.01605	0.07708	0.01465	0.05471	0.01278	0.01037	0.00653	0.00771	0.00163	0.21173	0.00421	0.00280	0.00676
25	0.00781	0.00529	0.00667	0.00687	0.00782	0.00487	0.00483	0.00933	0.01218	0.04796	0.29067	0.32842	0.11898	0.09608	0.00861	0.00224	0.00313	0.01151	0.02202	0.00472
26	0.00767	0.00574	0.00856	0.00856	0.00950	0.00667	0.00663	0.00954	0.00861	0.01241	0.01444	0.02142	0.01356	0.05851	0.77203	0.00855	0.01416	0.00580	0.00288	0.00476
27	0.00654	0.00467	0.00623	0.00747	0.00779	0.00436	0.00498	0.00747	0.01028	0.01370	0.02959	0.80785	0.03550	0.01682	0.00685	0.00218	0.00311	0.01526	0.00498	0.00436
28	0.00657	0.00468	0.00622	0.00743	0.00774	0.00438	0.00494	0.00748	0.01022	0.01362	0.02927	0.78875	0.03511	0.03645	0.00736	0.00225	0.00317	0.01508	0.00494	0.00433
29	0.01435	0.81458	0.02813	0.00918	0.01378	0.02124	0.00918	0.01607	0.01091	0.01263	0.00746	0.00861	0.00689	0.00459	0.00344	0.00115	0.00574	0.00287	0.00230	0.00689
30	0.00780	0.00522	0.00594	0.00594	0.00596	0.00525	0.00335	0.00786	0.00783	0.01047	0.01684	0.03472	0.01934	0.78889	0.04954	0.00530	0.00547	0.00775	0.00324	0.00330
31	0.01032	0.00657	0.00829	0.00748	0.00930	0.00626	0.00571	0.01397	0.09093	0.12157	0.55920	0.03551	0.06755	0.02545	0.00652	0.00177	0.00303	0.00879	0.00588	0.00590
32	0.84927	0.01038	0.00789	0.00706	0.01038	0.01204	0.00581	0.01578	0.00914	0.02408	0.00747	0.00872	0.00581	0.00498	0.00332	0.00166	0.00415	0.00291	0.00332	0.00581
33	0.01159	0.00953	0.01118	0.00801	0.01276	0.00718	0.00642	0.01397	0.01128	0.04477	0.00996	0.01139	0.00814	0.00407	0.00403	0.00083	0.00400	0.00326	0.00330	0.81435
34	0.01524	0.04916	0.01608	0.01129	0.01594	0.01172	0.09791	0.25847	0.01615	0.06671	0.01137	0.01240	0.00862	0.00503	0.00477	0.00125	0.00533	0.00421	0.00400	0.38434
35	0.81288	0.04543	0.00877	0.00715	0.01053	0.01244	0.00596	0.01579	0.00921	0.02358	0.00747	0.00872	0.00586	0.00497	0.00333	0.00164	0.00422	0.00291	0.00328	0.00586
36	0.00781	0.00520	0.00585	0.00585	0.00585	0.00520	0.00325	0.00781	0.00781	0.01041	0.01691	0.03513	0.01952	0.81135	0.02732	0.00520	0.00520	0.00781	0.00325	0.00325
37	0.00904	0.00579	0.00755	0.00699	0.00851	0.00528	0.00528	0.01141	0.01486	0.09237	0.63826	0.07204	0.08003	0.01094	0.00627	0.00171	0.00276	0.00962	0.00590	0.00539
38	0.01384	0.02896	0.09378	0.03469	0.03753	0.02537	0.25363	0.05503	0.05184	0.11562	0.06508	0.01598	0.01199	0.00662	0.01944	0.00182	0.08876	0.00552	0.00365	0.07084
39	0.01276	0.20433	0.30991	0.01656	0.04101	0.01485	0.26099	0.03133	0.01205	0.03295	0.00986	0.01197	0.00749	0.00484	0.00514	0.00160	0.00764	0.00456	0.00259	0.00753
40	0.00678	0.00516	0.00623	0.00659	0.00767	0.00462	0.00470	0.00831	0.01233	0.01620	0.25034	0.33643	0.28707	0.01408	0.00653	0.00192	0.00282	0.01236	0.00525	0.00462
41	0.01978	0.01295	0.01500	0.01242	0.05139	0.01394	0.00970	0.49107	0.02084	0.18866	0.01448	0.01475	0.01028	0.02546	0.00642	0.00173	0.04350	0.00502	0.03396	0.00867
42	0.01596	0.01254	0.01429	0.01216	0.06766	0.01282	0.00915	0.38414	0.09944	0.02599	0.01317	0.03738	0.01032	0.00600	0.00500	0.00141	0.00510	0.00479	0.00453	0.25816
43	0.01318	0.01325	0.03605	0.06514	0.65830	0.04646	0.01580	0.01627	0.01212	0.01695	0.01039	0.03280	0.00897	0.00526	0.00563	0.00163	0.02603	0.00497	0.00269	0.00811
44	0.00949	0.00590	0.00773	0.00707	0.00867	0.00537	0.00537	0.01190	0.01501	0.11120	0.64708	0.05730	0.06567	0.01068	0.00623	0.00170	0.00279	0.00938	0.00595	0.00551
45	0.01351	0.22989	0.17989	0.03095	0.17180	0.02849	0.05531	0.09079	0.01290	0.01758	0.00951	0.01134	0.00764	0.00487	0.00465	0.00141	0.00640	0.00396	0.00282	0.11630
46	0.01478	0.01484	0.09545	0.24294	0.05917	0.09517	0.04493	0.25315	0.01610	0.02130	0.01128	0.01352	0.00842	0.00571	0.00518	0.00162	0.00674	0.00466	0.07775	0.00730
47	0.00751	0.00548	0.00705	0.00666	0.00796	0.00503	0.00499	0.00995	0.01498	0.02102	0.72303	0.04093	0.10297	0.01116	0.00633	0.00170	0.00255	0.00982	0.00584	0.00503
48	0.00865	0.00690	0.00793	0.00742	0.00924	0.00689	0.00564	0.01389	0.19227	0.02004	0.42273	0.03816	0.21808	0.01074	0.00613	0.00175	0.00298	0.00924	0.00558	0.00575
49	0.00689	0.00546	0.00620	0.00601	0.00759	0.00476	0.00451	0.00876	0.01353	0.01757	0.36924	0.04661	0.45891	0.01245	0.00634	0.00176	0.00264	0.01062	0.00539	0.00476
50	0.00654	0.00467	0.00623	0.00747	0.00779	0.00436	0.00498	0.00747	0.01028	0.01370	0.02959	0.80785	0.03550	0.01682	0.00685	0.00218	0.00311	0.01526	0.00498	0.00436
51	0.01435	0.81458	0.02813	0.00918	0.01378	0.02124	0.00918	0.01607	0.01091	0.01263	0.00746	0.00861	0.00689	0.00459	0.00344	0.00115	0.00574	0.00287	0.00230	0.00689
52	0.01174	0.01174	0.01644	0.01409	0.01409	0.01644	0.01174	0.01292	0.00822	0.01292	0.00705	0.01174	0.00705	0.00940	0.01762	0.00235	0.80153	0.00470	0.00235	0.00587
53	0.01174	0.01174	0.01644	0.01409	0.01409	0.01644	0.01174	0.01292	0.00822	0.01292	0.00705	0.01174	0.00705	0.00940	0.01762	0.00235	0.80153	0.00470	0.00235	0.00587
54	0.01322	0.01316	0.04263	0.03247	0.75722	0.01275	0.01657	0.01649	0.01220	0.01752	0.01008	0.01323	0.00846	0.00479	0.00531	0.00160	0.00642	0.00476	0.00265	0.00849
55	0.01335	0.01153	0.01214	0.01092	0.01396	0.01335	0.00850	0.02852	0.76817	0.02245	0.02185	0.02003	0.01639	0.00728	0.00546	0.00182	0.00425	0.00607	0.00546	0.00850
56	0.02390	0.00943	0.01264	0.00969	0.01385	0.00833	0.00801	0.06321	0.01586	0.74383	0.02076	0.01800	0.01308	0.00663	0.00540	0.00166	0.00464	0.00537	0.00658	0.00913
57	0.00730	0.00552	0.00745	0.05803	0.03413	0.00537	0.00591	0.00866	0.01093	0.01449	0.10356	0.46795	0.10728	0.09071	0.00859	0.00235	0.00367	0.04884	0.00467	0.00460
58	0.03669	0.05775	0.63692	0.01584	0.05496	0.01301	0.05073	0.01677	0.01124	0.01693	0.00946	0.01138	0.00691	0.00518	0.00547	0.00170	0.03491	0.00405	0.00234	0.00775
59	0.01306	0.02352	0.01280	0.05770	0.08353	0.01106	0.00951	0.18326	0.17921	0.04334	0.02037	0.13571	0.01920	0.00972	0.00602	0.00193	0.00501	0.17312	0.00481	0.00711
60	0.00700	0.00510	0.00649	0.00732	0.00789	0.00479	0.00491	0.00832	0.02990	0.01398	0.05115	0.63752	0.05952	0.09439	0.00872	0.00240	0.00334	0.01362	0.00480	0.02885

[dist]
# distance from previous block
# <min> <max>
0	9

[block]
# block no. 2 follows, 45 sequences, length 31
# corresponding to MSA columns:
# 198-228
name=unknown_C
#
# <colnr> <probs for GDERKNQSTAVLIFYWHMCP>
#	G	D	E	R	K	N	Q	S	T	A	V	L	I	F	Y	W	H	M	C	P
0	0.06653	0.00935	0.05164	0.00857	0.01084	0.04837	0.00689	0.03328	0.12933	0.05144	0.19717	0.20597	0.11537	0.01054	0.00584	0.00179	0.00395	0.00901	0.00492	0.02920
1	0.42070	0.00991	0.00948	0.02982	0.01191	0.01067	0.00660	0.08044	0.06453	0.04631	0.01144	0.03362	0.00916	0.00651	0.02402	0.00169	0.00446	0.00406	0.07982	0.13484
2	0.05822	0.03527	0.29450	0.03964	0.15887	0.05670	0.15062	0.05540	0.01264	0.01815	0.03243	0.01297	0.00878	0.00515	0.00523	0.00163	0.00727	0.00464	0.00281	0.03906
3	0.02005	0.02558	0.01521	0.01383	0.01659	0.78980	0.01037	0.02143	0.01521	0.01314	0.00830	0.00968	0.00691	0.00553	0.00484	0.00138	0.00968	0.00346	0.00277	0.00622
4	0.00829	0.00555	0.00730	0.00701	0.00828	0.00510	0.00520	0.01054	0.01442	0.05988	0.61659	0.16168	0.04628	0.01168	0.00637	0.00177	0.00273	0.01037	0.00580	0.00516
5	0.01347	0.01243	0.02889	0.01160	0.03036	0.07772	0.03691	0.14849	0.29414	0.02111	0.05993	0.06261	0.10550	0.00837	0.00650	0.00179	0.06139	0.00676	0.00471	0.00731
6	0.03895	0.01236	0.01932	0.02690	0.57682	0.01254	0.01427	0.11212	0.01412	0.05017	0.06081	0.01505	0.01145	0.00548	0.00533	0.00161	0.00593	0.00508	0.00340	0.00830
7	0.00768	0.00568	0.00720	0.00696	0.00826	0.00534	0.00521	0.01051	0.04593	0.02023	0.60772	0.10582	0.10310	0.01161	0.00637	0.00176	0.00272	0.02708	0.00572	0.00510
8	0.00651	0.00524	0.00581	0.00618	0.00753	0.00455	0.00449	0.00783	0.01182	0.01462	0.07780	0.26260	0.51890	0.01441	0.00651	0.00193	0.00288	0.03085	0.00502	0.00452
9	0.01435	0.81458	0.02813	0.00918	0.01378	0.02124	0.00918	0.01607	0.01091	0.01263	0.00746	0.00861	0.00689	0.00459	0.00344	0.00115	0.00574	0.00287	0.00230	0.00689
10	0.00829	0.00604	0.00815	0.00913	0.01045	0.00590	0.00786	0.01062	0.01249	0.01614	0.07077	0.05831	0.13068	0.01446	0.00722	0.00234	0.00452	0.60674	0.00500	0.00489
11	0.14936	0.11197	0.26000	0.01655	0.12874	0.11731	0.11021	0.01723	0.01175	0.01723	0.00908	0.01106	0.00709	0.00496	0.00478	0.00159	0.00722	0.00402	0.00262	0.00723
12	0.01022	0.00970	0.01662	0.77276	0.03668	0.01198	0.03953	0.01383	0.01080	0.01383	0.00958	0.01432	0.00719	0.00534	0.00540	0.00179	0.00722	0.00482	0.00240	0.00601
13	0.02041	0.01504	0.01611	0.01235	0.01665	0.01665	0.01020	0.75997	0.02524	0.03383	0.01289	0.01289	0.00913	0.00644	0.00537	0.00161	0.00591	0.00483	0.00537	0.00913
14	0.84927	0.01038	0.00789	0.00706	0.01038	0.01204	0.00581	0.01578	0.00914	0.02408	0.00747	0.00872	0.00581	0.00498	0.00332	0.00166	0.00415	0.00291	0.00332	0.00581
15	0.02408	0.00914	0.01246	0.00955	0.01370	0.00789	0.00789	0.02616	0.01536	0.78158	0.02118	0.01827	0.01329	0.00664	0.00540	0.00166	0.00457	0.00540	0.00664	0.00914
16	0.01317	0.01132	0.01200	0.01088	0.01385	0.01307	0.00850	0.02784	0.73841	0.02220	0.02211	0.02162	0.01696	0.00758	0.00554	0.00185	0.00428	0.03503	0.00544	0.00836
17	0.00634	0.00544	0.00544	0.00544	0.00725	0.00453	0.00408	0.00770	0.01224	0.01450	0.05438	0.05166	0.77569	0.01359	0.00634	0.00181	0.00272	0.01133	0.00498	0.00453
18	0.02397	0.00932	0.01257	0.00964	0.01380	0.00817	0.00796	0.04975	0.01568	0.75754	0.02091	0.01810	0.01315	0.00664	0.00540	0.00166	0.00461	0.00538	0.00660	0.00914
19	0.00774	0.00545	0.00711	0.00711	0.00754	0.00588	0.00481	0.00861	0.00818	0.01133	0.01577	0.02880	0.01677	0.46356	0.37135	0.00675	0.00934	0.00688	0.00308	0.00395
20	0.01435	0.81458	0.02813	0.00918	0.01378	0.02124	0.00918	0.01607	0.01091	0.01263	0.00746	0.00861	0.00689	0.00459	0.00344	0.00115	0.00574	0.00287	0.00230	0.00689
21	0.00771	0.00560	0.00788	0.00788	0.00858	0.00630	0.00578	0.00910	0.00840	0.01191	0.01506	0.02488	0.01507	0.24874	0.58385	0.00770	0.01190	0.00631	0.00298	0.00438
22	0.00781	0.00520	0.00585	0.00585	0.00585	0.00520	0.00325	0.00781	0.00781	0.01041	0.01691	0.03513	0.01952	0.81135	0.02732	0.00520	0.00520	0.00781	0.00325	0.00325
23	0.01354	0.01304	0.04278	0.11216	0.47247	0.03378	0.01442	0.09540	0.08205	0.01899	0.01207	0.04370	0.01005	0.00573	0.00538	0.00166	0.00624	0.00524	0.00325	0.00805
24	0.05829	0.06386	0.41409	0.01659	0.06501	0.10215	0.14867	0.03934	0.01234	0.01728	0.00959	0.01158	0.00717	0.00504	0.00513	0.00164	0.00786	0.00429	0.00258	0.00751
25	0.01305	0.01263	0.02078	0.10475	0.67021	0.03252	0.01599	0.01622	0.01216	0.01703	0.01042	0.01437	0.00885	0.00509	0.00536	0.00163	0.00650	0.02165	0.00269	0.00812
26	0.00776	0.00521	0.00672	0.00745	0.00814	0.00492	0.00510	0.00915	0.02988	0.05397	0.05122	0.60720	0.07775	0.06899	0.02746	0.00247	0.00360	0.01338	0.00494	0.00468
27	0.00886	0.05426	0.00970	0.00828	0.01000	0.00710	0.03416	0.07140	0.01297	0.01724	0.16113	0.33619	0.14377	0.01258	0.00625	0.00187	0.00371	0.05437	0.00486	0.04133
28	0.12278	0.03504	0.20807	0.04605	0.03385	0.07090	0.04503	0.08412	0.13522	0.09243	0.06397	0.01524	0.01210	0.00609	0.00507	0.00167	0.00605	0.00486	0.00392	0.00752
29	0.12305	0.07656	0.25525	0.06727	0.05129	0.04519	0.01164	0.03361	0.01149	0.01722	0.01571	0.09955	0.08092	0.00710	0.00495	0.00163	0.00576	0.00570	0.03091	0.05521
30	0.25580	0.11169	0.03183	0.01104	0.06484	0.08180	0.00857	0.16252	0.01395	0.07881	0.02375	0.01210	0.00878	0.00609	0.00506	0.03774	0.00537	0.00395	0.03638	0.03992

[dist]
# distance from previous block
# <min> <max>
1	22

[block]
# block no. 3 follows, 45 sequences, length 89
# corresponding to MSA columns:
# 254-342
name=unknown_D
#
# <colnr> <probs for GDERKNQSTAVLIFYWHMCP>
#	G	D	E	R	K	N	Q	S	T	A	V	L	I	F	Y	W	H	M	C	P
0	0.06045	0.14040	0.35968	0.03529	0.22174	0.02803	0.03087	0.01657	0.01139	0.01666	0.00924	0.01140	0.00725	0.00503	0.00512	0.00160	0.02512	0.00403	0.00246	0.00767
1	0.02963	0.00729	0.05172	0.00722	0.00841	0.00644	0.00535	0.03311	0.01010	0.05068	0.08066	0.07075	0.08748	0.45297	0.05820	0.00403	0.01970	0.00793	0.00384	0.00449
2	0.01246	0.13006	0.44861	0.01594	0.09786	0.05329	0.03164	0.05255	0.01218	0.01696	0.02811	0.01195	0.00822	0.00546	0.00567	0.00163	0.05303	0.00415	0.00259	0.00762
3	0.02891	0.01015	0.01569	0.50878	0.07257	0.01214	0.03208	0.05260	0.08182	0.01615	0.01218	0.03368	0.01004	0.00648	0.00609	0.00184	0.04494	0.04437	0.00305	0.00644
4	0.00900	0.00594	0.00778	0.00775	0.00912	0.00560	0.00598	0.03013	0.01385	0.07176	0.39142	0.19692	0.06801	0.01253	0.00654	0.00193	0.00332	0.14160	0.00555	0.00527
5	0.04449	0.03188	0.05504	0.42270	0.08184	0.01299	0.09330	0.02986	0.01094	0.01520	0.00979	0.03279	0.00800	0.00607	0.00713	0.00184	0.12210	0.00503	0.00259	0.00641
6	0.01146	0.01104	0.01904	0.32710	0.23893	0.01179	0.12698	0.01543	0.04798	0.01595	0.01109	0.03090	0.00901	0.00664	0.03534	0.00194	0.00706	0.00522	0.00279	0.06431
7	0.00685	0.00496	0.00651	0.00743	0.00806	0.00462	0.00523	0.00817	0.01128	0.01507	0.13740	0.58446	0.08887	0.01560	0.00679	0.00211	0.00315	0.07381	0.00511	0.00452
8	0.00779	0.00527	0.00617	0.00617	0.00627	0.00537	0.00364	0.00801	0.00790	0.01064	0.01663	0.03355	0.01883	0.72490	0.11284	0.00559	0.00623	0.00758	0.00321	0.00343
9	0.01182	0.05775	0.35939	0.05596	0.33122	0.01270	0.03073	0.01624	0.01163	0.01674	0.01049	0.04227	0.00862	0.00539	0.00521	0.00165	0.00700	0.00475	0.00254	0.00788
10	0.00765	0.00562	0.00807	0.00811	0.00889	0.00637	0.00606	0.00920	0.00855	0.01216	0.01539	0.05343	0.01529	0.16960	0.63141	0.00780	0.01240	0.00646	0.00302	0.00452
11	0.00665	0.00545	0.00586	0.00576	0.00744	0.00466	0.00432	0.00830	0.01296	0.01622	0.23122	0.04882	0.59777	0.01295	0.00634	0.00178	0.00267	0.01093	0.00521	0.00466
12	0.01086	0.02712	0.74721	0.01565	0.02347	0.01252	0.05552	0.01701	0.01140	0.01701	0.00969	0.01149	0.00686	0.00507	0.00516	0.00171	0.00799	0.00408	0.00229	0.00790
13	0.01435	0.81458	0.02813	0.00918	0.01378	0.02124	0.00918	0.01607	0.01091	0.01263	0.00746	0.00861	0.00689	0.00459	0.00344	0.00115	0.00574	0.00287	0.00230	0.00689
14	0.43946	0.00961	0.01024	0.10384	0.01450	0.01031	0.00750	0.01842	0.01156	0.26121	0.03750	0.01449	0.02922	0.00596	0.00440	0.00168	0.00456	0.00435	0.00438	0.00682
15	0.01435	0.81458	0.02813	0.00918	0.01378	0.02124	0.00918	0.01607	0.01091	0.01263	0.00746	0.00861	0.00689	0.00459	0.00344	0.00115	0.00574	0.00287	0.00230	0.00689
16	0.00652	0.00477	0.00613	0.00722	0.00772	0.00438	0.00487	0.00750	0.01052	0.01380	0.03270	0.71285	0.12849	0.01641	0.00679	0.00213	0.00306	0.01477	0.00498	0.00438
17	0.00932	0.00466	0.00699	0.00699	0.00699	0.00466	0.00466	0.00699	0.00699	0.00932	0.00932	0.01632	0.00932	0.01865	0.02098	0.84382	0.00466	0.00466	0.00233	0.00233
18	0.01094	0.01030	0.01709	0.60201	0.18916	0.01217	0.01492	0.01500	0.04764	0.01493	0.01025	0.01438	0.00788	0.00534	0.00536	0.00175	0.00685	0.00484	0.00259	0.00661
19	0.00932	0.00466	0.00699	0.00699	0.00699	0.00466	0.00466	0.00699	0.00699	0.00932	0.00932	0.01632	0.00932	0.01865	0.02098	0.84382	0.00466	0.00466	0.00233	0.00233
20	0.03119	0.01249	0.08073	0.22241	0.17004	0.01184	0.03563	0.09835	0.06514	0.19822	0.01359	0.01493	0.00967	0.00574	0.00534	0.00169	0.00613	0.00496	0.00398	0.00791
21	0.00651	0.00479	0.00610	0.00715	0.00770	0.00439	0.00484	0.00751	0.01059	0.01383	0.03352	0.68797	0.15285	0.01631	0.00677	0.00212	0.00305	0.01464	0.00498	0.00439
22	0.01152	0.03253	0.08539	0.02712	0.01545	0.00899	0.06026	0.03396	0.01156	0.01756	0.00963	0.01144	0.00783	0.00433	0.00456	0.00103	0.02019	0.00357	0.00306	0.62999
23	0.01595	0.16432	0.18899	0.01287	0.01696	0.37983	0.01201	0.04112	0.01329	0.01467	0.00902	0.01075	0.00739	0.00693	0.03888	0.00176	0.03309	0.00368	0.02177	0.00671
24	0.02041	0.01504	0.01611	0.01235	0.01665	0.01665	0.01020	0.75997	0.02524	0.03383	0.01289	0.01289	0.00913	0.00644	0.00537	0.00161	0.00591	0.00483	0.00537	0.00913
25	0.01329	0.01275	0.02179	0.03295	0.77787	0.01275	0.01647	0.01647	0.01222	0.01754	0.01010	0.01329	0.00850	0.00478	0.00531	0.00159	0.00638	0.00478	0.00266	0.00850
26	0.02309	0.01001	0.03873	0.01037	0.01471	0.00831	0.04455	0.02543	0.01510	0.71952	0.02030	0.01786	0.01283	0.00649	0.00543	0.00167	0.00489	0.00540	0.00631	0.00900
27	0.00777	0.00519	0.00587	0.00590	0.00591	0.00518	0.00330	0.00780	0.00788	0.01050	0.01728	0.05775	0.01998	0.78809	0.02672	0.00512	0.00514	0.00802	0.00330	0.00328
28	0.04311	0.01601	0.01561	0.01229	0.01634	0.11232	0.01001	0.61588	0.03694	0.04954	0.01254	0.01264	0.00900	0.00631	0.00525	0.00159	0.00626	0.00465	0.00502	0.00867
29	0.03843	0.01518	0.01591	0.01227	0.01651	0.03441	0.01011	0.72671	0.02466	0.03314	0.01266	0.01272	0.00901	0.00639	0.00531	0.00161	0.00596	0.00476	0.00527	0.00899
30	0.84927	0.01038	0.00789	0.00706	0.01038	0.01204	0.00581	0.01578	0.00914	0.02408	0.00747	0.00872	0.00581	0.00498	0.00332	0.00166	0.00415	0.00291	0.00332	0.00581
31	0.00668	0.00490	0.00620	0.00718	0.00777	0.00452	0.00493	0.00771	0.01057	0.01378	0.03284	0.60956	0.15293	0.05737	0.00786	0.00229	0.00325	0.05042	0.00489	0.00436
32	0.01339	0.08796	0.04160	0.02490	0.48851	0.02732	0.05670	0.05190	0.01273	0.04109	0.01290	0.07683	0.02838	0.00607	0.00533	0.00162	0.00615	0.00565	0.00311	0.00785
33	0.01435	0.81458	0.02813	0.00918	0.01378	0.02124	0.00918	0.01607	0.01091	0.01263	0.00746	0.00861	0.00689	0.00459	0.00344	0.00115	0.00574	0.00287	0.00230	0.00689
34	0.00779	0.00589	0.00837	0.07036	0.01133	0.00592	0.02945	0.02171	0.01101	0.01480	0.02688	0.52582	0.05418	0.01435	0.00677	0.00212	0.01616	0.11720	0.04507	0.00480
35	0.09523	0.09806	0.01711	0.01703	0.19699	0.39145	0.01114	0.01832	0.01306	0.01520	0.01002	0.01182	0.03246	0.00566	0.00534	0.00150	0.04609	0.00398	0.00280	0.00672
36	0.00662	0.00547	0.00595	0.03180	0.00820	0.00481	0.00450	0.00793	0.01169	0.01422	0.06107	0.13844	0.59350	0.07215	0.00791	0.00210	0.00309	0.01129	0.00479	0.00447
37	0.01094	0.04885	0.73176	0.01543	0.02317	0.01275	0.05000	0.01698	0.01138	0.01689	0.00962	0.01139	0.00686	0.00506	0.00511	0.00169	0.00792	0.00403	0.00229	0.00788
38	0.00774	0.00548	0.00727	0.00727	0.00776	0.00598	0.00502	0.00872	0.00823	0.01146	0.01562	0.02794	0.01639	0.41654	0.41786	0.00696	0.00990	0.00675	0.00306	0.00404
39	0.01733	0.40449	0.02147	0.01152	0.01524	0.37863	0.00979	0.05852	0.01368	0.01400	0.00814	0.00934	0.00702	0.00513	0.00420	0.00128	0.00758	0.00325	0.00268	0.00670
40	0.01239	0.00651	0.00842	0.00736	0.00931	0.00588	0.00556	0.01433	0.01394	0.24203	0.39618	0.03360	0.07650	0.13308	0.00929	0.00223	0.00355	0.00825	0.00566	0.00595
41	0.06471	0.04269	0.01476	0.12425	0.03661	0.34915	0.05884	0.01734	0.04853	0.01563	0.09306	0.06097	0.03756	0.00691	0.00524	0.00159	0.00714	0.00551	0.00338	0.00613
42	0.01049	0.00764	0.01133	0.01227	0.11354	0.00734	0.05815	0.05960	0.01268	0.08609	0.09705	0.38791	0.06164	0.02576	0.00667	0.00199	0.00426	0.02490	0.00475	0.00592
43	0.01980	0.02564	0.03634	0.01387	0.01678	0.76843	0.01063	0.02131	0.01511	0.01324	0.00833	0.00973	0.00691	0.00552	0.00485	0.00139	0.00963	0.00347	0.00275	0.00627
44	0.08132	0.01057	0.01282	0.03627	0.01461	0.00959	0.04695	0.12125	0.01296	0.02001	0.01048	0.03622	0.00876	0.00503	0.00475	0.00116	0.02578	0.00403	0.00349	0.53397
45	0.01790	0.01440	0.05271	0.03061	0.10397	0.03707	0.01087	0.48752	0.03971	0.06318	0.02714	0.03449	0.01082	0.00651	0.00533	0.00162	0.00583	0.00516	0.03667	0.00848
46	0.00664	0.00480	0.00628	0.00728	0.00778	0.00444	0.00494	0.00776	0.01090	0.01456	0.10856	0.68446	0.07968	0.01602	0.00677	0.00211	0.00303	0.01446	0.00508	0.00444
47	0.00781	0.00520	0.00585	0.00585	0.00585	0.00520	0.00325	0.00781	0.00781	0.01041	0.01691	0.03513	0.01952	0.81135	0.02732	0.00520	0.00520	0.00781	0.00325	0.00325
48	0.01360	0.28864	0.10496	0.01584	0.03750	0.08376	0.26345	0.01668	0.01166	0.01481	0.00892	0.01141	0.00736	0.00523	0.00630	0.00159	0.09437	0.00445	0.00249	0.00698
49	0.01268	0.01444	0.03145	0.02286	0.04516	0.01356	0.74144	0.01718	0.01266	0.01720	0.01084	0.01445	0.00815	0.00453	0.00631	0.00181	0.00899	0.00630	0.00271	0.00727
50	0.00654	0.00467	0.00623	0.00747	0.00779	0.00436	0.00498	0.00747	0.01028	0.01370	0.02959	0.80785	0.03550	0.01682	0.00685	0.00218	0.00311	0.01526	0.00498	0.00436
51	0.00661	0.00472	0.00630	0.00755	0.00789	0.00442	0.00510	0.00759	0.01034	0.01378	0.02955	0.78465	0.03536	0.01676	0.00687	0.00219	0.00317	0.03781	0.00498	0.00438
52	0.01926	0.04054	0.16184	0.01252	0.03562	0.01339	0.01150	0.36692	0.01900	0.24369	0.01440	0.01401	0.00979	0.00615	0.00527	0.00163	0.00592	0.00477	0.00498	0.00882
53	0.00654	0.00467	0.00623	0.00747	0.00779	0.00436	0.00498	0.00747	0.01028	0.01370	0.02959	0.80785	0.03550	0.01682	0.00685	0.00218	0.00311	0.01526	0.00498	0.00436
54	0.01439	0.71794	0.08107	0.00986	0.01459	0.06036	0.01000	0.01642	0.01116	0.01297	0.00766	0.00886	0.00688	0.00468	0.00363	0.00120	0.00610	0.00298	0.00232	0.00693
55	0.00899	0.00739	0.00921	0.00836	0.01041	0.00686	0.00631	0.02285	0.01079	0.01542	0.02124	0.36350	0.06479	0.01106	0.00689	0.00168	0.08535	0.03074	0.00408	0.30407
56	0.01240	0.14943	0.47163	0.01620	0.09201	0.07304	0.05362	0.01702	0.01161	0.01594	0.00921	0.01113	0.00706	0.00514	0.00531	0.00161	0.03371	0.00397	0.00237	0.00759
57	0.01590	0.01373	0.07022	0.01226	0.01555	0.02826	0.03561	0.33646	0.09531	0.06044	0.05030	0.03983	0.01247	0.00742	0.00759	0.00178	0.14697	0.00549	0.03663	0.00778
58	0.00759	0.00542	0.00699	0.00689	0.00809	0.00498	0.00511	0.00975	0.01406	0.03059	0.55857	0.16651	0.10953	0.01220	0.00644	0.00180	0.00274	0.03212	0.00566	0.00496
59	0.00642	0.00540	0.00557	0.00562	0.00732	0.00455	0.00418	0.00781	0.01227	0.01481	0.08914	0.09460	0.69668	0.01365	0.00637	0.00183	0.00273	0.01147	0.00503	0.00455
60	0.03914	0.01934	0.13202	0.01433	0.06871	0.23076	0.01190	0.32930	0.03586	0.05092	0.01130	0.01204	0.00835	0.00586	0.00513	0.00157	0.00717	0.00432	0.00399	0.00800
61	0.01158	0.01249	0.03805	0.28862	0.05785	0.01300	0.37513	0.01541	0.01163	0.01573	0.02919	0.01472	0.00876	0.00543	0.00694	0.00184	0.07868	0.00563	0.00264	0.00669
62	0.84927	0.01038	0.00789	0.00706	0.01038	0.01204	0.00581	0.01578	0.00914	0.02408	0.00747	0.00872	0.00581	0.00498	0.00332	0.00166	0.00415	0.00291	0.00332	0.00581
63	0.01090	0.01018	0.01659	0.06934	0.26589	0.02990	0.11609	0.01377	0.01217	0.01621	0.02004	0.06134	0.07816	0.00914	0.00643	0.00195	0.01870	0.23307	0.00363	0.00649
64	0.03113	0.01030	0.10608	0.01088	0.01401	0.00799	0.12885	0.02896	0.01344	0.09203	0.24869	0.08866	0.12050	0.00962	0.00612	0.00182	0.00480	0.06530	0.00469	0.00613
65	0.03587	0.01351	0.01475	0.05696	0.01678	0.01513	0.00982	0.51719	0.18117	0.02958	0.04351	0.01543	0.01206	0.00670	0.00538	0.00167	0.00546	0.00524	0.00519	0.00859
66	0.00659	0.00476	0.00624	0.00733	0.00777	0.00441	0.00494	0.00764	0.01066	0.01419	0.07377	0.72456	0.07465	0.01631	0.00680	0.00213	0.00306	0.01474	0.00504	0.00441
67	0.01800	0.01256	0.01489	0.04166	0.01623	0.01349	0.04542	0.48494	0.03942	0.11542	0.01576	0.09758	0.01270	0.01982	0.00588	0.00174	0.00553	0.00614	0.02460	0.00822
68	0.01103	0.01242	0.10569	0.07847	0.08698	0.01236	0.08714	0.03793	0.01109	0.01600	0.07693	0.07647	0.03126	0.00885	0.02458	0.00209	0.28387	0.00620	0.02429	0.00635
69	0.01345	0.01318	0.02123	0.03113	0.70490	0.04257	0.01597	0.01646	0.01211	0.01710	0.00985	0.01306	0.00836	0.00508	0.00600	0.00163	0.05227	0.00473	0.00264	0.00826
70	0.01244	0.01401	0.02984	0.02157	0.02646	0.01355	0.68165	0.01661	0.01227	0.01678	0.01107	0.03532	0.00879	0.00522	0.00721	0.00186	0.06911	0.00645	0.00275	0.00706
71	0.01277	0.01306	0.06410	0.12985	0.57587	0.01259	0.01579	0.03199	0.04374	0.01763	0.02487	0.01408	0.00936	0.00513	0.00534	0.00164	0.00640	0.00488	0.00283	0.00809
72	0.00700	0.00536	0.00742	0.08411	0.02546	0.00527	0.00609	0.00827	0.01051	0.01384	0.02922	0.65667	0.09024	0.01523	0.00664	0.00210	0.00354	0.01374	0.00469	0.00461
73	0.00634	0.00544	0.00544	0.00544	0.00725	0.00453	0.00408	0.00770	0.01224	0.01450	0.05438	0.05166	0.77569	0.01359	0.00634	0.00181	0.00272	0.01133	0.00498	0.00453
74	0.01451	0.54035	0.05618	0.05599	0.01594	0.10547	0.01039	0.03902	0.01156	0.01361	0.00789	0.00962	0.00699	0.00531	0.00529	0.00137	0.08794	0.00334	0.00245	0.00677
75	0.02984	0.21246	0.43107	0.01285	0.01886	0.01401	0.03440	0.05911	0.01209	0.04594	0.01131	0.07428	0.00950	0.00603	0.00486	0.00160	0.00673	0.00475	0.00287	0.00745
76	0.03098	0.00747	0.00891	0.00775	0.01016	0.00723	0.00608	0.03972	0.10468	0.21791	0.26130	0.02831	0.09420	0.00861	0.00547	0.00163	0.00341	0.00724	0.14231	0.00661
77	0.00656	0.00469	0.00621	0.00741	0.00774	0.00438	0.00494	0.00748	0.01027	0.01366	0.02983	0.78034	0.04909	0.03048	0.00720	0.00223	0.00314	0.01506	0.00495	0.00434
78	0.03858	0.18865	0.38440	0.01283	0.01866	0.05248	0.03283	0.09846	0.01309	0.05117	0.01157	0.03821	0.02504	0.00578	0.00484	0.00158	0.00683	0.00443	0.00302	0.00754
79	0.01278	0.01356	0.02386	0.10230	0.22702	0.05786	0.33156	0.01664	0.03688	0.01641	0.01090	0.03486	0.00897	0.00558	0.00684	0.00178	0.07649	0.00568	0.00279	0.00724
80	0.02041	0.01504	0.01611	0.01235	0.01665	0.01665	0.01020	0.75997	0.02524	0.03383	0.01289	0.01289	0.00913	0.00644	0.00537	0.00161	0.00591	0.00483	0.00537	0.00913
81	0.00771	0.00560	0.00788	0.00788	0.00858	0.00630	0.00577	0.00910	0.00840	0.01191	0.01506	0.02489	0.01507	0.24895	0.58364	0.00770	0.01190	0.00631	0.00298	0.00438
82	0.01152	0.02440	0.62854	0.01589	0.06456	0.01215	0.04642	0.03868	0.01215	0.04115	0.04714	0.01321	0.00933	0.00543	0.00524	0.00169	0.00747	0.00445	0.00271	0.00787
83	0.00643	0.00544	0.00556	0.00553	0.00730	0.00457	0.00415	0.00787	0.01244	0.01498	0.10305	0.05088	0.72672	0.01342	0.00634	0.00180	0.00271	0.01122	0.00505	0.00457
84	0.01830	0.01120	0.08958	0.05439	0.03149	0.00926	0.00942	0.11427	0.01577	0.41558	0.13149	0.02080	0.03956	0.00720	0.00553	0.00167	0.00490	0.00595	0.00556	0.00808
85	0.00656	0.00474	0.00622	0.00740	0.00781	0.00440	0.00499	0.00755	0.01042	0.01379	0.03099	0.75182	0.07803	0.01660	0.00683	0.00216	0.00312	0.02719	0.00498	0.00438
86	0.81090	0.03101	0.00839	0.00711	0.01040	0.01213	0.00588	0.01561	0.00914	0.02349	0.00751	0.00887	0.00591	0.00525	0.00368	0.01852	0.00420	0.00294	0.00328	0.00577
87	0.36029	0.03369	0.01154	0.02478	0.01308	0.17204	0.04348	0.03118	0.04256	0.07982	0.01105	0.01229	0.00847	0.00610	0.01768	0.00167	0.00566	0.00391	0.11441	0.00630
88	0.76390	0.07413	0.00960	0.00729	0.01073	0.01268	0.00613	0.01604	0.00942	0.04076	0.00779	0.00893	0.00607	0.00499	0.00338	0.00162	0.00429	0.00296	0.00332	0.00598

[dist]
# distance from previous block
# <min> <max>
0	1

[block]
# block no. 4 follows, 45 sequences, length 12
# corresponding to MSA columns:
# 344-355
name=unknown_E
#
# <colnr> <probs for GDERKNQSTAVLIFYWHMCP>
#	G	D	E	R	K	N	Q	S	T	A	V	L	I	F	Y	W	H	M	C	P
0	0.03099	0.07111	0.06587	0.07538	0.14521	0.01080	0.10335	0.01791	0.05201	0.20481	0.05396	0.10158	0.02899	0.00715	0.00551	0.00171	0.00561	0.00645	0.00418	0.00741
1	0.00828	0.00561	0.00642	0.00628	0.00651	0.00574	0.00374	0.03648	0.00852	0.01143	0.01660	0.03337	0.01873	0.73074	0.07600	0.00529	0.00583	0.00756	0.00331	0.00358
2	0.78131	0.07584	0.00954	0.00723	0.01066	0.01279	0.00609	0.01580	0.00928	0.02315	0.00747	0.00871	0.00590	0.00495	0.00333	0.00162	0.00428	0.00290	0.00324	0.00590
3	0.01328	0.01331	0.01623	0.25067	0.02208	0.15248	0.07480	0.01545	0.01154	0.01519	0.01071	0.01482	0.00896	0.00824	0.03588	0.00218	0.21831	0.00497	0.10453	0.00636
4	0.00976	0.00503	0.00510	0.00510	0.00621	0.00503	0.00370	0.01198	0.01087	0.01892	0.01744	0.02172	0.01441	0.09744	0.00642	0.00170	0.00281	0.00532	0.74624	0.00480
5	0.00654	0.00467	0.00623	0.00747	0.00779	0.00436	0.00498	0.00747	0.01028	0.01370	0.02959	0.80785	0.03550	0.01682	0.00685	0.00218	0.00311	0.01526	0.00498	0.00436
6	0.11755	0.00928	0.01194	0.00927	0.01333	0.00836	0.00765	0.02498	0.01466	0.69578	0.01963	0.01719	0.01244	0.00646	0.00516	0.00166	0.00452	0.00512	0.00627	0.00876
7	0.04519	0.00630	0.00770	0.00714	0.00875	0.00611	0.00542	0.01226	0.07610	0.04485	0.62590	0.03692	0.07609	0.01039	0.00610	0.00170	0.00281	0.00905	0.00574	0.00548
8	0.01700	0.17180	0.01811	0.12176	0.05167	0.47465	0.01109	0.01882	0.01339	0.01330	0.00834	0.01035	0.00702	0.00544	0.00515	0.00144	0.03802	0.00363	0.00260	0.00640
9	0.10148	0.00909	0.01179	0.00919	0.01314	0.00816	0.00757	0.02448	0.01477	0.67663	0.05285	0.01832	0.01421	0.00668	0.00524	0.00166	0.00444	0.00535	0.00630	0.00864
10	0.01435	0.81458	0.02813	0.00918	0.01378	0.02124	0.00918	0.01607	0.01091	0.01263	0.00746	0.00861	0.00689	0.00459	0.00344	0.00115	0.00574	0.00287	0.00230	0.00689
11	0.01847	0.08169	0.11396	0.01220	0.01654	0.10252	0.01098	0.33636	0.05751	0.14250	0.01301	0.01314	0.00933	0.00622	0.00566	0.00161	0.04095	0.00455	0.00450	0.00829

[dist]
# distance from previous block
# <min> <max>
0	1

[block]
# block no. 5 follows, 45 sequences, length 48
# corresponding to MSA columns:
# 357-391,393-405
name=unknown_F
#
# <colnr> <probs for GDERKNQSTAVLIFYWHMCP>
#	G	D	E	R	K	N	Q	S	T	A	V	L	I	F	Y	W	H	M	C	P
0	0.00758	0.00548	0.00633	0.00635	0.00786	0.00478	0.00467	0.00913	0.01260	0.05612	0.19631	0.20428	0.43243	0.01336	0.00640	0.00186	0.00286	0.01150	0.00526	0.00485
1	0.01940	0.01317	0.01552	0.01193	0.01611	0.01386	0.04868	0.49156	0.05507	0.16515	0.01497	0.03757	0.01086	0.00658	0.00539	0.00161	0.00556	0.00528	0.00533	0.05637
2	0.01305	0.10545	0.46929	0.01484	0.03394	0.16439	0.04475	0.01749	0.01200	0.01564	0.00946	0.01184	0.00738	0.00546	0.00548	0.00163	0.04020	0.01791	0.00244	0.00734
3	0.00654	0.00467	0.00623	0.00747	0.00779	0.00436	0.00498	0.00747	0.01028	0.01370	0.02959	0.80785	0.03550	0.01682	0.00685	0.00218	0.00311	0.01526	0.00498	0.00436
4	0.01014	0.00954	0.01610	0.79845	0.03697	0.01193	0.01491	0.01371	0.01073	0.01371	0.00954	0.01431	0.00716	0.00537	0.00537	0.00179	0.00716	0.00477	0.00239	0.00596
5	0.02010	0.01474	0.01578	0.01213	0.01634	0.01630	0.01001	0.73796	0.02483	0.03342	0.01302	0.01310	0.00927	0.00644	0.00532	0.00160	0.00581	0.00484	0.02998	0.00901
6	0.01104	0.08863	0.72511	0.01483	0.02250	0.01314	0.01901	0.01693	0.01130	0.01666	0.00947	0.01112	0.00681	0.00506	0.00497	0.00166	0.00776	0.00388	0.00227	0.00785
7	0.00654	0.00467	0.00623	0.00747	0.00779	0.00436	0.00498	0.00747	0.01028	0.01370	0.02959	0.80785	0.03550	0.01682	0.00685	0.00218	0.00311	0.01526	0.00498	0.00436
8	0.84927	0.01038	0.00789	0.00706	0.01038	0.01204	0.00581	0.01578	0.00914	0.02408	0.00747	0.00872	0.00581	0.00498	0.00332	0.00166	0.00415	0.00291	0.00332	0.00581
9	0.01550	0.01871	0.04700	0.01402	0.01561	0.36937	0.01145	0.01697	0.01154	0.01318	0.00772	0.01079	0.00698	0.00746	0.01128	0.00188	0.40781	0.00410	0.00254	0.00612
10	0.01267	0.01448	0.03167	0.02262	0.02805	0.01357	0.75837	0.01719	0.01267	0.01719	0.01086	0.01448	0.00814	0.00452	0.00633	0.00181	0.00905	0.00633	0.00271	0.00724
11	0.00654	0.00467	0.00623	0.00747	0.00779	0.00436	0.00498	0.00747	0.01028	0.01370	0.02959	0.80785	0.03550	0.01682	0.00685	0.00218	0.00311	0.01526	0.00498	0.00436
12	0.02408	0.00914	0.01246	0.00955	0.01370	0.00789	0.00789	0.02616	0.01536	0.78158	0.02118	0.01827	0.01329	0.00664	0.00540	0.00166	0.00457	0.00540	0.00664	0.00914
