[name]
unknown

[dist]
# distance from previous block
# <min> <max>
14	129

[block]
# block no. 0 follows, 44 sequences, length 7
# corresponding to MSA columns:
# 215-221
name=unknown_A
#
# <colnr> <probs for GDERKNQSTAVLIFYWHMCP>
#	G	D	E	R	K	N	Q	S	T	A	V	L	I	F	Y	W	H	M	C	P
0	0.04002	0.05504	0.05564	0.01110	0.04403	0.01136	0.02525	0.10558	0.18771	0.08528	0.07570	0.03539	0.05644	0.02511	0.00608	0.00167	0.02602	0.00581	0.00453	0.14223
1	0.05879	0.01358	0.13899	0.01074	0.01480	0.01135	0.00984	0.24506	0.07044	0.10579	0.05885	0.10231	0.04405	0.00782	0.00543	0.00169	0.00514	0.00638	0.02722	0.06176
2	0.07221	0.16903	0.08654	0.00940	0.01277	0.01155	0.00857	0.09775	0.05293	0.05577	0.17491	0.07480	0.06665	0.00859	0.00537	0.00168	0.00468	0.05691	0.00444	0.02546
3	0.33401	0.05304	0.09115	0.03603	0.05886	0.03626	0.04449	0.06587	0.01243	0.06101	0.08239	0.01616	0.03353	0.00625	0.00468	0.00166	0.00529	0.02153	0.00374	0.03162
4	0.01437	0.65362	0.02536	0.00968	0.01403	0.01999	0.00919	0.01882	0.15996	0.01480	0.01047	0.01104	0.00890	0.00520	0.00390	0.00130	0.00553	0.00356	0.00297	0.00732
5	0.00675	0.00543	0.00606	0.00639	0.00784	0.00474	0.00477	0.00821	0.01222	0.01512	0.08981	0.20120	0.52286	0.01440	0.00664	0.00196	0.00302	0.07284	0.00511	0.00463
6	0.01361	0.02446	0.62850	0.01438	0.02168	0.01174	0.01775	0.01910	0.01232	0.16761	0.01210	0.01290	0.00821	0.00549	0.00524	0.00172	0.00738	0.00432	0.00318	0.00830

[dist]
# distance from previous block
# <min> <max>
1	17

[block]
# block no. 1 follows, 44 sequences, length 11
# corresponding to MSA columns:
# 239-249
name=unknown_B
#
# <colnr> <probs for GDERKNQSTAVLIFYWHMCP>
#	G	D	E	R	K	N	Q	S	T	A	V	L	I	F	Y	W	H	M	C	P
0	0.08711	0.00617	0.00678	0.00639	0.00720	0.00614	0.00403	0.00998	0.00909	0.04960	0.06893	0.03169	0.01994	0.60568	0.02193	0.00434	0.00491	0.00729	0.00366	0.03915
1	0.10184	0.01195	0.01319	0.04464	0.01522	0.01273	0.00874	0.35686	0.07867	0.12631	0.01597	0.05682	0.02919	0.00696	0.00520	0.00163	0.00508	0.00547	0.03001	0.07350
2	0.09555	0.05087	0.13029	0.05052	0.20063	0.03662	0.02287	0.01883	0.08261	0.15208	0.01580	0.04344	0.04034	0.00661	0.00527	0.00172	0.00582	0.02853	0.00390	0.00770
3	0.03849	0.18267	0.23851	0.01478	0.10072	0.05319	0.03042	0.10862	0.05366	0.11142	0.01176	0.01259	0.00873	0.00552	0.00491	0.00158	0.00657	0.00429	0.00351	0.00807
4	0.01506	0.07706	0.47053	0.01391	0.02045	0.04173	0.04949	0.01973	0.01273	0.20927	0.01260	0.01318	0.00865	0.00553	0.00519	0.00167	0.00716	0.00441	0.00347	0.00819
5	0.01496	0.00995	0.01146	0.00960	0.01290	0.01009	0.00760	0.07891	0.29878	0.18772	0.13291	0.02310	0.06155	0.00769	0.00552	0.00165	0.00414	0.00641	0.00556	0.10950
6	0.01462	0.01158	0.06508	0.01372	0.04465	0.02762	0.17363	0.05288	0.01309	0.20149	0.01712	0.14116	0.01504	0.04455	0.00764	0.00197	0.05702	0.02495	0.03132	0.04089
7	0.05618	0.02823	0.07861	0.10140	0.22440	0.05465	0.04607	0.06173	0.06090	0.17480	0.04947	0.01573	0.01166	0.00593	0.00535	0.00168	0.00615	0.00511	0.00400	0.00797
8	0.00755	0.00553	0.00633	0.00651	0.00801	0.00482	0.00479	0.00900	0.01235	0.05229	0.11140	0.24067	0.46141	0.01409	0.00656	0.00194	0.00300	0.03367	0.00523	0.00485
9	0.01030	0.00969	0.01635	0.79530	0.03755	0.01211	0.01514	0.01393	0.01090	0.01393	0.00969	0.01453	0.00727	0.00545	0.00545	0.00182	0.00727	0.00484	0.00242	0.00606
10	0.05710	0.02531	0.07586	0.01144	0.01576	0.01082	0.04162	0.15976	0.01665	0.40578	0.03261	0.03742	0.01404	0.00745	0.00575	0.00182	0.00551	0.04221	0.00571	0.02737

[dist]
# distance from previous block
# <min> <max>
0	1

[block]
# block no. 2 follows, 44 sequences, length 19
# corresponding to MSA columns:
# 251-269
name=unknown_C
#
# <colnr> <probs for GDERKNQSTAVLIFYWHMCP>
#	G	D	E	R	K	N	Q	S	T	A	V	L	I	F	Y	W	H	M	C	P
0	0.11445	0.01472	0.03397	0.01271	0.01697	0.01530	0.05247	0.50354	0.02166	0.08805	0.01430	0.01510	0.01047	0.00701	0.00568	0.00186	0.00612	0.00519	0.05134	0.00908
1	0.00802	0.00574	0.00734	0.00853	0.00900	0.00527	0.00577	0.00870	0.01129	0.01516	0.03081	0.75910	0.03646	0.01757	0.00746	0.00244	0.00368	0.04713	0.00543	0.00510
2	0.00664	0.00474	0.00633	0.00759	0.00791	0.00443	0.00506	0.00759	0.01044	0.01392	0.03005	0.80485	0.03606	0.01708	0.00696	0.00221	0.00316	0.01550	0.00506	0.00443
3	0.09154	0.17416	0.19227	0.18272	0.05387	0.03109	0.05264	0.05883	0.01209	0.01748	0.00985	0.01220	0.00765	0.00521	0.00471	0.00157	0.00656	0.00413	0.05311	0.02832
4	0.00947	0.00473	0.00710	0.00710	0.00710	0.00473	0.00473	0.00710	0.00710	0.00947	0.00947	0.01657	0.00947	0.01894	0.02131	0.84138	0.00473	0.00473	0.00237	0.00237
5	0.00779	0.00584	0.00876	0.00876	0.00974	0.00681	0.00681	0.00974	0.00876	0.01266	0.01460	0.02142	0.01363	0.04089	0.78680	0.00876	0.01460	0.00584	0.00292	0.00487
6	0.05736	0.69450	0.02704	0.01002	0.01454	0.02011	0.05399	0.01615	0.01101	0.01370	0.00803	0.00955	0.00724	0.00592	0.03053	0.00149	0.00625	0.00323	0.00243	0.00689
7	0.01331	0.03110	0.18094	0.05838	0.15325	0.04597	0.03256	0.03598	0.02711	0.12664	0.08167	0.12861	0.01655	0.00781	0.00610	0.00177	0.03435	0.00668	0.00392	0.00730
8	0.01848	0.02245	0.01549	0.01387	0.01618	0.59672	0.01066	0.04674	0.01435	0.01405	0.00857	0.01069	0.00734	0.00746	0.03186	0.00182	0.15026	0.00386	0.00283	0.00632
9	0.01172	0.01214	0.02314	0.30649	0.10414	0.01310	0.31699	0.01540	0.01160	0.01568	0.01063	0.03664	0.00862	0.00576	0.00708	0.00187	0.08375	0.00579	0.00266	0.00679
10	0.01030	0.00969	0.01635	0.79530	0.03755	0.01211	0.01514	0.01393	0.01090	0.01393	0.00969	0.01453	0.00727	0.00545	0.00545	0.00182	0.00727	0.00484	0.00242	0.00606
11	0.01320	0.49912	0.08110	0.01000	0.01420	0.03648	0.02963	0.03241	0.05691	0.01585	0.13117	0.01598	0.03168	0.00616	0.00444	0.00139	0.00552	0.00464	0.00326	0.00687
12	0.00671	0.00479	0.00638	0.00755	0.00792	0.00447	0.00507	0.00775	0.01074	0.01440	0.07475	0.75878	0.03699	0.01672	0.00693	0.00218	0.00313	0.01516	0.00512	0.00447
13	0.01130	0.00969	0.01130	0.00807	0.01292	0.00727	0.00646	0.01373	0.01130	0.01776	0.00969	0.01130	0.00807	0.00404	0.00404	0.00081	0.00404	0.00323	0.00323	0.84173
14	0.00947	0.00473	0.00710	0.00710	0.00710	0.00473	0.00473	0.00710	0.00710	0.00947	0.00947	0.01657	0.00947	0.01894	0.02131	0.84138	0.00473	0.00473	0.00237	0.00237
15	0.01030	0.00969	0.01635	0.79530	0.03755	0.01211	0.01514	0.01393	0.01090	0.01393	0.00969	0.01453	0.00727	0.00545	0.00545	0.00182	0.00727	0.00484	0.00242	0.00606
16	0.01372	0.03422	0.06977	0.17231	0.13307	0.03009	0.03516	0.10154	0.11637	0.08752	0.01736	0.01928	0.07643	0.04371	0.00649	0.00188	0.00592	0.00572	0.02205	0.00739
17	0.01488	0.01204	0.01436	0.10706	0.07161	0.09941	0.04891	0.06606	0.11313	0.14453	0.01905	0.04848	0.08822	0.00742	0.00605	0.00170	0.03887	0.01899	0.00430	0.07493
18	0.01536	0.04400	0.11414	0.10933	0.05734	0.05642	0.03713	0.23813	0.05884	0.07446	0.01390	0.07737	0.01143	0.02205	0.00610	0.00177	0.02190	0.00565	0.00409	0.03058

[dist]
# distance from previous block
# <min> <max>
1	80

[block]
# block no. 3 follows, 44 sequences, length 46
# corresponding to MSA columns:
# 350-395
name=unknown_D
#
# <colnr> <probs for GDERKNQSTAVLIFYWHMCP>
#	G	D	E	R	K	N	Q	S	T	A	V	L	I	F	Y	W	H	M	C	P
0	0.01191	0.07767	0.16101	0.15894	0.17164	0.01157	0.02973	0.04816	0.01270	0.04273	0.09627	0.06455	0.01473	0.00662	0.00534	0.00165	0.00597	0.00576	0.03826	0.03480
1	0.04458	0.16032	0.53771	0.01395	0.02086	0.01418	0.03483	0.04834	0.01215	0.05083	0.01000	0.01139	0.00730	0.00520	0.00488	0.00163	0.00732	0.00396	0.00269	0.00788
2	0.01289	0.07062	0.16527	0.18712	0.23040	0.03133	0.06220	0.01761	0.07079	0.05568	0.03632	0.01468	0.01011	0.00553	0.00534	0.00168	0.00677	0.00493	0.00308	0.00764
3	0.01040	0.00980	0.01654	0.76986	0.06216	0.01214	0.01519	0.01402	0.01095	0.01406	0.00971	0.01450	0.00731	0.00543	0.00545	0.00181	0.00724	0.00485	0.00243	0.00614
4	0.11188	0.00929	0.01198	0.00934	0.01337	0.00837	0.00769	0.02491	0.01492	0.67277	0.04460	0.01825	0.01393	0.00671	0.00529	0.00169	0.00453	0.00536	0.00636	0.00878
5	0.00779	0.00584	0.00876	0.00876	0.00974	0.00681	0.00681	0.00974	0.00876	0.01266	0.01460	0.02142	0.01363	0.04089	0.78680	0.00876	0.01460	0.00584	0.00292	0.00487
6	0.19250	0.01248	0.12840	0.05329	0.01622	0.00990	0.02573	0.02173	0.01328	0.43077	0.01613	0.01613	0.01086	0.00623	0.00506	0.00172	0.00532	0.02114	0.00501	0.00808
7	0.00768	0.00557	0.00724	0.00682	0.00812	0.00513	0.00512	0.01022	0.01535	0.02168	0.75278	0.04103	0.07030	0.01122	0.00643	0.00172	0.00258	0.00990	0.00598	0.00513
8	0.00947	0.00473	0.00710	0.00710	0.00710	0.00473	0.00473	0.00710	0.00710	0.00947	0.00947	0.01657	0.00947	0.01894	0.02131	0.84138	0.00473	0.00473	0.00237	0.00237
9	0.00772	0.00557	0.00729	0.00686	0.00814	0.00514	0.00514	0.01029	0.01543	0.02186	0.77152	0.04072	0.05144	0.01115	0.00643	0.00171	0.00257	0.00986	0.00600	0.00514
10	0.02072	0.01527	0.01636	0.01254	0.01691	0.01691	0.01036	0.75622	0.02563	0.03436	0.01309	0.01309	0.00927	0.00654	0.00545	0.00164	0.00600	0.00491	0.00545	0.00927
11	0.01093	0.02820	0.78016	0.01554	0.02360	0.01266	0.02014	0.01727	0.01151	0.01727	0.00978	0.01151	0.00691	0.00518	0.00518	0.00173	0.00806	0.00403	0.00230	0.00806
12	0.00750	0.00562	0.00699	0.00681	0.00822	0.00511	0.00521	0.00979	0.01447	0.01969	0.53826	0.04527	0.22164	0.01211	0.00653	0.00181	0.00282	0.07144	0.00569	0.00500
13	0.00879	0.00628	0.00879	0.01004	0.01130	0.00628	0.00879	0.01130	0.01255	0.01632	0.02887	0.06150	0.03138	0.01506	0.00753	0.00251	0.00502	0.73770	0.00502	0.00502
14	0.00664	0.00474	0.00633	0.00759	0.00791	0.00443	0.00506	0.00759	0.01044	0.01392	0.03005	0.80485	0.03606	0.01708	0.00696	0.00221	0.00316	0.01550	0.00506	0.00443
15	0.01287	0.01471	0.03217	0.02298	0.02849	0.01379	0.75460	0.01746	0.01287	0.01746	0.01103	0.01471	0.00827	0.00460	0.00643	0.00184	0.00919	0.00643	0.00276	0.00735
16	0.01287	0.01471	0.03217	0.02298	0.02849	0.01379	0.75460	0.01746	0.01287	0.01746	0.01103	0.01471	0.00827	0.00460	0.00643	0.00184	0.00919	0.00643	0.00276	0.00735
17	0.01356	0.01171	0.01233	0.01109	0.01418	0.01356	0.00863	0.02897	0.76455	0.02281	0.02219	0.02034	0.01664	0.00740	0.00555	0.00185	0.00431	0.00616	0.00555	0.00863
18	0.01030	0.00969	0.01635	0.79530	0.03755	0.01211	0.01514	0.01393	0.01090	0.01393	0.00969	0.01453	0.00727	0.00545	0.00545	0.00182	0.00727	0.00484	0.00242	0.00606
19	0.00772	0.00557	0.00729	0.00686	0.00814	0.00514	0.00514	0.01029	0.01543	0.02186	0.77152	0.04072	0.05144	0.01115	0.00643	0.00171	0.00257	0.00986	0.00600	0.00514
20	0.01539	0.04656	0.04097	0.01616	0.02113	0.01239	0.36162	0.11371	0.01469	0.14110	0.03372	0.01502	0.01032	0.00531	0.00566	0.00160	0.00696	0.00551	0.00387	0.12830
21	0.01351	0.01073	0.01169	0.01041	0.01332	0.01204	0.00811	0.04304	0.58970	0.06867	0.13419	0.02312	0.02149	0.00790	0.00567	0.00181	0.00411	0.00665	0.00569	0.00816
22	0.00772	0.00557	0.00729	0.00686	0.00814	0.00514	0.00514	0.01029	0.01543	0.02186	0.77152	0.04072	0.05144	0.01115	0.00643	0.00171	0.00257	0.00986	0.00600	0.00514
23	0.00700	0.00558	0.00631	0.00633	0.00793	0.00489	0.00484	0.00879	0.01322	0.01681	0.24936	0.06784	0.49277	0.01326	0.00655	0.00187	0.00291	0.07363	0.00532	0.00478
24	0.09773	0.36087	0.10258	0.07073	0.03863	0.04232	0.06874	0.04547	0.01207	0.07458	0.00961	0.01113	0.00763	0.00524	0.00484	0.00150	0.03232	0.00386	0.00296	0.00721
25	0.00779	0.00582	0.00867	0.00867	0.00961	0.00676	0.00670	0.00968	0.00873	0.01259	0.01469	0.02189	0.01383	0.06636	0.76160	0.00865	0.01429	0.00591	0.00293	0.00482
26	0.00783	0.00569	0.00797	0.00797	0.00867	0.00639	0.00583	0.00923	0.00853	0.01207	0.01532	0.02541	0.01536	0.25599	0.57407	0.00779	0.01199	0.00643	0.00303	0.00443
27	0.04465	0.02071	0.06336	0.01768	0.16829	0.42996	0.04041	0.06750	0.01469	0.01643	0.01118	0.01286	0.03947	0.00587	0.00542	0.00155	0.02556	0.00436	0.00303	0.00703
28	0.01030	0.00969	0.01635	0.79530	0.03755	0.01211	0.01514	0.01393	0.01090	0.01393	0.00969	0.01453	0.00727	0.00545	0.00545	0.00182	0.00727	0.00484	0.00242	0.00606
29	0.00947	0.00473	0.00710	0.00710	0.00710	0.00473	0.00473	0.00710	0.00710	0.00947	0.00947	0.01657	0.00947	0.01894	0.02131	0.84138	0.00473	0.00473	0.00237	0.00237
30	0.00866	0.00623	0.00861	0.00977	0.01105	0.00618	0.00850	0.01113	0.01262	0.01638	0.04809	0.06061	0.06282	0.01491	0.00746	0.00246	0.00487	0.68960	0.00505	0.00501
31	0.03219	0.03452	0.11793	0.06134	0.07311	0.11006	0.10004	0.05781	0.02687	0.12673	0.01444	0.12554	0.01262	0.00754	0.00664	0.00180	0.07361	0.00629	0.00375	0.00717
32	0.01280	0.01219	0.02049	0.19943	0.58397	0.01279	0.01607	0.01659	0.04085	0.01715	0.01059	0.01398	0.00864	0.00508	0.00541	0.00167	0.00657	0.00490	0.00275	0.00807
33	0.00947	0.00473	0.00710	0.00710	0.00710	0.00473	0.00473	0.00710	0.00710	0.00947	0.00947	0.01657	0.00947	0.01894	0.02131	0.84138	0.00473	0.00473	0.00237	0.00237
34	0.01130	0.00969	0.01130	0.00807	0.01292	0.00727	0.00646	0.01373	0.01130	0.01776	0.00969	0.01130	0.00807	0.00404	0.00404	0.00081	0.00404	0.00323	0.00323	0.84173
35	0.01380	0.01183	0.01246	0.01114	0.01427	0.01367	0.00869	0.05296	0.74017	0.02319	0.02189	0.02010	0.01640	0.00737	0.00554	0.00184	0.00437	0.00612	0.00554	0.00865
36	0.00689	0.00527	0.00633	0.00663	0.00779	0.00471	0.00476	0.00848	0.01265	0.01659	0.26177	0.30729	0.30289	0.01413	0.00662	0.00193	0.00284	0.01238	0.00534	0.00471
37	0.01128	0.02963	0.04972	0.14599	0.01908	0.04722	0.08091	0.01363	0.01007	0.01414	0.04126	0.01518	0.01015	0.01302	0.13638	0.00314	0.34531	0.00519	0.00268	0.00603
38	0.01369	0.11769	0.01764	0.03128	0.01495	0.01651	0.01103	0.10068	0.04388	0.04526	0.00968	0.03025	0.00869	0.00842	0.01300	0.00207	0.50061	0.00487	0.00310	0.00669
39	0.00664	0.00474	0.00633	0.00759	0.00791	0.00443	0.00506	0.00759	0.01044	0.01392	0.03005	0.80485	0.03606	0.01708	0.00696	0.00221	0.00316	0.01550	0.00506	0.00443
40	0.04648	0.01021	0.01308	0.01005	0.01427	0.00946	0.00831	0.13512	0.01693	0.64653	0.01987	0.01747	0.01266	0.00667	0.00542	0.00168	0.00483	0.00533	0.00646	0.00918
41	0.01512	0.03488	0.02400	0.05900	0.04985	0.01274	0.39872	0.06601	0.01364	0.16019	0.01361	0.05303	0.01051	0.00609	0.00676	0.00182	0.05646	0.00625	0.00374	0.00758
42	0.02446	0.00928	0.01265	0.00970	0.01392	0.00801	0.00801	0.02657	0.01560	0.77817	0.02151	0.01856	0.01350	0.00675	0.00548	0.00169	0.00464	0.00548	0.00675	0.00928
43	0.01903	0.01443	0.01541	0.01220	0.01626	0.01612	0.00995	0.58453	0.20007	0.03163	0.01524	0.01480	0.01101	0.00675	0.00548	0.00169	0.00560	0.00520	0.00548	0.00912
44	0.00885	0.00834	0.01549	0.01296	0.01521	0.00777	0.27213	0.01112	0.01141	0.01522	0.02464	0.48231	0.06622	0.01245	0.00674	0.00206	0.00529	0.01205	0.00424	0.00548
45	0.01093	0.02820	0.78016	0.01554	0.02360	0.01266	0.02014	0.01727	0.01151	0.01727	0.00978	0.01151	0.00691	0.00518	0.00518	0.00173	0.00806	0.00403	0.00230	0.00806

[dist]
# distance from previous block
# <min> <max>
0	19

[block]
# block no. 4 follows, 44 sequences, length 27
# corresponding to MSA columns:
# 415-441
name=unknown_E
#
# <colnr> <probs for GDERKNQSTAVLIFYWHMCP>
#	G	D	E	R	K	N	Q	S	T	A	V	L	I	F	Y	W	H	M	C	P
0	0.01093	0.02820	0.78016	0.01554	0.02360	0.01266	0.02014	0.01727	0.01151	0.01727	0.00978	0.01151	0.00691	0.00518	0.00518	0.00173	0.00806	0.00403	0.00230	0.00806
1	0.00772	0.00557	0.00729	0.00686	0.00814	0.00514	0.00514	0.01029	0.01543	0.02186	0.77152	0.04072	0.05144	0.01115	0.00643	0.00171	0.00257	0.00986	0.00600	0.00514
2	0.02037	0.02598	0.01545	0.01404	0.01685	0.78652	0.01053	0.02177	0.01545	0.01334	0.00843	0.00983	0.00702	0.00562	0.00492	0.00140	0.00983	0.00351	0.00281	0.00632
3	0.01139	0.02633	0.68495	0.01548	0.02291	0.01299	0.04022	0.03901	0.03459	0.01778	0.01019	0.01193	0.00732	0.00543	0.00571	0.00176	0.03726	0.00422	0.00251	0.00801
4	0.00842	0.00609	0.00831	0.00938	0.01063	0.00598	0.00802	0.01076	0.01257	0.01634	0.06970	0.10247	0.09007	0.01488	0.00736	0.00240	0.00461	0.60196	0.00508	0.00496
5	0.00947	0.00473	0.00710	0.00710	0.00710	0.00473	0.00473	0.00710	0.00710	0.00947	0.00947	0.01657	0.00947	0.01894	0.02131	0.84138	0.00473	0.00473	0.00237	0.00237
6	0.02446	0.00928	0.01265	0.00970	0.01392	0.00801	0.00801	0.02657	0.01560	0.77817	0.02151	0.01856	0.01350	0.00675	0.00548	0.00169	0.00464	0.00548	0.00675	0.00928
7	0.84691	0.01054	0.00801	0.00717	0.01054	0.01223	0.00590	0.01603	0.00928	0.02446	0.00759	0.00886	0.00590	0.00506	0.00337	0.00169	0.00422	0.00295	0.00337	0.00590
8	0.00664	0.00474	0.00633	0.00759	0.00791	0.00443	0.00506	0.00759	0.01044	0.01392	0.03005	0.80485	0.03606	0.01708	0.00696	0.00221	0.00316	0.01550	0.00506	0.00443
9	0.84691	0.01054	0.00801	0.00717	0.01054	0.01223	0.00590	0.01603	0.00928	0.02446	0.00759	0.00886	0.00590	0.00506	0.00337	0.00169	0.00422	0.00295	0.00337	0.00590
10	0.00779	0.00584	0.00876	0.00876	0.00974	0.00681	0.00681	0.00974	0.00876	0.01266	0.01460	0.02142	0.01363	0.04089	0.78680	0.00876	0.01460	0.00584	0.00292	0.00487
11	0.00779	0.00584	0.00876	0.00876	0.00974	0.00681	0.00681	0.00974	0.00876	0.01266	0.01460	0.02142	0.01363	0.04089	0.78680	0.00876	0.01460	0.00584	0.00292	0.00487
12	0.01030	0.00969	0.01635	0.79530	0.03755	0.01211	0.01514	0.01393	0.01090	0.01393	0.00969	0.01453	0.00727	0.00545	0.00545	0.00182	0.00727	0.00484	0.00242	0.00606
13	0.01030	0.00969	0.01635	0.79530	0.03755	0.01211	0.01514	0.01393	0.01090	0.01393	0.00969	0.01453	0.00727	0.00545	0.00545	0.00182	0.00727	0.00484	0.00242	0.00606
14	0.02300	0.00895	0.01218	0.00945	0.01341	0.00776	0.00776	0.02515	0.01559	0.71216	0.08697	0.02049	0.01681	0.00713	0.00557	0.00169	0.00446	0.00586	0.00668	0.00892
15	0.01030	0.00969	0.01635	0.79530	0.03755	0.01211	0.01514	0.01393	0.01090	0.01393	0.00969	0.01453	0.00727	0.00545	0.00545	0.00182	0.00727	0.00484	0.00242	0.00606
16	0.00800	0.00531	0.00605	0.00605	0.00615	0.00535	0.00349	0.00819	0.00810	0.01103	0.01707	0.03442	0.01930	0.74150	0.06426	0.00531	0.00564	0.00772	0.03361	0.00344
17	0.00664	0.00474	0.00633	0.00759	0.00791	0.00443	0.00506	0.00759	0.01044	0.01392	0.03005	0.80485	0.03606	0.01708	0.00696	0.00221	0.00316	0.01550	0.00506	0.00443
18	0.00669	0.00476	0.00631	0.00753	0.00784	0.00446	0.00500	0.00760	0.01035	0.01380	0.02958	0.77685	0.03547	0.04588	0.00772	0.00233	0.00324	0.01522	0.00500	0.00439
19	0.01110	0.02702	0.71487	0.01619	0.02402	0.01276	0.08425	0.01728	0.01163	0.01728	0.00989	0.01179	0.00703	0.00513	0.00529	0.00174	0.00816	0.00424	0.00234	0.00800
20	0.84691	0.01054	0.00801	0.00717	0.01054	0.01223	0.00590	0.01603	0.00928	0.02446	0.00759	0.00886	0.00590	0.00506	0.00337	0.00169	0.00422	0.00295	0.00337	0.00590
21	0.02446	0.00928	0.01265	0.00970	0.01392	0.00801	0.00801	0.02657	0.01560	0.77817	0.02151	0.01856	0.01350	0.00675	0.00548	0.00169	0.00464	0.00548	0.00675	0.00928
22	0.01330	0.01288	0.02237	0.07157	0.69696	0.01296	0.05626	0.01663	0.01236	0.01760	0.01027	0.01361	0.00855	0.00487	0.00546	0.00164	0.00666	0.00494	0.00269	0.00844
23	0.01170	0.01224	0.12248	0.01517	0.09868	0.01007	0.12161	0.08624	0.02892	0.03564	0.01917	0.07486	0.01873	0.03246	0.00698	0.00212	0.00615	0.26720	0.02289	0.00669
24	0.00690	0.00549	0.00619	0.00612	0.00767	0.00478	0.00455	0.00866	0.01333	0.01713	0.30053	0.09933	0.47382	0.01311	0.00647	0.00182	0.00272	0.01121	0.00539	0.00478
25	0.00903	0.00626	0.00795	0.00728	0.00887	0.00593	0.00553	0.03855	0.03838	0.05370	0.67248	0.03847	0.06497	0.01075	0.00633	0.00172	0.00284	0.00943	0.00598	0.00556
26	0.04674	0.05404	0.31701	0.01556	0.09294	0.01202	0.08456	0.04236	0.02931	0.23260	0.01344	0.01401	0.00931	0.00560	0.00528	0.00169	0.00666	0.00473	0.00384	0.00831

[dist]
# distance from previous block
# <min> <max>
2	10

[block]
# block no. 5 follows, 44 sequences, length 39
# corresponding to MSA columns:
# 453-491
name=unknown_F
#
# <colnr> <probs for GDERKNQSTAVLIFYWHMCP>
#	G	D	E	R	K	N	Q	S	T	A	V	L	I	F	Y	W	H	M	C	P
0	0.20850	0.01684	0.25310	0.06023	0.07947	0.01278	0.09369	0.07813	0.04811	0.02026	0.02456	0.01348	0.00890	0.03251	0.00607	0.00186	0.02650	0.00458	0.00316	0.00727
1	0.00781	0.00530	0.00591	0.00591	0.00606	0.00523	0.00337	0.00792	0.00829	0.01090	0.02023	0.03703	0.08025	0.74458	0.02604	0.00501	0.00508	0.00822	0.00344	0.00341
2	0.01130	0.00969	0.01130	0.00807	0.01292	0.00727	0.00646	0.01373	0.01130	0.01776	0.00969	0.01130	0.00807	0.00404	0.00404	0.00081	0.00404	0.00323	0.00323	0.84173
3	0.01373	0.01619	0.11538	0.27816	0.21228	0.14997	0.01471	0.05869	0.05732	0.01688	0.01054	0.01332	0.00818	0.00547	0.00531	0.00168	0.00738	0.00459	0.00290	0.00733
4	0.01389	0.01197	0.01412	0.01237	0.03176	0.01342	0.06384	0.09902	0.57736	0.02340	0.06213	0.02020	0.01706	0.00726	0.00565	0.00181	0.00479	0.00624	0.00530	0.00840
5	0.01528	0.00730	0.00972	0.00831	0.01086	0.00656	0.00651	0.01777	0.03234	0.36144	0.34182	0.10741	0.03201	0.00968	0.00604	0.00176	0.00360	0.00837	0.00623	0.00701
6	0.01913	0.01598	0.08796	0.01310	0.03690	0.01575	0.01120	0.60029	0.04861	0.04843	0.01309	0.01326	0.00934	0.00632	0.00538	0.00162	0.00605	0.00482	0.00504	0.03770
7	0.01619	0.17508	0.17246	0.01205	0.01686	0.01373	0.04738	0.12915	0.09575	0.18112	0.01525	0.01781	0.01176	0.00662	0.00524	0.00167	0.00599	0.06352	0.00431	0.00807
8	0.00664	0.00474	0.00633	0.00759	0.00791	0.00443	0.00506	0.00759	0.01044	0.01392	0.03005	0.80485	0.03606	0.01708	0.00696	0.00221	0.00316	0.01550	0.00506	0.00443
9	0.01004	0.00971	0.04135	0.60312	0.03164	0.01096	0.03337	0.01350	0.01112	0.01458	0.01295	0.06254	0.01139	0.00701	0.00569	0.00188	0.00675	0.07554	0.03093	0.00594
10	0.03244	0.05526	0.12253	0.06471	0.46361	0.06486	0.05692	0.01682	0.01231	0.01708	0.01053	0.01441	0.00885	0.00531	0.00533	0.00165	0.00697	0.02977	0.00272	0.00793
11	0.00731	0.00556	0.00673	0.00644	0.00790	0.00497	0.00483	0.00951	0.01448	0.01961	0.54520	0.04443	0.27916	0.01199	0.00643	0.00175	0.00263	0.01038	0.00570	0.00497
12	0.01170	0.01074	0.01621	0.21255	0.22557	0.01024	0.03710	0.01472	0.01156	0.01681	0.00989	0.01282	0.00803	0.00463	0.00484	0.00132	0.00568	0.00418	0.00287	0.37853
13	0.84691	0.01054	0.00801	0.00717	0.01054	0.01223	0.00590	0.01603	0.00928	0.02446	0.00759	0.00886	0.00590	0.00506	0.00337	0.00169	0.00422	0.00295	0.00337	0.00590
14	0.00653	0.00553	0.00564	0.00561	0.00742	0.00464	0.00421	0.00799	0.01263	0.01521	0.10390	0.05167	0.72321	0.01363	0.00644	0.00183	0.00275	0.01139	0.00513	0.00464
15	0.84691	0.01054	0.00801	0.00717	0.01054	0.01223	0.00590	0.01603	0.00928	0.02446	0.00759	0.00886	0.00590	0.00506	0.00337	0.00169	0.00422	0.00295	0.00337	0.00590
16	0.01433	0.41760	0.21312	0.01301	0.04366	0.06899	0.05200	0.06951	0.03262	0.01616	0.00923	0.01060	0.00752	0.00506	0.00442	0.00142	0.00682	0.00371	0.00270	0.00749
17	0.00779	0.00584	0.00876	0.00876	0.00974	0.00681	0.00681	0.00974	0.00876	0.01266	0.01460	0.02142	0.01363	0.04089	0.78680	0.00876	0.01460	0.00584	0.00292	0.00487
18	0.01356	0.01171	0.01233	0.01109	0.01418	0.01356	0.00863	0.02897	0.76455	0.02281	0.02219	0.02034	0.01664	0.00740	0.00555	0.00185	0.00431	0.00616	0.00555	0.00863
19	0.02408	0.00989	0.01303	0.00999	0.01422	0.00892	0.00825	0.10062	0.01662	0.70268	0.02065	0.01800	0.01307	0.00673	0.00548	0.00168	0.00478	0.00542	0.00662	0.00928
20	0.80580	0.01078	0.00843	0.00744	0.01086	0.01246	0.00613	0.05286	0.01009	0.02495	0.00786	0.00907	0.00607	0.00513	0.00348	0.00168	0.00431	0.00305	0.00348	0.00607
21	0.02446	0.00928	0.01265	0.00970	0.01392	0.00801	0.00801	0.02657	0.01560	0.77817	0.02151	0.01856	0.01350	0.00675	0.00548	0.00169	0.00464	0.00548	0.00675	0.00928
22	0.00644	0.00552	0.00552	0.00552	0.00736	0.00460	0.00414	0.00782	0.01243	0.01473	0.05523	0.05247	0.77218	0.01381	0.00644	0.00184	0.00276	0.01151	0.00506	0.00460
23	0.02410	0.00986	0.01301	0.00998	0.01421	0.00888	0.00824	0.09766	0.01658	0.70570	0.02069	0.01802	0.01308	0.00673	0.00548	0.00168	0.00477	0.00543	0.00662	0.00928
24	0.02072	0.01527	0.01636	0.01254	0.01691	0.01691	0.01036	0.75622	0.02563	0.03436	0.01309	0.01309	0.00927	0.00654	0.00545	0.00164	0.00600	0.00491	0.00545	0.00927
25	0.00644	0.00552	0.00552	0.00552	0.00736	0.00460	0.00414	0.00782	0.01243	0.01473	0.05523	0.05247	0.77218	0.01381	0.00644	0.00184	0.00276	0.01151	0.00506	0.00460
26	0.02446	0.00928	0.01265	0.00970	0.01392	0.00801	0.00801	0.02657	0.01560	0.77817	0.02151	0.01856	0.01350	0.00675	0.00548	0.00169	0.00464	0.00548	0.00675	0.00928
27	0.00789	0.00527	0.00596	0.00600	0.00601	0.00526	0.00336	0.00792	0.00801	0.01067	0.01757	0.05925	0.02032	0.78415	0.02711	0.00519	0.00522	0.00816	0.00336	0.00334
28	0.06052	0.04527	0.01955	0.03928	0.32922	0.30329	0.06868	0.04044	0.01373	0.01670	0.00947	0.01181	0.00779	0.00519	0.00512	0.00155	0.00780	0.00430	0.00284	0.00743
29	0.01162	0.02387	0.55567	0.01962	0.15787	0.01285	0.10743	0.01719	0.01183	0.01739	0.01002	0.01225	0.00738	0.00505	0.00537	0.00172	0.00791	0.00446	0.00243	0.00808
30	0.01612	0.00778	0.01025	0.00840	0.01138	0.00686	0.00669	0.01875	0.03218	0.38367	0.34177	0.02757	0.02943	0.00845	0.00579	0.00164	0.00370	0.00721	0.00615	0.06620
31	0.00849	0.00601	0.00771	0.00717	0.00863	0.00569	0.00541	0.01176	0.05718	0.04194	0.70990	0.03900	0.04850	0.01082	0.00636	0.00172	0.00272	0.00954	0.00600	0.00545
32	0.01130	0.00969	0.01130	0.00807	0.01292	0.00727	0.00646	0.01373	0.01130	0.01776	0.00969	0.01130	0.00807	0.00404	0.00404	0.00081	0.00404	0.00323	0.00323	0.84173
33	0.00833	0.00565	0.00742	0.00706	0.00837	0.00519	0.00526	0.01071	0.01491	0.05392	0.66068	0.12037	0.04817	0.01158	0.00644	0.00177	0.00272	0.01026	0.00593	0.00525
34	0.00772	0.00557	0.00729	0.00686	0.00814	0.00514	0.00514	0.01029	0.01543	0.02186	0.77152	0.04072	0.05144	0.01115	0.00643	0.00171	0.00257	0.00986	0.00600	0.00514
35	0.01458	0.81168	0.02857	0.00933	0.01399	0.02157	0.00933	0.01632	0.01108	0.01283	0.00758	0.00875	0.00700	0.00466	0.00350	0.00117	0.00583	0.00292	0.00233	0.00700
36	0.84691	0.01054	0.00801	0.00717	0.01054	0.01223	0.00590	0.01603	0.00928	0.02446	0.00759	0.00886	0.00590	0.00506	0.00337	0.00169	0.00422	0.00295	0.00337	0.00590
37	0.02037	0.02598	0.01545	0.01404	0.01685	0.78652	0.01053	0.02177	0.01545	0.01334	0.00843	0.00983	0.00702	0.00562	0.00492	0.00140	0.00983	0.00351	0.00281	0.00632
38	0.00772	0.00557	0.00729	0.00686	0.00814	0.00514	0.00514	0.01029	0.01543	0.02186	0.77152	0.04072	0.05144	0.01115	0.00643	0.00171	0.00257	0.00986	0.00600	0.00514

[dist]
# distance from previous block
# <min> <max>
0	1

[block]
# block no. 6 follows, 44 sequences, length 72
# corresponding to MSA columns:
# 493-564
name=unknown_G
#
# <colnr> <probs for GDERKNQSTAVLIFYWHMCP>
#	G	D	E	R	K	N	Q	S	T	A	V	L	I	F	Y	W	H	M	C	P
0	0.01030	0.00969	0.01635	0.79530	0.03755	0.01211	0.01514	0.01393	0.01090	0.01393	0.00969	0.01453	0.00727	0.00545	0.00545	0.00182	0.00727	0.00484	0.00242	0.00606
1	0.00772	0.00557	0.00729	0.00686	0.00814	0.00514	0.00514	0.01029	0.01543	0.02186	0.77152	0.04072	0.05144	0.01115	0.00643	0.00171	0.00257	0.00986	0.00600	0.00514
2	0.00668	0.00538	0.00597	0.00640	0.00772	0.00474	0.00458	0.00822	0.02896	0.01462	0.04537	0.32379	0.48867	0.01484	0.00661	0.00198	0.00294	0.01283	0.00507	0.00463
3	0.02120	0.01147	0.01356	0.01065	0.01465	0.01164	0.00872	0.27871	0.11080	0.39476	0.01851	0.01696	0.01244	0.00674	0.00541	0.00167	0.00498	0.00535	0.04277	0.00901
4	0.01030	0.00969	0.01635	0.79530	0.03755	0.01211	0.01514	0.01393	0.01090	0.01393	0.00969	0.01453	0.00727	0.00545	0.00545	0.00182	0.00727	0.00484	0.00242	0.00606
5	0.00667	0.00476	0.00635	0.00757	0.00791	0.00445	0.00506	0.00766	0.01056	0.01411	0.04799	0.78635	0.03643	0.01694	0.00695	0.00220	0.00315	0.01536	0.00508	0.00445
6	0.01202	0.01127	0.01890	0.20178	0.49438	0.01200	0.01487	0.01506	0.01149	0.01610	0.01071	0.01524	0.00917	0.03877	0.07637	0.00246	0.02422	0.00506	0.00267	0.00746
7	0.02333	0.00968	0.01273	0.00991	0.01403	0.00879	0.00814	0.04844	0.08567	0.68574	0.02132	0.01856	0.01366	0.00680	0.00549	0.00170	0.00465	0.00553	0.00660	0.00922
8	0.00658	0.00553	0.00571	0.00567	0.00745	0.00466	0.00425	0.00809	0.01275	0.01550	0.13276	0.05120	0.69417	0.01352	0.00644	0.00183	0.00274	0.01133	0.00516	0.00466
9	0.02037	0.01420	0.01557	0.01189	0.01628	0.01522	0.00981	0.62148	0.02345	0.11045	0.01370	0.01352	0.00962	0.00637	0.00534	0.00158	0.00570	0.00484	0.00541	0.07520
10	0.04989	0.16433	0.03575	0.00986	0.01405	0.01157	0.00859	0.08284	0.03040	0.47456	0.01773	0.05034	0.01252	0.00670	0.00508	0.00161	0.00498	0.00527	0.00546	0.00846
11	0.02038	0.02552	0.01549	0.01398	0.01686	0.75302	0.01053	0.05374	0.01589	0.01426	0.00863	0.00997	0.00712	0.00566	0.00494	0.00141	0.00966	0.00357	0.00292	0.00645
12	0.01130	0.00969	0.01130	0.00807	0.01292	0.00727	0.00646	0.01373	0.01130	0.01776	0.00969	0.01130	0.00807	0.00404	0.00404	0.00081	0.00404	0.00323	0.00323	0.84173
13	0.01349	0.01295	0.02213	0.03346	0.77440	0.01295	0.01673	0.01673	0.01241	0.01781	0.01025	0.01349	0.00864	0.00486	0.00540	0.00162	0.00648	0.00486	0.00270	0.00864
14	0.01365	0.45578	0.24059	0.01196	0.03777	0.03436	0.01248	0.01671	0.01143	0.04799	0.00988	0.04486	0.00857	0.00560	0.00470	0.00145	0.02828	0.00401	0.00266	0.00729
15	0.03429	0.01267	0.01521	0.12049	0.05409	0.01369	0.01049	0.39759	0.06560	0.15135	0.01458	0.03192	0.01060	0.00652	0.00540	0.00167	0.00570	0.00521	0.00500	0.03794
16	0.04073	0.01133	0.03609	0.02628	0.05576	0.01125	0.00916	0.18916	0.16566	0.24030	0.03710	0.06646	0.05559	0.00786	0.00562	0.00176	0.00490	0.02135	0.00544	0.00820
17	0.01335	0.01141	0.01206	0.01087	0.01386	0.01311	0.00844	0.05040	0.69507	0.02264	0.02305	0.04862	0.03697	0.00788	0.00562	0.00186	0.00429	0.00659	0.00551	0.00840
18	0.00842	0.00580	0.00731	0.00691	0.00845	0.00525	0.00528	0.01073	0.01472	0.06070	0.55747	0.04280	0.18748	0.01161	0.00643	0.00178	0.00284	0.04496	0.00581	0.00525
19	0.01332	0.01278	0.02182	0.07424	0.73496	0.01291	0.01665	0.01658	0.01233	0.01760	0.01022	0.01355	0.00856	0.00489	0.00540	0.00163	0.00652	0.00486	0.00268	0.00850
20	0.05887	0.01483	0.01553	0.17580	0.12177	0.22259	0.03746	0.09339	0.03677	0.05665	0.01305	0.10459	0.01149	0.00695	0.00540	0.00169	0.00694	0.00575	0.00356	0.00690
21	0.00756	0.00531	0.00602	0.00615	0.00657	0.00510	0.00380	0.00804	0.00931	0.01212	0.05182	0.11033	0.15324	0.55208	0.02094	0.00422	0.00455	0.02521	0.00390	0.00373
22	0.00947	0.00473	0.00710	0.00710	0.00710	0.00473	0.00473	0.00710	0.00710	0.00947	0.00947	0.01657	0.00947	0.01894	0.02131	0.84138	0.00473	0.00473	0.00237	0.00237
23	0.01389	0.01463	0.12687	0.07253	0.53410	0.01246	0.04268	0.01753	0.01250	0.08406	0.01117	0.01376	0.00873	0.00509	0.00541	0.00166	0.00668	0.00485	0.00298	0.00842
24	0.00726	0.00495	0.00651	0.00756	0.00809	0.00456	0.00512	0.00827	0.01073	0.04091	0.03108	0.73718	0.07435	0.01654	0.00688	0.00218	0.00319	0.01493	0.00512	0.00461
25	0.02407	0.00936	0.01264	0.00975	0.01393	0.00821	0.00803	0.02665	0.04232	0.75122	0.02153	0.01862	0.01361	0.00677	0.00548	0.00169	0.00463	0.00551	0.00670	0.00925
26	0.39068	0.01123	0.04442	0.04882	0.01425	0.01121	0.00815	0.07340	0.04840	0.27975	0.01359	0.01339	0.00934	0.00587	0.00452	0.00170	0.00481	0.00424	0.00467	0.00752
27	0.01271	0.01577	0.09141	0.02239	0.02810	0.01370	0.69643	0.01745	0.01276	0.01745	0.01093	0.01445	0.00816	0.00464	0.00633	0.00183	0.00910	0.00624	0.00272	0.00741
28	0.00723	0.00492	0.00658	0.00772	0.00818	0.00458	0.00525	0.00825	0.01065	0.03665	0.02976	0.76150	0.03526	0.01672	0.00693	0.00221	0.00326	0.03465	0.00511	0.00459
29	0.00772	0.00557	0.00729	0.00686	0.00814	0.00514	0.00514	0.01029	0.01543	0.02186	0.77152	0.04072	0.05144	0.01115	0.00643	0.00171	0.00257	0.00986	0.00600	0.00514
30	0.01442	0.77720	0.06165	0.00960	0.01442	0.02118	0.00980	0.01637	0.01110	0.01302	0.00768	0.00887	0.00699	0.00469	0.00357	0.00119	0.00593	0.00296	0.00233	0.00704
31	0.01198	0.01110	0.06853	0.00899	0.01373	0.00815	0.00776	0.03603	0.01181	0.05104	0.01096	0.03968	0.00922	0.00493	0.00472	0.00103	0.02686	0.00391	0.00342	0.66615
32	0.01260	0.06352	0.03026	0.00984	0.04432	0.01016	0.00746	0.23012	0.01522	0.02135	0.04772	0.16849	0.03450	0.07530	0.04154	0.00226	0.00496	0.00742	0.16656	0.00638
33	0.01051	0.00994	0.01707	0.71950	0.05679	0.01208	0.05194	0.01416	0.01105	0.01434	0.00994	0.01463	0.00749	0.00541	0.00546	0.00180	0.00725	0.00493	0.01954	0.00617
34	0.01156	0.00984	0.01144	0.00819	0.01303	0.00753	0.00656	0.03362	0.01169	0.01821	0.00978	0.01135	0.00811	0.00410	0.00408	0.00083	0.00409	0.00327	0.00329	0.81943
35	0.84691	0.01054	0.00801	0.00717	0.01054	0.01223	0.00590	0.01603	0.00928	0.02446	0.00759	0.00886	0.00590	0.00506	0.00337	0.00169	0.00422	0.00295	0.00337	0.00590
36	0.01448	0.79047	0.04892	0.00950	0.01425	0.02133	0.00962	0.01635	0.01109	0.01295	0.00764	0.00882	0.00699	0.00468	0.00354	0.00118	0.00589	0.00295	0.00233	0.00702
37	0.00820	0.00553	0.00626	0.00624	0.00638	0.00555	0.00362	0.02880	0.00859	0.01145	0.01791	0.08543	0.02059	0.73418	0.02576	0.00498	0.00517	0.00834	0.00348	0.00354
38	0.02037	0.02598	0.01545	0.01404	0.01685	0.78652	0.01053	0.02177	0.01545	0.01334	0.00843	0.00983	0.00702	0.00562	0.00492	0.00140	0.00983	0.00351	0.00281	0.00632
39	0.01287	0.01471	0.03217	0.02298	0.02849	0.01379	0.75460	0.01746	0.01287	0.01746	0.01103	0.01471	0.00827	0.00460	0.00643	0.00184	0.00919	0.00643	0.00276	0.00735
40	0.04822	0.01101	0.01356	0.01043	0.01466	0.01066	0.00861	0.23289	0.01825	0.54478	0.01870	0.01672	0.01207	0.00664	0.00541	0.00167	0.00501	0.00524	0.00628	0.00917
41	0.00691	0.00511	0.00652	0.00753	0.00828	0.00472	0.00541	0.00816	0.01112	0.01441	0.03478	0.55370	0.17868	0.01616	0.00694	0.00218	0.00335	0.11644	0.00506	0.00455
42	0.00879	0.00628	0.00879	0.01004	0.01130	0.00628	0.00879	0.01130	0.01255	0.01632	0.02887	0.06150	0.03138	0.01506	0.00753	0.00251	0.00502	0.73770	0.00502	0.00502
43	0.01093	0.02820	0.78016	0.01554	0.02360	0.01266	0.02014	0.01727	0.01151	0.01727	0.00978	0.01151	0.00691	0.00518	0.00518	0.00173	0.00806	0.00403	0.00230	0.00806
44	0.00664	0.00474	0.00633	0.00759	0.00791	0.00443	0.00506	0.00759	0.01044	0.01392	0.03005	0.80485	0.03606	0.01708	0.00696	0.00221	0.00316	0.01550	0.00506	0.00443
45	0.84691	0.01054	0.00801	0.00717	0.01054	0.01223	0.00590	0.01603	0.00928	0.02446	0.00759	0.00886	0.00590	0.00506	0.00337	0.00169	0.00422	0.00295	0.00337	0.00590
46	0.02437	0.00942	0.01274	0.00977	0.01399	0.00823	0.00807	0.04443	0.01585	0.75997	0.02130	0.01842	0.01339	0.00674	0.00548	0.00169	0.00467	0.00547	0.00672	0.00928
47	0.01339	0.01153	0.01218	0.01097	0.01400	0.01331	0.00853	0.02842	0.74264	0.02278	0.04410	0.02094	0.01766	0.00751	0.00557	0.00185	0.00426	0.00627	0.00556	0.00853
48	0.00727	0.00516	0.00659	0.00717	0.00802	0.00471	0.00502	0.00870	0.01204	0.03299	0.21317	0.49641	0.14265	0.01495	0.00673	0.00203	0.00300	0.01335	0.00533	0.00473
49	0.01016	0.00508	0.00508	0.00508	0.00635	0.00508	0.00381	0.01270	0.01143	0.02033	0.01778	0.02033	0.01397	0.00635	0.00381	0.00127	0.00254	0.00508	0.83867	0.00508
50	0.01671	0.01335	0.01448	0.04037	0.03911	0.02953	0.00984	0.32410	0.38430	0.04235	0.01740	0.01674	0.01282	0.00686	0.00549	0.00174	0.00528	0.00550	0.00528	0.00877
51	0.01100	0.00934	0.01211	0.02565	0.12549	0.00817	0.00802	0.03477	0.04677	0.01862	0.12388	0.09470	0.01767	0.00673	0.00501	0.00129	0.00422	0.00586	0.00389	0.43681
52	0.01448	0.01137	0.01247	0.01087	0.01370	0.01271	0.00849	0.28408	0.30841	0.02467	0.02043	0.19968	0.01830	0.00939	0.00611	0.00187	0.02195	0.00785	0.00533	0.00783
53	0.01826	0.01940	0.01731	0.01882	0.22167	0.36951	0.01208	0.18334	0.05310	0.01966	0.01062	0.01205	0.00842	0.00570	0.00520	0.00154	0.00781	0.00431	0.00350	0.00771
54	0.01130	0.00969	0.01130	0.00807	0.01292	0.00727	0.00646	0.01373	0.01130	0.01776	0.00969	0.01130	0.00807	0.00404	0.00404	0.00081	0.00404	0.00323	0.00323	0.84173
55	0.23963	0.02959	0.01381	0.01090	0.01476	0.08372	0.00891	0.42588	0.04046	0.04177	0.01268	0.01298	0.02947	0.00626	0.00485	0.00163	0.00570	0.00445	0.00462	0.00792
56	0.01016	0.00508	0.00508	0.00508	0.00635	0.00508	0.00381	0.01270	0.01143	0.02033	0.01778	0.02033	0.01397	0.00635	0.00381	0.00127	0.00254	0.00508	0.83867	0.00508
57	0.03927	0.01405	0.01539	0.01201	0.01610	0.01545	0.00987	0.57017	0.08672	0.12108	0.01458	0.01423	0.01027	0.00669	0.00575	0.00168	0.02711	0.00504	0.00548	0.00905
58	0.05726	0.01297	0.03610	0.01284	0.03764	0.01337	0.07850	0.31149	0.16758	0.12556	0.04281	0.05099	0.01362	0.00703	0.00556	0.00174	0.00552	0.00590	0.00513	0.00840
59	0.01016	0.00508	0.00508	0.00508	0.00635	0.00508	0.00381	0.01270	0.01143	0.02033	0.01778	0.02033	0.01397	0.00635	0.00381	0.00127	0.00254	0.00508	0.83867	0.00508
60	0.01207	0.00992	0.01156	0.00832	0.01312	0.00771	0.00667	0.04676	0.01205	0.03897	0.01016	0.01158	0.00827	0.00422	0.00414	0.00087	0.00414	0.00336	0.00342	0.78268
61	0.00881	0.00586	0.00726	0.00678	0.00844	0.00523	0.00513	0.01098	0.01451	0.08594	0.49518	0.06455	0.23754	0.01164	0.00637	0.00176	0.00282	0.01008	0.00579	0.00534
62	0.01964	0.01443	0.01551	0.01203	0.01604	0.01593	0.00981	0.69436	0.02422	0.03246	0.01367	0.02966	0.01045	0.05770	0.00690	0.00188	0.00590	0.00530	0.00531	0.00880
63	0.08532	0.16719	0.10355	0.01306	0.08051	0.04245	0.01094	0.24497	0.01627	0.11397	0.01349	0.01397	0.04121	0.00613	0.00518	0.00158	0.02358	0.00456	0.00407	0.00799
64	0.01239	0.01275	0.02473	0.03813	0.04463	0.01335	0.44523	0.01567	0.01136	0.03699	0.01095	0.01582	0.00914	0.06005	0.04429	0.00248	0.18647	0.00602	0.00282	0.00673
65	0.01016	0.00508	0.00508	0.00508	0.00635	0.00508	0.00381	0.01270	0.01143	0.02033	0.01778	0.02033	0.01397	0.00635	0.00381	0.00127	0.00254	0.00508	0.83867	0.00508
66	0.03753	0.01212	0.04720	0.22181	0.03795	0.01270	0.25678	0.03598	0.01178	0.05010	0.01140	0.03647	0.00913	0.00626	0.00760	0.00187	0.13237	0.00561	0.05864	0.00670
67	0.02337	0.00904	0.01230	0.00951	0.01354	0.00783	0.00783	0.02551	0.01559	0.72894	0.07033	0.02000	0.01597	0.00703	0.00554	0.00169	0.00450	0.00577	0.00670	0.00901
68	0.00691	0.00491	0.00649	0.00748	0.00781	0.00475	0.00499	0.00783	0.00996	0.01337	0.02699	0.63461	0.03194	0.12284	0.07885	0.00320	0.00446	0.01365	0.00464	0.00432
69	0.01926	0.01339	0.02947	0.01258	0.04900	0.01402	0.00993	0.49956	0.04813	0.14791	0.01587	0.07466	0.01224	0.00788	0.01857	0.00182	0.00571	0.00585	0.00541	0.00876
70	0.00833	0.00681	0.00748	0.00796	0.00904	0.04903	0.00573	0.04185	0.02581	0.01594	0.10111	0.47302	0.15689	0.01459	0.00665	0.00205	0.00366	0.05406	0.00505	0.00495
71	0.01943	0.01395	0.01515	0.01176	0.01573	0.01526	0.00962	0.64461	0.02380	0.06169	0.06692	0.01617	0.01283	0.03959	0.00643	0.00179	0.00568	0.00540	0.00546	0.00874

[dist]
# distance from previous block
# <min> <max>
0	7

[block]
# block no. 7 follows, 44 sequences, length 29
# corresponding to MSA columns:
# 573-601
name=unknown_H
#
# <colnr> <probs for GDERKNQSTAVLIFYWHMCP>
#	G	D	E	R	K	N	Q	S	T	A	V	L	I	F	Y	W	H	M	C	P
0	0.01766	0.01369	0.04195	0.01232	0.04010	0.01432	0.00990	0.49818	0.10477	0.05563	0.06953	0.05434	0.01461	0.02006	0.00595	0.00176	0.00546	0.00595	0.00529	0.00851
1	0.00867	0.00666	0.00838	0.00875	0.05413	0.00636	0.00615	0.01214	0.08461	0.03525	0.41445	0.06526	0.21201	0.01133	0.00634	0.00180	0.00319	0.04345	0.00548	0.00561
2	0.04309	0.02849	0.03083	0.02625	0.10334	0.01113	0.09603	0.13662	0.02826	0.06208	0.07789	0.18731	0.01823	0.00880	0.00684	0.00182	0.07286	0.00761	0.00423	0.04829
3	0.00772	0.00557	0.00729	0.00686	0.00814	0.00514	0.00514	0.01029	0.01543	0.02186	0.77152	0.04072	0.05144	0.01115	0.00643	0.00171	0.00257	0.00986	0.00600	0.00514
4	0.01380	0.01188	0.01284	0.01201	0.04364	0.01365	0.00900	0.05263	0.71096	0.02300	0.02143	0.01984	0.01609	0.00727	0.00554	0.00183	0.00445	0.00607	0.00543	0.00865
5	0.01430	0.66886	0.04784	0.03443	0.01461	0.01961	0.00948	0.04990	0.01178	0.01452	0.00870	0.01004	0.00761	0.00491	0.00372	0.00123	0.00571	0.00326	0.06254	0.00696
6	0.00782	0.00570	0.00803	0.00803	0.00876	0.00642	0.00591	0.00927	0.00855	0.01212	0.01527	0.02510	0.01523	0.23900	0.59087	0.00786	0.01220	0.00638	0.00302	0.00446
7	0.01130	0.00969	0.01130	0.00807	0.01292	0.00727	0.00646	0.01373	0.01130	0.01776	0.00969	0.01130	0.00807	0.00404	0.00404	0.00081	0.00404	0.00323	0.00323	0.84173
8	0.01283	0.00924	0.01118	0.09508	0.01487	0.00997	0.00829	0.05023	0.30152	0.11722	0.14375	0.06365	0.07714	0.00904	0.00592	0.00185	0.00434	0.05134	0.00534	0.00719
9	0.01286	0.01215	0.02051	0.03057	0.69093	0.01210	0.01547	0.01603	0.01274	0.01825	0.09317	0.01646	0.01330	0.00554	0.00551	0.00163	0.00605	0.00540	0.00306	0.00826
10	0.10019	0.00612	0.00731	0.00685	0.00838	0.00591	0.00519	0.01084	0.01465	0.02191	0.66323	0.03760	0.07063	0.01056	0.00609	0.00172	0.00276	0.00915	0.00568	0.00521
11	0.01229	0.00744	0.00935	0.00797	0.01063	0.00651	0.00622	0.04065	0.01422	0.18213	0.28565	0.10882	0.08518	0.00957	0.00581	0.00161	0.00356	0.02845	0.00541	0.16851
