[name]
unknown

[dist]
# distance from previous block
# <min> <max>
0	17

[block]
# block no. 0 follows, 44 sequences, length 18
# corresponding to MSA columns:
# 67-84
name=unknown_A
#
# <colnr> <probs for GDERKNQSTAVLIFYWHMCP>
#	G	D	E	R	K	N	Q	S	T	A	V	L	I	F	Y	W	H	M	C	P
0	0.02304	0.00646	0.00811	0.00747	0.00926	0.00591	0.00575	0.02834	0.01431	0.02045	0.51329	0.07096	0.04036	0.03328	0.00677	0.00179	0.00322	0.07896	0.00536	0.11690
1	0.01854	0.01408	0.01560	0.01202	0.01630	0.01512	0.02725	0.57656	0.07676	0.03060	0.01359	0.02873	0.01015	0.00644	0.00533	0.00156	0.00565	0.00503	0.00510	0.11560
2	0.01277	0.00970	0.01151	0.00875	0.01293	0.00825	0.00699	0.08793	0.02595	0.07670	0.01231	0.03946	0.01024	0.00866	0.08244	0.00181	0.00531	0.00429	0.00379	0.57023
3	0.01238	0.01183	0.02005	0.28833	0.50683	0.01277	0.01607	0.01569	0.01180	0.01638	0.00998	0.01380	0.00814	0.00518	0.00575	0.00171	0.02817	0.00485	0.00260	0.00770
4	0.01218	0.03900	0.27682	0.09468	0.02425	0.06342	0.26734	0.03740	0.01250	0.01679	0.01305	0.03849	0.04813	0.00597	0.00600	0.00177	0.02657	0.00564	0.00282	0.00717
5	0.00761	0.00624	0.00697	0.00805	0.00854	0.05968	0.00545	0.00859	0.01079	0.01388	0.02852	0.74868	0.03401	0.01627	0.00681	0.00216	0.00363	0.01465	0.00490	0.00456
6	0.00771	0.00560	0.00825	0.00857	0.00943	0.00520	0.05263	0.00907	0.01121	0.03943	0.09564	0.66042	0.03496	0.01542	0.00683	0.00213	0.00354	0.01409	0.00505	0.00483
7	0.05092	0.01260	0.01469	0.01140	0.01537	0.01337	0.00943	0.40197	0.02004	0.31325	0.01565	0.01492	0.01060	0.00678	0.00627	0.00171	0.06141	0.00505	0.00565	0.00892
8	0.01017	0.00816	0.02523	0.00830	0.01053	0.00797	0.00648	0.01645	0.25751	0.06279	0.18195	0.12518	0.23565	0.01098	0.00613	0.00185	0.00350	0.00940	0.00545	0.00634
9	0.00694	0.00552	0.00618	0.00606	0.00761	0.00481	0.00450	0.00870	0.01332	0.01712	0.30778	0.06543	0.47828	0.03503	0.00704	0.00190	0.00277	0.01092	0.00535	0.00475
10	0.01120	0.04661	0.66803	0.01573	0.02303	0.01322	0.06190	0.01698	0.01137	0.01689	0.00963	0.01165	0.00700	0.00541	0.00603	0.00176	0.05916	0.00419	0.00233	0.00785
11	0.02163	0.03559	0.01563	0.01163	0.01596	0.01447	0.00966	0.52543	0.02234	0.24814	0.01536	0.01454	0.01043	0.00655	0.00541	0.00164	0.00560	0.00502	0.00574	0.00921
12	0.02153	0.01107	0.01341	0.01060	0.01463	0.01105	0.00865	0.18861	0.16211	0.46794	0.01978	0.01769	0.01317	0.00683	0.00549	0.00171	0.00488	0.00549	0.00623	0.00915
13	0.00690	0.00498	0.00658	0.00753	0.00809	0.00459	0.00511	0.00805	0.01096	0.01483	0.10271	0.70393	0.03668	0.01608	0.00681	0.00212	0.00313	0.01455	0.00510	0.03126
14	0.00701	0.00513	0.00698	0.05732	0.00966	0.00501	0.00558	0.00814	0.01052	0.01405	0.06262	0.66462	0.03381	0.07197	0.00831	0.00238	0.00355	0.01402	0.00481	0.00449
15	0.61652	0.01221	0.00989	0.00856	0.01202	0.07441	0.00695	0.09099	0.03926	0.07222	0.00962	0.01039	0.00720	0.00544	0.00392	0.00167	0.00487	0.00347	0.00383	0.00658
16	0.01335	0.01052	0.01217	0.02528	0.01408	0.00917	0.00740	0.10159	0.09103	0.06340	0.01205	0.01292	0.00939	0.00486	0.00447	0.00108	0.00439	0.00389	0.00391	0.59504
17	0.01850	0.01357	0.01471	0.01288	0.06324	0.05852	0.00968	0.38484	0.15423	0.12763	0.01602	0.03626	0.01217	0.04444	0.00652	0.00185	0.00566	0.00554	0.00520	0.00854

[dist]
# distance from previous block
# <min> <max>
0	1

[block]
# block no. 1 follows, 44 sequences, length 230
# corresponding to MSA columns:
# 86-169,179-220,222-325
name=unknown_B
#
# <colnr> <probs for GDERKNQSTAVLIFYWHMCP>
#	G	D	E	R	K	N	Q	S	T	A	V	L	I	F	Y	W	H	M	C	P
0	0.01203	0.00966	0.01130	0.00837	0.01291	0.00768	0.00666	0.01534	0.06627	0.05893	0.01186	0.03665	0.00985	0.00483	0.00431	0.00097	0.00406	0.00394	0.00364	0.71074
1	0.01696	0.01402	0.05786	0.01188	0.01584	0.01463	0.00998	0.33201	0.37490	0.06560	0.01764	0.01672	0.01285	0.00688	0.00548	0.00174	0.00525	0.00548	0.00538	0.00890
2	0.01315	0.00984	0.01164	0.00842	0.01317	0.00769	0.00678	0.04130	0.01230	0.10601	0.01117	0.01220	0.00874	0.00444	0.00425	0.00094	0.00418	0.00355	0.00371	0.71652
3	0.03520	0.01114	0.01329	0.01095	0.01415	0.01205	0.00885	0.19563	0.17718	0.27532	0.01828	0.07045	0.01388	0.00851	0.02282	0.00197	0.09052	0.00606	0.00545	0.00829
4	0.01276	0.03450	0.05040	0.02151	0.02647	0.01426	0.63648	0.01696	0.01230	0.01688	0.01049	0.01417	0.00808	0.00515	0.00756	0.00188	0.09413	0.00610	0.00269	0.00721
5	0.01038	0.00971	0.01638	0.76138	0.05860	0.01203	0.01503	0.01391	0.01089	0.01398	0.00970	0.01453	0.00734	0.00563	0.00568	0.01426	0.00721	0.00484	0.00243	0.00608
6	0.00879	0.00592	0.00687	0.00647	0.00833	0.00513	0.00491	0.01061	0.01364	0.09921	0.27564	0.07156	0.43823	0.01233	0.00635	0.00180	0.00292	0.01048	0.00554	0.00527
7	0.01146	0.11172	0.64897	0.01537	0.02289	0.01370	0.06826	0.01718	0.01155	0.01680	0.00963	0.01143	0.00701	0.00508	0.00508	0.00167	0.00789	0.00407	0.00234	0.00790
8	0.00664	0.00474	0.00633	0.00759	0.00791	0.00443	0.00506	0.00759	0.01044	0.01392	0.03005	0.80485	0.03606	0.01708	0.00696	0.00221	0.00316	0.01550	0.00506	0.00443
9	0.00964	0.00674	0.00839	0.00877	0.01023	0.00670	0.00682	0.04977	0.08426	0.06023	0.03063	0.33645	0.11871	0.01405	0.00677	0.00216	0.00400	0.22493	0.00521	0.00555
10	0.01178	0.01170	0.01641	0.01411	0.01414	0.01633	0.01174	0.01300	0.00836	0.01310	0.00743	0.01228	0.00739	0.01070	0.04621	0.00262	0.76956	0.00481	0.00241	0.00592
11	0.02381	0.00931	0.01256	0.00970	0.01384	0.00816	0.00799	0.02640	0.04192	0.73973	0.03333	0.01897	0.01420	0.00684	0.00550	0.00169	0.00460	0.00558	0.00669	0.00919
12	0.00667	0.00530	0.00600	0.00631	0.00763	0.00463	0.00455	0.00809	0.01226	0.01546	0.14531	0.26951	0.46026	0.01440	0.00659	0.00193	0.00285	0.01244	0.00519	0.00463
13	0.01055	0.01004	0.01641	0.67265	0.03390	0.01283	0.01464	0.01380	0.01050	0.01380	0.00929	0.01413	0.00725	0.00609	0.00740	0.00191	0.13151	0.00483	0.00242	0.00604
14	0.01608	0.12343	0.01681	0.03553	0.04336	0.16482	0.02490	0.21988	0.06277	0.03631	0.01448	0.05976	0.04904	0.00795	0.02118	0.00180	0.08531	0.00543	0.00391	0.00727
15	0.01905	0.01224	0.01366	0.01078	0.01443	0.01308	0.00876	0.48283	0.02087	0.15939	0.01566	0.03542	0.01167	0.03602	0.02954	0.00196	0.00555	0.00542	0.09531	0.00836
16	0.01117	0.00803	0.00887	0.04771	0.01114	0.07641	0.00646	0.03830	0.01232	0.11876	0.07639	0.40991	0.04959	0.08863	0.00838	0.00228	0.00442	0.01092	0.00487	0.00546
17	0.01429	0.01252	0.05680	0.01005	0.01469	0.01093	0.00859	0.26408	0.01613	0.02312	0.01250	0.01348	0.03713	0.00543	0.00497	0.00121	0.02187	0.00419	0.00398	0.46405
18	0.02043	0.09889	0.01613	0.01116	0.01533	0.01431	0.00934	0.41529	0.04629	0.24625	0.01581	0.04067	0.01139	0.00678	0.00530	0.00163	0.00543	0.00525	0.00548	0.00885
19	0.00721	0.00503	0.00611	0.00674	0.00699	0.00482	0.00422	0.00776	0.00942	0.01246	0.02567	0.41668	0.06996	0.37291	0.01628	0.00357	0.00410	0.01187	0.00427	0.00393
20	0.01242	0.01325	0.02667	0.19650	0.17807	0.01325	0.44447	0.01653	0.01234	0.01675	0.01058	0.01443	0.00812	0.00484	0.00601	0.00179	0.00823	0.00577	0.00267	0.00732
21	0.03746	0.05698	0.01598	0.01218	0.01613	0.18443	0.00989	0.42151	0.05096	0.12145	0.01310	0.01305	0.00942	0.00628	0.00520	0.00158	0.00655	0.00458	0.00484	0.00842
22	0.00695	0.00495	0.00641	0.00738	0.00777	0.00462	0.00486	0.00780	0.01012	0.01356	0.02772	0.67744	0.03306	0.12574	0.00974	0.00260	0.00348	0.01412	0.00477	0.02690
23	0.00668	0.00477	0.00636	0.00757	0.00792	0.00445	0.00506	0.00768	0.01060	0.01418	0.05459	0.77955	0.03657	0.01688	0.00694	0.00220	0.00314	0.01531	0.00509	0.00445
24	0.01879	0.01412	0.01630	0.01388	0.07674	0.01540	0.03315	0.60430	0.02265	0.03064	0.01321	0.01473	0.00997	0.05212	0.00669	0.00184	0.00597	0.00513	0.03572	0.00867
25	0.00778	0.00573	0.00814	0.00814	0.00896	0.00647	0.00608	0.00934	0.00870	0.01232	0.01618	0.02494	0.03530	0.18447	0.62298	0.00792	0.01253	0.00639	0.00305	0.00457
26	0.01156	0.00984	0.01144	0.00820	0.01303	0.00753	0.00657	0.03380	0.01169	0.01821	0.00978	0.01135	0.00811	0.00411	0.00408	0.00083	0.00409	0.00328	0.00329	0.81923
27	0.28796	0.01012	0.01043	0.00812	0.01221	0.00952	0.00656	0.04810	0.02215	0.04306	0.03769	0.01201	0.00927	0.00496	0.00425	0.00123	0.01665	0.00359	0.00360	0.44851
28	0.01130	0.00969	0.01130	0.00807	0.01292	0.00727	0.00646	0.01373	0.01130	0.01776	0.00969	0.01130	0.00807	0.00404	0.00404	0.00081	0.00404	0.00323	0.00323	0.84173
29	0.01349	0.01280	0.02156	0.08543	0.70081	0.01301	0.01643	0.03872	0.01271	0.01804	0.01030	0.01355	0.00856	0.00495	0.00540	0.00163	0.00652	0.00486	0.00276	0.00848
30	0.01782	0.00977	0.01215	0.00909	0.01351	0.00822	0.00740	0.07145	0.01438	0.36337	0.03751	0.01557	0.01188	0.00565	0.00486	0.00129	0.00440	0.00456	0.00506	0.38206
31	0.01962	0.01644	0.09850	0.01277	0.01750	0.01616	0.01132	0.64390	0.03871	0.05070	0.01312	0.01320	0.00927	0.00642	0.00543	0.00165	0.00615	0.00485	0.00515	0.00913
32	0.01458	0.81168	0.02857	0.00933	0.01399	0.02157	0.00933	0.01632	0.01108	0.01283	0.00758	0.00875	0.00700	0.00466	0.00350	0.00117	0.00583	0.00292	0.00233	0.00700
33	0.01030	0.00969	0.01635	0.79530	0.03755	0.01211	0.01514	0.01393	0.01090	0.01393	0.00969	0.01453	0.00727	0.00545	0.00545	0.00182	0.00727	0.00484	0.00242	0.00606
34	0.01960	0.01029	0.01355	0.01070	0.01448	0.01001	0.05069	0.11589	0.13706	0.43098	0.10842	0.02055	0.01765	0.00722	0.00566	0.00172	0.00477	0.00609	0.00608	0.00858
35	0.01281	0.01489	0.04984	0.02281	0.05071	0.01384	0.68772	0.01728	0.01266	0.01732	0.01084	0.01449	0.00821	0.00479	0.00677	0.00185	0.03681	0.00627	0.00273	0.00736
36	0.00765	0.00556	0.00720	0.00682	0.00811	0.00511	0.00511	0.01015	0.01523	0.02145	0.73117	0.05555	0.07770	0.01136	0.00644	0.00173	0.00259	0.01003	0.00595	0.00511
37	0.01244	0.01602	0.17438	0.03852	0.02512	0.01237	0.48604	0.01689	0.01247	0.05556	0.01304	0.08714	0.01081	0.00599	0.00616	0.00184	0.00814	0.00671	0.00307	0.00729
38	0.02119	0.01452	0.01590	0.01219	0.01653	0.01579	0.01007	0.66481	0.02438	0.12754	0.01414	0.01377	0.00980	0.00657	0.00546	0.00164	0.00583	0.00498	0.00562	0.00927
39	0.01285	0.01229	0.02096	0.18729	0.62561	0.01278	0.01641	0.01617	0.01211	0.01703	0.01014	0.01370	0.00836	0.00498	0.00541	0.00166	0.00664	0.00485	0.00264	0.00811
40	0.01158	0.02699	0.71033	0.01561	0.02336	0.01295	0.04388	0.06087	0.01239	0.01828	0.01002	0.01171	0.00709	0.00524	0.00524	0.00172	0.00797	0.00416	0.00250	0.00811
41	0.00752	0.00555	0.00702	0.00669	0.00803	0.00505	0.00501	0.00988	0.01490	0.02069	0.65534	0.06121	0.14953	0.01166	0.00644	0.00174	0.00261	0.01022	0.00585	0.00505
42	0.01030	0.00969	0.01635	0.79530	0.03755	0.01211	0.01514	0.01393	0.01090	0.01393	0.00969	0.01453	0.00727	0.00545	0.00545	0.00182	0.00727	0.00484	0.00242	0.00606
43	0.00675	0.00490	0.00663	0.03186	0.00882	0.00466	0.00537	0.00779	0.01045	0.01392	0.02942	0.78050	0.03517	0.01672	0.00691	0.00220	0.00329	0.01517	0.00498	0.00448
44	0.01206	0.00998	0.01222	0.00930	0.03620	0.00778	0.02289	0.02824	0.01180	0.04608	0.01023	0.01174	0.00832	0.00422	0.00421	0.00090	0.00428	0.00346	0.00338	0.75270
45	0.03258	0.67479	0.02616	0.00997	0.01436	0.11930	0.00944	0.03534	0.01196	0.01367	0.00782	0.00899	0.00703	0.00484	0.00373	0.00122	0.00631	0.00304	0.00249	0.00694
46	0.03447	0.01252	0.01409	0.01142	0.01510	0.01341	0.00944	0.49535	0.02128	0.13724	0.01727	0.06373	0.01429	0.00828	0.00578	0.00179	0.00548	0.10517	0.00552	0.00837
47	0.13435	0.01011	0.01114	0.00875	0.01274	0.00932	0.00698	0.10624	0.05688	0.08260	0.01343	0.08794	0.01151	0.00615	0.00460	0.00130	0.00429	0.00492	0.00412	0.42261
48	0.01119	0.00947	0.01098	0.00817	0.01258	0.00746	0.00647	0.03370	0.03488	0.01804	0.01295	0.05927	0.03685	0.00531	0.00438	0.00098	0.00400	0.00437	0.00353	0.71541
49	0.00722	0.00617	0.00628	0.00619	0.00811	0.00556	0.00465	0.01010	0.09342	0.01557	0.05089	0.07213	0.66814	0.01322	0.00636	0.00185	0.00294	0.01105	0.00511	0.00503
50	0.01611	0.01246	0.01337	0.01089	0.01450	0.01350	0.00875	0.41202	0.20220	0.02731	0.02047	0.05888	0.09455	0.00790	0.00557	0.00168	0.00497	0.00635	0.00527	0.06326
51	0.00664	0.00474	0.00633	0.00759	0.00791	0.00443	0.00506	0.00759	0.01044	0.01392	0.03005	0.80485	0.03606	0.01708	0.00696	0.00221	0.00316	0.01550	0.00506	0.00443
52	0.01458	0.81168	0.02857	0.00933	0.01399	0.02157	0.00933	0.01632	0.01108	0.01283	0.00758	0.00875	0.00700	0.00466	0.00350	0.00117	0.00583	0.00292	0.00233	0.00700
53	0.04427	0.66126	0.06251	0.01006	0.01464	0.10325	0.00986	0.01695	0.01151	0.01350	0.00778	0.00900	0.00696	0.00481	0.00373	0.00124	0.00631	0.00303	0.00242	0.00694
54	0.01271	0.01354	0.02655	0.01960	0.02420	0.01337	0.54952	0.01901	0.15335	0.01805	0.01358	0.01738	0.01069	0.03509	0.00743	0.00200	0.03231	0.02094	0.00333	0.00735
55	0.01458	0.81168	0.02857	0.00933	0.01399	0.02157	0.00933	0.01632	0.01108	0.01283	0.00758	0.00875	0.00700	0.00466	0.00350	0.00117	0.00583	0.00292	0.00233	0.00700
56	0.00949	0.00597	0.00783	0.00714	0.00875	0.00544	0.00543	0.01199	0.01539	0.10322	0.67634	0.03857	0.06180	0.01072	0.00633	0.00171	0.00280	0.00942	0.00606	0.00558
57	0.01374	0.01510	0.09451	0.02054	0.04140	0.01337	0.53967	0.01793	0.01261	0.08961	0.01157	0.01453	0.00856	0.00528	0.00719	0.00186	0.07601	0.00596	0.00306	0.00751
58	0.00742	0.00634	0.00647	0.00633	0.00830	0.00582	0.00477	0.01069	0.11464	0.01581	0.05011	0.06673	0.65122	0.01302	0.00633	0.00185	0.00298	0.01088	0.00513	0.00515
59	0.02305	0.00973	0.01273	0.00989	0.01396	0.00887	0.00812	0.08195	0.05353	0.65719	0.04725	0.01901	0.01466	0.00692	0.00552	0.00169	0.00465	0.00563	0.00656	0.00910
60	0.00715	0.00516	0.00667	0.00770	0.00822	0.00489	0.00522	0.03517	0.01107	0.01470	0.03031	0.74925	0.06094	0.01658	0.00688	0.00218	0.00325	0.01497	0.00508	0.00461
61	0.01347	0.01301	0.02244	0.03314	0.75156	0.01298	0.03932	0.01675	0.01243	0.01780	0.01028	0.01353	0.00862	0.00485	0.00543	0.00163	0.00656	0.00491	0.00270	0.00860
62	0.00664	0.00474	0.00633	0.00759	0.00791	0.00443	0.00506	0.00759	0.01044	0.01392	0.03005	0.80485	0.03606	0.01708	0.00696	0.00221	0.00316	0.01550	0.00506	0.00443
63	0.02072	0.01527	0.01636	0.01254	0.01691	0.01691	0.01036	0.75622	0.02563	0.03436	0.01309	0.01309	0.00927	0.00654	0.00545	0.00164	0.00600	0.00491	0.00545	0.00927
64	0.01436	0.73647	0.08957	0.00990	0.01482	0.03197	0.01023	0.01648	0.01118	0.01320	0.00777	0.00899	0.00699	0.00472	0.00366	0.00122	0.00607	0.00301	0.00234	0.00707
65	0.01353	0.58710	0.24400	0.01111	0.01675	0.01902	0.01243	0.01659	0.01120	0.01410	0.00821	0.00954	0.00697	0.00481	0.00398	0.00133	0.00647	0.00323	0.00232	0.00730
66	0.00677	0.00485	0.00641	0.00752	0.00788	0.00460	0.00503	0.00772	0.01025	0.01368	0.02900	0.70711	0.04782	0.06340	0.04766	0.00271	0.00386	0.01450	0.00485	0.00439
67	0.01461	0.01641	0.01609	0.01409	0.01504	0.27039	0.01134	0.01589	0.01070	0.01318	0.00776	0.01147	0.00727	0.00902	0.03261	0.00222	0.51892	0.00438	0.00254	0.00605
68	0.00664	0.00474	0.00633	0.00759	0.00791	0.00443	0.00506	0.00759	0.01044	0.01392	0.03005	0.80485	0.03606	0.01708	0.00696	0.00221	0.00316	0.01550	0.00506	0.00443
69	0.02037	0.02598	0.01545	0.01404	0.01685	0.78652	0.01053	0.02177	0.01545	0.01334	0.00843	0.00983	0.00702	0.00562	0.00492	0.00140	0.00983	0.00351	0.00281	0.00632
70	0.01093	0.02820	0.78016	0.01554	0.02360	0.01266	0.02014	0.01727	0.01151	0.01727	0.00978	0.01151	0.00691	0.00518	0.00518	0.00173	0.00806	0.00403	0.00230	0.00806
71	0.00672	0.00553	0.00591	0.00581	0.00753	0.00472	0.00436	0.00836	0.01308	0.01628	0.21130	0.04991	0.61515	0.01323	0.00644	0.00181	0.00272	0.01115	0.00527	0.00472
72	0.01340	0.59222	0.19892	0.01072	0.01597	0.01879	0.01167	0.01621	0.01106	0.01383	0.00844	0.01002	0.00731	0.00662	0.04358	0.00168	0.00678	0.00332	0.00236	0.00713
73	0.01295	0.00777	0.00805	0.00705	0.00913	0.00820	0.00554	0.20867	0.01518	0.02402	0.01655	0.01842	0.01273	0.00640	0.00424	0.00137	0.00345	0.00504	0.61906	0.00619
74	0.00772	0.00557	0.00729	0.00686	0.00814	0.00514	0.00514	0.01029	0.01543	0.02186	0.77152	0.04072	0.05144	0.01115	0.00643	0.00171	0.00257	0.00986	0.00600	0.00514
75	0.05377	0.01081	0.01666	0.55271	0.03115	0.03617	0.07341	0.05676	0.01203	0.01627	0.03668	0.01497	0.00906	0.00580	0.00587	0.00180	0.03616	0.00502	0.01860	0.00629
76	0.00664	0.00474	0.00633	0.00759	0.00791	0.00443	0.00506	0.00759	0.01044	0.01392	0.03005	0.80485	0.03606	0.01708	0.00696	0.00221	0.00316	0.01550	0.00506	0.00443
77	0.00663	0.00479	0.00628	0.00748	0.00788	0.00444	0.00501	0.00760	0.01054	0.01396	0.03140	0.76459	0.07545	0.01690	0.00693	0.00219	0.00314	0.01528	0.00506	0.00444
78	0.00767	0.00555	0.00723	0.00685	0.00813	0.00512	0.00512	0.01019	0.01527	0.02156	0.74259	0.05682	0.06474	0.01132	0.00644	0.00173	0.00259	0.01001	0.00596	0.00512
79	0.02034	0.10836	0.01715	0.01171	0.01604	0.01600	0.00988	0.55169	0.02226	0.13834	0.01391	0.01416	0.00997	0.00649	0.00526	0.00160	0.00577	0.01688	0.00526	0.00893
80	0.02362	0.00957	0.01270	0.00985	0.01400	0.00858	0.00810	0.04136	0.06818	0.71043	0.02139	0.01857	0.01363	0.00679	0.00549	0.00170	0.00464	0.00552	0.00664	0.00923
81	0.01890	0.02354	0.01567	0.01409	0.01641	0.65280	0.01078	0.02027	0.01422	0.01330	0.00821	0.01020	0.00705	0.00630	0.00717	0.00157	0.14681	0.00373	0.00274	0.00626
82	0.01249	0.01383	0.02918	0.14501	0.06713	0.01348	0.60144	0.01687	0.01254	0.01692	0.01078	0.01462	0.00813	0.00474	0.00623	0.00182	0.00875	0.00611	0.00270	0.00721
83	0.01093	0.02820	0.78016	0.01554	0.02360	0.01266	0.02014	0.01727	0.01151	0.01727	0.00978	0.01151	0.00691	0.00518	0.00518	0.00173	0.00806	0.00403	0.00230	0.00806
84	0.00950	0.00475	0.00701	0.00701	0.00707	0.00475	0.00469	0.00734	0.00729	0.00994	0.00983	0.01673	0.00966	0.01840	0.02055	0.80506	0.00464	0.00475	0.03853	0.00248
85	0.48801	0.03560	0.00935	0.00795	0.01076	0.09408	0.00635	0.02727	0.01190	0.02220	0.20230	0.01803	0.03402	0.00686	0.00442	0.00165	0.00445	0.00498	0.00402	0.00582
86	0.00743	0.00531	0.00681	0.00774	0.00825	0.00511	0.00522	0.04555	0.01106	0.01475	0.02842	0.71863	0.03373	0.06397	0.00813	0.00237	0.00343	0.01451	0.00498	0.00461
87	0.00830	0.00585	0.00826	0.00869	0.00966	0.00579	0.02651	0.00994	0.01096	0.03801	0.05635	0.30907	0.04264	0.10000	0.13184	0.00358	0.00586	0.20933	0.00456	0.00481
88	0.82116	0.01109	0.03180	0.00743	0.01095	0.01224	0.00634	0.01606	0.00935	0.02424	0.00766	0.00894	0.00594	0.00506	0.00343	0.00169	0.00434	0.00299	0.00334	0.00597
89	0.01030	0.00969	0.01635	0.79530	0.03755	0.01211	0.01514	0.01393	0.01090	0.01393	0.00969	0.01453	0.00727	0.00545	0.00545	0.00182	0.00727	0.00484	0.00242	0.00606
90	0.04349	0.16925	0.59363	0.01397	0.02110	0.01429	0.01733	0.01736	0.03170	0.01688	0.00964	0.01115	0.00715	0.00514	0.00482	0.00163	0.00741	0.00384	0.00244	0.00780
91	0.01127	0.00969	0.01146	0.03218	0.01367	0.00742	0.00673	0.01373	0.01129	0.01765	0.00969	0.01140	0.00805	0.00408	0.00408	0.00084	0.00414	0.00328	0.00321	0.81615
92	0.00758	0.00546	0.00699	0.00781	0.00847	0.00525	0.00538	0.05376	0.01176	0.01574	0.08105	0.68916	0.04908	0.01596	0.00682	0.00214	0.00329	0.01438	0.00515	0.00478
93	0.01114	0.07224	0.73791	0.01519	0.02306	0.01316	0.01953	0.01721	0.01149	0.01702	0.00966	0.01135	0.00691	0.00515	0.00509	0.00170	0.00793	0.00397	0.00230	0.00800
94	0.00661	0.00555	0.00575	0.00576	0.00754	0.00469	0.00436	0.00812	0.01266	0.01532	0.10886	0.05185	0.69521	0.01364	0.00647	0.00185	0.00281	0.03316	0.00513	0.00466
95	0.00772	0.00598	0.00902	0.00879	0.00961	0.00587	0.07631	0.00891	0.00979	0.01322	0.02281	0.42424	0.02616	0.22359	0.11832	0.00386	0.00584	0.01137	0.00410	0.00448
96	0.01030	0.00969	0.01635	0.79530	0.03755	0.01211	0.01514	0.01393	0.01090	0.01393	0.00969	0.01453	0.00727	0.00545	0.00545	0.00182	0.00727	0.00484	0.00242	0.00606
97	0.00676	0.00491	0.00666	0.03367	0.00889	0.00468	0.00539	0.00780	0.01045	0.01392	0.02937	0.77868	0.03510	0.01669	0.00691	0.00220	0.00330	0.01515	0.00497	0.00448
98	0.02362	0.01018	0.01316	0.01013	0.01434	0.00941	0.00836	0.12770	0.03885	0.65311	0.02036	0.01785	0.01300	0.00674	0.00548	0.00168	0.00482	0.00542	0.00653	0.00926
99	0.04351	0.01049	0.05056	0.00998	0.01406	0.00910	0.00851	0.03866	0.11604	0.56188	0.04876	0.01955	0.02936	0.00701	0.00547	0.00171	0.00467	0.00570	0.00619	0.00880
100	0.82182	0.01038	0.00792	0.00711	0.01042	0.01202	0.00584	0.01593	0.00934	0.02434	0.00790	0.00920	0.00615	0.00510	0.00339	0.00167	0.00417	0.00302	0.02843	0.00588
101	0.00663	0.00479	0.00628	0.00746	0.00787	0.00444	0.00500	0.00761	0.01056	0.01397	0.03162	0.75798	0.08191	0.01688	0.00693	0.00219	0.00314	0.01525	0.00506	0.00444
102	0.00947	0.00473	0.00710	0.00710	0.00710	0.00473	0.00473	0.00710	0.00710	0.00947	0.00947	0.01657	0.00947	0.01894	0.02131	0.84138	0.00473	0.00473	0.00237	0.00237
103	0.00780	0.00578	0.00846	0.00846	0.00933	0.00665	0.00644	0.00954	0.00867	0.01243	0.01488	0.02295	0.01430	0.12360	0.70500	0.00839	0.01360	0.00607	0.00296	0.00470
104	0.01275	0.01067	0.01169	0.01091	0.01365	0.01213	0.00870	0.04328	0.59046	0.02175	0.02335	0.02869	0.01951	0.00896	0.00596	0.00198	0.00450	0.15772	0.00544	0.00790
105	0.11504	0.02600	0.68400	0.01450	0.02197	0.01261	0.01837	0.01711	0.01123	0.01816	0.00951	0.01118	0.00678	0.00516	0.00495	0.00172	0.00758	0.00389	0.00244	0.00779
106	0.01030	0.00969	0.01635	0.79530	0.03755	0.01211	0.01514	0.01393	0.01090	0.01393	0.00969	0.01453	0.00727	0.00545	0.00545	0.00182	0.00727	0.00484	0.00242	0.00606
107	0.01030	0.00969	0.01635	0.79530	0.03755	0.01211	0.01514	0.01393	0.01090	0.01393	0.00969	0.01453	0.00727	0.00545	0.00545	0.00182	0.00727	0.00484	0.00242	0.00606
108	0.01606	0.65085	0.02539	0.00954	0.01400	0.04749	0.00913	0.01785	0.01184	0.12221	0.00975	0.01046	0.00807	0.00577	0.02058	0.00141	0.00599	0.00337	0.00299	0.00725
109	0.00671	0.00488	0.00650	0.02386	0.00850	0.00460	0.00523	0.00773	0.01054	0.01395	0.03079	0.75375	0.06939	0.01669	0.00690	0.00219	0.00323	0.01509	0.00501	0.00447
110	0.00727	0.00601	0.00646	0.00654	0.00822	0.00550	0.00486	0.01002	0.08401	0.01582	0.08916	0.16183	0.53261	0.01356	0.00646	0.00190	0.00301	0.02658	0.00516	0.00500
111	0.01368	0.01147	0.01224	0.01098	0.01401	0.01308	0.00866	0.09639	0.61740	0.02319	0.02288	0.02355	0.04197	0.00806	0.00570	0.00187	0.00447	0.05661	0.00549	0.00831
112	0.02170	0.01227	0.01433	0.01114	0.01532	0.01264	0.00915	0.36278	0.09163	0.36365	0.01770	0.01621	0.01185	0.00672	0.00548	0.00168	0.00523	0.00528	0.00604	0.00921
113	0.00676	0.00483	0.00647	0.00773	0.00810	0.00453	0.00527	0.00780	0.01056	0.01405	0.02998	0.76241	0.03579	0.01696	0.00699	0.00223	0.00327	0.05673	0.00506	0.00446
114	0.00871	0.00733	0.01191	0.01071	0.01205	0.00841	0.08775	0.01082	0.00914	0.01315	0.01363	0.02028	0.01266	0.05766	0.61042	0.00734	0.08412	0.00587	0.00287	0.00519
115	0.01107	0.00923	0.01003	0.00951	0.01184	0.01011	0.00731	0.04183	0.43886	0.01984	0.02945	0.15912	0.15340	0.01058	0.00606	0.00194	0.00394	0.05351	0.00535	0.00702
116	0.00680	0.00486	0.00650	0.00771	0.00811	0.00456	0.00528	0.00788	0.01071	0.01429	0.05222	0.73949	0.03625	0.01679	0.00698	0.00222	0.00325	0.05656	0.00509	0.00448
117	0.00689	0.00487	0.00636	0.00746	0.00777	0.00461	0.00496	0.00777	0.01018	0.01356	0.02830	0.67675	0.03374	0.12192	0.00973	0.00263	0.00351	0.03987	0.00483	0.00430
118	0.01030	0.00969	0.01635	0.79530	0.03755	0.01211	0.01514	0.01393	0.01090	0.01393	0.00969	0.01453	0.00727	0.00545	0.00545	0.00182	0.00727	0.00484	0.00242	0.00606
119	0.02387	0.01022	0.01324	0.01015	0.01439	0.00941	0.00838	0.14137	0.01718	0.66115	0.02018	0.01770	0.01283	0.00672	0.00548	0.00168	0.00485	0.00539	0.00654	0.00928
120	0.00805	0.00566	0.00731	0.00685	0.00824	0.00518	0.00515	0.01054	0.01525	0.04011	0.70825	0.04091	0.09552	0.01120	0.00641	0.00172	0.00263	0.00985	0.00596	0.00521
121	0.00862	0.00575	0.00755	0.00705	0.00846	0.00528	0.00530	0.01110	0.01526	0.06409	0.70204	0.06762	0.04874	0.01112	0.00640	0.00173	0.00271	0.00982	0.00601	0.00535
122	0.00668	0.00479	0.00635	0.00759	0.00796	0.00447	0.00511	0.00767	0.01053	0.01398	0.03065	0.77189	0.05416	0.01696	0.00696	0.00221	0.00319	0.02935	0.00506	0.00444
123	0.01458	0.81168	0.02857	0.00933	0.01399	0.02157	0.00933	0.01632	0.01108	0.01283	0.00758	0.00875	0.00700	0.00466	0.00350	0.00117	0.00583	0.00292	0.00233	0.00700
124	0.01267	0.05571	0.08791	0.02045	0.02606	0.01354	0.59681	0.01707	0.01254	0.01724	0.01065	0.01387	0.00809	0.00460	0.00599	0.00171	0.00850	0.00580	0.00274	0.07806
125	0.68333	0.10366	0.05025	0.00833	0.01215	0.01337	0.02994	0.01617	0.00971	0.02254	0.00781	0.00916	0.00615	0.00501	0.00357	0.00163	0.00475	0.00311	0.00318	0.00618
126	0.00679	0.00484	0.00642	0.00751	0.00787	0.00458	0.00502	0.00778	0.01044	0.01400	0.05716	0.71013	0.03508	0.06022	0.03208	0.00256	0.00361	0.01458	0.00494	0.00441
127	0.01248	0.34428	0.44833	0.01331	0.01990	0.01630	0.04340	0.01689	0.01139	0.01548	0.00894	0.01051	0.00699	0.00495	0.00455	0.00150	0.00720	0.00367	0.00233	0.00760
128	0.05605	0.11029	0.02816	0.00923	0.01366	0.01013	0.00786	0.02078	0.06444	0.34439	0.01526	0.01461	0.01073	0.00558	0.00468	0.00136	0.00462	0.00436	0.00478	0.26902
129	0.07856	0.75009	0.02699	0.00916	0.01373	0.02085	0.00907	0.01630	0.01094	0.01372	0.00758	0.00875	0.00691	0.00469	0.00349	0.00121	0.00571	0.00292	0.00241	0.00691
130	0.00671	0.00488	0.00623	0.00724	0.00774	0.00451	0.00486	0.00769	0.01062	0.01398	0.04733	0.65899	0.11994	0.06176	0.00808	0.00234	0.00323	0.01449	0.00498	0.00440
131	0.00831	0.00597	0.00800	0.00768	0.00919	0.00549	0.02583	0.01059	0.01411	0.04582	0.45322	0.10484	0.15694	0.01223	0.00659	0.00188	0.00323	0.10928	0.00559	0.00519
132	0.06725	0.00986	0.01219	0.00972	0.01330	0.00965	0.00793	0.17380	0.01675	0.42703	0.11060	0.01982	0.01686	0.00987	0.06778	0.00224	0.00544	0.00579	0.00589	0.00822
133	0.01359	0.61950	0.18910	0.01059	0.01588	0.01917	0.01152	0.01635	0.01130	0.01405	0.03096	0.01030	0.00831	0.00497	0.00395	0.00130	0.00621	0.00336	0.00244	0.00717
134	0.00653	0.00553	0.00565	0.00562	0.00742	0.00464	0.00421	0.00800	0.01264	0.01523	0.10617	0.05163	0.72093	0.01362	0.00644	0.00183	0.00275	0.01139	0.00513	0.00464
135	0.01209	0.01430	0.07092	0.10483	0.02791	0.01296	0.58702	0.01646	0.01243	0.01685	0.01200	0.06363	0.00981	0.00550	0.00629	0.00185	0.00855	0.00669	0.00284	0.00707
136	0.09351	0.01458	0.06264	0.11682	0.38038	0.07485	0.08274	0.07704	0.01324	0.01891	0.01006	0.01285	0.00800	0.00514	0.00526	0.00166	0.00692	0.00467	0.00295	0.00778
137	0.00884	0.00742	0.01191	0.01058	0.01186	0.00818	0.10818	0.01068	0.00946	0.01345	0.01587	0.12513	0.01612	0.14049	0.36447	0.00557	0.09062	0.00737	0.02877	0.00504
138	0.00690	0.00505	0.00654	0.00760	0.00825	0.00469	0.00539	0.00813	0.01108	0.01452	0.05318	0.59926	0.13038	0.01626	0.00695	0.00219	0.00332	0.10071	0.00508	0.00454
139	0.01137	0.09698	0.67139	0.01541	0.02302	0.01352	0.06048	0.01719	0.01155	0.01688	0.00966	0.01144	0.00699	0.00510	0.00510	0.00168	0.00792	0.00406	0.00233	0.00792
140	0.06242	0.52426	0.08263	0.04967	0.01578	0.04803	0.01005	0.01714	0.01155	0.07522	0.00912	0.01023	0.00752	0.00494	0.00397	0.00130	0.00595	0.00335	0.00282	0.05406
141	0.00663	0.00478	0.00628	0.00748	0.00788	0.00444	0.00501	0.00760	0.01054	0.01396	0.03134	0.76619	0.07388	0.01691	0.00693	0.00219	0.00314	0.01529	0.00506	0.00444
142	0.00690	0.00534	0.00594	0.00612	0.00727	0.00476	0.00425	0.00806	0.01151	0.01453	0.11946	0.18476	0.41581	0.16818	0.01067	0.00256	0.00330	0.01136	0.00482	0.00438
143	0.01777	0.02136	0.07590	0.01663	0.11675	0.43296	0.04954	0.11408	0.05378	0.01762	0.01118	0.01253	0.02413	0.00581	0.00521	0.00154	0.00831	0.00436	0.00328	0.00727
144	0.11013	0.10480	0.03112	0.01056	0.01464	0.06714	0.00894	0.21467	0.04176	0.30293	0.01523	0.03057	0.01080	0.00640	0.00501	0.00161	0.00548	0.00482	0.00509	0.00829
145	0.84691	0.01054	0.00801	0.00717	0.01054	0.01223	0.00590	0.01603	0.00928	0.02446	0.00759	0.00886	0.00590	0.00506	0.00337	0.00169	0.00422	0.00295	0.00337	0.00590
146	0.00681	0.00485	0.00639	0.00743	0.00782	0.00454	0.00497	0.00785	0.01074	0.01443	0.09512	0.69312	0.03650	0.06173	0.00810	0.00235	0.00323	0.01457	0.00504	0.00443
147	0.02791	0.00981	0.01650	0.76291	0.03680	0.01215	0.03011	0.01405	0.01091	0.01422	0.00967	0.01442	0.00726	0.00542	0.00543	0.00181	0.00724	0.00484	0.00245	0.00608
148	0.01319	0.01424	0.05187	0.09700	0.07968	0.01324	0.57257	0.01753	0.01274	0.05569	0.01134	0.01470	0.00842	0.00482	0.00618	0.00181	0.00855	0.00605	0.00291	0.00744
149	0.02706	0.00983	0.01640	0.75156	0.06415	0.01215	0.01502	0.01407	0.01092	0.01428	0.00967	0.01438	0.00729	0.00542	0.00541	0.00181	0.00718	0.00481	0.00245	0.00615
150	0.00673	0.00489	0.00626	0.00732	0.00781	0.00453	0.00494	0.00771	0.01058	0.01389	0.03227	0.66321	0.12012	0.05732	0.00798	0.00233	0.00326	0.02946	0.00497	0.00440
151	0.00650	0.00548	0.00563	0.00569	0.00742	0.00461	0.00423	0.00789	0.01240	0.01491	0.07677	0.09895	0.70307	0.01393	0.00647	0.00186	0.00278	0.01170	0.00509	0.00461
152	0.01773	0.01361	0.01464	0.01245	0.03416	0.05598	0.00986	0.40272	0.15726	0.07715	0.01634	0.04235	0.01306	0.00770	0.00627	0.00178	0.04582	0.05763	0.00515	0.00836
153	0.00664	0.00474	0.00633	0.00759	0.00791	0.00443	0.00506	0.00759	0.01044	0.01392	0.03005	0.80485	0.03606	0.01708	0.00696	0.00221	0.00316	0.01550	0.00506	0.00443
154	0.00695	0.00570	0.00616	0.00617	0.00786	0.00501	0.00464	0.00896	0.03591	0.01610	0.16403	0.09150	0.57084	0.01342	0.00648	0.00186	0.00288	0.03549	0.00522	0.00482
155	0.01349	0.01295	0.02213	0.03346	0.77440	0.01295	0.01673	0.01673	0.01241	0.01781	0.01025	0.01349	0.00864	0.00486	0.00540	0.00162	0.00648	0.00486	0.00270	0.00864
156	0.01093	0.02820	0.78016	0.01554	0.02360	0.01266	0.02014	0.01727	0.01151	0.01727	0.00978	0.01151	0.00691	0.00518	0.00518	0.00173	0.00806	0.00403	0.00230	0.00806
157	0.00663	0.00479	0.00628	0.00747	0.00788	0.00444	0.00501	0.00760	0.01055	0.01396	0.03149	0.76190	0.07808	0.01689	0.00693	0.00219	0.00314	0.01527	0.00506	0.00444
158	0.02006	0.02548	0.01548	0.03806	0.01749	0.76271	0.01068	0.02153	0.01531	0.01336	0.00847	0.00998	0.00703	0.00561	0.00493	0.00142	0.00975	0.00355	0.00280	0.00631
159	0.01020	0.00947	0.01592	0.75995	0.03620	0.01178	0.01468	0.01363	0.01080	0.01382	0.01009	0.03047	0.00790	0.00602	0.00587	0.02262	0.00712	0.00506	0.00247	0.00593
160	0.01097	0.02792	0.76482	0.01569	0.02370	0.01268	0.03521	0.01727	0.01154	0.01727	0.00981	0.01158	0.00693	0.00517	0.00521	0.00173	0.00808	0.00408	0.00231	0.00804
161	0.01121	0.08750	0.72327	0.01507	0.02287	0.01334	0.01932	0.01719	0.01148	0.01693	0.00962	0.01130	0.00691	0.00514	0.00505	0.00168	0.00789	0.00394	0.00230	0.00798
162	0.01250	0.01015	0.01178	0.00850	0.01329	0.00811	0.00684	0.07725	0.01265	0.04198	0.01033	0.01167	0.00834	0.00433	0.00420	0.00090	0.00422	0.00344	0.00352	0.74597
163	0.02244	0.01086	0.01343	0.01048	0.01460	0.01057	0.00859	0.18610	0.10075	0.53214	0.01975	0.01756	0.01292	0.00678	0.00548	0.00169	0.00490	0.00543	0.00633	0.00920
164	0.84691	0.01054	0.00801	0.00717	0.01054	0.01223	0.00590	0.01603	0.00928	0.02446	0.00759	0.00886	0.00590	0.00506	0.00337	0.00169	0.00422	0.00295	0.00337	0.00590
165	0.00800	0.00540	0.00675	0.00724	0.00805	0.00510	0.00501	0.03169	0.01154	0.03441	0.11123	0.47971	0.10332	0.07090	0.00853	0.03004	0.00335	0.01244	0.05259	0.00468
166	0.84691	0.01054	0.00801	0.00717	0.01054	0.01223	0.00590	0.01603	0.00928	0.02446	0.00759	0.00886	0.00590	0.00506	0.00337	0.00169	0.00422	0.00295	0.00337	0.00590
167	0.71537	0.01056	0.00966	0.09827	0.01411	0.01234	0.02282	0.01575	0.00952	0.02286	0.00790	0.00970	0.00614	0.00519	0.00399	0.00172	0.02164	0.00328	0.00323	0.00595
168	0.01116	0.00961	0.01156	0.00838	0.01306	0.00730	0.02239	0.01358	0.01131	0.01761	0.01048	0.04123	0.00913	0.00454	0.00420	0.00088	0.00411	0.00376	0.00329	0.79241
169	0.10517	0.01582	0.01597	0.01336	0.01629	0.25107	0.13154	0.13974	0.01465	0.01881	0.01340	0.15631	0.01279	0.00791	0.00637	0.00176	0.06235	0.00644	0.00368	0.00657
170	0.01636	0.01010	0.01114	0.00916	0.01217	0.01066	0.00736	0.29175	0.08544	0.13714	0.05519	0.01842	0.01430	0.00682	0.00495	0.00154	0.00429	0.00542	0.29021	0.00757
171	0.01117	0.07822	0.73217	0.01514	0.02298	0.01323	0.01945	0.01721	0.01148	0.01698	0.00964	0.01133	0.00691	0.00515	0.00507	0.00169	0.00791	0.00396	0.00230	0.00799
172	0.01165	0.01036	0.01580	0.45857	0.02768	0.01224	0.02706	0.03710	0.01115	0.04322	0.00978	0.01365	0.00768	0.00606	0.00757	0.00175	0.15416	0.00463	0.00280	0.13707
173	0.00806	0.00621	0.00916	0.00901	0.00988	0.00739	0.00701	0.00988	0.00870	0.01261	0.01422	0.02135	0.01345	0.06776	0.70916	0.00822	0.06430	0.00585	0.00290	0.00488
174	0.00716	0.00545	0.00660	0.00666	0.00797	0.00489	0.00494	0.00907	0.01352	0.01801	0.38708	0.17083	0.28496	0.01314	0.00656	0.00187	0.00282	0.03813	0.00550	0.00484
175	0.00682	0.00511	0.00639	0.00733	0.00813	0.00467	0.00523	0.00805	0.01117	0.01438	0.03630	0.53421	0.22196	0.01603	0.00689	0.00215	0.00326	0.09231	0.00506	0.00454
176	0.01458	0.81168	0.02857	0.00933	0.01399	0.02157	0.00933	0.01632	0.01108	0.01283	0.00758	0.00875	0.00700	0.00466	0.00350	0.00117	0.00583	0.00292	0.00233	0.00700
177	0.01838	0.01271	0.01390	0.01094	0.01439	0.01377	0.00871	0.54143	0.02114	0.09031	0.01463	0.01822	0.01180	0.17272	0.01008	0.00240	0.00574	0.00558	0.00511	0.00804
178	0.01051	0.00991	0.01674	0.74377	0.08739	0.01217	0.01525	0.01412	0.01100	0.01419	0.00973	0.01446	0.00736	0.00541	0.00545	0.00180	0.00721	0.00485	0.00244	0.00623
179	0.84691	0.01054	0.00801	0.00717	0.01054	0.01223	0.00590	0.01603	0.00928	0.02446	0.00759	0.00886	0.00590	0.00506	0.00337	0.00169	0.00422	0.00295	0.00337	0.00590
180	0.02274	0.00945	0.01249	0.00971	0.01370	0.00851	0.00797	0.06855	0.03911	0.65827	0.07349	0.01984	0.01600	0.00706	0.00555	0.00169	0.00456	0.00578	0.00658	0.00897
181	0.00671	0.00485	0.00636	0.00743	0.00790	0.00449	0.00502	0.00781	0.01091	0.01456	0.08724	0.70966	0.07394	0.01647	0.00689	0.00216	0.00310	0.01487	0.00513	0.00449
182	0.00772	0.00557	0.00729	0.00686	0.00814	0.00514	0.00514	0.01029	0.01543	0.02186	0.77152	0.04072	0.05144	0.01115	0.00643	0.00171	0.00257	0.00986	0.00600	0.00514
183	0.02655	0.02511	0.65284	0.01527	0.02248	0.01211	0.07054	0.01656	0.01158	0.01732	0.02653	0.05757	0.00956	0.00594	0.00536	0.00176	0.00767	0.00495	0.00259	0.00770
184	0.01030	0.00969	0.01635	0.79530	0.03755	0.01211	0.01514	0.01393	0.01090	0.01393	0.00969	0.01453	0.00727	0.00545	0.00545	0.00182	0.00727	0.00484	0.00242	0.00606
185	0.01141	0.01097	0.01987	0.55426	0.11102	0.01243	0.15539	0.01515	0.01153	0.03087	0.01025	0.01454	0.00773	0.00525	0.00563	0.00180	0.00750	0.00516	0.00260	0.00663
186	0.04924	0.01130	0.01292	0.01018	0.01422	0.09231	0.00829	0.04806	0.01570	0.64976	0.01941	0.01715	0.01243	0.00657	0.00536	0.00165	0.00523	0.00517	0.00618	0.00886
187	0.00747	0.00556	0.00695	0.00660	0.00799	0.00504	0.00495	0.00981	0.01485	0.02048	0.63323	0.04299	0.19058	0.01166	0.00643	0.00174	0.00261	0.01018	0.00582	0.00504
188	0.00852	0.00578	0.00738	0.00686	0.00838	0.00524	0.00519	0.01093	0.01509	0.06419	0.64400	0.04085	0.13450	0.01121	0.00638	0.00173	0.00271	0.00980	0.00593	0.00532
189	0.01538	0.01221	0.01643	0.01289	0.01617	0.01327	0.14210	0.34770	0.04078	0.02489	0.01425	0.05987	0.01163	0.01958	0.02136	0.00191	0.07856	0.00590	0.13763	0.00749
190	0.01084	0.01025	0.01734	0.66466	0.16391	0.01226	0.01541	0.01441	0.01116	0.01459	0.00979	0.01436	0.00750	0.00535	0.00544	0.00178	0.00713	0.00485	0.00247	0.00650
191	0.01093	0.02820	0.78016	0.01554	0.02360	0.01266	0.02014	0.01727	0.01151	0.01727	0.00978	0.01151	0.00691	0.00518	0.00518	0.00173	0.00806	0.00403	0.00230	0.00806
192	0.01030	0.00969	0.01635	0.79530	0.03755	0.01211	0.01514	0.01393	0.01090	0.01393	0.00969	0.01453	0.00727	0.00545	0.00545	0.00182	0.00727	0.00484	0.00242	0.00606
193	0.00680	0.00496	0.00664	0.00780	0.00810	0.00480	0.00527	0.00776	0.01037	0.01389	0.02935	0.78057	0.03517	0.01685	0.00729	0.00222	0.02751	0.01517	0.00498	0.00448
194	0.01163	0.00906	0.00959	0.00831	0.01096	0.00919	0.00653	0.25770	0.05794	0.02187	0.05999	0.07782	0.41563	0.01114	0.00609	0.00179	0.00394	0.00919	0.00525	0.00638
195	0.00664	0.00486	0.00624	0.00732	0.00784	0.00446	0.00495	0.00767	0.01079	0.01418	0.04813	0.69442	0.12938	0.01655	0.00688	0.00216	0.00310	0.01488	0.00508	0.00446
196	0.46365	0.01169	0.01098	0.00903	0.01269	0.01301	0.00743	0.25677	0.01525	0.09436	0.01113	0.01167	0.00808	0.00576	0.00426	0.00165	0.00475	0.00392	0.04668	0.00725
197	0.01198	0.01209	0.01758	0.01481	0.01512	0.01653	0.05432	0.01337	0.00861	0.01337	0.00738	0.01209	0.00722	0.00926	0.01724	0.00235	0.75337	0.00487	0.00241	0.00604
198	0.01016	0.00508	0.00508	0.00508	0.00635	0.00508	0.00381	0.01270	0.01143	0.02033	0.01778	0.02033	0.01397	0.00635	0.00381	0.00127	0.00254	0.00508	0.83867	0.00508
199	0.00668	0.00477	0.00636	0.00757	0.00792	0.00445	0.00506	0.00768	0.01060	0.01418	0.05459	0.77955	0.03657	0.01688	0.00694	0.00220	0.00314	0.01531	0.00509	0.00445
200	0.01009	0.00620	0.00807	0.00730	0.00904	0.00569	0.00558	0.01283	0.03077	0.12512	0.63263	0.03762	0.06657	0.01054	0.00628	0.00172	0.00290	0.00923	0.00607	0.00577
201	0.00669	0.00476	0.00631	0.00753	0.00784	0.00446	0.00500	0.00760	0.01035	0.01379	0.02957	0.77652	0.03546	0.04623	0.00772	0.00233	0.00324	0.01522	0.00500	0.00439
202	0.02036	0.01509	0.01616	0.01247	0.01677	0.01674	0.01027	0.71936	0.06308	0.03377	0.01355	0.01346	0.00964	0.00659	0.00546	0.00165	0.00591	0.00497	0.00546	0.00924
203	0.01077	0.00651	0.00779	0.00715	0.00902	0.02020	0.00550	0.01297	0.01425	0.14536	0.37662	0.05772	0.17206	0.01057	0.00601	0.00172	0.00317	0.03133	0.09557	0.00572
204	0.00664	0.00474	0.00633	0.00759	0.00791	0.00443	0.00506	0.00759	0.01044	0.01392	0.03005	0.80485	0.03606	0.01708	0.00696	0.00221	0.00316	0.01550	0.00506	0.00443
205	0.00724	0.00555	0.00663	0.00636	0.00785	0.00494	0.00477	0.00937	0.01432	0.01921	0.50574	0.04508	0.31887	0.01213	0.00643	0.00176	0.00264	0.01047	0.00565	0.00494
206	0.00921	0.08411	0.03505	0.01104	0.11340	0.00799	0.00763	0.01183	0.01419	0.01977	0.51562	0.06059	0.05447	0.00983	0.00601	0.00169	0.00366	0.02305	0.00502	0.00585
207	0.00980	0.00902	0.01499	0.68819	0.03352	0.01107	0.01377	0.01307	0.01084	0.01393	0.01246	0.12199	0.01118	0.00703	0.00566	0.00187	0.00671	0.00629	0.00278	0.00583
208	0.01305	0.00885	0.01042	0.00949	0.01226	0.00891	0.00762	0.01975	0.27454	0.15226	0.02656	0.07622	0.10754	0.00985	0.00599	0.00188	0.00424	0.15851	0.00534	0.08672
209	0.16328	0.07399	0.01561	0.01146	0.01550	0.08238	0.00948	0.48848	0.04301	0.02890	0.01160	0.01197	0.00855	0.00609	0.00491	0.00160	0.00596	0.00434	0.00464	0.00825
210	0.01462	0.01060	0.01235	0.00906	0.01374	0.00903	0.00733	0.14372	0.01433	0.11837	0.01180	0.01255	0.00898	0.00482	0.00447	0.00106	0.00445	0.00381	0.00407	0.59084
211	0.01328	0.01313	0.02214	0.07739	0.59579	0.03836	0.09565	0.01661	0.01248	0.01733	0.01093	0.01533	0.00930	0.00527	0.00557	0.00168	0.00687	0.03197	0.00278	0.00813
212	0.01353	0.58770	0.24344	0.01110	0.01674	0.01902	0.01242	0.01659	0.01120	0.01410	0.00821	0.00954	0.00697	0.00481	0.00398	0.00133	0.00647	0.00323	0.00232	0.00730
213	0.01044	0.00619	0.00797	0.00720	0.00904	0.00556	0.00551	0.01274	0.01497	0.15215	0.53328	0.05471	0.13722	0.01085	0.00628	0.00174	0.00297	0.00943	0.00599	0.00578
214	0.01339	0.01285	0.02195	0.05693	0.75170	0.01293	0.01668	0.01665	0.01237	0.01769	0.01024	0.01353	0.00859	0.00488	0.00540	0.00163	0.00650	0.00486	0.00269	0.00856
215	0.01426	0.74409	0.09341	0.00986	0.01482	0.02080	0.01026	0.01641	0.01111	0.01321	0.00777	0.00898	0.00699	0.00471	0.00364	0.00121	0.00602	0.00301	0.00233	0.00709
216	0.00817	0.00579	0.00692	0.00684	0.00841	0.00520	0.00515	0.01023	0.02734	0.06055	0.27920	0.15713	0.33413	0.01297	0.00650	0.00188	0.00302	0.04997	0.00547	0.00512
217	0.00778	0.00536	0.00660	0.00671	0.00696	0.00555	0.00424	0.00830	0.00833	0.01133	0.01774	0.10040	0.01988	0.56855	0.19405	0.00578	0.00716	0.00813	0.00337	0.00375
218	0.01753	0.05409	0.02989	0.01123	0.01476	0.06882	0.00925	0.43741	0.01990	0.07578	0.06304	0.03277	0.01342	0.04970	0.07513	0.00242	0.00665	0.00550	0.00483	0.00787
219	0.01112	0.00698	0.00855	0.00792	0.00991	0.00668	0.00604	0.01502	0.12135	0.15054	0.30067	0.14663	0.15017	0.01120	0.00624	0.00184	0.00334	0.02389	0.00576	0.00617
220	0.00669	0.00478	0.00637	0.00758	0.00790	0.00449	0.00506	0.00764	0.01035	0.01382	0.02947	0.77309	0.03527	0.03380	0.02330	0.00241	0.00344	0.01515	0.00498	0.00441
221	0.01340	0.01282	0.02186	0.03299	0.75906	0.01282	0.01657	0.01662	0.01242	0.01778	0.01063	0.01446	0.00909	0.00506	0.00544	0.00164	0.00645	0.01959	0.00275	0.00856
222	0.01446	0.78760	0.05167	0.00952	0.01429	0.02130	0.00966	0.01635	0.01109	0.01296	0.00765	0.00883	0.00699	0.00468	0.00355	0.00118	0.00590	0.00295	0.00233	0.00703
