[name]
unknown

[dist]
# distance from previous block
# <min> <max>
31	98

[block]
# block no. 0 follows, 47 sequences, length 25
# corresponding to MSA columns:
# 146-170
name=unknown_A
#
# <colnr> <probs for GDERKNQSTAVLIFYWHMCP>
#	G	D	E	R	K	N	Q	S	T	A	V	L	I	F	Y	W	H	M	C	P
0	0.04182	0.01647	0.18417	0.04682	0.10775	0.10762	0.04974	0.16833	0.06023	0.07300	0.03791	0.04682	0.01089	0.00608	0.00514	0.00160	0.00637	0.00501	0.00369	0.02054
1	0.01266	0.01226	0.01534	0.08954	0.03525	0.11642	0.14043	0.07240	0.07348	0.03202	0.01517	0.06488	0.06813	0.00632	0.00528	0.00146	0.01588	0.00556	0.00350	0.21401
2	0.07224	0.04943	0.01207	0.01006	0.02873	0.05861	0.02978	0.06707	0.14329	0.07943	0.24584	0.05604	0.03443	0.00819	0.00645	0.00169	0.07900	0.00661	0.00461	0.00643
3	0.01379	0.01235	0.01938	0.17204	0.43883	0.01309	0.05178	0.17919	0.01436	0.01975	0.01032	0.01305	0.00812	0.00508	0.00523	0.00160	0.00636	0.00472	0.00310	0.00786
4	0.01072	0.00916	0.01068	0.00779	0.01223	0.00704	0.00619	0.01337	0.03388	0.01700	0.01024	0.03661	0.00881	0.00435	0.00399	0.00084	0.00384	0.00354	0.00321	0.79652
5	0.01533	0.00938	0.01085	0.00895	0.01143	0.00975	0.00684	0.26739	0.04785	0.18817	0.03857	0.02210	0.01469	0.27048	0.05234	0.00306	0.00548	0.00598	0.00471	0.00666
6	0.01213	0.00906	0.01188	0.18152	0.01745	0.00797	0.00814	0.01461	0.01124	0.11855	0.01133	0.03598	0.00902	0.00486	0.00442	0.00113	0.00458	0.00405	0.00342	0.52866
7	0.02029	0.00915	0.01298	0.18264	0.01831	0.00880	0.00921	0.04831	0.01426	0.59324	0.01781	0.01671	0.01146	0.00617	0.00523	0.00164	0.00502	0.00509	0.00550	0.00819
8	0.19421	0.02326	0.61952	0.01310	0.01982	0.01200	0.01628	0.01623	0.01053	0.01799	0.00889	0.01044	0.00639	0.00492	0.00457	0.00164	0.00690	0.00362	0.00242	0.00725
9	0.01021	0.18316	0.01177	0.00731	0.00948	0.00854	0.00601	0.01235	0.01353	0.09028	0.48339	0.06745	0.05841	0.00925	0.00547	0.00155	0.00335	0.00789	0.00497	0.00562
10	0.01755	0.01102	0.01266	0.01002	0.01344	0.01151	0.00815	0.40508	0.03631	0.19939	0.18221	0.01971	0.01878	0.00727	0.00539	0.00159	0.00463	0.00587	0.02151	0.00791
11	0.01017	0.00972	0.01569	0.63215	0.03103	0.01252	0.01379	0.01314	0.00988	0.01314	0.00873	0.01334	0.00692	0.00606	0.00780	0.00185	0.18138	0.00461	0.00231	0.00577
12	0.01186	0.00991	0.01072	0.00994	0.01237	0.01121	0.00758	0.06086	0.57016	0.02050	0.02239	0.19213	0.01958	0.00904	0.00559	0.00183	0.00396	0.00777	0.00519	0.00740
13	0.00648	0.00509	0.00586	0.00608	0.00734	0.00447	0.00440	0.00795	0.01203	0.01541	0.21180	0.24669	0.42104	0.01343	0.00628	0.00182	0.00270	0.01163	0.00504	0.00447
14	0.00812	0.00558	0.00764	0.00846	0.00951	0.00540	0.00686	0.01013	0.01199	0.03867	0.15154	0.25409	0.03380	0.01405	0.00682	0.00217	0.00393	0.41144	0.00501	0.00479
15	0.00978	0.07504	0.56822	0.01279	0.01866	0.01095	0.01541	0.01442	0.01074	0.01551	0.01342	0.18571	0.01267	0.00739	0.00521	0.00171	0.00654	0.00616	0.00278	0.00687
16	0.00658	0.00500	0.00610	0.00690	0.00768	0.00464	0.00476	0.00818	0.04309	0.01385	0.03440	0.58865	0.22082	0.01514	0.00647	0.00201	0.00297	0.01347	0.00485	0.00444
17	0.01727	0.01112	0.01378	0.18342	0.01887	0.01205	0.00980	0.32940	0.05344	0.20737	0.03488	0.01546	0.01105	0.00622	0.00516	0.00160	0.00534	0.00500	0.05093	0.00784
18	0.01601	0.01334	0.01538	0.04086	0.08142	0.06314	0.01039	0.36245	0.01692	0.03844	0.01056	0.01220	0.00821	0.00641	0.00760	0.00163	0.18047	0.00442	0.01823	0.09194
19	0.01086	0.00999	0.07890	0.18252	0.01726	0.00929	0.02432	0.11824	0.06045	0.04457	0.30586	0.02542	0.04971	0.00796	0.00561	0.00167	0.00468	0.01942	0.01704	0.00624
20	0.62458	0.18652	0.01218	0.00743	0.01097	0.01340	0.00646	0.01593	0.00957	0.06347	0.00799	0.00895	0.00627	0.00484	0.00336	0.00150	0.00439	0.00295	0.00319	0.00605
21	0.01522	0.01068	0.01184	0.01031	0.01349	0.01180	0.00811	0.02717	0.60944	0.18877	0.02105	0.01906	0.01524	0.00693	0.00529	0.00173	0.00419	0.00575	0.00555	0.00838
22	0.00665	0.00474	0.00622	0.00700	0.00748	0.00443	0.00474	0.00783	0.01086	0.01474	0.19200	0.59446	0.03664	0.06676	0.00782	0.00220	0.00303	0.01316	0.00492	0.00431
23	0.01740	0.01301	0.01411	0.01075	0.01489	0.01366	0.00882	0.57044	0.02092	0.02879	0.01199	0.01243	0.00880	0.00572	0.00485	0.00138	0.00518	0.00435	0.04081	0.19172
24	0.01176	0.00893	0.01009	0.00905	0.01147	0.00966	0.00704	0.04231	0.41418	0.07451	0.27883	0.02704	0.04220	0.00847	0.00563	0.00172	0.00361	0.02097	0.00550	0.00704

[dist]
# distance from previous block
# <min> <max>
4	6

[block]
# block no. 1 follows, 47 sequences, length 14
# corresponding to MSA columns:
# 179-192
name=unknown_B
#
# <colnr> <probs for GDERKNQSTAVLIFYWHMCP>
#	G	D	E	R	K	N	Q	S	T	A	V	L	I	F	Y	W	H	M	C	P
0	0.64620	0.03266	0.00988	0.00814	0.01151	0.06659	0.00668	0.13153	0.01172	0.02380	0.00812	0.00914	0.00624	0.00508	0.00363	0.00157	0.00470	0.00314	0.00347	0.00619
1	0.00946	0.00537	0.00738	0.00723	0.00757	0.00560	0.00498	0.02746	0.05619	0.01107	0.01126	0.05357	0.01108	0.04409	0.01802	0.66177	0.02133	0.00521	0.02828	0.00308
2	0.01069	0.00896	0.01054	0.00765	0.01199	0.00679	0.00607	0.01271	0.01054	0.01647	0.00924	0.01112	0.00780	0.00476	0.00490	0.05444	0.00390	0.00318	0.00303	0.79522
3	0.00688	0.00505	0.00647	0.00745	0.00795	0.00492	0.00504	0.00881	0.06783	0.01384	0.02775	0.72883	0.03255	0.04091	0.00717	0.00218	0.00317	0.01390	0.00482	0.00450
4	0.75195	0.00992	0.00820	0.00714	0.01047	0.01119	0.00589	0.01654	0.00960	0.11714	0.00888	0.00960	0.00653	0.00503	0.00347	0.00161	0.00408	0.00312	0.00362	0.00603
5	0.00804	0.00648	0.00725	0.00686	0.00859	0.00635	0.00517	0.01247	0.16757	0.01811	0.32430	0.03908	0.32135	0.03717	0.00664	0.00182	0.00295	0.00924	0.00522	0.00533
6	0.70619	0.01086	0.05176	0.00759	0.01116	0.01122	0.00664	0.01659	0.00971	0.11564	0.00898	0.00972	0.00657	0.00504	0.00356	0.00161	0.00428	0.00317	0.00356	0.00614
7	0.01094	0.00626	0.00820	0.00726	0.00914	0.00576	0.00560	0.01370	0.03945	0.18347	0.59578	0.03378	0.04038	0.00964	0.00592	0.00164	0.00293	0.00842	0.00587	0.00586
8	0.01014	0.00961	0.01617	0.69527	0.07600	0.01164	0.03301	0.01351	0.01048	0.01368	0.00925	0.01367	0.00706	0.00523	0.00553	0.00171	0.03007	0.00462	0.00236	0.03099
9	0.00757	0.00507	0.00580	0.00580	0.00584	0.00511	0.00330	0.00765	0.00761	0.01018	0.01630	0.03349	0.01868	0.78330	0.05984	0.00519	0.00543	0.00749	0.00314	0.00322
10	0.01740	0.00770	0.01028	0.00836	0.01137	0.00687	0.00671	0.02000	0.04021	0.49318	0.28782	0.02522	0.02572	0.00794	0.00556	0.00163	0.00373	0.00673	0.00616	0.00746
11	0.00975	0.00594	0.00776	0.00711	0.00872	0.00548	0.00540	0.01237	0.03587	0.13074	0.59372	0.09396	0.04187	0.01037	0.00603	0.00167	0.00283	0.00912	0.00575	0.00552
12	0.01399	0.74141	0.07782	0.00932	0.01398	0.01963	0.00956	0.01596	0.01075	0.03706	0.00780	0.00883	0.00687	0.00455	0.00351	0.00117	0.00568	0.00293	0.00236	0.00682
13	0.03892	0.06933	0.02703	0.00982	0.03088	0.00926	0.03079	0.07071	0.01326	0.28871	0.01481	0.03601	0.01139	0.00596	0.00476	0.00136	0.00462	0.04593	0.00445	0.28202

[dist]
# distance from previous block
# <min> <max>
0	1

[block]
# block no. 2 follows, 47 sequences, length 11
# corresponding to MSA columns:
# 194-204
name=unknown_C
#
# <colnr> <probs for GDERKNQSTAVLIFYWHMCP>
#	G	D	E	R	K	N	Q	S	T	A	V	L	I	F	Y	W	H	M	C	P
0	0.04434	0.21830	0.15890	0.03086	0.01798	0.01484	0.14453	0.04403	0.03681	0.08618	0.01004	0.01186	0.00783	0.00570	0.00684	0.00164	0.14504	0.00431	0.00294	0.00703
1	0.85377	0.01007	0.00765	0.00685	0.01007	0.01168	0.00564	0.01531	0.00886	0.02336	0.00725	0.00846	0.00564	0.00483	0.00322	0.00161	0.00403	0.00282	0.00322	0.00564
2	0.01546	0.01178	0.01192	0.01035	0.01347	0.08082	0.00812	0.06607	0.47664	0.16598	0.02135	0.01970	0.06061	0.00712	0.00528	0.00169	0.00464	0.00578	0.00525	0.00797
3	0.01080	0.00926	0.01080	0.00771	0.01234	0.00694	0.00617	0.01311	0.01080	0.01697	0.00926	0.01080	0.00771	0.00386	0.00386	0.00077	0.00386	0.00309	0.00309	0.84882
4	0.01022	0.00588	0.00751	0.00696	0.00860	0.00529	0.00519	0.01203	0.01317	0.17000	0.36161	0.15511	0.14316	0.06249	0.00734	0.00194	0.00313	0.00953	0.00544	0.00540
5	0.00658	0.00470	0.00600	0.00686	0.00726	0.00441	0.00454	0.00747	0.01002	0.01334	0.07576	0.60536	0.07417	0.13625	0.00958	0.00251	0.00327	0.01317	0.00464	0.00412
6	0.00971	0.00576	0.00664	0.07619	0.00930	0.00609	0.00499	0.04536	0.01083	0.01763	0.01582	0.02085	0.01338	0.12790	0.05780	0.00230	0.00410	0.00527	0.55522	0.00485
7	0.00663	0.00465	0.00596	0.00688	0.00711	0.00442	0.00444	0.00733	0.00941	0.01254	0.02582	0.63083	0.03081	0.20403	0.01130	0.00280	0.00350	0.01311	0.00444	0.00398
8	0.01867	0.04926	0.01574	0.01280	0.01601	0.45075	0.04667	0.14360	0.03484	0.09614	0.01047	0.01131	0.00802	0.00568	0.00530	0.00145	0.03711	0.00398	0.00353	0.02867
9	0.04348	0.07960	0.09327	0.06827	0.01699	0.01287	0.06199	0.13261	0.04907	0.13650	0.01184	0.02769	0.00910	0.00627	0.00705	0.00164	0.14833	0.00463	0.00368	0.08510
10	0.05886	0.01257	0.01365	0.05315	0.03914	0.06239	0.00905	0.36384	0.04725	0.15938	0.01385	0.03784	0.01044	0.03324	0.00575	0.00166	0.00544	0.00494	0.00472	0.06282

[dist]
# distance from previous block
# <min> <max>
1	8

[block]
# block no. 3 follows, 47 sequences, length 8
# corresponding to MSA columns:
# 213-220
name=unknown_D
#
# <colnr> <probs for GDERKNQSTAVLIFYWHMCP>
#	G	D	E	R	K	N	Q	S	T	A	V	L	I	F	Y	W	H	M	C	P
0	0.01165	0.00932	0.01031	0.00876	0.01150	0.08077	0.03727	0.04323	0.05424	0.09886	0.13881	0.12695	0.13059	0.00877	0.00542	0.00152	0.00424	0.02248	0.00451	0.19080
1	0.04557	0.51059	0.02299	0.01067	0.01470	0.19619	0.05459	0.01745	0.01185	0.06124	0.00845	0.00952	0.00711	0.00480	0.00393	0.00125	0.00651	0.00327	0.00265	0.00665
2	0.10581	0.01198	0.01366	0.10804	0.16805	0.09769	0.00999	0.14161	0.04525	0.10655	0.01437	0.01550	0.05094	0.00597	0.00484	0.00155	0.00550	0.00479	0.08082	0.00708
3	0.01147	0.01078	0.03823	0.38372	0.19237	0.01118	0.01284	0.08253	0.01208	0.01659	0.01033	0.03987	0.00844	0.00532	0.00502	0.00153	0.00605	0.00470	0.00284	0.14411
4	0.01929	0.01352	0.01462	0.01129	0.01524	0.01480	0.00930	0.66586	0.02290	0.07913	0.01333	0.01333	0.00944	0.00625	0.00510	0.00154	0.00541	0.00473	0.06635	0.00857
5	0.01918	0.01371	0.01486	0.01159	0.01559	0.01508	0.00951	0.61449	0.12102	0.08925	0.01425	0.01380	0.01008	0.00637	0.00522	0.00159	0.00542	0.00489	0.00532	0.00878
6	0.00672	0.00476	0.00586	0.00657	0.00691	0.00451	0.00422	0.00737	0.00938	0.01234	0.02698	0.49493	0.09786	0.27165	0.01294	0.00302	0.00363	0.01215	0.00430	0.00390
7	0.01148	0.01174	0.01449	0.01278	0.01307	0.08883	0.01037	0.01260	0.00889	0.01266	0.00992	0.12022	0.01058	0.00974	0.01449	0.00217	0.62195	0.00584	0.00266	0.00553

[dist]
# distance from previous block
# <min> <max>
0	2

[block]
# block no. 4 follows, 47 sequences, length 21
# corresponding to MSA columns:
# 223-243
name=unknown_E
#
# <colnr> <probs for GDERKNQSTAVLIFYWHMCP>
#	G	D	E	R	K	N	Q	S	T	A	V	L	I	F	Y	W	H	M	C	P
0	0.00667	0.00467	0.00595	0.00684	0.00706	0.00445	0.00439	0.00734	0.00934	0.01245	0.02546	0.60788	0.03035	0.22761	0.01189	0.00289	0.00356	0.01290	0.00439	0.00395
1	0.03413	0.05078	0.53703	0.10582	0.05817	0.04268	0.05339	0.01606	0.01112	0.01601	0.00998	0.01201	0.02006	0.00507	0.00495	0.00163	0.00740	0.00412	0.00234	0.00726
2	0.01229	0.01405	0.03073	0.02195	0.02722	0.01317	0.76558	0.01668	0.01229	0.01668	0.01054	0.01405	0.00790	0.00439	0.00615	0.00176	0.00878	0.00615	0.00263	0.00702
3	0.01300	0.00913	0.01030	0.04815	0.01218	0.00965	0.00696	0.26787	0.03709	0.02218	0.01401	0.01681	0.01125	0.05812	0.08091	0.00224	0.00523	0.00485	0.26865	0.10141
4	0.75699	0.00998	0.00857	0.09831	0.01303	0.01167	0.00665	0.01508	0.00904	0.02221	0.00748	0.00908	0.00579	0.00488	0.00345	0.00163	0.00436	0.00303	0.00312	0.00566
5	0.01223	0.00827	0.01043	0.09875	0.01384	0.00869	0.00777	0.18819	0.04462	0.10726	0.03516	0.35464	0.02217	0.01100	0.00596	0.00188	0.00440	0.05365	0.00485	0.00622
6	0.01006	0.00962	0.01667	0.73768	0.05437	0.01169	0.05976	0.01358	0.01056	0.01360	0.00935	0.01387	0.00703	0.00514	0.00526	0.00173	0.00703	0.00472	0.00234	0.00592
7	0.01322	0.01146	0.01298	0.01306	0.10059	0.01301	0.00918	0.05578	0.65914	0.02169	0.01956	0.01842	0.01475	0.00676	0.00528	0.00173	0.00442	0.00570	0.00499	0.00827
8	0.01062	0.00917	0.01125	0.04474	0.01355	0.00730	0.02359	0.01326	0.02903	0.01673	0.01054	0.05139	0.00922	0.00463	0.00414	0.00093	0.00407	0.00388	0.00318	0.72878
9	0.01224	0.01391	0.02994	0.02151	0.02650	0.01332	0.72546	0.01646	0.01206	0.01646	0.01034	0.01391	0.00784	0.00464	0.00673	0.00178	0.05127	0.00606	0.00261	0.00695
10	0.00971	0.00485	0.00485	0.00485	0.00607	0.00485	0.00364	0.01213	0.01092	0.01942	0.01699	0.01942	0.01335	0.00607	0.00364	0.00121	0.00243	0.00485	0.84589	0.00485
11	0.01294	0.01103	0.01173	0.01059	0.01349	0.01271	0.00830	0.05012	0.71326	0.02182	0.02124	0.02118	0.01638	0.00741	0.00539	0.00179	0.00421	0.04306	0.00527	0.00809
12	0.00653	0.00501	0.00586	0.00635	0.00734	0.00450	0.00450	0.00770	0.01095	0.01392	0.08393	0.33954	0.34883	0.08440	0.00817	0.00221	0.00309	0.04815	0.00474	0.00428
13	0.01036	0.01079	0.02198	0.08041	0.02199	0.01036	0.46944	0.01367	0.01153	0.01548	0.01601	0.22186	0.01582	0.00805	0.00625	0.00188	0.00694	0.04779	0.00329	0.00609
14	0.85377	0.01007	0.00765	0.00685	0.01007	0.01168	0.00564	0.01531	0.00886	0.02336	0.00725	0.00846	0.00564	0.00483	0.00322	0.00161	0.00403	0.00282	0.00322	0.00564
15	0.05789	0.01210	0.01278	0.05831	0.01480	0.06996	0.00870	0.28162	0.14598	0.09735	0.04247	0.03806	0.01273	0.04938	0.00687	0.00183	0.04792	0.00535	0.02856	0.00735
16	0.00644	0.00479	0.00602	0.00692	0.00762	0.00438	0.00483	0.00756	0.01062	0.01379	0.05463	0.58499	0.19884	0.01537	0.00655	0.00204	0.00301	0.05241	0.00486	0.00431
17	0.10244	0.13095	0.07960	0.05256	0.01550	0.05203	0.06096	0.05121	0.20047	0.04557	0.08966	0.03783	0.01425	0.00654	0.00537	0.00162	0.03747	0.00523	0.00385	0.00687
18	0.01245	0.01193	0.02035	0.14216	0.67771	0.01226	0.01577	0.01560	0.01165	0.01648	0.00972	0.01303	0.00806	0.00472	0.00516	0.00157	0.00629	0.00464	0.00254	0.00790
19	0.01136	0.00892	0.01056	0.00781	0.01202	0.00695	0.00621	0.02927	0.01150	0.06380	0.05147	0.04967	0.01146	0.00499	0.00422	0.00095	0.00382	0.00412	0.00355	0.69735
20	0.08679	0.08928	0.37584	0.01380	0.03347	0.02688	0.09851	0.11000	0.02582	0.04616	0.02666	0.02464	0.00869	0.00538	0.00489	0.00160	0.00671	0.00441	0.00305	0.00741

[dist]
# distance from previous block
# <min> <max>
2	5

[block]
# block no. 5 follows, 47 sequences, length 17
# corresponding to MSA columns:
# 249-265
name=unknown_F
#
# <colnr> <probs for GDERKNQSTAVLIFYWHMCP>
#	G	D	E	R	K	N	Q	S	T	A	V	L	I	F	Y	W	H	M	C	P
0	0.03867	0.01368	0.10397	0.08048	0.62788	0.01227	0.01591	0.01584	0.01157	0.01691	0.00963	0.01261	0.00790	0.00472	0.00508	0.00157	0.00633	0.00450	0.00254	0.00794
1	0.01117	0.01015	0.01708	0.28096	0.41158	0.01094	0.01380	0.01382	0.01078	0.01482	0.01029	0.01528	0.00879	0.00772	0.03695	0.08113	0.00653	0.02903	0.00254	0.00663
2	0.00676	0.00506	0.00688	0.00756	0.00801	0.00488	0.02442	0.00768	0.00981	0.01306	0.02745	0.65526	0.06541	0.09849	0.00896	0.00240	0.02576	0.01337	0.00453	0.00424
3	0.01262	0.04566	0.12632	0.07057	0.05239	0.01323	0.08371	0.14507	0.01272	0.03077	0.03211	0.04823	0.01021	0.00702	0.00850	0.00179	0.23069	0.00518	0.05647	0.00673
4	0.01769	0.01209	0.01356	0.01126	0.03895	0.01292	0.00885	0.43502	0.12850	0.15055	0.01933	0.01844	0.09462	0.00710	0.00533	0.00162	0.00497	0.00563	0.00530	0.00827
5	0.01182	0.00806	0.01051	0.13809	0.05463	0.03366	0.00801	0.01507	0.07979	0.16737	0.16759	0.15254	0.09634	0.00938	0.00575	0.00175	0.00430	0.02441	0.00476	0.00617
6	0.00905	0.00452	0.00678	0.00678	0.00678	0.00452	0.00452	0.00678	0.00678	0.00905	0.00905	0.01583	0.00905	0.01809	0.02035	0.84848	0.00452	0.00452	0.00226	0.00226
7	0.01192	0.01757	0.32145	0.13238	0.22924	0.01204	0.09034	0.01691	0.05123	0.05158	0.01070	0.01296	0.00799	0.00502	0.00519	0.00165	0.00695	0.00457	0.00271	0.00759
8	0.01244	0.01283	0.04920	0.20397	0.53106	0.05143	0.01530	0.01589	0.02819	0.01605	0.00982	0.01301	0.00798	0.00487	0.00514	0.00159	0.00653	0.00457	0.00257	0.00756
9	0.01099	0.01043	0.01770	0.51325	0.31808	0.01187	0.01504	0.01431	0.01096	0.01470	0.00946	0.01351	0.00743	0.00499	0.00519	0.00166	0.00666	0.00463	0.00241	0.00671
10	0.00756	0.00509	0.00591	0.00591	0.00599	0.00517	0.00344	0.00772	0.00764	0.01027	0.01620	0.03290	0.01842	0.74986	0.09293	0.00534	0.00582	0.00740	0.00312	0.00328
11	0.67611	0.01152	0.04616	0.00774	0.01128	0.05088	0.00666	0.01603	0.00970	0.06197	0.00821	0.00925	0.00624	0.00489	0.00352	0.00155	0.00449	0.00304	0.00331	0.05745
12	0.01141	0.02311	0.58025	0.01435	0.03561	0.03487	0.01670	0.07782	0.01200	0.01727	0.01142	0.01301	0.04381	0.00583	0.00613	0.00169	0.08037	0.00432	0.00260	0.00742
13	0.01150	0.12662	0.53263	0.01565	0.09016	0.01325	0.05348	0.04613	0.01172	0.01677	0.02962	0.01177	0.00803	0.00503	0.00486	0.00157	0.00712	0.00408	0.00247	0.00756
14	0.01093	0.00731	0.00850	0.04532	0.01051	0.05397	0.00604	0.01306	0.01397	0.15886	0.42316	0.05937	0.14865	0.00987	0.00586	0.00165	0.00350	0.00847	0.00535	0.00564
15	0.05872	0.51693	0.08185	0.01060	0.04164	0.07145	0.00982	0.01698	0.01124	0.09775	0.00898	0.00992	0.00736	0.00496	0.00429	0.00131	0.03320	0.00330	0.00278	0.00692
16	0.03872	0.10364	0.41181	0.01404	0.01982	0.04824	0.13216	0.01696	0.05829	0.03188	0.06652	0.01373	0.01058	0.00540	0.00502	0.00160	0.00694	0.00460	0.00286	0.00720

[dist]
# distance from previous block
# <min> <max>
0	1

[block]
# block no. 6 follows, 47 sequences, length 67
# corresponding to MSA columns:
# 267-333
name=unknown_G
#
# <colnr> <probs for GDERKNQSTAVLIFYWHMCP>
#	G	D	E	R	K	N	Q	S	T	A	V	L	I	F	Y	W	H	M	C	P
0	0.04230	0.69050	0.09205	0.00951	0.01416	0.03323	0.00974	0.03395	0.01097	0.01350	0.00756	0.00870	0.00669	0.00457	0.00355	0.00119	0.00577	0.00293	0.00234	0.00678
1	0.01096	0.02826	0.01090	0.08817	0.01318	0.05295	0.01998	0.10661	0.01251	0.05904	0.07937	0.33495	0.02245	0.05447	0.00802	0.00204	0.07715	0.00916	0.00425	0.00556
2	0.00651	0.00490	0.00613	0.00689	0.00771	0.00453	0.00490	0.00771	0.01066	0.01380	0.05673	0.49231	0.23874	0.01643	0.05028	0.00237	0.00361	0.05669	0.00475	0.00435
3	0.00813	0.00648	0.00923	0.00884	0.00947	0.00787	0.00681	0.00957	0.00818	0.01185	0.01314	0.02107	0.01290	0.15609	0.54413	0.00682	0.14636	0.00572	0.00276	0.00459
4	0.00733	0.00567	0.00672	0.00681	0.00812	0.00535	0.00502	0.02233	0.06280	0.01669	0.25515	0.24583	0.27189	0.01321	0.01922	0.00194	0.00309	0.03289	0.00510	0.00485
5	0.00689	0.00529	0.00636	0.00655	0.00786	0.00476	0.00499	0.00868	0.01258	0.01644	0.28883	0.15183	0.33430	0.01293	0.00636	0.00185	0.00292	0.11084	0.00513	0.00460
6	0.01855	0.12242	0.01598	0.01134	0.04516	0.01396	0.00912	0.42134	0.01925	0.18596	0.05607	0.01466	0.01171	0.00622	0.00498	0.00151	0.00520	0.00481	0.02354	0.00823
7	0.00769	0.00540	0.00704	0.00658	0.00788	0.00496	0.00495	0.01011	0.01469	0.03715	0.75126	0.03867	0.06266	0.01061	0.00612	0.00164	0.00250	0.00936	0.00573	0.00499
8	0.01172	0.29586	0.49170	0.01319	0.01966	0.01504	0.05413	0.01620	0.01092	0.01506	0.00869	0.01025	0.00669	0.00475	0.00446	0.00147	0.00703	0.00360	0.00223	0.00732
9	0.01032	0.01007	0.01798	0.65867	0.07058	0.01183	0.11891	0.01390	0.01074	0.01395	0.00946	0.01386	0.00714	0.00507	0.00533	0.00173	0.00716	0.00484	0.00237	0.00608
10	0.00798	0.00550	0.00678	0.00636	0.00781	0.00495	0.00476	0.01002	0.01374	0.06127	0.53084	0.04018	0.22074	0.04766	0.00702	0.00182	0.00273	0.00948	0.00544	0.00493
11	0.00638	0.00455	0.00603	0.00720	0.00750	0.00425	0.00478	0.00726	0.00990	0.01320	0.02834	0.79065	0.03399	0.03987	0.00723	0.00220	0.00308	0.01459	0.00478	0.00420
12	0.01187	0.01309	0.02665	0.01961	0.02360	0.01340	0.57628	0.01548	0.01123	0.01562	0.00996	0.01383	0.00794	0.00706	0.04761	0.00219	0.16956	0.00580	0.00257	0.00664
13	0.00897	0.00679	0.00842	0.03190	0.01077	0.00687	0.00706	0.08669	0.05416	0.01703	0.05603	0.19808	0.16877	0.01293	0.00649	0.00206	0.00408	0.30281	0.00484	0.00524
14	0.05282	0.10920	0.56508	0.04102	0.02119	0.01280	0.05804	0.01608	0.01089	0.01630	0.00907	0.01084	0.00669	0.00482	0.00472	0.00156	0.00715	0.00380	0.00232	0.04560
15	0.01391	0.76653	0.02625	0.00905	0.01333	0.04735	0.00888	0.01558	0.01066	0.01226	0.00748	0.00877	0.00688	0.00558	0.02841	0.00135	0.00597	0.00289	0.00226	0.00660
16	0.00749	0.00513	0.00609	0.00632	0.00656	0.00511	0.00400	0.00794	0.00841	0.01116	0.01975	0.10810	0.04629	0.60371	0.05416	0.00454	0.00513	0.08307	0.00351	0.00352
17	0.11240	0.01198	0.01553	0.03540	0.23413	0.10466	0.07702	0.02945	0.02767	0.12499	0.01452	0.02166	0.01267	0.00694	0.00537	0.00173	0.00600	0.14719	0.00373	0.00695
18	0.01045	0.02694	0.79000	0.01484	0.02254	0.01209	0.01924	0.01649	0.01099	0.01649	0.00935	0.01099	0.00660	0.00495	0.00495	0.00165	0.00770	0.00385	0.00220	0.00770
19	0.06538	0.57255	0.11395	0.01050	0.05224	0.01747	0.01002	0.01559	0.01092	0.03129	0.05167	0.01083	0.00922	0.00494	0.00381	0.00127	0.00555	0.00343	0.00259	0.00676
20	0.63267	0.01183	0.08732	0.03868	0.01263	0.01176	0.00760	0.05309	0.04057	0.02256	0.00869	0.00993	0.00662	0.00506	0.00367	0.00161	0.00454	0.00328	0.03180	0.00609
21	0.00768	0.00565	0.00679	0.00665	0.00815	0.00519	0.00508	0.01013	0.04416	0.04043	0.37253	0.09191	0.29326	0.01190	0.00620	0.00177	0.00287	0.06941	0.00530	0.00494
22	0.00905	0.00452	0.00678	0.00678	0.00678	0.00452	0.00452	0.00678	0.00678	0.00905	0.00905	0.01583	0.00905	0.01809	0.02035	0.84848	0.00452	0.00452	0.00226	0.00226
23	0.00737	0.00535	0.00690	0.00662	0.00782	0.00495	0.00498	0.00966	0.01415	0.01979	0.66994	0.04041	0.08620	0.04355	0.00702	0.00182	0.00270	0.05042	0.00553	0.00481
24	0.01485	0.05136	0.01279	0.01018	0.01337	0.02489	0.00816	0.17519	0.40463	0.10085	0.08561	0.01980	0.04077	0.00719	0.00527	0.00166	0.00444	0.00585	0.00523	0.00791
25	0.13041	0.01254	0.01320	0.01022	0.01418	0.01337	0.00839	0.49466	0.01940	0.05091	0.01178	0.01220	0.00860	0.00570	0.00466	0.00144	0.00502	0.00422	0.04644	0.13266
26	0.01767	0.05811	0.02701	0.01110	0.01501	0.01465	0.00927	0.58950	0.03175	0.04359	0.01487	0.06024	0.04119	0.00692	0.00518	0.00156	0.00536	0.00538	0.00491	0.03671
27	0.01297	0.52792	0.25541	0.01092	0.01613	0.01756	0.01210	0.01593	0.01068	0.03012	0.00814	0.00949	0.00680	0.00486	0.00449	0.00134	0.04262	0.00324	0.00231	0.00699
28	0.00744	0.00558	0.00837	0.00837	0.00930	0.00651	0.00651	0.00930	0.00837	0.01209	0.01395	0.02046	0.01302	0.03906	0.79635	0.00837	0.01395	0.00558	0.00279	0.00465
29	0.04266	0.01100	0.01581	0.16985	0.29846	0.01190	0.01196	0.14488	0.08820	0.03763	0.01223	0.03815	0.01011	0.03870	0.00671	0.04025	0.00572	0.00513	0.00344	0.00721
30	0.01722	0.09162	0.02842	0.01157	0.01474	0.32601	0.00930	0.23138	0.04209	0.05414	0.01320	0.08694	0.02133	0.00694	0.00502	0.00152	0.00679	0.02099	0.00388	0.00691
31	0.02319	0.00915	0.01226	0.00940	0.01344	0.00808	0.00777	0.06224	0.01538	0.75057	0.02015	0.01747	0.01269	0.00644	0.00524	0.00161	0.00450	0.00521	0.00638	0.00886
32	0.01365	0.04195	0.20408	0.01277	0.01683	0.20143	0.07806	0.11561	0.04886	0.01803	0.09835	0.01714	0.06478	0.00661	0.00570	0.00159	0.03908	0.00523	0.00347	0.00677
33	0.01313	0.00918	0.01104	0.00800	0.01252	0.00707	0.00645	0.01539	0.01156	0.16008	0.01135	0.01208	0.00867	0.00434	0.00411	0.00093	0.00396	0.00348	0.00371	0.69293
34	0.01392	0.82012	0.02729	0.00891	0.01337	0.02061	0.00891	0.01559	0.01058	0.01225	0.00724	0.00835	0.00668	0.00446	0.00334	0.00111	0.00557	0.00278	0.00223	0.00668
35	0.01080	0.00926	0.01080	0.00771	0.01234	0.00694	0.00617	0.01311	0.01080	0.01697	0.00926	0.01080	0.00771	0.00386	0.00386	0.00077	0.00386	0.00309	0.00309	0.84882
36	0.00634	0.00453	0.00604	0.00725	0.00755	0.00423	0.00483	0.00725	0.00997	0.01329	0.02870	0.81358	0.03444	0.01632	0.00665	0.00211	0.00302	0.01480	0.00483	0.00423
37	0.00994	0.00937	0.01581	0.77738	0.06212	0.01160	0.01452	0.01340	0.01046	0.01344	0.00927	0.01385	0.00699	0.00519	0.00520	0.00173	0.00692	0.00463	0.00232	0.00587
38	0.02838	0.52533	0.08023	0.01059	0.01469	0.21501	0.00999	0.01688	0.01156	0.01288	0.00759	0.00890	0.00667	0.00486	0.00418	0.00125	0.02905	0.00306	0.00236	0.00655
39	0.01021	0.00695	0.00769	0.00694	0.00811	0.00722	0.00481	0.15857	0.01216	0.01697	0.08486	0.02847	0.04244	0.43387	0.03324	0.00351	0.00471	0.00686	0.11767	0.00474
40	0.02328	0.00899	0.01217	0.00933	0.01336	0.00785	0.00771	0.04236	0.01512	0.77081	0.02036	0.01761	0.01280	0.00644	0.00524	0.00161	0.00446	0.00522	0.00642	0.00886
41	0.05144	0.02432	0.64821	0.01389	0.02054	0.04743	0.01712	0.01613	0.01117	0.01677	0.05189	0.01236	0.00892	0.00541	0.00532	0.00165	0.03356	0.00411	0.00247	0.00730
42	0.03226	0.06138	0.03139	0.16474	0.33834	0.12853	0.03918	0.08534	0.01314	0.04277	0.00986	0.01233	0.00781	0.00505	0.00499	0.00154	0.00673	0.00436	0.00290	0.00735
43	0.00647	0.00518	0.00577	0.00614	0.00747	0.00455	0.00456	0.00777	0.01133	0.01392	0.04384	0.21016	0.52171	0.04321	0.00710	0.00202	0.00302	0.08664	0.00477	0.00436
44	0.00722	0.00532	0.00675	0.00639	0.00769	0.00485	0.00480	0.00954	0.01439	0.02005	0.69213	0.04028	0.13928	0.01096	0.00614	0.00165	0.00248	0.00961	0.00562	0.00485
45	0.03073	0.21919	0.18980	0.01263	0.03300	0.24853	0.02781	0.03167	0.05006	0.06786	0.00975	0.01084	0.00764	0.00531	0.00494	0.00145	0.03521	0.00372	0.00289	0.00697
46	0.01111	0.12431	0.64069	0.01450	0.02158	0.02466	0.06070	0.01645	0.01107	0.01592	0.00913	0.01082	0.00668	0.00486	0.00481	0.00158	0.00752	0.00384	0.00223	0.00751
47	0.00698	0.00546	0.00637	0.00678	0.00820	0.00494	0.00539	0.00860	0.01172	0.01456	0.06715	0.08215	0.45284	0.05259	0.00749	0.00213	0.00344	0.24397	0.00477	0.00447
48	0.01923	0.05657	0.01526	0.01324	0.01599	0.76512	0.01002	0.02059	0.01459	0.01273	0.00802	0.00935	0.00671	0.00533	0.00464	0.00133	0.00924	0.00333	0.00267	0.00606
49	0.01575	0.05185	0.01462	0.04731	0.01577	0.01303	0.05082	0.21616	0.32604	0.12657	0.01735	0.02880	0.01310	0.00679	0.00530	0.00168	0.00505	0.03098	0.00497	0.00805
50	0.01554	0.01897	0.06961	0.04242	0.25119	0.37950	0.01273	0.01803	0.02723	0.01447	0.00882	0.01111	0.00737	0.00556	0.00625	0.00155	0.09622	0.00400	0.00261	0.00682
51	0.01583	0.01840	0.01549	0.01353	0.01531	0.42279	0.03634	0.04946	0.01245	0.01369	0.00858	0.03765	0.00783	0.00712	0.00937	0.00173	0.30138	0.00434	0.00272	0.00601
52	0.01227	0.00757	0.01039	0.10325	0.03256	0.00766	0.00839	0.07811	0.01302	0.15947	0.06090	0.03479	0.07680	0.01099	0.00757	0.08731	0.00479	0.27376	0.00459	0.00582
53	0.01061	0.06371	0.75464	0.01457	0.02211	0.01249	0.01876	0.01645	0.01098	0.01630	0.00925	0.01087	0.00660	0.00492	0.00487	0.00162	0.00760	0.00380	0.00220	0.00765
54	0.01392	0.82012	0.02729	0.00891	0.01337	0.02061	0.00891	0.01559	0.01058	0.01225	0.00724	0.00835	0.00668	0.00446	0.00334	0.00111	0.00557	0.00278	0.00223	0.00668
55	0.00689	0.00528	0.00625	0.00604	0.00742	0.00471	0.00448	0.00880	0.01330	0.01776	0.46165	0.05712	0.32957	0.03945	0.00686	0.00181	0.00263	0.01006	0.00528	0.00464
56	0.01002	0.01024	0.03914	0.11599	0.01551	0.08365	0.06855	0.01252	0.04977	0.01364	0.01665	0.23956	0.03347	0.06977	0.05795	0.00255	0.14436	0.00791	0.00337	0.00536
57	0.03646	0.00928	0.01537	0.77930	0.03505	0.01157	0.01418	0.01337	0.01036	0.01362	0.00919	0.01371	0.00690	0.00519	0.00514	0.00173	0.00685	0.00457	0.00234	0.00578
58	0.00721	0.00504	0.00571	0.00583	0.00618	0.00485	0.00353	0.00761	0.00878	0.01149	0.05388	0.12299	0.13874	0.57313	0.02038	0.00408	0.00435	0.00897	0.00370	0.00353
59	0.00962	0.00551	0.00619	0.04532	0.00835	0.00583	0.00477	0.01272	0.05293	0.01837	0.01648	0.01926	0.01313	0.01000	0.09792	0.00212	0.00411	0.00499	0.65731	0.00506
60	0.01885	0.05015	0.01525	0.01311	0.01587	0.66170	0.01003	0.08036	0.02904	0.01450	0.00857	0.00987	0.00705	0.00559	0.00520	0.00140	0.04073	0.00354	0.00290	0.00631
61	0.00669	0.00530	0.00602	0.00584	0.00736	0.00462	0.00438	0.00851	0.01313	0.01706	0.37284	0.04519	0.46043	0.01207	0.00615	0.00171	0.00256	0.01030	0.00523	0.00462
62	0.00745	0.00553	0.00812	0.00812	0.00896	0.00637	0.00620	0.00914	0.00830	0.01190	0.01418	0.02173	0.01357	0.11151	0.72464	0.00806	0.01312	0.00577	0.00282	0.00451
63	0.01076	0.00614	0.00805	0.00721	0.00902	0.00560	0.00553	0.01327	0.02958	0.18095	0.55758	0.07290	0.05248	0.01002	0.00596	0.00166	0.00293	0.00877	0.00581	0.00576
64	0.05992	0.56225	0.19569	0.01032	0.01535	0.05345	0.01109	0.01601	0.01077	0.01384	0.00775	0.00900	0.00661	0.00463	0.00375	0.00127	0.00613	0.00305	0.00230	0.00682
65	0.01039	0.00774	0.00904	0.00868	0.01029	0.00801	0.00638	0.19710	0.07786	0.01888	0.02318	0.50616	0.02537	0.03033	0.00653	0.00197	0.00385	0.01102	0.00487	0.03234
66	0.09424	0.56328	0.04636	0.01012	0.01438	0.08594	0.05303	0.01671	0.04888	0.01421	0.00826	0.00941	0.00711	0.00471	0.00376	0.00127	0.00593	0.00322	0.00254	0.00665

[dist]
# distance from previous block
# <min> <max>
0	3

[block]
# block no. 7 follows, 47 sequences, length 23
# corresponding to MSA columns:
# 337-359
name=unknown_H
#
# <colnr> <probs for GDERKNQSTAVLIFYWHMCP>
#	G	D	E	R	K	N	Q	S	T	A	V	L	I	F	Y	W	H	M	C	P
0	0.01147	0.01399	0.09124	0.01943	0.02435	0.01200	0.60649	0.01569	0.01230	0.01690	0.07849	0.04771	0.01245	0.00546	0.00607	0.00175	0.00791	0.00658	0.00296	0.00678
1	0.00870	0.00559	0.00728	0.00676	0.00818	0.00511	0.00508	0.01095	0.01427	0.08808	0.63560	0.07266	0.07193	0.02867	0.00654	0.00174	0.00272	0.00931	0.00566	0.00517
2	0.01514	0.01265	0.09010	0.01193	0.06133	0.01190	0.00969	0.30645	0.14155	0.09130	0.01730	0.09746	0.03135	0.00751	0.00531	0.00167	0.00502	0.02106	0.05357	0.00772
3	0.01242	0.32353	0.42172	0.01329	0.05251	0.06405	0.01465	0.01640	0.01111	0.01469	0.00850	0.00999	0.00671	0.00478	0.00434	0.00142	0.00694	0.00345	0.00226	0.00724
4	0.05422	0.00860	0.01091	0.00885	0.01218	0.00808	0.00715	0.02242	0.12333	0.50513	0.15986	0.02146	0.01967	0.00724	0.00533	0.00164	0.00401	0.00600	0.00601	0.00791
5	0.01393	0.01354	0.01991	0.05745	0.62452	0.08176	0.01489	0.07919	0.01312	0.01782	0.00985	0.01259	0.00812	0.00486	0.00512	0.00154	0.00646	0.00453	0.00280	0.00801
6	0.00792	0.00569	0.00783	0.00899	0.01004	0.00560	0.00755	0.01000	0.01160	0.01510	0.02875	0.20056	0.05955	0.01470	0.00705	0.00232	0.00438	0.58290	0.00480	0.00467
7	0.00691	0.00569	0.00613	0.00611	0.00774	0.00516	0.00454	0.00946	0.07594	0.01555	0.14619	0.13110	0.53554	0.01268	0.00614	0.00178	0.00278	0.01078	0.00500	0.00477
8	0.00948	0.00493	0.00715	0.00700	0.00717	0.00500	0.00474	0.03780	0.00751	0.01002	0.00919	0.01569	0.00904	0.01761	0.01974	0.81394	0.00457	0.00453	0.00238	0.00253
9	0.00726	0.00537	0.00681	0.00661	0.00792	0.00492	0.00506	0.00953	0.01403	0.01931	0.59683	0.04246	0.16723	0.01139	0.00624	0.00172	0.00269	0.07428	0.00550	0.00482
10	0.01392	0.82012	0.02729	0.00891	0.01337	0.02061	0.00891	0.01559	0.01058	0.01225	0.00724	0.00835	0.00668	0.00446	0.00334	0.00111	0.00557	0.00278	0.00223	0.00668
11	0.00983	0.00926	0.01562	0.80447	0.03587	0.01157	0.01446	0.01331	0.01041	0.01331	0.00926	0.01388	0.00694	0.00521	0.00521	0.00174	0.00694	0.00463	0.00231	0.00579
12	0.00634	0.00453	0.00604	0.00725	0.00755	0.00423	0.00483	0.00725	0.00997	0.01329	0.02870	0.81358	0.03444	0.01632	0.00665	0.00211	0.00302	0.01480	0.00483	0.00423
13	0.85377	0.01007	0.00765	0.00685	0.01007	0.01168	0.00564	0.01531	0.00886	0.02336	0.00725	0.00846	0.00564	0.00483	0.00322	0.00161	0.00403	0.00282	0.00322	0.00564
14	0.00751	0.00502	0.00570	0.00576	0.00578	0.00501	0.00324	0.00756	0.00770	0.01027	0.01706	0.07565	0.01976	0.77428	0.02545	0.00489	0.00494	0.00796	0.00324	0.00321
15	0.01392	0.82012	0.02729	0.00891	0.01337	0.02061	0.00891	0.01559	0.01058	0.01225	0.00724	0.00835	0.00668	0.00446	0.00334	0.00111	0.00557	0.00278	0.00223	0.00668
16	0.00698	0.00504	0.00658	0.00711	0.00791	0.00472	0.00517	0.00859	0.01188	0.01611	0.28887	0.37963	0.08470	0.04452	0.00727	0.00207	0.00309	0.10019	0.00507	0.00450
17	0.01028	0.00983	0.01542	0.52104	0.02767	0.01280	0.01311	0.01288	0.00953	0.01295	0.00868	0.01369	0.00728	0.03148	0.00975	0.00202	0.26890	0.00470	0.00233	0.00568
18	0.00690	0.00515	0.00624	0.00637	0.00741	0.00469	0.00458	0.00847	0.01212	0.01614	0.32255	0.19722	0.23826	0.10245	0.00855	0.00217	0.00299	0.03831	0.00499	0.00444
19	0.01084	0.00869	0.01157	0.15931	0.01558	0.02460	0.02325	0.13302	0.02954	0.01587	0.01366	0.11328	0.01312	0.08412	0.12972	0.08982	0.08943	0.00629	0.02290	0.00539
20	0.01840	0.01370	0.01464	0.01150	0.01537	0.01524	0.00941	0.62929	0.13346	0.03068	0.01395	0.01379	0.01006	0.00636	0.00516	0.00158	0.00536	0.00487	0.03858	0.00861
21	0.10278	0.01154	0.09476	0.01103	0.07833	0.00867	0.04179	0.01428	0.01101	0.03618	0.03823	0.01210	0.00909	0.00448	0.00423	0.00112	0.00466	0.00369	0.00312	0.50892
22	0.01192	0.01673	0.24191	0.08517	0.05570	0.02541	0.29374	0.07843	0.01247	0.01728	0.01107	0.05931	0.00902	0.00568	0.00600	0.00172	0.03925	0.00552	0.00282	0.02086

[dist]
# distance from previous block
# <min> <max>
1	3

[block]
# block no. 8 follows, 47 sequences, length 48
# corresponding to MSA columns:
# 363-410
name=unknown_I
#
# <colnr> <probs for GDERKNQSTAVLIFYWHMCP>
#	G	D	E	R	K	N	Q	S	T	A	V	L	I	F	Y	W	H	M	C	P
0	0.00838	0.00688	0.00740	0.00714	0.00874	0.04786	0.00544	0.01132	0.07249	0.03020	0.37607	0.07026	0.25613	0.01123	0.00608	0.00174	0.00322	0.05911	0.00519	0.00511
1	0.00733	0.00502	0.00608	0.00630	0.00647	0.00508	0.00388	0.00773	0.00811	0.01093	0.01835	0.17465	0.02103	0.57396	0.11876	0.00493	0.00579	0.00864	0.00342	0.00354
2	0.01351	0.17260	0.46749	0.01251	0.01870	0.01297	0.01466	0.01849	0.05254	0.15175	0.01155	0.01213	0.00822	0.00523	0.00471	0.00155	0.00653	0.00400	0.00312	0.00774
3	0.00987	0.00606	0.00747	0.00678	0.00860	0.00555	0.00520	0.01254	0.04559	0.13393	0.44929	0.03614	0.18760	0.01014	0.00584	0.00164	0.00286	0.00872	0.05065	0.00553
4	0.00983	0.00926	0.01562	0.80447	0.03587	0.01157	0.01446	0.01331	0.01041	0.01331	0.00926	0.01388	0.00694	0.00521	0.00521	0.00174	0.00694	0.00463	0.00231	0.00579
5	0.00633	0.00528	0.00552	0.00546	0.00714	0.00447	0.00410	0.00782	0.01229	0.01507	0.15964	0.04847	0.67488	0.01282	0.00615	0.00174	0.00261	0.01076	0.00497	0.00447
6	0.01080	0.00926	0.01080	0.00771	0.01234	0.00694	0.00617	0.01311	0.01080	0.01697	0.00926	0.01080	0.00771	0.00386	0.00386	0.00077	0.00386	0.00309	0.00309	0.84882
7	0.00757	0.00505	0.00568	0.00568	0.00568	0.00505	0.00316	0.00757	0.00757	0.01010	0.01641	0.03408	0.01893	0.81698	0.02651	0.00505	0.00505	0.00757	0.00316	0.00316
8	0.01184	0.00982	0.01120	0.00845	0.01261	0.00853	0.00674	0.10124	0.09712	0.01959	0.06282	0.01384	0.01153	0.00494	0.00433	0.00103	0.00401	0.00400	0.00375	0.60262
9	0.00985	0.00915	0.01527	0.71729	0.03345	0.01124	0.02635	0.01352	0.02825	0.01372	0.01084	0.01717	0.00878	0.00588	0.00536	0.00178	0.00676	0.05699	0.00256	0.00579
10	0.01076	0.07275	0.69840	0.01493	0.02229	0.01266	0.06462	0.01645	0.01105	0.01625	0.00930	0.01103	0.00668	0.00488	0.00493	0.00162	0.00764	0.00393	0.00223	0.00760
11	0.00737	0.00532	0.00696	0.00655	0.00778	0.00491	0.00491	0.00983	0.01474	0.02088	0.78175	0.03890	0.04914	0.01065	0.00614	0.00164	0.00246	0.00942	0.00573	0.00491
12	0.01519	0.01147	0.01251	0.02272	0.01419	0.01281	0.00850	0.19893	0.48306	0.09534	0.03823	0.01868	0.03055	0.00700	0.00531	0.00170	0.00450	0.00572	0.00534	0.00824
13	0.01415	0.78706	0.02677	0.00910	0.01348	0.05284	0.00896	0.01581	0.01076	0.01227	0.00727	0.00840	0.00668	0.00449	0.00340	0.00112	0.00573	0.00281	0.00225	0.00666
14	0.03133	0.02439	0.68601	0.01423	0.02118	0.01154	0.03760	0.01586	0.01101	0.01659	0.03474	0.01314	0.00859	0.00568	0.00544	0.02442	0.00731	0.02121	0.00241	0.00732
15	0.01240	0.01187	0.02025	0.15570	0.66458	0.01224	0.01574	0.01555	0.01163	0.01642	0.00971	0.01305	0.00804	0.00473	0.00516	0.00158	0.00631	0.00464	0.00254	0.00785
16	0.58827	0.14003	0.01174	0.00775	0.01130	0.01307	0.00664	0.06831	0.01075	0.08966	0.00879	0.00954	0.00667	0.00501	0.00356	0.00153	0.00443	0.00316	0.00349	0.00631
17	0.01860	0.00778	0.01053	0.00850	0.01166	0.00681	0.00684	0.02067	0.01460	0.56199	0.20414	0.06546	0.02277	0.00799	0.00553	0.00164	0.00388	0.00676	0.00619	0.00766
18	0.01240	0.01187	0.02025	0.15570	0.66458	0.01224	0.01574	0.01555	0.01163	0.01642	0.00971	0.01305	0.00804	0.00473	0.00516	0.00158	0.00631	0.00464	0.00254	0.00785
19	0.01980	0.01459	0.01563	0.01198	0.01615	0.01615	0.00990	0.76713	0.02448	0.03282	0.01250	0.01250	0.00886	0.00625	0.00521	0.00156	0.00573	0.00469	0.00521	0.00886
20	0.01862	0.01394	0.01495	0.01174	0.01568	0.01550	0.00964	0.65036	0.12643	0.03095	0.01401	0.01443	0.01026	0.00654	0.00526	0.00161	0.00549	0.02069	0.00521	0.00869
21	0.00725	0.00493	0.00576	0.00604	0.00615	0.00484	0.00357	0.00749	0.00824	0.01094	0.02015	0.21848	0.04018	0.60944	0.02135	0.00428	0.00451	0.00936	0.00359	0.00344
22	0.01827	0.02233	0.01421	0.01290	0.01563	0.65315	0.00973	0.02205	0.15353	0.01440	0.01045	0.01122	0.00839	0.00568	0.00481	0.00142	0.00843	0.00382	0.00316	0.00644
23	0.17649	0.00697	0.00710	0.00690	0.00878	0.00733	0.00557	0.07601	0.01194	0.01992	0.02041	0.04685	0.08683	0.00841	0.00471	0.00163	0.00353	0.15393	0.34140	0.00528
24	0.00839	0.00599	0.00839	0.00959	0.01079	0.00599	0.00839	0.01079	0.01199	0.01558	0.02757	0.05874	0.02997	0.01439	0.00719	0.00240	0.00480	0.74945	0.00480	0.00480
25	0.01997	0.01274	0.01427	0.01101	0.01492	0.01358	0.00902	0.55398	0.02135	0.20720	0.01458	0.01487	0.01033	0.04973	0.00636	0.00176	0.00539	0.00497	0.00539	0.00855
26	0.01205	0.01333	0.02672	0.01971	0.02354	0.01392	0.56112	0.01556	0.01112	0.01556	0.00953	0.01333	0.00761	0.00567	0.00911	0.00190	0.22530	0.00572	0.00254	0.00666
27	0.00769	0.00632	0.00871	0.00851	0.00924	0.00676	0.03667	0.00913	0.02175	0.01414	0.11320	0.40874	0.10633	0.07916	0.00979	0.00227	0.13155	0.01107	0.00431	0.00465
28	0.02336	0.00886	0.01209	0.00927	0.01329	0.00765	0.00765	0.02538	0.01491	0.78810	0.02055	0.01773	0.01289	0.00645	0.00524	0.00161	0.00443	0.00524	0.00645	0.00886
29	0.00905	0.00452	0.00678	0.00678	0.00678	0.00452	0.00452	0.00678	0.00678	0.00905	0.00905	0.01583	0.00905	0.01809	0.02035	0.84848	0.00452	0.00452	0.00226	0.00226
30	0.01067	0.02558	0.71847	0.01644	0.09343	0.01212	0.01894	0.01644	0.01108	0.01654	0.00939	0.01117	0.00675	0.00492	0.00497	0.00164	0.00756	0.00392	0.00223	0.00775
31	0.00800	0.00642	0.00976	0.06162	0.01155	0.00615	0.07641	0.01068	0.01409	0.01970	0.62265	0.03569	0.05578	0.00985	0.00611	0.00168	0.00342	0.03011	0.00517	0.00516
32	0.01072	0.08874	0.73057	0.01438	0.02182	0.01276	0.01844	0.01642	0.01096	0.01616	0.00918	0.01079	0.00660	0.00491	0.00482	0.00161	0.00753	0.00377	0.00220	0.00762
33	0.01212	0.01159	0.01975	0.22692	0.59557	0.01217	0.01560	0.01531	0.01149	0.01608	0.00966	0.01314	0.00792	0.00478	0.00517	0.00159	0.00638	0.00464	0.00251	0.00763
34	0.10197	0.01869	0.01428	0.01213	0.01534	0.38009	0.00953	0.29118	0.04911	0.02146	0.01010	0.01090	0.00777	0.00581	0.00512	0.00149	0.03027	0.00393	0.00375	0.00710
35	0.00765	0.00563	0.00769	0.00760	0.00815	0.00636	0.00548	0.00880	0.00806	0.01137	0.01456	0.02510	0.01494	0.32459	0.48016	0.00689	0.04365	0.00627	0.00290	0.00414
36	0.01427	0.01084	0.01375	0.02441	0.01396	0.07331	0.06999	0.04628	0.08331	0.17494	0.09830	0.01758	0.01448	0.00878	0.04295	0.00206	0.21544	0.00546	0.06324	0.00665
37	0.04841	0.02618	0.01212	0.00922	0.01283	0.00896	0.02757	0.07141	0.05962	0.28543	0.09793	0.03003	0.01487	0.00634	0.00540	0.00142	0.03827	0.00512	0.00479	0.23409
38	0.01442	0.00994	0.01303	0.00969	0.01396	0.00855	0.06939	0.10464	0.01337	0.18266	0.01319	0.05590	0.01040	0.00540	0.00465	0.00120	0.00456	0.00461	0.00411	0.45633
39	0.01236	0.41284	0.33603	0.01160	0.01705	0.03440	0.01314	0.01601	0.02331	0.01435	0.02617	0.01047	0.00778	0.00506	0.00471	0.00141	0.04041	0.00351	0.00236	0.00702
40	0.00753	0.00511	0.00599	0.00592	0.00617	0.00507	0.00358	0.00804	0.00892	0.01215	0.15800	0.03458	0.02435	0.64535	0.04488	0.00451	0.00482	0.00786	0.00362	0.00352
41	0.01258	0.06976	0.37394	0.01501	0.11464	0.10132	0.02671	0.01660	0.01219	0.06817	0.09355	0.01440	0.01192	0.00559	0.00497	0.00153	0.00664	0.00453	0.00302	0.04293
42	0.01157	0.01079	0.01806	0.11663	0.57393	0.01103	0.01391	0.01430	0.01123	0.01578	0.01194	0.08892	0.01125	0.06034	0.00673	0.00186	0.00590	0.00578	0.00280	0.00725
43	0.00888	0.00628	0.00776	0.00711	0.00875	0.00605	0.00542	0.03239	0.08555	0.05655	0.60371	0.03618	0.09472	0.01018	0.00600	0.00166	0.00280	0.00888	0.00565	0.00548
44	0.10468	0.03021	0.04209	0.02271	0.42255	0.07249	0.06883	0.01791	0.11874	0.01782	0.01091	0.01296	0.00878	0.00513	0.00520	0.00159	0.02220	0.00457	0.00302	0.00760
