[name]
unknown

[dist]
# distance from previous block
# <min> <max>
2	53

[block]
# block no. 0 follows, 39 sequences, length 10
# corresponding to MSA columns:
# 55-64
name=unknown_A
#
# <colnr> <probs for GDERKNQSTAVLIFYWHMCP>
#	G	D	E	R	K	N	Q	S	T	A	V	L	I	F	Y	W	H	M	C	P
0	0.01020	0.00782	0.01035	0.00953	0.01142	0.00753	0.05879	0.03488	0.09235	0.04633	0.05755	0.31404	0.13775	0.11709	0.00995	0.00257	0.00447	0.01151	0.00513	0.05072
1	0.00888	0.00671	0.00838	0.00942	0.04948	0.00656	0.00605	0.03644	0.04754	0.01655	0.08303	0.37372	0.12232	0.18286	0.01208	0.00295	0.00419	0.01252	0.00505	0.00528
2	0.00841	0.00629	0.00771	0.00813	0.00911	0.00604	0.00555	0.01055	0.06262	0.01539	0.02859	0.45721	0.07345	0.16249	0.04817	0.00321	0.00459	0.01283	0.00491	0.06475
3	0.00887	0.00665	0.00845	0.06413	0.01133	0.00678	0.00638	0.03556	0.06183	0.01663	0.08938	0.43176	0.05704	0.15373	0.01122	0.00286	0.00429	0.01276	0.00508	0.00528
4	0.01171	0.00827	0.01048	0.10851	0.01459	0.00868	0.00785	0.06783	0.10016	0.07882	0.08507	0.22049	0.07273	0.13666	0.01045	0.00268	0.00488	0.03870	0.00514	0.00630
5	0.01011	0.00706	0.00861	0.00858	0.00958	0.00711	0.00591	0.05932	0.03836	0.04627	0.02477	0.39676	0.02785	0.24469	0.01428	0.00325	0.03251	0.01185	0.00486	0.03826
6	0.03426	0.01031	0.01050	0.00983	0.01169	0.07743	0.00725	0.14318	0.04360	0.02021	0.08229	0.30898	0.06490	0.09092	0.00930	0.00241	0.02601	0.01053	0.00507	0.03131
7	0.03295	0.00776	0.00987	0.03507	0.01122	0.00789	0.02906	0.08378	0.01202	0.03642	0.02097	0.17005	0.05575	0.27457	0.01672	0.10498	0.01925	0.03027	0.00423	0.03717
8	0.03300	0.01124	0.01254	0.01089	0.01367	0.01225	0.00868	0.32474	0.07216	0.02694	0.06010	0.14038	0.02076	0.03486	0.00735	0.00209	0.02638	0.08028	0.09405	0.00762
9	0.01244	0.00980	0.03216	0.04263	0.05289	0.00968	0.00875	0.09464	0.15030	0.06375	0.14875	0.25595	0.02884	0.01158	0.00662	0.00204	0.00458	0.02941	0.00552	0.02968

[dist]
# distance from previous block
# <min> <max>
0	5

[block]
# block no. 1 follows, 39 sequences, length 32
# corresponding to MSA columns:
# 70-101
name=unknown_B
#
# <colnr> <probs for GDERKNQSTAVLIFYWHMCP>
#	G	D	E	R	K	N	Q	S	T	A	V	L	I	F	Y	W	H	M	C	P
0	0.20392	0.02829	0.02980	0.00872	0.01109	0.00870	0.00698	0.01524	0.05146	0.09705	0.18773	0.22088	0.02908	0.01119	0.00605	0.00201	0.00408	0.04342	0.02795	0.00636
1	0.41892	0.08201	0.08567	0.00997	0.01378	0.01251	0.04293	0.01623	0.01155	0.04282	0.06935	0.10711	0.01480	0.00764	0.00514	0.00185	0.02038	0.00583	0.00393	0.02756
2	0.17606	0.08110	0.08046	0.02913	0.01679	0.13112	0.03165	0.01955	0.01266	0.14436	0.01189	0.01461	0.00944	0.00732	0.00842	0.00195	0.18634	0.02595	0.00376	0.00743
3	0.18100	0.03949	0.27209	0.03342	0.01822	0.01201	0.04105	0.01928	0.04699	0.14245	0.05043	0.01778	0.01273	0.07966	0.00766	0.00221	0.00647	0.00530	0.00402	0.00775
4	0.05167	0.03026	0.07891	0.01106	0.01451	0.02938	0.07603	0.05014	0.04569	0.12149	0.21254	0.10815	0.10124	0.00990	0.00633	0.00189	0.00505	0.00862	0.00527	0.03186
5	0.17481	0.01474	0.16690	0.03019	0.08546	0.01175	0.09178	0.03002	0.04736	0.04336	0.12365	0.06712	0.01784	0.00891	0.02716	0.01790	0.02323	0.00651	0.00401	0.00732
6	0.13040	0.05443	0.07650	0.01466	0.07400	0.19891	0.04142	0.10467	0.08411	0.08547	0.06807	0.01593	0.01309	0.00666	0.00547	0.00175	0.00704	0.00513	0.00429	0.00801
7	0.19942	0.01379	0.01582	0.01246	0.01672	0.01478	0.07668	0.35603	0.05546	0.02930	0.01419	0.07082	0.01157	0.00719	0.00550	0.00178	0.00589	0.00576	0.00490	0.08191
8	0.32561	0.04183	0.09471	0.03289	0.03200	0.01215	0.00941	0.05724	0.03349	0.06135	0.06745	0.08082	0.01435	0.00740	0.00543	0.00180	0.02857	0.00560	0.00415	0.08375
9	0.03680	0.03209	0.10564	0.02090	0.22431	0.09692	0.13447	0.01800	0.01388	0.05786	0.07969	0.04968	0.02939	0.00693	0.00640	0.00181	0.03045	0.00626	0.00364	0.04489
10	0.00828	0.00595	0.00814	0.00837	0.00899	0.00646	0.00593	0.00958	0.00954	0.01328	0.01952	0.15746	0.02092	0.26440	0.41813	0.00717	0.01071	0.00879	0.00369	0.00469
11	0.01226	0.01051	0.01226	0.00876	0.01401	0.00788	0.00701	0.01489	0.01226	0.01927	0.01051	0.01226	0.00876	0.00438	0.00438	0.00088	0.00438	0.00350	0.00350	0.82832
12	0.00776	0.00581	0.00721	0.00740	0.00866	0.00527	0.00540	0.00977	0.01443	0.01940	0.37455	0.24516	0.21868	0.01461	0.00716	0.00206	0.00308	0.03238	0.00596	0.00523
13	0.00837	0.00604	0.00790	0.00744	0.00883	0.00558	0.00558	0.01116	0.01674	0.02371	0.75216	0.04417	0.05580	0.01209	0.00697	0.00186	0.00279	0.01069	0.00651	0.00558
14	0.00820	0.00604	0.00767	0.00726	0.00873	0.00551	0.00545	0.01084	0.01634	0.02278	0.66815	0.04572	0.14039	0.01244	0.00698	0.00188	0.00281	0.01091	0.00639	0.00551
15	0.02248	0.01656	0.01775	0.01361	0.01834	0.01834	0.01124	0.73556	0.02780	0.03727	0.01420	0.01420	0.01006	0.00710	0.00592	0.00177	0.00651	0.00532	0.00592	0.01006
16	0.01471	0.01270	0.01337	0.01203	0.01538	0.01471	0.00936	0.03142	0.74459	0.02474	0.02407	0.02206	0.01805	0.00802	0.00602	0.00201	0.00468	0.00669	0.00602	0.00936
17	0.01027	0.00514	0.00770	0.00770	0.00770	0.00514	0.00514	0.00770	0.00770	0.01027	0.01027	0.01798	0.01027	0.02054	0.02311	0.82794	0.00514	0.00514	0.00257	0.00257
18	0.01359	0.01047	0.01240	0.00892	0.01412	0.00796	0.00716	0.01619	0.01270	0.08832	0.01171	0.01300	0.00931	0.00465	0.00453	0.00096	0.00444	0.00373	0.00386	0.75197
19	0.00860	0.00573	0.00645	0.00645	0.00645	0.00573	0.00358	0.00860	0.00860	0.01147	0.01863	0.03870	0.02150	0.79217	0.03010	0.00573	0.00573	0.00860	0.00358	0.00358
20	0.00882	0.00713	0.01032	0.13778	0.07557	0.00721	0.00828	0.01113	0.01348	0.01822	0.25412	0.29360	0.10568	0.01299	0.00690	0.00207	0.00422	0.01162	0.00512	0.00573
21	0.01258	0.17036	0.62807	0.01562	0.02369	0.01550	0.01971	0.01854	0.01240	0.01785	0.01018	0.01194	0.00751	0.00552	0.00529	0.00176	0.00830	0.00415	0.00250	0.00853
22	0.02653	0.01006	0.01372	0.01052	0.01510	0.00869	0.00869	0.02882	0.01693	0.75937	0.02333	0.02013	0.01464	0.00732	0.00595	0.00183	0.00503	0.00595	0.00732	0.01006
23	0.00837	0.00604	0.00790	0.00744	0.00883	0.00558	0.00558	0.01116	0.01674	0.02371	0.75216	0.04417	0.05580	0.01209	0.00697	0.00186	0.00279	0.01069	0.00651	0.00558
24	0.01136	0.01070	0.01808	0.73776	0.07946	0.01319	0.01652	0.01527	0.01191	0.01534	0.01054	0.01571	0.00796	0.00588	0.00591	0.00196	0.00784	0.00526	0.00264	0.00672
25	0.02580	0.04732	0.01476	0.01067	0.01528	0.00992	0.00890	0.06748	0.01730	0.68432	0.02211	0.01930	0.01405	0.00720	0.00584	0.00180	0.00517	0.00578	0.00702	0.00995
26	0.05454	0.01011	0.01355	0.01043	0.01497	0.00885	0.00861	0.02842	0.01669	0.73395	0.02281	0.01976	0.01435	0.00726	0.00587	0.00183	0.00502	0.00585	0.00719	0.00994
27	0.01179	0.00560	0.00827	0.00797	0.00839	0.00547	0.00547	0.00967	0.00856	0.08016	0.01149	0.01818	0.01068	0.01931	0.02151	0.75086	0.00513	0.00521	0.00301	0.00327
28	0.01310	0.04976	0.10367	0.36964	0.11350	0.07341	0.08261	0.01746	0.04842	0.01649	0.01117	0.01502	0.00869	0.00649	0.00665	0.04066	0.00794	0.00518	0.00287	0.00728
29	0.02044	0.01043	0.01342	0.01076	0.01420	0.01037	0.00877	0.13423	0.01786	0.40710	0.18837	0.02407	0.02276	0.00867	0.00743	0.00190	0.07718	0.00687	0.00647	0.00869
30	0.00965	0.00634	0.00827	0.00762	0.00927	0.00579	0.00577	0.01237	0.01666	0.07719	0.67816	0.04280	0.07372	0.01183	0.00690	0.00186	0.00296	0.01040	0.00654	0.00589
31	0.01683	0.40972	0.05898	0.01197	0.03258	0.14454	0.01064	0.10190	0.03358	0.03547	0.01484	0.01549	0.07789	0.00656	0.00484	0.00151	0.00682	0.00465	0.00350	0.00771

[dist]
# distance from previous block
# <min> <max>
0	4

[block]
# block no. 2 follows, 39 sequences, length 47
# corresponding to MSA columns:
# 106-152
name=unknown_C
#
# <colnr> <probs for GDERKNQSTAVLIFYWHMCP>
#	G	D	E	R	K	N	Q	S	T	A	V	L	I	F	Y	W	H	M	C	P
0	0.26279	0.06159	0.06951	0.03048	0.08973	0.09336	0.01091	0.10932	0.06099	0.11873	0.01252	0.01336	0.00930	0.00625	0.00540	0.00179	0.02715	0.00449	0.00422	0.00810
1	0.80909	0.01139	0.00885	0.00786	0.01155	0.01313	0.00647	0.01774	0.01028	0.04909	0.00870	0.00993	0.00666	0.00555	0.00373	0.00183	0.00459	0.00329	0.00377	0.00652
2	0.19223	0.00962	0.00989	0.00891	0.01102	0.01041	0.00656	0.19635	0.01447	0.02234	0.01807	0.17758	0.01869	0.24400	0.01295	0.00309	0.00514	0.00817	0.02436	0.00615
3	0.02208	0.01690	0.01750	0.01350	0.01817	0.05394	0.01109	0.67445	0.02669	0.03550	0.01382	0.01396	0.00989	0.00695	0.00583	0.00173	0.00663	0.00518	0.00569	0.04049
4	0.02636	0.01035	0.01390	0.01066	0.01524	0.00911	0.00880	0.05976	0.01740	0.72776	0.02293	0.01987	0.01444	0.00731	0.00595	0.00183	0.00510	0.00592	0.00726	0.01006
5	0.00822	0.00604	0.00769	0.00728	0.00874	0.00551	0.00546	0.01086	0.01638	0.02286	0.67560	0.04558	0.13289	0.01241	0.00698	0.00188	0.00281	0.01089	0.00640	0.00551
6	0.01595	0.60821	0.12906	0.01159	0.01694	0.10283	0.01186	0.01849	0.01259	0.01463	0.00865	0.01002	0.00758	0.00525	0.00421	0.00138	0.00712	0.00340	0.00258	0.00767
7	0.02601	0.01090	0.01424	0.01092	0.01551	0.00993	0.00902	0.11946	0.01832	0.66676	0.02216	0.01937	0.01405	0.00729	0.00594	0.00182	0.00522	0.00587	0.00714	0.01006
8	0.00837	0.00604	0.00790	0.00744	0.00883	0.00558	0.00558	0.01116	0.01674	0.02371	0.75216	0.04417	0.05580	0.01209	0.00697	0.00186	0.00279	0.01069	0.00651	0.00558
9	0.00833	0.00604	0.00785	0.00740	0.00881	0.00556	0.00555	0.01108	0.01664	0.02349	0.73160	0.04455	0.07650	0.01218	0.00698	0.00186	0.00280	0.01075	0.00648	0.00556
10	0.01476	0.11399	0.49610	0.07022	0.02371	0.01395	0.01786	0.02006	0.01314	0.14381	0.01249	0.01368	0.00875	0.00586	0.00549	0.00180	0.00777	0.00456	0.00333	0.00867
11	0.83394	0.01144	0.00869	0.00778	0.01144	0.01327	0.00640	0.01738	0.01006	0.02653	0.00823	0.00961	0.00640	0.00549	0.00366	0.00183	0.00457	0.00320	0.00366	0.00640
12	0.01102	0.00551	0.00551	0.00551	0.00689	0.00551	0.00413	0.01378	0.01240	0.02205	0.01929	0.02205	0.01516	0.00689	0.00413	0.00138	0.00276	0.00551	0.82500	0.00551
13	0.02208	0.01603	0.01727	0.01337	0.01800	0.01769	0.01100	0.65637	0.07938	0.06508	0.01528	0.01500	0.01082	0.00717	0.00592	0.00179	0.00632	0.00545	0.00598	0.01001
14	0.02228	0.01032	0.01338	0.03929	0.01566	0.00983	0.00889	0.02755	0.16186	0.53165	0.07588	0.02210	0.01805	0.00775	0.00603	0.00187	0.00491	0.00641	0.00683	0.00947
15	0.01102	0.00551	0.00551	0.00551	0.00689	0.00551	0.00413	0.01378	0.01240	0.02205	0.01929	0.02205	0.01516	0.00689	0.00413	0.00138	0.00276	0.00551	0.82500	0.00551
16	0.01186	0.03059	0.76153	0.01686	0.02560	0.01373	0.02185	0.01873	0.01249	0.01873	0.01061	0.01249	0.00749	0.00562	0.00562	0.00187	0.00874	0.00437	0.00250	0.00874
17	0.01122	0.02302	0.50945	0.01614	0.08341	0.01171	0.01745	0.01678	0.01364	0.02003	0.19701	0.02063	0.01979	0.00722	0.00598	0.00186	0.00710	0.00604	0.00354	0.00800
18	0.00721	0.00515	0.00686	0.00823	0.00858	0.00480	0.00549	0.00823	0.01132	0.01510	0.03259	0.78831	0.03911	0.01853	0.00755	0.00240	0.00343	0.01681	0.00549	0.00480
19	0.01139	0.01092	0.01913	0.68600	0.03902	0.01314	0.08379	0.01539	0.01207	0.01554	0.01122	0.01718	0.00870	0.00611	0.00607	0.00199	0.00801	0.02490	0.00274	0.00667
20	0.01102	0.00551	0.00551	0.00551	0.00689	0.00551	0.00413	0.01378	0.01240	0.02205	0.01929	0.02205	0.01516	0.00689	0.00413	0.00138	0.00276	0.00551	0.82500	0.00551
21	0.01581	0.79572	0.03099	0.01012	0.01518	0.02340	0.01012	0.01771	0.01202	0.01391	0.00822	0.00949	0.00759	0.00506	0.00379	0.00126	0.00632	0.00316	0.00253	0.00759
22	0.83394	0.01144	0.00869	0.00778	0.01144	0.01327	0.00640	0.01738	0.01006	0.02653	0.00823	0.00961	0.00640	0.00549	0.00366	0.00183	0.00457	0.00320	0.00366	0.00640
23	0.01527	0.01298	0.01369	0.01215	0.01559	0.01497	0.00950	0.08251	0.69259	0.02565	0.02335	0.02149	0.01747	0.00796	0.00601	0.00199	0.00481	0.00659	0.00601	0.00941
24	0.00837	0.00604	0.00790	0.00744	0.00883	0.00558	0.00558	0.01116	0.01674	0.02371	0.75216	0.04417	0.05580	0.01209	0.00697	0.00186	0.00279	0.01069	0.00651	0.00558
25	0.83394	0.01144	0.00869	0.00778	0.01144	0.01327	0.00640	0.01738	0.01006	0.02653	0.00823	0.00961	0.00640	0.00549	0.00366	0.00183	0.00457	0.00320	0.00366	0.00640
26	0.01199	0.01021	0.01206	0.00881	0.01376	0.00785	0.00704	0.01458	0.01206	0.01887	0.01090	0.01306	0.00920	0.00728	0.05983	0.00150	0.00521	0.00371	0.00348	0.76861
27	0.83394	0.01144	0.00869	0.00778	0.01144	0.01327	0.00640	0.01738	0.01006	0.02653	0.00823	0.00961	0.00640	0.00549	0.00366	0.00183	0.00457	0.00320	0.00366	0.00640
28	0.83394	0.01144	0.00869	0.00778	0.01144	0.01327	0.00640	0.01738	0.01006	0.02653	0.00823	0.00961	0.00640	0.00549	0.00366	0.00183	0.00457	0.00320	0.00366	0.00640
29	0.02248	0.01656	0.01775	0.01361	0.01834	0.01834	0.01124	0.73556	0.02780	0.03727	0.01420	0.01420	0.01006	0.00710	0.00592	0.00177	0.00651	0.00532	0.00592	0.01006
30	0.01226	0.01051	0.01226	0.00876	0.01401	0.00788	0.00701	0.01489	0.01226	0.01927	0.01051	0.01226	0.00876	0.00438	0.00438	0.00088	0.00438	0.00350	0.00350	0.82832
31	0.01629	0.73668	0.02989	0.01051	0.01542	0.08071	0.01022	0.01816	0.01238	0.01396	0.00829	0.00958	0.00759	0.00514	0.00391	0.00128	0.00666	0.00321	0.00257	0.00753
32	0.01186	0.03059	0.76153	0.01686	0.02560	0.01373	0.02185	0.01873	0.01249	0.01873	0.01061	0.01249	0.00749	0.00562	0.00562	0.00187	0.00874	0.00437	0.00250	0.00874
33	0.02206	0.04541	0.01680	0.01468	0.01790	0.67462	0.01114	0.02406	0.03625	0.06878	0.01055	0.01163	0.00841	0.00621	0.00536	0.00155	0.00999	0.00403	0.00342	0.00717
34	0.79842	0.01166	0.00909	0.00803	0.01174	0.01349	0.00662	0.04882	0.01084	0.02700	0.00850	0.00981	0.00656	0.00556	0.00376	0.00183	0.00466	0.00330	0.00376	0.00656
35	0.01186	0.03059	0.76153	0.01686	0.02560	0.01373	0.02185	0.01873	0.01249	0.01873	0.01061	0.01249	0.00749	0.00562	0.00562	0.00187	0.00874	0.00437	0.00250	0.00874
36	0.01482	0.01268	0.01336	0.01194	0.01530	0.01460	0.00931	0.05883	0.69722	0.02501	0.02460	0.02265	0.03670	0.00817	0.00604	0.00200	0.00471	0.00678	0.00600	0.00928
37	0.01420	0.01212	0.01299	0.01192	0.01507	0.01393	0.00938	0.02953	0.67225	0.02404	0.02479	0.02648	0.01963	0.00885	0.00623	0.00208	0.00476	0.07684	0.00596	0.00897
38	0.00719	0.00565	0.00652	0.00718	0.00842	0.00498	0.00514	0.00852	0.01253	0.01565	0.04662	0.38257	0.40686	0.01661	0.00728	0.00221	0.00329	0.04236	0.00549	0.00493
39	0.01581	0.79572	0.03099	0.01012	0.01518	0.02340	0.01012	0.01771	0.01202	0.01391	0.00822	0.00949	0.00759	0.00506	0.00379	0.00126	0.00632	0.00316	0.00253	0.00759
40	0.02653	0.01006	0.01372	0.01052	0.01510	0.00869	0.00869	0.02882	0.01693	0.75937	0.02333	0.02013	0.01464	0.00732	0.00595	0.00183	0.00503	0.00595	0.00732	0.01006
41	0.00762	0.00544	0.00734	0.00871	0.00924	0.00516	0.00621	0.00895	0.01173	0.01556	0.03236	0.65892	0.03820	0.01813	0.00766	0.00246	0.00379	0.14208	0.00548	0.00492
42	0.00775	0.00595	0.00709	0.00694	0.00849	0.00529	0.00515	0.00990	0.01506	0.02006	0.42913	0.10670	0.32369	0.01370	0.00702	0.00195	0.00292	0.01186	0.00604	0.00529
43	0.00953	0.00681	0.00953	0.01089	0.01225	0.00681	0.00953	0.01225	0.01361	0.01770	0.03131	0.06671	0.03403	0.01634	0.00817	0.00272	0.00545	0.71547	0.00545	0.00545
44	0.01878	0.43262	0.02426	0.01254	0.01665	0.37585	0.01074	0.02050	0.01426	0.01418	0.00866	0.01004	0.00760	0.00555	0.00452	0.00139	0.00838	0.00347	0.00277	0.00724
45	0.80501	0.01139	0.00887	0.00788	0.01157	0.01310	0.00649	0.01779	0.01031	0.05279	0.00878	0.00998	0.00670	0.00556	0.00374	0.00183	0.00459	0.00330	0.00379	0.00654
46	0.01429	0.00889	0.01081	0.00952	0.01215	0.00894	0.00739	0.04137	0.20500	0.18303	0.34243	0.07587	0.03481	0.01024	0.00651	0.00192	0.00391	0.00883	0.00648	0.00761

[dist]
# distance from previous block
# <min> <max>
0	21

[block]
# block no. 3 follows, 39 sequences, length 80
# corresponding to MSA columns:
# 174-253
name=unknown_D
#
# <colnr> <probs for GDERKNQSTAVLIFYWHMCP>
#	G	D	E	R	K	N	Q	S	T	A	V	L	I	F	Y	W	H	M	C	P
0	0.01588	0.01244	0.01341	0.01189	0.01535	0.01411	0.00929	0.03117	0.67253	0.09749	0.02400	0.02187	0.01771	0.00795	0.00601	0.00199	0.00472	0.00661	0.00615	0.00943
1	0.00953	0.00681	0.00953	0.01089	0.01225	0.00681	0.00953	0.01225	0.01361	0.01770	0.03131	0.06671	0.03403	0.01634	0.00817	0.00272	0.00545	0.71547	0.00545	0.00545
2	0.01234	0.12343	0.67288	0.01604	0.02433	0.01491	0.02043	0.01860	0.01243	0.01814	0.01032	0.01212	0.00750	0.00555	0.00540	0.00180	0.00845	0.00422	0.00250	0.00860
3	0.00814	0.00604	0.00759	0.00720	0.00870	0.00548	0.00540	0.01072	0.01621	0.02245	0.63887	0.04626	0.16988	0.01256	0.00698	0.00188	0.00282	0.01099	0.00634	0.00548
4	0.83394	0.01144	0.00869	0.00778	0.01144	0.01327	0.00640	0.01738	0.01006	0.02653	0.00823	0.00961	0.00640	0.00549	0.00366	0.00183	0.00457	0.00320	0.00366	0.00640
5	0.02653	0.01006	0.01372	0.01052	0.01510	0.00869	0.00869	0.02882	0.01693	0.75937	0.02333	0.02013	0.01464	0.00732	0.00595	0.00183	0.00503	0.00595	0.00732	0.01006
6	0.00832	0.00604	0.00784	0.00739	0.00881	0.00556	0.00554	0.01107	0.01663	0.02346	0.72954	0.04459	0.07858	0.01218	0.00698	0.00186	0.00280	0.01075	0.00648	0.00556
7	0.12645	0.01023	0.01310	0.01018	0.01464	0.00926	0.00841	0.02741	0.01608	0.66868	0.02146	0.01883	0.01362	0.00709	0.00566	0.00183	0.00498	0.00561	0.00687	0.00961
8	0.04957	0.01064	0.01391	0.01070	0.01526	0.00962	0.00884	0.08706	0.01763	0.67832	0.02214	0.01933	0.01402	0.00725	0.00588	0.00183	0.00514	0.00582	0.00710	0.00996
9	0.00930	0.00664	0.00927	0.01063	0.01189	0.00661	0.00913	0.01185	0.01339	0.01744	0.03144	0.13817	0.03454	0.01655	0.00811	0.00269	0.00525	0.64628	0.00545	0.00538
10	0.01136	0.01071	0.01808	0.73695	0.08024	0.01319	0.01652	0.01528	0.01192	0.01534	0.01054	0.01570	0.00797	0.00588	0.00591	0.00196	0.00784	0.00526	0.00264	0.00672
11	0.01027	0.00795	0.01045	0.00994	0.01128	0.02502	0.00769	0.08257	0.01138	0.01590	0.01555	0.02309	0.01454	0.10191	0.59430	0.00806	0.03461	0.00634	0.00346	0.00568
12	0.00834	0.00607	0.00787	0.00749	0.00891	0.00559	0.00567	0.01107	0.01647	0.02313	0.69311	0.04559	0.08911	0.01238	0.00702	0.00190	0.00289	0.03544	0.00642	0.00555
13	0.01467	0.01374	0.02224	0.03192	0.62960	0.01363	0.01649	0.04237	0.04312	0.02013	0.01169	0.01469	0.00968	0.00536	0.00572	0.00168	0.00666	0.00516	0.00321	0.08825
14	0.01503	0.59901	0.12162	0.08716	0.01912	0.04273	0.01226	0.01775	0.01219	0.01466	0.00878	0.01052	0.00761	0.00524	0.00428	0.00142	0.00691	0.00354	0.00255	0.00761
15	0.73301	0.01127	0.00932	0.00812	0.01189	0.01269	0.00669	0.01881	0.01092	0.11814	0.01012	0.01092	0.00743	0.00572	0.00395	0.00183	0.00463	0.00355	0.00412	0.00686
16	0.00699	0.00599	0.00599	0.00599	0.00799	0.00499	0.00449	0.00849	0.01348	0.01598	0.05991	0.05691	0.75288	0.01498	0.00699	0.00200	0.00300	0.01248	0.00549	0.00499
17	0.01314	0.01439	0.09470	0.26633	0.43961	0.01355	0.01775	0.01710	0.01286	0.01790	0.01141	0.01613	0.00936	0.00579	0.00591	0.00186	0.00742	0.02362	0.00286	0.00833
18	0.02536	0.01033	0.01369	0.01067	0.01512	0.00929	0.00876	0.02908	0.08899	0.68662	0.02340	0.02032	0.01498	0.00739	0.00595	0.00185	0.00500	0.00602	0.00719	0.00999
19	0.02653	0.01006	0.01372	0.01052	0.01510	0.00869	0.00869	0.02882	0.01693	0.75937	0.02333	0.02013	0.01464	0.00732	0.00595	0.00183	0.00503	0.00595	0.00732	0.01006
20	0.01302	0.01248	0.02026	0.38097	0.35370	0.03197	0.01665	0.01645	0.01245	0.01680	0.01062	0.01507	0.00858	0.00617	0.00686	0.02116	0.04107	0.00522	0.00277	0.00771
21	0.00721	0.00515	0.00686	0.00823	0.00858	0.00480	0.00549	0.00823	0.01132	0.01510	0.03259	0.78831	0.03911	0.01853	0.00755	0.00240	0.00343	0.01681	0.00549	0.00480
22	0.00837	0.00604	0.00790	0.00744	0.00883	0.00558	0.00558	0.01116	0.01674	0.02371	0.75216	0.04417	0.05580	0.01209	0.00697	0.00186	0.00279	0.01069	0.00651	0.00558
23	0.00931	0.00665	0.00927	0.01064	0.01190	0.00661	0.00914	0.01187	0.01339	0.01745	0.03144	0.13619	0.03452	0.01655	0.00811	0.00269	0.00525	0.64820	0.00545	0.00538
24	0.01301	0.09439	0.30961	0.03649	0.09251	0.01468	0.27829	0.01808	0.01300	0.01816	0.01197	0.05076	0.00973	0.00593	0.00606	0.00188	0.00853	0.00590	0.00286	0.00818
25	0.01181	0.01127	0.01594	0.01401	0.01427	0.01541	0.01154	0.01331	0.00917	0.01411	0.00980	0.01553	0.00953	0.01892	0.20831	0.00433	0.58836	0.00547	0.00273	0.00617
26	0.01608	0.01339	0.01414	0.01231	0.01590	0.01535	0.00969	0.15576	0.61803	0.02695	0.02233	0.02068	0.01664	0.00786	0.00600	0.00197	0.00500	0.00645	0.00600	0.00948
27	0.07454	0.03783	0.33324	0.02172	0.18595	0.01386	0.17545	0.01806	0.01278	0.01923	0.01176	0.04748	0.00954	0.00595	0.00587	0.00188	0.00803	0.00557	0.00292	0.00834
28	0.01294	0.01294	0.01811	0.01553	0.01553	0.01811	0.01294	0.01423	0.00906	0.01423	0.00776	0.01294	0.00776	0.01035	0.01941	0.00259	0.78134	0.00518	0.00259	0.00647
29	0.01494	0.01282	0.01350	0.01208	0.01547	0.01482	0.00942	0.05264	0.72299	0.02512	0.02377	0.02183	0.01781	0.00800	0.00601	0.00200	0.00474	0.00665	0.00601	0.00938
30	0.00775	0.00557	0.00747	0.00879	0.00944	0.00529	0.00642	0.00920	0.01194	0.01575	0.03320	0.59131	0.06178	0.01788	0.00768	0.00246	0.00390	0.18370	0.00548	0.00496
31	0.00724	0.00521	0.00680	0.00805	0.00848	0.00484	0.00537	0.00826	0.01135	0.01503	0.03365	0.72322	0.07816	0.04361	0.00825	0.00249	0.00348	0.01630	0.00543	0.00477
32	0.01057	0.00653	0.00861	0.00781	0.00959	0.00596	0.00596	0.01330	0.01676	0.11289	0.66381	0.04126	0.05081	0.01151	0.00685	0.00186	0.00306	0.01012	0.00661	0.00612
33	0.83394	0.01144	0.00869	0.00778	0.01144	0.01327	0.00640	0.01738	0.01006	0.02653	0.00823	0.00961	0.00640	0.00549	0.00366	0.00183	0.00457	0.00320	0.00366	0.00640
34	0.01358	0.15784	0.56505	0.01540	0.02313	0.01582	0.01883	0.08955	0.01392	0.01976	0.01057	0.01215	0.00776	0.00567	0.00534	0.00176	0.00811	0.00426	0.00284	0.00868
35	0.08862	0.01425	0.02659	0.05485	0.29132	0.01399	0.34090	0.01807	0.01329	0.01960	0.01174	0.01615	0.00951	0.00546	0.00619	0.00188	0.00805	0.02487	0.00310	0.03158
36	0.02653	0.01006	0.01372	0.01052	0.01510	0.00869	0.00869	0.02882	0.01693	0.75937	0.02333	0.02013	0.01464	0.00732	0.00595	0.00183	0.00503	0.00595	0.00732	0.01006
37	0.02130	0.01578	0.01694	0.01328	0.01778	0.01752	0.01087	0.60355	0.14485	0.05236	0.01603	0.01563	0.01147	0.00726	0.00593	0.00181	0.00617	0.00556	0.00597	0.00994
38	0.02094	0.04612	0.05874	0.01054	0.01482	0.03166	0.00913	0.07829	0.03454	0.45140	0.06351	0.02460	0.11247	0.00834	0.00600	0.00182	0.00520	0.00674	0.00627	0.00887
39	0.00860	0.00573	0.00645	0.00645	0.00645	0.00573	0.00358	0.00860	0.00860	0.01147	0.01863	0.03870	0.02150	0.79217	0.03010	0.00573	0.00573	0.00860	0.00358	0.00358
40	0.02561	0.01059	0.01396	0.01074	0.01524	0.00956	0.00886	0.09831	0.01800	0.66677	0.04332	0.02023	0.01537	0.00743	0.00597	0.00183	0.00511	0.00602	0.00716	0.00994
41	0.00702	0.00588	0.00611	0.00629	0.00807	0.00497	0.00463	0.00845	0.01319	0.01586	0.05625	0.15493	0.65722	0.01545	0.00706	0.00205	0.00305	0.01306	0.00549	0.00497
42	0.02235	0.01622	0.01747	0.01345	0.01813	0.01790	0.01109	0.68891	0.05143	0.06044	0.01483	0.01466	0.01047	0.00714	0.00592	0.00178	0.00640	0.00539	0.00597	0.01003
43	0.00921	0.00658	0.00916	0.01052	0.01174	0.00653	0.00897	0.01170	0.01330	0.01734	0.03149	0.16648	0.03474	0.01664	0.00808	0.00268	0.00517	0.61887	0.00545	0.00536
44	0.83394	0.01144	0.00869	0.00778	0.01144	0.01327	0.00640	0.01738	0.01006	0.02653	0.00823	0.00961	0.00640	0.00549	0.00366	0.00183	0.00457	0.00320	0.00366	0.00640
45	0.00721	0.00515	0.00686	0.00823	0.00858	0.00480	0.00549	0.00823	0.01132	0.01510	0.03259	0.78831	0.03911	0.01853	0.00755	0.00240	0.00343	0.01681	0.00549	0.00480
46	0.01370	0.01081	0.01316	0.00961	0.01457	0.00877	0.02379	0.04701	0.01334	0.07397	0.03058	0.01384	0.01043	0.00508	0.00509	0.00108	0.02546	0.00407	0.00393	0.67172
47	0.83394	0.01144	0.00869	0.00778	0.01144	0.01327	0.00640	0.01738	0.01006	0.02653	0.00823	0.00961	0.00640	0.00549	0.00366	0.00183	0.00457	0.00320	0.00366	0.00640
48	0.01262	0.01072	0.01245	0.00893	0.01417	0.00825	0.00716	0.04010	0.01281	0.01990	0.01064	0.01233	0.00880	0.00447	0.00443	0.00091	0.00445	0.00357	0.00359	0.79969
49	0.01568	0.01198	0.01310	0.01159	0.01494	0.01328	0.00922	0.11750	0.47581	0.08640	0.02588	0.02736	0.06872	0.00908	0.00626	0.00203	0.00490	0.07141	0.00602	0.00885
50	0.02177	0.06716	0.01748	0.01498	0.01812	0.73059	0.01136	0.02331	0.01652	0.01444	0.00909	0.01060	0.00762	0.00604	0.00525	0.00151	0.01044	0.00378	0.00302	0.00689
51	0.00721	0.00515	0.00686	0.00823	0.00858	0.00480	0.00549	0.00823	0.01132	0.01510	0.03259	0.78831	0.03911	0.01853	0.00755	0.00240	0.00343	0.01681	0.00549	0.00480
52	0.02248	0.01656	0.01775	0.01361	0.01834	0.01834	0.01124	0.73556	0.02780	0.03727	0.01420	0.01420	0.01006	0.00710	0.00592	0.00177	0.00651	0.00532	0.00592	0.01006
53	0.02171	0.01618	0.01731	0.01345	0.01805	0.01798	0.01105	0.66582	0.09879	0.03603	0.01518	0.01498	0.01085	0.00719	0.00593	0.00180	0.00633	0.00546	0.00593	0.00999
54	0.01440	0.08976	0.03986	0.01015	0.01483	0.01180	0.00862	0.17281	0.03742	0.02339	0.10713	0.01682	0.01522	0.00618	0.00508	0.00130	0.00499	0.00492	0.00436	0.41096
55	0.01225	0.10636	0.68918	0.01619	0.02456	0.01469	0.02069	0.01863	0.01244	0.01825	0.01038	0.01219	0.00750	0.00556	0.00544	0.00181	0.00850	0.00425	0.00250	0.00863
56	0.02248	0.01656	0.01775	0.01361	0.01834	0.01834	0.01124	0.73556	0.02780	0.03727	0.01420	0.01420	0.01006	0.00710	0.00592	0.00177	0.00651	0.00532	0.00592	0.01006
57	0.00805	0.00617	0.00752	0.00811	0.00950	0.00574	0.00625	0.01031	0.03429	0.01730	0.12325	0.24572	0.29143	0.01570	0.00739	0.00226	0.00374	0.18640	0.00561	0.00525
58	0.06319	0.13496	0.43132	0.01795	0.09008	0.01513	0.10811	0.01876	0.01267	0.03983	0.01071	0.01273	0.00800	0.00547	0.00544	0.00179	0.00803	0.00458	0.00281	0.00843
59	0.01581	0.01366	0.02299	0.03375	0.68197	0.01352	0.01721	0.01921	0.01381	0.09261	0.01233	0.01518	0.00989	0.00547	0.00586	0.00176	0.00683	0.00534	0.00336	0.00944
60	0.01027	0.00514	0.00770	0.00770	0.00770	0.00514	0.00514	0.00770	0.00770	0.01027	0.01027	0.01798	0.01027	0.02054	0.02311	0.82794	0.00514	0.00514	0.00257	0.00257
61	0.01573	0.01292	0.02916	0.01154	0.01493	0.03603	0.00933	0.20474	0.31243	0.05794	0.06188	0.04371	0.11040	0.00923	0.00652	0.00195	0.02244	0.02493	0.00574	0.00847
62	0.01488	0.08641	0.02317	0.07572	0.42349	0.10867	0.08645	0.01805	0.01369	0.01771	0.01358	0.01718	0.04716	0.00611	0.00583	0.00175	0.00752	0.02127	0.00308	0.00826
63	0.01027	0.00514	0.00770	0.00770	0.00770	0.00514	0.00514	0.00770	0.00770	0.01027	0.01027	0.01798	0.01027	0.02054	0.02311	0.82794	0.00514	0.00514	0.00257	0.00257
64	0.01368	0.01499	0.09581	0.17998	0.54273	0.01384	0.01818	0.01761	0.01305	0.01844	0.01095	0.01465	0.00889	0.00543	0.00584	0.00181	0.00736	0.00518	0.00283	0.00876
65	0.03105	0.12497	0.37831	0.03974	0.12123	0.01490	0.13416	0.01845	0.01281	0.03661	0.01133	0.03005	0.00885	0.00572	0.00565	0.00181	0.00807	0.00506	0.00285	0.00839
66	0.15003	0.02468	0.01607	0.01428	0.01758	0.59476	0.03239	0.05261	0.01608	0.01748	0.00930	0.01081	0.00757	0.00601	0.00514	0.00160	0.00951	0.00387	0.00326	0.00695
67	0.16159	0.03300	0.01698	0.12762	0.04446	0.07794	0.06356	0.11743	0.01361	0.02032	0.01100	0.03578	0.00939	0.01004	0.06420	0.00255	0.17473	0.00524	0.00346	0.00711
68	0.01102	0.00551	0.00551	0.00551	0.00689	0.00551	0.00413	0.01378	0.01240	0.02205	0.01929	0.02205	0.01516	0.00689	0.00413	0.00138	0.00276	0.00551	0.82500	0.00551
69	0.01396	0.01595	0.03490	0.02493	0.03091	0.01496	0.73380	0.01894	0.01396	0.01894	0.01196	0.01595	0.00897	0.00499	0.00698	0.00199	0.00997	0.00698	0.00299	0.00798
70	0.01226	0.01051	0.01226	0.00876	0.01401	0.00788	0.00701	0.01489	0.01226	0.01927	0.01051	0.01226	0.00876	0.00438	0.00438	0.00088	0.00438	0.00350	0.00350	0.82832
71	0.02209	0.02819	0.01676	0.01524	0.01828	0.76843	0.01143	0.02361	0.01676	0.01447	0.00914	0.01066	0.00762	0.00609	0.00533	0.00152	0.01066	0.00381	0.00305	0.00686
72	0.00860	0.00573	0.00645	0.00645	0.00645	0.00573	0.00358	0.00860	0.00860	0.01147	0.01863	0.03870	0.02150	0.79217	0.03010	0.00573	0.00573	0.00860	0.00358	0.00358
73	0.01068	0.00757	0.01225	0.35682	0.02267	0.00876	0.01025	0.01106	0.00957	0.01246	0.01038	0.01697	0.00919	0.01391	0.01532	0.45357	0.00638	0.00519	0.00260	0.00438
74	0.01427	0.01377	0.02376	0.10935	0.65917	0.01399	0.04301	0.01788	0.01332	0.01889	0.01109	0.01479	0.00921	0.00532	0.00590	0.00179	0.00721	0.00533	0.00290	0.00904
75	0.02121	0.13628	0.01880	0.01447	0.01785	0.64296	0.01124	0.04199	0.01639	0.01501	0.00915	0.01059	0.00768	0.00598	0.00513	0.00149	0.00994	0.00376	0.00305	0.00705
76	0.00833	0.00604	0.00785	0.00740	0.00881	0.00556	0.00555	0.01109	0.01665	0.02351	0.73360	0.04452	0.07448	0.01217	0.00698	0.00186	0.00280	0.01074	0.00648	0.00556
77	0.00999	0.00681	0.00825	0.00784	0.00958	0.00633	0.00584	0.05814	0.01544	0.07213	0.32667	0.19101	0.21628	0.02930	0.00742	0.00207	0.00343	0.01162	0.00602	0.00585
78	0.01255	0.01068	0.01242	0.00890	0.01414	0.00818	0.00713	0.03542	0.01271	0.01978	0.01062	0.01232	0.00880	0.00446	0.00442	0.00090	0.00444	0.00356	0.00357	0.80501
79	0.03736	0.10220	0.03562	0.06441	0.01513	0.01034	0.00872	0.03753	0.03520	0.29953	0.21116	0.02674	0.07409	0.00863	0.00596	0.00180	0.00479	0.00714	0.00578	0.00786

[dist]
# distance from previous block
# <min> <max>
0	3

[block]
# block no. 4 follows, 39 sequences, length 11
# corresponding to MSA columns:
# 257-267
name=unknown_E
#
# <colnr> <probs for GDERKNQSTAVLIFYWHMCP>
#	G	D	E	R	K	N	Q	S	T	A	V	L	I	F	Y	W	H	M	C	P
0	0.16971	0.09117	0.01676	0.03477	0.03472	0.07189	0.01019	0.36992	0.03825	0.06066	0.01418	0.01461	0.03474	0.00676	0.00529	0.00174	0.00626	0.00492	0.00484	0.00860
1	0.01102	0.00551	0.00551	0.00551	0.00689	0.00551	0.00413	0.01378	0.01240	0.02205	0.01929	0.02205	0.01516	0.00689	0.00413	0.00138	0.00276	0.00551	0.82500	0.00551
2	0.83394	0.01144	0.00869	0.00778	0.01144	0.01327	0.00640	0.01738	0.01006	0.02653	0.00823	0.00961	0.00640	0.00549	0.00366	0.00183	0.00457	0.00320	0.00366	0.00640
3	0.01226	0.01051	0.01226	0.00876	0.01401	0.00788	0.00701	0.01489	0.01226	0.01927	0.01051	0.01226	0.00876	0.00438	0.00438	0.00088	0.00438	0.00350	0.00350	0.82832
4	0.00846	0.00629	0.00927	0.00927	0.01025	0.00727	0.00710	0.01041	0.00944	0.01356	0.01605	0.02441	0.01530	0.10132	0.71246	0.00922	0.01507	0.00651	0.00320	0.00515
5	0.01359	0.01332	0.01942	0.10589	0.11689	0.04100	0.06334	0.05554	0.01162	0.01659	0.00971	0.01431	0.00862	0.01054	0.05937	0.00270	0.42218	0.00535	0.00290	0.00711
6	0.01381	0.01023	0.01264	0.07986	0.01614	0.00893	0.00818	0.07641	0.01432	0.09644	0.07567	0.06988	0.01542	0.00667	0.00525	0.00134	0.00475	0.00559	0.00441	0.47406
7	0.01498	0.01457	0.01670	0.05208	0.25461	0.14176	0.01219	0.11117	0.05648	0.02018	0.04543	0.06635	0.12010	0.00844	0.00663	0.00185	0.03758	0.00700	0.00413	0.00777
8	0.12615	0.25765	0.02079	0.01361	0.05779	0.17278	0.05226	0.01930	0.04078	0.04943	0.01064	0.01256	0.00884	0.00763	0.03657	0.00196	0.07338	0.00426	0.02630	0.00733
9	0.07027	0.08911	0.01329	0.01047	0.02973	0.10944	0.00798	0.05901	0.05631	0.06813	0.05848	0.11644	0.07810	0.05199	0.06191	0.00247	0.00623	0.00722	0.00444	0.09894
10	0.03919	0.00937	0.01119	0.00968	0.01274	0.00899	0.00776	0.14338	0.01635	0.16812	0.08159	0.13495	0.06748	0.01041	0.00623	0.00188	0.00459	0.10049	0.05330	0.11231

[dist]
# distance from previous block
# <min> <max>
15	36

[block]
# block no. 5 follows, 39 sequences, length 20
# corresponding to MSA columns:
# 305-324
name=unknown_F
#
# <colnr> <probs for GDERKNQSTAVLIFYWHMCP>
#	G	D	E	R	K	N	Q	S	T	A	V	L	I	F	Y	W	H	M	C	P
0	0.01684	0.01263	0.01399	0.01149	0.01496	0.01358	0.00913	0.41711	0.07694	0.02866	0.05022	0.11749	0.03239	0.04302	0.05605	0.00248	0.00616	0.00735	0.00545	0.06404
1	0.01617	0.01318	0.01532	0.01526	0.14055	0.05839	0.01035	0.26652	0.01849	0.04344	0.07146	0.03596	0.06183	0.00986	0.05535	0.00215	0.00645	0.00614	0.02221	0.13090
2	0.01319	0.01213	0.01551	0.05321	0.01651	0.08671	0.08782	0.05649	0.01286	0.05051	0.01860	0.14935	0.06916	0.04060	0.05073	0.00260	0.19297	0.00787	0.00392	0.05925
3	0.00830	0.00629	0.00740	0.00710	0.00855	0.00585	0.00516	0.01096	0.04776	0.01983	0.41840	0.04600	0.24697	0.12359	0.01022	0.00246	0.00335	0.01072	0.00578	0.00530
4	0.45394	0.17955	0.01508	0.00958	0.01348	0.09792	0.00813	0.09117	0.01312	0.02345	0.00942	0.01070	0.00754	0.00569	0.00412	0.00165	0.00573	0.00358	0.03912	0.00704
5	0.00962	0.00804	0.01142	0.18783	0.01753	0.00865	0.00895	0.01174	0.01144	0.01590	0.06665	0.27394	0.02274	0.05552	0.07367	0.00283	0.07142	0.00943	0.00405	0.12861
6	0.05007	0.03613	0.01862	0.01525	0.01604	0.01696	0.06645	0.01445	0.00971	0.01519	0.00971	0.06269	0.00980	0.01009	0.01652	0.00246	0.61458	0.00591	0.00285	0.00651
7	0.02130	0.02416	0.01652	0.01450	0.01780	0.55009	0.01113	0.18363	0.01879	0.01958	0.01071	0.01227	0.00863	0.00878	0.05448	0.00209	0.01006	0.00431	0.00370	0.00748
8	0.01294	0.01294	0.01811	0.01553	0.01553	0.01811	0.01294	0.01423	0.00906	0.01423	0.00776	0.01294	0.00776	0.01035	0.01941	0.00259	0.78134	0.00518	0.00259	0.00647
9	0.01581	0.79572	0.03099	0.01012	0.01518	0.02340	0.01012	0.01771	0.01202	0.01391	0.00822	0.00949	0.00759	0.00506	0.00379	0.00126	0.00632	0.00316	0.00253	0.00759
10	0.01471	0.01270	0.01337	0.01203	0.01538	0.01471	0.00936	0.03142	0.74459	0.02474	0.02407	0.02206	0.01805	0.00802	0.00602	0.00201	0.00468	0.00669	0.00602	0.00936
11	0.00699	0.00599	0.00599	0.00599	0.00799	0.00499	0.00449	0.00849	0.01348	0.01598	0.05991	0.05691	0.75288	0.01498	0.00699	0.00200	0.00300	0.01248	0.00549	0.00499
12	0.02273	0.01617	0.01750	0.01342	0.01814	0.01775	0.01108	0.69239	0.02714	0.08138	0.01476	0.01456	0.01034	0.00711	0.00592	0.00178	0.00642	0.00536	0.00600	0.01006
13	0.00938	0.00670	0.00936	0.01072	0.01201	0.00668	0.00927	0.01199	0.01346	0.01753	0.03140	0.11360	0.03436	0.01648	0.00813	0.00270	0.00531	0.67007	0.00545	0.00540
14	0.02604	0.01018	0.01371	0.01059	0.01511	0.00894	0.00872	0.02893	0.04750	0.72851	0.02336	0.02021	0.01478	0.00735	0.00595	0.00184	0.00502	0.00598	0.00726	0.01003
15	0.00855	0.00631	0.00802	0.00755	0.00905	0.00591	0.00567	0.01182	0.04545	0.02335	0.68662	0.04397	0.09120	0.01208	0.00694	0.00187	0.00288	0.01063	0.00644	0.00570
16	0.00715	0.00597	0.00604	0.00604	0.00784	0.00507	0.00440	0.00850	0.01300	0.01553	0.05585	0.05512	0.68096	0.09139	0.00926	0.00236	0.00326	0.01210	0.00530	0.00485
17	0.01581	0.79572	0.03099	0.01012	0.01518	0.02340	0.01012	0.01771	0.01202	0.01391	0.00822	0.00949	0.00759	0.00506	0.00379	0.00126	0.00632	0.00316	0.00253	0.00759
18	0.01382	0.01367	0.02444	0.17185	0.47944	0.01416	0.13523	0.01759	0.01310	0.01831	0.01104	0.01501	0.00897	0.00551	0.00649	0.00186	0.03257	0.00554	0.00287	0.00852
19	0.01248	0.00972	0.02659	0.01091	0.01310	0.05745	0.00934	0.08348	0.01573	0.06764	0.11348	0.05079	0.06261	0.01342	0.00738	0.00234	0.00551	0.42616	0.00552	0.00634

[dist]
# distance from previous block
# <min> <max>
0	1

[block]
# block no. 6 follows, 39 sequences, length 6
# corresponding to MSA columns:
# 326-331
name=unknown_G
#
# <colnr> <probs for GDERKNQSTAVLIFYWHMCP>
#	G	D	E	R	K	N	Q	S	T	A	V	L	I	F	Y	W	H	M	C	P
0	0.57092	0.00970	0.00783	0.00721	0.01034	0.01063	0.00580	0.01455	0.01115	0.02318	0.02467	0.02465	0.24382	0.00851	0.00472	0.00188	0.00407	0.00615	0.00424	0.00596
1	0.01166	0.03341	0.01443	0.12714	0.01674	0.03470	0.03087	0.01442	0.07422	0.01456	0.01396	0.04491	0.01399	0.25794	0.01803	0.00335	0.25977	0.00670	0.00332	0.00586
2	0.00782	0.00591	0.00673	0.00673	0.00786	0.00551	0.00464	0.00904	0.01192	0.01532	0.13220	0.07666	0.33520	0.26451	0.08103	0.00384	0.00498	0.01065	0.00481	0.00464
3	0.02461	0.01664	0.01519	0.01241	0.01652	0.25154	0.00988	0.11575	0.01824	0.43194	0.01767	0.01638	0.01183	0.00690	0.00575	0.00173	0.00701	0.00519	0.00578	0.00904
4	0.00951	0.00620	0.00771	0.00724	0.00843	0.00579	0.00508	0.01132	0.01399	0.06572	0.43678	0.04159	0.07876	0.26005	0.01427	0.00310	0.00388	0.00982	0.00558	0.00520
5	0.57136	0.00972	0.00844	0.00767	0.01061	0.01082	0.00614	0.01540	0.01219	0.02564	0.24484	0.02060	0.02211	0.00759	0.00471	0.00184	0.00401	0.00559	0.00457	0.00614

[dist]
# distance from previous block
# <min> <max>
0	35

[block]
# block no. 7 follows, 39 sequences, length 90
# corresponding to MSA columns:
# 367-379,381-424,427-459
name=unknown_H
#
# <colnr> <probs for GDERKNQSTAVLIFYWHMCP>
#	G	D	E	R	K	N	Q	S	T	A	V	L	I	F	Y	W	H	M	C	P
0	0.01584	0.01245	0.01341	0.01189	0.01535	0.01413	0.00930	0.03117	0.67472	0.09528	0.02400	0.02188	0.01772	0.00796	0.00601	0.00199	0.00471	0.00662	0.00614	0.00943
1	0.02113	0.01558	0.01696	0.01321	0.01759	0.01729	0.01087	0.66594	0.02605	0.03501	0.01436	0.01507	0.01051	0.01068	0.07916	0.00252	0.00740	0.00542	0.00565	0.00960
2	0.01436	0.01201	0.01262	0.01141	0.01456	0.01383	0.00886	0.02973	0.67429	0.02448	0.02361	0.02206	0.01777	0.00791	0.00584	0.00195	0.00450	0.00657	0.08466	0.00899
3	0.02080	0.02603	0.01577	0.01439	0.01715	0.69519	0.01067	0.02217	0.01598	0.01418	0.01005	0.01336	0.00895	0.08157	0.00771	0.00193	0.01019	0.00427	0.00310	0.00654
4	0.75602	0.01193	0.00956	0.00834	0.01210	0.01375	0.00687	0.08634	0.01177	0.02756	0.00881	0.01005	0.00676	0.00564	0.00388	0.00182	0.00476	0.00341	0.00388	0.00676
5	0.02506	0.01011	0.01411	0.08421	0.01756	0.00912	0.00943	0.02750	0.01644	0.68791	0.02210	0.01971	0.01399	0.00718	0.00594	0.00184	0.00531	0.00588	0.00687	0.00973
6	0.01490	0.01290	0.01403	0.01244	0.01553	0.01520	0.00979	0.06208	0.64108	0.02430	0.02205	0.02083	0.01670	0.00820	0.00730	0.00205	0.07934	0.00648	0.00568	0.00911
7	0.00883	0.00627	0.00794	0.08094	0.01029	0.00666	0.00532	0.00948	0.00903	0.01212	0.01748	0.03445	0.01930	0.61776	0.12547	0.00587	0.00728	0.00798	0.00344	0.00409
8	0.01447	0.01394	0.02344	0.03430	0.68424	0.01444	0.01765	0.01777	0.01304	0.01883	0.01080	0.01447	0.00921	0.00576	0.00716	0.00184	0.08138	0.00526	0.00289	0.00909
9	0.00714	0.00591	0.00626	0.00635	0.00813	0.00503	0.00469	0.00872	0.01359	0.01663	0.12376	0.12592	0.61740	0.01504	0.00704	0.00202	0.00302	0.01273	0.00559	0.00503
10	0.01259	0.01070	0.01244	0.00891	0.01415	0.00822	0.00714	0.03781	0.01276	0.01984	0.01063	0.01232	0.00880	0.00447	0.00443	0.00090	0.00445	0.00356	0.00358	0.80230
11	0.75538	0.08675	0.01083	0.00800	0.01180	0.01424	0.00676	0.01741	0.01025	0.02532	0.00823	0.00960	0.00652	0.00545	0.00367	0.00178	0.00474	0.00320	0.00355	0.00652
12	0.01079	0.01000	0.01669	0.70404	0.03764	0.01234	0.01537	0.01445	0.01178	0.01511	0.01263	0.08995	0.01088	0.00712	0.00607	0.00201	0.00746	0.00637	0.00290	0.00640
13	0.00837	0.00604	0.00790	0.00744	0.00883	0.00558	0.00558	0.01116	0.01674	0.02371	0.75216	0.04417	0.05580	0.01209	0.00697	0.00186	0.00279	0.01069	0.00651	0.00558
14	0.83394	0.01144	0.00869	0.00778	0.01144	0.01327	0.00640	0.01738	0.01006	0.02653	0.00823	0.00961	0.00640	0.00549	0.00366	0.00183	0.00457	0.00320	0.00366	0.00640
15	0.01581	0.79572	0.03099	0.01012	0.01518	0.02340	0.01012	0.01771	0.01202	0.01391	0.00822	0.00949	0.00759	0.00506	0.00379	0.00126	0.00632	0.00316	0.00253	0.00759
16	0.81036	0.01140	0.00884	0.00786	0.01154	0.01313	0.00647	0.01772	0.01026	0.04794	0.00868	0.00991	0.00665	0.00554	0.00373	0.00183	0.00459	0.00328	0.00377	0.00651
17	0.01440	0.01072	0.01268	0.00918	0.01433	0.00843	0.00739	0.04792	0.01349	0.10784	0.01219	0.01328	0.00951	0.00485	0.00463	0.00103	0.00455	0.00387	0.00406	0.69563
18	0.00699	0.00599	0.00599	0.00599	0.00799	0.00499	0.00449	0.00849	0.01348	0.01598	0.05991	0.05691	0.75288	0.01498	0.00699	0.00200	0.00300	0.01248	0.00549	0.00499
19	0.02086	0.00948	0.01249	0.00968	0.01386	0.00803	0.00786	0.02329	0.01603	0.49938	0.14174	0.02265	0.02036	0.00756	0.00583	0.00166	0.00454	0.00628	0.00647	0.16196
20	0.83394	0.01144	0.00869	0.00778	0.01144	0.01327	0.00640	0.01738	0.01006	0.02653	0.00823	0.00961	0.00640	0.00549	0.00366	0.00183	0.00457	0.00320	0.00366	0.00640
21	0.02297	0.01577	0.01726	0.01323	0.01794	0.01716	0.01093	0.64939	0.02648	0.12531	0.01531	0.01492	0.01062	0.00713	0.00592	0.00178	0.00633	0.00540	0.00609	0.01006
22	0.02270	0.01621	0.01753	0.01344	0.01816	0.01781	0.01110	0.69663	0.02721	0.07705	0.01470	0.01452	0.01031	0.00711	0.00592	0.00178	0.00643	0.00536	0.00599	0.01006
23	0.02607	0.01081	0.01419	0.01088	0.01547	0.00981	0.00899	0.11042	0.01818	0.67600	0.02228	0.01944	0.01411	0.00729	0.00594	0.00182	0.00520	0.00588	0.00716	0.01006
24	0.00845	0.00634	0.00950	0.00950	0.01056	0.00739	0.00739	0.01056	0.00950	0.01373	0.01584	0.02323	0.01478	0.04435	0.76873	0.00950	0.01584	0.00634	0.00317	0.00528
25	0.13811	0.01025	0.01303	0.01014	0.01459	0.00932	0.00838	0.02724	0.01598	0.65810	0.02124	0.01867	0.01350	0.00707	0.00563	0.00183	0.00497	0.00557	0.00681	0.00956
26	0.01524	0.73486	0.02921	0.00991	0.01469	0.02203	0.00977	0.01720	0.01238	0.01467	0.06556	0.01216	0.01130	0.00560	0.00404	0.00131	0.00605	0.00374	0.00284	0.00743
