[name]
unknown

[dist]
# distance from previous block
# <min> <max>
9	90

[block]
# block no. 0 follows, 46 sequences, length 32
# corresponding to MSA columns:
# 105-136
name=unknown_A
#
# <colnr> <probs for GDERKNQSTAVLIFYWHMCP>
#	G	D	E	R	K	N	Q	S	T	A	V	L	I	F	Y	W	H	M	C	P
0	0.01658	0.01207	0.01326	0.04665	0.01500	0.05657	0.00877	0.35853	0.01805	0.12283	0.04537	0.08091	0.03051	0.00806	0.02426	0.00174	0.03088	0.00577	0.00476	0.09943
1	0.06647	0.00982	0.01136	0.07680	0.01394	0.01035	0.00774	0.23600	0.03319	0.05016	0.09184	0.06707	0.05508	0.07721	0.00751	0.00188	0.03546	0.00614	0.02237	0.11962
2	0.03251	0.01046	0.01406	0.18118	0.01907	0.01125	0.05022	0.18175	0.10108	0.20015	0.04918	0.08243	0.01412	0.00722	0.00569	0.00173	0.01960	0.00611	0.00472	0.00746
3	0.04475	0.00978	0.01178	0.09476	0.01454	0.03479	0.03751	0.18826	0.01431	0.08194	0.05094	0.08260	0.01447	0.08433	0.00767	0.00194	0.03880	0.00603	0.13117	0.04965
4	0.02947	0.00937	0.01040	0.00920	0.01129	0.03960	0.00710	0.17779	0.07092	0.07451	0.01901	0.16945	0.05239	0.06861	0.08066	0.00260	0.05787	0.00730	0.06948	0.03298
5	0.08825	0.01262	0.01459	0.01147	0.01502	0.01387	0.04561	0.44898	0.03257	0.06106	0.03111	0.03258	0.01057	0.00733	0.02322	0.00178	0.06847	0.00501	0.02598	0.04991
6	0.11287	0.01100	0.02497	0.02835	0.01383	0.01140	0.02397	0.26339	0.05600	0.10719	0.01708	0.10055	0.06045	0.02391	0.00621	0.00173	0.04472	0.00608	0.00458	0.08172
7	0.06274	0.00963	0.01183	0.08369	0.01454	0.05263	0.06131	0.06637	0.05803	0.01791	0.11488	0.18803	0.01965	0.02213	0.00614	0.00168	0.03038	0.00731	0.00401	0.16713
8	0.13396	0.01267	0.01372	0.01112	0.01437	0.07618	0.06924	0.29188	0.08388	0.05380	0.03408	0.01695	0.04830	0.05873	0.02269	0.01745	0.02429	0.00526	0.00433	0.00712
9	0.04426	0.01256	0.03617	0.13874	0.07226	0.02481	0.23559	0.03152	0.03352	0.01792	0.01334	0.08320	0.01182	0.02096	0.00684	0.00194	0.03886	0.00620	0.00355	0.16594
10	0.01184	0.01058	0.01565	0.36634	0.10355	0.01192	0.02951	0.09270	0.03320	0.01697	0.01008	0.01334	0.00793	0.00557	0.00629	0.00161	0.08908	0.00451	0.02157	0.14776
11	0.01203	0.00995	0.01162	0.04697	0.01398	0.00849	0.00710	0.10368	0.03204	0.01918	0.01035	0.01182	0.00833	0.00443	0.00418	0.00097	0.00426	0.00353	0.03014	0.65695
12	0.00835	0.00546	0.00746	0.07038	0.01038	0.00527	0.00584	0.00964	0.01082	0.08152	0.07122	0.58039	0.04857	0.04936	0.00735	0.00217	0.00356	0.01262	0.00483	0.00483
13	0.01010	0.00952	0.01607	0.77187	0.06511	0.01178	0.01474	0.01361	0.01063	0.01365	0.00942	0.01406	0.00710	0.00526	0.00528	0.00175	0.00702	0.00470	0.00236	0.00597
14	0.00788	0.00546	0.00755	0.00757	0.00841	0.00610	0.00567	0.00956	0.00880	0.01309	0.01531	0.04165	0.01463	0.14226	0.55385	0.00683	0.01095	0.00607	0.12384	0.00453
15	0.02372	0.00900	0.01227	0.00941	0.01350	0.00777	0.00777	0.02576	0.01513	0.78489	0.02086	0.01799	0.01309	0.00654	0.00532	0.00164	0.00450	0.00532	0.00654	0.00900
16	0.00731	0.00538	0.00684	0.00652	0.00780	0.00491	0.00487	0.00962	0.01449	0.02017	0.67179	0.06195	0.13613	0.01127	0.00625	0.00169	0.00253	0.00990	0.00569	0.00491
17	0.00649	0.00464	0.00618	0.00733	0.00768	0.00433	0.00491	0.00749	0.01035	0.01386	0.06473	0.77413	0.03567	0.01629	0.00672	0.00212	0.00304	0.01477	0.00495	0.00433
18	0.85155	0.01022	0.00777	0.00695	0.01022	0.01186	0.00573	0.01554	0.00900	0.02372	0.00736	0.00859	0.00573	0.00491	0.00327	0.00164	0.00409	0.00286	0.00327	0.00573
19	0.02372	0.00900	0.01227	0.00941	0.01350	0.00777	0.00777	0.02576	0.01513	0.78489	0.02086	0.01799	0.01309	0.00654	0.00532	0.00164	0.00450	0.00532	0.00654	0.00900
20	0.85155	0.01022	0.00777	0.00695	0.01022	0.01186	0.00573	0.01554	0.00900	0.02372	0.00736	0.00859	0.00573	0.00491	0.00327	0.00164	0.00409	0.00286	0.00327	0.00573
21	0.00769	0.00513	0.00577	0.00577	0.00577	0.00513	0.00320	0.00769	0.00769	0.01025	0.01666	0.03460	0.01922	0.81421	0.02691	0.00513	0.00513	0.00769	0.00320	0.00320
22	0.02372	0.00900	0.01227	0.00941	0.01350	0.00777	0.00777	0.02576	0.01513	0.78489	0.02086	0.01799	0.01309	0.00654	0.00532	0.00164	0.00450	0.00532	0.00654	0.00900
23	0.85155	0.01022	0.00777	0.00695	0.01022	0.01186	0.00573	0.01554	0.00900	0.02372	0.00736	0.00859	0.00573	0.00491	0.00327	0.00164	0.00409	0.00286	0.00327	0.00573
24	0.00654	0.00475	0.00619	0.00724	0.00774	0.00440	0.00495	0.00762	0.01057	0.01400	0.06668	0.68828	0.09618	0.01597	0.00670	0.00210	0.00307	0.03771	0.00495	0.00436
25	0.02010	0.01481	0.01587	0.01216	0.01639	0.01639	0.01005	0.76360	0.02486	0.03332	0.01269	0.01269	0.00899	0.00635	0.00529	0.00159	0.00582	0.00476	0.00529	0.00899
26	0.00748	0.00540	0.00707	0.00665	0.00790	0.00499	0.00499	0.00998	0.01496	0.02120	0.77844	0.03949	0.04988	0.01081	0.00624	0.00166	0.00249	0.00956	0.00582	0.00499
27	0.01990	0.00835	0.01117	0.00889	0.01234	0.00742	0.00722	0.02258	0.04730	0.59381	0.17823	0.02253	0.02086	0.00746	0.00551	0.00165	0.00407	0.00623	0.00634	0.00814
28	0.00910	0.00464	0.00697	0.00697	0.00701	0.00469	0.00469	0.00701	0.00697	0.00933	0.00943	0.01630	0.00938	0.01940	0.05828	0.80540	0.00506	0.00464	0.00232	0.00241
29	0.01237	0.01290	0.01607	0.01385	0.01412	0.09224	0.01143	0.01354	0.00877	0.01274	0.00706	0.01137	0.00693	0.00888	0.01612	0.00222	0.72671	0.00451	0.00235	0.00582
30	0.00644	0.00460	0.00613	0.00736	0.00767	0.00429	0.00491	0.00736	0.01012	0.01350	0.02914	0.81076	0.03497	0.01656	0.00675	0.00215	0.00307	0.01503	0.00491	0.00429
31	0.00649	0.00462	0.00612	0.00730	0.00759	0.00433	0.00484	0.00737	0.01003	0.01337	0.02864	0.78010	0.03434	0.04807	0.00754	0.00226	0.00315	0.01474	0.00484	0.00425

[dist]
# distance from previous block
# <min> <max>
0	24

[block]
# block no. 1 follows, 46 sequences, length 38
# corresponding to MSA columns:
# 161-198
name=unknown_B
#
# <colnr> <probs for GDERKNQSTAVLIFYWHMCP>
#	G	D	E	R	K	N	Q	S	T	A	V	L	I	F	Y	W	H	M	C	P
0	0.01253	0.01318	0.04718	0.04903	0.46973	0.01250	0.25164	0.01607	0.01194	0.01678	0.01041	0.01424	0.00858	0.03529	0.00637	0.00178	0.00714	0.00528	0.00264	0.00770
1	0.01179	0.05701	0.07572	0.01604	0.01875	0.03237	0.26067	0.01448	0.01028	0.01452	0.00996	0.03802	0.00905	0.00802	0.02626	0.00213	0.35490	0.03109	0.00261	0.00634
2	0.07121	0.01309	0.01383	0.01096	0.01471	0.01449	0.00896	0.54290	0.11231	0.04936	0.01402	0.01403	0.01015	0.00634	0.00503	0.00158	0.00518	0.00481	0.07867	0.00835
3	0.01415	0.01100	0.01247	0.00928	0.01361	0.01015	0.00754	0.24883	0.01537	0.04271	0.01092	0.01197	0.00849	0.00494	0.00469	0.00111	0.02307	0.00379	0.02927	0.51667
4	0.01274	0.03771	0.14067	0.08993	0.47399	0.04202	0.01537	0.05035	0.01245	0.01719	0.01152	0.01471	0.03194	0.00538	0.00521	0.00161	0.00653	0.02015	0.00277	0.00778
5	0.07161	0.22760	0.43368	0.01354	0.04037	0.03267	0.04322	0.05096	0.01169	0.01683	0.00896	0.01049	0.00686	0.00493	0.00454	0.00152	0.00694	0.00369	0.00249	0.00741
6	0.05137	0.00931	0.01046	0.00940	0.01158	0.00991	0.00718	0.33598	0.01661	0.02280	0.04345	0.40434	0.02279	0.01142	0.00594	0.00187	0.00429	0.00985	0.00502	0.00642
7	0.03977	0.01474	0.01531	0.26187	0.07038	0.23463	0.02591	0.07581	0.01291	0.01600	0.00925	0.01201	0.00739	0.00553	0.00587	0.00155	0.07069	0.00414	0.01799	0.09826
8	0.00687	0.00508	0.00634	0.00684	0.00771	0.00467	0.00488	0.00831	0.01169	0.01552	0.22019	0.37185	0.18352	0.06491	0.00783	0.00216	0.00309	0.05905	0.00503	0.00447
9	0.01337	0.01034	0.01378	0.24338	0.04667	0.01174	0.03851	0.24586	0.03261	0.02154	0.01265	0.01515	0.00963	0.00666	0.02111	0.00173	0.03733	0.00488	0.20630	0.00678
10	0.00677	0.00536	0.00610	0.00595	0.00747	0.00468	0.00445	0.00859	0.01323	0.01717	0.35807	0.06533	0.45329	0.01238	0.00626	0.00174	0.00261	0.01058	0.00529	0.00468
11	0.01413	0.81739	0.02770	0.00905	0.01357	0.02092	0.00905	0.01583	0.01074	0.01244	0.00735	0.00848	0.00678	0.00452	0.00339	0.00113	0.00565	0.00283	0.00226	0.00678
12	0.00653	0.00525	0.00583	0.00592	0.00738	0.00455	0.00435	0.00805	0.01237	0.01560	0.20027	0.16234	0.51635	0.01333	0.00632	0.00181	0.00270	0.01141	0.00510	0.00455
13	0.00749	0.00554	0.00788	0.00792	0.00872	0.00623	0.00592	0.00903	0.00854	0.01206	0.01639	0.04816	0.04147	0.16120	0.61999	0.00753	0.01199	0.00646	0.00303	0.00446
14	0.01413	0.81739	0.02770	0.00905	0.01357	0.02092	0.00905	0.01583	0.01074	0.01244	0.00735	0.00848	0.00678	0.00452	0.00339	0.00113	0.00565	0.00283	0.00226	0.00678
15	0.01085	0.08302	0.73332	0.01464	0.02222	0.01289	0.01879	0.01668	0.01113	0.01644	0.00934	0.01097	0.00670	0.00499	0.00491	0.00164	0.00766	0.00383	0.00223	0.00774
16	0.01255	0.00919	0.00977	0.00893	0.02530	0.09544	0.00677	0.07271	0.03048	0.13958	0.39666	0.05171	0.07284	0.00944	0.00587	0.00167	0.00408	0.03554	0.00536	0.00613
17	0.85155	0.01022	0.00777	0.00695	0.01022	0.01186	0.00573	0.01554	0.00900	0.02372	0.00736	0.00859	0.00573	0.00491	0.00327	0.00164	0.00409	0.00286	0.00327	0.00573
18	0.00644	0.00534	0.00564	0.00561	0.00727	0.00454	0.00419	0.00794	0.01243	0.01529	0.16116	0.07240	0.64735	0.01310	0.00626	0.00178	0.00266	0.01104	0.00505	0.00454
19	0.85155	0.01022	0.00777	0.00695	0.01022	0.01186	0.00573	0.01554	0.00900	0.02372	0.00736	0.00859	0.00573	0.00491	0.00327	0.00164	0.00409	0.00286	0.00327	0.00573
20	0.82404	0.01018	0.00792	0.00703	0.01033	0.01172	0.00579	0.01588	0.00920	0.04902	0.00781	0.00890	0.00597	0.00496	0.00334	0.00164	0.00410	0.00294	0.00338	0.00583
21	0.85155	0.01022	0.00777	0.00695	0.01022	0.01186	0.00573	0.01554	0.00900	0.02372	0.00736	0.00859	0.00573	0.00491	0.00327	0.00164	0.00409	0.00286	0.00327	0.00573
22	0.02372	0.00900	0.01227	0.00941	0.01350	0.00777	0.00777	0.02576	0.01513	0.78489	0.02086	0.01799	0.01309	0.00654	0.00532	0.00164	0.00450	0.00532	0.00654	0.00900
23	0.02010	0.01481	0.01587	0.01216	0.01639	0.01639	0.01005	0.76360	0.02486	0.03332	0.01269	0.01269	0.00899	0.00635	0.00529	0.00159	0.00582	0.00476	0.00529	0.00899
24	0.85155	0.01022	0.00777	0.00695	0.01022	0.01186	0.00573	0.01554	0.00900	0.02372	0.00736	0.00859	0.00573	0.00491	0.00327	0.00164	0.00409	0.00286	0.00327	0.00573
25	0.00836	0.00593	0.00749	0.00719	0.00869	0.00555	0.00562	0.03644	0.01450	0.04157	0.52090	0.04245	0.14551	0.01144	0.00633	0.00179	0.00304	0.11648	0.00556	0.00515
26	0.02065	0.01392	0.01532	0.01174	0.01595	0.01508	0.00970	0.65113	0.02337	0.14789	0.01394	0.01350	0.00961	0.00638	0.00529	0.00159	0.00562	0.00484	0.00548	0.00899
27	0.85155	0.01022	0.00777	0.00695	0.01022	0.01186	0.00573	0.01554	0.00900	0.02372	0.00736	0.00859	0.00573	0.00491	0.00327	0.00164	0.00409	0.00286	0.00327	0.00573
28	0.85155	0.01022	0.00777	0.00695	0.01022	0.01186	0.00573	0.01554	0.00900	0.02372	0.00736	0.00859	0.00573	0.00491	0.00327	0.00164	0.00409	0.00286	0.00327	0.00573
29	0.00644	0.00460	0.00613	0.00736	0.00767	0.00429	0.00491	0.00736	0.01012	0.01350	0.02914	0.81076	0.03497	0.01656	0.00675	0.00215	0.00307	0.01503	0.00491	0.00429
30	0.00650	0.00469	0.00616	0.00722	0.00766	0.00435	0.00487	0.00755	0.01054	0.01406	0.08124	0.72377	0.06976	0.01603	0.00669	0.00210	0.00301	0.01448	0.00497	0.00435
31	0.01157	0.01157	0.01619	0.01388	0.01388	0.01619	0.01157	0.01272	0.00810	0.01272	0.00694	0.01157	0.00694	0.00925	0.01735	0.00231	0.80453	0.00463	0.00231	0.00578
32	0.01096	0.00940	0.01096	0.00783	0.01253	0.00705	0.00626	0.01331	0.01096	0.01723	0.00940	0.01096	0.00783	0.00392	0.00392	0.00078	0.00392	0.00313	0.00313	0.84653
33	0.00755	0.00566	0.00850	0.00850	0.00944	0.00661	0.00661	0.00944	0.00850	0.01227	0.01416	0.02077	0.01322	0.03965	0.79326	0.00850	0.01416	0.00566	0.00283	0.00472
34	0.01978	0.01465	0.01569	0.01210	0.01627	0.01624	0.00997	0.72968	0.05930	0.03280	0.01310	0.01302	0.00932	0.00638	0.00529	0.00160	0.00574	0.00482	0.00529	0.00896
35	0.01096	0.00940	0.01096	0.00783	0.01253	0.00705	0.00626	0.01331	0.01096	0.01723	0.00940	0.01096	0.00783	0.00392	0.00392	0.00078	0.00392	0.00313	0.00313	0.84653
36	0.01308	0.01256	0.02146	0.03245	0.78123	0.01256	0.01622	0.01622	0.01204	0.01727	0.00994	0.01308	0.00837	0.00471	0.00523	0.00157	0.00628	0.00471	0.00262	0.00837
37	0.16572	0.00713	0.00842	0.00735	0.00964	0.00690	0.00578	0.01470	0.01391	0.20093	0.45953	0.02879	0.03317	0.00873	0.00548	0.00165	0.00326	0.00734	0.00552	0.00606

[dist]
# distance from previous block
# <min> <max>
0	1

[block]
# block no. 2 follows, 46 sequences, length 25
# corresponding to MSA columns:
# 200-224
name=unknown_C
#
# <colnr> <probs for GDERKNQSTAVLIFYWHMCP>
#	G	D	E	R	K	N	Q	S	T	A	V	L	I	F	Y	W	H	M	C	P
0	0.01291	0.01239	0.02115	0.07455	0.74046	0.01252	0.01614	0.01608	0.01196	0.01707	0.00991	0.01314	0.00830	0.00474	0.00524	0.00158	0.00632	0.00471	0.00260	0.00824
1	0.00703	0.00515	0.00663	0.00726	0.00802	0.00466	0.00492	0.00811	0.01030	0.01405	0.06734	0.63541	0.03201	0.07125	0.00786	0.00220	0.00326	0.01305	0.00466	0.08682
2	0.00644	0.00460	0.00613	0.00736	0.00767	0.00429	0.00491	0.00736	0.01012	0.01350	0.02914	0.81076	0.03497	0.01656	0.00675	0.00215	0.00307	0.01503	0.00491	0.00429
3	0.00907	0.00459	0.00686	0.00691	0.00692	0.00458	0.00460	0.00691	0.00702	0.00936	0.01002	0.04949	0.01027	0.01829	0.02008	0.81069	0.00453	0.00503	0.00241	0.00238
4	0.03514	0.01155	0.07758	0.45774	0.17152	0.01199	0.04376	0.01414	0.01061	0.01467	0.00933	0.01344	0.00735	0.00592	0.00665	0.03727	0.05790	0.00464	0.00243	0.00638
5	0.76347	0.01029	0.00837	0.00731	0.01067	0.01172	0.00602	0.04186	0.00998	0.07889	0.00852	0.00941	0.00637	0.00507	0.00349	0.00163	0.00418	0.00310	0.00358	0.00607
6	0.10759	0.01159	0.09162	0.01157	0.06837	0.00959	0.00955	0.07869	0.01450	0.48918	0.01714	0.01699	0.01161	0.00635	0.00513	0.00166	0.00503	0.03015	0.00533	0.00835
7	0.01120	0.07661	0.58960	0.01608	0.02320	0.01306	0.16372	0.01672	0.01139	0.01650	0.00958	0.01159	0.00696	0.00488	0.00515	0.00166	0.00789	0.00429	0.00232	0.00761
8	0.06932	0.00568	0.00562	0.00543	0.00677	0.00585	0.00401	0.03894	0.01104	0.01939	0.01632	0.02039	0.01349	0.09898	0.00639	0.00172	0.00300	0.00509	0.65765	0.00493
9	0.00918	0.00459	0.00689	0.00689	0.00689	0.00459	0.00459	0.00689	0.00689	0.00918	0.00918	0.01607	0.00918	0.01837	0.02066	0.84619	0.00459	0.00459	0.00230	0.00230
10	0.04369	0.03751	0.09747	0.12282	0.37839	0.12748	0.06730	0.01688	0.01215	0.03320	0.00970	0.01240	0.00775	0.00495	0.00510	0.00158	0.00706	0.00444	0.00266	0.00746
11	0.01153	0.02605	0.73221	0.01467	0.02222	0.01196	0.01870	0.01738	0.01144	0.07090	0.01029	0.01164	0.00715	0.00513	0.00504	0.00167	0.00758	0.00401	0.00254	0.00790
12	0.01558	0.00916	0.01004	0.00826	0.01098	0.00957	0.00661	0.29120	0.01667	0.13456	0.01607	0.01721	0.01193	0.02472	0.00505	0.00151	0.00405	0.00498	0.39488	0.00697
13	0.00698	0.00504	0.00671	0.00786	0.00850	0.00478	0.00580	0.00832	0.01078	0.01415	0.03034	0.56660	0.07952	0.01585	0.00686	0.00220	0.00352	0.20684	0.00490	0.00446
14	0.02728	0.12807	0.13292	0.04155	0.30913	0.15116	0.02902	0.01679	0.02452	0.01597	0.04515	0.01415	0.01020	0.00547	0.00496	0.00153	0.00679	0.02528	0.00279	0.00728
15	0.00654	0.00467	0.00624	0.00747	0.00782	0.00438	0.00507	0.00753	0.01022	0.01360	0.02908	0.77626	0.03476	0.01647	0.00677	0.00216	0.00315	0.04859	0.00491	0.00432
16	0.00643	0.00463	0.00611	0.00730	0.00765	0.00430	0.00488	0.00737	0.01018	0.01352	0.02994	0.78591	0.05930	0.01646	0.00673	0.00214	0.00305	0.01490	0.00491	0.00430
17	0.01659	0.11596	0.01661	0.18174	0.03875	0.20940	0.01072	0.22606	0.01608	0.06887	0.01229	0.01356	0.03895	0.00592	0.00496	0.00152	0.00679	0.00446	0.00364	0.00713
18	0.00864	0.00616	0.00696	0.00643	0.00830	0.00559	0.00492	0.05741	0.01397	0.06083	0.29073	0.04172	0.41642	0.01144	0.00604	0.00170	0.00291	0.00967	0.03495	0.00519
19	0.02372	0.00900	0.01227	0.00941	0.01350	0.00777	0.00777	0.02576	0.01513	0.78489	0.02086	0.01799	0.01309	0.00654	0.00532	0.00164	0.00450	0.00532	0.00654	0.00900
20	0.01097	0.02726	0.75580	0.01501	0.02262	0.04365	0.01916	0.01692	0.01131	0.01659	0.00943	0.01110	0.00670	0.00504	0.00501	0.00166	0.00788	0.00389	0.00225	0.00775
21	0.01553	0.08334	0.09641	0.15278	0.06780	0.01174	0.10188	0.03633	0.08845	0.24765	0.01467	0.01624	0.01061	0.00591	0.00528	0.00167	0.00604	0.02589	0.00408	0.00769
22	0.02199	0.00919	0.01211	0.00947	0.01334	0.00834	0.00776	0.04609	0.07872	0.66506	0.05516	0.01897	0.01490	0.00678	0.00536	0.00165	0.00442	0.00555	0.00638	0.00876
23	0.01353	0.01050	0.01228	0.07361	0.04954	0.11455	0.04934	0.07404	0.01439	0.14781	0.21684	0.09573	0.05359	0.00879	0.00599	0.01471	0.00510	0.02863	0.00468	0.00635
24	0.12999	0.06945	0.11457	0.02413	0.01465	0.01156	0.04685	0.12809	0.07204	0.04965	0.05404	0.10856	0.02819	0.00724	0.00545	0.00163	0.03511	0.00585	0.00392	0.08904

[dist]
# distance from previous block
# <min> <max>
1	19

[block]
# block no. 3 follows, 46 sequences, length 15
# corresponding to MSA columns:
# 244-258
name=unknown_D
#
# <colnr> <probs for GDERKNQSTAVLIFYWHMCP>
#	G	D	E	R	K	N	Q	S	T	A	V	L	I	F	Y	W	H	M	C	P
0	0.22856	0.30745	0.06967	0.01149	0.08564	0.06510	0.00944	0.05661	0.01159	0.03308	0.02438	0.01071	0.00802	0.00614	0.02994	0.00163	0.00586	0.00352	0.00295	0.02821
1	0.25142	0.16734	0.18401	0.01111	0.04306	0.06839	0.01053	0.05249	0.01191	0.11836	0.01054	0.03129	0.00817	0.00547	0.00431	0.00154	0.00577	0.00391	0.00335	0.00705
2	0.01041	0.00770	0.00872	0.04717	0.01043	0.02491	0.00554	0.04573	0.06734	0.05488	0.01698	0.05232	0.04504	0.40449	0.01576	0.00323	0.00486	0.00657	0.00369	0.16423
3	0.00659	0.00529	0.00592	0.00618	0.00762	0.00462	0.00463	0.00807	0.01204	0.01499	0.12269	0.17905	0.51665	0.01376	0.00642	0.00189	0.00290	0.07117	0.00500	0.00452
4	0.00933	0.03716	0.00813	0.00681	0.00860	0.00582	0.00528	0.01153	0.01428	0.10535	0.52843	0.03800	0.18002	0.01057	0.00602	0.00166	0.00288	0.00912	0.00559	0.00541
5	0.01022	0.00829	0.01227	0.40588	0.02264	0.03242	0.01033	0.03617	0.00991	0.01291	0.01063	0.06191	0.00955	0.01024	0.01064	0.26217	0.04371	0.00524	0.02011	0.00476
6	0.01080	0.01023	0.01734	0.59821	0.23329	0.01196	0.01509	0.01423	0.01096	0.01450	0.00954	0.01383	0.00740	0.00513	0.00527	0.00171	0.00684	0.00470	0.00242	0.00653
7	0.03720	0.01031	0.01579	0.63748	0.05585	0.01246	0.01378	0.12378	0.01267	0.01684	0.00984	0.01369	0.00733	0.00541	0.00522	0.00173	0.00675	0.00465	0.00282	0.00640
8	0.85155	0.01022	0.00777	0.00695	0.01022	0.01186	0.00573	0.01554	0.00900	0.02372	0.00736	0.00859	0.00573	0.00491	0.00327	0.00164	0.00409	0.00286	0.00327	0.00573
9	0.00626	0.00532	0.00539	0.00546	0.00717	0.00445	0.00406	0.00758	0.01195	0.01424	0.05234	0.08865	0.74210	0.01355	0.00627	0.00180	0.00270	0.01135	0.00491	0.00445
10	0.00664	0.00491	0.00621	0.00686	0.00763	0.00448	0.00478	0.00799	0.01154	0.01537	0.20310	0.50785	0.16377	0.01472	0.00655	0.00198	0.00287	0.01314	0.00511	0.00448
11	0.01017	0.00959	0.01619	0.75556	0.08091	0.01179	0.01477	0.01367	0.01066	0.01373	0.00943	0.01403	0.00713	0.00525	0.00528	0.00175	0.00700	0.00470	0.00237	0.00602
12	0.01096	0.00940	0.01096	0.00783	0.01253	0.00705	0.00626	0.01331	0.01096	0.01723	0.00940	0.01096	0.00783	0.00392	0.00392	0.00078	0.00392	0.00313	0.00313	0.84653
13	0.04025	0.00852	0.01097	0.00864	0.01227	0.00740	0.00700	0.03685	0.01426	0.50801	0.08668	0.04969	0.06187	0.00730	0.00527	0.00155	0.00411	0.00603	0.00577	0.11756
14	0.01079	0.00852	0.00973	0.00935	0.01141	0.00926	0.00726	0.04203	0.37066	0.03532	0.10518	0.18065	0.05082	0.01061	0.00604	0.00193	0.00389	0.11467	0.00527	0.00662

[dist]
# distance from previous block
# <min> <max>
0	1

[block]
# block no. 4 follows, 46 sequences, length 11
# corresponding to MSA columns:
# 260-270
name=unknown_E
#
# <colnr> <probs for GDERKNQSTAVLIFYWHMCP>
#	G	D	E	R	K	N	Q	S	T	A	V	L	I	F	Y	W	H	M	C	P
0	0.01103	0.01408	0.28383	0.01113	0.01512	0.00852	0.02994	0.03266	0.01276	0.10811	0.14665	0.09912	0.03696	0.00933	0.00594	0.00187	0.00538	0.15679	0.00426	0.00651
1	0.01292	0.01232	0.02062	0.07322	0.69754	0.01255	0.01570	0.01674	0.05455	0.01734	0.01056	0.01351	0.00874	0.00488	0.00524	0.00159	0.00620	0.00478	0.00276	0.00824
2	0.01673	0.01759	0.01451	0.01355	0.05846	0.36763	0.01003	0.06664	0.15109	0.06348	0.01325	0.01413	0.03787	0.00670	0.00688	0.00164	0.12469	0.00461	0.00361	0.00690
3	0.00875	0.00584	0.00746	0.00779	0.00913	0.00550	0.00601	0.01100	0.04249	0.07875	0.14733	0.28378	0.16106	0.01347	0.00655	0.00202	0.00351	0.18927	0.00519	0.00512
4	0.03018	0.34258	0.09361	0.11526	0.03446	0.10647	0.01087	0.06589	0.03285	0.01527	0.01152	0.02576	0.03500	0.00600	0.00476	0.00148	0.02149	0.03701	0.00288	0.00667
5	0.01055	0.10114	0.01052	0.00870	0.05657	0.00754	0.00643	0.01236	0.01265	0.13025	0.14945	0.10107	0.30360	0.01075	0.00582	0.00173	0.00366	0.05662	0.00484	0.00574
6	0.00916	0.00562	0.00766	0.00841	0.00946	0.00531	0.00647	0.01073	0.01140	0.10435	0.02778	0.46298	0.03087	0.01473	0.00677	0.00218	0.00385	0.26215	0.00508	0.00504
7	0.01436	0.01564	0.02953	0.12744	0.15829	0.27982	0.01142	0.06020	0.06620	0.01585	0.01264	0.08743	0.01152	0.00756	0.01938	0.00178	0.03686	0.03424	0.00325	0.00660
8	0.01344	0.31589	0.24587	0.01542	0.13716	0.03938	0.04337	0.01675	0.01137	0.05797	0.00927	0.01095	0.00742	0.00509	0.00518	0.00148	0.05018	0.00383	0.00258	0.00740
9	0.01749	0.02166	0.01349	0.01249	0.01485	0.65577	0.00930	0.01887	0.01441	0.01348	0.05474	0.10479	0.01256	0.00705	0.00508	0.00147	0.00838	0.00511	0.00316	0.00585
10	0.01988	0.10335	0.01354	0.00918	0.01294	0.00964	0.00768	0.06487	0.04459	0.52527	0.08549	0.01981	0.04594	0.00696	0.00521	0.00159	0.00445	0.00562	0.00580	0.00819

[dist]
# distance from previous block
# <min> <max>
4	8

[block]
# block no. 5 follows, 46 sequences, length 25
# corresponding to MSA columns:
# 281-305
name=unknown_F
#
# <colnr> <probs for GDERKNQSTAVLIFYWHMCP>
#	G	D	E	R	K	N	Q	S	T	A	V	L	I	F	Y	W	H	M	C	P
0	0.01586	0.04443	0.11498	0.11266	0.01844	0.01025	0.05649	0.04063	0.04705	0.28653	0.01402	0.01442	0.00979	0.00554	0.00523	0.00150	0.02176	0.00458	0.00420	0.17165
1	0.08382	0.01302	0.01314	0.01052	0.01405	0.04570	0.00853	0.51287	0.04619	0.02817	0.01648	0.01692	0.07922	0.02639	0.00562	0.00167	0.00526	0.00526	0.05941	0.00778
2	0.00984	0.00698	0.07591	0.00597	0.00779	0.00565	0.00523	0.01262	0.01100	0.01919	0.01644	0.01897	0.01292	0.00720	0.03074	0.00152	0.00335	0.00486	0.73863	0.00518
3	0.08798	0.01073	0.01369	0.34101	0.07242	0.05644	0.01089	0.10227	0.01275	0.01787	0.05289	0.02646	0.03649	0.00668	0.02280	0.00172	0.00604	0.00491	0.00324	0.11271
4	0.00652	0.00517	0.00587	0.00611	0.00741	0.00451	0.00442	0.00796	0.01208	0.01534	0.17897	0.24469	0.45477	0.01374	0.00637	0.00186	0.00274	0.01187	0.00507	0.00451
5	0.01113	0.05836	0.51655	0.08783	0.03741	0.01284	0.16927	0.01644	0.01137	0.01630	0.00964	0.01197	0.00703	0.00490	0.00522	0.00168	0.00784	0.00442	0.00234	0.00746
6	0.01261	0.00920	0.01021	0.00892	0.01151	0.00965	0.00694	0.17479	0.21490	0.06028	0.09907	0.13039	0.09004	0.00892	0.00548	0.00167	0.00391	0.00751	0.08120	0.05279
7	0.00638	0.00499	0.00579	0.00638	0.00742	0.00440	0.00448	0.00756	0.01120	0.01413	0.06555	0.42145	0.39177	0.01485	0.00649	0.00196	0.00286	0.01299	0.00494	0.00440
8	0.03867	0.49541	0.09233	0.01067	0.01470	0.11718	0.01027	0.01668	0.01117	0.04800	0.00821	0.00963	0.00705	0.00532	0.00536	0.00138	0.09536	0.00331	0.00255	0.00675
9	0.05198	0.01539	0.10858	0.14806	0.27827	0.10255	0.01380	0.15965	0.01436	0.01942	0.01053	0.01367	0.00841	0.00553	0.00514	0.00162	0.00673	0.02562	0.00315	0.00754
10	0.04590	0.39849	0.15989	0.01046	0.01511	0.04642	0.04396	0.03210	0.01131	0.01493	0.02774	0.01292	0.03160	0.04700	0.00532	0.00151	0.00594	0.00393	0.00269	0.08278
11	0.05253	0.01128	0.09778	0.00990	0.01391	0.00922	0.00886	0.08919	0.06936	0.43985	0.12362	0.01948	0.01704	0.00693	0.00533	0.00165	0.00467	0.00565	0.00563	0.00813
12	0.02195	0.00862	0.01163	0.00905	0.01287	0.00745	0.00743	0.02398	0.01496	0.70424	0.06296	0.02084	0.05473	0.00713	0.00541	0.00164	0.00430	0.00585	0.00642	0.00855
13	0.01242	0.01461	0.08886	0.05128	0.09422	0.01298	0.52029	0.04525	0.04687	0.01759	0.01232	0.01517	0.03131	0.00502	0.00594	0.00175	0.00800	0.00593	0.00291	0.00730
14	0.06128	0.06047	0.04915	0.08445	0.18594	0.12211	0.01122	0.14263	0.01435	0.10703	0.01254	0.01399	0.02892	0.00654	0.02298	0.00171	0.02317	0.00456	0.03960	0.00737
15	0.00661	0.00480	0.00628	0.00740	0.00792	0.00447	0.00515	0.00771	0.01048	0.01378	0.03122	0.67451	0.10131	0.01610	0.00675	0.00214	0.00320	0.08090	0.00490	0.00436
16	0.00710	0.00529	0.00661	0.00658	0.00779	0.00480	0.00487	0.00912	0.01356	0.01848	0.49748	0.15930	0.19561	0.01231	0.00634	0.00178	0.00268	0.03005	0.00547	0.00477
17	0.01096	0.00940	0.01096	0.00783	0.01253	0.00705	0.00626	0.01331	0.01096	0.01723	0.00940	0.01096	0.00783	0.00392	0.00392	0.00078	0.00392	0.00313	0.00313	0.84653
18	0.38857	0.10440	0.04027	0.02378	0.08591	0.20299	0.00909	0.02859	0.01124	0.01855	0.00797	0.00959	0.00651	0.00519	0.00453	0.00154	0.03874	0.00333	0.00291	0.00632
19	0.00649	0.00483	0.00604	0.00686	0.00757	0.00439	0.00472	0.00763	0.01095	0.01432	0.09755	0.58016	0.19845	0.01539	0.00660	0.00203	0.00293	0.01372	0.00498	0.00439
20	0.01214	0.01005	0.08020	0.04422	0.03084	0.00954	0.00813	0.17768	0.01369	0.02091	0.01434	0.03685	0.01155	0.00881	0.05925	0.00198	0.06496	0.00507	0.38354	0.00624
21	0.00854	0.00582	0.00751	0.00750	0.00873	0.00556	0.00557	0.02403	0.04884	0.05823	0.40481	0.28436	0.03972	0.01241	0.00636	0.00187	0.00306	0.05642	0.00548	0.00519
22	0.01128	0.00959	0.01113	0.00798	0.01266	0.00737	0.00640	0.03960	0.01145	0.01779	0.00951	0.01102	0.00787	0.00400	0.00396	0.00081	0.00398	0.00319	0.00321	0.81718
23	0.00873	0.00785	0.07763	0.00779	0.00906	0.00652	0.00599	0.08032	0.01067	0.01457	0.02037	0.32349	0.02288	0.33578	0.01448	0.00322	0.00457	0.00975	0.03169	0.00464
24	0.06145	0.17864	0.03087	0.01278	0.03171	0.55874	0.01004	0.03191	0.01388	0.01390	0.00810	0.00943	0.00682	0.00523	0.00444	0.00134	0.00833	0.00332	0.00269	0.00636

[dist]
# distance from previous block
# <min> <max>
0	2

[block]
# block no. 6 follows, 46 sequences, length 17
# corresponding to MSA columns:
# 308-324
name=unknown_G
#
# <colnr> <probs for GDERKNQSTAVLIFYWHMCP>
#	G	D	E	R	K	N	Q	S	T	A	V	L	I	F	Y	W	H	M	C	P
0	0.11434	0.00943	0.01186	0.00924	0.01316	0.00875	0.00762	0.07694	0.01514	0.62205	0.04357	0.01728	0.01318	0.00649	0.00512	0.00163	0.00448	0.00514	0.00607	0.00850
1	0.00736	0.00510	0.00597	0.00610	0.00646	0.00493	0.00378	0.00795	0.00941	0.01259	0.12841	0.15544	0.08223	0.51969	0.01938	0.00393	0.00426	0.00933	0.00396	0.00371
2	0.00881	0.00713	0.01015	0.04326	0.01125	0.00871	0.00761	0.03535	0.00898	0.01291	0.01287	0.01998	0.01230	0.11017	0.51726	0.00653	0.15334	0.00561	0.00284	0.00495
3	0.00799	0.00582	0.00769	0.00863	0.00980	0.00566	0.00723	0.00999	0.01170	0.01504	0.03114	0.09963	0.14459	0.07357	0.00856	0.00252	0.00445	0.53659	0.00475	0.00465
4	0.01097	0.00960	0.01207	0.05214	0.01447	0.00757	0.03810	0.01347	0.01100	0.01701	0.00945	0.01127	0.00780	0.00401	0.00409	0.00088	0.00430	0.00335	0.00307	0.76539
5	0.14007	0.15897	0.29710	0.01273	0.04857	0.01296	0.06037	0.04699	0.01126	0.01727	0.01170	0.12191	0.01075	0.00661	0.00503	0.00165	0.02095	0.00534	0.00295	0.00681
6	0.11513	0.00913	0.01177	0.00913	0.01313	0.00822	0.00754	0.02463	0.01445	0.70084	0.01937	0.01696	0.01227	0.00636	0.00509	0.00164	0.00445	0.00505	0.00618	0.00864
7	0.00724	0.00536	0.00684	0.00713	0.00829	0.00496	0.00546	0.00920	0.01293	0.01737	0.35349	0.19841	0.17919	0.01314	0.00654	0.00193	0.00309	0.14942	0.00529	0.00473
8	0.01931	0.02428	0.01478	0.01343	0.01617	0.74137	0.01009	0.02157	0.06506	0.01355	0.00905	0.01021	0.00743	0.00556	0.00481	0.00139	0.00918	0.00358	0.00290	0.00628
9	0.00678	0.00529	0.00615	0.00612	0.00751	0.00466	0.00452	0.00856	0.01305	0.01708	0.35287	0.13004	0.39310	0.01266	0.00630	0.00177	0.00264	0.01092	0.00529	0.00466
10	0.01495	0.01723	0.01541	0.01359	0.01479	0.35008	0.01082	0.01622	0.01107	0.01280	0.00771	0.01100	0.00709	0.00864	0.03801	0.00211	0.43594	0.00414	0.00251	0.00590
11	0.01247	0.01004	0.01160	0.00840	0.01303	0.00820	0.00677	0.10443	0.01278	0.04373	0.01016	0.01140	0.00814	0.00429	0.00413	0.00091	0.00416	0.00340	0.00350	0.71846
12	0.02956	0.01223	0.04170	0.16081	0.19041	0.01194	0.32489	0.01511	0.01158	0.01616	0.01160	0.07977	0.01005	0.00578	0.00598	0.00174	0.02602	0.00609	0.00280	0.03578
13	0.01177	0.01154	0.01511	0.33563	0.10471	0.09593	0.02618	0.01582	0.09497	0.01509	0.01151	0.04089	0.00957	0.00739	0.03365	0.00195	0.09161	0.00505	0.03042	0.04122
14	0.00755	0.00566	0.00850	0.00850	0.00944	0.00661	0.00661	0.00944	0.00850	0.01227	0.01416	0.02077	0.01322	0.03965	0.79326	0.00850	0.01416	0.00566	0.00283	0.00472
15	0.00644	0.00460	0.00613	0.00736	0.00767	0.00429	0.00491	0.00736	0.01012	0.01350	0.02914	0.81076	0.03497	0.01656	0.00675	0.00215	0.00307	0.01503	0.00491	0.00429
16	0.01250	0.10632	0.20811	0.01935	0.06431	0.04079	0.43835	0.01687	0.01204	0.01627	0.00991	0.01267	0.00755	0.00464	0.00553	0.00166	0.00818	0.00513	0.00252	0.00728

[dist]
# distance from previous block
# <min> <max>
0	13

[block]
# block no. 7 follows, 46 sequences, length 10
# corresponding to MSA columns:
# 338-347
name=unknown_H
#
# <colnr> <probs for GDERKNQSTAVLIFYWHMCP>
#	G	D	E	R	K	N	Q	S	T	A	V	L	I	F	Y	W	H	M	C	P
0	0.06848	0.00985	0.04506	0.00951	0.01372	0.00819	0.00816	0.02482	0.01463	0.71045	0.01963	0.01719	0.01241	0.00639	0.00519	0.00164	0.00462	0.00512	0.00618	0.00877
1	0.00644	0.00460	0.00613	0.00736	0.00767	0.00429	0.00491	0.00736	0.01012	0.01350	0.02914	0.81076	0.03497	0.01656	0.00675	0.00215	0.00307	0.01503	0.00491	0.00429
2	0.00775	0.00520	0.00635	0.00635	0.00653	0.00538	0.00393	0.00797	0.00779	0.01057	0.01574	0.03087	0.01749	0.62005	0.17198	0.05561	0.00681	0.00712	0.00308	0.00344
3	0.00844	0.00646	0.00861	0.07638	0.01153	0.00660	0.02223	0.07681	0.03659	0.01585	0.05220	0.52889	0.05289	0.04513	0.00721	0.00214	0.00390	0.02843	0.00465	0.00504
4	0.09488	0.00910	0.01188	0.00919	0.01321	0.00812	0.00759	0.02488	0.01460	0.71946	0.01970	0.01719	0.01245	0.00640	0.00514	0.00164	0.00446	0.00511	0.00626	0.00872
5	0.01046	0.00551	0.00557	0.00535	0.00676	0.00560	0.00407	0.05664	0.01190	0.02051	0.01698	0.01930	0.01328	0.00617	0.00379	0.00125	0.00266	0.00492	0.79411	0.00517
6	0.01275	0.01789	0.26670	0.06904	0.14160	0.04396	0.26216	0.01709	0.01198	0.06191	0.01048	0.01302	0.00781	0.00506	0.00591	0.00171	0.03581	0.00494	0.00272	0.00748
7	0.01662	0.10402	0.01522	0.01250	0.04340	0.43525	0.00943	0.03783	0.10482	0.04218	0.01479	0.01535	0.08530	0.00652	0.00533	0.00149	0.03539	0.00462	0.00339	0.00654
8	0.00787	0.00560	0.00691	0.00742	0.00807	0.00550	0.00509	0.06357	0.01096	0.01460	0.04636	0.49507	0.04863	0.19379	0.01115	0.00277	0.00381	0.05380	0.00458	0.00445
9	0.01546	0.00790	0.01013	0.00842	0.01116	0.00742	0.00670	0.07180	0.05737	0.34006	0.36629	0.02752	0.02976	0.00851	0.00574	0.00165	0.00366	0.00725	0.00606	0.00713

[dist]
# distance from previous block
# <min> <max>
5	12

[block]
# block no. 8 follows, 46 sequences, length 16
# corresponding to MSA columns:
# 360-375
name=unknown_I
#
# <colnr> <probs for GDERKNQSTAVLIFYWHMCP>
#	G	D	E	R	K	N	Q	S	T	A	V	L	I	F	Y	W	H	M	C	P
0	0.01284	0.05382	0.43360	0.05196	0.05982	0.16090	0.10491	0.01761	0.02675	0.01586	0.00955	0.01151	0.00716	0.00505	0.00509	0.00161	0.00801	0.00416	0.00246	0.00732
1	0.00753	0.00515	0.00616	0.00653	0.00750	0.00467	0.00453	0.00867	0.01096	0.04915	0.08260	0.37763	0.24662	0.11311	0.00888	0.00232	0.00321	0.01180	0.03848	0.00449
2	0.01475	0.01372	0.01356	0.01374	0.11297	0.19903	0.00956	0.09820	0.13180	0.05281	0.01314	0.01498	0.01052	0.01059	0.10764	0.00248	0.07889	0.00476	0.08999	0.00687
3	0.00670	0.00475	0.00626	0.00737	0.00771	0.00449	0.00499	0.00763	0.01003	0.01335	0.02791	0.68846	0.03320	0.09014	0.00865	0.00244	0.00338	0.06354	0.00475	0.00423
4	0.00939	0.00836	0.01200	0.01070	0.01130	0.01044	0.03637	0.01089	0.00948	0.01387	0.12773	0.07644	0.01800	0.09925	0.17535	0.00375	0.35162	0.00670	0.00324	0.00512
5	0.01300	0.01300	0.02056	0.08450	0.57895	0.06247	0.06028	0.01600	0.01198	0.01643	0.01092	0.01398	0.02942	0.00522	0.00581	0.00162	0.04057	0.00489	0.00266	0.00776
6	0.01248	0.01500	0.14434	0.06168	0.44272	0.01257	0.16393	0.03400	0.01229	0.01742	0.02657	0.01362	0.00888	0.00491	0.00542	0.00164	0.00699	0.00499	0.00269	0.00787
7	0.01731	0.01319	0.01526	0.04568	0.01626	0.01513	0.01016	0.46345	0.07845	0.06479	0.01241	0.01329	0.00923	0.00685	0.00759	0.00172	0.16108	0.00479	0.00458	0.03877
8	0.00718	0.00555	0.00648	0.00623	0.00768	0.00503	0.00463	0.00947	0.03545	0.01805	0.44057	0.04313	0.33127	0.04742	0.00713	0.00187	0.00273	0.00999	0.00534	0.00480
9	0.01446	0.28568	0.04126	0.01201	0.03334	0.08135	0.05704	0.09261	0.04285	0.05476	0.01048	0.03108	0.00888	0.00691	0.02456	0.00170	0.13937	0.00434	0.02493	0.03243
10	0.04173	0.13852	0.05515	0.11471	0.11192	0.18142	0.01145	0.21070	0.01532	0.01925	0.00990	0.01176	0.00784	0.00691	0.03984	0.00180	0.00722	0.00410	0.00326	0.00722
11	0.00653	0.00467	0.00621	0.00730	0.00769	0.00435	0.00491	0.00759	0.01054	0.01416	0.09381	0.74419	0.03625	0.01607	0.00670	0.00211	0.00302	0.01456	0.00499	0.00435
12	0.01176	0.00992	0.01520	0.11710	0.04071	0.01089	0.12805	0.12639	0.01295	0.05235	0.03711	0.21919	0.04754	0.00934	0.00781	0.00191	0.13363	0.00800	0.00389	0.00626
13	0.04193	0.07362	0.54180	0.01578	0.02253	0.01312	0.16417	0.01657	0.01123	0.01666	0.00945	0.01152	0.00693	0.00499	0.00542	0.00168	0.02849	0.00428	0.00236	0.00748
14	0.00671	0.00477	0.00608	0.00695	0.00732	0.00449	0.00457	0.00756	0.01001	0.01333	0.06560	0.60064	0.06425	0.15931	0.01032	0.00264	0.00339	0.01327	0.00465	0.00414
15	0.05862	0.04054	0.32945	0.01252	0.01816	0.01231	0.03079	0.19220	0.01528	0.21962	0.01303	0.01315	0.00887	0.00569	0.00506	0.00163	0.00627	0.00444	0.00412	0.00824

[dist]
# distance from previous block
# <min> <max>
0	5

[block]
# block no. 9 follows, 46 sequences, length 41
# corresponding to MSA columns:
# 381-421
name=unknown_J
#
# <colnr> <probs for GDERKNQSTAVLIFYWHMCP>
#	G	D	E	R	K	N	Q	S	T	A	V	L	I	F	Y	W	H	M	C	P
0	0.69992	0.06867	0.08048	0.00794	0.01173	0.01262	0.00730	0.02998	0.00962	0.02247	0.00766	0.00889	0.00595	0.00492	0.00348	0.00160	0.00457	0.00299	0.00314	0.00605
1	0.06919	0.18387	0.54256	0.01316	0.01975	0.03299	0.01597	0.01688	0.03081	0.01641	0.00919	0.01063	0.00690	0.00498	0.00458	0.00156	0.00707	0.00366	0.00240	0.00744
2	0.00755	0.00566	0.00850	0.00850	0.00944	0.00661	0.00661	0.00944	0.00850	0.01227	0.01416	0.02077	0.01322	0.03965	0.79326	0.00850	0.01416	0.00566	0.00283	0.00472
3	0.01460	0.66360	0.06539	0.01015	0.01470	0.08440	0.02679	0.04333	0.01166	0.01356	0.00780	0.00899	0.00689	0.00469	0.00372	0.00121	0.00617	0.00308	0.00242	0.00687
4	0.02247	0.00980	0.01264	0.00974	0.01374	0.00906	0.00803	0.14534	0.01671	0.63134	0.05037	0.01801	0.01392	0.00668	0.00535	0.00163	0.00463	0.00540	0.00631	0.00883
5	0.00747	0.00542	0.00705	0.00670	0.00796	0.00500	0.00506	0.00992	0.01478	0.02079	0.73025	0.04049	0.07540	0.01101	0.00627	0.00169	0.00257	0.03144	0.00576	0.00497
6	0.00657	0.00537	0.00580	0.00569	0.00734	0.00460	0.00427	0.00821	0.01280	0.01607	0.24109	0.04793	0.59043	0.01272	0.00624	0.00175	0.00263	0.01074	0.00514	0.00460
7	0.00672	0.00537	0.00600	0.00585	0.00743	0.00466	0.00439	0.00849	0.01316	0.01690	0.32846	0.04656	0.50254	0.01241	0.00624	0.00174	0.00261	0.01055	0.00525	0.00466
8	0.00985	0.00493	0.00493	0.00493	0.00616	0.00493	0.00370	0.01232	0.01109	0.01971	0.01725	0.01971	0.01355	0.00616	0.00370	0.00123	0.00246	0.00493	0.84356	0.00493
9	0.00685	0.00499	0.00651	0.00756	0.00805	0.00479	0.00517	0.00854	0.04649	0.01425	0.05666	0.72396	0.03450	0.01585	0.00668	0.00212	0.00315	0.03437	0.00496	0.00453
10	0.85155	0.01022	0.00777	0.00695	0.01022	0.01186	0.00573	0.01554	0.00900	0.02372	0.00736	0.00859	0.00573	0.00491	0.00327	0.00164	0.00409	0.00286	0.00327	0.00573
11	0.05886	0.01001	0.01256	0.00970	0.01372	0.00944	0.00800	0.15809	0.01653	0.59980	0.01872	0.01666	0.01204	0.00643	0.00519	0.00162	0.00467	0.00510	0.02408	0.00877
12	0.05780	0.01211	0.01906	0.22487	0.52230	0.04186	0.01504	0.01569	0.01161	0.01650	0.00960	0.01296	0.00784	0.00489	0.00512	0.00161	0.00648	0.00456	0.00259	0.00751
13	0.01742	0.00827	0.01075	0.00875	0.01181	0.00763	0.00707	0.09336	0.01596	0.42937	0.27893	0.02589	0.02569	0.00819	0.00568	0.00166	0.00395	0.02597	0.00613	0.00752
14	0.04595	0.31566	0.06720	0.02914	0.01443	0.09351	0.00920	0.07684	0.03402	0.16017	0.06792	0.01396	0.01174	0.00579	0.00446	0.00141	0.00558	0.00427	0.03159	0.00716
15	0.01058	0.00770	0.00933	0.00941	0.03206	0.00804	0.00697	0.16045	0.04028	0.01763	0.02111	0.15279	0.02248	0.24200	0.01231	0.00295	0.00488	0.22926	0.00443	0.00535
16	0.00644	0.00460	0.00613	0.00736	0.00767	0.00429	0.00491	0.00736	0.01012	0.01350	0.02914	0.81076	0.03497	0.01656	0.00675	0.00215	0.00307	0.01503	0.00491	0.00429
17	0.01154	0.00943	0.01104	0.00797	0.01260	0.00723	0.00638	0.01419	0.03001	0.04861	0.01016	0.01147	0.00825	0.00410	0.00401	0.00084	0.00395	0.00329	0.00333	0.79162
18	0.09502	0.02526	0.68718	0.01446	0.02175	0.01227	0.03926	0.01663	0.01098	0.01745	0.00931	0.01099	0.00664	0.00499	0.00488	0.00167	0.00747	0.00387	0.00235	0.00758
19	0.00649	0.00467	0.00608	0.00718	0.00755	0.00434	0.00478	0.00739	0.01010	0.01337	0.02978	0.73255	0.07277	0.05628	0.00773	0.00228	0.00315	0.01446	0.00482	0.00425
20	0.01899	0.01278	0.01442	0.01196	0.04273	0.01378	0.00939	0.44508	0.16135	0.17045	0.01586	0.01516	0.01117	0.00647	0.00527	0.00163	0.00521	0.00509	0.02444	0.00876
21	0.71532	0.01273	0.03005	0.00808	0.01140	0.11821	0.00671	0.01633	0.00987	0.02206	0.00753	0.00879	0.00590	0.00498	0.00352	0.00160	0.00493	0.00296	0.00317	0.00584
22	0.01154	0.01164	0.04536	0.34026	0.37274	0.03318	0.01483	0.01484	0.01161	0.01569	0.03813	0.01617	0.01013	0.00560	0.00535	0.00168	0.00654	0.03499	0.00271	0.00702
23	0.00644	0.00460	0.00613	0.00736	0.00767	0.00429	0.00491	0.00736	0.01012	0.01350	0.02914	0.81076	0.03497	0.01656	0.00675	0.00215	0.00307	0.01503	0.00491	0.00429
24	0.01096	0.00940	0.01096	0.00783	0.01253	0.00705	0.00626	0.01331	0.01096	0.01723	0.00940	0.01096	0.00783	0.00392	0.00392	0.00078	0.00392	0.00313	0.00313	0.84653
25	0.00644	0.00460	0.00613	0.00736	0.00767	0.00429	0.00491	0.00736	0.01012	0.01350	0.02914	0.81076	0.03497	0.01656	0.00675	0.00215	0.00307	0.01503	0.00491	0.00429
26	0.01046	0.00965	0.01586	0.76405	0.03546	0.01197	0.01446	0.04910	0.01125	0.01445	0.00955	0.01403	0.00714	0.00534	0.00529	0.00175	0.00699	0.00470	0.00249	0.00602
27	0.01351	0.01120	0.01183	0.01074	0.01361	0.03376	0.00849	0.06065	0.59989	0.04930	0.02146	0.02368	0.01709	0.00793	0.00558	0.00184	0.00450	0.09170	0.00528	0.00795
28	0.00985	0.00493	0.00493	0.00493	0.00616	0.00493	0.00370	0.01232	0.01109	0.01971	0.01725	0.01971	0.01355	0.00616	0.00370	0.00123	0.00246	0.00493	0.84356	0.00493
29	0.00998	0.00940	0.01586	0.80150	0.03641	0.01175	0.01468	0.01351	0.01057	0.01351	0.00940	0.01409	0.00705	0.00529	0.00529	0.00176	0.00705	0.00470	0.00235	0.00587
30	0.85155	0.01022	0.00777	0.00695	0.01022	0.01186	0.00573	0.01554	0.00900	0.02372	0.00736	0.00859	0.00573	0.00491	0.00327	0.00164	0.00409	0.00286	0.00327	0.00573
31	0.00735	0.00540	0.00689	0.00652	0.00782	0.00493	0.00489	0.00973	0.01466	0.02048	0.70270	0.04068	0.12607	0.01108	0.00624	0.00168	0.00251	0.00973	0.00572	0.00493
32	0.00679	0.00553	0.00603	0.00588	0.00754	0.00485	0.00441	0.00883	0.03349	0.01649	0.26144	0.04675	0.54840	0.01248	0.00622	0.00175	0.00267	0.01056	0.00518	0.00472
33	0.02125	0.00890	0.01176	0.00933	0.01304	0.00805	0.00759	0.02457	0.09085	0.64325	0.06048	0.04551	0.01602	0.00716	0.00542	0.00167	0.00432	0.00592	0.00633	0.00857
34	0.03180	0.05283	0.15975	0.01517	0.06549	0.01527	0.03685	0.01404	0.00920	0.01414	0.00775	0.01146	0.00699	0.00770	0.01294	0.00206	0.52339	0.00442	0.00235	0.00641
35	0.00692	0.00487	0.00634	0.00734	0.00769	0.00466	0.00501	0.00784	0.00990	0.01315	0.02664	0.57582	0.03145	0.16731	0.01063	0.00274	0.00367	0.09927	0.00458	0.00415
36	0.01202	0.04475	0.14867	0.05063	0.06217	0.01331	0.50612	0.01634	0.01188	0.01638	0.01049	0.02843	0.00821	0.00502	0.00634	0.00176	0.04205	0.00571	0.00260	0.00713
37	0.00658	0.00475	0.00629	0.00738	0.00782	0.00438	0.00495	0.00755	0.01015	0.01361	0.02852	0.78569	0.03411	0.01617	0.00666	0.00210	0.00309	0.01466	0.00485	0.03069
38	0.04152	0.00980	0.01176	0.00885	0.01268	0.00881	0.00717	0.01329	0.01039	0.01668	0.00890	0.01098	0.00760	0.00488	0.00623	0.00108	0.14316	0.00338	0.00299	0.66985
39	0.05866	0.37459	0.13069	0.01055	0.01523	0.04433	0.01038	0.17523	0.01425	0.08065	0.01128	0.01183	0.03059	0.00546	0.00431	0.00140	0.00587	0.00386	0.00339	0.00743
40	0.01523	0.34888	0.08494	0.04120	0.01604	0.17071	0.01067	0.12184	0.01325	0.01587	0.00865	0.01055	0.00736	0.02088	0.00609	0.00151	0.09302	0.00366	0.00280	0.00684

[dist]
