[name]
unknown

[dist]
# distance from previous block
# <min> <max>
0	203

[block]
# block no. 0 follows, 49 sequences, length 20
# corresponding to MSA columns:
# 222-241
name=unknown_A
#
# <colnr> <probs for GDERKNQSTAVLIFYWHMCP>
#	G	D	E	R	K	N	Q	S	T	A	V	L	I	F	Y	W	H	M	C	P
0	0.07651	0.05175	0.03610	0.00878	0.01182	0.00940	0.00731	0.11748	0.10791	0.22384	0.09543	0.10235	0.03733	0.00776	0.00507	0.00159	0.00413	0.03104	0.02347	0.04092
1	0.08514	0.04194	0.01112	0.00881	0.01174	0.00979	0.00716	0.19739	0.07719	0.20807	0.13179	0.06371	0.06755	0.00799	0.00521	0.00163	0.00415	0.04761	0.00509	0.00692
2	0.02824	0.03678	0.03516	0.00956	0.01278	0.02422	0.00792	0.25680	0.10399	0.20662	0.16610	0.05581	0.01883	0.00735	0.00521	0.00158	0.00444	0.00602	0.00518	0.00739
3	0.06082	0.10120	0.10704	0.01073	0.01460	0.09046	0.00964	0.34340	0.04430	0.04669	0.09595	0.02808	0.01280	0.00624	0.00481	0.00149	0.00555	0.00476	0.00415	0.00729
4	0.06869	0.02888	0.11365	0.01024	0.01458	0.01089	0.03175	0.22515	0.05582	0.13948	0.03731	0.02487	0.01037	0.00554	0.00465	0.00138	0.00495	0.00441	0.00415	0.20324
5	0.09822	0.06690	0.12476	0.03572	0.04746	0.00930	0.00899	0.06115	0.01255	0.22062	0.10370	0.12925	0.01742	0.00771	0.00508	0.00163	0.00463	0.03391	0.00435	0.00665
6	0.11797	0.01124	0.04284	0.01003	0.01356	0.01114	0.04152	0.21446	0.17990	0.02193	0.01439	0.06685	0.01216	0.00659	0.00482	0.00151	0.00466	0.05011	0.00417	0.17015
7	0.03642	0.13936	0.26742	0.00983	0.01440	0.01032	0.01041	0.03012	0.01193	0.07558	0.19210	0.01705	0.01675	0.00599	0.00464	0.00138	0.00498	0.00481	0.00348	0.14304
8	0.01073	0.04667	0.74483	0.01405	0.02130	0.01179	0.01797	0.01633	0.01081	0.04650	0.00945	0.01086	0.00665	0.00485	0.00477	0.00159	0.00729	0.00376	0.00230	0.00749
9	0.01014	0.02616	0.79609	0.01441	0.02189	0.01174	0.01868	0.01601	0.01068	0.01601	0.00907	0.01068	0.00641	0.00480	0.00480	0.00160	0.00747	0.00374	0.00214	0.00747
10	0.00683	0.00495	0.00646	0.00736	0.00807	0.00469	0.00549	0.00818	0.01050	0.01377	0.06461	0.43616	0.10985	0.06608	0.00776	0.00226	0.00349	0.22465	0.00462	0.00424
11	0.01322	0.01072	0.01145	0.01021	0.01313	0.01225	0.00797	0.02673	0.73277	0.07037	0.02054	0.01876	0.01525	0.00682	0.00514	0.00171	0.00402	0.00568	0.00522	0.00804
12	0.00626	0.00447	0.00599	0.00716	0.00750	0.00420	0.00487	0.00722	0.00978	0.01302	0.02781	0.77932	0.03322	0.01574	0.00648	0.00207	0.00302	0.05302	0.00469	0.00414
13	0.01201	0.00915	0.01048	0.02682	0.02923	0.00995	0.00748	0.05371	0.42359	0.08445	0.15717	0.02552	0.07363	0.00807	0.00543	0.00170	0.00385	0.04560	0.00513	0.00703
14	0.00797	0.00536	0.00696	0.00645	0.00782	0.00490	0.00488	0.01028	0.01420	0.06311	0.71292	0.03711	0.07830	0.01022	0.00592	0.00159	0.00250	0.00899	0.00557	0.00496
15	0.01219	0.01168	0.01994	0.11677	0.70756	0.01193	0.01536	0.01523	0.01136	0.01612	0.00945	0.01262	0.00787	0.00457	0.00501	0.00152	0.00609	0.00450	0.00247	0.00775
16	0.00878	0.00439	0.00659	0.00659	0.00659	0.00439	0.00439	0.00659	0.00659	0.00878	0.00878	0.01537	0.00878	0.01757	0.01976	0.85288	0.00439	0.00439	0.00220	0.00220
17	0.01797	0.01359	0.01486	0.04257	0.05904	0.04407	0.00977	0.61480	0.02139	0.04851	0.03514	0.01315	0.00979	0.00604	0.00503	0.00151	0.00557	0.00465	0.02440	0.00815
18	0.85801	0.00978	0.00743	0.00665	0.00978	0.01134	0.00548	0.01486	0.00861	0.02269	0.00704	0.00821	0.00548	0.00469	0.00313	0.00156	0.00391	0.00274	0.00313	0.00548
19	0.01288	0.01312	0.02043	0.07708	0.60199	0.08713	0.08211	0.01586	0.01173	0.01587	0.00938	0.01235	0.00776	0.00459	0.00505	0.00151	0.00657	0.00452	0.00250	0.00755

[dist]
# distance from previous block
# <min> <max>
0	1

[block]
# block no. 1 follows, 49 sequences, length 37
# corresponding to MSA columns:
# 243-279
name=unknown_B
#
# <colnr> <probs for GDERKNQSTAVLIFYWHMCP>
#	G	D	E	R	K	N	Q	S	T	A	V	L	I	F	Y	W	H	M	C	P
0	0.01063	0.11107	0.67291	0.01358	0.02048	0.01267	0.01705	0.01648	0.05057	0.01584	0.00945	0.01083	0.00688	0.00486	0.00465	0.00155	0.00707	0.00373	0.00229	0.00740
1	0.00780	0.00632	0.00998	0.00921	0.01032	0.00721	0.06484	0.00962	0.00834	0.01195	0.01310	0.01995	0.01238	0.09550	0.63719	0.00706	0.05636	0.00556	0.00270	0.00463
2	0.01230	0.01057	0.01119	0.01009	0.01286	0.01217	0.00784	0.02597	0.74186	0.02111	0.06034	0.01985	0.01711	0.00704	0.00519	0.00171	0.00392	0.00589	0.00517	0.00784
3	0.00747	0.00521	0.00683	0.00645	0.00767	0.00480	0.00483	0.00978	0.01411	0.03783	0.73569	0.07289	0.04625	0.01049	0.00597	0.00161	0.00245	0.00929	0.00554	0.00483
4	0.00948	0.00893	0.01521	0.75514	0.03347	0.01099	0.03521	0.01277	0.01015	0.01301	0.00979	0.04616	0.00785	0.00547	0.00514	0.00170	0.00664	0.00494	0.00236	0.00559
5	0.00817	0.00543	0.00702	0.00668	0.00808	0.00496	0.00512	0.01035	0.01366	0.07364	0.57180	0.07056	0.11662	0.01079	0.00600	0.00168	0.00273	0.06632	0.00542	0.00496
6	0.00994	0.00533	0.00576	0.00551	0.00690	0.00530	0.00424	0.04280	0.01177	0.04564	0.11279	0.02229	0.01769	0.00676	0.00408	0.00130	0.00264	0.03300	0.65126	0.00501
7	0.63921	0.00938	0.00839	0.00716	0.01043	0.01026	0.00589	0.01711	0.01005	0.20577	0.01033	0.01061	0.00733	0.00509	0.00360	0.00156	0.00397	0.00334	0.02433	0.00620
8	0.01352	0.82533	0.02650	0.00865	0.01298	0.02001	0.00865	0.01514	0.01027	0.01190	0.00703	0.00811	0.00649	0.00433	0.00324	0.00108	0.00541	0.00270	0.00216	0.00649
9	0.01352	0.82533	0.02650	0.00865	0.01298	0.02001	0.00865	0.01514	0.01027	0.01190	0.00703	0.00811	0.00649	0.00433	0.00324	0.00108	0.00541	0.00270	0.00216	0.00649
10	0.01554	0.01217	0.01298	0.01082	0.01419	0.01374	0.00865	0.33444	0.45271	0.04252	0.01709	0.01606	0.01256	0.00652	0.00511	0.00163	0.00465	0.00522	0.00513	0.00826
11	0.00693	0.00499	0.00657	0.00660	0.00756	0.00463	0.00483	0.00893	0.01309	0.01831	0.58014	0.23460	0.04371	0.01180	0.00611	0.00172	0.00257	0.02698	0.00533	0.00460
12	0.62717	0.00930	0.00840	0.00722	0.01044	0.01014	0.00591	0.01691	0.01005	0.20653	0.01089	0.04026	0.00819	0.00548	0.00372	0.00158	0.00397	0.00373	0.00393	0.00617
13	0.01014	0.02616	0.79609	0.01441	0.02189	0.01174	0.01868	0.01601	0.01068	0.01601	0.00907	0.01068	0.00641	0.00480	0.00480	0.00160	0.00747	0.00374	0.00214	0.00747
14	0.00616	0.00440	0.00587	0.00704	0.00733	0.00411	0.00469	0.00704	0.00968	0.01291	0.02787	0.81899	0.03344	0.01584	0.00645	0.00205	0.00293	0.01438	0.00469	0.00411
15	0.01252	0.01201	0.02053	0.03104	0.79074	0.01201	0.01552	0.01552	0.01151	0.01652	0.00951	0.01252	0.00801	0.00451	0.00501	0.00150	0.00601	0.00451	0.00250	0.00801
16	0.00931	0.00859	0.01430	0.67823	0.06216	0.01043	0.01305	0.01241	0.01018	0.01314	0.01133	0.08836	0.00998	0.00632	0.00525	0.00173	0.00629	0.03083	0.00256	0.00554
17	0.00944	0.00884	0.01488	0.78504	0.03397	0.01101	0.01375	0.01274	0.01010	0.01292	0.00958	0.03865	0.00758	0.00539	0.00510	0.00170	0.00662	0.00480	0.00232	0.00557
18	0.00598	0.00512	0.00512	0.00512	0.00683	0.00427	0.00384	0.00726	0.01153	0.01366	0.05123	0.04866	0.78869	0.01281	0.00598	0.00171	0.00256	0.01067	0.00470	0.00427
19	0.00943	0.00471	0.00471	0.00471	0.00589	0.00471	0.00353	0.01178	0.01060	0.01885	0.01650	0.01885	0.01296	0.00589	0.00353	0.00118	0.00236	0.00471	0.85036	0.00471
20	0.00995	0.02303	0.65670	0.01416	0.02072	0.01111	0.07732	0.01515	0.01057	0.01558	0.01048	0.05517	0.00850	0.04260	0.00594	0.00178	0.00720	0.00465	0.00235	0.00704
21	0.00913	0.00554	0.00723	0.00708	0.00831	0.00515	0.00515	0.03017	0.01250	0.11908	0.33879	0.34230	0.03537	0.04180	0.00675	0.00189	0.00303	0.01049	0.00521	0.00505
22	0.01258	0.01086	0.01143	0.01029	0.01315	0.01258	0.00800	0.02687	0.78161	0.02115	0.02058	0.01887	0.01544	0.00686	0.00515	0.00172	0.00400	0.00572	0.00515	0.00800
23	0.12138	0.08911	0.02878	0.02563	0.05487	0.45539	0.00945	0.03271	0.10871	0.01534	0.00945	0.01046	0.00761	0.00524	0.00439	0.00139	0.00722	0.00357	0.00297	0.00632
24	0.00716	0.00517	0.00676	0.00636	0.00755	0.00477	0.00477	0.00954	0.01431	0.02028	0.78808	0.03777	0.04771	0.01034	0.00596	0.00159	0.00239	0.00914	0.00557	0.00477
25	0.00616	0.00440	0.00587	0.00704	0.00733	0.00411	0.00469	0.00704	0.00968	0.01291	0.02787	0.81899	0.03344	0.01584	0.00645	0.00205	0.00293	0.01438	0.00469	0.00411
26	0.01049	0.00899	0.01049	0.00749	0.01198	0.00674	0.00599	0.01273	0.01049	0.01648	0.00899	0.01049	0.00749	0.00374	0.00374	0.00075	0.00374	0.00300	0.00300	0.85320
27	0.01227	0.01177	0.01998	0.02939	0.72914	0.01166	0.03029	0.01523	0.01149	0.01644	0.01058	0.01340	0.02812	0.00469	0.00501	0.00149	0.00589	0.00464	0.00258	0.03594
28	0.00955	0.00899	0.01517	0.81013	0.03483	0.01123	0.01404	0.01292	0.01011	0.01292	0.00899	0.01348	0.00674	0.00506	0.00506	0.00169	0.00674	0.00449	0.00225	0.00562
29	0.01194	0.01364	0.02984	0.02131	0.02643	0.01279	0.77238	0.01620	0.01194	0.01620	0.01023	0.01364	0.00767	0.00426	0.00597	0.00171	0.00853	0.00597	0.00256	0.00682
30	0.01252	0.01193	0.01983	0.02945	0.73135	0.01206	0.01494	0.01639	0.07034	0.01687	0.01036	0.01300	0.00858	0.00469	0.00502	0.00152	0.00585	0.00460	0.00270	0.00801
31	0.00616	0.00440	0.00587	0.00704	0.00733	0.00411	0.00469	0.00704	0.00968	0.01291	0.02787	0.81899	0.03344	0.01584	0.00645	0.00205	0.00293	0.01438	0.00469	0.00411
32	0.00616	0.00440	0.00587	0.00704	0.00733	0.00411	0.00469	0.00704	0.00968	0.01291	0.02787	0.81899	0.03344	0.01584	0.00645	0.00205	0.00293	0.01438	0.00469	0.00411
33	0.00847	0.00741	0.00879	0.00865	0.00973	0.09122	0.00669	0.01022	0.00879	0.01181	0.01293	0.01872	0.01199	0.03443	0.71713	0.00740	0.01307	0.00519	0.00270	0.00466
34	0.01013	0.00858	0.01009	0.00737	0.01151	0.00653	0.00586	0.01239	0.01089	0.01688	0.09212	0.01340	0.01178	0.00445	0.00398	0.00084	0.00360	0.00365	0.00327	0.76267
35	0.01221	0.01170	0.01997	0.11170	0.71248	0.01193	0.01537	0.01525	0.01137	0.01615	0.00946	0.01262	0.00788	0.00456	0.00501	0.00152	0.00608	0.00450	0.00248	0.00776
36	0.00764	0.00532	0.00671	0.00705	0.02945	0.00482	0.00489	0.00920	0.01190	0.06094	0.28554	0.25996	0.22349	0.05109	0.00698	0.00191	0.00292	0.01056	0.00494	0.00469

[dist]
# distance from previous block
# <min> <max>
3	6

[block]
# block no. 2 follows, 49 sequences, length 12
# corresponding to MSA columns:
# 286-297
name=unknown_C
#
# <colnr> <probs for GDERKNQSTAVLIFYWHMCP>
#	G	D	E	R	K	N	Q	S	T	A	V	L	I	F	Y	W	H	M	C	P
0	0.01329	0.60565	0.06419	0.01077	0.05410	0.04664	0.04056	0.04293	0.01129	0.01372	0.04954	0.01047	0.00890	0.00478	0.00379	0.00121	0.00565	0.00342	0.00250	0.00659
1	0.01314	0.73472	0.11375	0.00931	0.01399	0.01907	0.00979	0.01524	0.01032	0.01236	0.00726	0.00840	0.00648	0.00438	0.00342	0.00114	0.00564	0.00282	0.00216	0.00660
2	0.01879	0.01344	0.01456	0.01132	0.01523	0.01479	0.00930	0.64607	0.09997	0.08376	0.01354	0.01317	0.00956	0.00616	0.00507	0.00154	0.00532	0.00471	0.00515	0.00854
3	0.05201	0.00725	0.04810	0.00784	0.00943	0.00658	0.00624	0.04219	0.09682	0.01687	0.17301	0.32755	0.08580	0.02620	0.00625	0.00190	0.00349	0.07264	0.00468	0.00513
4	0.00623	0.00448	0.00580	0.00683	0.00719	0.00417	0.00454	0.00707	0.00964	0.01275	0.02844	0.72265	0.07627	0.06866	0.00769	0.00222	0.00304	0.01370	0.00459	0.00405
5	0.00614	0.00448	0.00579	0.00684	0.00728	0.00412	0.00461	0.00706	0.00987	0.01299	0.03029	0.73934	0.11153	0.01553	0.00640	0.00202	0.00290	0.01399	0.00469	0.00412
6	0.01922	0.01416	0.01518	0.01163	0.01568	0.01568	0.00961	0.77388	0.02378	0.03187	0.01214	0.01214	0.00860	0.00607	0.00506	0.00152	0.00556	0.00455	0.00506	0.00860
7	0.05243	0.07946	0.03928	0.01619	0.02063	0.01400	0.40446	0.22975	0.01479	0.02037	0.01061	0.02958	0.00823	0.00520	0.00568	0.00162	0.03206	0.00524	0.00328	0.00715
8	0.00621	0.00473	0.00561	0.00622	0.00705	0.00424	0.00429	0.00725	0.01043	0.01333	0.06975	0.45659	0.30952	0.06127	0.00738	0.00207	0.00289	0.01238	0.00464	0.00414
9	0.03809	0.01165	0.01202	0.03034	0.01377	0.12904	0.03503	0.04030	0.01167	0.04819	0.00935	0.01073	0.00751	0.00423	0.00407	0.00098	0.00491	0.00331	0.00311	0.58170
10	0.00648	0.00458	0.00573	0.00652	0.00681	0.00433	0.00420	0.00714	0.00915	0.01210	0.02587	0.56331	0.06988	0.23561	0.01169	0.00281	0.00345	0.01226	0.00425	0.00383
11	0.01321	0.01332	0.01985	0.02909	0.70677	0.09760	0.01490	0.01603	0.01182	0.01607	0.00933	0.01215	0.00785	0.00458	0.00496	0.00148	0.00634	0.00437	0.00251	0.00778

[dist]
# distance from previous block
# <min> <max>
0	3

[block]
# block no. 3 follows, 49 sequences, length 38
# corresponding to MSA columns:
# 301-338
name=unknown_D
#
# <colnr> <probs for GDERKNQSTAVLIFYWHMCP>
#	G	D	E	R	K	N	Q	S	T	A	V	L	I	F	Y	W	H	M	C	P
0	0.01423	0.01084	0.01220	0.00919	0.01329	0.01023	0.00744	0.31797	0.01592	0.05074	0.01151	0.04842	0.00931	0.00532	0.00444	0.00115	0.00446	0.00422	0.00402	0.44512
1	0.07132	0.01620	0.01522	0.01238	0.01613	0.14879	0.00983	0.52494	0.05631	0.05275	0.01319	0.01394	0.00992	0.00687	0.00551	0.00178	0.00645	0.00478	0.00504	0.00864
2	0.12170	0.00567	0.00640	0.00672	0.00777	0.00567	0.00475	0.00950	0.04568	0.01573	0.16167	0.39848	0.09704	0.08095	0.00745	0.00210	0.00315	0.01055	0.00452	0.00452
3	0.01252	0.01201	0.02053	0.03104	0.79074	0.01201	0.01552	0.01552	0.01151	0.01652	0.00951	0.01252	0.00801	0.00451	0.00501	0.00150	0.00601	0.00451	0.00250	0.00801
4	0.00733	0.00546	0.00695	0.00770	0.00889	0.00519	0.00634	0.00910	0.01120	0.01422	0.03327	0.10940	0.24839	0.06249	0.00778	0.00228	0.00394	0.44107	0.00457	0.00441
5	0.01358	0.01205	0.01179	0.01043	0.01325	0.08607	0.00812	0.12626	0.54288	0.02144	0.05366	0.04786	0.01583	0.00709	0.00517	0.00166	0.00458	0.00581	0.00490	0.00759
6	0.00815	0.00582	0.00815	0.00931	0.01048	0.00582	0.00815	0.01048	0.01164	0.01513	0.02677	0.05704	0.02910	0.01397	0.00698	0.00233	0.00466	0.75671	0.00466	0.00466
7	0.00620	0.00518	0.00543	0.00551	0.00716	0.00442	0.00423	0.00760	0.01163	0.01401	0.07438	0.04899	0.70014	0.01282	0.00606	0.00176	0.00273	0.07272	0.00472	0.00432
8	0.85801	0.00978	0.00743	0.00665	0.00978	0.01134	0.00548	0.01486	0.00861	0.02269	0.00704	0.00821	0.00548	0.00469	0.00313	0.00156	0.00391	0.00274	0.00313	0.00548
9	0.01289	0.01102	0.01161	0.01035	0.01327	0.01272	0.00808	0.06189	0.74608	0.02166	0.02019	0.01855	0.01512	0.00682	0.00514	0.00171	0.00408	0.00566	0.00514	0.00803
10	0.00778	0.00593	0.00725	0.00682	0.00828	0.00578	0.00517	0.01164	0.11587	0.01965	0.59945	0.03670	0.11570	0.01019	0.00588	0.00163	0.00266	0.02308	0.00541	0.00515
11	0.01014	0.02616	0.79609	0.01441	0.02189	0.01174	0.01868	0.01601	0.01068	0.01601	0.00907	0.01068	0.00641	0.00480	0.00480	0.00160	0.00747	0.00374	0.00214	0.00747
12	0.02925	0.62473	0.20395	0.00994	0.01497	0.01793	0.01091	0.01534	0.01033	0.01306	0.00750	0.00871	0.00645	0.00444	0.00360	0.00121	0.00586	0.00294	0.00218	0.00670
13	0.01221	0.51487	0.32546	0.01089	0.01644	0.01680	0.01255	0.01548	0.01043	0.01350	0.00782	0.00911	0.00646	0.00451	0.00385	0.00128	0.00621	0.00311	0.00215	0.00687
14	0.00600	0.00503	0.00522	0.00537	0.00690	0.00425	0.00395	0.00723	0.01128	0.01356	0.04815	0.14998	0.68936	0.01321	0.00604	0.00175	0.00261	0.01116	0.00470	0.00425
15	0.00651	0.00494	0.00549	0.00568	0.00657	0.00451	0.00382	0.00735	0.00986	0.01241	0.05311	0.17590	0.37479	0.27290	0.03149	0.00294	0.00363	0.01009	0.00415	0.00387
16	0.00699	0.00512	0.00656	0.00629	0.00748	0.00469	0.00468	0.00919	0.01379	0.01924	0.67650	0.08550	0.11331	0.01089	0.00599	0.00163	0.00243	0.00959	0.00544	0.00469
17	0.10129	0.67981	0.08278	0.00888	0.01332	0.01848	0.00908	0.01518	0.01013	0.01333	0.00719	0.00832	0.00638	0.00440	0.00335	0.00117	0.00541	0.00279	0.00226	0.00646
18	0.01132	0.01258	0.05915	0.06932	0.02246	0.01100	0.45573	0.01538	0.03581	0.01620	0.01009	0.01281	0.00775	0.00428	0.00523	0.00144	0.00693	0.00496	0.00272	0.23486
19	0.00940	0.00948	0.14762	0.00809	0.01090	0.00637	0.00755	0.01227	0.01321	0.09686	0.47120	0.04475	0.06861	0.00873	0.00553	0.00155	0.00359	0.00754	0.00480	0.06197
20	0.01296	0.58267	0.19142	0.01009	0.01501	0.01770	0.01082	0.04431	0.04858	0.01399	0.00833	0.00934	0.00699	0.00462	0.00374	0.00124	0.00579	0.00314	0.00241	0.00685
21	0.01848	0.19825	0.01703	0.01042	0.01448	0.01502	0.00894	0.44265	0.03159	0.17514	0.01263	0.01232	0.00899	0.00572	0.00465	0.00143	0.00526	0.00425	0.00463	0.00811
22	0.01063	0.02906	0.01182	0.00819	0.01271	0.00736	0.04329	0.01296	0.01055	0.01635	0.00900	0.01058	0.00747	0.00378	0.00384	0.00080	0.00402	0.00313	0.00295	0.79150
23	0.01102	0.23271	0.59718	0.01292	0.01958	0.01388	0.01609	0.01579	0.01057	0.01495	0.00855	0.01001	0.00643	0.00468	0.00440	0.00147	0.00694	0.00347	0.00214	0.00722
24	0.00629	0.00506	0.00561	0.00563	0.00706	0.00438	0.00416	0.00781	0.01203	0.01524	0.23366	0.12623	0.52406	0.01250	0.00602	0.00171	0.00256	0.01067	0.00491	0.00438
25	0.00655	0.00491	0.00610	0.00645	0.00744	0.00446	0.00468	0.00812	0.01182	0.01573	0.29532	0.32743	0.22127	0.01312	0.00619	0.00182	0.00274	0.04647	0.00499	0.00440
26	0.01370	0.79788	0.02608	0.00880	0.01307	0.04680	0.00869	0.01531	0.01041	0.01191	0.00706	0.00815	0.00649	0.00436	0.00329	0.00109	0.00553	0.00272	0.00218	0.00647
27	0.01352	0.82533	0.02650	0.00865	0.01298	0.02001	0.00865	0.01514	0.01027	0.01190	0.00703	0.00811	0.00649	0.00433	0.00324	0.00108	0.00541	0.00270	0.00216	0.00649
28	0.00740	0.00514	0.00612	0.00612	0.00622	0.00536	0.00374	0.00765	0.00758	0.01026	0.01615	0.08106	0.01841	0.67268	0.09284	0.00491	0.03438	0.00752	0.00311	0.00335
29	0.01049	0.10946	0.71587	0.01381	0.02096	0.01261	0.01764	0.01592	0.01063	0.01558	0.00886	0.01041	0.00641	0.00475	0.00464	0.00155	0.00726	0.00363	0.00214	0.00737
30	0.00635	0.00462	0.00583	0.00672	0.00722	0.00429	0.00457	0.00726	0.00979	0.01279	0.02985	0.59328	0.13762	0.09939	0.00842	0.00231	0.00317	0.04792	0.00452	0.00405
31	0.60155	0.01186	0.12739	0.00788	0.01158	0.01056	0.00742	0.01435	0.00908	0.02041	0.00853	0.03848	0.00718	0.03017	0.00425	0.00162	0.00443	0.00347	0.00302	0.07677
32	0.01195	0.01412	0.07909	0.02172	0.17835	0.03615	0.48032	0.01571	0.01152	0.01581	0.01010	0.03097	0.00813	0.00492	0.00633	0.00168	0.05810	0.00553	0.00255	0.00693
33	0.01330	0.42795	0.26315	0.01146	0.01650	0.14387	0.03072	0.01626	0.01110	0.01336	0.00787	0.00921	0.00650	0.00462	0.00401	0.00129	0.00673	0.00319	0.00224	0.00670
34	0.01064	0.14316	0.68341	0.01357	0.02058	0.01295	0.01721	0.01589	0.01062	0.01541	0.00878	0.01030	0.00642	0.00473	0.00458	0.00153	0.00717	0.00359	0.00214	0.00733
35	0.01508	0.06582	0.01109	0.00834	0.01115	0.00828	0.00676	0.02998	0.11939	0.34572	0.25563	0.02318	0.02329	0.00894	0.04260	0.00187	0.00420	0.00626	0.00542	0.00700
36	0.00867	0.00681	0.00804	0.00744	0.00914	0.00701	0.00567	0.01445	0.23604	0.02024	0.53382	0.03278	0.07091	0.00944	0.00573	0.00163	0.00286	0.00822	0.00541	0.00568
37	0.01478	0.58407	0.05236	0.00898	0.01332	0.04017	0.00869	0.01665	0.01109	0.13544	0.00930	0.00984	0.00751	0.00463	0.00367	0.00116	0.00531	0.00316	0.00288	0.06701

[dist]
# distance from previous block
# <min> <max>
0	2

[block]
# block no. 4 follows, 49 sequences, length 78
# corresponding to MSA columns:
# 341-359,393-451
name=unknown_E
#
# <colnr> <probs for GDERKNQSTAVLIFYWHMCP>
#	G	D	E	R	K	N	Q	S	T	A	V	L	I	F	Y	W	H	M	C	P
0	0.00607	0.00511	0.00527	0.00526	0.00690	0.00430	0.00393	0.00743	0.01170	0.01417	0.10894	0.06517	0.71310	0.01268	0.00599	0.00171	0.00256	0.01063	0.00476	0.00430
1	0.01226	0.01200	0.03551	0.02967	0.73816	0.01171	0.01523	0.01529	0.01150	0.01644	0.01032	0.01460	0.00898	0.00496	0.00510	0.00154	0.00597	0.04030	0.00260	0.00784
2	0.01352	0.82533	0.02650	0.00865	0.01298	0.02001	0.00865	0.01514	0.01027	0.01190	0.00703	0.00811	0.00649	0.00433	0.00324	0.00108	0.00541	0.00270	0.00216	0.00649
3	0.01323	0.01199	0.01841	0.06393	0.59670	0.06200	0.01400	0.01602	0.01185	0.07243	0.01128	0.01564	0.00958	0.00533	0.00512	0.00156	0.00603	0.05440	0.00291	0.00758
4	0.02489	0.18661	0.48291	0.01249	0.01816	0.03786	0.03473	0.01517	0.01065	0.01501	0.04700	0.01230	0.00892	0.03480	0.00575	0.00163	0.03795	0.00398	0.00239	0.00680
5	0.02275	0.00546	0.00671	0.00635	0.00770	0.00508	0.00477	0.03026	0.01382	0.01927	0.60290	0.07467	0.15991	0.01076	0.00591	0.00163	0.00255	0.00938	0.00533	0.00478
6	0.01709	0.02122	0.01337	0.01227	0.01461	0.67911	0.00924	0.01847	0.01337	0.01228	0.00870	0.01078	0.00746	0.01026	0.12775	0.00236	0.00980	0.00359	0.00262	0.00565
7	0.01239	0.01210	0.02032	0.04973	0.70333	0.02809	0.04874	0.01539	0.01155	0.01626	0.01045	0.01335	0.02586	0.00471	0.00506	0.00152	0.00612	0.00469	0.00255	0.00777
8	0.01270	0.01316	0.05109	0.06247	0.02441	0.02416	0.57988	0.01652	0.01190	0.08997	0.01139	0.03526	0.00868	0.00496	0.00608	0.00170	0.03005	0.00587	0.00293	0.00682
9	0.01252	0.01201	0.02053	0.03104	0.79074	0.01201	0.01552	0.01552	0.01151	0.01652	0.00951	0.01252	0.00801	0.00451	0.00501	0.00150	0.00601	0.00451	0.00250	0.00801
10	0.00618	0.00444	0.00587	0.00698	0.00733	0.00413	0.00468	0.00711	0.00984	0.01312	0.04825	0.78102	0.05105	0.01563	0.00643	0.00203	0.00291	0.01415	0.00472	0.00413
11	0.01089	0.01028	0.01679	0.46358	0.20988	0.02937	0.06707	0.01456	0.04644	0.03015	0.01136	0.02879	0.02826	0.00537	0.00515	0.00164	0.00640	0.00498	0.00266	0.00638
12	0.00955	0.00899	0.01517	0.81013	0.03483	0.01123	0.01404	0.01292	0.01011	0.01292	0.00899	0.01348	0.00674	0.00506	0.00506	0.00169	0.00674	0.00449	0.00225	0.00562
13	0.00955	0.00899	0.01517	0.81013	0.03483	0.01123	0.01404	0.01292	0.01011	0.01292	0.00899	0.01348	0.00674	0.00506	0.00506	0.00169	0.00674	0.00449	0.00225	0.00562
14	0.00909	0.00571	0.00665	0.00611	0.00804	0.00492	0.00469	0.01074	0.01265	0.14730	0.22111	0.05507	0.46672	0.01117	0.00583	0.00166	0.00282	0.00943	0.00517	0.00512
15	0.01541	0.29525	0.11488	0.01237	0.05710	0.10071	0.04040	0.23308	0.01486	0.04416	0.00960	0.01061	0.00750	0.00556	0.01644	0.00146	0.00635	0.00376	0.00321	0.00728
16	0.01174	0.01324	0.02802	0.02025	0.02482	0.01288	0.68613	0.01565	0.01153	0.01577	0.01066	0.01406	0.02229	0.00486	0.00697	0.00175	0.08426	0.00591	0.00257	0.00665
17	0.00773	0.00595	0.00853	0.00830	0.00904	0.00709	0.00642	0.00935	0.00829	0.01215	0.02899	0.03576	0.01353	0.09061	0.59085	0.00668	0.10061	0.00567	0.03994	0.00453
18	0.01252	0.01201	0.02053	0.03104	0.79074	0.01201	0.01552	0.01552	0.01151	0.01652	0.00951	0.01252	0.00801	0.00451	0.00501	0.00150	0.00601	0.00451	0.00250	0.00801
19	0.00609	0.00502	0.00535	0.00549	0.00696	0.00428	0.00403	0.00740	0.01147	0.01405	0.10351	0.15799	0.62476	0.01305	0.00604	0.00175	0.00260	0.01109	0.00476	0.00428
20	0.01195	0.01823	0.31340	0.01892	0.28050	0.10862	0.01457	0.01661	0.06766	0.01647	0.07503	0.01397	0.01107	0.00536	0.00496	0.00154	0.00650	0.00453	0.00282	0.00727
21	0.00617	0.00449	0.00582	0.00684	0.00729	0.00414	0.00461	0.00712	0.00996	0.01315	0.04725	0.72727	0.10643	0.01543	0.00640	0.00201	0.00289	0.01390	0.00471	0.00414
22	0.00831	0.00734	0.01174	0.37739	0.07395	0.00817	0.03019	0.01063	0.01028	0.01345	0.03430	0.30585	0.06930	0.00950	0.00566	0.00181	0.00500	0.00859	0.00338	0.00516
23	0.01865	0.02285	0.01417	0.01277	0.01546	0.72337	0.00964	0.04461	0.05297	0.02734	0.00881	0.00985	0.00713	0.00534	0.00461	0.00133	0.00866	0.00345	0.00288	0.00611
24	0.01049	0.00899	0.01049	0.00749	0.01198	0.00674	0.00599	0.01273	0.01049	0.01648	0.00899	0.01049	0.00749	0.00374	0.00374	0.00075	0.00374	0.00300	0.00300	0.85320
25	0.01037	0.00578	0.00594	0.00548	0.00707	0.00581	0.00421	0.08131	0.01180	0.01993	0.01574	0.01784	0.01230	0.00581	0.00368	0.00119	0.00272	0.00462	0.73295	0.04546
26	0.00955	0.00899	0.01517	0.81013	0.03483	0.01123	0.01404	0.01292	0.01011	0.01292	0.00899	0.01348	0.00674	0.00506	0.00506	0.00169	0.00674	0.00449	0.00225	0.00562
27	0.01139	0.04308	0.33291	0.01881	0.24775	0.01157	0.09360	0.03280	0.01132	0.01648	0.00932	0.01145	0.00722	0.00452	0.00479	0.00144	0.00651	0.00408	0.00248	0.12849
28	0.82759	0.03916	0.00812	0.00672	0.00989	0.01166	0.00559	0.01487	0.00867	0.02230	0.00704	0.00821	0.00551	0.00468	0.00313	0.00155	0.00397	0.00274	0.00309	0.00551
29	0.01252	0.01201	0.02053	0.03104	0.79074	0.01201	0.01552	0.01552	0.01151	0.01652	0.00951	0.01252	0.00801	0.00451	0.00501	0.00150	0.00601	0.00451	0.00250	0.00801
30	0.01236	0.01186	0.02025	0.07147	0.75151	0.01197	0.01544	0.01538	0.01144	0.01633	0.00948	0.01257	0.00794	0.00453	0.00501	0.00151	0.00605	0.00450	0.00249	0.00789
31	0.00655	0.00444	0.00573	0.00676	0.00716	0.00418	0.00455	0.00761	0.00979	0.01362	0.02650	0.72283	0.03098	0.01465	0.00610	0.00195	0.00286	0.01321	0.10632	0.00418
32	0.00616	0.00440	0.00587	0.00704	0.00733	0.00411	0.00469	0.00704	0.00968	0.01291	0.02787	0.81899	0.03344	0.01584	0.00645	0.00205	0.00293	0.01438	0.00469	0.00411
33	0.00716	0.00517	0.00676	0.00636	0.00755	0.00477	0.00477	0.00954	0.01431	0.02028	0.78808	0.03777	0.04771	0.01034	0.00596	0.00159	0.00239	0.00914	0.00557	0.00477
34	0.00616	0.00440	0.00587	0.00704	0.00733	0.00411	0.00469	0.00704	0.00968	0.01291	0.02787	0.81899	0.03344	0.01584	0.00645	0.00205	0.00293	0.01438	0.00469	0.00411
35	0.01352	0.82533	0.02650	0.00865	0.01298	0.02001	0.00865	0.01514	0.01027	0.01190	0.00703	0.00811	0.00649	0.00433	0.00324	0.00108	0.00541	0.00270	0.00216	0.00649
36	0.00598	0.00512	0.00512	0.00512	0.00683	0.00427	0.00384	0.00726	0.01153	0.01366	0.05123	0.04866	0.78869	0.01281	0.00598	0.00171	0.00256	0.01067	0.00470	0.00427
37	0.01352	0.82533	0.02650	0.00865	0.01298	0.02001	0.00865	0.01514	0.01027	0.01190	0.00703	0.00811	0.00649	0.00433	0.00324	0.00108	0.00541	0.00270	0.00216	0.00649
38	0.00722	0.00542	0.00813	0.00813	0.00903	0.00632	0.00632	0.00903	0.00813	0.01174	0.01354	0.01987	0.01264	0.03792	0.80225	0.00813	0.01354	0.00542	0.00271	0.00451
39	0.01258	0.01086	0.01143	0.01029	0.01315	0.01258	0.00800	0.02687	0.78161	0.02115	0.02058	0.01887	0.01544	0.00686	0.00515	0.00172	0.00400	0.00572	0.00515	0.00800
40	0.00615	0.00445	0.00581	0.00690	0.00730	0.00412	0.00463	0.00706	0.00982	0.01296	0.02957	0.76308	0.08826	0.01562	0.00642	0.00203	0.00291	0.01411	0.00469	0.00412
41	0.00734	0.00494	0.00570	0.00570	0.00577	0.00501	0.00330	0.00748	0.00741	0.00995	0.01576	0.03213	0.01797	0.76536	0.08209	0.00514	0.00553	0.00721	0.00304	0.00317
42	0.01352	0.82533	0.02650	0.00865	0.01298	0.02001	0.00865	0.01514	0.01027	0.01190	0.00703	0.00811	0.00649	0.00433	0.00324	0.00108	0.00541	0.00270	0.00216	0.00649
43	0.01106	0.01106	0.01549	0.01328	0.01328	0.01549	0.01106	0.01217	0.00774	0.01217	0.00664	0.01106	0.00664	0.00885	0.01659	0.00221	0.81303	0.00443	0.00221	0.00553
44	0.00993	0.00937	0.01585	0.71108	0.13093	0.01133	0.01423	0.01325	0.01029	0.01338	0.00905	0.01336	0.00690	0.00499	0.00505	0.00166	0.00665	0.00450	0.00228	0.00592
45	0.01922	0.01416	0.01518	0.01163	0.01568	0.01568	0.00961	0.77388	0.02378	0.03187	0.01214	0.01214	0.00860	0.00607	0.00506	0.00152	0.00556	0.00455	0.00506	0.00860
46	0.01274	0.01059	0.01147	0.00966	0.01304	0.01124	0.00760	0.07709	0.51868	0.03627	0.01706	0.01625	0.01290	0.00601	0.00479	0.00146	0.00406	0.00494	0.00462	0.21954
47	0.02269	0.00861	0.01174	0.00900	0.01291	0.00743	0.00743	0.02464	0.01447	0.79425	0.01995	0.01721	0.01252	0.00626	0.00509	0.00156	0.00430	0.00509	0.00626	0.00861
48	0.01014	0.02616	0.79609	0.01441	0.02189	0.01174	0.01868	0.01601	0.01068	0.01601	0.00907	0.01068	0.00641	0.00480	0.00480	0.00160	0.00747	0.00374	0.00214	0.00747
49	0.01890	0.02390	0.01435	0.01300	0.01563	0.78648	0.00977	0.03505	0.01452	0.01276	0.00790	0.00918	0.00655	0.00523	0.00457	0.00131	0.00905	0.00328	0.00265	0.00592
50	0.01064	0.00912	0.01055	0.00769	0.01207	0.00716	0.00614	0.01376	0.06645	0.01682	0.00983	0.01109	0.00807	0.00397	0.00385	0.00082	0.00376	0.00319	0.00315	0.79186
51	0.00744	0.00607	0.00848	0.07470	0.10024	0.02032	0.00683	0.00882	0.01013	0.01340	0.02484	0.59667	0.06027	0.01330	0.00613	0.00194	0.00373	0.02777	0.00420	0.00473
52	0.01083	0.02135	0.50191	0.01706	0.02363	0.01214	0.30804	0.01608	0.01116	0.01608	0.00952	0.01181	0.00689	0.00460	0.00525	0.00164	0.00788	0.00459	0.00230	0.00722
53	0.00616	0.00440	0.00587	0.00704	0.00733	0.00411	0.00469	0.00704	0.00968	0.01291	0.02787	0.81899	0.03344	0.01584	0.00645	0.00205	0.00293	0.01438	0.00469	0.00411
54	0.00800	0.00572	0.00798	0.00915	0.01025	0.00570	0.00790	0.01023	0.01150	0.01497	0.02685	0.11234	0.02942	0.01410	0.00695	0.00231	0.00453	0.70283	0.00466	0.00462
55	0.00955	0.00899	0.01517	0.81013	0.03483	0.01123	0.01404	0.01292	0.01011	0.01292	0.00899	0.01348	0.00674	0.00506	0.00506	0.00169	0.00674	0.00449	0.00225	0.00562
56	0.01049	0.00899	0.01049	0.00749	0.01198	0.00674	0.00599	0.01273	0.01049	0.01648	0.00899	0.01049	0.00749	0.00374	0.00374	0.00075	0.00374	0.00300	0.00300	0.85320
57	0.00762	0.00594	0.00863	0.00841	0.00914	0.00711	0.00651	0.00920	0.00802	0.01161	0.01307	0.02016	0.01255	0.10477	0.65450	0.00725	0.09286	0.00549	0.00269	0.00449
58	0.00623	0.00446	0.00593	0.00699	0.00735	0.00416	0.00470	0.00722	0.01002	0.01344	0.08304	0.76229	0.03448	0.01544	0.00642	0.00202	0.00289	0.01400	0.00476	0.00416
59	0.01106	0.01106	0.01549	0.01328	0.01328	0.01549	0.01106	0.01217	0.00774	0.01217	0.00664	0.01106	0.00664	0.00885	0.01659	0.00221	0.81303	0.00443	0.00221	0.00553
60	0.01026	0.02535	0.74699	0.01485	0.02218	0.01181	0.06698	0.01603	0.01076	0.01603	0.00915	0.01087	0.00649	0.00477	0.00488	0.00161	0.00754	0.00388	0.00216	0.00743
61	0.00741	0.00497	0.00571	0.00579	0.00588	0.00497	0.00343	0.00758	0.00766	0.01019	0.01672	0.03483	0.01916	0.76363	0.02438	0.00472	0.00488	0.06174	0.00318	0.00318
62	0.00622	0.00445	0.00594	0.00711	0.00743	0.00416	0.00480	0.00715	0.00974	0.01298	0.02784	0.79503	0.03331	0.01578	0.00647	0.00206	0.00299	0.03772	0.00469	0.00412
63	0.01568	0.01158	0.01318	0.01200	0.07022	0.01273	0.00892	0.26104	0.38111	0.11271	0.01721	0.03421	0.01281	0.00657	0.00513	0.00163	0.00465	0.00539	0.00504	0.00817
64	0.02164	0.00884	0.01172	0.00909	0.01288	0.00793	0.00747	0.05404	0.05136	0.70586	0.04086	0.01766	0.01347	0.00639	0.00511	0.00157	0.00429	0.00521	0.00614	0.00847
65	0.01704	0.00748	0.00999	0.00808	0.01103	0.00663	0.00650	0.03338	0.01454	0.50289	0.28021	0.02468	0.03940	0.00776	0.00540	0.00158	0.00364	0.00656	0.00597	0.00722
66	0.00722	0.00542	0.00813	0.00813	0.00903	0.00632	0.00632	0.00903	0.00813	0.01174	0.01354	0.01987	0.01264	0.03792	0.80225	0.00813	0.01354	0.00542	0.00271	0.00451
67	0.02045	0.00959	0.01287	0.00982	0.01380	0.00878	0.04401	0.10655	0.04985	0.58121	0.01785	0.01607	0.01162	0.00599	0.00503	0.00151	0.00459	0.00495	0.00566	0.06979
68	0.01199	0.02168	0.59439	0.01426	0.06906	0.01081	0.01610	0.01683	0.01113	0.12922	0.01101	0.01281	0.00797	0.04391	0.00585	0.00175	0.00679	0.00415	0.00280	0.00746
69	0.00722	0.00542	0.00813	0.00813	0.00903	0.00632	0.00632	0.00903	0.00813	0.01174	0.01354	0.01987	0.01264	0.03792	0.80225	0.00813	0.01354	0.00542	0.00271	0.00451
70	0.01352	0.82533	0.02650	0.00865	0.01298	0.02001	0.00865	0.01514	0.01027	0.01190	0.00703	0.00811	0.00649	0.00433	0.00324	0.00108	0.00541	0.00270	0.00216	0.00649
71	0.00603	0.00512	0.00520	0.00518	0.00686	0.00429	0.00389	0.00737	0.01166	0.01398	0.08630	0.04815	0.75342	0.01269	0.00598	0.00170	0.00255	0.01060	0.00474	0.00429
72	0.00724	0.00553	0.00688	0.00756	0.00895	0.00517	0.00635	0.00913	0.01159	0.01452	0.03701	0.05353	0.34700	0.01348	0.00656	0.00207	0.00378	0.44448	0.00467	0.00449
73	0.00601	0.00512	0.00517	0.00516	0.00685	0.00428	0.00387	0.00733	0.01161	0.01387	0.07439	0.04832	0.76539	0.01273	0.00598	0.00170	0.00256	0.01062	0.00472	0.00428
74	0.00878	0.00439	0.00659	0.00659	0.00659	0.00439	0.00439	0.00659	0.00659	0.00878	0.00878	0.01537	0.00878	0.01757	0.01976	0.85288	0.00439	0.00439	0.00220	0.00220
75	0.01922	0.01416	0.01518	0.01163	0.01568	0.01568	0.00961	0.77388	0.02378	0.03187	0.01214	0.01214	0.00860	0.00607	0.00506	0.00152	0.00556	0.00455	0.00506	0.00860
76	0.02269	0.00861	0.01174	0.00900	0.01291	0.00743	0.00743	0.02464	0.01447	0.79425	0.01995	0.01721	0.01252	0.00626	0.00509	0.00156	0.00430	0.00509	0.00626	0.00861
77	0.01258	0.01086	0.01143	0.01029	0.01315	0.01258	0.00800	0.02687	0.78161	0.02115	0.02058	0.01887	0.01544	0.00686	0.00515	0.00172	0.00400	0.00572	0.00515	0.00800

[dist]
# distance from previous block
# <min> <max>
0	8

[block]
# block no. 5 follows, 49 sequences, length 37
# corresponding to MSA columns:
# 460-496
name=unknown_F
#
# <colnr> <probs for GDERKNQSTAVLIFYWHMCP>
#	G	D	E	R	K	N	Q	S	T	A	V	L	I	F	Y	W	H	M	C	P
0	0.03712	0.01446	0.01498	0.01158	0.01555	0.04626	0.00953	0.72827	0.02308	0.03091	0.01186	0.01194	0.00845	0.00601	0.00500	0.00151	0.00567	0.00446	0.00492	0.00843
1	0.00793	0.00571	0.00786	0.00897	0.01011	0.00564	0.00773	0.01012	0.01153	0.01493	0.02813	0.09816	0.06959	0.01401	0.00690	0.00228	0.00445	0.67669	0.00466	0.00461
2	0.01234	0.01184	0.02021	0.07688	0.74627	0.01197	0.01543	0.01537	0.01143	0.01631	0.00948	0.01257	0.00794	0.00454	0.00501	0.00151	0.00605	0.00450	0.00249	0.00787
3	0.00878	0.00439	0.00659	0.00659	0.00659	0.00439	0.00439	0.00659	0.00659	0.00878	0.00878	0.01537	0.00878	0.01757	0.01976	0.85288	0.00439	0.00439	0.00220	0.00220
4	0.00705	0.00516	0.00662	0.00625	0.00749	0.00473	0.00469	0.00934	0.01407	0.01970	0.72347	0.03873	0.11268	0.01055	0.00597	0.00160	0.00240	0.00928	0.00549	0.00473
5	0.03057	0.02372	0.65628	0.01424	0.02101	0.03088	0.06864	0.01618	0.03583	0.01619	0.01075	0.01222	0.03091	0.00509	0.00488	0.00161	0.00724	0.00413	0.00238	0.00726
6	0.00632	0.00457	0.00600	0.00697	0.00746	0.00425	0.00480	0.00742	0.01027	0.01369	0.09578	0.67560	0.07570	0.01511	0.00641	0.00201	0.00294	0.04572	0.00477	0.00420
7	0.01235	0.01185	0.02023	0.07353	0.74951	0.01197	0.01544	0.01538	0.01144	0.01632	0.00948	0.01257	0.00794	0.00454	0.00501	0.00151	0.00605	0.00450	0.00249	0.00788
8	0.00815	0.00582	0.00815	0.00931	0.01048	0.00582	0.00815	0.01048	0.01164	0.01513	0.02677	0.05704	0.02910	0.01397	0.00698	0.00233	0.00466	0.75671	0.00466	0.00466
9	0.45853	0.04839	0.15263	0.01201	0.12364	0.01203	0.00973	0.04065	0.05407	0.03406	0.00892	0.01016	0.00684	0.00487	0.00391	0.00155	0.00498	0.00344	0.00305	0.00654
10	0.01148	0.01684	0.22551	0.01955	0.02527	0.01252	0.57991	0.01615	0.01161	0.01615	0.00994	0.01288	0.00735	0.00440	0.00567	0.00168	0.00826	0.00540	0.00245	0.00699
11	0.00616	0.00440	0.00587	0.00704	0.00733	0.00411	0.00469	0.00704	0.00968	0.01291	0.02787	0.81899	0.03344	0.01584	0.00645	0.00205	0.00293	0.01438	0.00469	0.00411
12	0.85801	0.00978	0.00743	0.00665	0.00978	0.01134	0.00548	0.01486	0.00861	0.02269	0.00704	0.00821	0.00548	0.00469	0.00313	0.00156	0.00391	0.00274	0.00313	0.00548
13	0.00716	0.00517	0.00676	0.00636	0.00755	0.00477	0.00477	0.00954	0.01431	0.02028	0.78808	0.03777	0.04771	0.01034	0.00596	0.00159	0.00239	0.00914	0.00557	0.00477
14	0.00616	0.00440	0.00587	0.00704	0.00733	0.00411	0.00469	0.00704	0.00968	0.01291	0.02787	0.81899	0.03344	0.01584	0.00645	0.00205	0.00293	0.01438	0.00469	0.00411
15	0.11451	0.14804	0.05080	0.01135	0.01469	0.35532	0.00948	0.16280	0.02779	0.01754	0.00866	0.00975	0.00694	0.00532	0.00476	0.00139	0.03777	0.00347	0.00307	0.00654
16	0.01817	0.02290	0.01444	0.01305	0.01541	0.72934	0.00989	0.01945	0.01372	0.01236	0.00771	0.00930	0.00653	0.00555	0.00567	0.00139	0.08337	0.00336	0.00257	0.00583
17	0.01095	0.01002	0.05346	0.00799	0.01262	0.00721	0.00679	0.02872	0.01087	0.03630	0.00933	0.01070	0.00758	0.00391	0.00386	0.00083	0.00400	0.00312	0.00307	0.76865
18	0.04281	0.09303	0.01524	0.01238	0.01523	0.66787	0.00954	0.06075	0.01433	0.01370	0.00796	0.00917	0.00660	0.00517	0.00443	0.00130	0.00845	0.00326	0.00272	0.00606
19	0.00723	0.00540	0.00803	0.00803	0.00890	0.00627	0.00620	0.00897	0.00810	0.01167	0.01363	0.02035	0.01285	0.06677	0.77369	0.00801	0.01323	0.00549	0.00272	0.00446
20	0.01252	0.01201	0.02053	0.03104	0.79074	0.01201	0.01552	0.01552	0.01151	0.01652	0.00951	0.01252	0.00801	0.00451	0.00501	0.00150	0.00601	0.00451	0.00250	0.00801
21	0.00601	0.00512	0.00517	0.00516	0.00685	0.00428	0.00387	0.00732	0.01160	0.01384	0.07171	0.04836	0.76809	0.01274	0.00598	0.00170	0.00256	0.01063	0.00472	0.00428
22	0.01258	0.01086	0.01143	0.01029	0.01315	0.01258	0.00800	0.02687	0.78161	0.02115	0.02058	0.01887	0.01544	0.00686	0.00515	0.00172	0.00400	0.00572	0.00515	0.00800
23	0.02269	0.00861	0.01174	0.00900	0.01291	0.00743	0.00743	0.02464	0.01447	0.79425	0.01995	0.01721	0.01252	0.00626	0.00509	0.00156	0.00430	0.00509	0.00626	0.00861
24	0.00632	0.00451	0.00605	0.00722	0.00758	0.00424	0.00497	0.00731	0.00984	0.01309	0.02778	0.75830	0.03310	0.01569	0.00650	0.00208	0.00307	0.07350	0.00469	0.00415
25	0.00641	0.00461	0.00614	0.00723	0.00769	0.00433	0.00507	0.00752	0.01009	0.01340	0.04969	0.68541	0.05596	0.01538	0.00649	0.00206	0.00311	0.10051	0.00471	0.00419
26	0.01352	0.82533	0.02650	0.00865	0.01298	0.02001	0.00865	0.01514	0.01027	0.01190	0.00703	0.00811	0.00649	0.00433	0.00324	0.00108	0.00541	0.00270	0.00216	0.00649
27	0.01126	0.01110	0.01547	0.03080	0.01382	0.01540	0.01109	0.03348	0.00824	0.01274	0.00684	0.01115	0.00669	0.00869	0.01602	0.00218	0.77268	0.00443	0.00229	0.00562
28	0.00698	0.00511	0.00722	0.00816	0.00887	0.00490	0.02422	0.00844	0.01041	0.01375	0.02707	0.53909	0.03134	0.01492	0.00662	0.00214	0.00366	0.26812	0.00463	0.00436
29	0.07273	0.00868	0.01148	0.00886	0.01272	0.00767	0.00732	0.02406	0.01412	0.74802	0.01918	0.01667	0.01210	0.00616	0.00497	0.00156	0.00428	0.00494	0.00607	0.00842
30	0.00815	0.00582	0.00815	0.00931	0.01048	0.00582	0.00815	0.01048	0.01164	0.01513	0.02677	0.05704	0.02910	0.01397	0.00698	0.00233	0.00466	0.75671	0.00466	0.00466
31	0.00598	0.00512	0.00512	0.00512	0.00683	0.00427	0.00384	0.00726	0.01153	0.01366	0.05123	0.04866	0.78869	0.01281	0.00598	0.00171	0.00256	0.01067	0.00470	0.00427
32	0.01274	0.01121	0.01151	0.01036	0.01322	0.03350	0.00805	0.02669	0.76127	0.02092	0.02024	0.01861	0.01520	0.00682	0.00513	0.00170	0.00414	0.00565	0.00508	0.00795
33	0.00716	0.00517	0.00676	0.00636	0.00755	0.00477	0.00477	0.00954	0.01431	0.02028	0.78808	0.03777	0.04771	0.01034	0.00596	0.00159	0.00239	0.00914	0.00557	0.00477
34	0.01183	0.01333	0.02843	0.04469	0.04084	0.01287	0.69322	0.01587	0.01164	0.01589	0.00998	0.01347	0.00759	0.00454	0.00650	0.00173	0.05249	0.00581	0.00253	0.00674
35	0.01903	0.01378	0.01486	0.01147	0.01545	0.01521	0.00945	0.70784	0.06075	0.06108	0.01286	0.01267	0.00909	0.00612	0.00506	0.00153	0.00544	0.00463	0.00511	0.00857
36	0.01339	0.50598	0.18924	0.00999	0.01497	0.01636	0.01060	0.05759	0.01135	0.05689	0.00860	0.00955	0.00699	0.00459	0.00382	0.00122	0.00568	0.00318	0.00260	0.06742

[dist]
# distance from previous block
# <min> <max>
0	3

[block]
# block no. 6 follows, 49 sequences, length 20
# corresponding to MSA columns:
# 500-519
name=unknown_G
#
# <colnr> <probs for GDERKNQSTAVLIFYWHMCP>
#	G	D	E	R	K	N	Q	S	T	A	V	L	I	F	Y	W	H	M	C	P
0	0.01495	0.05129	0.07661	0.11620	0.01759	0.01401	0.01045	0.39419	0.11340	0.02341	0.01213	0.01372	0.00926	0.03726	0.02146	0.00185	0.05608	0.00465	0.00404	0.00747
1	0.01023	0.00969	0.01558	0.41058	0.16772	0.01189	0.01292	0.01287	0.00965	0.01331	0.00898	0.01335	0.00750	0.00887	0.08184	0.00237	0.18983	0.00457	0.00233	0.00594
2	0.68367	0.01008	0.00985	0.05270	0.13086	0.01144	0.00747	0.01486	0.00913	0.02123	0.00752	0.00915	0.00593	0.00468	0.00352	0.00156	0.00438	0.00310	0.00299	0.00587
3	0.00838	0.00679	0.00767	0.00716	0.00900	0.00680	0.00544	0.01367	0.22334	0.01839	0.33364	0.06284	0.23534	0.01007	0.00570	0.00165	0.00293	0.00864	0.00512	0.02744
4	0.00735	0.00490	0.00552	0.00552	0.00552	0.00490	0.00306	0.00735	0.00735	0.00980	0.01593	0.03309	0.01838	0.82229	0.02574	0.00490	0.00490	0.00735	0.00306	0.00306
5	0.01358	0.76221	0.05787	0.00905	0.01345	0.04901	0.00911	0.01537	0.01044	0.01209	0.00714	0.00826	0.00649	0.00438	0.00336	0.00111	0.00563	0.00277	0.00218	0.00651
6	0.00943	0.00471	0.00471	0.00471	0.00589	0.00471	0.00353	0.01178	0.01060	0.01885	0.01650	0.01885	0.01296	0.00589	0.00353	0.00118	0.00236	0.00471	0.85036	0.00471
7	0.01252	0.01201	0.02053	0.03104	0.79074	0.01201	0.01552	0.01552	0.01151	0.01652	0.00951	0.01252	0.00801	0.00451	0.00501	0.00150	0.00601	0.00451	0.00250	0.00801
8	0.01049	0.00899	0.01049	0.00749	0.01198	0.00674	0.00599	0.01273	0.01049	0.01648	0.00899	0.01049	0.00749	0.00374	0.00374	0.00075	0.00374	0.00300	0.00300	0.85320
9	0.00616	0.00440	0.00587	0.00704	0.00733	0.00411	0.00469	0.00704	0.00968	0.01291	0.02787	0.81899	0.03344	0.01584	0.00645	0.00205	0.00293	0.01438	0.00469	0.00411
10	0.85801	0.00978	0.00743	0.00665	0.00978	0.01134	0.00548	0.01486	0.00861	0.02269	0.00704	0.00821	0.00548	0.00469	0.00313	0.00156	0.00391	0.00274	0.00313	0.00548
11	0.00640	0.00462	0.00606	0.00680	0.00737	0.00428	0.00468	0.00767	0.01090	0.01477	0.21755	0.59713	0.06425	0.01437	0.00632	0.00193	0.00278	0.01294	0.00491	0.00428
