[name]
unknown

[dist]
# distance from previous block
# <min> <max>
0	0

[block]
# block no. 0 follows, 44 sequences, length 11
# corresponding to MSA columns:
# 23-33
name=unknown_A
#
# <colnr> <probs for GDERKNQSTAVLIFYWHMCP>
#	G	D	E	R	K	N	Q	S	T	A	V	L	I	F	Y	W	H	M	C	P
0	0.00879	0.00628	0.00879	0.01004	0.01130	0.00628	0.00879	0.01130	0.01255	0.01632	0.02887	0.06150	0.03138	0.01506	0.00753	0.00251	0.00502	0.73770	0.00502	0.00502
1	0.00648	0.00539	0.00566	0.00588	0.00746	0.00457	0.00430	0.00778	0.01208	0.01459	0.05087	0.18280	0.64467	0.01437	0.00653	0.00191	0.00283	0.01220	0.00506	0.00457
2	0.00757	0.00526	0.00665	0.00698	0.00732	0.00535	0.00455	0.00820	0.00885	0.01195	0.02078	0.22998	0.04308	0.40101	0.18118	0.02761	0.00661	0.00944	0.00370	0.00393
3	0.00748	0.00550	0.00700	0.00676	0.00803	0.00502	0.00502	0.00979	0.01469	0.02040	0.62886	0.10119	0.13612	0.01192	0.00647	0.00177	0.00264	0.01049	0.00582	0.00502
4	0.24937	0.49942	0.06241	0.00908	0.01353	0.01771	0.00887	0.01686	0.01084	0.05867	0.00847	0.00947	0.00704	0.00492	0.00366	0.00137	0.00543	0.00313	0.00287	0.00687
5	0.73742	0.07917	0.04583	0.00774	0.01144	0.01304	0.00686	0.01611	0.00953	0.02314	0.00769	0.00897	0.00604	0.00503	0.00347	0.00164	0.00453	0.00300	0.00324	0.00610
6	0.01119	0.04792	0.12885	0.01022	0.03689	0.00883	0.00891	0.06087	0.01369	0.09635	0.23381	0.15605	0.10029	0.01014	0.00663	0.00181	0.04792	0.00853	0.00475	0.00635
7	0.01168	0.00951	0.01159	0.00874	0.01294	0.00774	0.02795	0.06352	0.01250	0.03812	0.04293	0.09710	0.01301	0.00596	0.00464	0.00110	0.00418	0.00506	0.00376	0.61796
8	0.00749	0.00528	0.00642	0.00656	0.00715	0.00502	0.00431	0.00860	0.01112	0.01512	0.26098	0.20100	0.08131	0.33809	0.01525	0.00329	0.00382	0.01037	0.00464	0.00421
9	0.01473	0.04346	0.03152	0.02700	0.01451	0.01195	0.03604	0.30282	0.08563	0.05168	0.08720	0.12266	0.01770	0.02742	0.00608	0.00175	0.00500	0.00682	0.03096	0.07509
10	0.01454	0.10563	0.01484	0.02922	0.03097	0.06070	0.03257	0.15971	0.18379	0.06290	0.03493	0.04229	0.09213	0.00810	0.02302	0.00176	0.00539	0.00595	0.02503	0.06653

[dist]
# distance from previous block
# <min> <max>
0	59

[block]
# block no. 1 follows, 44 sequences, length 35
# corresponding to MSA columns:
# 93-127
name=unknown_B
#
# <colnr> <probs for GDERKNQSTAVLIFYWHMCP>
#	G	D	E	R	K	N	Q	S	T	A	V	L	I	F	Y	W	H	M	C	P
0	0.14575	0.01208	0.01539	0.02771	0.03437	0.01293	0.11547	0.28403	0.05324	0.02504	0.06351	0.01737	0.02791	0.00720	0.01782	0.00180	0.02674	0.02583	0.04193	0.04388
1	0.05849	0.01442	0.02598	0.01133	0.01506	0.11683	0.02571	0.37395	0.03921	0.06192	0.04921	0.03557	0.01206	0.00659	0.00516	0.00155	0.00579	0.00510	0.05950	0.07656
2	0.04841	0.04990	0.08346	0.04063	0.10607	0.01266	0.35151	0.05057	0.01262	0.01775	0.03261	0.04442	0.04162	0.00829	0.05762	0.00224	0.02327	0.00618	0.00310	0.00706
3	0.54933	0.07002	0.09606	0.02811	0.01325	0.01222	0.00815	0.01682	0.01047	0.08738	0.02690	0.01096	0.00793	0.00530	0.00391	0.00162	0.00483	0.00351	0.00350	0.03973
4	0.03263	0.08761	0.01564	0.12119	0.01774	0.07349	0.01020	0.26826	0.06602	0.04719	0.04266	0.03467	0.01220	0.00826	0.02528	0.02073	0.07217	0.03261	0.00415	0.00730
5	0.01451	0.34682	0.25081	0.01303	0.03289	0.04201	0.06520	0.09155	0.01318	0.05168	0.00995	0.01124	0.00776	0.00517	0.00458	0.00147	0.00677	0.00391	0.01981	0.00764
6	0.00848	0.06953	0.00862	0.00741	0.00885	0.01808	0.00546	0.01063	0.05724	0.03561	0.10681	0.35637	0.22287	0.04959	0.00729	0.00208	0.00351	0.01156	0.00490	0.00511
7	0.00693	0.00491	0.00647	0.00739	0.00791	0.00458	0.00504	0.00822	0.01138	0.01554	0.16580	0.64444	0.03831	0.01571	0.00678	0.00210	0.00304	0.01420	0.02667	0.00458
8	0.01401	0.00877	0.03175	0.06156	0.01410	0.00816	0.03567	0.06308	0.05307	0.23472	0.13152	0.17873	0.02371	0.01087	0.03206	0.00208	0.00489	0.05729	0.00527	0.02869
9	0.01969	0.14041	0.01557	0.01120	0.06374	0.01125	0.00868	0.09522	0.03450	0.43110	0.03861	0.03885	0.03156	0.02780	0.00582	0.00171	0.00496	0.00557	0.00541	0.00834
10	0.00677	0.00484	0.00644	0.00750	0.00794	0.00451	0.00507	0.00791	0.01103	0.01485	0.11739	0.71484	0.03787	0.01638	0.00690	0.00216	0.00309	0.01483	0.00517	0.00451
11	0.00854	0.00594	0.00800	0.00898	0.00999	0.00586	0.00712	0.01090	0.04568	0.03504	0.04437	0.35241	0.03210	0.01530	0.00742	0.01948	0.00418	0.36861	0.00507	0.00500
12	0.10746	0.09428	0.38292	0.08663	0.06436	0.01379	0.07496	0.06381	0.03028	0.01863	0.00995	0.01191	0.00742	0.00522	0.00498	0.00168	0.00712	0.00422	0.00277	0.00760
13	0.01331	0.03372	0.01643	0.01380	0.01445	0.12258	0.01136	0.03233	0.00992	0.01390	0.00784	0.01187	0.00741	0.00870	0.01497	0.00216	0.62423	0.00456	0.03036	0.00609
14	0.01163	0.00998	0.01196	0.00857	0.01342	0.00772	0.02465	0.03642	0.01178	0.01826	0.00983	0.01144	0.00812	0.00413	0.00414	0.00086	0.00422	0.00336	0.00329	0.79624
15	0.12244	0.00873	0.00977	0.02774	0.01136	0.03767	0.00700	0.03170	0.09415	0.09100	0.22854	0.06318	0.04666	0.05403	0.06912	0.00255	0.05734	0.02625	0.00473	0.00605
16	0.00671	0.00493	0.00630	0.00723	0.00785	0.00452	0.00494	0.00788	0.01119	0.01478	0.10334	0.62621	0.14199	0.01606	0.00684	0.00211	0.00305	0.01440	0.00515	0.00452
17	0.00833	0.00711	0.02580	0.11607	0.01290	0.00682	0.00698	0.01180	0.07464	0.01838	0.33728	0.07708	0.21652	0.01091	0.00621	0.00181	0.00364	0.03150	0.02077	0.00544
18	0.01865	0.13413	0.06722	0.01137	0.01571	0.01510	0.01005	0.43463	0.01992	0.13128	0.01415	0.04973	0.01076	0.00668	0.00516	0.00159	0.00567	0.00512	0.03458	0.00848
19	0.02270	0.00967	0.01265	0.00980	0.01380	0.00880	0.00805	0.10879	0.01674	0.63274	0.08033	0.01970	0.01604	0.00707	0.00555	0.00168	0.00463	0.00577	0.00654	0.00895
20	0.01992	0.01357	0.01487	0.01164	0.01570	0.01475	0.00954	0.53676	0.11030	0.13467	0.01553	0.01502	0.01093	0.00666	0.00539	0.00165	0.00546	0.00514	0.04350	0.00901
21	0.03576	0.22107	0.12934	0.03005	0.06671	0.14422	0.01212	0.10570	0.01315	0.01686	0.00930	0.02697	0.00797	0.00630	0.00707	0.00164	0.15155	0.00418	0.00290	0.00713
22	0.01659	0.01249	0.01592	0.25024	0.07241	0.01398	0.01176	0.39743	0.01887	0.06975	0.01304	0.04041	0.00987	0.00646	0.00546	0.00170	0.00616	0.00528	0.02419	0.00800
23	0.00727	0.00501	0.00614	0.00679	0.00695	0.00485	0.00420	0.00776	0.00921	0.01228	0.02376	0.42882	0.02812	0.40394	0.01712	0.00372	0.00420	0.01180	0.00420	0.00388
24	0.01363	0.01360	0.02079	0.13494	0.61162	0.07724	0.01600	0.01677	0.01246	0.01691	0.01003	0.01333	0.00832	0.00500	0.00536	0.00163	0.00686	0.00474	0.00267	0.00809
25	0.07164	0.09971	0.03475	0.01049	0.01443	0.12073	0.00881	0.12287	0.01562	0.38472	0.01565	0.01551	0.01095	0.04261	0.00606	0.00175	0.00578	0.00477	0.00506	0.00810
26	0.01196	0.00910	0.02421	0.01016	0.04677	0.03716	0.00764	0.01730	0.20118	0.11910	0.09134	0.12449	0.16954	0.01070	0.00615	0.00191	0.00423	0.09520	0.00524	0.00662
27	0.01263	0.01391	0.14314	0.01353	0.09369	0.00998	0.07455	0.06530	0.01268	0.04151	0.01046	0.01219	0.00820	0.00461	0.00471	0.00121	0.00555	0.00399	0.00323	0.46492
28	0.01105	0.02416	0.63064	0.01421	0.02102	0.01171	0.01757	0.01659	0.01203	0.04476	0.10431	0.01539	0.01266	0.00613	0.00579	0.00175	0.03483	0.00483	0.00292	0.00767
29	0.01060	0.00967	0.01581	0.44043	0.17530	0.01094	0.03094	0.01409	0.03915	0.01553	0.06405	0.01992	0.06357	0.00714	0.00636	0.03994	0.00627	0.02086	0.00307	0.00634
30	0.01281	0.01287	0.01747	0.24152	0.34654	0.11948	0.01385	0.01604	0.02995	0.01630	0.06153	0.04409	0.01259	0.00630	0.00553	0.00170	0.00671	0.02456	0.00306	0.00711
31	0.00739	0.00545	0.00622	0.00609	0.00706	0.00503	0.00412	0.00861	0.01162	0.01529	0.25641	0.04254	0.26901	0.31525	0.01454	0.00311	0.00366	0.00965	0.00468	0.00427
32	0.01849	0.04276	0.04427	0.01282	0.01722	0.01584	0.05938	0.56865	0.06525	0.03009	0.01411	0.03096	0.02205	0.00663	0.00546	0.00164	0.00602	0.00527	0.00499	0.02807
33	0.01330	0.00954	0.06330	0.00882	0.01167	0.00816	0.00732	0.09941	0.05601	0.17348	0.22628	0.04752	0.06204	0.12347	0.00891	0.00218	0.00437	0.00732	0.00517	0.06174
34	0.14454	0.04996	0.03157	0.01204	0.06257	0.01409	0.00945	0.39799	0.01870	0.07167	0.01207	0.01265	0.00887	0.00584	0.00483	0.00153	0.00538	0.00436	0.03697	0.09492

[dist]
# distance from previous block
# <min> <max>
1	17

[block]
# block no. 2 follows, 44 sequences, length 20
# corresponding to MSA columns:
# 145-164
name=unknown_C
#
# <colnr> <probs for GDERKNQSTAVLIFYWHMCP>
#	G	D	E	R	K	N	Q	S	T	A	V	L	I	F	Y	W	H	M	C	P
0	0.05521	0.03664	0.04418	0.05269	0.12770	0.04639	0.09673	0.07899	0.03877	0.09719	0.01240	0.03842	0.01011	0.00626	0.00651	0.00164	0.08728	0.02003	0.00362	0.13923
1	0.07837	0.10724	0.01453	0.01018	0.01385	0.09220	0.00830	0.24112	0.05981	0.04268	0.04978	0.03219	0.02537	0.00693	0.00565	0.04290	0.00540	0.00477	0.00416	0.15457
2	0.01212	0.01171	0.01881	0.40885	0.36723	0.03615	0.01554	0.01582	0.03140	0.01589	0.01023	0.01408	0.00812	0.00524	0.00541	0.00172	0.00691	0.00484	0.00264	0.00729
3	0.01037	0.00763	0.01080	0.02546	0.01077	0.00940	0.00773	0.01075	0.00856	0.03837	0.01150	0.03965	0.01110	0.05751	0.16648	0.24872	0.26989	0.00547	0.04523	0.00460
4	0.00766	0.00557	0.00721	0.00680	0.00811	0.00512	0.00510	0.01018	0.01530	0.02155	0.74025	0.04124	0.08290	0.01126	0.00643	0.00172	0.00258	0.00993	0.00596	0.00512
5	0.00779	0.00584	0.00876	0.00876	0.00974	0.00681	0.00681	0.00974	0.00876	0.01266	0.01460	0.02142	0.01363	0.04089	0.78680	0.00876	0.01460	0.00584	0.00292	0.00487
6	0.00759	0.00554	0.00670	0.00659	0.00800	0.00493	0.00487	0.00950	0.01368	0.03917	0.39807	0.15742	0.29237	0.01281	0.00649	0.00183	0.00278	0.01113	0.00556	0.00497
7	0.00786	0.00526	0.00596	0.00603	0.00604	0.00524	0.00339	0.00791	0.00805	0.01074	0.01781	0.07365	0.02062	0.76934	0.02672	0.00513	0.00518	0.00830	0.00339	0.00336
8	0.01287	0.01471	0.03217	0.02298	0.02849	0.01379	0.75460	0.01746	0.01287	0.01746	0.01103	0.01471	0.00827	0.00460	0.00643	0.00184	0.00919	0.00643	0.00276	0.00735
9	0.01122	0.01034	0.01692	0.67446	0.10846	0.01248	0.01501	0.05807	0.01192	0.01552	0.00995	0.01435	0.00752	0.00546	0.00545	0.00179	0.00712	0.00485	0.00263	0.00650
10	0.01093	0.02820	0.78016	0.01554	0.02360	0.01266	0.02014	0.01727	0.01151	0.01727	0.00978	0.01151	0.00691	0.00518	0.00518	0.00173	0.00806	0.00403	0.00230	0.00806
11	0.00782	0.00573	0.00822	0.00822	0.00901	0.00652	0.00614	0.00939	0.00860	0.01226	0.01510	0.02415	0.01482	0.18823	0.64108	0.00809	0.01281	0.00624	0.00299	0.00457
12	0.02446	0.00928	0.01265	0.00970	0.01392	0.00801	0.00801	0.02657	0.01560	0.77817	0.02151	0.01856	0.01350	0.00675	0.00548	0.00169	0.00464	0.00548	0.00675	0.00928
13	0.01253	0.01069	0.01141	0.01033	0.01314	0.01214	0.00800	0.02576	0.64024	0.02231	0.11220	0.02428	0.05681	0.00814	0.00569	0.00183	0.00403	0.00685	0.00558	0.00803
14	0.00772	0.00557	0.00729	0.00686	0.00814	0.00514	0.00514	0.01029	0.01543	0.02186	0.77152	0.04072	0.05144	0.01115	0.00643	0.00171	0.00257	0.00986	0.00600	0.00514
15	0.01512	0.67459	0.02596	0.00986	0.01417	0.12845	0.00933	0.01681	0.01174	0.01296	0.00928	0.01035	0.03238	0.00510	0.00379	0.00122	0.00629	0.00328	0.00249	0.00682
16	0.01130	0.00969	0.01130	0.00807	0.01292	0.00727	0.00646	0.01373	0.01130	0.01776	0.00969	0.01130	0.00807	0.00404	0.00404	0.00081	0.00404	0.00323	0.00323	0.84173
17	0.04586	0.01060	0.03310	0.01017	0.01445	0.00948	0.00857	0.11396	0.03794	0.62642	0.01983	0.01750	0.01270	0.00665	0.00542	0.00169	0.00487	0.00533	0.00635	0.00913
18	0.00756	0.00573	0.00778	0.11374	0.01190	0.00584	0.00633	0.00937	0.03315	0.01445	0.04703	0.54154	0.06656	0.06458	0.00788	0.00228	0.00383	0.01260	0.03310	0.00475
19	0.00766	0.00557	0.00721	0.00680	0.00811	0.00512	0.00510	0.01018	0.01531	0.02156	0.74145	0.04122	0.08170	0.01126	0.00643	0.00172	0.00258	0.00993	0.00596	0.00512

[dist]
# distance from previous block
# <min> <max>
0	18

[block]
# block no. 3 follows, 44 sequences, length 49
# corresponding to MSA columns:
# 192-240
name=unknown_D
#
# <colnr> <probs for GDERKNQSTAVLIFYWHMCP>
#	G	D	E	R	K	N	Q	S	T	A	V	L	I	F	Y	W	H	M	C	P
0	0.01332	0.42259	0.18996	0.01469	0.06066	0.01757	0.14888	0.01664	0.01147	0.01492	0.00882	0.01082	0.00731	0.00496	0.00505	0.00148	0.03713	0.00398	0.00243	0.00734
1	0.00816	0.00532	0.00680	0.00716	0.00770	0.00518	0.00476	0.00907	0.01009	0.05121	0.08600	0.36470	0.02859	0.29372	0.08297	0.00379	0.00494	0.01104	0.00442	0.00438
2	0.00765	0.00555	0.00721	0.00684	0.00812	0.00511	0.00511	0.01015	0.01522	0.02145	0.73188	0.05951	0.07296	0.01137	0.00644	0.00173	0.00259	0.01005	0.00595	0.00511
3	0.84691	0.01054	0.00801	0.00717	0.01054	0.01223	0.00590	0.01603	0.00928	0.02446	0.00759	0.00886	0.00590	0.00506	0.00337	0.00169	0.00422	0.00295	0.00337	0.00590
4	0.01342	0.01155	0.01222	0.01106	0.01409	0.01334	0.00863	0.02844	0.74203	0.02261	0.02239	0.02157	0.01708	0.00763	0.00561	0.00187	0.00434	0.02807	0.00553	0.00852
5	0.01458	0.81168	0.02857	0.00933	0.01399	0.02157	0.00933	0.01632	0.01108	0.01283	0.00758	0.00875	0.00700	0.00466	0.00350	0.00117	0.00583	0.00292	0.00233	0.00700
6	0.01093	0.02820	0.78016	0.01554	0.02360	0.01266	0.02014	0.01727	0.01151	0.01727	0.00978	0.01151	0.00691	0.00518	0.00518	0.00173	0.00806	0.00403	0.00230	0.00806
7	0.02189	0.00873	0.01188	0.00939	0.01315	0.00761	0.00772	0.02407	0.01545	0.65976	0.10722	0.02290	0.01857	0.00760	0.00568	0.00172	0.00442	0.03702	0.00659	0.00863
8	0.01356	0.01171	0.01233	0.01109	0.01418	0.01356	0.00863	0.02897	0.76455	0.02281	0.02219	0.02034	0.01664	0.00740	0.00555	0.00185	0.00431	0.00616	0.00555	0.00863
9	0.01356	0.01171	0.01233	0.01109	0.01418	0.01356	0.00863	0.02897	0.76455	0.02281	0.02219	0.02034	0.01664	0.00740	0.00555	0.00185	0.00431	0.00616	0.00555	0.00863
10	0.01016	0.00508	0.00508	0.00508	0.00635	0.00508	0.00381	0.01270	0.01143	0.02033	0.01778	0.02033	0.01397	0.00635	0.00381	0.00127	0.00254	0.00508	0.83867	0.00508
11	0.00849	0.00578	0.00735	0.00693	0.00844	0.00524	0.00526	0.01082	0.01478	0.06415	0.58004	0.06141	0.15723	0.01156	0.00642	0.00177	0.00280	0.03041	0.00585	0.00528
12	0.79629	0.01046	0.00811	0.00722	0.01055	0.01208	0.00594	0.03391	0.00975	0.02455	0.00810	0.00938	0.00628	0.00514	0.00344	0.00167	0.00420	0.00308	0.03390	0.00596
13	0.00691	0.00509	0.00649	0.00721	0.00800	0.00467	0.00507	0.00832	0.01186	0.01577	0.18714	0.50219	0.15418	0.01527	0.00679	0.00206	0.00305	0.04006	0.00525	0.00462
14	0.01155	0.00642	0.00852	0.00751	0.00947	0.00580	0.00580	0.01402	0.01547	0.19503	0.59979	0.03565	0.04275	0.01014	0.00621	0.00171	0.00305	0.00886	0.00617	0.00609
15	0.00658	0.00553	0.00567	0.00568	0.00743	0.00468	0.00425	0.00799	0.01240	0.01489	0.07884	0.05173	0.70863	0.03787	0.00711	0.00195	0.00288	0.02627	0.00504	0.00459
16	0.01030	0.00969	0.01635	0.79530	0.03755	0.01211	0.01514	0.01393	0.01090	0.01393	0.00969	0.01453	0.00727	0.00545	0.00545	0.00182	0.00727	0.00484	0.00242	0.00606
17	0.02038	0.02542	0.01550	0.01397	0.01686	0.74614	0.01052	0.06030	0.01598	0.01445	0.00867	0.01000	0.00714	0.00567	0.00494	0.00142	0.00963	0.00358	0.00295	0.00648
18	0.01208	0.01242	0.01841	0.38578	0.04199	0.09111	0.14919	0.01558	0.02807	0.01521	0.01030	0.02753	0.00826	0.00561	0.00615	0.00169	0.05291	0.00501	0.00274	0.10996
19	0.02785	0.04407	0.10848	0.12318	0.38423	0.07540	0.01481	0.04132	0.01284	0.07779	0.01094	0.01345	0.00856	0.00621	0.02643	0.00182	0.00703	0.00463	0.00304	0.00791
20	0.01827	0.01824	0.01470	0.01265	0.01600	0.31175	0.00987	0.23836	0.26094	0.02254	0.01424	0.01418	0.01079	0.00646	0.00528	0.00162	0.00693	0.00478	0.00447	0.00793
21	0.76213	0.01057	0.00905	0.06162	0.03796	0.01225	0.00689	0.01591	0.00949	0.02352	0.00782	0.00940	0.00609	0.00508	0.00358	0.00169	0.00450	0.00314	0.00329	0.00601
22	0.00872	0.00639	0.00886	0.01026	0.03542	0.00631	0.00843	0.01109	0.01246	0.01622	0.05182	0.05782	0.07944	0.04257	0.00807	0.00251	0.00486	0.61878	0.00492	0.00505
23	0.01258	0.01083	0.01141	0.01034	0.01323	0.01230	0.00802	0.02603	0.65784	0.02185	0.04603	0.02459	0.10465	0.00824	0.00567	0.00184	0.00409	0.00688	0.00550	0.00807
24	0.02072	0.01527	0.01636	0.01254	0.01691	0.01691	0.01036	0.75622	0.02563	0.03436	0.01309	0.01309	0.00927	0.00654	0.00545	0.00164	0.00600	0.00491	0.00545	0.00927
25	0.00739	0.00555	0.00680	0.00649	0.00789	0.00501	0.00484	0.00959	0.01446	0.01973	0.56739	0.04361	0.23591	0.03293	0.00700	0.00184	0.00269	0.01023	0.00569	0.00496
26	0.11814	0.01088	0.01302	0.01010	0.01426	0.01067	0.00834	0.20320	0.01732	0.51019	0.01786	0.01611	0.01159	0.00650	0.00523	0.00167	0.00492	0.00505	0.00604	0.00889
27	0.01193	0.01193	0.01670	0.01431	0.01431	0.01670	0.01193	0.01312	0.00835	0.01312	0.00716	0.01193	0.00716	0.00954	0.01789	0.00239	0.79843	0.00477	0.00239	0.00596
28	0.00801	0.00572	0.00774	0.00887	0.00975	0.00560	0.00711	0.00983	0.01154	0.01510	0.02891	0.28404	0.04920	0.07885	0.00894	0.00263	0.00443	0.44415	0.00490	0.00469
29	0.01458	0.81168	0.02857	0.00933	0.01399	0.02157	0.00933	0.01632	0.01108	0.01283	0.00758	0.00875	0.00700	0.00466	0.00350	0.00117	0.00583	0.00292	0.00233	0.00700
30	0.01677	0.01245	0.01313	0.01055	0.01353	0.03164	0.00819	0.50822	0.01994	0.02653	0.01424	0.01997	0.01247	0.25355	0.01231	0.00275	0.00587	0.00581	0.00473	0.00736
31	0.01211	0.00939	0.01115	0.00815	0.01271	0.00718	0.00650	0.01447	0.01176	0.07838	0.03668	0.03387	0.01070	0.00484	0.00431	0.00095	0.00401	0.00396	0.00365	0.72523
32	0.10709	0.13807	0.18112	0.02093	0.34259	0.01396	0.01438	0.01704	0.02545	0.04215	0.01003	0.01222	0.00807	0.00577	0.01891	0.00173	0.02560	0.00423	0.00281	0.00784
33	0.00759	0.00566	0.00662	0.00643	0.00801	0.00507	0.00482	0.00938	0.01304	0.04229	0.27703	0.07138	0.41639	0.03054	0.06902	0.00243	0.00377	0.01040	0.00521	0.00492
34	0.00897	0.00586	0.00760	0.00700	0.00855	0.00534	0.00531	0.01142	0.01524	0.08164	0.66388	0.03974	0.09660	0.01097	0.00636	0.00172	0.00275	0.00962	0.00600	0.00544
35	0.01494	0.52023	0.19430	0.01106	0.01632	0.06964	0.01172	0.01771	0.01183	0.07483	0.00924	0.01022	0.00750	0.00501	0.00413	0.00135	0.00650	0.00341	0.00271	0.00737
36	0.12882	0.00829	0.00943	0.03135	0.07149	0.02805	0.00725	0.06515	0.03280	0.01840	0.08371	0.17556	0.17597	0.03663	0.00668	0.00203	0.00428	0.10392	0.00455	0.00566
37	0.82194	0.01050	0.00815	0.00725	0.01065	0.01210	0.00597	0.01635	0.00947	0.04734	0.00801	0.00915	0.00613	0.00511	0.00344	0.00169	0.00423	0.00303	0.00348	0.00601
38	0.00678	0.00493	0.00629	0.00720	0.00775	0.00455	0.00486	0.00785	0.01093	0.01446	0.09138	0.61229	0.12326	0.06034	0.00801	0.00230	0.00319	0.01416	0.00504	0.00444
39	0.01649	0.05319	0.07606	0.03053	0.09321	0.03375	0.01060	0.25642	0.12572	0.12300	0.01710	0.04545	0.04507	0.00761	0.01985	0.00181	0.00574	0.00565	0.02456	0.00819
40	0.01287	0.01471	0.03217	0.02298	0.02849	0.01379	0.75460	0.01746	0.01287	0.01746	0.01103	0.01471	0.00827	0.00460	0.00643	0.00184	0.00919	0.00643	0.00276	0.00735
41	0.00870	0.00622	0.00867	0.00979	0.01104	0.00618	0.00850	0.01121	0.01278	0.01676	0.08804	0.05984	0.03297	0.01475	0.00744	0.00245	0.00483	0.67971	0.00510	0.00503
42	0.00669	0.00485	0.00633	0.00749	0.00796	0.00449	0.00509	0.00771	0.01066	0.01405	0.03202	0.72406	0.09458	0.01676	0.00693	0.00219	0.00318	0.03543	0.00506	0.00446
43	0.01941	0.01522	0.11031	0.01238	0.01709	0.01393	0.03103	0.45966	0.02075	0.17908	0.01472	0.03737	0.01056	0.00662	0.00546	0.00166	0.00594	0.00523	0.00518	0.02840
44	0.04722	0.00877	0.01034	0.03335	0.01204	0.02975	0.03105	0.20105	0.01439	0.01955	0.02224	0.45651	0.02448	0.05361	0.00737	0.00216	0.00455	0.01091	0.00478	0.00587
45	0.00800	0.00586	0.00771	0.00773	0.00865	0.00583	0.00567	0.00976	0.01280	0.03714	0.36795	0.32899	0.08294	0.01332	0.00752	0.00196	0.06627	0.01158	0.00532	0.00501
46	0.17981	0.00729	0.00809	0.00752	0.00940	0.00749	0.00579	0.03269	0.03997	0.05215	0.38758	0.08298	0.07591	0.03587	0.00668	0.00190	0.01801	0.03012	0.00517	0.00558
47	0.01434	0.45448	0.08403	0.01158	0.03466	0.10937	0.04284	0.01664	0.01207	0.03947	0.06961	0.01287	0.01107	0.00675	0.03011	0.00163	0.03464	0.00408	0.00287	0.00688
48	0.04095	0.22568	0.04900	0.11525	0.02019	0.06085	0.16352	0.01573	0.01112	0.01501	0.00901	0.01198	0.00755	0.00582	0.00735	0.00167	0.16223	0.00441	0.02794	0.04474

[dist]
# distance from previous block
# <min> <max>
1	6

[block]
# block no. 4 follows, 44 sequences, length 19
# corresponding to MSA columns:
# 247-259,272-277
name=unknown_E
#
# <colnr> <probs for GDERKNQSTAVLIFYWHMCP>
#	G	D	E	R	K	N	Q	S	T	A	V	L	I	F	Y	W	H	M	C	P
0	0.01845	0.04014	0.02501	0.01011	0.02633	0.00927	0.00821	0.04868	0.12050	0.42282	0.09333	0.04760	0.01864	0.00786	0.00562	0.00173	0.00453	0.05023	0.00588	0.03506
1	0.02689	0.08679	0.32686	0.01173	0.01685	0.03606	0.01268	0.04188	0.07070	0.03441	0.10468	0.02017	0.04096	0.00693	0.00526	0.00163	0.00597	0.05278	0.00360	0.09316
2	0.00722	0.00504	0.00620	0.00681	0.00711	0.00482	0.00432	0.00790	0.00980	0.01308	0.07044	0.42172	0.05667	0.33580	0.01529	0.00341	0.00397	0.01196	0.00441	0.00402
3	0.01394	0.67215	0.06223	0.01060	0.01527	0.01970	0.06115	0.01614	0.01131	0.01356	0.00920	0.01246	0.00855	0.00531	0.00402	0.00132	0.00612	0.04750	0.00252	0.00695
4	0.00772	0.00557	0.00729	0.00686	0.00814	0.00514	0.00514	0.01029	0.01543	0.02186	0.77152	0.04072	0.05144	0.01115	0.00643	0.00171	0.00257	0.00986	0.00600	0.00514
5	0.01178	0.01170	0.01641	0.01411	0.01414	0.01634	0.01174	0.01300	0.00836	0.01310	0.00743	0.01228	0.00739	0.01069	0.04612	0.00262	0.76965	0.00481	0.00241	0.00592
6	0.00694	0.00502	0.00662	0.00770	0.00828	0.00470	0.00544	0.00820	0.01111	0.01473	0.07620	0.62445	0.08310	0.01628	0.00696	0.00219	0.00332	0.09909	0.00511	0.00455
7	0.00694	0.00551	0.00624	0.00613	0.00769	0.00480	0.00457	0.00876	0.01350	0.01744	0.33053	0.08203	0.46066	0.01293	0.00646	0.00181	0.00271	0.01105	0.00542	0.00480
8	0.84691	0.01054	0.00801	0.00717	0.01054	0.01223	0.00590	0.01603	0.00928	0.02446	0.00759	0.00886	0.00590	0.00506	0.00337	0.00169	0.00422	0.00295	0.00337	0.00590
9	0.65446	0.01052	0.00926	0.00789	0.01147	0.01164	0.00650	0.05122	0.01121	0.16730	0.01047	0.01088	0.00749	0.00545	0.00387	0.00168	0.00438	0.00352	0.00410	0.00669
10	0.00790	0.00540	0.00654	0.00654	0.00675	0.00561	0.00404	0.00831	0.00810	0.01101	0.01663	0.03267	0.01851	0.64645	0.18792	0.00602	0.00725	0.00749	0.00322	0.00363
11	0.01350	0.30579	0.41759	0.01301	0.01928	0.07172	0.01504	0.04061	0.01217	0.03202	0.00925	0.01060	0.00716	0.00510	0.00458	0.00150	0.00726	0.00365	0.00254	0.00762
12	0.01423	0.73828	0.09898	0.00991	0.01489	0.02074	0.01034	0.01641	0.01112	0.01324	0.00779	0.00900	0.00699	0.00471	0.00366	0.00122	0.00604	0.00302	0.00233	0.00710
13	0.07874	0.00850	0.01020	0.00887	0.01158	0.00848	0.00703	0.04530	0.14699	0.25136	0.25966	0.06255	0.02722	0.00897	0.00579	0.00178	0.00389	0.04008	0.00584	0.00718
14	0.01712	0.08087	0.01602	0.06522	0.01697	0.01476	0.00968	0.46531	0.04394	0.02717	0.01279	0.04448	0.01005	0.00634	0.00511	0.00150	0.00558	0.00492	0.00460	0.14757
15	0.01163	0.06527	0.01179	0.00981	0.03802	0.07053	0.00731	0.04375	0.13957	0.01751	0.01924	0.16212	0.06735	0.01005	0.04708	0.00189	0.00507	0.00690	0.04734	0.21776
16	0.01324	0.01672	0.15133	0.05103	0.37714	0.10777	0.11161	0.01681	0.01250	0.01672	0.01139	0.06743	0.00994	0.00584	0.00554	0.00169	0.00731	0.00549	0.00281	0.00771
17	0.01195	0.03924	0.03090	0.08527	0.04057	0.08743	0.04651	0.04193	0.01142	0.01547	0.10359	0.05243	0.01481	0.03069	0.06465	0.00253	0.30543	0.00592	0.00319	0.00605
18	0.05677	0.03781	0.07441	0.00928	0.01248	0.03984	0.00807	0.06353	0.04118	0.19965	0.20507	0.04518	0.06808	0.00951	0.03074	0.00191	0.00484	0.03460	0.02147	0.03558

[dist]
# distance from previous block
# <min> <max>
1	13

[block]
# block no. 5 follows, 44 sequences, length 42
# corresponding to MSA columns:
# 291-332
name=unknown_F
#
# <colnr> <probs for GDERKNQSTAVLIFYWHMCP>
#	G	D	E	R	K	N	Q	S	T	A	V	L	I	F	Y	W	H	M	C	P
0	0.13881	0.04918	0.30450	0.12218	0.09655	0.03341	0.06708	0.01684	0.04777	0.01792	0.01175	0.01377	0.03423	0.00554	0.00502	0.00170	0.00680	0.00455	0.01517	0.00724
1	0.16978	0.10358	0.01640	0.07724	0.14905	0.06891	0.01052	0.21415	0.01530	0.04723	0.01158	0.01302	0.02450	0.00582	0.00501	0.00160	0.02137	0.00437	0.03305	0.00750
2	0.01317	0.12263	0.01884	0.03484	0.05762	0.09938	0.10954	0.05067	0.01150	0.01527	0.01023	0.03466	0.00927	0.02765	0.07406	0.00245	0.24205	0.00502	0.02655	0.03460
3	0.08666	0.01330	0.15682	0.02645	0.09107	0.01010	0.04789	0.07338	0.01372	0.22597	0.02044	0.05592	0.11766	0.00737	0.00544	0.00172	0.00545	0.00617	0.00445	0.03002
4	0.01197	0.07615	0.10868	0.07899	0.39569	0.01209	0.01392	0.03924	0.01232	0.01702	0.03019	0.07279	0.06652	0.00784	0.03178	0.00191	0.00635	0.00598	0.00311	0.00748
5	0.01082	0.00973	0.01534	0.04007	0.03239	0.02430	0.18597	0.07280	0.01286	0.01755	0.06377	0.25789	0.02088	0.01000	0.00674	0.01550	0.02640	0.05893	0.00406	0.11403
6	0.03136	0.33718	0.33694	0.01273	0.03335	0.03798	0.01395	0.06940	0.01252	0.02807	0.00987	0.01221	0.00803	0.00542	0.00457	0.00151	0.00681	0.02780	0.00274	0.00756
7	0.73163	0.01064	0.00917	0.08551	0.01347	0.01240	0.00699	0.04480	0.01008	0.02380	0.00801	0.00958	0.00617	0.00516	0.00366	0.00170	0.00459	0.00322	0.00336	0.00605
8	0.00807	0.00621	0.00915	0.00900	0.00986	0.00739	0.00699	0.00987	0.00870	0.01259	0.01423	0.02145	0.01349	0.07424	0.70138	0.00818	0.06555	0.00587	0.00290	0.00487
9	0.02072	0.01527	0.01636	0.01254	0.01691	0.01691	0.01036	0.75622	0.02563	0.03436	0.01309	0.01309	0.00927	0.00654	0.00545	0.00164	0.00600	0.00491	0.00545	0.00927
10	0.00783	0.00557	0.00715	0.00733	0.00773	0.00581	0.00499	0.00856	0.00934	0.01269	0.06651	0.20344	0.04978	0.34153	0.13771	0.04499	0.04120	0.02995	0.00382	0.00407
11	0.05164	0.00960	0.01097	0.00795	0.01262	0.00745	0.00636	0.01381	0.01121	0.01816	0.00982	0.01144	0.00814	0.00415	0.00400	0.00086	0.00400	0.00327	0.02696	0.77760
12	0.00664	0.00474	0.00633	0.00759	0.00791	0.00443	0.00506	0.00759	0.01044	0.01392	0.03005	0.80485	0.03606	0.01708	0.00696	0.00221	0.00316	0.01550	0.00506	0.00443
13	0.02963	0.00593	0.00595	0.00566	0.00719	0.00608	0.00432	0.06558	0.01239	0.02141	0.01722	0.01955	0.01346	0.00634	0.00392	0.00131	0.00282	0.00502	0.76081	0.00540
14	0.01485	0.01014	0.02412	0.05247	0.06819	0.02990	0.02520	0.15824	0.04463	0.14491	0.01805	0.07417	0.04188	0.02665	0.00569	0.00167	0.00477	0.00606	0.20095	0.04745
15	0.01330	0.01275	0.02178	0.07987	0.72951	0.01290	0.01663	0.01656	0.01232	0.01757	0.01022	0.01356	0.00855	0.00489	0.00540	0.00163	0.00652	0.00486	0.00268	0.00848
16	0.00658	0.00543	0.00579	0.00599	0.00757	0.00464	0.00443	0.00797	0.01225	0.01493	0.07890	0.16365	0.61680	0.01422	0.00655	0.00191	0.00287	0.02983	0.00510	0.00461
17	0.00726	0.00550	0.00665	0.00647	0.00783	0.00494	0.00478	0.00931	0.01401	0.01890	0.48666	0.09076	0.27195	0.03223	0.00700	0.00187	0.00273	0.01066	0.00559	0.00489
18	0.01172	0.13605	0.52971	0.03595	0.02287	0.01420	0.11121	0.01691	0.01148	0.01642	0.00953	0.01162	0.00711	0.00521	0.00560	0.00169	0.03846	0.00423	0.00237	0.00768
19	0.01632	0.01055	0.01212	0.01021	0.01345	0.01119	0.00812	0.13675	0.33055	0.21210	0.15504	0.02244	0.02097	0.00778	0.00568	0.00175	0.00434	0.00646	0.00591	0.00826
20	0.00675	0.00481	0.00640	0.00764	0.00798	0.00451	0.00515	0.00773	0.01046	0.01393	0.02972	0.76184	0.03553	0.03469	0.00744	0.00229	0.00327	0.04041	0.00502	0.00442
21	0.03531	0.01167	0.03737	0.02850	0.01900	0.01186	0.30014	0.04003	0.01182	0.10341	0.02377	0.04977	0.01085	0.00896	0.03155	0.08272	0.15646	0.00602	0.02421	0.00656
22	0.01423	0.10177	0.04125	0.09868	0.45599	0.07959	0.01457	0.05844	0.05153	0.01767	0.01051	0.01304	0.00859	0.00519	0.00516	0.00159	0.00667	0.00458	0.00293	0.00803
23	0.01537	0.01232	0.01611	0.38209	0.02642	0.01431	0.01250	0.38108	0.01812	0.02400	0.01153	0.01405	0.00847	0.00716	0.03118	0.00196	0.00688	0.00491	0.00394	0.00761
24	0.01361	0.04039	0.03717	0.23586	0.09923	0.08024	0.20971	0.05780	0.01319	0.05381	0.03079	0.01434	0.00928	0.00530	0.00550	0.00164	0.00730	0.00510	0.00311	0.07664
25	0.01119	0.02028	0.42348	0.01623	0.04623	0.01226	0.14958	0.01663	0.04815	0.01727	0.03324	0.01869	0.02842	0.00670	0.00660	0.00187	0.06363	0.06919	0.00296	0.00741
26	0.01310	0.01388	0.03496	0.10246	0.35760	0.11361	0.10888	0.01613	0.01255	0.01629	0.01406	0.01902	0.05744	0.00646	0.00617	0.00175	0.03805	0.05732	0.00298	0.00728
27	0.00789	0.00529	0.00594	0.00594	0.00598	0.00527	0.00332	0.00793	0.00804	0.01067	0.01813	0.03610	0.03861	0.78856	0.02722	0.00520	0.00522	0.00802	0.00335	0.00334
28	0.01197	0.01340	0.07271	0.01540	0.01661	0.01608	0.09840	0.01392	0.00910	0.01392	0.00779	0.01222	0.00727	0.00866	0.01566	0.00228	0.65102	0.00491	0.00242	0.00627
29	0.00663	0.00526	0.00597	0.00636	0.00763	0.00460	0.00455	0.00798	0.01204	0.01514	0.11604	0.30876	0.45045	0.01467	0.00662	0.00196	0.00288	0.01271	0.00515	0.00460
30	0.09870	0.01242	0.02307	0.25964	0.05409	0.01333	0.35760	0.01582	0.01148	0.01673	0.00989	0.01376	0.00763	0.00535	0.00678	0.00186	0.07707	0.00538	0.00268	0.00672
31	0.01381	0.01162	0.01244	0.01106	0.01411	0.01339	0.00866	0.09418	0.64322	0.02314	0.02082	0.01975	0.01575	0.00970	0.06102	0.00232	0.00520	0.00603	0.00535	0.00842
32	0.00760	0.00513	0.00650	0.00731	0.00774	0.00491	0.00481	0.00874	0.02642	0.03267	0.02665	0.58654	0.03108	0.18052	0.01112	0.00280	0.00365	0.01318	0.02819	0.00443
33	0.00977	0.00602	0.00681	0.00650	0.00726	0.00663	0.00471	0.01144	0.01007	0.01672	0.01625	0.02347	0.01471	0.22742	0.01220	0.00252	0.10549	0.00582	0.50146	0.00471
34	0.00731	0.00552	0.00675	0.00652	0.00791	0.00496	0.00486	0.00947	0.01435	0.01948	0.53471	0.08093	0.25294	0.01218	0.00646	0.00177	0.00265	0.01059	0.00569	0.00496
35	0.00664	0.00474	0.00633	0.00759	0.00791	0.00443	0.00506	0.00759	0.01044	0.01392	0.03005	0.80485	0.03606	0.01708	0.00696	0.00221	0.00316	0.01550	0.00506	0.00443
36	0.47815	0.05166	0.05906	0.10951	0.01671	0.01277	0.06165	0.06758	0.01138	0.05154	0.00975	0.03164	0.00768	0.00555	0.00429	0.00170	0.00538	0.00407	0.00341	0.00654
37	0.01251	0.01276	0.01556	0.01355	0.01402	0.09269	0.01107	0.03426	0.00979	0.01383	0.01024	0.06904	0.02782	0.00970	0.01519	0.00224	0.62144	0.00557	0.00277	0.00595
38	0.02037	0.02598	0.01545	0.01404	0.01685	0.78652	0.01053	0.02177	0.01545	0.01334	0.00843	0.00983	0.00702	0.00562	0.00492	0.00140	0.00983	0.00351	0.00281	0.00632
39	0.01356	0.01171	0.01233	0.01109	0.01418	0.01356	0.00863	0.02897	0.76455	0.02281	0.02219	0.02034	0.01664	0.00740	0.00555	0.00185	0.00431	0.00616	0.00555	0.00863
40	0.01163	0.01152	0.03875	0.27267	0.26704	0.01194	0.08852	0.01642	0.09650	0.01678	0.01550	0.01957	0.06425	0.00641	0.00570	0.00179	0.00648	0.03815	0.00320	0.00721
41	0.01066	0.00886	0.01193	0.26321	0.01977	0.01019	0.00978	0.05266	0.19994	0.01696	0.01899	0.10794	0.04554	0.03821	0.07211	0.03812	0.00612	0.05882	0.00400	0.00621

[dist]
# distance from previous block
# <min> <max>
0	1

[block]
# block no. 6 follows, 44 sequences, length 13
# corresponding to MSA columns:
# 334-346
name=unknown_G
#
# <colnr> <probs for GDERKNQSTAVLIFYWHMCP>
#	G	D	E	R	K	N	Q	S	T	A	V	L	I	F	Y	W	H	M	C	P
0	0.01961	0.01268	0.01424	0.01118	0.01510	0.01340	0.00911	0.48676	0.03929	0.18243	0.01631	0.07343	0.01241	0.00730	0.00547	0.00166	0.00530	0.00579	0.03217	0.03636
1	0.01358	0.12683	0.19368	0.01384	0.01820	0.13626	0.14679	0.01682	0.01208	0.06494	0.01196	0.04904	0.01010	0.02675	0.09247	0.00250	0.02989	0.00516	0.02227	0.00685
2	0.69482	0.01238	0.09292	0.00827	0.01222	0.01197	0.00762	0.01694	0.00999	0.07915	0.00886	0.00986	0.00657	0.00520	0.00373	0.00169	0.00467	0.00326	0.00350	0.00639
3	0.01797	0.02242	0.03888	0.03338	0.01644	0.60642	0.01025	0.04396	0.01499	0.01447	0.03447	0.01392	0.04824	0.00829	0.05102	0.00190	0.00928	0.00435	0.00309	0.00626
4	0.04436	0.01070	0.01283	0.01035	0.01422	0.01076	0.00839	0.10639	0.24094	0.44927	0.02040	0.01822	0.01376	0.00687	0.00544	0.00173	0.00468	0.00555	0.00615	0.00899
5	0.00870	0.00625	0.00876	0.06427	0.04123	0.00690	0.00685	0.01077	0.01029	0.01540	0.06613	0.13291	0.01865	0.04422	0.31594	0.00460	0.03559	0.00722	0.19022	0.00510
6	0.01130	0.00969	0.01130	0.00807	0.01292	0.00727	0.00646	0.01373	0.01130	0.01776	0.00969	0.01130	0.00807	0.00404	0.00404	0.00081	0.00404	0.00323	0.00323	0.84173
7	0.00772	0.00576	0.00618	0.00602	0.00788	0.00492	0.00456	0.00921	0.01265	0.05995	0.09847	0.04936	0.62674	0.04325	0.00723	0.00198	0.00303	0.03506	0.00516	0.00488
8	0.00753	0.00539	0.00608	0.00600	0.00667	0.00510	0.00383	0.00832	0.01032	0.01354	0.15822	0.04060	0.20629	0.47792	0.01890	0.00383	0.00420	0.00913	0.00420	0.00394
9	0.16369	0.01695	0.01401	0.08164	0.01705	0.28318	0.00990	0.15329	0.12415	0.02051	0.01116	0.01232	0.00866	0.00617	0.00567	0.00166	0.05496	0.00425	0.00372	0.00707
10	0.84691	0.01054	0.00801	0.00717	0.01054	0.01223	0.00590	0.01603	0.00928	0.02446	0.00759	0.00886	0.00590	0.00506	0.00337	0.00169	0.00422	0.00295	0.00337	0.00590
11	0.00780	0.00515	0.00593	0.00622	0.00647	0.00505	0.00377	0.00831	0.00897	0.01239	0.02138	0.20664	0.04796	0.52855	0.02011	0.00410	0.00447	0.00947	0.08349	0.00377
12	0.00831	0.00543	0.00725	0.00751	0.00849	0.00504	0.00545	0.00997	0.01283	0.05939	0.34391	0.36478	0.04004	0.01395	0.00726	0.03556	0.00316	0.05129	0.00544	0.00495

[dist]
# distance from previous block
# <min> <max>
0	6

[block]
# block no. 7 follows, 44 sequences, length 15
# corresponding to MSA columns:
# 353-367
name=unknown_H
#
# <colnr> <probs for GDERKNQSTAVLIFYWHMCP>
#	G	D	E	R	K	N	Q	S	T	A	V	L	I	F	Y	W	H	M	C	P
0	0.00877	0.00585	0.00765	0.00719	0.00868	0.00538	0.00553	0.01126	0.01512	0.06814	0.64465	0.04125	0.07802	0.01125	0.00645	0.00177	0.00287	0.05886	0.00594	0.00537
1	0.02975	0.10155	0.49103	0.01585	0.05103	0.08733	0.08238	0.04863	0.01255	0.01736	0.00966	0.01145	0.00719	0.00516	0.00509	0.00164	0.00788	0.00413	0.00256	0.00776
2	0.01319	0.01123	0.01195	0.01074	0.01379	0.01277	0.00839	0.02718	0.68166	0.02227	0.02172	0.02137	0.01669	0.00748	0.00550	0.00181	0.00428	0.03166	0.02963	0.04669
3	0.01974	0.01371	0.04658	0.01294	0.06267	0.01384	0.01026	0.46609	0.03991	0.18465	0.01531	0.03248	0.01098	0.00668	0.00542	0.00165	0.00559	0.00526	0.03735	0.00890
4	0.01624	0.04439	0.01442	0.01161	0.01518	0.03926	0.00930	0.27425	0.46187	0.02603	0.01811	0.01711	0.01347	0.00695	0.00542	0.00174	0.00512	0.00553	0.00531	0.00871
5	0.80762	0.04836	0.00898	0.00727	0.01071	0.01267	0.00607	0.01604	0.00936	0.02391	0.00759	0.00885	0.00596	0.00504	0.00338	0.00166	0.00429	0.00295	0.00332	0.00596
6	0.01674	0.01205	0.01339	0.03121	0.01486	0.01304	0.00886	0.42354	0.12003	0.08072	0.10177	0.04954	0.07361	0.00808	0.00571	0.00172	0.00499	0.00654	0.00549	0.00812
7	0.00718	0.00553	0.00660	0.00665	0.00807	0.00495	0.00503	0.00911	0.01349	0.01773	0.34724	0.12185	0.34053	0.01313	0.00658	0.00188	0.00291	0.07125	0.00545	0.00484
8	0.01141	0.00970	0.00979	0.04275	0.02585	0.09858	0.00721	0.05269	0.10805	0.05151	0.05438	0.08023	0.18975	0.13016	0.00936	0.00239	0.00498	0.10088	0.00457	0.00577
9	0.01130	0.00969	0.01130	0.00807	0.01292	0.00727	0.00646	0.01373	0.01130	0.01776	0.00969	0.01130	0.00807	0.00404	0.00404	0.00081	0.00404	0.00323	0.00323	0.84173
10	0.02446	0.00928	0.01265	0.00970	0.01392	0.00801	0.00801	0.02657	0.01560	0.77817	0.02151	0.01856	0.01350	0.00675	0.00548	0.00169	0.00464	0.00548	0.00675	0.00928
11	0.01720	0.01404	0.01516	0.04020	0.04861	0.07906	0.04027	0.44317	0.06431	0.02698	0.01734	0.01770	0.08457	0.00703	0.00544	0.00164	0.00588	0.00558	0.05778	0.00804
12	0.00793	0.00529	0.00595	0.00595	0.00595	0.00529	0.00330	0.00793	0.00793	0.01057	0.01718	0.03568	0.01982	0.80840	0.02775	0.00529	0.00529	0.00793	0.00330	0.00330
13	0.03368	0.63899	0.06737	0.01060	0.01534	0.06500	0.04169	0.04714	0.01199	0.01444	0.00812	0.00939	0.00712	0.00483	0.00387	0.00127	0.00630	0.00324	0.00253	0.00710
14	0.11800	0.01081	0.04615	0.31138	0.08803	0.01135	0.01186	0.07870	0.04041	0.09180	0.01490	0.03644	0.03157	0.00705	0.00544	0.00183	0.00595	0.07774	0.00373	0.00685

[dist]
# distance from previous block
# <min> <max>
0	1

[block]
# block no. 8 follows, 44 sequences, length 46
# corresponding to MSA columns:
# 369-414
name=unknown_I
#
# <colnr> <probs for GDERKNQSTAVLIFYWHMCP>
#	G	D	E	R	K	N	Q	S	T	A	V	L	I	F	Y	W	H	M	C	P
0	0.01956	0.01352	0.01485	0.01176	0.01576	0.01474	0.00958	0.50419	0.15727	0.13414	0.01635	0.03656	0.01191	0.00701	0.00552	0.00170	0.00543	0.00550	0.00564	0.00903
1	0.01038	0.00985	0.01685	0.77109	0.03726	0.01216	0.03832	0.01404	0.01096	0.01404	0.00973	0.01454	0.00730	0.00542	0.00548	0.00182	0.00733	0.00489	0.00243	0.00610
2	0.12500	0.00615	0.00589	0.00565	0.00730	0.00642	0.00434	0.03542	0.01169	0.02136	0.03944	0.01916	0.01388	0.00633	0.00388	0.00135	0.00288	0.00493	0.67361	0.00532
3	0.01130	0.00969	0.01130	0.00807	0.01292	0.00727	0.00646	0.01373	0.01130	0.01776	0.00969	0.01130	0.00807	0.00404	0.00404	0.00081	0.00404	0.00323	0.00323	0.84173
4	0.01449	0.79389	0.04564	0.00947	0.01421	0.02137	0.00957	0.01635	0.01109	0.01293	0.00763	0.00881	0.00699	0.00468	0.00354	0.00118	0.00588	0.00294	0.00233	0.00702
5	0.01140	0.06205	0.65810	0.01475	0.02208	0.01317	0.01833	0.01856	0.09758	0.01770	0.01110	0.01239	0.00802	0.00541	0.00514	0.00171	0.00753	0.00422	0.00267	0.00807
6	0.00766	0.00620	0.00690	0.00677	0.00847	0.00579	0.00508	0.01095	0.09906	0.01753	0.24105	0.10596	0.41991	0.01265	0.00640	0.00185	0.00296	0.02426	0.00537	0.00520
7	0.00767	0.00554	0.00725	0.00689	0.00813	0.00511	0.00514	0.01017	0.01522	0.02153	0.74028	0.07292	0.05079	0.01140	0.00645	0.00174	0.00260	0.01010	0.00596	0.00511
8	0.01030	0.00969	0.01635	0.79530	0.03755	0.01211	0.01514	0.01393	0.01090	0.01393	0.00969	0.01453	0.00727	0.00545	0.00545	0.00182	0.00727	0.00484	0.00242	0.00606
9	0.01052	0.00911	0.01504	0.66942	0.03308	0.01105	0.01366	0.01378	0.01106	0.04878	0.01256	0.10507	0.01084	0.00684	0.00562	0.00186	0.00668	0.00609	0.00292	0.00602
10	0.00669	0.00548	0.00590	0.00591	0.00755	0.00469	0.00439	0.00827	0.01285	0.01600	0.18631	0.10119	0.58877	0.01354	0.00648	0.00184	0.00275	0.01147	0.00524	0.00469
11	0.01028	0.00916	0.01506	0.70496	0.03398	0.01131	0.01385	0.01379	0.01096	0.01466	0.01062	0.01520	0.00803	0.00555	0.00526	0.00175	0.00673	0.00487	0.09802	0.00594
12	0.00814	0.00622	0.00756	0.00719	0.00871	0.00599	0.00540	0.01192	0.10037	0.02052	0.54312	0.08216	0.14913	0.01142	0.00636	0.00178	0.00283	0.00998	0.00576	0.00543
13	0.03594	0.01318	0.01393	0.01153	0.01517	0.01488	0.00926	0.36760	0.38381	0.02817	0.01750	0.01669	0.01289	0.00692	0.00541	0.00173	0.00505	0.00548	0.02607	0.00878
14	0.01617	0.00866	0.01087	0.00915	0.01206	0.00839	0.00732	0.09024	0.10187	0.31699	0.27070	0.04536	0.02739	0.00888	0.00593	0.00176	0.00403	0.04058	0.00612	0.00752
15	0.01880	0.01327	0.01448	0.01131	0.01514	0.01443	0.00926	0.59134	0.02314	0.06866	0.10048	0.01694	0.01458	0.00707	0.00547	0.00163	0.00534	0.00551	0.05460	0.00855
16	0.01348	0.01002	0.01134	0.00970	0.01183	0.02481	0.00745	0.31584	0.01563	0.02119	0.01447	0.02133	0.01323	0.22586	0.22392	0.00453	0.02258	0.00593	0.02054	0.00632
17	0.06721	0.11674	0.41889	0.01379	0.04235	0.01350	0.03191	0.10061	0.01268	0.01865	0.01059	0.02393	0.00833	0.00915	0.08661	0.00239	0.00789	0.00436	0.00286	0.00754
18	0.01458	0.81168	0.02857	0.00933	0.01399	0.02157	0.00933	0.01632	0.01108	0.01283	0.00758	0.00875	0.00700	0.00466	0.00350	0.00117	0.00583	0.00292	0.00233	0.00700
19	0.02702	0.01051	0.01174	0.03447	0.01380	0.02830	0.00734	0.13095	0.04462	0.05143	0.04562	0.01572	0.04564	0.00561	0.00464	0.00118	0.00446	0.00448	0.03465	0.47782
20	0.01771	0.01458	0.01484	0.04751	0.01672	0.08940	0.00996	0.43843	0.18429	0.02730	0.01459	0.01503	0.01089	0.00910	0.06239	0.00219	0.00668	0.00511	0.00490	0.00838
21	0.00946	0.00476	0.00692	0.00695	0.00706	0.00476	0.00467	0.00756	0.00752	0.01044	0.01059	0.03427	0.01042	0.01788	0.01958	0.75516	0.00452	0.00500	0.06983	0.00263
22	0.01387	0.17622	0.09072	0.11081	0.19121	0.14092	0.08057	0.01735	0.04399	0.01549	0.01136	0.01360	0.03469	0.00559	0.00545	0.00159	0.03198	0.00460	0.00277	0.00723
23	0.68453	0.01146	0.02624	0.03270	0.01227	0.03317	0.00695	0.01762	0.09589	0.02348	0.00940	0.01043	0.00723	0.00536	0.00377	0.00170	0.00456	0.00342	0.00355	0.00628
24	0.01306	0.01193	0.01920	0.33065	0.39805	0.01307	0.01538	0.10017	0.01333	0.01818	0.01036	0.01386	0.00817	0.00528	0.00542	0.00170	0.00673	0.00486	0.00291	0.00769
25	0.00664	0.00474	0.00633	0.00759	0.00791	0.00443	0.00506	0.00759	0.01044	0.01392	0.03005	0.80485	0.03606	0.01708	0.00696	0.00221	0.00316	0.01550	0.00506	0.00443
26	0.00670	0.00479	0.00639	0.00766	0.00800	0.00448	0.00516	0.00769	0.01049	0.01398	0.03002	0.78475	0.03593	0.01703	0.00697	0.00222	0.00321	0.03502	0.00506	0.00444
