[name]
unknown

[dist]
# distance from previous block
# <min> <max>
0	50

[block]
# block no. 0 follows, 39 sequences, length 16
# corresponding to MSA columns:
# 50-65
name=unknown_A
#
# <colnr> <probs for GDERKNQSTAVLIFYWHMCP>
#	G	D	E	R	K	N	Q	S	T	A	V	L	I	F	Y	W	H	M	C	P
0	0.03019	0.10061	0.01304	0.02968	0.01302	0.03676	0.00783	0.07054	0.04209	0.18209	0.09241	0.18122	0.07142	0.06041	0.00776	0.00218	0.00494	0.04140	0.00538	0.00704
1	0.01571	0.05903	0.03106	0.04393	0.01553	0.01116	0.02772	0.08481	0.16067	0.17916	0.02126	0.18909	0.01878	0.01039	0.02711	0.00209	0.00539	0.00803	0.00534	0.08375
2	0.09778	0.10191	0.08518	0.06406	0.15587	0.06676	0.04582	0.08951	0.04093	0.15948	0.02892	0.01511	0.01082	0.00618	0.00546	0.00175	0.00671	0.00503	0.00420	0.00853
3	0.01361	0.01154	0.01831	0.48666	0.12934	0.01327	0.03808	0.06324	0.06348	0.06746	0.01314	0.03342	0.01009	0.00639	0.00599	0.00193	0.00724	0.00572	0.00350	0.00759
4	0.01648	0.01616	0.02158	0.09344	0.48842	0.12556	0.01610	0.11357	0.01571	0.02062	0.01119	0.01409	0.00907	0.00569	0.00579	0.00174	0.00757	0.00506	0.00331	0.00885
5	0.01313	0.01542	0.10391	0.13658	0.11144	0.01409	0.30576	0.01920	0.10971	0.01877	0.01386	0.05146	0.01122	0.00648	0.00699	0.00200	0.04205	0.00657	0.00337	0.00798
6	0.06087	0.01248	0.01323	0.01246	0.05915	0.10136	0.00918	0.16736	0.01715	0.19823	0.03883	0.17121	0.05074	0.01007	0.00625	0.00195	0.00569	0.05049	0.00549	0.00782
7	0.00784	0.00610	0.00693	0.00709	0.00862	0.00548	0.00538	0.00954	0.01336	0.01686	0.15622	0.05417	0.42960	0.11754	0.01024	0.00259	0.00373	0.12836	0.00539	0.00497
8	0.01249	0.00729	0.00911	0.00815	0.01041	0.00664	0.00627	0.04748	0.01617	0.17790	0.36223	0.10387	0.18455	0.01198	0.00676	0.00192	0.00353	0.01033	0.00636	0.00655
9	0.01899	0.01266	0.01476	0.01201	0.01545	0.01379	0.00971	0.40276	0.02062	0.14459	0.01720	0.08224	0.01406	0.03228	0.11674	0.00308	0.04841	0.00661	0.00548	0.00859
10	0.02488	0.01077	0.01389	0.01077	0.01522	0.00991	0.00886	0.10784	0.04935	0.62017	0.02362	0.02084	0.04032	0.00760	0.00598	0.00184	0.00511	0.00614	0.00704	0.00985
11	0.00738	0.00526	0.00677	0.00791	0.00827	0.00493	0.00520	0.00829	0.01105	0.01465	0.03188	0.65891	0.06632	0.12069	0.01051	0.00283	0.00372	0.01555	0.00524	0.00465
12	0.01246	0.00685	0.00737	0.00677	0.00861	0.00689	0.00521	0.08353	0.01466	0.05610	0.11590	0.02413	0.02002	0.00762	0.00476	0.00150	0.00322	0.00620	0.60206	0.00616
13	0.01619	0.01537	0.02267	0.03183	0.60636	0.06729	0.01677	0.11341	0.01559	0.02136	0.01139	0.01430	0.00934	0.00557	0.00583	0.00174	0.00721	0.00517	0.00333	0.00928
14	0.01245	0.01179	0.01725	0.25138	0.02305	0.01567	0.01347	0.04724	0.01081	0.01552	0.00960	0.01475	0.00850	0.01171	0.07820	0.00295	0.44100	0.00531	0.00280	0.00656
15	0.00879	0.00681	0.00958	0.04672	0.10834	0.00671	0.00725	0.01013	0.01123	0.01507	0.04498	0.39992	0.05664	0.20831	0.01284	0.00310	0.00470	0.02906	0.00457	0.00523

[dist]
# distance from previous block
# <min> <max>
9	16

[block]
# block no. 1 follows, 39 sequences, length 15
# corresponding to MSA columns:
# 83-97
name=unknown_B
#
# <colnr> <probs for GDERKNQSTAVLIFYWHMCP>
#	G	D	E	R	K	N	Q	S	T	A	V	L	I	F	Y	W	H	M	C	P
0	0.09381	0.14215	0.35286	0.04230	0.09038	0.01442	0.02956	0.01837	0.02542	0.04738	0.03912	0.01378	0.00999	0.00577	0.00521	0.00171	0.00711	0.00453	0.00313	0.05300
1	0.05932	0.11222	0.01728	0.04385	0.10714	0.16838	0.01073	0.18625	0.01683	0.02222	0.04432	0.01538	0.01166	0.00837	0.04290	0.00202	0.02190	0.00493	0.09660	0.00768
2	0.01529	0.69430	0.12783	0.01101	0.01656	0.02212	0.01167	0.01784	0.01208	0.01455	0.00854	0.00988	0.00758	0.00513	0.00404	0.00135	0.00664	0.00332	0.00253	0.00774
3	0.00737	0.00591	0.00646	0.00650	0.00811	0.00513	0.00474	0.00898	0.01362	0.01711	0.18700	0.12174	0.51062	0.06005	0.00839	0.00223	0.00316	0.01232	0.00557	0.00500
4	0.01640	0.01245	0.01871	0.08165	0.37077	0.01279	0.01393	0.06745	0.11284	0.14611	0.01670	0.05499	0.01350	0.00711	0.00605	0.00188	0.00619	0.02706	0.00445	0.00898
5	0.05190	0.04306	0.01659	0.01284	0.01711	0.06886	0.01046	0.43633	0.17932	0.07867	0.01613	0.01569	0.01168	0.00711	0.00574	0.00180	0.00623	0.00540	0.00563	0.00946
6	0.00808	0.00580	0.00754	0.00842	0.00905	0.00563	0.00578	0.04030	0.01217	0.01639	0.07697	0.63064	0.03678	0.05110	0.05273	0.00289	0.00434	0.01496	0.00536	0.00506
7	0.00936	0.00622	0.00776	0.00765	0.00871	0.00652	0.00556	0.03225	0.01157	0.01713	0.10278	0.06662	0.05022	0.18452	0.26626	0.00515	0.00792	0.00783	0.19086	0.00512
8	0.04613	0.01131	0.01290	0.01228	0.06159	0.01215	0.00883	0.26342	0.13757	0.03644	0.03586	0.20043	0.06722	0.05677	0.00774	0.00221	0.00509	0.00890	0.00542	0.00775
9	0.05739	0.09367	0.01819	0.03517	0.08035	0.33086	0.01165	0.09308	0.10559	0.01894	0.01141	0.01297	0.00926	0.00668	0.00681	0.00174	0.09041	0.00453	0.00361	0.00770
10	0.00728	0.00598	0.00630	0.00623	0.00803	0.00512	0.00461	0.00889	0.01370	0.01688	0.16060	0.05402	0.60927	0.05699	0.00825	0.00218	0.00311	0.01200	0.00554	0.00500
11	0.00833	0.00626	0.00850	0.02840	0.05461	0.00608	0.00644	0.01023	0.03139	0.01694	0.17363	0.47217	0.03745	0.09937	0.00969	0.00259	0.00391	0.01345	0.00528	0.00527
12	0.01632	0.01598	0.08125	0.02661	0.39242	0.07101	0.12437	0.02041	0.03820	0.11667	0.01321	0.01553	0.01013	0.00658	0.02358	0.00198	0.00775	0.00551	0.00360	0.00891
13	0.02090	0.01370	0.04584	0.01267	0.03456	0.01345	0.01034	0.35269	0.06345	0.24646	0.01895	0.09111	0.01454	0.00816	0.00604	0.00185	0.00573	0.00662	0.00603	0.02692
14	0.02235	0.01542	0.01652	0.01286	0.01742	0.04684	0.01053	0.50974	0.07161	0.16457	0.01615	0.01557	0.01126	0.00707	0.00585	0.00176	0.00622	0.00540	0.00598	0.03688

[dist]
# distance from previous block
# <min> <max>
0	15

[block]
# block no. 2 follows, 39 sequences, length 20
# corresponding to MSA columns:
# 113-132
name=unknown_C
#
# <colnr> <probs for GDERKNQSTAVLIFYWHMCP>
#	G	D	E	R	K	N	Q	S	T	A	V	L	I	F	Y	W	H	M	C	P
0	0.01742	0.07528	0.03949	0.08541	0.06069	0.23391	0.16497	0.12738	0.05638	0.01991	0.01152	0.01366	0.00899	0.00601	0.00608	0.00173	0.02699	0.00506	0.00354	0.03555
1	0.01693	0.46873	0.08214	0.01216	0.03453	0.11487	0.01122	0.03295	0.01350	0.08181	0.04058	0.01261	0.01029	0.00599	0.00521	0.00150	0.03988	0.00407	0.00326	0.00777
2	0.06115	0.11792	0.56650	0.01625	0.02401	0.01495	0.08303	0.01855	0.01242	0.01864	0.01031	0.01227	0.00757	0.00549	0.00541	0.00181	0.00832	0.00439	0.00261	0.00840
3	0.00813	0.00590	0.00758	0.00743	0.00865	0.00544	0.00542	0.01047	0.01542	0.02150	0.57624	0.15345	0.09288	0.04522	0.00801	0.00211	0.00302	0.01161	0.00618	0.00535
4	0.01049	0.01035	0.07736	0.01243	0.05973	0.03928	0.00992	0.03463	0.05575	0.01807	0.04463	0.27933	0.02954	0.01410	0.00726	0.00234	0.00534	0.27824	0.00501	0.00621
5	0.01463	0.01616	0.09013	0.03311	0.62007	0.04202	0.06057	0.01845	0.01353	0.01907	0.01105	0.01438	0.00911	0.00531	0.00588	0.00177	0.00749	0.00524	0.00290	0.00914
6	0.01027	0.00514	0.00770	0.00770	0.00770	0.00514	0.00514	0.00770	0.00770	0.01027	0.01027	0.01798	0.01027	0.02054	0.02311	0.82794	0.00514	0.00514	0.00257	0.00257
7	0.00841	0.00604	0.00727	0.00717	0.00874	0.00536	0.00530	0.01041	0.01463	0.04966	0.34590	0.17525	0.30610	0.01405	0.00704	0.00200	0.00307	0.01220	0.00600	0.00542
8	0.06211	0.09749	0.21821	0.06024	0.07534	0.06492	0.01401	0.11970	0.08110	0.13049	0.01375	0.01448	0.00997	0.00625	0.00547	0.00178	0.00700	0.00484	0.00414	0.00872
9	0.00853	0.00576	0.00673	0.00678	0.00689	0.00583	0.00399	0.00875	0.00879	0.01181	0.01899	0.06936	0.02168	0.69587	0.09167	0.00591	0.00649	0.00876	0.00363	0.00378
10	0.02524	0.01124	0.01434	0.01109	0.01563	0.01055	0.00913	0.14087	0.05859	0.60470	0.02193	0.01930	0.01410	0.00732	0.00595	0.00183	0.00525	0.00589	0.00703	0.01002
11	0.01698	0.12079	0.34267	0.01482	0.02110	0.12266	0.01574	0.23463	0.01763	0.02310	0.01119	0.01237	0.00829	0.00606	0.00544	0.00172	0.00804	0.00443	0.00361	0.00873
12	0.13782	0.08634	0.01685	0.01269	0.01672	0.23733	0.01026	0.28381	0.06021	0.06541	0.01239	0.01286	0.00930	0.00646	0.00524	0.00168	0.00725	0.00450	0.00454	0.00834
13	0.00828	0.00570	0.00655	0.00671	0.00696	0.00560	0.00400	0.00860	0.00939	0.01237	0.02390	0.12973	0.08862	0.60828	0.04693	0.00511	0.00551	0.00986	0.00397	0.00390
14	0.01307	0.01042	0.01254	0.00962	0.01374	0.00915	0.00769	0.06213	0.01356	0.05580	0.07666	0.05820	0.01479	0.00668	0.00629	0.00130	0.07363	0.00524	0.00413	0.54537
15	0.11096	0.04381	0.05476	0.01295	0.08841	0.01144	0.02587	0.12667	0.05925	0.09429	0.18556	0.09846	0.02373	0.00886	0.00593	0.00186	0.00502	0.00748	0.02707	0.00763
16	0.03265	0.40510	0.04968	0.01389	0.06820	0.15426	0.04090	0.08412	0.01472	0.05228	0.01129	0.01247	0.02579	0.00581	0.00477	0.00150	0.00723	0.00417	0.00329	0.00789
17	0.01715	0.10752	0.08314	0.04338	0.01740	0.05623	0.01074	0.28540	0.04946	0.04966	0.01407	0.04206	0.01137	0.04020	0.00643	0.00179	0.00627	0.00530	0.04095	0.11150
18	0.18443	0.20231	0.10748	0.02011	0.25314	0.01625	0.07452	0.03166	0.02514	0.01985	0.01012	0.01235	0.00824	0.00536	0.00498	0.00169	0.00675	0.00440	0.00305	0.00815
19	0.05006	0.12003	0.08097	0.01224	0.05121	0.01253	0.01036	0.07122	0.08839	0.34368	0.08345	0.01929	0.01620	0.00718	0.00563	0.00177	0.00547	0.00575	0.00560	0.00897

[dist]
# distance from previous block
# <min> <max>
0	3

[block]
# block no. 3 follows, 39 sequences, length 17
# corresponding to MSA columns:
# 136-152
name=unknown_D
#
# <colnr> <probs for GDERKNQSTAVLIFYWHMCP>
#	G	D	E	R	K	N	Q	S	T	A	V	L	I	F	Y	W	H	M	C	P
0	0.05309	0.00981	0.01136	0.00981	0.01267	0.04079	0.00769	0.10138	0.03482	0.25680	0.12668	0.11440	0.06654	0.03272	0.09121	0.00284	0.00600	0.00812	0.00579	0.00751
1	0.00728	0.00523	0.00679	0.00799	0.00841	0.00487	0.00531	0.00827	0.01126	0.01491	0.03318	0.69887	0.07725	0.06908	0.00900	0.00260	0.00356	0.01603	0.00536	0.00473
2	0.07714	0.04039	0.06617	0.10562	0.26506	0.14167	0.01436	0.10857	0.03274	0.02042	0.01168	0.01413	0.02054	0.00625	0.00632	0.00180	0.05067	0.00490	0.00340	0.00818
3	0.12825	0.03026	0.20511	0.08133	0.12569	0.10114	0.04844	0.02007	0.09421	0.04688	0.05354	0.01568	0.01185	0.00628	0.00554	0.00183	0.00718	0.00512	0.00361	0.00799
4	0.00725	0.00522	0.00680	0.00804	0.00846	0.00485	0.00536	0.00826	0.01133	0.01500	0.03355	0.71717	0.07824	0.04961	0.00843	0.00251	0.00350	0.01624	0.00541	0.00476
5	0.02123	0.13329	0.01871	0.01453	0.01786	0.66641	0.01125	0.02281	0.01611	0.01440	0.00902	0.01050	0.00761	0.00595	0.00512	0.00149	0.01007	0.00372	0.00298	0.00696
6	0.03722	0.10951	0.37706	0.01670	0.06550	0.01455	0.09938	0.02008	0.10572	0.04289	0.02586	0.03606	0.01102	0.00629	0.00567	0.00184	0.00750	0.00535	0.00337	0.00845
7	0.01275	0.23199	0.34679	0.01355	0.01916	0.01588	0.01506	0.01791	0.06561	0.01683	0.01146	0.01391	0.00933	0.01139	0.11220	0.00283	0.06812	0.00455	0.00287	0.00782
8	0.00746	0.00533	0.00716	0.00853	0.00898	0.00503	0.00594	0.00868	0.01158	0.01538	0.03245	0.70846	0.03855	0.01828	0.00762	0.00244	0.00365	0.09413	0.00548	0.00487
9	0.01971	0.01127	0.01339	0.01096	0.01459	0.01140	0.00877	0.25259	0.07656	0.28952	0.07625	0.12799	0.04128	0.00943	0.00627	0.00191	0.00504	0.00785	0.00640	0.00880
10	0.05956	0.07240	0.08256	0.01634	0.06552	0.04316	0.18152	0.02114	0.22522	0.02012	0.03022	0.08937	0.01488	0.00755	0.00637	0.00192	0.02733	0.00683	0.00413	0.02386
11	0.01341	0.01280	0.02077	0.22923	0.47835	0.03325	0.01660	0.01692	0.01323	0.01811	0.03471	0.01893	0.01186	0.00635	0.00603	0.00187	0.00712	0.04911	0.00312	0.00820
12	0.02278	0.01539	0.01693	0.01306	0.01771	0.01668	0.01076	0.59515	0.05709	0.14910	0.01605	0.01546	0.01112	0.00717	0.00593	0.00179	0.00620	0.00548	0.00614	0.01003
13	0.00879	0.00648	0.00826	0.00774	0.00926	0.00618	0.00583	0.01249	0.06448	0.02378	0.70440	0.04272	0.05332	0.01182	0.00691	0.00187	0.00291	0.01043	0.00648	0.00583
14	0.00734	0.00528	0.00674	0.00785	0.00829	0.00492	0.00519	0.00830	0.01120	0.01477	0.03338	0.64305	0.09797	0.10384	0.01000	0.00274	0.00365	0.01553	0.00528	0.00468
15	0.00754	0.00551	0.00712	0.00799	0.00877	0.00509	0.00563	0.00906	0.01274	0.01703	0.17665	0.52442	0.11779	0.01677	0.00741	0.00227	0.00337	0.05415	0.00569	0.00501
16	0.75266	0.04163	0.00986	0.00804	0.01181	0.01338	0.00669	0.01810	0.01056	0.07116	0.00916	0.01025	0.00696	0.00559	0.00381	0.00181	0.00467	0.00337	0.00384	0.00668

[dist]
# distance from previous block
# <min> <max>
0	1

[block]
# block no. 4 follows, 39 sequences, length 65
# corresponding to MSA columns:
# 154-197,202-222
name=unknown_E
#
# <colnr> <probs for GDERKNQSTAVLIFYWHMCP>
#	G	D	E	R	K	N	Q	S	T	A	V	L	I	F	Y	W	H	M	C	P
0	0.83394	0.01144	0.00869	0.00778	0.01144	0.01327	0.00640	0.01738	0.01006	0.02653	0.00823	0.00961	0.00640	0.00549	0.00366	0.00183	0.00457	0.00320	0.00366	0.00640
1	0.00845	0.00613	0.00754	0.00811	0.00878	0.00608	0.00545	0.02701	0.05517	0.01575	0.06588	0.45473	0.05393	0.20249	0.04339	0.00340	0.00458	0.01311	0.00504	0.00497
2	0.01519	0.01429	0.04208	0.04740	0.44206	0.01459	0.01515	0.08661	0.21761	0.02231	0.01496	0.01663	0.01174	0.00623	0.00590	0.00184	0.00640	0.00564	0.00403	0.00933
3	0.01176	0.01009	0.01146	0.00872	0.01327	0.00823	0.00690	0.01582	0.09601	0.01940	0.01941	0.02003	0.12061	0.00637	0.00496	0.00117	0.00421	0.00520	0.00409	0.61228
4	0.02248	0.01656	0.01775	0.01361	0.01834	0.01834	0.01124	0.73556	0.02780	0.03727	0.01420	0.01420	0.01006	0.00710	0.00592	0.00177	0.00651	0.00532	0.00592	0.01006
5	0.01346	0.01955	0.40075	0.01282	0.01866	0.01036	0.01455	0.01820	0.01437	0.15664	0.19045	0.02401	0.06475	0.00802	0.00608	0.00187	0.00631	0.00664	0.00451	0.00802
6	0.02502	0.00973	0.01324	0.01026	0.01457	0.00843	0.00843	0.02735	0.01691	0.69793	0.08420	0.02214	0.01808	0.00772	0.00603	0.00183	0.00484	0.00634	0.00725	0.00969
7	0.01581	0.79572	0.03099	0.01012	0.01518	0.02340	0.01012	0.01771	0.01202	0.01391	0.00822	0.00949	0.00759	0.00506	0.00379	0.00126	0.00632	0.00316	0.00253	0.00759
8	0.00833	0.00614	0.00726	0.00691	0.00866	0.00542	0.00521	0.01055	0.01536	0.04243	0.43547	0.04888	0.35150	0.01318	0.00695	0.00192	0.00294	0.01131	0.00610	0.00546
9	0.01065	0.00694	0.00811	0.00744	0.00964	0.00619	0.00570	0.04126	0.01537	0.11887	0.25471	0.08212	0.38481	0.01296	0.00683	0.00195	0.00337	0.01100	0.00605	0.00604
10	0.00827	0.00599	0.00780	0.00746	0.00880	0.00552	0.00555	0.01093	0.01634	0.02303	0.69369	0.08895	0.07035	0.01254	0.00701	0.00190	0.00283	0.01110	0.00643	0.00552
11	0.00859	0.00579	0.00674	0.00674	0.00684	0.00589	0.00395	0.00879	0.00869	0.01168	0.01837	0.03722	0.02086	0.72074	0.10065	0.00609	0.00670	0.00838	0.00354	0.00375
12	0.02236	0.01387	0.01581	0.01218	0.01669	0.01446	0.01002	0.46546	0.02347	0.23781	0.06073	0.01757	0.01402	0.00735	0.00593	0.00176	0.00579	0.00575	0.00625	0.04274
13	0.01810	0.00991	0.01219	0.01014	0.01345	0.00977	0.00807	0.10979	0.13319	0.31040	0.23863	0.05396	0.02768	0.00921	0.00632	0.00188	0.00444	0.00778	0.00664	0.00844
14	0.00766	0.00573	0.00712	0.00737	0.00855	0.00518	0.00530	0.00957	0.01418	0.01905	0.35224	0.29634	0.21022	0.01491	0.00717	0.00207	0.00305	0.01315	0.00593	0.00518
15	0.01291	0.01304	0.01948	0.01626	0.01686	0.01750	0.08216	0.01458	0.00954	0.01467	0.00840	0.01353	0.00808	0.01082	0.04004	0.00273	0.68480	0.00538	0.00264	0.00658
16	0.01902	0.06161	0.04003	0.01221	0.01664	0.02776	0.01031	0.44562	0.02193	0.06287	0.06240	0.01643	0.01310	0.02825	0.00666	0.00176	0.02692	0.00537	0.00519	0.11591
17	0.01451	0.01079	0.01306	0.01082	0.01322	0.01155	0.05079	0.30477	0.01688	0.02272	0.01650	0.04459	0.01586	0.33044	0.09370	0.00420	0.00727	0.00715	0.00450	0.00668
18	0.00834	0.00601	0.00794	0.00785	0.00912	0.00560	0.00594	0.01092	0.01582	0.02215	0.60116	0.13278	0.05183	0.01324	0.00715	0.00200	0.00311	0.07726	0.00629	0.00548
19	0.03432	0.00874	0.00976	0.00911	0.03211	0.00859	0.00679	0.15295	0.03256	0.06625	0.12212	0.09457	0.33916	0.01187	0.00649	0.00192	0.00399	0.00992	0.04218	0.00662
20	0.38297	0.02833	0.01365	0.02874	0.01486	0.04338	0.02847	0.11430	0.01350	0.10218	0.01108	0.01265	0.00844	0.00680	0.00717	0.00193	0.14061	0.00436	0.02921	0.00735
21	0.00748	0.00537	0.00710	0.00832	0.00884	0.00504	0.00577	0.00873	0.01177	0.01566	0.06544	0.65370	0.06146	0.03439	0.00804	0.00246	0.00361	0.07645	0.00549	0.00487
22	0.06035	0.01530	0.01658	0.01274	0.01744	0.03658	0.02831	0.50272	0.04279	0.06955	0.01391	0.01415	0.01004	0.00658	0.00560	0.00165	0.00618	0.00502	0.00538	0.12912
23	0.01804	0.23888	0.05725	0.01550	0.10299	0.28741	0.01186	0.04139	0.02923	0.06126	0.02931	0.01397	0.03091	0.00636	0.00558	0.00159	0.03287	0.00451	0.00340	0.00769
24	0.01903	0.01734	0.10273	0.01334	0.01812	0.05269	0.01174	0.42455	0.15011	0.04486	0.01578	0.03659	0.01188	0.00723	0.00584	0.00179	0.00643	0.00562	0.00530	0.04903
25	0.03926	0.40404	0.30604	0.01361	0.03638	0.07748	0.01474	0.01856	0.01254	0.01629	0.00927	0.01084	0.00756	0.00537	0.00465	0.00154	0.00754	0.00372	0.00260	0.00797
26	0.01131	0.01017	0.01662	0.24982	0.25413	0.01089	0.03308	0.01459	0.02816	0.01726	0.06037	0.17339	0.01926	0.03314	0.00716	0.00213	0.00624	0.04150	0.00376	0.00700
27	0.03734	0.05227	0.20123	0.02106	0.10072	0.09920	0.31666	0.01929	0.01386	0.04028	0.03397	0.01494	0.00998	0.00559	0.00610	0.00184	0.00879	0.00565	0.00311	0.00810
28	0.01497	0.01486	0.02310	0.03198	0.59523	0.06634	0.05979	0.01920	0.05744	0.01924	0.01239	0.01637	0.01045	0.00579	0.00596	0.00180	0.00727	0.02562	0.00320	0.00900
29	0.00783	0.00561	0.00725	0.00793	0.00857	0.00551	0.00548	0.00909	0.01114	0.01504	0.06886	0.40055	0.09237	0.15037	0.13476	0.00403	0.00580	0.03207	0.02297	0.00477
30	0.01290	0.01109	0.01347	0.00975	0.01494	0.00889	0.03655	0.04985	0.03676	0.02029	0.01118	0.01282	0.00913	0.00465	0.00461	0.00100	0.00472	0.00383	0.00368	0.72989
31	0.01560	0.01745	0.01785	0.01547	0.01665	0.24974	0.03554	0.01712	0.01162	0.01444	0.00869	0.01280	0.00808	0.01041	0.04876	0.00255	0.48302	0.00486	0.00277	0.00658
32	0.00791	0.00576	0.00744	0.00758	0.00869	0.00530	0.00547	0.01006	0.01482	0.02048	0.47884	0.27647	0.10053	0.01430	0.00715	0.00204	0.00300	0.01272	0.00612	0.00530
33	0.00852	0.00617	0.00792	0.00880	0.00978	0.00596	0.00665	0.03188	0.01273	0.01667	0.05879	0.37799	0.11137	0.08046	0.00946	0.00269	0.00426	0.22942	0.00537	0.00511
34	0.01117	0.01051	0.01774	0.77795	0.04073	0.01314	0.01642	0.01511	0.01182	0.01511	0.01051	0.01577	0.00788	0.00591	0.00591	0.00197	0.00788	0.00526	0.00263	0.00657
35	0.01027	0.00514	0.00770	0.00770	0.00770	0.00514	0.00514	0.00770	0.00770	0.01027	0.01027	0.01798	0.01027	0.02054	0.02311	0.82794	0.00514	0.00514	0.00257	0.00257
36	0.01029	0.00694	0.00911	0.00969	0.01140	0.00669	0.00817	0.01303	0.03029	0.06954	0.09446	0.05841	0.15537	0.03019	0.00810	0.00251	0.00477	0.45962	0.00565	0.00575
37	0.01609	0.68002	0.05502	0.01081	0.01579	0.07820	0.01060	0.01874	0.04188	0.01456	0.00901	0.01019	0.00801	0.00528	0.00406	0.00134	0.00667	0.00339	0.00271	0.00765
38	0.00856	0.00650	0.00972	0.00965	0.01068	0.00766	0.00753	0.01065	0.00949	0.01374	0.01564	0.02298	0.01461	0.04351	0.75013	0.00933	0.03484	0.00631	0.00315	0.00531
39	0.00711	0.00597	0.00618	0.00618	0.00808	0.00504	0.00461	0.00871	0.01370	0.01662	0.11884	0.07562	0.67346	0.01482	0.00700	0.00200	0.00299	0.01244	0.00558	0.00504
40	0.01370	0.01550	0.03346	0.02409	0.02971	0.01471	0.68826	0.01845	0.01373	0.01868	0.01253	0.04174	0.00995	0.00560	0.00736	0.00203	0.03237	0.00726	0.00306	0.00783
41	0.01951	0.02215	0.01663	0.01461	0.01729	0.45784	0.01137	0.11642	0.06031	0.01811	0.01192	0.01360	0.03030	0.00742	0.00819	0.00180	0.15694	0.00470	0.00359	0.00730
42	0.01429	0.01338	0.02049	0.02936	0.56456	0.04312	0.01532	0.03188	0.03641	0.03570	0.03430	0.02061	0.10099	0.00680	0.00600	0.00179	0.00646	0.00627	0.00357	0.00868
43	0.06778	0.06690	0.35529	0.01511	0.04477	0.03527	0.09188	0.01698	0.01339	0.01986	0.16139	0.01916	0.01764	0.00697	0.00609	0.00184	0.02522	0.00584	0.02098	0.00763
44	0.01664	0.57041	0.09801	0.01143	0.01654	0.10707	0.01130	0.01947	0.03654	0.05124	0.00981	0.01084	0.00827	0.00544	0.00432	0.00140	0.00694	0.00360	0.00293	0.00779
45	0.00846	0.00621	0.00838	0.00814	0.00878	0.00598	0.04799	0.00934	0.01056	0.01417	0.08878	0.25155	0.05040	0.43264	0.01956	0.00411	0.00499	0.01114	0.00441	0.00441
46	0.55771	0.03516	0.01111	0.00943	0.02980	0.01349	0.00748	0.13428	0.01391	0.02740	0.09906	0.01465	0.01307	0.00653	0.00448	0.00181	0.00479	0.00450	0.00432	0.00701
47	0.18434	0.19504	0.13247	0.01339	0.06091	0.04629	0.03273	0.04504	0.15225	0.04761	0.01319	0.01473	0.01040	0.00625	0.00499	0.00175	0.00628	0.02043	0.00383	0.00807
48	0.01140	0.00844	0.03005	0.01022	0.03313	0.00787	0.00762	0.02963	0.13014	0.09335	0.09168	0.34470	0.07638	0.01337	0.00686	0.00214	0.00419	0.06004	0.00563	0.03316
49	0.00919	0.00606	0.00730	0.00733	0.00781	0.00602	0.00465	0.02539	0.01044	0.03792	0.07321	0.18064	0.02643	0.50136	0.06699	0.00483	0.00568	0.01003	0.00430	0.00441
50	0.05317	0.04651	0.36270	0.01850	0.06229	0.03632	0.20654	0.01950	0.01328	0.07985	0.01181	0.01385	0.00857	0.00552	0.00581	0.00183	0.00830	0.00509	0.00315	0.03742
51	0.01357	0.01258	0.03529	0.07028	0.42761	0.01231	0.03574	0.04106	0.05469	0.01899	0.01361	0.04032	0.01206	0.00775	0.00741	0.07057	0.00650	0.04701	0.00341	0.06924
52	0.00707	0.00597	0.00611	0.00613	0.00805	0.00502	0.00458	0.00861	0.01358	0.01634	0.09389	0.07772	0.69692	0.01494	0.00701	0.00200	0.00300	0.01252	0.00554	0.00502
53	0.01294	0.01243	0.04163	0.01048	0.01333	0.11386	0.00828	0.08765	0.05028	0.01941	0.05690	0.23618	0.02124	0.03297	0.00706	0.00188	0.02674	0.02349	0.03029	0.19295
54	0.00774	0.00564	0.00729	0.00768	0.00865	0.00519	0.00545	0.00964	0.01405	0.01924	0.37489	0.37891	0.10325	0.01520	0.00723	0.00211	0.00309	0.01358	0.00597	0.00519
55	0.01421	0.02334	0.39189	0.01799	0.09719	0.10000	0.07442	0.02047	0.08405	0.05254	0.05681	0.01593	0.01204	0.00628	0.00585	0.00184	0.00797	0.00528	0.00344	0.00846
56	0.01414	0.01446	0.05200	0.05227	0.62539	0.03996	0.01707	0.01755	0.01334	0.01870	0.01262	0.07206	0.01141	0.00632	0.00595	0.00181	0.00698	0.00604	0.00310	0.00884
57	0.01546	0.03774	0.01262	0.00944	0.01333	0.00948	0.00760	0.12835	0.01649	0.16082	0.17160	0.04669	0.04591	0.00784	0.00562	0.00151	0.00446	0.00650	0.02186	0.27669
58	0.10415	0.01261	0.10391	0.01297	0.03491	0.01033	0.12936	0.01684	0.07685	0.04530	0.20982	0.04873	0.04022	0.00828	0.00607	0.00183	0.00552	0.03090	0.00460	0.09679
59	0.00850	0.00573	0.00645	0.00648	0.00656	0.00568	0.00367	0.00859	0.00885	0.01173	0.02048	0.06002	0.04781	0.74339	0.02866	0.00551	0.00557	0.00896	0.00370	0.00367
60	0.05863	0.19581	0.27929	0.01511	0.07264	0.10926	0.01464	0.03296	0.01350	0.07035	0.02854	0.01473	0.01018	0.00632	0.00566	0.00173	0.03118	0.02816	0.00327	0.00804
61	0.03898	0.00960	0.01117	0.00858	0.01257	0.00789	0.00660	0.01364	0.01152	0.01800	0.01291	0.06619	0.01239	0.11546	0.00862	0.00174	0.02890	0.00512	0.00362	0.60650
62	0.01185	0.01205	0.07043	0.01143	0.01637	0.00895	0.10597	0.01493	0.01238	0.01867	0.03238	0.05913	0.01226	0.03140	0.02696	0.00161	0.00572	0.00523	0.00355	0.53872
63	0.01285	0.00867	0.02565	0.02411	0.08616	0.00819	0.00824	0.06257	0.03968	0.11785	0.21138	0.15077	0.04402	0.01071	0.00635	0.00192	0.00428	0.05126	0.11845	0.00689
64	0.01615	0.01295	0.03456	0.01319	0.03810	0.01303	0.04798	0.20906	0.06019	0.08776	0.01521	0.08768	0.01289	0.00786	0.00769	0.00177	0.11692	0.00615	0.00462	0.20625

[dist]
# distance from previous block
# <min> <max>
2	14

[block]
# block no. 5 follows, 39 sequences, length 8
# corresponding to MSA columns:
# 237-244
name=unknown_F
#
# <colnr> <probs for GDERKNQSTAVLIFYWHMCP>
#	G	D	E	R	K	N	Q	S	T	A	V	L	I	F	Y	W	H	M	C	P
0	0.01534	0.01351	0.01943	0.05446	0.45923	0.07355	0.01450	0.01915	0.05727	0.08835	0.05847	0.07137	0.01503	0.00705	0.00602	0.00182	0.00652	0.00643	0.00391	0.00858
1	0.09384	0.01022	0.03939	0.01064	0.04143	0.00950	0.02588	0.09943	0.06263	0.02322	0.25246	0.12417	0.05335	0.00977	0.00608	0.00180	0.00440	0.00838	0.00517	0.11824
2	0.01515	0.25654	0.34031	0.01466	0.04978	0.06959	0.01545	0.08585	0.01441	0.03978	0.03929	0.01315	0.00992	0.00591	0.00515	0.00165	0.00754	0.00438	0.00317	0.00833
3	0.04692	0.01289	0.11238	0.01099	0.01514	0.01051	0.00997	0.13380	0.05927	0.26521	0.18958	0.02580	0.04794	0.00861	0.00615	0.00187	0.00515	0.02349	0.00595	0.00840
4	0.01634	0.43520	0.13234	0.01338	0.01864	0.13899	0.07970	0.01981	0.04420	0.03720	0.01017	0.01155	0.00836	0.00549	0.00475	0.00151	0.00759	0.00403	0.00294	0.00782
5	0.01833	0.01287	0.01691	0.01304	0.01739	0.01281	0.10279	0.29766	0.04046	0.15295	0.03906	0.09664	0.01512	0.00782	0.00604	0.00175	0.00590	0.00677	0.00540	0.13029
6	0.02020	0.04546	0.01701	0.01595	0.09746	0.39227	0.01130	0.12487	0.06253	0.08872	0.01530	0.01589	0.05352	0.00687	0.00562	0.00166	0.00818	0.00505	0.00416	0.00796
7	0.01837	0.01132	0.01315	0.01066	0.01453	0.01127	0.00853	0.19556	0.13931	0.23260	0.04680	0.07475	0.05552	0.00836	0.00591	0.00176	0.00489	0.00687	0.02814	0.11171

[dist]
# distance from previous block
# <min> <max>
6	19

[block]
# block no. 6 follows, 39 sequences, length 8
# corresponding to MSA columns:
# 266-273
name=unknown_G
#
# <colnr> <probs for GDERKNQSTAVLIFYWHMCP>
#	G	D	E	R	K	N	Q	S	T	A	V	L	I	F	Y	W	H	M	C	P
0	0.01747	0.01350	0.01465	0.01215	0.04004	0.05148	0.00933	0.32573	0.03677	0.06651	0.01550	0.09221	0.01320	0.02832	0.00627	0.00169	0.00569	0.00604	0.00497	0.23849
1	0.04046	0.24832	0.34282	0.01497	0.05183	0.08680	0.03503	0.01924	0.05049	0.01769	0.03401	0.01304	0.00969	0.00579	0.00511	0.00167	0.00765	0.00436	0.00294	0.00809
2	0.13442	0.00972	0.01239	0.01223	0.09343	0.00940	0.00868	0.02095	0.05623	0.31872	0.15062	0.02710	0.06561	0.00866	0.00598	0.00190	0.00467	0.04532	0.00589	0.00808
3	0.03519	0.19813	0.11542	0.01714	0.10754	0.13649	0.10479	0.09563	0.03230	0.06945	0.01156	0.01306	0.00895	0.00574	0.00535	0.00165	0.00768	0.00466	0.00352	0.02578
4	0.01517	0.01093	0.01340	0.01231	0.07109	0.01077	0.00900	0.18384	0.05257	0.10090	0.11409	0.09116	0.05071	0.00893	0.00641	0.00174	0.02695	0.03754	0.00525	0.17723
5	0.01757	0.13578	0.04105	0.01534	0.07958	0.21201	0.06138	0.16669	0.07853	0.02160	0.05592	0.01634	0.02963	0.00673	0.00553	0.00166	0.00733	0.00528	0.03405	0.00801
6	0.01550	0.01374	0.08304	0.07012	0.12873	0.01279	0.01191	0.21400	0.09379	0.06813	0.05951	0.12112	0.01714	0.00838	0.00608	0.00186	0.00585	0.00715	0.00485	0.05629
7	0.04203	0.07601	0.04386	0.02859	0.50599	0.03642	0.06974	0.01779	0.01328	0.01883	0.01250	0.01536	0.03562	0.00557	0.00564	0.00169	0.00697	0.00525	0.00304	0.05581

[dist]
# distance from previous block
# <min> <max>
15	42

[block]
# block no. 7 follows, 39 sequences, length 8
# corresponding to MSA columns:
# 320-327
name=unknown_H
#
# <colnr> <probs for GDERKNQSTAVLIFYWHMCP>
#	G	D	E	R	K	N	Q	S	T	A	V	L	I	F	Y	W	H	M	C	P
0	0.01725	0.01712	0.15192	0.02302	0.31963	0.01456	0.01556	0.19578	0.06869	0.09732	0.01391	0.01521	0.01034	0.00618	0.00585	0.00181	0.00684	0.00529	0.00424	0.00949
1	0.01604	0.06746	0.13786	0.02657	0.42390	0.01480	0.04479	0.10706	0.01524	0.07226	0.01211	0.01435	0.00939	0.00567	0.00574	0.00176	0.00716	0.00511	0.00351	0.00923
2	0.01552	0.01638	0.14667	0.03011	0.54872	0.01339	0.01770	0.01946	0.01369	0.10324	0.01242	0.01490	0.00965	0.00556	0.00583	0.00178	0.00709	0.00520	0.00335	0.00934
3	0.10349	0.01052	0.01343	0.01254	0.09065	0.00970	0.00899	0.06263	0.01494	0.32319	0.01857	0.08858	0.01476	0.00768	0.00562	0.00172	0.00502	0.03190	0.00541	0.17065
4	0.01562	0.04520	0.01651	0.01295	0.06370	0.01059	0.08370	0.05918	0.04964	0.14627	0.03108	0.04002	0.01232	0.00598	0.00531	0.00140	0.00539	0.00522	0.00441	0.38551
5	0.06632	0.02492	0.50153	0.01977	0.10124	0.01396	0.15209	0.01862	0.01270	0.01934	0.01076	0.01316	0.00789	0.00546	0.00577	0.00188	0.00852	0.00487	0.00271	0.00851
6	0.01546	0.01356	0.02050	0.02772	0.49819	0.01393	0.01506	0.07988	0.14227	0.04698	0.03457	0.01683	0.01239	0.00613	0.00588	0.00178	0.00631	0.00564	0.00398	0.03293
7	0.01472	0.06437	0.33563	0.01378	0.01963	0.01421	0.01468	0.09748	0.22202	0.06948	0.06205	0.01769	0.01425	0.00694	0.00577	0.00186	0.00661	0.00556	0.00441	0.00887

[dist]
# distance from previous block
# <min> <max>
2	4

[block]
# block no. 8 follows, 39 sequences, length 58
# corresponding to MSA columns:
# 333-390
name=unknown_I
#
# <colnr> <probs for GDERKNQSTAVLIFYWHMCP>
#	G	D	E	R	K	N	Q	S	T	A	V	L	I	F	Y	W	H	M	C	P
0	0.01447	0.01419	0.02508	0.03388	0.63408	0.01397	0.11373	0.01815	0.01349	0.01927	0.01122	0.01474	0.00929	0.00520	0.00596	0.00176	0.00733	0.00544	0.00295	0.03578
1	0.01433	0.48641	0.17259	0.11531	0.04471	0.01951	0.01351	0.01806	0.03796	0.01558	0.00965	0.01153	0.00804	0.00540	0.00458	0.00152	0.00698	0.00387	0.00267	0.00780
2	0.01675	0.14489	0.05060	0.02078	0.28995	0.05816	0.01323	0.11129	0.05880	0.09194	0.05512	0.03630	0.01340	0.00662	0.00561	0.00171	0.00646	0.00556	0.00411	0.00872
3	0.12262	0.13381	0.55959	0.01471	0.02226	0.01501	0.01816	0.01841	0.01210	0.01911	0.00996	0.01168	0.00736	0.00552	0.00510	0.00178	0.00785	0.00405	0.00266	0.00827
4	0.00879	0.00576	0.00679	0.00699	0.00806	0.00536	0.00487	0.01039	0.01261	0.03758	0.16865	0.24375	0.16075	0.14285	0.01047	0.00259	0.00354	0.01132	0.14383	0.00504
5	0.13058	0.05305	0.01684	0.01271	0.01712	0.11067	0.01043	0.49438	0.02282	0.03134	0.01238	0.01286	0.00911	0.00658	0.00539	0.00170	0.00669	0.00469	0.00502	0.03564
6	0.00823	0.00600	0.00747	0.00713	0.00841	0.00553	0.00518	0.01049	0.01525	0.02112	0.56871	0.04501	0.13690	0.11703	0.01008	0.00240	0.00321	0.01063	0.00599	0.00524
7	0.02076	0.01803	0.11710	0.01386	0.01905	0.01721	0.01248	0.57825	0.06472	0.05717	0.01455	0.01459	0.01030	0.00696	0.00588	0.00180	0.00666	0.00529	0.00551	0.00984
8	0.00789	0.00564	0.00692	0.00770	0.00874	0.00506	0.00542	0.00917	0.01227	0.04169	0.04076	0.50995	0.26117	0.01695	0.00734	0.00227	0.00341	0.03703	0.00555	0.00507
9	0.00721	0.00515	0.00686	0.00823	0.00858	0.00480	0.00549	0.00823	0.01132	0.01510	0.03259	0.78831	0.03911	0.01853	0.00755	0.00240	0.00343	0.01681	0.00549	0.00480
10	0.01973	0.12821	0.02014	0.01884	0.16812	0.51475	0.01262	0.02171	0.01545	0.01539	0.00942	0.01132	0.00797	0.00579	0.00523	0.00154	0.00934	0.00402	0.00295	0.00747
11	0.00702	0.00587	0.00612	0.00632	0.00807	0.00496	0.00464	0.00845	0.01316	0.01585	0.05587	0.16504	0.64735	0.01550	0.00707	0.00206	0.00306	0.01312	0.00549	0.00496
12	0.01354	0.01507	0.03200	0.14165	0.04833	0.01465	0.60713	0.01833	0.01362	0.01836	0.01172	0.01589	0.00881	0.00513	0.00679	0.00199	0.00958	0.00667	0.00293	0.00779
13	0.00812	0.00604	0.00755	0.00717	0.00868	0.00547	0.00538	0.01067	0.01614	0.02230	0.62541	0.04651	0.18343	0.01262	0.00698	0.00189	0.00283	0.01102	0.00632	0.00547
14	0.83394	0.01144	0.00869	0.00778	0.01144	0.01327	0.00640	0.01738	0.01006	0.02653	0.00823	0.00961	0.00640	0.00549	0.00366	0.00183	0.00457	0.00320	0.00366	0.00640
15	0.00812	0.00647	0.00859	0.03961	0.01062	0.00679	0.00667	0.00954	0.01193	0.01600	0.10682	0.49250	0.13164	0.01593	0.00872	0.00230	0.09364	0.01379	0.00514	0.00517
16	0.00699	0.00599	0.00599	0.00599	0.00799	0.00499	0.00449	0.00849	0.01348	0.01598	0.05991	0.05691	0.75288	0.01498	0.00699	0.00200	0.00300	0.01248	0.00549	0.00499
17	0.01190	0.01381	0.11727	0.54702	0.09513	0.03801	0.01646	0.01606	0.01224	0.01630	0.01101	0.01541	0.00834	0.00588	0.00575	0.00189	0.00774	0.00510	0.04762	0.00704
18	0.01600	0.01449	0.02291	0.03235	0.62688	0.01480	0.01695	0.14314	0.01596	0.02245	0.01166	0.01456	0.00949	0.00559	0.00587	0.00176	0.00694	0.00528	0.00345	0.00949
19	0.02401	0.00967	0.01304	0.01018	0.01433	0.00849	0.00833	0.04256	0.01715	0.64429	0.12083	0.02322	0.02005	0.00795	0.00608	0.00183	0.00477	0.00657	0.00718	0.00946
20	0.01112	0.00683	0.01056	0.04265	0.10957	0.00700	0.00753	0.02571	0.00914	0.01237	0.01063	0.01749	0.01017	0.01822	0.03874	0.64469	0.00580	0.00519	0.00271	0.00388
21	0.01464	0.01405	0.02400	0.03630	0.75528	0.01405	0.01815	0.01815	0.01347	0.01932	0.01112	0.01464	0.00937	0.00527	0.00585	0.00176	0.00703	0.00527	0.00293	0.00937
22	0.01294	0.01294	0.01811	0.01553	0.01553	0.01811	0.01294	0.01423	0.00906	0.01423	0.00776	0.01294	0.00776	0.01035	0.01941	0.00259	0.78134	0.00518	0.00259	0.00647
23	0.01226	0.01051	0.01226	0.00876	0.01401	0.00788	0.00701	0.01489	0.01226	0.01927	0.01051	0.01226	0.00876	0.00438	0.00438	0.00088	0.00438	0.00350	0.00350	0.82832
24	0.02144	0.01605	0.01716	0.01340	0.01794	0.01785	0.01099	0.64116	0.12390	0.03559	0.01552	0.01525	0.01113	0.00722	0.00593	0.00181	0.00626	0.00551	0.00593	0.00996
25	0.02653	0.01006	0.01372	0.01052	0.01510	0.00869	0.00869	0.02882	0.01693	0.75937	0.02333	0.02013	0.01464	0.00732	0.00595	0.00183	0.00503	0.00595	0.00732	0.01006
26	0.01558	0.75081	0.07387	0.01051	0.01579	0.02283	0.01081	0.01777	0.01204	0.01420	0.00836	0.00966	0.00758	0.00509	0.00390	0.00130	0.00647	0.00323	0.00253	0.00766
27	0.02144	0.01605	0.01716	0.01340	0.01794	0.01785	0.01099	0.64116	0.12390	0.03559	0.01552	0.01525	0.01113	0.00722	0.00593	0.00181	0.00626	0.00551	0.00593	0.00996
28	0.00721	0.00515	0.00686	0.00823	0.00858	0.00480	0.00549	0.00823	0.01132	0.01510	0.03259	0.78831	0.03911	0.01853	0.00755	0.00240	0.00343	0.01681	0.00549	0.00480
29	0.00737	0.00531	0.00722	0.00840	0.00884	0.00515	0.00574	0.00855	0.01108	0.01491	0.03035	0.68574	0.03585	0.02199	0.10960	0.00335	0.00509	0.01541	0.00518	0.00487
30	0.00837	0.00604	0.00790	0.00744	0.00883	0.00558	0.00558	0.01116	0.01674	0.02371	0.75216	0.04417	0.05580	0.01209	0.00697	0.00186	0.00279	0.01069	0.00651	0.00558
31	0.01186	0.03059	0.76153	0.01686	0.02560	0.01373	0.02185	0.01873	0.01249	0.01873	0.01061	0.01249	0.00749	0.00562	0.00562	0.00187	0.00874	0.00437	0.00250	0.00874
32	0.01239	0.13317	0.66358	0.01595	0.02420	0.01503	0.02028	0.01859	0.01242	0.01808	0.01029	0.01208	0.00750	0.00554	0.00537	0.00179	0.00842	0.00421	0.00250	0.00859
33	0.00699	0.00599	0.00599	0.00599	0.00799	0.00499	0.00449	0.00849	0.01348	0.01598	0.05991	0.05691	0.75288	0.01498	0.00699	0.00200	0.00300	0.01248	0.00549	0.00499
34	0.01634	0.64758	0.05434	0.01103	0.01585	0.12257	0.01064	0.01837	0.01261	0.01415	0.00861	0.01007	0.00776	0.00613	0.02177	0.00151	0.00721	0.00336	0.00261	0.00748
35	0.00784	0.00579	0.00732	0.00743	0.00863	0.00528	0.00539	0.00995	0.01477	0.02018	0.44959	0.24757	0.15984	0.01428	0.00713	0.00203	0.00300	0.01263	0.00608	0.00528
36	0.83394	0.01144	0.00869	0.00778	0.01144	0.01327	0.00640	0.01738	0.01006	0.02653	0.00823	0.00961	0.00640	0.00549	0.00366	0.00183	0.00457	0.00320	0.00366	0.00640
37	0.01328	0.30590	0.49867	0.01443	0.02185	0.01721	0.01763	0.01836	0.01232	0.01700	0.00975	0.01141	0.00753	0.00542	0.00496	0.00165	0.00787	0.00394	0.00251	0.00833
38	0.33866	0.04036	0.02843	0.00981	0.01414	0.01200	0.00831	0.08129	0.02952	0.33886	0.01558	0.01484	0.01058	0.00641	0.00493	0.00178	0.00508	0.00465	0.00538	0.02938
39	0.03905	0.01960	0.02073	0.02719	0.44305	0.31368	0.01517	0.02030	0.01468	0.01758	0.01026	0.01293	0.00859	0.00560	0.00559	0.00167	0.00841	0.00463	0.00299	0.00829
40	0.00866	0.00603	0.00799	0.00779	0.00909	0.00564	0.02852	0.01100	0.01434	0.02070	0.38141	0.23155	0.07403	0.01272	0.00662	0.00192	0.00319	0.01131	0.15208	0.00542
41	0.01122	0.01058	0.01775	0.75708	0.04004	0.01328	0.01633	0.01509	0.01175	0.01509	0.01044	0.01569	0.00788	0.00603	0.00628	0.00199	0.02905	0.00525	0.00263	0.00657
42	0.01396	0.01595	0.03490	0.02493	0.03091	0.01496	0.73380	0.01894	0.01396	0.01894	0.01196	0.01595	0.00897	0.00499	0.00698	0.00199	0.00997	0.00698	0.00299	0.00798
43	0.00837	0.00604	0.00790	0.00744	0.00883	0.00558	0.00558	0.01116	0.01674	0.02371	0.75216	0.04417	0.05580	0.01209	0.00697	0.00186	0.00279	0.01069	0.00651	0.00558
44	0.00837	0.00604	0.00790	0.00744	0.00883	0.00558	0.00558	0.01116	0.01674	0.02371	0.75216	0.04417	0.05580	0.01209	0.00697	0.00186	0.00279	0.01069	0.00651	0.00558
45	0.02248	0.01656	0.01775	0.01361	0.01834	0.01834	0.01124	0.73556	0.02780	0.03727	0.01420	0.01420	0.01006	0.00710	0.00592	0.00177	0.00651	0.00532	0.00592	0.01006
46	0.83394	0.01144	0.00869	0.00778	0.01144	0.01327	0.00640	0.01738	0.01006	0.02653	0.00823	0.00961	0.00640	0.00549	0.00366	0.00183	0.00457	0.00320	0.00366	0.00640
47	0.00721	0.00515	0.00686	0.00823	0.00858	0.00480	0.00549	0.00823	0.01132	0.01510	0.03259	0.78831	0.03911	0.01853	0.00755	0.00240	0.00343	0.01681	0.00549	0.00480
48	0.02653	0.01006	0.01372	0.01052	0.01510	0.00869	0.00869	0.02882	0.01693	0.75937	0.02333	0.02013	0.01464	0.00732	0.00595	0.00183	0.00503	0.00595	0.00732	0.01006
49	0.01494	0.01462	0.02371	0.03545	0.72568	0.04435	0.01788	0.01837	0.01360	0.01913	0.01104	0.01448	0.00930	0.00530	0.00583	0.00175	0.00717	0.00521	0.00293	0.00927
50	0.00852	0.00606	0.00813	0.00813	0.00871	0.00664	0.00567	0.00968	0.00910	0.01271	0.01710	0.03021	0.01781	0.38181	0.43542	0.00780	0.01128	0.00736	0.00336	0.00451
51	0.01002	0.00554	0.00604	0.00623	0.00725	0.00555	0.00441	0.01210	0.01154	0.01912	0.02079	0.12729	0.01928	0.12571	0.04940	0.00259	0.00399	0.00752	0.55051	0.00512
52	0.02057	0.01681	0.01660	0.01339	0.01762	0.09326	0.01081	0.49424	0.19911	0.03195	0.01606	0.01573	0.01173	0.00722	0.00588	0.00180	0.00649	0.00550	0.00565	0.00957
53	0.01216	0.01314	0.11261	0.00995	0.01547	0.00883	0.00904	0.01581	0.03809	0.01928	0.01160	0.03362	0.00974	0.00506	0.00469	0.00109	0.00495	0.00409	0.00351	0.66730
54	0.01413	0.37424	0.40788	0.01361	0.02056	0.01792	0.01613	0.01861	0.01242	0.04121	0.00996	0.01139	0.00777	0.00542	0.00481	0.00160	0.00753	0.00388	0.00267	0.00827
55	0.01364	0.25241	0.33262	0.01723	0.02407	0.01695	0.22710	0.01849	0.01278	0.01737	0.01030	0.01262	0.00795	0.00527	0.00548	0.00173	0.00839	0.00478	0.00265	0.00818
56	0.00752	0.00537	0.00722	0.00859	0.00907	0.00507	0.00603	0.00877	0.01163	0.01545	0.03242	0.69156	0.03843	0.01823	0.00763	0.00244	0.00370	0.11048	0.00548	0.00489
57	0.01293	0.00989	0.01109	0.01028	0.01285	0.01067	0.00791	0.04595	0.38255	0.06909	0.11714	0.14882	0.08864	0.01098	0.00653	0.00206	0.00422	0.03466	0.00601	0.00774

[dist]
# distance from previous block
# <min> <max>
0	3

[block]
# block no. 9 follows, 39 sequences, length 23
# corresponding to MSA columns:
# 394-416
name=unknown_J
#
# <colnr> <probs for GDERKNQSTAVLIFYWHMCP>
#	G	D	E	R	K	N	Q	S	T	A	V	L	I	F	Y	W	H	M	C	P
0	0.02159	0.08966	0.01790	0.01483	0.01803	0.70875	0.01132	0.02314	0.01638	0.01443	0.00907	0.01057	0.00762	0.00601	0.00521	0.00150	0.01032	0.00376	0.00301	0.00691
1	0.01117	0.01051	0.01774	0.77795	0.04073	0.01314	0.01642	0.01511	0.01182	0.01511	0.01051	0.01577	0.00788	0.00591	0.00591	0.00197	0.00788	0.00526	0.00263	0.00657
2	0.01024	0.00898	0.01367	0.33154	0.04409	0.01068	0.01156	0.03139	0.01172	0.01569	0.01897	0.31996	0.02028	0.01149	0.00836	0.00221	0.10947	0.00980	0.00385	0.00603
3	0.00837	0.00604	0.00790	0.00744	0.00883	0.00558	0.00558	0.01116	0.01674	0.02371	0.75216	0.04417	0.05580	0.01209	0.00697	0.00186	0.00279	0.01069	0.00651	0.00558
4	0.01194	0.00678	0.00899	0.00813	0.01008	0.00614	0.00620	0.01448	0.01633	0.17145	0.54631	0.10012	0.04613	0.01165	0.00681	0.00190	0.00329	0.01024	0.00659	0.00642
5	0.00730	0.00522	0.00695	0.00817	0.00860	0.00487	0.00550	0.00847	0.01176	0.01580	0.09138	0.72751	0.04048	0.01800	0.00750	0.00236	0.00338	0.01631	0.00557	0.00487
6	0.00730	0.00593	0.00646	0.00648	0.00821	0.00510	0.00480	0.00903	0.01399	0.01753	0.20298	0.11399	0.54824	0.01466	0.00703	0.00200	0.00299	0.01246	0.00571	0.00510
7	0.01569	0.01241	0.01332	0.01178	0.01523	0.01405	0.00922	0.05275	0.64111	0.08489	0.02475	0.02268	0.03905	0.00814	0.00604	0.00198	0.00472	0.00675	0.00611	0.00931
8	0.02209	0.02819	0.01676	0.01524	0.01828	0.76843	0.01143	0.02361	0.01676	0.01447	0.00914	0.01066	0.00762	0.00609	0.00533	0.00152	0.01066	0.00381	0.00305	0.00686
9	0.00861	0.00620	0.00825	0.00816	0.00955	0.00584	0.00641	0.01139	0.01608	0.02245	0.60085	0.04890	0.05123	0.01298	0.00723	0.00204	0.00335	0.15863	0.00629	0.00555
10	0.01464	0.01405	0.02400	0.03630	0.75528	0.01405	0.01815	0.01815	0.01347	0.01932	0.01112	0.01464	0.00937	0.00527	0.00585	0.00176	0.00703	0.00527	0.00293	0.00937
11	0.01226	0.01051	0.01226	0.00876	0.01401	0.00788	0.00701	0.01489	0.01226	0.01927	0.01051	0.01226	0.00876	0.00438	0.00438	0.00088	0.00438	0.00350	0.00350	0.82832
12	0.59732	0.01293	0.01133	0.00948	0.01345	0.01475	0.00781	0.22681	0.01524	0.02966	0.00997	0.01095	0.00747	0.00596	0.00432	0.00181	0.00514	0.00382	0.00432	0.00747
13	0.01464	0.01405	0.02400	0.03630	0.75528	0.01405	0.01815	0.01815	0.01347	0.01932	0.01112	0.01464	0.00937	0.00527	0.00585	0.00176	0.00703	0.00527	0.00293	0.00937
14	0.00721	0.00515	0.00686	0.00823	0.00858	0.00480	0.00549	0.00823	0.01132	0.01510	0.03259	0.78831	0.03911	0.01853	0.00755	0.00240	0.00343	0.01681	0.00549	0.00480
