[name]
unknown

[dist]
# distance from previous block
# <min> <max>
5	83

[block]
# block no. 0 follows, 46 sequences, length 34
# corresponding to MSA columns:
# 99-132
name=unknown_A
#
# <colnr> <probs for GDERKNQSTAVLIFYWHMCP>
#	G	D	E	R	K	N	Q	S	T	A	V	L	I	F	Y	W	H	M	C	P
0	0.04006	0.01326	0.08905	0.01088	0.01492	0.04251	0.00944	0.13829	0.29108	0.21481	0.01711	0.01609	0.01215	0.00633	0.00514	0.00162	0.00506	0.00505	0.00504	0.06209
1	0.03497	0.15711	0.50598	0.01299	0.01908	0.01279	0.03825	0.01548	0.01110	0.01610	0.04744	0.05273	0.01048	0.00710	0.03500	0.00187	0.00712	0.00467	0.00261	0.00713
2	0.06545	0.00821	0.01155	0.01130	0.06117	0.00825	0.08171	0.07717	0.04908	0.03265	0.11246	0.21751	0.04097	0.03691	0.00679	0.00203	0.00458	0.14683	0.00453	0.02086
3	0.01375	0.01578	0.11969	0.01698	0.02135	0.05964	0.33726	0.12163	0.06745	0.03305	0.01124	0.01364	0.00858	0.00654	0.02623	0.00194	0.10941	0.00531	0.00321	0.00731
4	0.02949	0.01073	0.04367	0.01091	0.01487	0.00932	0.11107	0.04643	0.02559	0.09406	0.03730	0.06585	0.01158	0.00599	0.00590	0.00136	0.07340	0.00504	0.00364	0.39381
5	0.01182	0.01401	0.09133	0.01794	0.02281	0.01209	0.47519	0.01571	0.01174	0.01660	0.01073	0.01493	0.00864	0.00517	0.00663	0.00166	0.07006	0.03361	0.00277	0.15656
6	0.00694	0.00502	0.00628	0.00711	0.00765	0.00474	0.00477	0.02844	0.01046	0.01377	0.02982	0.62498	0.10912	0.10367	0.00887	0.00242	0.00333	0.01354	0.00473	0.00432
7	0.01804	0.01359	0.01476	0.01119	0.01553	0.01429	0.00920	0.59507	0.02174	0.02970	0.01195	0.01230	0.00873	0.00580	0.00498	0.00141	0.00539	0.00439	0.00480	0.19712
8	0.01301	0.08777	0.01224	0.00865	0.01219	0.05621	0.00701	0.05370	0.06093	0.11041	0.06867	0.06538	0.07327	0.00696	0.00485	0.00132	0.00439	0.02717	0.00416	0.32167
9	0.01477	0.56509	0.08416	0.01141	0.03730	0.13012	0.03707	0.04102	0.01194	0.01382	0.00800	0.00931	0.00694	0.00476	0.00393	0.00126	0.00652	0.00323	0.00245	0.00690
10	0.00655	0.00479	0.00620	0.00728	0.00782	0.00443	0.00504	0.00762	0.01048	0.01374	0.03195	0.67162	0.12258	0.01606	0.00673	0.00212	0.00314	0.06258	0.00490	0.00435
11	0.00660	0.00511	0.00601	0.00633	0.00749	0.00453	0.00454	0.00806	0.01207	0.01561	0.21181	0.30338	0.36181	0.01386	0.00641	0.00188	0.00277	0.01209	0.00512	0.00453
12	0.07350	0.01346	0.01862	0.17029	0.34778	0.10515	0.06681	0.06544	0.01267	0.03111	0.00976	0.01262	0.00779	0.00522	0.00560	0.00163	0.03783	0.00454	0.00286	0.00731
13	0.00655	0.00543	0.00578	0.00586	0.00755	0.00465	0.00451	0.00808	0.01229	0.01496	0.10797	0.05079	0.65325	0.01330	0.00634	0.00184	0.00286	0.07847	0.00498	0.00454
14	0.00832	0.00595	0.00827	0.00938	0.01054	0.00590	0.00806	0.01066	0.01222	0.01603	0.07738	0.10642	0.03199	0.01448	0.00720	0.00236	0.00460	0.65048	0.00493	0.00484
15	0.01112	0.14290	0.67579	0.01419	0.02152	0.01354	0.01800	0.01661	0.01110	0.01611	0.00917	0.01077	0.00671	0.00495	0.00478	0.00159	0.00750	0.00375	0.00224	0.00766
16	0.01237	0.01373	0.02774	0.10222	0.07573	0.03055	0.57615	0.01638	0.01205	0.01626	0.01023	0.01390	0.00785	0.00487	0.00671	0.00179	0.05604	0.00582	0.00262	0.00698
17	0.06591	0.00993	0.01585	0.65117	0.10403	0.01198	0.01409	0.03846	0.01107	0.01518	0.00942	0.01359	0.00715	0.00524	0.00515	0.00173	0.00674	0.00458	0.00253	0.00620
18	0.00727	0.00521	0.00706	0.00819	0.00891	0.00500	0.00626	0.00883	0.01113	0.01469	0.05791	0.47814	0.05133	0.01552	0.00693	0.00223	0.00372	0.29220	0.00493	0.00454
19	0.01511	0.01134	0.01350	0.01305	0.11245	0.01202	0.00922	0.39555	0.04096	0.04874	0.07166	0.10308	0.08899	0.00848	0.00566	0.00170	0.00494	0.03107	0.00493	0.00756
20	0.02021	0.00921	0.01182	0.00952	0.01301	0.00861	0.00767	0.13089	0.03406	0.53471	0.02098	0.14239	0.01601	0.00811	0.00554	0.00171	0.00446	0.00678	0.00607	0.00824
21	0.00629	0.00536	0.00542	0.00540	0.00717	0.00448	0.00405	0.00767	0.01215	0.01453	0.07936	0.05047	0.75313	0.01330	0.00625	0.00178	0.00267	0.01110	0.00494	0.00448
22	0.01076	0.02635	0.73296	0.01597	0.05253	0.01232	0.04307	0.01673	0.01124	0.01677	0.00954	0.01133	0.00680	0.00499	0.00507	0.00167	0.00779	0.00401	0.00226	0.00781
23	0.01262	0.06514	0.01976	0.06204	0.01864	0.13044	0.20880	0.01487	0.01074	0.01392	0.00995	0.06190	0.00919	0.00853	0.04086	0.00216	0.29622	0.00544	0.00265	0.00613
24	0.01012	0.00953	0.01610	0.76815	0.06871	0.01178	0.01475	0.01363	0.01063	0.01367	0.00942	0.01405	0.00710	0.00526	0.00528	0.00175	0.00701	0.00470	0.00236	0.00598
25	0.01823	0.01672	0.01500	0.01245	0.01552	0.24409	0.00995	0.35332	0.06077	0.05286	0.03633	0.01309	0.00997	0.00666	0.00674	0.00163	0.11031	0.00459	0.00422	0.00757
26	0.02073	0.05045	0.01283	0.00945	0.01322	0.00925	0.00779	0.10753	0.03795	0.55635	0.05689	0.04682	0.03188	0.00715	0.00533	0.00163	0.00451	0.00582	0.00602	0.00840
27	0.00912	0.00668	0.00915	0.06025	0.01086	0.00763	0.02421	0.03444	0.00978	0.01463	0.02613	0.04159	0.01417	0.15832	0.28410	0.00463	0.08485	0.00597	0.18862	0.00487
28	0.00644	0.00460	0.00613	0.00736	0.00767	0.00429	0.00491	0.00736	0.01012	0.01350	0.02914	0.81076	0.03497	0.01656	0.00675	0.00215	0.00307	0.01503	0.00491	0.00429
29	0.01362	0.04835	0.12411	0.04359	0.03746	0.13378	0.38007	0.06476	0.01310	0.01679	0.01048	0.03602	0.00840	0.00539	0.00610	0.00169	0.04109	0.00538	0.00281	0.00701
30	0.09682	0.08415	0.12561	0.08928	0.14160	0.21303	0.06177	0.03011	0.01225	0.03956	0.00917	0.01131	0.00728	0.00532	0.00549	0.00158	0.05199	0.00404	0.00275	0.00690
31	0.01022	0.00750	0.01218	0.01023	0.01229	0.00692	0.16945	0.01193	0.01108	0.11380	0.02529	0.25460	0.13958	0.17759	0.01055	0.00256	0.00489	0.00973	0.00428	0.00532
32	0.00656	0.00516	0.00596	0.00640	0.00762	0.00456	0.00468	0.00794	0.01170	0.01475	0.10949	0.29659	0.42506	0.01426	0.00648	0.00193	0.00293	0.05847	0.00499	0.00448
33	0.01845	0.10142	0.01574	0.01251	0.01546	0.55743	0.00969	0.10860	0.01543	0.03018	0.01022	0.06129	0.00899	0.00620	0.00483	0.00142	0.00819	0.00429	0.00320	0.00647

[dist]
# distance from previous block
# <min> <max>
0	1

[block]
# block no. 1 follows, 46 sequences, length 33
# corresponding to MSA columns:
# 134-166
name=unknown_B
#
# <colnr> <probs for GDERKNQSTAVLIFYWHMCP>
#	G	D	E	R	K	N	Q	S	T	A	V	L	I	F	Y	W	H	M	C	P
0	0.01213	0.01562	0.14130	0.06714	0.07254	0.01304	0.50849	0.01744	0.06526	0.01709	0.01115	0.01410	0.00836	0.00480	0.00588	0.00175	0.00815	0.00569	0.00277	0.00732
1	0.01255	0.00967	0.01131	0.00833	0.01275	0.00786	0.00667	0.08517	0.01254	0.07401	0.01142	0.04748	0.00954	0.00490	0.00427	0.00098	0.00410	0.00398	0.00366	0.66880
2	0.06090	0.19052	0.32049	0.01163	0.01718	0.01330	0.01271	0.05483	0.05394	0.19743	0.01239	0.01259	0.00878	0.00545	0.00468	0.00155	0.00608	0.00410	0.00362	0.00784
3	0.01870	0.00884	0.01132	0.00918	0.01249	0.00833	0.00741	0.10969	0.04412	0.47382	0.07551	0.07182	0.05852	0.00986	0.05311	0.00209	0.00489	0.00654	0.00588	0.00788
4	0.01734	0.01225	0.01330	0.01061	0.01408	0.01332	0.00855	0.50080	0.09163	0.06974	0.01515	0.04620	0.01179	0.04528	0.00620	0.00175	0.00509	0.00542	0.08478	0.02671
5	0.01382	0.01005	0.01209	0.00890	0.01337	0.00845	0.02247	0.11409	0.01337	0.12258	0.01184	0.03002	0.00930	0.00488	0.00440	0.00105	0.00433	0.00397	0.00391	0.58711
6	0.03594	0.13718	0.24975	0.01164	0.01644	0.05060	0.01186	0.13639	0.10511	0.09275	0.05113	0.01513	0.03404	0.00620	0.00519	0.00159	0.02291	0.00472	0.00382	0.00761
7	0.01084	0.06272	0.67383	0.05268	0.02335	0.01271	0.05884	0.01656	0.01118	0.01640	0.00945	0.01134	0.00679	0.00498	0.00502	0.00166	0.00773	0.00402	0.00226	0.00764
8	0.00751	0.00561	0.00778	0.00778	0.00866	0.00620	0.00585	0.00911	0.00919	0.01289	0.05536	0.06896	0.08941	0.12062	0.51879	0.00652	0.02700	0.00707	0.02116	0.00454
9	0.01846	0.01202	0.01335	0.01044	0.01423	0.01262	0.00856	0.48556	0.02071	0.18183	0.02132	0.02028	0.14128	0.00759	0.00546	0.00163	0.00502	0.00596	0.00548	0.00822
10	0.01123	0.01036	0.01641	0.49148	0.20198	0.01202	0.01391	0.03493	0.10117	0.01589	0.01157	0.03587	0.00922	0.00571	0.00532	0.00173	0.00640	0.00513	0.00291	0.00677
11	0.02093	0.00869	0.01162	0.00936	0.01292	0.00778	0.00764	0.05189	0.02802	0.62728	0.02173	0.09535	0.01600	0.00794	0.00556	0.00173	0.00443	0.04661	0.00623	0.00831
12	0.01978	0.02421	0.01507	0.01348	0.01635	0.71926	0.01020	0.09160	0.01592	0.01487	0.00860	0.00983	0.00702	0.00553	0.00482	0.00138	0.00918	0.00353	0.00297	0.00640
13	0.01308	0.01256	0.02146	0.03245	0.78123	0.01256	0.01622	0.01622	0.01204	0.01727	0.00994	0.01308	0.00837	0.00471	0.00523	0.00157	0.00628	0.00471	0.00262	0.00837
14	0.01060	0.02735	0.78682	0.01507	0.02288	0.01228	0.01953	0.01674	0.01116	0.01674	0.00949	0.01116	0.00670	0.00502	0.00502	0.00167	0.00781	0.00391	0.00223	0.00781
15	0.00657	0.00470	0.00614	0.00725	0.00762	0.00440	0.00486	0.00749	0.01010	0.01338	0.02927	0.71221	0.06274	0.06664	0.00801	0.00233	0.00323	0.03402	0.00480	0.00425
16	0.01174	0.01104	0.01840	0.48008	0.12446	0.01281	0.10296	0.08540	0.01215	0.01621	0.00975	0.01367	0.00750	0.00551	0.00628	0.00176	0.06606	0.00488	0.00270	0.00662
17	0.01317	0.01293	0.02144	0.05676	0.70302	0.03750	0.04494	0.01632	0.01210	0.01700	0.00990	0.01305	0.00827	0.00474	0.00526	0.00158	0.00651	0.00473	0.00261	0.00817
18	0.00643	0.00464	0.00610	0.00726	0.00764	0.00430	0.00486	0.00737	0.01022	0.01353	0.03033	0.77366	0.07130	0.01641	0.00672	0.00213	0.00305	0.01484	0.00491	0.00430
19	0.11970	0.05846	0.16934	0.30857	0.05397	0.03785	0.01318	0.12330	0.01288	0.01860	0.03049	0.01280	0.00829	0.00543	0.00488	0.00165	0.00649	0.00430	0.00298	0.00682
20	0.10552	0.22314	0.03294	0.02948	0.01461	0.05222	0.00920	0.24059	0.01513	0.10055	0.01103	0.01216	0.00853	0.00852	0.06968	0.00208	0.04944	0.00409	0.00380	0.00731
21	0.01660	0.01256	0.01380	0.01168	0.03898	0.01380	0.00908	0.47729	0.16567	0.02782	0.01597	0.09007	0.01297	0.00736	0.00534	0.00164	0.00507	0.00593	0.03992	0.02845
22	0.00816	0.00595	0.00795	0.00863	0.00990	0.00583	0.00721	0.01082	0.03349	0.01712	0.21401	0.08478	0.08251	0.01347	0.00690	0.00217	0.00405	0.46699	0.00512	0.00494
23	0.01336	0.27907	0.34864	0.01270	0.03843	0.04345	0.01367	0.01695	0.01131	0.08776	0.01003	0.02190	0.00794	0.01619	0.00562	0.00157	0.05741	0.00394	0.00273	0.00731
24	0.00707	0.00493	0.00647	0.00749	0.00796	0.00480	0.00526	0.00827	0.01034	0.01426	0.02736	0.65205	0.03186	0.01523	0.00677	0.00209	0.02290	0.07600	0.08446	0.00444
25	0.00631	0.00536	0.00545	0.00543	0.00718	0.00449	0.00407	0.00772	0.01221	0.01465	0.09263	0.05026	0.73978	0.01325	0.00625	0.00178	0.00267	0.01107	0.00496	0.00449
26	0.01531	0.01589	0.02789	0.01674	0.18981	0.23370	0.02762	0.09336	0.24331	0.01916	0.04362	0.01556	0.02213	0.00617	0.00522	0.00159	0.00641	0.00502	0.00389	0.00758
27	0.02761	0.11889	0.45806	0.01482	0.04494	0.01364	0.08584	0.08794	0.01269	0.05979	0.01020	0.01167	0.00744	0.00517	0.00515	0.00161	0.01978	0.00417	0.00283	0.00775
28	0.00658	0.00470	0.00629	0.00747	0.00785	0.00441	0.00510	0.00763	0.01038	0.01385	0.05150	0.74718	0.03517	0.01628	0.00676	0.00215	0.00315	0.05425	0.00493	0.00435
29	0.01033	0.00980	0.01672	0.71157	0.10693	0.01186	0.03106	0.01384	0.01075	0.01394	0.00948	0.01400	0.00719	0.00521	0.00530	0.00174	0.00701	0.00473	0.00238	0.00614
30	0.02021	0.01266	0.01374	0.01192	0.05583	0.10449	0.00906	0.16967	0.14245	0.37730	0.01726	0.01597	0.01179	0.00638	0.00525	0.00162	0.00540	0.00506	0.00544	0.00851
31	0.01261	0.01204	0.01857	0.02667	0.59182	0.03077	0.01393	0.01705	0.10923	0.01750	0.01548	0.01740	0.08179	0.00586	0.00534	0.00161	0.00575	0.00545	0.00319	0.00795
32	0.01210	0.01420	0.08616	0.14172	0.08364	0.01329	0.44875	0.03405	0.01197	0.01645	0.01007	0.01363	0.00772	0.00511	0.00686	0.00180	0.07734	0.00553	0.00262	0.00701

[dist]
# distance from previous block
# <min> <max>
0	22

[block]
# block no. 2 follows, 46 sequences, length 61
# corresponding to MSA columns:
# 189-249
name=unknown_C
#
# <colnr> <probs for GDERKNQSTAVLIFYWHMCP>
#	G	D	E	R	K	N	Q	S	T	A	V	L	I	F	Y	W	H	M	C	P
0	0.01270	0.01478	0.13291	0.02946	0.63652	0.01256	0.05107	0.01633	0.01193	0.01718	0.00991	0.01286	0.00811	0.00474	0.00525	0.00159	0.00662	0.00466	0.00256	0.00824
1	0.01060	0.02735	0.78682	0.01507	0.02288	0.01228	0.01953	0.01674	0.01116	0.01674	0.00949	0.01116	0.00670	0.00502	0.00502	0.00167	0.00781	0.00391	0.00223	0.00781
2	0.00641	0.00536	0.00559	0.00559	0.00729	0.00454	0.00421	0.00786	0.01228	0.01492	0.11725	0.06317	0.68615	0.01324	0.00628	0.00179	0.00271	0.02585	0.00499	0.00451
3	0.02606	0.36645	0.26404	0.01270	0.05769	0.03100	0.05110	0.01550	0.01115	0.01465	0.01246	0.01373	0.07575	0.00560	0.00471	0.00145	0.02220	0.00423	0.00256	0.00695
4	0.61708	0.03705	0.09133	0.00863	0.01255	0.01284	0.00790	0.12446	0.01158	0.02404	0.00836	0.00945	0.00633	0.00512	0.00375	0.00162	0.00478	0.00325	0.00343	0.00645
5	0.00644	0.00460	0.00613	0.00736	0.00767	0.00429	0.00491	0.00736	0.01012	0.01350	0.02914	0.81076	0.03497	0.01656	0.00675	0.00215	0.00307	0.01503	0.00491	0.00429
6	0.01246	0.01190	0.02014	0.18681	0.61616	0.01241	0.01576	0.01591	0.02674	0.01661	0.01006	0.01342	0.00826	0.00487	0.00525	0.00161	0.00639	0.00473	0.00262	0.00787
7	0.01733	0.01457	0.08337	0.01195	0.01601	0.01446	0.01048	0.56315	0.05875	0.02893	0.01487	0.04731	0.01208	0.00741	0.00551	0.00170	0.00572	0.07310	0.00497	0.00830
8	0.00670	0.00480	0.00640	0.00743	0.00791	0.00450	0.00515	0.00792	0.01085	0.01460	0.12127	0.66680	0.03650	0.01573	0.00672	0.00211	0.00311	0.06206	0.00502	0.00442
9	0.00773	0.00592	0.00757	0.00818	0.03214	0.00556	0.00629	0.01007	0.02577	0.01721	0.27478	0.06565	0.24349	0.01267	0.00656	0.00196	0.00349	0.25487	0.00513	0.00495
10	0.04222	0.06841	0.09163	0.01301	0.08365	0.01331	0.01050	0.24767	0.16343	0.17581	0.01497	0.01472	0.01073	0.00665	0.01809	0.00173	0.00555	0.00484	0.00471	0.00838
11	0.01248	0.10938	0.58072	0.01420	0.02083	0.14157	0.01691	0.01737	0.01175	0.01567	0.00905	0.01061	0.00672	0.00504	0.00481	0.00157	0.00787	0.00371	0.00232	0.00743
12	0.01467	0.00951	0.00975	0.00816	0.01072	0.03269	0.00651	0.30385	0.01669	0.05561	0.01536	0.01663	0.01157	0.00623	0.00441	0.00139	0.00405	0.00483	0.46067	0.00670
13	0.01381	0.01168	0.05384	0.03921	0.01585	0.03281	0.11139	0.20690	0.01602	0.08299	0.17818	0.04398	0.01851	0.00691	0.00541	0.00153	0.00524	0.00605	0.02229	0.12738
14	0.01175	0.21501	0.53125	0.01392	0.02050	0.03032	0.05283	0.01651	0.01112	0.01553	0.00894	0.01065	0.00679	0.00500	0.00503	0.00156	0.02979	0.00377	0.00227	0.00744
15	0.01359	0.69585	0.14448	0.00997	0.01500	0.01959	0.01066	0.01597	0.01081	0.01310	0.00768	0.00889	0.00677	0.00460	0.00364	0.00121	0.00599	0.00299	0.00226	0.00694
16	0.01243	0.01450	0.13630	0.10036	0.59863	0.01244	0.01658	0.01605	0.01177	0.01685	0.00982	0.01289	0.00800	0.00481	0.00521	0.00160	0.00658	0.00459	0.00253	0.00806
17	0.01370	0.65209	0.14717	0.01019	0.01513	0.01932	0.01078	0.03849	0.01118	0.01375	0.00784	0.00909	0.00684	0.00475	0.00399	0.00125	0.02198	0.00309	0.00235	0.00699
18	0.00846	0.00603	0.00841	0.00960	0.01077	0.00603	0.00833	0.01081	0.01203	0.01565	0.02777	0.07522	0.03028	0.03186	0.00771	0.00249	0.00483	0.71407	0.00483	0.00482
19	0.00955	0.00866	0.01460	0.24209	0.06727	0.00927	0.13374	0.03061	0.01108	0.01480	0.01849	0.25666	0.06165	0.02550	0.00707	0.01722	0.03615	0.00851	0.02146	0.00561
20	0.01355	0.33407	0.17141	0.08472	0.07303	0.08292	0.11575	0.01673	0.01163	0.03751	0.00906	0.01099	0.00726	0.00483	0.00457	0.00145	0.00699	0.00393	0.00251	0.00707
21	0.00908	0.00602	0.00831	0.00925	0.01052	0.00588	0.00781	0.01123	0.01203	0.06277	0.02828	0.17370	0.04611	0.01439	0.00707	0.00233	0.00452	0.57071	0.00498	0.00502
22	0.02161	0.00853	0.01159	0.00905	0.01277	0.00741	0.00741	0.02372	0.01511	0.68591	0.11905	0.02078	0.01786	0.00710	0.00544	0.00164	0.00424	0.00587	0.00645	0.00848
23	0.01740	0.02642	0.01280	0.01045	0.01371	0.08581	0.00839	0.19856	0.16830	0.23284	0.07332	0.03559	0.01570	0.00884	0.04329	0.00199	0.00555	0.02797	0.00525	0.00783
24	0.09677	0.03665	0.56806	0.01401	0.02053	0.02720	0.04863	0.05098	0.01172	0.01810	0.03143	0.01185	0.00801	0.00533	0.00526	0.00167	0.02964	0.00410	0.00261	0.00744
25	0.01066	0.05442	0.74395	0.01468	0.02224	0.01243	0.01886	0.01657	0.01123	0.01669	0.02560	0.01166	0.00761	0.00513	0.00499	0.00166	0.00763	0.00399	0.00231	0.00772
26	0.00656	0.00468	0.00627	0.00749	0.00785	0.00439	0.00511	0.00756	0.01024	0.01362	0.02907	0.76895	0.03471	0.01645	0.00678	0.00216	0.00317	0.05570	0.00491	0.00433
27	0.17521	0.11851	0.05355	0.07181	0.01592	0.07430	0.07590	0.09037	0.01272	0.09704	0.01354	0.12142	0.01211	0.00705	0.00491	0.00165	0.00564	0.02420	0.01758	0.00657
28	0.01207	0.01980	0.37188	0.01731	0.03848	0.01287	0.28296	0.06363	0.08028	0.01827	0.01152	0.02636	0.00865	0.00528	0.00554	0.00172	0.00765	0.00518	0.00291	0.00764
29	0.02239	0.00900	0.01205	0.00935	0.01324	0.00797	0.00768	0.04712	0.03148	0.69900	0.06726	0.01919	0.01529	0.00681	0.00537	0.00164	0.00441	0.00557	0.00644	0.00874
30	0.00961	0.00742	0.00852	0.00809	0.00996	0.00758	0.00622	0.07660	0.17365	0.02884	0.22163	0.15003	0.18984	0.01131	0.00613	0.00184	0.00347	0.06813	0.00529	0.00586
31	0.01173	0.08447	0.53144	0.08548	0.06758	0.08279	0.01701	0.01662	0.01154	0.01590	0.02313	0.01170	0.00763	0.00513	0.00493	0.00161	0.00755	0.00400	0.00238	0.00739
32	0.09865	0.02289	0.59780	0.01376	0.02022	0.01175	0.03894	0.01580	0.01090	0.01725	0.02510	0.06076	0.00920	0.00593	0.00535	0.00172	0.02947	0.00468	0.00259	0.00725
33	0.01032	0.02539	0.71729	0.01432	0.02154	0.01163	0.01824	0.01614	0.01150	0.01714	0.07805	0.01369	0.01055	0.00554	0.00513	0.00167	0.00734	0.00441	0.00255	0.00756
34	0.03762	0.01227	0.03559	0.19106	0.52635	0.02462	0.01508	0.01645	0.05843	0.01689	0.01043	0.01347	0.00843	0.00501	0.00518	0.00162	0.00633	0.00469	0.00274	0.00772
35	0.01095	0.08411	0.10551	0.45698	0.10817	0.01272	0.07103	0.01491	0.03229	0.01463	0.00986	0.01353	0.00764	0.00615	0.02878	0.00188	0.00720	0.00462	0.00248	0.00656
36	0.00855	0.05511	0.00800	0.00753	0.00849	0.00571	0.00536	0.00961	0.01059	0.08211	0.02730	0.60653	0.05882	0.05740	0.00748	0.00219	0.00348	0.02611	0.00480	0.00483
37	0.01184	0.01310	0.02738	0.03788	0.02490	0.01284	0.61285	0.01567	0.01183	0.01618	0.01185	0.08011	0.01014	0.00592	0.00729	0.00186	0.08202	0.00678	0.00282	0.00674
38	0.01371	0.01404	0.01560	0.01322	0.01506	0.19260	0.09301	0.06096	0.05659	0.02988	0.02760	0.05588	0.01129	0.03489	0.03293	0.00217	0.28546	0.01882	0.02010	0.00618
39	0.02252	0.08000	0.06928	0.05822	0.04481	0.00786	0.00771	0.04117	0.01120	0.01519	0.06023	0.50995	0.02663	0.01250	0.00602	0.00192	0.00414	0.01111	0.00425	0.00531
40	0.00666	0.00476	0.00636	0.00744	0.00789	0.00447	0.00514	0.00782	0.01068	0.01433	0.09588	0.69575	0.03602	0.01593	0.00674	0.00212	0.00313	0.05952	0.00499	0.00439
41	0.00665	0.00469	0.00607	0.00710	0.00736	0.00443	0.00463	0.00741	0.00972	0.01296	0.02709	0.68312	0.03238	0.14774	0.01006	0.00264	0.00341	0.01382	0.00463	0.00411
42	0.01160	0.01093	0.01859	0.14485	0.52964	0.01122	0.03625	0.01450	0.01154	0.01612	0.01278	0.13350	0.01217	0.00658	0.00550	0.00169	0.00599	0.00631	0.00292	0.00734
43	0.01808	0.01312	0.01503	0.01328	0.08347	0.01422	0.00989	0.53517	0.06987	0.07923	0.01498	0.08272	0.01192	0.00715	0.00542	0.00165	0.00543	0.00576	0.00511	0.00849
44	0.00660	0.00471	0.00627	0.00746	0.00782	0.00443	0.00508	0.00759	0.01018	0.01355	0.02871	0.74222	0.03423	0.03936	0.00736	0.00225	0.00324	0.05979	0.00486	0.00430
45	0.00642	0.00467	0.00606	0.00718	0.00762	0.00431	0.00483	0.00738	0.01029	0.01357	0.03131	0.74301	0.10131	0.01628	0.00670	0.00211	0.00303	0.01468	0.00491	0.00431
46	0.01087	0.00930	0.01086	0.00782	0.01243	0.00699	0.00624	0.01319	0.01094	0.01715	0.00981	0.02763	0.00840	0.00418	0.00397	0.00081	0.00390	0.00338	0.00317	0.82897
47	0.01294	0.01231	0.02070	0.09642	0.69055	0.01257	0.01584	0.02857	0.02732	0.01732	0.01017	0.01330	0.00843	0.00483	0.00524	0.00159	0.00630	0.00474	0.00269	0.00817
48	0.01413	0.81739	0.02770	0.00905	0.01357	0.02092	0.00905	0.01583	0.01074	0.01244	0.00735	0.00848	0.00678	0.00452	0.00339	0.00113	0.00565	0.00283	0.00226	0.00678
49	0.02952	0.51881	0.29878	0.01116	0.01683	0.01765	0.01273	0.01615	0.01086	0.01420	0.00811	0.00944	0.00673	0.00471	0.00397	0.00134	0.00639	0.00321	0.00227	0.00713
50	0.02372	0.00900	0.01227	0.00941	0.01350	0.00777	0.00777	0.02576	0.01513	0.78489	0.02086	0.01799	0.01309	0.00654	0.00532	0.00164	0.00450	0.00532	0.00654	0.00900
51	0.01435	0.78698	0.02721	0.00922	0.01368	0.05055	0.00909	0.01603	0.01090	0.01246	0.00738	0.00852	0.00679	0.00456	0.00344	0.00114	0.00580	0.00285	0.00228	0.00676
52	0.02966	0.04496	0.63529	0.01431	0.02141	0.01311	0.01755	0.12926	0.01317	0.01928	0.00987	0.01127	0.00702	0.00521	0.00499	0.00165	0.00738	0.00399	0.00272	0.00792
53	0.01015	0.00957	0.01616	0.76007	0.07654	0.01179	0.01476	0.01365	0.01065	0.01371	0.00943	0.01404	0.00712	0.00525	0.00528	0.00175	0.00701	0.00470	0.00236	0.00601
54	0.17767	0.65976	0.02381	0.00864	0.01292	0.01915	0.00840	0.01577	0.01040	0.01464	0.00735	0.00850	0.00658	0.00460	0.00337	0.00123	0.00535	0.00283	0.00246	0.00658
55	0.01101	0.00604	0.00616	0.00574	0.00731	0.00622	0.00441	0.09712	0.01264	0.02125	0.01673	0.01892	0.01304	0.00618	0.00388	0.00127	0.00284	0.00491	0.74893	0.00539
56	0.00625	0.00536	0.00536	0.00536	0.00714	0.00446	0.00402	0.00759	0.01205	0.01428	0.05355	0.05088	0.77909	0.01339	0.00625	0.00179	0.00268	0.01116	0.00491	0.00446
57	0.00646	0.00462	0.00615	0.00735	0.00767	0.00431	0.00491	0.00742	0.01023	0.01366	0.04549	0.79392	0.03529	0.01644	0.00674	0.00214	0.00305	0.01491	0.00493	0.00431
58	0.01060	0.02735	0.78682	0.01507	0.02288	0.01228	0.01953	0.01674	0.01116	0.01674	0.00949	0.01116	0.00670	0.00502	0.00502	0.00167	0.00781	0.00391	0.00223	0.00781
59	0.00893	0.00572	0.00753	0.00690	0.00840	0.00524	0.00524	0.01138	0.01498	0.08929	0.71089	0.03757	0.04660	0.01043	0.00615	0.00166	0.00267	0.00918	0.00588	0.00535
60	0.01089	0.00988	0.01586	0.73112	0.03463	0.01216	0.01427	0.08039	0.01184	0.01527	0.00969	0.01397	0.00722	0.00538	0.00529	0.00175	0.00694	0.00470	0.00261	0.00615

[dist]
# distance from previous block
# <min> <max>
0	8

[block]
# block no. 3 follows, 46 sequences, length 18
# corresponding to MSA columns:
# 258-275
name=unknown_D
#
# <colnr> <probs for GDERKNQSTAVLIFYWHMCP>
#	G	D	E	R	K	N	Q	S	T	A	V	L	I	F	Y	W	H	M	C	P
0	0.02195	0.00855	0.01164	0.00920	0.01290	0.00741	0.00748	0.02388	0.01462	0.70607	0.02170	0.09900	0.01532	0.00757	0.00546	0.00169	0.00435	0.00631	0.00638	0.00852
1	0.85155	0.01022	0.00777	0.00695	0.01022	0.01186	0.00573	0.01554	0.00900	0.02372	0.00736	0.00859	0.00573	0.00491	0.00327	0.00164	0.00409	0.00286	0.00327	0.00573
2	0.01453	0.01105	0.01199	0.01058	0.01371	0.01245	0.00829	0.02779	0.67289	0.12172	0.02143	0.01950	0.01574	0.00709	0.00537	0.00177	0.00422	0.00589	0.00553	0.00845
3	0.85155	0.01022	0.00777	0.00695	0.01022	0.01186	0.00573	0.01554	0.00900	0.02372	0.00736	0.00859	0.00573	0.00491	0.00327	0.00164	0.00409	0.00286	0.00327	0.00573
4	0.85155	0.01022	0.00777	0.00695	0.01022	0.01186	0.00573	0.01554	0.00900	0.02372	0.00736	0.00859	0.00573	0.00491	0.00327	0.00164	0.00409	0.00286	0.00327	0.00573
5	0.01122	0.16474	0.65480	0.01402	0.02126	0.01378	0.01771	0.01658	0.01109	0.01599	0.00912	0.01070	0.00671	0.00494	0.00474	0.00158	0.00744	0.00372	0.00224	0.00763
6	0.01060	0.02735	0.78682	0.01507	0.02288	0.01228	0.01953	0.01674	0.01116	0.01674	0.00949	0.01116	0.00670	0.00502	0.00502	0.00167	0.00781	0.00391	0.00223	0.00781
7	0.02372	0.00900	0.01227	0.00941	0.01350	0.00777	0.00777	0.02576	0.01513	0.78489	0.02086	0.01799	0.01309	0.00654	0.00532	0.00164	0.00450	0.00532	0.00654	0.00900
8	0.02010	0.01481	0.01587	0.01216	0.01639	0.01639	0.01005	0.76360	0.02486	0.03332	0.01269	0.01269	0.00899	0.00635	0.00529	0.00159	0.00582	0.00476	0.00529	0.00899
9	0.00642	0.00468	0.00605	0.00716	0.00761	0.00431	0.00482	0.00738	0.01032	0.01358	0.03163	0.73311	0.11100	0.01624	0.00670	0.00211	0.00303	0.01463	0.00491	0.00431
10	0.00769	0.00513	0.00577	0.00577	0.00577	0.00513	0.00320	0.00769	0.00769	0.01025	0.01666	0.03460	0.01922	0.81421	0.02691	0.00513	0.00513	0.00769	0.00320	0.00320
11	0.02356	0.00925	0.01242	0.00952	0.01362	0.00814	0.00787	0.05760	0.01555	0.75247	0.02050	0.01776	0.01291	0.00653	0.00532	0.00163	0.00456	0.00529	0.00649	0.00900
12	0.00988	0.00712	0.00930	0.00982	0.01138	0.00730	0.00840	0.10936	0.01380	0.01814	0.04904	0.09691	0.02848	0.01352	0.00697	0.00228	0.00481	0.58315	0.00495	0.00538
13	0.01415	0.75253	0.06431	0.00949	0.01411	0.04615	0.00960	0.01605	0.01090	0.01266	0.00748	0.00865	0.00678	0.00458	0.00352	0.00116	0.00589	0.00290	0.00228	0.00681
14	0.00653	0.00529	0.00581	0.00593	0.00743	0.00457	0.00441	0.00803	0.01227	0.01532	0.16404	0.14348	0.55053	0.01341	0.00634	0.00183	0.00276	0.03243	0.00505	0.00454
15	0.00761	0.00509	0.00579	0.00586	0.00588	0.00508	0.00330	0.00767	0.00783	0.01044	0.01739	0.08011	0.02014	0.76743	0.02573	0.00495	0.00500	0.00812	0.00330	0.00327
16	0.03989	0.01154	0.01933	0.26182	0.53277	0.01229	0.01542	0.01539	0.01150	0.01636	0.00969	0.01324	0.00789	0.00489	0.00518	0.00163	0.00644	0.00465	0.00256	0.00754
17	0.00852	0.00608	0.00852	0.00974	0.01095	0.00608	0.00852	0.01095	0.01217	0.01582	0.02799	0.05963	0.03042	0.01460	0.00730	0.00243	0.00487	0.74565	0.00487	0.00487

[dist]
# distance from previous block
# <min> <max>
0	30

[block]
# block no. 4 follows, 46 sequences, length 26
# corresponding to MSA columns:
# 306-331
name=unknown_E
#
# <colnr> <probs for GDERKNQSTAVLIFYWHMCP>
#	G	D	E	R	K	N	Q	S	T	A	V	L	I	F	Y	W	H	M	C	P
0	0.00755	0.00566	0.00850	0.00850	0.00944	0.00661	0.00661	0.00944	0.00850	0.01227	0.01416	0.02077	0.01322	0.03965	0.79326	0.00850	0.01416	0.00566	0.00283	0.00472
1	0.01088	0.08994	0.72668	0.01459	0.02214	0.01296	0.01870	0.01667	0.01113	0.01640	0.00932	0.01095	0.00670	0.00498	0.00489	0.00163	0.00764	0.00382	0.00223	0.00773
2	0.01159	0.01104	0.01877	0.40182	0.42350	0.01217	0.01548	0.01492	0.01133	0.01546	0.00968	0.01357	0.00774	0.00499	0.00526	0.00166	0.00665	0.00470	0.00249	0.00717
3	0.00756	0.00562	0.00825	0.00825	0.00911	0.00647	0.00630	0.00928	0.00842	0.01209	0.01439	0.02202	0.01376	0.10982	0.72383	0.00819	0.01334	0.00585	0.00287	0.00458
4	0.02108	0.01322	0.01488	0.01141	0.01560	0.01404	0.00943	0.56225	0.02220	0.23842	0.01492	0.01414	0.01011	0.00640	0.00530	0.00160	0.00546	0.00491	0.00563	0.00899
5	0.01260	0.01173	0.02297	0.01720	0.02092	0.01163	0.45283	0.01587	0.01202	0.09917	0.05463	0.09519	0.01348	0.00757	0.02382	0.00200	0.10924	0.00698	0.00344	0.00671
6	0.01454	0.01532	0.02004	0.02834	0.61421	0.18297	0.01491	0.01729	0.01268	0.01633	0.00956	0.01231	0.00803	0.00487	0.00513	0.00152	0.00699	0.00443	0.00264	0.00788
7	0.01475	0.01560	0.01980	0.05294	0.53509	0.20109	0.03220	0.03557	0.01302	0.01648	0.00958	0.01228	0.00796	0.00494	0.00515	0.00153	0.00714	0.00443	0.00270	0.00773
8	0.74783	0.01018	0.00824	0.00731	0.01051	0.01165	0.00597	0.05551	0.01005	0.04212	0.00898	0.04622	0.00743	0.00556	0.00359	0.00166	0.00414	0.00359	0.00353	0.00591
9	0.00918	0.00459	0.00689	0.00689	0.00689	0.00459	0.00459	0.00689	0.00689	0.00918	0.00918	0.01607	0.00918	0.01837	0.02066	0.84619	0.00459	0.00459	0.00230	0.00230
10	0.01294	0.01209	0.01985	0.12348	0.60727	0.01253	0.01526	0.05092	0.04378	0.01773	0.01087	0.01446	0.00903	0.00517	0.00529	0.00162	0.00624	0.02058	0.00287	0.00802
11	0.00767	0.00519	0.00612	0.00612	0.00624	0.00531	0.00364	0.00791	0.00779	0.01051	0.01634	0.03283	0.01845	0.71514	0.12493	0.00556	0.00628	0.00743	0.00316	0.00340
12	0.01183	0.28486	0.50771	0.01340	0.02003	0.01514	0.04672	0.01645	0.01108	0.01534	0.00884	0.01041	0.00678	0.00484	0.00454	0.00150	0.00715	0.00365	0.00226	0.00745
13	0.00826	0.00572	0.00731	0.00680	0.00825	0.00530	0.00514	0.01101	0.03625	0.05357	0.67561	0.03877	0.09644	0.01070	0.00617	0.00167	0.00264	0.00938	0.00578	0.00522
14	0.00690	0.00514	0.00642	0.00661	0.00767	0.00466	0.00476	0.00865	0.01282	0.01732	0.39060	0.28640	0.19630	0.01317	0.00640	0.00184	0.00271	0.01163	0.00534	0.00466
15	0.09807	0.48446	0.12204	0.01035	0.01493	0.03623	0.02298	0.09059	0.01205	0.01630	0.00840	0.00975	0.00707	0.00580	0.02379	0.00152	0.02266	0.00334	0.00269	0.00695
16	0.00711	0.00592	0.00628	0.00614	0.00791	0.00538	0.00462	0.00992	0.08572	0.01607	0.16056	0.07190	0.56866	0.01250	0.00618	0.00178	0.00281	0.01054	0.00509	0.00491
17	0.01385	0.00912	0.01076	0.00991	0.01260	0.00963	0.00805	0.02193	0.36407	0.18620	0.02477	0.03165	0.05896	0.00935	0.00593	0.00193	0.00436	0.20409	0.00547	0.00736
18	0.01190	0.06144	0.55453	0.01524	0.02205	0.01301	0.11532	0.05634	0.05287	0.03271	0.01058	0.01211	0.00763	0.00514	0.00514	0.00166	0.00749	0.00434	0.00270	0.00779
19	0.01904	0.01428	0.01527	0.01195	0.01599	0.01590	0.00979	0.65184	0.13834	0.03162	0.01403	0.01376	0.01008	0.00647	0.00530	0.00162	0.00557	0.00494	0.00530	0.00890
20	0.01550	0.63331	0.02418	0.00933	0.01356	0.07251	0.00883	0.01724	0.01173	0.10963	0.03525	0.01080	0.00904	0.00505	0.00383	0.00123	0.00567	0.00341	0.00295	0.00696
21	0.00893	0.00655	0.00808	0.00839	0.00954	0.00663	0.00619	0.10912	0.05353	0.01748	0.08819	0.51426	0.03124	0.01401	0.00650	0.00205	0.00365	0.09537	0.00505	0.00526
22	0.01268	0.01215	0.02073	0.13231	0.68452	0.01245	0.01602	0.01587	0.01185	0.01678	0.00987	0.01322	0.00820	0.00478	0.00524	0.00159	0.00638	0.00471	0.00258	0.00805
23	0.85155	0.01022	0.00777	0.00695	0.01022	0.01186	0.00573	0.01554	0.00900	0.02372	0.00736	0.00859	0.00573	0.00491	0.00327	0.00164	0.00409	0.00286	0.00327	0.00573
24	0.00768	0.00579	0.00858	0.04548	0.01036	0.00671	0.00666	0.00946	0.00852	0.01214	0.01417	0.02177	0.01350	0.11193	0.68314	0.00786	0.01296	0.00581	0.00284	0.00463
25	0.01276	0.01222	0.02070	0.03118	0.74488	0.01218	0.01565	0.01582	0.01204	0.01713	0.01199	0.01486	0.04457	0.00512	0.00528	0.00158	0.00611	0.00501	0.00272	0.00819

[dist]
# distance from previous block
# <min> <max>
0	15

[block]
# block no. 5 follows, 46 sequences, length 25
# corresponding to MSA columns:
# 347-371
name=unknown_F
#
# <colnr> <probs for GDERKNQSTAVLIFYWHMCP>
#	G	D	E	R	K	N	Q	S	T	A	V	L	I	F	Y	W	H	M	C	P
0	0.01060	0.02735	0.78682	0.01507	0.02288	0.01228	0.01953	0.01674	0.01116	0.01674	0.00949	0.01116	0.00670	0.00502	0.00502	0.00167	0.00781	0.00391	0.00223	0.00781
1	0.02372	0.00900	0.01227	0.00941	0.01350	0.00777	0.00777	0.02576	0.01513	0.78489	0.02086	0.01799	0.01309	0.00654	0.00532	0.00164	0.00450	0.00532	0.00654	0.00900
2	0.01731	0.01291	0.01381	0.01087	0.01458	0.01405	0.00889	0.59913	0.04348	0.02961	0.04485	0.01978	0.13150	0.00762	0.00547	0.00163	0.00517	0.00596	0.00525	0.00813
3	0.34670	0.00948	0.01051	0.00845	0.01222	0.00937	0.00697	0.02177	0.01274	0.48792	0.01559	0.01432	0.01021	0.00590	0.00452	0.00164	0.00434	0.00436	0.00527	0.00772
4	0.01954	0.01020	0.01238	0.00999	0.01362	0.01018	0.00808	0.14385	0.19041	0.43497	0.04771	0.04472	0.01520	0.00715	0.00541	0.00168	0.00452	0.00586	0.00599	0.00855
5	0.00631	0.00536	0.00545	0.00542	0.00718	0.00449	0.00407	0.00771	0.01221	0.01465	0.09228	0.05027	0.74013	0.01325	0.00625	0.00178	0.00267	0.01107	0.00496	0.00449
6	0.01883	0.01343	0.01449	0.01130	0.01517	0.01475	0.00927	0.62545	0.05642	0.06110	0.03370	0.01444	0.01088	0.00649	0.00520	0.00157	0.00535	0.00497	0.06861	0.00855
7	0.85155	0.01022	0.00777	0.00695	0.01022	0.01186	0.00573	0.01554	0.00900	0.02372	0.00736	0.00859	0.00573	0.00491	0.00327	0.00164	0.00409	0.00286	0.00327	0.00573
8	0.01682	0.07553	0.01364	0.00962	0.01342	0.01045	0.02583	0.16581	0.06138	0.27237	0.11363	0.01851	0.03207	0.00660	0.00509	0.00147	0.00455	0.00538	0.00511	0.14270
9	0.60310	0.13211	0.01196	0.03225	0.01225	0.01375	0.00700	0.10252	0.01115	0.02283	0.00804	0.00922	0.00630	0.00503	0.00359	0.00156	0.00462	0.00313	0.00333	0.00627
10	0.01166	0.00659	0.00859	0.00749	0.00950	0.00607	0.00582	0.04371	0.01540	0.19422	0.57663	0.03356	0.03993	0.00967	0.00599	0.00165	0.00308	0.00841	0.00596	0.00605
11	0.00757	0.00558	0.00806	0.00806	0.00885	0.00637	0.00606	0.00916	0.00837	0.01195	0.01456	0.02299	0.01418	0.16428	0.66995	0.00795	0.01271	0.00599	0.00289	0.00448
12	0.81719	0.01019	0.00810	0.03940	0.01129	0.01185	0.00609	0.01546	0.00906	0.02330	0.00744	0.00881	0.00578	0.00492	0.00335	0.00164	0.00421	0.00294	0.00323	0.00573
13	0.01307	0.01204	0.02032	0.11836	0.64403	0.01241	0.01559	0.01615	0.01186	0.04481	0.01019	0.01333	0.00835	0.00499	0.00563	0.00162	0.03178	0.00473	0.00272	0.00803
14	0.00644	0.00460	0.00613	0.00736	0.00767	0.00429	0.00491	0.00736	0.01012	0.01350	0.02914	0.81076	0.03497	0.01656	0.00675	0.00215	0.00307	0.01503	0.00491	0.00429
15	0.01308	0.01256	0.02146	0.03245	0.78123	0.01256	0.01622	0.01622	0.01204	0.01727	0.00994	0.01308	0.00837	0.00471	0.00523	0.00157	0.00628	0.00471	0.00262	0.00837
16	0.00769	0.00513	0.00577	0.00577	0.00577	0.00513	0.00320	0.00769	0.00769	0.01025	0.01666	0.03460	0.01922	0.81421	0.02691	0.00513	0.00513	0.00769	0.00320	0.00320
17	0.01060	0.02735	0.78682	0.01507	0.02288	0.01228	0.01953	0.01674	0.01116	0.01674	0.00949	0.01116	0.00670	0.00502	0.00502	0.00167	0.00781	0.00391	0.00223	0.00781
18	0.01985	0.01473	0.01606	0.01288	0.04337	0.01626	0.01027	0.73724	0.02440	0.03275	0.01260	0.01271	0.00897	0.00629	0.00529	0.00159	0.00583	0.00476	0.00519	0.00897
19	0.85155	0.01022	0.00777	0.00695	0.01022	0.01186	0.00573	0.01554	0.00900	0.02372	0.00736	0.00859	0.00573	0.00491	0.00327	0.00164	0.00409	0.00286	0.00327	0.00573
20	0.00698	0.00580	0.00616	0.00600	0.00776	0.00519	0.00452	0.00953	0.06727	0.01619	0.19212	0.04642	0.58248	0.01244	0.00618	0.00176	0.00275	0.01047	0.00512	0.00485
21	0.01157	0.01157	0.01619	0.01388	0.01388	0.01619	0.01157	0.01272	0.00810	0.01272	0.00694	0.01157	0.00694	0.00925	0.01735	0.00231	0.80453	0.00463	0.00231	0.00578
22	0.00998	0.00940	0.01586	0.80150	0.03641	0.01175	0.01468	0.01351	0.01057	0.01351	0.00940	0.01409	0.00705	0.00529	0.00529	0.00176	0.00705	0.00470	0.00235	0.00587
23	0.00748	0.00540	0.00707	0.00665	0.00790	0.00499	0.00499	0.00998	0.01496	0.02120	0.77844	0.03949	0.04988	0.01081	0.00624	0.00166	0.00249	0.00956	0.00582	0.00499
24	0.01248	0.01426	0.03119	0.02228	0.02763	0.01337	0.76203	0.01693	0.01248	0.01693	0.01070	0.01426	0.00802	0.00446	0.00624	0.00178	0.00891	0.00624	0.00267	0.00713

[dist]
# distance from previous block
# <min> <max>
0	3

[block]
# block no. 6 follows, 46 sequences, length 109
# corresponding to MSA columns:
# 375-483
name=unknown_G
#
# <colnr> <probs for GDERKNQSTAVLIFYWHMCP>
#	G	D	E	R	K	N	Q	S	T	A	V	L	I	F	Y	W	H	M	C	P
0	0.00998	0.00940	0.01586	0.80150	0.03641	0.01175	0.01468	0.01351	0.01057	0.01351	0.00940	0.01409	0.00705	0.00529	0.00529	0.00176	0.00705	0.00470	0.00235	0.00587
1	0.00737	0.00540	0.00691	0.00653	0.00783	0.00494	0.00490	0.00976	0.01470	0.02056	0.71159	0.04054	0.11714	0.01105	0.00624	0.00167	0.00251	0.00971	0.00574	0.00494
2	0.01096	0.00940	0.01096	0.00783	0.01253	0.00705	0.00626	0.01331	0.01096	0.01723	0.00940	0.01096	0.00783	0.00392	0.00392	0.00078	0.00392	0.00313	0.00313	0.84653
3	0.00776	0.00547	0.00706	0.00672	0.00804	0.00501	0.00507	0.01009	0.01449	0.03838	0.65886	0.07126	0.10159	0.01122	0.00626	0.00171	0.00264	0.02764	0.00571	0.00501
4	0.01315	0.01136	0.01195	0.01076	0.01375	0.01315	0.00837	0.02809	0.77168	0.02211	0.02152	0.01972	0.01614	0.00717	0.00538	0.00179	0.00418	0.00598	0.00538	0.00837
5	0.01060	0.02735	0.78682	0.01507	0.02288	0.01228	0.01953	0.01674	0.01116	0.01674	0.00949	0.01116	0.00670	0.00502	0.00502	0.00167	0.00781	0.00391	0.00223	0.00781
6	0.01308	0.01256	0.02146	0.03245	0.78123	0.01256	0.01622	0.01622	0.01204	0.01727	0.00994	0.01308	0.00837	0.00471	0.00523	0.00157	0.00628	0.00471	0.00262	0.00837
7	0.09979	0.01338	0.01434	0.01119	0.01516	0.01461	0.00920	0.58700	0.02176	0.10798	0.01366	0.04426	0.01012	0.00663	0.00516	0.00162	0.00541	0.00504	0.00521	0.00849
8	0.82185	0.01039	0.00806	0.00714	0.01044	0.01202	0.00588	0.04227	0.00956	0.02406	0.00755	0.00873	0.00584	0.00496	0.00334	0.00163	0.00415	0.00293	0.00334	0.00584
9	0.00998	0.00940	0.01586	0.80150	0.03641	0.01175	0.01468	0.01351	0.01057	0.01351	0.00940	0.01409	0.00705	0.00529	0.00529	0.00176	0.00705	0.00470	0.00235	0.00587
10	0.00709	0.00536	0.00654	0.00631	0.00767	0.00481	0.00471	0.00919	0.01394	0.01892	0.54168	0.07458	0.25631	0.01178	0.00626	0.00172	0.00257	0.01024	0.00552	0.00481
11	0.01157	0.01157	0.01619	0.01388	0.01388	0.01619	0.01157	0.01272	0.00810	0.01272	0.00694	0.01157	0.00694	0.00925	0.01735	0.00231	0.80453	0.00463	0.00231	0.00578
12	0.01315	0.01136	0.01195	0.01076	0.01375	0.01315	0.00837	0.02809	0.77168	0.02211	0.02152	0.01972	0.01614	0.00717	0.00538	0.00179	0.00418	0.00598	0.00538	0.00837
13	0.02010	0.01481	0.01587	0.01216	0.01639	0.01639	0.01005	0.76360	0.02486	0.03332	0.01269	0.01269	0.00899	0.00635	0.00529	0.00159	0.00582	0.00476	0.00529	0.00899
14	0.02311	0.00913	0.01225	0.00948	0.01351	0.00808	0.00780	0.02590	0.05894	0.74072	0.02089	0.01809	0.01326	0.00658	0.00532	0.00164	0.00448	0.00535	0.00648	0.00896
15	0.00909	0.00577	0.00750	0.00686	0.00843	0.00524	0.00522	0.01147	0.01480	0.10018	0.65412	0.03797	0.09186	0.01053	0.00614	0.00167	0.00271	0.00922	0.00584	0.00537
16	0.01940	0.01446	0.01547	0.01202	0.01613	0.01607	0.00988	0.68996	0.09964	0.03220	0.01358	0.01340	0.00971	0.00643	0.00530	0.00161	0.00565	0.00488	0.00530	0.00893
17	0.00743	0.00540	0.00700	0.00660	0.00787	0.00497	0.00495	0.00988	0.01484	0.02091	0.74816	0.03997	0.08035	0.01092	0.00624	0.00167	0.00250	0.00963	0.00578	0.00497
18	0.02327	0.00890	0.01212	0.00933	0.01334	0.00769	0.00769	0.02532	0.01513	0.76354	0.04204	0.01859	0.01411	0.00666	0.00534	0.00164	0.00444	0.00543	0.00652	0.00888
19	0.00644	0.00536	0.00562	0.00556	0.00726	0.00454	0.00417	0.00796	0.01250	0.01535	0.16541	0.04912	0.66656	0.01299	0.00625	0.00177	0.00265	0.01091	0.00505	0.00454
20	0.00644	0.00460	0.00613	0.00736	0.00767	0.00429	0.00491	0.00736	0.01012	0.01350	0.02914	0.81076	0.03497	0.01656	0.00675	0.00215	0.00307	0.01503	0.00491	0.00429
21	0.01129	0.00959	0.01114	0.00799	0.01267	0.00738	0.00640	0.04012	0.01146	0.01780	0.00951	0.01102	0.00787	0.00400	0.00396	0.00081	0.00398	0.00319	0.00321	0.81660
22	0.01237	0.01502	0.07495	0.02186	0.02735	0.01331	0.71903	0.01692	0.01240	0.01692	0.01063	0.01408	0.00794	0.00449	0.00617	0.00178	0.00885	0.00610	0.00265	0.00717
23	0.02372	0.00900	0.01227	0.00941	0.01350	0.00777	0.00777	0.02576	0.01513	0.78489	0.02086	0.01799	0.01309	0.00654	0.00532	0.00164	0.00450	0.00532	0.00654	0.00900
24	0.01481	0.72404	0.02625	0.00952	0.01390	0.07898	0.00918	0.04751	0.01165	0.01335	0.00764	0.00874	0.00688	0.00467	0.00358	0.00117	0.00595	0.00295	0.00242	0.00683
25	0.01091	0.02521	0.66339	0.01625	0.02366	0.01246	0.14082	0.01677	0.01138	0.01677	0.00968	0.01167	0.00691	0.00493	0.00522	0.00169	0.00799	0.00429	0.00230	0.00770
26	0.00736	0.00531	0.00696	0.00673	0.00787	0.00491	0.00498	0.00967	0.01440	0.02030	0.69064	0.12987	0.04813	0.01148	0.00630	0.00172	0.00256	0.01020	0.00571	0.00491
27	0.01413	0.81739	0.02770	0.00905	0.01357	0.02092	0.00905	0.01583	0.01074	0.01244	0.00735	0.00848	0.00678	0.00452	0.00339	0.00113	0.00565	0.00283	0.00226	0.00678
28	0.00739	0.00535	0.00697	0.00667	0.00786	0.00493	0.00496	0.00975	0.01458	0.02054	0.71261	0.08945	0.06660	0.01124	0.00627	0.00170	0.00254	0.00995	0.00574	0.00493
29	0.01222	0.01473	0.09092	0.05160	0.11467	0.01337	0.51858	0.01633	0.01186	0.01646	0.01013	0.01362	0.00782	0.00499	0.00696	0.00179	0.07853	0.00567	0.00259	0.00717
30	0.00653	0.00471	0.00620	0.00735	0.00779	0.00439	0.00502	0.00754	0.01033	0.01365	0.03050	0.73214	0.07785	0.01629	0.00674	0.00214	0.00313	0.04847	0.00491	0.00433
31	0.01050	0.00985	0.01653	0.64967	0.15272	0.01182	0.01465	0.01390	0.01077	0.01421	0.00959	0.01400	0.00738	0.00529	0.00548	0.00173	0.02199	0.00470	0.01898	0.00625
32	0.01960	0.02467	0.01493	0.01352	0.01628	0.75957	0.01017	0.03552	0.03314	0.01355	0.00858	0.00984	0.00707	0.00551	0.00479	0.00138	0.00934	0.00349	0.00284	0.00624
33	0.01095	0.10547	0.71175	0.01447	0.02196	0.01313	0.01850	0.01665	0.01112	0.01632	0.00928	0.01090	0.00671	0.00497	0.00486	0.00162	0.00760	0.00380	0.00224	0.00771
34	0.01387	0.75768	0.08508	0.00950	0.01427	0.02027	0.00984	0.01590	0.01077	0.01276	0.00751	0.00868	0.00678	0.00456	0.00352	0.00117	0.00582	0.00291	0.00226	0.00686
35	0.00643	0.00466	0.00607	0.00721	0.00763	0.00431	0.00484	0.00738	0.01027	0.01356	0.03103	0.75196	0.09255	0.01632	0.00671	0.00212	0.00304	0.01473	0.00491	0.00431
36	0.01087	0.01040	0.01791	0.57465	0.22418	0.01202	0.04634	0.01434	0.01102	0.01460	0.00959	0.01385	0.00742	0.00511	0.00531	0.00171	0.00693	0.00477	0.00243	0.00656
