[name]
unknown

[dist]
# distance from previous block
# <min> <max>
0	54

[block]
# block no. 0 follows, 37 sequences, length 13
# corresponding to MSA columns:
# 54-66
name=unknown_A
#
# <colnr> <probs for GDERKNQSTAVLIFYWHMCP>
#	G	D	E	R	K	N	Q	S	T	A	V	L	I	F	Y	W	H	M	C	P
0	0.04687	0.01593	0.12285	0.03709	0.19297	0.03221	0.11177	0.06944	0.09324	0.07669	0.03258	0.05915	0.01508	0.00780	0.00640	0.00201	0.00710	0.05788	0.00431	0.00864
1	0.05455	0.07088	0.10079	0.07739	0.06404	0.06031	0.06264	0.06157	0.03986	0.09580	0.03056	0.09373	0.01391	0.00742	0.00580	0.00176	0.00658	0.00629	0.00419	0.14194
2	0.03473	0.01772	0.17807	0.08238	0.14835	0.04167	0.04223	0.12452	0.09394	0.02222	0.01749	0.01945	0.07260	0.02450	0.00705	0.00201	0.03014	0.00603	0.00399	0.03090
3	0.01422	0.01259	0.01556	0.01308	0.01554	0.08193	0.07005	0.03423	0.03720	0.06561	0.01645	0.16160	0.01586	0.00980	0.00993	0.00201	0.21629	0.00752	0.05335	0.14717
4	0.01142	0.00614	0.00678	0.07057	0.01010	0.00638	0.00536	0.01438	0.01279	0.02221	0.01920	0.02227	0.01505	0.00705	0.00444	0.00148	0.00330	0.00568	0.74960	0.00580
5	0.01141	0.00571	0.00571	0.00571	0.00713	0.00571	0.00428	0.01426	0.01284	0.02282	0.01997	0.02282	0.01569	0.00713	0.00428	0.00143	0.00285	0.00571	0.81886	0.00571
6	0.00735	0.00611	0.00643	0.00654	0.00839	0.00519	0.00483	0.00894	0.01394	0.01696	0.10338	0.13447	0.62503	0.01570	0.00729	0.00210	0.00313	0.01327	0.00575	0.00519
7	0.02117	0.01562	0.01685	0.01319	0.01760	0.01712	0.01079	0.62870	0.02683	0.03594	0.05417	0.05233	0.04432	0.00847	0.00630	0.00188	0.00625	0.00663	0.00612	0.00972
8	0.01328	0.01323	0.01872	0.06426	0.01774	0.01842	0.01362	0.01479	0.00956	0.01479	0.00822	0.01358	0.00804	0.01042	0.01920	0.00264	0.72475	0.00536	0.00268	0.00670
9	0.06801	0.05310	0.28929	0.07947	0.07976	0.01266	0.01509	0.02016	0.04996	0.14775	0.04375	0.06612	0.01396	0.00833	0.02458	0.00214	0.00714	0.00608	0.00415	0.00849
10	0.00890	0.00593	0.00668	0.00668	0.00668	0.00593	0.00371	0.00890	0.00890	0.01187	0.01929	0.04006	0.02225	0.78487	0.03116	0.00593	0.00593	0.00890	0.00371	0.00371
11	0.01318	0.09545	0.06487	0.01096	0.01383	0.01154	0.02858	0.14400	0.01505	0.04731	0.08563	0.11831	0.02084	0.10806	0.19041	0.00428	0.00839	0.00792	0.00451	0.00690
12	0.03486	0.09573	0.04827	0.33816	0.17198	0.01442	0.01490	0.01929	0.07460	0.08223	0.03845	0.01707	0.01160	0.00640	0.00585	0.00190	0.00704	0.00551	0.00365	0.00810

[dist]
# distance from previous block
# <min> <max>
0	1

[block]
# block no. 1 follows, 37 sequences, length 14
# corresponding to MSA columns:
# 68-81
name=unknown_B
#
# <colnr> <probs for GDERKNQSTAVLIFYWHMCP>
#	G	D	E	R	K	N	Q	S	T	A	V	L	I	F	Y	W	H	M	C	P
0	0.02622	0.01014	0.01381	0.01068	0.01520	0.00878	0.00878	0.02862	0.01751	0.70270	0.07191	0.02249	0.01798	0.00790	0.00623	0.00190	0.00505	0.00648	0.00752	0.01011
1	0.01864	0.01405	0.01638	0.17897	0.02247	0.03602	0.01177	0.34356	0.10821	0.08931	0.01910	0.04296	0.05503	0.00803	0.00624	0.00194	0.00650	0.00648	0.00539	0.00896
2	0.01571	0.01541	0.01998	0.23356	0.19658	0.12623	0.07144	0.10119	0.05938	0.02037	0.01408	0.03894	0.02394	0.00677	0.00613	0.00190	0.00781	0.00595	0.02649	0.00812
3	0.02077	0.08113	0.03563	0.01677	0.08240	0.50111	0.01229	0.06222	0.03537	0.03371	0.01088	0.01249	0.00885	0.00644	0.00594	0.00165	0.03338	0.00435	0.02691	0.00770
4	0.01413	0.01134	0.01315	0.00965	0.01482	0.00923	0.00772	0.09179	0.01454	0.04625	0.01255	0.04071	0.01054	0.00546	0.00488	0.00110	0.00476	0.00441	0.00410	0.67887
5	0.10197	0.12079	0.07330	0.01512	0.06028	0.18116	0.03300	0.07547	0.09630	0.07754	0.01268	0.01395	0.00988	0.00689	0.00709	0.00186	0.09572	0.00481	0.00396	0.00824
6	0.03894	0.01359	0.02280	0.24254	0.47253	0.01443	0.04704	0.04032	0.01384	0.01956	0.01138	0.01537	0.00917	0.00570	0.00606	0.00189	0.00756	0.00546	0.00307	0.00875
7	0.00794	0.00644	0.00709	0.00710	0.00890	0.00576	0.00525	0.01047	0.04952	0.01848	0.19448	0.14604	0.48073	0.01501	0.00726	0.00209	0.00320	0.01282	0.00592	0.00549
8	0.02726	0.01075	0.01441	0.01105	0.01579	0.00949	0.00913	0.06416	0.01808	0.71582	0.02368	0.02053	0.01492	0.00757	0.00615	0.00189	0.00528	0.00612	0.00750	0.01042
9	0.00961	0.00649	0.00832	0.00772	0.00943	0.00590	0.00584	0.01232	0.01697	0.06609	0.62774	0.04570	0.12954	0.01255	0.00716	0.00194	0.00305	0.01098	0.00667	0.00598
10	0.00799	0.00660	0.00706	0.00688	0.00889	0.00586	0.00518	0.01072	0.05517	0.01878	0.20776	0.05403	0.55460	0.01445	0.00717	0.00204	0.00315	0.01218	0.00594	0.00555
11	0.01356	0.01390	0.02158	0.01766	0.01866	0.01822	0.12920	0.01553	0.01020	0.01553	0.00874	0.01390	0.00824	0.00981	0.01799	0.00258	0.64935	0.00566	0.00275	0.00695
12	0.02711	0.01098	0.01455	0.01116	0.01591	0.00983	0.00922	0.08786	0.01846	0.69157	0.02336	0.02032	0.01476	0.00756	0.00615	0.00189	0.00534	0.00610	0.00746	0.01042
13	0.04523	0.04074	0.01566	0.03358	0.01672	0.01393	0.00986	0.29810	0.05530	0.23869	0.01756	0.01775	0.01250	0.02502	0.02130	0.00205	0.02578	0.00564	0.05948	0.04511

[dist]
# distance from previous block
# <min> <max>
0	56

[block]
# block no. 2 follows, 37 sequences, length 29
# corresponding to MSA columns:
# 138-166
name=unknown_C
#
# <colnr> <probs for GDERKNQSTAVLIFYWHMCP>
#	G	D	E	R	K	N	Q	S	T	A	V	L	I	F	Y	W	H	M	C	P
0	0.12306	0.21533	0.18601	0.01412	0.07275	0.01634	0.01303	0.09225	0.01418	0.04133	0.01071	0.01229	0.00846	0.00580	0.00539	0.00162	0.03114	0.00416	0.00345	0.12858
1	0.58151	0.05559	0.15078	0.01033	0.01525	0.01470	0.01015	0.06372	0.01217	0.02599	0.00938	0.01080	0.00715	0.00579	0.00433	0.00187	0.00577	0.00368	0.00365	0.00739
2	0.01556	0.64335	0.13999	0.04215	0.01840	0.02229	0.01256	0.01838	0.01250	0.01520	0.00898	0.01055	0.00785	0.00536	0.00430	0.00143	0.00699	0.00355	0.00262	0.00799
3	0.02554	0.01376	0.11004	0.27234	0.09852	0.01255	0.11406	0.01621	0.03102	0.01825	0.05635	0.04418	0.08927	0.00786	0.00699	0.00203	0.04121	0.00701	0.02548	0.00732
4	0.01261	0.00861	0.01067	0.15523	0.01623	0.00925	0.00818	0.08057	0.01397	0.02196	0.01659	0.03819	0.01336	0.00778	0.01825	0.00175	0.03483	0.00571	0.43464	0.09163
5	0.00889	0.00600	0.00701	0.00701	0.00712	0.00611	0.00412	0.00911	0.00900	0.01211	0.01899	0.03839	0.02153	0.70772	0.10732	0.00634	0.00703	0.00866	0.00366	0.00389
6	0.01656	0.01352	0.01486	0.01378	0.05166	0.01533	0.01031	0.10419	0.59788	0.05593	0.02317	0.02153	0.01724	0.00804	0.00621	0.00203	0.00517	0.00667	0.00612	0.00979
7	0.00978	0.00633	0.00762	0.00751	0.00818	0.00665	0.00505	0.02971	0.01039	0.01520	0.01833	0.03155	0.01864	0.41260	0.20429	0.02990	0.00792	0.00752	0.15817	0.00467
8	0.18860	0.01522	0.09181	0.03225	0.01782	0.01402	0.01104	0.26191	0.01926	0.26494	0.01601	0.01557	0.01084	0.00689	0.00562	0.00188	0.00611	0.00516	0.00566	0.00940
9	0.01490	0.42703	0.27007	0.01372	0.01980	0.03925	0.03205	0.01899	0.03110	0.01651	0.00984	0.01162	0.00815	0.00590	0.00581	0.00165	0.05863	0.00403	0.00273	0.00821
10	0.00770	0.00565	0.00723	0.00804	0.00886	0.00518	0.00557	0.00923	0.01325	0.01773	0.19507	0.52418	0.13534	0.01722	0.00761	0.00231	0.00335	0.01542	0.00592	0.00518
11	0.01072	0.00849	0.01188	0.01097	0.01285	0.00834	0.08159	0.12397	0.01511	0.02008	0.05486	0.48757	0.09836	0.01527	0.00741	0.00228	0.00470	0.01382	0.00552	0.00622
12	0.10630	0.03105	0.05714	0.01374	0.05636	0.01464	0.01112	0.31952	0.02052	0.22845	0.01688	0.05177	0.01244	0.00764	0.00621	0.00190	0.02317	0.00591	0.00574	0.00951
13	0.02606	0.01267	0.01560	0.01196	0.01675	0.01234	0.00988	0.26268	0.02128	0.51277	0.02099	0.01878	0.01357	0.00750	0.00614	0.00188	0.00572	0.00594	0.00709	0.01041
14	0.00855	0.00625	0.00802	0.00758	0.00907	0.00573	0.00568	0.01133	0.01705	0.02389	0.68771	0.04680	0.11391	0.01276	0.00722	0.00194	0.00291	0.01122	0.00665	0.00573
15	0.07436	0.37578	0.08796	0.03150	0.01693	0.03853	0.01103	0.11224	0.01557	0.08228	0.08770	0.01563	0.01393	0.00661	0.00501	0.00162	0.00634	0.00482	0.00403	0.00816
16	0.02066	0.03166	0.01647	0.01281	0.01696	0.04141	0.01041	0.51579	0.07047	0.05252	0.01635	0.03674	0.01255	0.02935	0.02726	0.00215	0.00659	0.00596	0.06448	0.00940
17	0.00746	0.00533	0.00710	0.00852	0.00888	0.00497	0.00568	0.00852	0.01172	0.01563	0.03374	0.78088	0.04049	0.01918	0.00781	0.00249	0.00355	0.01740	0.00568	0.00497
18	0.02190	0.01555	0.01692	0.01339	0.01795	0.01710	0.01092	0.49800	0.18610	0.11005	0.01797	0.01716	0.01276	0.00759	0.00615	0.00190	0.00615	0.00589	0.00630	0.01025
19	0.01657	0.01305	0.01735	0.33230	0.04685	0.01502	0.01340	0.29851	0.01876	0.04818	0.01413	0.04847	0.01138	0.04753	0.00789	0.00219	0.02966	0.00616	0.00441	0.00819
20	0.01147	0.01092	0.01885	0.59202	0.03672	0.01308	0.08136	0.01523	0.01228	0.01597	0.01329	0.09605	0.01163	0.00757	0.00695	0.00211	0.03784	0.00685	0.00306	0.00674
21	0.00738	0.00564	0.00678	0.00769	0.00866	0.00504	0.00531	0.00862	0.01252	0.01595	0.04387	0.52228	0.29255	0.01786	0.00761	0.00234	0.00339	0.01580	0.00568	0.00504
22	0.01584	0.01085	0.01564	0.36835	0.02750	0.01231	0.01270	0.06150	0.08977	0.17698	0.01732	0.07055	0.01346	0.00784	0.00667	0.00203	0.03368	0.00658	0.04251	0.00791
23	0.01809	0.03277	0.01506	0.13574	0.01919	0.05276	0.01046	0.15719	0.03834	0.19647	0.09282	0.04314	0.01750	0.02651	0.00764	0.00202	0.05937	0.00656	0.06018	0.00818
24	0.01167	0.00895	0.05647	0.00852	0.01126	0.00723	0.00709	0.01509	0.06469	0.13078	0.24614	0.04297	0.30241	0.04962	0.00807	0.00218	0.00400	0.01021	0.00602	0.00663
25	0.00822	0.00628	0.00851	0.01009	0.04509	0.00598	0.00657	0.00951	0.01188	0.01603	0.03186	0.66371	0.06023	0.01750	0.00791	0.00237	0.02564	0.01572	0.00538	0.04151
26	0.14548	0.28300	0.03927	0.10298	0.01865	0.04975	0.01066	0.14690	0.01517	0.02141	0.01170	0.05012	0.01025	0.03144	0.00577	0.00180	0.00650	0.00489	0.00370	0.04056
27	0.37452	0.07968	0.01494	0.06190	0.09193	0.05088	0.00986	0.06354	0.02914	0.04139	0.02810	0.04705	0.01074	0.00683	0.00554	0.00186	0.03982	0.00490	0.00390	0.03348
28	0.20963	0.06955	0.09153	0.02364	0.01631	0.01368	0.01018	0.13110	0.07122	0.12108	0.01563	0.03775	0.03101	0.00696	0.00545	0.00177	0.01632	0.00522	0.00469	0.11729

[dist]
# distance from previous block
# <min> <max>
0	62

[block]
# block no. 3 follows, 37 sequences, length 61
# corresponding to MSA columns:
# 231-291
name=unknown_D
#
# <colnr> <probs for GDERKNQSTAVLIFYWHMCP>
#	G	D	E	R	K	N	Q	S	T	A	V	L	I	F	Y	W	H	M	C	P
0	0.07334	0.09248	0.03273	0.04807	0.01613	0.01235	0.06712	0.12251	0.05506	0.06047	0.09438	0.14295	0.02154	0.06570	0.02766	0.00244	0.00600	0.02363	0.00484	0.03059
1	0.08650	0.04634	0.14304	0.03767	0.11668	0.03655	0.06998	0.12217	0.01502	0.03859	0.01442	0.06079	0.03349	0.00856	0.02743	0.00215	0.08376	0.00601	0.00381	0.04703
2	0.13659	0.08706	0.01571	0.01396	0.08761	0.18765	0.00993	0.05959	0.07313	0.06743	0.06502	0.11619	0.01705	0.00839	0.00569	0.00182	0.00650	0.00665	0.00447	0.02956
3	0.07632	0.03343	0.05402	0.01224	0.03429	0.08638	0.00989	0.02190	0.16498	0.14663	0.11186	0.04231	0.02011	0.03147	0.00793	0.00209	0.06959	0.02860	0.02580	0.02016
4	0.03194	0.04708	0.01301	0.05296	0.03414	0.06880	0.00899	0.03679	0.01278	0.12320	0.01773	0.10497	0.01611	0.02584	0.34949	0.00550	0.01087	0.00708	0.00420	0.02853
5	0.01255	0.01022	0.02759	0.09784	0.01637	0.02215	0.00946	0.05661	0.10662	0.05649	0.13140	0.03567	0.12114	0.01064	0.00728	0.00204	0.04172	0.12290	0.03640	0.07490
6	0.01264	0.01095	0.01335	0.09285	0.01759	0.00897	0.00840	0.01595	0.03408	0.01964	0.01130	0.01339	0.00925	0.00482	0.00476	0.00107	0.00494	0.00392	0.00360	0.70853
7	0.01305	0.01255	0.02174	0.45741	0.30301	0.01405	0.05656	0.01703	0.01299	0.01748	0.01120	0.01590	0.00879	0.00582	0.00616	0.00196	0.00795	0.00554	0.00286	0.00795
8	0.00771	0.00619	0.00688	0.00676	0.00857	0.00536	0.00505	0.00968	0.01499	0.01914	0.28458	0.07589	0.49840	0.01463	0.00725	0.00203	0.00304	0.01245	0.00603	0.00536
9	0.00836	0.00610	0.00764	0.00750	0.00873	0.00562	0.00540	0.01054	0.01528	0.02104	0.49044	0.13824	0.13716	0.09887	0.00993	0.00245	0.00333	0.01185	0.00614	0.00537
10	0.68721	0.01159	0.00991	0.00855	0.01250	0.01290	0.00705	0.02008	0.01167	0.15478	0.01127	0.01186	0.00813	0.00602	0.00420	0.00189	0.00482	0.00381	0.00445	0.00730
11	0.00777	0.00604	0.00707	0.00719	0.00869	0.00534	0.00525	0.00968	0.01465	0.01909	0.28969	0.20295	0.36419	0.01523	0.00735	0.00210	0.00312	0.01321	0.00605	0.00534
12	0.00939	0.00683	0.00982	0.00963	0.01050	0.00798	0.00736	0.01099	0.00976	0.01428	0.01577	0.02398	0.01495	0.09399	0.54959	0.07618	0.06599	0.00650	0.05132	0.00520
13	0.01286	0.00812	0.01039	0.01044	0.01272	0.00789	0.00882	0.05021	0.04389	0.12870	0.03564	0.05543	0.16516	0.01444	0.00768	0.00246	0.00511	0.40740	0.00598	0.00666
14	0.01685	0.03335	0.08775	0.01102	0.01611	0.01091	0.00978	0.14080	0.01674	0.16002	0.07438	0.04082	0.01521	0.00684	0.00554	0.00150	0.00538	0.00554	0.00498	0.33650
15	0.01276	0.01138	0.01521	0.01095	0.01635	0.00891	0.08833	0.01572	0.01287	0.01980	0.01161	0.03179	0.00986	0.00496	0.00492	0.00108	0.00516	0.00437	0.00362	0.71037
16	0.02327	0.01715	0.01837	0.01408	0.01898	0.01898	0.01163	0.72628	0.02878	0.03858	0.01470	0.01470	0.01041	0.00735	0.00612	0.00184	0.00674	0.00551	0.00612	0.01041
17	0.01015	0.00659	0.00866	0.00795	0.00966	0.00603	0.00603	0.01300	0.01734	0.08207	0.68650	0.04375	0.05438	0.01212	0.00714	0.00192	0.00307	0.01068	0.00680	0.00614
18	0.01261	0.09349	0.69425	0.01688	0.02561	0.01503	0.02162	0.01930	0.01288	0.01898	0.01078	0.01267	0.00776	0.00577	0.00566	0.00189	0.00884	0.00442	0.00259	0.00895
19	0.00874	0.00656	0.00984	0.00984	0.01093	0.00765	0.00765	0.01093	0.00984	0.01421	0.01640	0.02405	0.01530	0.04591	0.76062	0.00984	0.01640	0.00656	0.00328	0.00547
20	0.00753	0.00614	0.00666	0.00668	0.00849	0.00527	0.00495	0.00929	0.01441	0.01800	0.19032	0.11650	0.55398	0.01524	0.00728	0.00207	0.00310	0.01294	0.00589	0.00527
21	0.01049	0.00675	0.00821	0.00755	0.00963	0.00596	0.00577	0.01282	0.01613	0.11206	0.40676	0.04741	0.30143	0.01298	0.00709	0.00197	0.00325	0.01113	0.00646	0.00613
22	0.02301	0.01415	0.01614	0.01263	0.01717	0.01491	0.01035	0.40701	0.09886	0.25389	0.05342	0.01890	0.01498	0.00776	0.00620	0.00188	0.00589	0.00612	0.00661	0.01012
23	0.00909	0.00637	0.00821	0.00768	0.00926	0.00582	0.00578	0.01187	0.01708	0.04471	0.67158	0.04601	0.10823	0.01260	0.00719	0.00194	0.00297	0.01107	0.00668	0.00586
24	0.00778	0.00546	0.00701	0.00812	0.00839	0.00518	0.00525	0.00861	0.01110	0.01480	0.03055	0.61726	0.03646	0.18829	0.01297	0.00325	0.00408	0.01552	0.00525	0.00469
25	0.02476	0.01476	0.01689	0.01295	0.01779	0.01544	0.01070	0.47886	0.02478	0.29165	0.01805	0.01688	0.01209	0.00743	0.00613	0.00186	0.00619	0.00574	0.00664	0.01041
26	0.00880	0.00634	0.00790	0.00746	0.00911	0.00572	0.00561	0.01139	0.01661	0.03994	0.58127	0.04795	0.20308	0.01303	0.00720	0.00195	0.00299	0.01135	0.00653	0.00576
27	0.00758	0.00542	0.00725	0.00867	0.00908	0.00508	0.00590	0.00874	0.01184	0.01577	0.03367	0.74397	0.04021	0.01906	0.00785	0.00250	0.00366	0.05308	0.00568	0.00501
28	0.01198	0.01125	0.01894	0.60783	0.16174	0.01335	0.01677	0.01584	0.01251	0.01639	0.01208	0.05259	0.00997	0.00663	0.00619	0.00202	0.00779	0.00601	0.00291	0.00721
29	0.01182	0.00661	0.00686	0.00651	0.00822	0.00665	0.00496	0.06560	0.01443	0.02377	0.08209	0.02608	0.05796	0.00805	0.00482	0.00153	0.00315	0.00653	0.64834	0.00602
30	0.82811	0.01184	0.00900	0.00805	0.01184	0.01373	0.00663	0.01799	0.01042	0.02746	0.00852	0.00994	0.00663	0.00568	0.00379	0.00189	0.00474	0.00331	0.00379	0.00663
31	0.10105	0.02781	0.61977	0.01581	0.02382	0.01364	0.01976	0.01910	0.01297	0.03738	0.04596	0.01435	0.01019	0.00616	0.00567	0.00193	0.00820	0.00474	0.00303	0.00866
32	0.02590	0.01007	0.01370	0.01063	0.01509	0.00873	0.00873	0.02831	0.01750	0.69044	0.08405	0.02291	0.01870	0.00799	0.00624	0.00190	0.00502	0.00656	0.00751	0.01003
33	0.00890	0.00593	0.00668	0.00668	0.00668	0.00593	0.00371	0.00890	0.00890	0.01187	0.01929	0.04006	0.02225	0.78487	0.03116	0.00593	0.00593	0.00890	0.00371	0.00371
34	0.00804	0.00575	0.00777	0.00919	0.00980	0.00548	0.00670	0.00954	0.01230	0.01628	0.03342	0.60765	0.03921	0.01863	0.00797	0.00257	0.00406	0.18485	0.00567	0.00513
35	0.01311	0.01113	0.01292	0.00927	0.01468	0.00859	0.00743	0.04359	0.01333	0.02068	0.01103	0.01277	0.00912	0.00464	0.00460	0.00094	0.00462	0.00370	0.00373	0.79012
36	0.00767	0.00562	0.00724	0.00840	0.00912	0.00520	0.00589	0.00900	0.01240	0.01626	0.05990	0.59797	0.13855	0.01827	0.00777	0.00244	0.00364	0.07387	0.00571	0.00508
37	0.01637	0.78856	0.03208	0.01047	0.01571	0.02422	0.01047	0.01833	0.01244	0.01440	0.00851	0.00982	0.00786	0.00524	0.00393	0.00131	0.00655	0.00327	0.00262	0.00786
38	0.01276	0.01094	0.01272	0.00916	0.01454	0.00835	0.00732	0.01588	0.03228	0.02010	0.01126	0.01297	0.00933	0.00464	0.00458	0.00094	0.00454	0.00372	0.00370	0.80027
39	0.02189	0.01511	0.01667	0.01323	0.01769	0.01644	0.01084	0.50390	0.11681	0.12697	0.01834	0.03576	0.01373	0.00814	0.00627	0.00193	0.00618	0.03378	0.00629	0.01001
40	0.01054	0.00532	0.00795	0.00799	0.00800	0.00531	0.00533	0.00799	0.00809	0.01079	0.01134	0.04204	0.01155	0.02120	0.02343	0.79671	0.00526	0.00569	0.00275	0.00273
41	0.01304	0.01119	0.01339	0.00959	0.01503	0.00864	0.02352	0.03636	0.01320	0.02049	0.01103	0.01284	0.00911	0.00463	0.00464	0.00096	0.00473	0.00376	0.00369	0.78016
42	0.01389	0.05882	0.20361	0.13846	0.26894	0.08342	0.01688	0.01806	0.01395	0.01869	0.07339	0.01796	0.03463	0.00660	0.00598	0.00185	0.00768	0.00566	0.00325	0.00829
43	0.01439	0.21167	0.42490	0.03540	0.02422	0.01715	0.09089	0.07792	0.01427	0.01970	0.01084	0.01278	0.00817	0.00574	0.00554	0.00179	0.00836	0.00460	0.00294	0.00873
44	0.01175	0.01107	0.01870	0.73217	0.07869	0.01365	0.01709	0.01580	0.01233	0.01587	0.01091	0.01626	0.00824	0.00609	0.00612	0.00203	0.00811	0.00544	0.00274	0.00695
45	0.00796	0.00618	0.00726	0.00723	0.00887	0.00548	0.00542	0.01009	0.01520	0.01992	0.34662	0.11504	0.36605	0.01461	0.00733	0.00207	0.00315	0.03997	0.00613	0.00543
46	0.01029	0.00793	0.01145	0.04764	0.01358	0.00795	0.06677	0.09517	0.01380	0.01843	0.02736	0.54864	0.03116	0.01608	0.00833	0.04560	0.00481	0.01392	0.00522	0.00586
47	0.02154	0.01495	0.01655	0.01313	0.01739	0.01626	0.01075	0.55496	0.03957	0.09435	0.01714	0.04773	0.01342	0.00901	0.00718	0.04181	0.00632	0.04234	0.00604	0.00956
48	0.01158	0.00704	0.00874	0.00807	0.01018	0.00633	0.00613	0.01421	0.03462	0.14696	0.34767	0.12202	0.22666	0.01304	0.00708	0.00202	0.00347	0.01127	0.00648	0.00644
49	0.00836	0.00658	0.00762	0.00757	0.00923	0.00608	0.00559	0.01145	0.06618	0.01998	0.30517	0.16775	0.32709	0.01448	0.00725	0.00208	0.00322	0.01253	0.00611	0.00568
50	0.04214	0.05426	0.01996	0.01458	0.01939	0.01819	0.07067	0.53956	0.04329	0.07162	0.01460	0.01498	0.01048	0.00716	0.00647	0.00187	0.02973	0.00555	0.00562	0.00988
51	0.02200	0.03920	0.03802	0.04361	0.01944	0.01767	0.01173	0.57501	0.04332	0.08377	0.03478	0.01602	0.01197	0.00737	0.00608	0.00184	0.00660	0.00564	0.00591	0.01001
52	0.02346	0.01567	0.01733	0.01338	0.01811	0.01690	0.01101	0.58904	0.02639	0.15512	0.01685	0.03983	0.01214	0.00776	0.00618	0.00187	0.00638	0.00599	0.00635	0.01024
53	0.03953	0.08844	0.02133	0.02363	0.30239	0.38720	0.01429	0.02155	0.01542	0.01720	0.01016	0.01251	0.00856	0.00587	0.00555	0.00166	0.00902	0.00446	0.00308	0.00816
54	0.01914	0.00965	0.01218	0.00988	0.01357	0.00883	0.00792	0.05357	0.07578	0.37041	0.20057	0.02788	0.05724	0.00892	0.00628	0.00183	0.00447	0.00747	0.02794	0.07647
55	0.06877	0.18259	0.06637	0.01183	0.03572	0.01404	0.01032	0.07628	0.01568	0.30151	0.04905	0.01747	0.01361	0.00712	0.00617	0.00177	0.04723	0.00533	0.06034	0.00879
56	0.00751	0.00543	0.00701	0.00823	0.00871	0.00504	0.00549	0.00856	0.01176	0.01551	0.03534	0.68235	0.09814	0.05858	0.00898	0.00263	0.00364	0.01659	0.00558	0.00492
57	0.00789	0.00615	0.00716	0.00706	0.00871	0.00542	0.00524	0.01000	0.01527	0.02004	0.36400	0.11314	0.37903	0.01447	0.00728	0.00204	0.00304	0.01247	0.00615	0.00542
58	0.00779	0.00616	0.00703	0.00712	0.00879	0.00541	0.00533	0.00972	0.01466	0.01877	0.24867	0.13574	0.43976	0.01514	0.00735	0.00211	0.00321	0.04594	0.00598	0.00534
59	0.23145	0.01383	0.01409	0.01255	0.05298	0.06825	0.00954	0.16609	0.10071	0.20414	0.01622	0.01612	0.01159	0.00788	0.02455	0.00206	0.00610	0.00517	0.02787	0.00881
60	0.03859	0.01074	0.01227	0.05180	0.01467	0.01149	0.00847	0.25998	0.01806	0.06764	0.01690	0.03374	0.01327	0.01237	0.10535	0.00275	0.00656	0.00582	0.25956	0.04997

[dist]
# distance from previous block
# <min> <max>
3	17

[block]
# block no. 4 follows, 37 sequences, length 6
# corresponding to MSA columns:
# 310-315
name=unknown_E
#
# <colnr> <probs for GDERKNQSTAVLIFYWHMCP>
#	G	D	E	R	K	N	Q	S	T	A	V	L	I	F	Y	W	H	M	C	P
0	0.01664	0.17034	0.02039	0.11646	0.02026	0.09619	0.06098	0.05202	0.01420	0.11763	0.01662	0.01830	0.07742	0.00771	0.00803	0.00187	0.13324	0.00567	0.00391	0.04211
1	0.01344	0.05908	0.01208	0.00961	0.01116	0.00954	0.00723	0.07824	0.03924	0.05087	0.01224	0.01798	0.01111	0.04498	0.01806	0.47440	0.05935	0.00532	0.00346	0.06259
2	0.00957	0.00607	0.00794	0.00839	0.00952	0.00554	0.00594	0.01120	0.01369	0.08584	0.19610	0.49174	0.09247	0.01633	0.00748	0.00227	0.00352	0.01460	0.00610	0.00567
3	0.00949	0.00833	0.06673	0.00845	0.01032	0.00645	0.00672	0.01152	0.01341	0.04835	0.23747	0.20645	0.12061	0.17297	0.01204	0.00286	0.00434	0.01126	0.00534	0.03691
4	0.04005	0.12118	0.38740	0.01882	0.11957	0.01541	0.06251	0.01978	0.01321	0.08307	0.01173	0.01368	0.00875	0.00609	0.00651	0.00189	0.05352	0.00481	0.00316	0.00884
5	0.08873	0.01399	0.01594	0.05095	0.09655	0.07090	0.02887	0.22671	0.06210	0.12104	0.01735	0.03375	0.03564	0.02711	0.04693	0.00238	0.00695	0.00602	0.03947	0.00859

[dist]
# distance from previous block
# <min> <max>
0	1

[block]
# block no. 5 follows, 37 sequences, length 15
# corresponding to MSA columns:
# 317-331
name=unknown_F
#
# <colnr> <probs for GDERKNQSTAVLIFYWHMCP>
#	G	D	E	R	K	N	Q	S	T	A	V	L	I	F	Y	W	H	M	C	P
0	0.16562	0.01320	0.01383	0.01268	0.06842	0.04862	0.00937	0.25782	0.04298	0.09732	0.07428	0.01943	0.03864	0.00756	0.00558	0.00181	0.00552	0.00585	0.10310	0.00839
1	0.11448	0.01481	0.01501	0.06865	0.01780	0.09192	0.01024	0.30931	0.01987	0.05801	0.06986	0.01773	0.02760	0.00871	0.03057	0.00207	0.03376	0.00560	0.02900	0.05502
2	0.03586	0.00653	0.00748	0.04088	0.00969	0.00706	0.00571	0.01374	0.01201	0.02063	0.01824	0.02270	0.01502	0.04516	0.11747	0.00294	0.03247	0.00587	0.57482	0.00570
3	0.01524	0.01273	0.01600	0.08473	0.01929	0.01173	0.05180	0.18725	0.01664	0.02401	0.01189	0.01375	0.00932	0.00540	0.00523	0.00131	0.00576	0.00447	0.00411	0.49935
4	0.00873	0.00639	0.00808	0.00789	0.00921	0.00603	0.00580	0.01161	0.04041	0.02199	0.52543	0.12588	0.09069	0.07307	0.00914	0.00234	0.00336	0.03206	0.00628	0.00562
5	0.00795	0.00570	0.00733	0.00841	0.00899	0.00538	0.00584	0.00917	0.01195	0.01577	0.05449	0.52494	0.08938	0.12018	0.01093	0.00294	0.00406	0.09623	0.00545	0.00492
6	0.01151	0.00948	0.01199	0.10440	0.01519	0.06484	0.03375	0.01312	0.01140	0.01598	0.03629	0.09435	0.01629	0.06666	0.12307	0.11358	0.10119	0.00711	0.14429	0.00551
7	0.00929	0.00627	0.00761	0.00801	0.00885	0.00600	0.00564	0.01037	0.01152	0.04180	0.03105	0.16923	0.13774	0.35561	0.01810	0.00399	0.00502	0.15425	0.00487	0.00478
8	0.04051	0.16337	0.01956	0.01311	0.04127	0.04732	0.01065	0.38940	0.04606	0.02887	0.01407	0.01468	0.02392	0.00669	0.00542	0.00163	0.00636	0.00497	0.03044	0.09168
9	0.08130	0.03497	0.05513	0.02675	0.01428	0.04078	0.01020	0.03258	0.03683	0.01957	0.04003	0.05135	0.07742	0.01357	0.00735	0.00246	0.00585	0.43821	0.00509	0.00630
10	0.15179	0.18630	0.25027	0.01808	0.16404	0.04801	0.01540	0.06484	0.01381	0.02085	0.01032	0.01224	0.00815	0.00572	0.00513	0.00175	0.00737	0.00428	0.00314	0.00852
11	0.06506	0.10578	0.23934	0.01158	0.01619	0.03444	0.01188	0.01657	0.03344	0.05830	0.06689	0.08022	0.08281	0.08752	0.00847	0.00231	0.00628	0.03284	0.00410	0.03599
12	0.08008	0.04124	0.01458	0.18137	0.05387	0.11326	0.01049	0.07915	0.01474	0.06899	0.10976	0.02145	0.03101	0.05913	0.00941	0.08779	0.00662	0.00614	0.00415	0.00677
13	0.01212	0.01191	0.04946	0.04577	0.11341	0.03262	0.13097	0.07243	0.03563	0.01942	0.03918	0.23459	0.10607	0.03711	0.00779	0.00226	0.00621	0.03142	0.00457	0.00706
14	0.16885	0.03004	0.12298	0.09057	0.04331	0.05779	0.04283	0.11656	0.07885	0.02318	0.06033	0.01635	0.01255	0.00758	0.00700	0.04382	0.03174	0.00529	0.00403	0.03634

[dist]
# distance from previous block
# <min> <max>
13	19

[block]
# block no. 6 follows, 37 sequences, length 26
# corresponding to MSA columns:
# 352-377
name=unknown_G
#
# <colnr> <probs for GDERKNQSTAVLIFYWHMCP>
#	G	D	E	R	K	N	Q	S	T	A	V	L	I	F	Y	W	H	M	C	P
0	0.03467	0.07466	0.41698	0.11576	0.10928	0.01472	0.03449	0.01947	0.06068	0.01929	0.01175	0.01406	0.00881	0.00588	0.00572	0.00187	0.00805	0.00482	0.00298	0.03607
1	0.01369	0.01494	0.09367	0.44539	0.11930	0.05890	0.01638	0.06316	0.05857	0.01846	0.01199	0.01587	0.00914	0.00663	0.00651	0.02321	0.00795	0.00535	0.00320	0.00770
2	0.01301	0.01234	0.05432	0.08812	0.09681	0.01104	0.16384	0.03105	0.01352	0.05710	0.01757	0.17746	0.01691	0.00889	0.00685	0.00193	0.02692	0.03436	0.00406	0.16391
3	0.01210	0.01127	0.01853	0.60118	0.06423	0.01333	0.04721	0.01683	0.06015	0.01671	0.01189	0.01660	0.00908	0.00653	0.00658	0.02443	0.00775	0.00553	0.00302	0.04704
4	0.01492	0.05305	0.05482	0.04958	0.15134	0.07651	0.05696	0.14325	0.04331	0.02168	0.01789	0.19531	0.01725	0.00928	0.00628	0.00193	0.00653	0.00813	0.04430	0.02765
5	0.00899	0.00590	0.00674	0.00674	0.00674	0.00590	0.00379	0.00886	0.00886	0.01181	0.01886	0.03901	0.02168	0.74743	0.03080	0.04594	0.00590	0.00873	0.00366	0.00366
6	0.01260	0.00685	0.00698	0.00655	0.00832	0.00704	0.00502	0.08567	0.01444	0.02440	0.01944	0.02201	0.01516	0.00715	0.00446	0.00147	0.00324	0.00569	0.73735	0.00618
7	0.00874	0.00656	0.00984	0.00984	0.01093	0.00765	0.00765	0.01093	0.00984	0.01421	0.01640	0.02405	0.01530	0.04591	0.76062	0.00984	0.01640	0.00656	0.00328	0.00547
8	0.00776	0.00563	0.00733	0.00815	0.00891	0.00520	0.00564	0.00934	0.01336	0.01805	0.22397	0.53802	0.09162	0.01717	0.00762	0.00231	0.00335	0.01542	0.00596	0.00520
9	0.00940	0.00681	0.00927	0.01055	0.01192	0.00668	0.00899	0.01194	0.01386	0.01791	0.03529	0.13350	0.10188	0.01699	0.00828	0.00272	0.00521	0.57764	0.00565	0.00553
10	0.00929	0.00721	0.01028	0.00999	0.01077	0.00859	0.00761	0.01101	0.00963	0.01387	0.01596	0.02560	0.01568	0.16797	0.55441	0.00838	0.09834	0.00683	0.00329	0.00530
11	0.01523	0.01315	0.01384	0.01246	0.01592	0.01523	0.00969	0.03253	0.73563	0.02561	0.02491	0.02284	0.01869	0.00830	0.00623	0.00208	0.00484	0.00692	0.00623	0.00969
12	0.02327	0.01715	0.01837	0.01408	0.01898	0.01898	0.01163	0.72628	0.02878	0.03858	0.01470	0.01470	0.01041	0.00735	0.00612	0.00184	0.00674	0.00551	0.00612	0.01041
13	0.82811	0.01184	0.00900	0.00805	0.01184	0.01373	0.00663	0.01799	0.01042	0.02746	0.00852	0.00994	0.00663	0.00568	0.00379	0.00189	0.00474	0.00331	0.00379	0.00663
14	0.02327	0.01715	0.01837	0.01408	0.01898	0.01898	0.01163	0.72628	0.02878	0.03858	0.01470	0.01470	0.01041	0.00735	0.00612	0.00184	0.00674	0.00551	0.00612	0.01041
15	0.01624	0.01365	0.01441	0.01266	0.01630	0.01570	0.00993	0.12012	0.64638	0.02724	0.02362	0.02181	0.01764	0.00818	0.00622	0.00205	0.00508	0.00674	0.00622	0.00978
16	0.82811	0.01184	0.00900	0.00805	0.01184	0.01373	0.00663	0.01799	0.01042	0.02746	0.00852	0.00994	0.00663	0.00568	0.00379	0.00189	0.00474	0.00331	0.00379	0.00663
17	0.01461	0.01394	0.02193	0.05229	0.57712	0.03617	0.01674	0.01895	0.06174	0.01984	0.01582	0.02100	0.04231	0.00687	0.00627	0.00191	0.00697	0.05291	0.00352	0.00908
18	0.01380	0.01113	0.01300	0.00936	0.01475	0.00866	0.00752	0.04634	0.01359	0.05321	0.01163	0.01314	0.00939	0.00479	0.00467	0.00099	0.00466	0.00382	0.00391	0.75164
19	0.01515	0.01454	0.02485	0.03757	0.74669	0.01454	0.01879	0.01879	0.01394	0.02000	0.01151	0.01515	0.00970	0.00545	0.00606	0.00182	0.00727	0.00545	0.00303	0.00970
20	0.82811	0.01184	0.00900	0.00805	0.01184	0.01373	0.00663	0.01799	0.01042	0.02746	0.00852	0.00994	0.00663	0.00568	0.00379	0.00189	0.00474	0.00331	0.00379	0.00663
21	0.00857	0.00625	0.00806	0.00761	0.00909	0.00574	0.00570	0.01138	0.01711	0.02404	0.70024	0.04656	0.10130	0.01270	0.00722	0.00193	0.00290	0.01119	0.00667	0.00574
22	0.01141	0.00571	0.00571	0.00571	0.00713	0.00571	0.00428	0.01426	0.01284	0.02282	0.01997	0.02282	0.01569	0.00713	0.00428	0.00143	0.00285	0.00571	0.81886	0.00571
23	0.82811	0.01184	0.00900	0.00805	0.01184	0.01373	0.00663	0.01799	0.01042	0.02746	0.00852	0.00994	0.00663	0.00568	0.00379	0.00189	0.00474	0.00331	0.00379	0.00663
24	0.01567	0.01305	0.01385	0.01240	0.01591	0.01500	0.00966	0.03243	0.70949	0.05201	0.02489	0.02277	0.01856	0.00828	0.00623	0.00207	0.00486	0.00689	0.00628	0.00972
25	0.01228	0.03166	0.75316	0.01745	0.02649	0.01422	0.02262	0.01939	0.01292	0.01939	0.01099	0.01292	0.00775	0.00582	0.00582	0.00194	0.00905	0.00452	0.00258	0.00905

[dist]
# distance from previous block
# <min> <max>
0	16

[block]
# block no. 7 follows, 37 sequences, length 50
# corresponding to MSA columns:
# 394-443
name=unknown_H
#
# <colnr> <probs for GDERKNQSTAVLIFYWHMCP>
#	G	D	E	R	K	N	Q	S	T	A	V	L	I	F	Y	W	H	M	C	P
0	0.01285	0.01662	0.16017	0.06421	0.18133	0.01307	0.26934	0.01743	0.01408	0.01965	0.09064	0.06048	0.03727	0.00721	0.00668	0.00199	0.00796	0.00735	0.00356	0.00811
1	0.82811	0.01184	0.00900	0.00805	0.01184	0.01373	0.00663	0.01799	0.01042	0.02746	0.00852	0.00994	0.00663	0.00568	0.00379	0.00189	0.00474	0.00331	0.00379	0.00663
2	0.00746	0.00533	0.00710	0.00852	0.00888	0.00497	0.00568	0.00852	0.01172	0.01563	0.03374	0.78088	0.04049	0.01918	0.00781	0.00249	0.00355	0.01740	0.00568	0.00497
3	0.00753	0.00544	0.00701	0.00820	0.00877	0.00501	0.00554	0.00854	0.01189	0.01558	0.03664	0.66236	0.13065	0.01877	0.00827	0.02931	0.00355	0.01642	0.00558	0.00492
4	0.02288	0.02882	0.01738	0.01572	0.01893	0.73858	0.01182	0.04501	0.01768	0.01567	0.00962	0.01115	0.00796	0.00634	0.00554	0.00158	0.01091	0.00399	0.00324	0.00719
5	0.01156	0.01088	0.01836	0.77016	0.04216	0.01360	0.01700	0.01564	0.01224	0.01564	0.01088	0.01632	0.00816	0.00612	0.00612	0.00204	0.00816	0.00544	0.00272	0.00680
6	0.00871	0.00585	0.00673	0.00693	0.00698	0.00580	0.00398	0.00885	0.00928	0.01238	0.02125	0.14063	0.02473	0.68093	0.02799	0.00547	0.00561	0.01006	0.00398	0.00388
7	0.04259	0.00874	0.01153	0.03560	0.01349	0.00895	0.05036	0.14415	0.01543	0.02120	0.06808	0.47303	0.03148	0.01473	0.00724	0.00228	0.00477	0.03448	0.00550	0.00637
8	0.01063	0.00532	0.00797	0.00797	0.00797	0.00532	0.00532	0.00797	0.00797	0.01063	0.01063	0.01861	0.01063	0.02127	0.02392	0.82190	0.00532	0.00532	0.00266	0.00266
9	0.00986	0.00705	0.00986	0.01127	0.01268	0.00705	0.00986	0.01268	0.01409	0.01832	0.03241	0.06905	0.03523	0.01691	0.00845	0.00282	0.00564	0.70549	0.00564	0.00564
10	0.01422	0.01821	0.12017	0.02534	0.06308	0.01529	0.61036	0.01955	0.01425	0.01960	0.01218	0.01603	0.00913	0.00525	0.00701	0.00204	0.01003	0.00683	0.00303	0.00841
11	0.13410	0.08651	0.34783	0.13668	0.04612	0.01507	0.01669	0.07910	0.01399	0.05369	0.01131	0.01334	0.00827	0.00599	0.00546	0.00188	0.00764	0.00457	0.00332	0.00843
12	0.01266	0.00898	0.01106	0.08100	0.01438	0.03281	0.00822	0.10774	0.01452	0.08108	0.04279	0.37411	0.02710	0.06682	0.00984	0.03543	0.02880	0.03113	0.00522	0.00631
13	0.01004	0.00861	0.01061	0.01125	0.05462	0.06339	0.00793	0.01198	0.01096	0.01461	0.02045	0.02765	0.08811	0.11142	0.51138	0.00758	0.01308	0.00717	0.00354	0.00563
14	0.01278	0.01096	0.01273	0.00918	0.01455	0.00840	0.00734	0.01600	0.03728	0.02014	0.01136	0.01304	0.00939	0.00466	0.00459	0.00095	0.00454	0.00374	0.00372	0.79465
15	0.00901	0.00676	0.00875	0.00919	0.00988	0.00701	0.00663	0.03287	0.01262	0.01708	0.11111	0.42156	0.05663	0.11923	0.01189	0.00290	0.06962	0.07668	0.00529	0.00528
16	0.01181	0.00993	0.02969	0.01270	0.03801	0.01022	0.11814	0.03720	0.01394	0.02108	0.18291	0.06813	0.02412	0.02720	0.00897	0.00204	0.13096	0.00781	0.23857	0.00654
17	0.34131	0.01632	0.08612	0.05447	0.09989	0.07806	0.01159	0.13413	0.04291	0.06499	0.01177	0.01310	0.00881	0.00622	0.00511	0.00187	0.00651	0.00449	0.00415	0.00819
18	0.03730	0.13109	0.44911	0.01807	0.09540	0.03662	0.04563	0.02041	0.07458	0.01941	0.01182	0.01356	0.00892	0.00590	0.00560	0.00185	0.00815	0.00470	0.00301	0.00885
19	0.01399	0.28940	0.40211	0.01626	0.02358	0.01783	0.11968	0.01905	0.01298	0.01771	0.01034	0.01238	0.00801	0.00552	0.00537	0.00174	0.00837	0.00448	0.00267	0.00852
20	0.00894	0.00727	0.01025	0.07268	0.01320	0.00702	0.04993	0.01180	0.03508	0.01997	0.33237	0.17877	0.18253	0.03290	0.00782	0.00218	0.00408	0.01173	0.00568	0.00580
21	0.07789	0.00629	0.00760	0.00851	0.00930	0.00621	0.00582	0.03056	0.01208	0.01730	0.04757	0.62917	0.03602	0.06452	0.00884	0.00261	0.00388	0.01518	0.00544	0.00522
22	0.01068	0.00609	0.00801	0.00862	0.00970	0.00561	0.00604	0.01209	0.01265	0.12230	0.03118	0.60673	0.03472	0.01648	0.00727	0.00231	0.00373	0.01478	0.07517	0.00582
23	0.00890	0.00593	0.00668	0.00668	0.00668	0.00593	0.00371	0.00890	0.00890	0.01187	0.01929	0.04006	0.02225	0.78487	0.03116	0.00593	0.00593	0.00890	0.00371	0.00371
24	0.01545	0.01511	0.02456	0.03674	0.71877	0.04315	0.01852	0.01900	0.01407	0.01981	0.01144	0.01499	0.00963	0.00549	0.00604	0.00181	0.00742	0.00540	0.00303	0.00960
25	0.01523	0.01315	0.01384	0.01246	0.01592	0.01523	0.00969	0.03253	0.73563	0.02561	0.02491	0.02284	0.01869	0.00830	0.00623	0.00208	0.00484	0.00692	0.00623	0.00969
26	0.04182	0.01648	0.01777	0.01364	0.01851	0.01802	0.01126	0.65209	0.02731	0.07871	0.01500	0.01489	0.01056	0.00725	0.00603	0.00182	0.00655	0.00545	0.00609	0.03077
27	0.00802	0.00639	0.00721	0.00702	0.00884	0.00568	0.00525	0.01051	0.03523	0.01986	0.32393	0.07301	0.43869	0.01425	0.00722	0.00202	0.00308	0.01216	0.00611	0.00552
28	0.23058	0.01578	0.01596	0.01253	0.01714	0.01763	0.01035	0.54384	0.02405	0.03572	0.01311	0.01347	0.00944	0.00692	0.00552	0.00185	0.00622	0.00495	0.00552	0.00944
29	0.00890	0.00593	0.00668	0.00668	0.00668	0.00593	0.00371	0.00890	0.00890	0.01187	0.01929	0.04006	0.02225	0.78487	0.03116	0.00593	0.00593	0.00890	0.00371	0.00371
30	0.00773	0.00622	0.00689	0.00672	0.00857	0.00538	0.00504	0.00975	0.01513	0.01932	0.29904	0.05432	0.50544	0.01446	0.00723	0.00202	0.00303	0.01228	0.00605	0.00538
31	0.01637	0.78856	0.03208	0.01047	0.01571	0.02422	0.01047	0.01833	0.01244	0.01440	0.00851	0.00982	0.00786	0.00524	0.00393	0.00131	0.00655	0.00327	0.00262	0.00786
32	0.01339	0.01339	0.01875	0.01607	0.01607	0.01875	0.01339	0.01473	0.00937	0.01473	0.00804	0.01339	0.00804	0.01071	0.02009	0.00268	0.77367	0.00536	0.00268	0.00670
33	0.00743	0.00545	0.00698	0.00821	0.00880	0.00500	0.00554	0.00856	0.01202	0.01575	0.03758	0.68275	0.13614	0.01868	0.00773	0.00243	0.00349	0.01679	0.00568	0.00500
34	0.01451	0.01623	0.03422	0.02466	0.03062	0.01546	0.66362	0.02071	0.07583	0.02012	0.01345	0.01705	0.01009	0.00543	0.00714	0.00207	0.00985	0.00720	0.00336	0.00838
35	0.01228	0.03166	0.75316	0.01745	0.02649	0.01422	0.02262	0.01939	0.01292	0.01939	0.01099	0.01292	0.00775	0.00582	0.00582	0.00194	0.00905	0.00452	0.00258	0.00905
36	0.01036	0.00634	0.00728	0.00700	0.00755	0.00614	0.00423	0.01067	0.01000	0.07511	0.02280	0.03979	0.07409	0.66283	0.02729	0.00531	0.00567	0.00896	0.00418	0.00439
37	0.00750	0.00534	0.00709	0.00847	0.00882	0.00500	0.00563	0.00853	0.01164	0.01552	0.03334	0.76034	0.03998	0.04041	0.00846	0.00258	0.00362	0.01717	0.00563	0.00494
38	0.40415	0.01331	0.01265	0.01037	0.01443	0.01483	0.00851	0.29454	0.01826	0.06171	0.03337	0.01484	0.02580	0.00687	0.00499	0.00186	0.00537	0.00481	0.04117	0.00817
39	0.02542	0.01104	0.01439	0.01095	0.01578	0.00975	0.00902	0.08743	0.01793	0.60658	0.02183	0.01938	0.01405	0.00721	0.00597	0.00178	0.00526	0.00581	0.00700	0.10343
40	0.00914	0.00681	0.00778	0.00784	0.00974	0.00619	0.00602	0.02685	0.03669	0.04789	0.11438	0.15550	0.42809	0.01518	0.00736	0.00219	0.00367	0.09707	0.00588	0.00572
41	0.00746	0.00533	0.00710	0.00852	0.00888	0.00497	0.00568	0.00852	0.01172	0.01563	0.03374	0.78088	0.04049	0.01918	0.00781	0.00249	0.00355	0.01740	0.00568	0.00497
42	0.04166	0.01426	0.01410	0.01223	0.01593	0.09837	0.00961	0.05131	0.43527	0.18335	0.02208	0.02045	0.01601	0.00778	0.00601	0.00195	0.00563	0.00624	0.02837	0.00938
43	0.18232	0.01416	0.01292	0.01083	0.01446	0.11255	0.00866	0.20982	0.05279	0.13180	0.01570	0.01621	0.01149	0.00691	0.00520	0.00175	0.00580	0.00506	0.17336	0.00820
44	0.01399	0.00977	0.01051	0.03179	0.01287	0.01065	0.00750	0.06226	0.30675	0.05643	0.02517	0.02516	0.07837	0.00832	0.00556	0.00181	0.00416	0.00681	0.31434	0.00778
45	0.01421	0.01177	0.01291	0.01101	0.01485	0.01218	0.00860	0.02564	0.44930	0.04561	0.04564	0.04303	0.04250	0.00794	0.00588	0.00176	0.00461	0.00663	0.00554	0.23038
46	0.00744	0.00540	0.00703	0.00833	0.00883	0.00499	0.00559	0.00855	0.01191	0.01570	0.03614	0.71943	0.10038	0.01886	0.00776	0.00245	0.00351	0.01702	0.00568	0.00499
47	0.00829	0.00624	0.00767	0.00731	0.00892	0.00562	0.00548	0.01083	0.01645	0.02246	0.56608	0.04916	0.23644	0.01329	0.00722	0.00196	0.00294	0.01155	0.00646	0.00562
48	0.00743	0.00618	0.00650	0.00647	0.00840	0.00524	0.00483	0.00915	0.01434	0.01759	0.15341	0.07796	0.63100	0.01520	0.00725	0.00206	0.00308	0.01280	0.00583	0.00524
49	0.01269	0.01088	0.01269	0.00907	0.01451	0.00816	0.00725	0.01541	0.01269	0.01995	0.01088	0.01269	0.00907	0.00453	0.00453	0.00091	0.00453	0.00363	0.00363	0.82229

[dist]
# distance from previous block
# <min> <max>
0	1

[block]
# block no. 8 follows, 37 sequences, length 40
# corresponding to MSA columns:
# 445-484
name=unknown_I
#
# <colnr> <probs for GDERKNQSTAVLIFYWHMCP>
#	G	D	E	R	K	N	Q	S	T	A	V	L	I	F	Y	W	H	M	C	P
0	0.01039	0.00759	0.00872	0.00792	0.00943	0.00711	0.00533	0.05329	0.01142	0.01576	0.02018	0.09303	0.03981	0.47087	0.02096	0.00419	0.00543	0.03880	0.00413	0.16563
1	0.01831	0.11974	0.09906	0.01522	0.05042	0.25308	0.03402	0.13672	0.12903	0.02130	0.01582	0.01649	0.05054	0.00703	0.00573	0.00175	0.00797	0.00529	0.00411	0.00839
2	0.01248	0.10819	0.30159	0.01759	0.06338	0.01398	0.16666	0.01707	0.01322	0.01839	0.04583	0.10672	0.04622	0.00802	0.00675	0.00198	0.03348	0.00718	0.00339	0.00792
3	0.00819	0.00539	0.00728	0.00828	0.00859	0.00512	0.00550	0.00855	0.01106	0.01480	0.05481	0.56672	0.03443	0.06396	0.01219	0.15721	0.00400	0.01439	0.00504	0.00449
4	0.01440	0.01377	0.02348	0.19165	0.59851	0.01435	0.01841	0.01812	0.01358	0.01908	0.01138	0.01540	0.00937	0.00559	0.00607	0.00186	0.00746	0.00545	0.00296	0.00909
5	0.01853	0.07857	0.25044	0.04155	0.05723	0.03647	0.07533	0.04509	0.01497	0.25534	0.01509	0.01579	0.01049	0.00662	0.00673	0.00191	0.05098	0.00532	0.00440	0.00914
6	0.02219	0.10770	0.01887	0.01522	0.01859	0.68418	0.01169	0.02381	0.01684	0.01492	0.00936	0.01091	0.00788	0.00620	0.00535	0.00155	0.01057	0.00387	0.00310	0.00717
7	0.01170	0.00841	0.01017	0.00868	0.01198	0.00691	0.00679	0.01399	0.01389	0.08767	0.10838	0.13011	0.15655	0.01069	0.00624	0.00170	0.00412	0.06839	0.00516	0.32846
8	0.01235	0.00831	0.03639	0.00876	0.01059	0.00753	0.00654	0.01544	0.09186	0.13349	0.02722	0.18507	0.09031	0.26478	0.03575	0.00357	0.00523	0.00998	0.04067	0.00617
9	0.01808	0.01312	0.01432	0.01161	0.01521	0.01425	0.00936	0.46619	0.02297	0.03131	0.06117	0.04453	0.07432	0.03050	0.06417	0.00255	0.00647	0.00695	0.08435	0.00857
10	0.00773	0.00592	0.00702	0.00736	0.00863	0.00528	0.00524	0.00940	0.01390	0.01810	0.22370	0.29180	0.31417	0.04302	0.00826	0.00230	0.00329	0.01378	0.00588	0.00521
11	0.01309	0.00744	0.00933	0.00844	0.01079	0.00673	0.00647	0.01594	0.04542	0.20002	0.30662	0.12539	0.19485	0.01255	0.00699	0.00202	0.00366	0.01082	0.00657	0.00685
12	0.01899	0.27792	0.06862	0.04261	0.03705	0.38855	0.01250	0.02117	0.01479	0.01520	0.00928	0.01117	0.00793	0.00611	0.00576	0.00159	0.04644	0.00392	0.00290	0.00750
13	0.00831	0.00583	0.00728	0.00776	0.00815	0.00581	0.00502	0.00910	0.01037	0.01393	0.03910	0.29710	0.05644	0.37014	0.12353	0.00505	0.00640	0.01174	0.00447	0.00449
14	0.00793	0.00606	0.00721	0.00794	0.00910	0.00553	0.00564	0.02976	0.01313	0.01674	0.04356	0.46441	0.29901	0.01739	0.00758	0.00233	0.00356	0.04221	0.00569	0.00523
15	0.01431	0.01867	0.17169	0.02899	0.32396	0.01485	0.29790	0.01923	0.01394	0.01972	0.01175	0.01525	0.00916	0.00541	0.00647	0.00194	0.00882	0.00597	0.00297	0.00900
16	0.02123	0.05672	0.09816	0.01114	0.01577	0.01038	0.01011	0.02528	0.06857	0.45440	0.11742	0.02282	0.01984	0.00794	0.00608	0.00187	0.00531	0.00650	0.03116	0.00930
