[name]
unknown

[dist]
# distance from previous block
# <min> <max>
0	83

[block]
# block no. 0 follows, 49 sequences, length 8
# corresponding to MSA columns:
# 83-90
name=unknown_A
#
# <colnr> <probs for GDERKNQSTAVLIFYWHMCP>
#	G	D	E	R	K	N	Q	S	T	A	V	L	I	F	Y	W	H	M	C	P
0	0.01144	0.00663	0.00743	0.02487	0.00899	0.00692	0.00541	0.11193	0.04133	0.07040	0.01657	0.02038	0.01337	0.02572	0.04946	0.00182	0.00388	0.04939	0.51849	0.00557
1	0.00974	0.00687	0.00832	0.05220	0.00987	0.00754	0.00584	0.12065	0.01132	0.01635	0.05856	0.11004	0.01715	0.22773	0.08075	0.00304	0.06075	0.00673	0.18168	0.00487
2	0.11880	0.01226	0.01278	0.01106	0.04134	0.13965	0.07236	0.13860	0.08525	0.11835	0.01443	0.01503	0.04118	0.00596	0.00492	0.00150	0.02513	0.00468	0.13000	0.00671
3	0.05354	0.00980	0.01133	0.01038	0.05567	0.04578	0.00771	0.13860	0.12777	0.23421	0.11275	0.08289	0.01754	0.00945	0.05733	0.00204	0.00501	0.00614	0.00494	0.00711
4	0.08934	0.01058	0.01277	0.09049	0.05072	0.03974	0.03983	0.15085	0.11210	0.16345	0.08471	0.01684	0.03366	0.00618	0.00492	0.00152	0.00486	0.00509	0.00439	0.07798
5	0.04768	0.01080	0.01178	0.00956	0.01288	0.04247	0.00766	0.28076	0.08309	0.20839	0.03750	0.09331	0.04492	0.00722	0.00506	0.00153	0.00460	0.00584	0.00497	0.07996
6	0.05119	0.01080	0.03575	0.00942	0.01282	0.01070	0.00778	0.29536	0.09220	0.16733	0.03069	0.01519	0.01114	0.02983	0.00623	0.05199	0.00461	0.00470	0.06383	0.08846
7	0.01492	0.01039	0.01198	0.06183	0.01402	0.01092	0.00796	0.38856	0.01730	0.09423	0.04525	0.10784	0.03202	0.05308	0.00628	0.00171	0.00474	0.00606	0.02957	0.08133

[dist]
# distance from previous block
# <min> <max>
0	20

[block]
# block no. 1 follows, 49 sequences, length 15
# corresponding to MSA columns:
# 111-125
name=unknown_B
#
# <colnr> <probs for GDERKNQSTAVLIFYWHMCP>
#	G	D	E	R	K	N	Q	S	T	A	V	L	I	F	Y	W	H	M	C	P
0	0.04983	0.06305	0.08000	0.02429	0.01426	0.04908	0.02099	0.17029	0.11947	0.11480	0.02985	0.03035	0.02316	0.01921	0.00500	0.00145	0.00499	0.00461	0.00406	0.17127
1	0.10080	0.01267	0.01168	0.00975	0.01293	0.13369	0.00771	0.22034	0.16952	0.06747	0.02681	0.01472	0.02586	0.02227	0.00503	0.00151	0.00506	0.00454	0.05447	0.09316
2	0.06530	0.06217	0.01340	0.03675	0.05124	0.05590	0.00843	0.20552	0.15608	0.11518	0.02823	0.04306	0.01130	0.00601	0.00471	0.00145	0.00487	0.00477	0.00429	0.12134
3	0.05119	0.01301	0.01708	0.14924	0.37501	0.11317	0.02720	0.07946	0.07491	0.03590	0.01048	0.01266	0.00825	0.00505	0.00491	0.00153	0.00624	0.00441	0.00302	0.00728
4	0.01233	0.01183	0.02020	0.07881	0.74439	0.01197	0.01543	0.01536	0.01143	0.01630	0.00948	0.01257	0.00793	0.00454	0.00501	0.00151	0.00605	0.00450	0.00249	0.00786
5	0.01292	0.01248	0.02026	0.07443	0.62600	0.03954	0.06199	0.06056	0.01228	0.01706	0.00962	0.01250	0.00790	0.00464	0.00506	0.00152	0.00629	0.00456	0.00265	0.00776
6	0.01318	0.01328	0.01552	0.16233	0.10613	0.16879	0.08202	0.08624	0.01268	0.01642	0.00922	0.01145	0.00733	0.00463	0.00463	0.00128	0.00625	0.00392	0.00287	0.27180
7	0.00627	0.00459	0.00589	0.00672	0.00730	0.00421	0.00460	0.00739	0.01051	0.01396	0.12994	0.62191	0.12860	0.01475	0.00633	0.00195	0.00282	0.01324	0.00481	0.00421
8	0.00706	0.00517	0.00663	0.00626	0.00750	0.00473	0.00470	0.00936	0.01409	0.01974	0.72855	0.03865	0.10757	0.01054	0.00597	0.00160	0.00240	0.00927	0.00550	0.00473
9	0.00725	0.00486	0.00555	0.00565	0.00568	0.00483	0.00321	0.00733	0.00757	0.01009	0.01702	0.10446	0.01975	0.74905	0.02399	0.00464	0.00472	0.00799	0.00321	0.00316
10	0.00634	0.00453	0.00607	0.00724	0.00761	0.00426	0.00500	0.00734	0.00985	0.01310	0.02777	0.75170	0.03306	0.01568	0.00650	0.00208	0.00309	0.07993	0.00469	0.00416
11	0.85801	0.00978	0.00743	0.00665	0.00978	0.01134	0.00548	0.01486	0.00861	0.02269	0.00704	0.00821	0.00548	0.00469	0.00313	0.00156	0.00391	0.00274	0.00313	0.00548
12	0.01884	0.01307	0.01429	0.01114	0.01503	0.01428	0.00915	0.59012	0.11475	0.12515	0.01414	0.01359	0.00992	0.00619	0.00507	0.00155	0.00522	0.00476	0.00522	0.00853
13	0.01049	0.00899	0.01049	0.00749	0.01198	0.00674	0.00599	0.01273	0.01049	0.01648	0.00899	0.01049	0.00749	0.00374	0.00374	0.00075	0.00374	0.00300	0.00300	0.85320
14	0.01228	0.01399	0.07255	0.03688	0.02453	0.01260	0.60208	0.08603	0.01283	0.01750	0.01069	0.03206	0.00826	0.00474	0.00575	0.00166	0.00789	0.00579	0.00282	0.02909

[dist]
# distance from previous block
# <min> <max>
0	4

[block]
# block no. 2 follows, 49 sequences, length 22
# corresponding to MSA columns:
# 130-132,149-167
name=unknown_C
#
# <colnr> <probs for GDERKNQSTAVLIFYWHMCP>
#	G	D	E	R	K	N	Q	S	T	A	V	L	I	F	Y	W	H	M	C	P
0	0.00741	0.00546	0.00704	0.00645	0.00789	0.00492	0.00486	0.00978	0.01402	0.01999	0.72925	0.03571	0.04468	0.00984	0.00580	0.00153	0.00249	0.00868	0.00537	0.06883
1	0.02016	0.01265	0.01424	0.01092	0.01493	0.01344	0.00902	0.57034	0.02125	0.23898	0.01426	0.01352	0.00966	0.00612	0.00507	0.00153	0.00522	0.00470	0.00538	0.00860
2	0.01813	0.00852	0.01089	0.00884	0.01205	0.00802	0.00711	0.07135	0.10526	0.49856	0.13334	0.06096	0.01887	0.00741	0.00529	0.00161	0.00400	0.00620	0.00587	0.00774
3	0.04360	0.01166	0.01310	0.01200	0.08596	0.02564	0.00877	0.34776	0.16389	0.07210	0.01701	0.05492	0.06433	0.00684	0.00506	0.00155	0.00481	0.00553	0.00466	0.05081
4	0.00716	0.00517	0.00676	0.00636	0.00755	0.00477	0.00477	0.00954	0.01431	0.02028	0.78808	0.03777	0.04771	0.01034	0.00596	0.00159	0.00239	0.00914	0.00557	0.00477
5	0.00616	0.00440	0.00587	0.00704	0.00733	0.00411	0.00469	0.00704	0.00968	0.01291	0.02787	0.81899	0.03344	0.01584	0.00645	0.00205	0.00293	0.01438	0.00469	0.00411
6	0.01288	0.66502	0.15134	0.00976	0.01444	0.01850	0.01037	0.01517	0.01025	0.01258	0.00735	0.00864	0.00648	0.00457	0.00399	0.00121	0.03574	0.00294	0.00216	0.00661
7	0.01849	0.02843	0.01364	0.05094	0.11470	0.01014	0.00912	0.09340	0.14466	0.43588	0.01716	0.01602	0.01165	0.00601	0.00504	0.00157	0.00473	0.00499	0.00519	0.00823
8	0.00616	0.00440	0.00587	0.00704	0.00733	0.00411	0.00469	0.00704	0.00968	0.01291	0.02787	0.81899	0.03344	0.01584	0.00645	0.00205	0.00293	0.01438	0.00469	0.00411
9	0.00660	0.00458	0.00574	0.00648	0.00667	0.00440	0.00410	0.00716	0.00883	0.01177	0.02350	0.53153	0.02794	0.31082	0.01351	0.00310	0.00365	0.01181	0.00410	0.00373
10	0.04019	0.32141	0.01809	0.01037	0.01370	0.29371	0.00875	0.04362	0.04111	0.09415	0.04119	0.01123	0.00918	0.00537	0.00451	0.00131	0.02888	0.00363	0.00312	0.00649
11	0.02174	0.00876	0.01169	0.00902	0.01281	0.00778	0.00743	0.06715	0.01500	0.71292	0.05655	0.01791	0.01399	0.00644	0.00513	0.00156	0.00428	0.00525	0.00616	0.00842
12	0.01948	0.01374	0.01492	0.01144	0.01547	0.01506	0.00945	0.71731	0.02307	0.08943	0.01273	0.01252	0.00890	0.00608	0.00506	0.00152	0.00547	0.00459	0.00515	0.00860
13	0.13394	0.02952	0.05742	0.05982	0.03314	0.02469	0.04114	0.20393	0.06204	0.26260	0.01407	0.03329	0.01004	0.00593	0.00481	0.00157	0.00515	0.00473	0.00456	0.00760
14	0.01909	0.04060	0.01311	0.01029	0.03244	0.01069	0.00819	0.25184	0.07544	0.39858	0.01744	0.07231	0.01270	0.00681	0.00511	0.00158	0.00465	0.00553	0.00545	0.00814
15	0.01245	0.03716	0.01314	0.01040	0.07185	0.00871	0.04089	0.08361	0.01211	0.07176	0.01007	0.01132	0.00795	0.00423	0.00413	0.00099	0.00439	0.00352	0.00333	0.58799
16	0.03166	0.52224	0.05913	0.01007	0.01387	0.14428	0.00940	0.03711	0.05041	0.01343	0.00806	0.00926	0.00699	0.00498	0.00459	0.00127	0.06112	0.00316	0.00249	0.00648
17	0.01936	0.01394	0.01504	0.01153	0.01557	0.01536	0.00953	0.74434	0.02341	0.06193	0.01245	0.01234	0.00875	0.00608	0.00506	0.00152	0.00551	0.00457	0.00511	0.00860
18	0.04223	0.04768	0.01076	0.00987	0.06942	0.00886	0.00713	0.16869	0.03529	0.09989	0.04796	0.19966	0.16786	0.00975	0.00548	0.00169	0.00403	0.04053	0.00460	0.01863
19	0.00735	0.00490	0.00552	0.00552	0.00552	0.00490	0.00306	0.00735	0.00735	0.00980	0.01593	0.03309	0.01838	0.82229	0.02574	0.00490	0.00490	0.00735	0.00306	0.00306
20	0.01065	0.02167	0.53959	0.05736	0.05983	0.01198	0.19552	0.01588	0.01098	0.01592	0.00936	0.01160	0.00680	0.00468	0.00510	0.00163	0.00761	0.00434	0.00226	0.00725
21	0.00684	0.00506	0.00638	0.00625	0.00741	0.00461	0.00461	0.00886	0.01328	0.01828	0.57333	0.13777	0.16573	0.01143	0.00603	0.00167	0.00248	0.01005	0.00532	0.00461

[dist]
# distance from previous block
# <min> <max>
0	2

[block]
# block no. 3 follows, 49 sequences, length 45
# corresponding to MSA columns:
# 170-214
name=unknown_D
#
# <colnr> <probs for GDERKNQSTAVLIFYWHMCP>
#	G	D	E	R	K	N	Q	S	T	A	V	L	I	F	Y	W	H	M	C	P
0	0.02050	0.00927	0.01229	0.00965	0.01341	0.00867	0.03058	0.03970	0.15101	0.61819	0.01961	0.01730	0.01281	0.00630	0.00512	0.00159	0.00440	0.00521	0.00593	0.00844
1	0.12754	0.00875	0.01119	0.00870	0.01252	0.00792	0.00719	0.02342	0.01374	0.69740	0.01833	0.01608	0.01163	0.00606	0.00484	0.00156	0.00425	0.00479	0.00587	0.00821
2	0.00619	0.00513	0.00543	0.00535	0.00696	0.00436	0.00401	0.00768	0.01204	0.01489	0.18761	0.04665	0.65155	0.01235	0.00597	0.00169	0.00253	0.01039	0.00486	0.00436
3	0.00711	0.00517	0.00669	0.00631	0.00752	0.00475	0.00473	0.00944	0.01419	0.01999	0.75635	0.03824	0.07962	0.01044	0.00596	0.00160	0.00239	0.00921	0.00553	0.00475
4	0.01301	0.01077	0.01145	0.01023	0.01314	0.01236	0.00798	0.02677	0.74857	0.05444	0.02055	0.01880	0.01531	0.00683	0.00514	0.00171	0.00401	0.00569	0.00519	0.00803
5	0.01194	0.01364	0.02984	0.02131	0.02643	0.01279	0.77238	0.01620	0.01194	0.01620	0.01023	0.01364	0.00767	0.00426	0.00597	0.00171	0.00853	0.00597	0.00256	0.00682
6	0.01049	0.00899	0.01049	0.00749	0.01198	0.00674	0.00599	0.01273	0.01049	0.01648	0.00899	0.01049	0.00749	0.00374	0.00374	0.00075	0.00374	0.00300	0.00300	0.85320
7	0.01178	0.00895	0.01062	0.00765	0.01208	0.00681	0.00614	0.01399	0.01091	0.09873	0.01015	0.01120	0.00802	0.00401	0.00389	0.00084	0.00380	0.00322	0.00334	0.76388
8	0.02027	0.01149	0.01340	0.01038	0.01429	0.01184	0.00854	0.39214	0.07363	0.36545	0.01617	0.01484	0.01080	0.00621	0.00508	0.00155	0.00490	0.00487	0.00559	0.00856
9	0.16534	0.00928	0.01330	0.44689	0.02468	0.01054	0.02628	0.03621	0.01123	0.19234	0.01123	0.01335	0.00789	0.00527	0.00473	0.00163	0.00568	0.00434	0.00340	0.00637
10	0.01036	0.00981	0.01662	0.59823	0.24043	0.01145	0.01444	0.01363	0.01049	0.01390	0.00913	0.01322	0.00709	0.00491	0.00504	0.00164	0.00654	0.00450	0.00232	0.00627
11	0.19036	0.41401	0.03217	0.00982	0.01351	0.18422	0.03309	0.02939	0.01103	0.01481	0.00742	0.00870	0.00636	0.00472	0.00393	0.00129	0.02343	0.00302	0.00252	0.00619
12	0.00955	0.00899	0.01517	0.81013	0.03483	0.01123	0.01404	0.01292	0.01011	0.01292	0.00899	0.01348	0.00674	0.00506	0.00506	0.00169	0.00674	0.00449	0.00225	0.00562
13	0.85801	0.00978	0.00743	0.00665	0.00978	0.01134	0.00548	0.01486	0.00861	0.02269	0.00704	0.00821	0.00548	0.00469	0.00313	0.00156	0.00391	0.00274	0.00313	0.00548
14	0.01055	0.01001	0.01698	0.54668	0.29045	0.01150	0.01454	0.01380	0.01059	0.01414	0.00916	0.01315	0.00717	0.00487	0.00504	0.00162	0.00649	0.00450	0.00233	0.00643
15	0.01252	0.01198	0.02022	0.03033	0.76431	0.01203	0.01526	0.01590	0.03769	0.01668	0.00989	0.01273	0.00826	0.00459	0.00501	0.00151	0.00594	0.00455	0.00259	0.00801
16	0.00721	0.00562	0.00820	0.00802	0.00912	0.00532	0.06171	0.00935	0.03643	0.01602	0.28487	0.42399	0.04976	0.01270	0.00622	0.00186	0.00326	0.04082	0.00485	0.00468
17	0.00880	0.00609	0.00807	0.00882	0.01007	0.00612	0.00724	0.01190	0.08528	0.05372	0.02611	0.24158	0.02805	0.01337	0.00658	0.00216	0.00415	0.46206	0.00479	0.00504
18	0.01015	0.00880	0.01111	0.00821	0.01233	0.00682	0.04821	0.01237	0.01049	0.01612	0.01089	0.08907	0.01002	0.00495	0.00413	0.00093	0.00393	0.00426	0.00314	0.72409
19	0.01922	0.01416	0.01518	0.01163	0.01568	0.01568	0.00961	0.77388	0.02378	0.03187	0.01214	0.01214	0.00860	0.00607	0.00506	0.00152	0.00556	0.00455	0.00506	0.00860
20	0.01237	0.00861	0.01040	0.00773	0.01183	0.00669	0.00616	0.01447	0.01114	0.15471	0.01222	0.06635	0.01014	0.00501	0.00417	0.00098	0.00379	0.00414	0.00369	0.64542
21	0.00732	0.00513	0.00673	0.00651	0.00763	0.00473	0.00481	0.00948	0.01365	0.03449	0.66303	0.15029	0.04496	0.01105	0.00602	0.00166	0.00250	0.00982	0.00545	0.00475
22	0.05348	0.00865	0.01158	0.00891	0.01279	0.00758	0.00736	0.02428	0.01426	0.76581	0.01947	0.01688	0.01226	0.00620	0.00501	0.00156	0.00429	0.00500	0.00614	0.00849
23	0.01247	0.01402	0.05737	0.01908	0.02390	0.04972	0.61250	0.01696	0.05019	0.04754	0.01230	0.01484	0.03333	0.00481	0.00578	0.00168	0.00792	0.00585	0.00289	0.00685
24	0.00904	0.00801	0.01188	0.10649	0.01394	0.00997	0.03330	0.02808	0.00917	0.01311	0.04119	0.13081	0.01398	0.01845	0.26164	0.00394	0.27258	0.00640	0.00293	0.00510
25	0.02269	0.00861	0.01174	0.00900	0.01291	0.00743	0.00743	0.02464	0.01447	0.79425	0.01995	0.01721	0.01252	0.00626	0.00509	0.00156	0.00430	0.00509	0.00626	0.00861
26	0.00615	0.00444	0.00582	0.00692	0.00730	0.00412	0.00464	0.00705	0.00979	0.01295	0.02928	0.77238	0.07914	0.01566	0.00643	0.00203	0.00291	0.01415	0.00469	0.00412
27	0.01288	0.67290	0.17328	0.00975	0.01468	0.01843	0.01057	0.01531	0.01035	0.01268	0.00742	0.00860	0.00647	0.00442	0.00354	0.00118	0.00580	0.00290	0.00216	0.00668
28	0.01000	0.00950	0.01558	0.65422	0.14051	0.02396	0.01383	0.01321	0.01033	0.01340	0.00954	0.03075	0.00760	0.00584	0.02026	0.00178	0.00672	0.00471	0.00235	0.00591
29	0.77791	0.02744	0.04037	0.00750	0.01089	0.01159	0.03186	0.01496	0.00884	0.02198	0.00723	0.00849	0.00561	0.00468	0.00329	0.00156	0.00424	0.00289	0.00305	0.00562
30	0.00724	0.00486	0.00555	0.00566	0.00568	0.00483	0.00321	0.00732	0.00757	0.01009	0.01703	0.10531	0.01977	0.74818	0.02397	0.00464	0.00472	0.00800	0.00321	0.00316
31	0.01203	0.00992	0.01131	0.00829	0.01265	0.00845	0.00667	0.14084	0.04114	0.01923	0.00994	0.01107	0.00797	0.00425	0.00402	0.00091	0.00406	0.00336	0.00342	0.68047
32	0.05911	0.01345	0.05414	0.03543	0.01614	0.04161	0.05950	0.40625	0.01766	0.07614	0.01122	0.01194	0.00817	0.00547	0.00509	0.00143	0.02702	0.00425	0.00415	0.14181
33	0.01353	0.60079	0.10078	0.00997	0.01415	0.06404	0.00995	0.04587	0.01089	0.01316	0.00745	0.00883	0.00658	0.00486	0.00463	0.00126	0.07134	0.00305	0.00231	0.00656
34	0.00629	0.00455	0.00616	0.02838	0.00812	0.00433	0.00501	0.00726	0.00973	0.01295	0.02735	0.78289	0.03265	0.01552	0.00643	0.00205	0.00307	0.02847	0.00463	0.00416
35	0.00598	0.00512	0.00512	0.00512	0.00683	0.00427	0.00384	0.00726	0.01153	0.01366	0.05123	0.04866	0.78869	0.01281	0.00598	0.00171	0.00256	0.01067	0.00470	0.00427
36	0.00732	0.00484	0.00559	0.00568	0.00570	0.00482	0.00324	0.00730	0.00750	0.01000	0.01657	0.09332	0.01916	0.72730	0.02400	0.03887	0.00473	0.00778	0.00316	0.00311
37	0.01368	0.01141	0.01205	0.01051	0.01357	0.01309	0.00827	0.15075	0.65593	0.02293	0.01918	0.01775	0.01430	0.00673	0.00513	0.00168	0.00426	0.00552	0.00513	0.00810
38	0.01049	0.00899	0.01049	0.00749	0.01198	0.00674	0.00599	0.01273	0.01049	0.01648	0.00899	0.01049	0.00749	0.00374	0.00374	0.00075	0.00374	0.00300	0.00300	0.85320
39	0.01008	0.03874	0.51002	0.01310	0.01870	0.01066	0.07851	0.01491	0.02365	0.03260	0.13616	0.04290	0.01439	0.00618	0.00543	0.00163	0.02737	0.00521	0.00295	0.00683
40	0.01088	0.01034	0.01757	0.46124	0.37334	0.01158	0.01470	0.01408	0.01074	0.01453	0.00922	0.01305	0.00731	0.00481	0.00503	0.00160	0.00641	0.00450	0.00236	0.00669
41	0.02175	0.00852	0.01151	0.00892	0.01268	0.00745	0.00733	0.02405	0.03485	0.74037	0.05304	0.01814	0.01411	0.00645	0.00512	0.00157	0.00421	0.00528	0.00620	0.00842
42	0.69857	0.01053	0.00877	0.04783	0.01178	0.03935	0.00642	0.07137	0.01018	0.04571	0.00793	0.00907	0.00602	0.00488	0.00348	0.00156	0.00437	0.00305	0.00330	0.00582
43	0.01078	0.17710	0.65073	0.01332	0.02020	0.01330	0.01679	0.01585	0.01060	0.01524	0.00869	0.01019	0.00642	0.00471	0.00451	0.00150	0.00708	0.00354	0.00214	0.00729
44	0.02531	0.20914	0.54106	0.03945	0.01947	0.01349	0.01543	0.01543	0.01059	0.01513	0.03194	0.01096	0.00767	0.00494	0.00466	0.00149	0.02087	0.00368	0.00227	0.00703

[dist]
# distance from previous block
# <min> <max>
0	29

[block]
# block no. 4 follows, 49 sequences, length 33
# corresponding to MSA columns:
# 244-276
name=unknown_E
#
# <colnr> <probs for GDERKNQSTAVLIFYWHMCP>
#	G	D	E	R	K	N	Q	S	T	A	V	L	I	F	Y	W	H	M	C	P
0	0.06985	0.00979	0.02562	0.00979	0.03763	0.00974	0.00772	0.16759	0.13746	0.26076	0.06436	0.04621	0.06288	0.00733	0.00511	0.00162	0.00427	0.03008	0.03484	0.00736
1	0.00735	0.00490	0.00552	0.00552	0.00552	0.00490	0.00306	0.00735	0.00735	0.00980	0.01593	0.03309	0.01838	0.82229	0.02574	0.00490	0.00490	0.00735	0.00306	0.00306
2	0.00615	0.00444	0.00583	0.00694	0.00731	0.00412	0.00465	0.00705	0.00978	0.01295	0.02916	0.77655	0.07505	0.01568	0.00643	0.00203	0.00291	0.01417	0.00469	0.00412
3	0.01733	0.01297	0.04142	0.01173	0.05064	0.01353	0.00935	0.56991	0.02026	0.07118	0.01280	0.01403	0.00955	0.04892	0.03021	0.00188	0.00563	0.00473	0.04598	0.00793
4	0.03369	0.26271	0.04465	0.01071	0.01422	0.28726	0.00913	0.09781	0.09648	0.05656	0.01034	0.01094	0.00818	0.00526	0.00425	0.00133	0.00644	0.00364	0.02969	0.00672
5	0.00636	0.00448	0.00581	0.00679	0.00704	0.00424	0.00443	0.00709	0.00930	0.01240	0.02591	0.68975	0.03097	0.14846	0.00963	0.00252	0.00326	0.01322	0.00443	0.00394
6	0.01144	0.01067	0.01770	0.32298	0.39117	0.01159	0.03768	0.04945	0.02906	0.01613	0.04597	0.01422	0.00956	0.00510	0.00511	0.00159	0.00613	0.00479	0.00273	0.00694
7	0.03795	0.06767	0.16879	0.01034	0.01493	0.01037	0.00996	0.10090	0.05654	0.44661	0.01584	0.01465	0.01049	0.00582	0.00486	0.00154	0.00511	0.00458	0.00490	0.00813
8	0.00628	0.00452	0.00595	0.00689	0.00735	0.00419	0.00468	0.00736	0.01031	0.01384	0.12206	0.69785	0.05983	0.01507	0.00638	0.00199	0.00285	0.01361	0.00480	0.00419
9	0.01216	0.01767	0.24784	0.10201	0.09919	0.08962	0.29847	0.04274	0.01199	0.01601	0.00952	0.01216	0.00716	0.00468	0.00527	0.00161	0.00774	0.00471	0.00249	0.00697
10	0.01049	0.00899	0.01049	0.00749	0.01198	0.00674	0.00599	0.01273	0.01049	0.01648	0.00899	0.01049	0.00749	0.00374	0.00374	0.00075	0.00374	0.00300	0.00300	0.85320
11	0.01104	0.20605	0.55207	0.01343	0.01979	0.01381	0.05635	0.01568	0.01054	0.01495	0.00858	0.01027	0.00650	0.00482	0.00495	0.00151	0.03669	0.00365	0.00217	0.00714
12	0.00625	0.00449	0.00593	0.00692	0.00734	0.00417	0.00468	0.00728	0.01016	0.01360	0.09799	0.72430	0.05765	0.01525	0.00640	0.00200	0.00287	0.01379	0.00477	0.00417
13	0.00943	0.00471	0.00471	0.00471	0.00589	0.00471	0.00353	0.01178	0.01060	0.01885	0.01650	0.01885	0.01296	0.00589	0.00353	0.00118	0.00236	0.00471	0.85036	0.00471
14	0.00650	0.00514	0.00585	0.00568	0.00715	0.00449	0.00426	0.00828	0.01277	0.01662	0.38070	0.04379	0.45737	0.01170	0.00597	0.00166	0.00248	0.00999	0.00509	0.00449
15	0.01258	0.01086	0.01143	0.01029	0.01315	0.01258	0.00800	0.02687	0.78161	0.02115	0.02058	0.01887	0.01544	0.00686	0.00515	0.00172	0.00400	0.00572	0.00515	0.00800
16	0.02204	0.00865	0.01166	0.00898	0.01280	0.00758	0.00740	0.04599	0.01474	0.74480	0.04670	0.01779	0.01364	0.00640	0.00512	0.00156	0.00427	0.00521	0.00620	0.00847
17	0.02269	0.00861	0.01174	0.00900	0.01291	0.00743	0.00743	0.02464	0.01447	0.79425	0.01995	0.01721	0.01252	0.00626	0.00509	0.00156	0.00430	0.00509	0.00626	0.00861
18	0.00722	0.00542	0.00813	0.00813	0.00903	0.00632	0.00632	0.00903	0.00813	0.01174	0.01354	0.01987	0.01264	0.03792	0.80225	0.00813	0.01354	0.00542	0.00271	0.00451
19	0.85801	0.00978	0.00743	0.00665	0.00978	0.01134	0.00548	0.01486	0.00861	0.02269	0.00704	0.00821	0.00548	0.00469	0.00313	0.00156	0.00391	0.00274	0.00313	0.00548
20	0.01889	0.02410	0.01433	0.01303	0.01563	0.80199	0.00977	0.02019	0.01433	0.01238	0.00782	0.00912	0.00651	0.00521	0.00456	0.00130	0.00912	0.00326	0.00261	0.00586
21	0.00603	0.00514	0.00526	0.00526	0.00693	0.00436	0.00396	0.00734	0.01137	0.01357	0.04947	0.04732	0.75255	0.01398	0.04306	0.00201	0.00307	0.01043	0.00460	0.00428
22	0.00616	0.00440	0.00587	0.00704	0.00733	0.00411	0.00469	0.00704	0.00968	0.01291	0.02787	0.81899	0.03344	0.01584	0.00645	0.00205	0.00293	0.01438	0.00469	0.00411
23	0.01108	0.00934	0.01080	0.00777	0.01223	0.00735	0.00624	0.06421	0.01138	0.01752	0.00920	0.01060	0.00756	0.00390	0.00383	0.00080	0.00387	0.00310	0.00314	0.79608
24	0.01443	0.01293	0.01658	0.04559	0.01761	0.05367	0.16826	0.22499	0.34637	0.02222	0.01503	0.01525	0.01117	0.00595	0.00526	0.00164	0.00574	0.00528	0.00433	0.00771
25	0.01214	0.01209	0.04117	0.11175	0.69098	0.01193	0.01545	0.01526	0.01135	0.01613	0.00945	0.01257	0.00783	0.00457	0.00501	0.00152	0.00612	0.00448	0.00247	0.00775
26	0.00735	0.00490	0.00552	0.00552	0.00552	0.00490	0.00306	0.00735	0.00735	0.00980	0.01593	0.03309	0.01838	0.82229	0.02574	0.00490	0.00490	0.00735	0.00306	0.00306
27	0.00616	0.00440	0.00587	0.00704	0.00733	0.00411	0.00469	0.00704	0.00968	0.01291	0.02787	0.81899	0.03344	0.01584	0.00645	0.00205	0.00293	0.01438	0.00469	0.00411
28	0.01520	0.24701	0.08743	0.01583	0.17979	0.28040	0.03813	0.01748	0.01219	0.04998	0.00871	0.01022	0.00713	0.00479	0.00438	0.00133	0.00702	0.00359	0.00259	0.00680
29	0.00598	0.00512	0.00512	0.00512	0.00683	0.00427	0.00384	0.00726	0.01153	0.01366	0.05123	0.04866	0.78869	0.01281	0.00598	0.00171	0.00256	0.01067	0.00470	0.00427
30	0.01049	0.00899	0.01049	0.00749	0.01198	0.00674	0.00599	0.01273	0.01049	0.01648	0.00899	0.01049	0.00749	0.00374	0.00374	0.00075	0.00374	0.00300	0.00300	0.85320
31	0.01354	0.01077	0.01332	0.01128	0.06622	0.01046	0.04755	0.25187	0.07667	0.04292	0.05114	0.05429	0.01197	0.00581	0.00475	0.00130	0.00464	0.00489	0.00406	0.31255
32	0.00992	0.00751	0.01051	0.01121	0.09953	0.00817	0.03228	0.06310	0.01089	0.03029	0.01708	0.19128	0.01720	0.05240	0.06643	0.00240	0.11364	0.07811	0.17268	0.00538

[dist]
# distance from previous block
# <min> <max>
0	1

[block]
# block no. 5 follows, 49 sequences, length 70
# corresponding to MSA columns:
# 278-347
name=unknown_F
#
# <colnr> <probs for GDERKNQSTAVLIFYWHMCP>
#	G	D	E	R	K	N	Q	S	T	A	V	L	I	F	Y	W	H	M	C	P
0	0.85801	0.00978	0.00743	0.00665	0.00978	0.01134	0.00548	0.01486	0.00861	0.02269	0.00704	0.00821	0.00548	0.00469	0.00313	0.00156	0.00391	0.00274	0.00313	0.00548
1	0.01227	0.01059	0.01114	0.01005	0.01285	0.01219	0.00781	0.02595	0.74532	0.02080	0.02203	0.02027	0.05187	0.00714	0.00518	0.00171	0.00393	0.00595	0.00512	0.00783
2	0.00711	0.00517	0.00669	0.00631	0.00753	0.00475	0.00473	0.00945	0.01420	0.02001	0.75813	0.03822	0.07782	0.01044	0.00596	0.00160	0.00239	0.00921	0.00553	0.00475
3	0.01889	0.02410	0.01433	0.01303	0.01563	0.80199	0.00977	0.02019	0.01433	0.01238	0.00782	0.00912	0.00651	0.00521	0.00456	0.00130	0.00912	0.00326	0.00261	0.00586
4	0.00610	0.00513	0.00529	0.00525	0.00690	0.00432	0.00394	0.00749	0.01181	0.01433	0.12585	0.04756	0.71365	0.01256	0.00598	0.00170	0.00254	0.01052	0.00478	0.00432
5	0.01106	0.01106	0.01549	0.01328	0.01328	0.01549	0.01106	0.01217	0.00774	0.01217	0.00664	0.01106	0.00664	0.00885	0.01659	0.00221	0.81303	0.00443	0.00221	0.00553
6	0.01049	0.00899	0.01049	0.00749	0.01198	0.00674	0.00599	0.01273	0.01049	0.01648	0.00899	0.01049	0.00749	0.00374	0.00374	0.00075	0.00374	0.00300	0.00300	0.85320
7	0.01922	0.01416	0.01518	0.01163	0.01568	0.01568	0.00961	0.77388	0.02378	0.03187	0.01214	0.01214	0.00860	0.00607	0.00506	0.00152	0.00556	0.00455	0.00506	0.00860
8	0.00627	0.00450	0.00598	0.00712	0.00750	0.00421	0.00487	0.00725	0.00984	0.01306	0.02842	0.75447	0.05302	0.01565	0.00647	0.00206	0.00302	0.05742	0.00469	0.00414
9	0.00616	0.00440	0.00587	0.00704	0.00733	0.00411	0.00469	0.00704	0.00968	0.01291	0.02787	0.81899	0.03344	0.01584	0.00645	0.00205	0.00293	0.01438	0.00469	0.00411
10	0.01049	0.00899	0.01049	0.00749	0.01198	0.00674	0.00599	0.01273	0.01049	0.01648	0.00899	0.01049	0.00749	0.00374	0.00374	0.00075	0.00374	0.00300	0.00300	0.85320
11	0.00637	0.00471	0.00655	0.02131	0.00820	0.00445	0.02216	0.00736	0.00973	0.01293	0.02735	0.75506	0.04701	0.03221	0.00681	0.00209	0.00316	0.01379	0.00457	0.00418
12	0.00722	0.00542	0.00813	0.00813	0.00903	0.00632	0.00632	0.00903	0.00813	0.01174	0.01354	0.01987	0.01264	0.03792	0.80225	0.00813	0.01354	0.00542	0.00271	0.00451
13	0.00955	0.00899	0.01517	0.81013	0.03483	0.01123	0.01404	0.01292	0.01011	0.01292	0.00899	0.01348	0.00674	0.00506	0.00506	0.00169	0.00674	0.00449	0.00225	0.00562
14	0.85801	0.00978	0.00743	0.00665	0.00978	0.01134	0.00548	0.01486	0.00861	0.02269	0.00704	0.00821	0.00548	0.00469	0.00313	0.00156	0.00391	0.00274	0.00313	0.00548
15	0.02269	0.00861	0.01174	0.00900	0.01291	0.00743	0.00743	0.02464	0.01447	0.79425	0.01995	0.01721	0.01252	0.00626	0.00509	0.00156	0.00430	0.00509	0.00626	0.00861
16	0.02256	0.00881	0.01186	0.00909	0.01301	0.00774	0.00751	0.05252	0.01482	0.76588	0.01966	0.01702	0.01237	0.00625	0.00508	0.00156	0.00435	0.00507	0.00621	0.00861
17	0.01049	0.00899	0.01049	0.00749	0.01198	0.00674	0.00599	0.01273	0.01049	0.01648	0.00899	0.01049	0.00749	0.00374	0.00374	0.00075	0.00374	0.00300	0.00300	0.85320
18	0.00707	0.00517	0.00663	0.00627	0.00750	0.00473	0.00470	0.00936	0.01410	0.01976	0.73072	0.03862	0.10539	0.01053	0.00597	0.00160	0.00240	0.00926	0.00550	0.00473
19	0.01194	0.01364	0.02984	0.02131	0.02643	0.01279	0.77238	0.01620	0.01194	0.01620	0.01023	0.01364	0.00767	0.00426	0.00597	0.00171	0.00853	0.00597	0.00256	0.00682
20	0.00955	0.00899	0.01517	0.81013	0.03483	0.01123	0.01404	0.01292	0.01011	0.01292	0.00899	0.01348	0.00674	0.00506	0.00506	0.00169	0.00674	0.00449	0.00225	0.00562
21	0.02269	0.00861	0.01174	0.00900	0.01291	0.00743	0.00743	0.02464	0.01447	0.79425	0.01995	0.01721	0.01252	0.00626	0.00509	0.00156	0.00430	0.00509	0.00626	0.00861
22	0.00615	0.00445	0.00582	0.00691	0.00730	0.00412	0.00464	0.00706	0.00980	0.01296	0.02941	0.76832	0.08312	0.01564	0.00642	0.00203	0.00291	0.01413	0.00469	0.00412
23	0.01160	0.01335	0.04186	0.02038	0.02528	0.01234	0.71339	0.01573	0.01172	0.01595	0.01069	0.02941	0.00835	0.00586	0.03818	0.00197	0.00860	0.00607	0.00260	0.00669
24	0.03143	0.80803	0.02609	0.00861	0.01291	0.01982	0.00859	0.01514	0.01024	0.01213	0.00703	0.00811	0.00647	0.00433	0.00324	0.00109	0.00538	0.00270	0.00218	0.00647
25	0.83308	0.03385	0.00799	0.00671	0.00987	0.01160	0.00557	0.01487	0.00865	0.02237	0.00704	0.00821	0.00551	0.00468	0.00313	0.00155	0.00396	0.00274	0.00310	0.00551
26	0.00841	0.00545	0.00713	0.00655	0.00798	0.00498	0.00497	0.01073	0.01426	0.08406	0.70629	0.03634	0.06322	0.01006	0.00589	0.00159	0.00255	0.00885	0.00560	0.00508
27	0.01313	0.04546	0.07094	0.06576	0.48079	0.02462	0.01350	0.02942	0.07497	0.07594	0.01105	0.01299	0.00868	0.00488	0.00487	0.00148	0.00576	0.00443	0.00302	0.04831
28	0.02410	0.02297	0.66150	0.01364	0.02023	0.01098	0.04754	0.01526	0.01111	0.01662	0.09809	0.01385	0.01116	0.00541	0.00496	0.00160	0.00688	0.00443	0.00256	0.00710
29	0.01277	0.01096	0.01154	0.01033	0.01322	0.01267	0.00805	0.04868	0.75948	0.02147	0.02033	0.01867	0.01524	0.00684	0.00514	0.00171	0.00405	0.00568	0.00514	0.00802
30	0.85801	0.00978	0.00743	0.00665	0.00978	0.01134	0.00548	0.01486	0.00861	0.02269	0.00704	0.00821	0.00548	0.00469	0.00313	0.00156	0.00391	0.00274	0.00313	0.00548
31	0.00713	0.00517	0.00672	0.00633	0.00754	0.00476	0.00475	0.00948	0.01424	0.02011	0.76902	0.03805	0.06688	0.01040	0.00596	0.00159	0.00239	0.00918	0.00554	0.00476
32	0.01895	0.01403	0.01502	0.01158	0.01558	0.01556	0.00955	0.74365	0.05445	0.03144	0.01248	0.01241	0.00888	0.00610	0.00506	0.00153	0.00550	0.00460	0.00506	0.00858
33	0.00626	0.00450	0.00594	0.00692	0.00734	0.00418	0.00468	0.00730	0.01019	0.01367	0.10490	0.72112	0.05381	0.01521	0.00639	0.00200	0.00287	0.01376	0.00478	0.00418
34	0.02119	0.00827	0.01126	0.00874	0.01239	0.00718	0.00718	0.02319	0.01446	0.71963	0.09400	0.01919	0.01591	0.00665	0.00517	0.00157	0.00412	0.00548	0.00619	0.00824
35	0.00729	0.00516	0.00683	0.00683	0.00729	0.00562	0.00471	0.00820	0.00774	0.01078	0.01473	0.02642	0.01549	0.42643	0.41764	0.00653	0.00926	0.00638	0.00288	0.00380
36	0.01273	0.01094	0.01152	0.01032	0.01321	0.01265	0.00804	0.04412	0.76411	0.02140	0.02039	0.01871	0.01528	0.00684	0.00514	0.00171	0.00404	0.00569	0.00514	0.00802
37	0.00709	0.00517	0.00666	0.00629	0.00751	0.00474	0.00471	0.00940	0.01414	0.01988	0.74337	0.03843	0.09267	0.01049	0.00596	0.00160	0.00240	0.00924	0.00551	0.00474
38	0.00938	0.00875	0.01469	0.76891	0.03342	0.01087	0.01356	0.01262	0.01009	0.01292	0.00996	0.05483	0.00811	0.00561	0.00513	0.00170	0.00655	0.00500	0.00237	0.00554
39	0.02010	0.01005	0.04594	0.01349	0.15580	0.00855	0.02456	0.02245	0.01373	0.60458	0.01740	0.01601	0.01135	0.00584	0.00508	0.00156	0.00483	0.00494	0.00533	0.00841
40	0.00632	0.00452	0.00605	0.00723	0.00759	0.00425	0.00497	0.00732	0.00984	0.01309	0.02778	0.75719	0.03309	0.01569	0.00650	0.00208	0.00307	0.07459	0.00469	0.00415
41	0.01352	0.82533	0.02650	0.00865	0.01298	0.02001	0.00865	0.01514	0.01027	0.01190	0.00703	0.00811	0.00649	0.00433	0.00324	0.00108	0.00541	0.00270	0.00216	0.00649
42	0.02242	0.00904	0.01200	0.00920	0.01312	0.00807	0.00760	0.08285	0.01520	0.73502	0.01934	0.01682	0.01221	0.00624	0.00508	0.00156	0.00440	0.00504	0.00617	0.00861
43	0.85801	0.00978	0.00743	0.00665	0.00978	0.01134	0.00548	0.01486	0.00861	0.02269	0.00704	0.00821	0.00548	0.00469	0.00313	0.00156	0.00391	0.00274	0.00313	0.00548
44	0.01077	0.00898	0.01052	0.00753	0.01201	0.00676	0.00603	0.01301	0.01058	0.03476	0.00925	0.01064	0.00761	0.00380	0.00378	0.00077	0.00376	0.00305	0.00307	0.83335
45	0.00684	0.00516	0.00632	0.00603	0.00736	0.00464	0.00452	0.00893	0.01357	0.01851	0.59124	0.04068	0.24565	0.01100	0.00597	0.00162	0.00243	0.00955	0.00533	0.00464
46	0.00602	0.00512	0.00518	0.00517	0.00686	0.00429	0.00388	0.00734	0.01163	0.01390	0.07817	0.04827	0.76159	0.01272	0.00598	0.00170	0.00255	0.01062	0.00473	0.00429
47	0.02165	0.00919	0.01198	0.00926	0.01309	0.00841	0.00762	0.10811	0.03455	0.66976	0.03896	0.01722	0.01306	0.00636	0.00511	0.00156	0.00439	0.00515	0.00608	0.00849
48	0.01215	0.00891	0.01088	0.09027	0.01336	0.01008	0.02605	0.21364	0.07325	0.02025	0.01384	0.02834	0.01117	0.03328	0.07851	0.00221	0.07042	0.00502	0.27221	0.00613
49	0.02727	0.02365	0.65509	0.01623	0.08935	0.01184	0.07463	0.01596	0.01080	0.01620	0.00916	0.01101	0.00662	0.00474	0.00488	0.00160	0.00735	0.00395	0.00222	0.00743
50	0.01128	0.01091	0.04525	0.46516	0.21796	0.01189	0.01377	0.07279	0.07132	0.01601	0.01026	0.01345	0.00786	0.00513	0.00504	0.00163	0.00628	0.00457	0.00275	0.00669
51	0.00710	0.00505	0.00630	0.00641	0.00723	0.00477	0.00458	0.00846	0.01123	0.01519	0.31944	0.13121	0.12359	0.21020	0.01136	0.02740	0.00338	0.08842	0.00455	0.00413
52	0.03351	0.05308	0.29946	0.01564	0.08243	0.04454	0.16631	0.09042	0.09846	0.03023	0.03026	0.01302	0.00912	0.00518	0.00503	0.00158	0.00671	0.00461	0.00306	0.00735
53	0.00694	0.00516	0.00646	0.00614	0.00742	0.00468	0.00460	0.00913	0.01381	0.01907	0.65387	0.03976	0.18267	0.01079	0.00597	0.00161	0.00242	0.00942	0.00541	0.00468
54	0.01355	0.79432	0.04154	0.00885	0.01321	0.03464	0.00887	0.01525	0.01036	0.01199	0.00709	0.00818	0.00649	0.00435	0.00330	0.00110	0.00552	0.00273	0.00217	0.00650
55	0.03343	0.56801	0.18393	0.00996	0.01483	0.05587	0.01060	0.01547	0.01052	0.01322	0.00757	0.00879	0.00649	0.00445	0.00365	0.00120	0.00591	0.00296	0.00224	0.04091
56	0.01117	0.03183	0.03767	0.03682	0.01686	0.09068	0.27527	0.01382	0.01076	0.01475	0.01290	0.04032	0.04160	0.02894	0.06443	0.00219	0.12384	0.00554	0.13486	0.00573
57	0.00697	0.00548	0.00568	0.00548	0.00731	0.00469	0.00416	0.02703	0.01205	0.04342	0.07904	0.04615	0.71034	0.01230	0.00592	0.00169	0.00269	0.01025	0.00480	0.00456
58	0.01252	0.01201	0.02053	0.03104	0.79074	0.01201	0.01552	0.01552	0.01151	0.01652	0.00951	0.01252	0.00801	0.00451	0.00501	0.00150	0.00601	0.00451	0.00250	0.00801
59	0.02269	0.00861	0.01174	0.00900	0.01291	0.00743	0.00743	0.02464	0.01447	0.79425	0.01995	0.01721	0.01252	0.00626	0.00509	0.00156	0.00430	0.00509	0.00626	0.00861
60	0.01057	0.00906	0.01052	0.00760	0.01203	0.00697	0.00607	0.01329	0.04063	0.01666	0.00944	0.01081	0.00780	0.00387	0.00380	0.00079	0.00375	0.00310	0.00308	0.82016
61	0.01167	0.38825	0.44739	0.01180	0.01785	0.01549	0.01414	0.01562	0.01049	0.01415	0.00815	0.00951	0.00644	0.00459	0.00410	0.00137	0.00654	0.00327	0.00215	0.00703
62	0.00616	0.00440	0.00587	0.00704	0.00733	0.00411	0.00469	0.00704	0.00968	0.01291	0.02787	0.81899	0.03344	0.01584	0.00645	0.00205	0.00293	0.01438	0.00469	0.00411
63	0.00645	0.00480	0.00684	0.00766	0.00816	0.00449	0.03291	0.00752	0.00984	0.01312	0.02718	0.75857	0.03233	0.01534	0.00646	0.00205	0.00321	0.04423	0.00461	0.00423
64	0.01677	0.21638	0.11730	0.01030	0.01463	0.01286	0.02468	0.16286	0.04307	0.27198	0.03159	0.03302	0.01081	0.00586	0.00466	0.00146	0.00522	0.00457	0.00430	0.00767
65	0.00696	0.00575	0.02586	0.00796	0.03706	0.00522	0.00549	0.00881	0.04833	0.01361	0.04751	0.50104	0.14099	0.06668	0.03967	0.00238	0.00373	0.02402	0.00441	0.00453
66	0.00616	0.00440	0.00587	0.00704	0.00733	0.00411	0.00469	0.00704	0.00968	0.01291	0.02787	0.81899	0.03344	0.01584	0.00645	0.00205	0.00293	0.01438	0.00469	0.00411
67	0.00735	0.00490	0.00552	0.00552	0.00552	0.00490	0.00306	0.00735	0.00735	0.00980	0.01593	0.03309	0.01838	0.82229	0.02574	0.00490	0.00490	0.00735	0.00306	0.00306
68	0.08779	0.16412	0.01598	0.05587	0.01519	0.16433	0.00918	0.26719	0.01542	0.06721	0.01018	0.02291	0.00802	0.00636	0.02097	0.00159	0.05316	0.00400	0.00359	0.00693
69	0.00949	0.01310	0.21428	0.10417	0.13633	0.00941	0.10390	0.02977	0.01116	0.01521	0.01956	0.15393	0.14235	0.00794	0.00548	0.00170	0.00567	0.00718	0.00318	0.00619

[dist]
# distance from previous block
# <min> <max>
0	1

[block]
# block no. 6 follows, 49 sequences, length 34
# corresponding to MSA columns:
# 349-382
name=unknown_G
#
# <colnr> <probs for GDERKNQSTAVLIFYWHMCP>
#	G	D	E	R	K	N	Q	S	T	A	V	L	I	F	Y	W	H	M	C	P
0	0.85801	0.00978	0.00743	0.00665	0.00978	0.01134	0.00548	0.01486	0.00861	0.02269	0.00704	0.00821	0.00548	0.00469	0.00313	0.00156	0.00391	0.00274	0.00313	0.00548
1	0.05853	0.01323	0.01414	0.01108	0.01493	0.01464	0.00909	0.60132	0.12085	0.07023	0.01340	0.01309	0.00954	0.00612	0.00498	0.00155	0.00522	0.00465	0.00504	0.00837
2	0.01200	0.04159	0.14894	0.03844	0.52192	0.02423	0.01456	0.01591	0.04773	0.01652	0.01030	0.01274	0.00832	0.00477	0.00482	0.00149	0.00596	0.00437	0.05782	0.00758
3	0.00615	0.00443	0.00583	0.00695	0.00731	0.00411	0.00465	0.00705	0.00977	0.01294	0.02898	0.78253	0.06918	0.01570	0.00643	0.00204	0.00292	0.01420	0.00469	0.00411
4	0.00616	0.00440	0.00587	0.00704	0.00733	0.00411	0.00469	0.00704	0.00968	0.01291	0.02787	0.81899	0.03344	0.01584	0.00645	0.00205	0.00293	0.01438	0.00469	0.00411
5	0.00607	0.00490	0.00540	0.00575	0.00701	0.00424	0.00413	0.00727	0.01106	0.01365	0.06864	0.28296	0.53396	0.01365	0.00612	0.00181	0.00267	0.01175	0.00472	0.00424
6	0.01112	0.02614	0.01617	0.50975	0.02769	0.04300	0.06647	0.05656	0.01088	0.02500	0.00911	0.01293	0.00709	0.00568	0.00684	0.00172	0.13287	0.00452	0.02055	0.00591
7	0.01039	0.02464	0.71097	0.01602	0.08910	0.01179	0.03555	0.01598	0.01078	0.01606	0.00914	0.01090	0.00657	0.00477	0.00485	0.00160	0.00737	0.00385	0.00218	0.00751
8	0.00629	0.00449	0.00602	0.00719	0.00754	0.00422	0.00492	0.00726	0.00981	0.01305	0.02780	0.76932	0.03316	0.01572	0.00649	0.00207	0.00305	0.06277	0.00469	0.00414
9	0.01059	0.00908	0.01053	0.00762	0.01204	0.00702	0.00609	0.01341	0.04724	0.01670	0.00954	0.01089	0.00787	0.00389	0.00381	0.00080	0.00376	0.00313	0.00310	0.81291
10	0.01788	0.01303	0.01439	0.01125	0.01474	0.01454	0.00922	0.63365	0.02109	0.05929	0.01230	0.01343	0.00918	0.04091	0.03722	0.00196	0.05843	0.00471	0.00475	0.00802
11	0.00611	0.00508	0.00535	0.00548	0.00702	0.00432	0.00409	0.00743	0.01146	0.01387	0.07427	0.11789	0.66933	0.01303	0.00605	0.00176	0.00266	0.03579	0.00472	0.00428
12	0.00683	0.00470	0.00565	0.00614	0.00629	0.00456	0.00375	0.00722	0.00840	0.01117	0.02161	0.35828	0.04072	0.47200	0.01735	0.00366	0.00404	0.01033	0.00377	0.00352
13	0.01381	0.78192	0.02584	0.00889	0.01312	0.06238	0.00871	0.01542	0.01049	0.01192	0.00707	0.00817	0.00649	0.00437	0.00332	0.00109	0.00561	0.00273	0.00219	0.00646
14	0.82628	0.01039	0.03695	0.00694	0.01023	0.01136	0.00597	0.01491	0.00868	0.02244	0.00712	0.00831	0.00551	0.00470	0.00319	0.00157	0.00404	0.00278	0.00309	0.00555
15	0.01758	0.01319	0.01411	0.01112	0.01478	0.01466	0.00904	0.61579	0.14631	0.02907	0.01369	0.01423	0.01018	0.04510	0.00606	0.00171	0.00528	0.00488	0.00498	0.00824
16	0.07714	0.00868	0.01145	0.00884	0.01270	0.00769	0.00730	0.02401	0.01409	0.74395	0.01911	0.01662	0.01206	0.00616	0.00496	0.00156	0.00428	0.00493	0.00605	0.00840
17	0.01198	0.01224	0.06690	0.30160	0.30023	0.04224	0.03261	0.09630	0.01241	0.01659	0.01109	0.01472	0.02852	0.00538	0.00510	0.00160	0.00637	0.02445	0.00278	0.00689
18	0.13479	0.01054	0.09235	0.00975	0.02826	0.03104	0.03471	0.13852	0.03080	0.04743	0.10520	0.24786	0.03199	0.00974	0.02260	0.00185	0.00466	0.00773	0.00420	0.00597
19	0.01263	0.01258	0.01771	0.16464	0.47212	0.09929	0.01364	0.03092	0.05880	0.01585	0.01104	0.01365	0.02932	0.00516	0.00522	0.00154	0.02133	0.00461	0.00274	0.00721
20	0.02269	0.00861	0.01174	0.00900	0.01291	0.00743	0.00743	0.02464	0.01447	0.79425	0.01995	0.01721	0.01252	0.00626	0.00509	0.00156	0.00430	0.00509	0.00626	0.00861
21	0.01120	0.01361	0.15490	0.04209	0.13747	0.01125	0.25118	0.01594	0.09219	0.03765	0.05032	0.08725	0.01263	0.00634	0.00613	0.00171	0.05208	0.00608	0.00316	0.00683
22	0.01085	0.01260	0.18725	0.00954	0.02929	0.00785	0.00903	0.01387	0.01088	0.05858	0.03936	0.03727	0.00985	0.00476	0.00425	0.00107	0.00458	0.00389	0.00312	0.54209
23	0.01194	0.01364	0.02984	0.02131	0.02643	0.01279	0.77238	0.01620	0.01194	0.01620	0.01023	0.01364	0.00767	0.00426	0.00597	0.00171	0.00853	0.00597	0.00256	0.00682
24	0.01352	0.82533	0.02650	0.00865	0.01298	0.02001	0.00865	0.01514	0.01027	0.01190	0.00703	0.00811	0.00649	0.00433	0.00324	0.00108	0.00541	0.00270	0.00216	0.00649
25	0.01321	0.61005	0.09893	0.00983	0.01388	0.01814	0.00989	0.01519	0.01014	0.04161	0.00766	0.00909	0.00673	0.00504	0.00523	0.00130	0.11210	0.00312	0.00232	0.00654
26	0.01847	0.01366	0.01461	0.01134	0.01523	0.01515	0.00933	0.69876	0.07807	0.03073	0.01287	0.01281	0.00921	0.00612	0.00502	0.00152	0.00536	0.00464	0.02862	0.00845
27	0.01197	0.01105	0.01871	0.17547	0.59738	0.01143	0.01460	0.01493	0.01126	0.03622	0.01042	0.04496	0.00890	0.00511	0.00508	0.00156	0.00598	0.00491	0.00264	0.00742
28	0.02110	0.00837	0.01127	0.00878	0.01245	0.00732	0.00720	0.02337	0.03331	0.70960	0.06845	0.01923	0.03212	0.00667	0.00516	0.00157	0.00414	0.00548	0.00615	0.00826
29	0.01318	0.01116	0.01177	0.01041	0.01338	0.01286	0.00815	0.09482	0.71268	0.02213	0.01981	0.01825	0.01481	0.00679	0.00514	0.00170	0.00414	0.00561	0.00514	0.00806
30	0.00711	0.00558	0.00762	0.00848	0.02462	0.00597	0.00592	0.00811	0.00947	0.01289	0.02409	0.62859	0.02849	0.03954	0.00847	0.00217	0.11657	0.04769	0.00425	0.00438
31	0.02269	0.00861	0.01174	0.00900	0.01291	0.00743	0.00743	0.02464	0.01447	0.79425	0.01995	0.01721	0.01252	0.00626	0.00509	0.00156	0.00430	0.00509	0.00626	0.00861
32	0.01100	0.00907	0.01096	0.00785	0.01233	0.00690	0.02272	0.01328	0.01068	0.04747	0.00945	0.01082	0.00769	0.00386	0.00385	0.00080	0.00387	0.00314	0.00312	0.80113
33	0.01252	0.01201	0.02053	0.03104	0.79074	0.01201	0.01552	0.01552	0.01151	0.01652	0.00951	0.01252	0.00801	0.00451	0.00501	0.00150	0.00601	0.00451	0.00250	0.00801

[dist]
# distance from previous block
# <min> <max>
0	6

[block]
# block no. 7 follows, 49 sequences, length 15
# corresponding to MSA columns:
# 389-403
name=unknown_H
#
# <colnr> <probs for GDERKNQSTAVLIFYWHMCP>
#	G	D	E	R	K	N	Q	S	T	A	V	L	I	F	Y	W	H	M	C	P
0	0.00627	0.00500	0.00565	0.00599	0.00728	0.00438	0.00444	0.00762	0.01131	0.01411	0.10150	0.23496	0.49174	0.01343	0.00617	0.00183	0.00279	0.06646	0.00476	0.00430
1	0.08686	0.01256	0.01225	0.04330	0.05362	0.14543	0.00861	0.07698	0.28723	0.15163	0.01663	0.01681	0.03615	0.00640	0.00492	0.00159	0.00521	0.02210	0.00445	0.00728
2	0.01311	0.01025	0.01211	0.00913	0.01309	0.02806	0.03985	0.17320	0.03017	0.07342	0.09176	0.01441	0.01240	0.00521	0.00449	0.00113	0.00436	0.00430	0.00394	0.45559
3	0.01129	0.29891	0.53343	0.01245	0.01885	0.01456	0.01526	0.01572	0.01054	0.01461	0.00838	0.00980	0.00643	0.00464	0.00427	0.00142	0.00677	0.00338	0.00214	0.00714
4	0.01014	0.02616	0.79609	0.01441	0.02189	0.01174	0.01868	0.01601	0.01068	0.01601	0.00907	0.01068	0.00641	0.00480	0.00480	0.00160	0.00747	0.00374	0.00214	0.00747
5	0.01975	0.01332	0.01465	0.01123	0.01526	0.01442	0.00928	0.65964	0.02236	0.14812	0.01333	0.01291	0.00920	0.00610	0.00506	0.00152	0.00537	0.00463	0.00524	0.00860
