[name]
unknown

[dist]
# distance from previous block
# <min> <max>
23	202

[block]
# block no. 0 follows, 45 sequences, length 135
# corresponding to MSA columns:
# 234-348,350-369
name=unknown_A
#
# <colnr> <probs for GDERKNQSTAVLIFYWHMCP>
#	G	D	E	R	K	N	Q	S	T	A	V	L	I	F	Y	W	H	M	C	P
0	0.01398	0.01215	0.07106	0.01046	0.01452	0.03673	0.03704	0.13033	0.11904	0.09933	0.01537	0.10843	0.01302	0.00678	0.00509	0.00144	0.00496	0.00569	0.00430	0.29026
1	0.01382	0.10078	0.01371	0.04886	0.02831	0.09984	0.00811	0.11387	0.04025	0.07233	0.01627	0.12453	0.05717	0.00728	0.00498	0.00142	0.00514	0.00591	0.00396	0.23345
2	0.01179	0.02439	0.01130	0.06513	0.03376	0.02492	0.00761	0.11671	0.09183	0.04516	0.03769	0.17270	0.10380	0.00867	0.00540	0.00156	0.00438	0.00737	0.00436	0.22146
3	0.01530	0.01251	0.02967	0.01116	0.03637	0.05273	0.02516	0.25908	0.12365	0.07321	0.01802	0.03445	0.08710	0.00680	0.00519	0.00149	0.00510	0.00549	0.00460	0.19292
4	0.01654	0.01076	0.01352	0.05541	0.01552	0.01098	0.04461	0.22773	0.11199	0.20926	0.11523	0.03587	0.03263	0.00721	0.00551	0.00164	0.00489	0.00605	0.00529	0.06935
5	0.01599	0.07226	0.07204	0.01125	0.01528	0.08251	0.00973	0.25589	0.12759	0.06442	0.01435	0.01464	0.03811	0.00629	0.00560	0.00151	0.04494	0.00469	0.00426	0.13865
6	0.06247	0.03159	0.07063	0.01057	0.01474	0.02500	0.04193	0.14478	0.10027	0.13283	0.01419	0.04774	0.01109	0.00771	0.04369	0.00180	0.00558	0.00494	0.00427	0.22418
7	0.03876	0.01210	0.06919	0.01017	0.01374	0.03558	0.00865	0.25475	0.05829	0.09704	0.07208	0.11687	0.05336	0.00818	0.00545	0.00163	0.00490	0.02292	0.00482	0.11152
8	0.05577	0.10610	0.01386	0.00918	0.01327	0.01128	0.00761	0.19214	0.03103	0.08087	0.06867	0.03695	0.01256	0.00585	0.00461	0.00127	0.00457	0.00459	0.00418	0.33561
9	0.01806	0.01331	0.01481	0.01280	0.07197	0.05144	0.00971	0.41461	0.03355	0.11281	0.01393	0.01595	0.01064	0.00641	0.00525	0.00153	0.00560	0.04652	0.00483	0.13628
10	0.01193	0.00806	0.00960	0.00882	0.01101	0.00794	0.00662	0.12134	0.10457	0.10945	0.02398	0.39418	0.04928	0.01149	0.00598	0.00183	0.00390	0.01006	0.00510	0.09484
11	0.05159	0.05208	0.01428	0.01073	0.01464	0.01377	0.00880	0.35882	0.18613	0.11749	0.01528	0.01484	0.01106	0.00630	0.00505	0.00157	0.00503	0.00488	0.03385	0.07382
12	0.01281	0.00803	0.00850	0.00761	0.00982	0.00861	0.00593	0.09875	0.21065	0.06548	0.01835	0.01914	0.01391	0.00657	0.00447	0.00146	0.00345	0.00529	0.48458	0.00660
13	0.01917	0.09527	0.01480	0.01136	0.07027	0.01048	0.03411	0.11065	0.01519	0.40740	0.03102	0.01674	0.01233	0.00622	0.00500	0.00154	0.00482	0.00507	0.12042	0.00814
14	0.00654	0.00467	0.00623	0.00747	0.00779	0.00436	0.00498	0.00747	0.01028	0.01370	0.02959	0.80785	0.03550	0.01682	0.00685	0.00218	0.00311	0.01526	0.00498	0.00436
15	0.03037	0.12161	0.05659	0.01699	0.02109	0.22969	0.33371	0.01776	0.01258	0.01517	0.00921	0.01187	0.00743	0.00533	0.00657	0.00165	0.08821	0.00476	0.00263	0.00678
16	0.01001	0.00500	0.00500	0.00500	0.00625	0.00500	0.00375	0.01251	0.01126	0.02001	0.01751	0.02001	0.01376	0.00625	0.00375	0.00125	0.00250	0.00500	0.84115	0.00500
17	0.01178	0.01162	0.05922	0.03349	0.05419	0.00996	0.14107	0.06179	0.09395	0.01927	0.10048	0.01707	0.02778	0.00570	0.00512	0.00137	0.00526	0.00522	0.00373	0.33195
18	0.01174	0.01174	0.01644	0.01409	0.01409	0.01644	0.01174	0.01292	0.00822	0.01292	0.00705	0.01174	0.00705	0.00940	0.01762	0.00235	0.80153	0.00470	0.00235	0.00587
19	0.00781	0.00520	0.00585	0.00585	0.00585	0.00520	0.00325	0.00781	0.00781	0.01041	0.01691	0.03513	0.01952	0.81135	0.02732	0.00520	0.00520	0.00781	0.00325	0.00325
20	0.09394	0.01646	0.11445	0.01766	0.02269	0.06599	0.39899	0.15143	0.01453	0.02048	0.01051	0.01289	0.00784	0.00515	0.00585	0.00173	0.02356	0.00523	0.00320	0.00743
21	0.01717	0.02910	0.01609	0.15521	0.06115	0.01500	0.01116	0.50694	0.04766	0.02756	0.01313	0.03089	0.01012	0.00661	0.00542	0.00168	0.00601	0.02624	0.00461	0.00824
22	0.01001	0.00500	0.00500	0.00500	0.00625	0.00500	0.00375	0.01251	0.01126	0.02001	0.01751	0.02001	0.01376	0.00625	0.00375	0.00125	0.00250	0.00500	0.84115	0.00500
23	0.02041	0.01504	0.01611	0.01235	0.01665	0.01665	0.01020	0.75997	0.02524	0.03383	0.01289	0.01289	0.00913	0.00644	0.00537	0.00161	0.00591	0.00483	0.00537	0.00913
24	0.84927	0.01038	0.00789	0.00706	0.01038	0.01204	0.00581	0.01578	0.00914	0.02408	0.00747	0.00872	0.00581	0.00498	0.00332	0.00166	0.00415	0.00291	0.00332	0.00581
25	0.01001	0.00500	0.00500	0.00500	0.00625	0.00500	0.00375	0.01251	0.01126	0.02001	0.01751	0.02001	0.01376	0.00625	0.00375	0.00125	0.00250	0.00500	0.84115	0.00500
26	0.01400	0.01072	0.01173	0.01037	0.01336	0.01198	0.00811	0.04184	0.59472	0.10091	0.10164	0.02183	0.01955	0.00759	0.00555	0.00179	0.00413	0.00636	0.00563	0.00821
27	0.01098	0.01101	0.01740	0.01417	0.01548	0.01355	0.16139	0.01278	0.00953	0.01376	0.01374	0.01848	0.09002	0.06916	0.03124	0.00253	0.48021	0.00599	0.00278	0.00579
28	0.01127	0.13842	0.67730	0.01444	0.02190	0.01370	0.01834	0.01687	0.01127	0.01638	0.00933	0.01095	0.00681	0.00503	0.00487	0.00162	0.00762	0.00381	0.00227	0.00779
29	0.00927	0.02510	0.00883	0.00900	0.05200	0.06450	0.00586	0.00994	0.01004	0.01320	0.12655	0.12874	0.02199	0.26095	0.08881	0.12814	0.02144	0.00774	0.00359	0.00432
30	0.08014	0.19958	0.01734	0.03443	0.01577	0.43661	0.00967	0.05607	0.01402	0.05858	0.00918	0.01040	0.00745	0.00615	0.02194	0.00155	0.00794	0.00355	0.00304	0.00661
31	0.00661	0.00472	0.00631	0.00756	0.00790	0.00442	0.00511	0.00760	0.01035	0.01378	0.02955	0.78217	0.03534	0.01675	0.00687	0.00219	0.00318	0.04022	0.00498	0.00438
32	0.01334	0.31249	0.02071	0.01224	0.01416	0.07576	0.01069	0.01473	0.00974	0.01283	0.00729	0.01042	0.00698	0.00731	0.01138	0.00183	0.44554	0.00392	0.00236	0.00628
33	0.01178	0.01295	0.06206	0.42482	0.13317	0.07061	0.08859	0.01511	0.01122	0.01464	0.00938	0.01338	0.00739	0.00565	0.00678	0.00179	0.09686	0.00478	0.00247	0.00656
34	0.01113	0.00954	0.01113	0.00795	0.01272	0.00716	0.00636	0.01352	0.01113	0.01749	0.00954	0.01113	0.00795	0.00398	0.00398	0.00080	0.00398	0.00318	0.00318	0.84417
35	0.01204	0.02177	0.01122	0.05342	0.01316	0.02233	0.02271	0.04456	0.01333	0.11554	0.20670	0.03736	0.07666	0.00741	0.00556	0.00140	0.02703	0.00619	0.00446	0.29714
36	0.00713	0.00547	0.00652	0.00626	0.00773	0.00487	0.00470	0.00922	0.01409	0.01889	0.50506	0.04443	0.32227	0.01196	0.00634	0.00173	0.00260	0.01032	0.00556	0.00487
37	0.00720	0.00531	0.00690	0.00728	0.00829	0.00500	0.00541	0.00900	0.01240	0.01677	0.29814	0.29320	0.13889	0.01583	0.06492	0.00247	0.00389	0.08925	0.00515	0.00473
38	0.01429	0.31735	0.17225	0.05885	0.04164	0.14088	0.13094	0.01744	0.01211	0.03481	0.00912	0.01096	0.00731	0.00494	0.00466	0.00146	0.00739	0.00396	0.00256	0.00709
39	0.01161	0.21235	0.60633	0.01387	0.02101	0.01452	0.01733	0.01678	0.01123	0.01597	0.00912	0.01069	0.00682	0.00498	0.00471	0.00157	0.00742	0.00371	0.00227	0.00769
40	0.01947	0.00812	0.01093	0.00873	0.01210	0.00709	0.00707	0.02163	0.01522	0.57063	0.20541	0.02472	0.04856	0.00793	0.00566	0.00167	0.00401	0.00665	0.00641	0.00799
41	0.01466	0.01239	0.05833	0.04922	0.01474	0.07010	0.00891	0.17763	0.18962	0.10823	0.11973	0.02301	0.09814	0.02369	0.00600	0.00176	0.00505	0.00641	0.00499	0.00740
42	0.15168	0.23031	0.07654	0.01222	0.06711	0.12565	0.02385	0.07481	0.08592	0.06835	0.02961	0.01225	0.00943	0.00553	0.00447	0.00150	0.00603	0.00403	0.00347	0.00724
43	0.00779	0.00525	0.00609	0.00609	0.00617	0.00533	0.00354	0.00796	0.00787	0.01058	0.01670	0.03395	0.01900	0.74678	0.09120	0.00549	0.00597	0.00763	0.00322	0.00338
44	0.00781	0.00520	0.00585	0.00585	0.00585	0.00520	0.00325	0.00781	0.00781	0.01041	0.01691	0.03513	0.01952	0.81135	0.02732	0.00520	0.00520	0.00781	0.00325	0.00325
45	0.01467	0.01400	0.02071	0.07514	0.51792	0.09632	0.07016	0.05529	0.01330	0.05537	0.01062	0.01328	0.00849	0.00506	0.00535	0.00160	0.00687	0.00479	0.00299	0.00807
46	0.17255	0.06156	0.03140	0.13738	0.20485	0.07698	0.01128	0.10483	0.04194	0.04769	0.01145	0.01382	0.02273	0.03321	0.00558	0.00174	0.00603	0.00449	0.00336	0.00715
47	0.00883	0.00775	0.01105	0.14054	0.01456	0.00942	0.00865	0.01046	0.00994	0.01375	0.05932	0.25314	0.07514	0.03410	0.08665	0.00282	0.23641	0.00876	0.00359	0.00513
48	0.73990	0.01025	0.00876	0.06607	0.01255	0.01180	0.00661	0.01622	0.00961	0.06641	0.00841	0.00968	0.00634	0.00511	0.00359	0.00167	0.00440	0.00319	0.00344	0.00601
49	0.00733	0.00545	0.00682	0.00654	0.00787	0.00494	0.00488	0.00958	0.01446	0.01993	0.61336	0.07184	0.18380	0.01168	0.00635	0.00173	0.00259	0.01022	0.00570	0.00494
50	0.09691	0.08705	0.09530	0.01349	0.09714	0.01361	0.02650	0.26307	0.03100	0.09576	0.01240	0.04174	0.00965	0.00606	0.00517	0.00157	0.02133	0.00473	0.00410	0.07339
51	0.03027	0.67962	0.02635	0.01119	0.07077	0.04052	0.00975	0.05298	0.01179	0.01427	0.00795	0.00920	0.00710	0.00473	0.00371	0.00122	0.00587	0.00313	0.00251	0.00708
52	0.00776	0.00522	0.00604	0.00620	0.00630	0.00520	0.00369	0.00797	0.00825	0.01098	0.01851	0.09405	0.02135	0.70693	0.02467	0.00482	0.00503	0.05011	0.00348	0.00343
53	0.01564	0.01247	0.01458	0.01206	0.01565	0.01386	0.06466	0.20637	0.48751	0.06803	0.01880	0.01777	0.01382	0.00684	0.00550	0.00176	0.00503	0.00575	0.00530	0.00859
54	0.00758	0.00511	0.00592	0.00615	0.00620	0.00505	0.00357	0.00775	0.00825	0.01100	0.01920	0.17473	0.02240	0.66781	0.02362	0.00466	0.00483	0.00915	0.00357	0.00345
55	0.01480	0.51288	0.06728	0.00982	0.01425	0.01774	0.00946	0.11908	0.05630	0.05448	0.01332	0.01369	0.06524	0.00580	0.00423	0.00136	0.00552	0.00414	0.00331	0.00729
56	0.01675	0.01304	0.01480	0.11980	0.01847	0.01445	0.01013	0.45529	0.15467	0.02741	0.01465	0.01504	0.02613	0.00641	0.00530	0.00162	0.00557	0.00506	0.00480	0.07060
57	0.27659	0.00785	0.00727	0.00657	0.00882	0.00853	0.00520	0.09646	0.01236	0.02292	0.05692	0.01679	0.01283	0.00614	0.00394	0.00145	0.00340	0.00459	0.43565	0.00572
58	0.05956	0.00989	0.01540	0.51756	0.11646	0.01148	0.01319	0.05154	0.01185	0.07286	0.01178	0.06420	0.00958	0.00615	0.00534	0.00177	0.00639	0.00538	0.00310	0.00654
59	0.00711	0.00523	0.00672	0.00769	0.00826	0.00507	0.00525	0.00919	0.06693	0.01480	0.07142	0.70557	0.03494	0.01578	0.00672	0.00213	0.00317	0.01426	0.00507	0.00471
60	0.01041	0.00649	0.00905	0.04170	0.00991	0.00712	0.00629	0.07968	0.00948	0.01289	0.04761	0.01701	0.01132	0.01708	0.06135	0.57651	0.06461	0.00500	0.00283	0.00367
61	0.52022	0.06125	0.22877	0.01035	0.01515	0.01277	0.05081	0.01622	0.01005	0.02106	0.00827	0.00976	0.00628	0.00497	0.00399	0.00165	0.00557	0.00339	0.00293	0.00655
62	0.00932	0.00466	0.00699	0.00699	0.00699	0.00466	0.00466	0.00699	0.00699	0.00932	0.00932	0.01632	0.00932	0.01865	0.02098	0.84382	0.00466	0.00466	0.00233	0.00233
63	0.01014	0.00954	0.01610	0.79845	0.03697	0.01193	0.01491	0.01371	0.01073	0.01371	0.00954	0.01431	0.00716	0.00537	0.00537	0.00179	0.00716	0.00477	0.00239	0.00596
64	0.01001	0.00500	0.00500	0.00500	0.00625	0.00500	0.00375	0.01251	0.01126	0.02001	0.01751	0.02001	0.01376	0.00625	0.00375	0.00125	0.00250	0.00500	0.84115	0.00500
65	0.01014	0.00954	0.01610	0.79845	0.03697	0.01193	0.01491	0.01371	0.01073	0.01371	0.00954	0.01431	0.00716	0.00537	0.00537	0.00179	0.00716	0.00477	0.00239	0.00596
66	0.02408	0.00914	0.01246	0.00955	0.01370	0.00789	0.00789	0.02616	0.01536	0.78158	0.02118	0.01827	0.01329	0.00664	0.00540	0.00166	0.00457	0.00540	0.00664	0.00914
67	0.01329	0.01275	0.02179	0.03295	0.77787	0.01275	0.01647	0.01647	0.01222	0.01754	0.01010	0.01329	0.00850	0.00478	0.00531	0.00159	0.00638	0.00478	0.00266	0.00850
68	0.00654	0.00467	0.00623	0.00747	0.00779	0.00436	0.00498	0.00747	0.01028	0.01370	0.02959	0.80785	0.03550	0.01682	0.00685	0.00218	0.00311	0.01526	0.00498	0.00436
69	0.02312	0.00892	0.01215	0.00939	0.01337	0.00772	0.00772	0.02522	0.01535	0.73713	0.06527	0.01955	0.01547	0.00690	0.00545	0.00166	0.00445	0.00565	0.00660	0.00890
70	0.00745	0.00548	0.00697	0.00659	0.00793	0.00500	0.00495	0.00984	0.01484	0.02068	0.68809	0.04149	0.13812	0.01129	0.00633	0.00170	0.00255	0.00990	0.00580	0.00500
71	0.01014	0.00954	0.01610	0.79845	0.03697	0.01193	0.01491	0.01371	0.01073	0.01371	0.00954	0.01431	0.00716	0.00537	0.00537	0.00179	0.00716	0.00477	0.00239	0.00596
72	0.84927	0.01038	0.00789	0.00706	0.01038	0.01204	0.00581	0.01578	0.00914	0.02408	0.00747	0.00872	0.00581	0.00498	0.00332	0.00166	0.00415	0.00291	0.00332	0.00581
73	0.01698	0.01316	0.01407	0.01154	0.01525	0.01474	0.00928	0.38623	0.37543	0.04339	0.01722	0.01634	0.01262	0.00680	0.00539	0.00170	0.00506	0.00540	0.00540	0.02401
74	0.01719	0.01219	0.01354	0.01036	0.01444	0.01239	0.00845	0.43883	0.01946	0.08341	0.02766	0.01384	0.01021	0.00617	0.00528	0.01999	0.00502	0.00455	0.05239	0.22462
75	0.01337	0.18645	0.30487	0.01228	0.01740	0.07891	0.01303	0.07837	0.10973	0.03205	0.02940	0.01654	0.02525	0.00636	0.00500	0.00162	0.00652	0.05206	0.00336	0.00745
76	0.01728	0.17660	0.03446	0.02917	0.09179	0.37975	0.02468	0.12033	0.01505	0.01649	0.01012	0.01157	0.02363	0.00619	0.01946	0.00156	0.00791	0.00396	0.00305	0.00697
77	0.01214	0.00951	0.01123	0.00808	0.01280	0.00721	0.00648	0.01450	0.01146	0.07704	0.01045	0.01169	0.00837	0.00418	0.00409	0.00086	0.00402	0.00335	0.00345	0.77909
78	0.00700	0.00524	0.00753	0.00813	0.00871	0.00493	0.04213	0.00811	0.01037	0.01387	0.04608	0.67839	0.03325	0.07513	0.00835	0.00238	0.00358	0.02761	0.00476	0.00445
79	0.00646	0.00544	0.00560	0.00556	0.00732	0.00458	0.00417	0.00793	0.01252	0.01517	0.12309	0.05056	0.70656	0.01334	0.00634	0.00180	0.00270	0.01117	0.00507	0.00458
80	0.84927	0.01038	0.00789	0.00706	0.01038	0.01204	0.00581	0.01578	0.00914	0.02408	0.00747	0.00872	0.00581	0.00498	0.00332	0.00166	0.00415	0.00291	0.00332	0.00581
81	0.00654	0.00467	0.00623	0.00747	0.00779	0.00436	0.00498	0.00747	0.01028	0.01370	0.02959	0.80785	0.03550	0.01682	0.00685	0.00218	0.00311	0.01526	0.00498	0.00436
82	0.00769	0.00568	0.00828	0.00828	0.00912	0.00652	0.00628	0.00937	0.00853	0.01221	0.01469	0.02283	0.01417	0.13570	0.69567	0.00820	0.01324	0.00601	0.00292	0.00460
83	0.01182	0.02040	0.36659	0.01936	0.02591	0.01308	0.42939	0.01711	0.01207	0.01711	0.01031	0.01308	0.00755	0.00478	0.00578	0.00176	0.00855	0.00528	0.00252	0.00755
84	0.01077	0.02777	0.78354	0.01530	0.02323	0.01247	0.01983	0.01700	0.01133	0.01700	0.00963	0.01133	0.00680	0.00510	0.00510	0.00170	0.00793	0.00397	0.00227	0.00793
85	0.76985	0.01080	0.00868	0.00772	0.01079	0.02843	0.00635	0.01568	0.00919	0.02303	0.00746	0.00896	0.00593	0.00532	0.00442	0.00171	0.06358	0.00305	0.00324	0.00583
86	0.01442	0.01206	0.01274	0.01114	0.01437	0.01385	0.00876	0.13965	0.65530	0.02418	0.02049	0.01894	0.01528	0.00716	0.00545	0.00179	0.00450	0.00588	0.00545	0.00859
87	0.01174	0.01174	0.01644	0.01409	0.01409	0.01644	0.01174	0.01292	0.00822	0.01292	0.00705	0.01174	0.00705	0.00940	0.01762	0.00235	0.80153	0.00470	0.00235	0.00587
88	0.01795	0.05275	0.01466	0.01214	0.01520	0.42277	0.00944	0.17571	0.07952	0.03600	0.08311	0.01512	0.02946	0.00654	0.00513	0.00150	0.00734	0.00474	0.00394	0.00697
89	0.00773	0.00557	0.00689	0.00651	0.00798	0.00501	0.00490	0.00996	0.01448	0.03990	0.57956	0.04234	0.22628	0.01150	0.00631	0.00172	0.00263	0.00999	0.00570	0.00504
90	0.00911	0.00633	0.00863	0.00768	0.00941	0.00588	0.03613	0.01209	0.04226	0.07510	0.62092	0.03744	0.08711	0.01042	0.00623	0.00170	0.00302	0.00922	0.00576	0.00554
91	0.01435	0.81458	0.02813	0.00918	0.01378	0.02124	0.00918	0.01607	0.01091	0.01263	0.00746	0.00861	0.00689	0.00459	0.00344	0.00115	0.00574	0.00287	0.00230	0.00689
92	0.00634	0.00544	0.00544	0.00544	0.00725	0.00453	0.00408	0.00770	0.01224	0.01450	0.05438	0.05166	0.77569	0.01359	0.00634	0.00181	0.00272	0.01133	0.00498	0.00453
93	0.01113	0.00954	0.01113	0.00795	0.01272	0.00716	0.00636	0.01352	0.01113	0.01749	0.00954	0.01113	0.00795	0.00398	0.00398	0.00080	0.00398	0.00318	0.00318	0.84417
94	0.01238	0.16878	0.30573	0.01330	0.01809	0.07434	0.07973	0.05229	0.01191	0.01584	0.01148	0.07250	0.01039	0.04468	0.00708	0.00185	0.06709	0.02285	0.00282	0.00689
95	0.01001	0.00500	0.00500	0.00500	0.00625	0.00500	0.00375	0.01251	0.01126	0.02001	0.01751	0.02001	0.01376	0.00625	0.00375	0.00125	0.00250	0.00500	0.84115	0.00500
96	0.01187	0.01144	0.01985	0.36731	0.41231	0.01244	0.05674	0.01531	0.01160	0.01585	0.00990	0.01380	0.00789	0.00502	0.00539	0.00169	0.00687	0.00486	0.00254	0.00732
97	0.02265	0.00986	0.01271	0.00992	0.01396	0.00917	0.00814	0.08471	0.09616	0.64149	0.02059	0.01803	0.01329	0.00670	0.00540	0.00167	0.00464	0.00542	0.00642	0.00907
98	0.01174	0.01174	0.01644	0.01409	0.01409	0.01644	0.01174	0.01292	0.00822	0.01292	0.00705	0.01174	0.00705	0.00940	0.01762	0.00235	0.80153	0.00470	0.00235	0.00587
99	0.01174	0.01174	0.01644	0.01409	0.01409	0.01644	0.01174	0.01292	0.00822	0.01292	0.00705	0.01174	0.00705	0.00940	0.01762	0.00235	0.80153	0.00470	0.00235	0.00587
100	0.01113	0.00954	0.01113	0.00795	0.01272	0.00716	0.00636	0.01352	0.01113	0.01749	0.00954	0.01113	0.00795	0.00398	0.00398	0.00080	0.00398	0.00318	0.00318	0.84417
101	0.01886	0.01872	0.01573	0.11979	0.01939	0.34095	0.01091	0.34817	0.01905	0.02240	0.01050	0.01173	0.00793	0.00591	0.00515	0.00154	0.00766	0.00425	0.00387	0.00748
102	0.00634	0.00544	0.00544	0.00544	0.00725	0.00453	0.00408	0.00770	0.01224	0.01450	0.05438	0.05166	0.77569	0.01359	0.00634	0.00181	0.00272	0.01133	0.00498	0.00453
103	0.02005	0.02558	0.01521	0.01383	0.01659	0.78980	0.01037	0.02143	0.01521	0.01314	0.00830	0.00968	0.00691	0.00553	0.00484	0.00138	0.00968	0.00346	0.00277	0.00622
104	0.02237	0.04957	0.03360	0.00977	0.01392	0.00904	0.00831	0.06359	0.01532	0.65274	0.01976	0.03174	0.01299	0.00742	0.02276	0.00180	0.00498	0.00539	0.00613	0.00881
105	0.02284	0.00916	0.01226	0.00954	0.01352	0.00814	0.00783	0.02576	0.06285	0.70758	0.04712	0.01913	0.01477	0.00683	0.00543	0.00167	0.00448	0.00559	0.00654	0.00896
106	0.00742	0.00549	0.00693	0.00661	0.00796	0.00500	0.00499	0.00977	0.01467	0.02030	0.64547	0.04236	0.16464	0.01147	0.00636	0.00172	0.00261	0.02550	0.00574	0.00498
107	0.02795	0.11478	0.45249	0.01818	0.17446	0.06265	0.04311	0.01705	0.01172	0.01650	0.00939	0.01137	0.00719	0.00498	0.00495	0.00160	0.00744	0.00404	0.00242	0.00776
108	0.00654	0.00467	0.00623	0.00747	0.00779	0.00436	0.00498	0.00747	0.01028	0.01370	0.02959	0.80785	0.03550	0.01682	0.00685	0.00218	0.00311	0.01526	0.00498	0.00436
109	0.00664	0.00482	0.00627	0.00725	0.00777	0.00445	0.00492	0.00777	0.01095	0.01459	0.11066	0.67000	0.09217	0.01596	0.00676	0.00210	0.00302	0.01438	0.00508	0.00445
110	0.01198	0.01142	0.01943	0.34989	0.47111	0.01241	0.01583	0.01533	0.01161	0.01595	0.00987	0.01371	0.00794	0.00502	0.00534	0.00167	0.00670	0.00478	0.00254	0.00745
111	0.01309	0.01521	0.12901	0.09479	0.11312	0.01275	0.44804	0.01743	0.01246	0.07374	0.01125	0.01418	0.00829	0.00487	0.00589	0.00176	0.00808	0.00562	0.00291	0.00750
112	0.65895	0.00982	0.00854	0.00742	0.01072	0.01088	0.00608	0.01697	0.01055	0.14113	0.06669	0.01253	0.01031	0.00569	0.00387	0.00166	0.00410	0.00380	0.00403	0.00627
113	0.00642	0.00546	0.00555	0.00557	0.00736	0.00458	0.00421	0.00783	0.01229	0.01465	0.06535	0.05169	0.74564	0.01358	0.00637	0.00183	0.00277	0.02931	0.00500	0.00455
114	0.01321	0.01084	0.01411	0.18141	0.12487	0.01198	0.01068	0.15628	0.21256	0.04302	0.07119	0.02125	0.07707	0.00727	0.00557	0.00174	0.00525	0.01982	0.00441	0.00746
115	0.01235	0.13427	0.39396	0.01472	0.09769	0.01305	0.01473	0.04262	0.05535	0.05510	0.07133	0.01518	0.02834	0.00597	0.00531	0.00163	0.02286	0.00474	0.00316	0.00763
116	0.00681	0.00483	0.00630	0.00727	0.00763	0.00455	0.00485	0.00778	0.01038	0.01393	0.08348	0.64258	0.03460	0.11259	0.00930	0.00252	0.00336	0.02809	0.00484	0.00429
117	0.23630	0.14102	0.03094	0.02860	0.06793	0.34855	0.00969	0.05079	0.01302	0.01723	0.00833	0.00978	0.00683	0.00522	0.00430	0.00146	0.00714	0.00341	0.00293	0.00653
118	0.00712	0.00547	0.00651	0.00625	0.00773	0.00486	0.00469	0.00920	0.01406	0.01884	0.49948	0.04452	0.32788	0.01198	0.00634	0.00174	0.00260	0.01033	0.00556	0.00486
119	0.02856	0.03746	0.39631	0.01659	0.03713	0.01227	0.24647	0.01605	0.01181	0.01715	0.06976	0.01530	0.01109	0.03317	0.00658	0.00185	0.02717	0.00527	0.00276	0.00723
120	0.01102	0.00942	0.01101	0.00794	0.01260	0.00709	0.00633	0.01337	0.01111	0.01740	0.01002	0.03035	0.00862	0.00429	0.00404	0.00083	0.00395	0.00347	0.00322	0.82391
121	0.00786	0.00586	0.00828	0.00819	0.00888	0.00674	0.00609	0.00930	0.00842	0.01199	0.01469	0.02405	0.01461	0.22223	0.57800	0.00756	0.04364	0.00620	0.00294	0.00447
122	0.01476	0.68035	0.02556	0.00967	0.01389	0.11940	0.00915	0.01642	0.01148	0.01275	0.00898	0.02541	0.02341	0.00514	0.00375	0.00121	0.00613	0.00337	0.00247	0.00670
123	0.01103	0.08629	0.72735	0.01484	0.02253	0.01312	0.01904	0.01693	0.01130	0.01667	0.00947	0.01113	0.00681	0.00506	0.00498	0.00166	0.00777	0.00389	0.00227	0.00786
124	0.01408	0.65334	0.14488	0.01036	0.01539	0.05784	0.01090	0.01648	0.01119	0.01333	0.00784	0.00909	0.00688	0.00472	0.00377	0.00125	0.00628	0.00307	0.00231	0.00702
125	0.01332	0.02888	0.14895	0.06843	0.02084	0.03194	0.24644	0.01859	0.11174	0.12238	0.03159	0.08369	0.01345	0.00683	0.00580	0.00180	0.00668	0.02751	0.00383	0.00731
126	0.62825	0.01009	0.00908	0.03966	0.01163	0.01194	0.00674	0.03145	0.00974	0.02234	0.02431	0.01085	0.00759	0.00572	0.00506	0.00171	0.08890	0.00351	0.06560	0.00582
127	0.01335	0.01153	0.01214	0.01092	0.01396	0.01335	0.00850	0.02852	0.76817	0.02245	0.02185	0.02003	0.01639	0.00728	0.00546	0.00182	0.00425	0.00607	0.00546	0.00850
128	0.84927	0.01038	0.00789	0.00706	0.01038	0.01204	0.00581	0.01578	0.00914	0.02408	0.00747	0.00872	0.00581	0.00498	0.00332	0.00166	0.00415	0.00291	0.00332	0.00581
129	0.01252	0.39208	0.29609	0.01307	0.01877	0.01638	0.11116	0.01619	0.01122	0.01480	0.00938	0.03033	0.00787	0.00585	0.02187	0.00162	0.00708	0.00408	0.00242	0.00720
130	0.00654	0.00467	0.00623	0.00747	0.00779	0.00436	0.00498	0.00747	0.01028	0.01370	0.02959	0.80785	0.03550	0.01682	0.00685	0.00218	0.00311	0.01526	0.00498	0.00436
131	0.01014	0.00954	0.01610	0.79845	0.03697	0.01193	0.01491	0.01371	0.01073	0.01371	0.00954	0.01431	0.00716	0.00537	0.00537	0.00179	0.00716	0.00477	0.00239	0.00596
132	0.00767	0.00575	0.00863	0.00863	0.00959	0.00671	0.00671	0.00959	0.00863	0.01246	0.01438	0.02109	0.01342	0.04026	0.79008	0.00863	0.01438	0.00575	0.00288	0.00479
133	0.00738	0.00542	0.00691	0.00666	0.00792	0.00495	0.00495	0.00966	0.01450	0.02017	0.64006	0.09772	0.13030	0.01169	0.00637	0.00174	0.00260	0.01030	0.00574	0.00495
134	0.01267	0.01448	0.03167	0.02262	0.02805	0.01357	0.75837	0.01719	0.01267	0.01719	0.01086	0.01448	0.00814	0.00452	0.00633	0.00181	0.00905	0.00633	0.00271	0.00724

[dist]
# distance from previous block
# <min> <max>
0	5

[block]
# block no. 1 follows, 45 sequences, length 53
# corresponding to MSA columns:
# 375-427
name=unknown_B
#
# <colnr> <probs for GDERKNQSTAVLIFYWHMCP>
#	G	D	E	R	K	N	Q	S	T	A	V	L	I	F	Y	W	H	M	C	P
0	0.00841	0.00600	0.00837	0.00961	0.01074	0.00597	0.00823	0.01070	0.01212	0.01579	0.02856	0.14704	0.03143	0.01506	0.00735	0.00244	0.00473	0.65766	0.00495	0.00488
1	0.01981	0.00859	0.01135	0.00910	0.01257	0.00778	0.00737	0.02309	0.07933	0.56204	0.17498	0.02287	0.02117	0.00758	0.00559	0.00168	0.00413	0.00633	0.00639	0.00825
2	0.00763	0.00551	0.00723	0.00686	0.00813	0.00510	0.00519	0.01016	0.01510	0.02134	0.74907	0.04081	0.04996	0.01111	0.00637	0.00172	0.00262	0.03517	0.00588	0.00506
3	0.01392	0.01273	0.01240	0.01117	0.01418	0.07953	0.00866	0.02792	0.70399	0.02166	0.02069	0.01915	0.01558	0.00713	0.00541	0.00178	0.00471	0.00585	0.00523	0.00830
4	0.01379	0.01167	0.01234	0.01097	0.01404	0.01342	0.00856	0.09038	0.68725	0.02322	0.02126	0.03771	0.01621	0.00743	0.00549	0.00181	0.00436	0.00618	0.00544	0.00845
5	0.00907	0.00790	0.01121	0.01037	0.01119	0.02730	0.03389	0.01072	0.00889	0.01273	0.01345	0.07184	0.01331	0.06875	0.46156	0.00606	0.20760	0.00620	0.00290	0.00507
6	0.01843	0.10760	0.01607	0.01249	0.01557	0.51795	0.00976	0.13622	0.01632	0.01706	0.07428	0.01266	0.01099	0.00604	0.00490	0.00142	0.00805	0.00414	0.00339	0.00665
7	0.01372	0.01171	0.01234	0.01100	0.01410	0.01352	0.00858	0.06623	0.72987	0.02304	0.02139	0.01966	0.01601	0.00724	0.00546	0.00181	0.00433	0.00601	0.00546	0.00853
8	0.02030	0.01538	0.01612	0.01283	0.03374	0.05451	0.01031	0.69180	0.02425	0.04772	0.01277	0.01285	0.00909	0.00637	0.00534	0.00160	0.00608	0.00478	0.00521	0.00897
9	0.00658	0.00492	0.00612	0.00694	0.00768	0.00446	0.00478	0.00775	0.01115	0.01456	0.09890	0.56606	0.20942	0.01557	0.00669	0.00205	0.00297	0.01387	0.00506	0.00446
10	0.01105	0.00954	0.01152	0.07029	0.01463	0.00753	0.00703	0.01353	0.01110	0.01719	0.00954	0.01138	0.00789	0.00409	0.00409	0.00087	0.00423	0.00331	0.00312	0.77807
11	0.01575	0.00764	0.00994	0.00827	0.01102	0.00696	0.00656	0.05441	0.01515	0.37171	0.29086	0.02879	0.08476	0.02801	0.03358	0.00200	0.00413	0.00742	0.00599	0.00705
12	0.03813	0.05752	0.13129	0.01071	0.01553	0.01147	0.00998	0.20912	0.01609	0.25555	0.02945	0.01419	0.01047	0.00580	0.00494	0.00147	0.00533	0.00451	0.00467	0.16379
13	0.01145	0.04101	0.55729	0.01851	0.11958	0.01286	0.13022	0.01694	0.01164	0.01700	0.00983	0.01199	0.00722	0.00496	0.00528	0.00169	0.00786	0.00440	0.00238	0.00788
14	0.01014	0.00954	0.01610	0.79845	0.03697	0.01193	0.01491	0.01371	0.01073	0.01371	0.00954	0.01431	0.00716	0.00537	0.00537	0.00179	0.00716	0.00477	0.00239	0.00596
15	0.00815	0.00635	0.00975	0.01070	0.07507	0.00722	0.00754	0.01017	0.00893	0.01289	0.01401	0.02042	0.01300	0.03724	0.72319	0.00803	0.01370	0.00567	0.00286	0.00511
16	0.03618	0.01384	0.10082	0.22526	0.20207	0.07774	0.08581	0.01697	0.01230	0.10678	0.01269	0.02764	0.02198	0.00589	0.00543	0.00171	0.00686	0.02963	0.00320	0.00721
17	0.01658	0.02051	0.07546	0.06793	0.03582	0.41624	0.11267	0.05544	0.07852	0.01588	0.01018	0.01198	0.00804	0.00572	0.00581	0.00159	0.04741	0.00435	0.00303	0.00684
18	0.73628	0.00986	0.00787	0.00701	0.01020	0.01123	0.00574	0.01602	0.00963	0.06179	0.00902	0.01016	0.00687	0.00517	0.00346	0.00163	0.00403	0.00321	0.07490	0.00591
19	0.01239	0.01188	0.02032	0.21761	0.57080	0.01243	0.03002	0.01567	0.01187	0.01655	0.01075	0.01422	0.02150	0.00507	0.00536	0.00165	0.00655	0.00492	0.00263	0.00779
20	0.00756	0.00549	0.00712	0.00671	0.00800	0.00505	0.00503	0.01006	0.01510	0.02131	0.75305	0.04045	0.07277	0.01105	0.00633	0.00169	0.00254	0.00976	0.00588	0.00505
21	0.01267	0.01448	0.03167	0.02262	0.02805	0.01357	0.75837	0.01719	0.01267	0.01719	0.01086	0.01448	0.00814	0.00452	0.00633	0.00181	0.00905	0.00633	0.00271	0.00724
22	0.00731	0.00544	0.00680	0.00655	0.00786	0.00493	0.00488	0.00954	0.01439	0.01981	0.60154	0.08241	0.18518	0.01177	0.00636	0.00174	0.00260	0.01030	0.00569	0.00493
23	0.02037	0.01327	0.01479	0.01154	0.01565	0.01426	0.00947	0.50328	0.11488	0.20181	0.01587	0.01499	0.01097	0.00659	0.00539	0.00165	0.00540	0.00511	0.00567	0.00905
24	0.00653	0.00470	0.00620	0.00741	0.00777	0.00437	0.00495	0.00748	0.01034	0.01373	0.03040	0.78289	0.05993	0.01671	0.00683	0.00217	0.00310	0.01513	0.00498	0.00437
25	0.00760	0.00549	0.00718	0.00675	0.00802	0.00506	0.00506	0.01013	0.01519	0.02153	0.77503	0.04010	0.05065	0.01097	0.00633	0.00169	0.00253	0.00971	0.00591	0.00506
26	0.00932	0.00466	0.00699	0.00699	0.00699	0.00466	0.00466	0.00699	0.00699	0.00932	0.00932	0.01632	0.00932	0.01865	0.02098	0.84382	0.00466	0.00466	0.00233	0.00233
27	0.02005	0.02558	0.01521	0.01383	0.01659	0.78980	0.01037	0.02143	0.01521	0.01314	0.00830	0.00968	0.00691	0.00553	0.00484	0.00138	0.00968	0.00346	0.00277	0.00622
28	0.02084	0.01434	0.01568	0.01202	0.01630	0.01561	0.00993	0.67286	0.02407	0.12260	0.01387	0.01353	0.00962	0.00647	0.00537	0.00162	0.00575	0.00490	0.00552	0.00913
29	0.01014	0.00954	0.01610	0.79845	0.03697	0.01193	0.01491	0.01371	0.01073	0.01371	0.00954	0.01431	0.00716	0.00537	0.00537	0.00179	0.00716	0.00477	0.00239	0.00596
30	0.01787	0.25065	0.05882	0.01267	0.03034	0.37832	0.01060	0.14923	0.01548	0.01691	0.00897	0.01009	0.00732	0.00539	0.00455	0.00138	0.00773	0.00358	0.00306	0.00706
31	0.01141	0.02691	0.73200	0.01510	0.02279	0.01275	0.01919	0.06690	0.01227	0.01813	0.00985	0.01144	0.00696	0.00519	0.00512	0.00169	0.00780	0.00402	0.00248	0.00801
32	0.01486	0.13797	0.01863	0.14887	0.14448	0.23800	0.03028	0.03245	0.08839	0.01529	0.01008	0.01228	0.00825	0.00572	0.00596	0.00159	0.07280	0.00427	0.00290	0.00693
33	0.02049	0.01489	0.01602	0.01228	0.01658	0.01644	0.01015	0.74242	0.02500	0.05171	0.01309	0.01302	0.00923	0.00645	0.00537	0.00161	0.00587	0.00485	0.00540	0.00913
34	0.01286	0.01118	0.04865	0.01299	0.06528	0.00979	0.12812	0.03993	0.01259	0.10161	0.10181	0.01615	0.01357	0.00588	0.00625	0.00142	0.07981	0.00504	0.00373	0.32334
35	0.13753	0.02016	0.05475	0.01300	0.01649	0.41660	0.06019	0.15840	0.01562	0.01898	0.00955	0.01134	0.00764	0.03059	0.00553	0.00163	0.00791	0.00399	0.00332	0.00677
36	0.01805	0.06555	0.01423	0.01050	0.01399	0.01298	0.00853	0.32898	0.11727	0.19942	0.03466	0.01783	0.01299	0.09382	0.00793	0.00203	0.02255	0.00543	0.00519	0.00809
37	0.06248	0.34605	0.38868	0.01217	0.01822	0.04498	0.01412	0.01687	0.01124	0.02862	0.00877	0.01013	0.00689	0.00493	0.00432	0.00146	0.00683	0.00346	0.00243	0.00734
38	0.01226	0.01155	0.01948	0.05326	0.64950	0.01158	0.01485	0.01516	0.01191	0.01689	0.01275	0.12200	0.01215	0.00645	0.00553	0.00168	0.00595	0.00622	0.00297	0.00786
39	0.00654	0.00467	0.00623	0.00747	0.00779	0.00436	0.00498	0.00747	0.01028	0.01370	0.02959	0.80785	0.03550	0.01682	0.00685	0.00218	0.00311	0.01526	0.00498	0.00436
40	0.01652	0.04361	0.03020	0.06820	0.05498	0.36527	0.11923	0.07851	0.02754	0.03001	0.01040	0.01245	0.02190	0.00599	0.00653	0.00162	0.09278	0.00448	0.00303	0.00677
41	0.01892	0.03653	0.01407	0.01314	0.12980	0.00976	0.00912	0.11657	0.01520	0.41380	0.01834	0.10839	0.01413	0.00732	0.00541	0.00164	0.00486	0.00619	0.00536	0.05145
42	0.00697	0.00498	0.00672	0.00797	0.00847	0.00473	0.00573	0.00822	0.01070	0.01418	0.02935	0.65544	0.03456	0.01641	0.00697	0.00224	0.00349	0.16342	0.00497	0.00448
43	0.02155	0.01079	0.01402	0.01074	0.01486	0.01035	0.04601	0.22248	0.01772	0.49973	0.02024	0.01845	0.05356	0.00686	0.00549	0.00166	0.00505	0.00562	0.00601	0.00879
44	0.01509	0.07286	0.22275	0.01379	0.04098	0.29259	0.01265	0.07402	0.06319	0.01638	0.01035	0.01216	0.00828	0.00866	0.07247	0.00217	0.04749	0.00413	0.00296	0.00703
45	0.00891	0.00620	0.00739	0.00715	0.00776	0.00650	0.00480	0.07244	0.00974	0.01313	0.01691	0.03255	0.01836	0.55791	0.15404	0.00530	0.00681	0.05649	0.00348	0.00413
46	0.00659	0.00480	0.00623	0.00736	0.00784	0.00444	0.00502	0.00762	0.01054	0.01386	0.03195	0.70978	0.10721	0.01644	0.00682	0.00215	0.00314	0.03885	0.00498	0.00440
47	0.00932	0.00466	0.00699	0.00699	0.00699	0.00466	0.00466	0.00699	0.00699	0.00932	0.00932	0.01632	0.00932	0.01865	0.02098	0.84382	0.00466	0.00466	0.00233	0.00233
48	0.06839	0.01148	0.04382	0.48368	0.10166	0.02704	0.07842	0.03408	0.04622	0.03915	0.01054	0.01400	0.00792	0.00536	0.00529	0.00175	0.00688	0.00481	0.00285	0.00667
49	0.01647	0.01928	0.01653	0.13742	0.18911	0.45274	0.01226	0.01898	0.03398	0.01444	0.00944	0.01182	0.00776	0.00647	0.02945	0.00173	0.00856	0.00409	0.00276	0.00671
50	0.84927	0.01038	0.00789	0.00706	0.01038	0.01204	0.00581	0.01578	0.00914	0.02408	0.00747	0.00872	0.00581	0.00498	0.00332	0.00166	0.00415	0.00291	0.00332	0.00581
51	0.79358	0.01140	0.00838	0.00751	0.01080	0.06428	0.00612	0.01616	0.00954	0.02335	0.00753	0.00878	0.00589	0.00502	0.00342	0.00164	0.00452	0.00294	0.00328	0.00584
52	0.01260	0.03819	0.01409	0.02300	0.01471	0.00939	0.08801	0.10535	0.02508	0.04779	0.03555	0.06713	0.01171	0.00567	0.00474	0.00121	0.00476	0.00493	0.02433	0.46176

[dist]
# distance from previous block
# <min> <max>
0	2

[block]
# block no. 2 follows, 45 sequences, length 176
# corresponding to MSA columns:
# 430-527,536-613
name=unknown_C
#
# <colnr> <probs for GDERKNQSTAVLIFYWHMCP>
#	G	D	E	R	K	N	Q	S	T	A	V	L	I	F	Y	W	H	M	C	P
0	0.06230	0.01335	0.01732	0.33496	0.26925	0.12545	0.01388	0.07018	0.01283	0.01693	0.00966	0.01288	0.00762	0.00526	0.00515	0.00165	0.00701	0.00448	0.00280	0.00704
1	0.15068	0.01298	0.01394	0.08916	0.01693	0.02714	0.00948	0.45288	0.03869	0.07998	0.01262	0.01318	0.00905	0.00612	0.00497	0.00163	0.00553	0.00458	0.04244	0.00804
2	0.01637	0.10299	0.01873	0.09735	0.25356	0.23318	0.01245	0.13254	0.03090	0.03745	0.01021	0.01207	0.00813	0.00539	0.00500	0.00151	0.00715	0.00425	0.00320	0.00754
3	0.00890	0.00734	0.02696	0.05389	0.01075	0.02601	0.00638	0.01196	0.07934	0.03485	0.30985	0.15924	0.08025	0.11843	0.00925	0.00229	0.01896	0.02525	0.00486	0.00523
4	0.01209	0.05879	0.01649	0.03310	0.01460	0.04338	0.01104	0.01349	0.00901	0.01343	0.00745	0.01149	0.00713	0.00828	0.01453	0.00206	0.61912	0.00438	0.00245	0.09769
5	0.00668	0.00486	0.00622	0.00712	0.00765	0.00453	0.00481	0.00771	0.01056	0.01395	0.06906	0.61065	0.12275	0.06754	0.02697	0.00246	0.00344	0.01381	0.00487	0.00436
6	0.00652	0.00536	0.00574	0.00582	0.00741	0.00458	0.00430	0.00799	0.01241	0.01531	0.14357	0.13011	0.60508	0.01360	0.00640	0.00184	0.00274	0.01154	0.00510	0.00458
7	0.01174	0.01174	0.01644	0.01409	0.01409	0.01644	0.01174	0.01292	0.00822	0.01292	0.00705	0.01174	0.00705	0.00940	0.01762	0.00235	0.80153	0.00470	0.00235	0.00587
8	0.02041	0.01504	0.01611	0.01235	0.01665	0.01665	0.01020	0.75997	0.02524	0.03383	0.01289	0.01289	0.00913	0.00644	0.00537	0.00161	0.00591	0.00483	0.00537	0.00913
9	0.00727	0.00549	0.00672	0.00645	0.00787	0.00494	0.00486	0.00947	0.01430	0.01943	0.55622	0.04378	0.25484	0.01179	0.00636	0.00174	0.00263	0.02532	0.00563	0.00491
10	0.00932	0.00466	0.00699	0.00699	0.00699	0.00466	0.00466	0.00699	0.00699	0.00932	0.00932	0.01632	0.00932	0.01865	0.02098	0.84382	0.00466	0.00466	0.00233	0.00233
11	0.04292	0.00901	0.01212	0.00937	0.01338	0.00787	0.00772	0.02523	0.01521	0.73128	0.05296	0.01897	0.01470	0.00679	0.00539	0.00166	0.00447	0.00552	0.00653	0.00888
12	0.02005	0.02558	0.01521	0.01383	0.01659	0.78980	0.01037	0.02143	0.01521	0.01314	0.00830	0.00968	0.00691	0.00553	0.00484	0.00138	0.00968	0.00346	0.00277	0.00622
13	0.00781	0.00520	0.00585	0.00585	0.00585	0.00520	0.00325	0.00781	0.00781	0.01041	0.01691	0.03513	0.01952	0.81135	0.02732	0.00520	0.00520	0.00781	0.00325	0.00325
14	0.01267	0.01448	0.03167	0.02262	0.02805	0.01357	0.75837	0.01719	0.01267	0.01719	0.01086	0.01448	0.00814	0.00452	0.00633	0.00181	0.00905	0.00633	0.00271	0.00724
15	0.01335	0.01153	0.01214	0.01092	0.01396	0.01335	0.00850	0.02852	0.76817	0.02245	0.02185	0.02003	0.01639	0.00728	0.00546	0.00182	0.00425	0.00607	0.00546	0.00850
16	0.01928	0.01442	0.01544	0.01209	0.01616	0.01603	0.00990	0.65486	0.11929	0.03206	0.01430	0.02676	0.01048	0.00672	0.00541	0.00165	0.00565	0.00516	0.00538	0.00897
17	0.01454	0.03003	0.01485	0.08267	0.03993	0.03275	0.05335	0.12967	0.44665	0.05194	0.01794	0.01828	0.01356	0.00679	0.00547	0.00176	0.00528	0.02157	0.00483	0.00814
18	0.01885	0.02016	0.01529	0.01389	0.05115	0.43751	0.01033	0.21527	0.12879	0.02012	0.01158	0.01221	0.00896	0.00599	0.00509	0.00152	0.00774	0.00426	0.00384	0.00742
19	0.02005	0.02558	0.01521	0.01383	0.01659	0.78980	0.01037	0.02143	0.01521	0.01314	0.00830	0.00968	0.00691	0.00553	0.00484	0.00138	0.00968	0.00346	0.00277	0.00622
20	0.00656	0.00545	0.00574	0.00566	0.00738	0.00462	0.00425	0.00812	0.01274	0.01570	0.17769	0.04968	0.65162	0.01315	0.00634	0.00179	0.00269	0.01105	0.00514	0.00462
21	0.00634	0.00544	0.00544	0.00544	0.00725	0.00453	0.00408	0.00770	0.01224	0.01450	0.05438	0.05166	0.77569	0.01359	0.00634	0.00181	0.00272	0.01133	0.00498	0.00453
22	0.00768	0.00515	0.00589	0.00602	0.00605	0.00512	0.00343	0.00777	0.00805	0.01074	0.01818	0.11256	0.02112	0.73173	0.02527	0.00490	0.00499	0.00855	0.00343	0.00336
23	0.84927	0.01038	0.00789	0.00706	0.01038	0.01204	0.00581	0.01578	0.00914	0.02408	0.00747	0.00872	0.00581	0.00498	0.00332	0.00166	0.00415	0.00291	0.00332	0.00581
24	0.09234	0.02151	0.01570	0.01378	0.01633	0.55939	0.05382	0.01941	0.01348	0.01432	0.00819	0.01018	0.00691	0.00600	0.00670	0.00158	0.12766	0.00376	0.00275	0.00619
25	0.01083	0.01024	0.01735	0.63077	0.19926	0.01211	0.01525	0.01432	0.01106	0.01455	0.00966	0.01409	0.00745	0.00524	0.00536	0.00175	0.00699	0.00477	0.00244	0.00652
26	0.00932	0.00466	0.00699	0.00699	0.00699	0.00466	0.00466	0.00699	0.00699	0.00932	0.00932	0.01632	0.00932	0.01865	0.02098	0.84382	0.00466	0.00466	0.00233	0.00233
27	0.01014	0.00954	0.01610	0.79845	0.03697	0.01193	0.01491	0.01371	0.01073	0.01371	0.00954	0.01431	0.00716	0.00537	0.00537	0.00179	0.00716	0.00477	0.00239	0.00596
28	0.01165	0.01162	0.01642	0.05986	0.01543	0.01618	0.01193	0.01296	0.00837	0.01296	0.00719	0.01189	0.00705	0.00916	0.01690	0.00232	0.75517	0.00470	0.00235	0.00588
29	0.00653	0.00469	0.00621	0.00742	0.00777	0.00436	0.00496	0.00748	0.01033	0.01373	0.03030	0.78601	0.05687	0.01672	0.00684	0.00217	0.00310	0.01515	0.00498	0.00436
30	0.03169	0.00570	0.00739	0.00875	0.05277	0.00545	0.00571	0.02008	0.01109	0.01507	0.08118	0.51296	0.11474	0.06114	0.00776	0.00224	0.00349	0.04329	0.00477	0.00474
31	0.84927	0.01038	0.00789	0.00706	0.01038	0.01204	0.00581	0.01578	0.00914	0.02408	0.00747	0.00872	0.00581	0.00498	0.00332	0.00166	0.00415	0.00291	0.00332	0.00581
32	0.01110	0.07684	0.67180	0.01502	0.02221	0.01329	0.03699	0.01671	0.01116	0.01649	0.00937	0.01126	0.00685	0.00530	0.00575	0.00171	0.05413	0.00400	0.00228	0.00773
33	0.01249	0.01079	0.01659	0.51477	0.04595	0.02745	0.06739	0.10737	0.03147	0.05585	0.03686	0.01584	0.02223	0.00586	0.00548	0.00175	0.00675	0.00520	0.00324	0.00668
34	0.01396	0.65969	0.12242	0.01070	0.01570	0.03795	0.04601	0.01637	0.01115	0.01340	0.00791	0.00925	0.00694	0.00467	0.00382	0.00125	0.00626	0.00319	0.00232	0.00702
35	0.00741	0.00504	0.00597	0.00637	0.00647	0.00494	0.00380	0.00770	0.00859	0.01145	0.02092	0.27943	0.02457	0.56015	0.02085	0.00425	0.00454	0.01016	0.00380	0.00360
36	0.00932	0.00466	0.00699	0.00699	0.00699	0.00466	0.00466	0.00699	0.00699	0.00932	0.00932	0.01632	0.00932	0.01865	0.02098	0.84382	0.00466	0.00466	0.00233	0.00233
37	0.01083	0.02733	0.75879	0.01554	0.02339	0.01250	0.04414	0.01701	0.01138	0.01701	0.00967	0.01144	0.00684	0.00508	0.00514	0.00170	0.00797	0.00404	0.00228	0.00791
38	0.01134	0.01124	0.01628	0.31106	0.02282	0.03339	0.01291	0.01343	0.00934	0.01323	0.00802	0.01267	0.00708	0.00778	0.01267	0.00211	0.48166	0.00470	0.00237	0.00591
39	0.00732	0.00543	0.00688	0.00672	0.00791	0.00509	0.00496	0.00935	0.01330	0.01829	0.48286	0.09481	0.17028	0.05523	0.08509	0.00261	0.00392	0.00990	0.00525	0.00480
40	0.84927	0.01038	0.00789	0.00706	0.01038	0.01204	0.00581	0.01578	0.00914	0.02408	0.00747	0.00872	0.00581	0.00498	0.00332	0.00166	0.00415	0.00291	0.00332	0.00581
41	0.84927	0.01038	0.00789	0.00706	0.01038	0.01204	0.00581	0.01578	0.00914	0.02408	0.00747	0.00872	0.00581	0.00498	0.00332	0.00166	0.00415	0.00291	0.00332	0.00581
42	0.00856	0.00584	0.00665	0.00623	0.00814	0.00503	0.00475	0.01031	0.01337	0.09748	0.24616	0.04500	0.49862	0.01215	0.00624	0.00176	0.00286	0.01026	0.00541	0.00516
43	0.01435	0.81458	0.02813	0.00918	0.01378	0.02124	0.00918	0.01607	0.01091	0.01263	0.00746	0.00861	0.00689	0.00459	0.00344	0.00115	0.00574	0.00287	0.00230	0.00689
44	0.00675	0.00547	0.00600	0.00592	0.00756	0.00472	0.00447	0.00847	0.01306	0.01650	0.25469	0.04866	0.55453	0.01290	0.00637	0.00179	0.00272	0.02948	0.00524	0.00469
45	0.01821	0.01234	0.01348	0.01064	0.01422	0.01341	0.00871	0.53348	0.02117	0.08769	0.01442	0.01497	0.01048	0.00811	0.04416	0.00190	0.00562	0.00495	0.15385	0.00818
46	0.00680	0.00484	0.00643	0.00750	0.00785	0.00465	0.00508	0.00778	0.01005	0.01343	0.02752	0.66262	0.03260	0.08897	0.05440	0.00284	0.00403	0.04359	0.00470	0.00431
47	0.01807	0.29759	0.03127	0.00954	0.01364	0.01334	0.00848	0.02188	0.11694	0.35234	0.03341	0.01629	0.03217	0.00625	0.00475	0.00150	0.00491	0.00481	0.00479	0.00801
48	0.01113	0.00954	0.01113	0.00795	0.01272	0.00716	0.00636	0.01352	0.01113	0.01749	0.00954	0.01113	0.00795	0.00398	0.00398	0.00080	0.00398	0.00318	0.00318	0.84417
49	0.01896	0.01308	0.01445	0.01133	0.01513	0.01428	0.00930	0.58238	0.02202	0.09777	0.01403	0.01453	0.01016	0.00954	0.07708	0.00224	0.00636	0.00498	0.05387	0.00849
50	0.02041	0.01504	0.01611	0.01235	0.01665	0.01665	0.01020	0.75997	0.02524	0.03383	0.01289	0.01289	0.00913	0.00644	0.00537	0.00161	0.00591	0.00483	0.00537	0.00913
51	0.00781	0.00520	0.00585	0.00585	0.00585	0.00520	0.00325	0.00781	0.00781	0.01041	0.01691	0.03513	0.01952	0.81135	0.02732	0.00520	0.00520	0.00781	0.00325	0.00325
