[name]
unknown

[dist]
# distance from previous block
# <min> <max>
18	98

[block]
# block no. 0 follows, 44 sequences, length 13
# corresponding to MSA columns:
# 117-129
name=unknown_A
#
# <colnr> <probs for GDERKNQSTAVLIFYWHMCP>
#	G	D	E	R	K	N	Q	S	T	A	V	L	I	F	Y	W	H	M	C	P
0	0.02967	0.03729	0.10690	0.01046	0.01410	0.07493	0.02369	0.09352	0.02555	0.14288	0.05107	0.06826	0.06977	0.05308	0.03016	0.00202	0.03685	0.00606	0.00423	0.11950
1	0.02842	0.13847	0.21376	0.08132	0.01970	0.01439	0.08146	0.08271	0.02991	0.05859	0.02523	0.01336	0.00901	0.00748	0.03117	0.01813	0.13198	0.00464	0.00308	0.00721
2	0.04463	0.29088	0.18770	0.01428	0.04395	0.06284	0.14125	0.04249	0.01229	0.03995	0.00949	0.01126	0.00754	0.00511	0.00513	0.00151	0.03269	0.00409	0.00276	0.04016
3	0.06727	0.04177	0.06216	0.00998	0.01361	0.10877	0.00828	0.05500	0.17136	0.04100	0.01478	0.05401	0.02411	0.06998	0.00666	0.00174	0.00532	0.00516	0.00392	0.23512
4	0.01235	0.01174	0.03865	0.05350	0.11143	0.10111	0.00921	0.01838	0.23213	0.04401	0.11902	0.08863	0.04993	0.07663	0.00760	0.00206	0.00523	0.00715	0.00444	0.00680
5	0.00665	0.00547	0.00584	0.00587	0.00752	0.00467	0.00436	0.00817	0.01273	0.01572	0.15919	0.10527	0.61238	0.01365	0.00648	0.00185	0.00276	0.01155	0.00520	0.00467
6	0.01006	0.00947	0.01612	0.30402	0.02331	0.01083	0.14116	0.01274	0.01081	0.01464	0.06843	0.10591	0.01530	0.08837	0.03510	0.00250	0.11538	0.00700	0.00313	0.00571
7	0.01315	0.10345	0.02826	0.01919	0.02415	0.04915	0.55507	0.01705	0.01262	0.01698	0.01098	0.01411	0.00849	0.00476	0.00576	0.00166	0.00817	0.00569	0.06455	0.03678
8	0.00753	0.00557	0.00703	0.00666	0.00803	0.00506	0.00500	0.00992	0.01499	0.02081	0.66573	0.04246	0.15789	0.01154	0.00643	0.00173	0.00260	0.01010	0.00586	0.00506
9	0.01608	0.01115	0.01240	0.01077	0.01412	0.01228	0.00849	0.02841	0.59114	0.19770	0.02203	0.01993	0.01591	0.00725	0.00553	0.00181	0.00439	0.00601	0.00583	0.00878
10	0.03545	0.35217	0.17041	0.13690	0.07616	0.01628	0.03845	0.04388	0.01203	0.05783	0.00963	0.01146	0.00760	0.00509	0.00455	0.00149	0.00655	0.00392	0.00277	0.00737
11	0.13956	0.12925	0.04036	0.08171	0.20580	0.13785	0.02613	0.04242	0.01253	0.04527	0.02783	0.04047	0.00967	0.00590	0.00527	0.00161	0.03355	0.00460	0.00312	0.00709
12	0.14763	0.01110	0.05371	0.11645	0.03626	0.07202	0.03967	0.02667	0.01127	0.04375	0.01587	0.25122	0.01618	0.00970	0.02011	0.00196	0.05440	0.00759	0.00369	0.06076

[dist]
# distance from previous block
# <min> <max>
0	24

[block]
# block no. 1 follows, 44 sequences, length 17
# corresponding to MSA columns:
# 154-170
name=unknown_B
#
# <colnr> <probs for GDERKNQSTAVLIFYWHMCP>
#	G	D	E	R	K	N	Q	S	T	A	V	L	I	F	Y	W	H	M	C	P
0	0.01100	0.02711	0.72880	0.01546	0.02297	0.01293	0.01959	0.01699	0.01130	0.01699	0.00961	0.01154	0.00692	0.00547	0.00603	0.00177	0.06122	0.00408	0.00231	0.00792
1	0.01540	0.01369	0.09474	0.17933	0.14482	0.05353	0.01316	0.06496	0.02876	0.17625	0.01223	0.01421	0.00905	0.00645	0.00762	0.00182	0.14789	0.00484	0.00363	0.00761
2	0.01372	0.01528	0.09220	0.21453	0.23532	0.09419	0.16367	0.05048	0.01306	0.03999	0.01050	0.01356	0.00807	0.00520	0.00555	0.00170	0.00764	0.00497	0.00286	0.00749
3	0.00793	0.00529	0.00595	0.00595	0.00595	0.00529	0.00330	0.00793	0.00793	0.01057	0.01718	0.03568	0.01982	0.80840	0.02775	0.00529	0.00529	0.00793	0.00330	0.00330
4	0.01430	0.01242	0.05129	0.20477	0.24421	0.04859	0.07728	0.01786	0.03554	0.14594	0.05118	0.01674	0.02629	0.00601	0.00583	0.00172	0.02343	0.00541	0.00360	0.00757
5	0.01537	0.00885	0.01086	0.00927	0.01208	0.00866	0.00752	0.18045	0.01700	0.23742	0.21608	0.05120	0.08504	0.00976	0.00611	0.00182	0.00428	0.10523	0.00586	0.00715
6	0.00793	0.00529	0.00595	0.00595	0.00595	0.00529	0.00330	0.00793	0.00793	0.01057	0.01718	0.03568	0.01982	0.80840	0.02775	0.00529	0.00529	0.00793	0.00330	0.00330
7	0.00782	0.00585	0.00746	0.00799	0.00937	0.00549	0.00654	0.00997	0.01309	0.01705	0.20495	0.08474	0.23740	0.01391	0.00696	0.00214	0.00377	0.34534	0.00526	0.00491
8	0.03636	0.01599	0.15253	0.21827	0.07542	0.08390	0.17122	0.08919	0.01357	0.01809	0.03869	0.01546	0.03532	0.00578	0.00557	0.00173	0.00747	0.00528	0.00307	0.00711
9	0.04942	0.13815	0.14942	0.13774	0.24156	0.05074	0.03484	0.01795	0.09715	0.01700	0.01085	0.01302	0.00858	0.00530	0.00501	0.00162	0.00666	0.00446	0.00289	0.00763
10	0.00843	0.00672	0.00972	0.00936	0.01010	0.00818	0.00729	0.01009	0.00863	0.01255	0.01369	0.02121	0.01318	0.10244	0.60440	0.00749	0.13288	0.00586	0.00287	0.00490
11	0.63430	0.06244	0.03665	0.00857	0.01222	0.07400	0.00733	0.07731	0.01129	0.02344	0.00818	0.00936	0.00637	0.00521	0.00373	0.00163	0.00503	0.00319	0.00340	0.00635
12	0.01309	0.01254	0.02140	0.12978	0.68124	0.01285	0.01653	0.01638	0.01222	0.01732	0.01018	0.01362	0.00846	0.00493	0.00540	0.00164	0.00658	0.00486	0.00266	0.00831
13	0.01405	0.04391	0.32740	0.12665	0.12763	0.13385	0.01588	0.11391	0.01400	0.01837	0.00999	0.01208	0.00753	0.00540	0.00519	0.00165	0.00767	0.00426	0.00287	0.00771
14	0.00779	0.00584	0.00876	0.00876	0.00974	0.00681	0.00681	0.00974	0.00876	0.01266	0.01460	0.02142	0.01363	0.04089	0.78680	0.00876	0.01460	0.00584	0.00292	0.00487
15	0.10997	0.04099	0.01501	0.04338	0.01633	0.03351	0.00955	0.45509	0.08363	0.08094	0.01324	0.01337	0.00955	0.00622	0.00509	0.00161	0.00561	0.00466	0.00493	0.04733
16	0.12752	0.04693	0.01299	0.01068	0.01404	0.01417	0.00852	0.12339	0.53102	0.02413	0.01836	0.01731	0.01379	0.00685	0.00515	0.00177	0.00459	0.00542	0.00510	0.00827

[dist]
# distance from previous block
# <min> <max>
0	1

[block]
# block no. 2 follows, 44 sequences, length 55
# corresponding to MSA columns:
# 172-226
name=unknown_C
#
# <colnr> <probs for GDERKNQSTAVLIFYWHMCP>
#	G	D	E	R	K	N	Q	S	T	A	V	L	I	F	Y	W	H	M	C	P
0	0.01110	0.00991	0.01589	0.62126	0.07374	0.01153	0.01387	0.01483	0.03056	0.03823	0.01040	0.01439	0.00786	0.00535	0.00529	0.00169	0.00671	0.00472	0.00274	0.09993
1	0.01186	0.02590	0.67501	0.01677	0.08742	0.01244	0.01922	0.01771	0.01180	0.05716	0.01044	0.01205	0.00740	0.00523	0.00521	0.00172	0.00774	0.00418	0.00257	0.00817
2	0.01103	0.04879	0.76041	0.01538	0.02334	0.01290	0.01986	0.01724	0.01150	0.01715	0.00973	0.01144	0.00691	0.00517	0.00514	0.00171	0.00800	0.00400	0.00230	0.00803
3	0.00779	0.00584	0.00876	0.00876	0.00974	0.00681	0.00681	0.00974	0.00876	0.01266	0.01460	0.02142	0.01363	0.04089	0.78680	0.00876	0.01460	0.00584	0.00292	0.00487
4	0.03326	0.00688	0.00854	0.00802	0.01005	0.00641	0.00626	0.05043	0.01387	0.17965	0.17182	0.19208	0.17892	0.01202	0.00634	0.00193	0.00368	0.09829	0.00557	0.00598
5	0.01111	0.01086	0.01641	0.17889	0.01935	0.01435	0.04994	0.01304	0.00923	0.01351	0.00934	0.04372	0.00884	0.01112	0.07324	0.00272	0.50051	0.00536	0.00256	0.00591
6	0.01030	0.00969	0.01635	0.79530	0.03755	0.01211	0.01514	0.01393	0.01090	0.01393	0.00969	0.01453	0.00727	0.00545	0.00545	0.00182	0.00727	0.00484	0.00242	0.00606
7	0.00664	0.00474	0.00633	0.00759	0.00791	0.00443	0.00506	0.00759	0.01044	0.01392	0.03005	0.80485	0.03606	0.01708	0.00696	0.00221	0.00316	0.01550	0.00506	0.00443
8	0.61936	0.01135	0.04905	0.12028	0.01534	0.01218	0.00815	0.01674	0.04772	0.04417	0.00914	0.01066	0.00691	0.00529	0.00393	0.00172	0.00487	0.00351	0.00339	0.00627
9	0.00712	0.00555	0.00646	0.00623	0.00778	0.00489	0.00467	0.00913	0.01402	0.01850	0.43443	0.04625	0.39062	0.01240	0.00644	0.00177	0.00266	0.01063	0.00556	0.00489
10	0.00793	0.00529	0.00595	0.00595	0.00595	0.00529	0.00330	0.00793	0.00793	0.01057	0.01718	0.03568	0.01982	0.80840	0.02775	0.00529	0.00529	0.00793	0.00330	0.00330
11	0.03944	0.00877	0.01167	0.00925	0.01290	0.00779	0.00752	0.04039	0.01546	0.61295	0.12012	0.05388	0.01917	0.00772	0.00562	0.00171	0.00433	0.00641	0.00648	0.00846
12	0.07231	0.01195	0.01883	0.12416	0.48822	0.01226	0.01428	0.04852	0.01301	0.12691	0.01172	0.01401	0.00899	0.00529	0.00528	0.00166	0.00614	0.00482	0.00340	0.00824
13	0.02037	0.02598	0.01545	0.01404	0.01685	0.78652	0.01053	0.02177	0.01545	0.01334	0.00843	0.00983	0.00702	0.00562	0.00492	0.00140	0.00983	0.00351	0.00281	0.00632
14	0.00768	0.00565	0.00734	0.00815	0.00907	0.00547	0.00613	0.01001	0.04970	0.01623	0.14504	0.42033	0.07791	0.01499	0.00692	0.00217	0.00357	0.19352	0.00522	0.00491
15	0.01088	0.00638	0.00843	0.00869	0.04115	0.00576	0.00615	0.01260	0.01296	0.17486	0.17083	0.30365	0.16417	0.01265	0.00642	0.00193	0.00349	0.03771	0.00549	0.00580
16	0.01116	0.01058	0.01792	0.58827	0.23779	0.01234	0.01557	0.01469	0.01131	0.01498	0.00984	0.01425	0.00764	0.00529	0.00544	0.00176	0.00705	0.00485	0.00250	0.00676
17	0.02408	0.00919	0.01253	0.00963	0.01379	0.00795	0.00795	0.02620	0.01560	0.76088	0.03865	0.01906	0.01436	0.00685	0.00550	0.00169	0.00459	0.00558	0.00673	0.00918
18	0.02396	0.00917	0.01249	0.00961	0.01374	0.00793	0.00793	0.02608	0.01560	0.75545	0.04404	0.01922	0.01464	0.00688	0.00551	0.00169	0.00458	0.00561	0.00673	0.00915
19	0.01291	0.02362	0.58464	0.01501	0.02206	0.01181	0.07089	0.01836	0.01224	0.12577	0.01234	0.01483	0.00896	0.00577	0.00541	0.00176	0.00752	0.03496	0.00308	0.00805
20	0.01336	0.01431	0.01649	0.01427	0.01474	0.14718	0.01169	0.01459	0.00955	0.01316	0.00737	0.01157	0.00713	0.00888	0.01569	0.00222	0.66476	0.00456	0.00246	0.00602
21	0.01286	0.01458	0.03147	0.02307	0.05020	0.01384	0.71366	0.01733	0.01274	0.01736	0.01091	0.01460	0.00825	0.00473	0.00670	0.00185	0.02941	0.00634	0.00275	0.00736
22	0.01774	0.00781	0.01046	0.00883	0.01186	0.00689	0.00715	0.01981	0.01465	0.47610	0.13517	0.08533	0.08350	0.00952	0.00601	0.00182	0.00412	0.07951	0.00621	0.00753
23	0.00691	0.00494	0.00664	0.00790	0.00834	0.00466	0.00553	0.00806	0.01071	0.01422	0.02990	0.71032	0.03546	0.01682	0.00703	0.00225	0.00340	0.10734	0.00506	0.00450
24	0.01458	0.81168	0.02857	0.00933	0.01399	0.02157	0.00933	0.01632	0.01108	0.01283	0.00758	0.00875	0.00700	0.00466	0.00350	0.00117	0.00583	0.00292	0.00233	0.00700
25	0.01130	0.00969	0.01130	0.00807	0.01292	0.00727	0.00646	0.01373	0.01130	0.01776	0.00969	0.01130	0.00807	0.00404	0.00404	0.00081	0.00404	0.00323	0.00323	0.84173
26	0.06397	0.01159	0.01205	0.01073	0.01378	0.01334	0.00835	0.07185	0.64229	0.02310	0.02054	0.01984	0.01568	0.04056	0.00634	0.00197	0.00445	0.00597	0.00532	0.00828
27	0.02446	0.00928	0.01265	0.00970	0.01392	0.00801	0.00801	0.02657	0.01560	0.77817	0.02151	0.01856	0.01350	0.00675	0.00548	0.00169	0.00464	0.00548	0.00675	0.00928
28	0.00805	0.00682	0.03182	0.11947	0.01273	0.00630	0.00693	0.01075	0.01430	0.01980	0.56113	0.05218	0.10796	0.01051	0.00626	0.00175	0.00344	0.00923	0.00528	0.00530
29	0.01193	0.01193	0.01670	0.01431	0.01431	0.01670	0.01193	0.01312	0.00835	0.01312	0.00716	0.01193	0.00716	0.00954	0.01789	0.00239	0.79843	0.00477	0.00239	0.00596
30	0.84691	0.01054	0.00801	0.00717	0.01054	0.01223	0.00590	0.01603	0.00928	0.02446	0.00759	0.00886	0.00590	0.00506	0.00337	0.00169	0.00422	0.00295	0.00337	0.00590
31	0.00786	0.00587	0.00733	0.00691	0.00835	0.00550	0.00520	0.01093	0.05267	0.02105	0.64738	0.04112	0.13675	0.01128	0.00639	0.00174	0.00268	0.00987	0.00587	0.00525
32	0.01356	0.01171	0.01233	0.01109	0.01418	0.01356	0.00863	0.02897	0.76455	0.02281	0.02219	0.02034	0.01664	0.00740	0.00555	0.00185	0.00431	0.00616	0.00555	0.00863
33	0.01199	0.01221	0.03388	0.03366	0.04041	0.01036	0.32136	0.01544	0.01198	0.01754	0.01027	0.01287	0.00813	0.00435	0.00513	0.00130	0.00641	0.00467	0.00298	0.43504
34	0.00793	0.00529	0.00595	0.00595	0.00595	0.00529	0.00330	0.00793	0.00793	0.01057	0.01718	0.03568	0.01982	0.80840	0.02775	0.00529	0.00529	0.00793	0.00330	0.00330
35	0.01980	0.01457	0.01578	0.01235	0.01647	0.01608	0.01024	0.69859	0.02462	0.03296	0.01431	0.01683	0.01098	0.00720	0.00561	0.00170	0.00592	0.06160	0.00542	0.00894
36	0.01458	0.81168	0.02857	0.00933	0.01399	0.02157	0.00933	0.01632	0.01108	0.01283	0.00758	0.00875	0.00700	0.00466	0.00350	0.00117	0.00583	0.00292	0.00233	0.00700
37	0.00664	0.00474	0.00633	0.00759	0.00791	0.00443	0.00506	0.00759	0.01044	0.01392	0.03005	0.80485	0.03606	0.01708	0.00696	0.00221	0.00316	0.01550	0.00506	0.00443
38	0.01632	0.01308	0.01388	0.01165	0.01523	0.01485	0.00930	0.30953	0.47948	0.02726	0.01868	0.01754	0.01380	0.00707	0.00551	0.00177	0.00496	0.00568	0.00551	0.00888
39	0.01211	0.02135	0.47599	0.07919	0.02297	0.01196	0.08558	0.05151	0.01249	0.05516	0.01157	0.01497	0.00882	0.00570	0.00538	0.00171	0.00737	0.04120	0.00293	0.07204
40	0.01151	0.15156	0.66182	0.01456	0.02208	0.01406	0.01844	0.01712	0.01144	0.01657	0.00944	0.01107	0.00692	0.00510	0.00491	0.00164	0.00771	0.00385	0.00231	0.00789
41	0.01093	0.02820	0.78016	0.01554	0.02360	0.01266	0.02014	0.01727	0.01151	0.01727	0.00978	0.01151	0.00691	0.00518	0.00518	0.00173	0.00806	0.00403	0.00230	0.00806
42	0.00793	0.00529	0.00595	0.00595	0.00595	0.00529	0.00330	0.00793	0.00793	0.01057	0.01718	0.03568	0.01982	0.80840	0.02775	0.00529	0.00529	0.00793	0.00330	0.00330
43	0.01135	0.02556	0.64401	0.01739	0.08012	0.01280	0.07970	0.01752	0.02941	0.01745	0.01021	0.01213	0.00738	0.00516	0.00531	0.00173	0.00794	0.00434	0.00245	0.00806
44	0.03299	0.01002	0.01487	0.45071	0.04004	0.01133	0.01234	0.07104	0.05136	0.19523	0.01414	0.01757	0.01039	0.00633	0.00551	0.00180	0.00623	0.03698	0.00395	0.00717
45	0.01042	0.00782	0.01122	0.18407	0.03654	0.00858	0.00964	0.04949	0.01208	0.05217	0.02089	0.12523	0.02166	0.08876	0.00924	0.00248	0.04598	0.29396	0.00419	0.00557
46	0.00765	0.00553	0.00767	0.00786	0.00849	0.00606	0.00565	0.00894	0.00881	0.01232	0.01763	0.14509	0.01865	0.23353	0.47320	0.00687	0.01047	0.00785	0.00335	0.00440
47	0.01207	0.01010	0.01114	0.01058	0.01308	0.01142	0.00832	0.02385	0.56148	0.02083	0.02410	0.10180	0.02106	0.00966	0.00603	0.00200	0.00433	0.13515	0.00541	0.00760
48	0.84691	0.01054	0.00801	0.00717	0.01054	0.01223	0.00590	0.01603	0.00928	0.02446	0.00759	0.00886	0.00590	0.00506	0.00337	0.00169	0.00422	0.00295	0.00337	0.00590
49	0.00746	0.00540	0.00697	0.00711	0.00814	0.00502	0.00521	0.00943	0.01347	0.01856	0.45901	0.22524	0.09349	0.05200	0.00767	0.00207	0.00302	0.06035	0.00552	0.00484
50	0.03833	0.01085	0.01604	0.18077	0.24831	0.05008	0.04913	0.03204	0.01305	0.09972	0.11640	0.09035	0.01703	0.00723	0.00567	0.00174	0.00584	0.00653	0.00383	0.00706
51	0.48979	0.07075	0.01188	0.00877	0.01248	0.01226	0.02987	0.03735	0.04897	0.14069	0.01089	0.01147	0.00805	0.00546	0.00434	0.00161	0.02212	0.00372	0.00394	0.06561
52	0.39930	0.02745	0.01181	0.08822	0.03431	0.01140	0.04696	0.08638	0.01271	0.04523	0.15272	0.01659	0.01542	0.00638	0.00465	0.00168	0.00475	0.00494	0.00400	0.02509
53	0.29412	0.10425	0.03564	0.03182	0.02776	0.05051	0.00780	0.05456	0.02864	0.06422	0.05839	0.01620	0.01203	0.06299	0.03857	0.00211	0.00546	0.02324	0.00368	0.07802
54	0.10914	0.12074	0.01535	0.14420	0.03434	0.05162	0.00957	0.11494	0.03655	0.09239	0.02893	0.04757	0.01060	0.00623	0.00533	0.00155	0.03847	0.00476	0.00377	0.12397

[dist]
# distance from previous block
# <min> <max>
3	15

[block]
# block no. 3 follows, 44 sequences, length 75
# corresponding to MSA columns:
# 242-316
name=unknown_D
#
# <colnr> <probs for GDERKNQSTAVLIFYWHMCP>
#	G	D	E	R	K	N	Q	S	T	A	V	L	I	F	Y	W	H	M	C	P
0	0.11672	0.03116	0.04796	0.00965	0.01373	0.01054	0.00823	0.14921	0.06036	0.25610	0.06983	0.01739	0.03659	0.00651	0.00503	0.00154	0.00469	0.00511	0.00505	0.14459
1	0.01195	0.01469	0.21543	0.03169	0.01612	0.01119	0.01132	0.03592	0.20003	0.05293	0.13139	0.03648	0.01739	0.00733	0.00665	0.00172	0.08326	0.00581	0.00414	0.10458
2	0.02171	0.01046	0.06207	0.00994	0.01424	0.00841	0.00863	0.02476	0.05094	0.62451	0.05610	0.01894	0.01480	0.00677	0.00545	0.00166	0.00472	0.00553	0.00622	0.04413
3	0.01387	0.01203	0.07158	0.01039	0.03251	0.00986	0.00873	0.11533	0.10102	0.08450	0.01319	0.01480	0.01032	0.00543	0.00475	0.00125	0.00478	0.02656	0.00406	0.45503
4	0.01202	0.01367	0.20179	0.04228	0.01716	0.00920	0.07751	0.01581	0.02878	0.10121	0.05778	0.02420	0.01554	0.04552	0.00665	0.00184	0.00583	0.13048	0.00383	0.18892
5	0.00886	0.00976	0.13682	0.01077	0.05059	0.00701	0.00910	0.01173	0.02977	0.03362	0.12639	0.33773	0.02998	0.01279	0.00656	0.00208	0.00451	0.16161	0.00465	0.00568
6	0.01179	0.21369	0.52512	0.01392	0.03905	0.01434	0.01643	0.01666	0.01154	0.01638	0.03258	0.01178	0.00838	0.00518	0.00477	0.00155	0.00715	0.00393	0.00247	0.04329
7	0.00835	0.00601	0.00758	0.00716	0.00863	0.00567	0.00541	0.01153	0.05898	0.03872	0.62299	0.05999	0.10146	0.01125	0.00639	0.00176	0.00280	0.02406	0.00588	0.00538
8	0.09734	0.22994	0.11957	0.05132	0.22146	0.03059	0.01258	0.05519	0.01266	0.10587	0.01060	0.01203	0.00820	0.00521	0.00466	0.00153	0.00615	0.00408	0.00321	0.00779
9	0.60390	0.13188	0.01212	0.08175	0.01377	0.01358	0.00740	0.01642	0.02930	0.03700	0.00845	0.00987	0.00663	0.00513	0.00369	0.00162	0.00476	0.00326	0.00325	0.00622
10	0.00664	0.00474	0.00633	0.00759	0.00791	0.00443	0.00506	0.00759	0.01044	0.01392	0.03005	0.80485	0.03606	0.01708	0.00696	0.00221	0.00316	0.01550	0.00506	0.00443
11	0.01130	0.00969	0.01130	0.00807	0.01292	0.00727	0.00646	0.01373	0.01130	0.01776	0.00969	0.01130	0.00807	0.00404	0.00404	0.00081	0.00404	0.00323	0.00323	0.84173
12	0.03384	0.03889	0.41220	0.03203	0.06466	0.02640	0.03802	0.09063	0.03166	0.12728	0.01201	0.01299	0.00849	0.00550	0.00518	0.00166	0.00693	0.00442	0.00343	0.04379
13	0.01903	0.19412	0.01887	0.03098	0.01675	0.18600	0.01029	0.41377	0.01982	0.02450	0.01077	0.01145	0.00823	0.00590	0.00490	0.00149	0.00683	0.00416	0.00411	0.00804
14	0.00793	0.00529	0.00595	0.00595	0.00595	0.00529	0.00330	0.00793	0.00793	0.01057	0.01718	0.03568	0.01982	0.80840	0.02775	0.00529	0.00529	0.00793	0.00330	0.00330
15	0.01458	0.81168	0.02857	0.00933	0.01399	0.02157	0.00933	0.01632	0.01108	0.01283	0.00758	0.00875	0.00700	0.00466	0.00350	0.00117	0.00583	0.00292	0.00233	0.00700
16	0.00947	0.00473	0.00710	0.00710	0.00710	0.00473	0.00473	0.00710	0.00710	0.00947	0.00947	0.01657	0.00947	0.01894	0.02131	0.84138	0.00473	0.00473	0.00237	0.00237
17	0.03995	0.00972	0.01606	0.76736	0.03659	0.01212	0.01481	0.01400	0.01084	0.01430	0.00962	0.01433	0.00722	0.00544	0.00538	0.00181	0.00716	0.00478	0.00246	0.00605
18	0.01272	0.15767	0.52625	0.01573	0.08669	0.03870	0.01713	0.01765	0.01184	0.05313	0.00998	0.01150	0.00739	0.00515	0.00492	0.00161	0.00744	0.00397	0.00257	0.00793
19	0.01334	0.01279	0.02184	0.07110	0.73800	0.01291	0.01665	0.01659	0.01234	0.01762	0.01023	0.01354	0.00857	0.00489	0.00540	0.00163	0.00652	0.00486	0.00268	0.00851
20	0.84691	0.01054	0.00801	0.00717	0.01054	0.01223	0.00590	0.01603	0.00928	0.02446	0.00759	0.00886	0.00590	0.00506	0.00337	0.00169	0.00422	0.00295	0.00337	0.00590
21	0.07874	0.00936	0.01235	0.00953	0.01369	0.00829	0.00787	0.02587	0.01519	0.72843	0.02059	0.01792	0.01299	0.00664	0.00534	0.00169	0.00461	0.00532	0.00652	0.00906
22	0.00769	0.00557	0.00725	0.00683	0.00813	0.00513	0.00512	0.01023	0.01536	0.02170	0.75484	0.04100	0.06823	0.01121	0.00643	0.00172	0.00258	0.00990	0.00598	0.00513
23	0.01373	0.01179	0.01242	0.01113	0.01424	0.01364	0.00867	0.04612	0.74712	0.02308	0.02197	0.02017	0.01647	0.00738	0.00555	0.00184	0.00435	0.00613	0.00555	0.00864
24	0.15053	0.23341	0.40324	0.01229	0.01825	0.01503	0.01427	0.01656	0.01089	0.01711	0.00872	0.01035	0.00680	0.00519	0.00495	0.00158	0.04046	0.00357	0.00251	0.02431
25	0.00772	0.00557	0.00729	0.00686	0.00814	0.00514	0.00514	0.01029	0.01543	0.02186	0.77152	0.04072	0.05144	0.01115	0.00643	0.00171	0.00257	0.00986	0.00600	0.00514
26	0.01349	0.01295	0.02213	0.03346	0.77440	0.01295	0.01673	0.01673	0.01241	0.01781	0.01025	0.01349	0.00864	0.00486	0.00540	0.00162	0.00648	0.00486	0.00270	0.00864
27	0.01058	0.04419	0.01103	0.01124	0.03920	0.05962	0.00919	0.01466	0.10868	0.01685	0.02506	0.04879	0.02600	0.01264	0.00685	0.00226	0.00534	0.53732	0.00474	0.00578
28	0.01287	0.01471	0.03217	0.02298	0.02849	0.01379	0.75460	0.01746	0.01287	0.01746	0.01103	0.01471	0.00827	0.00460	0.00643	0.00184	0.00919	0.00643	0.00276	0.00735
29	0.84691	0.01054	0.00801	0.00717	0.01054	0.01223	0.00590	0.01603	0.00928	0.02446	0.00759	0.00886	0.00590	0.00506	0.00337	0.00169	0.00422	0.00295	0.00337	0.00590
30	0.03282	0.00967	0.01212	0.01148	0.07353	0.00973	0.00834	0.07487	0.19446	0.28197	0.11957	0.06855	0.04334	0.00831	0.00574	0.00178	0.00440	0.02572	0.00569	0.00793
31	0.01016	0.00508	0.00508	0.00508	0.00635	0.00508	0.00381	0.01270	0.01143	0.02033	0.01778	0.02033	0.01397	0.00635	0.00381	0.00127	0.00254	0.00508	0.83867	0.00508
32	0.84691	0.01054	0.00801	0.00717	0.01054	0.01223	0.00590	0.01603	0.00928	0.02446	0.00759	0.00886	0.00590	0.00506	0.00337	0.00169	0.00422	0.00295	0.00337	0.00590
33	0.02116	0.01457	0.01592	0.01221	0.01656	0.01586	0.01009	0.67040	0.02445	0.12184	0.01408	0.01373	0.00977	0.00657	0.00546	0.00164	0.00584	0.00498	0.00561	0.00927
34	0.01016	0.00508	0.00508	0.00508	0.00635	0.00508	0.00381	0.01270	0.01143	0.02033	0.01778	0.02033	0.01397	0.00635	0.00381	0.00127	0.00254	0.00508	0.83867	0.00508
35	0.00947	0.00473	0.00710	0.00710	0.00710	0.00473	0.00473	0.00710	0.00710	0.00947	0.00947	0.01657	0.00947	0.01894	0.02131	0.84138	0.00473	0.00473	0.00237	0.00237
36	0.02446	0.00928	0.01265	0.00970	0.01392	0.00801	0.00801	0.02657	0.01560	0.77817	0.02151	0.01856	0.01350	0.00675	0.00548	0.00169	0.00464	0.00548	0.00675	0.00928
37	0.00793	0.00529	0.00595	0.00595	0.00595	0.00529	0.00330	0.00793	0.00793	0.01057	0.01718	0.03568	0.01982	0.80840	0.02775	0.00529	0.00529	0.00793	0.00330	0.00330
38	0.02072	0.01527	0.01636	0.01254	0.01691	0.01691	0.01036	0.75622	0.02563	0.03436	0.01309	0.01309	0.00927	0.00654	0.00545	0.00164	0.00600	0.00491	0.00545	0.00927
39	0.01356	0.01171	0.01233	0.01109	0.01418	0.01356	0.00863	0.02897	0.76455	0.02281	0.02219	0.02034	0.01664	0.00740	0.00555	0.00185	0.00431	0.00616	0.00555	0.00863
40	0.01363	0.01128	0.01196	0.01073	0.01377	0.01289	0.00835	0.02785	0.69779	0.04834	0.02307	0.02126	0.03959	0.00755	0.00553	0.00183	0.00424	0.00628	0.02561	0.00844
41	0.84691	0.01054	0.00801	0.00717	0.01054	0.01223	0.00590	0.01603	0.00928	0.02446	0.00759	0.00886	0.00590	0.00506	0.00337	0.00169	0.00422	0.00295	0.00337	0.00590
42	0.02296	0.01046	0.01325	0.01024	0.01438	0.00989	0.00843	0.17122	0.04154	0.58781	0.03813	0.01807	0.01368	0.00684	0.00550	0.00168	0.00485	0.00550	0.00643	0.00916
43	0.00838	0.00578	0.00706	0.00678	0.00839	0.00516	0.00515	0.01043	0.01404	0.06872	0.41024	0.08666	0.28747	0.01224	0.00645	0.00182	0.00291	0.04148	0.00564	0.00519
44	0.01093	0.02820	0.78016	0.01554	0.02360	0.01266	0.02014	0.01727	0.01151	0.01727	0.00978	0.01151	0.00691	0.00518	0.00518	0.00173	0.00806	0.00403	0.00230	0.00806
45	0.84691	0.01054	0.00801	0.00717	0.01054	0.01223	0.00590	0.01603	0.00928	0.02446	0.00759	0.00886	0.00590	0.00506	0.00337	0.00169	0.00422	0.00295	0.00337	0.00590
46	0.02446	0.00928	0.01265	0.00970	0.01392	0.00801	0.00801	0.02657	0.01560	0.77817	0.02151	0.01856	0.01350	0.00675	0.00548	0.00169	0.00464	0.00548	0.00675	0.00928
47	0.01841	0.02277	0.01537	0.01386	0.01612	0.62407	0.01061	0.01980	0.01397	0.01328	0.00848	0.01068	0.00733	0.00778	0.04045	0.00188	0.14238	0.00382	0.00274	0.00620
48	0.00792	0.00530	0.00604	0.00604	0.00607	0.00533	0.00342	0.00799	0.00795	0.01064	0.01710	0.03522	0.01962	0.78386	0.05202	0.00540	0.00558	0.00786	0.00329	0.00335
49	0.00717	0.00549	0.00620	0.00625	0.00777	0.00477	0.00460	0.00875	0.01281	0.03414	0.20186	0.17483	0.47875	0.01362	0.00650	0.00187	0.00283	0.01168	0.00530	0.00480
50	0.02378	0.01037	0.01333	0.01022	0.01446	0.00963	0.00844	0.15908	0.01743	0.64309	0.01998	0.01756	0.01273	0.00671	0.00548	0.00168	0.00489	0.00538	0.00651	0.00928
51	0.01387	0.01186	0.01250	0.01116	0.01429	0.01370	0.00870	0.05999	0.73303	0.02330	0.02180	0.02003	0.01633	0.00736	0.00554	0.00184	0.00439	0.00611	0.00554	0.00866
52	0.82303	0.01061	0.00842	0.00792	0.03243	0.01225	0.00621	0.01605	0.00937	0.02427	0.00767	0.00899	0.00598	0.00505	0.00343	0.00168	0.00428	0.00301	0.00335	0.00598
53	0.01382	0.01415	0.03968	0.05769	0.67649	0.06871	0.01631	0.01701	0.01256	0.01734	0.01009	0.01322	0.00843	0.00494	0.00536	0.00161	0.00678	0.00474	0.00269	0.00837
54	0.00664	0.00474	0.00633	0.00759	0.00791	0.00443	0.00506	0.00759	0.01044	0.01392	0.03005	0.80485	0.03606	0.01708	0.00696	0.00221	0.00316	0.01550	0.00506	0.00443
55	0.00693	0.00507	0.00671	0.02653	0.00865	0.00476	0.00527	0.00828	0.01152	0.01549	0.17387	0.59632	0.07941	0.01547	0.00679	0.00209	0.00313	0.01393	0.00518	0.00462
56	0.01976	0.06077	0.03665	0.01325	0.01683	0.44211	0.01062	0.27343	0.04008	0.02090	0.01041	0.01124	0.00806	0.00593	0.00506	0.00149	0.00811	0.00405	0.00376	0.00748
57	0.00664	0.00474	0.00633	0.00759	0.00791	0.00443	0.00506	0.00759	0.01044	0.01392	0.03005	0.80485	0.03606	0.01708	0.00696	0.00221	0.00316	0.01550	0.00506	0.00443
58	0.02072	0.01527	0.01636	0.01254	0.01691	0.01691	0.01036	0.75622	0.02563	0.03436	0.01309	0.01309	0.00927	0.00654	0.00545	0.00164	0.00600	0.00491	0.00545	0.00927
59	0.01140	0.02755	0.75390	0.01534	0.02326	0.01250	0.01973	0.01758	0.01165	0.04330	0.01018	0.01175	0.00713	0.00523	0.00519	0.00173	0.00794	0.00408	0.00245	0.00810
60	0.01287	0.01471	0.03217	0.02298	0.02849	0.01379	0.75460	0.01746	0.01287	0.01746	0.01103	0.01471	0.00827	0.00460	0.00643	0.00184	0.00919	0.00643	0.00276	0.00735
61	0.01287	0.01471	0.03217	0.02298	0.02849	0.01379	0.75460	0.01746	0.01287	0.01746	0.01103	0.01471	0.00827	0.00460	0.00643	0.00184	0.00919	0.00643	0.00276	0.00735
62	0.00664	0.00474	0.00633	0.00759	0.00791	0.00443	0.00506	0.00759	0.01044	0.01392	0.03005	0.80485	0.03606	0.01708	0.00696	0.00221	0.00316	0.01550	0.00506	0.00443
63	0.00761	0.00554	0.00716	0.00681	0.00809	0.00509	0.00509	0.01006	0.01509	0.02118	0.70541	0.06846	0.09096	0.01150	0.00645	0.00174	0.00260	0.01015	0.00592	0.00509
64	0.01458	0.81168	0.02857	0.00933	0.01399	0.02157	0.00933	0.01632	0.01108	0.01283	0.00758	0.00875	0.00700	0.00466	0.00350	0.00117	0.00583	0.00292	0.00233	0.00700
65	0.01016	0.00508	0.00508	0.00508	0.00635	0.00508	0.00381	0.01270	0.01143	0.02033	0.01778	0.02033	0.01397	0.00635	0.00381	0.00127	0.00254	0.00508	0.83867	0.00508
66	0.01458	0.81168	0.02857	0.00933	0.01399	0.02157	0.00933	0.01632	0.01108	0.01283	0.00758	0.00875	0.00700	0.00466	0.00350	0.00117	0.00583	0.00292	0.00233	0.00700
67	0.01383	0.01458	0.01786	0.03515	0.06748	0.14207	0.06129	0.04878	0.01093	0.01474	0.00816	0.01199	0.00741	0.00802	0.01330	0.00209	0.50854	0.00469	0.00264	0.00645
68	0.01423	0.01074	0.01403	0.01435	0.12150	0.01143	0.04285	0.04031	0.36623	0.12219	0.03912	0.02592	0.01780	0.00815	0.00590	0.00189	0.00499	0.12526	0.00510	0.00800
69	0.01016	0.00508	0.00508	0.00508	0.00635	0.00508	0.00381	0.01270	0.01143	0.02033	0.01778	0.02033	0.01397	0.00635	0.00381	0.00127	0.00254	0.00508	0.83867	0.00508
70	0.01502	0.75429	0.02769	0.00956	0.01420	0.02124	0.00940	0.06964	0.01213	0.01438	0.00798	0.00906	0.00716	0.00480	0.00364	0.00120	0.00584	0.00306	0.00256	0.00716
71	0.01417	0.00818	0.01081	0.03784	0.06885	0.00720	0.00754	0.01632	0.01342	0.27217	0.07537	0.04558	0.19958	0.00891	0.00571	0.00165	0.00418	0.05793	0.00513	0.13945
72	0.01228	0.01219	0.06655	0.04182	0.31617	0.02793	0.01205	0.05070	0.15836	0.02028	0.20190	0.02138	0.02066	0.00704	0.00566	0.00170	0.00527	0.00627	0.00416	0.00763
73	0.01493	0.40648	0.22965	0.01312	0.07740	0.01666	0.01274	0.04938	0.01246	0.10581	0.01027	0.01122	0.00797	0.00515	0.00442	0.00144	0.00635	0.00376	0.00301	0.00778
74	0.01318	0.01258	0.02140	0.14520	0.62687	0.01295	0.03596	0.03474	0.01253	0.01764	0.01026	0.01367	0.00844	0.00498	0.00543	0.00165	0.00665	0.00490	0.00273	0.00824

[dist]
# distance from previous block
# <min> <max>
0	1

[block]
# block no. 4 follows, 44 sequences, length 35
# corresponding to MSA columns:
# 318-352
name=unknown_E
#
# <colnr> <probs for GDERKNQSTAVLIFYWHMCP>
#	G	D	E	R	K	N	Q	S	T	A	V	L	I	F	Y	W	H	M	C	P
0	0.01968	0.08464	0.17824	0.01122	0.01622	0.01123	0.01093	0.07652	0.06691	0.44219	0.01722	0.01592	0.01143	0.00626	0.00525	0.00166	0.00555	0.00495	0.00523	0.00877
1	0.01016	0.00508	0.00508	0.00508	0.00635	0.00508	0.00381	0.01270	0.01143	0.02033	0.01778	0.02033	0.01397	0.00635	0.00381	0.00127	0.00254	0.00508	0.83867	0.00508
2	0.01580	0.64510	0.02579	0.01033	0.01460	0.18376	0.00958	0.01748	0.01200	0.01294	0.00776	0.00898	0.00700	0.00487	0.00380	0.00122	0.00668	0.00304	0.00243	0.00685
3	0.01916	0.16338	0.01814	0.03437	0.01693	0.37225	0.01039	0.26404	0.01791	0.02023	0.00985	0.01085	0.00777	0.00575	0.00485	0.00145	0.00777	0.00390	0.00359	0.00741
4	0.84691	0.01054	0.00801	0.00717	0.01054	0.01223	0.00590	0.01603	0.00928	0.02446	0.00759	0.00886	0.00590	0.00506	0.00337	0.00169	0.00422	0.00295	0.00337	0.00590
5	0.01016	0.00508	0.00508	0.00508	0.00635	0.00508	0.00381	0.01270	0.01143	0.02033	0.01778	0.02033	0.01397	0.00635	0.00381	0.00127	0.00254	0.00508	0.83867	0.00508
6	0.23339	0.01388	0.02778	0.05417	0.08527	0.09116	0.01008	0.24873	0.01579	0.06539	0.01117	0.01327	0.00866	0.00700	0.02320	0.00187	0.05674	0.02104	0.00399	0.00744
7	0.84691	0.01054	0.00801	0.00717	0.01054	0.01223	0.00590	0.01603	0.00928	0.02446	0.00759	0.00886	0.00590	0.00506	0.00337	0.00169	0.00422	0.00295	0.00337	0.00590
8	0.84691	0.01054	0.00801	0.00717	0.01054	0.01223	0.00590	0.01603	0.00928	0.02446	0.00759	0.00886	0.00590	0.00506	0.00337	0.00169	0.00422	0.00295	0.00337	0.00590
9	0.00664	0.00474	0.00633	0.00759	0.00791	0.00443	0.00506	0.00759	0.01044	0.01392	0.03005	0.80485	0.03606	0.01708	0.00696	0.00221	0.00316	0.01550	0.00506	0.00443
10	0.00879	0.00628	0.00879	0.01004	0.01130	0.00628	0.00879	0.01130	0.01255	0.01632	0.02887	0.06150	0.03138	0.01506	0.00753	0.00251	0.00502	0.73770	0.00502	0.00502
11	0.01356	0.01171	0.01233	0.01109	0.01418	0.01356	0.00863	0.02897	0.76455	0.02281	0.02219	0.02034	0.01664	0.00740	0.00555	0.00185	0.00431	0.00616	0.00555	0.00863
12	0.02037	0.02598	0.01545	0.01404	0.01685	0.78652	0.01053	0.02177	0.01545	0.01334	0.00843	0.00983	0.00702	0.00562	0.00492	0.00140	0.00983	0.00351	0.00281	0.00632
13	0.02433	0.00949	0.01279	0.00980	0.01402	0.00833	0.00810	0.05281	0.01596	0.75142	0.02121	0.01836	0.01334	0.00674	0.00548	0.00169	0.00469	0.00546	0.00670	0.00928
14	0.00780	0.00581	0.00859	0.00859	0.00950	0.00672	0.00660	0.00962	0.00871	0.01253	0.01476	0.02229	0.01401	0.08773	0.74047	0.00855	0.01403	0.00597	0.00294	0.00477
15	0.01504	0.01747	0.16675	0.08022	0.34623	0.14301	0.01511	0.01883	0.03460	0.09437	0.01130	0.01328	0.00865	0.00536	0.00529	0.00163	0.00716	0.00457	0.00311	0.00801
16	0.00779	0.00584	0.00876	0.00876	0.00974	0.00681	0.00681	0.00974	0.00876	0.01266	0.01460	0.02142	0.01363	0.04089	0.78680	0.00876	0.01460	0.00584	0.00292	0.00487
17	0.00671	0.00479	0.00638	0.00755	0.00792	0.00447	0.00507	0.00776	0.01074	0.01440	0.07530	0.75821	0.03700	0.01672	0.00693	0.00218	0.00313	0.01515	0.00512	0.00447
18	0.00774	0.00662	0.02420	0.05623	0.02697	0.00597	0.00708	0.00976	0.01221	0.01529	0.03965	0.10532	0.38525	0.01359	0.00675	0.00209	0.00403	0.26148	0.00478	0.00498
19	0.03453	0.02368	0.53584	0.03963	0.07737	0.03568	0.10336	0.03614	0.01223	0.03670	0.01024	0.01220	0.00740	0.00518	0.00531	0.00172	0.00786	0.00440	0.00262	0.00791
20	0.02358	0.01069	0.01353	0.01037	0.01462	0.01011	0.00857	0.19893	0.01797	0.60247	0.01952	0.01726	0.01250	0.00670	0.00548	0.00167	0.00496	0.00535	0.00644	0.00928
21	0.84691	0.01054	0.00801	0.00717	0.01054	0.01223	0.00590	0.01603	0.00928	0.02446	0.00759	0.00886	0.00590	0.00506	0.00337	0.00169	0.00422	0.00295	0.00337	0.00590
22	0.84691	0.01054	0.00801	0.00717	0.01054	0.01223	0.00590	0.01603	0.00928	0.02446	0.00759	0.00886	0.00590	0.00506	0.00337	0.00169	0.00422	0.00295	0.00337	0.00590
23	0.00664	0.00492	0.00620	0.00718	0.00781	0.00448	0.00489	0.00772	0.01097	0.01431	0.05754	0.63883	0.17606	0.01628	0.00684	0.00213	0.00307	0.01457	0.00509	0.00448
24	0.01065	0.02368	0.60760	0.01493	0.02167	0.01159	0.05416	0.01622	0.01176	0.01711	0.01321	0.02047	0.01128	0.00689	0.00566	0.00187	0.00758	0.13339	0.00280	0.00749
25	0.01197	0.16473	0.62593	0.01428	0.02163	0.01408	0.01789	0.01738	0.01156	0.03901	0.00974	0.01123	0.00712	0.00514	0.00489	0.00163	0.00757	0.00388	0.00244	0.00791
26	0.01124	0.02607	0.66234	0.01671	0.02437	0.01284	0.13583	0.01730	0.01172	0.01730	0.00998	0.01201	0.00712	0.00509	0.00538	0.00174	0.00824	0.00441	0.00237	0.00795
27	0.03142	0.13673	0.09024	0.11334	0.12550	0.08025	0.01203	0.17591	0.05969	0.06236	0.03700	0.01459	0.02572	0.00600	0.00509	0.00160	0.00634	0.00475	0.00373	0.00773
28	0.02037	0.01405	0.03766	0.01186	0.01614	0.01459	0.00996	0.53447	0.06580	0.17323	0.03566	0.01524	0.01157	0.00672	0.00548	0.00166	0.00561	0.00520	0.00563	0.00909
29	0.00779	0.00584	0.00876	0.00876	0.00974	0.00681	0.00681	0.00974	0.00876	0.01266	0.01460	0.02142	0.01363	0.04089	0.78680	0.00876	0.01460	0.00584	0.00292	0.00487
30	0.01130	0.00969	0.01130	0.00807	0.01292	0.00727	0.00646	0.01373	0.01130	0.01776	0.00969	0.01130	0.00807	0.00404	0.00404	0.00081	0.00404	0.00323	0.00323	0.84173
31	0.00779	0.00584	0.00876	0.00876	0.00974	0.00681	0.00681	0.00974	0.00876	0.01266	0.01460	0.02142	0.01363	0.04089	0.78680	0.00876	0.01460	0.00584	0.00292	0.00487
32	0.01327	0.01089	0.01175	0.01056	0.01347	0.01231	0.00826	0.05389	0.60372	0.04369	0.08893	0.02409	0.03869	0.00811	0.00571	0.00185	0.00422	0.03286	0.00559	0.00813
33	0.82032	0.01050	0.00816	0.00725	0.01065	0.01209	0.00597	0.01637	0.00948	0.04883	0.00804	0.00917	0.00615	0.00512	0.00344	0.00169	0.00423	0.00303	0.00348	0.00601
34	0.01537	0.04666	0.05001	0.07321	0.46625	0.01249	0.01425	0.03477	0.05899	0.15515	0.01291	0.01460	0.00979	0.00543	0.00534	0.00164	0.00609	0.00493	0.00361	0.00851

[dist]
# distance from previous block
# <min> <max>
0	1

[block]
# block no. 5 follows, 44 sequences, length 23
# corresponding to MSA columns:
# 354-376
name=unknown_F
#
# <colnr> <probs for GDERKNQSTAVLIFYWHMCP>
#	G	D	E	R	K	N	Q	S	T	A	V	L	I	F	Y	W	H	M	C	P
0	0.01209	0.01117	0.01889	0.34843	0.08786	0.01197	0.16652	0.04962	0.03960	0.03828	0.01173	0.04673	0.00946	0.00582	0.00590	0.00172	0.02804	0.00550	0.00308	0.09760
1	0.79481	0.01111	0.02981	0.00832	0.03752	0.01227	0.00667	0.01608	0.00945	0.02403	0.00774	0.00909	0.00603	0.00506	0.00349	0.00169	0.00440	0.00305	0.00332	0.00606
2	0.01191	0.07498	0.41422	0.01637	0.09215	0.01341	0.07355	0.01759	0.07679	0.01720	0.01063	0.01255	0.00813	0.00554	0.00619	0.00169	0.07263	0.00441	0.00273	0.06733
3	0.01016	0.00508	0.00508	0.00508	0.00635	0.00508	0.00381	0.01270	0.01143	0.02033	0.01778	0.02033	0.01397	0.00635	0.00381	0.00127	0.00254	0.00508	0.83867	0.00508
4	0.01282	0.01251	0.02078	0.20666	0.53092	0.03477	0.05086	0.01614	0.01218	0.01674	0.01054	0.01479	0.00878	0.00524	0.00549	0.00169	0.00685	0.02171	0.00269	0.00783
5	0.00793	0.00529	0.00595	0.00595	0.00595	0.00529	0.00330	0.00793	0.00793	0.01057	0.01718	0.03568	0.01982	0.80840	0.02775	0.00529	0.00529	0.00793	0.00330	0.00330
6	0.01572	0.42532	0.07733	0.01408	0.09603	0.18365	0.04334	0.05882	0.01307	0.01517	0.00865	0.01017	0.00735	0.00503	0.00436	0.00136	0.00707	0.00359	0.00266	0.00724
7	0.01359	0.01111	0.03521	0.07163	0.11662	0.00961	0.00940	0.09833	0.01338	0.08527	0.01167	0.03198	0.00934	0.00512	0.00471	0.00122	0.00497	0.00427	0.00367	0.45890
8	0.04507	0.22775	0.30785	0.01364	0.05175	0.12322	0.01382	0.08631	0.01342	0.05564	0.00986	0.01105	0.00754	0.00529	0.00469	0.00152	0.00716	0.00382	0.00295	0.00766
9	0.01305	0.01267	0.02050	0.12554	0.62313	0.04061	0.01581	0.01618	0.01225	0.01700	0.01097	0.04746	0.00959	0.00548	0.00545	0.00166	0.00655	0.00526	0.00277	0.00805
10	0.00958	0.00605	0.00751	0.00686	0.00869	0.00537	0.00524	0.01176	0.01461	0.12031	0.47149	0.04107	0.24807	0.01131	0.00631	0.00175	0.00290	0.00974	0.00584	0.00554
11	0.02377	0.00913	0.01243	0.00958	0.01368	0.00790	0.00790	0.02590	0.01560	0.74716	0.05226	0.01946	0.01505	0.00693	0.00552	0.00169	0.00455	0.00566	0.00672	0.00911
12	0.00846	0.00574	0.00752	0.00698	0.00840	0.00527	0.00527	0.01101	0.01544	0.05530	0.73836	0.03974	0.04976	0.01095	0.00639	0.00171	0.00266	0.00967	0.00603	0.00533
13	0.05714	0.01170	0.04460	0.43019	0.30144	0.01256	0.01527	0.03392	0.01175	0.01654	0.00987	0.01371	0.00773	0.00523	0.00531	0.00173	0.00681	0.00472	0.00265	0.00713
14	0.00750	0.00556	0.00699	0.00663	0.00801	0.00505	0.00498	0.00987	0.01493	0.02066	0.65108	0.04270	0.17263	0.01159	0.00643	0.00174	0.00260	0.01014	0.00584	0.00505
15	0.01516	0.00929	0.01140	0.01024	0.03988	0.00939	0.00771	0.12875	0.15265	0.21855	0.23860	0.09055	0.02619	0.00891	0.00589	0.00176	0.00412	0.00761	0.00583	0.00753
16	0.02038	0.02550	0.01549	0.01398	0.01686	0.75186	0.01053	0.05485	0.01591	0.01429	0.00864	0.00998	0.00712	0.00566	0.00494	0.00141	0.00966	0.00357	0.00293	0.00645
17	0.00793	0.00529	0.00595	0.00595	0.00595	0.00529	0.00330	0.00793	0.00793	0.01057	0.01718	0.03568	0.01982	0.80840	0.02775	0.00529	0.00529	0.00793	0.00330	0.00330
18	0.01393	0.01182	0.01246	0.01105	0.01420	0.01357	0.00864	0.08554	0.68555	0.02349	0.02239	0.02066	0.03708	0.00751	0.00556	0.00183	0.00440	0.00621	0.00553	0.00857
19	0.01776	0.01762	0.03458	0.01324	0.05646	0.34081	0.00991	0.04369	0.20583	0.12792	0.06526	0.01617	0.01353	0.00658	0.00531	0.00161	0.00685	0.00502	0.00434	0.00751
20	0.00702	0.00585	0.00661	0.00701	0.04046	0.00508	0.00490	0.00873	0.01307	0.01638	0.20608	0.04829	0.58567	0.01286	0.00640	0.00180	0.00288	0.01087	0.00516	0.00489
21	0.01278	0.01022	0.01186	0.00858	0.01335	0.00825	0.00691	0.08738	0.01290	0.05119	0.01052	0.01178	0.00842	0.00440	0.00424	0.00093	0.00426	0.00349	0.00360	0.72495
22	0.02472	0.00653	0.00771	0.00743	0.00932	0.00593	0.00560	0.02425	0.04340	0.07652	0.12265	0.25117	0.25752	0.01251	0.00625	0.00186	0.00338	0.05014	0.00514	0.07798

[dist]
# distance from previous block
# <min> <max>
0	7

[block]
# block no. 6 follows, 44 sequences, length 88
# corresponding to MSA columns:
# 384-471
name=unknown_G
#
# <colnr> <probs for GDERKNQSTAVLIFYWHMCP>
#	G	D	E	R	K	N	Q	S	T	A	V	L	I	F	Y	W	H	M	C	P
0	0.04958	0.74450	0.04402	0.00947	0.01412	0.03680	0.00945	0.01645	0.01110	0.01342	0.00765	0.00883	0.00695	0.00471	0.00356	0.00121	0.00589	0.00295	0.00239	0.00696
1	0.01109	0.06111	0.74858	0.01528	0.02319	0.01304	0.01969	0.01723	0.01149	0.01708	0.00969	0.01139	0.00691	0.00516	0.00511	0.00170	0.00796	0.00398	0.00230	0.00801
2	0.03610	0.28962	0.05309	0.03463	0.03038	0.28786	0.09531	0.01927	0.02937	0.06313	0.00967	0.01104	0.00778	0.00524	0.00465	0.00144	0.00762	0.00389	0.00293	0.00700
3	0.01287	0.01471	0.03217	0.02298	0.02849	0.01379	0.75460	0.01746	0.01287	0.01746	0.01103	0.01471	0.00827	0.00460	0.00643	0.00184	0.00919	0.00643	0.00276	0.00735
4	0.00689	0.00577	0.00606	0.00617	0.00798	0.00503	0.00477	0.00878	0.03293	0.01512	0.05146	0.05257	0.67104	0.01377	0.00654	0.00191	0.00305	0.09033	0.00507	0.00476
5	0.02007	0.00951	0.01311	0.14891	0.01798	0.00926	0.00937	0.05741	0.05069	0.51661	0.02016	0.02060	0.02962	0.00712	0.00560	0.00176	0.00513	0.04300	0.00574	0.00836
6	0.02395	0.00946	0.01310	0.01004	0.01427	0.00827	0.02561	0.02641	0.03171	0.74395	0.02128	0.01850	0.01344	0.00671	0.00551	0.00169	0.00474	0.00552	0.00663	0.00922
7	0.01533	0.01406	0.01365	0.04832	0.01496	0.23752	0.00972	0.04099	0.01226	0.12428	0.01186	0.01491	0.00980	0.01591	0.21249	0.00362	0.18578	0.00479	0.00338	0.00637
8	0.00664	0.00477	0.00630	0.00753	0.00789	0.00443	0.00503	0.00760	0.01050	0.01394	0.03081	0.78217	0.05824	0.01698	0.00694	0.00220	0.00315	0.01538	0.00506	0.00443
9	0.00768	0.00557	0.00723	0.00682	0.00812	0.00513	0.00511	0.01021	0.01534	0.02163	0.74857	0.04110	0.07453	0.01123	0.00643	0.00172	0.00258	0.00991	0.00597	0.00513
10	0.01318	0.01406	0.01769	0.26874	0.11822	0.17401	0.07791	0.01577	0.01171	0.01458	0.01015	0.04624	0.00880	0.00664	0.00786	0.00182	0.16108	0.00515	0.01996	0.00644
11	0.03771	0.01196	0.01622	0.13080	0.01800	0.05092	0.03856	0.03471	0.00997	0.03921	0.00888	0.01346	0.00799	0.03459	0.03224	0.00241	0.49863	0.00488	0.00272	0.00613
12	0.84691	0.01054	0.00801	0.00717	0.01054	0.01223	0.00590	0.01603	0.00928	0.02446	0.00759	0.00886	0.00590	0.00506	0.00337	0.00169	0.00422	0.00295	0.00337	0.00590
13	0.01130	0.00969	0.01130	0.00807	0.01292	0.00727	0.00646	0.01373	0.01130	0.01776	0.00969	0.01130	0.00807	0.00404	0.00404	0.00081	0.00404	0.00323	0.00323	0.84173
14	0.00663	0.00478	0.00629	0.00749	0.00788	0.00444	0.00502	0.00760	0.01053	0.01395	0.03123	0.76963	0.07051	0.01693	0.00693	0.00220	0.00314	0.01531	0.00506	0.00444
15	0.02435	0.00945	0.01276	0.00978	0.01400	0.00827	0.00808	0.04769	0.01589	0.75664	0.02126	0.01840	0.01337	0.00674	0.00548	0.00169	0.00468	0.00547	0.00671	0.00928
