[name]
unknown

[dist]
# distance from previous block
# <min> <max>
0	363

[block]
# block no. 0 follows, 47 sequences, length 41
# corresponding to MSA columns:
# 424-457,459-465
name=unknown_A
#
# <colnr> <probs for GDERKNQSTAVLIFYWHMCP>
#	G	D	E	R	K	N	Q	S	T	A	V	L	I	F	Y	W	H	M	C	P
0	0.01163	0.00627	0.00833	0.00727	0.00925	0.00564	0.00564	0.01397	0.01478	0.22517	0.57907	0.03326	0.03949	0.00953	0.00590	0.00163	0.00298	0.00830	0.00592	0.00597
1	0.00659	0.00529	0.00588	0.00573	0.00730	0.00458	0.00430	0.00832	0.01290	0.01651	0.31395	0.04610	0.51966	0.01228	0.00615	0.00172	0.00257	0.01043	0.00516	0.00458
2	0.00662	0.00529	0.00592	0.00576	0.00732	0.00459	0.00432	0.00837	0.01296	0.01667	0.33071	0.04584	0.50280	0.01222	0.00615	0.00171	0.00257	0.01039	0.00518	0.00459
3	0.00666	0.00530	0.00598	0.00581	0.00734	0.00461	0.00436	0.00845	0.01307	0.01691	0.35647	0.04544	0.47690	0.01213	0.00615	0.00171	0.00256	0.01034	0.00521	0.00461
4	0.85377	0.01007	0.00765	0.00685	0.01007	0.01168	0.00564	0.01531	0.00886	0.02336	0.00725	0.00846	0.00564	0.00483	0.00322	0.00161	0.00403	0.00282	0.00322	0.00564
5	0.29284	0.00925	0.01065	0.00848	0.01225	0.00896	0.00700	0.02211	0.01294	0.53994	0.01623	0.01472	0.01054	0.00592	0.00458	0.00161	0.00430	0.00445	0.00540	0.00782
6	0.85377	0.01007	0.00765	0.00685	0.01007	0.01168	0.00564	0.01531	0.00886	0.02336	0.00725	0.00846	0.00564	0.00483	0.00322	0.00161	0.00403	0.00282	0.00322	0.00564
7	0.00634	0.00453	0.00604	0.00725	0.00755	0.00423	0.00483	0.00725	0.00997	0.01329	0.02870	0.81358	0.03444	0.01632	0.00665	0.00211	0.00302	0.01480	0.00483	0.00423
8	0.02318	0.00916	0.01227	0.00941	0.01344	0.00810	0.00777	0.06421	0.01541	0.74857	0.02012	0.01745	0.01268	0.00644	0.00524	0.00161	0.00450	0.00521	0.00638	0.00886
9	0.85377	0.01007	0.00765	0.00685	0.01007	0.01168	0.00564	0.01531	0.00886	0.02336	0.00725	0.00846	0.00564	0.00483	0.00322	0.00161	0.00403	0.00282	0.00322	0.00564
10	0.00634	0.00453	0.00604	0.00725	0.00755	0.00423	0.00483	0.00725	0.00997	0.01329	0.02870	0.81358	0.03444	0.01632	0.00665	0.00211	0.00302	0.01480	0.00483	0.00423
11	0.02326	0.00903	0.01219	0.00934	0.01338	0.00790	0.00772	0.04700	0.01518	0.76609	0.02031	0.01757	0.01277	0.00644	0.00524	0.00161	0.00447	0.00522	0.00641	0.00886
12	0.02336	0.00886	0.01209	0.00927	0.01329	0.00765	0.00765	0.02538	0.01491	0.78810	0.02055	0.01773	0.01289	0.00645	0.00524	0.00161	0.00443	0.00524	0.00645	0.00886
13	0.02336	0.00886	0.01209	0.00927	0.01329	0.00765	0.00765	0.02538	0.01491	0.78810	0.02055	0.01773	0.01289	0.00645	0.00524	0.00161	0.00443	0.00524	0.00645	0.00886
14	0.01263	0.01163	0.01238	0.07577	0.06331	0.07222	0.00903	0.02355	0.54287	0.01944	0.02049	0.04200	0.05738	0.00724	0.00532	0.00173	0.00477	0.00605	0.00465	0.00755
15	0.01078	0.01064	0.01714	0.38527	0.04648	0.01357	0.07445	0.01333	0.00958	0.01336	0.00835	0.01282	0.00701	0.00678	0.01030	0.00196	0.34521	0.00472	0.00233	0.00592
16	0.00650	0.00455	0.00599	0.00714	0.00749	0.00426	0.00478	0.00747	0.01001	0.01357	0.02817	0.77758	0.03349	0.01585	0.00651	0.00207	0.00299	0.01435	0.04297	0.00426
17	0.01618	0.01469	0.01620	0.04120	0.01693	0.21796	0.11764	0.02068	0.15818	0.16432	0.01315	0.01409	0.00985	0.00641	0.00732	0.00171	0.14773	0.00486	0.00382	0.00707
18	0.01951	0.01328	0.01596	0.01328	0.06885	0.01412	0.04413	0.52976	0.03610	0.17046	0.01389	0.01370	0.00966	0.00611	0.00526	0.00158	0.00563	0.00488	0.00514	0.00872
19	0.01296	0.19222	0.19870	0.01366	0.07482	0.05688	0.08392	0.09618	0.01279	0.04840	0.01306	0.12991	0.01204	0.00689	0.00506	0.00159	0.00621	0.02450	0.00325	0.00695
20	0.16983	0.01803	0.01423	0.08158	0.03228	0.38481	0.03109	0.16063	0.02913	0.01890	0.00920	0.01059	0.00718	0.00541	0.00463	0.00149	0.00733	0.00377	0.00327	0.00659
21	0.00704	0.00594	0.00705	0.02337	0.00880	0.00536	0.03004	0.00940	0.04807	0.01611	0.22082	0.04407	0.53146	0.01184	0.00609	0.00173	0.00296	0.01009	0.00494	0.00481
22	0.01118	0.00950	0.01099	0.00796	0.01251	0.00746	0.00637	0.03881	0.03823	0.01767	0.00979	0.01116	0.00804	0.00405	0.00395	0.00083	0.00393	0.00324	0.00323	0.79110
23	0.00757	0.00505	0.00568	0.00568	0.00568	0.00505	0.00316	0.00757	0.00757	0.01010	0.01641	0.03408	0.01893	0.81698	0.02651	0.00505	0.00505	0.00757	0.00316	0.00316
24	0.00762	0.00593	0.00783	0.00814	0.00913	0.00588	0.03216	0.01082	0.12086	0.01550	0.11146	0.56966	0.04703	0.01387	0.00637	0.00199	0.00331	0.01254	0.00492	0.00499
25	0.00637	0.00457	0.00605	0.00718	0.00755	0.00425	0.00481	0.00732	0.01014	0.01351	0.04840	0.77491	0.05345	0.01609	0.00662	0.00209	0.00300	0.01457	0.00486	0.00425
26	0.00659	0.00470	0.00619	0.00705	0.00750	0.00439	0.00477	0.00773	0.01071	0.01451	0.16412	0.63528	0.03633	0.05471	0.00753	0.00217	0.00302	0.01348	0.00491	0.00430
27	0.01045	0.02694	0.79000	0.01484	0.02254	0.01209	0.01924	0.01649	0.01099	0.01649	0.00935	0.01099	0.00660	0.00495	0.00495	0.00165	0.00770	0.00385	0.00220	0.00770
28	0.06042	0.00988	0.01248	0.00961	0.01363	0.00926	0.00794	0.14931	0.01624	0.62677	0.01859	0.01643	0.01189	0.00634	0.00514	0.00160	0.00463	0.00504	0.00609	0.00872
29	0.01980	0.01459	0.01563	0.01198	0.01615	0.01615	0.00990	0.76713	0.02448	0.03282	0.01250	0.01250	0.00886	0.00625	0.00521	0.00156	0.00573	0.00469	0.00521	0.00886
30	0.03984	0.76272	0.02617	0.00903	0.01338	0.05214	0.00886	0.01580	0.01070	0.01261	0.00727	0.00840	0.00665	0.00450	0.00339	0.00114	0.00568	0.00281	0.00228	0.00662
31	0.34801	0.02673	0.01141	0.12306	0.01547	0.01065	0.00802	0.06994	0.01244	0.30770	0.01286	0.01297	0.00877	0.00558	0.00440	0.00162	0.00475	0.00411	0.00441	0.00710
32	0.00721	0.00522	0.00680	0.00660	0.00773	0.00481	0.00488	0.00944	0.01407	0.01975	0.66779	0.13452	0.06879	0.01142	0.00620	0.00170	0.00253	0.01013	0.00560	0.00481
33	0.85377	0.01007	0.00765	0.00685	0.01007	0.01168	0.00564	0.01531	0.00886	0.02336	0.00725	0.00846	0.00564	0.00483	0.00322	0.00161	0.00403	0.00282	0.00322	0.00564
34	0.85377	0.01007	0.00765	0.00685	0.01007	0.01168	0.00564	0.01531	0.00886	0.02336	0.00725	0.00846	0.00564	0.00483	0.00322	0.00161	0.00403	0.00282	0.00322	0.00564
35	0.00983	0.00926	0.01562	0.80447	0.03587	0.01157	0.01446	0.01331	0.01041	0.01331	0.00926	0.01388	0.00694	0.00521	0.00521	0.00174	0.00694	0.00463	0.00231	0.00579
36	0.00737	0.00532	0.00696	0.00655	0.00778	0.00491	0.00491	0.00983	0.01474	0.02088	0.78175	0.03890	0.04914	0.01065	0.00614	0.00164	0.00246	0.00942	0.00573	0.00491
37	0.01178	0.00920	0.01511	0.68990	0.03261	0.01101	0.01348	0.01505	0.01106	0.12494	0.01088	0.01444	0.00780	0.00539	0.00521	0.00172	0.00658	0.00472	0.00291	0.00623
38	0.01405	0.01173	0.01239	0.01082	0.01396	0.01346	0.00851	0.14583	0.65515	0.02355	0.01981	0.01832	0.01477	0.00694	0.00528	0.00173	0.00438	0.00570	0.00528	0.00834
39	0.01392	0.82012	0.02729	0.00891	0.01337	0.02061	0.00891	0.01559	0.01058	0.01225	0.00724	0.00835	0.00668	0.00446	0.00334	0.00111	0.00557	0.00278	0.00223	0.00668
40	0.00992	0.01019	0.10494	0.00888	0.02436	0.02326	0.00764	0.11784	0.06028	0.01963	0.26778	0.06160	0.20734	0.02443	0.00611	0.00172	0.00401	0.00805	0.00472	0.02731

[dist]
# distance from previous block
# <min> <max>
0	1

[block]
# block no. 1 follows, 47 sequences, length 43
# corresponding to MSA columns:
# 467-495,500-513
name=unknown_B
#
# <colnr> <probs for GDERKNQSTAVLIFYWHMCP>
#	G	D	E	R	K	N	Q	S	T	A	V	L	I	F	Y	W	H	M	C	P
0	0.00737	0.00538	0.00693	0.00660	0.00782	0.00496	0.00487	0.00953	0.01363	0.01918	0.61597	0.09730	0.06948	0.05261	0.02632	0.00199	0.00296	0.00949	0.00534	0.03229
1	0.01384	0.63996	0.08900	0.01076	0.01549	0.04293	0.08038	0.01612	0.01099	0.02814	0.00800	0.00931	0.00691	0.00456	0.00381	0.00123	0.00614	0.00325	0.00236	0.00682
2	0.83106	0.03197	0.00818	0.00690	0.01016	0.01192	0.00573	0.01532	0.00891	0.02306	0.00725	0.00846	0.00567	0.00482	0.00323	0.00160	0.00407	0.00282	0.00320	0.00567
3	0.00753	0.00520	0.00646	0.00646	0.00674	0.00547	0.00413	0.00808	0.00781	0.01068	0.01569	0.03011	0.01721	0.59002	0.25111	0.00602	0.00765	0.00699	0.00305	0.00359
4	0.00725	0.00564	0.00744	0.10473	0.01113	0.00572	0.00595	0.00925	0.05098	0.01392	0.06243	0.47694	0.12184	0.08209	0.00801	0.00223	0.00366	0.01175	0.00445	0.00459
5	0.00634	0.00453	0.00604	0.00725	0.00755	0.00423	0.00483	0.00725	0.00997	0.01329	0.02870	0.81358	0.03444	0.01632	0.00665	0.00211	0.00302	0.01480	0.00483	0.00423
6	0.01392	0.82012	0.02729	0.00891	0.01337	0.02061	0.00891	0.01559	0.01058	0.01225	0.00724	0.00835	0.00668	0.00446	0.00334	0.00111	0.00557	0.00278	0.00223	0.00668
7	0.00983	0.00926	0.01562	0.80447	0.03587	0.01157	0.01446	0.01331	0.01041	0.01331	0.00926	0.01388	0.00694	0.00521	0.00521	0.00174	0.00694	0.00463	0.00231	0.00579
8	0.85377	0.01007	0.00765	0.00685	0.01007	0.01168	0.00564	0.01531	0.00886	0.02336	0.00725	0.00846	0.00564	0.00483	0.00322	0.00161	0.00403	0.00282	0.00322	0.00564
9	0.00757	0.00505	0.00568	0.00568	0.00568	0.00505	0.00316	0.00757	0.00757	0.01010	0.01641	0.03408	0.01893	0.81698	0.02651	0.00505	0.00505	0.00757	0.00316	0.00316
10	0.01229	0.01405	0.03073	0.02195	0.02722	0.01317	0.76558	0.01668	0.01229	0.01668	0.01054	0.01405	0.00790	0.00439	0.00615	0.00176	0.00878	0.00615	0.00263	0.00702
11	0.00615	0.00528	0.00528	0.00528	0.00703	0.00440	0.00396	0.00747	0.01187	0.01407	0.05276	0.05012	0.78238	0.01319	0.00615	0.00176	0.00264	0.01099	0.00484	0.00440
12	0.00777	0.00537	0.00620	0.00609	0.00609	0.00560	0.00357	0.00783	0.00759	0.01022	0.01592	0.03293	0.01832	0.77594	0.02603	0.00491	0.04582	0.00742	0.00311	0.00328
13	0.00620	0.00509	0.00547	0.00577	0.00716	0.00436	0.00417	0.00742	0.01140	0.01388	0.04679	0.23945	0.59690	0.01396	0.00628	0.00185	0.00273	0.01194	0.00484	0.00436
14	0.01341	0.01142	0.01203	0.01069	0.01372	0.01317	0.00835	0.07735	0.72466	0.02253	0.02061	0.01896	0.01542	0.00701	0.00529	0.00175	0.00423	0.00581	0.00529	0.00828
15	0.19011	0.00911	0.01120	0.00878	0.01265	0.00846	0.00725	0.02336	0.01369	0.63454	0.01788	0.01586	0.01143	0.00612	0.00483	0.00161	0.00435	0.00475	0.00580	0.00822
16	0.00744	0.00558	0.00837	0.00837	0.00930	0.00651	0.00651	0.00930	0.00837	0.01209	0.01395	0.02046	0.01302	0.03906	0.79635	0.00837	0.01395	0.00558	0.00279	0.00465
17	0.01107	0.00942	0.01095	0.00784	0.01246	0.00722	0.00628	0.03616	0.01122	0.01745	0.00936	0.01085	0.00775	0.00393	0.00390	0.00080	0.00391	0.00313	0.00315	0.82314
18	0.01045	0.02694	0.79000	0.01484	0.02254	0.01209	0.01924	0.01649	0.01099	0.01649	0.00935	0.01099	0.00660	0.00495	0.00495	0.00165	0.00770	0.00385	0.00220	0.00770
19	0.02116	0.00822	0.01092	0.00855	0.01213	0.00720	0.00701	0.02324	0.01426	0.66424	0.01997	0.01800	0.01296	0.00638	0.00498	0.00155	0.00411	0.00518	0.14171	0.00822
20	0.01227	0.01153	0.02198	0.27657	0.15966	0.01185	0.31318	0.01590	0.01174	0.06872	0.01090	0.01423	0.00818	0.00490	0.00552	0.00168	0.00722	0.00528	0.03180	0.00689
21	0.01275	0.04080	0.06776	0.23444	0.43196	0.05106	0.01486	0.03018	0.01186	0.04108	0.00985	0.01286	0.00783	0.00493	0.00507	0.00158	0.00655	0.00448	0.00265	0.00742
22	0.00650	0.00475	0.00612	0.00692	0.00754	0.00437	0.00475	0.00772	0.01100	0.01470	0.16257	0.59750	0.11635	0.01499	0.00651	0.00199	0.00288	0.01346	0.00499	0.00437
23	0.00634	0.00453	0.00604	0.00725	0.00755	0.00423	0.00483	0.00725	0.00997	0.01329	0.02870	0.81358	0.03444	0.01632	0.00665	0.00211	0.00302	0.01480	0.00483	0.00423
24	0.01509	0.64347	0.02443	0.00970	0.01375	0.12749	0.00908	0.01672	0.01130	0.05175	0.00802	0.00907	0.00701	0.00483	0.00405	0.00121	0.03082	0.00304	0.00251	0.00667
25	0.00746	0.00551	0.00800	0.00800	0.00880	0.00631	0.00605	0.00906	0.00826	0.01181	0.01429	0.02234	0.01384	0.14672	0.68981	0.00791	0.01272	0.00586	0.00284	0.00444
26	0.01304	0.19754	0.15778	0.02907	0.04689	0.09017	0.17909	0.04632	0.01209	0.01592	0.00914	0.01107	0.00728	0.00460	0.00465	0.00136	0.00678	0.00401	0.00265	0.16057
27	0.06348	0.01149	0.04110	0.01026	0.01438	0.01094	0.00871	0.25880	0.05240	0.44773	0.01696	0.01544	0.01116	0.00628	0.00512	0.00160	0.00492	0.00492	0.00569	0.00863
28	0.00634	0.00453	0.00604	0.00725	0.00755	0.00423	0.00483	0.00725	0.00997	0.01329	0.02870	0.81358	0.03444	0.01632	0.00665	0.00211	0.00302	0.01480	0.00483	0.00423
29	0.01420	0.37249	0.05641	0.19713	0.02004	0.21829	0.02564	0.01646	0.01167	0.01291	0.00808	0.01015	0.00677	0.00489	0.00426	0.00136	0.00704	0.00348	0.00237	0.00636
30	0.00634	0.00453	0.00604	0.00725	0.00755	0.00423	0.00483	0.00725	0.00997	0.01329	0.02870	0.81358	0.03444	0.01632	0.00665	0.00211	0.00302	0.01480	0.00483	0.00423
31	0.01139	0.01194	0.02342	0.32615	0.11798	0.01252	0.37024	0.01520	0.01141	0.01532	0.00987	0.01379	0.00755	0.00484	0.00592	0.00174	0.02624	0.00535	0.00250	0.00665
32	0.01258	0.01240	0.01705	0.14030	0.32316	0.08698	0.04802	0.01650	0.08020	0.01644	0.01049	0.01289	0.00845	0.00483	0.00490	0.00142	0.00604	0.00436	0.00290	0.19008
33	0.00757	0.00505	0.00568	0.00568	0.00568	0.00505	0.00316	0.00757	0.00757	0.01010	0.01641	0.03408	0.01893	0.81698	0.02651	0.00505	0.00505	0.00757	0.00316	0.00316
34	0.00744	0.00556	0.00828	0.00828	0.00918	0.00646	0.00640	0.00924	0.00834	0.01202	0.01403	0.02091	0.01321	0.06473	0.77094	0.00826	0.01366	0.00565	0.00280	0.00460
35	0.01843	0.01188	0.01357	0.01026	0.01451	0.01181	0.00843	0.40030	0.01877	0.21201	0.01365	0.01335	0.00955	0.00570	0.00488	0.00138	0.00495	0.00442	0.00498	0.21716
36	0.85377	0.01007	0.00765	0.00685	0.01007	0.01168	0.00564	0.01531	0.00886	0.02336	0.00725	0.00846	0.00564	0.00483	0.00322	0.00161	0.00403	0.00282	0.00322	0.00564
37	0.02336	0.00886	0.01209	0.00927	0.01329	0.00765	0.00765	0.02538	0.01491	0.78810	0.02055	0.01773	0.01289	0.00645	0.00524	0.00161	0.00443	0.00524	0.00645	0.00886
38	0.00967	0.00867	0.01456	0.17393	0.18381	0.00896	0.10366	0.02671	0.01094	0.01475	0.01706	0.26185	0.01796	0.07695	0.00764	0.00212	0.00552	0.04602	0.00343	0.00579
39	0.00710	0.00531	0.00659	0.00627	0.00762	0.00480	0.00470	0.00931	0.01411	0.01938	0.62133	0.04137	0.21050	0.01121	0.00614	0.00166	0.00250	0.00976	0.00554	0.00480
40	0.00768	0.00527	0.00725	0.00725	0.00775	0.00577	0.00512	0.00840	0.00790	0.01104	0.01420	0.02458	0.01457	0.30381	0.43793	0.10889	0.00975	0.00614	0.00285	0.00385
41	0.00815	0.00640	0.00903	0.00859	0.00946	0.00724	0.03081	0.01030	0.05282	0.01270	0.03460	0.08529	0.01648	0.20598	0.41349	0.00592	0.06807	0.00681	0.00321	0.00465
42	0.37150	0.21204	0.01478	0.00939	0.01282	0.23076	0.00785	0.04166	0.01156	0.03586	0.00795	0.00904	0.00646	0.00497	0.00377	0.00141	0.00595	0.00308	0.00297	0.00618

[dist]
# distance from previous block
# <min> <max>
0	5

[block]
# block no. 2 follows, 47 sequences, length 51
# corresponding to MSA columns:
# 519-533,535-570
name=unknown_C
#
# <colnr> <probs for GDERKNQSTAVLIFYWHMCP>
#	G	D	E	R	K	N	Q	S	T	A	V	L	I	F	Y	W	H	M	C	P
0	0.61535	0.01330	0.11491	0.04906	0.01358	0.06538	0.00830	0.01603	0.00981	0.04307	0.00807	0.00941	0.00612	0.00495	0.00372	0.00160	0.00505	0.00316	0.00309	0.00605
1	0.11765	0.01105	0.03106	0.24289	0.11076	0.01118	0.15058	0.01592	0.06338	0.04382	0.01052	0.01307	0.00805	0.00489	0.00491	0.00154	0.00605	0.00452	0.00299	0.14518
2	0.00752	0.00503	0.00569	0.00574	0.00576	0.00502	0.00322	0.00756	0.00767	0.01023	0.01690	0.06550	0.01956	0.78471	0.02571	0.00493	0.00497	0.00786	0.00322	0.00320
3	0.01097	0.01079	0.01455	0.01268	0.01289	0.03748	0.01042	0.01218	0.00822	0.01240	0.00815	0.01329	0.00806	0.03757	0.12588	0.00319	0.64866	0.00476	0.00239	0.00548
4	0.01127	0.00977	0.01205	0.17727	0.04578	0.01126	0.00937	0.02097	0.46094	0.01850	0.01948	0.12724	0.01666	0.00805	0.00551	0.00182	0.00466	0.02782	0.00450	0.00708
5	0.00720	0.00519	0.00681	0.00667	0.00774	0.00480	0.00490	0.00940	0.01396	0.01964	0.65795	0.16626	0.04672	0.01158	0.00623	0.00172	0.00255	0.01030	0.00558	0.00480
6	0.02252	0.01021	0.01292	0.00991	0.01397	0.00966	0.00818	0.20040	0.01717	0.60989	0.01865	0.01649	0.01194	0.00640	0.00523	0.00160	0.00474	0.00511	0.00615	0.00886
7	0.01392	0.82012	0.02729	0.00891	0.01337	0.02061	0.00891	0.01559	0.01058	0.01225	0.00724	0.00835	0.00668	0.00446	0.00334	0.00111	0.00557	0.00278	0.00223	0.00668
8	0.01080	0.00926	0.01080	0.00771	0.01234	0.00694	0.00617	0.01311	0.01080	0.01697	0.00926	0.01080	0.00771	0.00386	0.00386	0.00077	0.00386	0.00309	0.00309	0.84882
9	0.00732	0.00492	0.00610	0.00663	0.00705	0.00466	0.00429	0.00803	0.00957	0.03591	0.05689	0.44280	0.06752	0.29803	0.01356	0.00310	0.00374	0.01154	0.00433	0.00403
10	0.00975	0.00914	0.01538	0.78416	0.03515	0.01138	0.01422	0.01315	0.01040	0.01331	0.00975	0.03425	0.00764	0.00549	0.00524	0.00175	0.00684	0.00489	0.00238	0.00575
11	0.01051	0.02785	0.01411	0.06825	0.01392	0.02603	0.01010	0.01173	0.00859	0.01256	0.01081	0.13134	0.01161	0.05570	0.01474	0.00233	0.55557	0.00619	0.00271	0.00537
12	0.00828	0.00613	0.00714	0.00647	0.00779	0.00545	0.00423	0.00905	0.00881	0.01246	0.01624	0.14223	0.01812	0.47519	0.01734	0.00344	0.00442	0.00740	0.00338	0.23641
13	0.02778	0.00768	0.00897	0.00818	0.00992	0.00793	0.00616	0.17382	0.07049	0.03716	0.04985	0.15354	0.13017	0.02689	0.00985	0.21624	0.00415	0.02999	0.00429	0.01696
14	0.01362	0.61139	0.02421	0.13998	0.01719	0.01851	0.00991	0.04563	0.01113	0.03031	0.00806	0.00973	0.00695	0.00484	0.00419	0.00128	0.03070	0.00327	0.00246	0.00664
15	0.16959	0.01290	0.01366	0.01064	0.01462	0.01404	0.00879	0.51830	0.02021	0.14750	0.01280	0.01258	0.00890	0.00603	0.00486	0.00158	0.00523	0.00444	0.00504	0.00828
16	0.00744	0.00503	0.00644	0.00694	0.00784	0.00458	0.00488	0.00878	0.01146	0.05681	0.18283	0.50692	0.14217	0.01420	0.00640	0.00194	0.00293	0.01267	0.00510	0.00464
17	0.11351	0.01077	0.02944	0.04260	0.11557	0.01059	0.12969	0.13911	0.01358	0.13642	0.01470	0.13226	0.01283	0.00745	0.00578	0.02725	0.00545	0.01783	0.00404	0.03113
18	0.01945	0.01361	0.01484	0.01154	0.01556	0.01489	0.00948	0.60826	0.10377	0.11284	0.01430	0.01381	0.01004	0.00636	0.00522	0.00159	0.00542	0.00488	0.00535	0.00879
19	0.00651	0.00469	0.00617	0.00706	0.00757	0.00435	0.00482	0.00768	0.01082	0.01457	0.15338	0.65840	0.06412	0.01527	0.00655	0.00202	0.00291	0.01378	0.00498	0.00435
20	0.06417	0.00863	0.00974	0.00854	0.01093	0.00902	0.00644	0.03422	0.27984	0.18124	0.06130	0.05445	0.01754	0.19303	0.01008	0.00245	0.00428	0.00640	0.00486	0.03284
21	0.01951	0.02314	0.01490	0.01318	0.01611	0.66786	0.01004	0.14349	0.01636	0.01605	0.00878	0.00990	0.00706	0.00551	0.00478	0.00138	0.00879	0.00357	0.00310	0.00650
22	0.01080	0.00926	0.01080	0.00771	0.01234	0.00694	0.00617	0.01311	0.01080	0.01697	0.00926	0.01080	0.00771	0.00386	0.00386	0.00077	0.00386	0.00309	0.00309	0.84882
23	0.00635	0.00528	0.00555	0.00549	0.00716	0.00448	0.00411	0.00786	0.01234	0.01519	0.17260	0.04827	0.66184	0.01277	0.00615	0.00174	0.00261	0.01073	0.00498	0.00448
24	0.85377	0.01007	0.00765	0.00685	0.01007	0.01168	0.00564	0.01531	0.00886	0.02336	0.00725	0.00846	0.00564	0.00483	0.00322	0.00161	0.00403	0.00282	0.00322	0.00564
25	0.01702	0.01350	0.01405	0.01146	0.01509	0.03723	0.00923	0.44661	0.32783	0.02778	0.01589	0.01522	0.01164	0.00656	0.00523	0.00164	0.00518	0.00514	0.00517	0.00853
26	0.00761	0.00540	0.00669	0.00653	0.00784	0.00484	0.00477	0.00940	0.01279	0.04412	0.40216	0.19070	0.18946	0.04761	0.00704	0.00188	0.00283	0.01035	0.00520	0.03279
27	0.01007	0.00696	0.00834	0.00750	0.00949	0.00646	0.00558	0.07362	0.04059	0.08008	0.19160	0.21237	0.10160	0.08684	0.00767	0.00195	0.00355	0.00885	0.00479	0.13208
28	0.01392	0.82012	0.02729	0.00891	0.01337	0.02061	0.00891	0.01559	0.01058	0.01225	0.00724	0.00835	0.00668	0.00446	0.00334	0.00111	0.00557	0.00278	0.00223	0.00668
29	0.01289	0.01237	0.02114	0.03196	0.78450	0.01237	0.01598	0.01598	0.01186	0.01701	0.00980	0.01289	0.00825	0.00464	0.00516	0.00155	0.00619	0.00464	0.00258	0.00825
30	0.05687	0.00536	0.00658	0.00708	0.00800	0.00512	0.00499	0.02367	0.01138	0.03269	0.17546	0.52368	0.09206	0.01388	0.00625	0.00194	0.00303	0.01235	0.00496	0.00465
31	0.00648	0.00475	0.00640	0.03896	0.00866	0.00453	0.00519	0.00750	0.01005	0.01332	0.02876	0.75515	0.05937	0.01576	0.00657	0.00209	0.00316	0.01427	0.00473	0.00430
32	0.00660	0.00529	0.00589	0.00574	0.00731	0.00458	0.00430	0.00833	0.01291	0.01654	0.31757	0.04604	0.51603	0.01227	0.00615	0.00171	0.00257	0.01042	0.00516	0.00458
33	0.69185	0.00984	0.00852	0.00732	0.01070	0.01090	0.00603	0.01727	0.01004	0.17248	0.00984	0.01027	0.00705	0.00515	0.00362	0.00161	0.00411	0.00329	0.00385	0.00627
34	0.00769	0.00573	0.00691	0.00738	0.00833	0.00556	0.00518	0.06990	0.03755	0.01536	0.04692	0.56220	0.14834	0.03828	0.00698	0.00208	0.00327	0.01275	0.00485	0.00475
35	0.01510	0.01028	0.01159	0.00998	0.01307	0.01116	0.00788	0.06733	0.48877	0.19233	0.09570	0.02058	0.01811	0.00724	0.00536	0.00171	0.00412	0.00602	0.00559	0.00809
36	0.00983	0.00926	0.01562	0.80447	0.03587	0.01157	0.01446	0.01331	0.01041	0.01331	0.00926	0.01388	0.00694	0.00521	0.00521	0.00174	0.00694	0.00463	0.00231	0.00579
37	0.00835	0.00529	0.00656	0.00685	0.00799	0.00474	0.00485	0.00953	0.01116	0.10218	0.07380	0.44501	0.22592	0.05335	0.00731	0.00208	0.00315	0.01208	0.00498	0.00479
38	0.05693	0.01052	0.01714	0.51343	0.17190	0.02735	0.06792	0.01479	0.01100	0.04600	0.00977	0.01348	0.00742	0.00508	0.00515	0.00168	0.00672	0.00464	0.00261	0.00645
39	0.01423	0.00684	0.00916	0.00772	0.01015	0.00609	0.00609	0.01650	0.01481	0.35009	0.45513	0.02981	0.03358	0.00884	0.00575	0.00163	0.00330	0.00762	0.00604	0.00661
40	0.01272	0.00619	0.00834	0.00796	0.00970	0.00554	0.00589	0.01413	0.01209	0.30122	0.07073	0.47196	0.02733	0.01231	0.00609	0.00190	0.00351	0.01093	0.00549	0.00599
41	0.01575	0.01026	0.01153	0.00944	0.01268	0.01065	0.00760	0.27454	0.15121	0.18660	0.08104	0.02416	0.16533	0.00812	0.00549	0.00165	0.00432	0.00660	0.00545	0.00758
42	0.01248	0.01199	0.01913	0.16122	0.35132	0.03070	0.11707	0.04475	0.13761	0.01746	0.01232	0.03909	0.01003	0.00554	0.00536	0.00166	0.00630	0.00534	0.00315	0.00749
43	0.10671	0.01204	0.01305	0.04169	0.01497	0.01256	0.00843	0.37202	0.08692	0.04076	0.01189	0.01240	0.00885	0.00549	0.00464	0.00138	0.00492	0.00418	0.00434	0.23275
44	0.01292	0.66361	0.02349	0.00860	0.01236	0.03346	0.00817	0.01452	0.01062	0.01263	0.05611	0.01260	0.01045	0.06575	0.03484	0.00171	0.00573	0.00366	0.00254	0.00623
45	0.03714	0.31247	0.34964	0.02499	0.01782	0.02946	0.02446	0.03954	0.01126	0.04639	0.00905	0.01055	0.00709	0.00573	0.02086	0.00161	0.03866	0.00361	0.00254	0.00714
46	0.01141	0.08208	0.46860	0.01414	0.04765	0.02747	0.08036	0.01605	0.01193	0.05876	0.11882	0.01540	0.01312	0.00574	0.00512	0.00160	0.00669	0.00485	0.00299	0.00722
47	0.00619	0.00514	0.00541	0.00563	0.00713	0.00437	0.00412	0.00743	0.01152	0.01393	0.04838	0.18890	0.64643	0.01376	0.00624	0.00182	0.00271	0.01168	0.00484	0.00437
48	0.00664	0.00468	0.00607	0.00701	0.00731	0.00444	0.00463	0.00748	0.00978	0.01308	0.05435	0.63253	0.03220	0.15447	0.01007	0.00261	0.00339	0.03059	0.00458	0.00408
49	0.01795	0.01371	0.01405	0.03528	0.01558	0.08729	0.00932	0.42600	0.15466	0.10468	0.04266	0.01582	0.01211	0.00661	0.00525	0.00161	0.00556	0.01865	0.00504	0.00817
50	0.07345	0.01032	0.01262	0.00978	0.01376	0.01000	0.00806	0.19553	0.03733	0.54638	0.01789	0.01600	0.01160	0.00632	0.00511	0.00160	0.00470	0.00498	0.00593	0.00865

[dist]
# distance from previous block
# <min> <max>
0	1

[block]
# block no. 3 follows, 47 sequences, length 89
# corresponding to MSA columns:
# 572-660
name=unknown_D
#
# <colnr> <probs for GDERKNQSTAVLIFYWHMCP>
#	G	D	E	R	K	N	Q	S	T	A	V	L	I	F	Y	W	H	M	C	P
0	0.04185	0.20185	0.22196	0.01121	0.02955	0.09376	0.01111	0.06652	0.02778	0.01671	0.00910	0.01039	0.00726	0.00471	0.00424	0.00126	0.00602	0.00343	0.00280	0.22850
1	0.01045	0.02694	0.79000	0.01484	0.02254	0.01209	0.01924	0.01649	0.01099	0.01649	0.00935	0.01099	0.00660	0.00495	0.00495	0.00165	0.00770	0.00385	0.00220	0.00770
2	0.01035	0.00810	0.02138	0.00826	0.01038	0.00818	0.00650	0.07780	0.21952	0.04243	0.46609	0.03072	0.05065	0.00917	0.00580	0.00167	0.00331	0.00791	0.00552	0.00627
3	0.01395	0.01209	0.04125	0.04498	0.03569	0.01207	0.00900	0.21725	0.29111	0.02272	0.01445	0.01457	0.01092	0.00577	0.00487	0.00143	0.00478	0.00466	0.00437	0.23409
4	0.01128	0.00969	0.01020	0.00931	0.01192	0.01080	0.00720	0.02265	0.58112	0.02015	0.06453	0.02669	0.17533	0.00850	0.00552	0.00176	0.00374	0.00711	0.00522	0.00729
5	0.06004	0.00707	0.02912	0.03975	0.01035	0.00623	0.00610	0.02825	0.01228	0.12360	0.05327	0.08289	0.42155	0.01128	0.00589	0.00181	0.00360	0.08674	0.00481	0.00539
6	0.01405	0.36368	0.22810	0.03078	0.04342	0.04105	0.04019	0.03742	0.04754	0.09343	0.01023	0.01117	0.00788	0.00501	0.00436	0.00141	0.00626	0.00376	0.00291	0.00733
7	0.00796	0.00663	0.00964	0.14743	0.04151	0.00749	0.00776	0.00938	0.00973	0.01318	0.02101	0.49783	0.02413	0.04836	0.00870	0.00218	0.11751	0.01090	0.00388	0.00481
8	0.00634	0.00453	0.00604	0.00725	0.00755	0.00423	0.00483	0.00725	0.00997	0.01329	0.02870	0.81358	0.03444	0.01632	0.00665	0.00211	0.00302	0.01480	0.00483	0.00423
9	0.03034	0.01218	0.07286	0.31121	0.28356	0.02508	0.06952	0.03598	0.02557	0.03404	0.01084	0.04615	0.00888	0.00548	0.00525	0.00167	0.00655	0.00508	0.00278	0.00698
10	0.05321	0.01431	0.03657	0.06779	0.37684	0.13016	0.06846	0.08160	0.02556	0.08004	0.01071	0.01272	0.00831	0.00510	0.00508	0.00156	0.00663	0.00453	0.00318	0.00765
11	0.00890	0.07098	0.07755	0.00766	0.01002	0.00742	0.00655	0.03761	0.06214	0.04934	0.03394	0.22558	0.34524	0.02565	0.00618	0.00183	0.00373	0.00979	0.00449	0.00541
12	0.85377	0.01007	0.00765	0.00685	0.01007	0.01168	0.00564	0.01531	0.00886	0.02336	0.00725	0.00846	0.00564	0.00483	0.00322	0.00161	0.00403	0.00282	0.00322	0.00564
13	0.00757	0.00505	0.00568	0.00568	0.00568	0.00505	0.00316	0.00757	0.00757	0.01010	0.01641	0.03408	0.01893	0.81698	0.02651	0.00505	0.00505	0.00757	0.00316	0.00316
14	0.01956	0.01447	0.01550	0.01193	0.01606	0.01604	0.00984	0.74182	0.05018	0.03244	0.01280	0.01274	0.00910	0.00628	0.00521	0.00157	0.00568	0.00473	0.00521	0.00884
15	0.03128	0.43056	0.14982	0.01008	0.01504	0.01618	0.01025	0.11681	0.01253	0.01673	0.00863	0.00975	0.00711	0.00469	0.00394	0.00122	0.00564	0.00327	0.00279	0.14368
16	0.01925	0.01330	0.04717	0.01156	0.01571	0.01341	0.03699	0.49594	0.03542	0.19677	0.01469	0.03079	0.01040	0.00639	0.00523	0.00159	0.00547	0.00507	0.02633	0.00853
17	0.00670	0.00542	0.00603	0.00622	0.00782	0.00475	0.00489	0.00833	0.01217	0.01501	0.11788	0.05068	0.56928	0.01317	0.00635	0.00187	0.00303	0.15098	0.00491	0.00452
18	0.00670	0.00522	0.00610	0.00626	0.00752	0.00468	0.00455	0.00852	0.02790	0.01602	0.25877	0.24134	0.36143	0.01312	0.00626	0.00181	0.00271	0.01140	0.00511	0.00458
19	0.18121	0.35144	0.24979	0.02383	0.01579	0.01556	0.01136	0.05048	0.01101	0.01688	0.00837	0.00970	0.00671	0.00481	0.00392	0.00141	0.00585	0.00328	0.02179	0.00682
20	0.01051	0.00965	0.01573	0.74029	0.04921	0.01187	0.01421	0.06011	0.01131	0.01459	0.00947	0.01378	0.00709	0.00526	0.00521	0.00172	0.00685	0.00463	0.00250	0.00602
21	0.00757	0.00505	0.00568	0.00568	0.00568	0.00505	0.00316	0.00757	0.00757	0.01010	0.01641	0.03408	0.01893	0.81698	0.02651	0.00505	0.00505	0.00757	0.00316	0.00316
22	0.00737	0.00496	0.00574	0.00594	0.00599	0.00492	0.00343	0.00752	0.00796	0.01062	0.01842	0.16132	0.02146	0.68629	0.02326	0.00457	0.00472	0.00875	0.00343	0.00333
23	0.01005	0.00954	0.01642	0.68298	0.07831	0.01143	0.05567	0.01351	0.01078	0.01402	0.04108	0.01486	0.00880	0.00535	0.00529	0.00172	0.00681	0.00491	0.00249	0.00596
24	0.01080	0.00926	0.01080	0.00771	0.01234	0.00694	0.00617	0.01311	0.01080	0.01697	0.00926	0.01080	0.00771	0.00386	0.00386	0.00077	0.00386	0.00309	0.00309	0.84882
25	0.00757	0.00505	0.00568	0.00568	0.00568	0.00505	0.00316	0.00757	0.00757	0.01010	0.01641	0.03408	0.01893	0.81698	0.02651	0.00505	0.00505	0.00757	0.00316	0.00316
26	0.00729	0.00493	0.00576	0.00604	0.00610	0.00486	0.00354	0.00750	0.00812	0.01082	0.01919	0.21070	0.02245	0.63557	0.02201	0.00438	0.00459	0.00921	0.00354	0.00340
27	0.69971	0.00985	0.00848	0.00730	0.01067	0.01094	0.00601	0.01718	0.00998	0.16524	0.00972	0.01018	0.00699	0.00513	0.00360	0.00161	0.00410	0.00327	0.00382	0.00624
28	0.85377	0.01007	0.00765	0.00685	0.01007	0.01168	0.00564	0.01531	0.00886	0.02336	0.00725	0.00846	0.00564	0.00483	0.00322	0.00161	0.00403	0.00282	0.00322	0.00564
29	0.00628	0.00528	0.00545	0.00541	0.00711	0.00445	0.00406	0.00772	0.01217	0.01477	0.12789	0.04896	0.70682	0.01293	0.00615	0.00175	0.00262	0.01083	0.00493	0.00445
30	0.00757	0.00505	0.00568	0.00568	0.00568	0.00505	0.00316	0.00757	0.00757	0.01010	0.01641	0.03408	0.01893	0.81698	0.02651	0.00505	0.00505	0.00757	0.00316	0.00316
31	0.00787	0.00528	0.00593	0.00584	0.00594	0.00532	0.00332	0.02629	0.00799	0.01066	0.01631	0.03355	0.01868	0.79700	0.02598	0.00496	0.00507	0.00750	0.00321	0.00330
32	0.01392	0.82012	0.02729	0.00891	0.01337	0.02061	0.00891	0.01559	0.01058	0.01225	0.00724	0.00835	0.00668	0.00446	0.00334	0.00111	0.00557	0.00278	0.00223	0.00668
33	0.01155	0.00997	0.01472	0.37494	0.13450	0.01058	0.01169	0.03016	0.07999	0.04771	0.01094	0.01360	0.00841	0.00503	0.00487	0.00146	0.00568	0.00438	0.00304	0.21677
34	0.01328	0.14244	0.43501	0.03498	0.06554	0.06604	0.04680	0.01757	0.01173	0.10453	0.01031	0.01158	0.00751	0.00504	0.00479	0.00154	0.00705	0.00398	0.00277	0.00752
35	0.00634	0.00453	0.00604	0.00725	0.00755	0.00423	0.00483	0.00725	0.00997	0.01329	0.02870	0.81358	0.03444	0.01632	0.00665	0.00211	0.00302	0.01480	0.00483	0.00423
36	0.06966	0.18136	0.42141	0.01458	0.05981	0.01371	0.10203	0.01662	0.01114	0.05035	0.00944	0.01104	0.00707	0.00483	0.00467	0.00154	0.00692	0.00393	0.00253	0.00736
37	0.01295	0.01119	0.01178	0.01060	0.01354	0.01295	0.00824	0.02767	0.77509	0.02178	0.02120	0.01943	0.01590	0.00707	0.00530	0.00177	0.00412	0.00589	0.00530	0.00824
38	0.01500	0.01220	0.01293	0.01101	0.01432	0.01391	0.00874	0.24850	0.55093	0.02508	0.01860	0.01736	0.01379	0.00682	0.00527	0.00171	0.00460	0.00553	0.00527	0.00843
39	0.01980	0.01459	0.01563	0.01198	0.01615	0.01615	0.00990	0.76713	0.02448	0.03282	0.01250	0.01250	0.00886	0.00625	0.00521	0.00156	0.00573	0.00469	0.00521	0.00886
40	0.01013	0.00956	0.01615	0.73032	0.10772	0.01165	0.01461	0.01356	0.01055	0.01366	0.00931	0.01379	0.00707	0.00515	0.00520	0.00172	0.00687	0.00463	0.00234	0.00602
41	0.00634	0.00453	0.00604	0.00725	0.00755	0.00423	0.00483	0.00725	0.00997	0.01329	0.02870	0.81358	0.03444	0.01632	0.00665	0.00211	0.00302	0.01480	0.00483	0.00423
42	0.00757	0.00507	0.00579	0.00579	0.00583	0.00511	0.00329	0.00764	0.00761	0.01018	0.01631	0.03352	0.01869	0.78504	0.05812	0.00519	0.00541	0.00749	0.00314	0.00322
43	0.01442	0.46989	0.17361	0.01139	0.01611	0.18952	0.03010	0.01694	0.01162	0.01330	0.00791	0.00924	0.00670	0.00475	0.00402	0.00128	0.00691	0.00320	0.00233	0.00675
44	0.00740	0.00498	0.00573	0.00590	0.00594	0.00493	0.00339	0.00753	0.00791	0.01055	0.01814	0.14416	0.02112	0.70392	0.02370	0.00463	0.00476	0.00859	0.00339	0.00331
45	0.00677	0.00530	0.00613	0.00592	0.00741	0.00466	0.00444	0.00867	0.01333	0.01754	0.42377	0.04441	0.40921	0.01189	0.00615	0.00170	0.00255	0.01019	0.00529	0.00466
46	0.00757	0.00505	0.00568	0.00568	0.00568	0.00505	0.00316	0.00757	0.00757	0.01010	0.01641	0.03408	0.01893	0.81698	0.02651	0.00505	0.00505	0.00757	0.00316	0.00316
47	0.01260	0.01207	0.02061	0.10611	0.71265	0.01230	0.01584	0.01573	0.01172	0.01666	0.00974	0.01298	0.00812	0.00469	0.00516	0.00156	0.00626	0.00464	0.00255	0.00801
48	0.01002	0.00589	0.00683	0.11808	0.01072	0.00625	0.00544	0.04314	0.01144	0.01892	0.01694	0.01940	0.03858	0.00620	0.00401	0.00132	0.00321	0.00503	0.66346	0.00513
49	0.00634	0.00453	0.00604	0.00725	0.00755	0.00423	0.00483	0.00725	0.00997	0.01329	0.02870	0.81358	0.03444	0.01632	0.00665	0.00211	0.00302	0.01480	0.00483	0.00423
50	0.02336	0.00886	0.01209	0.00927	0.01329	0.00765	0.00765	0.02538	0.01491	0.78810	0.02055	0.01773	0.01289	0.00645	0.00524	0.00161	0.00443	0.00524	0.00645	0.00886
51	0.00637	0.00455	0.00607	0.00723	0.00756	0.00425	0.00484	0.00732	0.01009	0.01348	0.04758	0.79416	0.03481	0.01617	0.00663	0.00210	0.00301	0.01467	0.00486	0.00425
52	0.85377	0.01007	0.00765	0.00685	0.01007	0.01168	0.00564	0.01531	0.00886	0.02336	0.00725	0.00846	0.00564	0.00483	0.00322	0.00161	0.00403	0.00282	0.00322	0.00564
53	0.01389	0.53238	0.16419	0.01090	0.01587	0.03517	0.03841	0.08770	0.03130	0.01539	0.00861	0.00974	0.00715	0.00480	0.00399	0.00130	0.00614	0.00337	0.00261	0.00711
54	0.01945	0.02482	0.01476	0.01342	0.01610	0.79608	0.01006	0.02079	0.01476	0.01275	0.00805	0.00939	0.00671	0.00537	0.00470	0.00134	0.00939	0.00335	0.00268	0.00604
55	0.01518	0.01043	0.01159	0.01009	0.01321	0.01146	0.00794	0.02659	0.57600	0.19437	0.02090	0.01904	0.01513	0.00689	0.00522	0.00171	0.00413	0.00570	0.03613	0.00826
56	0.00634	0.00455	0.00602	0.00719	0.00754	0.00423	0.00481	0.00726	0.01003	0.01332	0.02941	0.79123	0.05635	0.01622	0.00663	0.00210	0.00301	0.01469	0.00483	0.00423
57	0.01080	0.00926	0.01080	0.00771	0.01234	0.00694	0.00617	0.01311	0.01080	0.01697	0.00926	0.01080	0.00771	0.00386	0.00386	0.00077	0.00386	0.00309	0.00309	0.84882
58	0.02046	0.01227	0.12259	0.01103	0.03545	0.00961	0.00980	0.11239	0.04295	0.54083	0.01774	0.01609	0.01151	0.00619	0.00519	0.00161	0.00508	0.00498	0.00555	0.00866
59	0.01509	0.09170	0.01799	0.04453	0.31922	0.15070	0.03773	0.01789	0.03375	0.12497	0.01279	0.01717	0.01073	0.00602	0.00514	0.00158	0.00637	0.07589	0.00339	0.00734
60	0.85377	0.01007	0.00765	0.00685	0.01007	0.01168	0.00564	0.01531	0.00886	0.02336	0.00725	0.00846	0.00564	0.00483	0.00322	0.00161	0.00403	0.00282	0.00322	0.00564
61	0.00615	0.00528	0.00528	0.00528	0.00703	0.00440	0.00396	0.00747	0.01187	0.01407	0.05276	0.05012	0.78238	0.01319	0.00615	0.00176	0.00264	0.01099	0.00484	0.00440
62	0.47078	0.01060	0.01015	0.00837	0.01185	0.01159	0.00689	0.18493	0.01366	0.16586	0.02881	0.01208	0.00891	0.00562	0.00412	0.00159	0.00440	0.00389	0.02899	0.00691
63	0.02034	0.01280	0.17541	0.01080	0.01564	0.00874	0.03228	0.02326	0.01401	0.60405	0.01791	0.01621	0.01143	0.00607	0.00520	0.00162	0.00524	0.00497	0.00545	0.00856
64	0.00615	0.00528	0.00528	0.00528	0.00703	0.00440	0.00396	0.00747	0.01187	0.01407	0.05276	0.05012	0.78238	0.01319	0.00615	0.00176	0.00264	0.01099	0.00484	0.00440
65	0.01324	0.00959	0.01134	0.00825	0.01276	0.00772	0.00666	0.07057	0.01239	0.12704	0.01109	0.01190	0.00853	0.00440	0.00415	0.00095	0.00408	0.00351	0.00372	0.66813
66	0.03428	0.06955	0.31235	0.01513	0.05492	0.18960	0.10769	0.08864	0.01342	0.05237	0.00986	0.01133	0.00734	0.00512	0.00495	0.00155	0.00760	0.00411	0.00288	0.00732
67	0.01230	0.01401	0.03052	0.02217	0.04381	0.01315	0.74916	0.01667	0.01228	0.01669	0.01052	0.01402	0.00791	0.00440	0.00612	0.00175	0.00872	0.00611	0.00263	0.00705
68	0.00640	0.00457	0.00610	0.00731	0.00764	0.00428	0.00493	0.00734	0.01002	0.01335	0.02867	0.79363	0.03432	0.01626	0.00666	0.00212	0.00307	0.03422	0.00483	0.00424
69	0.02300	0.00878	0.01197	0.00920	0.01317	0.00759	0.00759	0.02502	0.01490	0.77061	0.03790	0.01821	0.01372	0.00654	0.00526	0.00161	0.00439	0.00533	0.00643	0.00877
70	0.08291	0.10553	0.01398	0.05538	0.03082	0.01071	0.00836	0.11517	0.01444	0.41989	0.01634	0.03131	0.01179	0.02809	0.00551	0.00168	0.00488	0.03035	0.00505	0.00779
71	0.01255	0.01187	0.01889	0.27144	0.48096	0.03333	0.01496	0.06335	0.01229	0.01675	0.00975	0.01308	0.00784	0.00494	0.00516	0.00160	0.00648	0.00460	0.00267	0.00746
72	0.00634	0.00453	0.00604	0.00725	0.00755	0.00423	0.00483	0.00725	0.00997	0.01329	0.02870	0.81358	0.03444	0.01632	0.00665	0.00211	0.00302	0.01480	0.00483	0.00423
73	0.01103	0.00967	0.01090	0.00786	0.01244	0.02792	0.00627	0.01332	0.01090	0.01686	0.00922	0.01076	0.00769	0.00390	0.00388	0.00079	0.00400	0.00309	0.00307	0.82641
74	0.01692	0.07363	0.01516	0.01054	0.01476	0.01119	0.06773	0.21114	0.04154	0.23482	0.01406	0.03330	0.01032	0.00570	0.00485	0.00138	0.00501	0.00470	0.00458	0.21867
75	0.28270	0.17148	0.10108	0.03274	0.02990	0.17574	0.03525	0.05211	0.01156	0.01754	0.00849	0.01058	0.00703	0.03829	0.00498	0.00161	0.00625	0.00352	0.00284	0.00630
76	0.01901	0.01391	0.01488	0.01152	0.01547	0.01538	0.00948	0.70190	0.04375	0.03172	0.01301	0.01310	0.00932	0.00626	0.00512	0.00155	0.00549	0.00473	0.05582	0.00860
77	0.00664	0.00519	0.00602	0.00604	0.00739	0.00457	0.00444	0.00833	0.01268	0.01652	0.32367	0.15482	0.39972	0.01268	0.00622	0.00176	0.00262	0.01094	0.00517	0.00457
78	0.00788	0.00646	0.00967	0.21211	0.07485	0.00685	0.00807	0.00966	0.01038	0.01375	0.05172	0.42293	0.05744	0.06271	0.00739	0.00213	0.00438	0.02275	0.00395	0.00491
79	0.00653	0.00463	0.00609	0.00715	0.00745	0.00439	0.00475	0.00739	0.00973	0.01298	0.02715	0.70339	0.03238	0.10156	0.02087	0.00253	0.00344	0.02883	0.00462	0.00413
80	0.04040	0.03901	0.01480	0.04815	0.01671	0.70977	0.01008	0.02036	0.02995	0.01322	0.00834	0.00975	0.00688	0.00536	0.00467	0.00137	0.00896	0.00344	0.00273	0.00607
81	0.01771	0.01298	0.01404	0.01129	0.01501	0.01438	0.00915	0.47565	0.25504	0.08094	0.01600	0.02823	0.01173	0.00668	0.00526	0.00164	0.00510	0.00526	0.00532	0.00859
82	0.01075	0.01013	0.01686	0.53799	0.24417	0.01150	0.01437	0.01404	0.01084	0.01457	0.00941	0.01341	0.00736	0.00496	0.00511	0.00162	0.00654	0.00453	0.00244	0.05938
83	0.01137	0.00621	0.00824	0.00723	0.00916	0.00560	0.00560	0.01372	0.01478	0.21291	0.59123	0.03360	0.04006	0.00959	0.00592	0.00163	0.00295	0.00837	0.00591	0.00590
84	0.01440	0.00769	0.01044	0.00896	0.02424	0.00718	0.03411	0.03681	0.06678	0.31116	0.31343	0.06419	0.03995	0.00856	0.00566	0.00165	0.00373	0.00744	0.02680	0.00683
85	0.04238	0.01412	0.06979	0.01289	0.06776	0.01391	0.01043	0.50506	0.02047	0.17046	0.01344	0.01328	0.00932	0.00605	0.00514	0.00158	0.00561	0.00468	0.00499	0.00865
86	0.00680	0.00519	0.00624	0.00622	0.00749	0.00463	0.00457	0.00863	0.01303	0.01738	0.41641	0.16038	0.29938	0.01238	0.00622	0.00175	0.00260	0.01078	0.00529	0.00463
87	0.03125	0.48043	0.16279	0.03104	0.01564	0.06835	0.02683	0.03421	0.01125	0.01402	0.01009	0.03993	0.02929	0.00596	0.01812	0.00146	0.00626	0.00390	0.00254	0.00665
88	0.02939	0.00967	0.06878	0.04356	0.03307	0.00882	0.04173	0.15320	0.01295	0.03525	0.08882	0.09516	0.03242	0.17562	0.08559	0.00297	0.00586	0.00677	0.02627	0.04410

[dist]
# distance from previous block
# <min> <max>
1	11

[block]
# block no. 4 follows, 47 sequences, length 33
# corresponding to MSA columns:
# 672-704
name=unknown_E
#
# <colnr> <probs for GDERKNQSTAVLIFYWHMCP>
#	G	D	E	R	K	N	Q	S	T	A	V	L	I	F	Y	W	H	M	C	P
0	0.12944	0.01091	0.01205	0.12940	0.05023	0.04674	0.00882	0.20861	0.11370	0.03356	0.07114	0.05775	0.09143	0.00740	0.00515	0.00166	0.00496	0.00599	0.00428	0.00676
1	0.00734	0.00530	0.00693	0.00658	0.00777	0.00489	0.00491	0.00974	0.01458	0.02062	0.75596	0.06543	0.04863	0.01084	0.00616	0.00165	0.00248	0.00960	0.00570	0.00489
2	0.01129	0.01167	0.06282	0.34484	0.12208	0.05215	0.01230	0.01742	0.19823	0.01675	0.08571	0.01708	0.01328	0.00610	0.00527	0.00168	0.00590	0.00528	0.00342	0.00675
3	0.00634	0.00453	0.00604	0.00725	0.00755	0.00423	0.00483	0.00725	0.00997	0.01329	0.02870	0.81358	0.03444	0.01632	0.00665	0.00211	0.00302	0.01480	0.00483	0.00423
4	0.01223	0.11936	0.34187	0.01579	0.02161	0.02633	0.25983	0.05528	0.01217	0.03417	0.01073	0.04749	0.00853	0.00532	0.00523	0.00163	0.00743	0.00502	0.00272	0.00726
5	0.06040	0.10499	0.04262	0.01182	0.01519	0.37902	0.00963	0.17517	0.09647	0.01867	0.01053	0.01127	0.00825	0.00561	0.00463	0.00143	0.00714	0.00387	0.02636	0.00693
6	0.85377	0.01007	0.00765	0.00685	0.01007	0.01168	0.00564	0.01531	0.00886	0.02336	0.00725	0.00846	0.00564	0.00483	0.00322	0.00161	0.00403	0.00282	0.00322	0.00564
7	0.07908	0.09592	0.57815	0.04885	0.04618	0.01293	0.01665	0.03580	0.01114	0.01697	0.00908	0.01078	0.00666	0.00493	0.00469	0.00160	0.00707	0.00375	0.00238	0.00740
8	0.04598	0.00726	0.02037	0.00820	0.02396	0.00691	0.03212	0.01308	0.12724	0.04576	0.32909	0.07543	0.20638	0.01026	0.00587	0.00173	0.00334	0.02633	0.00509	0.00560
9	0.00661	0.00486	0.00604	0.00669	0.00739	0.00447	0.00461	0.00775	0.01078	0.01417	0.12801	0.47357	0.18037	0.08997	0.00836	0.00227	0.00311	0.03192	0.00479	0.00426
10	0.01316	0.01355	0.10170	0.17258	0.29463	0.03209	0.03178	0.12486	0.04028	0.03801	0.01167	0.01387	0.02666	0.00532	0.00511	0.00156	0.00623	0.00468	0.00315	0.05911
11	0.11484	0.01230	0.01354	0.01057	0.01453	0.01310	0.00870	0.43654	0.05849	0.24258	0.01460	0.01386	0.00998	0.00619	0.00500	0.00159	0.00509	0.00469	0.00534	0.00846
12	0.01196	0.21021	0.47500	0.01590	0.13550	0.01402	0.01603	0.01643	0.01113	0.03523	0.00921	0.01083	0.00703	0.00482	0.00461	0.00151	0.00689	0.00375	0.00237	0.00757
