[name]
unknown

[dist]
# distance from previous block
# <min> <max>
100	354

[block]
# block no. 0 follows, 45 sequences, length 6
# corresponding to MSA columns:
# 535-540
name=unknown_A
#
# <colnr> <probs for GDERKNQSTAVLIFYWHMCP>
#	G	D	E	R	K	N	Q	S	T	A	V	L	I	F	Y	W	H	M	C	P
0	0.01323	0.04477	0.08969	0.14869	0.42788	0.06753	0.01493	0.04716	0.01254	0.01706	0.00982	0.01269	0.00795	0.00497	0.00512	0.00155	0.00668	0.00444	0.00272	0.06059
1	0.01321	0.01238	0.01972	0.10362	0.54159	0.03916	0.03918	0.01685	0.04514	0.03823	0.01168	0.01592	0.00983	0.00547	0.00541	0.00164	0.00638	0.03996	0.00299	0.03164
2	0.15760	0.10303	0.01561	0.09571	0.13720	0.08052	0.01005	0.15597	0.01428	0.05600	0.03390	0.01489	0.05539	0.00599	0.00477	0.00154	0.00569	0.00463	0.00366	0.04356
3	0.00862	0.00629	0.00792	0.00786	0.00910	0.00615	0.00575	0.08291	0.01308	0.01799	0.24113	0.36147	0.03380	0.04898	0.05676	0.00247	0.00413	0.03782	0.00500	0.04277
4	0.14019	0.23686	0.07395	0.03140	0.08569	0.03257	0.00939	0.05145	0.01274	0.08471	0.15075	0.04027	0.01642	0.00655	0.00470	0.00153	0.00510	0.00514	0.00377	0.00681
5	0.14637	0.20561	0.16027	0.01090	0.01526	0.09050	0.01055	0.08069	0.03622	0.06537	0.01067	0.04196	0.00877	0.00588	0.00506	0.00153	0.04394	0.00415	0.00329	0.05302

[dist]
# distance from previous block
# <min> <max>
2	10

[block]
# block no. 1 follows, 45 sequences, length 6
# corresponding to MSA columns:
# 551-556
name=unknown_B
#
# <colnr> <probs for GDERKNQSTAVLIFYWHMCP>
#	G	D	E	R	K	N	Q	S	T	A	V	L	I	F	Y	W	H	M	C	P
0	0.06738	0.12942	0.19993	0.09461	0.01888	0.02913	0.06383	0.04060	0.07694	0.04901	0.01301	0.03449	0.03718	0.00578	0.00485	0.00153	0.00604	0.00471	0.00324	0.11945
1	0.01245	0.10825	0.01750	0.11785	0.06327	0.01100	0.13647	0.03613	0.03324	0.07965	0.01410	0.13818	0.01283	0.00678	0.00523	0.00153	0.00560	0.00620	0.00355	0.19018
2	0.01178	0.01039	0.01494	0.15108	0.11904	0.00991	0.05808	0.06423	0.01198	0.01734	0.01044	0.03667	0.00884	0.00566	0.00584	0.03403	0.03132	0.00446	0.00308	0.39089
3	0.01322	0.01154	0.01654	0.04952	0.38538	0.04883	0.01211	0.01597	0.01226	0.06872	0.01240	0.01759	0.01077	0.00575	0.00516	0.00147	0.00568	0.07717	0.00329	0.22665
4	0.01238	0.01183	0.02016	0.25271	0.56517	0.01252	0.01602	0.01568	0.01180	0.01644	0.00994	0.01358	0.00812	0.00495	0.00533	0.00165	0.00660	0.00478	0.00258	0.00777
5	0.01287	0.01220	0.02008	0.13291	0.60351	0.01270	0.01548	0.01730	0.08674	0.01751	0.01118	0.01409	0.00910	0.00511	0.00534	0.00164	0.00627	0.00491	0.00290	0.00816

[dist]
# distance from previous block
# <min> <max>
5	7

[block]
# block no. 2 follows, 45 sequences, length 19
# corresponding to MSA columns:
# 564-582
name=unknown_C
#
# <colnr> <probs for GDERKNQSTAVLIFYWHMCP>
#	G	D	E	R	K	N	Q	S	T	A	V	L	I	F	Y	W	H	M	C	P
0	0.01393	0.67696	0.02554	0.00964	0.01361	0.04791	0.00923	0.01561	0.01073	0.01266	0.00794	0.00971	0.00735	0.00739	0.05840	0.00175	0.05941	0.00321	0.00236	0.00665
1	0.01098	0.00954	0.01188	0.12695	0.01637	0.00787	0.00765	0.01355	0.01107	0.01692	0.00954	0.01161	0.00783	0.00418	0.00418	0.00094	0.00445	0.00342	0.00306	0.71799
2	0.01197	0.01145	0.01255	0.03827	0.01343	0.13812	0.00913	0.08375	0.01126	0.01475	0.01131	0.01596	0.01020	0.02274	0.37412	0.00503	0.20227	0.00500	0.00295	0.00574
3	0.01435	0.81458	0.02813	0.00918	0.01378	0.02124	0.00918	0.01607	0.01091	0.01263	0.00746	0.00861	0.00689	0.00459	0.00344	0.00115	0.00574	0.00287	0.00230	0.00689
4	0.00981	0.00858	0.01016	0.00919	0.01159	0.00892	0.05626	0.01729	0.33801	0.01802	0.03455	0.12419	0.31043	0.01065	0.00602	0.00186	0.00385	0.00919	0.00504	0.00640
5	0.01982	0.01421	0.01539	0.01199	0.01612	0.01565	0.00984	0.62255	0.11301	0.08377	0.01452	0.01411	0.01028	0.00656	0.00538	0.00164	0.00562	0.00502	0.00547	0.00905
6	0.01951	0.02455	0.01574	0.01537	0.07812	0.72700	0.01086	0.02103	0.01497	0.01349	0.00844	0.00997	0.00704	0.00547	0.00488	0.00140	0.00941	0.00356	0.00276	0.00641
7	0.01329	0.01275	0.02179	0.03295	0.77787	0.01275	0.01647	0.01647	0.01222	0.01754	0.01010	0.01329	0.00850	0.00478	0.00531	0.00159	0.00638	0.00478	0.00266	0.00850
8	0.01030	0.00971	0.01640	0.75827	0.07586	0.01197	0.01499	0.01386	0.01081	0.01392	0.00957	0.01426	0.00723	0.00534	0.00536	0.00178	0.00711	0.00477	0.00240	0.00610
9	0.00686	0.00523	0.00641	0.02937	0.00854	0.00485	0.00511	0.00805	0.01090	0.01388	0.03616	0.40477	0.28144	0.08335	0.00844	0.00233	0.00342	0.07171	0.00476	0.00442
10	0.01265	0.56215	0.12722	0.00958	0.01403	0.01714	0.00989	0.01513	0.01174	0.01482	0.14561	0.01464	0.01474	0.00581	0.00419	0.00132	0.00546	0.00425	0.00294	0.00670
11	0.01441	0.68750	0.09729	0.01007	0.01485	0.07315	0.01025	0.01653	0.01124	0.01307	0.00772	0.00894	0.00688	0.00470	0.00369	0.00122	0.00621	0.00301	0.00233	0.00694
12	0.32314	0.12951	0.04006	0.00945	0.01332	0.01384	0.00819	0.13430	0.14647	0.11495	0.01257	0.01258	0.00928	0.00576	0.00435	0.00161	0.00485	0.00409	0.00423	0.00743
13	0.01059	0.00833	0.00874	0.00785	0.01015	0.05554	0.00590	0.01399	0.11083	0.07856	0.13650	0.11977	0.20879	0.06328	0.00714	0.00187	0.00388	0.00840	0.00478	0.13512
14	0.06020	0.03753	0.04368	0.02694	0.01279	0.00907	0.00738	0.09673	0.06169	0.05974	0.12581	0.06097	0.08279	0.00726	0.00501	0.00141	0.00419	0.00597	0.00431	0.28651
15	0.01239	0.01118	0.04485	0.01140	0.05640	0.03444	0.04083	0.14039	0.18722	0.03257	0.06636	0.10188	0.14139	0.00862	0.00563	0.00168	0.00469	0.00734	0.00465	0.08609
16	0.03157	0.16539	0.04160	0.01320	0.07347	0.19988	0.08327	0.03382	0.01274	0.07669	0.01627	0.01832	0.10942	0.06011	0.00703	0.00179	0.04024	0.00530	0.00334	0.00654
17	0.12914	0.29418	0.27111	0.01197	0.04854	0.01513	0.01229	0.01741	0.07233	0.03722	0.03799	0.01205	0.00932	0.00533	0.00437	0.00151	0.00600	0.00389	0.00295	0.00727
18	0.06414	0.11382	0.01553	0.02906	0.09555	0.23928	0.00958	0.13861	0.01501	0.03865	0.08120	0.06806	0.04051	0.00707	0.00530	0.00156	0.02110	0.00544	0.00375	0.00678

[dist]
# distance from previous block
# <min> <max>
2	17

[block]
# block no. 3 follows, 45 sequences, length 88
# corresponding to MSA columns:
# 639-726
name=unknown_D
#
# <colnr> <probs for GDERKNQSTAVLIFYWHMCP>
#	G	D	E	R	K	N	Q	S	T	A	V	L	I	F	Y	W	H	M	C	P
0	0.01126	0.06874	0.40032	0.01303	0.05156	0.04586	0.01382	0.01569	0.02350	0.03025	0.11279	0.03874	0.01435	0.00625	0.00510	0.00155	0.00625	0.01666	0.00316	0.12112
1	0.01278	0.10123	0.28398	0.02249	0.35741	0.03011	0.03899	0.02984	0.04176	0.01721	0.01016	0.01235	0.00803	0.00501	0.00507	0.00160	0.00691	0.00437	0.00265	0.00806
2	0.12068	0.11974	0.21391	0.01528	0.14178	0.11790	0.01271	0.06932	0.06586	0.03205	0.03572	0.01255	0.00939	0.00549	0.00475	0.00157	0.00651	0.00418	0.00317	0.00744
3	0.02759	0.04671	0.01102	0.00874	0.01161	0.04254	0.00691	0.01831	0.14136	0.21211	0.23884	0.06909	0.03903	0.00827	0.00548	0.00160	0.00401	0.00697	0.00531	0.09451
4	0.04141	0.02337	0.55611	0.01599	0.07953	0.01280	0.03876	0.09437	0.02718	0.04565	0.01060	0.01205	0.00758	0.00529	0.00514	0.00169	0.00732	0.00424	0.00288	0.00806
5	0.00923	0.00683	0.00856	0.00903	0.01056	0.00682	0.00746	0.08780	0.02670	0.01738	0.03131	0.16976	0.15614	0.01393	0.00690	0.00221	0.00437	0.41474	0.00501	0.00528
6	0.02041	0.01504	0.01611	0.01235	0.01665	0.01665	0.01020	0.75997	0.02524	0.03383	0.01289	0.01289	0.00913	0.00644	0.00537	0.00161	0.00591	0.00483	0.00537	0.00913
7	0.01186	0.01181	0.01930	0.05456	0.41642	0.04588	0.13511	0.01479	0.01229	0.01645	0.01833	0.05760	0.12796	0.00699	0.00575	0.00171	0.00624	0.02658	0.00319	0.00719
8	0.01977	0.02513	0.01524	0.03621	0.01718	0.76761	0.01050	0.02121	0.01508	0.01315	0.00833	0.00981	0.00692	0.00553	0.00486	0.00139	0.00961	0.00349	0.00275	0.00622
9	0.02399	0.00928	0.01255	0.00962	0.01377	0.00810	0.00795	0.04411	0.01561	0.76329	0.02097	0.01814	0.01319	0.00664	0.00540	0.00166	0.00460	0.00538	0.00661	0.00914
10	0.01271	0.01462	0.05313	0.02399	0.14301	0.01341	0.62191	0.01708	0.01256	0.01724	0.01071	0.01420	0.00816	0.00458	0.00614	0.00177	0.00861	0.00602	0.00269	0.00745
11	0.00781	0.00520	0.00585	0.00585	0.00585	0.00520	0.00325	0.00781	0.00781	0.01041	0.01691	0.03513	0.01952	0.81135	0.02732	0.00520	0.00520	0.00781	0.00325	0.00325
12	0.01014	0.00954	0.01610	0.79845	0.03697	0.01193	0.01491	0.01371	0.01073	0.01371	0.00954	0.01431	0.00716	0.00537	0.00537	0.00179	0.00716	0.00477	0.00239	0.00596
13	0.05372	0.05083	0.01310	0.00944	0.01359	0.00873	0.00788	0.02526	0.01491	0.71416	0.01997	0.01742	0.01268	0.00648	0.00522	0.00163	0.00461	0.00518	0.00630	0.00890
14	0.00634	0.00544	0.00544	0.00544	0.00725	0.00453	0.00408	0.00770	0.01224	0.01450	0.05438	0.05166	0.77569	0.01359	0.00634	0.00181	0.00272	0.01133	0.00498	0.00453
15	0.01203	0.01345	0.04349	0.05252	0.05091	0.01247	0.60217	0.01623	0.01254	0.01720	0.03462	0.01686	0.04081	0.00521	0.00612	0.00177	0.00813	0.00641	0.04011	0.00697
16	0.01098	0.00938	0.01097	0.00794	0.01256	0.00706	0.00632	0.01332	0.01110	0.01737	0.01020	0.03716	0.00885	0.00439	0.00407	0.00084	0.00395	0.00357	0.00324	0.81673
17	0.04139	0.01356	0.01462	0.01158	0.01538	0.01491	0.00942	0.61532	0.05272	0.04856	0.01502	0.09548	0.01216	0.00752	0.00547	0.00168	0.00547	0.00592	0.00531	0.00852
18	0.01322	0.01108	0.01355	0.01049	0.03758	0.00999	0.03723	0.16921	0.01403	0.02067	0.01019	0.01172	0.00818	0.00479	0.00504	0.00110	0.04201	0.00377	0.00356	0.57259
19	0.01931	0.03928	0.09582	0.01250	0.01718	0.01616	0.01112	0.64576	0.02317	0.04763	0.01257	0.01272	0.00891	0.00626	0.00529	0.00161	0.00608	0.00470	0.00499	0.00894
20	0.00644	0.00547	0.00557	0.00561	0.00740	0.00460	0.00426	0.00784	0.01224	0.01456	0.05335	0.05201	0.74611	0.01364	0.00639	0.00184	0.00281	0.04033	0.00498	0.00455
21	0.00651	0.00477	0.00612	0.00720	0.00771	0.00438	0.00486	0.00751	0.01054	0.01381	0.03291	0.70637	0.13484	0.01638	0.00678	0.00213	0.00306	0.01473	0.00498	0.00438
22	0.01822	0.01388	0.01613	0.09420	0.03336	0.01544	0.03212	0.54645	0.11104	0.04367	0.01365	0.01404	0.00982	0.00635	0.00541	0.00166	0.00591	0.00503	0.00497	0.00866
23	0.00840	0.00630	0.00804	0.00775	0.00816	0.00715	0.00539	0.00972	0.03906	0.01178	0.01533	0.02786	0.01626	0.46304	0.25547	0.00580	0.09037	0.00679	0.00314	0.00420
24	0.00747	0.00548	0.00700	0.00662	0.00794	0.00501	0.00496	0.00988	0.01489	0.02080	0.70043	0.04129	0.12570	0.01125	0.00633	0.00170	0.00255	0.00988	0.00581	0.00501
25	0.01144	0.10914	0.68024	0.01462	0.02204	0.03877	0.01842	0.01705	0.01142	0.01642	0.00936	0.01100	0.00681	0.00506	0.00492	0.00163	0.00776	0.00384	0.00229	0.00777
26	0.01375	0.48578	0.15928	0.01283	0.08616	0.04938	0.01172	0.01778	0.08967	0.01490	0.00961	0.01075	0.00801	0.00502	0.00418	0.00137	0.00619	0.00360	0.00267	0.00736
27	0.01896	0.05628	0.01587	0.01367	0.01622	0.67844	0.01047	0.02033	0.01431	0.01309	0.00813	0.00985	0.00693	0.00589	0.00611	0.00147	0.09149	0.00356	0.00270	0.00621
28	0.00660	0.00469	0.00621	0.00740	0.00770	0.00440	0.00491	0.00749	0.01017	0.01356	0.02903	0.77426	0.03481	0.05136	0.00774	0.00231	0.00321	0.01494	0.00491	0.00431
29	0.00654	0.00467	0.00623	0.00747	0.00779	0.00436	0.00498	0.00747	0.01028	0.01370	0.02959	0.80785	0.03550	0.01682	0.00685	0.00218	0.00311	0.01526	0.00498	0.00436
30	0.84927	0.01038	0.00789	0.00706	0.01038	0.01204	0.00581	0.01578	0.00914	0.02408	0.00747	0.00872	0.00581	0.00498	0.00332	0.00166	0.00415	0.00291	0.00332	0.00581
31	0.01014	0.00954	0.01610	0.79845	0.03697	0.01193	0.01491	0.01371	0.01073	0.01371	0.00954	0.01431	0.00716	0.00537	0.00537	0.00179	0.00716	0.00477	0.00239	0.00596
32	0.01014	0.00954	0.01610	0.79845	0.03697	0.01193	0.01491	0.01371	0.01073	0.01371	0.00954	0.01431	0.00716	0.00537	0.00537	0.00179	0.00716	0.00477	0.00239	0.00596
33	0.01014	0.00954	0.01610	0.79845	0.03697	0.01193	0.01491	0.01371	0.01073	0.01371	0.00954	0.01431	0.00716	0.00537	0.00537	0.00179	0.00716	0.00477	0.00239	0.00596
34	0.00942	0.10965	0.05756	0.00900	0.01100	0.00869	0.00744	0.04127	0.09073	0.01586	0.02336	0.43587	0.02573	0.01253	0.00608	0.00195	0.00420	0.09297	0.00448	0.03220
35	0.00845	0.00788	0.00694	0.00679	0.00850	0.09925	0.00502	0.00971	0.02760	0.01394	0.04269	0.06700	0.56394	0.01312	0.00768	0.08894	0.00380	0.00971	0.00445	0.00458
36	0.01152	0.15665	0.59465	0.01491	0.02208	0.01401	0.08099	0.01686	0.01138	0.01629	0.00938	0.01115	0.00693	0.00497	0.00493	0.00162	0.00767	0.00399	0.00231	0.00770
37	0.00695	0.00495	0.00606	0.00666	0.00739	0.00451	0.00455	0.00750	0.01029	0.01314	0.03392	0.40680	0.26886	0.06098	0.00988	0.12363	0.00333	0.01205	0.00450	0.00406
38	0.01185	0.01200	0.04341	0.35015	0.39282	0.01246	0.06910	0.01539	0.01161	0.01591	0.00991	0.01374	0.00786	0.00502	0.00540	0.00169	0.00694	0.00486	0.00254	0.00734
39	0.01402	0.01565	0.01627	0.44638	0.09421	0.29482	0.01340	0.01676	0.01249	0.01384	0.00914	0.01254	0.00719	0.00538	0.00517	0.00162	0.00801	0.00429	0.00255	0.00628
40	0.10901	0.00999	0.03316	0.00955	0.01373	0.00876	0.00808	0.05153	0.01497	0.65510	0.01914	0.01690	0.01219	0.00642	0.00517	0.00166	0.00467	0.00508	0.00613	0.00876
41	0.84927	0.01038	0.00789	0.00706	0.01038	0.01204	0.00581	0.01578	0.00914	0.02408	0.00747	0.00872	0.00581	0.00498	0.00332	0.00166	0.00415	0.00291	0.00332	0.00581
42	0.00767	0.00575	0.00863	0.00863	0.00959	0.00671	0.00671	0.00959	0.00863	0.01246	0.01438	0.02109	0.01342	0.04026	0.79008	0.00863	0.01438	0.00575	0.00288	0.00479
43	0.01845	0.04911	0.01536	0.01336	0.01586	0.65265	0.01022	0.01982	0.01423	0.01315	0.01002	0.01157	0.03824	0.00623	0.00618	0.00149	0.09124	0.00389	0.00280	0.00614
44	0.00900	0.00726	0.00787	0.00737	0.00946	0.00722	0.00563	0.01454	0.22716	0.03581	0.19748	0.03947	0.38904	0.01109	0.00607	0.00179	0.00316	0.00936	0.00535	0.00587
45	0.01235	0.15900	0.39375	0.01962	0.24350	0.02776	0.03813	0.01677	0.01163	0.01634	0.00941	0.01150	0.00736	0.00491	0.00491	0.00157	0.00716	0.00408	0.00241	0.00787
46	0.00651	0.00479	0.00611	0.00717	0.00771	0.00439	0.00485	0.00751	0.01057	0.01382	0.03327	0.69551	0.14546	0.01634	0.00678	0.00213	0.00306	0.01468	0.00498	0.00439
47	0.01717	0.01334	0.01535	0.01336	0.09440	0.01381	0.00986	0.47720	0.04312	0.02778	0.01205	0.01272	0.00900	0.00569	0.00502	0.00142	0.00543	0.00446	0.00455	0.21427
48	0.02292	0.00939	0.01239	0.00957	0.01357	0.00843	0.00788	0.08450	0.01604	0.67806	0.04214	0.01851	0.01404	0.00674	0.00538	0.00165	0.00456	0.00547	0.02986	0.00890
49	0.01113	0.00954	0.01113	0.00795	0.01272	0.00716	0.00636	0.01352	0.01113	0.01749	0.00954	0.01113	0.00795	0.00398	0.00398	0.00080	0.00398	0.00318	0.00318	0.84417
50	0.00654	0.00467	0.00623	0.00747	0.00779	0.00436	0.00498	0.00747	0.01028	0.01370	0.02959	0.80785	0.03550	0.01682	0.00685	0.00218	0.00311	0.01526	0.00498	0.00436
51	0.01435	0.81458	0.02813	0.00918	0.01378	0.02124	0.00918	0.01607	0.01091	0.01263	0.00746	0.00861	0.00689	0.00459	0.00344	0.00115	0.00574	0.00287	0.00230	0.00689
52	0.01946	0.10726	0.01655	0.01335	0.01630	0.71024	0.01025	0.02088	0.01477	0.01308	0.00821	0.00957	0.00691	0.00543	0.00470	0.00136	0.00927	0.00340	0.00272	0.00629
53	0.00671	0.00557	0.00588	0.00578	0.00752	0.00480	0.00434	0.00855	0.02802	0.01589	0.17992	0.04900	0.63339	0.01301	0.00632	0.00179	0.00272	0.01094	0.00516	0.00470
54	0.01113	0.00954	0.01113	0.00795	0.01272	0.00716	0.00636	0.01352	0.01113	0.01749	0.00954	0.01113	0.00795	0.00398	0.00398	0.00080	0.00398	0.00318	0.00318	0.84417
55	0.00995	0.00774	0.01029	0.00888	0.00985	0.00830	0.06993	0.09084	0.01028	0.01392	0.01582	0.04139	0.03006	0.54408	0.02141	0.00412	0.08797	0.00722	0.00340	0.00455
56	0.10621	0.01455	0.01526	0.01180	0.01600	0.01617	0.00975	0.68293	0.02357	0.03282	0.01233	0.01246	0.00879	0.00629	0.00516	0.00162	0.00573	0.00463	0.00516	0.00879
57	0.01489	0.01249	0.01357	0.01288	0.07316	0.03603	0.00940	0.13671	0.55618	0.04474	0.01920	0.01809	0.01433	0.00690	0.00542	0.00175	0.00483	0.00569	0.00519	0.00854
58	0.03868	0.03902	0.01665	0.05523	0.09626	0.18113	0.01100	0.44812	0.02021	0.02586	0.01116	0.01210	0.00835	0.00593	0.00515	0.00156	0.00678	0.00443	0.00424	0.00814
59	0.01551	0.03867	0.09359	0.01128	0.01549	0.02537	0.00989	0.29605	0.23220	0.04326	0.01615	0.02977	0.03337	0.00657	0.00519	0.00158	0.00529	0.00520	0.00469	0.11090
60	0.09783	0.06044	0.63810	0.01400	0.02110	0.01285	0.01744	0.01730	0.04191	0.01776	0.00981	0.01130	0.00709	0.00515	0.00486	0.00168	0.00729	0.00389	0.00251	0.00769
61	0.01014	0.00954	0.01610	0.79845	0.03697	0.01193	0.01491	0.01371	0.01073	0.01371	0.00954	0.01431	0.00716	0.00537	0.00537	0.00179	0.00716	0.00477	0.00239	0.00596
62	0.01097	0.08479	0.62396	0.01386	0.02065	0.01217	0.01715	0.01620	0.01130	0.03771	0.01186	0.09377	0.00996	0.00632	0.00516	0.00171	0.00717	0.00509	0.00267	0.00752
63	0.01116	0.01060	0.01581	0.58328	0.08776	0.04760	0.01362	0.02859	0.01134	0.01483	0.00967	0.01371	0.00746	0.00529	0.00537	0.00165	0.01977	0.00455	0.01497	0.09298
64	0.00649	0.00544	0.00564	0.00559	0.00734	0.00459	0.00419	0.00798	0.01257	0.01530	0.13676	0.05034	0.69281	0.01330	0.00634	0.00180	0.00270	0.01114	0.00509	0.00459
65	0.01107	0.02578	0.67468	0.01678	0.05446	0.01259	0.09615	0.01700	0.01151	0.01704	0.00978	0.01174	0.00701	0.00503	0.00524	0.00171	0.00799	0.00424	0.00233	0.00788
66	0.01096	0.08566	0.70890	0.01464	0.02217	0.01294	0.01869	0.01677	0.01139	0.01678	0.02775	0.01182	0.00785	0.00520	0.00501	0.00166	0.00764	0.00402	0.00236	0.00779
67	0.01816	0.01806	0.01446	0.01218	0.01569	0.33204	0.00952	0.23860	0.14273	0.03751	0.01230	0.01268	0.00938	0.00594	0.00502	0.00146	0.00694	0.00431	0.00411	0.09891
68	0.00778	0.00646	0.03893	0.00687	0.00859	0.00529	0.00550	0.01015	0.01424	0.03666	0.54113	0.05700	0.21860	0.01137	0.00627	0.00173	0.00286	0.00987	0.00554	0.00513
69	0.00781	0.00520	0.00585	0.00585	0.00585	0.00520	0.00325	0.00781	0.00781	0.01041	0.01691	0.03513	0.01952	0.81135	0.02732	0.00520	0.00520	0.00781	0.00325	0.00325
70	0.01052	0.00994	0.01680	0.70447	0.12793	0.01203	0.01510	0.01405	0.01092	0.01418	0.00961	0.01419	0.00732	0.00530	0.00536	0.00177	0.00706	0.00477	0.00242	0.00627
71	0.01904	0.02341	0.01535	0.09498	0.01871	0.67137	0.01083	0.05684	0.01524	0.01421	0.00865	0.01032	0.00705	0.00556	0.00492	0.00144	0.00923	0.00366	0.00285	0.00634
72	0.01297	0.01249	0.02148	0.10493	0.69037	0.01270	0.03373	0.01623	0.01209	0.01717	0.01006	0.01341	0.00837	0.00483	0.00534	0.00162	0.00651	0.00482	0.00263	0.00823
73	0.00668	0.00477	0.00638	0.00763	0.00800	0.00448	0.00522	0.00771	0.01041	0.01385	0.02951	0.75992	0.03521	0.01669	0.00689	0.00220	0.00323	0.06185	0.00498	0.00440
74	0.01204	0.06246	0.45269	0.01376	0.01976	0.01332	0.04102	0.03417	0.25868	0.01887	0.01361	0.01417	0.01002	0.00579	0.00518	0.00171	0.00662	0.00469	0.00338	0.00806
75	0.00780	0.00522	0.00593	0.00593	0.00596	0.00525	0.00335	0.00785	0.00783	0.01046	0.01684	0.03474	0.01935	0.79031	0.04813	0.00530	0.00545	0.00775	0.00324	0.00329
76	0.00949	0.00561	0.00654	0.00624	0.00667	0.00548	0.00373	0.00971	0.00859	0.09024	0.01735	0.03338	0.01887	0.72805	0.02505	0.00484	0.00514	0.00756	0.00360	0.00386
77	0.02408	0.00914	0.01246	0.00955	0.01370	0.00789	0.00789	0.02616	0.01536	0.78158	0.02118	0.01827	0.01329	0.00664	0.00540	0.00166	0.00457	0.00540	0.00664	0.00914
78	0.02379	0.00961	0.01275	0.00978	0.01394	0.00859	0.00808	0.08515	0.01616	0.72148	0.02051	0.01784	0.01295	0.00663	0.00540	0.00166	0.00468	0.00535	0.00654	0.00913
79	0.02408	0.00914	0.01246	0.00955	0.01370	0.00789	0.00789	0.02616	0.01536	0.78158	0.02118	0.01827	0.01329	0.00664	0.00540	0.00166	0.00457	0.00540	0.00664	0.00914
80	0.01412	0.01433	0.02098	0.03060	0.68424	0.10833	0.01572	0.01708	0.01259	0.01700	0.00988	0.01284	0.00831	0.00487	0.00526	0.00157	0.00678	0.00462	0.00267	0.00822
81	0.00768	0.00571	0.00709	0.00671	0.00814	0.00525	0.00508	0.02661	0.01480	0.02037	0.60616	0.04212	0.18424	0.01145	0.00634	0.00173	0.00270	0.02707	0.00570	0.00505
82	0.02014	0.01488	0.01597	0.01222	0.01653	0.01637	0.01009	0.73846	0.02483	0.03336	0.01279	0.01284	0.00909	0.00637	0.00533	0.00159	0.00585	0.00479	0.00531	0.03319
83	0.01890	0.01425	0.01586	0.09364	0.01858	0.01595	0.01058	0.63713	0.07004	0.03104	0.01310	0.01348	0.00938	0.00638	0.00538	0.00164	0.00593	0.00490	0.00507	0.00876
84	0.02041	0.01504	0.01611	0.01235	0.01665	0.01665	0.01020	0.75997	0.02524	0.03383	0.01289	0.01289	0.00913	0.00644	0.00537	0.00161	0.00591	0.00483	0.00537	0.00913
85	0.00764	0.00515	0.00588	0.00601	0.00608	0.00510	0.00345	0.00777	0.00816	0.01084	0.01903	0.11548	0.03750	0.71187	0.02475	0.00482	0.00493	0.00865	0.00347	0.00339
86	0.01113	0.00954	0.01113	0.00795	0.01272	0.00716	0.00636	0.01352	0.01113	0.01749	0.00954	0.01113	0.00795	0.00398	0.00398	0.00080	0.00398	0.00318	0.00318	0.84417
87	0.01404	0.01020	0.01193	0.00881	0.01331	0.00863	0.00710	0.13009	0.01381	0.11463	0.01206	0.03457	0.00956	0.00505	0.00445	0.00107	0.00432	0.00405	0.00400	0.58832

[dist]
# distance from previous block
# <min> <max>
0	1

[block]
# block no. 4 follows, 45 sequences, length 67
# corresponding to MSA columns:
# 728-794
name=unknown_E
#
# <colnr> <probs for GDERKNQSTAVLIFYWHMCP>
#	G	D	E	R	K	N	Q	S	T	A	V	L	I	F	Y	W	H	M	C	P
0	0.01248	0.00917	0.01098	0.00810	0.01251	0.00707	0.00646	0.01476	0.01172	0.11413	0.02900	0.04937	0.01085	0.00506	0.00434	0.00099	0.00398	0.00416	0.00376	0.68108
1	0.01443	0.44492	0.10164	0.01061	0.01491	0.08971	0.01022	0.05380	0.10209	0.03244	0.02925	0.01427	0.01057	0.00588	0.00440	0.00142	0.00603	0.04307	0.00318	0.00714
2	0.00734	0.00521	0.00660	0.00724	0.00806	0.00482	0.00504	0.02372	0.01170	0.03197	0.14553	0.55675	0.13590	0.01507	0.00664	0.00203	0.00306	0.01346	0.00517	0.00469
3	0.01202	0.01016	0.01207	0.00870	0.01344	0.00818	0.02424	0.08221	0.01246	0.01899	0.00988	0.01137	0.00806	0.00422	0.00416	0.00089	0.00427	0.00341	0.00337	0.74791
4	0.01077	0.02777	0.78354	0.01530	0.02323	0.01247	0.01983	0.01700	0.01133	0.01700	0.00963	0.01133	0.00680	0.00510	0.00510	0.00170	0.00793	0.00397	0.00227	0.00793
5	0.00634	0.00544	0.00544	0.00544	0.00725	0.00453	0.00408	0.00770	0.01224	0.01450	0.05438	0.05166	0.77569	0.01359	0.00634	0.00181	0.00272	0.01133	0.00498	0.00453
6	0.02408	0.00914	0.01246	0.00955	0.01370	0.00789	0.00789	0.02616	0.01536	0.78158	0.02118	0.01827	0.01329	0.00664	0.00540	0.00166	0.00457	0.00540	0.00664	0.00914
7	0.00781	0.00520	0.00585	0.00585	0.00585	0.00520	0.00325	0.00781	0.00781	0.01041	0.01691	0.03513	0.01952	0.81135	0.02732	0.00520	0.00520	0.00781	0.00325	0.00325
8	0.02408	0.00914	0.01246	0.00955	0.01370	0.00789	0.00789	0.02616	0.01536	0.78158	0.02118	0.01827	0.01329	0.00664	0.00540	0.00166	0.00457	0.00540	0.00664	0.00914
9	0.84927	0.01038	0.00789	0.00706	0.01038	0.01204	0.00581	0.01578	0.00914	0.02408	0.00747	0.00872	0.00581	0.00498	0.00332	0.00166	0.00415	0.00291	0.00332	0.00581
10	0.00993	0.00913	0.01512	0.65090	0.06821	0.01100	0.01360	0.01334	0.01143	0.01499	0.11697	0.01788	0.01332	0.00613	0.00550	0.00177	0.00647	0.00546	0.00289	0.00596
11	0.02041	0.01504	0.01611	0.01235	0.01665	0.01665	0.01020	0.75997	0.02524	0.03383	0.01289	0.01289	0.00913	0.00644	0.00537	0.00161	0.00591	0.00483	0.00537	0.00913
12	0.02005	0.02558	0.01521	0.01383	0.01659	0.78980	0.01037	0.02143	0.01521	0.01314	0.00830	0.00968	0.00691	0.00553	0.00484	0.00138	0.00968	0.00346	0.00277	0.00622
13	0.00760	0.00549	0.00718	0.00675	0.00802	0.00506	0.00506	0.01013	0.01519	0.02153	0.77503	0.04010	0.05065	0.01097	0.00633	0.00169	0.00253	0.00971	0.00591	0.00506
14	0.84927	0.01038	0.00789	0.00706	0.01038	0.01204	0.00581	0.01578	0.00914	0.02408	0.00747	0.00872	0.00581	0.00498	0.00332	0.00166	0.00415	0.00291	0.00332	0.00581
15	0.01329	0.01275	0.02179	0.03295	0.77787	0.01275	0.01647	0.01647	0.01222	0.01754	0.01010	0.01329	0.00850	0.00478	0.00531	0.00159	0.00638	0.00478	0.00266	0.00850
16	0.02041	0.01504	0.01611	0.01235	0.01665	0.01665	0.01020	0.75997	0.02524	0.03383	0.01289	0.01289	0.00913	0.00644	0.00537	0.00161	0.00591	0.00483	0.00537	0.00913
17	0.02041	0.01504	0.01611	0.01235	0.01665	0.01665	0.01020	0.75997	0.02524	0.03383	0.01289	0.01289	0.00913	0.00644	0.00537	0.00161	0.00591	0.00483	0.00537	0.00913
18	0.00662	0.00475	0.00630	0.00752	0.00790	0.00444	0.00510	0.00762	0.01041	0.01382	0.03019	0.75876	0.05471	0.01665	0.00686	0.00218	0.00318	0.04363	0.00498	0.00439
19	0.00663	0.00478	0.00631	0.00750	0.00792	0.00446	0.00512	0.00766	0.01047	0.01386	0.03067	0.73631	0.06936	0.01657	0.00686	0.00218	0.00319	0.05077	0.00498	0.00440
20	0.02005	0.02558	0.01521	0.01383	0.01659	0.78980	0.01037	0.02143	0.01521	0.01314	0.00830	0.00968	0.00691	0.00553	0.00484	0.00138	0.00968	0.00346	0.00277	0.00622
21	0.02364	0.00984	0.01289	0.00988	0.01405	0.00893	0.00817	0.11372	0.01654	0.69236	0.02019	0.01763	0.01279	0.00662	0.00539	0.00165	0.00473	0.00533	0.00649	0.00913
22	0.00688	0.00493	0.00647	0.00760	0.00801	0.00466	0.00511	0.02611	0.01065	0.01420	0.02917	0.78816	0.03485	0.01656	0.00681	0.00217	0.00318	0.01500	0.00499	0.00448
23	0.01335	0.01153	0.01214	0.01092	0.01396	0.01335	0.00850	0.02852	0.76817	0.02245	0.02185	0.02003	0.01639	0.00728	0.00546	0.00182	0.00425	0.00607	0.00546	0.00850
24	0.01014	0.00954	0.01610	0.79845	0.03697	0.01193	0.01491	0.01371	0.01073	0.01371	0.00954	0.01431	0.00716	0.00537	0.00537	0.00179	0.00716	0.00477	0.00239	0.00596
25	0.01285	0.01470	0.03107	0.02265	0.04453	0.03147	0.72454	0.01728	0.01272	0.01711	0.01078	0.01434	0.00812	0.00455	0.00628	0.00180	0.00900	0.00623	0.00271	0.00724
26	0.00932	0.00466	0.00699	0.00699	0.00699	0.00466	0.00466	0.00699	0.00699	0.00932	0.00932	0.01632	0.00932	0.01865	0.02098	0.84382	0.00466	0.00466	0.00233	0.00233
27	0.84927	0.01038	0.00789	0.00706	0.01038	0.01204	0.00581	0.01578	0.00914	0.02408	0.00747	0.00872	0.00581	0.00498	0.00332	0.00166	0.00415	0.00291	0.00332	0.00581
28	0.00749	0.00548	0.00703	0.00664	0.00796	0.00502	0.00498	0.00993	0.01495	0.02094	0.71483	0.04106	0.11122	0.01119	0.00633	0.00170	0.00255	0.00984	0.00583	0.00502
29	0.00893	0.00578	0.00760	0.00698	0.00848	0.00529	0.00529	0.01142	0.01521	0.08283	0.71423	0.03834	0.04764	0.01062	0.00626	0.00169	0.00270	0.00936	0.00597	0.00539
30	0.01014	0.00954	0.01610	0.79845	0.03697	0.01193	0.01491	0.01371	0.01073	0.01371	0.00954	0.01431	0.00716	0.00537	0.00537	0.00179	0.00716	0.00477	0.00239	0.00596
31	0.01335	0.01153	0.01214	0.01092	0.01396	0.01335	0.00850	0.02852	0.76817	0.02245	0.02185	0.02003	0.01639	0.00728	0.00546	0.00182	0.00425	0.00607	0.00546	0.00850
32	0.02041	0.01504	0.01611	0.01235	0.01665	0.01665	0.01020	0.75997	0.02524	0.03383	0.01289	0.01289	0.00913	0.00644	0.00537	0.00161	0.00591	0.00483	0.00537	0.00913
33	0.01410	0.75612	0.06409	0.00945	0.01421	0.02046	0.00963	0.01605	0.01093	0.01296	0.00762	0.00881	0.00691	0.00460	0.00354	0.00117	0.00580	0.00293	0.00232	0.02831
34	0.01318	0.01264	0.02159	0.05963	0.75204	0.01273	0.01642	0.01638	0.01217	0.01740	0.01008	0.01332	0.00846	0.00480	0.00532	0.00160	0.00640	0.00478	0.00265	0.00841
35	0.01113	0.00954	0.01113	0.00795	0.01272	0.00716	0.00636	0.01352	0.01113	0.01749	0.00954	0.01113	0.00795	0.00398	0.00398	0.00080	0.00398	0.00318	0.00318	0.84417
36	0.84927	0.01038	0.00789	0.00706	0.01038	0.01204	0.00581	0.01578	0.00914	0.02408	0.00747	0.00872	0.00581	0.00498	0.00332	0.00166	0.00415	0.00291	0.00332	0.00581
37	0.00754	0.00596	0.00811	0.00873	0.00903	0.00653	0.00632	0.00858	0.01002	0.01368	0.02563	0.63576	0.03037	0.01544	0.00874	0.00222	0.14127	0.04689	0.00453	0.00465
38	0.01335	0.01153	0.01214	0.01092	0.01396	0.01335	0.00850	0.02852	0.76817	0.02245	0.02185	0.02003	0.01639	0.00728	0.00546	0.00182	0.00425	0.00607	0.00546	0.00850
39	0.01269	0.01442	0.03133	0.02298	0.05419	0.01355	0.73251	0.01717	0.01265	0.01721	0.01083	0.01444	0.00816	0.00453	0.00630	0.00180	0.00896	0.00628	0.00271	0.00728
40	0.01477	0.01206	0.01281	0.01113	0.01440	0.01378	0.00877	0.15097	0.62695	0.04129	0.02033	0.01879	0.01510	0.00713	0.00545	0.00178	0.00453	0.00585	0.00547	0.00862
41	0.00640	0.00544	0.00552	0.00550	0.00729	0.00456	0.00412	0.00782	0.01237	0.01482	0.08757	0.05113	0.74230	0.01347	0.00634	0.00181	0.00271	0.01125	0.00503	0.00456
42	0.02005	0.02558	0.01521	0.01383	0.01659	0.78980	0.01037	0.02143	0.01521	0.01314	0.00830	0.00968	0.00691	0.00553	0.00484	0.00138	0.00968	0.00346	0.00277	0.00622
43	0.00781	0.00520	0.00585	0.00585	0.00585	0.00520	0.00325	0.00781	0.00781	0.01041	0.01691	0.03513	0.01952	0.81135	0.02732	0.00520	0.00520	0.00781	0.00325	0.00325
44	0.00781	0.00520	0.00585	0.00585	0.00585	0.00520	0.00325	0.00781	0.00781	0.01041	0.01691	0.03513	0.01952	0.81135	0.02732	0.00520	0.00520	0.00781	0.00325	0.00325
45	0.04999	0.04801	0.01823	0.17245	0.21402	0.22239	0.06642	0.04916	0.07704	0.01675	0.01045	0.01277	0.00830	0.00536	0.00513	0.00160	0.00729	0.00449	0.00300	0.00715
46	0.00660	0.00471	0.00630	0.00754	0.00788	0.00441	0.00508	0.00758	0.01033	0.01377	0.02955	0.78711	0.03538	0.01676	0.00687	0.00219	0.00317	0.03542	0.00498	0.00438
47	0.67009	0.01011	0.00888	0.00760	0.01110	0.01114	0.00626	0.01803	0.01049	0.18856	0.01045	0.01079	0.00744	0.00534	0.00377	0.00166	0.00424	0.00345	0.00404	0.00653
48	0.01762	0.01348	0.01459	0.01129	0.01551	0.01433	0.00921	0.51295	0.12455	0.02906	0.01346	0.01352	0.00989	0.00607	0.00511	0.00148	0.00530	0.00468	0.00495	0.17295
49	0.01314	0.01261	0.02153	0.06820	0.74375	0.01272	0.01640	0.01635	0.01215	0.01736	0.01007	0.01333	0.00844	0.00481	0.00532	0.00160	0.00641	0.00478	0.00264	0.00839
50	0.00714	0.00515	0.00687	0.00775	0.00846	0.00482	0.00559	0.00858	0.01135	0.01532	0.13900	0.55918	0.03633	0.01532	0.00679	0.00212	0.00333	0.12585	0.00507	0.02600
51	0.01140	0.00680	0.00741	0.08749	0.01063	0.02393	0.00565	0.07031	0.01247	0.04022	0.01623	0.01861	0.01256	0.00617	0.00411	0.00135	0.00345	0.00494	0.65071	0.00555
52	0.00676	0.00483	0.00648	0.00772	0.00813	0.00455	0.00536	0.00785	0.01049	0.01395	0.02947	0.73082	0.03503	0.01661	0.00691	0.00221	0.00330	0.09014	0.00498	0.00442
53	0.00760	0.00549	0.00718	0.00675	0.00802	0.00506	0.00506	0.01013	0.01519	0.02153	0.77503	0.04010	0.05065	0.01097	0.00633	0.00169	0.00253	0.00971	0.00591	0.00506
54	0.01435	0.81458	0.02813	0.00918	0.01378	0.02124	0.00918	0.01607	0.01091	0.01263	0.00746	0.00861	0.00689	0.00459	0.00344	0.00115	0.00574	0.00287	0.00230	0.00689
55	0.00654	0.00467	0.00623	0.00747	0.00779	0.00436	0.00498	0.00747	0.01028	0.01370	0.02959	0.80785	0.03550	0.01682	0.00685	0.00218	0.00311	0.01526	0.00498	0.00436
56	0.01113	0.00954	0.01113	0.00795	0.01272	0.00716	0.00636	0.01352	0.01113	0.01749	0.00954	0.01113	0.00795	0.00398	0.00398	0.00080	0.00398	0.00318	0.00318	0.84417
57	0.84927	0.01038	0.00789	0.00706	0.01038	0.01204	0.00581	0.01578	0.00914	0.02408	0.00747	0.00872	0.00581	0.00498	0.00332	0.00166	0.00415	0.00291	0.00332	0.00581
58	0.00767	0.00575	0.00863	0.00863	0.00959	0.00671	0.00671	0.00959	0.00863	0.01246	0.01438	0.02109	0.01342	0.04026	0.79008	0.00863	0.01438	0.00575	0.00288	0.00479
59	0.84927	0.01038	0.00789	0.00706	0.01038	0.01204	0.00581	0.01578	0.00914	0.02408	0.00747	0.00872	0.00581	0.00498	0.00332	0.00166	0.00415	0.00291	0.00332	0.00581
60	0.00781	0.00520	0.00585	0.00585	0.00585	0.00520	0.00325	0.00781	0.00781	0.01041	0.01691	0.03513	0.01952	0.81135	0.02732	0.00520	0.00520	0.00781	0.00325	0.00325
61	0.02408	0.00914	0.01246	0.00955	0.01370	0.00789	0.00789	0.02616	0.01536	0.78158	0.02118	0.01827	0.01329	0.00664	0.00540	0.00166	0.00457	0.00540	0.00664	0.00914
62	0.00768	0.00571	0.00840	0.00840	0.00927	0.00658	0.00642	0.00944	0.00856	0.01229	0.01459	0.02226	0.01393	0.10464	0.72639	0.00834	0.01361	0.00592	0.00291	0.00466
63	0.02329	0.00897	0.01214	0.00937	0.01341	0.00774	0.00772	0.02533	0.01522	0.74721	0.02267	0.01977	0.04745	0.00696	0.00544	0.00167	0.00448	0.00566	0.00657	0.00893
64	0.01303	0.01244	0.02120	0.03186	0.74344	0.01248	0.01604	0.01617	0.01206	0.01731	0.01029	0.01364	0.00872	0.00637	0.04048	0.00191	0.00674	0.00483	0.00267	0.00834
65	0.01132	0.16890	0.61239	0.01395	0.02098	0.01377	0.01741	0.01657	0.01130	0.01617	0.01008	0.01305	0.00790	0.00544	0.00490	0.00163	0.00740	0.03683	0.00239	0.00761
66	0.01081	0.02705	0.74916	0.01525	0.02282	0.01264	0.01947	0.01682	0.01119	0.01682	0.00952	0.01135	0.00681	0.00529	0.00566	0.00173	0.04350	0.00400	0.00227	0.00784

[dist]
# distance from previous block
# <min> <max>
0	5

[block]
# block no. 5 follows, 45 sequences, length 40
# corresponding to MSA columns:
# 800-839
name=unknown_F
#
# <colnr> <probs for GDERKNQSTAVLIFYWHMCP>
#	G	D	E	R	K	N	Q	S	T	A	V	L	I	F	Y	W	H	M	C	P
0	0.01119	0.04875	0.60643	0.01578	0.02291	0.01278	0.12214	0.01735	0.04396	0.01722	0.02583	0.01265	0.00829	0.00522	0.00526	0.00170	0.00776	0.00447	0.00254	0.00777
1	0.01177	0.28720	0.50026	0.01294	0.01944	0.01502	0.01567	0.01629	0.01115	0.01541	0.00977	0.04450	0.00806	0.00543	0.00463	0.00154	0.00700	0.00409	0.00239	0.00743
2	0.00680	0.00509	0.00732	0.00812	0.00865	0.00475	0.03721	0.00789	0.01038	0.01385	0.02878	0.77391	0.03433	0.01629	0.00683	0.00216	0.00337	0.01488	0.00489	0.00448
3	0.00760	0.00549	0.00718	0.00675	0.00802	0.00506	0.00506	0.01013	0.01519	0.02153	0.77503	0.04010	0.05065	0.01097	0.00633	0.00169	0.00253	0.00971	0.00591	0.00506
4	0.01329	0.01275	0.02179	0.03295	0.77787	0.01275	0.01647	0.01647	0.01222	0.01754	0.01010	0.01329	0.00850	0.00478	0.00531	0.00159	0.00638	0.00478	0.00266	0.00850
5	0.01077	0.02777	0.78354	0.01530	0.02323	0.01247	0.01983	0.01700	0.01133	0.01700	0.00963	0.01133	0.00680	0.00510	0.00510	0.00170	0.00793	0.00397	0.00227	0.00793
6	0.00767	0.00575	0.00863	0.00863	0.00959	0.00671	0.00671	0.00959	0.00863	0.01246	0.01438	0.02109	0.01342	0.04026	0.79008	0.00863	0.01438	0.00575	0.00288	0.00479
7	0.00760	0.00549	0.00718	0.00675	0.00802	0.00506	0.00506	0.01013	0.01519	0.02153	0.77503	0.04010	0.05065	0.01097	0.00633	0.00169	0.00253	0.00971	0.00591	0.00506
8	0.01964	0.01466	0.01568	0.01220	0.01635	0.01629	0.01002	0.68063	0.10582	0.03260	0.01386	0.01366	0.00992	0.00653	0.00538	0.00163	0.00573	0.00497	0.00538	0.00906
9	0.01355	0.01192	0.01249	0.04654	0.01513	0.03569	0.00888	0.04359	0.69619	0.02204	0.02071	0.01932	0.01554	0.00713	0.00544	0.00180	0.00457	0.00591	0.00524	0.00833
10	0.01014	0.00954	0.01610	0.79845	0.03697	0.01193	0.01491	0.01371	0.01073	0.01371	0.00954	0.01431	0.00716	0.00537	0.00537	0.00179	0.00716	0.00477	0.00239	0.00596
11	0.00920	0.02909	0.04966	0.00904	0.04542	0.00724	0.00694	0.04012	0.07016	0.03371	0.41868	0.10303	0.11841	0.01058	0.00610	0.00175	0.00350	0.02635	0.00523	0.00578
12	0.68221	0.01124	0.00902	0.00785	0.01120	0.03911	0.00642	0.10487	0.01142	0.02443	0.01032	0.01124	0.04186	0.00558	0.00376	0.00165	0.00449	0.00355	0.00363	0.00617
13	0.00654	0.00467	0.00623	0.00747	0.00779	0.00436	0.00498	0.00747	0.01028	0.01370	0.02959	0.80785	0.03550	0.01682	0.00685	0.00218	0.00311	0.01526	0.00498	0.00436
14	0.01309	0.05593	0.10626	0.04788	0.57267	0.02934	0.06434	0.01659	0.01211	0.01702	0.00991	0.01286	0.00814	0.00482	0.00525	0.00160	0.00678	0.00467	0.00259	0.00816
15	0.01033	0.00992	0.01728	0.73948	0.03629	0.01205	0.07142	0.01398	0.01088	0.01398	0.00964	0.01432	0.00723	0.00530	0.00544	0.00179	0.00730	0.00489	0.00241	0.00606
16	0.00760	0.00549	0.00718	0.00675	0.00802	0.00506	0.00506	0.01013	0.01519	0.02153	0.77503	0.04010	0.05065	0.01097	0.00633	0.00169	0.00253	0.00971	0.00591	0.00506
17	0.01001	0.00500	0.00500	0.00500	0.00625	0.00500	0.00375	0.01251	0.01126	0.02001	0.01751	0.02001	0.01376	0.00625	0.00375	0.00125	0.00250	0.00500	0.84115	0.00500
18	0.00654	0.00467	0.00623	0.00747	0.00779	0.00436	0.00498	0.00747	0.01028	0.01370	0.02959	0.80785	0.03550	0.01682	0.00685	0.00218	0.00311	0.01526	0.00498	0.00436
19	0.00654	0.00467	0.00623	0.00747	0.00779	0.00436	0.00498	0.00747	0.01028	0.01370	0.02959	0.80785	0.03550	0.01682	0.00685	0.00218	0.00311	0.01526	0.00498	0.00436
20	0.00685	0.00546	0.00614	0.00597	0.00756	0.00475	0.00448	0.00869	0.01344	0.01736	0.34729	0.04696	0.48100	0.01253	0.00634	0.00176	0.00264	0.01067	0.00536	0.00475
21	0.01393	0.68500	0.02624	0.00998	0.01383	0.02047	0.00960	0.01556	0.01047	0.01268	0.00740	0.00912	0.00691	0.00537	0.00573	0.00134	0.13418	0.00317	0.00230	0.00672
22	0.01416	0.01174	0.01245	0.01100	0.01416	0.01347	0.00861	0.08461	0.69251	0.04212	0.02114	0.01944	0.01575	0.00720	0.00545	0.00180	0.00438	0.00596	0.00548	0.00856
23	0.01329	0.01275	0.02179	0.03295	0.77787	0.01275	0.01647	0.01647	0.01222	0.01754	0.01010	0.01329	0.00850	0.00478	0.00531	0.00159	0.00638	0.00478	0.00266	0.00850
24	0.00946	0.00545	0.00846	0.13474	0.01183	0.00583	0.00632	0.00808	0.00760	0.01003	0.00936	0.01599	0.00897	0.01650	0.01846	0.70791	0.00506	0.00468	0.00234	0.00292
25	0.84927	0.01038	0.00789	0.00706	0.01038	0.01204	0.00581	0.01578	0.00914	0.02408	0.00747	0.00872	0.00581	0.00498	0.00332	0.00166	0.00415	0.00291	0.00332	0.00581
26	0.00832	0.00594	0.00826	0.00945	0.01055	0.00588	0.00802	0.01057	0.01214	0.01588	0.04985	0.16799	0.03212	0.01501	0.00730	0.00241	0.00461	0.61588	0.00498	0.00486
27	0.01329	0.01275	0.02179	0.03295	0.77787	0.01275	0.01647	0.01647	0.01222	0.01754	0.01010	0.01329	0.00850	0.00478	0.00531	0.00159	0.00638	0.00478	0.00266	0.00850
28	0.01165	0.00989	0.01249	0.00900	0.01375	0.00774	0.05401	0.01449	0.03126	0.03874	0.01027	0.01177	0.00833	0.00417	0.00420	0.00091	0.00432	0.00352	0.00331	0.74616
29	0.00970	0.00885	0.01433	0.63501	0.03121	0.01077	0.01301	0.01338	0.04507	0.01411	0.01334	0.14265	0.01215	0.00730	0.00561	0.00185	0.00637	0.00652	0.00294	0.00582
30	0.01435	0.81458	0.02813	0.00918	0.01378	0.02124	0.00918	0.01607	0.01091	0.01263	0.00746	0.00861	0.00689	0.00459	0.00344	0.00115	0.00574	0.00287	0.00230	0.00689
31	0.01150	0.01251	0.05265	0.02922	0.01632	0.05764	0.12390	0.01358	0.00959	0.01373	0.00957	0.03230	0.00889	0.01332	0.13881	0.00318	0.43947	0.00526	0.00257	0.00599
32	0.01077	0.02777	0.78354	0.01530	0.02323	0.01247	0.01983	0.01700	0.01133	0.01700	0.00963	0.01133	0.00680	0.00510	0.00510	0.00170	0.00793	0.00397	0.00227	0.00793
33	0.00654	0.00467	0.00623	0.00747	0.00779	0.00436	0.00498	0.00747	0.01028	0.01370	0.02959	0.80785	0.03550	0.01682	0.00685	0.00218	0.00311	0.01526	0.00498	0.00436
34	0.00668	0.00545	0.00590	0.00579	0.00746	0.00467	0.00434	0.00835	0.01303	0.01638	0.24755	0.04856	0.58134	0.01289	0.00634	0.00178	0.00267	0.01089	0.00523	0.00467
35	0.01502	0.43595	0.16015	0.01155	0.01618	0.18568	0.01143	0.03889	0.03535	0.01444	0.00862	0.00988	0.00724	0.00513	0.00449	0.00136	0.02566	0.00339	0.00258	0.00702
36	0.00653	0.00470	0.00620	0.00741	0.00777	0.00437	0.00495	0.00748	0.01034	0.01373	0.03038	0.78374	0.05910	0.01671	0.00684	0.00217	0.00310	0.01513	0.00498	0.00437
37	0.00865	0.00618	0.00865	0.00989	0.01112	0.00618	0.00865	0.01112	0.01236	0.01606	0.02842	0.06055	0.03089	0.01483	0.00741	0.00247	0.00494	0.74174	0.00494	0.00494
38	0.01077	0.02777	0.78354	0.01530	0.02323	0.01247	0.01983	0.01700	0.01133	0.01700	0.00963	0.01133	0.00680	0.00510	0.00510	0.00170	0.00793	0.00397	0.00227	0.00793
39	0.01070	0.01039	0.01626	0.73572	0.06161	0.04794	0.01475	0.01417	0.01099	0.01382	0.00950	0.01406	0.00719	0.00535	0.00534	0.00176	0.00725	0.00471	0.00241	0.00606

[dist]
# distance from previous block
# <min> <max>
0	2

[block]
# block no. 6 follows, 45 sequences, length 68
# corresponding to MSA columns:
# 842-909
name=unknown_G
#
# <colnr> <probs for GDERKNQSTAVLIFYWHMCP>
#	G	D	E	R	K	N	Q	S	T	A	V	L	I	F	Y	W	H	M	C	P
0	0.02031	0.01317	0.01502	0.01167	0.01558	0.01428	0.00963	0.52388	0.02144	0.20275	0.01451	0.01435	0.01012	0.00787	0.03440	0.00192	0.04992	0.00499	0.00540	0.00879
1	0.01338	0.01549	0.05907	0.02443	0.23334	0.07805	0.46078	0.01734	0.01270	0.01694	0.01038	0.01362	0.00808	0.00470	0.00588	0.00171	0.00832	0.00557	0.00268	0.00753
2	0.01335	0.01153	0.01214	0.01092	0.01396	0.01335	0.00850	0.02852	0.76817	0.02245	0.02185	0.02003	0.01639	0.00728	0.00546	0.00182	0.00425	0.00607	0.00546	0.00850
3	0.01309	0.01274	0.01931	0.04330	0.52057	0.05438	0.04243	0.01606	0.01213	0.01718	0.00989	0.01268	0.00825	0.00465	0.00503	0.00142	0.00615	0.00441	0.00278	0.19355
4	0.00767	0.00575	0.00863	0.00863	0.00959	0.00671	0.00671	0.00959	0.00863	0.01246	0.01438	0.02109	0.01342	0.04026	0.79008	0.00863	0.01438	0.00575	0.00288	0.00479
5	0.01267	0.01448	0.03167	0.02262	0.02805	0.01357	0.75837	0.01719	0.01267	0.01719	0.01086	0.01448	0.00814	0.00452	0.00633	0.00181	0.00905	0.00633	0.00271	0.00724
6	0.00650	0.00544	0.00565	0.00560	0.00734	0.00460	0.00420	0.00800	0.01260	0.01536	0.14265	0.05024	0.68688	0.01327	0.00634	0.00180	0.00270	0.01113	0.00510	0.00460
7	0.00740	0.00543	0.00693	0.00667	0.00792	0.00496	0.00496	0.00970	0.01456	0.02027	0.64998	0.09335	0.12459	0.01164	0.00637	0.00173	0.00259	0.01025	0.00575	0.00496
