[name]
unknown

[dist]
# distance from previous block
# <min> <max>
18	165

[block]
# block no. 0 follows, 43 sequences, length 13
# corresponding to MSA columns:
# 206-211,216-222
name=unknown_A
#
# <colnr> <probs for GDERKNQSTAVLIFYWHMCP>
#	G	D	E	R	K	N	Q	S	T	A	V	L	I	F	Y	W	H	M	C	P
0	0.01281	0.00987	0.01140	0.03299	0.01325	0.00936	0.00734	0.18570	0.04859	0.03699	0.13682	0.06740	0.06063	0.02345	0.00576	0.00150	0.00432	0.00633	0.01993	0.30554
1	0.00696	0.00531	0.00634	0.00675	0.00783	0.00475	0.00477	0.00842	0.01238	0.01614	0.20457	0.34229	0.29930	0.03890	0.00741	0.00210	0.00300	0.01279	0.00530	0.00469
2	0.00974	0.00608	0.00789	0.12145	0.01203	0.00640	0.02534	0.01222	0.01126	0.01817	0.01848	0.14002	0.01661	0.02575	0.02980	0.00186	0.00400	0.00687	0.52082	0.00522
3	0.01032	0.00577	0.00635	0.04363	0.00862	0.00606	0.00489	0.01355	0.04804	0.01988	0.01765	0.02045	0.01397	0.00906	0.06171	0.00191	0.00381	0.00526	0.69369	0.00537
4	0.01631	0.01229	0.01468	0.01266	0.03949	0.01333	0.05081	0.17363	0.40853	0.11511	0.01942	0.01958	0.01453	0.00719	0.00568	0.00180	0.00513	0.03092	0.00542	0.03348
5	0.01534	0.01717	0.04417	0.06600	0.46927	0.22363	0.05012	0.01830	0.01337	0.01662	0.00990	0.01274	0.00818	0.00517	0.00540	0.00161	0.00773	0.00461	0.00275	0.00792
6	0.01168	0.01161	0.01303	0.01270	0.05576	0.15624	0.09351	0.03557	0.08782	0.01608	0.02135	0.39509	0.02300	0.03140	0.00686	0.00204	0.00566	0.01029	0.00432	0.00599
7	0.01575	0.01239	0.01292	0.01080	0.01392	0.04846	0.00845	0.37786	0.12046	0.02553	0.01865	0.14073	0.04158	0.07151	0.00751	0.00203	0.00531	0.00716	0.00505	0.05392
8	0.01371	0.01164	0.01537	0.06596	0.03117	0.01106	0.08205	0.17666	0.01468	0.02129	0.01085	0.01278	0.00856	0.00518	0.00549	0.00129	0.04543	0.00425	0.02697	0.43559
9	0.00950	0.00485	0.00713	0.00713	0.00713	0.00485	0.00470	0.00728	0.00728	0.00970	0.01020	0.01827	0.01040	0.07740	0.02213	0.77720	0.00485	0.00505	0.00248	0.00248
10	0.01146	0.08559	0.69336	0.01561	0.02344	0.01357	0.04736	0.01748	0.01171	0.01721	0.00982	0.01161	0.00708	0.00520	0.00518	0.00172	0.00806	0.00410	0.00236	0.00808
11	0.01478	0.01044	0.01262	0.00950	0.01401	0.00903	0.02446	0.07730	0.08685	0.15336	0.01394	0.03026	0.01072	0.00541	0.00474	0.00120	0.00450	0.00445	0.00435	0.50806
12	0.02010	0.01465	0.05205	0.01219	0.01652	0.01498	0.01034	0.56167	0.04122	0.13031	0.01546	0.05830	0.01158	0.00723	0.00562	0.00171	0.00581	0.00565	0.00554	0.00907

[dist]
# distance from previous block
# <min> <max>
9	18

[block]
# block no. 1 follows, 43 sequences, length 14
# corresponding to MSA columns:
# 247-259,266
name=unknown_B
#
# <colnr> <probs for GDERKNQSTAVLIFYWHMCP>
#	G	D	E	R	K	N	Q	S	T	A	V	L	I	F	Y	W	H	M	C	P
0	0.09451	0.01485	0.12375	0.02624	0.49671	0.01291	0.03210	0.05574	0.01290	0.01948	0.01127	0.01560	0.00953	0.00564	0.00540	0.00172	0.00653	0.04385	0.00303	0.00823
1	0.35249	0.01244	0.01153	0.00999	0.01345	0.03539	0.00800	0.14687	0.30982	0.02558	0.01456	0.01437	0.01093	0.00635	0.00470	0.00176	0.00479	0.00464	0.00464	0.00769
2	0.03970	0.03492	0.04287	0.01133	0.01523	0.09767	0.00939	0.18024	0.20976	0.14040	0.03186	0.01577	0.01226	0.00652	0.00555	0.00161	0.02525	0.00501	0.00487	0.10979
3	0.04258	0.06492	0.07309	0.03716	0.01793	0.64257	0.01138	0.02109	0.01486	0.01416	0.00863	0.01017	0.00710	0.00560	0.00491	0.00146	0.00941	0.00360	0.00280	0.00657
4	0.00752	0.00573	0.00640	0.00633	0.00805	0.00496	0.00479	0.00922	0.01328	0.04096	0.20711	0.09178	0.52003	0.01344	0.00658	0.00188	0.00293	0.03863	0.00540	0.00495
5	0.00779	0.00540	0.00632	0.00633	0.00677	0.00522	0.00395	0.00851	0.01017	0.01368	0.17483	0.10010	0.08517	0.51933	0.02041	0.00411	0.00444	0.00935	0.00420	0.00393
6	0.01183	0.15673	0.61212	0.01516	0.02263	0.01442	0.05895	0.01739	0.01170	0.01681	0.00964	0.01141	0.00711	0.00514	0.00505	0.00167	0.00787	0.00404	0.00237	0.00797
7	0.01643	0.01311	0.01412	0.01234	0.05673	0.05654	0.00929	0.21004	0.27913	0.08321	0.01609	0.01579	0.01197	0.00631	0.00525	0.00156	0.00523	0.00505	0.00491	0.17691
8	0.00717	0.00542	0.00656	0.00729	0.00830	0.00497	0.00535	0.00850	0.01149	0.01459	0.03819	0.34555	0.29000	0.07914	0.00869	0.00242	0.00358	0.14320	0.00499	0.00458
9	0.01570	0.25510	0.13029	0.05657	0.04625	0.12164	0.01179	0.18819	0.03294	0.01966	0.03415	0.04221	0.01044	0.00619	0.00492	0.00154	0.00672	0.00464	0.00348	0.00760
10	0.01911	0.07739	0.01594	0.01157	0.01559	0.01531	0.00953	0.43205	0.16696	0.12304	0.01589	0.01595	0.01165	0.03688	0.00626	0.00181	0.00554	0.00526	0.00539	0.00888
11	0.03090	0.13185	0.35878	0.01271	0.01842	0.05628	0.01396	0.14924	0.01476	0.04186	0.04787	0.01631	0.07085	0.00648	0.00519	0.00165	0.00673	0.00496	0.00349	0.00774
12	0.01605	0.11953	0.15748	0.03785	0.18263	0.06917	0.04750	0.12518	0.04059	0.10933	0.01228	0.01353	0.00918	0.00564	0.00519	0.00161	0.00670	0.00464	0.02771	0.00822
13	0.03270	0.01279	0.08962	0.03371	0.03479	0.01141	0.02352	0.06479	0.27086	0.27292	0.01840	0.01737	0.01293	0.00654	0.00542	0.00171	0.00517	0.00538	0.00527	0.07471

[dist]
# distance from previous block
# <min> <max>
4	25

[block]
# block no. 2 follows, 43 sequences, length 6
# corresponding to MSA columns:
# 292-297
name=unknown_C
#
# <colnr> <probs for GDERKNQSTAVLIFYWHMCP>
#	G	D	E	R	K	N	Q	S	T	A	V	L	I	F	Y	W	H	M	C	P
0	0.01274	0.05903	0.06686	0.00985	0.01284	0.09071	0.00832	0.08116	0.16420	0.05502	0.23037	0.04833	0.11988	0.00905	0.00581	0.00173	0.00477	0.00748	0.00501	0.00685
1	0.07300	0.30973	0.22650	0.01257	0.01771	0.03720	0.06303	0.05812	0.05150	0.01739	0.01092	0.01420	0.00920	0.00594	0.00512	0.00161	0.02897	0.04691	0.00299	0.00739
2	0.01503	0.01208	0.09156	0.01249	0.07384	0.01075	0.01002	0.11965	0.17774	0.16612	0.17376	0.02498	0.02196	0.00815	0.00588	0.00180	0.00493	0.05596	0.00534	0.00794
3	0.01678	0.01572	0.07265	0.04936	0.23994	0.13146	0.05162	0.13130	0.05470	0.12460	0.01482	0.01589	0.04364	0.00616	0.00553	0.00167	0.00678	0.00522	0.00398	0.00820
4	0.01739	0.01989	0.09363	0.01672	0.08865	0.30936	0.11432	0.13358	0.05494	0.04871	0.01147	0.01307	0.00884	0.00714	0.03608	0.00191	0.00849	0.00469	0.00351	0.00760
5	0.01231	0.01521	0.12954	0.02055	0.10468	0.01267	0.41850	0.04045	0.01324	0.01842	0.08227	0.05515	0.01371	0.00623	0.00659	0.00184	0.03133	0.00670	0.00323	0.00738

[dist]
# distance from previous block
# <min> <max>
0	4

[block]
# block no. 3 follows, 43 sequences, length 71
# corresponding to MSA columns:
# 302-306,315-380
name=unknown_D
#
# <colnr> <probs for GDERKNQSTAVLIFYWHMCP>
#	G	D	E	R	K	N	Q	S	T	A	V	L	I	F	Y	W	H	M	C	P
0	0.01245	0.01651	0.15433	0.02098	0.04829	0.01342	0.51955	0.01702	0.01250	0.01739	0.01158	0.03167	0.00928	0.00554	0.00688	0.00187	0.04916	0.02370	0.00282	0.02507
1	0.00927	0.00700	0.00995	0.00934	0.01088	0.00666	0.06685	0.03364	0.03408	0.04824	0.06612	0.47966	0.04743	0.05635	0.00798	0.00220	0.02053	0.01196	0.00481	0.06703
2	0.04837	0.01352	0.02660	0.02012	0.04362	0.01327	0.53009	0.01825	0.08410	0.03428	0.01357	0.03659	0.01105	0.00605	0.00679	0.00192	0.03824	0.04287	0.00334	0.00736
3	0.01006	0.00720	0.00882	0.00792	0.00973	0.00701	0.00577	0.03229	0.06185	0.05206	0.09506	0.06320	0.03547	0.25128	0.17768	0.00421	0.00664	0.00707	0.00405	0.15264
4	0.00730	0.00517	0.00651	0.00726	0.00767	0.00485	0.00469	0.00805	0.00992	0.01333	0.02605	0.55584	0.03089	0.23880	0.01290	0.00307	0.00385	0.01310	0.00457	0.03617
5	0.01318	0.01286	0.02265	0.14172	0.59220	0.01312	0.08944	0.01666	0.01244	0.01749	0.01041	0.01398	0.00854	0.00499	0.00559	0.00170	0.00697	0.00509	0.00271	0.00827
6	0.00937	0.00525	0.00788	0.00869	0.04700	0.00519	0.00550	0.00780	0.00805	0.01079	0.01306	0.14434	0.01397	0.01819	0.01843	0.65931	0.00464	0.00660	0.00287	0.00308
7	0.01170	0.00995	0.01164	0.00850	0.01315	0.00787	0.00679	0.04009	0.01191	0.01842	0.01054	0.03585	0.00910	0.00473	0.00458	0.00093	0.02297	0.00376	0.00340	0.76413
8	0.00797	0.00578	0.00774	0.00870	0.00976	0.00555	0.00699	0.00997	0.01248	0.01641	0.11945	0.26842	0.10187	0.01530	0.00725	0.00231	0.00407	0.37986	0.00523	0.00491
9	0.00962	0.00481	0.00722	0.00722	0.00722	0.00481	0.00481	0.00722	0.00722	0.00962	0.00962	0.01684	0.00962	0.01924	0.02165	0.83886	0.00481	0.00481	0.00241	0.00241
10	0.00683	0.00497	0.00645	0.00745	0.00801	0.00458	0.00506	0.00800	0.01128	0.01499	0.10374	0.66033	0.10495	0.01647	0.00697	0.00217	0.00312	0.01482	0.00523	0.00458
11	0.00693	0.00498	0.00652	0.00762	0.00808	0.00465	0.00519	0.00802	0.01094	0.01456	0.06937	0.67529	0.06730	0.04494	0.00780	0.00233	0.00331	0.04252	0.00513	0.00453
12	0.84448	0.01071	0.00814	0.00728	0.01071	0.01242	0.00600	0.01628	0.00943	0.02485	0.00771	0.00900	0.00600	0.00514	0.00343	0.00171	0.00428	0.00300	0.00343	0.00600
13	0.01148	0.00984	0.01148	0.00820	0.01312	0.00738	0.00656	0.01395	0.01148	0.01805	0.00984	0.01148	0.00820	0.00410	0.00410	0.00082	0.00410	0.00328	0.00328	0.83922
14	0.02098	0.01331	0.01493	0.01158	0.01567	0.01415	0.00947	0.52621	0.02241	0.20705	0.01590	0.03170	0.01146	0.03619	0.00638	0.00182	0.00562	0.00546	0.02069	0.00902
15	0.00712	0.00547	0.00640	0.00649	0.00776	0.00487	0.00467	0.00876	0.01300	0.01701	0.29090	0.18601	0.34343	0.06329	0.00799	0.00212	0.00298	0.01164	0.00535	0.00475
16	0.00674	0.00485	0.00640	0.00763	0.00801	0.00450	0.00511	0.00772	0.01068	0.01417	0.03146	0.77431	0.06346	0.01723	0.00705	0.00224	0.00320	0.01560	0.00514	0.00450
17	0.00679	0.00485	0.00646	0.00768	0.00804	0.00453	0.00514	0.00781	0.01079	0.01443	0.05755	0.77388	0.03720	0.01713	0.00705	0.00223	0.00319	0.01553	0.00518	0.00453
18	0.05549	0.00820	0.01004	0.00875	0.01142	0.00795	0.00689	0.03532	0.11809	0.27113	0.25072	0.08510	0.06686	0.00960	0.00599	0.00182	0.00384	0.02963	0.00599	0.00716
19	0.01424	0.01213	0.01278	0.01136	0.01458	0.01399	0.00888	0.07529	0.71420	0.02391	0.02196	0.02020	0.01643	0.00746	0.00563	0.00186	0.00449	0.00618	0.00563	0.00881
20	0.82268	0.01084	0.00836	0.00743	0.01088	0.01255	0.00612	0.03577	0.00987	0.02511	0.00786	0.00911	0.00609	0.00518	0.00348	0.00171	0.00433	0.00305	0.00348	0.00609
21	0.00830	0.00614	0.00805	0.00887	0.01028	0.00589	0.00752	0.01060	0.01301	0.01678	0.10898	0.05836	0.19509	0.01462	0.00730	0.00232	0.00435	0.50331	0.00521	0.00502
22	0.01034	0.00621	0.00813	0.00748	0.00921	0.00563	0.00572	0.01272	0.01516	0.13631	0.55198	0.08386	0.08149	0.01125	0.00645	0.00180	0.00305	0.03132	0.00608	0.00579
23	0.01148	0.00984	0.01148	0.00820	0.01312	0.00738	0.00656	0.01395	0.01148	0.01805	0.00984	0.01148	0.00820	0.00410	0.00410	0.00082	0.00410	0.00328	0.00328	0.83922
24	0.01378	0.01190	0.01252	0.01127	0.01440	0.01378	0.00877	0.02943	0.76081	0.02317	0.02254	0.02066	0.01691	0.00751	0.00564	0.00188	0.00438	0.00626	0.00564	0.00877
25	0.00675	0.00482	0.00643	0.00771	0.00803	0.00450	0.00514	0.00771	0.01060	0.01414	0.03053	0.80175	0.03663	0.01735	0.00707	0.00225	0.00321	0.01574	0.00514	0.00450
26	0.00962	0.00481	0.00722	0.00722	0.00722	0.00481	0.00481	0.00722	0.00722	0.00962	0.00962	0.01684	0.00962	0.01924	0.02165	0.83886	0.00481	0.00481	0.00241	0.00241
27	0.00675	0.00482	0.00643	0.00771	0.00803	0.00450	0.00514	0.00771	0.01060	0.01414	0.03053	0.80175	0.03663	0.01735	0.00707	0.00225	0.00321	0.01574	0.00514	0.00450
28	0.01148	0.00984	0.01148	0.00820	0.01312	0.00738	0.00656	0.01395	0.01148	0.01805	0.00984	0.01148	0.00820	0.00410	0.00410	0.00082	0.00410	0.00328	0.00328	0.83922
29	0.00677	0.00530	0.00616	0.00681	0.00795	0.00469	0.00489	0.00804	0.01173	0.01468	0.04313	0.38929	0.39895	0.01559	0.00684	0.00208	0.00312	0.05422	0.00514	0.00462
30	0.02044	0.01515	0.01629	0.01245	0.01692	0.01655	0.01027	0.70531	0.02511	0.03383	0.01308	0.01318	0.00934	0.00649	0.00545	0.00161	0.00597	0.00488	0.00540	0.06228
31	0.02066	0.01532	0.01640	0.01266	0.01703	0.01699	0.01043	0.71357	0.06545	0.03427	0.01379	0.01369	0.00982	0.00669	0.00555	0.00167	0.00600	0.00505	0.00555	0.00938
32	0.00784	0.00575	0.00691	0.00656	0.00815	0.00511	0.00494	0.01001	0.01460	0.04007	0.49497	0.04499	0.30548	0.01216	0.00651	0.00179	0.00274	0.01049	0.00578	0.00514
33	0.00804	0.00539	0.00616	0.00615	0.00621	0.00541	0.00351	0.00816	0.00825	0.01106	0.03393	0.03591	0.02065	0.76437	0.05092	0.00540	0.00560	0.00803	0.00340	0.00345
34	0.00715	0.00553	0.00747	0.00812	0.00891	0.00523	0.02758	0.00839	0.01108	0.01449	0.03367	0.59132	0.16023	0.01610	0.00728	0.00219	0.02380	0.05177	0.00500	0.00469
35	0.81292	0.01089	0.00847	0.00749	0.01096	0.01261	0.00617	0.04449	0.01006	0.02523	0.00793	0.00916	0.00613	0.00520	0.00351	0.00171	0.00435	0.00308	0.00351	0.00613
36	0.01358	0.01080	0.01239	0.00909	0.01385	0.00918	0.00732	0.13320	0.03701	0.04864	0.01123	0.01233	0.00887	0.00472	0.00443	0.00102	0.00445	0.00373	0.00385	0.65033
37	0.02033	0.02564	0.01553	0.01411	0.01698	0.74318	0.01060	0.02250	0.05439	0.01405	0.00929	0.01054	0.00764	0.00580	0.00503	0.00145	0.00970	0.00371	0.00300	0.00654
38	0.00701	0.00576	0.00619	0.00610	0.00787	0.00501	0.00461	0.00897	0.02841	0.01665	0.20090	0.05039	0.59075	0.01337	0.00655	0.00186	0.00285	0.02654	0.00535	0.00488
39	0.02272	0.00920	0.01235	0.00962	0.01356	0.00812	0.00788	0.05094	0.01619	0.66016	0.10889	0.02129	0.01807	0.00737	0.00568	0.00172	0.00452	0.00607	0.00672	0.00893
40	0.24069	0.01404	0.01414	0.01121	0.01530	0.01573	0.00923	0.51813	0.05976	0.03161	0.01228	0.01253	0.00889	0.00629	0.00498	0.00169	0.00552	0.00452	0.00498	0.00847
41	0.00680	0.00486	0.00647	0.00768	0.00804	0.00453	0.00515	0.00785	0.01085	0.01453	0.06677	0.76437	0.03740	0.01705	0.00704	0.00222	0.00318	0.01546	0.00519	0.00453
42	0.00675	0.00482	0.00643	0.00771	0.00803	0.00450	0.00514	0.00771	0.01060	0.01414	0.03053	0.80175	0.03663	0.01735	0.00707	0.00225	0.00321	0.01574	0.00514	0.00450
43	0.02121	0.01525	0.01646	0.01262	0.01705	0.01679	0.01043	0.72149	0.02561	0.06637	0.01366	0.01353	0.00960	0.00666	0.00554	0.00166	0.00604	0.00501	0.00560	0.00942
44	0.00675	0.00482	0.00643	0.00771	0.00803	0.00450	0.00514	0.00771	0.01060	0.01414	0.03053	0.80175	0.03663	0.01735	0.00707	0.00225	0.00321	0.01574	0.00514	0.00450
45	0.00858	0.00694	0.00779	0.00741	0.00928	0.00681	0.00560	0.01346	0.17288	0.01943	0.31861	0.07051	0.30826	0.01174	0.00637	0.00184	0.00308	0.01005	0.00561	0.00575
46	0.84448	0.01071	0.00814	0.00728	0.01071	0.01242	0.00600	0.01628	0.00943	0.02485	0.00771	0.00900	0.00600	0.00514	0.00343	0.00171	0.00428	0.00300	0.00343	0.00600
47	0.00675	0.00482	0.00643	0.00771	0.00803	0.00450	0.00514	0.00771	0.01060	0.01414	0.03053	0.80175	0.03663	0.01735	0.00707	0.00225	0.00321	0.01574	0.00514	0.00450
48	0.01481	0.80869	0.02902	0.00948	0.01421	0.02191	0.00948	0.01658	0.01125	0.01303	0.00770	0.00888	0.00711	0.00474	0.00355	0.00118	0.00592	0.00296	0.00237	0.00711
49	0.00996	0.00521	0.00540	0.00540	0.00653	0.00525	0.00392	0.01221	0.01109	0.01917	0.01788	0.02258	0.01490	0.10453	0.03464	0.00206	0.00336	0.00554	0.70545	0.00494
50	0.00656	0.00557	0.00566	0.00573	0.00751	0.00467	0.00426	0.00793	0.01251	0.01491	0.05464	0.09606	0.72675	0.01422	0.00658	0.00189	0.00283	0.01192	0.00514	0.00467
51	0.00803	0.00546	0.00650	0.00650	0.00666	0.00562	0.00393	0.00835	0.00819	0.01108	0.01703	0.03391	0.01912	0.68233	0.14984	0.00594	0.00689	0.00771	0.00329	0.00361
52	0.02069	0.02640	0.01569	0.01427	0.01712	0.78313	0.01070	0.02212	0.01569	0.01355	0.00856	0.00999	0.00713	0.00571	0.00499	0.00143	0.00999	0.00357	0.00285	0.00642
53	0.00724	0.00534	0.00689	0.00795	0.00877	0.00499	0.00590	0.00867	0.01148	0.01487	0.03467	0.49206	0.16239	0.01628	0.00712	0.00226	0.00360	0.18972	0.00513	0.00468
54	0.84448	0.01071	0.00814	0.00728	0.01071	0.01242	0.00600	0.01628	0.00943	0.02485	0.00771	0.00900	0.00600	0.00514	0.00343	0.00171	0.00428	0.00300	0.00343	0.00600
55	0.02318	0.00902	0.01222	0.00950	0.01348	0.00784	0.00780	0.02537	0.01571	0.69750	0.07503	0.02052	0.01648	0.00716	0.00559	0.00170	0.00450	0.00587	0.03253	0.00899
56	0.01440	0.01312	0.01259	0.01160	0.01443	0.12054	0.00923	0.09050	0.43405	0.02152	0.02115	0.02717	0.01796	0.00880	0.00595	0.00193	0.00547	0.15672	0.00513	0.00774
57	0.00675	0.00482	0.00643	0.00771	0.00803	0.00450	0.00514	0.00771	0.01060	0.01414	0.03053	0.80175	0.03663	0.01735	0.00707	0.00225	0.00321	0.01574	0.00514	0.00450
58	0.00805	0.00537	0.00604	0.00604	0.00604	0.00537	0.00336	0.00805	0.00805	0.01074	0.01745	0.03624	0.02013	0.80536	0.02819	0.00537	0.00537	0.00805	0.00336	0.00336
59	0.00700	0.00493	0.00635	0.00739	0.00765	0.00467	0.00480	0.00778	0.01011	0.01348	0.02801	0.65442	0.03346	0.16901	0.01113	0.00285	0.00363	0.01426	0.00480	0.00428
60	0.00675	0.00482	0.00643	0.00771	0.00803	0.00450	0.00514	0.00771	0.01060	0.01414	0.03053	0.80175	0.03663	0.01735	0.00707	0.00225	0.00321	0.01574	0.00514	0.00450
61	0.00842	0.00606	0.00831	0.00952	0.01066	0.00596	0.00801	0.01063	0.01237	0.01606	0.03093	0.19214	0.07097	0.01559	0.00749	0.00246	0.00465	0.56969	0.00511	0.00497
62	0.02485	0.00943	0.01285	0.00985	0.01414	0.00814	0.00814	0.02699	0.01585	0.77465	0.02185	0.01885	0.01371	0.00685	0.00557	0.00171	0.00471	0.00557	0.00685	0.00943
63	0.01469	0.77481	0.02851	0.00969	0.01423	0.02170	0.00959	0.01645	0.01114	0.01304	0.00768	0.00902	0.00711	0.00495	0.00418	0.00124	0.03950	0.00304	0.00237	0.00706
64	0.02200	0.01234	0.01456	0.01128	0.01546	0.01268	0.00929	0.39605	0.02068	0.35647	0.01711	0.01617	0.01153	0.00861	0.04728	0.00207	0.00596	0.00529	0.00598	0.00918
65	0.01050	0.00582	0.00587	0.00576	0.00724	0.00596	0.00435	0.01428	0.08243	0.02067	0.01995	0.02191	0.04349	0.00684	0.00414	0.00137	0.00276	0.00552	0.72567	0.00548
66	0.21164	0.01035	0.01209	0.00958	0.01363	0.01014	0.00788	0.08742	0.04695	0.50705	0.01790	0.01619	0.01171	0.00647	0.00508	0.00172	0.00472	0.00496	0.00590	0.00861
67	0.01073	0.01027	0.01781	0.71984	0.06030	0.01244	0.06201	0.01447	0.01125	0.01450	0.00995	0.01474	0.00749	0.00546	0.00560	0.00184	0.00748	0.00502	0.00249	0.00632
68	0.01354	0.01115	0.01303	0.00970	0.01432	0.00988	0.02662	0.17120	0.05350	0.02177	0.01183	0.03390	0.00969	0.00519	0.00463	0.00112	0.00465	0.00422	0.00392	0.57613
69	0.01318	0.01494	0.15767	0.05360	0.42193	0.01168	0.01519	0.01685	0.01237	0.05708	0.01137	0.01474	0.00925	0.00529	0.00529	0.00157	0.00636	0.02626	0.00303	0.14234
70	0.03360	0.22486	0.05454	0.04568	0.04021	0.19322	0.08885	0.08024	0.02915	0.05727	0.01167	0.02585	0.02419	0.00725	0.03364	0.00182	0.03291	0.00460	0.00326	0.00717

[dist]
# distance from previous block
# <min> <max>
0	5

[block]
# block no. 4 follows, 43 sequences, length 38
# corresponding to MSA columns:
# 389-392,394-405,417-438
name=unknown_E
#
# <colnr> <probs for GDERKNQSTAVLIFYWHMCP>
#	G	D	E	R	K	N	Q	S	T	A	V	L	I	F	Y	W	H	M	C	P
0	0.03163	0.21151	0.09155	0.01074	0.01546	0.01380	0.02795	0.15196	0.04323	0.16474	0.02834	0.01521	0.04091	0.00606	0.00487	0.00147	0.00549	0.00468	0.00426	0.12614
1	0.03068	0.00789	0.00953	0.04355	0.01151	0.00834	0.02493	0.14152	0.01388	0.02075	0.04059	0.18267	0.03249	0.01062	0.03498	0.00199	0.02785	0.03694	0.29662	0.02267
2	0.03915	0.01488	0.01593	0.03852	0.25288	0.19122	0.01146	0.11018	0.05801	0.06106	0.01545	0.01692	0.06500	0.00798	0.04023	0.00195	0.00696	0.00523	0.03945	0.00757
3	0.01860	0.01459	0.01622	0.07911	0.06663	0.04847	0.01097	0.55400	0.02229	0.02954	0.01440	0.01523	0.03986	0.00801	0.03481	0.00195	0.00660	0.00522	0.00487	0.00862
4	0.01316	0.01579	0.12575	0.02812	0.43082	0.01339	0.25581	0.01731	0.01264	0.01791	0.01061	0.01384	0.00842	0.00489	0.00580	0.00173	0.00769	0.00534	0.00271	0.00827
5	0.01319	0.00826	0.01004	0.00791	0.01151	0.00670	0.00628	0.01540	0.01345	0.20137	0.14651	0.02607	0.15988	0.00783	0.00532	0.00139	0.00376	0.00653	0.00496	0.34366
6	0.01148	0.00984	0.01148	0.00820	0.01312	0.00738	0.00656	0.01395	0.01148	0.01805	0.00984	0.01148	0.00820	0.00410	0.00410	0.00082	0.00410	0.00328	0.00328	0.83922
7	0.03044	0.00647	0.00752	0.00741	0.00800	0.00680	0.00488	0.03948	0.05193	0.01432	0.06690	0.19491	0.02412	0.45739	0.01912	0.00392	0.03856	0.00931	0.00408	0.00444
8	0.08910	0.01430	0.01535	0.03376	0.01680	0.01570	0.00994	0.57582	0.05714	0.06398	0.01339	0.01348	0.00956	0.00644	0.00531	0.00165	0.00576	0.00483	0.00525	0.04244
9	0.00791	0.00593	0.00890	0.00890	0.00989	0.00692	0.00692	0.00989	0.00890	0.01286	0.01483	0.02176	0.01385	0.04154	0.78341	0.00890	0.01483	0.00593	0.00297	0.00494
10	0.01249	0.01282	0.02452	0.25937	0.27193	0.01322	0.29067	0.01641	0.01232	0.01677	0.01054	0.01449	0.00821	0.00502	0.00589	0.00179	0.00785	0.00553	0.00268	0.00749
11	0.00773	0.00521	0.00622	0.00662	0.00680	0.00515	0.00404	0.00819	0.00900	0.01223	0.02139	0.26985	0.02475	0.50751	0.04672	0.00438	0.00493	0.01023	0.03521	0.00383
12	0.00962	0.00481	0.00722	0.00722	0.00722	0.00481	0.00481	0.00722	0.00722	0.00962	0.00962	0.01684	0.00962	0.01924	0.02165	0.83886	0.00481	0.00481	0.00241	0.00241
13	0.02069	0.02640	0.01569	0.01427	0.01712	0.78313	0.01070	0.02212	0.01569	0.01355	0.00856	0.00999	0.00713	0.00571	0.00499	0.00143	0.00999	0.00357	0.00285	0.00642
14	0.00801	0.00600	0.00765	0.00838	0.00962	0.00577	0.00665	0.01051	0.04460	0.01657	0.11673	0.23912	0.17829	0.01478	0.00708	0.00222	0.00388	0.30386	0.00525	0.00504
15	0.14374	0.00695	0.00790	0.00736	0.00920	0.00685	0.00554	0.01300	0.03218	0.10180	0.33211	0.09736	0.09259	0.09528	0.00829	0.00219	0.00356	0.02324	0.00527	0.00559
16	0.02463	0.00978	0.01307	0.01002	0.01431	0.00866	0.00828	0.06904	0.01644	0.73177	0.02135	0.01853	0.01346	0.00684	0.00557	0.00171	0.00479	0.00554	0.00678	0.00942
17	0.04270	0.01668	0.01414	0.01216	0.01543	0.24669	0.00949	0.25461	0.18101	0.05696	0.01559	0.08230	0.01281	0.00744	0.00547	0.00169	0.00653	0.00573	0.00471	0.00784
18	0.00718	0.00561	0.00653	0.00657	0.00799	0.00501	0.00482	0.00922	0.02730	0.01760	0.30929	0.17660	0.36935	0.01349	0.00661	0.00189	0.00283	0.01168	0.00550	0.00492
19	0.01135	0.00819	0.00968	0.00919	0.01128	0.00855	0.00714	0.03479	0.25979	0.08037	0.20088	0.15677	0.06802	0.01119	0.00636	0.00197	0.00385	0.09831	0.00567	0.00666
20	0.84448	0.01071	0.00814	0.00728	0.01071	0.01242	0.00600	0.01628	0.00943	0.02485	0.00771	0.00900	0.00600	0.00514	0.00343	0.00171	0.00428	0.00300	0.00343	0.00600
21	0.00775	0.00529	0.00634	0.00660	0.00678	0.00526	0.00402	0.00819	0.00899	0.01210	0.05380	0.20149	0.02481	0.55750	0.06375	0.00472	0.00529	0.00969	0.00384	0.00377
22	0.00807	0.00561	0.00692	0.00696	0.00830	0.00508	0.00516	0.00999	0.01353	0.04678	0.34138	0.21137	0.22160	0.01312	0.00656	0.00190	0.00297	0.04055	0.03908	0.00508
23	0.00973	0.00614	0.00738	0.00682	0.00869	0.00541	0.00515	0.01163	0.01401	0.12586	0.32484	0.06520	0.32855	0.04680	0.00737	0.00196	0.00313	0.01013	0.00568	0.00550
24	0.01148	0.00984	0.01148	0.00820	0.01312	0.00738	0.00656	0.01395	0.01148	0.01805	0.00984	0.01148	0.00820	0.00410	0.00410	0.00082	0.00410	0.00328	0.00328	0.83922
25	0.00734	0.00539	0.00673	0.00763	0.00822	0.00519	0.00518	0.00909	0.05222	0.01438	0.03051	0.58742	0.09047	0.10880	0.00944	0.00257	0.00356	0.03627	0.00496	0.00463
26	0.01244	0.00728	0.00934	0.00894	0.01091	0.00701	0.00701	0.05121	0.06203	0.18320	0.15027	0.24335	0.05870	0.01238	0.00658	0.00204	0.00401	0.15126	0.00572	0.00633
27	0.00763	0.00552	0.00735	0.00824	0.00914	0.00524	0.00631	0.00943	0.01235	0.01646	0.16765	0.37862	0.08369	0.01538	0.00712	0.00223	0.00368	0.24382	0.00530	0.00484
28	0.00789	0.00531	0.00681	0.00753	0.00816	0.00504	0.00517	0.00890	0.01056	0.04404	0.02893	0.49034	0.08600	0.16690	0.04077	0.00307	0.00422	0.06101	0.00479	0.00455
29	0.00799	0.00538	0.00626	0.00639	0.00657	0.00539	0.00384	0.00832	0.00858	0.01159	0.01935	0.09827	0.03533	0.64636	0.06800	0.00509	0.00561	0.02297	0.02507	0.00365
30	0.45847	0.00978	0.00976	0.00813	0.01173	0.01018	0.00667	0.02022	0.01212	0.31874	0.01406	0.01376	0.00966	0.00591	0.00430	0.00168	0.00432	0.00417	0.06906	0.00728
31	0.02038	0.01495	0.01600	0.01236	0.01662	0.01654	0.01018	0.69966	0.04524	0.03395	0.01376	0.01383	0.00983	0.00666	0.00547	0.00165	0.00589	0.00503	0.04280	0.00921
32	0.01237	0.01381	0.05592	0.08887	0.02480	0.01406	0.43260	0.01606	0.01162	0.01648	0.01043	0.01440	0.00829	0.00611	0.00913	0.00197	0.20306	0.00580	0.04730	0.00691
33	0.01503	0.01494	0.01885	0.23495	0.29371	0.15143	0.03330	0.11506	0.03596	0.01856	0.01068	0.01351	0.00841	0.00553	0.00545	0.00168	0.00735	0.00477	0.00314	0.00768
34	0.72011	0.01144	0.00942	0.00811	0.01169	0.01314	0.00668	0.12745	0.01193	0.02637	0.00856	0.00965	0.00651	0.00537	0.00375	0.00171	0.00456	0.00330	0.00375	0.00651
35	0.01082	0.00765	0.00883	0.00836	0.00971	0.00802	0.00589	0.09991	0.12946	0.04756	0.05303	0.22075	0.02336	0.29728	0.04153	0.00343	0.00495	0.00924	0.00466	0.00558
36	0.00691	0.00490	0.00643	0.00753	0.00786	0.00461	0.00499	0.00785	0.01058	0.01416	0.05914	0.70277	0.03579	0.08739	0.00893	0.00251	0.00338	0.01483	0.00502	0.00443
37	0.01364	0.01519	0.08029	0.02109	0.02658	0.01333	0.60712	0.03900	0.01362	0.06227	0.04228	0.01596	0.01041	0.00516	0.00637	0.00184	0.00863	0.00641	0.00322	0.00760

[dist]
# distance from previous block
# <min> <max>
0	7

[block]
# block no. 5 follows, 43 sequences, length 102
# corresponding to MSA columns:
# 446-504,507-518,520-550
name=unknown_F
#
# <colnr> <probs for GDERKNQSTAVLIFYWHMCP>
#	G	D	E	R	K	N	Q	S	T	A	V	L	I	F	Y	W	H	M	C	P
0	0.01156	0.00991	0.01152	0.00830	0.01317	0.00759	0.00663	0.01445	0.03579	0.01821	0.01026	0.01178	0.00849	0.00421	0.00415	0.00085	0.00411	0.00338	0.00336	0.81228
1	0.01280	0.01514	0.07738	0.02054	0.02512	0.01449	0.52341	0.01748	0.05023	0.01716	0.01095	0.01448	0.00853	0.00582	0.00864	0.00197	0.15970	0.00604	0.00284	0.00731
2	0.00676	0.00488	0.00641	0.00759	0.00801	0.00452	0.00510	0.00779	0.01082	0.01436	0.04873	0.74607	0.07440	0.01704	0.00703	0.00222	0.00318	0.01541	0.00516	0.00452
3	0.01331	0.01075	0.01233	0.00901	0.01380	0.00905	0.00726	0.12815	0.03074	0.03783	0.01093	0.01214	0.00871	0.00463	0.00439	0.00099	0.00443	0.00366	0.00376	0.67412
4	0.00814	0.00554	0.00631	0.00624	0.00648	0.00541	0.00360	0.00830	0.00836	0.01127	0.01785	0.07915	0.02054	0.72345	0.02587	0.00498	0.00519	0.00828	0.00346	0.04159
5	0.00712	0.00635	0.00607	0.00608	0.00789	0.03403	0.00453	0.00852	0.01269	0.01501	0.06728	0.09301	0.68471	0.01384	0.00652	0.00187	0.00309	0.01157	0.00508	0.00474
6	0.01801	0.01372	0.01498	0.01134	0.01589	0.01415	0.00929	0.51346	0.03864	0.02956	0.01247	0.01292	0.00923	0.00590	0.00511	0.00141	0.00546	0.00450	0.00486	0.25908
7	0.00941	0.00663	0.00784	0.00747	0.00820	0.00704	0.00498	0.08196	0.02975	0.01397	0.01705	0.05449	0.01823	0.52612	0.17848	0.00554	0.00727	0.00751	0.00361	0.00445
8	0.04795	0.00934	0.01204	0.00979	0.01343	0.00866	0.00794	0.07181	0.05163	0.54847	0.02215	0.11058	0.01667	0.00835	0.00575	0.00181	0.00461	0.03411	0.00633	0.00855
9	0.00777	0.00566	0.00731	0.00690	0.00823	0.00520	0.00517	0.01032	0.01552	0.02184	0.73160	0.04198	0.08878	0.01146	0.00653	0.00175	0.00262	0.01010	0.00605	0.00520
10	0.00677	0.00486	0.00642	0.00763	0.00802	0.00452	0.00512	0.00778	0.01077	0.01434	0.04710	0.76342	0.05850	0.01712	0.00704	0.00223	0.00319	0.01550	0.00516	0.00452
11	0.00692	0.00494	0.00660	0.00780	0.00822	0.00463	0.00534	0.00804	0.01097	0.01467	0.06806	0.72499	0.03718	0.01694	0.00707	0.00224	0.00328	0.05234	0.00519	0.00457
12	0.72685	0.00998	0.00793	0.00716	0.01019	0.01142	0.00574	0.01527	0.00968	0.02354	0.05361	0.01313	0.00989	0.07055	0.00562	0.00201	0.00427	0.00383	0.00358	0.00574
13	0.01148	0.00984	0.01148	0.00820	0.01312	0.00738	0.00656	0.01395	0.01148	0.01805	0.00984	0.01148	0.00820	0.00410	0.00410	0.00082	0.00410	0.00328	0.00328	0.83922
14	0.00791	0.00593	0.00890	0.00890	0.00989	0.00692	0.00692	0.00989	0.00890	0.01286	0.01483	0.02176	0.01385	0.04154	0.78341	0.00890	0.01483	0.00593	0.00297	0.00494
15	0.00700	0.00501	0.00639	0.00738	0.00779	0.00470	0.00491	0.00789	0.01041	0.01374	0.03024	0.60966	0.08461	0.13866	0.01031	0.00271	0.00357	0.03577	0.00486	0.00435
16	0.00673	0.00488	0.00636	0.00754	0.00799	0.00451	0.00507	0.00773	0.01077	0.01420	0.03260	0.74091	0.09613	0.01708	0.00703	0.00222	0.00318	0.01541	0.00514	0.00451
17	0.00675	0.00482	0.00643	0.00771	0.00803	0.00450	0.00514	0.00771	0.01060	0.01414	0.03053	0.80175	0.03663	0.01735	0.00707	0.00225	0.00321	0.01574	0.00514	0.00450
18	0.00674	0.00486	0.00638	0.00761	0.00800	0.00451	0.00509	0.00772	0.01071	0.01418	0.03182	0.76383	0.07371	0.01718	0.00704	0.00223	0.00319	0.01554	0.00514	0.00451
19	0.02013	0.01352	0.01485	0.01157	0.01556	0.01462	0.00944	0.55493	0.04568	0.13377	0.01521	0.01586	0.01104	0.04908	0.00667	0.00185	0.00564	0.00528	0.04644	0.00887
20	0.00748	0.00565	0.00690	0.00659	0.00805	0.00507	0.00494	0.00975	0.01482	0.02017	0.56795	0.04472	0.25347	0.01208	0.00654	0.00178	0.00267	0.01049	0.00583	0.00507
21	0.01307	0.01494	0.03268	0.02334	0.02894	0.01401	0.75070	0.01774	0.01307	0.01774	0.01120	0.01494	0.00840	0.00467	0.00654	0.00187	0.00934	0.00654	0.00280	0.00747
22	0.00836	0.00658	0.00771	0.00800	0.00967	0.00637	0.00643	0.01178	0.09588	0.01674	0.08913	0.05133	0.33663	0.05150	0.00788	0.00227	0.00391	0.26943	0.00516	0.00526
23	0.00674	0.00485	0.00640	0.00764	0.00801	0.00450	0.00511	0.00772	0.01067	0.01416	0.03135	0.77747	0.06037	0.01724	0.00705	0.00224	0.00320	0.01561	0.00514	0.00450
24	0.01378	0.01190	0.01252	0.01127	0.01440	0.01378	0.00877	0.02943	0.76081	0.02317	0.02254	0.02066	0.01691	0.00751	0.00564	0.00188	0.00438	0.00626	0.00564	0.00877
25	0.01111	0.02865	0.77667	0.01579	0.02397	0.01286	0.02046	0.01754	0.01169	0.01754	0.00994	0.01169	0.00702	0.00526	0.00526	0.00175	0.00818	0.00409	0.00234	0.00818
26	0.00871	0.00634	0.00859	0.00970	0.01101	0.00629	0.00832	0.01136	0.02911	0.01645	0.03142	0.10393	0.09170	0.01514	0.00748	0.00246	0.00479	0.61695	0.00512	0.00511
27	0.00675	0.00482	0.00643	0.00771	0.00803	0.00450	0.00514	0.00771	0.01060	0.01414	0.03053	0.80175	0.03663	0.01735	0.00707	0.00225	0.00321	0.01574	0.00514	0.00450
28	0.01355	0.01170	0.01231	0.01109	0.01419	0.01349	0.00862	0.02876	0.73750	0.02291	0.02359	0.02168	0.04033	0.00772	0.00566	0.00188	0.00433	0.00643	0.00562	0.00864
29	0.00962	0.00481	0.00722	0.00722	0.00722	0.00481	0.00481	0.00722	0.00722	0.00962	0.00962	0.01684	0.00962	0.01924	0.02165	0.83886	0.00481	0.00481	0.00241	0.00241
30	0.01212	0.01209	0.01662	0.06901	0.01614	0.03150	0.01211	0.01390	0.02817	0.01363	0.00804	0.01270	0.00767	0.00999	0.03398	0.00250	0.68630	0.00489	0.00253	0.00612
31	0.00962	0.00481	0.00722	0.00722	0.00722	0.00481	0.00481	0.00722	0.00722	0.00962	0.00962	0.01684	0.00962	0.01924	0.02165	0.83886	0.00481	0.00481	0.00241	0.00241
32	0.03785	0.01432	0.07361	0.13492	0.30243	0.01333	0.30751	0.01690	0.01242	0.01756	0.01054	0.01407	0.00823	0.00494	0.00583	0.00177	0.00782	0.00546	0.00272	0.00776
33	0.02105	0.01551	0.01662	0.01274	0.01717	0.01717	0.01053	0.75235	0.02604	0.03490	0.01330	0.01330	0.00942	0.00665	0.00554	0.00166	0.00609	0.00499	0.00554	0.00942
34	0.01148	0.00984	0.01148	0.00820	0.01312	0.00738	0.00656	0.01395	0.01148	0.01805	0.00984	0.01148	0.00820	0.00410	0.00410	0.00082	0.00410	0.00328	0.00328	0.83922
35	0.00781	0.00566	0.00736	0.00694	0.00826	0.00521	0.00520	0.01040	0.01561	0.02205	0.75206	0.04164	0.06819	0.01138	0.00653	0.00174	0.00262	0.01005	0.00608	0.00521
36	0.00962	0.00481	0.00722	0.00722	0.00722	0.00481	0.00481	0.00722	0.00722	0.00962	0.00962	0.01684	0.00962	0.01924	0.02165	0.83886	0.00481	0.00481	0.00241	0.00241
37	0.00675	0.00482	0.00643	0.00771	0.00803	0.00450	0.00514	0.00771	0.01060	0.01414	0.03053	0.80175	0.03663	0.01735	0.00707	0.00225	0.00321	0.01574	0.00514	0.00450
38	0.00822	0.00574	0.00755	0.00723	0.00856	0.00531	0.00547	0.01073	0.01527	0.03830	0.67607	0.08072	0.04956	0.01173	0.00659	0.00181	0.00282	0.04702	0.00601	0.00528
39	0.05845	0.01132	0.01237	0.01077	0.01416	0.01253	0.00849	0.02825	0.56694	0.18017	0.02164	0.01969	0.01568	0.00726	0.00551	0.00184	0.00445	0.00595	0.00578	0.00876
40	0.01148	0.00984	0.01148	0.00820	0.01312	0.00738	0.00656	0.01395	0.01148	0.01805	0.00984	0.01148	0.00820	0.00410	0.00410	0.00082	0.00410	0.00328	0.00328	0.83922
41	0.00757	0.00565	0.00703	0.00669	0.00811	0.00511	0.00501	0.00993	0.01504	0.02070	0.61994	0.04385	0.20115	0.01188	0.00653	0.00177	0.00265	0.01036	0.00590	0.00511
42	0.00772	0.00566	0.00724	0.00685	0.00820	0.00518	0.00514	0.01023	0.01541	0.02157	0.70474	0.04243	0.11581	0.01156	0.00653	0.00175	0.00263	0.01016	0.00601	0.00518
43	0.00791	0.00593	0.00890	0.00890	0.00989	0.00692	0.00692	0.00989	0.00890	0.01286	0.01483	0.02176	0.01385	0.04154	0.78341	0.00890	0.01483	0.00593	0.00297	0.00494
44	0.01111	0.02865	0.77667	0.01579	0.02397	0.01286	0.02046	0.01754	0.01169	0.01754	0.00994	0.01169	0.00702	0.00526	0.00526	0.00175	0.00818	0.00409	0.00234	0.00818
45	0.25692	0.01038	0.01182	0.00941	0.01343	0.01029	0.00775	0.08524	0.03790	0.47610	0.01713	0.01564	0.01126	0.00637	0.00496	0.00171	0.00470	0.00481	0.00573	0.00843
46	0.00791	0.00593	0.00890	0.00890	0.00989	0.00692	0.00692	0.00989	0.00890	0.01286	0.01483	0.02176	0.01385	0.04154	0.78341	0.00890	0.01483	0.00593	0.00297	0.00494
47	0.01046	0.00984	0.01661	0.79205	0.03814	0.01230	0.01538	0.01415	0.01107	0.01415	0.00984	0.01477	0.00738	0.00554	0.00554	0.00185	0.00738	0.00492	0.00246	0.00615
48	0.00754	0.00554	0.00706	0.00691	0.00815	0.00506	0.00509	0.00979	0.01465	0.02029	0.58655	0.14298	0.13491	0.01244	0.00660	0.00182	0.00271	0.01097	0.00586	0.00506
49	0.00675	0.00482	0.00643	0.00771	0.00803	0.00450	0.00514	0.00771	0.01060	0.01414	0.03053	0.80175	0.03663	0.01735	0.00707	0.00225	0.00321	0.01574	0.00514	0.00450
50	0.01307	0.01494	0.03268	0.02334	0.02894	0.01401	0.75070	0.01774	0.01307	0.01774	0.01120	0.01494	0.00840	0.00467	0.00654	0.00187	0.00934	0.00654	0.00280	0.00747
51	0.00675	0.00482	0.00643	0.00771	0.00803	0.00450	0.00514	0.00771	0.01060	0.01414	0.03053	0.80175	0.03663	0.01735	0.00707	0.00225	0.00321	0.01574	0.00514	0.00450
52	0.00892	0.00637	0.00892	0.01020	0.01147	0.00637	0.00892	0.01147	0.01275	0.01657	0.02932	0.06247	0.03187	0.01530	0.00765	0.00255	0.00510	0.73354	0.00510	0.00510
53	0.01046	0.00984	0.01661	0.79205	0.03814	0.01230	0.01538	0.01415	0.01107	0.01415	0.00984	0.01477	0.00738	0.00554	0.00554	0.00185	0.00738	0.00492	0.00246	0.00615
54	0.81172	0.01090	0.00848	0.00750	0.01097	0.01261	0.00618	0.04557	0.01009	0.02525	0.00793	0.00917	0.00613	0.00520	0.00351	0.00171	0.00436	0.00308	0.00351	0.00613
55	0.00674	0.00485	0.00640	0.00763	0.00801	0.00451	0.00511	0.00772	0.01068	0.01417	0.03149	0.77353	0.06423	0.01723	0.00705	0.00223	0.00320	0.01559	0.00514	0.00451
56	0.03862	0.01305	0.02218	0.09844	0.50637	0.01336	0.11927	0.04524	0.05452	0.01880	0.01118	0.01421	0.00899	0.00517	0.00559	0.00171	0.00683	0.00518	0.00301	0.00829
57	0.00675	0.00482	0.00643	0.00771	0.00803	0.00450	0.00514	0.00771	0.01060	0.01414	0.03053	0.80175	0.03663	0.01735	0.00707	0.00225	0.00321	0.01574	0.00514	0.00450
58	0.41670	0.01136	0.01125	0.00919	0.01295	0.01229	0.00756	0.20115	0.01529	0.19244	0.05098	0.01389	0.01091	0.00621	0.00458	0.00170	0.00474	0.00442	0.00484	0.00756
59	0.14330	0.10475	0.01353	0.00932	0.01304	0.01104	0.00778	0.06695	0.07500	0.36277	0.11906	0.01905	0.01700	0.00699	0.00514	0.00166	0.00457	0.00550	0.00552	0.00801
60	0.01111	0.02865	0.77667	0.01579	0.02397	0.01286	0.02046	0.01754	0.01169	0.01754	0.00994	0.01169	0.00702	0.00526	0.00526	0.00175	0.00818	0.00409	0.00234	0.00818
61	0.00696	0.00526	0.00645	0.00702	0.00802	0.00475	0.00499	0.00842	0.01224	0.01601	0.17989	0.41051	0.25747	0.01514	0.00683	0.00205	0.00303	0.03493	0.00532	0.00471
62	0.14834	0.01497	0.01353	0.01124	0.01484	0.15801	0.00902	0.29401	0.07826	0.11606	0.02862	0.01524	0.01112	0.00661	0.00512	0.00166	0.00601	0.02151	0.03792	0.00792
63	0.02435	0.00953	0.01285	0.00988	0.01410	0.00835	0.00815	0.04903	0.01616	0.73501	0.03823	0.01918	0.01444	0.00695	0.00559	0.00171	0.00471	0.00565	0.00680	0.00933
64	0.01148	0.00984	0.01148	0.00820	0.01312	0.00738	0.00656	0.01395	0.01148	0.01805	0.00984	0.01148	0.00820	0.00410	0.00410	0.00082	0.00410	0.00328	0.00328	0.83922
65	0.18661	0.03483	0.04256	0.00969	0.01358	0.01047	0.00829	0.09244	0.05311	0.37476	0.07819	0.01908	0.01516	0.00703	0.00521	0.00173	0.00476	0.02887	0.00554	0.00810
66	0.00962	0.00481	0.00722	0.00722	0.00722	0.00481	0.00481	0.00722	0.00722	0.00962	0.00962	0.01684	0.00962	0.01924	0.02165	0.83886	0.00481	0.00481	0.00241	0.00241
67	0.00947	0.00655	0.00886	0.00960	0.01108	0.00646	0.00820	0.01239	0.03752	0.04763	0.12763	0.05620	0.06434	0.01413	0.00731	0.00236	0.00464	0.55492	0.00532	0.00539
68	0.00801	0.00578	0.00773	0.00822	0.00938	0.00551	0.00653	0.01028	0.01366	0.01855	0.34981	0.17261	0.07077	0.01386	0.00703	0.00212	0.00363	0.27594	0.00554	0.00504
69	0.01276	0.01538	0.14267	0.01579	0.01814	0.03070	0.11743	0.01535	0.01009	0.04493	0.00886	0.01267	0.00764	0.00807	0.01367	0.00219	0.50928	0.00497	0.00265	0.00674
70	0.05764	0.01188	0.01282	0.01118	0.01443	0.01332	0.00900	0.21413	0.39981	0.04870	0.03741	0.02368	0.01695	0.00819	0.00576	0.00189	0.00488	0.09458	0.00548	0.00829
71	0.00682	0.00535	0.00619	0.00666	0.00789	0.00471	0.00480	0.00821	0.01216	0.01539	0.11289	0.33075	0.40591	0.01505	0.00677	0.00202	0.00301	0.03553	0.00523	0.00467
72	0.01046	0.00984	0.01661	0.79205	0.03814	0.01230	0.01538	0.01415	0.01107	0.01415	0.00984	0.01477	0.00738	0.00554	0.00554	0.00185	0.00738	0.00492	0.00246	0.00615
73	0.72058	0.01002	0.00813	0.00734	0.01049	0.01140	0.00595	0.01572	0.01016	0.04320	0.07240	0.04349	0.01127	0.00619	0.00389	0.00174	0.00411	0.00416	0.00381	0.00596
74	0.00675	0.00482	0.00643	0.00771	0.00803	0.00450	0.00514	0.00771	0.01060	0.01414	0.03053	0.80175	0.03663	0.01735	0.00707	0.00225	0.00321	0.01574	0.00514	0.00450
75	0.00784	0.00566	0.00740	0.00697	0.00827	0.00523	0.00523	0.01045	0.01568	0.02221	0.76789	0.04137	0.05226	0.01132	0.00653	0.00174	0.00261	0.01002	0.00610	0.00523
76	0.01536	0.01015	0.01068	0.00886	0.01166	0.01098	0.00710	0.35174	0.04646	0.02726	0.01605	0.01729	0.01211	0.00658	0.00470	0.00148	0.00426	0.00512	0.42491	0.00724
77	0.03461	0.00499	0.00720	0.00724	0.00736	0.00502	0.00486	0.00751	0.00745	0.01031	0.01063	0.05662	0.01089	0.01872	0.02035	0.77099	0.00471	0.00531	0.00258	0.00262
78	0.00962	0.00481	0.00722	0.00722	0.00722	0.00481	0.00481	0.00722	0.00722	0.00962	0.00962	0.01684	0.00962	0.01924	0.02165	0.83886	0.00481	0.00481	0.00241	0.00241
79	0.00771	0.00566	0.00723	0.00684	0.00820	0.00517	0.00513	0.01021	0.01538	0.02150	0.69858	0.04253	0.12201	0.01159	0.00653	0.00175	0.00263	0.01018	0.00600	0.00517
80	0.00678	0.00485	0.00646	0.00769	0.00804	0.00452	0.00514	0.00780	0.01076	0.01439	0.05331	0.77826	0.03711	0.01716	0.00705	0.00223	0.00319	0.01557	0.00517	0.00452
81	0.00683	0.00562	0.00601	0.00591	0.00766	0.00480	0.00443	0.00850	0.01330	0.01656	0.21301	0.05067	0.61066	0.01343	0.00654	0.00184	0.00276	0.01132	0.00535	0.00480
82	0.00678	0.00484	0.00645	0.00769	0.00804	0.00452	0.00514	0.00778	0.01073	0.01434	0.04921	0.78248	0.03703	0.01720	0.00706	0.00224	0.00320	0.01560	0.00517	0.00452
83	0.82178	0.01084	0.00837	0.00743	0.01089	0.01256	0.00612	0.03657	0.00988	0.02513	0.00787	0.00912	0.00609	0.00518	0.00349	0.00171	0.00433	0.00305	0.00349	0.00609
84	0.00767	0.00578	0.00722	0.00765	0.00902	0.00534	0.00608	0.00971	0.01325	0.01730	0.23266	0.13260	0.26734	0.01407	0.00695	0.00209	0.00353	0.24142	0.00538	0.00494
85	0.01307	0.01494	0.03268	0.02334	0.02894	0.01401	0.75070	0.01774	0.01307	0.01774	0.01120	0.01494	0.00840	0.00467	0.00654	0.00187	0.00934	0.00654	0.00280	0.00747
86	0.00677	0.00484	0.00645	0.00769	0.00804	0.00452	0.00514	0.00778	0.01072	0.01433	0.04808	0.78364	0.03700	0.01721	0.00706	0.00224	0.00320	0.01561	0.00516	0.00452
87	0.00892	0.00637	0.00892	0.01020	0.01147	0.00637	0.00892	0.01147	0.01275	0.01657	0.02932	0.06247	0.03187	0.01530	0.00765	0.00255	0.00510	0.73354	0.00510	0.00510
88	0.01046	0.00984	0.01661	0.79205	0.03814	0.01230	0.01538	0.01415	0.01107	0.01415	0.00984	0.01477	0.00738	0.00554	0.00554	0.00185	0.00738	0.00492	0.00246	0.00615
89	0.00773	0.00566	0.00726	0.00686	0.00821	0.00518	0.00514	0.01025	0.01543	0.02162	0.71016	0.04234	0.11035	0.01154	0.00653	0.00175	0.00263	0.01015	0.00602	0.00518
90	0.02485	0.00943	0.01285	0.00985	0.01414	0.00814	0.00814	0.02699	0.01585	0.77465	0.02185	0.01885	0.01371	0.00685	0.00557	0.00171	0.00471	0.00557	0.00685	0.00943
91	0.00962	0.00481	0.00722	0.00722	0.00722	0.00481	0.00481	0.00722	0.00722	0.00962	0.00962	0.01684	0.00962	0.01924	0.02165	0.83886	0.00481	0.00481	0.00241	0.00241
92	0.00798	0.00546	0.00663	0.00668	0.00689	0.00565	0.00414	0.00841	0.00832	0.01129	0.01742	0.06220	0.01949	0.62240	0.17892	0.00596	0.00719	0.00792	0.00335	0.00372
