[name]
unknown

[dist]
# distance from previous block
# <min> <max>
10	85

[block]
# block no. 0 follows, 43 sequences, length 26
# corresponding to MSA columns:
# 119-144
name=unknown_A
#
# <colnr> <probs for GDERKNQSTAVLIFYWHMCP>
#	G	D	E	R	K	N	Q	S	T	A	V	L	I	F	Y	W	H	M	C	P
0	0.08787	0.03475	0.02435	0.08984	0.07255	0.01174	0.03153	0.13999	0.07631	0.10193	0.06824	0.03156	0.01352	0.00922	0.05062	0.03757	0.03737	0.00542	0.00423	0.07139
1	0.01248	0.01185	0.01768	0.37849	0.21758	0.04572	0.03506	0.04927	0.07820	0.01685	0.01227	0.01597	0.02416	0.02623	0.00657	0.00188	0.03431	0.00525	0.00305	0.00714
2	0.01327	0.01360	0.10266	0.16916	0.26265	0.01265	0.03327	0.05038	0.08012	0.05675	0.01195	0.01454	0.00931	0.00672	0.02685	0.00191	0.05965	0.00494	0.00326	0.06637
3	0.01190	0.01097	0.01801	0.22063	0.02334	0.01127	0.19749	0.03772	0.07144	0.03138	0.03759	0.03732	0.03763	0.00627	0.00614	0.00167	0.04092	0.00583	0.03498	0.15751
4	0.01919	0.00840	0.01120	0.00904	0.01234	0.00749	0.00728	0.04682	0.01601	0.50562	0.24157	0.04755	0.02557	0.00846	0.00589	0.00174	0.00410	0.00715	0.00654	0.00805
5	0.03838	0.04502	0.02972	0.01273	0.03546	0.21988	0.04092	0.10056	0.25699	0.08117	0.01698	0.01684	0.04172	0.00672	0.00532	0.00166	0.00637	0.00526	0.03052	0.00778
6	0.01254	0.00840	0.00931	0.00841	0.01003	0.03024	0.00603	0.13867	0.04374	0.10116	0.04575	0.12464	0.04423	0.35165	0.01558	0.00337	0.00506	0.03090	0.00462	0.00567
7	0.03458	0.01017	0.01718	0.71644	0.05869	0.01240	0.04448	0.01444	0.01115	0.01472	0.00985	0.01458	0.00742	0.00547	0.00551	0.00184	0.00735	0.00493	0.00251	0.00628
8	0.00774	0.00585	0.00720	0.00778	0.00875	0.00569	0.00553	0.01056	0.09013	0.01634	0.13789	0.47241	0.12319	0.03583	0.00736	0.00219	0.00333	0.04187	0.00528	0.00506
9	0.01170	0.06296	0.00852	0.03875	0.00940	0.00788	0.00542	0.08948	0.01297	0.02108	0.01649	0.01918	0.01306	0.02505	0.00466	0.00144	0.00344	0.00505	0.63773	0.00574
10	0.01577	0.01727	0.01427	0.14921	0.03856	0.36159	0.01075	0.08122	0.06141	0.01661	0.01612	0.04472	0.06459	0.00772	0.00562	0.00172	0.00758	0.07512	0.00363	0.00653
11	0.00766	0.00563	0.00718	0.00684	0.00818	0.00514	0.00511	0.01009	0.01519	0.02117	0.66742	0.06539	0.13074	0.01180	0.00655	0.00177	0.00265	0.01037	0.00596	0.00514
12	0.07898	0.01518	0.01602	0.01236	0.01672	0.01684	0.01021	0.70057	0.02487	0.03420	0.01290	0.01299	0.00918	0.00654	0.00539	0.00167	0.00597	0.00485	0.00539	0.00918
13	0.50444	0.01251	0.03183	0.04157	0.01413	0.01369	0.00814	0.24689	0.01486	0.02707	0.01104	0.01197	0.02972	0.00590	0.00432	0.00171	0.00504	0.00399	0.00407	0.00710
14	0.00926	0.00684	0.00898	0.06019	0.01075	0.00776	0.00650	0.04342	0.00985	0.01397	0.01594	0.05180	0.01626	0.31473	0.24192	0.00524	0.07388	0.02642	0.07155	0.00474
15	0.01486	0.01025	0.01392	0.01456	0.14379	0.01029	0.03319	0.08283	0.15045	0.17046	0.05289	0.02891	0.06482	0.00872	0.00605	0.00187	0.00509	0.14607	0.00509	0.03588
16	0.01438	0.01167	0.01229	0.01095	0.01408	0.02773	0.00859	0.06332	0.59834	0.06888	0.02397	0.02311	0.06146	0.00801	0.00573	0.00187	0.00452	0.02705	0.00561	0.00845
17	0.01182	0.17864	0.63291	0.01457	0.02209	0.01460	0.01835	0.01736	0.01161	0.01667	0.00951	0.01115	0.00703	0.00516	0.00493	0.00164	0.00775	0.00387	0.00234	0.00798
18	0.00698	0.00515	0.00640	0.00714	0.00789	0.00473	0.00493	0.00818	0.01145	0.01502	0.11578	0.49051	0.18772	0.07181	0.00841	0.00234	0.00327	0.03260	0.00512	0.00455
19	0.00721	0.00520	0.00690	0.00787	0.00854	0.00488	0.00566	0.00867	0.01174	0.01571	0.13941	0.55189	0.06925	0.01603	0.00705	0.00220	0.00338	0.11843	0.00528	0.00470
20	0.01146	0.10366	0.70477	0.01518	0.02303	0.01373	0.01941	0.01745	0.01165	0.01711	0.00972	0.01142	0.00702	0.00521	0.00510	0.00170	0.00797	0.00398	0.00234	0.00808
21	0.00680	0.00551	0.00606	0.00626	0.00780	0.00477	0.00463	0.00831	0.01264	0.01569	0.13079	0.17530	0.54305	0.01431	0.00667	0.00194	0.00293	0.03657	0.00525	0.00472
22	0.01194	0.01354	0.08365	0.29460	0.03951	0.06443	0.10922	0.01508	0.01100	0.01499	0.00983	0.01399	0.00799	0.00767	0.03341	0.00216	0.21358	0.00499	0.04196	0.00646
23	0.02300	0.01123	0.01375	0.01060	0.01480	0.01095	0.00874	0.26250	0.01899	0.50190	0.01891	0.01712	0.01233	0.00677	0.00549	0.00168	0.00507	0.00536	0.04157	0.00924
24	0.01305	0.26611	0.26085	0.04877	0.20510	0.01566	0.01491	0.01760	0.05725	0.01649	0.01012	0.01198	0.00812	0.00514	0.00479	0.00154	0.00672	0.00409	0.00268	0.02906
25	0.01562	0.25334	0.21096	0.06090	0.07197	0.16753	0.01333	0.03727	0.01302	0.07700	0.01003	0.01148	0.00782	0.00544	0.00503	0.00153	0.02333	0.00392	0.00293	0.00753

[dist]
# distance from previous block
# <min> <max>
0	2

[block]
# block no. 1 follows, 43 sequences, length 14
# corresponding to MSA columns:
# 147-160
name=unknown_B
#
# <colnr> <probs for GDERKNQSTAVLIFYWHMCP>
#	G	D	E	R	K	N	Q	S	T	A	V	L	I	F	Y	W	H	M	C	P
0	0.01251	0.01006	0.01176	0.00847	0.01334	0.00783	0.00680	0.04531	0.01229	0.05412	0.01055	0.01190	0.00851	0.00434	0.00423	0.00090	0.00421	0.00346	0.00354	0.76587
1	0.01608	0.01241	0.01558	0.05131	0.17448	0.01342	0.01098	0.26636	0.19865	0.07465	0.01708	0.09473	0.01402	0.00754	0.00571	0.00178	0.00546	0.00640	0.00488	0.00848
2	0.00737	0.00522	0.00655	0.00725	0.00769	0.00503	0.00486	0.00826	0.01016	0.01347	0.04800	0.41122	0.07733	0.26407	0.04459	0.00347	0.00444	0.06226	0.00452	0.00423
3	0.01257	0.01301	0.01688	0.01446	0.01499	0.08245	0.04339	0.01396	0.00940	0.01356	0.00870	0.04379	0.00867	0.01035	0.03808	0.00249	0.63933	0.00527	0.00260	0.00606
4	0.00763	0.00565	0.00712	0.00675	0.00815	0.00514	0.00507	0.01006	0.01520	0.02107	0.65574	0.04325	0.16512	0.01175	0.00653	0.00176	0.00264	0.01028	0.00595	0.00514
5	0.00691	0.00492	0.00650	0.00757	0.00796	0.00461	0.00507	0.00798	0.01094	0.01471	0.09662	0.69707	0.03727	0.05375	0.00801	0.00235	0.00326	0.01487	0.00514	0.00451
6	0.00778	0.00533	0.00637	0.00652	0.00683	0.00518	0.00404	0.00845	0.00997	0.01354	0.16278	0.17587	0.02924	0.51137	0.02024	0.00411	0.00445	0.00982	0.00420	0.00392
7	0.00677	0.00562	0.00592	0.00585	0.00762	0.00477	0.00439	0.00839	0.01316	0.01623	0.18063	0.05121	0.64325	0.01355	0.00654	0.00185	0.00277	0.01140	0.00531	0.00477
8	0.01220	0.00982	0.01156	0.00829	0.01318	0.00742	0.00665	0.01464	0.01172	0.05836	0.01048	0.01188	0.00850	0.00425	0.00418	0.00087	0.00413	0.00340	0.00347	0.79501
9	0.84448	0.01071	0.00814	0.00728	0.01071	0.01242	0.00600	0.01628	0.00943	0.02485	0.00771	0.00900	0.00600	0.00514	0.00343	0.00171	0.00428	0.00300	0.00343	0.00600
10	0.02069	0.02640	0.01569	0.01427	0.01712	0.78313	0.01070	0.02212	0.01569	0.01355	0.00856	0.00999	0.00713	0.00571	0.00499	0.00143	0.00999	0.00357	0.00285	0.00642
11	0.01148	0.00984	0.01148	0.00820	0.01312	0.00738	0.00656	0.01395	0.01148	0.01805	0.00984	0.01148	0.00820	0.00410	0.00410	0.00082	0.00410	0.00328	0.00328	0.83922
12	0.84448	0.01071	0.00814	0.00728	0.01071	0.01242	0.00600	0.01628	0.00943	0.02485	0.00771	0.00900	0.00600	0.00514	0.00343	0.00171	0.00428	0.00300	0.00343	0.00600
13	0.00733	0.00562	0.00648	0.00627	0.00783	0.00497	0.00470	0.00937	0.01410	0.01876	0.40706	0.04617	0.38573	0.01240	0.00644	0.00178	0.00270	0.01062	0.03669	0.00497

[dist]
# distance from previous block
# <min> <max>
0	1

[block]
# block no. 2 follows, 43 sequences, length 22
# corresponding to MSA columns:
# 162-183
name=unknown_C
#
# <colnr> <probs for GDERKNQSTAVLIFYWHMCP>
#	G	D	E	R	K	N	Q	S	T	A	V	L	I	F	Y	W	H	M	C	P
0	0.00868	0.00592	0.00721	0.00673	0.00845	0.00526	0.00510	0.01085	0.01468	0.07586	0.47606	0.04365	0.28714	0.01189	0.00646	0.00178	0.00283	0.01024	0.00584	0.00536
1	0.05740	0.01251	0.01384	0.01125	0.01498	0.01344	0.00914	0.40035	0.12519	0.14378	0.01762	0.07802	0.01404	0.00789	0.00564	0.00177	0.00525	0.03793	0.00556	0.02440
2	0.00803	0.00546	0.00648	0.00648	0.00663	0.00561	0.00391	0.00834	0.00818	0.01107	0.01705	0.03401	0.01916	0.68751	0.14472	0.00591	0.00683	0.00773	0.00330	0.00360
3	0.00791	0.00593	0.00890	0.00890	0.00989	0.00692	0.00692	0.00989	0.00890	0.01286	0.01483	0.02176	0.01385	0.04154	0.78341	0.00890	0.01483	0.00593	0.00297	0.00494
4	0.01325	0.01276	0.01964	0.04547	0.58572	0.05147	0.01480	0.01694	0.05106	0.01822	0.07408	0.04610	0.01371	0.00612	0.00561	0.00168	0.00620	0.00576	0.00326	0.00814
5	0.01417	0.67338	0.15871	0.01057	0.01591	0.02034	0.01138	0.01675	0.01133	0.01381	0.00809	0.00937	0.00709	0.00483	0.00385	0.00128	0.00632	0.00316	0.00236	0.00729
6	0.00814	0.00536	0.00601	0.00601	0.00606	0.00536	0.00338	0.00824	0.00819	0.01113	0.01747	0.03563	0.01990	0.77391	0.02723	0.00521	0.00526	0.00794	0.03614	0.00343
7	0.00789	0.00541	0.00714	0.00739	0.00835	0.00500	0.00528	0.00976	0.01343	0.04251	0.41744	0.37763	0.04411	0.01385	0.00674	0.00197	0.00295	0.01241	0.00570	0.00504
8	0.04637	0.02743	0.71899	0.01568	0.02358	0.01288	0.04461	0.01749	0.01164	0.01785	0.00989	0.01169	0.00702	0.00524	0.00523	0.00176	0.00806	0.00413	0.00240	0.00807
9	0.02038	0.04622	0.06270	0.04593	0.01714	0.01388	0.01038	0.40991	0.02034	0.24492	0.01532	0.01546	0.01069	0.03346	0.00622	0.00180	0.00585	0.00512	0.00538	0.00890
10	0.00680	0.00492	0.00644	0.00753	0.00801	0.00456	0.00509	0.00790	0.01105	0.01471	0.07927	0.70636	0.08337	0.01676	0.00700	0.00219	0.00315	0.01512	0.00520	0.00456
11	0.00806	0.00607	0.00888	0.00880	0.00967	0.00709	0.00675	0.00982	0.00881	0.01267	0.01485	0.02283	0.01424	0.11307	0.68787	0.00836	0.03825	0.00610	0.00299	0.00483
12	0.04072	0.11429	0.52386	0.01561	0.04844	0.01358	0.08377	0.01695	0.01181	0.01739	0.03863	0.01299	0.00905	0.00616	0.02235	0.00185	0.00777	0.00444	0.00259	0.00776
13	0.01138	0.01118	0.01306	0.05607	0.01455	0.14290	0.10118	0.03889	0.01188	0.01469	0.01854	0.27195	0.02020	0.14891	0.01096	0.00258	0.06098	0.04087	0.00381	0.00541
14	0.00682	0.00490	0.00649	0.00773	0.00814	0.00457	0.00525	0.00785	0.01074	0.01425	0.03130	0.75177	0.05978	0.01717	0.00707	0.00225	0.00327	0.04100	0.00514	0.00453
15	0.44433	0.24073	0.13858	0.00937	0.01398	0.01504	0.00940	0.01695	0.01054	0.04697	0.00857	0.00975	0.00675	0.00511	0.00384	0.00157	0.00540	0.00326	0.00307	0.00679
16	0.71680	0.01266	0.09376	0.04137	0.01334	0.01247	0.00800	0.01633	0.00975	0.02359	0.00805	0.00954	0.00617	0.00517	0.00372	0.00172	0.00485	0.00320	0.00327	0.00625
17	0.01561	0.01458	0.01911	0.01725	0.11425	0.12034	0.18150	0.08926	0.18825	0.06561	0.01438	0.01568	0.01094	0.00622	0.00635	0.00175	0.05268	0.00547	0.05289	0.00787
18	0.02345	0.00912	0.01241	0.00962	0.01366	0.00790	0.00790	0.02563	0.01584	0.71285	0.08312	0.02070	0.01688	0.00722	0.00565	0.00172	0.00454	0.00593	0.00679	0.00908
19	0.02105	0.01551	0.01662	0.01274	0.01717	0.01717	0.01053	0.75235	0.02604	0.03490	0.01330	0.01330	0.00942	0.00665	0.00554	0.00166	0.00609	0.00499	0.00554	0.00942
20	0.00725	0.00564	0.00658	0.00635	0.00791	0.00497	0.00476	0.00930	0.01428	0.01889	0.44155	0.04684	0.38067	0.01256	0.00654	0.00180	0.00270	0.01078	0.00566	0.00497
21	0.01389	0.01172	0.01243	0.01103	0.01416	0.01340	0.00863	0.09514	0.63035	0.02353	0.02331	0.02180	0.05738	0.00873	0.02724	0.00205	0.00475	0.00643	0.00553	0.00850

[dist]
# distance from previous block
# <min> <max>
0	4

[block]
# block no. 3 follows, 43 sequences, length 8
# corresponding to MSA columns:
# 188-195
name=unknown_D
#
# <colnr> <probs for GDERKNQSTAVLIFYWHMCP>
#	G	D	E	R	K	N	Q	S	T	A	V	L	I	F	Y	W	H	M	C	P
0	0.25408	0.00999	0.01150	0.00925	0.01320	0.00981	0.00759	0.02418	0.07559	0.50202	0.01794	0.01623	0.01181	0.00643	0.00497	0.00173	0.00457	0.00490	0.00579	0.00841
1	0.00848	0.00735	0.00988	0.01242	0.18268	0.00674	0.00737	0.01058	0.01330	0.01730	0.20484	0.04155	0.43414	0.01134	0.00630	0.00179	0.00363	0.00977	0.00481	0.00574
2	0.53266	0.01014	0.00870	0.00760	0.01068	0.01145	0.00617	0.12328	0.01236	0.02536	0.01090	0.01230	0.00838	0.00566	0.00384	0.00161	0.00416	0.00379	0.19465	0.00631
3	0.13014	0.01170	0.01575	0.01305	0.01493	0.01441	0.06848	0.10827	0.01174	0.06905	0.01023	0.01358	0.00862	0.01165	0.09839	0.00286	0.38222	0.00491	0.00335	0.00669
4	0.01010	0.00675	0.00775	0.00700	0.00916	0.00609	0.00540	0.06091	0.01481	0.10956	0.25977	0.04295	0.41511	0.01187	0.00636	0.00180	0.00320	0.01001	0.00566	0.00573
5	0.20277	0.01067	0.01097	0.00902	0.01243	0.01122	0.00732	0.26693	0.01690	0.13566	0.02339	0.02274	0.18361	0.00802	0.00520	0.00171	0.00453	0.00617	0.05343	0.00732
6	0.01186	0.01224	0.02132	0.01682	0.01892	0.01453	0.26923	0.01439	0.01014	0.01480	0.00970	0.01445	0.00859	0.01239	0.12115	0.00314	0.41171	0.00559	0.00263	0.00640
7	0.05829	0.01150	0.01280	0.01076	0.01432	0.01245	0.00859	0.13565	0.39525	0.21488	0.05056	0.01937	0.01588	0.00726	0.00553	0.00179	0.00465	0.00589	0.00584	0.00875

[dist]
# distance from previous block
# <min> <max>
1	43

[block]
# block no. 4 follows, 43 sequences, length 23
# corresponding to MSA columns:
# 239-261
name=unknown_E
#
# <colnr> <probs for GDERKNQSTAVLIFYWHMCP>
#	G	D	E	R	K	N	Q	S	T	A	V	L	I	F	Y	W	H	M	C	P
0	0.01331	0.01328	0.03993	0.05984	0.66378	0.01295	0.05951	0.01671	0.01251	0.01781	0.01095	0.03422	0.00938	0.00527	0.00558	0.00168	0.00672	0.00529	0.00279	0.00848
1	0.01748	0.45448	0.02303	0.01158	0.01553	0.33501	0.01002	0.04877	0.01368	0.01414	0.00828	0.00952	0.00721	0.00521	0.00423	0.00130	0.00760	0.00329	0.00270	0.00692
2	0.00969	0.00558	0.00816	0.03879	0.00952	0.00576	0.00599	0.02161	0.00889	0.03405	0.01434	0.11073	0.01465	0.02076	0.12325	0.50653	0.00615	0.04877	0.00314	0.00363
3	0.01215	0.07750	0.68421	0.01504	0.02277	0.01317	0.01904	0.01803	0.01191	0.06142	0.01049	0.01193	0.00741	0.00532	0.00517	0.00172	0.00784	0.00411	0.00260	0.00819
4	0.04300	0.01277	0.01549	0.15268	0.03642	0.09951	0.01162	0.07306	0.01142	0.01577	0.01017	0.05664	0.00944	0.01027	0.05664	0.00247	0.36803	0.00533	0.00295	0.00629
5	0.79453	0.01066	0.00865	0.05429	0.01235	0.01242	0.00656	0.01615	0.00952	0.02421	0.00784	0.00934	0.00608	0.00516	0.00355	0.00172	0.00447	0.00311	0.00337	0.00601
6	0.01100	0.01040	0.01759	0.66587	0.16010	0.01245	0.01565	0.01462	0.01133	0.01481	0.00994	0.01459	0.00761	0.00544	0.00553	0.00181	0.00725	0.00492	0.00251	0.00659
7	0.00708	0.00513	0.00685	0.02300	0.00891	0.00488	0.00566	0.00826	0.01085	0.01434	0.03064	0.65680	0.06395	0.03866	0.00767	0.00235	0.00354	0.09185	0.00504	0.00457
8	0.00805	0.00540	0.00622	0.00622	0.00628	0.00547	0.00358	0.00817	0.00811	0.01087	0.01729	0.03534	0.01974	0.75763	0.07538	0.00559	0.00596	0.00792	0.00333	0.00346
9	0.04852	0.01516	0.01611	0.01248	0.01681	0.01683	0.01028	0.68845	0.06512	0.03393	0.01361	0.01355	0.00971	0.00664	0.00547	0.00168	0.00594	0.00499	0.00547	0.00927
10	0.00689	0.00488	0.00638	0.00753	0.00782	0.00459	0.00495	0.00775	0.01033	0.01377	0.02910	0.71851	0.03484	0.10304	0.00937	0.00259	0.00345	0.01491	0.00495	0.00437
11	0.01291	0.08457	0.12625	0.02014	0.05003	0.02995	0.46304	0.01705	0.01223	0.01669	0.01038	0.01377	0.00813	0.00622	0.02731	0.00201	0.08367	0.00562	0.00267	0.00735
12	0.01178	0.14584	0.62156	0.01526	0.02278	0.01430	0.06006	0.01741	0.01170	0.01687	0.00967	0.01145	0.00711	0.00515	0.00508	0.00167	0.00791	0.00406	0.00237	0.00798
13	0.01307	0.01494	0.03268	0.02334	0.02894	0.01401	0.75070	0.01774	0.01307	0.01774	0.01120	0.01494	0.00840	0.00467	0.00654	0.00187	0.00934	0.00654	0.00280	0.00747
14	0.00735	0.00624	0.00641	0.00626	0.00822	0.00562	0.00473	0.01025	0.08726	0.01624	0.09837	0.04929	0.64789	0.01321	0.00645	0.00186	0.00295	0.01104	0.00525	0.00512
15	0.01548	0.42519	0.13336	0.01223	0.03958	0.17756	0.01142	0.06157	0.01318	0.01533	0.01015	0.02871	0.02390	0.00561	0.00442	0.00140	0.00700	0.00391	0.00279	0.00720
16	0.01212	0.01212	0.01696	0.01454	0.01454	0.01696	0.01212	0.01333	0.00848	0.01333	0.00727	0.01212	0.00727	0.00969	0.01818	0.00242	0.79523	0.00485	0.00242	0.00606
17	0.01371	0.01316	0.02248	0.03399	0.77081	0.01316	0.01700	0.01700	0.01261	0.01809	0.01042	0.01371	0.00877	0.00493	0.00548	0.00164	0.00658	0.00493	0.00274	0.00877
18	0.00761	0.00568	0.00713	0.00719	0.00854	0.00521	0.00552	0.00979	0.01411	0.01903	0.43283	0.11090	0.21432	0.01304	0.00674	0.00193	0.00307	0.11670	0.00565	0.00502
19	0.06403	0.45443	0.16150	0.01122	0.01621	0.12965	0.01137	0.01821	0.01217	0.06342	0.00914	0.01020	0.00745	0.00513	0.00420	0.00139	0.00676	0.00343	0.00278	0.00729
20	0.00804	0.00541	0.00627	0.00625	0.00636	0.00546	0.00365	0.00826	0.00841	0.01133	0.04780	0.03558	0.02106	0.72733	0.07254	0.00543	0.00582	0.00801	0.00344	0.00353
21	0.00701	0.00558	0.00583	0.00587	0.00754	0.00482	0.00438	0.00854	0.01256	0.01570	0.10127	0.06571	0.60413	0.04465	0.00727	0.00199	0.00295	0.03114	0.05838	0.00470
22	0.01205	0.03625	0.26437	0.15002	0.25039	0.02988	0.05805	0.03213	0.01229	0.01707	0.01233	0.06435	0.02426	0.00615	0.00555	0.00175	0.00715	0.00550	0.00282	0.00764

[dist]
# distance from previous block
# <min> <max>
4	21

[block]
# block no. 5 follows, 43 sequences, length 26
# corresponding to MSA columns:
# 283-308
name=unknown_F
#
# <colnr> <probs for GDERKNQSTAVLIFYWHMCP>
#	G	D	E	R	K	N	Q	S	T	A	V	L	I	F	Y	W	H	M	C	P
0	0.07755	0.07756	0.48128	0.03441	0.11173	0.01359	0.03200	0.04125	0.01212	0.03887	0.01007	0.01192	0.00746	0.00535	0.00533	0.00171	0.02292	0.00418	0.00271	0.00798
1	0.00947	0.00766	0.01144	0.00973	0.01186	0.00734	0.11292	0.01294	0.06946	0.04704	0.38244	0.08959	0.15049	0.02763	0.00717	0.00192	0.02025	0.00959	0.00527	0.00581
2	0.01284	0.01069	0.01220	0.00896	0.01372	0.00900	0.00720	0.10942	0.05642	0.02050	0.01102	0.01224	0.00886	0.00462	0.00437	0.00099	0.00437	0.00367	0.00371	0.68519
3	0.00662	0.00532	0.00591	0.00637	0.00768	0.00461	0.00455	0.00786	0.01189	0.01466	0.04681	0.32529	0.50258	0.01523	0.00674	0.00201	0.00295	0.01316	0.00514	0.00461
4	0.00728	0.00552	0.00675	0.00683	0.00808	0.00505	0.00501	0.00911	0.01314	0.01751	0.33447	0.17900	0.26609	0.04103	0.05202	0.00242	0.00362	0.02686	0.00534	0.00485
5	0.00728	0.00532	0.00692	0.00800	0.00855	0.00514	0.00551	0.00922	0.05399	0.01504	0.05561	0.69885	0.03584	0.01649	0.00699	0.00222	0.00334	0.04569	0.00520	0.00479
6	0.00771	0.00566	0.00723	0.00683	0.00820	0.00517	0.00513	0.01020	0.01538	0.02150	0.69778	0.04255	0.12282	0.01159	0.00653	0.00175	0.00263	0.01018	0.00600	0.00517
7	0.74457	0.01072	0.00881	0.00767	0.01121	0.01214	0.00632	0.03691	0.01048	0.09644	0.00921	0.01005	0.00682	0.00534	0.00369	0.00171	0.00437	0.00330	0.00381	0.00642
8	0.01212	0.01212	0.01696	0.01454	0.01454	0.01696	0.01212	0.01333	0.00848	0.01333	0.00727	0.01212	0.00727	0.00969	0.01818	0.00242	0.79523	0.00485	0.00242	0.00606
9	0.02105	0.01551	0.01662	0.01274	0.01717	0.01717	0.01053	0.75235	0.02604	0.03490	0.01330	0.01330	0.00942	0.00665	0.00554	0.00166	0.00609	0.00499	0.00554	0.00942
10	0.00661	0.00561	0.00570	0.00568	0.00752	0.00470	0.00426	0.00807	0.01277	0.01532	0.09140	0.05271	0.73305	0.01389	0.00654	0.00186	0.00280	0.01161	0.00519	0.00470
11	0.84448	0.01071	0.00814	0.00728	0.01071	0.01242	0.00600	0.01628	0.00943	0.02485	0.00771	0.00900	0.00600	0.00514	0.00343	0.00171	0.00428	0.00300	0.00343	0.00600
12	0.02164	0.01334	0.01505	0.01159	0.01584	0.01410	0.00956	0.51527	0.02253	0.24237	0.01592	0.01519	0.01084	0.00670	0.00547	0.00166	0.00555	0.00516	0.04301	0.00923
13	0.00814	0.00622	0.00916	0.00904	0.00992	0.00736	0.00700	0.00997	0.00883	0.01277	0.01459	0.02204	0.01385	0.08103	0.70339	0.00838	0.05446	0.00599	0.00296	0.00492
14	0.00680	0.00567	0.00597	0.00604	0.00784	0.00484	0.00463	0.00837	0.01281	0.01550	0.09494	0.05332	0.67030	0.01397	0.00663	0.00192	0.00297	0.06754	0.00519	0.00474
15	0.10429	0.01246	0.01330	0.01051	0.01428	0.01346	0.00861	0.45578	0.02054	0.12804	0.01465	0.01484	0.01044	0.00649	0.00504	0.00161	0.00513	0.00489	0.14730	0.00834
16	0.00695	0.00515	0.00654	0.00754	0.00828	0.00474	0.00535	0.00820	0.01133	0.01472	0.05119	0.56411	0.17900	0.01636	0.00701	0.00220	0.00331	0.08823	0.00516	0.00461
17	0.01180	0.12176	0.66755	0.01499	0.02263	0.03400	0.01890	0.01754	0.01174	0.01690	0.00964	0.01131	0.00703	0.00521	0.00505	0.00168	0.00796	0.00394	0.00236	0.00801
18	0.00749	0.00595	0.00685	0.00716	0.00874	0.00544	0.00558	0.00980	0.04434	0.01625	0.11512	0.13493	0.43504	0.01412	0.00679	0.00204	0.00337	0.16078	0.00525	0.00497
19	0.00762	0.00518	0.00631	0.00682	0.00704	0.00511	0.00426	0.00819	0.00922	0.01252	0.02243	0.33372	0.02603	0.42892	0.05977	0.00420	0.00494	0.01084	0.03294	0.00395
20	0.03247	0.01196	0.01935	0.36977	0.40781	0.03221	0.01585	0.01584	0.01193	0.01639	0.01005	0.01397	0.00805	0.00523	0.00545	0.00173	0.00697	0.00485	0.00264	0.00748
21	0.01118	0.01122	0.04310	0.56569	0.17847	0.01240	0.04712	0.01489	0.01152	0.01524	0.01055	0.01577	0.00835	0.00564	0.00562	0.00182	0.00727	0.02479	0.00260	0.00675
22	0.01134	0.00812	0.00909	0.00827	0.00984	0.00848	0.00594	0.19705	0.04564	0.01955	0.07762	0.17471	0.06284	0.28206	0.01361	0.00305	0.00463	0.00886	0.04367	0.00562
23	0.01446	0.01303	0.02023	0.01551	0.05172	0.01229	0.25618	0.20455	0.01578	0.02218	0.01166	0.03055	0.00923	0.00527	0.00541	0.00145	0.00645	0.00515	0.00372	0.29519
24	0.03671	0.12975	0.38426	0.01675	0.11568	0.05416	0.04271	0.04175	0.01240	0.05112	0.01008	0.01192	0.00767	0.00554	0.00587	0.00169	0.05705	0.00422	0.00278	0.00790
25	0.01342	0.01335	0.02423	0.06945	0.58635	0.01329	0.16342	0.01700	0.01263	0.01783	0.01055	0.01401	0.00863	0.00491	0.00570	0.00170	0.00717	0.00525	0.00274	0.00838

[dist]
# distance from previous block
# <min> <max>
0	1

[block]
# block no. 6 follows, 43 sequences, length 48
# corresponding to MSA columns:
# 310-357
name=unknown_G
#
# <colnr> <probs for GDERKNQSTAVLIFYWHMCP>
#	G	D	E	R	K	N	Q	S	T	A	V	L	I	F	Y	W	H	M	C	P
0	0.00947	0.00676	0.03330	0.00745	0.00930	0.00569	0.00593	0.01200	0.01512	0.09525	0.58172	0.06536	0.10897	0.01112	0.00641	0.00177	0.00304	0.00972	0.00593	0.00566
1	0.01255	0.01008	0.01469	0.04495	0.28833	0.01034	0.01095	0.01681	0.10991	0.09140	0.11588	0.02661	0.13680	0.00836	0.00659	0.00181	0.04818	0.03401	0.00438	0.00737
2	0.00819	0.00612	0.00864	0.00862	0.00947	0.00700	0.00658	0.00988	0.00926	0.01325	0.01760	0.06834	0.04059	0.11898	0.52936	0.00701	0.05464	0.03501	0.03665	0.00481
3	0.00990	0.00592	0.00641	0.00619	0.00745	0.00602	0.00450	0.03668	0.04197	0.01902	0.09282	0.02663	0.05213	0.14749	0.04701	0.00248	0.00387	0.00650	0.47190	0.00511
4	0.00695	0.00559	0.00612	0.00605	0.00764	0.00484	0.00447	0.00860	0.01315	0.01663	0.23856	0.07369	0.52570	0.04831	0.00751	0.00200	0.00288	0.01123	0.00531	0.00475
5	0.67923	0.01043	0.02898	0.00744	0.01073	0.01130	0.00626	0.01618	0.01002	0.05695	0.01013	0.03693	0.00815	0.00575	0.00373	0.00169	0.00421	0.00377	0.08203	0.00608
6	0.00674	0.00484	0.00640	0.00765	0.00802	0.00450	0.00512	0.00772	0.01066	0.01416	0.03122	0.78139	0.05654	0.01726	0.00705	0.00224	0.00320	0.01563	0.00514	0.00450
7	0.00808	0.00619	0.00923	0.00913	0.01008	0.00733	0.00714	0.01003	0.00888	0.01288	0.01452	0.02136	0.01358	0.04023	0.75204	0.00864	0.04683	0.00589	0.00294	0.00499
8	0.01148	0.00984	0.01148	0.00820	0.01312	0.00738	0.00656	0.01395	0.01148	0.01805	0.00984	0.01148	0.00820	0.00410	0.00410	0.00082	0.00410	0.00328	0.00328	0.83922
9	0.00805	0.00537	0.00604	0.00604	0.00604	0.00537	0.00336	0.00805	0.00805	0.01074	0.01745	0.03624	0.02013	0.80536	0.02819	0.00537	0.00537	0.00805	0.00336	0.00336
10	0.00683	0.00492	0.00650	0.00773	0.00815	0.00458	0.00526	0.00788	0.01077	0.01427	0.03151	0.74128	0.06593	0.01713	0.00707	0.00225	0.00327	0.04501	0.00514	0.00453
11	0.01767	0.01138	0.03415	0.01239	0.06276	0.01138	0.00957	0.09223	0.29771	0.27953	0.02100	0.02277	0.01580	0.00775	0.00578	0.00185	0.00497	0.07691	0.00572	0.00868
12	0.00707	0.00507	0.00665	0.00751	0.00808	0.00473	0.00517	0.00839	0.01167	0.01576	0.18230	0.58024	0.05913	0.04307	0.00769	0.00225	0.00320	0.03213	0.00528	0.00463
13	0.02000	0.06024	0.01597	0.01379	0.01670	0.72572	0.01045	0.02144	0.01540	0.01357	0.00998	0.01127	0.03047	0.00592	0.00498	0.00143	0.00959	0.00379	0.00290	0.00640
14	0.01282	0.01175	0.01761	0.06390	0.34152	0.01175	0.05055	0.03189	0.15840	0.01892	0.01389	0.06006	0.01177	0.00604	0.00540	0.00159	0.00566	0.00558	0.00359	0.16730
15	0.02909	0.06495	0.12120	0.04006	0.15320	0.13018	0.17220	0.07355	0.01353	0.01777	0.01119	0.05739	0.00956	0.00612	0.00620	0.00171	0.05073	0.00537	0.00305	0.03295
16	0.02118	0.01532	0.01650	0.01265	0.01708	0.01688	0.01045	0.72885	0.02571	0.05887	0.01357	0.01348	0.00956	0.00666	0.00554	0.00166	0.00605	0.00501	0.00558	0.00942
17	0.01248	0.01129	0.05797	0.12164	0.11261	0.01102	0.05740	0.12262	0.09998	0.04210	0.08867	0.11045	0.03189	0.00951	0.02518	0.00206	0.00585	0.06580	0.00436	0.00713
18	0.01331	0.01233	0.02028	0.04952	0.37222	0.01271	0.13550	0.01901	0.16739	0.03559	0.01361	0.01679	0.01108	0.04980	0.00761	0.02396	0.02220	0.00566	0.00345	0.00797
19	0.01307	0.01494	0.03268	0.02334	0.02894	0.01401	0.75070	0.01774	0.01307	0.01774	0.01120	0.01494	0.00840	0.00467	0.00654	0.00187	0.00934	0.00654	0.00280	0.00747
20	0.01785	0.01256	0.01431	0.06874	0.01672	0.01376	0.00961	0.42209	0.11820	0.10946	0.01722	0.05197	0.03116	0.04105	0.02773	0.00209	0.00581	0.00600	0.00528	0.00839
21	0.01114	0.02507	0.00894	0.00812	0.01013	0.00709	0.00631	0.05268	0.06015	0.12611	0.09136	0.15704	0.23909	0.06436	0.00787	0.00219	0.00395	0.10716	0.00533	0.00591
22	0.00659	0.00557	0.00570	0.00576	0.00753	0.00468	0.00429	0.00800	0.01259	0.01511	0.07341	0.09397	0.70966	0.01414	0.00657	0.00189	0.00282	0.01187	0.00517	0.00468
23	0.50841	0.01164	0.04364	0.05296	0.14899	0.01203	0.03469	0.01652	0.01093	0.05393	0.05282	0.01272	0.00967	0.00554	0.00435	0.00172	0.00511	0.00412	0.00349	0.00674
24	0.01220	0.01145	0.01880	0.05542	0.47156	0.02515	0.05419	0.01555	0.03060	0.01722	0.04332	0.03367	0.01320	0.01137	0.11759	0.00278	0.00765	0.04756	0.00316	0.00757
25	0.00714	0.00573	0.00640	0.00650	0.00802	0.00512	0.00477	0.00928	0.04303	0.01663	0.19586	0.18575	0.45839	0.01382	0.00660	0.00191	0.00290	0.01187	0.00536	0.00492
26	0.02272	0.00988	0.01278	0.00992	0.01397	0.00905	0.00815	0.12139	0.01707	0.60683	0.06324	0.02064	0.04339	0.00734	0.00566	0.00171	0.00471	0.00597	0.00658	0.00902
27	0.06664	0.01209	0.13020	0.23077	0.03777	0.01009	0.02900	0.01759	0.01294	0.21012	0.07733	0.02297	0.01558	0.00744	0.00573	0.00186	0.00599	0.09447	0.00426	0.00717
28	0.02065	0.01531	0.01640	0.01266	0.01702	0.01699	0.01043	0.71276	0.06628	0.03426	0.01380	0.01370	0.00983	0.00670	0.00555	0.00167	0.00600	0.00506	0.00555	0.00938
29	0.01556	0.01324	0.01799	0.16774	0.02228	0.03680	0.13160	0.28448	0.01718	0.03745	0.01151	0.01345	0.00859	0.00551	0.00536	0.00154	0.00653	0.00481	0.00392	0.19445
30	0.00863	0.00613	0.00718	0.00712	0.00852	0.00576	0.00511	0.01122	0.07294	0.05806	0.19102	0.21395	0.25818	0.10978	0.00917	0.00235	0.00340	0.01104	0.00526	0.00518
31	0.00778	0.00545	0.00699	0.00779	0.00853	0.00514	0.00534	0.00951	0.04404	0.03816	0.05785	0.64903	0.06140	0.03884	0.00747	0.00225	0.00335	0.01417	0.00516	0.02174
32	0.01830	0.01243	0.01334	0.01055	0.01413	0.01351	0.00861	0.51930	0.02167	0.06371	0.01497	0.01554	0.01091	0.00660	0.00509	0.00156	0.00508	0.00506	0.23137	0.00826
33	0.01907	0.01290	0.01516	0.01525	0.12409	0.04606	0.01033	0.04193	0.25001	0.24341	0.07714	0.02497	0.04924	0.03216	0.00741	0.00233	0.00582	0.00703	0.00618	0.00952
34	0.19145	0.00899	0.00988	0.00881	0.01152	0.00935	0.00688	0.03376	0.16097	0.20192	0.08888	0.10942	0.03834	0.06024	0.00694	0.00208	0.00424	0.03411	0.00526	0.00696
35	0.00849	0.00569	0.00696	0.00692	0.00825	0.00512	0.00499	0.01010	0.01294	0.07294	0.26931	0.23460	0.23933	0.07868	0.00838	0.00220	0.00320	0.01143	0.00542	0.00505
36	0.02078	0.01538	0.01647	0.01269	0.01707	0.01705	0.01046	0.72542	0.05341	0.03447	0.01364	0.01357	0.00970	0.00668	0.00554	0.00167	0.00603	0.00503	0.00554	0.00939
37	0.01402	0.00980	0.01129	0.00980	0.01205	0.01059	0.00751	0.27762	0.05696	0.07026	0.01908	0.16330	0.03184	0.14674	0.08272	0.00310	0.03214	0.00779	0.02667	0.00673
38	0.00842	0.00631	0.00706	0.00707	0.00822	0.00611	0.00488	0.06944	0.03357	0.01541	0.03362	0.25302	0.27005	0.23670	0.01267	0.00294	0.00395	0.01109	0.00469	0.00476
39	0.01388	0.00717	0.00921	0.00794	0.01046	0.00641	0.00626	0.01643	0.03333	0.29061	0.34221	0.03533	0.16136	0.01019	0.00619	0.00178	0.00350	0.02485	0.00617	0.00672
40	0.08867	0.01093	0.01331	0.01032	0.01454	0.01060	0.00851	0.18684	0.03325	0.53566	0.01885	0.01688	0.01222	0.00669	0.00539	0.00171	0.00498	0.00525	0.00627	0.00914
41	0.01134	0.00824	0.00937	0.00862	0.01028	0.00852	0.00628	0.22951	0.01511	0.02013	0.07051	0.29031	0.08506	0.18747	0.01120	0.00270	0.00448	0.01016	0.00493	0.00577
42	0.00702	0.00512	0.00643	0.00713	0.00780	0.00472	0.00485	0.00821	0.01144	0.01520	0.14912	0.49953	0.14272	0.09290	0.00897	0.00242	0.00327	0.01351	0.00512	0.00453
43	0.69920	0.01054	0.00942	0.10328	0.01424	0.01218	0.00726	0.01659	0.00997	0.06324	0.00872	0.01022	0.00658	0.00528	0.00380	0.00173	0.00469	0.00337	0.00349	0.00620
44	0.01172	0.00866	0.01025	0.05203	0.01250	0.00911	0.00729	0.24886	0.01575	0.02094	0.04999	0.37362	0.07791	0.04757	0.00768	0.01990	0.00445	0.01062	0.00502	0.00612
45	0.00764	0.00508	0.00667	0.00761	0.00808	0.00475	0.00508	0.00859	0.01067	0.04462	0.04620	0.67282	0.03436	0.09858	0.00919	0.00254	0.00348	0.01440	0.00505	0.00460
46	0.01159	0.01034	0.01380	0.04549	0.01582	0.00826	0.07998	0.01433	0.01162	0.01784	0.00998	0.01197	0.00819	0.00422	0.00441	0.00097	0.00477	0.00368	0.00320	0.71957
47	0.01462	0.01029	0.01284	0.12997	0.05823	0.02915	0.00947	0.14023	0.06826	0.15162	0.07591	0.02650	0.11569	0.00838	0.00583	0.00177	0.00515	0.07084	0.00489	0.06036

[dist]
# distance from previous block
# <min> <max>
0	1

[block]
# block no. 7 follows, 43 sequences, length 45
# corresponding to MSA columns:
# 359-403
name=unknown_H
#
# <colnr> <probs for GDERKNQSTAVLIFYWHMCP>
#	G	D	E	R	K	N	Q	S	T	A	V	L	I	F	Y	W	H	M	C	P
0	0.01285	0.00682	0.00859	0.00771	0.00995	0.00606	0.00590	0.01492	0.02744	0.25725	0.20723	0.15471	0.21481	0.03147	0.00684	0.00194	0.00352	0.00980	0.00587	0.00632
1	0.08753	0.01140	0.01326	0.03737	0.03647	0.01236	0.02828	0.28257	0.13632	0.08131	0.01891	0.14343	0.03989	0.00976	0.03377	0.00208	0.00545	0.00709	0.00505	0.00773
2	0.02832	0.01042	0.01608	0.67248	0.03449	0.02871	0.01435	0.05781	0.01226	0.03624	0.03023	0.01527	0.00882	0.00579	0.00551	0.00182	0.00710	0.00501	0.00288	0.00641
3	0.07502	0.00727	0.00832	0.02990	0.01003	0.00738	0.00575	0.07705	0.03345	0.07948	0.03652	0.19660	0.13911	0.22992	0.03722	0.00309	0.00472	0.00923	0.00458	0.00537
4	0.00679	0.00530	0.00617	0.00671	0.00788	0.00469	0.00480	0.00813	0.01201	0.01520	0.09811	0.36665	0.38834	0.01525	0.00679	0.00204	0.00302	0.03225	0.00521	0.00465
5	0.00883	0.00610	0.00786	0.00733	0.00878	0.00573	0.00553	0.03648	0.01562	0.04611	0.65818	0.06746	0.04780	0.02981	0.00701	0.00186	0.00294	0.02514	0.00598	0.00543
6	0.01340	0.01217	0.04361	0.30010	0.25080	0.01281	0.01402	0.12976	0.05776	0.03839	0.01386	0.03982	0.03667	0.00633	0.00560	0.00177	0.00644	0.00557	0.00349	0.00765
7	0.01333	0.01392	0.01544	0.20978	0.19143	0.20154	0.01209	0.01684	0.06474	0.01632	0.07956	0.06437	0.03910	0.00735	0.00567	0.00174	0.00676	0.02978	0.00348	0.00674
8	0.01565	0.01136	0.01239	0.01032	0.01312	0.01234	0.00801	0.43401	0.05340	0.02618	0.01741	0.14261	0.01615	0.14452	0.00956	0.00238	0.00524	0.00728	0.05073	0.00734
9	0.00752	0.00594	0.00684	0.00732	0.00824	0.03165	0.00513	0.00896	0.01233	0.01619	0.22075	0.42159	0.16900	0.04275	0.00752	0.00214	0.00330	0.01288	0.00524	0.00474
10	0.84448	0.01071	0.00814	0.00728	0.01071	0.01242	0.00600	0.01628	0.00943	0.02485	0.00771	0.00900	0.00600	0.00514	0.00343	0.00171	0.00428	0.00300	0.00343	0.00600
11	0.01464	0.01273	0.01870	0.12566	0.35214	0.05082	0.04844	0.07814	0.01370	0.07553	0.01146	0.01395	0.00896	0.00535	0.00553	0.00158	0.01995	0.00479	0.02574	0.11218
12	0.01962	0.01443	0.01559	0.01209	0.01616	0.01588	0.00991	0.67150	0.02474	0.03327	0.07880	0.01624	0.01337	0.02480	0.00613	0.00175	0.00578	0.00549	0.00554	0.00892
13	0.00956	0.00485	0.00727	0.00727	0.00730	0.00488	0.00488	0.00730	0.00727	0.00973	0.00979	0.01700	0.00976	0.01997	0.04654	0.81174	0.00514	0.00485	0.00242	0.00249
14	0.02011	0.08388	0.01727	0.01218	0.01652	0.01714	0.01019	0.66113	0.02422	0.03248	0.01299	0.01319	0.00940	0.00648	0.00531	0.00161	0.00595	0.00482	0.03608	0.00906
15	0.01664	0.08400	0.01417	0.03330	0.01457	0.05576	0.00834	0.14163	0.07723	0.19419	0.09611	0.01812	0.03154	0.00662	0.00516	0.00147	0.00501	0.00528	0.00488	0.18597
16	0.01541	0.01132	0.01223	0.01069	0.01386	0.03702	0.00833	0.07481	0.44274	0.14549	0.02160	0.10646	0.01732	0.00822	0.00568	0.00181	0.00459	0.00688	0.00556	0.04998
17	0.02473	0.00961	0.01297	0.00994	0.01423	0.00841	0.00821	0.04902	0.01616	0.75219	0.02159	0.01868	0.01358	0.00685	0.00557	0.00171	0.00475	0.00555	0.00681	0.00943
18	0.00787	0.00582	0.00743	0.00708	0.00834	0.00553	0.00532	0.01022	0.01472	0.02068	0.60722	0.08303	0.12031	0.01172	0.00689	0.00179	0.03005	0.01018	0.03063	0.00516
19	0.01315	0.39698	0.32637	0.01370	0.03829	0.01728	0.06970	0.01741	0.03177	0.01558	0.00932	0.01090	0.00747	0.00502	0.00456	0.00149	0.00706	0.00382	0.00249	0.00765
20	0.02246	0.00890	0.01209	0.00945	0.01331	0.00773	0.00773	0.02466	0.01583	0.66878	0.12682	0.02202	0.01913	0.00748	0.00570	0.00172	0.00442	0.00620	0.00675	0.00883
21	0.08731	0.00909	0.01042	0.00929	0.01205	0.00943	0.00721	0.02151	0.26814	0.22616	0.08133	0.15270	0.03496	0.00916	0.00569	0.00185	0.00404	0.00774	0.03441	0.00751
22	0.01068	0.00551	0.00554	0.00541	0.00681	0.00556	0.00409	0.03743	0.01209	0.02112	0.01791	0.02040	0.01404	0.00646	0.00393	0.00130	0.00270	0.00516	0.80856	0.00530
23	0.03502	0.04011	0.01712	0.01418	0.06569	0.05550	0.07427	0.37960	0.16638	0.02718	0.01447	0.01492	0.01076	0.00638	0.00541	0.00167	0.00603	0.00520	0.05157	0.00854
24	0.01192	0.03442	0.01600	0.03841	0.01460	0.04025	0.01127	0.01336	0.00903	0.01356	0.00857	0.01334	0.00819	0.01248	0.09576	0.00297	0.61299	0.00488	0.03203	0.00596
25	0.00711	0.00509	0.00680	0.00781	0.00837	0.00478	0.00548	0.00848	0.01160	0.01564	0.14881	0.61559	0.03873	0.01621	0.00703	0.00219	0.00328	0.07705	0.00529	0.00467
26	0.00822	0.00619	0.00818	0.06688	0.01119	0.00604	0.00639	0.04688	0.01213	0.01637	0.10454	0.53511	0.04846	0.01438	0.00666	0.00206	0.00372	0.03841	0.00495	0.05325
27	0.01274	0.01335	0.02664	0.13704	0.23290	0.01320	0.41616	0.01664	0.01245	0.01702	0.01073	0.01464	0.00840	0.00539	0.00665	0.03193	0.00813	0.00580	0.00272	0.00745
28	0.00841	0.00656	0.01008	0.01108	0.07585	0.00746	0.00780	0.01051	0.00922	0.01331	0.01445	0.02106	0.01341	0.03836	0.71598	0.00827	0.01412	0.00585	0.00295	0.00528
29	0.01337	0.01425	0.01735	0.01482	0.01543	0.12605	0.03859	0.01474	0.00968	0.01352	0.00760	0.01192	0.00729	0.00894	0.01588	0.00226	0.65493	0.00473	0.00250	0.00616
30	0.01286	0.01082	0.01167	0.01050	0.01332	0.01225	0.00815	0.04743	0.59717	0.02334	0.16398	0.02438	0.02340	0.00821	0.00580	0.00185	0.00410	0.00694	0.00572	0.00811
31	0.00835	0.00607	0.00805	0.00871	0.01001	0.00586	0.00725	0.01067	0.01325	0.01750	0.20967	0.05524	0.12326	0.04661	0.00809	0.00239	0.00424	0.44450	0.00527	0.00501
32	0.01095	0.01057	0.01842	0.59518	0.03381	0.01270	0.11361	0.01452	0.01114	0.01478	0.01008	0.01475	0.00774	0.00581	0.00671	0.00188	0.07578	0.00514	0.03015	0.00629
33	0.02069	0.02640	0.01569	0.01427	0.01712	0.78313	0.01070	0.02212	0.01569	0.01355	0.00856	0.00999	0.00713	0.00571	0.00499	0.00143	0.00999	0.00357	0.00285	0.00642
34	0.00885	0.00595	0.00754	0.00725	0.00871	0.00547	0.00553	0.01102	0.01422	0.06636	0.46191	0.04382	0.15156	0.08075	0.00848	0.00217	0.00331	0.09620	0.00564	0.00523
35	0.00678	0.00487	0.00638	0.00757	0.00795	0.00453	0.00505	0.00773	0.01060	0.01406	0.03115	0.74630	0.06613	0.04268	0.00773	0.00233	0.00327	0.01533	0.00508	0.00447
36	0.00797	0.00558	0.00718	0.00721	0.00761	0.00596	0.00481	0.00877	0.00845	0.01166	0.01672	0.04853	0.01804	0.48490	0.32622	0.00669	0.00906	0.00740	0.00324	0.00401
37	0.00878	0.00627	0.00875	0.01003	0.01124	0.00625	0.00867	0.01122	0.01260	0.01641	0.02941	0.11289	0.03220	0.01544	0.00761	0.00253	0.00497	0.68459	0.00510	0.00506
38	0.09494	0.00975	0.01242	0.00975	0.01386	0.00900	0.00801	0.02627	0.07953	0.64486	0.02068	0.01815	0.01332	0.00676	0.00539	0.00173	0.00465	0.00541	0.00645	0.00907
39	0.01017	0.00855	0.01249	0.15222	0.13721	0.03063	0.01118	0.01291	0.01239	0.01616	0.02234	0.08844	0.02343	0.01177	0.00682	0.00223	0.00577	0.42522	0.00420	0.00587
40	0.01391	0.01188	0.01281	0.01190	0.03896	0.01362	0.00893	0.06206	0.67534	0.02311	0.02153	0.02064	0.01640	0.03565	0.00642	0.00198	0.00457	0.00622	0.00546	0.00861
41	0.01111	0.02865	0.77667	0.01579	0.02397	0.01286	0.02046	0.01754	0.01169	0.01754	0.00994	0.01169	0.00702	0.00526	0.00526	0.00175	0.00818	0.00409	0.00234	0.00818
42	0.00805	0.00537	0.00604	0.00604	0.00604	0.00537	0.00336	0.00805	0.00805	0.01074	0.01745	0.03624	0.02013	0.80536	0.02819	0.00537	0.00537	0.00805	0.00336	0.00336
43	0.03516	0.02906	0.21394	0.16265	0.10643	0.01200	0.09970	0.03463	0.06627	0.08326	0.01581	0.04304	0.06066	0.00652	0.00561	0.00179	0.00670	0.00578	0.00347	0.00753
44	0.01397	0.01503	0.10315	0.04492	0.57867	0.01349	0.04851	0.08077	0.01367	0.01940	0.01064	0.01353	0.00860	0.00512	0.00551	0.00167	0.00684	0.00492	0.00294	0.00866

[dist]
# distance from previous block
# <min> <max>
0	21

[block]
# block no. 8 follows, 43 sequences, length 35
# corresponding to MSA columns:
# 425-443,447-462
name=unknown_I
#
# <colnr> <probs for GDERKNQSTAVLIFYWHMCP>
#	G	D	E	R	K	N	Q	S	T	A	V	L	I	F	Y	W	H	M	C	P
0	0.00689	0.00488	0.00638	0.00753	0.00782	0.00459	0.00495	0.00775	0.01033	0.01377	0.02911	0.71887	0.03484	0.10267	0.00936	0.00259	0.00345	0.01491	0.00495	0.00437
1	0.01966	0.01349	0.01488	0.01175	0.01565	0.02980	0.00958	0.46674	0.08096	0.15538	0.04663	0.03737	0.01310	0.00726	0.00600	0.00171	0.03085	0.00561	0.00557	0.02802
2	0.01241	0.06298	0.57387	0.01667	0.06973	0.01298	0.07489	0.01795	0.01217	0.06541	0.02404	0.01291	0.00846	0.00538	0.00533	0.00173	0.00775	0.00448	0.00275	0.00814
3	0.01256	0.07307	0.30988	0.01225	0.02946	0.01170	0.01271	0.01939	0.17534	0.08096	0.14629	0.01925	0.01773	0.00684	0.00542	0.00169	0.00571	0.00561	0.00414	0.05001
4	0.01122	0.00956	0.01120	0.00818	0.01284	0.00722	0.00648	0.01360	0.01144	0.01783	0.01099	0.05536	0.00978	0.00484	0.00427	0.00090	0.00405	0.00397	0.00338	0.79288
5	0.01481	0.80869	0.02902	0.00948	0.01421	0.02191	0.00948	0.01658	0.01125	0.01303	0.00770	0.00888	0.00711	0.00474	0.00355	0.00118	0.00592	0.00296	0.00237	0.00711
6	0.00934	0.00481	0.00714	0.00726	0.00729	0.00478	0.00484	0.00726	0.00754	0.01005	0.01163	0.09239	0.01222	0.01906	0.02024	0.75834	0.00466	0.00586	0.00267	0.00261
7	0.01781	0.11759	0.09412	0.05110	0.03363	0.08383	0.01048	0.08479	0.09293	0.25859	0.03366	0.01760	0.01268	0.00666	0.00527	0.00166	0.00588	0.03225	0.03140	0.00807
8	0.00805	0.00540	0.00618	0.00618	0.00622	0.00544	0.00353	0.00814	0.00809	0.01084	0.01733	0.03555	0.01984	0.76903	0.06411	0.00554	0.00582	0.00795	0.00334	0.00343
9	0.00801	0.00590	0.00771	0.00861	0.00982	0.00564	0.00704	0.01002	0.01243	0.01604	0.07564	0.18410	0.17870	0.03061	0.00767	0.00238	0.00420	0.41545	0.00514	0.00489
10	0.01179	0.01095	0.01809	0.56357	0.22184	0.01275	0.01556	0.05028	0.01218	0.01614	0.01015	0.01443	0.00783	0.00544	0.00552	0.00179	0.00712	0.00493	0.00268	0.00697
11	0.03781	0.04245	0.43956	0.08864	0.10721	0.01222	0.01665	0.01882	0.01242	0.15486	0.01202	0.01335	0.00844	0.00552	0.00527	0.00173	0.00712	0.00447	0.00325	0.00820
12	0.01530	0.01715	0.04321	0.05735	0.38781	0.25014	0.02918	0.01872	0.05007	0.01698	0.05287	0.01446	0.01098	0.00569	0.00542	0.00161	0.00744	0.00487	0.00308	0.00769
13	0.03241	0.01426	0.05386	0.12852	0.15950	0.03050	0.34479	0.07950	0.01340	0.01844	0.01068	0.01413	0.00827	0.00567	0.00684	0.02579	0.03749	0.00554	0.00295	0.00746
14	0.04172	0.18713	0.10082	0.01307	0.01734	0.16075	0.05273	0.21471	0.03210	0.05349	0.01069	0.01184	0.00827	0.00602	0.00593	0.00160	0.06614	0.00426	0.00363	0.00776
15	0.01320	0.01382	0.02708	0.07618	0.36400	0.01352	0.37396	0.01718	0.01274	0.01768	0.01076	0.01437	0.00851	0.00484	0.00600	0.00177	0.00797	0.00571	0.00275	0.00797
16	0.00732	0.00587	0.00651	0.00680	0.00839	0.00531	0.00517	0.00952	0.04796	0.01571	0.06392	0.17193	0.49271	0.01419	0.00667	0.00200	0.00322	0.10011	0.02178	0.00492
17	0.02347	0.01095	0.01371	0.01059	0.01485	0.01049	0.00872	0.19485	0.05202	0.56946	0.01990	0.01765	0.01286	0.00684	0.00557	0.00171	0.00502	0.00547	0.00650	0.00939
18	0.00795	0.00533	0.00607	0.00617	0.00620	0.00530	0.00350	0.00803	0.00825	0.01101	0.01848	0.09637	0.02143	0.74347	0.02653	0.00512	0.00520	0.00866	0.00350	0.00345
