[name]
unknown

[dist]
# distance from previous block
# <min> <max>
0	70

[block]
# block no. 0 follows, 43 sequences, length 71
# corresponding to MSA columns:
# 73-143
name=unknown_A
#
# <colnr> <probs for GDERKNQSTAVLIFYWHMCP>
#	G	D	E	R	K	N	Q	S	T	A	V	L	I	F	Y	W	H	M	C	P
0	0.10093	0.04512	0.01390	0.01033	0.01425	0.00995	0.05942	0.07091	0.04168	0.37712	0.08492	0.03742	0.01602	0.00704	0.00538	0.00166	0.00486	0.01959	0.00548	0.07402
1	0.04007	0.36519	0.08057	0.03190	0.01507	0.01494	0.00962	0.05376	0.01305	0.18691	0.03012	0.06780	0.01180	0.00637	0.00463	0.00147	0.00547	0.00486	0.00389	0.05250
2	0.06612	0.06152	0.01490	0.05314	0.01596	0.01345	0.00935	0.33033	0.05375	0.20395	0.01587	0.06946	0.01218	0.00760	0.00612	0.02160	0.02556	0.00568	0.00519	0.00828
3	0.09240	0.01154	0.01675	0.40059	0.02740	0.02796	0.07423	0.09009	0.05082	0.05899	0.01111	0.01425	0.00835	0.00613	0.00668	0.00186	0.08572	0.00495	0.00329	0.00688
4	0.03954	0.01592	0.01636	0.04629	0.01793	0.07017	0.01064	0.65277	0.02429	0.03229	0.01269	0.01303	0.00909	0.00650	0.00545	0.00165	0.00638	0.00484	0.00517	0.00899
5	0.07815	0.02194	0.01545	0.01331	0.01669	0.49287	0.01032	0.24728	0.01845	0.02094	0.00996	0.01094	0.00776	0.00596	0.00505	0.00152	0.00839	0.00397	0.00372	0.00732
6	0.01286	0.01167	0.01488	0.33007	0.05712	0.04551	0.01168	0.07023	0.22148	0.01887	0.01359	0.01554	0.01036	0.00592	0.00531	0.00165	0.00602	0.00498	0.00372	0.13854
7	0.02027	0.00985	0.04313	0.01051	0.03377	0.00840	0.00863	0.02359	0.06602	0.53898	0.08358	0.02431	0.03722	0.00792	0.00581	0.00179	0.00469	0.05673	0.00625	0.00855
8	0.08173	0.00979	0.01270	0.00981	0.01404	0.00885	0.00810	0.05957	0.01587	0.68847	0.02047	0.01791	0.01298	0.00673	0.00542	0.00171	0.00475	0.00536	0.00656	0.00919
9	0.00784	0.00566	0.00740	0.00697	0.00827	0.00523	0.00523	0.01045	0.01568	0.02221	0.76789	0.04137	0.05226	0.01132	0.00653	0.00174	0.00261	0.01002	0.00610	0.00523
10	0.01300	0.01479	0.03221	0.04559	0.02921	0.01396	0.72942	0.01764	0.01301	0.01764	0.01117	0.01493	0.00837	0.00469	0.00651	0.00187	0.00928	0.00649	0.00279	0.00743
11	0.02485	0.00943	0.01285	0.00985	0.01414	0.00814	0.00814	0.02699	0.01585	0.77465	0.02185	0.01885	0.01371	0.00685	0.00557	0.00171	0.00471	0.00557	0.00685	0.00943
12	0.01378	0.01190	0.01252	0.01127	0.01440	0.01378	0.00877	0.02943	0.76081	0.02317	0.02254	0.02066	0.01691	0.00751	0.00564	0.00188	0.00438	0.00626	0.00564	0.00877
13	0.02069	0.02640	0.01569	0.01427	0.01712	0.78313	0.01070	0.02212	0.01569	0.01355	0.00856	0.00999	0.00713	0.00571	0.00499	0.00143	0.00999	0.00357	0.00285	0.00642
14	0.01481	0.80869	0.02902	0.00948	0.01421	0.02191	0.00948	0.01658	0.01125	0.01303	0.00770	0.00888	0.00711	0.00474	0.00355	0.00118	0.00592	0.00296	0.00237	0.00711
15	0.01551	0.75306	0.02790	0.00950	0.01421	0.02096	0.00938	0.01731	0.01157	0.06605	0.00868	0.00958	0.00757	0.00489	0.00369	0.00122	0.00584	0.00314	0.00268	0.00727
16	0.02485	0.00943	0.01285	0.00985	0.01414	0.00814	0.00814	0.02699	0.01585	0.77465	0.02185	0.01885	0.01371	0.00685	0.00557	0.00171	0.00471	0.00557	0.00685	0.00943
17	0.02142	0.01331	0.01506	0.01172	0.01597	0.01412	0.00963	0.45937	0.10028	0.25491	0.01683	0.01573	0.01149	0.00680	0.00556	0.00170	0.00550	0.00529	0.00594	0.00935
18	0.02431	0.00991	0.01311	0.01009	0.01436	0.00891	0.00832	0.07754	0.03512	0.70444	0.02127	0.01851	0.01349	0.00686	0.00557	0.00171	0.00480	0.00555	0.00673	0.00941
19	0.02105	0.01551	0.01662	0.01274	0.01717	0.01717	0.01053	0.75235	0.02604	0.03490	0.01330	0.01330	0.00942	0.00665	0.00554	0.00166	0.00609	0.00499	0.00554	0.00942
20	0.01371	0.01316	0.02248	0.03399	0.77081	0.01316	0.01700	0.01700	0.01261	0.01809	0.01042	0.01371	0.00877	0.00493	0.00548	0.00164	0.00658	0.00493	0.00274	0.00877
21	0.00675	0.00482	0.00643	0.00771	0.00803	0.00450	0.00514	0.00771	0.01060	0.01414	0.03053	0.80175	0.03663	0.01735	0.00707	0.00225	0.00321	0.01574	0.00514	0.00450
22	0.02105	0.01551	0.01662	0.01274	0.01717	0.01717	0.01053	0.75235	0.02604	0.03490	0.01330	0.01330	0.00942	0.00665	0.00554	0.00166	0.00609	0.00499	0.00554	0.00942
23	0.01032	0.00516	0.00516	0.00516	0.00645	0.00516	0.00387	0.01290	0.01161	0.02065	0.01807	0.02065	0.01420	0.00645	0.00387	0.00129	0.00258	0.00516	0.83611	0.00516
24	0.00779	0.00566	0.00733	0.00691	0.00824	0.00520	0.00518	0.01035	0.01555	0.02192	0.73944	0.04185	0.08090	0.01143	0.00653	0.00175	0.00262	0.01008	0.00606	0.00520
25	0.01525	0.01607	0.01996	0.04298	0.48453	0.19226	0.03067	0.01944	0.09162	0.01748	0.01126	0.01362	0.00921	0.00539	0.00541	0.00163	0.00722	0.00479	0.00307	0.00814
26	0.01371	0.01316	0.02248	0.03399	0.77081	0.01316	0.01700	0.01700	0.01261	0.01809	0.01042	0.01371	0.00877	0.00493	0.00548	0.00164	0.00658	0.00493	0.00274	0.00877
27	0.81619	0.01079	0.00863	0.00819	0.03660	0.01245	0.00637	0.01630	0.00953	0.02462	0.00780	0.00916	0.00609	0.00513	0.00350	0.00171	0.00436	0.00306	0.00340	0.00609
28	0.00791	0.00593	0.00890	0.00890	0.00989	0.00692	0.00692	0.00989	0.00890	0.01286	0.01483	0.02176	0.01385	0.04154	0.78341	0.00890	0.01483	0.00593	0.00297	0.00494
29	0.00846	0.00622	0.00828	0.00928	0.01066	0.00603	0.00797	0.01081	0.01281	0.01644	0.05471	0.06022	0.16610	0.01496	0.00742	0.00240	0.00461	0.58246	0.00514	0.00503
30	0.01401	0.01397	0.02175	0.05058	0.64516	0.06696	0.02988	0.01710	0.01257	0.01741	0.01012	0.01341	0.00854	0.00526	0.00616	0.00168	0.04949	0.00486	0.00273	0.00837
31	0.01481	0.80869	0.02902	0.00948	0.01421	0.02191	0.00948	0.01658	0.01125	0.01303	0.00770	0.00888	0.00711	0.00474	0.00355	0.00118	0.00592	0.00296	0.00237	0.00711
32	0.01468	0.66683	0.06974	0.01000	0.01485	0.06102	0.00997	0.01675	0.01153	0.01366	0.00802	0.00928	0.00718	0.00478	0.00377	0.00120	0.00614	0.00308	0.00246	0.06506
33	0.00794	0.00583	0.00840	0.00840	0.00921	0.00665	0.00629	0.00957	0.00875	0.01248	0.01530	0.02432	0.01496	0.17655	0.64992	0.00828	0.01316	0.00631	0.00304	0.00466
34	0.00748	0.00565	0.00690	0.00659	0.00805	0.00507	0.00494	0.00975	0.01483	0.02019	0.56935	0.04470	0.25207	0.01208	0.00654	0.00178	0.00267	0.01048	0.00583	0.00507
35	0.01243	0.01264	0.01802	0.08827	0.07016	0.04416	0.04821	0.01419	0.00949	0.01396	0.00796	0.01253	0.00743	0.00859	0.01508	0.00225	0.60089	0.00489	0.00248	0.00634
36	0.00729	0.00531	0.00699	0.00792	0.00824	0.00529	0.00541	0.00822	0.01027	0.01376	0.02757	0.61878	0.03273	0.12719	0.01056	0.00271	0.03961	0.05295	0.00477	0.00444
37	0.00805	0.00537	0.00604	0.00604	0.00604	0.00537	0.00336	0.00805	0.00805	0.01074	0.01745	0.03624	0.02013	0.80536	0.02819	0.00537	0.00537	0.00805	0.00336	0.00336
38	0.00784	0.00566	0.00740	0.00697	0.00827	0.00523	0.00523	0.01045	0.01568	0.02221	0.76789	0.04137	0.05226	0.01132	0.00653	0.00174	0.00261	0.01002	0.00610	0.00523
39	0.01122	0.01055	0.01750	0.57603	0.19245	0.01214	0.01511	0.01474	0.01143	0.01526	0.00997	0.01431	0.00774	0.00531	0.00543	0.00173	0.00698	0.00481	0.00258	0.06470
40	0.01120	0.01060	0.01795	0.61900	0.20540	0.01250	0.01575	0.01480	0.01142	0.01505	0.00997	0.01452	0.00770	0.00540	0.00552	0.00180	0.00720	0.00492	0.00252	0.00675
41	0.01290	0.01060	0.01307	0.00963	0.01437	0.00890	0.04746	0.05607	0.08217	0.05365	0.01183	0.01296	0.00934	0.00471	0.00452	0.00106	0.00455	0.00393	0.00376	0.63453
42	0.00889	0.00694	0.00824	0.00793	0.00955	0.00700	0.00592	0.01409	0.18390	0.02047	0.41461	0.15585	0.11171	0.01166	0.00641	0.00186	0.00313	0.01022	0.00575	0.00586
43	0.01110	0.01049	0.01776	0.64318	0.18203	0.01247	0.01570	0.01471	0.01138	0.01492	0.00996	0.01456	0.00766	0.00542	0.00553	0.00181	0.00723	0.00492	0.00252	0.00667
44	0.01046	0.00984	0.01661	0.79205	0.03814	0.01230	0.01538	0.01415	0.01107	0.01415	0.00984	0.01477	0.00738	0.00554	0.00554	0.00185	0.00738	0.00492	0.00246	0.00615
45	0.02273	0.01283	0.01496	0.01147	0.01584	0.01319	0.00947	0.43235	0.02154	0.36125	0.01707	0.01575	0.01131	0.00674	0.00555	0.00168	0.00548	0.00524	0.00612	0.00942
46	0.01148	0.00984	0.01148	0.00820	0.01312	0.00738	0.00656	0.01395	0.01148	0.01805	0.00984	0.01148	0.00820	0.00410	0.00410	0.00082	0.00410	0.00328	0.00328	0.83922
47	0.00656	0.00557	0.00565	0.00572	0.00751	0.00467	0.00426	0.00794	0.01251	0.01492	0.05472	0.09373	0.72903	0.01421	0.00657	0.00189	0.00283	0.01191	0.00514	0.00467
48	0.00655	0.00561	0.00561	0.00561	0.00748	0.00468	0.00421	0.00795	0.01262	0.01496	0.05610	0.05330	0.76857	0.01403	0.00655	0.00187	0.00281	0.01169	0.00514	0.00468
49	0.02069	0.02640	0.01569	0.01427	0.01712	0.78313	0.01070	0.02212	0.01569	0.01355	0.00856	0.00999	0.00713	0.00571	0.00499	0.00143	0.00999	0.00357	0.00285	0.00642
50	0.01046	0.00984	0.01661	0.79205	0.03814	0.01230	0.01538	0.01415	0.01107	0.01415	0.00984	0.01477	0.00738	0.00554	0.00554	0.00185	0.00738	0.00492	0.00246	0.00615
51	0.84448	0.01071	0.00814	0.00728	0.01071	0.01242	0.00600	0.01628	0.00943	0.02485	0.00771	0.00900	0.00600	0.00514	0.00343	0.00171	0.00428	0.00300	0.00343	0.00600
52	0.00791	0.00593	0.00890	0.00890	0.00989	0.00692	0.00692	0.00989	0.00890	0.01286	0.01483	0.02176	0.01385	0.04154	0.78341	0.00890	0.01483	0.00593	0.00297	0.00494
53	0.00800	0.00560	0.00721	0.00721	0.00761	0.00600	0.00481	0.00880	0.00840	0.01160	0.01638	0.03032	0.01757	0.49326	0.33678	0.00681	0.00924	0.00719	0.00320	0.00401
54	0.02409	0.01064	0.01361	0.01043	0.01475	0.00995	0.00862	0.17228	0.01789	0.62648	0.02014	0.01774	0.01285	0.00681	0.00556	0.00170	0.00499	0.00545	0.00659	0.00942
55	0.01046	0.00984	0.01661	0.79205	0.03814	0.01230	0.01538	0.01415	0.01107	0.01415	0.00984	0.01477	0.00738	0.00554	0.00554	0.00185	0.00738	0.00492	0.00246	0.00615
56	0.00954	0.00485	0.00723	0.00723	0.00726	0.00488	0.00483	0.00731	0.00728	0.00973	0.00996	0.01746	0.01000	0.03974	0.04200	0.79576	0.00509	0.00492	0.00244	0.00250
57	0.02364	0.01049	0.01342	0.01033	0.01456	0.00979	0.00852	0.16556	0.01780	0.61172	0.04117	0.01842	0.01397	0.00694	0.00559	0.00170	0.00492	0.00558	0.00658	0.00931
58	0.01914	0.00860	0.01131	0.00918	0.01253	0.00783	0.00738	0.02261	0.08142	0.49924	0.22935	0.02527	0.02471	0.00816	0.00584	0.00174	0.00410	0.00687	0.00654	0.00820
59	0.00713	0.00505	0.00644	0.00740	0.00777	0.00479	0.00493	0.00800	0.01026	0.01358	0.02878	0.56697	0.06439	0.18449	0.01156	0.00291	0.00376	0.05271	0.00476	0.00430
60	0.01046	0.00984	0.01661	0.79205	0.03814	0.01230	0.01538	0.01415	0.01107	0.01415	0.00984	0.01477	0.00738	0.00554	0.00554	0.00185	0.00738	0.00492	0.00246	0.00615
61	0.01337	0.01277	0.02187	0.04747	0.69768	0.01280	0.03395	0.01666	0.01260	0.01793	0.01145	0.01639	0.00998	0.00550	0.00563	0.00170	0.00658	0.04433	0.00286	0.00849
62	0.00718	0.00515	0.00685	0.00806	0.00860	0.00488	0.00576	0.00843	0.01100	0.01452	0.03081	0.61740	0.06022	0.03880	0.00775	0.00238	0.00361	0.14894	0.00508	0.00458
63	0.00697	0.00498	0.00668	0.00796	0.00838	0.00469	0.00552	0.00809	0.01082	0.01438	0.03040	0.72711	0.03615	0.01714	0.00713	0.00228	0.00340	0.08821	0.00514	0.00456
64	0.01105	0.00974	0.01167	0.04727	0.05348	0.09250	0.02872	0.04084	0.01090	0.03007	0.01512	0.10097	0.01506	0.15457	0.26300	0.00475	0.07909	0.00681	0.01892	0.00549
65	0.01304	0.01524	0.05205	0.02351	0.05408	0.01395	0.70636	0.01771	0.01302	0.01775	0.01114	0.01481	0.00838	0.00469	0.00647	0.00186	0.00921	0.00642	0.00279	0.00753
66	0.00805	0.00537	0.00604	0.00604	0.00604	0.00537	0.00336	0.00805	0.00805	0.01074	0.01745	0.03624	0.02013	0.80536	0.02819	0.00537	0.00537	0.00805	0.00336	0.00336
67	0.00675	0.00482	0.00643	0.00771	0.00803	0.00450	0.00514	0.00771	0.01060	0.01414	0.03053	0.80175	0.03663	0.01735	0.00707	0.00225	0.00321	0.01574	0.00514	0.00450
68	0.03567	0.40767	0.06010	0.01512	0.14950	0.16747	0.01146	0.04909	0.01296	0.01549	0.00916	0.02633	0.00807	0.00533	0.00441	0.00140	0.00685	0.00383	0.00275	0.00734
69	0.01420	0.00834	0.00943	0.00821	0.01066	0.00854	0.00644	0.14882	0.08163	0.14144	0.06671	0.07635	0.05523	0.00898	0.02502	0.00179	0.00408	0.00667	0.31060	0.00685
70	0.31272	0.09422	0.31818	0.03523	0.07667	0.01369	0.02755	0.03214	0.01121	0.02006	0.00905	0.01079	0.00688	0.00517	0.00449	0.00168	0.00639	0.00374	0.00284	0.00729

[dist]
# distance from previous block
# <min> <max>
2	10

[block]
# block no. 1 follows, 43 sequences, length 47
# corresponding to MSA columns:
# 154-200
name=unknown_B
#
# <colnr> <probs for GDERKNQSTAVLIFYWHMCP>
#	G	D	E	R	K	N	Q	S	T	A	V	L	I	F	Y	W	H	M	C	P
0	0.01260	0.01160	0.04032	0.01483	0.13221	0.03958	0.07400	0.04085	0.19263	0.05431	0.04984	0.06246	0.12126	0.00846	0.00625	0.00180	0.02794	0.04589	0.00443	0.05874
1	0.01295	0.01239	0.02097	0.16933	0.56590	0.01264	0.03714	0.01630	0.01227	0.01737	0.01030	0.01379	0.00847	0.00498	0.00543	0.00163	0.00664	0.00487	0.00273	0.06391
2	0.01363	0.01305	0.02210	0.05125	0.73559	0.01315	0.01676	0.01723	0.03040	0.01812	0.01069	0.01390	0.00893	0.00501	0.00549	0.00166	0.00655	0.00497	0.00280	0.00871
3	0.01307	0.01494	0.03268	0.02334	0.02894	0.01401	0.75070	0.01774	0.01307	0.01774	0.01120	0.01494	0.00840	0.00467	0.00654	0.00187	0.00934	0.00654	0.00280	0.00747
4	0.00665	0.00561	0.00575	0.00572	0.00754	0.00472	0.00429	0.00815	0.01287	0.01554	0.11302	0.05235	0.71129	0.01381	0.00654	0.00186	0.00279	0.01155	0.00522	0.00472
5	0.00678	0.00485	0.00646	0.00769	0.00804	0.00452	0.00514	0.00780	0.01076	0.01439	0.05339	0.77817	0.03711	0.01716	0.00705	0.00223	0.00319	0.01557	0.00517	0.00452
6	0.02105	0.01551	0.01662	0.01274	0.01717	0.01717	0.01053	0.75235	0.02604	0.03490	0.01330	0.01330	0.00942	0.00665	0.00554	0.00166	0.00609	0.00499	0.00554	0.00942
7	0.00678	0.00485	0.00640	0.00762	0.00797	0.00452	0.00508	0.00773	0.01059	0.01407	0.03080	0.76550	0.05322	0.03669	0.00758	0.00232	0.00326	0.01546	0.00510	0.00447
8	0.84448	0.01071	0.00814	0.00728	0.01071	0.01242	0.00600	0.01628	0.00943	0.02485	0.00771	0.00900	0.00600	0.00514	0.00343	0.00171	0.00428	0.00300	0.00343	0.00600
9	0.02485	0.00943	0.01285	0.00985	0.01414	0.00814	0.00814	0.02699	0.01585	0.77465	0.02185	0.01885	0.01371	0.00685	0.00557	0.00171	0.00471	0.00557	0.00685	0.00943
10	0.84448	0.01071	0.00814	0.00728	0.01071	0.01242	0.00600	0.01628	0.00943	0.02485	0.00771	0.00900	0.00600	0.00514	0.00343	0.00171	0.00428	0.00300	0.00343	0.00600
11	0.00805	0.00537	0.00604	0.00604	0.00604	0.00537	0.00336	0.00805	0.00805	0.01074	0.01745	0.03624	0.02013	0.80536	0.02819	0.00537	0.00537	0.00805	0.00336	0.00336
12	0.01481	0.80869	0.02902	0.00948	0.01421	0.02191	0.00948	0.01658	0.01125	0.01303	0.00770	0.00888	0.00711	0.00474	0.00355	0.00118	0.00592	0.00296	0.00237	0.00711
13	0.01378	0.01190	0.01252	0.01127	0.01440	0.01378	0.00877	0.02943	0.76081	0.02317	0.02254	0.02066	0.01691	0.00751	0.00564	0.00188	0.00438	0.00626	0.00564	0.00877
14	0.01319	0.01092	0.01190	0.01101	0.01385	0.01243	0.00870	0.02641	0.62453	0.03839	0.02364	0.04320	0.01934	0.00879	0.00594	0.00198	0.00446	0.10754	0.00558	0.00818
15	0.00798	0.00567	0.00759	0.00759	0.00812	0.00621	0.00529	0.00905	0.00851	0.01189	0.01603	0.02840	0.01673	0.39187	0.43702	0.00728	0.01049	0.00691	0.00315	0.00422
16	0.00805	0.00537	0.00604	0.00604	0.00604	0.00537	0.00336	0.00805	0.00805	0.01074	0.01745	0.03624	0.02013	0.80536	0.02819	0.00537	0.00537	0.00805	0.00336	0.00336
17	0.01336	0.01538	0.03203	0.02300	0.02849	0.04334	0.72248	0.01791	0.01317	0.01758	0.01110	0.01475	0.00835	0.00471	0.00648	0.00185	0.00936	0.00642	0.00280	0.00743
18	0.00675	0.00482	0.00643	0.00771	0.00803	0.00450	0.00514	0.00771	0.01060	0.01414	0.03053	0.80175	0.03663	0.01735	0.00707	0.00225	0.00321	0.01574	0.00514	0.00450
19	0.01168	0.01245	0.02585	0.01970	0.04881	0.01170	0.53615	0.01562	0.01314	0.01794	0.11032	0.09679	0.01747	0.00708	0.00658	0.00190	0.00766	0.02878	0.00352	0.00687
20	0.01416	0.62168	0.08422	0.01031	0.01500	0.03400	0.03499	0.01647	0.01191	0.02890	0.07429	0.01234	0.01119	0.00541	0.00411	0.00131	0.00598	0.00384	0.00280	0.00707
21	0.01137	0.08475	0.72290	0.01533	0.02327	0.01351	0.01967	0.01747	0.01166	0.01721	0.00978	0.01149	0.00702	0.00522	0.00514	0.00171	0.00802	0.00401	0.00234	0.00811
22	0.75156	0.01225	0.07509	0.02736	0.01254	0.01246	0.00749	0.01634	0.00966	0.02395	0.00796	0.00937	0.00612	0.00516	0.00364	0.00172	0.00470	0.00314	0.00331	0.00619
23	0.01230	0.01247	0.01742	0.04119	0.36717	0.09544	0.07615	0.01529	0.03287	0.01668	0.02266	0.05347	0.19771	0.00780	0.00585	0.00173	0.00609	0.00704	0.00351	0.00716
24	0.07168	0.01003	0.01291	0.00996	0.01420	0.00917	0.00822	0.08937	0.01637	0.66726	0.02029	0.01780	0.01289	0.00674	0.00544	0.00171	0.00481	0.00537	0.00654	0.00923
25	0.01117	0.00948	0.01113	0.00810	0.01270	0.00720	0.00645	0.01364	0.01185	0.01841	0.07567	0.01408	0.01203	0.00473	0.00431	0.00090	0.00397	0.00387	0.00353	0.76679
26	0.01200	0.07742	0.01517	0.01208	0.01321	0.05816	0.00994	0.05770	0.01031	0.01442	0.01028	0.01529	0.00968	0.03736	0.24786	0.00425	0.38106	0.00503	0.00282	0.00597
27	0.00757	0.00585	0.00849	0.01040	0.07487	0.00554	0.02309	0.00889	0.01096	0.01467	0.02881	0.67237	0.04809	0.01584	0.00693	0.00219	0.00371	0.04189	0.00488	0.00496
28	0.00792	0.00588	0.00865	0.00865	0.00956	0.00679	0.00661	0.00973	0.00883	0.01267	0.01506	0.02302	0.01439	0.10787	0.71783	0.00859	0.01401	0.00612	0.00300	0.00481
29	0.00784	0.00566	0.00740	0.00697	0.00827	0.00523	0.00523	0.01045	0.01568	0.02221	0.76789	0.04137	0.05226	0.01132	0.00653	0.00174	0.00261	0.01002	0.00610	0.00523
30	0.01111	0.02865	0.77667	0.01579	0.02397	0.01286	0.02046	0.01754	0.01169	0.01754	0.00994	0.01169	0.00702	0.00526	0.00526	0.00175	0.00818	0.00409	0.00234	0.00818
31	0.00693	0.00496	0.00659	0.00759	0.00807	0.00462	0.00516	0.00816	0.01144	0.01547	0.15217	0.67631	0.03921	0.01636	0.00698	0.00217	0.00311	0.01480	0.00530	0.00462
32	0.01481	0.80869	0.02902	0.00948	0.01421	0.02191	0.00948	0.01658	0.01125	0.01303	0.00770	0.00888	0.00711	0.00474	0.00355	0.00118	0.00592	0.00296	0.00237	0.00711
33	0.00805	0.00537	0.00604	0.00604	0.00604	0.00537	0.00336	0.00805	0.00805	0.01074	0.01745	0.03624	0.02013	0.80536	0.02819	0.00537	0.00537	0.00805	0.00336	0.00336
34	0.01376	0.01198	0.02002	0.02789	0.57627	0.01171	0.04842	0.01678	0.01291	0.08339	0.01711	0.01912	0.10342	0.00622	0.00567	0.00169	0.00608	0.00590	0.00340	0.00826
35	0.01111	0.02865	0.77667	0.01579	0.02397	0.01286	0.02046	0.01754	0.01169	0.01754	0.00994	0.01169	0.00702	0.00526	0.00526	0.00175	0.00818	0.00409	0.00234	0.00818
36	0.00784	0.00566	0.00740	0.00697	0.00827	0.00523	0.00523	0.01045	0.01568	0.02221	0.76789	0.04137	0.05226	0.01132	0.00653	0.00174	0.00261	0.01002	0.00610	0.00523
37	0.01378	0.01190	0.01252	0.01127	0.01440	0.01378	0.00877	0.02943	0.76081	0.02317	0.02254	0.02066	0.01691	0.00751	0.00564	0.00188	0.00438	0.00626	0.00564	0.00877
38	0.01953	0.01457	0.01647	0.03360	0.08253	0.01601	0.01083	0.62756	0.02367	0.03211	0.01323	0.01379	0.00959	0.00646	0.00544	0.00164	0.00597	0.00499	0.05297	0.00904
39	0.01361	0.01306	0.02231	0.05575	0.74979	0.01313	0.01695	0.01692	0.01257	0.01798	0.01040	0.01374	0.00873	0.00495	0.00548	0.00165	0.00660	0.00493	0.00273	0.00870
40	0.01371	0.01316	0.02248	0.03399	0.77081	0.01316	0.01700	0.01700	0.01261	0.01809	0.01042	0.01371	0.00877	0.00493	0.00548	0.00164	0.00658	0.00493	0.00274	0.00877
41	0.02340	0.00975	0.01281	0.01004	0.01417	0.00887	0.00822	0.02731	0.11296	0.67669	0.02194	0.01909	0.01413	0.00694	0.00558	0.00174	0.00467	0.00566	0.00670	0.00934
42	0.03937	0.00996	0.01274	0.01022	0.01414	0.00940	0.00844	0.09358	0.07887	0.56077	0.02146	0.02206	0.01499	0.00759	0.00571	0.00180	0.00484	0.06874	0.00641	0.00892
43	0.00677	0.00514	0.00624	0.00698	0.00787	0.00461	0.00485	0.00801	0.01167	0.01506	0.09863	0.49925	0.27334	0.01579	0.00686	0.00209	0.00303	0.01397	0.00522	0.00461
44	0.00655	0.00561	0.00561	0.00561	0.00748	0.00468	0.00421	0.00795	0.01262	0.01496	0.05610	0.05330	0.76857	0.01403	0.00655	0.00187	0.00281	0.01169	0.00514	0.00468
45	0.01401	0.04867	0.54341	0.01508	0.02189	0.13669	0.04002	0.01908	0.01273	0.08252	0.01073	0.01206	0.00766	0.00544	0.00524	0.00168	0.00814	0.00418	0.00283	0.00796
46	0.01523	0.01327	0.01445	0.01234	0.01490	0.05683	0.00988	0.20357	0.31948	0.02262	0.01557	0.01672	0.01227	0.02937	0.03532	0.00225	0.18794	0.00551	0.00457	0.00791

[dist]
# distance from previous block
# <min> <max>
0	1

[block]
# block no. 2 follows, 43 sequences, length 6
# corresponding to MSA columns:
# 202-207
name=unknown_C
#
# <colnr> <probs for GDERKNQSTAVLIFYWHMCP>
#	G	D	E	R	K	N	Q	S	T	A	V	L	I	F	Y	W	H	M	C	P
0	0.04921	0.04116	0.11031	0.01469	0.07826	0.17041	0.02956	0.31852	0.03657	0.04865	0.01341	0.01410	0.03779	0.00630	0.00532	0.00163	0.00697	0.00480	0.00417	0.00817
1	0.01208	0.06079	0.18310	0.01862	0.02394	0.01325	0.43518	0.01655	0.01281	0.01780	0.10379	0.01707	0.01340	0.00582	0.00659	0.00181	0.04086	0.00619	0.00307	0.00726
2	0.00729	0.00521	0.00705	0.00833	0.00889	0.00496	0.00608	0.00864	0.01114	0.01474	0.03023	0.61842	0.03545	0.01684	0.00721	0.00232	0.00368	0.19374	0.00513	0.00465
3	0.01145	0.01057	0.01761	0.33507	0.34506	0.01151	0.01451	0.01478	0.01238	0.01694	0.10440	0.01989	0.01468	0.00646	0.00574	0.00178	0.00634	0.04059	0.00316	0.00710
4	0.01539	0.28812	0.28666	0.01306	0.01888	0.04912	0.05254	0.10882	0.01395	0.08903	0.01072	0.01171	0.00805	0.00539	0.00480	0.00154	0.00698	0.00407	0.00321	0.00798
5	0.01284	0.01217	0.02063	0.10300	0.64050	0.01238	0.01589	0.01598	0.01230	0.01740	0.01199	0.07742	0.01089	0.00599	0.00562	0.00171	0.00638	0.00581	0.00291	0.00818

[dist]
# distance from previous block
# <min> <max>
0	1

[block]
# block no. 3 follows, 43 sequences, length 37
# corresponding to MSA columns:
# 209,217-252
name=unknown_D
#
# <colnr> <probs for GDERKNQSTAVLIFYWHMCP>
#	G	D	E	R	K	N	Q	S	T	A	V	L	I	F	Y	W	H	M	C	P
0	0.08774	0.00589	0.00681	0.00690	0.00824	0.00561	0.00505	0.00986	0.01300	0.01886	0.33962	0.24901	0.17476	0.01275	0.00631	0.00189	0.00297	0.01109	0.02861	0.00500
1	0.68650	0.01108	0.00926	0.00789	0.01155	0.01239	0.00648	0.08574	0.01120	0.02515	0.00845	0.00964	0.00653	0.00518	0.00369	0.00162	0.00444	0.00321	0.00361	0.08637
2	0.05975	0.04599	0.17112	0.01080	0.01570	0.01087	0.01039	0.07374	0.09836	0.20996	0.05765	0.01601	0.01276	0.00610	0.00507	0.00153	0.00528	0.00484	0.00455	0.17952
3	0.01478	0.03667	0.20560	0.01492	0.08999	0.07566	0.01285	0.10959	0.32106	0.03818	0.01565	0.01571	0.01168	0.00638	0.00541	0.00174	0.00624	0.00513	0.00425	0.00849
4	0.02203	0.00935	0.01234	0.00951	0.01364	0.00810	0.00780	0.04718	0.01564	0.61754	0.05876	0.02016	0.03833	0.00703	0.00551	0.00163	0.00453	0.00574	0.00638	0.08878
5	0.01867	0.01580	0.08877	0.01259	0.01705	0.01570	0.01105	0.58847	0.05390	0.03114	0.03497	0.01473	0.01097	0.00866	0.04966	0.00209	0.00662	0.00515	0.00511	0.00890
6	0.00660	0.00560	0.00563	0.00563	0.00743	0.00470	0.00418	0.00795	0.01246	0.01481	0.05475	0.05270	0.74241	0.04168	0.00730	0.00199	0.00289	0.01156	0.00508	0.00463
7	0.01896	0.09045	0.01654	0.01167	0.01571	0.01618	0.00973	0.59012	0.02273	0.03064	0.01358	0.03434	0.01037	0.00775	0.02797	0.00182	0.00602	0.00511	0.06167	0.00865
8	0.01076	0.00966	0.01467	0.27281	0.07307	0.01011	0.07939	0.06650	0.03485	0.01750	0.06438	0.07319	0.15447	0.00808	0.00583	0.00175	0.00562	0.00720	0.00379	0.08636
9	0.09158	0.05893	0.63070	0.01428	0.02159	0.01287	0.01786	0.01739	0.01159	0.03854	0.01113	0.01257	0.02652	0.00549	0.00505	0.00173	0.00748	0.00417	0.00264	0.00787
10	0.01357	0.01491	0.08170	0.13239	0.55901	0.06821	0.01661	0.01703	0.01255	0.01720	0.01017	0.01342	0.00833	0.00510	0.00544	0.00166	0.00706	0.00477	0.00268	0.00821
11	0.84448	0.01071	0.00814	0.00728	0.01071	0.01242	0.00600	0.01628	0.00943	0.02485	0.00771	0.00900	0.00600	0.00514	0.00343	0.00171	0.00428	0.00300	0.00343	0.00600
12	0.01127	0.02755	0.71700	0.01639	0.02437	0.01295	0.07903	0.01756	0.01180	0.01756	0.01004	0.01195	0.00713	0.00521	0.00536	0.00176	0.00828	0.00429	0.00238	0.00813
13	0.00760	0.00565	0.00707	0.00672	0.00813	0.00512	0.00504	0.00999	0.01511	0.02087	0.63626	0.04358	0.18473	0.01182	0.00653	0.00177	0.00265	0.01033	0.00592	0.00512
14	0.00803	0.00652	0.00823	0.02432	0.00970	0.00687	0.00620	0.01025	0.05642	0.01579	0.13213	0.37216	0.18366	0.02821	0.00849	0.00215	0.09902	0.01188	0.00489	0.00509
15	0.21915	0.01436	0.01458	0.01143	0.01562	0.01603	0.00944	0.57527	0.02204	0.03248	0.01195	0.01226	0.00860	0.00629	0.00503	0.00167	0.00566	0.00451	0.00503	0.00860
16	0.01560	0.47532	0.15270	0.01101	0.01605	0.06162	0.01121	0.01928	0.07066	0.10352	0.01094	0.01151	0.00863	0.00535	0.00433	0.00141	0.00628	0.00375	0.00317	0.00765
17	0.01266	0.01308	0.01758	0.01482	0.01557	0.07656	0.07500	0.01421	0.00959	0.01394	0.00872	0.03730	0.00846	0.00911	0.01542	0.00226	0.62052	0.00524	0.02383	0.00614
18	0.00791	0.00593	0.00890	0.00890	0.00989	0.00692	0.00692	0.00989	0.00890	0.01286	0.01483	0.02176	0.01385	0.04154	0.78341	0.00890	0.01483	0.00593	0.00297	0.00494
19	0.01434	0.01331	0.02179	0.04844	0.68248	0.01353	0.01634	0.08758	0.01387	0.01962	0.01068	0.01369	0.00880	0.00511	0.00549	0.00165	0.00655	0.00494	0.00300	0.00878
20	0.00675	0.00482	0.00643	0.00771	0.00803	0.00450	0.00514	0.00771	0.01060	0.01414	0.03053	0.80175	0.03663	0.01735	0.00707	0.00225	0.00321	0.01574	0.00514	0.00450
21	0.00698	0.00497	0.00641	0.00738	0.00776	0.00466	0.00488	0.00793	0.01062	0.01419	0.07370	0.63111	0.05666	0.12319	0.00987	0.00263	0.00346	0.01425	0.00496	0.00439
22	0.01291	0.01051	0.01212	0.00878	0.01363	0.00856	0.00707	0.10185	0.01331	0.03675	0.01052	0.01186	0.00847	0.00446	0.00430	0.00094	0.00435	0.00353	0.00363	0.72244
23	0.01203	0.00651	0.00831	0.00734	0.00942	0.00586	0.00569	0.01440	0.01501	0.20205	0.44122	0.03523	0.11523	0.01007	0.00605	0.00171	0.00313	0.00866	0.08591	0.00617
24	0.01481	0.80869	0.02902	0.00948	0.01421	0.02191	0.00948	0.01658	0.01125	0.01303	0.00770	0.00888	0.00711	0.00474	0.00355	0.00118	0.00592	0.00296	0.00237	0.00711
25	0.00671	0.00496	0.00628	0.00733	0.00793	0.00453	0.00497	0.00775	0.01097	0.01429	0.03514	0.66680	0.16860	0.01675	0.00697	0.00218	0.00314	0.01501	0.00514	0.00453
26	0.01046	0.00984	0.01661	0.79205	0.03814	0.01230	0.01538	0.01415	0.01107	0.01415	0.00984	0.01477	0.00738	0.00554	0.00554	0.00185	0.00738	0.00492	0.00246	0.00615
27	0.01538	0.65695	0.07140	0.01050	0.01518	0.12418	0.01029	0.01739	0.01188	0.01337	0.00795	0.00920	0.00711	0.00490	0.00385	0.00125	0.00661	0.00311	0.00243	0.00708
28	0.00671	0.00554	0.00589	0.00596	0.00762	0.00472	0.00441	0.00820	0.01277	0.01568	0.13198	0.12389	0.61942	0.01405	0.00659	0.00189	0.00282	0.01189	0.00525	0.00472
29	0.01312	0.06228	0.13160	0.01854	0.13935	0.06710	0.23420	0.01681	0.01239	0.01719	0.01009	0.01266	0.00802	0.00483	0.00553	0.00150	0.02278	0.00467	0.00282	0.21454
30	0.01429	0.01447	0.02130	0.05193	0.38164	0.09714	0.13680	0.03955	0.10694	0.01833	0.01235	0.01568	0.01011	0.00578	0.00605	0.00174	0.02961	0.02499	0.00325	0.00805
31	0.00675	0.00482	0.00643	0.00771	0.00803	0.00450	0.00514	0.00771	0.01060	0.01414	0.03053	0.80175	0.03663	0.01735	0.00707	0.00225	0.00321	0.01574	0.00514	0.00450
32	0.01561	0.50311	0.03646	0.07348	0.01688	0.20148	0.01031	0.01801	0.03853	0.01371	0.00950	0.01087	0.02114	0.00531	0.00421	0.00134	0.00694	0.00355	0.00266	0.00690
33	0.01579	0.48869	0.10681	0.01088	0.01561	0.03141	0.01079	0.11103	0.01361	0.07759	0.01066	0.01281	0.00892	0.00580	0.00478	0.00145	0.02978	0.03280	0.00325	0.00758
34	0.00905	0.00599	0.00738	0.00700	0.00871	0.00534	0.00533	0.01115	0.01434	0.09156	0.40363	0.08728	0.26914	0.01224	0.00652	0.00184	0.00301	0.03933	0.00578	0.00541
35	0.00694	0.00559	0.00603	0.00617	0.00769	0.00488	0.00456	0.00832	0.01224	0.01501	0.08744	0.09724	0.56247	0.09019	0.00873	0.00227	0.00322	0.06138	0.00502	0.00460
36	0.03109	0.06707	0.03827	0.07361	0.05949	0.03455	0.03968	0.20397	0.12504	0.18488	0.03834	0.01607	0.01208	0.00663	0.00603	0.00173	0.04309	0.00527	0.00479	0.00834

[dist]
# distance from previous block
# <min> <max>
0	1

[block]
# block no. 4 follows, 43 sequences, length 62
# corresponding to MSA columns:
# 254-315
name=unknown_E
#
# <colnr> <probs for GDERKNQSTAVLIFYWHMCP>
#	G	D	E	R	K	N	Q	S	T	A	V	L	I	F	Y	W	H	M	C	P
0	0.02434	0.00954	0.01284	0.00992	0.01415	0.00840	0.00817	0.02710	0.05034	0.73986	0.02188	0.01893	0.01386	0.00689	0.00557	0.00172	0.00470	0.00560	0.00680	0.00939
1	0.07748	0.09392	0.17803	0.01397	0.01841	0.20365	0.13790	0.01830	0.01276	0.05413	0.01078	0.01269	0.00833	0.00562	0.00556	0.00161	0.04289	0.00441	0.09255	0.00700
2	0.00779	0.00559	0.00756	0.00876	0.00958	0.00541	0.00684	0.00949	0.01164	0.01524	0.03072	0.40721	0.06397	0.03373	0.00779	0.00244	0.00413	0.35227	0.00508	0.00476
3	0.01481	0.80869	0.02902	0.00948	0.01421	0.02191	0.00948	0.01658	0.01125	0.01303	0.00770	0.00888	0.00711	0.00474	0.00355	0.00118	0.00592	0.00296	0.00237	0.00711
4	0.01278	0.00986	0.01163	0.02319	0.01356	0.00797	0.00695	0.04761	0.02786	0.07382	0.01178	0.02760	0.00955	0.00484	0.00438	0.00101	0.00424	0.00391	0.03030	0.66717
5	0.03534	0.01503	0.01678	0.03217	0.07224	0.01659	0.01098	0.64933	0.04357	0.03271	0.01315	0.01347	0.00946	0.00649	0.00550	0.00167	0.00608	0.00498	0.00523	0.00922
6	0.00696	0.00508	0.00693	0.04234	0.00944	0.00489	0.00568	0.00808	0.01068	0.01420	0.02959	0.74954	0.03523	0.01678	0.00702	0.00224	0.00344	0.03228	0.00502	0.00459
7	0.01148	0.00984	0.01148	0.00820	0.01312	0.00738	0.00656	0.01395	0.01148	0.01805	0.00984	0.01148	0.00820	0.00410	0.00410	0.00082	0.00410	0.00328	0.00328	0.83922
8	0.01378	0.01190	0.01252	0.01127	0.01440	0.01378	0.00877	0.02943	0.76081	0.02317	0.02254	0.02066	0.01691	0.00751	0.00564	0.00188	0.00438	0.00626	0.00564	0.00877
9	0.00796	0.00533	0.00607	0.00616	0.00619	0.00531	0.00349	0.00803	0.00824	0.01099	0.01840	0.09188	0.02133	0.74809	0.02665	0.00514	0.00521	0.00861	0.00349	0.00344
10	0.00655	0.00561	0.00561	0.00561	0.00748	0.00468	0.00421	0.00795	0.01262	0.01496	0.05610	0.05330	0.76857	0.01403	0.00655	0.00187	0.00281	0.01169	0.00514	0.00468
11	0.00660	0.00555	0.00573	0.00581	0.00755	0.00468	0.00431	0.00801	0.01257	0.01513	0.07697	0.10732	0.69250	0.01418	0.00658	0.00189	0.00283	0.01193	0.00517	0.00468
12	0.02466	0.00972	0.01304	0.01000	0.01429	0.00858	0.00826	0.06270	0.01635	0.73823	0.02143	0.01858	0.01350	0.00684	0.00557	0.00171	0.00478	0.00554	0.00679	0.00942
13	0.01111	0.02865	0.77667	0.01579	0.02397	0.01286	0.02046	0.01754	0.01169	0.01754	0.00994	0.01169	0.00702	0.00526	0.00526	0.00175	0.00818	0.00409	0.00234	0.00818
14	0.01032	0.00516	0.00516	0.00516	0.00645	0.00516	0.00387	0.01290	0.01161	0.02065	0.01807	0.02065	0.01420	0.00645	0.00387	0.00129	0.00258	0.00516	0.83611	0.00516
15	0.00784	0.00566	0.00740	0.00697	0.00827	0.00523	0.00523	0.01045	0.01568	0.02221	0.76789	0.04137	0.05226	0.01132	0.00653	0.00174	0.00261	0.01002	0.00610	0.00523
16	0.00675	0.00482	0.00643	0.00771	0.00803	0.00450	0.00514	0.00771	0.01060	0.01414	0.03053	0.80175	0.03663	0.01735	0.00707	0.00225	0.00321	0.01574	0.00514	0.00450
17	0.00655	0.00561	0.00561	0.00561	0.00748	0.00468	0.00421	0.00795	0.01262	0.01496	0.05610	0.05330	0.76857	0.01403	0.00655	0.00187	0.00281	0.01169	0.00514	0.00468
18	0.00791	0.00593	0.00890	0.00890	0.00989	0.00692	0.00692	0.00989	0.00890	0.01286	0.01483	0.02176	0.01385	0.04154	0.78341	0.00890	0.01483	0.00593	0.00297	0.00494
19	0.00674	0.00484	0.00641	0.00766	0.00802	0.00450	0.00512	0.00772	0.01065	0.01416	0.03111	0.78467	0.05333	0.01728	0.00706	0.00224	0.00320	0.01565	0.00514	0.00450
20	0.01463	0.69751	0.11591	0.01022	0.01535	0.02051	0.01073	0.01696	0.01142	0.03272	0.00832	0.00946	0.00726	0.00485	0.00380	0.00126	0.00616	0.00316	0.00248	0.00729
21	0.01148	0.00984	0.01148	0.00820	0.01312	0.00738	0.00656	0.01395	0.01148	0.01805	0.00984	0.01148	0.00820	0.00410	0.00410	0.00082	0.00410	0.00328	0.00328	0.83922
22	0.01467	0.49969	0.10792	0.01071	0.01536	0.06803	0.01051	0.01925	0.13584	0.03515	0.01195	0.01251	0.02651	0.00559	0.00430	0.00141	0.00608	0.00394	0.00312	0.00746
23	0.02037	0.01436	0.01568	0.01211	0.01631	0.01566	0.00997	0.64618	0.02455	0.08726	0.06876	0.01574	0.01284	0.00700	0.00561	0.00167	0.00574	0.00539	0.00568	0.00911
24	0.01803	0.01388	0.01478	0.01199	0.01585	0.01558	0.00969	0.46004	0.30354	0.03010	0.01691	0.01627	0.01237	0.00697	0.00553	0.00173	0.00536	0.00547	0.02683	0.00906
25	0.05704	0.05750	0.01698	0.54767	0.03100	0.02981	0.05666	0.03446	0.03557	0.01609	0.01065	0.01452	0.00812	0.00557	0.00525	0.00175	0.00688	0.00483	0.05327	0.00639
26	0.06034	0.10980	0.01753	0.05023	0.01720	0.01294	0.08281	0.15357	0.05075	0.34435	0.01589	0.01547	0.01089	0.00629	0.00563	0.00169	0.02589	0.00510	0.00511	0.00850
27	0.00671	0.00557	0.00587	0.00591	0.00761	0.00473	0.00439	0.00823	0.01285	0.01576	0.13830	0.10000	0.63715	0.01392	0.00658	0.00188	0.00281	0.01175	0.00526	0.00473
28	0.00784	0.00566	0.00740	0.00697	0.00827	0.00523	0.00523	0.01045	0.01568	0.02221	0.76789	0.04137	0.05226	0.01132	0.00653	0.00174	0.00261	0.01002	0.00610	0.00523
29	0.38946	0.01232	0.01289	0.06850	0.08200	0.05512	0.02580	0.13748	0.01383	0.11629	0.01214	0.01309	0.02785	0.00586	0.00461	0.00170	0.00545	0.00429	0.00406	0.00725
30	0.00962	0.00481	0.00722	0.00722	0.00722	0.00481	0.00481	0.00722	0.00722	0.00962	0.00962	0.01684	0.00962	0.01924	0.02165	0.83886	0.00481	0.00481	0.00241	0.00241
31	0.04573	0.00973	0.01237	0.00973	0.01370	0.00906	0.00797	0.07156	0.07506	0.59259	0.02069	0.01850	0.01351	0.00682	0.00539	0.00169	0.00461	0.00549	0.06685	0.00897
32	0.02133	0.01434	0.01576	0.01211	0.01644	0.01552	0.01000	0.62523	0.02415	0.14413	0.01469	0.01431	0.01018	0.00667	0.00550	0.00166	0.00580	0.00508	0.02780	0.00931
33	0.01288	0.05301	0.16418	0.10724	0.45059	0.01350	0.08545	0.01685	0.01226	0.01731	0.01021	0.01333	0.00819	0.00502	0.00546	0.00169	0.00719	0.00483	0.00263	0.00819
34	0.01401	0.01216	0.01646	0.02037	0.32008	0.01311	0.01208	0.02381	0.41018	0.04830	0.01781	0.01896	0.01392	0.00667	0.00563	0.00180	0.00530	0.02615	0.00449	0.00869
35	0.00805	0.00537	0.00604	0.00604	0.00604	0.00537	0.00336	0.00805	0.00805	0.01074	0.01745	0.03624	0.02013	0.80536	0.02819	0.00537	0.00537	0.00805	0.00336	0.00336
36	0.01892	0.01525	0.07083	0.01211	0.01686	0.01489	0.01050	0.53901	0.03727	0.06551	0.01312	0.01332	0.00941	0.00619	0.00531	0.00155	0.00585	0.00472	0.00503	0.13435
37	0.01423	0.01261	0.01275	0.01143	0.01458	0.04776	0.00889	0.04418	0.71264	0.02299	0.02173	0.02004	0.01632	0.00742	0.00561	0.00185	0.00467	0.00612	0.00551	0.00868
38	0.02385	0.01071	0.01361	0.01047	0.01476	0.01008	0.00863	0.17351	0.03333	0.60972	0.02014	0.01777	0.01291	0.00683	0.00556	0.00171	0.00498	0.00547	0.00656	0.00941
39	0.00831	0.00587	0.00676	0.00645	0.00825	0.00510	0.00487	0.01014	0.01376	0.07250	0.28434	0.07990	0.44812	0.01277	0.00649	0.00183	0.00290	0.01088	0.00558	0.00519
40	0.00805	0.00537	0.00604	0.00604	0.00604	0.00537	0.00336	0.00805	0.00805	0.01074	0.01745	0.03624	0.02013	0.80536	0.02819	0.00537	0.00537	0.00805	0.00336	0.00336
41	0.00804	0.00539	0.00614	0.00611	0.00620	0.00536	0.00349	0.00823	0.00861	0.01157	0.07199	0.03662	0.02247	0.74765	0.02661	0.00511	0.00517	0.00820	0.00356	0.00349
42	0.00772	0.00568	0.00719	0.00813	0.00879	0.00558	0.00558	0.03306	0.06562	0.01546	0.02939	0.71981	0.03433	0.01629	0.00692	0.00220	0.00339	0.01471	0.00519	0.00497
43	0.00791	0.00593	0.00890	0.00890	0.00989	0.00692	0.00692	0.00989	0.00890	0.01286	0.01483	0.02176	0.01385	0.04154	0.78341	0.00890	0.01483	0.00593	0.00297	0.00494
44	0.01111	0.02865	0.77667	0.01579	0.02397	0.01286	0.02046	0.01754	0.01169	0.01754	0.00994	0.01169	0.00702	0.00526	0.00526	0.00175	0.00818	0.00409	0.00234	0.00818
45	0.01307	0.01494	0.03268	0.02334	0.02894	0.01401	0.75070	0.01774	0.01307	0.01774	0.01120	0.01494	0.00840	0.00467	0.00654	0.00187	0.00934	0.00654	0.00280	0.00747
46	0.00668	0.00562	0.00580	0.00576	0.00757	0.00473	0.00432	0.00822	0.01295	0.01574	0.13268	0.05202	0.69151	0.01374	0.00654	0.00186	0.00278	0.01151	0.00525	0.00473
47	0.01106	0.01079	0.01497	0.04736	0.01435	0.01454	0.01091	0.01238	0.00919	0.01360	0.01431	0.07349	0.09129	0.01053	0.01557	0.00233	0.61825	0.00637	0.00291	0.00580
48	0.01097	0.00930	0.01094	0.00815	0.01258	0.00707	0.00641	0.01327	0.01139	0.01763	0.01207	0.09650	0.01126	0.00553	0.00442	0.00097	0.00401	0.00462	0.00348	0.74942
49	0.01511	0.64128	0.02696	0.01262	0.09585	0.08286	0.01045	0.01700	0.01170	0.01362	0.00805	0.00957	0.00729	0.00495	0.00421	0.00128	0.02427	0.00327	0.00245	0.00721
50	0.01470	0.72297	0.02725	0.00967	0.01423	0.02104	0.00940	0.01797	0.09189	0.01412	0.00930	0.01015	0.00816	0.00504	0.00378	0.00126	0.00576	0.00332	0.00272	0.00729
51	0.02290	0.00893	0.01216	0.00962	0.01348	0.00775	0.00782	0.02492	0.01529	0.69283	0.02278	0.10307	0.01618	0.00798	0.00573	0.00177	0.00455	0.00666	0.00667	0.00890
52	0.00791	0.00531	0.00608	0.00622	0.00625	0.00528	0.00355	0.00802	0.00833	0.01110	0.01886	0.11860	0.02191	0.72059	0.02592	0.00503	0.00514	0.00888	0.00355	0.00348
53	0.84448	0.01071	0.00814	0.00728	0.01071	0.01242	0.00600	0.01628	0.00943	0.02485	0.00771	0.00900	0.00600	0.00514	0.00343	0.00171	0.00428	0.00300	0.00343	0.00600
54	0.03209	0.01783	0.23341	0.01854	0.02399	0.01361	0.37878	0.01833	0.09265	0.01802	0.01219	0.03411	0.00951	0.00584	0.00688	0.00188	0.06586	0.00586	0.00302	0.00759
55	0.01965	0.01911	0.03501	0.02639	0.03207	0.01729	0.67360	0.02200	0.01713	0.02381	0.01785	0.02397	0.01481	0.00926	0.00929	0.00309	0.01115	0.00852	0.00515	0.01083
56	0.00881	0.00630	0.00876	0.00985	0.01113	0.00625	0.00853	0.01136	0.01306	0.01718	0.10878	0.06020	0.03407	0.01487	0.00753	0.00246	0.00483	0.65570	0.00521	0.00511
57	0.09684	0.00615	0.00613	0.00621	0.00810	0.00559	0.00474	0.00903	0.01214	0.01606	0.04750	0.10346	0.59096	0.01339	0.00631	0.00192	0.00313	0.05257	0.00496	0.00483
58	0.01180	0.01060	0.01654	0.48728	0.16386	0.01219	0.01403	0.09347	0.01313	0.01721	0.01479	0.01878	0.07550	0.00649	0.00566	0.00181	0.00665	0.02024	0.00313	0.00682
59	0.01957	0.02411	0.01456	0.01329	0.01597	0.69943	0.00997	0.02112	0.01526	0.01432	0.00958	0.01113	0.00789	0.00579	0.00487	0.00141	0.00919	0.00374	0.09250	0.00629
60	0.00686	0.00491	0.00653	0.00763	0.00806	0.00458	0.00515	0.00801	0.01115	0.01501	0.10985	0.71995	0.03831	0.01670	0.00701	0.00219	0.00315	0.01513	0.00524	0.00458
61	0.01132	0.02717	0.69663	0.01660	0.02451	0.01299	0.09902	0.01756	0.01184	0.01756	0.01008	0.01204	0.00716	0.00520	0.00540	0.00177	0.00831	0.00436	0.00239	0.00811

[dist]
# distance from previous block
# <min> <max>
0	42

[block]
# block no. 5 follows, 43 sequences, length 28
# corresponding to MSA columns:
# 358-385
name=unknown_F
#
# <colnr> <probs for GDERKNQSTAVLIFYWHMCP>
#	G	D	E	R	K	N	Q	S	T	A	V	L	I	F	Y	W	H	M	C	P
0	0.02016	0.01475	0.01586	0.01228	0.01646	0.01631	0.01011	0.69598	0.02486	0.03358	0.01356	0.01389	0.00977	0.00771	0.02938	0.00187	0.00620	0.00502	0.04314	0.00909
1	0.01046	0.00984	0.01661	0.79205	0.03814	0.01230	0.01538	0.01415	0.01107	0.01415	0.00984	0.01477	0.00738	0.00554	0.00554	0.00185	0.00738	0.00492	0.00246	0.00615
2	0.84448	0.01071	0.00814	0.00728	0.01071	0.01242	0.00600	0.01628	0.00943	0.02485	0.00771	0.00900	0.00600	0.00514	0.00343	0.00171	0.00428	0.00300	0.00343	0.00600
3	0.01032	0.00516	0.00516	0.00516	0.00645	0.00516	0.00387	0.01290	0.01161	0.02065	0.01807	0.02065	0.01420	0.00645	0.00387	0.00129	0.00258	0.00516	0.83611	0.00516
4	0.21669	0.01006	0.01131	0.00870	0.01302	0.00914	0.00710	0.03962	0.01295	0.29033	0.01371	0.01357	0.00967	0.00541	0.00450	0.00138	0.00442	0.00408	0.00466	0.31969
5	0.00675	0.00482	0.00643	0.00771	0.00803	0.00450	0.00514	0.00771	0.01060	0.01414	0.03053	0.80175	0.03663	0.01735	0.00707	0.00225	0.00321	0.01574	0.00514	0.00450
6	0.00675	0.00482	0.00643	0.00771	0.00803	0.00450	0.00514	0.00771	0.01060	0.01414	0.03053	0.80175	0.03663	0.01735	0.00707	0.00225	0.00321	0.01574	0.00514	0.00450
7	0.72386	0.01114	0.00921	0.00795	0.01152	0.01271	0.00655	0.09135	0.01140	0.05988	0.00892	0.00988	0.00669	0.00537	0.00374	0.00171	0.00449	0.00332	0.00380	0.00650
8	0.00656	0.00556	0.00566	0.00574	0.00752	0.00466	0.00427	0.00793	0.01250	0.01491	0.05451	0.10009	0.72281	0.01423	0.00658	0.00189	0.00283	0.01194	0.00514	0.00466
9	0.01317	0.09102	0.01458	0.01174	0.01341	0.23325	0.00940	0.01481	0.01099	0.01318	0.01067	0.01500	0.00981	0.02066	0.31544	0.00458	0.18498	0.00473	0.00276	0.00582
10	0.02222	0.19035	0.03685	0.00993	0.01442	0.01137	0.00877	0.02439	0.01470	0.58257	0.01834	0.01641	0.01204	0.00633	0.00511	0.00160	0.00508	0.00494	0.00572	0.00887
11	0.01436	0.01219	0.01285	0.01139	0.01462	0.01405	0.00891	0.08732	0.70197	0.02411	0.02180	0.02007	0.01631	0.00744	0.00563	0.00186	0.00452	0.00616	0.00563	0.00882
12	0.01148	0.00984	0.01148	0.00820	0.01312	0.00738	0.00656	0.01395	0.01148	0.01805	0.00984	0.01148	0.00820	0.00410	0.00410	0.00082	0.00410	0.00328	0.00328	0.83922
