[name]
unknown

[dist]
# distance from previous block
# <min> <max>
13	86

[block]
# block no. 0 follows, 43 sequences, length 52
# corresponding to MSA columns:
# 121-134,136-173
name=unknown_A
#
# <colnr> <probs for GDERKNQSTAVLIFYWHMCP>
#	G	D	E	R	K	N	Q	S	T	A	V	L	I	F	Y	W	H	M	C	P
0	0.19430	0.03156	0.08467	0.01007	0.01374	0.04846	0.01929	0.09856	0.08762	0.10079	0.09689	0.01691	0.01449	0.00730	0.02088	0.00178	0.02530	0.00504	0.06071	0.06165
1	0.25999	0.20388	0.12256	0.02865	0.03182	0.01460	0.00991	0.09301	0.04115	0.02096	0.06806	0.01346	0.01115	0.00594	0.00471	0.00160	0.02355	0.00422	0.03378	0.00701
2	0.20580	0.16034	0.17045	0.05538	0.01803	0.05543	0.09303	0.01674	0.01146	0.04869	0.01075	0.01258	0.02552	0.00638	0.02192	0.01815	0.00662	0.00417	0.00300	0.05555
3	0.33242	0.04766	0.11256	0.00979	0.01394	0.01163	0.02605	0.04961	0.07433	0.16247	0.04560	0.01677	0.06260	0.00656	0.00475	0.00172	0.00499	0.00493	0.00436	0.00726
4	0.10530	0.11770	0.14504	0.01067	0.01498	0.01254	0.02322	0.10109	0.10948	0.12062	0.07181	0.01833	0.04176	0.04574	0.00620	0.00182	0.00540	0.00533	0.00432	0.03864
5	0.00740	0.00600	0.00747	0.09354	0.01119	0.00567	0.00587	0.00937	0.01313	0.01697	0.26344	0.13655	0.37802	0.01267	0.00649	0.00187	0.00330	0.01092	0.00513	0.00498
6	0.01739	0.01303	0.01398	0.01137	0.01511	0.01434	0.00918	0.41614	0.24849	0.06258	0.02126	0.02024	0.09614	0.00774	0.00568	0.00175	0.00514	0.00615	0.00558	0.00869
7	0.00871	0.00690	0.02411	0.00872	0.01001	0.00650	0.02337	0.02876	0.03028	0.03541	0.19810	0.45434	0.03441	0.01364	0.00727	0.00202	0.04766	0.01206	0.00508	0.04263
8	0.01178	0.03300	0.34159	0.11741	0.02673	0.01313	0.29428	0.01719	0.02970	0.01740	0.03712	0.01451	0.00940	0.00533	0.00580	0.00180	0.00820	0.00536	0.00274	0.00755
9	0.01152	0.11520	0.69371	0.01509	0.02289	0.01387	0.01924	0.01743	0.01164	0.01704	0.00969	0.01138	0.00703	0.00520	0.00507	0.00169	0.00793	0.00397	0.00234	0.00807
10	0.00962	0.00481	0.00722	0.00722	0.00722	0.00481	0.00481	0.00722	0.00722	0.00962	0.00962	0.01684	0.00962	0.01924	0.02165	0.83886	0.00481	0.00481	0.00241	0.00241
11	0.01237	0.01358	0.02839	0.22855	0.03140	0.01355	0.55440	0.01678	0.01254	0.01678	0.01084	0.01489	0.00813	0.00490	0.00627	0.00186	0.00882	0.00611	0.00271	0.00712
12	0.49128	0.00998	0.01060	0.19060	0.03288	0.01151	0.00850	0.03393	0.01065	0.04699	0.01142	0.09885	0.01013	0.00668	0.00449	0.00180	0.00499	0.00504	0.00355	0.00613
13	0.00945	0.00487	0.00708	0.00708	0.00708	0.00487	0.00465	0.00731	0.00731	0.00974	0.01049	0.01899	0.01079	0.10647	0.02237	0.74638	0.00487	0.00517	0.00251	0.00251
14	0.73416	0.01007	0.00791	0.00710	0.01031	0.01153	0.00581	0.01614	0.00981	0.04063	0.00917	0.01050	0.00707	0.00532	0.00352	0.00167	0.00410	0.00329	0.09590	0.00598
15	0.01400	0.01145	0.01324	0.01309	0.09781	0.01240	0.00919	0.05121	0.49587	0.05128	0.01917	0.01854	0.01449	0.00673	0.00534	0.00169	0.00456	0.00565	0.05414	0.10015
16	0.01490	0.03946	0.03300	0.01205	0.01566	0.01289	0.09108	0.22621	0.22868	0.06083	0.13860	0.02178	0.04572	0.00840	0.02370	0.00192	0.00547	0.00653	0.00516	0.00796
17	0.02017	0.01545	0.01840	0.01392	0.01848	0.01682	0.09266	0.67083	0.02460	0.03300	0.01306	0.01348	0.00931	0.00643	0.00565	0.00168	0.00645	0.00516	0.00524	0.00920
18	0.01317	0.01015	0.01268	0.00926	0.01404	0.00812	0.04157	0.01641	0.05279	0.10227	0.01193	0.01296	0.00930	0.00462	0.00446	0.00103	0.00443	0.00385	0.00378	0.66318
19	0.00734	0.00534	0.00685	0.00708	0.00804	0.00492	0.00504	0.00916	0.01331	0.01826	0.41390	0.31572	0.10667	0.04325	0.00753	0.00207	0.00295	0.01215	0.00557	0.00485
20	0.01156	0.00992	0.01152	0.00831	0.01317	0.00761	0.00664	0.01449	0.03764	0.01823	0.01029	0.01180	0.00851	0.00422	0.00416	0.00086	0.00411	0.00339	0.00336	0.81023
21	0.03842	0.01150	0.03098	0.01068	0.01484	0.02897	0.00892	0.14656	0.09673	0.50389	0.01981	0.01856	0.01329	0.00699	0.00556	0.00174	0.00511	0.02217	0.00620	0.00909
22	0.01197	0.00792	0.01104	0.02926	0.06010	0.00771	0.03378	0.01546	0.07456	0.14447	0.08192	0.06738	0.13457	0.01160	0.00665	0.00209	0.00469	0.28322	0.00523	0.00639
23	0.00778	0.00566	0.00732	0.00690	0.00824	0.00520	0.00518	0.01033	0.01553	0.02187	0.73451	0.04193	0.08585	0.01145	0.00653	0.00175	0.00262	0.01009	0.00605	0.00520
24	0.01646	0.01310	0.01476	0.10055	0.10110	0.12522	0.02411	0.09180	0.16533	0.16261	0.06872	0.03642	0.01543	0.00723	0.00567	0.00175	0.00598	0.03118	0.00472	0.00783
25	0.03013	0.07279	0.20768	0.01701	0.05490	0.02989	0.25653	0.03642	0.03854	0.09288	0.01399	0.01925	0.01136	0.00640	0.00584	0.00182	0.00743	0.08601	0.00349	0.00765
26	0.00965	0.00812	0.00800	0.00748	0.00928	0.09150	0.00564	0.01172	0.01471	0.05422	0.42049	0.04066	0.27504	0.01136	0.00632	0.00175	0.00359	0.00963	0.00547	0.00538
27	0.00755	0.00571	0.00694	0.00685	0.00830	0.00518	0.00524	0.00967	0.01410	0.01884	0.42961	0.04741	0.28120	0.03962	0.00740	0.00200	0.00304	0.09078	0.00558	0.00497
28	0.03252	0.14208	0.32745	0.12668	0.02199	0.02939	0.04990	0.01649	0.01158	0.05156	0.02921	0.04121	0.00964	0.00627	0.00637	0.00175	0.08099	0.00482	0.00283	0.00725
29	0.03107	0.47547	0.19070	0.01385	0.10039	0.01786	0.03084	0.01655	0.01140	0.01494	0.00891	0.01079	0.00760	0.00661	0.04079	0.00175	0.00696	0.00366	0.00246	0.00741
30	0.00687	0.00504	0.00644	0.00751	0.00811	0.00465	0.00519	0.00797	0.01097	0.01433	0.03390	0.63308	0.14277	0.03392	0.00749	0.00228	0.00331	0.05655	0.00510	0.00453
31	0.01284	0.01272	0.01807	0.06491	0.49269	0.09497	0.01373	0.01548	0.01252	0.01660	0.01525	0.15187	0.03941	0.00752	0.00574	0.00174	0.00628	0.00690	0.00324	0.00750
32	0.03797	0.11871	0.10967	0.02862	0.01374	0.04607	0.00910	0.03150	0.01317	0.17302	0.12076	0.19368	0.02208	0.01022	0.02367	0.00195	0.00527	0.02942	0.00463	0.00674
33	0.00757	0.00542	0.00715	0.00826	0.00887	0.00522	0.00590	0.03380	0.01146	0.01522	0.02975	0.66325	0.03498	0.01667	0.00710	0.00227	0.00360	0.12361	0.00515	0.00476
34	0.01167	0.02737	0.71721	0.01591	0.02385	0.01275	0.05222	0.01788	0.01190	0.04398	0.01041	0.01209	0.00731	0.00529	0.00533	0.00176	0.00811	0.00425	0.00252	0.00820
35	0.01372	0.01189	0.05162	0.12280	0.21712	0.03914	0.03796	0.05351	0.08822	0.09633	0.09806	0.04758	0.01598	0.00693	0.00578	0.00173	0.01759	0.00608	0.06043	0.00752
36	0.01489	0.20356	0.30166	0.01469	0.08449	0.13039	0.01409	0.03193	0.01299	0.08594	0.02964	0.03133	0.00970	0.00579	0.00496	0.00157	0.00718	0.00440	0.00309	0.00770
37	0.01336	0.00869	0.00993	0.00893	0.01119	0.02518	0.00689	0.11749	0.08885	0.15072	0.08171	0.10766	0.12595	0.13187	0.00958	0.00244	0.00456	0.08325	0.00529	0.00647
38	0.23206	0.50248	0.03527	0.00926	0.01346	0.07173	0.00870	0.01669	0.01125	0.01657	0.03508	0.01021	0.00844	0.00516	0.00376	0.00137	0.00570	0.00329	0.00281	0.00672
39	0.01910	0.01575	0.22115	0.01220	0.01744	0.01117	0.02974	0.15288	0.03380	0.36602	0.05184	0.01692	0.01288	0.00656	0.00555	0.00172	0.00591	0.00531	0.00523	0.00883
40	0.01268	0.04955	0.10513	0.08171	0.13486	0.02699	0.19395	0.02887	0.03113	0.01729	0.01031	0.01314	0.00823	0.00530	0.00648	0.00160	0.07814	0.00479	0.00288	0.18698
41	0.00828	0.00605	0.00810	0.00919	0.01043	0.00587	0.00772	0.01045	0.01244	0.01601	0.03343	0.15990	0.14098	0.01539	0.00741	0.00241	0.00451	0.53135	0.00511	0.00496
42	0.01416	0.03055	0.06630	0.14552	0.12855	0.09310	0.01170	0.16449	0.10382	0.02102	0.08384	0.01914	0.06084	0.00696	0.00554	0.00170	0.00612	0.00575	0.02342	0.00748
43	0.00805	0.00537	0.00604	0.00604	0.00604	0.00537	0.00336	0.00805	0.00805	0.01074	0.01745	0.03624	0.02013	0.80536	0.02819	0.00537	0.00537	0.00805	0.00336	0.00336
44	0.79602	0.01085	0.00864	0.02674	0.01160	0.01258	0.00638	0.04124	0.01003	0.02493	0.00795	0.00928	0.00615	0.00520	0.00355	0.00172	0.00442	0.00311	0.00348	0.00612
45	0.81494	0.01088	0.00844	0.00748	0.01094	0.01259	0.00616	0.04269	0.01002	0.02521	0.00791	0.00915	0.00612	0.00520	0.00350	0.00171	0.00435	0.00307	0.00350	0.00612
46	0.01438	0.01540	0.01266	0.01148	0.03079	0.31360	0.02710	0.06462	0.01484	0.01747	0.14606	0.12127	0.05088	0.00834	0.00555	0.00155	0.00632	0.00678	0.00405	0.12688
47	0.59648	0.01080	0.01072	0.12214	0.01527	0.01310	0.00829	0.01552	0.00952	0.02154	0.00795	0.01031	0.00639	0.00589	0.00599	0.00184	0.12553	0.00356	0.00313	0.00603
48	0.70604	0.01223	0.01028	0.00893	0.01256	0.01374	0.00720	0.12803	0.01270	0.02728	0.00976	0.01131	0.00766	0.00615	0.00428	0.00192	0.00496	0.00371	0.00414	0.00712
49	0.01431	0.01320	0.02145	0.08117	0.63931	0.01355	0.01617	0.09841	0.01400	0.01970	0.01070	0.01373	0.00875	0.00516	0.00549	0.00166	0.00658	0.00494	0.00303	0.00867
50	0.00676	0.00489	0.00636	0.00753	0.00796	0.00453	0.00504	0.00773	0.01070	0.01413	0.03212	0.73385	0.08884	0.03173	0.00742	0.00228	0.00322	0.01531	0.00511	0.00449
51	0.01570	0.01491	0.02573	0.02581	0.31454	0.01472	0.30520	0.13092	0.05064	0.02180	0.01290	0.01604	0.01021	0.00600	0.00641	0.00196	0.00785	0.00601	0.00373	0.00891

[dist]
# distance from previous block
# <min> <max>
0	13

[block]
# block no. 1 follows, 43 sequences, length 52
# corresponding to MSA columns:
# 187-238
name=unknown_B
#
# <colnr> <probs for GDERKNQSTAVLIFYWHMCP>
#	G	D	E	R	K	N	Q	S	T	A	V	L	I	F	Y	W	H	M	C	P
0	0.84448	0.01071	0.00814	0.00728	0.01071	0.01242	0.00600	0.01628	0.00943	0.02485	0.00771	0.00900	0.00600	0.00514	0.00343	0.00171	0.00428	0.00300	0.00343	0.00600
1	0.03301	0.32525	0.16542	0.06890	0.01807	0.09217	0.01180	0.05541	0.06725	0.03511	0.01034	0.01167	0.00826	0.00594	0.01776	0.00157	0.00673	0.00386	0.00302	0.05846
2	0.00826	0.00571	0.00657	0.00637	0.00679	0.00556	0.00380	0.00855	0.00842	0.01147	0.01719	0.05757	0.01950	0.68974	0.05761	0.00509	0.00561	0.00785	0.00339	0.06495
3	0.16211	0.01239	0.01933	0.10443	0.56204	0.01294	0.01487	0.01659	0.01189	0.01891	0.00988	0.01297	0.00814	0.00503	0.00512	0.00168	0.00625	0.00459	0.00284	0.00802
4	0.01187	0.18052	0.01268	0.00781	0.01050	0.00943	0.00650	0.01418	0.03027	0.13797	0.25537	0.03247	0.21547	0.01106	0.03848	0.00195	0.00427	0.00795	0.00503	0.00623
5	0.01115	0.01297	0.09872	0.01746	0.05192	0.01106	0.36064	0.01541	0.03568	0.01742	0.08145	0.05012	0.01642	0.01175	0.10880	0.00284	0.00845	0.07750	0.00346	0.00677
6	0.01111	0.02865	0.77667	0.01579	0.02397	0.01286	0.02046	0.01754	0.01169	0.01754	0.00994	0.01169	0.00702	0.00526	0.00526	0.00175	0.00818	0.00409	0.00234	0.00818
7	0.01481	0.80869	0.02902	0.00948	0.01421	0.02191	0.00948	0.01658	0.01125	0.01303	0.00770	0.00888	0.00711	0.00474	0.00355	0.00118	0.00592	0.00296	0.00237	0.00711
8	0.01295	0.01241	0.02068	0.07846	0.62261	0.01287	0.01576	0.01600	0.01221	0.01730	0.01294	0.01607	0.05489	0.00588	0.00648	0.00173	0.06442	0.00534	0.00285	0.00816
9	0.01347	0.01292	0.02205	0.08977	0.71691	0.01310	0.01688	0.01679	0.01250	0.01780	0.01038	0.01379	0.00867	0.00498	0.00549	0.00166	0.00664	0.00493	0.00272	0.00858
10	0.01212	0.01212	0.01696	0.01454	0.01454	0.01696	0.01212	0.01333	0.00848	0.01333	0.00727	0.01212	0.00727	0.00969	0.01818	0.00242	0.79523	0.00485	0.00242	0.00606
11	0.01046	0.00984	0.01661	0.79205	0.03814	0.01230	0.01538	0.01415	0.01107	0.01415	0.00984	0.01477	0.00738	0.00554	0.00554	0.00185	0.00738	0.00492	0.00246	0.00615
12	0.02199	0.01278	0.12542	0.01228	0.05964	0.00960	0.01058	0.06375	0.01560	0.58045	0.01899	0.01721	0.01221	0.00650	0.00552	0.00171	0.00540	0.00529	0.00588	0.00921
13	0.01243	0.00971	0.01248	0.01387	0.15407	0.01023	0.00888	0.01997	0.30424	0.07365	0.20570	0.04922	0.02479	0.06693	0.00753	0.00206	0.00441	0.00732	0.00511	0.00740
14	0.00791	0.00593	0.00890	0.00890	0.00989	0.00692	0.00692	0.00989	0.00890	0.01286	0.01483	0.02176	0.01385	0.04154	0.78341	0.00890	0.01483	0.00593	0.00297	0.00494
15	0.01287	0.07025	0.30891	0.05798	0.04119	0.03715	0.33620	0.01777	0.01248	0.03696	0.01062	0.01326	0.00786	0.00503	0.00573	0.00176	0.00843	0.00516	0.00269	0.00769
16	0.02033	0.01162	0.01373	0.03345	0.01554	0.01207	0.00906	0.22995	0.19759	0.34505	0.01918	0.01766	0.01311	0.00691	0.00553	0.00173	0.00504	0.00554	0.02786	0.00906
17	0.00683	0.00493	0.00649	0.00770	0.00815	0.00459	0.00525	0.00788	0.01080	0.01428	0.03184	0.73062	0.07550	0.01709	0.00707	0.00224	0.00327	0.04580	0.00514	0.00453
18	0.25401	0.11352	0.03708	0.00950	0.01332	0.02790	0.00814	0.09390	0.13873	0.15595	0.01412	0.01409	0.01035	0.00603	0.00454	0.00162	0.00487	0.00440	0.06304	0.02491
19	0.01480	0.73649	0.05462	0.01057	0.03781	0.04133	0.01012	0.01678	0.01143	0.01336	0.00788	0.00916	0.00716	0.00479	0.00371	0.00122	0.00613	0.00308	0.00239	0.00718
20	0.01957	0.01463	0.01583	0.01204	0.01655	0.01566	0.00991	0.63796	0.02378	0.03229	0.01276	0.01302	0.00923	0.00625	0.00532	0.00153	0.00579	0.00472	0.00519	0.13796
21	0.01176	0.16589	0.64513	0.01468	0.02225	0.01445	0.01853	0.01737	0.01162	0.01675	0.00954	0.01120	0.00703	0.00517	0.00496	0.00165	0.00779	0.00389	0.00234	0.00800
22	0.01396	0.01597	0.11089	0.04089	0.32803	0.05456	0.20316	0.07197	0.04760	0.01904	0.01174	0.01527	0.00942	0.00549	0.00577	0.00174	0.00749	0.02576	0.00311	0.00813
23	0.01371	0.01316	0.02248	0.03399	0.77081	0.01316	0.01700	0.01700	0.01261	0.01809	0.01042	0.01371	0.00877	0.00493	0.00548	0.00164	0.00658	0.00493	0.00274	0.00877
24	0.00706	0.00503	0.00646	0.00747	0.00787	0.00475	0.00501	0.00798	0.01041	0.01377	0.02967	0.60187	0.07098	0.14300	0.01045	0.00274	0.00364	0.05262	0.00485	0.00436
25	0.01273	0.01453	0.04693	0.08475	0.02871	0.01369	0.64018	0.01723	0.01274	0.01742	0.01115	0.01493	0.00841	0.00491	0.00662	0.00186	0.02647	0.00628	0.02318	0.00729
26	0.00896	0.00700	0.00716	0.00706	0.00741	0.06281	0.00441	0.00935	0.00874	0.01125	0.01642	0.03223	0.01827	0.63665	0.13513	0.00559	0.00707	0.00742	0.00326	0.00381
27	0.00804	0.00544	0.00638	0.00638	0.00650	0.00555	0.00378	0.00827	0.00816	0.01099	0.01714	0.03451	0.01938	0.71422	0.11831	0.00579	0.00650	0.00780	0.00331	0.00355
28	0.02132	0.01425	0.01574	0.01216	0.01649	0.01541	0.01001	0.58626	0.06401	0.16376	0.01529	0.01467	0.01057	0.00673	0.00555	0.00168	0.00576	0.00516	0.00578	0.00938
29	0.02485	0.00943	0.01285	0.00985	0.01414	0.00814	0.00814	0.02699	0.01585	0.77465	0.02185	0.01885	0.01371	0.00685	0.00557	0.00171	0.00471	0.00557	0.00685	0.00943
30	0.01046	0.00984	0.01661	0.79205	0.03814	0.01230	0.01538	0.01415	0.01107	0.01415	0.00984	0.01477	0.00738	0.00554	0.00554	0.00185	0.00738	0.00492	0.00246	0.00615
31	0.01307	0.01494	0.03268	0.02334	0.02894	0.01401	0.75070	0.01774	0.01307	0.01774	0.01120	0.01494	0.00840	0.00467	0.00654	0.00187	0.00934	0.00654	0.00280	0.00747
32	0.00678	0.00562	0.00593	0.00585	0.00762	0.00477	0.00439	0.00840	0.01317	0.01626	0.18407	0.05115	0.63979	0.01354	0.00654	0.00185	0.00277	0.01139	0.00531	0.00477
33	0.11581	0.00982	0.01249	0.00969	0.01388	0.00900	0.00800	0.05639	0.01557	0.66010	0.01992	0.01752	0.01267	0.00666	0.00533	0.00171	0.00472	0.00526	0.00642	0.00904
34	0.01032	0.00516	0.00516	0.00516	0.00645	0.00516	0.00387	0.01290	0.01161	0.02065	0.01807	0.02065	0.01420	0.00645	0.00387	0.00129	0.00258	0.00516	0.83611	0.00516
35	0.01046	0.00984	0.01661	0.79205	0.03814	0.01230	0.01538	0.01415	0.01107	0.01415	0.00984	0.01477	0.00738	0.00554	0.00554	0.00185	0.00738	0.00492	0.00246	0.00615
36	0.00699	0.00504	0.00662	0.00746	0.00807	0.00467	0.00512	0.00834	0.01184	0.01601	0.19935	0.59847	0.06977	0.01584	0.00693	0.00212	0.00306	0.01428	0.00536	0.00467
37	0.00673	0.00490	0.00634	0.00749	0.00798	0.00452	0.00504	0.00774	0.01081	0.01422	0.03318	0.72398	0.11268	0.01701	0.00701	0.00221	0.00317	0.01532	0.00514	0.00452
38	0.84448	0.01071	0.00814	0.00728	0.01071	0.01242	0.00600	0.01628	0.00943	0.02485	0.00771	0.00900	0.00600	0.00514	0.00343	0.00171	0.00428	0.00300	0.00343	0.00600
39	0.02072	0.01580	0.01624	0.01261	0.01686	0.05771	0.01034	0.69204	0.02507	0.03335	0.01318	0.01333	0.00943	0.00659	0.00546	0.00164	0.00620	0.00492	0.02936	0.00914
40	0.01085	0.01033	0.01772	0.69472	0.10591	0.01244	0.04124	0.01454	0.01129	0.01464	0.00994	0.01467	0.00755	0.00545	0.00557	0.00183	0.00738	0.00498	0.00250	0.00644
41	0.78393	0.05166	0.00937	0.00755	0.01103	0.03006	0.00628	0.01643	0.00966	0.02400	0.00773	0.00901	0.00608	0.00513	0.00347	0.00168	0.00449	0.00301	0.00336	0.00606
42	0.00814	0.00626	0.00933	0.00920	0.01014	0.00746	0.00720	0.01007	0.00888	0.01288	0.01443	0.02124	0.01349	0.03984	0.74257	0.00855	0.05649	0.00588	0.00294	0.00500
43	0.00675	0.00482	0.00643	0.00771	0.00803	0.00450	0.00514	0.00771	0.01060	0.01414	0.03053	0.80175	0.03663	0.01735	0.00707	0.00225	0.00321	0.01574	0.00514	0.00450
44	0.01032	0.00516	0.00516	0.00516	0.00645	0.00516	0.00387	0.01290	0.01161	0.02065	0.01807	0.02065	0.01420	0.00645	0.00387	0.00129	0.00258	0.00516	0.83611	0.00516
45	0.05752	0.07293	0.03027	0.02093	0.02621	0.01442	0.62321	0.01739	0.01260	0.01768	0.01064	0.01404	0.00815	0.00480	0.00636	0.00180	0.02633	0.00597	0.00281	0.02592
46	0.01362	0.01297	0.02158	0.05368	0.69453	0.01318	0.01635	0.01783	0.06761	0.01836	0.01129	0.01425	0.00933	0.00514	0.00550	0.00167	0.00644	0.00503	0.00295	0.00870
47	0.01032	0.00516	0.00516	0.00516	0.00645	0.00516	0.00387	0.01290	0.01161	0.02065	0.01807	0.02065	0.01420	0.00645	0.00387	0.00129	0.00258	0.00516	0.83611	0.00516
48	0.00962	0.00481	0.00722	0.00722	0.00722	0.00481	0.00481	0.00722	0.00722	0.00962	0.00962	0.01684	0.00962	0.01924	0.02165	0.83886	0.00481	0.00481	0.00241	0.00241
49	0.00673	0.00487	0.00637	0.00757	0.00800	0.00451	0.00508	0.00773	0.01074	0.01419	0.03220	0.75265	0.08465	0.01713	0.00703	0.00222	0.00319	0.01548	0.00514	0.00451
50	0.01641	0.00971	0.01195	0.00882	0.01344	0.00780	0.00715	0.03283	0.01333	0.28825	0.01435	0.01432	0.01031	0.00518	0.00465	0.00116	0.00433	0.00417	0.02068	0.51117
51	0.01149	0.01002	0.06748	0.01251	0.07567	0.00912	0.00989	0.12816	0.05272	0.03474	0.02359	0.19636	0.02448	0.01221	0.00670	0.00216	0.00517	0.30623	0.00484	0.00645

[dist]
# distance from previous block
# <min> <max>
0	1

[block]
# block no. 2 follows, 43 sequences, length 67
# corresponding to MSA columns:
# 240-263,271-313
name=unknown_C
#
# <colnr> <probs for GDERKNQSTAVLIFYWHMCP>
#	G	D	E	R	K	N	Q	S	T	A	V	L	I	F	Y	W	H	M	C	P
0	0.04296	0.02564	0.65081	0.07046	0.02394	0.01273	0.01889	0.01786	0.03724	0.03419	0.01054	0.01227	0.00749	0.00539	0.00523	0.00176	0.00778	0.00422	0.00260	0.00800
1	0.01481	0.80869	0.02902	0.00948	0.01421	0.02191	0.00948	0.01658	0.01125	0.01303	0.00770	0.00888	0.00711	0.00474	0.00355	0.00118	0.00592	0.00296	0.00237	0.00711
2	0.01032	0.00516	0.00516	0.00516	0.00645	0.00516	0.00387	0.01290	0.01161	0.02065	0.01807	0.02065	0.01420	0.00645	0.00387	0.00129	0.00258	0.00516	0.83611	0.00516
3	0.00892	0.00637	0.00892	0.01020	0.01147	0.00637	0.00892	0.01147	0.01275	0.01657	0.02932	0.06247	0.03187	0.01530	0.00765	0.00255	0.00510	0.73354	0.00510	0.00510
4	0.01032	0.00516	0.00516	0.00516	0.00645	0.00516	0.00387	0.01290	0.01161	0.02065	0.01807	0.02065	0.01420	0.00645	0.00387	0.00129	0.00258	0.00516	0.83611	0.00516
5	0.02015	0.07081	0.01656	0.01196	0.01617	0.01595	0.00992	0.57761	0.03920	0.10517	0.01475	0.05076	0.01112	0.00705	0.00548	0.00167	0.00577	0.00543	0.00543	0.00901
6	0.01375	0.01480	0.05742	0.14535	0.34907	0.13456	0.01411	0.03648	0.06618	0.01707	0.01260	0.01538	0.03163	0.00814	0.05800	0.00216	0.00761	0.00504	0.00306	0.00759
7	0.00728	0.00539	0.00666	0.00684	0.00788	0.00492	0.00486	0.00899	0.01306	0.01761	0.35894	0.26034	0.19161	0.07014	0.00823	0.00217	0.00302	0.01185	0.00543	0.00477
8	0.04252	0.06654	0.01367	0.04393	0.19048	0.03304	0.00926	0.01585	0.11801	0.04522	0.17347	0.04421	0.14889	0.02373	0.00614	0.00179	0.00466	0.00736	0.00444	0.00679
9	0.01362	0.01173	0.01413	0.01284	0.10468	0.03692	0.02401	0.13226	0.05869	0.02088	0.03473	0.01390	0.01049	0.00544	0.00537	0.00128	0.04065	0.00435	0.03527	0.41878
10	0.07074	0.00678	0.00703	0.03594	0.00910	0.00719	0.00519	0.08677	0.01281	0.02194	0.01647	0.01889	0.01287	0.00715	0.02202	0.00155	0.00352	0.00500	0.64335	0.00568
11	0.10924	0.01445	0.01392	0.06662	0.01666	0.12916	0.00928	0.27541	0.06081	0.04181	0.02708	0.01317	0.00970	0.00586	0.00494	0.00148	0.00594	0.00437	0.00424	0.18586
12	0.00757	0.00514	0.00682	0.00781	0.00841	0.00472	0.00530	0.00863	0.01083	0.04304	0.02958	0.74872	0.03492	0.01656	0.00692	0.00219	0.00330	0.01499	0.00515	0.02939
13	0.03397	0.00520	0.00736	0.00728	0.00744	0.00538	0.00495	0.00794	0.00755	0.01074	0.01013	0.01718	0.00995	0.03830	0.02031	0.72941	0.02534	0.00486	0.04394	0.00277
14	0.01291	0.03192	0.04561	0.10338	0.14061	0.10037	0.04259	0.01542	0.01132	0.01572	0.00971	0.01308	0.00826	0.00729	0.02976	0.00189	0.21419	0.00451	0.04820	0.14326
15	0.54111	0.01065	0.01158	0.25611	0.01996	0.01254	0.02562	0.03440	0.01045	0.02156	0.00861	0.01106	0.00658	0.00529	0.00422	0.00176	0.00542	0.00374	0.00316	0.00617
16	0.00740	0.00580	0.00682	0.00714	0.00870	0.00522	0.00567	0.00930	0.01309	0.01655	0.16446	0.07938	0.42859	0.01404	0.00686	0.00204	0.00340	0.20538	0.00529	0.00487
17	0.01099	0.01007	0.01678	0.60888	0.15877	0.01194	0.01483	0.01454	0.01137	0.01527	0.01053	0.01501	0.00810	0.00550	0.00541	0.00177	0.00691	0.00494	0.06187	0.00652
18	0.00791	0.00534	0.00605	0.00615	0.00623	0.00529	0.00351	0.00803	0.00838	0.01111	0.01957	0.09128	0.04435	0.72488	0.02602	0.00504	0.00514	0.00871	0.00354	0.00348
19	0.00962	0.00481	0.00722	0.00722	0.00722	0.00481	0.00481	0.00722	0.00722	0.00962	0.00962	0.01684	0.00962	0.01924	0.02165	0.83886	0.00481	0.00481	0.00241	0.00241
20	0.00692	0.00498	0.00656	0.00753	0.00806	0.00462	0.00513	0.00817	0.01150	0.01549	0.15256	0.65490	0.06050	0.01626	0.00697	0.00215	0.00310	0.01468	0.00530	0.00462
21	0.00791	0.00593	0.00890	0.00890	0.00989	0.00692	0.00692	0.00989	0.00890	0.01286	0.01483	0.02176	0.01385	0.04154	0.78341	0.00890	0.01483	0.00593	0.00297	0.00494
22	0.00892	0.00637	0.00892	0.01020	0.01147	0.00637	0.00892	0.01147	0.01275	0.01657	0.02932	0.06247	0.03187	0.01530	0.00765	0.00255	0.00510	0.73354	0.00510	0.00510
23	0.01212	0.01212	0.01696	0.01454	0.01454	0.01696	0.01212	0.01333	0.00848	0.01333	0.00727	0.01212	0.00727	0.00969	0.01818	0.00242	0.79523	0.00485	0.00242	0.00606
24	0.01148	0.00984	0.01148	0.00820	0.01312	0.00738	0.00656	0.01395	0.01148	0.01805	0.00984	0.01148	0.00820	0.00410	0.00410	0.00082	0.00410	0.00328	0.00328	0.83922
25	0.01335	0.01279	0.02183	0.11837	0.68926	0.01306	0.01682	0.01668	0.01244	0.01765	0.01035	0.01383	0.00862	0.00500	0.00549	0.00167	0.00667	0.00493	0.00271	0.00848
26	0.01481	0.80869	0.02902	0.00948	0.01421	0.02191	0.00948	0.01658	0.01125	0.01303	0.00770	0.00888	0.00711	0.00474	0.00355	0.00118	0.00592	0.00296	0.00237	0.00711
27	0.00805	0.00537	0.00604	0.00604	0.00604	0.00537	0.00336	0.00805	0.00805	0.01074	0.01745	0.03624	0.02013	0.80536	0.02819	0.00537	0.00537	0.00805	0.00336	0.00336
28	0.00675	0.00482	0.00643	0.00771	0.00803	0.00450	0.00514	0.00771	0.01060	0.01414	0.03053	0.80175	0.03663	0.01735	0.00707	0.00225	0.00321	0.01574	0.00514	0.00450
29	0.01046	0.00984	0.01661	0.79205	0.03814	0.01230	0.01538	0.01415	0.01107	0.01415	0.00984	0.01477	0.00738	0.00554	0.00554	0.00185	0.00738	0.00492	0.00246	0.00615
30	0.01312	0.01481	0.03195	0.02410	0.08177	0.01395	0.69845	0.01769	0.01304	0.01777	0.01115	0.01485	0.00843	0.00469	0.00646	0.00185	0.00914	0.00642	0.00280	0.00756
31	0.02069	0.02640	0.01569	0.01427	0.01712	0.78313	0.01070	0.02212	0.01569	0.01355	0.00856	0.00999	0.00713	0.00571	0.00499	0.00143	0.00999	0.00357	0.00285	0.00642
32	0.02069	0.02640	0.01569	0.01427	0.01712	0.78313	0.01070	0.02212	0.01569	0.01355	0.00856	0.00999	0.00713	0.00571	0.00499	0.00143	0.00999	0.00357	0.00285	0.00642
33	0.01378	0.01190	0.01252	0.01127	0.01440	0.01378	0.00877	0.02943	0.76081	0.02317	0.02254	0.02066	0.01691	0.00751	0.00564	0.00188	0.00438	0.00626	0.00564	0.00877
34	0.84448	0.01071	0.00814	0.00728	0.01071	0.01242	0.00600	0.01628	0.00943	0.02485	0.00771	0.00900	0.00600	0.00514	0.00343	0.00171	0.00428	0.00300	0.00343	0.00600
35	0.01371	0.01316	0.02248	0.03399	0.77081	0.01316	0.01700	0.01700	0.01261	0.01809	0.01042	0.01371	0.00877	0.00493	0.00548	0.00164	0.00658	0.00493	0.00274	0.00877
36	0.00674	0.00486	0.00638	0.00760	0.00800	0.00451	0.00509	0.00772	0.01071	0.01418	0.03186	0.76282	0.07470	0.01718	0.00704	0.00223	0.00319	0.01553	0.00514	0.00451
37	0.00675	0.00482	0.00643	0.00771	0.00803	0.00450	0.00514	0.00771	0.01060	0.01414	0.03053	0.80175	0.03663	0.01735	0.00707	0.00225	0.00321	0.01574	0.00514	0.00450
38	0.00962	0.00481	0.00722	0.00722	0.00722	0.00481	0.00481	0.00722	0.00722	0.00962	0.00962	0.01684	0.00962	0.01924	0.02165	0.83886	0.00481	0.00481	0.00241	0.00241
39	0.01307	0.01494	0.03268	0.02334	0.02894	0.01401	0.75070	0.01774	0.01307	0.01774	0.01120	0.01494	0.00840	0.00467	0.00654	0.00187	0.00934	0.00654	0.00280	0.00747
40	0.00775	0.00591	0.00716	0.00688	0.00837	0.00547	0.00514	0.01062	0.05151	0.02003	0.51525	0.08241	0.22871	0.01212	0.00652	0.00181	0.00278	0.01054	0.00579	0.00523
41	0.00802	0.00535	0.00605	0.00609	0.00610	0.00535	0.00340	0.00804	0.00812	0.01083	0.01781	0.05722	0.02059	0.78377	0.02761	0.00528	0.00531	0.00826	0.00340	0.00339
42	0.84448	0.01071	0.00814	0.00728	0.01071	0.01242	0.00600	0.01628	0.00943	0.02485	0.00771	0.00900	0.00600	0.00514	0.00343	0.00171	0.00428	0.00300	0.00343	0.00600
43	0.00842	0.06334	0.00884	0.00705	0.00898	0.00687	0.00549	0.01148	0.06397	0.01935	0.43326	0.04059	0.26082	0.01125	0.00621	0.00173	0.00306	0.00961	0.00545	0.02425
44	0.01311	0.05730	0.09845	0.03830	0.09464	0.03403	0.49810	0.01738	0.01261	0.01715	0.01055	0.01390	0.00814	0.00500	0.00655	0.00179	0.04156	0.00574	0.00272	0.02300
45	0.02395	0.01087	0.01375	0.01054	0.01486	0.01029	0.00871	0.19951	0.01827	0.59871	0.01982	0.01753	0.01269	0.00681	0.00556	0.00170	0.00504	0.00543	0.00654	0.00942
46	0.02485	0.00943	0.01285	0.00985	0.01414	0.00814	0.00814	0.02699	0.01585	0.77465	0.02185	0.01885	0.01371	0.00685	0.00557	0.00171	0.00471	0.00557	0.00685	0.00943
47	0.01540	0.01277	0.01476	0.06760	0.01733	0.03605	0.05408	0.19107	0.38642	0.04338	0.01756	0.01735	0.01306	0.00671	0.00549	0.00173	0.00538	0.00559	0.03340	0.05487
48	0.00675	0.00482	0.00643	0.00771	0.00803	0.00450	0.00514	0.00771	0.01060	0.01414	0.03053	0.80175	0.03663	0.01735	0.00707	0.00225	0.00321	0.01574	0.00514	0.00450
49	0.01098	0.00603	0.00612	0.00588	0.00742	0.00623	0.00447	0.04207	0.06551	0.02137	0.01820	0.02037	0.01421	0.00654	0.00406	0.00135	0.00284	0.00523	0.74553	0.00558
50	0.00685	0.00502	0.00644	0.00736	0.00799	0.00461	0.00503	0.00806	0.01145	0.01518	0.11973	0.61750	0.13196	0.01622	0.00694	0.00214	0.00309	0.01456	0.00525	0.00461
51	0.00801	0.00554	0.00693	0.00693	0.00724	0.00585	0.00447	0.00863	0.00832	0.01140	0.01664	0.03174	0.01818	0.56768	0.26319	0.00647	0.00831	0.00739	0.00323	0.00385
52	0.84448	0.01071	0.00814	0.00728	0.01071	0.01242	0.00600	0.01628	0.00943	0.02485	0.00771	0.00900	0.00600	0.00514	0.00343	0.00171	0.00428	0.00300	0.00343	0.00600
53	0.00666	0.00559	0.00578	0.00578	0.00756	0.00472	0.00432	0.00815	0.01283	0.01554	0.11479	0.07109	0.69049	0.01388	0.00656	0.00187	0.00280	0.01165	0.00522	0.00472
54	0.01804	0.01111	0.01587	0.05869	0.01744	0.01105	0.10740	0.12806	0.06354	0.31294	0.05113	0.01878	0.04172	0.00694	0.00641	0.00173	0.05186	0.00584	0.00518	0.06625
55	0.01137	0.08419	0.72343	0.01534	0.02328	0.01351	0.01968	0.01747	0.01166	0.01722	0.00978	0.01149	0.00702	0.00522	0.00514	0.00171	0.00802	0.00401	0.00234	0.00811
56	0.01278	0.18609	0.02090	0.01417	0.01567	0.01780	0.07288	0.01440	0.00947	0.01363	0.00769	0.01165	0.00733	0.00820	0.01402	0.00211	0.55781	0.00458	0.00244	0.00640
57	0.01111	0.02865	0.77667	0.01579	0.02397	0.01286	0.02046	0.01754	0.01169	0.01754	0.00994	0.01169	0.00702	0.00526	0.00526	0.00175	0.00818	0.00409	0.00234	0.00818
58	0.01222	0.20051	0.58845	0.01435	0.02161	0.03857	0.01774	0.01747	0.01172	0.01642	0.00940	0.01102	0.00704	0.00516	0.00488	0.00162	0.00774	0.00383	0.00236	0.00789
59	0.00757	0.00606	0.00673	0.00679	0.00855	0.00543	0.00531	0.03421	0.01340	0.01669	0.12930	0.06954	0.52815	0.01375	0.00670	0.00197	0.00327	0.12637	0.00526	0.00496
60	0.00892	0.00637	0.00892	0.01020	0.01147	0.00637	0.00892	0.01147	0.01275	0.01657	0.02932	0.06247	0.03187	0.01530	0.00765	0.00255	0.00510	0.73354	0.00510	0.00510
61	0.00962	0.00481	0.00722	0.00722	0.00722	0.00481	0.00481	0.00722	0.00722	0.00962	0.00962	0.01684	0.00962	0.01924	0.02165	0.83886	0.00481	0.00481	0.00241	0.00241
62	0.01807	0.32777	0.02116	0.01277	0.03537	0.36993	0.01040	0.09646	0.01482	0.01571	0.00874	0.01005	0.00741	0.00550	0.00481	0.00139	0.02610	0.00355	0.00294	0.00705
63	0.02115	0.01387	0.16677	0.01134	0.01635	0.01007	0.01083	0.07672	0.06066	0.52450	0.01889	0.01713	0.01225	0.00656	0.00551	0.00173	0.00549	0.00527	0.00578	0.00914
64	0.00776	0.00524	0.00613	0.00642	0.00649	0.00517	0.00376	0.00798	0.00863	0.01151	0.02042	0.21007	0.02388	0.62643	0.02339	0.00466	0.00488	0.00980	0.00376	0.00362
65	0.01361	0.01438	0.07021	0.09113	0.41510	0.05451	0.12396	0.03399	0.01296	0.03303	0.01180	0.01681	0.00996	0.00584	0.00599	0.00176	0.02259	0.05142	0.00300	0.00794
66	0.01047	0.07274	0.06870	0.23594	0.03621	0.03381	0.03364	0.02881	0.01154	0.01531	0.06976	0.21713	0.01856	0.03661	0.00786	0.00204	0.08347	0.00795	0.00351	0.00595

[dist]
# distance from previous block
# <min> <max>
1	39

[block]
# block no. 3 follows, 43 sequences, length 14
# corresponding to MSA columns:
# 353-366
name=unknown_D
#
# <colnr> <probs for GDERKNQSTAVLIFYWHMCP>
#	G	D	E	R	K	N	Q	S	T	A	V	L	I	F	Y	W	H	M	C	P
0	0.84448	0.01071	0.00814	0.00728	0.01071	0.01242	0.00600	0.01628	0.00943	0.02485	0.00771	0.00900	0.00600	0.00514	0.00343	0.00171	0.00428	0.00300	0.00343	0.00600
1	0.01323	0.01267	0.02162	0.14537	0.66316	0.01303	0.01676	0.01658	0.01238	0.01751	0.01033	0.01386	0.00857	0.00502	0.00549	0.00167	0.00670	0.00493	0.00270	0.00839
2	0.22123	0.17934	0.03294	0.02899	0.04838	0.13209	0.00914	0.14980	0.01427	0.04510	0.01044	0.01221	0.00839	0.03269	0.00519	0.00165	0.00603	0.00397	0.05109	0.00706
3	0.01364	0.01390	0.02007	0.05651	0.44068	0.11540	0.08213	0.01660	0.01283	0.01686	0.01291	0.04546	0.01193	0.00675	0.00617	0.00179	0.02946	0.08622	0.00309	0.00760
4	0.00771	0.00566	0.00722	0.00683	0.00819	0.00517	0.00512	0.01020	0.01537	0.02147	0.69543	0.04258	0.12518	0.01160	0.00653	0.00175	0.00263	0.01019	0.00600	0.00517
5	0.01175	0.00720	0.00967	0.08509	0.01196	0.00774	0.00680	0.13914	0.01116	0.01515	0.01078	0.01623	0.00963	0.01494	0.01620	0.56076	0.00516	0.00487	0.05161	0.00417
6	0.00957	0.00522	0.00551	0.00553	0.00649	0.00519	0.00386	0.01151	0.01095	0.01823	0.05145	0.05268	0.01802	0.18878	0.00963	0.00227	0.00324	0.00641	0.58073	0.00473
7	0.00677	0.00493	0.00639	0.00747	0.00799	0.00455	0.00505	0.00785	0.01102	0.01456	0.06379	0.69534	0.11037	0.01677	0.00699	0.00219	0.00315	0.01510	0.00518	0.00455
8	0.00791	0.00593	0.00890	0.00890	0.00989	0.00692	0.00692	0.00989	0.00890	0.01286	0.01483	0.02176	0.01385	0.04154	0.78341	0.00890	0.01483	0.00593	0.00297	0.00494
9	0.01148	0.00984	0.01148	0.00820	0.01312	0.00738	0.00656	0.01395	0.01148	0.01805	0.00984	0.01148	0.00820	0.00410	0.00410	0.00082	0.00410	0.00328	0.00328	0.83922
10	0.01950	0.06965	0.01658	0.01402	0.01670	0.66315	0.01077	0.02092	0.01472	0.01350	0.00838	0.01014	0.00715	0.00605	0.00623	0.00151	0.08817	0.00366	0.00278	0.00642
11	0.01317	0.01307	0.02296	0.02695	0.45434	0.01295	0.17733	0.01650	0.01224	0.01763	0.01027	0.01358	0.00850	0.00516	0.00657	0.00166	0.07054	0.00508	0.00279	0.10870
12	0.01920	0.04402	0.01598	0.01313	0.01650	0.43701	0.01029	0.21373	0.01747	0.01962	0.00984	0.01110	0.00785	0.00599	0.00576	0.00148	0.05310	0.00397	0.00357	0.09037
13	0.03630	0.01265	0.08875	0.01072	0.01480	0.03524	0.00939	0.14092	0.10883	0.34273	0.02185	0.06327	0.07382	0.00783	0.00564	0.00176	0.00517	0.00635	0.00561	0.00840

[dist]
# distance from previous block
# <min> <max>
0	3

[block]
# block no. 4 follows, 43 sequences, length 15
# corresponding to MSA columns:
# 370-384
name=unknown_E
#
# <colnr> <probs for GDERKNQSTAVLIFYWHMCP>
#	G	D	E	R	K	N	Q	S	T	A	V	L	I	F	Y	W	H	M	C	P
0	0.01259	0.01291	0.06702	0.02258	0.39174	0.06041	0.04813	0.02843	0.02432	0.01769	0.03974	0.06005	0.01449	0.05155	0.00695	0.00195	0.00623	0.06678	0.05908	0.00734
1	0.02024	0.01533	0.01754	0.01340	0.01786	0.01683	0.06001	0.67525	0.05355	0.03330	0.01351	0.01369	0.00964	0.00655	0.00561	0.00168	0.00625	0.00514	0.00536	0.00926
2	0.00938	0.00662	0.00797	0.00735	0.00894	0.03179	0.00556	0.01186	0.01554	0.07324	0.65708	0.03933	0.08212	0.01095	0.00641	0.00174	0.00302	0.00957	0.00599	0.00553
3	0.01284	0.01629	0.15372	0.04454	0.26049	0.03486	0.26053	0.01692	0.01235	0.01736	0.01046	0.01365	0.00827	0.00579	0.02155	0.00185	0.03710	0.00519	0.00272	0.06352
4	0.01542	0.72747	0.02764	0.00997	0.01452	0.10095	0.00960	0.01716	0.01171	0.01308	0.00779	0.00900	0.00711	0.00484	0.00370	0.00121	0.00634	0.00302	0.00242	0.00704
5	0.01368	0.00857	0.01015	0.00893	0.01150	0.00853	0.00700	0.13718	0.08993	0.17375	0.12639	0.13708	0.17019	0.01198	0.03831	0.00215	0.00448	0.02767	0.00564	0.00690
6	0.04838	0.00701	0.02521	0.00990	0.08589	0.00667	0.00624	0.01014	0.01021	0.01445	0.09308	0.11862	0.02426	0.41794	0.01752	0.00373	0.00497	0.08725	0.00393	0.00464
7	0.20395	0.05211	0.01063	0.00840	0.01105	0.03014	0.00651	0.12701	0.01331	0.13571	0.01936	0.07501	0.09097	0.18106	0.01006	0.00252	0.00487	0.00655	0.00448	0.00631
8	0.09094	0.14452	0.07570	0.04027	0.03068	0.04932	0.11476	0.08067	0.02988	0.01837	0.01037	0.01277	0.00844	0.00748	0.04484	0.00195	0.09268	0.00443	0.03965	0.10228
9	0.16237	0.10432	0.18381	0.01194	0.01651	0.08091	0.04960	0.12767	0.03120	0.04690	0.01269	0.09744	0.01101	0.00678	0.00501	0.00167	0.00626	0.00533	0.00366	0.03493
10	0.01473	0.06544	0.06264	0.01102	0.01464	0.01203	0.03501	0.26001	0.06519	0.06502	0.04360	0.12145	0.01676	0.04679	0.00675	0.00189	0.00534	0.05554	0.00471	0.09144
11	0.04211	0.01092	0.01142	0.00973	0.01227	0.04723	0.00738	0.28322	0.06178	0.05058	0.05706	0.12370	0.01808	0.19260	0.01088	0.00257	0.00525	0.00727	0.00478	0.04116
12	0.02912	0.01189	0.08426	0.03915	0.03652	0.03844	0.03535	0.06299	0.12878	0.21963	0.06933	0.11912	0.01848	0.03487	0.00655	0.00193	0.00526	0.02766	0.00504	0.02563
13	0.07308	0.26723	0.01935	0.03581	0.04231	0.14980	0.01007	0.17007	0.04116	0.01910	0.01067	0.04065	0.00918	0.00709	0.02255	0.00172	0.06504	0.00441	0.00344	0.00726
14	0.01238	0.05353	0.09898	0.08606	0.01578	0.00978	0.01913	0.07618	0.03982	0.09267	0.09033	0.14735	0.01923	0.02928	0.00642	0.00181	0.01904	0.03513	0.03303	0.11406

[dist]
# distance from previous block
# <min> <max>
5	19

[block]
# block no. 5 follows, 43 sequences, length 25
# corresponding to MSA columns:
# 404-412,420-435
name=unknown_F
#
# <colnr> <probs for GDERKNQSTAVLIFYWHMCP>
#	G	D	E	R	K	N	Q	S	T	A	V	L	I	F	Y	W	H	M	C	P
0	0.23728	0.05605	0.18956	0.06616	0.10967	0.01326	0.09674	0.04819	0.01199	0.01998	0.05481	0.01350	0.00996	0.00575	0.00559	0.00175	0.04486	0.00460	0.00311	0.00717
1	0.08999	0.38105	0.15079	0.01109	0.01588	0.03371	0.03039	0.03468	0.02713	0.10283	0.01056	0.01172	0.00835	0.00708	0.04112	0.00183	0.02735	0.00387	0.00316	0.00741
2	0.06954	0.03939	0.19621	0.09366	0.20093	0.05282	0.03404	0.03506	0.05656	0.01755	0.01017	0.01286	0.00814	0.00612	0.00744	0.00182	0.14270	0.00459	0.00285	0.00754
3	0.01276	0.01078	0.01253	0.04971	0.01499	0.01076	0.02752	0.10800	0.26191	0.02134	0.03800	0.02033	0.09582	0.00690	0.00525	0.00149	0.00456	0.00573	0.00455	0.28706
4	0.00741	0.00557	0.00765	0.00827	0.00888	0.00541	0.02746	0.00858	0.01075	0.01432	0.04841	0.56543	0.07053	0.09470	0.00949	0.00254	0.02770	0.06746	0.00483	0.00459
5	0.01838	0.02256	0.01604	0.01434	0.01643	0.57709	0.01108	0.01975	0.01375	0.01349	0.00821	0.01056	0.00717	0.00678	0.00854	0.00169	0.22115	0.00391	0.00274	0.00632
6	0.00788	0.00532	0.00607	0.00620	0.00628	0.00526	0.00356	0.00802	0.00844	0.01120	0.01987	0.11347	0.04334	0.70358	0.02545	0.00496	0.00508	0.00893	0.00359	0.00351
7	0.00712	0.00563	0.00640	0.00621	0.00783	0.00492	0.00466	0.00905	0.01397	0.01816	0.37066	0.04803	0.45202	0.01283	0.00654	0.00181	0.00272	0.01095	0.00556	0.00492
8	0.00675	0.00482	0.00643	0.00771	0.00803	0.00450	0.00514	0.00771	0.01060	0.01414	0.03053	0.80175	0.03663	0.01735	0.00707	0.00225	0.00321	0.01574	0.00514	0.00450
9	0.00660	0.00541	0.00582	0.00615	0.00762	0.00463	0.00445	0.00789	0.01211	0.01475	0.04955	0.24515	0.58095	0.01488	0.00668	0.00197	0.00291	0.01273	0.00514	0.00463
10	0.01481	0.80869	0.02902	0.00948	0.01421	0.02191	0.00948	0.01658	0.01125	0.01303	0.00770	0.00888	0.00711	0.00474	0.00355	0.00118	0.00592	0.00296	0.00237	0.00711
11	0.84448	0.01071	0.00814	0.00728	0.01071	0.01242	0.00600	0.01628	0.00943	0.02485	0.00771	0.00900	0.00600	0.00514	0.00343	0.00171	0.00428	0.00300	0.00343	0.00600
12	0.01378	0.01190	0.01252	0.01127	0.01440	0.01378	0.00877	0.02943	0.76081	0.02317	0.02254	0.02066	0.01691	0.00751	0.00564	0.00188	0.00438	0.00626	0.00564	0.00877
13	0.00962	0.00481	0.00722	0.00722	0.00722	0.00481	0.00481	0.00722	0.00722	0.00962	0.00962	0.01684	0.00962	0.01924	0.02165	0.83886	0.00481	0.00481	0.00241	0.00241
14	0.02095	0.01854	0.01636	0.01317	0.01716	0.23043	0.01058	0.54904	0.02316	0.02896	0.01198	0.01238	0.00878	0.00639	0.00539	0.00160	0.00718	0.00459	0.00479	0.00858
15	0.02069	0.02640	0.01569	0.01427	0.01712	0.78313	0.01070	0.02212	0.01569	0.01355	0.00856	0.00999	0.00713	0.00571	0.00499	0.00143	0.00999	0.00357	0.00285	0.00642
16	0.02105	0.01551	0.01662	0.01274	0.01717	0.01717	0.01053	0.75235	0.02604	0.03490	0.01330	0.01330	0.00942	0.00665	0.00554	0.00166	0.00609	0.00499	0.00554	0.00942
17	0.16540	0.01014	0.01230	0.01061	0.05175	0.02726	0.00813	0.04457	0.01485	0.51142	0.07268	0.01815	0.01465	0.00675	0.00525	0.00170	0.00474	0.00535	0.00586	0.00842
18	0.02467	0.00971	0.01303	0.00999	0.01428	0.00856	0.00825	0.06107	0.01633	0.73989	0.02145	0.01859	0.01351	0.00685	0.00557	0.00171	0.00478	0.00554	0.00679	0.00942
19	0.00843	0.00609	0.00831	0.00949	0.01067	0.00597	0.00802	0.01066	0.01242	0.01609	0.03146	0.17190	0.08633	0.01551	0.00748	0.00246	0.00465	0.57397	0.00511	0.00498
20	0.00793	0.00564	0.00697	0.00704	0.00738	0.00590	0.00459	0.00855	0.00875	0.01183	0.01998	0.11561	0.05828	0.49842	0.18148	0.00550	0.03014	0.00853	0.00353	0.00396
21	0.01394	0.01223	0.01746	0.45860	0.14064	0.03381	0.01425	0.20512	0.01528	0.02007	0.01079	0.01411	0.00811	0.00574	0.00552	0.00176	0.00700	0.00490	0.00331	0.00739
22	0.01046	0.00984	0.01661	0.79205	0.03814	0.01230	0.01538	0.01415	0.01107	0.01415	0.00984	0.01477	0.00738	0.00554	0.00554	0.00185	0.00738	0.00492	0.00246	0.00615
23	0.00679	0.00485	0.00646	0.00769	0.00804	0.00452	0.00514	0.00781	0.01078	0.01442	0.05672	0.77473	0.03719	0.01714	0.00705	0.00223	0.00319	0.01554	0.00518	0.00452
24	0.01357	0.01377	0.04570	0.03252	0.68326	0.01322	0.08184	0.01708	0.01262	0.01805	0.01047	0.01376	0.00869	0.00492	0.00557	0.00167	0.00687	0.00505	0.00273	0.00864

[dist]
# distance from previous block
# <min> <max>
0	10

[block]
# block no. 6 follows, 43 sequences, length 8
# corresponding to MSA columns:
# 446-453
name=unknown_G
#
# <colnr> <probs for GDERKNQSTAVLIFYWHMCP>
#	G	D	E	R	K	N	Q	S	T	A	V	L	I	F	Y	W	H	M	C	P
0	0.01145	0.01142	0.02046	0.48424	0.09275	0.01325	0.16769	0.01503	0.01132	0.01512	0.00988	0.01442	0.00769	0.00577	0.00716	0.00190	0.09601	0.00525	0.00255	0.00663
1	0.01891	0.00809	0.01111	0.00922	0.01211	0.00750	0.00729	0.02063	0.04468	0.47972	0.01834	0.01887	0.01298	0.01402	0.10936	0.18299	0.00603	0.00548	0.00534	0.00731
2	0.01453	0.03155	0.07216	0.06955	0.38936	0.05317	0.03017	0.06919	0.09957	0.06102	0.01441	0.01613	0.04255	0.00594	0.00550	0.00169	0.00641	0.00528	0.00355	0.00829
3	0.01339	0.00890	0.01080	0.06307	0.01350	0.00920	0.00771	0.19034	0.06338	0.12485	0.04811	0.31844	0.08222	0.01145	0.00624	0.00194	0.00442	0.00992	0.00535	0.00678
4	0.03031	0.00875	0.08526	0.00924	0.03164	0.00693	0.00770	0.01249	0.05396	0.04539	0.28469	0.13619	0.14945	0.01172	0.00643	0.00193	0.00392	0.10305	0.00516	0.00578
5	0.00962	0.00481	0.00722	0.00722	0.00722	0.00481	0.00481	0.00722	0.00722	0.00962	0.00962	0.01684	0.00962	0.01924	0.02165	0.83886	0.00481	0.00481	0.00241	0.00241
6	0.64922	0.08038	0.08577	0.00969	0.05196	0.01331	0.00828	0.01647	0.00997	0.02278	0.00807	0.00950	0.00634	0.00511	0.00372	0.00167	0.00492	0.00320	0.00320	0.00645
7	0.08938	0.25314	0.41116	0.01363	0.04965	0.01553	0.01508	0.01783	0.05612	0.01726	0.00985	0.01124	0.00761	0.00522	0.00462	0.00159	0.00687	0.00382	0.00266	0.00773

[dist]
# distance from previous block
# <min> <max>
0	1

[block]
# block no. 7 follows, 43 sequences, length 8
# corresponding to MSA columns:
# 455-462
name=unknown_H
#
# <colnr> <probs for GDERKNQSTAVLIFYWHMCP>
