[name]
unknown

[dist]
# distance from previous block
# <min> <max>
5	101

[block]
# block no. 0 follows, 42 sequences, length 83
# corresponding to MSA columns:
# 266-348
name=unknown_A
#
# <colnr> <probs for GDERKNQSTAVLIFYWHMCP>
#	G	D	E	R	K	N	Q	S	T	A	V	L	I	F	Y	W	H	M	C	P
0	0.01793	0.01455	0.01810	0.01489	0.06163	0.04516	0.11086	0.36215	0.12561	0.06299	0.01424	0.01477	0.01046	0.00620	0.00560	0.00165	0.00630	0.00525	0.00481	0.09683
1	0.01300	0.01242	0.02116	0.24703	0.56190	0.01313	0.01681	0.01646	0.01237	0.01726	0.01042	0.01423	0.00852	0.00519	0.00559	0.00173	0.00692	0.00501	0.00271	0.00816
2	0.01063	0.01000	0.01688	0.78870	0.03876	0.01250	0.01563	0.01438	0.01125	0.01438	0.01000	0.01500	0.00750	0.00563	0.00563	0.00188	0.00750	0.00500	0.00250	0.00625
3	0.01206	0.01023	0.01188	0.00852	0.01350	0.00790	0.00683	0.04347	0.01226	0.01902	0.01014	0.01174	0.00838	0.00427	0.00423	0.00087	0.00425	0.00340	0.00343	0.80362
4	0.00995	0.00787	0.00896	0.00883	0.01059	0.00827	0.00681	0.01607	0.24786	0.01801	0.08857	0.04166	0.15674	0.16025	0.01076	0.00273	0.00439	0.18063	0.00511	0.00596
5	0.01049	0.00525	0.00525	0.00525	0.00656	0.00525	0.00393	0.01311	0.01180	0.02098	0.01836	0.02098	0.01442	0.00656	0.00393	0.00131	0.00262	0.00525	0.83346	0.00525
6	0.12587	0.01058	0.01174	0.00908	0.01325	0.03224	0.02189	0.04301	0.01209	0.04323	0.01192	0.07813	0.01064	0.00587	0.00493	0.00123	0.02753	0.00463	0.00367	0.52848
7	0.01857	0.01435	0.01558	0.06383	0.01755	0.04523	0.01034	0.54947	0.02309	0.03083	0.11549	0.01734	0.01523	0.00738	0.00611	0.00173	0.02832	0.00570	0.00530	0.00855
8	0.01049	0.00525	0.00525	0.00525	0.00656	0.00525	0.00393	0.01311	0.01180	0.02098	0.01836	0.02098	0.01442	0.00656	0.00393	0.00131	0.00262	0.00525	0.83346	0.00525
9	0.01921	0.08624	0.01651	0.01179	0.01591	0.01620	0.00979	0.50299	0.12348	0.06110	0.01497	0.01487	0.01091	0.00669	0.00534	0.00165	0.00563	0.00509	0.06265	0.00897
10	0.01380	0.01324	0.02260	0.06460	0.73809	0.01334	0.01721	0.01716	0.01275	0.01823	0.01056	0.01397	0.00886	0.00504	0.00557	0.00168	0.00672	0.00501	0.00277	0.00881
11	0.01167	0.01000	0.01167	0.00834	0.01334	0.00750	0.00667	0.01417	0.01167	0.01834	0.01000	0.01167	0.00834	0.00417	0.00417	0.00083	0.00417	0.00333	0.00333	0.83663
12	0.01650	0.00969	0.01148	0.00987	0.01295	0.00981	0.00775	0.09484	0.22474	0.27203	0.06823	0.13459	0.08362	0.00953	0.00603	0.00188	0.00433	0.00806	0.00604	0.00802
13	0.01231	0.01123	0.01830	0.54640	0.04708	0.01315	0.09043	0.11391	0.01349	0.01767	0.01140	0.04498	0.00906	0.00621	0.00601	0.00187	0.02101	0.00560	0.00307	0.00682
14	0.00840	0.00645	0.00768	0.00812	0.00918	0.00651	0.00569	0.01231	0.15210	0.01661	0.09701	0.45302	0.09532	0.08366	0.00869	0.00241	0.00359	0.01262	0.00525	0.00537
15	0.01049	0.00525	0.00525	0.00525	0.00656	0.00525	0.00393	0.01311	0.01180	0.02098	0.01836	0.02098	0.01442	0.00656	0.00393	0.00131	0.00262	0.00525	0.83346	0.00525
16	0.00684	0.00495	0.00648	0.00770	0.00813	0.00458	0.00516	0.00785	0.01091	0.01442	0.03268	0.75108	0.08362	0.01742	0.00715	0.00226	0.00324	0.01574	0.00522	0.00458
17	0.01049	0.00525	0.00525	0.00525	0.00656	0.00525	0.00393	0.01311	0.01180	0.02098	0.01836	0.02098	0.01442	0.00656	0.00393	0.00131	0.00262	0.00525	0.83346	0.00525
18	0.13082	0.05407	0.01589	0.01423	0.10173	0.08961	0.01031	0.27638	0.18095	0.05012	0.01400	0.01424	0.01049	0.00636	0.00520	0.00170	0.00595	0.00485	0.00465	0.00846
19	0.01083	0.01007	0.01689	0.71716	0.08339	0.01233	0.01537	0.01452	0.01137	0.01483	0.01030	0.01512	0.00780	0.00562	0.00557	0.00185	0.00730	0.00501	0.02828	0.00639
20	0.00715	0.00539	0.00639	0.00705	0.00798	0.00492	0.00496	0.00829	0.01133	0.01439	0.03834	0.36524	0.29393	0.12528	0.01003	0.00261	0.00358	0.07364	0.00497	0.00453
21	0.01215	0.01208	0.02033	0.32464	0.22637	0.03522	0.13024	0.01550	0.01190	0.01601	0.01140	0.06144	0.00983	0.00635	0.00680	0.00186	0.06701	0.00585	0.00282	0.02222
22	0.04325	0.02836	0.01355	0.05361	0.01577	0.05767	0.00917	0.23946	0.30714	0.02505	0.03636	0.02054	0.07961	0.00765	0.00557	0.00177	0.00525	0.00609	0.03602	0.00812
23	0.01166	0.01018	0.01269	0.05457	0.01536	0.00802	0.03190	0.01431	0.01170	0.01810	0.01005	0.01198	0.00829	0.00427	0.00434	0.00093	0.00454	0.00354	0.00327	0.76029
24	0.16620	0.00993	0.00947	0.00804	0.01108	0.06384	0.00629	0.04733	0.01245	0.02015	0.04665	0.06316	0.07962	0.00713	0.00491	0.00143	0.02008	0.00554	0.16369	0.25303
25	0.00708	0.00513	0.00644	0.00729	0.00784	0.00476	0.00487	0.00809	0.01102	0.01454	0.07992	0.55371	0.12856	0.12114	0.00993	0.00262	0.00346	0.01406	0.00505	0.00449
26	0.01402	0.54508	0.16555	0.01229	0.02931	0.01930	0.05911	0.01690	0.01155	0.01463	0.00856	0.01023	0.00735	0.00510	0.00477	0.00140	0.03844	0.00357	0.00246	0.03036
27	0.01978	0.02434	0.01555	0.01409	0.01693	0.65029	0.01065	0.02320	0.11697	0.01510	0.01060	0.01170	0.00861	0.00618	0.00560	0.00155	0.03471	0.00404	0.00327	0.00684
28	0.01881	0.01494	0.05027	0.01582	0.11122	0.01501	0.05616	0.43694	0.06336	0.08821	0.01388	0.01436	0.01002	0.00626	0.00559	0.00167	0.00621	0.00513	0.00493	0.06122
29	0.00760	0.00574	0.00701	0.00669	0.00818	0.00515	0.00502	0.00990	0.01506	0.02049	0.56507	0.04545	0.25347	0.01228	0.00664	0.00181	0.00271	0.01066	0.00592	0.00515
30	0.23928	0.01280	0.01353	0.03598	0.01538	0.03475	0.00907	0.27168	0.03465	0.18383	0.01330	0.01353	0.00943	0.00647	0.00583	0.00174	0.05592	0.00458	0.00489	0.03335
31	0.00769	0.00567	0.00719	0.00697	0.00828	0.00517	0.00516	0.01002	0.01503	0.02081	0.60093	0.11472	0.14657	0.01245	0.00669	0.00184	0.00274	0.01095	0.00597	0.00517
32	0.01380	0.01192	0.01254	0.01130	0.01445	0.01375	0.00878	0.02932	0.73706	0.02332	0.02382	0.02188	0.03717	0.00781	0.00575	0.00191	0.00441	0.00651	0.00571	0.00880
33	0.00693	0.00571	0.00608	0.00599	0.00777	0.00487	0.00449	0.00861	0.01348	0.01674	0.20474	0.05163	0.61614	0.01368	0.00665	0.00187	0.00281	0.01152	0.00543	0.00487
34	0.00685	0.00493	0.00650	0.00775	0.00814	0.00458	0.00519	0.00785	0.01086	0.01440	0.03205	0.76889	0.06622	0.01750	0.00716	0.00227	0.00325	0.01583	0.00522	0.00458
35	0.01320	0.01502	0.03269	0.04813	0.02971	0.01418	0.72335	0.01791	0.01322	0.01791	0.01134	0.01517	0.00851	0.00477	0.00661	0.00190	0.00942	0.00659	0.00284	0.00755
36	0.01231	0.01231	0.01724	0.01477	0.01477	0.01724	0.01231	0.01354	0.00862	0.01354	0.00739	0.01231	0.00739	0.00985	0.01847	0.00246	0.79192	0.00492	0.00246	0.00616
37	0.01955	0.04498	0.01612	0.01277	0.04117	0.04390	0.01010	0.50334	0.07085	0.09048	0.03383	0.04027	0.03208	0.00731	0.00564	0.00171	0.00586	0.00570	0.00541	0.00892
38	0.00835	0.00650	0.00959	0.06875	0.02654	0.00647	0.04330	0.02945	0.01184	0.01578	0.05639	0.51901	0.03192	0.03074	0.00746	0.00229	0.00432	0.11129	0.00486	0.00515
39	0.01129	0.02911	0.77306	0.01604	0.02436	0.01307	0.02079	0.01782	0.01188	0.01782	0.01010	0.01188	0.00713	0.00535	0.00535	0.00178	0.00832	0.00416	0.00238	0.00832
40	0.01454	0.01137	0.01807	0.26994	0.33197	0.01213	0.01427	0.01887	0.07542	0.13469	0.01346	0.01588	0.01009	0.00578	0.00557	0.00176	0.00635	0.00523	0.02656	0.00806
41	0.04164	0.03754	0.01998	0.02419	0.39160	0.19955	0.03844	0.05675	0.06440	0.01833	0.01083	0.01316	0.00889	0.00570	0.00601	0.00167	0.04540	0.00471	0.00316	0.00806
42	0.01231	0.01231	0.01724	0.01477	0.01477	0.01724	0.01231	0.01354	0.00862	0.01354	0.00739	0.01231	0.00739	0.00985	0.01847	0.00246	0.79192	0.00492	0.00246	0.00616
43	0.01353	0.00994	0.01186	0.00857	0.01348	0.00761	0.00689	0.01599	0.01228	0.12161	0.01168	0.01270	0.00910	0.00455	0.00437	0.00096	0.00425	0.00365	0.00383	0.72315
44	0.00686	0.00490	0.00653	0.00784	0.00816	0.00457	0.00522	0.00784	0.01077	0.01437	0.03102	0.79855	0.03722	0.01763	0.00718	0.00229	0.00326	0.01600	0.00522	0.00457
45	0.02103	0.02645	0.01598	0.01445	0.01740	0.75412	0.01087	0.04676	0.01630	0.01450	0.00886	0.01026	0.00733	0.00583	0.00509	0.00146	0.01002	0.00367	0.00299	0.00663
46	0.02139	0.01576	0.01689	0.01295	0.01745	0.01745	0.01070	0.74835	0.02646	0.03547	0.01351	0.01351	0.00957	0.00676	0.00563	0.00169	0.00619	0.00507	0.00563	0.00957
47	0.01685	0.01076	0.01236	0.01063	0.01400	0.01149	0.00839	0.02743	0.46698	0.24904	0.08909	0.02233	0.01942	0.00778	0.00579	0.00185	0.00439	0.00649	0.00614	0.00879
48	0.01094	0.01032	0.01745	0.71689	0.10811	0.01259	0.01579	0.01465	0.01140	0.01476	0.01006	0.01490	0.00764	0.00557	0.00562	0.00186	0.00742	0.00500	0.00253	0.00651
49	0.00698	0.00571	0.00616	0.00605	0.00780	0.00489	0.00453	0.00871	0.01360	0.01705	0.23415	0.05112	0.58654	0.01356	0.00665	0.00187	0.00280	0.01145	0.00547	0.00489
50	0.02465	0.00943	0.01285	0.00994	0.01416	0.00815	0.00817	0.02679	0.01593	0.74649	0.02249	0.04442	0.01469	0.00731	0.00571	0.00176	0.00474	0.00599	0.00691	0.00942
51	0.01294	0.01204	0.01803	0.32958	0.29695	0.04126	0.01453	0.07168	0.05068	0.01810	0.03254	0.03988	0.02495	0.00628	0.00568	0.00178	0.00671	0.00563	0.00325	0.00751
52	0.00682	0.00505	0.00637	0.00744	0.00806	0.00460	0.00505	0.00788	0.01116	0.01452	0.03589	0.65891	0.17371	0.01700	0.00708	0.00221	0.00319	0.01523	0.00522	0.00460
53	0.84197	0.01088	0.00827	0.00740	0.01088	0.01262	0.00609	0.01654	0.00958	0.02525	0.00784	0.00914	0.00609	0.00522	0.00348	0.00174	0.00435	0.00305	0.00348	0.00609
54	0.00695	0.00494	0.00650	0.00772	0.00802	0.00463	0.00510	0.00786	0.01059	0.01412	0.03008	0.74475	0.03604	0.07305	0.00870	0.00251	0.00342	0.01545	0.00510	0.00449
55	0.01318	0.01273	0.02208	0.15196	0.56254	0.01308	0.07179	0.01686	0.02630	0.01772	0.01131	0.03451	0.00954	0.00546	0.00571	0.00174	0.00690	0.00544	0.00286	0.00828
56	0.02102	0.02682	0.01595	0.01450	0.01740	0.77963	0.01087	0.02247	0.01595	0.01377	0.00870	0.01015	0.00725	0.00580	0.00507	0.00145	0.01015	0.00362	0.00290	0.00652
57	0.00733	0.00531	0.00686	0.00735	0.00817	0.00490	0.00514	0.00898	0.01290	0.01761	0.32612	0.42561	0.08950	0.03789	0.00756	0.00215	0.00306	0.01317	0.00556	0.00484
58	0.07440	0.18356	0.01728	0.01149	0.03008	0.07619	0.00939	0.15302	0.20197	0.16414	0.01546	0.01494	0.01136	0.00638	0.00504	0.00163	0.00565	0.00481	0.00480	0.00841
59	0.00842	0.00588	0.00754	0.00705	0.00853	0.00536	0.00531	0.01094	0.01565	0.04687	0.67364	0.04240	0.11795	0.01161	0.00661	0.00178	0.00274	0.01018	0.00613	0.00540
60	0.01582	0.00920	0.03045	0.00894	0.01204	0.03018	0.00729	0.01943	0.09192	0.32564	0.16047	0.03087	0.18889	0.01051	0.03063	0.00202	0.00452	0.00784	0.00595	0.00741
61	0.01492	0.01298	0.04264	0.03813	0.01653	0.04240	0.06257	0.11348	0.38507	0.06202	0.01853	0.04216	0.01426	0.00748	0.00606	0.02385	0.00540	0.00602	0.03800	0.04749
62	0.00802	0.00573	0.00738	0.00697	0.00831	0.00529	0.00522	0.01063	0.01567	0.02227	0.71282	0.04161	0.07432	0.01140	0.00653	0.00176	0.00266	0.01004	0.03808	0.00529
63	0.04192	0.01214	0.01290	0.01065	0.01372	0.01343	0.00830	0.38142	0.17504	0.02663	0.01644	0.02041	0.01367	0.18285	0.01061	0.00256	0.00546	0.00597	0.03810	0.00779
64	0.01489	0.77428	0.05949	0.00989	0.01484	0.02190	0.01008	0.01689	0.01145	0.01343	0.00792	0.00914	0.00722	0.00484	0.00368	0.00123	0.00611	0.00306	0.00241	0.00727
65	0.00854	0.00590	0.00761	0.00710	0.00858	0.00539	0.00535	0.01110	0.01573	0.05094	0.68770	0.04197	0.09973	0.01152	0.00660	0.00178	0.00275	0.01012	0.00616	0.00544
66	0.01756	0.05297	0.01595	0.01425	0.03965	0.50945	0.01067	0.01904	0.01399	0.01416	0.03233	0.07336	0.01102	0.00753	0.00756	0.00170	0.14434	0.00503	0.00308	0.00638
67	0.01043	0.09058	0.01206	0.00917	0.01019	0.01026	0.02401	0.05379	0.00998	0.01358	0.01476	0.05565	0.01588	0.40539	0.10365	0.00447	0.14097	0.00694	0.00329	0.00496
68	0.05436	0.06107	0.37414	0.14426	0.02520	0.01357	0.13472	0.03011	0.01194	0.01743	0.01078	0.04199	0.00855	0.00595	0.00608	0.00183	0.04277	0.00507	0.00270	0.00747
69	0.02514	0.00975	0.01317	0.01009	0.01445	0.00853	0.00834	0.04736	0.01639	0.75068	0.02196	0.01900	0.01381	0.00696	0.00566	0.00174	0.00483	0.00564	0.00693	0.00958
70	0.01283	0.01557	0.14606	0.21352	0.05591	0.01413	0.23385	0.08064	0.01293	0.01785	0.01039	0.01402	0.00801	0.00622	0.00797	0.01555	0.11902	0.00535	0.00286	0.00731
71	0.00815	0.00544	0.00615	0.00619	0.00620	0.00543	0.00346	0.00817	0.00826	0.01101	0.01811	0.05851	0.02094	0.77989	0.02803	0.00537	0.00539	0.00841	0.00346	0.00344
72	0.01013	0.10707	0.05657	0.00936	0.01138	0.03382	0.03125	0.03578	0.03212	0.01632	0.14816	0.21347	0.07795	0.13681	0.01036	0.00245	0.04783	0.00927	0.00431	0.00560
73	0.00680	0.00556	0.00600	0.00619	0.00777	0.00477	0.00453	0.00825	0.01272	0.01567	0.11170	0.18453	0.57674	0.01462	0.00674	0.00196	0.00291	0.01246	0.00531	0.00477
74	0.01187	0.01099	0.01710	0.55522	0.03215	0.01358	0.03757	0.06176	0.07303	0.01647	0.01100	0.01507	0.00844	0.00636	0.00727	0.00194	0.10533	0.00516	0.00297	0.00671
75	0.00985	0.00750	0.00898	0.00839	0.01044	0.00702	0.00611	0.02820	0.11376	0.03406	0.10316	0.34268	0.02733	0.06837	0.00771	0.00205	0.00382	0.01015	0.00488	0.19555
76	0.00817	0.00616	0.00775	0.00856	0.02376	0.00585	0.00581	0.03883	0.04230	0.01586	0.02963	0.60707	0.07819	0.03629	0.00739	0.00221	0.00358	0.01374	0.00505	0.05381
77	0.09742	0.17307	0.30184	0.05241	0.08555	0.09399	0.03184	0.04476	0.01274	0.01797	0.03343	0.01230	0.00881	0.00550	0.00491	0.00163	0.00725	0.00417	0.00284	0.00758
78	0.06300	0.01196	0.03350	0.03260	0.01540	0.01127	0.02599	0.24138	0.03576	0.09298	0.04174	0.05419	0.01263	0.02249	0.00562	0.00154	0.00512	0.00528	0.00459	0.28295
79	0.25586	0.11041	0.03444	0.01105	0.03176	0.19832	0.00889	0.09317	0.01374	0.08624	0.01097	0.01283	0.00877	0.03729	0.04639	0.00212	0.00691	0.00409	0.01981	0.00695
80	0.07136	0.03550	0.01328	0.02660	0.03005	0.01123	0.04398	0.21206	0.01575	0.11292	0.04126	0.15954	0.01707	0.05433	0.00763	0.00203	0.04731	0.00735	0.08366	0.00709
81	0.06296	0.12072	0.22689	0.01385	0.04234	0.08636	0.07977	0.07866	0.01415	0.14180	0.01411	0.01490	0.03961	0.00603	0.00520	0.00166	0.00686	0.00482	0.03143	0.00789
82	0.08505	0.01142	0.03635	0.02603	0.06087	0.04058	0.00915	0.14649	0.10760	0.08411	0.02020	0.10806	0.05288	0.03646	0.00697	0.00202	0.02818	0.08542	0.02837	0.02381

[dist]
# distance from previous block
# <min> <max>
9	191

[block]
# block no. 1 follows, 42 sequences, length 14
# corresponding to MSA columns:
# 570-583
name=unknown_B
#
# <colnr> <probs for GDERKNQSTAVLIFYWHMCP>
#	G	D	E	R	K	N	Q	S	T	A	V	L	I	F	Y	W	H	M	C	P
0	0.07197	0.06428	0.16530	0.01179	0.04135	0.03618	0.01074	0.14426	0.01477	0.07114	0.07425	0.04190	0.08834	0.05376	0.00741	0.00199	0.03826	0.03599	0.00420	0.02214
1	0.08416	0.15306	0.23404	0.04441	0.03816	0.09458	0.07974	0.01702	0.01219	0.02672	0.03036	0.01357	0.00944	0.03071	0.00562	0.00168	0.00694	0.00439	0.04339	0.06982
2	0.04139	0.19473	0.07860	0.01134	0.04052	0.14010	0.00964	0.01783	0.03138	0.09834	0.04065	0.04527	0.01186	0.00818	0.04933	0.00185	0.00660	0.00471	0.01732	0.15035
3	0.01225	0.08398	0.04798	0.00826	0.01062	0.00884	0.00684	0.08883	0.02874	0.08289	0.13590	0.14532	0.02300	0.06704	0.00707	0.00194	0.00412	0.00770	0.22246	0.00623
4	0.01025	0.09574	0.01099	0.00920	0.04704	0.11679	0.00675	0.01205	0.01362	0.01627	0.16647	0.05740	0.37584	0.01121	0.00609	0.00175	0.00445	0.02786	0.00464	0.00558
5	0.13300	0.03031	0.01498	0.08323	0.02980	0.06566	0.05200	0.19727	0.16697	0.05505	0.01456	0.01649	0.01126	0.02001	0.02849	0.00204	0.01950	0.02087	0.03078	0.00774
6	0.01202	0.04792	0.01004	0.04629	0.01140	0.00787	0.00646	0.01516	0.08656	0.15516	0.17932	0.03472	0.17521	0.15886	0.01033	0.00249	0.00426	0.02466	0.00517	0.00612
7	0.09751	0.01064	0.01123	0.02976	0.01341	0.01173	0.00782	0.10937	0.34585	0.05384	0.04172	0.02029	0.04592	0.00729	0.00520	0.00172	0.00432	0.00585	0.13600	0.04053
8	0.00932	0.00808	0.00962	0.08111	0.06685	0.04464	0.00766	0.03152	0.01344	0.01694	0.13831	0.04340	0.32379	0.05081	0.00764	0.00213	0.00449	0.13000	0.00474	0.00549
9	0.24530	0.04871	0.19964	0.09734	0.08100	0.03197	0.01242	0.05599	0.04916	0.08344	0.01278	0.01404	0.03392	0.00593	0.00490	0.00174	0.00616	0.00449	0.00356	0.00751
10	0.01444	0.05669	0.06133	0.02991	0.58155	0.08154	0.05842	0.01778	0.01300	0.01766	0.01030	0.01331	0.00857	0.00507	0.00548	0.00165	0.00720	0.00484	0.00276	0.00851
11	0.01230	0.00868	0.01154	0.05027	0.04578	0.02600	0.02139	0.05624	0.01231	0.09350	0.06295	0.02087	0.03462	0.01768	0.23092	0.00386	0.10491	0.00592	0.17402	0.00625
12	0.55061	0.01249	0.08518	0.08135	0.03828	0.01241	0.00885	0.01709	0.06753	0.02242	0.01002	0.01245	0.00801	0.04692	0.00541	0.00196	0.00517	0.00392	0.00343	0.00649
13	0.07919	0.00734	0.00869	0.00785	0.00996	0.00718	0.00606	0.03575	0.06506	0.11644	0.40672	0.06188	0.10924	0.01119	0.02544	0.00198	0.00364	0.00880	0.02142	0.00619

[dist]
# distance from previous block
# <min> <max>
16	50

[block]
# block no. 2 follows, 42 sequences, length 18
# corresponding to MSA columns:
# 672-689
name=unknown_C
#
# <colnr> <probs for GDERKNQSTAVLIFYWHMCP>
#	G	D	E	R	K	N	Q	S	T	A	V	L	I	F	Y	W	H	M	C	P
0	0.01371	0.01156	0.11997	0.00986	0.01310	0.02830	0.00881	0.09058	0.03428	0.17742	0.11727	0.11793	0.12161	0.07104	0.00788	0.00215	0.00494	0.03757	0.00515	0.00689
1	0.24862	0.00973	0.01117	0.00921	0.01295	0.00956	0.00757	0.02280	0.05914	0.44067	0.04057	0.02029	0.03232	0.00727	0.00522	0.00180	0.00456	0.04266	0.00577	0.00811
2	0.01167	0.01040	0.04388	0.17867	0.11318	0.01010	0.10119	0.04760	0.03029	0.05718	0.08844	0.07776	0.09321	0.00868	0.00615	0.00189	0.00582	0.06896	0.03820	0.00672
3	0.01524	0.42325	0.15329	0.03804	0.01665	0.01681	0.01133	0.04905	0.01292	0.11774	0.03734	0.01438	0.04222	0.00605	0.00491	0.00150	0.02389	0.00438	0.00340	0.00760
4	0.04064	0.13480	0.03468	0.00964	0.01359	0.01073	0.00832	0.07104	0.01554	0.42044	0.11511	0.03597	0.04985	0.00762	0.00547	0.00168	0.00477	0.00614	0.00574	0.00824
5	0.00766	0.00576	0.00686	0.00721	0.00833	0.00534	0.00510	0.04012	0.01273	0.01662	0.15176	0.38609	0.25397	0.05576	0.00798	0.00223	0.00329	0.01299	0.00530	0.00489
6	0.04339	0.01363	0.07329	0.17373	0.02132	0.01325	0.01165	0.30682	0.01865	0.24527	0.01490	0.01523	0.01013	0.00643	0.00555	0.00175	0.00616	0.00510	0.00506	0.00868
7	0.07876	0.01826	0.06150	0.06983	0.31982	0.25071	0.01393	0.08794	0.01468	0.01881	0.01001	0.01231	0.00806	0.00549	0.00526	0.00163	0.00768	0.00439	0.00310	0.00783
8	0.84197	0.01088	0.00827	0.00740	0.01088	0.01262	0.00609	0.01654	0.00958	0.02525	0.00784	0.00914	0.00609	0.00522	0.00348	0.00174	0.00435	0.00305	0.00348	0.00609
9	0.00809	0.00547	0.00611	0.00611	0.00623	0.00541	0.00346	0.00818	0.00847	0.01117	0.02012	0.03788	0.06576	0.75427	0.02731	0.00524	0.00530	0.00841	0.00352	0.00349
10	0.00976	0.00772	0.00879	0.00839	0.01008	0.03216	0.00637	0.06552	0.09215	0.02107	0.39184	0.15797	0.10085	0.01200	0.00657	0.00191	0.00360	0.05169	0.00571	0.00586
11	0.00796	0.00575	0.00752	0.00708	0.00841	0.00531	0.00531	0.01062	0.01593	0.02257	0.76415	0.04204	0.05310	0.01150	0.00664	0.00177	0.00265	0.01018	0.00619	0.00531
12	0.01422	0.01296	0.02097	0.08507	0.49149	0.01339	0.06711	0.03676	0.13648	0.04563	0.01312	0.01544	0.01034	0.00558	0.00568	0.00174	0.00650	0.00538	0.00347	0.00866
13	0.01373	0.01317	0.02249	0.07962	0.72358	0.01332	0.01717	0.01710	0.01272	0.01815	0.01055	0.01399	0.00883	0.00505	0.00557	0.00168	0.00673	0.00501	0.00277	0.00875
14	0.00852	0.00646	0.00803	0.05452	0.01063	0.00651	0.00612	0.04156	0.06297	0.01618	0.08137	0.38252	0.12090	0.12629	0.00989	0.00259	0.00402	0.04089	0.00492	0.00511
15	0.05211	0.01491	0.04765	0.02079	0.02591	0.01427	0.56914	0.07990	0.01391	0.01971	0.01139	0.01472	0.00861	0.00528	0.00690	0.00188	0.04916	0.00614	0.03008	0.00756
16	0.01198	0.01371	0.10921	0.30007	0.26538	0.04459	0.01528	0.01603	0.03664	0.01656	0.01460	0.01960	0.05502	0.00660	0.00575	0.00183	0.00693	0.04992	0.00303	0.00730
17	0.10481	0.01210	0.01986	0.19600	0.44478	0.01278	0.06024	0.01620	0.01205	0.01807	0.01107	0.04698	0.00947	0.00569	0.00549	0.00176	0.00663	0.00536	0.00291	0.00775

[dist]
# distance from previous block
# <min> <max>
1	15

[block]
# block no. 3 follows, 42 sequences, length 24
# corresponding to MSA columns:
# 707-730
name=unknown_D
#
# <colnr> <probs for GDERKNQSTAVLIFYWHMCP>
#	G	D	E	R	K	N	Q	S	T	A	V	L	I	F	Y	W	H	M	C	P
0	0.01148	0.02171	0.48600	0.04283	0.07606	0.01167	0.06586	0.01665	0.01243	0.04451	0.05428	0.04686	0.03827	0.00690	0.00576	0.00184	0.00730	0.03872	0.00314	0.00772
1	0.01129	0.02911	0.77306	0.01604	0.02436	0.01307	0.02079	0.01782	0.01188	0.01782	0.01010	0.01188	0.00713	0.00535	0.00535	0.00178	0.00832	0.00416	0.00238	0.00832
2	0.00862	0.00586	0.00675	0.00664	0.00689	0.00599	0.00399	0.03568	0.00900	0.01207	0.01777	0.05696	0.02009	0.69630	0.08037	0.00548	0.00610	0.00814	0.00352	0.00379
3	0.01307	0.06087	0.52345	0.04057	0.04526	0.06329	0.01752	0.09600	0.01390	0.01938	0.04729	0.01346	0.00973	0.00580	0.00536	0.00172	0.00775	0.00452	0.00296	0.00809
4	0.00703	0.00547	0.00642	0.00690	0.00813	0.00486	0.00502	0.00852	0.01251	0.01595	0.13701	0.31646	0.37437	0.01517	0.00690	0.00206	0.00310	0.05400	0.00535	0.00478
5	0.01369	0.01591	0.23912	0.01402	0.06967	0.01139	0.03859	0.05481	0.18294	0.11543	0.09454	0.07771	0.01802	0.00783	0.00586	0.00185	0.00580	0.02020	0.00458	0.00804
6	0.00760	0.00574	0.00701	0.00669	0.00818	0.00515	0.00502	0.00991	0.01506	0.02050	0.56587	0.04544	0.25266	0.01228	0.00664	0.00181	0.00271	0.01065	0.00592	0.00515
7	0.01173	0.00980	0.01149	0.02549	0.01355	0.00772	0.00682	0.03652	0.01209	0.01876	0.01119	0.03859	0.00960	0.00484	0.00434	0.00095	0.00420	0.00393	0.04053	0.72788
8	0.01324	0.01063	0.01387	0.05223	0.01614	0.00893	0.06166	0.06473	0.01306	0.07223	0.01163	0.02895	0.00938	0.00494	0.00469	0.00112	0.00490	0.00421	0.00370	0.59975
9	0.72364	0.01121	0.01018	0.01068	0.09618	0.01285	0.00754	0.01653	0.00991	0.02412	0.00813	0.00978	0.00645	0.00534	0.00417	0.00176	0.02842	0.00333	0.00337	0.00641
10	0.02078	0.01546	0.01654	0.01282	0.01722	0.01716	0.01055	0.68838	0.08744	0.03447	0.01430	0.01414	0.01021	0.00683	0.00564	0.00171	0.00605	0.00517	0.00564	0.00952
11	0.01596	0.00750	0.01002	0.00845	0.01116	0.00665	0.00666	0.01828	0.01569	0.37196	0.36420	0.06830	0.05161	0.00975	0.00621	0.00178	0.00369	0.00839	0.00648	0.00726
12	0.00686	0.00490	0.00653	0.00784	0.00816	0.00457	0.00522	0.00784	0.01077	0.01437	0.03102	0.79855	0.03722	0.01763	0.00718	0.00229	0.00326	0.01600	0.00522	0.00457
13	0.00686	0.00490	0.00653	0.00784	0.00816	0.00457	0.00522	0.00784	0.01077	0.01437	0.03102	0.79855	0.03722	0.01763	0.00718	0.00229	0.00326	0.01600	0.00522	0.00457
14	0.00818	0.00548	0.00627	0.00627	0.00632	0.00553	0.00358	0.00827	0.00822	0.01101	0.01761	0.03615	0.02017	0.76739	0.06308	0.00562	0.00590	0.00809	0.00339	0.00348
15	0.01167	0.01000	0.01167	0.00834	0.01334	0.00750	0.00667	0.01417	0.01167	0.01834	0.01000	0.01167	0.00834	0.00417	0.00417	0.00083	0.00417	0.00333	0.00333	0.83663
16	0.01936	0.01384	0.01495	0.01179	0.01573	0.01524	0.00964	0.56911	0.07698	0.05622	0.01505	0.01533	0.01094	0.00799	0.03141	0.00191	0.00594	0.00523	0.09444	0.00891
17	0.03592	0.17744	0.38598	0.01717	0.07782	0.01528	0.14844	0.04682	0.01264	0.01791	0.00999	0.01206	0.00760	0.00516	0.00521	0.00168	0.00776	0.00445	0.00266	0.00800
18	0.03325	0.03853	0.08389	0.14212	0.22322	0.27842	0.01388	0.04824	0.03929	0.01703	0.01035	0.01275	0.00827	0.00560	0.00527	0.00163	0.00792	0.00442	0.01845	0.00747
19	0.02373	0.01202	0.01457	0.01117	0.01558	0.01189	0.00923	0.31184	0.02019	0.48083	0.01877	0.01693	0.01221	0.00688	0.00565	0.00172	0.00534	0.00543	0.00644	0.00957
20	0.00756	0.00595	0.00715	0.00737	0.03320	0.00531	0.00518	0.00955	0.01403	0.01852	0.37905	0.06860	0.36389	0.04077	0.00741	0.00197	0.00299	0.01086	0.00553	0.00509
21	0.27208	0.01502	0.07053	0.01191	0.05135	0.09031	0.00971	0.23828	0.04257	0.03801	0.01187	0.01351	0.00912	0.00612	0.00479	0.00166	0.00582	0.01942	0.05331	0.03459
22	0.00864	0.00627	0.00739	0.00723	0.00893	0.00568	0.00541	0.01106	0.04850	0.05517	0.21315	0.17191	0.30891	0.03940	0.00734	0.00204	0.00330	0.04819	0.00543	0.03603
23	0.03581	0.27982	0.26079	0.01340	0.04390	0.08500	0.01350	0.10217	0.05724	0.04356	0.01072	0.01175	0.00830	0.00555	0.00478	0.00155	0.00699	0.00402	0.00319	0.00798

[dist]
# distance from previous block
# <min> <max>
2	6

[block]
# block no. 4 follows, 42 sequences, length 30
# corresponding to MSA columns:
# 738,739,760-787
name=unknown_E
#
# <colnr> <probs for GDERKNQSTAVLIFYWHMCP>
#	G	D	E	R	K	N	Q	S	T	A	V	L	I	F	Y	W	H	M	C	P
0	0.14275	0.43963	0.12004	0.01102	0.01564	0.13605	0.01080	0.01770	0.01182	0.01577	0.00824	0.00968	0.00705	0.00525	0.00447	0.00144	0.02964	0.00331	0.00265	0.00705
1	0.00825	0.00554	0.00634	0.00647	0.00679	0.00555	0.00401	0.00882	0.00929	0.01291	0.02214	0.14596	0.07254	0.52537	0.02099	0.00421	0.02410	0.00915	0.09761	0.00394
2	0.05307	0.06276	0.42193	0.01790	0.11036	0.01354	0.11748	0.05097	0.01262	0.01871	0.01043	0.01271	0.00787	0.00647	0.03168	0.00197	0.00797	0.00457	0.00275	0.03426
3	0.00779	0.00568	0.00733	0.00705	0.00834	0.00522	0.00524	0.01024	0.01533	0.02145	0.66157	0.10312	0.09624	0.01216	0.00668	0.00182	0.00272	0.01075	0.00606	0.00522
4	0.01348	0.01384	0.04256	0.16021	0.53009	0.03934	0.08436	0.01704	0.01267	0.01750	0.01048	0.01404	0.00854	0.00513	0.00566	0.00172	0.00724	0.00509	0.00274	0.00824
5	0.04412	0.02154	0.01613	0.01436	0.01633	0.50449	0.01120	0.01935	0.01333	0.01406	0.00824	0.01083	0.00726	0.00711	0.00943	0.00179	0.26723	0.00403	0.00277	0.00639
6	0.00686	0.00490	0.00653	0.00784	0.00816	0.00457	0.00522	0.00784	0.01077	0.01437	0.03102	0.79855	0.03722	0.01763	0.00718	0.00229	0.00326	0.01600	0.00522	0.00457
7	0.00674	0.00562	0.00588	0.00599	0.00770	0.00476	0.00443	0.00818	0.01278	0.01549	0.09040	0.12954	0.65427	0.01446	0.00670	0.00193	0.00288	0.01221	0.00528	0.00476
8	0.00796	0.00575	0.00752	0.00708	0.00841	0.00531	0.00531	0.01062	0.01593	0.02257	0.76415	0.04204	0.05310	0.01150	0.00664	0.00177	0.00265	0.01018	0.00619	0.00531
9	0.00686	0.00490	0.00653	0.00784	0.00816	0.00457	0.00522	0.00784	0.01077	0.01437	0.03102	0.79855	0.03722	0.01763	0.00718	0.00229	0.00326	0.01600	0.00522	0.00457
10	0.01505	0.80561	0.02949	0.00963	0.01444	0.02227	0.00963	0.01685	0.01143	0.01324	0.00782	0.00903	0.00722	0.00481	0.00361	0.00120	0.00602	0.00301	0.00241	0.00722
11	0.84197	0.01088	0.00827	0.00740	0.01088	0.01262	0.00609	0.01654	0.00958	0.02525	0.00784	0.00914	0.00609	0.00522	0.00348	0.00174	0.00435	0.00305	0.00348	0.00609
12	0.01400	0.01209	0.01273	0.01145	0.01463	0.01400	0.00891	0.02990	0.75695	0.02354	0.02291	0.02100	0.01718	0.00764	0.00573	0.00191	0.00445	0.00636	0.00573	0.00891
13	0.00978	0.00489	0.00733	0.00733	0.00733	0.00489	0.00489	0.00733	0.00733	0.00978	0.00978	0.01711	0.00978	0.01955	0.02199	0.83627	0.00489	0.00489	0.00244	0.00244
14	0.04429	0.01151	0.01388	0.01075	0.01507	0.01122	0.00886	0.24345	0.03986	0.43348	0.01850	0.01778	0.01254	0.00688	0.00554	0.00168	0.00516	0.02311	0.00612	0.07032
15	0.01393	0.01337	0.02284	0.03454	0.76712	0.01337	0.01727	0.01727	0.01281	0.01839	0.01059	0.01393	0.00891	0.00501	0.00557	0.00167	0.00669	0.00501	0.00279	0.00891
16	0.02525	0.00958	0.01306	0.01001	0.01437	0.00827	0.00827	0.02743	0.01611	0.77102	0.02220	0.01915	0.01393	0.00697	0.00566	0.00174	0.00479	0.00566	0.00697	0.00958
17	0.05973	0.01337	0.02083	0.21679	0.37945	0.06072	0.09792	0.01750	0.04679	0.01768	0.01083	0.01416	0.00864	0.00532	0.00557	0.00175	0.00719	0.00506	0.00290	0.00780
18	0.01078	0.01016	0.01715	0.75394	0.07233	0.01254	0.01570	0.01451	0.01132	0.01456	0.01003	0.01495	0.00757	0.00560	0.00562	0.00187	0.00746	0.00500	0.00251	0.00637
19	0.00840	0.00623	0.00813	0.00897	0.01041	0.00596	0.00760	0.01071	0.01318	0.01694	0.09955	0.05941	0.20918	0.01489	0.00741	0.00236	0.00441	0.49590	0.00528	0.00509
20	0.00804	0.00603	0.00904	0.00904	0.01005	0.00703	0.00703	0.01005	0.00904	0.01306	0.01507	0.02211	0.01407	0.04221	0.77992	0.00904	0.01507	0.00603	0.00301	0.00502
21	0.01439	0.01477	0.01516	0.01582	0.13169	0.21439	0.01084	0.08162	0.01354	0.01693	0.05929	0.09434	0.01438	0.01215	0.09260	0.00266	0.17911	0.00617	0.00349	0.00666
22	0.01129	0.02911	0.77306	0.01604	0.02436	0.01307	0.02079	0.01782	0.01188	0.01782	0.01010	0.01188	0.00713	0.00535	0.00535	0.00178	0.00832	0.00416	0.00238	0.00832
23	0.02102	0.02682	0.01595	0.01450	0.01740	0.77963	0.01087	0.02247	0.01595	0.01377	0.00870	0.01015	0.00725	0.00580	0.00507	0.00145	0.01015	0.00362	0.00290	0.00652
24	0.01167	0.01000	0.01167	0.00834	0.01334	0.00750	0.00667	0.01417	0.01167	0.01834	0.01000	0.01167	0.00834	0.00417	0.00417	0.00083	0.00417	0.00333	0.00333	0.83663
25	0.00978	0.00489	0.00733	0.00733	0.00733	0.00489	0.00489	0.00733	0.00733	0.00978	0.00978	0.01711	0.00978	0.01955	0.02199	0.83627	0.00489	0.00489	0.00244	0.00244
26	0.00686	0.00490	0.00653	0.00784	0.00816	0.00457	0.00522	0.00784	0.01077	0.01437	0.03102	0.79855	0.03722	0.01763	0.00718	0.00229	0.00326	0.01600	0.00522	0.00457
27	0.01374	0.01496	0.06236	0.12341	0.46491	0.06361	0.14016	0.01741	0.01286	0.01750	0.01050	0.01392	0.00847	0.00511	0.00571	0.00173	0.00757	0.00515	0.00275	0.00817
28	0.00748	0.00538	0.00690	0.00774	0.00836	0.00510	0.00533	0.02554	0.01167	0.01559	0.10662	0.57841	0.07528	0.07413	0.00866	0.00244	0.00348	0.04198	0.00520	0.00471
29	0.00686	0.00490	0.00653	0.00784	0.00816	0.00457	0.00522	0.00784	0.01077	0.01437	0.03102	0.79855	0.03722	0.01763	0.00718	0.00229	0.00326	0.01600	0.00522	0.00457

[dist]
# distance from previous block
# <min> <max>
0	1

[block]
# block no. 5 follows, 42 sequences, length 40
# corresponding to MSA columns:
# 789-795,797-829
name=unknown_F
#
# <colnr> <probs for GDERKNQSTAVLIFYWHMCP>
#	G	D	E	R	K	N	Q	S	T	A	V	L	I	F	Y	W	H	M	C	P
0	0.01205	0.00997	0.01153	0.00843	0.01311	0.00789	0.00673	0.05600	0.01250	0.01936	0.01112	0.03078	0.00939	0.00475	0.00431	0.00094	0.00418	0.00383	0.04513	0.72800
1	0.01268	0.01245	0.01722	0.01470	0.01488	0.01725	0.01225	0.04353	0.00935	0.01444	0.00764	0.01236	0.00748	0.00972	0.01794	0.00243	0.75986	0.00493	0.00259	0.00630
2	0.00738	0.00533	0.00700	0.00761	0.00842	0.00496	0.00543	0.00908	0.01288	0.01757	0.30372	0.44977	0.07075	0.01512	0.00699	0.00210	0.00313	0.05229	0.00558	0.00488
3	0.04504	0.01261	0.02111	0.18203	0.59467	0.01317	0.01652	0.01667	0.01238	0.01786	0.01037	0.01396	0.00853	0.00514	0.00550	0.00171	0.00676	0.00494	0.00276	0.00828
4	0.00686	0.00490	0.00653	0.00784	0.00816	0.00457	0.00522	0.00784	0.01077	0.01437	0.03102	0.79855	0.03722	0.01763	0.00718	0.00229	0.00326	0.01600	0.00522	0.00457
5	0.01388	0.41596	0.30468	0.01234	0.01816	0.08435	0.01373	0.01745	0.01218	0.01537	0.03906	0.01151	0.00903	0.00537	0.00451	0.00146	0.00710	0.00378	0.00259	0.00749
6	0.00960	0.00730	0.00927	0.00892	0.01067	0.00710	0.02621	0.09500	0.03014	0.01951	0.18953	0.26733	0.12407	0.01324	0.00676	0.00203	0.00395	0.12708	0.00535	0.03692
7	0.09149	0.29560	0.27256	0.03467	0.07350	0.09871	0.01389	0.03119	0.01227	0.01676	0.00904	0.01071	0.00726	0.00521	0.00457	0.00153	0.00716	0.00370	0.00264	0.00755
8	0.16243	0.01336	0.08038	0.09121	0.40706	0.01266	0.01418	0.01729	0.05803	0.01966	0.04077	0.01596	0.01105	0.00585	0.00530	0.00176	0.00613	0.02581	0.00324	0.00787
9	0.01077	0.02534	0.08566	0.02683	0.01273	0.00795	0.00866	0.01487	0.10509	0.08928	0.10731	0.27762	0.02901	0.01251	0.00663	0.00211	0.00455	0.16165	0.00515	0.00626
10	0.02139	0.01576	0.01689	0.01295	0.01745	0.01745	0.01070	0.74835	0.02646	0.03547	0.01351	0.01351	0.00957	0.00676	0.00563	0.00169	0.00619	0.00507	0.00563	0.00957
11	0.00694	0.00499	0.00661	0.00788	0.00829	0.00465	0.00535	0.00800	0.01092	0.01449	0.03174	0.74644	0.05863	0.01745	0.00719	0.00229	0.00333	0.04498	0.00522	0.00460
12	0.00805	0.00598	0.00881	0.00881	0.00973	0.00691	0.00674	0.00990	0.00897	0.01289	0.01529	0.02330	0.01459	0.10368	0.71916	0.00875	0.01430	0.00620	0.00305	0.00489
13	0.09895	0.03502	0.01677	0.11923	0.07487	0.04957	0.01138	0.47323	0.02090	0.02883	0.01191	0.01306	0.00874	0.00623	0.00534	0.00170	0.00640	0.00474	0.00458	0.00854
14	0.01152	0.07793	0.72631	0.01564	0.02373	0.01365	0.02009	0.01776	0.01185	0.01753	0.00996	0.01170	0.00713	0.00531	0.00524	0.00175	0.00817	0.00409	0.00238	0.00825
15	0.00790	0.00575	0.00743	0.00701	0.00837	0.00528	0.00526	0.01049	0.01577	0.02219	0.72769	0.04266	0.08979	0.01165	0.00664	0.00178	0.00267	0.01027	0.00615	0.00528
16	0.01063	0.01000	0.01688	0.78870	0.03876	0.01250	0.01563	0.01438	0.01125	0.01438	0.01000	0.01500	0.00750	0.00563	0.00563	0.00188	0.00750	0.00500	0.00250	0.00625
17	0.01271	0.01224	0.01674	0.21750	0.02145	0.05609	0.04419	0.07884	0.01195	0.01639	0.04769	0.05239	0.01136	0.00848	0.01159	0.00212	0.36296	0.00576	0.00311	0.00645
18	0.01306	0.01673	0.11537	0.02287	0.02885	0.01410	0.66607	0.01800	0.01313	0.01800	0.01124	0.01481	0.00838	0.00481	0.00650	0.00188	0.00936	0.00637	0.00279	0.00767
19	0.01167	0.01000	0.01167	0.00834	0.01334	0.00750	0.00667	0.01417	0.01167	0.01834	0.01000	0.01167	0.00834	0.00417	0.00417	0.00083	0.00417	0.00333	0.00333	0.83663
20	0.01297	0.01253	0.02065	0.29167	0.50096	0.03083	0.01656	0.01640	0.01235	0.01691	0.01034	0.01421	0.00839	0.00524	0.00558	0.00174	0.00704	0.00498	0.00269	0.00795
21	0.02136	0.01036	0.05606	0.01060	0.03606	0.00828	0.00879	0.02386	0.01545	0.58017	0.09014	0.02137	0.03847	0.00732	0.00569	0.00171	0.00476	0.00604	0.00629	0.04723
22	0.75678	0.01138	0.03777	0.00783	0.01145	0.01228	0.00672	0.01680	0.00987	0.05447	0.00855	0.00985	0.00654	0.00565	0.00410	0.02240	0.00454	0.00324	0.00355	0.00623
23	0.00946	0.00551	0.00651	0.00651	0.00756	0.00581	0.00481	0.01156	0.01051	0.01731	0.01729	0.02333	0.01508	0.11837	0.24183	0.00418	0.00675	0.00586	0.47683	0.00495
24	0.00686	0.00490	0.00653	0.00784	0.00816	0.00457	0.00522	0.00784	0.01077	0.01437	0.03102	0.79855	0.03722	0.01763	0.00718	0.00229	0.00326	0.01600	0.00522	0.00457
25	0.02139	0.01576	0.01689	0.01295	0.01745	0.01745	0.01070	0.74835	0.02646	0.03547	0.01351	0.01351	0.00957	0.00676	0.00563	0.00169	0.00619	0.00507	0.00563	0.00957
26	0.01446	0.01232	0.01298	0.01155	0.01481	0.01421	0.00902	0.07447	0.71164	0.02428	0.02232	0.02053	0.01671	0.00758	0.00572	0.00190	0.00456	0.00628	0.00572	0.00895
27	0.00666	0.00565	0.00575	0.00583	0.00764	0.00474	0.00433	0.00806	0.01270	0.01515	0.05540	0.10022	0.71982	0.01446	0.00668	0.00192	0.00288	0.01213	0.00523	0.00474
28	0.01129	0.02911	0.77306	0.01604	0.02436	0.01307	0.02079	0.01782	0.01188	0.01782	0.01010	0.01188	0.00713	0.00535	0.00535	0.00178	0.00832	0.00416	0.00238	0.00832
29	0.02139	0.01576	0.01689	0.01295	0.01745	0.01745	0.01070	0.74835	0.02646	0.03547	0.01351	0.01351	0.00957	0.00676	0.00563	0.00169	0.00619	0.00507	0.00563	0.00957
30	0.00694	0.00589	0.00602	0.00595	0.00785	0.00505	0.00447	0.00886	0.03451	0.01590	0.09956	0.05246	0.69943	0.01389	0.00662	0.00189	0.00288	0.01161	0.00530	0.00491
31	0.00842	0.00586	0.00761	0.00711	0.00855	0.00537	0.00536	0.01101	0.01581	0.04407	0.71490	0.04184	0.07978	0.01148	0.00661	0.00177	0.00272	0.01011	0.00618	0.00541
32	0.00863	0.00602	0.00826	0.00814	0.00914	0.00675	0.00622	0.01067	0.01024	0.01544	0.09877	0.02472	0.01865	0.07904	0.48070	0.00639	0.03595	0.00645	0.15479	0.00503
33	0.02320	0.01027	0.01317	0.01038	0.01455	0.00963	0.00848	0.05958	0.14047	0.61362	0.02194	0.01921	0.01428	0.00707	0.00567	0.00177	0.00479	0.00575	0.00670	0.00946
34	0.00765	0.00545	0.00739	0.00865	0.00930	0.00525	0.00649	0.00915	0.01144	0.01511	0.03021	0.52506	0.03508	0.03976	0.00801	0.00248	0.00398	0.25962	0.00516	0.00475
35	0.01352	0.01302	0.02251	0.08697	0.65853	0.01315	0.05149	0.01694	0.01273	0.01804	0.01114	0.01550	0.00947	0.00535	0.00569	0.00172	0.00683	0.02601	0.00284	0.00855
36	0.07621	0.03230	0.10996	0.01328	0.09881	0.01012	0.01067	0.02358	0.03284	0.48287	0.01833	0.03931	0.01257	0.00670	0.00546	0.00175	0.00539	0.00547	0.00549	0.00889
37	0.00727	0.00538	0.00681	0.00729	0.00826	0.00492	0.00522	0.00896	0.01297	0.01740	0.28704	0.38781	0.16696	0.01488	0.00692	0.00205	0.00305	0.03637	0.00556	0.00488
38	0.84197	0.01088	0.00827	0.00740	0.01088	0.01262	0.00609	0.01654	0.00958	0.02525	0.00784	0.00914	0.00609	0.00522	0.00348	0.00174	0.00435	0.00305	0.00348	0.00609
39	0.09835	0.26715	0.41529	0.01345	0.03379	0.05099	0.01530	0.01759	0.01171	0.01699	0.00911	0.01068	0.00709	0.00518	0.00461	0.00158	0.00725	0.00368	0.00253	0.00768

[dist]
# distance from previous block
# <min> <max>
3	5

[block]
# block no. 6 follows, 42 sequences, length 26
# corresponding to MSA columns:
# 836-861
name=unknown_G
#
# <colnr> <probs for GDERKNQSTAVLIFYWHMCP>
#	G	D	E	R	K	N	Q	S	T	A	V	L	I	F	Y	W	H	M	C	P
0	0.70388	0.01187	0.05520	0.05873	0.01365	0.01246	0.00769	0.01693	0.01010	0.05515	0.00871	0.01010	0.00657	0.00533	0.00382	0.00175	0.00482	0.00335	0.00350	0.00638
1	0.00686	0.00490	0.00653	0.00784	0.00816	0.00457	0.00522	0.00784	0.01077	0.01437	0.03102	0.79855	0.03722	0.01763	0.00718	0.00229	0.00326	0.01600	0.00522	0.00457
2	0.01512	0.71711	0.04884	0.01063	0.01550	0.05333	0.04290	0.01716	0.01172	0.01360	0.00808	0.00942	0.00728	0.00487	0.00385	0.00126	0.00641	0.00323	0.00245	0.00724
3	0.12273	0.13957	0.07168	0.01293	0.01646	0.37788	0.03559	0.04329	0.01369	0.01642	0.00907	0.01091	0.00753	0.00672	0.02481	0.00175	0.05900	0.00382	0.01940	0.00675
4	0.00717	0.00512	0.00688	0.00813	0.00861	0.00483	0.00571	0.00841	0.01122	0.01495	0.05514	0.68163	0.03714	0.01717	0.00724	0.00231	0.00348	0.10495	0.00525	0.00467
5	0.00690	0.00493	0.00657	0.00781	0.00817	0.00460	0.00523	0.00794	0.01098	0.01469	0.05970	0.76895	0.03784	0.01739	0.00716	0.00227	0.00324	0.01577	0.00526	0.00460
6	0.01476	0.64786	0.09302	0.01037	0.01518	0.06617	0.01048	0.01699	0.01168	0.01385	0.00854	0.01001	0.00759	0.00607	0.02695	0.00151	0.00666	0.00329	0.02187	0.00716
7	0.00842	0.00623	0.00791	0.00741	0.00887	0.00596	0.00558	0.01206	0.07138	0.02264	0.70868	0.04046	0.05041	0.01122	0.00657	0.00178	0.00279	0.00989	0.00616	0.00558
8	0.00811	0.00542	0.00616	0.00623	0.00625	0.00541	0.00351	0.00816	0.00833	0.01111	0.01849	0.08028	0.02142	0.75747	0.02742	0.00528	0.00533	0.00863	0.00351	0.00348
9	0.03956	0.04797	0.64521	0.01546	0.04110	0.01278	0.01881	0.01755	0.01206	0.03477	0.03281	0.01439	0.00941	0.00585	0.00536	0.00179	0.00774	0.02659	0.00272	0.00807
10	0.02089	0.01539	0.01653	0.01277	0.01713	0.01701	0.01051	0.72277	0.02592	0.03474	0.01412	0.04063	0.01053	0.00713	0.00568	0.00171	0.00609	0.00544	0.00562	0.00940
11	0.00907	0.00648	0.00907	0.01036	0.01166	0.00648	0.00907	0.01166	0.01296	0.01684	0.02980	0.06348	0.03239	0.01555	0.00777	0.00259	0.00518	0.72924	0.00518	0.00518
12	0.00765	0.00574	0.00709	0.00675	0.00821	0.00518	0.00506	0.01001	0.01519	0.02080	0.59482	0.04494	0.22353	0.01216	0.00664	0.00180	0.00270	0.01058	0.00596	0.00518
13	0.43545	0.01308	0.13246	0.02816	0.01376	0.02652	0.00882	0.01676	0.01172	0.10302	0.09208	0.01750	0.06686	0.00676	0.00466	0.00176	0.00495	0.00495	0.00405	0.00666
14	0.01505	0.80561	0.02949	0.00963	0.01444	0.02227	0.00963	0.01685	0.01143	0.01324	0.00782	0.00903	0.00722	0.00481	0.00361	0.00120	0.00602	0.00301	0.00241	0.00722
15	0.01328	0.01518	0.03321	0.02372	0.02941	0.01423	0.74668	0.01803	0.01328	0.01803	0.01139	0.01518	0.00854	0.00474	0.00664	0.00190	0.00949	0.00664	0.00285	0.00759
16	0.01076	0.01014	0.01711	0.75895	0.06749	0.01254	0.01569	0.01449	0.01131	0.01454	0.01003	0.01496	0.00756	0.00560	0.00562	0.00187	0.00747	0.00500	0.00251	0.00636
17	0.01072	0.01009	0.01697	0.70720	0.05285	0.01246	0.02921	0.01428	0.01114	0.01440	0.01022	0.01564	0.00799	0.03253	0.00681	0.00201	0.03155	0.00514	0.00254	0.00624
18	0.01019	0.00528	0.00553	0.00558	0.00683	0.00532	0.00417	0.01270	0.01159	0.02022	0.01872	0.05507	0.01540	0.00914	0.04985	0.00181	0.00339	0.00576	0.74824	0.00520
19	0.01377	0.01314	0.02239	0.03375	0.74232	0.01314	0.01700	0.01709	0.01282	0.01833	0.01122	0.01555	0.00968	0.00536	0.00564	0.00170	0.00664	0.02879	0.00286	0.00879
20	0.01493	0.58258	0.11559	0.01200	0.04557	0.08325	0.01148	0.01730	0.01179	0.01404	0.00825	0.00980	0.00729	0.00519	0.00468	0.00137	0.04176	0.00336	0.00246	0.00731
21	0.01147	0.06784	0.73598	0.01572	0.02386	0.01353	0.02024	0.01777	0.01186	0.01759	0.00999	0.01174	0.00713	0.00532	0.00526	0.00175	0.00820	0.00410	0.00238	0.00826
22	0.04692	0.01472	0.01684	0.45776	0.10950	0.21024	0.01402	0.01719	0.01269	0.03425	0.00995	0.01351	0.00770	0.00562	0.00539	0.00174	0.00790	0.00459	0.00279	0.00668
23	0.00806	0.00612	0.00704	0.00772	0.00823	0.03952	0.00519	0.00877	0.01059	0.01374	0.05486	0.46049	0.07098	0.16405	0.02980	0.06331	0.00437	0.02825	0.00457	0.00435
24	0.04726	0.01401	0.04969	0.16066	0.17200	0.04215	0.01265	0.30736	0.01781	0.02417	0.01456	0.05519	0.04387	0.00693	0.00563	0.00176	0.00641	0.00573	0.00411	0.00805
