[name]
unknown

[dist]
# distance from previous block
# <min> <max>
1	46

[block]
# block no. 0 follows, 47 sequences, length 7
# corresponding to MSA columns:
# 46-52
name=unknown_A
#
# <colnr> <probs for GDERKNQSTAVLIFYWHMCP>
#	G	D	E	R	K	N	Q	S	T	A	V	L	I	F	Y	W	H	M	C	P
0	0.01920	0.01413	0.01468	0.01143	0.01546	0.06637	0.00933	0.55170	0.05735	0.10929	0.01324	0.01305	0.00939	0.00608	0.00509	0.00151	0.00563	0.00460	0.00503	0.06745
1	0.01725	0.01155	0.01329	0.01065	0.01425	0.01217	0.00874	0.33283	0.12731	0.17882	0.01584	0.01771	0.01201	0.00687	0.00579	0.00161	0.04368	0.05978	0.00505	0.10481
2	0.01497	0.01091	0.01222	0.00961	0.01342	0.01088	0.00773	0.24618	0.17248	0.09627	0.05189	0.01539	0.01243	0.00589	0.00480	0.00135	0.00442	0.00472	0.03011	0.27434
3	0.01174	0.00849	0.00965	0.00897	0.01072	0.04596	0.00679	0.10091	0.06885	0.10489	0.02161	0.31174	0.04296	0.07600	0.00828	0.00212	0.05580	0.05347	0.00461	0.04643
4	0.01444	0.01106	0.01273	0.01177	0.08863	0.03381	0.00838	0.22060	0.12726	0.08519	0.01605	0.07487	0.03822	0.04136	0.00596	0.00161	0.00479	0.00560	0.00440	0.19328
5	0.01229	0.00959	0.01126	0.00943	0.01213	0.00981	0.02592	0.22234	0.09447	0.02042	0.01659	0.19693	0.01600	0.07040	0.00734	0.00183	0.03668	0.00703	0.03417	0.18536
6	0.01425	0.01127	0.01404	0.07067	0.05026	0.01287	0.00977	0.21704	0.13459	0.07171	0.01295	0.03305	0.01033	0.00852	0.04735	0.00204	0.18100	0.00501	0.00400	0.08928

[dist]
# distance from previous block
# <min> <max>
5	28

[block]
# block no. 1 follows, 47 sequences, length 6
# corresponding to MSA columns:
# 91-96
name=unknown_B
#
# <colnr> <probs for GDERKNQSTAVLIFYWHMCP>
#	G	D	E	R	K	N	Q	S	T	A	V	L	I	F	Y	W	H	M	C	P
0	0.01533	0.01187	0.01709	0.07024	0.09942	0.03086	0.14677	0.21310	0.04383	0.12974	0.01296	0.01498	0.00980	0.03689	0.05428	0.00210	0.00659	0.00506	0.00399	0.07512
1	0.05198	0.00975	0.01286	0.03078	0.07863	0.00876	0.05822	0.08674	0.01231	0.05491	0.01324	0.08568	0.03227	0.00662	0.02347	0.00141	0.00481	0.00505	0.00357	0.41894
2	0.10852	0.01075	0.01389	0.09957	0.18988	0.03900	0.02798	0.07158	0.07206	0.03415	0.01349	0.07801	0.03441	0.00691	0.02047	0.00166	0.02090	0.00530	0.00345	0.14802
3	0.01234	0.00966	0.01144	0.04183	0.01318	0.00917	0.00720	0.14870	0.03531	0.04523	0.01157	0.01507	0.00989	0.10516	0.04761	0.00199	0.04320	0.00434	0.00357	0.42353
4	0.01116	0.00804	0.00950	0.02860	0.01108	0.00841	0.00666	0.15744	0.09040	0.05733	0.02231	0.33245	0.06222	0.05031	0.00718	0.00196	0.03410	0.00923	0.04552	0.04608
5	0.01132	0.00819	0.01006	0.00993	0.06691	0.00800	0.00681	0.12939	0.06327	0.07036	0.04450	0.25937	0.05003	0.10802	0.00811	0.00207	0.00418	0.00837	0.00444	0.12667

[dist]
# distance from previous block
# <min> <max>
22	63

[block]
# block no. 2 follows, 47 sequences, length 61
# corresponding to MSA columns:
# 164-224
name=unknown_C
#
# <colnr> <probs for GDERKNQSTAVLIFYWHMCP>
#	G	D	E	R	K	N	Q	S	T	A	V	L	I	F	Y	W	H	M	C	P
0	0.13730	0.00918	0.01145	0.00887	0.01284	0.00833	0.00731	0.03838	0.01396	0.60954	0.01770	0.01582	0.01142	0.00603	0.00486	0.00155	0.00436	0.00473	0.00573	0.07064
1	0.13140	0.00729	0.00877	0.03576	0.01154	0.00758	0.00774	0.05019	0.03253	0.04665	0.02572	0.04406	0.10996	0.01166	0.00621	0.00210	0.00453	0.44639	0.00459	0.00535
2	0.14084	0.00942	0.01433	0.63114	0.04458	0.01142	0.01282	0.01421	0.01040	0.04999	0.00947	0.01320	0.00703	0.00519	0.00490	0.00171	0.00636	0.00438	0.00265	0.00595
3	0.67934	0.01014	0.00860	0.00740	0.01070	0.01139	0.00607	0.07702	0.01076	0.06078	0.04267	0.01067	0.00825	0.00525	0.00363	0.00158	0.00411	0.00339	0.00365	0.03459
4	0.09853	0.00977	0.01188	0.00931	0.01320	0.03515	0.00764	0.04887	0.03520	0.64648	0.01866	0.01647	0.01197	0.00627	0.00504	0.00160	0.00460	0.00495	0.00595	0.00846
5	0.05051	0.07565	0.57216	0.01332	0.01995	0.01249	0.01611	0.05535	0.03777	0.08385	0.01064	0.01165	0.00753	0.00518	0.00481	0.00161	0.00689	0.00396	0.00287	0.00771
6	0.25287	0.01094	0.01179	0.00944	0.01319	0.01150	0.00775	0.22441	0.07579	0.30932	0.01471	0.01386	0.01001	0.00599	0.00467	0.00161	0.00465	0.00447	0.00512	0.00791
7	0.01392	0.82012	0.02729	0.00891	0.01337	0.02061	0.00891	0.01559	0.01058	0.01225	0.00724	0.00835	0.00668	0.00446	0.00334	0.00111	0.00557	0.00278	0.00223	0.00668
8	0.01447	0.00721	0.00943	0.00788	0.01050	0.00648	0.00624	0.01724	0.04772	0.34519	0.38207	0.02842	0.04942	0.00855	0.00565	0.00161	0.00342	0.00732	0.00590	0.03530
9	0.00834	0.00595	0.00833	0.00953	0.01070	0.00595	0.00830	0.01069	0.01193	0.01552	0.02760	0.07913	0.03009	0.01444	0.00718	0.00239	0.00475	0.72960	0.00480	0.00478
10	0.85377	0.01007	0.00765	0.00685	0.01007	0.01168	0.00564	0.01531	0.00886	0.02336	0.00725	0.00846	0.00564	0.00483	0.00322	0.00161	0.00403	0.00282	0.00322	0.00564
11	0.00634	0.00453	0.00604	0.00725	0.00755	0.00423	0.00483	0.00725	0.00997	0.01329	0.02870	0.81358	0.03444	0.01632	0.00665	0.00211	0.00302	0.01480	0.00483	0.00423
12	0.00644	0.00460	0.00616	0.00737	0.00771	0.00432	0.00501	0.00742	0.01007	0.01341	0.02865	0.77684	0.03423	0.01622	0.00667	0.00213	0.00311	0.05057	0.00483	0.00426
13	0.00646	0.00458	0.00601	0.00711	0.00738	0.00430	0.00468	0.00728	0.00975	0.01300	0.02759	0.74309	0.03304	0.08873	0.00844	0.00238	0.00320	0.01415	0.00468	0.00413
14	0.01037	0.00980	0.01658	0.66994	0.16624	0.01171	0.01473	0.01377	0.01066	0.01395	0.00935	0.01371	0.00717	0.00511	0.00520	0.00170	0.00681	0.00463	0.00236	0.00621
15	0.01060	0.02588	0.72785	0.01542	0.02292	0.01218	0.08034	0.01651	0.01110	0.01651	0.00944	0.01124	0.00670	0.00490	0.00505	0.00166	0.00779	0.00404	0.00223	0.00764
16	0.00983	0.00926	0.01562	0.80447	0.03587	0.01157	0.01446	0.01331	0.01041	0.01331	0.00926	0.01388	0.00694	0.00521	0.00521	0.00174	0.00694	0.00463	0.00231	0.00579
17	0.00619	0.00528	0.00532	0.00531	0.00705	0.00441	0.00398	0.00753	0.01194	0.01424	0.07102	0.04984	0.76402	0.01313	0.00615	0.00176	0.00263	0.01095	0.00486	0.00441
18	0.00722	0.00532	0.00676	0.00640	0.00769	0.00485	0.00480	0.00954	0.01439	0.02005	0.69275	0.04027	0.13866	0.01096	0.00614	0.00165	0.00248	0.00961	0.00562	0.00485
19	0.00757	0.00505	0.00568	0.00568	0.00568	0.00505	0.00316	0.00757	0.00757	0.01010	0.01641	0.03408	0.01893	0.81698	0.02651	0.00505	0.00505	0.00757	0.00316	0.00316
20	0.00634	0.00453	0.00604	0.00725	0.00755	0.00423	0.00483	0.00725	0.00997	0.01329	0.02870	0.81358	0.03444	0.01632	0.00665	0.00211	0.00302	0.01480	0.00483	0.00423
21	0.85377	0.01007	0.00765	0.00685	0.01007	0.01168	0.00564	0.01531	0.00886	0.02336	0.00725	0.00846	0.00564	0.00483	0.00322	0.00161	0.00403	0.00282	0.00322	0.00564
22	0.01883	0.01881	0.01520	0.01273	0.01588	0.36263	0.01006	0.35977	0.03298	0.02203	0.01022	0.01116	0.00787	0.00611	0.00596	0.00153	0.07296	0.00411	0.00385	0.00733
23	0.07338	0.01797	0.18416	0.01521	0.02020	0.12090	0.23312	0.20671	0.01515	0.02066	0.01017	0.01187	0.00754	0.00513	0.00517	0.00158	0.00736	0.00457	0.00326	0.03591
24	0.00639	0.00534	0.00561	0.00569	0.00737	0.00455	0.00436	0.00785	0.01201	0.01450	0.08321	0.05032	0.68809	0.01317	0.00624	0.00181	0.00281	0.07137	0.00487	0.00445
25	0.01356	0.68566	0.13700	0.00988	0.01476	0.03891	0.01043	0.01585	0.01075	0.01288	0.00756	0.00876	0.00667	0.00455	0.00361	0.00120	0.00597	0.00295	0.00223	0.00681
26	0.01392	0.82012	0.02729	0.00891	0.01337	0.02061	0.00891	0.01559	0.01058	0.01225	0.00724	0.00835	0.00668	0.00446	0.00334	0.00111	0.00557	0.00278	0.00223	0.00668
27	0.00753	0.00503	0.00569	0.00573	0.00575	0.00502	0.00321	0.00756	0.00766	0.01021	0.01684	0.06134	0.01948	0.78898	0.02581	0.00495	0.00498	0.00783	0.00321	0.00319
28	0.00716	0.00519	0.00666	0.00664	0.00767	0.00481	0.00485	0.00913	0.01321	0.01830	0.53221	0.17124	0.09469	0.05980	0.00747	0.00196	0.00280	0.03621	0.00533	0.00465
29	0.02336	0.00886	0.01209	0.00927	0.01329	0.00765	0.00765	0.02538	0.01491	0.78810	0.02055	0.01773	0.01289	0.00645	0.00524	0.00161	0.00443	0.00524	0.00645	0.00886
30	0.01392	0.82012	0.02729	0.00891	0.01337	0.02061	0.00891	0.01559	0.01058	0.01225	0.00724	0.00835	0.00668	0.00446	0.00334	0.00111	0.00557	0.00278	0.00223	0.00668
31	0.02272	0.00943	0.01238	0.00954	0.01355	0.00855	0.00786	0.08874	0.04084	0.69835	0.01988	0.01734	0.01265	0.00645	0.00524	0.00161	0.00453	0.00521	0.00630	0.00884
32	0.00651	0.00540	0.00571	0.00561	0.00730	0.00466	0.00422	0.00831	0.02792	0.01545	0.18302	0.04748	0.63511	0.01261	0.00614	0.00174	0.00264	0.01060	0.00501	0.00457
33	0.00676	0.00538	0.00612	0.00618	0.00773	0.00474	0.00480	0.00851	0.01261	0.01599	0.23261	0.04846	0.49621	0.01271	0.00629	0.00181	0.00288	0.11054	0.00506	0.00458
34	0.01980	0.01459	0.01563	0.01198	0.01615	0.01615	0.00990	0.76713	0.02448	0.03282	0.01250	0.01250	0.00886	0.00625	0.00521	0.00156	0.00573	0.00469	0.00521	0.00886
35	0.01229	0.01405	0.03073	0.02195	0.02722	0.01317	0.76558	0.01668	0.01229	0.01668	0.01054	0.01405	0.00790	0.00439	0.00615	0.00176	0.00878	0.00615	0.00263	0.00702
36	0.00634	0.00453	0.00604	0.00725	0.00755	0.00423	0.00483	0.00725	0.00997	0.01329	0.02870	0.81358	0.03444	0.01632	0.00665	0.00211	0.00302	0.01480	0.00483	0.00423
37	0.00634	0.00455	0.00602	0.00720	0.00754	0.00423	0.00481	0.00726	0.01002	0.01331	0.02934	0.79326	0.05436	0.01623	0.00663	0.00211	0.00301	0.01470	0.00483	0.00423
38	0.00634	0.00453	0.00604	0.00725	0.00755	0.00423	0.00483	0.00725	0.00997	0.01329	0.02870	0.81358	0.03444	0.01632	0.00665	0.00211	0.00302	0.01480	0.00483	0.00423
39	0.00634	0.00453	0.00604	0.00725	0.00755	0.00423	0.00483	0.00725	0.00997	0.01329	0.02870	0.81358	0.03444	0.01632	0.00665	0.00211	0.00302	0.01480	0.00483	0.00423
40	0.01392	0.82012	0.02729	0.00891	0.01337	0.02061	0.00891	0.01559	0.01058	0.01225	0.00724	0.00835	0.00668	0.00446	0.00334	0.00111	0.00557	0.00278	0.00223	0.00668
41	0.02336	0.00886	0.01209	0.00927	0.01329	0.00765	0.00765	0.02538	0.01491	0.78810	0.02055	0.01773	0.01289	0.00645	0.00524	0.00161	0.00443	0.00524	0.00645	0.00886
42	0.01064	0.01097	0.02172	0.01796	0.09576	0.01034	0.43506	0.01408	0.01235	0.01668	0.09817	0.05468	0.08660	0.00736	0.00617	0.00180	0.00667	0.08316	0.00346	0.00635
43	0.01412	0.79230	0.02685	0.00907	0.01346	0.04773	0.00895	0.01578	0.01073	0.01227	0.00727	0.00839	0.00668	0.00449	0.00339	0.00112	0.00570	0.00280	0.00224	0.00666
44	0.01287	0.01064	0.01234	0.00920	0.01331	0.00980	0.00747	0.18196	0.01362	0.02013	0.00977	0.01123	0.00789	0.00486	0.00533	0.00108	0.07518	0.00357	0.00349	0.58628
45	0.01434	0.07083	0.05425	0.01442	0.13215	0.10232	0.01040	0.10149	0.40151	0.02026	0.01548	0.01536	0.01183	0.00613	0.00504	0.00161	0.00548	0.00496	0.00421	0.00792
46	0.01376	0.01256	0.02011	0.06202	0.64174	0.01288	0.01504	0.12423	0.01362	0.01914	0.01016	0.01288	0.00828	0.00490	0.00517	0.00156	0.00615	0.00465	0.00295	0.00823
47	0.01375	0.78150	0.06442	0.00920	0.01381	0.02019	0.00941	0.01564	0.01060	0.01246	0.00734	0.00848	0.00668	0.00448	0.00342	0.00114	0.00567	0.00284	0.00223	0.00673
48	0.00615	0.00528	0.00528	0.00528	0.00703	0.00440	0.00396	0.00747	0.01187	0.01407	0.05276	0.05012	0.78238	0.01319	0.00615	0.00176	0.00264	0.01099	0.00484	0.00440
49	0.01041	0.00984	0.01666	0.65949	0.17636	0.01172	0.01475	0.01381	0.01068	0.01400	0.00936	0.01370	0.00719	0.00510	0.00520	0.00170	0.00680	0.00463	0.00236	0.00625
50	0.00634	0.00453	0.00604	0.00725	0.00755	0.00423	0.00483	0.00725	0.00997	0.01329	0.02870	0.81358	0.03444	0.01632	0.00665	0.00211	0.00302	0.01480	0.00483	0.00423
51	0.00757	0.00505	0.00568	0.00568	0.00568	0.00505	0.00316	0.00757	0.00757	0.01010	0.01641	0.03408	0.01893	0.81698	0.02651	0.00505	0.00505	0.00757	0.00316	0.00316
52	0.00652	0.00529	0.00579	0.00566	0.00726	0.00455	0.00425	0.00819	0.01274	0.01614	0.27472	0.04670	0.55912	0.01241	0.00615	0.00172	0.00258	0.01051	0.00511	0.00455
53	0.01945	0.02482	0.01476	0.01342	0.01610	0.79608	0.01006	0.02079	0.01476	0.01275	0.00805	0.00939	0.00671	0.00537	0.00470	0.00134	0.00939	0.00335	0.00268	0.00604
54	0.01767	0.01253	0.01335	0.01048	0.01402	0.01376	0.00858	0.60765	0.02162	0.02999	0.01345	0.01396	0.00981	0.00621	0.00488	0.00149	0.00503	0.00472	0.18280	0.00801
55	0.01155	0.00958	0.01104	0.00818	0.01254	0.00790	0.00653	0.04677	0.08672	0.03241	0.02698	0.01244	0.00953	0.00446	0.00413	0.00094	0.00394	0.00360	0.00351	0.69723
56	0.85377	0.01007	0.00765	0.00685	0.01007	0.01168	0.00564	0.01531	0.00886	0.02336	0.00725	0.00846	0.00564	0.00483	0.00322	0.00161	0.00403	0.00282	0.00322	0.00564
57	0.85377	0.01007	0.00765	0.00685	0.01007	0.01168	0.00564	0.01531	0.00886	0.02336	0.00725	0.00846	0.00564	0.00483	0.00322	0.00161	0.00403	0.00282	0.00322	0.00564
58	0.01991	0.01440	0.01551	0.01189	0.01606	0.01587	0.00982	0.74263	0.02417	0.05777	0.01277	0.01268	0.00899	0.00626	0.00521	0.00156	0.00569	0.00471	0.00525	0.00886
59	0.00633	0.00459	0.00598	0.00709	0.00751	0.00424	0.00476	0.00727	0.01013	0.01336	0.03067	0.75109	0.09567	0.01606	0.00661	0.00209	0.00299	0.01449	0.00483	0.00424
60	0.01954	0.01445	0.01563	0.03201	0.01665	0.01603	0.01001	0.74808	0.02413	0.03233	0.01242	0.01254	0.00881	0.00623	0.00521	0.00157	0.00576	0.00469	0.00514	0.00878

[dist]
# distance from previous block
# <min> <max>
0	24

[block]
# block no. 3 follows, 47 sequences, length 133
# corresponding to MSA columns:
# 249-381
name=unknown_D
#
# <colnr> <probs for GDERKNQSTAVLIFYWHMCP>
#	G	D	E	R	K	N	Q	S	T	A	V	L	I	F	Y	W	H	M	C	P
0	0.02321	0.00910	0.01223	0.00938	0.01341	0.00801	0.00775	0.05668	0.01531	0.75623	0.02021	0.01750	0.01272	0.00644	0.00524	0.00161	0.00449	0.00521	0.00639	0.00886
1	0.01423	0.01101	0.01190	0.01048	0.01357	0.01245	0.00822	0.04396	0.67616	0.10484	0.02093	0.01909	0.01541	0.00698	0.00529	0.00175	0.00419	0.00579	0.00542	0.00832
2	0.00830	0.00593	0.00829	0.00949	0.01065	0.00592	0.00824	0.01064	0.01190	0.01549	0.02762	0.09100	0.03016	0.01447	0.00717	0.00239	0.00472	0.71805	0.00480	0.00477
3	0.05886	0.00891	0.01190	0.00916	0.01316	0.00783	0.00757	0.02495	0.01465	0.75542	0.01998	0.01733	0.01258	0.00638	0.00515	0.00161	0.00441	0.00513	0.00631	0.00872
4	0.00619	0.00528	0.00532	0.00531	0.00705	0.00441	0.00398	0.00754	0.01195	0.01425	0.07225	0.04982	0.76278	0.01312	0.00615	0.00176	0.00263	0.01095	0.00486	0.00441
5	0.00747	0.00544	0.00767	0.00767	0.00836	0.00613	0.00564	0.00885	0.00816	0.01157	0.01459	0.02399	0.01455	0.24057	0.59693	0.00751	0.01164	0.00610	0.00288	0.00426
6	0.01392	0.82012	0.02729	0.00891	0.01337	0.02061	0.00891	0.01559	0.01058	0.01225	0.00724	0.00835	0.00668	0.00446	0.00334	0.00111	0.00557	0.00278	0.00223	0.00668
7	0.01057	0.00639	0.00821	0.00725	0.00910	0.00595	0.00560	0.05333	0.01523	0.14370	0.60308	0.03433	0.05686	0.00979	0.00595	0.00163	0.00295	0.00853	0.00580	0.00575
8	0.00726	0.00538	0.00682	0.00672	0.00801	0.00494	0.00517	0.00947	0.01378	0.01884	0.54087	0.06070	0.17777	0.01169	0.00629	0.00176	0.00279	0.10153	0.00544	0.00479
9	0.01227	0.01364	0.02888	0.05541	0.12441	0.01300	0.63884	0.01645	0.01216	0.01658	0.01039	0.01389	0.00791	0.00446	0.00598	0.00173	0.00837	0.00589	0.00261	0.00713
10	0.00634	0.00453	0.00604	0.00725	0.00755	0.00423	0.00483	0.00725	0.00997	0.01329	0.02870	0.81358	0.03444	0.01632	0.00665	0.00211	0.00302	0.01480	0.00483	0.00423
11	0.00752	0.00527	0.00660	0.00626	0.00753	0.00486	0.00470	0.00988	0.01409	0.02017	0.63945	0.03771	0.10528	0.01036	0.00587	0.00160	0.00247	0.00905	0.09645	0.00486
12	0.00983	0.00926	0.01562	0.80447	0.03587	0.01157	0.01446	0.01331	0.01041	0.01331	0.00926	0.01388	0.00694	0.00521	0.00521	0.00174	0.00694	0.00463	0.00231	0.00579
13	0.02336	0.00886	0.01209	0.00927	0.01329	0.00765	0.00765	0.02538	0.01491	0.78810	0.02055	0.01773	0.01289	0.00645	0.00524	0.00161	0.00443	0.00524	0.00645	0.00886
14	0.01422	0.77699	0.02661	0.00916	0.01351	0.06266	0.00897	0.01588	0.01081	0.01228	0.00728	0.00841	0.00668	0.00450	0.00341	0.00113	0.00578	0.00282	0.00225	0.00665
15	0.00737	0.00532	0.00696	0.00655	0.00778	0.00491	0.00491	0.00983	0.01474	0.02088	0.78175	0.03890	0.04914	0.01065	0.00614	0.00164	0.00246	0.00942	0.00573	0.00491
16	0.01961	0.01440	0.01543	0.01185	0.01596	0.01594	0.00978	0.75288	0.02423	0.03257	0.01259	0.01263	0.00894	0.00625	0.00518	0.00156	0.00567	0.00469	0.02108	0.00878
17	0.01295	0.01119	0.01178	0.01060	0.01354	0.01295	0.00824	0.02767	0.77509	0.02178	0.02120	0.01943	0.01590	0.00707	0.00530	0.00177	0.00412	0.00589	0.00530	0.00824
18	0.00664	0.00528	0.00596	0.00583	0.00734	0.00460	0.00436	0.00840	0.01296	0.01675	0.34061	0.06390	0.47442	0.01226	0.00616	0.00172	0.00258	0.01046	0.00519	0.00460
19	0.13894	0.00863	0.01079	0.00854	0.01215	0.00792	0.00701	0.02240	0.01383	0.59721	0.05976	0.01766	0.01386	0.00643	0.00492	0.00159	0.00416	0.00510	0.05114	0.00798
20	0.00675	0.00480	0.00631	0.00736	0.00778	0.00456	0.00512	0.00777	0.01002	0.01327	0.02764	0.61454	0.04502	0.10252	0.00886	0.00246	0.00347	0.11293	0.00465	0.00419
21	0.85377	0.01007	0.00765	0.00685	0.01007	0.01168	0.00564	0.01531	0.00886	0.02336	0.00725	0.00846	0.00564	0.00483	0.00322	0.00161	0.00403	0.00282	0.00322	0.00564
22	0.00629	0.00520	0.00545	0.00562	0.00713	0.00445	0.00413	0.00754	0.01149	0.01386	0.04798	0.13216	0.65025	0.04739	0.00709	0.00195	0.00284	0.03008	0.00476	0.00434
23	0.02212	0.01013	0.01280	0.00984	0.01383	0.00960	0.00812	0.20110	0.01718	0.58961	0.03766	0.01701	0.01284	0.00650	0.00525	0.00160	0.00469	0.00521	0.00613	0.00876
24	0.12627	0.00901	0.01154	0.00897	0.01289	0.00815	0.00740	0.02413	0.01416	0.69334	0.01890	0.01658	0.01199	0.00625	0.00499	0.00161	0.00438	0.00494	0.00605	0.00846
25	0.01980	0.01459	0.01563	0.01198	0.01615	0.01615	0.00990	0.76713	0.02448	0.03282	0.01250	0.01250	0.00886	0.00625	0.00521	0.00156	0.00573	0.00469	0.00521	0.00886
26	0.01295	0.01119	0.01178	0.01060	0.01354	0.01295	0.00824	0.02767	0.77509	0.02178	0.02120	0.01943	0.01590	0.00707	0.00530	0.00177	0.00412	0.00589	0.00530	0.00824
27	0.02285	0.00946	0.01243	0.00955	0.01358	0.00857	0.00788	0.09793	0.02822	0.70179	0.01977	0.01724	0.01255	0.00644	0.00524	0.00161	0.00455	0.00519	0.00631	0.00885
28	0.02018	0.01397	0.01525	0.01169	0.01584	0.01523	0.00966	0.68698	0.02345	0.11444	0.01337	0.01307	0.00929	0.00627	0.00521	0.00157	0.00559	0.00475	0.00534	0.00886
29	0.00624	0.00526	0.00541	0.00541	0.00710	0.00443	0.00404	0.00762	0.01201	0.01450	0.10023	0.06884	0.71495	0.01310	0.00617	0.00176	0.00264	0.01098	0.00490	0.00443
30	0.00639	0.00526	0.00562	0.00557	0.00719	0.00449	0.00416	0.00791	0.01236	0.01533	0.18963	0.07003	0.62243	0.01280	0.00617	0.00175	0.00261	0.01080	0.00501	0.00449
31	0.00640	0.00457	0.00609	0.00721	0.00757	0.00427	0.00484	0.00739	0.01023	0.01371	0.06954	0.77157	0.03524	0.01601	0.00662	0.00209	0.00299	0.01451	0.00488	0.00427
32	0.70413	0.00985	0.00845	0.00728	0.01065	0.01096	0.00600	0.01712	0.00995	0.16117	0.00965	0.01013	0.00695	0.00512	0.00359	0.00161	0.00410	0.00326	0.00380	0.00622
33	0.72301	0.00978	0.00815	0.00711	0.01040	0.01096	0.00585	0.01637	0.00972	0.12099	0.01027	0.01085	0.02898	0.00528	0.00357	0.00162	0.00404	0.00337	0.00368	0.00602
34	0.85377	0.01007	0.00765	0.00685	0.01007	0.01168	0.00564	0.01531	0.00886	0.02336	0.00725	0.00846	0.00564	0.00483	0.00322	0.00161	0.00403	0.00282	0.00322	0.00564
35	0.01377	0.01127	0.01200	0.01062	0.01367	0.01290	0.00831	0.06768	0.70192	0.05510	0.02070	0.01898	0.01539	0.00699	0.00529	0.00175	0.00422	0.00579	0.00534	0.00830
36	0.01278	0.01221	0.02058	0.03066	0.74293	0.01208	0.01545	0.01583	0.01180	0.01701	0.00977	0.01278	0.00822	0.00460	0.00509	0.00150	0.00606	0.00456	0.00261	0.05349
37	0.85377	0.01007	0.00765	0.00685	0.01007	0.01168	0.00564	0.01531	0.00886	0.02336	0.00725	0.00846	0.00564	0.00483	0.00322	0.00161	0.00403	0.00282	0.00322	0.00564
38	0.01289	0.01237	0.02114	0.03196	0.78450	0.01237	0.01598	0.01598	0.01186	0.01701	0.00980	0.01289	0.00825	0.00464	0.00516	0.00155	0.00619	0.00464	0.00258	0.00825
39	0.00983	0.00926	0.01562	0.80447	0.03587	0.01157	0.01446	0.01331	0.01041	0.01331	0.00926	0.01388	0.00694	0.00521	0.00521	0.00174	0.00694	0.00463	0.00231	0.00579
40	0.00710	0.00489	0.00600	0.00646	0.00663	0.00484	0.00402	0.00757	0.00853	0.01144	0.02089	0.32797	0.02440	0.46160	0.07102	0.00416	0.00488	0.01017	0.00377	0.00366
41	0.02336	0.00886	0.01209	0.00927	0.01329	0.00765	0.00765	0.02538	0.01491	0.78810	0.02055	0.01773	0.01289	0.00645	0.00524	0.00161	0.00443	0.00524	0.00645	0.00886
42	0.00839	0.00599	0.00839	0.00959	0.01079	0.00599	0.00839	0.01079	0.01199	0.01558	0.02757	0.05874	0.02997	0.01439	0.00719	0.00240	0.00480	0.74945	0.00480	0.00480
43	0.01080	0.00926	0.01080	0.00771	0.01234	0.00694	0.00617	0.01311	0.01080	0.01697	0.00926	0.01080	0.00771	0.00386	0.00386	0.00077	0.00386	0.00309	0.00309	0.84882
44	0.01945	0.02482	0.01476	0.01342	0.01610	0.79608	0.01006	0.02079	0.01476	0.01275	0.00805	0.00939	0.00671	0.00537	0.00470	0.00134	0.00939	0.00335	0.00268	0.00604
45	0.01549	0.01103	0.01215	0.01046	0.01371	0.01222	0.00827	0.08838	0.56944	0.16744	0.02035	0.01853	0.01475	0.00688	0.00528	0.00172	0.00431	0.00567	0.00551	0.00841
46	0.00983	0.00926	0.01562	0.80447	0.03587	0.01157	0.01446	0.01331	0.01041	0.01331	0.00926	0.01388	0.00694	0.00521	0.00521	0.00174	0.00694	0.00463	0.00231	0.00579
47	0.00621	0.00528	0.00535	0.00533	0.00707	0.00442	0.00400	0.00758	0.01200	0.01437	0.08452	0.04963	0.75043	0.01308	0.00615	0.00175	0.00263	0.01092	0.00487	0.00442
48	0.00839	0.00599	0.00839	0.00959	0.01079	0.00599	0.00839	0.01079	0.01199	0.01558	0.02757	0.05874	0.02997	0.01439	0.00719	0.00240	0.00480	0.74945	0.00480	0.00480
49	0.00665	0.00536	0.00599	0.00623	0.00776	0.00470	0.00484	0.00823	0.01203	0.01487	0.11032	0.09376	0.54941	0.01335	0.00636	0.00188	0.00301	0.13586	0.00491	0.00450
50	0.01150	0.01138	0.01566	0.01346	0.01366	0.01574	0.01117	0.01360	0.06199	0.01318	0.00785	0.01196	0.00747	0.00897	0.01626	0.00224	0.75089	0.00465	0.00249	0.00588
51	0.01229	0.01405	0.03073	0.02195	0.02722	0.01317	0.76558	0.01668	0.01229	0.01668	0.01054	0.01405	0.00790	0.00439	0.00615	0.00176	0.00878	0.00615	0.00263	0.00702
52	0.01080	0.00926	0.01080	0.00771	0.01234	0.00694	0.00617	0.01311	0.01080	0.01697	0.00926	0.01080	0.00771	0.00386	0.00386	0.00077	0.00386	0.00309	0.00309	0.84882
53	0.00665	0.00480	0.00635	0.00724	0.00780	0.00443	0.00497	0.00782	0.01064	0.01439	0.12146	0.67613	0.03541	0.01522	0.00652	0.00203	0.00302	0.03254	0.00490	0.02770
54	0.85377	0.01007	0.00765	0.00685	0.01007	0.01168	0.00564	0.01531	0.00886	0.02336	0.00725	0.00846	0.00564	0.00483	0.00322	0.00161	0.00403	0.00282	0.00322	0.00564
55	0.85377	0.01007	0.00765	0.00685	0.01007	0.01168	0.00564	0.01531	0.00886	0.02336	0.00725	0.00846	0.00564	0.00483	0.00322	0.00161	0.00403	0.00282	0.00322	0.00564
56	0.02196	0.00856	0.01158	0.00898	0.01279	0.00740	0.00738	0.02396	0.01477	0.72265	0.05444	0.02000	0.04691	0.00691	0.00531	0.00162	0.00427	0.00566	0.00635	0.00851
57	0.01980	0.01459	0.01563	0.01198	0.01615	0.01615	0.00990	0.76713	0.02448	0.03282	0.01250	0.01250	0.00886	0.00625	0.00521	0.00156	0.00573	0.00469	0.00521	0.00886
58	0.83278	0.03031	0.00814	0.00690	0.01015	0.01191	0.00572	0.01532	0.00891	0.02309	0.00725	0.00846	0.00567	0.00482	0.00323	0.00160	0.00407	0.00282	0.00320	0.00567
59	0.01225	0.01394	0.03011	0.02160	0.02665	0.01329	0.73376	0.01651	0.01211	0.01651	0.01038	0.01394	0.00786	0.00459	0.00661	0.00178	0.04248	0.00608	0.00262	0.00697
60	0.02228	0.00862	0.01174	0.00908	0.01292	0.00747	0.00747	0.02433	0.01489	0.73617	0.07207	0.01916	0.01534	0.00673	0.00530	0.00161	0.00430	0.00552	0.00640	0.00860
61	0.00634	0.00531	0.00585	0.03935	0.00834	0.00467	0.00455	0.00768	0.01147	0.01390	0.04668	0.18307	0.61791	0.01340	0.00620	0.00182	0.00289	0.01139	0.00473	0.00443
62	0.01392	0.82012	0.02729	0.00891	0.01337	0.02061	0.00891	0.01559	0.01058	0.01225	0.00724	0.00835	0.00668	0.00446	0.00334	0.00111	0.00557	0.00278	0.00223	0.00668
63	0.00737	0.00532	0.00696	0.00655	0.00778	0.00491	0.00491	0.00983	0.01474	0.02088	0.78175	0.03890	0.04914	0.01065	0.00614	0.00164	0.00246	0.00942	0.00573	0.00491
64	0.01069	0.08279	0.73630	0.01443	0.02189	0.01269	0.01851	0.01643	0.01097	0.01619	0.00920	0.01081	0.00660	0.00491	0.00483	0.00161	0.00755	0.00377	0.00220	0.00762
65	0.00636	0.00528	0.00556	0.00549	0.00716	0.00448	0.00412	0.00786	0.01235	0.01520	0.17386	0.04825	0.66058	0.01277	0.00615	0.00174	0.00261	0.01073	0.00498	0.00448
66	0.01229	0.01405	0.03073	0.02195	0.02722	0.01317	0.76558	0.01668	0.01229	0.01668	0.01054	0.01405	0.00790	0.00439	0.00615	0.00176	0.00878	0.00615	0.00263	0.00702
67	0.02336	0.00886	0.01209	0.00927	0.01329	0.00765	0.00765	0.02538	0.01491	0.78810	0.02055	0.01773	0.01289	0.00645	0.00524	0.00161	0.00443	0.00524	0.00645	0.00886
68	0.01188	0.01164	0.01903	0.34130	0.42806	0.04116	0.04201	0.01511	0.01140	0.01535	0.00954	0.01320	0.00765	0.00489	0.00519	0.00162	0.00670	0.00464	0.00248	0.00713
69	0.01045	0.02694	0.79000	0.01484	0.02254	0.01209	0.01924	0.01649	0.01099	0.01649	0.00935	0.01099	0.00660	0.00495	0.00495	0.00165	0.00770	0.00385	0.00220	0.00770
70	0.00664	0.00531	0.00595	0.00583	0.00738	0.00462	0.00440	0.00839	0.01290	0.01654	0.31249	0.04631	0.50374	0.01231	0.00617	0.00173	0.00262	0.02695	0.00516	0.00459
71	0.00814	0.00581	0.00810	0.00930	0.01039	0.00578	0.00795	0.01035	0.01174	0.01530	0.02771	0.15228	0.03052	0.01462	0.00713	0.00236	0.00458	0.65841	0.00480	0.00473
72	0.01210	0.01183	0.04725	0.01267	0.01365	0.04741	0.01071	0.01444	0.05690	0.06078	0.00950	0.01316	0.00843	0.01172	0.09879	0.00280	0.55432	0.00471	0.00279	0.00604
73	0.01861	0.02262	0.01495	0.01334	0.01584	0.65465	0.01019	0.07457	0.01474	0.01419	0.00824	0.00984	0.00688	0.00584	0.00607	0.00146	0.09536	0.00358	0.00282	0.00621
74	0.01289	0.01237	0.02114	0.03196	0.78450	0.01237	0.01598	0.01598	0.01186	0.01701	0.00980	0.01289	0.00825	0.00464	0.00516	0.00155	0.00619	0.00464	0.00258	0.00825
75	0.01598	0.24648	0.01872	0.11099	0.06332	0.31942	0.01052	0.08548	0.05497	0.01522	0.00919	0.01068	0.00751	0.00522	0.00448	0.00138	0.00720	0.00368	0.00287	0.00669
76	0.01947	0.02438	0.01479	0.01335	0.01610	0.76274	0.01006	0.05269	0.01517	0.01360	0.00824	0.00952	0.00680	0.00540	0.00472	0.00135	0.00923	0.00341	0.00279	0.00616
77	0.00722	0.00532	0.00672	0.00641	0.00768	0.00486	0.00480	0.00946	0.01410	0.01955	0.64566	0.04072	0.15137	0.03163	0.00668	0.00176	0.00259	0.02316	0.00552	0.00479
78	0.01202	0.00974	0.01034	0.00928	0.01201	0.01070	0.00722	0.05412	0.51651	0.05480	0.04097	0.02661	0.19645	0.00850	0.00551	0.00175	0.00383	0.00707	0.00524	0.00734
79	0.01172	0.01097	0.01662	0.57099	0.13273	0.04529	0.02873	0.09173	0.01228	0.01585	0.00964	0.01342	0.00732	0.00523	0.00520	0.00168	0.00686	0.00461	0.00267	0.00647
80	0.00617	0.00520	0.00536	0.00548	0.00709	0.00438	0.00405	0.00745	0.01167	0.01399	0.05023	0.13042	0.70371	0.01352	0.00621	0.00180	0.00268	0.01139	0.00484	0.00438
81	0.00639	0.00521	0.00553	0.00557	0.00705	0.00448	0.00406	0.00770	0.01172	0.01442	0.12074	0.10342	0.60346	0.06783	0.00757	0.00200	0.00281	0.01088	0.00481	0.00435
82	0.02060	0.01330	0.01483	0.01137	0.01551	0.01424	0.00939	0.60040	0.02233	0.20259	0.01431	0.01368	0.00976	0.00630	0.00522	0.00157	0.00544	0.00481	0.00549	0.00886
83	0.43026	0.06164	0.15780	0.00997	0.01413	0.12950	0.00948	0.08759	0.01182	0.03390	0.00849	0.00961	0.00647	0.00508	0.00400	0.00155	0.00577	0.00331	0.00314	0.00650
84	0.00923	0.00600	0.00655	0.00616	0.00705	0.00602	0.00407	0.07877	0.01047	0.02973	0.03401	0.03098	0.09993	0.48034	0.01748	0.00356	0.00432	0.00718	0.15390	0.00426
85	0.01322	0.01132	0.01193	0.01065	0.01364	0.01308	0.00831	0.05657	0.74576	0.02222	0.02086	0.01916	0.01562	0.00703	0.00530	0.00176	0.00418	0.00584	0.00530	0.00827
86	0.78221	0.01046	0.00834	0.00729	0.01059	0.01207	0.00601	0.07982	0.01020	0.02418	0.00770	0.00881	0.00592	0.00496	0.00339	0.00161	0.00417	0.00298	0.00339	0.00592
87	0.00982	0.00915	0.01543	0.78728	0.03524	0.01142	0.01425	0.01317	0.01033	0.01321	0.00925	0.01393	0.00699	0.00548	0.00553	0.01998	0.00689	0.00463	0.00231	0.00571
88	0.01707	0.01252	0.01366	0.01088	0.01472	0.01349	0.00881	0.40339	0.24546	0.09026	0.01540	0.01481	0.01116	0.00625	0.00509	0.00154	0.00494	0.00492	0.00511	0.10053
89	0.00781	0.00579	0.00696	0.00688	0.00779	0.00574	0.00467	0.00960	0.06161	0.01284	0.03386	0.18733	0.07812	0.34630	0.13488	0.00411	0.00562	0.00856	0.00375	0.06778
90	0.01051	0.02655	0.76944	0.01530	0.04291	0.01210	0.01915	0.01648	0.01102	0.01651	0.00936	0.01105	0.00664	0.00494	0.00495	0.00165	0.00766	0.00387	0.00221	0.00771
91	0.01225	0.01436	0.04885	0.02178	0.02711	0.01314	0.74777	0.01668	0.01226	0.01668	0.01051	0.01397	0.00787	0.00440	0.00612	0.00175	0.00875	0.00609	0.00262	0.00704
92	0.00726	0.00532	0.00681	0.00644	0.00771	0.00487	0.00483	0.00962	0.01449	0.02029	0.71788	0.03988	0.11338	0.01087	0.00614	0.00165	0.00247	0.00956	0.00565	0.00487
93	0.01113	0.01636	0.28458	0.01604	0.02112	0.01080	0.32468	0.01530	0.01155	0.05781	0.01413	0.16525	0.01277	0.00696	0.00578	0.00178	0.00708	0.00696	0.00311	0.00682
94	0.01289	0.01237	0.02114	0.03196	0.78450	0.01237	0.01598	0.01598	0.01186	0.01701	0.00980	0.01289	0.00825	0.00464	0.00516	0.00155	0.00619	0.00464	0.00258	0.00825
95	0.01392	0.82012	0.02729	0.00891	0.01337	0.02061	0.00891	0.01559	0.01058	0.01225	0.00724	0.00835	0.00668	0.00446	0.00334	0.00111	0.00557	0.00278	0.00223	0.00668
96	0.00615	0.00528	0.00528	0.00528	0.00703	0.00440	0.00396	0.00747	0.01187	0.01407	0.05276	0.05012	0.78238	0.01319	0.00615	0.00176	0.00264	0.01099	0.00484	0.00440
97	0.01392	0.82012	0.02729	0.00891	0.01337	0.02061	0.00891	0.01559	0.01058	0.01225	0.00724	0.00835	0.00668	0.00446	0.00334	0.00111	0.00557	0.00278	0.00223	0.00668
98	0.00983	0.00926	0.01562	0.80447	0.03587	0.01157	0.01446	0.01331	0.01041	0.01331	0.00926	0.01388	0.00694	0.00521	0.00521	0.00174	0.00694	0.00463	0.00231	0.00579
99	0.01406	0.80024	0.02698	0.00902	0.01343	0.03998	0.00894	0.01572	0.01069	0.01226	0.00726	0.00838	0.00668	0.00448	0.00338	0.00112	0.00566	0.00280	0.00224	0.00667
100	0.01007	0.00950	0.01605	0.74427	0.09421	0.01163	0.01458	0.01351	0.01053	0.01359	0.00930	0.01381	0.00704	0.00516	0.00520	0.00172	0.00688	0.00463	0.00233	0.00598
101	0.00744	0.00558	0.00837	0.00837	0.00930	0.00651	0.00651	0.00930	0.00837	0.01209	0.01395	0.02046	0.01302	0.03906	0.79635	0.00837	0.01395	0.00558	0.00279	0.00465
102	0.00825	0.00589	0.00823	0.00943	0.01056	0.00587	0.00814	0.01054	0.01185	0.01542	0.02765	0.11189	0.03029	0.01452	0.00715	0.00238	0.00467	0.69772	0.00480	0.00476
103	0.13843	0.01394	0.01449	0.01125	0.01528	0.01551	0.00929	0.66018	0.02226	0.03148	0.01176	0.01193	0.00840	0.00605	0.00493	0.00157	0.00549	0.00442	0.00493	0.00840
104	0.01080	0.00926	0.01080	0.00771	0.01234	0.00694	0.00617	0.01311	0.01080	0.01697	0.00926	0.01080	0.00771	0.00386	0.00386	0.00077	0.00386	0.00309	0.00309	0.84882
105	0.00653	0.00540	0.00593	0.00607	0.00757	0.00479	0.00461	0.00795	0.01175	0.01444	0.08683	0.12684	0.58989	0.01337	0.00653	0.00185	0.02085	0.06947	0.00482	0.00447
106	0.01045	0.02694	0.79000	0.01484	0.02254	0.01209	0.01924	0.01649	0.01099	0.01649	0.00935	0.01099	0.00660	0.00495	0.00495	0.00165	0.00770	0.00385	0.00220	0.00770
107	0.04557	0.00889	0.01197	0.00920	0.01321	0.00776	0.00760	0.02511	0.01474	0.76766	0.02019	0.01748	0.01270	0.00640	0.00518	0.00161	0.00442	0.00517	0.00636	0.00878
108	0.00746	0.00538	0.00710	0.00689	0.00810	0.00502	0.00529	0.00988	0.01435	0.02016	0.68553	0.05619	0.04678	0.01116	0.00627	0.00173	0.00272	0.08949	0.00561	0.00489
109	0.01088	0.12523	0.69548	0.01411	0.02140	0.01315	0.01796	0.01638	0.01094	0.01597	0.00908	0.01067	0.00661	0.00489	0.00475	0.00158	0.00743	0.00372	0.00220	0.00757
110	0.00745	0.00554	0.00816	0.00816	0.00901	0.00639	0.00625	0.00916	0.00831	0.01193	0.01414	0.02153	0.01348	0.10024	0.73580	0.00811	0.01325	0.00574	0.00282	0.00453
111	0.85377	0.01007	0.00765	0.00685	0.01007	0.01168	0.00564	0.01531	0.00886	0.02336	0.00725	0.00846	0.00564	0.00483	0.00322	0.00161	0.00403	0.00282	0.00322	0.00564
112	0.00635	0.00502	0.00566	0.00612	0.00727	0.00441	0.00436	0.00749	0.01101	0.01367	0.04187	0.32274	0.46054	0.04869	0.00723	0.00205	0.00294	0.03352	0.00476	0.00430
113	0.00617	0.00524	0.00532	0.00538	0.00706	0.00439	0.00400	0.00746	0.01177	0.01403	0.05145	0.09152	0.74182	0.01336	0.00618	0.00178	0.00266	0.01120	0.00484	0.00439
114	0.01392	0.82012	0.02729	0.00891	0.01337	0.02061	0.00891	0.01559	0.01058	0.01225	0.00724	0.00835	0.00668	0.00446	0.00334	0.00111	0.00557	0.00278	0.00223	0.00668
115	0.81807	0.01014	0.00792	0.00701	0.01027	0.01169	0.00577	0.03169	0.00933	0.03993	0.00765	0.00874	0.00586	0.00490	0.00331	0.00161	0.00407	0.00291	0.00333	0.00578
116	0.00801	0.00547	0.00713	0.00663	0.00799	0.00501	0.00500	0.01042	0.01467	0.05306	0.72859	0.03833	0.06877	0.01054	0.00610	0.00164	0.00255	0.00929	0.00574	0.00507
117	0.00615	0.00528	0.00528	0.00528	0.00703	0.00440	0.00396	0.00747	0.01187	0.01407	0.05276	0.05012	0.78238	0.01319	0.00615	0.00176	0.00264	0.01099	0.00484	0.00440
118	0.01392	0.82012	0.02729	0.00891	0.01337	0.02061	0.00891	0.01559	0.01058	0.01225	0.00724	0.00835	0.00668	0.00446	0.00334	0.00111	0.00557	0.00278	0.00223	0.00668
119	0.26405	0.01118	0.05039	0.36267	0.09808	0.01198	0.07946	0.03547	0.01067	0.01767	0.00891	0.01200	0.00680	0.00498	0.00468	0.00167	0.00616	0.00419	0.00272	0.00626
120	0.01392	0.82012	0.02729	0.00891	0.01337	0.02061	0.00891	0.01559	0.01058	0.01225	0.00724	0.00835	0.00668	0.00446	0.00334	0.00111	0.00557	0.00278	0.00223	0.00668
121	0.01840	0.01366	0.01506	0.05813	0.04955	0.04743	0.01008	0.52507	0.07519	0.09136	0.01372	0.01467	0.01005	0.00638	0.00525	0.00160	0.00573	0.02537	0.00492	0.00838
122	0.00615	0.00528	0.00528	0.00528	0.00703	0.00440	0.00396	0.00747	0.01187	0.01407	0.05276	0.05012	0.78238	0.01319	0.00615	0.00176	0.00264	0.01099	0.00484	0.00440
123	0.00634	0.00529	0.00556	0.00573	0.00736	0.00451	0.00435	0.00772	0.01176	0.01414	0.04934	0.09723	0.67864	0.01347	0.00627	0.00183	0.00283	0.06839	0.00483	0.00442
124	0.01181	0.00993	0.01172	0.00846	0.01305	0.00807	0.02140	0.09569	0.01233	0.01870	0.00964	0.01105	0.00784	0.00413	0.00405	0.00088	0.00416	0.00332	0.00331	0.74048
125	0.00633	0.00457	0.00600	0.00714	0.00753	0.00424	0.00479	0.00726	0.01007	0.01334	0.03000	0.77249	0.07470	0.01615	0.00662	0.00210	0.00300	0.01460	0.00483	0.00424
126	0.01132	0.01535	0.30919	0.01149	0.01561	0.05095	0.02580	0.01497	0.01230	0.10535	0.10955	0.07681	0.01997	0.00885	0.00579	0.00184	0.00579	0.18865	0.00395	0.00646
127	0.05617	0.00930	0.01063	0.00767	0.01222	0.00720	0.00614	0.01323	0.01069	0.01731	0.00915	0.01067	0.00760	0.00391	0.00382	0.00082	0.00387	0.00307	0.00309	0.80343
128	0.00797	0.00634	0.00733	0.00696	0.00822	0.04778	0.00519	0.01028	0.01449	0.02003	0.69926	0.07900	0.04605	0.01067	0.00609	0.00165	0.00286	0.00938	0.00552	0.00494
129	0.01037	0.00879	0.01033	0.00763	0.01184	0.00669	0.00603	0.01262	0.01097	0.01698	0.05220	0.05553	0.01140	0.00490	0.00413	0.00089	0.00374	0.00406	0.00332	0.75759
130	0.01162	0.29409	0.53311	0.01284	0.01945	0.01496	0.01576	0.01619	0.01086	0.01506	0.00864	0.01011	0.00663	0.00478	0.00441	0.00147	0.00698	0.00349	0.00221	0.00736
131	0.01082	0.01020	0.01708	0.47293	0.25939	0.01156	0.03493	0.01463	0.04340	0.01529	0.05154	0.01517	0.01001	0.00538	0.00527	0.00168	0.00640	0.00498	0.00271	0.00662
132	0.00838	0.00590	0.00754	0.00690	0.00835	0.00558	0.00524	0.05093	0.01527	0.03806	0.72394	0.03702	0.04619	0.01032	0.00607	0.00163	0.00268	0.00907	0.00572	0.00521

[dist]
# distance from previous block
# <min> <max>
4	12

[block]
# block no. 4 follows, 47 sequences, length 18
# corresponding to MSA columns:
# 394-411
name=unknown_E
#
# <colnr> <probs for GDERKNQSTAVLIFYWHMCP>
#	G	D	E	R	K	N	Q	S	T	A	V	L	I	F	Y	W	H	M	C	P
0	0.01362	0.01162	0.01195	0.07427	0.01460	0.10926	0.00860	0.29393	0.01622	0.02063	0.01961	0.04118	0.12794	0.01336	0.13437	0.00277	0.00702	0.06843	0.00416	0.00645
1	0.01166	0.01195	0.07247	0.03845	0.48691	0.01085	0.05223	0.01518	0.04577	0.03311	0.01588	0.09552	0.07375	0.00665	0.00543	0.00165	0.00571	0.00625	0.00316	0.00740
2	0.01288	0.65309	0.10050	0.00917	0.01350	0.01807	0.00936	0.01487	0.01049	0.01274	0.02962	0.01154	0.00884	0.07041	0.00545	0.00150	0.00565	0.00346	0.00240	0.00645
3	0.01150	0.19137	0.01450	0.00798	0.01257	0.01001	0.00679	0.01367	0.01075	0.01591	0.00880	0.01025	0.00748	0.00399	0.00374	0.00085	0.00424	0.00302	0.00289	0.65968
4	0.01093	0.01170	0.09326	0.17036	0.20056	0.01043	0.10535	0.04444	0.01187	0.01636	0.01394	0.07400	0.01303	0.00710	0.00559	0.00173	0.00616	0.12527	0.00315	0.07476
5	0.01367	0.11504	0.02128	0.02723	0.61158	0.09101	0.01451	0.01641	0.01198	0.01599	0.00930	0.01197	0.00790	0.00469	0.00488	0.00147	0.00643	0.00428	0.00254	0.00783
6	0.00756	0.00509	0.00589	0.00589	0.00597	0.00516	0.00342	0.00771	0.00764	0.01026	0.01621	0.03300	0.01846	0.75540	0.08745	0.00531	0.00575	0.00742	0.00313	0.00327
7	0.00641	0.00456	0.00602	0.00717	0.00745	0.00427	0.00474	0.00727	0.00984	0.01312	0.02804	0.77137	0.03360	0.05968	0.00772	0.00227	0.00313	0.01441	0.00474	0.00417
8	0.01456	0.01398	0.01262	0.03127	0.01467	0.16833	0.00879	0.08529	0.52612	0.02049	0.01833	0.01746	0.03138	0.00676	0.00519	0.00166	0.00533	0.00538	0.00469	0.00770
9	0.01080	0.00926	0.01080	0.00771	0.01234	0.00694	0.00617	0.01311	0.01080	0.01697	0.00926	0.01080	0.00771	0.00386	0.00386	0.00077	0.00386	0.00309	0.00309	0.84882
10	0.01322	0.31137	0.32115	0.01212	0.01735	0.12799	0.01311	0.01759	0.07312	0.01475	0.00930	0.01050	0.00740	0.00510	0.00466	0.00144	0.02662	0.00358	0.00253	0.00709
11	0.00653	0.00529	0.00579	0.00566	0.00726	0.00455	0.00425	0.00819	0.01274	0.01614	0.27489	0.04670	0.55895	0.01241	0.00615	0.00172	0.00258	0.01051	0.00511	0.00455
12	0.01123	0.00951	0.01103	0.00792	0.01252	0.00738	0.00635	0.04935	0.01146	0.01773	0.00941	0.01088	0.00777	0.00397	0.00392	0.00081	0.00395	0.00316	0.00319	0.80845
13	0.01392	0.82012	0.02729	0.00891	0.01337	0.02061	0.00891	0.01559	0.01058	0.01225	0.00724	0.00835	0.00668	0.00446	0.00334	0.00111	0.00557	0.00278	0.00223	0.00668
14	0.01392	0.82012	0.02729	0.00891	0.01337	0.02061	0.00891	0.01559	0.01058	0.01225	0.00724	0.00835	0.00668	0.00446	0.00334	0.00111	0.00557	0.00278	0.00223	0.00668
15	0.01045	0.02694	0.79000	0.01484	0.02254	0.01209	0.01924	0.01649	0.01099	0.01649	0.00935	0.01099	0.00660	0.00495	0.00495	0.00165	0.00770	0.00385	0.00220	0.00770
16	0.00617	0.00520	0.00535	0.00547	0.00709	0.00438	0.00404	0.00745	0.01168	0.01399	0.05037	0.12571	0.70833	0.01350	0.00620	0.00179	0.00268	0.01137	0.00484	0.00438
17	0.00744	0.00555	0.00823	0.00822	0.00913	0.00641	0.00634	0.00926	0.00856	0.01232	0.03960	0.02153	0.01442	0.06406	0.74435	0.00803	0.01327	0.00577	0.00290	0.00461

[dist]
# distance from previous block
# <min> <max>
0	0

# created by:
# /st0/software/busco_prod/Augustus/scripts/msa2prfl.pl ./align_prep/121531.fa
