[name]
unknown

[dist]
# distance from previous block
# <min> <max>
0	531

[block]
# block no. 0 follows, 46 sequences, length 64
# corresponding to MSA columns:
# 531-560,563-596
name=unknown_A
#
# <colnr> <probs for GDERKNQSTAVLIFYWHMCP>
#	G	D	E	R	K	N	Q	S	T	A	V	L	I	F	Y	W	H	M	C	P
0	0.08036	0.01235	0.03397	0.01446	0.01696	0.02640	0.18709	0.11128	0.01199	0.01771	0.01088	0.01679	0.00973	0.00847	0.03121	0.00216	0.31038	0.07404	0.00313	0.02064
1	0.01340	0.01039	0.01134	0.01022	0.01303	0.01165	0.00792	0.02558	0.61345	0.09261	0.04823	0.08406	0.01854	0.00800	0.00551	0.00180	0.00406	0.00677	0.00547	0.00798
2	0.01170	0.00983	0.01136	0.00818	0.01284	0.00780	0.00657	0.07384	0.01208	0.01852	0.00966	0.01110	0.00792	0.00411	0.00403	0.00085	0.00407	0.00326	0.00331	0.77896
3	0.00685	0.00485	0.00636	0.00734	0.00774	0.00461	0.00503	0.00788	0.01026	0.01371	0.06822	0.59763	0.03331	0.11984	0.00939	0.00253	0.00347	0.08200	0.00473	0.00424
4	0.01231	0.01384	0.02926	0.04843	0.02665	0.01358	0.66612	0.01642	0.01200	0.01642	0.01030	0.01400	0.00789	0.00493	0.00724	0.00183	0.08314	0.00604	0.00263	0.00696
5	0.00952	0.00600	0.00688	0.00631	0.00839	0.00514	0.00485	0.01120	0.01314	0.14972	0.18535	0.04299	0.50746	0.01171	0.00608	0.00174	0.00296	0.00984	0.00537	0.00535
6	0.00639	0.00532	0.00544	0.00546	0.00706	0.00452	0.00399	0.00763	0.01170	0.01405	0.06229	0.06786	0.68731	0.07803	0.00793	0.00206	0.00288	0.01094	0.00479	0.00437
7	0.01182	0.01199	0.01615	0.01387	0.01396	0.04047	0.01152	0.01298	0.00831	0.01273	0.00698	0.01150	0.00694	0.00913	0.01696	0.00228	0.77969	0.00459	0.00233	0.00579
8	0.00679	0.00533	0.00609	0.00608	0.00748	0.00470	0.00450	0.00846	0.01270	0.01640	0.28964	0.10471	0.42892	0.04499	0.00714	0.00192	0.00281	0.03162	0.00514	0.00458
9	0.00718	0.00547	0.00639	0.00649	0.00760	0.00510	0.00458	0.00924	0.05041	0.01581	0.23829	0.21402	0.26630	0.12802	0.00928	0.00231	0.00314	0.01083	0.00494	0.00459
10	0.77921	0.01012	0.00816	0.00717	0.01051	0.01150	0.00590	0.01643	0.00953	0.09023	0.00854	0.00941	0.00637	0.00505	0.00345	0.00164	0.00413	0.00308	0.00356	0.00601
11	0.01763	0.02150	0.01488	0.15047	0.01954	0.61062	0.01081	0.03747	0.01445	0.01382	0.03537	0.01145	0.00841	0.00563	0.00492	0.00145	0.00876	0.00388	0.00283	0.00611
12	0.00779	0.00506	0.00572	0.00582	0.00596	0.00504	0.00339	0.00809	0.00820	0.01140	0.01773	0.09637	0.01997	0.67384	0.02310	0.00452	0.00471	0.00803	0.08181	0.00345
13	0.00959	0.00591	0.00798	0.00853	0.00972	0.00567	0.00679	0.01134	0.01166	0.10260	0.06386	0.24008	0.02938	0.09848	0.00895	0.00252	0.00428	0.36269	0.00494	0.00502
14	0.00998	0.00940	0.01586	0.80150	0.03641	0.01175	0.01468	0.01351	0.01057	0.01351	0.00940	0.01409	0.00705	0.00529	0.00529	0.00176	0.00705	0.00470	0.00235	0.00587
15	0.00652	0.00543	0.00572	0.00589	0.00746	0.00474	0.00432	0.00826	0.03822	0.01442	0.04819	0.18205	0.62295	0.01372	0.00630	0.00185	0.00280	0.01165	0.00493	0.00457
16	0.00880	0.00467	0.00684	0.00690	0.00704	0.00460	0.00465	0.00721	0.00790	0.01065	0.08262	0.08237	0.01506	0.01751	0.01819	0.69924	0.00427	0.00590	0.00284	0.00271
17	0.02010	0.01481	0.01587	0.01216	0.01639	0.01639	0.01005	0.76360	0.02486	0.03332	0.01269	0.01269	0.00899	0.00635	0.00529	0.00159	0.00582	0.00476	0.00529	0.00899
18	0.00729	0.00540	0.00680	0.00645	0.00778	0.00491	0.00484	0.00961	0.01451	0.02013	0.66625	0.04125	0.16274	0.01121	0.00624	0.00168	0.00252	0.00981	0.00568	0.00491
19	0.00756	0.00565	0.00842	0.00842	0.00934	0.00657	0.00652	0.00939	0.00847	0.01222	0.01423	0.02114	0.01338	0.06041	0.77272	0.00841	0.01392	0.00572	0.00284	0.00468
20	0.08690	0.01329	0.01434	0.01120	0.01515	0.01448	0.00919	0.58432	0.02178	0.11498	0.01397	0.05205	0.01045	0.00675	0.00520	0.00162	0.00540	0.00517	0.00525	0.00850
21	0.00932	0.00595	0.00812	0.00887	0.01010	0.00575	0.00719	0.01144	0.02429	0.08714	0.04865	0.29577	0.03058	0.01425	0.00688	0.00224	0.00418	0.40911	0.00507	0.00513
22	0.00774	0.00592	0.00880	0.00869	0.00957	0.00702	0.00677	0.00956	0.00846	0.01225	0.01388	0.02062	0.01305	0.05352	0.74249	0.00815	0.05031	0.00566	0.00282	0.00474
23	0.01219	0.01181	0.01773	0.34889	0.02553	0.05000	0.11458	0.09530	0.01194	0.01589	0.00977	0.03446	0.00810	0.00662	0.00854	0.00188	0.21255	0.00511	0.00279	0.00633
24	0.00796	0.00624	0.00921	0.00898	0.00981	0.00753	0.00703	0.00973	0.00844	0.01228	0.01349	0.02014	0.01272	0.05270	0.69998	0.00781	0.09278	0.00560	0.00279	0.00479
25	0.00662	0.00474	0.00621	0.00715	0.00759	0.00442	0.00481	0.00770	0.01063	0.01428	0.11918	0.66279	0.05377	0.05396	0.00764	0.00222	0.00309	0.01393	0.00494	0.00433
26	0.01656	0.01377	0.03185	0.01093	0.01453	0.07374	0.00899	0.47594	0.08854	0.02679	0.03508	0.02021	0.14424	0.00763	0.00544	0.00163	0.00539	0.00595	0.00497	0.00782
27	0.08183	0.02783	0.06851	0.03092	0.02203	0.04881	0.41735	0.07960	0.01326	0.09000	0.01182	0.04124	0.00913	0.00549	0.00594	0.00173	0.02834	0.00567	0.00333	0.00718
28	0.01438	0.01191	0.01522	0.08671	0.04403	0.02687	0.08633	0.09672	0.42239	0.08276	0.01722	0.01711	0.01276	0.00654	0.00585	0.00176	0.03322	0.00557	0.00466	0.00799
29	0.73899	0.01099	0.03595	0.02426	0.07335	0.01193	0.00722	0.01560	0.00935	0.02277	0.00768	0.00914	0.00600	0.00490	0.00353	0.00163	0.00445	0.00308	0.00317	0.00601
30	0.01811	0.19053	0.01470	0.00877	0.01244	0.01043	0.00751	0.04570	0.01421	0.43290	0.10935	0.02085	0.07765	0.00714	0.00507	0.00154	0.00442	0.00571	0.00532	0.00766
31	0.01891	0.01414	0.01522	0.01169	0.01591	0.01537	0.00962	0.65807	0.06016	0.03128	0.01282	0.01288	0.00923	0.00616	0.00517	0.00152	0.00556	0.00467	0.00509	0.08654
32	0.00727	0.00534	0.00682	0.00663	0.00785	0.00488	0.00494	0.00948	0.01414	0.01961	0.61402	0.11315	0.12936	0.01170	0.00630	0.00174	0.00261	0.02370	0.00562	0.00486
33	0.00775	0.00591	0.00719	0.00685	0.00830	0.00563	0.00513	0.01113	0.08489	0.01973	0.54810	0.07736	0.16968	0.01119	0.00618	0.00172	0.00271	0.00976	0.00558	0.00518
34	0.11784	0.00590	0.00700	0.00720	0.00834	0.00578	0.00509	0.01050	0.01094	0.08332	0.14752	0.42527	0.02999	0.10068	0.00830	0.00228	0.00346	0.01090	0.00480	0.00489
35	0.00830	0.00560	0.00626	0.00608	0.00629	0.00568	0.00354	0.04472	0.00853	0.01138	0.01646	0.03352	0.01872	0.77463	0.02585	0.00495	0.00516	0.00754	0.00331	0.00349
36	0.00708	0.00524	0.00612	0.00661	0.00782	0.00476	0.00498	0.00863	0.01156	0.01511	0.07466	0.24554	0.34662	0.02588	0.00663	0.00198	0.00314	0.12989	0.08323	0.00453
37	0.00769	0.00513	0.00577	0.00577	0.00577	0.00513	0.00320	0.00769	0.00769	0.01025	0.01666	0.03460	0.01922	0.81421	0.02691	0.00513	0.00513	0.00769	0.00320	0.00320
38	0.09394	0.01025	0.01081	0.00898	0.01189	0.01114	0.00720	0.31081	0.10062	0.05888	0.08622	0.01788	0.01475	0.01831	0.00511	0.00159	0.00426	0.00527	0.21495	0.00714
39	0.01092	0.00609	0.00630	0.00585	0.00743	0.00626	0.00449	0.09903	0.01287	0.02135	0.05401	0.01987	0.01480	0.00641	0.00400	0.00129	0.00285	0.00513	0.70564	0.00540
40	0.00648	0.00462	0.00612	0.00731	0.00761	0.00432	0.00485	0.00737	0.01005	0.01339	0.02875	0.78650	0.03447	0.04149	0.00738	0.00224	0.00313	0.01480	0.00485	0.00426
41	0.00862	0.00551	0.00720	0.00703	0.00831	0.00503	0.00517	0.01059	0.01352	0.08859	0.47026	0.24705	0.07861	0.01210	0.00629	0.00180	0.00284	0.01073	0.00559	0.00514
42	0.15727	0.00954	0.01041	0.00768	0.01213	0.00788	0.00617	0.01370	0.01062	0.01836	0.00904	0.01055	0.00746	0.00409	0.00380	0.00093	0.00395	0.00309	0.00316	0.70019
43	0.02092	0.01281	0.01455	0.01123	0.01536	0.01352	0.00925	0.49680	0.05631	0.26994	0.01568	0.01469	0.01061	0.00645	0.00530	0.00161	0.00533	0.00499	0.00569	0.00896
44	0.01908	0.01207	0.01341	0.01051	0.01423	0.01287	0.00861	0.47735	0.04981	0.18305	0.01534	0.01505	0.01075	0.00639	0.00507	0.00155	0.00500	0.00494	0.12652	0.00838
45	0.00953	0.00598	0.00681	0.00626	0.00828	0.00514	0.00476	0.01108	0.01275	0.14913	0.14345	0.04279	0.50881	0.05284	0.00714	0.00191	0.00310	0.00975	0.00523	0.00526
46	0.00674	0.00504	0.00592	0.00628	0.00730	0.00450	0.00441	0.00769	0.01107	0.01409	0.11088	0.29530	0.36471	0.05381	0.00858	0.07011	0.00306	0.01157	0.00470	0.00422
47	0.00769	0.00513	0.00577	0.00577	0.00577	0.00513	0.00320	0.00769	0.00769	0.01025	0.01666	0.03460	0.01922	0.81421	0.02691	0.00513	0.00513	0.00769	0.00320	0.00320
48	0.00782	0.00560	0.00701	0.00768	0.00833	0.00549	0.00525	0.07800	0.01130	0.01508	0.02660	0.67362	0.03127	0.07996	0.00824	0.00233	0.00349	0.01348	0.00481	0.00464
49	0.01267	0.00689	0.00859	0.00758	0.00984	0.00627	0.00585	0.04074	0.03545	0.25363	0.22817	0.12703	0.19998	0.02490	0.00633	0.00180	0.00343	0.00898	0.00565	0.00622
50	0.00856	0.00558	0.00711	0.00765	0.00863	0.00524	0.00543	0.04604	0.01150	0.07679	0.02995	0.60939	0.10269	0.01488	0.00653	0.00205	0.00334	0.03863	0.00506	0.00494
51	0.01248	0.01426	0.03119	0.02228	0.02763	0.01337	0.76203	0.01693	0.01248	0.01693	0.01070	0.01426	0.00802	0.00446	0.00624	0.00178	0.00891	0.00624	0.00267	0.00713
52	0.01265	0.01212	0.02068	0.13951	0.67754	0.01245	0.01601	0.01585	0.01183	0.01675	0.00987	0.01322	0.00819	0.00479	0.00524	0.00160	0.00639	0.00471	0.00258	0.00803
53	0.01096	0.00940	0.01096	0.00783	0.01253	0.00705	0.00626	0.01331	0.01096	0.01723	0.00940	0.01096	0.00783	0.00392	0.00392	0.00078	0.00392	0.00313	0.00313	0.84653
54	0.00918	0.00459	0.00689	0.00689	0.00689	0.00459	0.00459	0.00689	0.00689	0.00918	0.00918	0.01607	0.00918	0.01837	0.02066	0.84619	0.00459	0.00459	0.00230	0.00230
55	0.01261	0.01208	0.02061	0.14920	0.66816	0.01244	0.01599	0.01581	0.01181	0.01670	0.00986	0.01324	0.00817	0.00480	0.00524	0.00160	0.00640	0.00471	0.00258	0.00799
56	0.85155	0.01022	0.00777	0.00695	0.01022	0.01186	0.00573	0.01554	0.00900	0.02372	0.00736	0.00859	0.00573	0.00491	0.00327	0.00164	0.00409	0.00286	0.00327	0.00573
57	0.01007	0.00949	0.01602	0.77969	0.05754	0.01177	0.01473	0.01358	0.01061	0.01361	0.00941	0.01407	0.00708	0.00527	0.00528	0.00176	0.00703	0.00470	0.00236	0.00594
58	0.01380	0.00965	0.01156	0.00847	0.01293	0.00785	0.00685	0.05405	0.01238	0.15975	0.01163	0.01236	0.00884	0.00464	0.00452	0.00101	0.02078	0.00365	0.00386	0.63141
59	0.00644	0.00460	0.00613	0.00736	0.00767	0.00429	0.00491	0.00736	0.01012	0.01350	0.02914	0.81076	0.03497	0.01656	0.00675	0.00215	0.00307	0.01503	0.00491	0.00429
60	0.01672	0.01240	0.01370	0.01051	0.01465	0.01267	0.00856	0.44760	0.05715	0.06048	0.02889	0.03276	0.01068	0.00605	0.00496	0.00139	0.00500	0.00473	0.00474	0.24636
61	0.01880	0.02287	0.01502	0.07701	0.01789	0.65859	0.01051	0.06801	0.03649	0.01454	0.00893	0.01039	0.00723	0.00554	0.00486	0.00142	0.00895	0.00367	0.00293	0.00635
62	0.01642	0.01356	0.01686	0.01329	0.01721	0.03621	0.13485	0.32589	0.29321	0.05177	0.01572	0.01560	0.01150	0.00631	0.00547	0.00169	0.00580	0.00543	0.00486	0.00837
63	0.01191	0.01336	0.02885	0.02089	0.02577	0.01252	0.69133	0.01604	0.01226	0.01661	0.01242	0.08864	0.01054	0.00559	0.00629	0.00182	0.00837	0.00706	0.00288	0.00687

[dist]
# distance from previous block
# <min> <max>
0	11

[block]
# block no. 1 follows, 46 sequences, length 32
# corresponding to MSA columns:
# 608-639
name=unknown_B
#
# <colnr> <probs for GDERKNQSTAVLIFYWHMCP>
#	G	D	E	R	K	N	Q	S	T	A	V	L	I	F	Y	W	H	M	C	P
0	0.00717	0.00534	0.00668	0.00652	0.00779	0.00485	0.00486	0.00931	0.01392	0.01909	0.55847	0.10990	0.18843	0.01188	0.00630	0.00174	0.00263	0.02474	0.00555	0.00482
1	0.00750	0.00546	0.00709	0.00684	0.00812	0.00505	0.00524	0.00992	0.01454	0.02031	0.66851	0.04195	0.09237	0.01130	0.00633	0.00174	0.00271	0.07439	0.00568	0.00495
2	0.01096	0.00940	0.01096	0.00783	0.01253	0.00705	0.00626	0.01331	0.01096	0.01723	0.00940	0.01096	0.00783	0.00392	0.00392	0.00078	0.00392	0.00313	0.00313	0.84653
3	0.01817	0.01318	0.01428	0.01147	0.01528	0.01459	0.00930	0.46068	0.26571	0.09578	0.01627	0.01543	0.01166	0.00663	0.00532	0.00166	0.00517	0.00520	0.00543	0.00879
4	0.00787	0.00550	0.00685	0.00667	0.00807	0.00496	0.00501	0.00988	0.01360	0.05442	0.45049	0.13068	0.22299	0.01205	0.00630	0.00178	0.00279	0.03965	0.00549	0.00496
5	0.00663	0.00537	0.00588	0.00575	0.00737	0.00462	0.00432	0.00832	0.01295	0.01641	0.27633	0.04738	0.55499	0.01260	0.00624	0.00175	0.00262	0.01067	0.00519	0.00462
6	0.01975	0.02520	0.01498	0.01362	0.01634	0.79299	0.01021	0.02111	0.01498	0.01294	0.00817	0.00953	0.00681	0.00545	0.00477	0.00136	0.00953	0.00340	0.00272	0.00613
7	0.85155	0.01022	0.00777	0.00695	0.01022	0.01186	0.00573	0.01554	0.00900	0.02372	0.00736	0.00859	0.00573	0.00491	0.00327	0.00164	0.00409	0.00286	0.00327	0.00573
8	0.52488	0.00895	0.00827	0.00722	0.01006	0.00969	0.00572	0.01593	0.01048	0.15852	0.08093	0.01621	0.01268	0.10298	0.00675	0.00206	0.00414	0.00449	0.00408	0.00594
9	0.00648	0.00536	0.00568	0.00560	0.00728	0.00456	0.00420	0.00804	0.01260	0.01559	0.19103	0.04872	0.64080	0.01290	0.00625	0.00176	0.00264	0.01085	0.00508	0.00456
10	0.01064	0.00868	0.00992	0.00981	0.01181	0.00960	0.00769	0.01964	0.42982	0.01880	0.02467	0.19342	0.02350	0.01092	0.00613	0.00202	0.00412	0.18699	0.00516	0.00668
11	0.02338	0.00907	0.01226	0.00945	0.01350	0.00794	0.00779	0.02584	0.03951	0.76032	0.02088	0.01805	0.01318	0.00656	0.00532	0.00164	0.00449	0.00534	0.00651	0.00898
12	0.00664	0.00469	0.00611	0.00712	0.00741	0.00443	0.00467	0.00747	0.00990	0.01323	0.04547	0.68491	0.03315	0.12666	0.00952	0.00255	0.00334	0.01388	0.00469	0.00416
13	0.00925	0.00688	0.00941	0.00891	0.01027	0.00788	0.00697	0.11125	0.01068	0.01505	0.01404	0.02011	0.01283	0.05911	0.66311	0.00746	0.01275	0.00560	0.00318	0.00525
14	0.00739	0.00505	0.00608	0.00637	0.00652	0.00506	0.00389	0.00776	0.00832	0.01118	0.01933	0.21322	0.02235	0.56317	0.08779	0.00472	0.00542	0.00922	0.00357	0.00359
15	0.00701	0.00554	0.00634	0.00624	0.00773	0.00499	0.00464	0.00928	0.04222	0.01720	0.33155	0.11208	0.40126	0.01243	0.00625	0.00177	0.00270	0.01068	0.00528	0.00480
16	0.00655	0.00467	0.00622	0.00741	0.00775	0.00438	0.00500	0.00750	0.01014	0.01351	0.02881	0.76461	0.03443	0.03497	0.00724	0.00223	0.00318	0.04226	0.00487	0.00429
17	0.00918	0.00459	0.00689	0.00689	0.00689	0.00459	0.00459	0.00689	0.00689	0.00918	0.00918	0.01607	0.00918	0.01837	0.02066	0.84619	0.00459	0.00459	0.00230	0.00230
18	0.67777	0.00989	0.00849	0.00739	0.01069	0.01104	0.00606	0.01711	0.03034	0.13205	0.04033	0.01145	0.00881	0.00544	0.00374	0.00164	0.00409	0.00356	0.00390	0.00623
19	0.01356	0.01342	0.02012	0.06590	0.64125	0.08107	0.01519	0.03616	0.01257	0.01707	0.01081	0.01365	0.02544	0.00504	0.00522	0.00157	0.00651	0.00474	0.00274	0.00799
20	0.85155	0.01022	0.00777	0.00695	0.01022	0.01186	0.00573	0.01554	0.00900	0.02372	0.00736	0.00859	0.00573	0.00491	0.00327	0.00164	0.00409	0.00286	0.00327	0.00573
21	0.00651	0.00466	0.00620	0.00731	0.00768	0.00434	0.00491	0.00755	0.01046	0.01404	0.08200	0.75634	0.03602	0.01616	0.00671	0.00211	0.00303	0.01464	0.00497	0.00434
22	0.01122	0.01035	0.01731	0.10885	0.45096	0.01052	0.04821	0.03221	0.01173	0.01629	0.01482	0.21408	0.01492	0.00779	0.00567	0.00175	0.00567	0.00738	0.00323	0.00703
23	0.01969	0.01379	0.01430	0.01140	0.01522	0.08211	0.00924	0.43798	0.10068	0.19170	0.01550	0.03887	0.01124	0.00671	0.00530	0.00162	0.00560	0.00521	0.00533	0.00853
24	0.01024	0.00530	0.00534	0.00520	0.00655	0.00536	0.00394	0.04085	0.01161	0.02023	0.01707	0.01944	0.01338	0.00617	0.00376	0.00125	0.00259	0.00492	0.81173	0.00508
25	0.80563	0.01018	0.00821	0.05031	0.01165	0.01185	0.00621	0.01543	0.00908	0.02316	0.00747	0.00889	0.00580	0.00493	0.00338	0.00164	0.00425	0.00296	0.00322	0.00573
26	0.01096	0.00940	0.01096	0.00783	0.01253	0.00705	0.00626	0.01331	0.01096	0.01723	0.00940	0.01096	0.00783	0.00392	0.00392	0.00078	0.00392	0.00313	0.00313	0.84653
27	0.00791	0.00542	0.00704	0.00736	0.00828	0.00512	0.00523	0.03763	0.01259	0.04280	0.29713	0.47718	0.03860	0.01377	0.00646	0.00193	0.00301	0.01235	0.00530	0.00488
28	0.00908	0.00814	0.01293	0.55142	0.02737	0.00957	0.01154	0.01217	0.01167	0.01527	0.18209	0.02317	0.09008	0.00727	0.00559	0.00174	0.00563	0.00638	0.00335	0.00554
29	0.02084	0.01044	0.05443	0.00992	0.01399	0.00903	0.00849	0.04118	0.14066	0.58538	0.02080	0.01843	0.02786	0.00669	0.00533	0.00167	0.00462	0.00545	0.00606	0.00874
30	0.00638	0.00513	0.00569	0.00604	0.00734	0.00444	0.00434	0.00766	0.01163	0.01444	0.08756	0.27980	0.51265	0.01420	0.00640	0.00189	0.00278	0.01224	0.00496	0.00444
31	0.00675	0.00486	0.00645	0.00754	0.00807	0.00456	0.00533	0.00796	0.01072	0.01424	0.07082	0.64522	0.06382	0.01588	0.00677	0.00214	0.00325	0.10625	0.00495	0.00441

[dist]
# distance from previous block
# <min> <max>
0	17

[block]
# block no. 2 follows, 46 sequences, length 16
# corresponding to MSA columns:
# 657-672
name=unknown_C
#
# <colnr> <probs for GDERKNQSTAVLIFYWHMCP>
#	G	D	E	R	K	N	Q	S	T	A	V	L	I	F	Y	W	H	M	C	P
0	0.16930	0.01000	0.01240	0.00983	0.01367	0.00980	0.03834	0.08434	0.07217	0.47503	0.01762	0.01709	0.01197	0.00644	0.00505	0.00167	0.00470	0.02684	0.00556	0.00817
1	0.01060	0.02735	0.78682	0.01507	0.02288	0.01228	0.01953	0.01674	0.01116	0.01674	0.00949	0.01116	0.00670	0.00502	0.00502	0.00167	0.00781	0.00391	0.00223	0.00781
2	0.00755	0.00566	0.00850	0.00850	0.00944	0.00661	0.00661	0.00944	0.00850	0.01227	0.01416	0.02077	0.01322	0.03965	0.79326	0.00850	0.01416	0.00566	0.00283	0.00472
3	0.02023	0.01214	0.01397	0.01081	0.01475	0.01264	0.00889	0.46094	0.02087	0.27719	0.07862	0.01663	0.01370	0.00678	0.00538	0.00161	0.00511	0.00534	0.00574	0.00866
4	0.85155	0.01022	0.00777	0.00695	0.01022	0.01186	0.00573	0.01554	0.00900	0.02372	0.00736	0.00859	0.00573	0.00491	0.00327	0.00164	0.00409	0.00286	0.00327	0.00573
5	0.02248	0.00872	0.01187	0.00920	0.01307	0.00756	0.00756	0.02456	0.01512	0.72682	0.07846	0.01963	0.01588	0.00687	0.00539	0.00164	0.00435	0.00564	0.00649	0.00869
6	0.00860	0.00564	0.00732	0.00681	0.00827	0.00514	0.00514	0.01093	0.01461	0.07854	0.64737	0.06990	0.08973	0.01087	0.00619	0.00169	0.00268	0.00955	0.00578	0.00523
7	0.00644	0.00460	0.00613	0.00736	0.00767	0.00429	0.00491	0.00736	0.01012	0.01350	0.02914	0.81076	0.03497	0.01656	0.00675	0.00215	0.00307	0.01503	0.00491	0.00429
8	0.85155	0.01022	0.00777	0.00695	0.01022	0.01186	0.00573	0.01554	0.00900	0.02372	0.00736	0.00859	0.00573	0.00491	0.00327	0.00164	0.00409	0.00286	0.00327	0.00573
9	0.00987	0.00593	0.00783	0.00706	0.00872	0.00540	0.00540	0.01229	0.01499	0.13334	0.66719	0.03633	0.04448	0.01018	0.00610	0.00166	0.00279	0.00894	0.00593	0.00558
10	0.00641	0.00471	0.00602	0.00707	0.00759	0.00432	0.00478	0.00739	0.01040	0.01361	0.03272	0.69917	0.14424	0.01610	0.00667	0.00209	0.00301	0.01446	0.00491	0.00432
11	0.02010	0.01481	0.01587	0.01216	0.01639	0.01639	0.01005	0.76360	0.02486	0.03332	0.01269	0.01269	0.00899	0.00635	0.00529	0.00159	0.00582	0.00476	0.00529	0.00899
12	0.18516	0.00958	0.01134	0.00912	0.01289	0.00937	0.00746	0.02409	0.12502	0.52302	0.01830	0.01640	0.01209	0.00631	0.00492	0.00166	0.00437	0.00493	0.00573	0.00826
13	0.01053	0.00618	0.00804	0.00748	0.00911	0.00576	0.00560	0.01317	0.05102	0.15906	0.43194	0.18936	0.03768	0.03238	0.00668	0.00185	0.00313	0.00966	0.00568	0.00570
14	0.00652	0.00465	0.00615	0.00728	0.00760	0.00435	0.00485	0.00746	0.01020	0.01364	0.05420	0.75530	0.03488	0.04635	0.00749	0.00224	0.00312	0.01457	0.00487	0.00428
15	0.00772	0.00575	0.00815	0.00807	0.00877	0.00660	0.00602	0.00916	0.00830	0.01184	0.01447	0.02354	0.01434	0.21125	0.59603	0.00753	0.03906	0.00608	0.00290	0.00442

[dist]
# distance from previous block
# <min> <max>
0	1

[block]
# block no. 3 follows, 46 sequences, length 16
# corresponding to MSA columns:
# 674-689
name=unknown_D
#
# <colnr> <probs for GDERKNQSTAVLIFYWHMCP>
#	G	D	E	R	K	N	Q	S	T	A	V	L	I	F	Y	W	H	M	C	P
0	0.01015	0.00958	0.01648	0.72820	0.05310	0.01167	0.04872	0.01357	0.01060	0.01365	0.00946	0.01413	0.00718	0.00555	0.00570	0.02218	0.00705	0.00477	0.00237	0.00590
1	0.19297	0.01126	0.01512	0.38414	0.16991	0.06818	0.02749	0.01486	0.01074	0.01631	0.00899	0.01245	0.00709	0.00553	0.00534	0.03010	0.00640	0.00424	0.00263	0.00624
2	0.54965	0.00972	0.00957	0.00810	0.01126	0.01062	0.04067	0.05413	0.01156	0.09541	0.13918	0.01516	0.01415	0.00611	0.00420	0.00164	0.00417	0.00448	0.00409	0.00614
3	0.01278	0.01351	0.01552	0.09686	0.01668	0.16319	0.03610	0.03343	0.01039	0.01353	0.00948	0.06972	0.00925	0.02201	0.01238	0.00207	0.44933	0.00526	0.00269	0.00584
4	0.01023	0.00602	0.00750	0.00697	0.00883	0.00532	0.00532	0.01209	0.01344	0.16971	0.29633	0.13471	0.26177	0.01155	0.00615	0.00177	0.00308	0.02813	0.00555	0.00554
5	0.01182	0.00539	0.00786	0.00734	0.00809	0.00517	0.00517	0.01031	0.00838	0.14989	0.01130	0.01642	0.00989	0.01622	0.01788	0.69300	0.00457	0.00472	0.00307	0.00351
6	0.01221	0.01167	0.01988	0.24867	0.57182	0.01233	0.01579	0.01546	0.01163	0.01621	0.00979	0.01337	0.00800	0.00487	0.00525	0.00162	0.00650	0.00471	0.00254	0.00767
7	0.01286	0.01233	0.02105	0.08803	0.72740	0.01250	0.01611	0.01603	0.01193	0.01700	0.00990	0.01316	0.00828	0.00475	0.00524	0.00158	0.00634	0.00471	0.00260	0.00819
8	0.00717	0.00538	0.00659	0.00629	0.00763	0.00486	0.00468	0.00929	0.01397	0.01906	0.56743	0.04223	0.23506	0.03878	0.00694	0.00181	0.00263	0.00990	0.00550	0.00479
9	0.65473	0.01317	0.14918	0.00848	0.01255	0.01165	0.00827	0.01590	0.00971	0.04333	0.02777	0.01010	0.00723	0.00512	0.00372	0.00164	0.00474	0.00329	0.00324	0.00618
10	0.69845	0.00935	0.00764	0.00690	0.00980	0.01061	0.00559	0.01453	0.01008	0.02326	0.14722	0.01419	0.01373	0.00598	0.00381	0.00164	0.00380	0.00408	0.00373	0.00559
11	0.00896	0.00647	0.00789	0.00818	0.00919	0.00652	0.00579	0.14454	0.01272	0.01699	0.02576	0.64118	0.02975	0.04022	0.00713	0.00214	0.00363	0.01293	0.00492	0.00511
12	0.00907	0.00576	0.00712	0.00718	0.00859	0.00523	0.00528	0.02783	0.01225	0.10985	0.12595	0.34703	0.23409	0.02729	0.00672	0.00198	0.00325	0.04523	0.00520	0.00512
13	0.02306	0.01005	0.01292	0.00991	0.01402	0.00933	0.00818	0.15960	0.01690	0.64857	0.01938	0.01703	0.01234	0.00651	0.00531	0.00163	0.00474	0.00522	0.00632	0.00900
14	0.01050	0.00763	0.00969	0.00995	0.01174	0.00787	0.00856	0.14730	0.01446	0.01891	0.02654	0.05066	0.06541	0.01304	0.00688	0.00225	0.00493	0.57312	0.00495	0.00559
15	0.00746	0.00527	0.00649	0.00703	0.00796	0.00497	0.00511	0.02795	0.01150	0.01553	0.10708	0.39401	0.16751	0.03076	0.00711	0.02226	0.00322	0.08648	0.07773	0.00456

[dist]
# distance from previous block
# <min> <max>
0	4

[block]
# block no. 4 follows, 46 sequences, length 10
# corresponding to MSA columns:
# 694-703
name=unknown_E
#
# <colnr> <probs for GDERKNQSTAVLIFYWHMCP>
#	G	D	E	R	K	N	Q	S	T	A	V	L	I	F	Y	W	H	M	C	P
0	0.00715	0.00484	0.00592	0.00655	0.00677	0.00469	0.00411	0.00774	0.00911	0.01237	0.02313	0.43504	0.02709	0.36398	0.01540	0.00340	0.00394	0.01135	0.04359	0.00385
1	0.00640	0.00476	0.00597	0.00694	0.00756	0.00433	0.00472	0.00741	0.01053	0.01366	0.03425	0.65160	0.19082	0.01590	0.00664	0.00207	0.00299	0.01422	0.00491	0.00433
2	0.04942	0.18247	0.01788	0.01119	0.01544	0.01678	0.00958	0.54563	0.02087	0.06323	0.01175	0.01190	0.00860	0.00592	0.00482	0.00150	0.00566	0.00431	0.00464	0.00841
3	0.01350	0.01570	0.06180	0.01714	0.03796	0.15532	0.36043	0.01945	0.17180	0.01712	0.01420	0.03349	0.02833	0.00594	0.00574	0.00172	0.00756	0.02232	0.00337	0.00710
4	0.67740	0.01118	0.00947	0.00804	0.01152	0.01281	0.00663	0.17222	0.01232	0.02573	0.00848	0.00945	0.00641	0.00521	0.00369	0.00163	0.00445	0.00326	0.00369	0.00641
5	0.00857	0.00475	0.00657	0.00657	0.00694	0.00456	0.00447	0.00703	0.00797	0.01025	0.01848	0.02336	0.17044	0.01732	0.01764	0.66933	0.00419	0.00597	0.00284	0.00275
6	0.02342	0.00948	0.01257	0.00963	0.01374	0.00849	0.00796	0.08700	0.01594	0.72252	0.02018	0.01755	0.01275	0.00653	0.00531	0.00163	0.00461	0.00527	0.00644	0.00900
7	0.01160	0.00968	0.01067	0.01012	0.01253	0.01090	0.00799	0.02265	0.54493	0.01994	0.02390	0.05898	0.04185	0.03250	0.00647	0.00203	0.00426	0.15655	0.00518	0.00724
8	0.01511	0.00987	0.04908	0.21849	0.01914	0.00957	0.00986	0.11417	0.03386	0.26583	0.01799	0.18204	0.01532	0.00823	0.00559	0.00178	0.00519	0.00707	0.00470	0.00711
9	0.01442	0.01199	0.01267	0.01102	0.01423	0.01374	0.00868	0.16281	0.63489	0.02417	0.01990	0.01844	0.01483	0.00702	0.00536	0.00176	0.00448	0.00575	0.00536	0.00848

[dist]
# distance from previous block
# <min> <max>
8	24

[block]
# block no. 5 follows, 46 sequences, length 70
# corresponding to MSA columns:
# 729-798
name=unknown_F
#
# <colnr> <probs for GDERKNQSTAVLIFYWHMCP>
#	G	D	E	R	K	N	Q	S	T	A	V	L	I	F	Y	W	H	M	C	P
0	0.03034	0.10167	0.01460	0.02671	0.09431	0.01164	0.02874	0.17162	0.10427	0.10011	0.03848	0.15935	0.02702	0.03188	0.00596	0.00176	0.00487	0.00685	0.00445	0.03538
1	0.01258	0.38708	0.38181	0.01194	0.01790	0.01622	0.01389	0.05136	0.01172	0.01568	0.03020	0.01080	0.00805	0.00502	0.00432	0.00142	0.00658	0.00361	0.00249	0.00732
2	0.03782	0.09165	0.13468	0.03286	0.01620	0.01281	0.02399	0.16661	0.18165	0.06735	0.01320	0.01353	0.00985	0.00558	0.00478	0.00146	0.00534	0.00440	0.00401	0.17224
3	0.02744	0.02991	0.43019	0.01179	0.01676	0.01010	0.01331	0.03650	0.06370	0.01808	0.15952	0.12543	0.01944	0.00786	0.00546	0.00173	0.00574	0.00662	0.00360	0.00681
4	0.07254	0.09050	0.16066	0.00992	0.01360	0.02457	0.00953	0.08717	0.03584	0.12695	0.20362	0.05621	0.02151	0.00795	0.00534	0.00167	0.00489	0.05626	0.00448	0.00678
5	0.01162	0.01204	0.02190	0.14062	0.14214	0.02827	0.31334	0.01489	0.01160	0.01595	0.06611	0.04082	0.01164	0.00620	0.00754	0.00181	0.12613	0.00594	0.00287	0.01856
6	0.04170	0.01411	0.17175	0.01120	0.01527	0.02809	0.01047	0.02292	0.38048	0.12287	0.01817	0.01983	0.01398	0.00697	0.00530	0.00174	0.00513	0.06209	0.00462	0.04331
7	0.01149	0.04497	0.50102	0.03136	0.17531	0.01269	0.03917	0.01765	0.08418	0.01719	0.01070	0.01243	0.00799	0.00514	0.00509	0.00165	0.00711	0.00432	0.00263	0.00790
8	0.13588	0.01580	0.17488	0.03083	0.02193	0.03446	0.36829	0.01646	0.01157	0.03689	0.01030	0.02746	0.00797	0.00502	0.00556	0.00167	0.02397	0.00507	0.00283	0.06314
9	0.01163	0.00790	0.00948	0.00852	0.01050	0.02391	0.00655	0.04883	0.09544	0.13886	0.24033	0.18050	0.08116	0.01030	0.00667	0.00177	0.05791	0.00870	0.00519	0.04584
10	0.00718	0.00536	0.00662	0.00719	0.00807	0.00507	0.00504	0.02942	0.03812	0.01561	0.14337	0.52741	0.15263	0.01460	0.00651	0.00199	0.00304	0.01301	0.00507	0.00470
11	0.65724	0.01211	0.05293	0.00998	0.07275	0.03514	0.00775	0.06675	0.01061	0.02316	0.00807	0.00940	0.00624	0.00501	0.00371	0.00162	0.00475	0.00321	0.00328	0.00629
12	0.00964	0.00662	0.00850	0.00888	0.01032	0.00659	0.00723	0.07068	0.02784	0.05401	0.06028	0.19161	0.07851	0.05016	0.00769	0.00231	0.00434	0.38455	0.00497	0.00526
13	0.01346	0.01245	0.01807	0.04635	0.46340	0.05026	0.01359	0.10176	0.04376	0.01847	0.01252	0.03254	0.01117	0.00654	0.00628	0.00172	0.06030	0.07643	0.00327	0.00767
14	0.08658	0.05668	0.38160	0.01368	0.03479	0.01288	0.06718	0.14879	0.03560	0.05696	0.01168	0.04963	0.00906	0.00586	0.00504	0.00166	0.00659	0.00475	0.00333	0.00766
15	0.00847	0.00607	0.00845	0.00964	0.01087	0.00605	0.00842	0.01088	0.01217	0.01579	0.02854	0.05944	0.04658	0.01458	0.00728	0.00242	0.00482	0.72980	0.00487	0.00486
16	0.00961	0.00609	0.00774	0.00770	0.00924	0.00572	0.00590	0.01217	0.05595	0.11649	0.22563	0.24119	0.14230	0.01248	0.00636	0.00192	0.00338	0.11932	0.00538	0.00543
17	0.00886	0.00565	0.00702	0.00674	0.00825	0.00505	0.00499	0.01065	0.01316	0.10595	0.34810	0.17864	0.22973	0.03458	0.00681	0.00188	0.00295	0.01041	0.00543	0.00514
18	0.01074	0.00916	0.01073	0.00781	0.01229	0.00691	0.00620	0.01302	0.01092	0.01705	0.01035	0.04969	0.00914	0.00453	0.00405	0.00085	0.00387	0.00371	0.00322	0.80575
19	0.00780	0.00558	0.00617	0.00601	0.00778	0.00477	0.00451	0.00929	0.01246	0.07620	0.13272	0.11608	0.56607	0.01283	0.00622	0.00179	0.00284	0.01086	0.00514	0.00487
20	0.00973	0.00683	0.00796	0.00779	0.00909	0.00692	0.00561	0.07714	0.09714	0.05312	0.04372	0.24301	0.10495	0.23025	0.01185	0.00282	0.00415	0.06812	0.00463	0.00517
21	0.02319	0.00985	0.01280	0.00981	0.01392	0.00904	0.00811	0.13442	0.01656	0.67421	0.01965	0.01721	0.01248	0.00651	0.00531	0.00163	0.00469	0.00523	0.00636	0.00900
22	0.85155	0.01022	0.00777	0.00695	0.01022	0.01186	0.00573	0.01554	0.00900	0.02372	0.00736	0.00859	0.00573	0.00491	0.00327	0.00164	0.00409	0.00286	0.00327	0.00573
23	0.00632	0.00531	0.00549	0.00555	0.00721	0.00448	0.00412	0.00769	0.01206	0.01457	0.08724	0.10189	0.69303	0.01348	0.00628	0.00180	0.00270	0.01134	0.00495	0.00448
24	0.00644	0.00460	0.00613	0.00736	0.00767	0.00429	0.00491	0.00736	0.01012	0.01350	0.02914	0.81076	0.03497	0.01656	0.00675	0.00215	0.00307	0.01503	0.00491	0.00429
25	0.02063	0.01395	0.01534	0.01176	0.01597	0.01512	0.00971	0.65494	0.02342	0.14400	0.01389	0.01347	0.00959	0.00638	0.00529	0.00159	0.00562	0.00484	0.00547	0.00899
26	0.02342	0.00906	0.01226	0.00944	0.01350	0.00792	0.00779	0.02583	0.03632	0.76353	0.02087	0.01804	0.01317	0.00656	0.00532	0.00164	0.00449	0.00533	0.00651	0.00898
27	0.00646	0.00468	0.00606	0.00716	0.00757	0.00433	0.00479	0.00739	0.01021	0.01347	0.03072	0.72828	0.09360	0.03906	0.00728	0.00220	0.00309	0.01451	0.00486	0.00428
28	0.00998	0.00940	0.01586	0.80150	0.03641	0.01175	0.01468	0.01351	0.01057	0.01351	0.00940	0.01409	0.00705	0.00529	0.00529	0.00176	0.00705	0.00470	0.00235	0.00587
29	0.00998	0.00940	0.01586	0.80150	0.03641	0.01175	0.01468	0.01351	0.01057	0.01351	0.00940	0.01409	0.00705	0.00529	0.00529	0.00176	0.00705	0.00470	0.00235	0.00587
30	0.00730	0.00540	0.00681	0.00646	0.00779	0.00491	0.00485	0.00962	0.01454	0.02018	0.67169	0.04117	0.15727	0.01119	0.00624	0.00168	0.00252	0.00980	0.00569	0.00491
31	0.00639	0.00529	0.00561	0.00576	0.00734	0.00451	0.00429	0.00777	0.01198	0.01457	0.08520	0.13604	0.63937	0.01365	0.00633	0.00184	0.00277	0.03183	0.00495	0.00448
32	0.02302	0.00968	0.01264	0.00974	0.01381	0.00884	0.00803	0.10412	0.03833	0.68280	0.02001	0.01748	0.01274	0.00654	0.00532	0.00164	0.00463	0.00528	0.00638	0.00898
33	0.00998	0.00940	0.01586	0.80150	0.03641	0.01175	0.01468	0.01351	0.01057	0.01351	0.00940	0.01409	0.00705	0.00529	0.00529	0.00176	0.00705	0.00470	0.00235	0.00587
34	0.00998	0.00940	0.01586	0.80150	0.03641	0.01175	0.01468	0.01351	0.01057	0.01351	0.00940	0.01409	0.00705	0.00529	0.00529	0.00176	0.00705	0.00470	0.00235	0.00587
35	0.00736	0.00538	0.00691	0.00657	0.00783	0.00493	0.00491	0.00973	0.01462	0.02048	0.70438	0.05975	0.10506	0.01115	0.00625	0.00168	0.00252	0.00982	0.00573	0.00493
36	0.02010	0.01481	0.01587	0.01216	0.01639	0.01639	0.01005	0.76360	0.02486	0.03332	0.01269	0.01269	0.00899	0.00635	0.00529	0.00159	0.00582	0.00476	0.00529	0.00899
37	0.00696	0.00521	0.00652	0.00745	0.00810	0.00501	0.00510	0.00903	0.07077	0.01425	0.03079	0.67779	0.10217	0.01552	0.00659	0.00209	0.00312	0.01395	0.00495	0.00463
38	0.01308	0.01256	0.02146	0.03245	0.78123	0.01256	0.01622	0.01622	0.01204	0.01727	0.00994	0.01308	0.00837	0.00471	0.00523	0.00157	0.00628	0.00471	0.00262	0.00837
39	0.01977	0.02449	0.01504	0.01352	0.01635	0.74029	0.01020	0.07150	0.01565	0.01432	0.00848	0.00975	0.00696	0.00551	0.00480	0.00138	0.00928	0.00350	0.00290	0.00632
40	0.01242	0.01399	0.02965	0.02141	0.02629	0.01359	0.68876	0.01680	0.02591	0.01669	0.01059	0.01415	0.00808	0.00489	0.00711	0.00182	0.07200	0.00611	0.00269	0.00705
41	0.00929	0.00651	0.00952	0.00918	0.01050	0.00623	0.07165	0.06102	0.01169	0.07637	0.02544	0.60764	0.02866	0.01450	0.02286	0.00217	0.00411	0.01260	0.00482	0.00524
42	0.01308	0.01256	0.02146	0.03245	0.78123	0.01256	0.01622	0.01622	0.01204	0.01727	0.00994	0.01308	0.00837	0.00471	0.00523	0.00157	0.00628	0.00471	0.00262	0.00837
43	0.01079	0.01022	0.01731	0.60174	0.22988	0.01196	0.01508	0.01421	0.01095	0.01448	0.00954	0.01383	0.00739	0.00514	0.00527	0.00171	0.00685	0.00470	0.00242	0.00652
44	0.00998	0.00940	0.01586	0.80150	0.03641	0.01175	0.01468	0.01351	0.01057	0.01351	0.00940	0.01409	0.00705	0.00529	0.00529	0.00176	0.00705	0.00470	0.00235	0.00587
45	0.00644	0.00460	0.00613	0.00736	0.00767	0.00429	0.00491	0.00736	0.01012	0.01350	0.02914	0.81076	0.03497	0.01656	0.00675	0.00215	0.00307	0.01503	0.00491	0.00429
46	0.01191	0.01215	0.01614	0.01387	0.01398	0.04931	0.01151	0.01308	0.00839	0.01273	0.00699	0.01148	0.00693	0.00909	0.01681	0.00227	0.77064	0.00457	0.00233	0.00580
47	0.04505	0.00903	0.01215	0.00934	0.01341	0.00788	0.00772	0.02550	0.01497	0.76528	0.02051	0.01775	0.01290	0.00650	0.00526	0.00164	0.00449	0.00525	0.00646	0.00891
48	0.00637	0.00528	0.00557	0.00567	0.00726	0.00449	0.00419	0.00775	0.01208	0.01475	0.10857	0.12934	0.64346	0.01352	0.00630	0.00181	0.00270	0.01143	0.00498	0.00449
49	0.01349	0.01179	0.01203	0.01079	0.01377	0.03910	0.00839	0.04721	0.71270	0.02206	0.02076	0.01920	0.01559	0.00707	0.00533	0.00176	0.00437	0.00584	0.02051	0.00825
50	0.00690	0.00542	0.00618	0.00614	0.00756	0.00484	0.00453	0.00880	0.02655	0.01650	0.28945	0.10707	0.41706	0.04841	0.00721	0.00193	0.00282	0.02285	0.00514	0.00465
51	0.02079	0.00965	0.01218	0.00978	0.01357	0.00926	0.00794	0.02641	0.22513	0.57316	0.02104	0.01847	0.01393	0.00672	0.00533	0.00168	0.00441	0.00550	0.00622	0.00882
52	0.02046	0.01423	0.01551	0.01189	0.01611	0.01553	0.00982	0.69002	0.02389	0.10827	0.01351	0.01322	0.00940	0.00637	0.00529	0.00159	0.00569	0.00482	0.00541	0.00899
53	0.02354	0.00928	0.01244	0.00954	0.01364	0.00819	0.00788	0.06149	0.01560	0.74850	0.02046	0.01774	0.01289	0.00653	0.00531	0.00163	0.00456	0.00529	0.00648	0.00900
54	0.01425	0.01111	0.01199	0.01062	0.01372	0.01259	0.00831	0.02785	0.69255	0.10190	0.02145	0.01954	0.01582	0.00711	0.00537	0.00178	0.00422	0.00591	0.00550	0.00843
55	0.01007	0.00513	0.00515	0.00508	0.00637	0.00516	0.00383	0.02786	0.01137	0.01999	0.01715	0.01956	0.01346	0.00616	0.00373	0.00124	0.00253	0.00492	0.82622	0.00501
56	0.00769	0.00513	0.00577	0.00577	0.00577	0.00513	0.00320	0.00769	0.00769	0.01025	0.01666	0.03460	0.01922	0.81421	0.02691	0.00513	0.00513	0.00769	0.00320	0.00320
57	0.00664	0.00484	0.00631	0.00740	0.00797	0.00451	0.00520	0.00777	0.01055	0.01383	0.03163	0.64841	0.11414	0.01601	0.00675	0.00214	0.00322	0.09340	0.00490	0.00437
58	0.00769	0.00513	0.00577	0.00577	0.00577	0.00513	0.00320	0.00769	0.00769	0.01025	0.01666	0.03460	0.01922	0.81421	0.02691	0.00513	0.00513	0.00769	0.00320	0.00320
59	0.01096	0.00940	0.01096	0.00783	0.01253	0.00705	0.00626	0.01331	0.01096	0.01723	0.00940	0.01096	0.00783	0.00392	0.00392	0.00078	0.00392	0.00313	0.00313	0.84653
60	0.00722	0.00516	0.00640	0.00646	0.00724	0.00484	0.00443	0.00864	0.01183	0.01619	0.36610	0.19993	0.09740	0.22090	0.01171	0.00267	0.00331	0.01034	0.00488	0.00434
61	0.02372	0.00900	0.01227	0.00941	0.01350	0.00777	0.00777	0.02576	0.01513	0.78489	0.02086	0.01799	0.01309	0.00654	0.00532	0.00164	0.00450	0.00532	0.00654	0.00900
62	0.00831	0.00602	0.00822	0.00933	0.01060	0.00593	0.00810	0.01064	0.01216	0.01568	0.03038	0.05882	0.10028	0.01449	0.00720	0.00237	0.00466	0.67711	0.00487	0.00483
63	0.00933	0.00509	0.00714	0.00706	0.00726	0.00521	0.00474	0.00839	0.05885	0.01015	0.01061	0.01779	0.01045	0.08080	0.02012	0.72210	0.00461	0.00493	0.00258	0.00278
64	0.01371	0.63770	0.08483	0.01149	0.07526	0.01906	0.01038	0.01676	0.06252	0.01381	0.00868	0.00982	0.00754	0.00476	0.00380	0.00125	0.00577	0.00327	0.00250	0.00710
65	0.00851	0.00650	0.00797	0.00845	0.00968	0.00668	0.00648	0.01272	0.16196	0.01622	0.07779	0.28687	0.07480	0.06710	0.00793	0.00231	0.00389	0.22395	0.00494	0.00525
66	0.00887	0.00583	0.00648	0.00614	0.00814	0.00495	0.00466	0.01030	0.01243	0.12788	0.06441	0.10451	0.59109	0.01256	0.00615	0.00179	0.00297	0.01056	0.00517	0.00513
67	0.00686	0.00532	0.00631	0.00678	0.00797	0.00484	0.00501	0.00862	0.03011	0.01512	0.12047	0.31094	0.34597	0.01418	0.00651	0.00197	0.00306	0.09034	0.00501	0.00460
68	0.79513	0.01053	0.00832	0.00731	0.01064	0.01217	0.00602	0.06631	0.01007	0.02437	0.00772	0.00887	0.00595	0.00501	0.00341	0.00163	0.00421	0.00299	0.00341	0.00595
69	0.05857	0.01494	0.06791	0.01353	0.07703	0.01517	0.01078	0.56125	0.05668	0.02946	0.01232	0.01270	0.00893	0.00603	0.00513	0.00158	0.00577	0.00462	0.00471	0.03288

[dist]
# distance from previous block
# <min> <max>
1	6

[block]
# block no. 6 follows, 46 sequences, length 91
# corresponding to MSA columns:
# 805-859,861-896
name=unknown_G
#
# <colnr> <probs for GDERKNQSTAVLIFYWHMCP>
#	G	D	E	R	K	N	Q	S	T	A	V	L	I	F	Y	W	H	M	C	P
0	0.08186	0.01339	0.01204	0.01008	0.01327	0.14159	0.00802	0.32645	0.06182	0.03851	0.02285	0.02232	0.20976	0.00797	0.00530	0.00162	0.00536	0.00614	0.00463	0.00704
1	0.02796	0.08312	0.08316	0.02353	0.08830	0.00936	0.00862	0.09260	0.01428	0.03248	0.30398	0.02968	0.12799	0.00887	0.00563	0.00165	0.00428	0.04376	0.00453	0.00620
2	0.02407	0.07586	0.26976	0.02057	0.32610	0.02350	0.02696	0.01570	0.01131	0.01638	0.00984	0.01245	0.00797	0.00744	0.06552	0.00205	0.00722	0.00424	0.00253	0.07054
3	0.00763	0.00598	0.00795	0.00830	0.00877	0.00639	0.00598	0.00868	0.00989	0.01360	0.05071	0.52559	0.02857	0.08890	0.01014	0.00239	0.12508	0.04561	0.00432	0.03551
4	0.13968	0.01125	0.01646	0.01202	0.01666	0.01018	0.21729	0.06587	0.01203	0.01923	0.00967	0.01164	0.00764	0.00438	0.00456	0.00125	0.00547	0.00407	0.00317	0.42748
5	0.00942	0.00653	0.00734	0.00693	0.00761	0.00674	0.00445	0.12246	0.01059	0.01415	0.01756	0.12510	0.01957	0.59508	0.02119	0.00423	0.00498	0.00813	0.00373	0.00421
6	0.01782	0.01227	0.01380	0.01045	0.01477	0.01229	0.00856	0.41496	0.03906	0.14252	0.01321	0.01318	0.00947	0.00569	0.00490	0.00137	0.00502	0.00441	0.00486	0.25141
7	0.01889	0.01032	0.01235	0.00991	0.01343	0.01041	0.00800	0.19952	0.15051	0.37183	0.09314	0.01968	0.01645	0.03314	0.00611	0.00177	0.00458	0.00579	0.00586	0.00830
8	0.00918	0.00459	0.00689	0.00689	0.00689	0.00459	0.00459	0.00689	0.00689	0.00918	0.00918	0.01607	0.00918	0.01837	0.02066	0.84619	0.00459	0.00459	0.00230	0.00230
9	0.02180	0.00916	0.01211	0.00930	0.01340	0.00796	0.00764	0.02453	0.05285	0.66327	0.01965	0.01732	0.01267	0.00629	0.00517	0.00155	0.00442	0.00511	0.00611	0.09968
10	0.00762	0.00541	0.00720	0.00720	0.00769	0.00590	0.00499	0.00861	0.00811	0.01131	0.01535	0.02736	0.01608	0.40868	0.42814	0.00689	0.00986	0.00663	0.00301	0.00400
11	0.00828	0.00606	0.00725	0.00758	0.00856	0.00594	0.00531	0.10471	0.01207	0.01588	0.02922	0.54293	0.12898	0.08102	0.00817	0.00227	0.00354	0.01259	0.00482	0.00483
12	0.02017	0.01469	0.01579	0.01211	0.01634	0.01622	0.01000	0.74893	0.02466	0.04827	0.01285	0.01280	0.00907	0.00635	0.00529	0.00159	0.00579	0.00477	0.00531	0.00899
13	0.01312	0.01083	0.01158	0.01056	0.01335	0.02344	0.00832	0.04564	0.61153	0.04596	0.02168	0.02421	0.01740	0.02674	0.00609	0.00193	0.00442	0.09008	0.00527	0.00785
14	0.00700	0.00572	0.00623	0.00604	0.00774	0.00512	0.00455	0.00946	0.05668	0.01673	0.26136	0.04579	0.52420	0.01228	0.00619	0.00175	0.00271	0.01040	0.00520	0.00484
15	0.02088	0.00514	0.00652	0.00707	0.00780	0.00479	0.00483	0.00887	0.01078	0.05697	0.11581	0.52444	0.08048	0.10906	0.00890	0.00238	0.00331	0.01255	0.00488	0.00454
16	0.00769	0.00513	0.00577	0.00577	0.00577	0.00513	0.00320	0.00769	0.00769	0.01025	0.01666	0.03460	0.01922	0.81421	0.02691	0.00513	0.00513	0.00769	0.00320	0.00320
17	0.83467	0.01020	0.00786	0.00700	0.01029	0.01178	0.00577	0.01575	0.00912	0.03924	0.00764	0.00878	0.00588	0.00494	0.00331	0.00164	0.00410	0.00291	0.00334	0.00579
18	0.00804	0.00691	0.00719	0.00720	0.00882	0.05450	0.00564	0.01025	0.03306	0.01652	0.23555	0.04615	0.37538	0.01228	0.00633	0.00185	0.00352	0.15092	0.00502	0.00489
19	0.00677	0.00539	0.00607	0.00594	0.00751	0.00470	0.00448	0.00857	0.01317	0.01697	0.33118	0.04668	0.48458	0.01242	0.00626	0.00175	0.00265	0.02499	0.00526	0.00467
20	0.00671	0.00475	0.00619	0.00716	0.00750	0.00448	0.00477	0.00764	0.01015	0.01361	0.07443	0.64860	0.03380	0.11802	0.00930	0.00250	0.00333	0.02811	0.00475	0.00421
21	0.00655	0.00542	0.00578	0.00583	0.00751	0.00464	0.00446	0.00810	0.01236	0.01512	0.12725	0.05036	0.64539	0.01321	0.00633	0.00182	0.00283	0.06748	0.00500	0.00455
22	0.00806	0.00552	0.00653	0.00641	0.00670	0.00572	0.00398	0.03171	0.00836	0.01131	0.01612	0.03164	0.01792	0.66199	0.15174	0.00557	0.00663	0.00726	0.00321	0.00363
23	0.00755	0.00566	0.00850	0.00850	0.00944	0.00661	0.00661	0.00944	0.00850	0.01227	0.01416	0.02077	0.01322	0.03965	0.79326	0.00850	0.01416	0.00566	0.00283	0.00472
24	0.00916	0.00582	0.00735	0.00673	0.00841	0.00522	0.00513	0.01138	0.01442	0.10999	0.54920	0.03915	0.18621	0.01080	0.00613	0.00168	0.00277	0.00937	0.00573	0.00536
25	0.01402	0.79258	0.05154	0.00923	0.01386	0.02065	0.00937	0.01586	0.01075	0.01257	0.00742	0.00856	0.00678	0.00454	0.00344	0.00115	0.00572	0.00286	0.00226	0.00682
