[name]
unknown

[dist]
# distance from previous block
# <min> <max>
0	62

[block]
# block no. 0 follows, 41 sequences, length 26
# corresponding to MSA columns:
# 71-96
name=unknown_A
#
# <colnr> <probs for GDERKNQSTAVLIFYWHMCP>
#	G	D	E	R	K	N	Q	S	T	A	V	L	I	F	Y	W	H	M	C	P
0	0.13118	0.02388	0.05601	0.01075	0.01423	0.05608	0.03764	0.12391	0.03907	0.09144	0.05163	0.08746	0.08160	0.00886	0.00599	0.00182	0.02239	0.07047	0.00466	0.08094
1	0.21594	0.05459	0.03000	0.03201	0.01564	0.02810	0.07562	0.13357	0.02620	0.10857	0.07921	0.03582	0.03198	0.00683	0.00541	0.00169	0.01983	0.00545	0.00444	0.08910
2	0.20818	0.03309	0.01401	0.07373	0.01661	0.05141	0.02477	0.17465	0.13246	0.06902	0.01420	0.01528	0.02560	0.02286	0.00609	0.00181	0.03707	0.00489	0.00441	0.06988
3	0.01321	0.11829	0.07522	0.14824	0.07334	0.05984	0.15270	0.01856	0.12725	0.01719	0.01444	0.03729	0.03975	0.00659	0.00642	0.00180	0.05302	0.00574	0.00334	0.02774
4	0.11990	0.04695	0.03383	0.05762	0.01630	0.07362	0.02778	0.12042	0.05599	0.07255	0.03942	0.03045	0.01140	0.00691	0.02160	0.00167	0.01884	0.00476	0.00408	0.23592
5	0.28984	0.04542	0.01500	0.01197	0.01557	0.19030	0.06097	0.16816	0.06529	0.02322	0.01103	0.01285	0.00877	0.03710	0.00603	0.00185	0.02110	0.00438	0.00390	0.00726
6	0.03712	0.27555	0.14935	0.15300	0.03734	0.01627	0.01277	0.01980	0.14800	0.05962	0.01245	0.01380	0.00963	0.00594	0.00529	0.00167	0.02676	0.00450	0.00338	0.00778
7	0.01111	0.00935	0.01494	0.54922	0.04897	0.01092	0.01321	0.01457	0.01230	0.04411	0.09658	0.02035	0.01442	0.00676	0.00575	0.00183	0.00645	0.02989	0.05025	0.03901
8	0.00856	0.00719	0.00964	0.01176	0.14680	0.00661	0.00717	0.01074	0.01391	0.01839	0.27218	0.09065	0.35082	0.01209	0.00659	0.00187	0.00358	0.01050	0.00517	0.00578
9	0.01345	0.01324	0.02383	0.08568	0.53350	0.01322	0.14990	0.01710	0.01318	0.01857	0.05338	0.01609	0.01143	0.00547	0.00593	0.00176	0.00715	0.00570	0.00302	0.00841
10	0.00695	0.00504	0.00658	0.00781	0.00826	0.00466	0.00524	0.00798	0.01110	0.01466	0.03343	0.74179	0.09006	0.01767	0.00726	0.00229	0.00329	0.01596	0.00531	0.00466
11	0.02102	0.07123	0.01699	0.01445	0.01751	0.73328	0.01098	0.02252	0.01595	0.01397	0.00879	0.01025	0.00737	0.00584	0.00507	0.00146	0.01008	0.00365	0.00292	0.00667
12	0.00810	0.00585	0.00765	0.00720	0.00855	0.00540	0.00540	0.01079	0.01619	0.02294	0.76028	0.04273	0.05397	0.01169	0.00675	0.00180	0.00270	0.01034	0.00630	0.00540
13	0.83938	0.01106	0.00841	0.00752	0.01106	0.01283	0.00619	0.01681	0.00973	0.02566	0.00796	0.00929	0.00619	0.00531	0.00354	0.00177	0.00442	0.00310	0.00354	0.00619
14	0.83938	0.01106	0.00841	0.00752	0.01106	0.01283	0.00619	0.01681	0.00973	0.02566	0.00796	0.00929	0.00619	0.00531	0.00354	0.00177	0.00442	0.00310	0.00354	0.00619
15	0.01363	0.03649	0.10250	0.08617	0.58346	0.01377	0.04622	0.01742	0.01279	0.01818	0.01062	0.01393	0.00870	0.00516	0.00563	0.00172	0.00712	0.00501	0.00276	0.00870
16	0.00732	0.00547	0.00747	0.00811	0.00886	0.00511	0.02445	0.00867	0.01171	0.01565	0.11896	0.58191	0.09946	0.03307	0.03293	0.00251	0.00381	0.01446	0.00525	0.00482
17	0.00827	0.00552	0.00625	0.00631	0.00632	0.00551	0.00354	0.00830	0.00842	0.01123	0.01855	0.06716	0.02146	0.76835	0.02826	0.00542	0.00546	0.00863	0.00354	0.00351
18	0.01367	0.02660	0.63088	0.01549	0.02322	0.01336	0.01905	0.09475	0.01396	0.07931	0.01160	0.01283	0.00805	0.00571	0.00549	0.00180	0.00794	0.00444	0.00313	0.00869
19	0.01298	0.01101	0.01188	0.01107	0.01381	0.01254	0.00852	0.02643	0.61677	0.02231	0.02475	0.13453	0.02101	0.00954	0.00612	0.00202	0.00438	0.03634	0.00572	0.00827
20	0.01394	0.04879	0.12047	0.01221	0.01602	0.07618	0.01069	0.02586	0.50290	0.02118	0.02020	0.07450	0.01623	0.00789	0.00573	0.00188	0.00554	0.00649	0.00492	0.00838
21	0.03662	0.00756	0.00987	0.00865	0.01112	0.00685	0.02240	0.03307	0.01472	0.23639	0.24422	0.18535	0.10499	0.01115	0.00636	0.00187	0.00382	0.00970	0.00595	0.03933
22	0.08022	0.01493	0.01615	0.02881	0.01734	0.01660	0.01047	0.58602	0.05403	0.07521	0.01396	0.01405	0.00993	0.00687	0.00593	0.00176	0.02787	0.00508	0.00549	0.00928
23	0.01561	0.01297	0.01371	0.01192	0.01540	0.01487	0.00939	0.16151	0.61961	0.02615	0.02153	0.01994	0.01604	0.00760	0.00580	0.00190	0.00485	0.00622	0.00580	0.00918
24	0.00696	0.00531	0.00641	0.00727	0.00819	0.00476	0.00508	0.00815	0.01174	0.01497	0.04079	0.51514	0.29221	0.01665	0.00713	0.00219	0.00322	0.03378	0.00531	0.00473
25	0.01446	0.01421	0.02311	0.21091	0.02741	0.06875	0.30901	0.11991	0.01484	0.03527	0.01220	0.04596	0.00972	0.00610	0.00643	0.00184	0.02807	0.00606	0.00341	0.04234

[dist]
# distance from previous block
# <min> <max>
0	8

[block]
# block no. 1 follows, 41 sequences, length 6
# corresponding to MSA columns:
# 105-110
name=unknown_B
#
# <colnr> <probs for GDERKNQSTAVLIFYWHMCP>
#	G	D	E	R	K	N	Q	S	T	A	V	L	I	F	Y	W	H	M	C	P
0	0.01618	0.00896	0.01169	0.00987	0.01266	0.00873	0.02969	0.10778	0.05704	0.27748	0.15456	0.13251	0.02458	0.06756	0.05143	0.00255	0.00520	0.00824	0.00584	0.00744
1	0.01983	0.01106	0.01490	0.01481	0.14910	0.01078	0.01007	0.14988	0.04749	0.36296	0.12833	0.02103	0.01850	0.00740	0.00588	0.00176	0.00513	0.00624	0.00591	0.00894
2	0.00828	0.00629	0.00777	0.00863	0.00948	0.00637	0.00598	0.01200	0.14458	0.01628	0.03004	0.65587	0.03416	0.01609	0.00703	0.00225	0.00354	0.01450	0.00540	0.00544
3	0.01844	0.01320	0.01448	0.01152	0.01528	0.01434	0.00936	0.49774	0.07819	0.06374	0.14948	0.02008	0.01867	0.00780	0.00584	0.00173	0.00530	0.00622	0.03987	0.00872
4	0.01464	0.03215	0.01219	0.01079	0.01338	0.15015	0.00825	0.04346	0.27022	0.09041	0.06403	0.16789	0.05395	0.01077	0.02946	0.00210	0.00563	0.00808	0.00515	0.00731
5	0.04387	0.06534	0.04409	0.36286	0.02657	0.01411	0.01275	0.19761	0.01529	0.02077	0.01251	0.01522	0.03595	0.00628	0.00587	0.00174	0.03431	0.00498	0.00354	0.07635

[dist]
# distance from previous block
# <min> <max>
0	8

[block]
# block no. 2 follows, 41 sequences, length 22
# corresponding to MSA columns:
# 124-145
name=unknown_C
#
# <colnr> <probs for GDERKNQSTAVLIFYWHMCP>
#	G	D	E	R	K	N	Q	S	T	A	V	L	I	F	Y	W	H	M	C	P
0	0.03760	0.08459	0.03780	0.02587	0.01605	0.02825	0.02295	0.21778	0.05378	0.04311	0.01187	0.01309	0.00926	0.00642	0.02014	0.00154	0.04226	0.00431	0.00407	0.31925
1	0.03925	0.10919	0.12046	0.01297	0.01710	0.24519	0.01152	0.14712	0.13568	0.02033	0.01457	0.01514	0.04786	0.00675	0.00572	0.00167	0.03298	0.00485	0.00389	0.00778
2	0.01184	0.01139	0.05951	0.00896	0.01426	0.00798	0.00768	0.01464	0.01187	0.01861	0.01017	0.01187	0.00839	0.00431	0.00431	0.00091	0.00450	0.00344	0.00333	0.78202
3	0.00873	0.00688	0.00800	0.00754	0.00935	0.00667	0.00570	0.01327	0.13462	0.02107	0.45055	0.04260	0.23974	0.01181	0.00660	0.00186	0.00305	0.01018	0.00595	0.00583
4	0.00832	0.00555	0.00624	0.00624	0.00624	0.00555	0.00347	0.00832	0.00832	0.01109	0.01802	0.03743	0.02080	0.79898	0.02911	0.00555	0.00555	0.00832	0.00347	0.00347
5	0.00714	0.00581	0.00632	0.00619	0.00796	0.00499	0.00464	0.00894	0.01393	0.01757	0.25646	0.05156	0.56115	0.01370	0.00676	0.00189	0.00284	0.01158	0.00559	0.00499
6	0.01529	0.80242	0.02997	0.00979	0.01468	0.02263	0.00979	0.01713	0.01162	0.01346	0.00795	0.00918	0.00734	0.00489	0.00367	0.00122	0.00612	0.00306	0.00245	0.00734
7	0.01080	0.01017	0.01716	0.78523	0.03940	0.01271	0.01589	0.01461	0.01144	0.01461	0.01017	0.01525	0.00762	0.00572	0.00572	0.00191	0.00762	0.00508	0.00254	0.00635
8	0.01529	0.80242	0.02997	0.00979	0.01468	0.02263	0.00979	0.01713	0.01162	0.01346	0.00795	0.00918	0.00734	0.00489	0.00367	0.00122	0.00612	0.00306	0.00245	0.00734
9	0.01186	0.01017	0.01186	0.00847	0.01356	0.00762	0.00678	0.01440	0.01186	0.01864	0.01017	0.01186	0.00847	0.00424	0.00424	0.00085	0.00424	0.00339	0.00339	0.83395
10	0.03921	0.14386	0.44147	0.01396	0.02074	0.01369	0.04090	0.02008	0.01293	0.18223	0.01259	0.01329	0.00880	0.00569	0.00522	0.00171	0.00723	0.00443	0.00349	0.00847
11	0.00687	0.00552	0.00614	0.00658	0.00795	0.00478	0.00471	0.00821	0.01242	0.01540	0.07143	0.30815	0.49064	0.01557	0.00694	0.00206	0.00304	0.01345	0.00534	0.00478
12	0.00802	0.00542	0.00633	0.00662	0.00669	0.00535	0.00387	0.00824	0.00890	0.01186	0.02099	0.20395	0.02454	0.62735	0.02432	0.00484	0.00506	0.01006	0.00387	0.00373
13	0.02236	0.01503	0.01656	0.01269	0.01725	0.01627	0.01048	0.63180	0.02524	0.15081	0.01512	0.01463	0.01042	0.00690	0.00573	0.00172	0.00607	0.00524	0.00594	0.00973
14	0.01512	0.00780	0.01012	0.00864	0.01127	0.00718	0.00678	0.03522	0.05157	0.29730	0.39151	0.05859	0.05478	0.00998	0.00633	0.00181	0.00370	0.00859	0.00649	0.00723
15	0.00702	0.00524	0.00654	0.00741	0.00819	0.00475	0.00510	0.00827	0.01188	0.01552	0.10115	0.56357	0.20132	0.01661	0.00713	0.00219	0.00317	0.01480	0.00540	0.00475
16	0.00697	0.00498	0.00664	0.00796	0.00830	0.00465	0.00531	0.00796	0.01095	0.01460	0.03153	0.79525	0.03783	0.01792	0.00730	0.00232	0.00332	0.01626	0.00531	0.00465
17	0.02206	0.01646	0.01600	0.01273	0.01689	0.14811	0.01031	0.45530	0.02243	0.17598	0.01467	0.01452	0.01032	0.00779	0.02804	0.00190	0.00698	0.00504	0.00543	0.00905
18	0.01119	0.00611	0.00820	0.00837	0.00971	0.00555	0.00600	0.01263	0.01267	0.18083	0.10342	0.54851	0.03427	0.01491	0.00690	0.00215	0.00360	0.01335	0.00580	0.00584
19	0.00692	0.00518	0.00643	0.00743	0.00816	0.00469	0.00507	0.00802	0.01147	0.01481	0.03805	0.61253	0.21634	0.01707	0.00717	0.00223	0.00321	0.01523	0.00531	0.00469
20	0.01090	0.01030	0.01718	0.74069	0.03799	0.01299	0.01569	0.01457	0.01128	0.01457	0.01001	0.01509	0.00762	0.00597	0.00647	0.00194	0.05279	0.00508	0.00254	0.00635
21	0.01895	0.01281	0.01431	0.01167	0.01548	0.01395	0.00943	0.33204	0.24236	0.15986	0.01844	0.01784	0.01329	0.00943	0.05418	0.00225	0.00596	0.00572	0.03294	0.00909

[dist]
# distance from previous block
# <min> <max>
7	14

[block]
# block no. 3 follows, 41 sequences, length 46
# corresponding to MSA columns:
# 160-205
name=unknown_D
#
# <colnr> <probs for GDERKNQSTAVLIFYWHMCP>
#	G	D	E	R	K	N	Q	S	T	A	V	L	I	F	Y	W	H	M	C	P
0	0.01355	0.01666	0.13961	0.09670	0.02898	0.01386	0.51228	0.01834	0.01315	0.05698	0.01174	0.01507	0.00863	0.00522	0.00663	0.00191	0.02379	0.00613	0.00300	0.00777
1	0.01163	0.10199	0.53440	0.01614	0.08709	0.01324	0.01769	0.01698	0.01255	0.01811	0.08584	0.01613	0.03153	0.00621	0.00544	0.00174	0.00736	0.00500	0.00292	0.00800
2	0.00696	0.00502	0.00660	0.00786	0.00827	0.00465	0.00526	0.00798	0.01105	0.01464	0.03279	0.75984	0.07242	0.01776	0.00727	0.00230	0.00330	0.01606	0.00531	0.00465
3	0.01383	0.00789	0.00959	0.00875	0.01115	0.00747	0.00666	0.06093	0.08350	0.23034	0.04987	0.27227	0.18962	0.01231	0.00649	0.00199	0.00394	0.01061	0.00591	0.00687
4	0.01445	0.58199	0.17344	0.01330	0.08293	0.02001	0.01269	0.01736	0.01183	0.01483	0.00865	0.01018	0.00747	0.00502	0.00419	0.00138	0.00663	0.00347	0.00247	0.00771
5	0.01147	0.02959	0.76934	0.01630	0.02476	0.01328	0.02113	0.01811	0.01208	0.01811	0.01026	0.01208	0.00725	0.00543	0.00543	0.00181	0.00845	0.00423	0.00242	0.00845
6	0.02566	0.00973	0.01327	0.01018	0.01460	0.00841	0.00841	0.02788	0.01637	0.76726	0.02257	0.01947	0.01416	0.00708	0.00575	0.00177	0.00487	0.00575	0.00708	0.00973
7	0.01042	0.00752	0.01114	0.01026	0.01189	0.00738	0.07949	0.04310	0.01314	0.08377	0.13075	0.41704	0.05862	0.01369	0.00758	0.00214	0.04624	0.03476	0.00523	0.00584
8	0.00822	0.00593	0.00820	0.00820	0.00887	0.00661	0.00591	0.00957	0.00890	0.01254	0.01623	0.02751	0.01649	0.29774	0.52446	0.00796	0.01203	0.00687	0.00320	0.00455
9	0.00818	0.00611	0.00908	0.00908	0.01007	0.00709	0.00701	0.01014	0.00916	0.01320	0.01542	0.02302	0.01454	0.07059	0.74895	0.00906	0.01496	0.00621	0.00308	0.00505
10	0.83938	0.01106	0.00841	0.00752	0.01106	0.01283	0.00619	0.01681	0.00973	0.02566	0.00796	0.00929	0.00619	0.00531	0.00354	0.00177	0.00442	0.00310	0.00354	0.00619
11	0.00723	0.00575	0.00654	0.00678	0.00831	0.00505	0.00510	0.00893	0.01326	0.01673	0.16948	0.16509	0.46906	0.01465	0.00694	0.00203	0.00314	0.07552	0.00547	0.00494
12	0.01198	0.18125	0.45846	0.01409	0.02005	0.01494	0.01636	0.01647	0.01147	0.01632	0.01134	0.08089	0.01001	0.00700	0.00691	0.00182	0.10519	0.00515	0.00269	0.00762
13	0.06575	0.10519	0.01715	0.01176	0.01622	0.01588	0.00988	0.43574	0.05314	0.18991	0.01507	0.01453	0.01055	0.00664	0.00538	0.00168	0.00579	0.00498	0.00552	0.00923
14	0.01267	0.01339	0.02059	0.18180	0.02431	0.11250	0.26616	0.01579	0.01245	0.01604	0.01385	0.12771	0.01280	0.00845	0.02446	0.00211	0.07850	0.00713	0.04274	0.00653
15	0.00706	0.00502	0.00661	0.00785	0.00816	0.00471	0.00519	0.00799	0.01077	0.01437	0.03062	0.74443	0.03669	0.07029	0.00876	0.00254	0.00347	0.01573	0.00519	0.00457
16	0.01171	0.01121	0.01749	0.44576	0.23631	0.04475	0.01482	0.01495	0.01202	0.01572	0.01295	0.11239	0.01180	0.00708	0.00588	0.00188	0.00697	0.00643	0.00299	0.00691
17	0.02032	0.01228	0.01467	0.01267	0.05959	0.01270	0.00957	0.33012	0.07209	0.26754	0.01845	0.06651	0.01407	0.05359	0.00719	0.00201	0.00551	0.00632	0.00584	0.00896
18	0.02513	0.00962	0.01310	0.01009	0.01442	0.00832	0.00832	0.02736	0.01637	0.74476	0.04487	0.02017	0.01536	0.00722	0.00578	0.00177	0.00480	0.00589	0.00706	0.00960
19	0.00905	0.00682	0.00849	0.00918	0.01050	0.00684	0.00714	0.04005	0.09083	0.01737	0.03258	0.34922	0.11601	0.01531	0.00723	0.00232	0.00418	0.25600	0.00537	0.00554
20	0.01853	0.01078	0.01297	0.01073	0.01401	0.01107	0.00856	0.29299	0.01842	0.25649	0.01990	0.15559	0.01682	0.02708	0.09555	0.00277	0.00635	0.00748	0.00572	0.00818
21	0.01186	0.01017	0.01186	0.00847	0.01356	0.00762	0.00678	0.01440	0.01186	0.01864	0.01017	0.01186	0.00847	0.00424	0.00424	0.00085	0.00424	0.00339	0.00339	0.83395
22	0.01483	0.01265	0.01519	0.01139	0.01611	0.03752	0.07317	0.20484	0.04317	0.02303	0.01235	0.03858	0.01007	0.00560	0.00503	0.00128	0.00544	0.00469	0.00409	0.46097
23	0.01316	0.01030	0.01383	0.05147	0.01613	0.00840	0.06742	0.01584	0.01240	0.09699	0.01261	0.05061	0.01045	0.00532	0.00483	0.00116	0.00488	0.00462	0.00378	0.59580
24	0.00716	0.00506	0.00658	0.00772	0.00800	0.00477	0.00505	0.00801	0.01058	0.01410	0.02961	0.68747	0.03541	0.12901	0.01040	0.00278	0.00364	0.01513	0.00505	0.00448
25	0.01475	0.12067	0.01728	0.06576	0.01714	0.08893	0.07853	0.21620	0.03042	0.02103	0.03303	0.18722	0.05059	0.00918	0.00616	0.00182	0.02200	0.00775	0.00435	0.00716
26	0.83938	0.01106	0.00841	0.00752	0.01106	0.01283	0.00619	0.01681	0.00973	0.02566	0.00796	0.00929	0.00619	0.00531	0.00354	0.00177	0.00442	0.00310	0.00354	0.00619
27	0.00774	0.00642	0.00628	0.00623	0.00757	0.03028	0.00428	0.00872	0.01163	0.01401	0.04354	0.04794	0.49906	0.26567	0.01387	0.00307	0.00399	0.01059	0.00464	0.00445
28	0.01629	0.67993	0.02794	0.01036	0.01516	0.04538	0.00996	0.10834	0.01368	0.01630	0.00870	0.00978	0.00764	0.00517	0.00397	0.00129	0.00627	0.00334	0.00287	0.00762
29	0.02267	0.00910	0.01239	0.00986	0.01374	0.00795	0.00811	0.02496	0.01616	0.63706	0.10786	0.02482	0.01985	0.00813	0.00599	0.00182	0.00464	0.04904	0.00688	0.00897
30	0.02069	0.01584	0.08270	0.01275	0.01746	0.01548	0.01114	0.51944	0.06069	0.14090	0.01532	0.01542	0.01083	0.02673	0.00629	0.00184	0.00617	0.00530	0.00558	0.00942
31	0.00814	0.00648	0.00895	0.05625	0.07719	0.00615	0.00697	0.00980	0.01195	0.01600	0.09479	0.47507	0.13246	0.01439	0.00679	0.00207	0.00381	0.01290	0.00492	0.04490
32	0.01132	0.00690	0.00845	0.00762	0.00954	0.00638	0.00572	0.04998	0.01496	0.13961	0.34234	0.07467	0.18051	0.10538	0.00923	0.00229	0.00364	0.00972	0.00581	0.00593
33	0.04749	0.06145	0.03380	0.01164	0.01597	0.01443	0.00980	0.33606	0.13743	0.22999	0.01712	0.01619	0.01194	0.00686	0.00551	0.00173	0.00553	0.00531	0.02251	0.00924
34	0.01421	0.01235	0.01266	0.01107	0.01439	0.04569	0.00864	0.08378	0.51815	0.02354	0.06621	0.02230	0.05335	0.00785	0.00574	0.00180	0.00471	0.00647	0.00548	0.08162
35	0.00701	0.00563	0.00627	0.00648	0.00798	0.00488	0.00472	0.00856	0.01308	0.01644	0.16231	0.21208	0.49491	0.01479	0.00687	0.00199	0.00296	0.01270	0.00547	0.00488
36	0.01199	0.01019	0.01546	0.35097	0.05240	0.01156	0.05785	0.08774	0.03890	0.03230	0.05972	0.02182	0.10141	0.00831	0.00754	0.05134	0.04364	0.00639	0.02393	0.00654
37	0.01186	0.01017	0.01186	0.00847	0.01356	0.00762	0.00678	0.01440	0.01186	0.01864	0.01017	0.01186	0.00847	0.00424	0.00424	0.00085	0.00424	0.00339	0.00339	0.83395
38	0.02262	0.01369	0.05904	0.01155	0.01598	0.07870	0.00984	0.13526	0.09702	0.46558	0.01936	0.01755	0.01283	0.00692	0.00568	0.00176	0.00574	0.00546	0.00610	0.00931
39	0.09426	0.01467	0.01522	0.01197	0.01620	0.06018	0.00979	0.46565	0.03632	0.16956	0.03918	0.01530	0.01170	0.00689	0.00554	0.00172	0.00595	0.00519	0.00564	0.00908
40	0.01404	0.46298	0.23997	0.01193	0.01751	0.01823	0.01306	0.06018	0.01280	0.01646	0.01094	0.01518	0.00972	0.00613	0.00467	0.00155	0.00672	0.06742	0.00288	0.00762
41	0.49100	0.08074	0.01178	0.00840	0.01244	0.01211	0.00705	0.01888	0.01157	0.18029	0.01132	0.01175	0.00826	0.00551	0.00411	0.00161	0.00464	0.00369	0.00417	0.11068
42	0.00811	0.00595	0.00749	0.00746	0.00812	0.00604	0.00515	0.00938	0.01139	0.01561	0.22824	0.16300	0.08760	0.28590	0.08325	0.00387	0.04413	0.01012	0.00461	0.00458
43	0.01134	0.00960	0.01229	0.00923	0.01343	0.00779	0.05031	0.03582	0.01347	0.02020	0.19356	0.01967	0.01963	0.00617	0.00504	0.00117	0.00424	0.00534	0.00414	0.55754
44	0.01869	0.01450	0.01544	0.01254	0.01657	0.01631	0.01013	0.45397	0.32213	0.03112	0.01762	0.01683	0.01287	0.00723	0.00576	0.00181	0.00558	0.00569	0.00576	0.00945
45	0.02167	0.11837	0.01670	0.01224	0.05966	0.01277	0.00960	0.13989	0.09967	0.42150	0.01857	0.01706	0.01260	0.00671	0.00547	0.00170	0.00534	0.00533	0.00584	0.00929

[dist]
# distance from previous block
# <min> <max>
4	11

[block]
# block no. 4 follows, 41 sequences, length 10
# corresponding to MSA columns:
# 218-227
name=unknown_E
#
# <colnr> <probs for GDERKNQSTAVLIFYWHMCP>
#	G	D	E	R	K	N	Q	S	T	A	V	L	I	F	Y	W	H	M	C	P
0	0.21699	0.17084	0.16484	0.01173	0.01634	0.01612	0.01151	0.15237	0.03300	0.02206	0.00992	0.01142	0.00781	0.00610	0.00615	0.00171	0.09468	0.00401	0.00345	0.03895
1	0.01645	0.65921	0.02757	0.01050	0.01524	0.06602	0.01000	0.10802	0.01379	0.01630	0.00872	0.00981	0.00764	0.00520	0.00401	0.00130	0.00638	0.00336	0.00288	0.00760
2	0.75044	0.01092	0.00894	0.00781	0.01145	0.01235	0.00644	0.01802	0.01046	0.10672	0.00956	0.01040	0.00707	0.00550	0.00378	0.00177	0.00447	0.00339	0.00393	0.00658
3	0.07291	0.01532	0.01638	0.01262	0.01713	0.01685	0.01043	0.65432	0.02517	0.08094	0.01392	0.01381	0.00978	0.00678	0.00559	0.00172	0.00609	0.00506	0.00567	0.00951
4	0.00753	0.00545	0.00696	0.00734	0.00818	0.00505	0.00512	0.00918	0.01305	0.01781	0.33335	0.36521	0.09658	0.08148	0.00889	0.00235	0.00322	0.01283	0.00556	0.00487
5	0.01004	0.00502	0.00716	0.00716	0.00734	0.00502	0.00483	0.00826	0.00808	0.01150	0.01114	0.01793	0.01059	0.01805	0.01983	0.71906	0.00465	0.00502	0.11646	0.00288
6	0.00723	0.00565	0.00657	0.00685	0.00824	0.00500	0.00504	0.00890	0.01326	0.01700	0.20717	0.22669	0.39799	0.01473	0.00694	0.00203	0.00307	0.04717	0.00553	0.00493
7	0.07750	0.00982	0.01296	0.01001	0.01438	0.00869	0.00827	0.02717	0.01595	0.72002	0.02164	0.01882	0.01365	0.00697	0.00561	0.00177	0.00484	0.00558	0.00685	0.00951
8	0.01251	0.01251	0.01752	0.01502	0.01502	0.01752	0.01251	0.01377	0.00876	0.01377	0.00751	0.01251	0.00751	0.01001	0.01877	0.00250	0.78851	0.00501	0.00250	0.00626
9	0.73003	0.04814	0.00984	0.00786	0.01154	0.01291	0.00656	0.01779	0.01040	0.08946	0.00923	0.01017	0.00694	0.00544	0.00374	0.00174	0.00454	0.00333	0.00380	0.00656

[dist]
# distance from previous block
# <min> <max>
0	1

[block]
# block no. 5 follows, 41 sequences, length 32
# corresponding to MSA columns:
# 229-237,239-261
name=unknown_F
#
# <colnr> <probs for GDERKNQSTAVLIFYWHMCP>
#	G	D	E	R	K	N	Q	S	T	A	V	L	I	F	Y	W	H	M	C	P
0	0.72627	0.01175	0.00962	0.00830	0.01199	0.01351	0.00684	0.11744	0.01211	0.02710	0.00876	0.00991	0.00668	0.00552	0.00384	0.00176	0.00468	0.00338	0.00384	0.00668
1	0.01315	0.01447	0.03046	0.02454	0.12989	0.01368	0.59249	0.01752	0.01326	0.01812	0.01281	0.06787	0.01070	0.00574	0.00664	0.00192	0.00882	0.00716	0.00305	0.00769
2	0.00706	0.00571	0.00628	0.00635	0.00796	0.00492	0.00468	0.00872	0.01344	0.01690	0.20061	0.14157	0.52713	0.01432	0.00682	0.00195	0.00291	0.01222	0.00552	0.00492
3	0.01918	0.01475	0.01572	0.01264	0.01676	0.01654	0.01025	0.50039	0.27491	0.03191	0.01699	0.01633	0.01237	0.00717	0.00576	0.00179	0.00569	0.00560	0.00576	0.00950
4	0.07837	0.00833	0.00998	0.00880	0.01111	0.00857	0.00691	0.12946	0.01572	0.10923	0.29102	0.05608	0.04970	0.01564	0.14473	0.00312	0.00596	0.00775	0.03297	0.00655
5	0.00817	0.00613	0.00919	0.00919	0.01021	0.00715	0.00715	0.01021	0.00919	0.01328	0.01532	0.02247	0.01430	0.04290	0.77631	0.00919	0.01532	0.00613	0.00306	0.00511
6	0.04127	0.61126	0.02656	0.01049	0.01522	0.04557	0.00992	0.14925	0.01448	0.01794	0.00903	0.01004	0.00774	0.00530	0.00409	0.00134	0.00623	0.00346	0.00309	0.00772
7	0.01211	0.00773	0.00992	0.02819	0.01091	0.00759	0.00644	0.12060	0.01141	0.01587	0.01078	0.01587	0.00970	0.01438	0.01567	0.51466	0.00505	0.00472	0.02378	0.15464
8	0.02123	0.01636	0.01464	0.01228	0.01590	0.24838	0.00976	0.18599	0.05259	0.26038	0.01615	0.01714	0.01185	0.00931	0.05563	0.00218	0.00755	0.02927	0.00511	0.00829
9	0.00774	0.00602	0.00814	0.00894	0.00923	0.00643	0.00631	0.00877	0.01065	0.01449	0.02820	0.68697	0.03364	0.01683	0.00889	0.00235	0.11194	0.01470	0.00492	0.00487
10	0.01656	0.15558	0.01721	0.11808	0.01833	0.01507	0.01015	0.25079	0.13343	0.09167	0.01866	0.04243	0.07278	0.00747	0.00550	0.00173	0.00567	0.00593	0.00478	0.00817
11	0.01238	0.01214	0.01775	0.05249	0.11933	0.01608	0.01302	0.01410	0.00950	0.01445	0.00859	0.01351	0.00817	0.01127	0.06551	0.00280	0.59465	0.00509	0.00259	0.00657
12	0.13167	0.03146	0.01309	0.01065	0.01403	0.01253	0.00855	0.20084	0.15345	0.18971	0.01892	0.13083	0.01566	0.00855	0.00607	0.00188	0.03161	0.00682	0.00549	0.00819
13	0.29586	0.01374	0.10127	0.03344	0.11874	0.01289	0.01072	0.05442	0.17386	0.07746	0.04478	0.01541	0.01194	0.00631	0.00500	0.00180	0.00537	0.00488	0.00426	0.00787
14	0.01497	0.01212	0.01296	0.01155	0.01486	0.01385	0.00901	0.03023	0.70517	0.07216	0.02323	0.02122	0.01725	0.00772	0.00582	0.00193	0.00455	0.00642	0.00590	0.00910
15	0.00862	0.00662	0.00759	0.00731	0.00872	0.00648	0.00524	0.01223	0.11542	0.01836	0.29805	0.07821	0.20712	0.18152	0.01146	0.00268	0.00364	0.01007	0.00534	0.00532
16	0.01043	0.00957	0.01584	0.67760	0.03513	0.01170	0.01443	0.01409	0.01209	0.01577	0.11393	0.01905	0.01404	0.00655	0.00586	0.00189	0.00694	0.00581	0.00306	0.00622
17	0.01423	0.01229	0.01293	0.01164	0.01487	0.01423	0.00905	0.03039	0.75297	0.02393	0.02328	0.02134	0.01746	0.00776	0.00582	0.00194	0.00453	0.00647	0.00582	0.00905
18	0.01237	0.01488	0.12152	0.01519	0.01636	0.01693	0.01371	0.01437	0.00922	0.01437	0.00789	0.01245	0.00747	0.00938	0.01693	0.00241	0.68060	0.00490	0.00249	0.00656
19	0.00700	0.00504	0.00657	0.00778	0.00820	0.00469	0.00519	0.00799	0.01099	0.01454	0.03264	0.72759	0.07968	0.04272	0.00797	0.00240	0.00337	0.01576	0.00525	0.00462
20	0.01592	0.38876	0.10175	0.01236	0.01653	0.07942	0.01174	0.13579	0.01401	0.01773	0.00913	0.01092	0.00775	0.00628	0.00705	0.00162	0.14870	0.00392	0.00303	0.00759
21	0.03017	0.23961	0.10493	0.14730	0.01983	0.02817	0.03282	0.03979	0.11423	0.01660	0.01225	0.01552	0.01026	0.05240	0.07981	0.00260	0.03855	0.00485	0.00319	0.00712
22	0.00795	0.00623	0.00647	0.00626	0.00834	0.00538	0.00474	0.01005	0.04271	0.05021	0.07247	0.05178	0.67975	0.01381	0.00668	0.00192	0.00305	0.01152	0.00544	0.00523
23	0.01616	0.03857	0.01562	0.01511	0.11890	0.05353	0.01056	0.11931	0.45866	0.06188	0.01906	0.01833	0.01430	0.00706	0.00568	0.00182	0.00543	0.00582	0.00520	0.00900
24	0.02025	0.01497	0.01611	0.01270	0.01693	0.01657	0.01036	0.60301	0.12653	0.04966	0.01589	0.04328	0.01191	0.00740	0.00579	0.00177	0.00591	0.00575	0.00575	0.00945
25	0.00690	0.00547	0.00620	0.00671	0.00798	0.00478	0.00477	0.00822	0.01234	0.01542	0.07590	0.34752	0.44616	0.01573	0.00697	0.00208	0.00306	0.01366	0.00535	0.00478
26	0.02938	0.01024	0.01532	0.36648	0.04208	0.01223	0.04894	0.07477	0.01257	0.01830	0.01206	0.01598	0.00943	0.00655	0.00714	0.00184	0.11443	0.00518	0.19055	0.00651
27	0.01143	0.01106	0.01955	0.51092	0.10323	0.01276	0.12595	0.01509	0.01177	0.01567	0.01147	0.05070	0.00944	0.00630	0.00651	0.00192	0.04338	0.00585	0.02030	0.00671
28	0.00756	0.00566	0.00702	0.00704	0.00831	0.00511	0.00514	0.00962	0.01440	0.01952	0.45073	0.20083	0.21084	0.01361	0.00686	0.00194	0.00287	0.01196	0.00587	0.00511
29	0.09145	0.00912	0.01081	0.00926	0.01140	0.00959	0.00709	0.15279	0.02483	0.03221	0.01149	0.02720	0.01003	0.01268	0.02539	0.34521	0.05367	0.00485	0.02827	0.12267
30	0.02770	0.14033	0.01552	0.00940	0.01430	0.01164	0.00789	0.11007	0.03060	0.04400	0.01092	0.01208	0.00880	0.00487	0.00441	0.00109	0.00484	0.00370	0.00371	0.53413
31	0.06608	0.21594	0.30656	0.03937	0.01966	0.04651	0.01422	0.16304	0.01489	0.02062	0.01090	0.03795	0.00875	0.00603	0.00500	0.00165	0.00706	0.00446	0.00328	0.00802

[dist]
# distance from previous block
# <min> <max>
0	1

[block]
# block no. 6 follows, 41 sequences, length 18
# corresponding to MSA columns:
# 267-284
name=unknown_G
#
# <colnr> <probs for GDERKNQSTAVLIFYWHMCP>
#	G	D	E	R	K	N	Q	S	T	A	V	L	I	F	Y	W	H	M	C	P
0	0.00949	0.00679	0.00829	0.00815	0.00971	0.00665	0.00618	0.01225	0.06676	0.07353	0.17459	0.22782	0.25240	0.01360	0.00748	0.00207	0.04656	0.05651	0.00551	0.00567
1	0.02349	0.00919	0.01241	0.00968	0.01370	0.00801	0.00793	0.02577	0.01612	0.66917	0.07892	0.02135	0.01724	0.00741	0.00573	0.00175	0.00458	0.00608	0.05232	0.00916
2	0.12887	0.00909	0.01133	0.00922	0.01278	0.00847	0.00746	0.02258	0.03730	0.47993	0.16474	0.04543	0.02166	0.00808	0.00570	0.00180	0.00433	0.00663	0.00637	0.00825
3	0.00835	0.00592	0.00715	0.00694	0.00852	0.00525	0.00516	0.01038	0.01446	0.05582	0.38898	0.13495	0.30067	0.01319	0.00677	0.00191	0.00295	0.01143	0.00587	0.00532
4	0.74636	0.01091	0.00896	0.00783	0.01147	0.01233	0.00645	0.01808	0.01049	0.11044	0.00963	0.01046	0.00710	0.00551	0.00379	0.00177	0.00448	0.00340	0.00394	0.00660
5	0.02105	0.01490	0.01609	0.01246	0.01679	0.01634	0.01025	0.63877	0.04566	0.07497	0.01480	0.01474	0.01050	0.00689	0.00562	0.00170	0.00594	0.00523	0.05789	0.00943
6	0.05057	0.19813	0.25120	0.01237	0.03265	0.05797	0.01245	0.05010	0.03493	0.04574	0.04820	0.13787	0.01537	0.00797	0.00537	0.00175	0.00633	0.02007	0.00363	0.00733
7	0.01565	0.12213	0.09650	0.01144	0.01528	0.04441	0.01010	0.27938	0.10631	0.02364	0.06132	0.01916	0.01447	0.11889	0.03453	0.00247	0.00642	0.00567	0.00446	0.00776
8	0.05206	0.08981	0.10076	0.01124	0.01580	0.01277	0.01017	0.16279	0.09465	0.31911	0.01731	0.01732	0.01226	0.05017	0.00671	0.00194	0.00565	0.00532	0.00537	0.00880
9	0.01877	0.01221	0.01414	0.01060	0.01534	0.01152	0.00867	0.28501	0.01844	0.20340	0.01443	0.01436	0.01029	0.00588	0.00514	0.00139	0.00514	0.00460	0.00512	0.33557
10	0.83938	0.01106	0.00841	0.00752	0.01106	0.01283	0.00619	0.01681	0.00973	0.02566	0.00796	0.00929	0.00619	0.00531	0.00354	0.00177	0.00442	0.00310	0.00354	0.00619
11	0.00695	0.00506	0.00656	0.00775	0.00824	0.00466	0.00522	0.00799	0.01115	0.01468	0.03408	0.72374	0.10769	0.01759	0.00725	0.00229	0.00328	0.01586	0.00531	0.00466
12	0.01251	0.01251	0.01752	0.01502	0.01502	0.01752	0.01251	0.01377	0.00876	0.01377	0.00751	0.01251	0.00751	0.01001	0.01877	0.00250	0.78851	0.00501	0.00250	0.00626
13	0.00803	0.00556	0.00642	0.00646	0.00685	0.00539	0.00395	0.00861	0.01002	0.01335	0.12114	0.10075	0.09618	0.55812	0.02229	0.00445	0.00474	0.00958	0.00416	0.00394
14	0.00817	0.00613	0.00919	0.00919	0.01021	0.00715	0.00715	0.01021	0.00919	0.01328	0.01532	0.02247	0.01430	0.04290	0.77631	0.00919	0.01532	0.00613	0.00306	0.00511
15	0.01726	0.45745	0.02488	0.01251	0.01660	0.29007	0.05062	0.01912	0.01326	0.01393	0.00845	0.01003	0.00743	0.00541	0.00486	0.00139	0.03344	0.00355	0.00265	0.00707
16	0.00895	0.00594	0.00733	0.00747	0.00829	0.00576	0.00504	0.01061	0.04033	0.05646	0.14318	0.28372	0.06315	0.28176	0.04313	0.00353	0.00454	0.01110	0.00488	0.00484
17	0.01862	0.01087	0.01279	0.01055	0.01392	0.01110	0.00841	0.29364	0.03795	0.25170	0.02158	0.16395	0.03914	0.01026	0.02778	0.00205	0.00524	0.00769	0.04448	0.00828

[dist]
# distance from previous block
# <min> <max>
0	1

[block]
# block no. 7 follows, 41 sequences, length 29
# corresponding to MSA columns:
# 286-314
name=unknown_H
#
# <colnr> <probs for GDERKNQSTAVLIFYWHMCP>
#	G	D	E	R	K	N	Q	S	T	A	V	L	I	F	Y	W	H	M	C	P
0	0.27708	0.07463	0.10403	0.01365	0.08367	0.11913	0.01111	0.19839	0.01571	0.03855	0.01032	0.01149	0.00785	0.00577	0.00477	0.00167	0.00651	0.00405	0.00379	0.00781
1	0.62242	0.02848	0.01040	0.03649	0.01300	0.01306	0.00723	0.09964	0.01239	0.06387	0.04092	0.01193	0.00908	0.00585	0.00412	0.00176	0.00474	0.00384	0.00402	0.00677
2	0.01085	0.01073	0.04424	0.61245	0.03415	0.01203	0.04552	0.03416	0.01201	0.01544	0.01465	0.01876	0.07598	0.00687	0.00628	0.02369	0.00721	0.00575	0.00289	0.00634
3	0.01177	0.01158	0.01644	0.16331	0.01946	0.04612	0.04711	0.01374	0.00990	0.01400	0.01020	0.03235	0.00963	0.04651	0.10786	0.00326	0.42240	0.00557	0.00272	0.00607
4	0.00876	0.00668	0.00818	0.00793	0.00947	0.00655	0.00597	0.01304	0.11901	0.02121	0.47944	0.12909	0.10831	0.01228	0.00673	0.00193	0.00315	0.04052	0.00599	0.00577
5	0.56109	0.01104	0.01109	0.01083	0.08007	0.01207	0.00790	0.01921	0.01146	0.18735	0.01141	0.01206	0.00824	0.00582	0.00468	0.00179	0.02851	0.00392	0.00422	0.00723
6	0.02174	0.01602	0.01717	0.01316	0.01774	0.01774	0.01087	0.74423	0.02689	0.03605	0.01373	0.01373	0.00973	0.00687	0.00572	0.00172	0.00629	0.00515	0.00572	0.00973
7	0.01120	0.00749	0.00918	0.00843	0.01042	0.00738	0.00641	0.03201	0.13885	0.10500	0.42863	0.11932	0.07025	0.01122	0.00652	0.00188	0.00340	0.00979	0.00614	0.00648
8	0.01320	0.01723	0.16577	0.01625	0.01922	0.06694	0.11876	0.01738	0.07797	0.01620	0.01015	0.01350	0.00852	0.00789	0.01236	0.00217	0.40129	0.00515	0.00287	0.00717
9	0.00994	0.00497	0.00745	0.00745	0.00745	0.00497	0.00497	0.00745	0.00745	0.00994	0.00994	0.01739	0.00994	0.01987	0.02235	0.83358	0.00497	0.00497	0.00248	0.00248
10	0.01481	0.01205	0.01275	0.01103	0.01415	0.03093	0.00867	0.21061	0.37277	0.02603	0.14245	0.05228	0.04885	0.00874	0.00602	0.00186	0.00472	0.00726	0.00577	0.00826
11	0.01529	0.80242	0.02997	0.00979	0.01468	0.02263	0.00979	0.01713	0.01162	0.01346	0.00795	0.00918	0.00734	0.00489	0.00367	0.00122	0.00612	0.00306	0.00245	0.00734
12	0.01326	0.01229	0.01395	0.05574	0.01649	0.07837	0.04498	0.05367	0.01310	0.01888	0.01030	0.01220	0.00840	0.00464	0.00461	0.00107	0.00537	0.00378	0.00340	0.62550
13	0.03841	0.10565	0.07074	0.01218	0.01646	0.03311	0.01058	0.34099	0.20394	0.04655	0.01605	0.05298	0.01255	0.00724	0.00550	0.00175	0.00585	0.00564	0.00503	0.00879
14	0.01529	0.80242	0.02997	0.00979	0.01468	0.02263	0.00979	0.01713	0.01162	0.01346	0.00795	0.00918	0.00734	0.00489	0.00367	0.00122	0.00612	0.00306	0.00245	0.00734
15	0.01135	0.00963	0.01133	0.00877	0.01291	0.00793	0.00687	0.01467	0.06517	0.01855	0.03632	0.10627	0.01395	0.00648	0.00516	0.00117	0.02391	0.00539	0.00386	0.63031
16	0.01080	0.01017	0.01716	0.78523	0.03940	0.01271	0.01589	0.01461	0.01144	0.01461	0.01017	0.01525	0.00762	0.00572	0.00572	0.00191	0.00762	0.00508	0.00254	0.00635
17	0.00753	0.00600	0.00656	0.00638	0.00816	0.00532	0.00480	0.00987	0.03751	0.01816	0.26518	0.04911	0.49987	0.01316	0.00663	0.00187	0.00288	0.01114	0.03471	0.00515
18	0.00964	0.00751	0.01055	0.00987	0.01097	0.00868	0.02503	0.06318	0.01050	0.01483	0.01573	0.06787	0.01555	0.15023	0.47190	0.00689	0.08545	0.00689	0.00339	0.00533
19	0.01467	0.01468	0.02233	0.06490	0.66526	0.08258	0.01690	0.01791	0.01325	0.01809	0.01056	0.01385	0.00885	0.00519	0.00562	0.00169	0.00715	0.00497	0.00283	0.00873
20	0.05660	0.00983	0.01295	0.00992	0.01437	0.00851	0.00817	0.02622	0.01570	0.67015	0.02087	0.01838	0.01333	0.00675	0.00553	0.00169	0.00479	0.00543	0.00661	0.08422
21	0.08736	0.01180	0.01748	0.44847	0.16636	0.03750	0.02767	0.04693	0.02914	0.01751	0.01080	0.02821	0.00862	0.00601	0.00598	0.00186	0.03320	0.00512	0.00296	0.00704
22	0.00804	0.00584	0.00757	0.00714	0.00851	0.00537	0.00536	0.01069	0.01607	0.02264	0.73251	0.04321	0.08193	0.01180	0.00675	0.00180	0.00271	0.01041	0.00626	0.00537
23	0.01487	0.01212	0.01250	0.08075	0.01568	0.11024	0.00898	0.05258	0.21805	0.11803	0.07599	0.04323	0.10740	0.00865	0.00666	0.00185	0.05455	0.00689	0.04359	0.00738
24	0.02515	0.01056	0.01378	0.01057	0.01501	0.00963	0.00873	0.12164	0.01775	0.67156	0.02141	0.01872	0.01358	0.00705	0.00575	0.00176	0.00505	0.00567	0.00690	0.00973
25	0.00707	0.00581	0.00622	0.00612	0.00792	0.00496	0.00459	0.00881	0.01377	0.01718	0.22027	0.05220	0.59757	0.01384	0.00676	0.00190	0.00285	0.01167	0.00554	0.00496
26	0.02130	0.04382	0.01355	0.01027	0.01422	0.01019	0.00840	0.05624	0.15201	0.49780	0.09124	0.02133	0.01804	0.00754	0.00577	0.00178	0.00471	0.00618	0.00652	0.00910
27	0.02002	0.38648	0.02184	0.01062	0.01521	0.05505	0.00952	0.11787	0.01552	0.27537	0.01378	0.01337	0.01000	0.00596	0.00473	0.00149	0.00592	0.00429	0.00450	0.00844
28	0.07022	0.01535	0.01588	0.10441	0.01933	0.08465	0.01082	0.47909	0.04006	0.05549	0.01323	0.01399	0.00957	0.00657	0.00548	0.00171	0.00648	0.00494	0.03408	0.00866

[dist]
# distance from previous block
# <min> <max>
0	8

[block]
# block no. 8 follows, 41 sequences, length 12
# corresponding to MSA columns:
# 323-334
name=unknown_I
#
# <colnr> <probs for GDERKNQSTAVLIFYWHMCP>
#	G	D	E	R	K	N	Q	S	T	A	V	L	I	F	Y	W	H	M	C	P
0	0.05037	0.16518	0.07827	0.03255	0.01582	0.09580	0.00958	0.08499	0.01404	0.06133	0.04102	0.02943	0.02359	0.00588	0.00477	0.00136	0.00584	0.00444	0.00368	0.27208
1	0.08604	0.21983	0.03702	0.03365	0.01638	0.11465	0.01012	0.16750	0.21883	0.02211	0.01356	0.01383	0.01051	0.00628	0.00495	0.00163	0.00621	0.00459	0.00419	0.00810
2	0.08714	0.01429	0.01709	0.01304	0.01763	0.03474	0.10145	0.36497	0.07164	0.05311	0.01317	0.01387	0.00970	0.00604	0.00539	0.00160	0.00612	0.00493	0.00474	0.15934
3	0.00792	0.00588	0.00743	0.00728	0.00870	0.00538	0.00556	0.01034	0.01518	0.02078	0.54234	0.06904	0.18045	0.01277	0.00687	0.00192	0.00299	0.07792	0.00599	0.00526
4	0.00818	0.00554	0.00651	0.00664	0.00675	0.00559	0.00393	0.00844	0.00863	0.01159	0.01905	0.10596	0.02184	0.66611	0.08739	0.00554	0.00613	0.00887	0.00360	0.00371
5	0.02466	0.01018	0.01343	0.01035	0.01468	0.00917	0.00853	0.09411	0.01735	0.67214	0.04839	0.01977	0.01518	0.00723	0.00579	0.00177	0.00492	0.00586	0.00692	0.00958
6	0.04601	0.01386	0.01545	0.01207	0.01643	0.01483	0.00991	0.46195	0.10276	0.22134	0.01686	0.01590	0.01160	0.00697	0.00568	0.00176	0.00568	0.00539	0.00602	0.00955
7	0.00821	0.00555	0.00648	0.00656	0.00669	0.00556	0.00387	0.00850	0.00888	0.01196	0.05023	0.09035	0.02305	0.67015	0.06655	0.00535	0.00579	0.00885	0.00369	0.00372
8	0.01299	0.30117	0.38371	0.01299	0.01910	0.05656	0.01492	0.01720	0.01232	0.01640	0.06251	0.01352	0.01086	0.00715	0.03452	0.00187	0.00758	0.00429	0.00275	0.00762
9	0.01233	0.00706	0.00737	0.00673	0.00857	0.00738	0.00522	0.12951	0.01425	0.02335	0.01774	0.02016	0.01386	0.00814	0.03501	0.00171	0.00375	0.00533	0.66651	0.00602
10	0.08948	0.01047	0.01454	0.06149	0.01664	0.00976	0.10152	0.01466	0.01164	0.03410	0.01287	0.09431	0.01187	0.00669	0.00613	0.00148	0.06499	0.02227	0.00354	0.41155
11	0.01261	0.01279	0.01904	0.01587	0.01641	0.01723	0.08106	0.01419	0.00920	0.01419	0.00789	0.01279	0.00762	0.00952	0.01764	0.00245	0.71538	0.00517	0.00254	0.00639

[dist]
# distance from previous block
# <min> <max>
0	1

[block]
# block no. 9 follows, 41 sequences, length 41
# corresponding to MSA columns:
# 336-351,356-364,367-382
name=unknown_J
#
# <colnr> <probs for GDERKNQSTAVLIFYWHMCP>
#	G	D	E	R	K	N	Q	S	T	A	V	L	I	F	Y	W	H	M	C	P
0	0.04481	0.01013	0.01637	0.56371	0.12224	0.01189	0.01440	0.01443	0.01153	0.01569	0.01216	0.08829	0.01062	0.00673	0.00572	0.00188	0.00688	0.00600	0.00291	0.03363
1	0.01183	0.10244	0.69964	0.01569	0.02381	0.01417	0.02006	0.01802	0.01203	0.01768	0.01005	0.01180	0.00725	0.00538	0.00527	0.00176	0.00823	0.00412	0.00242	0.00835
2	0.02137	0.02726	0.01621	0.01474	0.01768	0.77602	0.01105	0.02284	0.01621	0.01400	0.00884	0.01031	0.00737	0.00589	0.00516	0.00147	0.01031	0.00368	0.00295	0.00663
3	0.03068	0.00841	0.00877	0.00772	0.01004	0.00892	0.00606	0.16155	0.08494	0.05270	0.01804	0.01949	0.01375	0.00680	0.00457	0.00149	0.00368	0.00537	0.54027	0.00674
4	0.00715	0.00581	0.00633	0.00620	0.00796	0.00499	0.00465	0.00896	0.01395	0.01762	0.26093	0.05149	0.55664	0.01368	0.00676	0.00189	0.00284	0.01157	0.00560	0.00499
5	0.00700	0.00500	0.00667	0.00794	0.00830	0.00467	0.00531	0.00805	0.01110	0.01484	0.05243	0.77366	0.03829	0.01774	0.00728	0.00231	0.00330	0.01609	0.00534	0.00467
6	0.01478	0.01220	0.10579	0.02942	0.01608	0.00999	0.07789	0.13463	0.01649	0.17374	0.18009	0.04553	0.09262	0.00911	0.00629	0.00188	0.00539	0.05529	0.00530	0.00751
7	0.00737	0.00578	0.00662	0.00649	0.00806	0.00508	0.00481	0.00929	0.01416	0.01846	0.35179	0.07971	0.41442	0.03363	0.00735	0.00198	0.00290	0.01142	0.00568	0.00503
8	0.01529	0.80242	0.02997	0.00979	0.01468	0.02263	0.00979	0.01713	0.01162	0.01346	0.00795	0.00918	0.00734	0.00489	0.00367	0.00122	0.00612	0.00306	0.00245	0.00734
9	0.01326	0.01257	0.02077	0.13879	0.50415	0.01247	0.04134	0.01662	0.01261	0.01808	0.01060	0.01397	0.00874	0.00503	0.00547	0.00159	0.00658	0.00486	0.00289	0.14961
10	0.04206	0.01516	0.10559	0.01202	0.01647	0.01410	0.01076	0.42491	0.04910	0.10313	0.09800	0.01782	0.01521	0.00723	0.00567	0.00174	0.00574	0.00568	0.04084	0.00878
11	0.01488	0.01343	0.01468	0.01510	0.11844	0.05625	0.01040	0.05368	0.58432	0.02309	0.02042	0.01947	0.01547	0.00726	0.00576	0.00187	0.00522	0.00608	0.00525	0.00895
12	0.00742	0.00534	0.00721	0.00835	0.00891	0.00518	0.00596	0.00873	0.01108	0.01477	0.03014	0.58579	0.05172	0.03793	0.08037	0.00308	0.00476	0.11346	0.00505	0.00475
13	0.01335	0.08799	0.02678	0.11931	0.28588	0.01439	0.30629	0.01715	0.01282	0.01742	0.01143	0.03992	0.00951	0.00546	0.00597	0.00179	0.00786	0.00593	0.00287	0.00788
14	0.00975	0.00698	0.00835	0.00735	0.00973	0.00607	0.00564	0.01244	0.03659	0.07307	0.36929	0.03902	0.24192	0.01085	0.00625	0.00169	0.00321	0.00929	0.00560	0.13692
15	0.03254	0.00989	0.01324	0.02811	0.02950	0.01003	0.07702	0.10930	0.13187	0.11126	0.26803	0.03005	0.08635	0.00920	0.00627	0.00185	0.00467	0.02792	0.00560	0.00731
16	0.05530	0.03269	0.01815	0.08646	0.02004	0.05712	0.09247	0.37148	0.01991	0.12290	0.01350	0.01443	0.00966	0.00650	0.00612	0.00176	0.03614	0.00518	0.02158	0.00859
17	0.01180	0.02530	0.60171	0.01585	0.02314	0.01257	0.07600	0.01769	0.01265	0.04304	0.08013	0.01543	0.01191	0.00611	0.00592	0.00183	0.02279	0.00506	0.00297	0.00811
18	0.00692	0.00551	0.00610	0.00655	0.00784	0.00481	0.00462	0.00813	0.01207	0.01492	0.04684	0.30368	0.47633	0.05888	0.00817	0.00226	0.00319	0.01328	0.00521	0.00469
19	0.71765	0.01105	0.00921	0.00801	0.01166	0.01249	0.00659	0.03402	0.02551	0.10580	0.00997	0.01072	0.00735	0.00558	0.00387	0.00177	0.00451	0.00349	0.00401	0.00671
20	0.01105	0.01065	0.01869	0.71479	0.03852	0.01287	0.08313	0.01496	0.01163	0.01496	0.01030	0.01527	0.00772	0.00564	0.00581	0.00191	0.00781	0.00524	0.00257	0.00648
21	0.01274	0.01426	0.03060	0.02217	0.02739	0.01335	0.65787	0.01714	0.01329	0.01793	0.01494	0.07463	0.04163	0.00618	0.00679	0.00196	0.00890	0.00767	0.00317	0.00737
22	0.04898	0.01600	0.01580	0.04169	0.01752	0.10442	0.01036	0.49850	0.07152	0.02982	0.01375	0.03000	0.01050	0.02263	0.00602	0.00176	0.00646	0.00520	0.00506	0.04400
23	0.83938	0.01106	0.00841	0.00752	0.01106	0.01283	0.00619	0.01681	0.00973	0.02566	0.00796	0.00929	0.00619	0.00531	0.00354	0.00177	0.00442	0.00310	0.00354	0.00619
24	0.09845	0.01965	0.01570	0.01312	0.01690	0.31340	0.01037	0.34795	0.05129	0.04200	0.01187	0.01242	0.00889	0.00638	0.00530	0.00164	0.00758	0.00445	0.00447	0.00816
25	0.04398	0.01392	0.01714	0.01325	0.01768	0.01472	0.08235	0.41701	0.09099	0.18351	0.01652	0.01702	0.01178	0.00698	0.00583	0.00180	0.00608	0.02452	0.00566	0.00925
26	0.09943	0.01084	0.01303	0.01045	0.01449	0.01070	0.00856	0.12465	0.10933	0.46119	0.03980	0.01995	0.01484	0.00736	0.00564	0.00181	0.00493	0.02760	0.00633	0.00906
27	0.01400	0.01349	0.02268	0.03321	0.69276	0.01396	0.01708	0.01720	0.01262	0.01822	0.01045	0.01400	0.00891	0.00556	0.00690	0.00177	0.08049	0.00509	0.00280	0.00880
