[name]
unknown

[dist]
# distance from previous block
# <min> <max>
0	275

[block]
# block no. 0 follows, 38 sequences, length 12
# corresponding to MSA columns:
# 306-317
name=unknown_A
#
# <colnr> <probs for GDERKNQSTAVLIFYWHMCP>
#	G	D	E	R	K	N	Q	S	T	A	V	L	I	F	Y	W	H	M	C	P
0	0.01953	0.01505	0.01676	0.08278	0.04164	0.08145	0.01172	0.31341	0.07769	0.11973	0.01602	0.01916	0.01243	0.00805	0.00758	0.00198	0.08796	0.05306	0.00517	0.00885
1	0.01131	0.04540	0.10714	0.04971	0.06523	0.04564	0.05120	0.03579	0.03817	0.03194	0.02270	0.38609	0.02458	0.04711	0.00782	0.00230	0.00577	0.01105	0.00448	0.00657
2	0.02037	0.01194	0.01379	0.01096	0.01470	0.01228	0.00883	0.33231	0.02104	0.23822	0.10025	0.02204	0.01807	0.06059	0.00764	0.00206	0.00535	0.00645	0.08427	0.00883
3	0.01550	0.07832	0.25387	0.01687	0.07018	0.11552	0.07293	0.08466	0.03446	0.04970	0.01320	0.06580	0.01108	0.00804	0.02319	0.00206	0.06715	0.00573	0.00354	0.00820
4	0.01631	0.05070	0.02153	0.11196	0.06695	0.01454	0.18252	0.12349	0.11190	0.09898	0.01593	0.01754	0.03099	0.00670	0.00682	0.00188	0.04715	0.00602	0.00435	0.06373
5	0.01442	0.01078	0.01190	0.01057	0.01365	0.01164	0.00824	0.04961	0.42614	0.10085	0.14769	0.03027	0.11910	0.00965	0.00640	0.00199	0.00432	0.00811	0.00627	0.00841
6	0.00909	0.00706	0.04340	0.02365	0.01047	0.00588	0.00663	0.01067	0.01236	0.06394	0.09406	0.52995	0.07379	0.06844	0.00891	0.00253	0.00402	0.01421	0.00546	0.00545
7	0.01767	0.16944	0.08634	0.03359	0.12418	0.13785	0.10332	0.07715	0.05671	0.08920	0.01252	0.01408	0.00965	0.00616	0.00613	0.00175	0.03708	0.00499	0.00371	0.00848
8	0.01987	0.05276	0.01852	0.05004	0.01926	0.05003	0.05734	0.47063	0.04571	0.05345	0.08730	0.01771	0.01485	0.00742	0.00607	0.00181	0.00661	0.00595	0.00548	0.00918
9	0.00960	0.00713	0.00877	0.00856	0.01014	0.00690	0.00624	0.01252	0.07304	0.04366	0.16145	0.29549	0.12532	0.06539	0.04272	0.00265	0.02900	0.01164	0.00539	0.07440
10	0.07249	0.01522	0.01715	0.01328	0.01771	0.03599	0.04480	0.45085	0.02202	0.05618	0.01333	0.01432	0.00989	0.00807	0.03141	0.00200	0.05079	0.00512	0.00510	0.11427
11	0.12449	0.06814	0.05288	0.01402	0.05216	0.12069	0.06580	0.17690	0.03997	0.08925	0.01405	0.01587	0.02396	0.04212	0.02254	0.00207	0.00713	0.00514	0.00434	0.05849

[dist]
# distance from previous block
# <min> <max>
4	15

[block]
# block no. 1 follows, 38 sequences, length 31
# corresponding to MSA columns:
# 333-363
name=unknown_B
#
# <colnr> <probs for GDERKNQSTAVLIFYWHMCP>
#	G	D	E	R	K	N	Q	S	T	A	V	L	I	F	Y	W	H	M	C	P
0	0.10205	0.04043	0.09607	0.04781	0.01930	0.20572	0.02948	0.18476	0.06603	0.10346	0.01319	0.01400	0.00972	0.00668	0.00608	0.00181	0.03576	0.00484	0.00440	0.00843
1	0.07194	0.15124	0.01832	0.01206	0.01621	0.03320	0.05353	0.14026	0.13720	0.09878	0.04317	0.04209	0.01376	0.00718	0.00608	0.00173	0.04028	0.00563	0.00474	0.10260
2	0.13817	0.05056	0.08600	0.03942	0.02826	0.11812	0.01010	0.08576	0.05474	0.08697	0.07996	0.06126	0.06148	0.00913	0.02661	0.00203	0.00637	0.00635	0.02274	0.02597
3	0.00810	0.00564	0.00709	0.00775	0.00824	0.00531	0.00504	0.00877	0.01080	0.01447	0.04785	0.46261	0.05601	0.23610	0.01487	0.04685	0.00424	0.01333	0.00484	0.03209
4	0.07727	0.00860	0.00918	0.02269	0.01113	0.02964	0.00658	0.08641	0.03925	0.04618	0.19975	0.13606	0.19753	0.01239	0.02065	0.00209	0.00422	0.00984	0.07425	0.00629
5	0.01458	0.01234	0.01797	0.15586	0.02248	0.01256	0.12046	0.09922	0.09075	0.06118	0.05235	0.01717	0.01271	0.00646	0.00659	0.00170	0.04974	0.00560	0.00418	0.23611
6	0.01121	0.00561	0.00561	0.00561	0.00701	0.00561	0.00421	0.01402	0.01262	0.02243	0.01962	0.02243	0.01542	0.00701	0.00421	0.00140	0.00280	0.00561	0.82198	0.00561
7	0.01241	0.01061	0.01241	0.00905	0.01417	0.00823	0.00722	0.01554	0.03625	0.01958	0.01134	0.01321	0.00944	0.00606	0.03229	0.00125	0.00489	0.00378	0.00364	0.76863
8	0.01018	0.00710	0.00838	0.00793	0.00867	0.00748	0.00524	0.08414	0.01119	0.01519	0.03950	0.03399	0.02041	0.54474	0.16544	0.00602	0.00776	0.00803	0.00390	0.00471
9	0.01942	0.36444	0.02351	0.01314	0.01713	0.38775	0.01107	0.04957	0.01516	0.01540	0.00906	0.01053	0.00784	0.00589	0.00514	0.00147	0.02939	0.00368	0.00297	0.00742
10	0.01416	0.01156	0.01367	0.06088	0.01662	0.01042	0.00862	0.16009	0.01548	0.02262	0.01238	0.03575	0.01032	0.00767	0.04493	0.00166	0.00572	0.00460	0.00404	0.53882
11	0.01764	0.01939	0.01786	0.20298	0.02371	0.34962	0.02938	0.01987	0.01395	0.05500	0.01017	0.01331	0.00827	0.00719	0.00893	0.00194	0.18591	0.00475	0.00312	0.00701
12	0.01316	0.01316	0.01843	0.01579	0.01579	0.01843	0.01316	0.01448	0.00921	0.01448	0.00790	0.01316	0.00790	0.01053	0.01974	0.00263	0.77757	0.00526	0.00263	0.00658
13	0.01010	0.00846	0.01252	0.30978	0.02242	0.00980	0.01071	0.01329	0.05018	0.01640	0.05917	0.23185	0.03780	0.04141	0.00883	0.02221	0.05302	0.04737	0.02872	0.00594
14	0.00852	0.00622	0.00822	0.00910	0.01028	0.00592	0.00722	0.01069	0.01379	0.01823	0.17128	0.25990	0.12173	0.01626	0.00777	0.00243	0.00418	0.30717	0.00576	0.00533
15	0.01399	0.01078	0.01295	0.00946	0.01445	0.00866	0.00763	0.01656	0.01278	0.09440	0.01187	0.01333	0.00947	0.00509	0.00544	0.00108	0.04621	0.00391	0.00391	0.69803
16	0.01284	0.01003	0.01188	0.00914	0.01358	0.00801	0.00715	0.04676	0.01327	0.05838	0.01531	0.14229	0.01445	0.00715	0.00515	0.00124	0.00443	0.00604	0.00422	0.60868
17	0.08016	0.06307	0.29377	0.05513	0.02192	0.04074	0.04754	0.15692	0.01517	0.02210	0.01075	0.01298	0.00821	0.00666	0.00765	0.00194	0.12269	0.00473	0.00340	0.02447
18	0.06577	0.01428	0.01622	0.07392	0.01890	0.01547	0.01072	0.46671	0.02295	0.16993	0.01579	0.01667	0.01130	0.04515	0.00710	0.00203	0.00630	0.00558	0.00578	0.00942
19	0.00737	0.00527	0.00702	0.00835	0.00873	0.00491	0.00559	0.00848	0.01172	0.01567	0.05888	0.75804	0.04040	0.01861	0.00766	0.00242	0.00347	0.01688	0.00562	0.00491
20	0.00891	0.00619	0.00721	0.00715	0.00716	0.00645	0.00425	0.00903	0.00892	0.01201	0.01912	0.07715	0.02207	0.70695	0.02884	0.00548	0.04655	0.00900	0.00369	0.00387
21	0.01432	0.01231	0.01652	0.24523	0.02374	0.03841	0.04968	0.20907	0.01627	0.02156	0.01621	0.17513	0.01539	0.01019	0.02199	0.00224	0.09231	0.00787	0.00423	0.00732
22	0.01316	0.01316	0.01843	0.01579	0.01579	0.01843	0.01316	0.01448	0.00921	0.01448	0.00790	0.01316	0.00790	0.01053	0.01974	0.00263	0.77757	0.00526	0.00263	0.00658
23	0.01884	0.01437	0.01613	0.01304	0.01656	0.01642	0.01062	0.46699	0.09432	0.03045	0.01515	0.01690	0.01172	0.03214	0.08050	0.00277	0.09562	0.00573	0.03280	0.00895
24	0.00733	0.00524	0.00698	0.00838	0.00873	0.00489	0.00558	0.00838	0.01152	0.01536	0.03316	0.78466	0.03979	0.01885	0.00768	0.00244	0.00349	0.01710	0.00558	0.00489
25	0.01295	0.01241	0.01743	0.34662	0.02734	0.05628	0.05131	0.05502	0.06532	0.01728	0.01381	0.10176	0.01247	0.00861	0.00918	0.00216	0.17286	0.00677	0.00347	0.00695
26	0.01121	0.00561	0.00561	0.00561	0.00701	0.00561	0.00421	0.01402	0.01262	0.02243	0.01962	0.02243	0.01542	0.00701	0.00421	0.00140	0.00280	0.00561	0.82198	0.00561
27	0.01421	0.01199	0.01318	0.00966	0.01484	0.04273	0.00773	0.07442	0.01411	0.04298	0.01133	0.01280	0.00915	0.00485	0.00467	0.00102	0.00494	0.00380	0.00386	0.69773
28	0.02038	0.01556	0.01656	0.03589	0.02988	0.06634	0.01082	0.44875	0.06698	0.08222	0.01502	0.01631	0.01128	0.04198	0.02358	0.00213	0.03276	0.00550	0.00537	0.05267
29	0.01843	0.01371	0.01499	0.01167	0.01598	0.05352	0.00947	0.26317	0.03481	0.12805	0.01649	0.01687	0.04959	0.00704	0.00663	0.00160	0.06531	0.00525	0.00502	0.26240
30	0.01179	0.00960	0.01172	0.02998	0.01371	0.00867	0.02242	0.10124	0.01434	0.02027	0.03866	0.22758	0.08881	0.01009	0.00626	0.00165	0.02125	0.00866	0.00462	0.34866

[dist]
# distance from previous block
# <min> <max>
2	11

[block]
# block no. 2 follows, 38 sequences, length 12
# corresponding to MSA columns:
# 375-386
name=unknown_C
#
# <colnr> <probs for GDERKNQSTAVLIFYWHMCP>
#	G	D	E	R	K	N	Q	S	T	A	V	L	I	F	Y	W	H	M	C	P
0	0.05437	0.19384	0.04755	0.01441	0.01882	0.04483	0.13799	0.11389	0.01508	0.12501	0.01247	0.01420	0.00960	0.00788	0.03444	0.00208	0.10210	0.00505	0.00395	0.04243
1	0.01844	0.01403	0.01439	0.01170	0.01515	0.08530	0.00920	0.28738	0.06792	0.10089	0.01572	0.01909	0.01274	0.12569	0.01022	0.00234	0.04864	0.00573	0.03896	0.09648
2	0.00952	0.00708	0.00869	0.00900	0.01028	0.00685	0.00633	0.07332	0.04581	0.01798	0.02869	0.58891	0.03295	0.04680	0.00811	0.00237	0.00400	0.01415	0.00540	0.07376
3	0.01546	0.01520	0.02043	0.19484	0.10584	0.11453	0.12365	0.12120	0.03153	0.01988	0.01219	0.03131	0.00994	0.00812	0.03139	0.00220	0.10352	0.00574	0.02531	0.00772
4	0.00859	0.00645	0.00967	0.00967	0.01074	0.00752	0.00752	0.01074	0.00967	0.01396	0.01611	0.02363	0.01504	0.04512	0.76474	0.00967	0.01611	0.00645	0.00322	0.00537
5	0.01186	0.01034	0.01358	0.21785	0.02127	0.00957	0.00973	0.01551	0.05032	0.01837	0.01334	0.08016	0.01181	0.00631	0.00524	0.00139	0.00536	0.00538	0.00363	0.48897
6	0.03627	0.06078	0.01915	0.12661	0.14518	0.20334	0.04044	0.08143	0.08190	0.03913	0.01295	0.04500	0.01078	0.00704	0.00681	0.00186	0.06419	0.00550	0.00371	0.00793
7	0.01732	0.01428	0.01635	0.01595	0.11274	0.01598	0.01126	0.23975	0.43175	0.02827	0.01975	0.01906	0.01477	0.00751	0.00607	0.00194	0.00563	0.00620	0.00568	0.00974
8	0.00814	0.00781	0.07159	0.00901	0.01035	0.00592	0.00694	0.00971	0.01145	0.01562	0.02882	0.61468	0.03383	0.07864	0.00917	0.00258	0.00420	0.01458	0.00505	0.05190
9	0.02997	0.04901	0.13699	0.03925	0.23923	0.06334	0.07693	0.01718	0.01309	0.01833	0.07527	0.01790	0.03919	0.00736	0.00853	0.00197	0.14944	0.00586	0.00326	0.00790
10	0.06330	0.01323	0.01370	0.01128	0.01502	0.05698	0.00892	0.31183	0.04353	0.04372	0.01840	0.14975	0.03825	0.00976	0.02361	0.00194	0.00583	0.00721	0.00515	0.15861
11	0.05024	0.06899	0.11070	0.01291	0.01790	0.05653	0.05801	0.21523	0.03522	0.04445	0.01414	0.07956	0.01193	0.00702	0.00557	0.00164	0.00644	0.00571	0.00434	0.19348

[dist]
# distance from previous block
# <min> <max>
0	34

[block]
# block no. 3 follows, 38 sequences, length 6
# corresponding to MSA columns:
# 421-426
name=unknown_D
#
# <colnr> <probs for GDERKNQSTAVLIFYWHMCP>
#	G	D	E	R	K	N	Q	S	T	A	V	L	I	F	Y	W	H	M	C	P
0	0.07895	0.05190	0.10203	0.01263	0.01726	0.06538	0.05704	0.11127	0.05577	0.07460	0.03079	0.05862	0.01240	0.00699	0.00621	0.00168	0.04652	0.00551	0.00422	0.20023
1	0.03339	0.12338	0.10659	0.06294	0.03578	0.05762	0.04426	0.19835	0.05478	0.04603	0.01531	0.01636	0.04828	0.00660	0.00548	0.00166	0.00663	0.00520	0.02944	0.10191
2	0.26452	0.07894	0.01551	0.01122	0.01524	0.01428	0.04635	0.15930	0.04321	0.17040	0.01717	0.01728	0.06321	0.00729	0.00607	0.00187	0.04966	0.00536	0.00494	0.00818
3	0.01452	0.33182	0.20505	0.01366	0.01908	0.01777	0.07895	0.08271	0.01438	0.01916	0.09443	0.01566	0.01367	0.00658	0.00603	0.00170	0.04840	0.00506	0.00339	0.00798
4	0.00825	0.00621	0.00774	0.00864	0.00950	0.00609	0.00598	0.01125	0.09528	0.01699	0.07149	0.61665	0.07898	0.01707	0.00744	0.00234	0.00358	0.01534	0.00570	0.00547
5	0.01389	0.00968	0.01260	0.03960	0.01409	0.01019	0.08950	0.15203	0.06306	0.02449	0.01758	0.02002	0.01360	0.00880	0.04362	0.00203	0.00537	0.00585	0.44693	0.00706

[dist]
# distance from previous block
# <min> <max>
3	14

[block]
# block no. 4 follows, 38 sequences, length 14
# corresponding to MSA columns:
# 444-457
name=unknown_E
#
# <colnr> <probs for GDERKNQSTAVLIFYWHMCP>
#	G	D	E	R	K	N	Q	S	T	A	V	L	I	F	Y	W	H	M	C	P
0	0.05271	0.02223	0.01742	0.01625	0.06371	0.45300	0.05084	0.06968	0.09649	0.01849	0.01270	0.05136	0.01082	0.00711	0.00615	0.00175	0.03274	0.00524	0.00375	0.00756
1	0.00938	0.00635	0.00714	0.00698	0.00723	0.00642	0.00410	0.04391	0.00980	0.01308	0.01925	0.06528	0.02196	0.72251	0.02859	0.00551	0.00579	0.00889	0.00383	0.00401
2	0.00930	0.00607	0.00695	0.00690	0.00712	0.00611	0.00409	0.02968	0.00957	0.01302	0.01903	0.07357	0.02142	0.64446	0.02713	0.05633	0.00556	0.00870	0.04108	0.00392
3	0.00875	0.00640	0.00943	0.00943	0.01052	0.00741	0.00733	0.01093	0.00984	0.01446	0.01632	0.02356	0.01506	0.04288	0.72014	0.00918	0.01533	0.00640	0.05124	0.00538
4	0.01538	0.05723	0.03769	0.30314	0.17497	0.04703	0.08495	0.13321	0.03481	0.03648	0.01203	0.01519	0.00917	0.00603	0.00596	0.00187	0.00773	0.00539	0.00351	0.00823
5	0.11942	0.56985	0.02638	0.01075	0.01548	0.10438	0.01003	0.05516	0.01333	0.01704	0.00878	0.01004	0.00770	0.00542	0.00413	0.00141	0.00671	0.00341	0.00295	0.00761
6	0.01430	0.00682	0.00749	0.00678	0.00886	0.00665	0.00526	0.04447	0.01399	0.14536	0.02011	0.02179	0.01513	0.00709	0.00458	0.00149	0.00334	0.00567	0.65425	0.00656
7	0.01252	0.01087	0.01289	0.00940	0.01436	0.00875	0.00755	0.01510	0.01224	0.01924	0.01050	0.01252	0.00884	0.00488	0.00553	0.00101	0.05893	0.00368	0.00350	0.76767
8	0.65185	0.01132	0.00998	0.00853	0.01246	0.01246	0.00703	0.02028	0.01179	0.18931	0.01180	0.01216	0.00838	0.00600	0.00424	0.00186	0.00476	0.00388	0.00455	0.00734
9	0.01344	0.00766	0.00998	0.00848	0.01113	0.00671	0.00661	0.01614	0.01656	0.20094	0.48860	0.03532	0.04118	0.01023	0.00654	0.00177	0.00357	0.00888	0.00647	0.09978
10	0.00851	0.00615	0.00804	0.00757	0.00899	0.00568	0.00568	0.01135	0.01703	0.02412	0.74788	0.04494	0.05676	0.01230	0.00710	0.00189	0.00284	0.01088	0.00662	0.00568
11	0.01984	0.03791	0.03588	0.01451	0.03227	0.14735	0.06183	0.31473	0.11652	0.07864	0.01608	0.05366	0.01255	0.00748	0.00599	0.00182	0.00709	0.00599	0.02091	0.00895
12	0.01351	0.00882	0.01020	0.00914	0.01107	0.00892	0.00652	0.11941	0.08719	0.10516	0.02157	0.16604	0.02159	0.32361	0.01615	0.00352	0.00526	0.00900	0.00504	0.04829
13	0.01653	0.08044	0.01557	0.01093	0.01516	0.03301	0.00883	0.30212	0.01852	0.02535	0.01428	0.06979	0.01264	0.07694	0.00763	0.00186	0.00572	0.00570	0.00460	0.27437

[dist]
# distance from previous block
# <min> <max>
3	26

[block]
# block no. 5 follows, 38 sequences, length 6
# corresponding to MSA columns:
# 486-491
name=unknown_F
#
# <colnr> <probs for GDERKNQSTAVLIFYWHMCP>
#	G	D	E	R	K	N	Q	S	T	A	V	L	I	F	Y	W	H	M	C	P
0	0.01450	0.01176	0.01797	0.11707	0.16613	0.01151	0.10458	0.06593	0.03810	0.06568	0.01396	0.01648	0.01077	0.00583	0.00552	0.00161	0.00613	0.00533	0.13701	0.18415
1	0.13348	0.01230	0.01724	0.01419	0.01777	0.01313	0.17424	0.08887	0.20727	0.02327	0.03900	0.07645	0.03639	0.00905	0.00674	0.00211	0.02573	0.09014	0.00486	0.00776
2	0.01199	0.00738	0.00928	0.00894	0.01031	0.00740	0.00637	0.08357	0.01294	0.11269	0.02387	0.30307	0.02532	0.22041	0.12410	0.00424	0.00647	0.01076	0.00502	0.00586
3	0.12290	0.01406	0.01444	0.01389	0.07445	0.06519	0.01007	0.11406	0.39591	0.05729	0.01930	0.04214	0.01491	0.00766	0.00578	0.00194	0.00555	0.00614	0.00538	0.00893
4	0.00861	0.00652	0.00781	0.00848	0.00940	0.00650	0.00581	0.01190	0.11805	0.01640	0.03281	0.50368	0.10497	0.11706	0.01038	0.00278	0.00394	0.01407	0.00541	0.00542
5	0.01364	0.01091	0.01246	0.00934	0.01404	0.00923	0.00745	0.11951	0.01475	0.02230	0.01309	0.05236	0.01118	0.00579	0.00483	0.00114	0.00459	0.00468	0.06966	0.59906

[dist]
# distance from previous block
# <min> <max>
0	17

[block]
# block no. 6 follows, 38 sequences, length 6
# corresponding to MSA columns:
# 509-514
name=unknown_G
#
# <colnr> <probs for GDERKNQSTAVLIFYWHMCP>
#	G	D	E	R	K	N	Q	S	T	A	V	L	I	F	Y	W	H	M	C	P
0	0.04840	0.05186	0.03518	0.01244	0.06800	0.03309	0.00959	0.11402	0.01731	0.36740	0.07692	0.02231	0.06469	0.00787	0.00589	0.00180	0.00537	0.00636	0.04261	0.00890
1	0.02013	0.20137	0.04641	0.01509	0.06611	0.33191	0.01188	0.06474	0.01577	0.10807	0.01128	0.01245	0.00890	0.00637	0.00610	0.00164	0.05590	0.00429	0.00363	0.00796
2	0.01004	0.00728	0.00831	0.00815	0.00916	0.00741	0.00548	0.07736	0.06808	0.01703	0.06256	0.22735	0.07951	0.36496	0.01772	0.00383	0.00487	0.01081	0.00484	0.00523
3	0.07447	0.13213	0.17195	0.01208	0.01661	0.05962	0.03797	0.07309	0.05301	0.05779	0.16027	0.02202	0.05274	0.00946	0.03973	0.00214	0.00666	0.00626	0.00436	0.00763
4	0.23645	0.01364	0.03496	0.01306	0.06506	0.10393	0.07015	0.05054	0.04527	0.06036	0.08636	0.06804	0.01613	0.00747	0.00542	0.00180	0.00590	0.00608	0.06018	0.04921
5	0.01690	0.08356	0.11127	0.03863	0.04930	0.14560	0.01174	0.10568	0.01557	0.10042	0.04258	0.05492	0.01325	0.02656	0.00728	0.00186	0.06596	0.00567	0.04488	0.05835

[dist]
# distance from previous block
# <min> <max>
7	19

[block]
# block no. 7 follows, 38 sequences, length 18
# corresponding to MSA columns:
# 534-551
name=unknown_H
#
# <colnr> <probs for GDERKNQSTAVLIFYWHMCP>
#	G	D	E	R	K	N	Q	S	T	A	V	L	I	F	Y	W	H	M	C	P
0	0.16491	0.01223	0.03973	0.30263	0.10621	0.01299	0.07662	0.03512	0.05421	0.01961	0.01363	0.01685	0.04258	0.00688	0.00636	0.03470	0.00681	0.00543	0.00338	0.03911
1	0.00763	0.00574	0.00683	0.00728	0.00833	0.00519	0.00505	0.00903	0.01290	0.01678	0.16681	0.33292	0.27240	0.10292	0.00996	0.00259	0.00349	0.01363	0.00555	0.00495
2	0.00746	0.00531	0.00701	0.00824	0.00863	0.00498	0.00549	0.00855	0.01166	0.01562	0.06899	0.70845	0.03973	0.05814	0.00883	0.00259	0.00358	0.01635	0.00554	0.00486
3	0.01441	0.01045	0.01243	0.00904	0.01415	0.00805	0.00726	0.01705	0.01313	0.12034	0.01280	0.01393	0.00996	0.00496	0.00466	0.00104	0.00449	0.00398	0.03351	0.68439
4	0.02287	0.01685	0.01805	0.01384	0.01866	0.01866	0.01143	0.73100	0.02828	0.03791	0.01444	0.01444	0.01023	0.00722	0.00602	0.00181	0.00662	0.00542	0.00602	0.01023
5	0.07369	0.24824	0.32257	0.04957	0.02221	0.01678	0.09085	0.01806	0.01243	0.01785	0.01082	0.01444	0.00888	0.00611	0.00579	0.00180	0.03523	0.03386	0.00282	0.00797
6	0.00839	0.00600	0.00775	0.00832	0.00916	0.00593	0.00586	0.03232	0.01234	0.01690	0.10771	0.43849	0.07461	0.07009	0.13084	0.00368	0.00565	0.01310	0.03768	0.00518
7	0.03935	0.00570	0.00778	0.00783	0.00827	0.00590	0.00540	0.00925	0.00891	0.01302	0.01409	0.07035	0.01415	0.07967	0.12372	0.49359	0.00644	0.00639	0.07655	0.00363
8	0.01900	0.03566	0.05160	0.01163	0.04496	0.03290	0.00926	0.09277	0.01619	0.33518	0.06206	0.08706	0.03424	0.03906	0.05647	0.00251	0.00608	0.00718	0.04785	0.00834
9	0.00774	0.00594	0.00709	0.00756	0.00888	0.00535	0.00559	0.00945	0.01353	0.01740	0.16522	0.26365	0.32977	0.03713	0.00805	0.00231	0.00349	0.09101	0.00570	0.00514
10	0.04010	0.04463	0.05162	0.30791	0.21995	0.05265	0.06291	0.06849	0.01423	0.04524	0.01195	0.01616	0.00943	0.00612	0.00593	0.00189	0.00768	0.02179	0.00330	0.00802
11	0.05697	0.01640	0.07912	0.25893	0.05398	0.16388	0.01332	0.09950	0.04843	0.02023	0.05065	0.01842	0.01261	0.00703	0.00582	0.00186	0.00753	0.03471	0.04318	0.00742
12	0.01207	0.03112	0.75741	0.01715	0.02604	0.01397	0.02223	0.01905	0.01270	0.01905	0.01080	0.01270	0.00762	0.00572	0.00572	0.00191	0.00889	0.00445	0.00254	0.00889
13	0.00939	0.00732	0.00851	0.00819	0.01000	0.00715	0.00612	0.04160	0.11244	0.02135	0.32813	0.16209	0.22813	0.01336	0.00702	0.00203	0.00340	0.01158	0.00609	0.00609
14	0.11945	0.15526	0.34034	0.01528	0.04972	0.09481	0.04341	0.05552	0.01363	0.01966	0.01089	0.03647	0.00880	0.00611	0.00525	0.00177	0.00783	0.00462	0.00307	0.00812
15	0.10370	0.01214	0.01616	0.06981	0.01823	0.01294	0.10819	0.21381	0.03616	0.10234	0.01749	0.08482	0.02990	0.04797	0.00771	0.00213	0.03414	0.00687	0.06763	0.00786
16	0.01045	0.00522	0.00784	0.00784	0.00784	0.00522	0.00522	0.00784	0.00784	0.01045	0.01045	0.01829	0.01045	0.02090	0.02351	0.82497	0.00522	0.00522	0.00261	0.00261
17	0.07987	0.01869	0.01594	0.13563	0.05412	0.30586	0.01162	0.10726	0.11303	0.03541	0.02972	0.01635	0.03722	0.00695	0.00569	0.00178	0.00788	0.00521	0.00408	0.00771

[dist]
# distance from previous block
# <min> <max>
4	6

[block]
# block no. 8 follows, 38 sequences, length 17
# corresponding to MSA columns:
# 563-579
name=unknown_I
#
# <colnr> <probs for GDERKNQSTAVLIFYWHMCP>
#	G	D	E	R	K	N	Q	S	T	A	V	L	I	F	Y	W	H	M	C	P
0	0.06033	0.01330	0.04847	0.05612	0.03736	0.01342	0.07448	0.25955	0.06749	0.06552	0.02900	0.02516	0.01562	0.00988	0.03548	0.00230	0.00673	0.11975	0.05182	0.00824
1	0.00955	0.00694	0.00972	0.00949	0.01073	0.00793	0.00733	0.05089	0.01082	0.01566	0.01638	0.02394	0.01518	0.08255	0.63724	0.00854	0.01424	0.00647	0.05085	0.00556
2	0.02287	0.01685	0.01805	0.01384	0.01866	0.01866	0.01143	0.73100	0.02828	0.03791	0.01444	0.01444	0.01023	0.00722	0.00602	0.00181	0.00662	0.00542	0.00602	0.01023
3	0.01183	0.00972	0.01207	0.05568	0.04199	0.05218	0.00887	0.09733	0.01248	0.01683	0.01532	0.02406	0.01454	0.14445	0.35867	0.03407	0.05247	0.02787	0.00359	0.00599
4	0.03940	0.01489	0.01498	0.13203	0.01976	0.14784	0.01071	0.17249	0.11348	0.10253	0.05470	0.06017	0.01504	0.00781	0.00612	0.00184	0.01808	0.00619	0.02236	0.03959
5	0.00912	0.00675	0.00831	0.00770	0.00941	0.00633	0.00584	0.05212	0.01716	0.02370	0.60019	0.04519	0.16057	0.01246	0.00704	0.00191	0.00309	0.01085	0.00643	0.00584
6	0.00945	0.00584	0.00758	0.00825	0.00917	0.00538	0.00570	0.01073	0.01233	0.08644	0.06383	0.57750	0.07546	0.05323	0.00843	0.00246	0.00368	0.01474	0.03439	0.00541
7	0.01337	0.01177	0.05609	0.31202	0.06674	0.01206	0.01249	0.14786	0.01521	0.02118	0.01577	0.05912	0.03665	0.00770	0.00625	0.02405	0.00632	0.00617	0.13463	0.03454
8	0.05334	0.01070	0.01314	0.01048	0.01430	0.01037	0.00851	0.17791	0.01932	0.38236	0.20615	0.02498	0.02424	0.00856	0.00622	0.00186	0.00485	0.00703	0.00677	0.00892
9	0.01281	0.00764	0.00889	0.00797	0.01055	0.00685	0.00620	0.05501	0.01529	0.18594	0.09530	0.07105	0.40719	0.04672	0.00789	0.00218	0.00394	0.03604	0.00602	0.00654
10	0.01079	0.00788	0.00944	0.00927	0.01083	0.00793	0.00678	0.16151	0.01606	0.02157	0.14439	0.46228	0.07732	0.01514	0.00720	0.00220	0.00402	0.01339	0.00584	0.00615
11	0.51046	0.01109	0.01049	0.02917	0.01289	0.01271	0.02629	0.08042	0.01241	0.02588	0.01127	0.01320	0.00878	0.00627	0.00503	0.00182	0.04617	0.00418	0.16474	0.00672
12	0.01082	0.00768	0.00935	0.00942	0.01094	0.00766	0.00699	0.13722	0.01533	0.03835	0.07598	0.46859	0.08552	0.01565	0.00732	0.00228	0.00419	0.07484	0.00577	0.00608
13	0.18541	0.09929	0.14086	0.11005	0.09725	0.11621	0.01345	0.05929	0.01346	0.03453	0.01033	0.01273	0.00817	0.00709	0.02559	0.00202	0.04895	0.00438	0.00325	0.00770
14	0.01135	0.02842	0.01137	0.06561	0.03627	0.04990	0.02773	0.01375	0.02864	0.05604	0.10061	0.10068	0.13801	0.04015	0.00873	0.04997	0.00523	0.18101	0.04060	0.00593
15	0.01318	0.03509	0.01062	0.00895	0.01136	0.02636	0.00701	0.09157	0.01680	0.13111	0.29466	0.11429	0.14326	0.01179	0.00671	0.00195	0.00410	0.03775	0.02668	0.00677
16	0.01611	0.10174	0.11076	0.09506	0.25683	0.09200	0.03371	0.10453	0.05747	0.03591	0.01265	0.03412	0.01025	0.00630	0.00574	0.00179	0.00748	0.00532	0.00357	0.00866

[dist]
# distance from previous block
# <min> <max>
0	2

[block]
# block no. 9 follows, 38 sequences, length 13
# corresponding to MSA columns:
# 585-597
name=unknown_J
#
# <colnr> <probs for GDERKNQSTAVLIFYWHMCP>
#	G	D	E	R	K	N	Q	S	T	A	V	L	I	F	Y	W	H	M	C	P
0	0.08404	0.03410	0.17223	0.01327	0.04268	0.03356	0.01210	0.23554	0.01741	0.08165	0.01621	0.04827	0.04075	0.03462	0.03675	0.00227	0.02339	0.00584	0.02820	0.03715
1	0.01434	0.21344	0.12930	0.04825	0.01666	0.02943	0.01139	0.07519	0.01393	0.05314	0.07624	0.03460	0.01450	0.00858	0.02892	0.00199	0.10281	0.00548	0.11438	0.00742
2	0.00771	0.00563	0.00721	0.00827	0.00901	0.00525	0.00586	0.00906	0.01220	0.01598	0.06446	0.52499	0.14019	0.05608	0.00879	0.00257	0.00377	0.10247	0.00552	0.00496
3	0.04661	0.01063	0.01392	0.12649	0.11021	0.02748	0.01056	0.10395	0.05998	0.09793	0.11334	0.10923	0.02164	0.01078	0.03707	0.00228	0.00596	0.04431	0.04008	0.00753
4	0.05419	0.11465	0.07644	0.13643	0.15695	0.04920	0.01331	0.06145	0.16317	0.03689	0.01605	0.01897	0.03315	0.00701	0.00572	0.00186	0.00662	0.03566	0.00399	0.00829
5	0.01045	0.00522	0.00784	0.00784	0.00784	0.00522	0.00522	0.00784	0.00784	0.01045	0.01045	0.01829	0.01045	0.02090	0.02351	0.82497	0.00522	0.00522	0.00261	0.00261
6	0.00770	0.00594	0.00703	0.00713	0.00858	0.00527	0.00521	0.00963	0.01455	0.01912	0.32145	0.20164	0.33542	0.01484	0.00722	0.00206	0.00306	0.01289	0.00599	0.00527
7	0.00758	0.00586	0.00693	0.00733	0.00867	0.00522	0.00533	0.00928	0.01372	0.01770	0.19641	0.28813	0.34684	0.01582	0.00734	0.00216	0.00324	0.04145	0.00580	0.00516
8	0.01729	0.04376	0.03055	0.01114	0.03945	0.01005	0.00874	0.13515	0.01770	0.25666	0.21528	0.10144	0.02785	0.02555	0.00694	0.00200	0.00484	0.03137	0.00619	0.00805
9	0.02158	0.02511	0.01735	0.01583	0.03965	0.58318	0.01184	0.07810	0.01709	0.04670	0.01021	0.01186	0.00830	0.00671	0.00687	0.00169	0.08283	0.00426	0.00345	0.00740
10	0.02287	0.01685	0.01805	0.01384	0.01866	0.01866	0.01143	0.73100	0.02828	0.03791	0.01444	0.01444	0.01023	0.00722	0.00602	0.00181	0.00662	0.00542	0.00602	0.01023
11	0.04463	0.03291	0.01265	0.00933	0.01390	0.00918	0.00745	0.01786	0.08592	0.09208	0.04984	0.05581	0.01423	0.00631	0.00503	0.00128	0.00449	0.00517	0.00443	0.52753
12	0.05258	0.01094	0.01842	0.47719	0.07739	0.01246	0.09515	0.01590	0.01218	0.05001	0.01254	0.03927	0.01034	0.05689	0.00817	0.02705	0.00755	0.00602	0.00315	0.00681

[dist]
# distance from previous block
# <min> <max>
0	1

[block]
# block no. 10 follows, 38 sequences, length 31
# corresponding to MSA columns:
# 599-629
name=unknown_K
#
# <colnr> <probs for GDERKNQSTAVLIFYWHMCP>
#	G	D	E	R	K	N	Q	S	T	A	V	L	I	F	Y	W	H	M	C	P
0	0.00929	0.00706	0.00978	0.00947	0.01017	0.00832	0.00711	0.01085	0.00952	0.01384	0.01598	0.02613	0.01586	0.21865	0.46589	0.00755	0.10336	0.00682	0.03925	0.00511
1	0.73871	0.01220	0.00986	0.04579	0.01354	0.03097	0.00734	0.04747	0.01123	0.02660	0.00876	0.01030	0.00677	0.00569	0.00397	0.00186	0.00504	0.00346	0.00375	0.00669
2	0.00853	0.00649	0.00774	0.00730	0.00903	0.00591	0.00551	0.03453	0.01632	0.02201	0.49851	0.04816	0.28166	0.01309	0.00706	0.00193	0.00303	0.01129	0.00626	0.00563
3	0.00882	0.00621	0.00793	0.00765	0.00914	0.00566	0.00574	0.01132	0.01604	0.04418	0.55587	0.11203	0.14070	0.01323	0.00715	0.00198	0.00307	0.03124	0.00639	0.00566
4	0.00725	0.00582	0.00648	0.00690	0.00836	0.00505	0.00495	0.00869	0.01318	0.01638	0.08817	0.29068	0.48449	0.01624	0.00729	0.00216	0.00318	0.01402	0.00564	0.00505
5	0.01608	0.79220	0.03152	0.01029	0.01544	0.02380	0.01029	0.01801	0.01222	0.01415	0.00836	0.00965	0.00772	0.00515	0.00386	0.00129	0.00643	0.00322	0.00257	0.00772
6	0.03585	0.01060	0.04636	0.00994	0.01269	0.03447	0.00801	0.06379	0.14870	0.07570	0.28564	0.12668	0.03269	0.02938	0.00706	0.00201	0.00445	0.00903	0.00579	0.05116
7	0.01748	0.00917	0.01185	0.00969	0.01320	0.00838	0.00770	0.02072	0.06123	0.32522	0.06943	0.02240	0.01728	0.05615	0.14191	0.00328	0.00674	0.00616	0.02857	0.16345
8	0.00917	0.00658	0.00907	0.01041	0.01162	0.00648	0.00876	0.01157	0.01340	0.01745	0.03302	0.20277	0.05822	0.01699	0.00815	0.00268	0.00507	0.55763	0.00555	0.00540
9	0.13562	0.01118	0.01725	0.43960	0.03074	0.01258	0.07141	0.01897	0.01303	0.17330	0.01322	0.01607	0.00934	0.00618	0.00577	0.00196	0.00708	0.00533	0.00386	0.00752
10	0.01622	0.51758	0.06784	0.01238	0.03743	0.03790	0.04872	0.01868	0.01275	0.07026	0.01065	0.01216	0.00888	0.00579	0.00527	0.00150	0.04804	0.00404	0.05609	0.00783
11	0.01316	0.01316	0.01843	0.01579	0.01579	0.01843	0.01316	0.01448	0.00921	0.01448	0.00790	0.01316	0.00790	0.01053	0.01974	0.00263	0.77757	0.00526	0.00263	0.00658
12	0.00817	0.00625	0.00704	0.00720	0.00902	0.00546	0.00554	0.00996	0.01395	0.03872	0.11674	0.11832	0.51214	0.01522	0.00728	0.00214	0.00345	0.10234	0.00573	0.00533
13	0.01136	0.00815	0.00955	0.00883	0.01020	0.00860	0.00633	0.14999	0.01420	0.01937	0.09007	0.14296	0.05621	0.29156	0.09659	0.00419	0.02376	0.00927	0.03311	0.00568
14	0.05332	0.00669	0.00805	0.00835	0.00961	0.00659	0.00608	0.05706	0.01415	0.02029	0.20784	0.39916	0.06005	0.01467	0.00697	0.00216	0.00362	0.04355	0.06619	0.00560
15	0.00733	0.00524	0.00698	0.00838	0.00873	0.00489	0.00558	0.00838	0.01152	0.01536	0.03316	0.78466	0.03979	0.01885	0.00768	0.00244	0.00349	0.01710	0.00558	0.00489
16	0.01009	0.00627	0.00755	0.00740	0.00834	0.00602	0.00499	0.02424	0.01246	0.06489	0.18487	0.16603	0.04884	0.32451	0.01628	0.00352	0.00437	0.01022	0.08403	0.00508
17	0.03374	0.01262	0.02024	0.27550	0.29379	0.01378	0.06814	0.03924	0.10187	0.01972	0.01323	0.01655	0.01033	0.00604	0.00593	0.00189	0.00706	0.00562	0.04648	0.00822
18	0.00731	0.00530	0.00691	0.00821	0.00868	0.00490	0.00551	0.00840	0.01168	0.01542	0.03521	0.73087	0.09224	0.01858	0.00764	0.00241	0.00346	0.01678	0.00558	0.00490
19	0.01108	0.00593	0.00627	0.00617	0.00755	0.00604	0.00460	0.02854	0.01261	0.02158	0.03426	0.02372	0.01648	0.05198	0.06201	0.00227	0.00403	0.00594	0.68333	0.00558
20	0.00755	0.00533	0.00692	0.00810	0.00839	0.00503	0.00529	0.00843	0.01109	0.01479	0.03098	0.67069	0.03705	0.13655	0.01119	0.00296	0.00385	0.01582	0.00529	0.00470
21	0.01521	0.01381	0.02270	0.10664	0.60855	0.02821	0.01741	0.01869	0.01379	0.05866	0.01242	0.01661	0.01029	0.00585	0.00602	0.00183	0.00715	0.02377	0.00326	0.00913
22	0.02387	0.01261	0.06255	0.01148	0.01630	0.01079	0.00997	0.15657	0.01881	0.51519	0.05798	0.01987	0.01553	0.00745	0.00603	0.00183	0.00550	0.00600	0.00670	0.03497
23	0.00944	0.00647	0.00740	0.00712	0.00915	0.00560	0.00540	0.01128	0.01453	0.09155	0.18453	0.10572	0.47552	0.01420	0.00707	0.00204	0.00330	0.02801	0.00597	0.00570
24	0.04689	0.01002	0.01212	0.06345	0.10760	0.05774	0.00891	0.04904	0.03196	0.06449	0.26953	0.06690	0.12053	0.01148	0.02678	0.02687	0.00517	0.00862	0.00516	0.00672
25	0.01290	0.01256	0.04231	0.47322	0.19338	0.01392	0.01623	0.03582	0.10452	0.01822	0.01266	0.01645	0.00970	0.00616	0.00601	0.00195	0.00741	0.00551	0.00325	0.00782
26	0.01236	0.02905	0.65720	0.01829	0.02679	0.01414	0.12037	0.01908	0.01291	0.01908	0.01099	0.01319	0.00783	0.00563	0.00591	0.00192	0.00906	0.00481	0.00261	0.00878
27	0.06177	0.01122	0.01430	0.01102	0.01565	0.01041	0.00910	0.12613	0.01845	0.62372	0.02177	0.01917	0.01388	0.00733	0.00594	0.00185	0.00531	0.00584	0.00708	0.01007
28	0.01175	0.00881	0.00991	0.02608	0.01165	0.02490	0.00703	0.11803	0.07504	0.03482	0.10166	0.23761	0.12521	0.07043	0.00881	0.00233	0.02762	0.01051	0.08143	0.00637
29	0.24115	0.11248	0.01557	0.05324	0.01587	0.01469	0.03055	0.22197	0.01719	0.04458	0.11930	0.01770	0.01590	0.00711	0.00520	0.00177	0.00545	0.00541	0.04717	0.00772
30	0.01229	0.00909	0.01085	0.01074	0.04251	0.00953	0.00749	0.17465	0.07652	0.02172	0.08988	0.28619	0.02729	0.13249	0.02515	0.01981	0.00502	0.01057	0.02169	0.00654

[dist]
# distance from previous block
# <min> <max>
0	64

[block]
# block no. 11 follows, 38 sequences, length 15
# corresponding to MSA columns:
# 694-708
name=unknown_L
#
# <colnr> <probs for GDERKNQSTAVLIFYWHMCP>
#	G	D	E	R	K	N	Q	S	T	A	V	L	I	F	Y	W	H	M	C	P
0	0.00837	0.00575	0.00698	0.00725	0.00757	0.00564	0.00454	0.00909	0.01059	0.01435	0.12248	0.21987	0.03075	0.46839	0.04875	0.00461	0.00523	0.01098	0.00451	0.00429
1	0.01448	0.17109	0.23772	0.03193	0.17406	0.11005	0.03787	0.01838	0.01361	0.01774	0.04265	0.01568	0.04069	0.00618	0.00548	0.00168	0.00763	0.00499	0.00307	0.04501
2	0.01121	0.00561	0.00561	0.00561	0.00701	0.00561	0.00421	0.01402	0.01262	0.02243	0.01962	0.02243	0.01542	0.00701	0.00421	0.00140	0.00280	0.00561	0.82198	0.00561
3	0.01484	0.01062	0.01272	0.00920	0.01444	0.00815	0.00741	0.01746	0.01325	0.13946	0.01282	0.01378	0.00988	0.00494	0.00471	0.00105	0.00456	0.00397	0.00420	0.69255
4	0.01064	0.00860	0.01194	0.06129	0.01418	0.03557	0.08041	0.01384	0.02932	0.04829	0.41284	0.03908	0.11289	0.01096	0.00684	0.00194	0.00451	0.04816	0.04247	0.00621
5	0.00849	0.00612	0.00777	0.00859	0.00929	0.00596	0.00591	0.03922	0.03453	0.01701	0.08470	0.58721	0.03749	0.08393	0.00952	0.00267	0.00388	0.03697	0.00553	0.00522
6	0.03721	0.01084	0.01068	0.01002	0.02611	0.10744	0.00731	0.11048	0.01669	0.03819	0.31041	0.11401	0.07572	0.08751	0.00896	0.00229	0.00497	0.00934	0.00547	0.00635
7	0.04803	0.01774	0.18076	0.19773	0.08890	0.01447	0.30849	0.03691	0.01354	0.01917	0.01137	0.01501	0.00850	0.00553	0.00629	0.00196	0.00882	0.00579	0.00295	0.00804
8	0.01721	0.00992	0.01219	0.00989	0.01326	0.00948	0.00791	0.16695	0.01909	0.24035	0.32775	0.02898	0.03122	0.00923	0.00637	0.00179	0.00442	0.00778	0.00651	0.06971
9	0.04832	0.00656	0.00815	0.00900	0.00992	0.00653	0.00655	0.04950	0.01257	0.01732	0.02940	0.50229	0.03396	0.08707	0.00960	0.00275	0.00432	0.14559	0.00533	0.00527
10	0.03936	0.07028	0.01402	0.03046	0.02820	0.04841	0.00952	0.10922	0.19689	0.05883	0.10429	0.03340	0.05593	0.01018	0.00646	0.00206	0.00543	0.16391	0.00545	0.00771
11	0.01045	0.00522	0.00784	0.00784	0.00784	0.00522	0.00522	0.00784	0.00784	0.01045	0.01045	0.01829	0.01045	0.02090	0.02351	0.82497	0.00522	0.00522	0.00261	0.00261
12	0.00743	0.00535	0.00688	0.00805	0.00850	0.00498	0.00535	0.00843	0.01146	0.01513	0.03418	0.66680	0.09407	0.08126	0.00950	0.00269	0.00365	0.01607	0.00543	0.00480
13	0.13726	0.01117	0.04901	0.01031	0.01471	0.00967	0.00884	0.02541	0.04556	0.51531	0.05806	0.02166	0.05078	0.00774	0.00581	0.00188	0.00501	0.00616	0.00650	0.00915
14	0.05678	0.01427	0.01565	0.01245	0.01666	0.01551	0.01014	0.47011	0.08436	0.08682	0.01625	0.03974	0.01235	0.01059	0.06833	0.00245	0.00684	0.00584	0.00567	0.04918

[dist]
# distance from previous block
# <min> <max>
0	1

[block]
# block no. 12 follows, 38 sequences, length 8
# corresponding to MSA columns:
# 710-717
name=unknown_M
#
# <colnr> <probs for GDERKNQSTAVLIFYWHMCP>
#	G	D	E	R	K	N	Q	S	T	A	V	L	I	F	Y	W	H	M	C	P
0	0.01376	0.01508	0.03199	0.06401	0.02974	0.01463	0.61120	0.01811	0.01344	0.01827	0.01178	0.01621	0.00910	0.00639	0.00868	0.05463	0.04561	0.00680	0.00298	0.00761
1	0.00765	0.00547	0.00707	0.00811	0.00862	0.00513	0.00548	0.00880	0.01182	0.01577	0.08835	0.58877	0.06972	0.10221	0.01014	0.00276	0.00375	0.04008	0.00545	0.00484
2	0.05800	0.01419	0.01529	0.01202	0.01604	0.01543	0.00971	0.51908	0.02349	0.09191	0.01573	0.01785	0.01200	0.08929	0.00838	0.00221	0.00608	0.00573	0.05850	0.00907
3	0.00923	0.00706	0.00878	0.00853	0.02959	0.00677	0.00630	0.01168	0.01483	0.02095	0.37965	0.04122	0.20281	0.01172	0.00743	0.00188	0.05267	0.02875	0.09151	0.05865
4	0.00733	0.00524	0.00698	0.00838	0.00873	0.00489	0.00558	0.00838	0.01152	0.01536	0.03316	0.78466	0.03979	0.01885	0.00768	0.00244	0.00349	0.01710	0.00558	0.00489
5	0.00861	0.00640	0.00944	0.00944	0.01043	0.00739	0.00723	0.01059	0.00960	0.01379	0.01633	0.02481	0.01555	0.10081	0.70975	0.00938	0.01534	0.00662	0.00325	0.00524
6	0.69394	0.01245	0.01223	0.01012	0.01416	0.01400	0.08279	0.06310	0.01180	0.02687	0.00916	0.01075	0.00703	0.00563	0.00422	0.00188	0.00536	0.00380	0.00380	0.00692
7	0.01355	0.10081	0.34930	0.09588	0.06254	0.01450	0.03340	0.01815	0.01268	0.06281	0.03471	0.01448	0.00995	0.00642	0.00714	0.00186	0.09283	0.00486	0.00310	0.06103

[dist]
# distance from previous block
# <min> <max>
0	1

[block]
# block no. 13 follows, 38 sequences, length 19
# corresponding to MSA columns:
# 719-737
name=unknown_N
#
# <colnr> <probs for GDERKNQSTAVLIFYWHMCP>
#	G	D	E	R	K	N	Q	S	T	A	V	L	I	F	Y	W	H	M	C	P
0	0.02157	0.02314	0.01815	0.01608	0.04513	0.47466	0.04904	0.12337	0.03414	0.08158	0.01174	0.01298	0.00909	0.00662	0.00641	0.00171	0.04815	0.00463	0.00392	0.00790
1	0.50135	0.01201	0.01131	0.00939	0.01339	0.01314	0.00773	0.14091	0.01479	0.17455	0.01291	0.01320	0.00917	0.00629	0.00460	0.00183	0.00501	0.00427	0.03631	0.00786
2	0.08366	0.01343	0.02197	0.16434	0.56317	0.01406	0.01714	0.01785	0.01311	0.01952	0.01096	0.01466	0.00901	0.00549	0.00578	0.00183	0.00709	0.00518	0.00299	0.00877
3	0.03019	0.03298	0.00942	0.00822	0.00990	0.00764	0.00595	0.05868	0.01307	0.12797	0.05719	0.17772	0.07760	0.25449	0.02665	0.00332	0.00492	0.02246	0.06575	0.00589
4	0.00869	0.00585	0.00680	0.00700	0.00712	0.00583	0.00420	0.00896	0.00931	0.01238	0.02096	0.10225	0.02417	0.67525	0.02729	0.00536	0.00562	0.05517	0.00393	0.00387
5	0.02001	0.00942	0.01209	0.00980	0.01340	0.00863	0.00790	0.07186	0.04243	0.43590	0.20626	0.02939	0.08747	0.00932	0.00640	0.00189	0.00447	0.00780	0.00694	0.00864
6	0.00775	0.00610	0.00706	0.00746	0.00889	0.00552	0.00546	0.00987	0.03759	0.01737	0.13795	0.28515	0.37529	0.01583	0.00732	0.00218	0.00334	0.04887	0.00573	0.00527
7	0.21593	0.15028	0.03345	0.01228	0.01592	0.26075	0.01025	0.04431	0.01409	0.09711	0.01051	0.01180	0.00830	0.00647	0.00629	0.00174	0.08537	0.00405	0.00366	0.00745
8	0.00871	0.00647	0.00818	0.00889	0.01022	0.00619	0.00707	0.01108	0.02979	0.01762	0.11842	0.15816	0.19493	0.07488	0.00947	0.00268	0.00440	0.31198	0.00555	0.00531
9	0.00763	0.00542	0.00694	0.00794	0.00835	0.00510	0.00522	0.00861	0.01142	0.01523	0.07080	0.59050	0.06233	0.15091	0.01158	0.00298	0.00384	0.01517	0.00531	0.00472
10	0.04782	0.01379	0.02374	0.14846	0.55004	0.01420	0.07813	0.01802	0.01334	0.01926	0.01117	0.01497	0.00914	0.00545	0.00597	0.00184	0.00743	0.00542	0.00297	0.00885
11	0.01428	0.02002	0.20201	0.02214	0.11483	0.07912	0.27336	0.01860	0.01306	0.01795	0.01067	0.01417	0.00846	0.00641	0.00892	0.00204	0.15742	0.00562	0.00284	0.00808
12	0.01344	0.00841	0.00909	0.00825	0.01034	0.00880	0.00639	0.19071	0.01644	0.02505	0.03951	0.11905	0.01907	0.02435	0.00583	0.00178	0.00399	0.03138	0.45149	0.00662
13	0.00744	0.00575	0.00668	0.00718	0.00838	0.00511	0.00505	0.00884	0.01297	0.01655	0.12456	0.34214	0.35515	0.05536	0.00852	0.00237	0.00334	0.01403	0.00560	0.00500
14	0.00901	0.00725	0.02627	0.00989	0.05765	0.00660	0.00677	0.01168	0.05230	0.01796	0.11570	0.31463	0.15563	0.06555	0.00848	0.00237	0.00394	0.03900	0.08364	0.00567
15	0.01343	0.20336	0.13535	0.01261	0.01674	0.06728	0.08669	0.05308	0.01394	0.03534	0.07360	0.15443	0.05110	0.04841	0.00719	0.00203	0.00653	0.00778	0.00398	0.00710
16	0.11021	0.01182	0.01349	0.04013	0.01558	0.01241	0.00906	0.26230	0.04326	0.21764	0.08137	0.02119	0.01659	0.03123	0.00682	0.01444	0.00538	0.02496	0.05358	0.00855
17	0.18846	0.01051	0.01269	0.01005	0.01431	0.00995	0.00826	0.05264	0.01622	0.53266	0.06746	0.01967	0.01575	0.00738	0.00565	0.00186	0.00493	0.00577	0.00658	0.00919
18	0.01685	0.01386	0.01577	0.21885	0.02265	0.06999	0.01152	0.34359	0.01946	0.02526	0.01509	0.08087	0.01319	0.09580	0.00888	0.00235	0.00697	0.00662	0.00459	0.00784

[dist]
# distance from previous block
# <min> <max>
0	1

[block]
# block no. 14 follows, 38 sequences, length 7
# corresponding to MSA columns:
# 739-745
name=unknown_O
#
# <colnr> <probs for GDERKNQSTAVLIFYWHMCP>
#	G	D	E	R	K	N	Q	S	T	A	V	L	I	F	Y	W	H	M	C	P
0	0.03503	0.00923	0.01063	0.00982	0.01194	0.00950	0.00736	0.22575	0.01717	0.05358	0.07961	0.37208	0.07696	0.04250	0.00778	0.00227	0.00453	0.01172	0.00574	0.00677
1	0.01106	0.00736	0.00908	0.00919	0.01064	0.00735	0.00697	0.10120	0.01473	0.04790	0.09587	0.32883	0.03220	0.06393	0.00859	0.00246	0.00435	0.14493	0.08739	0.00595
2	0.00917	0.00667	0.00836	0.00898	0.01002	0.00658	0.00653	0.06335	0.03308	0.01807	0.08084	0.47863	0.06932	0.06365	0.00893	0.00258	0.00412	0.11006	0.00558	0.00548
3	0.04209	0.06872	0.01052	0.06455	0.01151	0.00893	0.00619	0.04443	0.03206	0.01565	0.05274	0.09498	0.03775	0.42911	0.01916	0.00398	0.00554	0.00832	0.00402	0.03976
4	0.07471	0.01274	0.01514	0.13022	0.08893	0.07930	0.03178	0.06705	0.01384	0.03617	0.03212	0.01632	0.01114	0.05492	0.03746	0.00208	0.00670	0.00494	0.00366	0.28080
5	0.05999	0.01160	0.14338	0.02865	0.01395	0.00853	0.00965	0.06060	0.01309	0.01876	0.04266	0.39104	0.02738	0.03885	0.00759	0.00232	0.00513	0.07279	0.00476	0.03927
6	0.10000	0.11702	0.29642	0.01537	0.05021	0.07147	0.04529	0.14416	0.04363	0.02254	0.01138	0.01280	0.00858	0.00595	0.00536	0.00176	0.00759	0.00451	0.00352	0.03243

[dist]
# distance from previous block
# <min> <max>
6	61

[block]
# block no. 15 follows, 38 sequences, length 34
# corresponding to MSA columns:
# 807-840
name=unknown_P
#
# <colnr> <probs for GDERKNQSTAVLIFYWHMCP>
#	G	D	E	R	K	N	Q	S	T	A	V	L	I	F	Y	W	H	M	C	P
0	0.05770	0.08067	0.29336	0.01496	0.06972	0.08740	0.01434	0.05278	0.06596	0.03618	0.07061	0.08644	0.02917	0.00784	0.00581	0.00187	0.00700	0.00633	0.00386	0.00799
1	0.04175	0.12658	0.02773	0.02920	0.02687	0.07846	0.00912	0.07333	0.09344	0.12552	0.12249	0.08056	0.05358	0.00978	0.02410	0.00202	0.02875	0.00713	0.03199	0.00760
2	0.03212	0.06959	0.07338	0.03413	0.03066	0.00914	0.00846	0.03527	0.01454	0.14255	0.18458	0.09685	0.16133	0.05849	0.02062	0.00228	0.00491	0.00898	0.00530	0.00683
3	0.10549	0.17138	0.08950	0.03576	0.01513	0.03644	0.00971	0.13878	0.03761	0.02082	0.02524	0.06396	0.03976	0.12770	0.00937	0.00239	0.01900	0.00616	0.03870	0.00711
4	0.12731	0.05470	0.12026	0.04968	0.11044	0.03864	0.03784	0.08775	0.01465	0.12185	0.02638	0.01716	0.02913	0.04374	0.00661	0.00194	0.00637	0.00527	0.03758	0.06269
