[name]
unknown

[dist]
# distance from previous block
# <min> <max>
30	157

[block]
# block no. 0 follows, 45 sequences, length 25
# corresponding to MSA columns:
# 745-769
name=unknown_A
#
# <colnr> <probs for GDERKNQSTAVLIFYWHMCP>
#	G	D	E	R	K	N	Q	S	T	A	V	L	I	F	Y	W	H	M	C	P
0	0.15832	0.09904	0.27329	0.11055	0.01912	0.03721	0.03214	0.03157	0.04458	0.04595	0.04484	0.01381	0.00993	0.02496	0.00526	0.00171	0.00623	0.00436	0.03024	0.00689
1	0.08217	0.01433	0.10996	0.05605	0.01851	0.09205	0.18947	0.08117	0.01357	0.01917	0.10728	0.01753	0.04443	0.00613	0.00530	0.00158	0.00634	0.00549	0.03521	0.09426
2	0.17332	0.07022	0.15255	0.07621	0.03796	0.03393	0.08235	0.12228	0.03061	0.05888	0.03416	0.01536	0.05409	0.00602	0.00491	0.00164	0.00596	0.00485	0.02762	0.00708
3	0.07784	0.01334	0.10871	0.07079	0.19670	0.03402	0.15731	0.03837	0.01194	0.03833	0.01245	0.07975	0.01100	0.05173	0.00659	0.00187	0.00643	0.00578	0.02614	0.05091
4	0.08307	0.04713	0.10251	0.13387	0.01911	0.01157	0.06414	0.12245	0.03150	0.10149	0.02608	0.04056	0.01014	0.00584	0.00516	0.00154	0.01861	0.00481	0.00373	0.16670
5	0.01127	0.03010	0.03211	0.30191	0.02296	0.03365	0.06160	0.04835	0.01137	0.01550	0.05470	0.01607	0.03687	0.00794	0.03496	0.00202	0.18965	0.00517	0.00292	0.08086
6	0.01055	0.00854	0.00949	0.02466	0.01097	0.05177	0.00653	0.11904	0.03774	0.02093	0.37678	0.16187	0.03327	0.01006	0.00591	0.00166	0.00382	0.00872	0.00513	0.09257
7	0.00674	0.00529	0.00610	0.00623	0.00758	0.00465	0.00455	0.00835	0.01268	0.01635	0.25612	0.20360	0.41562	0.01350	0.00644	0.00185	0.00275	0.01167	0.00525	0.00465
8	0.00665	0.00481	0.00629	0.00728	0.00778	0.00445	0.00494	0.00779	0.01095	0.01463	0.11546	0.67793	0.07924	0.01597	0.00676	0.00210	0.00303	0.01441	0.00509	0.00445
9	0.00798	0.00554	0.00717	0.00683	0.00814	0.00507	0.00509	0.01030	0.01463	0.04541	0.64794	0.10332	0.08934	0.01146	0.00634	0.00173	0.00266	0.01012	0.00580	0.00511
10	0.01077	0.02777	0.78354	0.01530	0.02323	0.01247	0.01983	0.01700	0.01133	0.01700	0.00963	0.01133	0.00680	0.00510	0.00510	0.00170	0.00793	0.00397	0.00227	0.00793
11	0.01081	0.01023	0.01732	0.63448	0.19567	0.01210	0.01524	0.01431	0.01105	0.01453	0.00966	0.01409	0.00744	0.00524	0.00536	0.00175	0.00699	0.00477	0.00244	0.00651
12	0.00775	0.00588	0.00888	0.03504	0.01050	0.00688	0.00698	0.00972	0.00870	0.01250	0.01422	0.02086	0.01321	0.03909	0.76384	0.00840	0.01414	0.00572	0.00286	0.00483
13	0.34892	0.01236	0.05772	0.18100	0.06271	0.03459	0.05716	0.08704	0.01223	0.08507	0.01009	0.01192	0.00743	0.00533	0.00458	0.00168	0.00581	0.00410	0.00344	0.00682
14	0.01824	0.27623	0.01932	0.01235	0.01570	0.54565	0.00999	0.01973	0.01384	0.01298	0.00803	0.00934	0.00691	0.00523	0.00440	0.00131	0.00843	0.00327	0.00262	0.00643
15	0.80076	0.01065	0.00837	0.00737	0.01075	0.01231	0.00607	0.05933	0.01008	0.02465	0.00779	0.00896	0.00601	0.00507	0.00344	0.00166	0.00426	0.00302	0.00344	0.00601
16	0.01410	0.01080	0.01202	0.01090	0.03426	0.01194	0.00829	0.08866	0.50792	0.09284	0.10351	0.02225	0.04320	0.00768	0.00557	0.00177	0.00424	0.00643	0.00552	0.00811
17	0.01864	0.01085	0.01271	0.01025	0.01376	0.01109	0.00826	0.31308	0.06988	0.29050	0.04503	0.10667	0.04824	0.00819	0.00562	0.00172	0.00477	0.00672	0.00578	0.00822
18	0.01283	0.01229	0.02097	0.14330	0.67106	0.01263	0.01625	0.01608	0.01201	0.01699	0.01002	0.01343	0.00831	0.00487	0.00532	0.00162	0.00649	0.00478	0.00262	0.00814
19	0.01032	0.00973	0.01643	0.75365	0.08033	0.01197	0.01500	0.01388	0.01082	0.01394	0.00957	0.01425	0.00723	0.00533	0.00536	0.00178	0.00711	0.00477	0.00240	0.00611
20	0.00768	0.00570	0.00835	0.00835	0.00922	0.00656	0.00637	0.00941	0.00855	0.01226	0.01463	0.02247	0.01402	0.11641	0.71476	0.00829	0.01347	0.00595	0.00291	0.00464
21	0.00737	0.00565	0.00667	0.00681	0.00812	0.00523	0.00512	0.00947	0.03692	0.01635	0.23324	0.12392	0.31360	0.08773	0.00847	0.00222	0.00329	0.11003	0.00508	0.00472
22	0.00794	0.00580	0.00711	0.00763	0.00848	0.00567	0.00530	0.06192	0.04016	0.01550	0.05302	0.56196	0.10288	0.05992	0.00812	0.02252	0.00345	0.01294	0.00490	0.00478
23	0.09404	0.65754	0.04876	0.00951	0.01386	0.04903	0.00932	0.01617	0.01083	0.01389	0.00755	0.00885	0.00679	0.00484	0.00400	0.00126	0.03160	0.00299	0.00241	0.00676
24	0.17122	0.44151	0.04806	0.00998	0.01409	0.14449	0.00916	0.05541	0.03552	0.01640	0.00840	0.00948	0.00710	0.00502	0.00387	0.00135	0.00613	0.00321	0.00282	0.00678

[dist]
# distance from previous block
# <min> <max>
0	6

[block]
# block no. 1 follows, 45 sequences, length 13
# corresponding to MSA columns:
# 776-788
name=unknown_B
#
# <colnr> <probs for GDERKNQSTAVLIFYWHMCP>
#	G	D	E	R	K	N	Q	S	T	A	V	L	I	F	Y	W	H	M	C	P
0	0.01523	0.31354	0.13664	0.01406	0.10111	0.23632	0.01178	0.04953	0.01301	0.01498	0.01052	0.01184	0.03938	0.00541	0.00450	0.00140	0.00714	0.00386	0.00271	0.00704
1	0.01590	0.01148	0.01386	0.03095	0.01478	0.01249	0.04103	0.41135	0.01836	0.07434	0.01629	0.14021	0.02608	0.04072	0.02992	0.03589	0.04743	0.00680	0.00476	0.00735
2	0.03559	0.01346	0.10086	0.15859	0.14762	0.01194	0.24123	0.06079	0.01247	0.01756	0.01181	0.07736	0.01007	0.00586	0.00558	0.00169	0.00696	0.00584	0.00300	0.07171
3	0.00769	0.00580	0.00770	0.00903	0.05537	0.00552	0.00595	0.03765	0.01188	0.01591	0.12806	0.53003	0.10356	0.01454	0.00660	0.00203	0.00337	0.03940	0.00498	0.00493
4	0.01249	0.01287	0.02458	0.14095	0.13190	0.01314	0.40585	0.05318	0.04173	0.01738	0.01161	0.04527	0.00942	0.00563	0.00657	0.00181	0.04942	0.00606	0.00296	0.00718
5	0.08471	0.00995	0.01022	0.00924	0.01197	0.02994	0.00728	0.06143	0.35825	0.04408	0.07496	0.02813	0.16299	0.00884	0.00557	0.00179	0.00411	0.05489	0.00509	0.02655
6	0.00870	0.00658	0.00861	0.03801	0.00969	0.00685	0.03487	0.04970	0.01035	0.01388	0.07431	0.08018	0.08573	0.40734	0.08681	0.00413	0.03340	0.03267	0.00375	0.00442
7	0.00831	0.03844	0.00966	0.03944	0.01070	0.00646	0.05398	0.03474	0.01115	0.01493	0.10717	0.48708	0.02919	0.01430	0.00819	0.10161	0.00397	0.01155	0.00443	0.00471
8	0.05890	0.12659	0.46849	0.01347	0.04878	0.03864	0.01506	0.01647	0.01181	0.04766	0.07019	0.01466	0.03543	0.00582	0.00493	0.00161	0.00671	0.00452	0.00291	0.00736
9	0.04542	0.12833	0.34709	0.01823	0.19742	0.05423	0.06103	0.01661	0.01187	0.01685	0.04727	0.01285	0.00943	0.00523	0.00498	0.00159	0.00701	0.00437	0.00264	0.00757
10	0.01222	0.08330	0.09945	0.07827	0.01702	0.07125	0.06083	0.01455	0.01057	0.04633	0.04783	0.02905	0.01090	0.04076	0.05840	0.00242	0.28435	0.00510	0.00288	0.02450
11	0.10380	0.15188	0.14390	0.03207	0.05365	0.06075	0.05343	0.05468	0.13136	0.01871	0.08622	0.03183	0.04300	0.00651	0.00496	0.00161	0.00573	0.00525	0.00363	0.00703
12	0.03626	0.01170	0.02892	0.04865	0.04456	0.01186	0.00909	0.27177	0.08479	0.08069	0.01348	0.02561	0.01033	0.00753	0.03925	0.00179	0.03345	0.00476	0.04831	0.18722

[dist]
# distance from previous block
# <min> <max>
5	15

[block]
# block no. 2 follows, 45 sequences, length 55
# corresponding to MSA columns:
# 804-858
name=unknown_C
#
# <colnr> <probs for GDERKNQSTAVLIFYWHMCP>
#	G	D	E	R	K	N	Q	S	T	A	V	L	I	F	Y	W	H	M	C	P
0	0.06008	0.25745	0.20657	0.01117	0.01546	0.12912	0.01116	0.06198	0.01246	0.01627	0.06512	0.03251	0.01159	0.05683	0.00639	0.00173	0.02993	0.00450	0.00299	0.00668
1	0.04265	0.03773	0.07205	0.01213	0.05884	0.06020	0.00973	0.10364	0.28830	0.03407	0.03349	0.03847	0.04823	0.00780	0.00572	0.00176	0.02252	0.07820	0.00449	0.03998
2	0.01537	0.06929	0.19353	0.08234	0.07636	0.20999	0.04322	0.01871	0.02720	0.12314	0.01177	0.04256	0.00926	0.00596	0.00548	0.00160	0.03069	0.00467	0.00326	0.02560
3	0.00874	0.07606	0.00913	0.00813	0.00934	0.06727	0.00593	0.01073	0.05857	0.01418	0.02784	0.51361	0.10696	0.03256	0.00676	0.00205	0.00397	0.02864	0.00457	0.00499
4	0.01771	0.01312	0.01444	0.01213	0.04372	0.02944	0.00939	0.55553	0.02144	0.04462	0.03244	0.10825	0.01324	0.00809	0.00608	0.03110	0.00548	0.00614	0.00506	0.02255
5	0.00957	0.00542	0.00742	0.00733	0.00767	0.00549	0.00497	0.05866	0.00876	0.01170	0.01301	0.12752	0.01379	0.08305	0.01847	0.60005	0.00458	0.00640	0.00298	0.00315
6	0.00657	0.00489	0.00613	0.00699	0.00769	0.00444	0.00480	0.00770	0.01103	0.01440	0.08560	0.59550	0.19321	0.01574	0.00671	0.00207	0.00299	0.01405	0.00505	0.00444
7	0.01093	0.00932	0.01091	0.00793	0.01250	0.00703	0.00630	0.01325	0.01109	0.01732	0.01044	0.04681	0.00918	0.00455	0.00410	0.00086	0.00394	0.00372	0.00326	0.80656
8	0.08067	0.28210	0.03989	0.10788	0.16739	0.04475	0.07169	0.05146	0.01188	0.01618	0.00996	0.01235	0.02099	0.00670	0.03957	0.00181	0.02080	0.00420	0.00273	0.00699
9	0.01250	0.00870	0.01007	0.00947	0.04510	0.03524	0.00701	0.11821	0.05825	0.12886	0.26687	0.05539	0.17530	0.00988	0.00598	0.00173	0.00395	0.03560	0.00541	0.00647
10	0.00693	0.00537	0.00615	0.00610	0.00743	0.00477	0.00442	0.00854	0.01270	0.01652	0.30099	0.10659	0.39280	0.08685	0.00832	0.00211	0.00292	0.01075	0.00515	0.00459
11	0.01294	0.01305	0.05506	0.09792	0.60849	0.01262	0.03782	0.03136	0.02880	0.01743	0.01035	0.01353	0.00850	0.00522	0.00567	0.01912	0.00650	0.00482	0.00273	0.00810
12	0.03534	0.70005	0.05735	0.00971	0.01430	0.06267	0.00962	0.03441	0.01146	0.01363	0.00773	0.00889	0.00691	0.00472	0.00363	0.00121	0.00601	0.00300	0.00242	0.00692
13	0.00781	0.00520	0.00585	0.00585	0.00585	0.00520	0.00325	0.00781	0.00781	0.01041	0.01691	0.03513	0.01952	0.81135	0.02732	0.00520	0.00520	0.00781	0.00325	0.00325
14	0.00704	0.00543	0.00634	0.00616	0.00758	0.00482	0.00455	0.00891	0.01346	0.01779	0.41001	0.06380	0.36350	0.04810	0.00729	0.00191	0.00275	0.01046	0.00537	0.00473
15	0.00676	0.00476	0.00617	0.00720	0.00746	0.00450	0.00469	0.00753	0.00986	0.01314	0.02743	0.67651	0.03279	0.15186	0.01033	0.00269	0.00347	0.01399	0.00469	0.00417
16	0.01113	0.00954	0.01113	0.00795	0.01272	0.00716	0.00636	0.01352	0.01113	0.01749	0.00954	0.01113	0.00795	0.00398	0.00398	0.00080	0.00398	0.00318	0.00318	0.84417
17	0.02208	0.01058	0.03195	0.01018	0.01432	0.00968	0.00853	0.11370	0.10301	0.58620	0.01998	0.01766	0.01299	0.00666	0.00539	0.00167	0.00477	0.00537	0.00625	0.00903
18	0.81215	0.01059	0.00826	0.00730	0.01066	0.01225	0.00601	0.04911	0.00986	0.02452	0.00772	0.00891	0.00596	0.00505	0.00341	0.00166	0.00423	0.00299	0.00341	0.00596
19	0.00778	0.00521	0.00594	0.00596	0.00600	0.00523	0.00338	0.00785	0.00788	0.01053	0.01712	0.05147	0.01970	0.77339	0.04742	0.00523	0.00541	0.00791	0.00328	0.00332
20	0.01113	0.00954	0.01113	0.00795	0.01272	0.00716	0.00636	0.01352	0.01113	0.01749	0.00954	0.01113	0.00795	0.00398	0.00398	0.00080	0.00398	0.00318	0.00318	0.84417
21	0.49999	0.10515	0.18239	0.00933	0.01389	0.01283	0.00947	0.01695	0.01034	0.08458	0.00910	0.01009	0.00678	0.00510	0.00390	0.00161	0.00520	0.00335	0.00325	0.00668
22	0.01961	0.01464	0.01566	0.01219	0.01634	0.01627	0.01001	0.67718	0.10932	0.03254	0.01390	0.01370	0.00995	0.00654	0.00538	0.00163	0.00572	0.00497	0.00538	0.00906
23	0.00760	0.00549	0.00718	0.00675	0.00802	0.00506	0.00506	0.01013	0.01519	0.02153	0.77503	0.04010	0.05065	0.01097	0.00633	0.00169	0.00253	0.00971	0.00591	0.00506
24	0.01973	0.01470	0.01573	0.01221	0.01639	0.01633	0.01004	0.69036	0.09594	0.03275	0.01374	0.01357	0.00982	0.00652	0.00538	0.00163	0.00575	0.00495	0.00538	0.00907
25	0.01417	0.71511	0.04538	0.00920	0.01365	0.01952	0.00915	0.01607	0.01135	0.04018	0.05675	0.01102	0.00989	0.00508	0.00374	0.00121	0.00555	0.00342	0.00268	0.00688
26	0.01435	0.81458	0.02813	0.00918	0.01378	0.02124	0.00918	0.01607	0.01091	0.01263	0.00746	0.00861	0.00689	0.00459	0.00344	0.00115	0.00574	0.00287	0.00230	0.00689
27	0.00767	0.00575	0.00863	0.00863	0.00959	0.00671	0.00671	0.00959	0.00863	0.01246	0.01438	0.02109	0.01342	0.04026	0.79008	0.00863	0.01438	0.00575	0.00288	0.00479
28	0.00666	0.00475	0.00632	0.00750	0.00786	0.00445	0.00506	0.00767	0.01043	0.01392	0.04938	0.74899	0.03546	0.03209	0.00725	0.00223	0.00320	0.03743	0.00497	0.00438
29	0.03352	0.33069	0.20956	0.01390	0.01912	0.01581	0.18919	0.01639	0.01140	0.03778	0.01012	0.04479	0.00854	0.00544	0.00519	0.00155	0.03261	0.00461	0.00266	0.00712
30	0.00767	0.00575	0.00863	0.00863	0.00959	0.00671	0.00671	0.00959	0.00863	0.01246	0.01438	0.02109	0.01342	0.04026	0.79008	0.00863	0.01438	0.00575	0.00288	0.00479
31	0.00853	0.00614	0.00848	0.00965	0.01091	0.00609	0.00840	0.01094	0.01235	0.01598	0.02982	0.06007	0.07092	0.01476	0.00736	0.00244	0.00482	0.70248	0.00495	0.00492
32	0.00661	0.00475	0.00629	0.00750	0.00789	0.00443	0.00508	0.00761	0.01041	0.01381	0.03027	0.75951	0.05709	0.01665	0.00686	0.00218	0.00317	0.04054	0.00498	0.00439
33	0.00722	0.00481	0.00668	0.03061	0.00848	0.00464	0.00521	0.00756	0.00961	0.01280	0.02482	0.62150	0.02928	0.01686	0.00972	0.17553	0.00355	0.01277	0.00436	0.00399
34	0.01267	0.01448	0.03167	0.02262	0.02805	0.01357	0.75837	0.01719	0.01267	0.01719	0.01086	0.01448	0.00814	0.00452	0.00633	0.00181	0.00905	0.00633	0.00271	0.00724
35	0.00773	0.00517	0.00588	0.00595	0.00597	0.00516	0.00335	0.00779	0.00795	0.01060	0.01764	0.07936	0.02043	0.76587	0.02615	0.00503	0.00508	0.00823	0.00335	0.00332
36	0.01113	0.00954	0.01113	0.00795	0.01272	0.00716	0.00636	0.01352	0.01113	0.01749	0.00954	0.01113	0.00795	0.00398	0.00398	0.00080	0.00398	0.00318	0.00318	0.84417
37	0.01335	0.01153	0.01214	0.01092	0.01396	0.01335	0.00850	0.02852	0.76817	0.02245	0.02185	0.02003	0.01639	0.00728	0.00546	0.00182	0.00425	0.00607	0.00546	0.00850
38	0.02005	0.02558	0.01521	0.01383	0.01659	0.78980	0.01037	0.02143	0.01521	0.01314	0.00830	0.00968	0.00691	0.00553	0.00484	0.00138	0.00968	0.00346	0.00277	0.00622
39	0.00751	0.00548	0.00706	0.00666	0.00797	0.00503	0.00500	0.00996	0.01499	0.02105	0.72591	0.04089	0.10007	0.01115	0.00633	0.00170	0.00255	0.00982	0.00585	0.00503
40	0.01362	0.01166	0.01229	0.01098	0.01406	0.01348	0.00856	0.05620	0.74006	0.02289	0.02151	0.01976	0.01611	0.00725	0.00546	0.00181	0.00431	0.00602	0.00546	0.00852
41	0.74607	0.01023	0.00846	0.00737	0.01080	0.01152	0.00607	0.01708	0.00991	0.11882	0.00919	0.00991	0.00675	0.00519	0.00358	0.00166	0.00420	0.00322	0.00374	0.00623
42	0.00932	0.00466	0.00699	0.00699	0.00699	0.00466	0.00466	0.00699	0.00699	0.00932	0.00932	0.01632	0.00932	0.01865	0.02098	0.84382	0.00466	0.00466	0.00233	0.00233
43	0.00656	0.00546	0.00576	0.00587	0.00756	0.00466	0.00445	0.00804	0.01233	0.01495	0.09131	0.08019	0.66122	0.01365	0.00643	0.00186	0.00286	0.05721	0.00503	0.00458
44	0.01001	0.00500	0.00500	0.00500	0.00625	0.00500	0.00375	0.01251	0.01126	0.02001	0.01751	0.02001	0.01376	0.00625	0.00375	0.00125	0.00250	0.00500	0.84115	0.00500
45	0.01299	0.01385	0.01661	0.01425	0.01479	0.13067	0.02885	0.01428	0.00936	0.01305	0.00732	0.01150	0.00705	0.00871	0.01547	0.00219	0.66613	0.00455	0.00242	0.00596
46	0.01410	0.01012	0.01134	0.00999	0.01291	0.01106	0.00781	0.02501	0.51893	0.14429	0.15004	0.02316	0.02172	0.00781	0.00560	0.00177	0.00401	0.00658	0.00573	0.00801
47	0.00653	0.00472	0.00618	0.00735	0.00775	0.00437	0.00493	0.00749	0.01040	0.01375	0.03112	0.76098	0.08138	0.01662	0.00682	0.00216	0.00309	0.01502	0.00498	0.00437
48	0.00760	0.00549	0.00718	0.00675	0.00802	0.00506	0.00506	0.01013	0.01519	0.02153	0.77503	0.04010	0.05065	0.01097	0.00633	0.00169	0.00253	0.00971	0.00591	0.00506
49	0.01335	0.01153	0.01214	0.01092	0.01396	0.01335	0.00850	0.02852	0.76817	0.02245	0.02185	0.02003	0.01639	0.00728	0.00546	0.00182	0.00425	0.00607	0.00546	0.00850
50	0.02041	0.01504	0.01611	0.01235	0.01665	0.01665	0.01020	0.75997	0.02524	0.03383	0.01289	0.01289	0.00913	0.00644	0.00537	0.00161	0.00591	0.00483	0.00537	0.00913
51	0.02000	0.01483	0.01588	0.01227	0.01649	0.01646	0.01011	0.71810	0.06776	0.03318	0.01340	0.01330	0.00954	0.00649	0.00538	0.00162	0.00581	0.00490	0.00538	0.00909
52	0.00654	0.00467	0.00623	0.00747	0.00779	0.00436	0.00498	0.00747	0.01028	0.01370	0.02959	0.80785	0.03550	0.01682	0.00685	0.00218	0.00311	0.01526	0.00498	0.00436
53	0.00654	0.00467	0.00623	0.00747	0.00779	0.00436	0.00498	0.00747	0.01028	0.01370	0.02959	0.80785	0.03550	0.01682	0.00685	0.00218	0.00311	0.01526	0.00498	0.00436
54	0.01329	0.01275	0.02179	0.03295	0.77787	0.01275	0.01647	0.01647	0.01222	0.01754	0.01010	0.01329	0.00850	0.00478	0.00531	0.00159	0.00638	0.00478	0.00266	0.00850

[dist]
# distance from previous block
# <min> <max>
2	33

[block]
# block no. 3 follows, 45 sequences, length 9
# corresponding to MSA columns:
# 913-921
name=unknown_D
#
# <colnr> <probs for GDERKNQSTAVLIFYWHMCP>
#	G	D	E	R	K	N	Q	S	T	A	V	L	I	F	Y	W	H	M	C	P
0	0.60054	0.08437	0.01398	0.01002	0.01385	0.01300	0.13564	0.01641	0.01012	0.04821	0.00853	0.01003	0.00657	0.00493	0.00392	0.00164	0.00515	0.00358	0.00324	0.00627
1	0.01892	0.01409	0.01525	0.01197	0.01592	0.01567	0.00981	0.64574	0.08653	0.03137	0.01375	0.01406	0.01004	0.00889	0.06052	0.00212	0.00636	0.00500	0.00520	0.00877
2	0.00971	0.00687	0.00820	0.00761	0.00857	0.00735	0.00529	0.12445	0.01102	0.01501	0.04719	0.02829	0.01764	0.45560	0.21912	0.00538	0.00756	0.00690	0.00359	0.00463
3	0.01956	0.01393	0.01516	0.01179	0.01594	0.01519	0.00967	0.58567	0.11202	0.09478	0.01453	0.01413	0.01030	0.00647	0.00533	0.00161	0.00553	0.00497	0.00541	0.03799
4	0.72910	0.01024	0.00886	0.07451	0.01284	0.01179	0.00671	0.01622	0.00964	0.06801	0.00846	0.00976	0.00637	0.00511	0.00362	0.00167	0.00443	0.00321	0.00344	0.00602
5	0.15882	0.01189	0.01215	0.01047	0.01383	0.01353	0.00832	0.16012	0.47387	0.05281	0.01771	0.01671	0.01312	0.00671	0.00507	0.00175	0.00455	0.00527	0.00512	0.00817
6	0.08622	0.01119	0.01207	0.01029	0.01324	0.01251	0.00809	0.23848	0.32652	0.05187	0.01581	0.01627	0.01203	0.00877	0.00792	0.14657	0.00481	0.00517	0.00476	0.00742
7	0.01850	0.00803	0.01040	0.00836	0.01157	0.00719	0.00675	0.04363	0.01481	0.48167	0.14090	0.02168	0.01907	0.00718	0.00522	0.00157	0.00391	0.00594	0.14992	0.03370
8	0.16602	0.00935	0.01167	0.00912	0.01313	0.00860	0.00753	0.02437	0.01429	0.65129	0.01882	0.01663	0.01200	0.00636	0.00504	0.00166	0.00450	0.00497	0.00607	0.00856

[dist]
# distance from previous block
# <min> <max>
1	5

[block]
# block no. 4 follows, 45 sequences, length 13
# corresponding to MSA columns:
# 927-939
name=unknown_E
#
# <colnr> <probs for GDERKNQSTAVLIFYWHMCP>
#	G	D	E	R	K	N	Q	S	T	A	V	L	I	F	Y	W	H	M	C	P
0	0.01595	0.01125	0.01225	0.00992	0.01268	0.01218	0.00763	0.44248	0.04349	0.05739	0.01494	0.02109	0.01316	0.28648	0.01301	0.00287	0.00555	0.00593	0.00469	0.00706
1	0.01811	0.00953	0.01369	0.28412	0.02182	0.00987	0.01039	0.02208	0.09280	0.43476	0.01720	0.01708	0.01148	0.00627	0.00539	0.00172	0.00543	0.00525	0.00504	0.00796
2	0.02280	0.01119	0.01373	0.01052	0.01473	0.01094	0.00869	0.28142	0.01880	0.52147	0.01829	0.01640	0.01184	0.00657	0.00539	0.00164	0.00503	0.00520	0.00620	0.00913
3	0.01802	0.00744	0.00949	0.00777	0.01071	0.00669	0.00625	0.02028	0.01392	0.46303	0.07310	0.02042	0.01609	0.00681	0.00489	0.00152	0.00371	0.00556	0.29689	0.00741
4	0.00685	0.00536	0.00558	0.00558	0.00676	0.00477	0.00379	0.00774	0.01069	0.01308	0.04135	0.04591	0.51264	0.29110	0.01364	0.00299	0.00358	0.01010	0.00438	0.00409
5	0.01406	0.01197	0.01751	0.42899	0.06920	0.01373	0.06582	0.27370	0.01600	0.02116	0.01083	0.01377	0.00798	0.00565	0.00543	0.00172	0.00681	0.00490	0.00346	0.00729
6	0.00956	0.00478	0.00630	0.00630	0.00674	0.00478	0.00435	0.00891	0.00848	0.01304	0.01217	0.01760	0.01087	0.01434	0.01499	0.55072	0.00391	0.00478	0.29413	0.00326
7	0.00837	0.00532	0.00633	0.00607	0.00736	0.00501	0.00456	0.01083	0.01367	0.02062	0.47268	0.03373	0.07689	0.00947	0.00543	0.00154	0.00253	0.00816	0.29641	0.00501
8	0.01711	0.01375	0.01607	0.01290	0.01565	0.01644	0.01067	0.47115	0.04872	0.02611	0.01121	0.01277	0.00869	0.00750	0.00963	0.00188	0.28261	0.00483	0.00432	0.00797
9	0.01307	0.01335	0.02523	0.02936	0.51703	0.01304	0.27455	0.01672	0.01238	0.01742	0.01036	0.01370	0.00838	0.00469	0.00567	0.00167	0.00731	0.00532	0.00268	0.00806
10	0.01237	0.53337	0.02135	0.00943	0.01285	0.01600	0.00900	0.01435	0.01141	0.01382	0.01475	0.02668	0.01524	0.00815	0.00483	0.00161	0.00546	0.25989	0.00322	0.00621
11	0.84927	0.01038	0.00789	0.00706	0.01038	0.01204	0.00581	0.01578	0.00914	0.02408	0.00747	0.00872	0.00581	0.00498	0.00332	0.00166	0.00415	0.00291	0.00332	0.00581
12	0.00694	0.00521	0.00574	0.00597	0.00681	0.00476	0.00393	0.00770	0.01019	0.01279	0.03555	0.18270	0.35215	0.31916	0.01446	0.00318	0.00374	0.01070	0.00432	0.00401

[dist]
# distance from previous block
# <min> <max>
0	5

[block]
# block no. 5 follows, 45 sequences, length 9
# corresponding to MSA columns:
# 945-953
name=unknown_F
#
# <colnr> <probs for GDERKNQSTAVLIFYWHMCP>
#	G	D	E	R	K	N	Q	S	T	A	V	L	I	F	Y	W	H	M	C	P
0	0.54504	0.00843	0.00684	0.00631	0.00888	0.00949	0.00507	0.01459	0.00990	0.02261	0.01111	0.01281	0.00869	0.00544	0.00348	0.00151	0.00355	0.00367	0.30703	0.00552
1	0.01939	0.00928	0.01198	0.00897	0.01335	0.00762	0.00734	0.02158	0.01383	0.50460	0.01696	0.01568	0.01135	0.00568	0.00488	0.00135	0.00435	0.00459	0.00539	0.31183
2	0.00816	0.00523	0.00682	0.00681	0.00747	0.00503	0.00471	0.00870	0.03170	0.01429	0.23347	0.12225	0.10183	0.10207	0.01397	0.30742	0.00373	0.00839	0.00411	0.00384
3	0.54625	0.01080	0.00943	0.00846	0.01168	0.01252	0.00679	0.02040	0.28428	0.02349	0.01268	0.01282	0.00965	0.00582	0.00410	0.00172	0.00419	0.00405	0.00410	0.00679
4	0.00883	0.00778	0.01252	0.51172	0.02639	0.00918	0.01131	0.01145	0.01057	0.01371	0.01681	0.30197	0.01743	0.00952	0.00590	0.00193	0.00569	0.00857	0.00333	0.00538
5	0.00715	0.00493	0.00605	0.00670	0.00686	0.00476	0.00415	0.00763	0.00909	0.01212	0.02351	0.43754	0.02784	0.39757	0.01666	0.00363	0.00412	0.01169	0.00415	0.00383
6	0.00893	0.00750	0.00983	0.00919	0.00939	0.00909	0.00680	0.00974	0.00903	0.01277	0.06388	0.17587	0.04407	0.29314	0.01791	0.00326	0.29323	0.00834	0.00348	0.00457
7	0.00751	0.00516	0.00612	0.00609	0.00721	0.00462	0.00436	0.00761	0.01054	0.01311	0.08798	0.03805	0.44764	0.01524	0.01165	0.30703	0.00341	0.00880	0.00409	0.00377
8	0.54881	0.01207	0.01087	0.00898	0.01265	0.01371	0.00740	0.28555	0.01497	0.02762	0.00944	0.01023	0.00702	0.00551	0.00406	0.00164	0.00479	0.00360	0.00406	0.00702

[dist]
# distance from previous block
# <min> <max>
0	1

[block]
# block no. 6 follows, 45 sequences, length 50
# corresponding to MSA columns:
# 955-1004
name=unknown_G
#
# <colnr> <probs for GDERKNQSTAVLIFYWHMCP>
#	G	D	E	R	K	N	Q	S	T	A	V	L	I	F	Y	W	H	M	C	P
0	0.84927	0.01038	0.00789	0.00706	0.01038	0.01204	0.00581	0.01578	0.00914	0.02408	0.00747	0.00872	0.00581	0.00498	0.00332	0.00166	0.00415	0.00291	0.00332	0.00581
1	0.03113	0.00974	0.01645	0.75101	0.03599	0.01199	0.04125	0.01389	0.01076	0.01410	0.00954	0.01418	0.00716	0.00533	0.00535	0.00179	0.00715	0.00478	0.00242	0.00600
2	0.00773	0.00521	0.00604	0.00610	0.00617	0.00525	0.00354	0.00789	0.00798	0.01070	0.01741	0.07369	0.01997	0.72572	0.07092	0.00525	0.00563	0.00807	0.00332	0.00340
3	0.84927	0.01038	0.00789	0.00706	0.01038	0.01204	0.00581	0.01578	0.00914	0.02408	0.00747	0.00872	0.00581	0.00498	0.00332	0.00166	0.00415	0.00291	0.00332	0.00581
4	0.03470	0.01962	0.01486	0.01372	0.05511	0.43636	0.01012	0.16395	0.11408	0.03687	0.01155	0.01245	0.00903	0.00725	0.03533	0.00179	0.00803	0.00425	0.00372	0.00720
5	0.00657	0.00476	0.00621	0.00730	0.00776	0.00440	0.00492	0.00760	0.01062	0.01409	0.06248	0.72128	0.08951	0.01634	0.00679	0.00213	0.00306	0.01474	0.00502	0.00440
6	0.00781	0.00520	0.00585	0.00585	0.00585	0.00520	0.00325	0.00781	0.00781	0.01041	0.01691	0.03513	0.01952	0.81135	0.02732	0.00520	0.00520	0.00781	0.00325	0.00325
7	0.01435	0.81458	0.02813	0.00918	0.01378	0.02124	0.00918	0.01607	0.01091	0.01263	0.00746	0.00861	0.00689	0.00459	0.00344	0.00115	0.00574	0.00287	0.00230	0.00689
8	0.04012	0.76542	0.02711	0.00926	0.01376	0.04484	0.00912	0.01623	0.01099	0.01300	0.00749	0.00865	0.00686	0.00463	0.00348	0.00117	0.00581	0.00289	0.00234	0.00683
9	0.01435	0.81458	0.02813	0.00918	0.01378	0.02124	0.00918	0.01607	0.01091	0.01263	0.00746	0.00861	0.00689	0.00459	0.00344	0.00115	0.00574	0.00287	0.00230	0.00689
10	0.01113	0.00954	0.01113	0.00795	0.01272	0.00716	0.00636	0.01352	0.01113	0.01749	0.00954	0.01113	0.00795	0.00398	0.00398	0.00080	0.00398	0.00318	0.00318	0.84417
11	0.01329	0.01275	0.02179	0.03295	0.77787	0.01275	0.01647	0.01647	0.01222	0.01754	0.01010	0.01329	0.00850	0.00478	0.00531	0.00159	0.00638	0.00478	0.00266	0.00850
12	0.01263	0.01396	0.02937	0.06375	0.14325	0.01337	0.60694	0.01691	0.01250	0.01707	0.01068	0.01429	0.00815	0.00461	0.00613	0.00178	0.00854	0.00602	0.00269	0.00737
13	0.00932	0.00466	0.00699	0.00699	0.00699	0.00466	0.00466	0.00699	0.00699	0.00932	0.00932	0.01632	0.00932	0.01865	0.02098	0.84382	0.00466	0.00466	0.00233	0.00233
14	0.01014	0.00954	0.01610	0.79845	0.03697	0.01193	0.01491	0.01371	0.01073	0.01371	0.00954	0.01431	0.00716	0.00537	0.00537	0.00179	0.00716	0.00477	0.00239	0.00596
15	0.00851	0.00608	0.00849	0.00973	0.01091	0.00606	0.00841	0.01089	0.01222	0.01591	0.02850	0.10880	0.03119	0.01496	0.00738	0.00245	0.00482	0.69483	0.00495	0.00491
16	0.00767	0.00575	0.00863	0.00863	0.00959	0.00671	0.00671	0.00959	0.00863	0.01246	0.01438	0.02109	0.01342	0.04026	0.79008	0.00863	0.01438	0.00575	0.00288	0.00479
17	0.02408	0.00914	0.01246	0.00955	0.01370	0.00789	0.00789	0.02616	0.01536	0.78158	0.02118	0.01827	0.01329	0.00664	0.00540	0.00166	0.00457	0.00540	0.00664	0.00914
18	0.01435	0.81458	0.02813	0.00918	0.01378	0.02124	0.00918	0.01607	0.01091	0.01263	0.00746	0.00861	0.00689	0.00459	0.00344	0.00115	0.00574	0.00287	0.00230	0.00689
19	0.00764	0.00520	0.00583	0.00588	0.00604	0.00512	0.00338	0.00779	0.00827	0.01087	0.02052	0.06413	0.08373	0.71581	0.02482	0.00481	0.00492	0.00837	0.00346	0.00340
20	0.00640	0.00544	0.00552	0.00550	0.00729	0.00456	0.00413	0.00782	0.01238	0.01483	0.08843	0.05111	0.74143	0.01347	0.00634	0.00181	0.00271	0.01125	0.00503	0.00456
21	0.84927	0.01038	0.00789	0.00706	0.01038	0.01204	0.00581	0.01578	0.00914	0.02408	0.00747	0.00872	0.00581	0.00498	0.00332	0.00166	0.00415	0.00291	0.00332	0.00581
22	0.02041	0.01504	0.01611	0.01235	0.01665	0.01665	0.01020	0.75997	0.02524	0.03383	0.01289	0.01289	0.00913	0.00644	0.00537	0.00161	0.00591	0.00483	0.00537	0.00913
23	0.02309	0.00913	0.01228	0.00952	0.01354	0.00804	0.00783	0.02577	0.04886	0.72419	0.04463	0.01903	0.01459	0.00681	0.00543	0.00167	0.00449	0.00556	0.00657	0.00898
24	0.80666	0.01032	0.00813	0.00719	0.01055	0.01183	0.00592	0.01632	0.00946	0.06320	0.00818	0.00921	0.00620	0.00507	0.00343	0.00166	0.00417	0.00304	0.00349	0.00598
25	0.02041	0.01504	0.01611	0.01235	0.01665	0.01665	0.01020	0.75997	0.02524	0.03383	0.01289	0.01289	0.00913	0.00644	0.00537	0.00161	0.00591	0.00483	0.00537	0.00913
26	0.00659	0.00542	0.00561	0.00558	0.00716	0.00464	0.00407	0.00790	0.01199	0.01460	0.10522	0.04903	0.64049	0.09785	0.00856	0.00216	0.00297	0.01083	0.00487	0.00444
27	0.00781	0.00520	0.00585	0.00585	0.00585	0.00520	0.00325	0.00781	0.00781	0.01041	0.01691	0.03513	0.01952	0.81135	0.02732	0.00520	0.00520	0.00781	0.00325	0.00325
28	0.01314	0.54852	0.28357	0.01125	0.01697	0.01827	0.01279	0.01639	0.01105	0.01411	0.00820	0.00953	0.00686	0.00476	0.00400	0.00133	0.00648	0.00324	0.00229	0.00724
29	0.00653	0.00472	0.00618	0.00735	0.00775	0.00437	0.00493	0.00749	0.01039	0.01375	0.03106	0.76291	0.07949	0.01663	0.00682	0.00216	0.00309	0.01503	0.00498	0.00437
30	0.05784	0.01041	0.01137	0.00970	0.01281	0.01120	0.00778	0.18906	0.26301	0.13475	0.02193	0.02243	0.08858	0.00835	0.02004	0.00185	0.00458	0.03738	0.07927	0.00768
31	0.01335	0.01153	0.01214	0.01092	0.01396	0.01335	0.00850	0.02852	0.76817	0.02245	0.02185	0.02003	0.01639	0.00728	0.00546	0.00182	0.00425	0.00607	0.00546	0.00850
32	0.01206	0.01253	0.02359	0.01685	0.02202	0.01105	0.46227	0.01575	0.01206	0.01731	0.01034	0.01316	0.00807	0.00431	0.00541	0.00141	0.00705	0.00509	0.00290	0.33678
33	0.00666	0.00476	0.00634	0.00739	0.00781	0.00444	0.00499	0.00778	0.01084	0.01460	0.11463	0.72026	0.03723	0.01615	0.00679	0.00212	0.00305	0.01463	0.00509	0.00444
34	0.00761	0.00570	0.00850	0.00857	0.00949	0.00659	0.00662	0.00948	0.00871	0.01253	0.01516	0.06171	0.01456	0.03905	0.74964	0.00829	0.01380	0.00624	0.00298	0.00477
35	0.01113	0.00954	0.01113	0.00795	0.01272	0.00716	0.00636	0.01352	0.01113	0.01749	0.00954	0.01113	0.00795	0.00398	0.00398	0.00080	0.00398	0.00318	0.00318	0.84417
36	0.19055	0.05325	0.05234	0.00995	0.01411	0.01173	0.00864	0.16883	0.06118	0.35339	0.01547	0.01450	0.01046	0.00612	0.00486	0.00164	0.00496	0.00461	0.00519	0.00824
37	0.00858	0.00728	0.01127	0.01027	0.01176	0.03144	0.08640	0.01075	0.00926	0.01298	0.01382	0.02004	0.01266	0.03541	0.68304	0.00768	0.01367	0.00574	0.00286	0.00510
38	0.00781	0.00520	0.00585	0.00585	0.00585	0.00520	0.00325	0.00781	0.00781	0.01041	0.01691	0.03513	0.01952	0.81135	0.02732	0.00520	0.00520	0.00781	0.00325	0.00325
39	0.00654	0.00467	0.00623	0.00747	0.00779	0.00436	0.00498	0.00747	0.01028	0.01370	0.02959	0.80785	0.03550	0.01682	0.00685	0.00218	0.00311	0.01526	0.00498	0.00436
40	0.01032	0.00880	0.01094	0.00839	0.01234	0.00686	0.03297	0.01251	0.01103	0.01677	0.01336	0.16115	0.01314	0.00641	0.00460	0.00109	0.00399	0.00557	0.00350	0.65625
41	0.00654	0.00467	0.00623	0.00747	0.00779	0.00436	0.00498	0.00747	0.01028	0.01370	0.02959	0.80785	0.03550	0.01682	0.00685	0.00218	0.00311	0.01526	0.00498	0.00436
42	0.02408	0.00914	0.01246	0.00955	0.01370	0.00789	0.00789	0.02616	0.01536	0.78158	0.02118	0.01827	0.01329	0.00664	0.00540	0.00166	0.00457	0.00540	0.00664	0.00914
43	0.02069	0.01458	0.01583	0.01214	0.01642	0.01597	0.01003	0.70367	0.02448	0.09120	0.01352	0.01330	0.00945	0.00646	0.00537	0.00161	0.00580	0.00488	0.00547	0.00913
44	0.00737	0.00545	0.00682	0.00769	0.00827	0.00539	0.00520	0.00973	0.09029	0.01433	0.02763	0.65524	0.03205	0.08697	0.00854	0.00241	0.00342	0.01362	0.00488	0.00470
45	0.84927	0.01038	0.00789	0.00706	0.01038	0.01204	0.00581	0.01578	0.00914	0.02408	0.00747	0.00872	0.00581	0.00498	0.00332	0.00166	0.00415	0.00291	0.00332	0.00581
46	0.02005	0.02558	0.01521	0.01383	0.01659	0.78980	0.01037	0.02143	0.01521	0.01314	0.00830	0.00968	0.00691	0.00553	0.00484	0.00138	0.00968	0.00346	0.00277	0.00622
47	0.00667	0.00473	0.00619	0.00731	0.00759	0.00445	0.00481	0.00751	0.01002	0.01336	0.02829	0.72856	0.03386	0.09834	0.00895	0.00249	0.00333	0.01450	0.00481	0.00425
48	0.02040	0.00942	0.01196	0.00968	0.01338	0.00890	0.00789	0.04091	0.16198	0.54840	0.02312	0.02185	0.05385	0.00744	0.00554	0.00173	0.00445	0.03424	0.00623	0.00861
49	0.01329	0.01275	0.02179	0.03295	0.77787	0.01275	0.01647	0.01647	0.01222	0.01754	0.01010	0.01329	0.00850	0.00478	0.00531	0.00159	0.00638	0.00478	0.00266	0.00850

[dist]
# distance from previous block
# <min> <max>
0	4

[block]
# block no. 7 follows, 45 sequences, length 49
# corresponding to MSA columns:
# 1009,1010,1012-1015,1017-1059
name=unknown_H
#
# <colnr> <probs for GDERKNQSTAVLIFYWHMCP>
#	G	D	E	R	K	N	Q	S	T	A	V	L	I	F	Y	W	H	M	C	P
0	0.02408	0.00914	0.01246	0.00955	0.01370	0.00789	0.00789	0.02616	0.01536	0.78158	0.02118	0.01827	0.01329	0.00664	0.00540	0.00166	0.00457	0.00540	0.00664	0.00914
1	0.00775	0.00579	0.00724	0.00682	0.00824	0.00543	0.00513	0.01081	0.05379	0.02078	0.65481	0.04036	0.13065	0.01108	0.00629	0.00171	0.00264	0.00970	0.00578	0.00518
2	0.14772	0.00932	0.01177	0.00918	0.01321	0.00851	0.00758	0.02460	0.01443	0.66809	0.01912	0.01684	0.01217	0.00639	0.00509	0.00166	0.00451	0.00502	0.00615	0.00864
3	0.01014	0.00954	0.01610	0.79845	0.03697	0.01193	0.01491	0.01371	0.01073	0.01371	0.00954	0.01431	0.00716	0.00537	0.00537	0.00179	0.00716	0.00477	0.00239	0.00596
4	0.84927	0.01038	0.00789	0.00706	0.01038	0.01204	0.00581	0.01578	0.00914	0.02408	0.00747	0.00872	0.00581	0.00498	0.00332	0.00166	0.00415	0.00291	0.00332	0.00581
5	0.00676	0.00476	0.00616	0.00719	0.00745	0.00451	0.00468	0.00753	0.00985	0.01313	0.02738	0.67325	0.03272	0.15522	0.01042	0.00271	0.00348	0.01396	0.00468	0.00417
6	0.01260	0.01205	0.02055	0.20025	0.61594	0.01257	0.01613	0.01587	0.01190	0.01670	0.00998	0.01351	0.00821	0.00491	0.00533	0.00164	0.00655	0.00478	0.00260	0.00795
7	0.01435	0.81458	0.02813	0.00918	0.01378	0.02124	0.00918	0.01607	0.01091	0.01263	0.00746	0.00861	0.00689	0.00459	0.00344	0.00115	0.00574	0.00287	0.00230	0.00689
8	0.01113	0.00954	0.01113	0.00795	0.01272	0.00716	0.00636	0.01352	0.01113	0.01749	0.00954	0.01113	0.00795	0.00398	0.00398	0.00080	0.00398	0.00318	0.00318	0.84417
9	0.02041	0.01504	0.01611	0.01235	0.01665	0.01665	0.01020	0.75997	0.02524	0.03383	0.01289	0.01289	0.00913	0.00644	0.00537	0.00161	0.00591	0.00483	0.00537	0.00913
10	0.00883	0.00696	0.00667	0.00659	0.00683	0.07314	0.00391	0.00898	0.00851	0.01073	0.01649	0.05253	0.01883	0.72139	0.02485	0.00480	0.00554	0.00762	0.00325	0.00354
11	0.01014	0.00954	0.01610	0.79845	0.03697	0.01193	0.01491	0.01371	0.01073	0.01371	0.00954	0.01431	0.00716	0.00537	0.00537	0.00179	0.00716	0.00477	0.00239	0.00596
12	0.00760	0.00549	0.00718	0.00675	0.00802	0.00506	0.00506	0.01013	0.01519	0.02153	0.77503	0.04010	0.05065	0.01097	0.00633	0.00169	0.00253	0.00971	0.00591	0.00506
13	0.00634	0.00544	0.00544	0.00544	0.00725	0.00453	0.00408	0.00770	0.01224	0.01450	0.05438	0.05166	0.77569	0.01359	0.00634	0.00181	0.00272	0.01133	0.00498	0.00453
14	0.01267	0.01448	0.03167	0.02262	0.02805	0.01357	0.75837	0.01719	0.01267	0.01719	0.01086	0.01448	0.00814	0.00452	0.00633	0.00181	0.00905	0.00633	0.00271	0.00724
15	0.01973	0.02458	0.01507	0.01362	0.01641	0.73421	0.01026	0.05384	0.01548	0.01404	0.00867	0.01013	0.00719	0.00652	0.02625	0.00159	0.00964	0.00358	0.00288	0.00631
16	0.01174	0.01174	0.01644	0.01409	0.01409	0.01644	0.01174	0.01292	0.00822	0.01292	0.00705	0.01174	0.00705	0.00940	0.01762	0.00235	0.80153	0.00470	0.00235	0.00587
17	0.00781	0.00520	0.00585	0.00585	0.00585	0.00520	0.00325	0.00781	0.00781	0.01041	0.01691	0.03513	0.01952	0.81135	0.02732	0.00520	0.00520	0.00781	0.00325	0.00325
18	0.02382	0.00957	0.01272	0.00975	0.01392	0.00853	0.00806	0.07965	0.01608	0.72708	0.02057	0.01788	0.01298	0.00663	0.00540	0.00166	0.00467	0.00536	0.00655	0.00913
19	0.00777	0.00786	0.06184	0.00936	0.07294	0.00619	0.02353	0.00998	0.01270	0.01632	0.16927	0.04357	0.45724	0.01172	0.00626	0.00182	0.00367	0.06798	0.00471	0.00528
20	0.03889	0.01421	0.03433	0.01177	0.01601	0.01500	0.00989	0.61210	0.02301	0.11877	0.04211	0.01439	0.01103	0.00657	0.00536	0.00162	0.00564	0.00501	0.00541	0.00887
21	0.69230	0.01109	0.00888	0.00780	0.01113	0.05188	0.00635	0.04057	0.01051	0.08736	0.00932	0.02691	0.00724	0.00545	0.00372	0.00166	0.00451	0.00347	0.00367	0.00619
22	0.02005	0.02558	0.01521	0.01383	0.01659	0.78980	0.01037	0.02143	0.01521	0.01314	0.00830	0.00968	0.00691	0.00553	0.00484	0.00138	0.00968	0.00346	0.00277	0.00622
23	0.00657	0.00470	0.00626	0.00745	0.00779	0.00438	0.00499	0.00756	0.01043	0.01395	0.05343	0.78329	0.03599	0.01663	0.00683	0.00216	0.00310	0.01508	0.00501	0.00438
24	0.84927	0.01038	0.00789	0.00706	0.01038	0.01204	0.00581	0.01578	0.00914	0.02408	0.00747	0.00872	0.00581	0.00498	0.00332	0.00166	0.00415	0.00291	0.00332	0.00581
25	0.01176	0.24521	0.57477	0.01361	0.02062	0.01489	0.01689	0.01674	0.01122	0.01579	0.00903	0.01058	0.00682	0.00496	0.00464	0.00155	0.00733	0.00366	0.00227	0.00764
26	0.00737	0.00548	0.00686	0.00652	0.00788	0.00497	0.00489	0.00969	0.01466	0.02026	0.64507	0.04218	0.18140	0.01145	0.00633	0.00171	0.00257	0.01000	0.00574	0.00497
27	0.02379	0.00961	0.01275	0.00978	0.01394	0.00859	0.00808	0.08503	0.01616	0.72159	0.02051	0.01784	0.01295	0.00663	0.00540	0.00166	0.00468	0.00535	0.00654	0.00913
28	0.02389	0.00944	0.01265	0.00970	0.01386	0.00834	0.00801	0.06410	0.01587	0.74293	0.02075	0.01799	0.01307	0.00663	0.00540	0.00166	0.00464	0.00537	0.00658	0.00913
29	0.01329	0.01275	0.02179	0.03295	0.77787	0.01275	0.01647	0.01647	0.01222	0.01754	0.01010	0.01329	0.00850	0.00478	0.00531	0.00159	0.00638	0.00478	0.00266	0.00850
30	0.01077	0.02777	0.78354	0.01530	0.02323	0.01247	0.01983	0.01700	0.01133	0.01700	0.00963	0.01133	0.00680	0.00510	0.00510	0.00170	0.00793	0.00397	0.00227	0.00793
31	0.01077	0.02777	0.78354	0.01530	0.02323	0.01247	0.01983	0.01700	0.01133	0.01700	0.00963	0.01133	0.00680	0.00510	0.00510	0.00170	0.00793	0.00397	0.00227	0.00793
32	0.00760	0.00549	0.00718	0.00675	0.00802	0.00506	0.00506	0.01013	0.01519	0.02153	0.77503	0.04010	0.05065	0.01097	0.00633	0.00169	0.00253	0.00971	0.00591	0.00506
33	0.00932	0.00466	0.00699	0.00699	0.00699	0.00466	0.00466	0.00699	0.00699	0.00932	0.00932	0.01632	0.00932	0.01865	0.02098	0.84382	0.00466	0.00466	0.00233	0.00233
34	0.04069	0.02715	0.75586	0.01501	0.02277	0.01245	0.01933	0.01696	0.01125	0.01725	0.00956	0.01124	0.00676	0.00510	0.00504	0.00170	0.00780	0.00393	0.00230	0.00786
35	0.00760	0.00549	0.00718	0.00675	0.00802	0.00506	0.00506	0.01013	0.01519	0.02153	0.77503	0.04010	0.05065	0.01097	0.00633	0.00169	0.00253	0.00971	0.00591	0.00506
36	0.24558	0.00935	0.01060	0.00881	0.01221	0.00937	0.00721	0.05336	0.06249	0.37346	0.09701	0.02003	0.01612	0.00710	0.00504	0.00171	0.00430	0.04326	0.00544	0.00754
37	0.02408	0.00914	0.01246	0.00955	0.01370	0.00789	0.00789	0.02616	0.01536	0.78158	0.02118	0.01827	0.01329	0.00664	0.00540	0.00166	0.00457	0.00540	0.00664	0.00914
38	0.01244	0.01608	0.12206	0.02174	0.02747	0.01344	0.66959	0.01717	0.01251	0.01717	0.01071	0.01410	0.00798	0.00459	0.00619	0.00180	0.00892	0.00605	0.00266	0.00732
39	0.00659	0.00469	0.00621	0.00741	0.00771	0.00439	0.00492	0.00749	0.01018	0.01358	0.02911	0.77898	0.03491	0.04650	0.00762	0.00229	0.00319	0.01498	0.00492	0.00432
40	0.00692	0.00504	0.00629	0.00680	0.00752	0.00466	0.00466	0.00818	0.01143	0.01527	0.20873	0.41866	0.14602	0.11322	0.00918	0.00238	0.00318	0.01244	0.00499	0.00442
41	0.84927	0.01038	0.00789	0.00706	0.01038	0.01204	0.00581	0.01578	0.00914	0.02408	0.00747	0.00872	0.00581	0.00498	0.00332	0.00166	0.00415	0.00291	0.00332	0.00581
42	0.00654	0.00467	0.00623	0.00747	0.00779	0.00436	0.00498	0.00747	0.01028	0.01370	0.02959	0.80785	0.03550	0.01682	0.00685	0.00218	0.00311	0.01526	0.00498	0.00436
43	0.30536	0.01119	0.01176	0.00944	0.01318	0.01189	0.00774	0.24552	0.01591	0.25851	0.01370	0.01383	0.00961	0.02665	0.02162	0.00188	0.00505	0.00444	0.00495	0.00776
44	0.00703	0.00501	0.00616	0.00690	0.00764	0.00456	0.00470	0.00802	0.01067	0.03255	0.03428	0.54350	0.21101	0.08128	0.00838	0.00233	0.00323	0.01346	0.00488	0.00443
45	0.84927	0.01038	0.00789	0.00706	0.01038	0.01204	0.00581	0.01578	0.00914	0.02408	0.00747	0.00872	0.00581	0.00498	0.00332	0.00166	0.00415	0.00291	0.00332	0.00581
46	0.00657	0.00545	0.00575	0.00567	0.00739	0.00463	0.00425	0.00814	0.01276	0.01575	0.18264	0.04960	0.64665	0.01313	0.00634	0.00179	0.00269	0.01104	0.00515	0.00463
47	0.00668	0.00480	0.00624	0.00730	0.00771	0.00448	0.00491	0.00765	0.01040	0.01379	0.04947	0.68584	0.07309	0.06530	0.00808	0.00234	0.00324	0.02945	0.00490	0.00433
48	0.00918	0.00596	0.00677	0.00637	0.00828	0.00515	0.00482	0.01070	0.01267	0.12454	0.12498	0.06447	0.49823	0.06458	0.00762	0.00203	0.00320	0.03007	0.00521	0.00517

[dist]
# distance from previous block
# <min> <max>
0	15

[block]
# block no. 8 follows, 45 sequences, length 13
# corresponding to MSA columns:
# 1075-1087
name=unknown_I
#
# <colnr> <probs for GDERKNQSTAVLIFYWHMCP>
#	G	D	E	R	K	N	Q	S	T	A	V	L	I	F	Y	W	H	M	C	P
0	0.00711	0.00531	0.00734	0.00819	0.00896	0.00499	0.02630	0.00849	0.01094	0.01434	0.03109	0.56763	0.10099	0.01579	0.00690	0.00219	0.00361	0.16033	0.00491	0.00457
1	0.01449	0.64986	0.08695	0.00988	0.01462	0.01942	0.00997	0.03529	0.06188	0.04153	0.00921	0.01004	0.00780	0.00493	0.00383	0.00127	0.00578	0.00331	0.00273	0.00721
2	0.01462	0.01117	0.01214	0.01070	0.01381	0.01255	0.00837	0.07596	0.60170	0.10308	0.02156	0.05820	0.01652	0.00763	0.00552	0.00181	0.00434	0.00637	0.00556	0.00840
3	0.01258	0.00985	0.01153	0.00833	0.01303	0.00779	0.00670	0.06060	0.01229	0.06985	0.01053	0.01172	0.00838	0.00431	0.00416	0.00090	0.00413	0.00343	0.00355	0.73633
4	0.72256	0.02799	0.00837	0.00729	0.01030	0.02997	0.00590	0.01503	0.00931	0.02231	0.00904	0.06226	0.00798	0.00630	0.00428	0.03407	0.00427	0.00381	0.00336	0.00562
5	0.00677	0.00507	0.00621	0.00672	0.00761	0.00459	0.00469	0.00811	0.01172	0.01542	0.19253	0.41651	0.23038	0.04875	0.00749	0.00211	0.00298	0.01275	0.00510	0.00451
6	0.01167	0.00936	0.01487	0.05964	0.09957	0.00929	0.13912	0.07867	0.03960	0.07095	0.30924	0.04628	0.02704	0.02652	0.00652	0.00182	0.00501	0.03362	0.00466	0.00655
7	0.01473	0.01351	0.06223	0.09984	0.31858	0.02763	0.01326	0.14864	0.16874	0.05853	0.01341	0.01476	0.01019	0.00577	0.00534	0.00167	0.00600	0.00501	0.00385	0.00831
