[name]
unknown

[dist]
# distance from previous block
# <min> <max>
0	53

[block]
# block no. 0 follows, 46 sequences, length 10
# corresponding to MSA columns:
# 56-65
name=unknown_A
#
# <colnr> <probs for GDERKNQSTAVLIFYWHMCP>
#	G	D	E	R	K	N	Q	S	T	A	V	L	I	F	Y	W	H	M	C	P
0	0.00911	0.00632	0.00790	0.00806	0.00925	0.00623	0.00602	0.09355	0.01287	0.04171	0.13748	0.36866	0.05951	0.07510	0.00809	0.00226	0.00378	0.13402	0.00500	0.00509
1	0.01413	0.81739	0.02770	0.00905	0.01357	0.02092	0.00905	0.01583	0.01074	0.01244	0.00735	0.00848	0.00678	0.00452	0.00339	0.00113	0.00565	0.00283	0.00226	0.00678
2	0.01258	0.04432	0.09148	0.01107	0.08520	0.00873	0.00881	0.01533	0.01151	0.09685	0.01057	0.01181	0.00827	0.00440	0.00427	0.00105	0.00466	0.00357	0.00331	0.56221
3	0.01060	0.02735	0.78682	0.01507	0.02288	0.01228	0.01953	0.01674	0.01116	0.01674	0.00949	0.01116	0.00670	0.00502	0.00502	0.00167	0.00781	0.00391	0.00223	0.00781
4	0.01611	0.01132	0.01257	0.01073	0.01406	0.01245	0.00858	0.16177	0.46334	0.16130	0.02008	0.01997	0.01494	0.00725	0.00544	0.00176	0.00457	0.03980	0.00555	0.00843
5	0.01099	0.04785	0.38006	0.01281	0.01772	0.00998	0.09048	0.01488	0.01136	0.08929	0.01630	0.24295	0.01561	0.00842	0.00561	0.00180	0.00616	0.00745	0.00346	0.00680
6	0.01043	0.00584	0.00706	0.00667	0.00745	0.00564	0.00436	0.01096	0.00927	0.14029	0.01821	0.03369	0.01903	0.61938	0.02183	0.00434	0.00500	0.06238	0.00389	0.00430
7	0.00658	0.00473	0.00619	0.00730	0.00772	0.00442	0.00496	0.00755	0.01023	0.01352	0.02991	0.70363	0.07451	0.04788	0.00754	0.00226	0.00321	0.04874	0.00484	0.00429
8	0.01690	0.00937	0.01172	0.01014	0.01303	0.06483	0.04360	0.03593	0.03088	0.37985	0.02165	0.11014	0.01860	0.00924	0.00587	0.00185	0.00497	0.17331	0.03098	0.00713
9	0.18415	0.01405	0.04573	0.01209	0.05165	0.01477	0.00977	0.51715	0.02012	0.06304	0.01173	0.01207	0.00840	0.00594	0.00488	0.00160	0.00552	0.00437	0.00469	0.00827

[dist]
# distance from previous block
# <min> <max>
1	16

[block]
# block no. 1 follows, 46 sequences, length 193
# corresponding to MSA columns:
# 82-102,104-126,128-276
name=unknown_B
#
# <colnr> <probs for GDERKNQSTAVLIFYWHMCP>
#	G	D	E	R	K	N	Q	S	T	A	V	L	I	F	Y	W	H	M	C	P
0	0.01191	0.01221	0.07891	0.20854	0.14060	0.01120	0.25164	0.01562	0.01238	0.07041	0.11901	0.01762	0.01399	0.00578	0.00570	0.00171	0.00676	0.00586	0.00327	0.00690
1	0.01294	0.03328	0.41177	0.01576	0.08391	0.01194	0.09966	0.03427	0.08753	0.10698	0.04188	0.01439	0.01038	0.00556	0.00527	0.00167	0.00678	0.00482	0.00333	0.00787
2	0.03735	0.03759	0.01206	0.01019	0.01315	0.04513	0.00800	0.06243	0.53463	0.02173	0.10764	0.02019	0.01837	0.00720	0.00526	0.00168	0.00433	0.00592	0.00506	0.04207
3	0.70336	0.01074	0.03403	0.00776	0.01115	0.01164	0.02868	0.04897	0.01003	0.02344	0.00846	0.00980	0.00652	0.00505	0.00354	0.00161	0.00432	0.00323	0.06176	0.00593
4	0.05791	0.01724	0.01324	0.01182	0.01386	0.40897	0.00909	0.01800	0.02997	0.07920	0.01050	0.01366	0.00902	0.07401	0.05248	0.00228	0.14937	0.00432	0.01907	0.00600
5	0.01079	0.06968	0.74614	0.01475	0.02238	0.01274	0.01897	0.01669	0.01114	0.01651	0.00937	0.01102	0.00670	0.00500	0.00494	0.00165	0.00770	0.00385	0.00223	0.00776
6	0.00913	0.00460	0.00682	0.00685	0.00689	0.00459	0.00458	0.00703	0.00707	0.00954	0.00989	0.03704	0.00996	0.01804	0.01990	0.80443	0.00450	0.00487	0.02185	0.00241
7	0.01072	0.05310	0.76207	0.01487	0.02258	0.01256	0.01919	0.01671	0.01115	0.01660	0.00942	0.01107	0.00670	0.00501	0.00497	0.00166	0.00774	0.00387	0.00223	0.00778
8	0.00814	0.00658	0.00749	0.00809	0.00906	0.03167	0.00568	0.01172	0.15121	0.01533	0.04978	0.58418	0.06230	0.01416	0.00639	0.00203	0.00345	0.01266	0.00495	0.00513
9	0.00767	0.00521	0.00622	0.00622	0.00638	0.00537	0.00377	0.00798	0.00782	0.01059	0.01624	0.03230	0.01822	0.68537	0.15438	0.00569	0.00663	0.00735	0.00314	0.00346
10	0.01308	0.01256	0.02146	0.03245	0.78123	0.01256	0.01622	0.01622	0.01204	0.01727	0.00994	0.01308	0.00837	0.00471	0.00523	0.00157	0.00628	0.00471	0.00262	0.00837
11	0.01060	0.02735	0.78682	0.01507	0.02288	0.01228	0.01953	0.01674	0.01116	0.01674	0.00949	0.01116	0.00670	0.00502	0.00502	0.00167	0.00781	0.00391	0.00223	0.00781
12	0.01975	0.02520	0.01498	0.01362	0.01634	0.79299	0.01021	0.02111	0.01498	0.01294	0.00817	0.00953	0.00681	0.00545	0.00477	0.00136	0.00953	0.00340	0.00272	0.00613
13	0.00748	0.00540	0.00707	0.00665	0.00790	0.00499	0.00499	0.00998	0.01496	0.02120	0.77844	0.03949	0.04988	0.01081	0.00624	0.00166	0.00249	0.00956	0.00582	0.00499
14	0.01034	0.00976	0.01650	0.71345	0.12169	0.01184	0.01486	0.01382	0.01074	0.01394	0.00946	0.01398	0.00720	0.00522	0.00528	0.00174	0.00696	0.00470	0.00238	0.00616
15	0.01096	0.00940	0.01096	0.00783	0.01253	0.00705	0.00626	0.01331	0.01096	0.01723	0.00940	0.01096	0.00783	0.00392	0.00392	0.00078	0.00392	0.00313	0.00313	0.84653
16	0.00650	0.00464	0.00620	0.00743	0.00776	0.00434	0.00501	0.00746	0.01018	0.01356	0.02911	0.78978	0.03484	0.01651	0.00676	0.00215	0.00312	0.03544	0.00491	0.00431
17	0.01308	0.01256	0.02146	0.03245	0.78123	0.01256	0.01622	0.01622	0.01204	0.01727	0.00994	0.01308	0.00837	0.00471	0.00523	0.00157	0.00628	0.00471	0.00262	0.00837
18	0.00998	0.00940	0.01586	0.80150	0.03641	0.01175	0.01468	0.01351	0.01057	0.01351	0.00940	0.01409	0.00705	0.00529	0.00529	0.00176	0.00705	0.00470	0.00235	0.00587
19	0.85155	0.01022	0.00777	0.00695	0.01022	0.01186	0.00573	0.01554	0.00900	0.02372	0.00736	0.00859	0.00573	0.00491	0.00327	0.00164	0.00409	0.00286	0.00327	0.00573
20	0.00998	0.00940	0.01586	0.80150	0.03641	0.01175	0.01468	0.01351	0.01057	0.01351	0.00940	0.01409	0.00705	0.00529	0.00529	0.00176	0.00705	0.00470	0.00235	0.00587
21	0.01859	0.10595	0.01686	0.01478	0.08250	0.64542	0.01062	0.02014	0.01429	0.01326	0.00824	0.00973	0.00694	0.00529	0.00467	0.00136	0.00885	0.00346	0.00267	0.00639
22	0.00717	0.00539	0.00663	0.00632	0.00770	0.00485	0.00474	0.00936	0.01422	0.01943	0.59270	0.04241	0.23673	0.01147	0.00624	0.00169	0.00254	0.00997	0.00559	0.00485
23	0.17982	0.06344	0.05451	0.13014	0.08716	0.14495	0.06093	0.08244	0.05134	0.06617	0.01037	0.01203	0.00790	0.00542	0.00498	0.00160	0.02240	0.00418	0.00330	0.00694
24	0.00697	0.00548	0.00751	0.00895	0.06004	0.00506	0.02054	0.00819	0.01067	0.01397	0.03226	0.59258	0.17821	0.01490	0.00654	0.00203	0.00332	0.01340	0.00471	0.00466
25	0.00644	0.00460	0.00613	0.00736	0.00767	0.00429	0.00491	0.00736	0.01012	0.01350	0.02914	0.81076	0.03497	0.01656	0.00675	0.00215	0.00307	0.01503	0.00491	0.00429
26	0.01975	0.02520	0.01498	0.01362	0.01634	0.79299	0.01021	0.02111	0.01498	0.01294	0.00817	0.00953	0.00681	0.00545	0.00477	0.00136	0.00953	0.00340	0.00272	0.00613
27	0.01343	0.21583	0.03794	0.10064	0.01779	0.15045	0.06642	0.01530	0.01059	0.01310	0.00792	0.01102	0.00702	0.00673	0.00931	0.02191	0.28197	0.00407	0.00240	0.00617
28	0.02332	0.00964	0.01267	0.00971	0.01382	0.00873	0.00802	0.10750	0.01621	0.70164	0.01995	0.01741	0.01263	0.00652	0.00531	0.00163	0.00464	0.00525	0.00640	0.00900
29	0.00644	0.00460	0.00613	0.00736	0.00767	0.00429	0.00491	0.00736	0.01012	0.01350	0.02914	0.81076	0.03497	0.01656	0.00675	0.00215	0.00307	0.01503	0.00491	0.00429
30	0.01292	0.01223	0.02031	0.11701	0.61871	0.02857	0.03773	0.01603	0.01202	0.03504	0.01135	0.01433	0.02982	0.00507	0.00529	0.00160	0.00637	0.00492	0.00275	0.00791
31	0.02116	0.01310	0.01481	0.01135	0.01554	0.01385	0.00938	0.54628	0.02199	0.25469	0.01510	0.01425	0.01020	0.00640	0.00530	0.00160	0.00543	0.00492	0.00566	0.00899
32	0.01299	0.01383	0.01937	0.01563	0.01745	0.10924	0.19206	0.04110	0.02276	0.01465	0.00889	0.02874	0.00798	0.00765	0.01232	0.00203	0.45926	0.00511	0.00266	0.00627
33	0.01576	0.01217	0.01367	0.01170	0.03288	0.05964	0.04911	0.17148	0.33940	0.12887	0.05293	0.01951	0.05456	0.00710	0.00544	0.00169	0.00503	0.00590	0.00514	0.00802
34	0.01482	0.55738	0.02464	0.01103	0.01492	0.13972	0.05366	0.03434	0.01161	0.01330	0.00777	0.00935	0.00693	0.00512	0.00504	0.00132	0.07661	0.00332	0.00243	0.00667
35	0.01431	0.04378	0.01296	0.03349	0.01377	0.25523	0.00837	0.05068	0.02829	0.05862	0.01186	0.06243	0.01087	0.08436	0.04827	0.00216	0.09223	0.00495	0.00330	0.16007
36	0.01489	0.02742	0.02139	0.01594	0.01946	0.03347	0.32682	0.01769	0.01195	0.19313	0.01239	0.03316	0.00951	0.00641	0.00859	0.00183	0.20233	0.00560	0.00354	0.03450
37	0.00873	0.00696	0.01080	0.00984	0.01147	0.00659	0.12472	0.05480	0.01183	0.03858	0.04324	0.51870	0.10577	0.01329	0.00647	0.00199	0.00415	0.01222	0.00465	0.00520
38	0.01197	0.01148	0.01974	0.30538	0.49558	0.01229	0.03651	0.01528	0.01153	0.01592	0.00977	0.01348	0.00789	0.00491	0.00528	0.00164	0.00663	0.00475	0.00252	0.00745
39	0.01533	0.01261	0.01894	0.04647	0.51926	0.05170	0.01396	0.05644	0.01310	0.14077	0.01158	0.01362	0.00897	0.00538	0.00586	0.00162	0.04811	0.00474	0.00337	0.00819
40	0.02002	0.05429	0.01578	0.01167	0.01568	0.05570	0.00966	0.53937	0.03450	0.14913	0.01348	0.01325	0.00948	0.00633	0.00548	0.00158	0.02613	0.00470	0.00513	0.00864
41	0.00644	0.00462	0.00612	0.00732	0.00766	0.00430	0.00489	0.00737	0.01016	0.01351	0.02965	0.79479	0.05061	0.01650	0.00674	0.00214	0.00306	0.01495	0.00491	0.00430
42	0.00690	0.00485	0.00626	0.00709	0.00768	0.00448	0.00482	0.00800	0.01077	0.02883	0.10357	0.62187	0.10261	0.04655	0.00741	0.00217	0.00308	0.01368	0.00496	0.00442
43	0.03677	0.20316	0.32938	0.01289	0.01819	0.01326	0.09646	0.01625	0.01128	0.08502	0.01182	0.08044	0.01000	0.00687	0.02312	0.00177	0.02821	0.00503	0.00295	0.00712
44	0.01521	0.01526	0.05455	0.01726	0.19162	0.17106	0.04077	0.03975	0.20635	0.08261	0.01319	0.01424	0.01019	0.00621	0.00659	0.00169	0.09731	0.00483	0.00369	0.00761
45	0.00998	0.00940	0.01586	0.80150	0.03641	0.01175	0.01468	0.01351	0.01057	0.01351	0.00940	0.01409	0.00705	0.00529	0.00529	0.00176	0.00705	0.00470	0.00235	0.00587
46	0.01006	0.00947	0.01599	0.78352	0.05383	0.01176	0.01472	0.01357	0.01061	0.01360	0.00941	0.01407	0.00708	0.00527	0.00528	0.00176	0.00703	0.00470	0.00236	0.00593
47	0.01295	0.01243	0.04912	0.32530	0.36010	0.05431	0.01479	0.02882	0.01201	0.06483	0.01036	0.01351	0.00802	0.00513	0.00523	0.00164	0.00669	0.00464	0.00280	0.00732
48	0.00704	0.00502	0.00679	0.00799	0.00854	0.00481	0.00588	0.00837	0.01064	0.01408	0.02858	0.58730	0.03340	0.03113	0.00728	0.00228	0.00361	0.21795	0.00486	0.00443
49	0.00625	0.00536	0.00536	0.00536	0.00714	0.00446	0.00402	0.00759	0.01205	0.01428	0.05355	0.05088	0.77909	0.01339	0.00625	0.00179	0.00268	0.01116	0.00491	0.00446
50	0.02490	0.07718	0.61971	0.01540	0.04334	0.01279	0.07507	0.01696	0.01135	0.04164	0.00979	0.01146	0.00704	0.00499	0.00500	0.00164	0.00754	0.00407	0.00244	0.00771
51	0.02314	0.00981	0.04641	0.00966	0.01391	0.00797	0.00829	0.02537	0.01496	0.75103	0.02036	0.01769	0.01280	0.00648	0.00530	0.00164	0.00464	0.00525	0.00635	0.00894
52	0.00641	0.00550	0.00551	0.00548	0.00729	0.00467	0.00412	0.00807	0.02977	0.01446	0.05281	0.05015	0.76129	0.01324	0.00623	0.00179	0.00271	0.01104	0.00492	0.00455
53	0.03494	0.65669	0.09299	0.00970	0.01419	0.03539	0.00986	0.01566	0.01067	0.01312	0.00785	0.00935	0.00704	0.00624	0.03857	0.00155	0.02404	0.00310	0.00232	0.00672
54	0.01146	0.12615	0.54350	0.01636	0.07274	0.01354	0.11125	0.01661	0.01133	0.01625	0.00939	0.01133	0.00699	0.00487	0.00498	0.00161	0.00757	0.00411	0.00232	0.00763
55	0.00755	0.00566	0.00850	0.00850	0.00944	0.00661	0.00661	0.00944	0.00850	0.01227	0.01416	0.02077	0.01322	0.03965	0.79326	0.00850	0.01416	0.00566	0.00283	0.00472
56	0.01267	0.07371	0.14013	0.06705	0.28688	0.02727	0.22215	0.04806	0.01254	0.01727	0.03500	0.01362	0.00918	0.00499	0.00538	0.00162	0.00716	0.00501	0.00275	0.00756
57	0.85155	0.01022	0.00777	0.00695	0.01022	0.01186	0.00573	0.01554	0.00900	0.02372	0.00736	0.00859	0.00573	0.00491	0.00327	0.00164	0.00409	0.00286	0.00327	0.00573
58	0.01235	0.38117	0.43289	0.01234	0.01859	0.03023	0.01467	0.01641	0.01104	0.01475	0.00851	0.00993	0.00674	0.00481	0.00429	0.00143	0.00688	0.00341	0.00225	0.00732
59	0.01413	0.81739	0.02770	0.00905	0.01357	0.02092	0.00905	0.01583	0.01074	0.01244	0.00735	0.00848	0.00678	0.00452	0.00339	0.00113	0.00565	0.00283	0.00226	0.00678
60	0.01098	0.00946	0.01112	0.00801	0.01257	0.00732	0.00642	0.01329	0.01088	0.01709	0.00932	0.01098	0.00780	0.00408	0.00432	0.00083	0.02791	0.00318	0.00311	0.82133
61	0.00644	0.00460	0.00613	0.00736	0.00767	0.00429	0.00491	0.00736	0.01012	0.01350	0.02914	0.81076	0.03497	0.01656	0.00675	0.00215	0.00307	0.01503	0.00491	0.00429
62	0.01198	0.01257	0.02496	0.01849	0.02247	0.01246	0.52877	0.05968	0.01231	0.01681	0.01267	0.09698	0.01133	0.04815	0.00836	0.00203	0.08333	0.00698	0.00305	0.00662
63	0.01121	0.00939	0.01099	0.00786	0.01255	0.00706	0.00629	0.01355	0.01104	0.03205	0.00962	0.01110	0.00793	0.00397	0.00394	0.00080	0.00393	0.00317	0.00320	0.83035
64	0.00918	0.00459	0.00689	0.00689	0.00689	0.00459	0.00459	0.00689	0.00689	0.00918	0.00918	0.01607	0.00918	0.01837	0.02066	0.84619	0.00459	0.00459	0.00230	0.00230
65	0.00643	0.00487	0.00595	0.00672	0.00752	0.00438	0.00464	0.00756	0.01094	0.01411	0.07365	0.54417	0.25929	0.01532	0.00657	0.00201	0.00292	0.01359	0.00495	0.00438
66	0.03087	0.21809	0.36711	0.03077	0.02153	0.03517	0.19284	0.01659	0.01141	0.01572	0.00916	0.01120	0.00702	0.00478	0.00487	0.00156	0.00749	0.00417	0.00238	0.00727
67	0.00973	0.00492	0.00497	0.00501	0.00621	0.00490	0.00374	0.01214	0.01105	0.01949	0.01767	0.04819	0.01432	0.00653	0.00381	0.00126	0.00249	0.00529	0.81336	0.00490
68	0.00625	0.00536	0.00536	0.00536	0.00714	0.00446	0.00402	0.00759	0.01205	0.01428	0.05355	0.05088	0.77909	0.01339	0.00625	0.00179	0.00268	0.01116	0.00491	0.00446
69	0.01308	0.01256	0.02146	0.03245	0.78123	0.01256	0.01622	0.01622	0.01204	0.01727	0.00994	0.01308	0.00837	0.00471	0.00523	0.00157	0.00628	0.00471	0.00262	0.00837
70	0.00918	0.00459	0.00689	0.00689	0.00689	0.00459	0.00459	0.00689	0.00689	0.00918	0.00918	0.01607	0.00918	0.01837	0.02066	0.84619	0.00459	0.00459	0.00230	0.00230
71	0.00748	0.00540	0.00707	0.00665	0.00790	0.00499	0.00499	0.00998	0.01496	0.02120	0.77844	0.03949	0.04988	0.01081	0.00624	0.00166	0.00249	0.00956	0.00582	0.00499
72	0.01248	0.01426	0.03119	0.02228	0.02763	0.01337	0.76203	0.01693	0.01248	0.01693	0.01070	0.01426	0.00802	0.00446	0.00624	0.00178	0.00891	0.00624	0.00267	0.00713
73	0.01074	0.04916	0.74876	0.01506	0.02273	0.01254	0.03577	0.01672	0.01118	0.01663	0.00945	0.01116	0.00673	0.00500	0.00500	0.00166	0.00778	0.00393	0.00224	0.00777
74	0.02140	0.01166	0.01386	0.01069	0.01474	0.01186	0.00882	0.37849	0.01955	0.39719	0.01671	0.01556	0.01113	0.00764	0.03367	0.00186	0.00548	0.00506	0.00581	0.00884
75	0.00768	0.00514	0.00585	0.00585	0.00587	0.00517	0.00330	0.00774	0.00771	0.01031	0.01658	0.03419	0.01904	0.79122	0.04966	0.00523	0.00539	0.00763	0.00319	0.00325
76	0.01096	0.00940	0.01096	0.00783	0.01253	0.00705	0.00626	0.01331	0.01096	0.01723	0.00940	0.01096	0.00783	0.00392	0.00392	0.00078	0.00392	0.00313	0.00313	0.84653
77	0.01464	0.01039	0.01234	0.00939	0.01366	0.00943	0.02235	0.10712	0.14053	0.15187	0.01381	0.01391	0.01026	0.00521	0.00461	0.00121	0.00439	0.00424	0.00434	0.44631
78	0.82456	0.01018	0.00792	0.00703	0.01033	0.01173	0.00579	0.01587	0.00920	0.04853	0.00780	0.00889	0.00597	0.00496	0.00334	0.00164	0.00410	0.00294	0.00338	0.00583
79	0.85155	0.01022	0.00777	0.00695	0.01022	0.01186	0.00573	0.01554	0.00900	0.02372	0.00736	0.00859	0.00573	0.00491	0.00327	0.00164	0.00409	0.00286	0.00327	0.00573
80	0.01307	0.57854	0.25720	0.01087	0.01638	0.01831	0.01222	0.01611	0.01087	0.01374	0.00800	0.00929	0.00676	0.00467	0.00389	0.00130	0.00631	0.00315	0.00225	0.00710
81	0.01212	0.00783	0.00851	0.00748	0.00934	0.00839	0.00572	0.21424	0.03027	0.02123	0.01572	0.02024	0.01323	0.13534	0.08504	0.00266	0.00496	0.00541	0.38647	0.00581
82	0.02010	0.01481	0.01587	0.01216	0.01639	0.01639	0.01005	0.76360	0.02486	0.03332	0.01269	0.01269	0.00899	0.00635	0.00529	0.00159	0.00582	0.00476	0.00529	0.00899
83	0.85155	0.01022	0.00777	0.00695	0.01022	0.01186	0.00573	0.01554	0.00900	0.02372	0.00736	0.00859	0.00573	0.00491	0.00327	0.00164	0.00409	0.00286	0.00327	0.00573
84	0.00644	0.00460	0.00613	0.00736	0.00767	0.00429	0.00491	0.00736	0.01012	0.01350	0.02914	0.81076	0.03497	0.01656	0.00675	0.00215	0.00307	0.01503	0.00491	0.00429
85	0.00713	0.00526	0.00666	0.00658	0.00775	0.00480	0.00483	0.00920	0.01374	0.01892	0.54882	0.16843	0.15402	0.01213	0.00632	0.00176	0.00262	0.01070	0.00554	0.00480
86	0.00739	0.00533	0.00698	0.00672	0.00788	0.00493	0.00498	0.00974	0.01453	0.02050	0.71065	0.10927	0.04853	0.01133	0.00628	0.00171	0.00255	0.01006	0.00574	0.00493
87	0.00637	0.00534	0.00556	0.00570	0.00736	0.00453	0.00429	0.00773	0.01193	0.01430	0.05069	0.10245	0.69320	0.01366	0.00633	0.00184	0.00281	0.04653	0.00491	0.00447
88	0.00752	0.00563	0.00843	0.00846	0.00939	0.00654	0.00656	0.00938	0.00854	0.01231	0.01458	0.04287	0.01382	0.03900	0.77125	0.00832	0.01385	0.00593	0.00289	0.00471
89	0.01060	0.02735	0.78682	0.01507	0.02288	0.01228	0.01953	0.01674	0.01116	0.01674	0.00949	0.01116	0.00670	0.00502	0.00502	0.00167	0.00781	0.00391	0.00223	0.00781
90	0.01245	0.01418	0.03075	0.02203	0.02722	0.01345	0.73976	0.01681	0.01235	0.01681	0.01058	0.01418	0.00799	0.00460	0.00657	0.00180	0.03253	0.00619	0.00266	0.00709
91	0.00985	0.00493	0.00493	0.00493	0.00616	0.00493	0.00370	0.01232	0.01109	0.01971	0.01725	0.01971	0.01355	0.00616	0.00370	0.00123	0.00246	0.00493	0.84356	0.00493
92	0.00778	0.00545	0.00714	0.00673	0.00800	0.00502	0.00504	0.01022	0.01483	0.03622	0.74240	0.06060	0.04873	0.01088	0.00623	0.00168	0.00255	0.00963	0.00581	0.00505
93	0.00998	0.00940	0.01586	0.80150	0.03641	0.01175	0.01468	0.01351	0.01057	0.01351	0.00940	0.01409	0.00705	0.00529	0.00529	0.00176	0.00705	0.00470	0.00235	0.00587
94	0.01606	0.01075	0.01298	0.03124	0.08268	0.01154	0.00905	0.02603	0.47186	0.23708	0.02001	0.01851	0.01437	0.00673	0.00535	0.00173	0.00453	0.00565	0.00539	0.00849
95	0.00769	0.00513	0.00577	0.00577	0.00577	0.00513	0.00320	0.00769	0.00769	0.01025	0.01666	0.03460	0.01922	0.81421	0.02691	0.00513	0.00513	0.00769	0.00320	0.00320
96	0.00918	0.00459	0.00689	0.00689	0.00689	0.00459	0.00459	0.00689	0.00689	0.00918	0.00918	0.01607	0.00918	0.01837	0.02066	0.84619	0.00459	0.00459	0.00230	0.00230
97	0.01162	0.02950	0.01645	0.01377	0.01387	0.01630	0.01151	0.01279	0.00816	0.01272	0.00695	0.01150	0.00694	0.00915	0.01704	0.00229	0.78675	0.00459	0.00231	0.00581
98	0.01608	0.39342	0.07605	0.01107	0.01565	0.01799	0.02813	0.30297	0.05547	0.02135	0.01036	0.01100	0.00814	0.00539	0.00440	0.00139	0.00587	0.00389	0.00359	0.00779
99	0.04960	0.38334	0.37451	0.01207	0.01803	0.01621	0.03172	0.01652	0.02686	0.01522	0.00871	0.01009	0.00692	0.00482	0.00424	0.00143	0.00662	0.00347	0.00237	0.00725
100	0.01016	0.00940	0.01601	0.66452	0.06025	0.01128	0.05487	0.01360	0.01075	0.01423	0.01037	0.02952	0.00810	0.00549	0.00526	0.00173	0.00675	0.00499	0.05678	0.00594
101	0.00755	0.00566	0.00850	0.00850	0.00944	0.00661	0.00661	0.00944	0.00850	0.01227	0.01416	0.02077	0.01322	0.03965	0.79326	0.00850	0.01416	0.00566	0.00283	0.00472
102	0.01303	0.01262	0.02098	0.07942	0.72004	0.02816	0.01601	0.01616	0.01201	0.01695	0.00987	0.01308	0.00826	0.00476	0.00523	0.00158	0.00639	0.00468	0.00260	0.00817
103	0.03661	0.60901	0.09723	0.01021	0.01476	0.12939	0.01012	0.01666	0.01134	0.01321	0.00767	0.00889	0.00675	0.00471	0.00374	0.00123	0.00637	0.00301	0.00235	0.00676
104	0.01413	0.81739	0.02770	0.00905	0.01357	0.02092	0.00905	0.01583	0.01074	0.01244	0.00735	0.00848	0.00678	0.00452	0.00339	0.00113	0.00565	0.00283	0.00226	0.00678
105	0.00685	0.00507	0.00681	0.00815	0.03110	0.00469	0.00537	0.00794	0.01031	0.01382	0.02834	0.72161	0.04897	0.01563	0.00660	0.00208	0.00323	0.03387	0.00477	0.03476
106	0.00998	0.00940	0.01586	0.80150	0.03641	0.01175	0.01468	0.01351	0.01057	0.01351	0.00940	0.01409	0.00705	0.00529	0.00529	0.00176	0.00705	0.00470	0.00235	0.00587
107	0.00756	0.00563	0.00831	0.00831	0.00919	0.00651	0.00638	0.00932	0.00844	0.01214	0.01433	0.02170	0.01362	0.09179	0.74167	0.00827	0.01355	0.00580	0.00286	0.00462
108	0.00646	0.00462	0.00615	0.00735	0.00767	0.00431	0.00491	0.00742	0.01022	0.01366	0.04486	0.79457	0.03528	0.01644	0.00674	0.00214	0.00306	0.01491	0.00493	0.00431
109	0.01317	0.01279	0.02117	0.05019	0.74530	0.03123	0.01604	0.01628	0.01207	0.01708	0.00989	0.01302	0.00831	0.00474	0.00522	0.00157	0.00638	0.00468	0.00261	0.00826
110	0.00755	0.00550	0.00712	0.00675	0.00803	0.00512	0.00508	0.01021	0.02769	0.02087	0.72717	0.05253	0.06325	0.01095	0.00625	0.00169	0.00257	0.02088	0.00576	0.00502
111	0.00918	0.00459	0.00689	0.00689	0.00689	0.00459	0.00459	0.00689	0.00689	0.00918	0.00918	0.01607	0.00918	0.01837	0.02066	0.84619	0.00459	0.00459	0.00230	0.00230
112	0.00649	0.00464	0.00620	0.00742	0.00775	0.00434	0.00500	0.00745	0.01017	0.01355	0.02911	0.79161	0.03485	0.01651	0.00676	0.00215	0.00311	0.03365	0.00491	0.00431
113	0.01060	0.02735	0.78682	0.01507	0.02288	0.01228	0.01953	0.01674	0.01116	0.01674	0.00949	0.01116	0.00670	0.00502	0.00502	0.00167	0.00781	0.00391	0.00223	0.00781
114	0.00755	0.00566	0.00850	0.00850	0.00944	0.00661	0.00661	0.00944	0.00850	0.01227	0.01416	0.02077	0.01322	0.03965	0.79326	0.00850	0.01416	0.00566	0.00283	0.00472
115	0.02328	0.00890	0.01213	0.00933	0.01334	0.00770	0.00770	0.02534	0.01513	0.76434	0.04125	0.01857	0.01408	0.00666	0.00534	0.00164	0.00444	0.00543	0.00652	0.00889
116	0.16729	0.11680	0.55304	0.01285	0.01944	0.01321	0.01574	0.01641	0.01071	0.01753	0.00884	0.01037	0.00653	0.00494	0.00451	0.00160	0.00687	0.00359	0.00243	0.00730
117	0.01817	0.02169	0.01506	0.01340	0.01577	0.58703	0.01031	0.08020	0.01454	0.01455	0.00852	0.01042	0.00719	0.00707	0.02882	0.00173	0.13263	0.00377	0.00287	0.00627
118	0.00985	0.00493	0.00493	0.00493	0.00616	0.00493	0.00370	0.01232	0.01109	0.01971	0.01725	0.01971	0.01355	0.00616	0.00370	0.00123	0.00246	0.00493	0.84356	0.00493
119	0.01615	0.03156	0.01111	0.00912	0.01191	0.03660	0.00737	0.09530	0.04929	0.31846	0.09688	0.02855	0.05468	0.08810	0.00781	0.00209	0.00467	0.11798	0.00537	0.00700
120	0.01413	0.81739	0.02770	0.00905	0.01357	0.02092	0.00905	0.01583	0.01074	0.01244	0.00735	0.00848	0.00678	0.00452	0.00339	0.00113	0.00565	0.00283	0.00226	0.00678
121	0.02299	0.00981	0.01296	0.01037	0.03452	0.00896	0.00828	0.11655	0.01625	0.67150	0.01956	0.01721	0.01245	0.00647	0.00531	0.00163	0.00471	0.00523	0.00628	0.00898
122	0.01076	0.04341	0.73852	0.01525	0.02289	0.01251	0.05108	0.01673	0.01121	0.01666	0.00949	0.01124	0.00676	0.00499	0.00504	0.00167	0.00781	0.00398	0.00225	0.00776
123	0.00739	0.00540	0.00693	0.00655	0.00784	0.00495	0.00491	0.00979	0.01474	0.02066	0.72215	0.04037	0.10651	0.01101	0.00624	0.00167	0.00251	0.00968	0.00575	0.00495
124	0.00631	0.00536	0.00544	0.00542	0.00718	0.00449	0.00406	0.00770	0.01219	0.01462	0.08933	0.05031	0.74310	0.01326	0.00625	0.00178	0.00267	0.01108	0.00495	0.00449
125	0.00759	0.00552	0.00778	0.00778	0.00847	0.00622	0.00571	0.00898	0.00828	0.01174	0.01482	0.02441	0.01480	0.24344	0.59163	0.00761	0.01178	0.00620	0.00293	0.00432
126	0.01686	0.01508	0.01690	0.15223	0.12914	0.17641	0.05579	0.26101	0.01680	0.07392	0.01133	0.01294	0.00843	0.00564	0.00519	0.00157	0.00689	0.00459	0.02171	0.00757
127	0.00769	0.00513	0.00577	0.00577	0.00577	0.00513	0.00320	0.00769	0.00769	0.01025	0.01666	0.03460	0.01922	0.81421	0.02691	0.00513	0.00513	0.00769	0.00320	0.00320
128	0.00644	0.00460	0.00613	0.00736	0.00767	0.00429	0.00491	0.00736	0.01012	0.01350	0.02914	0.81076	0.03497	0.01656	0.00675	0.00215	0.00307	0.01503	0.00491	0.00429
129	0.01233	0.36931	0.37891	0.03593	0.01864	0.03015	0.01424	0.01611	0.01087	0.01449	0.00840	0.01008	0.00676	0.00505	0.00497	0.00147	0.04937	0.00349	0.00226	0.00717
130	0.02157	0.00895	0.01187	0.00930	0.01308	0.00803	0.00761	0.04170	0.05918	0.65503	0.08828	0.01989	0.01645	0.00696	0.00540	0.00165	0.00433	0.00572	0.00638	0.00860
131	0.01975	0.02520	0.01498	0.01362	0.01634	0.79299	0.01021	0.02111	0.01498	0.01294	0.00817	0.00953	0.00681	0.00545	0.00477	0.00136	0.00953	0.00340	0.00272	0.00613
132	0.09416	0.08177	0.21326	0.01946	0.18521	0.03864	0.23583	0.01691	0.01174	0.03992	0.00986	0.01218	0.00756	0.00480	0.00513	0.00162	0.00723	0.00461	0.00269	0.00743
133	0.00625	0.00536	0.00536	0.00536	0.00714	0.00446	0.00402	0.00759	0.01205	0.01428	0.05355	0.05088	0.77909	0.01339	0.00625	0.00179	0.00268	0.01116	0.00491	0.00446
134	0.85155	0.01022	0.00777	0.00695	0.01022	0.01186	0.00573	0.01554	0.00900	0.02372	0.00736	0.00859	0.00573	0.00491	0.00327	0.00164	0.00409	0.00286	0.00327	0.00573
135	0.01203	0.03425	0.06282	0.02342	0.31171	0.01220	0.31297	0.01595	0.03458	0.01688	0.02963	0.08500	0.01164	0.00588	0.00574	0.00171	0.00696	0.00630	0.00297	0.00737
136	0.09388	0.01309	0.01295	0.01098	0.01434	0.07463	0.02110	0.21934	0.39527	0.02410	0.01730	0.01664	0.03360	0.00667	0.00512	0.00167	0.00506	0.00526	0.00485	0.02416
137	0.01148	0.01149	0.01650	0.01402	0.01424	0.01580	0.03844	0.01278	0.00827	0.01286	0.00729	0.01194	0.00717	0.00999	0.04020	0.00248	0.75220	0.00472	0.00234	0.00580
138	0.02119	0.01276	0.01456	0.01120	0.01535	0.01339	0.00924	0.49744	0.03644	0.28927	0.01565	0.01464	0.01053	0.00643	0.00530	0.00161	0.00534	0.00497	0.00572	0.00898
139	0.01368	0.03129	0.02461	0.00883	0.01161	0.05688	0.02205	0.13718	0.01558	0.17739	0.21611	0.05757	0.18686	0.00924	0.00572	0.00166	0.00426	0.00772	0.00524	0.00654
140	0.00761	0.00542	0.00724	0.00724	0.00775	0.00592	0.00504	0.00863	0.00812	0.01134	0.01531	0.02714	0.01598	0.39685	0.43984	0.00694	0.00999	0.00660	0.00300	0.00402
141	0.00755	0.00566	0.00850	0.00850	0.00944	0.00661	0.00661	0.00944	0.00850	0.01227	0.01416	0.02077	0.01322	0.03965	0.79326	0.00850	0.01416	0.00566	0.00283	0.00472
142	0.00721	0.00585	0.00642	0.00647	0.00813	0.00533	0.00494	0.02268	0.05376	0.01578	0.11723	0.12031	0.51590	0.01308	0.00632	0.00186	0.00303	0.07584	0.00503	0.00483
143	0.02084	0.01225	0.01437	0.02952	0.01560	0.01285	0.00927	0.42048	0.04118	0.32266	0.01587	0.01494	0.01067	0.00650	0.00562	0.00163	0.02629	0.00500	0.00563	0.00882
144	0.00771	0.00574	0.00847	0.00842	0.00934	0.00670	0.00654	0.00956	0.00856	0.01248	0.01418	0.02085	0.01323	0.05422	0.73672	0.00807	0.02859	0.00566	0.03024	0.00472
145	0.02362	0.00915	0.01236	0.00948	0.01357	0.00800	0.00783	0.04516	0.01539	0.76514	0.02064	0.01785	0.01298	0.00654	0.00532	0.00163	0.00453	0.00530	0.00651	0.00900
146	0.00937	0.00683	0.00825	0.00842	0.00958	0.00699	0.00607	0.14378	0.05203	0.01741	0.02514	0.57454	0.02842	0.03127	0.00711	0.01730	0.00374	0.03354	0.00492	0.00530
147	0.01046	0.00993	0.01408	0.04070	0.01342	0.01317	0.02576	0.01183	0.00903	0.01358	0.05670	0.12352	0.01378	0.02557	0.01440	0.00225	0.56553	0.00645	0.02435	0.00549
148	0.00808	0.00579	0.00800	0.00920	0.01025	0.00571	0.00774	0.01020	0.01177	0.01535	0.02866	0.20410	0.04448	0.01496	0.00718	0.00237	0.00448	0.59204	0.00488	0.00475
149	0.01060	0.02735	0.78682	0.01507	0.02288	0.01228	0.01953	0.01674	0.01116	0.01674	0.00949	0.01116	0.00670	0.00502	0.00502	0.00167	0.00781	0.00391	0.00223	0.00781
150	0.01818	0.01261	0.01397	0.01101	0.01447	0.01377	0.00888	0.55397	0.02082	0.09907	0.01412	0.03031	0.01111	0.10142	0.03171	0.00224	0.02393	0.00536	0.00502	0.00803
151	0.01311	0.01297	0.02176	0.04746	0.65011	0.03591	0.07838	0.01624	0.01198	0.01686	0.00983	0.01304	0.00821	0.00489	0.00576	0.00161	0.03641	0.00480	0.00261	0.00805
152	0.01923	0.02210	0.01509	0.01373	0.03892	0.59962	0.01022	0.12318	0.01591	0.03874	0.00934	0.01084	0.00757	0.02013	0.00567	0.00151	0.03461	0.00380	0.00318	0.00661
153	0.01299	0.01247	0.02130	0.05473	0.75966	0.01254	0.01618	0.01615	0.01199	0.01716	0.00993	0.01311	0.00834	0.00473	0.00524	0.00158	0.00630	0.00471	0.00261	0.00830
154	0.00735	0.00575	0.00669	0.00720	0.00822	0.02281	0.00527	0.00903	0.02774	0.01496	0.13046	0.32578	0.22213	0.06931	0.00795	0.00221	0.00346	0.11426	0.00486	0.00456
155	0.01244	0.01188	0.01987	0.17998	0.58643	0.01253	0.01550	0.01602	0.03899	0.01658	0.01016	0.01347	0.00835	0.00505	0.00561	0.00164	0.03027	0.00475	0.00266	0.00781
156	0.01566	0.01096	0.01419	0.01590	0.21971	0.03267	0.01004	0.03971	0.26235	0.21694	0.03256	0.03281	0.04243	0.00673	0.00534	0.00167	0.00488	0.00577	0.02156	0.00813
157	0.02372	0.00900	0.01227	0.00941	0.01350	0.00777	0.00777	0.02576	0.01513	0.78489	0.02086	0.01799	0.01309	0.00654	0.00532	0.00164	0.00450	0.00532	0.00654	0.00900
158	0.01855	0.17183	0.01749	0.01321	0.03372	0.63153	0.01014	0.02002	0.01413	0.01295	0.00806	0.00942	0.00684	0.00526	0.00452	0.00132	0.00874	0.00333	0.00264	0.00630
159	0.01185	0.26158	0.48889	0.01421	0.03976	0.01494	0.06754	0.01647	0.01115	0.01549	0.00894	0.01062	0.00686	0.00483	0.00463	0.00152	0.00721	0.00377	0.00228	0.00747
160	0.00675	0.00567	0.00590	0.00586	0.00760	0.00499	0.00438	0.00893	0.05520	0.01526	0.11049	0.08160	0.64299	0.01296	0.00622	0.00179	0.00276	0.01090	0.00501	0.00472
161	0.00757	0.00514	0.00607	0.00617	0.00629	0.00520	0.00369	0.00784	0.00797	0.01073	0.01746	0.09859	0.01994	0.66940	0.10200	0.00521	0.00586	0.00810	0.00331	0.00345
162	0.01828	0.09226	0.09089	0.01325	0.01670	0.60055	0.01098	0.05570	0.02821	0.01440	0.00868	0.00993	0.00707	0.00540	0.00471	0.00139	0.00876	0.00351	0.00281	0.00652
163	0.00734	0.00577	0.00846	0.16430	0.01366	0.00596	0.02114	0.00891	0.01037	0.01377	0.02565	0.58225	0.06158	0.01367	0.00634	0.00202	0.00393	0.01237	0.02783	0.00468
164	0.85155	0.01022	0.00777	0.00695	0.01022	0.01186	0.00573	0.01554	0.00900	0.02372	0.00736	0.00859	0.00573	0.00491	0.00327	0.00164	0.00409	0.00286	0.00327	0.00573
165	0.00629	0.00518	0.00554	0.00582	0.00726	0.00442	0.00422	0.00753	0.01160	0.01410	0.04787	0.22792	0.60572	0.01413	0.00636	0.00187	0.00277	0.01206	0.00491	0.00442
166	0.02014	0.01260	0.02950	0.01102	0.01506	0.01286	0.00919	0.45655	0.03815	0.26832	0.04332	0.03220	0.01242	0.00678	0.00536	0.00162	0.00523	0.00533	0.00564	0.00871
167	0.01002	0.00899	0.01446	0.63251	0.03106	0.01087	0.01328	0.04062	0.01138	0.01460	0.01363	0.02179	0.03565	0.00693	0.00561	0.00185	0.00655	0.11151	0.00290	0.00580
168	0.01673	0.06650	0.03965	0.02029	0.29657	0.44058	0.01261	0.01889	0.01355	0.01460	0.00881	0.01082	0.00738	0.00511	0.00487	0.00143	0.00807	0.00386	0.00264	0.00704
169	0.02275	0.00878	0.01196	0.00924	0.01316	0.00760	0.00760	0.02482	0.01512	0.73934	0.06605	0.01928	0.01528	0.00680	0.00537	0.00164	0.00438	0.00557	0.00650	0.00876
170	0.01261	0.01382	0.06366	0.03911	0.30581	0.01281	0.35606	0.03054	0.05724	0.01769	0.03057	0.01460	0.00963	0.00495	0.00572	0.00169	0.00735	0.00557	0.00291	0.00765
171	0.01104	0.00947	0.01100	0.00794	0.01257	0.00727	0.00634	0.01384	0.03835	0.01740	0.00983	0.01128	0.00813	0.00403	0.00397	0.00082	0.00392	0.00323	0.00321	0.81635
172	0.00805	0.04270	0.10301	0.03127	0.01150	0.00703	0.03188	0.01076	0.03049	0.01634	0.20204	0.12680	0.28325	0.01120	0.00606	0.00180	0.00395	0.06203	0.00454	0.00532
173	0.01105	0.09588	0.63964	0.04382	0.05847	0.01306	0.03385	0.01652	0.01117	0.01627	0.00934	0.01118	0.00682	0.00496	0.00492	0.00163	0.00754	0.00393	0.00227	0.00766
174	0.01308	0.01256	0.02146	0.03245	0.78123	0.01256	0.01622	0.01622	0.01204	0.01727	0.00994	0.01308	0.00837	0.00471	0.00523	0.00157	0.00628	0.00471	0.00262	0.00837
175	0.00644	0.00460	0.00613	0.00736	0.00767	0.00429	0.00491	0.00736	0.01012	0.01350	0.02914	0.81076	0.03497	0.01656	0.00675	0.00215	0.00307	0.01503	0.00491	0.00429
176	0.01279	0.02032	0.34432	0.05052	0.31557	0.11407	0.01661	0.01725	0.02923	0.01645	0.00976	0.01200	0.00759	0.00502	0.00509	0.00160	0.00733	0.00423	0.00252	0.00775
177	0.03723	0.26518	0.08785	0.01000	0.01437	0.01355	0.00934	0.08605	0.08254	0.29229	0.02947	0.01478	0.02315	0.00596	0.00467	0.00149	0.00517	0.00453	0.00447	0.00791
178	0.01997	0.01026	0.03586	0.01007	0.01393	0.00933	0.02740	0.13066	0.06494	0.49656	0.10611	0.01950	0.01659	0.00695	0.00544	0.00165	0.00465	0.00575	0.00598	0.00841
179	0.00756	0.00563	0.00832	0.00832	0.00921	0.00651	0.00639	0.00933	0.00844	0.01214	0.01432	0.02165	0.01360	0.08900	0.74443	0.00828	0.01358	0.00579	0.00286	0.00462
180	0.01152	0.01101	0.01887	0.41788	0.39063	0.01217	0.03237	0.01488	0.01131	0.01538	0.00969	0.01362	0.00770	0.00499	0.00528	0.00167	0.00672	0.00474	0.00248	0.00709
181	0.01385	0.01234	0.04136	0.02679	0.58199	0.01199	0.01446	0.01826	0.09634	0.08724	0.01273	0.01559	0.01027	0.00545	0.00531	0.00163	0.00589	0.02688	0.00333	0.00831
182	0.00769	0.00513	0.00577	0.00577	0.00577	0.00513	0.00320	0.00769	0.00769	0.01025	0.01666	0.03460	0.01922	0.81421	0.02691	0.00513	0.00513	0.00769	0.00320	0.00320
183	0.00688	0.00490	0.00637	0.00732	0.00779	0.00464	0.00507	0.00795	0.01036	0.01376	0.06512	0.56145	0.06216	0.11562	0.00929	0.00251	0.00348	0.09633	0.00473	0.00426
184	0.09401	0.00883	0.01142	0.10004	0.01476	0.00889	0.03847	0.09299	0.03686	0.23314	0.16133	0.02520	0.12261	0.00802	0.00549	0.00170	0.00445	0.01994	0.00504	0.00680
185	0.01005	0.00938	0.01561	0.74954	0.03475	0.01177	0.01429	0.01345	0.01048	0.01362	0.00948	0.01412	0.00720	0.00547	0.00576	0.00177	0.04048	0.00470	0.02224	0.00585
186	0.01850	0.01360	0.01465	0.01157	0.01541	0.01503	0.00943	0.60386	0.12060	0.04872	0.01481	0.04735	0.01120	0.00688	0.00533	0.00163	0.00539	0.00536	0.02204	0.00863
187	0.00982	0.00740	0.00924	0.00958	0.01125	0.00775	0.00796	0.06601	0.14273	0.01818	0.07013	0.11572	0.04592	0.01268	0.00670	0.00218	0.00447	0.44154	0.00504	0.00570
188	0.12436	0.01054	0.01542	0.30740	0.13928	0.01165	0.05304	0.06833	0.06301	0.10533	0.01284	0.03163	0.02307	0.00583	0.00512	0.00170	0.00591	0.00504	0.00351	0.00698
189	0.01123	0.01059	0.01775	0.52411	0.25303	0.01215	0.03184	0.03046	0.02897	0.01530	0.00994	0.01390	0.00771	0.00516	0.00529	0.00170	0.00677	0.00477	0.00257	0.00676
190	0.01315	0.01121	0.01490	0.06087	0.15089	0.01055	0.04204	0.16545	0.03219	0.02029	0.01090	0.02812	0.00886	0.00498	0.00470	0.00124	0.00511	0.00427	0.00350	0.40681
191	0.02879	0.01582	0.13687	0.04141	0.37866	0.09548	0.07163	0.01772	0.04416	0.06303	0.01073	0.01293	0.00840	0.00516	0.00553	0.00160	0.02992	0.00459	0.00293	0.02462
192	0.04137	0.01082	0.01387	0.01205	0.05241	0.03898	0.04743	0.05374	0.15599	0.31662	0.07756	0.01793	0.01467	0.00707	0.00698	0.00175	0.11239	0.00554	0.00502	0.00780

[dist]
# distance from previous block
# <min> <max>
4	8

[block]
# block no. 2 follows, 46 sequences, length 19
# corresponding to MSA columns:
# 285-303
name=unknown_C
#
# <colnr> <probs for GDERKNQSTAVLIFYWHMCP>
#	G	D	E	R	K	N	Q	S	T	A	V	L	I	F	Y	W	H	M	C	P
0	0.08947	0.02316	0.03358	0.01065	0.05748	0.02692	0.00822	0.04473	0.16058	0.21710	0.08682	0.05621	0.04628	0.00808	0.00542	0.00173	0.00449	0.08068	0.00501	0.03338
1	0.01351	0.15985	0.37411	0.01297	0.01848	0.13258	0.01402	0.05910	0.13367	0.01717	0.01101	0.01190	0.00836	0.00541	0.00477	0.00155	0.00702	0.00402	0.00298	0.00753
2	0.01616	0.23890	0.04317	0.01509	0.13375	0.31668	0.01108	0.01844	0.03480	0.04388	0.00904	0.01064	0.00757	0.00548	0.00558	0.00144	0.07496	0.00372	0.00276	0.00686
3	0.02830	0.34727	0.02175	0.08063	0.01695	0.03908	0.11380	0.01473	0.01063	0.01404	0.02702	0.03055	0.00902	0.00646	0.01760	0.00165	0.15682	0.00439	0.03418	0.02511
4	0.00878	0.00683	0.01128	0.01031	0.01173	0.00652	0.14005	0.01038	0.01072	0.06156	0.02431	0.57418	0.02751	0.03468	0.00744	0.00213	0.02966	0.01234	0.00448	0.00511
5	0.01134	0.00992	0.01246	0.00902	0.01356	0.00804	0.04965	0.03579	0.01135	0.01751	0.00947	0.01123	0.00784	0.00423	0.00461	0.00092	0.03542	0.00342	0.00314	0.74109
6	0.01220	0.00805	0.00946	0.00840	0.01063	0.02781	0.00667	0.10866	0.05786	0.13835	0.36019	0.03409	0.09744	0.00988	0.00600	0.00174	0.00377	0.08696	0.00558	0.00627
7	0.00998	0.00940	0.01586	0.80150	0.03641	0.01175	0.01468	0.01351	0.01057	0.01351	0.00940	0.01409	0.00705	0.00529	0.00529	0.00176	0.00705	0.00470	0.00235	0.00587
8	0.01924	0.01509	0.01611	0.04932	0.05831	0.06452	0.01060	0.64293	0.02290	0.03028	0.01211	0.01258	0.00873	0.00615	0.00525	0.00158	0.00613	0.00467	0.00485	0.00864
9	0.00769	0.00513	0.00577	0.00577	0.00577	0.00513	0.00320	0.00769	0.00769	0.01025	0.01666	0.03460	0.01922	0.81421	0.02691	0.00513	0.00513	0.00769	0.00320	0.00320
10	0.85155	0.01022	0.00777	0.00695	0.01022	0.01186	0.00573	0.01554	0.00900	0.02372	0.00736	0.00859	0.00573	0.00491	0.00327	0.00164	0.00409	0.00286	0.00327	0.00573
11	0.01406	0.01217	0.01245	0.01100	0.01410	0.04013	0.00860	0.10081	0.67174	0.02291	0.02019	0.01868	0.01511	0.00703	0.00535	0.00176	0.00453	0.00577	0.00528	0.00835
12	0.00868	0.08695	0.00931	0.00728	0.00892	0.04301	0.00561	0.02873	0.01362	0.01808	0.42973	0.15672	0.14156	0.01109	0.00594	0.00169	0.00333	0.00957	0.00504	0.00513
13	0.00648	0.00463	0.00617	0.00733	0.00768	0.00432	0.00491	0.00747	0.01032	0.01381	0.06019	0.77880	0.03558	0.01632	0.00673	0.00213	0.00304	0.01480	0.00495	0.00432
14	0.08416	0.01368	0.02759	0.01232	0.06855	0.13788	0.00930	0.14622	0.15171	0.27103	0.01554	0.01485	0.01092	0.00616	0.00506	0.00161	0.00563	0.00477	0.00490	0.00810
15	0.02928	0.04152	0.01576	0.40310	0.08257	0.08924	0.01233	0.04755	0.05328	0.10013	0.01114	0.01374	0.00834	0.00565	0.00565	0.00166	0.04291	0.00456	0.00319	0.02841
16	0.51690	0.06734	0.02444	0.09957	0.01502	0.01194	0.05292	0.01617	0.01028	0.08978	0.02631	0.01119	0.00781	0.00515	0.00399	0.00160	0.00489	0.00367	0.00339	0.02763
17	0.04270	0.11086	0.59524	0.01413	0.02106	0.01313	0.05030	0.01722	0.03330	0.04063	0.00993	0.01137	0.00720	0.00505	0.00485	0.00162	0.00728	0.00396	0.00252	0.00765
18	0.04019	0.04799	0.01413	0.03439	0.01529	0.33547	0.00919	0.12406	0.05615	0.17959	0.01498	0.01501	0.05720	0.00644	0.00532	0.00153	0.02713	0.00465	0.00414	0.00715

[dist]
# distance from previous block
# <min> <max>
13	31

[block]
# block no. 3 follows, 46 sequences, length 10
# corresponding to MSA columns:
# 342-351
name=unknown_D
#
# <colnr> <probs for GDERKNQSTAVLIFYWHMCP>
#	G	D	E	R	K	N	Q	S	T	A	V	L	I	F	Y	W	H	M	C	P
0	0.18661	0.01469	0.01355	0.11827	0.10820	0.24645	0.00990	0.05002	0.01280	0.08858	0.01075	0.04658	0.00878	0.00576	0.00469	0.00153	0.00644	0.00435	0.00336	0.05867
1	0.01504	0.01070	0.01331	0.09053	0.11489	0.03199	0.00957	0.09790	0.23542	0.18053	0.06082	0.03917	0.06218	0.00722	0.00545	0.00170	0.00490	0.00609	0.00487	0.00773
2	0.01371	0.01081	0.01178	0.00919	0.01305	0.05738	0.00729	0.12241	0.04104	0.09174	0.01303	0.08402	0.01115	0.00601	0.00497	0.00122	0.02634	0.00480	0.00396	0.46610
3	0.00670	0.00488	0.00589	0.00657	0.00710	0.00453	0.00432	0.00749	0.00993	0.01288	0.03110	0.47047	0.18225	0.20709	0.01148	0.00279	0.00348	0.01248	0.00450	0.00407
4	0.01777	0.04858	0.01473	0.01167	0.04448	0.06174	0.00913	0.44524	0.01954	0.09324	0.01366	0.06001	0.01073	0.00654	0.00506	0.00150	0.00546	0.00510	0.04236	0.08344
5	0.00664	0.00537	0.00590	0.00577	0.00738	0.00463	0.00433	0.00835	0.01298	0.01648	0.28430	0.04725	0.54697	0.01257	0.00624	0.00175	0.00262	0.01065	0.00520	0.00463
6	0.00756	0.00562	0.00829	0.00829	0.00916	0.00650	0.00635	0.00931	0.00844	0.01212	0.01435	0.02181	0.01367	0.09773	0.73580	0.00824	0.01348	0.00582	0.00286	0.00461
7	0.01468	0.08488	0.01985	0.02466	0.50330	0.08137	0.01363	0.04908	0.07860	0.06256	0.01131	0.01321	0.00907	0.00515	0.00505	0.00154	0.00620	0.00458	0.00317	0.00810
8	0.01351	0.67762	0.16201	0.01011	0.01522	0.01939	0.01090	0.01599	0.01082	0.01320	0.00773	0.00895	0.00677	0.00461	0.00368	0.00123	0.00604	0.00302	0.00226	0.00697
9	0.01687	0.04544	0.13592	0.01235	0.03762	0.09185	0.01083	0.18966	0.22494	0.15682	0.01533	0.01486	0.01100	0.00620	0.00515	0.00163	0.00583	0.00485	0.00461	0.00825

[dist]
# distance from previous block
# <min> <max>
12	23

[block]
# block no. 4 follows, 46 sequences, length 38
# corresponding to MSA columns:
# 375-412
name=unknown_E
#
# <colnr> <probs for GDERKNQSTAVLIFYWHMCP>
#	G	D	E	R	K	N	Q	S	T	A	V	L	I	F	Y	W	H	M	C	P
0	0.09279	0.01455	0.01479	0.09599	0.16925	0.21002	0.01097	0.01896	0.16590	0.01697	0.01193	0.01467	0.00982	0.00614	0.00592	0.00165	0.06781	0.03074	0.00331	0.03780
1	0.01722	0.01280	0.01388	0.01082	0.01480	0.02575	0.00879	0.46035	0.09557	0.06841	0.03829	0.03103	0.01154	0.00634	0.00510	0.00147	0.00513	0.00496	0.00494	0.16281
2	0.00918	0.00459	0.00689	0.00689	0.00689	0.00459	0.00459	0.00689	0.00689	0.00918	0.00918	0.01607	0.00918	0.01837	0.02066	0.84619	0.00459	0.00459	0.00230	0.00230
3	0.01210	0.05700	0.01718	0.09414	0.06166	0.10410	0.11960	0.02893	0.02712	0.01460	0.01198	0.12127	0.01154	0.00860	0.02495	0.00200	0.24256	0.00611	0.02846	0.00610
4	0.01305	0.01080	0.01111	0.01019	0.02520	0.05234	0.00787	0.13867	0.36327	0.02138	0.02207	0.02500	0.08280	0.03800	0.00623	0.00186	0.00457	0.07546	0.08297	0.00716
