[name]
unknown

[dist]
# distance from previous block
# <min> <max>
0	61

[block]
# block no. 0 follows, 41 sequences, length 25
# corresponding to MSA columns:
# 61-85
name=unknown_A
#
# <colnr> <probs for GDERKNQSTAVLIFYWHMCP>
#	G	D	E	R	K	N	Q	S	T	A	V	L	I	F	Y	W	H	M	C	P
0	0.00989	0.00744	0.01015	0.01193	0.07708	0.00735	0.00909	0.01310	0.05295	0.03501	0.03272	0.05512	0.15340	0.01400	0.00735	0.00237	0.00495	0.48511	0.00513	0.00583
1	0.11208	0.08036	0.03823	0.01028	0.01471	0.01118	0.00886	0.09937	0.01619	0.50137	0.03793	0.01725	0.01307	0.00674	0.00534	0.00172	0.00513	0.00524	0.00598	0.00898
2	0.11519	0.12190	0.29782	0.01646	0.06444	0.01418	0.16985	0.01890	0.01256	0.10028	0.01133	0.01300	0.00829	0.00538	0.00530	0.00174	0.00742	0.00469	0.00319	0.00805
3	0.01497	0.64278	0.14737	0.01106	0.01643	0.05638	0.01166	0.01755	0.01191	0.01423	0.00836	0.00969	0.00733	0.00503	0.00402	0.00133	0.00669	0.00327	0.00247	0.00748
4	0.01993	0.01387	0.01537	0.01185	0.01623	0.01461	0.00971	0.50733	0.04813	0.11577	0.06013	0.01619	0.01304	0.00690	0.00562	0.00163	0.00561	0.00537	0.00564	0.10707
5	0.01167	0.02817	0.69588	0.01708	0.02527	0.01340	0.09318	0.01814	0.01222	0.01814	0.01040	0.01241	0.00739	0.00537	0.00557	0.00182	0.00857	0.00448	0.00246	0.00838
6	0.01352	0.01404	0.05822	0.13471	0.56673	0.01353	0.08088	0.01725	0.01281	0.01808	0.01073	0.01432	0.00875	0.00517	0.00575	0.00175	0.00723	0.00520	0.00278	0.00855
7	0.01098	0.01035	0.01748	0.74524	0.07800	0.01276	0.01597	0.01477	0.01152	0.01483	0.01020	0.01519	0.00770	0.00569	0.00572	0.00190	0.00758	0.00508	0.00256	0.00650
8	0.00791	0.00545	0.00628	0.00655	0.00679	0.00530	0.00392	0.00824	0.00927	0.01219	0.02428	0.19446	0.08901	0.57014	0.02268	0.00457	0.00486	0.01028	0.00401	0.00383
9	0.01358	0.01612	0.08506	0.03362	0.10325	0.08058	0.27024	0.01684	0.01186	0.01628	0.00988	0.01380	0.00823	0.00769	0.03002	0.00223	0.26526	0.00548	0.00272	0.00726
10	0.01814	0.08976	0.03618	0.08519	0.15655	0.07938	0.06342	0.32256	0.01899	0.05708	0.01209	0.01356	0.00907	0.00601	0.00554	0.00168	0.00704	0.00493	0.00417	0.00866
11	0.01295	0.00703	0.00854	0.00748	0.01005	0.00607	0.00585	0.01492	0.01479	0.25129	0.20672	0.04116	0.36755	0.01154	0.00644	0.00185	0.00347	0.00971	0.00609	0.00649
12	0.00910	0.00650	0.00909	0.01041	0.01167	0.00649	0.00902	0.01166	0.01306	0.01699	0.03035	0.10118	0.03317	0.01591	0.00787	0.00262	0.00517	0.68926	0.00527	0.00524
13	0.01608	0.63495	0.06716	0.01094	0.01571	0.14485	0.01060	0.01811	0.01239	0.01379	0.00822	0.00952	0.00734	0.00509	0.00401	0.00130	0.00693	0.00322	0.00253	0.00728
14	0.01370	0.01312	0.02238	0.13833	0.66369	0.01347	0.01732	0.01715	0.01281	0.01813	0.01068	0.01431	0.00886	0.00518	0.00567	0.00173	0.00691	0.00509	0.00279	0.00869
15	0.00693	0.00513	0.00648	0.00756	0.00819	0.00468	0.00513	0.00801	0.01134	0.01476	0.03642	0.65819	0.17173	0.01728	0.00720	0.00225	0.00324	0.01549	0.00531	0.00468
16	0.00906	0.00628	0.00752	0.00733	0.00783	0.00659	0.00474	0.05354	0.00972	0.01318	0.01767	0.05887	0.01937	0.56884	0.18025	0.00595	0.00752	0.00795	0.00358	0.00422
17	0.01391	0.01299	0.01823	0.13665	0.02093	0.03892	0.11202	0.11994	0.12913	0.01918	0.01249	0.01583	0.01016	0.02419	0.05148	0.00251	0.24494	0.00559	0.00360	0.00730
18	0.01773	0.01160	0.01302	0.01052	0.01401	0.03145	0.00831	0.24732	0.09652	0.18981	0.04622	0.02025	0.01478	0.11383	0.04737	0.00254	0.00588	0.00587	0.00530	0.09769
19	0.01388	0.01112	0.01330	0.01078	0.05983	0.00933	0.00804	0.10977	0.01408	0.05326	0.01120	0.01257	0.00892	0.00475	0.00458	0.00105	0.00469	0.00382	0.00382	0.64122
20	0.01317	0.01200	0.01820	0.09077	0.40357	0.02442	0.03236	0.05461	0.01345	0.01904	0.01537	0.01787	0.07493	0.00604	0.00547	0.00159	0.00600	0.00549	0.05371	0.13195
21	0.01536	0.01297	0.01739	0.01632	0.15785	0.01254	0.07435	0.23214	0.04373	0.02378	0.01214	0.01418	0.00962	0.02609	0.00587	0.00152	0.00585	0.00477	0.00402	0.30951
22	0.01589	0.01286	0.01700	0.03388	0.21246	0.05096	0.05238	0.13334	0.07799	0.10048	0.02495	0.03008	0.01204	0.05440	0.00697	0.00184	0.00605	0.00549	0.00422	0.14674
23	0.06564	0.01135	0.01363	0.01315	0.11377	0.02917	0.00904	0.14094	0.03398	0.11773	0.01570	0.12663	0.01380	0.00734	0.00534	0.00154	0.00505	0.00615	0.00452	0.26555
24	0.03622	0.01457	0.01436	0.01164	0.01557	0.10016	0.00928	0.33218	0.13217	0.04211	0.03844	0.05493	0.01325	0.00711	0.00547	0.00161	0.00578	0.00557	0.00498	0.15463

[dist]
# distance from previous block
# <min> <max>
2	23

[block]
# block no. 1 follows, 41 sequences, length 7
# corresponding to MSA columns:
# 109-115
name=unknown_B
#
# <colnr> <probs for GDERKNQSTAVLIFYWHMCP>
#	G	D	E	R	K	N	Q	S	T	A	V	L	I	F	Y	W	H	M	C	P
0	0.11512	0.01378	0.07232	0.07907	0.46320	0.01307	0.05453	0.01736	0.04166	0.01899	0.01084	0.01400	0.00884	0.00600	0.00627	0.04231	0.00665	0.00493	0.00298	0.00809
1	0.01549	0.01359	0.05233	0.11874	0.50893	0.01317	0.01600	0.06903	0.01415	0.10504	0.01223	0.01478	0.00944	0.00553	0.00567	0.00174	0.00671	0.00514	0.00347	0.00884
2	0.07264	0.01048	0.01598	0.44152	0.07718	0.01196	0.01323	0.01826	0.01252	0.20592	0.01303	0.01567	0.00926	0.00624	0.00632	0.00188	0.05162	0.00511	0.00378	0.00737
3	0.13318	0.01006	0.01219	0.00966	0.01346	0.00937	0.04123	0.09618	0.01459	0.15523	0.11578	0.08612	0.01803	0.00742	0.00529	0.00155	0.00456	0.00619	0.00486	0.25505
4	0.01590	0.15378	0.17510	0.01280	0.01698	0.24336	0.01203	0.06888	0.01450	0.05080	0.07334	0.04170	0.01306	0.00856	0.04230	0.00200	0.03918	0.00504	0.00348	0.00723
5	0.09934	0.01014	0.01232	0.01032	0.01362	0.01002	0.03877	0.11677	0.07872	0.12442	0.01729	0.02496	0.01509	0.06382	0.00837	0.05653	0.00519	0.12716	0.00469	0.16245
6	0.21408	0.01321	0.06290	0.01193	0.05795	0.01261	0.00963	0.20364	0.06760	0.11067	0.03516	0.01591	0.01154	0.00643	0.00508	0.00167	0.00531	0.02677	0.00466	0.12326

[dist]
# distance from previous block
# <min> <max>
12	31

[block]
# block no. 2 follows, 41 sequences, length 144
# corresponding to MSA columns:
# 149-157,159-222,273-343
name=unknown_C
#
# <colnr> <probs for GDERKNQSTAVLIFYWHMCP>
#	G	D	E	R	K	N	Q	S	T	A	V	L	I	F	Y	W	H	M	C	P
0	0.03716	0.01130	0.01299	0.01082	0.01415	0.01189	0.00870	0.25324	0.10869	0.16171	0.02201	0.11083	0.07376	0.00921	0.00662	0.00187	0.04551	0.03616	0.00553	0.05786
1	0.14491	0.01339	0.03303	0.01159	0.01573	0.01386	0.03061	0.39536	0.02013	0.16178	0.01570	0.07148	0.01207	0.00738	0.00549	0.00178	0.00560	0.00579	0.02571	0.00862
2	0.03433	0.04700	0.14547	0.01518	0.02081	0.01307	0.22178	0.13474	0.01469	0.02116	0.01098	0.01307	0.00841	0.00519	0.00563	0.00153	0.02153	0.00479	0.00341	0.25722
3	0.08933	0.01117	0.01334	0.01095	0.03288	0.01095	0.00864	0.09976	0.13346	0.33664	0.01760	0.01663	0.01223	0.00655	0.00568	0.00165	0.02758	0.00512	0.00555	0.15428
4	0.09938	0.01032	0.01170	0.00860	0.01336	0.00848	0.00692	0.01497	0.01166	0.03761	0.01016	0.01180	0.00834	0.00459	0.00462	0.00102	0.02701	0.00346	0.00347	0.70253
5	0.01018	0.00845	0.03169	0.00891	0.01136	0.00722	0.00681	0.09038	0.01311	0.01842	0.03969	0.43881	0.02560	0.01217	0.00616	0.00179	0.00405	0.01077	0.00473	0.24971
6	0.01066	0.00533	0.00533	0.00533	0.00666	0.00533	0.00400	0.01333	0.01200	0.02132	0.01866	0.02132	0.01466	0.00666	0.00400	0.00133	0.00267	0.00533	0.83073	0.00533
7	0.01080	0.01017	0.01716	0.78523	0.03940	0.01271	0.01589	0.01461	0.01144	0.01461	0.01017	0.01525	0.00762	0.00572	0.00572	0.00191	0.00762	0.00508	0.00254	0.00635
8	0.01186	0.01017	0.01186	0.00847	0.01356	0.00762	0.00678	0.01440	0.01186	0.01864	0.01017	0.01186	0.00847	0.00424	0.00424	0.00085	0.00424	0.00339	0.00339	0.83395
9	0.00994	0.00497	0.00745	0.00745	0.00745	0.00497	0.00497	0.00745	0.00745	0.00994	0.00994	0.01739	0.00994	0.01987	0.02235	0.83358	0.00497	0.00497	0.00248	0.00248
10	0.01529	0.80242	0.02997	0.00979	0.01468	0.02263	0.00979	0.01713	0.01162	0.01346	0.00795	0.00918	0.00734	0.00489	0.00367	0.00122	0.00612	0.00306	0.00245	0.00734
11	0.01080	0.01017	0.01716	0.78523	0.03940	0.01271	0.01589	0.01461	0.01144	0.01461	0.01017	0.01525	0.00762	0.00572	0.00572	0.00191	0.00762	0.00508	0.00254	0.00635
12	0.53435	0.12933	0.07024	0.04023	0.01416	0.01384	0.00849	0.01805	0.01097	0.10195	0.00978	0.01081	0.00735	0.00546	0.00403	0.00170	0.00516	0.00354	0.00363	0.00692
13	0.01529	0.80242	0.02997	0.00979	0.01468	0.02263	0.00979	0.01713	0.01162	0.01346	0.00795	0.00918	0.00734	0.00489	0.00367	0.00122	0.00612	0.00306	0.00245	0.00734
14	0.00711	0.00504	0.00659	0.00778	0.00807	0.00474	0.00511	0.00800	0.01067	0.01422	0.03007	0.71359	0.03600	0.10208	0.00965	0.00267	0.00356	0.01540	0.00511	0.00452
15	0.00866	0.00634	0.00892	0.00968	0.01078	0.00620	0.02878	0.01071	0.01231	0.01618	0.06067	0.21580	0.04773	0.09976	0.00994	0.00281	0.00485	0.42982	0.00506	0.00501
16	0.01148	0.01077	0.01754	0.62858	0.08416	0.01298	0.03501	0.01667	0.09445	0.01602	0.01171	0.01586	0.00885	0.00588	0.00575	0.00190	0.00728	0.00528	0.00294	0.00687
17	0.01080	0.01017	0.01716	0.78523	0.03940	0.01271	0.01589	0.01461	0.01144	0.01461	0.01017	0.01525	0.00762	0.00572	0.00572	0.00191	0.00762	0.00508	0.00254	0.00635
18	0.00759	0.00530	0.00697	0.00797	0.00864	0.00492	0.00557	0.00889	0.01177	0.03159	0.09384	0.62346	0.08374	0.01682	0.00722	0.00226	0.00340	0.05974	0.00543	0.00487
19	0.13262	0.01157	0.01360	0.01062	0.01493	0.01152	0.00876	0.20824	0.03788	0.46315	0.01840	0.01671	0.01206	0.00681	0.00545	0.00176	0.00516	0.00527	0.00623	0.00924
20	0.01497	0.01266	0.01335	0.01179	0.01516	0.01457	0.00923	0.10110	0.68105	0.02513	0.02233	0.02059	0.01669	0.00767	0.00581	0.00192	0.00470	0.00634	0.00581	0.00912
21	0.00832	0.00555	0.00624	0.00624	0.00624	0.00555	0.00347	0.00832	0.00832	0.01109	0.01802	0.03743	0.02080	0.79898	0.02911	0.00555	0.00555	0.00832	0.00347	0.00347
22	0.01416	0.01359	0.02322	0.03511	0.76330	0.01359	0.01755	0.01755	0.01302	0.01869	0.01076	0.01416	0.00906	0.00510	0.00566	0.00170	0.00680	0.00510	0.00283	0.00906
23	0.02278	0.01436	0.01613	0.01237	0.01691	0.01527	0.01022	0.55445	0.02411	0.22977	0.01607	0.01525	0.01090	0.00692	0.00573	0.00173	0.00592	0.00531	0.00608	0.00973
24	0.00910	0.00661	0.00896	0.00994	0.01135	0.00656	0.00853	0.01204	0.03330	0.01785	0.11223	0.06045	0.07346	0.01506	0.00766	0.00249	0.00484	0.58880	0.00540	0.00536
25	0.01554	0.01293	0.01388	0.03741	0.01622	0.01484	0.00962	0.16530	0.59079	0.02592	0.02104	0.01970	0.01567	0.00752	0.00580	0.00190	0.00496	0.00617	0.00569	0.00909
26	0.00994	0.00497	0.00745	0.00745	0.00745	0.00497	0.00497	0.00745	0.00745	0.00994	0.00994	0.01739	0.00994	0.01987	0.02235	0.83358	0.00497	0.00497	0.00248	0.00248
27	0.00832	0.00555	0.00624	0.00624	0.00624	0.00555	0.00347	0.00832	0.00832	0.01109	0.01802	0.03743	0.02080	0.79898	0.02911	0.00555	0.00555	0.00832	0.00347	0.00347
28	0.20164	0.01002	0.01222	0.00960	0.01384	0.00936	0.00793	0.02548	0.01494	0.60688	0.01941	0.01727	0.01244	0.00670	0.00527	0.00177	0.00477	0.00518	0.00631	0.00897
29	0.01416	0.01359	0.02322	0.03511	0.76330	0.01359	0.01755	0.01755	0.01302	0.01869	0.01076	0.01416	0.00906	0.00510	0.00566	0.00170	0.00680	0.00510	0.00283	0.00906
30	0.01186	0.01017	0.01186	0.00847	0.01356	0.00762	0.00678	0.01440	0.01186	0.01864	0.01017	0.01186	0.00847	0.00424	0.00424	0.00085	0.00424	0.00339	0.00339	0.83395
31	0.01443	0.01458	0.04546	0.04633	0.49562	0.01409	0.19059	0.07286	0.01413	0.01982	0.01115	0.01440	0.00894	0.00519	0.00592	0.00176	0.00750	0.00547	0.00305	0.00871
32	0.01329	0.00699	0.00915	0.00795	0.01025	0.00625	0.00619	0.01577	0.01595	0.24372	0.47900	0.03610	0.08616	0.01038	0.00639	0.00179	0.00336	0.00897	0.02570	0.00665
33	0.00900	0.00614	0.00748	0.00702	0.00880	0.00546	0.00536	0.01124	0.01507	0.07678	0.44920	0.04564	0.29015	0.01239	0.00670	0.00186	0.00299	0.02719	0.00600	0.00553
34	0.08325	0.04235	0.01648	0.01255	0.01680	0.09205	0.01030	0.57240	0.02360	0.03191	0.01277	0.01313	0.00929	0.00658	0.00538	0.00167	0.00644	0.00479	0.02934	0.00895
35	0.02099	0.00988	0.01280	0.00960	0.01425	0.00814	0.00786	0.02331	0.01484	0.51385	0.01837	0.01689	0.01223	0.00612	0.00524	0.00146	0.00465	0.00495	0.00583	0.28874
36	0.00788	0.00577	0.00740	0.00714	0.00845	0.00528	0.00530	0.01033	0.01547	0.02158	0.63753	0.10713	0.11445	0.01246	0.00679	0.00185	0.00277	0.01099	0.00613	0.00528
37	0.02129	0.02602	0.04657	0.01445	0.01774	0.68676	0.01126	0.02303	0.01605	0.07136	0.00994	0.01108	0.00788	0.00597	0.00521	0.00151	0.00983	0.00386	0.00324	0.00694
38	0.01066	0.00533	0.00533	0.00533	0.00666	0.00533	0.00400	0.01333	0.01200	0.02132	0.01866	0.02132	0.01466	0.00666	0.00400	0.00133	0.00267	0.00533	0.83073	0.00533
39	0.02557	0.00988	0.01336	0.01025	0.01467	0.00862	0.00846	0.04452	0.01662	0.75027	0.02236	0.01934	0.01406	0.00707	0.00575	0.00177	0.00490	0.00574	0.00705	0.00973
40	0.01138	0.01067	0.01811	0.67078	0.03681	0.01283	0.07053	0.04694	0.01226	0.01584	0.01105	0.03783	0.00867	0.00606	0.00584	0.00191	0.00759	0.00554	0.00279	0.00656
41	0.01080	0.01017	0.01716	0.78523	0.03940	0.01271	0.01589	0.01461	0.01144	0.01461	0.01017	0.01525	0.00762	0.00572	0.00572	0.00191	0.00762	0.00508	0.00254	0.00635
42	0.83938	0.01106	0.00841	0.00752	0.01106	0.01283	0.00619	0.01681	0.00973	0.02566	0.00796	0.00929	0.00619	0.00531	0.00354	0.00177	0.00442	0.00310	0.00354	0.00619
43	0.00994	0.00497	0.00745	0.00745	0.00745	0.00497	0.00497	0.00745	0.00745	0.00994	0.00994	0.01739	0.00994	0.01987	0.02235	0.83358	0.00497	0.00497	0.00248	0.00248
44	0.00794	0.00645	0.00711	0.00683	0.00870	0.00594	0.00516	0.01124	0.08626	0.01879	0.29027	0.04762	0.45119	0.01289	0.00666	0.00189	0.00299	0.01095	0.00569	0.00543
45	0.02103	0.02676	0.01597	0.01453	0.01745	0.75815	0.01090	0.02250	0.01614	0.01403	0.00998	0.01135	0.02483	0.00609	0.00519	0.00148	0.01014	0.00388	0.00300	0.00659
46	0.00848	0.07091	0.00921	0.00727	0.00894	0.00671	0.00562	0.01089	0.01523	0.02092	0.58454	0.07127	0.13550	0.01172	0.00652	0.00179	0.00303	0.01019	0.00582	0.00546
47	0.01417	0.57571	0.24687	0.01170	0.01764	0.01989	0.01312	0.01742	0.01176	0.01482	0.00863	0.01003	0.00731	0.00505	0.00419	0.00140	0.00680	0.00340	0.00244	0.00767
48	0.01176	0.00880	0.01071	0.03693	0.01348	0.02643	0.00868	0.03712	0.11796	0.06516	0.07922	0.04299	0.05825	0.01157	0.00670	0.00210	0.00495	0.34787	0.00518	0.10413
49	0.01529	0.80242	0.02997	0.00979	0.01468	0.02263	0.00979	0.01713	0.01162	0.01346	0.00795	0.00918	0.00734	0.00489	0.00367	0.00122	0.00612	0.00306	0.00245	0.00734
50	0.01063	0.00875	0.00945	0.00876	0.01113	0.00914	0.00670	0.06200	0.28560	0.02086	0.14374	0.09453	0.28320	0.01140	0.00639	0.00193	0.00371	0.00965	0.00567	0.00675
51	0.00678	0.00571	0.00589	0.00603	0.00779	0.00481	0.00445	0.00818	0.01281	0.01536	0.05507	0.13563	0.68225	0.01486	0.00682	0.00197	0.00294	0.01253	0.00531	0.00481
52	0.05497	0.01009	0.01261	0.01004	0.01404	0.00957	0.00818	0.05874	0.11839	0.54547	0.02140	0.01921	0.01414	0.00706	0.00554	0.00176	0.00470	0.00569	0.06924	0.00917
53	0.01066	0.00533	0.00533	0.00533	0.00666	0.00533	0.00400	0.01333	0.01200	0.02132	0.01866	0.02132	0.01466	0.00666	0.00400	0.00133	0.00267	0.00533	0.83073	0.00533
54	0.01205	0.02878	0.73864	0.01605	0.02434	0.01309	0.02062	0.01851	0.01225	0.04854	0.01076	0.01238	0.00753	0.00550	0.00545	0.00181	0.00831	0.00429	0.00260	0.00851
55	0.02181	0.01167	0.03557	0.01081	0.01499	0.01095	0.00909	0.24087	0.01929	0.42695	0.09977	0.02010	0.01697	0.00746	0.00580	0.00175	0.00511	0.00602	0.02590	0.00912
56	0.01066	0.00533	0.00533	0.00533	0.00666	0.00533	0.00400	0.01333	0.01200	0.02132	0.01866	0.02132	0.01466	0.00666	0.00400	0.00133	0.00267	0.00533	0.83073	0.00533
57	0.78889	0.04358	0.02493	0.00779	0.01149	0.01324	0.00665	0.01685	0.00986	0.02501	0.00801	0.00934	0.00626	0.00530	0.00358	0.00175	0.00458	0.00312	0.00347	0.00629
58	0.02403	0.01147	0.01424	0.01101	0.01541	0.01110	0.00907	0.20915	0.06070	0.54033	0.02037	0.01812	0.01323	0.00706	0.00575	0.00177	0.00521	0.00564	0.00667	0.00969
59	0.01098	0.01041	0.01719	0.70410	0.03683	0.01321	0.01553	0.01452	0.01116	0.01452	0.00989	0.01496	0.00761	0.00617	0.00709	0.00197	0.08988	0.00508	0.00254	0.00634
60	0.00724	0.00518	0.00694	0.00822	0.00868	0.00488	0.00573	0.00846	0.01134	0.01512	0.05274	0.69481	0.03778	0.01751	0.00735	0.00234	0.00351	0.09211	0.00533	0.00473
61	0.00871	0.00660	0.00929	0.00936	0.01040	0.00656	0.04829	0.06479	0.01201	0.01614	0.02650	0.55112	0.03044	0.06520	0.08946	0.00317	0.00534	0.02655	0.00486	0.00520
62	0.00828	0.00553	0.00625	0.00628	0.00629	0.00552	0.00351	0.00831	0.00838	0.01118	0.01835	0.05605	0.02121	0.77979	0.02858	0.00547	0.00549	0.00851	0.00351	0.00349
63	0.02116	0.01535	0.01649	0.01275	0.01716	0.01694	0.01050	0.67258	0.05500	0.05340	0.01450	0.01444	0.01032	0.00690	0.00567	0.00171	0.00606	0.00522	0.03429	0.00955
64	0.01560	0.01159	0.01264	0.01110	0.01430	0.01294	0.00862	0.05723	0.56945	0.12197	0.02240	0.02201	0.01696	0.06771	0.00758	0.00218	0.00472	0.00646	0.00580	0.00875
65	0.01186	0.01017	0.01186	0.00847	0.01356	0.00762	0.00678	0.01440	0.01186	0.01864	0.01017	0.01186	0.00847	0.00424	0.00424	0.00085	0.00424	0.00339	0.00339	0.83395
66	0.02121	0.01405	0.01572	0.01197	0.01659	0.01462	0.00986	0.51114	0.02291	0.17462	0.01497	0.01459	0.01042	0.00656	0.00553	0.00161	0.00575	0.00504	0.00568	0.11714
67	0.02100	0.01538	0.01654	0.01289	0.01730	0.01702	0.01058	0.63744	0.11116	0.05873	0.01514	0.01481	0.01077	0.00698	0.00573	0.00174	0.00604	0.00532	0.00578	0.00965
68	0.00994	0.00497	0.00745	0.00745	0.00745	0.00497	0.00497	0.00745	0.00745	0.00994	0.00994	0.01739	0.00994	0.01987	0.02235	0.83358	0.00497	0.00497	0.00248	0.00248
69	0.01842	0.01581	0.01503	0.01298	0.03251	0.14364	0.01005	0.25251	0.32112	0.07067	0.01719	0.01658	0.01272	0.00698	0.00563	0.00175	0.00612	0.00543	0.00525	0.02959
70	0.01273	0.01294	0.02386	0.11284	0.15930	0.01297	0.32081	0.01718	0.05486	0.01785	0.01292	0.05179	0.01094	0.00624	0.00686	0.00185	0.05112	0.02322	0.00320	0.08654
71	0.01346	0.01562	0.05403	0.02445	0.08499	0.01445	0.64517	0.01813	0.01329	0.01821	0.01135	0.01515	0.00863	0.00501	0.00698	0.00192	0.03200	0.00650	0.00286	0.00780
72	0.01335	0.01650	0.08960	0.02352	0.02950	0.01438	0.68776	0.01831	0.01339	0.01831	0.01147	0.01517	0.00857	0.00487	0.00665	0.00192	0.00955	0.00656	0.00286	0.00777
73	0.00825	0.03339	0.00829	0.00719	0.00870	0.00595	0.00548	0.01083	0.01581	0.02209	0.68529	0.04243	0.10166	0.01165	0.00664	0.00179	0.00283	0.01021	0.00609	0.00542
74	0.01188	0.11250	0.69002	0.01560	0.02368	0.01429	0.01992	0.01801	0.01203	0.01761	0.01002	0.01176	0.00726	0.00538	0.00525	0.00175	0.00820	0.00410	0.00242	0.00833
75	0.01408	0.01341	0.02229	0.05083	0.68959	0.01362	0.01687	0.01846	0.06917	0.01899	0.01170	0.01473	0.00966	0.00531	0.00568	0.00172	0.00664	0.00520	0.00305	0.00900
76	0.02495	0.00971	0.01314	0.01015	0.01447	0.00849	0.00835	0.02755	0.03609	0.73022	0.03958	0.02005	0.01516	0.00720	0.00578	0.00178	0.00481	0.00588	0.00703	0.00962
77	0.08744	0.00984	0.01290	0.00998	0.01433	0.00874	0.00824	0.02704	0.01587	0.71096	0.02146	0.01870	0.01355	0.00695	0.00558	0.00177	0.00483	0.00555	0.00681	0.00947
78	0.01415	0.00835	0.01013	0.00958	0.01164	0.02979	0.00727	0.10690	0.01466	0.20716	0.02626	0.41948	0.02703	0.01327	0.00670	0.00211	0.00444	0.06866	0.00574	0.00668
79	0.00835	0.00765	0.06548	0.00789	0.00978	0.00600	0.00659	0.01135	0.01588	0.02257	0.70334	0.04040	0.05042	0.01122	0.00665	0.00180	0.00314	0.00988	0.00600	0.00563
80	0.00829	0.00553	0.00625	0.00628	0.00629	0.00552	0.00351	0.00831	0.00838	0.01117	0.01834	0.05534	0.02120	0.78053	0.02860	0.00547	0.00549	0.00851	0.00351	0.00349
81	0.02174	0.01602	0.01717	0.01316	0.01774	0.01774	0.01087	0.74423	0.02689	0.03605	0.01373	0.01373	0.00973	0.00687	0.00572	0.00172	0.00629	0.00515	0.00572	0.00973
82	0.00726	0.00537	0.00744	0.06698	0.01066	0.00526	0.00611	0.00847	0.01099	0.01460	0.02990	0.73603	0.03554	0.01699	0.00718	0.00229	0.00365	0.01541	0.00510	0.00478
83	0.01416	0.01359	0.02322	0.03511	0.76330	0.01359	0.01755	0.01755	0.01302	0.01869	0.01076	0.01416	0.00906	0.00510	0.00566	0.00170	0.00680	0.00510	0.00283	0.00906
84	0.00697	0.00498	0.00664	0.00796	0.00830	0.00465	0.00531	0.00796	0.01095	0.01460	0.03153	0.79525	0.03783	0.01792	0.00730	0.00232	0.00332	0.01626	0.00531	0.00465
85	0.03476	0.63798	0.09001	0.01081	0.01554	0.04140	0.01089	0.01710	0.01152	0.01418	0.00814	0.00970	0.00732	0.00536	0.00500	0.00139	0.06579	0.00332	0.00249	0.00730
86	0.02000	0.08070	0.01726	0.01358	0.01710	0.38639	0.01075	0.24208	0.09212	0.02164	0.01165	0.01244	0.00909	0.00644	0.00575	0.00161	0.03511	0.00440	0.00402	0.00785
87	0.80126	0.01159	0.02520	0.00785	0.01152	0.01296	0.00663	0.03471	0.01021	0.02575	0.00816	0.00946	0.00630	0.00535	0.00363	0.00177	0.00456	0.00317	0.00357	0.00633
88	0.01251	0.01251	0.01752	0.01502	0.01502	0.01752	0.01251	0.01377	0.00876	0.01377	0.00751	0.01251	0.00751	0.01001	0.01877	0.00250	0.78851	0.00501	0.00250	0.00626
89	0.01418	0.01380	0.02267	0.07668	0.70077	0.03587	0.01727	0.01754	0.01303	0.01832	0.01067	0.01411	0.00893	0.00515	0.00565	0.00170	0.00694	0.00505	0.00282	0.00884
90	0.00776	0.00581	0.00734	0.00820	0.00904	0.00555	0.00569	0.01007	0.06761	0.01577	0.05091	0.63691	0.07006	0.01630	0.00706	0.00222	0.00345	0.03126	0.00531	0.03370
91	0.00825	0.00599	0.00766	0.00846	0.00910	0.00594	0.00583	0.06400	0.01204	0.01611	0.02927	0.69719	0.03455	0.03958	0.00806	0.00237	0.02039	0.01495	0.00523	0.00503
92	0.01066	0.00533	0.00533	0.00533	0.00666	0.00533	0.00400	0.01333	0.01200	0.02132	0.01866	0.02132	0.01466	0.00666	0.00400	0.00133	0.00267	0.00533	0.83073	0.00533
93	0.01186	0.01017	0.01186	0.00847	0.01356	0.00762	0.00678	0.01440	0.01186	0.01864	0.01017	0.01186	0.00847	0.00424	0.00424	0.00085	0.00424	0.00339	0.00339	0.83395
94	0.00994	0.00497	0.00745	0.00745	0.00745	0.00497	0.00497	0.00745	0.00745	0.00994	0.00994	0.01739	0.00994	0.01987	0.02235	0.83358	0.00497	0.00497	0.00248	0.00248
95	0.00799	0.00694	0.00815	0.00944	0.09164	0.00624	0.00616	0.01032	0.04318	0.01642	0.07097	0.04906	0.60768	0.01313	0.00663	0.00192	0.00345	0.03011	0.00509	0.00550
96	0.07801	0.59050	0.10497	0.01075	0.01574	0.08936	0.01082	0.01773	0.01194	0.01492	0.00828	0.00959	0.00725	0.00507	0.00398	0.00135	0.00662	0.00324	0.00257	0.00731
97	0.02105	0.02631	0.01601	0.01447	0.01746	0.72746	0.01089	0.05180	0.01657	0.01493	0.01017	0.01148	0.02482	0.00613	0.00522	0.00149	0.00998	0.00394	0.00311	0.00672
98	0.08090	0.00931	0.01118	0.00916	0.01263	0.00884	0.00739	0.08012	0.05966	0.38082	0.12341	0.02749	0.14677	0.00884	0.00589	0.00181	0.00431	0.00723	0.00622	0.00802
99	0.01066	0.00533	0.00533	0.00533	0.00666	0.00533	0.00400	0.01333	0.01200	0.02132	0.01866	0.02132	0.01466	0.00666	0.00400	0.00133	0.00267	0.00533	0.83073	0.00533
100	0.07755	0.52775	0.17788	0.01123	0.01668	0.03788	0.01191	0.05315	0.01243	0.01645	0.00873	0.01003	0.00735	0.00516	0.00416	0.00141	0.00657	0.00342	0.00270	0.00758
101	0.01156	0.04783	0.75189	0.01615	0.02452	0.01350	0.02087	0.01809	0.01207	0.01800	0.01021	0.01201	0.00725	0.00542	0.00539	0.00180	0.00840	0.00420	0.00242	0.00843
102	0.01706	0.07424	0.06814	0.08028	0.11589	0.03945	0.01188	0.17354	0.19653	0.12525	0.01657	0.01676	0.02553	0.00665	0.00557	0.00176	0.00605	0.00540	0.00471	0.00873
103	0.00703	0.00502	0.00669	0.00792	0.00831	0.00469	0.00531	0.00811	0.01122	0.01504	0.06959	0.75594	0.03867	0.01759	0.00727	0.00230	0.00329	0.01595	0.00536	0.00469
104	0.02496	0.01046	0.01368	0.01053	0.01494	0.00954	0.00868	0.10339	0.03596	0.67159	0.02165	0.01891	0.01378	0.00707	0.00575	0.00177	0.00501	0.00571	0.00690	0.00972
105	0.01243	0.10111	0.20880	0.08525	0.02146	0.01242	0.17185	0.01617	0.01229	0.07334	0.01579	0.17088	0.01477	0.00826	0.00646	0.00192	0.03399	0.02210	0.00353	0.00718
106	0.00832	0.00555	0.00624	0.00624	0.00624	0.00555	0.00347	0.00832	0.00832	0.01109	0.01802	0.03743	0.02080	0.79898	0.02911	0.00555	0.00555	0.00832	0.00347	0.00347
107	0.01186	0.01017	0.01186	0.00847	0.01356	0.00762	0.00678	0.01440	0.01186	0.01864	0.01017	0.01186	0.00847	0.00424	0.00424	0.00085	0.00424	0.00339	0.00339	0.83395
108	0.01276	0.01050	0.01235	0.03578	0.01468	0.00866	0.00745	0.06071	0.04297	0.03718	0.01163	0.02810	0.00960	0.00493	0.00454	0.00103	0.00449	0.00399	0.00373	0.68491
109	0.01318	0.01051	0.01170	0.01088	0.01362	0.01164	0.00867	0.07215	0.44683	0.04281	0.05159	0.06305	0.06061	0.01013	0.00635	0.00206	0.00460	0.14603	0.00571	0.00786
110	0.01476	0.01100	0.01317	0.01039	0.01461	0.01035	0.03213	0.07144	0.21864	0.11557	0.05087	0.01833	0.01444	0.00638	0.00525	0.00145	0.00467	0.02171	0.00485	0.35999
111	0.01432	0.01023	0.01231	0.04069	0.01472	0.00882	0.00768	0.03923	0.09278	0.13876	0.06000	0.01619	0.01315	0.00566	0.00491	0.00124	0.00447	0.00464	0.00445	0.50575
112	0.01391	0.04441	0.06786	0.01164	0.01663	0.01021	0.10585	0.03435	0.03455	0.10305	0.04190	0.01466	0.01108	0.00535	0.00534	0.00131	0.02506	0.00459	0.00385	0.44438
113	0.04502	0.14797	0.01233	0.00838	0.01079	0.00938	0.00691	0.01427	0.03980	0.09334	0.33826	0.08183	0.08337	0.01059	0.00608	0.00182	0.00394	0.07436	0.00534	0.00623
114	0.00697	0.00498	0.00664	0.00796	0.00830	0.00465	0.00531	0.00796	0.01095	0.01460	0.03153	0.79525	0.03783	0.01792	0.00730	0.00232	0.00332	0.01626	0.00531	0.00465
115	0.00796	0.00584	0.00747	0.00716	0.00855	0.00535	0.00539	0.01049	0.01566	0.02181	0.65051	0.06346	0.12508	0.01225	0.00679	0.00185	0.00280	0.03012	0.00614	0.00532
116	0.05063	0.43426	0.22675	0.01365	0.04442	0.05667	0.06864	0.01777	0.01208	0.01582	0.00899	0.01066	0.00743	0.00511	0.00452	0.00149	0.00717	0.00376	0.00256	0.00764
117	0.08044	0.07067	0.02028	0.11842	0.15731	0.16016	0.11214	0.09434	0.01469	0.07586	0.01111	0.01332	0.00856	0.00579	0.00586	0.00172	0.03329	0.00481	0.00346	0.00775
118	0.00867	0.00663	0.00921	0.00895	0.00956	0.00777	0.00664	0.01004	0.00889	0.01269	0.01529	0.02578	0.01548	0.25982	0.47872	0.00742	0.09391	0.00665	0.00312	0.00475
119	0.01220	0.01515	0.15454	0.29005	0.25461	0.04638	0.01621	0.01607	0.01198	0.01632	0.01076	0.01477	0.00863	0.00920	0.08105	0.00253	0.02445	0.00497	0.00268	0.00745
120	0.01258	0.02226	0.47544	0.01829	0.15399	0.01210	0.03886	0.01770	0.01272	0.07481	0.01644	0.01772	0.08900	0.00645	0.00568	0.00180	0.00732	0.00541	0.00317	0.00825
121	0.02805	0.01003	0.01611	0.65936	0.03480	0.01244	0.01454	0.02930	0.01162	0.01562	0.01099	0.03118	0.00865	0.00623	0.00619	0.00190	0.04166	0.00528	0.04971	0.00632
122	0.01429	0.00997	0.01166	0.01001	0.01210	0.01104	0.00777	0.25600	0.01610	0.06049	0.04701	0.09578	0.01700	0.13734	0.07194	0.00302	0.08983	0.00705	0.11487	0.00674
123	0.01792	0.07417	0.08304	0.03091	0.01792	0.01524	0.06630	0.42161	0.02025	0.06405	0.01411	0.03549	0.01118	0.07386	0.00761	0.00204	0.00646	0.00561	0.02377	0.00845
124	0.02127	0.01159	0.01391	0.01096	0.01494	0.01164	0.00898	0.29579	0.03765	0.36066	0.11578	0.02133	0.01816	0.00780	0.00592	0.00178	0.00512	0.02126	0.00640	0.00906
125	0.00705	0.00506	0.00669	0.00786	0.00830	0.00471	0.00529	0.00818	0.01140	0.01525	0.08747	0.72083	0.05594	0.01737	0.00725	0.00227	0.00326	0.01571	0.00538	0.00471
126	0.01149	0.00728	0.00900	0.00887	0.01039	0.00716	0.00650	0.11945	0.01408	0.10128	0.04867	0.47305	0.04225	0.05419	0.00793	0.00230	0.00408	0.04155	0.02451	0.00597
127	0.03170	0.01407	0.05771	0.12757	0.06611	0.01358	0.44277	0.01658	0.01247	0.01735	0.01239	0.07403	0.01056	0.00640	0.00741	0.00198	0.07027	0.00683	0.00299	0.00724
128	0.00697	0.00499	0.00662	0.00792	0.00829	0.00465	0.00529	0.00797	0.01099	0.01462	0.03201	0.78179	0.05098	0.01786	0.00729	0.00232	0.00331	0.01618	0.00531	0.00465
129	0.01644	0.01126	0.01278	0.01081	0.01391	0.01185	0.00849	0.35287	0.06943	0.10620	0.03684	0.24762	0.03630	0.01043	0.00621	0.00190	0.00494	0.00881	0.00570	0.02723
130	0.03874	0.07012	0.01443	0.01014	0.01446	0.00995	0.00848	0.06524	0.01646	0.62536	0.05169	0.01917	0.01493	0.00706	0.00559	0.00173	0.00494	0.00566	0.00656	0.00931
131	0.00697	0.00498	0.00664	0.00796	0.00830	0.00465	0.00531	0.00796	0.01095	0.01460	0.03153	0.79525	0.03783	0.01792	0.00730	0.00232	0.00332	0.01626	0.00531	0.00465
132	0.01186	0.01017	0.01186	0.00847	0.01356	0.00762	0.00678	0.01440	0.01186	0.01864	0.01017	0.01186	0.00847	0.00424	0.00424	0.00085	0.00424	0.00339	0.00339	0.83395
133	0.00889	0.00711	0.00991	0.13780	0.01450	0.00714	0.02506	0.03122	0.01496	0.02029	0.44596	0.03979	0.15682	0.01106	0.00661	0.00188	0.00395	0.04607	0.00536	0.00563
134	0.00687	0.00580	0.00594	0.00591	0.00779	0.00487	0.00443	0.00841	0.01329	0.01605	0.11394	0.05406	0.70461	0.01426	0.00676	0.00192	0.00288	0.01193	0.00539	0.00487
135	0.02117	0.01564	0.01681	0.01292	0.01744	0.01718	0.01064	0.70764	0.02613	0.03511	0.01392	0.02699	0.01016	0.00697	0.00570	0.00170	0.00618	0.00528	0.00564	0.03679
136	0.01696	0.01246	0.01397	0.04216	0.01583	0.01278	0.00898	0.39756	0.01998	0.04628	0.03851	0.03785	0.01219	0.00663	0.00526	0.00149	0.00524	0.00523	0.08598	0.21466
137	0.02074	0.01485	0.01711	0.01509	0.09716	0.01607	0.01119	0.56541	0.04539	0.09859	0.01487	0.03154	0.01089	0.00696	0.00576	0.00174	0.00610	0.00548	0.00553	0.00953
138	0.02312	0.01051	0.01337	0.01049	0.01462	0.00993	0.00856	0.11175	0.09056	0.56670	0.04580	0.02012	0.01541	0.02392	0.00628	0.00186	0.00494	0.00596	0.00669	0.00939
139	0.00715	0.00571	0.00638	0.00659	0.00811	0.00499	0.00487	0.00873	0.01306	0.01639	0.15403	0.16975	0.48906	0.03396	0.00745	0.00210	0.00312	0.04828	0.00541	0.00487
140	0.03718	0.32163	0.31250	0.01427	0.05684	0.03563	0.04514	0.01865	0.01242	0.08175	0.01043	0.01174	0.00801	0.00534	0.00480	0.00157	0.00715	0.00402	0.00292	0.00803
141	0.01152	0.00926	0.01118	0.06869	0.01355	0.04085	0.00816	0.11252	0.06568	0.01734	0.01688	0.04466	0.04244	0.10786	0.29418	0.03758	0.05291	0.00646	0.03234	0.00594
142	0.00880	0.00635	0.00869	0.00991	0.01117	0.00625	0.00844	0.01117	0.01292	0.01673	0.03244	0.14223	0.08672	0.01593	0.00775	0.00255	0.00488	0.59663	0.00527	0.00517
143	0.01301	0.01291	0.02062	0.36502	0.32659	0.05443	0.06926	0.01697	0.03420	0.01676	0.01082	0.01474	0.00855	0.00547	0.00574	0.00180	0.00749	0.00518	0.00280	0.00763

[dist]
# distance from previous block
# <min> <max>
0	3

[block]
# block no. 3 follows, 41 sequences, length 11
# corresponding to MSA columns:
# 347-357
name=unknown_D
#
# <colnr> <probs for GDERKNQSTAVLIFYWHMCP>
#	G	D	E	R	K	N	Q	S	T	A	V	L	I	F	Y	W	H	M	C	P
0	0.14806	0.04096	0.01540	0.03614	0.01657	0.06476	0.00984	0.49083	0.02159	0.03065	0.01253	0.01320	0.00920	0.00645	0.00517	0.00167	0.00606	0.00468	0.05773	0.00851
1	0.01426	0.13465	0.01543	0.00961	0.01429	0.01182	0.00800	0.13851	0.04291	0.03776	0.01211	0.04559	0.01023	0.00556	0.00462	0.00118	0.00486	0.00435	0.00389	0.48037
2	0.01312	0.10381	0.05622	0.02039	0.02532	0.01497	0.52396	0.01712	0.01267	0.01713	0.01207	0.06500	0.01027	0.00615	0.00742	0.00192	0.07544	0.00671	0.00295	0.00737
3	0.00714	0.00511	0.00679	0.00784	0.00834	0.00476	0.00532	0.00841	0.01177	0.01590	0.14526	0.67781	0.04035	0.01695	0.00721	0.00224	0.00322	0.01534	0.00546	0.00476
4	0.01413	0.13659	0.45732	0.01444	0.04171	0.01332	0.01637	0.01894	0.01280	0.13428	0.01357	0.01735	0.01059	0.00649	0.00544	0.00179	0.00723	0.06598	0.00340	0.00824
5	0.01454	0.05564	0.21878	0.01735	0.04840	0.07705	0.22504	0.13097	0.01504	0.02023	0.01304	0.02877	0.03368	0.00617	0.00625	0.00178	0.03520	0.00555	0.02399	0.02252
6	0.00810	0.00549	0.00646	0.00667	0.00678	0.00549	0.00396	0.00837	0.00878	0.01176	0.01998	0.15488	0.02310	0.63553	0.06678	0.00524	0.00574	0.00944	0.00373	0.00374
7	0.00701	0.00510	0.00662	0.00774	0.00826	0.00470	0.00523	0.00814	0.01142	0.01513	0.07396	0.69043	0.10060	0.01728	0.00722	0.00226	0.00325	0.01558	0.00536	0.00470
8	0.10494	0.01348	0.11216	0.20905	0.13411	0.01217	0.01303	0.09530	0.02676	0.13682	0.01543	0.04668	0.04224	0.00676	0.00555	0.00182	0.00626	0.00563	0.00401	0.00782
9	0.01152	0.06049	0.25517	0.09382	0.04908	0.01256	0.20740	0.01558	0.01191	0.01655	0.01369	0.13564	0.01262	0.00794	0.00718	0.03390	0.03794	0.00688	0.00303	0.00710
10	0.01468	0.01146	0.01340	0.01132	0.04573	0.01138	0.00851	0.24077	0.04494	0.03815	0.01448	0.08252	0.01296	0.08113	0.00824	0.00187	0.04816	0.00583	0.00438	0.30007

[dist]
# distance from previous block
# <min> <max>
8	17

[block]
# block no. 4 follows, 41 sequences, length 10
# corresponding to MSA columns:
# 377-386
name=unknown_E
#
# <colnr> <probs for GDERKNQSTAVLIFYWHMCP>
#	G	D	E	R	K	N	Q	S	T	A	V	L	I	F	Y	W	H	M	C	P
0	0.11161	0.01343	0.08292	0.07200	0.02080	0.01239	0.24130	0.04041	0.10486	0.01975	0.01585	0.06473	0.04648	0.00691	0.00626	0.00185	0.03645	0.00638	0.03252	0.06310
1	0.09083	0.01009	0.01122	0.00982	0.01266	0.03457	0.04691	0.09449	0.15842	0.04112	0.06393	0.08348	0.19486	0.00994	0.00596	0.00187	0.00456	0.04582	0.04376	0.03569
2	0.03880	0.05972	0.46551	0.01868	0.17420	0.01296	0.01770	0.01758	0.01259	0.04105	0.05662	0.01587	0.01137	0.00606	0.00550	0.00178	0.00732	0.02547	0.00300	0.00821
3	0.01420	0.30664	0.05033	0.04023	0.01520	0.01527	0.02498	0.09087	0.03141	0.06566	0.01284	0.04223	0.01120	0.03633	0.13413	0.00295	0.04928	0.00505	0.02943	0.02179
4	0.01001	0.00734	0.00874	0.00875	0.01025	0.00744	0.00638	0.05234	0.14445	0.03849	0.07629	0.36584	0.08733	0.06159	0.00858	0.02796	0.00396	0.04499	0.00529	0.02399
5	0.17600	0.23468	0.12911	0.07838	0.01810	0.06275	0.05842	0.03787	0.02695	0.01854	0.05816	0.01555	0.05139	0.00624	0.00483	0.00164	0.00634	0.00476	0.00328	0.00702
6	0.11116	0.20783	0.01927	0.01382	0.06460	0.31632	0.01064	0.13666	0.01569	0.01904	0.00941	0.01079	0.00772	0.00581	0.00513	0.00153	0.03001	0.00383	0.00332	0.00740
7	0.14699	0.04372	0.21801	0.01376	0.01835	0.01279	0.12137	0.01815	0.06650	0.08538	0.05485	0.06600	0.01327	0.00725	0.00690	0.00191	0.08774	0.00588	0.00374	0.00745
8	0.05681	0.01111	0.07933	0.08506	0.01526	0.01012	0.00900	0.14547	0.01452	0.04726	0.10752	0.05665	0.01782	0.09610	0.04446	0.00246	0.02548	0.00637	0.08680	0.08241
9	0.12902	0.11499	0.23003	0.01515	0.02081	0.03494	0.18464	0.05839	0.07728	0.06430	0.01197	0.01340	0.00888	0.00559	0.00533	0.00176	0.00727	0.00484	0.00345	0.00798

[dist]
# distance from previous block
# <min> <max>
0	3

[block]
# block no. 5 follows, 41 sequences, length 6
# corresponding to MSA columns:
# 390-395
name=unknown_F
#
# <colnr> <probs for GDERKNQSTAVLIFYWHMCP>
#	G	D	E	R	K	N	Q	S	T	A	V	L	I	F	Y	W	H	M	C	P
0	0.02009	0.01083	0.01350	0.03610	0.01536	0.01078	0.00892	0.19959	0.05605	0.36705	0.01902	0.05504	0.01388	0.01128	0.08948	0.00255	0.00632	0.00604	0.00582	0.05229
1	0.04136	0.18098	0.12805	0.01615	0.13154	0.10326	0.08582	0.05439	0.01357	0.01758	0.03482	0.06939	0.08521	0.00722	0.00544	0.00168	0.00677	0.00605	0.00338	0.00733
2	0.01060	0.00675	0.00841	0.00841	0.00989	0.00645	0.00608	0.01341	0.08605	0.11271	0.06703	0.38282	0.07054	0.10457	0.00933	0.00250	0.00398	0.04907	0.00535	0.03607
3	0.00820	0.00600	0.00852	0.00852	0.00931	0.00678	0.00631	0.00978	0.00899	0.01278	0.01594	0.02589	0.01578	0.21566	0.60558	0.00836	0.01309	0.00663	0.00316	0.00473
4	0.00805	0.00596	0.00870	0.00884	0.00972	0.00676	0.00668	0.00983	0.00932	0.01326	0.01728	0.10754	0.01733	0.09532	0.63826	0.00818	0.01330	0.00739	0.00334	0.00494
5	0.01341	0.01623	0.08059	0.02430	0.07607	0.01433	0.64996	0.01826	0.01338	0.01833	0.01144	0.01513	0.00861	0.00488	0.00660	0.00191	0.00939	0.00648	0.00286	0.00785

[dist]
# distance from previous block
# <min> <max>
0	1

[block]
# block no. 6 follows, 41 sequences, length 25
# corresponding to MSA columns:
# 397-421
name=unknown_G
#
# <colnr> <probs for GDERKNQSTAVLIFYWHMCP>
#	G	D	E	R	K	N	Q	S	T	A	V	L	I	F	Y	W	H	M	C	P
0	0.02433	0.00944	0.01285	0.00995	0.01414	0.00818	0.00818	0.02658	0.01636	0.71089	0.07844	0.02123	0.01717	0.00743	0.00583	0.00177	0.00470	0.00610	0.00702	0.00941
1	0.01110	0.01164	0.03831	0.01696	0.02045	0.01094	0.39119	0.01412	0.01209	0.01646	0.01855	0.23268	0.04703	0.00992	0.00840	0.04214	0.06112	0.00926	0.00361	0.02402
2	0.01382	0.01325	0.02261	0.11062	0.69043	0.01350	0.01739	0.01726	0.01286	0.01828	0.01070	0.01427	0.00892	0.00516	0.00567	0.00172	0.00688	0.00510	0.00280	0.00879
3	0.00691	0.00521	0.00640	0.00735	0.00814	0.00470	0.00504	0.00803	0.01154	0.01484	0.03897	0.58681	0.24147	0.01695	0.00715	0.00221	0.00320	0.01508	0.00531	0.00470
4	0.00711	0.00595	0.00621	0.00623	0.00805	0.00516	0.00464	0.00909	0.03665	0.01622	0.10705	0.10169	0.63755	0.01429	0.00676	0.00195	0.00296	0.01204	0.00540	0.00499
5	0.02121	0.01551	0.01660	0.01278	0.01720	0.01714	0.01054	0.70900	0.02618	0.03534	0.01397	0.01410	0.00997	0.00686	0.00564	0.00170	0.00612	0.00516	0.04549	0.00952
6	0.00697	0.00498	0.00664	0.00796	0.00830	0.00465	0.00531	0.00796	0.01095	0.01460	0.03153	0.79525	0.03783	0.01792	0.00730	0.00232	0.00332	0.01626	0.00531	0.00465
7	0.01089	0.00576	0.00587	0.00571	0.00706	0.00583	0.00422	0.04116	0.01225	0.02100	0.01841	0.02244	0.01500	0.07574	0.00625	0.00171	0.00306	0.00558	0.72672	0.00534
8	0.83938	0.01106	0.00841	0.00752	0.01106	0.01283	0.00619	0.01681	0.00973	0.02566	0.00796	0.00929	0.00619	0.00531	0.00354	0.00177	0.00442	0.00310	0.00354	0.00619
9	0.00994	0.00497	0.00745	0.00745	0.00745	0.00497	0.00497	0.00745	0.00745	0.00994	0.00994	0.01739	0.00994	0.01987	0.02235	0.83358	0.00497	0.00497	0.00248	0.00248
10	0.01147	0.02747	0.68736	0.01701	0.06903	0.01292	0.02016	0.01773	0.01233	0.01838	0.04621	0.01367	0.00959	0.00571	0.00551	0.00180	0.00808	0.00457	0.00263	0.00834
11	0.01057	0.00873	0.01041	0.00824	0.01197	0.00689	0.00630	0.01268	0.01157	0.01749	0.03746	0.15801	0.01604	0.04992	0.02633	0.00161	0.00438	0.00629	0.00382	0.59128
12	0.01089	0.01034	0.01770	0.76025	0.03908	0.01277	0.03974	0.01474	0.01151	0.01474	0.01021	0.01526	0.00766	0.00569	0.00575	0.00191	0.00769	0.00514	0.00255	0.00640
13	0.01296	0.00919	0.01116	0.07308	0.01414	0.00944	0.00793	0.21634	0.01604	0.06890	0.04420	0.34161	0.05896	0.02989	0.00690	0.00203	0.00467	0.01023	0.00518	0.05712
14	0.00742	0.00547	0.00753	0.00920	0.04455	0.00514	0.00591	0.00868	0.01153	0.01556	0.09754	0.68857	0.03793	0.01673	0.00717	0.00224	0.00343	0.01518	0.00528	0.00493
15	0.01190	0.01030	0.01217	0.00883	0.01364	0.00817	0.00709	0.01437	0.01169	0.01837	0.01002	0.01190	0.00842	0.00455	0.00504	0.00094	0.04747	0.00348	0.00334	0.78832
16	0.00817	0.00613	0.00919	0.00919	0.01021	0.00715	0.00715	0.01021	0.00919	0.01328	0.01532	0.02247	0.01430	0.04290	0.77631	0.00919	0.01532	0.00613	0.00306	0.00511
17	0.01275	0.00749	0.00971	0.00951	0.04652	0.00698	0.00689	0.01566	0.05667	0.19726	0.24986	0.07869	0.14587	0.06642	0.00809	0.00217	0.00397	0.06311	0.00581	0.00654
18	0.00798	0.00584	0.00748	0.00707	0.00847	0.00535	0.00530	0.01056	0.01591	0.02226	0.69715	0.04383	0.11752	0.01194	0.00675	0.00181	0.00272	0.01050	0.00621	0.00535
19	0.01495	0.62861	0.11533	0.01077	0.01582	0.07001	0.01103	0.01736	0.01216	0.01442	0.03862	0.01094	0.00921	0.00530	0.00410	0.00133	0.00653	0.00353	0.00263	0.00735
20	0.04582	0.00791	0.00846	0.00748	0.00964	0.00825	0.00581	0.14706	0.01417	0.02273	0.01643	0.01975	0.01329	0.04817	0.08326	0.00238	0.00491	0.00531	0.47156	0.05760
21	0.11595	0.01696	0.19657	0.02473	0.41200	0.01354	0.01618	0.04115	0.02854	0.04169	0.01090	0.01331	0.00858	0.00552	0.00575	0.00177	0.03056	0.00469	0.00309	0.00852
22	0.01508	0.53928	0.02420	0.01055	0.02977	0.04889	0.00946	0.04703	0.11045	0.02944	0.01478	0.01517	0.07265	0.00624	0.00443	0.00143	0.00580	0.00447	0.00337	0.00750
23	0.17774	0.01270	0.06391	0.15695	0.19300	0.01261	0.09383	0.03847	0.04211	0.01954	0.03046	0.04577	0.03961	0.00679	0.00614	0.01590	0.02817	0.00569	0.00337	0.00723
24	0.04852	0.01397	0.05506	0.01237	0.01632	0.06620	0.08153	0.26984	0.01759	0.07115	0.03171	0.11821	0.01451	0.04564	0.00685	0.00189	0.00610	0.00662	0.00463	0.11129

[dist]
# distance from previous block
# <min> <max>
12	66

[block]
# block no. 7 follows, 41 sequences, length 39
# corresponding to MSA columns:
# 492-530
name=unknown_H
#
# <colnr> <probs for GDERKNQSTAVLIFYWHMCP>
#	G	D	E	R	K	N	Q	S	T	A	V	L	I	F	Y	W	H	M	C	P
0	0.08098	0.03759	0.06539	0.01642	0.02024	0.07047	0.31117	0.01598	0.01229	0.01732	0.04260	0.03630	0.06051	0.01039	0.07997	0.00261	0.10340	0.00640	0.00322	0.00677
1	0.04246	0.01010	0.01183	0.01017	0.01286	0.01096	0.00815	0.28321	0.01691	0.06164	0.05067	0.02433	0.09200	0.04227	0.27261	0.00446	0.00873	0.02489	0.00471	0.00704
2	0.01606	0.63872	0.06051	0.01101	0.01586	0.09958	0.03115	0.01816	0.01233	0.03968	0.00875	0.00995	0.00761	0.00509	0.00406	0.00131	0.00671	0.00337	0.00267	0.00741
3	0.01217	0.01042	0.01221	0.00883	0.01373	0.00826	0.00709	0.03554	0.01219	0.01898	0.01018	0.01194	0.00848	0.00451	0.00478	0.00093	0.03117	0.00350	0.00343	0.78169
