[name]
unknown

[dist]
# distance from previous block
# <min> <max>
40	150

[block]
# block no. 0 follows, 43 sequences, length 17
# corresponding to MSA columns:
# 181-197
name=unknown_A
#
# <colnr> <probs for GDERKNQSTAVLIFYWHMCP>
#	G	D	E	R	K	N	Q	S	T	A	V	L	I	F	Y	W	H	M	C	P
0	0.02679	0.05279	0.03162	0.15716	0.06910	0.01036	0.04411	0.01447	0.01165	0.05319	0.01500	0.02202	0.04333	0.02936	0.00684	0.00173	0.05893	0.10430	0.00345	0.24381
1	0.13442	0.05004	0.17664	0.04604	0.01509	0.01127	0.01024	0.11756	0.01411	0.02131	0.21280	0.02242	0.05523	0.04282	0.00701	0.00191	0.04417	0.00617	0.00413	0.00663
2	0.10117	0.04866	0.13988	0.01225	0.01678	0.03872	0.05489	0.26740	0.03352	0.05199	0.08522	0.01533	0.01278	0.00643	0.00562	0.00164	0.03029	0.00501	0.00426	0.06817
3	0.01448	0.01151	0.01408	0.14632	0.01842	0.03617	0.03377	0.24177	0.06040	0.05107	0.11147	0.05987	0.01648	0.00738	0.00594	0.00166	0.02976	0.00610	0.02785	0.10550
4	0.03091	0.07757	0.03189	0.00844	0.01029	0.04562	0.02644	0.01122	0.01147	0.01555	0.15512	0.18927	0.07305	0.18335	0.01106	0.00253	0.02891	0.00881	0.00415	0.07433
5	0.03888	0.01176	0.01328	0.01166	0.04155	0.01265	0.00884	0.43094	0.04051	0.06189	0.01847	0.22767	0.01735	0.02994	0.00648	0.00193	0.00515	0.00798	0.00528	0.00780
6	0.01483	0.01128	0.04961	0.02518	0.01424	0.01072	0.00878	0.19183	0.09326	0.12501	0.16977	0.04561	0.02046	0.00792	0.00621	0.00166	0.04147	0.02313	0.00512	0.13391
7	0.01308	0.05055	0.22014	0.06769	0.17193	0.01393	0.25842	0.04405	0.01270	0.03320	0.01057	0.01345	0.00808	0.00533	0.00642	0.00179	0.05285	0.00517	0.00279	0.00785
8	0.01294	0.39454	0.36002	0.01271	0.01857	0.01747	0.01458	0.01673	0.01121	0.01506	0.00866	0.01041	0.00708	0.00539	0.00556	0.00154	0.07405	0.00362	0.00236	0.00750
9	0.00772	0.00537	0.00675	0.00700	0.00735	0.00545	0.00454	0.00849	0.00936	0.01276	0.07751	0.20440	0.02513	0.43038	0.15889	0.00504	0.00640	0.00953	0.00389	0.00404
10	0.06157	0.04004	0.07399	0.01072	0.01494	0.01141	0.00939	0.19772	0.06111	0.35954	0.05924	0.04606	0.01469	0.00719	0.00547	0.00172	0.00515	0.00575	0.00568	0.00862
11	0.00940	0.00664	0.00766	0.03952	0.00883	0.00684	0.00483	0.08882	0.01069	0.01418	0.03678	0.08257	0.05673	0.57862	0.02190	0.00437	0.00521	0.00830	0.00382	0.00431
12	0.00671	0.00498	0.00626	0.00728	0.00792	0.00454	0.00495	0.00776	0.01102	0.01431	0.03584	0.64638	0.18857	0.01666	0.00696	0.00217	0.00313	0.01490	0.00514	0.00454
13	0.03298	0.01122	0.04296	0.33638	0.05465	0.01209	0.15810	0.03677	0.01151	0.01579	0.01267	0.10623	0.01162	0.04438	0.00817	0.00210	0.08647	0.00656	0.00300	0.00634
14	0.08947	0.33528	0.21251	0.05024	0.01854	0.10545	0.04680	0.01788	0.01201	0.05248	0.00932	0.01078	0.00738	0.00516	0.00447	0.00149	0.00699	0.00371	0.00275	0.00728
15	0.08646	0.03001	0.01393	0.01063	0.01477	0.01301	0.00872	0.32971	0.09869	0.18143	0.01519	0.01481	0.01079	0.00629	0.00510	0.00157	0.00510	0.00483	0.03491	0.11407
16	0.01180	0.00856	0.03571	0.00870	0.01086	0.02504	0.00683	0.09896	0.05161	0.11698	0.11618	0.29952	0.13346	0.01199	0.00626	0.00191	0.00398	0.01039	0.03504	0.00623

[dist]
# distance from previous block
# <min> <max>
10	25

[block]
# block no. 1 follows, 43 sequences, length 7
# corresponding to MSA columns:
# 226-232
name=unknown_B
#
# <colnr> <probs for GDERKNQSTAVLIFYWHMCP>
#	G	D	E	R	K	N	Q	S	T	A	V	L	I	F	Y	W	H	M	C	P
0	0.01577	0.20622	0.08525	0.01274	0.06496	0.21966	0.01049	0.08584	0.01426	0.04394	0.01395	0.01482	0.07624	0.00607	0.00481	0.00141	0.00672	0.00446	0.00334	0.10907
1	0.01381	0.44145	0.26593	0.01225	0.01794	0.04399	0.04899	0.01724	0.01193	0.03848	0.03561	0.01156	0.00892	0.00523	0.00446	0.00144	0.00680	0.00384	0.00267	0.00745
2	0.06677	0.00869	0.01142	0.00909	0.01268	0.00775	0.00739	0.02283	0.01546	0.57074	0.18190	0.02316	0.02159	0.00772	0.00566	0.00172	0.00424	0.00639	0.00650	0.00833
3	0.00819	0.00640	0.00847	0.07788	0.01099	0.00670	0.00626	0.01007	0.01233	0.01691	0.33768	0.07407	0.12747	0.15302	0.06330	0.00296	0.05866	0.00908	0.00466	0.00491
4	0.00954	0.00614	0.00776	0.00813	0.00923	0.00586	0.00580	0.06227	0.01226	0.08394	0.02951	0.55055	0.08164	0.05820	0.00796	0.00232	0.00372	0.04468	0.00522	0.00527
5	0.00687	0.00556	0.00613	0.00636	0.00792	0.00482	0.00477	0.00841	0.01264	0.01565	0.11871	0.15763	0.54499	0.01432	0.00670	0.00196	0.00301	0.06357	0.00523	0.00473
6	0.01665	0.01056	0.01182	0.00960	0.01286	0.01088	0.00774	0.34054	0.01912	0.15622	0.07380	0.04964	0.14166	0.00856	0.00563	0.00169	0.00456	0.00692	0.10386	0.00768

[dist]
# distance from previous block
# <min> <max>
0	12

[block]
# block no. 2 follows, 43 sequences, length 31
# corresponding to MSA columns:
# 245-275
name=unknown_C
#
# <colnr> <probs for GDERKNQSTAVLIFYWHMCP>
#	G	D	E	R	K	N	Q	S	T	A	V	L	I	F	Y	W	H	M	C	P
0	0.08821	0.30102	0.05555	0.03461	0.01501	0.08381	0.00942	0.05186	0.15145	0.08262	0.01287	0.01335	0.00998	0.00581	0.00448	0.00150	0.00568	0.00421	0.06111	0.00744
1	0.29654	0.20510	0.05836	0.01008	0.01401	0.09755	0.04471	0.01771	0.01217	0.10089	0.08489	0.01379	0.01198	0.00589	0.00442	0.00157	0.00564	0.00426	0.00365	0.00680
2	0.00800	0.00529	0.00613	0.00626	0.00630	0.00525	0.00360	0.00798	0.00827	0.01103	0.01841	0.11288	0.02131	0.68867	0.02574	0.04415	0.00512	0.00868	0.00349	0.00343
3	0.40535	0.22953	0.06214	0.06286	0.01450	0.01490	0.00876	0.02864	0.01062	0.03107	0.00878	0.01046	0.00709	0.00538	0.00446	0.00159	0.04016	0.00345	0.04375	0.00652
4	0.13148	0.33913	0.13290	0.02417	0.05240	0.03155	0.01083	0.10565	0.01309	0.01847	0.01290	0.01393	0.07031	0.00598	0.00463	0.00151	0.01640	0.00427	0.00316	0.00723
5	0.03377	0.01762	0.16139	0.08276	0.36275	0.10888	0.10012	0.03551	0.01301	0.01766	0.01015	0.01297	0.00805	0.00515	0.00546	0.00168	0.00761	0.00475	0.00275	0.00798
6	0.01585	0.06705	0.01435	0.01200	0.04362	0.03749	0.00926	0.08510	0.46640	0.11972	0.02010	0.02038	0.01530	0.00738	0.00554	0.00180	0.00496	0.03982	0.00534	0.00854
7	0.01237	0.07332	0.26280	0.04887	0.02291	0.04356	0.24896	0.01654	0.01173	0.01633	0.01030	0.03393	0.00837	0.00597	0.00739	0.00181	0.12070	0.00519	0.00264	0.04631
8	0.01303	0.01254	0.02016	0.17365	0.44802	0.04831	0.07575	0.01623	0.01259	0.03649	0.01457	0.01743	0.07489	0.00591	0.00565	0.00171	0.00674	0.00561	0.00301	0.00771
9	0.00919	0.00674	0.02626	0.00722	0.00825	0.00627	0.00504	0.05782	0.01129	0.03954	0.11852	0.13643	0.08622	0.41598	0.03841	0.00385	0.00487	0.00918	0.00431	0.00461
10	0.00692	0.00498	0.00640	0.00738	0.00785	0.00463	0.00493	0.00794	0.01087	0.01446	0.08096	0.63550	0.08678	0.08192	0.00874	0.00245	0.00332	0.01444	0.00506	0.00447
11	0.01089	0.01012	0.01679	0.74445	0.06003	0.01248	0.01528	0.03724	0.01159	0.01492	0.00997	0.01469	0.00749	0.00555	0.00554	0.00183	0.00732	0.00492	0.00257	0.00633
12	0.02651	0.01270	0.02428	0.20596	0.06461	0.01314	0.38750	0.02777	0.01211	0.01672	0.01090	0.02758	0.00880	0.02530	0.00755	0.00193	0.07199	0.00588	0.00281	0.04597
13	0.00827	0.00568	0.00668	0.00658	0.00670	0.00595	0.00401	0.00855	0.00824	0.01130	0.01685	0.03367	0.01895	0.68933	0.08715	0.00541	0.03765	0.00767	0.02771	0.00364
14	0.01046	0.00984	0.01661	0.79205	0.03814	0.01230	0.01538	0.01415	0.01107	0.01415	0.00984	0.01477	0.00738	0.00554	0.00554	0.00185	0.00738	0.00492	0.00246	0.00615
15	0.20181	0.08178	0.38074	0.01265	0.01874	0.01292	0.05168	0.01729	0.04435	0.01917	0.00987	0.01140	0.00744	0.00513	0.00466	0.00160	0.00653	0.00388	0.00287	0.10551
16	0.01346	0.02587	0.01917	0.10926	0.49417	0.06333	0.01429	0.05185	0.01272	0.01721	0.01117	0.01604	0.00983	0.08995	0.02677	0.00221	0.00693	0.00516	0.00292	0.00768
17	0.00674	0.00486	0.00638	0.00760	0.00800	0.00451	0.00509	0.00772	0.01071	0.01418	0.03186	0.76262	0.07489	0.01718	0.00704	0.00223	0.00319	0.01553	0.00514	0.00451
18	0.01891	0.07740	0.01662	0.01411	0.05185	0.43856	0.01057	0.14925	0.13455	0.01895	0.01161	0.01234	0.00915	0.00605	0.00511	0.00153	0.00798	0.00426	0.00372	0.00747
19	0.01236	0.16342	0.43487	0.01355	0.01992	0.04901	0.03449	0.01683	0.01165	0.01644	0.00937	0.01119	0.00727	0.00520	0.00540	0.00153	0.04417	0.00384	0.00253	0.13695
20	0.10162	0.10372	0.01667	0.01259	0.05747	0.04946	0.00988	0.39735	0.05375	0.08941	0.01284	0.01321	0.00946	0.00698	0.02361	0.00177	0.00607	0.00459	0.00471	0.02483
21	0.00697	0.00499	0.00650	0.00744	0.00791	0.00466	0.00500	0.00810	0.01114	0.01497	0.12561	0.63018	0.05759	0.07081	0.00844	0.00239	0.00327	0.01436	0.00514	0.00452
22	0.00783	0.00565	0.00742	0.00714	0.00840	0.00524	0.00538	0.01036	0.01530	0.02157	0.69990	0.07945	0.05061	0.01179	0.00661	0.00180	0.00275	0.04160	0.00601	0.00518
23	0.00725	0.00562	0.00662	0.00649	0.00799	0.00498	0.00486	0.00927	0.01406	0.01858	0.40937	0.08070	0.36208	0.01285	0.00659	0.00184	0.00278	0.02751	0.00562	0.00495
24	0.04838	0.23520	0.28072	0.06685	0.02013	0.04322	0.06128	0.01821	0.01207	0.11389	0.01068	0.01212	0.00799	0.00551	0.00542	0.00162	0.04189	0.00416	0.00304	0.00762
25	0.00853	0.00582	0.00758	0.00705	0.00850	0.00533	0.00532	0.01109	0.01559	0.05453	0.71303	0.04077	0.07332	0.01121	0.00649	0.00174	0.00271	0.00988	0.00610	0.00539
26	0.00719	0.00511	0.00680	0.00799	0.00845	0.00486	0.00562	0.00834	0.01077	0.01429	0.02943	0.63061	0.03473	0.07135	0.00862	0.00251	0.00366	0.13014	0.00501	0.00452
27	0.03898	0.08049	0.01865	0.30008	0.20894	0.16374	0.01368	0.08026	0.01361	0.01701	0.00979	0.01279	0.00779	0.00544	0.00519	0.00164	0.00737	0.00445	0.00289	0.00720
28	0.01235	0.01067	0.00982	0.00957	0.01118	0.16173	0.00696	0.09312	0.01386	0.06590	0.05993	0.42761	0.04398	0.03781	0.00702	0.00205	0.00501	0.01086	0.00483	0.00574
29	0.00799	0.00568	0.00715	0.00712	0.00847	0.00516	0.00535	0.01007	0.01403	0.04216	0.42738	0.16833	0.19471	0.01300	0.00667	0.00191	0.00299	0.06104	0.00570	0.00511
30	0.03391	0.01361	0.05716	0.18062	0.37220	0.02779	0.10688	0.04837	0.01268	0.02996	0.01039	0.01376	0.00828	0.00545	0.00633	0.00176	0.05512	0.00502	0.00286	0.00782

[dist]
# distance from previous block
# <min> <max>
0	1

[block]
# block no. 3 follows, 43 sequences, length 35
# corresponding to MSA columns:
# 277-311
name=unknown_D
#
# <colnr> <probs for GDERKNQSTAVLIFYWHMCP>
#	G	D	E	R	K	N	Q	S	T	A	V	L	I	F	Y	W	H	M	C	P
0	0.01606	0.03450	0.01444	0.09507	0.06502	0.28797	0.01009	0.10725	0.03376	0.05940	0.04793	0.01798	0.06451	0.03133	0.04291	0.00206	0.02720	0.00531	0.03042	0.00677
1	0.01265	0.00990	0.01172	0.00860	0.01321	0.00794	0.00690	0.02935	0.02946	0.07603	0.03243	0.01315	0.01007	0.00477	0.00468	0.00099	0.02272	0.00378	0.00371	0.69794
2	0.01339	0.10886	0.48750	0.05150	0.02261	0.04591	0.05827	0.09323	0.01345	0.04016	0.01039	0.01202	0.00756	0.00539	0.00519	0.00168	0.00773	0.00426	0.00285	0.00802
3	0.00893	0.00571	0.00781	0.00910	0.04452	0.00529	0.00598	0.01014	0.01130	0.09248	0.02954	0.65928	0.05738	0.01558	0.00682	0.00215	0.00351	0.01406	0.00520	0.00521
4	0.25714	0.00791	0.00777	0.00692	0.00935	0.00833	0.00549	0.05913	0.01270	0.10350	0.09218	0.01873	0.01536	0.00662	0.00430	0.00153	0.00352	0.00506	0.36834	0.00612
5	0.00898	0.00621	0.00778	0.00718	0.00881	0.00576	0.00545	0.04138	0.01556	0.05688	0.58711	0.06278	0.14209	0.01145	0.00646	0.00177	0.00290	0.00999	0.00596	0.00550
6	0.01351	0.01350	0.05786	0.21080	0.42455	0.01342	0.07344	0.09194	0.01362	0.01883	0.01061	0.01392	0.00839	0.00525	0.00557	0.00172	0.00701	0.00502	0.00295	0.00808
7	0.00805	0.00537	0.00604	0.00604	0.00604	0.00537	0.00336	0.00805	0.00805	0.01074	0.01745	0.03624	0.02013	0.80536	0.02819	0.00537	0.00537	0.00805	0.00336	0.00336
8	0.00805	0.00537	0.00604	0.00604	0.00604	0.00537	0.00336	0.00805	0.00805	0.01074	0.01745	0.03624	0.02013	0.80536	0.02819	0.00537	0.00537	0.00805	0.00336	0.00336
9	0.00751	0.00585	0.00748	0.00871	0.04765	0.00546	0.00588	0.00940	0.03313	0.01578	0.10778	0.41323	0.23058	0.01481	0.00680	0.00208	0.00339	0.06435	0.00512	0.00500
10	0.00962	0.00481	0.00722	0.00722	0.00722	0.00481	0.00481	0.00722	0.00722	0.00962	0.00962	0.01684	0.00962	0.01924	0.02165	0.83886	0.00481	0.00481	0.00241	0.00241
11	0.02404	0.00971	0.01293	0.00995	0.01415	0.00865	0.00820	0.07472	0.01652	0.70080	0.04569	0.01922	0.01469	0.00699	0.00560	0.00171	0.00474	0.00568	0.00674	0.00929
12	0.65397	0.01365	0.11648	0.00896	0.01315	0.01291	0.00843	0.08248	0.01123	0.02473	0.00852	0.00976	0.00645	0.00529	0.00387	0.00171	0.00499	0.00333	0.00346	0.00661
13	0.03452	0.01084	0.01798	0.67049	0.03586	0.03385	0.08948	0.01479	0.01136	0.01480	0.00989	0.01449	0.00744	0.00544	0.00556	0.00183	0.00757	0.00499	0.00253	0.00629
14	0.01307	0.01494	0.03268	0.02334	0.02894	0.01401	0.75070	0.01774	0.01307	0.01774	0.01120	0.01494	0.00840	0.00467	0.00654	0.00187	0.00934	0.00654	0.00280	0.00747
15	0.00677	0.00562	0.00592	0.00584	0.00762	0.00477	0.00438	0.00838	0.01315	0.01620	0.17787	0.05126	0.64603	0.01356	0.00654	0.00185	0.00277	0.01140	0.00531	0.00477
16	0.84448	0.01071	0.00814	0.00728	0.01071	0.01242	0.00600	0.01628	0.00943	0.02485	0.00771	0.00900	0.00600	0.00514	0.00343	0.00171	0.00428	0.00300	0.00343	0.00600
17	0.00791	0.00593	0.00890	0.00890	0.00989	0.00692	0.00692	0.00989	0.00890	0.01286	0.01483	0.02176	0.01385	0.04154	0.78341	0.00890	0.01483	0.00593	0.00297	0.00494
18	0.03361	0.01371	0.01583	0.04679	0.10748	0.06302	0.03421	0.31440	0.15455	0.05979	0.08570	0.01740	0.01461	0.00685	0.00560	0.00171	0.00582	0.00563	0.00490	0.00837
19	0.01212	0.01212	0.01696	0.01454	0.01454	0.01696	0.01212	0.01333	0.00848	0.01333	0.00727	0.01212	0.00727	0.00969	0.01818	0.00242	0.79523	0.00485	0.00242	0.00606
20	0.01485	0.01369	0.01298	0.01159	0.01470	0.10839	0.00899	0.06940	0.60306	0.02263	0.04417	0.01959	0.01641	0.00736	0.00558	0.00181	0.00511	0.00598	0.00530	0.00840
21	0.22501	0.01213	0.07902	0.02740	0.02768	0.01102	0.00894	0.08908	0.07889	0.12555	0.03462	0.04119	0.01200	0.00655	0.00519	0.00163	0.02494	0.02638	0.00430	0.15848
22	0.01724	0.01035	0.01320	0.04681	0.01524	0.00960	0.02968	0.15745	0.01599	0.27379	0.07161	0.05788	0.01497	0.00681	0.00534	0.00150	0.00483	0.00569	0.00515	0.23687
23	0.00978	0.00660	0.00803	0.00743	0.00911	0.00650	0.00565	0.01411	0.11460	0.05751	0.52833	0.03465	0.04040	0.00992	0.00599	0.00170	0.00294	0.00863	0.12225	0.00589
24	0.00794	0.00584	0.00840	0.00840	0.00922	0.00665	0.00630	0.00957	0.00875	0.01249	0.01529	0.02428	0.01494	0.17475	0.65170	0.00828	0.01318	0.00630	0.00303	0.00467
25	0.01617	0.46952	0.04779	0.01124	0.01527	0.25158	0.01010	0.01869	0.05144	0.01391	0.00994	0.01104	0.02568	0.00551	0.00452	0.00135	0.02295	0.00360	0.00275	0.00694
26	0.02255	0.01061	0.03885	0.01137	0.05140	0.00925	0.00906	0.07926	0.03759	0.60523	0.05102	0.01893	0.01461	0.00690	0.00559	0.00171	0.00493	0.00565	0.00634	0.00916
27	0.00675	0.00482	0.00643	0.00771	0.00803	0.00450	0.00514	0.00771	0.01060	0.01414	0.03053	0.80175	0.03663	0.01735	0.00707	0.00225	0.00321	0.01574	0.00514	0.00450
28	0.00937	0.00572	0.00729	0.00752	0.00881	0.00513	0.00539	0.01078	0.01233	0.12171	0.12227	0.45858	0.17489	0.01453	0.00670	0.00204	0.00327	0.01286	0.00550	0.00531
29	0.01298	0.39565	0.38164	0.01354	0.04065	0.01717	0.03591	0.01708	0.01155	0.01543	0.00893	0.01052	0.00715	0.00499	0.00450	0.00149	0.00711	0.00365	0.00238	0.00767
30	0.00881	0.00596	0.00755	0.03417	0.00970	0.00556	0.00567	0.01090	0.03499	0.07969	0.21502	0.33878	0.19505	0.01359	0.00661	0.00197	0.00328	0.01197	0.00544	0.00531
31	0.00686	0.00516	0.00628	0.00710	0.00792	0.00469	0.00494	0.00798	0.01119	0.01432	0.03758	0.49698	0.25904	0.05829	0.00806	0.00231	0.00329	0.04842	0.00504	0.00452
32	0.44340	0.01244	0.11653	0.03211	0.01334	0.01127	0.00851	0.05727	0.01182	0.04688	0.08972	0.01616	0.04768	0.00654	0.00479	0.00173	0.02451	0.00469	0.04419	0.00643
33	0.08761	0.00699	0.00775	0.08297	0.01072	0.00754	0.00560	0.04429	0.04794	0.01810	0.04015	0.02421	0.01577	0.25596	0.01183	0.00272	0.00432	0.00604	0.31435	0.00513
34	0.09764	0.37968	0.09116	0.02927	0.01549	0.17046	0.01016	0.05254	0.01270	0.01600	0.03345	0.01207	0.00919	0.04301	0.00539	0.00159	0.00669	0.00380	0.00289	0.00681

[dist]
# distance from previous block
# <min> <max>
0	12

[block]
# block no. 4 follows, 43 sequences, length 11
# corresponding to MSA columns:
# 324-334
name=unknown_E
#
# <colnr> <probs for GDERKNQSTAVLIFYWHMCP>
#	G	D	E	R	K	N	Q	S	T	A	V	L	I	F	Y	W	H	M	C	P
0	0.03859	0.02701	0.00783	0.00702	0.00871	0.00651	0.00529	0.01158	0.08045	0.01919	0.38500	0.06912	0.24573	0.05482	0.00747	0.00199	0.00314	0.00982	0.00541	0.00533
1	0.01391	0.01042	0.01220	0.00913	0.01359	0.00900	0.00736	0.08828	0.05413	0.10377	0.01342	0.01417	0.03065	0.00530	0.00500	0.00114	0.02938	0.00415	0.00405	0.57095
2	0.01192	0.15270	0.37412	0.01586	0.07974	0.03213	0.09124	0.01622	0.01188	0.01650	0.04140	0.07740	0.01154	0.00650	0.00582	0.00172	0.03763	0.00543	0.00282	0.00743
3	0.01243	0.05707	0.09967	0.11366	0.08623	0.01458	0.10924	0.05214	0.01147	0.01631	0.01058	0.01604	0.00929	0.00747	0.01019	0.00201	0.29266	0.04886	0.02322	0.00686
4	0.00760	0.00518	0.00618	0.00662	0.00674	0.00507	0.00398	0.00793	0.00894	0.01193	0.02202	0.30353	0.02589	0.53022	0.02081	0.00428	0.00462	0.01074	0.00398	0.00375
5	0.00711	0.00494	0.00649	0.00746	0.00779	0.00466	0.00494	0.00791	0.01049	0.01408	0.07715	0.62822	0.03451	0.10275	0.01007	0.04479	0.00349	0.01397	0.00487	0.00432
6	0.01200	0.01174	0.01947	0.28302	0.04194	0.04894	0.22441	0.05856	0.01282	0.01681	0.01408	0.08672	0.01277	0.00746	0.00658	0.00193	0.03774	0.07425	0.02225	0.00653
7	0.01208	0.16068	0.52152	0.01598	0.02313	0.01462	0.14260	0.01741	0.01185	0.01680	0.00977	0.01176	0.00727	0.00507	0.00518	0.00168	0.00799	0.00431	0.00242	0.00788
8	0.00656	0.00555	0.00568	0.00578	0.00752	0.00466	0.00428	0.00793	0.01246	0.01490	0.05407	0.11277	0.71041	0.01429	0.00659	0.00190	0.00284	0.01201	0.00514	0.00466
9	0.31270	0.01205	0.04670	0.26592	0.14998	0.01279	0.07076	0.03687	0.01135	0.01969	0.00938	0.01235	0.00724	0.00524	0.00483	0.00176	0.00628	0.00433	0.00297	0.00682
10	0.04583	0.25315	0.16084	0.01681	0.18759	0.08487	0.03657	0.01711	0.01241	0.04560	0.04877	0.04504	0.01120	0.00591	0.00490	0.00155	0.00658	0.00477	0.00302	0.00748

[dist]
# distance from previous block
# <min> <max>
0	1

[block]
# block no. 5 follows, 43 sequences, length 101
# corresponding to MSA columns:
# 336-436
name=unknown_F
#
# <colnr> <probs for GDERKNQSTAVLIFYWHMCP>
#	G	D	E	R	K	N	Q	S	T	A	V	L	I	F	Y	W	H	M	C	P
0	0.01473	0.59505	0.14183	0.01089	0.01586	0.05776	0.01128	0.01719	0.01157	0.03646	0.00849	0.00979	0.00730	0.00513	0.00453	0.00135	0.03768	0.00332	0.00252	0.00727
1	0.01481	0.80869	0.02902	0.00948	0.01421	0.02191	0.00948	0.01658	0.01125	0.01303	0.00770	0.00888	0.00711	0.00474	0.00355	0.00118	0.00592	0.00296	0.00237	0.00711
2	0.04360	0.01144	0.03845	0.38860	0.29810	0.01226	0.02693	0.01560	0.02808	0.01669	0.02257	0.01568	0.00939	0.00562	0.00545	0.00176	0.00670	0.01843	0.02748	0.00716
3	0.01139	0.08534	0.68566	0.01540	0.02311	0.01342	0.03852	0.01734	0.01172	0.01719	0.01022	0.01265	0.00759	0.00542	0.00522	0.00173	0.00798	0.01965	0.00241	0.00802
4	0.00800	0.00589	0.00755	0.00742	0.00871	0.00559	0.00558	0.01096	0.04966	0.02057	0.56249	0.14001	0.07488	0.01228	0.00663	0.00187	0.00294	0.05784	0.00585	0.00527
5	0.00687	0.00487	0.00639	0.00756	0.00785	0.00458	0.00498	0.00774	0.01037	0.01383	0.02933	0.73197	0.03513	0.08918	0.00899	0.00253	0.00341	0.01504	0.00498	0.00439
6	0.64840	0.01057	0.01022	0.14417	0.04856	0.01230	0.00809	0.01583	0.00997	0.02265	0.02237	0.01080	0.00722	0.00532	0.00394	0.00173	0.00489	0.00355	0.00328	0.00613
7	0.01216	0.01393	0.10996	0.31670	0.35425	0.02786	0.03831	0.01594	0.01200	0.01638	0.01097	0.01456	0.02203	0.00538	0.00552	0.00174	0.00715	0.00497	0.00264	0.00755
8	0.00690	0.00489	0.00638	0.00751	0.00780	0.00460	0.00493	0.00775	0.01030	0.01373	0.02897	0.71056	0.03467	0.11122	0.00958	0.00262	0.00347	0.01483	0.00493	0.00436
9	0.00678	0.00483	0.00642	0.00767	0.00798	0.00452	0.00510	0.00772	0.01054	0.01405	0.03020	0.78270	0.03622	0.03696	0.00759	0.00233	0.00327	0.01555	0.00510	0.00447
10	0.02048	0.02596	0.01560	0.01418	0.01704	0.76020	0.01064	0.02233	0.03790	0.01384	0.00898	0.01031	0.00743	0.00576	0.00501	0.00144	0.00982	0.00365	0.00294	0.00649
11	0.00787	0.00559	0.00716	0.00685	0.00804	0.00519	0.00504	0.01021	0.01477	0.02092	0.64816	0.07372	0.06163	0.06298	0.00787	0.00199	0.00282	0.01000	0.03413	0.00506
12	0.00683	0.00490	0.00651	0.00776	0.00816	0.00458	0.00527	0.00787	0.01074	0.01425	0.03110	0.75435	0.05417	0.01719	0.00708	0.00225	0.00328	0.04406	0.00514	0.00453
13	0.00704	0.00563	0.00630	0.00613	0.00779	0.00489	0.00460	0.00891	0.01380	0.01775	0.32959	0.04872	0.49335	0.01299	0.00654	0.00182	0.00273	0.01105	0.00551	0.00489
14	0.02969	0.01077	0.01764	0.61474	0.03405	0.01291	0.07693	0.06110	0.04177	0.01632	0.01058	0.01474	0.00794	0.00569	0.00583	0.00185	0.02299	0.00507	0.00283	0.00657
15	0.01328	0.01272	0.02171	0.13339	0.67474	0.01305	0.01679	0.01662	0.01241	0.01758	0.01034	0.01385	0.00859	0.00501	0.00549	0.00167	0.00668	0.00493	0.00270	0.00843
16	0.01005	0.00580	0.00673	0.04861	0.00887	0.00625	0.00516	0.01247	0.01102	0.01874	0.01679	0.02070	0.01373	0.04199	0.09046	0.00236	0.03804	0.00533	0.63174	0.00516
17	0.01073	0.00556	0.00560	0.00545	0.00686	0.00562	0.00413	0.04119	0.01217	0.02119	0.01788	0.02037	0.01401	0.00646	0.00394	0.00130	0.00272	0.00516	0.80433	0.00532
18	0.01115	0.01049	0.01775	0.58197	0.11680	0.01236	0.05999	0.03623	0.01173	0.01541	0.01107	0.05368	0.00911	0.00612	0.00593	0.00185	0.02352	0.00556	0.00274	0.00654
19	0.06844	0.02165	0.01549	0.01365	0.01645	0.52128	0.02809	0.09376	0.04500	0.01684	0.01006	0.03172	0.00850	0.00648	0.00627	0.00161	0.08041	0.00429	0.00329	0.00673
20	0.84448	0.01071	0.00814	0.00728	0.01071	0.01242	0.00600	0.01628	0.00943	0.02485	0.00771	0.00900	0.00600	0.00514	0.00343	0.00171	0.00428	0.00300	0.00343	0.00600
21	0.01153	0.00777	0.00978	0.05870	0.01192	0.00825	0.00706	0.13090	0.01290	0.07026	0.02043	0.26540	0.02146	0.15809	0.01183	0.05283	0.04401	0.05392	0.03742	0.00555
22	0.00943	0.00488	0.00708	0.00708	0.00708	0.00488	0.00464	0.00731	0.00731	0.00975	0.01055	0.01915	0.01087	0.11288	0.02242	0.73958	0.00488	0.00520	0.00252	0.00252
23	0.03966	0.08800	0.01696	0.01448	0.06392	0.50729	0.01069	0.10857	0.03183	0.05419	0.01009	0.01116	0.00801	0.00577	0.00497	0.00148	0.00846	0.00391	0.00339	0.00717
24	0.01036	0.01240	0.20510	0.01065	0.03178	0.00813	0.01010	0.04340	0.02596	0.06768	0.21787	0.15153	0.09642	0.01062	0.00625	0.00190	0.00478	0.07395	0.00475	0.00639
25	0.02442	0.00933	0.01272	0.00978	0.01399	0.00807	0.00807	0.02657	0.01585	0.75574	0.04060	0.01942	0.01468	0.00697	0.00559	0.00171	0.00466	0.00568	0.00684	0.00932
26	0.00678	0.00493	0.00642	0.00759	0.00807	0.00456	0.00515	0.00783	0.01083	0.01427	0.03275	0.71770	0.10090	0.01701	0.00704	0.00222	0.00322	0.03306	0.00514	0.00453
27	0.01178	0.02673	0.67034	0.01633	0.02409	0.01318	0.08724	0.05409	0.01253	0.01842	0.01022	0.01207	0.00726	0.00528	0.00539	0.00176	0.00819	0.00436	0.00254	0.00818
28	0.01121	0.04969	0.75650	0.01562	0.02371	0.01311	0.02017	0.01751	0.01168	0.01742	0.00988	0.01162	0.00702	0.00525	0.00522	0.00174	0.00812	0.00406	0.00234	0.00816
29	0.00679	0.00484	0.00641	0.00765	0.00797	0.00453	0.00508	0.00772	0.01052	0.01402	0.03008	0.77567	0.03607	0.04419	0.00779	0.00236	0.00329	0.01548	0.00508	0.00446
30	0.78792	0.01105	0.02549	0.00759	0.01116	0.01224	0.00642	0.01680	0.00977	0.05944	0.00842	0.00951	0.00638	0.00522	0.00357	0.00171	0.00439	0.00314	0.00356	0.00621
31	0.01059	0.00997	0.01684	0.76204	0.06715	0.01234	0.01544	0.01426	0.01114	0.01431	0.00987	0.01472	0.00744	0.00551	0.00553	0.00184	0.00735	0.00492	0.00247	0.00626
32	0.00675	0.00482	0.00643	0.00771	0.00803	0.00450	0.00514	0.00771	0.01060	0.01414	0.03053	0.80175	0.03663	0.01735	0.00707	0.00225	0.00321	0.01574	0.00514	0.00450
33	0.01371	0.01316	0.02248	0.03399	0.77081	0.01316	0.01700	0.01700	0.01261	0.01809	0.01042	0.01371	0.00877	0.00493	0.00548	0.00164	0.00658	0.00493	0.00274	0.00877
34	0.01517	0.75994	0.02819	0.00978	0.01440	0.06935	0.00955	0.01693	0.01153	0.01306	0.00775	0.00895	0.00711	0.00480	0.00364	0.00120	0.00618	0.00300	0.00240	0.00706
35	0.00852	0.00567	0.00651	0.00649	0.00680	0.00575	0.00396	0.03297	0.00915	0.01261	0.01833	0.09837	0.02045	0.61889	0.06276	0.00489	0.00551	0.00830	0.06024	0.00386
36	0.74566	0.01089	0.00915	0.06232	0.01294	0.01265	0.00688	0.05244	0.01036	0.02460	0.00814	0.00961	0.00626	0.00524	0.00368	0.00172	0.00459	0.00323	0.00346	0.00618
37	0.00884	0.00728	0.00908	0.00893	0.00986	0.05573	0.00674	0.01046	0.00919	0.01259	0.01466	0.02302	0.01423	0.15632	0.59949	0.00773	0.03194	0.00609	0.00301	0.00482
38	0.01214	0.01156	0.01964	0.40019	0.41688	0.01275	0.01622	0.01562	0.01187	0.01619	0.01014	0.01422	0.00810	0.00523	0.00551	0.00174	0.00697	0.00493	0.00261	0.00751
39	0.01267	0.00981	0.01161	0.00835	0.01321	0.00745	0.00670	0.01510	0.01187	0.08519	0.01091	0.01214	0.00869	0.00435	0.00423	0.00090	0.00416	0.00348	0.00360	0.76558
40	0.01973	0.01469	0.01578	0.01238	0.01650	0.01628	0.01012	0.65215	0.09249	0.03288	0.01493	0.05011	0.01135	0.00722	0.00562	0.00171	0.00581	0.00560	0.00553	0.00913
41	0.11520	0.01111	0.01724	0.34355	0.11833	0.01206	0.08931	0.05362	0.01270	0.12426	0.01165	0.01432	0.00851	0.00551	0.00532	0.00174	0.00654	0.00489	0.00345	0.04069
42	0.04933	0.01078	0.04963	0.01000	0.01333	0.01019	0.00834	0.15474	0.12763	0.23880	0.16275	0.04699	0.02132	0.03551	0.00681	0.01735	0.00465	0.01845	0.00564	0.00776
43	0.01390	0.01171	0.01239	0.01112	0.01426	0.01346	0.00866	0.02894	0.72755	0.04151	0.02319	0.02127	0.03181	0.00763	0.00565	0.00187	0.00436	0.00635	0.00566	0.00870
44	0.00791	0.00592	0.00884	0.00884	0.00981	0.00689	0.00685	0.00985	0.00888	0.01281	0.01489	0.02207	0.01398	0.05782	0.76732	0.00883	0.01463	0.00598	0.00298	0.00491
45	0.01979	0.02358	0.01486	0.01345	0.01618	0.66670	0.01016	0.02132	0.01513	0.05167	0.00985	0.01138	0.00803	0.00724	0.03500	0.00174	0.02422	0.00385	0.03939	0.00645
46	0.02221	0.00906	0.01189	0.00932	0.01313	0.00811	0.00763	0.06067	0.01585	0.61641	0.05236	0.01974	0.01518	0.00698	0.00541	0.00166	0.00444	0.00568	0.10554	0.00874
47	0.00675	0.00482	0.00643	0.00771	0.00803	0.00450	0.00514	0.00771	0.01060	0.01414	0.03053	0.80175	0.03663	0.01735	0.00707	0.00225	0.00321	0.01574	0.00514	0.00450
48	0.00716	0.00561	0.00648	0.00631	0.00787	0.00493	0.00471	0.00913	0.01402	0.01837	0.39228	0.06725	0.41042	0.01283	0.00655	0.00182	0.00272	0.01100	0.00559	0.00493
49	0.01245	0.01374	0.02890	0.11093	0.02845	0.01343	0.59908	0.01673	0.01261	0.01705	0.01196	0.03684	0.00969	0.00559	0.00686	0.00191	0.03559	0.02820	0.00288	0.00712
50	0.00986	0.00611	0.00805	0.00731	0.00897	0.00557	0.00557	0.01242	0.01570	0.11184	0.67902	0.03869	0.04767	0.01079	0.00642	0.00174	0.00286	0.00949	0.00619	0.00573
51	0.00758	0.00517	0.00618	0.00665	0.00677	0.00505	0.00401	0.00793	0.00898	0.01198	0.02221	0.31479	0.02614	0.51863	0.02050	0.00423	0.00458	0.01085	0.00401	0.00377
52	0.00914	0.00558	0.00739	0.00807	0.00893	0.00519	0.00560	0.02602	0.01154	0.10217	0.02915	0.69455	0.03340	0.01591	0.00686	0.00217	0.00345	0.01434	0.00535	0.00517
53	0.03009	0.01531	0.13659	0.13178	0.18899	0.01345	0.16791	0.12507	0.06659	0.02017	0.01241	0.04429	0.00990	0.00593	0.00572	0.00178	0.00712	0.00561	0.00337	0.00791
54	0.02188	0.00877	0.01190	0.00935	0.01311	0.00763	0.00763	0.02410	0.01582	0.64313	0.15225	0.02279	0.02045	0.00764	0.00574	0.00172	0.00435	0.00635	0.00672	0.00869
55	0.22547	0.46058	0.04973	0.02856	0.01463	0.11391	0.00930	0.01717	0.01136	0.01628	0.00795	0.00930	0.00683	0.00500	0.00381	0.00139	0.00613	0.00314	0.00270	0.00676
56	0.01195	0.01151	0.02040	0.41520	0.21269	0.01264	0.14393	0.03543	0.01226	0.01651	0.01098	0.01581	0.00871	0.00553	0.00571	0.00180	0.00733	0.02316	0.02141	0.00706
57	0.00734	0.00531	0.00686	0.00773	0.00839	0.00501	0.00536	0.03019	0.01178	0.01576	0.11425	0.63768	0.07385	0.01614	0.00695	0.00216	0.00326	0.03197	0.00526	0.00475
58	0.01394	0.62568	0.20444	0.01096	0.01650	0.01979	0.01205	0.01681	0.01136	0.01409	0.00822	0.00954	0.00709	0.00486	0.00395	0.00132	0.00645	0.00323	0.00236	0.00736
59	0.01470	0.01160	0.01276	0.01131	0.01435	0.01296	0.00910	0.24196	0.36569	0.02501	0.02142	0.07246	0.01844	0.00919	0.00604	0.00195	0.00495	0.13256	0.00548	0.00807
60	0.15233	0.00963	0.01212	0.00945	0.01360	0.00881	0.00781	0.02532	0.01485	0.65803	0.01965	0.01732	0.01251	0.00659	0.00524	0.00171	0.00465	0.00517	0.00632	0.00889
61	0.01331	0.01056	0.01165	0.01001	0.01199	0.05979	0.01956	0.23993	0.01508	0.02038	0.06726	0.02249	0.01578	0.20824	0.14772	0.00386	0.06117	0.00619	0.04885	0.00618
62	0.00750	0.00589	0.00882	0.11559	0.01295	0.00593	0.03506	0.00898	0.01076	0.01428	0.02696	0.66401	0.03155	0.01525	0.00684	0.00218	0.00402	0.01391	0.00468	0.00484
63	0.00741	0.00555	0.00688	0.00676	0.00807	0.00501	0.00499	0.00955	0.01437	0.01959	0.51776	0.13759	0.21077	0.01267	0.00660	0.00183	0.00273	0.01110	0.00577	0.00501
64	0.01112	0.01087	0.01787	0.01542	0.04888	0.01322	0.15533	0.01332	0.00968	0.01426	0.01044	0.01562	0.00952	0.01801	0.24392	0.00422	0.37400	0.00551	0.00267	0.00612
65	0.03301	0.01127	0.01819	0.35416	0.34938	0.01244	0.01487	0.03357	0.04089	0.01716	0.02834	0.01624	0.03524	0.00578	0.00552	0.00175	0.00656	0.00527	0.00297	0.00738
66	0.01111	0.02865	0.77667	0.01579	0.02397	0.01286	0.02046	0.01754	0.01169	0.01754	0.00994	0.01169	0.00702	0.00526	0.00526	0.00175	0.00818	0.00409	0.00234	0.00818
67	0.00884	0.00635	0.00881	0.01004	0.01134	0.00632	0.00876	0.01135	0.01275	0.01652	0.03024	0.06216	0.05697	0.01526	0.00761	0.00253	0.00502	0.70895	0.00510	0.00509
68	0.05040	0.01366	0.01494	0.01189	0.01556	0.01516	0.00969	0.57454	0.02243	0.04888	0.03373	0.09515	0.01317	0.00797	0.00627	0.00177	0.04484	0.00615	0.00531	0.00851
69	0.01576	0.24630	0.19793	0.01169	0.01634	0.13404	0.01157	0.04570	0.01327	0.13959	0.01360	0.10596	0.01177	0.00693	0.00500	0.00159	0.00658	0.00535	0.00362	0.00741
70	0.01637	0.05054	0.03366	0.01041	0.01358	0.01135	0.00852	0.30190	0.01777	0.16770	0.04491	0.22503	0.01894	0.01108	0.03973	0.00212	0.00537	0.00805	0.00535	0.00763
71	0.64332	0.01430	0.01001	0.00895	0.01228	0.18357	0.00714	0.03396	0.01119	0.02257	0.00802	0.00931	0.00633	0.00530	0.00382	0.00165	0.00559	0.00317	0.00335	0.00617
72	0.00799	0.00566	0.00694	0.00705	0.00723	0.00592	0.00449	0.00848	0.00883	0.01200	0.03954	0.17633	0.02288	0.53058	0.08947	0.00485	0.04499	0.00919	0.00368	0.00389
73	0.01405	0.01191	0.01439	0.10449	0.19559	0.10391	0.01069	0.10139	0.01396	0.05655	0.04603	0.03180	0.01262	0.02579	0.05615	0.00217	0.03587	0.00540	0.15027	0.00696
74	0.00869	0.00623	0.00863	0.00984	0.01107	0.00617	0.00846	0.01109	0.01264	0.01644	0.04180	0.11535	0.05255	0.01535	0.00756	0.00250	0.00486	0.65059	0.00512	0.00505
75	0.01481	0.80869	0.02902	0.00948	0.01421	0.02191	0.00948	0.01658	0.01125	0.01303	0.00770	0.00888	0.00711	0.00474	0.00355	0.00118	0.00592	0.00296	0.00237	0.00711
76	0.27442	0.01356	0.07651	0.19254	0.18562	0.07670	0.01220	0.01618	0.01138	0.01878	0.01018	0.02893	0.00852	0.00576	0.00485	0.00172	0.00629	0.02591	0.00300	0.02695
77	0.00967	0.00723	0.00921	0.06269	0.01076	0.00820	0.00633	0.06843	0.01001	0.01386	0.01511	0.02723	0.01572	0.43169	0.17682	0.00515	0.08233	0.00677	0.02812	0.00466
78	0.01356	0.01171	0.01232	0.01110	0.01420	0.01351	0.00863	0.02879	0.73863	0.02292	0.02354	0.02163	0.03919	0.00771	0.00566	0.00188	0.00434	0.00642	0.00562	0.00864
79	0.00710	0.00522	0.00671	0.00764	0.00841	0.00483	0.00549	0.00848	0.01165	0.01531	0.10121	0.52431	0.14856	0.01604	0.00702	0.00218	0.00334	0.10662	0.00522	0.00467
80	0.46717	0.01301	0.01159	0.14622	0.01712	0.10929	0.00881	0.07919	0.06563	0.02229	0.00972	0.01132	0.00745	0.00558	0.00433	0.00171	0.00570	0.00381	0.00352	0.00656
81	0.01196	0.00722	0.00787	0.04574	0.00993	0.00765	0.00562	0.14065	0.01375	0.02184	0.01671	0.02035	0.01350	0.07105	0.02262	0.00187	0.00391	0.00537	0.56660	0.00580
82	0.00804	0.00542	0.00630	0.00630	0.00640	0.00551	0.00368	0.00822	0.00813	0.01093	0.01721	0.03491	0.01956	0.73494	0.09782	0.00569	0.00624	0.00786	0.00332	0.00350
83	0.04221	0.00936	0.01210	0.00965	0.01344	0.00863	0.00785	0.02522	0.10885	0.57956	0.10313	0.02129	0.01813	0.00738	0.00563	0.00174	0.00443	0.00608	0.00653	0.00880
84	0.01024	0.00969	0.01677	0.14098	0.01945	0.01126	0.16690	0.01292	0.01006	0.01419	0.01177	0.01729	0.01035	0.02162	0.34220	0.00499	0.16499	0.00568	0.00274	0.00589
85	0.02036	0.01274	0.01479	0.01161	0.01560	0.01341	0.02387	0.42364	0.07891	0.23832	0.01726	0.05167	0.01272	0.03089	0.00632	0.00183	0.00549	0.00585	0.00578	0.00893
86	0.00680	0.00484	0.00641	0.00765	0.00795	0.00453	0.00507	0.00773	0.01050	0.01400	0.03001	0.77144	0.03598	0.04855	0.00791	0.00237	0.00330	0.01544	0.00507	0.00445
87	0.01032	0.00516	0.00516	0.00516	0.00645	0.00516	0.00387	0.01290	0.01161	0.02065	0.01807	0.02065	0.01420	0.00645	0.00387	0.00129	0.00258	0.00516	0.83611	0.00516
88	0.01334	0.01278	0.02182	0.11954	0.68814	0.01306	0.01681	0.01668	0.01244	0.01765	0.01035	0.01383	0.00862	0.00500	0.00549	0.00167	0.00667	0.00493	0.00271	0.00848
89	0.01470	0.01087	0.11926	0.01054	0.04305	0.00807	0.00912	0.04438	0.01494	0.27245	0.26172	0.02906	0.06344	0.02808	0.00653	0.00186	0.00459	0.04456	0.00550	0.00726
90	0.80355	0.01095	0.00856	0.00755	0.01103	0.01266	0.00622	0.05287	0.01025	0.02535	0.00799	0.00921	0.00617	0.00522	0.00353	0.00171	0.00437	0.00310	0.00353	0.00617
91	0.01226	0.01184	0.02060	0.36061	0.40672	0.01284	0.06353	0.01582	0.01198	0.01637	0.01022	0.01424	0.00815	0.00518	0.00557	0.00175	0.00710	0.00503	0.00262	0.00756
92	0.00956	0.00489	0.00714	0.00714	0.00727	0.00494	0.00482	0.00772	0.00759	0.01050	0.01055	0.01767	0.01031	0.03424	0.05553	0.73079	0.00514	0.00495	0.05653	0.00272
93	0.10970	0.01076	0.03165	0.49091	0.08971	0.01217	0.01331	0.06676	0.01252	0.05015	0.05223	0.01548	0.01021	0.00589	0.00534	0.00179	0.00650	0.00499	0.00320	0.00671
94	0.01211	0.24096	0.57317	0.01407	0.02132	0.01533	0.01747	0.01728	0.01157	0.01631	0.00933	0.01093	0.00704	0.00512	0.00480	0.00160	0.00757	0.00378	0.00235	0.00789
95	0.08197	0.00951	0.01252	0.00967	0.01390	0.00844	0.00799	0.02624	0.01540	0.72240	0.02086	0.01816	0.01317	0.00674	0.00542	0.00171	0.00468	0.00539	0.00662	0.00919
96	0.00678	0.00483	0.00642	0.00767	0.00799	0.00452	0.00510	0.00772	0.01054	0.01406	0.03022	0.78392	0.03625	0.03571	0.00756	0.00232	0.00326	0.01557	0.00510	0.00447
97	0.03375	0.28027	0.03428	0.02846	0.03520	0.10369	0.00976	0.10050	0.13142	0.15063	0.03177	0.01417	0.01116	0.00606	0.00481	0.00153	0.00594	0.00451	0.00418	0.00792
98	0.00720	0.00535	0.00682	0.00782	0.00870	0.00497	0.00581	0.00863	0.01154	0.01488	0.03587	0.46726	0.19652	0.01615	0.00709	0.00223	0.00356	0.17979	0.00513	0.00468
99	0.00695	0.00565	0.00622	0.00642	0.00807	0.00491	0.00493	0.00856	0.01275	0.01569	0.10919	0.10563	0.56972	0.01419	0.00671	0.00197	0.00310	0.09936	0.00522	0.00476
100	0.02875	0.18291	0.59697	0.01474	0.03726	0.01466	0.01792	0.01731	0.01158	0.01680	0.00946	0.01112	0.00705	0.00515	0.00489	0.00164	0.00762	0.00386	0.00238	0.00794

[dist]
# distance from previous block
# <min> <max>
0	1

[block]
# block no. 6 follows, 43 sequences, length 126
# corresponding to MSA columns:
# 438-563
name=unknown_G
#
# <colnr> <probs for GDERKNQSTAVLIFYWHMCP>
#	G	D	E	R	K	N	Q	S	T	A	V	L	I	F	Y	W	H	M	C	P
0	0.01418	0.01380	0.04278	0.13065	0.45958	0.08054	0.02684	0.01797	0.04829	0.06011	0.04325	0.01526	0.01087	0.00559	0.00551	0.00168	0.00671	0.00512	0.00321	0.00806
1	0.01124	0.02771	0.72572	0.01630	0.02431	0.01294	0.07046	0.01755	0.01179	0.01755	0.01003	0.01192	0.00711	0.00522	0.00535	0.00176	0.00826	0.00426	0.00237	0.00814
2	0.03403	0.33121	0.36510	0.02906	0.05753	0.06471	0.01493	0.01733	0.01175	0.01567	0.00895	0.01058	0.00713	0.00507	0.00455	0.00151	0.00722	0.00365	0.00243	0.00759
3	0.00806	0.00536	0.00607	0.00609	0.00616	0.00534	0.00346	0.00820	0.00838	0.01131	0.03684	0.05605	0.02127	0.74940	0.02662	0.00512	0.00519	0.00825	0.01939	0.00347
4	0.01099	0.00878	0.01162	0.03289	0.15323	0.02724	0.00846	0.01558	0.12700	0.05879	0.38975	0.05564	0.05869	0.00933	0.00611	0.00176	0.00406	0.00823	0.00520	0.00665
5	0.01038	0.00867	0.01031	0.00809	0.01194	0.00671	0.00623	0.01249	0.01128	0.01714	0.01466	0.19550	0.01482	0.00719	0.00479	0.00115	0.00389	0.00618	0.00371	0.64485
6	0.01511	0.73284	0.02762	0.00982	0.01439	0.06616	0.00952	0.01739	0.03980	0.01344	0.00831	0.00939	0.00748	0.00490	0.00372	0.00122	0.00610	0.00312	0.00252	0.00713
7	0.01378	0.01190	0.01252	0.01127	0.01440	0.01378	0.00877	0.02943	0.76081	0.02317	0.02254	0.02066	0.01691	0.00751	0.00564	0.00188	0.00438	0.00626	0.00564	0.00877
8	0.00886	0.00636	0.00820	0.00809	0.03486	0.00600	0.00578	0.01197	0.05287	0.04808	0.60150	0.03927	0.09874	0.03647	0.00711	0.00187	0.00302	0.00955	0.00583	0.00558
9	0.00715	0.00520	0.00640	0.00712	0.00775	0.00485	0.00484	0.00818	0.01085	0.01419	0.07295	0.43736	0.16053	0.17235	0.01116	0.00279	0.00364	0.05347	0.00484	0.00438
10	0.00844	0.00577	0.00809	0.00809	0.00914	0.00654	0.00626	0.01054	0.00949	0.01455	0.01554	0.02152	0.01392	0.03391	0.61400	0.00725	0.01217	0.00577	0.18403	0.00499
11	0.01517	0.01454	0.01318	0.01183	0.01495	0.14921	0.00915	0.04584	0.61174	0.02176	0.01986	0.01860	0.01500	0.00717	0.00552	0.00179	0.00541	0.00576	0.00514	0.00837
12	0.01462	0.01520	0.02242	0.13857	0.31702	0.14455	0.18839	0.01789	0.01304	0.04254	0.01053	0.01366	0.00834	0.00526	0.00593	0.00171	0.02473	0.00510	0.00287	0.00764
13	0.00875	0.00625	0.00872	0.00999	0.01119	0.00622	0.00861	0.01117	0.01257	0.01637	0.02942	0.12325	0.03226	0.01547	0.00760	0.00253	0.00494	0.67453	0.00510	0.00505
14	0.00661	0.00559	0.00572	0.00574	0.00753	0.00470	0.00428	0.00806	0.01271	0.01528	0.08908	0.07496	0.71288	0.01400	0.00656	0.00188	0.00281	0.01173	0.00519	0.00470
15	0.06305	0.01484	0.01593	0.01226	0.01663	0.01630	0.01013	0.66407	0.02448	0.08638	0.01361	0.01347	0.00955	0.00659	0.00544	0.00167	0.00591	0.00493	0.00553	0.00925
16	0.82310	0.01068	0.00826	0.00735	0.01080	0.01231	0.00605	0.01656	0.00959	0.04441	0.00808	0.00925	0.00620	0.00519	0.00348	0.00171	0.00430	0.00307	0.00352	0.00609
17	0.00675	0.00482	0.00643	0.00771	0.00803	0.00450	0.00514	0.00771	0.01060	0.01414	0.03053	0.80175	0.03663	0.01735	0.00707	0.00225	0.00321	0.01574	0.00514	0.00450
18	0.00968	0.00526	0.00579	0.00612	0.00727	0.00522	0.00466	0.01204	0.01162	0.01928	0.02110	0.12979	0.01934	0.00898	0.00476	0.00157	0.00297	0.09533	0.62415	0.00507
19	0.01144	0.02819	0.75847	0.01564	0.02374	0.01275	0.02017	0.01776	0.01179	0.03557	0.01022	0.01186	0.00718	0.00530	0.00527	0.00175	0.00810	0.00413	0.00245	0.00821
20	0.15581	0.00963	0.01210	0.00944	0.01359	0.00882	0.00780	0.02528	0.01482	0.65484	0.01959	0.01728	0.01248	0.00658	0.00523	0.00171	0.00464	0.00516	0.00631	0.00888
21	0.02105	0.01551	0.01662	0.01274	0.01717	0.01717	0.01053	0.75235	0.02604	0.03490	0.01330	0.01330	0.00942	0.00665	0.00554	0.00166	0.00609	0.00499	0.00554	0.00942
22	0.00786	0.00574	0.00758	0.05075	0.01011	0.00574	0.00596	0.04597	0.01123	0.01495	0.02711	0.62210	0.03173	0.07971	0.02522	0.00260	0.00406	0.03199	0.00482	0.00477
23	0.00798	0.00534	0.00606	0.00613	0.00615	0.00532	0.00346	0.00803	0.00820	0.01093	0.01819	0.07937	0.02106	0.76097	0.02700	0.00519	0.00525	0.00849	0.00346	0.00342
24	0.01221	0.17029	0.60674	0.01457	0.02189	0.04899	0.01803	0.01757	0.01179	0.01654	0.00947	0.01111	0.00704	0.00519	0.00494	0.00164	0.00785	0.00386	0.00237	0.00791
25	0.01106	0.02779	0.74246	0.01570	0.02366	0.01268	0.03394	0.01736	0.01182	0.01766	0.02974	0.01253	0.00822	0.00541	0.00532	0.00176	0.00806	0.00429	0.00245	0.00809
26	0.02485	0.00943	0.01285	0.00985	0.01414	0.00814	0.00814	0.02699	0.01585	0.77465	0.02185	0.01885	0.01371	0.00685	0.00557	0.00171	0.00471	0.00557	0.00685	0.00943
27	0.00858	0.00626	0.00845	0.00954	0.01090	0.00613	0.00824	0.01097	0.01273	0.01634	0.03318	0.06115	0.13809	0.01512	0.00749	0.00245	0.00477	0.62946	0.00511	0.00504
28	0.01685	0.28303	0.16066	0.01281	0.01778	0.15665	0.03401	0.21914	0.01624	0.02008	0.00990	0.01099	0.00777	0.00553	0.00476	0.00148	0.00722	0.00394	0.00333	0.00782
29	0.00780	0.00536	0.00606	0.00615	0.00639	0.00523	0.00362	0.00807	0.00888	0.01168	0.03917	0.09824	0.09600	0.64747	0.02391	0.00470	0.00488	0.00906	0.00373	0.00362
30	0.00675	0.00482	0.00643	0.00771	0.00803	0.00450	0.00514	0.00771	0.01060	0.01414	0.03053	0.80175	0.03663	0.01735	0.00707	0.00225	0.00321	0.01574	0.00514	0.00450
31	0.03229	0.13818	0.01804	0.01349	0.01561	0.35852	0.01095	0.02926	0.01240	0.01394	0.00801	0.01064	0.00719	0.00704	0.00964	0.00177	0.29996	0.00396	0.00267	0.00643
