[name]
unknown

[dist]
# distance from previous block
# <min> <max>
0	24

[block]
# block no. 0 follows, 38 sequences, length 37
# corresponding to MSA columns:
# 583-619
name=unknown_A
#
# <colnr> <probs for GDERKNQSTAVLIFYWHMCP>
#	G	D	E	R	K	N	Q	S	T	A	V	L	I	F	Y	W	H	M	C	P
0	0.15131	0.01517	0.18879	0.01279	0.01711	0.01156	0.05957	0.03638	0.11808	0.06920	0.01974	0.12405	0.01822	0.00964	0.00624	0.00213	0.00611	0.12175	0.00458	0.00758
1	0.02908	0.12135	0.33455	0.01350	0.01982	0.01345	0.03963	0.04883	0.03403	0.12024	0.04444	0.01765	0.05433	0.00669	0.00558	0.00174	0.00686	0.00534	0.00392	0.07897
2	0.01297	0.17341	0.47150	0.01494	0.02183	0.05350	0.03680	0.01799	0.01275	0.01755	0.01248	0.08773	0.01087	0.00687	0.00555	0.00180	0.00793	0.00547	0.00291	0.02514
3	0.01358	0.17483	0.52310	0.01593	0.02360	0.01579	0.06169	0.01967	0.03817	0.04374	0.01133	0.01294	0.00836	0.00571	0.00547	0.00180	0.00822	0.00451	0.00287	0.00869
4	0.01171	0.01362	0.12411	0.13441	0.07806	0.01179	0.11459	0.01751	0.13261	0.01835	0.01928	0.19960	0.01854	0.03099	0.00760	0.00223	0.02554	0.02802	0.00409	0.00735
5	0.00847	0.00612	0.00824	0.00954	0.01051	0.00589	0.00752	0.01039	0.01280	0.01671	0.03437	0.38668	0.08451	0.01752	0.00795	0.00257	0.00446	0.35497	0.00556	0.00522
6	0.01408	0.01663	0.06019	0.02469	0.03064	0.01529	0.67645	0.01908	0.01395	0.01908	0.01196	0.01598	0.00903	0.00531	0.00754	0.00205	0.04003	0.00693	0.00301	0.00808
7	0.03538	0.08524	0.09636	0.01815	0.04744	0.11907	0.25146	0.09220	0.01494	0.01948	0.01358	0.04182	0.03546	0.02412	0.00790	0.00200	0.07806	0.00613	0.00343	0.00778
8	0.00737	0.00527	0.00702	0.00835	0.00873	0.00491	0.00559	0.00848	0.01171	0.01566	0.05793	0.75901	0.04038	0.01862	0.00766	0.00242	0.00347	0.01689	0.00562	0.00491
9	0.01136	0.01069	0.01804	0.77412	0.04143	0.01337	0.01671	0.01537	0.01203	0.01537	0.01069	0.01604	0.00802	0.00601	0.00601	0.00200	0.00802	0.00535	0.00267	0.00668
10	0.02102	0.01545	0.01666	0.01307	0.01731	0.01701	0.01060	0.64167	0.02606	0.03492	0.01598	0.06873	0.01290	0.05095	0.00748	0.00207	0.00636	0.00640	0.00586	0.00950
11	0.01403	0.01342	0.02287	0.21544	0.57922	0.01407	0.01804	0.01771	0.01329	0.01862	0.01116	0.01517	0.00916	0.00552	0.00597	0.00184	0.00736	0.00536	0.00290	0.00884
12	0.02699	0.01024	0.01396	0.01070	0.01536	0.00884	0.00884	0.02932	0.01722	0.75522	0.02373	0.02048	0.01489	0.00745	0.00605	0.00186	0.00512	0.00605	0.00745	0.01024
13	0.01616	0.01428	0.01459	0.01385	0.05635	0.07541	0.01021	0.04733	0.60021	0.04900	0.02227	0.02083	0.01671	0.00780	0.00605	0.00198	0.00544	0.00643	0.00575	0.00936
14	0.05743	0.04488	0.60616	0.01756	0.02572	0.01432	0.11328	0.01898	0.01275	0.01941	0.01079	0.01293	0.00776	0.00561	0.00575	0.00191	0.00877	0.00470	0.00267	0.00863
15	0.00738	0.00526	0.00697	0.00831	0.00865	0.00492	0.00552	0.00839	0.01142	0.01523	0.03266	0.75873	0.03916	0.04563	0.00848	0.00256	0.00357	0.01681	0.00552	0.00484
16	0.00807	0.00574	0.00727	0.00822	0.00871	0.00550	0.00546	0.03287	0.01170	0.01556	0.03097	0.62506	0.05292	0.13839	0.01119	0.00294	0.00395	0.01530	0.00530	0.00488
17	0.00770	0.00577	0.00751	0.00850	0.00895	0.00569	0.00582	0.00875	0.01143	0.01519	0.03334	0.64370	0.09584	0.05771	0.00947	0.00259	0.04610	0.01566	0.00532	0.00493
18	0.01196	0.01130	0.01912	0.64926	0.16163	0.01352	0.01700	0.01589	0.01231	0.01610	0.01080	0.01584	0.00827	0.00590	0.00600	0.00197	0.00787	0.00535	0.00272	0.00716
19	0.01273	0.07031	0.60333	0.01985	0.13841	0.01456	0.02098	0.01890	0.01283	0.01888	0.01074	0.01287	0.00792	0.00563	0.00565	0.00185	0.00848	0.00452	0.00261	0.00893
20	0.01321	0.23030	0.53692	0.01569	0.02348	0.01660	0.04840	0.01879	0.01264	0.01777	0.01021	0.01205	0.00771	0.00554	0.00529	0.00175	0.00830	0.00423	0.00257	0.00855
21	0.01023	0.00534	0.00786	0.00786	0.00793	0.00540	0.00526	0.00807	0.00800	0.01074	0.01134	0.01997	0.01146	0.07228	0.06786	0.72340	0.00591	0.00553	0.00272	0.00284
22	0.01576	0.01906	0.14017	0.13261	0.28013	0.15934	0.06344	0.03024	0.01435	0.04864	0.01274	0.01542	0.02925	0.00604	0.00593	0.00182	0.00826	0.00527	0.00319	0.00834
23	0.04601	0.21799	0.41572	0.01483	0.02178	0.01613	0.05590	0.01904	0.01270	0.05886	0.01079	0.01245	0.00814	0.00574	0.00567	0.00174	0.03212	0.00432	0.00293	0.03714
24	0.01947	0.01363	0.01542	0.01238	0.01621	0.01499	0.01011	0.49415	0.02274	0.07993	0.01563	0.01723	0.01182	0.01586	0.17874	0.00359	0.00854	0.00570	0.03488	0.00896
25	0.00804	0.00655	0.00698	0.00671	0.00873	0.00576	0.00507	0.03912	0.01497	0.01871	0.19490	0.05353	0.58114	0.01432	0.00706	0.00199	0.00315	0.01203	0.00581	0.00541
26	0.05035	0.07125	0.09093	0.02164	0.18591	0.05821	0.21497	0.04454	0.01443	0.11533	0.01338	0.04006	0.01054	0.00632	0.00655	0.00188	0.03557	0.00591	0.00373	0.00853
27	0.01281	0.00783	0.00983	0.00918	0.01126	0.00764	0.00691	0.01747	0.13827	0.16119	0.29428	0.23615	0.03769	0.01244	0.00689	0.00206	0.00377	0.01095	0.00641	0.00698
28	0.00904	0.00630	0.00897	0.00897	0.01010	0.00719	0.00695	0.01131	0.01017	0.01542	0.01672	0.02343	0.01510	0.03857	0.63405	0.00825	0.01383	0.00630	0.14392	0.00541
29	0.02027	0.01534	0.01643	0.01321	0.01754	0.01714	0.01071	0.47393	0.27126	0.05217	0.01812	0.01733	0.01313	0.00755	0.00605	0.00189	0.00595	0.00591	0.00609	0.00999
30	0.01319	0.01762	0.17257	0.13877	0.08149	0.01522	0.29085	0.01766	0.01259	0.01774	0.01080	0.01482	0.00845	0.00640	0.00896	0.00210	0.15430	0.00583	0.00280	0.00786
31	0.00803	0.00579	0.00708	0.00750	0.00810	0.00568	0.00497	0.00892	0.01053	0.01387	0.02970	0.26178	0.14644	0.31797	0.13206	0.00478	0.00625	0.01154	0.00448	0.00452
32	0.00723	0.00607	0.00627	0.00627	0.00821	0.00512	0.00469	0.00884	0.01391	0.01685	0.11438	0.07692	0.67447	0.01510	0.00712	0.00203	0.00304	0.01267	0.00567	0.00512
33	0.03422	0.23714	0.02105	0.01266	0.01723	0.10352	0.01078	0.34878	0.08582	0.05308	0.01327	0.01354	0.01008	0.00658	0.00531	0.00165	0.00679	0.00473	0.00473	0.00902
34	0.07334	0.00603	0.00746	0.00838	0.00928	0.00578	0.00579	0.01020	0.01179	0.05439	0.03167	0.65909	0.06034	0.01709	0.00726	0.00235	0.00365	0.01529	0.00553	0.00530
35	0.01415	0.00717	0.00785	0.00708	0.00918	0.00717	0.00551	0.07521	0.01442	0.11899	0.01962	0.02155	0.01491	0.00829	0.02864	0.00176	0.00384	0.00568	0.62239	0.00659
36	0.04660	0.06842	0.02405	0.15661	0.02586	0.01611	0.25537	0.11143	0.07473	0.02066	0.01231	0.01551	0.00959	0.00738	0.02399	0.00218	0.11190	0.00585	0.00356	0.00789

[dist]
# distance from previous block
# <min> <max>
0	23

[block]
# block no. 1 follows, 38 sequences, length 66
# corresponding to MSA columns:
# 643-708
name=unknown_B
#
# <colnr> <probs for GDERKNQSTAVLIFYWHMCP>
#	G	D	E	R	K	N	Q	S	T	A	V	L	I	F	Y	W	H	M	C	P
0	0.05380	0.09081	0.02379	0.03083	0.57418	0.01560	0.01650	0.05667	0.01399	0.02023	0.01092	0.01404	0.00918	0.00566	0.00621	0.00178	0.03852	0.00505	0.00312	0.00913
1	0.00871	0.11984	0.01063	0.00853	0.00971	0.00772	0.00625	0.01006	0.01218	0.01602	0.09683	0.58645	0.05277	0.01616	0.00706	0.00221	0.00385	0.01440	0.00524	0.00538
2	0.01344	0.01364	0.02231	0.27143	0.19092	0.04571	0.13569	0.01680	0.01231	0.01673	0.01049	0.01508	0.00862	0.00735	0.02142	0.00220	0.17993	0.00558	0.00282	0.00753
3	0.01398	0.01336	0.02277	0.22701	0.56809	0.01405	0.01801	0.01767	0.01327	0.01855	0.01115	0.01519	0.00914	0.00553	0.00597	0.00184	0.00737	0.00536	0.00290	0.00880
4	0.01910	0.01428	0.01553	0.01255	0.01645	0.01570	0.01011	0.50991	0.11385	0.03293	0.08429	0.09168	0.01830	0.00891	0.00629	0.00190	0.00575	0.00720	0.00604	0.00922
5	0.00743	0.00531	0.00710	0.00849	0.00889	0.00498	0.00576	0.00856	0.01162	0.01547	0.03310	0.75329	0.03956	0.01875	0.00771	0.00246	0.00358	0.04745	0.00558	0.00491
6	0.01121	0.00561	0.00561	0.00561	0.00701	0.00561	0.00421	0.01402	0.01262	0.02243	0.01962	0.02243	0.01542	0.00701	0.00421	0.00140	0.00280	0.00561	0.82198	0.00561
7	0.00967	0.00706	0.00862	0.00895	0.01015	0.00697	0.00637	0.11377	0.01455	0.01940	0.08968	0.56354	0.08534	0.01638	0.00735	0.00228	0.00386	0.01460	0.00573	0.00574
8	0.02588	0.01112	0.01440	0.01114	0.01574	0.01027	0.00917	0.10747	0.05777	0.63577	0.02274	0.01991	0.01456	0.00746	0.00605	0.00186	0.00527	0.00602	0.00721	0.01020
9	0.00761	0.00538	0.00703	0.00814	0.00847	0.00515	0.00536	0.00854	0.01099	0.01471	0.03014	0.63213	0.03584	0.14313	0.04448	0.00330	0.00442	0.01530	0.00517	0.00471
10	0.01982	0.01203	0.01329	0.01062	0.01430	0.01269	0.00863	0.37415	0.02124	0.16013	0.01777	0.01810	0.01274	0.00719	0.00544	0.00168	0.00512	0.00559	0.27074	0.00873
11	0.02112	0.02641	0.01725	0.01554	0.01819	0.65590	0.01185	0.02263	0.01591	0.01469	0.00909	0.01119	0.00777	0.00683	0.00751	0.00171	0.12240	0.00408	0.00303	0.00692
12	0.01148	0.01093	0.01881	0.74135	0.04100	0.01345	0.04789	0.01554	0.01212	0.01554	0.01076	0.01605	0.00807	0.00597	0.00606	0.00201	0.00811	0.00542	0.00269	0.00675
13	0.02699	0.01024	0.01396	0.01070	0.01536	0.00884	0.00884	0.02932	0.01722	0.75522	0.02373	0.02048	0.01489	0.00745	0.00605	0.00186	0.00512	0.00605	0.00745	0.01024
14	0.01278	0.16611	0.62866	0.01593	0.02416	0.01571	0.02011	0.01887	0.01262	0.01818	0.01036	0.01216	0.00764	0.00561	0.00539	0.00180	0.00845	0.00423	0.00255	0.00868
15	0.07038	0.01031	0.01368	0.01055	0.01516	0.00909	0.00872	0.02869	0.01684	0.71593	0.02290	0.01990	0.01444	0.00735	0.00592	0.00186	0.00509	0.00590	0.00724	0.01004
16	0.03774	0.01102	0.01794	0.66776	0.05576	0.01382	0.01613	0.01544	0.01178	0.01577	0.01040	0.01557	0.00800	0.00636	0.00710	0.00205	0.07266	0.00527	0.00271	0.00674
17	0.01893	0.01080	0.01287	0.01070	0.01387	0.01095	0.00833	0.24361	0.03617	0.25761	0.02141	0.14544	0.01860	0.12814	0.03180	0.00277	0.00574	0.00808	0.00597	0.00822
18	0.01356	0.01390	0.01894	0.54276	0.15457	0.12280	0.01626	0.01714	0.01303	0.01598	0.01059	0.01509	0.00823	0.00593	0.00592	0.00190	0.00829	0.00513	0.00279	0.00719
19	0.00947	0.00689	0.00854	0.00916	0.01015	0.00688	0.00642	0.09842	0.03452	0.01843	0.03059	0.66752	0.03552	0.01710	0.00743	0.00235	0.00391	0.01536	0.00565	0.00568
20	0.15216	0.01243	0.02016	0.40779	0.08021	0.01412	0.14763	0.04602	0.01285	0.01927	0.01071	0.01480	0.00816	0.00587	0.00611	0.00198	0.02408	0.00532	0.00308	0.00725
21	0.01542	0.62198	0.10434	0.01126	0.01640	0.02166	0.01151	0.04035	0.01262	0.01546	0.00991	0.01147	0.02109	0.00667	0.02368	0.00165	0.04025	0.00375	0.00275	0.00777
22	0.01155	0.00692	0.00870	0.00834	0.00928	0.00697	0.00568	0.02739	0.01111	0.12152	0.02207	0.20101	0.02354	0.39752	0.07646	0.00457	0.03764	0.00984	0.00461	0.00527
23	0.01791	0.09166	0.04810	0.01157	0.01558	0.06411	0.00981	0.10357	0.08894	0.19475	0.06218	0.05807	0.01571	0.00778	0.00666	0.00174	0.06053	0.00601	0.00508	0.13023
24	0.22261	0.04946	0.15635	0.01586	0.05038	0.04076	0.18511	0.06741	0.01384	0.05674	0.01254	0.04527	0.00997	0.00628	0.00552	0.00187	0.00719	0.00546	0.03951	0.00786
25	0.10591	0.01037	0.01346	0.01043	0.01499	0.00930	0.00861	0.02818	0.01653	0.68375	0.02223	0.01943	0.01407	0.00726	0.00582	0.00186	0.00507	0.00578	0.00708	0.00987
26	0.00755	0.00539	0.00723	0.00863	0.00907	0.00507	0.00596	0.00875	0.01173	0.01560	0.03304	0.71835	0.03931	0.01864	0.00774	0.00247	0.00368	0.08125	0.00558	0.00495
27	0.01542	0.01629	0.14542	0.14194	0.19464	0.03084	0.15458	0.02018	0.04370	0.12581	0.01441	0.03220	0.01105	0.00638	0.00623	0.00193	0.00775	0.01890	0.00375	0.00857
28	0.01608	0.79220	0.03152	0.01029	0.01544	0.02380	0.01029	0.01801	0.01222	0.01415	0.00836	0.00965	0.00772	0.00515	0.00386	0.00129	0.00643	0.00322	0.00257	0.00772
29	0.01106	0.00559	0.00566	0.00572	0.00708	0.00558	0.00426	0.01380	0.01257	0.02215	0.02016	0.05238	0.01638	0.00747	0.00434	0.00144	0.00283	0.00606	0.78990	0.00558
30	0.01682	0.55359	0.11801	0.01205	0.01734	0.13013	0.01200	0.05029	0.01369	0.01588	0.00906	0.01041	0.00782	0.00546	0.00441	0.00142	0.00739	0.00356	0.00280	0.00787
31	0.02959	0.06132	0.28204	0.13529	0.02647	0.01421	0.16354	0.01962	0.01325	0.12519	0.01257	0.01489	0.00906	0.00618	0.00692	0.00196	0.06084	0.00533	0.00341	0.00832
32	0.02565	0.00992	0.01351	0.01052	0.01490	0.00859	0.00862	0.02794	0.01699	0.70376	0.04628	0.05125	0.01715	0.00804	0.00615	0.00189	0.00499	0.00663	0.00735	0.00989
33	0.00959	0.00693	0.00859	0.00917	0.01017	0.00689	0.00644	0.11352	0.01396	0.01864	0.03043	0.67259	0.03549	0.01716	0.00744	0.00235	0.00395	0.01540	0.00565	0.00566
34	0.01596	0.09454	0.23201	0.06798	0.10484	0.01435	0.18819	0.02087	0.03371	0.14920	0.01361	0.01535	0.00981	0.00586	0.00598	0.00186	0.00792	0.00547	0.00369	0.00877
35	0.01025	0.00663	0.00760	0.00733	0.00943	0.00573	0.00556	0.01191	0.01399	0.12396	0.08068	0.13575	0.47786	0.03553	0.00771	0.00218	0.00358	0.04266	0.00585	0.00581
36	0.05758	0.33001	0.43119	0.01395	0.02109	0.01782	0.01668	0.01857	0.01238	0.01755	0.00971	0.01134	0.00760	0.00548	0.00488	0.00166	0.00769	0.00390	0.00262	0.00830
37	0.03363	0.04912	0.01668	0.01450	0.08754	0.22576	0.01048	0.13218	0.01684	0.10145	0.01224	0.01327	0.00941	0.00585	0.00526	0.00145	0.00703	0.00437	0.00415	0.24880
38	0.01870	0.01244	0.01401	0.01184	0.01565	0.01347	0.00942	0.12068	0.43265	0.21002	0.05706	0.02198	0.01825	0.00806	0.00614	0.00196	0.00500	0.00663	0.00646	0.00961
39	0.01316	0.01316	0.01843	0.01579	0.01579	0.01843	0.01316	0.01448	0.00921	0.01448	0.00790	0.01316	0.00790	0.01053	0.01974	0.00263	0.77757	0.00526	0.00263	0.00658
40	0.01002	0.00719	0.00828	0.00771	0.00887	0.00687	0.00501	0.05913	0.01109	0.01524	0.01983	0.15876	0.02219	0.49181	0.02128	0.00427	0.00529	0.00917	0.00412	0.12386
41	0.09813	0.01373	0.02217	0.05633	0.62102	0.01394	0.01677	0.01876	0.01345	0.05263	0.01154	0.01465	0.00941	0.00550	0.00574	0.00180	0.00683	0.00518	0.00324	0.00916
42	0.01868	0.01266	0.01413	0.01203	0.01587	0.01384	0.00955	0.10044	0.49358	0.20437	0.02331	0.02117	0.01671	0.00789	0.00609	0.00197	0.00503	0.00648	0.00643	0.00977
43	0.00739	0.00528	0.00705	0.00845	0.00882	0.00494	0.00569	0.00848	0.01158	0.01543	0.03312	0.76613	0.03965	0.01879	0.00769	0.00245	0.00354	0.03502	0.00558	0.00490
44	0.00767	0.00558	0.00725	0.00808	0.00885	0.00516	0.00565	0.00925	0.01312	0.01767	0.21213	0.52517	0.09830	0.01688	0.00751	0.00228	0.00335	0.03514	0.00584	0.00512
45	0.01337	0.00768	0.00791	0.00713	0.00916	0.00802	0.00554	0.14650	0.01551	0.02529	0.01867	0.02095	0.01446	0.00705	0.00454	0.00148	0.00351	0.00557	0.67120	0.00646
46	0.01489	0.01429	0.02442	0.03692	0.75106	0.01429	0.01846	0.01846	0.01370	0.01965	0.01132	0.01489	0.00953	0.00536	0.00596	0.00179	0.00715	0.00536	0.00298	0.00953
47	0.78769	0.01156	0.00912	0.00806	0.01183	0.01324	0.00664	0.01831	0.01061	0.06629	0.00921	0.01035	0.00697	0.00568	0.00385	0.00186	0.00468	0.00341	0.00392	0.00672
48	0.01608	0.01383	0.02288	0.03318	0.64403	0.01379	0.01709	0.02017	0.04825	0.09229	0.01316	0.01579	0.01047	0.00570	0.00597	0.00181	0.00683	0.00550	0.00357	0.00960
49	0.00747	0.00607	0.00663	0.00663	0.00842	0.00523	0.00496	0.00928	0.01431	0.01793	0.20684	0.09482	0.54773	0.01483	0.00716	0.00204	0.00307	0.02557	0.00581	0.00521
50	0.00808	0.00574	0.00749	0.00860	0.00914	0.00550	0.00583	0.04006	0.01217	0.01623	0.03181	0.73307	0.03781	0.01838	0.00797	0.02152	0.00367	0.01631	0.00553	0.00507
51	0.00773	0.00577	0.00807	0.08373	0.01194	0.00572	0.00668	0.00906	0.01157	0.01536	0.03095	0.70903	0.03666	0.01758	0.00751	0.00240	0.00394	0.01595	0.00530	0.00506
52	0.22641	0.11243	0.04777	0.01109	0.01504	0.13910	0.00946	0.20059	0.01684	0.02502	0.03083	0.01454	0.02608	0.00659	0.00490	0.00168	0.00631	0.00461	0.09307	0.00764
53	0.00751	0.00557	0.00772	0.00874	0.00932	0.00518	0.02526	0.00868	0.01169	0.01550	0.03380	0.73183	0.07004	0.01831	0.00764	0.00241	0.00365	0.01664	0.00552	0.00498
54	0.19630	0.19326	0.01863	0.01247	0.01639	0.33563	0.01019	0.11735	0.01603	0.02040	0.00959	0.01084	0.00781	0.00597	0.00479	0.00159	0.00795	0.00380	0.00351	0.00748
55	0.01213	0.01176	0.02048	0.58143	0.12435	0.01387	0.08446	0.01607	0.01231	0.01621	0.01078	0.01579	0.00830	0.00604	0.00671	0.00201	0.04187	0.00551	0.00274	0.00716
56	0.00859	0.00645	0.00967	0.00967	0.01074	0.00752	0.00752	0.01074	0.00967	0.01396	0.01611	0.02363	0.01504	0.04512	0.76474	0.00967	0.01611	0.00645	0.00322	0.00537
57	0.11555	0.01462	0.01553	0.02863	0.01714	0.04774	0.01011	0.39029	0.04397	0.21232	0.01616	0.01612	0.01133	0.02544	0.00632	0.00192	0.00616	0.00538	0.00586	0.00941
58	0.01400	0.01058	0.04493	0.04134	0.01502	0.02731	0.03130	0.13973	0.01593	0.11435	0.04116	0.29972	0.02608	0.01291	0.00726	0.00223	0.01883	0.12480	0.00548	0.00705
59	0.02699	0.01024	0.01396	0.01070	0.01536	0.00884	0.00884	0.02932	0.01722	0.75522	0.02373	0.02048	0.01489	0.00745	0.00605	0.00186	0.00512	0.00605	0.00745	0.01024
60	0.01318	0.00820	0.01013	0.00977	0.01160	0.00811	0.00718	0.15051	0.01557	0.12734	0.02818	0.52523	0.03048	0.01495	0.00712	0.00224	0.00433	0.01324	0.00594	0.00669
61	0.01447	0.37460	0.31247	0.01378	0.02008	0.03990	0.04629	0.03107	0.01286	0.01707	0.01006	0.01186	0.00811	0.00564	0.00521	0.00161	0.02648	0.00407	0.03626	0.00810
62	0.01121	0.00561	0.00561	0.00561	0.00701	0.00561	0.00421	0.01402	0.01262	0.02243	0.01962	0.02243	0.01542	0.00701	0.00421	0.00140	0.00280	0.00561	0.82198	0.00561
63	0.00867	0.00580	0.00658	0.00666	0.00668	0.00578	0.00375	0.00873	0.00890	0.01186	0.01972	0.07958	0.02284	0.74705	0.02938	0.00565	0.00571	0.00920	0.00375	0.00371
64	0.01428	0.01414	0.02337	0.21683	0.49257	0.04489	0.07069	0.01799	0.01346	0.01837	0.01114	0.01511	0.00905	0.00553	0.00603	0.00185	0.00774	0.00543	0.00291	0.00862
65	0.01689	0.01233	0.04604	0.08762	0.11784	0.01194	0.05218	0.04596	0.19755	0.21429	0.02274	0.06300	0.06815	0.00818	0.00626	0.00196	0.00582	0.00713	0.00533	0.00879

[dist]
# distance from previous block
# <min> <max>
7	13

[block]
# block no. 2 follows, 38 sequences, length 53
# corresponding to MSA columns:
# 722-733,736-755,760-780
name=unknown_C
#
# <colnr> <probs for GDERKNQSTAVLIFYWHMCP>
#	G	D	E	R	K	N	Q	S	T	A	V	L	I	F	Y	W	H	M	C	P
0	0.03393	0.23287	0.49540	0.01446	0.02173	0.01606	0.01756	0.01824	0.01279	0.01827	0.05766	0.01389	0.01079	0.00598	0.00526	0.00174	0.00773	0.00450	0.00284	0.00831
1	0.04390	0.01467	0.12233	0.01197	0.01606	0.02716	0.01081	0.16609	0.19072	0.09330	0.04982	0.04404	0.08513	0.03177	0.00699	0.00211	0.00573	0.06365	0.00539	0.00834
2	0.00981	0.00612	0.00807	0.00825	0.00949	0.00560	0.00593	0.01167	0.01423	0.09545	0.29932	0.40861	0.06408	0.01512	0.00728	0.00217	0.00340	0.01351	0.00616	0.00574
3	0.01795	0.05662	0.03734	0.18002	0.02371	0.36104	0.04378	0.05822	0.11415	0.01773	0.01202	0.01400	0.00943	0.00645	0.00596	0.00177	0.02390	0.00482	0.00351	0.00755
4	0.50590	0.01473	0.14845	0.03547	0.04722	0.01266	0.01029	0.01777	0.01171	0.05722	0.06083	0.03205	0.01150	0.00647	0.00469	0.00189	0.00552	0.00461	0.00385	0.00716
5	0.00834	0.00602	0.00852	0.00888	0.00960	0.00655	0.00646	0.00979	0.00998	0.01394	0.02076	0.22382	0.02224	0.13264	0.45318	0.02977	0.01121	0.00948	0.00388	0.00495
6	0.00889	0.00617	0.00782	0.00850	0.00953	0.00581	0.00609	0.03601	0.01311	0.04331	0.08539	0.50437	0.12543	0.03924	0.00817	0.00244	0.00381	0.07487	0.00568	0.00537
7	0.01254	0.11756	0.59940	0.01661	0.02460	0.01496	0.06594	0.01864	0.01263	0.01831	0.01080	0.01297	0.00800	0.00704	0.03320	0.00212	0.00895	0.00455	0.00260	0.00858
8	0.01393	0.01358	0.02396	0.22198	0.49707	0.01415	0.09179	0.01776	0.01333	0.01853	0.01125	0.01532	0.00911	0.00550	0.00609	0.00187	0.00768	0.00554	0.00291	0.00866
9	0.01282	0.00681	0.00708	0.00661	0.00845	0.00693	0.00507	0.06263	0.03862	0.05661	0.01963	0.02181	0.01515	0.00708	0.00447	0.00147	0.00323	0.00565	0.70361	0.00625
10	0.01391	0.01329	0.02265	0.24168	0.55396	0.01404	0.01797	0.01760	0.01323	0.01846	0.01114	0.01521	0.00911	0.00554	0.00597	0.00185	0.00739	0.00536	0.00289	0.00874
11	0.01427	0.01338	0.02225	0.24900	0.50870	0.01425	0.01760	0.05365	0.01395	0.01934	0.01129	0.01520	0.00913	0.00564	0.00598	0.00185	0.00737	0.00536	0.00304	0.00874
12	0.00754	0.00535	0.00704	0.00832	0.00867	0.00504	0.00556	0.00856	0.01136	0.01513	0.03187	0.69354	0.03804	0.08593	0.00970	0.00275	0.00377	0.04161	0.00541	0.00480
13	0.01287	0.06489	0.67083	0.01736	0.05267	0.01426	0.02108	0.01933	0.01287	0.04390	0.01114	0.01291	0.00794	0.00573	0.00565	0.00187	0.00858	0.00448	0.00273	0.00891
14	0.01265	0.00763	0.00957	0.00884	0.01020	0.00784	0.00630	0.04014	0.04350	0.14264	0.05383	0.13162	0.02266	0.33401	0.10328	0.00450	0.04126	0.00887	0.00479	0.00586
15	0.01113	0.01114	0.02206	0.05168	0.02192	0.01062	0.37194	0.01446	0.01305	0.01751	0.02146	0.31548	0.02253	0.01116	0.00735	0.00223	0.00719	0.05628	0.00417	0.00664
16	0.04554	0.01549	0.01705	0.01310	0.01786	0.01670	0.01082	0.58200	0.02575	0.17017	0.01600	0.01543	0.01099	0.00722	0.00596	0.00182	0.00629	0.00547	0.00622	0.01013
17	0.01224	0.01159	0.01963	0.59106	0.21765	0.01360	0.01714	0.01614	0.01244	0.01643	0.01085	0.01575	0.00839	0.00585	0.00600	0.00195	0.00780	0.00535	0.00275	0.00739
18	0.01624	0.01356	0.01432	0.01250	0.01613	0.01556	0.00983	0.14473	0.62535	0.02722	0.02286	0.02115	0.01705	0.00801	0.00610	0.00200	0.00506	0.00658	0.00610	0.00964
19	0.83108	0.01163	0.00884	0.00791	0.01163	0.01350	0.00651	0.01768	0.01024	0.02699	0.00838	0.00977	0.00651	0.00558	0.00372	0.00186	0.00465	0.00326	0.00372	0.00651
20	0.05150	0.01205	0.01345	0.01081	0.01469	0.06593	0.00874	0.15882	0.01880	0.38792	0.13134	0.02208	0.01963	0.00797	0.00598	0.00181	0.00534	0.00639	0.04784	0.00893
21	0.00837	0.00577	0.00706	0.00735	0.00767	0.00572	0.00463	0.00908	0.01035	0.01404	0.09785	0.22002	0.02932	0.46283	0.07980	0.00490	0.00575	0.01082	0.00439	0.00429
22	0.01608	0.79220	0.03152	0.01029	0.01544	0.02380	0.01029	0.01801	0.01222	0.01415	0.00836	0.00965	0.00772	0.00515	0.00386	0.00129	0.00643	0.00322	0.00257	0.00772
23	0.00748	0.00547	0.00689	0.00784	0.00850	0.00504	0.00530	0.00865	0.01205	0.01585	0.08641	0.56854	0.14885	0.07205	0.00917	0.00258	0.00354	0.01540	0.00552	0.00488
24	0.02287	0.01685	0.01805	0.01384	0.01866	0.01866	0.01143	0.73100	0.02828	0.03791	0.01444	0.01444	0.01023	0.00722	0.00602	0.00181	0.00662	0.00542	0.00602	0.01023
25	0.01575	0.57075	0.18319	0.01215	0.01792	0.08111	0.01291	0.01871	0.01271	0.01523	0.00895	0.01039	0.00770	0.00535	0.00438	0.00144	0.00730	0.00353	0.00261	0.00791
26	0.01045	0.00522	0.00784	0.00784	0.00784	0.00522	0.00522	0.00784	0.00784	0.01045	0.01045	0.01829	0.01045	0.02090	0.02351	0.82497	0.00522	0.00522	0.00261	0.00261
27	0.00813	0.00611	0.00752	0.00723	0.00876	0.00550	0.00540	0.01058	0.01603	0.02189	0.55425	0.07179	0.22824	0.01324	0.00712	0.00194	0.00291	0.01153	0.00633	0.00550
28	0.00920	0.00685	0.00888	0.00922	0.01032	0.00675	0.02113	0.06661	0.04727	0.01886	0.12919	0.57167	0.03819	0.01626	0.00738	0.00229	0.00384	0.01465	0.00573	0.00569
29	0.05823	0.02235	0.01656	0.01410	0.01789	0.43320	0.01099	0.21349	0.01978	0.11873	0.01253	0.01303	0.00930	0.00661	0.00559	0.00167	0.00870	0.00455	0.00448	0.00825
30	0.64029	0.01246	0.02820	0.04752	0.13642	0.01363	0.00931	0.01774	0.01095	0.02507	0.00902	0.01097	0.00711	0.00557	0.00424	0.00186	0.00531	0.00373	0.00353	0.00708
31	0.00880	0.00579	0.00660	0.00670	0.00684	0.00579	0.00390	0.00910	0.00920	0.01265	0.01991	0.08920	0.02254	0.66926	0.04471	0.00541	0.00572	0.00907	0.05490	0.00389
32	0.04075	0.01232	0.03641	0.43352	0.05656	0.01337	0.08548	0.09710	0.01484	0.09607	0.04583	0.01733	0.01128	0.00644	0.00609	0.00195	0.00742	0.00576	0.00380	0.00769
33	0.75017	0.01225	0.03640	0.00842	0.01239	0.01322	0.00723	0.01847	0.01077	0.07299	0.00944	0.01056	0.00709	0.00571	0.00394	0.00186	0.00484	0.00348	0.00392	0.00684
34	0.01485	0.01561	0.04249	0.07492	0.52711	0.09693	0.04256	0.01822	0.01396	0.01857	0.01471	0.01765	0.06331	0.00621	0.00602	0.00180	0.00747	0.00577	0.00315	0.00868
35	0.01395	0.00921	0.01063	0.00893	0.01194	0.00871	0.00688	0.12220	0.03469	0.09224	0.03867	0.10968	0.03768	0.07105	0.03623	0.00221	0.00488	0.00709	0.16654	0.20658
36	0.01219	0.01039	0.01217	0.00888	0.01395	0.00785	0.00704	0.01477	0.01242	0.01937	0.01193	0.05515	0.01062	0.00525	0.00463	0.00098	0.00440	0.00431	0.00368	0.78001
37	0.01289	0.18699	0.60875	0.01574	0.02387	0.01598	0.01978	0.01884	0.01260	0.01805	0.01030	0.01208	0.00764	0.00560	0.00534	0.00178	0.00839	0.00419	0.00255	0.00865
38	0.00766	0.00559	0.00733	0.00841	0.00908	0.00509	0.00568	0.00881	0.01158	0.01563	0.03171	0.73481	0.03779	0.01792	0.00747	0.00234	0.00355	0.01623	0.00545	0.05785
39	0.06363	0.01035	0.01362	0.01053	0.01506	0.00921	0.00869	0.04457	0.01704	0.68791	0.02271	0.01989	0.01441	0.00734	0.00590	0.00185	0.00508	0.00590	0.02637	0.00996
40	0.01207	0.03112	0.75741	0.01715	0.02604	0.01397	0.02223	0.01905	0.01270	0.01905	0.01080	0.01270	0.00762	0.00572	0.00572	0.00191	0.00889	0.00445	0.00254	0.00889
41	0.00886	0.00663	0.00934	0.00921	0.00996	0.00765	0.00684	0.01044	0.00942	0.01342	0.01640	0.02700	0.01637	0.22764	0.54505	0.00836	0.05213	0.00696	0.00330	0.00500
42	0.00772	0.00632	0.00685	0.00675	0.00862	0.00557	0.00505	0.01009	0.04081	0.01832	0.21436	0.08517	0.53424	0.01447	0.00710	0.00202	0.00308	0.01226	0.00584	0.00537
43	0.83108	0.01163	0.00884	0.00791	0.01163	0.01350	0.00651	0.01768	0.01024	0.02699	0.00838	0.00977	0.00651	0.00558	0.00372	0.00186	0.00465	0.00326	0.00372	0.00651
44	0.01906	0.01267	0.01422	0.01079	0.01562	0.04547	0.00873	0.17993	0.01749	0.22106	0.01546	0.03153	0.01142	0.00627	0.00535	0.00142	0.00539	0.00495	0.00518	0.36799
45	0.00842	0.00618	0.00747	0.00720	0.00884	0.00551	0.00538	0.01071	0.01562	0.03827	0.46245	0.09058	0.28429	0.01353	0.00711	0.00197	0.00300	0.01172	0.00624	0.00554
46	0.01253	0.04373	0.53976	0.01881	0.04453	0.01410	0.16601	0.01873	0.01315	0.01910	0.02883	0.01544	0.00975	0.00597	0.00606	0.00193	0.00883	0.02138	0.00282	0.00857
47	0.00743	0.00611	0.00654	0.00643	0.00832	0.00521	0.00482	0.00925	0.01447	0.01804	0.21715	0.05495	0.59129	0.01457	0.00711	0.00200	0.00300	0.01228	0.00582	0.00521
48	0.01367	0.01320	0.02186	0.33022	0.36630	0.03286	0.06264	0.03339	0.01348	0.01816	0.01167	0.01668	0.00951	0.00596	0.00610	0.00191	0.00773	0.02352	0.00300	0.00815
49	0.01321	0.01258	0.02138	0.38865	0.41248	0.01385	0.01762	0.01699	0.01290	0.01761	0.01102	0.01544	0.00881	0.00567	0.00598	0.00189	0.00756	0.00535	0.00283	0.00817
50	0.02287	0.01685	0.01805	0.01384	0.01866	0.01866	0.01143	0.73100	0.02828	0.03791	0.01444	0.01444	0.01023	0.00722	0.00602	0.00181	0.00662	0.00542	0.00602	0.01023
51	0.09547	0.06401	0.43258	0.01518	0.05472	0.01337	0.01656	0.02008	0.03936	0.11078	0.01278	0.01413	0.00926	0.00762	0.03835	0.00216	0.00780	0.00464	0.00348	0.03766
52	0.01046	0.00969	0.00946	0.03773	0.01173	0.09186	0.00695	0.01262	0.04369	0.03602	0.04162	0.12139	0.42044	0.04334	0.00886	0.00221	0.07057	0.01069	0.00494	0.00573

[dist]
# distance from previous block
# <min> <max>
1	3

[block]
# block no. 3 follows, 38 sequences, length 32
# corresponding to MSA columns:
# 784-815
name=unknown_D
#
# <colnr> <probs for GDERKNQSTAVLIFYWHMCP>
#	G	D	E	R	K	N	Q	S	T	A	V	L	I	F	Y	W	H	M	C	P
0	0.83108	0.01163	0.00884	0.00791	0.01163	0.01350	0.00651	0.01768	0.01024	0.02699	0.00838	0.00977	0.00651	0.00558	0.00372	0.00186	0.00465	0.00326	0.00372	0.00651
1	0.01136	0.01069	0.01804	0.77412	0.04143	0.01337	0.01671	0.01537	0.01203	0.01537	0.01069	0.01604	0.00802	0.00601	0.00601	0.00200	0.00802	0.00535	0.00267	0.00668
2	0.83108	0.01163	0.00884	0.00791	0.01163	0.01350	0.00651	0.01768	0.01024	0.02699	0.00838	0.00977	0.00651	0.00558	0.00372	0.00186	0.00465	0.00326	0.00372	0.00651
3	0.00738	0.00535	0.00697	0.00816	0.00870	0.00494	0.00551	0.00856	0.01199	0.01591	0.07498	0.68962	0.09328	0.01821	0.00760	0.00238	0.00342	0.01643	0.00564	0.00494
4	0.00942	0.00636	0.00711	0.00691	0.00714	0.00645	0.00402	0.04327	0.00968	0.01292	0.01874	0.03818	0.02131	0.75124	0.02944	0.00564	0.00587	0.00859	0.00376	0.00396
5	0.02320	0.00963	0.01290	0.01025	0.01422	0.00853	0.00831	0.05014	0.01728	0.58772	0.12665	0.06376	0.02197	0.00872	0.00628	0.00189	0.00476	0.00729	0.00718	0.00931
6	0.01404	0.01196	0.01281	0.01158	0.01470	0.01364	0.00897	0.02903	0.63719	0.02502	0.12752	0.02565	0.02383	0.00875	0.00626	0.00202	0.00449	0.00738	0.00619	0.00897
7	0.01489	0.01429	0.02442	0.03692	0.75106	0.01429	0.01846	0.01846	0.01370	0.01965	0.01132	0.01489	0.00953	0.00536	0.00596	0.00179	0.00715	0.00536	0.00298	0.00953
8	0.02231	0.05038	0.01756	0.01521	0.01851	0.68054	0.01157	0.08250	0.01784	0.01663	0.00970	0.01111	0.00795	0.00625	0.00543	0.00156	0.01037	0.00398	0.00333	0.00727
9	0.00784	0.00605	0.00715	0.00702	0.00861	0.00537	0.00521	0.00999	0.01522	0.02016	0.40626	0.10905	0.34232	0.01404	0.00715	0.00199	0.00298	0.01213	0.00611	0.00537
10	0.01372	0.41753	0.30062	0.01255	0.01867	0.01805	0.01423	0.01764	0.01295	0.01713	0.09368	0.01482	0.01328	0.00618	0.00492	0.00159	0.00694	0.00455	0.00302	0.00793
11	0.04488	0.01026	0.01263	0.01014	0.01399	0.00984	0.00823	0.10714	0.06845	0.43889	0.08252	0.02193	0.01794	0.00777	0.00582	0.00181	0.00475	0.00629	0.11765	0.00907
12	0.83108	0.01163	0.00884	0.00791	0.01163	0.01350	0.00651	0.01768	0.01024	0.02699	0.00838	0.00977	0.00651	0.00558	0.00372	0.00186	0.00465	0.00326	0.00372	0.00651
13	0.04716	0.01410	0.01469	0.01241	0.01631	0.04473	0.00987	0.19829	0.42287	0.12141	0.02082	0.01937	0.01514	0.00768	0.00598	0.00194	0.00549	0.00613	0.00606	0.00958
14	0.00950	0.00732	0.00891	0.00911	0.01064	0.00710	0.00649	0.03322	0.11611	0.01823	0.05725	0.53604	0.03302	0.01508	0.00702	0.00217	0.00385	0.01350	0.00548	0.09994
15	0.00762	0.00563	0.00710	0.00784	0.00872	0.00515	0.00548	0.00913	0.01301	0.01726	0.18127	0.47285	0.16807	0.03410	0.00799	0.00234	0.00338	0.03225	0.00575	0.00507
16	0.00780	0.00561	0.00722	0.00821	0.00884	0.00527	0.00571	0.00909	0.01205	0.01598	0.09053	0.51554	0.09330	0.10264	0.01018	0.00277	0.00387	0.08505	0.00545	0.00489
17	0.00847	0.00622	0.00798	0.00775	0.00924	0.00573	0.00595	0.01115	0.01633	0.02261	0.59735	0.04872	0.13366	0.01307	0.00722	0.00200	0.00313	0.08141	0.00639	0.00559
18	0.01721	0.01394	0.01420	0.01242	0.01603	0.06134	0.00973	0.08505	0.56978	0.09672	0.02269	0.02091	0.01674	0.00790	0.00606	0.00197	0.00532	0.00644	0.00605	0.00949
19	0.01446	0.01385	0.02364	0.12743	0.66394	0.01418	0.01825	0.01808	0.01349	0.01913	0.01124	0.01503	0.00934	0.00544	0.00596	0.00181	0.00725	0.00536	0.00294	0.00918
20	0.05081	0.01030	0.01373	0.01052	0.01519	0.00894	0.00868	0.02822	0.01676	0.69443	0.02258	0.01973	0.01432	0.00723	0.00589	0.00181	0.00507	0.00583	0.00713	0.05282
21	0.00840	0.00649	0.00770	0.00733	0.00906	0.00597	0.00552	0.01155	0.05383	0.02162	0.48657	0.04797	0.27978	0.01304	0.00705	0.00195	0.00301	0.01126	0.00626	0.00568
22	0.02575	0.00996	0.01356	0.01049	0.01493	0.00863	0.00863	0.02811	0.01721	0.70622	0.07227	0.02212	0.01770	0.00777	0.00612	0.00186	0.00497	0.00637	0.00739	0.00993
23	0.00968	0.00797	0.00879	0.00854	0.01075	0.00796	0.00667	0.01556	0.20178	0.01997	0.15196	0.04805	0.36375	0.01314	0.00701	0.00211	0.00378	0.10028	0.00588	0.00638
24	0.29017	0.05522	0.47408	0.01374	0.02072	0.01421	0.01641	0.01855	0.01185	0.02155	0.00988	0.01158	0.00725	0.00565	0.00496	0.00187	0.00735	0.00399	0.00294	0.00804
25	0.01136	0.01069	0.01804	0.77412	0.04143	0.01337	0.01671	0.01537	0.01203	0.01537	0.01069	0.01604	0.00802	0.00601	0.00601	0.00200	0.00802	0.00535	0.00267	0.00668
26	0.54201	0.01139	0.01054	0.00887	0.01277	0.01240	0.00729	0.07415	0.01333	0.19402	0.01295	0.01325	0.00919	0.00621	0.00445	0.00183	0.00481	0.00419	0.04875	0.00760
27	0.00731	0.00610	0.00637	0.00630	0.00825	0.00516	0.00473	0.00902	0.01418	0.01737	0.15879	0.05605	0.65007	0.01482	0.00711	0.00201	0.00302	0.01244	0.00573	0.00516
28	0.00759	0.00552	0.00718	0.00816	0.00886	0.00511	0.00568	0.00903	0.01268	0.01693	0.14844	0.57467	0.10490	0.01740	0.00756	0.00233	0.00343	0.04372	0.00575	0.00505
29	0.15419	0.01139	0.01354	0.01037	0.01492	0.01046	0.04786	0.06343	0.01329	0.04334	0.01205	0.01539	0.01005	0.00584	0.00549	0.00139	0.03968	0.03686	0.02054	0.46991
30	0.16250	0.14411	0.28708	0.01566	0.06756	0.06342	0.05779	0.08454	0.02885	0.02134	0.01061	0.01228	0.00812	0.00576	0.00518	0.00177	0.00753	0.00436	0.00324	0.00829
31	0.12415	0.04767	0.11308	0.01559	0.09296	0.03059	0.04981	0.20290	0.07065	0.11491	0.01409	0.01487	0.01030	0.00650	0.00590	0.00182	0.02552	0.00510	0.02039	0.03322

[dist]
# distance from previous block
# <min> <max>
0	7

[block]
# block no. 4 follows, 38 sequences, length 38
# corresponding to MSA columns:
# 823-832,836-863
name=unknown_E
#
# <colnr> <probs for GDERKNQSTAVLIFYWHMCP>
#	G	D	E	R	K	N	Q	S	T	A	V	L	I	F	Y	W	H	M	C	P
0	0.35773	0.17908	0.01769	0.01390	0.12048	0.03070	0.01008	0.07245	0.03088	0.05754	0.01037	0.01187	0.00828	0.00603	0.00537	0.00177	0.05027	0.00406	0.00370	0.00775
1	0.05718	0.07439	0.59405	0.01601	0.02383	0.07084	0.01952	0.04345	0.01340	0.01950	0.01053	0.01228	0.00767	0.00576	0.00549	0.00184	0.00859	0.00430	0.00277	0.00860
2	0.08923	0.09861	0.02132	0.01761	0.09812	0.27985	0.11537	0.12298	0.01664	0.05164	0.01107	0.01282	0.00869	0.00608	0.00586	0.00172	0.02593	0.00473	0.00367	0.00805
3	0.05803	0.01308	0.11102	0.01200	0.03485	0.00989	0.01064	0.02672	0.03317	0.57260	0.02209	0.01991	0.03321	0.00731	0.00593	0.00187	0.00558	0.00590	0.00645	0.00973
4	0.01371	0.01494	0.03064	0.15756	0.09529	0.01496	0.50751	0.01828	0.01353	0.01839	0.01163	0.01593	0.00891	0.00552	0.00742	0.00203	0.04633	0.00655	0.00295	0.00791
5	0.00787	0.00562	0.00760	0.00899	0.00957	0.00535	0.00652	0.00930	0.01205	0.01596	0.03286	0.62196	0.03862	0.01834	0.00782	0.00252	0.00396	0.17450	0.00557	0.00503
6	0.04168	0.07394	0.00998	0.00773	0.00977	0.00760	0.00607	0.01240	0.01539	0.05361	0.45448	0.04223	0.17516	0.03820	0.00747	0.00202	0.00352	0.02697	0.00588	0.00590
7	0.00947	0.00682	0.00938	0.01053	0.01195	0.00673	0.00910	0.01218	0.01412	0.01845	0.09577	0.06538	0.07081	0.01617	0.00815	0.00266	0.00518	0.61599	0.00564	0.00553
8	0.01045	0.00522	0.00784	0.00784	0.00784	0.00522	0.00522	0.00784	0.00784	0.01045	0.01045	0.01829	0.01045	0.02090	0.02351	0.82497	0.00522	0.00522	0.00261	0.00261
9	0.01479	0.01419	0.02423	0.05822	0.73056	0.01427	0.01841	0.01837	0.01365	0.01953	0.01130	0.01492	0.00949	0.00538	0.00596	0.00179	0.00717	0.00536	0.00297	0.00945
10	0.02064	0.22801	0.02087	0.01388	0.01770	0.47555	0.01120	0.09337	0.03560	0.01716	0.00996	0.01119	0.00826	0.00608	0.00509	0.00152	0.00911	0.00393	0.00333	0.00756
11	0.00864	0.00579	0.00659	0.00670	0.00672	0.00576	0.00379	0.00872	0.00896	0.01194	0.02002	0.09504	0.02321	0.73108	0.02891	0.00558	0.00566	0.00937	0.00379	0.00374
12	0.00814	0.00642	0.00737	0.00708	0.00888	0.00581	0.00533	0.01098	0.04750	0.02046	0.39212	0.05005	0.38109	0.01350	0.00706	0.00196	0.00302	0.01155	0.00611	0.00556
13	0.08163	0.50868	0.23914	0.01208	0.01819	0.02012	0.01343	0.01829	0.01220	0.01662	0.00907	0.01054	0.00759	0.00535	0.00438	0.00151	0.00700	0.00357	0.00266	0.00796
14	0.01421	0.01680	0.13680	0.11950	0.53947	0.03118	0.01868	0.01832	0.01342	0.01895	0.01112	0.01459	0.00902	0.00551	0.00591	0.00183	0.00760	0.00518	0.00288	0.00904
15	0.00819	0.00614	0.00759	0.00723	0.00879	0.00554	0.00542	0.01073	0.01626	0.02231	0.58963	0.04792	0.21615	0.01297	0.00710	0.00192	0.00289	0.01130	0.00638	0.00554
16	0.01148	0.00911	0.01082	0.01092	0.03854	0.02989	0.00793	0.04988	0.14274	0.03860	0.17175	0.21544	0.05490	0.06419	0.00929	0.00242	0.04908	0.07097	0.00549	0.00656
17	0.07843	0.29617	0.37947	0.01416	0.03720	0.01740	0.01594	0.04196	0.01301	0.04132	0.01028	0.01174	0.00792	0.00560	0.00493	0.00168	0.00746	0.00402	0.00292	0.00839
18	0.02011	0.01224	0.01392	0.01108	0.01479	0.01281	0.00893	0.36884	0.02130	0.19498	0.06427	0.02067	0.01581	0.06130	0.02476	0.00222	0.00571	0.00618	0.11128	0.00879
19	0.01706	0.00919	0.01125	0.00949	0.01272	0.00872	0.00753	0.04911	0.12628	0.31064	0.20323	0.03304	0.15577	0.01009	0.00650	0.00192	0.00421	0.00848	0.00666	0.00812
20	0.12610	0.01669	0.14556	0.10256	0.17606	0.01481	0.01440	0.17643	0.09316	0.05723	0.01339	0.01490	0.00995	0.00632	0.00566	0.00188	0.00675	0.00511	0.00417	0.00888
21	0.01452	0.01412	0.02311	0.16171	0.60767	0.03732	0.01795	0.01811	0.01352	0.01877	0.01115	0.01496	0.00922	0.00550	0.00595	0.00182	0.00741	0.00531	0.00293	0.00897
22	0.01234	0.00669	0.00681	0.00640	0.00813	0.00687	0.00490	0.08334	0.01413	0.02392	0.01912	0.02166	0.01492	0.00703	0.00438	0.00144	0.00317	0.00559	0.74309	0.00605
23	0.07002	0.05246	0.06014	0.03405	0.07950	0.13992	0.05113	0.14542	0.04454	0.02226	0.03829	0.03560	0.01160	0.00653	0.00581	0.00164	0.02503	0.00515	0.00397	0.16694
24	0.05156	0.01162	0.01917	0.55572	0.21486	0.01360	0.01665	0.01624	0.01235	0.01698	0.01073	0.01545	0.00832	0.00583	0.00589	0.00194	0.00764	0.00525	0.00280	0.00738
25	0.01358	0.01159	0.01230	0.01129	0.01426	0.01315	0.00866	0.02765	0.60598	0.02333	0.02797	0.08283	0.07992	0.03105	0.00699	0.00217	0.00455	0.00811	0.00597	0.00865
26	0.01308	0.01075	0.01747	0.31405	0.05479	0.01226	0.09449	0.01695	0.04732	0.08146	0.01525	0.08322	0.01290	0.00944	0.03983	0.00237	0.09176	0.00675	0.06875	0.00710
27	0.07346	0.14113	0.01815	0.09556	0.06023	0.13882	0.01129	0.01852	0.01280	0.10468	0.01236	0.04222	0.01047	0.00947	0.04837	0.00230	0.15856	0.00517	0.02915	0.00729
28	0.00753	0.00543	0.00717	0.00838	0.00893	0.00506	0.00578	0.00882	0.01210	0.01611	0.08039	0.66473	0.07065	0.01814	0.00765	0.00241	0.00355	0.05651	0.00565	0.00498
29	0.00750	0.00607	0.00667	0.00670	0.00847	0.00524	0.00501	0.00931	0.01429	0.01796	0.20835	0.10380	0.53158	0.01487	0.00718	0.00205	0.00310	0.03083	0.00581	0.00521
30	0.04784	0.02815	0.01355	0.03566	0.01474	0.04616	0.00911	0.28199	0.03766	0.02522	0.01472	0.01749	0.01177	0.01458	0.14176	0.04266	0.04880	0.00546	0.15520	0.00748
31	0.01600	0.01341	0.01676	0.07133	0.18137	0.07308	0.03435	0.07932	0.20160	0.09287	0.03968	0.05263	0.04503	0.00827	0.00629	0.00196	0.00624	0.04640	0.00490	0.00852
32	0.00733	0.00524	0.00698	0.00838	0.00873	0.00489	0.00558	0.00838	0.01152	0.01536	0.03316	0.78466	0.03979	0.01885	0.00768	0.00244	0.00349	0.01710	0.00558	0.00489
33	0.02311	0.01647	0.01782	0.01366	0.01847	0.01809	0.01128	0.69052	0.02765	0.07929	0.01498	0.01479	0.01050	0.00723	0.00602	0.00181	0.00653	0.00545	0.00610	0.01023
34	0.01770	0.01400	0.01411	0.03652	0.01636	0.08672	0.00965	0.17960	0.31138	0.10692	0.04550	0.02273	0.07550	0.00829	0.00608	0.00190	0.00566	0.00666	0.02588	0.00884
35	0.80647	0.01179	0.00912	0.00809	0.01185	0.01365	0.00666	0.03940	0.01079	0.02732	0.00856	0.00991	0.00663	0.00563	0.00379	0.00186	0.00471	0.00332	0.00379	0.00663
36	0.01267	0.09294	0.61161	0.01719	0.04162	0.01497	0.04983	0.01927	0.03543	0.01876	0.01103	0.01296	0.00808	0.00581	0.00592	0.00187	0.02404	0.00456	0.00269	0.00875
37	0.06050	0.22197	0.26261	0.01413	0.01973	0.26110	0.01438	0.02074	0.01404	0.04552	0.01007	0.01147	0.00791	0.00579	0.00506	0.00163	0.00853	0.00395	0.00299	0.00789

[dist]
# distance from previous block
# <min> <max>
1	6

[block]
# block no. 5 follows, 38 sequences, length 18
# corresponding to MSA columns:
# 870-887
name=unknown_F
#
# <colnr> <probs for GDERKNQSTAVLIFYWHMCP>
#	G	D	E	R	K	N	Q	S	T	A	V	L	I	F	Y	W	H	M	C	P
0	0.07389	0.44918	0.19401	0.01224	0.01798	0.06857	0.01287	0.05877	0.01353	0.03674	0.00972	0.01098	0.00794	0.00555	0.00455	0.00153	0.00714	0.00374	0.00300	0.00806
1	0.16936	0.26928	0.16319	0.01414	0.07359	0.06738	0.02821	0.06629	0.04740	0.02035	0.02433	0.01246	0.00923	0.00584	0.00483	0.00167	0.00687	0.00421	0.00333	0.00803
2	0.00799	0.00591	0.00763	0.00841	0.00938	0.00533	0.00585	0.00933	0.01191	0.01612	0.05364	0.61317	0.06172	0.03253	0.00782	0.00234	0.00369	0.04751	0.00538	0.08432
3	0.05263	0.06519	0.46913	0.01544	0.04713	0.01324	0.03940	0.01838	0.05401	0.02037	0.13125	0.01837	0.01628	0.00685	0.00582	0.00187	0.00731	0.00561	0.00350	0.00822
4	0.00812	0.00613	0.00750	0.00716	0.00875	0.00551	0.00537	0.01059	0.01610	0.02193	0.55650	0.04855	0.24951	0.01312	0.00710	0.00193	0.00290	0.01139	0.00633	0.00551
5	0.01226	0.01047	0.01225	0.00889	0.01403	0.00789	0.00706	0.01487	0.01243	0.01943	0.01162	0.04440	0.01019	0.00505	0.00459	0.00096	0.00442	0.00412	0.00365	0.79143
6	0.04544	0.47376	0.20289	0.04746	0.01901	0.01967	0.01322	0.05776	0.01332	0.01753	0.03460	0.01215	0.00948	0.00570	0.00463	0.00154	0.00692	0.00400	0.00294	0.00798
7	0.00850	0.00660	0.00794	0.00841	0.01012	0.00615	0.00682	0.01111	0.03681	0.01805	0.12501	0.08163	0.35624	0.01532	0.00755	0.00231	0.00403	0.27627	0.00570	0.00545
8	0.14399	0.15253	0.04182	0.01209	0.01648	0.13586	0.01034	0.26085	0.01884	0.09629	0.04704	0.01429	0.01139	0.00666	0.00524	0.00170	0.00671	0.00475	0.00466	0.00845
9	0.00871	0.00626	0.00782	0.00837	0.00942	0.00600	0.00602	0.02802	0.01267	0.03913	0.05880	0.44380	0.18818	0.05410	0.02773	0.00267	0.02320	0.05834	0.00546	0.00529
