[name]
unknown

[dist]
# distance from previous block
# <min> <max>
2	36

[block]
# block no. 0 follows, 41 sequences, length 6
# corresponding to MSA columns:
# 36-41
name=unknown_A
#
# <colnr> <probs for GDERKNQSTAVLIFYWHMCP>
#	G	D	E	R	K	N	Q	S	T	A	V	L	I	F	Y	W	H	M	C	P
0	0.15731	0.01822	0.01563	0.01612	0.14379	0.29349	0.01089	0.16358	0.05074	0.02168	0.01303	0.01415	0.04478	0.00635	0.00519	0.00165	0.00729	0.00465	0.00383	0.00761
1	0.01065	0.00758	0.01033	0.11157	0.01400	0.00765	0.03445	0.05747	0.01219	0.06283	0.04982	0.22192	0.04595	0.21709	0.01230	0.00290	0.00505	0.03749	0.03330	0.04547
2	0.11932	0.00859	0.00961	0.05224	0.01209	0.00894	0.00686	0.13871	0.01507	0.05512	0.16977	0.02978	0.15419	0.03808	0.00760	0.05404	0.00426	0.02638	0.08320	0.00613
3	0.00910	0.00663	0.00823	0.00810	0.00900	0.00702	0.00577	0.04994	0.03048	0.01612	0.10337	0.19926	0.06357	0.22683	0.14542	0.00419	0.04394	0.00957	0.04845	0.00501
4	0.06381	0.06180	0.05595	0.13574	0.30860	0.01332	0.05323	0.01673	0.01238	0.06465	0.04773	0.04399	0.01186	0.00656	0.00679	0.00183	0.07843	0.00559	0.00329	0.00772
5	0.01159	0.00754	0.00925	0.05656	0.01218	0.00738	0.00687	0.01542	0.11894	0.14478	0.08140	0.18116	0.23852	0.04020	0.00734	0.00213	0.00403	0.04288	0.00551	0.00634

[dist]
# distance from previous block
# <min> <max>
13	35

[block]
# block no. 1 follows, 41 sequences, length 11
# corresponding to MSA columns:
# 88-98
name=unknown_B
#
# <colnr> <probs for GDERKNQSTAVLIFYWHMCP>
#	G	D	E	R	K	N	Q	S	T	A	V	L	I	F	Y	W	H	M	C	P
0	0.02112	0.01477	0.01569	0.01231	0.01661	0.05440	0.01004	0.48880	0.07295	0.15723	0.01592	0.03398	0.01152	0.00707	0.00568	0.00171	0.00598	0.00546	0.00571	0.04305
1	0.31638	0.00941	0.02721	0.00826	0.01069	0.00979	0.00652	0.06245	0.06813	0.02205	0.15570	0.09099	0.03988	0.11881	0.00859	0.00239	0.00438	0.02781	0.00458	0.00598
2	0.07981	0.01028	0.01209	0.05351	0.01462	0.00976	0.00791	0.07867	0.03449	0.01976	0.01342	0.12003	0.01258	0.00706	0.00596	0.00142	0.06350	0.00560	0.00383	0.44570
3	0.00906	0.00726	0.03727	0.00791	0.00970	0.00629	0.00627	0.03552	0.03483	0.04068	0.53947	0.12024	0.09963	0.01194	0.00667	0.00187	0.00322	0.01048	0.00596	0.00574
4	0.01162	0.01100	0.01863	0.60223	0.21600	0.01292	0.01629	0.01533	0.01182	0.01561	0.01031	0.01498	0.00798	0.00557	0.00570	0.00186	0.00742	0.00509	0.00261	0.00701
5	0.00900	0.00711	0.01054	0.07309	0.01293	0.00864	0.00827	0.01114	0.00949	0.01390	0.01423	0.02072	0.01303	0.03419	0.58621	0.00742	0.09883	0.00587	0.05004	0.00535
6	0.00970	0.00755	0.00763	0.00716	0.00928	0.04434	0.00542	0.01218	0.05391	0.07848	0.16612	0.04566	0.48895	0.02955	0.00703	0.00195	0.00354	0.01046	0.00549	0.00561
7	0.01382	0.01057	0.01238	0.00898	0.01396	0.00845	0.00723	0.07049	0.01339	0.08613	0.01153	0.01267	0.00907	0.00469	0.00448	0.00099	0.00445	0.00373	0.00389	0.69908
8	0.07572	0.03457	0.02042	0.05642	0.44203	0.05419	0.06224	0.05181	0.01340	0.01955	0.01082	0.01367	0.00884	0.00523	0.00532	0.00162	0.00661	0.00480	0.03690	0.07583
9	0.03986	0.08777	0.06072	0.08558	0.27085	0.03140	0.01277	0.05392	0.10694	0.05648	0.02948	0.11090	0.01428	0.00740	0.00564	0.00179	0.00599	0.00643	0.00387	0.00794
10	0.04655	0.01105	0.01378	0.01120	0.01438	0.01147	0.06324	0.29118	0.01767	0.05504	0.09589	0.10596	0.01864	0.06334	0.08676	0.00276	0.00642	0.00717	0.00489	0.07259

[dist]
# distance from previous block
# <min> <max>
0	3

[block]
# block no. 2 follows, 41 sequences, length 6
# corresponding to MSA columns:
# 102-107
name=unknown_C
#
# <colnr> <probs for GDERKNQSTAVLIFYWHMCP>
#	G	D	E	R	K	N	Q	S	T	A	V	L	I	F	Y	W	H	M	C	P
0	0.07412	0.09758	0.17821	0.08624	0.18168	0.11021	0.06131	0.07937	0.04452	0.01924	0.01070	0.01283	0.00834	0.00556	0.00529	0.00170	0.00747	0.00455	0.00311	0.00798
1	0.06255	0.04635	0.20430	0.04326	0.16952	0.04381	0.08344	0.01729	0.03682	0.04913	0.03026	0.05921	0.04008	0.00665	0.00550	0.00174	0.00658	0.00580	0.05397	0.03372
2	0.01567	0.05988	0.11922	0.05900	0.01748	0.03423	0.01095	0.19419	0.09380	0.09287	0.04503	0.05401	0.01355	0.03145	0.00664	0.00181	0.03144	0.00568	0.00449	0.10862
3	0.01244	0.04745	0.19039	0.10829	0.09490	0.06760	0.06308	0.04608	0.01327	0.04534	0.05464	0.12844	0.06009	0.00940	0.03161	0.00209	0.00697	0.00715	0.00366	0.00711
4	0.06591	0.06990	0.04658	0.10800	0.10157	0.08516	0.01102	0.10684	0.13571	0.08391	0.04344	0.06344	0.01404	0.03227	0.00626	0.00189	0.00610	0.00592	0.00430	0.00773
5	0.01676	0.01294	0.08242	0.01138	0.01490	0.01219	0.00985	0.27627	0.04189	0.14305	0.01678	0.04968	0.01390	0.08767	0.05241	0.00261	0.05236	0.03611	0.03942	0.02740

[dist]
# distance from previous block
# <min> <max>
36	228

[block]
# block no. 3 follows, 41 sequences, length 48
# corresponding to MSA columns:
# 408-455
name=unknown_D
#
# <colnr> <probs for GDERKNQSTAVLIFYWHMCP>
#	G	D	E	R	K	N	Q	S	T	A	V	L	I	F	Y	W	H	M	C	P
0	0.13153	0.14213	0.07723	0.03735	0.07438	0.01451	0.01050	0.12863	0.04953	0.04773	0.01387	0.01536	0.04116	0.00672	0.00633	0.00172	0.09108	0.00482	0.09796	0.00745
1	0.06025	0.10171	0.02208	0.07522	0.50295	0.01453	0.03236	0.03780	0.04865	0.01892	0.01134	0.01476	0.00951	0.00551	0.00540	0.00170	0.00655	0.01922	0.00308	0.00845
2	0.01492	0.05151	0.10809	0.03905	0.01609	0.03492	0.02471	0.09939	0.21732	0.12478	0.05434	0.09356	0.04694	0.04015	0.00680	0.00200	0.00550	0.00705	0.00499	0.00789
3	0.01158	0.01223	0.08565	0.21012	0.16436	0.03400	0.01289	0.03067	0.09496	0.01801	0.06431	0.07675	0.06378	0.00868	0.00615	0.00195	0.00611	0.08682	0.00392	0.00706
4	0.01303	0.01476	0.09739	0.01832	0.06574	0.03047	0.33027	0.06982	0.05493	0.01899	0.04891	0.05599	0.01373	0.08107	0.00901	0.00224	0.04266	0.00684	0.00354	0.02231
5	0.01563	0.49085	0.13456	0.08396	0.01871	0.03678	0.01200	0.05687	0.01298	0.07604	0.01000	0.01127	0.00803	0.00535	0.00443	0.00145	0.00661	0.00376	0.00301	0.00771
6	0.02321	0.00920	0.01244	0.00972	0.01375	0.00798	0.00796	0.02545	0.01625	0.66502	0.10117	0.02305	0.04226	0.00780	0.00589	0.00178	0.00458	0.00644	0.00694	0.00912
7	0.01206	0.02496	0.56091	0.05771	0.19589	0.01333	0.02005	0.01782	0.01226	0.01808	0.01037	0.01271	0.00768	0.00537	0.00550	0.00179	0.00803	0.00447	0.00252	0.00849
8	0.01554	0.11658	0.07220	0.09200	0.26306	0.16657	0.06331	0.05739	0.03498	0.01753	0.01037	0.01293	0.00844	0.00567	0.00593	0.00168	0.04029	0.00465	0.00298	0.00790
9	0.01064	0.00766	0.00956	0.00920	0.01098	0.00790	0.00722	0.12436	0.02844	0.03964	0.14385	0.16969	0.10538	0.01912	0.16324	0.00353	0.00645	0.12205	0.00512	0.00598
10	0.02425	0.00932	0.01253	0.00972	0.01386	0.00812	0.00799	0.02651	0.01596	0.69715	0.02220	0.01964	0.01421	0.00704	0.00559	0.00173	0.00466	0.00571	0.08450	0.00932
11	0.00742	0.00593	0.00661	0.00655	0.00819	0.00526	0.00488	0.00951	0.03083	0.01758	0.24885	0.09002	0.46904	0.03882	0.00750	0.00205	0.00304	0.02733	0.00554	0.00504
12	0.06697	0.01800	0.27560	0.20346	0.11777	0.01323	0.07161	0.08484	0.01318	0.01915	0.01101	0.01475	0.00859	0.04985	0.00686	0.00203	0.00751	0.00498	0.00298	0.00766
13	0.00784	0.00532	0.00711	0.00800	0.00856	0.00509	0.00546	0.00899	0.01106	0.04000	0.06407	0.61698	0.03467	0.06912	0.07596	0.00309	0.00453	0.01423	0.00510	0.00482
14	0.00697	0.00498	0.00664	0.00796	0.00830	0.00465	0.00531	0.00796	0.01095	0.01460	0.03153	0.79525	0.03783	0.01792	0.00730	0.00232	0.00332	0.01626	0.00531	0.00465
15	0.19132	0.01068	0.01270	0.00996	0.01422	0.01031	0.00822	0.10261	0.01615	0.53731	0.01864	0.01678	0.01206	0.00670	0.00530	0.00176	0.00493	0.00515	0.00621	0.00901
16	0.05911	0.00999	0.01235	0.03554	0.08659	0.01036	0.00876	0.12570	0.13373	0.14552	0.06813	0.19931	0.06067	0.01000	0.00610	0.00192	0.00468	0.00858	0.00539	0.00757
17	0.08943	0.00994	0.01558	0.62730	0.03362	0.01206	0.01397	0.01513	0.01132	0.05559	0.01061	0.01503	0.00797	0.00654	0.00644	0.04833	0.00703	0.00493	0.00287	0.00630
18	0.02260	0.01067	0.01455	0.01097	0.01558	0.00946	0.04938	0.08887	0.01648	0.55025	0.01934	0.01761	0.01262	0.00652	0.00558	0.00164	0.00517	0.00541	0.00618	0.13112
19	0.00921	0.00768	0.01229	0.05396	0.01351	0.00806	0.11496	0.01094	0.01024	0.01393	0.01882	0.16622	0.02021	0.26138	0.16400	0.00460	0.04549	0.05580	0.00365	0.00504
20	0.01464	0.01241	0.01319	0.01147	0.01499	0.01391	0.00899	0.08960	0.62156	0.02446	0.02124	0.01980	0.01596	0.00735	0.00566	0.00182	0.00465	0.00607	0.00558	0.08665
21	0.06395	0.01154	0.08377	0.01109	0.03731	0.00920	0.00947	0.02450	0.04779	0.53469	0.05401	0.02089	0.05081	0.00736	0.00570	0.00179	0.00504	0.00599	0.00616	0.00896
22	0.02985	0.00809	0.01121	0.00951	0.01222	0.00746	0.04610	0.03731	0.02677	0.27916	0.28930	0.12127	0.05524	0.01037	0.00640	0.00189	0.00413	0.03048	0.00613	0.00710
23	0.01248	0.05882	0.60438	0.01861	0.13288	0.01356	0.01973	0.01830	0.01233	0.04193	0.01063	0.01250	0.00774	0.00541	0.00540	0.00177	0.00800	0.00435	0.00263	0.00854
24	0.00712	0.00509	0.00680	0.00807	0.00848	0.00477	0.00551	0.00826	0.01124	0.01501	0.05603	0.73288	0.03813	0.01760	0.00731	0.00232	0.00340	0.05193	0.00534	0.00470
25	0.01206	0.01152	0.01943	0.49271	0.20682	0.01316	0.06757	0.01683	0.07139	0.01658	0.01146	0.01549	0.00883	0.00567	0.00579	0.00186	0.00733	0.00532	0.00290	0.00730
26	0.01366	0.01303	0.02246	0.03221	0.65350	0.01298	0.05549	0.01706	0.01306	0.01852	0.01264	0.01896	0.01128	0.00609	0.00593	0.00180	0.00680	0.07283	0.00306	0.00863
27	0.01416	0.01359	0.02322	0.03511	0.76330	0.01359	0.01755	0.01755	0.01302	0.01869	0.01076	0.01416	0.00906	0.00510	0.00566	0.00170	0.00680	0.00510	0.00283	0.00906
28	0.00718	0.00513	0.00688	0.00821	0.00863	0.00483	0.00568	0.00833	0.01116	0.01484	0.03141	0.72656	0.03737	0.01772	0.00736	0.00235	0.00350	0.08286	0.00531	0.00470
29	0.01142	0.00971	0.01346	0.15448	0.01808	0.02450	0.07078	0.12162	0.01404	0.01850	0.02393	0.18744	0.12162	0.03189	0.00797	0.00215	0.06126	0.07389	0.02707	0.00620
30	0.55548	0.01284	0.07887	0.05030	0.08478	0.01261	0.00934	0.03445	0.01132	0.07614	0.02271	0.01169	0.00810	0.00559	0.00428	0.00177	0.00521	0.00385	0.00367	0.00699
31	0.01347	0.01289	0.02198	0.18852	0.61525	0.01341	0.01721	0.01695	0.01270	0.01785	0.01064	0.01438	0.00877	0.00522	0.00567	0.00174	0.00696	0.00509	0.00277	0.00851
32	0.06501	0.01634	0.01893	0.21135	0.33696	0.22190	0.01468	0.01824	0.01331	0.01683	0.00992	0.01308	0.00807	0.00548	0.00541	0.00169	0.00782	0.00459	0.00283	0.00756
33	0.00811	0.00574	0.00706	0.00704	0.00757	0.00590	0.00464	0.00893	0.00937	0.01264	0.05306	0.03537	0.09566	0.47979	0.22930	0.00601	0.00782	0.00819	0.00367	0.00413
34	0.01672	0.02661	0.01449	0.01096	0.01535	0.01292	0.00890	0.32133	0.09601	0.05723	0.01418	0.04028	0.01113	0.00640	0.00544	0.00145	0.01936	0.00500	0.00480	0.31143
35	0.01156	0.02260	0.00984	0.00828	0.01099	0.00705	0.00629	0.04997	0.01335	0.10123	0.10630	0.24707	0.08850	0.03210	0.00653	0.00176	0.00390	0.00915	0.02070	0.24283
36	0.01613	0.25070	0.18738	0.01551	0.07985	0.13370	0.05424	0.10228	0.01442	0.04196	0.01014	0.01176	0.00804	0.00573	0.00566	0.00161	0.04566	0.00421	0.00310	0.00794
37	0.00977	0.00673	0.00792	0.00737	0.00934	0.00620	0.00560	0.02590	0.06108	0.08737	0.33757	0.07961	0.30931	0.01228	0.00661	0.00188	0.00318	0.01052	0.00591	0.00585
38	0.00831	0.00638	0.00770	0.00747	0.00911	0.00602	0.00575	0.01167	0.07024	0.02048	0.44999	0.04645	0.23699	0.01253	0.00679	0.00192	0.00313	0.07767	0.00590	0.00551
39	0.01474	0.37494	0.32016	0.01314	0.01914	0.13741	0.01447	0.01842	0.01252	0.01538	0.00901	0.01050	0.00731	0.00526	0.00460	0.00150	0.00770	0.00362	0.00251	0.00767
40	0.02132	0.01239	0.03795	0.04072	0.04334	0.01193	0.03463	0.21183	0.08216	0.38734	0.01858	0.01802	0.01270	0.03220	0.00652	0.00190	0.00567	0.00568	0.00591	0.00922
41	0.01035	0.00687	0.00870	0.00801	0.00979	0.00660	0.00607	0.01438	0.09641	0.09254	0.56930	0.08067	0.04533	0.01118	0.00658	0.00184	0.00314	0.00982	0.00626	0.00616
42	0.00692	0.00580	0.00603	0.00607	0.00790	0.00491	0.00457	0.00847	0.01319	0.01596	0.10147	0.07267	0.67817	0.01443	0.00680	0.00195	0.00296	0.03150	0.00537	0.00487
43	0.01894	0.04412	0.03525	0.01258	0.03535	0.25473	0.00984	0.07773	0.14811	0.19100	0.08643	0.01853	0.02780	0.00719	0.00560	0.00169	0.00660	0.00556	0.00493	0.00800
44	0.01548	0.54918	0.13219	0.01310	0.08253	0.01953	0.01204	0.04578	0.01266	0.05754	0.00956	0.01078	0.00795	0.00519	0.00429	0.00140	0.00644	0.00363	0.00286	0.00787
45	0.00784	0.00539	0.00634	0.00673	0.00693	0.00524	0.00406	0.00821	0.00934	0.01236	0.02405	0.26509	0.06271	0.52622	0.02147	0.00440	0.00475	0.01088	0.00411	0.00389
46	0.01402	0.02554	0.02688	0.06640	0.17549	0.02519	0.39921	0.01810	0.02652	0.05381	0.01211	0.01634	0.00962	0.00587	0.00747	0.00193	0.07947	0.02509	0.00314	0.00781
47	0.03281	0.05040	0.09389	0.19251	0.05513	0.04111	0.01212	0.17486	0.09309	0.03371	0.01788	0.01921	0.09327	0.00724	0.00599	0.00180	0.02974	0.00576	0.03186	0.00761

[dist]
# distance from previous block
# <min> <max>
0	1

[block]
# block no. 4 follows, 41 sequences, length 53
# corresponding to MSA columns:
# 457-502,518-524
name=unknown_E
#
# <colnr> <probs for GDERKNQSTAVLIFYWHMCP>
#	G	D	E	R	K	N	Q	S	T	A	V	L	I	F	Y	W	H	M	C	P
0	0.01094	0.01107	0.06714	0.59868	0.03371	0.01185	0.04558	0.01484	0.01164	0.01589	0.01135	0.01584	0.00857	0.00579	0.00552	0.00183	0.00712	0.00513	0.11110	0.00642
1	0.79869	0.01119	0.00914	0.00888	0.04816	0.01287	0.00675	0.01685	0.00990	0.02532	0.00810	0.00953	0.00634	0.00530	0.00364	0.00177	0.00454	0.00320	0.00350	0.00634
2	0.00732	0.00515	0.00663	0.00759	0.00789	0.00492	0.00494	0.00816	0.01047	0.01401	0.04687	0.59232	0.03399	0.19073	0.02836	0.00317	0.00405	0.01414	0.00488	0.00441
3	0.00817	0.00755	0.01155	0.00989	0.01226	0.00672	0.15120	0.01023	0.01279	0.01602	0.05911	0.19155	0.45458	0.01318	0.00686	0.00200	0.00432	0.01179	0.00485	0.00538
4	0.02114	0.06325	0.01708	0.01418	0.01755	0.58823	0.01095	0.16586	0.01811	0.01835	0.00977	0.01094	0.00784	0.00604	0.00520	0.00151	0.00931	0.00394	0.00347	0.00728
5	0.01513	0.77057	0.06045	0.01006	0.01510	0.02225	0.01025	0.01717	0.01164	0.01365	0.00805	0.00929	0.00734	0.00492	0.00374	0.00125	0.00621	0.00311	0.00245	0.00739
6	0.16898	0.01268	0.04518	0.06490	0.03248	0.02812	0.05934	0.22644	0.06573	0.03402	0.01480	0.08848	0.01282	0.04861	0.05400	0.00247	0.00647	0.00616	0.02097	0.00737
7	0.00948	0.00995	0.10909	0.01033	0.01251	0.00774	0.04431	0.08667	0.01284	0.01739	0.02596	0.50678	0.05240	0.03089	0.03317	0.00246	0.00505	0.01242	0.00474	0.00582
8	0.00818	0.00609	0.00899	0.00899	0.00995	0.00704	0.00690	0.01009	0.00913	0.01313	0.01550	0.02348	0.01474	0.09399	0.72582	0.00895	0.01466	0.00628	0.00309	0.00500
9	0.02566	0.00973	0.01327	0.01018	0.01460	0.00841	0.00841	0.02788	0.01637	0.76726	0.02257	0.01947	0.01416	0.00708	0.00575	0.00177	0.00487	0.00575	0.00708	0.00973
10	0.01147	0.02959	0.76934	0.01630	0.02476	0.01328	0.02113	0.01811	0.01208	0.01811	0.01026	0.01208	0.00725	0.00543	0.00543	0.00181	0.00845	0.00423	0.00242	0.00845
11	0.01814	0.01150	0.01335	0.01109	0.01461	0.01207	0.00904	0.26717	0.15759	0.20318	0.12059	0.02560	0.02058	0.00864	0.00611	0.00188	0.00503	0.07918	0.00609	0.00856
12	0.00831	0.00559	0.00649	0.00649	0.00657	0.00568	0.00377	0.00848	0.00839	0.01127	0.01780	0.03618	0.02025	0.73587	0.09149	0.00585	0.00636	0.00814	0.00343	0.00360
13	0.02182	0.01443	0.01600	0.01243	0.01685	0.01556	0.01021	0.53549	0.09237	0.18018	0.01638	0.01558	0.01133	0.00699	0.00574	0.00175	0.00585	0.00539	0.00600	0.00967
14	0.01145	0.01134	0.02023	0.57712	0.03548	0.01346	0.14856	0.01522	0.01158	0.01522	0.01019	0.01504	0.00781	0.00594	0.00707	0.00196	0.07777	0.00538	0.00260	0.00659
15	0.02174	0.01602	0.01717	0.01316	0.01774	0.01774	0.01087	0.74423	0.02689	0.03605	0.01373	0.01373	0.00973	0.00687	0.00572	0.00172	0.00629	0.00515	0.00572	0.00973
16	0.01080	0.01017	0.01716	0.78523	0.03940	0.01271	0.01589	0.01461	0.01144	0.01461	0.01017	0.01525	0.00762	0.00572	0.00572	0.00191	0.00762	0.00508	0.00254	0.00635
17	0.00986	0.00500	0.00739	0.00739	0.00739	0.00500	0.00489	0.00749	0.00749	0.00999	0.01033	0.01838	0.01047	0.05829	0.02269	0.79275	0.00500	0.00513	0.00253	0.00253
18	0.01853	0.01557	0.01623	0.06203	0.03317	0.11830	0.03516	0.45794	0.02145	0.02768	0.01494	0.10810	0.01283	0.02363	0.00633	0.00185	0.00667	0.00640	0.00490	0.00828
19	0.07614	0.01495	0.01581	0.01251	0.01676	0.01666	0.01027	0.58274	0.12015	0.03327	0.01501	0.01572	0.01109	0.00711	0.00564	0.00177	0.00591	0.02361	0.00557	0.00928
20	0.01825	0.01412	0.01503	0.06444	0.01739	0.06632	0.01021	0.48365	0.02181	0.04658	0.01683	0.14086	0.01489	0.00883	0.00602	0.00184	0.00611	0.03325	0.00527	0.00831
21	0.07446	0.01357	0.01441	0.01161	0.01557	0.01492	0.00943	0.43102	0.17811	0.08094	0.01887	0.01822	0.05884	0.00744	0.00562	0.00178	0.00540	0.00577	0.02508	0.00893
22	0.00994	0.00497	0.00745	0.00745	0.00745	0.00497	0.00497	0.00745	0.00745	0.00994	0.00994	0.01739	0.00994	0.01987	0.02235	0.83358	0.00497	0.00497	0.00248	0.00248
23	0.83938	0.01106	0.00841	0.00752	0.01106	0.01283	0.00619	0.01681	0.00973	0.02566	0.00796	0.00929	0.00619	0.00531	0.00354	0.00177	0.00442	0.00310	0.00354	0.00619
24	0.01186	0.01017	0.01186	0.00847	0.01356	0.00762	0.00678	0.01440	0.01186	0.01864	0.01017	0.01186	0.00847	0.00424	0.00424	0.00085	0.00424	0.00339	0.00339	0.83395
25	0.01230	0.01108	0.01909	0.56592	0.16610	0.01276	0.06156	0.01602	0.01209	0.05268	0.01097	0.01527	0.00827	0.00562	0.00578	0.00186	0.00747	0.00522	0.00284	0.00709
26	0.01094	0.01031	0.01741	0.75432	0.06923	0.01274	0.01595	0.01474	0.01150	0.01478	0.01019	0.01520	0.00768	0.00569	0.00572	0.00190	0.00759	0.00508	0.00255	0.00647
27	0.00677	0.00574	0.00585	0.00593	0.00776	0.00482	0.00441	0.00819	0.01291	0.01540	0.05628	0.10165	0.71545	0.01470	0.00679	0.00196	0.00292	0.01234	0.00531	0.00482
28	0.01385	0.01328	0.02267	0.10271	0.69806	0.01351	0.01740	0.01729	0.01288	0.01832	0.01071	0.01426	0.00893	0.00515	0.00567	0.00172	0.00687	0.00510	0.00281	0.00882
29	0.01292	0.01428	0.02999	0.02237	0.04751	0.01390	0.60395	0.01718	0.01281	0.01759	0.01204	0.03565	0.00974	0.00811	0.05997	0.00247	0.06242	0.00679	0.00294	0.00740
30	0.02209	0.01424	0.18126	0.01159	0.01687	0.00970	0.01126	0.02580	0.04244	0.57353	0.01986	0.01789	0.01274	0.00674	0.00568	0.00179	0.00565	0.00544	0.00600	0.00942
31	0.00697	0.00498	0.00664	0.00796	0.00830	0.00465	0.00531	0.00796	0.01095	0.01460	0.03153	0.79525	0.03783	0.01792	0.00730	0.00232	0.00332	0.01626	0.00531	0.00465
32	0.00918	0.00685	0.00944	0.14282	0.01392	0.00704	0.02493	0.02343	0.01160	0.03807	0.11911	0.19077	0.10061	0.26122	0.01372	0.00313	0.00491	0.00986	0.00437	0.00501
33	0.01310	0.01275	0.02231	0.15990	0.37586	0.01327	0.15297	0.02896	0.05400	0.01812	0.01276	0.05417	0.01093	0.00625	0.00637	0.00186	0.02901	0.01625	0.00315	0.00799
34	0.01372	0.01314	0.02242	0.13343	0.66842	0.01347	0.01734	0.01717	0.01282	0.01815	0.01068	0.01430	0.00887	0.00518	0.00567	0.00173	0.00690	0.00509	0.00279	0.00871
35	0.83938	0.01106	0.00841	0.00752	0.01106	0.01283	0.00619	0.01681	0.00973	0.02566	0.00796	0.00929	0.00619	0.00531	0.00354	0.00177	0.00442	0.00310	0.00354	0.00619
36	0.00772	0.00583	0.00712	0.00680	0.00831	0.00524	0.00510	0.01006	0.01530	0.02083	0.56220	0.04620	0.25337	0.01248	0.00675	0.00184	0.00275	0.01083	0.00602	0.00524
37	0.08171	0.06906	0.01706	0.01240	0.01683	0.05374	0.01028	0.56552	0.03995	0.03183	0.01277	0.01304	0.00932	0.00650	0.00535	0.00165	0.00623	0.00476	0.00513	0.03688
38	0.02625	0.04448	0.29438	0.07768	0.10311	0.09708	0.10717	0.01923	0.06293	0.04558	0.01154	0.01353	0.00867	0.00552	0.00550	0.00171	0.00777	0.00475	0.00307	0.06005
39	0.01567	0.06636	0.14018	0.01186	0.05561	0.01013	0.01034	0.03161	0.06849	0.25659	0.14397	0.06033	0.04827	0.02703	0.00644	0.00190	0.00518	0.02698	0.00522	0.00785
40	0.01496	0.49513	0.10590	0.01097	0.01551	0.14038	0.01069	0.01737	0.01297	0.01522	0.10123	0.01382	0.01309	0.00595	0.00448	0.00140	0.00662	0.00419	0.00300	0.00711
41	0.01986	0.00934	0.01183	0.00950	0.01313	0.00859	0.00769	0.09170	0.04145	0.46492	0.13460	0.02704	0.11717	0.00873	0.00603	0.00180	0.00442	0.00722	0.00656	0.00843
42	0.01299	0.24919	0.45955	0.01580	0.05481	0.02846	0.06929	0.01790	0.01216	0.01675	0.00969	0.01155	0.00746	0.00523	0.00503	0.00164	0.00783	0.00410	0.00249	0.00808
43	0.01626	0.01374	0.01967	0.10235	0.40779	0.08979	0.03896	0.01983	0.04313	0.14242	0.01372	0.01696	0.01080	0.00606	0.00576	0.00176	0.00686	0.03192	0.00373	0.00847
44	0.08109	0.00982	0.01294	0.01000	0.01436	0.00871	0.00826	0.02712	0.01592	0.71675	0.02157	0.01878	0.01362	0.00696	0.00560	0.00177	0.00484	0.00557	0.00684	0.00949
45	0.00806	0.00651	0.00728	0.00724	0.00893	0.00614	0.00536	0.01162	0.10875	0.01812	0.21051	0.17247	0.38090	0.01356	0.00673	0.00197	0.00313	0.01166	0.00560	0.00547
46	0.01393	0.01484	0.05898	0.05511	0.51109	0.05952	0.11134	0.01752	0.01319	0.01808	0.01203	0.01746	0.01040	0.00588	0.00592	0.00179	0.00738	0.05421	0.00298	0.00836
47	0.00961	0.00857	0.03299	0.01277	0.07951	0.00857	0.04756	0.03579	0.01218	0.01677	0.08153	0.40527	0.02876	0.01363	0.00852	0.00222	0.10609	0.07924	0.00460	0.00581
48	0.00810	0.00585	0.00765	0.00720	0.00855	0.00540	0.00540	0.01079	0.01619	0.02294	0.76028	0.04273	0.05397	0.01169	0.00675	0.00180	0.00270	0.01034	0.00630	0.00540
49	0.00828	0.00553	0.00625	0.00629	0.00630	0.00552	0.00352	0.00831	0.00840	0.01120	0.01843	0.06054	0.02131	0.77516	0.02845	0.00545	0.00548	0.00856	0.00352	0.00350
50	0.01304	0.04800	0.37878	0.04003	0.22011	0.04183	0.09197	0.01882	0.05924	0.01826	0.01122	0.01347	0.00853	0.00543	0.00559	0.00177	0.00786	0.00482	0.00281	0.00842
51	0.07303	0.29299	0.12717	0.01447	0.10010	0.13805	0.01214	0.03773	0.05977	0.06779	0.01082	0.01195	0.00860	0.00563	0.00491	0.00155	0.01819	0.00403	0.00325	0.00781
52	0.20776	0.30139	0.11287	0.06635	0.04416	0.08312	0.01111	0.06320	0.01265	0.01881	0.00919	0.01084	0.00747	0.00538	0.00434	0.00154	0.00644	0.00367	0.02247	0.00724

[dist]
# distance from previous block
# <min> <max>
1	12

[block]
# block no. 5 follows, 41 sequences, length 63
# corresponding to MSA columns:
# 537-583,587-602
name=unknown_F
#
# <colnr> <probs for GDERKNQSTAVLIFYWHMCP>
#	G	D	E	R	K	N	Q	S	T	A	V	L	I	F	Y	W	H	M	C	P
0	0.12847	0.14932	0.10616	0.02862	0.04387	0.06537	0.21794	0.04189	0.05476	0.04615	0.01097	0.01303	0.00852	0.00570	0.00611	0.00176	0.05568	0.00485	0.00323	0.00760
1	0.09023	0.14275	0.32658	0.04242	0.06610	0.08829	0.06662	0.02994	0.01259	0.01794	0.03345	0.01269	0.00893	0.00570	0.00557	0.00171	0.03361	0.00439	0.00282	0.00766
2	0.06898	0.06063	0.01365	0.01119	0.03348	0.01220	0.00889	0.27326	0.04199	0.04335	0.01974	0.13759	0.03985	0.00968	0.00593	0.00186	0.00518	0.12337	0.00497	0.08419
3	0.08303	0.01301	0.04331	0.18752	0.15340	0.05284	0.12964	0.07658	0.02755	0.02002	0.09259	0.01864	0.03834	0.00652	0.00574	0.00179	0.00670	0.00591	0.02961	0.00726
4	0.01014	0.00837	0.01167	0.01060	0.01122	0.00999	0.03088	0.01125	0.03579	0.01426	0.07498	0.13734	0.08232	0.06279	0.01569	0.17752	0.27857	0.00800	0.00364	0.00500
5	0.65338	0.01109	0.00975	0.03528	0.01284	0.01254	0.00706	0.04123	0.04568	0.11058	0.01061	0.01137	0.00779	0.00569	0.00404	0.00178	0.00465	0.00369	0.00408	0.00685
6	0.00810	0.00586	0.00784	0.00902	0.00998	0.00565	0.00714	0.00993	0.01220	0.01587	0.03308	0.34978	0.10095	0.03020	0.00793	0.00250	0.00429	0.36947	0.00526	0.00495
7	0.02074	0.01611	0.01648	0.01299	0.01723	0.06459	0.01058	0.62774	0.07325	0.03316	0.01464	0.04004	0.01102	0.00723	0.00575	0.00174	0.00633	0.00551	0.00554	0.00932
8	0.01400	0.04170	0.04305	0.07794	0.58972	0.02843	0.08673	0.01755	0.01296	0.01812	0.01065	0.01405	0.00880	0.00512	0.00569	0.00172	0.00720	0.00513	0.00280	0.00864
9	0.01160	0.01176	0.08806	0.06392	0.06344	0.01046	0.07057	0.06179	0.02673	0.03734	0.06606	0.17252	0.04952	0.01034	0.03164	0.00210	0.09059	0.00783	0.00400	0.11974
10	0.02235	0.01402	0.01580	0.01223	0.01667	0.01490	0.01006	0.49696	0.07151	0.23993	0.01683	0.01584	0.01147	0.00698	0.00574	0.00175	0.00578	0.00540	0.00611	0.00969
11	0.01067	0.00768	0.01120	0.02422	0.01300	0.00751	0.06825	0.06017	0.01397	0.06523	0.09367	0.23656	0.06348	0.01370	0.00718	0.00226	0.00488	0.28519	0.00527	0.00589
12	0.01463	0.61488	0.16862	0.01161	0.01716	0.03525	0.03746	0.01747	0.01186	0.01451	0.00853	0.00996	0.00737	0.00501	0.00414	0.00136	0.00676	0.00342	0.00247	0.00755
13	0.01280	0.01352	0.02328	0.11868	0.02359	0.02923	0.27520	0.01567	0.01094	0.01552	0.00934	0.01388	0.00794	0.00751	0.01251	0.00220	0.39311	0.00562	0.00266	0.00680
14	0.00695	0.00505	0.00657	0.00779	0.00825	0.00466	0.00523	0.00798	0.01112	0.01467	0.03370	0.73427	0.09741	0.01764	0.00726	0.00229	0.00328	0.01592	0.00531	0.00466
15	0.00808	0.00568	0.00738	0.00772	0.00817	0.00591	0.00528	0.00904	0.00940	0.01280	0.02062	0.17988	0.02294	0.37569	0.24340	0.00581	0.00798	0.05613	0.00382	0.00429
16	0.01328	0.00921	0.05951	0.00917	0.01187	0.00780	0.00762	0.07458	0.04762	0.18488	0.30742	0.15027	0.07141	0.01083	0.00641	0.00188	0.00403	0.00936	0.00594	0.00691
17	0.01308	0.01470	0.05196	0.02262	0.07521	0.01348	0.57580	0.04005	0.01359	0.01852	0.01356	0.09399	0.01164	0.00625	0.00666	0.00194	0.00868	0.00748	0.00321	0.00758
18	0.02346	0.01009	0.01316	0.01027	0.01442	0.00924	0.00842	0.08574	0.05330	0.61489	0.07710	0.02083	0.01694	0.00744	0.00583	0.00178	0.00481	0.00608	0.00685	0.00938
19	0.02066	0.01475	0.01684	0.11187	0.02026	0.01632	0.01131	0.59169	0.02405	0.09354	0.01400	0.01440	0.00982	0.00674	0.00572	0.00175	0.00635	0.00519	0.00543	0.00930
20	0.01320	0.01253	0.02125	0.14214	0.60884	0.01288	0.01651	0.01650	0.01266	0.01783	0.01203	0.06548	0.01074	0.00603	0.00578	0.00177	0.00669	0.00583	0.00295	0.00838
21	0.01300	0.01417	0.02915	0.17009	0.09161	0.01416	0.51857	0.01739	0.01290	0.01749	0.01109	0.01519	0.00847	0.00520	0.00688	0.00193	0.03615	0.00623	0.00281	0.00751
22	0.00994	0.00497	0.00745	0.00745	0.00745	0.00497	0.00497	0.00745	0.00745	0.00994	0.00994	0.01739	0.00994	0.01987	0.02235	0.83358	0.00497	0.00497	0.00248	0.00248
23	0.06424	0.00772	0.00997	0.00958	0.01106	0.00783	0.05113	0.11613	0.01314	0.01838	0.02476	0.48293	0.02800	0.09484	0.00905	0.00251	0.00450	0.03374	0.00492	0.00557
24	0.01268	0.01212	0.02115	0.47398	0.13448	0.01358	0.15450	0.07583	0.01332	0.01764	0.01081	0.01501	0.00820	0.00556	0.00591	0.00187	0.00779	0.00541	0.00291	0.00726
25	0.65878	0.01231	0.01019	0.00872	0.01244	0.03717	0.00716	0.13245	0.01286	0.05048	0.00937	0.01035	0.00704	0.00563	0.00401	0.00175	0.00492	0.00352	0.00398	0.00688
26	0.11058	0.06625	0.02342	0.14529	0.04859	0.08601	0.30638	0.05512	0.01339	0.01865	0.01097	0.01501	0.00877	0.00566	0.00597	0.00181	0.02283	0.02691	0.00311	0.02529
27	0.13022	0.27940	0.04572	0.01300	0.06260	0.17590	0.01060	0.16739	0.01551	0.02036	0.00973	0.01105	0.00793	0.00638	0.02056	0.00167	0.00711	0.00385	0.00341	0.00763
28	0.01147	0.00749	0.00966	0.00870	0.01082	0.00711	0.02886	0.05977	0.05203	0.12341	0.31132	0.16699	0.14394	0.01190	0.00662	0.00192	0.00371	0.02206	0.00591	0.00630
29	0.01516	0.06141	0.01445	0.00997	0.01480	0.01152	0.00818	0.20281	0.05406	0.04630	0.01200	0.01290	0.00936	0.00522	0.00471	0.00118	0.00492	0.00405	0.00417	0.50281
30	0.01044	0.00950	0.02317	0.15552	0.14268	0.00961	0.02947	0.01385	0.05131	0.01793	0.15911	0.10687	0.10698	0.00918	0.00674	0.00183	0.04541	0.00799	0.00416	0.08824
31	0.01258	0.07974	0.58999	0.01664	0.02421	0.06185	0.10066	0.01837	0.01246	0.01757	0.01017	0.01215	0.00742	0.00536	0.00545	0.00176	0.00855	0.00440	0.00250	0.00818
32	0.01722	0.01365	0.01549	0.01688	0.18544	0.10860	0.01097	0.02502	0.30228	0.17763	0.01960	0.01962	0.03597	0.00710	0.00575	0.00180	0.00581	0.01743	0.00502	0.00871
33	0.01098	0.01051	0.01824	0.73573	0.03878	0.01282	0.06315	0.01486	0.01157	0.01486	0.01026	0.01526	0.00769	0.00566	0.00579	0.00191	0.00776	0.00519	0.00256	0.00644
34	0.01448	0.01348	0.02217	0.10078	0.63676	0.01385	0.01685	0.07716	0.01402	0.01975	0.01095	0.01422	0.00899	0.00530	0.00567	0.00172	0.00683	0.00510	0.00304	0.00887
35	0.03614	0.01217	0.01532	0.17448	0.02085	0.01297	0.01090	0.29364	0.03404	0.28084	0.01661	0.01768	0.01162	0.00697	0.00576	0.00181	0.00598	0.02796	0.00546	0.00880
36	0.01090	0.01027	0.01734	0.76221	0.06162	0.01274	0.01594	0.01470	0.01149	0.01474	0.01018	0.01522	0.00767	0.00570	0.00572	0.00190	0.00760	0.00508	0.00255	0.00644
37	0.00746	0.00590	0.00682	0.00714	0.00874	0.00525	0.00557	0.00929	0.01331	0.01672	0.14308	0.11636	0.45690	0.01467	0.00704	0.00209	0.00340	0.15985	0.00543	0.00498
38	0.01004	0.00639	0.00762	0.00699	0.00905	0.00557	0.00535	0.01209	0.01478	0.12750	0.33331	0.04497	0.37029	0.01230	0.00661	0.00186	0.00310	0.01047	0.00596	0.00577
39	0.18572	0.01110	0.01580	0.55943	0.03200	0.03710	0.03593	0.01544	0.01124	0.01702	0.00965	0.01379	0.00735	0.00569	0.00551	0.00188	0.02152	0.00467	0.00277	0.00637
40	0.00994	0.00497	0.00745	0.00745	0.00745	0.00497	0.00497	0.00745	0.00745	0.00994	0.00994	0.01739	0.00994	0.01987	0.02235	0.83358	0.00497	0.00497	0.00248	0.00248
41	0.00697	0.00498	0.00664	0.00796	0.00830	0.00465	0.00531	0.00796	0.01095	0.01460	0.03153	0.79525	0.03783	0.01792	0.00730	0.00232	0.00332	0.01626	0.00531	0.00465
42	0.01350	0.01543	0.03375	0.02411	0.02989	0.01446	0.74253	0.01832	0.01350	0.01832	0.01157	0.01543	0.00868	0.00482	0.00675	0.00193	0.00964	0.00675	0.00289	0.00771
43	0.00873	0.00698	0.01087	0.17260	0.01636	0.00832	0.00899	0.01114	0.00967	0.01356	0.01424	0.02095	0.01289	0.03507	0.61406	0.00766	0.01370	0.00591	0.00295	0.00537
44	0.01080	0.01017	0.01716	0.78523	0.03940	0.01271	0.01589	0.01461	0.01144	0.01461	0.01017	0.01525	0.00762	0.00572	0.00572	0.00191	0.00762	0.00508	0.00254	0.00635
45	0.83938	0.01106	0.00841	0.00752	0.01106	0.01283	0.00619	0.01681	0.00973	0.02566	0.00796	0.00929	0.00619	0.00531	0.00354	0.00177	0.00442	0.00310	0.00354	0.00619
46	0.00832	0.00555	0.00624	0.00624	0.00624	0.00555	0.00347	0.00832	0.00832	0.01109	0.01802	0.03743	0.02080	0.79898	0.02911	0.00555	0.00555	0.00832	0.00347	0.00347
47	0.07080	0.25037	0.01987	0.01246	0.01635	0.34220	0.01030	0.16480	0.03060	0.01916	0.00978	0.01081	0.00795	0.00579	0.00475	0.00148	0.00781	0.00381	0.00345	0.00747
48	0.00994	0.00497	0.00745	0.00745	0.00745	0.00497	0.00497	0.00745	0.00745	0.00994	0.00994	0.01739	0.00994	0.01987	0.02235	0.83358	0.00497	0.00497	0.00248	0.00248
49	0.33323	0.10089	0.03831	0.03785	0.07655	0.06019	0.00958	0.16062	0.01470	0.06425	0.03292	0.01267	0.00941	0.00592	0.00461	0.00167	0.00570	0.00420	0.01924	0.00750
50	0.00786	0.00584	0.00732	0.00695	0.00840	0.00530	0.00521	0.01034	0.01564	0.02163	0.63777	0.04488	0.17729	0.01218	0.00675	0.00182	0.00273	0.01065	0.00612	0.00530
51	0.00981	0.00806	0.00891	0.00831	0.01049	0.00828	0.00634	0.01679	0.27061	0.02098	0.28931	0.03909	0.25825	0.01119	0.00643	0.00189	0.00339	0.00953	0.00583	0.00649
52	0.07798	0.01869	0.01542	0.01287	0.01662	0.27362	0.01019	0.34629	0.08370	0.04538	0.01405	0.01431	0.03209	0.00674	0.00542	0.00166	0.00724	0.00485	0.00466	0.00822
53	0.10523	0.06068	0.06245	0.01040	0.01310	0.03341	0.07902	0.07120	0.07276	0.01777	0.03089	0.05262	0.05368	0.27327	0.03731	0.00328	0.00620	0.00689	0.00384	0.00600
54	0.00711	0.00571	0.00637	0.00657	0.00813	0.00497	0.00488	0.00874	0.01321	0.01658	0.16445	0.17216	0.50096	0.01465	0.00689	0.00200	0.00304	0.04321	0.00547	0.00491
55	0.00702	0.00512	0.00662	0.00777	0.00832	0.00472	0.00530	0.00813	0.01132	0.01490	0.04763	0.68519	0.11609	0.01739	0.00725	0.00228	0.00331	0.03163	0.00533	0.00469
56	0.01351	0.01298	0.02183	0.14698	0.59209	0.01378	0.01689	0.01680	0.01243	0.01767	0.01040	0.01419	0.00872	0.00560	0.00675	0.00180	0.07132	0.00509	0.00276	0.00842
57	0.01296	0.01206	0.01954	0.16365	0.45193	0.01246	0.03770	0.06329	0.01366	0.01861	0.01772	0.02030	0.11791	0.00668	0.00587	0.00178	0.00644	0.00616	0.00333	0.00796
58	0.00697	0.00498	0.00664	0.00796	0.00830	0.00465	0.00531	0.00796	0.01095	0.01460	0.03153	0.79525	0.03783	0.01792	0.00730	0.00232	0.00332	0.01626	0.00531	0.00465
59	0.01206	0.09652	0.61202	0.01670	0.02450	0.01426	0.10996	0.01805	0.01221	0.01773	0.01022	0.01224	0.00743	0.00531	0.00544	0.00177	0.00839	0.00444	0.00248	0.00826
60	0.08732	0.01361	0.01521	0.09027	0.01835	0.01502	0.01034	0.47216	0.04381	0.09813	0.01458	0.01572	0.01059	0.00685	0.00551	0.00175	0.00589	0.02038	0.04573	0.00876
61	0.03626	0.06504	0.13213	0.01796	0.06746	0.08784	0.25801	0.09832	0.05476	0.01972	0.01282	0.06490	0.01070	0.00639	0.00613	0.00180	0.02394	0.00598	0.00345	0.02638
62	0.07928	0.16548	0.02775	0.01030	0.01234	0.01247	0.02363	0.01321	0.00995	0.02834	0.01253	0.03502	0.01184	0.06966	0.31748	0.00499	0.13775	0.00541	0.01665	0.00591

[dist]
# distance from previous block
# <min> <max>
0	11

# created by:
# /st0/software/busco_prod/Augustus/scripts/msa2prfl.pl ./align_prep/123218.fa
