[name]
unknown

[dist]
# distance from previous block
# <min> <max>
1	1035

[block]
# block no. 0 follows, 42 sequences, length 27
# corresponding to MSA columns:
# 1044-1070
name=unknown_A
#
# <colnr> <probs for GDERKNQSTAVLIFYWHMCP>
#	G	D	E	R	K	N	Q	S	T	A	V	L	I	F	Y	W	H	M	C	P
0	0.09105	0.05734	0.15570	0.05819	0.09153	0.08466	0.07678	0.08668	0.05219	0.09220	0.01250	0.01502	0.00966	0.00614	0.00577	0.00173	0.03358	0.02873	0.00366	0.03687
1	0.11990	0.01687	0.11964	0.08753	0.14122	0.16663	0.06503	0.01840	0.05245	0.04017	0.01191	0.04027	0.00989	0.00610	0.00528	0.00169	0.00709	0.02270	0.00328	0.06396
2	0.10913	0.01575	0.14138	0.10015	0.21098	0.05480	0.04368	0.08571	0.04164	0.05888	0.03225	0.01417	0.00985	0.00580	0.00559	0.00172	0.02329	0.00481	0.00347	0.03696
3	0.01362	0.01292	0.02034	0.21619	0.51024	0.05219	0.01598	0.01687	0.01263	0.03799	0.01120	0.03444	0.00936	0.00558	0.00560	0.00173	0.00692	0.00524	0.00290	0.00805
4	0.06873	0.03621	0.01462	0.05038	0.15108	0.01013	0.00942	0.03849	0.02845	0.10495	0.01166	0.01309	0.00908	0.00495	0.00467	0.00126	0.00499	0.00407	0.00371	0.43006
5	0.01502	0.01349	0.02149	0.03116	0.65705	0.03860	0.01606	0.01869	0.04110	0.07521	0.01186	0.01446	0.00955	0.00529	0.00557	0.00168	0.00657	0.00507	0.00322	0.00888
6	0.00768	0.00567	0.00719	0.00704	0.00834	0.00518	0.00524	0.00998	0.01485	0.02048	0.56480	0.12536	0.15434	0.01266	0.00673	0.00186	0.00281	0.02871	0.00593	0.00515
7	0.00778	0.00566	0.00732	0.00708	0.00834	0.00520	0.00524	0.01019	0.01522	0.02130	0.64787	0.12142	0.09172	0.01230	0.00669	0.00183	0.00273	0.01088	0.00604	0.00520
8	0.00776	0.00574	0.00724	0.00687	0.00828	0.00522	0.00515	0.01023	0.01545	0.02144	0.65551	0.04390	0.16244	0.01193	0.00664	0.00179	0.00269	0.01044	0.00605	0.00522
9	0.00717	0.00572	0.00643	0.00625	0.00792	0.00497	0.00469	0.00909	0.01406	0.01814	0.33869	0.04933	0.48133	0.01316	0.00665	0.00185	0.00277	0.01120	0.00561	0.00497
10	0.00916	0.00661	0.00910	0.01031	0.01164	0.00667	0.00893	0.01215	0.03819	0.01698	0.02960	0.08778	0.03204	0.01535	0.00768	0.00256	0.00509	0.67966	0.00520	0.00529
11	0.84197	0.01088	0.00827	0.00740	0.01088	0.01262	0.00609	0.01654	0.00958	0.02525	0.00784	0.00914	0.00609	0.00522	0.00348	0.00174	0.00435	0.00305	0.00348	0.00609
12	0.01915	0.00977	0.01244	0.00926	0.01390	0.00793	0.00755	0.02147	0.01411	0.43297	0.01672	0.01579	0.01142	0.00571	0.00499	0.00133	0.00451	0.00462	0.00533	0.38102
13	0.01400	0.01209	0.01273	0.01145	0.01463	0.01400	0.00891	0.02990	0.75695	0.02354	0.02291	0.02100	0.01718	0.00764	0.00573	0.00191	0.00445	0.00636	0.00573	0.00891
14	0.80002	0.01082	0.00852	0.00753	0.01106	0.01240	0.00621	0.01710	0.00991	0.06356	0.00857	0.00966	0.00650	0.00531	0.00359	0.00174	0.00438	0.00318	0.00366	0.00627
15	0.02293	0.01329	0.01536	0.01178	0.01622	0.01379	0.00973	0.46041	0.02232	0.32925	0.01698	0.01577	0.01131	0.00684	0.00564	0.00171	0.00563	0.00530	0.00616	0.00957
16	0.84197	0.01088	0.00827	0.00740	0.01088	0.01262	0.00609	0.01654	0.00958	0.02525	0.00784	0.00914	0.00609	0.00522	0.00348	0.00174	0.00435	0.00305	0.00348	0.00609
17	0.01393	0.01337	0.02284	0.03454	0.76712	0.01337	0.01727	0.01727	0.01281	0.01839	0.01059	0.01393	0.00891	0.00501	0.00557	0.00167	0.00669	0.00501	0.00279	0.00891
18	0.02139	0.01576	0.01689	0.01295	0.01745	0.01745	0.01070	0.74835	0.02646	0.03547	0.01351	0.01351	0.00957	0.00676	0.00563	0.00169	0.00619	0.00507	0.00563	0.00957
19	0.01229	0.01170	0.01988	0.40869	0.40577	0.01294	0.01646	0.01584	0.01204	0.01640	0.01030	0.01446	0.00821	0.00532	0.00560	0.00177	0.00709	0.00501	0.00264	0.00759
20	0.00690	0.00493	0.00656	0.00781	0.00817	0.00460	0.00523	0.00793	0.01096	0.01466	0.05688	0.77187	0.03778	0.01741	0.00716	0.00227	0.00324	0.01579	0.00526	0.00460
21	0.06712	0.00985	0.01294	0.00998	0.01429	0.00881	0.00824	0.05138	0.01612	0.70766	0.02117	0.01845	0.01338	0.00687	0.00555	0.00174	0.00481	0.00550	0.00674	0.00940
22	0.00716	0.00572	0.00640	0.00623	0.00791	0.00497	0.00467	0.00905	0.01402	0.01803	0.32835	0.04951	0.49173	0.01320	0.00665	0.00185	0.00278	0.01122	0.00560	0.00497
23	0.01505	0.80561	0.02949	0.00963	0.01444	0.02227	0.00963	0.01685	0.01143	0.01324	0.00782	0.00903	0.00722	0.00481	0.00361	0.00120	0.00602	0.00301	0.00241	0.00722
24	0.00685	0.00493	0.00650	0.00775	0.00814	0.00458	0.00519	0.00785	0.01086	0.01440	0.03208	0.76812	0.06697	0.01749	0.00716	0.00227	0.00325	0.01583	0.00522	0.00458
25	0.04694	0.00998	0.01316	0.01012	0.01446	0.00893	0.00836	0.06988	0.01655	0.70739	0.02130	0.01855	0.01346	0.00691	0.00560	0.00174	0.00486	0.00555	0.00679	0.00948
26	0.06770	0.01490	0.05427	0.01221	0.01668	0.01530	0.01041	0.48697	0.10812	0.13294	0.01529	0.01482	0.01072	0.00673	0.00551	0.00173	0.00580	0.00514	0.00553	0.00923

[dist]
# distance from previous block
# <min> <max>
3	13

[block]
# block no. 1 follows, 42 sequences, length 28
# corresponding to MSA columns:
# 1084-1111
name=unknown_B
#
# <colnr> <probs for GDERKNQSTAVLIFYWHMCP>
#	G	D	E	R	K	N	Q	S	T	A	V	L	I	F	Y	W	H	M	C	P
0	0.00801	0.00585	0.00690	0.00657	0.00821	0.00518	0.00492	0.01005	0.01440	0.04493	0.41746	0.04626	0.35335	0.03429	0.00722	0.00193	0.00289	0.01069	0.00573	0.00517
1	0.01129	0.02911	0.77306	0.01604	0.02436	0.01307	0.02079	0.01782	0.01188	0.01782	0.01010	0.01188	0.00713	0.00535	0.00535	0.00178	0.00832	0.00416	0.00238	0.00832
2	0.00721	0.00572	0.00648	0.00629	0.00795	0.00499	0.00472	0.00916	0.01415	0.01835	0.35940	0.04898	0.46048	0.01308	0.00665	0.00184	0.00277	0.01115	0.00564	0.00499
3	0.00711	0.00572	0.00633	0.00618	0.00788	0.00495	0.00463	0.00896	0.01390	0.01776	0.30262	0.04995	0.51763	0.01330	0.00665	0.00186	0.00278	0.01129	0.00556	0.00495
4	0.02109	0.02491	0.01611	0.01423	0.01741	0.64775	0.01084	0.14807	0.01777	0.01753	0.00953	0.01073	0.00765	0.00596	0.00517	0.00149	0.00946	0.00387	0.00337	0.00705
5	0.02512	0.00979	0.01319	0.01011	0.01447	0.00858	0.00835	0.05183	0.01646	0.74611	0.02191	0.01896	0.01378	0.00696	0.00566	0.00174	0.00484	0.00564	0.00692	0.00958
6	0.01505	0.80561	0.02949	0.00963	0.01444	0.02227	0.00963	0.01685	0.01143	0.01324	0.00782	0.00903	0.00722	0.00481	0.00361	0.00120	0.00602	0.00301	0.00241	0.00722
7	0.02188	0.01499	0.01641	0.01258	0.01707	0.01630	0.01039	0.65801	0.02516	0.12764	0.01460	0.01422	0.01012	0.00678	0.00563	0.00170	0.00602	0.00514	0.00580	0.00957
8	0.00907	0.00648	0.00907	0.01036	0.01166	0.00648	0.00907	0.01166	0.01296	0.01684	0.02980	0.06348	0.03239	0.01555	0.00777	0.00259	0.00518	0.72924	0.00518	0.00518
9	0.01328	0.01518	0.03321	0.02372	0.02941	0.01423	0.74668	0.01803	0.01328	0.01803	0.01139	0.01518	0.00854	0.00474	0.00664	0.00190	0.00949	0.00664	0.00285	0.00759
10	0.00777	0.00572	0.00726	0.00693	0.00830	0.00522	0.00518	0.01022	0.01538	0.02139	0.65297	0.06684	0.14180	0.01204	0.00666	0.00180	0.00270	0.01057	0.00604	0.00522
11	0.00804	0.00603	0.00904	0.00904	0.01005	0.00703	0.00703	0.01005	0.00904	0.01306	0.01507	0.02211	0.01407	0.04221	0.77992	0.00904	0.01507	0.00603	0.00301	0.00502
12	0.03237	0.03077	0.07579	0.32039	0.04377	0.05963	0.15803	0.12422	0.01404	0.01867	0.01046	0.01384	0.00795	0.00585	0.00654	0.00184	0.06042	0.00510	0.00307	0.00724
13	0.84197	0.01088	0.00827	0.00740	0.01088	0.01262	0.00609	0.01654	0.00958	0.02525	0.00784	0.00914	0.00609	0.00522	0.00348	0.00174	0.00435	0.00305	0.00348	0.00609
14	0.00686	0.00490	0.00653	0.00784	0.00816	0.00457	0.00522	0.00784	0.01077	0.01437	0.03102	0.79855	0.03722	0.01763	0.00718	0.00229	0.00326	0.01600	0.00522	0.00457
15	0.01505	0.80561	0.02949	0.00963	0.01444	0.02227	0.00963	0.01685	0.01143	0.01324	0.00782	0.00903	0.00722	0.00481	0.00361	0.00120	0.00602	0.00301	0.00241	0.00722
16	0.00789	0.00575	0.00741	0.00700	0.00836	0.00528	0.00525	0.01047	0.01574	0.02212	0.72114	0.04277	0.09639	0.01167	0.00664	0.00178	0.00267	0.01028	0.00614	0.00528
17	0.00691	0.00494	0.00658	0.00780	0.00817	0.00461	0.00523	0.00797	0.01103	0.01477	0.06677	0.76165	0.03800	0.01733	0.00716	0.00226	0.00324	0.01571	0.00527	0.00461
18	0.01466	0.01213	0.01289	0.01145	0.01472	0.01392	0.00895	0.05541	0.70453	0.05060	0.02255	0.02066	0.01679	0.00758	0.00572	0.00189	0.00453	0.00629	0.00577	0.00896
19	0.02102	0.02682	0.01595	0.01450	0.01740	0.77963	0.01087	0.02247	0.01595	0.01377	0.00870	0.01015	0.00725	0.00580	0.00507	0.00145	0.01015	0.00362	0.00290	0.00652
20	0.01393	0.01337	0.02284	0.03454	0.76712	0.01337	0.01727	0.01727	0.01281	0.01839	0.01059	0.01393	0.00891	0.00501	0.00557	0.00167	0.00669	0.00501	0.00279	0.00891
21	0.00796	0.00587	0.00753	0.00715	0.00858	0.00531	0.00531	0.01037	0.01502	0.02113	0.61447	0.12025	0.08577	0.01193	0.00657	0.00178	0.00280	0.01054	0.00590	0.04575
22	0.01328	0.01114	0.01248	0.00961	0.01410	0.01019	0.00766	0.09510	0.20237	0.02145	0.01364	0.01423	0.01071	0.00532	0.00472	0.00120	0.00445	0.00428	0.00418	0.53988
23	0.00797	0.00603	0.00751	0.00775	0.00904	0.00544	0.00546	0.02543	0.01157	0.01573	0.06610	0.50501	0.10682	0.04180	0.03402	0.00234	0.00386	0.01267	0.00488	0.12058
24	0.01532	0.09798	0.07551	0.03017	0.01824	0.10819	0.09491	0.16307	0.01436	0.01893	0.01074	0.01326	0.02556	0.00720	0.00957	0.00188	0.26011	0.00486	0.00327	0.02688
25	0.01224	0.19382	0.53179	0.01487	0.02174	0.01538	0.04531	0.01732	0.01161	0.01654	0.00947	0.01143	0.00722	0.00553	0.00596	0.00171	0.06371	0.00406	0.00241	0.00790
26	0.01269	0.01403	0.02958	0.19379	0.03149	0.01385	0.58415	0.01722	0.01283	0.01722	0.01108	0.01514	0.00831	0.00494	0.00642	0.00189	0.00905	0.00628	0.00277	0.00729
27	0.01663	0.01862	0.02058	0.02642	0.45052	0.30840	0.04246	0.01930	0.01404	0.01660	0.00989	0.01252	0.00826	0.00531	0.00542	0.00159	0.00813	0.00454	0.00283	0.00794

[dist]
# distance from previous block
# <min> <max>
0	27

[block]
# block no. 2 follows, 42 sequences, length 61
# corresponding to MSA columns:
# 1139-1199
name=unknown_C
#
# <colnr> <probs for GDERKNQSTAVLIFYWHMCP>
#	G	D	E	R	K	N	Q	S	T	A	V	L	I	F	Y	W	H	M	C	P
0	0.80106	0.01178	0.04594	0.00783	0.01155	0.01265	0.00682	0.01661	0.00969	0.02488	0.00795	0.00928	0.00615	0.00523	0.00357	0.00174	0.00455	0.00310	0.00343	0.00620
1	0.00790	0.00575	0.00743	0.00701	0.00837	0.00528	0.00526	0.01049	0.01577	0.02220	0.72866	0.04265	0.08882	0.01164	0.00664	0.00178	0.00266	0.01026	0.00615	0.00528
2	0.01162	0.00996	0.01156	0.00836	0.01324	0.00762	0.00668	0.01448	0.03306	0.01841	0.01150	0.01295	0.02667	0.00451	0.00427	0.00089	0.00414	0.00363	0.00345	0.79302
3	0.01231	0.01231	0.01724	0.01477	0.01477	0.01724	0.01231	0.01354	0.00862	0.01354	0.00739	0.01231	0.00739	0.00985	0.01847	0.00246	0.79192	0.00492	0.00246	0.00616
4	0.01231	0.01231	0.01724	0.01477	0.01477	0.01724	0.01231	0.01354	0.00862	0.01354	0.00739	0.01231	0.00739	0.00985	0.01847	0.00246	0.79192	0.00492	0.00246	0.00616
5	0.00694	0.00496	0.00662	0.00793	0.00829	0.00464	0.00537	0.00798	0.01086	0.01446	0.03097	0.77137	0.03704	0.01755	0.00720	0.00230	0.00334	0.04237	0.00522	0.00459
6	0.00700	0.00500	0.00669	0.00799	0.00838	0.00469	0.00546	0.00808	0.01091	0.01452	0.03094	0.75248	0.03692	0.01750	0.00722	0.00230	0.00339	0.06070	0.00522	0.00461
7	0.71056	0.01166	0.00965	0.00829	0.01194	0.01340	0.00683	0.13374	0.01228	0.02689	0.00874	0.00984	0.00665	0.00547	0.00383	0.00173	0.00465	0.00337	0.00383	0.00665
8	0.01265	0.01063	0.01138	0.01029	0.01313	0.01186	0.00802	0.05925	0.52818	0.02280	0.10929	0.02816	0.11453	0.00904	0.00599	0.00190	0.00416	0.02512	0.00570	0.00793
9	0.03241	0.00587	0.00654	0.00633	0.00799	0.00524	0.00473	0.00938	0.01387	0.01841	0.34473	0.04734	0.42880	0.03504	0.00717	0.00194	0.00289	0.01081	0.00552	0.00498
10	0.06058	0.22674	0.04107	0.01194	0.01651	0.05227	0.01047	0.46395	0.02073	0.02757	0.01140	0.01190	0.00860	0.00608	0.00495	0.00155	0.00629	0.00433	0.00445	0.00860
11	0.01470	0.01135	0.03405	0.00944	0.01438	0.00923	0.00785	0.12541	0.01440	0.10881	0.01195	0.01282	0.00914	0.00491	0.00459	0.00109	0.00466	0.00389	0.00407	0.59323
12	0.01895	0.18208	0.01818	0.01233	0.01598	0.32168	0.01008	0.24367	0.01792	0.02087	0.01110	0.01288	0.00900	0.00616	0.00493	0.00149	0.00748	0.02082	0.05691	0.00749
13	0.00904	0.00663	0.02154	0.04712	0.01096	0.00610	0.00681	0.01165	0.01473	0.05309	0.49806	0.06480	0.06221	0.02822	0.00719	0.00201	0.00361	0.13504	0.00569	0.00550
14	0.01148	0.06808	0.73575	0.01572	0.02386	0.01353	0.02023	0.01777	0.01186	0.01759	0.00999	0.01174	0.00713	0.00532	0.00526	0.00175	0.00820	0.00410	0.00238	0.00826
15	0.00818	0.00546	0.00614	0.00614	0.00614	0.00546	0.00341	0.00818	0.00818	0.01091	0.01773	0.03683	0.02046	0.80222	0.02864	0.00546	0.00546	0.00818	0.00341	0.00341
16	0.01421	0.01253	0.01282	0.01154	0.01472	0.03708	0.00897	0.02968	0.73462	0.02325	0.02248	0.02067	0.01688	0.00758	0.00571	0.00189	0.00463	0.00628	0.00564	0.00884
17	0.02150	0.01032	0.01262	0.00990	0.01373	0.00998	0.00810	0.20280	0.01797	0.45060	0.03788	0.01862	0.01391	0.00696	0.00540	0.00166	0.00474	0.00556	0.13898	0.00878
18	0.01311	0.01255	0.02129	0.21192	0.57615	0.01326	0.01676	0.01649	0.01234	0.01732	0.01037	0.01414	0.00854	0.00528	0.00591	0.00174	0.02688	0.00501	0.00271	0.00822
19	0.01527	0.60864	0.04336	0.01103	0.03538	0.01970	0.02756	0.03941	0.02757	0.05837	0.01020	0.03963	0.00908	0.00569	0.00456	0.00138	0.02881	0.00400	0.00296	0.00741
20	0.00818	0.00546	0.00614	0.00614	0.00614	0.00546	0.00341	0.00818	0.00818	0.01091	0.01773	0.03683	0.02046	0.80222	0.02864	0.00546	0.00546	0.00818	0.00341	0.00341
21	0.01063	0.01000	0.01688	0.78870	0.03876	0.01250	0.01563	0.01438	0.01125	0.01438	0.01000	0.01500	0.00750	0.00563	0.00563	0.00188	0.00750	0.00500	0.00250	0.00625
22	0.01540	0.76008	0.02870	0.00991	0.01462	0.06655	0.00970	0.01718	0.01170	0.01327	0.00787	0.00909	0.00722	0.00487	0.00370	0.00122	0.00626	0.00305	0.00244	0.00718
23	0.01637	0.01212	0.01429	0.01225	0.03307	0.01364	0.00960	0.38056	0.01863	0.06383	0.03549	0.10212	0.01553	0.07348	0.00985	0.00223	0.13145	0.04296	0.00489	0.00765
24	0.02275	0.01027	0.01310	0.01036	0.01446	0.00970	0.00845	0.07107	0.13861	0.58573	0.03944	0.01966	0.01513	0.00717	0.00569	0.00177	0.00477	0.00585	0.00666	0.00937
25	0.00706	0.00569	0.00624	0.00616	0.00781	0.00492	0.00457	0.00878	0.01352	0.01713	0.25236	0.07200	0.52766	0.03233	0.00719	0.00196	0.00287	0.01144	0.00545	0.00487
26	0.01281	0.01085	0.01299	0.00946	0.01426	0.00911	0.02633	0.09581	0.01325	0.02007	0.01034	0.01199	0.00845	0.00466	0.00488	0.00101	0.03129	0.00367	0.00355	0.69523
27	0.00697	0.00556	0.00627	0.00673	0.00806	0.00493	0.00486	0.00858	0.02620	0.01536	0.07054	0.31505	0.45177	0.01526	0.00685	0.00205	0.00308	0.03183	0.00527	0.00480
28	0.00665	0.00570	0.00570	0.00570	0.00760	0.00475	0.00428	0.00808	0.01283	0.01520	0.05701	0.05416	0.76483	0.01425	0.00665	0.00190	0.00285	0.01188	0.00523	0.00475
29	0.01545	0.34125	0.20874	0.01371	0.03606	0.10438	0.06063	0.11146	0.02804	0.01789	0.00978	0.01116	0.00781	0.00536	0.00474	0.00150	0.00728	0.00397	0.00297	0.00781
30	0.13718	0.42211	0.27998	0.01148	0.01729	0.01769	0.01291	0.01714	0.01131	0.01660	0.00860	0.01002	0.00702	0.00506	0.00418	0.00148	0.00655	0.00341	0.00256	0.00743
31	0.00674	0.00570	0.00582	0.00579	0.00765	0.00479	0.00434	0.00825	0.01303	0.01569	0.10399	0.05335	0.71755	0.01407	0.00665	0.00189	0.00284	0.01176	0.00529	0.00479
32	0.00796	0.00530	0.00694	0.00760	0.00821	0.00501	0.00520	0.00891	0.02811	0.02866	0.09478	0.49111	0.08930	0.03805	0.01005	0.13924	0.00356	0.01270	0.00485	0.00446
33	0.03636	0.10935	0.01732	0.01193	0.01614	0.03218	0.00996	0.53322	0.02228	0.08232	0.01368	0.02843	0.01034	0.02597	0.02334	0.00189	0.00625	0.00509	0.00512	0.00882
34	0.01063	0.01000	0.01688	0.78870	0.03876	0.01250	0.01563	0.01438	0.01125	0.01438	0.01000	0.01500	0.00750	0.00563	0.00563	0.00188	0.00750	0.00500	0.00250	0.00625
35	0.25175	0.05661	0.01472	0.01322	0.05058	0.49363	0.00977	0.02031	0.01380	0.01720	0.00850	0.00999	0.00700	0.00556	0.00458	0.00153	0.00817	0.00350	0.00304	0.00655
36	0.22516	0.01019	0.01191	0.13108	0.01559	0.02608	0.00908	0.03247	0.01055	0.01882	0.01078	0.01443	0.00901	0.02605	0.00906	0.00196	0.23907	0.00458	0.18816	0.00598
37	0.00692	0.00508	0.00650	0.00749	0.00811	0.00466	0.00510	0.00810	0.01147	0.01515	0.09424	0.63655	0.13662	0.01668	0.00707	0.00219	0.00316	0.01497	0.00530	0.00466
38	0.01167	0.01000	0.01167	0.00834	0.01334	0.00750	0.00667	0.01417	0.01167	0.01834	0.01000	0.01167	0.00834	0.00417	0.00417	0.00083	0.00417	0.00333	0.00333	0.83663
39	0.00789	0.00577	0.00738	0.00705	0.00840	0.00530	0.00530	0.01038	0.01538	0.02147	0.66067	0.04370	0.11369	0.02979	0.00718	0.00189	0.00282	0.03471	0.00601	0.00521
40	0.00683	0.00560	0.00603	0.00616	0.00777	0.00479	0.00453	0.00834	0.01291	0.01595	0.13649	0.15550	0.58078	0.01440	0.00672	0.00194	0.00288	0.01225	0.00534	0.00479
41	0.00796	0.00575	0.00752	0.00708	0.00841	0.00531	0.00531	0.01062	0.01593	0.02257	0.76415	0.04204	0.05310	0.01150	0.00664	0.00177	0.00265	0.01018	0.00619	0.00531
42	0.84197	0.01088	0.00827	0.00740	0.01088	0.01262	0.00609	0.01654	0.00958	0.02525	0.00784	0.00914	0.00609	0.00522	0.00348	0.00174	0.00435	0.00305	0.00348	0.00609
43	0.84197	0.01088	0.00827	0.00740	0.01088	0.01262	0.00609	0.01654	0.00958	0.02525	0.00784	0.00914	0.00609	0.00522	0.00348	0.00174	0.00435	0.00305	0.00348	0.00609
44	0.01400	0.01209	0.01273	0.01145	0.01463	0.01400	0.00891	0.02990	0.75695	0.02354	0.02291	0.02100	0.01718	0.00764	0.00573	0.00191	0.00445	0.00636	0.00573	0.00891
45	0.02057	0.02606	0.01602	0.01451	0.01726	0.73966	0.01095	0.02200	0.01556	0.01376	0.00863	0.01026	0.00726	0.00601	0.00578	0.00150	0.05114	0.00369	0.00288	0.00650
46	0.00807	0.00590	0.00840	0.00840	0.00919	0.00669	0.00624	0.00964	0.00885	0.01259	0.01566	0.02535	0.01548	0.20968	0.61437	0.00825	0.01295	0.00650	0.00310	0.00467
47	0.00804	0.00603	0.00904	0.00904	0.01005	0.00703	0.00703	0.01005	0.00904	0.01306	0.01507	0.02211	0.01407	0.04221	0.77992	0.00904	0.01507	0.00603	0.00301	0.00502
48	0.00665	0.00570	0.00570	0.00570	0.00760	0.00475	0.00428	0.00808	0.01283	0.01520	0.05701	0.05416	0.76483	0.01425	0.00665	0.00190	0.00285	0.01188	0.00523	0.00475
49	0.01328	0.01518	0.03321	0.02372	0.02941	0.01423	0.74668	0.01803	0.01328	0.01803	0.01139	0.01518	0.00854	0.00474	0.00664	0.00190	0.00949	0.00664	0.00285	0.00759
50	0.02466	0.01010	0.01333	0.01027	0.01460	0.00910	0.00847	0.08002	0.03702	0.69708	0.02159	0.01879	0.01370	0.00697	0.00566	0.00174	0.00488	0.00564	0.00683	0.00956
51	0.00699	0.00500	0.00665	0.00775	0.00819	0.00466	0.00523	0.00817	0.01139	0.01534	0.11797	0.70882	0.03910	0.01690	0.00712	0.00222	0.00319	0.01531	0.00534	0.00466
52	0.00845	0.00587	0.00771	0.00725	0.00865	0.00542	0.00549	0.01109	0.01585	0.04201	0.72473	0.04202	0.05151	0.01150	0.00664	0.00179	0.00278	0.02963	0.00619	0.00542
53	0.02087	0.01550	0.01659	0.01284	0.01725	0.01721	0.01057	0.69736	0.07831	0.03462	0.01418	0.01404	0.01011	0.00682	0.00564	0.00170	0.00607	0.00516	0.00564	0.00952
54	0.01231	0.01056	0.01326	0.02977	0.10448	0.00879	0.00833	0.05644	0.01262	0.01910	0.01099	0.03885	0.00944	0.00491	0.00456	0.00106	0.00463	0.00410	0.00344	0.64236
55	0.00824	0.00545	0.00612	0.00612	0.00615	0.00545	0.00342	0.00831	0.00827	0.01116	0.01775	0.03644	0.02031	0.78263	0.02804	0.00535	0.00539	0.00811	0.02385	0.00346
56	0.00686	0.00490	0.00653	0.00784	0.00816	0.00457	0.00522	0.00784	0.01077	0.01437	0.03102	0.79855	0.03722	0.01763	0.00718	0.00229	0.00326	0.01600	0.00522	0.00457
57	0.00749	0.00550	0.00701	0.00763	0.00804	0.00546	0.00514	0.00842	0.01061	0.01424	0.08338	0.49366	0.07658	0.18605	0.01231	0.00292	0.04324	0.01307	0.00477	0.00447
58	0.01483	0.76078	0.07241	0.01000	0.01502	0.02174	0.01027	0.01691	0.01146	0.01350	0.00796	0.00919	0.00722	0.00485	0.00371	0.00124	0.00615	0.00308	0.00241	0.00729
59	0.01475	0.74484	0.08769	0.01013	0.01522	0.02155	0.01050	0.01693	0.01147	0.01360	0.00800	0.00925	0.00721	0.00486	0.00375	0.00125	0.00620	0.00310	0.00240	0.00731
60	0.01615	0.01176	0.01326	0.01125	0.01447	0.01267	0.00926	0.40541	0.07302	0.04755	0.09298	0.04916	0.04789	0.00969	0.00626	0.00193	0.00528	0.15852	0.00561	0.00788

[dist]
# distance from previous block
# <min> <max>
1	2

[block]
# block no. 3 follows, 42 sequences, length 9
# corresponding to MSA columns:
# 1202-1210
name=unknown_D
#
# <colnr> <probs for GDERKNQSTAVLIFYWHMCP>
#	G	D	E	R	K	N	Q	S	T	A	V	L	I	F	Y	W	H	M	C	P
0	0.01164	0.11536	0.56249	0.01529	0.02243	0.01363	0.08267	0.01717	0.01227	0.01768	0.06852	0.01419	0.01084	0.00571	0.00536	0.00172	0.00772	0.00471	0.00272	0.00789
1	0.01567	0.48746	0.12978	0.01176	0.01648	0.14304	0.01159	0.05559	0.01285	0.01513	0.00855	0.01002	0.00734	0.00542	0.00500	0.00142	0.04945	0.00348	0.00265	0.00733
2	0.01057	0.00737	0.00934	0.00955	0.01136	0.00737	0.00779	0.03256	0.10883	0.06854	0.08764	0.16277	0.07685	0.01337	0.00697	0.00222	0.00442	0.34040	0.00543	0.02665
3	0.06395	0.38620	0.19249	0.01250	0.03733	0.01708	0.04948	0.04059	0.01235	0.03878	0.05889	0.01287	0.01054	0.00574	0.00516	0.00154	0.03990	0.00421	0.00299	0.00744
4	0.11939	0.15681	0.39965	0.01285	0.01911	0.01456	0.01470	0.09902	0.01338	0.05883	0.01195	0.01297	0.03221	0.00577	0.00490	0.00167	0.00682	0.00425	0.00321	0.00794
5	0.08776	0.01126	0.01036	0.02431	0.02535	0.12060	0.00734	0.13171	0.03842	0.02137	0.01636	0.05918	0.03420	0.00905	0.04393	0.00196	0.03157	0.00561	0.31330	0.00637
6	0.01223	0.03139	0.01014	0.00869	0.01070	0.00977	0.00684	0.12888	0.12384	0.02106	0.03605	0.02476	0.05322	0.07772	0.06686	0.00256	0.04749	0.04353	0.27790	0.00637
7	0.01073	0.00791	0.00990	0.00983	0.02984	0.00798	0.02323	0.15307	0.03511	0.03452	0.06310	0.43142	0.07880	0.04420	0.00755	0.00221	0.00421	0.03522	0.00521	0.00596
8	0.06971	0.12731	0.05623	0.10774	0.03331	0.12552	0.01103	0.21326	0.05338	0.06034	0.01333	0.01453	0.03559	0.00738	0.02697	0.00186	0.02614	0.00474	0.00394	0.00768

[dist]
# distance from previous block
# <min> <max>
10	42

[block]
# block no. 4 follows, 42 sequences, length 49
# corresponding to MSA columns:
# 1259-1307
name=unknown_E
#
# <colnr> <probs for GDERKNQSTAVLIFYWHMCP>
#	G	D	E	R	K	N	Q	S	T	A	V	L	I	F	Y	W	H	M	C	P
0	0.06422	0.13145	0.01699	0.01256	0.05523	0.11770	0.00978	0.31527	0.03648	0.08487	0.03410	0.01552	0.03278	0.02788	0.00579	0.00170	0.00619	0.00496	0.01846	0.00808
1	0.08242	0.02464	0.01254	0.01059	0.01277	0.05465	0.00855	0.14474	0.01345	0.05796	0.03421	0.01672	0.01180	0.01673	0.21696	0.00374	0.15329	0.00514	0.08119	0.03790
2	0.25322	0.08124	0.01432	0.03528	0.01500	0.03215	0.00880	0.29663	0.04529	0.09646	0.01319	0.04633	0.01023	0.00661	0.00487	0.00169	0.00540	0.00485	0.02055	0.00788
3	0.00817	0.00616	0.00902	0.00895	0.00984	0.00719	0.00686	0.00998	0.00896	0.01289	0.01509	0.02313	0.01444	0.10864	0.69165	0.00854	0.03635	0.00619	0.00303	0.00491
4	0.01483	0.36273	0.28673	0.01320	0.01890	0.16375	0.03487	0.01830	0.01251	0.01508	0.00889	0.01041	0.00723	0.00519	0.00458	0.00147	0.00771	0.00363	0.00250	0.00748
5	0.01055	0.03501	0.01468	0.34578	0.02367	0.03374	0.03119	0.03037	0.01122	0.01476	0.01555	0.23063	0.01592	0.01056	0.02876	0.00223	0.12813	0.00799	0.00335	0.00589
6	0.00686	0.00490	0.00653	0.00784	0.00816	0.00457	0.00522	0.00784	0.01077	0.01437	0.03102	0.79855	0.03722	0.01763	0.00718	0.00229	0.00326	0.01600	0.00522	0.00457
7	0.01373	0.01325	0.02285	0.07521	0.70387	0.01335	0.04055	0.01714	0.01274	0.01816	0.01058	0.01403	0.00883	0.00504	0.00561	0.00169	0.00682	0.00507	0.00277	0.00873
8	0.03192	0.35228	0.37357	0.01320	0.03538	0.01652	0.02799	0.01694	0.01184	0.01619	0.03418	0.01257	0.02445	0.00548	0.00467	0.00154	0.00695	0.00407	0.00261	0.00764
9	0.00673	0.00539	0.00602	0.00653	0.00782	0.00468	0.00464	0.00798	0.01203	0.01488	0.04690	0.34375	0.48177	0.01557	0.00686	0.00205	0.00301	0.01348	0.00523	0.00468
10	0.01505	0.80561	0.02949	0.00963	0.01444	0.02227	0.00963	0.01685	0.01143	0.01324	0.00782	0.00903	0.00722	0.00481	0.00361	0.00120	0.00602	0.00301	0.00241	0.00722
11	0.01145	0.00981	0.01155	0.00846	0.01312	0.00758	0.00673	0.01385	0.01156	0.01804	0.01096	0.04969	0.00971	0.00495	0.00464	0.00094	0.02212	0.00398	0.00341	0.77746
12	0.00901	0.08602	0.00959	0.00720	0.00907	0.00701	0.00566	0.01136	0.01496	0.04437	0.54568	0.04003	0.16693	0.01115	0.00631	0.00173	0.00309	0.00960	0.00568	0.00554
13	0.02489	0.01016	0.01342	0.01029	0.01465	0.00913	0.00850	0.09493	0.01708	0.70215	0.02139	0.01863	0.01352	0.00695	0.00566	0.00174	0.00492	0.00560	0.00684	0.00958
14	0.02455	0.00942	0.01284	0.00989	0.01413	0.00815	0.00815	0.02675	0.01610	0.74080	0.05216	0.02008	0.01551	0.00715	0.00570	0.00174	0.00470	0.00584	0.00693	0.00941
15	0.04384	0.03600	0.01925	0.04761	0.04350	0.51846	0.13920	0.05600	0.01543	0.01607	0.00947	0.01145	0.00761	0.00560	0.00534	0.00157	0.00938	0.00429	0.00301	0.00692
16	0.01063	0.01000	0.01688	0.78870	0.03876	0.01250	0.01563	0.01438	0.01125	0.01438	0.01000	0.01500	0.00750	0.00563	0.00563	0.00188	0.00750	0.00500	0.00250	0.00625
17	0.00672	0.00566	0.00583	0.00588	0.00767	0.00477	0.00437	0.00818	0.01285	0.01549	0.08723	0.09410	0.69343	0.01431	0.00668	0.00192	0.00286	0.01203	0.00527	0.00477
18	0.01231	0.01231	0.01724	0.01477	0.01477	0.01724	0.01231	0.01354	0.00862	0.01354	0.00739	0.01231	0.00739	0.00985	0.01847	0.00246	0.79192	0.00492	0.00246	0.00616
19	0.01167	0.01000	0.01167	0.00834	0.01334	0.00750	0.00667	0.01417	0.01167	0.01834	0.01000	0.01167	0.00834	0.00417	0.00417	0.00083	0.00417	0.00333	0.00333	0.83663
20	0.02102	0.02682	0.01595	0.01450	0.01740	0.77963	0.01087	0.02247	0.01595	0.01377	0.00870	0.01015	0.00725	0.00580	0.00507	0.00145	0.01015	0.00362	0.00290	0.00652
21	0.01840	0.36788	0.02188	0.01237	0.01610	0.44795	0.01033	0.02001	0.01397	0.01354	0.00832	0.00966	0.00724	0.00537	0.00443	0.00134	0.00834	0.00336	0.00268	0.00683
22	0.04203	0.04235	0.01911	0.01513	0.01643	0.01601	0.12293	0.02864	0.00983	0.01497	0.00879	0.01368	0.00823	0.03282	0.05042	0.00267	0.54175	0.00519	0.00267	0.00635
23	0.01063	0.01000	0.01688	0.78870	0.03876	0.01250	0.01563	0.01438	0.01125	0.01438	0.01000	0.01500	0.00750	0.00563	0.00563	0.00188	0.00750	0.00500	0.00250	0.00625
24	0.01393	0.01337	0.02284	0.03454	0.76712	0.01337	0.01727	0.01727	0.01281	0.01839	0.01059	0.01393	0.00891	0.00501	0.00557	0.00167	0.00669	0.00501	0.00279	0.00891
25	0.00669	0.00570	0.00575	0.00574	0.00762	0.00477	0.00431	0.00815	0.01292	0.01542	0.07766	0.05381	0.74405	0.01417	0.00665	0.00190	0.00284	0.01183	0.00525	0.00477
26	0.01901	0.02225	0.01750	0.06065	0.17436	0.51910	0.01245	0.07769	0.01586	0.01646	0.00954	0.01146	0.00779	0.00570	0.00525	0.00154	0.00898	0.00410	0.00307	0.00724
27	0.01193	0.01266	0.02524	0.23883	0.02927	0.01316	0.42579	0.01583	0.01217	0.01637	0.01232	0.07926	0.01052	0.00642	0.00724	0.00196	0.06442	0.00682	0.00292	0.00686
28	0.00805	0.00599	0.00885	0.00885	0.00979	0.00693	0.00679	0.00992	0.00899	0.01292	0.01525	0.02310	0.01450	0.09327	0.72944	0.00880	0.01443	0.00617	0.00304	0.00492
29	0.00701	0.00499	0.00650	0.00761	0.00810	0.00464	0.00514	0.00814	0.01116	0.01501	0.06740	0.69963	0.07522	0.01682	0.00703	0.00221	0.00319	0.01518	0.03039	0.00464
30	0.08937	0.01910	0.11941	0.01450	0.05843	0.17318	0.01217	0.35236	0.01904	0.02546	0.01104	0.01217	0.00829	0.00633	0.00606	0.00170	0.05459	0.00446	0.00409	0.00823
31	0.00754	0.00543	0.00709	0.00811	0.00874	0.00517	0.00570	0.03076	0.01175	0.01564	0.06655	0.65306	0.05794	0.01673	0.00714	0.00226	0.00348	0.07683	0.00528	0.00482
32	0.00857	0.00677	0.00989	0.00959	0.01042	0.00820	0.00749	0.01038	0.00895	0.01301	0.01428	0.02171	0.01360	0.07957	0.64561	0.00804	0.10989	0.00601	0.00297	0.00508
33	0.04747	0.01185	0.08057	0.01075	0.01520	0.00992	0.00947	0.06035	0.10483	0.53431	0.02014	0.01823	0.01327	0.00784	0.02762	0.00197	0.00541	0.00551	0.00612	0.00915
34	0.05412	0.01216	0.01653	0.34216	0.02593	0.01449	0.04027	0.19208	0.12008	0.02128	0.01233	0.01492	0.00932	0.00659	0.00698	0.00189	0.09248	0.00517	0.00376	0.00745
35	0.01591	0.01267	0.01435	0.05247	0.04075	0.01440	0.00975	0.30487	0.27847	0.02547	0.01670	0.01896	0.01330	0.10267	0.00913	0.00227	0.04879	0.00588	0.00497	0.00822
36	0.84197	0.01088	0.00827	0.00740	0.01088	0.01262	0.00609	0.01654	0.00958	0.02525	0.00784	0.00914	0.00609	0.00522	0.00348	0.00174	0.00435	0.00305	0.00348	0.00609
37	0.01063	0.00647	0.00823	0.00750	0.00937	0.00587	0.00572	0.02680	0.01538	0.13693	0.48576	0.08989	0.14646	0.01151	0.00651	0.00182	0.00312	0.01001	0.00610	0.00592
38	0.00731	0.00551	0.00716	0.03260	0.00947	0.00506	0.00557	0.00853	0.01105	0.01474	0.03123	0.64624	0.10204	0.01594	0.00686	0.00213	0.00343	0.01433	0.00500	0.06581
39	0.01167	0.01000	0.01167	0.00834	0.01334	0.00750	0.00667	0.01417	0.01167	0.01834	0.01000	0.01167	0.00834	0.00417	0.00417	0.00083	0.00417	0.00333	0.00333	0.83663
40	0.02139	0.01576	0.01689	0.01295	0.01745	0.01745	0.01070	0.74835	0.02646	0.03547	0.01351	0.01351	0.00957	0.00676	0.00563	0.00169	0.00619	0.00507	0.00563	0.00957
41	0.01469	0.09242	0.05104	0.04603	0.41363	0.07736	0.08484	0.05363	0.05721	0.01834	0.01098	0.01356	0.00895	0.00543	0.00579	0.00167	0.02818	0.00491	0.00304	0.00829
42	0.00724	0.00540	0.00721	0.00814	0.00857	0.00538	0.00564	0.00836	0.01094	0.01474	0.06831	0.66997	0.05898	0.01750	0.03028	0.00245	0.04646	0.01467	0.00506	0.00471
43	0.00779	0.00542	0.00686	0.00722	0.00752	0.00555	0.00467	0.00848	0.00908	0.01232	0.02082	0.24291	0.02371	0.42617	0.18148	0.00534	0.00689	0.00987	0.00382	0.00407
44	0.01310	0.01478	0.03160	0.06233	0.02918	0.01429	0.67390	0.01762	0.01295	0.01762	0.01112	0.01503	0.00843	0.00504	0.00716	0.00192	0.04718	0.00647	0.00281	0.00745
45	0.67213	0.01411	0.13645	0.00905	0.01338	0.01288	0.00873	0.04438	0.01060	0.02439	0.00843	0.00976	0.00640	0.00530	0.00388	0.00175	0.00509	0.00331	0.00338	0.00660
46	0.01391	0.01734	0.14603	0.12043	0.41252	0.10725	0.06713	0.01770	0.01289	0.01721	0.01026	0.01334	0.00822	0.00522	0.00555	0.00170	0.00767	0.00481	0.00270	0.00811
47	0.04535	0.01070	0.01274	0.01066	0.01415	0.03109	0.00863	0.02576	0.23610	0.40911	0.03912	0.02178	0.01610	0.00779	0.00635	0.00187	0.04281	0.04516	0.00605	0.00868
48	0.02003	0.00971	0.01233	0.01014	0.01371	0.00928	0.00826	0.09683	0.10002	0.45562	0.09155	0.05380	0.01983	0.00851	0.00598	0.00184	0.00467	0.06290	0.00641	0.00857

[dist]
# distance from previous block
# <min> <max>
0	1

[block]
# block no. 5 follows, 42 sequences, length 7
# corresponding to MSA columns:
# 1309-1315
name=unknown_F
#
# <colnr> <probs for GDERKNQSTAVLIFYWHMCP>
#	G	D	E	R	K	N	Q	S	T	A	V	L	I	F	Y	W	H	M	C	P
0	0.01250	0.07524	0.57959	0.01752	0.09102	0.01354	0.06332	0.01814	0.01221	0.05055	0.01061	0.01240	0.00768	0.00532	0.00535	0.00174	0.00794	0.00438	0.00264	0.00831
1	0.01715	0.01965	0.01914	0.07225	0.35946	0.38320	0.01408	0.01960	0.01423	0.01591	0.00964	0.01217	0.00802	0.00543	0.00533	0.00158	0.00841	0.00434	0.00282	0.00759
2	0.00978	0.00489	0.00733	0.00733	0.00733	0.00489	0.00489	0.00733	0.00733	0.00978	0.00978	0.01711	0.00978	0.01955	0.02199	0.83627	0.00489	0.00489	0.00244	0.00244
3	0.84197	0.01088	0.00827	0.00740	0.01088	0.01262	0.00609	0.01654	0.00958	0.02525	0.00784	0.00914	0.00609	0.00522	0.00348	0.00174	0.00435	0.00305	0.00348	0.00609
4	0.01146	0.01094	0.01760	0.55986	0.03274	0.04910	0.10933	0.01510	0.01181	0.01560	0.01110	0.01549	0.00843	0.00563	0.00553	0.00179	0.00732	0.00518	0.09967	0.00632
5	0.01261	0.00808	0.00984	0.00828	0.01122	0.00717	0.00644	0.03956	0.05956	0.16002	0.23776	0.09342	0.11369	0.00941	0.00584	0.00161	0.00370	0.00804	0.00544	0.19830
6	0.05114	0.46319	0.05827	0.01072	0.01524	0.05946	0.01004	0.15447	0.06190	0.01919	0.04132	0.01219	0.01014	0.00573	0.00440	0.00143	0.00607	0.00399	0.00345	0.00765

[dist]
# distance from previous block
# <min> <max>
1	2

[block]
# block no. 6 follows, 42 sequences, length 72
# corresponding to MSA columns:
# 1318-1389
name=unknown_G
#
# <colnr> <probs for GDERKNQSTAVLIFYWHMCP>
#	G	D	E	R	K	N	Q	S	T	A	V	L	I	F	Y	W	H	M	C	P
0	0.01457	0.01045	0.01148	0.00967	0.01195	0.01128	0.00723	0.36974	0.01743	0.02347	0.01674	0.08925	0.01626	0.30965	0.03523	0.00335	0.00583	0.00720	0.02262	0.00660
1	0.01103	0.01043	0.01754	0.68775	0.11767	0.01271	0.01573	0.01467	0.01136	0.01480	0.01000	0.01482	0.00765	0.00566	0.00593	0.00187	0.02631	0.00500	0.00253	0.00654
2	0.00809	0.00582	0.00800	0.00800	0.00864	0.00647	0.00573	0.00938	0.00873	0.01229	0.01603	0.02741	0.01637	0.31573	0.50954	0.00775	0.01161	0.00680	0.00316	0.00444
3	0.01622	0.46914	0.05897	0.04592	0.01681	0.23013	0.01079	0.01880	0.04290	0.01408	0.00887	0.01029	0.00765	0.00537	0.00460	0.00139	0.02482	0.00350	0.00268	0.00708
4	0.00995	0.00536	0.00577	0.00577	0.00689	0.00547	0.00422	0.01220	0.01107	0.01892	0.01792	0.02296	0.01509	0.10370	0.09291	0.00265	0.00434	0.00568	0.64412	0.00501
5	0.01039	0.00525	0.00528	0.00528	0.00654	0.00525	0.00391	0.01290	0.01165	0.02055	0.01833	0.02166	0.01468	0.04081	0.00500	0.00149	0.00274	0.00537	0.79773	0.00517
6	0.00809	0.00538	0.00616	0.00632	0.00639	0.00535	0.00364	0.00827	0.00859	0.01159	0.01933	0.12696	0.02229	0.68757	0.02543	0.00497	0.00512	0.00903	0.02592	0.00360
7	0.00699	0.00543	0.00628	0.00665	0.00786	0.00481	0.00472	0.00840	0.01244	0.01590	0.15707	0.30063	0.38009	0.04694	0.00772	0.00215	0.00306	0.01284	0.00530	0.00472
8	0.01014	0.00512	0.00595	0.00600	0.00686	0.00511	0.00428	0.01109	0.01034	0.01718	0.01606	0.04649	0.01373	0.01108	0.00980	0.26734	0.00337	0.00550	0.54024	0.00433
9	0.00781	0.00572	0.00737	0.00739	0.00865	0.00529	0.00560	0.01011	0.01462	0.02011	0.51469	0.14144	0.12514	0.01302	0.00683	0.00194	0.00303	0.09025	0.00586	0.00514
10	0.01575	0.71439	0.02790	0.01020	0.01479	0.11097	0.00978	0.01751	0.01196	0.01330	0.00793	0.00916	0.00723	0.00493	0.00378	0.00123	0.00650	0.00308	0.00246	0.00714
11	0.02465	0.00944	0.01287	0.00991	0.01416	0.00817	0.00817	0.02684	0.01610	0.74500	0.04799	0.01995	0.01529	0.00712	0.00569	0.00174	0.00471	0.00582	0.00694	0.00943
12	0.01951	0.12076	0.11570	0.01233	0.01728	0.01600	0.01138	0.44263	0.02085	0.12911	0.01360	0.01364	0.00965	0.00634	0.00529	0.00164	0.00617	0.00476	0.02437	0.00900
13	0.00800	0.00624	0.00744	0.00828	0.00912	0.02111	0.00578	0.01076	0.09398	0.01573	0.05359	0.61267	0.07827	0.01585	0.00694	0.00220	0.00353	0.03012	0.00526	0.00514
14	0.01374	0.01139	0.01474	0.01118	0.01535	0.01082	0.07326	0.09839	0.07957	0.05336	0.01214	0.01367	0.00959	0.00563	0.00631	0.00135	0.09110	0.00442	0.02635	0.44765
15	0.00992	0.00703	0.00923	0.00826	0.01014	0.00678	0.02854	0.01413	0.10258	0.07047	0.59088	0.03755	0.06090	0.01061	0.00647	0.00179	0.00322	0.00937	0.00607	0.00606
16	0.00695	0.00502	0.00660	0.00783	0.00830	0.00467	0.00535	0.00804	0.01100	0.01454	0.03253	0.71796	0.08091	0.01733	0.00718	0.00228	0.00333	0.05034	0.00522	0.00461
17	0.01505	0.80561	0.02949	0.00963	0.01444	0.02227	0.00963	0.01685	0.01143	0.01324	0.00782	0.00903	0.00722	0.00481	0.00361	0.00120	0.00602	0.00301	0.00241	0.00722
18	0.03106	0.01374	0.07165	0.37545	0.07369	0.07306	0.09749	0.03365	0.03255	0.01667	0.01043	0.01390	0.00803	0.00547	0.00573	0.00171	0.02389	0.00482	0.00286	0.10413
19	0.00820	0.00610	0.00869	0.00861	0.00938	0.00702	0.00644	0.00977	0.00885	0.01263	0.01539	0.02488	0.01520	0.19977	0.59994	0.00809	0.03679	0.00645	0.00308	0.00472
20	0.00791	0.00575	0.00745	0.00702	0.00837	0.00529	0.00527	0.01052	0.01580	0.02227	0.73544	0.04253	0.08199	0.01162	0.00664	0.00178	0.00266	0.01025	0.00616	0.00529
21	0.10327	0.20131	0.32517	0.01367	0.03560	0.17799	0.01424	0.03850	0.01282	0.01722	0.00915	0.01067	0.00717	0.00534	0.00471	0.00157	0.00767	0.00371	0.00271	0.00750
22	0.01350	0.04357	0.12766	0.07481	0.11371	0.01450	0.40411	0.06937	0.01357	0.01867	0.01088	0.01412	0.00830	0.00529	0.00662	0.00184	0.04305	0.00569	0.00292	0.00782
23	0.01063	0.01000	0.01688	0.78870	0.03876	0.01250	0.01563	0.01438	0.01125	0.01438	0.01000	0.01500	0.00750	0.00563	0.00563	0.00188	0.00750	0.00500	0.00250	0.00625
24	0.00796	0.00575	0.00752	0.00708	0.00841	0.00531	0.00531	0.01062	0.01593	0.02257	0.76415	0.04204	0.05310	0.01150	0.00664	0.00177	0.00265	0.01018	0.00619	0.00531
25	0.01511	0.76315	0.04930	0.00994	0.01479	0.04282	0.00997	0.01703	0.01157	0.01338	0.00791	0.00914	0.00722	0.00486	0.00370	0.00123	0.00619	0.00306	0.00242	0.00723
26	0.01387	0.02703	0.01168	0.00943	0.01174	0.01062	0.04168	0.20105	0.01526	0.03988	0.01653	0.01892	0.03499	0.02848	0.00697	0.00171	0.09651	0.00547	0.40153	0.00664
27	0.00907	0.00648	0.00907	0.01036	0.01166	0.00648	0.00907	0.01166	0.01296	0.01684	0.02980	0.06348	0.03239	0.01555	0.00777	0.00259	0.00518	0.72924	0.00518	0.00518
28	0.00757	0.00589	0.00697	0.00713	0.00873	0.00530	0.00564	0.00961	0.01376	0.01770	0.25621	0.05270	0.39617	0.01374	0.00690	0.00202	0.00331	0.17015	0.00550	0.00501
29	0.04438	0.55224	0.10666	0.01090	0.01578	0.11917	0.01081	0.01821	0.01224	0.05252	0.00891	0.01000	0.00752	0.00512	0.00409	0.00134	0.00669	0.00335	0.00274	0.00733
30	0.04487	0.12644	0.01560	0.01009	0.01450	0.01107	0.00858	0.07536	0.01597	0.58991	0.01912	0.01702	0.01244	0.00659	0.00530	0.00166	0.00505	0.00516	0.00612	0.00914
31	0.84197	0.01088	0.00827	0.00740	0.01088	0.01262	0.00609	0.01654	0.00958	0.02525	0.00784	0.00914	0.00609	0.00522	0.00348	0.00174	0.00435	0.00305	0.00348	0.00609
32	0.00686	0.00490	0.00653	0.00784	0.00816	0.00457	0.00522	0.00784	0.01077	0.01437	0.03102	0.79855	0.03722	0.01763	0.00718	0.00229	0.00326	0.01600	0.00522	0.00457
33	0.00686	0.00490	0.00653	0.00784	0.00816	0.00457	0.00522	0.00784	0.01077	0.01437	0.03102	0.79855	0.03722	0.01763	0.00718	0.00229	0.00326	0.01600	0.00522	0.00457
34	0.03416	0.37168	0.02210	0.01412	0.10319	0.26098	0.01072	0.01810	0.01291	0.01440	0.00976	0.03227	0.00901	0.00667	0.02118	0.00161	0.02403	0.02334	0.00279	0.00698
35	0.01129	0.02911	0.77306	0.01604	0.02436	0.01307	0.02079	0.01782	0.01188	0.01782	0.01010	0.01188	0.00713	0.00535	0.00535	0.00178	0.00832	0.00416	0.00238	0.00832
36	0.00796	0.00575	0.00752	0.00708	0.00841	0.00531	0.00531	0.01062	0.01593	0.02257	0.76415	0.04204	0.05310	0.01150	0.00664	0.00177	0.00265	0.01018	0.00619	0.00531
37	0.00921	0.00663	0.00909	0.05649	0.01125	0.00753	0.00695	0.04062	0.01055	0.01551	0.03632	0.07575	0.01643	0.08785	0.41900	0.00591	0.03738	0.00673	0.13559	0.00521
38	0.01595	0.54497	0.07811	0.01098	0.01548	0.14619	0.01052	0.01806	0.01246	0.04653	0.02853	0.01080	0.00871	0.00542	0.00454	0.00136	0.02783	0.00355	0.00278	0.00721
39	0.00665	0.00570	0.00570	0.00570	0.00760	0.00475	0.00428	0.00808	0.01283	0.01520	0.05701	0.05416	0.76483	0.01425	0.00665	0.00190	0.00285	0.01188	0.00523	0.00475
40	0.00805	0.00600	0.00891	0.00891	0.00987	0.00696	0.00687	0.00996	0.00900	0.01296	0.01520	0.02279	0.01436	0.07731	0.74522	0.00888	0.01463	0.00613	0.00303	0.00495
41	0.03206	0.14487	0.01948	0.01652	0.14644	0.17558	0.05637	0.12683	0.13509	0.02006	0.02847	0.01414	0.01069	0.00609	0.00548	0.00162	0.02436	0.00480	0.02319	0.00787
42	0.01103	0.00870	0.01101	0.07994	0.01461	0.00736	0.00757	0.01338	0.01181	0.04989	0.01643	0.15610	0.01625	0.00805	0.00530	0.00142	0.00445	0.08685	0.00395	0.48588
43	0.12537	0.14669	0.07029	0.01262	0.01643	0.40171	0.01064	0.08160	0.05449	0.01780	0.00971	0.01082	0.00781	0.00571	0.00474	0.00152	0.00798	0.00376	0.00324	0.00709
44	0.05724	0.01005	0.01293	0.01015	0.01428	0.00927	0.00835	0.08480	0.04224	0.62198	0.02129	0.03751	0.01428	0.00732	0.00565	0.00177	0.00485	0.02024	0.00659	0.00921
45	0.01422	0.61008	0.02471	0.00959	0.01370	0.05909	0.00900	0.01674	0.04794	0.01476	0.08500	0.03265	0.03057	0.00619	0.00424	0.00135	0.00569	0.00442	0.00310	0.00696
46	0.00804	0.00603	0.00904	0.00904	0.01005	0.00703	0.00703	0.01005	0.00904	0.01306	0.01507	0.02211	0.01407	0.04221	0.77992	0.00904	0.01507	0.00603	0.00301	0.00502
47	0.01400	0.01209	0.01273	0.01145	0.01463	0.01400	0.00891	0.02990	0.75695	0.02354	0.02291	0.02100	0.01718	0.00764	0.00573	0.00191	0.00445	0.00636	0.00573	0.00891
48	0.01136	0.01107	0.01979	0.52469	0.14636	0.01255	0.12558	0.01508	0.01177	0.01553	0.01123	0.04945	0.00918	0.00593	0.00584	0.00187	0.00749	0.00574	0.00272	0.00678
49	0.84197	0.01088	0.00827	0.00740	0.01088	0.01262	0.00609	0.01654	0.00958	0.02525	0.00784	0.00914	0.00609	0.00522	0.00348	0.00174	0.00435	0.00305	0.00348	0.00609
50	0.00687	0.00496	0.00651	0.00770	0.00814	0.00460	0.00517	0.00791	0.01101	0.01460	0.04954	0.73829	0.07931	0.01729	0.00714	0.00225	0.00323	0.01563	0.00525	0.00460
51	0.01065	0.00978	0.01625	0.69716	0.06580	0.01198	0.01476	0.01419	0.01120	0.01462	0.01065	0.01611	0.00836	0.03993	0.00656	0.00200	0.00721	0.00515	0.03143	0.00620
52	0.01328	0.01518	0.03321	0.02372	0.02941	0.01423	0.74668	0.01803	0.01328	0.01803	0.01139	0.01518	0.00854	0.00474	0.00664	0.00190	0.00949	0.00664	0.00285	0.00759
