[name]
unknown

[dist]
# distance from previous block
# <min> <max>
9	1232

[block]
# block no. 0 follows, 46 sequences, length 18
# corresponding to MSA columns:
# 1252-1269
name=unknown_A
#
# <colnr> <probs for GDERKNQSTAVLIFYWHMCP>
#	G	D	E	R	K	N	Q	S	T	A	V	L	I	F	Y	W	H	M	C	P
0	0.03430	0.01069	0.11285	0.05074	0.01368	0.02809	0.00880	0.10675	0.02773	0.13256	0.06224	0.31585	0.02207	0.01052	0.00588	0.00186	0.00471	0.03966	0.00467	0.00635
1	0.03431	0.03027	0.16354	0.09037	0.01725	0.01111	0.01077	0.17092	0.07228	0.19815	0.03901	0.03931	0.04548	0.00731	0.00599	0.04105	0.00549	0.00543	0.00444	0.00752
2	0.01497	0.01177	0.05014	0.22567	0.04297	0.04068	0.01077	0.21607	0.05057	0.13791	0.06122	0.05781	0.02495	0.00759	0.02184	0.00183	0.00590	0.00573	0.00432	0.00729
3	0.03441	0.13409	0.34699	0.16581	0.06220	0.02920	0.03046	0.01708	0.01155	0.10519	0.01045	0.01220	0.00761	0.00516	0.00486	0.00160	0.00685	0.00412	0.00283	0.00736
4	0.02962	0.17265	0.13390	0.11509	0.16886	0.01319	0.08798	0.01659	0.03406	0.06766	0.01033	0.01233	0.00804	0.00487	0.00476	0.00146	0.00624	0.00423	0.00288	0.10525
5	0.01226	0.01172	0.01997	0.23738	0.58276	0.01234	0.01581	0.01550	0.01165	0.01627	0.00980	0.01335	0.00802	0.00486	0.00525	0.00162	0.00648	0.00471	0.00255	0.00771
6	0.01254	0.01145	0.01823	0.30457	0.30689	0.01220	0.05262	0.10212	0.01292	0.01776	0.01005	0.01325	0.00789	0.00502	0.00518	0.00157	0.00640	0.00463	0.00289	0.09181
7	0.01127	0.10720	0.17314	0.08603	0.07103	0.01139	0.10713	0.01578	0.08818	0.05006	0.07793	0.09161	0.05733	0.02184	0.00580	0.00175	0.00581	0.00643	0.00354	0.00675
8	0.00681	0.00495	0.00622	0.00675	0.00744	0.00458	0.00462	0.00806	0.01128	0.01511	0.21339	0.43625	0.13389	0.10474	0.00883	0.00232	0.00311	0.01236	0.00494	0.00436
9	0.00682	0.00491	0.00659	0.02616	0.00845	0.00468	0.00524	0.00804	0.01077	0.01450	0.12892	0.61896	0.03541	0.05043	0.00755	0.00222	0.00326	0.04779	0.00489	0.00440
10	0.01107	0.10620	0.67741	0.01521	0.05468	0.01316	0.01833	0.01663	0.01116	0.01633	0.00929	0.01097	0.00678	0.00496	0.00487	0.00162	0.00753	0.00383	0.00225	0.00773
11	0.01221	0.01571	0.20858	0.31384	0.02811	0.01294	0.18470	0.12709	0.01328	0.01804	0.01021	0.01320	0.00747	0.00519	0.00544	0.00172	0.00747	0.00486	0.00283	0.00710
12	0.00883	0.10279	0.08944	0.00950	0.01150	0.00934	0.00845	0.01109	0.00901	0.01276	0.01252	0.01789	0.01148	0.03049	0.58162	0.00663	0.05352	0.00510	0.00268	0.00533
13	0.66807	0.00917	0.00742	0.00674	0.00963	0.01031	0.00545	0.01405	0.00995	0.02237	0.09033	0.01663	0.10033	0.00649	0.00392	0.00166	0.00376	0.00450	0.00372	0.00550
14	0.00698	0.00498	0.00666	0.00732	0.00773	0.00506	0.00499	0.00796	0.00920	0.01251	0.02272	0.44763	0.02613	0.18795	0.21214	0.00439	0.00633	0.01111	0.00402	0.00418
15	0.01637	0.39109	0.02053	0.01116	0.01475	0.34390	0.00946	0.01947	0.10124	0.01378	0.00935	0.01023	0.00789	0.00522	0.00420	0.00130	0.00711	0.00344	0.00282	0.00669
16	0.01080	0.00826	0.00961	0.00734	0.01117	0.00642	0.00582	0.01289	0.01172	0.08112	0.05124	0.02198	0.18944	0.00661	0.00467	0.00112	0.00362	0.00544	0.00394	0.54678
17	0.01599	0.39058	0.11094	0.01138	0.01577	0.20517	0.01069	0.13471	0.03091	0.01655	0.00895	0.00996	0.00733	0.00515	0.00426	0.00134	0.00683	0.00346	0.00291	0.00713

[dist]
# distance from previous block
# <min> <max>
12	44

[block]
# block no. 1 follows, 46 sequences, length 85
# corresponding to MSA columns:
# 1315-1330,1443-1511
name=unknown_B
#
# <colnr> <probs for GDERKNQSTAVLIFYWHMCP>
#	G	D	E	R	K	N	Q	S	T	A	V	L	I	F	Y	W	H	M	C	P
0	0.01398	0.01110	0.09981	0.01006	0.01391	0.00867	0.03860	0.07054	0.04073	0.20592	0.05622	0.13765	0.01573	0.00744	0.00553	0.00152	0.02513	0.00630	0.00448	0.22666
1	0.01172	0.04263	0.19606	0.01020	0.01471	0.00871	0.04133	0.01502	0.02640	0.11183	0.05499	0.10724	0.05785	0.00695	0.00504	0.00143	0.00495	0.00591	0.00377	0.27324
2	0.01294	0.01973	0.44100	0.01622	0.13358	0.01136	0.03099	0.03319	0.03134	0.12690	0.06632	0.01476	0.01125	0.00575	0.00545	0.00167	0.02162	0.00476	0.00331	0.00785
3	0.03299	0.11189	0.29712	0.03757	0.14227	0.01146	0.01315	0.01536	0.01194	0.04772	0.13391	0.01601	0.01431	0.00580	0.00493	0.00150	0.00582	0.00480	0.00317	0.08828
4	0.01371	0.01023	0.05628	0.01013	0.04798	0.00829	0.02212	0.07004	0.01360	0.17940	0.14769	0.01847	0.03049	0.00622	0.00515	0.00132	0.01803	0.00518	0.00441	0.33122
5	0.01427	0.05703	0.01782	0.05764	0.41413	0.01113	0.02635	0.03553	0.01315	0.15469	0.11595	0.01729	0.01469	0.00590	0.00528	0.00157	0.00544	0.00537	0.00380	0.02298
6	0.01395	0.01276	0.13199	0.01180	0.03068	0.00931	0.10706	0.03160	0.02855	0.18151	0.02899	0.01447	0.02307	0.00525	0.00510	0.00135	0.02000	0.00454	0.00382	0.33421
7	0.01089	0.00986	0.02632	0.04760	0.02692	0.00783	0.02380	0.01361	0.02492	0.01694	0.01087	0.01254	0.02993	0.00447	0.00445	0.00096	0.02083	0.00363	0.00313	0.70048
8	0.00998	0.00940	0.01586	0.80150	0.03641	0.01175	0.01468	0.01351	0.01057	0.01351	0.00940	0.01409	0.00705	0.00529	0.00529	0.00176	0.00705	0.00470	0.00235	0.00587
9	0.01199	0.01527	0.24832	0.01180	0.01600	0.01141	0.02786	0.02144	0.38035	0.05831	0.01861	0.12440	0.01548	0.00770	0.00547	0.00180	0.00526	0.00655	0.00435	0.00765
10	0.01315	0.01136	0.01195	0.01076	0.01375	0.01315	0.00837	0.02809	0.77168	0.02211	0.02152	0.01972	0.01614	0.00717	0.00538	0.00179	0.00418	0.00598	0.00538	0.00837
11	0.01157	0.01157	0.01619	0.01388	0.01388	0.01619	0.01157	0.01272	0.00810	0.01272	0.00694	0.01157	0.00694	0.00925	0.01735	0.00231	0.80453	0.00463	0.00231	0.00578
12	0.01246	0.01189	0.02008	0.18617	0.61121	0.01241	0.01570	0.01600	0.03211	0.01665	0.01014	0.01346	0.00832	0.00489	0.00525	0.00161	0.00638	0.00474	0.00264	0.00787
13	0.00668	0.00477	0.00641	0.00763	0.00805	0.00450	0.00532	0.00777	0.01036	0.01376	0.02901	0.72430	0.03444	0.01634	0.00681	0.00218	0.00327	0.09912	0.00490	0.00436
14	0.00644	0.00460	0.00613	0.00736	0.00767	0.00429	0.00491	0.00736	0.01012	0.01350	0.02914	0.81076	0.03497	0.01656	0.00675	0.00215	0.00307	0.01503	0.00491	0.00429
15	0.01212	0.01346	0.02828	0.12769	0.02812	0.01324	0.62245	0.01653	0.02549	0.01642	0.01059	0.01425	0.00800	0.00477	0.00646	0.00180	0.03476	0.00597	0.00267	0.00694
16	0.00748	0.00540	0.00707	0.00665	0.00790	0.00499	0.00499	0.00998	0.01496	0.02120	0.77844	0.03949	0.04988	0.01081	0.00624	0.00166	0.00249	0.00956	0.00582	0.00499
17	0.00688	0.00491	0.00656	0.00756	0.00809	0.00464	0.00536	0.00816	0.01090	0.01463	0.11579	0.59961	0.03569	0.03557	0.00727	0.00220	0.00330	0.11350	0.00497	0.00443
18	0.62621	0.00989	0.00899	0.00762	0.01111	0.01075	0.00628	0.01832	0.01067	0.23092	0.01103	0.01115	0.00773	0.00535	0.00383	0.00164	0.00420	0.00353	0.00416	0.00662
19	0.85155	0.01022	0.00777	0.00695	0.01022	0.01186	0.00573	0.01554	0.00900	0.02372	0.00736	0.00859	0.00573	0.00491	0.00327	0.00164	0.00409	0.00286	0.00327	0.00573
20	0.01381	0.01240	0.01782	0.02340	0.45633	0.01314	0.01306	0.09518	0.25882	0.02045	0.01396	0.01519	0.01094	0.00567	0.00529	0.00164	0.00556	0.00512	0.00378	0.00843
21	0.01882	0.00791	0.01070	0.00857	0.01180	0.00693	0.00693	0.02100	0.01508	0.55424	0.24966	0.02449	0.02420	0.00783	0.00559	0.00164	0.00389	0.00660	0.00632	0.00779
22	0.06007	0.01014	0.01640	0.51629	0.20494	0.01163	0.01398	0.01521	0.01118	0.07552	0.01031	0.01385	0.00775	0.00523	0.00516	0.00170	0.00650	0.00464	0.00279	0.00669
23	0.12435	0.00951	0.01476	0.69353	0.03285	0.01176	0.01346	0.01378	0.01036	0.01489	0.00912	0.01335	0.00687	0.00523	0.00501	0.00174	0.00665	0.00445	0.00247	0.00585
24	0.01187	0.01112	0.01858	0.20407	0.51500	0.01167	0.01478	0.01527	0.02793	0.01654	0.03669	0.01767	0.01119	0.00581	0.00543	0.00168	0.00618	0.05819	0.00288	0.00744
25	0.01329	0.01301	0.02145	0.03162	0.74054	0.03826	0.03138	0.01640	0.01214	0.01712	0.00990	0.01299	0.00832	0.00473	0.00524	0.00157	0.00644	0.00470	0.00262	0.00827
26	0.00644	0.00460	0.00613	0.00736	0.00767	0.00429	0.00491	0.00736	0.01012	0.01350	0.02914	0.81076	0.03497	0.01656	0.00675	0.00215	0.00307	0.01503	0.00491	0.00429
27	0.00795	0.00540	0.00692	0.00769	0.00846	0.00519	0.00532	0.01005	0.07025	0.05846	0.02876	0.68148	0.05347	0.01516	0.00654	0.00208	0.00323	0.01365	0.00504	0.00489
28	0.02010	0.01481	0.01587	0.01216	0.01639	0.01639	0.01005	0.76360	0.02486	0.03332	0.01269	0.01269	0.00899	0.00635	0.00529	0.00159	0.00582	0.00476	0.00529	0.00899
29	0.01048	0.00863	0.01007	0.00756	0.01161	0.00664	0.00594	0.01272	0.01090	0.01710	0.01172	0.08095	0.01063	0.00519	0.00414	0.00094	0.00373	0.00430	0.06927	0.70748
30	0.01455	0.01162	0.01924	0.02742	0.61586	0.01141	0.01435	0.01747	0.01262	0.14225	0.03324	0.01577	0.01083	0.00542	0.00533	0.00160	0.00585	0.02347	0.00340	0.00829
31	0.47495	0.22828	0.01461	0.00846	0.01225	0.01512	0.00741	0.15169	0.01235	0.02243	0.00833	0.00931	0.00660	0.00507	0.00367	0.00149	0.00482	0.00320	0.00337	0.00660
32	0.00839	0.00629	0.00912	0.11484	0.01383	0.00656	0.00877	0.01073	0.01163	0.01515	0.02569	0.17217	0.02803	0.01367	0.00695	0.00230	0.00487	0.53158	0.00454	0.00491
33	0.01512	0.60321	0.02479	0.01175	0.07436	0.16742	0.00983	0.01687	0.01165	0.01291	0.00771	0.00904	0.00691	0.00471	0.00380	0.00121	0.00644	0.00308	0.00238	0.00678
34	0.00748	0.00540	0.00707	0.00665	0.00790	0.00499	0.00499	0.00998	0.01496	0.02120	0.77844	0.03949	0.04988	0.01081	0.00624	0.00166	0.00249	0.00956	0.00582	0.00499
35	0.00998	0.00940	0.01586	0.80150	0.03641	0.01175	0.01468	0.01351	0.01057	0.01351	0.00940	0.01409	0.00705	0.00529	0.00529	0.00176	0.00705	0.00470	0.00235	0.00587
36	0.01096	0.00940	0.01096	0.00783	0.01253	0.00705	0.00626	0.01331	0.01096	0.01723	0.00940	0.01096	0.00783	0.00392	0.00392	0.00078	0.00392	0.00313	0.00313	0.84653
37	0.00852	0.00608	0.00852	0.00974	0.01095	0.00608	0.00852	0.01095	0.01217	0.01582	0.02799	0.05963	0.03042	0.01460	0.00730	0.00243	0.00487	0.74565	0.00487	0.00487
38	0.00852	0.00608	0.00852	0.00974	0.01095	0.00608	0.00852	0.01095	0.01217	0.01582	0.02799	0.05963	0.03042	0.01460	0.00730	0.00243	0.00487	0.74565	0.00487	0.00487
39	0.01060	0.02735	0.78682	0.01507	0.02288	0.01228	0.01953	0.01674	0.01116	0.01674	0.00949	0.01116	0.00670	0.00502	0.00502	0.00167	0.00781	0.00391	0.00223	0.00781
40	0.00738	0.00537	0.00694	0.00660	0.00785	0.00494	0.00493	0.00975	0.01464	0.02055	0.71218	0.06552	0.09124	0.01115	0.00625	0.00169	0.00252	0.00983	0.00574	0.00494
41	0.00748	0.00540	0.00707	0.00665	0.00790	0.00499	0.00499	0.00998	0.01496	0.02120	0.77844	0.03949	0.04988	0.01081	0.00624	0.00166	0.00249	0.00956	0.00582	0.00499
42	0.01192	0.01138	0.01936	0.32007	0.50268	0.01226	0.01565	0.01521	0.01149	0.01586	0.00974	0.01346	0.00788	0.00493	0.00525	0.00164	0.00657	0.00471	0.00252	0.00744
43	0.73737	0.01005	0.00839	0.00729	0.01067	0.01130	0.00601	0.01695	0.00984	0.12871	0.00922	0.00989	0.00674	0.00513	0.00355	0.00164	0.00415	0.00320	0.00372	0.00618
44	0.02328	0.00905	0.01218	0.00937	0.01339	0.00793	0.00773	0.04521	0.01529	0.74561	0.02055	0.01789	0.01299	0.00653	0.00528	0.00162	0.00448	0.00529	0.02744	0.00889
45	0.02128	0.00856	0.01155	0.00906	0.01274	0.00751	0.00740	0.02367	0.03150	0.66459	0.12382	0.02095	0.01815	0.00714	0.00544	0.00164	0.00422	0.00591	0.00642	0.00844
46	0.00769	0.00513	0.00577	0.00577	0.00577	0.00513	0.00320	0.00769	0.00769	0.01025	0.01666	0.03460	0.01922	0.81421	0.02691	0.00513	0.00513	0.00769	0.00320	0.00320
47	0.21519	0.45621	0.02022	0.00933	0.01328	0.12309	0.00842	0.05210	0.01169	0.03823	0.00810	0.00912	0.00682	0.00488	0.00369	0.00132	0.00578	0.00308	0.00283	0.00661
48	0.00631	0.00538	0.00545	0.00548	0.00725	0.00451	0.00415	0.00768	0.01205	0.01433	0.05283	0.05113	0.75772	0.01342	0.00628	0.00180	0.00274	0.03212	0.00491	0.00447
49	0.00650	0.00469	0.00617	0.00734	0.00775	0.00436	0.00498	0.00749	0.01029	0.01361	0.03033	0.74783	0.07223	0.01634	0.00674	0.00214	0.00311	0.03888	0.00491	0.00432
50	0.01241	0.01405	0.03002	0.02162	0.02655	0.01359	0.70312	0.01660	0.01213	0.01660	0.01040	0.01405	0.00794	0.00483	0.00711	0.00182	0.07137	0.00611	0.00265	0.00702
51	0.01957	0.00979	0.01217	0.00957	0.01314	0.00945	0.00781	0.21374	0.01762	0.43905	0.16872	0.02088	0.01931	0.00734	0.00549	0.00163	0.00444	0.00601	0.00607	0.00820
52	0.02137	0.00840	0.01143	0.00913	0.01270	0.00730	0.00738	0.02326	0.01445	0.68006	0.02198	0.12573	0.01606	0.00790	0.00551	0.00171	0.00430	0.00664	0.00632	0.00836
53	0.73893	0.02746	0.00911	0.00759	0.01100	0.01257	0.00629	0.10127	0.01085	0.02459	0.00797	0.00906	0.00612	0.00506	0.00351	0.00162	0.00432	0.00308	0.00348	0.00612
54	0.85155	0.01022	0.00777	0.00695	0.01022	0.01186	0.00573	0.01554	0.00900	0.02372	0.00736	0.00859	0.00573	0.00491	0.00327	0.00164	0.00409	0.00286	0.00327	0.00573
55	0.05913	0.00637	0.00666	0.01940	0.00806	0.00668	0.00474	0.09410	0.01198	0.02007	0.01539	0.01860	0.01241	0.04378	0.00626	0.06781	0.00329	0.00489	0.58525	0.00515
56	0.01247	0.00985	0.01145	0.00834	0.01292	0.00798	0.00670	0.07331	0.03176	0.06267	0.01062	0.01173	0.00844	0.00434	0.00414	0.00092	0.00410	0.00346	0.00355	0.71126
57	0.02204	0.00957	0.01280	0.00997	0.01396	0.00879	0.02720	0.04422	0.10823	0.65282	0.02047	0.01798	0.01323	0.00656	0.00535	0.00166	0.00461	0.00541	0.00627	0.00887
58	0.01925	0.01406	0.01622	0.01244	0.01657	0.01533	0.05293	0.64871	0.02290	0.06882	0.01305	0.01342	0.00934	0.00781	0.04223	0.00192	0.00632	0.00491	0.00509	0.00868
59	0.00697	0.00513	0.00659	0.00763	0.00815	0.00499	0.00518	0.00899	0.06991	0.01417	0.02854	0.74866	0.03349	0.01583	0.00664	0.00212	0.00315	0.01432	0.00494	0.00461
60	0.01026	0.00954	0.01545	0.65783	0.06786	0.01114	0.01361	0.01361	0.01069	0.01419	0.00942	0.01362	0.00722	0.00507	0.00510	0.00162	0.00659	0.00449	0.00247	0.12023
61	0.01193	0.00997	0.01148	0.00829	0.01294	0.00804	0.00666	0.09278	0.01243	0.01893	0.00975	0.01115	0.00795	0.00417	0.00406	0.00087	0.00412	0.00330	0.00336	0.75782
62	0.85155	0.01022	0.00777	0.00695	0.01022	0.01186	0.00573	0.01554	0.00900	0.02372	0.00736	0.00859	0.00573	0.00491	0.00327	0.00164	0.00409	0.00286	0.00327	0.00573
63	0.00988	0.00914	0.01528	0.75705	0.03476	0.01135	0.01410	0.01330	0.01057	0.01367	0.01018	0.03741	0.00803	0.00564	0.00529	0.00176	0.00681	0.00500	0.02498	0.00580
64	0.00918	0.00459	0.00689	0.00689	0.00689	0.00459	0.00459	0.00689	0.00689	0.00918	0.00918	0.01607	0.00918	0.01837	0.02066	0.84619	0.00459	0.00459	0.00230	0.00230
65	0.00644	0.00460	0.00613	0.00736	0.00767	0.00429	0.00491	0.00736	0.01012	0.01350	0.02914	0.81076	0.03497	0.01656	0.00675	0.00215	0.00307	0.01503	0.00491	0.00429
66	0.01413	0.81739	0.02770	0.00905	0.01357	0.02092	0.00905	0.01583	0.01074	0.01244	0.00735	0.00848	0.00678	0.00452	0.00339	0.00113	0.00565	0.00283	0.00226	0.00678
67	0.00644	0.00460	0.00613	0.00736	0.00767	0.00429	0.00491	0.00736	0.01012	0.01350	0.02914	0.81076	0.03497	0.01656	0.00675	0.00215	0.00307	0.01503	0.00491	0.00429
68	0.00755	0.00566	0.00850	0.00850	0.00944	0.00661	0.00661	0.00944	0.00850	0.01227	0.01416	0.02077	0.01322	0.03965	0.79326	0.00850	0.01416	0.00566	0.00283	0.00472
69	0.02010	0.01481	0.01587	0.01216	0.01639	0.01639	0.01005	0.76360	0.02486	0.03332	0.01269	0.01269	0.00899	0.00635	0.00529	0.00159	0.00582	0.00476	0.00529	0.00899
70	0.85155	0.01022	0.00777	0.00695	0.01022	0.01186	0.00573	0.01554	0.00900	0.02372	0.00736	0.00859	0.00573	0.00491	0.00327	0.00164	0.00409	0.00286	0.00327	0.00573
71	0.01315	0.01136	0.01195	0.01076	0.01375	0.01315	0.00837	0.02809	0.77168	0.02211	0.02152	0.01972	0.01614	0.00717	0.00538	0.00179	0.00418	0.00598	0.00538	0.00837
72	0.82886	0.01019	0.00789	0.00702	0.01031	0.01175	0.00578	0.01582	0.00916	0.04458	0.00773	0.00885	0.00593	0.00495	0.00333	0.00164	0.00410	0.00293	0.00336	0.00581
73	0.02010	0.01481	0.01587	0.01216	0.01639	0.01639	0.01005	0.76360	0.02486	0.03332	0.01269	0.01269	0.00899	0.00635	0.00529	0.00159	0.00582	0.00476	0.00529	0.00899
74	0.00748	0.00540	0.00707	0.00665	0.00790	0.00499	0.00499	0.00998	0.01496	0.02120	0.77844	0.03949	0.04988	0.01081	0.00624	0.00166	0.00249	0.00956	0.00582	0.00499
75	0.78656	0.01013	0.00812	0.00714	0.01048	0.01154	0.00589	0.01634	0.00948	0.08348	0.00842	0.00933	0.00630	0.00504	0.00343	0.00164	0.00412	0.00306	0.00353	0.00598
76	0.00625	0.00536	0.00536	0.00536	0.00714	0.00446	0.00402	0.00759	0.01205	0.01428	0.05355	0.05088	0.77909	0.01339	0.00625	0.00179	0.00268	0.01116	0.00491	0.00446
77	0.01060	0.02735	0.78682	0.01507	0.02288	0.01228	0.01953	0.01674	0.01116	0.01674	0.00949	0.01116	0.00670	0.00502	0.00502	0.00167	0.00781	0.00391	0.00223	0.00781
78	0.02372	0.00900	0.01227	0.00941	0.01350	0.00777	0.00777	0.02576	0.01513	0.78489	0.02086	0.01799	0.01309	0.00654	0.00532	0.00164	0.00450	0.00532	0.00654	0.00900
79	0.00678	0.00526	0.00624	0.00678	0.00800	0.00473	0.00512	0.00826	0.01170	0.01478	0.09032	0.27487	0.38308	0.01436	0.00658	0.00199	0.00316	0.13852	0.00496	0.00452
80	0.02010	0.01481	0.01587	0.01216	0.01639	0.01639	0.01005	0.76360	0.02486	0.03332	0.01269	0.01269	0.00899	0.00635	0.00529	0.00159	0.00582	0.00476	0.00529	0.00899
81	0.00998	0.00940	0.01586	0.80150	0.03641	0.01175	0.01468	0.01351	0.01057	0.01351	0.00940	0.01409	0.00705	0.00529	0.00529	0.00176	0.00705	0.00470	0.00235	0.00587
82	0.85155	0.01022	0.00777	0.00695	0.01022	0.01186	0.00573	0.01554	0.00900	0.02372	0.00736	0.00859	0.00573	0.00491	0.00327	0.00164	0.00409	0.00286	0.00327	0.00573
83	0.00985	0.00493	0.00493	0.00493	0.00616	0.00493	0.00370	0.01232	0.01109	0.01971	0.01725	0.01971	0.01355	0.00616	0.00370	0.00123	0.00246	0.00493	0.84356	0.00493
84	0.01852	0.01464	0.05912	0.01172	0.01588	0.01515	0.01004	0.63756	0.04756	0.03093	0.01316	0.01339	0.00945	0.00628	0.00515	0.00157	0.00561	0.00476	0.07093	0.00858

[dist]
# distance from previous block
# <min> <max>
2	10

[block]
# block no. 2 follows, 46 sequences, length 45
# corresponding to MSA columns:
# 1522-1566
name=unknown_C
#
# <colnr> <probs for GDERKNQSTAVLIFYWHMCP>
#	G	D	E	R	K	N	Q	S	T	A	V	L	I	F	Y	W	H	M	C	P
0	0.01124	0.01108	0.01556	0.01344	0.01352	0.01541	0.01116	0.01245	0.00813	0.01269	0.00753	0.01232	0.00745	0.01173	0.08068	0.00282	0.74002	0.00471	0.00236	0.00570
1	0.00769	0.00513	0.00577	0.00577	0.00577	0.00513	0.00320	0.00769	0.00769	0.01025	0.01666	0.03460	0.01922	0.81421	0.02691	0.00513	0.00513	0.00769	0.00320	0.00320
2	0.00745	0.00540	0.00702	0.00661	0.00788	0.00497	0.00496	0.00991	0.01488	0.02099	0.75687	0.03983	0.07159	0.01088	0.00624	0.00167	0.00250	0.00961	0.00579	0.00497
3	0.01060	0.02735	0.78682	0.01507	0.02288	0.01228	0.01953	0.01674	0.01116	0.01674	0.00949	0.01116	0.00670	0.00502	0.00502	0.00167	0.00781	0.00391	0.00223	0.00781
4	0.00842	0.00602	0.00840	0.00957	0.01076	0.00600	0.00830	0.01081	0.01218	0.01590	0.04906	0.08360	0.03112	0.01456	0.00725	0.00240	0.00474	0.70116	0.00490	0.00485
5	0.01413	0.81739	0.02770	0.00905	0.01357	0.02092	0.00905	0.01583	0.01074	0.01244	0.00735	0.00848	0.00678	0.00452	0.00339	0.00113	0.00565	0.00283	0.00226	0.00678
6	0.01096	0.00940	0.01096	0.00783	0.01253	0.00705	0.00626	0.01331	0.01096	0.01723	0.00940	0.01096	0.00783	0.00392	0.00392	0.00078	0.00392	0.00313	0.00313	0.84653
7	0.00918	0.00459	0.00689	0.00689	0.00689	0.00459	0.00459	0.00689	0.00689	0.00918	0.00918	0.01607	0.00918	0.01837	0.02066	0.84619	0.00459	0.00459	0.00230	0.00230
8	0.00741	0.00540	0.00697	0.00658	0.00785	0.00496	0.00493	0.00984	0.01480	0.02081	0.73737	0.04013	0.09120	0.01095	0.00624	0.00167	0.00250	0.00965	0.00577	0.00496
9	0.00715	0.00539	0.00661	0.00630	0.00769	0.00485	0.00473	0.00933	0.01418	0.01934	0.58370	0.04255	0.24579	0.01150	0.00624	0.00170	0.00254	0.00999	0.00557	0.00485
10	0.01905	0.08004	0.01652	0.01180	0.01595	0.01650	0.00983	0.64331	0.08387	0.03071	0.01297	0.01292	0.00939	0.00626	0.00514	0.00157	0.00567	0.00470	0.00505	0.00876
11	0.01447	0.25944	0.32506	0.01281	0.01812	0.23614	0.01356	0.03628	0.01246	0.01481	0.00856	0.00995	0.00681	0.00503	0.00448	0.00142	0.00761	0.00347	0.00246	0.00706
12	0.00745	0.00540	0.00703	0.00662	0.00788	0.00498	0.00496	0.00992	0.01489	0.02103	0.76109	0.03976	0.06734	0.01087	0.00624	0.00167	0.00250	0.00960	0.00580	0.00498
13	0.00644	0.00460	0.00613	0.00736	0.00767	0.00429	0.00491	0.00736	0.01012	0.01350	0.02914	0.81076	0.03497	0.01656	0.00675	0.00215	0.00307	0.01503	0.00491	0.00429
14	0.01184	0.01237	0.02048	0.40041	0.14625	0.07593	0.21030	0.01534	0.01168	0.01495	0.01052	0.01428	0.02150	0.00514	0.00550	0.00171	0.00754	0.00512	0.00255	0.00658
15	0.01096	0.00940	0.01096	0.00783	0.01253	0.00705	0.00626	0.01331	0.01096	0.01723	0.00940	0.01096	0.00783	0.00392	0.00392	0.00078	0.00392	0.00313	0.00313	0.84653
16	0.01975	0.02520	0.01498	0.01362	0.01634	0.79299	0.01021	0.02111	0.01498	0.01294	0.00817	0.00953	0.00681	0.00545	0.00477	0.00136	0.00953	0.00340	0.00272	0.00613
17	0.00644	0.00460	0.00613	0.00736	0.00767	0.00429	0.00491	0.00736	0.01012	0.01350	0.02914	0.81076	0.03497	0.01656	0.00675	0.00215	0.00307	0.01503	0.00491	0.00429
18	0.01199	0.05023	0.61688	0.01519	0.02233	0.01231	0.09873	0.01747	0.01161	0.07932	0.01048	0.01197	0.00736	0.00507	0.00513	0.00167	0.00759	0.00424	0.00263	0.00780
19	0.01027	0.00838	0.08663	0.00835	0.00979	0.00732	0.00699	0.06676	0.01033	0.01506	0.09400	0.01807	0.01385	0.01257	0.01335	0.39949	0.07078	0.00513	0.13852	0.00436
20	0.01315	0.01136	0.01195	0.01076	0.01375	0.01315	0.00837	0.02809	0.77168	0.02211	0.02152	0.01972	0.01614	0.00717	0.00538	0.00179	0.00418	0.00598	0.00538	0.00837
21	0.74204	0.02561	0.02815	0.02987	0.01170	0.05936	0.00665	0.01586	0.00949	0.02241	0.00752	0.00886	0.00587	0.00495	0.00346	0.00161	0.00462	0.00297	0.00317	0.00582
22	0.00769	0.00513	0.00577	0.00577	0.00577	0.00513	0.00320	0.00769	0.00769	0.01025	0.01666	0.03460	0.01922	0.81421	0.02691	0.00513	0.00513	0.00769	0.00320	0.00320
23	0.00798	0.06996	0.01020	0.00873	0.01000	0.00673	0.06716	0.02883	0.01119	0.01487	0.08818	0.58031	0.04792	0.01381	0.00635	0.00197	0.00376	0.01254	0.00460	0.00491
24	0.01380	0.71608	0.05639	0.00945	0.01385	0.03988	0.00946	0.01571	0.01096	0.01283	0.00871	0.01171	0.00821	0.00518	0.00373	0.00124	0.00579	0.04790	0.00243	0.00669
25	0.01283	0.02995	0.01185	0.00949	0.01189	0.02846	0.06827	0.01589	0.05409	0.20295	0.40686	0.02793	0.03099	0.00867	0.00653	0.00169	0.05246	0.00744	0.00532	0.00643
26	0.02046	0.01422	0.01550	0.01189	0.01610	0.01552	0.00982	0.68911	0.02387	0.10920	0.01352	0.01323	0.00940	0.00637	0.00529	0.00159	0.00568	0.00482	0.00542	0.00899
27	0.00895	0.02294	0.00946	0.00817	0.00971	0.00751	0.02206	0.04512	0.06024	0.02028	0.54999	0.03344	0.06892	0.01077	0.02547	0.00188	0.07592	0.00845	0.00521	0.00550
28	0.00637	0.00536	0.00553	0.00549	0.00722	0.00452	0.00411	0.00783	0.01234	0.01498	0.12691	0.04972	0.70530	0.01313	0.00625	0.00177	0.00266	0.01100	0.00500	0.00452
29	0.01157	0.01157	0.01619	0.01388	0.01388	0.01619	0.01157	0.01272	0.00810	0.01272	0.00694	0.01157	0.00694	0.00925	0.01735	0.00231	0.80453	0.00463	0.00231	0.00578
30	0.01235	0.00996	0.01109	0.01020	0.01296	0.01093	0.00817	0.04070	0.49881	0.04498	0.02270	0.02816	0.03877	0.00865	0.00571	0.00185	0.00432	0.16163	0.00515	0.06292
31	0.01076	0.00761	0.00869	0.00779	0.00973	0.03295	0.00597	0.11827	0.01552	0.08430	0.41032	0.10855	0.13746	0.01055	0.00603	0.00170	0.00345	0.00906	0.00549	0.00579
32	0.01034	0.00963	0.01558	0.65222	0.07848	0.01132	0.01373	0.01396	0.02694	0.01432	0.00969	0.01381	0.00741	0.00514	0.00514	0.00165	0.00660	0.00456	0.00251	0.09696
33	0.00748	0.00540	0.00707	0.00665	0.00790	0.00499	0.00499	0.00998	0.01496	0.02120	0.77844	0.03949	0.04988	0.01081	0.00624	0.00166	0.00249	0.00956	0.00582	0.00499
34	0.01060	0.02735	0.78682	0.01507	0.02288	0.01228	0.01953	0.01674	0.01116	0.01674	0.00949	0.01116	0.00670	0.00502	0.00502	0.00167	0.00781	0.00391	0.00223	0.00781
35	0.01664	0.04512	0.01585	0.03616	0.14223	0.30379	0.01074	0.15552	0.16477	0.01918	0.01301	0.01378	0.02801	0.00598	0.00506	0.00153	0.00691	0.00457	0.00372	0.00743
36	0.00751	0.00505	0.00582	0.00599	0.00604	0.00501	0.00345	0.00764	0.00803	0.01071	0.01843	0.14499	0.02146	0.70076	0.02404	0.00470	0.00483	0.00873	0.00345	0.00336
37	0.00654	0.00471	0.00604	0.00706	0.00745	0.00438	0.00468	0.00741	0.01004	0.01325	0.02980	0.68173	0.08911	0.09057	0.00859	0.00240	0.00323	0.01406	0.00475	0.00421
38	0.03743	0.14847	0.48056	0.01470	0.03924	0.01356	0.09850	0.03111	0.01169	0.06296	0.00998	0.01149	0.00730	0.00499	0.00488	0.00159	0.00721	0.00408	0.00264	0.00762
39	0.01245	0.01359	0.01964	0.43215	0.02976	0.15461	0.20520	0.01574	0.01178	0.01426	0.00942	0.01322	0.00725	0.00523	0.00584	0.00171	0.03454	0.00485	0.00250	0.00624
40	0.02112	0.00855	0.01148	0.00902	0.01269	0.00751	0.00737	0.02354	0.03507	0.65678	0.10880	0.02137	0.03741	0.00723	0.00545	0.00165	0.00421	0.00597	0.00639	0.00840
41	0.01315	0.15473	0.44304	0.01408	0.05183	0.01286	0.05598	0.01759	0.01188	0.12541	0.03172	0.01343	0.00928	0.00541	0.00493	0.00159	0.00679	0.01557	0.00303	0.00767
42	0.01281	0.06417	0.10676	0.07529	0.21588	0.06824	0.29435	0.01645	0.01188	0.01593	0.00966	0.01276	0.00767	0.00503	0.00625	0.00168	0.06042	0.00498	0.00254	0.00725
43	0.01114	0.00834	0.00987	0.05651	0.01131	0.00921	0.00659	0.20306	0.01274	0.01711	0.01689	0.13044	0.03370	0.36668	0.01609	0.00331	0.07034	0.00757	0.00388	0.00524
44	0.13031	0.00807	0.01033	0.03598	0.05176	0.00809	0.03973	0.07834	0.01363	0.07566	0.28496	0.14279	0.05614	0.00924	0.00559	0.00170	0.00392	0.00801	0.00479	0.03096

[dist]
# distance from previous block
# <min> <max>
1	4

[block]
# block no. 3 follows, 46 sequences, length 44
# corresponding to MSA columns:
# 1571-1614
name=unknown_D
#
# <colnr> <probs for GDERKNQSTAVLIFYWHMCP>
#	G	D	E	R	K	N	Q	S	T	A	V	L	I	F	Y	W	H	M	C	P
0	0.20982	0.31619	0.03158	0.01029	0.04579	0.08431	0.00859	0.05869	0.02488	0.01674	0.00911	0.01131	0.00790	0.02411	0.09793	0.00231	0.02759	0.00363	0.00287	0.00638
1	0.55931	0.01090	0.04326	0.10024	0.01458	0.01139	0.02119	0.01577	0.04933	0.02126	0.00873	0.01030	0.00675	0.00495	0.00382	0.00156	0.00466	0.00338	0.00320	0.10541
2	0.06322	0.01171	0.01393	0.01109	0.03468	0.01171	0.05072	0.29899	0.07190	0.07327	0.04810	0.01481	0.02451	0.00583	0.00491	0.00140	0.00496	0.00473	0.00445	0.24510
3	0.00769	0.00513	0.00577	0.00577	0.00577	0.00513	0.00320	0.00769	0.00769	0.01025	0.01666	0.03460	0.01922	0.81421	0.02691	0.00513	0.00513	0.00769	0.00320	0.00320
4	0.01413	0.81739	0.02770	0.00905	0.01357	0.02092	0.00905	0.01583	0.01074	0.01244	0.00735	0.00848	0.00678	0.00452	0.00339	0.00113	0.00565	0.00283	0.00226	0.00678
5	0.00757	0.00561	0.00821	0.00821	0.00906	0.00645	0.00626	0.00926	0.00841	0.01206	0.01442	0.02220	0.01384	0.11977	0.71399	0.00815	0.01323	0.00587	0.00287	0.00456
6	0.00641	0.00538	0.00558	0.00557	0.00730	0.00455	0.00421	0.00787	0.01230	0.01491	0.11455	0.05013	0.69849	0.01320	0.00627	0.00179	0.00272	0.02927	0.00499	0.00452
7	0.02010	0.01481	0.01587	0.01216	0.01639	0.01639	0.01005	0.76360	0.02486	0.03332	0.01269	0.01269	0.00899	0.00635	0.00529	0.00159	0.00582	0.00476	0.00529	0.00899
8	0.00745	0.00540	0.00702	0.00661	0.00788	0.00497	0.00496	0.00991	0.01488	0.02100	0.75739	0.03982	0.07106	0.01088	0.00624	0.00167	0.00250	0.00961	0.00579	0.00497
9	0.01315	0.01136	0.01195	0.01076	0.01375	0.01315	0.00837	0.02809	0.77168	0.02211	0.02152	0.01972	0.01614	0.00717	0.00538	0.00179	0.00418	0.00598	0.00538	0.00837
10	0.01096	0.00940	0.01096	0.00783	0.01253	0.00705	0.00626	0.01331	0.01096	0.01723	0.00940	0.01096	0.00783	0.00392	0.00392	0.00078	0.00392	0.00313	0.00313	0.84653
11	0.01096	0.00940	0.01096	0.00783	0.01253	0.00705	0.00626	0.01331	0.01096	0.01723	0.00940	0.01096	0.00783	0.00392	0.00392	0.00078	0.00392	0.00313	0.00313	0.84653
12	0.00755	0.00566	0.00850	0.00850	0.00944	0.00661	0.00661	0.00944	0.00850	0.01227	0.01416	0.02077	0.01322	0.03965	0.79326	0.00850	0.01416	0.00566	0.00283	0.00472
13	0.01188	0.01058	0.09818	0.01027	0.01315	0.00932	0.00912	0.01910	0.28630	0.10363	0.06765	0.07820	0.03605	0.00981	0.00601	0.00195	0.00463	0.21227	0.00500	0.00689
14	0.01482	0.01738	0.34002	0.01377	0.01936	0.01054	0.13813	0.03670	0.01310	0.25021	0.05793	0.03891	0.01222	0.00609	0.00544	0.00169	0.00650	0.00539	0.00397	0.00782
15	0.00748	0.00540	0.00707	0.00665	0.00790	0.00499	0.00499	0.00998	0.01496	0.02120	0.77844	0.03949	0.04988	0.01081	0.00624	0.00166	0.00249	0.00956	0.00582	0.00499
16	0.01511	0.58253	0.02356	0.00992	0.01391	0.15941	0.00909	0.05909	0.01255	0.01421	0.05131	0.01066	0.00935	0.00515	0.00391	0.00123	0.00619	0.00342	0.00272	0.00669
17	0.00756	0.00563	0.00834	0.00834	0.00923	0.00652	0.00642	0.00934	0.00845	0.01216	0.01430	0.02155	0.01356	0.08335	0.75002	0.00831	0.01365	0.00578	0.00285	0.00463
18	0.25406	0.01449	0.12507	0.01073	0.01509	0.01342	0.00984	0.30975	0.08260	0.09755	0.01225	0.01242	0.00874	0.00584	0.00469	0.00164	0.00535	0.00426	0.00440	0.00784
19	0.00944	0.00758	0.03151	0.00902	0.05316	0.00698	0.00667	0.01370	0.13268	0.06252	0.33332	0.06230	0.19935	0.01040	0.00602	0.00175	0.00340	0.03909	0.00523	0.00588
20	0.00644	0.00460	0.00613	0.00736	0.00767	0.00429	0.00491	0.00736	0.01012	0.01350	0.02914	0.81076	0.03497	0.01656	0.00675	0.00215	0.00307	0.01503	0.00491	0.00429
21	0.00827	0.00591	0.00824	0.00946	0.01056	0.00587	0.00809	0.01053	0.01193	0.01555	0.02813	0.14844	0.03096	0.01484	0.00724	0.00240	0.00466	0.65927	0.00487	0.00480
22	0.09260	0.35737	0.03878	0.04403	0.04886	0.10891	0.05188	0.03082	0.03779	0.10854	0.01033	0.01131	0.00812	0.00512	0.00424	0.00139	0.00603	0.00377	0.02311	0.00700
23	0.01245	0.01418	0.03074	0.02203	0.02721	0.01345	0.73936	0.01681	0.01235	0.01681	0.01058	0.01418	0.00799	0.00460	0.00657	0.00180	0.03294	0.00619	0.00266	0.00709
24	0.00649	0.00510	0.00587	0.00624	0.00743	0.00448	0.00447	0.00785	0.01180	0.01501	0.14969	0.31247	0.41610	0.01412	0.00642	0.00189	0.00279	0.01227	0.00504	0.00448
25	0.06518	0.01277	0.03230	0.01092	0.01494	0.01312	0.00914	0.46831	0.02028	0.22990	0.03114	0.01454	0.01074	0.00679	0.00572	0.03020	0.00531	0.00488	0.00535	0.00847
26	0.01323	0.08664	0.08393	0.13655	0.34486	0.06960	0.01372	0.07501	0.04642	0.01762	0.05400	0.01416	0.01054	0.00544	0.00509	0.00157	0.00636	0.00471	0.00303	0.00751
27	0.02010	0.01481	0.01587	0.01216	0.01639	0.01639	0.01005	0.76360	0.02486	0.03332	0.01269	0.01269	0.00899	0.00635	0.00529	0.00159	0.00582	0.00476	0.00529	0.00899
28	0.01579	0.01059	0.01236	0.00926	0.01359	0.00958	0.00752	0.19816	0.03520	0.17990	0.03050	0.01372	0.01038	0.00529	0.00463	0.00120	0.00447	0.00420	0.00448	0.42919
29	0.00799	0.00513	0.00670	0.00725	0.00809	0.00470	0.00505	0.00923	0.01129	0.07646	0.13528	0.56926	0.08690	0.03160	0.00695	0.00208	0.00312	0.01306	0.00513	0.00476
30	0.00714	0.00537	0.00660	0.00633	0.00770	0.00484	0.00473	0.00930	0.01410	0.01923	0.57296	0.06036	0.23873	0.01161	0.00625	0.00171	0.00256	0.01010	0.00556	0.00484
31	0.75644	0.01042	0.00878	0.00861	0.05393	0.01197	0.00647	0.01629	0.05265	0.02326	0.00831	0.00948	0.00647	0.00503	0.00350	0.00164	0.00422	0.00314	0.00335	0.00603
32	0.01109	0.08885	0.66221	0.01605	0.08587	0.01299	0.01842	0.01663	0.01120	0.01644	0.00936	0.01111	0.00684	0.00496	0.00491	0.00162	0.00751	0.00389	0.00227	0.00778
33	0.01640	0.49751	0.02257	0.01089	0.01469	0.33267	0.00952	0.01796	0.01245	0.01264	0.00768	0.00891	0.00679	0.00490	0.00395	0.00122	0.00722	0.00306	0.00245	0.00652
34	0.01314	0.01045	0.01098	0.00979	0.01255	0.01189	0.00764	0.08990	0.56287	0.02265	0.01994	0.01910	0.01502	0.00691	0.00505	0.00167	0.00400	0.00567	0.16299	0.00778
35	0.00778	0.00510	0.00573	0.00576	0.00584	0.00509	0.00328	0.00794	0.00795	0.01088	0.01704	0.05549	0.01934	0.74628	0.02503	0.00482	0.00492	0.00774	0.05067	0.00333
36	0.00643	0.00538	0.00563	0.00572	0.00740	0.00457	0.00434	0.00787	0.01212	0.01463	0.08097	0.07325	0.68476	0.01345	0.00632	0.00183	0.00281	0.05308	0.00494	0.00450
37	0.00703	0.00506	0.00666	0.00696	0.00780	0.00469	0.00495	0.00885	0.01287	0.01787	0.45474	0.37268	0.04344	0.01329	0.00646	0.00187	0.00274	0.01192	0.00543	0.00469
38	0.00748	0.00540	0.00707	0.00665	0.00790	0.00499	0.00499	0.00998	0.01496	0.02120	0.77844	0.03949	0.04988	0.01081	0.00624	0.00166	0.00249	0.00956	0.00582	0.00499
39	0.01060	0.02735	0.78682	0.01507	0.02288	0.01228	0.01953	0.01674	0.01116	0.01674	0.00949	0.01116	0.00670	0.00502	0.00502	0.00167	0.00781	0.00391	0.00223	0.00781
40	0.00755	0.00566	0.00850	0.00850	0.00944	0.00661	0.00661	0.00944	0.00850	0.01227	0.01416	0.02077	0.01322	0.03965	0.79326	0.00850	0.01416	0.00566	0.00283	0.00472
41	0.01190	0.00937	0.01106	0.00795	0.01260	0.00710	0.00637	0.01422	0.01127	0.07339	0.01023	0.01148	0.00821	0.00411	0.00402	0.00085	0.00396	0.00329	0.00338	0.78526
42	0.00886	0.00653	0.00777	0.00794	0.00911	0.00654	0.00570	0.12738	0.03185	0.01680	0.02839	0.51721	0.11381	0.05902	0.00757	0.00218	0.00364	0.02969	0.00488	0.00511
43	0.03966	0.01063	0.01772	0.48072	0.32015	0.01206	0.01497	0.01461	0.01108	0.01529	0.00954	0.01352	0.00751	0.00505	0.00520	0.00168	0.00665	0.00464	0.00248	0.00682

[dist]
# distance from previous block
# <min> <max>
0	2

[block]
# block no. 4 follows, 46 sequences, length 16
# corresponding to MSA columns:
# 1617-1632
name=unknown_E
#
# <colnr> <probs for GDERKNQSTAVLIFYWHMCP>
#	G	D	E	R	K	N	Q	S	T	A	V	L	I	F	Y	W	H	M	C	P
0	0.01273	0.01114	0.01225	0.04500	0.01457	0.01309	0.00876	0.02590	0.66758	0.02090	0.02077	0.01968	0.03371	0.00739	0.00622	0.00183	0.05951	0.00595	0.00503	0.00799
1	0.01406	0.35629	0.16723	0.01101	0.01552	0.08295	0.01094	0.11989	0.06663	0.01725	0.03486	0.04495	0.01069	0.00602	0.00453	0.00145	0.00610	0.01928	0.00320	0.00714
2	0.00828	0.00597	0.00820	0.00934	0.01056	0.00590	0.00806	0.01058	0.01208	0.01562	0.02980	0.08946	0.08228	0.01460	0.00721	0.00238	0.00464	0.66536	0.00487	0.00482
3	0.01168	0.00674	0.00870	0.00812	0.01017	0.00594	0.00605	0.03321	0.01190	0.19618	0.02349	0.44881	0.02455	0.01180	0.00593	0.00180	0.00367	0.03327	0.00501	0.14298
4	0.01384	0.50688	0.23359	0.01124	0.01644	0.11081	0.01205	0.01671	0.01136	0.01367	0.00803	0.00934	0.00676	0.00477	0.00400	0.00131	0.00671	0.00319	0.00231	0.00699
5	0.01886	0.01395	0.01499	0.01180	0.01578	0.01548	0.00965	0.59644	0.16996	0.05553	0.01468	0.01423	0.01052	0.00651	0.00531	0.00163	0.00546	0.00501	0.00535	0.00887
6	0.00969	0.00498	0.00518	0.00518	0.00639	0.00505	0.00390	0.01211	0.01090	0.01918	0.01702	0.01979	0.01353	0.00855	0.06016	0.00175	0.00330	0.00498	0.78343	0.00491
7	0.79235	0.01014	0.00809	0.00713	0.01046	0.01157	0.00587	0.01627	0.00944	0.07815	0.00833	0.00926	0.00625	0.00502	0.00342	0.00164	0.00412	0.00304	0.00351	0.00596
8	0.04042	0.00937	0.01090	0.02439	0.08660	0.04663	0.00777	0.08620	0.01193	0.01874	0.01278	0.01584	0.01050	0.02881	0.00743	0.00163	0.16315	0.00468	0.36998	0.04224
9	0.00644	0.00460	0.00613	0.00736	0.00767	0.00429	0.00491	0.00736	0.01012	0.01350	0.02914	0.81076	0.03497	0.01656	0.00675	0.00215	0.00307	0.01503	0.00491	0.00429
10	0.00801	0.00719	0.06168	0.00729	0.00925	0.00574	0.00614	0.01060	0.02677	0.04191	0.40112	0.03921	0.24554	0.01307	0.06047	0.00220	0.00391	0.03961	0.00508	0.00520
11	0.01306	0.01263	0.02185	0.03204	0.75095	0.01259	0.04619	0.01625	0.01206	0.01726	0.00997	0.01313	0.00836	0.00470	0.00527	0.00158	0.00639	0.00477	0.00262	0.00832
12	0.00750	0.10241	0.00847	0.00632	0.00828	0.00660	0.00508	0.00908	0.01218	0.01495	0.13054	0.07078	0.52353	0.01222	0.00600	0.00175	0.00318	0.06161	0.00470	0.00482
13	0.01694	0.00992	0.01271	0.09963	0.04683	0.01027	0.00897	0.11825	0.17771	0.31352	0.01920	0.11176	0.01496	0.00763	0.00549	0.00174	0.00479	0.00645	0.00531	0.00792
14	0.01334	0.72037	0.02524	0.00876	0.01289	0.01901	0.00856	0.01513	0.01125	0.01348	0.09948	0.01219	0.01193	0.00527	0.00373	0.00119	0.00528	0.00363	0.00269	0.00657
15	0.01028	0.00998	0.01769	0.70840	0.03536	0.01194	0.10398	0.01392	0.01080	0.01392	0.00955	0.01411	0.00716	0.00519	0.00540	0.00176	0.00727	0.00488	0.00239	0.00602

[dist]
# distance from previous block
# <min> <max>
0	3

[block]
# block no. 5 follows, 46 sequences, length 7
# corresponding to MSA columns:
# 1636-1642
name=unknown_F
#
# <colnr> <probs for GDERKNQSTAVLIFYWHMCP>
#	G	D	E	R	K	N	Q	S	T	A	V	L	I	F	Y	W	H	M	C	P
0	0.00954	0.00839	0.01334	0.51656	0.08094	0.00989	0.01148	0.01202	0.00984	0.01284	0.01153	0.01994	0.01066	0.23888	0.01153	0.00272	0.00644	0.00556	0.00261	0.00528
1	0.00725	0.00526	0.00601	0.00601	0.00666	0.00513	0.00390	0.00789	0.00906	0.01169	0.02698	0.03744	0.23788	0.47869	0.12407	0.00461	0.00563	0.00842	0.00365	0.00377
2	0.60867	0.01517	0.23277	0.00930	0.01388	0.01198	0.00971	0.01589	0.00962	0.02170	0.00798	0.00933	0.00601	0.00494	0.00378	0.00165	0.00516	0.00316	0.00297	0.00633
3	0.00998	0.00940	0.01586	0.80150	0.03641	0.01175	0.01468	0.01351	0.01057	0.01351	0.00940	0.01409	0.00705	0.00529	0.00529	0.00176	0.00705	0.00470	0.00235	0.00587
4	0.01151	0.00964	0.01054	0.00957	0.01206	0.01079	0.00739	0.02286	0.55313	0.02185	0.24013	0.02543	0.02588	0.00822	0.00563	0.00176	0.00370	0.00701	0.00551	0.00739
5	0.01197	0.01738	0.23772	0.01348	0.01634	0.13033	0.03813	0.01460	0.01024	0.01391	0.00996	0.05643	0.00938	0.07114	0.01170	0.00218	0.32127	0.00510	0.00257	0.00618
6	0.00688	0.00494	0.00653	0.00706	0.00777	0.00459	0.00494	0.00847	0.01217	0.01676	0.34638	0.48421	0.04128	0.01413	0.00653	0.00194	0.00282	0.01271	0.00529	0.00459

[dist]
# distance from previous block
# <min> <max>
0	1

[block]
# block no. 6 follows, 46 sequences, length 11
# corresponding to MSA columns:
# 1644-1654
name=unknown_G
#
# <colnr> <probs for GDERKNQSTAVLIFYWHMCP>
#	G	D	E	R	K	N	Q	S	T	A	V	L	I	F	Y	W	H	M	C	P
0	0.01569	0.00723	0.00926	0.00782	0.01064	0.00625	0.00619	0.01745	0.01372	0.42613	0.08830	0.11042	0.23877	0.00986	0.00580	0.00173	0.00368	0.00832	0.00585	0.00691
1	0.00630	0.00514	0.00558	0.00593	0.00729	0.00441	0.00427	0.00752	0.01149	0.01405	0.04652	0.26977	0.56473	0.01430	0.00639	0.00189	0.00279	0.01227	0.00491	0.00441
2	0.00753	0.00559	0.00808	0.00796	0.00900	0.00614	0.00614	0.00959	0.01036	0.01484	0.23432	0.02616	0.02378	0.03134	0.56655	0.00653	0.01080	0.00679	0.00369	0.00480
3	0.85155	0.01022	0.00777	0.00695	0.01022	0.01186	0.00573	0.01554	0.00900	0.02372	0.00736	0.00859	0.00573	0.00491	0.00327	0.00164	0.00409	0.00286	0.00327	0.00573
4	0.01068	0.00940	0.01237	0.23646	0.01941	0.00840	0.00869	0.01337	0.01085	0.01616	0.00940	0.01186	0.00760	0.00431	0.00431	0.00106	0.00482	0.00358	0.00291	0.60436
5	0.01661	0.02584	0.07015	0.03062	0.25081	0.02409	0.01136	0.03723	0.11568	0.28872	0.03463	0.01669	0.02511	0.00605	0.00525	0.00161	0.00533	0.00518	0.00452	0.02453
6	0.00941	0.00598	0.00947	0.23579	0.01539	0.00665	0.00750	0.00879	0.00795	0.01043	0.00924	0.01550	0.00857	0.01460	0.01623	0.60294	0.00530	0.00462	0.00231	0.00333
7	0.01712	0.00837	0.01033	0.00836	0.01160	0.00762	0.00676	0.10494	0.01536	0.42165	0.08304	0.02838	0.23588	0.00879	0.00565	0.00168	0.00398	0.00724	0.00588	0.00741
8	0.01391	0.01965	0.19018	0.01817	0.07782	0.23718	0.28507	0.01759	0.01279	0.01563	0.01066	0.03912	0.00882	0.00552	0.00552	0.00165	0.00837	0.02271	0.00271	0.00694
9	0.25445	0.05149	0.01743	0.07847	0.46834	0.01271	0.01274	0.01582	0.01099	0.01862	0.00903	0.01163	0.00744	0.00480	0.00458	0.00158	0.00567	0.00408	0.00277	0.00735
10	0.01228	0.11342	0.24188	0.04379	0.40285	0.01312	0.01566	0.01607	0.01152	0.01643	0.00945	0.01187	0.00763	0.00474	0.00487	0.00150	0.00652	0.00415	0.00249	0.05973

[dist]
# distance from previous block
# <min> <max>
0	73

# created by:
# /st0/software/busco_prod/Augustus/scripts/msa2prfl.pl ./align_prep/123454.fa
