[name]
unknown

[dist]
# distance from previous block
# <min> <max>
0	165

[block]
# block no. 0 follows, 50 sequences, length 50
# corresponding to MSA columns:
# 225-274
name=unknown_A
#
# <colnr> <probs for GDERKNQSTAVLIFYWHMCP>
#	G	D	E	R	K	N	Q	S	T	A	V	L	I	F	Y	W	H	M	C	P
0	0.01316	0.80581	0.02563	0.00851	0.01269	0.01936	0.00847	0.01476	0.01007	0.01172	0.00710	0.00831	0.00656	0.00515	0.02466	0.00125	0.00555	0.00274	0.00215	0.00634
1	0.00866	0.00433	0.00649	0.00649	0.00649	0.00433	0.00433	0.00649	0.00649	0.00866	0.00866	0.01515	0.00866	0.01732	0.01948	0.85498	0.00433	0.00433	0.00216	0.00216
2	0.01162	0.01318	0.10872	0.13263	0.52949	0.01178	0.08967	0.01507	0.01111	0.01572	0.00933	0.01237	0.00752	0.00452	0.00501	0.00154	0.00642	0.00449	0.00240	0.00740
3	0.01771	0.00888	0.03187	0.12146	0.05503	0.00811	0.00865	0.02050	0.04646	0.51560	0.06879	0.03338	0.02768	0.00646	0.00510	0.00158	0.00455	0.00543	0.00518	0.00758
4	0.01989	0.00793	0.01077	0.00845	0.01187	0.00690	0.00690	0.02188	0.01424	0.67146	0.14446	0.02024	0.01795	0.00682	0.00515	0.00155	0.00394	0.00566	0.00606	0.00787
5	0.01079	0.01293	0.12627	0.40552	0.22516	0.04233	0.07774	0.01436	0.01071	0.01431	0.00906	0.01251	0.00699	0.00475	0.00499	0.00159	0.00680	0.00440	0.00230	0.00650
6	0.01839	0.01017	0.02564	0.01263	0.12815	0.00978	0.00898	0.08811	0.16941	0.44775	0.01744	0.01608	0.01183	0.00600	0.00501	0.00156	0.00459	0.00499	0.00524	0.00826
7	0.00800	0.09196	0.04690	0.00826	0.00968	0.00797	0.00686	0.00976	0.00871	0.01221	0.05288	0.08178	0.01497	0.07588	0.49766	0.00573	0.04726	0.00593	0.00288	0.00473
8	0.01161	0.01054	0.01700	0.09585	0.36477	0.02048	0.09901	0.08054	0.01207	0.01688	0.01298	0.04928	0.03344	0.00659	0.01988	0.00170	0.02635	0.04355	0.07074	0.00675
9	0.01164	0.26958	0.41551	0.01462	0.12701	0.01412	0.01451	0.01554	0.01053	0.03118	0.00855	0.01015	0.00670	0.00468	0.00459	0.00142	0.02678	0.00352	0.00225	0.00712
10	0.01532	0.05452	0.01779	0.09378	0.10354	0.04526	0.12047	0.36806	0.09153	0.02292	0.01149	0.01267	0.00856	0.00541	0.00501	0.00153	0.00605	0.00465	0.00385	0.00760
11	0.86003	0.00964	0.00733	0.00655	0.00964	0.01118	0.00540	0.01465	0.00848	0.02236	0.00694	0.00810	0.00540	0.00463	0.00308	0.00154	0.00386	0.00270	0.00308	0.00540
12	0.06200	0.06228	0.02260	0.05207	0.07134	0.04449	0.02652	0.04410	0.11062	0.03677	0.09896	0.14583	0.04253	0.12886	0.00828	0.00211	0.01535	0.01588	0.00383	0.00559
13	0.00651	0.00543	0.00570	0.00570	0.00729	0.00488	0.00422	0.00878	0.07295	0.01423	0.08060	0.11716	0.61019	0.02618	0.00620	0.00176	0.00270	0.01034	0.00468	0.00449
14	0.00746	0.00575	0.00787	0.00779	0.00823	0.00664	0.00570	0.00852	0.00802	0.01132	0.01555	0.16089	0.01676	0.24007	0.35709	0.00537	0.11255	0.00725	0.00304	0.00413
15	0.02334	0.06816	0.34791	0.09467	0.12315	0.07495	0.08852	0.01673	0.08592	0.01562	0.00995	0.01179	0.00754	0.00487	0.00479	0.00154	0.00683	0.00415	0.00254	0.00703
16	0.63874	0.00862	0.00743	0.00682	0.00949	0.00961	0.00543	0.01416	0.00917	0.08854	0.01161	0.14981	0.01078	0.00667	0.00382	0.00163	0.00372	0.00489	0.00362	0.00543
17	0.01051	0.01089	0.06497	0.35230	0.25416	0.01056	0.04496	0.01371	0.01059	0.01470	0.00963	0.01378	0.00785	0.00486	0.00486	0.00149	0.00604	0.02855	0.00248	0.13309
18	0.00668	0.00508	0.00615	0.00588	0.00722	0.00454	0.00441	0.00869	0.01323	0.01790	0.55445	0.04066	0.28499	0.01097	0.00588	0.00160	0.00241	0.00950	0.00521	0.00454
19	0.00988	0.13912	0.52711	0.01224	0.01792	0.01152	0.03561	0.01421	0.01051	0.01490	0.03499	0.10894	0.02969	0.00630	0.00480	0.00156	0.00630	0.00517	0.00258	0.00666
20	0.52548	0.00986	0.00985	0.14699	0.01482	0.02526	0.00746	0.06216	0.01059	0.13280	0.00943	0.01053	0.00682	0.00500	0.00383	0.00156	0.00459	0.00345	0.00349	0.00606
21	0.01158	0.00708	0.00815	0.00713	0.00864	0.00729	0.00515	0.16111	0.01190	0.10956	0.02663	0.02420	0.02794	0.37444	0.07628	0.00346	0.00516	0.00604	0.11317	0.00511
22	0.01862	0.02376	0.01413	0.01284	0.01541	0.80482	0.00963	0.01990	0.01413	0.01220	0.00770	0.00899	0.00642	0.00514	0.00449	0.00128	0.00899	0.00321	0.00257	0.00578
23	0.35240	0.01238	0.01229	0.00996	0.01346	0.06937	0.05421	0.27815	0.07262	0.06478	0.01058	0.01106	0.00776	0.00534	0.00426	0.00153	0.00509	0.00388	0.00398	0.00691
24	0.86003	0.00964	0.00733	0.00655	0.00964	0.01118	0.00540	0.01465	0.00848	0.02236	0.00694	0.00810	0.00540	0.00463	0.00308	0.00154	0.00386	0.00270	0.00308	0.00540
25	0.86003	0.00964	0.00733	0.00655	0.00964	0.01118	0.00540	0.01465	0.00848	0.02236	0.00694	0.00810	0.00540	0.00463	0.00308	0.00154	0.00386	0.00270	0.00308	0.00540
26	0.00612	0.00444	0.00578	0.00675	0.00720	0.00410	0.00457	0.00711	0.00996	0.01322	0.07569	0.71357	0.09299	0.01505	0.00630	0.00197	0.00283	0.01357	0.00468	0.00410
27	0.00624	0.00469	0.00608	0.03896	0.00825	0.00440	0.00486	0.00736	0.01015	0.01329	0.07713	0.60738	0.16421	0.01434	0.00620	0.00192	0.00295	0.01283	0.00458	0.00418
28	0.00651	0.00493	0.00600	0.00603	0.00719	0.00442	0.00441	0.00824	0.01237	0.01657	0.41550	0.19485	0.27083	0.01200	0.00598	0.00169	0.00251	0.01049	0.00506	0.00442
29	0.00972	0.00922	0.01570	0.72688	0.10369	0.01117	0.02780	0.01303	0.01013	0.01312	0.00893	0.01320	0.00678	0.00492	0.00500	0.00164	0.00661	0.00446	0.00224	0.00577
30	0.00713	0.00489	0.00562	0.00562	0.00583	0.00490	0.00335	0.00738	0.00763	0.01012	0.01822	0.03273	0.07798	0.69594	0.08876	0.00485	0.00536	0.00734	0.00312	0.00323
31	0.05416	0.01124	0.01096	0.03569	0.01216	0.20852	0.02168	0.03191	0.01005	0.01289	0.01100	0.03248	0.01021	0.05257	0.36677	0.00460	0.10054	0.00478	0.00271	0.00506
32	0.08454	0.01362	0.01436	0.01109	0.01500	0.01512	0.00916	0.71766	0.02227	0.03071	0.01158	0.01167	0.00824	0.00588	0.00484	0.00150	0.00536	0.00435	0.00484	0.00824
33	0.00612	0.00443	0.00581	0.00689	0.00730	0.00411	0.00468	0.00706	0.00972	0.01284	0.02887	0.74942	0.07994	0.01537	0.00635	0.00201	0.00292	0.03746	0.00463	0.00408
34	0.00862	0.00797	0.01457	0.06048	0.01535	0.00763	0.25891	0.01135	0.01202	0.01648	0.28692	0.18064	0.02763	0.00920	0.00599	0.00175	0.00486	0.06026	0.00409	0.00528
35	0.79445	0.00998	0.00792	0.00694	0.01009	0.01152	0.00572	0.07411	0.00965	0.02307	0.00733	0.00840	0.00564	0.00473	0.00323	0.00154	0.00398	0.00284	0.00323	0.00564
36	0.00725	0.00483	0.00544	0.00544	0.00544	0.00483	0.00302	0.00725	0.00725	0.00966	0.01571	0.03262	0.01812	0.82483	0.02537	0.00483	0.00483	0.00725	0.00302	0.00302
37	0.00624	0.00447	0.00594	0.00682	0.00727	0.00416	0.00464	0.00737	0.01033	0.01398	0.15977	0.68569	0.03540	0.01468	0.00628	0.00195	0.00280	0.01328	0.00478	0.00416
38	0.01034	0.00886	0.01034	0.00738	0.01181	0.00664	0.00591	0.01255	0.01034	0.01624	0.00886	0.01034	0.00738	0.00369	0.00369	0.00074	0.00369	0.00295	0.00295	0.85530
39	0.00915	0.00825	0.00772	0.00753	0.00824	0.14382	0.00516	0.00993	0.00873	0.01075	0.01391	0.04462	0.01478	0.42729	0.25399	0.00510	0.00805	0.00615	0.00288	0.00395
40	0.01219	0.00996	0.01133	0.00826	0.01260	0.00854	0.00667	0.17682	0.01315	0.01950	0.00953	0.01069	0.00762	0.00418	0.00397	0.00090	0.00408	0.00328	0.00339	0.67335
41	0.00983	0.01095	0.05259	0.01612	0.01970	0.00976	0.49238	0.01300	0.01099	0.01490	0.01574	0.27832	0.01584	0.00797	0.00599	0.00179	0.00655	0.00851	0.00319	0.00587
42	0.00635	0.00456	0.00609	0.00721	0.00767	0.00430	0.00510	0.00744	0.00988	0.01307	0.02805	0.68514	0.05664	0.01525	0.00642	0.00205	0.00313	0.12289	0.00462	0.00413
43	0.03409	0.05588	0.01525	0.01131	0.01516	0.07709	0.00933	0.65092	0.03631	0.02855	0.01144	0.01159	0.00828	0.00582	0.00482	0.00146	0.00569	0.00428	0.00462	0.00809
44	0.01119	0.00924	0.01065	0.00788	0.01200	0.00762	0.00629	0.11063	0.01197	0.01798	0.01039	0.05986	0.00908	0.00471	0.00402	0.00091	0.00387	0.00383	0.00332	0.69454
45	0.06025	0.01029	0.01215	0.03533	0.01362	0.01078	0.00804	0.34182	0.01701	0.26625	0.05904	0.03330	0.01260	0.00952	0.08462	0.00218	0.00560	0.00511	0.00496	0.00751
46	0.01019	0.00989	0.01457	0.22803	0.01846	0.01338	0.01131	0.01194	0.00829	0.01216	0.00774	0.01227	0.00707	0.01011	0.07928	0.00253	0.53070	0.00446	0.00223	0.00539
47	0.01362	0.00957	0.01088	0.00919	0.01154	0.01032	0.00716	0.39176	0.04714	0.03872	0.01619	0.12808	0.05250	0.03742	0.04429	0.14985	0.00502	0.00629	0.00429	0.00617
48	0.00966	0.00586	0.00661	0.00595	0.00771	0.00572	0.02885	0.01292	0.07084	0.01829	0.01579	0.03462	0.01263	0.00580	0.00377	0.00119	0.00281	0.00478	0.64636	0.09983
49	0.01216	0.01225	0.03709	0.11298	0.65641	0.03716	0.02894	0.01519	0.01128	0.01576	0.00927	0.01231	0.00767	0.00452	0.00494	0.00150	0.00617	0.00441	0.00244	0.00754

[dist]
# distance from previous block
# <min> <max>
1	5

[block]
# block no. 1 follows, 50 sequences, length 92
# corresponding to MSA columns:
# 280-371
name=unknown_B
#
# <colnr> <probs for GDERKNQSTAVLIFYWHMCP>
#	G	D	E	R	K	N	Q	S	T	A	V	L	I	F	Y	W	H	M	C	P
0	0.06542	0.00903	0.01057	0.02083	0.01226	0.00760	0.02224	0.02366	0.07128	0.01732	0.04811	0.01229	0.00982	0.00437	0.00395	0.00095	0.00383	0.00355	0.00326	0.64965
1	0.03823	0.01417	0.08811	0.04028	0.12814	0.07242	0.20583	0.14156	0.06540	0.03360	0.01070	0.02600	0.00841	0.00550	0.00617	0.00161	0.08313	0.00482	0.00315	0.02275
2	0.01141	0.01087	0.01829	0.22385	0.56659	0.01143	0.01445	0.01462	0.02533	0.01540	0.01070	0.01377	0.03157	0.00487	0.00498	0.00154	0.00596	0.00465	0.00252	0.00720
3	0.01491	0.01159	0.01227	0.00995	0.01352	0.04267	0.00795	0.23964	0.31012	0.08577	0.01495	0.01445	0.01105	0.00578	0.00473	0.00141	0.00456	0.00460	0.00459	0.18549
4	0.00665	0.00543	0.00574	0.00563	0.00727	0.00479	0.00422	0.04516	0.01206	0.01488	0.11454	0.10774	0.62375	0.01232	0.00588	0.00169	0.00268	0.01038	0.00472	0.00445
5	0.01252	0.01182	0.02315	0.01727	0.02096	0.01195	0.49014	0.01576	0.01128	0.10406	0.01181	0.01674	0.00958	0.00599	0.00775	0.00180	0.15322	0.06462	0.00304	0.00653
6	0.01142	0.29443	0.48160	0.01261	0.01870	0.03394	0.05278	0.01561	0.01054	0.01434	0.00829	0.00978	0.00641	0.00456	0.00427	0.00140	0.00677	0.00344	0.00215	0.00697
7	0.00665	0.00532	0.00573	0.00556	0.00721	0.00466	0.00419	0.00862	0.03932	0.02827	0.21077	0.04407	0.58849	0.01178	0.00584	0.00166	0.00257	0.00993	0.00486	0.00452
8	0.15165	0.00893	0.01087	0.00866	0.01227	0.00854	0.00709	0.02305	0.10587	0.58328	0.01776	0.01578	0.01160	0.00600	0.00472	0.00156	0.00415	0.00473	0.00556	0.00793
9	0.01179	0.01128	0.01924	0.17816	0.65048	0.01170	0.01502	0.01481	0.01109	0.01561	0.00928	0.01252	0.00766	0.00454	0.00494	0.00151	0.00606	0.00444	0.00242	0.00745
10	0.22944	0.31071	0.16758	0.00965	0.01407	0.01459	0.02377	0.05731	0.07456	0.04377	0.00918	0.01000	0.00719	0.00481	0.00383	0.00139	0.00526	0.00335	0.00291	0.00664
11	0.00613	0.00438	0.00585	0.00701	0.00732	0.00410	0.00473	0.00704	0.00960	0.01279	0.02744	0.79943	0.03284	0.01556	0.00638	0.00203	0.00294	0.03575	0.00463	0.00406
12	0.00823	0.00692	0.00744	0.00698	0.00864	0.04408	0.00526	0.01203	0.13300	0.01782	0.40676	0.07479	0.20410	0.01004	0.00565	0.00160	0.00302	0.00863	0.00497	0.03004
13	0.86003	0.00964	0.00733	0.00655	0.00964	0.01118	0.00540	0.01465	0.00848	0.02236	0.00694	0.00810	0.00540	0.00463	0.00308	0.00154	0.00386	0.00270	0.00308	0.00540
14	0.01723	0.06670	0.05429	0.01278	0.07636	0.01491	0.01016	0.56650	0.07341	0.04006	0.01199	0.01221	0.00872	0.00575	0.00486	0.00149	0.00547	0.00441	0.00449	0.00820
15	0.01121	0.00871	0.01012	0.03555	0.05263	0.02297	0.00708	0.26180	0.02603	0.02033	0.14257	0.21350	0.12859	0.02816	0.00603	0.00174	0.00406	0.00838	0.00462	0.00594
16	0.00615	0.00488	0.00553	0.00575	0.00699	0.00426	0.00417	0.00751	0.01140	0.01446	0.17918	0.24130	0.46494	0.01294	0.00601	0.00175	0.00259	0.01117	0.00478	0.00426
17	0.01680	0.02937	0.01375	0.01028	0.01427	0.01302	0.00846	0.51776	0.05721	0.06780	0.01209	0.01222	0.00880	0.00552	0.00467	0.00134	0.00493	0.00422	0.01489	0.18261
18	0.00808	0.00542	0.00707	0.00664	0.00799	0.00503	0.00507	0.01057	0.02726	0.06647	0.66561	0.05134	0.05562	0.01021	0.00587	0.00162	0.00262	0.04711	0.00545	0.00496
19	0.01185	0.01125	0.01910	0.02874	0.73210	0.01123	0.01446	0.01464	0.01121	0.01601	0.01079	0.07576	0.00986	0.00532	0.00505	0.00152	0.00568	0.00520	0.00264	0.00759
20	0.00709	0.00514	0.00672	0.00643	0.00762	0.00476	0.00490	0.00942	0.01388	0.01952	0.72571	0.03869	0.06187	0.01047	0.00594	0.00162	0.00250	0.05763	0.00541	0.00469
21	0.00702	0.00555	0.00595	0.00572	0.00742	0.00492	0.00432	0.04845	0.01235	0.02805	0.15238	0.08190	0.59435	0.01197	0.00585	0.00167	0.00270	0.01008	0.00479	0.00457
22	0.01061	0.04153	0.35514	0.01639	0.02190	0.01186	0.34613	0.01506	0.01091	0.01540	0.01114	0.05272	0.02572	0.00536	0.00574	0.00166	0.03821	0.00531	0.00247	0.00675
23	0.01744	0.00735	0.00986	0.00793	0.01091	0.00646	0.00640	0.01951	0.01404	0.54155	0.23528	0.02271	0.02206	0.00728	0.00518	0.00153	0.00362	0.00611	0.04754	0.00724
24	0.01538	0.42556	0.07639	0.01065	0.01455	0.27997	0.00969	0.08903	0.01275	0.01404	0.00781	0.00888	0.00660	0.00475	0.00391	0.00122	0.00671	0.00309	0.00255	0.00646
25	0.00995	0.02446	0.73756	0.07679	0.02257	0.01154	0.01806	0.01555	0.01048	0.01555	0.00894	0.01074	0.00634	0.00476	0.00476	0.00159	0.00731	0.00374	0.00211	0.00722
26	0.01163	0.17015	0.50406	0.02823	0.08000	0.01327	0.01532	0.06511	0.02389	0.03090	0.00919	0.01060	0.00686	0.00477	0.00450	0.00147	0.00663	0.00368	0.00245	0.00730
27	0.03486	0.01919	0.25768	0.04518	0.15295	0.21725	0.01331	0.12388	0.02606	0.01720	0.00963	0.01190	0.00759	0.00528	0.00496	0.00150	0.02008	0.02166	0.00283	0.00700
28	0.01025	0.00971	0.01646	0.58855	0.25208	0.01129	0.01426	0.01347	0.01036	0.01375	0.00901	0.01302	0.00700	0.00483	0.00497	0.00161	0.00644	0.00443	0.00229	0.00621
29	0.01183	0.01152	0.01902	0.21026	0.58155	0.03412	0.02974	0.01485	0.01112	0.01534	0.00922	0.01248	0.00756	0.00458	0.00495	0.00152	0.00622	0.00443	0.00241	0.00727
30	0.00612	0.00437	0.00583	0.00699	0.00730	0.00409	0.00470	0.00702	0.00959	0.01277	0.02745	0.80455	0.03287	0.01557	0.00637	0.00203	0.00293	0.03077	0.00463	0.00406
31	0.00621	0.00506	0.00547	0.00537	0.00689	0.00435	0.00400	0.00772	0.01197	0.01504	0.23696	0.04494	0.58765	0.02865	0.00629	0.00172	0.00253	0.01007	0.00481	0.00431
32	0.00708	0.00479	0.00562	0.00575	0.00589	0.00475	0.00342	0.00739	0.00803	0.01080	0.06881	0.13860	0.02192	0.64503	0.03830	0.00431	0.00459	0.00825	0.00339	0.00330
33	0.01895	0.01396	0.01496	0.01147	0.01546	0.01546	0.00947	0.77711	0.02344	0.03141	0.01197	0.01197	0.00848	0.00598	0.00499	0.00150	0.00548	0.00449	0.00499	0.00848
34	0.01000	0.02578	0.79900	0.01421	0.02157	0.01158	0.01842	0.01579	0.01052	0.01579	0.00895	0.01052	0.00631	0.00474	0.00474	0.00158	0.00737	0.00368	0.00210	0.00737
35	0.01173	0.01123	0.01914	0.19234	0.63671	0.01168	0.01500	0.01477	0.01106	0.01555	0.00927	0.01253	0.00764	0.00455	0.00494	0.00152	0.00607	0.00444	0.00242	0.00741
36	0.01119	0.26253	0.34247	0.01455	0.10134	0.01367	0.10035	0.01490	0.01057	0.01443	0.00975	0.06456	0.00843	0.00523	0.00453	0.00146	0.00642	0.00441	0.00237	0.00684
37	0.05347	0.00838	0.01120	0.00867	0.01238	0.00736	0.00714	0.02329	0.01404	0.73479	0.05196	0.01749	0.01355	0.00628	0.00498	0.00154	0.00415	0.00509	0.00602	0.00821
38	0.01307	0.00938	0.03412	0.00885	0.01142	0.02359	0.00718	0.24363	0.05501	0.12488	0.21294	0.13954	0.06033	0.00894	0.00549	0.00163	0.00404	0.02441	0.00506	0.00648
39	0.00836	0.00433	0.00641	0.00654	0.00658	0.00430	0.00436	0.00654	0.00684	0.00912	0.01080	0.10691	0.01142	0.01712	0.01799	0.75792	0.00417	0.00545	0.00244	0.00238
40	0.01536	0.01321	0.07902	0.01056	0.01422	0.03120	0.00908	0.49051	0.04596	0.02552	0.06362	0.06384	0.01280	0.03846	0.00581	0.00162	0.00516	0.00532	0.00449	0.06424
41	0.01211	0.01331	0.10859	0.02583	0.56498	0.01172	0.07447	0.01622	0.06453	0.02870	0.01062	0.01355	0.00866	0.00482	0.00503	0.00154	0.00609	0.01885	0.00271	0.00769
42	0.00870	0.00705	0.00811	0.00773	0.00849	0.05825	0.00558	0.04687	0.00896	0.01203	0.02875	0.02350	0.01445	0.33984	0.35030	0.00557	0.05273	0.00593	0.00294	0.00423
43	0.08342	0.01238	0.01321	0.01045	0.01397	0.01360	0.00853	0.59873	0.03340	0.04765	0.05117	0.06550	0.01192	0.00672	0.00497	0.00154	0.00498	0.00523	0.00487	0.00775
44	0.08471	0.03277	0.07592	0.08034	0.14334	0.09083	0.11481	0.24239	0.03735	0.02055	0.01006	0.01169	0.00762	0.00507	0.00481	0.00150	0.00631	0.00430	0.00331	0.02233
45	0.01133	0.01231	0.04011	0.10783	0.14964	0.06432	0.33875	0.02624	0.01129	0.01500	0.01158	0.09245	0.01035	0.00687	0.02914	0.00186	0.04329	0.01855	0.00274	0.00635
46	0.00644	0.00506	0.00582	0.00566	0.00708	0.00444	0.00423	0.00821	0.01262	0.01651	0.39768	0.05671	0.42868	0.01153	0.00589	0.00164	0.00245	0.00988	0.00503	0.00444
47	0.02996	0.01812	0.09017	0.01923	0.27395	0.33208	0.07223	0.05890	0.03045	0.01560	0.00906	0.01095	0.00728	0.00487	0.00479	0.00143	0.00738	0.00399	0.00268	0.00689
48	0.00735	0.00789	0.11299	0.00708	0.00923	0.00551	0.00634	0.00978	0.01264	0.03079	0.43044	0.07636	0.24414	0.01033	0.00574	0.00162	0.00314	0.00890	0.00476	0.00496
49	0.84002	0.01002	0.02596	0.00673	0.00992	0.01119	0.00570	0.01468	0.00853	0.02221	0.00699	0.00815	0.00542	0.00463	0.00312	0.00154	0.00394	0.00272	0.00306	0.00544
50	0.03052	0.62524	0.03511	0.00936	0.01339	0.12489	0.00881	0.06506	0.01157	0.02636	0.00760	0.00858	0.00661	0.00454	0.00354	0.00115	0.00582	0.00291	0.00246	0.00648
51	0.00685	0.00546	0.00619	0.00594	0.00748	0.00499	0.00447	0.00948	0.06614	0.01684	0.37349	0.04122	0.41105	0.01115	0.00583	0.00163	0.00255	0.00952	0.00504	0.00468
52	0.00712	0.00495	0.00625	0.00634	0.00663	0.00520	0.00412	0.00773	0.00766	0.01048	0.01591	0.09049	0.01757	0.52224	0.26070	0.00558	0.00727	0.00721	0.00304	0.00354
53	0.01217	0.26545	0.25631	0.01164	0.01639	0.07500	0.08948	0.01599	0.05281	0.05065	0.05404	0.01425	0.05437	0.00549	0.00452	0.00142	0.00610	0.00441	0.00287	0.00664
54	0.56769	0.00924	0.00881	0.00736	0.01072	0.00984	0.00607	0.01802	0.01050	0.29277	0.01138	0.01119	0.00782	0.00517	0.00376	0.00154	0.00399	0.00351	0.00416	0.00647
55	0.00980	0.00932	0.01574	0.38381	0.23460	0.01014	0.07216	0.01275	0.01080	0.01425	0.02875	0.01978	0.12023	0.00624	0.00525	0.00164	0.00586	0.03005	0.00278	0.00604
56	0.00704	0.00508	0.00665	0.00628	0.00744	0.00469	0.00470	0.00936	0.01402	0.01985	0.77622	0.05252	0.04676	0.01030	0.00589	0.00158	0.00236	0.00911	0.00547	0.00469
57	0.62128	0.01125	0.00868	0.00770	0.01070	0.10136	0.00619	0.03526	0.07060	0.05008	0.00894	0.00975	0.00683	0.00498	0.00353	0.00151	0.00446	0.00317	0.02792	0.00581
58	0.08383	0.01296	0.01398	0.01128	0.03377	0.01428	0.00906	0.63619	0.02084	0.02889	0.01179	0.01285	0.00877	0.00714	0.03518	0.00175	0.00561	0.02015	0.00463	0.02705
59	0.00702	0.00521	0.00657	0.00630	0.00752	0.00484	0.00469	0.00951	0.03695	0.01880	0.63417	0.09080	0.12750	0.01072	0.00589	0.00162	0.00246	0.00943	0.00532	0.00470
60	0.00971	0.01993	0.55199	0.01207	0.01755	0.01032	0.01430	0.01548	0.09851	0.01596	0.07234	0.01619	0.01194	0.10385	0.00734	0.00198	0.00628	0.00475	0.00282	0.00670
61	0.01281	0.67607	0.06242	0.00925	0.01322	0.01843	0.00918	0.01458	0.00989	0.01210	0.00705	0.00850	0.00644	0.00473	0.00466	0.00120	0.09003	0.00290	0.00216	0.03436
62	0.00713	0.00531	0.00784	0.00784	0.00868	0.00614	0.00602	0.00879	0.00796	0.01145	0.01350	0.02042	0.01283	0.08831	0.75464	0.00781	0.01280	0.00546	0.00269	0.00436
63	0.86003	0.00964	0.00733	0.00655	0.00964	0.01118	0.00540	0.01465	0.00848	0.02236	0.00694	0.00810	0.00540	0.00463	0.00308	0.00154	0.00386	0.00270	0.00308	0.00540
64	0.02236	0.00848	0.01157	0.00887	0.01272	0.00733	0.00733	0.02429	0.01427	0.79719	0.01966	0.01697	0.01234	0.00617	0.00501	0.00154	0.00424	0.00501	0.00617	0.00848
65	0.00725	0.00483	0.00544	0.00544	0.00544	0.00483	0.00302	0.00725	0.00725	0.00966	0.01571	0.03262	0.01812	0.82483	0.02537	0.00483	0.00483	0.00725	0.00302	0.00302
66	0.00737	0.00517	0.00659	0.00623	0.00752	0.00470	0.00467	0.00952	0.01360	0.04407	0.64559	0.06696	0.13814	0.01056	0.00587	0.00160	0.00245	0.00926	0.00537	0.00474
67	0.01140	0.18847	0.04030	0.01213	0.01327	0.01613	0.01061	0.01274	0.00826	0.01205	0.00670	0.01026	0.00650	0.00764	0.01317	0.00192	0.61660	0.00397	0.00217	0.00571
68	0.00606	0.00439	0.00573	0.00679	0.00719	0.00406	0.00456	0.00696	0.00969	0.01278	0.02928	0.76095	0.09243	0.01538	0.00633	0.00200	0.00286	0.01388	0.00463	0.00406
69	0.01010	0.00853	0.01413	0.60834	0.06672	0.01005	0.02730	0.01307	0.01032	0.06384	0.01163	0.09418	0.00985	0.00610	0.00510	0.00167	0.00602	0.00547	0.02187	0.00570
70	0.00716	0.00485	0.00571	0.00578	0.00589	0.00492	0.00344	0.00739	0.00747	0.01005	0.01624	0.08238	0.01853	0.69620	0.09968	0.00496	0.00553	0.00751	0.00309	0.00323
71	0.01163	0.06372	0.01157	0.00765	0.01201	0.00773	0.00626	0.02715	0.01086	0.07741	0.00963	0.01073	0.00772	0.00396	0.00378	0.00084	0.00388	0.00312	0.00319	0.71715
72	0.01344	0.80988	0.02585	0.00863	0.01285	0.03725	0.00855	0.01504	0.01022	0.01174	0.00695	0.00802	0.00640	0.00428	0.00323	0.00107	0.00541	0.00268	0.00214	0.00638
73	0.86003	0.00964	0.00733	0.00655	0.00964	0.01118	0.00540	0.01465	0.00848	0.02236	0.00694	0.00810	0.00540	0.00463	0.00308	0.00154	0.00386	0.00270	0.00308	0.00540
74	0.00995	0.00807	0.00922	0.02282	0.04141	0.04581	0.00668	0.11270	0.12229	0.01640	0.01966	0.35221	0.02052	0.05830	0.08068	0.00252	0.01994	0.00886	0.03648	0.00547
75	0.00789	0.00590	0.00846	0.00823	0.00932	0.00683	0.00644	0.05859	0.00901	0.01285	0.01326	0.01909	0.01220	0.03535	0.75333	0.00759	0.01284	0.00529	0.00282	0.00471
76	0.01122	0.01065	0.01436	0.01208	0.01293	0.01386	0.01001	0.06144	0.00901	0.01378	0.00743	0.01120	0.00698	0.00891	0.04159	0.00216	0.63172	0.00422	0.00248	0.11395
77	0.00748	0.00479	0.00634	0.00695	0.00768	0.00440	0.00483	0.00865	0.01060	0.07523	0.13325	0.62803	0.05477	0.01404	0.00618	0.00191	0.00291	0.01264	0.00487	0.00449
78	0.01280	0.01068	0.01137	0.01001	0.01284	0.01218	0.00784	0.11947	0.62868	0.02211	0.07965	0.01922	0.01686	0.00693	0.00512	0.00166	0.00401	0.00576	0.00509	0.00771
79	0.86003	0.00964	0.00733	0.00655	0.00964	0.01118	0.00540	0.01465	0.00848	0.02236	0.00694	0.00810	0.00540	0.00463	0.00308	0.00154	0.00386	0.00270	0.00308	0.00540
80	0.00613	0.00438	0.00585	0.00700	0.00732	0.00410	0.00472	0.00704	0.00960	0.01279	0.02744	0.79992	0.03285	0.01556	0.00638	0.00203	0.00294	0.03528	0.00463	0.00406
81	0.00695	0.00509	0.00652	0.00616	0.00738	0.00466	0.00462	0.00921	0.01386	0.01941	0.72506	0.03819	0.11343	0.01041	0.00588	0.00158	0.00237	0.00915	0.00541	0.00466
82	0.01091	0.01091	0.01527	0.01309	0.01309	0.01527	0.01091	0.01200	0.00763	0.01200	0.00654	0.01091	0.00654	0.00872	0.01636	0.00218	0.81570	0.00436	0.00218	0.00545
83	0.00671	0.00507	0.00619	0.00594	0.00724	0.00455	0.00444	0.00872	0.01324	0.01800	0.56682	0.05633	0.25652	0.01099	0.00589	0.00161	0.00241	0.00954	0.00523	0.00455
84	0.01829	0.01373	0.01529	0.01294	0.07640	0.01511	0.00990	0.70126	0.03887	0.03000	0.01194	0.01214	0.00858	0.00588	0.00498	0.00150	0.00549	0.00451	0.00479	0.00842
85	0.01195	0.02663	0.77634	0.01535	0.02268	0.01258	0.01889	0.01705	0.01175	0.01756	0.01089	0.01321	0.00819	0.00603	0.00557	0.00193	0.00794	0.00433	0.00279	0.00832
86	0.00886	0.00648	0.00784	0.00760	0.00888	0.00579	0.00549	0.01035	0.01441	0.02012	0.60336	0.12951	0.12550	0.01220	0.00673	0.00199	0.00316	0.01025	0.00588	0.00561
87	0.02063	0.01517	0.01616	0.01269	0.01675	0.01634	0.01022	0.75521	0.02427	0.03272	0.01382	0.01461	0.01029	0.00724	0.00581	0.00185	0.00612	0.00511	0.00558	0.00940
88	0.00866	0.00433	0.00649	0.00649	0.00649	0.00433	0.00433	0.00649	0.00649	0.00866	0.00866	0.01515	0.00866	0.01732	0.01948	0.85498	0.00433	0.00433	0.00216	0.00216
89	0.01328	0.80304	0.02622	0.00891	0.01320	0.01951	0.03187	0.01496	0.01018	0.01186	0.00703	0.00816	0.00643	0.00426	0.00328	0.00108	0.00542	0.00276	0.00214	0.00641
90	0.03313	0.00560	0.00697	0.00732	0.00842	0.00541	0.00519	0.00952	0.07022	0.01395	0.02293	0.57114	0.02602	0.01514	0.07601	0.00236	0.00401	0.01110	0.00425	0.10129
91	0.00710	0.00508	0.00656	0.00619	0.00738	0.00469	0.00464	0.00942	0.01393	0.01979	0.75009	0.03692	0.06352	0.01011	0.00581	0.00156	0.00235	0.00892	0.03124	0.00469

[dist]
# distance from previous block
# <min> <max>
0	9

[block]
# block no. 2 follows, 50 sequences, length 13
# corresponding to MSA columns:
# 381-393
name=unknown_C
#
# <colnr> <probs for GDERKNQSTAVLIFYWHMCP>
#	G	D	E	R	K	N	Q	S	T	A	V	L	I	F	Y	W	H	M	C	P
0	0.79647	0.01079	0.04143	0.00709	0.01034	0.03683	0.00609	0.01487	0.00875	0.02175	0.00705	0.00823	0.00547	0.00465	0.00320	0.00154	0.00417	0.00276	0.00303	0.00549
1	0.01218	0.59254	0.05000	0.00968	0.01354	0.01654	0.09400	0.01398	0.00992	0.01205	0.00860	0.01218	0.00819	0.12057	0.00669	0.00169	0.00567	0.00371	0.00230	0.00599
2	0.01069	0.09075	0.24680	0.01202	0.04920	0.02170	0.07902	0.01492	0.08228	0.06830	0.04663	0.14320	0.06145	0.00773	0.00522	0.00165	0.00539	0.04313	0.00351	0.00640
3	0.00688	0.00499	0.00648	0.00632	0.00739	0.00459	0.00466	0.00898	0.01337	0.01874	0.65802	0.14875	0.07003	0.01104	0.00595	0.00164	0.00243	0.00980	0.00534	0.00459
4	0.01119	0.01064	0.01787	0.33676	0.47028	0.01156	0.01448	0.01466	0.03615	0.01504	0.00953	0.01292	0.00764	0.00473	0.00496	0.00156	0.00614	0.00448	0.00245	0.00697
5	0.00867	0.00548	0.00701	0.00640	0.00796	0.00494	0.00488	0.01082	0.01374	0.10967	0.59621	0.03639	0.14852	0.01007	0.00578	0.00158	0.00260	0.00876	0.00544	0.00507
6	0.01102	0.01039	0.01710	0.02529	0.62732	0.01024	0.01292	0.01364	0.01139	0.01588	0.04200	0.04357	0.12530	0.00618	0.00515	0.00153	0.00521	0.00579	0.00295	0.00713
7	0.00739	0.00523	0.00641	0.00603	0.00747	0.00467	0.00455	0.00941	0.01331	0.05242	0.54056	0.03948	0.26315	0.01072	0.00584	0.00160	0.00249	0.00928	0.00527	0.00473
8	0.00777	0.00655	0.00828	0.00952	0.11907	0.00621	0.00608	0.01081	0.08416	0.01658	0.27202	0.03685	0.37696	0.01016	0.00568	0.00162	0.00308	0.00874	0.00463	0.00523
9	0.08237	0.01752	0.04588	0.01466	0.08420	0.35378	0.12028	0.06609	0.12264	0.01645	0.01021	0.01149	0.00800	0.00523	0.00495	0.00148	0.02100	0.00412	0.00307	0.00659
10	0.00703	0.00622	0.00895	0.00770	0.00967	0.00552	0.11345	0.00897	0.01204	0.01546	0.23313	0.07353	0.45764	0.01094	0.00591	0.00167	0.00333	0.00963	0.00455	0.00468
11	0.01275	0.61699	0.02172	0.00899	0.04154	0.05169	0.00804	0.01449	0.01033	0.01289	0.00859	0.01009	0.00756	0.00563	0.03007	0.00134	0.00536	0.00313	0.12270	0.00611
12	0.02902	0.00936	0.03213	0.51590	0.09882	0.01047	0.02375	0.03732	0.03208	0.05362	0.01146	0.05103	0.00953	0.00618	0.00540	0.01973	0.00602	0.03942	0.00284	0.00594

[dist]
# distance from previous block
# <min> <max>
0	12

[block]
# block no. 3 follows, 50 sequences, length 31
# corresponding to MSA columns:
# 406-436
name=unknown_D
#
# <colnr> <probs for GDERKNQSTAVLIFYWHMCP>
#	G	D	E	R	K	N	Q	S	T	A	V	L	I	F	Y	W	H	M	C	P
0	0.05322	0.04316	0.55243	0.01339	0.01952	0.02840	0.08288	0.02643	0.01115	0.04873	0.05454	0.01294	0.02098	0.00519	0.00481	0.00156	0.00675	0.00427	0.00264	0.00701
1	0.01254	0.01180	0.01965	0.07200	0.70934	0.01200	0.01490	0.05741	0.01194	0.01693	0.00949	0.01237	0.00786	0.00456	0.00494	0.00149	0.00594	0.00444	0.00259	0.00780
2	0.01720	0.01212	0.01380	0.01178	0.05652	0.01308	0.00913	0.55276	0.03648	0.09690	0.01464	0.07475	0.01186	0.00708	0.00519	0.00159	0.00512	0.04719	0.00491	0.00789
3	0.00963	0.00908	0.01534	0.75515	0.09034	0.01113	0.01395	0.01292	0.01007	0.01300	0.00890	0.01322	0.00674	0.00494	0.00498	0.00165	0.00659	0.00443	0.00223	0.00571
4	0.00606	0.00487	0.00541	0.00573	0.00698	0.00422	0.00416	0.00730	0.01103	0.01370	0.09061	0.26155	0.51994	0.01332	0.00604	0.00178	0.00265	0.02575	0.00468	0.00420
5	0.03708	0.01044	0.01133	0.00978	0.01288	0.03308	0.00772	0.02540	0.53265	0.23290	0.01942	0.01761	0.01393	0.00650	0.00499	0.00163	0.00416	0.00532	0.00525	0.00793
6	0.00607	0.00434	0.00578	0.00694	0.00723	0.00405	0.00463	0.00694	0.00954	0.01272	0.02747	0.82157	0.03297	0.01562	0.00636	0.00202	0.00289	0.01417	0.00463	0.00405
7	0.01895	0.01396	0.01496	0.01147	0.01546	0.01546	0.00947	0.77711	0.02344	0.03141	0.01197	0.01197	0.00848	0.00598	0.00499	0.00150	0.00548	0.00449	0.00499	0.00848
8	0.00623	0.00532	0.00539	0.00537	0.00709	0.00461	0.00406	0.00810	0.04647	0.01383	0.04862	0.04681	0.74045	0.01238	0.00587	0.00170	0.00263	0.02603	0.00465	0.00438
9	0.01175	0.01125	0.01918	0.18682	0.64207	0.01169	0.01501	0.01479	0.01107	0.01558	0.00927	0.01253	0.00765	0.00455	0.00494	0.00152	0.00607	0.00444	0.00242	0.00742
10	0.01166	0.01324	0.02876	0.05695	0.02643	0.01254	0.74105	0.01582	0.01168	0.01582	0.01003	0.01344	0.00752	0.00424	0.00584	0.00168	0.00832	0.00582	0.00251	0.00667
11	0.00607	0.00434	0.00578	0.00694	0.00723	0.00405	0.00463	0.00694	0.00954	0.01272	0.02747	0.82157	0.03297	0.01562	0.00636	0.00202	0.00289	0.01417	0.00463	0.00405
12	0.01013	0.02487	0.74223	0.01471	0.02190	0.01165	0.07427	0.01580	0.01062	0.01580	0.00903	0.01074	0.00641	0.00470	0.00482	0.00159	0.00744	0.00385	0.00214	0.00732
13	0.01199	0.24733	0.43800	0.01162	0.01745	0.01331	0.01356	0.01657	0.05271	0.07259	0.00978	0.01072	0.00732	0.00476	0.00429	0.00139	0.00618	0.00356	0.00262	0.05424
14	0.01333	0.82783	0.02612	0.00853	0.01279	0.01972	0.00853	0.01493	0.01013	0.01173	0.00693	0.00800	0.00640	0.00426	0.00320	0.00107	0.00533	0.00267	0.00213	0.00640
15	0.01034	0.00886	0.01034	0.00738	0.01181	0.00664	0.00591	0.01255	0.01034	0.01624	0.00886	0.01034	0.00738	0.00369	0.00369	0.00074	0.00369	0.00295	0.00295	0.85530
16	0.00607	0.00434	0.00578	0.00694	0.00723	0.00405	0.00463	0.00694	0.00954	0.01272	0.02747	0.82157	0.03297	0.01562	0.00636	0.00202	0.00289	0.01417	0.00463	0.00405
17	0.00624	0.00445	0.00597	0.00713	0.00749	0.00419	0.00491	0.00722	0.00970	0.01291	0.02738	0.75778	0.03261	0.01546	0.00641	0.00205	0.00303	0.07635	0.00462	0.00409
18	0.01006	0.02537	0.77324	0.01443	0.02172	0.01161	0.04377	0.01579	0.01057	0.01579	0.00898	0.01062	0.00636	0.00472	0.00477	0.00158	0.00740	0.00376	0.00212	0.00734
19	0.01275	0.01088	0.01147	0.01021	0.01309	0.01256	0.00797	0.06638	0.74427	0.02141	0.01985	0.01824	0.01486	0.00672	0.00507	0.00168	0.00403	0.00557	0.00507	0.00792
20	0.00607	0.00434	0.00578	0.00694	0.00723	0.00405	0.00463	0.00694	0.00954	0.01272	0.02747	0.82157	0.03297	0.01562	0.00636	0.00202	0.00289	0.01417	0.00463	0.00405
21	0.01314	0.78360	0.06873	0.00884	0.01328	0.01927	0.00907	0.01497	0.01015	0.01195	0.00704	0.00814	0.00639	0.00429	0.00328	0.00109	0.00544	0.00272	0.00213	0.00645
22	0.01240	0.05500	0.01890	0.02567	0.60894	0.01236	0.01358	0.01733	0.15321	0.01688	0.01125	0.01325	0.00916	0.00486	0.00487	0.00150	0.00553	0.00457	0.00293	0.00781
23	0.00676	0.00495	0.00634	0.00627	0.00734	0.00453	0.00460	0.00873	0.01300	0.01802	0.57885	0.18222	0.11696	0.01142	0.00597	0.00166	0.00247	0.01011	0.00525	0.00453
24	0.00628	0.00518	0.00560	0.00581	0.00739	0.00449	0.00457	0.00774	0.01138	0.01373	0.04607	0.04948	0.65168	0.01283	0.00607	0.00180	0.00290	0.14809	0.00462	0.00428
25	0.01088	0.00884	0.01060	0.00796	0.01176	0.00739	0.00636	0.03307	0.01061	0.05155	0.01044	0.06227	0.00920	0.00500	0.00491	0.00098	0.06459	0.00391	0.00320	0.67648
26	0.01060	0.01134	0.04952	0.01987	0.23186	0.01036	0.35147	0.01389	0.01165	0.01619	0.11187	0.10948	0.01560	0.00637	0.00564	0.00165	0.00627	0.00677	0.00311	0.00650
27	0.04018	0.41566	0.27826	0.01121	0.01626	0.03212	0.06459	0.01496	0.01033	0.01375	0.00872	0.03936	0.00752	0.00557	0.02112	0.00148	0.00632	0.00371	0.00229	0.00656
28	0.26789	0.03777	0.01157	0.00925	0.02888	0.04881	0.03519	0.12730	0.05478	0.14269	0.03939	0.01431	0.05110	0.00568	0.00430	0.00143	0.00453	0.00432	0.00401	0.10681
29	0.01457	0.10692	0.05866	0.01254	0.04416	0.01337	0.11382	0.36552	0.01649	0.03394	0.01274	0.10828	0.01098	0.00660	0.00530	0.00154	0.02716	0.00556	0.02201	0.01985
30	0.06145	0.00986	0.07886	0.00981	0.01297	0.00846	0.09233	0.04715	0.11183	0.15146	0.20352	0.07928	0.05156	0.00758	0.00525	0.00158	0.00431	0.00665	0.00454	0.05154

[dist]
# distance from previous block
# <min> <max>
4	13

[block]
# block no. 4 follows, 50 sequences, length 70
# corresponding to MSA columns:
# 450-519
name=unknown_E
#
# <colnr> <probs for GDERKNQSTAVLIFYWHMCP>
#	G	D	E	R	K	N	Q	S	T	A	V	L	I	F	Y	W	H	M	C	P
0	0.09504	0.08910	0.11656	0.01086	0.01485	0.18858	0.00974	0.23407	0.01537	0.13037	0.02601	0.01157	0.00855	0.00542	0.00450	0.00142	0.00607	0.00390	0.00378	0.02423
1	0.10408	0.05602	0.12542	0.01101	0.01537	0.09221	0.05329	0.27503	0.01510	0.02131	0.01014	0.01111	0.01766	0.00504	0.00443	0.00134	0.00571	0.00383	0.00346	0.16844
2	0.02787	0.10121	0.01188	0.00887	0.01139	0.03986	0.00719	0.22948	0.01404	0.03105	0.03159	0.14806	0.03963	0.05927	0.04679	0.00210	0.00508	0.10167	0.00404	0.07895
3	0.02630	0.05763	0.17550	0.01037	0.03444	0.11667	0.00937	0.04717	0.15664	0.01664	0.09522	0.06724	0.15110	0.00772	0.00508	0.00157	0.00507	0.00628	0.00378	0.00622
4	0.04343	0.02502	0.08554	0.00678	0.00918	0.05143	0.00594	0.00980	0.01151	0.03152	0.09828	0.03747	0.52922	0.01105	0.02075	0.00174	0.00372	0.00860	0.00421	0.00484
5	0.01050	0.09213	0.52711	0.01276	0.03356	0.01170	0.03122	0.05862	0.04380	0.01627	0.01437	0.01526	0.09993	0.00577	0.00479	0.00155	0.00636	0.00459	0.00271	0.00699
6	0.01003	0.00830	0.00974	0.00754	0.01115	0.00667	0.00587	0.05628	0.01095	0.01646	0.01258	0.16464	0.01231	0.00609	0.00427	0.00103	0.00364	0.00518	0.00339	0.64387
7	0.00607	0.00434	0.00578	0.00694	0.00723	0.00405	0.00463	0.00694	0.00954	0.01272	0.02747	0.82157	0.03297	0.01562	0.00636	0.00202	0.00289	0.01417	0.00463	0.00405
8	0.01057	0.00895	0.01074	0.00768	0.01211	0.00678	0.02139	0.01282	0.01043	0.02962	0.00907	0.01051	0.00747	0.00374	0.00376	0.00077	0.00380	0.00305	0.00300	0.82374
9	0.86003	0.00964	0.00733	0.00655	0.00964	0.01118	0.00540	0.01465	0.00848	0.02236	0.00694	0.00810	0.00540	0.00463	0.00308	0.00154	0.00386	0.00270	0.00308	0.00540
10	0.00606	0.00438	0.00574	0.00683	0.00720	0.00406	0.00458	0.00695	0.00965	0.01277	0.02879	0.77738	0.07631	0.01545	0.00634	0.00200	0.00287	0.01396	0.00463	0.00406
11	0.03858	0.26706	0.54031	0.01225	0.01854	0.01402	0.01501	0.01549	0.01034	0.01478	0.00827	0.00968	0.00631	0.00459	0.00422	0.00142	0.00664	0.00334	0.00214	0.00701
12	0.17504	0.01095	0.03076	0.01193	0.05882	0.01125	0.11659	0.09938	0.23010	0.12645	0.04616	0.01596	0.03290	0.00595	0.00483	0.00160	0.00485	0.00506	0.00426	0.00715
13	0.00589	0.00505	0.00505	0.00505	0.00673	0.00421	0.00379	0.00715	0.01136	0.01347	0.05049	0.04797	0.79171	0.01262	0.00589	0.00168	0.00252	0.01052	0.00463	0.00421
14	0.00761	0.00476	0.00527	0.00538	0.00636	0.00451	0.00381	0.00922	0.01055	0.01577	0.13133	0.14355	0.16457	0.12203	0.00769	0.00194	0.00279	0.00806	0.34054	0.00426
15	0.01356	0.02082	0.40137	0.01594	0.12451	0.17162	0.05827	0.01752	0.01186	0.10351	0.01003	0.01136	0.00730	0.00491	0.00481	0.00151	0.00720	0.00397	0.00273	0.00721
16	0.00972	0.02369	0.71992	0.01333	0.01997	0.01090	0.01688	0.01493	0.01020	0.01518	0.00962	0.01273	0.00749	0.08646	0.00679	0.00190	0.00711	0.00404	0.00220	0.00693
17	0.00627	0.00448	0.00601	0.00716	0.00754	0.00422	0.00497	0.00728	0.00974	0.01294	0.02736	0.74530	0.03254	0.01543	0.00641	0.00205	0.00306	0.08852	0.00462	0.00410
18	0.00702	0.00637	0.05273	0.00863	0.02390	0.00531	0.04028	0.02073	0.01015	0.01366	0.03612	0.64961	0.02937	0.01392	0.00623	0.00198	0.00359	0.06148	0.00436	0.00455
19	0.01147	0.01402	0.10164	0.07622	0.13714	0.04496	0.45427	0.01529	0.01149	0.01547	0.01119	0.03303	0.02296	0.00501	0.00554	0.00164	0.00752	0.02187	0.00258	0.00668
20	0.01000	0.02578	0.79900	0.01421	0.02157	0.01158	0.01842	0.01579	0.01052	0.01579	0.00895	0.01052	0.00631	0.00474	0.00474	0.00158	0.00737	0.00368	0.00210	0.00737
21	0.01275	0.49251	0.24839	0.01083	0.02777	0.04507	0.01155	0.05880	0.01113	0.01411	0.00798	0.00927	0.00663	0.00513	0.01826	0.00138	0.00621	0.00316	0.00232	0.00676
22	0.86003	0.00964	0.00733	0.00655	0.00964	0.01118	0.00540	0.01465	0.00848	0.02236	0.00694	0.00810	0.00540	0.00463	0.00308	0.00154	0.00386	0.00270	0.00308	0.00540
23	0.00601	0.00505	0.00521	0.00517	0.00680	0.00426	0.00388	0.00738	0.01163	0.01411	0.12420	0.04690	0.71760	0.01238	0.00589	0.00167	0.00251	0.01037	0.00471	0.00426
24	0.01195	0.12131	0.07689	0.00984	0.01295	0.03490	0.00851	0.07949	0.38454	0.01817	0.03112	0.01744	0.03856	0.02622	0.10384	0.00241	0.00577	0.00514	0.00401	0.00693
25	0.07616	0.50904	0.06584	0.01124	0.09118	0.01610	0.02403	0.03030	0.01094	0.11117	0.00902	0.00987	0.00727	0.00460	0.00376	0.00125	0.00532	0.00329	0.00280	0.00683
26	0.00756	0.00522	0.00675	0.00630	0.00760	0.00477	0.00475	0.00983	0.01395	0.04883	0.71833	0.03711	0.08972	0.01018	0.00585	0.00157	0.00243	0.00895	0.00546	0.00482
27	0.02302	0.01010	0.01591	0.36799	0.13346	0.01141	0.09790	0.01670	0.20458	0.01578	0.01298	0.03632	0.02069	0.00565	0.00512	0.00165	0.00587	0.00522	0.00311	0.00653
28	0.00624	0.00483	0.00537	0.00565	0.00664	0.00430	0.00389	0.00720	0.01021	0.01279	0.06438	0.24143	0.42518	0.16769	0.00971	0.00236	0.00305	0.01077	0.00435	0.00396
29	0.42172	0.01286	0.01064	0.02652	0.01271	0.13690	0.00741	0.17012	0.12126	0.02216	0.00998	0.01060	0.00758	0.00529	0.00401	0.00152	0.00506	0.00359	0.00364	0.00643
30	0.00941	0.00886	0.01495	0.81285	0.03433	0.01107	0.01384	0.01274	0.00997	0.01274	0.00886	0.01329	0.00664	0.00498	0.00498	0.00166	0.00664	0.00443	0.00221	0.00554
31	0.01165	0.01306	0.02780	0.06702	0.02599	0.01251	0.69877	0.01622	0.04404	0.01598	0.01044	0.01365	0.00783	0.00435	0.00580	0.00168	0.00811	0.00579	0.00261	0.00670
32	0.53326	0.00940	0.00961	0.04237	0.05636	0.01010	0.00688	0.01740	0.01038	0.24612	0.01085	0.01113	0.00760	0.00508	0.00383	0.00154	0.00420	0.00354	0.00391	0.00644
33	0.00694	0.00478	0.00576	0.00621	0.00641	0.00468	0.00385	0.02105	0.00856	0.01141	0.02085	0.38182	0.02452	0.45145	0.01658	0.00353	0.00398	0.01027	0.00377	0.00357
34	0.01000	0.02578	0.79900	0.01421	0.02157	0.01158	0.01842	0.01579	0.01052	0.01579	0.00895	0.01052	0.00631	0.00474	0.00474	0.00158	0.00737	0.00368	0.00210	0.00737
35	0.01198	0.01148	0.01958	0.12663	0.70051	0.01175	0.01512	0.01498	0.01118	0.01585	0.00931	0.01245	0.00774	0.00451	0.00494	0.00150	0.00601	0.00444	0.00244	0.00761
36	0.00950	0.00898	0.01497	0.76716	0.03312	0.01131	0.01367	0.01269	0.00983	0.01269	0.00873	0.01315	0.00664	0.00520	0.00563	0.00169	0.05287	0.00443	0.00221	0.00553
37	0.00742	0.00518	0.00678	0.00633	0.00757	0.00477	0.00477	0.00976	0.01411	0.03852	0.77271	0.03675	0.04620	0.01009	0.00586	0.00157	0.00240	0.00892	0.00550	0.00479
38	0.00705	0.00510	0.00666	0.00627	0.00745	0.00470	0.00470	0.00941	0.01411	0.01999	0.79110	0.03723	0.04703	0.01019	0.00588	0.00157	0.00235	0.00901	0.00549	0.00470
39	0.01895	0.01396	0.01496	0.01147	0.01546	0.01546	0.00947	0.77711	0.02344	0.03141	0.01197	0.01197	0.00848	0.00598	0.00499	0.00150	0.00548	0.00449	0.00499	0.00848
40	0.01171	0.01327	0.02869	0.02049	0.02551	0.01238	0.74633	0.01584	0.01171	0.01598	0.01004	0.01333	0.00756	0.00418	0.00580	0.00164	0.00822	0.00577	0.00254	0.03903
41	0.01333	0.82783	0.02612	0.00853	0.01279	0.01972	0.00853	0.01493	0.01013	0.01173	0.00693	0.00800	0.00640	0.00426	0.00320	0.00107	0.00533	0.00267	0.00213	0.00640
42	0.00607	0.00434	0.00578	0.00694	0.00723	0.00405	0.00463	0.00694	0.00954	0.01272	0.02747	0.82157	0.03297	0.01562	0.00636	0.00202	0.00289	0.01417	0.00463	0.00405
43	0.01094	0.01922	0.38957	0.01783	0.02396	0.01212	0.42126	0.01588	0.01118	0.01588	0.00955	0.01208	0.00698	0.00445	0.00535	0.00163	0.00792	0.00485	0.00233	0.00702
44	0.00605	0.00441	0.00571	0.00675	0.00718	0.00406	0.00454	0.00696	0.00972	0.01280	0.02977	0.74448	0.10858	0.01532	0.00632	0.00199	0.00286	0.01381	0.00463	0.00406
45	0.00866	0.00433	0.00649	0.00649	0.00649	0.00433	0.00433	0.00649	0.00649	0.00866	0.00866	0.01515	0.00866	0.01732	0.01948	0.85498	0.00433	0.00433	0.00216	0.00216
46	0.00607	0.00434	0.00578	0.00694	0.00723	0.00405	0.00463	0.00694	0.00954	0.01272	0.02747	0.82157	0.03297	0.01562	0.00636	0.00202	0.00289	0.01417	0.00463	0.00405
47	0.01909	0.01373	0.01482	0.01136	0.01534	0.01512	0.00938	0.74558	0.02305	0.06349	0.01229	0.01218	0.00864	0.00599	0.00499	0.00150	0.00543	0.00451	0.00504	0.00848
48	0.01828	0.02160	0.01513	0.01309	0.01602	0.63291	0.05337	0.14117	0.01548	0.01550	0.00852	0.00972	0.00682	0.00522	0.00465	0.00134	0.00839	0.00357	0.00295	0.00627
49	0.06378	0.00796	0.02209	0.00831	0.01114	0.00733	0.00686	0.04029	0.06544	0.38351	0.21175	0.02573	0.03353	0.00795	0.00532	0.00163	0.00382	0.08122	0.00547	0.00686
50	0.01030	0.00870	0.01034	0.00772	0.01142	0.00733	0.00620	0.01241	0.01008	0.01602	0.00926	0.01110	0.00776	0.00437	0.00494	0.00092	0.08450	0.00324	0.07590	0.69749
