[name]
unknown

[dist]
# distance from previous block
# <min> <max>
15	100

[block]
# block no. 0 follows, 49 sequences, length 71
# corresponding to MSA columns:
# 156-226
name=unknown_A
#
# <colnr> <probs for GDERKNQSTAVLIFYWHMCP>
#	G	D	E	R	K	N	Q	S	T	A	V	L	I	F	Y	W	H	M	C	P
0	0.03055	0.04492	0.06865	0.01105	0.05164	0.02976	0.00890	0.07425	0.35212	0.16827	0.05558	0.01689	0.01390	0.00628	0.00494	0.00157	0.00460	0.00513	0.00471	0.04629
1	0.04481	0.02007	0.00842	0.00725	0.00918	0.00671	0.00554	0.03597	0.08178	0.11422	0.41262	0.06503	0.04482	0.07005	0.00699	0.00182	0.00326	0.00765	0.00507	0.04875
2	0.01331	0.56671	0.09485	0.01091	0.05353	0.09286	0.01004	0.01535	0.01057	0.01256	0.00767	0.00927	0.00682	0.00602	0.03672	0.00151	0.03945	0.00313	0.00224	0.00648
3	0.01087	0.00609	0.00822	0.00810	0.00980	0.00566	0.00659	0.01289	0.01262	0.19257	0.19773	0.14338	0.06199	0.01160	0.00621	0.00193	0.00375	0.28926	0.00523	0.00549
4	0.03048	0.05305	0.37725	0.01815	0.17023	0.11216	0.13586	0.01642	0.01144	0.01566	0.00906	0.01115	0.00691	0.00469	0.00490	0.00154	0.00740	0.00412	0.00236	0.00719
5	0.05328	0.05462	0.21453	0.21335	0.09695	0.01225	0.18261	0.05550	0.01142	0.01618	0.00961	0.01289	0.00742	0.00512	0.00528	0.01577	0.00691	0.01706	0.00254	0.00670
6	0.00642	0.00458	0.00613	0.00724	0.00764	0.00432	0.00504	0.00747	0.00996	0.01326	0.04539	0.70589	0.03306	0.02952	0.00683	0.00212	0.00314	0.09316	0.00468	0.00416
7	0.00830	0.00702	0.05841	0.00764	0.00954	0.00569	0.03717	0.01090	0.01347	0.05165	0.54182	0.03525	0.08383	0.00975	0.00581	0.00163	0.00321	0.05875	0.04501	0.00515
8	0.21870	0.17309	0.33456	0.02855	0.03102	0.03969	0.01220	0.02800	0.02246	0.05664	0.00893	0.01011	0.00672	0.00482	0.00412	0.00148	0.00598	0.00342	0.00271	0.00680
9	0.00735	0.00490	0.00552	0.00552	0.00552	0.00490	0.00306	0.00735	0.00735	0.00980	0.01593	0.03309	0.01838	0.82229	0.02574	0.00490	0.00490	0.00735	0.00306	0.00306
10	0.00616	0.00440	0.00587	0.00704	0.00733	0.00411	0.00469	0.00704	0.00968	0.01291	0.02787	0.81899	0.03344	0.01584	0.00645	0.00205	0.00293	0.01438	0.00469	0.00411
11	0.00827	0.00861	0.09244	0.14298	0.06457	0.00805	0.00952	0.01085	0.00902	0.01276	0.01236	0.01821	0.01109	0.02635	0.51824	0.00583	0.01110	0.02191	0.00260	0.00523
12	0.04764	0.21404	0.31996	0.01483	0.11965	0.01356	0.07205	0.03962	0.01145	0.08803	0.00974	0.01108	0.00733	0.00478	0.00451	0.00146	0.00636	0.00387	0.00274	0.00731
13	0.01352	0.82533	0.02650	0.00865	0.01298	0.02001	0.00865	0.01514	0.01027	0.01190	0.00703	0.00811	0.00649	0.00433	0.00324	0.00108	0.00541	0.00270	0.00216	0.00649
14	0.00616	0.00440	0.00587	0.00704	0.00733	0.00411	0.00469	0.00704	0.00968	0.01291	0.02787	0.81899	0.03344	0.01584	0.00645	0.00205	0.00293	0.01438	0.00469	0.00411
15	0.01030	0.00870	0.01016	0.00743	0.01158	0.00672	0.00592	0.02882	0.01111	0.01706	0.07463	0.01361	0.02779	0.00454	0.00401	0.00086	0.00365	0.00371	0.00329	0.74611
16	0.01106	0.01106	0.01549	0.01328	0.01328	0.01549	0.01106	0.01217	0.00774	0.01217	0.00664	0.01106	0.00664	0.00885	0.01659	0.00221	0.81303	0.00443	0.00221	0.00553
17	0.00616	0.00440	0.00587	0.00704	0.00733	0.00411	0.00469	0.00704	0.00968	0.01291	0.02787	0.81899	0.03344	0.01584	0.00645	0.00205	0.00293	0.01438	0.00469	0.00411
18	0.00735	0.00490	0.00552	0.00552	0.00552	0.00490	0.00306	0.00735	0.00735	0.00980	0.01593	0.03309	0.01838	0.82229	0.02574	0.00490	0.00490	0.00735	0.00306	0.00306
19	0.01368	0.80090	0.02613	0.00879	0.01306	0.04385	0.00869	0.01530	0.01040	0.01191	0.00705	0.00814	0.00649	0.00435	0.00328	0.00109	0.00552	0.00272	0.00218	0.00647
20	0.01294	0.68871	0.15806	0.00964	0.01450	0.01860	0.01037	0.01529	0.01034	0.01260	0.00738	0.00855	0.00647	0.00441	0.00351	0.00117	0.00576	0.00288	0.00216	0.00666
21	0.01117	0.01220	0.02560	0.05197	0.05585	0.01156	0.60277	0.01506	0.01212	0.01651	0.10394	0.01717	0.02802	0.00520	0.00589	0.00168	0.00749	0.00632	0.00294	0.00652
22	0.85801	0.00978	0.00743	0.00665	0.00978	0.01134	0.00548	0.01486	0.00861	0.02269	0.00704	0.00821	0.00548	0.00469	0.00313	0.00156	0.00391	0.00274	0.00313	0.00548
23	0.00601	0.00512	0.00517	0.00516	0.00685	0.00428	0.00387	0.00732	0.01160	0.01384	0.07097	0.04837	0.76884	0.01274	0.00598	0.00170	0.00256	0.01063	0.00472	0.00428
24	0.01374	0.79229	0.02600	0.00883	0.01309	0.05225	0.00870	0.01535	0.01044	0.01192	0.00706	0.00815	0.00649	0.00436	0.00330	0.00109	0.00556	0.00273	0.00218	0.00646
25	0.01058	0.00982	0.01622	0.53198	0.18140	0.01114	0.04130	0.03672	0.01091	0.01470	0.00940	0.01318	0.00727	0.00488	0.00496	0.00157	0.00633	0.00446	0.02183	0.06135
26	0.01442	0.01234	0.01286	0.01183	0.05575	0.06599	0.00889	0.21907	0.44197	0.02281	0.03174	0.01820	0.01388	0.00680	0.00517	0.00165	0.00486	0.03916	0.00480	0.00780
27	0.01821	0.00802	0.01126	0.08486	0.01444	0.00743	0.00822	0.02038	0.01343	0.54695	0.02043	0.02572	0.01566	0.00786	0.00551	0.00175	0.00461	0.17229	0.00552	0.00744
28	0.00722	0.00542	0.00813	0.00813	0.00903	0.00632	0.00632	0.00903	0.00813	0.01174	0.01354	0.01987	0.01264	0.03792	0.80225	0.00813	0.01354	0.00542	0.00271	0.00451
29	0.01334	0.78251	0.06773	0.00896	0.01346	0.01957	0.00919	0.01519	0.01030	0.01212	0.00714	0.00825	0.00648	0.00435	0.00333	0.00111	0.00552	0.00276	0.00216	0.00654
30	0.01163	0.30150	0.44278	0.04526	0.01933	0.01475	0.04546	0.03827	0.01096	0.01494	0.00850	0.01007	0.00657	0.00466	0.00433	0.00143	0.00671	0.00353	0.00225	0.00706
31	0.00985	0.00942	0.01655	0.53596	0.09969	0.01096	0.10282	0.01306	0.01018	0.01348	0.00970	0.01414	0.00768	0.00894	0.10168	0.00246	0.02045	0.00478	0.00236	0.00584
32	0.00716	0.00517	0.00676	0.00636	0.00755	0.00477	0.00477	0.00954	0.01431	0.02028	0.78808	0.03777	0.04771	0.01034	0.00596	0.00159	0.00239	0.00914	0.00557	0.00477
33	0.01101	0.05318	0.09062	0.24655	0.35038	0.01152	0.01358	0.01459	0.04608	0.01487	0.01056	0.01520	0.00900	0.06911	0.00658	0.00184	0.00612	0.01989	0.00259	0.00675
34	0.00735	0.00490	0.00552	0.00552	0.00552	0.00490	0.00306	0.00735	0.00735	0.00980	0.01593	0.03309	0.01838	0.82229	0.02574	0.00490	0.00490	0.00735	0.00306	0.00306
35	0.00943	0.00879	0.01474	0.76919	0.03344	0.01091	0.01357	0.01275	0.01033	0.01329	0.04867	0.01472	0.00883	0.00532	0.00510	0.00168	0.00652	0.00473	0.00242	0.00557
36	0.01352	0.82533	0.02650	0.00865	0.01298	0.02001	0.00865	0.01514	0.01027	0.01190	0.00703	0.00811	0.00649	0.00433	0.00324	0.00108	0.00541	0.00270	0.00216	0.00649
37	0.01049	0.00899	0.01049	0.00749	0.01198	0.00674	0.00599	0.01273	0.01049	0.01648	0.00899	0.01049	0.00749	0.00374	0.00374	0.00075	0.00374	0.00300	0.00300	0.85320
38	0.00598	0.00512	0.00512	0.00512	0.00683	0.00427	0.00384	0.00726	0.01153	0.01366	0.05123	0.04866	0.78869	0.01281	0.00598	0.00171	0.00256	0.01067	0.00470	0.00427
39	0.01258	0.01086	0.01143	0.01029	0.01315	0.01258	0.00800	0.02687	0.78161	0.02115	0.02058	0.01887	0.01544	0.00686	0.00515	0.00172	0.00400	0.00572	0.00515	0.00800
40	0.01217	0.01189	0.01918	0.18929	0.60490	0.04405	0.01498	0.01518	0.01134	0.01562	0.00934	0.01257	0.00769	0.00465	0.00500	0.00153	0.00628	0.00445	0.00245	0.00743
41	0.01033	0.00999	0.01408	0.01229	0.01247	0.01374	0.01016	0.01157	0.00782	0.01209	0.00796	0.01274	0.00778	0.01440	0.16651	0.00334	0.66048	0.00461	0.00231	0.00534
42	0.01365	0.75172	0.05746	0.00911	0.01348	0.05950	0.00912	0.01543	0.01050	0.01209	0.00715	0.00827	0.00649	0.00439	0.00338	0.00111	0.00568	0.00277	0.00218	0.00650
43	0.01445	0.09889	0.01404	0.01047	0.01380	0.01420	0.00850	0.22437	0.49745	0.02301	0.01689	0.01593	0.01266	0.00638	0.00492	0.00159	0.00457	0.00508	0.00480	0.00800
44	0.00607	0.00496	0.00536	0.00560	0.00697	0.00425	0.00407	0.00730	0.01123	0.01376	0.07624	0.22053	0.58935	0.01338	0.00608	0.00178	0.00264	0.01144	0.00473	0.00425
45	0.08611	0.31353	0.05048	0.01019	0.01428	0.05472	0.00918	0.31671	0.04836	0.03717	0.01001	0.01051	0.00774	0.00526	0.00420	0.00136	0.00553	0.00368	0.00362	0.00736
46	0.85801	0.00978	0.00743	0.00665	0.00978	0.01134	0.00548	0.01486	0.00861	0.02269	0.00704	0.00821	0.00548	0.00469	0.00313	0.00156	0.00391	0.00274	0.00313	0.00548
47	0.00722	0.00542	0.00813	0.00813	0.00903	0.00632	0.00632	0.00903	0.00813	0.01174	0.01354	0.01987	0.01264	0.03792	0.80225	0.00813	0.01354	0.00542	0.00271	0.00451
48	0.00616	0.00442	0.00585	0.00700	0.00732	0.00411	0.00468	0.00705	0.00972	0.01292	0.02837	0.80238	0.04973	0.01578	0.00644	0.00205	0.00293	0.01430	0.00469	0.00411
49	0.00824	0.00510	0.00596	0.00589	0.00618	0.00499	0.00351	0.00846	0.00805	0.06149	0.01738	0.10982	0.01949	0.68904	0.02248	0.00440	0.00467	0.00790	0.00343	0.00353
50	0.01889	0.02410	0.01433	0.01303	0.01563	0.80199	0.00977	0.02019	0.01433	0.01238	0.00782	0.00912	0.00651	0.00521	0.00456	0.00130	0.00912	0.00326	0.00261	0.00586
51	0.00599	0.00508	0.00516	0.00523	0.00686	0.00426	0.00389	0.00725	0.01143	0.01362	0.04997	0.08994	0.74823	0.01297	0.00600	0.00173	0.00258	0.01087	0.00470	0.00426
52	0.04713	0.02522	0.01515	0.18602	0.01945	0.01116	0.08921	0.21027	0.01501	0.27424	0.01340	0.01417	0.00924	0.00611	0.00566	0.03652	0.00561	0.00476	0.00434	0.00735
53	0.00685	0.00486	0.00650	0.00756	0.00808	0.00468	0.00555	0.00807	0.01004	0.01328	0.02648	0.52690	0.03083	0.08770	0.00834	0.00239	0.00361	0.22957	0.00454	0.00417
54	0.00616	0.00440	0.00587	0.00704	0.00733	0.00411	0.00469	0.00704	0.00968	0.01291	0.02787	0.81899	0.03344	0.01584	0.00645	0.00205	0.00293	0.01438	0.00469	0.00411
55	0.01212	0.01173	0.01941	0.17229	0.63602	0.02949	0.01512	0.01515	0.01132	0.01577	0.00938	0.01262	0.00775	0.00462	0.00501	0.00153	0.00621	0.00448	0.00246	0.00753
56	0.01000	0.01062	0.06163	0.05282	0.06491	0.08204	0.11604	0.01396	0.10997	0.01604	0.14054	0.22110	0.04839	0.00909	0.00569	0.00173	0.00504	0.02063	0.00397	0.00581
57	0.00633	0.00463	0.00595	0.00668	0.00732	0.00425	0.00461	0.00754	0.01079	0.01441	0.17593	0.57848	0.12559	0.01443	0.00630	0.00192	0.00278	0.01294	0.00486	0.00425
58	0.00735	0.00490	0.00552	0.00552	0.00552	0.00490	0.00306	0.00735	0.00735	0.00980	0.01593	0.03309	0.01838	0.82229	0.02574	0.00490	0.00490	0.00735	0.00306	0.00306
59	0.01212	0.01204	0.05489	0.37287	0.08591	0.05466	0.02605	0.10406	0.15987	0.01713	0.01148	0.01381	0.00871	0.00561	0.00552	0.00165	0.03908	0.00465	0.00316	0.00673
60	0.01031	0.00878	0.01029	0.00743	0.01175	0.00664	0.00593	0.01256	0.01069	0.01668	0.05073	0.01195	0.00964	0.00410	0.00386	0.00079	0.00367	0.00333	0.00313	0.80774
61	0.01219	0.36750	0.11278	0.04092	0.04818	0.07209	0.07484	0.01496	0.03444	0.02653	0.01355	0.05612	0.08017	0.00605	0.00464	0.00141	0.01974	0.00479	0.00277	0.00636
62	0.00735	0.00490	0.00552	0.00552	0.00552	0.00490	0.00306	0.00735	0.00735	0.00980	0.01593	0.03309	0.01838	0.82229	0.02574	0.00490	0.00490	0.00735	0.00306	0.00306
63	0.00995	0.01163	0.09154	0.01536	0.01908	0.01002	0.41321	0.01327	0.01056	0.01451	0.01378	0.01882	0.05170	0.07351	0.19440	0.00345	0.00896	0.01764	0.00274	0.00589
64	0.00616	0.00440	0.00587	0.00704	0.00733	0.00411	0.00469	0.00704	0.00968	0.01291	0.02787	0.81899	0.03344	0.01584	0.00645	0.00205	0.00293	0.01438	0.00469	0.00411
65	0.01098	0.01093	0.01532	0.01316	0.01318	0.01528	0.01095	0.01210	0.00775	0.01216	0.00680	0.01126	0.00678	0.00952	0.03455	0.00235	0.79476	0.00445	0.00222	0.00551
66	0.01119	0.02739	0.06980	0.03290	0.01107	0.00849	0.00755	0.10308	0.00976	0.04994	0.00960	0.01409	0.00850	0.01355	0.04059	0.46444	0.10654	0.00440	0.00275	0.00438
67	0.01182	0.00617	0.00822	0.00720	0.00917	0.00555	0.00557	0.01400	0.01413	0.25482	0.51621	0.07133	0.03630	0.00938	0.00572	0.00161	0.00300	0.00818	0.00573	0.00590
68	0.01223	0.01205	0.04069	0.05915	0.71825	0.01175	0.01522	0.01517	0.01129	0.01614	0.00946	0.01259	0.00794	0.00493	0.00544	0.02699	0.00603	0.00448	0.00247	0.00773
69	0.01183	0.01311	0.02749	0.02051	0.06599	0.01217	0.65842	0.01583	0.01177	0.01624	0.01007	0.01328	0.00767	0.00423	0.00570	0.00160	0.00793	0.00560	0.00260	0.08795
70	0.03266	0.01101	0.01154	0.01028	0.01321	0.01271	0.00803	0.06648	0.72311	0.02176	0.01981	0.01826	0.01484	0.00677	0.00509	0.00170	0.00408	0.00559	0.00509	0.00798

[dist]
# distance from previous block
# <min> <max>
0	31

[block]
# block no. 1 follows, 49 sequences, length 145
# corresponding to MSA columns:
# 258-402
name=unknown_B
#
# <colnr> <probs for GDERKNQSTAVLIFYWHMCP>
#	G	D	E	R	K	N	Q	S	T	A	V	L	I	F	Y	W	H	M	C	P
0	0.74559	0.00986	0.00866	0.02335	0.06253	0.01120	0.00640	0.01534	0.00911	0.05921	0.00786	0.00903	0.00601	0.00476	0.00338	0.00156	0.00412	0.00300	0.00322	0.00580
1	0.01102	0.00919	0.01170	0.00841	0.01285	0.00713	0.05715	0.01339	0.01073	0.04574	0.00965	0.01113	0.00781	0.00392	0.00394	0.00085	0.00405	0.00331	0.02160	0.74642
2	0.00817	0.06081	0.00959	0.00831	0.00955	0.02472	0.00655	0.01052	0.04679	0.01218	0.01340	0.01913	0.01238	0.05332	0.67239	0.00711	0.01221	0.00525	0.00280	0.00481
3	0.01043	0.02575	0.77804	0.01429	0.02168	0.01164	0.01842	0.01621	0.01076	0.03392	0.00932	0.01083	0.00655	0.00484	0.00481	0.00160	0.00740	0.00377	0.00223	0.00750
4	0.00600	0.00503	0.00522	0.00538	0.00690	0.00425	0.00395	0.00723	0.01128	0.01356	0.04813	0.15086	0.68850	0.01321	0.00604	0.00175	0.00261	0.01116	0.00470	0.00425
5	0.01258	0.01086	0.01143	0.01029	0.01315	0.01258	0.00800	0.02687	0.78161	0.02115	0.02058	0.01887	0.01544	0.00686	0.00515	0.00172	0.00400	0.00572	0.00515	0.00800
6	0.01258	0.01086	0.01143	0.01029	0.01315	0.01258	0.00800	0.02687	0.78161	0.02115	0.02058	0.01887	0.01544	0.00686	0.00515	0.00172	0.00400	0.00572	0.00515	0.00800
7	0.00955	0.00899	0.01517	0.81013	0.03483	0.01123	0.01404	0.01292	0.01011	0.01292	0.00899	0.01348	0.00674	0.00506	0.00506	0.00169	0.00674	0.00449	0.00225	0.00562
8	0.00878	0.00439	0.00659	0.00659	0.00659	0.00439	0.00439	0.00659	0.00659	0.00878	0.00878	0.01537	0.00878	0.01757	0.01976	0.85288	0.00439	0.00439	0.00220	0.00220
9	0.01258	0.01086	0.01143	0.01029	0.01315	0.01258	0.00800	0.02687	0.78161	0.02115	0.02058	0.01887	0.01544	0.00686	0.00515	0.00172	0.00400	0.00572	0.00515	0.00800
10	0.00815	0.00582	0.00815	0.00931	0.01048	0.00582	0.00815	0.01048	0.01164	0.01513	0.02677	0.05704	0.02910	0.01397	0.00698	0.00233	0.00466	0.75671	0.00466	0.00466
11	0.02285	0.00756	0.02530	0.00736	0.00900	0.05904	0.00573	0.01220	0.09318	0.01957	0.60194	0.03317	0.06452	0.00950	0.00571	0.00159	0.00315	0.00822	0.00518	0.00523
12	0.00815	0.00582	0.00815	0.00931	0.01048	0.00582	0.00815	0.01048	0.01164	0.01513	0.02677	0.05704	0.02910	0.01397	0.00698	0.00233	0.00466	0.75671	0.00466	0.00466
13	0.01279	0.01241	0.01804	0.09991	0.52778	0.06671	0.01367	0.02899	0.13652	0.01688	0.01118	0.01340	0.00900	0.00501	0.00500	0.00154	0.00596	0.00462	0.00295	0.00764
14	0.00751	0.00511	0.00576	0.00561	0.00584	0.00499	0.00321	0.00762	0.00751	0.01014	0.01559	0.03197	0.01784	0.78165	0.02465	0.00470	0.00484	0.00714	0.00306	0.04528
15	0.01053	0.00708	0.00915	0.00942	0.06183	0.00692	0.00697	0.08540	0.02994	0.09671	0.18429	0.03673	0.15763	0.02572	0.00707	0.04737	0.00394	0.20299	0.00476	0.00553
16	0.00669	0.00508	0.00635	0.00681	0.00784	0.00447	0.00473	0.00782	0.01013	0.01359	0.04285	0.59452	0.13865	0.01381	0.00604	0.00183	0.00297	0.01234	0.00450	0.10896
17	0.00618	0.00442	0.00588	0.00703	0.00734	0.00412	0.00470	0.00709	0.00977	0.01305	0.04248	0.80398	0.03372	0.01574	0.00644	0.00204	0.00292	0.01427	0.00471	0.00412
18	0.01025	0.00874	0.01024	0.00747	0.01174	0.00660	0.00592	0.01243	0.01044	0.01629	0.01000	0.05372	0.00888	0.00439	0.00389	0.00082	0.00370	0.00360	0.00309	0.80779
19	0.00878	0.00439	0.00659	0.00659	0.00659	0.00439	0.00439	0.00659	0.00659	0.00878	0.00878	0.01537	0.00878	0.01757	0.01976	0.85288	0.00439	0.00439	0.00220	0.00220
20	0.01251	0.01214	0.02012	0.06931	0.73537	0.03016	0.01531	0.01550	0.01151	0.01625	0.00945	0.01249	0.00791	0.00455	0.00500	0.00151	0.00612	0.00448	0.00249	0.00784
21	0.01049	0.00899	0.01049	0.00749	0.01198	0.00674	0.00599	0.01273	0.01049	0.01648	0.00899	0.01049	0.00749	0.00374	0.00374	0.00075	0.00374	0.00300	0.00300	0.85320
22	0.01009	0.02265	0.62868	0.01481	0.03899	0.01122	0.09510	0.01539	0.01105	0.01626	0.06162	0.03086	0.00993	0.00536	0.00504	0.00162	0.00711	0.00458	0.00247	0.00716
23	0.00616	0.00440	0.00587	0.00704	0.00733	0.00411	0.00469	0.00704	0.00968	0.01291	0.02787	0.81899	0.03344	0.01584	0.00645	0.00205	0.00293	0.01438	0.00469	0.00411
24	0.00702	0.00516	0.00632	0.00610	0.00743	0.00463	0.00455	0.00898	0.01322	0.03095	0.51620	0.09265	0.25554	0.01133	0.00599	0.00165	0.00250	0.00986	0.00527	0.00465
25	0.00726	0.00492	0.00549	0.00549	0.00560	0.00486	0.00312	0.00735	0.00763	0.01006	0.01829	0.03413	0.06980	0.76825	0.02442	0.00469	0.00475	0.00758	0.00317	0.00314
26	0.01258	0.01086	0.01143	0.01029	0.01315	0.01258	0.00800	0.02687	0.78161	0.02115	0.02058	0.01887	0.01544	0.00686	0.00515	0.00172	0.00400	0.00572	0.00515	0.00800
27	0.85801	0.00978	0.00743	0.00665	0.00978	0.01134	0.00548	0.01486	0.00861	0.02269	0.00704	0.00821	0.00548	0.00469	0.00313	0.00156	0.00391	0.00274	0.00313	0.00548
28	0.01012	0.00840	0.00927	0.00874	0.01079	0.00925	0.00662	0.01923	0.46810	0.01907	0.15219	0.16930	0.06893	0.00942	0.00557	0.00176	0.00345	0.00815	0.00511	0.00654
29	0.01922	0.01416	0.01518	0.01163	0.01568	0.01568	0.00961	0.77388	0.02378	0.03187	0.01214	0.01214	0.00860	0.00607	0.00506	0.00152	0.00556	0.00455	0.00506	0.00860
30	0.00661	0.00515	0.00599	0.00578	0.00722	0.00454	0.00434	0.00847	0.01301	0.01718	0.44363	0.04286	0.39409	0.01149	0.00597	0.00165	0.00247	0.00986	0.00516	0.00454
31	0.00815	0.00582	0.00815	0.00931	0.01048	0.00582	0.00815	0.01048	0.01164	0.01513	0.02677	0.05704	0.02910	0.01397	0.00698	0.00233	0.00466	0.75671	0.00466	0.00466
32	0.68709	0.01011	0.03084	0.05011	0.01173	0.01109	0.00651	0.01586	0.04748	0.06316	0.00873	0.00976	0.00657	0.00493	0.00349	0.00157	0.00416	0.00317	0.01782	0.00582
33	0.00675	0.00514	0.00620	0.00597	0.00731	0.00459	0.00446	0.00874	0.01331	0.01796	0.53102	0.05610	0.29152	0.01125	0.00598	0.00164	0.00245	0.00975	0.00526	0.00459
34	0.01890	0.02389	0.01435	0.01300	0.01563	0.78498	0.00977	0.03650	0.01453	0.01280	0.00791	0.00918	0.00656	0.00523	0.00457	0.00131	0.00904	0.00328	0.00266	0.00592
35	0.01020	0.00868	0.01018	0.00746	0.01167	0.00657	0.00591	0.01235	0.01043	0.01624	0.01025	0.06446	0.00922	0.00455	0.00393	0.00084	0.00369	0.00376	0.00311	0.79652
36	0.01187	0.02058	0.47331	0.01689	0.11571	0.02694	0.12817	0.06679	0.01203	0.04702	0.01031	0.02915	0.00776	0.00507	0.00506	0.00160	0.00713	0.00449	0.00266	0.00746
37	0.01450	0.01489	0.01232	0.01112	0.01390	0.25273	0.00854	0.02484	0.54819	0.01848	0.01670	0.01590	0.01272	0.00636	0.00497	0.00159	0.00556	0.00497	0.00437	0.00735
38	0.43087	0.01199	0.01207	0.03135	0.05886	0.14032	0.10100	0.01484	0.01031	0.01828	0.01055	0.11845	0.00986	0.00622	0.00432	0.00160	0.00540	0.00493	0.00312	0.00567
39	0.01207	0.01153	0.01963	0.12125	0.68571	0.01179	0.01519	0.01511	0.01135	0.01607	0.00983	0.01360	0.00832	0.00478	0.00506	0.00154	0.00606	0.02094	0.00252	0.00766
40	0.00735	0.00490	0.00552	0.00552	0.00552	0.00490	0.00306	0.00735	0.00735	0.00980	0.01593	0.03309	0.01838	0.82229	0.02574	0.00490	0.00490	0.00735	0.00306	0.00306
41	0.01215	0.01059	0.00873	0.10390	0.01215	0.21975	0.00658	0.02711	0.01177	0.01662	0.01319	0.01548	0.01041	0.00561	0.00402	0.00128	0.00475	0.00429	0.50643	0.00520
42	0.01941	0.01387	0.01499	0.01149	0.01553	0.01524	0.00949	0.73382	0.02328	0.07264	0.01256	0.01241	0.00881	0.00608	0.00506	0.00152	0.00550	0.00458	0.00512	0.00860
43	0.01106	0.01106	0.01549	0.01328	0.01328	0.01549	0.01106	0.01217	0.00774	0.01217	0.00664	0.01106	0.00664	0.00885	0.01659	0.00221	0.81303	0.00443	0.00221	0.00553
44	0.00755	0.00561	0.02296	0.00679	0.00808	0.00491	0.00523	0.00967	0.01319	0.04414	0.54428	0.17070	0.08207	0.01132	0.00604	0.00171	0.00276	0.04290	0.00528	0.00481
45	0.01352	0.82533	0.02650	0.00865	0.01298	0.02001	0.00865	0.01514	0.01027	0.01190	0.00703	0.00811	0.00649	0.00433	0.00324	0.00108	0.00541	0.00270	0.00216	0.00649
46	0.00683	0.00492	0.00636	0.00672	0.00723	0.00500	0.00459	0.00777	0.00879	0.01186	0.03889	0.27614	0.08424	0.26532	0.23736	0.00459	0.00649	0.00931	0.00366	0.00394
47	0.00878	0.00439	0.00659	0.00659	0.00659	0.00439	0.00439	0.00659	0.00659	0.00878	0.00878	0.01537	0.00878	0.01757	0.01976	0.85288	0.00439	0.00439	0.00220	0.00220
48	0.01352	0.82533	0.02650	0.00865	0.01298	0.02001	0.00865	0.01514	0.01027	0.01190	0.00703	0.00811	0.00649	0.00433	0.00324	0.00108	0.00541	0.00270	0.00216	0.00649
49	0.01922	0.01416	0.01518	0.01163	0.01568	0.01568	0.00961	0.77388	0.02378	0.03187	0.01214	0.01214	0.00860	0.00607	0.00506	0.00152	0.00556	0.00455	0.00506	0.00860
50	0.00608	0.00509	0.00530	0.00533	0.00692	0.00430	0.00397	0.00743	0.01165	0.01416	0.11074	0.09102	0.68512	0.01277	0.00600	0.00172	0.00257	0.01075	0.00477	0.00430
51	0.01204	0.06857	0.12142	0.05439	0.30696	0.02500	0.27228	0.02758	0.01172	0.01617	0.02927	0.01299	0.00853	0.00465	0.00521	0.00156	0.00699	0.00488	0.00256	0.00723
52	0.01749	0.02147	0.03492	0.01573	0.12230	0.60903	0.04273	0.01950	0.02705	0.03157	0.00868	0.01017	0.00706	0.00512	0.00471	0.00137	0.00843	0.00364	0.00271	0.00634
53	0.01889	0.02410	0.01433	0.01303	0.01563	0.80199	0.00977	0.02019	0.01433	0.01238	0.00782	0.00912	0.00651	0.00521	0.00456	0.00130	0.00912	0.00326	0.00261	0.00586
54	0.01254	0.53823	0.26963	0.01105	0.03284	0.03328	0.01200	0.01553	0.01051	0.01331	0.00775	0.00904	0.00650	0.00450	0.00380	0.00126	0.00615	0.00308	0.00217	0.00682
55	0.00722	0.00542	0.00813	0.00813	0.00903	0.00632	0.00632	0.00903	0.00813	0.01174	0.01354	0.01987	0.01264	0.03792	0.80225	0.00813	0.01354	0.00542	0.00271	0.00451
56	0.00735	0.00490	0.00552	0.00552	0.00552	0.00490	0.00306	0.00735	0.00735	0.00980	0.01593	0.03309	0.01838	0.82229	0.02574	0.00490	0.00490	0.00735	0.00306	0.00306
57	0.01922	0.01416	0.01518	0.01163	0.01568	0.01568	0.00961	0.77388	0.02378	0.03187	0.01214	0.01214	0.00860	0.00607	0.00506	0.00152	0.00556	0.00455	0.00506	0.00860
58	0.00703	0.00508	0.00644	0.00671	0.00731	0.00485	0.01675	0.02205	0.01008	0.01348	0.12961	0.37090	0.08471	0.26056	0.01221	0.00282	0.00361	0.02748	0.00429	0.00403
59	0.01018	0.02590	0.78068	0.01455	0.02198	0.01176	0.03384	0.01602	0.01070	0.01602	0.00910	0.01074	0.00643	0.00479	0.00483	0.00160	0.00749	0.00378	0.00214	0.00746
60	0.76077	0.00964	0.00793	0.00692	0.01014	0.01089	0.00570	0.01600	0.00929	0.11250	0.00854	0.00926	0.00630	0.00488	0.00336	0.00156	0.00396	0.00301	0.00349	0.00584
61	0.00715	0.00469	0.00623	0.00705	0.00759	0.00436	0.00479	0.00816	0.01017	0.05508	0.07780	0.69801	0.03278	0.04159	0.00699	0.00209	0.00304	0.01330	0.00478	0.00436
62	0.07090	0.00684	0.00992	0.05588	0.05295	0.00689	0.06208	0.02837	0.02524	0.03532	0.15498	0.23202	0.04011	0.01141	0.00784	0.12799	0.00414	0.05825	0.00400	0.00487
63	0.01343	0.67465	0.13105	0.00956	0.01426	0.03838	0.01002	0.01563	0.01054	0.03267	0.00766	0.00872	0.00663	0.00446	0.00354	0.00117	0.00576	0.00292	0.00228	0.00666
64	0.00712	0.00514	0.00672	0.00639	0.00755	0.00475	0.00477	0.00944	0.01413	0.01999	0.75819	0.06848	0.04715	0.01055	0.00598	0.00161	0.00241	0.00935	0.00553	0.00475
65	0.00706	0.00495	0.00577	0.00602	0.00666	0.00464	0.00397	0.00779	0.00947	0.02716	0.06065	0.22477	0.20405	0.36171	0.01461	0.00318	0.00376	0.03590	0.00406	0.00383
66	0.07541	0.01137	0.01883	0.16209	0.58614	0.01185	0.03124	0.01504	0.01107	0.01636	0.00925	0.01238	0.00760	0.00461	0.00490	0.00154	0.00603	0.00440	0.00251	0.00738
67	0.01194	0.01364	0.02984	0.02131	0.02643	0.01279	0.77238	0.01620	0.01194	0.01620	0.01023	0.01364	0.00767	0.00426	0.00597	0.00171	0.00853	0.00597	0.00256	0.00682
68	0.00640	0.00457	0.00614	0.00731	0.00771	0.00431	0.00511	0.00745	0.00992	0.01318	0.02774	0.72738	0.03292	0.01562	0.00652	0.00209	0.00314	0.10363	0.00469	0.00417
69	0.01010	0.00971	0.01704	0.68917	0.03327	0.01155	0.11076	0.03263	0.01069	0.01382	0.00923	0.01347	0.00691	0.00498	0.00517	0.00168	0.00694	0.00468	0.00236	0.00585
70	0.00665	0.00541	0.00607	0.00590	0.00750	0.00482	0.00442	0.00803	0.01072	0.01353	0.06512	0.05275	0.51196	0.07922	0.11902	0.00281	0.00441	0.02655	0.00421	0.06090
71	0.00724	0.00536	0.00781	0.00781	0.00861	0.00615	0.00593	0.00883	0.00803	0.01151	0.01383	0.02146	0.01333	0.13223	0.70889	0.00774	0.01251	0.00565	0.00275	0.00434
72	0.01252	0.01201	0.02053	0.03104	0.79074	0.01201	0.01552	0.01552	0.01151	0.01652	0.00951	0.01252	0.00801	0.00451	0.00501	0.00150	0.00601	0.00451	0.00250	0.00801
73	0.01254	0.01101	0.01242	0.01088	0.01386	0.01259	0.04888	0.02630	0.74045	0.02089	0.02003	0.01859	0.01502	0.00672	0.00519	0.00171	0.00424	0.00573	0.00501	0.00794
74	0.01049	0.00899	0.01049	0.00749	0.01198	0.00674	0.00599	0.01273	0.01049	0.01648	0.00899	0.01049	0.00749	0.00374	0.00374	0.00075	0.00374	0.00300	0.00300	0.85320
75	0.01343	0.66612	0.12750	0.00971	0.01433	0.07111	0.01005	0.01559	0.01060	0.01247	0.00735	0.00852	0.00648	0.00445	0.00354	0.00117	0.00593	0.00288	0.00219	0.00658
76	0.00620	0.00457	0.00595	0.02139	0.00777	0.00426	0.00476	0.00717	0.00990	0.01300	0.03024	0.71476	0.12082	0.01529	0.00637	0.00201	0.00296	0.01377	0.00465	0.00415
77	0.02347	0.02513	0.74761	0.01428	0.02149	0.01161	0.03668	0.01586	0.01075	0.01622	0.02609	0.01130	0.00732	0.00491	0.00483	0.00160	0.00733	0.00389	0.00224	0.00737
78	0.01343	0.01128	0.01191	0.01046	0.01347	0.01297	0.00821	0.12232	0.68478	0.02252	0.01950	0.01801	0.01456	0.00676	0.00513	0.00169	0.00420	0.00557	0.00513	0.00808
79	0.01049	0.00899	0.01049	0.00749	0.01198	0.00674	0.00599	0.01273	0.01049	0.01648	0.00899	0.01049	0.00749	0.00374	0.00374	0.00075	0.00374	0.00300	0.00300	0.85320
80	0.01354	0.03361	0.03694	0.06671	0.53379	0.05506	0.01384	0.13125	0.01341	0.01825	0.01075	0.01306	0.02705	0.00502	0.00497	0.00150	0.00608	0.00453	0.00292	0.00771
81	0.00723	0.00541	0.00807	0.00807	0.00896	0.00629	0.00625	0.00900	0.00811	0.01170	0.01359	0.02014	0.01276	0.05404	0.78629	0.00806	0.01337	0.00546	0.00272	0.00449
82	0.01060	0.02514	0.06648	0.11609	0.02281	0.01113	0.43821	0.01489	0.06260	0.01547	0.01370	0.15304	0.01244	0.00657	0.00577	0.00175	0.00692	0.00704	0.00303	0.00631
83	0.00728	0.00536	0.00582	0.00558	0.00735	0.00456	0.00423	0.00878	0.01216	0.06680	0.16454	0.04486	0.62084	0.01198	0.00591	0.00168	0.00265	0.01006	0.00494	0.00464
84	0.00616	0.00440	0.00587	0.00704	0.00733	0.00411	0.00469	0.00704	0.00968	0.01291	0.02787	0.81899	0.03344	0.01584	0.00645	0.00205	0.00293	0.01438	0.00469	0.00411
85	0.01223	0.01172	0.02001	0.10572	0.71828	0.01194	0.01538	0.01527	0.01138	0.01618	0.00946	0.01261	0.00789	0.00456	0.00501	0.00152	0.00608	0.00450	0.00248	0.00778
86	0.00971	0.00916	0.01546	0.76687	0.07680	0.01128	0.01413	0.01306	0.01019	0.01312	0.00902	0.01343	0.00681	0.00503	0.00505	0.00168	0.00670	0.00449	0.00226	0.00575
87	0.01293	0.01066	0.01138	0.01022	0.01309	0.01222	0.00798	0.02644	0.73298	0.05444	0.02068	0.01956	0.01558	0.00698	0.00518	0.00172	0.00403	0.02079	0.00518	0.00796
88	0.09818	0.00942	0.01217	0.01046	0.06475	0.00882	0.00795	0.08175	0.02723	0.58550	0.01728	0.01559	0.01123	0.00595	0.00488	0.00155	0.00447	0.00476	0.00555	0.02254
89	0.03026	0.08063	0.01401	0.01221	0.06533	0.31224	0.00899	0.03158	0.13164	0.08801	0.02386	0.05612	0.01103	0.00847	0.05862	0.00194	0.05035	0.00475	0.00349	0.00647
90	0.00722	0.00542	0.00813	0.00813	0.00903	0.00632	0.00632	0.00903	0.00813	0.01174	0.01354	0.01987	0.01264	0.03792	0.80225	0.00813	0.01354	0.00542	0.00271	0.00451
91	0.01014	0.02616	0.79609	0.01441	0.02189	0.01174	0.01868	0.01601	0.01068	0.01601	0.00907	0.01068	0.00641	0.00480	0.00480	0.00160	0.00747	0.00374	0.00214	0.00747
92	0.00697	0.00515	0.00650	0.00620	0.00745	0.00468	0.00464	0.00916	0.01381	0.01916	0.66527	0.05660	0.15400	0.01081	0.00598	0.00162	0.00242	0.00948	0.00542	0.00468
93	0.00955	0.00899	0.01517	0.81013	0.03483	0.01123	0.01404	0.01292	0.01011	0.01292	0.00899	0.01348	0.00674	0.00506	0.00506	0.00169	0.00674	0.00449	0.00225	0.00562
94	0.01299	0.01341	0.06210	0.07025	0.51862	0.03974	0.10482	0.08508	0.01266	0.01751	0.00973	0.01245	0.00782	0.00469	0.00510	0.00154	0.00649	0.00460	0.00271	0.00769
95	0.00722	0.00542	0.00813	0.00813	0.00903	0.00632	0.00632	0.00903	0.00813	0.01174	0.01354	0.01987	0.01264	0.03792	0.80225	0.00813	0.01354	0.00542	0.00271	0.00451
96	0.01402	0.25199	0.23377	0.01076	0.01572	0.01387	0.01114	0.14036	0.06565	0.09808	0.01120	0.02522	0.00858	0.00527	0.00439	0.00138	0.00562	0.00397	0.00336	0.07567
97	0.01185	0.00949	0.01179	0.00854	0.01297	0.00764	0.04436	0.05288	0.02440	0.06925	0.01014	0.01132	0.00802	0.00411	0.00404	0.00091	0.00412	0.00341	0.00333	0.69745
98	0.00735	0.00490	0.00552	0.00552	0.00552	0.00490	0.00306	0.00735	0.00735	0.00980	0.01593	0.03309	0.01838	0.82229	0.02574	0.00490	0.00490	0.00735	0.00306	0.00306
99	0.00701	0.00533	0.00610	0.00617	0.00754	0.00480	0.00452	0.02598	0.02595	0.03081	0.18292	0.24324	0.40585	0.01273	0.00604	0.00177	0.00275	0.01100	0.00491	0.00458
100	0.00704	0.00516	0.00660	0.00624	0.00749	0.00472	0.00468	0.00933	0.01405	0.01965	0.71795	0.03881	0.11823	0.01057	0.00597	0.00160	0.00240	0.00929	0.00548	0.00472
101	0.00969	0.00573	0.00757	0.00679	0.00843	0.00521	0.00521	0.01201	0.01434	0.14675	0.66256	0.03441	0.04196	0.00967	0.00582	0.00159	0.00270	0.00848	0.00568	0.00540
102	0.01014	0.02616	0.79609	0.01441	0.02189	0.01174	0.01868	0.01601	0.01068	0.01601	0.00907	0.01068	0.00641	0.00480	0.00480	0.00160	0.00747	0.00374	0.00214	0.00747
103	0.04259	0.01045	0.01135	0.00996	0.01300	0.01169	0.00782	0.02610	0.62919	0.14869	0.02002	0.01824	0.01462	0.00669	0.00507	0.00169	0.00405	0.00551	0.00526	0.00802
104	0.01349	0.09578	0.12035	0.03104	0.20565	0.14614	0.07520	0.08630	0.06425	0.01679	0.01192	0.01339	0.04515	0.00530	0.00481	0.00145	0.00644	0.00444	0.00298	0.04913
105	0.63979	0.00976	0.00831	0.00726	0.01034	0.01108	0.00592	0.07050	0.06179	0.06116	0.02299	0.01073	0.00785	0.00518	0.00357	0.00155	0.00395	0.00340	0.04891	0.00597
106	0.01329	0.73400	0.10054	0.00929	0.01389	0.03309	0.00964	0.01532	0.01039	0.01230	0.00724	0.00838	0.00648	0.00439	0.00342	0.00114	0.00567	0.00281	0.00217	0.00657
107	0.06963	0.01352	0.05708	0.03887	0.56747	0.07190	0.01404	0.05666	0.03200	0.01747	0.00961	0.01204	0.00785	0.00474	0.00484	0.00151	0.00611	0.00429	0.00273	0.00764
108	0.00627	0.00448	0.00599	0.00716	0.00750	0.00420	0.00488	0.00722	0.00979	0.01303	0.02781	0.77824	0.03321	0.01574	0.00648	0.00207	0.00303	0.05407	0.00469	0.00414
109	0.01879	0.01157	0.01320	0.01039	0.01409	0.01220	0.00849	0.40623	0.12237	0.26312	0.05419	0.01587	0.01266	0.00645	0.00512	0.00156	0.00481	0.00510	0.00546	0.00833
110	0.80202	0.01007	0.00795	0.00698	0.01017	0.01163	0.00575	0.06553	0.00962	0.02330	0.00738	0.00848	0.00568	0.00479	0.00326	0.00156	0.00402	0.00286	0.00326	0.00568
111	0.01917	0.01579	0.01504	0.01186	0.01567	0.14474	0.00964	0.65018	0.02222	0.02867	0.01143	0.01164	0.00826	0.00593	0.00498	0.00148	0.00615	0.00434	0.00466	0.00815
112	0.01575	0.01223	0.01473	0.10162	0.12916	0.02827	0.01039	0.32125	0.21202	0.08068	0.01405	0.01437	0.01029	0.00593	0.00507	0.00158	0.00534	0.00485	0.00444	0.00798
113	0.85801	0.00978	0.00743	0.00665	0.00978	0.01134	0.00548	0.01486	0.00861	0.02269	0.00704	0.00821	0.00548	0.00469	0.00313	0.00156	0.00391	0.00274	0.00313	0.00548
114	0.00735	0.00490	0.00552	0.00552	0.00552	0.00490	0.00306	0.00735	0.00735	0.00980	0.01593	0.03309	0.01838	0.82229	0.02574	0.00490	0.00490	0.00735	0.00306	0.00306
115	0.01863	0.02361	0.01458	0.01375	0.04688	0.77014	0.01000	0.02000	0.01422	0.01254	0.00788	0.00926	0.00657	0.00518	0.00458	0.00131	0.00899	0.00331	0.00260	0.00595
116	0.01528	0.41000	0.05878	0.01045	0.01434	0.19734	0.00942	0.10070	0.09589	0.03032	0.00958	0.01024	0.00780	0.00505	0.00406	0.00128	0.00621	0.00345	0.00298	0.00683
117	0.00713	0.00517	0.00672	0.00633	0.00754	0.00476	0.00475	0.00949	0.01425	0.02012	0.76998	0.03804	0.06591	0.01040	0.00596	0.00159	0.00239	0.00918	0.00555	0.00476
118	0.02042	0.00911	0.01167	0.00929	0.01296	0.00859	0.00756	0.02514	0.18652	0.62086	0.02009	0.01758	0.01317	0.00639	0.00510	0.00160	0.00424	0.00523	0.00601	0.00847
119	0.85801	0.00978	0.00743	0.00665	0.00978	0.01134	0.00548	0.01486	0.00861	0.02269	0.00704	0.00821	0.00548	0.00469	0.00313	0.00156	0.00391	0.00274	0.00313	0.00548
120	0.00722	0.00542	0.00813	0.00813	0.00903	0.00632	0.00632	0.00903	0.00813	0.01174	0.01354	0.01987	0.01264	0.03792	0.80225	0.00813	0.01354	0.00542	0.00271	0.00451
121	0.00599	0.00509	0.00516	0.00522	0.00686	0.00426	0.00388	0.00725	0.01143	0.01362	0.05007	0.08691	0.75119	0.01296	0.00600	0.00172	0.00258	0.01086	0.00470	0.00426
122	0.00735	0.00490	0.00552	0.00552	0.00552	0.00490	0.00306	0.00735	0.00735	0.00980	0.01593	0.03309	0.01838	0.82229	0.02574	0.00490	0.00490	0.00735	0.00306	0.00306
123	0.85801	0.00978	0.00743	0.00665	0.00978	0.01134	0.00548	0.01486	0.00861	0.02269	0.00704	0.00821	0.00548	0.00469	0.00313	0.00156	0.00391	0.00274	0.00313	0.00548
124	0.01261	0.01231	0.02082	0.03027	0.74260	0.02681	0.04874	0.01564	0.01159	0.01643	0.00951	0.01250	0.00797	0.00451	0.00504	0.00151	0.00618	0.00455	0.00251	0.00792
125	0.01889	0.02410	0.01433	0.01303	0.01563	0.80199	0.00977	0.02019	0.01433	0.01238	0.00782	0.00912	0.00651	0.00521	0.00456	0.00130	0.00912	0.00326	0.00261	0.00586
126	0.01860	0.01351	0.05705	0.01184	0.01606	0.01350	0.06050	0.49785	0.05808	0.17987	0.01381	0.01350	0.00953	0.00596	0.00512	0.00155	0.00554	0.00477	0.00498	0.00839
127	0.01422	0.01121	0.01405	0.12393	0.13293	0.01244	0.01021	0.19401	0.31224	0.07577	0.01553	0.03617	0.01182	0.00627	0.00512	0.00163	0.00503	0.00528	0.00440	0.00775
128	0.10025	0.01110	0.08112	0.01135	0.06069	0.01051	0.00935	0.11851	0.21256	0.09465	0.01791	0.02549	0.01551	0.00799	0.00536	0.00179	0.00483	0.19959	0.00448	0.00697
129	0.01023	0.04679	0.77622	0.01426	0.02166	0.01196	0.01842	0.01599	0.01067	0.01591	0.00902	0.01061	0.00641	0.00479	0.00476	0.00159	0.00742	0.00371	0.00214	0.00745
130	0.01252	0.01199	0.02035	0.03063	0.77551	0.01203	0.01537	0.01574	0.02660	0.01661	0.00973	0.01264	0.00816	0.00455	0.00501	0.00151	0.00597	0.00453	0.00255	0.00801
131	0.00640	0.00526	0.00571	0.00594	0.00754	0.00457	0.00468	0.00788	0.01155	0.01395	0.04647	0.05029	0.64100	0.01303	0.00617	0.00183	0.00297	0.15573	0.00469	0.00434
132	0.01211	0.00977	0.01298	0.01306	0.18939	0.00820	0.00836	0.03204	0.01134	0.07813	0.01004	0.01152	0.00803	0.00417	0.00417	0.00100	0.00435	0.00354	0.00319	0.57460
133	0.00815	0.00582	0.00815	0.00931	0.01048	0.00582	0.00815	0.01048	0.01164	0.01513	0.02677	0.05704	0.02910	0.01397	0.00698	0.00233	0.00466	0.75671	0.00466	0.00466
134	0.01258	0.01086	0.01143	0.01029	0.01315	0.01258	0.00800	0.02687	0.78161	0.02115	0.02058	0.01887	0.01544	0.00686	0.00515	0.00172	0.00400	0.00572	0.00515	0.00800
135	0.01258	0.01086	0.01143	0.01029	0.01315	0.01258	0.00800	0.02687	0.78161	0.02115	0.02058	0.01887	0.01544	0.00686	0.00515	0.00172	0.00400	0.00572	0.00515	0.00800
136	0.01049	0.00899	0.01049	0.00749	0.01198	0.00674	0.00599	0.01273	0.01049	0.01648	0.00899	0.01049	0.00749	0.00374	0.00374	0.00075	0.00374	0.00300	0.00300	0.85320
137	0.00716	0.00517	0.00676	0.00636	0.00755	0.00477	0.00477	0.00954	0.01431	0.02028	0.78808	0.03777	0.04771	0.01034	0.00596	0.00159	0.00239	0.00914	0.00557	0.00477
138	0.00735	0.00493	0.00565	0.00565	0.00570	0.00498	0.00324	0.00744	0.00739	0.00991	0.01581	0.03238	0.01808	0.78034	0.06726	0.00507	0.00536	0.00725	0.00305	0.00314
139	0.01289	0.01152	0.01158	0.01043	0.01327	0.05177	0.00809	0.02654	0.74351	0.02072	0.01995	0.01838	0.01499	0.00678	0.00512	0.00169	0.00426	0.00559	0.00502	0.00790
140	0.01219	0.01468	0.13840	0.01874	0.02382	0.01198	0.55954	0.01637	0.01183	0.06798	0.01146	0.01555	0.00886	0.00504	0.00599	0.00172	0.02325	0.04283	0.00284	0.00690
141	0.01984	0.00938	0.01214	0.06287	0.01459	0.00911	0.00811	0.07284	0.14744	0.55896	0.01882	0.01692	0.01238	0.00627	0.00509	0.00160	0.00450	0.00512	0.00572	0.00830
142	0.01337	0.01138	0.01208	0.01053	0.03197	0.12466	0.05816	0.19175	0.06999	0.05627	0.03201	0.04927	0.04116	0.23242	0.02291	0.00259	0.02362	0.00602	0.00387	0.00597
143	0.07580	0.66884	0.02370	0.00894	0.01307	0.06091	0.00854	0.06604	0.01127	0.01404	0.00741	0.00844	0.00656	0.00452	0.00343	0.00116	0.00551	0.00286	0.00245	0.00652
144	0.05426	0.17362	0.09660	0.01032	0.01466	0.04253	0.05983	0.04881	0.03482	0.30753	0.02695	0.01340	0.00993	0.00534	0.00454	0.00140	0.00526	0.00424	0.00411	0.08185

[dist]
# distance from previous block
# <min> <max>
1	6

[block]
# block no. 2 follows, 49 sequences, length 21
# corresponding to MSA columns:
# 409-429
name=unknown_C
#
# <colnr> <probs for GDERKNQSTAVLIFYWHMCP>
#	G	D	E	R	K	N	Q	S	T	A	V	L	I	F	Y	W	H	M	C	P
0	0.00962	0.05012	0.00891	0.00718	0.00902	0.00684	0.00566	0.08717	0.01486	0.06754	0.56930	0.03334	0.07389	0.00954	0.00570	0.00158	0.00304	0.02592	0.00531	0.00545
1	0.01635	0.01247	0.01567	0.01303	0.06246	0.01343	0.08556	0.49980	0.01927	0.05376	0.05397	0.03686	0.01180	0.04704	0.00665	0.00175	0.03258	0.00536	0.00452	0.00768
2	0.00609	0.00505	0.00533	0.00542	0.00694	0.00429	0.00400	0.00742	0.01157	0.01413	0.10906	0.12487	0.65259	0.01291	0.00602	0.00173	0.00258	0.01092	0.00477	0.00429
3	0.01197	0.01354	0.02924	0.02193	0.07526	0.01274	0.72402	0.01615	0.01191	0.01622	0.01018	0.01357	0.00769	0.00428	0.00591	0.00169	0.00836	0.00587	0.00255	0.00690
4	0.00627	0.00510	0.00534	0.00530	0.00673	0.00440	0.00384	0.00750	0.01127	0.01383	0.12015	0.04559	0.61667	0.11574	0.00849	0.00210	0.00284	0.01010	0.00457	0.00417
5	0.00786	0.00526	0.00681	0.00635	0.00764	0.00486	0.00479	0.01023	0.01408	0.04797	0.71120	0.03583	0.04423	0.00991	0.00578	0.00156	0.00245	0.00872	0.05957	0.00491
6	0.00614	0.00450	0.00577	0.00678	0.00727	0.00413	0.00458	0.00707	0.00993	0.01301	0.03101	0.71558	0.13483	0.01543	0.00639	0.00201	0.00288	0.01388	0.00469	0.00413
7	0.01049	0.00899	0.01049	0.00749	0.01198	0.00674	0.00599	0.01273	0.01049	0.01648	0.00899	0.01049	0.00749	0.00374	0.00374	0.00075	0.00374	0.00300	0.00300	0.85320
8	0.01052	0.00795	0.01031	0.01040	0.05376	0.00818	0.03049	0.20760	0.01413	0.01894	0.05989	0.35085	0.02467	0.01169	0.00608	0.00191	0.00427	0.15802	0.00464	0.00571
9	0.11155	0.27100	0.16490	0.01291	0.09288	0.19171	0.01117	0.06250	0.01201	0.01570	0.00815	0.00952	0.00664	0.00478	0.00411	0.00135	0.00653	0.00332	0.00258	0.00670
10	0.01283	0.01140	0.01818	0.02609	0.62359	0.01155	0.01356	0.09099	0.01264	0.01832	0.01057	0.01320	0.00863	0.00482	0.00484	0.00147	0.00555	0.00453	0.09954	0.00769
11	0.01301	0.40534	0.28452	0.01240	0.06354	0.05535	0.01258	0.07266	0.01170	0.01509	0.00829	0.00960	0.00671	0.00467	0.00408	0.00133	0.00634	0.00333	0.00241	0.00704
12	0.00712	0.00567	0.00650	0.00724	0.00799	0.03291	0.00506	0.00891	0.05644	0.01346	0.02922	0.56731	0.13017	0.05022	0.00713	0.00210	0.00334	0.05022	0.00457	0.00441
13	0.05249	0.10705	0.04868	0.01159	0.02964	0.14930	0.00966	0.44180	0.01853	0.02414	0.01027	0.01087	0.00771	0.00546	0.00461	0.00140	0.00608	0.00393	0.00395	0.05284
14	0.01762	0.01525	0.06242	0.01282	0.05722	0.07861	0.01033	0.55155	0.09740	0.02744	0.01231	0.01250	0.00895	0.00592	0.00501	0.00152	0.00584	0.00451	0.00455	0.00822
15	0.00638	0.00457	0.00608	0.00696	0.00739	0.00433	0.00473	0.00747	0.01012	0.01369	0.12366	0.65332	0.03372	0.04322	0.04667	0.00239	0.00346	0.01303	0.00465	0.00418
16	0.01049	0.00899	0.01049	0.00749	0.01198	0.00674	0.00599	0.01273	0.01049	0.01648	0.00899	0.01049	0.00749	0.00374	0.00374	0.00075	0.00374	0.00300	0.00300	0.85320
17	0.10041	0.24686	0.04318	0.00919	0.01292	0.06586	0.00821	0.07319	0.01276	0.22737	0.03447	0.01599	0.01122	0.00602	0.00442	0.00142	0.00506	0.06533	0.00395	0.05216
18	0.01049	0.00899	0.01049	0.00749	0.01198	0.00674	0.00599	0.01273	0.01049	0.01648	0.00899	0.01049	0.00749	0.00374	0.00374	0.00075	0.00374	0.00300	0.00300	0.85320
19	0.01636	0.02048	0.09787	0.01217	0.01524	0.50745	0.01004	0.12113	0.01468	0.01552	0.01173	0.09183	0.03080	0.00656	0.00488	0.00145	0.00766	0.00480	0.00316	0.00619
20	0.01416	0.01331	0.09559	0.01711	0.14694	0.01194	0.22474	0.15916	0.08500	0.10770	0.03466	0.04285	0.01106	0.00574	0.00537	0.00162	0.00619	0.00550	0.00379	0.00757

[dist]
# distance from previous block
# <min> <max>
0	1

[block]
# block no. 3 follows, 49 sequences, length 57
# corresponding to MSA columns:
# 431-487
name=unknown_D
#
# <colnr> <probs for GDERKNQSTAVLIFYWHMCP>
#	G	D	E	R	K	N	Q	S	T	A	V	L	I	F	Y	W	H	M	C	P
0	0.09752	0.02676	0.09734	0.01351	0.10995	0.09004	0.05969	0.02077	0.20719	0.19015	0.01488	0.01482	0.02346	0.00573	0.00486	0.00158	0.00548	0.00473	0.00407	0.00746
