[name]
unknown

[dist]
# distance from previous block
# <min> <max>
16	56

[block]
# block no. 0 follows, 46 sequences, length 83
# corresponding to MSA columns:
# 59-141
name=unknown_A
#
# <colnr> <probs for GDERKNQSTAVLIFYWHMCP>
#	G	D	E	R	K	N	Q	S	T	A	V	L	I	F	Y	W	H	M	C	P
0	0.03336	0.02472	0.01404	0.17628	0.01880	0.03817	0.00976	0.30223	0.01719	0.16744	0.05490	0.02974	0.01203	0.02506	0.00571	0.00167	0.00556	0.00516	0.00459	0.05359
1	0.01383	0.00751	0.00957	0.00799	0.01064	0.00680	0.00630	0.05690	0.02887	0.27275	0.36649	0.04460	0.06208	0.00878	0.00569	0.00160	0.00350	0.00751	0.00575	0.07284
2	0.00842	0.00655	0.00811	0.07078	0.01088	0.00638	0.00609	0.05094	0.03095	0.01802	0.31668	0.05076	0.21999	0.06765	0.00755	0.00198	0.00358	0.06974	0.00488	0.04006
3	0.03207	0.63547	0.10837	0.00955	0.01414	0.01834	0.00982	0.01585	0.01072	0.04509	0.00825	0.00959	0.00715	0.00543	0.00459	0.04751	0.00575	0.00315	0.00246	0.00672
4	0.05560	0.00770	0.01035	0.06071	0.06748	0.00759	0.00813	0.04485	0.01242	0.14598	0.04683	0.15271	0.03380	0.04847	0.00700	0.00207	0.00461	0.22704	0.00463	0.05203
5	0.06783	0.00914	0.01199	0.00938	0.01331	0.00821	0.00777	0.04929	0.01500	0.68651	0.02015	0.01904	0.01327	0.00678	0.00529	0.00167	0.00454	0.03594	0.00625	0.00865
6	0.01940	0.05375	0.01337	0.05302	0.01466	0.01043	0.00835	0.19235	0.03172	0.41704	0.07367	0.01860	0.03552	0.00682	0.00526	0.00160	0.00475	0.00549	0.02600	0.00817
7	0.01235	0.05615	0.05061	0.24348	0.38573	0.01267	0.01429	0.07108	0.02851	0.01707	0.01228	0.01505	0.04694	0.00549	0.00520	0.00162	0.00626	0.00493	0.00288	0.00741
8	0.01359	0.60226	0.11318	0.01011	0.01452	0.06970	0.01019	0.01572	0.01095	0.01304	0.00883	0.05291	0.00832	0.00546	0.00432	0.00130	0.03276	0.00372	0.00244	0.00669
9	0.64307	0.01251	0.10125	0.00844	0.01236	0.01199	0.00780	0.06974	0.01075	0.06870	0.00879	0.00974	0.00651	0.00512	0.00375	0.00164	0.00468	0.00327	0.00349	0.00640
10	0.01097	0.06902	0.68818	0.01465	0.02197	0.01282	0.03315	0.01732	0.05282	0.01681	0.01005	0.01155	0.00725	0.00510	0.00498	0.00165	0.00752	0.00401	0.00242	0.00777
11	0.00675	0.00469	0.00613	0.00724	0.00762	0.00442	0.00489	0.00777	0.01014	0.01378	0.02793	0.70929	0.03298	0.04908	0.00744	0.00223	0.00318	0.03933	0.05077	0.00430
12	0.00998	0.00940	0.01586	0.80150	0.03641	0.01175	0.01468	0.01351	0.01057	0.01351	0.00940	0.01409	0.00705	0.00529	0.00529	0.00176	0.00705	0.00470	0.00235	0.00587
13	0.00772	0.00546	0.00702	0.00662	0.00796	0.00499	0.00497	0.01008	0.01462	0.03756	0.68557	0.05748	0.10793	0.01105	0.00623	0.00168	0.00257	0.00972	0.00574	0.00502
14	0.00769	0.00513	0.00577	0.00577	0.00577	0.00513	0.00320	0.00769	0.00769	0.01025	0.01666	0.03460	0.01922	0.81421	0.02691	0.00513	0.00513	0.00769	0.00320	0.00320
15	0.00667	0.00534	0.00600	0.00616	0.00765	0.00467	0.00466	0.00826	0.01235	0.01552	0.17410	0.13330	0.50881	0.01339	0.00639	0.00186	0.00287	0.07237	0.00506	0.00457
16	0.00749	0.00540	0.00703	0.00663	0.00785	0.00499	0.00494	0.00992	0.01479	0.02093	0.75994	0.03937	0.04914	0.03032	0.00674	0.00175	0.00256	0.00952	0.00576	0.00494
17	0.02240	0.00949	0.01228	0.00948	0.01341	0.00870	0.00781	0.11917	0.01612	0.64185	0.01959	0.01742	0.01259	0.00649	0.00521	0.00160	0.00454	0.00522	0.05786	0.00875
18	0.85155	0.01022	0.00777	0.00695	0.01022	0.01186	0.00573	0.01554	0.00900	0.02372	0.00736	0.00859	0.00573	0.00491	0.00327	0.00164	0.00409	0.00286	0.00327	0.00573
19	0.01060	0.02735	0.78682	0.01507	0.02288	0.01228	0.01953	0.01674	0.01116	0.01674	0.00949	0.01116	0.00670	0.00502	0.00502	0.00167	0.00781	0.00391	0.00223	0.00781
20	0.00912	0.00594	0.00774	0.00696	0.00865	0.00535	0.00531	0.01157	0.01476	0.08912	0.66917	0.03603	0.04432	0.01005	0.00603	0.00161	0.00275	0.00883	0.00574	0.05095
21	0.02010	0.01481	0.01587	0.01216	0.01639	0.01639	0.01005	0.76360	0.02486	0.03332	0.01269	0.01269	0.00899	0.00635	0.00529	0.00159	0.00582	0.00476	0.00529	0.00899
22	0.85155	0.01022	0.00777	0.00695	0.01022	0.01186	0.00573	0.01554	0.00900	0.02372	0.00736	0.00859	0.00573	0.00491	0.00327	0.00164	0.00409	0.00286	0.00327	0.00573
23	0.01413	0.81739	0.02770	0.00905	0.01357	0.02092	0.00905	0.01583	0.01074	0.01244	0.00735	0.00848	0.00678	0.00452	0.00339	0.00113	0.00565	0.00283	0.00226	0.00678
24	0.01637	0.01230	0.01265	0.01051	0.01382	0.06806	0.00839	0.28504	0.23465	0.11972	0.07897	0.02048	0.08030	0.00749	0.00544	0.00166	0.00493	0.00600	0.00530	0.00791
25	0.00627	0.00526	0.00546	0.00562	0.00721	0.00444	0.00413	0.00756	0.01180	0.01418	0.05035	0.15072	0.68132	0.01381	0.00631	0.00183	0.00273	0.01167	0.00491	0.00444
26	0.52265	0.00974	0.00956	0.00793	0.01152	0.01023	0.00654	0.01960	0.01143	0.32613	0.01272	0.01232	0.00865	0.00556	0.00408	0.00164	0.00425	0.00384	0.00457	0.00703
27	0.05480	0.01439	0.01539	0.01184	0.01602	0.01587	0.00978	0.70350	0.02381	0.06246	0.01279	0.01273	0.00902	0.00629	0.00521	0.00159	0.00569	0.00470	0.00525	0.00885
28	0.01002	0.00944	0.01586	0.78541	0.03595	0.01184	0.01462	0.01349	0.01052	0.01349	0.00935	0.01404	0.00705	0.00537	0.00553	0.00177	0.02335	0.00470	0.00235	0.00587
29	0.00660	0.00471	0.00624	0.00724	0.00765	0.00440	0.00487	0.00768	0.01064	0.01434	0.11874	0.69841	0.03635	0.03621	0.00720	0.00216	0.00305	0.01419	0.00497	0.00435
30	0.00835	0.00603	0.00828	0.00940	0.01066	0.00596	0.00818	0.01070	0.01216	0.01570	0.02993	0.05897	0.08733	0.01451	0.00722	0.00238	0.00470	0.68982	0.00487	0.00484
31	0.09117	0.01134	0.01289	0.01011	0.01407	0.04658	0.00829	0.20453	0.04100	0.47867	0.01718	0.01558	0.01128	0.00633	0.00512	0.00162	0.00501	0.00491	0.00575	0.00857
32	0.02010	0.01423	0.01540	0.01183	0.01599	0.01561	0.00977	0.70135	0.02395	0.07981	0.01330	0.01317	0.00934	0.00635	0.00526	0.00158	0.00566	0.00480	0.02358	0.00890
33	0.00649	0.00466	0.00618	0.00738	0.00775	0.00435	0.00499	0.00747	0.01022	0.01358	0.02966	0.77259	0.05177	0.01644	0.00675	0.00215	0.00311	0.03526	0.00491	0.00431
34	0.01208	0.01173	0.03400	0.17163	0.46107	0.02764	0.03311	0.01601	0.06200	0.01677	0.01304	0.01578	0.04528	0.00549	0.00523	0.00162	0.00607	0.00510	0.04892	0.00744
35	0.02767	0.01259	0.03485	0.12909	0.40663	0.07207	0.01334	0.03359	0.07233	0.07601	0.01268	0.06325	0.01063	0.00596	0.00528	0.00164	0.00612	0.00535	0.00331	0.00761
36	0.00664	0.00489	0.00636	0.00730	0.00773	0.00468	0.00496	0.00762	0.01029	0.01368	0.05552	0.67641	0.09155	0.04465	0.00770	0.00221	0.02464	0.01400	0.00481	0.00433
37	0.01951	0.01399	0.01503	0.01160	0.01563	0.01539	0.00956	0.69289	0.02367	0.05331	0.01322	0.01331	0.00941	0.00634	0.00518	0.00156	0.00556	0.00479	0.06133	0.00872
38	0.01121	0.00954	0.01109	0.00795	0.01263	0.00730	0.00637	0.03348	0.01134	0.01766	0.00948	0.01101	0.00786	0.00398	0.00395	0.00080	0.00397	0.00318	0.00319	0.82401
39	0.00795	0.00577	0.00747	0.00818	0.04941	0.00573	0.00526	0.00984	0.04136	0.01531	0.22248	0.20612	0.02952	0.25154	0.07301	0.00331	0.00457	0.00933	0.03924	0.00460
40	0.01105	0.00966	0.01207	0.00862	0.01336	0.00739	0.04766	0.01351	0.01105	0.01721	0.00947	0.01114	0.00784	0.00394	0.00404	0.00084	0.00419	0.00330	0.00311	0.80055
41	0.00719	0.00545	0.00667	0.00675	0.00794	0.00506	0.00491	0.00958	0.04709	0.01769	0.38805	0.24674	0.20183	0.01274	0.00634	0.00182	0.00276	0.01120	0.00536	0.00484
42	0.01090	0.01144	0.05852	0.59796	0.04776	0.03856	0.02924	0.03484	0.01096	0.01428	0.00924	0.01347	0.00711	0.00568	0.00650	0.00179	0.08851	0.00464	0.00245	0.00614
43	0.00764	0.00513	0.00575	0.00575	0.00581	0.00510	0.00323	0.00768	0.00784	0.01039	0.01793	0.03516	0.04539	0.78663	0.02620	0.00501	0.00504	0.00781	0.00326	0.00325
44	0.02162	0.01072	0.01301	0.01016	0.01394	0.03555	0.00834	0.18570	0.01689	0.52966	0.03735	0.01689	0.01269	0.00667	0.00575	0.00163	0.03593	0.00521	0.02371	0.00859
45	0.85155	0.01022	0.00777	0.00695	0.01022	0.01186	0.00573	0.01554	0.00900	0.02372	0.00736	0.00859	0.00573	0.00491	0.00327	0.00164	0.00409	0.00286	0.00327	0.00573
46	0.00745	0.00540	0.00702	0.00662	0.00788	0.00497	0.00496	0.00991	0.01489	0.02102	0.75954	0.03979	0.06889	0.01087	0.00624	0.00167	0.00250	0.00960	0.00580	0.00497
47	0.85155	0.01022	0.00777	0.00695	0.01022	0.01186	0.00573	0.01554	0.00900	0.02372	0.00736	0.00859	0.00573	0.00491	0.00327	0.00164	0.00409	0.00286	0.00327	0.00573
48	0.85155	0.01022	0.00777	0.00695	0.01022	0.01186	0.00573	0.01554	0.00900	0.02372	0.00736	0.00859	0.00573	0.00491	0.00327	0.00164	0.00409	0.00286	0.00327	0.00573
49	0.01646	0.03180	0.09105	0.01320	0.09320	0.02685	0.01042	0.31352	0.06702	0.11886	0.02752	0.03473	0.01112	0.02578	0.00565	0.00162	0.00551	0.00500	0.00448	0.09622
50	0.00909	0.00739	0.00925	0.02684	0.05866	0.04901	0.00803	0.02786	0.02697	0.01544	0.02533	0.30513	0.02807	0.01363	0.00672	0.00218	0.00465	0.36602	0.00459	0.00514
51	0.00852	0.00608	0.00852	0.00974	0.01095	0.00608	0.00852	0.01095	0.01217	0.01582	0.02799	0.05963	0.03042	0.01460	0.00730	0.00243	0.00487	0.74565	0.00487	0.00487
52	0.01615	0.01360	0.09704	0.04116	0.03508	0.05903	0.00975	0.31915	0.03518	0.09426	0.01378	0.01464	0.01007	0.00611	0.00507	0.00153	0.01917	0.00470	0.19697	0.00755
53	0.01398	0.01426	0.04000	0.08866	0.46916	0.11942	0.01414	0.07483	0.02828	0.01755	0.01056	0.02973	0.00883	0.00544	0.00549	0.00159	0.02696	0.00476	0.01869	0.00768
54	0.01146	0.01999	0.38549	0.01866	0.06458	0.01279	0.31533	0.01638	0.01154	0.01656	0.01024	0.02842	0.00789	0.00524	0.00624	0.00176	0.05241	0.00514	0.00249	0.00739
55	0.85155	0.01022	0.00777	0.00695	0.01022	0.01186	0.00573	0.01554	0.00900	0.02372	0.00736	0.00859	0.00573	0.00491	0.00327	0.00164	0.00409	0.00286	0.00327	0.00573
56	0.00660	0.00470	0.00628	0.00748	0.00784	0.00442	0.00511	0.00760	0.01021	0.01358	0.02884	0.74892	0.03439	0.03098	0.00715	0.00222	0.00322	0.06128	0.00487	0.00431
57	0.01430	0.05906	0.02223	0.05484	0.28651	0.17690	0.21972	0.03338	0.03799	0.01641	0.02232	0.01309	0.00874	0.00502	0.00534	0.00158	0.00755	0.00488	0.00282	0.00733
58	0.01882	0.01400	0.01506	0.01158	0.01574	0.01522	0.00952	0.65461	0.05216	0.03121	0.01284	0.01296	0.00926	0.00616	0.00514	0.00152	0.00552	0.00467	0.02280	0.08120
59	0.00702	0.00548	0.00806	0.00828	0.00919	0.00508	0.06019	0.00843	0.01099	0.01467	0.10792	0.59678	0.09078	0.01479	0.00663	0.00205	0.00345	0.03077	0.00484	0.00460
60	0.00769	0.00513	0.00577	0.00577	0.00577	0.00513	0.00320	0.00769	0.00769	0.01025	0.01666	0.03460	0.01922	0.81421	0.02691	0.00513	0.00513	0.00769	0.00320	0.00320
61	0.01125	0.00960	0.01155	0.00930	0.05416	0.00759	0.00689	0.04029	0.01149	0.01768	0.01021	0.03791	0.00881	0.00447	0.00413	0.00090	0.00408	0.00367	0.00324	0.74275
62	0.00841	0.00605	0.00837	0.00953	0.01077	0.00601	0.00831	0.01080	0.01216	0.01575	0.02918	0.05922	0.06537	0.01455	0.00725	0.00240	0.00477	0.71137	0.00487	0.00485
63	0.01069	0.04563	0.76924	0.01493	0.02267	0.01248	0.01929	0.01672	0.01115	0.01664	0.00944	0.01110	0.00670	0.00501	0.00498	0.00166	0.00776	0.00388	0.00223	0.00779
64	0.01387	0.63054	0.14000	0.01035	0.01513	0.06550	0.01075	0.01620	0.01099	0.01312	0.00771	0.00903	0.00678	0.00478	0.00409	0.00126	0.02769	0.00307	0.00229	0.00687
65	0.00628	0.00524	0.00548	0.00567	0.00722	0.00444	0.00416	0.00755	0.01175	0.01416	0.04973	0.16997	0.66246	0.01389	0.00633	0.00184	0.00274	0.01176	0.00491	0.00444
66	0.02237	0.01037	0.01302	0.01007	0.01413	0.00991	0.00829	0.18380	0.05821	0.58271	0.01914	0.01695	0.01238	0.00654	0.00531	0.00163	0.00476	0.00523	0.00621	0.00896
67	0.00722	0.00539	0.00671	0.00638	0.00774	0.00488	0.00478	0.00947	0.01435	0.01974	0.62576	0.04189	0.20347	0.01135	0.00624	0.00169	0.00253	0.00990	0.00563	0.00488
68	0.00852	0.00608	0.00852	0.00974	0.01095	0.00608	0.00852	0.01095	0.01217	0.01582	0.02799	0.05963	0.03042	0.01460	0.00730	0.00243	0.00487	0.74565	0.00487	0.00487
69	0.85155	0.01022	0.00777	0.00695	0.01022	0.01186	0.00573	0.01554	0.00900	0.02372	0.00736	0.00859	0.00573	0.00491	0.00327	0.00164	0.00409	0.00286	0.00327	0.00573
70	0.00736	0.00534	0.00612	0.00638	0.00780	0.00466	0.00468	0.00867	0.01167	0.05597	0.05592	0.28661	0.46512	0.01401	0.00639	0.00191	0.00297	0.03872	0.00501	0.00468
71	0.00970	0.00484	0.00709	0.00704	0.00729	0.00475	0.00477	0.00797	0.00763	0.05161	0.01169	0.08563	0.01182	0.03251	0.01874	0.71123	0.00446	0.00560	0.00277	0.00285
72	0.01060	0.02735	0.78682	0.01507	0.02288	0.01228	0.01953	0.01674	0.01116	0.01674	0.00949	0.01116	0.00670	0.00502	0.00502	0.00167	0.00781	0.00391	0.00223	0.00781
73	0.00644	0.00460	0.00613	0.00736	0.00767	0.00429	0.00491	0.00736	0.01012	0.01350	0.02914	0.81076	0.03497	0.01656	0.00675	0.00215	0.00307	0.01503	0.00491	0.00429
74	0.00656	0.00472	0.00606	0.00705	0.00747	0.00440	0.00469	0.00747	0.01017	0.01345	0.04760	0.66637	0.09087	0.08611	0.00846	0.00237	0.00320	0.01396	0.00478	0.00423
75	0.01127	0.00958	0.01113	0.00798	0.01266	0.00736	0.00639	0.03843	0.01143	0.01777	0.00951	0.01102	0.00787	0.00400	0.00396	0.00081	0.00398	0.00319	0.00320	0.81849
76	0.01106	0.01083	0.01523	0.01320	0.01332	0.01499	0.01094	0.01231	0.00815	0.01267	0.00784	0.01272	0.00773	0.01306	0.11460	0.00309	0.70548	0.00476	0.00238	0.00565
77	0.00695	0.00520	0.00644	0.00727	0.00800	0.00494	0.00507	0.00874	0.05215	0.01407	0.03209	0.56573	0.15524	0.05255	0.00756	0.00222	0.00326	0.05315	0.00485	0.00453
78	0.03117	0.01383	0.01139	0.01114	0.03784	0.31343	0.00812	0.03333	0.01165	0.01343	0.01311	0.06010	0.02876	0.06270	0.29074	0.02106	0.02443	0.00537	0.00302	0.00538
79	0.01467	0.01537	0.01907	0.14764	0.27310	0.19917	0.10300	0.07807	0.06640	0.01722	0.01055	0.01297	0.00833	0.00525	0.00527	0.00159	0.00731	0.00467	0.00301	0.00733
80	0.00706	0.00515	0.00578	0.00591	0.00660	0.00480	0.00381	0.00777	0.00988	0.01270	0.08253	0.14279	0.26149	0.40218	0.01634	0.00345	0.00390	0.00988	0.00414	0.00387
81	0.01048	0.00955	0.01630	0.56492	0.15216	0.01115	0.03957	0.01334	0.01047	0.01376	0.00951	0.01415	0.00753	0.00659	0.00699	0.09375	0.00672	0.00474	0.00240	0.00593
82	0.01028	0.00825	0.05499	0.12967	0.06003	0.00740	0.00856	0.02550	0.01357	0.09938	0.36568	0.06604	0.05807	0.00937	0.00595	0.00175	0.00419	0.06058	0.00482	0.00592

[dist]
# distance from previous block
# <min> <max>
0	2

[block]
# block no. 1 follows, 46 sequences, length 39
# corresponding to MSA columns:
# 154-192
name=unknown_B
#
# <colnr> <probs for GDERKNQSTAVLIFYWHMCP>
#	G	D	E	R	K	N	Q	S	T	A	V	L	I	F	Y	W	H	M	C	P
0	0.01182	0.01131	0.01831	0.36946	0.40803	0.03473	0.01500	0.01505	0.01145	0.01556	0.00987	0.01362	0.00790	0.00503	0.00520	0.00164	0.00660	0.00467	0.02766	0.00710
1	0.00641	0.00473	0.00600	0.00701	0.00757	0.00432	0.00475	0.00740	0.01046	0.01363	0.03345	0.67644	0.16650	0.01600	0.00666	0.00208	0.00300	0.01434	0.00491	0.00432
2	0.01248	0.01409	0.10724	0.10918	0.55936	0.02824	0.04551	0.01597	0.01183	0.01665	0.01017	0.02695	0.00847	0.00502	0.00527	0.00162	0.00665	0.00483	0.00259	0.00788
3	0.01196	0.10328	0.42791	0.03870	0.04224	0.07224	0.15235	0.01656	0.01158	0.01579	0.01043	0.01248	0.02644	0.00524	0.00547	0.00164	0.03156	0.00443	0.00244	0.00727
4	0.01416	0.01130	0.01211	0.01070	0.01382	0.01286	0.00838	0.05233	0.69078	0.07906	0.02118	0.01936	0.01567	0.00710	0.00537	0.00177	0.00426	0.00589	0.00546	0.00844
5	0.00871	0.00634	0.00739	0.00696	0.00869	0.00604	0.00524	0.01234	0.11551	0.06130	0.34371	0.08016	0.27557	0.03021	0.00659	0.00183	0.00299	0.00960	0.00540	0.00542
6	0.01323	0.15888	0.46118	0.01406	0.05771	0.04421	0.02721	0.01765	0.01189	0.10895	0.03072	0.01236	0.00873	0.00527	0.00483	0.00156	0.00691	0.00410	0.00290	0.00766
7	0.02230	0.00995	0.04598	0.00969	0.01383	0.00831	0.00829	0.06335	0.01546	0.68118	0.05060	0.01829	0.01408	0.00664	0.00534	0.00164	0.00463	0.00540	0.00626	0.00878
8	0.02323	0.00889	0.01211	0.00932	0.01333	0.00769	0.00769	0.02529	0.01513	0.76195	0.04362	0.01864	0.01419	0.00667	0.00534	0.00164	0.00444	0.00544	0.00652	0.00888
9	0.00801	0.00645	0.03046	0.02622	0.00911	0.00585	0.00566	0.04931	0.01208	0.01621	0.21675	0.22194	0.13053	0.17387	0.01048	0.00254	0.00379	0.06134	0.00467	0.00471
10	0.01077	0.04347	0.01149	0.01167	0.10090	0.00896	0.01828	0.16948	0.03403	0.01864	0.04430	0.42873	0.04126	0.01180	0.00606	0.00188	0.00426	0.02336	0.00461	0.00606
11	0.00769	0.00513	0.00577	0.00577	0.00577	0.00513	0.00320	0.00769	0.00769	0.01025	0.01666	0.03460	0.01922	0.81421	0.02691	0.00513	0.00513	0.00769	0.00320	0.00320
12	0.01186	0.01554	0.15691	0.16645	0.11885	0.04628	0.33224	0.01597	0.01179	0.01594	0.01058	0.03927	0.00846	0.00526	0.00588	0.00174	0.02188	0.00550	0.00260	0.00701
13	0.01096	0.00940	0.01096	0.00783	0.01253	0.00705	0.00626	0.01331	0.01096	0.01723	0.00940	0.01096	0.00783	0.00392	0.00392	0.00078	0.00392	0.00313	0.00313	0.84653
14	0.01206	0.01239	0.01612	0.01386	0.01403	0.06309	0.01148	0.01323	0.00851	0.01274	0.00701	0.01144	0.00693	0.00902	0.01659	0.00226	0.75654	0.00455	0.00234	0.00580
15	0.01057	0.00610	0.00796	0.00710	0.00894	0.00550	0.00546	0.01290	0.01479	0.17026	0.57902	0.03608	0.09406	0.01015	0.00606	0.00167	0.00290	0.00884	0.00590	0.00574
16	0.00735	0.00540	0.00689	0.00651	0.00782	0.00493	0.00489	0.00972	0.01466	0.02047	0.70194	0.04069	0.12684	0.01108	0.00624	0.00168	0.00251	0.00973	0.00572	0.00493
17	0.00716	0.00521	0.00674	0.00674	0.00780	0.00479	0.00491	0.00921	0.01363	0.01894	0.55580	0.22430	0.09034	0.01234	0.00636	0.00179	0.00264	0.01096	0.00555	0.00479
18	0.01315	0.01136	0.01195	0.01076	0.01375	0.01315	0.00837	0.02809	0.77168	0.02211	0.02152	0.01972	0.01614	0.00717	0.00538	0.00179	0.00418	0.00598	0.00538	0.00837
19	0.00726	0.00540	0.00676	0.00642	0.00776	0.00489	0.00481	0.00954	0.01444	0.01994	0.64692	0.04156	0.18219	0.01128	0.00624	0.00168	0.00253	0.00985	0.00565	0.00489
20	0.01413	0.81739	0.02770	0.00905	0.01357	0.02092	0.00905	0.01583	0.01074	0.01244	0.00735	0.00848	0.00678	0.00452	0.00339	0.00113	0.00565	0.00283	0.00226	0.00678
21	0.02037	0.01371	0.01511	0.01164	0.01577	0.01482	0.00959	0.63501	0.02306	0.14792	0.01428	0.03005	0.01016	0.00659	0.00532	0.00161	0.00556	0.00506	0.00547	0.00889
22	0.01308	0.01256	0.02146	0.03245	0.78123	0.01256	0.01622	0.01622	0.01204	0.01727	0.00994	0.01308	0.00837	0.00471	0.00523	0.00157	0.00628	0.00471	0.00262	0.00837
23	0.85155	0.01022	0.00777	0.00695	0.01022	0.01186	0.00573	0.01554	0.00900	0.02372	0.00736	0.00859	0.00573	0.00491	0.00327	0.00164	0.00409	0.00286	0.00327	0.00573
24	0.00769	0.00513	0.00577	0.00577	0.00577	0.00513	0.00320	0.00769	0.00769	0.01025	0.01666	0.03460	0.01922	0.81421	0.02691	0.00513	0.00513	0.00769	0.00320	0.00320
25	0.02010	0.01481	0.01587	0.01216	0.01639	0.01639	0.01005	0.76360	0.02486	0.03332	0.01269	0.01269	0.00899	0.00635	0.00529	0.00159	0.00582	0.00476	0.00529	0.00899
26	0.00766	0.00511	0.00578	0.00581	0.00582	0.00510	0.00325	0.00768	0.00775	0.01033	0.01698	0.05474	0.01963	0.79351	0.02638	0.00505	0.00507	0.00788	0.00325	0.00323
27	0.03088	0.00928	0.01533	0.75817	0.03486	0.01155	0.01413	0.01352	0.01055	0.01394	0.00958	0.01412	0.00721	0.00530	0.00519	0.00174	0.00684	0.00466	0.02730	0.00584
28	0.00692	0.00483	0.00608	0.00679	0.00706	0.00462	0.00435	0.00765	0.00966	0.01296	0.07738	0.50111	0.03082	0.27899	0.01335	0.00309	0.00371	0.01223	0.00441	0.00398
29	0.00644	0.00460	0.00613	0.00736	0.00767	0.00429	0.00491	0.00736	0.01012	0.01350	0.02914	0.81076	0.03497	0.01656	0.00675	0.00215	0.00307	0.01503	0.00491	0.00429
30	0.01259	0.03920	0.02110	0.13047	0.57448	0.01299	0.05249	0.01568	0.01159	0.01633	0.00964	0.01303	0.00804	0.00504	0.00596	0.00164	0.05468	0.00472	0.00255	0.00778
31	0.06277	0.01425	0.09381	0.01836	0.02286	0.01293	0.48796	0.04824	0.01209	0.01738	0.01144	0.07098	0.00965	0.00597	0.00704	0.00183	0.08644	0.00624	0.00291	0.00685
32	0.00642	0.00467	0.00606	0.00718	0.00762	0.00431	0.00483	0.00738	0.01029	0.01357	0.03132	0.74280	0.10151	0.01628	0.00670	0.00211	0.00303	0.01468	0.00491	0.00431
33	0.01140	0.01103	0.01735	0.49517	0.18604	0.03837	0.05219	0.01601	0.09021	0.01533	0.01079	0.01433	0.00831	0.00533	0.00532	0.00171	0.00677	0.00487	0.00275	0.00672
34	0.04088	0.10449	0.01260	0.00847	0.01201	0.00886	0.00710	0.02143	0.01383	0.51623	0.05911	0.01804	0.01420	0.00643	0.00484	0.00152	0.00421	0.00513	0.13282	0.00782
35	0.03621	0.00977	0.01436	0.51747	0.05084	0.02237	0.01230	0.04066	0.08690	0.07492	0.03927	0.01710	0.04353	0.00612	0.00530	0.00173	0.00611	0.00525	0.00334	0.00645
36	0.00925	0.00658	0.00876	0.00834	0.00959	0.00751	0.00650	0.08255	0.01045	0.01544	0.01439	0.02002	0.01288	0.05618	0.54212	0.00637	0.03422	0.00550	0.13821	0.00514
37	0.05838	0.01508	0.04669	0.09458	0.02837	0.24606	0.00963	0.13341	0.01525	0.13021	0.10159	0.01721	0.04338	0.00760	0.02814	0.00177	0.00662	0.00512	0.00409	0.00681
38	0.09073	0.01258	0.02484	0.06310	0.07509	0.01242	0.50776	0.01559	0.01158	0.01685	0.01119	0.06124	0.00938	0.00581	0.00663	0.02276	0.03678	0.00616	0.00282	0.00667

[dist]
# distance from previous block
# <min> <max>
0	4

[block]
# block no. 2 follows, 46 sequences, length 67
# corresponding to MSA columns:
# 197-263
name=unknown_C
#
# <colnr> <probs for GDERKNQSTAVLIFYWHMCP>
#	G	D	E	R	K	N	Q	S	T	A	V	L	I	F	Y	W	H	M	C	P
0	0.01395	0.22401	0.03305	0.01171	0.03169	0.12221	0.09300	0.08527	0.02765	0.04979	0.15926	0.01714	0.01630	0.00649	0.00552	0.00150	0.04500	0.00519	0.04465	0.00663
1	0.14887	0.01060	0.01165	0.14940	0.01621	0.03793	0.00850	0.22517	0.02833	0.02185	0.02367	0.02920	0.02501	0.03746	0.02983	0.00191	0.02300	0.00486	0.11514	0.05141
2	0.01118	0.00957	0.01120	0.00807	0.01265	0.00748	0.00648	0.03012	0.01120	0.01748	0.00941	0.01102	0.00783	0.00410	0.00427	0.00084	0.02330	0.00320	0.00316	0.80744
3	0.00827	0.00574	0.00739	0.02177	0.00891	0.00544	0.00544	0.03772	0.01270	0.04563	0.30983	0.34036	0.06028	0.05566	0.00744	0.00204	0.00325	0.03373	0.00515	0.02325
4	0.01169	0.01070	0.01523	0.04561	0.01440	0.01432	0.02713	0.01308	0.00888	0.05082	0.00973	0.07013	0.00950	0.00928	0.01482	0.00220	0.63183	0.00546	0.02935	0.00584
5	0.00760	0.00541	0.00641	0.00622	0.00675	0.00534	0.00404	0.00849	0.01024	0.01390	0.24249	0.03689	0.09930	0.48083	0.01865	0.00372	0.02721	0.00847	0.00410	0.00392
6	0.01157	0.01157	0.01619	0.01388	0.01388	0.01619	0.01157	0.01272	0.00810	0.01272	0.00694	0.01157	0.00694	0.00925	0.01735	0.00231	0.80453	0.00463	0.00231	0.00578
7	0.00756	0.00565	0.00842	0.00842	0.00933	0.00657	0.00651	0.00939	0.00847	0.01221	0.01423	0.02117	0.01339	0.06201	0.77113	0.00840	0.01390	0.00572	0.00284	0.00468
8	0.00748	0.00540	0.00707	0.00665	0.00790	0.00499	0.00499	0.00998	0.01496	0.02120	0.77844	0.03949	0.04988	0.01081	0.00624	0.00166	0.00249	0.00956	0.00582	0.00499
9	0.02319	0.00985	0.01279	0.00981	0.01392	0.00903	0.00810	0.13357	0.01655	0.67508	0.01966	0.01722	0.01249	0.00651	0.00531	0.00163	0.00469	0.00523	0.00636	0.00900
10	0.01096	0.00940	0.01096	0.00783	0.01253	0.00705	0.00626	0.01331	0.01096	0.01723	0.00940	0.01096	0.00783	0.00392	0.00392	0.00078	0.00392	0.00313	0.00313	0.84653
11	0.02010	0.01481	0.01587	0.01216	0.01639	0.01639	0.01005	0.76360	0.02486	0.03332	0.01269	0.01269	0.00899	0.00635	0.00529	0.00159	0.00582	0.00476	0.00529	0.00899
12	0.00768	0.00515	0.00591	0.00591	0.00596	0.00520	0.00339	0.00778	0.00773	0.01036	0.01652	0.03386	0.01890	0.77279	0.06789	0.00531	0.00561	0.00758	0.00318	0.00328
13	0.00918	0.00459	0.00689	0.00689	0.00689	0.00459	0.00459	0.00689	0.00689	0.00918	0.00918	0.01607	0.00918	0.01837	0.02066	0.84619	0.00459	0.00459	0.00230	0.00230
14	0.02372	0.00900	0.01227	0.00941	0.01350	0.00777	0.00777	0.02576	0.01513	0.78489	0.02086	0.01799	0.01309	0.00654	0.00532	0.00164	0.00450	0.00532	0.00654	0.00900
15	0.00918	0.00459	0.00689	0.00689	0.00689	0.00459	0.00459	0.00689	0.00689	0.00918	0.00918	0.01607	0.00918	0.01837	0.02066	0.84619	0.00459	0.00459	0.00230	0.00230
16	0.01285	0.01232	0.02104	0.09010	0.72540	0.01250	0.01611	0.01602	0.01193	0.01699	0.00990	0.01316	0.00827	0.00475	0.00524	0.00158	0.00634	0.00471	0.00260	0.00819
17	0.81642	0.04408	0.00861	0.00704	0.01036	0.01224	0.00586	0.01555	0.00907	0.02325	0.00736	0.00858	0.00577	0.00489	0.00328	0.00161	0.00416	0.00286	0.00323	0.00577
18	0.85155	0.01022	0.00777	0.00695	0.01022	0.01186	0.00573	0.01554	0.00900	0.02372	0.00736	0.00859	0.00573	0.00491	0.00327	0.00164	0.00409	0.00286	0.00327	0.00573
19	0.01112	0.06914	0.72679	0.01460	0.02215	0.01263	0.01868	0.01692	0.01124	0.03578	0.00966	0.01119	0.00686	0.00503	0.00494	0.00164	0.00761	0.00388	0.00234	0.00779
20	0.01878	0.01330	0.13389	0.08877	0.03454	0.01105	0.01096	0.17631	0.05727	0.37583	0.01607	0.01544	0.01072	0.00614	0.00526	0.00165	0.00556	0.00494	0.00505	0.00846
21	0.01014	0.00949	0.01567	0.76291	0.03530	0.01181	0.01437	0.01422	0.04772	0.01393	0.00999	0.01437	0.00749	0.00538	0.00529	0.00176	0.00691	0.00476	0.00250	0.00599
22	0.00653	0.00466	0.00623	0.00746	0.00780	0.00437	0.00506	0.00751	0.01021	0.01359	0.02909	0.77975	0.03478	0.01648	0.00677	0.00216	0.00314	0.04519	0.00491	0.00432
23	0.13223	0.05550	0.03555	0.17251	0.29612	0.04505	0.01258	0.08866	0.03103	0.06688	0.01048	0.01264	0.00809	0.00521	0.00486	0.00160	0.00605	0.00435	0.00320	0.00742
24	0.49151	0.01203	0.02808	0.03170	0.14301	0.05770	0.00891	0.05559	0.01091	0.02124	0.03172	0.01097	0.00790	0.00549	0.00500	0.00166	0.06327	0.00371	0.00320	0.00640
25	0.00655	0.00468	0.00626	0.00749	0.00784	0.00439	0.00510	0.00755	0.01023	0.01362	0.02908	0.77059	0.03472	0.01646	0.00678	0.00216	0.00316	0.05410	0.00491	0.00432
26	0.01660	0.01062	0.01368	0.08735	0.05675	0.01153	0.00957	0.21935	0.04829	0.23347	0.03313	0.09670	0.01361	0.00774	0.00691	0.00177	0.10196	0.00610	0.01726	0.00762
27	0.02909	0.06785	0.35073	0.01758	0.11977	0.11585	0.13283	0.01716	0.01183	0.03098	0.00948	0.01163	0.00726	0.00518	0.00576	0.00164	0.05120	0.00429	0.00253	0.00737
28	0.00757	0.00511	0.00576	0.00581	0.00591	0.00506	0.00331	0.00767	0.00800	0.01058	0.01897	0.06744	0.05696	0.74219	0.02507	0.00484	0.00492	0.00816	0.00336	0.00331
29	0.00739	0.00540	0.00694	0.00656	0.00784	0.00495	0.00492	0.00981	0.01476	0.02071	0.72685	0.04030	0.10178	0.01099	0.00624	0.00167	0.00251	0.00967	0.00575	0.00495
30	0.01413	0.81739	0.02770	0.00905	0.01357	0.02092	0.00905	0.01583	0.01074	0.01244	0.00735	0.00848	0.00678	0.00452	0.00339	0.00113	0.00565	0.00283	0.00226	0.00678
31	0.01139	0.01134	0.01619	0.01382	0.01401	0.01564	0.03050	0.01266	0.00823	0.01281	0.00740	0.01210	0.00728	0.01067	0.05628	0.00261	0.74425	0.00472	0.00235	0.00576
32	0.00714	0.00528	0.00674	0.00717	0.00823	0.00488	0.00541	0.00895	0.01253	0.01675	0.29608	0.27203	0.17290	0.01363	0.00658	0.00196	0.00311	0.14074	0.00522	0.00467
33	0.00680	0.00475	0.00603	0.00690	0.00711	0.00454	0.00441	0.00746	0.00941	0.01255	0.02551	0.58511	0.03039	0.24845	0.01261	0.00301	0.00367	0.01289	0.00441	0.00398
34	0.00985	0.00493	0.00493	0.00493	0.00616	0.00493	0.00370	0.01232	0.01109	0.01971	0.01725	0.01971	0.01355	0.00616	0.00370	0.00123	0.00246	0.00493	0.84356	0.00493
35	0.00625	0.00533	0.00538	0.00542	0.00716	0.00446	0.00404	0.00758	0.01199	0.01426	0.05280	0.07424	0.75621	0.01349	0.00626	0.00180	0.00269	0.01128	0.00491	0.00446
36	0.00644	0.00462	0.00611	0.00730	0.00765	0.00430	0.00488	0.00737	0.01018	0.01352	0.02988	0.78758	0.05766	0.01647	0.00673	0.00214	0.00306	0.01491	0.00491	0.00430
37	0.01096	0.00940	0.01096	0.00783	0.01253	0.00705	0.00626	0.01331	0.01096	0.01723	0.00940	0.01096	0.00783	0.00392	0.00392	0.00078	0.00392	0.00313	0.00313	0.84653
38	0.01188	0.01213	0.00905	0.00858	0.00955	0.27933	0.00574	0.01241	0.01025	0.01124	0.01363	0.02548	0.01473	0.51041	0.04133	0.00391	0.00692	0.00614	0.00303	0.00427
39	0.01060	0.02735	0.78682	0.01507	0.02288	0.01228	0.01953	0.01674	0.01116	0.01674	0.00949	0.01116	0.00670	0.00502	0.00502	0.00167	0.00781	0.00391	0.00223	0.00781
40	0.01361	0.07682	0.51675	0.01304	0.01938	0.01167	0.01547	0.01829	0.01209	0.18458	0.04352	0.01365	0.00989	0.00565	0.00528	0.00164	0.02312	0.00439	0.00333	0.00784
41	0.01299	0.05406	0.48824	0.06112	0.04985	0.01178	0.03872	0.03168	0.01201	0.12949	0.01117	0.01241	0.00787	0.00518	0.00500	0.00160	0.00692	0.00419	0.00301	0.05271
42	0.04505	0.00628	0.00722	0.00682	0.00852	0.00599	0.00526	0.04687	0.03721	0.01949	0.41862	0.04084	0.27054	0.01122	0.00609	0.00174	0.00296	0.04879	0.00533	0.00515
43	0.00985	0.00493	0.00493	0.00493	0.00616	0.00493	0.00370	0.01232	0.01109	0.01971	0.01725	0.01971	0.01355	0.00616	0.00370	0.00123	0.00246	0.00493	0.84356	0.00493
44	0.01101	0.01068	0.01791	0.52414	0.20103	0.02504	0.06981	0.01467	0.02711	0.01479	0.01084	0.01474	0.02486	0.00532	0.00536	0.00171	0.00690	0.00496	0.00256	0.00655
45	0.01385	0.01041	0.07138	0.00982	0.01257	0.00944	0.00816	0.26089	0.01582	0.13113	0.03682	0.33451	0.02073	0.01076	0.00625	0.02212	0.00458	0.00900	0.00502	0.00676
46	0.01802	0.02229	0.01537	0.01414	0.03506	0.62560	0.01062	0.01939	0.01360	0.01301	0.00798	0.01001	0.00687	0.00615	0.00717	0.00155	0.16072	0.00367	0.00264	0.00612
47	0.83264	0.01021	0.00795	0.02481	0.01081	0.01186	0.00593	0.01549	0.00903	0.02349	0.00741	0.00871	0.00575	0.00492	0.00332	0.00164	0.00416	0.00290	0.00325	0.00573
48	0.00653	0.00471	0.00618	0.00720	0.00766	0.00437	0.00487	0.00762	0.01067	0.01426	0.10112	0.70080	0.07270	0.01586	0.00667	0.00208	0.00299	0.01432	0.00499	0.00437
49	0.11467	0.03224	0.07268	0.00954	0.01374	0.03600	0.00836	0.07036	0.02678	0.29375	0.02844	0.01413	0.01044	0.00626	0.01976	0.00155	0.01985	0.00431	0.00448	0.21268
50	0.02372	0.00900	0.01227	0.00941	0.01350	0.00777	0.00777	0.02576	0.01513	0.78489	0.02086	0.01799	0.01309	0.00654	0.00532	0.00164	0.00450	0.00532	0.00654	0.00900
51	0.01367	0.01184	0.01223	0.01090	0.01395	0.02961	0.00850	0.06890	0.71430	0.02255	0.02075	0.01912	0.01555	0.00709	0.00536	0.00177	0.00439	0.00586	0.00532	0.00836
52	0.00825	0.00542	0.00675	0.00664	0.00705	0.00562	0.00429	0.00884	0.00818	0.03980	0.01614	0.03025	0.01737	0.57526	0.23260	0.00590	0.00754	0.00705	0.00323	0.00383
53	0.00748	0.00540	0.00707	0.00665	0.00790	0.00499	0.00499	0.00998	0.01496	0.02120	0.77844	0.03949	0.04988	0.01081	0.00624	0.00166	0.00249	0.00956	0.00582	0.00499
54	0.85155	0.01022	0.00777	0.00695	0.01022	0.01186	0.00573	0.01554	0.00900	0.02372	0.00736	0.00859	0.00573	0.00491	0.00327	0.00164	0.00409	0.00286	0.00327	0.00573
55	0.01157	0.01157	0.01619	0.01388	0.01388	0.01619	0.01157	0.01272	0.00810	0.01272	0.00694	0.01157	0.00694	0.00925	0.01735	0.00231	0.80453	0.00463	0.00231	0.00578
56	0.01096	0.00940	0.01096	0.00783	0.01253	0.00705	0.00626	0.01331	0.01096	0.01723	0.00940	0.01096	0.00783	0.00392	0.00392	0.00078	0.00392	0.00313	0.00313	0.84653
57	0.00845	0.00647	0.00751	0.00728	0.00889	0.00633	0.00542	0.03019	0.13375	0.03230	0.28239	0.19282	0.23422	0.01188	0.00617	0.00181	0.00304	0.01032	0.00532	0.00542
58	0.00657	0.00470	0.00626	0.00739	0.00778	0.00439	0.00502	0.00763	0.01048	0.01404	0.07465	0.74078	0.03573	0.01615	0.00673	0.00213	0.00309	0.03716	0.00496	0.00435
59	0.01109	0.13658	0.68186	0.01424	0.02159	0.01347	0.01808	0.01662	0.01110	0.01615	0.00919	0.01079	0.00671	0.00495	0.00480	0.00160	0.00751	0.00376	0.00224	0.00767
60	0.01393	0.79169	0.02709	0.00903	0.01344	0.02047	0.00897	0.01563	0.01067	0.01243	0.00757	0.00887	0.00699	0.00563	0.02840	0.00136	0.00592	0.00292	0.00228	0.00672
61	0.01624	0.00746	0.00965	0.00798	0.01084	0.00662	0.00637	0.03489	0.01462	0.42167	0.21916	0.04172	0.12066	0.00867	0.00561	0.00165	0.00365	0.00729	0.04815	0.00710
62	0.00926	0.00650	0.00782	0.00764	0.00905	0.00632	0.00555	0.10021	0.01235	0.04550	0.06403	0.36398	0.12476	0.09225	0.05027	0.00254	0.00423	0.02342	0.02081	0.04351
63	0.11010	0.08868	0.35700	0.01279	0.01769	0.01261	0.06023	0.04596	0.01124	0.01725	0.02669	0.01638	0.01014	0.02663	0.02681	0.00201	0.08166	0.06648	0.00285	0.00680
64	0.00867	0.00639	0.00716	0.00753	0.00835	0.04717	0.00515	0.02751	0.01082	0.04591	0.06090	0.50367	0.02867	0.14756	0.00972	0.00248	0.00386	0.01165	0.03071	0.02610
65	0.03676	0.03758	0.01716	0.03163	0.06383	0.46775	0.11792	0.03717	0.05116	0.01540	0.05070	0.01286	0.00999	0.00626	0.01990	0.00162	0.00834	0.00442	0.00306	0.00650
66	0.08344	0.02416	0.00947	0.02060	0.02917	0.00739	0.02244	0.05841	0.02879	0.05465	0.06843	0.35144	0.03943	0.01187	0.00601	0.00192	0.00402	0.12330	0.00464	0.05044

[dist]
# distance from previous block
# <min> <max>
3	15

[block]
# block no. 3 follows, 46 sequences, length 10
# corresponding to MSA columns:
# 279-288
name=unknown_D
#
# <colnr> <probs for GDERKNQSTAVLIFYWHMCP>
#	G	D	E	R	K	N	Q	S	T	A	V	L	I	F	Y	W	H	M	C	P
0	0.01424	0.05971	0.08042	0.01071	0.02731	0.01168	0.02594	0.27391	0.05366	0.05493	0.05302	0.06153	0.04577	0.03754	0.00591	0.00161	0.00508	0.00558	0.00430	0.16715
1	0.06154	0.18437	0.03119	0.14827	0.03119	0.08621	0.04774	0.04248	0.03215	0.01583	0.05117	0.02860	0.05597	0.02660	0.00632	0.00167	0.07311	0.00503	0.06444	0.00612
2	0.05671	0.01836	0.31278	0.08259	0.14077	0.10253	0.01414	0.01635	0.01185	0.05428	0.01303	0.01565	0.05321	0.00586	0.00505	0.00160	0.00672	0.02913	0.00293	0.05645
3	0.04236	0.00946	0.05660	0.03678	0.01273	0.00914	0.05158	0.18528	0.01265	0.01785	0.01338	0.11615	0.01251	0.01329	0.06269	0.25933	0.02041	0.00605	0.05642	0.00535
4	0.04350	0.01268	0.06120	0.13484	0.38151	0.07338	0.01356	0.01597	0.01220	0.06165	0.03981	0.01916	0.01212	0.00632	0.00539	0.00169	0.00626	0.08834	0.00319	0.00723
5	0.00839	0.00636	0.00817	0.03405	0.00966	0.00659	0.00610	0.01004	0.01177	0.04849	0.22631	0.13677	0.22019	0.07241	0.02591	0.00229	0.10146	0.05546	0.00464	0.00492
6	0.01233	0.03443	0.17837	0.04416	0.05241	0.01256	0.32206	0.01719	0.07344	0.06136	0.01261	0.06385	0.01026	0.00612	0.00669	0.00180	0.07414	0.00591	0.00312	0.00719
7	0.57843	0.01052	0.03276	0.15357	0.03725	0.01170	0.00813	0.01573	0.04718	0.02124	0.00891	0.01073	0.00685	0.00513	0.00387	0.00165	0.00475	0.00351	0.03210	0.00599
8	0.01753	0.10558	0.01612	0.01315	0.06156	0.34967	0.00982	0.24103	0.01673	0.01920	0.01127	0.06751	0.00991	0.03115	0.00562	0.00159	0.00721	0.00477	0.00360	0.00697
9	0.28312	0.03544	0.01116	0.05473	0.01328	0.01083	0.00741	0.15080	0.01405	0.22496	0.04249	0.01454	0.01092	0.00597	0.00445	0.00157	0.00449	0.00444	0.09826	0.00710

[dist]
# distance from previous block
# <min> <max>
0	3

[block]
# block no. 4 follows, 46 sequences, length 8
# corresponding to MSA columns:
# 292-298,300
name=unknown_E
#
# <colnr> <probs for GDERKNQSTAVLIFYWHMCP>
#	G	D	E	R	K	N	Q	S	T	A	V	L	I	F	Y	W	H	M	C	P
0	0.00965	0.00851	0.01382	0.47914	0.07319	0.00985	0.03295	0.03269	0.01076	0.01408	0.01404	0.18231	0.01372	0.04598	0.00715	0.03052	0.00601	0.00705	0.00303	0.00557
1	0.02745	0.01370	0.09113	0.08661	0.07377	0.07229	0.06788	0.18310	0.09424	0.03601	0.01614	0.09755	0.05369	0.00740	0.00593	0.00172	0.03832	0.00618	0.01975	0.00712
2	0.05998	0.06437	0.21407	0.08198	0.32638	0.05248	0.07380	0.01669	0.03079	0.01680	0.00975	0.01223	0.00769	0.00491	0.00502	0.00160	0.00688	0.00438	0.00259	0.00758
3	0.01066	0.01036	0.01233	0.01118	0.01184	0.09903	0.00888	0.01203	0.00899	0.01238	0.01057	0.01662	0.01026	0.08345	0.31017	0.00477	0.35350	0.00512	0.00263	0.00522
4	0.40288	0.03953	0.03878	0.04824	0.03248	0.05425	0.00812	0.10522	0.01284	0.16215	0.04200	0.01256	0.00950	0.00565	0.00430	0.00160	0.00498	0.00401	0.00405	0.00688
5	0.00668	0.00520	0.00610	0.00641	0.00765	0.00462	0.00471	0.00821	0.01214	0.01559	0.19523	0.25368	0.38585	0.01378	0.00644	0.00189	0.00287	0.05331	0.00509	0.00455
6	0.01584	0.01205	0.01427	0.01073	0.01493	0.01197	0.03680	0.34177	0.01717	0.07191	0.01145	0.01232	0.00862	0.00549	0.00551	0.00132	0.05389	0.00419	0.00422	0.34556
7	0.01684	0.05629	0.01501	0.01178	0.06145	0.01315	0.00906	0.40090	0.04459	0.07910	0.01245	0.01335	0.00940	0.02971	0.00551	0.00149	0.00522	0.00444	0.00448	0.20577

[dist]
# distance from previous block
# <min> <max>
0	19

[block]
# block no. 5 follows, 46 sequences, length 31
# corresponding to MSA columns:
# 320-350
name=unknown_F
#
# <colnr> <probs for GDERKNQSTAVLIFYWHMCP>
#	G	D	E	R	K	N	Q	S	T	A	V	L	I	F	Y	W	H	M	C	P
0	0.57126	0.21988	0.05504	0.02536	0.01234	0.01422	0.00752	0.01564	0.00960	0.02020	0.00752	0.00882	0.00608	0.00482	0.00344	0.00151	0.00476	0.00295	0.00293	0.00611
1	0.04099	0.01187	0.01357	0.01065	0.01462	0.02926	0.00872	0.30966	0.09898	0.37920	0.01718	0.01572	0.01152	0.00647	0.00525	0.00163	0.00508	0.00507	0.00577	0.00879
2	0.01259	0.01096	0.01269	0.03413	0.08610	0.01196	0.00899	0.02392	0.54691	0.02052	0.01864	0.01913	0.01450	0.00670	0.00523	0.00165	0.00445	0.03141	0.00471	0.12482
3	0.00691	0.00534	0.00626	0.00610	0.00750	0.00474	0.00452	0.00878	0.01331	0.01761	0.41493	0.07584	0.36241	0.03400	0.00682	0.00183	0.00267	0.01042	0.00532	0.00469
4	0.00640	0.00526	0.00556	0.00568	0.00719	0.00450	0.00414	0.00771	0.01184	0.01445	0.09250	0.13616	0.62172	0.04435	0.00710	0.00195	0.00281	0.01137	0.00490	0.00443
5	0.01730	0.01342	0.01429	0.01160	0.01533	0.01509	0.00937	0.46743	0.32559	0.02881	0.01625	0.01552	0.01187	0.00668	0.00533	0.00167	0.00516	0.00525	0.00533	0.00874
6	0.00680	0.00496	0.00644	0.00723	0.00794	0.00460	0.00514	0.00818	0.01140	0.01522	0.17232	0.52483	0.11224	0.01499	0.00665	0.00204	0.00307	0.07638	0.00508	0.00449
7	0.00652	0.00466	0.00622	0.00745	0.00779	0.00436	0.00504	0.00749	0.01020	0.01358	0.02910	0.78318	0.03480	0.01649	0.00677	0.00216	0.00313	0.04186	0.00491	0.00432
8	0.01096	0.00940	0.01096	0.00783	0.01253	0.00705	0.00626	0.01331	0.01096	0.01723	0.00940	0.01096	0.00783	0.00392	0.00392	0.00078	0.00392	0.00313	0.00313	0.84653
9	0.85155	0.01022	0.00777	0.00695	0.01022	0.01186	0.00573	0.01554	0.00900	0.02372	0.00736	0.00859	0.00573	0.00491	0.00327	0.00164	0.00409	0.00286	0.00327	0.00573
10	0.02010	0.01481	0.01587	0.01216	0.01639	0.01639	0.01005	0.76360	0.02486	0.03332	0.01269	0.01269	0.00899	0.00635	0.00529	0.00159	0.00582	0.00476	0.00529	0.00899
11	0.00998	0.00940	0.01586	0.80150	0.03641	0.01175	0.01468	0.01351	0.01057	0.01351	0.00940	0.01409	0.00705	0.00529	0.00529	0.00176	0.00705	0.00470	0.00235	0.00587
12	0.00685	0.00492	0.00656	0.00758	0.00815	0.00463	0.00541	0.00817	0.01099	0.01470	0.11265	0.60243	0.05175	0.01558	0.00676	0.00213	0.00325	0.11805	0.00500	0.00446
13	0.01248	0.01426	0.03119	0.02228	0.02763	0.01337	0.76203	0.01693	0.01248	0.01693	0.01070	0.01426	0.00802	0.00446	0.00624	0.00178	0.00891	0.00624	0.00267	0.00713
14	0.01060	0.02735	0.78682	0.01507	0.02288	0.01228	0.01953	0.01674	0.01116	0.01674	0.00949	0.01116	0.00670	0.00502	0.00502	0.00167	0.00781	0.00391	0.00223	0.00781
15	0.00807	0.00553	0.00725	0.00675	0.00810	0.00509	0.00509	0.01055	0.01497	0.04874	0.75113	0.03871	0.04855	0.01065	0.00620	0.00166	0.00257	0.00941	0.00585	0.00513
16	0.01420	0.01247	0.08209	0.03453	0.10452	0.01192	0.04108	0.07749	0.35789	0.11621	0.07604	0.01862	0.01553	0.00668	0.00542	0.00171	0.00504	0.00573	0.00476	0.00807
17	0.00998	0.00940	0.01586	0.80150	0.03641	0.01175	0.01468	0.01351	0.01057	0.01351	0.00940	0.01409	0.00705	0.00529	0.00529	0.00176	0.00705	0.00470	0.00235	0.00587
18	0.00843	0.00606	0.00840	0.00957	0.01081	0.00602	0.00835	0.01082	0.01217	0.01576	0.02897	0.05930	0.05917	0.01456	0.00726	0.00241	0.00478	0.71744	0.00487	0.00485
19	0.00702	0.00480	0.00622	0.00716	0.00757	0.00449	0.00475	0.00786	0.01001	0.03229	0.02814	0.67473	0.05441	0.11280	0.00914	0.00248	0.00334	0.01378	0.00474	0.00428
20	0.01228	0.01017	0.01167	0.00845	0.01308	0.00839	0.00681	0.12117	0.01296	0.01954	0.00987	0.01121	0.00800	0.00426	0.00411	0.00090	0.00419	0.00337	0.00344	0.72613
21	0.00630	0.00529	0.00548	0.00556	0.00721	0.00447	0.00412	0.00765	0.01198	0.01444	0.07496	0.11325	0.69408	0.01357	0.00629	0.00181	0.00270	0.01143	0.00494	0.00447
22	0.00768	0.00518	0.00602	0.00602	0.00611	0.00526	0.00352	0.00785	0.00776	0.01044	0.01642	0.03329	0.01865	0.74130	0.09904	0.00544	0.00598	0.00750	0.00317	0.00335
23	0.01566	0.01066	0.04347	0.04295	0.01395	0.01043	0.00839	0.30985	0.01700	0.17197	0.01940	0.20574	0.03887	0.02875	0.00613	0.00182	0.00481	0.00754	0.03536	0.00727
24	0.01450	0.10391	0.03776	0.09533	0.22067	0.14629	0.07254	0.11811	0.02752	0.01748	0.01158	0.01368	0.04006	0.00575	0.00578	0.00158	0.05250	0.00468	0.00306	0.00723
25	0.01516	0.01091	0.01201	0.01050	0.01370	0.01213	0.00825	0.02765	0.62809	0.16689	0.02139	0.01940	0.01556	0.00705	0.00537	0.00176	0.00424	0.00585	0.00560	0.00849
26	0.00775	0.00562	0.00752	0.00819	0.00932	0.00539	0.00666	0.00990	0.01266	0.01689	0.24233	0.16088	0.09419	0.01372	0.00684	0.00212	0.00377	0.37630	0.00515	0.00479
27	0.01201	0.01997	0.36653	0.04623	0.16602	0.05111	0.16297	0.01708	0.04277	0.01663	0.01013	0.01252	0.00769	0.00515	0.00583	0.00170	0.04092	0.00463	0.00255	0.00757
28	0.00921	0.00904	0.02856	0.07615	0.01414	0.06836	0.09599	0.01101	0.01075	0.01393	0.02151	0.41229	0.04735	0.02711	0.00786	0.00208	0.08728	0.04834	0.00391	0.00514
