[name]
unknown

[dist]
# distance from previous block
# <min> <max>
0	52

[block]
# block no. 0 follows, 41 sequences, length 11
# corresponding to MSA columns:
# 64-74
name=unknown_A
#
# <colnr> <probs for GDERKNQSTAVLIFYWHMCP>
#	G	D	E	R	K	N	Q	S	T	A	V	L	I	F	Y	W	H	M	C	P
0	0.14417	0.06013	0.21014	0.01485	0.11169	0.03236	0.01286	0.03560	0.08203	0.13814	0.01510	0.01919	0.01207	0.00693	0.00541	0.00184	0.00622	0.07914	0.00408	0.00802
1	0.06773	0.01447	0.14084	0.01180	0.03053	0.03147	0.01054	0.04516	0.26260	0.16038	0.05611	0.01947	0.04104	0.00710	0.00552	0.00175	0.00533	0.00574	0.00500	0.07745
2	0.01669	0.01123	0.04056	0.01111	0.01523	0.00994	0.05700	0.14372	0.03252	0.22953	0.02102	0.06217	0.06841	0.00815	0.00584	0.00170	0.00523	0.07351	0.00522	0.18124
3	0.01429	0.01206	0.05813	0.07578	0.01747	0.01145	0.06684	0.22438	0.05399	0.06578	0.09674	0.06853	0.08617	0.00892	0.00616	0.00185	0.00557	0.06284	0.00495	0.05809
4	0.04123	0.00978	0.01550	0.62639	0.03352	0.01189	0.01398	0.04361	0.01194	0.01589	0.01294	0.11406	0.01150	0.00730	0.00584	0.00195	0.00691	0.00643	0.00306	0.00627
5	0.11370	0.00651	0.00774	0.00724	0.00886	0.00634	0.00550	0.01156	0.01537	0.02328	0.66471	0.03848	0.04790	0.01088	0.00634	0.00180	0.00292	0.00942	0.00595	0.00550
6	0.01292	0.01949	0.24478	0.02187	0.02842	0.01413	0.53557	0.01826	0.01309	0.01826	0.01120	0.01447	0.00827	0.00500	0.00637	0.00190	0.00930	0.00603	0.00276	0.00793
7	0.01675	0.01110	0.01302	0.03900	0.04457	0.03200	0.00891	0.20985	0.10417	0.18624	0.03876	0.18363	0.04713	0.00956	0.00608	0.00187	0.00506	0.00808	0.00558	0.02863
8	0.00759	0.00836	0.10344	0.00849	0.01029	0.00585	0.00712	0.00955	0.01200	0.01596	0.09818	0.47073	0.19096	0.01505	0.00690	0.00213	0.00383	0.01331	0.00503	0.00523
9	0.02015	0.01019	0.01262	0.01013	0.01381	0.00982	0.00819	0.16477	0.05899	0.41214	0.12772	0.05436	0.05396	0.00850	0.00600	0.00180	0.00467	0.00703	0.00648	0.00865
10	0.01291	0.05955	0.31281	0.04779	0.23786	0.01411	0.19740	0.01784	0.01266	0.01799	0.01061	0.01346	0.00814	0.00517	0.00575	0.00178	0.00813	0.00507	0.00266	0.00832

[dist]
# distance from previous block
# <min> <max>
2	4

[block]
# block no. 1 follows, 41 sequences, length 12
# corresponding to MSA columns:
# 79-90
name=unknown_B
#
# <colnr> <probs for GDERKNQSTAVLIFYWHMCP>
#	G	D	E	R	K	N	Q	S	T	A	V	L	I	F	Y	W	H	M	C	P
0	0.09828	0.16156	0.01670	0.01081	0.01485	0.02760	0.02186	0.24029	0.06040	0.10314	0.03308	0.04158	0.02953	0.00724	0.00523	0.00165	0.00548	0.04210	0.00472	0.07390
1	0.01543	0.01566	0.10400	0.09107	0.05764	0.03615	0.13231	0.26277	0.03363	0.02338	0.03881	0.03660	0.01156	0.02404	0.01960	0.00206	0.07748	0.00584	0.00399	0.00799
2	0.00851	0.00694	0.00904	0.00860	0.00959	0.00746	0.00656	0.01043	0.01333	0.01850	0.37447	0.17819	0.15173	0.01296	0.00912	0.00205	0.15122	0.01070	0.00524	0.00533
3	0.01229	0.01081	0.01401	0.01350	0.15512	0.00875	0.00881	0.01500	0.01208	0.01865	0.01028	0.01229	0.00858	0.00440	0.00451	0.00101	0.00472	0.00371	0.00328	0.67819
4	0.01876	0.01449	0.05807	0.03246	0.01732	0.01380	0.01029	0.42305	0.02072	0.10620	0.01345	0.01380	0.00967	0.00611	0.00533	0.00151	0.00578	0.00471	0.00500	0.21949
5	0.16869	0.01464	0.10807	0.05644	0.02271	0.01289	0.35259	0.01699	0.01212	0.01962	0.01115	0.01420	0.00852	0.00540	0.00606	0.00181	0.03903	0.00534	0.08442	0.03931
6	0.00822	0.00594	0.00826	0.00826	0.00896	0.00664	0.00599	0.00962	0.00892	0.01259	0.01617	0.02719	0.01635	0.28146	0.54056	0.00804	0.01224	0.00682	0.00319	0.00459
7	0.00707	0.00565	0.00633	0.00649	0.00800	0.00491	0.00474	0.00869	0.01329	0.01683	0.19687	0.19229	0.47957	0.01456	0.00686	0.00198	0.00294	0.01251	0.00551	0.00491
8	0.01200	0.01294	0.02700	0.09597	0.02675	0.01244	0.53181	0.01600	0.01282	0.01725	0.01520	0.16266	0.01408	0.00738	0.00675	0.00200	0.00825	0.00838	0.00331	0.00700
9	0.01399	0.01115	0.01292	0.00964	0.01423	0.00982	0.00776	0.15235	0.01469	0.04474	0.01195	0.04297	0.00999	0.00557	0.00523	0.00116	0.03439	0.00436	0.00398	0.58911
10	0.01214	0.01225	0.08646	0.01011	0.01461	0.00972	0.00876	0.03742	0.15207	0.01958	0.01453	0.08171	0.01260	0.00644	0.00536	0.00135	0.02605	0.00526	0.00396	0.47962
11	0.01471	0.09803	0.28355	0.01471	0.03328	0.04386	0.07506	0.17611	0.01525	0.02136	0.01143	0.01335	0.00871	0.00619	0.00650	0.00174	0.07872	0.00470	0.08474	0.00799

[dist]
# distance from previous block
# <min> <max>
1	5

[block]
# block no. 2 follows, 41 sequences, length 6
# corresponding to MSA columns:
# 96-101
name=unknown_C
#
# <colnr> <probs for GDERKNQSTAVLIFYWHMCP>
#	G	D	E	R	K	N	Q	S	T	A	V	L	I	F	Y	W	H	M	C	P
0	0.01141	0.11828	0.01890	0.67942	0.03602	0.01406	0.01505	0.01496	0.01146	0.01446	0.00986	0.01442	0.00759	0.00561	0.00544	0.00181	0.00742	0.00481	0.00253	0.00649
1	0.01226	0.00949	0.01119	0.00860	0.01281	0.00761	0.00675	0.04842	0.01278	0.06507	0.01636	0.12144	0.04981	0.00691	0.00494	0.00120	0.00418	0.00580	0.00408	0.59030
2	0.14018	0.09938	0.01589	0.01152	0.01468	0.08654	0.11739	0.04842	0.04683	0.04345	0.05734	0.06259	0.14740	0.03626	0.00707	0.00194	0.04557	0.00695	0.00407	0.00654
3	0.01245	0.01034	0.01249	0.11978	0.04525	0.03558	0.00892	0.14769	0.01439	0.01962	0.05000	0.11182	0.07665	0.08614	0.00889	0.00210	0.05817	0.00720	0.03324	0.13928
4	0.01448	0.01373	0.07292	0.01450	0.08839	0.03688	0.01128	0.17453	0.04377	0.03965	0.05292	0.03643	0.05056	0.00847	0.00957	0.02778	0.20778	0.00578	0.00398	0.08661
5	0.06448	0.01208	0.01284	0.06469	0.04683	0.10105	0.00922	0.11869	0.10157	0.01982	0.05438	0.08265	0.03813	0.03336	0.12575	0.00304	0.05388	0.00652	0.00414	0.04687

[dist]
# distance from previous block
# <min> <max>
0	11

[block]
# block no. 3 follows, 41 sequences, length 12
# corresponding to MSA columns:
# 113-124
name=unknown_D
#
# <colnr> <probs for GDERKNQSTAVLIFYWHMCP>
#	G	D	E	R	K	N	Q	S	T	A	V	L	I	F	Y	W	H	M	C	P
0	0.05866	0.10540	0.06345	0.01232	0.04740	0.07239	0.02730	0.19519	0.08263	0.10173	0.03126	0.01690	0.01216	0.07466	0.00726	0.00196	0.00604	0.00518	0.03737	0.04072
1	0.04119	0.07539	0.03474	0.01209	0.01599	0.09243	0.09236	0.14582	0.03689	0.14106	0.10413	0.01805	0.01550	0.00678	0.00568	0.00163	0.02015	0.00557	0.06442	0.07013
2	0.06841	0.03325	0.05485	0.03066	0.08587	0.04187	0.00997	0.12736	0.04474	0.13980	0.05194	0.09392	0.08639	0.00876	0.00664	0.00185	0.05631	0.02209	0.00474	0.03058
3	0.05126	0.04876	0.03340	0.04003	0.04703	0.11561	0.01010	0.24081	0.10915	0.08040	0.01622	0.05819	0.03427	0.02940	0.00646	0.00183	0.02289	0.00577	0.00466	0.04377
4	0.00762	0.00598	0.00680	0.00655	0.00820	0.00522	0.00478	0.00935	0.01338	0.01749	0.26778	0.09119	0.38713	0.08731	0.00876	0.00219	0.00318	0.01095	0.00534	0.05081
5	0.01186	0.01017	0.01186	0.00847	0.01356	0.00762	0.00678	0.01440	0.01186	0.01864	0.01017	0.01186	0.00847	0.00424	0.00424	0.00085	0.00424	0.00339	0.00339	0.83395
6	0.01060	0.00809	0.03910	0.00857	0.01064	0.00732	0.00688	0.05710	0.07979	0.06860	0.37256	0.13843	0.08251	0.01149	0.00650	0.00190	0.00364	0.03930	0.04077	0.00622
7	0.00714	0.00575	0.00636	0.00632	0.00799	0.00497	0.00470	0.00890	0.01376	0.01745	0.24890	0.10122	0.51857	0.01395	0.00679	0.00192	0.00287	0.01188	0.00558	0.00497
8	0.01625	0.64326	0.02709	0.01057	0.01518	0.09873	0.00995	0.06151	0.04437	0.01530	0.00904	0.01008	0.00791	0.00523	0.00403	0.00131	0.00649	0.00339	0.00284	0.00748
9	0.00701	0.00504	0.00658	0.00778	0.00818	0.00469	0.00518	0.00799	0.01096	0.01451	0.03242	0.72474	0.07650	0.04890	0.00814	0.00243	0.00338	0.01572	0.00524	0.00461
10	0.07158	0.08475	0.01487	0.01062	0.01404	0.01450	0.00854	0.42241	0.01947	0.05058	0.01420	0.01870	0.01202	0.18300	0.01055	0.00252	0.00584	0.00555	0.02849	0.00776
11	0.23627	0.05788	0.01381	0.01110	0.03338	0.11178	0.00865	0.19039	0.04002	0.04040	0.01202	0.04413	0.01012	0.04347	0.00629	0.00180	0.02664	0.00474	0.00408	0.10304

[dist]
# distance from previous block
# <min> <max>
2	11

[block]
# block no. 4 follows, 41 sequences, length 24
# corresponding to MSA columns:
# 136-159
name=unknown_E
#
# <colnr> <probs for GDERKNQSTAVLIFYWHMCP>
#	G	D	E	R	K	N	Q	S	T	A	V	L	I	F	Y	W	H	M	C	P
0	0.01245	0.00787	0.00973	0.00867	0.01107	0.00734	0.00660	0.06374	0.06173	0.14567	0.24392	0.22146	0.05837	0.01115	0.00630	0.00182	0.00376	0.00972	0.00574	0.10289
1	0.03284	0.06194	0.01363	0.28704	0.03342	0.01061	0.01027	0.03957	0.03726	0.05924	0.11141	0.16348	0.05435	0.00937	0.00637	0.00191	0.03006	0.00801	0.02288	0.00633
2	0.01416	0.10657	0.23512	0.10006	0.04661	0.01292	0.01338	0.04563	0.03111	0.10949	0.01176	0.01374	0.00892	0.00684	0.00723	0.05750	0.05987	0.00450	0.00337	0.11122
3	0.01885	0.01616	0.17046	0.06742	0.05346	0.04344	0.08738	0.11209	0.01573	0.30340	0.01534	0.01568	0.01044	0.00637	0.00626	0.00181	0.03698	0.00528	0.00469	0.00875
4	0.00711	0.00559	0.00644	0.00683	0.00819	0.00493	0.00499	0.00864	0.01285	0.01627	0.14248	0.27285	0.42070	0.01519	0.00697	0.00206	0.00310	0.04451	0.00544	0.00487
5	0.32980	0.06446	0.01549	0.25616	0.05500	0.01374	0.04430	0.05844	0.01204	0.06206	0.01007	0.01258	0.00765	0.00572	0.00521	0.00180	0.03087	0.00430	0.00338	0.00692
6	0.01457	0.05527	0.12128	0.26590	0.08504	0.03810	0.13424	0.07944	0.01383	0.08966	0.01169	0.01447	0.00863	0.00584	0.00623	0.00183	0.03776	0.00516	0.00332	0.00773
7	0.02351	0.01041	0.05127	0.01036	0.01469	0.00846	0.00888	0.02589	0.01565	0.66933	0.02199	0.04914	0.01473	0.00888	0.03731	0.00210	0.00542	0.00610	0.00661	0.00928
8	0.01123	0.00587	0.00593	0.00573	0.00723	0.00596	0.00435	0.05047	0.01275	0.02207	0.01841	0.02094	0.01441	0.00667	0.00409	0.00135	0.00285	0.00532	0.78881	0.00555
9	0.05755	0.01147	0.01701	0.25859	0.15755	0.01234	0.04602	0.11086	0.04151	0.15386	0.01481	0.06789	0.01168	0.00683	0.00576	0.00184	0.00634	0.00599	0.00418	0.00791
10	0.01322	0.21748	0.44640	0.01569	0.04530	0.05819	0.06579	0.01798	0.01220	0.01662	0.00962	0.01157	0.00744	0.00543	0.00555	0.00168	0.03524	0.00413	0.00250	0.00797
11	0.00980	0.00497	0.00741	0.00748	0.00749	0.00495	0.00498	0.00748	0.00761	0.01015	0.01092	0.05300	0.01121	0.01978	0.02167	0.79553	0.00489	0.00548	0.00261	0.00258
12	0.83938	0.01106	0.00841	0.00752	0.01106	0.01283	0.00619	0.01681	0.00973	0.02566	0.00796	0.00929	0.00619	0.00531	0.00354	0.00177	0.00442	0.00310	0.00354	0.00619
13	0.02439	0.00969	0.01299	0.01005	0.01424	0.00855	0.00823	0.05188	0.01644	0.69281	0.04313	0.02058	0.01538	0.03599	0.00663	0.00191	0.00488	0.00596	0.00688	0.00938
14	0.00832	0.00555	0.00624	0.00624	0.00624	0.00555	0.00347	0.00832	0.00832	0.01109	0.01802	0.03743	0.02080	0.79898	0.02911	0.00555	0.00555	0.00832	0.00347	0.00347
15	0.01265	0.01309	0.02159	0.06901	0.02041	0.01643	0.19710	0.01497	0.01014	0.01497	0.00871	0.01343	0.00781	0.00841	0.01486	0.00232	0.53941	0.00545	0.00260	0.00663
16	0.00792	0.00581	0.00742	0.00708	0.00845	0.00532	0.00529	0.01044	0.01570	0.02191	0.66540	0.06777	0.12579	0.01218	0.00677	0.00183	0.00274	0.01071	0.00616	0.00532
17	0.00932	0.00771	0.00873	0.03971	0.01120	0.00784	0.00641	0.01517	0.21339	0.01976	0.24182	0.06672	0.30694	0.01165	0.00648	0.00191	0.00349	0.00994	0.00561	0.00618
18	0.09083	0.05858	0.01615	0.01387	0.01699	0.65974	0.01058	0.04033	0.01573	0.01553	0.00885	0.01027	0.00733	0.00583	0.00497	0.00149	0.00953	0.00364	0.00305	0.00670
19	0.01251	0.01251	0.01752	0.01502	0.01502	0.01752	0.01251	0.01377	0.00876	0.01377	0.00751	0.01251	0.00751	0.01001	0.01877	0.00250	0.78851	0.00501	0.00250	0.00626
20	0.73414	0.03651	0.01020	0.04863	0.04580	0.01317	0.00731	0.01674	0.01003	0.02440	0.00820	0.00981	0.00643	0.00531	0.00375	0.00176	0.00475	0.00329	0.00342	0.00637
21	0.00846	0.00597	0.00753	0.00706	0.00861	0.00540	0.00532	0.01093	0.01568	0.04630	0.62038	0.04398	0.16895	0.01200	0.00672	0.00182	0.00280	0.01048	0.00616	0.00545
22	0.01297	0.01086	0.01280	0.05412	0.01555	0.00912	0.00779	0.10073	0.01361	0.02046	0.01059	0.01228	0.00857	0.00463	0.00450	0.00101	0.00468	0.00370	0.00362	0.68842
23	0.04229	0.00865	0.01096	0.02733	0.03875	0.00838	0.03715	0.05293	0.09275	0.09687	0.15191	0.10507	0.18825	0.02445	0.00662	0.00191	0.00424	0.02925	0.00525	0.06700

[dist]
# distance from previous block
# <min> <max>
0	3

[block]
# block no. 5 follows, 41 sequences, length 12
# corresponding to MSA columns:
# 163-174
name=unknown_F
#
# <colnr> <probs for GDERKNQSTAVLIFYWHMCP>
#	G	D	E	R	K	N	Q	S	T	A	V	L	I	F	Y	W	H	M	C	P
0	0.04671	0.50921	0.07112	0.01120	0.01557	0.08559	0.01066	0.04353	0.06716	0.01584	0.00947	0.01078	0.00814	0.00572	0.00533	0.00147	0.06850	0.00367	0.00290	0.00743
1	0.06359	0.25120	0.12058	0.13380	0.02088	0.01505	0.06949	0.01939	0.01273	0.19536	0.01237	0.01359	0.00905	0.00581	0.00549	0.00167	0.03393	0.00454	0.00366	0.00783
2	0.00887	0.00626	0.00806	0.00863	0.01014	0.00587	0.00708	0.01105	0.01348	0.04587	0.13908	0.12255	0.21850	0.01475	0.00732	0.00228	0.00412	0.35530	0.00549	0.00529
3	0.01144	0.01082	0.01832	0.64175	0.17786	0.01288	0.01620	0.01518	0.01174	0.01539	0.01028	0.01504	0.00790	0.00560	0.00571	0.00187	0.00747	0.00509	0.00260	0.00687
4	0.07608	0.01415	0.06205	0.30138	0.04381	0.09645	0.01275	0.09651	0.06615	0.13640	0.01305	0.01491	0.00944	0.00626	0.00582	0.00181	0.02646	0.00494	0.00393	0.00764
5	0.01560	0.00869	0.01052	0.00911	0.01179	0.03406	0.00716	0.04847	0.05539	0.28741	0.29049	0.09065	0.06271	0.01018	0.00633	0.00186	0.00412	0.03193	0.00626	0.00727
6	0.66462	0.01039	0.00874	0.00766	0.01111	0.01161	0.00627	0.01787	0.01076	0.11719	0.01073	0.01163	0.00794	0.00565	0.00385	0.00173	0.00432	0.00363	0.07775	0.00656
7	0.01023	0.00919	0.05440	0.20211	0.01814	0.00895	0.00950	0.10935	0.01316	0.01753	0.02196	0.41521	0.02398	0.04995	0.00763	0.00226	0.00519	0.01092	0.00442	0.00592
8	0.07946	0.01349	0.01470	0.04570	0.01675	0.03187	0.00973	0.39321	0.08858	0.17626	0.01821	0.01760	0.05401	0.00724	0.00563	0.00177	0.00567	0.00560	0.00561	0.00891
9	0.00831	0.00559	0.00646	0.00646	0.00653	0.00566	0.00374	0.00846	0.00838	0.01125	0.01782	0.03632	0.02031	0.74301	0.08443	0.00582	0.00627	0.00816	0.00344	0.00359
10	0.00832	0.00555	0.00624	0.00624	0.00624	0.00555	0.00347	0.00832	0.00832	0.01109	0.01802	0.03743	0.02080	0.79898	0.02911	0.00555	0.00555	0.00832	0.00347	0.00347
11	0.04624	0.01891	0.19689	0.20281	0.06408	0.14562	0.06201	0.07239	0.04185	0.04448	0.01108	0.01351	0.00833	0.00597	0.00612	0.00180	0.04239	0.00475	0.00317	0.00759

[dist]
# distance from previous block
# <min> <max>
0	1

[block]
# block no. 6 follows, 41 sequences, length 13
# corresponding to MSA columns:
# 176-188
name=unknown_G
#
# <colnr> <probs for GDERKNQSTAVLIFYWHMCP>
#	G	D	E	R	K	N	Q	S	T	A	V	L	I	F	Y	W	H	M	C	P
0	0.01370	0.00851	0.01062	0.09278	0.03879	0.00897	0.00774	0.10965	0.06204	0.11243	0.03508	0.07945	0.01603	0.05476	0.03620	0.03142	0.00497	0.00653	0.26367	0.00665
1	0.01324	0.05683	0.05187	0.00964	0.01472	0.01025	0.00825	0.09406	0.05845	0.02051	0.01122	0.01250	0.00903	0.00483	0.00452	0.00108	0.00479	0.00379	0.00368	0.60674
2	0.00890	0.00649	0.00863	0.00953	0.01077	0.00646	0.00783	0.01185	0.05073	0.01742	0.10865	0.16639	0.05893	0.04628	0.00839	0.00256	0.00460	0.45496	0.00534	0.00530
3	0.03070	0.06112	0.33698	0.01418	0.03629	0.01364	0.04834	0.16616	0.05189	0.06573	0.01278	0.01389	0.00930	0.00588	0.00530	0.00168	0.00681	0.00469	0.05772	0.05693
4	0.01289	0.24097	0.39577	0.01430	0.02062	0.01552	0.07828	0.01773	0.02788	0.03359	0.05885	0.01391	0.01080	0.00586	0.00555	0.00168	0.03044	0.00462	0.00289	0.00786
5	0.01390	0.01333	0.02275	0.09292	0.70751	0.01352	0.01743	0.01733	0.01290	0.01837	0.01071	0.01424	0.00895	0.00514	0.00567	0.00171	0.00686	0.00510	0.00281	0.00885
6	0.00866	0.00632	0.00826	0.00947	0.03579	0.00621	0.00645	0.06544	0.01232	0.01645	0.02854	0.59270	0.03320	0.06070	0.00842	0.00247	0.00399	0.08428	0.00515	0.00519
7	0.01355	0.01280	0.04739	0.31290	0.27630	0.01311	0.10226	0.05972	0.01338	0.05038	0.01155	0.01508	0.00884	0.00555	0.00576	0.00180	0.00726	0.00530	0.02926	0.00781
8	0.00820	0.00601	0.00857	0.00857	0.00938	0.00681	0.00638	0.00982	0.00901	0.01282	0.01589	0.02561	0.01566	0.20165	0.61943	0.00843	0.01327	0.00659	0.00315	0.00476
9	0.12890	0.01126	0.01362	0.01182	0.06278	0.01122	0.00889	0.18669	0.01705	0.39782	0.01754	0.01788	0.01230	0.06770	0.00725	0.00204	0.00531	0.00542	0.00576	0.00874
10	0.01090	0.00579	0.00583	0.00574	0.00720	0.00591	0.00433	0.01444	0.06038	0.02149	0.01896	0.02133	0.01484	0.00674	0.00412	0.00137	0.00279	0.00541	0.77687	0.00557
11	0.01530	0.58069	0.02590	0.01035	0.01518	0.05842	0.02815	0.04967	0.01263	0.01545	0.00870	0.01003	0.00766	0.00493	0.00401	0.00122	0.00613	0.00333	0.00278	0.13947
12	0.01422	0.06342	0.01475	0.03151	0.01563	0.03849	0.02432	0.13098	0.08969	0.02129	0.01190	0.01306	0.00945	0.00516	0.00472	0.00119	0.00514	0.00409	0.00389	0.49709

[dist]
# distance from previous block
# <min> <max>
0	3

[block]
# block no. 7 follows, 41 sequences, length 13
# corresponding to MSA columns:
# 192-204
name=unknown_H
#
# <colnr> <probs for GDERKNQSTAVLIFYWHMCP>
#	G	D	E	R	K	N	Q	S	T	A	V	L	I	F	Y	W	H	M	C	P
0	0.01843	0.00906	0.01160	0.00961	0.01292	0.00825	0.00770	0.05746	0.03715	0.39501	0.02115	0.02776	0.01717	0.13446	0.00962	0.00240	0.00503	0.10965	0.00572	0.09988
1	0.02566	0.00973	0.01327	0.01018	0.01460	0.00841	0.00841	0.02788	0.01637	0.76726	0.02257	0.01947	0.01416	0.00708	0.00575	0.00177	0.00487	0.00575	0.00708	0.00973
2	0.02197	0.01417	0.01584	0.01231	0.01672	0.01518	0.01011	0.50611	0.09253	0.20957	0.01674	0.01582	0.01151	0.00700	0.00574	0.00175	0.00579	0.00542	0.00606	0.00967
3	0.01161	0.02866	0.72095	0.01682	0.02509	0.01336	0.06860	0.01813	0.01217	0.01813	0.01035	0.01230	0.00734	0.00539	0.00552	0.00182	0.00853	0.00439	0.00245	0.00840
4	0.83938	0.01106	0.00841	0.00752	0.01106	0.01283	0.00619	0.01681	0.00973	0.02566	0.00796	0.00929	0.00619	0.00531	0.00354	0.00177	0.00442	0.00310	0.00354	0.00619
5	0.00819	0.00604	0.00877	0.00877	0.00964	0.00692	0.00662	0.00994	0.00907	0.01296	0.01571	0.02463	0.01524	0.15200	0.66849	0.00867	0.01391	0.00644	0.00312	0.00487
6	0.72197	0.01087	0.00911	0.00791	0.01157	0.01219	0.00651	0.01841	0.01069	0.13267	0.01007	0.01076	0.00734	0.00557	0.00386	0.00177	0.00449	0.00348	0.00405	0.00671
7	0.02121	0.01741	0.01676	0.01329	0.01755	0.12693	0.01078	0.59484	0.07142	0.03210	0.01363	0.01372	0.00988	0.00678	0.00565	0.00170	0.00676	0.00502	0.00533	0.00924
8	0.01126	0.01070	0.01847	0.55350	0.15888	0.01238	0.06150	0.01486	0.01180	0.01554	0.01191	0.07193	0.01014	0.00645	0.00589	0.00190	0.00730	0.00601	0.00281	0.00677
9	0.00907	0.00648	0.00905	0.01037	0.01162	0.00646	0.00896	0.01160	0.01302	0.01695	0.03037	0.11251	0.03324	0.01594	0.00786	0.00261	0.00514	0.67827	0.00527	0.00523
10	0.00705	0.00504	0.00671	0.00791	0.00831	0.00470	0.00532	0.00817	0.01133	0.01521	0.08464	0.74040	0.03901	0.01747	0.00726	0.00228	0.00327	0.01583	0.00538	0.00470
11	0.01411	0.00983	0.06147	0.01011	0.01305	0.00851	0.03287	0.04069	0.12152	0.21302	0.22700	0.17327	0.02938	0.01033	0.00634	0.00191	0.00437	0.00904	0.00585	0.00731
12	0.07447	0.08039	0.04302	0.12740	0.13182	0.17825	0.02693	0.11026	0.05114	0.08580	0.01235	0.03168	0.00970	0.00619	0.00533	0.00169	0.00714	0.00488	0.00376	0.00780

[dist]
# distance from previous block
# <min> <max>
1	9

[block]
# block no. 8 follows, 41 sequences, length 27
# corresponding to MSA columns:
# 214-240
name=unknown_I
#
# <colnr> <probs for GDERKNQSTAVLIFYWHMCP>
#	G	D	E	R	K	N	Q	S	T	A	V	L	I	F	Y	W	H	M	C	P
0	0.03262	0.57497	0.12250	0.01072	0.01584	0.03568	0.01100	0.03382	0.03343	0.04964	0.00976	0.01078	0.00813	0.00526	0.00413	0.00137	0.00629	0.00354	0.02290	0.00761
1	0.10284	0.01198	0.01518	0.01225	0.01585	0.01278	0.10778	0.18808	0.21312	0.06779	0.16937	0.02179	0.02061	0.00767	0.00587	0.00183	0.00526	0.00660	0.00533	0.00801
2	0.00804	0.00584	0.00758	0.00714	0.00851	0.00538	0.00536	0.01070	0.01607	0.02265	0.73369	0.04319	0.08074	0.01180	0.00675	0.00180	0.00271	0.01041	0.00626	0.00538
3	0.00799	0.00574	0.00736	0.00832	0.00895	0.00555	0.00569	0.05879	0.01205	0.01608	0.03030	0.74130	0.03589	0.01716	0.00719	0.00228	0.00352	0.01549	0.00534	0.00500
4	0.01529	0.80242	0.02997	0.00979	0.01468	0.02263	0.00979	0.01713	0.01162	0.01346	0.00795	0.00918	0.00734	0.00489	0.00367	0.00122	0.00612	0.00306	0.00245	0.00734
5	0.00994	0.00497	0.00745	0.00745	0.00745	0.00497	0.00497	0.00745	0.00745	0.00994	0.00994	0.01739	0.00994	0.01987	0.02235	0.83358	0.00497	0.00497	0.00248	0.00248
6	0.01080	0.01017	0.01716	0.78523	0.03940	0.01271	0.01589	0.01461	0.01144	0.01461	0.01017	0.01525	0.00762	0.00572	0.00572	0.00191	0.00762	0.00508	0.00254	0.00635
7	0.01529	0.80242	0.02997	0.00979	0.01468	0.02263	0.00979	0.01713	0.01162	0.01346	0.00795	0.00918	0.00734	0.00489	0.00367	0.00122	0.00612	0.00306	0.00245	0.00734
8	0.00818	0.00611	0.00909	0.00909	0.01008	0.00710	0.00703	0.01015	0.00916	0.01321	0.01541	0.02297	0.01452	0.06815	0.75136	0.00907	0.01499	0.00620	0.00308	0.00505
9	0.00820	0.00549	0.00627	0.00639	0.00642	0.00546	0.00363	0.00829	0.00855	0.01141	0.01924	0.10561	0.02233	0.72872	0.02715	0.00526	0.00535	0.00903	0.00363	0.00357
10	0.01584	0.73269	0.02873	0.01023	0.01495	0.09041	0.00990	0.01764	0.01203	0.01351	0.00803	0.00928	0.00734	0.00498	0.00380	0.00125	0.00649	0.00311	0.00249	0.00728
11	0.01251	0.01251	0.01752	0.01502	0.01502	0.01752	0.01251	0.01377	0.00876	0.01377	0.00751	0.01251	0.00751	0.01001	0.01877	0.00250	0.78851	0.00501	0.00250	0.00626
12	0.01251	0.01251	0.01752	0.01502	0.01502	0.01752	0.01251	0.01377	0.00876	0.01377	0.00751	0.01251	0.00751	0.01001	0.01877	0.00250	0.78851	0.00501	0.00250	0.00626
13	0.01579	0.01209	0.01310	0.01151	0.01492	0.01364	0.00903	0.05061	0.64562	0.11155	0.02292	0.02090	0.01685	0.00765	0.00581	0.00191	0.00462	0.00635	0.00597	0.00915
14	0.00776	0.00580	0.00763	0.00839	0.00867	0.00601	0.00577	0.00866	0.01039	0.01402	0.02711	0.57894	0.03216	0.14554	0.01194	0.00288	0.07438	0.03462	0.00475	0.00462
15	0.01186	0.01017	0.01186	0.00847	0.01356	0.00762	0.00678	0.01440	0.01186	0.01864	0.01017	0.01186	0.00847	0.00424	0.00424	0.00085	0.00424	0.00339	0.00339	0.83395
16	0.00818	0.02686	0.12999	0.00926	0.01140	0.00669	0.00815	0.01038	0.01180	0.01591	0.06546	0.46593	0.11082	0.01448	0.00680	0.00214	0.00429	0.06190	0.00478	0.02478
17	0.01979	0.01425	0.01568	0.02991	0.01678	0.01572	0.01010	0.58189	0.06638	0.05276	0.01422	0.01526	0.01054	0.02679	0.00778	0.07666	0.00604	0.00530	0.00535	0.00881
18	0.01080	0.01017	0.01716	0.78523	0.03940	0.01271	0.01589	0.01461	0.01144	0.01461	0.01017	0.01525	0.00762	0.00572	0.00572	0.00191	0.00762	0.00508	0.00254	0.00635
19	0.01080	0.01017	0.01716	0.78523	0.03940	0.01271	0.01589	0.01461	0.01144	0.01461	0.01017	0.01525	0.00762	0.00572	0.00572	0.00191	0.00762	0.00508	0.00254	0.00635
20	0.01883	0.25490	0.02080	0.01469	0.06819	0.47976	0.01117	0.02054	0.01443	0.01416	0.00867	0.01030	0.00748	0.00566	0.00513	0.00144	0.03045	0.00363	0.00278	0.00700
21	0.01249	0.01040	0.01205	0.00881	0.01359	0.00838	0.00705	0.07981	0.01351	0.02050	0.06226	0.01416	0.01173	0.00499	0.00454	0.00099	0.00432	0.00403	0.00380	0.70261
22	0.02027	0.05202	0.06881	0.01281	0.01746	0.03351	0.01110	0.49705	0.10482	0.10146	0.01502	0.01473	0.01068	0.00678	0.00561	0.00173	0.00619	0.00516	0.00542	0.00939
23	0.01345	0.01378	0.01747	0.45099	0.06490	0.15103	0.03416	0.01638	0.01210	0.03084	0.01006	0.01448	0.00807	0.02262	0.00792	0.00197	0.11550	0.00495	0.00275	0.00657
24	0.00994	0.00497	0.00745	0.00745	0.00745	0.00497	0.00497	0.00745	0.00745	0.00994	0.00994	0.01739	0.00994	0.01987	0.02235	0.83358	0.00497	0.00497	0.00248	0.00248
25	0.01186	0.01017	0.01186	0.00847	0.01356	0.00762	0.00678	0.01440	0.01186	0.01864	0.01017	0.01186	0.00847	0.00424	0.00424	0.00085	0.00424	0.00339	0.00339	0.83395
26	0.03080	0.29737	0.12031	0.01224	0.01564	0.03583	0.01167	0.05623	0.01178	0.01587	0.01229	0.04325	0.05293	0.00776	0.00908	0.00183	0.25020	0.00498	0.00295	0.00699

[dist]
# distance from previous block
# <min> <max>
0	4

[block]
# block no. 9 follows, 41 sequences, length 39
# corresponding to MSA columns:
# 245-283
name=unknown_J
#
# <colnr> <probs for GDERKNQSTAVLIFYWHMCP>
#	G	D	E	R	K	N	Q	S	T	A	V	L	I	F	Y	W	H	M	C	P
0	0.11951	0.26127	0.08631	0.01184	0.01597	0.24418	0.01060	0.10048	0.01440	0.01826	0.00959	0.01134	0.00797	0.02387	0.00535	0.00160	0.02121	0.00381	0.02526	0.00719
1	0.00817	0.00613	0.00919	0.00919	0.01021	0.00715	0.00715	0.01021	0.00919	0.01328	0.01532	0.02247	0.01430	0.04290	0.77631	0.00919	0.01532	0.00613	0.00306	0.00511
2	0.04496	0.01036	0.01680	0.73281	0.03766	0.01285	0.01536	0.03420	0.01178	0.01564	0.01017	0.01497	0.00762	0.00573	0.00563	0.00190	0.00746	0.00500	0.00267	0.00644
3	0.03127	0.23352	0.21621	0.05055	0.14558	0.03189	0.15290	0.01757	0.01228	0.01676	0.00979	0.01231	0.00785	0.00529	0.00565	0.00167	0.03387	0.00456	0.00263	0.00786
4	0.00887	0.00679	0.00827	0.00797	0.00958	0.00669	0.00604	0.01335	0.12759	0.02137	0.48160	0.10241	0.11595	0.01209	0.00671	0.00192	0.00318	0.04778	0.00599	0.00583
5	0.00799	0.00588	0.00753	0.00751	0.00887	0.00543	0.00577	0.01038	0.01497	0.02050	0.50925	0.09839	0.15055	0.01308	0.00695	0.00197	0.00313	0.11065	0.00595	0.00525
6	0.12140	0.01147	0.09021	0.00987	0.01365	0.00968	0.00875	0.07068	0.07020	0.27866	0.16038	0.04357	0.03759	0.00804	0.00562	0.00179	0.00467	0.00655	0.03939	0.00784
7	0.01303	0.07148	0.44315	0.06167	0.13020	0.03373	0.05528	0.01811	0.01260	0.05486	0.01175	0.01527	0.00913	0.00591	0.00556	0.00180	0.00781	0.03759	0.00289	0.00818
8	0.00817	0.00613	0.00919	0.00919	0.01021	0.00715	0.00715	0.01021	0.00919	0.01328	0.01532	0.02247	0.01430	0.04290	0.77631	0.00919	0.01532	0.00613	0.00306	0.00511
9	0.09019	0.01532	0.01626	0.01255	0.01704	0.01690	0.01037	0.65061	0.02498	0.06874	0.01366	0.01363	0.00964	0.00675	0.00554	0.00172	0.00607	0.00501	0.00560	0.00943
10	0.01693	0.56284	0.06079	0.01115	0.01577	0.17888	0.01051	0.01893	0.01285	0.05323	0.00901	0.01009	0.00770	0.00524	0.00417	0.00133	0.00704	0.00338	0.00279	0.00737
11	0.01480	0.01920	0.20660	0.06503	0.05280	0.10933	0.14524	0.12730	0.01460	0.01968	0.01087	0.01350	0.00839	0.00632	0.00757	0.00185	0.12115	0.00501	0.04307	0.00771
12	0.00912	0.00666	0.00899	0.01003	0.01145	0.00662	0.00864	0.01209	0.03633	0.01751	0.07040	0.06130	0.08979	0.01523	0.00769	0.00251	0.00493	0.61000	0.00534	0.00536
13	0.04060	0.01283	0.02000	0.02818	0.55122	0.03137	0.01500	0.04023	0.01350	0.07678	0.01355	0.05745	0.01191	0.00659	0.00605	0.00179	0.02225	0.03867	0.00351	0.00852
14	0.06385	0.05665	0.06708	0.01326	0.11252	0.02579	0.00978	0.08917	0.01477	0.17421	0.10469	0.12969	0.04152	0.03061	0.00654	0.00195	0.00519	0.04038	0.00493	0.00743
15	0.00697	0.00498	0.00664	0.00796	0.00830	0.00465	0.00531	0.00796	0.01095	0.01460	0.03153	0.79525	0.03783	0.01792	0.00730	0.00232	0.00332	0.01626	0.00531	0.00465
16	0.02425	0.00998	0.01313	0.01015	0.01438	0.00899	0.00836	0.08754	0.01708	0.65494	0.04133	0.01968	0.01487	0.00717	0.00570	0.00175	0.00484	0.00581	0.04061	0.00944
17	0.01276	0.04160	0.08274	0.12123	0.05207	0.01391	0.51214	0.01724	0.01292	0.01749	0.01215	0.05411	0.00987	0.00565	0.00641	0.00191	0.00877	0.00665	0.00292	0.00747
18	0.01302	0.01508	0.13019	0.17538	0.37664	0.01321	0.07751	0.03752	0.02983	0.01830	0.01202	0.01693	0.00993	0.00591	0.00585	0.00183	0.00729	0.04242	0.00299	0.00815
19	0.00697	0.00498	0.00664	0.00796	0.00830	0.00465	0.00531	0.00796	0.01095	0.01460	0.03153	0.79525	0.03783	0.01792	0.00730	0.00232	0.00332	0.01626	0.00531	0.00465
20	0.00707	0.00505	0.00676	0.00808	0.00846	0.00473	0.00549	0.00814	0.01105	0.01472	0.03147	0.76171	0.03761	0.01782	0.00733	0.00234	0.00341	0.04878	0.00531	0.00467
21	0.41229	0.01136	0.02606	0.07604	0.01514	0.02921	0.02307	0.05763	0.01262	0.17944	0.01252	0.01345	0.00900	0.00604	0.00489	0.00176	0.02610	0.00428	0.07194	0.00715
22	0.00821	0.00559	0.00705	0.00777	0.00873	0.00513	0.00554	0.00949	0.01181	0.05435	0.04935	0.47944	0.18138	0.06062	0.00839	0.00242	0.00361	0.08083	0.00531	0.00495
23	0.00772	0.00599	0.00645	0.00639	0.00832	0.00512	0.00491	0.00938	0.01343	0.04329	0.11299	0.05338	0.62663	0.01408	0.00680	0.00196	0.00311	0.05953	0.00545	0.00508
24	0.02190	0.01576	0.01701	0.01304	0.01761	0.01735	0.01077	0.71471	0.02646	0.06618	0.01410	0.01397	0.00991	0.00688	0.00572	0.00172	0.00624	0.00517	0.00578	0.00973
25	0.04694	0.02637	0.62578	0.03773	0.06207	0.01334	0.05167	0.01828	0.03231	0.01854	0.01060	0.01255	0.00765	0.00546	0.00544	0.00182	0.00812	0.00442	0.00260	0.00832
26	0.04467	0.01643	0.01687	0.01308	0.01755	0.05431	0.01075	0.68889	0.02589	0.03469	0.01333	0.01344	0.00951	0.00678	0.00563	0.00171	0.00644	0.00502	0.00553	0.00948
27	0.00699	0.00502	0.00663	0.00788	0.00828	0.00467	0.00528	0.00803	0.01113	0.01480	0.04771	0.75541	0.06163	0.01768	0.00727	0.00230	0.00329	0.01600	0.00533	0.00467
28	0.64876	0.03479	0.01066	0.00895	0.01253	0.11363	0.00728	0.07202	0.01192	0.02458	0.00851	0.00976	0.00664	0.00549	0.00392	0.00171	0.00538	0.00333	0.00360	0.00655
29	0.00697	0.00498	0.00664	0.00796	0.00830	0.00465	0.00531	0.00796	0.01095	0.01460	0.03153	0.79525	0.03783	0.01792	0.00730	0.00232	0.00332	0.01626	0.00531	0.00465
30	0.05671	0.01229	0.04185	0.07054	0.10326	0.01114	0.02499	0.09700	0.09426	0.02118	0.01197	0.01356	0.00943	0.00523	0.00490	0.00134	0.00531	0.00432	0.00375	0.40698
31	0.03314	0.01224	0.01351	0.01064	0.01459	0.01266	0.00863	0.31992	0.09874	0.08390	0.01502	0.01547	0.01115	0.00643	0.00549	0.00152	0.02631	0.00493	0.11423	0.19147
32	0.01886	0.01473	0.01850	0.04295	0.05813	0.01597	0.09092	0.53920	0.02276	0.03060	0.01415	0.05331	0.01106	0.00827	0.03178	0.00203	0.00689	0.00591	0.00504	0.00894
33	0.01110	0.00772	0.00976	0.06844	0.01211	0.00866	0.00714	0.10904	0.01250	0.01846	0.04040	0.02245	0.01499	0.12066	0.23186	0.03131	0.04371	0.00605	0.21801	0.00564
34	0.00722	0.00585	0.00649	0.00683	0.00849	0.00512	0.00528	0.00885	0.01293	0.01581	0.06554	0.12739	0.55474	0.01498	0.00700	0.00208	0.00333	0.13187	0.00532	0.00490
35	0.03954	0.02726	0.66152	0.01767	0.07766	0.01334	0.04839	0.01804	0.01212	0.01842	0.01027	0.01226	0.00740	0.00538	0.00544	0.00181	0.00824	0.00435	0.00250	0.00839
36	0.01390	0.37369	0.34592	0.03777	0.03843	0.06934	0.01513	0.01787	0.01216	0.01566	0.00914	0.01081	0.00735	0.00522	0.00464	0.00153	0.00747	0.00372	0.00248	0.00778
37	0.02189	0.00942	0.01233	0.00978	0.01358	0.00857	0.00794	0.05951	0.05192	0.56237	0.09475	0.02221	0.03152	0.00808	0.00633	0.02775	0.00461	0.00629	0.03233	0.00882
38	0.00820	0.00593	0.00741	0.00705	0.00859	0.00537	0.00534	0.01062	0.01545	0.03630	0.57722	0.04545	0.20172	0.01230	0.00676	0.00185	0.00285	0.03014	0.00608	0.00536

[dist]
# distance from previous block
# <min> <max>
0	6

[block]
# block no. 10 follows, 41 sequences, length 49
# corresponding to MSA columns:
# 290-338
name=unknown_K
#
# <colnr> <probs for GDERKNQSTAVLIFYWHMCP>
#	G	D	E	R	K	N	Q	S	T	A	V	L	I	F	Y	W	H	M	C	P
0	0.78787	0.01221	0.05575	0.00807	0.01191	0.01286	0.00712	0.01689	0.00988	0.02519	0.00811	0.00947	0.00626	0.00532	0.00366	0.00177	0.00468	0.00317	0.00347	0.00634
1	0.04528	0.18622	0.58842	0.01463	0.02216	0.01517	0.01823	0.01786	0.01189	0.01747	0.00970	0.01137	0.00722	0.00532	0.00500	0.00169	0.00782	0.00394	0.00247	0.00814
2	0.00871	0.02589	0.00772	0.00693	0.00811	0.00596	0.00476	0.00999	0.01184	0.03135	0.23624	0.10616	0.11709	0.32440	0.01542	0.00327	0.00414	0.00955	0.00470	0.05778
3	0.00852	0.00651	0.00959	0.00942	0.01029	0.00774	0.00730	0.01030	0.00908	0.01313	0.01477	0.02234	0.01402	0.07460	0.67061	0.02951	0.06808	0.00612	0.00303	0.00504
4	0.01350	0.01543	0.03375	0.02411	0.02989	0.01446	0.74253	0.01832	0.01350	0.01832	0.01157	0.01543	0.00868	0.00482	0.00675	0.00193	0.00964	0.00675	0.00289	0.00771
5	0.02137	0.02726	0.01621	0.01474	0.01768	0.77602	0.01105	0.02284	0.01621	0.01400	0.00884	0.01031	0.00737	0.00589	0.00516	0.00147	0.01031	0.00368	0.00295	0.00663
6	0.00680	0.00580	0.00585	0.00584	0.00775	0.00485	0.00438	0.00829	0.01313	0.01568	0.07952	0.05467	0.73926	0.01440	0.00676	0.00193	0.00289	0.01202	0.00534	0.00485
7	0.01352	0.01155	0.01233	0.01113	0.01415	0.01321	0.00863	0.02814	0.66833	0.02381	0.10794	0.02380	0.02165	0.00821	0.00593	0.00192	0.00432	0.00691	0.00587	0.00863
8	0.00834	0.00604	0.00697	0.00681	0.00851	0.00535	0.00517	0.01016	0.01375	0.05308	0.24461	0.04952	0.41998	0.06773	0.00835	0.00219	0.00331	0.06943	0.00554	0.00516
9	0.02152	0.01722	0.01695	0.01330	0.01766	0.10476	0.01085	0.64398	0.04335	0.03322	0.01340	0.01353	0.00964	0.00678	0.00566	0.00169	0.00671	0.00501	0.00541	0.00936
10	0.00818	0.00611	0.00910	0.00910	0.01009	0.00710	0.00703	0.01015	0.00916	0.01321	0.01541	0.02295	0.01451	0.06694	0.75255	0.00908	0.01501	0.00620	0.00308	0.00505
11	0.00817	0.00613	0.00919	0.00919	0.01021	0.00715	0.00715	0.01021	0.00919	0.01328	0.01532	0.02247	0.01430	0.04290	0.77631	0.00919	0.01532	0.00613	0.00306	0.00511
12	0.01379	0.01131	0.01289	0.00939	0.01437	0.00960	0.00758	0.15660	0.01479	0.02203	0.01086	0.01223	0.00872	0.00475	0.00453	0.00102	0.00464	0.00373	0.00384	0.67336
13	0.01234	0.01045	0.01212	0.00870	0.01376	0.00811	0.00698	0.04968	0.01259	0.01948	0.01034	0.01195	0.00853	0.00436	0.00431	0.00089	0.00434	0.00347	0.00350	0.79411
14	0.01066	0.00533	0.00533	0.00533	0.00666	0.00533	0.00400	0.01333	0.01200	0.02132	0.01866	0.02132	0.01466	0.00666	0.00400	0.00133	0.00267	0.00533	0.83073	0.00533
15	0.01186	0.01017	0.01186	0.00847	0.01356	0.00762	0.00678	0.01440	0.01186	0.01864	0.01017	0.01186	0.00847	0.00424	0.00424	0.00085	0.00424	0.00339	0.00339	0.83395
16	0.01330	0.01606	0.07455	0.04681	0.02989	0.01435	0.67992	0.01820	0.01336	0.01820	0.01146	0.01524	0.00857	0.00488	0.00664	0.00192	0.00952	0.00656	0.00286	0.00771
17	0.01186	0.01017	0.01186	0.00847	0.01356	0.00762	0.00678	0.01440	0.01186	0.01864	0.01017	0.01186	0.00847	0.00424	0.00424	0.00085	0.00424	0.00339	0.00339	0.83395
18	0.01346	0.43088	0.38542	0.01292	0.01952	0.01814	0.01524	0.01760	0.01184	0.01570	0.00906	0.01057	0.00729	0.00515	0.00452	0.00151	0.00724	0.00362	0.00243	0.00788
19	0.00699	0.00502	0.00664	0.00789	0.00829	0.00467	0.00529	0.00803	0.01112	0.01481	0.04865	0.75994	0.05608	0.01769	0.00727	0.00230	0.00329	0.01602	0.00533	0.00467
20	0.01597	0.01117	0.01251	0.01093	0.01423	0.01222	0.00858	0.02805	0.53488	0.17433	0.09212	0.02296	0.02021	0.00799	0.00589	0.00189	0.00442	0.00669	0.00612	0.00885
21	0.00697	0.00498	0.00664	0.00796	0.00830	0.00465	0.00531	0.00796	0.01095	0.01460	0.03153	0.79525	0.03783	0.01792	0.00730	0.00232	0.00332	0.01626	0.00531	0.00465
22	0.83938	0.01106	0.00841	0.00752	0.01106	0.01283	0.00619	0.01681	0.00973	0.02566	0.00796	0.00929	0.00619	0.00531	0.00354	0.00177	0.00442	0.00310	0.00354	0.00619
23	0.00697	0.00498	0.00664	0.00796	0.00830	0.00465	0.00531	0.00796	0.01095	0.01460	0.03153	0.79525	0.03783	0.01792	0.00730	0.00232	0.00332	0.01626	0.00531	0.00465
24	0.01350	0.01543	0.03375	0.02411	0.02989	0.01446	0.74253	0.01832	0.01350	0.01832	0.01157	0.01543	0.00868	0.00482	0.00675	0.00193	0.00964	0.00675	0.00289	0.00771
25	0.02236	0.01442	0.01613	0.01235	0.01691	0.01533	0.01019	0.56044	0.02407	0.20201	0.01564	0.01499	0.01070	0.00684	0.00569	0.00170	0.00591	0.00524	0.00596	0.03313
26	0.01251	0.01251	0.01752	0.01502	0.01502	0.01752	0.01251	0.01377	0.00876	0.01377	0.00751	0.01251	0.00751	0.01001	0.01877	0.00250	0.78851	0.00501	0.00250	0.00626
27	0.02174	0.01602	0.01717	0.01316	0.01774	0.01774	0.01087	0.74423	0.02689	0.03605	0.01373	0.01373	0.00973	0.00687	0.00572	0.00172	0.00629	0.00515	0.00572	0.00973
28	0.01529	0.80242	0.02997	0.00979	0.01468	0.02263	0.00979	0.01713	0.01162	0.01346	0.00795	0.00918	0.00734	0.00489	0.00367	0.00122	0.00612	0.00306	0.00245	0.00734
29	0.00872	0.00626	0.00814	0.00901	0.01011	0.00614	0.00736	0.01063	0.01209	0.01560	0.03105	0.05744	0.12087	0.18636	0.01238	0.00318	0.00503	0.47993	0.00488	0.00482
30	0.83938	0.01106	0.00841	0.00752	0.01106	0.01283	0.00619	0.01681	0.00973	0.02566	0.00796	0.00929	0.00619	0.00531	0.00354	0.00177	0.00442	0.00310	0.00354	0.00619
31	0.02453	0.00960	0.01293	0.01002	0.01420	0.00842	0.00818	0.02699	0.03477	0.71175	0.02236	0.02038	0.01456	0.04538	0.00688	0.00196	0.00489	0.00589	0.00687	0.00941
32	0.00698	0.00580	0.00611	0.00613	0.00793	0.00493	0.00461	0.00858	0.01334	0.01631	0.13531	0.07491	0.64334	0.01430	0.00680	0.00194	0.00294	0.02941	0.00542	0.00490
33	0.01475	0.01255	0.01323	0.01175	0.01507	0.01447	0.00918	0.07976	0.70275	0.02477	0.02262	0.02081	0.01693	0.00770	0.00581	0.00192	0.00465	0.00638	0.00581	0.00910
34	0.00701	0.00500	0.00662	0.00791	0.00823	0.00467	0.00525	0.00798	0.01087	0.01449	0.03111	0.77207	0.03731	0.04181	0.00797	0.00242	0.00339	0.01602	0.00525	0.00461
35	0.00697	0.00498	0.00664	0.00796	0.00830	0.00465	0.00531	0.00796	0.01095	0.01460	0.03153	0.79525	0.03783	0.01792	0.00730	0.00232	0.00332	0.01626	0.00531	0.00465
36	0.00710	0.00586	0.00627	0.00632	0.00813	0.00503	0.00484	0.00878	0.01341	0.01644	0.13661	0.05435	0.62425	0.01427	0.00685	0.00197	0.00305	0.06612	0.00542	0.00493
37	0.01327	0.01706	0.11825	0.02321	0.02930	0.01433	0.65966	0.01830	0.01334	0.01830	0.01142	0.01504	0.00851	0.00489	0.00660	0.00192	0.00951	0.00646	0.00284	0.00780
38	0.01553	0.71145	0.06476	0.01044	0.01538	0.07428	0.01042	0.01757	0.01196	0.01372	0.00813	0.00939	0.00734	0.00499	0.00386	0.00127	0.00652	0.00316	0.00248	0.00735
39	0.01536	0.63234	0.06200	0.01117	0.01575	0.08098	0.02733	0.01741	0.01185	0.01385	0.00818	0.00978	0.00738	0.00536	0.00500	0.00138	0.06175	0.00338	0.00250	0.00727
40	0.00805	0.00585	0.00759	0.00715	0.00852	0.00538	0.00537	0.01072	0.01610	0.02271	0.73890	0.04310	0.07549	0.01178	0.00675	0.00180	0.00270	0.01040	0.00627	0.00538
41	0.50835	0.01472	0.17118	0.00963	0.01419	0.01223	0.00954	0.04634	0.01146	0.05980	0.01020	0.01147	0.00760	0.00554	0.00419	0.00172	0.00525	0.00371	0.06076	0.03212
42	0.83938	0.01106	0.00841	0.00752	0.01106	0.01283	0.00619	0.01681	0.00973	0.02566	0.00796	0.00929	0.00619	0.00531	0.00354	0.00177	0.00442	0.00310	0.00354	0.00619
43	0.00697	0.00498	0.00664	0.00796	0.00830	0.00465	0.00531	0.00796	0.01095	0.01460	0.03153	0.79525	0.03783	0.01792	0.00730	0.00232	0.00332	0.01626	0.00531	0.00465
44	0.01260	0.02147	0.35082	0.02054	0.02734	0.01402	0.41487	0.01813	0.01278	0.01813	0.01092	0.01392	0.00803	0.00520	0.00645	0.00189	0.02657	0.00562	0.00268	0.00800
45	0.00836	0.00581	0.00750	0.00726	0.00848	0.00537	0.00529	0.01061	0.01490	0.03897	0.57825	0.13640	0.07031	0.06689	0.00834	0.00213	0.00303	0.01089	0.00597	0.00526
46	0.00817	0.00594	0.00781	0.04361	0.01005	0.00602	0.00597	0.04412	0.01119	0.01500	0.02618	0.53786	0.03037	0.13353	0.08301	0.00340	0.00512	0.01309	0.00472	0.00484
47	0.01517	0.01512	0.02253	0.03189	0.63959	0.09113	0.03473	0.04710	0.01391	0.01889	0.01070	0.01378	0.00891	0.00524	0.00564	0.00168	0.00720	0.00500	0.00296	0.00881
48	0.04936	0.55704	0.04263	0.01101	0.01544	0.14574	0.01026	0.05880	0.01308	0.01542	0.00846	0.00979	0.00744	0.00536	0.00453	0.00137	0.03084	0.00337	0.00276	0.00730

[dist]
# distance from previous block
# <min> <max>
0	5

[block]
# block no. 11 follows, 41 sequences, length 10
# corresponding to MSA columns:
# 344-353
name=unknown_L
#
# <colnr> <probs for GDERKNQSTAVLIFYWHMCP>
#	G	D	E	R	K	N	Q	S	T	A	V	L	I	F	Y	W	H	M	C	P
0	0.53900	0.07612	0.03158	0.04273	0.01375	0.06098	0.00788	0.06000	0.01173	0.06327	0.00971	0.01163	0.00768	0.03761	0.00508	0.00186	0.00535	0.00372	0.00366	0.00667
1	0.04379	0.03452	0.32298	0.04712	0.05964	0.01282	0.20810	0.01713	0.03154	0.01810	0.01372	0.04754	0.01184	0.00697	0.00629	0.00195	0.02223	0.08303	0.00311	0.00759
2	0.00994	0.00497	0.00745	0.00745	0.00745	0.00497	0.00497	0.00745	0.00745	0.00994	0.00994	0.01739	0.00994	0.01987	0.02235	0.83358	0.00497	0.00497	0.00248	0.00248
3	0.00764	0.00566	0.00673	0.00673	0.00801	0.00512	0.00486	0.00951	0.01370	0.01847	0.35323	0.15360	0.26464	0.07311	0.00842	0.00218	0.00306	0.01137	0.03897	0.00496
4	0.01387	0.01103	0.01215	0.01052	0.01379	0.03826	0.02238	0.02284	0.37726	0.09064	0.02268	0.08631	0.05639	0.03031	0.00639	0.00186	0.00467	0.02105	0.00521	0.15239
5	0.00920	0.00612	0.00806	0.00755	0.00908	0.00564	0.00578	0.01186	0.01604	0.06675	0.67801	0.04250	0.05050	0.01164	0.00675	0.00184	0.00296	0.04779	0.00629	0.00565
6	0.01402	0.03351	0.05637	0.01738	0.10271	0.09042	0.20330	0.01756	0.03584	0.04316	0.01176	0.04152	0.00983	0.00598	0.00680	0.00162	0.08193	0.00532	0.00327	0.21770
7	0.01330	0.01054	0.01230	0.00888	0.01390	0.00835	0.00715	0.06455	0.01313	0.06153	0.01110	0.01241	0.00887	0.00457	0.00442	0.00096	0.00441	0.00364	0.00375	0.73223
8	0.00824	0.00639	0.00756	0.00833	0.00921	0.03097	0.00594	0.03541	0.01252	0.01637	0.09754	0.55181	0.09851	0.01610	0.00713	0.00222	0.00372	0.07168	0.00533	0.00503
