[name]
unknown

[dist]
# distance from previous block
# <min> <max>
5	126

[block]
# block no. 0 follows, 49 sequences, length 15
# corresponding to MSA columns:
# 133-147
name=unknown_A
#
# <colnr> <probs for GDERKNQSTAVLIFYWHMCP>
#	G	D	E	R	K	N	Q	S	T	A	V	L	I	F	Y	W	H	M	C	P
0	0.01283	0.41562	0.16689	0.07337	0.01615	0.01524	0.01063	0.03431	0.08069	0.06756	0.01096	0.05591	0.00927	0.00552	0.00420	0.00138	0.00557	0.00417	0.00292	0.00680
1	0.03089	0.05414	0.43656	0.01675	0.19336	0.01135	0.01519	0.01635	0.02790	0.08644	0.01134	0.05751	0.00903	0.00552	0.00487	0.00158	0.00635	0.00461	0.00283	0.00743
2	0.07104	0.03302	0.07250	0.11187	0.23211	0.11133	0.01166	0.05221	0.12172	0.11569	0.01199	0.01315	0.00900	0.00532	0.00481	0.00154	0.00592	0.00438	0.00346	0.00731
3	0.01208	0.16748	0.31541	0.11004	0.01837	0.03973	0.01244	0.01554	0.01125	0.11508	0.03250	0.05322	0.06375	0.00616	0.00476	0.00153	0.00597	0.00491	0.00309	0.00670
4	0.00627	0.00460	0.00591	0.00689	0.00744	0.00424	0.00477	0.00732	0.01015	0.01330	0.04787	0.65249	0.13817	0.01520	0.00641	0.00201	0.00297	0.05512	0.00471	0.00417
5	0.01167	0.01162	0.06167	0.03965	0.54223	0.01080	0.06564	0.01481	0.01136	0.01662	0.01132	0.01568	0.00962	0.00519	0.00499	0.00153	0.00575	0.04488	0.10770	0.00727
6	0.02073	0.01200	0.03279	0.01011	0.01390	0.10764	0.00838	0.16358	0.03256	0.50336	0.03153	0.01552	0.01163	0.00615	0.00503	0.00153	0.00517	0.00482	0.00544	0.00815
7	0.01900	0.01185	0.10934	0.01011	0.01430	0.00978	0.00914	0.17498	0.05929	0.45799	0.03916	0.01683	0.03168	0.00635	0.00510	0.00157	0.00484	0.00510	0.00538	0.00821
8	0.71440	0.00984	0.00834	0.00718	0.01045	0.01107	0.00592	0.05232	0.01006	0.11877	0.00888	0.00952	0.00650	0.00495	0.00346	0.00156	0.00404	0.00312	0.00361	0.00601
9	0.17358	0.00882	0.01096	0.00857	0.01234	0.00814	0.00708	0.02288	0.01341	0.65487	0.01762	0.01559	0.01125	0.00598	0.00473	0.00156	0.00423	0.00466	0.00569	0.00804
10	0.01199	0.02177	0.59707	0.01353	0.02002	0.01079	0.05507	0.01700	0.01150	0.13437	0.05076	0.01321	0.00952	0.00528	0.00497	0.00160	0.00679	0.00433	0.00296	0.00747
11	0.00991	0.00607	0.00766	0.00738	0.00903	0.00549	0.00546	0.03023	0.01133	0.15215	0.03874	0.42007	0.14768	0.01210	0.00603	0.00178	0.01694	0.02647	0.00480	0.08069
12	0.00622	0.00460	0.00567	0.00648	0.00707	0.00421	0.00437	0.00712	0.00990	0.01282	0.03213	0.58074	0.20189	0.08203	0.00795	0.00221	0.00301	0.01296	0.00456	0.00406
13	0.04096	0.03176	0.01153	0.00910	0.02199	0.01792	0.04986	0.08232	0.09231	0.04579	0.04242	0.13026	0.01403	0.00658	0.00463	0.00130	0.00413	0.00563	0.05104	0.33642
14	0.19620	0.46655	0.07983	0.01154	0.10945	0.03656	0.00961	0.01532	0.01020	0.01513	0.00752	0.00890	0.00645	0.00449	0.00359	0.00128	0.00541	0.00303	0.00242	0.00652

[dist]
# distance from previous block
# <min> <max>
0	5

[block]
# block no. 1 follows, 49 sequences, length 49
# corresponding to MSA columns:
# 153-201
name=unknown_B
#
# <colnr> <probs for GDERKNQSTAVLIFYWHMCP>
#	G	D	E	R	K	N	Q	S	T	A	V	L	I	F	Y	W	H	M	C	P
0	0.83506	0.00990	0.00764	0.00679	0.00994	0.01146	0.00559	0.03563	0.00902	0.02294	0.00718	0.00832	0.00556	0.00473	0.00318	0.00156	0.00396	0.00279	0.00318	0.00556
1	0.00638	0.00474	0.00591	0.00645	0.00724	0.00431	0.00450	0.00767	0.01109	0.01471	0.20879	0.46131	0.19417	0.03001	0.00663	0.00193	0.00277	0.01225	0.00486	0.00427
2	0.00958	0.00894	0.01411	0.70129	0.03126	0.03214	0.01285	0.01269	0.01026	0.01320	0.02502	0.04698	0.00899	0.01809	0.00538	0.00172	0.00639	0.00500	0.03064	0.00548
3	0.00625	0.00509	0.00554	0.00552	0.00702	0.00437	0.00410	0.00775	0.01202	0.01508	0.21345	0.09690	0.57436	0.01246	0.00601	0.00170	0.00255	0.01058	0.00489	0.00437
4	0.05118	0.01236	0.01571	0.11589	0.18291	0.10208	0.01163	0.04981	0.01093	0.08029	0.00907	0.01190	0.00746	0.00650	0.00922	0.00178	0.30766	0.00431	0.00283	0.00651
5	0.77129	0.07325	0.00890	0.00680	0.00997	0.01186	0.00571	0.01476	0.00888	0.02179	0.02620	0.00893	0.00659	0.00480	0.00321	0.00153	0.00399	0.00289	0.00311	0.00554
6	0.00878	0.00439	0.00659	0.00659	0.00659	0.00439	0.00439	0.00659	0.00659	0.00878	0.00878	0.01537	0.00878	0.01757	0.01976	0.85288	0.00439	0.00439	0.00220	0.00220
7	0.00942	0.01657	0.40038	0.04462	0.01669	0.00968	0.02889	0.02961	0.04382	0.01617	0.13428	0.06906	0.04284	0.07056	0.00735	0.00193	0.04270	0.00598	0.00320	0.00625
8	0.00598	0.00512	0.00512	0.00512	0.00683	0.00427	0.00384	0.00726	0.01153	0.01366	0.05123	0.04866	0.78869	0.01281	0.00598	0.00171	0.00256	0.01067	0.00470	0.00427
9	0.01026	0.02100	0.53433	0.09532	0.02322	0.01151	0.15615	0.01535	0.01092	0.01578	0.03729	0.01287	0.00836	0.01929	0.00545	0.00169	0.00737	0.00448	0.00236	0.00699
10	0.01695	0.01262	0.01353	0.01088	0.01445	0.01405	0.00882	0.49375	0.25273	0.05348	0.01512	0.01460	0.01097	0.00631	0.00503	0.00157	0.00493	0.00493	0.03699	0.00827
11	0.01037	0.00962	0.01375	0.34477	0.08031	0.04141	0.03422	0.04808	0.04293	0.01470	0.01495	0.08850	0.07673	0.00729	0.00675	0.00173	0.11372	0.00596	0.03844	0.00578
12	0.01300	0.01344	0.01842	0.18307	0.51011	0.14454	0.01426	0.01579	0.01171	0.01511	0.00912	0.01214	0.00751	0.00473	0.00494	0.00150	0.00668	0.00429	0.00247	0.00717
13	0.28630	0.00930	0.01174	0.34871	0.04647	0.02476	0.00980	0.01374	0.00969	0.04320	0.00974	0.04260	0.00805	0.02133	0.00556	0.00172	0.05854	0.00435	0.03879	0.00561
14	0.01525	0.01148	0.01268	0.00976	0.01366	0.01160	0.00788	0.37501	0.10460	0.05638	0.01252	0.01335	0.00954	0.03616	0.00541	0.00141	0.00470	0.00429	0.00436	0.28995
15	0.00598	0.00512	0.00512	0.00512	0.00683	0.00427	0.00384	0.00726	0.01153	0.01366	0.05123	0.04866	0.78869	0.01281	0.00598	0.00171	0.00256	0.01067	0.00470	0.00427
16	0.00616	0.00440	0.00587	0.00704	0.00733	0.00411	0.00469	0.00704	0.00968	0.01291	0.02787	0.81899	0.03344	0.01584	0.00645	0.00205	0.00293	0.01438	0.00469	0.00411
17	0.05424	0.01762	0.01403	0.04156	0.11015	0.40940	0.00994	0.03733	0.22348	0.01619	0.01161	0.01237	0.00914	0.00557	0.00474	0.00147	0.00694	0.00413	0.00335	0.00674
18	0.01860	0.01288	0.01422	0.01117	0.01495	0.01400	0.00927	0.63270	0.02179	0.10647	0.01419	0.01655	0.01077	0.00678	0.00523	0.00159	0.00536	0.07006	0.00514	0.00826
19	0.05110	0.04407	0.04344	0.00899	0.01175	0.00940	0.00736	0.22128	0.02927	0.14105	0.03487	0.28751	0.03246	0.00935	0.00534	0.00167	0.00424	0.00793	0.00471	0.04420
20	0.01584	0.04144	0.07913	0.01194	0.01576	0.06738	0.08767	0.19059	0.15325	0.16325	0.01403	0.02992	0.01039	0.00609	0.00568	0.00157	0.05154	0.00490	0.00427	0.04535
21	0.00713	0.00557	0.00768	0.12089	0.01136	0.00576	0.00611	0.00874	0.01079	0.01454	0.21289	0.35803	0.09146	0.06470	0.02270	0.00216	0.03022	0.01044	0.00434	0.00449
22	0.01182	0.04475	0.22891	0.03498	0.02367	0.02853	0.45469	0.05033	0.01198	0.01644	0.01007	0.02662	0.00773	0.00481	0.00568	0.00165	0.02258	0.00524	0.00257	0.00694
23	0.01004	0.05376	0.21853	0.19637	0.05644	0.01079	0.15855	0.03200	0.01092	0.01492	0.01309	0.17622	0.01235	0.00700	0.00536	0.00170	0.00637	0.00650	0.00285	0.00624
24	0.00849	0.00450	0.00652	0.00655	0.00660	0.00453	0.00434	0.00679	0.00682	0.00913	0.01025	0.03685	0.01061	0.10747	0.05567	0.70022	0.00483	0.00501	0.00238	0.00244
25	0.04613	0.02546	0.76262	0.01408	0.02137	0.01173	0.01812	0.01597	0.01059	0.01630	0.00899	0.01057	0.00637	0.00480	0.00473	0.00160	0.00732	0.00369	0.00218	0.00739
26	0.01207	0.14446	0.31193	0.01813	0.16923	0.01315	0.19518	0.01618	0.01123	0.04786	0.00957	0.01161	0.00728	0.00460	0.00489	0.00152	0.00699	0.00431	0.00248	0.00731
27	0.02934	0.01345	0.12421	0.06095	0.54877	0.03070	0.01475	0.01499	0.01127	0.01610	0.01088	0.04835	0.00966	0.00550	0.00508	0.00158	0.00608	0.03829	0.00265	0.00741
28	0.00616	0.00440	0.00587	0.00704	0.00733	0.00411	0.00469	0.00704	0.00968	0.01291	0.02787	0.81899	0.03344	0.01584	0.00645	0.00205	0.00293	0.01438	0.00469	0.00411
29	0.18084	0.07611	0.07942	0.01692	0.09752	0.04332	0.34963	0.01562	0.01095	0.01692	0.02268	0.01193	0.00770	0.00478	0.00545	0.00161	0.04475	0.00464	0.00264	0.00656
30	0.01282	0.01098	0.01157	0.01034	0.01324	0.01269	0.00806	0.05362	0.75447	0.02154	0.02028	0.01863	0.01519	0.00683	0.00514	0.00171	0.00406	0.00568	0.00514	0.00803
31	0.01574	0.01221	0.01310	0.04383	0.01484	0.02482	0.00878	0.44309	0.23309	0.02609	0.01625	0.01608	0.04543	0.00710	0.01924	0.00169	0.00510	0.00515	0.04051	0.00784
32	0.01106	0.01106	0.01549	0.01328	0.01328	0.01549	0.01106	0.01217	0.00774	0.01217	0.00664	0.01106	0.00664	0.00885	0.01659	0.00221	0.81303	0.00443	0.00221	0.00553
33	0.00634	0.00452	0.00601	0.00714	0.00748	0.00425	0.00487	0.00729	0.00973	0.01295	0.02736	0.73818	0.03260	0.04493	0.00719	0.00218	0.00312	0.06510	0.00463	0.00411
34	0.01049	0.00899	0.01049	0.00749	0.01198	0.00674	0.00599	0.01273	0.01049	0.01648	0.00899	0.01049	0.00749	0.00374	0.00374	0.00075	0.00374	0.00300	0.00300	0.85320
35	0.01022	0.02560	0.76193	0.01472	0.02209	0.01179	0.05228	0.01602	0.01073	0.01602	0.00913	0.01081	0.00646	0.00478	0.00486	0.00161	0.00752	0.00384	0.00215	0.00744
36	0.00815	0.00582	0.00815	0.00931	0.01048	0.00582	0.00815	0.01048	0.01164	0.01513	0.02677	0.05704	0.02910	0.01397	0.00698	0.00233	0.00466	0.75671	0.00466	0.00466
37	0.00707	0.00518	0.00664	0.00632	0.00756	0.00475	0.00477	0.00936	0.01399	0.01955	0.70227	0.03924	0.11481	0.01065	0.00599	0.00162	0.00246	0.02758	0.00546	0.00472
38	0.00735	0.00490	0.00552	0.00552	0.00552	0.00490	0.00306	0.00735	0.00735	0.00980	0.01593	0.03309	0.01838	0.82229	0.02574	0.00490	0.00490	0.00735	0.00306	0.00306
39	0.85801	0.00978	0.00743	0.00665	0.00978	0.01134	0.00548	0.01486	0.00861	0.02269	0.00704	0.00821	0.00548	0.00469	0.00313	0.00156	0.00391	0.00274	0.00313	0.00548
40	0.04689	0.30796	0.43328	0.01291	0.05905	0.03077	0.01423	0.01572	0.01057	0.01478	0.00826	0.00973	0.00648	0.00462	0.00419	0.00140	0.00655	0.00336	0.00222	0.00704
41	0.01911	0.01754	0.01489	0.01211	0.01566	0.28287	0.00967	0.51778	0.02057	0.02525	0.01067	0.01111	0.00789	0.00578	0.00489	0.00144	0.00677	0.00411	0.00422	0.00767
42	0.01438	0.01032	0.04316	0.00894	0.01172	0.01039	0.00729	0.31394	0.09543	0.08786	0.01528	0.03062	0.01236	0.13363	0.00800	0.00201	0.00457	0.00531	0.17804	0.00676
43	0.00625	0.00445	0.00590	0.00696	0.00728	0.00416	0.00464	0.00717	0.00981	0.01314	0.06201	0.75647	0.03358	0.04331	0.00709	0.00213	0.00298	0.01390	0.00468	0.00410
44	0.01116	0.01092	0.13646	0.00889	0.01188	0.02525	0.00814	0.15715	0.01497	0.07430	0.33773	0.02701	0.10021	0.02859	0.02329	0.00180	0.00441	0.00701	0.00469	0.00613
45	0.00620	0.00445	0.00582	0.00690	0.00725	0.00414	0.00460	0.00706	0.00968	0.01283	0.02850	0.75584	0.06723	0.04458	0.00712	0.00214	0.00299	0.01396	0.00464	0.00408
46	0.01064	0.01089	0.04794	0.06367	0.36690	0.03809	0.09985	0.01344	0.01161	0.01592	0.10651	0.11434	0.04881	0.00757	0.01999	0.00174	0.00570	0.00662	0.00321	0.00656
47	0.01142	0.01166	0.01544	0.01326	0.01338	0.05123	0.01100	0.01253	0.00804	0.01218	0.00669	0.01097	0.00663	0.00869	0.01605	0.00217	0.77649	0.00437	0.00223	0.00555
48	0.00981	0.01056	0.17956	0.00888	0.01163	0.02218	0.00833	0.01290	0.04196	0.10683	0.24674	0.21173	0.05279	0.02700	0.00611	0.00179	0.00415	0.02678	0.00452	0.00574

[dist]
# distance from previous block
# <min> <max>
0	1

[block]
# block no. 2 follows, 49 sequences, length 64
# corresponding to MSA columns:
# 203-266
name=unknown_C
#
# <colnr> <probs for GDERKNQSTAVLIFYWHMCP>
#	G	D	E	R	K	N	Q	S	T	A	V	L	I	F	Y	W	H	M	C	P
0	0.01718	0.01315	0.01402	0.01122	0.01490	0.01473	0.00912	0.54411	0.25688	0.02857	0.01474	0.01421	0.01070	0.00631	0.00509	0.00158	0.00508	0.00491	0.00509	0.00842
1	0.76026	0.03062	0.00857	0.02133	0.01068	0.05443	0.00605	0.01507	0.00897	0.02149	0.00711	0.00841	0.00560	0.00480	0.00351	0.00155	0.02016	0.00283	0.00304	0.00553
2	0.00935	0.00758	0.00816	0.00757	0.00967	0.00790	0.00579	0.01625	0.33301	0.03326	0.16266	0.03291	0.29533	0.02483	0.00594	0.00174	0.00321	0.00806	0.02081	0.00598
3	0.01274	0.01202	0.03462	0.12871	0.57409	0.02637	0.02711	0.03123	0.04159	0.04754	0.01031	0.01299	0.00826	0.00478	0.00503	0.00154	0.00608	0.00456	0.00277	0.00767
4	0.00607	0.00494	0.00531	0.00559	0.00690	0.00426	0.00401	0.00721	0.01093	0.01333	0.04434	0.22908	0.58065	0.04562	0.00687	0.00192	0.00274	0.01141	0.00463	0.00418
5	0.01083	0.01034	0.01429	0.01235	0.01261	0.01409	0.01018	0.04210	0.00841	0.01282	0.00797	0.01292	0.00783	0.04411	0.10070	0.00293	0.66301	0.00465	0.00241	0.00545
6	0.00735	0.00490	0.00552	0.00552	0.00552	0.00490	0.00306	0.00735	0.00735	0.00980	0.01593	0.03309	0.01838	0.82229	0.02574	0.00490	0.00490	0.00735	0.00306	0.00306
7	0.01870	0.05229	0.01476	0.01287	0.01554	0.77447	0.00973	0.02001	0.01419	0.01236	0.00779	0.00908	0.00651	0.00518	0.00451	0.00129	0.00899	0.00324	0.00259	0.00588
8	0.02222	0.00883	0.01181	0.00911	0.01299	0.00784	0.00751	0.04366	0.04369	0.74577	0.01978	0.01715	0.01253	0.00628	0.00509	0.00157	0.00432	0.00510	0.00619	0.00858
9	0.00707	0.00480	0.00566	0.00593	0.00602	0.00475	0.00352	0.00732	0.00791	0.01057	0.01864	0.21510	0.02174	0.61590	0.04036	0.00432	0.00466	0.00894	0.00343	0.00334
10	0.01342	0.80284	0.04816	0.00881	0.01323	0.01978	0.00893	0.01517	0.01029	0.01201	0.00709	0.00818	0.00649	0.00434	0.00329	0.00110	0.00547	0.00273	0.00216	0.00652
11	0.04705	0.00878	0.01169	0.00899	0.01289	0.00775	0.00743	0.04278	0.01453	0.75292	0.01938	0.01682	0.01221	0.00621	0.00503	0.00156	0.00432	0.00500	0.00614	0.00851
12	0.00616	0.00440	0.00587	0.00704	0.00733	0.00411	0.00469	0.00704	0.00968	0.01291	0.02787	0.81899	0.03344	0.01584	0.00645	0.00205	0.00293	0.01438	0.00469	0.00411
13	0.01259	0.00930	0.03941	0.08946	0.15202	0.02857	0.00910	0.02897	0.06271	0.17030	0.15099	0.03647	0.06592	0.00729	0.00552	0.00159	0.02722	0.02231	0.07369	0.00656
14	0.69008	0.01010	0.00844	0.00729	0.01054	0.03310	0.00598	0.03288	0.00998	0.13916	0.00912	0.00968	0.00664	0.00497	0.00351	0.00156	0.00415	0.00315	0.00363	0.00603
15	0.00878	0.00439	0.00659	0.00659	0.00659	0.00439	0.00439	0.00659	0.00659	0.00878	0.00878	0.01537	0.00878	0.01757	0.01976	0.85288	0.00439	0.00439	0.00220	0.00220
16	0.01222	0.01168	0.01990	0.08271	0.72325	0.01183	0.01526	0.01524	0.01142	0.01625	0.00985	0.01354	0.00838	0.00475	0.00505	0.00153	0.00603	0.02080	0.00253	0.00778
17	0.01167	0.01283	0.03874	0.11429	0.16617	0.01264	0.47796	0.01540	0.01132	0.01558	0.00968	0.01318	0.00753	0.00474	0.00643	0.00170	0.06547	0.00538	0.00248	0.00682
18	0.01014	0.02616	0.79609	0.01441	0.02189	0.01174	0.01868	0.01601	0.01068	0.01601	0.00907	0.01068	0.00641	0.00480	0.00480	0.00160	0.00747	0.00374	0.00214	0.00747
19	0.16553	0.01026	0.01171	0.00957	0.03192	0.04104	0.00761	0.12030	0.01442	0.47506	0.01545	0.01425	0.01021	0.00576	0.00466	0.00151	0.00461	0.00443	0.00517	0.04653
20	0.00616	0.00440	0.00587	0.00704	0.00733	0.00411	0.00469	0.00704	0.00968	0.01291	0.02787	0.81899	0.03344	0.01584	0.00645	0.00205	0.00293	0.01438	0.00469	0.00411
21	0.01049	0.00899	0.01049	0.00749	0.01198	0.00674	0.00599	0.01273	0.01049	0.01648	0.00899	0.01049	0.00749	0.00374	0.00374	0.00075	0.00374	0.00300	0.00300	0.85320
22	0.01049	0.00899	0.01049	0.00749	0.01198	0.00674	0.00599	0.01273	0.01049	0.01648	0.00899	0.01049	0.00749	0.00374	0.00374	0.00075	0.00374	0.00300	0.00300	0.85320
23	0.00716	0.00517	0.00676	0.00636	0.00755	0.00477	0.00477	0.00954	0.01431	0.02028	0.78808	0.03777	0.04771	0.01034	0.00596	0.00159	0.00239	0.00914	0.00557	0.00477
24	0.01046	0.02407	0.67419	0.01616	0.07376	0.01186	0.08731	0.01600	0.01085	0.01606	0.00921	0.01107	0.00663	0.00473	0.00492	0.00160	0.00747	0.00399	0.00220	0.00745
25	0.00708	0.00517	0.00665	0.00628	0.00751	0.00474	0.00471	0.00939	0.01413	0.01984	0.73876	0.03850	0.09731	0.01050	0.00596	0.00160	0.00240	0.00925	0.00551	0.00474
26	0.01049	0.00899	0.01049	0.00749	0.01198	0.00674	0.00599	0.01273	0.01049	0.01648	0.00899	0.01049	0.00749	0.00374	0.00374	0.00075	0.00374	0.00300	0.00300	0.85320
27	0.02269	0.00861	0.01174	0.00900	0.01291	0.00743	0.00743	0.02464	0.01447	0.79425	0.01995	0.01721	0.01252	0.00626	0.00509	0.00156	0.00430	0.00509	0.00626	0.00861
28	0.02269	0.00861	0.01174	0.00900	0.01291	0.00743	0.00743	0.02464	0.01447	0.79425	0.01995	0.01721	0.01252	0.00626	0.00509	0.00156	0.00430	0.00509	0.00626	0.00861
29	0.02109	0.02990	0.09840	0.00958	0.01390	0.00820	0.00870	0.02347	0.01396	0.69006	0.01845	0.01628	0.01170	0.00605	0.00501	0.00156	0.00468	0.00488	0.00571	0.00843
30	0.01254	0.01248	0.02159	0.02899	0.65442	0.02899	0.12003	0.01565	0.01156	0.01631	0.00952	0.01257	0.00791	0.00457	0.00534	0.00154	0.02104	0.00468	0.00251	0.00775
31	0.00878	0.00439	0.00659	0.00659	0.00659	0.00439	0.00439	0.00659	0.00659	0.00878	0.00878	0.01537	0.00878	0.01757	0.01976	0.85288	0.00439	0.00439	0.00220	0.00220
32	0.01252	0.01201	0.02053	0.03104	0.79074	0.01201	0.01552	0.01552	0.01151	0.01652	0.00951	0.01252	0.00801	0.00451	0.00501	0.00150	0.00601	0.00451	0.00250	0.00801
33	0.00755	0.00512	0.00594	0.00599	0.00618	0.00517	0.00363	0.02383	0.00806	0.01076	0.01700	0.08574	0.01941	0.69103	0.05058	0.00465	0.00508	0.03766	0.00327	0.00337
34	0.00993	0.00898	0.01507	0.78669	0.03419	0.01112	0.01385	0.01326	0.01024	0.03579	0.00931	0.01359	0.00691	0.00509	0.00506	0.00168	0.00667	0.00451	0.00236	0.00570
35	0.01760	0.01295	0.01403	0.03905	0.01535	0.01438	0.00914	0.63204	0.07289	0.02937	0.01297	0.01321	0.00936	0.00607	0.00493	0.00151	0.00523	0.00464	0.07713	0.00812
36	0.01359	0.01390	0.01972	0.02772	0.64066	0.13004	0.03315	0.03147	0.01219	0.01620	0.00933	0.01203	0.00779	0.00464	0.00496	0.00148	0.00652	0.00436	0.00257	0.00767
37	0.01061	0.00902	0.01050	0.00758	0.01197	0.00691	0.00605	0.03183	0.01080	0.01679	0.00949	0.02873	0.00810	0.00408	0.00384	0.00080	0.00377	0.00329	0.00309	0.81275
38	0.01338	0.06453	0.01160	0.00895	0.01125	0.04230	0.00688	0.32063	0.03495	0.03860	0.05137	0.12362	0.01626	0.22072	0.01055	0.00244	0.00496	0.00664	0.00425	0.00612
39	0.01188	0.14665	0.16244	0.01807	0.02347	0.01377	0.51832	0.01600	0.01145	0.01547	0.00951	0.01223	0.00726	0.00437	0.00533	0.00159	0.00784	0.00505	0.00242	0.00688
40	0.01181	0.01464	0.09424	0.02110	0.05526	0.01267	0.67975	0.01616	0.01181	0.01619	0.01011	0.01335	0.00758	0.00432	0.00583	0.00169	0.00834	0.00572	0.00252	0.00692
41	0.00696	0.00512	0.00651	0.00625	0.00746	0.00467	0.00466	0.00913	0.01372	0.01907	0.65730	0.08393	0.13449	0.01095	0.00599	0.00163	0.00244	0.00963	0.00541	0.00467
42	0.00631	0.00527	0.00552	0.00544	0.00709	0.00454	0.00408	0.00807	0.03021	0.01485	0.16360	0.04629	0.65663	0.01229	0.00595	0.00169	0.00257	0.01032	0.00484	0.00443
43	0.00624	0.00446	0.00596	0.00713	0.00746	0.00418	0.00483	0.00718	0.00976	0.01300	0.02783	0.78852	0.03327	0.01577	0.00648	0.00206	0.00300	0.04405	0.00469	0.00413
44	0.01388	0.77170	0.02568	0.00895	0.01316	0.07235	0.00873	0.01548	0.01055	0.01193	0.00708	0.00818	0.00649	0.00439	0.00333	0.00110	0.00566	0.00274	0.00219	0.00645
45	0.00722	0.00542	0.00813	0.00813	0.00903	0.00632	0.00632	0.00903	0.00813	0.01174	0.01354	0.01987	0.01264	0.03792	0.80225	0.00813	0.01354	0.00542	0.00271	0.00451
46	0.01352	0.82533	0.02650	0.00865	0.01298	0.02001	0.00865	0.01514	0.01027	0.01190	0.00703	0.00811	0.00649	0.00433	0.00324	0.00108	0.00541	0.00270	0.00216	0.00649
47	0.00722	0.00542	0.00813	0.00813	0.00903	0.00632	0.00632	0.00903	0.00813	0.01174	0.01354	0.01987	0.01264	0.03792	0.80225	0.00813	0.01354	0.00542	0.00271	0.00451
48	0.01258	0.01086	0.01143	0.01029	0.01315	0.01258	0.00800	0.02687	0.78161	0.02115	0.02058	0.01887	0.01544	0.00686	0.00515	0.00172	0.00400	0.00572	0.00515	0.00800
49	0.00734	0.00494	0.00569	0.00569	0.00575	0.00500	0.00328	0.00747	0.00741	0.00993	0.01577	0.03221	0.01800	0.76979	0.07771	0.00512	0.00548	0.00722	0.00304	0.00316
50	0.01258	0.01086	0.01143	0.01029	0.01315	0.01258	0.00800	0.02687	0.78161	0.02115	0.02058	0.01887	0.01544	0.00686	0.00515	0.00172	0.00400	0.00572	0.00515	0.00800
51	0.01272	0.01094	0.01152	0.01032	0.01320	0.01265	0.00804	0.04329	0.76495	0.02139	0.02040	0.01872	0.01529	0.00684	0.00514	0.00171	0.00404	0.00569	0.00514	0.00802
52	0.01038	0.00888	0.01038	0.00748	0.01187	0.00668	0.00596	0.01260	0.01047	0.01639	0.00943	0.02961	0.00810	0.00403	0.00381	0.00078	0.00373	0.00327	0.00304	0.83312
53	0.00722	0.00542	0.00813	0.00813	0.00903	0.00632	0.00632	0.00903	0.00813	0.01174	0.01354	0.01987	0.01264	0.03792	0.80225	0.00813	0.01354	0.00542	0.00271	0.00451
54	0.01187	0.00763	0.02340	0.04054	0.00965	0.03835	0.00574	0.09882	0.01237	0.07142	0.01508	0.01694	0.01157	0.00596	0.00440	0.00131	0.03193	0.00462	0.58284	0.00558
55	0.85801	0.00978	0.00743	0.00665	0.00978	0.01134	0.00548	0.01486	0.00861	0.02269	0.00704	0.00821	0.00548	0.00469	0.00313	0.00156	0.00391	0.00274	0.00313	0.00548
56	0.01931	0.01402	0.01509	0.01157	0.01561	0.01547	0.00956	0.75486	0.02354	0.05122	0.01234	0.01227	0.00870	0.00608	0.00506	0.00152	0.00553	0.00457	0.00509	0.00860
57	0.05943	0.14248	0.51351	0.01325	0.01954	0.01271	0.07674	0.01650	0.01090	0.07617	0.00959	0.01090	0.00694	0.00480	0.00459	0.00153	0.00680	0.00381	0.00255	0.00725
58	0.01289	0.01022	0.03000	0.05465	0.01331	0.05449	0.00779	0.02075	0.37566	0.12872	0.12874	0.02175	0.01872	0.06167	0.00659	0.00185	0.00441	0.01915	0.00479	0.02383
59	0.00716	0.00562	0.00639	0.00625	0.00752	0.02068	0.00457	0.02515	0.01268	0.01678	0.38438	0.13496	0.28016	0.05645	0.00707	0.00186	0.00285	0.00996	0.00497	0.00454
60	0.01001	0.07847	0.48483	0.01344	0.04828	0.01106	0.06529	0.01475	0.02661	0.01620	0.11489	0.03445	0.02745	0.00672	0.02461	0.00174	0.00654	0.00502	0.00282	0.00682
61	0.01080	0.01038	0.06398	0.04295	0.08959	0.04729	0.04032	0.07087	0.09098	0.04023	0.04426	0.14802	0.11927	0.02368	0.00574	0.00167	0.00471	0.03668	0.00394	0.10465
62	0.04212	0.24170	0.08925	0.03531	0.06768	0.35369	0.02836	0.03593	0.01246	0.01395	0.00825	0.00977	0.00684	0.00488	0.00423	0.00131	0.00721	0.00339	0.02731	0.00636
63	0.06202	0.02997	0.03081	0.01298	0.07925	0.02185	0.14143	0.11461	0.12054	0.11241	0.07235	0.07936	0.01441	0.00653	0.00512	0.00156	0.00511	0.00586	0.01993	0.06388

[dist]
# distance from previous block
# <min> <max>
2	21

[block]
# block no. 3 follows, 49 sequences, length 20
# corresponding to MSA columns:
# 288-307
name=unknown_D
#
# <colnr> <probs for GDERKNQSTAVLIFYWHMCP>
#	G	D	E	R	K	N	Q	S	T	A	V	L	I	F	Y	W	H	M	C	P
0	0.05472	0.03806	0.08300	0.01090	0.05199	0.04510	0.00890	0.22676	0.14534	0.02147	0.01387	0.06446	0.01131	0.00641	0.00503	0.00150	0.02954	0.00503	0.12639	0.05021
1	0.09959	0.00915	0.01039	0.02346	0.01174	0.02236	0.03653	0.18494	0.04681	0.14068	0.03827	0.03565	0.01215	0.00610	0.00444	0.00142	0.00411	0.00489	0.26092	0.04639
2	0.07128	0.02913	0.03254	0.01110	0.03183	0.14559	0.00886	0.24391	0.14702	0.09134	0.01299	0.01334	0.00968	0.00605	0.00543	0.00153	0.05625	0.00441	0.07046	0.00725
3	0.00660	0.00490	0.00628	0.00688	0.00771	0.00440	0.00475	0.00775	0.01029	0.01391	0.09550	0.62809	0.08559	0.01413	0.00615	0.00188	0.00293	0.01270	0.00463	0.07492
4	0.01140	0.01358	0.12388	0.04934	0.05543	0.09428	0.17436	0.01425	0.01062	0.01501	0.01097	0.05826	0.00946	0.00643	0.00756	0.00168	0.18663	0.00515	0.14567	0.00602
5	0.00878	0.00439	0.00659	0.00659	0.00659	0.00439	0.00439	0.00659	0.00659	0.00878	0.00878	0.01537	0.00878	0.01757	0.01976	0.85288	0.00439	0.00439	0.00220	0.00220
6	0.01021	0.05594	0.61121	0.01496	0.09372	0.01142	0.01658	0.01529	0.01110	0.01632	0.08661	0.01344	0.01068	0.00531	0.00487	0.00157	0.00674	0.00431	0.00251	0.00721
7	0.01425	0.56859	0.09371	0.01068	0.03974	0.12273	0.01000	0.06376	0.01174	0.01374	0.00772	0.00888	0.00667	0.00460	0.00373	0.00120	0.00612	0.00305	0.00241	0.00668
8	0.01102	0.00650	0.00668	0.00611	0.00781	0.00684	0.00472	0.11698	0.07465	0.02081	0.01623	0.01794	0.01257	0.00599	0.00387	0.00127	0.00293	0.00477	0.66679	0.00551
9	0.01234	0.29653	0.24082	0.01518	0.13724	0.05977	0.07861	0.01607	0.03877	0.01463	0.00957	0.01236	0.00801	0.00500	0.00448	0.00143	0.00648	0.03326	0.00247	0.00698
10	0.01130	0.21084	0.47562	0.01362	0.01979	0.01386	0.10496	0.01652	0.05935	0.01540	0.00946	0.01094	0.00714	0.00476	0.00460	0.00150	0.00690	0.00388	0.00238	0.00720
11	0.01120	0.01222	0.05004	0.28390	0.17842	0.01209	0.34718	0.01497	0.01121	0.01517	0.00964	0.01326	0.00739	0.00459	0.00544	0.00166	0.00741	0.00512	0.00243	0.00668
12	0.00599	0.00505	0.00520	0.00531	0.00688	0.00425	0.00393	0.00724	0.01135	0.01359	0.04895	0.12380	0.71503	0.01310	0.00602	0.00174	0.00260	0.01103	0.00470	0.00425
13	0.01416	0.73047	0.02506	0.00917	0.01329	0.11259	0.00878	0.01574	0.01075	0.01195	0.00712	0.00823	0.00649	0.00443	0.00340	0.00111	0.00585	0.00277	0.00222	0.00642
14	0.00658	0.00475	0.00627	0.00707	0.00771	0.00444	0.00506	0.00795	0.01094	0.01472	0.18628	0.53816	0.06921	0.01436	0.00639	0.00197	0.00300	0.09596	0.00487	0.00431
15	0.01373	0.00778	0.00904	0.00773	0.01013	0.05603	0.00606	0.01605	0.03194	0.31001	0.35429	0.02896	0.10973	0.00866	0.00553	0.00158	0.00359	0.00733	0.00554	0.00630
16	0.02094	0.00931	0.01229	0.05982	0.01453	0.00875	0.00808	0.12808	0.01549	0.61700	0.03955	0.01684	0.01259	0.00627	0.00510	0.00157	0.00458	0.00509	0.00582	0.00831
17	0.00643	0.00469	0.00616	0.00707	0.00763	0.00427	0.00478	0.00740	0.00973	0.01313	0.02668	0.76815	0.03181	0.01508	0.00628	0.00197	0.00298	0.01366	0.00459	0.05750
18	0.01846	0.01198	0.06436	0.01175	0.01595	0.01094	0.11409	0.24383	0.04086	0.35802	0.04578	0.01567	0.01178	0.00602	0.00522	0.00158	0.00537	0.00514	0.00507	0.00812
19	0.01522	0.01006	0.01193	0.00992	0.01277	0.02529	0.03228	0.31828	0.04043	0.16681	0.08426	0.19302	0.01883	0.00878	0.00552	0.00168	0.00457	0.02818	0.00511	0.00705

[dist]
# distance from previous block
# <min> <max>
4	8

[block]
# block no. 4 follows, 49 sequences, length 37
# corresponding to MSA columns:
# 316-352
name=unknown_E
#
# <colnr> <probs for GDERKNQSTAVLIFYWHMCP>
#	G	D	E	R	K	N	Q	S	T	A	V	L	I	F	Y	W	H	M	C	P
0	0.01335	0.77251	0.05839	0.00943	0.03205	0.01947	0.00923	0.01519	0.01032	0.01218	0.00717	0.00832	0.00652	0.00435	0.00335	0.00111	0.00551	0.00279	0.00217	0.00657
1	0.01014	0.02616	0.79609	0.01441	0.02189	0.01174	0.01868	0.01601	0.01068	0.01601	0.00907	0.01068	0.00641	0.00480	0.00480	0.00160	0.00747	0.00374	0.00214	0.00747
2	0.00699	0.00516	0.00653	0.00619	0.00745	0.00470	0.00464	0.00922	0.01392	0.01935	0.68514	0.03929	0.15123	0.01068	0.00597	0.00161	0.00241	0.00936	0.00544	0.00470
3	0.00651	0.00514	0.00586	0.00568	0.00715	0.00449	0.00426	0.00828	0.01277	0.01662	0.38132	0.04379	0.45675	0.01170	0.00597	0.00166	0.00248	0.00999	0.00509	0.00449
4	0.00620	0.00442	0.00586	0.00699	0.00728	0.00413	0.00464	0.00705	0.00961	0.01281	0.02751	0.79516	0.03299	0.04030	0.00704	0.00214	0.00299	0.01416	0.00464	0.00408
5	0.00723	0.00540	0.00803	0.00803	0.00891	0.00627	0.00621	0.00897	0.00810	0.01167	0.01363	0.02033	0.01284	0.06562	0.77483	0.00801	0.01324	0.00549	0.00272	0.00446
6	0.01014	0.02616	0.79609	0.01441	0.02189	0.01174	0.01868	0.01601	0.01068	0.01601	0.00907	0.01068	0.00641	0.00480	0.00480	0.00160	0.00747	0.00374	0.00214	0.00747
7	0.01352	0.82533	0.02650	0.00865	0.01298	0.02001	0.00865	0.01514	0.01027	0.01190	0.00703	0.00811	0.00649	0.00433	0.00324	0.00108	0.00541	0.00270	0.00216	0.00649
8	0.01014	0.02616	0.79609	0.01441	0.02189	0.01174	0.01868	0.01601	0.01068	0.01601	0.00907	0.01068	0.00641	0.00480	0.00480	0.00160	0.00747	0.00374	0.00214	0.00747
9	0.00616	0.00440	0.00587	0.00704	0.00733	0.00411	0.00469	0.00704	0.00968	0.01291	0.02787	0.81899	0.03344	0.01584	0.00645	0.00205	0.00293	0.01438	0.00469	0.00411
10	0.06401	0.04287	0.01226	0.00897	0.01286	0.00846	0.00747	0.05220	0.01436	0.69409	0.01847	0.01619	0.01177	0.00609	0.00491	0.00154	0.00438	0.00485	0.00589	0.00836
11	0.01352	0.82533	0.02650	0.00865	0.01298	0.02001	0.00865	0.01514	0.01027	0.01190	0.00703	0.00811	0.00649	0.00433	0.00324	0.00108	0.00541	0.00270	0.00216	0.00649
12	0.01894	0.02269	0.01445	0.01283	0.01564	0.69073	0.00975	0.12684	0.01567	0.01513	0.00843	0.00955	0.00681	0.00533	0.00463	0.00133	0.00862	0.00344	0.00295	0.00625
13	0.85801	0.00978	0.00743	0.00665	0.00978	0.01134	0.00548	0.01486	0.00861	0.02269	0.00704	0.00821	0.00548	0.00469	0.00313	0.00156	0.00391	0.00274	0.00313	0.00548
14	0.00662	0.00515	0.00602	0.00580	0.00723	0.00454	0.00435	0.00851	0.01306	0.01729	0.45578	0.04268	0.38187	0.01145	0.00597	0.00164	0.00246	0.00983	0.00517	0.00454
15	0.01922	0.01416	0.01518	0.01163	0.01568	0.01568	0.00961	0.77388	0.02378	0.03187	0.01214	0.01214	0.00860	0.00607	0.00506	0.00152	0.00556	0.00455	0.00506	0.00860
16	0.00640	0.00450	0.00580	0.00673	0.00697	0.00427	0.00437	0.00710	0.00921	0.01229	0.02547	0.66112	0.03042	0.17783	0.01033	0.00263	0.00333	0.01296	0.00437	0.00390
17	0.00616	0.00440	0.00587	0.00704	0.00733	0.00411	0.00469	0.00704	0.00968	0.01291	0.02787	0.81899	0.03344	0.01584	0.00645	0.00205	0.00293	0.01438	0.00469	0.00411
18	0.01283	0.01099	0.01158	0.01034	0.01325	0.01270	0.00806	0.05523	0.75284	0.02156	0.02026	0.01861	0.01518	0.00683	0.00514	0.00171	0.00406	0.00567	0.00514	0.00803
19	0.00864	0.00550	0.00723	0.00661	0.00807	0.00503	0.00503	0.01098	0.01433	0.09419	0.71472	0.03581	0.04435	0.00995	0.00588	0.00159	0.00257	0.00876	0.00563	0.00514
20	0.01209	0.01158	0.01975	0.14374	0.68140	0.01190	0.01531	0.01514	0.01131	0.01600	0.00944	0.01266	0.00783	0.00459	0.00501	0.00153	0.00611	0.00450	0.00247	0.00766
21	0.00716	0.00517	0.00676	0.00636	0.00755	0.00477	0.00477	0.00954	0.01431	0.02028	0.78808	0.03777	0.04771	0.01034	0.00596	0.00159	0.00239	0.00914	0.00557	0.00477
22	0.00955	0.00899	0.01517	0.81013	0.03483	0.01123	0.01404	0.01292	0.01011	0.01292	0.00899	0.01348	0.00674	0.00506	0.00506	0.00169	0.00674	0.00449	0.00225	0.00562
23	0.00712	0.00517	0.00671	0.00633	0.00753	0.00476	0.00474	0.00948	0.01423	0.02009	0.76711	0.03808	0.06880	0.01041	0.00596	0.00159	0.00239	0.00919	0.00554	0.00476
24	0.00815	0.00582	0.00815	0.00931	0.01048	0.00582	0.00815	0.01048	0.01164	0.01513	0.02677	0.05704	0.02910	0.01397	0.00698	0.00233	0.00466	0.75671	0.00466	0.00466
25	0.01083	0.00898	0.01052	0.00753	0.01201	0.00676	0.00603	0.01307	0.01060	0.03852	0.00930	0.01068	0.00763	0.00382	0.00378	0.00077	0.00376	0.00306	0.00309	0.82926
26	0.01749	0.01409	0.01482	0.03425	0.05938	0.07131	0.00982	0.53673	0.14354	0.02737	0.01295	0.01306	0.00946	0.00602	0.00503	0.00154	0.00563	0.00464	0.00468	0.00819
27	0.32970	0.00856	0.00795	0.00693	0.00942	0.00948	0.00557	0.16893	0.01250	0.02280	0.01199	0.01351	0.00925	0.00617	0.02093	0.00154	0.00384	0.00395	0.34117	0.00579
28	0.00878	0.00439	0.00659	0.00659	0.00659	0.00439	0.00439	0.00659	0.00659	0.00878	0.00878	0.01537	0.00878	0.01757	0.01976	0.85288	0.00439	0.00439	0.00220	0.00220
29	0.00735	0.00490	0.00552	0.00552	0.00552	0.00490	0.00306	0.00735	0.00735	0.00980	0.01593	0.03309	0.01838	0.82229	0.02574	0.00490	0.00490	0.00735	0.00306	0.00306
30	0.00616	0.00440	0.00587	0.00704	0.00733	0.00411	0.00469	0.00704	0.00968	0.01291	0.02787	0.81899	0.03344	0.01584	0.00645	0.00205	0.00293	0.01438	0.00469	0.00411
31	0.00616	0.00440	0.00587	0.00704	0.00733	0.00411	0.00469	0.00704	0.00968	0.01291	0.02787	0.81899	0.03344	0.01584	0.00645	0.00205	0.00293	0.01438	0.00469	0.00411
32	0.00640	0.00470	0.00656	0.00743	0.00787	0.00440	0.02554	0.00737	0.00972	0.01296	0.02702	0.75760	0.03221	0.03900	0.00701	0.00213	0.00318	0.03015	0.00459	0.00416
33	0.00967	0.00922	0.01589	0.77151	0.03442	0.01131	0.05117	0.01308	0.01020	0.01308	0.00905	0.01349	0.00679	0.00502	0.00510	0.00169	0.00683	0.00457	0.00226	0.00568
34	0.00734	0.00494	0.00571	0.00571	0.00578	0.00501	0.00331	0.00748	0.00741	0.00995	0.01576	0.03211	0.01796	0.76407	0.08337	0.00514	0.00554	0.00721	0.00304	0.00317
35	0.00878	0.00439	0.00659	0.00659	0.00659	0.00439	0.00439	0.00659	0.00659	0.00878	0.00878	0.01537	0.00878	0.01757	0.01976	0.85288	0.00439	0.00439	0.00220	0.00220
36	0.00626	0.00449	0.00597	0.00707	0.00746	0.00420	0.00482	0.00725	0.00991	0.01319	0.04605	0.75080	0.05155	0.01556	0.00645	0.00205	0.00298	0.04507	0.00471	0.00415

[dist]
# distance from previous block
# <min> <max>
0	38

[block]
# block no. 5 follows, 49 sequences, length 20
# corresponding to MSA columns:
# 391-410
name=unknown_F
#
# <colnr> <probs for GDERKNQSTAVLIFYWHMCP>
#	G	D	E	R	K	N	Q	S	T	A	V	L	I	F	Y	W	H	M	C	P
0	0.00955	0.00899	0.01517	0.81013	0.03483	0.01123	0.01404	0.01292	0.01011	0.01292	0.00899	0.01348	0.00674	0.00506	0.00506	0.00169	0.00674	0.00449	0.00225	0.00562
1	0.00716	0.00517	0.00676	0.00636	0.00755	0.00477	0.00477	0.00954	0.01431	0.02028	0.78808	0.03777	0.04771	0.01034	0.00596	0.00159	0.00239	0.00914	0.00557	0.00477
2	0.01352	0.82533	0.02650	0.00865	0.01298	0.02001	0.00865	0.01514	0.01027	0.01190	0.00703	0.00811	0.00649	0.00433	0.00324	0.00108	0.00541	0.00270	0.00216	0.00649
3	0.80433	0.03499	0.00827	0.03280	0.01069	0.01161	0.00585	0.01481	0.00871	0.02204	0.00710	0.00838	0.00555	0.00469	0.00320	0.00155	0.00405	0.00279	0.00307	0.00551
4	0.00970	0.00573	0.00757	0.00679	0.00843	0.00521	0.00521	0.01202	0.01434	0.14704	0.66227	0.03441	0.04195	0.00967	0.00582	0.00159	0.00270	0.00848	0.00568	0.00540
5	0.00616	0.00440	0.00587	0.00704	0.00733	0.00411	0.00469	0.00704	0.00968	0.01291	0.02787	0.81899	0.03344	0.01584	0.00645	0.00205	0.00293	0.01438	0.00469	0.00411
6	0.00783	0.00571	0.00770	0.00866	0.00990	0.00558	0.00747	0.01002	0.01171	0.01511	0.05485	0.05530	0.13067	0.01370	0.00682	0.00222	0.00430	0.63317	0.00469	0.00461
7	0.00955	0.00899	0.01517	0.81013	0.03483	0.01123	0.01404	0.01292	0.01011	0.01292	0.00899	0.01348	0.00674	0.00506	0.00506	0.00169	0.00674	0.00449	0.00225	0.00562
8	0.00616	0.00440	0.00587	0.00704	0.00733	0.00411	0.00469	0.00704	0.00968	0.01291	0.02787	0.81899	0.03344	0.01584	0.00645	0.00205	0.00293	0.01438	0.00469	0.00411
9	0.00955	0.00899	0.01517	0.81013	0.03483	0.01123	0.01404	0.01292	0.01011	0.01292	0.00899	0.01348	0.00674	0.00506	0.00506	0.00169	0.00674	0.00449	0.00225	0.00562
10	0.01288	0.67295	0.17324	0.00975	0.01468	0.01843	0.01057	0.01531	0.01035	0.01268	0.00742	0.00860	0.00647	0.00442	0.00354	0.00118	0.00580	0.00290	0.00216	0.00668
11	0.01243	0.01057	0.01111	0.01003	0.01280	0.01220	0.00779	0.02615	0.74496	0.02104	0.02039	0.01887	0.01532	0.00681	0.00507	0.00169	0.00392	0.00567	0.04532	0.00785
12	0.00955	0.00899	0.01517	0.81013	0.03483	0.01123	0.01404	0.01292	0.01011	0.01292	0.00899	0.01348	0.00674	0.00506	0.00506	0.00169	0.00674	0.00449	0.00225	0.00562
13	0.00747	0.00538	0.00730	0.00813	0.00914	0.00521	0.00663	0.00946	0.01172	0.01556	0.16850	0.21189	0.06359	0.01364	0.00665	0.00211	0.00380	0.43445	0.00483	0.00455
14	0.00952	0.00862	0.01234	0.01093	0.01140	0.01130	0.02671	0.01091	0.00806	0.01224	0.00998	0.01575	0.00965	0.07072	0.27460	0.00428	0.44688	0.00499	0.03610	0.00504
15	0.00979	0.00534	0.00567	0.00546	0.00678	0.00552	0.00417	0.05669	0.01114	0.01892	0.01594	0.01856	0.01267	0.00909	0.08320	0.00189	0.00366	0.00477	0.71579	0.00492
16	0.05004	0.00883	0.01053	0.06739	0.03811	0.00909	0.00738	0.19138	0.06725	0.10200	0.14336	0.10234	0.12441	0.00842	0.00533	0.00160	0.00409	0.00707	0.00471	0.04668
17	0.00728	0.00491	0.00549	0.00549	0.00558	0.00487	0.00310	0.00735	0.00757	0.01001	0.01779	0.03391	0.05881	0.77980	0.02470	0.00473	0.00478	0.00753	0.00315	0.00313
18	0.46468	0.03873	0.06443	0.01062	0.05048	0.05402	0.06847	0.11254	0.01179	0.05188	0.02525	0.01054	0.00749	0.00503	0.00402	0.00154	0.00513	0.00363	0.00335	0.00640
19	0.12899	0.15014	0.14699	0.06884	0.08612	0.07371	0.03526	0.16343	0.01315	0.01868	0.02349	0.01209	0.00826	0.04391	0.00544	0.00163	0.00603	0.00402	0.00304	0.00677

[dist]
# distance from previous block
# <min> <max>
0	4

[block]
# block no. 6 follows, 49 sequences, length 25
# corresponding to MSA columns:
# 415-439
name=unknown_G
#
# <colnr> <probs for GDERKNQSTAVLIFYWHMCP>
#	G	D	E	R	K	N	Q	S	T	A	V	L	I	F	Y	W	H	M	C	P
0	0.09203	0.01304	0.16651	0.01080	0.03757	0.03996	0.00987	0.06945	0.07159	0.31496	0.06468	0.01804	0.01346	0.00647	0.00500	0.00161	0.00509	0.04780	0.00461	0.00746
1	0.01252	0.02397	0.03479	0.01521	0.22426	0.17847	0.00944	0.07150	0.04489	0.02574	0.04204	0.09142	0.07265	0.10775	0.00766	0.00195	0.00570	0.00613	0.01776	0.00615
2	0.01104	0.00922	0.01068	0.00782	0.01209	0.00738	0.00624	0.07720	0.01158	0.01763	0.01010	0.04681	0.00875	0.00448	0.00398	0.00087	0.00386	0.00364	0.00325	0.74338
3	0.00891	0.06981	0.00911	0.00719	0.00902	0.00742	0.00562	0.07924	0.07473	0.01923	0.43423	0.09118	0.14499	0.00998	0.00565	0.00161	0.00310	0.00857	0.00503	0.00538
4	0.00648	0.00511	0.00584	0.00572	0.00715	0.00447	0.00427	0.00821	0.01262	0.01640	0.35883	0.07561	0.44751	0.01190	0.00599	0.00167	0.00250	0.01018	0.00506	0.00447
5	0.00612	0.00456	0.00570	0.00662	0.00722	0.00414	0.00451	0.00709	0.01009	0.01308	0.03305	0.64830	0.20079	0.01517	0.00635	0.00198	0.00285	0.01355	0.00469	0.00414
6	0.00963	0.00910	0.01518	0.76691	0.03366	0.01147	0.01388	0.01288	0.00998	0.01288	0.00886	0.01335	0.00674	0.00526	0.00568	0.00171	0.05048	0.00449	0.00225	0.00561
7	0.01030	0.06300	0.76060	0.01415	0.02148	0.01212	0.01822	0.01597	0.01066	0.01582	0.00898	0.01056	0.00641	0.00478	0.00473	0.00158	0.00738	0.00369	0.00214	0.00743
8	0.01358	0.01119	0.01190	0.15847	0.01637	0.08275	0.00862	0.31509	0.02831	0.02134	0.01892	0.03766	0.14434	0.00718	0.00503	0.00154	0.00514	0.00574	0.10032	0.00649
9	0.01107	0.00696	0.00661	0.00612	0.00775	0.04597	0.00470	0.09218	0.04994	0.02000	0.01581	0.01767	0.01231	0.00592	0.00382	0.00125	0.00311	0.00467	0.67881	0.00534
10	0.00886	0.00518	0.00824	0.00756	0.00814	0.00506	0.06375	0.00770	0.00769	0.01044	0.03776	0.01781	0.04907	0.01553	0.01681	0.67765	0.00446	0.00500	0.04043	0.00286
11	0.00992	0.00936	0.01583	0.71305	0.12903	0.01133	0.01423	0.01324	0.01029	0.01337	0.00905	0.01336	0.00690	0.00499	0.00505	0.00166	0.00665	0.00450	0.00228	0.00592
12	0.01014	0.02616	0.79609	0.01441	0.02189	0.01174	0.01868	0.01601	0.01068	0.01601	0.00907	0.01068	0.00641	0.00480	0.00480	0.00160	0.00747	0.00374	0.00214	0.00747
13	0.12474	0.07970	0.07343	0.00954	0.01354	0.04578	0.00845	0.07172	0.06708	0.43219	0.01539	0.01423	0.01033	0.00577	0.00464	0.00152	0.00487	0.00441	0.00488	0.00778
14	0.01302	0.01098	0.01201	0.01122	0.04909	0.01246	0.00837	0.05943	0.68061	0.03597	0.01943	0.01806	0.01456	0.00664	0.00510	0.00167	0.00416	0.00554	0.00499	0.02671
15	0.00727	0.00492	0.00549	0.00548	0.00568	0.00484	0.00318	0.00747	0.00792	0.01053	0.03458	0.03429	0.08704	0.71880	0.02317	0.00448	0.00460	0.00763	0.01939	0.00324
16	0.01327	0.05379	0.06816	0.08025	0.07974	0.01247	0.46059	0.05168	0.01243	0.10054	0.01100	0.01342	0.00806	0.00467	0.00549	0.00163	0.00740	0.00530	0.00300	0.00711
17	0.02094	0.05492	0.01378	0.00993	0.01391	0.01109	0.00828	0.29439	0.01760	0.47680	0.01643	0.01489	0.01078	0.00609	0.00498	0.00152	0.00482	0.00476	0.00560	0.00849
18	0.00625	0.00449	0.00596	0.00710	0.00748	0.00420	0.00484	0.00722	0.00984	0.01304	0.02853	0.75757	0.05628	0.01566	0.00647	0.00206	0.00301	0.05119	0.00469	0.00414
19	0.01781	0.03313	0.01316	0.01008	0.01355	0.01190	0.00823	0.44164	0.01919	0.21510	0.08553	0.07801	0.01497	0.00721	0.00521	0.00157	0.00476	0.00581	0.00529	0.00785
20	0.01894	0.00983	0.03638	0.00953	0.01307	0.00900	0.00800	0.19127	0.01594	0.46997	0.04724	0.08060	0.01517	0.00744	0.00530	0.00163	0.00453	0.04263	0.00563	0.00789
21	0.01240	0.01383	0.08364	0.09618	0.53183	0.06150	0.09578	0.01570	0.01154	0.01587	0.00940	0.01236	0.00764	0.00460	0.00507	0.00154	0.00665	0.00452	0.00246	0.00749
22	0.78275	0.05040	0.03987	0.00706	0.01042	0.01178	0.00616	0.01492	0.00877	0.02189	0.00712	0.00831	0.00556	0.00468	0.00320	0.00154	0.00413	0.00278	0.00304	0.00561
23	0.00790	0.00648	0.01005	0.00927	0.01025	0.00740	0.06554	0.00953	0.00843	0.01201	0.01415	0.09186	0.01418	0.12120	0.49874	0.00611	0.09305	0.00639	0.00287	0.00459
24	0.01054	0.00862	0.01017	0.00750	0.01165	0.00656	0.00594	0.01267	0.01055	0.04068	0.01079	0.07324	0.00966	0.00476	0.00400	0.00088	0.00370	0.00394	0.00323	0.76093

[dist]
# distance from previous block
# <min> <max>
0	1

[block]
# block no. 7 follows, 49 sequences, length 28
# corresponding to MSA columns:
# 441-468
name=unknown_H
#
# <colnr> <probs for GDERKNQSTAVLIFYWHMCP>
#	G	D	E	R	K	N	Q	S	T	A	V	L	I	F	Y	W	H	M	C	P
0	0.04286	0.66629	0.10248	0.00944	0.01378	0.01859	0.00970	0.01504	0.01010	0.01271	0.00721	0.00855	0.00645	0.00466	0.00422	0.00122	0.05509	0.00291	0.00220	0.00649
1	0.01689	0.02502	0.01282	0.00994	0.01340	0.01200	0.00808	0.47065	0.01892	0.12990	0.01486	0.09715	0.01193	0.00691	0.00497	0.00149	0.00475	0.00552	0.06940	0.06540
2	0.11899	0.00921	0.01153	0.00895	0.01278	0.00857	0.00739	0.08615	0.01457	0.64130	0.01780	0.01575	0.01138	0.00606	0.00486	0.00156	0.00436	0.00477	0.00580	0.00824
