[name]
unknown

[dist]
# distance from previous block
# <min> <max>
0	53

[block]
# block no. 0 follows, 44 sequences, length 6
# corresponding to MSA columns:
# 56-61
name=unknown_A
#
# <colnr> <probs for GDERKNQSTAVLIFYWHMCP>
#	G	D	E	R	K	N	Q	S	T	A	V	L	I	F	Y	W	H	M	C	P
0	0.29047	0.00923	0.01025	0.00894	0.01171	0.01007	0.00727	0.06030	0.03166	0.19746	0.01560	0.01794	0.04030	0.01472	0.18564	0.00339	0.04796	0.02613	0.00430	0.00665
1	0.00947	0.00696	0.00940	0.00896	0.01013	0.00809	0.00701	0.07254	0.01060	0.01564	0.01521	0.06585	0.01410	0.02924	0.50359	0.00622	0.07629	0.00614	0.11923	0.00533
2	0.29964	0.00992	0.01303	0.30174	0.02179	0.01148	0.05298	0.04110	0.01103	0.03917	0.01208	0.09748	0.01078	0.00695	0.00538	0.00184	0.02916	0.02502	0.00334	0.00608
3	0.00895	0.00501	0.00724	0.00724	0.00742	0.00519	0.00491	0.00769	0.00752	0.01020	0.01147	0.02010	0.01166	0.13251	0.16073	0.57463	0.00660	0.00538	0.00260	0.00295
4	0.27979	0.01195	0.01721	0.07887	0.47807	0.01266	0.01316	0.01631	0.01130	0.01966	0.00936	0.01208	0.00767	0.00496	0.00475	0.00165	0.00581	0.00425	0.00290	0.00758
5	0.01657	0.12565	0.01773	0.05099	0.09773	0.11386	0.01086	0.26539	0.11955	0.02226	0.01215	0.01327	0.00947	0.00629	0.00610	0.00163	0.07171	0.00461	0.02628	0.00789

[dist]
# distance from previous block
# <min> <max>
1	5

[block]
# block no. 1 follows, 44 sequences, length 24
# corresponding to MSA columns:
# 67-90
name=unknown_B
#
# <colnr> <probs for GDERKNQSTAVLIFYWHMCP>
#	G	D	E	R	K	N	Q	S	T	A	V	L	I	F	Y	W	H	M	C	P
0	0.01546	0.39941	0.16908	0.01170	0.01639	0.20939	0.01157	0.01803	0.01235	0.04578	0.00907	0.01046	0.00752	0.00651	0.03489	0.00165	0.00755	0.00350	0.00265	0.00704
1	0.06202	0.13444	0.58098	0.01466	0.02180	0.01394	0.06570	0.01707	0.01140	0.01710	0.00943	0.01118	0.00695	0.00506	0.00492	0.00165	0.00759	0.00397	0.00240	0.00773
2	0.01444	0.78171	0.05733	0.00957	0.01436	0.02123	0.00974	0.01636	0.01109	0.01300	0.00766	0.00885	0.00699	0.00468	0.00356	0.00119	0.00592	0.00296	0.00233	0.00704
3	0.01030	0.00969	0.01635	0.79530	0.03755	0.01211	0.01514	0.01393	0.01090	0.01393	0.00969	0.01453	0.00727	0.00545	0.00545	0.00182	0.00727	0.00484	0.00242	0.00606
4	0.01135	0.00918	0.01086	0.00809	0.01245	0.00701	0.00638	0.01361	0.01139	0.04711	0.01220	0.09161	0.01111	0.00546	0.00439	0.00098	0.00397	0.00456	0.00355	0.72475
5	0.01163	0.10678	0.67910	0.01481	0.02241	0.01370	0.01873	0.04161	0.01193	0.01738	0.00967	0.01128	0.00699	0.00517	0.00502	0.00167	0.00776	0.00395	0.00241	0.00799
6	0.01349	0.01295	0.02213	0.03346	0.77440	0.01295	0.01673	0.01673	0.01241	0.01781	0.01025	0.01349	0.00864	0.00486	0.00540	0.00162	0.00648	0.00486	0.00270	0.00864
7	0.01130	0.00969	0.01130	0.00807	0.01292	0.00727	0.00646	0.01373	0.01130	0.01776	0.00969	0.01130	0.00807	0.00404	0.00404	0.00081	0.00404	0.00323	0.00323	0.84173
8	0.01030	0.00969	0.01635	0.79530	0.03755	0.01211	0.01514	0.01393	0.01090	0.01393	0.00969	0.01453	0.00727	0.00545	0.00545	0.00182	0.00727	0.00484	0.00242	0.00606
9	0.01060	0.00979	0.01601	0.73821	0.03575	0.01207	0.01460	0.04419	0.01155	0.01479	0.01127	0.01568	0.03154	0.00576	0.00548	0.00181	0.00707	0.00506	0.00263	0.00614
10	0.00831	0.00584	0.00778	0.00767	0.00845	0.00643	0.00555	0.02792	0.00926	0.01328	0.03403	0.02610	0.01641	0.27857	0.45641	0.00681	0.01035	0.00652	0.05980	0.00451
11	0.84691	0.01054	0.00801	0.00717	0.01054	0.01223	0.00590	0.01603	0.00928	0.02446	0.00759	0.00886	0.00590	0.00506	0.00337	0.00169	0.00422	0.00295	0.00337	0.00590
12	0.00766	0.00553	0.00724	0.00690	0.00813	0.00511	0.00514	0.01015	0.01517	0.02144	0.73250	0.08094	0.05063	0.01146	0.00646	0.00174	0.00260	0.01016	0.00595	0.00511
13	0.01356	0.01171	0.01233	0.01109	0.01418	0.01356	0.00863	0.02897	0.76455	0.02281	0.02219	0.02034	0.01664	0.00740	0.00555	0.00185	0.00431	0.00616	0.00555	0.00863
14	0.01093	0.02820	0.78016	0.01554	0.02360	0.01266	0.02014	0.01727	0.01151	0.01727	0.00978	0.01151	0.00691	0.00518	0.00518	0.00173	0.00806	0.00403	0.00230	0.00806
15	0.00821	0.00609	0.00799	0.00893	0.01033	0.00586	0.00765	0.01044	0.01252	0.01593	0.03533	0.05928	0.21300	0.01475	0.00726	0.00235	0.00447	0.55966	0.00503	0.00492
16	0.01087	0.01004	0.01619	0.64888	0.07898	0.01180	0.01423	0.03404	0.01143	0.01510	0.00982	0.01411	0.00749	0.00530	0.00530	0.00170	0.00686	0.00468	0.00260	0.09057
17	0.46999	0.01156	0.01071	0.00890	0.01244	0.01291	0.00729	0.25833	0.01528	0.04661	0.05130	0.01429	0.04751	0.00634	0.00442	0.00168	0.00466	0.00444	0.00436	0.00699
18	0.01130	0.00969	0.01130	0.00807	0.01292	0.00727	0.00646	0.01373	0.01130	0.01776	0.00969	0.01130	0.00807	0.00404	0.00404	0.00081	0.00404	0.00323	0.00323	0.84173
19	0.01363	0.07872	0.03931	0.05069	0.01615	0.21214	0.05832	0.01530	0.01091	0.01335	0.00969	0.03345	0.00929	0.08656	0.03125	0.00239	0.30522	0.00499	0.00268	0.00597
20	0.00833	0.00652	0.00935	0.00905	0.00976	0.00783	0.00695	0.00990	0.00859	0.01241	0.01404	0.02230	0.01372	0.14837	0.58036	0.00746	0.11138	0.00601	0.00291	0.00478
21	0.01843	0.01486	0.01454	0.01191	0.01562	0.10422	0.00955	0.40340	0.23592	0.06188	0.01571	0.01529	0.01148	0.00668	0.00536	0.00166	0.00578	0.00514	0.03394	0.00860
22	0.00784	0.00578	0.00714	0.00738	0.00841	0.00532	0.00507	0.03259	0.01122	0.01526	0.09602	0.47377	0.07219	0.13071	0.00959	0.00244	0.00358	0.01206	0.00472	0.08893
23	0.00921	0.00648	0.00845	0.10356	0.01186	0.00672	0.00638	0.05727	0.01091	0.04055	0.02157	0.30571	0.02400	0.29305	0.01399	0.00321	0.00478	0.06333	0.00420	0.00475

[dist]
# distance from previous block
# <min> <max>
2	3

[block]
# block no. 2 follows, 44 sequences, length 26
# corresponding to MSA columns:
# 94-119
name=unknown_C
#
# <colnr> <probs for GDERKNQSTAVLIFYWHMCP>
#	G	D	E	R	K	N	Q	S	T	A	V	L	I	F	Y	W	H	M	C	P
0	0.14887	0.06929	0.01646	0.01320	0.01615	0.40760	0.06051	0.07345	0.01386	0.01687	0.00860	0.01045	0.00711	0.00598	0.00640	0.00161	0.11018	0.00385	0.00301	0.00654
1	0.01156	0.02202	0.00876	0.00802	0.00968	0.00615	0.00605	0.01326	0.01295	0.19737	0.21507	0.29235	0.05897	0.05262	0.00766	0.00210	0.01772	0.04636	0.00551	0.00582
2	0.00713	0.00519	0.00662	0.00759	0.00818	0.00489	0.00517	0.03457	0.01116	0.01472	0.03166	0.71001	0.09998	0.01641	0.00686	0.00216	0.00323	0.01477	0.00508	0.00462
3	0.01240	0.01737	0.18661	0.04192	0.02772	0.01351	0.58292	0.01733	0.01253	0.01733	0.01074	0.01404	0.00796	0.00474	0.00615	0.00181	0.00891	0.00589	0.00265	0.00746
4	0.01373	0.56495	0.24093	0.01124	0.01680	0.04332	0.01243	0.01676	0.01134	0.01410	0.00823	0.00956	0.00697	0.00484	0.00402	0.00133	0.00659	0.00325	0.00234	0.00728
5	0.00724	0.00595	0.00644	0.00631	0.00809	0.00534	0.00479	0.00980	0.06011	0.01685	0.20958	0.04817	0.54263	0.01286	0.00642	0.00184	0.00289	0.03440	0.00530	0.00499
6	0.00745	0.00508	0.00609	0.00656	0.00668	0.00496	0.00396	0.00780	0.00887	0.01183	0.02201	0.32450	0.02592	0.51126	0.01994	0.00413	0.00449	0.01077	0.00396	0.00373
7	0.01156	0.16224	0.65158	0.01448	0.02195	0.01419	0.01829	0.01710	0.01144	0.01651	0.00941	0.01104	0.00692	0.00509	0.00489	0.00163	0.00768	0.00384	0.00231	0.00788
8	0.01941	0.01428	0.01530	0.01191	0.01589	0.01579	0.00972	0.66214	0.05712	0.03215	0.01385	0.01485	0.01031	0.05027	0.00663	0.00183	0.00579	0.00513	0.02884	0.00880
9	0.00854	0.00644	0.00908	0.08199	0.01297	0.00665	0.00851	0.01088	0.01223	0.01600	0.07459	0.14317	0.07178	0.01398	0.00736	0.00232	0.02165	0.48201	0.00479	0.00505
10	0.78858	0.04137	0.00907	0.00742	0.01088	0.01274	0.00618	0.03974	0.00987	0.02433	0.00777	0.00899	0.00605	0.00509	0.00345	0.00167	0.00434	0.00301	0.00340	0.00605
11	0.01238	0.09910	0.18083	0.01746	0.02310	0.01348	0.38640	0.01658	0.01200	0.01683	0.01007	0.01282	0.00779	0.00482	0.00594	0.00161	0.03719	0.00503	0.00268	0.13388
12	0.00784	0.00537	0.00627	0.00627	0.00649	0.00544	0.00378	0.00815	0.00826	0.01104	0.01879	0.03476	0.05717	0.67283	0.12093	0.00554	0.00631	0.00785	0.00334	0.00356
13	0.00772	0.00557	0.00729	0.00686	0.00814	0.00514	0.00514	0.01029	0.01543	0.02186	0.77152	0.04072	0.05144	0.01115	0.00643	0.00171	0.00257	0.00986	0.00600	0.00514
14	0.01458	0.81168	0.02857	0.00933	0.01399	0.02157	0.00933	0.01632	0.01108	0.01283	0.00758	0.00875	0.00700	0.00466	0.00350	0.00117	0.00583	0.00292	0.00233	0.00700
15	0.84691	0.01054	0.00801	0.00717	0.01054	0.01223	0.00590	0.01603	0.00928	0.02446	0.00759	0.00886	0.00590	0.00506	0.00337	0.00169	0.00422	0.00295	0.00337	0.00590
16	0.00664	0.00474	0.00633	0.00759	0.00791	0.00443	0.00506	0.00759	0.01044	0.01392	0.03005	0.80485	0.03606	0.01708	0.00696	0.00221	0.00316	0.01550	0.00506	0.00443
17	0.01333	0.01279	0.02184	0.07206	0.73706	0.01291	0.01665	0.01659	0.01234	0.01761	0.01023	0.01355	0.00857	0.00489	0.00540	0.00163	0.00652	0.00486	0.00268	0.00850
18	0.00769	0.00519	0.00602	0.00625	0.00631	0.00513	0.00363	0.00787	0.00839	0.01119	0.01955	0.17764	0.02282	0.66235	0.02391	0.00472	0.00489	0.00933	0.00363	0.00351
19	0.01813	0.01213	0.01327	0.01055	0.01423	0.01299	0.00858	0.42226	0.10972	0.12133	0.01590	0.01582	0.01144	0.00654	0.00513	0.00157	0.00496	0.00510	0.15027	0.04007
20	0.73082	0.08475	0.02889	0.02555	0.01179	0.01310	0.00678	0.01604	0.00954	0.02297	0.00769	0.00904	0.00606	0.00504	0.00348	0.00164	0.00453	0.00302	0.00323	0.00606
21	0.80156	0.05420	0.00913	0.00729	0.01073	0.01274	0.00609	0.01604	0.00938	0.02383	0.00759	0.00885	0.00596	0.00504	0.00338	0.00166	0.00431	0.00295	0.00332	0.00596
22	0.02015	0.01435	0.01545	0.01193	0.01607	0.01576	0.00983	0.67770	0.02428	0.06189	0.01373	0.01379	0.00975	0.00654	0.00534	0.00161	0.00571	0.00494	0.06219	0.00899
23	0.01243	0.03585	0.04097	0.01367	0.01444	0.09287	0.01151	0.01390	0.00928	0.01323	0.00807	0.01249	0.00773	0.01177	0.08686	0.00282	0.59898	0.00467	0.00247	0.00600
24	0.01959	0.01471	0.01572	0.01231	0.01648	0.01638	0.01009	0.64144	0.14225	0.03254	0.01453	0.01423	0.01043	0.00668	0.00547	0.00167	0.00573	0.00511	0.00547	0.00917
25	0.00679	0.00485	0.00648	0.00763	0.00804	0.00454	0.00520	0.00790	0.01084	0.01453	0.07914	0.72780	0.03691	0.01661	0.00694	0.00219	0.00319	0.04078	0.00512	0.00450

[dist]
# distance from previous block
# <min> <max>
0	1

[block]
# block no. 3 follows, 44 sequences, length 30
# corresponding to MSA columns:
# 121-150
name=unknown_D
#
# <colnr> <probs for GDERKNQSTAVLIFYWHMCP>
#	G	D	E	R	K	N	Q	S	T	A	V	L	I	F	Y	W	H	M	C	P
0	0.10374	0.00976	0.01100	0.00805	0.01270	0.00785	0.00647	0.01457	0.01128	0.05330	0.01000	0.01137	0.00808	0.00427	0.00403	0.00094	0.00408	0.00330	0.00341	0.71178
1	0.01332	0.01400	0.06855	0.06947	0.67640	0.02853	0.01674	0.01673	0.01234	0.01750	0.01016	0.01335	0.00843	0.00492	0.00538	0.00163	0.00668	0.00478	0.00266	0.00843
2	0.01772	0.05271	0.12642	0.01240	0.01690	0.12200	0.01113	0.30938	0.13733	0.08306	0.01366	0.01371	0.00996	0.00617	0.00521	0.00160	0.00636	0.00467	0.00451	0.04510
3	0.00868	0.00582	0.00733	0.00728	0.00796	0.00605	0.00494	0.01006	0.03786	0.04724	0.01927	0.11523	0.03961	0.41482	0.23860	0.00555	0.00756	0.00808	0.00368	0.00438
4	0.00670	0.00551	0.00590	0.00594	0.00761	0.00471	0.00445	0.00825	0.01276	0.01574	0.15520	0.08961	0.61245	0.01363	0.00650	0.00186	0.00281	0.03049	0.00520	0.00468
5	0.01276	0.01299	0.05434	0.18103	0.59788	0.01278	0.01657	0.01621	0.01208	0.01703	0.01012	0.01361	0.00829	0.00499	0.00540	0.00166	0.00670	0.00482	0.00263	0.00811
6	0.01191	0.08868	0.48110	0.01850	0.10458	0.01366	0.17131	0.01717	0.01185	0.01700	0.00991	0.01216	0.00738	0.00498	0.00532	0.00169	0.00794	0.00452	0.00244	0.00789
7	0.00922	0.00597	0.00740	0.00681	0.00857	0.00532	0.00519	0.01142	0.01464	0.10357	0.49525	0.04144	0.24178	0.01138	0.00633	0.00175	0.00285	0.00982	0.00583	0.00545
8	0.01198	0.01054	0.01040	0.00950	0.01216	0.05832	0.00732	0.02173	0.45776	0.03700	0.06353	0.02954	0.22908	0.00923	0.00580	0.00181	0.00415	0.00764	0.00529	0.00722
9	0.01379	0.59934	0.17381	0.01236	0.07339	0.01919	0.01199	0.01654	0.01126	0.01406	0.00821	0.00964	0.00710	0.00478	0.00397	0.00131	0.00631	0.00328	0.00235	0.00733
10	0.00810	0.00657	0.03265	0.04371	0.01150	0.00603	0.00794	0.01022	0.01179	0.01550	0.04410	0.30589	0.05764	0.01487	0.00711	0.00232	0.00446	0.39979	0.00485	0.00495
11	0.02446	0.00928	0.01265	0.00970	0.01392	0.00801	0.00801	0.02657	0.01560	0.77817	0.02151	0.01856	0.01350	0.00675	0.00548	0.00169	0.00464	0.00548	0.00675	0.00928
12	0.01188	0.01186	0.01669	0.03734	0.01500	0.01656	0.01202	0.01314	0.00842	0.01314	0.00723	0.01200	0.00716	0.00942	0.01752	0.00237	0.77509	0.00477	0.00239	0.00597
13	0.01278	0.01452	0.10686	0.17450	0.34556	0.01313	0.18427	0.05026	0.01273	0.01768	0.01040	0.01373	0.00813	0.00502	0.00562	0.00172	0.00740	0.00512	0.00274	0.00781
14	0.01180	0.01174	0.01646	0.01414	0.01417	0.01640	0.01177	0.01302	0.00836	0.01311	0.00738	0.01222	0.00735	0.01049	0.04120	0.00258	0.77466	0.00480	0.00240	0.00593
15	0.12206	0.37237	0.02036	0.01109	0.01474	0.33400	0.00944	0.01846	0.01259	0.01451	0.00792	0.00927	0.00687	0.00520	0.00435	0.00135	0.02300	0.00320	0.00266	0.00656
16	0.00750	0.00558	0.00698	0.00668	0.00807	0.00507	0.00504	0.00983	0.01477	0.02033	0.61276	0.04355	0.19146	0.01177	0.00646	0.00176	0.00267	0.02890	0.00579	0.00504
17	0.00779	0.00584	0.00876	0.00876	0.00974	0.00681	0.00681	0.00974	0.00876	0.01266	0.01460	0.02142	0.01363	0.04089	0.78680	0.00876	0.01460	0.00584	0.00292	0.00487
18	0.00764	0.00557	0.00718	0.00678	0.00810	0.00511	0.00508	0.01014	0.01525	0.02142	0.72726	0.04145	0.09598	0.01131	0.00643	0.00172	0.00258	0.00996	0.00594	0.00511
19	0.02071	0.01562	0.01633	0.01259	0.01690	0.04235	0.01037	0.73193	0.02530	0.03366	0.01293	0.01298	0.00920	0.00651	0.00544	0.00163	0.00613	0.00486	0.00537	0.00917
20	0.01491	0.01238	0.01309	0.01137	0.01469	0.01419	0.00896	0.16592	0.62540	0.02498	0.02048	0.01897	0.01525	0.00724	0.00553	0.00181	0.00463	0.00593	0.00553	0.00875
21	0.84691	0.01054	0.00801	0.00717	0.01054	0.01223	0.00590	0.01603	0.00928	0.02446	0.00759	0.00886	0.00590	0.00506	0.00337	0.00169	0.00422	0.00295	0.00337	0.00590
22	0.01450	0.75589	0.02734	0.00938	0.01386	0.04524	0.00921	0.01627	0.01138	0.01319	0.03683	0.01000	0.00870	0.00494	0.00366	0.00119	0.00583	0.00320	0.00249	0.00690
23	0.00989	0.00513	0.00745	0.00731	0.00747	0.00519	0.00495	0.03534	0.00780	0.01041	0.00961	0.01644	0.00946	0.01847	0.02071	0.80973	0.00478	0.00474	0.00248	0.00263
24	0.07456	0.06171	0.01349	0.00958	0.01378	0.00936	0.00802	0.04207	0.01515	0.66465	0.01955	0.01719	0.01251	0.00650	0.00522	0.00165	0.00472	0.00515	0.00622	0.00892
25	0.01155	0.16007	0.65365	0.01449	0.02198	0.01416	0.01832	0.01711	0.01144	0.01652	0.00941	0.01104	0.00692	0.00509	0.00490	0.00163	0.00768	0.00384	0.00231	0.00788
26	0.01240	0.01294	0.01899	0.01558	0.01669	0.05626	0.13670	0.01420	0.00950	0.01385	0.00811	0.01259	0.00754	0.00950	0.03964	0.00244	0.59940	0.00502	0.00249	0.00618
27	0.00761	0.00583	0.00854	0.00894	0.00995	0.00551	0.05220	0.00932	0.01165	0.01549	0.10148	0.47725	0.06845	0.01512	0.00698	0.00219	0.00389	0.17978	0.00500	0.00482
28	0.00688	0.00521	0.00670	0.02525	0.00870	0.00490	0.00529	0.00799	0.01076	0.01411	0.03295	0.63239	0.15629	0.01588	0.00697	0.00212	0.01726	0.01416	0.00492	0.02126
29	0.02929	0.00965	0.01574	0.63718	0.03269	0.01154	0.03706	0.01370	0.01077	0.01438	0.01034	0.03178	0.00840	0.03593	0.00650	0.00190	0.02512	0.00509	0.00260	0.06033

[dist]
# distance from previous block
# <min> <max>
1	2

[block]
# block no. 4 follows, 44 sequences, length 10
# corresponding to MSA columns:
# 153-162
name=unknown_E
#
# <colnr> <probs for GDERKNQSTAVLIFYWHMCP>
#	G	D	E	R	K	N	Q	S	T	A	V	L	I	F	Y	W	H	M	C	P
0	0.74226	0.05456	0.00945	0.00757	0.01099	0.01284	0.00628	0.01696	0.06285	0.02371	0.00862	0.00966	0.00672	0.00520	0.00353	0.00167	0.00431	0.00318	0.00347	0.00616
1	0.01130	0.00969	0.01130	0.00807	0.01292	0.00727	0.00646	0.01373	0.01130	0.01776	0.00969	0.01130	0.00807	0.00404	0.00404	0.00081	0.00404	0.00323	0.00323	0.84173
2	0.02018	0.01465	0.01579	0.01227	0.01650	0.01618	0.01008	0.65109	0.09896	0.06636	0.01437	0.01406	0.01020	0.00664	0.00546	0.00166	0.00577	0.00506	0.00552	0.00921
3	0.08986	0.06782	0.01423	0.01016	0.01421	0.01186	0.00844	0.24184	0.01744	0.40844	0.01668	0.01613	0.01141	0.03926	0.00607	0.00178	0.00512	0.00502	0.00563	0.00859
4	0.00766	0.00526	0.00594	0.00606	0.00627	0.00514	0.00355	0.00789	0.00861	0.01129	0.02215	0.10829	0.09616	0.65637	0.02371	0.00466	0.00484	0.00898	0.00364	0.00354
5	0.01321	0.01456	0.09827	0.03119	0.66493	0.01296	0.05121	0.01682	0.01234	0.01774	0.01024	0.01335	0.00845	0.00488	0.00542	0.00164	0.00676	0.00485	0.00266	0.00852
6	0.01197	0.14110	0.46183	0.01626	0.02286	0.01443	0.18614	0.01698	0.01161	0.01646	0.00962	0.01185	0.00724	0.00517	0.00580	0.00170	0.04449	0.00445	0.00241	0.00764
7	0.00793	0.00579	0.00853	0.00853	0.00953	0.00671	0.00663	0.00992	0.00893	0.01313	0.01480	0.02135	0.01365	0.03876	0.73855	0.00830	0.01386	0.00579	0.05443	0.00488
8	0.00722	0.00552	0.00663	0.00643	0.00786	0.00492	0.00479	0.00930	0.01414	0.01899	0.48584	0.08186	0.30198	0.01236	0.00646	0.00178	0.00267	0.01071	0.00563	0.00492
9	0.01162	0.02526	0.64146	0.01555	0.02254	0.01295	0.05279	0.01720	0.01141	0.04457	0.01001	0.01196	0.00723	0.00565	0.00652	0.00180	0.08689	0.00427	0.00249	0.00786

[dist]
# distance from previous block
# <min> <max>
0	30

[block]
# block no. 5 follows, 44 sequences, length 53
# corresponding to MSA columns:
# 193-245
name=unknown_F
#
# <colnr> <probs for GDERKNQSTAVLIFYWHMCP>
#	G	D	E	R	K	N	Q	S	T	A	V	L	I	F	Y	W	H	M	C	P
0	0.01126	0.09835	0.71286	0.01498	0.02274	0.01346	0.01917	0.01718	0.01147	0.01687	0.00959	0.01126	0.00691	0.00513	0.00503	0.00168	0.00786	0.00393	0.00230	0.00796
1	0.01015	0.00507	0.00513	0.00513	0.00637	0.00507	0.00383	0.01257	0.01133	0.02007	0.01759	0.02024	0.01387	0.00665	0.00422	0.02094	0.00259	0.00507	0.81909	0.00502
2	0.01349	0.01295	0.02213	0.03346	0.77440	0.01295	0.01673	0.01673	0.01241	0.01781	0.01025	0.01349	0.00864	0.00486	0.00540	0.00162	0.00648	0.00486	0.00270	0.00864
3	0.01528	0.01608	0.05349	0.11549	0.02396	0.16995	0.31914	0.04739	0.01354	0.09152	0.01144	0.02571	0.00874	0.00573	0.00655	0.00176	0.05846	0.00542	0.00322	0.00714
4	0.00685	0.00490	0.00656	0.00778	0.00820	0.00460	0.00538	0.00798	0.01075	0.01434	0.05016	0.72072	0.03608	0.01675	0.00699	0.00223	0.00330	0.07684	0.00508	0.00450
5	0.84691	0.01054	0.00801	0.00717	0.01054	0.01223	0.00590	0.01603	0.00928	0.02446	0.00759	0.00886	0.00590	0.00506	0.00337	0.00169	0.00422	0.00295	0.00337	0.00590
6	0.00787	0.00529	0.00593	0.00593	0.00600	0.00526	0.00334	0.00792	0.00810	0.01073	0.01864	0.03632	0.04876	0.77784	0.02693	0.00515	0.00519	0.00807	0.00337	0.00335
7	0.01458	0.81168	0.02857	0.00933	0.01399	0.02157	0.00933	0.01632	0.01108	0.01283	0.00758	0.00875	0.00700	0.00466	0.00350	0.00117	0.00583	0.00292	0.00233	0.00700
8	0.01436	0.01206	0.01254	0.01116	0.01432	0.03124	0.00871	0.05236	0.69487	0.05163	0.02155	0.01980	0.01606	0.00730	0.00553	0.00183	0.00451	0.00604	0.00553	0.00862
9	0.00666	0.00553	0.00582	0.00575	0.00750	0.00470	0.00431	0.00825	0.01294	0.01595	0.17782	0.05046	0.64883	0.01335	0.00644	0.00182	0.00273	0.01122	0.00522	0.00470
10	0.01093	0.02820	0.78016	0.01554	0.02360	0.01266	0.02014	0.01727	0.01151	0.01727	0.00978	0.01151	0.00691	0.00518	0.00518	0.00173	0.00806	0.00403	0.00230	0.00806
11	0.00663	0.00477	0.00630	0.00751	0.00789	0.00443	0.00503	0.00760	0.01051	0.01395	0.03102	0.77590	0.06437	0.01695	0.00694	0.00220	0.00315	0.01534	0.00506	0.00443
12	0.01923	0.18030	0.01803	0.01312	0.01629	0.63628	0.01030	0.02070	0.01459	0.01324	0.00826	0.00962	0.00702	0.00543	0.00464	0.00136	0.00905	0.00339	0.00272	0.00645
13	0.01609	0.00752	0.01010	0.00847	0.01128	0.00667	0.00680	0.01842	0.01525	0.39304	0.34144	0.03047	0.03064	0.00907	0.00598	0.00173	0.00377	0.05190	0.00625	0.02510
14	0.57431	0.01173	0.00985	0.00849	0.01198	0.07444	0.00689	0.03649	0.04377	0.16136	0.01096	0.01130	0.00792	0.00555	0.00403	0.00167	0.00480	0.00364	0.00409	0.00675
15	0.02003	0.01481	0.01590	0.01233	0.01652	0.01639	0.01013	0.70806	0.04895	0.03331	0.01394	0.03946	0.01039	0.00692	0.00551	0.00166	0.00585	0.00530	0.00544	0.00909
16	0.00668	0.00476	0.00631	0.00754	0.00784	0.00446	0.00500	0.00760	0.01036	0.01381	0.02963	0.78010	0.03554	0.04253	0.00763	0.00231	0.00323	0.01525	0.00500	0.00439
17	0.32148	0.07232	0.20434	0.05774	0.16122	0.02962	0.01245	0.01701	0.02325	0.04147	0.00941	0.01119	0.00724	0.00514	0.00446	0.00165	0.00601	0.00382	0.00297	0.00719
18	0.00697	0.00525	0.00639	0.00670	0.00776	0.00474	0.00476	0.00853	0.01253	0.01658	0.27383	0.31680	0.25493	0.03968	0.00731	0.00204	0.00293	0.01229	0.00531	0.00467
19	0.01182	0.00999	0.01158	0.00832	0.01314	0.00779	0.00667	0.05429	0.01209	0.01867	0.00988	0.01140	0.00814	0.00417	0.00411	0.00085	0.00414	0.00332	0.00335	0.79625
20	0.01093	0.02820	0.78016	0.01554	0.02360	0.01266	0.02014	0.01727	0.01151	0.01727	0.00978	0.01151	0.00691	0.00518	0.00518	0.00173	0.00806	0.00403	0.00230	0.00806
21	0.01153	0.15532	0.65821	0.01453	0.02204	0.01411	0.01839	0.01711	0.01144	0.01654	0.00943	0.01106	0.00692	0.00510	0.00491	0.00164	0.00770	0.00385	0.00231	0.00788
22	0.01627	0.01093	0.01255	0.01077	0.01394	0.01202	0.00855	0.04293	0.48098	0.22119	0.04981	0.02003	0.01647	0.00747	0.00624	0.00183	0.04775	0.00602	0.00571	0.00853
23	0.00671	0.00479	0.00629	0.00745	0.00778	0.00448	0.00494	0.00762	0.01034	0.01374	0.02990	0.74315	0.05233	0.06238	0.00814	0.00238	0.00328	0.01497	0.00496	0.00437
24	0.00680	0.00474	0.00637	0.00756	0.00786	0.00444	0.00504	0.00756	0.01026	0.01367	0.02892	0.76178	0.03461	0.01718	0.00774	0.04806	0.00325	0.01491	0.00491	0.00432
25	0.01079	0.01000	0.01653	0.74210	0.05950	0.01232	0.01501	0.04218	0.01151	0.01482	0.00984	0.01445	0.00739	0.00547	0.00545	0.00180	0.00719	0.00485	0.00255	0.00626
26	0.00768	0.00546	0.00727	0.00745	0.00794	0.00585	0.00514	0.00870	0.00866	0.01199	0.01785	0.13866	0.01933	0.34932	0.36749	0.00642	0.00919	0.00806	0.00338	0.00417
27	0.00758	0.00557	0.00711	0.00672	0.00806	0.00509	0.00504	0.01003	0.01512	0.02113	0.69775	0.04193	0.12567	0.01142	0.00643	0.00173	0.00259	0.01003	0.00590	0.00509
28	0.01039	0.00982	0.01637	0.74856	0.03616	0.01239	0.01495	0.01388	0.01075	0.01388	0.00954	0.01438	0.00726	0.00570	0.00620	0.00185	0.05461	0.00484	0.00242	0.00605
29	0.00703	0.00508	0.00670	0.00789	0.00836	0.00486	0.00545	0.00856	0.03490	0.01438	0.02971	0.72394	0.03508	0.01662	0.00696	0.00222	0.00334	0.06923	0.00507	0.00461
30	0.00670	0.00553	0.00588	0.00579	0.00752	0.00471	0.00435	0.00833	0.01304	0.01618	0.20116	0.05007	0.62534	0.01326	0.00644	0.00182	0.00272	0.01117	0.00525	0.00471
31	0.01349	0.01295	0.02213	0.03346	0.77440	0.01295	0.01673	0.01673	0.01241	0.01781	0.01025	0.01349	0.00864	0.00486	0.00540	0.00162	0.00648	0.00486	0.00270	0.00864
32	0.05665	0.01663	0.01583	0.03216	0.05828	0.16662	0.01053	0.46781	0.07621	0.02757	0.01236	0.01285	0.00914	0.00624	0.00526	0.00161	0.00660	0.00464	0.00463	0.00838
33	0.38629	0.05808	0.03443	0.00937	0.01339	0.01281	0.00804	0.18638	0.01470	0.21031	0.01231	0.01226	0.00862	0.00579	0.00442	0.00165	0.00493	0.00404	0.00458	0.00762
34	0.82577	0.03089	0.00853	0.00722	0.01063	0.01247	0.00599	0.01603	0.00932	0.02416	0.00759	0.00885	0.00593	0.00505	0.00338	0.00167	0.00426	0.00295	0.00335	0.00593
35	0.00676	0.00483	0.00646	0.00772	0.00809	0.00453	0.00526	0.00779	0.01055	0.01405	0.02998	0.76445	0.03580	0.01697	0.00699	0.00223	0.00326	0.05475	0.00506	0.00446
36	0.01217	0.01165	0.01998	0.34553	0.45611	0.01263	0.03214	0.01560	0.01180	0.01621	0.01004	0.01395	0.00807	0.00509	0.00544	0.00170	0.00686	0.00489	0.00259	0.00755
37	0.02166	0.00866	0.01175	0.00922	0.01295	0.00753	0.00753	0.02385	0.01558	0.65169	0.14694	0.02226	0.01984	0.00748	0.00564	0.00169	0.00429	0.00621	0.00662	0.00859
38	0.01331	0.01277	0.02180	0.07715	0.73214	0.01291	0.01664	0.01657	0.01233	0.01759	0.01022	0.01355	0.00856	0.00489	0.00540	0.00163	0.00652	0.00486	0.00268	0.00849
39	0.01130	0.00969	0.01130	0.00807	0.01292	0.00727	0.00646	0.01373	0.01130	0.01776	0.00969	0.01130	0.00807	0.00404	0.00404	0.00081	0.00404	0.00323	0.00323	0.84173
40	0.01180	0.01247	0.02238	0.01766	0.04130	0.05387	0.40973	0.02985	0.01246	0.01646	0.01712	0.13663	0.05700	0.00822	0.00744	0.00195	0.07555	0.05820	0.00341	0.00650
41	0.00793	0.00529	0.00595	0.00595	0.00595	0.00529	0.00330	0.00793	0.00793	0.01057	0.01718	0.03568	0.01982	0.80840	0.02775	0.00529	0.00529	0.00793	0.00330	0.00330
42	0.06645	0.02881	0.03715	0.01146	0.01583	0.01210	0.05187	0.26087	0.05043	0.38271	0.01683	0.01571	0.01123	0.00641	0.00537	0.00168	0.00543	0.00515	0.00565	0.00887
43	0.00836	0.00569	0.00743	0.00699	0.00836	0.00522	0.00524	0.01080	0.01513	0.05384	0.68730	0.07711	0.06515	0.01130	0.00642	0.00174	0.00269	0.00998	0.00597	0.00527
44	0.01318	0.01277	0.02088	0.09312	0.63286	0.03782	0.02998	0.01638	0.01241	0.01726	0.01121	0.01617	0.00974	0.00550	0.00553	0.00168	0.00662	0.04594	0.00281	0.00812
45	0.00783	0.00531	0.00597	0.00595	0.00612	0.00524	0.00342	0.00801	0.00849	0.01125	0.04807	0.03690	0.06716	0.72949	0.02563	0.00494	0.00503	0.00822	0.00351	0.00345
46	0.01781	0.23289	0.10228	0.01297	0.01684	0.50093	0.01126	0.01985	0.01387	0.01363	0.00835	0.00973	0.00700	0.00532	0.00457	0.00138	0.00859	0.00341	0.00263	0.00669
47	0.03329	0.01328	0.06148	0.12717	0.46189	0.01287	0.01495	0.10742	0.01398	0.08443	0.01140	0.01380	0.00879	0.00532	0.00536	0.00166	0.00640	0.00483	0.00334	0.00834
48	0.02046	0.01474	0.01585	0.01220	0.01645	0.01623	0.01006	0.70884	0.02484	0.05525	0.01350	0.01350	0.00956	0.00654	0.00540	0.00162	0.00584	0.00493	0.03508	0.00912
49	0.01429	0.72840	0.07914	0.01066	0.04349	0.02064	0.01034	0.01640	0.01116	0.01332	0.00783	0.00911	0.00705	0.00471	0.00368	0.00122	0.00601	0.00306	0.00234	0.00713
50	0.00647	0.00552	0.00557	0.00556	0.00738	0.00462	0.00417	0.00788	0.01250	0.01490	0.07261	0.05218	0.75469	0.01374	0.00644	0.00184	0.00276	0.01147	0.00509	0.00462
51	0.01325	0.00984	0.01165	0.00843	0.01318	0.00770	0.00679	0.04166	0.01234	0.11145	0.01126	0.01226	0.00878	0.00446	0.00426	0.00094	0.00418	0.00357	0.00374	0.71026
52	0.07946	0.00853	0.01071	0.03363	0.10400	0.00843	0.00756	0.06272	0.04664	0.09547	0.14585	0.05515	0.12861	0.08792	0.02672	0.00221	0.00458	0.01950	0.00457	0.06771

[dist]
# distance from previous block
# <min> <max>
0	1

[block]
# block no. 6 follows, 44 sequences, length 14
# corresponding to MSA columns:
# 247-260
name=unknown_G
#
# <colnr> <probs for GDERKNQSTAVLIFYWHMCP>
#	G	D	E	R	K	N	Q	S	T	A	V	L	I	F	Y	W	H	M	C	P
0	0.56340	0.07621	0.01205	0.18291	0.04414	0.01300	0.00862	0.01561	0.00990	0.02093	0.00815	0.01027	0.00639	0.00511	0.00392	0.00167	0.00511	0.00344	0.00305	0.00613
1	0.04452	0.50468	0.02316	0.01074	0.01480	0.23916	0.00956	0.04607	0.01296	0.03885	0.00848	0.00954	0.00726	0.00509	0.00404	0.00129	0.00689	0.00324	0.00276	0.00693
2	0.01030	0.00969	0.01635	0.79530	0.03755	0.01211	0.01514	0.01393	0.01090	0.01393	0.00969	0.01453	0.00727	0.00545	0.00545	0.00182	0.00727	0.00484	0.00242	0.00606
3	0.02446	0.00928	0.01265	0.00970	0.01392	0.00801	0.00801	0.02657	0.01560	0.77817	0.02151	0.01856	0.01350	0.00675	0.00548	0.00169	0.00464	0.00548	0.00675	0.00928
4	0.00790	0.00541	0.00656	0.00656	0.00678	0.00562	0.00407	0.00832	0.00811	0.01103	0.01661	0.03255	0.01846	0.64018	0.19412	0.00605	0.00733	0.00747	0.00322	0.00365
5	0.84691	0.01054	0.00801	0.00717	0.01054	0.01223	0.00590	0.01603	0.00928	0.02446	0.00759	0.00886	0.00590	0.00506	0.00337	0.00169	0.00422	0.00295	0.00337	0.00590
6	0.02387	0.01022	0.01324	0.01015	0.01439	0.00941	0.00838	0.14143	0.01718	0.66108	0.02018	0.01770	0.01283	0.00672	0.00548	0.00168	0.00485	0.00539	0.00654	0.00928
7	0.00779	0.00584	0.00876	0.00876	0.00974	0.00681	0.00681	0.00974	0.00876	0.01266	0.01460	0.02142	0.01363	0.04089	0.78680	0.00876	0.01460	0.00584	0.00292	0.00487
8	0.00752	0.00589	0.00687	0.00672	0.00827	0.00542	0.00506	0.01029	0.05835	0.01844	0.37530	0.08972	0.33554	0.01245	0.00645	0.00183	0.00286	0.03244	0.00552	0.00509
9	0.01310	0.00751	0.00941	0.00795	0.01069	0.00665	0.00622	0.01607	0.05838	0.23395	0.29824	0.06036	0.11555	0.00924	0.00580	0.00162	0.00351	0.00790	0.00566	0.12217
10	0.01125	0.00969	0.01156	0.04760	0.01416	0.00751	0.00690	0.01374	0.01128	0.01757	0.00969	0.01147	0.00803	0.00411	0.00411	0.00086	0.00420	0.00331	0.00319	0.79977
11	0.03468	0.01182	0.13818	0.07452	0.03149	0.00929	0.02501	0.03388	0.10372	0.14615	0.27497	0.02408	0.02462	0.00775	0.00567	0.00170	0.00480	0.00662	0.00486	0.03618
12	0.01282	0.01061	0.01411	0.01246	0.10929	0.00907	0.04285	0.04398	0.01221	0.06290	0.01055	0.01226	0.00848	0.00464	0.00500	0.00110	0.03564	0.00384	0.00340	0.58479
13	0.01112	0.01246	0.07573	0.48004	0.03253	0.01265	0.21317	0.01508	0.01138	0.01519	0.00996	0.01417	0.00753	0.00532	0.00614	0.00181	0.03857	0.00516	0.00252	0.02946

[dist]
# distance from previous block
# <min> <max>
0	1

[block]
# block no. 7 follows, 44 sequences, length 35
# corresponding to MSA columns:
# 262-296
name=unknown_H
#
# <colnr> <probs for GDERKNQSTAVLIFYWHMCP>
#	G	D	E	R	K	N	Q	S	T	A	V	L	I	F	Y	W	H	M	C	P
0	0.01858	0.01527	0.01534	0.01289	0.03997	0.09132	0.01007	0.48345	0.18988	0.02881	0.01538	0.01515	0.02507	0.00673	0.00544	0.00166	0.00595	0.00518	0.00512	0.00873
1	0.01683	0.01267	0.01383	0.01131	0.01469	0.01407	0.00905	0.48020	0.15257	0.02802	0.01625	0.07405	0.01338	0.04990	0.06520	0.00243	0.00610	0.00612	0.00514	0.00818
2	0.01121	0.08655	0.72418	0.01508	0.02288	0.01332	0.01934	0.01720	0.01148	0.01693	0.00962	0.01130	0.00691	0.00514	0.00505	0.00168	0.00789	0.00395	0.00230	0.00798
3	0.00807	0.00609	0.00817	0.11881	0.01216	0.00635	0.00663	0.00950	0.01018	0.01325	0.02443	0.14553	0.10945	0.28583	0.06688	0.00366	0.00556	0.15109	0.00394	0.00444
4	0.00756	0.00557	0.00707	0.00669	0.00805	0.00508	0.00502	0.00998	0.01506	0.02098	0.68262	0.04218	0.14089	0.01148	0.00643	0.00173	0.00260	0.01006	0.00588	0.00508
5	0.01093	0.02820	0.78016	0.01554	0.02360	0.01266	0.02014	0.01727	0.01151	0.01727	0.00978	0.01151	0.00691	0.00518	0.00518	0.00173	0.00806	0.00403	0.00230	0.00806
6	0.01474	0.78885	0.02819	0.00947	0.01408	0.04380	0.00936	0.01648	0.01120	0.01284	0.00760	0.00878	0.00700	0.00469	0.00354	0.00117	0.00595	0.00293	0.00235	0.00698
7	0.00764	0.00561	0.00718	0.00691	0.00826	0.00516	0.00526	0.01007	0.01490	0.02069	0.64150	0.04341	0.13272	0.01170	0.00650	0.00178	0.00275	0.05705	0.00583	0.00507
8	0.01458	0.81168	0.02857	0.00933	0.01399	0.02157	0.00933	0.01632	0.01108	0.01283	0.00758	0.00875	0.00700	0.00466	0.00350	0.00117	0.00583	0.00292	0.00233	0.00700
9	0.00672	0.00478	0.00630	0.00749	0.00779	0.00448	0.00495	0.00761	0.01029	0.01371	0.02927	0.75825	0.03507	0.06502	0.00822	0.00240	0.00329	0.01504	0.00495	0.00436
10	0.00678	0.00484	0.00648	0.00775	0.00813	0.00455	0.00530	0.00783	0.01057	0.01407	0.02997	0.75684	0.03576	0.01695	0.00700	0.00223	0.00328	0.06213	0.00506	0.00447
11	0.00660	0.00548	0.00578	0.00581	0.00749	0.00465	0.00432	0.00809	0.01265	0.01550	0.13616	0.09921	0.64207	0.01371	0.00647	0.00185	0.00277	0.01157	0.00517	0.00465
12	0.01051	0.00982	0.01609	0.74466	0.03604	0.01221	0.01472	0.01490	0.05957	0.01450	0.01050	0.01491	0.00787	0.00558	0.00546	0.00182	0.00708	0.00493	0.00262	0.00622
13	0.01086	0.01020	0.01720	0.61696	0.18059	0.01206	0.01521	0.01438	0.01126	0.01478	0.01052	0.01609	0.00844	0.00569	0.00552	0.00180	0.00703	0.03231	0.00257	0.00652
14	0.02429	0.00955	0.01282	0.00983	0.01405	0.00842	0.00812	0.06018	0.01607	0.74391	0.02112	0.01830	0.01330	0.00674	0.00548	0.00168	0.00470	0.00546	0.00669	0.00928
15	0.01079	0.02716	0.74455	0.01514	0.02288	0.01231	0.01945	0.01694	0.01169	0.01748	0.04488	0.01286	0.00896	0.00545	0.00524	0.00173	0.00780	0.00430	0.00247	0.00792
16	0.01030	0.00969	0.01635	0.79530	0.03755	0.01211	0.01514	0.01393	0.01090	0.01393	0.00969	0.01453	0.00727	0.00545	0.00545	0.00182	0.00727	0.00484	0.00242	0.00606
17	0.01007	0.00509	0.00512	0.00512	0.00633	0.00509	0.00379	0.01250	0.01128	0.01991	0.01776	0.02098	0.01422	0.04082	0.00484	0.00144	0.00266	0.00520	0.80277	0.00500
18	0.00669	0.00476	0.00631	0.00753	0.00783	0.00446	0.00499	0.00760	0.01034	0.01379	0.02957	0.77602	0.03545	0.04674	0.00774	0.00233	0.00324	0.01521	0.00499	0.00439
19	0.01146	0.07707	0.64590	0.01716	0.10788	0.01327	0.01906	0.01714	0.01158	0.01704	0.00969	0.01156	0.00711	0.00511	0.00510	0.00168	0.00773	0.00405	0.00235	0.00805
20	0.02326	0.01095	0.08054	0.01022	0.01477	0.00842	0.00909	0.02575	0.01524	0.71086	0.02047	0.01793	0.01291	0.00661	0.00546	0.00169	0.00494	0.00535	0.00635	0.00917
21	0.77329	0.08141	0.00983	0.00736	0.01085	0.01306	0.00621	0.01605	0.00944	0.02343	0.00759	0.00885	0.00600	0.00503	0.00338	0.00164	0.00436	0.00295	0.00328	0.00600
22	0.02446	0.00928	0.01265	0.00970	0.01392	0.00801	0.00801	0.02657	0.01560	0.77817	0.02151	0.01856	0.01350	0.00675	0.00548	0.00169	0.00464	0.00548	0.00675	0.00928
23	0.01458	0.81168	0.02857	0.00933	0.01399	0.02157	0.00933	0.01632	0.01108	0.01283	0.00758	0.00875	0.00700	0.00466	0.00350	0.00117	0.00583	0.00292	0.00233	0.00700
24	0.00921	0.00676	0.00910	0.01014	0.01155	0.00693	0.00877	0.01288	0.08019	0.01690	0.02827	0.05779	0.03005	0.01437	0.00735	0.00245	0.00496	0.67191	0.00507	0.00534
25	0.00644	0.00552	0.00552	0.00552	0.00736	0.00460	0.00414	0.00782	0.01243	0.01473	0.05523	0.05247	0.77218	0.01381	0.00644	0.00184	0.00276	0.01151	0.00506	0.00460
26	0.00890	0.00643	0.00884	0.00994	0.01126	0.00648	0.00862	0.01186	0.03868	0.01678	0.06050	0.05918	0.03173	0.01463	0.00741	0.00245	0.00489	0.68118	0.00508	0.00515
27	0.00644	0.00552	0.00552	0.00552	0.00736	0.00460	0.00414	0.00782	0.01243	0.01473	0.05523	0.05247	0.77218	0.01381	0.00644	0.00184	0.00276	0.01151	0.00506	0.00460
28	0.03597	0.69726	0.04177	0.00987	0.01438	0.09774	0.00958	0.01688	0.01148	0.01326	0.00771	0.00891	0.00697	0.00478	0.00367	0.00121	0.00623	0.00300	0.00241	0.00692
29	0.02397	0.00944	0.01270	0.00972	0.01396	0.00821	0.00802	0.04441	0.01572	0.73661	0.02094	0.01820	0.01323	0.00666	0.00544	0.00166	0.00465	0.00540	0.00661	0.03443
30	0.01393	0.71416	0.08585	0.00973	0.01446	0.02010	0.00997	0.01600	0.01108	0.01322	0.00877	0.04523	0.00831	0.00527	0.00379	0.00126	0.00588	0.00357	0.00245	0.00696
31	0.16299	0.66883	0.02490	0.00894	0.01338	0.01991	0.00872	0.01627	0.01076	0.01490	0.00758	0.00877	0.00680	0.00473	0.00348	0.00126	0.00554	0.00292	0.00252	0.00680
32	0.00729	0.00541	0.00680	0.00675	0.00796	0.00492	0.00495	0.00935	0.01398	0.01913	0.50759	0.18272	0.17760	0.01271	0.00653	0.00183	0.00271	0.01119	0.00566	0.00492
33	0.01213	0.00698	0.00718	0.00647	0.00832	0.00729	0.00503	0.15134	0.01408	0.02294	0.01691	0.01898	0.01310	0.00639	0.00412	0.00134	0.00319	0.00505	0.68330	0.00586
34	0.01297	0.01296	0.02230	0.18351	0.49053	0.03629	0.12874	0.01644	0.01227	0.01685	0.01020	0.01378	0.00826	0.00496	0.00555	0.00169	0.00715	0.00505	0.00266	0.00785

[dist]
# distance from previous block
# <min> <max>
0	1

[block]
# block no. 8 follows, 44 sequences, length 51
# corresponding to MSA columns:
# 298-348
name=unknown_I
#
# <colnr> <probs for GDERKNQSTAVLIFYWHMCP>
#	G	D	E	R	K	N	Q	S	T	A	V	L	I	F	Y	W	H	M	C	P
0	0.02201	0.00939	0.01233	0.00964	0.01365	0.00842	0.00788	0.02551	0.09161	0.63284	0.05257	0.01932	0.01515	0.00687	0.00546	0.00166	0.00449	0.00563	0.00642	0.04914
1	0.04807	0.64644	0.15474	0.01029	0.01547	0.01968	0.01102	0.01647	0.01108	0.01405	0.00795	0.00922	0.00694	0.00477	0.00378	0.00128	0.00614	0.00310	0.00237	0.00713
2	0.01861	0.06480	0.01636	0.01288	0.05354	0.03501	0.01006	0.54749	0.05357	0.04440	0.03306	0.05906	0.01202	0.00707	0.00543	0.00164	0.00576	0.00554	0.00507	0.00861
3	0.00722	0.00520	0.00686	0.00768	0.00841	0.00489	0.00557	0.00876	0.01189	0.01599	0.19329	0.47923	0.06940	0.03051	0.00731	0.00219	0.00334	0.12240	0.00523	0.00466
4	0.01030	0.00969	0.01635	0.79530	0.03755	0.01211	0.01514	0.01393	0.01090	0.01393	0.00969	0.01453	0.00727	0.00545	0.00545	0.00182	0.00727	0.00484	0.00242	0.00606
5	0.06606	0.01079	0.01303	0.01029	0.01432	0.01067	0.00842	0.15940	0.12678	0.49171	0.01933	0.01730	0.01278	0.00672	0.00537	0.00170	0.00482	0.00534	0.00616	0.00900
6	0.01458	0.81168	0.02857	0.00933	0.01399	0.02157	0.00933	0.01632	0.01108	0.01283	0.00758	0.00875	0.00700	0.00466	0.00350	0.00117	0.00583	0.00292	0.00233	0.00700
7	0.00691	0.00560	0.00619	0.00638	0.00802	0.00488	0.00494	0.00854	0.01263	0.01557	0.11608	0.08564	0.56739	0.01389	0.00662	0.00194	0.00309	0.11583	0.00514	0.00470
8	0.00672	0.00553	0.00591	0.00582	0.00754	0.00472	0.00436	0.00837	0.01309	0.01630	0.21346	0.04987	0.61296	0.01322	0.00644	0.00181	0.00272	0.01114	0.00527	0.00472
9	0.02446	0.00928	0.01265	0.00970	0.01392	0.00801	0.00801	0.02657	0.01560	0.77817	0.02151	0.01856	0.01350	0.00675	0.00548	0.00169	0.00464	0.00548	0.00675	0.00928
10	0.01349	0.01295	0.02213	0.03346	0.77440	0.01295	0.01673	0.01673	0.01241	0.01781	0.01025	0.01349	0.00864	0.00486	0.00540	0.00162	0.00648	0.00486	0.00270	0.00864
11	0.00700	0.00554	0.00629	0.00610	0.00770	0.00484	0.00458	0.00889	0.01373	0.01783	0.36641	0.04737	0.45906	0.01265	0.00644	0.00179	0.00268	0.01079	0.00547	0.00484
12	0.00686	0.00554	0.00611	0.00596	0.00762	0.00478	0.00447	0.00864	0.01342	0.01709	0.29213	0.04858	0.53381	0.01293	0.00644	0.00180	0.00270	0.01096	0.00537	0.00478
13	0.78036	0.01071	0.00855	0.00750	0.01095	0.01228	0.00618	0.04916	0.01023	0.05239	0.00834	0.00940	0.00633	0.00519	0.00354	0.00168	0.00431	0.00313	0.00359	0.00618
14	0.01030	0.00969	0.01635	0.79530	0.03755	0.01211	0.01514	0.01393	0.01090	0.01393	0.00969	0.01453	0.00727	0.00545	0.00545	0.00182	0.00727	0.00484	0.00242	0.00606
15	0.00664	0.00474	0.00633	0.00759	0.00791	0.00443	0.00506	0.00759	0.01044	0.01392	0.03005	0.80485	0.03606	0.01708	0.00696	0.00221	0.00316	0.01550	0.00506	0.00443
16	0.84691	0.01054	0.00801	0.00717	0.01054	0.01223	0.00590	0.01603	0.00928	0.02446	0.00759	0.00886	0.00590	0.00506	0.00337	0.00169	0.00422	0.00295	0.00337	0.00590
17	0.00675	0.00491	0.00637	0.00733	0.00789	0.00453	0.00499	0.00793	0.01119	0.01492	0.11902	0.65198	0.09984	0.01611	0.00685	0.00212	0.00306	0.01450	0.00517	0.00453
18	0.01111	0.06494	0.74491	0.01525	0.02315	0.01308	0.01964	0.01722	0.01149	0.01706	0.00968	0.01138	0.00691	0.00516	0.00510	0.00170	0.00795	0.00398	0.00230	0.00801
19	0.01349	0.01295	0.02213	0.03346	0.77440	0.01295	0.01673	0.01673	0.01241	0.01781	0.01025	0.01349	0.00864	0.00486	0.00540	0.00162	0.00648	0.00486	0.00270	0.00864
20	0.01286	0.01080	0.01140	0.01030	0.01324	0.01219	0.00800	0.02601	0.64272	0.04067	0.02670	0.02470	0.12006	0.00826	0.00567	0.00184	0.00411	0.00688	0.00551	0.00809
21	0.00879	0.00628	0.00879	0.01004	0.01130	0.00628	0.00879	0.01130	0.01255	0.01632	0.02887	0.06150	0.03138	0.01506	0.00753	0.00251	0.00502	0.73770	0.00502	0.00502
22	0.00793	0.00529	0.00595	0.00595	0.00595	0.00529	0.00330	0.00793	0.00793	0.01057	0.01718	0.03568	0.01982	0.80840	0.02775	0.00529	0.00529	0.00793	0.00330	0.00330
23	0.01103	0.04867	0.76052	0.01538	0.02334	0.01289	0.01986	0.01724	0.01150	0.01715	0.00973	0.01144	0.00691	0.00517	0.00514	0.00171	0.00800	0.00400	0.00230	0.00803
24	0.02335	0.00966	0.01271	0.00990	0.01402	0.00875	0.00813	0.04513	0.08568	0.68906	0.02136	0.01858	0.01368	0.00680	0.00549	0.00170	0.00464	0.00553	0.00660	0.00922
25	0.02013	0.01448	0.01563	0.01203	0.01628	0.01584	0.00991	0.66990	0.03748	0.06178	0.01364	0.01363	0.00969	0.00649	0.00536	0.00161	0.00575	0.00491	0.03394	0.03153
26	0.01941	0.13595	0.01731	0.01317	0.01639	0.58999	0.01030	0.08763	0.03372	0.01540	0.00906	0.01022	0.00745	0.00561	0.00478	0.00140	0.00879	0.00362	0.00305	0.00674
27	0.05164	0.01033	0.01371	0.01021	0.01473	0.00900	0.06347	0.07456	0.01431	0.35674	0.01520	0.01481	0.01050	0.00551	0.00494	0.00137	0.00484	0.00458	0.00493	0.31465
28	0.01316	0.01321	0.03812	0.27602	0.40846	0.05769	0.04173	0.05533	0.01280	0.01715	0.01013	0.01359	0.00808	0.00518	0.00542	0.00168	0.00703	0.00481	0.00275	0.00764
29	0.01304	0.00970	0.01066	0.00967	0.01240	0.01050	0.00746	0.02307	0.47424	0.11308	0.02822	0.10627	0.13955	0.00935	0.00583	0.00187	0.00399	0.00790	0.00557	0.00763
30	0.02084	0.01405	0.01550	0.01195	0.01619	0.01520	0.00985	0.61177	0.03990	0.14742	0.03210	0.01472	0.01105	0.00670	0.00548	0.00165	0.00568	0.00514	0.00567	0.00916
31	0.01107	0.05827	0.75131	0.01530	0.02323	0.01300	0.01973	0.01723	0.01149	0.01709	0.00970	0.01140	0.00691	0.00516	0.00512	0.00171	0.00797	0.00399	0.00230	0.00802
32	0.00947	0.00473	0.00710	0.00710	0.00710	0.00473	0.00473	0.00710	0.00710	0.00947	0.00947	0.01657	0.00947	0.01894	0.02131	0.84138	0.00473	0.00473	0.00237	0.00237
