[name]
unknown

[dist]
# distance from previous block
# <min> <max>
25	146

[block]
# block no. 0 follows, 44 sequences, length 8
# corresponding to MSA columns:
# 453-460
name=unknown_A
#
# <colnr> <probs for GDERKNQSTAVLIFYWHMCP>
#	G	D	E	R	K	N	Q	S	T	A	V	L	I	F	Y	W	H	M	C	P
0	0.01857	0.01433	0.01615	0.01438	0.09325	0.01584	0.01067	0.53725	0.17051	0.03039	0.01460	0.01456	0.01067	0.00654	0.00547	0.00168	0.00571	0.00515	0.00519	0.00908
1	0.01727	0.01387	0.07411	0.07692	0.01767	0.01338	0.01038	0.40936	0.04871	0.08786	0.01342	0.01400	0.00967	0.00606	0.00516	0.00154	0.00563	0.00472	0.05350	0.11678
2	0.01827	0.05965	0.01526	0.01090	0.01532	0.01370	0.00902	0.41888	0.05296	0.11691	0.01337	0.01338	0.00968	0.00590	0.00501	0.00143	0.00529	0.00452	0.00490	0.20564
3	0.01164	0.00828	0.00968	0.00872	0.01109	0.00802	0.00655	0.11997	0.09589	0.07891	0.02413	0.32893	0.07784	0.03809	0.00665	0.00189	0.00400	0.00957	0.00494	0.14521
4	0.03490	0.11796	0.28503	0.08262	0.06006	0.13894	0.09235	0.01713	0.01185	0.01562	0.00912	0.01157	0.00720	0.00557	0.00634	0.00169	0.08817	0.00422	0.00250	0.00716
5	0.00864	0.00623	0.00710	0.00670	0.00754	0.00608	0.00425	0.01031	0.06787	0.01321	0.07143	0.06521	0.02134	0.57341	0.02120	0.00418	0.00480	0.00778	0.00374	0.08900
6	0.01800	0.13700	0.01707	0.01357	0.06054	0.44812	0.01016	0.12938	0.01590	0.01679	0.01302	0.01394	0.07142	0.00626	0.00494	0.00145	0.00788	0.00438	0.00332	0.00685
7	0.00762	0.00648	0.00752	0.00852	0.06779	0.00597	0.00566	0.01025	0.07496	0.01550	0.04460	0.17704	0.52204	0.01314	0.00638	0.00189	0.00325	0.01123	0.00492	0.00522

[dist]
# distance from previous block
# <min> <max>
5	38

[block]
# block no. 1 follows, 44 sequences, length 10
# corresponding to MSA columns:
# 502-511
name=unknown_B
#
# <colnr> <probs for GDERKNQSTAVLIFYWHMCP>
#	G	D	E	R	K	N	Q	S	T	A	V	L	I	F	Y	W	H	M	C	P
0	0.09333	0.14981	0.03792	0.09876	0.01710	0.03875	0.00959	0.20608	0.02655	0.13184	0.02311	0.01339	0.00956	0.01742	0.00508	0.00154	0.00562	0.00433	0.00411	0.10612
1	0.09920	0.06410	0.06178	0.01544	0.18471	0.01057	0.07504	0.01596	0.02573	0.09308	0.13546	0.04356	0.03859	0.00665	0.00523	0.00157	0.00518	0.00584	0.00391	0.10839
2	0.01561	0.01411	0.08143	0.01893	0.16116	0.01243	0.23945	0.12789	0.03166	0.13579	0.01279	0.01434	0.00934	0.00531	0.00558	0.00163	0.00678	0.00523	0.00383	0.09671
3	0.00882	0.00645	0.00858	0.00822	0.00996	0.00561	0.02874	0.01034	0.01117	0.05187	0.04847	0.48636	0.04941	0.03064	0.00668	0.00192	0.00368	0.03165	0.00466	0.18676
4	0.01083	0.00690	0.00848	0.00800	0.00952	0.00678	0.00584	0.10341	0.01347	0.10355	0.15874	0.27613	0.07628	0.13246	0.05154	0.00278	0.00448	0.01014	0.00509	0.00557
5	0.09208	0.03513	0.00778	0.00691	0.00893	0.00715	0.00530	0.01195	0.10582	0.01771	0.15672	0.10544	0.39628	0.01167	0.00596	0.00181	0.00321	0.00976	0.00501	0.00539
6	0.01365	0.01272	0.01449	0.01080	0.01542	0.09700	0.08239	0.10726	0.01371	0.01930	0.01010	0.01170	0.00812	0.00458	0.00455	0.00108	0.00545	0.00379	0.00341	0.56046
7	0.01097	0.00784	0.00871	0.07557	0.01085	0.10254	0.00625	0.01014	0.00895	0.01156	0.01030	0.01598	0.00948	0.01470	0.01593	0.57003	0.00534	0.00463	0.09674	0.00348
8	0.00774	0.00648	0.00761	0.08548	0.01116	0.00625	0.00587	0.01084	0.07771	0.01703	0.21759	0.04312	0.45966	0.01179	0.00626	0.00181	0.00330	0.00999	0.00506	0.00522
9	0.09504	0.00808	0.01028	0.01095	0.10488	0.00806	0.00733	0.01545	0.09868	0.10776	0.37886	0.04711	0.06759	0.00909	0.00580	0.00173	0.00368	0.00783	0.00530	0.00648

[dist]
# distance from previous block
# <min> <max>
0	10

[block]
# block no. 2 follows, 44 sequences, length 18
# corresponding to MSA columns:
# 522-539
name=unknown_C
#
# <colnr> <probs for GDERKNQSTAVLIFYWHMCP>
#	G	D	E	R	K	N	Q	S	T	A	V	L	I	F	Y	W	H	M	C	P
0	0.05318	0.07333	0.01571	0.07208	0.04397	0.01478	0.01007	0.34475	0.18350	0.08450	0.01523	0.01628	0.01144	0.00667	0.00530	0.00169	0.00552	0.02865	0.00490	0.00841
1	0.01299	0.01243	0.06095	0.01240	0.01560	0.01266	0.07120	0.08161	0.25072	0.03327	0.01533	0.05089	0.01279	0.00752	0.00792	0.00180	0.16217	0.03166	0.00410	0.14199
2	0.01227	0.00931	0.01133	0.06822	0.01439	0.00754	0.00706	0.01476	0.01165	0.08264	0.01131	0.01285	0.00892	0.00455	0.00425	0.00099	0.00422	0.00369	0.06674	0.64331
3	0.01202	0.01011	0.01169	0.00841	0.01322	0.00800	0.00676	0.06996	0.01239	0.01902	0.00995	0.01144	0.00817	0.00423	0.00414	0.00087	0.00419	0.00336	0.00340	0.77869
4	0.01762	0.03487	0.04103	0.01168	0.07216	0.00907	0.03521	0.02098	0.06057	0.38086	0.10158	0.01884	0.01603	0.00648	0.00530	0.00154	0.00475	0.00549	0.00524	0.15072
5	0.04333	0.07631	0.03951	0.49330	0.02917	0.03985	0.02663	0.06034	0.01219	0.07403	0.01041	0.01370	0.00779	0.00572	0.00582	0.00175	0.04588	0.00463	0.00298	0.00665
6	0.04343	0.00546	0.00643	0.00669	0.00754	0.00523	0.00457	0.00866	0.01099	0.01512	0.16846	0.27148	0.16506	0.21432	0.03959	0.00303	0.00397	0.01094	0.00465	0.00439
7	0.00842	0.00649	0.00834	0.00965	0.06732	0.00625	0.00635	0.07248	0.01246	0.01638	0.04968	0.49048	0.17378	0.01441	0.00662	0.00204	0.00362	0.03505	0.00494	0.00523
8	0.01329	0.01337	0.02191	0.08546	0.09773	0.03482	0.24070	0.08575	0.01219	0.01702	0.00947	0.01322	0.00786	0.00681	0.01053	0.00199	0.31276	0.00528	0.00284	0.00699
9	0.01960	0.07127	0.04918	0.01031	0.01452	0.03912	0.00887	0.16085	0.03455	0.37777	0.07368	0.01726	0.01416	0.00656	0.00525	0.00156	0.00511	0.00520	0.00544	0.07974
10	0.00908	0.00680	0.00822	0.00846	0.01006	0.00666	0.00678	0.09867	0.01376	0.01775	0.06225	0.20427	0.23707	0.01396	0.00682	0.00213	0.00404	0.27280	0.00513	0.00530
11	0.02118	0.02746	0.03494	0.01002	0.01395	0.00941	0.00840	0.13651	0.01649	0.53364	0.04618	0.08525	0.01575	0.00766	0.00559	0.00172	0.00478	0.00630	0.00616	0.00864
12	0.01360	0.25839	0.14642	0.01197	0.04244	0.11470	0.02402	0.01715	0.06707	0.04372	0.01410	0.07170	0.05043	0.00666	0.00522	0.00151	0.03171	0.00510	0.00322	0.07087
13	0.01955	0.08025	0.04114	0.01044	0.03566	0.01024	0.00862	0.08115	0.07279	0.45411	0.04769	0.02067	0.07859	0.00724	0.00541	0.00166	0.00477	0.00586	0.00572	0.00842
14	0.01667	0.04733	0.12570	0.01917	0.23223	0.08916	0.04638	0.25140	0.03946	0.06242	0.01179	0.01308	0.00885	0.00566	0.00532	0.00162	0.00681	0.00470	0.00381	0.00845
15	0.01603	0.01276	0.07946	0.01431	0.12125	0.01210	0.01067	0.05187	0.38043	0.19734	0.01909	0.01870	0.01396	0.00681	0.00551	0.00177	0.00509	0.01901	0.00514	0.00869
16	0.08067	0.01499	0.16867	0.01683	0.13674	0.01214	0.14155	0.08004	0.09085	0.08105	0.07076	0.04422	0.01347	0.00642	0.00570	0.00175	0.01681	0.00576	0.00386	0.00773
17	0.08749	0.01484	0.03201	0.01777	0.21885	0.14838	0.05027	0.07822	0.13032	0.10362	0.01302	0.01394	0.00986	0.00569	0.00515	0.00160	0.00634	0.00471	0.00390	0.05400

[dist]
# distance from previous block
# <min> <max>
5	36

[block]
# block no. 3 follows, 44 sequences, length 22
# corresponding to MSA columns:
# 577-598
name=unknown_D
#
# <colnr> <probs for GDERKNQSTAVLIFYWHMCP>
#	G	D	E	R	K	N	Q	S	T	A	V	L	I	F	Y	W	H	M	C	P
0	0.05791	0.01277	0.05554	0.05324	0.09591	0.09464	0.01003	0.04592	0.06929	0.20206	0.07324	0.01792	0.01391	0.00662	0.00576	0.00162	0.03772	0.02972	0.00439	0.11179
1	0.03463	0.01006	0.01273	0.03798	0.04025	0.00934	0.03305	0.11221	0.05888	0.16894	0.05517	0.07996	0.02882	0.00682	0.00516	0.00145	0.00463	0.00576	0.00461	0.28956
2	0.09348	0.01165	0.04410	0.01194	0.05714	0.01188	0.02524	0.11892	0.26696	0.14446	0.09587	0.01914	0.01647	0.00823	0.03202	0.00199	0.02169	0.00578	0.00506	0.00796
3	0.10186	0.01152	0.07032	0.01087	0.04908	0.01002	0.00887	0.11933	0.05406	0.25796	0.08362	0.04465	0.01497	0.00672	0.00516	0.00158	0.00478	0.00545	0.00498	0.13420
4	0.01245	0.05527	0.36624	0.01321	0.06447	0.01070	0.01358	0.01667	0.01212	0.09014	0.05799	0.01393	0.01073	0.00534	0.00491	0.00144	0.00609	0.00431	0.00324	0.23719
5	0.01121	0.00969	0.01176	0.07878	0.01513	0.00770	0.00724	0.01375	0.01127	0.01742	0.00969	0.01159	0.00800	0.00416	0.00416	0.00090	0.00433	0.00338	0.00316	0.76668
6	0.01352	0.01344	0.02202	0.06860	0.61640	0.04678	0.06904	0.01670	0.01232	0.01718	0.01006	0.01340	0.00840	0.00512	0.00603	0.00167	0.04355	0.00491	0.00268	0.00819
7	0.00824	0.00660	0.00925	0.00917	0.00968	0.00781	0.00691	0.00957	0.00908	0.01289	0.01790	0.24521	0.01947	0.10527	0.34518	0.00536	0.15554	0.00862	0.00347	0.00479
8	0.02072	0.01527	0.01636	0.01254	0.01691	0.01691	0.01036	0.75622	0.02563	0.03436	0.01309	0.01309	0.00927	0.00654	0.00545	0.00164	0.00600	0.00491	0.00545	0.00927
9	0.01349	0.01295	0.02213	0.03346	0.77440	0.01295	0.01673	0.01673	0.01241	0.01781	0.01025	0.01349	0.00864	0.00486	0.00540	0.00162	0.00648	0.00486	0.00270	0.00864
10	0.02446	0.00928	0.01265	0.00970	0.01392	0.00801	0.00801	0.02657	0.01560	0.77817	0.02151	0.01856	0.01350	0.00675	0.00548	0.00169	0.00464	0.00548	0.00675	0.00928
11	0.02401	0.00953	0.01275	0.00983	0.01401	0.00845	0.00810	0.04834	0.03930	0.73245	0.02128	0.01845	0.01347	0.00676	0.00548	0.00169	0.00467	0.00549	0.00667	0.00926
12	0.01030	0.00969	0.01635	0.79530	0.03755	0.01211	0.01514	0.01393	0.01090	0.01393	0.00969	0.01453	0.00727	0.00545	0.00545	0.00182	0.00727	0.00484	0.00242	0.00606
13	0.01030	0.00969	0.01635	0.79530	0.03755	0.01211	0.01514	0.01393	0.01090	0.01393	0.00969	0.01453	0.00727	0.00545	0.00545	0.00182	0.00727	0.00484	0.00242	0.00606
14	0.00792	0.00531	0.00606	0.00606	0.00610	0.00535	0.00344	0.00800	0.00796	0.01065	0.01707	0.03510	0.01957	0.77755	0.05826	0.00543	0.00566	0.00784	0.00329	0.00337
15	0.00780	0.00580	0.00856	0.00856	0.00947	0.00671	0.00657	0.00961	0.00870	0.01251	0.01478	0.02242	0.01406	0.09474	0.73354	0.00852	0.01395	0.00599	0.00295	0.00476
16	0.02037	0.02598	0.01545	0.01404	0.01685	0.78652	0.01053	0.02177	0.01545	0.01334	0.00843	0.00983	0.00702	0.00562	0.00492	0.00140	0.00983	0.00351	0.00281	0.00632
17	0.01159	0.06977	0.57243	0.01642	0.02364	0.01341	0.15559	0.01764	0.03718	0.01724	0.01031	0.01224	0.00749	0.00512	0.00533	0.00172	0.00801	0.00448	0.00250	0.00789
18	0.01898	0.02340	0.01561	0.04116	0.05513	0.64673	0.01089	0.02159	0.07046	0.01428	0.00955	0.01100	0.00783	0.00580	0.00530	0.00148	0.02738	0.00385	0.00298	0.00659
19	0.00754	0.00536	0.00602	0.00603	0.00655	0.00516	0.00374	0.00805	0.00933	0.01209	0.05268	0.05640	0.19582	0.54721	0.05215	0.00443	0.00493	0.00891	0.00383	0.00376
20	0.05627	0.01089	0.01774	0.47506	0.28391	0.01244	0.01501	0.01539	0.03166	0.01604	0.01011	0.01404	0.00791	0.00528	0.00532	0.00174	0.00676	0.00478	0.00265	0.00699
21	0.01264	0.23725	0.48703	0.01460	0.04791	0.01493	0.04855	0.01738	0.01165	0.04674	0.00973	0.01126	0.00732	0.00507	0.00480	0.00158	0.00731	0.00392	0.00252	0.00781

[dist]
# distance from previous block
# <min> <max>
0	2

[block]
# block no. 4 follows, 44 sequences, length 80
# corresponding to MSA columns:
# 601-680
name=unknown_E
#
# <colnr> <probs for GDERKNQSTAVLIFYWHMCP>
#	G	D	E	R	K	N	Q	S	T	A	V	L	I	F	Y	W	H	M	C	P
0	0.07320	0.01059	0.03096	0.00853	0.01306	0.00877	0.00706	0.10243	0.01288	0.02039	0.01048	0.01194	0.00842	0.00459	0.00417	0.00102	0.00429	0.00355	0.05883	0.60483
1	0.01314	0.01636	0.14063	0.02095	0.02672	0.01335	0.59234	0.01816	0.03257	0.05296	0.01163	0.01456	0.00853	0.00486	0.00618	0.00182	0.00868	0.00603	0.00295	0.00758
2	0.01030	0.00969	0.01635	0.79530	0.03755	0.01211	0.01514	0.01393	0.01090	0.01393	0.00969	0.01453	0.00727	0.00545	0.00545	0.00182	0.00727	0.00484	0.00242	0.00606
3	0.00668	0.00476	0.00631	0.00754	0.00785	0.00445	0.00501	0.00760	0.01037	0.01382	0.02968	0.78275	0.03559	0.03981	0.00756	0.00230	0.00322	0.01528	0.00501	0.00440
4	0.02162	0.01383	0.01547	0.01186	0.01619	0.01477	0.00980	0.58078	0.02322	0.21320	0.01511	0.01440	0.01029	0.00659	0.00546	0.00165	0.00567	0.00505	0.00576	0.00927
5	0.01349	0.01295	0.02213	0.03346	0.77440	0.01295	0.01673	0.01673	0.01241	0.01781	0.01025	0.01349	0.00864	0.00486	0.00540	0.00162	0.00648	0.00486	0.00270	0.00864
6	0.00767	0.00557	0.00723	0.00681	0.00812	0.00513	0.00511	0.01020	0.01533	0.02161	0.74654	0.04113	0.07657	0.01124	0.00643	0.00172	0.00258	0.00992	0.00597	0.00513
7	0.00664	0.00474	0.00633	0.00759	0.00791	0.00443	0.00506	0.00759	0.01044	0.01392	0.03005	0.80485	0.03606	0.01708	0.00696	0.00221	0.00316	0.01550	0.00506	0.00443
8	0.02446	0.00928	0.01265	0.00970	0.01392	0.00801	0.00801	0.02657	0.01560	0.77817	0.02151	0.01856	0.01350	0.00675	0.00548	0.00169	0.00464	0.00548	0.00675	0.00928
9	0.02371	0.00968	0.01342	0.01027	0.01451	0.00857	0.03412	0.04574	0.03239	0.71507	0.02093	0.01832	0.01327	0.00668	0.00552	0.00169	0.00483	0.00552	0.00655	0.00920
10	0.02371	0.01009	0.01311	0.01009	0.01430	0.00927	0.00832	0.11786	0.03605	0.66582	0.02047	0.01792	0.01305	0.00674	0.00548	0.00168	0.00480	0.00543	0.00656	0.00926
11	0.84691	0.01054	0.00801	0.00717	0.01054	0.01223	0.00590	0.01603	0.00928	0.02446	0.00759	0.00886	0.00590	0.00506	0.00337	0.00169	0.00422	0.00295	0.00337	0.00590
12	0.00772	0.00557	0.00729	0.00686	0.00814	0.00514	0.00514	0.01029	0.01543	0.02186	0.77152	0.04072	0.05144	0.01115	0.00643	0.00171	0.00257	0.00986	0.00600	0.00514
13	0.02446	0.00928	0.01265	0.00970	0.01392	0.00801	0.00801	0.02657	0.01560	0.77817	0.02151	0.01856	0.01350	0.00675	0.00548	0.00169	0.00464	0.00548	0.00675	0.00928
14	0.02072	0.01527	0.01636	0.01254	0.01691	0.01691	0.01036	0.75622	0.02563	0.03436	0.01309	0.01309	0.00927	0.00654	0.00545	0.00164	0.00600	0.00491	0.00545	0.00927
15	0.01030	0.00969	0.01635	0.79530	0.03755	0.01211	0.01514	0.01393	0.01090	0.01393	0.00969	0.01453	0.00727	0.00545	0.00545	0.00182	0.00727	0.00484	0.00242	0.00606
16	0.01030	0.00969	0.01635	0.79530	0.03755	0.01211	0.01514	0.01393	0.01090	0.01393	0.00969	0.01453	0.00727	0.00545	0.00545	0.00182	0.00727	0.00484	0.00242	0.00606
17	0.15125	0.01451	0.01371	0.01133	0.01503	0.10259	0.00910	0.33141	0.20557	0.06958	0.01442	0.01416	0.01055	0.00643	0.00508	0.00167	0.00565	0.00478	0.00492	0.00824
18	0.01874	0.01336	0.01424	0.01114	0.01492	0.01469	0.00913	0.61658	0.02297	0.03172	0.01397	0.01445	0.01015	0.00651	0.00515	0.00157	0.00535	0.00494	0.16194	0.00848
19	0.01093	0.02820	0.78016	0.01554	0.02360	0.01266	0.02014	0.01727	0.01151	0.01727	0.00978	0.01151	0.00691	0.00518	0.00518	0.00173	0.00806	0.00403	0.00230	0.00806
20	0.01215	0.09807	0.58881	0.04293	0.02299	0.01328	0.06849	0.01760	0.01177	0.05980	0.01032	0.01198	0.00739	0.00519	0.00514	0.00168	0.00771	0.00420	0.00259	0.00791
21	0.00662	0.00484	0.00623	0.00734	0.00784	0.00445	0.00495	0.00762	0.01068	0.01402	0.03314	0.71243	0.12648	0.01668	0.00690	0.00217	0.00311	0.01501	0.00506	0.00445
22	0.00654	0.00553	0.00566	0.00563	0.00743	0.00465	0.00422	0.00802	0.01266	0.01529	0.11197	0.05154	0.71509	0.01360	0.00644	0.00183	0.00275	0.01138	0.00514	0.00465
23	0.00793	0.00529	0.00595	0.00595	0.00595	0.00529	0.00330	0.00793	0.00793	0.01057	0.01718	0.03568	0.01982	0.80840	0.02775	0.00529	0.00529	0.00793	0.00330	0.00330
24	0.02984	0.16473	0.27232	0.01647	0.02245	0.02957	0.28779	0.01801	0.01231	0.08009	0.01075	0.01269	0.00796	0.00501	0.00532	0.00165	0.00774	0.00480	0.00288	0.00763
25	0.84691	0.01054	0.00801	0.00717	0.01054	0.01223	0.00590	0.01603	0.00928	0.02446	0.00759	0.00886	0.00590	0.00506	0.00337	0.00169	0.00422	0.00295	0.00337	0.00590
26	0.01252	0.01202	0.02065	0.26074	0.53636	0.01272	0.03403	0.01591	0.01197	0.01664	0.01010	0.01383	0.00822	0.00503	0.00544	0.00168	0.00678	0.00489	0.00262	0.00783
27	0.00772	0.00557	0.00729	0.00686	0.00814	0.00514	0.00514	0.01029	0.01543	0.02186	0.77152	0.04072	0.05144	0.01115	0.00643	0.00171	0.00257	0.00986	0.00600	0.00514
28	0.01396	0.01199	0.01320	0.01266	0.06470	0.01371	0.00926	0.06931	0.67291	0.02313	0.02088	0.01948	0.01569	0.00718	0.00553	0.00182	0.00455	0.00601	0.00535	0.00867
29	0.00765	0.00553	0.00723	0.00690	0.00813	0.00510	0.00514	0.01013	0.01514	0.02141	0.72888	0.08467	0.05056	0.01149	0.00646	0.00174	0.00261	0.01018	0.00595	0.00510
30	0.02037	0.02598	0.01545	0.01404	0.01685	0.78652	0.01053	0.02177	0.01545	0.01334	0.00843	0.00983	0.00702	0.00562	0.00492	0.00140	0.00983	0.00351	0.00281	0.00632
31	0.84691	0.01054	0.00801	0.00717	0.01054	0.01223	0.00590	0.01603	0.00928	0.02446	0.00759	0.00886	0.00590	0.00506	0.00337	0.00169	0.00422	0.00295	0.00337	0.00590
32	0.01889	0.01421	0.01627	0.01463	0.10928	0.01546	0.01070	0.58287	0.05174	0.04646	0.01547	0.01559	0.04935	0.00675	0.00550	0.00165	0.00580	0.00531	0.00513	0.00893
33	0.00800	0.00556	0.00730	0.00703	0.00826	0.00512	0.00521	0.01035	0.01479	0.03998	0.65655	0.13908	0.04849	0.01180	0.00647	0.00178	0.00270	0.01048	0.00590	0.00516
34	0.01016	0.00508	0.00508	0.00508	0.00635	0.00508	0.00381	0.01270	0.01143	0.02033	0.01778	0.02033	0.01397	0.00635	0.00381	0.00127	0.00254	0.00508	0.83867	0.00508
35	0.01647	0.04093	0.01557	0.01560	0.12759	0.34153	0.01065	0.02375	0.31410	0.01777	0.01417	0.01454	0.01110	0.00619	0.00520	0.00161	0.00702	0.00475	0.00387	0.00760
36	0.01510	0.01069	0.01197	0.01028	0.01335	0.01158	0.00810	0.14939	0.37693	0.13265	0.13347	0.04989	0.03593	0.00818	0.00572	0.00178	0.00432	0.00684	0.00574	0.00808
37	0.01130	0.00969	0.01130	0.00807	0.01292	0.00727	0.00646	0.01373	0.01130	0.01776	0.00969	0.01130	0.00807	0.00404	0.00404	0.00081	0.00404	0.00323	0.00323	0.84173
38	0.01287	0.01471	0.03217	0.02298	0.02849	0.01379	0.75460	0.01746	0.01287	0.01746	0.01103	0.01471	0.00827	0.00460	0.00643	0.00184	0.00919	0.00643	0.00276	0.00735
39	0.01397	0.01158	0.01230	0.01097	0.01409	0.01326	0.00856	0.04591	0.70464	0.04983	0.02263	0.02076	0.03190	0.00748	0.00556	0.00184	0.00433	0.00622	0.00558	0.00858
40	0.01109	0.01031	0.01667	0.46849	0.21183	0.01134	0.01391	0.01435	0.01131	0.01543	0.01055	0.04197	0.00874	0.00552	0.00529	0.00164	0.00646	0.00499	0.00270	0.12741
41	0.00772	0.00557	0.00729	0.00686	0.00814	0.00514	0.00514	0.01029	0.01543	0.02186	0.77152	0.04072	0.05144	0.01115	0.00643	0.00171	0.00257	0.00986	0.00600	0.00514
42	0.01513	0.73706	0.02732	0.00978	0.01426	0.09423	0.00944	0.01684	0.01149	0.01288	0.00766	0.00885	0.00700	0.00475	0.00363	0.00119	0.00621	0.00297	0.00238	0.00693
43	0.01013	0.00861	0.00995	0.00761	0.01160	0.00660	0.00596	0.01227	0.01143	0.01696	0.01889	0.07907	0.13844	0.00668	0.00467	0.00109	0.00376	0.00556	0.00368	0.63705
44	0.07316	0.00998	0.01207	0.01024	0.02781	0.00989	0.00804	0.18342	0.04760	0.36099	0.02095	0.14251	0.03626	0.00858	0.00564	0.00179	0.00466	0.02263	0.00576	0.00804
45	0.01204	0.01147	0.01949	0.38080	0.43845	0.01257	0.01601	0.01545	0.01172	0.01604	0.01000	0.01397	0.00801	0.00513	0.00542	0.00171	0.00684	0.00485	0.00257	0.00746
46	0.01458	0.81168	0.02857	0.00933	0.01399	0.02157	0.00933	0.01632	0.01108	0.01283	0.00758	0.00875	0.00700	0.00466	0.00350	0.00117	0.00583	0.00292	0.00233	0.00700
47	0.01124	0.00844	0.00940	0.00825	0.01066	0.00849	0.00650	0.19344	0.06642	0.03853	0.24781	0.03692	0.28446	0.01073	0.00616	0.00178	0.00372	0.03527	0.00550	0.00628
48	0.00644	0.00552	0.00552	0.00552	0.00736	0.00460	0.00414	0.00782	0.01243	0.01473	0.05523	0.05247	0.77218	0.01381	0.00644	0.00184	0.00276	0.01151	0.00506	0.00460
49	0.00780	0.00580	0.00858	0.00858	0.00948	0.00671	0.00658	0.00962	0.00871	0.01252	0.01477	0.02236	0.01404	0.09174	0.73651	0.00853	0.01399	0.00598	0.00295	0.00476
50	0.00764	0.00552	0.00722	0.00691	0.00813	0.00510	0.00514	0.01011	0.01510	0.02134	0.72240	0.09135	0.05042	0.01154	0.00647	0.00175	0.00261	0.01023	0.00594	0.00510
51	0.01965	0.12249	0.01706	0.01347	0.01650	0.69256	0.01039	0.02110	0.01491	0.01328	0.00832	0.00970	0.00702	0.00550	0.00474	0.00138	0.00934	0.00344	0.00275	0.00640
52	0.84691	0.01054	0.00801	0.00717	0.01054	0.01223	0.00590	0.01603	0.00928	0.02446	0.00759	0.00886	0.00590	0.00506	0.00337	0.00169	0.00422	0.00295	0.00337	0.00590
53	0.01957	0.02360	0.01575	0.06613	0.03647	0.64572	0.01097	0.08875	0.01601	0.01542	0.00898	0.01053	0.00728	0.00567	0.00501	0.00146	0.00923	0.00376	0.00302	0.00663
54	0.01158	0.01038	0.01635	0.69915	0.03501	0.01270	0.01455	0.10511	0.01271	0.01644	0.01011	0.01436	0.00751	0.00558	0.00545	0.00179	0.00711	0.00485	0.00279	0.00645
55	0.00662	0.00492	0.00618	0.00715	0.00780	0.00448	0.00487	0.00770	0.01095	0.01425	0.05087	0.63399	0.18777	0.01628	0.00684	0.00213	0.00307	0.01456	0.00508	0.00448
56	0.01408	0.01094	0.01252	0.00917	0.01387	0.00949	0.00742	0.18277	0.01476	0.05866	0.01104	0.01206	0.00861	0.00474	0.00443	0.00104	0.00451	0.00372	0.00391	0.61226
57	0.01349	0.01295	0.02213	0.03346	0.77440	0.01295	0.01673	0.01673	0.01241	0.01781	0.01025	0.01349	0.00864	0.00486	0.00540	0.00162	0.00648	0.00486	0.00270	0.00864
58	0.01291	0.01236	0.02107	0.17258	0.63984	0.01280	0.01644	0.01622	0.01214	0.01710	0.01015	0.01368	0.00839	0.00497	0.00541	0.00166	0.00662	0.00486	0.00265	0.00816
59	0.00769	0.00614	0.00934	0.00928	0.01046	0.00564	0.07916	0.00918	0.01085	0.01466	0.02676	0.63242	0.03120	0.01487	0.00675	0.00210	0.00392	0.05466	0.00471	0.06022
60	0.01205	0.00967	0.01138	0.00817	0.01298	0.00731	0.00655	0.01445	0.01155	0.06079	0.01036	0.01172	0.00838	0.00419	0.00412	0.00086	0.00407	0.00336	0.00343	0.79463
61	0.01213	0.01057	0.01323	0.00976	0.01434	0.00904	0.05783	0.05498	0.08020	0.01896	0.01103	0.01246	0.00890	0.00466	0.00478	0.00106	0.02542	0.00384	0.00350	0.64331
62	0.01349	0.01295	0.02213	0.03346	0.77440	0.01295	0.01673	0.01673	0.01241	0.01781	0.01025	0.01349	0.00864	0.00486	0.00540	0.00162	0.00648	0.00486	0.00270	0.00864
63	0.00743	0.00538	0.00691	0.00707	0.00806	0.00500	0.00514	0.00932	0.01328	0.01826	0.43881	0.23823	0.09527	0.06589	0.00804	0.00213	0.00306	0.05248	0.00546	0.00479
64	0.00794	0.00606	0.00904	0.00896	0.00990	0.00717	0.00700	0.00986	0.00875	0.01267	0.01434	0.02108	0.01340	0.03977	0.75940	0.00853	0.04253	0.00580	0.00290	0.00491
65	0.00732	0.00503	0.00612	0.00672	0.00687	0.00488	0.00413	0.00777	0.00911	0.01214	0.02322	0.39671	0.02744	0.43697	0.01799	0.00384	0.00429	0.01148	0.00413	0.00383
66	0.02446	0.00928	0.01265	0.00970	0.01392	0.00801	0.00801	0.02657	0.01560	0.77817	0.02151	0.01856	0.01350	0.00675	0.00548	0.00169	0.00464	0.00548	0.00675	0.00928
67	0.00678	0.00485	0.00645	0.00749	0.00794	0.00452	0.00507	0.00795	0.01110	0.01497	0.12862	0.70327	0.03810	0.01629	0.00689	0.00215	0.00308	0.01475	0.00519	0.00452
68	0.02037	0.02598	0.01545	0.01404	0.01685	0.78652	0.01053	0.02177	0.01545	0.01334	0.00843	0.00983	0.00702	0.00562	0.00492	0.00140	0.00983	0.00351	0.00281	0.00632
69	0.01349	0.01295	0.02213	0.03346	0.77440	0.01295	0.01673	0.01673	0.01241	0.01781	0.01025	0.01349	0.00864	0.00486	0.00540	0.00162	0.00648	0.00486	0.00270	0.00864
70	0.01130	0.00969	0.01130	0.00807	0.01292	0.00727	0.00646	0.01373	0.01130	0.01776	0.00969	0.01130	0.00807	0.00404	0.00404	0.00081	0.00404	0.00323	0.00323	0.84173
71	0.01349	0.01295	0.02213	0.03346	0.77440	0.01295	0.01673	0.01673	0.01241	0.01781	0.01025	0.01349	0.00864	0.00486	0.00540	0.00162	0.00648	0.00486	0.00270	0.00864
72	0.84691	0.01054	0.00801	0.00717	0.01054	0.01223	0.00590	0.01603	0.00928	0.02446	0.00759	0.00886	0.00590	0.00506	0.00337	0.00169	0.00422	0.00295	0.00337	0.00590
73	0.00779	0.00584	0.00876	0.00876	0.00974	0.00681	0.00681	0.00974	0.00876	0.01266	0.01460	0.02142	0.01363	0.04089	0.78680	0.00876	0.01460	0.00584	0.00292	0.00487
74	0.00644	0.00552	0.00552	0.00552	0.00736	0.00460	0.00414	0.00782	0.01243	0.01473	0.05523	0.05247	0.77218	0.01381	0.00644	0.00184	0.00276	0.01151	0.00506	0.00460
75	0.01016	0.00508	0.00508	0.00508	0.00635	0.00508	0.00381	0.01270	0.01143	0.02033	0.01778	0.02033	0.01397	0.00635	0.00381	0.00127	0.00254	0.00508	0.83867	0.00508
76	0.02090	0.01500	0.01619	0.01241	0.01677	0.01650	0.01025	0.72286	0.02517	0.06837	0.01347	0.01334	0.00946	0.00655	0.00546	0.00164	0.00594	0.00493	0.00551	0.00927
77	0.03783	0.01404	0.01429	0.01129	0.01510	0.06871	0.00920	0.52479	0.02178	0.09730	0.01401	0.01421	0.01004	0.00644	0.00516	0.00158	0.00565	0.00484	0.11530	0.00844
78	0.70482	0.01028	0.00860	0.00752	0.01087	0.01158	0.00617	0.03635	0.01062	0.09111	0.05219	0.01163	0.00924	0.00559	0.00379	0.00169	0.00421	0.00362	0.00388	0.00625
79	0.01141	0.06213	0.65449	0.01742	0.11364	0.01310	0.01924	0.01716	0.01160	0.01713	0.00974	0.01162	0.00712	0.00512	0.00513	0.00169	0.00776	0.00408	0.00235	0.00808

[dist]
# distance from previous block
# <min> <max>
0	2

[block]
# block no. 5 follows, 44 sequences, length 9
# corresponding to MSA columns:
# 683-691
name=unknown_F
#
# <colnr> <probs for GDERKNQSTAVLIFYWHMCP>
#	G	D	E	R	K	N	Q	S	T	A	V	L	I	F	Y	W	H	M	C	P
0	0.01356	0.01143	0.04050	0.01034	0.02830	0.03031	0.00814	0.24061	0.12359	0.02201	0.04874	0.03973	0.05190	0.14934	0.00941	0.00226	0.00515	0.04025	0.00452	0.11991
1	0.01323	0.01268	0.02165	0.09616	0.71375	0.01288	0.01660	0.01650	0.01229	0.01749	0.01021	0.01358	0.00852	0.00491	0.00540	0.00164	0.00654	0.00486	0.00268	0.00842
2	0.01954	0.01457	0.01573	0.01198	0.01641	0.01570	0.00987	0.66313	0.02384	0.03228	0.01266	0.01287	0.00912	0.00623	0.00528	0.00153	0.00575	0.00470	0.00517	0.11364
3	0.00950	0.00598	0.00777	0.00709	0.00874	0.00543	0.00540	0.01194	0.01525	0.10577	0.63961	0.03904	0.09573	0.01083	0.00633	0.00172	0.00282	0.00948	0.00602	0.00557
4	0.00723	0.00545	0.00672	0.00730	0.00831	0.00508	0.00531	0.00911	0.03425	0.01579	0.15244	0.38083	0.21208	0.03716	0.00736	0.00215	0.00327	0.09025	0.00517	0.00474
5	0.01858	0.10254	0.04135	0.01167	0.01586	0.01609	0.01004	0.57303	0.02212	0.02984	0.01322	0.01465	0.01000	0.00655	0.00518	0.00159	0.00577	0.02837	0.06502	0.00854
6	0.00664	0.00474	0.00633	0.00759	0.00791	0.00443	0.00506	0.00759	0.01044	0.01392	0.03005	0.80485	0.03606	0.01708	0.00696	0.00221	0.00316	0.01550	0.00506	0.00443
7	0.00774	0.00521	0.00600	0.00618	0.00623	0.00516	0.00356	0.00788	0.00829	0.01105	0.01903	0.14659	0.02216	0.69430	0.02475	0.00484	0.00498	0.00902	0.00356	0.00347
8	0.04195	0.54774	0.18775	0.01094	0.01619	0.05293	0.01163	0.04914	0.01194	0.01513	0.00833	0.00958	0.00704	0.00491	0.00400	0.00133	0.00644	0.00327	0.00252	0.00726

[dist]
# distance from previous block
# <min> <max>
0	1

[block]
# block no. 6 follows, 44 sequences, length 7
# corresponding to MSA columns:
# 693-699
name=unknown_G
#
# <colnr> <probs for GDERKNQSTAVLIFYWHMCP>
#	G	D	E	R	K	N	Q	S	T	A	V	L	I	F	Y	W	H	M	C	P
0	0.01395	0.67752	0.15727	0.01039	0.01564	0.02005	0.01118	0.01649	0.01115	0.01359	0.00796	0.00922	0.00698	0.00475	0.00379	0.00126	0.00621	0.00311	0.00233	0.00718
1	0.00784	0.00563	0.00771	0.00771	0.00833	0.00625	0.00551	0.00906	0.00845	0.01188	0.01556	0.02672	0.01593	0.32622	0.50461	0.00747	0.01114	0.00662	0.00306	0.00429
2	0.00732	0.00504	0.00663	0.00751	0.00801	0.00477	0.00524	0.00808	0.01041	0.01375	0.05397	0.49682	0.08121	0.08002	0.01022	0.09530	0.00367	0.09317	0.00465	0.00421
3	0.01588	0.01402	0.02004	0.02740	0.55982	0.08581	0.01471	0.08325	0.01418	0.09528	0.01146	0.01362	0.00903	0.00527	0.00537	0.00161	0.00657	0.00480	0.00336	0.00854
4	0.11388	0.01217	0.01291	0.03311	0.01465	0.01335	0.00863	0.39600	0.12020	0.04950	0.06406	0.02008	0.10278	0.00759	0.00540	0.00171	0.00497	0.00594	0.00516	0.00790
5	0.00920	0.00474	0.00703	0.00715	0.00718	0.00471	0.00477	0.00715	0.00742	0.00989	0.01142	0.09110	0.01198	0.01876	0.01995	0.76205	0.00459	0.00575	0.00262	0.00256
6	0.14926	0.44413	0.04317	0.00998	0.01417	0.11426	0.00916	0.04147	0.05469	0.06179	0.00958	0.01036	0.00783	0.00520	0.00400	0.00138	0.00599	0.00343	0.00310	0.00707

[dist]
# distance from previous block
# <min> <max>
0	23

[block]
# block no. 7 follows, 44 sequences, length 31
# corresponding to MSA columns:
# 723-753
name=unknown_H
#
# <colnr> <probs for GDERKNQSTAVLIFYWHMCP>
#	G	D	E	R	K	N	Q	S	T	A	V	L	I	F	Y	W	H	M	C	P
0	0.01346	0.01306	0.02273	0.03283	0.72966	0.01300	0.06098	0.01678	0.01244	0.01779	0.01030	0.01357	0.00861	0.00484	0.00546	0.00163	0.00664	0.00495	0.00270	0.00856
1	0.01080	0.01002	0.01509	0.35471	0.14808	0.02700	0.04131	0.04227	0.05024	0.01613	0.02032	0.05429	0.15068	0.00774	0.00578	0.00181	0.00601	0.02788	0.00343	0.00643
2	0.01700	0.02061	0.01789	0.03710	0.01843	0.48648	0.12145	0.01893	0.01345	0.01391	0.00890	0.01154	0.00752	0.00764	0.04099	0.00196	0.14283	0.00430	0.00272	0.00634
3	0.01205	0.01004	0.01222	0.03154	0.01422	0.00800	0.02565	0.04581	0.01205	0.03754	0.01017	0.01174	0.00824	0.00427	0.00424	0.00092	0.00436	0.00349	0.00338	0.74007
4	0.84691	0.01054	0.00801	0.00717	0.01054	0.01223	0.00590	0.01603	0.00928	0.02446	0.00759	0.00886	0.00590	0.00506	0.00337	0.00169	0.00422	0.00295	0.00337	0.00590
5	0.00943	0.00847	0.02891	0.01038	0.01266	0.00795	0.12498	0.04889	0.09991	0.01856	0.20340	0.24358	0.13783	0.01133	0.00640	0.00190	0.00430	0.01031	0.00493	0.00589
6	0.01227	0.01026	0.01182	0.00853	0.01333	0.00825	0.00686	0.08950	0.01277	0.01946	0.01004	0.01149	0.00820	0.00429	0.00418	0.00089	0.00424	0.00340	0.00346	0.75678
7	0.01274	0.01206	0.02011	0.17746	0.57100	0.01261	0.01577	0.01664	0.05007	0.01727	0.01133	0.01555	0.00949	0.00542	0.00548	0.00170	0.00647	0.02794	0.00286	0.00803
8	0.01130	0.00969	0.01130	0.00807	0.01292	0.00727	0.00646	0.01373	0.01130	0.01776	0.00969	0.01130	0.00807	0.00404	0.00404	0.00081	0.00404	0.00323	0.00323	0.84173
9	0.01030	0.00969	0.01635	0.79530	0.03755	0.01211	0.01514	0.01393	0.01090	0.01393	0.00969	0.01453	0.00727	0.00545	0.00545	0.00182	0.00727	0.00484	0.00242	0.00606
10	0.00680	0.00488	0.00643	0.00761	0.00803	0.00457	0.00520	0.00783	0.01057	0.01400	0.03061	0.70932	0.06432	0.03876	0.00755	0.00230	0.00332	0.05844	0.00501	0.00444
11	0.00793	0.00529	0.00595	0.00595	0.00595	0.00529	0.00330	0.00793	0.00793	0.01057	0.01718	0.03568	0.01982	0.80840	0.02775	0.00529	0.00529	0.00793	0.00330	0.00330
12	0.01356	0.01171	0.01233	0.01109	0.01418	0.01356	0.00863	0.02897	0.76455	0.02281	0.02219	0.02034	0.01664	0.00740	0.00555	0.00185	0.00431	0.00616	0.00555	0.00863
13	0.00772	0.00557	0.00729	0.00686	0.00814	0.00514	0.00514	0.01029	0.01543	0.02186	0.77152	0.04072	0.05144	0.01115	0.00643	0.00171	0.00257	0.00986	0.00600	0.00514
14	0.84691	0.01054	0.00801	0.00717	0.01054	0.01223	0.00590	0.01603	0.00928	0.02446	0.00759	0.00886	0.00590	0.00506	0.00337	0.00169	0.00422	0.00295	0.00337	0.00590
15	0.01030	0.00969	0.01635	0.79530	0.03755	0.01211	0.01514	0.01393	0.01090	0.01393	0.00969	0.01453	0.00727	0.00545	0.00545	0.00182	0.00727	0.00484	0.00242	0.00606
16	0.00664	0.00474	0.00633	0.00759	0.00791	0.00443	0.00506	0.00759	0.01044	0.01392	0.03005	0.80485	0.03606	0.01708	0.00696	0.00221	0.00316	0.01550	0.00506	0.00443
17	0.01458	0.81168	0.02857	0.00933	0.01399	0.02157	0.00933	0.01632	0.01108	0.01283	0.00758	0.00875	0.00700	0.00466	0.00350	0.00117	0.00583	0.00292	0.00233	0.00700
18	0.00772	0.00557	0.00729	0.00686	0.00814	0.00514	0.00514	0.01029	0.01543	0.02186	0.77152	0.04072	0.05144	0.01115	0.00643	0.00171	0.00257	0.00986	0.00600	0.00514
19	0.02446	0.00928	0.01265	0.00970	0.01392	0.00801	0.00801	0.02657	0.01560	0.77817	0.02151	0.01856	0.01350	0.00675	0.00548	0.00169	0.00464	0.00548	0.00675	0.00928
20	0.01356	0.01171	0.01233	0.01109	0.01418	0.01356	0.00863	0.02897	0.76455	0.02281	0.02219	0.02034	0.01664	0.00740	0.00555	0.00185	0.00431	0.00616	0.00555	0.00863
21	0.01545	0.01265	0.01339	0.01148	0.01490	0.01444	0.00909	0.22058	0.56986	0.02585	0.01979	0.01843	0.01470	0.00717	0.00552	0.00179	0.00476	0.00583	0.00552	0.00880
22	0.84691	0.01054	0.00801	0.00717	0.01054	0.01223	0.00590	0.01603	0.00928	0.02446	0.00759	0.00886	0.00590	0.00506	0.00337	0.00169	0.00422	0.00295	0.00337	0.00590
23	0.00664	0.00474	0.00633	0.00759	0.00791	0.00443	0.00506	0.00759	0.01044	0.01392	0.03005	0.80485	0.03606	0.01708	0.00696	0.00221	0.00316	0.01550	0.00506	0.00443
24	0.00647	0.00542	0.00563	0.00580	0.00744	0.00458	0.00426	0.00779	0.01216	0.01462	0.05187	0.15288	0.67394	0.01424	0.00651	0.00189	0.00282	0.01204	0.00506	0.00458
25	0.00661	0.00544	0.00576	0.00585	0.00744	0.00465	0.00429	0.00800	0.01234	0.01509	0.10856	0.12783	0.61846	0.03640	0.00710	0.00197	0.00286	0.01168	0.00509	0.00459
26	0.00759	0.00554	0.00713	0.00680	0.00808	0.00508	0.00507	0.01002	0.01503	0.02107	0.69430	0.07160	0.09915	0.01156	0.00645	0.00174	0.00261	0.01019	0.00590	0.00508
27	0.01356	0.01171	0.01233	0.01109	0.01418	0.01356	0.00863	0.02897	0.76455	0.02281	0.02219	0.02034	0.01664	0.00740	0.00555	0.00185	0.00431	0.00616	0.00555	0.00863
28	0.02037	0.02598	0.01545	0.01404	0.01685	0.78652	0.01053	0.02177	0.01545	0.01334	0.00843	0.00983	0.00702	0.00562	0.00492	0.00140	0.00983	0.00351	0.00281	0.00632
29	0.01458	0.81168	0.02857	0.00933	0.01399	0.02157	0.00933	0.01632	0.01108	0.01283	0.00758	0.00875	0.00700	0.00466	0.00350	0.00117	0.00583	0.00292	0.00233	0.00700
30	0.84691	0.01054	0.00801	0.00717	0.01054	0.01223	0.00590	0.01603	0.00928	0.02446	0.00759	0.00886	0.00590	0.00506	0.00337	0.00169	0.00422	0.00295	0.00337	0.00590

[dist]
# distance from previous block
# <min> <max>
0	27

[block]
# block no. 8 follows, 44 sequences, length 53
# corresponding to MSA columns:
# 781-802,804-834
name=unknown_I
#
# <colnr> <probs for GDERKNQSTAVLIFYWHMCP>
#	G	D	E	R	K	N	Q	S	T	A	V	L	I	F	Y	W	H	M	C	P
0	0.01320	0.51552	0.31268	0.01168	0.01762	0.01820	0.01342	0.01668	0.01124	0.01450	0.00841	0.00979	0.00696	0.00486	0.00413	0.00138	0.00667	0.00334	0.00232	0.00740
1	0.00799	0.00528	0.00592	0.00592	0.00596	0.00528	0.00332	0.00806	0.00802	0.01084	0.01719	0.03526	0.01966	0.78657	0.02710	0.00518	0.00521	0.00785	0.02605	0.00335
2	0.02403	0.00937	0.01264	0.00976	0.01393	0.00823	0.00804	0.02666	0.04542	0.74810	0.02154	0.01863	0.01362	0.00677	0.00549	0.00169	0.00463	0.00551	0.00670	0.00925
3	0.01331	0.01525	0.02957	0.02155	0.02637	0.06852	0.63406	0.01737	0.01264	0.01677	0.01049	0.01411	0.00808	0.00512	0.00738	0.00186	0.08160	0.00608	0.00273	0.00715
4	0.01333	0.01319	0.05671	0.20429	0.36134	0.01289	0.15463	0.05228	0.01288	0.04965	0.01086	0.01406	0.00841	0.00512	0.00560	0.00171	0.00714	0.00514	0.00293	0.00783
5	0.00682	0.00519	0.00628	0.00674	0.00778	0.00465	0.00478	0.00828	0.01222	0.01598	0.20570	0.38459	0.28196	0.01466	0.00667	0.00198	0.00290	0.01291	0.00527	0.00465
6	0.02145	0.01411	0.01565	0.01199	0.01633	0.01519	0.00991	0.61543	0.02370	0.17787	0.01471	0.01414	0.01009	0.00658	0.00546	0.00165	0.00574	0.00502	0.00570	0.00927
7	0.01193	0.01193	0.01670	0.01431	0.01431	0.01670	0.01193	0.01312	0.00835	0.01312	0.00716	0.01193	0.00716	0.00954	0.01789	0.00239	0.79843	0.00477	0.00239	0.00596
8	0.01130	0.00969	0.01130	0.00807	0.01292	0.00727	0.00646	0.01373	0.01130	0.01776	0.00969	0.01130	0.00807	0.00404	0.00404	0.00081	0.00404	0.00323	0.00323	0.84173
9	0.02072	0.01527	0.01636	0.01254	0.01691	0.01691	0.01036	0.75622	0.02563	0.03436	0.01309	0.01309	0.00927	0.00654	0.00545	0.00164	0.00600	0.00491	0.00545	0.00927
10	0.02032	0.01477	0.01570	0.01215	0.01627	0.03229	0.00994	0.67283	0.02415	0.06766	0.01357	0.01429	0.00990	0.04260	0.00645	0.00180	0.00598	0.00504	0.00536	0.00894
11	0.15329	0.02033	0.05418	0.01537	0.11753	0.41532	0.01104	0.10023	0.03262	0.01847	0.00944	0.01085	0.00752	0.00555	0.00482	0.00153	0.00783	0.00384	0.00321	0.00703
12	0.00677	0.00491	0.00629	0.00725	0.00776	0.00454	0.00488	0.00782	0.01083	0.01435	0.08266	0.63771	0.10591	0.06099	0.00805	0.00232	0.00320	0.01431	0.00503	0.00443
13	0.01559	0.01284	0.01439	0.03562	0.04120	0.02807	0.02492	0.26927	0.33288	0.02521	0.01657	0.01714	0.01262	0.00667	0.00539	0.00165	0.00523	0.02309	0.00493	0.10671
14	0.01349	0.01295	0.02213	0.03346	0.77440	0.01295	0.01673	0.01673	0.01241	0.01781	0.01025	0.01349	0.00864	0.00486	0.00540	0.00162	0.00648	0.00486	0.00270	0.00864
15	0.01093	0.02820	0.78016	0.01554	0.02360	0.01266	0.02014	0.01727	0.01151	0.01727	0.00978	0.01151	0.00691	0.00518	0.00518	0.00173	0.00806	0.00403	0.00230	0.00806
16	0.00779	0.00584	0.00876	0.00876	0.00974	0.00681	0.00681	0.00974	0.00876	0.01266	0.01460	0.02142	0.01363	0.04089	0.78680	0.00876	0.01460	0.00584	0.00292	0.00487
17	0.00670	0.00553	0.00588	0.00579	0.00752	0.00471	0.00434	0.00832	0.01303	0.01617	0.20000	0.05009	0.62651	0.01327	0.00644	0.00182	0.00272	0.01117	0.00525	0.00471
18	0.01995	0.00873	0.01150	0.00924	0.01274	0.00793	0.00747	0.02340	0.08580	0.54958	0.17802	0.02335	0.02171	0.00773	0.00569	0.00171	0.00418	0.00646	0.00648	0.00835
19	0.01552	0.01139	0.01249	0.01086	0.01414	0.01269	0.00855	0.07367	0.58278	0.13934	0.04212	0.02017	0.01665	0.00735	0.00556	0.00181	0.00442	0.00608	0.00574	0.00867
20	0.00699	0.00554	0.00628	0.00610	0.00770	0.00484	0.00457	0.00889	0.01372	0.01780	0.36397	0.04741	0.46152	0.01266	0.00644	0.00179	0.00268	0.01080	0.00547	0.00484
21	0.01440	0.49277	0.11360	0.01053	0.01498	0.11483	0.01033	0.01738	0.04807	0.02957	0.07776	0.01284	0.01158	0.00560	0.00428	0.00136	0.00621	0.00395	0.00296	0.00699
22	0.76945	0.04759	0.04575	0.00767	0.01132	0.01267	0.00674	0.01610	0.00947	0.02359	0.00770	0.00898	0.00600	0.00505	0.00347	0.00167	0.00447	0.00300	0.00328	0.00606
23	0.01524	0.10595	0.17647	0.05007	0.07356	0.03745	0.01151	0.08233	0.03752	0.18925	0.08214	0.04622	0.03492	0.00683	0.00529	0.00163	0.00574	0.00557	0.00426	0.02805
24	0.00755	0.00557	0.00705	0.00668	0.00804	0.00507	0.00501	0.00996	0.01504	0.02092	0.67711	0.04227	0.14643	0.01150	0.00643	0.00173	0.00260	0.01008	0.00588	0.00507
25	0.01410	0.01417	0.01565	0.02877	0.02933	0.13770	0.01107	0.07959	0.12101	0.01645	0.01041	0.01333	0.00895	0.00928	0.03927	0.00229	0.43392	0.00483	0.00320	0.00670
26	0.01288	0.01232	0.02102	0.18029	0.63239	0.01279	0.01642	0.01619	0.01212	0.01706	0.01015	0.01369	0.00837	0.00497	0.00541	0.00166	0.00663	0.00486	0.00265	0.00814
27	0.01133	0.01112	0.01780	0.61694	0.14317	0.04775	0.04583	0.01484	0.01141	0.01461	0.00977	0.01418	0.00750	0.00534	0.00546	0.00177	0.00735	0.00485	0.00249	0.00650
28	0.01264	0.01292	0.01807	0.01506	0.01582	0.05182	0.08078	0.03436	0.00957	0.01412	0.00774	0.01212	0.00731	0.00882	0.01589	0.00227	0.66710	0.00487	0.00252	0.00620
29	0.00668	0.00478	0.00636	0.00756	0.00792	0.00446	0.00506	0.00769	0.01063	0.01422	0.05815	0.77588	0.03664	0.01686	0.00694	0.00220	0.00314	0.01528	0.00510	0.00446
30	0.03373	0.00698	0.00914	0.00843	0.01050	0.00652	0.06616	0.01155	0.05487	0.05071	0.08589	0.10388	0.37453	0.03403	0.00704	0.00205	0.00393	0.11978	0.00494	0.00535
31	0.02180	0.00886	0.01189	0.00947	0.01319	0.00784	0.00768	0.02443	0.04854	0.64972	0.05492	0.08323	0.01711	0.00780	0.00565	0.00174	0.00442	0.00651	0.00653	0.00868
32	0.00646	0.00547	0.00558	0.00566	0.00740	0.00459	0.00421	0.00781	0.01229	0.01467	0.05350	0.10402	0.72175	0.01403	0.00648	0.00187	0.00279	0.01178	0.00506	0.00459
33	0.05822	0.01518	0.01577	0.01222	0.01647	0.04544	0.01006	0.66015	0.02403	0.06857	0.01307	0.01303	0.00924	0.00645	0.00534	0.00163	0.00600	0.00479	0.00532	0.00901
34	0.09145	0.08181	0.59116	0.01465	0.02178	0.01343	0.05978	0.03481	0.01168	0.01805	0.00957	0.01128	0.00695	0.00513	0.00496	0.00169	0.00755	0.00400	0.00251	0.00776
35	0.84691	0.01054	0.00801	0.00717	0.01054	0.01223	0.00590	0.01603	0.00928	0.02446	0.00759	0.00886	0.00590	0.00506	0.00337	0.00169	0.00422	0.00295	0.00337	0.00590
36	0.01356	0.01171	0.01233	0.01109	0.01418	0.01356	0.00863	0.02897	0.76455	0.02281	0.02219	0.02034	0.01664	0.00740	0.00555	0.00185	0.00431	0.00616	0.00555	0.00863
37	0.00971	0.01018	0.09276	0.01375	0.17051	0.00845	0.00951	0.01390	0.09652	0.01850	0.23723	0.06710	0.15333	0.02986	0.00660	0.00189	0.00441	0.04484	0.00455	0.00639
38	0.00692	0.00554	0.00618	0.00602	0.00766	0.00480	0.00452	0.00874	0.01355	0.01739	0.32273	0.04808	0.50301	0.01281	0.00644	0.00179	0.00269	0.01089	0.00541	0.00480
39	0.01259	0.33397	0.39823	0.01397	0.02040	0.01629	0.10142	0.01692	0.01150	0.01555	0.00906	0.01080	0.00710	0.00491	0.00467	0.00152	0.00732	0.00387	0.00237	0.00756
40	0.78992	0.06540	0.00942	0.00732	0.01078	0.01287	0.00614	0.01605	0.00940	0.02366	0.00759	0.00885	0.00598	0.00503	0.00338	0.00165	0.00433	0.00295	0.00330	0.00598
41	0.00817	0.00622	0.00795	0.00798	0.03403	0.00590	0.00577	0.01142	0.06077	0.02079	0.59323	0.04066	0.12594	0.01115	0.00639	0.00176	0.00292	0.03782	0.00572	0.00541
42	0.01195	0.01168	0.01743	0.01797	0.16807	0.01492	0.03036	0.01372	0.00961	0.01441	0.00981	0.03090	0.00970	0.00900	0.01417	0.00222	0.54956	0.05540	0.00269	0.00644
43	0.01004	0.00511	0.00519	0.00517	0.00644	0.00508	0.00388	0.01259	0.01163	0.02040	0.05466	0.02132	0.01581	0.00659	0.00394	0.00129	0.00254	0.00532	0.79793	0.00508
44	0.01025	0.00795	0.00899	0.00825	0.01042	0.00823	0.00633	0.01726	0.28871	0.05007	0.32750	0.03473	0.17918	0.01013	0.00607	0.00179	0.00333	0.00866	0.00568	0.00647
45	0.01130	0.00969	0.01130	0.00807	0.01292	0.00727	0.00646	0.01373	0.01130	0.01776	0.00969	0.01130	0.00807	0.00404	0.00404	0.00081	0.00404	0.00323	0.00323	0.84173
