[name]
unknown

[dist]
# distance from previous block
# <min> <max>
27	190

[block]
# block no. 0 follows, 44 sequences, length 7
# corresponding to MSA columns:
# 206-212
name=unknown_A
#
# <colnr> <probs for GDERKNQSTAVLIFYWHMCP>
#	G	D	E	R	K	N	Q	S	T	A	V	L	I	F	Y	W	H	M	C	P
0	0.07385	0.01472	0.10570	0.17735	0.28843	0.08922	0.01399	0.03675	0.05490	0.04045	0.01216	0.03355	0.02393	0.00582	0.00526	0.00169	0.00665	0.00497	0.00312	0.00747
1	0.01086	0.00724	0.00879	0.00765	0.00942	0.04452	0.09140	0.01345	0.01161	0.01913	0.01651	0.01998	0.01328	0.04911	0.00545	0.00156	0.00382	0.00531	0.65560	0.00531
2	0.01721	0.01272	0.01402	0.01124	0.01438	0.01440	0.00915	0.49011	0.05377	0.02825	0.01371	0.01526	0.01050	0.03581	0.00744	0.00181	0.09747	0.00509	0.13971	0.00797
3	0.01043	0.00823	0.00949	0.00884	0.01059	0.04385	0.03038	0.08667	0.07485	0.04290	0.11260	0.29703	0.10534	0.08207	0.02662	0.00235	0.00447	0.01019	0.00487	0.02825
4	0.01199	0.07195	0.38551	0.03844	0.10548	0.06169	0.06003	0.01570	0.01113	0.01540	0.00952	0.01247	0.00759	0.00728	0.00803	0.12278	0.04131	0.00432	0.00243	0.00693
5	0.01411	0.06925	0.10633	0.06307	0.07147	0.19096	0.07114	0.07788	0.01359	0.01752	0.04573	0.03035	0.01114	0.00715	0.02581	0.00178	0.05447	0.00494	0.11656	0.00673
6	0.01389	0.01358	0.04841	0.03793	0.05686	0.10071	0.03335	0.12952	0.08370	0.01993	0.01299	0.02928	0.03118	0.00561	0.00487	0.00131	0.00557	0.00455	0.00371	0.36305

[dist]
# distance from previous block
# <min> <max>
3	12

[block]
# block no. 1 follows, 44 sequences, length 6
# corresponding to MSA columns:
# 225-230
name=unknown_B
#
# <colnr> <probs for GDERKNQSTAVLIFYWHMCP>
#	G	D	E	R	K	N	Q	S	T	A	V	L	I	F	Y	W	H	M	C	P
0	0.01412	0.01168	0.01728	0.09379	0.08711	0.03393	0.11422	0.08184	0.01250	0.09678	0.01170	0.01457	0.00921	0.00693	0.00929	0.00187	0.25678	0.00511	0.11435	0.00694
1	0.00975	0.00594	0.00734	0.00695	0.00847	0.00536	0.00506	0.01138	0.01298	0.12850	0.28163	0.15106	0.20512	0.12460	0.00938	0.00232	0.00339	0.01015	0.00538	0.00526
2	0.08459	0.00583	0.00685	0.00710	0.00826	0.00564	0.00520	0.00959	0.01208	0.01733	0.25756	0.25421	0.13651	0.08974	0.00845	0.00228	0.00339	0.07561	0.00502	0.00475
3	0.01993	0.01308	0.01465	0.01140	0.01560	0.01381	0.00933	0.44773	0.11708	0.19490	0.01585	0.01509	0.01105	0.00651	0.00537	0.00161	0.00534	0.00507	0.00558	0.07099
4	0.49989	0.01095	0.04427	0.00827	0.01174	0.01134	0.00705	0.05151	0.08975	0.11075	0.01216	0.01272	0.00896	0.00571	0.00407	0.00166	0.00435	0.00394	0.09418	0.00674
5	0.00894	0.00668	0.00778	0.00784	0.00899	0.00675	0.00551	0.07898	0.09049	0.01674	0.07809	0.37621	0.11006	0.15870	0.01037	0.00261	0.00385	0.01135	0.00489	0.00517

[dist]
# distance from previous block
# <min> <max>
1	3

[block]
# block no. 2 follows, 44 sequences, length 9
# corresponding to MSA columns:
# 234-242
name=unknown_C
#
# <colnr> <probs for GDERKNQSTAVLIFYWHMCP>
#	G	D	E	R	K	N	Q	S	T	A	V	L	I	F	Y	W	H	M	C	P
0	0.02119	0.01359	0.01521	0.01176	0.01601	0.01453	0.00968	0.53305	0.06941	0.21476	0.01571	0.01487	0.01076	0.00665	0.00547	0.00166	0.00556	0.00513	0.00577	0.00923
1	0.00700	0.00515	0.00627	0.00693	0.00778	0.00472	0.00487	0.00828	0.01137	0.01495	0.10277	0.42644	0.22228	0.07020	0.00815	0.00227	0.00323	0.05134	0.03148	0.00451
2	0.00708	0.00534	0.00651	0.00698	0.00806	0.00486	0.00511	0.00860	0.01214	0.01581	0.18024	0.30312	0.27074	0.05169	0.00773	0.00218	0.00322	0.09082	0.00516	0.00463
3	0.00751	0.00515	0.00605	0.00640	0.00678	0.00496	0.00401	0.00816	0.00960	0.01294	0.06314	0.26233	0.09233	0.42929	0.01760	0.00372	0.00418	0.01044	0.04150	0.00392
4	0.00740	0.00554	0.00672	0.00726	0.00811	0.00529	0.00504	0.00949	0.06075	0.01523	0.11824	0.42695	0.15854	0.10883	0.00919	0.00244	0.00340	0.03189	0.00499	0.00470
5	0.01863	0.01438	0.01493	0.01177	0.01564	0.05120	0.00954	0.57449	0.07382	0.03041	0.06163	0.01594	0.01269	0.03579	0.00626	0.00175	0.00576	0.00530	0.00522	0.03483
6	0.01358	0.01260	0.02258	0.05545	0.02240	0.01155	0.38662	0.06906	0.01337	0.06865	0.01139	0.01379	0.00858	0.00475	0.00552	0.00150	0.00699	0.00520	0.00334	0.26309
7	0.01549	0.01029	0.01173	0.00981	0.01326	0.01045	0.00788	0.12359	0.26160	0.17960	0.02187	0.02284	0.07380	0.00762	0.00543	0.00166	0.00442	0.05221	0.04267	0.12377
8	0.14828	0.08747	0.01606	0.01247	0.01573	0.37503	0.05832	0.10159	0.04216	0.01832	0.00981	0.01120	0.00785	0.00570	0.00507	0.00152	0.03102	0.00393	0.04176	0.00673

[dist]
# distance from previous block
# <min> <max>
0	25

[block]
# block no. 3 follows, 44 sequences, length 9
# corresponding to MSA columns:
# 268-276
name=unknown_D
#
# <colnr> <probs for GDERKNQSTAVLIFYWHMCP>
#	G	D	E	R	K	N	Q	S	T	A	V	L	I	F	Y	W	H	M	C	P
0	0.01151	0.01376	0.09858	0.03968	0.05221	0.01169	0.47866	0.01532	0.01205	0.01647	0.01385	0.12545	0.01260	0.00735	0.00704	0.04131	0.00778	0.02489	0.00306	0.00674
1	0.07831	0.00799	0.01006	0.00836	0.01120	0.00747	0.00667	0.05421	0.01554	0.34265	0.35975	0.02760	0.02991	0.00860	0.00575	0.00170	0.00374	0.00725	0.00609	0.00715
2	0.00962	0.00756	0.00832	0.00768	0.00941	0.02629	0.00575	0.10890	0.04757	0.01889	0.23156	0.07970	0.23716	0.10753	0.06722	0.00271	0.00459	0.00913	0.00497	0.00544
3	0.06535	0.00933	0.01187	0.00935	0.01323	0.00837	0.00758	0.06888	0.01490	0.52782	0.01968	0.09309	0.01438	0.00733	0.00534	0.00163	0.00449	0.00602	0.00591	0.10546
4	0.01836	0.01278	0.12582	0.01073	0.01481	0.04182	0.00970	0.07961	0.07812	0.39339	0.05142	0.10648	0.01634	0.00786	0.00562	0.00175	0.00519	0.00651	0.00550	0.00820
5	0.04054	0.46494	0.21991	0.01243	0.01790	0.06027	0.08433	0.01697	0.01154	0.01481	0.00853	0.01009	0.00706	0.00485	0.00429	0.00140	0.00689	0.00358	0.00243	0.00723
6	0.00949	0.00701	0.00838	0.00803	0.00986	0.00657	0.00584	0.04666	0.08364	0.04640	0.05467	0.40317	0.09450	0.04562	0.00702	0.00198	0.00364	0.01083	0.00486	0.14185
7	0.01528	0.01199	0.01421	0.01265	0.08776	0.01236	0.00916	0.34837	0.01728	0.02407	0.01217	0.01533	0.01010	0.08951	0.04597	0.00218	0.04111	0.00482	0.00414	0.22155
8	0.03241	0.01063	0.01494	0.09810	0.01669	0.01224	0.05667	0.07012	0.01194	0.09149	0.07844	0.01669	0.01267	0.04650	0.01095	0.00202	0.29163	0.00532	0.00357	0.11697

[dist]
# distance from previous block
# <min> <max>
0	2

[block]
# block no. 4 follows, 44 sequences, length 9
# corresponding to MSA columns:
# 279-287
name=unknown_E
#
# <colnr> <probs for GDERKNQSTAVLIFYWHMCP>
#	G	D	E	R	K	N	Q	S	T	A	V	L	I	F	Y	W	H	M	C	P
0	0.15202	0.02880	0.02957	0.08027	0.04940	0.18740	0.09221	0.05705	0.01267	0.01791	0.00991	0.03822	0.00837	0.00573	0.00560	0.00153	0.05478	0.00442	0.00311	0.16101
1	0.09689	0.01913	0.01559	0.01406	0.06665	0.33602	0.01044	0.33306	0.01900	0.02361	0.01045	0.01137	0.00798	0.00591	0.00503	0.00154	0.00746	0.00414	0.00398	0.00769
2	0.00750	0.00567	0.00703	0.00754	0.00869	0.00535	0.00566	0.00981	0.04657	0.01657	0.19002	0.30948	0.20753	0.01430	0.00676	0.00206	0.00332	0.13595	0.00527	0.00491
3	0.01051	0.00601	0.00654	0.00628	0.00767	0.00625	0.00474	0.07360	0.01210	0.01989	0.01751	0.05329	0.01472	0.04645	0.09705	0.00240	0.00439	0.00572	0.59959	0.00530
4	0.11792	0.01559	0.11932	0.05570	0.02605	0.01338	0.53658	0.01709	0.01216	0.01816	0.01038	0.01357	0.00776	0.00476	0.00585	0.00180	0.00834	0.00563	0.00276	0.00720
5	0.00744	0.08389	0.00831	0.00700	0.00834	0.00622	0.00517	0.00876	0.01160	0.01477	0.10036	0.40703	0.28316	0.01425	0.00640	0.00194	0.00324	0.01243	0.00488	0.00480
6	0.07885	0.00921	0.01189	0.00946	0.01324	0.00837	0.00769	0.05850	0.01514	0.61675	0.02099	0.09443	0.01498	0.00763	0.00548	0.00174	0.00453	0.00626	0.00629	0.00857
7	0.01918	0.06747	0.01494	0.01162	0.01509	0.26274	0.00927	0.19207	0.08719	0.17428	0.07924	0.01592	0.01358	0.00664	0.00525	0.00157	0.00650	0.00499	0.00472	0.00776
8	0.01672	0.04939	0.01129	0.00880	0.01172	0.00791	0.00703	0.01968	0.06609	0.39929	0.20722	0.12720	0.02572	0.00913	0.00581	0.00175	0.00397	0.00780	0.00603	0.00746

[dist]
# distance from previous block
# <min> <max>
1	5

[block]
# block no. 5 follows, 44 sequences, length 9
# corresponding to MSA columns:
# 293-301
name=unknown_F
#
# <colnr> <probs for GDERKNQSTAVLIFYWHMCP>
#	G	D	E	R	K	N	Q	S	T	A	V	L	I	F	Y	W	H	M	C	P
0	0.04973	0.05021	0.01576	0.01377	0.06957	0.33174	0.01020	0.18650	0.05124	0.15086	0.01241	0.01272	0.00915	0.00599	0.00508	0.00154	0.00723	0.00434	0.00420	0.00777
1	0.12653	0.03617	0.02706	0.01380	0.13518	0.04707	0.00970	0.12532	0.08316	0.19617	0.03592	0.03756	0.02617	0.00783	0.02208	0.00187	0.00549	0.05044	0.00469	0.00779
2	0.07873	0.00788	0.00935	0.02670	0.01127	0.00720	0.00637	0.05138	0.01316	0.05991	0.21673	0.14717	0.05074	0.00917	0.00549	0.00156	0.00374	0.04057	0.00469	0.24819
3	0.01310	0.01041	0.01156	0.01017	0.03187	0.01074	0.00776	0.07638	0.37373	0.06507	0.04189	0.02306	0.12703	0.00763	0.00540	0.00161	0.00419	0.00632	0.00504	0.16703
4	0.00826	0.00594	0.00742	0.00807	0.00882	0.00585	0.00557	0.09077	0.01201	0.01604	0.02758	0.68214	0.03235	0.05167	0.00773	0.00229	0.00357	0.01398	0.00502	0.00492
5	0.01234	0.01177	0.01480	0.01490	0.18583	0.07233	0.04644	0.01491	0.01204	0.01722	0.01242	0.01423	0.05234	0.00495	0.00468	0.00115	0.00525	0.00426	0.00316	0.49501
6	0.00747	0.00530	0.00657	0.00721	0.00770	0.00509	0.00476	0.03212	0.01064	0.01419	0.06618	0.51452	0.06194	0.21573	0.01210	0.00293	0.00374	0.01279	0.00468	0.00435
7	0.01354	0.46382	0.25232	0.01143	0.01677	0.08035	0.01243	0.01669	0.01182	0.01474	0.05384	0.01157	0.00962	0.00528	0.00429	0.00139	0.00663	0.00371	0.00258	0.00715
8	0.07632	0.04136	0.18587	0.01485	0.11928	0.16023	0.01215	0.07746	0.05321	0.08065	0.02613	0.04618	0.02852	0.00628	0.00511	0.00160	0.00657	0.00494	0.00361	0.04966

[dist]
# distance from previous block
# <min> <max>
4	12

[block]
# block no. 6 follows, 44 sequences, length 42
# corresponding to MSA columns:
# 314-355
name=unknown_G
#
# <colnr> <probs for GDERKNQSTAVLIFYWHMCP>
#	G	D	E	R	K	N	Q	S	T	A	V	L	I	F	Y	W	H	M	C	P
0	0.00843	0.00605	0.00824	0.00935	0.01050	0.00598	0.00791	0.01061	0.01212	0.01571	0.02987	0.11824	0.07488	0.05924	0.00854	0.00260	0.00475	0.59717	0.00493	0.00485
1	0.00884	0.00643	0.00891	0.02814	0.01167	0.00650	0.00857	0.01173	0.03304	0.01699	0.10210	0.05722	0.03241	0.01424	0.00732	0.00240	0.00481	0.62847	0.00507	0.00515
2	0.00989	0.00726	0.00953	0.01028	0.01187	0.00752	0.00887	0.05681	0.07670	0.01793	0.02737	0.05517	0.02883	0.01391	0.00724	0.00240	0.00502	0.63275	0.00509	0.00558
3	0.05801	0.01010	0.01635	0.61518	0.12159	0.01198	0.01439	0.01512	0.01127	0.06014	0.01034	0.01433	0.00772	0.00544	0.00533	0.00178	0.00685	0.00478	0.00276	0.00654
4	0.84691	0.01054	0.00801	0.00717	0.01054	0.01223	0.00590	0.01603	0.00928	0.02446	0.00759	0.00886	0.00590	0.00506	0.00337	0.00169	0.00422	0.00295	0.00337	0.00590
5	0.00879	0.00628	0.00879	0.01004	0.01130	0.00628	0.00879	0.01130	0.01255	0.01632	0.02887	0.06150	0.03138	0.01506	0.00753	0.00251	0.00502	0.73770	0.00502	0.00502
6	0.01464	0.01225	0.01293	0.01131	0.01459	0.01406	0.00889	0.13814	0.65362	0.02454	0.02082	0.01925	0.01554	0.00727	0.00553	0.00182	0.00457	0.00598	0.00553	0.00873
7	0.02137	0.00900	0.01206	0.00981	0.01351	0.00817	0.00811	0.02447	0.06819	0.61349	0.02219	0.02370	0.01577	0.00880	0.02992	0.00201	0.00497	0.08951	0.00635	0.00861
8	0.01391	0.03361	0.02167	0.05192	0.68289	0.06714	0.01607	0.01700	0.01255	0.01727	0.01005	0.01315	0.00845	0.00492	0.00532	0.00160	0.00672	0.00471	0.00269	0.00836
9	0.01869	0.21368	0.04226	0.01296	0.01638	0.57988	0.01054	0.02033	0.01428	0.01334	0.00827	0.00962	0.00701	0.00538	0.00459	0.00136	0.00882	0.00338	0.00268	0.00654
10	0.00793	0.00529	0.00595	0.00595	0.00595	0.00529	0.00330	0.00793	0.00793	0.01057	0.01718	0.03568	0.01982	0.80840	0.02775	0.00529	0.00529	0.00793	0.00330	0.00330
11	0.01488	0.69910	0.06919	0.01009	0.01478	0.08829	0.01004	0.01686	0.01149	0.01312	0.00778	0.00899	0.00699	0.00478	0.00372	0.00122	0.00631	0.00303	0.00237	0.00700
12	0.01130	0.00969	0.01130	0.00807	0.01292	0.00727	0.00646	0.01373	0.01130	0.01776	0.00969	0.01130	0.00807	0.00404	0.00404	0.00081	0.00404	0.00323	0.00323	0.84173
13	0.00996	0.00629	0.00777	0.00707	0.00896	0.00569	0.00541	0.01259	0.03935	0.12719	0.46096	0.03986	0.22575	0.01107	0.00627	0.00175	0.00297	0.00953	0.00586	0.00571
14	0.01040	0.00979	0.01653	0.77147	0.06060	0.01214	0.01519	0.01402	0.01095	0.01405	0.00971	0.01450	0.00731	0.00543	0.00545	0.00181	0.00724	0.00485	0.00243	0.00614
15	0.00779	0.00584	0.00876	0.00876	0.00974	0.00681	0.00681	0.00974	0.00876	0.01266	0.01460	0.02142	0.01363	0.04089	0.78680	0.00876	0.01460	0.00584	0.00292	0.00487
16	0.02088	0.01392	0.01541	0.01191	0.01611	0.01501	0.00980	0.60974	0.02346	0.15790	0.01505	0.04005	0.01086	0.00693	0.00551	0.00166	0.00568	0.00535	0.00566	0.00911
17	0.84691	0.01054	0.00801	0.00717	0.01054	0.01223	0.00590	0.01603	0.00928	0.02446	0.00759	0.00886	0.00590	0.00506	0.00337	0.00169	0.00422	0.00295	0.00337	0.00590
18	0.01030	0.00969	0.01635	0.79530	0.03755	0.01211	0.01514	0.01393	0.01090	0.01393	0.00969	0.01453	0.00727	0.00545	0.00545	0.00182	0.00727	0.00484	0.00242	0.00606
19	0.00947	0.00473	0.00710	0.00710	0.00710	0.00473	0.00473	0.00710	0.00710	0.00947	0.00947	0.01657	0.00947	0.01894	0.02131	0.84138	0.00473	0.00473	0.00237	0.00237
20	0.00791	0.00536	0.00631	0.00631	0.00644	0.00548	0.00376	0.00816	0.00804	0.01084	0.01684	0.03383	0.01902	0.70910	0.12596	0.00574	0.00649	0.00766	0.00325	0.00351
21	0.01093	0.02820	0.78016	0.01554	0.02360	0.01266	0.02014	0.01727	0.01151	0.01727	0.00978	0.01151	0.00691	0.00518	0.00518	0.00173	0.00806	0.00403	0.00230	0.00806
22	0.00772	0.00557	0.00729	0.00686	0.00814	0.00514	0.00514	0.01029	0.01543	0.02186	0.77152	0.04072	0.05144	0.01115	0.00643	0.00171	0.00257	0.00986	0.00600	0.00514
23	0.02446	0.00928	0.01265	0.00970	0.01392	0.00801	0.00801	0.02657	0.01560	0.77817	0.02151	0.01856	0.01350	0.00675	0.00548	0.00169	0.00464	0.00548	0.00675	0.00928
24	0.02072	0.01527	0.01636	0.01254	0.01691	0.01691	0.01036	0.75622	0.02563	0.03436	0.01309	0.01309	0.00927	0.00654	0.00545	0.00164	0.00600	0.00491	0.00545	0.00927
25	0.00664	0.00474	0.00633	0.00759	0.00791	0.00443	0.00506	0.00759	0.01044	0.01392	0.03005	0.80485	0.03606	0.01708	0.00696	0.00221	0.00316	0.01550	0.00506	0.00443
26	0.01349	0.01295	0.02213	0.03346	0.77440	0.01295	0.01673	0.01673	0.01241	0.01781	0.01025	0.01349	0.00864	0.00486	0.00540	0.00162	0.00648	0.00486	0.00270	0.00864
27	0.03897	0.00915	0.01491	0.67756	0.03321	0.01124	0.01366	0.01328	0.01079	0.01429	0.01195	0.10497	0.01052	0.00677	0.00555	0.00186	0.00669	0.00600	0.00276	0.00586
28	0.84691	0.01054	0.00801	0.00717	0.01054	0.01223	0.00590	0.01603	0.00928	0.02446	0.00759	0.00886	0.00590	0.00506	0.00337	0.00169	0.00422	0.00295	0.00337	0.00590
29	0.00793	0.00529	0.00595	0.00595	0.00595	0.00529	0.00330	0.00793	0.00793	0.01057	0.01718	0.03568	0.01982	0.80840	0.02775	0.00529	0.00529	0.00793	0.00330	0.00330
30	0.02415	0.00978	0.01296	0.00994	0.01417	0.00876	0.00821	0.08811	0.01645	0.71543	0.02080	0.01809	0.01314	0.00673	0.00548	0.00168	0.00475	0.00543	0.00664	0.00928
31	0.84691	0.01054	0.00801	0.00717	0.01054	0.01223	0.00590	0.01603	0.00928	0.02446	0.00759	0.00886	0.00590	0.00506	0.00337	0.00169	0.00422	0.00295	0.00337	0.00590
32	0.01324	0.01453	0.03154	0.02255	0.02802	0.01360	0.73047	0.01776	0.01296	0.04204	0.01137	0.01483	0.00844	0.00467	0.00640	0.00183	0.00904	0.00640	0.00289	0.00742
33	0.84691	0.01054	0.00801	0.00717	0.01054	0.01223	0.00590	0.01603	0.00928	0.02446	0.00759	0.00886	0.00590	0.00506	0.00337	0.00169	0.00422	0.00295	0.00337	0.00590
34	0.01287	0.01471	0.03217	0.02298	0.02849	0.01379	0.75460	0.01746	0.01287	0.01746	0.01103	0.01471	0.00827	0.00460	0.00643	0.00184	0.00919	0.00643	0.00276	0.00735
35	0.04012	0.02679	0.70910	0.01569	0.02343	0.01271	0.06305	0.01723	0.01151	0.01753	0.00978	0.01161	0.00695	0.00514	0.00519	0.00173	0.00799	0.00413	0.00237	0.00794
36	0.01458	0.81168	0.02857	0.00933	0.01399	0.02157	0.00933	0.01632	0.01108	0.01283	0.00758	0.00875	0.00700	0.00466	0.00350	0.00117	0.00583	0.00292	0.00233	0.00700
37	0.01016	0.00508	0.00508	0.00508	0.00635	0.00508	0.00381	0.01270	0.01143	0.02033	0.01778	0.02033	0.01397	0.00635	0.00381	0.00127	0.00254	0.00508	0.83867	0.00508
38	0.01193	0.01193	0.01670	0.01431	0.01431	0.01670	0.01193	0.01312	0.00835	0.01312	0.00716	0.01193	0.00716	0.00954	0.01789	0.00239	0.79843	0.00477	0.00239	0.00596
39	0.01016	0.00508	0.00508	0.00508	0.00635	0.00508	0.00381	0.01270	0.01143	0.02033	0.01778	0.02033	0.01397	0.00635	0.00381	0.00127	0.00254	0.00508	0.83867	0.00508
40	0.01356	0.01171	0.01233	0.01109	0.01418	0.01356	0.00863	0.02897	0.76455	0.02281	0.02219	0.02034	0.01664	0.00740	0.00555	0.00185	0.00431	0.00616	0.00555	0.00863
41	0.01287	0.01471	0.03217	0.02298	0.02849	0.01379	0.75460	0.01746	0.01287	0.01746	0.01103	0.01471	0.00827	0.00460	0.00643	0.00184	0.00919	0.00643	0.00276	0.00735

[dist]
# distance from previous block
# <min> <max>
0	1

[block]
# block no. 7 follows, 44 sequences, length 45
# corresponding to MSA columns:
# 397-441
name=unknown_H
#
# <colnr> <probs for GDERKNQSTAVLIFYWHMCP>
#	G	D	E	R	K	N	Q	S	T	A	V	L	I	F	Y	W	H	M	C	P
0	0.84691	0.01054	0.00801	0.00717	0.01054	0.01223	0.00590	0.01603	0.00928	0.02446	0.00759	0.00886	0.00590	0.00506	0.00337	0.00169	0.00422	0.00295	0.00337	0.00590
1	0.00742	0.00556	0.00688	0.00655	0.00796	0.00502	0.00491	0.00972	0.01474	0.02022	0.60633	0.04343	0.21766	0.01176	0.00643	0.00174	0.00262	0.01024	0.00578	0.00502
2	0.00779	0.00584	0.00876	0.00876	0.00974	0.00681	0.00681	0.00974	0.00876	0.01266	0.01460	0.02142	0.01363	0.04089	0.78680	0.00876	0.01460	0.00584	0.00292	0.00487
3	0.01530	0.01257	0.01331	0.01145	0.01484	0.01437	0.00905	0.20535	0.58533	0.02561	0.01998	0.01858	0.01485	0.00719	0.00552	0.00180	0.00472	0.00586	0.00552	0.00878
4	0.00784	0.00541	0.00652	0.00646	0.00682	0.00546	0.00407	0.00850	0.00919	0.01252	0.12151	0.03479	0.04267	0.57022	0.13119	0.00520	0.00616	0.00799	0.00367	0.00381
5	0.01516	0.73225	0.02724	0.00981	0.01428	0.09891	0.00945	0.01688	0.01152	0.01288	0.00766	0.00886	0.00700	0.00476	0.00364	0.00119	0.00623	0.00298	0.00238	0.00693
6	0.01085	0.05090	0.16903	0.04821	0.04991	0.00902	0.01151	0.01413	0.01232	0.06520	0.02154	0.03897	0.04113	0.01054	0.00633	0.00206	0.00572	0.38294	0.00413	0.04557
7	0.01481	0.04030	0.25235	0.02097	0.27285	0.04708	0.08924	0.01908	0.02951	0.14326	0.01216	0.01370	0.00894	0.00533	0.00538	0.00167	0.00701	0.00478	0.00331	0.00829
8	0.04071	0.01341	0.09355	0.01476	0.14198	0.03554	0.01096	0.12253	0.15229	0.23772	0.05191	0.01773	0.02886	0.00663	0.00543	0.00170	0.00544	0.00547	0.00493	0.00845
9	0.03706	0.01027	0.01373	0.15893	0.03938	0.00923	0.04512	0.04553	0.01199	0.03882	0.01018	0.01234	0.00808	0.00457	0.00454	0.00116	0.00507	0.00386	0.00323	0.53691
10	0.02320	0.01130	0.01391	0.01066	0.01493	0.01102	0.00881	0.27308	0.01899	0.52688	0.01866	0.01671	0.01207	0.00668	0.00547	0.00167	0.00510	0.00529	0.00631	0.00928
11	0.00644	0.00552	0.00552	0.00552	0.00736	0.00460	0.00414	0.00782	0.01243	0.01473	0.05523	0.05247	0.77218	0.01381	0.00644	0.00184	0.00276	0.01151	0.00506	0.00460
12	0.01255	0.01474	0.06646	0.10306	0.07462	0.01351	0.59737	0.01704	0.01257	0.01711	0.01078	0.01446	0.00812	0.00473	0.00621	0.00182	0.00877	0.00606	0.00270	0.00733
13	0.00772	0.00557	0.00729	0.00686	0.00814	0.00514	0.00514	0.01029	0.01543	0.02186	0.77152	0.04072	0.05144	0.01115	0.00643	0.00171	0.00257	0.00986	0.00600	0.00514
14	0.01421	0.73367	0.10340	0.00995	0.01495	0.02068	0.01041	0.01642	0.01112	0.01327	0.00780	0.00902	0.00699	0.00472	0.00367	0.00122	0.00605	0.00303	0.00233	0.00710
15	0.01356	0.01171	0.01233	0.01109	0.01418	0.01356	0.00863	0.02897	0.76455	0.02281	0.02219	0.02034	0.01664	0.00740	0.00555	0.00185	0.00431	0.00616	0.00555	0.00863
16	0.00793	0.00529	0.00595	0.00595	0.00595	0.00529	0.00330	0.00793	0.00793	0.01057	0.01718	0.03568	0.01982	0.80840	0.02775	0.00529	0.00529	0.00793	0.00330	0.00330
17	0.01016	0.00508	0.00508	0.00508	0.00635	0.00508	0.00381	0.01270	0.01143	0.02033	0.01778	0.02033	0.01397	0.00635	0.00381	0.00127	0.00254	0.00508	0.83867	0.00508
18	0.00767	0.00557	0.00723	0.00681	0.00812	0.00513	0.00511	0.01020	0.01533	0.02161	0.74664	0.04113	0.07647	0.01124	0.00643	0.00172	0.00258	0.00992	0.00597	0.00513
19	0.01193	0.01193	0.01670	0.01431	0.01431	0.01670	0.01193	0.01312	0.00835	0.01312	0.00716	0.01193	0.00716	0.00954	0.01789	0.00239	0.79843	0.00477	0.00239	0.00596
20	0.84691	0.01054	0.00801	0.00717	0.01054	0.01223	0.00590	0.01603	0.00928	0.02446	0.00759	0.00886	0.00590	0.00506	0.00337	0.00169	0.00422	0.00295	0.00337	0.00590
21	0.53814	0.01214	0.01113	0.03320	0.01355	0.01383	0.00772	0.26959	0.01493	0.02753	0.00954	0.01048	0.00710	0.00558	0.00415	0.00167	0.00492	0.00368	0.00406	0.00706
22	0.01130	0.00969	0.01130	0.00807	0.01292	0.00727	0.00646	0.01373	0.01130	0.01776	0.00969	0.01130	0.00807	0.00404	0.00404	0.00081	0.00404	0.00323	0.00323	0.84173
23	0.01527	0.64314	0.02552	0.01010	0.01439	0.12290	0.00943	0.01806	0.07176	0.01369	0.00886	0.00982	0.00777	0.00501	0.00385	0.00125	0.00624	0.00325	0.00265	0.00704
24	0.84691	0.01054	0.00801	0.00717	0.01054	0.01223	0.00590	0.01603	0.00928	0.02446	0.00759	0.00886	0.00590	0.00506	0.00337	0.00169	0.00422	0.00295	0.00337	0.00590
25	0.00780	0.00581	0.00862	0.00862	0.00954	0.00674	0.00664	0.00964	0.00872	0.01255	0.01473	0.02214	0.01394	0.07957	0.74855	0.00859	0.01413	0.00595	0.00294	0.00479
26	0.00644	0.00552	0.00552	0.00552	0.00736	0.00460	0.00414	0.00782	0.01243	0.01473	0.05523	0.05247	0.77218	0.01381	0.00644	0.00184	0.00276	0.01151	0.00506	0.00460
27	0.01356	0.01171	0.01233	0.01109	0.01418	0.01356	0.00863	0.02897	0.76455	0.02281	0.02219	0.02034	0.01664	0.00740	0.00555	0.00185	0.00431	0.00616	0.00555	0.00863
28	0.84691	0.01054	0.00801	0.00717	0.01054	0.01223	0.00590	0.01603	0.00928	0.02446	0.00759	0.00886	0.00590	0.00506	0.00337	0.00169	0.00422	0.00295	0.00337	0.00590
29	0.00644	0.00552	0.00552	0.00552	0.00736	0.00460	0.00414	0.00782	0.01243	0.01473	0.05523	0.05247	0.77218	0.01381	0.00644	0.00184	0.00276	0.01151	0.00506	0.00460
30	0.01030	0.00969	0.01635	0.79530	0.03755	0.01211	0.01514	0.01393	0.01090	0.01393	0.00969	0.01453	0.00727	0.00545	0.00545	0.00182	0.00727	0.00484	0.00242	0.00606
31	0.84691	0.01054	0.00801	0.00717	0.01054	0.01223	0.00590	0.01603	0.00928	0.02446	0.00759	0.00886	0.00590	0.00506	0.00337	0.00169	0.00422	0.00295	0.00337	0.00590
32	0.01246	0.01247	0.01849	0.42965	0.31870	0.08476	0.01532	0.01574	0.01191	0.01537	0.00979	0.01370	0.00777	0.00524	0.00538	0.00170	0.00720	0.00473	0.00256	0.00707
33	0.00772	0.00557	0.00729	0.00686	0.00814	0.00514	0.00514	0.01029	0.01543	0.02186	0.77152	0.04072	0.05144	0.01115	0.00643	0.00171	0.00257	0.00986	0.00600	0.00514
34	0.01287	0.01471	0.03217	0.02298	0.02849	0.01379	0.75460	0.01746	0.01287	0.01746	0.01103	0.01471	0.00827	0.00460	0.00643	0.00184	0.00919	0.00643	0.00276	0.00735
35	0.01016	0.00508	0.00508	0.00508	0.00635	0.00508	0.00381	0.01270	0.01143	0.02033	0.01778	0.02033	0.01397	0.00635	0.00381	0.00127	0.00254	0.00508	0.83867	0.00508
36	0.00693	0.00505	0.00653	0.00720	0.00793	0.00465	0.00500	0.00837	0.01202	0.01623	0.24169	0.52354	0.10444	0.01512	0.00676	0.00204	0.00296	0.01356	0.00533	0.00465
37	0.08947	0.03267	0.03006	0.01135	0.01551	0.05479	0.00943	0.40779	0.10280	0.10929	0.01384	0.01369	0.00995	0.00623	0.00511	0.00159	0.00561	0.00468	0.00499	0.07118
38	0.03875	0.21135	0.45648	0.01387	0.02046	0.01446	0.07112	0.01781	0.01179	0.08110	0.01028	0.01161	0.00756	0.00514	0.00484	0.00160	0.00720	0.00403	0.00275	0.00779
39	0.01151	0.04156	0.66590	0.05398	0.04452	0.01270	0.03635	0.01736	0.01165	0.04057	0.01014	0.01195	0.00721	0.00521	0.00520	0.00172	0.00785	0.00417	0.00247	0.00798
40	0.03536	0.69364	0.12167	0.01005	0.01510	0.02022	0.01059	0.01643	0.01109	0.01368	0.00785	0.00909	0.00696	0.00474	0.00370	0.00125	0.00607	0.00305	0.00235	0.00710
41	0.00857	0.00670	0.00962	0.08522	0.08398	0.00683	0.00805	0.02648	0.02735	0.01534	0.02514	0.44490	0.02835	0.03434	0.00726	0.00224	0.00440	0.16541	0.00455	0.00527
42	0.03780	0.09496	0.47143	0.01330	0.01974	0.01235	0.03057	0.03426	0.01272	0.17382	0.04003	0.01380	0.00995	0.00569	0.00511	0.00167	0.00682	0.00448	0.00346	0.00805
43	0.03891	0.01299	0.01985	0.02713	0.54613	0.04351	0.04031	0.08737	0.01370	0.01921	0.01229	0.03256	0.01091	0.00611	0.00556	0.00171	0.00641	0.06403	0.00322	0.00810
44	0.01840	0.05191	0.01564	0.01480	0.12224	0.26379	0.01028	0.13041	0.06806	0.16369	0.01452	0.07660	0.01180	0.00686	0.00532	0.00161	0.00670	0.00540	0.00429	0.00769

[dist]
# distance from previous block
# <min> <max>
0	1

[block]
# block no. 8 follows, 44 sequences, length 79
# corresponding to MSA columns:
# 443-521
name=unknown_I
#
# <colnr> <probs for GDERKNQSTAVLIFYWHMCP>
#	G	D	E	R	K	N	Q	S	T	A	V	L	I	F	Y	W	H	M	C	P
0	0.01118	0.02338	0.58760	0.01492	0.02169	0.01158	0.08161	0.01660	0.01191	0.04883	0.04892	0.07311	0.01165	0.00638	0.00550	0.00177	0.00738	0.00544	0.00291	0.00763
1	0.01441	0.01213	0.01281	0.01127	0.01450	0.01396	0.00883	0.11531	0.67682	0.02418	0.02111	0.01948	0.01577	0.00730	0.00554	0.00182	0.00451	0.00601	0.00554	0.00871
2	0.01403	0.58520	0.14351	0.01130	0.01646	0.01879	0.06909	0.01674	0.01153	0.03782	0.02640	0.01068	0.00832	0.00495	0.00412	0.00133	0.00632	0.00360	0.00258	0.00722
3	0.00687	0.00488	0.00643	0.00750	0.00788	0.00459	0.00505	0.00790	0.01063	0.01424	0.07531	0.67632	0.03565	0.07611	0.00851	0.00242	0.00334	0.03698	0.00499	0.00441
4	0.01093	0.02820	0.78016	0.01554	0.02360	0.01266	0.02014	0.01727	0.01151	0.01727	0.00978	0.01151	0.00691	0.00518	0.00518	0.00173	0.00806	0.00403	0.00230	0.00806
5	0.01165	0.01095	0.01826	0.42682	0.33533	0.01227	0.01531	0.01548	0.03765	0.01591	0.01112	0.01620	0.00912	0.00566	0.00552	0.00177	0.00675	0.03433	0.00275	0.00715
6	0.01176	0.01329	0.06095	0.06752	0.05119	0.01209	0.50873	0.01586	0.01250	0.01691	0.01430	0.06170	0.01277	0.00677	0.00646	0.00194	0.00804	0.10721	0.00314	0.00688
7	0.01115	0.05219	0.60851	0.01587	0.02308	0.01271	0.11995	0.01687	0.01190	0.01739	0.05204	0.01347	0.00956	0.00541	0.00536	0.00172	0.00783	0.00464	0.00257	0.00776
8	0.00910	0.00663	0.00902	0.01011	0.01148	0.00675	0.00877	0.01245	0.06189	0.01674	0.02843	0.05880	0.03041	0.01456	0.00740	0.00247	0.00497	0.68971	0.00505	0.00526
9	0.00654	0.00546	0.00563	0.00572	0.00737	0.00462	0.00420	0.00786	0.01218	0.01467	0.06675	0.10818	0.67602	0.04148	0.00722	0.00199	0.00287	0.01165	0.00502	0.00456
10	0.01254	0.01279	0.04537	0.25842	0.39384	0.01292	0.13340	0.03415	0.01233	0.01698	0.01026	0.01393	0.00813	0.00504	0.00557	0.00172	0.00718	0.00508	0.00268	0.00766
11	0.11869	0.02302	0.51724	0.01561	0.02246	0.01300	0.14428	0.05136	0.01211	0.01901	0.00987	0.01179	0.00712	0.00513	0.00518	0.00174	0.00767	0.00435	0.00266	0.00772
12	0.01349	0.01295	0.02213	0.03346	0.77440	0.01295	0.01673	0.01673	0.01241	0.01781	0.01025	0.01349	0.00864	0.00486	0.00540	0.00162	0.00648	0.00486	0.00270	0.00864
13	0.01016	0.00508	0.00508	0.00508	0.00635	0.00508	0.00381	0.01270	0.01143	0.02033	0.01778	0.02033	0.01397	0.00635	0.00381	0.00127	0.00254	0.00508	0.83867	0.00508
14	0.00783	0.00567	0.00790	0.00790	0.00857	0.00635	0.00574	0.00918	0.00851	0.01202	0.01539	0.02578	0.01553	0.27594	0.55434	0.00770	0.01175	0.00648	0.00304	0.00439
15	0.00664	0.00474	0.00633	0.00759	0.00791	0.00443	0.00506	0.00759	0.01044	0.01392	0.03005	0.80485	0.03606	0.01708	0.00696	0.00221	0.00316	0.01550	0.00506	0.00443
16	0.01040	0.00980	0.01654	0.76994	0.06207	0.01214	0.01519	0.01402	0.01095	0.01406	0.00971	0.01450	0.00731	0.00543	0.00545	0.00181	0.00724	0.00485	0.00243	0.00614
17	0.00793	0.00529	0.00595	0.00595	0.00595	0.00529	0.00330	0.00793	0.00793	0.01057	0.01718	0.03568	0.01982	0.80840	0.02775	0.00529	0.00529	0.00793	0.00330	0.00330
18	0.01130	0.00969	0.01130	0.00807	0.01292	0.00727	0.00646	0.01373	0.01130	0.01776	0.00969	0.01130	0.00807	0.00404	0.00404	0.00081	0.00404	0.00323	0.00323	0.84173
19	0.01452	0.01301	0.01281	0.01141	0.01455	0.07185	0.00888	0.07380	0.66216	0.02282	0.02059	0.01910	0.01546	0.00721	0.00549	0.00180	0.00483	0.00589	0.00534	0.00850
20	0.00661	0.00489	0.00618	0.00721	0.00781	0.00446	0.00489	0.00763	0.01080	0.01407	0.03465	0.66725	0.17068	0.01648	0.00686	0.00215	0.00309	0.01477	0.00506	0.00446
21	0.01130	0.00969	0.01130	0.00807	0.01292	0.00727	0.00646	0.01373	0.01130	0.01776	0.00969	0.01130	0.00807	0.00404	0.00404	0.00081	0.00404	0.00323	0.00323	0.84173
22	0.00793	0.00529	0.00595	0.00595	0.00595	0.00529	0.00330	0.00793	0.00793	0.01057	0.01718	0.03568	0.01982	0.80840	0.02775	0.00529	0.00529	0.00793	0.00330	0.00330
23	0.00644	0.00552	0.00552	0.00552	0.00736	0.00460	0.00414	0.00782	0.01243	0.01473	0.05523	0.05247	0.77218	0.01381	0.00644	0.00184	0.00276	0.01151	0.00506	0.00460
24	0.01130	0.00969	0.01130	0.00807	0.01292	0.00727	0.00646	0.01373	0.01130	0.01776	0.00969	0.01130	0.00807	0.00404	0.00404	0.00081	0.00404	0.00323	0.00323	0.84173
25	0.01325	0.01271	0.02169	0.09071	0.71903	0.01289	0.01661	0.01652	0.01230	0.01752	0.01021	0.01357	0.00853	0.00490	0.00540	0.00163	0.00654	0.00486	0.00268	0.00844
26	0.01040	0.02139	0.50668	0.01516	0.02128	0.01121	0.13526	0.01538	0.01152	0.01663	0.01400	0.16908	0.01290	0.00744	0.00573	0.00184	0.00727	0.00669	0.00292	0.00723
27	0.01130	0.00969	0.01130	0.00807	0.01292	0.00727	0.00646	0.01373	0.01130	0.01776	0.00969	0.01130	0.00807	0.00404	0.00404	0.00081	0.00404	0.00323	0.00323	0.84173
28	0.00779	0.00584	0.00876	0.00876	0.00974	0.00681	0.00681	0.00974	0.00876	0.01266	0.01460	0.02142	0.01363	0.04089	0.78680	0.00876	0.01460	0.00584	0.00292	0.00487
29	0.01537	0.70363	0.02676	0.00998	0.01439	0.12678	0.00949	0.01707	0.01168	0.01290	0.00770	0.00889	0.00700	0.00480	0.00369	0.00120	0.00638	0.00300	0.00240	0.00690
30	0.00772	0.00557	0.00729	0.00686	0.00814	0.00514	0.00514	0.01029	0.01543	0.02186	0.77152	0.04072	0.05144	0.01115	0.00643	0.00171	0.00257	0.00986	0.00600	0.00514
31	0.00648	0.00537	0.00568	0.00593	0.00747	0.00457	0.00433	0.00778	0.01203	0.01457	0.05022	0.20226	0.62562	0.01446	0.00655	0.00192	0.00284	0.01230	0.00506	0.00457
32	0.02288	0.11802	0.01496	0.00992	0.01411	0.05840	0.00835	0.02489	0.01499	0.62773	0.01882	0.01669	0.01222	0.00640	0.00518	0.00160	0.00512	0.00501	0.00591	0.00879
33	0.01356	0.01171	0.01233	0.01109	0.01418	0.01356	0.00863	0.02897	0.76455	0.02281	0.02219	0.02034	0.01664	0.00740	0.00555	0.00185	0.00431	0.00616	0.00555	0.00863
34	0.01458	0.81168	0.02857	0.00933	0.01399	0.02157	0.00933	0.01632	0.01108	0.01283	0.00758	0.00875	0.00700	0.00466	0.00350	0.00117	0.00583	0.00292	0.00233	0.00700
35	0.00779	0.00584	0.00876	0.00876	0.00974	0.00681	0.00681	0.00974	0.00876	0.01266	0.01460	0.02142	0.01363	0.04089	0.78680	0.00876	0.01460	0.00584	0.00292	0.00487
36	0.01425	0.71171	0.09139	0.00987	0.01474	0.02037	0.01018	0.03181	0.01151	0.01384	0.02402	0.00975	0.00798	0.00488	0.00374	0.00123	0.00595	0.00320	0.00247	0.00709
37	0.01973	0.02386	0.01531	0.01372	0.01661	0.65710	0.01040	0.07733	0.07178	0.01562	0.00978	0.01090	0.00791	0.00589	0.00524	0.00147	0.02360	0.00384	0.00320	0.00671
38	0.00786	0.00554	0.00723	0.00723	0.00768	0.00599	0.00491	0.00876	0.00831	0.01153	0.01600	0.02915	0.01699	0.45712	0.37516	0.00688	0.00955	0.00697	0.00313	0.00402
39	0.02382	0.01031	0.01329	0.01019	0.01443	0.00955	0.00842	0.15245	0.01733	0.64985	0.02006	0.01761	0.01277	0.00671	0.00548	0.00168	0.00487	0.00538	0.00652	0.00928
40	0.00677	0.00488	0.00641	0.00741	0.00791	0.00452	0.00503	0.00793	0.01114	0.01493	0.12275	0.67662	0.07108	0.01620	0.00687	0.00214	0.00307	0.01462	0.00518	0.00452
41	0.00772	0.00557	0.00729	0.00686	0.00814	0.00514	0.00514	0.01029	0.01543	0.02186	0.77152	0.04072	0.05144	0.01115	0.00643	0.00171	0.00257	0.00986	0.00600	0.00514
42	0.02072	0.01527	0.01636	0.01254	0.01691	0.01691	0.01036	0.75622	0.02563	0.03436	0.01309	0.01309	0.00927	0.00654	0.00545	0.00164	0.00600	0.00491	0.00545	0.00927
43	0.84691	0.01054	0.00801	0.00717	0.01054	0.01223	0.00590	0.01603	0.00928	0.02446	0.00759	0.00886	0.00590	0.00506	0.00337	0.00169	0.00422	0.00295	0.00337	0.00590
44	0.02414	0.00979	0.01297	0.00994	0.01417	0.00877	0.00821	0.08907	0.01646	0.71446	0.02079	0.01809	0.01313	0.00673	0.00548	0.00168	0.00476	0.00543	0.00664	0.00928
45	0.01349	0.01295	0.02213	0.03346	0.77440	0.01295	0.01673	0.01673	0.01241	0.01781	0.01025	0.01349	0.00864	0.00486	0.00540	0.00162	0.00648	0.00486	0.00270	0.00864
46	0.01458	0.81168	0.02857	0.00933	0.01399	0.02157	0.00933	0.01632	0.01108	0.01283	0.00758	0.00875	0.00700	0.00466	0.00350	0.00117	0.00583	0.00292	0.00233	0.00700
47	0.01356	0.01123	0.01688	0.23012	0.29740	0.01220	0.01319	0.01974	0.19778	0.09162	0.01459	0.03395	0.01134	0.00610	0.00549	0.00175	0.00590	0.00548	0.00377	0.00791
48	0.14770	0.01454	0.01508	0.01172	0.01593	0.01619	0.00968	0.64246	0.02312	0.03284	0.01224	0.01244	0.00875	0.00632	0.00513	0.00164	0.00573	0.00461	0.00513	0.00875
49	0.00793	0.00529	0.00595	0.00595	0.00595	0.00529	0.00330	0.00793	0.00793	0.01057	0.01718	0.03568	0.01982	0.80840	0.02775	0.00529	0.00529	0.00793	0.00330	0.00330
50	0.00682	0.00554	0.00604	0.00591	0.00759	0.00476	0.00444	0.00855	0.01331	0.01682	0.26524	0.04902	0.56087	0.01303	0.00644	0.00180	0.00271	0.01102	0.00534	0.00476
51	0.01287	0.01471	0.03217	0.02298	0.02849	0.01379	0.75460	0.01746	0.01287	0.01746	0.01103	0.01471	0.00827	0.00460	0.00643	0.00184	0.00919	0.00643	0.00276	0.00735
52	0.00657	0.00553	0.00570	0.00566	0.00744	0.00466	0.00424	0.00807	0.01273	0.01545	0.12771	0.05128	0.69925	0.01354	0.00644	0.00183	0.00274	0.01134	0.00516	0.00466
53	0.00779	0.00584	0.00876	0.00876	0.00974	0.00681	0.00681	0.00974	0.00876	0.01266	0.01460	0.02142	0.01363	0.04089	0.78680	0.00876	0.01460	0.00584	0.00292	0.00487
54	0.02072	0.01527	0.01636	0.01254	0.01691	0.01691	0.01036	0.75622	0.02563	0.03436	0.01309	0.01309	0.00927	0.00654	0.00545	0.00164	0.00600	0.00491	0.00545	0.00927
55	0.01030	0.00969	0.01635	0.79530	0.03755	0.01211	0.01514	0.01393	0.01090	0.01393	0.00969	0.01453	0.00727	0.00545	0.00545	0.00182	0.00727	0.00484	0.00242	0.00606
56	0.01360	0.01210	0.01287	0.05560	0.03248	0.03919	0.00924	0.02762	0.68069	0.02188	0.02077	0.01951	0.01562	0.00717	0.00552	0.00183	0.00471	0.00597	0.00522	0.00841
57	0.01130	0.00969	0.01130	0.00807	0.01292	0.00727	0.00646	0.01373	0.01130	0.01776	0.00969	0.01130	0.00807	0.00404	0.00404	0.00081	0.00404	0.00323	0.00323	0.84173
58	0.01829	0.18371	0.01762	0.01264	0.01579	0.55044	0.00997	0.02079	0.06774	0.01419	0.03463	0.01139	0.00918	0.00573	0.00472	0.00140	0.00839	0.00379	0.00301	0.00658
59	0.01130	0.00969	0.01130	0.00807	0.01292	0.00727	0.00646	0.01373	0.01130	0.01776	0.00969	0.01130	0.00807	0.00404	0.00404	0.00081	0.00404	0.00323	0.00323	0.84173
60	0.84691	0.01054	0.00801	0.00717	0.01054	0.01223	0.00590	0.01603	0.00928	0.02446	0.00759	0.00886	0.00590	0.00506	0.00337	0.00169	0.00422	0.00295	0.00337	0.00590
61	0.01144	0.01064	0.03224	0.10400	0.01722	0.00900	0.05477	0.01509	0.06242	0.01752	0.01057	0.01254	0.00852	0.00461	0.00477	0.00112	0.02086	0.00387	0.00322	0.59556
62	0.01174	0.11932	0.57604	0.01686	0.10542	0.01380	0.03461	0.01731	0.02535	0.01690	0.00983	0.01163	0.00732	0.00511	0.00504	0.00165	0.00757	0.00408	0.00242	0.00799
63	0.00793	0.00529	0.00595	0.00595	0.00595	0.00529	0.00330	0.00793	0.00793	0.01057	0.01718	0.03568	0.01982	0.80840	0.02775	0.00529	0.00529	0.00793	0.00330	0.00330
64	0.00644	0.00552	0.00552	0.00552	0.00736	0.00460	0.00414	0.00782	0.01243	0.01473	0.05523	0.05247	0.77218	0.01381	0.00644	0.00184	0.00276	0.01151	0.00506	0.00460
65	0.01291	0.16452	0.57220	0.01387	0.02095	0.01378	0.01704	0.01801	0.01184	0.09124	0.01055	0.01171	0.00757	0.00524	0.00491	0.00162	0.00733	0.00398	0.00274	0.00799
66	0.01338	0.01274	0.02118	0.05981	0.69016	0.01297	0.01606	0.01755	0.06887	0.01804	0.01113	0.01405	0.00919	0.00507	0.00541	0.00164	0.00634	0.00496	0.00290	0.00854
67	0.00817	0.00651	0.01052	0.00983	0.01114	0.00734	0.06300	0.01032	0.00907	0.01302	0.01433	0.02091	0.01323	0.03816	0.72816	0.00824	0.01420	0.00589	0.00291	0.00505
68	0.01349	0.01295	0.02213	0.03346	0.77440	0.01295	0.01673	0.01673	0.01241	0.01781	0.01025	0.01349	0.00864	0.00486	0.00540	0.00162	0.00648	0.00486	0.00270	0.00864
69	0.01906	0.08004	0.01574	0.06055	0.01672	0.18195	0.00977	0.29973	0.03349	0.15200	0.01390	0.04942	0.01080	0.02531	0.00577	0.00168	0.00649	0.00511	0.00459	0.00788
70	0.00924	0.00749	0.05715	0.00921	0.01088	0.00723	0.00770	0.01148	0.00961	0.07069	0.03338	0.02106	0.01413	0.03537	0.66019	0.00762	0.01315	0.00580	0.00325	0.00540
71	0.00833	0.00531	0.00702	0.00781	0.00855	0.00495	0.00539	0.00975	0.02714	0.07848	0.05931	0.69118	0.03438	0.01577	0.00678	0.00214	0.00329	0.01423	0.00525	0.00495
72	0.13027	0.01069	0.05331	0.00980	0.01412	0.00916	0.00848	0.05364	0.01496	0.61015	0.01874	0.01670	0.01199	0.00644	0.00519	0.00169	0.00482	0.00505	0.00602	0.00877
73	0.03774	0.16384	0.01996	0.01579	0.10327	0.34472	0.08393	0.11070	0.01508	0.01714	0.00993	0.01251	0.00833	0.00565	0.00497	0.00150	0.00790	0.02678	0.00312	0.00712
74	0.00765	0.00522	0.00618	0.00642	0.00658	0.00521	0.00387	0.00798	0.00855	0.01142	0.02026	0.17892	0.03912	0.59487	0.07091	0.00485	0.00542	0.00929	0.00365	0.00364
75	0.84691	0.01054	0.00801	0.00717	0.01054	0.01223	0.00590	0.01603	0.00928	0.02446	0.00759	0.00886	0.00590	0.00506	0.00337	0.00169	0.00422	0.00295	0.00337	0.00590
76	0.00780	0.00581	0.00859	0.00859	0.00950	0.00672	0.00660	0.00962	0.00871	0.01253	0.01476	0.02231	0.01402	0.08877	0.73944	0.00854	0.01402	0.00597	0.00294	0.00477
77	0.01540	0.70282	0.02683	0.00986	0.01439	0.06895	0.00948	0.07226	0.01244	0.01448	0.00805	0.00914	0.00717	0.00486	0.00373	0.00122	0.00609	0.00310	0.00260	0.00713
78	0.01329	0.07009	0.01292	0.00849	0.01324	0.00874	0.00697	0.04002	0.01223	0.10009	0.01092	0.01196	0.00862	0.00446	0.00420	0.00096	0.00430	0.00351	0.00362	0.66137

[dist]
# distance from previous block
# <min> <max>
0	1

[block]
# block no. 9 follows, 44 sequences, length 11
# corresponding to MSA columns:
# 523-533
name=unknown_J
#
# <colnr> <probs for GDERKNQSTAVLIFYWHMCP>
#	G	D	E	R	K	N	Q	S	T	A	V	L	I	F	Y	W	H	M	C	P
0	0.01327	0.06853	0.04443	0.02953	0.63269	0.01333	0.03746	0.01683	0.03439	0.01747	0.01101	0.03664	0.00950	0.00528	0.00534	0.00162	0.00640	0.00510	0.00282	0.00834
1	0.00690	0.00592	0.00596	0.00588	0.00780	0.00518	0.00443	0.00918	0.06082	0.01525	0.05310	0.05040	0.72357	0.01339	0.00639	0.00184	0.00286	0.01116	0.00509	0.00486
2	0.01349	0.01310	0.02014	0.02918	0.63301	0.05618	0.01509	0.01730	0.05777	0.01814	0.06362	0.01558	0.01199	0.00549	0.00545	0.00163	0.00627	0.00521	0.00310	0.00826
3	0.01436	0.76540	0.07297	0.00970	0.01456	0.02105	0.00997	0.01638	0.01110	0.01309	0.00771	0.00891	0.00699	0.00469	0.00360	0.00120	0.00596	0.00298	0.00233	0.00706
4	0.01356	0.01171	0.01233	0.01109	0.01418	0.01356	0.00863	0.02897	0.76455	0.02281	0.02219	0.02034	0.01664	0.00740	0.00555	0.00185	0.00431	0.00616	0.00555	0.00863
5	0.01130	0.00969	0.01130	0.00807	0.01292	0.00727	0.00646	0.01373	0.01130	0.01776	0.00969	0.01130	0.00807	0.00404	0.00404	0.00081	0.00404	0.00323	0.00323	0.84173
6	0.01287	0.01471	0.03217	0.02298	0.02849	0.01379	0.75460	0.01746	0.01287	0.01746	0.01103	0.01471	0.00827	0.00460	0.00643	0.00184	0.00919	0.00643	0.00276	0.00735
7	0.01458	0.81168	0.02857	0.00933	0.01399	0.02157	0.00933	0.01632	0.01108	0.01283	0.00758	0.00875	0.00700	0.00466	0.00350	0.00117	0.00583	0.00292	0.00233	0.00700
8	0.01016	0.00508	0.00508	0.00508	0.00635	0.00508	0.00381	0.01270	0.01143	0.02033	0.01778	0.02033	0.01397	0.00635	0.00381	0.00127	0.00254	0.00508	0.83867	0.00508
9	0.01145	0.06033	0.60935	0.01663	0.02407	0.01326	0.15478	0.01726	0.01174	0.01711	0.00992	0.01198	0.00716	0.00505	0.00534	0.00172	0.00817	0.00442	0.00239	0.00788
10	0.00891	0.00794	0.06166	0.00807	0.01005	0.00676	0.00673	0.05595	0.03955	0.02166	0.59493	0.03500	0.04200	0.01246	0.06211	0.00222	0.00407	0.00875	0.00548	0.00569

[dist]
# distance from previous block
# <min> <max>
0	1

[block]
# block no. 10 follows, 44 sequences, length 29
# corresponding to MSA columns:
# 535-556,559-565
name=unknown_K
#
# <colnr> <probs for GDERKNQSTAVLIFYWHMCP>
#	G	D	E	R	K	N	Q	S	T	A	V	L	I	F	Y	W	H	M	C	P
0	0.01993	0.01488	0.01592	0.01238	0.01661	0.01654	0.01017	0.67589	0.10725	0.03308	0.01409	0.01389	0.01009	0.00664	0.00546	0.00166	0.00581	0.00505	0.00546	0.00920
1	0.01554	0.25610	0.01776	0.01099	0.01432	0.19754	0.00926	0.13142	0.10006	0.01856	0.08164	0.01941	0.01502	0.00716	0.00505	0.00156	0.00625	0.08146	0.00390	0.00700
