[name]
unknown

[dist]
# distance from previous block
# <min> <max>
23	685

[block]
# block no. 0 follows, 44 sequences, length 53
# corresponding to MSA columns:
# 761-813
name=unknown_A
#
# <colnr> <probs for GDERKNQSTAVLIFYWHMCP>
#	G	D	E	R	K	N	Q	S	T	A	V	L	I	F	Y	W	H	M	C	P
0	0.06292	0.14999	0.04151	0.01470	0.14908	0.12418	0.01044	0.04423	0.03795	0.03794	0.03847	0.07998	0.01354	0.00916	0.04630	0.00204	0.06217	0.05101	0.00344	0.02096
1	0.12042	0.16715	0.07355	0.10982	0.01693	0.05383	0.00989	0.10798	0.03908	0.04931	0.05739	0.07207	0.01264	0.00672	0.00521	0.00160	0.02864	0.00516	0.00365	0.05897
2	0.24014	0.07039	0.05691	0.02594	0.03884	0.06656	0.00895	0.18322	0.04218	0.03632	0.07846	0.02874	0.01262	0.00834	0.05036	0.00202	0.00592	0.00477	0.00400	0.03532
3	0.08961	0.04814	0.05978	0.03104	0.01230	0.05228	0.00772	0.03921	0.05723	0.11077	0.23414	0.16270	0.02649	0.01058	0.03216	0.00200	0.00475	0.00798	0.00484	0.00628
4	0.01372	0.19142	0.01470	0.00923	0.01180	0.03721	0.00732	0.23852	0.03069	0.01898	0.01476	0.09141	0.01471	0.26823	0.01239	0.00277	0.00556	0.00639	0.00393	0.00627
5	0.03514	0.09125	0.12607	0.00892	0.01141	0.00825	0.00810	0.01174	0.03751	0.01682	0.18193	0.29428	0.08095	0.01171	0.00606	0.00189	0.00421	0.05361	0.00453	0.00563
6	0.05804	0.00701	0.00765	0.00755	0.00867	0.03822	0.00523	0.03437	0.01040	0.04006	0.02180	0.25173	0.06938	0.27522	0.10194	0.00378	0.00565	0.00925	0.00405	0.04000
7	0.06285	0.01944	0.05940	0.01307	0.03137	0.36921	0.01048	0.12523	0.04061	0.04371	0.01010	0.01141	0.00798	0.00595	0.00602	0.00152	0.07722	0.00398	0.00342	0.09705
8	0.06054	0.01099	0.01565	0.45219	0.13056	0.03824	0.01319	0.04165	0.11472	0.01696	0.01229	0.04805	0.00993	0.00615	0.00538	0.00178	0.00645	0.00532	0.00317	0.00680
9	0.01539	0.69513	0.04855	0.00981	0.01444	0.06639	0.00964	0.01728	0.01162	0.05765	0.00851	0.00946	0.00737	0.00486	0.00375	0.00123	0.00606	0.00313	0.00262	0.00712
10	0.01065	0.00916	0.01106	0.05409	0.01370	0.00761	0.00694	0.01317	0.02580	0.01699	0.01419	0.07720	0.05620	0.00599	0.00500	0.00111	0.03101	0.00490	0.00345	0.63175
11	0.01432	0.14544	0.14529	0.03293	0.12915	0.05565	0.06860	0.09954	0.15171	0.04317	0.03739	0.01530	0.02579	0.00599	0.00520	0.00163	0.00633	0.00500	0.00368	0.00790
12	0.10090	0.05665	0.01513	0.11128	0.05919	0.01423	0.01018	0.27891	0.09611	0.05332	0.02661	0.01444	0.01033	0.00648	0.00611	0.00170	0.07209	0.00483	0.05382	0.00769
13	0.01310	0.00969	0.01151	0.00837	0.01309	0.00754	0.00672	0.01584	0.03271	0.11821	0.01159	0.01251	0.00903	0.00449	0.00427	0.00095	0.00412	0.00361	0.00376	0.70887
14	0.01209	0.00967	0.01139	0.00817	0.01298	0.00731	0.00655	0.01450	0.01156	0.06336	0.01040	0.01174	0.00840	0.00420	0.00412	0.00086	0.00407	0.00337	0.00344	0.79182
15	0.01187	0.01130	0.01919	0.42046	0.40009	0.01253	0.01592	0.01531	0.01165	0.01584	0.00997	0.01402	0.00794	0.00516	0.00542	0.00172	0.00688	0.00485	0.00256	0.00733
16	0.00663	0.00478	0.00629	0.00750	0.00788	0.00444	0.00502	0.00760	0.01052	0.01395	0.03111	0.77305	0.06717	0.01694	0.00694	0.00220	0.00315	0.01533	0.00506	0.00444
17	0.00754	0.00514	0.00611	0.00647	0.00661	0.00503	0.00389	0.00792	0.00895	0.01198	0.04891	0.26357	0.02580	0.54463	0.02080	0.00424	0.00456	0.01024	0.00392	0.00370
18	0.00756	0.00545	0.00714	0.00697	0.00811	0.00504	0.00513	0.00989	0.01469	0.02068	0.66115	0.15446	0.04915	0.01203	0.00651	0.00179	0.00266	0.01070	0.00586	0.00504
19	0.00772	0.00557	0.00729	0.00686	0.00814	0.00514	0.00514	0.01029	0.01543	0.02186	0.77152	0.04072	0.05144	0.01115	0.00643	0.00171	0.00257	0.00986	0.00600	0.00514
20	0.01287	0.01471	0.03217	0.02298	0.02849	0.01379	0.75460	0.01746	0.01287	0.01746	0.01103	0.01471	0.00827	0.00460	0.00643	0.00184	0.00919	0.00643	0.00276	0.00735
21	0.01130	0.00969	0.01130	0.00807	0.01292	0.00727	0.00646	0.01373	0.01130	0.01776	0.00969	0.01130	0.00807	0.00404	0.00404	0.00081	0.00404	0.00323	0.00323	0.84173
22	0.01040	0.00980	0.01654	0.77043	0.06160	0.01214	0.01519	0.01402	0.01095	0.01406	0.00971	0.01450	0.00731	0.00543	0.00545	0.00181	0.00724	0.00485	0.00243	0.00614
23	0.00693	0.00503	0.00639	0.00718	0.00778	0.00467	0.00490	0.00809	0.01110	0.01475	0.12439	0.53198	0.11834	0.09146	0.00883	0.00241	0.00330	0.03302	0.00501	0.00445
24	0.01131	0.00994	0.01623	0.70777	0.05126	0.01213	0.01461	0.03538	0.02816	0.04616	0.01056	0.01477	0.00781	0.00556	0.00545	0.00180	0.00704	0.00490	0.00276	0.00639
25	0.01185	0.01003	0.01177	0.03302	0.01394	0.00801	0.00697	0.05915	0.01217	0.01866	0.00990	0.01152	0.00812	0.00424	0.00417	0.00089	0.00426	0.00338	0.00334	0.76463
26	0.12373	0.35148	0.18021	0.01051	0.01557	0.04832	0.01082	0.03962	0.01171	0.04279	0.00909	0.01037	0.00737	0.00557	0.01808	0.00149	0.00618	0.00342	0.00284	0.10082
27	0.01657	0.01300	0.01537	0.01533	0.15407	0.02782	0.01046	0.28094	0.23862	0.07442	0.01666	0.01656	0.03229	0.00653	0.00541	0.00165	0.00537	0.00536	0.00487	0.05870
28	0.00743	0.00556	0.00700	0.00743	0.00806	0.00554	0.00513	0.00891	0.03124	0.01457	0.12034	0.41526	0.10822	0.15151	0.04215	0.00290	0.03751	0.01200	0.00469	0.00454
29	0.00664	0.00474	0.00633	0.00759	0.00791	0.00443	0.00506	0.00759	0.01044	0.01392	0.03005	0.80485	0.03606	0.01708	0.00696	0.00221	0.00316	0.01550	0.00506	0.00443
30	0.01325	0.16688	0.02868	0.03930	0.18309	0.01513	0.42372	0.01692	0.01229	0.01648	0.01009	0.01324	0.00806	0.00479	0.00588	0.00167	0.02503	0.00536	0.00265	0.00750
31	0.06942	0.01036	0.01241	0.00985	0.01369	0.01003	0.00797	0.16341	0.07322	0.38958	0.01824	0.06830	0.01333	0.00727	0.00557	0.01606	0.00469	0.00569	0.00565	0.09527
32	0.01369	0.01333	0.02193	0.03290	0.75238	0.03544	0.01655	0.01688	0.01250	0.01768	0.01020	0.01339	0.00859	0.00488	0.00538	0.00161	0.00657	0.00482	0.00270	0.00857
33	0.00664	0.00474	0.00633	0.00759	0.00791	0.00443	0.00506	0.00759	0.01044	0.01392	0.03005	0.80485	0.03606	0.01708	0.00696	0.00221	0.00316	0.01550	0.00506	0.00443
34	0.01961	0.07183	0.09725	0.01295	0.01703	0.35135	0.01111	0.21738	0.01749	0.11627	0.01142	0.01191	0.00843	0.00590	0.00507	0.00152	0.00771	0.00415	0.00393	0.00771
35	0.01093	0.02820	0.78016	0.01554	0.02360	0.01266	0.02014	0.01727	0.01151	0.01727	0.00978	0.01151	0.00691	0.00518	0.00518	0.00173	0.00806	0.00403	0.00230	0.00806
36	0.02446	0.00928	0.01265	0.00970	0.01392	0.00801	0.00801	0.02657	0.01560	0.77817	0.02151	0.01856	0.01350	0.00675	0.00548	0.00169	0.00464	0.00548	0.00675	0.00928
37	0.00664	0.00476	0.00631	0.00754	0.00789	0.00443	0.00504	0.00760	0.01049	0.01394	0.03066	0.78659	0.05392	0.01700	0.00695	0.00221	0.00315	0.01540	0.00506	0.00443
38	0.01687	0.01835	0.01192	0.01090	0.01324	0.48593	0.00821	0.04874	0.01448	0.01661	0.01184	0.01358	0.00951	0.00591	0.00456	0.00137	0.00716	0.00411	0.29071	0.00601
39	0.00664	0.00474	0.00633	0.00759	0.00791	0.00443	0.00506	0.00759	0.01044	0.01392	0.03005	0.80485	0.03606	0.01708	0.00696	0.00221	0.00316	0.01550	0.00506	0.00443
40	0.02446	0.00928	0.01265	0.00970	0.01392	0.00801	0.00801	0.02657	0.01560	0.77817	0.02151	0.01856	0.01350	0.00675	0.00548	0.00169	0.00464	0.00548	0.00675	0.00928
41	0.01998	0.02386	0.01598	0.01508	0.06428	0.64394	0.01090	0.11131	0.01651	0.01619	0.00911	0.01046	0.00740	0.00568	0.00501	0.00145	0.00915	0.00377	0.00313	0.00683
42	0.02072	0.01527	0.01636	0.01254	0.01691	0.01691	0.01036	0.75622	0.02563	0.03436	0.01309	0.01309	0.00927	0.00654	0.00545	0.00164	0.00600	0.00491	0.00545	0.00927
43	0.00664	0.00474	0.00633	0.00759	0.00791	0.00443	0.00506	0.00759	0.01044	0.01392	0.03005	0.80485	0.03606	0.01708	0.00696	0.00221	0.00316	0.01550	0.00506	0.00443
44	0.01171	0.06076	0.67932	0.01542	0.02294	0.05948	0.04191	0.01750	0.01177	0.01685	0.00965	0.01139	0.00696	0.00517	0.00513	0.00169	0.00810	0.00403	0.00235	0.00789
45	0.01162	0.16422	0.62771	0.01467	0.02207	0.01425	0.03946	0.01711	0.01147	0.01650	0.00944	0.01112	0.00696	0.00507	0.00492	0.00163	0.00770	0.00390	0.00232	0.00785
46	0.01303	0.01341	0.02672	0.08310	0.02614	0.01261	0.53819	0.04006	0.01296	0.04136	0.01111	0.01426	0.00835	0.00471	0.00594	0.00167	0.00804	0.00576	0.00301	0.12954
47	0.01030	0.00969	0.01635	0.79530	0.03755	0.01211	0.01514	0.01393	0.01090	0.01393	0.00969	0.01453	0.00727	0.00545	0.00545	0.00182	0.00727	0.00484	0.00242	0.00606
48	0.04214	0.61879	0.05708	0.00998	0.01420	0.06561	0.00970	0.01612	0.01103	0.01344	0.00815	0.00987	0.00738	0.00726	0.05373	0.00175	0.04129	0.00326	0.00243	0.00678
49	0.84691	0.01054	0.00801	0.00717	0.01054	0.01223	0.00590	0.01603	0.00928	0.02446	0.00759	0.00886	0.00590	0.00506	0.00337	0.00169	0.00422	0.00295	0.00337	0.00590
50	0.00847	0.05406	0.00874	0.00754	0.00838	0.00708	0.00540	0.02481	0.00931	0.01275	0.05354	0.06248	0.01863	0.35871	0.33026	0.00605	0.00886	0.00716	0.00335	0.00442
51	0.00886	0.03244	0.03245	0.00785	0.00878	0.05331	0.00572	0.00995	0.00923	0.01222	0.04119	0.06399	0.01808	0.40012	0.26691	0.00567	0.00846	0.00713	0.00326	0.00436
52	0.06162	0.27645	0.09962	0.03612	0.02859	0.01554	0.03565	0.04698	0.01143	0.07009	0.01142	0.03772	0.02958	0.00765	0.02923	0.00187	0.17048	0.00462	0.00306	0.02227

[dist]
# distance from previous block
# <min> <max>
3	6

[block]
# block no. 1 follows, 44 sequences, length 14
# corresponding to MSA columns:
# 821-834
name=unknown_B
#
# <colnr> <probs for GDERKNQSTAVLIFYWHMCP>
#	G	D	E	R	K	N	Q	S	T	A	V	L	I	F	Y	W	H	M	C	P
0	0.01684	0.40740	0.04846	0.01115	0.05154	0.05046	0.00960	0.07254	0.01343	0.19263	0.01306	0.06805	0.01081	0.00623	0.00456	0.00145	0.00567	0.00471	0.00382	0.00760
1	0.01320	0.01340	0.05323	0.07706	0.70036	0.01289	0.01678	0.01659	0.01229	0.01756	0.01020	0.01347	0.00848	0.00491	0.00539	0.00164	0.00659	0.00482	0.00267	0.00846
2	0.15752	0.10217	0.22633	0.01335	0.03947	0.03508	0.12767	0.01719	0.01183	0.08777	0.01244	0.01373	0.04207	0.00544	0.00486	0.00158	0.00640	0.00450	0.00321	0.08740
3	0.02844	0.00690	0.00851	0.00841	0.01014	0.00661	0.00633	0.04930	0.05945	0.11274	0.04810	0.40213	0.08588	0.01309	0.00639	0.00200	0.00378	0.08723	0.00521	0.04937
4	0.01183	0.01000	0.01159	0.00832	0.01314	0.00780	0.00668	0.05498	0.01210	0.01869	0.00988	0.01140	0.00814	0.00418	0.00412	0.00085	0.00415	0.00332	0.00335	0.79548
5	0.01281	0.01068	0.01251	0.03416	0.01440	0.00937	0.00760	0.13240	0.01345	0.02009	0.01012	0.01172	0.00820	0.00472	0.00491	0.00104	0.03912	0.00362	0.00352	0.64554
6	0.01193	0.01193	0.01670	0.01431	0.01431	0.01670	0.01193	0.01312	0.00835	0.01312	0.00716	0.01193	0.00716	0.00954	0.01789	0.00239	0.79843	0.00477	0.00239	0.00596
7	0.00763	0.00524	0.00680	0.00726	0.00816	0.00480	0.00512	0.00917	0.01237	0.04507	0.26433	0.47126	0.10327	0.01455	0.00669	0.00201	0.00300	0.01301	0.00542	0.00485
8	0.00742	0.00546	0.00695	0.00679	0.00802	0.00498	0.00501	0.00963	0.01440	0.01994	0.58592	0.14408	0.13662	0.01226	0.00650	0.00180	0.00267	0.01081	0.00576	0.00498
9	0.00856	0.00576	0.00756	0.00700	0.00844	0.00529	0.00529	0.01111	0.01544	0.06004	0.73366	0.03960	0.04953	0.01092	0.00638	0.00171	0.00268	0.00964	0.00604	0.00535
10	0.01287	0.01471	0.03217	0.02298	0.02849	0.01379	0.75460	0.01746	0.01287	0.01746	0.01103	0.01471	0.00827	0.00460	0.00643	0.00184	0.00919	0.00643	0.00276	0.00735
11	0.02037	0.02598	0.01545	0.01404	0.01685	0.78652	0.01053	0.02177	0.01545	0.01334	0.00843	0.00983	0.00702	0.00562	0.00492	0.00140	0.00983	0.00351	0.00281	0.00632
12	0.01123	0.00969	0.01169	0.06737	0.01478	0.00763	0.00711	0.01374	0.01127	0.01748	0.00969	0.01155	0.00801	0.00414	0.00414	0.00088	0.00428	0.00335	0.00317	0.77878
13	0.05035	0.00847	0.01016	0.00865	0.01143	0.00815	0.00681	0.13985	0.01568	0.26763	0.14041	0.14965	0.13977	0.01004	0.00591	0.00179	0.00401	0.00846	0.00575	0.00701

[dist]
# distance from previous block
# <min> <max>
1	6

[block]
# block no. 2 follows, 44 sequences, length 21
# corresponding to MSA columns:
# 841-861
name=unknown_C
#
# <colnr> <probs for GDERKNQSTAVLIFYWHMCP>
#	G	D	E	R	K	N	Q	S	T	A	V	L	I	F	Y	W	H	M	C	P
0	0.01073	0.01031	0.01663	0.53589	0.03006	0.01323	0.03400	0.01367	0.01019	0.01376	0.00920	0.01405	0.00747	0.00770	0.03441	0.00220	0.22313	0.00490	0.00244	0.00603
1	0.02206	0.00964	0.01253	0.00975	0.01365	0.00885	0.00799	0.12039	0.01690	0.59435	0.10597	0.02037	0.01727	0.00722	0.00559	0.00168	0.00458	0.00591	0.00649	0.00881
2	0.01458	0.81168	0.02857	0.00933	0.01399	0.02157	0.00933	0.01632	0.01108	0.01283	0.00758	0.00875	0.00700	0.00466	0.00350	0.00117	0.00583	0.00292	0.00233	0.00700
3	0.01392	0.01201	0.01345	0.01325	0.08500	0.01368	0.00947	0.06537	0.65647	0.02294	0.02061	0.01933	0.01552	0.00712	0.00553	0.00182	0.00460	0.00598	0.00528	0.00866
4	0.00783	0.00569	0.00797	0.00797	0.00867	0.00639	0.00583	0.00923	0.00853	0.01207	0.01532	0.02541	0.01536	0.25594	0.57412	0.00779	0.01199	0.00643	0.00303	0.00443
5	0.00793	0.00529	0.00595	0.00595	0.00595	0.00529	0.00330	0.00793	0.00793	0.01057	0.01718	0.03568	0.01982	0.80840	0.02775	0.00529	0.00529	0.00793	0.00330	0.00330
6	0.84691	0.01054	0.00801	0.00717	0.01054	0.01223	0.00590	0.01603	0.00928	0.02446	0.00759	0.00886	0.00590	0.00506	0.00337	0.00169	0.00422	0.00295	0.00337	0.00590
7	0.04441	0.01031	0.01291	0.03641	0.09175	0.00920	0.00831	0.04282	0.03316	0.06172	0.01112	0.02923	0.00917	0.00511	0.00515	0.00118	0.04549	0.00405	0.00350	0.53499
8	0.84691	0.01054	0.00801	0.00717	0.01054	0.01223	0.00590	0.01603	0.00928	0.02446	0.00759	0.00886	0.00590	0.00506	0.00337	0.00169	0.00422	0.00295	0.00337	0.00590
9	0.01356	0.01171	0.01233	0.01109	0.01418	0.01356	0.00863	0.02897	0.76455	0.02281	0.02219	0.02034	0.01664	0.00740	0.00555	0.00185	0.00431	0.00616	0.00555	0.00863
10	0.00761	0.00549	0.00719	0.00693	0.00812	0.00507	0.00514	0.01001	0.01492	0.02105	0.69564	0.11892	0.04987	0.01175	0.00648	0.00177	0.00263	0.01044	0.00591	0.00507
11	0.04549	0.47924	0.24889	0.01151	0.01689	0.06722	0.01254	0.01686	0.01135	0.01462	0.00827	0.00972	0.00693	0.00502	0.00444	0.00140	0.02669	0.00333	0.00239	0.00720
12	0.01769	0.01973	0.01389	0.01253	0.01538	0.47285	0.00952	0.02343	0.24206	0.04747	0.06054	0.01528	0.01295	0.00654	0.00522	0.00157	0.00750	0.00479	0.00399	0.00706
13	0.00700	0.00554	0.00630	0.00611	0.00771	0.00484	0.00458	0.00890	0.01374	0.01786	0.36946	0.04732	0.45600	0.01264	0.00644	0.00179	0.00268	0.01078	0.00547	0.00484
14	0.01329	0.01275	0.02177	0.08081	0.72860	0.01290	0.01663	0.01656	0.01232	0.01757	0.01022	0.01356	0.00855	0.00489	0.00540	0.00163	0.00653	0.00486	0.00268	0.00848
15	0.01014	0.00531	0.00533	0.00529	0.00664	0.00534	0.00398	0.01305	0.03578	0.02020	0.01930	0.02150	0.04180	0.00666	0.00396	0.00131	0.00261	0.00535	0.78128	0.00518
16	0.01144	0.01151	0.03996	0.01349	0.01418	0.01471	0.02825	0.03554	0.00916	0.01392	0.00886	0.01374	0.00841	0.01489	0.15653	0.00349	0.58839	0.00498	0.00258	0.00596
17	0.00679	0.00496	0.00639	0.00725	0.00789	0.00456	0.00498	0.00804	0.01144	0.01526	0.15025	0.60364	0.11686	0.01579	0.00682	0.00210	0.00303	0.01418	0.00521	0.00456
18	0.01744	0.02086	0.01567	0.15017	0.05719	0.53419	0.01149	0.03858	0.01425	0.01417	0.00912	0.01154	0.00753	0.00740	0.04346	0.00188	0.03189	0.00399	0.00280	0.00638
19	0.06670	0.01128	0.04091	0.01024	0.01448	0.03901	0.00867	0.09011	0.04006	0.59122	0.01912	0.01703	0.01233	0.00656	0.00534	0.00168	0.00505	0.00519	0.00610	0.00892
20	0.01338	0.01040	0.10675	0.00960	0.01256	0.00818	0.00835	0.12379	0.01439	0.19315	0.05838	0.31029	0.08563	0.01111	0.00611	0.00189	0.00448	0.00960	0.00520	0.00676

[dist]
# distance from previous block
# <min> <max>
2	4

[block]
# block no. 3 follows, 44 sequences, length 22
# corresponding to MSA columns:
# 866-887
name=unknown_D
#
# <colnr> <probs for GDERKNQSTAVLIFYWHMCP>
#	G	D	E	R	K	N	Q	S	T	A	V	L	I	F	Y	W	H	M	C	P
0	0.04191	0.03901	0.20173	0.02615	0.46388	0.03924	0.07616	0.01705	0.01219	0.01760	0.00998	0.01271	0.00800	0.00494	0.00529	0.00164	0.00709	0.00462	0.00263	0.00818
1	0.22568	0.24949	0.29217	0.01147	0.01685	0.09067	0.01246	0.01712	0.01120	0.01743	0.00846	0.00987	0.00669	0.00504	0.00421	0.00152	0.00661	0.00338	0.00263	0.00703
2	0.20433	0.06277	0.47231	0.01252	0.01857	0.01251	0.01477	0.01661	0.01126	0.03888	0.05981	0.01288	0.00981	0.00567	0.00508	0.00170	0.02614	0.00416	0.00291	0.00729
3	0.00726	0.00541	0.00669	0.00666	0.00786	0.00491	0.00485	0.00921	0.01367	0.01857	0.46313	0.17169	0.20631	0.04029	0.00726	0.00195	0.00281	0.01110	0.00554	0.00484
4	0.01458	0.81168	0.02857	0.00933	0.01399	0.02157	0.00933	0.01632	0.01108	0.01283	0.00758	0.00875	0.00700	0.00466	0.00350	0.00117	0.00583	0.00292	0.00233	0.00700
5	0.06086	0.00933	0.01245	0.00959	0.01377	0.00820	0.00792	0.02610	0.01532	0.74482	0.02089	0.01813	0.01316	0.00667	0.00539	0.00169	0.00462	0.00537	0.00660	0.00913
6	0.00735	0.00556	0.00678	0.00648	0.00792	0.00499	0.00486	0.00958	0.01457	0.01981	0.56597	0.04409	0.25827	0.01191	0.00643	0.00175	0.00263	0.01033	0.00573	0.00499
7	0.00792	0.00531	0.00606	0.00606	0.00609	0.00534	0.00344	0.00800	0.00796	0.01065	0.01708	0.03512	0.01958	0.77870	0.05712	0.00542	0.00565	0.00785	0.00329	0.00336
8	0.00767	0.00557	0.00722	0.00681	0.00812	0.00512	0.00511	0.01019	0.01532	0.02159	0.74438	0.04117	0.07875	0.01125	0.00643	0.00172	0.00258	0.00992	0.00597	0.00512
9	0.02037	0.02598	0.01545	0.01404	0.01685	0.78652	0.01053	0.02177	0.01545	0.01334	0.00843	0.00983	0.00702	0.00562	0.00492	0.00140	0.00983	0.00351	0.00281	0.00632
10	0.04914	0.01035	0.01266	0.01016	0.01407	0.01018	0.00826	0.07644	0.20756	0.50906	0.02064	0.01831	0.01376	0.00684	0.00543	0.00172	0.00463	0.00553	0.00624	0.00900
11	0.00780	0.00688	0.00677	0.00667	0.00858	0.03220	0.00504	0.01076	0.09474	0.01577	0.06832	0.07851	0.59292	0.01292	0.00634	0.00186	0.00324	0.03046	0.00506	0.00512
12	0.00664	0.00474	0.00633	0.00759	0.00791	0.00443	0.00506	0.00759	0.01044	0.01392	0.03005	0.80485	0.03606	0.01708	0.00696	0.00221	0.00316	0.01550	0.00506	0.00443
13	0.01898	0.01440	0.01538	0.01219	0.01624	0.01609	0.00994	0.57937	0.20532	0.03155	0.01530	0.01485	0.01106	0.00675	0.00548	0.00169	0.00559	0.00521	0.00548	0.00912
14	0.75346	0.01040	0.00854	0.00746	0.01093	0.01175	0.00614	0.01722	0.01000	0.11010	0.00917	0.00996	0.00677	0.00525	0.00361	0.00169	0.00427	0.00324	0.00376	0.00629
15	0.00725	0.00587	0.00634	0.00610	0.00789	0.00516	0.00461	0.03378	0.01364	0.01720	0.23582	0.04815	0.56321	0.01288	0.00641	0.00180	0.00282	0.01086	0.00531	0.00490
16	0.01287	0.01471	0.03217	0.02298	0.02849	0.01379	0.75460	0.01746	0.01287	0.01746	0.01103	0.01471	0.00827	0.00460	0.00643	0.00184	0.00919	0.00643	0.00276	0.00735
17	0.01236	0.01389	0.03005	0.02171	0.02680	0.01302	0.69302	0.01665	0.01267	0.01717	0.01259	0.07962	0.01055	0.00562	0.00648	0.00187	0.00870	0.00718	0.00295	0.00711
18	0.01030	0.00969	0.01635	0.79530	0.03755	0.01211	0.01514	0.01393	0.01090	0.01393	0.00969	0.01453	0.00727	0.00545	0.00545	0.00182	0.00727	0.00484	0.00242	0.00606
19	0.02037	0.02598	0.01545	0.01404	0.01685	0.78652	0.01053	0.02177	0.01545	0.01334	0.00843	0.00983	0.00702	0.00562	0.00492	0.00140	0.00983	0.00351	0.00281	0.00632
20	0.00675	0.00482	0.00644	0.00771	0.00807	0.00452	0.00524	0.00777	0.01054	0.01403	0.02999	0.76903	0.03583	0.01698	0.00699	0.00223	0.00325	0.05029	0.00506	0.00446
21	0.01093	0.02820	0.78016	0.01554	0.02360	0.01266	0.02014	0.01727	0.01151	0.01727	0.00978	0.01151	0.00691	0.00518	0.00518	0.00173	0.00806	0.00403	0.00230	0.00806

[dist]
# distance from previous block
# <min> <max>
0	3

[block]
# block no. 4 follows, 44 sequences, length 56
# corresponding to MSA columns:
# 891-940,942-947
name=unknown_E
#
# <colnr> <probs for GDERKNQSTAVLIFYWHMCP>
#	G	D	E	R	K	N	Q	S	T	A	V	L	I	F	Y	W	H	M	C	P
0	0.01023	0.00969	0.01471	0.53352	0.05402	0.04453	0.03175	0.01346	0.01206	0.01551	0.14077	0.02108	0.06272	0.00690	0.00568	0.00178	0.00633	0.00609	0.00323	0.00594
1	0.01847	0.05023	0.01195	0.02351	0.01285	0.00852	0.00741	0.06138	0.03374	0.46139	0.04901	0.07049	0.14985	0.00861	0.00566	0.00172	0.00434	0.00711	0.00592	0.00785
2	0.00921	0.00474	0.00703	0.00715	0.00717	0.00471	0.00476	0.00715	0.00740	0.00987	0.01133	0.08772	0.01187	0.01877	0.02001	0.76564	0.00459	0.00571	0.00261	0.00255
3	0.59122	0.05234	0.05093	0.01017	0.06120	0.02719	0.02596	0.03348	0.01073	0.06626	0.02288	0.01068	0.00761	0.00528	0.00393	0.00166	0.00490	0.00354	0.00349	0.00654
4	0.01338	0.01284	0.02193	0.05958	0.74913	0.01292	0.01668	0.01664	0.01236	0.01768	0.01024	0.01353	0.00859	0.00488	0.00540	0.00163	0.00650	0.00486	0.00269	0.00855
5	0.01174	0.00968	0.01135	0.00813	0.01295	0.00729	0.00651	0.01415	0.01145	0.04294	0.01008	0.01154	0.00825	0.00413	0.00409	0.00084	0.00406	0.00330	0.00335	0.81417
6	0.00772	0.00557	0.00729	0.00686	0.00814	0.00514	0.00514	0.01029	0.01543	0.02186	0.77152	0.04072	0.05144	0.01115	0.00643	0.00171	0.00257	0.00986	0.00600	0.00514
7	0.00674	0.00481	0.00642	0.00763	0.00801	0.00450	0.00516	0.00778	0.01066	0.01424	0.05417	0.75969	0.03643	0.01683	0.00696	0.00221	0.00319	0.03500	0.00509	0.00447
8	0.01458	0.81168	0.02857	0.00933	0.01399	0.02157	0.00933	0.01632	0.01108	0.01283	0.00758	0.00875	0.00700	0.00466	0.00350	0.00117	0.00583	0.00292	0.00233	0.00700
9	0.01030	0.00969	0.01635	0.79530	0.03755	0.01211	0.01514	0.01393	0.01090	0.01393	0.00969	0.01453	0.00727	0.00545	0.00545	0.00182	0.00727	0.00484	0.00242	0.00606
10	0.00760	0.00557	0.00712	0.00673	0.00807	0.00509	0.00505	0.01006	0.01515	0.02120	0.70475	0.04182	0.11863	0.01139	0.00643	0.00173	0.00259	0.01001	0.00591	0.00509
11	0.76872	0.01073	0.00864	0.00755	0.01102	0.01228	0.00622	0.05420	0.01039	0.05805	0.00848	0.00950	0.00641	0.00521	0.00357	0.00168	0.00433	0.00316	0.00363	0.00622
12	0.00664	0.00474	0.00633	0.00759	0.00791	0.00443	0.00506	0.00759	0.01044	0.01392	0.03005	0.80485	0.03606	0.01708	0.00696	0.00221	0.00316	0.01550	0.00506	0.00443
13	0.00644	0.00552	0.00552	0.00552	0.00736	0.00460	0.00414	0.00782	0.01243	0.01473	0.05523	0.05247	0.77218	0.01381	0.00644	0.00184	0.00276	0.01151	0.00506	0.00460
14	0.00644	0.00552	0.00552	0.00552	0.00736	0.00460	0.00414	0.00782	0.01243	0.01473	0.05523	0.05247	0.77218	0.01381	0.00644	0.00184	0.00276	0.01151	0.00506	0.00460
15	0.01100	0.02777	0.75657	0.01577	0.02375	0.01270	0.04330	0.01727	0.01155	0.01727	0.00982	0.01161	0.00695	0.00516	0.00522	0.00173	0.00809	0.00410	0.00232	0.00803
16	0.00644	0.00552	0.00552	0.00552	0.00736	0.00460	0.00414	0.00782	0.01243	0.01473	0.05523	0.05247	0.77218	0.01381	0.00644	0.00184	0.00276	0.01151	0.00506	0.00460
17	0.00793	0.00529	0.00595	0.00595	0.00595	0.00529	0.00330	0.00793	0.00793	0.01057	0.01718	0.03568	0.01982	0.80840	0.02775	0.00529	0.00529	0.00793	0.00330	0.00330
18	0.01987	0.02515	0.01552	0.01406	0.01670	0.74111	0.01062	0.02126	0.01503	0.01333	0.00835	0.00996	0.00703	0.00585	0.00568	0.00146	0.05634	0.00359	0.00278	0.00630
19	0.02434	0.00946	0.01277	0.00979	0.01401	0.00829	0.00809	0.04931	0.01592	0.75499	0.02125	0.01839	0.01336	0.00674	0.00548	0.00169	0.00468	0.00546	0.00671	0.00928
20	0.01193	0.01193	0.01670	0.01431	0.01431	0.01670	0.01193	0.01312	0.00835	0.01312	0.00716	0.01193	0.00716	0.00954	0.01789	0.00239	0.79843	0.00477	0.00239	0.00596
21	0.02446	0.00928	0.01265	0.00970	0.01392	0.00801	0.00801	0.02657	0.01560	0.77817	0.02151	0.01856	0.01350	0.00675	0.00548	0.00169	0.00464	0.00548	0.00675	0.00928
22	0.01110	0.01486	0.19518	0.01526	0.01895	0.01203	0.23981	0.01451	0.01070	0.01562	0.01169	0.03430	0.01030	0.09794	0.04884	0.00262	0.17352	0.00578	0.06056	0.00643
23	0.01356	0.01171	0.01233	0.01109	0.01418	0.01356	0.00863	0.02897	0.76455	0.02281	0.02219	0.02034	0.01664	0.00740	0.00555	0.00185	0.00431	0.00616	0.00555	0.00863
24	0.01349	0.01295	0.02213	0.03346	0.77440	0.01295	0.01673	0.01673	0.01241	0.01781	0.01025	0.01349	0.00864	0.00486	0.00540	0.00162	0.00648	0.00486	0.00270	0.00864
25	0.01093	0.02820	0.78016	0.01554	0.02360	0.01266	0.02014	0.01727	0.01151	0.01727	0.00978	0.01151	0.00691	0.00518	0.00518	0.00173	0.00806	0.00403	0.00230	0.00806
26	0.09719	0.00939	0.01224	0.00948	0.01362	0.00839	0.00783	0.02564	0.01504	0.71152	0.02028	0.01770	0.01282	0.00660	0.00530	0.00169	0.00460	0.00526	0.00645	0.00898
27	0.01349	0.01295	0.02213	0.03346	0.77440	0.01295	0.01673	0.01673	0.01241	0.01781	0.01025	0.01349	0.00864	0.00486	0.00540	0.00162	0.00648	0.00486	0.00270	0.00864
28	0.00664	0.00474	0.00633	0.00759	0.00791	0.00443	0.00506	0.00759	0.01044	0.01392	0.03005	0.80485	0.03606	0.01708	0.00696	0.00221	0.00316	0.01550	0.00506	0.00443
29	0.01287	0.01471	0.03217	0.02298	0.02849	0.01379	0.75460	0.01746	0.01287	0.01746	0.01103	0.01471	0.00827	0.00460	0.00643	0.00184	0.00919	0.00643	0.00276	0.00735
30	0.02298	0.01165	0.01412	0.01082	0.01510	0.01153	0.00894	0.31493	0.01957	0.48421	0.01818	0.01640	0.01183	0.00667	0.00547	0.00167	0.00518	0.00526	0.00624	0.00928
31	0.01093	0.02820	0.78016	0.01554	0.02360	0.01266	0.02014	0.01727	0.01151	0.01727	0.00978	0.01151	0.00691	0.00518	0.00518	0.00173	0.00806	0.00403	0.00230	0.00806
32	0.00668	0.00476	0.00632	0.00755	0.00786	0.00445	0.00502	0.00760	0.01037	0.01383	0.02971	0.78488	0.03564	0.03762	0.00750	0.00229	0.00322	0.01530	0.00502	0.00440
33	0.02446	0.00928	0.01265	0.00970	0.01392	0.00801	0.00801	0.02657	0.01560	0.77817	0.02151	0.01856	0.01350	0.00675	0.00548	0.00169	0.00464	0.00548	0.00675	0.00928
34	0.02436	0.00943	0.01275	0.00977	0.01399	0.00824	0.00807	0.04545	0.01586	0.75893	0.02129	0.01841	0.01339	0.00674	0.00548	0.00169	0.00467	0.00547	0.00671	0.00928
35	0.00664	0.00477	0.00630	0.00753	0.00789	0.00443	0.00503	0.00760	0.01050	0.01394	0.03080	0.78236	0.05805	0.01698	0.00694	0.00220	0.00315	0.01538	0.00506	0.00443
36	0.00967	0.00701	0.00932	0.01015	0.01167	0.00715	0.00879	0.06236	0.03251	0.01768	0.02816	0.05698	0.04458	0.01426	0.00732	0.00242	0.00502	0.65451	0.00506	0.00539
37	0.00779	0.00584	0.00876	0.00876	0.00974	0.00681	0.00681	0.00974	0.00876	0.01266	0.01460	0.02142	0.01363	0.04089	0.78680	0.00876	0.01460	0.00584	0.00292	0.00487
38	0.01288	0.01227	0.01953	0.06249	0.59343	0.04178	0.01518	0.01595	0.01249	0.01723	0.01307	0.02090	0.01207	0.00651	0.00571	0.00176	0.00641	0.11941	0.00305	0.00787
39	0.01313	0.01236	0.02064	0.19522	0.58380	0.01295	0.01611	0.04859	0.01267	0.01771	0.01026	0.01370	0.00837	0.00506	0.00541	0.00166	0.00662	0.00486	0.00276	0.00811
40	0.01783	0.01431	0.01470	0.01203	0.01581	0.04935	0.00967	0.43213	0.32171	0.02880	0.01654	0.01586	0.01213	0.00685	0.00547	0.00171	0.00549	0.00535	0.00538	0.00888
41	0.01030	0.00969	0.01635	0.79530	0.03755	0.01211	0.01514	0.01393	0.01090	0.01393	0.00969	0.01453	0.00727	0.00545	0.00545	0.00182	0.00727	0.00484	0.00242	0.00606
42	0.00664	0.00474	0.00633	0.00759	0.00791	0.00443	0.00506	0.00759	0.01044	0.01392	0.03005	0.80485	0.03606	0.01708	0.00696	0.00221	0.00316	0.01550	0.00506	0.00443
43	0.00767	0.00557	0.00722	0.00681	0.00812	0.00512	0.00511	0.01020	0.01532	0.02161	0.74571	0.04115	0.07741	0.01124	0.00643	0.00172	0.00258	0.00992	0.00597	0.00512
44	0.01030	0.00969	0.01635	0.79530	0.03755	0.01211	0.01514	0.01393	0.01090	0.01393	0.00969	0.01453	0.00727	0.00545	0.00545	0.00182	0.00727	0.00484	0.00242	0.00606
45	0.00897	0.00583	0.00760	0.00719	0.00867	0.00533	0.00545	0.01130	0.01475	0.08293	0.57903	0.10424	0.08844	0.01158	0.00644	0.00179	0.00289	0.03629	0.00589	0.00539
46	0.01018	0.00953	0.01603	0.76964	0.03658	0.01186	0.01481	0.01372	0.01089	0.01393	0.01035	0.04028	0.00821	0.00583	0.00550	0.00183	0.00713	0.00519	0.00251	0.00600
47	0.80576	0.01078	0.00843	0.00744	0.01086	0.01246	0.00613	0.05289	0.01009	0.02495	0.00786	0.00907	0.00607	0.00513	0.00348	0.00168	0.00431	0.00305	0.00348	0.00607
48	0.01329	0.01013	0.01196	0.00987	0.03832	0.00907	0.00748	0.12454	0.07333	0.07385	0.01457	0.11179	0.01282	0.00652	0.00488	0.00128	0.00436	0.00545	0.00420	0.46227
49	0.37881	0.33637	0.01758	0.00909	0.01286	0.08924	0.00806	0.04116	0.01110	0.01868	0.00783	0.00914	0.00660	0.00514	0.00409	0.00147	0.03021	0.00311	0.00294	0.00650
50	0.84691	0.01054	0.00801	0.00717	0.01054	0.01223	0.00590	0.01603	0.00928	0.02446	0.00759	0.00886	0.00590	0.00506	0.00337	0.00169	0.00422	0.00295	0.00337	0.00590
51	0.01081	0.00989	0.01663	0.72981	0.08351	0.01207	0.01508	0.01439	0.01110	0.03113	0.00999	0.01456	0.00749	0.00544	0.00545	0.00180	0.00716	0.00486	0.00254	0.00629
52	0.00906	0.00732	0.00978	0.00954	0.01052	0.02414	0.02319	0.05921	0.01075	0.01476	0.01960	0.30900	0.02124	0.04386	0.29575	0.00467	0.09159	0.02699	0.00387	0.00516
53	0.10252	0.01133	0.01191	0.01048	0.01369	0.01281	0.00825	0.05699	0.56482	0.08978	0.04384	0.01931	0.01602	0.00718	0.00534	0.00180	0.00435	0.00583	0.00543	0.00832
54	0.01020	0.00694	0.00761	0.00751	0.00773	0.00663	0.00436	0.00962	0.00940	0.01275	0.01909	0.03784	0.02147	0.78231	0.02790	0.00556	0.00600	0.00851	0.00403	0.00452
55	0.81815	0.01036	0.00794	0.00713	0.01039	0.01199	0.00582	0.01575	0.00923	0.02398	0.00792	0.00978	0.00638	0.03260	0.00421	0.00181	0.00425	0.00312	0.00337	0.00582

[dist]
# distance from previous block
# <min> <max>
0	2

[block]
# block no. 5 follows, 44 sequences, length 14
# corresponding to MSA columns:
# 950-961,963,964
name=unknown_F
#
# <colnr> <probs for GDERKNQSTAVLIFYWHMCP>
#	G	D	E	R	K	N	Q	S	T	A	V	L	I	F	Y	W	H	M	C	P
0	0.65332	0.00933	0.00754	0.00689	0.00948	0.01063	0.00530	0.01416	0.00897	0.02126	0.00980	0.01504	0.00912	0.19043	0.00900	0.00252	0.00446	0.00410	0.00336	0.00530
1	0.01034	0.05031	0.57600	0.01376	0.02006	0.01162	0.01669	0.01549	0.01086	0.01605	0.01082	0.01370	0.00846	0.01340	0.18547	0.00333	0.00949	0.00441	0.00245	0.00728
2	0.01902	0.00821	0.01092	0.00912	0.01226	0.00734	0.00721	0.03815	0.03191	0.52341	0.04988	0.20145	0.03755	0.00946	0.00588	0.00182	0.00421	0.00809	0.00624	0.00789
3	0.02553	0.03408	0.61269	0.02388	0.03153	0.02002	0.02335	0.02652	0.02057	0.03040	0.02437	0.03168	0.02100	0.01491	0.01140	0.00438	0.01225	0.00885	0.00745	0.01514
4	0.00789	0.00573	0.00753	0.00752	0.00883	0.00537	0.00593	0.01038	0.01459	0.02017	0.55861	0.04620	0.08862	0.01220	0.00668	0.00191	0.00315	0.17790	0.00572	0.00508
5	0.00890	0.00768	0.01303	0.01058	0.01284	0.00714	0.17807	0.01194	0.01484	0.02085	0.59604	0.03472	0.04148	0.00963	0.00643	0.00174	0.00410	0.00907	0.00525	0.00565
6	0.02064	0.01774	0.01615	0.01289	0.01689	0.19449	0.01040	0.58675	0.02328	0.02951	0.01201	0.01234	0.00875	0.00633	0.00533	0.00158	0.00688	0.00459	0.00484	0.00859
7	0.02446	0.00928	0.01265	0.00970	0.01392	0.00801	0.00801	0.02657	0.01560	0.77817	0.02151	0.01856	0.01350	0.00675	0.00548	0.00169	0.00464	0.00548	0.00675	0.00928
8	0.01052	0.00889	0.01422	0.55151	0.08978	0.01056	0.01265	0.01387	0.01115	0.01572	0.01160	0.01579	0.00893	0.00561	0.00507	0.00167	0.00611	0.00490	0.19540	0.00604
9	0.65387	0.01035	0.00994	0.18903	0.01677	0.01220	0.00804	0.01554	0.00965	0.02203	0.00808	0.01017	0.00622	0.00515	0.00385	0.00172	0.00492	0.00339	0.00315	0.00594
10	0.01048	0.00988	0.01669	0.75129	0.08012	0.01216	0.01523	0.01409	0.01099	0.01415	0.00972	0.01447	0.00735	0.00542	0.00545	0.00181	0.00722	0.00485	0.00244	0.00621
11	0.72765	0.01036	0.00869	0.00754	0.01103	0.01162	0.00621	0.01755	0.01020	0.13375	0.00961	0.01026	0.00700	0.00531	0.00368	0.00169	0.00428	0.00332	0.00386	0.00639
12	0.08090	0.01449	0.01549	0.01195	0.01623	0.01592	0.00987	0.64965	0.02372	0.08757	0.01330	0.01318	0.00933	0.00645	0.00531	0.00164	0.00577	0.00481	0.00540	0.00903
13	0.67941	0.01116	0.00949	0.00810	0.01166	0.01266	0.00667	0.12397	0.01202	0.06961	0.00920	0.01003	0.00683	0.00537	0.00380	0.00168	0.00450	0.00338	0.00387	0.00659

[dist]
# distance from previous block
# <min> <max>
0	3

[block]
# block no. 6 follows, 44 sequences, length 50
# corresponding to MSA columns:
# 968-1017
name=unknown_G
#
# <colnr> <probs for GDERKNQSTAVLIFYWHMCP>
#	G	D	E	R	K	N	Q	S	T	A	V	L	I	F	Y	W	H	M	C	P
0	0.84691	0.01054	0.00801	0.00717	0.01054	0.01223	0.00590	0.01603	0.00928	0.02446	0.00759	0.00886	0.00590	0.00506	0.00337	0.00169	0.00422	0.00295	0.00337	0.00590
1	0.09895	0.01048	0.01675	0.56463	0.03158	0.01252	0.07724	0.03746	0.01136	0.03648	0.00989	0.01390	0.00743	0.00560	0.00590	0.00182	0.04412	0.00480	0.00276	0.00633
2	0.84691	0.01054	0.00801	0.00717	0.01054	0.01223	0.00590	0.01603	0.00928	0.02446	0.00759	0.00886	0.00590	0.00506	0.00337	0.00169	0.00422	0.00295	0.00337	0.00590
3	0.00854	0.00576	0.00644	0.00626	0.00647	0.00584	0.00364	0.04369	0.00877	0.01171	0.01698	0.03460	0.01932	0.77008	0.02668	0.00511	0.00532	0.00778	0.00341	0.00359
4	0.00725	0.00573	0.00664	0.00692	0.00846	0.00518	0.00541	0.00925	0.02677	0.01610	0.14392	0.11707	0.44306	0.01387	0.00669	0.00200	0.00327	0.16239	0.00519	0.00482
5	0.13256	0.01463	0.01523	0.01182	0.01605	0.01627	0.00976	0.65602	0.02342	0.03302	0.01234	0.01252	0.00882	0.00634	0.00517	0.00164	0.00576	0.00464	0.00517	0.00882
6	0.84691	0.01054	0.00801	0.00717	0.01054	0.01223	0.00590	0.01603	0.00928	0.02446	0.00759	0.00886	0.00590	0.00506	0.00337	0.00169	0.00422	0.00295	0.00337	0.00590
7	0.02446	0.00928	0.01265	0.00970	0.01392	0.00801	0.00801	0.02657	0.01560	0.77817	0.02151	0.01856	0.01350	0.00675	0.00548	0.00169	0.00464	0.00548	0.00675	0.00928
8	0.84691	0.01054	0.00801	0.00717	0.01054	0.01223	0.00590	0.01603	0.00928	0.02446	0.00759	0.00886	0.00590	0.00506	0.00337	0.00169	0.00422	0.00295	0.00337	0.00590
9	0.01093	0.02820	0.78016	0.01554	0.02360	0.01266	0.02014	0.01727	0.01151	0.01727	0.00978	0.01151	0.00691	0.00518	0.00518	0.00173	0.00806	0.00403	0.00230	0.00806
10	0.01437	0.01211	0.01278	0.01126	0.01449	0.01394	0.00883	0.11128	0.68092	0.02411	0.02116	0.01952	0.01581	0.00730	0.00554	0.00183	0.00451	0.00602	0.00554	0.00870
11	0.01093	0.02820	0.78016	0.01554	0.02360	0.01266	0.02014	0.01727	0.01151	0.01727	0.00978	0.01151	0.00691	0.00518	0.00518	0.00173	0.00806	0.00403	0.00230	0.00806
12	0.00664	0.00474	0.00633	0.00759	0.00791	0.00443	0.00506	0.00759	0.01044	0.01392	0.03005	0.80485	0.03606	0.01708	0.00696	0.00221	0.00316	0.01550	0.00506	0.00443
13	0.01272	0.01492	0.05574	0.02198	0.02711	0.01400	0.66606	0.01708	0.01243	0.01708	0.01065	0.01436	0.00813	0.00504	0.00738	0.00188	0.07725	0.00621	0.00271	0.00726
14	0.00664	0.00474	0.00633	0.00759	0.00791	0.00443	0.00506	0.00759	0.01044	0.01392	0.03005	0.80485	0.03606	0.01708	0.00696	0.00221	0.00316	0.01550	0.00506	0.00443
15	0.01287	0.01471	0.03217	0.02298	0.02849	0.01379	0.75460	0.01746	0.01287	0.01746	0.01103	0.01471	0.00827	0.00460	0.00643	0.00184	0.00919	0.00643	0.00276	0.00735
16	0.01030	0.00969	0.01635	0.79530	0.03755	0.01211	0.01514	0.01393	0.01090	0.01393	0.00969	0.01453	0.00727	0.00545	0.00545	0.00182	0.00727	0.00484	0.00242	0.00606
17	0.01030	0.00969	0.01635	0.79530	0.03755	0.01211	0.01514	0.01393	0.01090	0.01393	0.00969	0.01453	0.00727	0.00545	0.00545	0.00182	0.00727	0.00484	0.00242	0.00606
18	0.01030	0.00969	0.01635	0.79530	0.03755	0.01211	0.01514	0.01393	0.01090	0.01393	0.00969	0.01453	0.00727	0.00545	0.00545	0.00182	0.00727	0.00484	0.00242	0.00606
19	0.00648	0.00552	0.00557	0.00556	0.00739	0.00462	0.00417	0.00790	0.01251	0.01493	0.07590	0.05213	0.75139	0.01373	0.00644	0.00184	0.00276	0.01146	0.00509	0.00462
20	0.01130	0.00935	0.01473	0.01230	0.01477	0.00934	0.18435	0.13157	0.01377	0.04658	0.02334	0.35552	0.07554	0.01145	0.00695	0.00200	0.03643	0.02998	0.00453	0.00617
21	0.01167	0.18707	0.62775	0.01428	0.02165	0.01447	0.01795	0.01707	0.01142	0.01637	0.00934	0.01095	0.00692	0.00508	0.00484	0.00161	0.00761	0.00380	0.00231	0.00784
22	0.01036	0.00963	0.01616	0.75623	0.05293	0.01193	0.01486	0.01396	0.01095	0.01420	0.00993	0.01468	0.00749	0.00546	0.00540	0.00180	0.00712	0.00485	0.02599	0.00609
23	0.01057	0.00997	0.01685	0.72981	0.10089	0.01218	0.01528	0.01417	0.01103	0.01426	0.00974	0.01445	0.00739	0.00540	0.00545	0.00180	0.00720	0.00485	0.00245	0.00628
24	0.01463	0.01596	0.04311	0.04933	0.06312	0.29566	0.00958	0.12535	0.01538	0.01791	0.08498	0.12905	0.09608	0.00864	0.00564	0.00167	0.00654	0.00697	0.00399	0.00641
25	0.01262	0.01154	0.01818	0.21919	0.08114	0.01335	0.12628	0.13497	0.01321	0.01819	0.04617	0.01557	0.01049	0.00984	0.08041	0.00253	0.17091	0.00541	0.00320	0.00681
26	0.00664	0.00477	0.00630	0.00753	0.00789	0.00443	0.00503	0.00760	0.01050	0.01394	0.03082	0.78191	0.05850	0.01698	0.00694	0.00220	0.00315	0.01538	0.00506	0.00443
27	0.00701	0.00606	0.04308	0.03900	0.00985	0.00517	0.00620	0.00834	0.01047	0.01405	0.02797	0.72003	0.03308	0.01656	0.02322	0.00231	0.00379	0.01434	0.00478	0.00467
28	0.01925	0.01402	0.04863	0.01197	0.01603	0.01453	0.01012	0.46858	0.11185	0.14852	0.01565	0.03819	0.01144	0.00705	0.00599	0.00172	0.03678	0.00542	0.00540	0.00887
29	0.01228	0.01827	0.23548	0.03824	0.02736	0.01344	0.53806	0.01733	0.01245	0.01733	0.01066	0.01383	0.00788	0.00477	0.00607	0.00181	0.00884	0.00574	0.00263	0.00752
30	0.00644	0.00552	0.00552	0.00552	0.00736	0.00460	0.00414	0.00782	0.01243	0.01473	0.05523	0.05247	0.77218	0.01381	0.00644	0.00184	0.00276	0.01151	0.00506	0.00460
31	0.01198	0.05884	0.45199	0.04385	0.27019	0.01319	0.04014	0.01696	0.01181	0.01715	0.00987	0.01221	0.00753	0.00504	0.00522	0.00167	0.00745	0.00434	0.00245	0.00812
32	0.01193	0.20429	0.55333	0.01371	0.02052	0.01443	0.01679	0.01691	0.01155	0.03058	0.03481	0.01200	0.00854	0.00538	0.00512	0.00161	0.02427	0.00401	0.00252	0.00770
33	0.00958	0.00616	0.00800	0.00730	0.00894	0.00574	0.00556	0.01258	0.04333	0.09613	0.67002	0.03779	0.04642	0.01057	0.00630	0.00172	0.00284	0.00929	0.00606	0.00568
34	0.01057	0.01022	0.01801	0.71438	0.03660	0.01229	0.09262	0.01430	0.01111	0.01430	0.00983	0.01455	0.00737	0.00536	0.00555	0.00182	0.00747	0.00501	0.00246	0.00619
35	0.01061	0.00986	0.01635	0.77172	0.03693	0.01226	0.01500	0.03629	0.01134	0.01454	0.00979	0.01449	0.00733	0.00548	0.00545	0.00181	0.00723	0.00485	0.00251	0.00615
36	0.01356	0.01171	0.01233	0.01109	0.01418	0.01356	0.00863	0.02897	0.76455	0.02281	0.02219	0.02034	0.01664	0.00740	0.00555	0.00185	0.00431	0.00616	0.00555	0.00863
37	0.01030	0.00969	0.01635	0.79530	0.03755	0.01211	0.01514	0.01393	0.01090	0.01393	0.00969	0.01453	0.00727	0.00545	0.00545	0.00182	0.00727	0.00484	0.00242	0.00606
38	0.02172	0.00920	0.01213	0.00967	0.01337	0.00832	0.00782	0.08899	0.01580	0.60847	0.02191	0.12451	0.01617	0.00813	0.00568	0.00175	0.00456	0.00679	0.00640	0.00862
39	0.00748	0.00554	0.00684	0.00731	0.00828	0.00518	0.00516	0.04328	0.01248	0.01657	0.17854	0.48301	0.17038	0.01484	0.00669	0.00202	0.00311	0.01318	0.00526	0.00483
40	0.01287	0.01471	0.03217	0.02298	0.02849	0.01379	0.75460	0.01746	0.01287	0.01746	0.01103	0.01471	0.00827	0.00460	0.00643	0.00184	0.00919	0.00643	0.00276	0.00735
41	0.01030	0.00969	0.01635	0.79530	0.03755	0.01211	0.01514	0.01393	0.01090	0.01393	0.00969	0.01453	0.00727	0.00545	0.00545	0.00182	0.00727	0.00484	0.00242	0.00606
42	0.02252	0.01028	0.01315	0.01022	0.01424	0.00977	0.00842	0.17644	0.01720	0.57072	0.01928	0.01762	0.01263	0.00909	0.06005	0.00217	0.00562	0.00539	0.00621	0.00897
43	0.26990	0.01184	0.01220	0.00978	0.01370	0.05326	0.00802	0.17882	0.01584	0.35227	0.01483	0.01401	0.00997	0.00614	0.00481	0.00166	0.00508	0.00450	0.00525	0.00811
44	0.01030	0.00969	0.01635	0.79530	0.03755	0.01211	0.01514	0.01393	0.01090	0.01393	0.00969	0.01453	0.00727	0.00545	0.00545	0.00182	0.00727	0.00484	0.00242	0.00606
45	0.01309	0.01276	0.02069	0.18974	0.59455	0.04137	0.01617	0.01634	0.01221	0.01685	0.01007	0.01357	0.00829	0.00501	0.00539	0.00165	0.00676	0.00481	0.00265	0.00802
46	0.01109	0.01068	0.01722	0.65457	0.15065	0.03520	0.01525	0.01459	0.01127	0.01451	0.00974	0.01423	0.00747	0.00536	0.00543	0.00177	0.00722	0.00481	0.00248	0.00646
47	0.01159	0.03461	0.01869	0.26364	0.02331	0.01505	0.09720	0.01396	0.00975	0.01386	0.00841	0.01298	0.00731	0.00754	0.01222	0.00211	0.43422	0.00493	0.00244	0.00618
48	0.69586	0.03325	0.00919	0.00843	0.04623	0.01179	0.00643	0.01547	0.01012	0.02354	0.08776	0.01241	0.01084	0.00568	0.00379	0.00167	0.00420	0.00376	0.00359	0.00598
49	0.58279	0.07038	0.03980	0.02390	0.01271	0.03510	0.00754	0.10981	0.01198	0.02399	0.03387	0.01068	0.00802	0.00545	0.00390	0.00164	0.00487	0.00352	0.00357	0.00648

[dist]
# distance from previous block
# <min> <max>
0	2

[block]
# block no. 7 follows, 44 sequences, length 134
# corresponding to MSA columns:
# 1020,1021,1024-1142,1144-1156
name=unknown_H
#
# <colnr> <probs for GDERKNQSTAVLIFYWHMCP>
#	G	D	E	R	K	N	Q	S	T	A	V	L	I	F	Y	W	H	M	C	P
0	0.71879	0.05472	0.02575	0.00787	0.01141	0.04909	0.00667	0.01668	0.00992	0.04782	0.00813	0.00927	0.00628	0.00512	0.00356	0.00165	0.00466	0.00308	0.00338	0.00614
1	0.01249	0.01501	0.09574	0.05945	0.10324	0.01325	0.50561	0.01679	0.01233	0.01720	0.01071	0.01417	0.00820	0.00494	0.00652	0.00178	0.04194	0.00578	0.02015	0.03468
