[name]
unknown

[dist]
# distance from previous block
# <min> <max>
2	55

[block]
# block no. 0 follows, 47 sequences, length 75
# corresponding to MSA columns:
# 58-132
name=unknown_A
#
# <colnr> <probs for GDERKNQSTAVLIFYWHMCP>
#	G	D	E	R	K	N	Q	S	T	A	V	L	I	F	Y	W	H	M	C	P
0	0.07137	0.16662	0.34301	0.01229	0.01777	0.09699	0.01326	0.14595	0.01369	0.05890	0.00981	0.01078	0.00728	0.00520	0.00457	0.00150	0.00673	0.00375	0.00306	0.00746
1	0.03647	0.22384	0.45522	0.01243	0.01846	0.05493	0.01453	0.04631	0.01169	0.03466	0.01077	0.01192	0.03698	0.00525	0.00455	0.00150	0.00679	0.00387	0.00259	0.00724
2	0.01115	0.18714	0.63595	0.01364	0.02069	0.01381	0.01715	0.01631	0.01091	0.01564	0.00892	0.01046	0.00661	0.00485	0.00462	0.00154	0.00727	0.00363	0.00220	0.00749
3	0.01332	0.10461	0.49590	0.05619	0.02051	0.04064	0.01554	0.05785	0.01230	0.11985	0.01074	0.01180	0.00759	0.00520	0.00484	0.00158	0.00695	0.00399	0.00296	0.00765
4	0.04233	0.00988	0.01430	0.38009	0.08965	0.02570	0.01151	0.03136	0.07286	0.22630	0.03543	0.01571	0.01058	0.00581	0.00517	0.00167	0.00577	0.00495	0.00389	0.00706
5	0.05630	0.04644	0.05215	0.00861	0.01150	0.00821	0.00729	0.08479	0.01434	0.26448	0.23448	0.11207	0.04170	0.00880	0.00551	0.00167	0.00401	0.02566	0.00529	0.00671
6	0.00637	0.00476	0.00593	0.00674	0.00745	0.00432	0.00463	0.00748	0.01075	0.01401	0.08712	0.57909	0.21204	0.01518	0.00650	0.00200	0.00289	0.01353	0.00490	0.00432
7	0.01045	0.02694	0.79000	0.01484	0.02254	0.01209	0.01924	0.01649	0.01099	0.01649	0.00935	0.01099	0.00660	0.00495	0.00495	0.00165	0.00770	0.00385	0.00220	0.00770
8	0.05632	0.10741	0.09369	0.21669	0.07630	0.16602	0.04096	0.01536	0.02846	0.01465	0.02641	0.10048	0.01096	0.00647	0.00515	0.00161	0.01870	0.00530	0.00286	0.00621
9	0.01113	0.01535	0.17863	0.01857	0.02366	0.01176	0.51550	0.01539	0.01172	0.01619	0.01272	0.12008	0.01118	0.00609	0.00597	0.00178	0.00780	0.00684	0.00284	0.00679
10	0.00634	0.00453	0.00604	0.00725	0.00755	0.00423	0.00483	0.00725	0.00997	0.01329	0.02870	0.81358	0.03444	0.01632	0.00665	0.00211	0.00302	0.01480	0.00483	0.00423
11	0.03166	0.09501	0.68627	0.01430	0.02155	0.01285	0.03591	0.01639	0.01094	0.01630	0.00914	0.01078	0.00661	0.00489	0.00479	0.00160	0.00745	0.00379	0.00224	0.00754
12	0.00924	0.00965	0.07450	0.01069	0.01312	0.03767	0.14703	0.01204	0.05100	0.03567	0.03702	0.27622	0.16682	0.05844	0.02128	0.00216	0.01840	0.00959	0.00404	0.00544
13	0.01216	0.01365	0.02850	0.02070	0.02517	0.01359	0.65187	0.01606	0.01164	0.01606	0.00998	0.01365	0.00774	0.00510	0.00780	0.00183	0.12920	0.00591	0.00258	0.00682
14	0.00636	0.00456	0.00605	0.00720	0.00755	0.00425	0.00482	0.00731	0.01011	0.01347	0.04474	0.78246	0.04956	0.01614	0.00663	0.00210	0.00300	0.01462	0.00485	0.00425
15	0.01173	0.07705	0.24044	0.01741	0.10325	0.03239	0.25298	0.01563	0.01155	0.03168	0.01343	0.01653	0.06470	0.00592	0.00616	0.00170	0.05780	0.02991	0.00276	0.00698
16	0.03146	0.06162	0.73690	0.01438	0.02182	0.01246	0.01845	0.01642	0.01092	0.01647	0.00920	0.01082	0.00658	0.00492	0.00483	0.00162	0.00751	0.00378	0.00223	0.00760
17	0.01259	0.01440	0.02872	0.02084	0.02556	0.05429	0.66613	0.01657	0.01208	0.01615	0.01011	0.01359	0.00775	0.00482	0.00694	0.00178	0.07234	0.00587	0.00261	0.00687
18	0.01147	0.01134	0.01810	0.47126	0.28065	0.05400	0.04992	0.01475	0.01121	0.01465	0.00943	0.01332	0.00740	0.00499	0.00521	0.00165	0.00691	0.00463	0.00244	0.00667
19	0.01419	0.32776	0.28110	0.01171	0.01713	0.01514	0.04165	0.09327	0.01279	0.10387	0.02924	0.01170	0.00867	0.00518	0.00447	0.00143	0.00622	0.00391	0.00310	0.00746
20	0.02016	0.01401	0.01527	0.01171	0.01586	0.01529	0.00967	0.69243	0.02352	0.10889	0.01331	0.01303	0.00926	0.00627	0.00521	0.00157	0.00560	0.00474	0.00533	0.00886
21	0.00635	0.00461	0.00596	0.00704	0.00746	0.00426	0.00472	0.00728	0.01009	0.01329	0.03063	0.72622	0.10269	0.03385	0.00704	0.00215	0.00303	0.01429	0.00480	0.00422
22	0.04464	0.02678	0.01376	0.01072	0.01398	0.01141	0.04778	0.20315	0.08897	0.24485	0.05290	0.04719	0.01341	0.02302	0.00682	0.00172	0.08566	0.00552	0.00488	0.05282
23	0.02141	0.00986	0.01245	0.00974	0.01362	0.00938	0.00798	0.12901	0.10109	0.58309	0.03332	0.01757	0.01332	0.00656	0.00526	0.00162	0.00454	0.00531	0.00613	0.00872
24	0.00661	0.00497	0.00613	0.00653	0.00749	0.00448	0.00463	0.00810	0.01192	0.01582	0.26560	0.37871	0.23250	0.01377	0.00636	0.00188	0.00275	0.01217	0.00511	0.00448
25	0.03434	0.33094	0.07569	0.01354	0.09561	0.22652	0.03882	0.03746	0.04007	0.04901	0.00923	0.01043	0.00753	0.00499	0.00431	0.00135	0.00680	0.00360	0.00280	0.00694
26	0.01154	0.20749	0.47783	0.01438	0.02066	0.01437	0.11662	0.01613	0.01094	0.01536	0.00891	0.01081	0.00680	0.00494	0.00528	0.00157	0.04288	0.00394	0.00227	0.00728
27	0.02336	0.00886	0.01209	0.00927	0.01329	0.00765	0.00765	0.02538	0.01491	0.78810	0.02055	0.01773	0.01289	0.00645	0.00524	0.00161	0.00443	0.00524	0.00645	0.00886
28	0.00637	0.00455	0.00607	0.00723	0.00756	0.00425	0.00484	0.00732	0.01009	0.01349	0.04781	0.79393	0.03482	0.01617	0.00663	0.00210	0.00301	0.01467	0.00486	0.00425
29	0.01830	0.00871	0.01140	0.00985	0.04217	0.00809	0.00752	0.11314	0.01516	0.46958	0.07688	0.13119	0.04770	0.00830	0.00553	0.00168	0.00425	0.00701	0.00580	0.00773
30	0.01843	0.01222	0.01395	0.05344	0.01574	0.01315	0.00916	0.48608	0.05627	0.16806	0.05478	0.03055	0.01262	0.02403	0.00575	0.00168	0.00525	0.00534	0.00526	0.00825
31	0.01355	0.73525	0.10889	0.00955	0.01435	0.01970	0.01002	0.01569	0.01063	0.01271	0.00747	0.00864	0.00667	0.00451	0.00351	0.00117	0.00580	0.00290	0.00222	0.00679
32	0.01114	0.00883	0.01042	0.00767	0.01186	0.00678	0.00604	0.01326	0.01082	0.05836	0.01100	0.04358	0.00962	0.04696	0.00522	0.00109	0.00392	0.00389	0.00334	0.72620
33	0.06273	0.01374	0.01508	0.01191	0.01564	0.07405	0.06915	0.41856	0.11788	0.08674	0.01367	0.01451	0.01016	0.04481	0.00617	0.00176	0.00582	0.00494	0.00471	0.00797
34	0.01906	0.08118	0.01565	0.01310	0.01591	0.74112	0.00998	0.02043	0.01446	0.01271	0.00799	0.00932	0.00671	0.00530	0.00460	0.00133	0.00912	0.00331	0.00265	0.00608
35	0.01452	0.00983	0.01248	0.00958	0.01348	0.00884	0.04780	0.11943	0.04874	0.18644	0.01460	0.09005	0.01193	0.00620	0.00499	0.00131	0.01631	0.00521	0.00434	0.37393
36	0.01123	0.19708	0.60912	0.01373	0.02067	0.01395	0.03373	0.01630	0.01093	0.01559	0.00892	0.01050	0.00664	0.00483	0.00463	0.00154	0.00726	0.00367	0.00221	0.00746
37	0.00632	0.00461	0.00596	0.00703	0.00750	0.00425	0.00474	0.00728	0.01018	0.01338	0.03137	0.72876	0.11754	0.01597	0.00659	0.00208	0.00298	0.01438	0.00483	0.00425
38	0.00749	0.00619	0.00948	0.02649	0.01074	0.00595	0.09487	0.02488	0.01074	0.01418	0.02806	0.58277	0.11380	0.01396	0.00668	0.00202	0.01979	0.01271	0.00448	0.00474
39	0.03933	0.01525	0.20187	0.01164	0.01623	0.01212	0.01131	0.30685	0.04849	0.17610	0.01516	0.03338	0.01163	0.00687	0.00530	0.00169	0.00570	0.06842	0.00463	0.00802
40	0.00720	0.00524	0.00678	0.00656	0.00772	0.00482	0.00486	0.00945	0.01411	0.01977	0.66814	0.11718	0.08597	0.01135	0.00619	0.00169	0.00252	0.01004	0.00560	0.00482
41	0.01096	0.01095	0.01683	0.14217	0.01827	0.01435	0.08550	0.01279	0.00890	0.01310	0.00874	0.05418	0.00841	0.00840	0.01354	0.00213	0.55731	0.00526	0.00245	0.00576
42	0.02788	0.02527	0.71699	0.01478	0.04104	0.01181	0.01826	0.01651	0.01116	0.03542	0.02811	0.01182	0.00779	0.00511	0.00495	0.00164	0.00738	0.00401	0.00242	0.00763
43	0.01063	0.06950	0.74908	0.01452	0.02205	0.01255	0.01869	0.01644	0.01097	0.01626	0.00923	0.01085	0.00660	0.00492	0.00486	0.00162	0.00758	0.00379	0.00220	0.00764
44	0.00636	0.00457	0.00604	0.00719	0.00755	0.00425	0.00481	0.00731	0.01012	0.01348	0.04583	0.77773	0.05323	0.01611	0.00662	0.00210	0.00300	0.01459	0.00485	0.00425
45	0.00727	0.00577	0.00831	0.00778	0.00914	0.00528	0.06512	0.00924	0.01268	0.01723	0.38245	0.26959	0.15576	0.01224	0.00629	0.00181	0.00316	0.01101	0.00508	0.00480
46	0.02891	0.01184	0.05271	0.01520	0.01929	0.01070	0.35657	0.08826	0.01346	0.17227	0.02643	0.10286	0.01318	0.02034	0.00645	0.01719	0.00653	0.02682	0.00398	0.00703
47	0.02173	0.00957	0.01233	0.00953	0.01340	0.00886	0.00784	0.14567	0.01646	0.61419	0.06922	0.01826	0.01461	0.00669	0.00529	0.00161	0.00451	0.00542	0.00620	0.00860
48	0.00664	0.00552	0.00572	0.00558	0.00735	0.00476	0.00421	0.02739	0.01250	0.01528	0.12891	0.04796	0.68471	0.01274	0.00613	0.00174	0.00270	0.01066	0.00494	0.00457
49	0.01265	0.01215	0.02061	0.07665	0.71055	0.01247	0.01571	0.01569	0.01162	0.01662	0.00965	0.01289	0.00812	0.00485	0.00562	0.00159	0.03736	0.00464	0.00255	0.00800
50	0.05746	0.60400	0.16699	0.00991	0.01489	0.01813	0.01061	0.01607	0.01071	0.03937	0.00807	0.00916	0.00682	0.00463	0.00370	0.00126	0.00584	0.00306	0.00241	0.00689
51	0.02084	0.00874	0.01157	0.00911	0.01276	0.00788	0.00744	0.03792	0.06690	0.63772	0.10357	0.02005	0.01698	0.00694	0.00534	0.00162	0.00422	0.00573	0.00627	0.00839
52	0.01056	0.02626	0.75424	0.01564	0.05798	0.01211	0.01909	0.01647	0.01103	0.01652	0.00937	0.01108	0.00667	0.00493	0.00496	0.00164	0.00763	0.00388	0.00222	0.00772
53	0.01063	0.06965	0.74893	0.01452	0.02205	0.01255	0.01868	0.01644	0.01097	0.01626	0.00923	0.01085	0.00660	0.00492	0.00486	0.00162	0.00758	0.00379	0.00220	0.00764
54	0.76545	0.01055	0.00850	0.00739	0.01071	0.01216	0.00609	0.09492	0.01052	0.02437	0.00781	0.00889	0.00598	0.00498	0.00343	0.00161	0.00421	0.00302	0.00343	0.00598
55	0.00634	0.00456	0.00601	0.00717	0.00753	0.00424	0.00480	0.00726	0.01004	0.01332	0.02964	0.78392	0.06350	0.01619	0.00663	0.00210	0.00301	0.01466	0.00483	0.00424
56	0.00673	0.00469	0.00593	0.00676	0.00697	0.00449	0.00431	0.00735	0.00922	0.01230	0.02487	0.57031	0.02960	0.26619	0.01284	0.00303	0.00365	0.01255	0.00431	0.00389
57	0.01241	0.05031	0.01745	0.01388	0.01495	0.06070	0.07584	0.05393	0.00991	0.01418	0.02630	0.01209	0.00805	0.00816	0.01389	0.00207	0.59262	0.00467	0.00257	0.00603
58	0.00634	0.00453	0.00604	0.00725	0.00755	0.00423	0.00483	0.00725	0.00997	0.01329	0.02870	0.81358	0.03444	0.01632	0.00665	0.00211	0.00302	0.01480	0.00483	0.00423
59	0.01289	0.01237	0.02114	0.03196	0.78450	0.01237	0.01598	0.01598	0.01186	0.01701	0.00980	0.01289	0.00825	0.00464	0.00516	0.00155	0.00619	0.00464	0.00258	0.00825
60	0.01001	0.00951	0.01619	0.74763	0.05313	0.01172	0.03596	0.01345	0.01045	0.01348	0.00926	0.01381	0.00700	0.00525	0.00547	0.00174	0.02306	0.00467	0.00233	0.00588
61	0.02113	0.01062	0.01324	0.05272	0.01527	0.01053	0.00866	0.25153	0.03264	0.48827	0.01744	0.01598	0.01140	0.00633	0.00520	0.00160	0.00493	0.00504	0.01886	0.00862
62	0.00983	0.00926	0.01562	0.80447	0.03587	0.01157	0.01446	0.01331	0.01041	0.01331	0.00926	0.01388	0.00694	0.00521	0.00521	0.00174	0.00694	0.00463	0.00231	0.00579
63	0.00637	0.00455	0.00607	0.00723	0.00756	0.00425	0.00484	0.00732	0.01010	0.01350	0.04885	0.79286	0.03484	0.01616	0.00663	0.00210	0.00301	0.01466	0.00486	0.00425
64	0.00647	0.00463	0.00615	0.00717	0.00758	0.00431	0.00484	0.00756	0.01053	0.01419	0.11775	0.72197	0.03618	0.01564	0.00659	0.00206	0.00295	0.01417	0.00494	0.00431
65	0.01035	0.01011	0.03196	0.35698	0.18555	0.01067	0.11498	0.02723	0.01116	0.01496	0.01325	0.16360	0.01253	0.00707	0.00559	0.00177	0.00629	0.00673	0.00294	0.00627
66	0.01079	0.02452	0.64769	0.01617	0.02342	0.01230	0.15913	0.01653	0.01124	0.01653	0.00957	0.01157	0.00684	0.00484	0.00517	0.00167	0.00790	0.00428	0.00228	0.00757
67	0.01498	0.00726	0.00934	0.00788	0.01059	0.00650	0.00629	0.01757	0.04734	0.38125	0.24623	0.03052	0.15281	0.00904	0.00571	0.00167	0.00356	0.02876	0.00587	0.00683
68	0.01411	0.79372	0.02687	0.00906	0.01346	0.04634	0.00895	0.01577	0.01072	0.01227	0.00727	0.00839	0.00668	0.00449	0.00339	0.00112	0.00570	0.00280	0.00224	0.00666
69	0.01553	0.08062	0.06525	0.01017	0.01367	0.01137	0.02402	0.23026	0.05178	0.19230	0.03984	0.08532	0.09906	0.00803	0.00574	0.00166	0.03148	0.02171	0.00482	0.00736
70	0.01106	0.00700	0.00829	0.00745	0.00961	0.00658	0.00583	0.09500	0.02874	0.14669	0.21059	0.09510	0.28713	0.01089	0.00597	0.00174	0.00340	0.04774	0.00536	0.00583
71	0.00842	0.00624	0.00855	0.00908	0.05024	0.00619	0.03481	0.01021	0.04997	0.04373	0.05547	0.38107	0.06420	0.20972	0.01155	0.00272	0.02822	0.01059	0.00427	0.00476
72	0.03680	0.07644	0.03539	0.04064	0.03483	0.08585	0.10040	0.14953	0.03521	0.03528	0.01122	0.01314	0.02726	0.00615	0.00717	0.00159	0.16084	0.00453	0.04079	0.09695
73	0.30514	0.08514	0.01294	0.05203	0.05879	0.12234	0.02854	0.04495	0.06519	0.01894	0.05253	0.05522	0.01107	0.00595	0.00435	0.00152	0.00525	0.00449	0.00339	0.06222
74	0.01283	0.01230	0.08555	0.01422	0.06903	0.01144	0.16320	0.18208	0.06524	0.04510	0.01534	0.15811	0.01410	0.04760	0.00738	0.00193	0.05543	0.00696	0.02527	0.00689

[dist]
# distance from previous block
# <min> <max>
15	44

[block]
# block no. 1 follows, 47 sequences, length 14
# corresponding to MSA columns:
# 186-199
name=unknown_B
#
# <colnr> <probs for GDERKNQSTAVLIFYWHMCP>
#	G	D	E	R	K	N	Q	S	T	A	V	L	I	F	Y	W	H	M	C	P
0	0.07676	0.01476	0.17465	0.05952	0.19668	0.01197	0.20366	0.01527	0.01107	0.01669	0.02610	0.01289	0.00832	0.00540	0.00638	0.02119	0.06590	0.00471	0.00263	0.06545
1	0.08261	0.07491	0.17853	0.04073	0.09846	0.03471	0.05504	0.18314	0.04819	0.02045	0.01183	0.01328	0.02834	0.00566	0.00523	0.00157	0.03550	0.00445	0.05501	0.02236
2	0.00865	0.06737	0.00956	0.00798	0.00880	0.02741	0.00595	0.00977	0.00850	0.01171	0.01403	0.04801	0.01452	0.29563	0.33935	0.00559	0.08174	0.00617	0.02483	0.00442
3	0.01600	0.03738	0.01437	0.03287	0.01488	0.01334	0.02686	0.42280	0.06201	0.06253	0.05495	0.06132	0.01312	0.03716	0.00691	0.00175	0.06393	0.00562	0.00466	0.04753
4	0.00847	0.09212	0.00905	0.00670	0.00846	0.00660	0.00529	0.01065	0.01386	0.04716	0.55764	0.03662	0.15762	0.01023	0.00581	0.00160	0.00289	0.00880	0.00525	0.00517
5	0.85377	0.01007	0.00765	0.00685	0.01007	0.01168	0.00564	0.01531	0.00886	0.02336	0.00725	0.00846	0.00564	0.00483	0.00322	0.00161	0.00403	0.00282	0.00322	0.00564
6	0.01932	0.01373	0.01492	0.01158	0.01556	0.01504	0.00951	0.66664	0.04670	0.08191	0.01391	0.04278	0.01029	0.00666	0.00527	0.00159	0.00549	0.00514	0.00528	0.00867
7	0.01269	0.01217	0.02077	0.08327	0.73478	0.01232	0.01588	0.01580	0.01176	0.01677	0.00976	0.01296	0.00816	0.00468	0.00516	0.00156	0.00624	0.00464	0.00256	0.00809
8	0.00971	0.00485	0.00485	0.00485	0.00607	0.00485	0.00364	0.01213	0.01092	0.01942	0.01699	0.01942	0.01335	0.00607	0.00364	0.00121	0.00243	0.00485	0.84589	0.00485
9	0.00983	0.00926	0.01562	0.80447	0.03587	0.01157	0.01446	0.01331	0.01041	0.01331	0.00926	0.01388	0.00694	0.00521	0.00521	0.00174	0.00694	0.00463	0.00231	0.00579
10	0.00757	0.00505	0.00568	0.00568	0.00568	0.00505	0.00316	0.00757	0.00757	0.01010	0.01641	0.03408	0.01893	0.81698	0.02651	0.00505	0.00505	0.00757	0.00316	0.00316
11	0.00963	0.00881	0.01464	0.72696	0.03306	0.01088	0.01348	0.01291	0.01041	0.01355	0.01068	0.06006	0.00878	0.00588	0.00523	0.00174	0.00654	0.00522	0.03590	0.00566
12	0.01157	0.01151	0.01448	0.01265	0.01315	0.07641	0.01037	0.03438	0.00906	0.01306	0.00838	0.01290	0.00800	0.01412	0.15590	0.00328	0.57804	0.00465	0.00249	0.00563
13	0.01496	0.01468	0.01311	0.01214	0.05227	0.20700	0.00898	0.10854	0.38861	0.01999	0.01693	0.01653	0.04212	0.00649	0.00508	0.00157	0.00564	0.00510	0.00436	0.05592

[dist]
# distance from previous block
# <min> <max>
0	1

[block]
# block no. 2 follows, 47 sequences, length 13
# corresponding to MSA columns:
# 201-213
name=unknown_C
#
# <colnr> <probs for GDERKNQSTAVLIFYWHMCP>
#	G	D	E	R	K	N	Q	S	T	A	V	L	I	F	Y	W	H	M	C	P
0	0.01494	0.67359	0.02498	0.00974	0.01387	0.16348	0.00912	0.01655	0.01135	0.01234	0.00739	0.00854	0.00669	0.00462	0.00359	0.00116	0.00627	0.00289	0.00231	0.00656
1	0.85377	0.01007	0.00765	0.00685	0.01007	0.01168	0.00564	0.01531	0.00886	0.02336	0.00725	0.00846	0.00564	0.00483	0.00322	0.00161	0.00403	0.00282	0.00322	0.00564
2	0.00991	0.00916	0.01512	0.72574	0.03331	0.01147	0.01379	0.01321	0.01031	0.01356	0.00950	0.01402	0.00724	0.00545	0.00574	0.00174	0.04772	0.00464	0.04264	0.00574
3	0.00909	0.00480	0.00729	0.05271	0.00846	0.00493	0.00510	0.00716	0.00699	0.00929	0.00906	0.01572	0.00892	0.01735	0.01948	0.79974	0.00466	0.00453	0.00226	0.00246
4	0.00744	0.00558	0.00837	0.00837	0.00930	0.00651	0.00651	0.00930	0.00837	0.01209	0.01395	0.02046	0.01302	0.03906	0.79635	0.00837	0.01395	0.00558	0.00279	0.00465
5	0.01832	0.13368	0.01632	0.01264	0.01558	0.64481	0.00980	0.02047	0.05725	0.01319	0.00868	0.00982	0.00723	0.00534	0.00454	0.00133	0.00857	0.00342	0.00277	0.00625
6	0.85377	0.01007	0.00765	0.00685	0.01007	0.01168	0.00564	0.01531	0.00886	0.02336	0.00725	0.00846	0.00564	0.00483	0.00322	0.00161	0.00403	0.00282	0.00322	0.00564
7	0.01032	0.01091	0.07866	0.17587	0.05009	0.01036	0.21430	0.01352	0.01099	0.01583	0.04302	0.10134	0.01287	0.00687	0.00654	0.00173	0.08459	0.00629	0.13987	0.00601
8	0.00672	0.00530	0.00606	0.00587	0.00738	0.00464	0.00440	0.00858	0.01321	0.01726	0.39416	0.04486	0.43899	0.01200	0.00615	0.00170	0.00255	0.01025	0.00526	0.00464
9	0.00685	0.00521	0.00630	0.00622	0.00751	0.00466	0.00459	0.00875	0.01323	0.01774	0.45274	0.13482	0.28813	0.01216	0.00621	0.00173	0.00258	0.01058	0.00533	0.00466
10	0.48133	0.05067	0.15382	0.01009	0.01443	0.01197	0.07601	0.01701	0.03677	0.09110	0.00963	0.01064	0.00708	0.00502	0.00406	0.00161	0.00523	0.00363	0.00331	0.00657
11	0.00736	0.00526	0.00658	0.00727	0.00783	0.00510	0.00493	0.05048	0.01055	0.01399	0.02671	0.58818	0.05943	0.14434	0.00976	0.00255	0.00354	0.03721	0.00458	0.00434
12	0.03710	0.24105	0.46207	0.01242	0.01841	0.07586	0.01459	0.01635	0.01111	0.01538	0.00896	0.01046	0.00691	0.00489	0.00438	0.00146	0.00690	0.00354	0.04106	0.00710

[dist]
# distance from previous block
# <min> <max>
2	4

[block]
# block no. 3 follows, 47 sequences, length 64
# corresponding to MSA columns:
# 218-281
name=unknown_D
#
# <colnr> <probs for GDERKNQSTAVLIFYWHMCP>
#	G	D	E	R	K	N	Q	S	T	A	V	L	I	F	Y	W	H	M	C	P
0	0.01564	0.10971	0.03122	0.01064	0.01394	0.10141	0.00878	0.34186	0.11150	0.02320	0.08302	0.03573	0.01438	0.05694	0.00640	0.00176	0.00555	0.01659	0.00442	0.00730
1	0.02275	0.00879	0.01195	0.00917	0.01315	0.00758	0.00756	0.02478	0.01481	0.75471	0.03672	0.01803	0.01356	0.00648	0.00523	0.00159	0.00438	0.00528	0.00636	0.02712
2	0.01157	0.01103	0.01876	0.36537	0.46139	0.01203	0.01533	0.01483	0.01123	0.01541	0.00956	0.01332	0.00768	0.00488	0.00518	0.00163	0.00651	0.00463	0.00246	0.00719
3	0.00662	0.00529	0.00592	0.00576	0.00732	0.00459	0.00432	0.00838	0.01297	0.01668	0.33232	0.04582	0.50118	0.01221	0.00615	0.00171	0.00257	0.01039	0.00518	0.00459
4	0.01858	0.01263	0.01374	0.01074	0.01447	0.01372	0.00881	0.56423	0.05477	0.10682	0.01426	0.01421	0.01014	0.00628	0.00502	0.00153	0.00511	0.00482	0.11180	0.00832
5	0.00757	0.00505	0.00568	0.00568	0.00568	0.00505	0.00316	0.00757	0.00757	0.01010	0.01641	0.03408	0.01893	0.81698	0.02651	0.00505	0.00505	0.00757	0.00316	0.00316
6	0.00701	0.00515	0.00699	0.05681	0.00966	0.00508	0.00571	0.02846	0.01047	0.01391	0.02701	0.71319	0.03187	0.01528	0.00654	0.00209	0.00341	0.04221	0.00469	0.00447
7	0.01381	0.01261	0.01249	0.02622	0.01428	0.09581	0.00877	0.03803	0.60449	0.03585	0.01853	0.01761	0.01401	0.00695	0.00596	0.00175	0.05471	0.00548	0.00480	0.00783
8	0.01080	0.00926	0.01080	0.00771	0.01234	0.00694	0.00617	0.01311	0.01080	0.01697	0.00926	0.01080	0.00771	0.00386	0.00386	0.00077	0.00386	0.00309	0.00309	0.84882
9	0.01295	0.01121	0.01200	0.01110	0.03165	0.01294	0.00842	0.02740	0.75716	0.02167	0.02093	0.01928	0.01572	0.00701	0.00530	0.00176	0.00417	0.00586	0.00524	0.00824
10	0.01934	0.01467	0.01513	0.01180	0.01578	0.05616	0.00967	0.66821	0.05563	0.04397	0.01288	0.01287	0.00921	0.00624	0.00515	0.00155	0.00576	0.00468	0.02270	0.00860
11	0.01045	0.02694	0.79000	0.01484	0.02254	0.01209	0.01924	0.01649	0.01099	0.01649	0.00935	0.01099	0.00660	0.00495	0.00495	0.00165	0.00770	0.00385	0.00220	0.00770
12	0.03447	0.02061	0.01586	0.01620	0.14697	0.51007	0.01096	0.15126	0.01586	0.01721	0.00912	0.01052	0.00733	0.00539	0.00484	0.00142	0.00810	0.00380	0.00312	0.00690
13	0.00845	0.00623	0.00904	0.01022	0.02787	0.00619	0.02571	0.01082	0.01187	0.01550	0.02686	0.10364	0.02927	0.01406	0.00709	0.00235	0.00481	0.67045	0.00470	0.00489
14	0.00924	0.00708	0.01047	0.00981	0.01142	0.00695	0.09287	0.06420	0.04551	0.04085	0.09724	0.40190	0.02877	0.01265	0.00643	0.00201	0.00421	0.13826	0.00476	0.00536
15	0.00767	0.00584	0.00733	0.00805	0.00949	0.00556	0.00678	0.00993	0.02731	0.01516	0.03656	0.05483	0.30194	0.01381	0.00678	0.00215	0.00400	0.46727	0.00482	0.00472
16	0.00971	0.00485	0.00485	0.00485	0.00607	0.00485	0.00364	0.01213	0.01092	0.01942	0.01699	0.01942	0.01335	0.00607	0.00364	0.00121	0.00243	0.00485	0.84589	0.00485
17	0.01252	0.01209	0.02091	0.11971	0.66758	0.01231	0.04697	0.01571	0.01171	0.01658	0.00976	0.01305	0.00809	0.00469	0.00520	0.00158	0.00638	0.00470	0.00255	0.00792
18	0.00757	0.00505	0.00568	0.00568	0.00568	0.00505	0.00316	0.00757	0.00757	0.01010	0.01641	0.03408	0.01893	0.81698	0.02651	0.00505	0.00505	0.00757	0.00316	0.00316
19	0.00772	0.00529	0.00608	0.00599	0.00599	0.00547	0.00347	0.00776	0.00759	0.01019	0.01604	0.03320	0.01847	0.78585	0.02614	0.00494	0.03597	0.00746	0.00312	0.00325
20	0.00677	0.00499	0.00686	0.00775	0.00830	0.00474	0.02135	0.00819	0.02667	0.01395	0.05444	0.70734	0.03373	0.01555	0.00662	0.00210	0.00325	0.05813	0.00483	0.00443
21	0.01217	0.01422	0.04869	0.04515	0.02736	0.01310	0.72505	0.01658	0.01220	0.01658	0.01047	0.01397	0.00784	0.00443	0.00609	0.00175	0.00870	0.00604	0.00261	0.00700
22	0.03119	0.01396	0.03021	0.02161	0.02683	0.01314	0.74852	0.01665	0.01221	0.01683	0.01046	0.01392	0.00785	0.00440	0.00608	0.00175	0.00867	0.00607	0.00265	0.00699
23	0.00999	0.00955	0.01656	0.75582	0.03533	0.01167	0.06116	0.01352	0.01053	0.01352	0.00934	0.01389	0.00700	0.00516	0.00526	0.00174	0.00706	0.00472	0.00233	0.00586
24	0.00971	0.00485	0.00485	0.00485	0.00607	0.00485	0.00364	0.01213	0.01092	0.01942	0.01699	0.01942	0.01335	0.00607	0.00364	0.00121	0.00243	0.00485	0.84589	0.00485
25	0.00983	0.00926	0.01562	0.80447	0.03587	0.01157	0.01446	0.01331	0.01041	0.01331	0.00926	0.01388	0.00694	0.00521	0.00521	0.00174	0.00694	0.00463	0.00231	0.00579
26	0.00756	0.00509	0.00588	0.00588	0.00595	0.00516	0.00340	0.00770	0.00763	0.01024	0.01623	0.03308	0.01850	0.75992	0.08297	0.00529	0.00570	0.00743	0.00313	0.00327
27	0.82063	0.01002	0.00783	0.00694	0.01020	0.01152	0.00572	0.01571	0.00910	0.05388	0.00778	0.00883	0.00593	0.00490	0.00330	0.00161	0.00404	0.00292	0.00335	0.00577
28	0.01780	0.01558	0.05455	0.01183	0.01564	0.13391	0.00985	0.38225	0.20696	0.07622	0.01434	0.01400	0.01042	0.00626	0.00514	0.00159	0.00591	0.00477	0.00477	0.00821
29	0.01902	0.02011	0.01561	0.01448	0.08152	0.45115	0.01051	0.28662	0.01798	0.02027	0.00979	0.01080	0.00761	0.00562	0.00492	0.00144	0.00781	0.00394	0.00358	0.00723
30	0.00971	0.00485	0.00485	0.00485	0.00607	0.00485	0.00364	0.01213	0.01092	0.01942	0.01699	0.01942	0.01335	0.00607	0.00364	0.00121	0.00243	0.00485	0.84589	0.00485
31	0.00983	0.00926	0.01562	0.80447	0.03587	0.01157	0.01446	0.01331	0.01041	0.01331	0.00926	0.01388	0.00694	0.00521	0.00521	0.00174	0.00694	0.00463	0.00231	0.00579
32	0.00895	0.00648	0.00797	0.00830	0.00938	0.00654	0.00604	0.14565	0.01277	0.01703	0.02567	0.60721	0.02943	0.01433	0.00643	0.00204	0.00366	0.07212	0.00490	0.00512
33	0.01949	0.01436	0.01541	0.01187	0.01595	0.01588	0.00978	0.74967	0.02415	0.03237	0.01288	0.03092	0.00944	0.00648	0.00524	0.00158	0.00567	0.00492	0.00520	0.00875
34	0.01139	0.01139	0.01595	0.01367	0.01367	0.01595	0.01139	0.01253	0.00798	0.01253	0.00684	0.01139	0.00684	0.00911	0.01709	0.00228	0.80745	0.00456	0.00228	0.00570
35	0.85377	0.01007	0.00765	0.00685	0.01007	0.01168	0.00564	0.01531	0.00886	0.02336	0.00725	0.00846	0.00564	0.00483	0.00322	0.00161	0.00403	0.00282	0.00322	0.00564
36	0.00754	0.00611	0.00663	0.00662	0.00782	0.03545	0.00476	0.00947	0.03874	0.01583	0.27150	0.16611	0.26127	0.11618	0.00879	0.00220	0.00330	0.02227	0.00483	0.00458
37	0.01208	0.46476	0.06742	0.00883	0.01233	0.04816	0.00834	0.03631	0.01173	0.01473	0.11488	0.10474	0.03076	0.00697	0.00437	0.00137	0.00499	0.00541	0.03566	0.00616
38	0.00798	0.00552	0.00676	0.00644	0.00797	0.00493	0.00488	0.00999	0.01360	0.06603	0.45915	0.07203	0.27224	0.01150	0.00614	0.00171	0.00272	0.03001	0.00544	0.00497
39	0.01197	0.01043	0.01343	0.00990	0.01410	0.00931	0.06879	0.09661	0.01217	0.01828	0.00949	0.01131	0.00777	0.00465	0.00543	0.00108	0.07943	0.00365	0.00321	0.60900
40	0.00717	0.00559	0.00656	0.00708	0.00813	0.00539	0.00501	0.00987	0.10183	0.01462	0.04947	0.45280	0.24173	0.03810	0.00694	0.00206	0.00312	0.02494	0.00486	0.00475
41	0.01884	0.01462	0.01516	0.01221	0.03051	0.06394	0.00977	0.65290	0.03732	0.03002	0.01286	0.03679	0.00971	0.00718	0.02210	0.00171	0.00603	0.00495	0.00494	0.00843
42	0.01983	0.01343	0.01482	0.01145	0.01546	0.01456	0.00943	0.63446	0.02257	0.13886	0.01395	0.02747	0.00996	0.00708	0.02032	0.00171	0.00566	0.00496	0.00533	0.00870
43	0.00634	0.00453	0.00604	0.00725	0.00755	0.00423	0.00483	0.00725	0.00997	0.01329	0.02870	0.81358	0.03444	0.01632	0.00665	0.00211	0.00302	0.01480	0.00483	0.00423
44	0.01247	0.01194	0.02037	0.13917	0.68060	0.01226	0.01577	0.01561	0.01166	0.01650	0.00972	0.01303	0.00807	0.00472	0.00516	0.00157	0.00629	0.00464	0.00254	0.00791
45	0.01359	0.05706	0.06831	0.07702	0.30128	0.15732	0.08950	0.03139	0.04402	0.01617	0.01032	0.01321	0.00846	0.00510	0.00501	0.00150	0.00683	0.01821	0.02043	0.05529
46	0.00741	0.00544	0.00779	0.00786	0.00859	0.00614	0.00585	0.00890	0.00832	0.01181	0.01513	0.06398	0.01513	0.16975	0.62481	0.00748	0.01187	0.00640	0.00296	0.00437
47	0.00942	0.02330	0.12549	0.02541	0.01198	0.02099	0.00783	0.01410	0.14422	0.04136	0.17710	0.04805	0.26807	0.00933	0.00560	0.00165	0.00400	0.00783	0.00452	0.04976
48	0.01213	0.05226	0.03080	0.02578	0.01428	0.00864	0.05647	0.04071	0.01162	0.06511	0.01005	0.01144	0.00799	0.00422	0.00416	0.00097	0.00452	0.00351	0.00326	0.63208
49	0.01218	0.01002	0.01099	0.00979	0.01272	0.01087	0.00771	0.02304	0.53867	0.04335	0.06042	0.02320	0.03440	0.00757	0.00534	0.00168	0.00403	0.06669	0.00503	0.11229
50	0.01041	0.01113	0.12413	0.14167	0.13043	0.00932	0.01075	0.06786	0.04664	0.03376	0.08249	0.04656	0.16606	0.00823	0.00555	0.00172	0.00506	0.05860	0.03330	0.00634
51	0.00905	0.00452	0.00678	0.00678	0.00678	0.00452	0.00452	0.00678	0.00678	0.00905	0.00905	0.01583	0.00905	0.01809	0.02035	0.84848	0.00452	0.00452	0.00226	0.00226
52	0.06029	0.16402	0.17177	0.05659	0.20013	0.04686	0.15088	0.01597	0.01129	0.01593	0.00927	0.01170	0.00742	0.00485	0.00510	0.00154	0.02738	0.00427	0.02766	0.00710
53	0.01245	0.01565	0.14420	0.01884	0.02421	0.01285	0.51798	0.07412	0.01281	0.01781	0.01032	0.01315	0.00773	0.00470	0.00600	0.00167	0.02856	0.00542	0.00279	0.06874
54	0.01766	0.01314	0.01409	0.01097	0.01481	0.01425	0.00899	0.63923	0.02228	0.02974	0.01730	0.03235	0.09760	0.00716	0.00530	0.00157	0.00526	0.00555	0.00509	0.03766
55	0.00729	0.00637	0.04758	0.00806	0.00919	0.00530	0.00629	0.00879	0.01036	0.01398	0.02614	0.53574	0.04778	0.04247	0.00731	0.00215	0.01483	0.13888	0.00449	0.05700
56	0.01012	0.00591	0.00772	0.00700	0.00871	0.00533	0.00534	0.01233	0.01428	0.15878	0.54888	0.08397	0.09027	0.01041	0.00601	0.00167	0.00286	0.00910	0.00575	0.00555
57	0.85377	0.01007	0.00765	0.00685	0.01007	0.01168	0.00564	0.01531	0.00886	0.02336	0.00725	0.00846	0.00564	0.00483	0.00322	0.00161	0.00403	0.00282	0.00322	0.00564
58	0.01938	0.01438	0.01539	0.01190	0.01599	0.01596	0.00980	0.72223	0.07006	0.03215	0.01303	0.01292	0.00928	0.00630	0.00521	0.00158	0.00563	0.00476	0.00521	0.00882
59	0.01835	0.01464	0.01492	0.01315	0.07625	0.11487	0.00984	0.46359	0.09259	0.07433	0.01323	0.01341	0.00964	0.00609	0.00508	0.00154	0.00587	0.00467	0.03970	0.00822
60	0.00643	0.00529	0.00566	0.00557	0.00720	0.00451	0.00418	0.00801	0.01253	0.01563	0.21938	0.04755	0.61479	0.01261	0.00615	0.00173	0.00260	0.01063	0.00504	0.00451
61	0.00825	0.00454	0.00655	0.00688	0.00697	0.00446	0.00457	0.00694	0.00770	0.01026	0.01473	0.23903	0.01641	0.03935	0.01669	0.58924	0.00412	0.00748	0.00300	0.00284
62	0.02296	0.00895	0.01207	0.00932	0.01330	0.00786	0.00768	0.02547	0.04420	0.75857	0.02057	0.01779	0.01301	0.00647	0.00524	0.00162	0.00442	0.00526	0.00640	0.00884
63	0.01077	0.00788	0.05711	0.05723	0.01170	0.00681	0.00702	0.02827	0.06441	0.14260	0.27038	0.17453	0.07686	0.00993	0.00575	0.00172	0.00367	0.00864	0.04881	0.00592

[dist]
# distance from previous block
# <min> <max>
0	3

[block]
# block no. 4 follows, 47 sequences, length 16
# corresponding to MSA columns:
# 285-300
name=unknown_E
#
# <colnr> <probs for GDERKNQSTAVLIFYWHMCP>
#	G	D	E	R	K	N	Q	S	T	A	V	L	I	F	Y	W	H	M	C	P
0	0.17694	0.10936	0.01485	0.04396	0.01488	0.10256	0.00893	0.27161	0.01578	0.11690	0.01094	0.01167	0.00812	0.00640	0.01954	0.00167	0.05057	0.00403	0.00401	0.00729
1	0.15701	0.01327	0.05607	0.06367	0.33074	0.07297	0.04363	0.01541	0.01071	0.01665	0.00875	0.01174	0.00735	0.00619	0.02150	0.00182	0.14876	0.00425	0.00262	0.00690
2	0.01533	0.04107	0.01218	0.00967	0.01266	0.05284	0.00776	0.19276	0.12984	0.17675	0.11891	0.01967	0.02807	0.02277	0.10906	0.00250	0.00594	0.00567	0.00488	0.03166
3	0.68718	0.10002	0.01048	0.03833	0.01173	0.05152	0.00656	0.01553	0.00940	0.02122	0.00737	0.00870	0.00586	0.00483	0.00339	0.00155	0.00458	0.00291	0.00305	0.00578
4	0.00675	0.00527	0.00615	0.00639	0.00761	0.00478	0.00461	0.00869	0.04048	0.01566	0.20957	0.28942	0.34903	0.01338	0.00628	0.00184	0.00277	0.01166	0.00506	0.00460
5	0.00905	0.00452	0.00678	0.00678	0.00678	0.00452	0.00452	0.00678	0.00678	0.00905	0.00905	0.01583	0.00905	0.01809	0.02035	0.84848	0.00452	0.00452	0.00226	0.00226
6	0.00998	0.00939	0.01563	0.65498	0.12800	0.01120	0.01396	0.01326	0.01069	0.01382	0.01218	0.01614	0.05800	0.00566	0.00526	0.00171	0.00656	0.00505	0.00251	0.00600
7	0.01169	0.10080	0.35340	0.11182	0.17216	0.03519	0.01526	0.01580	0.01145	0.03934	0.05788	0.01336	0.00984	0.00538	0.00522	0.00159	0.02552	0.00438	0.00266	0.00724
8	0.06273	0.00892	0.01188	0.00915	0.01314	0.00785	0.00756	0.02490	0.01462	0.75185	0.01991	0.01729	0.01255	0.00637	0.00514	0.00161	0.00441	0.00512	0.00629	0.00871
9	0.01025	0.02497	0.70980	0.01485	0.04995	0.01160	0.01812	0.01588	0.01108	0.01635	0.01221	0.01363	0.05758	0.00548	0.00503	0.00165	0.00731	0.00435	0.00239	0.00750
10	0.00649	0.00463	0.00613	0.00713	0.00752	0.00432	0.00479	0.00752	0.01039	0.01398	0.10544	0.71146	0.03549	0.03917	0.00718	0.00215	0.00302	0.01404	0.00488	0.00427
11	0.05226	0.02455	0.68032	0.01436	0.02148	0.01181	0.04683	0.01653	0.01115	0.03911	0.02879	0.01187	0.00784	0.00510	0.00495	0.00165	0.00733	0.00406	0.00248	0.00753
12	0.01813	0.01356	0.01599	0.01503	0.14475	0.01468	0.01061	0.58112	0.02137	0.05408	0.01307	0.05009	0.01008	0.00646	0.00527	0.00159	0.00564	0.00517	0.00479	0.00854
13	0.00877	0.00452	0.00671	0.00683	0.00686	0.00449	0.00455	0.00683	0.00711	0.00948	0.01106	0.09750	0.01165	0.01791	0.01895	0.76184	0.00437	0.00558	0.00252	0.00246
14	0.01346	0.70627	0.02473	0.00884	0.01290	0.04867	0.00855	0.01520	0.01117	0.01315	0.08656	0.01152	0.01103	0.00512	0.00368	0.00118	0.00540	0.00349	0.00260	0.00648
15	0.11809	0.53363	0.18178	0.01000	0.01492	0.03909	0.01066	0.01589	0.01057	0.01453	0.00770	0.00894	0.00654	0.00463	0.00370	0.00129	0.00592	0.00302	0.00236	0.00674

[dist]
# distance from previous block
# <min> <max>
0	1

[block]
# block no. 5 follows, 47 sequences, length 10
# corresponding to MSA columns:
# 302-311
name=unknown_F
#
# <colnr> <probs for GDERKNQSTAVLIFYWHMCP>
#	G	D	E	R	K	N	Q	S	T	A	V	L	I	F	Y	W	H	M	C	P
0	0.07763	0.05728	0.20736	0.01985	0.30321	0.04870	0.06534	0.01670	0.04327	0.04643	0.03341	0.03734	0.00996	0.00544	0.00499	0.00159	0.00633	0.00478	0.00295	0.00745
1	0.00838	0.02115	0.00932	0.04164	0.01082	0.00646	0.05432	0.03954	0.01090	0.04121	0.02508	0.58803	0.04983	0.01358	0.00671	0.00200	0.03393	0.01220	0.01997	0.00493
2	0.18237	0.01406	0.03427	0.10865	0.15827	0.14908	0.16135	0.04516	0.01219	0.03553	0.00991	0.01277	0.00785	0.00514	0.00488	0.00160	0.00677	0.01729	0.02616	0.00668
3	0.00791	0.00648	0.02279	0.07000	0.02971	0.00618	0.03037	0.02551	0.02705	0.01647	0.23866	0.37365	0.03324	0.01244	0.00630	0.00192	0.00374	0.07782	0.00474	0.00501
4	0.63270	0.00951	0.00848	0.00730	0.01055	0.01043	0.00599	0.01691	0.01045	0.17345	0.06286	0.01236	0.01004	0.00555	0.00382	0.00161	0.00400	0.00375	0.00403	0.00622
5	0.05337	0.01404	0.05274	0.06528	0.11218	0.06685	0.35406	0.01669	0.06007	0.01627	0.01012	0.01314	0.00799	0.00546	0.00728	0.00177	0.12789	0.00518	0.00274	0.00687
6	0.00720	0.00532	0.00673	0.00638	0.00768	0.00484	0.00478	0.00950	0.01435	0.01995	0.68158	0.04044	0.14989	0.01100	0.00614	0.00165	0.00248	0.00963	0.00561	0.00484
7	0.00722	0.00528	0.00677	0.00647	0.00770	0.00484	0.00483	0.00950	0.01427	0.01994	0.68325	0.07600	0.11220	0.01113	0.00617	0.00167	0.00250	0.00981	0.00561	0.00484
8	0.00750	0.00502	0.00570	0.00577	0.00579	0.00500	0.00325	0.00755	0.00771	0.01028	0.01712	0.07942	0.01984	0.77041	0.02535	0.00488	0.00493	0.00799	0.00325	0.00322
9	0.01161	0.01131	0.05001	0.35188	0.05806	0.01166	0.18312	0.11348	0.01278	0.01732	0.01184	0.06952	0.00977	0.00595	0.00541	0.00170	0.00664	0.00567	0.05578	0.00649

[dist]
# distance from previous block
# <min> <max>
0	1

[block]
# block no. 6 follows, 47 sequences, length 24
# corresponding to MSA columns:
# 313-336
name=unknown_G
#
# <colnr> <probs for GDERKNQSTAVLIFYWHMCP>
#	G	D	E	R	K	N	Q	S	T	A	V	L	I	F	Y	W	H	M	C	P
0	0.01433	0.76213	0.02638	0.00924	0.01357	0.07714	0.00899	0.01597	0.01089	0.01229	0.00730	0.00843	0.00668	0.00452	0.00344	0.00113	0.00585	0.00283	0.00226	0.00664
1	0.81300	0.01010	0.00817	0.02765	0.02856	0.01170	0.00610	0.01527	0.00897	0.02296	0.00736	0.00870	0.00573	0.00484	0.00332	0.00161	0.00415	0.00291	0.00318	0.00570
2	0.01842	0.01398	0.01547	0.01310	0.06581	0.01547	0.01007	0.61858	0.12483	0.03030	0.01350	0.01346	0.00977	0.00626	0.00522	0.00159	0.00554	0.00485	0.00505	0.00873
3	0.01744	0.01286	0.01463	0.06359	0.04034	0.01433	0.00981	0.51703	0.09108	0.06146	0.01365	0.02757	0.01012	0.00649	0.00561	0.00161	0.03520	0.00500	0.04399	0.00820
4	0.01843	0.00916	0.03923	0.00952	0.01298	0.00794	0.02397	0.05390	0.04649	0.50250	0.10941	0.05986	0.01887	0.00784	0.00555	0.00170	0.00441	0.05459	0.00584	0.00781
5	0.01281	0.06612	0.06955	0.09282	0.40897	0.08449	0.01362	0.04098	0.04142	0.01645	0.01258	0.01705	0.03388	0.00590	0.00518	0.00160	0.00630	0.06001	0.00294	0.00733
6	0.00657	0.00470	0.00624	0.00710	0.00760	0.00438	0.00485	0.00781	0.01100	0.01493	0.19103	0.64659	0.03761	0.01509	0.00654	0.00201	0.00290	0.01364	0.00503	0.00438
7	0.57641	0.08731	0.04392	0.00774	0.01134	0.03417	0.00676	0.02802	0.02266	0.02110	0.00820	0.00943	0.00649	0.00483	0.00349	0.00147	0.00444	0.00305	0.03116	0.08800
8	0.05355	0.01162	0.03697	0.01206	0.08780	0.01165	0.00903	0.28862	0.11174	0.14258	0.06210	0.01917	0.08915	0.00699	0.00523	0.00160	0.00480	0.00565	0.00490	0.03479
9	0.01232	0.39817	0.39079	0.01228	0.01827	0.03215	0.03969	0.01617	0.01092	0.01443	0.00837	0.00983	0.00668	0.00471	0.00423	0.00140	0.00677	0.00342	0.00224	0.00716
10	0.01877	0.09554	0.04177	0.03394	0.01540	0.10613	0.02231	0.28161	0.01713	0.24432	0.01377	0.01419	0.00987	0.03603	0.00573	0.00164	0.00583	0.00460	0.02357	0.00784
11	0.00665	0.00502	0.00622	0.00706	0.00797	0.00459	0.00520	0.00795	0.01091	0.01394	0.03589	0.44509	0.26353	0.01501	0.00659	0.00206	0.00322	0.14390	0.00483	0.00438
12	0.01792	0.01298	0.08144	0.01088	0.01484	0.03156	0.00949	0.30178	0.11629	0.24361	0.06815	0.01781	0.01401	0.00681	0.00531	0.00163	0.00517	0.02683	0.00527	0.00822
13	0.00680	0.00533	0.00764	0.00797	0.00887	0.00491	0.05434	0.00809	0.01060	0.01391	0.05145	0.60236	0.14374	0.01486	0.00655	0.00204	0.00338	0.03798	0.00471	0.00447
14	0.01893	0.01401	0.01514	0.01166	0.01572	0.01538	0.00961	0.70520	0.02327	0.03134	0.01241	0.01272	0.00896	0.00736	0.03454	0.00178	0.00595	0.00465	0.00502	0.04633
15	0.01088	0.02556	0.71706	0.01545	0.03871	0.01206	0.05751	0.01669	0.01117	0.03377	0.00967	0.01134	0.00684	0.00495	0.00502	0.00165	0.00765	0.00401	0.00232	0.00770
16	0.00802	0.00638	0.00919	0.00888	0.00956	0.00773	0.00688	0.00957	0.00828	0.01200	0.01350	0.04128	0.01322	0.10891	0.58419	0.00697	0.13215	0.00586	0.00280	0.00465
17	0.02336	0.00886	0.01209	0.00927	0.01329	0.00765	0.00765	0.02538	0.01491	0.78810	0.02055	0.01773	0.01289	0.00645	0.00524	0.00161	0.00443	0.00524	0.00645	0.00886
18	0.01200	0.20715	0.19649	0.01440	0.01917	0.01332	0.25677	0.01548	0.01141	0.05259	0.03212	0.09935	0.01149	0.00622	0.00553	0.00162	0.02940	0.00576	0.00293	0.00679
19	0.00940	0.05228	0.02087	0.00895	0.02954	0.00674	0.00723	0.01174	0.02457	0.07375	0.17886	0.13976	0.08878	0.01213	0.00636	0.00199	0.00402	0.31284	0.00488	0.00531
20	0.03693	0.04140	0.01501	0.01154	0.01538	0.05147	0.00943	0.53765	0.17838	0.02871	0.01380	0.01356	0.01007	0.00629	0.00510	0.00158	0.00552	0.00477	0.00497	0.00845
21	0.06361	0.61471	0.04268	0.00945	0.01368	0.08752	0.00903	0.05374	0.01170	0.02756	0.02139	0.00942	0.00758	0.00480	0.00367	0.00122	0.00580	0.00312	0.00261	0.00671
22	0.05301	0.18816	0.44150	0.01226	0.01828	0.01369	0.01426	0.08917	0.01240	0.06766	0.01132	0.01224	0.03368	0.00534	0.00462	0.00153	0.00650	0.00399	0.00291	0.00746
23	0.04089	0.24004	0.42109	0.01230	0.01821	0.01468	0.01420	0.11316	0.01244	0.01749	0.00931	0.01080	0.00716	0.00648	0.03921	0.00179	0.00701	0.00371	0.00266	0.00737

[dist]
# distance from previous block
# <min> <max>
15	27

[block]
# block no. 7 follows, 47 sequences, length 7
# corresponding to MSA columns:
# 376-382
name=unknown_H
#
# <colnr> <probs for GDERKNQSTAVLIFYWHMCP>
#	G	D	E	R	K	N	Q	S	T	A	V	L	I	F	Y	W	H	M	C	P
0	0.06063	0.06371	0.13846	0.00978	0.01326	0.04889	0.00898	0.21677	0.01502	0.04577	0.10294	0.06961	0.10958	0.06576	0.00674	0.00186	0.00512	0.00640	0.00418	0.00654
1	0.05088	0.01071	0.01288	0.11105	0.01590	0.03480	0.00894	0.12919	0.03067	0.03654	0.01110	0.07001	0.00975	0.00659	0.00718	0.00152	0.16740	0.00479	0.00340	0.27671
2	0.05103	0.01341	0.07743	0.07004	0.04068	0.03873	0.38246	0.01528	0.01146	0.01638	0.01057	0.04912	0.00874	0.00516	0.00577	0.00158	0.03499	0.00537	0.00278	0.15903
3	0.74690	0.01021	0.00818	0.00732	0.01051	0.01184	0.00597	0.01688	0.10625	0.02316	0.00902	0.00985	0.00694	0.00512	0.00349	0.00163	0.00404	0.00321	0.00349	0.00597
4	0.00644	0.00480	0.00600	0.00672	0.00747	0.00436	0.00465	0.00765	0.01103	0.01448	0.13529	0.54185	0.20053	0.01487	0.00647	0.00197	0.00286	0.01324	0.00496	0.00436
5	0.85377	0.01007	0.00765	0.00685	0.01007	0.01168	0.00564	0.01531	0.00886	0.02336	0.00725	0.00846	0.00564	0.00483	0.00322	0.00161	0.00403	0.00282	0.00322	0.00564
6	0.00931	0.00670	0.00766	0.03611	0.00879	0.00701	0.00491	0.10537	0.05154	0.01422	0.01863	0.11257	0.04876	0.52465	0.01899	0.00387	0.00485	0.00790	0.00374	0.00441

[dist]
# distance from previous block
# <min> <max>
3	9

[block]
# block no. 8 follows, 47 sequences, length 65
# corresponding to MSA columns:
# 392-456
name=unknown_I
#
# <colnr> <probs for GDERKNQSTAVLIFYWHMCP>
#	G	D	E	R	K	N	Q	S	T	A	V	L	I	F	Y	W	H	M	C	P
0	0.79401	0.00975	0.00770	0.00696	0.01002	0.01132	0.00570	0.01488	0.00883	0.02257	0.00772	0.00931	0.00616	0.00725	0.05922	0.00209	0.00473	0.00301	0.00319	0.00557
1	0.00717	0.00592	0.00788	0.00707	0.00882	0.00526	0.05820	0.00926	0.01328	0.01753	0.40044	0.04217	0.37499	0.01134	0.00615	0.00170	0.00298	0.00989	0.00511	0.00483
2	0.01222	0.01391	0.03031	0.04360	0.02746	0.01313	0.74480	0.01659	0.01224	0.01659	0.01050	0.01404	0.00788	0.00441	0.00612	0.00176	0.00873	0.00610	0.00263	0.00699
3	0.01371	0.01233	0.01215	0.01086	0.01384	0.07062	0.00844	0.05758	0.68836	0.02157	0.01987	0.01841	0.01493	0.00691	0.00525	0.00173	0.00457	0.00565	0.00510	0.00811
4	0.01125	0.21104	0.61297	0.01347	0.02041	0.01407	0.01684	0.01628	0.01090	0.01551	0.00886	0.01038	0.00662	0.00483	0.00457	0.00152	0.00720	0.00360	0.00221	0.00746
5	0.01295	0.01119	0.01178	0.01060	0.01354	0.01295	0.00824	0.02767	0.77509	0.02178	0.02120	0.01943	0.01590	0.00707	0.00530	0.00177	0.00412	0.00589	0.00530	0.00824
6	0.01736	0.00856	0.01086	0.00896	0.01209	0.00819	0.00720	0.03653	0.16196	0.43604	0.19494	0.02352	0.02199	0.00766	0.00549	0.00166	0.00395	0.01926	0.00601	0.00777
7	0.00711	0.00570	0.00666	0.00707	0.02541	0.00529	0.00498	0.00960	0.07135	0.01575	0.17423	0.25572	0.36624	0.01292	0.00620	0.00183	0.00291	0.01122	0.00498	0.00483
