[name]
unknown

[dist]
# distance from previous block
# <min> <max>
2	6

[block]
# block no. 0 follows, 43 sequences, length 33
# corresponding to MSA columns:
# 52-83,111
name=unknown_A
#
# <colnr> <probs for GDERKNQSTAVLIFYWHMCP>
#	G	D	E	R	K	N	Q	S	T	A	V	L	I	F	Y	W	H	M	C	P
0	0.16077	0.01520	0.03364	0.01184	0.03794	0.15291	0.00936	0.25805	0.07383	0.10531	0.03645	0.01603	0.05159	0.00675	0.00516	0.00167	0.00601	0.00502	0.00466	0.00781
1	0.01399	0.01334	0.02167	0.08293	0.67017	0.02987	0.01645	0.05180	0.01321	0.01853	0.01048	0.01368	0.00868	0.00507	0.00548	0.00165	0.00668	0.00491	0.00286	0.00858
2	0.08024	0.01143	0.01371	0.01209	0.06445	0.01172	0.00911	0.21103	0.12612	0.32805	0.01845	0.06029	0.01346	0.00723	0.00549	0.00175	0.00503	0.00586	0.00572	0.00876
3	0.01477	0.01249	0.01209	0.01080	0.01366	0.11039	0.00841	0.10795	0.34870	0.07480	0.07320	0.07467	0.06701	0.00877	0.00583	0.00183	0.00506	0.03661	0.00530	0.00766
4	0.01338	0.00728	0.00939	0.00834	0.01055	0.00679	0.00641	0.05355	0.03709	0.23842	0.34128	0.17361	0.04926	0.01085	0.00628	0.00183	0.00357	0.00946	0.00608	0.00661
5	0.00894	0.00647	0.00794	0.00830	0.00930	0.00643	0.00585	0.11732	0.01308	0.01748	0.06317	0.60404	0.05153	0.04277	0.00754	0.00224	0.00367	0.01352	0.00518	0.00522
6	0.01667	0.01268	0.01393	0.01205	0.03448	0.01404	0.00935	0.23332	0.44618	0.08793	0.01911	0.01793	0.01401	0.00703	0.00555	0.00176	0.00494	0.00571	0.00555	0.03779
7	0.00818	0.00544	0.00679	0.00704	0.00766	0.00523	0.00467	0.00914	0.01056	0.04472	0.12594	0.29232	0.06982	0.31052	0.06375	0.00372	0.00471	0.01086	0.00454	0.00441
8	0.05413	0.00950	0.01239	0.00974	0.01375	0.00863	0.00797	0.02600	0.07682	0.64885	0.05676	0.01969	0.01551	0.00706	0.00554	0.00173	0.00457	0.00574	0.00659	0.00904
9	0.01170	0.11902	0.59950	0.01520	0.02222	0.01431	0.04434	0.01709	0.01143	0.01667	0.00950	0.01151	0.00710	0.00554	0.00617	0.00175	0.07263	0.00411	0.00237	0.00786
10	0.01295	0.01239	0.02112	0.21028	0.60043	0.01296	0.01662	0.01634	0.01225	0.01718	0.01028	0.01395	0.00845	0.00507	0.00550	0.00169	0.00677	0.00493	0.00268	0.00816
11	0.01047	0.00547	0.00550	0.00539	0.00679	0.00548	0.00407	0.03345	0.01206	0.02082	0.01945	0.02174	0.04409	0.00676	0.00402	0.00132	0.00269	0.00542	0.77973	0.00526
12	0.01277	0.01220	0.02079	0.25219	0.55992	0.01291	0.01653	0.01618	0.01217	0.01696	0.01025	0.01401	0.00837	0.00511	0.00550	0.00170	0.00681	0.00493	0.00266	0.00802
13	0.01950	0.02305	0.01521	0.01363	0.01665	0.59184	0.01035	0.07689	0.14737	0.01681	0.01136	0.01211	0.00902	0.00609	0.00515	0.00152	0.00872	0.00414	0.00354	0.00705
14	0.00670	0.00562	0.00582	0.00577	0.00757	0.00474	0.00433	0.00824	0.01298	0.01581	0.13930	0.05191	0.68484	0.01371	0.00654	0.00186	0.00278	0.01149	0.00525	0.00474
15	0.00677	0.00495	0.00636	0.00741	0.00797	0.00455	0.00502	0.00785	0.01106	0.01456	0.06316	0.67547	0.13114	0.01668	0.00698	0.00218	0.00314	0.01500	0.00518	0.00455
16	0.08858	0.03166	0.01183	0.00924	0.01273	0.00923	0.00752	0.04845	0.09826	0.42638	0.15081	0.02175	0.01986	0.00749	0.00546	0.00171	0.00429	0.00611	0.03052	0.00814
17	0.02249	0.01321	0.01520	0.01165	0.01603	0.01376	0.00962	0.47814	0.02219	0.31455	0.01653	0.01540	0.01104	0.00673	0.00555	0.00168	0.00557	0.00521	0.00604	0.00942
18	0.08841	0.02426	0.01515	0.01358	0.01660	0.66022	0.01030	0.07843	0.01598	0.01614	0.00886	0.01016	0.00722	0.00573	0.00491	0.00147	0.00922	0.00363	0.00311	0.00662
19	0.00967	0.00483	0.00708	0.00708	0.00716	0.00483	0.00475	0.00760	0.00751	0.01036	0.01019	0.01709	0.00993	0.01838	0.02045	0.78262	0.00466	0.00483	0.05839	0.00259
20	0.01243	0.01685	0.17080	0.05343	0.06870	0.01364	0.48050	0.01704	0.01242	0.01725	0.01161	0.01492	0.02466	0.00534	0.00689	0.00187	0.05552	0.00593	0.00272	0.00748
21	0.53507	0.01023	0.00992	0.00825	0.01200	0.01081	0.00681	0.02032	0.01185	0.30790	0.01305	0.01272	0.00891	0.00579	0.00424	0.00171	0.00445	0.00397	0.00472	0.00729
22	0.01247	0.01193	0.01530	0.05436	0.01587	0.08357	0.06581	0.07908	0.04287	0.01627	0.04199	0.01645	0.01149	0.01675	0.21319	0.00383	0.28386	0.00543	0.00319	0.00629
23	0.00675	0.00482	0.00643	0.00771	0.00803	0.00450	0.00514	0.00771	0.01060	0.01414	0.03053	0.80175	0.03663	0.01735	0.00707	0.00225	0.00321	0.01574	0.00514	0.00450
24	0.02001	0.02487	0.01548	0.01400	0.01678	0.70735	0.01057	0.04906	0.01567	0.01433	0.00897	0.01063	0.00750	0.00728	0.03703	0.00176	0.02555	0.00374	0.00295	0.00647
25	0.01378	0.01190	0.01252	0.01127	0.01440	0.01378	0.00877	0.02943	0.76081	0.02317	0.02254	0.02066	0.01691	0.00751	0.00564	0.00188	0.00438	0.00626	0.00564	0.00877
26	0.00683	0.00562	0.00600	0.00590	0.00765	0.00479	0.00443	0.00849	0.01329	0.01653	0.21031	0.05072	0.61339	0.01344	0.00654	0.00184	0.00276	0.01133	0.00535	0.00479
27	0.01334	0.01277	0.02194	0.06120	0.68330	0.01283	0.04008	0.01665	0.01257	0.01786	0.01132	0.01610	0.00980	0.00544	0.00562	0.00170	0.00663	0.03954	0.00284	0.00846
28	0.02142	0.00939	0.01232	0.00952	0.01363	0.00817	0.00778	0.03862	0.03766	0.58267	0.07744	0.01958	0.01597	0.00686	0.00546	0.00161	0.00449	0.00563	0.00628	0.11553
29	0.01433	0.70863	0.12493	0.01029	0.01547	0.02075	0.01089	0.01671	0.01131	0.01361	0.00799	0.00924	0.00710	0.00481	0.00377	0.00126	0.00621	0.00311	0.00237	0.00725
30	0.04831	0.11177	0.01431	0.00953	0.01358	0.00993	0.00802	0.03737	0.01497	0.57703	0.03394	0.04570	0.03621	0.00718	0.00534	0.00167	0.00473	0.00575	0.00602	0.00863
31	0.01392	0.04232	0.06290	0.02845	0.54144	0.05429	0.08061	0.01830	0.06998	0.01801	0.01120	0.01388	0.00912	0.00516	0.00548	0.00166	0.00690	0.00499	0.00294	0.00844
32	0.71943	0.02970	0.00925	0.00767	0.01123	0.01210	0.00636	0.01766	0.01029	0.12075	0.00952	0.01026	0.00701	0.00535	0.00371	0.00170	0.00438	0.00333	0.00384	0.00646

[dist]
# distance from previous block
# <min> <max>
0	2

[block]
# block no. 1 follows, 43 sequences, length 73
# corresponding to MSA columns:
# 114-186
name=unknown_B
#
# <colnr> <probs for GDERKNQSTAVLIFYWHMCP>
#	G	D	E	R	K	N	Q	S	T	A	V	L	I	F	Y	W	H	M	C	P
0	0.27500	0.11808	0.28937	0.01209	0.01764	0.01443	0.04277	0.12131	0.01309	0.03571	0.00971	0.01099	0.00723	0.00536	0.00457	0.00166	0.00636	0.00386	0.00324	0.00753
1	0.01305	0.24540	0.33667	0.01229	0.01782	0.10577	0.01354	0.04455	0.01279	0.01625	0.03194	0.01638	0.09876	0.00640	0.00494	0.00156	0.00691	0.00478	0.00295	0.00723
2	0.00658	0.00559	0.00567	0.00569	0.00751	0.00468	0.00425	0.00800	0.01264	0.01510	0.07152	0.07167	0.73418	0.01405	0.00656	0.00188	0.00281	0.01175	0.00516	0.00468
3	0.00938	0.00800	0.01153	0.01072	0.01138	0.01027	0.00861	0.01111	0.00882	0.01319	0.01236	0.01849	0.01164	0.03005	0.50865	0.00655	0.27738	0.00555	0.02101	0.00532
4	0.01546	0.01272	0.01362	0.03130	0.01567	0.01456	0.00936	0.20455	0.56354	0.02579	0.01998	0.01873	0.01485	0.00725	0.00561	0.00183	0.00487	0.00592	0.00553	0.00886
5	0.02105	0.01551	0.01662	0.01274	0.01717	0.01717	0.01053	0.75235	0.02604	0.03490	0.01330	0.01330	0.00942	0.00665	0.00554	0.00166	0.00609	0.00499	0.00554	0.00942
6	0.01302	0.01246	0.02124	0.19408	0.61609	0.01298	0.01666	0.01640	0.01229	0.01726	0.01030	0.01393	0.00848	0.00506	0.00549	0.00169	0.00675	0.00493	0.00268	0.00822
7	0.00768	0.00566	0.00719	0.00680	0.00818	0.00516	0.00510	0.01015	0.01531	0.02133	0.68204	0.04281	0.13865	0.01165	0.00653	0.00176	0.00264	0.01022	0.00598	0.00516
8	0.01344	0.01306	0.01955	0.08776	0.40781	0.04284	0.01461	0.04348	0.01186	0.01684	0.00947	0.01310	0.00816	0.00645	0.00915	0.00186	0.23815	0.00480	0.00275	0.03487
9	0.00791	0.00593	0.00890	0.00890	0.00989	0.00692	0.00692	0.00989	0.00890	0.01286	0.01483	0.02176	0.01385	0.04154	0.78341	0.00890	0.01483	0.00593	0.00297	0.00494
10	0.00823	0.00586	0.00735	0.00779	0.00902	0.00551	0.00608	0.01000	0.01239	0.03395	0.14611	0.12905	0.20972	0.11986	0.00985	0.00259	0.00401	0.26275	0.00507	0.00482
11	0.00754	0.00545	0.00661	0.00690	0.00792	0.00506	0.00497	0.00912	0.01228	0.01650	0.23162	0.21871	0.19994	0.12935	0.00980	0.00247	0.00341	0.07505	0.04265	0.00465
12	0.01201	0.03875	0.04670	0.28943	0.31038	0.01280	0.10206	0.01549	0.01189	0.01619	0.01148	0.04695	0.00988	0.00602	0.00598	0.00180	0.02570	0.02640	0.00278	0.00730
13	0.04549	0.01157	0.01947	0.38561	0.37784	0.01276	0.03689	0.01566	0.01178	0.01652	0.01006	0.01405	0.00800	0.00522	0.00546	0.00175	0.00694	0.00490	0.00264	0.00740
14	0.84448	0.01071	0.00814	0.00728	0.01071	0.01242	0.00600	0.01628	0.00943	0.02485	0.00771	0.00900	0.00600	0.00514	0.00343	0.00171	0.00428	0.00300	0.00343	0.00600
15	0.01336	0.01268	0.01996	0.14010	0.45390	0.03186	0.05068	0.04223	0.09082	0.01831	0.01254	0.01687	0.01047	0.00594	0.00589	0.00176	0.02111	0.04026	0.00321	0.00806
16	0.01164	0.00998	0.01155	0.00841	0.01321	0.00782	0.00671	0.01500	0.06229	0.01839	0.01070	0.01211	0.00879	0.00433	0.00421	0.00089	0.00412	0.00348	0.00344	0.78291
17	0.00789	0.00589	0.00878	0.00881	0.00976	0.00683	0.00680	0.00979	0.00892	0.01284	0.01528	0.04118	0.01455	0.05827	0.74728	0.00866	0.01434	0.00622	0.00303	0.00490
18	0.00667	0.00523	0.00604	0.00665	0.00776	0.00460	0.00468	0.00789	0.01172	0.01472	0.05922	0.41272	0.40132	0.01557	0.00680	0.00205	0.00300	0.01360	0.00516	0.00460
19	0.00905	0.00496	0.00692	0.00692	0.00726	0.00478	0.00470	0.00735	0.00822	0.01061	0.01826	0.02361	0.15063	0.01827	0.01884	0.68335	0.00444	0.00609	0.00291	0.00283
20	0.00760	0.00561	0.00710	0.00682	0.00815	0.00511	0.00508	0.00995	0.01497	0.02075	0.62794	0.08563	0.15065	0.01203	0.00656	0.00179	0.00267	0.01057	0.00591	0.00511
21	0.03159	0.01011	0.01252	0.02653	0.03955	0.00801	0.02852	0.01450	0.01160	0.03449	0.01011	0.01183	0.00828	0.00426	0.00426	0.00094	0.00442	0.00351	0.00331	0.73165
22	0.03258	0.04149	0.69893	0.01582	0.04749	0.01283	0.01939	0.01729	0.01176	0.01778	0.02910	0.01239	0.00820	0.00539	0.00522	0.00174	0.00785	0.00422	0.00248	0.00805
23	0.10664	0.08925	0.03236	0.01833	0.22206	0.29764	0.01200	0.10615	0.01476	0.01857	0.00946	0.01128	0.00773	0.00555	0.00522	0.00155	0.02680	0.00404	0.00314	0.00746
24	0.01377	0.58394	0.22452	0.01126	0.01678	0.01942	0.01242	0.01675	0.01130	0.01422	0.00828	0.00970	0.00709	0.00500	0.00438	0.00137	0.02679	0.00331	0.00236	0.00736
25	0.00913	0.00697	0.00906	0.06181	0.01222	0.00676	0.00741	0.05345	0.01256	0.01678	0.04546	0.27610	0.08826	0.03048	0.00711	0.00214	0.00437	0.24083	0.00473	0.10438
26	0.01212	0.01212	0.01696	0.01454	0.01454	0.01696	0.01212	0.01333	0.00848	0.01333	0.00727	0.01212	0.00727	0.00969	0.01818	0.00242	0.79523	0.00485	0.00242	0.00606
27	0.02045	0.02590	0.01559	0.01416	0.01703	0.75663	0.01063	0.02237	0.04136	0.01389	0.00904	0.01036	0.00747	0.00577	0.00502	0.00144	0.00979	0.00366	0.00295	0.00650
28	0.00771	0.00573	0.00723	0.00706	0.00847	0.00525	0.00543	0.01010	0.01480	0.02026	0.55648	0.04585	0.18316	0.01225	0.00665	0.00185	0.00292	0.08788	0.00581	0.00511
29	0.02069	0.02640	0.01569	0.01427	0.01712	0.78313	0.01070	0.02212	0.01569	0.01355	0.00856	0.00999	0.00713	0.00571	0.00499	0.00143	0.00999	0.00357	0.00285	0.00642
30	0.01042	0.00884	0.00932	0.00867	0.01106	0.00944	0.00661	0.01920	0.39943	0.01945	0.07864	0.05002	0.29501	0.04038	0.00690	0.00201	0.00371	0.00873	0.00539	0.00677
31	0.00731	0.00573	0.00665	0.00695	0.00845	0.00514	0.00541	0.00907	0.01281	0.01615	0.14798	0.09822	0.43654	0.04053	0.00754	0.00214	0.00339	0.16998	0.00521	0.00479
32	0.00695	0.00556	0.00601	0.00609	0.00756	0.00486	0.00443	0.00832	0.01226	0.01520	0.12221	0.10046	0.53267	0.10814	0.00919	0.00232	0.00319	0.03497	0.00503	0.00458
33	0.01481	0.80869	0.02902	0.00948	0.01421	0.02191	0.00948	0.01658	0.01125	0.01303	0.00770	0.00888	0.00711	0.00474	0.00355	0.00118	0.00592	0.00296	0.00237	0.00711
34	0.01111	0.02865	0.77667	0.01579	0.02397	0.01286	0.02046	0.01754	0.01169	0.01754	0.00994	0.01169	0.00702	0.00526	0.00526	0.00175	0.00818	0.00409	0.00234	0.00818
35	0.01046	0.00984	0.01661	0.79205	0.03814	0.01230	0.01538	0.01415	0.01107	0.01415	0.00984	0.01477	0.00738	0.00554	0.00554	0.00185	0.00738	0.00492	0.00246	0.00615
36	0.65203	0.01117	0.00971	0.00825	0.01189	0.01255	0.00680	0.10931	0.01220	0.10815	0.00996	0.01061	0.00727	0.00552	0.00393	0.00171	0.00456	0.00353	0.00407	0.00680
37	0.02105	0.01551	0.01662	0.01274	0.01717	0.01717	0.01053	0.75235	0.02604	0.03490	0.01330	0.01330	0.00942	0.00665	0.00554	0.00166	0.00609	0.00499	0.00554	0.00942
38	0.00743	0.00510	0.00623	0.00684	0.00700	0.00495	0.00422	0.00789	0.00928	0.01237	0.02374	0.40470	0.02807	0.42608	0.01802	0.00387	0.00433	0.01176	0.00422	0.00391
39	0.02279	0.01234	0.01461	0.01124	0.01557	0.01252	0.00927	0.36701	0.03943	0.40898	0.01786	0.01629	0.01178	0.00677	0.00556	0.00169	0.00535	0.00531	0.00621	0.00941
40	0.00765	0.00565	0.00715	0.00677	0.00816	0.00515	0.00508	0.01009	0.01524	0.02117	0.66568	0.04308	0.15512	0.01171	0.00653	0.00176	0.00264	0.01026	0.00596	0.00515
41	0.01909	0.01043	0.01224	0.00985	0.01351	0.01044	0.00797	0.17744	0.14156	0.33575	0.02031	0.01908	0.03790	0.00700	0.00532	0.00164	0.00457	0.00562	0.12047	0.03983
42	0.04661	0.01482	0.01567	0.03228	0.01664	0.06422	0.01035	0.49046	0.06434	0.05395	0.01295	0.01364	0.00955	0.00693	0.00690	0.00175	0.09994	0.00491	0.02559	0.00849
43	0.01119	0.00956	0.01108	0.00813	0.01272	0.00738	0.00647	0.01403	0.03620	0.01820	0.03806	0.01490	0.04832	0.00496	0.00436	0.00094	0.00400	0.00403	0.00355	0.74193
44	0.00780	0.00572	0.00694	0.00695	0.00793	0.00567	0.00492	0.00945	0.02780	0.01470	0.13487	0.07948	0.19534	0.24721	0.17566	0.00435	0.00614	0.02471	0.02982	0.00454
45	0.01141	0.00984	0.01184	0.06288	0.01487	0.00773	0.00718	0.01396	0.01146	0.01778	0.00984	0.01171	0.00815	0.00420	0.00420	0.00089	0.00433	0.00340	0.00322	0.78111
46	0.73983	0.01066	0.00885	0.03165	0.01183	0.01224	0.00650	0.04118	0.01024	0.05459	0.00857	0.00989	0.00654	0.00559	0.00405	0.02029	0.00447	0.00327	0.00358	0.00618
47	0.01193	0.01016	0.01287	0.18015	0.01877	0.00922	0.00879	0.07899	0.01265	0.01854	0.01093	0.04213	0.00920	0.00514	0.00465	0.00117	0.00496	0.00426	0.00337	0.55213
48	0.00682	0.00488	0.00649	0.00766	0.00805	0.00455	0.00515	0.00790	0.01096	0.01470	0.08196	0.74871	0.03772	0.01693	0.00703	0.00221	0.00317	0.01534	0.00521	0.00455
49	0.09422	0.00936	0.01149	0.00967	0.01309	0.00904	0.00793	0.05669	0.09620	0.39136	0.06930	0.03990	0.01842	0.00833	0.00571	0.00183	0.00457	0.10801	0.00589	0.03901
50	0.11574	0.01544	0.01508	0.02567	0.07692	0.17001	0.02308	0.24940	0.06824	0.12706	0.02693	0.01393	0.01030	0.00618	0.00518	0.00162	0.00636	0.00469	0.00455	0.03362
51	0.00690	0.00493	0.00636	0.00742	0.00789	0.00459	0.00498	0.00796	0.01086	0.01452	0.05931	0.67478	0.08702	0.04603	0.00773	0.00230	0.00323	0.01472	0.02395	0.00451
52	0.00690	0.00490	0.00644	0.00761	0.00792	0.00461	0.00505	0.00781	0.01042	0.01388	0.02934	0.72017	0.03508	0.08735	0.00896	0.00253	0.00344	0.02821	0.00498	0.00441
53	0.02547	0.01213	0.01939	0.30262	0.41817	0.02988	0.01558	0.01638	0.04008	0.01667	0.01045	0.01412	0.00844	0.00548	0.00603	0.00176	0.04208	0.00492	0.00275	0.00762
54	0.02061	0.01543	0.01629	0.01262	0.01689	0.03378	0.01037	0.71329	0.02534	0.03379	0.01372	0.03742	0.01020	0.00696	0.00558	0.00167	0.00609	0.00528	0.00547	0.00920
55	0.00715	0.00559	0.00673	0.02370	0.00896	0.00509	0.00551	0.00875	0.01227	0.01553	0.10044	0.26973	0.37153	0.01479	0.00684	0.00207	0.00335	0.12207	0.00516	0.00476
56	0.19742	0.01452	0.04664	0.08537	0.36627	0.09857	0.03083	0.04661	0.01254	0.01929	0.00961	0.01224	0.00778	0.00530	0.00530	0.00168	0.02509	0.00436	0.00297	0.00760
57	0.01371	0.01316	0.02248	0.03399	0.77081	0.01316	0.01700	0.01700	0.01261	0.01809	0.01042	0.01371	0.00877	0.00493	0.00548	0.00164	0.00658	0.00493	0.00274	0.00877
58	0.00820	0.00564	0.00726	0.00799	0.00876	0.00538	0.00555	0.02801	0.02827	0.04056	0.04384	0.61692	0.03307	0.07015	0.00835	0.00239	0.00361	0.04775	0.00507	0.02323
59	0.01148	0.00984	0.01148	0.00820	0.01312	0.00738	0.00656	0.01395	0.01148	0.01805	0.00984	0.01148	0.00820	0.00410	0.00410	0.00082	0.00410	0.00328	0.00328	0.83922
60	0.01895	0.06473	0.04895	0.01021	0.01461	0.06708	0.00871	0.05737	0.05981	0.36252	0.03456	0.01593	0.01216	0.00607	0.00507	0.00147	0.00520	0.00479	0.00509	0.19672
61	0.01046	0.00984	0.01661	0.79205	0.03814	0.01230	0.01538	0.01415	0.01107	0.01415	0.00984	0.01477	0.00738	0.00554	0.00554	0.00185	0.00738	0.00492	0.00246	0.00615
62	0.00753	0.00565	0.00698	0.00665	0.00809	0.00510	0.00498	0.00986	0.01495	0.02049	0.59919	0.04420	0.22203	0.01196	0.00654	0.00177	0.00266	0.01041	0.00587	0.00510
63	0.02470	0.00967	0.01300	0.00997	0.01426	0.00850	0.00824	0.05608	0.01626	0.74499	0.02151	0.01863	0.01354	0.00685	0.00557	0.00171	0.00477	0.00555	0.00680	0.00943
64	0.00726	0.00518	0.00683	0.00796	0.00848	0.00493	0.00566	0.00845	0.01084	0.01431	0.02991	0.57274	0.05673	0.08757	0.00906	0.00257	0.00374	0.14830	0.00497	0.00451
65	0.04223	0.01076	0.01179	0.01047	0.01347	0.01185	0.00830	0.10655	0.42817	0.08959	0.06961	0.04481	0.05475	0.00867	0.00584	0.00189	0.00444	0.06319	0.00561	0.00800
66	0.84448	0.01071	0.00814	0.00728	0.01071	0.01242	0.00600	0.01628	0.00943	0.02485	0.00771	0.00900	0.00600	0.00514	0.00343	0.00171	0.00428	0.00300	0.00343	0.00600
67	0.01413	0.58392	0.21386	0.01123	0.01675	0.05019	0.01225	0.01704	0.01154	0.01417	0.00829	0.00962	0.00709	0.00491	0.00403	0.00134	0.00665	0.00327	0.00238	0.00735
68	0.00779	0.00588	0.00723	0.00695	0.00841	0.00545	0.00523	0.01060	0.04466	0.02029	0.54403	0.07216	0.20084	0.01205	0.00654	0.00181	0.00280	0.02623	0.00582	0.00522
69	0.00819	0.00707	0.05020	0.04735	0.01073	0.00600	0.00660	0.01046	0.02858	0.03379	0.19568	0.30758	0.14490	0.04374	0.02707	0.00228	0.00399	0.03490	0.02569	0.00519
70	0.01098	0.00946	0.01195	0.15026	0.01715	0.00828	0.00805	0.01401	0.04128	0.01705	0.01190	0.06238	0.01058	0.03292	0.00544	0.00129	0.00470	0.00464	0.00335	0.57433
71	0.00708	0.00507	0.00677	0.00781	0.00835	0.00476	0.00547	0.00842	0.01151	0.01550	0.13618	0.63157	0.03848	0.01632	0.00704	0.00220	0.00328	0.07427	0.00527	0.00465
72	0.03184	0.01432	0.07509	0.04980	0.62202	0.02614	0.02998	0.01761	0.04628	0.01825	0.01084	0.01376	0.00888	0.00510	0.00544	0.00167	0.00667	0.00490	0.00285	0.00854

[dist]
# distance from previous block
# <min> <max>
0	1

[block]
# block no. 2 follows, 43 sequences, length 35
# corresponding to MSA columns:
# 188-222
name=unknown_C
#
# <colnr> <probs for GDERKNQSTAVLIFYWHMCP>
#	G	D	E	R	K	N	Q	S	T	A	V	L	I	F	Y	W	H	M	C	P
0	0.01430	0.44263	0.24735	0.04675	0.01853	0.03930	0.01312	0.09001	0.01297	0.01660	0.00904	0.01044	0.00732	0.00514	0.00438	0.00144	0.00678	0.00360	0.00269	0.00759
1	0.09141	0.13590	0.26336	0.01817	0.20751	0.01463	0.03176	0.08094	0.06061	0.03000	0.01080	0.01241	0.00833	0.00536	0.00497	0.00164	0.00664	0.00433	0.00310	0.00811
2	0.01307	0.01244	0.02115	0.14281	0.63771	0.01279	0.01647	0.01639	0.01239	0.01747	0.01101	0.01560	0.00940	0.00539	0.00557	0.00171	0.00664	0.03095	0.00279	0.00826
3	0.01524	0.00747	0.00975	0.00819	0.01089	0.00667	0.00648	0.03314	0.01569	0.34204	0.36763	0.03230	0.10195	0.00957	0.00610	0.00174	0.00360	0.00817	0.00632	0.00705
4	0.01276	0.05716	0.12363	0.11489	0.09700	0.05179	0.28423	0.01667	0.01227	0.01677	0.01016	0.01321	0.00794	0.00499	0.00587	0.00163	0.02980	0.00499	0.00273	0.13152
5	0.01433	0.05272	0.01133	0.00908	0.01165	0.00915	0.00711	0.17739	0.01588	0.18149	0.10757	0.25404	0.09172	0.02222	0.00641	0.00190	0.00425	0.00938	0.00552	0.00686
6	0.01505	0.00745	0.00965	0.00817	0.01093	0.00647	0.00638	0.01707	0.01437	0.33979	0.21478	0.11286	0.11749	0.02856	0.00652	0.00182	0.00376	0.00843	0.00594	0.06449
7	0.04009	0.01294	0.05950	0.03710	0.03627	0.10050	0.00953	0.03983	0.19393	0.26403	0.10219	0.02121	0.01760	0.00743	0.00562	0.00176	0.00540	0.03178	0.00529	0.00800
8	0.04213	0.16165	0.48229	0.01724	0.14036	0.03123	0.01727	0.01734	0.01177	0.01701	0.00951	0.01139	0.00728	0.00512	0.00493	0.00163	0.00743	0.00398	0.00246	0.00797
9	0.04934	0.01223	0.01459	0.05625	0.08497	0.01347	0.01007	0.40669	0.03002	0.04740	0.03467	0.01604	0.01150	0.01232	0.13486	0.00287	0.00727	0.00524	0.04223	0.00798
10	0.00700	0.00505	0.00654	0.00736	0.00794	0.00469	0.00501	0.00825	0.01155	0.01552	0.16849	0.57458	0.08581	0.05490	0.00798	0.00228	0.00318	0.01404	0.00523	0.00459
11	0.01315	0.01452	0.13006	0.19558	0.42123	0.01277	0.04309	0.01693	0.01225	0.05647	0.01079	0.01393	0.00843	0.00530	0.00575	0.00173	0.02225	0.00490	0.00283	0.00805
12	0.01253	0.06317	0.54086	0.01815	0.14769	0.01326	0.01832	0.01776	0.01193	0.05904	0.01046	0.01230	0.00769	0.00544	0.00574	0.00173	0.03876	0.00429	0.00266	0.00821
13	0.01579	0.00884	0.01112	0.00951	0.01227	0.00880	0.00763	0.07859	0.10929	0.28495	0.24040	0.04683	0.03989	0.00932	0.00656	0.00184	0.03541	0.05949	0.00600	0.00747
14	0.00684	0.00563	0.00605	0.00618	0.00787	0.00484	0.00469	0.00840	0.01277	0.01565	0.11297	0.09615	0.61181	0.01408	0.00666	0.00193	0.00298	0.06454	0.00522	0.00474
15	0.01065	0.00936	0.01559	0.01335	0.03009	0.00915	0.21448	0.09509	0.03070	0.01843	0.06544	0.34284	0.03821	0.01157	0.00669	0.00205	0.00545	0.07016	0.00455	0.00615
16	0.01735	0.01305	0.01573	0.01560	0.15757	0.01403	0.01056	0.43637	0.05713	0.05185	0.01490	0.06061	0.01231	0.07053	0.00739	0.00199	0.00576	0.00592	0.02293	0.00841
17	0.01100	0.02791	0.75164	0.01556	0.02351	0.01267	0.02002	0.01729	0.01160	0.01739	0.01010	0.01202	0.00724	0.00644	0.03062	0.00199	0.00840	0.00415	0.00236	0.00808
18	0.01171	0.01331	0.09434	0.12103	0.02340	0.01261	0.29683	0.01531	0.01178	0.02967	0.03060	0.03526	0.01260	0.00830	0.02543	0.00219	0.14929	0.09653	0.00312	0.00669
19	0.01322	0.04773	0.19251	0.19085	0.31587	0.01370	0.03288	0.09425	0.01345	0.01868	0.01040	0.01327	0.00807	0.00531	0.00540	0.00170	0.00710	0.00470	0.00287	0.00804
20	0.03854	0.00939	0.02579	0.00984	0.01353	0.00841	0.00822	0.02384	0.07525	0.54623	0.06522	0.02374	0.01746	0.00918	0.03654	0.00208	0.00505	0.06695	0.00625	0.00849
21	0.01104	0.00700	0.00808	0.00738	0.00962	0.00640	0.00572	0.04419	0.04757	0.14997	0.12685	0.05871	0.39756	0.04728	0.00732	0.00202	0.00357	0.04828	0.00551	0.00592
22	0.03591	0.05961	0.10518	0.04800	0.12734	0.08126	0.01237	0.37736	0.01911	0.02560	0.01242	0.01354	0.02249	0.00610	0.00527	0.00163	0.00659	0.00472	0.02711	0.00838
23	0.03517	0.08706	0.37717	0.01737	0.10068	0.05220	0.10627	0.01779	0.01202	0.05969	0.01028	0.01236	0.00776	0.00560	0.00637	0.00175	0.07542	0.00448	0.00276	0.00781
24	0.01633	0.00967	0.01120	0.00926	0.01182	0.00995	0.00701	0.23023	0.05323	0.20864	0.01753	0.02378	0.01498	0.29897	0.03520	0.00323	0.00558	0.00634	0.02006	0.00698
25	0.08733	0.01374	0.01453	0.01137	0.01556	0.01488	0.00929	0.49739	0.10813	0.03026	0.01359	0.01375	0.00997	0.00630	0.00516	0.00158	0.00541	0.00476	0.02472	0.11228
26	0.01056	0.00950	0.01086	0.01026	0.01158	0.10319	0.00803	0.05267	0.01064	0.01420	0.01333	0.01901	0.01221	0.03247	0.57885	0.00702	0.08159	0.00550	0.00305	0.00547
27	0.12750	0.01229	0.01318	0.01081	0.01454	0.01335	0.00871	0.29920	0.21016	0.13908	0.01707	0.05893	0.01300	0.00722	0.00533	0.00174	0.00499	0.00568	0.00540	0.03181
28	0.00825	0.00596	0.00771	0.00722	0.00861	0.00560	0.00547	0.03172	0.01590	0.02242	0.72687	0.04112	0.05049	0.01129	0.00653	0.00176	0.00278	0.02889	0.00605	0.00534
29	0.01814	0.01348	0.01510	0.08586	0.01780	0.01497	0.01016	0.56568	0.04017	0.03020	0.01487	0.08019	0.01193	0.00745	0.00559	0.00172	0.00576	0.00592	0.04656	0.00847
30	0.37333	0.03479	0.01245	0.00986	0.01369	0.05596	0.00809	0.22050	0.06109	0.14261	0.01238	0.01246	0.00888	0.00598	0.00456	0.00168	0.00521	0.00417	0.00461	0.00769
31	0.00707	0.00563	0.00634	0.00616	0.00780	0.00490	0.00462	0.00896	0.01386	0.01790	0.34445	0.04847	0.47839	0.01293	0.00654	0.00182	0.00273	0.01101	0.00553	0.00490
32	0.00681	0.00487	0.00638	0.00756	0.00792	0.00455	0.00502	0.00774	0.01054	0.01399	0.03065	0.74095	0.05800	0.05648	0.00810	0.00239	0.00331	0.01524	0.00505	0.00445
33	0.02058	0.01730	0.01678	0.01418	0.05877	0.15166	0.01091	0.58333	0.02348	0.03022	0.01230	0.01274	0.00898	0.00639	0.00544	0.00162	0.00681	0.00473	0.00491	0.00886
34	0.02072	0.01535	0.01643	0.01267	0.01705	0.01702	0.01045	0.71884	0.06009	0.03436	0.01373	0.01364	0.00977	0.00669	0.00554	0.00167	0.00602	0.00505	0.00554	0.00939

[dist]
# distance from previous block
# <min> <max>
2	3

[block]
# block no. 3 follows, 43 sequences, length 15
# corresponding to MSA columns:
# 226-240
name=unknown_D
#
# <colnr> <probs for GDERKNQSTAVLIFYWHMCP>
#	G	D	E	R	K	N	Q	S	T	A	V	L	I	F	Y	W	H	M	C	P
0	0.12700	0.01326	0.02868	0.02589	0.03503	0.11531	0.00901	0.22017	0.06827	0.04953	0.04095	0.03432	0.08970	0.02596	0.00608	0.00188	0.00569	0.09157	0.00462	0.00710
1	0.01304	0.00845	0.01001	0.04903	0.01203	0.00917	0.00712	0.16244	0.05288	0.07246	0.04420	0.05782	0.01537	0.03533	0.11466	0.00273	0.02976	0.00607	0.29097	0.00646
2	0.01427	0.01086	0.01393	0.20578	0.05733	0.01216	0.01066	0.02363	0.38678	0.12516	0.01852	0.01964	0.01390	0.00694	0.00561	0.00182	0.00530	0.02877	0.00478	0.03416
3	0.01891	0.01387	0.01492	0.01179	0.01567	0.01533	0.00962	0.60063	0.07621	0.03172	0.01490	0.03936	0.01129	0.00799	0.02674	0.00187	0.00585	0.00545	0.06909	0.00877
4	0.01042	0.00960	0.01615	0.75389	0.03664	0.01194	0.01487	0.01381	0.01089	0.01393	0.00983	0.01487	0.00749	0.00620	0.00632	0.04254	0.00726	0.00492	0.00246	0.00597
5	0.11084	0.01165	0.01196	0.02654	0.01354	0.02848	0.00799	0.37723	0.01882	0.05707	0.01864	0.01900	0.09646	0.00724	0.00507	0.00162	0.00487	0.00555	0.16990	0.00751
6	0.03229	0.21141	0.52623	0.01491	0.04029	0.01505	0.05313	0.01728	0.01162	0.01667	0.00943	0.01117	0.00712	0.00510	0.00488	0.00162	0.00757	0.00394	0.00240	0.00786
7	0.10533	0.02061	0.01428	0.01267	0.01555	0.48128	0.00976	0.10685	0.04805	0.01776	0.01271	0.01373	0.05805	0.00662	0.00581	0.00159	0.05477	0.00441	0.00348	0.00670
8	0.00685	0.00486	0.00640	0.00758	0.00788	0.00457	0.00500	0.00774	0.01041	0.01388	0.02953	0.74323	0.03537	0.07759	0.00868	0.00249	0.00338	0.01516	0.00500	0.00441
9	0.01200	0.04548	0.02399	0.08495	0.20975	0.01234	0.34140	0.01553	0.01237	0.01689	0.03631	0.11245	0.01334	0.00764	0.02860	0.00203	0.00755	0.00708	0.00313	0.00716
10	0.04502	0.14985	0.42517	0.01307	0.01933	0.01387	0.01500	0.09503	0.01334	0.10786	0.01124	0.01237	0.00814	0.00609	0.00567	0.03665	0.00690	0.00417	0.00325	0.00796
11	0.00680	0.00505	0.00635	0.00722	0.00794	0.00460	0.00496	0.00800	0.01145	0.01500	0.09921	0.58545	0.18543	0.01616	0.00692	0.00213	0.00308	0.01443	0.00522	0.00460
12	0.00691	0.00499	0.00643	0.00739	0.00789	0.00463	0.00497	0.00799	0.01103	0.01469	0.09661	0.63251	0.08823	0.06766	0.00835	0.00238	0.00327	0.01446	0.00511	0.00450
13	0.04657	0.43158	0.10640	0.01259	0.04788	0.17911	0.03223	0.03286	0.01272	0.04010	0.00892	0.01022	0.00743	0.00513	0.00431	0.00138	0.00705	0.00352	0.00275	0.00724
14	0.29489	0.12952	0.19729	0.03569	0.01750	0.03764	0.06961	0.08265	0.01257	0.04827	0.02238	0.01158	0.00803	0.00540	0.00456	0.00165	0.00626	0.00400	0.00328	0.00723

[dist]
# distance from previous block
# <min> <max>
0	1

[block]
# block no. 4 follows, 43 sequences, length 9
# corresponding to MSA columns:
# 243-251
name=unknown_E
#
# <colnr> <probs for GDERKNQSTAVLIFYWHMCP>
#	G	D	E	R	K	N	Q	S	T	A	V	L	I	F	Y	W	H	M	C	P
0	0.16329	0.14316	0.09241	0.02863	0.08813	0.16755	0.01065	0.09325	0.05109	0.01936	0.03585	0.01484	0.05762	0.00622	0.00480	0.00159	0.00640	0.00457	0.00347	0.00713
1	0.04579	0.06056	0.33718	0.01878	0.17860	0.01439	0.06290	0.17850	0.01501	0.02153	0.01066	0.01243	0.00797	0.00543	0.00529	0.00169	0.00720	0.00452	0.00320	0.00840
2	0.03664	0.09273	0.05493	0.10798	0.20752	0.06279	0.07243	0.20168	0.03654	0.02134	0.01098	0.01300	0.00853	0.00550	0.00525	0.00161	0.00676	0.00467	0.00349	0.04564
3	0.00852	0.00683	0.01006	0.00971	0.01056	0.00837	0.00767	0.01039	0.00884	0.01292	0.01374	0.02037	0.01290	0.03694	0.67297	0.00797	0.12746	0.00578	0.00289	0.00511
4	0.01390	0.01148	0.01188	0.07631	0.01482	0.10665	0.00847	0.12384	0.15468	0.07663	0.26416	0.02665	0.04972	0.00862	0.00591	0.00175	0.00500	0.02732	0.00521	0.00700
5	0.00836	0.00578	0.00708	0.00681	0.00836	0.00515	0.00508	0.01039	0.01419	0.06497	0.42281	0.12703	0.26834	0.01254	0.00654	0.00184	0.00287	0.01089	0.00574	0.00523
6	0.00822	0.00609	0.00859	0.00856	0.00933	0.00701	0.00646	0.00987	0.00912	0.01326	0.01641	0.09908	0.01642	0.12233	0.52484	0.00697	0.05942	0.00702	0.05620	0.00480
7	0.01312	0.01255	0.02141	0.17219	0.63725	0.01300	0.01670	0.01648	0.01233	0.01737	0.01031	0.01390	0.00852	0.00504	0.00549	0.00168	0.00673	0.00493	0.00269	0.00829
8	0.00796	0.00533	0.00607	0.00616	0.00618	0.00531	0.00348	0.00803	0.00823	0.01098	0.01837	0.08996	0.02129	0.75007	0.02671	0.00515	0.00522	0.00859	0.00348	0.00344

[dist]
# distance from previous block
# <min> <max>
2	6

[block]
# block no. 5 follows, 43 sequences, length 10
# corresponding to MSA columns:
# 258-267
name=unknown_F
#
# <colnr> <probs for GDERKNQSTAVLIFYWHMCP>
#	G	D	E	R	K	N	Q	S	T	A	V	L	I	F	Y	W	H	M	C	P
0	0.14421	0.01265	0.01531	0.30301	0.02401	0.01462	0.01164	0.36296	0.01788	0.02560	0.01114	0.01318	0.00813	0.00600	0.00521	0.00174	0.00630	0.00466	0.00406	0.00767
1	0.02019	0.01487	0.01601	0.01244	0.01663	0.01641	0.01020	0.70764	0.02511	0.03366	0.01433	0.06063	0.01105	0.00729	0.00563	0.00170	0.00592	0.00563	0.00552	0.00912
2	0.01033	0.00577	0.00603	0.00584	0.00732	0.00583	0.00445	0.04866	0.01223	0.02026	0.02119	0.02344	0.08512	0.00965	0.05921	0.00190	0.00364	0.00582	0.65798	0.00531
3	0.01168	0.00894	0.01070	0.01040	0.01258	0.00958	0.00862	0.11894	0.20228	0.02151	0.12201	0.04240	0.02767	0.01163	0.00671	0.00215	0.00473	0.35541	0.00543	0.00664
4	0.00791	0.00569	0.00780	0.00786	0.00848	0.00628	0.00561	0.00916	0.00869	0.01219	0.01647	0.06327	0.01708	0.30305	0.48736	0.00737	0.01104	0.00712	0.00320	0.00438
5	0.00688	0.00563	0.00596	0.00596	0.00762	0.00485	0.00444	0.00836	0.01264	0.01551	0.12926	0.05116	0.61029	0.06962	0.00811	0.00213	0.00305	0.03876	0.00512	0.00466
6	0.01446	0.73509	0.09957	0.01007	0.01514	0.02106	0.01051	0.01667	0.01129	0.01346	0.00791	0.00915	0.00710	0.00479	0.00371	0.00124	0.00614	0.00307	0.00237	0.00721
7	0.35370	0.01266	0.01242	0.00994	0.01396	0.01384	0.00816	0.33149	0.04021	0.06124	0.01137	0.01186	0.00834	0.00584	0.00455	0.00161	0.00506	0.00409	0.00453	0.08512
8	0.01656	0.01797	0.01624	0.03447	0.11749	0.34014	0.02731	0.10983	0.03016	0.01704	0.01122	0.05478	0.01003	0.02849	0.03514	0.00206	0.11577	0.00510	0.00330	0.00689
9	0.79262	0.01183	0.05597	0.00781	0.01154	0.01245	0.00690	0.01636	0.00957	0.02439	0.00785	0.00916	0.00606	0.00515	0.00354	0.00172	0.00453	0.00307	0.00336	0.00613

[dist]
# distance from previous block
# <min> <max>
0	1

[block]
# block no. 6 follows, 43 sequences, length 50
# corresponding to MSA columns:
# 269-318
name=unknown_G
#
# <colnr> <probs for GDERKNQSTAVLIFYWHMCP>
#	G	D	E	R	K	N	Q	S	T	A	V	L	I	F	Y	W	H	M	C	P
0	0.01547	0.04212	0.01375	0.01177	0.03079	0.09985	0.00911	0.12841	0.42092	0.05331	0.02084	0.02085	0.05873	0.00758	0.00556	0.00176	0.00530	0.02833	0.00510	0.02046
1	0.01214	0.01157	0.01639	0.03897	0.08228	0.01530	0.01183	0.04555	0.00970	0.01457	0.00886	0.01417	0.00854	0.04977	0.06463	0.00285	0.57886	0.00509	0.00267	0.00625
2	0.01303	0.18220	0.52196	0.01475	0.03896	0.08557	0.01706	0.03596	0.01235	0.01672	0.00946	0.01107	0.00715	0.00523	0.00491	0.00161	0.00781	0.00386	0.00248	0.00785
3	0.00741	0.00560	0.00684	0.00663	0.00804	0.00503	0.00493	0.00958	0.01452	0.01969	0.52377	0.08872	0.25411	0.01244	0.00657	0.00181	0.00270	0.01082	0.00577	0.00503
4	0.01399	0.51280	0.26618	0.01178	0.01750	0.06535	0.01305	0.01722	0.01166	0.01450	0.00846	0.00985	0.00708	0.00496	0.00418	0.00138	0.00689	0.00336	0.00239	0.00741
5	0.00853	0.00669	0.02856	0.00831	0.00975	0.00575	0.02076	0.02570	0.01166	0.03913	0.08311	0.48942	0.06256	0.05924	0.00781	0.00220	0.00379	0.03836	0.00487	0.08381
6	0.01287	0.21955	0.37988	0.01782	0.16992	0.04158	0.03526	0.01722	0.01201	0.01648	0.02362	0.01197	0.00827	0.00518	0.00493	0.00158	0.00729	0.00413	0.00253	0.00790
7	0.01414	0.37205	0.13614	0.01107	0.01537	0.10431	0.01078	0.05993	0.05353	0.01692	0.11805	0.01508	0.01422	0.00628	0.00508	0.00148	0.03055	0.00457	0.00332	0.00711
8	0.00774	0.00552	0.00688	0.00730	0.00806	0.00527	0.00522	0.00908	0.01146	0.01527	0.17643	0.20630	0.11066	0.25084	0.01332	0.00310	0.00404	0.14428	0.00479	0.00443
9	0.04958	0.03337	0.41806	0.07805	0.07662	0.02824	0.09743	0.01746	0.03508	0.03700	0.03785	0.01378	0.00940	0.00570	0.00591	0.00178	0.03939	0.00476	0.00284	0.00769
10	0.01616	0.01057	0.03277	0.03045	0.12542	0.00974	0.02930	0.02108	0.15189	0.27191	0.01882	0.11073	0.01510	0.00744	0.00556	0.00168	0.00493	0.00648	0.00500	0.12498
11	0.01709	0.01287	0.01395	0.01083	0.01496	0.01343	0.00881	0.43806	0.09605	0.02846	0.01387	0.01430	0.01034	0.00612	0.00506	0.00145	0.00513	0.00473	0.08155	0.20295
12	0.01362	0.01365	0.04811	0.03261	0.72005	0.01317	0.01684	0.01743	0.03736	0.01824	0.01080	0.01387	0.00898	0.00503	0.00548	0.00166	0.00656	0.00495	0.00282	0.00875
13	0.02167	0.00952	0.01248	0.00956	0.01385	0.00818	0.00783	0.02445	0.04646	0.59416	0.03577	0.01812	0.01370	0.00650	0.00534	0.00156	0.00455	0.00529	0.00616	0.15485
14	0.01491	0.76991	0.02842	0.00968	0.01430	0.02168	0.00956	0.03572	0.01158	0.01361	0.00784	0.00907	0.00717	0.00490	0.00394	0.00123	0.02383	0.00306	0.00245	0.00714
15	0.01032	0.00835	0.01083	0.00982	0.04231	0.00716	0.03356	0.03507	0.02369	0.03235	0.02067	0.26522	0.06149	0.00970	0.00562	0.00156	0.00417	0.05017	0.00421	0.36373
16	0.00674	0.00485	0.00640	0.00764	0.00801	0.00450	0.00511	0.00772	0.01068	0.01417	0.03145	0.77476	0.06302	0.01723	0.00705	0.00224	0.00320	0.01560	0.00514	0.00450
17	0.11711	0.01046	0.01199	0.01009	0.01336	0.01079	0.00816	0.23733	0.03992	0.24858	0.01938	0.12639	0.01655	0.02943	0.00629	0.00195	0.00491	0.07401	0.00553	0.00777
18	0.01284	0.01035	0.01263	0.00947	0.01384	0.00894	0.04323	0.10755	0.04494	0.04338	0.04812	0.03097	0.03166	0.00560	0.00474	0.00116	0.00448	0.00468	0.02625	0.53519
19	0.00832	0.00574	0.00735	0.00735	0.00755	0.00616	0.00484	0.00853	0.00841	0.01150	0.01699	0.11888	0.01900	0.44902	0.14525	0.10515	0.05482	0.00802	0.00333	0.00379
20	0.02024	0.01434	0.01561	0.01221	0.01639	0.01573	0.01000	0.59860	0.09847	0.09460	0.01542	0.03669	0.01129	0.00705	0.00560	0.00170	0.00573	0.00547	0.00565	0.00922
21	0.06735	0.01189	0.09959	0.01063	0.01484	0.00978	0.00958	0.04202	0.12513	0.43820	0.03556	0.02159	0.01513	0.00744	0.00561	0.00181	0.00506	0.06446	0.00577	0.00855
22	0.01481	0.01383	0.02034	0.04528	0.50952	0.06176	0.04012	0.13056	0.01496	0.02037	0.03491	0.01631	0.01100	0.00587	0.00562	0.00169	0.00665	0.03465	0.00338	0.00836
23	0.00676	0.00493	0.00631	0.00740	0.00791	0.00454	0.00498	0.00775	0.01079	0.01415	0.03338	0.68804	0.12770	0.03766	0.00756	0.00228	0.00322	0.01504	0.00509	0.00449
24	0.00680	0.00562	0.00597	0.00588	0.00764	0.00479	0.00441	0.00845	0.01323	0.01641	0.19803	0.05092	0.62575	0.01349	0.00654	0.00184	0.00277	0.01136	0.00533	0.00479
25	0.01500	0.78311	0.02859	0.00963	0.01431	0.04681	0.00952	0.01676	0.01140	0.01305	0.00773	0.00892	0.00711	0.00477	0.00360	0.00119	0.00606	0.00298	0.00238	0.00708
26	0.84448	0.01071	0.00814	0.00728	0.01071	0.01242	0.00600	0.01628	0.00943	0.02485	0.00771	0.00900	0.00600	0.00514	0.00343	0.00171	0.00428	0.00300	0.00343	0.00600
27	0.00655	0.00561	0.00561	0.00561	0.00748	0.00468	0.00421	0.00795	0.01262	0.01496	0.05610	0.05330	0.76857	0.01403	0.00655	0.00187	0.00281	0.01169	0.00514	0.00468
28	0.02069	0.02640	0.01569	0.01427	0.01712	0.78313	0.01070	0.02212	0.01569	0.01355	0.00856	0.00999	0.00713	0.00571	0.00499	0.00143	0.00999	0.00357	0.00285	0.00642
29	0.01265	0.01376	0.02841	0.17068	0.11948	0.01358	0.52318	0.01697	0.01264	0.01710	0.01085	0.01476	0.00825	0.00487	0.00622	0.00184	0.00864	0.00604	0.00273	0.00738
30	0.02081	0.04108	0.01686	0.01286	0.01708	0.12617	0.01052	0.62629	0.02412	0.03121	0.01245	0.01269	0.00902	0.00646	0.00540	0.00161	0.00664	0.00472	0.00506	0.00892
31	0.02683	0.11987	0.45591	0.01554	0.03989	0.01372	0.11039	0.01748	0.01200	0.05560	0.03059	0.01293	0.00881	0.00549	0.00568	0.00170	0.03591	0.00451	0.00278	0.02436
32	0.01885	0.01078	0.01287	0.02956	0.01458	0.01082	0.00844	0.20845	0.12059	0.32172	0.07612	0.02151	0.07182	0.00761	0.00565	0.00170	0.00476	0.00619	0.00592	0.04206
33	0.01046	0.00984	0.01661	0.79205	0.03814	0.01230	0.01538	0.01415	0.01107	0.01415	0.00984	0.01477	0.00738	0.00554	0.00554	0.00185	0.00738	0.00492	0.00246	0.00615
34	0.01046	0.00984	0.01661	0.79205	0.03814	0.01230	0.01538	0.01415	0.01107	0.01415	0.00984	0.01477	0.00738	0.00554	0.00554	0.00185	0.00738	0.00492	0.00246	0.00615
35	0.01068	0.01001	0.01653	0.73932	0.05120	0.01239	0.01509	0.01495	0.04763	0.01467	0.01047	0.01503	0.00787	0.00562	0.00554	0.00184	0.00722	0.00499	0.00262	0.00633
36	0.04581	0.00956	0.01272	0.00984	0.01406	0.00848	0.00811	0.02681	0.04563	0.72486	0.02151	0.01867	0.01364	0.00684	0.00552	0.00172	0.00469	0.00553	0.00672	0.00931
37	0.00675	0.00482	0.00643	0.00771	0.00803	0.00450	0.00514	0.00771	0.01060	0.01414	0.03053	0.80175	0.03663	0.01735	0.00707	0.00225	0.00321	0.01574	0.00514	0.00450
38	0.00764	0.00598	0.00707	0.00737	0.00896	0.00549	0.00588	0.00994	0.03313	0.01684	0.16753	0.07749	0.39309	0.01386	0.00685	0.00205	0.00348	0.21704	0.00531	0.00499
39	0.00690	0.00494	0.00639	0.00744	0.00784	0.00461	0.00494	0.00786	0.01068	0.01420	0.06020	0.66858	0.06991	0.08666	0.00889	0.00249	0.00336	0.01464	0.00502	0.00443
40	0.00794	0.00532	0.00607	0.00618	0.00621	0.00530	0.00351	0.00803	0.00827	0.01102	0.01855	0.10052	0.02152	0.73920	0.02642	0.00511	0.00519	0.00870	0.00351	0.00345
41	0.01032	0.00516	0.00516	0.00516	0.00645	0.00516	0.00387	0.01290	0.01161	0.02065	0.01807	0.02065	0.01420	0.00645	0.00387	0.00129	0.00258	0.00516	0.83611	0.00516
42	0.00784	0.00536	0.00628	0.00655	0.00710	0.00507	0.00416	0.00847	0.00993	0.03161	0.04692	0.25236	0.15268	0.41096	0.01750	0.00372	0.00425	0.01081	0.00431	0.00410
43	0.01079	0.01326	0.20416	0.01056	0.01416	0.00961	0.01025	0.04611	0.16459	0.04123	0.22955	0.04342	0.06338	0.01260	0.09895	0.00264	0.00607	0.00716	0.00460	0.00690
44	0.00833	0.00651	0.00945	0.00925	0.01003	0.00779	0.00714	0.01004	0.00886	0.01280	0.01485	0.05315	0.01452	0.09354	0.61447	0.00768	0.09728	0.00637	0.00302	0.00493
45	0.00822	0.00630	0.00886	0.01078	0.09084	0.00638	0.00680	0.00948	0.01032	0.01401	0.02371	0.41502	0.02724	0.16819	0.07356	0.00335	0.03133	0.07648	0.00427	0.00488
46	0.01903	0.18475	0.03719	0.01398	0.04264	0.56745	0.01090	0.03570	0.01480	0.01414	0.00858	0.01000	0.00723	0.00549	0.00474	0.00140	0.00892	0.00353	0.00279	0.00675
47	0.01438	0.00887	0.03288	0.01172	0.10737	0.00790	0.00822	0.01779	0.06485	0.26098	0.29637	0.02958	0.09770	0.00892	0.00600	0.00174	0.00408	0.00769	0.00569	0.00728
48	0.01857	0.02181	0.01470	0.01320	0.01604	0.55208	0.01002	0.06261	0.11735	0.01613	0.01218	0.02697	0.02583	0.00671	0.00581	0.01702	0.02877	0.00446	0.00346	0.02627
49	0.02324	0.00918	0.01244	0.00960	0.01370	0.00792	0.00789	0.02543	0.01570	0.69820	0.07240	0.02014	0.01616	0.00707	0.00559	0.00169	0.00455	0.00580	0.00668	0.03663

[dist]
# distance from previous block
# <min> <max>
0	10

[block]
# block no. 7 follows, 43 sequences, length 22
# corresponding to MSA columns:
# 329-350
name=unknown_H
#
# <colnr> <probs for GDERKNQSTAVLIFYWHMCP>
#	G	D	E	R	K	N	Q	S	T	A	V	L	I	F	Y	W	H	M	C	P
0	0.01253	0.01153	0.01931	0.37637	0.39926	0.01266	0.01582	0.01629	0.03151	0.03617	0.01077	0.01450	0.00848	0.00533	0.00551	0.00174	0.00684	0.00498	0.00280	0.00760
1	0.01504	0.74945	0.02822	0.01043	0.03714	0.05598	0.00976	0.01685	0.01149	0.01321	0.00782	0.00908	0.00716	0.00479	0.00368	0.00121	0.00613	0.00305	0.00240	0.00713
2	0.02485	0.00943	0.01285	0.00985	0.01414	0.00814	0.00814	0.02699	0.01585	0.77465	0.02185	0.01885	0.01371	0.00685	0.00557	0.00171	0.00471	0.00557	0.00685	0.00943
3	0.00764	0.00556	0.00773	0.00797	0.00871	0.00590	0.00579	0.00921	0.01016	0.01422	0.12654	0.21102	0.02555	0.13161	0.38967	0.00584	0.00910	0.00912	0.00398	0.00467
4	0.00805	0.00586	0.00783	0.00880	0.00991	0.00564	0.00716	0.01012	0.01254	0.01643	0.11031	0.23278	0.11162	0.01523	0.00728	0.00232	0.00416	0.41382	0.00522	0.00493
5	0.00752	0.00559	0.00736	0.00848	0.02824	0.00538	0.00567	0.00967	0.05500	0.01611	0.15204	0.60968	0.03736	0.01546	0.00686	0.00213	0.00327	0.01396	0.00527	0.00498
6	0.02118	0.01530	0.01649	0.01264	0.01707	0.01686	0.01044	0.72718	0.02569	0.06057	0.01359	0.01349	0.00957	0.00666	0.00554	0.00166	0.00605	0.00501	0.00559	0.00942
7	0.00814	0.00580	0.00700	0.00679	0.00839	0.00517	0.00515	0.01017	0.01408	0.05408	0.38345	0.09238	0.31849	0.01269	0.00658	0.00186	0.00294	0.04599	0.00567	0.00517
