[name]
unknown

[dist]
# distance from previous block
# <min> <max>
5	39

[block]
# block no. 0 follows, 39 sequences, length 12
# corresponding to MSA columns:
# 44-55
name=unknown_A
#
# <colnr> <probs for GDERKNQSTAVLIFYWHMCP>
#	G	D	E	R	K	N	Q	S	T	A	V	L	I	F	Y	W	H	M	C	P
0	0.01715	0.01315	0.01599	0.01260	0.01630	0.01404	0.04362	0.34492	0.01899	0.06008	0.01447	0.06786	0.01219	0.03138	0.04064	0.00221	0.10400	0.00599	0.00477	0.15966
1	0.01910	0.01384	0.01718	0.01357	0.03820	0.01416	0.07346	0.40528	0.02166	0.10441	0.07218	0.01723	0.01393	0.00689	0.00583	0.00167	0.00600	0.00570	0.02556	0.12415
2	0.01084	0.00668	0.00840	0.00801	0.00895	0.00673	0.00564	0.09226	0.01198	0.01631	0.08333	0.09805	0.07687	0.09516	0.01652	0.38310	0.00467	0.00770	0.05440	0.00438
3	0.06993	0.00728	0.00795	0.00817	0.00930	0.03121	0.00566	0.01200	0.06171	0.03764	0.11374	0.35058	0.06645	0.17742	0.01167	0.00290	0.00426	0.01173	0.00509	0.00529
4	0.01710	0.01248	0.01346	0.01082	0.01420	0.01335	0.00848	0.40588	0.06985	0.02806	0.01596	0.02040	0.01335	0.16980	0.01064	0.00250	0.00568	0.00596	0.08373	0.07827
5	0.01941	0.01387	0.01536	0.01195	0.01643	0.01446	0.00973	0.41524	0.11146	0.10262	0.04949	0.01677	0.01335	0.00697	0.00570	0.00165	0.00558	0.00547	0.00565	0.15883
6	0.01235	0.00897	0.01044	0.00912	0.01170	0.00854	0.00673	0.09417	0.09039	0.06142	0.03792	0.21967	0.02163	0.16281	0.01071	0.00251	0.00467	0.00877	0.00485	0.21264
7	0.01433	0.01323	0.01382	0.01324	0.07814	0.10419	0.00944	0.11035	0.15281	0.02085	0.02156	0.09925	0.10489	0.00886	0.00680	0.00177	0.05844	0.00710	0.00457	0.15636
8	0.03515	0.01221	0.01613	0.08684	0.04998	0.03701	0.08228	0.06425	0.14241	0.12633	0.01561	0.01824	0.01224	0.07415	0.00837	0.00206	0.04113	0.00564	0.00444	0.16555
9	0.01172	0.04866	0.07440	0.13834	0.05251	0.01099	0.01040	0.10110	0.08206	0.01967	0.04110	0.11494	0.20564	0.01022	0.00628	0.00193	0.00535	0.02584	0.00456	0.03428
10	0.05494	0.01566	0.01528	0.12836	0.10083	0.21440	0.01103	0.06396	0.04585	0.05133	0.01537	0.04614	0.05588	0.00687	0.00551	0.00163	0.00694	0.00545	0.00382	0.15077
11	0.03722	0.01231	0.01266	0.01086	0.01392	0.06310	0.00845	0.27341	0.08875	0.02489	0.05599	0.16057	0.06715	0.03320	0.04128	0.00230	0.00582	0.00810	0.00521	0.07483

[dist]
# distance from previous block
# <min> <max>
22	52

[block]
# block no. 1 follows, 39 sequences, length 25
# corresponding to MSA columns:
# 147-171
name=unknown_B
#
# <colnr> <probs for GDERKNQSTAVLIFYWHMCP>
#	G	D	E	R	K	N	Q	S	T	A	V	L	I	F	Y	W	H	M	C	P
0	0.06948	0.04759	0.17595	0.03284	0.10529	0.11706	0.10458	0.03430	0.01429	0.09389	0.07014	0.01663	0.02396	0.00631	0.00567	0.00173	0.00731	0.00536	0.00375	0.06386
1	0.05351	0.01461	0.17775	0.01325	0.06990	0.01059	0.03604	0.06432	0.04644	0.14180	0.01937	0.05058	0.07206	0.11596	0.00913	0.00233	0.00603	0.00651	0.00437	0.08542
2	0.13040	0.12324	0.18455	0.01169	0.01654	0.01241	0.05125	0.03977	0.01378	0.11893	0.12525	0.06366	0.01772	0.00742	0.00546	0.00175	0.00583	0.00606	0.00429	0.05999
3	0.01593	0.04383	0.12921	0.01313	0.07868	0.01099	0.01102	0.10624	0.01564	0.16486	0.07408	0.02007	0.05085	0.00697	0.00558	0.00159	0.00557	0.02149	0.00467	0.21961
4	0.01519	0.01171	0.01404	0.02915	0.03963	0.01198	0.02782	0.23794	0.12802	0.04831	0.14678	0.08492	0.02156	0.00847	0.00602	0.00173	0.00505	0.00718	0.00538	0.14914
5	0.01581	0.79572	0.03099	0.01012	0.01518	0.02340	0.01012	0.01771	0.01202	0.01391	0.00822	0.00949	0.00759	0.00506	0.00379	0.00126	0.00632	0.00316	0.00253	0.00759
6	0.01190	0.01037	0.01332	0.17674	0.01968	0.00896	0.00902	0.01482	0.01231	0.01851	0.03476	0.01407	0.01011	0.00497	0.00480	0.00115	0.00509	0.00412	0.00341	0.62192
7	0.00857	0.04337	0.00881	0.00750	0.00906	0.00635	0.00571	0.01115	0.01604	0.02231	0.63492	0.07636	0.10334	0.01225	0.00685	0.00187	0.00300	0.01074	0.00620	0.00560
8	0.01486	0.01375	0.02336	0.07207	0.69566	0.01383	0.01775	0.01835	0.01350	0.04344	0.01149	0.01487	0.00947	0.00537	0.00586	0.00177	0.00700	0.00529	0.00306	0.00925
9	0.00936	0.00676	0.00840	0.00895	0.00994	0.00670	0.00629	0.10894	0.01379	0.01846	0.05485	0.65558	0.03567	0.01672	0.00730	0.00230	0.00383	0.01501	0.00558	0.00556
10	0.02430	0.01094	0.01530	0.01418	0.11761	0.00987	0.01007	0.06040	0.01683	0.60206	0.02085	0.01887	0.01353	0.00694	0.00589	0.00179	0.00536	0.00576	0.00654	0.03293
11	0.01079	0.00621	0.00754	0.00738	0.00809	0.00595	0.00468	0.01132	0.01031	0.11567	0.02216	0.19082	0.02419	0.52395	0.02211	0.00451	0.00516	0.00993	0.00449	0.00473
12	0.01839	0.14867	0.22055	0.01483	0.09104	0.01357	0.01347	0.07226	0.01506	0.27401	0.01591	0.05086	0.01180	0.00678	0.00556	0.00176	0.00648	0.00544	0.00459	0.00897
13	0.01550	0.01289	0.02057	0.24572	0.42589	0.03476	0.01615	0.01891	0.01357	0.12034	0.01258	0.01561	0.00962	0.00576	0.00587	0.00182	0.00710	0.00532	0.00345	0.00859
14	0.02653	0.01006	0.01372	0.01052	0.01510	0.00869	0.00869	0.02882	0.01693	0.75937	0.02333	0.02013	0.01464	0.00732	0.00595	0.00183	0.00503	0.00595	0.00732	0.01006
15	0.01636	0.01582	0.10784	0.04816	0.39811	0.05053	0.01558	0.02182	0.11511	0.13001	0.01456	0.01607	0.01100	0.00606	0.00584	0.00181	0.00681	0.00539	0.00396	0.00919
16	0.02348	0.01264	0.07378	0.01478	0.11852	0.01046	0.01119	0.07298	0.01682	0.55176	0.02005	0.01838	0.01305	0.00689	0.00591	0.00182	0.00569	0.00569	0.00624	0.00986
17	0.01095	0.00685	0.01009	0.00964	0.01119	0.00757	0.00757	0.01309	0.01053	0.11687	0.01688	0.02280	0.01476	0.03923	0.66322	0.00844	0.01435	0.00628	0.00374	0.00594
18	0.01389	0.01604	0.12569	0.10706	0.56399	0.01394	0.03755	0.01795	0.01318	0.01881	0.01101	0.01449	0.00895	0.00537	0.00586	0.00180	0.00743	0.00519	0.00284	0.00897
19	0.01611	0.01514	0.02276	0.03205	0.61451	0.05439	0.01684	0.11767	0.01562	0.02155	0.01144	0.01437	0.00937	0.00557	0.00584	0.00175	0.00715	0.00520	0.00335	0.00933
20	0.01571	0.03960	0.25121	0.01345	0.01898	0.01419	0.01355	0.24146	0.07825	0.04281	0.01440	0.04484	0.01148	0.00709	0.00615	0.00177	0.03329	0.02520	0.00431	0.12225
21	0.01266	0.01155	0.01535	0.09641	0.24995	0.06037	0.01158	0.05843	0.07196	0.02040	0.17894	0.08855	0.08107	0.00905	0.00632	0.00188	0.00560	0.00799	0.00451	0.00741
22	0.01514	0.19057	0.07551	0.02050	0.24863	0.01543	0.09167	0.06149	0.06988	0.06107	0.04784	0.03307	0.03080	0.00648	0.00563	0.00173	0.00662	0.00574	0.00375	0.00847
23	0.04475	0.01742	0.08830	0.01454	0.04805	0.11713	0.04575	0.35215	0.02014	0.02669	0.01504	0.09779	0.01302	0.00796	0.00595	0.00182	0.00695	0.02662	0.00470	0.04524
24	0.04702	0.08428	0.05223	0.02944	0.05129	0.10243	0.03794	0.11300	0.14961	0.07391	0.02562	0.01517	0.01141	0.00618	0.00532	0.00158	0.00626	0.00489	0.00434	0.17808

[dist]
# distance from previous block
# <min> <max>
3	37

[block]
# block no. 2 follows, 39 sequences, length 20
# corresponding to MSA columns:
# 223-242
name=unknown_C
#
# <colnr> <probs for GDERKNQSTAVLIFYWHMCP>
#	G	D	E	R	K	N	Q	S	T	A	V	L	I	F	Y	W	H	M	C	P
0	0.04599	0.11422	0.02887	0.01001	0.03330	0.01051	0.00803	0.09517	0.01652	0.13104	0.33409	0.06545	0.05172	0.00977	0.00614	0.00181	0.00440	0.02017	0.00564	0.00715
1	0.12677	0.08349	0.04364	0.01102	0.05208	0.01170	0.00878	0.10881	0.01417	0.02210	0.04346	0.04813	0.01186	0.00601	0.00480	0.00135	0.00505	0.00470	0.00390	0.38817
2	0.01609	0.14590	0.05010	0.03521	0.01651	0.01318	0.06480	0.17538	0.01675	0.13283	0.06843	0.11122	0.07222	0.00867	0.00590	0.00178	0.00568	0.00730	0.00492	0.04714
3	0.13949	0.05957	0.04050	0.01103	0.01538	0.01328	0.00937	0.21784	0.07731	0.24349	0.03828	0.04416	0.01360	0.00726	0.00549	0.00178	0.00539	0.00563	0.00558	0.04557
4	0.04881	0.10244	0.06734	0.06147	0.01504	0.01136	0.00919	0.11386	0.04184	0.08111	0.32746	0.04808	0.03012	0.00909	0.00605	0.00180	0.00481	0.00760	0.00531	0.00722
5	0.01411	0.01386	0.02163	0.12352	0.57722	0.05503	0.01665	0.01743	0.01345	0.01831	0.01422	0.01739	0.05904	0.00605	0.00591	0.00179	0.00706	0.00567	0.00307	0.00859
6	0.03317	0.00946	0.09110	0.00913	0.01166	0.00718	0.00780	0.03378	0.01397	0.12104	0.16522	0.26178	0.14676	0.03669	0.00747	0.00217	0.00428	0.02551	0.00551	0.00631
7	0.02463	0.01204	0.01429	0.01127	0.01565	0.05236	0.00919	0.10547	0.09311	0.56413	0.02163	0.01916	0.01411	0.00730	0.00592	0.00183	0.00547	0.00584	0.00680	0.00981
8	0.01104	0.00730	0.00992	0.01127	0.07932	0.00707	0.00758	0.02678	0.01266	0.08890	0.06790	0.20853	0.04912	0.20164	0.01274	0.00311	0.00497	0.17936	0.00503	0.00576
9	0.01389	0.17107	0.41685	0.03803	0.06668	0.04778	0.10533	0.01895	0.01294	0.04037	0.01068	0.01271	0.00804	0.00550	0.00546	0.00175	0.00828	0.00456	0.00276	0.00837
10	0.08082	0.01330	0.01966	0.16553	0.37532	0.01418	0.01492	0.13641	0.03317	0.07190	0.01242	0.01493	0.00954	0.00591	0.00571	0.00182	0.00672	0.00519	0.00379	0.00877
11	0.02423	0.01410	0.01449	0.01167	0.01582	0.15296	0.00938	0.09804	0.04595	0.49395	0.04411	0.01863	0.01436	0.00725	0.00587	0.00177	0.00615	0.00567	0.00630	0.00928
12	0.01378	0.08912	0.01851	0.13559	0.25476	0.04906	0.01288	0.04658	0.15151	0.01941	0.05347	0.09881	0.01607	0.00773	0.00591	0.00185	0.00620	0.00676	0.00400	0.00800
13	0.01233	0.08702	0.50419	0.01528	0.05577	0.01289	0.01730	0.01769	0.01333	0.05214	0.11878	0.01849	0.03602	0.00683	0.00573	0.00182	0.00728	0.00552	0.00340	0.00818
14	0.01018	0.00935	0.01455	0.01258	0.01472	0.05079	0.14468	0.01278	0.01092	0.01485	0.01662	0.02260	0.04481	0.03355	0.55013	0.00732	0.01390	0.00658	0.00323	0.00586
15	0.01315	0.01573	0.13982	0.17762	0.35857	0.02508	0.06132	0.01785	0.04348	0.01880	0.06125	0.01683	0.01220	0.00602	0.00597	0.00185	0.00733	0.00563	0.00317	0.00833
16	0.07322	0.07347	0.12121	0.11049	0.26516	0.11690	0.05113	0.01815	0.02648	0.01801	0.01202	0.06537	0.01050	0.00643	0.00563	0.00180	0.00749	0.00553	0.00311	0.00790
17	0.15360	0.01871	0.06575	0.05023	0.05723	0.23608	0.02599	0.20943	0.01746	0.02335	0.01266	0.04932	0.01074	0.00715	0.00554	0.00180	0.00754	0.03562	0.00406	0.00775
18	0.04856	0.03886	0.02013	0.08520	0.27563	0.24278	0.05512	0.08259	0.03522	0.01924	0.01244	0.01472	0.03151	0.00609	0.00567	0.00172	0.00802	0.00505	0.00338	0.00806
19	0.33810	0.11156	0.09455	0.05734	0.13276	0.01435	0.01115	0.04525	0.04517	0.02225	0.04780	0.01476	0.03073	0.00620	0.00480	0.00177	0.00576	0.00462	0.00360	0.00747

[dist]
# distance from previous block
# <min> <max>
16	155

[block]
# block no. 3 follows, 39 sequences, length 41
# corresponding to MSA columns:
# 466-506
name=unknown_D
#
# <colnr> <probs for GDERKNQSTAVLIFYWHMCP>
#	G	D	E	R	K	N	Q	S	T	A	V	L	I	F	Y	W	H	M	C	P
0	0.01502	0.01447	0.02318	0.03400	0.68409	0.03922	0.01734	0.03828	0.01393	0.01966	0.01112	0.01441	0.00931	0.00532	0.00579	0.00172	0.00704	0.00516	0.00304	0.03791
1	0.01418	0.01636	0.13049	0.03283	0.63201	0.01386	0.01842	0.01816	0.01330	0.01923	0.01104	0.01427	0.00908	0.00530	0.00579	0.00175	0.00721	0.00510	0.00288	0.02875
2	0.22351	0.08276	0.29556	0.05670	0.11424	0.01420	0.05552	0.01860	0.01224	0.06040	0.01064	0.01256	0.00795	0.00557	0.00511	0.00181	0.00708	0.00437	0.00315	0.00804
3	0.06124	0.05156	0.33966	0.04500	0.25586	0.01362	0.04455	0.01823	0.01304	0.04257	0.05120	0.01507	0.01094	0.00587	0.00565	0.00181	0.00744	0.00506	0.00309	0.00853
4	0.03700	0.00618	0.00801	0.00867	0.00963	0.00619	0.00623	0.03033	0.01155	0.01610	0.02794	0.51107	0.05377	0.02241	0.16315	0.00377	0.00618	0.03672	0.00490	0.03020
5	0.01609	0.01542	0.11575	0.02079	0.27027	0.01376	0.01399	0.14057	0.16290	0.08531	0.05650	0.03327	0.01457	0.00698	0.00597	0.00185	0.00622	0.00603	0.00460	0.00916
6	0.00767	0.00601	0.00691	0.00678	0.00831	0.00547	0.00498	0.00942	0.01344	0.01735	0.23648	0.04821	0.41583	0.09783	0.08632	0.00311	0.00452	0.01098	0.00533	0.00503
7	0.02111	0.17612	0.02046	0.01289	0.01769	0.01938	0.01101	0.58856	0.02457	0.03249	0.01297	0.01323	0.00955	0.00668	0.00548	0.00167	0.00647	0.00488	0.00522	0.00955
8	0.01901	0.01918	0.17006	0.09406	0.04327	0.05797	0.01408	0.43258	0.02166	0.05137	0.01299	0.01401	0.00929	0.00657	0.00582	0.00180	0.00731	0.00506	0.00467	0.00923
9	0.00995	0.00834	0.00937	0.00968	0.05086	0.00825	0.00696	0.04855	0.16393	0.01931	0.06738	0.06617	0.43504	0.01275	0.00677	0.00203	0.00390	0.05886	0.00551	0.00641
10	0.01581	0.79572	0.03099	0.01012	0.01518	0.02340	0.01012	0.01771	0.01202	0.01391	0.00822	0.00949	0.00759	0.00506	0.00379	0.00126	0.00632	0.00316	0.00253	0.00759
11	0.00860	0.00573	0.00645	0.00645	0.00645	0.00573	0.00358	0.00860	0.00860	0.01147	0.01863	0.03870	0.02150	0.79217	0.03010	0.00573	0.00573	0.00860	0.00358	0.00358
12	0.00809	0.00583	0.00774	0.00826	0.00928	0.00548	0.00616	0.01019	0.01414	0.01935	0.35113	0.32435	0.06279	0.01524	0.00738	0.00220	0.00347	0.12774	0.00593	0.00526
13	0.83394	0.01144	0.00869	0.00778	0.01144	0.01327	0.00640	0.01738	0.01006	0.02653	0.00823	0.00961	0.00640	0.00549	0.00366	0.00183	0.00457	0.00320	0.00366	0.00640
14	0.00719	0.00520	0.00680	0.00808	0.00854	0.00482	0.00542	0.00825	0.01147	0.01516	0.03447	0.73813	0.08808	0.01828	0.00751	0.00237	0.00340	0.01651	0.00549	0.00482
15	0.31711	0.28316	0.07263	0.01088	0.01525	0.18332	0.00989	0.01897	0.01238	0.01902	0.00860	0.01001	0.00715	0.00549	0.00422	0.00157	0.00681	0.00341	0.00306	0.00708
16	0.00860	0.00573	0.00645	0.00645	0.00645	0.00573	0.00358	0.00860	0.00860	0.01147	0.01863	0.03870	0.02150	0.79217	0.03010	0.00573	0.00573	0.00860	0.00358	0.00358
17	0.02122	0.01181	0.01387	0.01094	0.01464	0.01200	0.00868	0.31112	0.01963	0.31355	0.01867	0.02153	0.01419	0.16795	0.01088	0.00261	0.00577	0.00624	0.00599	0.00873
18	0.01442	0.52645	0.28809	0.01249	0.01884	0.02000	0.01425	0.01807	0.01218	0.01561	0.00906	0.01054	0.00755	0.00526	0.00444	0.00148	0.00717	0.00359	0.00252	0.00799
19	0.01506	0.01486	0.02359	0.03509	0.71311	0.05721	0.01776	0.01846	0.01365	0.01904	0.01101	0.01441	0.00927	0.00532	0.00582	0.00174	0.00723	0.00519	0.00293	0.00922
20	0.01422	0.01468	0.06352	0.09215	0.66088	0.01396	0.01822	0.01795	0.01329	0.01897	0.01105	0.01461	0.00915	0.00534	0.00585	0.00178	0.00718	0.00522	0.00288	0.00912
21	0.01609	0.01655	0.06915	0.21654	0.14366	0.10636	0.08266	0.17404	0.07704	0.02189	0.01251	0.01495	0.00948	0.00615	0.00592	0.00184	0.00778	0.00532	0.00374	0.00831
22	0.20334	0.01181	0.01290	0.01112	0.01403	0.01373	0.00899	0.22073	0.11120	0.02483	0.01401	0.01650	0.01134	0.01717	0.21211	0.00397	0.07502	0.00528	0.00438	0.00753
23	0.01253	0.01191	0.02043	0.52854	0.20302	0.01365	0.06920	0.03902	0.01287	0.01706	0.01088	0.01547	0.00837	0.00573	0.00598	0.00192	0.00780	0.00539	0.00283	0.00742
24	0.70586	0.01149	0.01010	0.10258	0.01526	0.01342	0.00780	0.04101	0.01087	0.02549	0.00871	0.01052	0.00671	0.00560	0.00401	0.00185	0.00505	0.00353	0.00361	0.00655
25	0.00948	0.00745	0.01089	0.07611	0.01403	0.00689	0.05676	0.01140	0.01204	0.03780	0.04807	0.48808	0.02891	0.01353	0.00675	0.00204	0.00446	0.01232	0.00481	0.14817
26	0.01296	0.01093	0.01264	0.00909	0.01431	0.00860	0.00730	0.06433	0.01333	0.02051	0.01076	0.01240	0.00885	0.00457	0.00449	0.00094	0.00453	0.00363	0.00367	0.77218
27	0.01912	0.01030	0.01297	0.00961	0.01453	0.00827	0.00782	0.02159	0.01450	0.37500	0.01667	0.01604	0.01159	0.00579	0.00513	0.00133	0.00469	0.00468	0.00534	0.43502
28	0.83394	0.01144	0.00869	0.00778	0.01144	0.01327	0.00640	0.01738	0.01006	0.02653	0.00823	0.00961	0.00640	0.00549	0.00366	0.00183	0.00457	0.00320	0.00366	0.00640
29	0.00730	0.00522	0.00697	0.00835	0.00873	0.00489	0.00566	0.00840	0.01142	0.01521	0.03254	0.75803	0.03890	0.01844	0.00757	0.00242	0.00352	0.04612	0.00549	0.00483
30	0.01487	0.00917	0.01077	0.00916	0.01186	0.03269	0.00720	0.11816	0.01809	0.19363	0.40097	0.03433	0.09387	0.01032	0.00654	0.00184	0.00410	0.00876	0.00642	0.00724
31	0.01245	0.01110	0.01471	0.01051	0.01584	0.00865	0.08549	0.01533	0.01245	0.01924	0.01067	0.01266	0.00878	0.00445	0.00466	0.00100	0.00498	0.00388	0.00345	0.73973
32	0.04369	0.00707	0.00848	0.00775	0.00988	0.00652	0.00590	0.01407	0.03948	0.14267	0.33643	0.08155	0.22303	0.03796	0.00745	0.00205	0.00348	0.01020	0.00610	0.00622
33	0.01361	0.00959	0.02607	0.00933	0.01192	0.00933	0.00738	0.18195	0.04601	0.09454	0.34126	0.03380	0.08663	0.09136	0.00897	0.00226	0.00438	0.00863	0.00597	0.00701
34	0.05911	0.54551	0.22807	0.01182	0.01780	0.02023	0.01310	0.01797	0.01204	0.01590	0.00887	0.01031	0.00750	0.00523	0.00428	0.00146	0.00689	0.00349	0.00258	0.00784
35	0.01389	0.01128	0.01306	0.00979	0.01451	0.00990	0.00788	0.15680	0.01505	0.02226	0.01179	0.01377	0.00963	0.00902	0.08314	0.00194	0.00598	0.00415	0.00395	0.58220
36	0.00859	0.00595	0.00705	0.00733	0.00769	0.00591	0.00458	0.03317	0.01027	0.01367	0.02400	0.26740	0.04989	0.47878	0.04622	0.00458	0.00530	0.01105	0.00429	0.00428
37	0.01573	0.01209	0.01425	0.03555	0.04693	0.01142	0.00905	0.19815	0.07755	0.06781	0.05356	0.01597	0.01275	0.00604	0.00524	0.00138	0.00511	0.00489	0.00465	0.40187
38	0.12926	0.18702	0.29309	0.01410	0.01997	0.07071	0.08747	0.03994	0.01313	0.01922	0.04855	0.01360	0.01027	0.00669	0.02200	0.00189	0.00769	0.00457	0.00309	0.00775
39	0.57355	0.08938	0.11004	0.01035	0.03463	0.03737	0.00936	0.01827	0.03547	0.02368	0.00918	0.01056	0.00717	0.00556	0.00412	0.00178	0.00554	0.00354	0.00344	0.00702
40	0.01591	0.63488	0.05338	0.01060	0.01536	0.08243	0.01029	0.01802	0.01285	0.03111	0.05975	0.01230	0.01105	0.00570	0.00425	0.00136	0.00649	0.00383	0.00295	0.00749

[dist]
# distance from previous block
# <min> <max>
0	2

[block]
# block no. 4 follows, 39 sequences, length 19
# corresponding to MSA columns:
# 510-528
name=unknown_E
#
# <colnr> <probs for GDERKNQSTAVLIFYWHMCP>
#	G	D	E	R	K	N	Q	S	T	A	V	L	I	F	Y	W	H	M	C	P
0	0.03887	0.25195	0.44212	0.01577	0.07743	0.01630	0.01710	0.01809	0.01249	0.01778	0.03488	0.01275	0.00926	0.00564	0.00509	0.00168	0.00757	0.00426	0.00271	0.00827
1	0.00837	0.00604	0.00790	0.00744	0.00883	0.00558	0.00558	0.01116	0.01674	0.02371	0.75216	0.04417	0.05580	0.01209	0.00697	0.00186	0.00279	0.01069	0.00651	0.00558
2	0.01186	0.03059	0.76153	0.01686	0.02560	0.01373	0.02185	0.01873	0.01249	0.01873	0.01061	0.01249	0.00749	0.00562	0.00562	0.00187	0.00874	0.00437	0.00250	0.00874
3	0.00733	0.00587	0.00615	0.00627	0.00773	0.00513	0.00439	0.00849	0.01233	0.01500	0.04941	0.11306	0.54803	0.17094	0.01166	0.00278	0.00358	0.01206	0.00511	0.00469
4	0.00710	0.00581	0.00627	0.00654	0.00816	0.00498	0.00476	0.00856	0.01318	0.01617	0.08806	0.21338	0.56532	0.01560	0.00711	0.00208	0.00308	0.01332	0.00554	0.00498
5	0.00808	0.00600	0.00753	0.00721	0.00867	0.00545	0.00538	0.01057	0.01595	0.02201	0.60162	0.07497	0.17896	0.01285	0.00700	0.00191	0.00285	0.01125	0.00629	0.00545
6	0.83394	0.01144	0.00869	0.00778	0.01144	0.01327	0.00640	0.01738	0.01006	0.02653	0.00823	0.00961	0.00640	0.00549	0.00366	0.00183	0.00457	0.00320	0.00366	0.00640
7	0.01613	0.75667	0.03027	0.01038	0.01534	0.06131	0.01019	0.01801	0.01226	0.01394	0.00827	0.00955	0.00759	0.00511	0.00387	0.00128	0.00655	0.00320	0.00256	0.00755
8	0.01661	0.01260	0.01521	0.03677	0.11016	0.01315	0.01041	0.13984	0.29796	0.10876	0.01935	0.01899	0.03542	0.00703	0.00575	0.00174	0.00531	0.00585	0.00526	0.13382
9	0.08252	0.04249	0.01651	0.04307	0.01789	0.01687	0.01057	0.46107	0.16898	0.05656	0.01568	0.01552	0.01137	0.00705	0.00569	0.00182	0.00599	0.00538	0.00556	0.00941
10	0.01521	0.01581	0.02204	0.16774	0.47791	0.13848	0.04172	0.01852	0.01373	0.01774	0.01071	0.01423	0.00879	0.00551	0.00582	0.00177	0.00789	0.00509	0.00289	0.00839
11	0.00867	0.00582	0.00669	0.00679	0.00689	0.00582	0.00404	0.00888	0.00898	0.01194	0.01960	0.04085	0.02246	0.73274	0.02842	0.00550	0.00571	0.06274	0.00373	0.00373
12	0.25698	0.13761	0.16967	0.01257	0.05978	0.07158	0.01144	0.01899	0.01299	0.10655	0.07906	0.01496	0.01258	0.00630	0.00491	0.00173	0.00621	0.00461	0.00384	0.00763
13	0.03087	0.25186	0.25075	0.01825	0.18078	0.04694	0.01539	0.03262	0.03559	0.04742	0.01145	0.01401	0.00928	0.00585	0.00518	0.00167	0.00724	0.02332	0.00309	0.00842
14	0.01769	0.01261	0.01572	0.01597	0.14893	0.01326	0.01081	0.16020	0.26419	0.15648	0.07617	0.02027	0.01698	0.00741	0.00597	0.00183	0.00536	0.00624	0.00562	0.03829
15	0.01432	0.03928	0.11741	0.07489	0.09715	0.02663	0.03071	0.02275	0.28007	0.07994	0.05278	0.05802	0.01615	0.00760	0.00620	0.00189	0.02164	0.00644	0.00463	0.04148
16	0.03968	0.01253	0.03585	0.14477	0.13578	0.01271	0.01198	0.11389	0.15381	0.11435	0.03535	0.01898	0.01338	0.00687	0.00579	0.00179	0.00592	0.03029	0.00465	0.10164
17	0.01898	0.04129	0.10699	0.01442	0.06581	0.03749	0.01202	0.36310	0.06817	0.10088	0.03764	0.03596	0.01262	0.00710	0.00579	0.00175	0.00636	0.00561	0.00514	0.05287
18	0.01325	0.01432	0.09761	0.03873	0.22467	0.05023	0.02654	0.03482	0.15347	0.02027	0.08606	0.03954	0.04042	0.02737	0.00660	0.00190	0.00608	0.03144	0.00417	0.08250

[dist]
# distance from previous block
# <min> <max>
3	41

[block]
# block no. 5 follows, 39 sequences, length 24
# corresponding to MSA columns:
# 570-593
name=unknown_F
#
# <colnr> <probs for GDERKNQSTAVLIFYWHMCP>
#	G	D	E	R	K	N	Q	S	T	A	V	L	I	F	Y	W	H	M	C	P
0	0.04917	0.39748	0.29434	0.01396	0.05090	0.03942	0.01472	0.01811	0.01218	0.01646	0.00922	0.01098	0.00759	0.00553	0.00522	0.00159	0.03878	0.00379	0.00260	0.00797
1	0.01905	0.40409	0.02387	0.01253	0.01676	0.31399	0.01076	0.10446	0.01573	0.01688	0.00928	0.01050	0.00789	0.00570	0.00465	0.00143	0.00804	0.00367	0.00313	0.00759
2	0.01730	0.05060	0.12152	0.03243	0.01873	0.01559	0.02899	0.36958	0.12729	0.02817	0.01704	0.04012	0.01399	0.00814	0.00610	0.00193	0.00647	0.08202	0.00509	0.00890
3	0.05319	0.43405	0.15114	0.01253	0.01770	0.14271	0.04365	0.01860	0.01308	0.01606	0.04202	0.01202	0.00973	0.00565	0.00463	0.00150	0.00737	0.00398	0.00286	0.00754
4	0.00963	0.00804	0.03449	0.00886	0.01046	0.00758	0.00667	0.04199	0.13331	0.01945	0.20745	0.30026	0.07227	0.10039	0.00951	0.00251	0.00402	0.01162	0.00553	0.00596
5	0.00845	0.00634	0.00950	0.00950	0.01056	0.00739	0.00739	0.01056	0.00950	0.01373	0.01584	0.02323	0.01478	0.04435	0.76873	0.00950	0.01584	0.00634	0.00317	0.00528
6	0.01427	0.01368	0.02334	0.11508	0.67937	0.01395	0.01797	0.01783	0.01329	0.01887	0.01106	0.01476	0.00921	0.00534	0.00586	0.00178	0.00712	0.00527	0.00290	0.00907
7	0.01226	0.01051	0.01226	0.00876	0.01401	0.00788	0.00701	0.01489	0.01226	0.01927	0.01051	0.01226	0.00876	0.00438	0.00438	0.00088	0.00438	0.00350	0.00350	0.82832
8	0.01436	0.01357	0.02199	0.09433	0.59203	0.01407	0.01677	0.01976	0.11615	0.01973	0.01289	0.01577	0.01047	0.00571	0.00588	0.00181	0.00677	0.00547	0.00334	0.00913
9	0.00831	0.00604	0.00783	0.00738	0.00880	0.00556	0.00554	0.01105	0.01661	0.02340	0.72382	0.04470	0.08434	0.01221	0.00698	0.00187	0.00280	0.01077	0.00647	0.00556
10	0.02025	0.01539	0.01738	0.12096	0.02124	0.01731	0.01181	0.57591	0.08494	0.03312	0.01450	0.01507	0.01041	0.00701	0.00592	0.00182	0.00655	0.00543	0.00546	0.00951
11	0.01706	0.01387	0.01470	0.01251	0.01627	0.01581	0.00993	0.24449	0.52769	0.02853	0.02108	0.01968	0.01563	0.00774	0.00599	0.00194	0.00523	0.00627	0.00599	0.00957
12	0.01027	0.00514	0.00770	0.00770	0.00770	0.00514	0.00514	0.00770	0.00770	0.01027	0.01027	0.01798	0.01027	0.02054	0.02311	0.82794	0.00514	0.00514	0.00257	0.00257
13	0.83394	0.01144	0.00869	0.00778	0.01144	0.01327	0.00640	0.01738	0.01006	0.02653	0.00823	0.00961	0.00640	0.00549	0.00366	0.00183	0.00457	0.00320	0.00366	0.00640
14	0.00860	0.00619	0.00826	0.00832	0.00966	0.00585	0.00655	0.01130	0.01573	0.02186	0.54346	0.08230	0.04972	0.01342	0.00729	0.00210	0.00347	0.18419	0.00620	0.00551
15	0.00860	0.00573	0.00645	0.00645	0.00645	0.00573	0.00358	0.00860	0.00860	0.01147	0.01863	0.03870	0.02150	0.79217	0.03010	0.00573	0.00573	0.00860	0.00358	0.00358
16	0.01226	0.01051	0.01226	0.00876	0.01401	0.00788	0.00701	0.01489	0.01226	0.01927	0.01051	0.01226	0.00876	0.00438	0.00438	0.00088	0.00438	0.00350	0.00350	0.82832
17	0.01117	0.01051	0.01774	0.77795	0.04073	0.01314	0.01642	0.01511	0.01182	0.01511	0.01051	0.01577	0.00788	0.00591	0.00591	0.00197	0.00788	0.00526	0.00263	0.00657
18	0.01226	0.01051	0.01226	0.00876	0.01401	0.00788	0.00701	0.01489	0.01226	0.01927	0.01051	0.01226	0.00876	0.00438	0.00438	0.00088	0.00438	0.00350	0.00350	0.82832
19	0.17804	0.01979	0.04025	0.01565	0.01999	0.27237	0.17213	0.17277	0.01706	0.02279	0.01071	0.01244	0.00820	0.00593	0.00551	0.00175	0.00839	0.00474	0.00375	0.00775
20	0.02034	0.24163	0.02072	0.01381	0.01742	0.56124	0.01106	0.02197	0.01544	0.01432	0.00889	0.01034	0.00761	0.00581	0.00490	0.00145	0.00946	0.00363	0.00290	0.00706
21	0.00699	0.00599	0.00599	0.00599	0.00799	0.00499	0.00449	0.00849	0.01348	0.01598	0.05991	0.05691	0.75288	0.01498	0.00699	0.00200	0.00300	0.01248	0.00549	0.00499
22	0.02248	0.01656	0.01775	0.01361	0.01834	0.01834	0.01124	0.73556	0.02780	0.03727	0.01420	0.01420	0.01006	0.00710	0.00592	0.00177	0.00651	0.00532	0.00592	0.01006
23	0.01440	0.01445	0.04798	0.06581	0.70225	0.01400	0.01820	0.01804	0.01337	0.01913	0.01108	0.01461	0.00925	0.00531	0.00585	0.00177	0.00712	0.00524	0.00290	0.00923

[dist]
# distance from previous block
# <min> <max>
0	3

[block]
# block no. 6 follows, 39 sequences, length 103
# corresponding to MSA columns:
# 597-699
name=unknown_G
#
# <colnr> <probs for GDERKNQSTAVLIFYWHMCP>
#	G	D	E	R	K	N	Q	S	T	A	V	L	I	F	Y	W	H	M	C	P
0	0.01727	0.01221	0.01396	0.01201	0.01569	0.01340	0.02640	0.03056	0.56869	0.18469	0.02362	0.02150	0.01709	0.00780	0.00602	0.00197	0.00488	0.00653	0.00623	0.00948
1	0.00855	0.00594	0.00751	0.00751	0.00787	0.00631	0.00490	0.00928	0.00891	0.01225	0.01767	0.03335	0.01918	0.53368	0.28541	0.00704	0.00923	0.00782	0.00344	0.00417
2	0.83394	0.01144	0.00869	0.00778	0.01144	0.01327	0.00640	0.01738	0.01006	0.02653	0.00823	0.00961	0.00640	0.00549	0.00366	0.00183	0.00457	0.00320	0.00366	0.00640
3	0.83394	0.01144	0.00869	0.00778	0.01144	0.01327	0.00640	0.01738	0.01006	0.02653	0.00823	0.00961	0.00640	0.00549	0.00366	0.00183	0.00457	0.00320	0.00366	0.00640
4	0.80903	0.01202	0.03150	0.00805	0.01187	0.01328	0.00687	0.01742	0.01014	0.02630	0.00831	0.00969	0.00644	0.00549	0.00372	0.00183	0.00470	0.00324	0.00362	0.00648
5	0.01150	0.01085	0.01834	0.70646	0.10961	0.01323	0.01659	0.01540	0.01198	0.01552	0.01057	0.01566	0.00803	0.00585	0.00591	0.00195	0.00780	0.00526	0.00266	0.00684
6	0.01512	0.01490	0.01305	0.01184	0.01473	0.18490	0.00907	0.02558	0.43266	0.02219	0.16653	0.02389	0.02323	0.00840	0.00605	0.00187	0.00567	0.00683	0.00544	0.00803
7	0.00710	0.00581	0.00619	0.00646	0.00804	0.00499	0.00465	0.00844	0.01284	0.01561	0.05266	0.20260	0.57840	0.04920	0.00810	0.00224	0.00320	0.01318	0.00541	0.00489
8	0.01227	0.01159	0.01972	0.54763	0.05309	0.01361	0.10886	0.05978	0.01321	0.01741	0.04280	0.01677	0.01026	0.00631	0.00670	0.00198	0.04225	0.00572	0.00305	0.00699
9	0.01177	0.00961	0.01140	0.00871	0.01314	0.00739	0.00680	0.01412	0.01222	0.03614	0.01447	0.14077	0.01392	0.00679	0.00494	0.00115	0.00424	0.00576	0.00392	0.67273
10	0.83394	0.01144	0.00869	0.00778	0.01144	0.01327	0.00640	0.01738	0.01006	0.02653	0.00823	0.00961	0.00640	0.00549	0.00366	0.00183	0.00457	0.00320	0.00366	0.00640
11	0.14912	0.25229	0.36745	0.01396	0.02057	0.01660	0.06860	0.01822	0.01206	0.01861	0.00961	0.01138	0.00745	0.00539	0.00486	0.00170	0.00743	0.00401	0.00274	0.00796
12	0.01367	0.01305	0.16818	0.01072	0.01461	0.00918	0.01028	0.08717	0.01672	0.14609	0.35255	0.03073	0.03217	0.00943	0.00640	0.00186	0.00493	0.03826	0.00562	0.02839
13	0.00859	0.00655	0.00839	0.00950	0.03225	0.00652	0.00641	0.01203	0.11099	0.01759	0.12000	0.56913	0.03744	0.01591	0.00722	0.00226	0.00363	0.01434	0.00561	0.00565
14	0.01194	0.02772	0.64012	0.03726	0.02609	0.01360	0.09997	0.01836	0.01260	0.01855	0.01139	0.03530	0.00858	0.00593	0.00583	0.00190	0.00870	0.00504	0.00264	0.00849
15	0.01765	0.01384	0.01479	0.01248	0.01632	0.01564	0.00994	0.25708	0.48686	0.05694	0.02088	0.01947	0.01536	0.00770	0.00598	0.00192	0.00528	0.00622	0.00603	0.00961
16	0.04002	0.02919	0.06931	0.01146	0.03364	0.00945	0.00975	0.02645	0.01603	0.62309	0.02185	0.05211	0.01471	0.00754	0.00590	0.00184	0.00531	0.00617	0.00660	0.00959
17	0.01193	0.04756	0.70399	0.01671	0.02510	0.01380	0.04260	0.01853	0.01262	0.01874	0.02877	0.01330	0.00872	0.00574	0.00565	0.00186	0.00857	0.00458	0.00261	0.00861
18	0.03377	0.22477	0.48459	0.01447	0.02170	0.01630	0.01732	0.04316	0.04447	0.03237	0.01088	0.01226	0.00816	0.00566	0.00514	0.00172	0.00770	0.00419	0.00289	0.00848
19	0.01345	0.01284	0.02186	0.28995	0.51090	0.01374	0.01756	0.01711	0.01290	0.01788	0.01091	0.01502	0.00886	0.00549	0.00587	0.00183	0.00732	0.00526	0.00282	0.00841
20	0.02326	0.01068	0.03601	0.01149	0.04672	0.00911	0.00916	0.04413	0.03464	0.59532	0.02581	0.02318	0.08687	0.00795	0.00604	0.00185	0.00506	0.00652	0.00674	0.00948
21	0.02451	0.01082	0.03231	0.01165	0.04357	0.00933	0.00933	0.06265	0.01722	0.63586	0.06247	0.02077	0.01631	0.00745	0.00599	0.00183	0.00515	0.00611	0.00692	0.00976
22	0.01405	0.01345	0.02295	0.16125	0.63489	0.01390	0.01786	0.01764	0.01319	0.01861	0.01102	0.01483	0.00912	0.00538	0.00586	0.00179	0.00717	0.00527	0.00288	0.00890
23	0.01376	0.21345	0.48287	0.01558	0.02287	0.05648	0.06671	0.01894	0.01278	0.03050	0.01028	0.01204	0.00775	0.00550	0.00526	0.00172	0.00828	0.00425	0.00265	0.00833
24	0.01971	0.03542	0.17142	0.01945	0.23647	0.01169	0.01424	0.02330	0.01486	0.36855	0.01671	0.01666	0.01142	0.00630	0.00580	0.00180	0.00642	0.00535	0.00490	0.00952
25	0.01133	0.01042	0.01753	0.68410	0.05962	0.01269	0.03386	0.01521	0.01197	0.01580	0.01116	0.01616	0.00845	0.00594	0.00582	0.00192	0.00756	0.00532	0.05851	0.00662
26	0.01506	0.01275	0.01344	0.01191	0.01532	0.01460	0.00931	0.09370	0.64761	0.02547	0.02478	0.02291	0.05004	0.00825	0.00605	0.00198	0.00477	0.00682	0.00598	0.00923
27	0.01239	0.01250	0.04843	0.49292	0.28664	0.01348	0.01723	0.01630	0.01242	0.01670	0.01073	0.01525	0.00838	0.00568	0.00588	0.00189	0.00762	0.00523	0.00273	0.00762
28	0.01294	0.02348	0.42040	0.02227	0.13244	0.01417	0.25144	0.01871	0.01310	0.01888	0.01112	0.01392	0.00824	0.00536	0.00609	0.00190	0.00889	0.00534	0.00272	0.00858
29	0.00802	0.00573	0.00742	0.00849	0.00905	0.00551	0.00581	0.04075	0.01203	0.01603	0.03120	0.70094	0.03697	0.04763	0.00836	0.00251	0.00372	0.03937	0.00543	0.00501
30	0.00727	0.00549	0.00673	0.00749	0.00843	0.00495	0.00521	0.00864	0.01257	0.01633	0.12203	0.49055	0.24938	0.01676	0.00732	0.00222	0.00323	0.01486	0.00561	0.00495
31	0.02358	0.00992	0.01308	0.01037	0.01453	0.00898	0.00846	0.02715	0.08339	0.61842	0.02510	0.02248	0.05586	0.00941	0.03890	0.00219	0.00535	0.00639	0.00692	0.00951
32	0.02562	0.03834	0.01480	0.01165	0.04804	0.00946	0.00916	0.02795	0.01660	0.69978	0.02225	0.01950	0.01415	0.00715	0.00587	0.00181	0.00517	0.00582	0.00695	0.00994
33	0.00845	0.00634	0.00950	0.00950	0.01056	0.00739	0.00739	0.01056	0.00950	0.01373	0.01584	0.02323	0.01478	0.04435	0.76873	0.00950	0.01584	0.00634	0.00317	0.00528
34	0.01367	0.01386	0.05502	0.12956	0.58463	0.01342	0.01740	0.01730	0.01321	0.01860	0.01315	0.01759	0.03294	0.00601	0.00596	0.00183	0.00704	0.02707	0.00303	0.00872
35	0.04175	0.01821	0.11118	0.16526	0.23355	0.14552	0.01535	0.14303	0.03319	0.02107	0.01135	0.01384	0.00878	0.00597	0.00569	0.00178	0.00781	0.00488	0.00345	0.00835
36	0.06542	0.01354	0.02113	0.21849	0.35579	0.01455	0.06313	0.13832	0.01529	0.02169	0.01136	0.01463	0.00890	0.00574	0.00582	0.00183	0.00720	0.00526	0.00340	0.00850
37	0.00992	0.00803	0.01233	0.01159	0.03601	0.00764	0.10477	0.01285	0.02929	0.03617	0.19037	0.06831	0.16613	0.04848	0.03551	0.00260	0.00536	0.20354	0.00517	0.00594
38	0.69970	0.01421	0.01003	0.00901	0.01257	0.13813	0.00723	0.01841	0.01117	0.02454	0.00838	0.00978	0.00661	0.00559	0.00394	0.00178	0.00558	0.00330	0.00356	0.00648
39	0.00788	0.00588	0.00815	0.01016	0.05485	0.00557	0.00664	0.00925	0.01174	0.01564	0.03193	0.64878	0.05734	0.01739	0.00749	0.00238	0.00384	0.08460	0.00533	0.00515
40	0.01799	0.01938	0.01475	0.01350	0.03155	0.37068	0.01016	0.10330	0.17863	0.02065	0.10482	0.02029	0.03607	0.00782	0.00587	0.00175	0.00752	0.02314	0.00457	0.00759
41	0.00739	0.00602	0.00657	0.00659	0.00839	0.00519	0.00499	0.00918	0.01404	0.01751	0.18916	0.07773	0.56052	0.01461	0.00707	0.00202	0.00310	0.04911	0.00568	0.00512
42	0.01581	0.79572	0.03099	0.01012	0.01518	0.02340	0.01012	0.01771	0.01202	0.01391	0.00822	0.00949	0.00759	0.00506	0.00379	0.00126	0.00632	0.00316	0.00253	0.00759
43	0.01796	0.01054	0.01370	0.01007	0.01508	0.00847	0.03522	0.02054	0.01417	0.31132	0.01563	0.01551	0.01109	0.00556	0.00510	0.00129	0.00485	0.00460	0.00499	0.47432
44	0.01562	0.01591	0.02305	0.03352	0.65814	0.11348	0.01726	0.01887	0.01390	0.01868	0.01086	0.01411	0.00914	0.00538	0.00579	0.00173	0.00751	0.00508	0.00294	0.00904
45	0.00985	0.00731	0.00865	0.00893	0.01042	0.00739	0.00643	0.01481	0.18740	0.04993	0.06085	0.45226	0.12291	0.01484	0.00702	0.00221	0.00372	0.01315	0.00573	0.00617
46	0.01422	0.01363	0.02325	0.12519	0.66963	0.01394	0.01794	0.01779	0.01327	0.01882	0.01105	0.01477	0.00919	0.00535	0.00586	0.00178	0.00713	0.00527	0.00289	0.00903
47	0.01911	0.01004	0.01235	0.01036	0.01351	0.00982	0.00807	0.19517	0.01747	0.33001	0.02307	0.21669	0.02034	0.07513	0.00835	0.00229	0.00504	0.00879	0.00620	0.00818
48	0.01255	0.02907	0.70001	0.01748	0.05767	0.01355	0.02118	0.01909	0.01270	0.04717	0.01112	0.01287	0.00785	0.00567	0.00564	0.00187	0.00852	0.00447	0.00270	0.00882
49	0.01102	0.00551	0.00551	0.00551	0.00689	0.00551	0.00413	0.01378	0.01240	0.02205	0.01929	0.02205	0.01516	0.00689	0.00413	0.00138	0.00276	0.00551	0.82500	0.00551
50	0.01199	0.04399	0.56478	0.01610	0.02350	0.01345	0.07332	0.01903	0.07665	0.01892	0.01500	0.03508	0.04891	0.00658	0.00583	0.00190	0.00798	0.00548	0.00308	0.00841
51	0.01384	0.01769	0.19084	0.03076	0.54206	0.01383	0.04978	0.01816	0.01334	0.01927	0.02774	0.01487	0.00997	0.00549	0.00588	0.00180	0.00745	0.00526	0.00291	0.00908
52	0.02504	0.03612	0.01389	0.01028	0.01470	0.00898	0.00852	0.02730	0.01665	0.68976	0.04601	0.02161	0.03787	0.00762	0.00594	0.00182	0.00495	0.00619	0.00708	0.00969
53	0.00719	0.00521	0.00679	0.00806	0.00853	0.00482	0.00541	0.00825	0.01149	0.01516	0.03472	0.73127	0.09477	0.01825	0.00750	0.00237	0.00340	0.01647	0.00549	0.00482
54	0.01456	0.04096	0.13120	0.12097	0.44167	0.08929	0.04092	0.01842	0.01342	0.01806	0.01072	0.01395	0.00867	0.00547	0.00575	0.00177	0.00782	0.00498	0.00283	0.00858
55	0.01451	0.37823	0.31306	0.01561	0.09267	0.06057	0.01554	0.01848	0.01261	0.01635	0.00949	0.01123	0.00773	0.00536	0.00479	0.00156	0.00758	0.00388	0.00259	0.00817
56	0.83394	0.01144	0.00869	0.00778	0.01144	0.01327	0.00640	0.01738	0.01006	0.02653	0.00823	0.00961	0.00640	0.00549	0.00366	0.00183	0.00457	0.00320	0.00366	0.00640
57	0.01659	0.70057	0.02922	0.01075	0.01556	0.11576	0.01028	0.01844	0.01260	0.01398	0.00834	0.00963	0.00759	0.00519	0.00399	0.00130	0.00686	0.00324	0.00259	0.00750
58	0.01878	0.01784	0.14082	0.01552	0.06551	0.03439	0.04503	0.42625	0.03845	0.05570	0.01446	0.03816	0.01093	0.00775	0.02150	0.00197	0.00708	0.00563	0.02500	0.00924
59	0.00764	0.00540	0.00709	0.00821	0.00860	0.00519	0.00558	0.00868	0.01103	0.01470	0.02982	0.59303	0.03524	0.13698	0.03587	0.00317	0.00434	0.06963	0.00512	0.00468
60	0.00953	0.00681	0.00953	0.01089	0.01225	0.00681	0.00953	0.01225	0.01361	0.01770	0.03131	0.06671	0.03403	0.01634	0.00817	0.00272	0.00545	0.71547	0.00545	0.00545
61	0.07306	0.51932	0.06849	0.01154	0.01625	0.19528	0.01085	0.01912	0.01301	0.01519	0.00857	0.00994	0.00751	0.00536	0.00425	0.00140	0.00735	0.00339	0.00273	0.00740
62	0.01366	0.01002	0.01256	0.05088	0.01480	0.01047	0.03948	0.19791	0.09281	0.06860	0.09850	0.27434	0.06748	0.01175	0.00668	0.00205	0.00487	0.01028	0.00561	0.00725
63	0.83394	0.01144	0.00869	0.00778	0.01144	0.01327	0.00640	0.01738	0.01006	0.02653	0.00823	0.00961	0.00640	0.00549	0.00366	0.00183	0.00457	0.00320	0.00366	0.00640
64	0.01361	0.01433	0.06587	0.20947	0.47431	0.02863	0.04842	0.01743	0.01311	0.01812	0.01156	0.01633	0.00960	0.00578	0.00596	0.00185	0.00748	0.02678	0.00291	0.00844
65	0.00721	0.00515	0.00686	0.00823	0.00858	0.00480	0.00549	0.00823	0.01132	0.01510	0.03259	0.78831	0.03911	0.01853	0.00755	0.00240	0.00343	0.01681	0.00549	0.00480
66	0.01386	0.01465	0.07016	0.15347	0.54432	0.01395	0.06771	0.01775	0.01317	0.01858	0.01105	0.01477	0.00898	0.00537	0.00593	0.00181	0.00748	0.00533	0.00286	0.00878
67	0.04820	0.06982	0.48331	0.01960	0.10764	0.01451	0.13781	0.01858	0.01271	0.01889	0.01065	0.01300	0.00791	0.00544	0.00568	0.00184	0.00843	0.00478	0.00268	0.00852
68	0.02653	0.01006	0.01372	0.01052	0.01510	0.00869	0.00869	0.02882	0.01693	0.75937	0.02333	0.02013	0.01464	0.00732	0.00595	0.00183	0.00503	0.00595	0.00732	0.01006
69	0.00723	0.00520	0.00686	0.00814	0.00856	0.00483	0.00546	0.00832	0.01153	0.01534	0.05177	0.74494	0.06343	0.01825	0.00751	0.00237	0.00340	0.01651	0.00552	0.00483
70	0.01331	0.01083	0.01256	0.00910	0.01422	0.00860	0.00731	0.06760	0.01356	0.04278	0.01231	0.01368	0.02627	0.00491	0.00460	0.00100	0.00452	0.00392	0.00384	0.72508
71	0.00857	0.00608	0.00832	0.00837	0.00910	0.00672	0.00605	0.01006	0.00944	0.01351	0.01743	0.05508	0.01765	0.26133	0.48759	0.00775	0.01180	0.00734	0.04305	0.00478
72	0.00845	0.00634	0.00950	0.00950	0.01056	0.00739	0.00739	0.01056	0.00950	0.01373	0.01584	0.02323	0.01478	0.04435	0.76873	0.00950	0.01584	0.00634	0.00317	0.00528
73	0.01202	0.02955	0.71165	0.01765	0.04115	0.01380	0.05548	0.01873	0.01258	0.01875	0.01069	0.01269	0.00760	0.00558	0.00569	0.00188	0.00876	0.00451	0.00253	0.00872
74	0.01386	0.01657	0.14945	0.09383	0.52079	0.01397	0.03483	0.01860	0.04570	0.01910	0.01158	0.01472	0.00930	0.00550	0.00585	0.00181	0.00735	0.00522	0.00297	0.00899
75	0.00814	0.00604	0.00759	0.00720	0.00870	0.00548	0.00540	0.01072	0.01621	0.02245	0.63920	0.04625	0.16955	0.01256	0.00698	0.00188	0.00282	0.01099	0.00634	0.00548
76	0.00938	0.00676	0.00932	0.01061	0.01201	0.00670	0.00924	0.01203	0.01361	0.01760	0.03297	0.06614	0.07573	0.01626	0.00810	0.00268	0.00530	0.67469	0.00545	0.00542
77	0.01600	0.16398	0.23601	0.01933	0.15043	0.21870	0.07855	0.01978	0.01385	0.01684	0.00999	0.01214	0.00800	0.00553	0.00537	0.00166	0.00863	0.00439	0.00277	0.00807
78	0.01668	0.06385	0.07697	0.02619	0.44848	0.03199	0.01534	0.05157	0.01450	0.14180	0.01394	0.04830	0.01126	0.00629	0.00579	0.00177	0.00669	0.00565	0.00384	0.00910
79	0.00876	0.00585	0.00757	0.00813	0.00922	0.00536	0.00587	0.01039	0.01316	0.06285	0.17591	0.45289	0.12899	0.01598	0.00731	0.00223	0.00350	0.06486	0.00580	0.00535
80	0.01263	0.13914	0.01392	0.00886	0.01247	0.02706	0.00727	0.01574	0.04683	0.06894	0.27267	0.02504	0.04479	0.00786	0.00546	0.00144	0.00431	0.00651	0.00480	0.27428
81	0.00859	0.00577	0.00662	0.00662	0.00668	0.00583	0.00380	0.00871	0.00865	0.01160	0.01847	0.03782	0.02112	0.74959	0.07215	0.00595	0.00631	0.00847	0.00356	0.00368
82	0.01408	0.01502	0.03017	0.06258	0.29484	0.01455	0.44154	0.01848	0.01368	0.01891	0.01159	0.01547	0.00907	0.00513	0.00652	0.00191	0.00881	0.00628	0.00295	0.00842
83	0.01976	0.01545	0.01620	0.01309	0.01730	0.03240	0.01059	0.47497	0.27804	0.03243	0.01754	0.01687	0.01280	0.00740	0.00594	0.00185	0.00595	0.00577	0.00589	0.00975
84	0.01219	0.06248	0.67529	0.01717	0.02555	0.01424	0.07497	0.01870	0.01258	0.01854	0.01061	0.01262	0.00761	0.00555	0.00564	0.00186	0.00873	0.00451	0.00254	0.00863
85	0.00720	0.00518	0.00683	0.00815	0.00856	0.00481	0.00545	0.00824	0.01140	0.01513	0.03357	0.76215	0.06464	0.01840	0.00753	0.00239	0.00342	0.01666	0.00549	0.00481
86	0.01279	0.01272	0.01783	0.01533	0.01536	0.01776	0.01276	0.01411	0.00907	0.01422	0.00803	0.01327	0.00799	0.01146	0.04386	0.00281	0.75637	0.00521	0.00261	0.00643
87	0.83394	0.01144	0.00869	0.00778	0.01144	0.01327	0.00640	0.01738	0.01006	0.02653	0.00823	0.00961	0.00640	0.00549	0.00366	0.00183	0.00457	0.00320	0.00366	0.00640
88	0.00877	0.00677	0.00990	0.04804	0.03342	0.00667	0.04135	0.02861	0.01233	0.01644	0.05025	0.50496	0.03346	0.05317	0.00851	0.00252	0.00453	0.11983	0.00510	0.00537
89	0.02653	0.01006	0.01372	0.01052	0.01510	0.00869	0.00869	0.02882	0.01693	0.75937	0.02333	0.02013	0.01464	0.00732	0.00595	0.00183	0.00503	0.00595	0.00732	0.01006
90	0.02653	0.01006	0.01372	0.01052	0.01510	0.00869	0.00869	0.02882	0.01693	0.75937	0.02333	0.02013	0.01464	0.00732	0.00595	0.00183	0.00503	0.00595	0.00732	0.01006
91	0.00721	0.00515	0.00686	0.00823	0.00858	0.00480	0.00549	0.00823	0.01132	0.01510	0.03259	0.78831	0.03911	0.01853	0.00755	0.00240	0.00343	0.01681	0.00549	0.00480
92	0.01391	0.01582	0.03415	0.02451	0.03022	0.01510	0.70171	0.01873	0.01374	0.01873	0.01178	0.01582	0.00892	0.00522	0.00753	0.00202	0.04430	0.00690	0.00297	0.00791
