[name]
unknown

[dist]
# distance from previous block
# <min> <max>
11	43

[block]
# block no. 0 follows, 47 sequences, length 55
# corresponding to MSA columns:
# 48-102
name=unknown_A
#
# <colnr> <probs for GDERKNQSTAVLIFYWHMCP>
#	G	D	E	R	K	N	Q	S	T	A	V	L	I	F	Y	W	H	M	C	P
0	0.04437	0.00949	0.01124	0.00918	0.01246	0.00931	0.00729	0.15934	0.10423	0.30693	0.01945	0.11335	0.03991	0.03957	0.00608	0.00174	0.00436	0.00635	0.00527	0.09007
1	0.05350	0.00997	0.01152	0.00937	0.01266	0.01010	0.00752	0.21927	0.11405	0.23474	0.13799	0.05259	0.03273	0.00743	0.00527	0.00159	0.00428	0.00609	0.00539	0.06395
2	0.07128	0.01070	0.01232	0.00966	0.01330	0.03202	0.00787	0.19799	0.01555	0.29638	0.05302	0.03199	0.01228	0.00636	0.00557	0.00149	0.04956	0.00488	0.00492	0.16287
3	0.04790	0.03595	0.01425	0.02597	0.01424	0.08141	0.08480	0.09916	0.04654	0.11878	0.01556	0.05984	0.06039	0.06392	0.03608	0.00218	0.14768	0.00580	0.00381	0.03573
4	0.05305	0.00937	0.02574	0.04212	0.01341	0.00869	0.03790	0.11353	0.05438	0.13195	0.08112	0.14862	0.01707	0.02101	0.00549	0.00156	0.00437	0.00651	0.00443	0.21970
5	0.13693	0.01070	0.01315	0.01036	0.01383	0.01110	0.05619	0.23219	0.03016	0.27580	0.08928	0.01693	0.01389	0.02643	0.00609	0.00172	0.03733	0.00524	0.00505	0.00762
6	0.20780	0.01237	0.01362	0.03292	0.01497	0.01383	0.03926	0.36703	0.09240	0.02599	0.02671	0.01273	0.00933	0.00605	0.00551	0.00161	0.05637	0.00444	0.00429	0.05278
7	0.80377	0.01002	0.00813	0.05410	0.01160	0.01168	0.00616	0.01519	0.00895	0.02277	0.00737	0.00878	0.00572	0.00486	0.00334	0.00162	0.00420	0.00293	0.00317	0.00565
8	0.01080	0.00926	0.01080	0.00771	0.01234	0.00694	0.00617	0.01311	0.01080	0.01697	0.00926	0.01080	0.00771	0.00386	0.00386	0.00077	0.00386	0.00309	0.00309	0.84882
9	0.01139	0.01139	0.01595	0.01367	0.01367	0.01595	0.01139	0.01253	0.00798	0.01253	0.00684	0.01139	0.00684	0.00911	0.01709	0.00228	0.80745	0.00456	0.00228	0.00570
10	0.00657	0.00535	0.00588	0.00611	0.00769	0.00466	0.00474	0.00808	0.01191	0.01454	0.07648	0.08953	0.59598	0.01344	0.00634	0.00187	0.00299	0.12849	0.00486	0.00447
11	0.02131	0.01061	0.01272	0.01002	0.01389	0.03377	0.00818	0.14969	0.11441	0.53937	0.01890	0.01682	0.01241	0.00646	0.00522	0.00161	0.00476	0.00517	0.00598	0.00870
12	0.01469	0.68629	0.02525	0.00961	0.01377	0.10197	0.00913	0.04648	0.01153	0.01314	0.00753	0.00870	0.00678	0.00472	0.00386	0.00118	0.02333	0.00296	0.00240	0.00668
13	0.00691	0.00497	0.00655	0.00686	0.00768	0.00461	0.00488	0.00868	0.01261	0.01749	0.44508	0.38524	0.04257	0.01318	0.00637	0.00185	0.00271	0.01183	0.00533	0.00461
14	0.01951	0.02305	0.01491	0.01317	0.01611	0.66113	0.01003	0.14993	0.01644	0.01622	0.00882	0.00993	0.00708	0.00552	0.00478	0.00138	0.00876	0.00358	0.00312	0.00653
15	0.00664	0.00521	0.00600	0.00599	0.00738	0.00457	0.00442	0.00834	0.01273	0.01655	0.32498	0.13665	0.41677	0.01260	0.00621	0.00176	0.00262	0.01085	0.00517	0.00457
16	0.00634	0.00453	0.00604	0.00725	0.00755	0.00423	0.00483	0.00725	0.00997	0.01329	0.02870	0.81358	0.03444	0.01632	0.00665	0.00211	0.00302	0.01480	0.00483	0.00423
17	0.00634	0.00453	0.00604	0.00725	0.00755	0.00423	0.00483	0.00725	0.00997	0.01329	0.02870	0.81358	0.03444	0.01632	0.00665	0.00211	0.00302	0.01480	0.00483	0.00423
18	0.01080	0.00926	0.01080	0.00771	0.01234	0.00694	0.00617	0.01311	0.01080	0.01697	0.00926	0.01080	0.00771	0.00386	0.00386	0.00077	0.00386	0.00309	0.00309	0.84882
19	0.01116	0.00947	0.01099	0.00788	0.01249	0.00731	0.00632	0.04321	0.01135	0.01760	0.00939	0.01087	0.00776	0.00395	0.00391	0.00080	0.00393	0.00315	0.00317	0.81529
20	0.01086	0.01021	0.01721	0.43266	0.33778	0.01140	0.01445	0.01403	0.01101	0.01486	0.01087	0.05579	0.00939	0.00575	0.00530	0.00169	0.00639	0.02107	0.00260	0.00668
21	0.00937	0.00691	0.00898	0.00963	0.01116	0.00712	0.00825	0.06028	0.07522	0.01709	0.02688	0.07161	0.05050	0.01328	0.00687	0.00227	0.00469	0.59971	0.00487	0.00531
22	0.01360	0.01161	0.01289	0.01244	0.07543	0.01321	0.00902	0.09709	0.64265	0.02245	0.01946	0.01825	0.01462	0.00679	0.00528	0.00173	0.00444	0.00567	0.00507	0.00830
23	0.01275	0.01339	0.01532	0.12136	0.15088	0.17887	0.01141	0.01513	0.04220	0.01368	0.00952	0.01374	0.00852	0.05356	0.06206	0.00241	0.26183	0.00461	0.00263	0.00612
24	0.01111	0.00944	0.01097	0.00786	0.01247	0.00726	0.00630	0.03934	0.01127	0.01752	0.00937	0.01086	0.00775	0.00394	0.00390	0.00080	0.00392	0.00314	0.00316	0.81960
25	0.00737	0.00532	0.00696	0.00655	0.00778	0.00491	0.00491	0.00983	0.01474	0.02088	0.78175	0.03890	0.04914	0.01065	0.00614	0.00164	0.00246	0.00942	0.00573	0.00491
26	0.04224	0.05627	0.57434	0.07867	0.02170	0.01262	0.01685	0.01570	0.01057	0.01596	0.00894	0.01106	0.00664	0.00530	0.00592	0.00167	0.08066	0.00387	0.00228	0.02875
27	0.00765	0.00588	0.00876	0.00865	0.00953	0.00700	0.00676	0.00947	0.00835	0.01211	0.01358	0.01999	0.01270	0.03750	0.75577	0.00805	0.05527	0.00553	0.00276	0.00470
28	0.00986	0.00929	0.01544	0.73695	0.03385	0.01169	0.01406	0.01313	0.01025	0.01326	0.00952	0.03079	0.00752	0.00569	0.00600	0.00178	0.05798	0.00484	0.00237	0.00575
29	0.00634	0.00453	0.00604	0.00725	0.00755	0.00423	0.00483	0.00725	0.00997	0.01329	0.02870	0.81358	0.03444	0.01632	0.00665	0.00211	0.00302	0.01480	0.00483	0.00423
30	0.01108	0.01219	0.02517	0.01841	0.02272	0.01156	0.58466	0.01476	0.01207	0.01618	0.03931	0.03945	0.12122	0.00632	0.00660	0.00178	0.03989	0.00709	0.00308	0.00646
31	0.83064	0.01004	0.00778	0.00692	0.01016	0.01157	0.00570	0.01559	0.00903	0.04466	0.00762	0.00872	0.00584	0.00488	0.00328	0.00161	0.00404	0.00289	0.00331	0.00573
32	0.11309	0.01254	0.01343	0.03100	0.01475	0.01401	0.00884	0.51573	0.07425	0.02776	0.01253	0.01377	0.00949	0.03067	0.05657	0.02861	0.00592	0.00469	0.00461	0.00774
33	0.08604	0.66815	0.02431	0.00921	0.01337	0.10075	0.00875	0.01611	0.01087	0.01325	0.00733	0.00847	0.00660	0.00458	0.00347	0.00118	0.00584	0.00285	0.00236	0.00653
34	0.85377	0.01007	0.00765	0.00685	0.01007	0.01168	0.00564	0.01531	0.00886	0.02336	0.00725	0.00846	0.00564	0.00483	0.00322	0.00161	0.00403	0.00282	0.00322	0.00564
35	0.00971	0.00485	0.00485	0.00485	0.00607	0.00485	0.00364	0.01213	0.01092	0.01942	0.01699	0.01942	0.01335	0.00607	0.00364	0.00121	0.00243	0.00485	0.84589	0.00485
36	0.00757	0.00505	0.00568	0.00568	0.00568	0.00505	0.00316	0.00757	0.00757	0.01010	0.01641	0.03408	0.01893	0.81698	0.02651	0.00505	0.00505	0.00757	0.00316	0.00316
37	0.01433	0.01219	0.01756	0.02127	0.38050	0.01278	0.04386	0.16147	0.17991	0.04802	0.04517	0.01553	0.01186	0.00577	0.00528	0.00161	0.00555	0.00520	0.00394	0.00819
38	0.00905	0.00452	0.00678	0.00678	0.00678	0.00452	0.00452	0.00678	0.00678	0.00905	0.00905	0.01583	0.00905	0.01809	0.02035	0.84848	0.00452	0.00452	0.00226	0.00226
39	0.01841	0.01351	0.01456	0.01152	0.01540	0.01497	0.00940	0.55854	0.19651	0.06961	0.01492	0.01437	0.01068	0.00645	0.00523	0.00161	0.00529	0.00499	0.00529	0.00872
40	0.00888	0.00452	0.00674	0.00681	0.00683	0.00451	0.00454	0.00681	0.00698	0.00930	0.01023	0.06396	0.01058	0.01798	0.01953	0.79743	0.00443	0.00514	0.00242	0.00238
41	0.01392	0.82012	0.02729	0.00891	0.01337	0.02061	0.00891	0.01559	0.01058	0.01225	0.00724	0.00835	0.00668	0.00446	0.00334	0.00111	0.00557	0.00278	0.00223	0.00668
42	0.01139	0.01139	0.01595	0.01367	0.01367	0.01595	0.01139	0.01253	0.00798	0.01253	0.00684	0.01139	0.00684	0.00911	0.01709	0.00228	0.80745	0.00456	0.00228	0.00570
43	0.01139	0.01139	0.01595	0.01367	0.01367	0.01595	0.01139	0.01253	0.00798	0.01253	0.00684	0.01139	0.00684	0.00911	0.01709	0.00228	0.80745	0.00456	0.00228	0.00570
44	0.01380	0.79310	0.05327	0.00911	0.01368	0.02032	0.00926	0.01562	0.01060	0.01240	0.00731	0.00844	0.00668	0.00447	0.00340	0.00113	0.00564	0.00282	0.00223	0.00672
45	0.00629	0.00520	0.00552	0.00560	0.00716	0.00443	0.00414	0.00768	0.01195	0.01465	0.12047	0.12622	0.63622	0.01326	0.00620	0.00178	0.00266	0.01122	0.00492	0.00443
46	0.00630	0.00469	0.00588	0.00683	0.00744	0.00427	0.00465	0.00730	0.01038	0.01346	0.03386	0.64985	0.19485	0.01564	0.00654	0.00204	0.00294	0.01399	0.00483	0.00427
47	0.01850	0.01319	0.01570	0.03965	0.01678	0.01427	0.05782	0.56165	0.03382	0.10774	0.01370	0.03403	0.01004	0.00739	0.02941	0.00181	0.00599	0.00514	0.00499	0.00838
48	0.00730	0.00527	0.00689	0.00660	0.00776	0.00486	0.00491	0.00964	0.01439	0.02033	0.72700	0.09523	0.04807	0.01106	0.00618	0.00167	0.00250	0.00981	0.00567	0.00486
49	0.00998	0.06213	0.07960	0.01511	0.14762	0.00969	0.14514	0.01360	0.07241	0.01606	0.08216	0.28497	0.02083	0.00924	0.00580	0.00178	0.00519	0.00865	0.00378	0.00625
50	0.01160	0.00923	0.01088	0.00781	0.01240	0.00699	0.00627	0.01390	0.01106	0.06622	0.00998	0.01124	0.00804	0.00402	0.00394	0.00082	0.00389	0.00322	0.00330	0.79518
51	0.01061	0.02582	0.72393	0.01546	0.02295	0.01219	0.08419	0.01651	0.01111	0.01651	0.00945	0.01126	0.00671	0.00490	0.00505	0.00166	0.00779	0.00405	0.00224	0.00764
52	0.00746	0.00550	0.00795	0.00795	0.00874	0.00628	0.00599	0.00903	0.00825	0.01178	0.01433	0.02258	0.01394	0.16004	0.67662	0.00785	0.01256	0.00589	0.00285	0.00442
53	0.01945	0.02482	0.01476	0.01342	0.01610	0.79608	0.01006	0.02079	0.01476	0.01275	0.00805	0.00939	0.00671	0.00537	0.00470	0.00134	0.00939	0.00335	0.00268	0.00604
54	0.17479	0.17114	0.03279	0.00887	0.01216	0.01256	0.00764	0.19130	0.04234	0.06438	0.18676	0.04295	0.01821	0.00695	0.00471	0.00153	0.00446	0.00540	0.00434	0.00671

[dist]
# distance from previous block
# <min> <max>
0	1

[block]
# block no. 1 follows, 47 sequences, length 72
# corresponding to MSA columns:
# 104-175
name=unknown_B
#
# <colnr> <probs for GDERKNQSTAVLIFYWHMCP>
#	G	D	E	R	K	N	Q	S	T	A	V	L	I	F	Y	W	H	M	C	P
0	0.01800	0.04674	0.01516	0.01142	0.01529	0.01538	0.00940	0.59203	0.13833	0.02980	0.04526	0.01448	0.01150	0.00648	0.00518	0.00158	0.00534	0.00499	0.00512	0.00851
1	0.03960	0.01592	0.01572	0.05030	0.08003	0.15809	0.01053	0.51538	0.02063	0.02671	0.01119	0.01193	0.00824	0.00587	0.00506	0.00153	0.00645	0.00439	0.00435	0.00807
2	0.01174	0.05846	0.01984	0.22669	0.07393	0.04626	0.16700	0.01433	0.01020	0.01388	0.00851	0.01244	0.00716	0.00639	0.00959	0.00187	0.29832	0.00476	0.00239	0.00623
3	0.00971	0.00485	0.00485	0.00485	0.00607	0.00485	0.00364	0.01213	0.01092	0.01942	0.01699	0.01942	0.01335	0.00607	0.00364	0.00121	0.00243	0.00485	0.84589	0.00485
4	0.01980	0.01459	0.01563	0.01198	0.01615	0.01615	0.00990	0.76713	0.02448	0.03282	0.01250	0.01250	0.00886	0.00625	0.00521	0.00156	0.00573	0.00469	0.00521	0.00886
5	0.01279	0.01105	0.01162	0.01047	0.01339	0.01275	0.00814	0.02720	0.75723	0.02160	0.02193	0.02015	0.03383	0.00721	0.00532	0.00177	0.00409	0.00601	0.00529	0.00815
6	0.01964	0.01451	0.01554	0.01195	0.01609	0.01608	0.00986	0.74991	0.04197	0.03256	0.01271	0.01266	0.00902	0.00627	0.00521	0.00157	0.00569	0.00472	0.00521	0.00884
7	0.02336	0.00886	0.01209	0.00927	0.01329	0.00765	0.00765	0.02538	0.01491	0.78810	0.02055	0.01773	0.01289	0.00645	0.00524	0.00161	0.00443	0.00524	0.00645	0.00886
8	0.00937	0.00861	0.01418	0.66253	0.03097	0.01056	0.01290	0.01245	0.01048	0.01360	0.04312	0.10608	0.01181	0.00679	0.00568	0.00179	0.02479	0.00598	0.00274	0.00557
9	0.00633	0.00467	0.00593	0.00691	0.00747	0.00427	0.00469	0.00734	0.01038	0.01358	0.04817	0.67081	0.15902	0.01568	0.00655	0.00205	0.00295	0.01406	0.00485	0.00427
10	0.01239	0.00955	0.01398	0.25797	0.18768	0.01023	0.01105	0.01706	0.13756	0.12869	0.02012	0.02108	0.13666	0.00688	0.00537	0.00168	0.00524	0.00597	0.00388	0.00695
11	0.01928	0.01428	0.01535	0.01174	0.01593	0.01562	0.00968	0.72380	0.02370	0.03191	0.01232	0.01240	0.00879	0.00611	0.00513	0.00152	0.00562	0.00460	0.00509	0.05713
12	0.00620	0.00523	0.00536	0.00542	0.00708	0.00440	0.00403	0.00752	0.01183	0.01419	0.06964	0.09371	0.72103	0.01330	0.00618	0.00178	0.00266	0.01117	0.00486	0.00440
13	0.02261	0.01008	0.01284	0.00984	0.01390	0.00946	0.00813	0.18266	0.01694	0.62795	0.01884	0.01662	0.01204	0.00640	0.00523	0.00160	0.00471	0.00512	0.00618	0.00886
14	0.01180	0.00988	0.01150	0.03362	0.01353	0.00821	0.00688	0.09636	0.02575	0.01868	0.00982	0.01124	0.00796	0.00422	0.00407	0.00091	0.00417	0.00336	0.00333	0.71471
15	0.00746	0.00549	0.00792	0.00792	0.00869	0.00626	0.00595	0.00901	0.00824	0.01175	0.01436	0.02274	0.01401	0.16958	0.66718	0.00781	0.01246	0.00591	0.00285	0.00440
16	0.08969	0.04213	0.05918	0.01149	0.01550	0.09394	0.00978	0.44824	0.10221	0.05823	0.01252	0.01259	0.00909	0.00600	0.00492	0.00156	0.00583	0.00444	0.00457	0.00809
17	0.76642	0.01182	0.08868	0.00768	0.01136	0.01173	0.00705	0.01543	0.00908	0.02265	0.00747	0.00872	0.00574	0.00485	0.00340	0.00162	0.00441	0.00293	0.00312	0.00585
18	0.00983	0.00926	0.01562	0.80447	0.03587	0.01157	0.01446	0.01331	0.01041	0.01331	0.00926	0.01388	0.00694	0.00521	0.00521	0.00174	0.00694	0.00463	0.00231	0.00579
19	0.01249	0.01206	0.02092	0.09683	0.65925	0.01220	0.05876	0.01567	0.01176	0.01664	0.01020	0.01410	0.00862	0.00490	0.00526	0.00159	0.00637	0.02188	0.00261	0.00789
20	0.01182	0.02451	0.68136	0.01412	0.02126	0.01169	0.01765	0.01783	0.04273	0.09279	0.01094	0.01200	0.00760	0.00518	0.00499	0.00165	0.00723	0.00407	0.00274	0.00783
21	0.01313	0.01127	0.01187	0.01063	0.01361	0.01303	0.00828	0.04631	0.75617	0.02206	0.02098	0.01925	0.01572	0.00704	0.00530	0.00176	0.00416	0.00586	0.00530	0.00826
22	0.02276	0.00983	0.01269	0.00973	0.01378	0.00910	0.00803	0.15128	0.01653	0.65991	0.01918	0.01684	0.01221	0.00641	0.00523	0.00160	0.00465	0.00514	0.00624	0.00886
23	0.00728	0.00532	0.00683	0.00645	0.00772	0.00487	0.00484	0.00965	0.01452	0.02036	0.72597	0.03976	0.10524	0.01084	0.00614	0.00165	0.00247	0.00954	0.00566	0.00487
24	0.00799	0.00639	0.00943	0.00911	0.00991	0.00783	0.00719	0.00975	0.00831	0.01215	0.01296	0.01919	0.01216	0.03488	0.68753	0.00752	0.12475	0.00544	0.00272	0.00480
25	0.02336	0.00886	0.01209	0.00927	0.01329	0.00765	0.00765	0.02538	0.01491	0.78810	0.02055	0.01773	0.01289	0.00645	0.00524	0.00161	0.00443	0.00524	0.00645	0.00886
26	0.01484	0.01067	0.01198	0.03931	0.01431	0.01189	0.00836	0.02671	0.60144	0.16839	0.02064	0.01890	0.01499	0.00688	0.00528	0.00174	0.00428	0.00572	0.00541	0.00827
27	0.01392	0.82012	0.02729	0.00891	0.01337	0.02061	0.00891	0.01559	0.01058	0.01225	0.00724	0.00835	0.00668	0.00446	0.00334	0.00111	0.00557	0.00278	0.00223	0.00668
28	0.00832	0.00624	0.00729	0.00699	0.00856	0.00597	0.00522	0.06618	0.05740	0.03088	0.30934	0.18645	0.25770	0.01188	0.00611	0.00177	0.00299	0.01029	0.00524	0.00518
29	0.01055	0.02912	0.01492	0.06943	0.09184	0.05811	0.08249	0.01257	0.01083	0.01454	0.09291	0.02205	0.15653	0.00955	0.03676	0.00208	0.27042	0.00633	0.00320	0.00577
30	0.01504	0.01222	0.01295	0.01102	0.01434	0.01393	0.00875	0.25303	0.54634	0.02515	0.01855	0.01732	0.01375	0.00682	0.00527	0.00170	0.00461	0.00552	0.00527	0.00843
31	0.82701	0.03588	0.00828	0.00691	0.01018	0.01197	0.00574	0.01532	0.00892	0.02301	0.00725	0.00846	0.00567	0.00482	0.00323	0.00160	0.00408	0.00282	0.00319	0.00567
32	0.01026	0.00889	0.05485	0.02737	0.01232	0.01966	0.06918	0.01421	0.11572	0.10023	0.08710	0.03568	0.34206	0.01004	0.00591	0.00177	0.00420	0.06989	0.00471	0.00594
33	0.00837	0.00650	0.00778	0.00738	0.00901	0.00649	0.00568	0.01306	0.16208	0.01979	0.48478	0.03798	0.13794	0.01055	0.00605	0.00173	0.00297	0.06090	0.00546	0.00548
34	0.00645	0.00529	0.00570	0.00580	0.00732	0.00460	0.00427	0.00811	0.02708	0.01487	0.12995	0.15487	0.58107	0.01322	0.00621	0.00180	0.00270	0.01125	0.00494	0.00451
35	0.01006	0.00957	0.01567	0.68907	0.03263	0.01221	0.01401	0.01319	0.01006	0.01319	0.00890	0.01352	0.00693	0.00578	0.00694	0.00181	0.12375	0.00462	0.00231	0.00577
36	0.00971	0.00485	0.00485	0.00485	0.00607	0.00485	0.00364	0.01213	0.01092	0.01942	0.01699	0.01942	0.01335	0.00607	0.00364	0.00121	0.00243	0.00485	0.84589	0.00485
37	0.01249	0.01477	0.14788	0.02914	0.65889	0.01233	0.01652	0.01607	0.01172	0.01693	0.00972	0.01258	0.00798	0.00469	0.00512	0.00156	0.00644	0.00451	0.00252	0.00816
38	0.00737	0.00532	0.00696	0.00655	0.00778	0.00491	0.00491	0.00983	0.01474	0.02088	0.78175	0.03890	0.04914	0.01065	0.00614	0.00164	0.00246	0.00942	0.00573	0.00491
39	0.00745	0.00511	0.00610	0.00616	0.00637	0.00522	0.00378	0.00782	0.00794	0.01068	0.01775	0.06841	0.04305	0.63339	0.14476	0.00533	0.00626	0.00771	0.00323	0.00348
40	0.00645	0.00529	0.00568	0.00559	0.00721	0.00452	0.00419	0.00804	0.01257	0.01572	0.22956	0.04740	0.60455	0.01257	0.00615	0.00173	0.00259	0.01061	0.00505	0.00452
41	0.01392	0.82012	0.02729	0.00891	0.01337	0.02061	0.00891	0.01559	0.01058	0.01225	0.00724	0.00835	0.00668	0.00446	0.00334	0.00111	0.00557	0.00278	0.00223	0.00668
42	0.01458	0.01701	0.05532	0.03711	0.32175	0.30778	0.01239	0.01767	0.05498	0.01531	0.01329	0.01568	0.06478	0.00593	0.00510	0.00153	0.00708	0.02278	0.00296	0.00697
43	0.00668	0.00515	0.00550	0.00557	0.00662	0.00462	0.00376	0.00755	0.01035	0.01282	0.05561	0.09493	0.45594	0.28708	0.01312	0.00290	0.00348	0.01004	0.00428	0.00397
44	0.01917	0.04368	0.01577	0.01169	0.01577	0.01594	0.00970	0.71452	0.02365	0.03167	0.03790	0.01323	0.01012	0.00633	0.00517	0.00155	0.00562	0.00478	0.00512	0.00865
45	0.00991	0.00933	0.01575	0.78566	0.05409	0.01159	0.01450	0.01337	0.01045	0.01340	0.00927	0.01386	0.00697	0.00519	0.00521	0.00173	0.00692	0.00463	0.00232	0.00585
46	0.00615	0.00528	0.00528	0.00528	0.00703	0.00440	0.00396	0.00747	0.01187	0.01407	0.05276	0.05012	0.78238	0.01319	0.00615	0.00176	0.00264	0.01099	0.00484	0.00440
47	0.01210	0.01320	0.02746	0.14967	0.06327	0.01294	0.59041	0.03420	0.01226	0.01654	0.01034	0.01393	0.00778	0.00458	0.00592	0.00174	0.00829	0.00579	0.00264	0.00692
48	0.00615	0.00528	0.00528	0.00528	0.00703	0.00440	0.00396	0.00747	0.01187	0.01407	0.05276	0.05012	0.78238	0.01319	0.00615	0.00176	0.00264	0.01099	0.00484	0.00440
49	0.00757	0.00505	0.00568	0.00568	0.00568	0.00505	0.00316	0.00757	0.00757	0.01010	0.01641	0.03408	0.01893	0.81698	0.02651	0.00505	0.00505	0.00757	0.00316	0.00316
50	0.01139	0.01139	0.01595	0.01367	0.01367	0.01595	0.01139	0.01253	0.00798	0.01253	0.00684	0.01139	0.00684	0.00911	0.01709	0.00228	0.80745	0.00456	0.00228	0.00570
51	0.01606	0.01695	0.01545	0.01323	0.01507	0.30088	0.01060	0.17041	0.01384	0.01677	0.00844	0.01089	0.00720	0.00716	0.01013	0.00179	0.35149	0.00414	0.00303	0.00647
52	0.02068	0.01318	0.01476	0.01131	0.01545	0.01406	0.00934	0.58425	0.02212	0.21904	0.01449	0.01379	0.00985	0.00630	0.00522	0.00157	0.00541	0.00482	0.00551	0.00886
53	0.00675	0.00524	0.00614	0.00605	0.00743	0.00463	0.00448	0.00858	0.01308	0.01725	0.39830	0.10751	0.37138	0.01223	0.00619	0.00173	0.00258	0.01055	0.00526	0.00463
54	0.01289	0.01237	0.02114	0.03196	0.78450	0.01237	0.01598	0.01598	0.01186	0.01701	0.00980	0.01289	0.00825	0.00464	0.00516	0.00155	0.00619	0.00464	0.00258	0.00825
55	0.00629	0.00473	0.00584	0.00673	0.00742	0.00427	0.00460	0.00731	0.01047	0.01350	0.03507	0.61145	0.23247	0.01549	0.00652	0.00202	0.00292	0.01379	0.00483	0.00427
56	0.01418	0.78345	0.02671	0.00912	0.01349	0.05636	0.00896	0.01583	0.01077	0.01227	0.00728	0.00840	0.00668	0.00450	0.00340	0.00112	0.00575	0.00281	0.00225	0.00665
57	0.00634	0.00453	0.00604	0.00725	0.00755	0.00423	0.00483	0.00725	0.00997	0.01329	0.02870	0.81358	0.03444	0.01632	0.00665	0.00211	0.00302	0.01480	0.00483	0.00423
58	0.01379	0.79070	0.05557	0.00913	0.01371	0.02029	0.00929	0.01563	0.01060	0.01241	0.00732	0.00845	0.00668	0.00447	0.00340	0.00113	0.00565	0.00282	0.00223	0.00672
59	0.63049	0.01454	0.21479	0.00896	0.01337	0.01179	0.00924	0.01562	0.00943	0.02155	0.00781	0.00913	0.00589	0.00486	0.00368	0.00162	0.00500	0.00309	0.00295	0.00618
60	0.00652	0.00464	0.00604	0.00699	0.00746	0.00429	0.00473	0.00736	0.01018	0.01345	0.06151	0.65587	0.11152	0.01585	0.00736	0.05070	0.00304	0.01359	0.00472	0.00416
61	0.02295	0.00952	0.01249	0.00958	0.01362	0.00863	0.00791	0.11069	0.01601	0.70124	0.01962	0.01712	0.01243	0.00642	0.00523	0.00161	0.00458	0.00517	0.00630	0.00886
62	0.01300	0.01066	0.01151	0.01046	0.01330	0.01216	0.00823	0.02617	0.68036	0.05279	0.02170	0.02263	0.01694	0.00765	0.00545	0.00181	0.00419	0.06769	0.00530	0.00798
63	0.00634	0.00453	0.00604	0.00725	0.00755	0.00423	0.00483	0.00725	0.00997	0.01329	0.02870	0.81358	0.03444	0.01632	0.00665	0.00211	0.00302	0.01480	0.00483	0.00423
64	0.01011	0.00973	0.01671	0.70003	0.03388	0.01195	0.06762	0.01350	0.01040	0.01350	0.00920	0.01374	0.00700	0.00539	0.00601	0.00177	0.05654	0.00473	0.00233	0.00587
65	0.00700	0.00531	0.00645	0.00617	0.00756	0.00476	0.00463	0.00912	0.01388	0.01883	0.56187	0.04228	0.27030	0.01141	0.00615	0.00167	0.00251	0.00989	0.00546	0.00476
66	0.01021	0.00966	0.01549	0.65247	0.03160	0.01227	0.01373	0.01386	0.04531	0.01358	0.00945	0.01378	0.00734	0.00586	0.00694	0.00182	0.12362	0.00468	0.00245	0.00589
67	0.04314	0.00889	0.01198	0.00921	0.01322	0.00775	0.00761	0.02514	0.01476	0.76990	0.02023	0.01750	0.01272	0.00641	0.00519	0.00161	0.00442	0.00518	0.00637	0.00879
68	0.00757	0.00505	0.00568	0.00568	0.00568	0.00505	0.00316	0.00757	0.00757	0.01010	0.01641	0.03408	0.01893	0.81698	0.02651	0.00505	0.00505	0.00757	0.00316	0.00316
69	0.01392	0.82012	0.02729	0.00891	0.01337	0.02061	0.00891	0.01559	0.01058	0.01225	0.00724	0.00835	0.00668	0.00446	0.00334	0.00111	0.00557	0.00278	0.00223	0.00668
70	0.01661	0.22349	0.01735	0.03707	0.01514	0.11984	0.00919	0.28168	0.10197	0.06533	0.01401	0.01413	0.05004	0.00610	0.00472	0.00146	0.00580	0.00452	0.00406	0.00751
71	0.01077	0.02613	0.74860	0.01496	0.02250	0.01204	0.04382	0.01668	0.01112	0.03251	0.00962	0.01124	0.00677	0.00496	0.00499	0.00165	0.00766	0.00395	0.00230	0.00770

[dist]
# distance from previous block
# <min> <max>
0	72

[block]
# block no. 2 follows, 47 sequences, length 21
# corresponding to MSA columns:
# 248-268
name=unknown_C
#
# <colnr> <probs for GDERKNQSTAVLIFYWHMCP>
#	G	D	E	R	K	N	Q	S	T	A	V	L	I	F	Y	W	H	M	C	P
0	0.01166	0.30363	0.52394	0.01277	0.01934	0.01506	0.01564	0.01618	0.01085	0.01501	0.00861	0.01007	0.00663	0.00478	0.00439	0.00146	0.00695	0.00348	0.00221	0.00734
1	0.01945	0.02482	0.01476	0.01342	0.01610	0.79608	0.01006	0.02079	0.01476	0.01275	0.00805	0.00939	0.00671	0.00537	0.00470	0.00134	0.00939	0.00335	0.00268	0.00604
2	0.00766	0.00770	0.09313	0.00741	0.00937	0.00568	0.00645	0.01046	0.01420	0.02010	0.66432	0.03632	0.07700	0.01013	0.00601	0.00164	0.00304	0.00887	0.00530	0.00520
3	0.00757	0.00505	0.00568	0.00568	0.00568	0.00505	0.00316	0.00757	0.00757	0.01010	0.01641	0.03408	0.01893	0.81698	0.02651	0.00505	0.00505	0.00757	0.00316	0.00316
4	0.01980	0.01459	0.01563	0.01198	0.01615	0.01615	0.00990	0.76713	0.02448	0.03282	0.01250	0.01250	0.00886	0.00625	0.00521	0.00156	0.00573	0.00469	0.00521	0.00886
5	0.01948	0.01411	0.01521	0.01177	0.01585	0.01557	0.00969	0.68504	0.07519	0.06439	0.01344	0.01320	0.00951	0.00632	0.00522	0.00158	0.00557	0.00479	0.00527	0.00881
6	0.00634	0.00453	0.00604	0.00725	0.00755	0.00423	0.00483	0.00725	0.00997	0.01329	0.02870	0.81358	0.03444	0.01632	0.00665	0.00211	0.00302	0.01480	0.00483	0.00423
7	0.00949	0.00579	0.00764	0.00691	0.00851	0.00528	0.00528	0.01189	0.01476	0.12272	0.68071	0.03609	0.04433	0.01009	0.00602	0.00163	0.00272	0.00886	0.00583	0.00544
8	0.85377	0.01007	0.00765	0.00685	0.01007	0.01168	0.00564	0.01531	0.00886	0.02336	0.00725	0.00846	0.00564	0.00483	0.00322	0.00161	0.00403	0.00282	0.00322	0.00564
9	0.00631	0.00466	0.00591	0.00691	0.00746	0.00426	0.00468	0.00729	0.01030	0.01343	0.03283	0.68268	0.16269	0.01578	0.00656	0.00205	0.00296	0.01415	0.00483	0.00426
10	0.01202	0.01330	0.02789	0.11454	0.08007	0.01300	0.60490	0.01612	0.01192	0.01619	0.01023	0.01388	0.00778	0.00463	0.00627	0.00175	0.03018	0.00582	0.00258	0.00693
11	0.00757	0.00505	0.00568	0.00568	0.00568	0.00505	0.00316	0.00757	0.00757	0.01010	0.01641	0.03408	0.01893	0.81698	0.02651	0.00505	0.00505	0.00757	0.00316	0.00316
12	0.00909	0.00638	0.00863	0.00974	0.03534	0.00636	0.00768	0.01204	0.06781	0.05352	0.02706	0.22127	0.04708	0.01354	0.00674	0.00221	0.00432	0.45109	0.00485	0.00522
13	0.00905	0.00452	0.00678	0.00678	0.00678	0.00452	0.00452	0.00678	0.00678	0.00905	0.00905	0.01583	0.00905	0.01809	0.02035	0.84848	0.00452	0.00452	0.00226	0.00226
14	0.03994	0.05622	0.02346	0.01988	0.15988	0.01394	0.34182	0.06850	0.01195	0.01695	0.00993	0.03105	0.00829	0.00581	0.00786	0.00178	0.16761	0.00536	0.00278	0.00698
15	0.00634	0.00453	0.00604	0.00725	0.00755	0.00423	0.00483	0.00725	0.00997	0.01329	0.02870	0.81358	0.03444	0.01632	0.00665	0.00211	0.00302	0.01480	0.00483	0.00423
16	0.01041	0.00836	0.02767	0.04249	0.01251	0.00846	0.00827	0.12552	0.10894	0.01871	0.05534	0.07564	0.09777	0.02761	0.00675	0.00210	0.00463	0.34822	0.00477	0.00585
17	0.01149	0.00966	0.01117	0.00804	0.01263	0.00765	0.00646	0.07089	0.01185	0.01818	0.00950	0.01093	0.00780	0.00404	0.00396	0.00083	0.00400	0.00321	0.00325	0.78445
18	0.01066	0.01845	0.40273	0.09615	0.18506	0.01130	0.03512	0.01553	0.04555	0.01601	0.01163	0.06646	0.00989	0.04567	0.00624	0.00184	0.00672	0.00516	0.00266	0.00718
19	0.01523	0.08766	0.03897	0.01051	0.01391	0.03136	0.00874	0.23344	0.27703	0.08829	0.01690	0.07800	0.01368	0.00747	0.00550	0.02016	0.00491	0.02046	0.00477	0.02301
20	0.10515	0.25198	0.03038	0.00967	0.01294	0.10148	0.04022	0.06705	0.01221	0.05067	0.06381	0.11203	0.01369	0.02363	0.00525	0.00153	0.02211	0.00535	0.00344	0.06743

[dist]
# distance from previous block
# <min> <max>
0	5

[block]
# block no. 3 follows, 47 sequences, length 17
# corresponding to MSA columns:
# 274-290
name=unknown_D
#
# <colnr> <probs for GDERKNQSTAVLIFYWHMCP>
#	G	D	E	R	K	N	Q	S	T	A	V	L	I	F	Y	W	H	M	C	P
0	0.01439	0.01155	0.01317	0.01022	0.01414	0.03767	0.04327	0.27589	0.07146	0.04577	0.02700	0.03153	0.04768	0.00616	0.00490	0.00134	0.00489	0.02534	0.00426	0.30938
1	0.01159	0.01179	0.01567	0.01339	0.01389	0.06104	0.03449	0.01292	0.00860	0.01274	0.00760	0.01202	0.00734	0.01085	0.07339	0.00262	0.65887	0.00458	0.00237	0.02423
2	0.01112	0.01090	0.01617	0.17461	0.09070	0.01448	0.01232	0.01293	0.00884	0.01310	0.00779	0.01228	0.00715	0.00870	0.03415	0.00226	0.54964	0.00461	0.00233	0.00593
3	0.00634	0.00453	0.00604	0.00725	0.00755	0.00423	0.00483	0.00725	0.00997	0.01329	0.02870	0.81358	0.03444	0.01632	0.00665	0.00211	0.00302	0.01480	0.00483	0.00423
4	0.01147	0.00785	0.00879	0.00801	0.00994	0.05389	0.00607	0.01527	0.12418	0.14983	0.35960	0.11676	0.06468	0.03205	0.00640	0.00179	0.00359	0.00844	0.00540	0.00599
5	0.01222	0.01280	0.01581	0.04466	0.01481	0.10212	0.01137	0.01348	0.00882	0.01259	0.00707	0.01127	0.00683	0.00855	0.01525	0.00215	0.68773	0.00443	0.00232	0.00574
6	0.00702	0.00529	0.00649	0.00624	0.00758	0.00476	0.00466	0.00914	0.01385	0.01888	0.56934	0.06509	0.23959	0.01148	0.00616	0.00168	0.00252	0.00999	0.00547	0.00476
7	0.01107	0.00909	0.01069	0.00775	0.01222	0.00688	0.00618	0.01333	0.01091	0.04255	0.01027	0.03734	0.00876	0.00435	0.00399	0.00084	0.00385	0.00354	0.00325	0.79315
8	0.00634	0.00457	0.00600	0.00715	0.00753	0.00424	0.00479	0.00726	0.01007	0.01333	0.02994	0.77435	0.07288	0.01615	0.00662	0.00210	0.00300	0.01461	0.00483	0.00424
9	0.01316	0.01246	0.02092	0.03118	0.75417	0.01252	0.01574	0.04563	0.01236	0.01764	0.00990	0.01287	0.00827	0.00470	0.00516	0.00155	0.00617	0.00464	0.00268	0.00827
10	0.01233	0.46432	0.27573	0.01122	0.01623	0.01691	0.01239	0.01537	0.01047	0.01370	0.00854	0.03381	0.00751	0.00538	0.00518	0.00142	0.07667	0.00365	0.00230	0.00685
11	0.01728	0.01334	0.01421	0.01147	0.01519	0.01497	0.00929	0.49532	0.30039	0.02876	0.01570	0.01505	0.01144	0.00655	0.00524	0.00164	0.00514	0.00513	0.00524	0.00863
12	0.01226	0.00987	0.01188	0.00888	0.01283	0.00878	0.00720	0.06370	0.01159	0.06594	0.00986	0.01143	0.00800	0.00487	0.00578	0.00108	0.10990	0.00352	0.00333	0.62931
13	0.00634	0.00453	0.00604	0.00725	0.00755	0.00423	0.00483	0.00725	0.00997	0.01329	0.02870	0.81358	0.03444	0.01632	0.00665	0.00211	0.00302	0.01480	0.00483	0.00423
14	0.01781	0.01450	0.06338	0.01162	0.01576	0.01488	0.00997	0.61600	0.07726	0.02975	0.01560	0.01540	0.06041	0.00669	0.00526	0.00160	0.00553	0.00514	0.00500	0.00844
15	0.01392	0.82012	0.02729	0.00891	0.01337	0.02061	0.00891	0.01559	0.01058	0.01225	0.00724	0.00835	0.00668	0.00446	0.00334	0.00111	0.00557	0.00278	0.00223	0.00668
16	0.06589	0.00687	0.05474	0.00582	0.00766	0.00609	0.00493	0.03428	0.01118	0.01988	0.01573	0.01796	0.01228	0.00592	0.00374	0.00128	0.00296	0.00465	0.71294	0.00520

[dist]
# distance from previous block
# <min> <max>
0	6

[block]
# block no. 4 follows, 47 sequences, length 106
# corresponding to MSA columns:
# 297-402
name=unknown_E
#
# <colnr> <probs for GDERKNQSTAVLIFYWHMCP>
#	G	D	E	R	K	N	Q	S	T	A	V	L	I	F	Y	W	H	M	C	P
0	0.01298	0.62979	0.12355	0.00970	0.01422	0.03171	0.01004	0.01523	0.01051	0.01279	0.00814	0.00982	0.00725	0.00769	0.07596	0.00185	0.00667	0.00319	0.00228	0.00662
1	0.00656	0.00482	0.00621	0.00724	0.00787	0.00447	0.00513	0.00771	0.01049	0.01368	0.03210	0.61039	0.14369	0.01562	0.00664	0.00210	0.00318	0.10294	0.00483	0.00432
2	0.05719	0.44908	0.10224	0.02487	0.01536	0.20087	0.01025	0.06011	0.01232	0.01457	0.00799	0.00922	0.00676	0.00486	0.00396	0.00129	0.00665	0.00317	0.00255	0.00669
3	0.00907	0.04893	0.00828	0.00690	0.00906	0.00708	0.00538	0.01304	0.15201	0.06600	0.13420	0.05685	0.44189	0.01093	0.00580	0.00171	0.00316	0.00915	0.00500	0.00557
4	0.01190	0.01328	0.02832	0.14688	0.02860	0.01291	0.64566	0.01614	0.01199	0.01614	0.01033	0.01402	0.00775	0.00452	0.00600	0.00175	0.00849	0.00590	0.00258	0.00683
5	0.00719	0.00609	0.00700	0.00795	0.07803	0.00550	0.00509	0.00894	0.03669	0.01404	0.04272	0.04346	0.57979	0.12423	0.00887	0.00220	0.00335	0.00976	0.00441	0.00470
6	0.01223	0.01798	0.28639	0.02456	0.43079	0.04051	0.08004	0.01639	0.01170	0.01665	0.00964	0.01221	0.00760	0.00475	0.00515	0.00159	0.00704	0.00445	0.00246	0.00788
7	0.00634	0.00456	0.00601	0.00717	0.00753	0.00424	0.00480	0.00726	0.01005	0.01333	0.02972	0.78135	0.06602	0.01618	0.00663	0.00210	0.00301	0.01464	0.00483	0.00424
8	0.01045	0.02694	0.79000	0.01484	0.02254	0.01209	0.01924	0.01649	0.01099	0.01649	0.00935	0.01099	0.00660	0.00495	0.00495	0.00165	0.00770	0.00385	0.00220	0.00770
9	0.01419	0.57674	0.08281	0.01128	0.01584	0.11679	0.08894	0.01643	0.01132	0.01309	0.00784	0.00928	0.00681	0.00460	0.00392	0.00125	0.00654	0.00329	0.00233	0.00671
10	0.02922	0.05429	0.01715	0.11202	0.12071	0.12420	0.04890	0.32853	0.07492	0.02272	0.01134	0.01262	0.00857	0.00564	0.00506	0.00155	0.00645	0.00453	0.00385	0.00771
11	0.72245	0.03164	0.00907	0.00777	0.01095	0.11624	0.00631	0.01604	0.00969	0.02168	0.00736	0.00858	0.00581	0.00490	0.00342	0.00156	0.00478	0.00289	0.00313	0.00572
12	0.00769	0.00523	0.00684	0.00679	0.00781	0.00484	0.00490	0.00960	0.01313	0.04605	0.51695	0.24258	0.04243	0.05239	0.00726	0.00193	0.00281	0.01060	0.00539	0.00479
13	0.31734	0.04977	0.00764	0.00637	0.00782	0.00835	0.00449	0.01089	0.00823	0.01513	0.01249	0.02286	0.01321	0.44908	0.04466	0.00371	0.00503	0.00551	0.00312	0.00430
14	0.02019	0.01396	0.01524	0.01168	0.01584	0.01522	0.00965	0.68575	0.02343	0.11569	0.01339	0.01308	0.00930	0.00627	0.00521	0.00157	0.00559	0.00475	0.00535	0.00886
15	0.01392	0.82012	0.02729	0.00891	0.01337	0.02061	0.00891	0.01559	0.01058	0.01225	0.00724	0.00835	0.00668	0.00446	0.00334	0.00111	0.00557	0.00278	0.00223	0.00668
16	0.00665	0.00476	0.00618	0.00721	0.00755	0.00454	0.00480	0.00780	0.02662	0.01320	0.02726	0.70252	0.03237	0.09792	0.00866	0.00241	0.00329	0.02738	0.00467	0.00422
17	0.00750	0.00534	0.00718	0.00718	0.00769	0.00586	0.00502	0.00853	0.00802	0.01121	0.01504	0.02650	0.01564	0.38391	0.45508	0.00690	0.01000	0.00646	0.00295	0.00399
18	0.00777	0.00540	0.00708	0.00664	0.00792	0.00497	0.00498	0.01018	0.01464	0.04107	0.74497	0.05541	0.04785	0.01066	0.00613	0.00165	0.00252	0.00943	0.00573	0.00500
19	0.00788	0.00544	0.00712	0.00664	0.00795	0.00500	0.00500	0.01032	0.01475	0.04517	0.75765	0.03823	0.04799	0.01051	0.00611	0.00164	0.00252	0.00929	0.00576	0.00504
20	0.01213	0.01164	0.01998	0.22115	0.58594	0.01219	0.03049	0.01534	0.01151	0.01610	0.00968	0.01316	0.00792	0.00477	0.00519	0.00160	0.00642	0.00467	0.00251	0.00762
21	0.85377	0.01007	0.00765	0.00685	0.01007	0.01168	0.00564	0.01531	0.00886	0.02336	0.00725	0.00846	0.00564	0.00483	0.00322	0.00161	0.00403	0.00282	0.00322	0.00564
22	0.00820	0.00683	0.00735	0.00695	0.00890	0.00675	0.00529	0.01327	0.21193	0.01760	0.20656	0.03961	0.41911	0.01102	0.00593	0.00173	0.00299	0.00931	0.00516	0.00552
23	0.26509	0.01773	0.32765	0.01345	0.08685	0.01261	0.01299	0.11043	0.01206	0.03865	0.00928	0.01078	0.00691	0.00531	0.00515	0.00165	0.04940	0.00379	0.00302	0.00720
24	0.00829	0.00595	0.00631	0.00596	0.00801	0.00517	0.00456	0.01036	0.05042	0.09539	0.04781	0.04519	0.66353	0.01218	0.00602	0.00174	0.00290	0.01013	0.00503	0.00506
25	0.85377	0.01007	0.00765	0.00685	0.01007	0.01168	0.00564	0.01531	0.00886	0.02336	0.00725	0.00846	0.00564	0.00483	0.00322	0.00161	0.00403	0.00282	0.00322	0.00564
26	0.01165	0.01223	0.02091	0.03743	0.01881	0.01490	0.26481	0.01395	0.00949	0.01395	0.00814	0.01235	0.00720	0.00742	0.01310	0.00209	0.51794	0.00509	0.00240	0.00614
27	0.01045	0.02694	0.79000	0.01484	0.02254	0.01209	0.01924	0.01649	0.01099	0.01649	0.00935	0.01099	0.00660	0.00495	0.00495	0.00165	0.00770	0.00385	0.00220	0.00770
28	0.00957	0.00898	0.01075	0.11440	0.13886	0.07665	0.00829	0.02675	0.02603	0.01621	0.17767	0.03247	0.29911	0.00935	0.00573	0.00167	0.00446	0.02328	0.00414	0.00561
29	0.00731	0.00532	0.00687	0.00648	0.00774	0.00489	0.00486	0.00970	0.01459	0.02052	0.74341	0.03949	0.08770	0.01078	0.00614	0.00164	0.00247	0.00950	0.00569	0.00489
30	0.01833	0.01408	0.01575	0.01435	0.11471	0.04379	0.01042	0.53418	0.10058	0.06078	0.01324	0.01338	0.00961	0.00610	0.00519	0.00158	0.00570	0.00478	0.00484	0.00861
31	0.01331	0.00677	0.00896	0.00763	0.00991	0.00611	0.00599	0.03052	0.01499	0.29428	0.49534	0.03083	0.03543	0.00906	0.00580	0.00163	0.00323	0.00783	0.00598	0.00640
32	0.01185	0.03410	0.02085	0.08205	0.03537	0.03548	0.24378	0.01424	0.00983	0.01396	0.00828	0.01231	0.00719	0.00702	0.01180	0.00200	0.43629	0.00497	0.00241	0.00620
33	0.00645	0.00459	0.00608	0.00722	0.00753	0.00431	0.00483	0.00735	0.00989	0.01318	0.02804	0.75628	0.03354	0.05789	0.00769	0.00227	0.00317	0.03077	0.00475	0.00419
34	0.00803	0.03727	0.00750	0.02541	0.00853	0.00545	0.00514	0.00917	0.01060	0.06004	0.11766	0.49254	0.05090	0.12582	0.00909	0.00238	0.00350	0.01176	0.00465	0.00458
35	0.01045	0.02694	0.79000	0.01484	0.02254	0.01209	0.01924	0.01649	0.01099	0.01649	0.00935	0.01099	0.00660	0.00495	0.00495	0.00165	0.00770	0.00385	0.00220	0.00770
36	0.01202	0.00929	0.01095	0.00796	0.01247	0.00722	0.00638	0.01476	0.03887	0.08754	0.01072	0.01174	0.00848	0.00421	0.00403	0.00088	0.00392	0.00338	0.00347	0.74168
37	0.07495	0.02705	0.07087	0.07019	0.04955	0.05337	0.29044	0.08991	0.01268	0.01798	0.01084	0.03891	0.00897	0.00555	0.00578	0.00162	0.04068	0.02503	0.00304	0.10258
38	0.00708	0.00496	0.00631	0.00681	0.00721	0.00485	0.00455	0.00799	0.00966	0.01307	0.11044	0.35295	0.02888	0.29974	0.07142	0.00357	0.00456	0.04776	0.00419	0.00399
39	0.01176	0.07738	0.39501	0.03966	0.21444	0.01267	0.05296	0.01708	0.06718	0.03064	0.01081	0.01324	0.00837	0.00519	0.00503	0.00162	0.00681	0.01977	0.00268	0.00768
40	0.05775	0.05591	0.05433	0.02459	0.01449	0.12128	0.03094	0.01396	0.00943	0.01341	0.00803	0.01182	0.00740	0.01079	0.09245	0.00262	0.45823	0.00432	0.00244	0.00582
41	0.00747	0.00543	0.00722	0.00789	0.00895	0.00518	0.00630	0.00947	0.01227	0.01635	0.22893	0.21651	0.10468	0.01371	0.00670	0.00208	0.00360	0.32756	0.00505	0.00467
42	0.07825	0.05248	0.10560	0.01025	0.01413	0.03878	0.04082	0.07616	0.05703	0.29383	0.08528	0.02046	0.05956	0.00703	0.00519	0.00164	0.00503	0.03630	0.00481	0.00738
43	0.01379	0.77808	0.02670	0.00916	0.01338	0.02036	0.00904	0.01543	0.01045	0.01227	0.00722	0.00851	0.00669	0.00470	0.00406	0.00117	0.04725	0.00288	0.00223	0.00663
44	0.01224	0.03930	0.17648	0.03502	0.24250	0.01200	0.03050	0.05413	0.20325	0.03394	0.05565	0.01742	0.05224	0.00618	0.00522	0.00164	0.00561	0.00536	0.00365	0.00767
45	0.00623	0.00524	0.00540	0.00544	0.00710	0.00442	0.00405	0.00759	0.01193	0.01439	0.08989	0.08777	0.70636	0.01321	0.00618	0.00177	0.00265	0.01110	0.00488	0.00442
46	0.00896	0.00703	0.00831	0.00774	0.00946	0.00726	0.00587	0.01497	0.23969	0.02072	0.51286	0.06060	0.05608	0.00984	0.00591	0.00170	0.00297	0.00860	0.00555	0.00586
47	0.00634	0.00453	0.00604	0.00725	0.00755	0.00423	0.00483	0.00725	0.00997	0.01329	0.02870	0.81358	0.03444	0.01632	0.00665	0.00211	0.00302	0.01480	0.00483	0.00423
48	0.01295	0.01119	0.01178	0.01060	0.01354	0.01295	0.00824	0.02767	0.77509	0.02178	0.02120	0.01943	0.01590	0.00707	0.00530	0.00177	0.00412	0.00589	0.00530	0.00824
49	0.00732	0.00532	0.00689	0.00650	0.00775	0.00489	0.00487	0.00973	0.01462	0.02060	0.75097	0.03937	0.08009	0.01075	0.00614	0.00164	0.00246	0.00948	0.00569	0.00489
50	0.02269	0.00871	0.01187	0.00915	0.01306	0.00754	0.00754	0.02472	0.01490	0.75571	0.05268	0.01862	0.01442	0.00662	0.00528	0.00161	0.00435	0.00541	0.00642	0.00870
51	0.01045	0.02694	0.79000	0.01484	0.02254	0.01209	0.01924	0.01649	0.01099	0.01649	0.00935	0.01099	0.00660	0.00495	0.00495	0.00165	0.00770	0.00385	0.00220	0.00770
52	0.02321	0.00910	0.01223	0.00938	0.01341	0.00801	0.00775	0.05669	0.01531	0.75622	0.02021	0.01750	0.01272	0.00644	0.00524	0.00161	0.00449	0.00521	0.00639	0.00886
53	0.00790	0.00580	0.00771	0.00853	0.00983	0.00561	0.00726	0.01012	0.01226	0.01588	0.11077	0.05518	0.16161	0.01379	0.00690	0.00221	0.00418	0.54483	0.00490	0.00474
54	0.01980	0.01459	0.01563	0.01198	0.01615	0.01615	0.00990	0.76713	0.02448	0.03282	0.01250	0.01250	0.00886	0.00625	0.00521	0.00156	0.00573	0.00469	0.00521	0.00886
55	0.00633	0.00458	0.00599	0.00712	0.00752	0.00424	0.00478	0.00727	0.01010	0.01334	0.03028	0.76339	0.08362	0.01611	0.00661	0.00209	0.00300	0.01455	0.00483	0.00424
56	0.05528	0.24981	0.48025	0.01240	0.01852	0.02875	0.01481	0.01590	0.01071	0.01536	0.00884	0.01055	0.00689	0.00649	0.04339	0.00182	0.00724	0.00357	0.00230	0.00712
57	0.01080	0.00926	0.01080	0.00771	0.01234	0.00694	0.00617	0.01311	0.01080	0.01697	0.00926	0.01080	0.00771	0.00386	0.00386	0.00077	0.00386	0.00309	0.00309	0.84882
58	0.01106	0.00931	0.01147	0.08086	0.01449	0.00794	0.00726	0.02993	0.01099	0.03362	0.01014	0.03959	0.00868	0.00479	0.00480	0.00102	0.04442	0.00380	0.00316	0.66268
59	0.01980	0.01459	0.01563	0.01198	0.01615	0.01615	0.00990	0.76713	0.02448	0.03282	0.01250	0.01250	0.00886	0.00625	0.00521	0.00156	0.00573	0.00469	0.00521	0.00886
60	0.01080	0.00926	0.01080	0.00771	0.01234	0.00694	0.00617	0.01311	0.01080	0.01697	0.00926	0.01080	0.00771	0.00386	0.00386	0.00077	0.00386	0.00309	0.00309	0.84882
61	0.00724	0.00522	0.00684	0.00664	0.00775	0.00483	0.00490	0.00949	0.01412	0.01990	0.68445	0.13900	0.04724	0.01138	0.00621	0.00170	0.00253	0.01011	0.00562	0.00483
62	0.00744	0.00502	0.00631	0.00662	0.00704	0.00516	0.00441	0.00834	0.00870	0.01230	0.01904	0.22890	0.02098	0.35150	0.19749	0.00469	0.00633	0.00869	0.08710	0.00394
63	0.00726	0.00535	0.00680	0.00654	0.00783	0.00490	0.00496	0.00956	0.01421	0.01968	0.64285	0.04147	0.14842	0.01119	0.00620	0.00169	0.00260	0.04810	0.00556	0.00484
64	0.00799	0.00636	0.00736	0.00774	0.00900	0.00646	0.00558	0.01243	0.20007	0.01560	0.03155	0.45147	0.17701	0.01337	0.00623	0.00196	0.00325	0.02637	0.00495	0.00527
65	0.00763	0.00596	0.00719	0.00666	0.00854	0.00516	0.00515	0.00970	0.01295	0.01768	0.36914	0.05829	0.24789	0.01079	0.00590	0.00162	0.00295	0.07657	0.00496	0.13526
66	0.80848	0.01059	0.00818	0.00762	0.02765	0.03653	0.00601	0.01550	0.00912	0.02289	0.00733	0.00859	0.00573	0.00485	0.00331	0.00160	0.00425	0.00288	0.00319	0.00571
67	0.01985	0.00899	0.01156	0.00926	0.01282	0.00843	0.00751	0.03562	0.14802	0.56382	0.09850	0.02011	0.01707	0.00698	0.00534	0.00164	0.00419	0.00577	0.00615	0.00835
68	0.01249	0.00872	0.01057	0.05037	0.01249	0.00934	0.00752	0.19151	0.06885	0.09121	0.14973	0.10623	0.06908	0.02691	0.03987	0.00210	0.04683	0.04943	0.04038	0.00637
69	0.00708	0.00509	0.00637	0.00643	0.00726	0.00474	0.00448	0.00862	0.01206	0.01655	0.40576	0.21075	0.10278	0.16662	0.01016	0.00241	0.00309	0.01039	0.00496	0.00438
70	0.07035	0.01170	0.01775	0.15055	0.09307	0.04719	0.15741	0.03065	0.01058	0.01552	0.00911	0.01271	0.00759	0.00733	0.03862	0.00203	0.23243	0.00467	0.02251	0.05824
71	0.00747	0.00545	0.00772	0.00772	0.00843	0.00616	0.00570	0.00888	0.00818	0.01161	0.01454	0.02375	0.01445	0.22688	0.61047	0.00757	0.01180	0.00606	0.00288	0.00429
