[name]
unknown

[dist]
# distance from previous block
# <min> <max>
5	61

[block]
# block no. 0 follows, 46 sequences, length 89
# corresponding to MSA columns:
# 70-158
name=unknown_A
#
# <colnr> <probs for GDERKNQSTAVLIFYWHMCP>
#	G	D	E	R	K	N	Q	S	T	A	V	L	I	F	Y	W	H	M	C	P
0	0.03811	0.06566	0.58877	0.01312	0.01957	0.01156	0.01612	0.01589	0.01172	0.03583	0.12120	0.01521	0.01309	0.00587	0.00506	0.00164	0.00672	0.00467	0.00289	0.00731
1	0.01139	0.10129	0.55431	0.01681	0.08356	0.01328	0.11372	0.01664	0.01136	0.01639	0.00947	0.01145	0.00701	0.00488	0.00504	0.00163	0.00762	0.00417	0.00232	0.00767
2	0.78719	0.03332	0.00863	0.00719	0.01054	0.01210	0.00597	0.03174	0.00955	0.04455	0.00785	0.00893	0.00603	0.00497	0.00337	0.00162	0.00418	0.00297	0.00338	0.00591
3	0.01232	0.01436	0.13214	0.12557	0.55674	0.01244	0.03779	0.01598	0.01174	0.01672	0.00983	0.01296	0.00795	0.00482	0.00524	0.00162	0.00667	0.00464	0.00253	0.00794
4	0.01501	0.02833	0.03553	0.08235	0.06448	0.14869	0.12217	0.15769	0.05876	0.04347	0.01133	0.04073	0.00927	0.00660	0.00753	0.00175	0.15071	0.00511	0.00342	0.00708
5	0.00829	0.00556	0.00698	0.00714	0.00811	0.00518	0.00494	0.02990	0.01134	0.05598	0.15496	0.41980	0.06585	0.14637	0.00975	0.00245	0.00348	0.01143	0.00481	0.03767
6	0.01629	0.07222	0.01602	0.01251	0.01494	0.19846	0.01017	0.27118	0.01573	0.01982	0.01034	0.04733	0.00897	0.00788	0.02200	0.00186	0.23906	0.00474	0.00355	0.00695
7	0.05553	0.07227	0.24616	0.01313	0.04739	0.02847	0.06381	0.13468	0.01349	0.06840	0.01042	0.01176	0.00781	0.00520	0.00524	0.00147	0.03753	0.00407	0.00328	0.16990
8	0.01428	0.32620	0.25072	0.01247	0.01771	0.04866	0.05364	0.14096	0.01346	0.03085	0.00931	0.01063	0.00731	0.00523	0.00499	0.00147	0.03801	0.00379	0.00287	0.00745
9	0.01174	0.00798	0.00702	0.00654	0.00815	0.08961	0.00494	0.08094	0.01261	0.01985	0.01585	0.01858	0.01265	0.03783	0.00486	0.00143	0.00362	0.00486	0.64559	0.00535
10	0.01832	0.01378	0.01491	0.01138	0.01565	0.01470	0.00935	0.61224	0.04688	0.03022	0.01242	0.01263	0.00903	0.00596	0.00506	0.00146	0.00544	0.00452	0.00493	0.15113
11	0.01383	0.01172	0.01214	0.01082	0.01387	0.03296	0.00844	0.04589	0.70934	0.04706	0.02094	0.01923	0.01562	0.00709	0.00536	0.00177	0.00437	0.00586	0.00535	0.00835
12	0.00643	0.00464	0.00610	0.00727	0.00764	0.00430	0.00487	0.00737	0.01021	0.01353	0.03026	0.77582	0.06918	0.01642	0.00672	0.00213	0.00305	0.01485	0.00491	0.00430
13	0.00661	0.00524	0.00594	0.00603	0.00743	0.00458	0.00442	0.00819	0.01251	0.01600	0.24326	0.17378	0.46085	0.01322	0.00633	0.00181	0.00269	0.01137	0.00515	0.00458
14	0.00671	0.00479	0.00644	0.00766	0.00809	0.00452	0.00537	0.00782	0.01038	0.01379	0.02899	0.71469	0.03438	0.01631	0.00682	0.00218	0.00330	0.10848	0.00490	0.00437
15	0.01096	0.00940	0.01096	0.00783	0.01253	0.00705	0.00626	0.01331	0.01096	0.01723	0.00940	0.01096	0.00783	0.00392	0.00392	0.00078	0.00392	0.00313	0.00313	0.84653
16	0.08194	0.00908	0.01195	0.00923	0.01327	0.00806	0.00763	0.02504	0.01470	0.73136	0.01991	0.01733	0.01257	0.00643	0.00517	0.00164	0.00447	0.00514	0.00631	0.00877
17	0.00649	0.00464	0.00618	0.00733	0.00768	0.00433	0.00491	0.00748	0.01034	0.01384	0.06300	0.77591	0.03564	0.01630	0.00672	0.00213	0.00304	0.01478	0.00495	0.00433
18	0.02010	0.01481	0.01587	0.01216	0.01639	0.01639	0.01005	0.76360	0.02486	0.03332	0.01269	0.01269	0.00899	0.00635	0.00529	0.00159	0.00582	0.00476	0.00529	0.00899
19	0.00636	0.00536	0.00552	0.00548	0.00721	0.00451	0.00411	0.00781	0.01232	0.01493	0.12171	0.04981	0.71053	0.01315	0.00625	0.00177	0.00266	0.01101	0.00499	0.00451
20	0.85155	0.01022	0.00777	0.00695	0.01022	0.01186	0.00573	0.01554	0.00900	0.02372	0.00736	0.00859	0.00573	0.00491	0.00327	0.00164	0.00409	0.00286	0.00327	0.00573
21	0.01975	0.02520	0.01498	0.01362	0.01634	0.79299	0.01021	0.02111	0.01498	0.01294	0.00817	0.00953	0.00681	0.00545	0.00477	0.00136	0.00953	0.00340	0.00272	0.00613
22	0.00776	0.00547	0.00711	0.00666	0.00798	0.00503	0.00501	0.01021	0.01488	0.03584	0.74086	0.03943	0.07215	0.01081	0.00622	0.00167	0.00254	0.00953	0.00580	0.00505
23	0.80139	0.01029	0.00806	0.00709	0.01044	0.01176	0.00584	0.03089	0.00940	0.02366	0.00755	0.00877	0.00588	0.00490	0.00334	0.00160	0.00412	0.00291	0.00331	0.03881
24	0.01248	0.01426	0.03119	0.02228	0.02763	0.01337	0.76203	0.01693	0.01248	0.01693	0.01070	0.01426	0.00802	0.00446	0.00624	0.00178	0.00891	0.00624	0.00267	0.00713
25	0.00644	0.00460	0.00613	0.00736	0.00767	0.00429	0.00491	0.00736	0.01012	0.01350	0.02914	0.81076	0.03497	0.01656	0.00675	0.00215	0.00307	0.01503	0.00491	0.00429
26	0.04802	0.00927	0.01204	0.00941	0.01330	0.00848	0.00772	0.05392	0.06511	0.65033	0.05104	0.01848	0.01440	0.00670	0.00529	0.00165	0.00444	0.00543	0.00629	0.00869
27	0.00916	0.00579	0.00748	0.00683	0.00844	0.00525	0.00520	0.01149	0.01471	0.10464	0.62803	0.03818	0.11323	0.01058	0.00614	0.00167	0.00273	0.00924	0.00582	0.00538
28	0.01413	0.81739	0.02770	0.00905	0.01357	0.02092	0.00905	0.01583	0.01074	0.01244	0.00735	0.00848	0.00678	0.00452	0.00339	0.00113	0.00565	0.00283	0.00226	0.00678
29	0.00644	0.00460	0.00613	0.00736	0.00767	0.00429	0.00491	0.00736	0.01012	0.01350	0.02914	0.81076	0.03497	0.01656	0.00675	0.00215	0.00307	0.01503	0.00491	0.00429
30	0.00652	0.00465	0.00618	0.00737	0.00769	0.00435	0.00494	0.00745	0.01010	0.01346	0.02880	0.77537	0.03448	0.03634	0.00726	0.00223	0.00316	0.03051	0.00486	0.00428
31	0.00694	0.00538	0.00631	0.00608	0.00756	0.00476	0.00456	0.00893	0.01368	0.01816	0.45958	0.04450	0.37065	0.01194	0.00624	0.00172	0.00257	0.01026	0.00542	0.00476
32	0.02043	0.01329	0.01485	0.01135	0.01558	0.01407	0.00937	0.56724	0.02207	0.19474	0.01429	0.01375	0.00982	0.00627	0.00523	0.00156	0.00544	0.00480	0.00545	0.05042
33	0.01987	0.01470	0.01574	0.01212	0.01631	0.01629	0.00999	0.73959	0.04924	0.03295	0.01298	0.01292	0.00922	0.00637	0.00529	0.00159	0.00576	0.00480	0.00529	0.00897
34	0.01209	0.00892	0.01052	0.00977	0.01209	0.00951	0.02143	0.08584	0.30422	0.08338	0.02508	0.19584	0.06949	0.01049	0.00601	0.00193	0.00421	0.11713	0.00521	0.00682
35	0.22915	0.04625	0.01517	0.35227	0.17481	0.03678	0.01195	0.01491	0.01062	0.01698	0.00885	0.01195	0.00698	0.00499	0.00460	0.00161	0.00602	0.00404	0.00268	0.03939
36	0.02313	0.00966	0.01264	0.00972	0.01381	0.00878	0.00802	0.10364	0.03084	0.69081	0.02001	0.01747	0.01271	0.00653	0.00531	0.00163	0.00463	0.00527	0.00639	0.00898
37	0.01150	0.07593	0.42256	0.14726	0.11408	0.01294	0.06059	0.01615	0.01119	0.03389	0.00962	0.01205	0.00720	0.00516	0.00554	0.00167	0.03862	0.00426	0.00243	0.00739
38	0.01025	0.00958	0.01592	0.67995	0.10266	0.01159	0.01428	0.01399	0.03030	0.01437	0.03995	0.01514	0.00908	0.00550	0.00532	0.00174	0.00673	0.00492	0.00259	0.00613
39	0.00692	0.00540	0.00629	0.00612	0.00762	0.00477	0.00462	0.00886	0.01350	0.01775	0.41233	0.04547	0.39686	0.01214	0.00627	0.00174	0.00265	0.03058	0.00536	0.00473
40	0.71430	0.01002	0.00852	0.00736	0.01077	0.01118	0.00606	0.01724	0.01001	0.14992	0.00960	0.01015	0.00695	0.00518	0.00361	0.00164	0.00416	0.00327	0.00381	0.00627
41	0.00770	0.00555	0.00801	0.00801	0.00884	0.00632	0.00606	0.00930	0.00847	0.01228	0.01444	0.02213	0.01379	0.12303	0.65672	0.02899	0.01244	0.00583	0.03759	0.00450
42	0.00644	0.00460	0.00613	0.00736	0.00767	0.00429	0.00491	0.00736	0.01012	0.01350	0.02914	0.81076	0.03497	0.01656	0.00675	0.00215	0.00307	0.01503	0.00491	0.00429
43	0.01413	0.81739	0.02770	0.00905	0.01357	0.02092	0.00905	0.01583	0.01074	0.01244	0.00735	0.00848	0.00678	0.00452	0.00339	0.00113	0.00565	0.00283	0.00226	0.00678
44	0.01362	0.55683	0.21042	0.01069	0.01590	0.03740	0.01156	0.01687	0.03840	0.03336	0.00874	0.00980	0.00726	0.00481	0.00394	0.00130	0.00619	0.00328	0.00249	0.00713
45	0.01126	0.00967	0.01162	0.00832	0.01302	0.00748	0.02566	0.03481	0.01140	0.01768	0.00952	0.01110	0.00787	0.00400	0.00401	0.00083	0.00410	0.00326	0.00318	0.80121
46	0.01660	0.01630	0.01313	0.01136	0.01401	0.31734	0.00874	0.26686	0.01650	0.01955	0.01166	0.01511	0.00994	0.09668	0.12040	0.00286	0.00832	0.00467	0.02343	0.00655
47	0.00763	0.00539	0.00689	0.00665	0.00793	0.00491	0.00494	0.00979	0.01404	0.03938	0.58222	0.13343	0.13358	0.01170	0.00627	0.00174	0.00264	0.01030	0.00562	0.00495
48	0.00653	0.00467	0.00622	0.00730	0.00769	0.00436	0.00491	0.00760	0.01056	0.01419	0.09681	0.74110	0.03631	0.01604	0.00670	0.00210	0.00302	0.01453	0.00499	0.00436
49	0.01096	0.00940	0.01096	0.00783	0.01253	0.00705	0.00626	0.01331	0.01096	0.01723	0.00940	0.01096	0.00783	0.00392	0.00392	0.00078	0.00392	0.00313	0.00313	0.84653
50	0.00985	0.00493	0.00493	0.00493	0.00616	0.00493	0.00370	0.01232	0.01109	0.01971	0.01725	0.01971	0.01355	0.00616	0.00370	0.00123	0.00246	0.00493	0.84356	0.00493
51	0.00940	0.00584	0.00762	0.00693	0.00854	0.00530	0.00528	0.01179	0.01485	0.11389	0.65219	0.03741	0.07959	0.01041	0.00612	0.00167	0.00275	0.00912	0.00586	0.00545
52	0.85155	0.01022	0.00777	0.00695	0.01022	0.01186	0.00573	0.01554	0.00900	0.02372	0.00736	0.00859	0.00573	0.00491	0.00327	0.00164	0.00409	0.00286	0.00327	0.00573
53	0.01975	0.02520	0.01498	0.01362	0.01634	0.79299	0.01021	0.02111	0.01498	0.01294	0.00817	0.00953	0.00681	0.00545	0.00477	0.00136	0.00953	0.00340	0.00272	0.00613
54	0.01469	0.73950	0.02645	0.00950	0.01384	0.09683	0.00916	0.01635	0.01116	0.01249	0.00743	0.00858	0.00679	0.00461	0.00353	0.00115	0.00604	0.00288	0.00231	0.00672
55	0.02372	0.00900	0.01227	0.00941	0.01350	0.00777	0.00777	0.02576	0.01513	0.78489	0.02086	0.01799	0.01309	0.00654	0.00532	0.00164	0.00450	0.00532	0.00654	0.00900
56	0.00757	0.00557	0.00804	0.00804	0.00883	0.00636	0.00604	0.00915	0.00836	0.01194	0.01457	0.02306	0.01421	0.16794	0.66633	0.00794	0.01266	0.00600	0.00289	0.00447
57	0.58189	0.00988	0.02678	0.02787	0.01123	0.01073	0.00647	0.03258	0.04635	0.06416	0.01007	0.04224	0.00829	0.00704	0.00561	0.09130	0.00433	0.00393	0.00352	0.00574
58	0.01133	0.00962	0.01116	0.00801	0.01269	0.00743	0.00642	0.04386	0.01153	0.01788	0.00953	0.01103	0.00788	0.00401	0.00397	0.00082	0.00399	0.00320	0.00322	0.81243
59	0.01149	0.12552	0.03066	0.00839	0.01075	0.00953	0.00686	0.13419	0.02689	0.06919	0.16705	0.17273	0.09664	0.07441	0.00735	0.00198	0.00419	0.03154	0.00467	0.00597
60	0.01336	0.00939	0.01123	0.00826	0.01270	0.00746	0.00663	0.04515	0.01220	0.14858	0.01210	0.03715	0.00962	0.00485	0.00430	0.00100	0.00406	0.00394	0.00385	0.64417
61	0.01136	0.01193	0.10896	0.06650	0.04052	0.03857	0.13857	0.03880	0.01250	0.03565	0.12332	0.01880	0.01540	0.00624	0.00544	0.00151	0.02743	0.02278	0.14722	0.12850
62	0.82536	0.01020	0.00787	0.00698	0.01030	0.01171	0.00574	0.01547	0.00906	0.02352	0.00742	0.00866	0.00579	0.00488	0.00329	0.00161	0.00408	0.00287	0.00327	0.03193
63	0.01258	0.44572	0.24847	0.01202	0.03430	0.03088	0.05368	0.01580	0.01124	0.01453	0.04932	0.01165	0.00931	0.00586	0.02321	0.00155	0.00659	0.00381	0.00249	0.00698
64	0.00647	0.00471	0.00610	0.00714	0.00763	0.00434	0.00483	0.00750	0.01052	0.01391	0.06486	0.70328	0.10724	0.01600	0.00668	0.00209	0.00300	0.01441	0.00495	0.00434
65	0.02372	0.00900	0.01227	0.00941	0.01350	0.00777	0.00777	0.02576	0.01513	0.78489	0.02086	0.01799	0.01309	0.00654	0.00532	0.00164	0.00450	0.00532	0.00654	0.00900
66	0.00643	0.00462	0.00611	0.00730	0.00765	0.00430	0.00488	0.00737	0.01018	0.01352	0.02991	0.78681	0.05841	0.01646	0.00673	0.00214	0.00305	0.01491	0.00491	0.00430
67	0.01327	0.00961	0.01140	0.00827	0.01286	0.00762	0.00667	0.05239	0.01226	0.12946	0.01122	0.01207	0.00865	0.00442	0.00419	0.00095	0.00409	0.00353	0.00373	0.68335
68	0.00648	0.00466	0.00611	0.00724	0.00761	0.00433	0.00484	0.00742	0.01024	0.01361	0.04378	0.75062	0.06531	0.03157	0.00710	0.00218	0.00308	0.01463	0.00489	0.00429
69	0.01078	0.02614	0.71707	0.01573	0.02332	0.01238	0.08807	0.01676	0.01128	0.01676	0.00960	0.01145	0.00682	0.00497	0.00513	0.00168	0.00791	0.00412	0.00227	0.00775
70	0.01752	0.00868	0.04880	0.00874	0.01205	0.00704	0.00740	0.01992	0.01488	0.48572	0.27938	0.02501	0.02535	0.00793	0.00562	0.00165	0.00398	0.00670	0.00608	0.00757
71	0.00755	0.00566	0.00850	0.00850	0.00944	0.00661	0.00661	0.00944	0.00850	0.01227	0.01416	0.02077	0.01322	0.03965	0.79326	0.00850	0.01416	0.00566	0.00283	0.00472
72	0.01183	0.29427	0.51601	0.01317	0.01982	0.01522	0.02984	0.01644	0.01104	0.01529	0.00879	0.01031	0.00675	0.00484	0.00449	0.00149	0.00710	0.00358	0.00225	0.00745
73	0.01926	0.01392	0.01508	0.01174	0.01570	0.01528	0.00962	0.68784	0.02353	0.05563	0.01409	0.06827	0.01092	0.00706	0.00539	0.00163	0.00558	0.00549	0.00530	0.00866
74	0.01531	0.01160	0.01294	0.00995	0.01407	0.01141	0.00804	0.33236	0.08053	0.05578	0.01325	0.05204	0.01057	0.00595	0.00482	0.00131	0.00473	0.00473	0.00446	0.34618
75	0.01830	0.01299	0.01430	0.01104	0.01505	0.01373	0.00900	0.55912	0.02127	0.08713	0.01372	0.04987	0.01055	0.02314	0.00562	0.00158	0.00533	0.00512	0.00504	0.11810
76	0.01555	0.08954	0.01590	0.01282	0.02906	0.31947	0.01011	0.08913	0.04511	0.01533	0.01136	0.01329	0.04939	0.00773	0.02460	0.00183	0.23593	0.00443	0.00304	0.00638
77	0.17368	0.01018	0.01326	0.08754	0.04743	0.01016	0.03825	0.09326	0.01427	0.43553	0.01562	0.01502	0.01036	0.00594	0.00497	0.00165	0.00504	0.00476	0.00510	0.00799
78	0.00791	0.00557	0.00708	0.00781	0.00862	0.00542	0.00549	0.02791	0.06576	0.04004	0.04392	0.64530	0.05120	0.01504	0.00656	0.00208	0.00331	0.04104	0.00502	0.00489
79	0.01707	0.01117	0.01258	0.01057	0.01404	0.01209	0.00843	0.12925	0.45657	0.23714	0.02011	0.01827	0.01429	0.00688	0.00535	0.00172	0.00450	0.00562	0.00569	0.00863
80	0.00667	0.00479	0.00601	0.00686	0.00728	0.00447	0.00452	0.00750	0.01000	0.01319	0.04740	0.57848	0.10785	0.15675	0.01024	0.00262	0.00338	0.01321	0.00463	0.00414
81	0.00837	0.00567	0.00663	0.00629	0.00800	0.00495	0.00473	0.01009	0.01308	0.09053	0.28124	0.08983	0.41015	0.02853	0.00661	0.00182	0.00287	0.01025	0.00532	0.00503
82	0.01233	0.01403	0.03059	0.02192	0.02715	0.01315	0.74375	0.01670	0.01242	0.01685	0.01114	0.03349	0.00867	0.00475	0.00625	0.00179	0.00877	0.00645	0.00273	0.00706
83	0.01248	0.01426	0.03119	0.02228	0.02763	0.01337	0.76203	0.01693	0.01248	0.01693	0.01070	0.01426	0.00802	0.00446	0.00624	0.00178	0.00891	0.00624	0.00267	0.00713
84	0.00998	0.00940	0.01586	0.80150	0.03641	0.01175	0.01468	0.01351	0.01057	0.01351	0.00940	0.01409	0.00705	0.00529	0.00529	0.00176	0.00705	0.00470	0.00235	0.00587
85	0.02010	0.01481	0.01587	0.01216	0.01639	0.01639	0.01005	0.76360	0.02486	0.03332	0.01269	0.01269	0.00899	0.00635	0.00529	0.00159	0.00582	0.00476	0.00529	0.00899
86	0.01096	0.00940	0.01096	0.00783	0.01253	0.00705	0.00626	0.01331	0.01096	0.01723	0.00940	0.01096	0.00783	0.00392	0.00392	0.00078	0.00392	0.00313	0.00313	0.84653
87	0.00733	0.00538	0.00686	0.00653	0.00781	0.00492	0.00488	0.00966	0.01454	0.02029	0.68393	0.05824	0.12749	0.01121	0.00625	0.00169	0.00253	0.00986	0.00570	0.00492
88	0.00852	0.00571	0.00685	0.00640	0.00812	0.00503	0.00486	0.01047	0.01369	0.09171	0.39458	0.05790	0.34337	0.01157	0.00616	0.00172	0.00277	0.00992	0.00550	0.00515

[dist]
# distance from previous block
# <min> <max>
0	17

[block]
# block no. 1 follows, 46 sequences, length 35
# corresponding to MSA columns:
# 176-210
name=unknown_B
#
# <colnr> <probs for GDERKNQSTAVLIFYWHMCP>
#	G	D	E	R	K	N	Q	S	T	A	V	L	I	F	Y	W	H	M	C	P
0	0.01306	0.01247	0.02053	0.02852	0.62053	0.01270	0.05637	0.01810	0.12976	0.01800	0.01178	0.01418	0.00956	0.00508	0.00531	0.00162	0.00610	0.00499	0.00305	0.00830
1	0.85155	0.01022	0.00777	0.00695	0.01022	0.01186	0.00573	0.01554	0.00900	0.02372	0.00736	0.00859	0.00573	0.00491	0.00327	0.00164	0.00409	0.00286	0.00327	0.00573
2	0.00934	0.00734	0.01107	0.06964	0.13381	0.00751	0.01017	0.01196	0.01204	0.01588	0.02383	0.04908	0.02530	0.01239	0.00683	0.00225	0.00524	0.57649	0.00433	0.00549
3	0.00837	0.00602	0.00832	0.00938	0.01062	0.00596	0.00813	0.01078	0.01235	0.01613	0.07912	0.05799	0.05659	0.01431	0.00720	0.00236	0.00464	0.67194	0.00493	0.00486
4	0.00700	0.00531	0.00645	0.00633	0.00765	0.00476	0.00469	0.00898	0.01358	0.01831	0.48217	0.12304	0.26807	0.01218	0.00629	0.00175	0.00261	0.01061	0.00545	0.00476
5	0.01298	0.06555	0.46785	0.01591	0.08547	0.03991	0.05314	0.13296	0.04294	0.01921	0.01039	0.01185	0.00763	0.00524	0.00506	0.00162	0.00723	0.00423	0.00290	0.00792
6	0.00767	0.00519	0.00611	0.00611	0.00623	0.00531	0.00363	0.00791	0.00779	0.01050	0.01634	0.03286	0.01847	0.71723	0.12286	0.00555	0.00626	0.00743	0.00316	0.00339
7	0.02317	0.00888	0.01209	0.00931	0.01331	0.00768	0.00768	0.02523	0.01513	0.75905	0.04649	0.01872	0.01433	0.00669	0.00535	0.00164	0.00443	0.00546	0.00652	0.00886
8	0.01273	0.01430	0.09691	0.13547	0.53883	0.05255	0.04063	0.01618	0.01191	0.01647	0.00976	0.01289	0.00793	0.00485	0.00523	0.00160	0.00679	0.00461	0.00255	0.00782
9	0.01937	0.02351	0.01546	0.01466	0.06377	0.67695	0.01057	0.08549	0.01566	0.01498	0.00868	0.01003	0.00710	0.00548	0.00484	0.00139	0.00901	0.00360	0.00294	0.00652
10	0.00677	0.00494	0.00634	0.00715	0.00782	0.00458	0.00503	0.00803	0.01107	0.01468	0.13142	0.52630	0.12619	0.04611	0.00744	0.00218	0.00317	0.07142	0.00496	0.00441
11	0.02372	0.00900	0.01227	0.00941	0.01350	0.00777	0.00777	0.02576	0.01513	0.78489	0.02086	0.01799	0.01309	0.00654	0.00532	0.00164	0.00450	0.00532	0.00654	0.00900
12	0.01613	0.43421	0.04443	0.01112	0.01489	0.30823	0.00981	0.04524	0.01276	0.01352	0.00808	0.00947	0.00704	0.00592	0.02428	0.00146	0.02102	0.00325	0.00256	0.00658
13	0.00776	0.00514	0.00585	0.00585	0.00593	0.00518	0.00336	0.00793	0.00785	0.01068	0.01658	0.03349	0.01877	0.75296	0.05711	0.00512	0.00539	0.00750	0.03424	0.00333
14	0.01703	0.00773	0.00998	0.00825	0.01128	0.00683	0.00658	0.04368	0.01441	0.46438	0.10763	0.09568	0.16510	0.00917	0.00572	0.00171	0.00386	0.00771	0.00597	0.00730
15	0.01909	0.00957	0.01204	0.00986	0.02911	0.00916	0.00781	0.17442	0.03316	0.43783	0.14759	0.02177	0.04932	0.00747	0.00550	0.00164	0.00439	0.00615	0.00599	0.00811
16	0.04631	0.06211	0.02923	0.04108	0.01537	0.02708	0.00906	0.28067	0.05854	0.32719	0.03896	0.01556	0.01184	0.00636	0.00514	0.00160	0.00520	0.00497	0.00533	0.00840
17	0.01642	0.01452	0.01266	0.01065	0.01378	0.20436	0.00846	0.34252	0.01845	0.04794	0.02123	0.02215	0.17272	0.00792	0.00538	0.00159	0.00588	0.03318	0.03316	0.00703
18	0.77862	0.01098	0.04419	0.03941	0.01187	0.01187	0.00673	0.01551	0.00916	0.02298	0.00754	0.00893	0.00582	0.00493	0.00343	0.00164	0.00438	0.00299	0.00319	0.00583
19	0.01313	0.01269	0.02060	0.03059	0.71378	0.03547	0.01559	0.01650	0.03133	0.01722	0.01078	0.01468	0.00925	0.00512	0.00529	0.00160	0.00628	0.02914	0.00276	0.00819
20	0.01383	0.09606	0.03802	0.02646	0.54863	0.06946	0.04348	0.04199	0.04061	0.01716	0.01009	0.01260	0.00836	0.00489	0.00505	0.00153	0.00649	0.00451	0.00277	0.00801
21	0.01188	0.03431	0.01646	0.03060	0.01443	0.04203	0.01152	0.01310	0.00845	0.01274	0.00704	0.01147	0.00693	0.00891	0.01629	0.00224	0.73890	0.00454	0.00233	0.00582
22	0.00765	0.00550	0.00679	0.00641	0.00787	0.00494	0.00483	0.00984	0.01423	0.04219	0.57299	0.04172	0.23278	0.01133	0.00621	0.00169	0.00260	0.00984	0.00561	0.00497
23	0.00683	0.00538	0.00617	0.00597	0.00750	0.00471	0.00448	0.00872	0.01344	0.01757	0.39826	0.04546	0.43233	0.01216	0.00624	0.00173	0.00259	0.01040	0.00534	0.00471
24	0.00697	0.00530	0.00642	0.00639	0.00769	0.00475	0.00474	0.00888	0.01333	0.01784	0.42976	0.14275	0.28538	0.01247	0.00633	0.00178	0.00268	0.02645	0.00539	0.00473
25	0.00643	0.00462	0.00611	0.00730	0.00765	0.00430	0.00488	0.00737	0.01018	0.01352	0.02990	0.78704	0.05819	0.01646	0.00673	0.00214	0.00305	0.01491	0.00491	0.00430
26	0.02010	0.01481	0.01587	0.01216	0.01639	0.01639	0.01005	0.76360	0.02486	0.03332	0.01269	0.01269	0.00899	0.00635	0.00529	0.00159	0.00582	0.00476	0.00529	0.00899
27	0.18576	0.01372	0.01415	0.01104	0.01508	0.01524	0.00912	0.59281	0.02141	0.05366	0.01187	0.01203	0.00846	0.00607	0.00489	0.00160	0.00543	0.00440	0.00492	0.00834
28	0.00650	0.00465	0.00621	0.00743	0.00777	0.00435	0.00502	0.00747	0.01018	0.01357	0.02910	0.78787	0.03483	0.01650	0.00676	0.00216	0.00312	0.03729	0.00491	0.00431
29	0.01365	0.70844	0.13238	0.00988	0.01485	0.01973	0.01049	0.01596	0.01080	0.01303	0.00764	0.00885	0.00677	0.00459	0.00362	0.00121	0.00595	0.00298	0.00226	0.00693
30	0.01247	0.00851	0.00939	0.00804	0.00962	0.00899	0.00567	0.26017	0.01371	0.04921	0.01551	0.02663	0.01557	0.51255	0.01884	0.00381	0.00533	0.00662	0.00403	0.00536
31	0.74502	0.01059	0.01023	0.00855	0.01205	0.01190	0.08112	0.01596	0.00951	0.04415	0.00807	0.00941	0.00616	0.00491	0.00362	0.00165	0.00458	0.00327	0.00330	0.00596
32	0.01087	0.01036	0.01774	0.57681	0.23468	0.01200	0.03403	0.01432	0.01101	0.01460	0.00958	0.01383	0.00743	0.00511	0.00530	0.00171	0.00689	0.00474	0.00243	0.00657
33	0.00920	0.00643	0.01019	0.26337	0.04244	0.00715	0.00834	0.00946	0.00876	0.01152	0.01220	0.11883	0.01219	0.01340	0.01316	0.42181	0.00525	0.01964	0.00271	0.00395
34	0.01179	0.01229	0.02352	0.24625	0.16778	0.01304	0.33590	0.01540	0.01141	0.01560	0.00981	0.01373	0.00770	0.00522	0.00689	0.00179	0.08714	0.00536	0.00253	0.00687

[dist]
# distance from previous block
# <min> <max>
0	2

[block]
# block no. 2 follows, 46 sequences, length 7
# corresponding to MSA columns:
# 213-219
name=unknown_C
#
# <colnr> <probs for GDERKNQSTAVLIFYWHMCP>
#	G	D	E	R	K	N	Q	S	T	A	V	L	I	F	Y	W	H	M	C	P
0	0.00692	0.00535	0.00602	0.00625	0.00771	0.00474	0.00478	0.00857	0.01216	0.01557	0.13435	0.12811	0.47142	0.01312	0.00628	0.00186	0.00296	0.10382	0.05543	0.00459
1	0.01275	0.66741	0.02367	0.00844	0.01243	0.01791	0.00817	0.01445	0.01115	0.01318	0.05815	0.01565	0.10691	0.00601	0.00392	0.00124	0.00509	0.00427	0.00280	0.00639
2	0.06218	0.00798	0.00991	0.00950	0.01171	0.00807	0.00786	0.10935	0.04449	0.16605	0.02339	0.15278	0.02304	0.01144	0.00627	0.00206	0.00458	0.32789	0.00518	0.00629
3	0.01948	0.01450	0.01552	0.01204	0.01616	0.01611	0.00990	0.69846	0.09100	0.03233	0.01347	0.01332	0.00962	0.00642	0.00530	0.00160	0.00567	0.00487	0.00530	0.00894
4	0.06700	0.01388	0.01540	0.10892	0.01850	0.01556	0.01037	0.62805	0.02218	0.03033	0.01198	0.01263	0.00856	0.00613	0.00517	0.00161	0.00587	0.00464	0.00481	0.00842
5	0.46373	0.22764	0.04143	0.00841	0.01193	0.09353	0.00741	0.01577	0.01007	0.01857	0.00806	0.01027	0.00694	0.05228	0.00490	0.00168	0.00526	0.00323	0.00290	0.00598
6	0.00957	0.00755	0.01020	0.01169	0.10782	0.00728	0.00808	0.05906	0.03259	0.01673	0.02367	0.25922	0.05573	0.01182	0.00624	0.00194	0.00436	0.25289	0.00442	0.10913

[dist]
# distance from previous block
# <min> <max>
0	1

[block]
# block no. 3 follows, 46 sequences, length 7
# corresponding to MSA columns:
# 221-227
name=unknown_D
#
# <colnr> <probs for GDERKNQSTAVLIFYWHMCP>
#	G	D	E	R	K	N	Q	S	T	A	V	L	I	F	Y	W	H	M	C	P
0	0.00748	0.00604	0.00676	0.00667	0.00834	0.00566	0.00509	0.01066	0.09721	0.01687	0.21994	0.08703	0.42850	0.01234	0.00625	0.00182	0.00297	0.06017	0.00518	0.00504
1	0.00815	0.00654	0.00949	0.00918	0.00989	0.00797	0.00716	0.00978	0.00848	0.01231	0.01391	0.06234	0.01365	0.07037	0.58863	0.00699	0.14139	0.00609	0.00288	0.00480
2	0.00755	0.00566	0.00850	0.00850	0.00944	0.00661	0.00661	0.00944	0.00850	0.01227	0.01416	0.02077	0.01322	0.03965	0.79326	0.00850	0.01416	0.00566	0.00283	0.00472
3	0.00649	0.00478	0.00608	0.00700	0.00760	0.00437	0.00477	0.00759	0.01077	0.01418	0.08728	0.63571	0.15272	0.01565	0.00663	0.00206	0.00296	0.01403	0.00497	0.00437
4	0.02010	0.01481	0.01587	0.01216	0.01639	0.01639	0.01005	0.76360	0.02486	0.03332	0.01269	0.01269	0.00899	0.00635	0.00529	0.00159	0.00582	0.00476	0.00529	0.00899
5	0.02005	0.01632	0.01574	0.01238	0.01639	0.12965	0.01007	0.65532	0.02342	0.03035	0.01203	0.01223	0.00867	0.00622	0.00521	0.00155	0.00636	0.00456	0.00491	0.00857
6	0.01586	0.00996	0.01158	0.01029	0.04206	0.01046	0.00783	0.13719	0.27060	0.21206	0.06276	0.02006	0.03978	0.00706	0.00519	0.00163	0.00422	0.00580	0.11776	0.00784

[dist]
# distance from previous block
# <min> <max>
0	2

[block]
# block no. 4 follows, 46 sequences, length 36
# corresponding to MSA columns:
# 230-257,260-267
name=unknown_E
#
# <colnr> <probs for GDERKNQSTAVLIFYWHMCP>
#	G	D	E	R	K	N	Q	S	T	A	V	L	I	F	Y	W	H	M	C	P
0	0.01478	0.72690	0.02628	0.00952	0.01389	0.08356	0.00917	0.04054	0.01154	0.01316	0.00759	0.00870	0.00686	0.00466	0.00357	0.00116	0.00597	0.00294	0.00240	0.00680
1	0.81136	0.01104	0.04501	0.00734	0.01083	0.01188	0.00639	0.01560	0.00910	0.02339	0.00746	0.00871	0.00577	0.00491	0.00336	0.00164	0.00427	0.00291	0.00322	0.00583
2	0.01494	0.01194	0.01353	0.11829	0.01742	0.02807	0.00968	0.18127	0.42234	0.07188	0.01723	0.01690	0.01272	0.00674	0.00572	0.00174	0.03122	0.00541	0.00487	0.00808
3	0.01393	0.77856	0.02661	0.00885	0.01321	0.02015	0.00879	0.01566	0.01076	0.01279	0.00782	0.00902	0.00711	0.00460	0.00341	0.00114	0.00550	0.00293	0.04247	0.00670
4	0.01335	0.44388	0.10733	0.00977	0.01421	0.02754	0.00961	0.05184	0.03510	0.03747	0.07100	0.01250	0.01095	0.00535	0.00441	0.00128	0.02346	0.00384	0.00303	0.11408
5	0.01260	0.20441	0.10505	0.01326	0.03507	0.11103	0.08462	0.01497	0.01076	0.01395	0.03988	0.01297	0.00942	0.00997	0.09340	0.00242	0.21285	0.00444	0.00258	0.00634
6	0.00972	0.00513	0.00544	0.00539	0.00657	0.00530	0.00408	0.01212	0.01083	0.01901	0.01679	0.01961	0.01338	0.00869	0.06217	0.00179	0.02077	0.00498	0.76331	0.00493
7	0.01075	0.02645	0.73882	0.01593	0.05363	0.01231	0.03617	0.01673	0.01123	0.01677	0.00953	0.01131	0.00679	0.00500	0.00506	0.00167	0.00778	0.00399	0.00226	0.00782
8	0.01312	0.01328	0.02224	0.15361	0.33969	0.05640	0.21404	0.05923	0.01266	0.01706	0.00999	0.01328	0.00795	0.00506	0.00598	0.00168	0.03952	0.00504	0.00274	0.00744
9	0.00722	0.00568	0.00879	0.00896	0.00982	0.00535	0.08086	0.00857	0.01041	0.01389	0.02681	0.65623	0.03146	0.04111	0.00739	0.00223	0.00384	0.06218	0.00463	0.00458
10	0.83095	0.01059	0.00795	0.00712	0.01038	0.03121	0.00584	0.01568	0.00915	0.02345	0.00738	0.00861	0.00575	0.00492	0.00331	0.00163	0.00422	0.00288	0.00326	0.00574
11	0.00890	0.00469	0.00667	0.00667	0.00667	0.00469	0.00433	0.00704	0.00704	0.00939	0.01061	0.01962	0.01110	0.17075	0.02186	0.68515	0.00469	0.00518	0.00247	0.00247
12	0.10661	0.01263	0.04299	0.05744	0.64453	0.01244	0.01509	0.01606	0.01162	0.01784	0.00962	0.01256	0.00798	0.00476	0.00501	0.00159	0.00611	0.00448	0.00267	0.00797
13	0.01144	0.01052	0.01717	0.51232	0.24248	0.01208	0.01453	0.06312	0.01204	0.01607	0.03174	0.01445	0.00877	0.00535	0.00530	0.00169	0.00662	0.00484	0.00271	0.00675
14	0.00650	0.00465	0.00621	0.00743	0.00777	0.00435	0.00502	0.00747	0.01018	0.01357	0.02910	0.78786	0.03483	0.01650	0.00676	0.00216	0.00312	0.03730	0.00491	0.00431
15	0.01231	0.01698	0.22927	0.03337	0.04463	0.05257	0.26078	0.01626	0.01162	0.03963	0.00993	0.01243	0.00761	0.00509	0.00636	0.00160	0.07981	0.00467	0.00271	0.15238
16	0.01085	0.08191	0.73439	0.01465	0.02224	0.01287	0.01881	0.01668	0.01113	0.01644	0.00934	0.01098	0.00670	0.00499	0.00491	0.00164	0.00766	0.00383	0.00223	0.00774
17	0.00756	0.00565	0.00841	0.00841	0.00932	0.00656	0.00650	0.00938	0.00847	0.01221	0.01424	0.02122	0.01341	0.06479	0.76838	0.00839	0.01387	0.00573	0.00284	0.00467
18	0.01633	0.43884	0.02205	0.01205	0.05214	0.28425	0.00991	0.06538	0.01310	0.01419	0.00809	0.00940	0.00701	0.00506	0.00437	0.00129	0.02386	0.00328	0.00263	0.00676
19	0.01205	0.00994	0.01139	0.00839	0.01281	0.00828	0.00672	0.12451	0.01303	0.01942	0.01173	0.03586	0.03084	0.00492	0.00427	0.00097	0.00414	0.00395	0.00356	0.67322
20	0.04040	0.08378	0.12962	0.01134	0.01566	0.02714	0.01038	0.27950	0.17352	0.12541	0.01457	0.01481	0.01069	0.03256	0.00575	0.00172	0.00558	0.00481	0.00459	0.00817
21	0.10603	0.01429	0.07352	0.01910	0.02372	0.01348	0.54038	0.01625	0.01147	0.01717	0.00979	0.01311	0.00755	0.00512	0.00718	0.00182	0.10496	0.00552	0.00267	0.00685
22	0.01126	0.01049	0.01713	0.54470	0.18539	0.01222	0.03324	0.04277	0.06121	0.01565	0.01045	0.01421	0.00801	0.00531	0.00531	0.00172	0.00671	0.00483	0.00272	0.00669
23	0.04900	0.00837	0.01213	0.36071	0.04405	0.00979	0.01049	0.04275	0.01132	0.02869	0.01429	0.05763	0.01273	0.00744	0.00594	0.00178	0.05351	0.10032	0.16334	0.00572
24	0.00918	0.00459	0.00689	0.00689	0.00689	0.00459	0.00459	0.00689	0.00689	0.00918	0.00918	0.01607	0.00918	0.01837	0.02066	0.84619	0.00459	0.00459	0.00230	0.00230
25	0.01341	0.01326	0.04420	0.04509	0.61498	0.01290	0.08772	0.07132	0.01297	0.01833	0.01019	0.01313	0.00831	0.00483	0.00533	0.00160	0.00656	0.00484	0.00280	0.00823
26	0.00804	0.00598	0.00853	0.00840	0.00923	0.00702	0.00649	0.00980	0.00871	0.01293	0.01446	0.04325	0.01370	0.07199	0.60265	0.00702	0.07082	0.00589	0.08037	0.00473
27	0.00644	0.00460	0.00613	0.00736	0.00767	0.00429	0.00491	0.00736	0.01012	0.01350	0.02914	0.81076	0.03497	0.01656	0.00675	0.00215	0.00307	0.01503	0.00491	0.00429
28	0.01834	0.07590	0.01561	0.01218	0.04022	0.16223	0.00957	0.37620	0.08082	0.08894	0.04441	0.01456	0.02451	0.00637	0.00511	0.00154	0.00609	0.00481	0.00461	0.00797
29	0.05839	0.21830	0.05342	0.01063	0.01445	0.01534	0.00939	0.27046	0.12895	0.06149	0.01345	0.05147	0.01094	0.00706	0.01701	0.00168	0.03158	0.01414	0.00419	0.00767
30	0.00655	0.00471	0.00622	0.00723	0.00768	0.00438	0.00490	0.00766	0.01071	0.01437	0.11346	0.70670	0.05412	0.01584	0.00668	0.00208	0.00299	0.01433	0.00501	0.00438
31	0.01847	0.00839	0.01078	0.00872	0.01186	0.00773	0.00692	0.05115	0.06546	0.49648	0.11164	0.02356	0.04713	0.09762	0.00788	0.00204	0.00429	0.00633	0.00589	0.00766
32	0.01133	0.08900	0.63703	0.01562	0.06875	0.01295	0.03216	0.01700	0.02597	0.02870	0.00978	0.01140	0.00712	0.00502	0.00494	0.00163	0.00744	0.00398	0.00240	0.00778
33	0.57824	0.02738	0.09761	0.01017	0.05884	0.07695	0.00849	0.02925	0.01045	0.04969	0.00841	0.00964	0.00643	0.00503	0.00382	0.00160	0.00516	0.00326	0.00321	0.00635
34	0.19979	0.03494	0.01392	0.01332	0.08907	0.39130	0.00947	0.06915	0.04895	0.05294	0.01053	0.01152	0.02252	0.00558	0.00457	0.00149	0.00709	0.00385	0.00333	0.00667
35	0.05142	0.06814	0.01278	0.00961	0.01281	0.05446	0.00779	0.14502	0.09842	0.23956	0.08516	0.04549	0.04660	0.03092	0.00614	0.00172	0.02490	0.01512	0.00501	0.03894

[dist]
# distance from previous block
# <min> <max>
1	4

[block]
# block no. 5 follows, 46 sequences, length 8
# corresponding to MSA columns:
# 272-279
name=unknown_F
#
# <colnr> <probs for GDERKNQSTAVLIFYWHMCP>
#	G	D	E	R	K	N	Q	S	T	A	V	L	I	F	Y	W	H	M	C	P
0	0.01052	0.08412	0.60193	0.01389	0.02051	0.01205	0.04716	0.01574	0.01147	0.01668	0.07568	0.04418	0.01152	0.00590	0.00512	0.00165	0.00706	0.00483	0.00266	0.00733
1	0.06988	0.45813	0.16786	0.01038	0.01499	0.06550	0.01063	0.05572	0.01168	0.01525	0.00975	0.07039	0.00896	0.00572	0.00414	0.00138	0.00601	0.00410	0.00272	0.00680
2	0.07957	0.10330	0.05094	0.03008	0.01286	0.07689	0.00828	0.04059	0.08426	0.06648	0.06701	0.02694	0.09438	0.03326	0.03066	0.00202	0.02007	0.13110	0.00407	0.03724
3	0.00954	0.05143	0.00859	0.00746	0.00887	0.00672	0.00538	0.04953	0.03796	0.06937	0.05132	0.33997	0.10459	0.15366	0.01012	0.02798	0.00388	0.01012	0.00449	0.03903
4	0.06310	0.09695	0.04222	0.00949	0.01357	0.06060	0.00804	0.11828	0.04345	0.04373	0.01108	0.04633	0.00931	0.00546	0.00478	0.00123	0.03167	0.00411	0.00354	0.38307
5	0.01164	0.20621	0.01380	0.00838	0.01062	0.01080	0.02979	0.09789	0.01160	0.05942	0.04017	0.04985	0.05247	0.27548	0.09701	0.00342	0.00612	0.00624	0.00357	0.00552
6	0.01126	0.11268	0.54892	0.01322	0.01990	0.01275	0.01593	0.01725	0.07714	0.01678	0.01028	0.01158	0.00765	0.00503	0.00475	0.00153	0.00683	0.00388	0.00261	0.10004
7	0.07209	0.56645	0.21293	0.01038	0.01562	0.01816	0.01139	0.01603	0.01072	0.01429	0.00788	0.00915	0.00669	0.00467	0.00378	0.00130	0.00607	0.00309	0.00233	0.00696

[dist]
# distance from previous block
# <min> <max>
3	5

[block]
# block no. 6 follows, 46 sequences, length 17
# corresponding to MSA columns:
# 285-301
name=unknown_G
#
# <colnr> <probs for GDERKNQSTAVLIFYWHMCP>
#	G	D	E	R	K	N	Q	S	T	A	V	L	I	F	Y	W	H	M	C	P
0	0.06532	0.12292	0.42512	0.01236	0.01798	0.09331	0.01403	0.05335	0.01213	0.01696	0.01298	0.01476	0.06458	0.00591	0.00479	0.00158	0.00678	0.01947	0.02865	0.00704
1	0.01438	0.70482	0.02562	0.00946	0.01365	0.09490	0.00905	0.01606	0.01105	0.01248	0.00773	0.00913	0.00707	0.00617	0.03857	0.00148	0.00641	0.00301	0.00233	0.00663
2	0.00755	0.00566	0.00850	0.00850	0.00944	0.00661	0.00661	0.00944	0.00850	0.01227	0.01416	0.02077	0.01322	0.03965	0.79326	0.00850	0.01416	0.00566	0.00283	0.00472
3	0.00789	0.05930	0.00946	0.00834	0.00943	0.00729	0.00650	0.00961	0.00877	0.01233	0.01517	0.09318	0.01499	0.06041	0.64356	0.00731	0.01228	0.00640	0.00300	0.00477
4	0.01594	0.00937	0.01154	0.00856	0.01292	0.00766	0.00694	0.05046	0.01321	0.29984	0.03615	0.01445	0.01103	0.00519	0.00456	0.00116	0.00417	0.00419	0.00456	0.47811
5	0.10049	0.01419	0.01488	0.01159	0.01566	0.01579	0.00954	0.65425	0.06059	0.03183	0.01262	0.01264	0.00903	0.00625	0.00510	0.00160	0.00557	0.00464	0.00510	0.00864
6	0.00644	0.00460	0.00613	0.00736	0.00767	0.00429	0.00491	0.00736	0.01012	0.01350	0.02914	0.81076	0.03497	0.01656	0.00675	0.00215	0.00307	0.01503	0.00491	0.00429
7	0.01096	0.00940	0.01096	0.00783	0.01253	0.00705	0.00626	0.01331	0.01096	0.01723	0.00940	0.01096	0.00783	0.00392	0.00392	0.00078	0.00392	0.00313	0.00313	0.84653
8	0.00767	0.00519	0.00609	0.00609	0.00620	0.00530	0.00361	0.00789	0.00778	0.01049	0.01636	0.03296	0.01851	0.72277	0.11738	0.00552	0.00619	0.00745	0.00316	0.00338
9	0.02372	0.00900	0.01227	0.00941	0.01350	0.00777	0.00777	0.02576	0.01513	0.78489	0.02086	0.01799	0.01309	0.00654	0.00532	0.00164	0.00450	0.00532	0.00654	0.00900
10	0.02349	0.00936	0.01250	0.00958	0.01368	0.00832	0.00791	0.07247	0.01575	0.73732	0.02034	0.01766	0.01283	0.00653	0.00531	0.00163	0.00458	0.00528	0.00646	0.00900
11	0.00659	0.00469	0.00624	0.00743	0.00777	0.00441	0.00504	0.00755	0.01015	0.01351	0.02868	0.74789	0.03423	0.04198	0.00742	0.00226	0.00322	0.05180	0.00485	0.00429
12	0.00764	0.00513	0.00586	0.00590	0.00594	0.00515	0.00336	0.00773	0.00779	0.01042	0.01697	0.05872	0.01953	0.76446	0.05052	0.00514	0.00535	0.00786	0.00325	0.00329
13	0.01820	0.01326	0.01436	0.01133	0.01503	0.01459	0.00919	0.59399	0.08912	0.05289	0.03598	0.03989	0.01221	0.04719	0.00645	0.00180	0.00542	0.00548	0.00523	0.00839
14	0.01333	0.00610	0.00712	0.00632	0.00813	0.00575	0.00474	0.01525	0.01161	0.23113	0.01815	0.02185	0.01442	0.14844	0.00823	0.00203	0.00350	0.00552	0.46261	0.00576
15	0.00810	0.00494	0.00566	0.00597	0.00650	0.00489	0.00391	0.00923	0.00949	0.01436	0.02001	0.22956	0.02119	0.31124	0.03603	0.00313	0.00395	0.00859	0.28915	0.00411
16	0.01308	0.01256	0.02146	0.03245	0.78123	0.01256	0.01622	0.01622	0.01204	0.01727	0.00994	0.01308	0.00837	0.00471	0.00523	0.00157	0.00628	0.00471	0.00262	0.00837

[dist]
# distance from previous block
# <min> <max>
0	42

[block]
# block no. 7 follows, 46 sequences, length 36
# corresponding to MSA columns:
# 344-379
name=unknown_H
#
# <colnr> <probs for GDERKNQSTAVLIFYWHMCP>
#	G	D	E	R	K	N	Q	S	T	A	V	L	I	F	Y	W	H	M	C	P
0	0.02372	0.00900	0.01227	0.00941	0.01350	0.00777	0.00777	0.02576	0.01513	0.78489	0.02086	0.01799	0.01309	0.00654	0.00532	0.00164	0.00450	0.00532	0.00654	0.00900
1	0.01261	0.01208	0.02060	0.15052	0.66688	0.01244	0.01599	0.01581	0.01181	0.01669	0.00986	0.01324	0.00817	0.00480	0.00524	0.00160	0.00640	0.00471	0.00258	0.00799
2	0.81163	0.04870	0.00872	0.00705	0.01038	0.01229	0.00588	0.01555	0.00908	0.02318	0.00736	0.00858	0.00578	0.00489	0.00328	0.00161	0.00416	0.00286	0.00322	0.00578
3	0.00656	0.00473	0.00623	0.00732	0.00777	0.00440	0.00500	0.00763	0.01052	0.01398	0.06485	0.70928	0.07260	0.01607	0.00672	0.00212	0.00309	0.04184	0.00495	0.00436
4	0.01287	0.01234	0.02107	0.08535	0.73000	0.01250	0.01612	0.01604	0.01194	0.01701	0.00991	0.01315	0.00828	0.00475	0.00524	0.00158	0.00633	0.00471	0.00260	0.00820
5	0.00752	0.00543	0.00712	0.00677	0.00801	0.00503	0.00512	0.01001	0.01486	0.02100	0.75008	0.04025	0.04915	0.01095	0.00628	0.00169	0.00258	0.03738	0.00578	0.00498
6	0.01393	0.01175	0.01240	0.01092	0.01405	0.01352	0.00856	0.11117	0.68733	0.02338	0.02052	0.01893	0.01533	0.00708	0.00537	0.00177	0.00437	0.00584	0.00537	0.00844
7	0.00985	0.00493	0.00493	0.00493	0.00616	0.00493	0.00370	0.01232	0.01109	0.01971	0.01725	0.01971	0.01355	0.00616	0.00370	0.00123	0.00246	0.00493	0.84356	0.00493
8	0.00661	0.00481	0.00623	0.00705	0.00766	0.00444	0.00484	0.00786	0.01117	0.01497	0.16764	0.60279	0.10392	0.01523	0.00661	0.00203	0.00293	0.01369	0.00507	0.00444
9	0.00654	0.00466	0.00617	0.00735	0.00766	0.00437	0.00492	0.00746	0.01006	0.01341	0.02856	0.75869	0.03416	0.05199	0.00766	0.00229	0.00320	0.03178	0.00483	0.00426
10	0.04226	0.00610	0.00611	0.00572	0.00732	0.00632	0.00440	0.08647	0.01237	0.02120	0.01643	0.01860	0.01281	0.00613	0.00384	0.00128	0.00285	0.00483	0.72960	0.00536
11	0.00756	0.00565	0.00841	0.00841	0.00933	0.00656	0.00651	0.00939	0.00847	0.01221	0.01423	0.02118	0.01339	0.06271	0.77045	0.00840	0.01389	0.00572	0.00284	0.00467
12	0.00985	0.00493	0.00493	0.00493	0.00616	0.00493	0.00370	0.01232	0.01109	0.01971	0.01725	0.01971	0.01355	0.00616	0.00370	0.00123	0.00246	0.00493	0.84356	0.00493
13	0.02010	0.01481	0.01587	0.01216	0.01639	0.01639	0.01005	0.76360	0.02486	0.03332	0.01269	0.01269	0.00899	0.00635	0.00529	0.00159	0.00582	0.00476	0.00529	0.00899
14	0.01060	0.02735	0.78682	0.01507	0.02288	0.01228	0.01953	0.01674	0.01116	0.01674	0.00949	0.01116	0.00670	0.00502	0.00502	0.00167	0.00781	0.00391	0.00223	0.00781
15	0.85155	0.01022	0.00777	0.00695	0.01022	0.01186	0.00573	0.01554	0.00900	0.02372	0.00736	0.00859	0.00573	0.00491	0.00327	0.00164	0.00409	0.00286	0.00327	0.00573
16	0.01413	0.81739	0.02770	0.00905	0.01357	0.02092	0.00905	0.01583	0.01074	0.01244	0.00735	0.00848	0.00678	0.00452	0.00339	0.00113	0.00565	0.00283	0.00226	0.00678
17	0.01975	0.02520	0.01498	0.01362	0.01634	0.79299	0.01021	0.02111	0.01498	0.01294	0.00817	0.00953	0.00681	0.00545	0.00477	0.00136	0.00953	0.00340	0.00272	0.00613
18	0.00722	0.00585	0.00656	0.00678	0.00846	0.00534	0.00541	0.00959	0.05106	0.01539	0.07945	0.05093	0.51944	0.01325	0.00647	0.00194	0.00329	0.19381	0.00497	0.00479
19	0.01431	0.01069	0.01329	0.00979	0.01432	0.00941	0.05387	0.15134	0.03802	0.11258	0.01183	0.01260	0.00895	0.00481	0.00452	0.00112	0.00465	0.00397	0.00398	0.51596
20	0.01325	0.61978	0.21758	0.01055	0.01590	0.01876	0.01167	0.01606	0.01085	0.01351	0.00788	0.00915	0.00676	0.00465	0.00380	0.00127	0.00619	0.00310	0.00225	0.00704
21	0.02216	0.01150	0.01382	0.01059	0.01474	0.01148	0.00875	0.34326	0.01932	0.46149	0.01734	0.01571	0.01132	0.00646	0.00530	0.00161	0.00507	0.00508	0.00600	0.00899
22	0.00762	0.00510	0.00579	0.00585	0.00587	0.00508	0.00330	0.00767	0.00782	0.01043	0.01734	0.07691	0.02008	0.77072	0.02581	0.00496	0.00501	0.00809	0.00330	0.00326
23	0.01237	0.01355	0.02045	0.05376	0.01975	0.12344	0.29448	0.01491	0.01106	0.01445	0.01108	0.09277	0.01032	0.00829	0.03142	0.00211	0.25069	0.00614	0.00278	0.00617
24	0.00666	0.00476	0.00638	0.00761	0.00801	0.00448	0.00528	0.00774	0.01034	0.01374	0.02902	0.73229	0.03449	0.01636	0.00681	0.00218	0.00326	0.09135	0.00490	0.00435
25	0.02372	0.00900	0.01227	0.00941	0.01350	0.00777	0.00777	0.02576	0.01513	0.78489	0.02086	0.01799	0.01309	0.00654	0.00532	0.00164	0.00450	0.00532	0.00654	0.00900
26	0.03102	0.26863	0.51214	0.01286	0.01945	0.01478	0.01564	0.01672	0.01111	0.03976	0.00914	0.01050	0.00690	0.00491	0.00449	0.00151	0.00696	0.00360	0.00240	0.00749
27	0.02359	0.00920	0.01240	0.00950	0.01360	0.00808	0.00785	0.05209	0.01548	0.75808	0.02057	0.01780	0.01294	0.00654	0.00532	0.00163	0.00455	0.00530	0.00650	0.00900
28	0.01776	0.00855	0.01090	0.00894	0.01211	0.00804	0.00717	0.04961	0.11660	0.44919	0.18714	0.04452	0.03965	0.00798	0.00558	0.00168	0.00399	0.00670	0.00610	0.00781
29	0.03108	0.00786	0.00822	0.00717	0.00927	0.00837	0.00565	0.22544	0.01486	0.02333	0.01589	0.03352	0.01251	0.00732	0.02589	0.00156	0.00378	0.00506	0.54714	0.00608
30	0.01301	0.01253	0.02047	0.09913	0.64792	0.02814	0.01562	0.03100	0.01204	0.01696	0.00977	0.01302	0.00817	0.00503	0.00581	0.00162	0.04446	0.00468	0.00263	0.00800
31	0.00818	0.00518	0.00671	0.00739	0.00807	0.00485	0.00502	0.00937	0.02438	0.08003	0.02756	0.62869	0.04874	0.09861	0.00869	0.00240	0.00342	0.01317	0.00488	0.00467
32	0.00793	0.00605	0.00805	0.02600	0.00984	0.00605	0.02585	0.03694	0.07999	0.01573	0.08233	0.58641	0.03193	0.01428	0.00651	0.00205	0.00354	0.04059	0.00491	0.00501
33	0.66263	0.02752	0.02304	0.04600	0.04051	0.01208	0.04029	0.03245	0.01000	0.05314	0.00839	0.00976	0.00639	0.00499	0.00372	0.00163	0.00467	0.00332	0.00332	0.00615
