[name]
unknown

[dist]
# distance from previous block
# <min> <max>
0	31

[block]
# block no. 0 follows, 46 sequences, length 27
# corresponding to MSA columns:
# 31-57
name=unknown_A
#
# <colnr> <probs for GDERKNQSTAVLIFYWHMCP>
#	G	D	E	R	K	N	Q	S	T	A	V	L	I	F	Y	W	H	M	C	P
0	0.09274	0.06532	0.23925	0.03749	0.08309	0.02579	0.06538	0.09601	0.04507	0.06888	0.01146	0.01394	0.00889	0.00561	0.00518	0.00160	0.02323	0.03152	0.00332	0.07625
1	0.03562	0.03912	0.02820	0.01033	0.01389	0.01140	0.03394	0.14801	0.26152	0.19201	0.04530	0.04025	0.06011	0.00719	0.00530	0.00165	0.00462	0.00593	0.00517	0.05044
2	0.01810	0.01258	0.01356	0.01137	0.04244	0.07887	0.00879	0.34589	0.01863	0.19366	0.07271	0.06175	0.01419	0.00698	0.00529	0.00155	0.00529	0.00559	0.00509	0.07767
3	0.01512	0.01375	0.01470	0.02614	0.13227	0.16509	0.03747	0.16711	0.07663	0.05700	0.05089	0.06780	0.01365	0.00688	0.00530	0.00156	0.00596	0.03779	0.00404	0.10085
4	0.01015	0.00713	0.03119	0.00828	0.00992	0.00638	0.00625	0.09249	0.01252	0.09892	0.04589	0.53467	0.04863	0.01318	0.00622	0.00193	0.00368	0.01171	0.00498	0.04588
5	0.03538	0.01181	0.08868	0.00978	0.01467	0.00881	0.05297	0.05495	0.03799	0.05132	0.01051	0.01181	0.00824	0.00444	0.00433	0.00107	0.00474	0.00366	0.00336	0.58148
6	0.00648	0.00462	0.00612	0.00731	0.00760	0.00432	0.00485	0.00737	0.01004	0.01338	0.02871	0.78407	0.03442	0.04399	0.00744	0.00225	0.00314	0.01478	0.00485	0.00426
7	0.01096	0.00940	0.01096	0.00783	0.01253	0.00705	0.00626	0.01331	0.01096	0.01723	0.00940	0.01096	0.00783	0.00392	0.00392	0.00078	0.00392	0.00313	0.00313	0.84653
8	0.01255	0.25273	0.28422	0.04656	0.01797	0.01358	0.03266	0.01661	0.04178	0.05756	0.00997	0.01127	0.00772	0.00482	0.00440	0.00135	0.00609	0.00370	0.00280	0.17164
9	0.03885	0.01143	0.07868	0.01020	0.01447	0.00966	0.00900	0.14023	0.03988	0.53016	0.04877	0.01729	0.01331	0.00654	0.00528	0.00164	0.00489	0.00525	0.00584	0.00864
10	0.00768	0.00515	0.00587	0.00587	0.00591	0.00518	0.00334	0.00776	0.00772	0.01033	0.01656	0.03405	0.01898	0.78369	0.05710	0.00526	0.00548	0.00761	0.00319	0.00326
11	0.00656	0.00475	0.00620	0.00713	0.00766	0.00439	0.00486	0.00771	0.01087	0.01454	0.12681	0.66070	0.08704	0.01561	0.00665	0.00206	0.00297	0.01407	0.00502	0.00439
12	0.01330	0.35328	0.23176	0.05480	0.03495	0.03961	0.01269	0.07572	0.03795	0.01581	0.00900	0.01064	0.00732	0.00539	0.00548	0.00149	0.07729	0.00370	0.00263	0.00717
13	0.00769	0.00513	0.00577	0.00577	0.00577	0.00513	0.00320	0.00769	0.00769	0.01025	0.01666	0.03460	0.01922	0.81421	0.02691	0.00513	0.00513	0.00769	0.00320	0.00320
14	0.00644	0.00460	0.00613	0.00736	0.00767	0.00429	0.00491	0.00736	0.01012	0.01350	0.02914	0.81076	0.03497	0.01656	0.00675	0.00215	0.00307	0.01503	0.00491	0.00429
15	0.06560	0.01664	0.17855	0.01992	0.27206	0.11179	0.09287	0.06259	0.01271	0.01772	0.01139	0.07551	0.00988	0.00593	0.00520	0.00163	0.00679	0.00525	0.02065	0.00731
16	0.06871	0.03423	0.30839	0.04635	0.07170	0.01175	0.13367	0.03438	0.01239	0.19238	0.01213	0.01328	0.00848	0.00537	0.00543	0.00168	0.02384	0.00463	0.00345	0.00776
17	0.01878	0.02366	0.01610	0.01420	0.01692	0.69562	0.05891	0.02033	0.01440	0.01318	0.00826	0.00996	0.00690	0.00561	0.00562	0.00145	0.05754	0.00366	0.00270	0.00617
18	0.64944	0.10801	0.01063	0.00767	0.01096	0.07642	0.00641	0.01590	0.00978	0.02133	0.00782	0.00910	0.00626	0.00496	0.00343	0.00154	0.00466	0.00299	0.03687	0.00585
19	0.00651	0.00478	0.00611	0.00701	0.00761	0.00438	0.00479	0.00763	0.01084	0.01432	0.10178	0.63184	0.14182	0.01558	0.00663	0.00205	0.00296	0.01398	0.00499	0.00438
20	0.01441	0.77895	0.02709	0.00927	0.01370	0.05838	0.00910	0.01609	0.01095	0.01246	0.00739	0.00853	0.00679	0.00457	0.00346	0.00114	0.00584	0.00285	0.00228	0.00675
21	0.01208	0.00964	0.01127	0.00812	0.01277	0.00754	0.00653	0.05038	0.01186	0.05888	0.01017	0.01142	0.00817	0.00417	0.00406	0.00087	0.00404	0.00333	0.00342	0.76130
22	0.01864	0.01324	0.01492	0.06277	0.01697	0.01455	0.01001	0.58039	0.04212	0.08847	0.01453	0.01700	0.01103	0.00695	0.00545	0.00167	0.00568	0.06200	0.00517	0.00845
23	0.00654	0.00529	0.00584	0.00604	0.00752	0.00459	0.00451	0.00801	0.01210	0.01503	0.13043	0.16157	0.54548	0.01363	0.00638	0.00186	0.00284	0.05280	0.00501	0.00452
24	0.00755	0.00566	0.00850	0.00850	0.00944	0.00661	0.00661	0.00944	0.00850	0.01227	0.01416	0.02077	0.01322	0.03965	0.79326	0.00850	0.01416	0.00566	0.00283	0.00472
25	0.01553	0.07579	0.01341	0.01031	0.01354	0.05515	0.00827	0.17397	0.31259	0.12482	0.03496	0.06973	0.05349	0.00761	0.00531	0.00167	0.00479	0.00617	0.00508	0.00780
26	0.08646	0.04210	0.05739	0.01038	0.02925	0.00986	0.00879	0.06581	0.06761	0.34940	0.01865	0.06887	0.01500	0.00800	0.00594	0.00179	0.04087	0.10116	0.00510	0.00755

[dist]
# distance from previous block
# <min> <max>
0	3

[block]
# block no. 1 follows, 46 sequences, length 13
# corresponding to MSA columns:
# 61-73
name=unknown_B
#
# <colnr> <probs for GDERKNQSTAVLIFYWHMCP>
#	G	D	E	R	K	N	Q	S	T	A	V	L	I	F	Y	W	H	M	C	P
0	0.01562	0.49784	0.05982	0.01099	0.01538	0.06643	0.06756	0.04665	0.01220	0.11769	0.00977	0.01068	0.00782	0.00512	0.00464	0.00135	0.03662	0.00366	0.00302	0.00716
1	0.01691	0.04450	0.01484	0.04463	0.01604	0.01501	0.00952	0.45497	0.24902	0.02787	0.04113	0.01563	0.01238	0.00663	0.00527	0.00164	0.00526	0.00521	0.00509	0.00845
2	0.00940	0.00785	0.00853	0.00822	0.01020	0.00829	0.00617	0.01672	0.34636	0.01801	0.08028	0.19007	0.24662	0.01113	0.00597	0.00185	0.00341	0.00956	0.00517	0.00618
3	0.01096	0.00940	0.01096	0.00783	0.01253	0.00705	0.00626	0.01331	0.01096	0.01723	0.00940	0.01096	0.00783	0.00392	0.00392	0.00078	0.00392	0.00313	0.00313	0.84653
4	0.00998	0.00940	0.01586	0.80150	0.03641	0.01175	0.01468	0.01351	0.01057	0.01351	0.00940	0.01409	0.00705	0.00529	0.00529	0.00176	0.00705	0.00470	0.00235	0.00587
5	0.00755	0.00566	0.00850	0.00850	0.00944	0.00661	0.00661	0.00944	0.00850	0.01227	0.01416	0.02077	0.01322	0.03965	0.79326	0.00850	0.01416	0.00566	0.00283	0.00472
6	0.00658	0.00533	0.00574	0.00570	0.00723	0.00460	0.00419	0.00806	0.01230	0.01538	0.19330	0.07256	0.56586	0.06068	0.00749	0.00197	0.00280	0.01076	0.00499	0.00449
7	0.00998	0.00940	0.01586	0.80150	0.03641	0.01175	0.01468	0.01351	0.01057	0.01351	0.00940	0.01409	0.00705	0.00529	0.00529	0.00176	0.00705	0.00470	0.00235	0.00587
8	0.00668	0.00486	0.00629	0.00701	0.00768	0.00448	0.00485	0.00802	0.01148	0.01546	0.21538	0.55410	0.10442	0.01487	0.00658	0.00200	0.00289	0.01334	0.00513	0.00448
9	0.01303	0.01271	0.02229	0.03158	0.71690	0.01263	0.07989	0.01629	0.01208	0.01724	0.01001	0.01318	0.00834	0.00469	0.00532	0.00159	0.00651	0.00484	0.00262	0.00827
10	0.01100	0.00947	0.01123	0.04554	0.01371	0.00751	0.00675	0.01390	0.04073	0.01724	0.00987	0.01145	0.00812	0.00411	0.00404	0.00087	0.00407	0.00332	0.00318	0.77389
11	0.68517	0.01037	0.00904	0.07515	0.01284	0.01201	0.00678	0.07679	0.01050	0.02351	0.00828	0.00974	0.00635	0.00510	0.00362	0.00163	0.00443	0.00324	0.02947	0.00598
12	0.04114	0.00966	0.00957	0.00879	0.01075	0.10170	0.00683	0.09615	0.07764	0.06383	0.04782	0.02327	0.01568	0.08805	0.14469	0.00313	0.00650	0.07272	0.16617	0.00588

[dist]
# distance from previous block
# <min> <max>
3	6

[block]
# block no. 2 follows, 46 sequences, length 83
# corresponding to MSA columns:
# 81-163
name=unknown_C
#
# <colnr> <probs for GDERKNQSTAVLIFYWHMCP>
#	G	D	E	R	K	N	Q	S	T	A	V	L	I	F	Y	W	H	M	C	P
0	0.00762	0.00530	0.00641	0.00660	0.00783	0.00472	0.00475	0.00907	0.01206	0.06003	0.19543	0.32098	0.29696	0.02888	0.00677	0.00195	0.00293	0.01181	0.00516	0.00475
1	0.09589	0.06739	0.31654	0.05345	0.03595	0.01224	0.10603	0.04556	0.05483	0.06538	0.03269	0.01307	0.00914	0.00527	0.00492	0.00159	0.00647	0.00442	0.00313	0.06604
2	0.03210	0.04141	0.63860	0.01518	0.04389	0.01234	0.04991	0.03253	0.01168	0.05966	0.01015	0.01164	0.00718	0.00509	0.00503	0.00166	0.00746	0.00408	0.00259	0.00782
3	0.00633	0.00525	0.00553	0.00569	0.00725	0.00446	0.00418	0.00765	0.01190	0.01446	0.07987	0.15655	0.64525	0.01373	0.00632	0.00183	0.00272	0.01163	0.00495	0.00446
4	0.01153	0.02518	0.68045	0.01558	0.04162	0.01208	0.06034	0.01726	0.01149	0.06127	0.01022	0.01178	0.00718	0.00507	0.00511	0.00168	0.00764	0.00414	0.00252	0.00786
5	0.10136	0.04645	0.03677	0.01145	0.05853	0.03394	0.00903	0.19738	0.08376	0.31357	0.01630	0.01554	0.02626	0.00679	0.01771	0.00172	0.00526	0.00489	0.00508	0.00821
6	0.01118	0.14693	0.65432	0.01432	0.02158	0.01361	0.03495	0.01661	0.01113	0.01609	0.00919	0.01083	0.00674	0.00493	0.00480	0.00159	0.00751	0.00380	0.00225	0.00764
7	0.00678	0.00528	0.00610	0.00656	0.00766	0.00481	0.00467	0.00842	0.03628	0.01433	0.06948	0.34164	0.35988	0.06441	0.00774	0.00215	0.00311	0.04136	0.00485	0.00449
8	0.10903	0.03170	0.03884	0.10122	0.40219	0.15675	0.01330	0.01732	0.02953	0.03773	0.00976	0.01216	0.00788	0.00504	0.00489	0.00156	0.00664	0.00424	0.00284	0.00738
9	0.00974	0.00531	0.00556	0.02540	0.00727	0.00534	0.00417	0.03037	0.01135	0.01913	0.01938	0.04515	0.05842	0.02907	0.00465	0.00142	0.00277	0.00565	0.70488	0.00496
10	0.02683	0.02907	0.06930	0.06760	0.50423	0.10476	0.01464	0.01623	0.01213	0.01647	0.03723	0.01405	0.00971	0.00540	0.00566	0.00160	0.03862	0.01616	0.00273	0.00759
11	0.00681	0.00496	0.00652	0.00739	0.00804	0.00453	0.00506	0.00794	0.01049	0.01421	0.07134	0.70371	0.03411	0.01543	0.00656	0.00204	0.00312	0.02773	0.00485	0.05515
12	0.01195	0.07272	0.53731	0.03321	0.05783	0.07355	0.05439	0.03889	0.01188	0.01649	0.00976	0.01220	0.00741	0.00544	0.00531	0.01663	0.00761	0.01752	0.00246	0.00745
13	0.01249	0.01328	0.09485	0.17102	0.42805	0.02569	0.02884	0.01621	0.03243	0.03879	0.01036	0.01318	0.00822	0.00491	0.00512	0.00156	0.00637	0.00455	0.00277	0.08131
14	0.00731	0.00527	0.00691	0.00677	0.00786	0.00487	0.00497	0.00954	0.01416	0.01992	0.65388	0.16770	0.04740	0.01176	0.00632	0.00174	0.00259	0.01047	0.00567	0.00487
15	0.06428	0.09824	0.10686	0.01069	0.02798	0.11073	0.00942	0.21573	0.01556	0.06211	0.06464	0.01471	0.01177	0.00650	0.01614	0.00156	0.00570	0.00454	0.13085	0.02198
16	0.00918	0.00459	0.00689	0.00689	0.00689	0.00459	0.00459	0.00689	0.00689	0.00918	0.00918	0.01607	0.00918	0.01837	0.02066	0.84619	0.00459	0.00459	0.00230	0.00230
17	0.00644	0.00460	0.00613	0.00736	0.00767	0.00429	0.00491	0.00736	0.01012	0.01350	0.02914	0.81076	0.03497	0.01656	0.00675	0.00215	0.00307	0.01503	0.00491	0.00429
18	0.01188	0.00974	0.01159	0.00910	0.04173	0.00787	0.00691	0.06864	0.01210	0.03754	0.01060	0.03779	0.00897	0.00461	0.00419	0.00094	0.00413	0.00376	0.00342	0.70449
19	0.53554	0.06054	0.01130	0.00902	0.01227	0.16137	0.00734	0.07962	0.01166	0.03623	0.00821	0.00937	0.00644	0.00526	0.00416	0.00157	0.02736	0.00322	0.00331	0.00620
20	0.00769	0.00513	0.00577	0.00577	0.00577	0.00513	0.00320	0.00769	0.00769	0.01025	0.01666	0.03460	0.01922	0.81421	0.02691	0.00513	0.00513	0.00769	0.00320	0.00320
21	0.00756	0.00550	0.00771	0.00773	0.00841	0.00616	0.00565	0.00892	0.00831	0.01175	0.01516	0.04162	0.01531	0.24843	0.56916	0.00745	0.01148	0.00641	0.00298	0.00430
22	0.01912	0.01265	0.01556	0.01209	0.01580	0.01369	0.05306	0.41706	0.04429	0.21559	0.01435	0.01444	0.01010	0.00752	0.02821	0.00188	0.08606	0.00504	0.00508	0.00842
23	0.00657	0.00489	0.00579	0.00650	0.00739	0.00439	0.00452	0.00773	0.01087	0.01414	0.03719	0.49293	0.30008	0.01482	0.00639	0.00196	0.00289	0.01306	0.05350	0.00439
24	0.01151	0.00986	0.01198	0.02772	0.01379	0.00789	0.02959	0.05690	0.01180	0.01806	0.00963	0.01124	0.00788	0.00411	0.00410	0.00088	0.00425	0.00336	0.00322	0.75222
25	0.01203	0.01008	0.01166	0.00848	0.01301	0.00835	0.00683	0.09986	0.01249	0.01897	0.00971	0.01118	0.00794	0.00433	0.00441	0.00091	0.02421	0.00336	0.00336	0.72881
26	0.01228	0.26598	0.10337	0.03535	0.01776	0.01634	0.15045	0.01482	0.01014	0.01384	0.00831	0.01139	0.00725	0.00721	0.03177	0.00194	0.27858	0.00432	0.00237	0.00653
27	0.00838	0.00565	0.00682	0.00645	0.00809	0.00499	0.00486	0.01031	0.01359	0.08512	0.39441	0.08898	0.31918	0.01175	0.00619	0.00174	0.00277	0.01012	0.00549	0.00510
28	0.01221	0.01275	0.02424	0.10754	0.04189	0.01354	0.43211	0.05853	0.01198	0.01650	0.01066	0.04703	0.00889	0.00615	0.00834	0.00189	0.17024	0.00598	0.00281	0.00673
29	0.00626	0.00531	0.00540	0.00547	0.00717	0.00445	0.00407	0.00757	0.01194	0.01424	0.05214	0.09491	0.73597	0.01357	0.00628	0.00181	0.00270	0.01138	0.00491	0.00445
30	0.02372	0.00900	0.01227	0.00941	0.01350	0.00777	0.00777	0.02576	0.01513	0.78489	0.02086	0.01799	0.01309	0.00654	0.00532	0.00164	0.00450	0.00532	0.00654	0.00900
31	0.22477	0.01537	0.01356	0.10303	0.01712	0.19460	0.00952	0.30171	0.03438	0.02365	0.01015	0.01127	0.00762	0.00568	0.00467	0.00157	0.00636	0.00400	0.00385	0.00714
32	0.01846	0.01390	0.01489	0.01177	0.01567	0.01547	0.00960	0.61068	0.15746	0.03075	0.01474	0.03706	0.01102	0.00679	0.00535	0.00164	0.00545	0.00527	0.00529	0.00874
33	0.01347	0.01336	0.03475	0.08970	0.44337	0.07784	0.05702	0.08086	0.01319	0.01772	0.01152	0.01688	0.01001	0.00593	0.00575	0.00168	0.02719	0.06917	0.00302	0.00758
34	0.02206	0.00926	0.01216	0.00938	0.01334	0.00827	0.00772	0.08504	0.01573	0.65611	0.04589	0.01904	0.03602	0.00680	0.00534	0.00162	0.00447	0.00552	0.00628	0.02995
35	0.00755	0.00566	0.00850	0.00850	0.00944	0.00661	0.00661	0.00944	0.00850	0.01227	0.01416	0.02077	0.01322	0.03965	0.79326	0.00850	0.01416	0.00566	0.00283	0.00472
36	0.01181	0.01251	0.02504	0.21908	0.16141	0.01260	0.42563	0.01572	0.01187	0.01605	0.01068	0.03328	0.00849	0.00500	0.00584	0.00175	0.00784	0.00580	0.00264	0.00696
37	0.01227	0.10870	0.31453	0.01622	0.02201	0.01358	0.27912	0.07568	0.03220	0.01762	0.01122	0.05228	0.00901	0.00550	0.00539	0.00167	0.00747	0.00529	0.00285	0.00739
38	0.82027	0.01018	0.00794	0.00704	0.01035	0.01170	0.00580	0.01593	0.00923	0.05249	0.00787	0.00894	0.00600	0.00497	0.00335	0.00164	0.00410	0.00296	0.00340	0.00585
39	0.01292	0.01229	0.02076	0.03110	0.73492	0.01233	0.01576	0.01630	0.02945	0.01733	0.01088	0.01497	0.00937	0.00514	0.00531	0.00161	0.00618	0.03237	0.00276	0.00824
40	0.00672	0.00541	0.00607	0.00640	0.00791	0.00476	0.00495	0.00826	0.01198	0.01474	0.07383	0.13069	0.54012	0.01384	0.00649	0.00193	0.00310	0.14333	0.00494	0.00454
41	0.00755	0.00566	0.00850	0.00850	0.00944	0.00661	0.00661	0.00944	0.00850	0.01227	0.01416	0.02077	0.01322	0.03965	0.79326	0.00850	0.01416	0.00566	0.00283	0.00472
42	0.85155	0.01022	0.00777	0.00695	0.01022	0.01186	0.00573	0.01554	0.00900	0.02372	0.00736	0.00859	0.00573	0.00491	0.00327	0.00164	0.00409	0.00286	0.00327	0.00573
43	0.00681	0.00554	0.00614	0.00644	0.00809	0.00486	0.00513	0.00842	0.01208	0.01466	0.04722	0.05305	0.59357	0.01369	0.00651	0.00195	0.00322	0.19316	0.00490	0.00456
44	0.01413	0.81739	0.02770	0.00905	0.01357	0.02092	0.00905	0.01583	0.01074	0.01244	0.00735	0.00848	0.00678	0.00452	0.00339	0.00113	0.00565	0.00283	0.00226	0.00678
45	0.02372	0.00900	0.01227	0.00941	0.01350	0.00777	0.00777	0.02576	0.01513	0.78489	0.02086	0.01799	0.01309	0.00654	0.00532	0.00164	0.00450	0.00532	0.00654	0.00900
46	0.02360	0.00919	0.01239	0.00950	0.01359	0.00806	0.00785	0.05016	0.01545	0.76004	0.02059	0.01782	0.01295	0.00654	0.00532	0.00163	0.00454	0.00530	0.00650	0.00900
47	0.02010	0.01481	0.01587	0.01216	0.01639	0.01639	0.01005	0.76360	0.02486	0.03332	0.01269	0.01269	0.00899	0.00635	0.00529	0.00159	0.00582	0.00476	0.00529	0.00899
48	0.85155	0.01022	0.00777	0.00695	0.01022	0.01186	0.00573	0.01554	0.00900	0.02372	0.00736	0.00859	0.00573	0.00491	0.00327	0.00164	0.00409	0.00286	0.00327	0.00573
49	0.02372	0.00900	0.01227	0.00941	0.01350	0.00777	0.00777	0.02576	0.01513	0.78489	0.02086	0.01799	0.01309	0.00654	0.00532	0.00164	0.00450	0.00532	0.00654	0.00900
50	0.02372	0.00900	0.01227	0.00941	0.01350	0.00777	0.00777	0.02576	0.01513	0.78489	0.02086	0.01799	0.01309	0.00654	0.00532	0.00164	0.00450	0.00532	0.00654	0.00900
51	0.00735	0.00540	0.00689	0.00651	0.00782	0.00493	0.00489	0.00973	0.01466	0.02047	0.70222	0.04069	0.12656	0.01108	0.00624	0.00168	0.00251	0.00973	0.00572	0.00493
52	0.01410	0.00967	0.01147	0.05338	0.01377	0.01032	0.00818	0.26126	0.10649	0.10839	0.02044	0.23339	0.01942	0.02629	0.00632	0.00193	0.00470	0.07841	0.00510	0.00697
53	0.02281	0.00905	0.01216	0.00938	0.01334	0.00796	0.00772	0.05290	0.01549	0.72022	0.05653	0.01881	0.01468	0.00674	0.00536	0.00164	0.00445	0.00550	0.00646	0.00881
54	0.00644	0.00460	0.00613	0.00736	0.00767	0.00429	0.00491	0.00736	0.01012	0.01350	0.02914	0.81076	0.03497	0.01656	0.00675	0.00215	0.00307	0.01503	0.00491	0.00429
55	0.10471	0.31674	0.05875	0.01158	0.03222	0.32735	0.00986	0.03857	0.01279	0.03242	0.00830	0.00949	0.00692	0.00506	0.00415	0.00134	0.00714	0.00327	0.00274	0.00661
56	0.00670	0.00537	0.00598	0.00583	0.00742	0.00466	0.00437	0.00846	0.01312	0.01681	0.31903	0.04671	0.51203	0.01244	0.00624	0.00174	0.00261	0.01057	0.00524	0.00466
57	0.01623	0.01317	0.04170	0.05398	0.03073	0.01360	0.09773	0.44425	0.05170	0.04730	0.06230	0.07486	0.01363	0.00709	0.00556	0.00168	0.00580	0.00604	0.00473	0.00793
58	0.03258	0.01051	0.05143	0.00876	0.01295	0.00856	0.00742	0.12410	0.01385	0.09187	0.10759	0.01559	0.01378	0.00551	0.00458	0.00117	0.00425	0.00445	0.02192	0.45911
59	0.82798	0.01019	0.00790	0.00702	0.01032	0.01174	0.00578	0.01583	0.00917	0.04539	0.00775	0.00886	0.00593	0.00495	0.00333	0.00164	0.00410	0.00293	0.00336	0.00582
60	0.01420	0.77888	0.04477	0.00930	0.01385	0.04060	0.00932	0.01599	0.01086	0.01255	0.00742	0.00857	0.00678	0.00456	0.00346	0.00115	0.00580	0.00287	0.00227	0.00679
61	0.01176	0.01188	0.01616	0.01387	0.01394	0.03428	0.01153	0.01292	0.00826	0.01273	0.00697	0.01152	0.00694	0.00916	0.01706	0.00229	0.78602	0.00460	0.00232	0.00579
62	0.00741	0.00540	0.00697	0.00657	0.00785	0.00496	0.00493	0.00984	0.01479	0.02079	0.73569	0.04016	0.09289	0.01096	0.00624	0.00167	0.00250	0.00965	0.00577	0.00496
63	0.00644	0.00460	0.00613	0.00736	0.00767	0.00429	0.00491	0.00736	0.01012	0.01350	0.02914	0.81076	0.03497	0.01656	0.00675	0.00215	0.00307	0.01503	0.00491	0.00429
64	0.01413	0.81739	0.02770	0.00905	0.01357	0.02092	0.00905	0.01583	0.01074	0.01244	0.00735	0.00848	0.00678	0.00452	0.00339	0.00113	0.00565	0.00283	0.00226	0.00678
65	0.00650	0.00465	0.00619	0.00732	0.00768	0.00433	0.00491	0.00751	0.01040	0.01394	0.07255	0.76607	0.03583	0.01623	0.00672	0.00212	0.00303	0.01471	0.00496	0.00433
66	0.00985	0.00493	0.00493	0.00493	0.00616	0.00493	0.00370	0.01232	0.01109	0.01971	0.01725	0.01971	0.01355	0.00616	0.00370	0.00123	0.00246	0.00493	0.84356	0.00493
67	0.02303	0.00895	0.01205	0.00932	0.01329	0.00784	0.00767	0.02544	0.03580	0.74215	0.02077	0.01809	0.01318	0.00655	0.00527	0.00163	0.00443	0.00532	0.03034	0.00886
68	0.02372	0.00900	0.01227	0.00941	0.01350	0.00777	0.00777	0.02576	0.01513	0.78489	0.02086	0.01799	0.01309	0.00654	0.00532	0.00164	0.00450	0.00532	0.00654	0.00900
69	0.01096	0.00940	0.01096	0.00783	0.01253	0.00705	0.00626	0.01331	0.01096	0.01723	0.00940	0.01096	0.00783	0.00392	0.00392	0.00078	0.00392	0.00313	0.00313	0.84653
70	0.85155	0.01022	0.00777	0.00695	0.01022	0.01186	0.00573	0.01554	0.00900	0.02372	0.00736	0.00859	0.00573	0.00491	0.00327	0.00164	0.00409	0.00286	0.00327	0.00573
71	0.02372	0.00900	0.01227	0.00941	0.01350	0.00777	0.00777	0.02576	0.01513	0.78489	0.02086	0.01799	0.01309	0.00654	0.00532	0.00164	0.00450	0.00532	0.00654	0.00900
72	0.01308	0.01256	0.02146	0.03245	0.78123	0.01256	0.01622	0.01622	0.01204	0.01727	0.00994	0.01308	0.00837	0.00471	0.00523	0.00157	0.00628	0.00471	0.00262	0.00837
73	0.00646	0.00462	0.00616	0.00735	0.00767	0.00431	0.00491	0.00742	0.01023	0.01367	0.04606	0.79334	0.03530	0.01643	0.00674	0.00214	0.00305	0.01491	0.00493	0.00431
74	0.00985	0.00493	0.00493	0.00493	0.00616	0.00493	0.00370	0.01232	0.01109	0.01971	0.01725	0.01971	0.01355	0.00616	0.00370	0.00123	0.00246	0.00493	0.84356	0.00493
75	0.00844	0.00603	0.00843	0.00965	0.01083	0.00602	0.00838	0.01082	0.01209	0.01573	0.02803	0.08763	0.03059	0.01468	0.00728	0.00242	0.00480	0.71842	0.00487	0.00485
76	0.00721	0.00554	0.00676	0.00743	0.00867	0.00516	0.00580	0.00914	0.03041	0.01488	0.05092	0.25241	0.31419	0.01441	0.00669	0.00208	0.00351	0.24521	0.00492	0.00465
77	0.01313	0.00695	0.00894	0.00838	0.01026	0.00655	0.00625	0.08559	0.01321	0.25170	0.04409	0.45593	0.02573	0.01216	0.00610	0.00191	0.00374	0.01073	0.02244	0.00621
78	0.01360	0.69772	0.14269	0.00996	0.01498	0.01961	0.01063	0.01597	0.01081	0.01309	0.00767	0.00889	0.00677	0.00460	0.00364	0.00121	0.00598	0.00299	0.00226	0.00694
79	0.00778	0.00553	0.00698	0.00758	0.00859	0.00524	0.00557	0.03148	0.02534	0.03631	0.09056	0.46671	0.15104	0.01459	0.00660	0.00206	0.00335	0.11487	0.00504	0.00480
80	0.00643	0.00464	0.00610	0.00726	0.00764	0.00430	0.00486	0.00737	0.01021	0.01353	0.03031	0.77427	0.07070	0.01641	0.00672	0.00213	0.00305	0.01484	0.00491	0.00430
81	0.79172	0.04772	0.00890	0.00718	0.01053	0.01239	0.00599	0.03450	0.00948	0.02344	0.00750	0.00869	0.00586	0.00493	0.00333	0.00161	0.00421	0.00291	0.00328	0.00586
82	0.05651	0.36321	0.03257	0.01085	0.02758	0.10227	0.02361	0.21430	0.02883	0.01960	0.05408	0.01211	0.01013	0.00557	0.00436	0.00137	0.00590	0.00400	0.01593	0.00719

[dist]
# distance from previous block
# <min> <max>
0	1

[block]
# block no. 3 follows, 46 sequences, length 49
# corresponding to MSA columns:
# 165-213
name=unknown_D
#
# <colnr> <probs for GDERKNQSTAVLIFYWHMCP>
#	G	D	E	R	K	N	Q	S	T	A	V	L	I	F	Y	W	H	M	C	P
0	0.01791	0.01353	0.01569	0.02764	0.11226	0.01481	0.01048	0.52228	0.11254	0.05262	0.01411	0.03761	0.01065	0.00653	0.00534	0.00163	0.00558	0.00522	0.00494	0.00864
1	0.85155	0.01022	0.00777	0.00695	0.01022	0.01186	0.00573	0.01554	0.00900	0.02372	0.00736	0.00859	0.00573	0.00491	0.00327	0.00164	0.00409	0.00286	0.00327	0.00573
2	0.01882	0.01417	0.01515	0.01191	0.01591	0.01580	0.00974	0.62848	0.16206	0.03126	0.01431	0.01398	0.01030	0.00650	0.00531	0.00162	0.00552	0.00498	0.00531	0.00888
3	0.00964	0.00571	0.00752	0.00726	0.00867	0.00518	0.00536	0.01152	0.01336	0.13736	0.39825	0.28087	0.06451	0.01206	0.00625	0.00182	0.00299	0.01069	0.00561	0.00537
4	0.01315	0.01136	0.01195	0.01076	0.01375	0.01315	0.00837	0.02809	0.77168	0.02211	0.02152	0.01972	0.01614	0.00717	0.00538	0.00179	0.00418	0.00598	0.00538	0.00837
5	0.79468	0.01026	0.00815	0.00718	0.01051	0.01175	0.00591	0.03095	0.00961	0.06096	0.00812	0.00913	0.00615	0.00502	0.00341	0.00163	0.00414	0.00302	0.00347	0.00595
6	0.00744	0.00540	0.00700	0.00660	0.00787	0.00497	0.00495	0.00989	0.01486	0.02095	0.75211	0.03990	0.07637	0.01090	0.00624	0.00167	0.00250	0.00962	0.00579	0.00497
7	0.01413	0.81739	0.02770	0.00905	0.01357	0.02092	0.00905	0.01583	0.01074	0.01244	0.00735	0.00848	0.00678	0.00452	0.00339	0.00113	0.00565	0.00283	0.00226	0.00678
8	0.00804	0.00559	0.00680	0.00638	0.00794	0.00499	0.00480	0.01009	0.01389	0.06325	0.48743	0.04175	0.27870	0.02890	0.00664	0.00178	0.00273	0.00978	0.00552	0.00502
9	0.02303	0.01010	0.01295	0.00993	0.01404	0.00940	0.00820	0.16539	0.01697	0.64267	0.01931	0.01699	0.01231	0.00651	0.00531	0.00163	0.00475	0.00521	0.00631	0.00900
10	0.01155	0.01127	0.03827	0.47142	0.24275	0.01244	0.03719	0.05560	0.01175	0.01581	0.00969	0.01357	0.00754	0.00529	0.00571	0.00172	0.03427	0.00473	0.00259	0.00683
11	0.01187	0.02992	0.01692	0.01384	0.01453	0.01555	0.05095	0.01329	0.00866	0.02740	0.00752	0.01173	0.00715	0.00858	0.01557	0.00217	0.69044	0.00461	0.00245	0.04686
12	0.00998	0.00940	0.01586	0.80150	0.03641	0.01175	0.01468	0.01351	0.01057	0.01351	0.00940	0.01409	0.00705	0.00529	0.00529	0.00176	0.00705	0.00470	0.00235	0.00587
13	0.00651	0.00465	0.00622	0.00744	0.00778	0.00436	0.00503	0.00749	0.01019	0.01358	0.02910	0.78434	0.03481	0.01649	0.00677	0.00216	0.00313	0.04073	0.00491	0.00431
14	0.02350	0.00935	0.01248	0.00957	0.01367	0.00829	0.00791	0.07002	0.01571	0.73981	0.02037	0.01768	0.01284	0.00653	0.00531	0.00163	0.00458	0.00528	0.00647	0.00900
15	0.02372	0.00900	0.01227	0.00941	0.01350	0.00777	0.00777	0.02576	0.01513	0.78489	0.02086	0.01799	0.01309	0.00654	0.00532	0.00164	0.00450	0.00532	0.00654	0.00900
16	0.01016	0.00522	0.00525	0.00514	0.00646	0.00527	0.00389	0.03473	0.01150	0.02012	0.01711	0.01950	0.01341	0.00616	0.00374	0.00124	0.00256	0.00492	0.81855	0.00505
17	0.00998	0.00940	0.01586	0.80150	0.03641	0.01175	0.01468	0.01351	0.01057	0.01351	0.00940	0.01409	0.00705	0.00529	0.00529	0.00176	0.00705	0.00470	0.00235	0.00587
18	0.01315	0.01136	0.01195	0.01076	0.01375	0.01315	0.00837	0.02809	0.77168	0.02211	0.02152	0.01972	0.01614	0.00717	0.00538	0.00179	0.00418	0.00598	0.00538	0.00837
19	0.00821	0.00588	0.00815	0.00935	0.01046	0.00582	0.00797	0.01043	0.01191	0.01549	0.02865	0.15482	0.04615	0.01483	0.00721	0.00238	0.00459	0.63802	0.00487	0.00479
20	0.00653	0.00469	0.00620	0.00726	0.00768	0.00436	0.00490	0.00760	0.01059	0.01420	0.09654	0.72619	0.05169	0.01598	0.00669	0.00210	0.00301	0.01446	0.00499	0.00436
21	0.01180	0.01315	0.02823	0.04235	0.02585	0.01241	0.66467	0.01587	0.01219	0.01649	0.01253	0.09491	0.01072	0.00571	0.00626	0.00182	0.00827	0.00709	0.00289	0.00681
22	0.01308	0.01256	0.02146	0.03245	0.78123	0.01256	0.01622	0.01622	0.01204	0.01727	0.00994	0.01308	0.00837	0.00471	0.00523	0.00157	0.00628	0.00471	0.00262	0.00837
23	0.00755	0.00566	0.00850	0.00850	0.00944	0.00661	0.00661	0.00944	0.00850	0.01227	0.01416	0.02077	0.01322	0.03965	0.79326	0.00850	0.01416	0.00566	0.00283	0.00472
24	0.26050	0.01265	0.06320	0.01090	0.04743	0.02983	0.00897	0.23112	0.02967	0.20567	0.01319	0.01376	0.00941	0.00597	0.00469	0.00163	0.00513	0.01839	0.02019	0.00771
25	0.00642	0.00466	0.00607	0.00720	0.00762	0.00431	0.00483	0.00738	0.01028	0.01356	0.03116	0.74792	0.09650	0.01630	0.00671	0.00212	0.00303	0.01471	0.00491	0.00431
26	0.80802	0.01016	0.00801	0.00708	0.01040	0.01164	0.00583	0.01608	0.00932	0.06375	0.00807	0.00908	0.00611	0.00499	0.00338	0.00164	0.00411	0.00299	0.00344	0.00590
27	0.02724	0.55867	0.09748	0.04928	0.01655	0.06784	0.04879	0.05420	0.01182	0.01440	0.00815	0.00958	0.00695	0.00476	0.00397	0.00129	0.00632	0.00333	0.00248	0.00691
28	0.01021	0.00960	0.01570	0.57875	0.03001	0.01199	0.04148	0.01313	0.01019	0.01355	0.01052	0.01495	0.03031	0.00652	0.00773	0.02416	0.13968	0.00494	0.02083	0.00575
29	0.01214	0.00727	0.00760	0.00684	0.00880	0.00768	0.00532	0.11869	0.11326	0.04594	0.01729	0.01869	0.01325	0.00633	0.00419	0.00137	0.00322	0.00505	0.59101	0.00607
30	0.00998	0.00940	0.01586	0.80150	0.03641	0.01175	0.01468	0.01351	0.01057	0.01351	0.00940	0.01409	0.00705	0.00529	0.00529	0.00176	0.00705	0.00470	0.00235	0.00587
31	0.00644	0.00460	0.00613	0.00736	0.00767	0.00429	0.00491	0.00736	0.01012	0.01350	0.02914	0.81076	0.03497	0.01656	0.00675	0.00215	0.00307	0.01503	0.00491	0.00429
32	0.00764	0.00513	0.00591	0.00596	0.00601	0.00517	0.00343	0.00776	0.00782	0.01047	0.01699	0.06212	0.01950	0.74753	0.06348	0.00518	0.00549	0.00786	0.00325	0.00332
33	0.00727	0.00524	0.00687	0.00680	0.00785	0.00485	0.00497	0.00944	0.01397	0.01961	0.62419	0.19826	0.04681	0.01199	0.00634	0.00176	0.00261	0.01069	0.00563	0.00485
34	0.06402	0.00906	0.01205	0.00929	0.01334	0.00797	0.00767	0.02527	0.01483	0.74784	0.02020	0.01754	0.01273	0.00646	0.00522	0.00164	0.00448	0.00520	0.00638	0.00884
35	0.01439	0.78179	0.02713	0.00925	0.01369	0.05561	0.00910	0.01607	0.01093	0.01246	0.00739	0.00853	0.00679	0.00456	0.00345	0.00114	0.00583	0.00285	0.00228	0.00675
36	0.85155	0.01022	0.00777	0.00695	0.01022	0.01186	0.00573	0.01554	0.00900	0.02372	0.00736	0.00859	0.00573	0.00491	0.00327	0.00164	0.00409	0.00286	0.00327	0.00573
37	0.01371	0.01123	0.01197	0.01069	0.01373	0.01286	0.00834	0.02797	0.73161	0.06252	0.02148	0.01963	0.01598	0.00714	0.00538	0.00178	0.00420	0.00594	0.00544	0.00840
38	0.02806	0.01178	0.01259	0.01071	0.01389	0.01321	0.00846	0.27579	0.40909	0.04237	0.01934	0.06281	0.03240	0.02754	0.00595	0.00182	0.00467	0.00617	0.00525	0.00810
39	0.00769	0.00513	0.00577	0.00577	0.00577	0.00513	0.00320	0.00769	0.00769	0.01025	0.01666	0.03460	0.01922	0.81421	0.02691	0.00513	0.00513	0.00769	0.00320	0.00320
40	0.01998	0.01436	0.01547	0.01189	0.01604	0.01581	0.00981	0.71942	0.02418	0.05942	0.01309	0.01305	0.00925	0.00635	0.00525	0.00158	0.00569	0.00478	0.02568	0.00889
41	0.00664	0.00493	0.00614	0.00676	0.00754	0.00449	0.00468	0.00791	0.01135	0.01500	0.17483	0.48165	0.19118	0.04226	0.00724	0.00208	0.00295	0.01295	0.00502	0.00442
42	0.02266	0.00611	0.00750	0.02057	0.00939	0.00553	0.00555	0.02956	0.01148	0.05344	0.05541	0.41663	0.16875	0.01293	0.00611	0.00185	0.00340	0.04768	0.00473	0.11072
43	0.01096	0.00940	0.01096	0.00783	0.01253	0.00705	0.00626	0.01331	0.01096	0.01723	0.00940	0.01096	0.00783	0.00392	0.00392	0.00078	0.00392	0.00313	0.00313	0.84653
44	0.00999	0.00712	0.02431	0.00797	0.00979	0.00669	0.00622	0.03224	0.11670	0.09372	0.36117	0.17883	0.07332	0.01102	0.00612	0.00180	0.00332	0.03833	0.00549	0.00583
45	0.03005	0.01316	0.01525	0.39830	0.04974	0.17781	0.03881	0.03125	0.08793	0.01534	0.01147	0.01595	0.00933	0.00594	0.00524	0.00167	0.00701	0.04590	0.00300	0.03684
46	0.06835	0.01304	0.06925	0.01062	0.03932	0.13913	0.00845	0.16861	0.03378	0.04920	0.20711	0.05753	0.03600	0.06815	0.00699	0.00188	0.00532	0.00642	0.00441	0.00643
47	0.06439	0.03818	0.01345	0.10975	0.01560	0.06631	0.03159	0.07787	0.03421	0.04060	0.01323	0.13823	0.01259	0.02187	0.00867	0.00188	0.21267	0.00615	0.05620	0.03655
48	0.01567	0.01114	0.01251	0.01018	0.01352	0.01159	0.00814	0.37728	0.07712	0.08429	0.03497	0.11811	0.01519	0.03887	0.00623	0.00174	0.00484	0.03364	0.00497	0.11999

[dist]
# distance from previous block
# <min> <max>
4	29

[block]
# block no. 4 follows, 46 sequences, length 18
# corresponding to MSA columns:
# 247-264
name=unknown_E
#
# <colnr> <probs for GDERKNQSTAVLIFYWHMCP>
#	G	D	E	R	K	N	Q	S	T	A	V	L	I	F	Y	W	H	M	C	P
0	0.01457	0.07702	0.06796	0.10728	0.24471	0.19786	0.01293	0.06413	0.08024	0.01655	0.01024	0.01235	0.00826	0.00557	0.00577	0.00158	0.05844	0.00432	0.00295	0.00728
1	0.11496	0.13920	0.14058	0.01302	0.09048	0.04669	0.05007	0.10930	0.04005	0.03565	0.07396	0.02516	0.02918	0.01896	0.00516	0.00159	0.00571	0.01413	0.00350	0.04264
2	0.12608	0.34746	0.13131	0.01027	0.01459	0.02783	0.02592	0.08463	0.07328	0.01754	0.02925	0.01223	0.00927	0.02235	0.04610	0.00187	0.00614	0.00391	0.00307	0.00690
3	0.00940	0.00750	0.00916	0.06607	0.02350	0.00791	0.00681	0.01528	0.23414	0.03129	0.29491	0.12546	0.11199	0.01069	0.02035	0.00190	0.00371	0.00878	0.00514	0.00601
4	0.00742	0.00520	0.00669	0.00691	0.00727	0.00544	0.00458	0.00818	0.00838	0.01148	0.01814	0.17144	0.02020	0.42574	0.26404	0.00564	0.00759	0.00839	0.00340	0.00388
5	0.09532	0.01098	0.01548	0.14543	0.25083	0.02858	0.02758	0.08268	0.04107	0.12957	0.01378	0.04509	0.01138	0.00644	0.00526	0.00169	0.00569	0.05758	0.00379	0.02178
6	0.01124	0.12743	0.61976	0.01520	0.04003	0.01347	0.06872	0.01663	0.01122	0.01622	0.00931	0.01107	0.00684	0.00491	0.00490	0.00161	0.00757	0.00395	0.00228	0.00765
7	0.00918	0.00459	0.00689	0.00689	0.00689	0.00459	0.00459	0.00689	0.00689	0.00918	0.00918	0.01607	0.00918	0.01837	0.02066	0.84619	0.00459	0.00459	0.00230	0.00230
8	0.01293	0.01137	0.01436	0.15888	0.13818	0.01297	0.01084	0.06226	0.47425	0.02037	0.01702	0.01728	0.01288	0.00640	0.00533	0.00174	0.00512	0.00548	0.00439	0.00795
9	0.01830	0.01341	0.01467	0.01112	0.01545	0.01404	0.00915	0.57243	0.02148	0.06175	0.01234	0.01255	0.00892	0.00584	0.00500	0.00142	0.00536	0.00444	0.00488	0.18748
10	0.07867	0.01017	0.01596	0.48405	0.19863	0.01146	0.01344	0.01426	0.01081	0.01555	0.00935	0.01310	0.00732	0.00499	0.00497	0.00161	0.00632	0.00439	0.00256	0.09238
11	0.01028	0.00970	0.01630	0.68109	0.13157	0.01166	0.01459	0.01370	0.01080	0.01401	0.01065	0.01495	0.02792	0.00543	0.00530	0.00174	0.00683	0.00487	0.00245	0.00616
12	0.01381	0.01127	0.01304	0.05166	0.01505	0.01142	0.00844	0.23613	0.11357	0.02199	0.01228	0.03362	0.00985	0.00583	0.00561	0.00135	0.06145	0.00448	0.00401	0.36514
13	0.00969	0.00661	0.01102	0.07489	0.09022	0.00685	0.06057	0.00939	0.00830	0.01128	0.00998	0.01603	0.00932	0.01745	0.10853	0.53236	0.00640	0.00486	0.00242	0.00384
14	0.01223	0.01186	0.02059	0.14144	0.57197	0.01208	0.07552	0.01543	0.01186	0.01654	0.01222	0.01531	0.04870	0.00523	0.00538	0.00163	0.00641	0.00517	0.00270	0.00771
15	0.09692	0.13475	0.52500	0.01299	0.01934	0.01296	0.03538	0.01602	0.01119	0.01717	0.06356	0.01261	0.00971	0.00534	0.00473	0.00160	0.00678	0.00411	0.00261	0.00724
16	0.01127	0.01036	0.01688	0.60482	0.17124	0.01222	0.01464	0.06722	0.01185	0.01560	0.00973	0.01381	0.00743	0.00526	0.00528	0.00171	0.00682	0.00470	0.00261	0.00655
17	0.01234	0.01205	0.02126	0.19920	0.53946	0.01247	0.09432	0.01571	0.01176	0.01641	0.00990	0.01343	0.00805	0.00481	0.00535	0.00163	0.00672	0.00487	0.00256	0.00770

[dist]
# distance from previous block
# <min> <max>
8	14

[block]
# block no. 5 follows, 46 sequences, length 28
# corresponding to MSA columns:
# 279-306
name=unknown_F
#
# <colnr> <probs for GDERKNQSTAVLIFYWHMCP>
#	G	D	E	R	K	N	Q	S	T	A	V	L	I	F	Y	W	H	M	C	P
0	0.12212	0.01028	0.02903	0.03078	0.01340	0.00993	0.02859	0.17426	0.06077	0.07845	0.03707	0.13690	0.04756	0.00757	0.00504	0.00154	0.00450	0.00627	0.00437	0.19158
1	0.14786	0.01212	0.08290	0.05595	0.04517	0.01108	0.14063	0.12475	0.02686	0.04821	0.09402	0.06459	0.03122	0.00669	0.00544	0.00165	0.02037	0.00582	0.00383	0.07086
2	0.01527	0.06738	0.01392	0.03326	0.03150	0.10027	0.00887	0.18873	0.25374	0.06871	0.03443	0.01826	0.06190	0.02367	0.00608	0.00171	0.03563	0.00547	0.02368	0.00751
3	0.14879	0.05011	0.06822	0.03282	0.03481	0.06177	0.23685	0.17292	0.03008	0.05013	0.02819	0.02766	0.00940	0.00563	0.00537	0.00166	0.01978	0.00502	0.00357	0.00723
4	0.06418	0.12119	0.28837	0.01316	0.01800	0.06271	0.09420	0.05233	0.01178	0.01669	0.01093	0.03043	0.00939	0.00734	0.03448	0.00190	0.05884	0.05456	0.00283	0.04670
5	0.01136	0.00952	0.01155	0.00827	0.01296	0.00724	0.02677	0.01376	0.01112	0.03858	0.00975	0.01125	0.00798	0.00400	0.00402	0.00083	0.00407	0.00328	0.00321	0.80050
6	0.01060	0.02735	0.78682	0.01507	0.02288	0.01228	0.01953	0.01674	0.01116	0.01674	0.00949	0.01116	0.00670	0.00502	0.00502	0.00167	0.00781	0.00391	0.00223	0.00781
7	0.00650	0.00475	0.00612	0.00715	0.00769	0.00438	0.00488	0.00755	0.01054	0.01387	0.05409	0.67860	0.12557	0.01596	0.00668	0.00210	0.00304	0.03124	0.00493	0.00435
8	0.00648	0.00533	0.00547	0.00546	0.00699	0.00457	0.00395	0.00769	0.01159	0.01402	0.07629	0.04833	0.65278	0.11723	0.00893	0.00221	0.00299	0.01065	0.00472	0.00432
9	0.00764	0.00530	0.00667	0.00667	0.00699	0.00562	0.00433	0.00827	0.00796	0.01092	0.01583	0.03000	0.01723	0.55688	0.28151	0.00625	0.00813	0.00702	0.00308	0.00371
10	0.00755	0.00566	0.00850	0.00850	0.00944	0.00661	0.00661	0.00944	0.00850	0.01227	0.01416	0.02077	0.01322	0.03965	0.79326	0.00850	0.01416	0.00566	0.00283	0.00472
11	0.85155	0.01022	0.00777	0.00695	0.01022	0.01186	0.00573	0.01554	0.00900	0.02372	0.00736	0.00859	0.00573	0.00491	0.00327	0.00164	0.00409	0.00286	0.00327	0.00573
12	0.01072	0.01008	0.01734	0.28135	0.18142	0.01103	0.13397	0.01365	0.01102	0.01523	0.01401	0.05261	0.06164	0.00676	0.00675	0.01958	0.07197	0.00586	0.06873	0.00627
13	0.06009	0.08706	0.11543	0.02598	0.01483	0.08260	0.02328	0.04016	0.01021	0.01473	0.00912	0.01282	0.00810	0.02429	0.11725	0.00282	0.31901	0.00439	0.02174	0.00610
14	0.02034	0.01441	0.01562	0.01198	0.01620	0.01581	0.00989	0.71357	0.02420	0.08428	0.01325	0.01305	0.00927	0.00636	0.00529	0.00159	0.00573	0.00480	0.00537	0.00899
15	0.85155	0.01022	0.00777	0.00695	0.01022	0.01186	0.00573	0.01554	0.00900	0.02372	0.00736	0.00859	0.00573	0.00491	0.00327	0.00164	0.00409	0.00286	0.00327	0.00573
16	0.00717	0.00527	0.00672	0.00662	0.00778	0.00482	0.00487	0.00928	0.01385	0.01917	0.57536	0.16710	0.12825	0.01204	0.00632	0.00176	0.00261	0.01063	0.00557	0.00482
17	0.00714	0.00537	0.00661	0.00635	0.00770	0.00484	0.00474	0.00930	0.01410	0.01925	0.57594	0.06445	0.23155	0.01162	0.00625	0.00171	0.00256	0.01012	0.00557	0.00484
18	0.85155	0.01022	0.00777	0.00695	0.01022	0.01186	0.00573	0.01554	0.00900	0.02372	0.00736	0.00859	0.00573	0.00491	0.00327	0.00164	0.00409	0.00286	0.00327	0.00573
19	0.00748	0.00556	0.00753	0.07269	0.01071	0.00562	0.00634	0.00951	0.04446	0.01444	0.04214	0.54041	0.03055	0.03691	0.00714	0.00220	0.00375	0.12472	0.02317	0.00469
20	0.01365	0.01268	0.06275	0.11657	0.14736	0.02788	0.03025	0.17360	0.20644	0.02134	0.01476	0.01585	0.02643	0.00603	0.00515	0.00161	0.00553	0.00509	0.06748	0.03955
21	0.01207	0.01132	0.01905	0.11540	0.59765	0.01155	0.01481	0.01517	0.01208	0.01703	0.06311	0.01787	0.01241	0.00580	0.00544	0.00165	0.00602	0.05097	0.00294	0.00765
22	0.04227	0.06547	0.03599	0.08258	0.10724	0.16644	0.01038	0.19885	0.03156	0.08572	0.01271	0.01387	0.02641	0.00591	0.00508	0.00153	0.01948	0.00451	0.07671	0.00729
23	0.01229	0.20272	0.46763	0.01428	0.04643	0.03218	0.05182	0.06274	0.01203	0.01663	0.00937	0.01108	0.00715	0.00585	0.02480	0.00171	0.00740	0.00389	0.00249	0.00752
24	0.00719	0.00500	0.00649	0.00708	0.00785	0.00459	0.00494	0.00859	0.01169	0.03747	0.22829	0.52658	0.09545	0.01452	0.00653	0.00198	0.00293	0.01301	0.00519	0.00462
25	0.00871	0.00574	0.00769	0.00762	0.00850	0.00605	0.00548	0.02412	0.00939	0.06476	0.01873	0.14887	0.03990	0.24380	0.37000	0.00579	0.00882	0.00780	0.00362	0.00460
26	0.04404	0.02880	0.01973	0.25852	0.13831	0.01203	0.21714	0.01604	0.03382	0.06385	0.01123	0.01435	0.00856	0.00533	0.00589	0.00170	0.04519	0.00510	0.06358	0.00680
27	0.01264	0.01089	0.02645	0.02727	0.08494	0.01063	0.05526	0.13009	0.17312	0.03624	0.06926	0.01956	0.08888	0.00668	0.00543	0.00149	0.02127	0.00566	0.00423	0.21000

[dist]
# distance from previous block
# <min> <max>
2	7

[block]
# block no. 6 follows, 46 sequences, length 45
# corresponding to MSA columns:
# 315-359
name=unknown_G
#
# <colnr> <probs for GDERKNQSTAVLIFYWHMCP>
#	G	D	E	R	K	N	Q	S	T	A	V	L	I	F	Y	W	H	M	C	P
0	0.01335	0.00860	0.01040	0.00945	0.02530	0.00879	0.02083	0.23891	0.01530	0.11383	0.02064	0.32386	0.02038	0.03511	0.00634	0.00188	0.00423	0.00894	0.10741	0.00645
1	0.01395	0.08130	0.04029	0.02671	0.03223	0.09454	0.11590	0.16037	0.17006	0.01967	0.05702	0.03101	0.01352	0.08104	0.02082	0.00207	0.02291	0.00562	0.00394	0.00703
2	0.01274	0.05511	0.01177	0.07267	0.02787	0.02523	0.00776	0.23585	0.03151	0.02045	0.01531	0.10816	0.01387	0.07515	0.07743	0.00248	0.02233	0.00617	0.17184	0.00627
3	0.85155	0.01022	0.00777	0.00695	0.01022	0.01186	0.00573	0.01554	0.00900	0.02372	0.00736	0.00859	0.00573	0.00491	0.00327	0.00164	0.00409	0.00286	0.00327	0.00573
4	0.00755	0.00566	0.00850	0.00850	0.00944	0.00661	0.00661	0.00944	0.00850	0.01227	0.01416	0.02077	0.01322	0.03965	0.79326	0.00850	0.01416	0.00566	0.00283	0.00472
5	0.01413	0.81739	0.02770	0.00905	0.01357	0.02092	0.00905	0.01583	0.01074	0.01244	0.00735	0.00848	0.00678	0.00452	0.00339	0.00113	0.00565	0.00283	0.00226	0.00678
6	0.01290	0.01238	0.02113	0.07713	0.73795	0.01251	0.01613	0.01607	0.01195	0.01705	0.00991	0.01314	0.00830	0.00474	0.00524	0.00158	0.00632	0.00471	0.00260	0.00823
7	0.00748	0.00540	0.00707	0.00665	0.00790	0.00499	0.00499	0.00998	0.01496	0.02120	0.77844	0.03949	0.04988	0.01081	0.00624	0.00166	0.00249	0.00956	0.00582	0.00499
8	0.00644	0.00460	0.00613	0.00736	0.00767	0.00429	0.00491	0.00736	0.01012	0.01350	0.02914	0.81076	0.03497	0.01656	0.00675	0.00215	0.00307	0.01503	0.00491	0.00429
9	0.00748	0.00540	0.00707	0.00665	0.00790	0.00499	0.00499	0.00998	0.01496	0.02120	0.77844	0.03949	0.04988	0.01081	0.00624	0.00166	0.00249	0.00956	0.00582	0.00499
10	0.01413	0.81739	0.02770	0.00905	0.01357	0.02092	0.00905	0.01583	0.01074	0.01244	0.00735	0.00848	0.00678	0.00452	0.00339	0.00113	0.00565	0.00283	0.00226	0.00678
11	0.02372	0.00900	0.01227	0.00941	0.01350	0.00777	0.00777	0.02576	0.01513	0.78489	0.02086	0.01799	0.01309	0.00654	0.00532	0.00164	0.00450	0.00532	0.00654	0.00900
12	0.01060	0.02735	0.78682	0.01507	0.02288	0.01228	0.01953	0.01674	0.01116	0.01674	0.00949	0.01116	0.00670	0.00502	0.00502	0.00167	0.00781	0.00391	0.00223	0.00781
13	0.00985	0.00493	0.00493	0.00493	0.00616	0.00493	0.00370	0.01232	0.01109	0.01971	0.01725	0.01971	0.01355	0.00616	0.00370	0.00123	0.00246	0.00493	0.84356	0.00493
14	0.01315	0.01136	0.01195	0.01076	0.01375	0.01315	0.00837	0.02809	0.77168	0.02211	0.02152	0.01972	0.01614	0.00717	0.00538	0.00179	0.00418	0.00598	0.00538	0.00837
15	0.01157	0.01157	0.01619	0.01388	0.01388	0.01619	0.01157	0.01272	0.00810	0.01272	0.00694	0.01157	0.00694	0.00925	0.01735	0.00231	0.80453	0.00463	0.00231	0.00578
