[name]
unknown

[dist]
# distance from previous block
# <min> <max>
3	164

[block]
# block no. 0 follows, 41 sequences, length 35
# corresponding to MSA columns:
# 196-230
name=unknown_A
#
# <colnr> <probs for GDERKNQSTAVLIFYWHMCP>
#	G	D	E	R	K	N	Q	S	T	A	V	L	I	F	Y	W	H	M	C	P
0	0.12966	0.08782	0.20210	0.05107	0.16159	0.05078	0.04596	0.03786	0.03701	0.06466	0.04876	0.01549	0.03132	0.00608	0.00525	0.00173	0.00664	0.00496	0.00346	0.00782
1	0.01272	0.06618	0.44642	0.03254	0.07614	0.03428	0.04517	0.05395	0.01341	0.03450	0.08789	0.01563	0.01255	0.00631	0.00608	0.00179	0.03821	0.00507	0.00315	0.00800
2	0.09130	0.01809	0.21789	0.06996	0.23210	0.07607	0.06839	0.03411	0.03134	0.03433	0.01222	0.01681	0.01005	0.00619	0.00561	0.00182	0.00735	0.05526	0.00318	0.00792
3	0.42329	0.04587	0.01329	0.06843	0.05248	0.06042	0.02686	0.13368	0.01374	0.03971	0.02680	0.01224	0.00871	0.00578	0.00449	0.00170	0.00556	0.00408	0.02623	0.02663
4	0.06908	0.01139	0.01879	0.48623	0.25569	0.01303	0.03379	0.01575	0.01185	0.01670	0.01023	0.01451	0.00799	0.00548	0.00558	0.00183	0.00720	0.00499	0.00271	0.00719
5	0.01136	0.00910	0.00995	0.00835	0.01119	0.06132	0.00646	0.03097	0.01504	0.06087	0.39825	0.02987	0.06360	0.00883	0.00581	0.00150	0.00391	0.00752	0.00518	0.25093
6	0.00701	0.00501	0.00667	0.00794	0.00831	0.00467	0.00531	0.00807	0.01114	0.01490	0.05802	0.76789	0.03842	0.01769	0.00728	0.00230	0.00330	0.01605	0.00535	0.00467
7	0.01116	0.01053	0.01781	0.70463	0.11718	0.01280	0.01606	0.01493	0.01161	0.01505	0.01023	0.01513	0.00778	0.00565	0.00571	0.00188	0.00754	0.00508	0.00257	0.00664
8	0.00804	0.00581	0.00760	0.00723	0.00853	0.00536	0.00539	0.01066	0.01594	0.02254	0.72559	0.07855	0.05320	0.01199	0.00677	0.00182	0.00273	0.01063	0.00625	0.00536
9	0.83938	0.01106	0.00841	0.00752	0.01106	0.01283	0.00619	0.01681	0.00973	0.02566	0.00796	0.00929	0.00619	0.00531	0.00354	0.00177	0.00442	0.00310	0.00354	0.00619
10	0.00722	0.00527	0.00680	0.00757	0.00830	0.00485	0.00524	0.00867	0.01242	0.01670	0.21047	0.54163	0.11157	0.01608	0.00711	0.00216	0.00313	0.01442	0.00555	0.00485
11	0.00712	0.00581	0.00629	0.00617	0.00795	0.00498	0.00463	0.00891	0.01389	0.01747	0.24736	0.05172	0.57031	0.01373	0.00676	0.00190	0.00284	0.01161	0.00558	0.00498
12	0.01066	0.00533	0.00533	0.00533	0.00666	0.00533	0.00400	0.01333	0.01200	0.02132	0.01866	0.02132	0.01466	0.00666	0.00400	0.00133	0.00267	0.00533	0.83073	0.00533
13	0.83938	0.01106	0.00841	0.00752	0.01106	0.01283	0.00619	0.01681	0.00973	0.02566	0.00796	0.00929	0.00619	0.00531	0.00354	0.00177	0.00442	0.00310	0.00354	0.00619
14	0.83938	0.01106	0.00841	0.00752	0.01106	0.01283	0.00619	0.01681	0.00973	0.02566	0.00796	0.00929	0.00619	0.00531	0.00354	0.00177	0.00442	0.00310	0.00354	0.00619
15	0.01186	0.01017	0.01186	0.00847	0.01356	0.00762	0.00678	0.01440	0.01186	0.01864	0.01017	0.01186	0.00847	0.00424	0.00424	0.00085	0.00424	0.00339	0.00339	0.83395
16	0.02174	0.01602	0.01717	0.01316	0.01774	0.01774	0.01087	0.74423	0.02689	0.03605	0.01373	0.01373	0.00973	0.00687	0.00572	0.00172	0.00629	0.00515	0.00572	0.00973
17	0.04959	0.00979	0.01309	0.01005	0.01447	0.00852	0.00829	0.02716	0.01604	0.72369	0.02177	0.01895	0.01376	0.00695	0.00564	0.00174	0.00484	0.00561	0.00687	0.03320
18	0.01147	0.02959	0.76934	0.01630	0.02476	0.01328	0.02113	0.01811	0.01208	0.01811	0.01026	0.01208	0.00725	0.00543	0.00543	0.00181	0.00845	0.00423	0.00242	0.00845
19	0.01080	0.01017	0.01716	0.78523	0.03940	0.01271	0.01589	0.01461	0.01144	0.01461	0.01017	0.01525	0.00762	0.00572	0.00572	0.00191	0.00762	0.00508	0.00254	0.00635
20	0.83938	0.01106	0.00841	0.00752	0.01106	0.01283	0.00619	0.01681	0.00973	0.02566	0.00796	0.00929	0.00619	0.00531	0.00354	0.00177	0.00442	0.00310	0.00354	0.00619
21	0.00695	0.00580	0.00606	0.00599	0.00784	0.00491	0.00450	0.00858	0.01349	0.01652	0.15777	0.05330	0.66049	0.01409	0.00676	0.00191	0.00287	0.01183	0.00545	0.00491
22	0.02174	0.01602	0.01717	0.01316	0.01774	0.01774	0.01087	0.74423	0.02689	0.03605	0.01373	0.01373	0.00973	0.00687	0.00572	0.00172	0.00629	0.00515	0.00572	0.00973
23	0.00706	0.00505	0.00675	0.00807	0.00845	0.00473	0.00547	0.00813	0.01104	0.01471	0.03147	0.76461	0.03763	0.01783	0.00733	0.00234	0.00340	0.04596	0.00531	0.00467
24	0.02137	0.02726	0.01621	0.01474	0.01768	0.77602	0.01105	0.02284	0.01621	0.01400	0.00884	0.01031	0.00737	0.00589	0.00516	0.00147	0.01031	0.00368	0.00295	0.00663
25	0.02174	0.01602	0.01717	0.01316	0.01774	0.01774	0.01087	0.74423	0.02689	0.03605	0.01373	0.01373	0.00973	0.00687	0.00572	0.00172	0.00629	0.00515	0.00572	0.00973
26	0.02566	0.00973	0.01327	0.01018	0.01460	0.00841	0.00841	0.02788	0.01637	0.76726	0.02257	0.01947	0.01416	0.00708	0.00575	0.00177	0.00487	0.00575	0.00708	0.00973
27	0.01080	0.01017	0.01716	0.78523	0.03940	0.01271	0.01589	0.01461	0.01144	0.01461	0.01017	0.01525	0.00762	0.00572	0.00572	0.00191	0.00762	0.00508	0.00254	0.00635
28	0.02174	0.01602	0.01717	0.01316	0.01774	0.01774	0.01087	0.74423	0.02689	0.03605	0.01373	0.01373	0.00973	0.00687	0.00572	0.00172	0.00629	0.00515	0.00572	0.00973
29	0.00803	0.00579	0.00758	0.00724	0.00853	0.00535	0.00539	0.01062	0.01586	0.02242	0.71480	0.08969	0.05296	0.01208	0.00678	0.00183	0.00274	0.01071	0.00623	0.00535
30	0.00694	0.00507	0.00654	0.00771	0.00823	0.00467	0.00520	0.00799	0.01119	0.01470	0.03461	0.70875	0.12234	0.01752	0.00724	0.00228	0.00327	0.01577	0.00531	0.00467
31	0.01529	0.80242	0.02997	0.00979	0.01468	0.02263	0.00979	0.01713	0.01162	0.01346	0.00795	0.00918	0.00734	0.00489	0.00367	0.00122	0.00612	0.00306	0.00245	0.00734
32	0.01301	0.01333	0.01745	0.01500	0.01517	0.05967	0.01243	0.01427	0.00917	0.01378	0.00758	0.01239	0.00750	0.00978	0.01801	0.00245	0.74526	0.00493	0.00253	0.00628
33	0.00684	0.00572	0.00597	0.00608	0.00782	0.00484	0.00449	0.00831	0.01298	0.01572	0.08877	0.12756	0.65590	0.01469	0.00681	0.00196	0.00293	0.01240	0.00536	0.00484
34	0.01340	0.01615	0.07142	0.02371	0.02963	0.01440	0.70559	0.01831	0.01343	0.01831	0.01150	0.01526	0.00861	0.00485	0.00668	0.00192	0.00958	0.00662	0.00287	0.00775

[dist]
# distance from previous block
# <min> <max>
0	1

[block]
# block no. 1 follows, 41 sequences, length 147
# corresponding to MSA columns:
# 232-378
name=unknown_B
#
# <colnr> <probs for GDERKNQSTAVLIFYWHMCP>
#	G	D	E	R	K	N	Q	S	T	A	V	L	I	F	Y	W	H	M	C	P
0	0.83938	0.01106	0.00841	0.00752	0.01106	0.01283	0.00619	0.01681	0.00973	0.02566	0.00796	0.00929	0.00619	0.00531	0.00354	0.00177	0.00442	0.00310	0.00354	0.00619
1	0.03278	0.41634	0.31779	0.01271	0.01872	0.06002	0.01430	0.01772	0.01193	0.01560	0.00889	0.01047	0.00728	0.00532	0.00488	0.00152	0.02995	0.00361	0.00249	0.00768
2	0.09945	0.68498	0.02712	0.00979	0.01446	0.05750	0.00948	0.01737	0.01165	0.01473	0.00800	0.00924	0.00723	0.00498	0.00373	0.00129	0.00614	0.00309	0.00258	0.00719
3	0.00698	0.00510	0.00656	0.00767	0.00823	0.00469	0.00519	0.00808	0.01136	0.01495	0.05577	0.68145	0.12833	0.01731	0.00722	0.00226	0.00325	0.01557	0.00534	0.00469
4	0.01233	0.08010	0.01667	0.02887	0.01486	0.03198	0.05248	0.07059	0.01191	0.01662	0.06956	0.16306	0.01698	0.01046	0.01207	0.00217	0.37187	0.00745	0.00360	0.00635
5	0.00810	0.00585	0.00765	0.00720	0.00855	0.00540	0.00540	0.01079	0.01619	0.02294	0.76028	0.04273	0.05397	0.01169	0.00675	0.00180	0.00270	0.01034	0.00630	0.00540
6	0.01998	0.01563	0.01666	0.08747	0.01946	0.05573	0.01113	0.58663	0.05861	0.03181	0.01459	0.01500	0.02680	0.00692	0.00572	0.00174	0.00647	0.00529	0.00527	0.00910
7	0.01111	0.00546	0.00557	0.00548	0.00690	0.00542	0.00413	0.01376	0.01213	0.04360	0.01878	0.02127	0.01465	0.00668	0.00405	0.00135	0.00273	0.00534	0.80614	0.00546
8	0.00817	0.00611	0.00912	0.00912	0.01011	0.00711	0.00706	0.01017	0.00917	0.01322	0.01539	0.02285	0.01446	0.06183	0.75760	0.00910	0.01508	0.00618	0.00307	0.00507
9	0.00817	0.00613	0.00919	0.00919	0.01021	0.00715	0.00715	0.01021	0.00919	0.01328	0.01532	0.02247	0.01430	0.04290	0.77631	0.00919	0.01532	0.00613	0.00306	0.00511
10	0.00680	0.00580	0.00585	0.00583	0.00775	0.00485	0.00438	0.00828	0.01313	0.01567	0.07819	0.05469	0.74059	0.01441	0.00676	0.00193	0.00289	0.01202	0.00534	0.00485
11	0.01529	0.80242	0.02997	0.00979	0.01468	0.02263	0.00979	0.01713	0.01162	0.01346	0.00795	0.00918	0.00734	0.00489	0.00367	0.00122	0.00612	0.00306	0.00245	0.00734
12	0.01488	0.01061	0.01086	0.00903	0.01200	0.04438	0.00717	0.25262	0.03374	0.02515	0.01548	0.01720	0.01198	0.00808	0.04035	0.00178	0.00502	0.00501	0.36209	0.11256
13	0.13736	0.21590	0.09455	0.01288	0.03140	0.30883	0.01118	0.04230	0.01364	0.03438	0.00909	0.01056	0.00745	0.00575	0.00526	0.00156	0.04408	0.00368	0.00302	0.00713
14	0.00750	0.00535	0.00720	0.00848	0.00902	0.00510	0.00612	0.00883	0.01137	0.01506	0.03086	0.61188	0.03625	0.03991	0.00806	0.00248	0.00381	0.17271	0.00525	0.00475
15	0.01967	0.04655	0.01767	0.04061	0.12641	0.60726	0.01213	0.02150	0.01534	0.01468	0.00911	0.01103	0.00762	0.00582	0.00545	0.00153	0.02380	0.00394	0.00290	0.00699
16	0.02513	0.00995	0.01335	0.01022	0.01467	0.00868	0.00844	0.05012	0.01657	0.72179	0.02192	0.01906	0.01385	0.00699	0.00571	0.00174	0.00489	0.00566	0.00693	0.03435
17	0.00845	0.00621	0.00838	0.00826	0.00880	0.00701	0.00588	0.00960	0.00881	0.01239	0.01605	0.02821	0.01667	0.35684	0.42595	0.00733	0.05050	0.00699	0.00320	0.00448
18	0.04738	0.00977	0.01314	0.01011	0.01451	0.00852	0.00835	0.02758	0.01619	0.74747	0.02218	0.01920	0.01395	0.00703	0.00569	0.00177	0.00486	0.00568	0.00699	0.00964
19	0.00676	0.00579	0.00579	0.00579	0.00773	0.00483	0.00435	0.00821	0.01304	0.01545	0.05794	0.05505	0.76098	0.01449	0.00676	0.00193	0.00290	0.01207	0.00531	0.00483
20	0.02174	0.01602	0.01717	0.01316	0.01774	0.01774	0.01087	0.74423	0.02689	0.03605	0.01373	0.01373	0.00973	0.00687	0.00572	0.00172	0.00629	0.00515	0.00572	0.00973
21	0.01642	0.01293	0.01419	0.01096	0.01540	0.01302	0.00884	0.33085	0.14144	0.02683	0.01406	0.01483	0.01079	0.02429	0.00571	0.00151	0.00520	0.00477	0.00480	0.32313
22	0.02566	0.00973	0.01327	0.01018	0.01460	0.00841	0.00841	0.02788	0.01637	0.76726	0.02257	0.01947	0.01416	0.00708	0.00575	0.00177	0.00487	0.00575	0.00708	0.00973
23	0.01350	0.01543	0.03375	0.02411	0.02989	0.01446	0.74253	0.01832	0.01350	0.01832	0.01157	0.01543	0.00868	0.00482	0.00675	0.00193	0.00964	0.00675	0.00289	0.00771
24	0.00816	0.00565	0.00740	0.00751	0.00861	0.00520	0.00542	0.01020	0.01425	0.04107	0.46044	0.30933	0.06749	0.01385	0.00691	0.00199	0.00299	0.01236	0.00594	0.00524
25	0.00817	0.00613	0.00919	0.00919	0.01021	0.00715	0.00715	0.01021	0.00919	0.01328	0.01532	0.02247	0.01430	0.04290	0.77631	0.00919	0.01532	0.00613	0.00306	0.00511
26	0.02174	0.01602	0.01717	0.01316	0.01774	0.01774	0.01087	0.74423	0.02689	0.03605	0.01373	0.01373	0.00973	0.00687	0.00572	0.00172	0.00629	0.00515	0.00572	0.00973
27	0.02137	0.02726	0.01621	0.01474	0.01768	0.77602	0.01105	0.02284	0.01621	0.01400	0.00884	0.01031	0.00737	0.00589	0.00516	0.00147	0.01031	0.00368	0.00295	0.00663
28	0.01423	0.01229	0.01293	0.01164	0.01487	0.01423	0.00905	0.03039	0.75297	0.02393	0.02328	0.02134	0.01746	0.00776	0.00582	0.00194	0.00453	0.00647	0.00582	0.00905
29	0.01186	0.01017	0.01186	0.00847	0.01356	0.00762	0.00678	0.01440	0.01186	0.01864	0.01017	0.01186	0.00847	0.00424	0.00424	0.00085	0.00424	0.00339	0.00339	0.83395
30	0.02388	0.01171	0.01439	0.01113	0.01553	0.01146	0.00916	0.23721	0.06052	0.51228	0.02003	0.01790	0.01305	0.00706	0.00575	0.00176	0.00526	0.00562	0.00661	0.00969
31	0.01529	0.80242	0.02997	0.00979	0.01468	0.02263	0.00979	0.01713	0.01162	0.01346	0.00795	0.00918	0.00734	0.00489	0.00367	0.00122	0.00612	0.00306	0.00245	0.00734
32	0.00832	0.00555	0.00624	0.00624	0.00624	0.00555	0.00347	0.00832	0.00832	0.01109	0.01802	0.03743	0.02080	0.79898	0.02911	0.00555	0.00555	0.00832	0.00347	0.00347
33	0.01529	0.80242	0.02997	0.00979	0.01468	0.02263	0.00979	0.01713	0.01162	0.01346	0.00795	0.00918	0.00734	0.00489	0.00367	0.00122	0.00612	0.00306	0.00245	0.00734
34	0.00832	0.00555	0.00624	0.00624	0.00624	0.00555	0.00347	0.00832	0.00832	0.01109	0.01802	0.03743	0.02080	0.79898	0.02911	0.00555	0.00555	0.00832	0.00347	0.00347
35	0.01416	0.01359	0.02322	0.03511	0.76330	0.01359	0.01755	0.01755	0.01302	0.01869	0.01076	0.01416	0.00906	0.00510	0.00566	0.00170	0.00680	0.00510	0.00283	0.00906
36	0.00697	0.00498	0.00664	0.00796	0.00830	0.00465	0.00531	0.00796	0.01095	0.01460	0.03153	0.79525	0.03783	0.01792	0.00730	0.00232	0.00332	0.01626	0.00531	0.00465
37	0.03669	0.02778	0.69045	0.01663	0.04569	0.01320	0.03723	0.01829	0.01216	0.03539	0.01052	0.01230	0.00746	0.00544	0.00542	0.00181	0.00823	0.00431	0.00258	0.00842
38	0.02173	0.01634	0.01714	0.01321	0.01774	0.03944	0.01088	0.72358	0.02659	0.03542	0.01359	0.01363	0.00966	0.00684	0.00571	0.00171	0.00641	0.00511	0.00564	0.00964
39	0.00697	0.00498	0.00664	0.00796	0.00830	0.00465	0.00531	0.00796	0.01095	0.01460	0.03153	0.79525	0.03783	0.01792	0.00730	0.00232	0.00332	0.01626	0.00531	0.00465
40	0.02566	0.00973	0.01327	0.01018	0.01460	0.00841	0.00841	0.02788	0.01637	0.76726	0.02257	0.01947	0.01416	0.00708	0.00575	0.00177	0.00487	0.00575	0.00708	0.00973
41	0.01315	0.01463	0.03064	0.06569	0.04562	0.01442	0.60709	0.01750	0.01291	0.01765	0.01151	0.03032	0.00909	0.00559	0.00773	0.00198	0.07745	0.00665	0.00288	0.00748
42	0.62435	0.01263	0.04740	0.00927	0.01329	0.01325	0.02731	0.10984	0.01253	0.07118	0.00979	0.01077	0.00724	0.00561	0.00413	0.00177	0.00502	0.00367	0.00396	0.00701
43	0.00832	0.00555	0.00624	0.00624	0.00624	0.00555	0.00347	0.00832	0.00832	0.01109	0.01802	0.03743	0.02080	0.79898	0.02911	0.00555	0.00555	0.00832	0.00347	0.00347
44	0.01455	0.03344	0.08036	0.22948	0.06717	0.03008	0.17895	0.17802	0.01537	0.02069	0.01103	0.01412	0.00838	0.00600	0.00686	0.00185	0.06912	0.00529	0.00335	0.02590
45	0.02105	0.01568	0.01678	0.01302	0.01747	0.01741	0.01070	0.67850	0.09375	0.03493	0.01461	0.01443	0.01044	0.00695	0.00573	0.00174	0.00613	0.00527	0.00573	0.00967
46	0.00704	0.00498	0.00666	0.00795	0.00827	0.00465	0.00530	0.00795	0.01086	0.01448	0.03097	0.77537	0.03712	0.01797	0.00769	0.02356	0.00336	0.01597	0.00524	0.00459
47	0.02037	0.01511	0.01636	0.01282	0.01700	0.01685	0.01049	0.60692	0.10929	0.04944	0.01493	0.01523	0.01089	0.02479	0.00667	0.00185	0.03060	0.00538	0.00561	0.00940
48	0.01454	0.44988	0.27958	0.01268	0.03574	0.01814	0.01372	0.01852	0.03536	0.05972	0.01014	0.01126	0.00807	0.00530	0.00451	0.00149	0.00680	0.00377	0.00282	0.00795
49	0.00809	0.00545	0.00631	0.00653	0.00658	0.00540	0.00377	0.00826	0.00876	0.01168	0.02028	0.16396	0.02364	0.66857	0.02547	0.00501	0.00517	0.00964	0.00377	0.00366
50	0.02223	0.01015	0.01295	0.01035	0.01436	0.00960	0.00841	0.04414	0.16267	0.55711	0.06769	0.02113	0.01715	0.00749	0.00583	0.00180	0.00470	0.00616	0.00675	0.00933
51	0.01248	0.04667	0.62823	0.01732	0.05957	0.01340	0.07188	0.01852	0.01240	0.05163	0.01087	0.01267	0.00775	0.00543	0.00551	0.00180	0.00824	0.00449	0.00268	0.00846
52	0.01251	0.01251	0.01752	0.01502	0.01502	0.01752	0.01251	0.01377	0.00876	0.01377	0.00751	0.01251	0.00751	0.01001	0.01877	0.00250	0.78851	0.00501	0.00250	0.00626
53	0.00697	0.00498	0.00664	0.00796	0.00830	0.00465	0.00531	0.00796	0.01095	0.01460	0.03153	0.79525	0.03783	0.01792	0.00730	0.00232	0.00332	0.01626	0.00531	0.00465
54	0.02365	0.00969	0.01292	0.01004	0.01416	0.00863	0.00824	0.06650	0.01695	0.65030	0.09715	0.02151	0.01796	0.00754	0.00585	0.00177	0.00473	0.00619	0.00692	0.00929
55	0.02026	0.01178	0.01350	0.01086	0.01472	0.03130	0.00879	0.22006	0.13568	0.33181	0.08189	0.02172	0.05550	0.00786	0.00587	0.00179	0.00506	0.00635	0.00625	0.00893
56	0.02152	0.01672	0.01587	0.01273	0.01678	0.16314	0.01027	0.44745	0.03925	0.13984	0.01446	0.01447	0.01032	0.00765	0.02543	0.00187	0.00698	0.00501	0.02133	0.00891
57	0.00810	0.00585	0.00765	0.00720	0.00855	0.00540	0.00540	0.01079	0.01619	0.02294	0.76028	0.04273	0.05397	0.01169	0.00675	0.00180	0.00270	0.01034	0.00630	0.00540
58	0.01529	0.80242	0.02997	0.00979	0.01468	0.02263	0.00979	0.01713	0.01162	0.01346	0.00795	0.00918	0.00734	0.00489	0.00367	0.00122	0.00612	0.00306	0.00245	0.00734
59	0.00676	0.00579	0.00579	0.00579	0.00773	0.00483	0.00435	0.00821	0.01304	0.01545	0.05794	0.05505	0.76098	0.01449	0.00676	0.00193	0.00290	0.01207	0.00531	0.00483
60	0.00854	0.00595	0.00776	0.00724	0.00869	0.00547	0.00545	0.01120	0.01612	0.04308	0.72365	0.04238	0.06948	0.01163	0.00672	0.00180	0.00276	0.01026	0.00629	0.00550
61	0.00832	0.00555	0.00624	0.00624	0.00624	0.00555	0.00347	0.00832	0.00832	0.01109	0.01802	0.03743	0.02080	0.79898	0.02911	0.00555	0.00555	0.00832	0.00347	0.00347
62	0.01186	0.01017	0.01186	0.00847	0.01356	0.00762	0.00678	0.01440	0.01186	0.01864	0.01017	0.01186	0.00847	0.00424	0.00424	0.00085	0.00424	0.00339	0.00339	0.83395
63	0.00810	0.00585	0.00765	0.00720	0.00855	0.00540	0.00540	0.01079	0.01619	0.02294	0.76028	0.04273	0.05397	0.01169	0.00675	0.00180	0.00270	0.01034	0.00630	0.00540
64	0.00676	0.00579	0.00579	0.00579	0.00773	0.00483	0.00435	0.00821	0.01304	0.01545	0.05794	0.05505	0.76098	0.01449	0.00676	0.00193	0.00290	0.01207	0.00531	0.00483
65	0.01251	0.01251	0.01752	0.01502	0.01502	0.01752	0.01251	0.01377	0.00876	0.01377	0.00751	0.01251	0.00751	0.01001	0.01877	0.00250	0.78851	0.00501	0.00250	0.00626
66	0.83938	0.01106	0.00841	0.00752	0.01106	0.01283	0.00619	0.01681	0.00973	0.02566	0.00796	0.00929	0.00619	0.00531	0.00354	0.00177	0.00442	0.00310	0.00354	0.00619
67	0.01180	0.01136	0.01980	0.55123	0.21184	0.01305	0.06842	0.01558	0.01196	0.01585	0.01041	0.01500	0.00804	0.00551	0.00578	0.00186	0.00757	0.00521	0.00264	0.00710
68	0.00832	0.00555	0.00624	0.00624	0.00624	0.00555	0.00347	0.00832	0.00832	0.01109	0.01802	0.03743	0.02080	0.79898	0.02911	0.00555	0.00555	0.00832	0.00347	0.00347
69	0.83938	0.01106	0.00841	0.00752	0.01106	0.01283	0.00619	0.01681	0.00973	0.02566	0.00796	0.00929	0.00619	0.00531	0.00354	0.00177	0.00442	0.00310	0.00354	0.00619
70	0.01147	0.02959	0.76934	0.01630	0.02476	0.01328	0.02113	0.01811	0.01208	0.01811	0.01026	0.01208	0.00725	0.00543	0.00543	0.00181	0.00845	0.00423	0.00242	0.00845
71	0.01529	0.80242	0.02997	0.00979	0.01468	0.02263	0.00979	0.01713	0.01162	0.01346	0.00795	0.00918	0.00734	0.00489	0.00367	0.00122	0.00612	0.00306	0.00245	0.00734
72	0.83938	0.01106	0.00841	0.00752	0.01106	0.01283	0.00619	0.01681	0.00973	0.02566	0.00796	0.00929	0.00619	0.00531	0.00354	0.00177	0.00442	0.00310	0.00354	0.00619
73	0.79277	0.01102	0.00855	0.00761	0.01111	0.01274	0.00625	0.03612	0.01026	0.02581	0.00844	0.00977	0.00654	0.00539	0.00361	0.00176	0.00442	0.00322	0.02835	0.00626
74	0.00684	0.00580	0.00590	0.00588	0.00777	0.00486	0.00441	0.00836	0.01322	0.01589	0.09911	0.05433	0.71954	0.01432	0.00676	0.00192	0.00289	0.01197	0.00537	0.00486
75	0.01350	0.01543	0.03375	0.02411	0.02989	0.01446	0.74253	0.01832	0.01350	0.01832	0.01157	0.01543	0.00868	0.00482	0.00675	0.00193	0.00964	0.00675	0.00289	0.00771
76	0.03517	0.02906	0.74757	0.01605	0.02436	0.01327	0.02071	0.01808	0.01201	0.01833	0.01020	0.01200	0.00722	0.00543	0.00538	0.00181	0.00834	0.00419	0.00245	0.00839
77	0.00699	0.00503	0.00664	0.00788	0.00828	0.00467	0.00528	0.00804	0.01115	0.01484	0.05098	0.75262	0.06110	0.01765	0.00727	0.00230	0.00329	0.01598	0.00533	0.00467
78	0.00705	0.00502	0.00668	0.00797	0.00832	0.00471	0.00534	0.00805	0.01093	0.01456	0.03117	0.76237	0.03732	0.03705	0.00785	0.00241	0.00341	0.02991	0.00526	0.00463
79	0.01147	0.02959	0.76934	0.01630	0.02476	0.01328	0.02113	0.01811	0.01208	0.01811	0.01026	0.01208	0.00725	0.00543	0.00543	0.00181	0.00845	0.00423	0.00242	0.00845
80	0.01464	0.01498	0.05753	0.18525	0.40061	0.07232	0.03686	0.09173	0.03581	0.01936	0.01115	0.01419	0.00884	0.00555	0.00567	0.00175	0.00728	0.00504	0.00314	0.00831
81	0.01802	0.01092	0.01429	0.01171	0.01469	0.01189	0.02659	0.18304	0.03547	0.27066	0.01632	0.01779	0.01214	0.01599	0.19176	0.00365	0.12638	0.00564	0.00499	0.00804
82	0.04428	0.02562	0.01614	0.01535	0.05256	0.69870	0.01112	0.02210	0.01570	0.01454	0.00907	0.01077	0.00759	0.00677	0.02446	0.00169	0.01010	0.00380	0.00296	0.00670
83	0.00743	0.00582	0.00672	0.00650	0.00814	0.00511	0.00487	0.00950	0.01461	0.01920	0.40924	0.04888	0.40735	0.01309	0.00675	0.00187	0.00280	0.01121	0.00580	0.00511
84	0.01186	0.01017	0.01186	0.00847	0.01356	0.00762	0.00678	0.01440	0.01186	0.01864	0.01017	0.01186	0.00847	0.00424	0.00424	0.00085	0.00424	0.00339	0.00339	0.83395
85	0.00832	0.00555	0.00624	0.00624	0.00624	0.00555	0.00347	0.00832	0.00832	0.01109	0.01802	0.03743	0.02080	0.79898	0.02911	0.00555	0.00555	0.00832	0.00347	0.00347
86	0.00802	0.00584	0.00754	0.00712	0.00850	0.00537	0.00534	0.01065	0.01602	0.02253	0.72201	0.04340	0.09250	0.01185	0.00675	0.00181	0.00271	0.01044	0.00624	0.00537
87	0.83938	0.01106	0.00841	0.00752	0.01106	0.01283	0.00619	0.01681	0.00973	0.02566	0.00796	0.00929	0.00619	0.00531	0.00354	0.00177	0.00442	0.00310	0.00354	0.00619
88	0.01423	0.01229	0.01293	0.01164	0.01487	0.01423	0.00905	0.03039	0.75297	0.02393	0.02328	0.02134	0.01746	0.00776	0.00582	0.00194	0.00453	0.00647	0.00582	0.00905
89	0.47456	0.01142	0.01207	0.04817	0.01487	0.01205	0.05259	0.07439	0.01229	0.08145	0.01026	0.01155	0.00771	0.00537	0.00431	0.00162	0.00505	0.00384	0.00387	0.15257
90	0.02174	0.01602	0.01717	0.01316	0.01774	0.01774	0.01087	0.74423	0.02689	0.03605	0.01373	0.01373	0.00973	0.00687	0.00572	0.00172	0.00629	0.00515	0.00572	0.00973
91	0.01529	0.01543	0.03674	0.13204	0.19618	0.17424	0.01262	0.08542	0.09304	0.04037	0.03664	0.01799	0.06057	0.00776	0.02501	0.00194	0.03174	0.00557	0.00376	0.00764
92	0.01227	0.05229	0.62795	0.01692	0.02471	0.04807	0.10279	0.01832	0.01241	0.01781	0.01028	0.01229	0.00742	0.00537	0.00552	0.00179	0.00860	0.00445	0.00249	0.00825
93	0.01098	0.00564	0.00567	0.00556	0.00699	0.00569	0.00420	0.03456	0.01243	0.02175	0.01852	0.02110	0.01452	0.00667	0.00405	0.00134	0.00277	0.00533	0.80677	0.00546
94	0.03226	0.01075	0.03495	0.31840	0.02594	0.01125	0.16885	0.05645	0.01286	0.01808	0.03161	0.07471	0.03022	0.02538	0.00634	0.00193	0.00664	0.00658	0.12032	0.00649
95	0.01257	0.01300	0.02503	0.24185	0.15981	0.01345	0.33780	0.01693	0.03176	0.01738	0.02865	0.03330	0.01032	0.00578	0.00655	0.00190	0.02726	0.00623	0.00298	0.00744
96	0.02566	0.00973	0.01327	0.01018	0.01460	0.00841	0.00841	0.02788	0.01637	0.76726	0.02257	0.01947	0.01416	0.00708	0.00575	0.00177	0.00487	0.00575	0.00708	0.00973
97	0.00832	0.00555	0.00624	0.00624	0.00624	0.00555	0.00347	0.00832	0.00832	0.01109	0.01802	0.03743	0.02080	0.79898	0.02911	0.00555	0.00555	0.00832	0.00347	0.00347
98	0.01536	0.75756	0.02923	0.01008	0.01477	0.04198	0.00991	0.01717	0.01165	0.01348	0.00796	0.00931	0.00735	0.00508	0.00418	0.00127	0.03079	0.00314	0.00246	0.00729
99	0.01416	0.01359	0.02322	0.03511	0.76330	0.01359	0.01755	0.01755	0.01302	0.01869	0.01076	0.01416	0.00906	0.00510	0.00566	0.00170	0.00680	0.00510	0.00283	0.00906
100	0.00900	0.00733	0.01070	0.01022	0.01102	0.00908	0.00807	0.01084	0.00909	0.01331	0.01391	0.02100	0.01319	0.05813	0.61048	0.00781	0.16261	0.00598	0.00297	0.00528
101	0.01685	0.27802	0.11938	0.01455	0.06938	0.26677	0.02706	0.07597	0.01441	0.01647	0.00961	0.01137	0.00799	0.00721	0.04043	0.00184	0.00836	0.00394	0.00293	0.00746
102	0.02557	0.00989	0.01337	0.01025	0.01468	0.00863	0.00847	0.04518	0.01663	0.74960	0.02235	0.01933	0.01405	0.00707	0.00575	0.00177	0.00490	0.00574	0.00705	0.00973
103	0.02174	0.01602	0.01717	0.01316	0.01774	0.01774	0.01087	0.74423	0.02689	0.03605	0.01373	0.01373	0.00973	0.00687	0.00572	0.00172	0.00629	0.00515	0.00572	0.00973
104	0.00758	0.00549	0.00708	0.00800	0.00867	0.00518	0.00554	0.03037	0.01215	0.01622	0.10805	0.63345	0.07713	0.01670	0.00718	0.00224	0.00338	0.03525	0.00542	0.00490
105	0.03312	0.02883	0.73415	0.01601	0.02426	0.01336	0.02054	0.03303	0.01232	0.01868	0.01028	0.01204	0.00727	0.00546	0.00539	0.00181	0.00830	0.00422	0.00251	0.00842
106	0.00697	0.00498	0.00664	0.00796	0.00830	0.00465	0.00531	0.00796	0.01095	0.01460	0.03153	0.79525	0.03783	0.01792	0.00730	0.00232	0.00332	0.01626	0.00531	0.00465
107	0.01700	0.22959	0.02127	0.08943	0.15917	0.13409	0.01213	0.20702	0.01660	0.02058	0.01190	0.01349	0.03198	0.00598	0.00510	0.00157	0.00698	0.00456	0.00355	0.00801
108	0.01415	0.01375	0.09517	0.27229	0.30796	0.03117	0.01561	0.01812	0.03113	0.10499	0.03262	0.01578	0.01040	0.00583	0.00569	0.00179	0.00693	0.00522	0.00336	0.00804
109	0.01222	0.01355	0.04903	0.04030	0.04493	0.01350	0.42532	0.01578	0.01203	0.01674	0.01333	0.11443	0.01226	0.00853	0.02897	0.00227	0.15927	0.00744	0.00310	0.00700
110	0.83938	0.01106	0.00841	0.00752	0.01106	0.01283	0.00619	0.01681	0.00973	0.02566	0.00796	0.00929	0.00619	0.00531	0.00354	0.00177	0.00442	0.00310	0.00354	0.00619
111	0.00832	0.00555	0.00624	0.00624	0.00624	0.00555	0.00347	0.00832	0.00832	0.01109	0.01802	0.03743	0.02080	0.79898	0.02911	0.00555	0.00555	0.00832	0.00347	0.00347
112	0.00766	0.00572	0.00718	0.00745	0.00870	0.00524	0.00560	0.00968	0.01389	0.01859	0.34243	0.22058	0.21142	0.01426	0.00702	0.00205	0.00320	0.09854	0.00572	0.00508
113	0.01445	0.01240	0.01306	0.01169	0.01496	0.01433	0.00911	0.05175	0.73124	0.02429	0.02299	0.02111	0.01723	0.00773	0.00582	0.00193	0.00458	0.00643	0.00582	0.00907
114	0.00787	0.00582	0.00735	0.00701	0.00842	0.00529	0.00524	0.01034	0.01559	0.02162	0.63809	0.06274	0.15886	0.01226	0.00676	0.00183	0.00274	0.01074	0.00613	0.00529
115	0.01186	0.01017	0.01186	0.00847	0.01356	0.00762	0.00678	0.01440	0.01186	0.01864	0.01017	0.01186	0.00847	0.00424	0.00424	0.00085	0.00424	0.00339	0.00339	0.83395
116	0.04720	0.02205	0.01636	0.01385	0.01750	0.43512	0.01082	0.32417	0.02047	0.02358	0.01086	0.01171	0.00832	0.00628	0.00534	0.00158	0.00845	0.00428	0.00413	0.00791
117	0.00837	0.00561	0.00652	0.00651	0.00676	0.00568	0.00394	0.00882	0.00891	0.01223	0.03856	0.03569	0.03810	0.64431	0.10282	0.00553	0.00626	0.00809	0.04349	0.00381
118	0.00703	0.00503	0.00669	0.00792	0.00831	0.00469	0.00531	0.00813	0.01125	0.01508	0.07333	0.75208	0.03876	0.01756	0.00727	0.00229	0.00328	0.01592	0.00537	0.00469
119	0.00777	0.00579	0.00723	0.00697	0.00837	0.00524	0.00519	0.01013	0.01527	0.02099	0.58106	0.08830	0.19138	0.01260	0.00678	0.00185	0.00277	0.01102	0.00605	0.00524
120	0.01314	0.01810	0.17624	0.02310	0.06278	0.01419	0.56881	0.01825	0.01320	0.01830	0.01128	0.01472	0.00842	0.00495	0.00644	0.00190	0.00928	0.00618	0.00280	0.00792
121	0.61068	0.03133	0.03206	0.01262	0.13871	0.01296	0.00873	0.01762	0.01078	0.06685	0.00934	0.01077	0.00719	0.00537	0.00408	0.00175	0.00500	0.00362	0.00357	0.00697
122	0.04189	0.14929	0.01782	0.03469	0.03650	0.16307	0.01033	0.28252	0.09331	0.02349	0.01265	0.01377	0.00989	0.00881	0.05876	0.00213	0.00741	0.00466	0.02098	0.00803
123	0.05287	0.06822	0.36371	0.01867	0.16077	0.01414	0.05728	0.05898	0.01290	0.01921	0.03182	0.01357	0.00929	0.00595	0.00644	0.00180	0.06958	0.00472	0.02200	0.00809
124	0.01189	0.00823	0.01006	0.03137	0.01211	0.00828	0.00726	0.07466	0.12831	0.09151	0.17265	0.22046	0.04930	0.03649	0.00719	0.00208	0.00416	0.06563	0.00554	0.05283
125	0.01847	0.42021	0.06420	0.01139	0.01602	0.15877	0.01050	0.07781	0.01451	0.14286	0.01117	0.01165	0.00868	0.00563	0.00456	0.00143	0.00683	0.00386	0.00358	0.00786
126	0.05638	0.02032	0.35184	0.04731	0.31573	0.01326	0.03679	0.01830	0.02865	0.04244	0.01104	0.01337	0.00840	0.00539	0.00549	0.00177	0.00739	0.00470	0.00288	0.00854
127	0.01990	0.03498	0.01640	0.03341	0.01736	0.01598	0.01030	0.55494	0.06694	0.06690	0.03573	0.01507	0.01146	0.00679	0.00560	0.00166	0.00590	0.00522	0.00547	0.07000
128	0.13783	0.04703	0.55206	0.01681	0.10204	0.01351	0.01815	0.01783	0.01181	0.01919	0.00990	0.01179	0.00728	0.00536	0.00512	0.00178	0.00760	0.00412	0.00263	0.00814
129	0.00708	0.00513	0.00671	0.00785	0.00838	0.00476	0.00537	0.00824	0.01142	0.01514	0.06808	0.68330	0.09041	0.01731	0.00725	0.00228	0.00332	0.03792	0.00536	0.00471
130	0.01837	0.03733	0.15777	0.01228	0.01719	0.01391	0.01151	0.37450	0.01983	0.14163	0.01689	0.01775	0.05247	0.05062	0.00692	0.00193	0.00619	0.00552	0.00500	0.03239
131	0.03294	0.01647	0.16708	0.06857	0.35137	0.03059	0.11218	0.01864	0.03511	0.07475	0.01237	0.03255	0.00978	0.00571	0.00575	0.00179	0.00727	0.00542	0.00323	0.00844
132	0.00994	0.00497	0.00745	0.00745	0.00745	0.00497	0.00497	0.00745	0.00745	0.00994	0.00994	0.01739	0.00994	0.01987	0.02235	0.83358	0.00497	0.00497	0.00248	0.00248
133	0.00832	0.00555	0.00624	0.00624	0.00624	0.00555	0.00347	0.00832	0.00832	0.01109	0.01802	0.03743	0.02080	0.79898	0.02911	0.00555	0.00555	0.00832	0.00347	0.00347
134	0.01552	0.06892	0.15832	0.04913	0.07261	0.01277	0.12051	0.08242	0.09007	0.15641	0.07766	0.04105	0.01495	0.00685	0.00583	0.00180	0.00644	0.00608	0.00441	0.00825
135	0.01605	0.09479	0.03866	0.11785	0.09240	0.03527	0.11655	0.25015	0.11237	0.02353	0.01449	0.01590	0.03345	0.00635	0.00568	0.00175	0.00680	0.00548	0.00414	0.00834
136	0.01810	0.02212	0.01456	0.01324	0.01577	0.56758	0.01003	0.02002	0.03537	0.01486	0.05108	0.01772	0.10054	0.00757	0.00648	0.00164	0.06832	0.00519	0.00344	0.00639
137	0.01376	0.03709	0.04703	0.03844	0.02227	0.16442	0.35227	0.01693	0.01309	0.01624	0.01403	0.15003	0.01331	0.00775	0.00728	0.00193	0.06658	0.00745	0.00326	0.00683
138	0.00696	0.00503	0.00659	0.00784	0.00826	0.00466	0.00525	0.00798	0.01107	0.01465	0.03307	0.75208	0.08000	0.01772	0.00727	0.00230	0.00329	0.01602	0.00531	0.00466
139	0.01636	0.66759	0.02764	0.01056	0.01520	0.11379	0.01000	0.05552	0.01297	0.01469	0.00836	0.00955	0.00747	0.00512	0.00396	0.00128	0.00664	0.00324	0.00268	0.00738
140	0.01192	0.00991	0.01365	0.03570	0.18471	0.00945	0.02731	0.05288	0.07458	0.03840	0.06245	0.12361	0.10372	0.02481	0.00625	0.00174	0.00482	0.00754	0.02337	0.18317
141	0.01469	0.12466	0.30674	0.03035	0.10855	0.18364	0.01524	0.03986	0.03319	0.01719	0.01090	0.01348	0.00875	0.00685	0.02727	0.00187	0.00818	0.01887	0.02196	0.00776
142	0.01663	0.01493	0.01471	0.03183	0.03476	0.16212	0.03161	0.28743	0.08670	0.02454	0.09757	0.10241	0.01877	0.00874	0.00603	0.00182	0.00631	0.04045	0.00495	0.00768
143	0.83938	0.01106	0.00841	0.00752	0.01106	0.01283	0.00619	0.01681	0.00973	0.02566	0.00796	0.00929	0.00619	0.00531	0.00354	0.00177	0.00442	0.00310	0.00354	0.00619
144	0.01416	0.01356	0.02294	0.03448	0.74332	0.01361	0.01733	0.01790	0.03278	0.01883	0.01109	0.01435	0.00928	0.00517	0.00567	0.00171	0.00673	0.00513	0.00291	0.00906
145	0.00810	0.00585	0.00765	0.00720	0.00855	0.00540	0.00540	0.01079	0.01619	0.02294	0.76028	0.04273	0.05397	0.01169	0.00675	0.00180	0.00270	0.01034	0.00630	0.00540
146	0.00797	0.00584	0.00747	0.00706	0.00847	0.00534	0.00529	0.01054	0.01588	0.02221	0.69209	0.04392	0.12262	0.01196	0.00675	0.00181	0.00272	0.01051	0.00620	0.00534

[dist]
# distance from previous block
# <min> <max>
0	4

[block]
# block no. 2 follows, 41 sequences, length 43
# corresponding to MSA columns:
# 383-425
name=unknown_C
#
# <colnr> <probs for GDERKNQSTAVLIFYWHMCP>
#	G	D	E	R	K	N	Q	S	T	A	V	L	I	F	Y	W	H	M	C	P
0	0.00810	0.00585	0.00765	0.00720	0.00855	0.00540	0.00540	0.01079	0.01619	0.02294	0.76028	0.04273	0.05397	0.01169	0.00675	0.00180	0.00270	0.01034	0.00630	0.00540
1	0.01416	0.01359	0.02322	0.03511	0.76330	0.01359	0.01755	0.01755	0.01302	0.01869	0.01076	0.01416	0.00906	0.00510	0.00566	0.00170	0.00680	0.00510	0.00283	0.00906
2	0.01186	0.01017	0.01186	0.00847	0.01356	0.00762	0.00678	0.01440	0.01186	0.01864	0.01017	0.01186	0.00847	0.00424	0.00424	0.00085	0.00424	0.00339	0.00339	0.83395
3	0.01831	0.01138	0.01306	0.01112	0.01478	0.01215	0.00882	0.02950	0.49002	0.28928	0.02303	0.02067	0.01628	0.00752	0.00580	0.00188	0.00465	0.00621	0.00627	0.00930
4	0.01108	0.01022	0.01677	0.59432	0.12245	0.01210	0.01481	0.03086	0.01224	0.01600	0.04700	0.03806	0.03734	0.00657	0.00584	0.00188	0.00699	0.00587	0.00299	0.00661
5	0.10518	0.00986	0.01280	0.00992	0.01426	0.00884	0.00819	0.02679	0.01572	0.69479	0.02114	0.01847	0.01338	0.00691	0.00554	0.00177	0.00482	0.00549	0.00673	0.00939
6	0.83938	0.01106	0.00841	0.00752	0.01106	0.01283	0.00619	0.01681	0.00973	0.02566	0.00796	0.00929	0.00619	0.00531	0.00354	0.00177	0.00442	0.00310	0.00354	0.00619
7	0.02174	0.01602	0.01717	0.01316	0.01774	0.01774	0.01087	0.74423	0.02689	0.03605	0.01373	0.01373	0.00973	0.00687	0.00572	0.00172	0.00629	0.00515	0.00572	0.00973
8	0.02174	0.01602	0.01717	0.01316	0.01774	0.01774	0.01087	0.74423	0.02689	0.03605	0.01373	0.01373	0.00973	0.00687	0.00572	0.00172	0.00629	0.00515	0.00572	0.00973
9	0.00676	0.00579	0.00579	0.00579	0.00773	0.00483	0.00435	0.00821	0.01304	0.01545	0.05794	0.05505	0.76098	0.01449	0.00676	0.00193	0.00290	0.01207	0.00531	0.00483
10	0.83938	0.01106	0.00841	0.00752	0.01106	0.01283	0.00619	0.01681	0.00973	0.02566	0.00796	0.00929	0.00619	0.00531	0.00354	0.00177	0.00442	0.00310	0.00354	0.00619
11	0.00805	0.00584	0.00758	0.00715	0.00852	0.00538	0.00536	0.01071	0.01608	0.02268	0.73643	0.04314	0.07798	0.01179	0.00675	0.00180	0.00271	0.01040	0.00626	0.00538
12	0.04435	0.01188	0.01446	0.06249	0.11658	0.01299	0.01028	0.15751	0.29015	0.07212	0.12665	0.02117	0.01903	0.00756	0.00583	0.00183	0.00511	0.00636	0.00526	0.00842
13	0.00810	0.00585	0.00765	0.00720	0.00855	0.00540	0.00540	0.01079	0.01619	0.02294	0.76028	0.04273	0.05397	0.01169	0.00675	0.00180	0.00270	0.01034	0.00630	0.00540
14	0.02518	0.00984	0.01326	0.01024	0.01461	0.00865	0.00843	0.02798	0.04762	0.73572	0.02260	0.01955	0.01430	0.00711	0.00575	0.00178	0.00485	0.00578	0.00703	0.00971
15	0.00829	0.00622	0.00916	0.03856	0.01087	0.00718	0.00706	0.01016	0.00918	0.01308	0.01543	0.02391	0.01479	0.12841	0.66090	0.00849	0.01390	0.00634	0.00309	0.00497
16	0.83938	0.01106	0.00841	0.00752	0.01106	0.01283	0.00619	0.01681	0.00973	0.02566	0.00796	0.00929	0.00619	0.00531	0.00354	0.00177	0.00442	0.00310	0.00354	0.00619
17	0.00955	0.00628	0.00813	0.00755	0.00916	0.00582	0.00570	0.01246	0.03568	0.08094	0.62843	0.07798	0.06698	0.01160	0.00667	0.00183	0.00295	0.01022	0.00627	0.00579
18	0.01893	0.22466	0.01886	0.01204	0.01580	0.26395	0.00994	0.08498	0.11817	0.12460	0.03101	0.01397	0.01106	0.00636	0.00530	0.00156	0.02235	0.00451	0.00411	0.00783
19	0.01515	0.77335	0.05779	0.01003	0.01506	0.02228	0.01021	0.01716	0.01164	0.01363	0.00804	0.00928	0.00734	0.00491	0.00374	0.00125	0.00620	0.00310	0.00245	0.00738
20	0.02258	0.01417	0.01596	0.01229	0.01678	0.01505	0.01013	0.52369	0.04775	0.23693	0.01648	0.01556	0.01120	0.00695	0.00573	0.00174	0.00584	0.00536	0.00610	0.00971
21	0.00985	0.00594	0.00771	0.00807	0.00934	0.00542	0.00583	0.01125	0.01225	0.12558	0.05782	0.48326	0.14641	0.01657	0.03962	0.00247	0.00404	0.03759	0.00551	0.00549
22	0.03460	0.01441	0.11009	0.07577	0.24279	0.03760	0.08631	0.03791	0.10595	0.06120	0.06242	0.07639	0.01498	0.00708	0.00590	0.00183	0.00647	0.00645	0.00389	0.00799
23	0.01404	0.01347	0.02301	0.06044	0.73885	0.01356	0.01750	0.01745	0.01297	0.01855	0.01074	0.01419	0.00901	0.00512	0.00566	0.00171	0.00682	0.00510	0.00282	0.00897
24	0.02505	0.00990	0.01330	0.01023	0.01458	0.00873	0.00843	0.05783	0.01681	0.71723	0.04103	0.01982	0.01499	0.00719	0.00578	0.00177	0.00487	0.00584	0.00700	0.00962
25	0.01597	0.02073	0.12514	0.05116	0.05028	0.37007	0.01182	0.05150	0.05165	0.01668	0.01866	0.02091	0.12596	0.00767	0.00567	0.00171	0.00793	0.03599	0.00358	0.00691
26	0.10961	0.15304	0.35559	0.04212	0.01997	0.04849	0.01463	0.04724	0.04925	0.09257	0.01153	0.01256	0.00844	0.00569	0.00498	0.00170	0.00702	0.00420	0.00333	0.00805
27	0.00690	0.00561	0.00611	0.00640	0.00791	0.00482	0.00464	0.00832	0.01275	0.01574	0.09738	0.22896	0.54432	0.01512	0.00689	0.00202	0.00298	0.01295	0.00538	0.00482
28	0.00715	0.00588	0.00627	0.00643	0.00820	0.00508	0.00494	0.00872	0.01295	0.01566	0.06892	0.05527	0.62741	0.04410	0.00774	0.00215	0.00328	0.09974	0.00526	0.00484
29	0.01789	0.01304	0.01430	0.01171	0.01517	0.01421	0.00932	0.51507	0.05875	0.04471	0.01833	0.18299	0.01656	0.03199	0.00674	0.00197	0.00552	0.00771	0.00560	0.00842
30	0.01166	0.02835	0.70833	0.01733	0.05106	0.01335	0.05503	0.01810	0.01218	0.01814	0.01034	0.01231	0.00738	0.00539	0.00550	0.00181	0.00845	0.00438	0.00245	0.00844
31	0.79198	0.01212	0.05198	0.00802	0.01185	0.01286	0.00705	0.01689	0.00987	0.02523	0.00810	0.00945	0.00625	0.00532	0.00365	0.00177	0.00466	0.00316	0.00348	0.00632
32	0.00684	0.00580	0.00590	0.00587	0.00777	0.00486	0.00441	0.00836	0.01322	0.01588	0.09798	0.05434	0.72067	0.01433	0.00676	0.00192	0.00289	0.01197	0.00537	0.00486
33	0.01529	0.80242	0.02997	0.00979	0.01468	0.02263	0.00979	0.01713	0.01162	0.01346	0.00795	0.00918	0.00734	0.00489	0.00367	0.00122	0.00612	0.00306	0.00245	0.00734
34	0.01582	0.64501	0.04741	0.01063	0.01532	0.07165	0.01026	0.05406	0.04102	0.01515	0.00894	0.01009	0.00785	0.00529	0.00431	0.00133	0.02223	0.00340	0.00277	0.00749
35	0.03435	0.01374	0.04989	0.19808	0.53745	0.03322	0.01687	0.01705	0.01264	0.01782	0.01049	0.01409	0.00856	0.00527	0.00560	0.00174	0.00707	0.00497	0.00277	0.00831
36	0.00810	0.00585	0.00765	0.00720	0.00855	0.00540	0.00540	0.01079	0.01619	0.02294	0.76028	0.04273	0.05397	0.01169	0.00675	0.00180	0.00270	0.01034	0.00630	0.00540
37	0.00717	0.00536	0.00668	0.00742	0.00832	0.00487	0.00523	0.00859	0.01232	0.01617	0.14932	0.47909	0.21223	0.01608	0.00711	0.00216	0.00319	0.03842	0.00546	0.00483
38	0.00767	0.00582	0.00700	0.00671	0.00820	0.00522	0.00499	0.00988	0.01491	0.02012	0.50856	0.04652	0.28077	0.03943	0.00751	0.00197	0.00286	0.01083	0.00588	0.00515
39	0.01147	0.02959	0.76934	0.01630	0.02476	0.01328	0.02113	0.01811	0.01208	0.01811	0.01026	0.01208	0.00725	0.00543	0.00543	0.00181	0.00845	0.00423	0.00242	0.00845
40	0.00739	0.00574	0.00672	0.00664	0.00816	0.00507	0.00492	0.00937	0.01428	0.01879	0.37648	0.12023	0.36860	0.01354	0.00681	0.00191	0.00285	0.01168	0.00576	0.00507
41	0.00832	0.00555	0.00624	0.00624	0.00624	0.00555	0.00347	0.00832	0.00832	0.01109	0.01802	0.03743	0.02080	0.79898	0.02911	0.00555	0.00555	0.00832	0.00347	0.00347
42	0.00694	0.00510	0.00651	0.00764	0.00821	0.00467	0.00517	0.00800	0.01126	0.01473	0.03543	0.68592	0.14464	0.01741	0.00722	0.00227	0.00326	0.01564	0.00531	0.00467

[dist]
# distance from previous block
# <min> <max>
0	1

[block]
# block no. 3 follows, 41 sequences, length 34
# corresponding to MSA columns:
# 427-453,475-481
name=unknown_D
#
# <colnr> <probs for GDERKNQSTAVLIFYWHMCP>
#	G	D	E	R	K	N	Q	S	T	A	V	L	I	F	Y	W	H	M	C	P
0	0.72386	0.08872	0.01084	0.00805	0.01170	0.04679	0.00675	0.01710	0.01020	0.02397	0.00800	0.00932	0.00636	0.00529	0.00362	0.00170	0.00484	0.00312	0.00341	0.00632
1	0.72506	0.01088	0.00909	0.00789	0.01156	0.01221	0.00651	0.01837	0.01067	0.12986	0.01002	0.01072	0.00731	0.00556	0.00385	0.00177	0.00449	0.00347	0.00404	0.00669
2	0.01703	0.01313	0.01474	0.03745	0.04895	0.02917	0.01002	0.38931	0.13469	0.02766	0.01534	0.01658	0.01170	0.01091	0.09062	0.00256	0.03076	0.00544	0.08556	0.00838
3	0.01147	0.02959	0.76934	0.01630	0.02476	0.01328	0.02113	0.01811	0.01208	0.01811	0.01026	0.01208	0.00725	0.00543	0.00543	0.00181	0.00845	0.00423	0.00242	0.00845
4	0.00832	0.00555	0.00624	0.00624	0.00624	0.00555	0.00347	0.00832	0.00832	0.01109	0.01802	0.03743	0.02080	0.79898	0.02911	0.00555	0.00555	0.00832	0.00347	0.00347
5	0.01423	0.01229	0.01293	0.01164	0.01487	0.01423	0.00905	0.03039	0.75297	0.02393	0.02328	0.02134	0.01746	0.00776	0.00582	0.00194	0.00453	0.00647	0.00582	0.00905
6	0.02474	0.00994	0.01325	0.01029	0.01462	0.00888	0.00846	0.02808	0.07583	0.70726	0.02262	0.01962	0.01443	0.00713	0.00576	0.00178	0.00484	0.00581	0.00698	0.00968
7	0.00676	0.00579	0.00579	0.00579	0.00773	0.00483	0.00435	0.00821	0.01304	0.01545	0.05794	0.05505	0.76098	0.01449	0.00676	0.00193	0.00290	0.01207	0.00531	0.00483
8	0.00810	0.00585	0.00765	0.00720	0.00855	0.00540	0.00540	0.01079	0.01619	0.02294	0.76028	0.04273	0.05397	0.01169	0.00675	0.00180	0.00270	0.01034	0.00630	0.00540
9	0.00713	0.00523	0.00665	0.00750	0.00821	0.00480	0.00514	0.00841	0.01195	0.01584	0.13875	0.56424	0.14578	0.03251	0.00759	0.00226	0.00321	0.01464	0.00541	0.00476
10	0.01529	0.80242	0.02997	0.00979	0.01468	0.02263	0.00979	0.01713	0.01162	0.01346	0.00795	0.00918	0.00734	0.00489	0.00367	0.00122	0.00612	0.00306	0.00245	0.00734
11	0.00831	0.00611	0.00781	0.00734	0.00878	0.00575	0.00552	0.01153	0.04678	0.02275	0.70824	0.04221	0.07394	0.01161	0.00671	0.00181	0.00278	0.01024	0.00625	0.00553
12	0.81392	0.01102	0.00856	0.00761	0.01117	0.01269	0.00626	0.01716	0.00994	0.04887	0.00842	0.00961	0.00644	0.00537	0.00361	0.00177	0.00444	0.00318	0.00365	0.00631
