[name]
unknown

[dist]
# distance from previous block
# <min> <max>
0	9

[block]
# block no. 0 follows, 47 sequences, length 24
# corresponding to MSA columns:
# 9-32
name=unknown_A
#
# <colnr> <probs for GDERKNQSTAVLIFYWHMCP>
#	G	D	E	R	K	N	Q	S	T	A	V	L	I	F	Y	W	H	M	C	P
0	0.01221	0.04722	0.02834	0.02178	0.01163	0.00711	0.05116	0.01430	0.01287	0.22691	0.15694	0.13684	0.15959	0.01018	0.00589	0.00177	0.00405	0.08008	0.00507	0.00609
1	0.15371	0.23590	0.34145	0.05203	0.01800	0.03280	0.01310	0.05185	0.01116	0.01695	0.00849	0.01005	0.00659	0.00497	0.00451	0.00151	0.02397	0.00347	0.00254	0.00695
2	0.59089	0.04542	0.00981	0.03999	0.02753	0.05836	0.00676	0.01557	0.00992	0.06573	0.01087	0.02774	0.04494	0.00569	0.00407	0.00161	0.02208	0.00378	0.00338	0.00587
3	0.00723	0.00494	0.00590	0.00627	0.00661	0.00480	0.00398	0.00788	0.00913	0.01236	0.05979	0.26720	0.06716	0.42730	0.03182	0.00367	0.00424	0.02580	0.04015	0.00377
4	0.01329	0.05023	0.12213	0.11228	0.34671	0.08802	0.03154	0.03229	0.04131	0.05618	0.04826	0.01400	0.01019	0.00532	0.00509	0.00156	0.00646	0.00467	0.00300	0.00746
5	0.00706	0.00513	0.00674	0.00795	0.04514	0.00490	0.00493	0.00798	0.00988	0.01329	0.08647	0.49158	0.04888	0.22151	0.01164	0.00280	0.00364	0.01191	0.00436	0.00421
6	0.01123	0.11190	0.53981	0.01574	0.02255	0.01327	0.18106	0.01643	0.01123	0.01606	0.00937	0.01137	0.00689	0.00477	0.00503	0.00161	0.00770	0.00423	0.00230	0.00744
7	0.09488	0.01338	0.02611	0.01908	0.02350	0.01348	0.57128	0.05027	0.01202	0.01760	0.00988	0.01313	0.00760	0.00505	0.00706	0.00179	0.09872	0.00557	0.00277	0.00682
8	0.01129	0.01139	0.01799	0.50675	0.09063	0.07706	0.13972	0.01465	0.01123	0.01442	0.00979	0.01373	0.00750	0.00508	0.00524	0.00167	0.00717	0.00479	0.04374	0.00616
9	0.01139	0.01139	0.01595	0.01367	0.01367	0.01595	0.01139	0.01253	0.00798	0.01253	0.00684	0.01139	0.00684	0.00911	0.01709	0.00228	0.80745	0.00456	0.00228	0.00570
10	0.85377	0.01007	0.00765	0.00685	0.01007	0.01168	0.00564	0.01531	0.00886	0.02336	0.00725	0.00846	0.00564	0.00483	0.00322	0.00161	0.00403	0.00282	0.00322	0.00564
11	0.01289	0.01237	0.02114	0.03196	0.78450	0.01237	0.01598	0.01598	0.01186	0.01701	0.00980	0.01289	0.00825	0.00464	0.00516	0.00155	0.00619	0.00464	0.00258	0.00825
12	0.03948	0.07294	0.06830	0.01116	0.01555	0.01262	0.03994	0.31887	0.01788	0.32789	0.01487	0.01412	0.01002	0.00600	0.00505	0.00156	0.00542	0.00472	0.00512	0.00847
13	0.01056	0.01033	0.01585	0.71834	0.07316	0.05768	0.01428	0.01388	0.01074	0.01346	0.00921	0.01357	0.00700	0.00519	0.00517	0.00170	0.00705	0.00455	0.00235	0.00593
14	0.00737	0.00532	0.00696	0.00655	0.00778	0.00491	0.00491	0.00983	0.01474	0.02088	0.78175	0.03890	0.04914	0.01065	0.00614	0.00164	0.00246	0.00942	0.00573	0.00491
15	0.00983	0.00926	0.01562	0.80447	0.03587	0.01157	0.01446	0.01331	0.01041	0.01331	0.00926	0.01388	0.00694	0.00521	0.00521	0.00174	0.00694	0.00463	0.00231	0.00579
16	0.00733	0.00529	0.00693	0.00658	0.00777	0.00489	0.00491	0.00973	0.01456	0.02060	0.75319	0.06828	0.04858	0.01086	0.00616	0.00166	0.00248	0.00962	0.00570	0.00489
17	0.26147	0.01056	0.01157	0.00922	0.01300	0.01088	0.00759	0.18510	0.04497	0.37228	0.01498	0.01398	0.01003	0.00596	0.00465	0.00161	0.00459	0.00445	0.00520	0.00791
18	0.00983	0.00926	0.01562	0.80447	0.03587	0.01157	0.01446	0.01331	0.01041	0.01331	0.00926	0.01388	0.00694	0.00521	0.00521	0.00174	0.00694	0.00463	0.00231	0.00579
19	0.00725	0.00528	0.00681	0.00651	0.00772	0.00485	0.00485	0.00956	0.01433	0.02009	0.70027	0.07935	0.09144	0.01109	0.00617	0.00167	0.00250	0.00979	0.00563	0.00485
20	0.00905	0.00452	0.00678	0.00678	0.00678	0.00452	0.00452	0.00678	0.00678	0.00905	0.00905	0.01583	0.00905	0.01809	0.02035	0.84848	0.00452	0.00452	0.00226	0.00226
21	0.01045	0.00991	0.01663	0.63160	0.16948	0.01190	0.01460	0.01375	0.01057	0.01394	0.00925	0.01360	0.00717	0.00527	0.00571	0.00172	0.04123	0.00463	0.00236	0.00622
22	0.09862	0.07212	0.06120	0.18979	0.06653	0.10356	0.05158	0.14812	0.06322	0.03670	0.01035	0.01228	0.00793	0.00559	0.00551	0.00162	0.05077	0.00431	0.00326	0.00695
23	0.09771	0.06910	0.05721	0.03723	0.11156	0.05226	0.05239	0.03251	0.02774	0.10032	0.07576	0.01494	0.02631	0.00562	0.00507	0.00141	0.03122	0.00456	0.00354	0.19353

[dist]
# distance from previous block
# <min> <max>
1	5

[block]
# block no. 1 follows, 47 sequences, length 69
# corresponding to MSA columns:
# 38-106
name=unknown_B
#
# <colnr> <probs for GDERKNQSTAVLIFYWHMCP>
#	G	D	E	R	K	N	Q	S	T	A	V	L	I	F	Y	W	H	M	C	P
0	0.16034	0.05374	0.08789	0.23272	0.09687	0.05344	0.01142	0.11652	0.01277	0.06977	0.02578	0.01322	0.00865	0.02944	0.00536	0.00170	0.00601	0.00431	0.00326	0.00677
1	0.01164	0.08032	0.01699	0.01327	0.01391	0.03392	0.03333	0.01296	0.00850	0.01262	0.00733	0.01157	0.00713	0.00984	0.05031	0.00242	0.66138	0.00447	0.00232	0.00578
2	0.00979	0.04203	0.06041	0.06047	0.01200	0.00924	0.00773	0.06431	0.01128	0.03024	0.15469	0.07819	0.07405	0.19444	0.02464	0.00266	0.14768	0.00719	0.00374	0.00523
3	0.00747	0.00543	0.00625	0.00639	0.00717	0.00522	0.00444	0.00871	0.02858	0.01297	0.07876	0.04198	0.21227	0.41469	0.01647	0.00350	0.00421	0.12747	0.00406	0.00397
4	0.00871	0.00579	0.00751	0.00686	0.00835	0.00538	0.00522	0.03027	0.01500	0.06997	0.71359	0.03688	0.04580	0.01027	0.00606	0.00163	0.00267	0.00903	0.00576	0.00527
5	0.01045	0.02694	0.79000	0.01484	0.02254	0.01209	0.01924	0.01649	0.01099	0.01649	0.00935	0.01099	0.00660	0.00495	0.00495	0.00165	0.00770	0.00385	0.00220	0.00770
6	0.00905	0.00452	0.00678	0.00678	0.00678	0.00452	0.00452	0.00678	0.00678	0.00905	0.00905	0.01583	0.00905	0.01809	0.02035	0.84848	0.00452	0.00452	0.00226	0.00226
7	0.01822	0.01995	0.03296	0.05581	0.03592	0.44584	0.01049	0.22870	0.06888	0.01918	0.01032	0.01131	0.00798	0.00569	0.00492	0.00147	0.00776	0.00401	0.00353	0.00705
8	0.00731	0.00532	0.00688	0.00649	0.00774	0.00489	0.00487	0.00971	0.01460	0.02054	0.74484	0.03947	0.08626	0.01078	0.00614	0.00164	0.00247	0.00950	0.00569	0.00489
9	0.13260	0.03123	0.01408	0.01107	0.01482	0.15865	0.00899	0.39792	0.01882	0.14409	0.01211	0.01210	0.00860	0.00589	0.00481	0.00153	0.00597	0.00424	0.00460	0.00786
10	0.00657	0.00529	0.00585	0.00571	0.00729	0.00457	0.00428	0.00828	0.01285	0.01640	0.30205	0.04628	0.53164	0.01232	0.00615	0.00172	0.00258	0.01045	0.00514	0.00457
11	0.01847	0.01433	0.01510	0.01246	0.04703	0.05125	0.00977	0.62717	0.05971	0.02976	0.01465	0.01462	0.04824	0.00654	0.00524	0.00157	0.00568	0.00500	0.00497	0.00845
12	0.00643	0.00467	0.00607	0.00702	0.00753	0.00431	0.00477	0.00751	0.01058	0.01408	0.10220	0.67629	0.09829	0.01552	0.00656	0.00204	0.00294	0.01397	0.00492	0.00431
13	0.00810	0.02509	0.00800	0.04937	0.00984	0.00642	0.00573	0.04796	0.06073	0.01531	0.11071	0.42035	0.06700	0.10659	0.03200	0.00247	0.00397	0.01098	0.00454	0.00484
14	0.01957	0.01448	0.01550	0.01194	0.01607	0.01605	0.00984	0.74320	0.04878	0.03246	0.01278	0.01273	0.00908	0.00628	0.00521	0.00157	0.00568	0.00473	0.00521	0.00884
15	0.01395	0.55856	0.02306	0.01087	0.05381	0.11638	0.00926	0.01550	0.01077	0.01245	0.00804	0.01064	0.00758	0.05771	0.00623	0.00152	0.07154	0.00341	0.00237	0.00637
16	0.01023	0.00570	0.00589	0.00562	0.00707	0.00584	0.00428	0.05019	0.05205	0.02030	0.06664	0.02034	0.01558	0.00643	0.00397	0.00129	0.00268	0.00520	0.70549	0.00523
17	0.00701	0.00533	0.00671	0.00718	0.00805	0.00507	0.00507	0.00883	0.04144	0.01513	0.15992	0.50990	0.12896	0.01404	0.00661	0.00194	0.02184	0.01245	0.00490	0.02965
18	0.02760	0.03058	0.03270	0.03324	0.01451	0.08231	0.03039	0.12020	0.01384	0.13738	0.03704	0.01365	0.02311	0.00522	0.00456	0.00121	0.00503	0.00415	0.00390	0.37938
19	0.02237	0.01046	0.01307	0.01002	0.01409	0.01002	0.00828	0.23200	0.01757	0.57771	0.01830	0.01627	0.01177	0.00639	0.00523	0.00160	0.00479	0.00508	0.00610	0.00886
20	0.00745	0.00555	0.00819	0.00819	0.00906	0.00641	0.00629	0.00919	0.00832	0.01196	0.01411	0.02134	0.01340	0.08956	0.74637	0.00815	0.01337	0.00571	0.00281	0.00455
21	0.02699	0.00881	0.01001	0.02332	0.01149	0.00982	0.00704	0.06867	0.33681	0.02003	0.20268	0.08595	0.05099	0.05421	0.02071	0.00206	0.04151	0.00746	0.00495	0.00649
22	0.01483	0.11581	0.05732	0.25680	0.04436	0.05040	0.01153	0.20974	0.01469	0.09731	0.01150	0.03931	0.00893	0.00601	0.00547	0.00161	0.03899	0.00471	0.00357	0.00714
23	0.34955	0.35876	0.01714	0.00840	0.01220	0.01547	0.00760	0.05525	0.01096	0.09166	0.00877	0.00958	0.00698	0.00500	0.00391	0.00141	0.02445	0.00317	0.00318	0.00656
24	0.01430	0.76591	0.02643	0.00922	0.01355	0.07346	0.00899	0.01595	0.01087	0.01229	0.00730	0.00842	0.00668	0.00452	0.00343	0.00113	0.00583	0.00282	0.00226	0.00664
25	0.01945	0.02482	0.01476	0.01342	0.01610	0.79608	0.01006	0.02079	0.01476	0.01275	0.00805	0.00939	0.00671	0.00537	0.00470	0.00134	0.00939	0.00335	0.00268	0.00604
26	0.01948	0.01436	0.01544	0.01189	0.01597	0.01590	0.00981	0.74767	0.02407	0.03229	0.01254	0.01271	0.00896	0.00709	0.02553	0.00174	0.00594	0.00471	0.00515	0.00875
27	0.05294	0.42270	0.02053	0.01076	0.06355	0.04616	0.00895	0.07510	0.01280	0.19107	0.01094	0.01124	0.00836	0.00508	0.00410	0.00131	0.00538	0.00364	0.00353	0.04187
28	0.00616	0.00525	0.00530	0.00534	0.00705	0.00439	0.00399	0.00747	0.01181	0.01404	0.05198	0.07483	0.75818	0.01329	0.00617	0.00177	0.00265	0.01111	0.00484	0.00439
29	0.00737	0.00532	0.00696	0.00655	0.00778	0.00491	0.00491	0.00983	0.01474	0.02088	0.78175	0.03890	0.04914	0.01065	0.00614	0.00164	0.00246	0.00942	0.00573	0.00491
30	0.02336	0.00886	0.01209	0.00927	0.01329	0.00765	0.00765	0.02538	0.01491	0.78810	0.02055	0.01773	0.01289	0.00645	0.00524	0.00161	0.00443	0.00524	0.00645	0.00886
31	0.01295	0.01119	0.01178	0.01060	0.01354	0.01295	0.00824	0.02767	0.77509	0.02178	0.02120	0.01943	0.01590	0.00707	0.00530	0.00177	0.00412	0.00589	0.00530	0.00824
32	0.01392	0.82012	0.02729	0.00891	0.01337	0.02061	0.00891	0.01559	0.01058	0.01225	0.00724	0.00835	0.00668	0.00446	0.00334	0.00111	0.00557	0.00278	0.00223	0.00668
33	0.01510	0.01225	0.01298	0.01103	0.01436	0.01396	0.00876	0.25973	0.53953	0.02525	0.01847	0.01726	0.01369	0.00681	0.00527	0.00170	0.00463	0.00551	0.00527	0.00844
34	0.00759	0.00574	0.00728	0.00805	0.00945	0.00542	0.00680	0.00960	0.01195	0.01504	0.03658	0.05566	0.29917	0.01396	0.00682	0.00217	0.00402	0.48524	0.00481	0.00465
35	0.01289	0.01237	0.02114	0.03196	0.78450	0.01237	0.01598	0.01598	0.01186	0.01701	0.00980	0.01289	0.00825	0.00464	0.00516	0.00155	0.00619	0.00464	0.00258	0.00825
36	0.01945	0.02482	0.01476	0.01342	0.01610	0.79608	0.01006	0.02079	0.01476	0.01275	0.00805	0.00939	0.00671	0.00537	0.00470	0.00134	0.00939	0.00335	0.00268	0.00604
37	0.01295	0.01119	0.01178	0.01060	0.01354	0.01295	0.00824	0.02767	0.77509	0.02178	0.02120	0.01943	0.01590	0.00707	0.00530	0.00177	0.00412	0.00589	0.00530	0.00824
38	0.00729	0.00532	0.00685	0.00647	0.00773	0.00488	0.00485	0.00967	0.01455	0.02044	0.73442	0.03963	0.09674	0.01081	0.00614	0.00165	0.00247	0.00952	0.00567	0.00488
39	0.00744	0.00556	0.00826	0.00826	0.00915	0.00645	0.00637	0.00923	0.00834	0.01201	0.01405	0.02102	0.01326	0.07092	0.76481	0.00823	0.01358	0.00566	0.00280	0.00459
40	0.01427	0.00687	0.00926	0.00784	0.01026	0.00620	0.00620	0.01650	0.01440	0.35114	0.40367	0.02857	0.03116	0.01068	0.05705	0.00206	0.00405	0.00737	0.00585	0.00660
41	0.01169	0.01092	0.01832	0.02732	0.63692	0.01086	0.01394	0.01440	0.01154	0.01636	0.01336	0.14854	0.01313	0.00682	0.00545	0.00166	0.00562	0.02263	0.00301	0.00750
42	0.02336	0.00886	0.01209	0.00927	0.01329	0.00765	0.00765	0.02538	0.01491	0.78810	0.02055	0.01773	0.01289	0.00645	0.00524	0.00161	0.00443	0.00524	0.00645	0.00886
43	0.01289	0.01237	0.02114	0.03196	0.78450	0.01237	0.01598	0.01598	0.01186	0.01701	0.00980	0.01289	0.00825	0.00464	0.00516	0.00155	0.00619	0.00464	0.00258	0.00825
44	0.01075	0.02325	0.61195	0.05651	0.02263	0.01193	0.08265	0.04662	0.01158	0.01685	0.01055	0.05211	0.00823	0.00554	0.00516	0.00168	0.00743	0.00468	0.00250	0.00741
45	0.00971	0.00485	0.00485	0.00485	0.00607	0.00485	0.00364	0.01213	0.01092	0.01942	0.01699	0.01942	0.01335	0.00607	0.00364	0.00121	0.00243	0.00485	0.84589	0.00485
46	0.08444	0.01238	0.01424	0.01246	0.06271	0.01380	0.03169	0.35891	0.20017	0.03936	0.06382	0.01565	0.01280	0.00661	0.00576	0.00166	0.04568	0.00517	0.00473	0.00794
47	0.01127	0.14814	0.55420	0.01502	0.02184	0.01358	0.13298	0.01638	0.01113	0.01586	0.00920	0.01106	0.00681	0.00478	0.00488	0.00158	0.00753	0.00404	0.00227	0.00743
48	0.01025	0.01130	0.09214	0.08319	0.03074	0.00951	0.25011	0.01429	0.05264	0.03226	0.20242	0.02346	0.09483	0.00705	0.00572	0.00164	0.00567	0.00680	0.00378	0.06220
49	0.00724	0.00587	0.02666	0.00739	0.00845	0.00529	0.00547	0.00976	0.06496	0.01632	0.25411	0.44611	0.08212	0.01346	0.00634	0.00192	0.00306	0.02557	0.00507	0.00482
50	0.01959	0.01449	0.01551	0.01194	0.01607	0.01605	0.00985	0.74520	0.04675	0.03249	0.01276	0.01271	0.00907	0.00628	0.00521	0.00157	0.00568	0.00472	0.00521	0.00884
51	0.01063	0.00624	0.00831	0.00799	0.00979	0.00573	0.00646	0.01283	0.01339	0.16209	0.30601	0.09107	0.07167	0.01131	0.00627	0.00188	0.00361	0.23231	0.00541	0.02701
52	0.01045	0.02694	0.79000	0.01484	0.02254	0.01209	0.01924	0.01649	0.01099	0.01649	0.00935	0.01099	0.00660	0.00495	0.00495	0.00165	0.00770	0.00385	0.00220	0.00770
53	0.03434	0.35062	0.30816	0.01179	0.01719	0.05996	0.03020	0.04820	0.05033	0.01575	0.02393	0.01085	0.00803	0.00502	0.00431	0.00142	0.00649	0.00366	0.00262	0.00714
54	0.00757	0.00505	0.00568	0.00568	0.00568	0.00505	0.00316	0.00757	0.00757	0.01010	0.01641	0.03408	0.01893	0.81698	0.02651	0.00505	0.00505	0.00757	0.00316	0.00316
55	0.19703	0.00912	0.01116	0.00876	0.01262	0.00850	0.00723	0.02327	0.01364	0.62817	0.01776	0.01579	0.01137	0.00611	0.00482	0.00161	0.00435	0.00473	0.00577	0.00819
56	0.00681	0.00560	0.00603	0.00587	0.00756	0.00497	0.00442	0.00912	0.05274	0.01615	0.23041	0.04574	0.56169	0.01224	0.00611	0.00173	0.00267	0.01034	0.00508	0.00473
57	0.00757	0.00696	0.03760	0.05550	0.06362	0.00611	0.04652	0.00948	0.01146	0.01520	0.14717	0.34460	0.20374	0.01223	0.00618	0.00186	0.00376	0.01095	0.00446	0.00501
58	0.00640	0.00462	0.00606	0.00710	0.00754	0.00428	0.00479	0.00743	0.01038	0.01383	0.07883	0.72410	0.07379	0.01579	0.00659	0.00207	0.00296	0.01426	0.00489	0.00428
59	0.38029	0.00938	0.01018	0.00823	0.01191	0.00939	0.00679	0.02105	0.01231	0.45940	0.01483	0.01374	0.00977	0.00575	0.00437	0.00161	0.00426	0.00420	0.00506	0.00748
60	0.01298	0.01375	0.06001	0.18990	0.38797	0.07943	0.07628	0.05442	0.04369	0.01681	0.01017	0.01304	0.00807	0.00500	0.00521	0.00160	0.00680	0.00466	0.00276	0.00744
61	0.01113	0.01103	0.01543	0.01333	0.01335	0.01533	0.01105	0.01225	0.00808	0.01257	0.00799	0.05361	0.00829	0.00949	0.01654	0.00227	0.76512	0.00510	0.00241	0.00562
62	0.00757	0.00505	0.00568	0.00568	0.00568	0.00505	0.00316	0.00757	0.00757	0.01010	0.01641	0.03408	0.01893	0.81698	0.02651	0.00505	0.00505	0.00757	0.00316	0.00316
63	0.01181	0.00933	0.01015	0.00940	0.01175	0.01043	0.00718	0.03642	0.51874	0.04307	0.05027	0.15352	0.01982	0.00864	0.00542	0.00177	0.00378	0.00739	0.07392	0.00720
64	0.01874	0.05516	0.01621	0.06402	0.04861	0.05651	0.01028	0.57065	0.02133	0.06898	0.01211	0.01251	0.00870	0.00599	0.00509	0.00154	0.00594	0.00455	0.00470	0.00837
65	0.00867	0.00645	0.00732	0.00720	0.00805	0.00681	0.00482	0.03015	0.16046	0.01375	0.02057	0.15472	0.05149	0.43177	0.06198	0.00390	0.00497	0.00835	0.00395	0.00461
66	0.00744	0.00558	0.00837	0.00837	0.00930	0.00651	0.00651	0.00930	0.00837	0.01209	0.01395	0.02046	0.01302	0.03906	0.79635	0.00837	0.01395	0.00558	0.00279	0.00465
67	0.01202	0.01138	0.01755	0.07356	0.14263	0.02369	0.17296	0.05416	0.01200	0.01733	0.00973	0.01214	0.00781	0.00444	0.00498	0.00126	0.01969	0.00423	0.00294	0.39551
68	0.01214	0.01535	0.11669	0.02216	0.10406	0.01296	0.60352	0.01659	0.01210	0.01669	0.01032	0.01358	0.00779	0.00448	0.00591	0.00172	0.00839	0.00573	0.00258	0.00723

[dist]
# distance from previous block
# <min> <max>
0	1

[block]
# block no. 2 follows, 47 sequences, length 42
# corresponding to MSA columns:
# 108-149
name=unknown_C
#
# <colnr> <probs for GDERKNQSTAVLIFYWHMCP>
#	G	D	E	R	K	N	Q	S	T	A	V	L	I	F	Y	W	H	M	C	P
0	0.00737	0.00532	0.00696	0.00655	0.00778	0.00491	0.00491	0.00983	0.01474	0.02088	0.78175	0.03890	0.04914	0.01065	0.00614	0.00164	0.00246	0.00942	0.00573	0.00491
1	0.01364	0.01132	0.01189	0.01041	0.01326	0.02624	0.00809	0.15705	0.53699	0.02228	0.01875	0.01924	0.01462	0.07310	0.03743	0.00224	0.00495	0.00575	0.00497	0.00777
2	0.22030	0.01265	0.11432	0.03573	0.01463	0.01161	0.00920	0.07540	0.25501	0.16312	0.01501	0.01464	0.01076	0.00599	0.00470	0.00166	0.00481	0.00460	0.01829	0.00756
3	0.02218	0.00860	0.01171	0.00907	0.01289	0.00745	0.00745	0.02423	0.01489	0.73149	0.07672	0.01929	0.01557	0.00676	0.00530	0.00161	0.00429	0.00555	0.00639	0.00857
4	0.00855	0.00747	0.03300	0.06669	0.04606	0.00688	0.00651	0.02929	0.09619	0.02846	0.10783	0.04644	0.42222	0.01035	0.00571	0.00170	0.00352	0.00871	0.05897	0.00545
5	0.00713	0.00531	0.00663	0.00630	0.00763	0.00481	0.00472	0.00936	0.01417	0.01954	0.63796	0.04111	0.19377	0.01115	0.00614	0.00166	0.00249	0.00973	0.00556	0.00481
6	0.01530	0.02834	0.01587	0.04071	0.24311	0.24916	0.01119	0.12621	0.12035	0.01825	0.01439	0.01543	0.06675	0.00608	0.00509	0.00153	0.00655	0.00488	0.00352	0.00728
7	0.00629	0.00514	0.00555	0.00574	0.00719	0.00441	0.00420	0.00762	0.01175	0.01448	0.10748	0.18960	0.58536	0.01356	0.00624	0.00181	0.00269	0.01156	0.00491	0.00441
8	0.00909	0.00697	0.03080	0.00736	0.00921	0.00631	0.00585	0.04631	0.07094	0.05700	0.56784	0.03543	0.10643	0.01004	0.00596	0.00165	0.00299	0.00872	0.00553	0.00556
9	0.01078	0.02457	0.65038	0.01615	0.02340	0.01229	0.15648	0.01653	0.01123	0.01653	0.00956	0.01156	0.00684	0.00485	0.00517	0.00167	0.00790	0.00427	0.00228	0.00757
10	0.01268	0.01253	0.01959	0.19022	0.58032	0.06284	0.01529	0.01574	0.01175	0.01597	0.00957	0.01287	0.00788	0.00480	0.00514	0.00157	0.00655	0.00455	0.00253	0.00760
11	0.01162	0.01042	0.01120	0.00821	0.01270	0.05820	0.00653	0.03584	0.01146	0.01716	0.00927	0.01076	0.00768	0.00402	0.00395	0.00083	0.00427	0.00315	0.00312	0.76960
12	0.00905	0.00452	0.00678	0.00678	0.00678	0.00452	0.00452	0.00678	0.00678	0.00905	0.00905	0.01583	0.00905	0.01809	0.02035	0.84848	0.00452	0.00452	0.00226	0.00226
13	0.01071	0.06840	0.72389	0.01510	0.04759	0.01255	0.01859	0.01643	0.01100	0.01629	0.00925	0.01092	0.00666	0.00491	0.00487	0.00162	0.00753	0.00382	0.00221	0.00766
14	0.00988	0.00922	0.01559	0.76663	0.03484	0.01140	0.02808	0.01333	0.01046	0.01355	0.00951	0.01405	0.00715	0.00522	0.00518	0.00172	0.00684	0.00466	0.02693	0.00578
15	0.00814	0.00550	0.00704	0.00662	0.00799	0.00504	0.00500	0.01040	0.01413	0.05753	0.62292	0.03888	0.10402	0.03681	0.00675	0.00177	0.00273	0.03281	0.02091	0.00500
16	0.01357	0.00969	0.01111	0.00932	0.01192	0.01040	0.00744	0.34864	0.03565	0.04661	0.19686	0.04775	0.04508	0.01276	0.12366	0.00261	0.00575	0.00652	0.04789	0.00679
17	0.00676	0.00524	0.00615	0.00604	0.00744	0.00464	0.00449	0.00861	0.01313	0.01733	0.40647	0.10099	0.36963	0.01218	0.00618	0.00173	0.00258	0.01051	0.00527	0.00464
18	0.01470	0.64669	0.02502	0.01107	0.06473	0.11192	0.00955	0.04022	0.01160	0.01328	0.00767	0.00891	0.00686	0.00463	0.00368	0.00118	0.00607	0.00304	0.00240	0.00678
19	0.77326	0.02943	0.00862	0.00738	0.01059	0.06977	0.00604	0.01572	0.00934	0.02233	0.00731	0.00853	0.00574	0.00486	0.00333	0.00158	0.00446	0.00286	0.00316	0.00569
20	0.01168	0.01298	0.06107	0.04617	0.19115	0.01193	0.40010	0.01631	0.06845	0.01704	0.04886	0.01750	0.06039	0.00555	0.00578	0.00170	0.00707	0.00610	0.00307	0.00711
21	0.01128	0.01071	0.05986	0.00967	0.01406	0.00832	0.06738	0.05043	0.01153	0.03137	0.01099	0.06677	0.00963	0.00516	0.00482	0.00110	0.03056	0.00435	0.00326	0.58877
22	0.01139	0.01139	0.01595	0.01367	0.01367	0.01595	0.01139	0.01253	0.00798	0.01253	0.00684	0.01139	0.00684	0.00911	0.01709	0.00228	0.80745	0.00456	0.00228	0.00570
23	0.01304	0.05193	0.27161	0.05165	0.05781	0.07141	0.07637	0.16173	0.04440	0.01899	0.02730	0.08308	0.01093	0.00648	0.00558	0.00166	0.03010	0.00538	0.00331	0.00724
24	0.01139	0.01139	0.01595	0.01367	0.01367	0.01595	0.01139	0.01253	0.00798	0.01253	0.00684	0.01139	0.00684	0.00911	0.01709	0.00228	0.80745	0.00456	0.00228	0.00570
25	0.85377	0.01007	0.00765	0.00685	0.01007	0.01168	0.00564	0.01531	0.00886	0.02336	0.00725	0.00846	0.00564	0.00483	0.00322	0.00161	0.00403	0.00282	0.00322	0.00564
26	0.00757	0.00505	0.00568	0.00568	0.00568	0.00505	0.00316	0.00757	0.00757	0.01010	0.01641	0.03408	0.01893	0.81698	0.02651	0.00505	0.00505	0.00757	0.00316	0.00316
27	0.01275	0.01277	0.04661	0.04698	0.72853	0.01236	0.01591	0.01617	0.02658	0.01701	0.00999	0.01297	0.00831	0.00471	0.00515	0.00156	0.00621	0.00464	0.00261	0.00818
28	0.00651	0.00472	0.00638	0.03063	0.00840	0.00449	0.00512	0.00758	0.01026	0.01373	0.07172	0.74526	0.03449	0.01566	0.00658	0.00208	0.00310	0.01419	0.00481	0.00432
29	0.85377	0.01007	0.00765	0.00685	0.01007	0.01168	0.00564	0.01531	0.00886	0.02336	0.00725	0.00846	0.00564	0.00483	0.00322	0.00161	0.00403	0.00282	0.00322	0.00564
30	0.01871	0.01358	0.01473	0.01141	0.01530	0.01490	0.00938	0.67877	0.02335	0.04929	0.08490	0.01510	0.01273	0.00667	0.00530	0.00157	0.00539	0.00515	0.00529	0.00849
31	0.07378	0.02484	0.68229	0.01470	0.02191	0.01213	0.06644	0.01642	0.01092	0.01702	0.00927	0.01100	0.00661	0.00490	0.00490	0.00165	0.00749	0.00392	0.00230	0.00750
32	0.01310	0.01327	0.01825	0.13676	0.49032	0.12210	0.01405	0.01653	0.05068	0.01602	0.01151	0.01510	0.02496	0.00543	0.00519	0.00159	0.00652	0.02842	0.00281	0.00740
33	0.01118	0.01110	0.01590	0.12312	0.01674	0.01534	0.01182	0.01264	0.00831	0.01264	0.00717	0.01174	0.00685	0.00857	0.01545	0.00220	0.69666	0.00457	0.00228	0.00571
34	0.01302	0.01097	0.01167	0.01039	0.01330	0.01253	0.00813	0.08613	0.64899	0.02239	0.06015	0.02106	0.03124	0.00741	0.00538	0.00175	0.00415	0.01803	0.00530	0.00800
35	0.01615	0.01031	0.01176	0.01008	0.01333	0.01108	0.00798	0.02653	0.51483	0.26641	0.03856	0.01934	0.01571	0.00695	0.00530	0.00171	0.00418	0.00576	0.00568	0.00836
36	0.01065	0.02556	0.71145	0.01587	0.04520	0.01218	0.07422	0.01649	0.01112	0.01652	0.00945	0.01128	0.00674	0.00490	0.00504	0.00165	0.00773	0.00404	0.00224	0.00766
37	0.02802	0.00603	0.00775	0.00695	0.00874	0.00550	0.00534	0.01249	0.01446	0.15338	0.58638	0.03531	0.08931	0.00996	0.00592	0.00164	0.00284	0.00866	0.00574	0.00558
38	0.00923	0.03410	0.00919	0.05808	0.01155	0.02380	0.00665	0.01484	0.24222	0.01662	0.07153	0.09260	0.29713	0.02292	0.00615	0.00185	0.00381	0.06724	0.00471	0.00578
39	0.00915	0.00585	0.00744	0.00696	0.00850	0.00538	0.00523	0.03317	0.01405	0.10050	0.49091	0.14765	0.12275	0.01116	0.00609	0.00171	0.00286	0.00978	0.00557	0.00529
40	0.05161	0.10229	0.12941	0.01976	0.27511	0.01381	0.11936	0.10322	0.10043	0.01902	0.01106	0.01280	0.00862	0.00510	0.00500	0.00157	0.00631	0.00461	0.00314	0.00778
41	0.01284	0.01260	0.04278	0.10550	0.65470	0.01246	0.01565	0.04990	0.01227	0.01736	0.00985	0.01291	0.00810	0.00478	0.00516	0.00157	0.00628	0.00462	0.00266	0.00802

[dist]
# distance from previous block
# <min> <max>
0	1

[block]
# block no. 3 follows, 47 sequences, length 53
# corresponding to MSA columns:
# 151-203
name=unknown_D
#
# <colnr> <probs for GDERKNQSTAVLIFYWHMCP>
#	G	D	E	R	K	N	Q	S	T	A	V	L	I	F	Y	W	H	M	C	P
0	0.04091	0.05448	0.01560	0.01254	0.05970	0.04475	0.00974	0.55256	0.03177	0.02786	0.01196	0.01291	0.00898	0.02159	0.02253	0.00175	0.02951	0.00458	0.02817	0.00811
1	0.80537	0.01033	0.00812	0.00715	0.01042	0.01194	0.00589	0.05894	0.00977	0.02391	0.00756	0.00869	0.00583	0.00492	0.00334	0.00161	0.00413	0.00293	0.00334	0.00583
2	0.01920	0.02539	0.01293	0.01036	0.02530	0.07349	0.00825	0.19420	0.09873	0.35962	0.04025	0.01671	0.02226	0.00644	0.00510	0.00155	0.00497	0.00510	0.03721	0.03295
3	0.00670	0.00504	0.00657	0.00729	0.00784	0.00492	0.00509	0.00784	0.01062	0.01422	0.11822	0.60558	0.11012	0.01497	0.00706	0.00203	0.04340	0.01327	0.00481	0.00440
4	0.01219	0.05968	0.06567	0.11107	0.14852	0.06114	0.19094	0.06542	0.01226	0.02872	0.01302	0.14679	0.01217	0.00699	0.00602	0.00172	0.04142	0.00647	0.00313	0.00667
5	0.00682	0.00507	0.00639	0.00681	0.00779	0.00464	0.00498	0.00846	0.01213	0.01622	0.28992	0.33823	0.18652	0.01361	0.00642	0.00190	0.00290	0.07150	0.00514	0.00454
6	0.01437	0.01315	0.01202	0.01065	0.01349	0.15218	0.00826	0.09100	0.45749	0.04242	0.08503	0.01916	0.02877	0.00706	0.00524	0.00165	0.00502	0.00568	0.01987	0.00751
7	0.01998	0.01430	0.01545	0.01185	0.01601	0.01572	0.00979	0.72980	0.02400	0.07083	0.01291	0.01277	0.00906	0.00626	0.00521	0.00157	0.00567	0.00472	0.00527	0.00886
8	0.81990	0.01025	0.00798	0.00706	0.01032	0.01186	0.00581	0.04584	0.00950	0.02375	0.00746	0.00862	0.00577	0.00489	0.00330	0.00161	0.00410	0.00290	0.00330	0.00577
9	0.00636	0.00527	0.00547	0.00543	0.00703	0.00449	0.00401	0.00773	0.01192	0.01455	0.12673	0.04802	0.66154	0.05957	0.00733	0.00194	0.00276	0.01063	0.00483	0.00438
10	0.03883	0.01881	0.37430	0.06242	0.02172	0.01219	0.17018	0.06866	0.08555	0.05240	0.02491	0.02579	0.00934	0.00548	0.00527	0.00169	0.00698	0.00492	0.00312	0.00746
11	0.64235	0.12960	0.05834	0.02161	0.01222	0.01305	0.02840	0.01543	0.00936	0.02097	0.00750	0.00885	0.00594	0.00478	0.00346	0.00155	0.00466	0.00300	0.00298	0.00596
12	0.00654	0.00470	0.00639	0.00746	0.00786	0.00456	0.00515	0.00761	0.00984	0.01322	0.02691	0.69520	0.03176	0.01895	0.10044	0.00287	0.00438	0.03727	0.00459	0.00430
13	0.02098	0.01270	0.01446	0.01108	0.01521	0.01334	0.00916	0.52213	0.02132	0.28229	0.01516	0.01423	0.01019	0.00632	0.00522	0.00158	0.00530	0.00487	0.00562	0.00886
14	0.00668	0.00483	0.00634	0.00713	0.00777	0.00449	0.00502	0.00803	0.01122	0.01510	0.19160	0.55862	0.07978	0.01481	0.00654	0.00201	0.00299	0.05760	0.00502	0.00442
15	0.00638	0.00456	0.00607	0.00723	0.00756	0.00425	0.00484	0.00733	0.01012	0.01354	0.05285	0.78874	0.03491	0.01613	0.00663	0.00210	0.00300	0.01463	0.00486	0.00425
16	0.01289	0.01237	0.02114	0.03196	0.78450	0.01237	0.01598	0.01598	0.01186	0.01701	0.00980	0.01289	0.00825	0.00464	0.00516	0.00155	0.00619	0.00464	0.00258	0.00825
17	0.01338	0.01109	0.01179	0.01054	0.01353	0.01274	0.00822	0.02758	0.74422	0.05291	0.02117	0.01936	0.01577	0.00704	0.00530	0.00176	0.00413	0.00586	0.00535	0.00827
18	0.01295	0.01119	0.01178	0.01060	0.01354	0.01295	0.00824	0.02767	0.77509	0.02178	0.02120	0.01943	0.01590	0.00707	0.00530	0.00177	0.00412	0.00589	0.00530	0.00824
19	0.01243	0.01303	0.02460	0.02491	0.33911	0.03382	0.37610	0.01605	0.01216	0.01663	0.01148	0.01689	0.00972	0.00529	0.00578	0.00171	0.00742	0.06279	0.00278	0.00733
20	0.01990	0.01443	0.01553	0.01191	0.01607	0.01591	0.00984	0.74660	0.02422	0.05373	0.01273	0.01265	0.00897	0.00626	0.00521	0.00156	0.00569	0.00470	0.00524	0.00886
21	0.85377	0.01007	0.00765	0.00685	0.01007	0.01168	0.00564	0.01531	0.00886	0.02336	0.00725	0.00846	0.00564	0.00483	0.00322	0.00161	0.00403	0.00282	0.00322	0.00564
22	0.00757	0.00505	0.00568	0.00568	0.00568	0.00505	0.00316	0.00757	0.00757	0.01010	0.01641	0.03408	0.01893	0.81698	0.02651	0.00505	0.00505	0.00757	0.00316	0.00316
23	0.01035	0.02624	0.76476	0.01458	0.02206	0.01186	0.01878	0.01628	0.01112	0.01663	0.03424	0.01189	0.00797	0.00513	0.00499	0.00165	0.00753	0.00403	0.00231	0.00761
24	0.60260	0.01149	0.03251	0.07518	0.12440	0.04787	0.00843	0.01553	0.00975	0.02096	0.00787	0.00965	0.00620	0.00486	0.00378	0.00160	0.00492	0.00328	0.00300	0.00610
25	0.00756	0.00511	0.00601	0.00601	0.00612	0.00523	0.00356	0.00778	0.00767	0.01034	0.01611	0.03242	0.01821	0.72209	0.12042	0.00545	0.00613	0.00733	0.00311	0.00334
26	0.00690	0.00540	0.00627	0.00608	0.00746	0.00489	0.00453	0.00865	0.01279	0.01679	0.36616	0.04374	0.39123	0.06036	0.00758	0.00192	0.01694	0.02264	0.00508	0.00458
27	0.00992	0.00917	0.01497	0.71201	0.03310	0.01131	0.01375	0.01396	0.05353	0.01392	0.01103	0.01689	0.00883	0.00586	0.00533	0.00178	0.00665	0.04948	0.00263	0.00586
28	0.01392	0.82012	0.02729	0.00891	0.01337	0.02061	0.00891	0.01559	0.01058	0.01225	0.00724	0.00835	0.00668	0.00446	0.00334	0.00111	0.00557	0.00278	0.00223	0.00668
29	0.01230	0.01292	0.05488	0.15423	0.50419	0.02672	0.11013	0.01567	0.01161	0.01618	0.00969	0.01302	0.00786	0.00482	0.00552	0.00162	0.02377	0.00477	0.00252	0.00758
30	0.00824	0.00677	0.00843	0.00835	0.00927	0.05784	0.00630	0.00982	0.00868	0.01187	0.01389	0.02152	0.01338	0.13858	0.64403	0.00748	0.01249	0.00570	0.00283	0.00454
31	0.01278	0.01108	0.01199	0.05527	0.01480	0.01288	0.00859	0.02686	0.73206	0.02131	0.02052	0.01912	0.01539	0.00696	0.00529	0.00176	0.00428	0.00582	0.00513	0.00810
32	0.01131	0.00634	0.00806	0.00779	0.00958	0.00585	0.00592	0.01361	0.05799	0.21332	0.07157	0.32476	0.15609	0.01222	0.00614	0.00190	0.00350	0.07296	0.00532	0.00577
33	0.00634	0.00453	0.00604	0.00725	0.00755	0.00423	0.00483	0.00725	0.00997	0.01329	0.02870	0.81358	0.03444	0.01632	0.00665	0.00211	0.00302	0.01480	0.00483	0.00423
34	0.01133	0.00952	0.01174	0.00988	0.08003	0.00744	0.00707	0.01370	0.01101	0.03832	0.00962	0.01117	0.00790	0.00400	0.00401	0.00086	0.00408	0.00328	0.00313	0.75191
35	0.01155	0.27896	0.54766	0.01296	0.01962	0.01480	0.01596	0.01621	0.01086	0.01514	0.00868	0.01016	0.00662	0.00479	0.00444	0.00148	0.00702	0.00351	0.00221	0.00737
36	0.01325	0.01071	0.01151	0.01028	0.01319	0.01217	0.00801	0.02650	0.68526	0.06780	0.06530	0.02046	0.01765	0.00724	0.00534	0.00175	0.00404	0.00605	0.00539	0.00809
37	0.02552	0.04080	0.01688	0.64419	0.10081	0.03362	0.03822	0.01398	0.01070	0.01387	0.00920	0.01337	0.00705	0.00510	0.00511	0.00168	0.00690	0.00454	0.00237	0.00608
38	0.01056	0.05250	0.76542	0.01465	0.02224	0.01237	0.01891	0.01646	0.01098	0.01636	0.00928	0.01091	0.00660	0.00493	0.00490	0.00163	0.00763	0.00381	0.00220	0.00766
39	0.00983	0.00926	0.01562	0.80447	0.03587	0.01157	0.01446	0.01331	0.01041	0.01331	0.00926	0.01388	0.00694	0.00521	0.00521	0.00174	0.00694	0.00463	0.00231	0.00579
40	0.00755	0.00568	0.00725	0.00806	0.00939	0.00537	0.00675	0.00951	0.01183	0.01496	0.03580	0.09976	0.27396	0.01411	0.00682	0.00217	0.00399	0.46760	0.00481	0.00463
41	0.00687	0.00492	0.00660	0.00750	0.00812	0.00464	0.00543	0.00831	0.01119	0.01508	0.16852	0.54659	0.03645	0.01495	0.00664	0.00207	0.00321	0.13348	0.00499	0.00445
42	0.02336	0.00886	0.01209	0.00927	0.01329	0.00765	0.00765	0.02538	0.01491	0.78810	0.02055	0.01773	0.01289	0.00645	0.00524	0.00161	0.00443	0.00524	0.00645	0.00886
43	0.01395	0.01168	0.01234	0.01080	0.01392	0.01342	0.00848	0.13577	0.66536	0.02340	0.01993	0.01842	0.01487	0.00695	0.00529	0.00174	0.00436	0.00571	0.00529	0.00833
44	0.01176	0.04322	0.62642	0.01392	0.02076	0.01241	0.01700	0.05568	0.08507	0.04906	0.01104	0.01209	0.00786	0.00527	0.00497	0.00164	0.00707	0.00412	0.00282	0.00783
45	0.00711	0.00525	0.00664	0.00643	0.00765	0.00478	0.00477	0.00927	0.01393	0.01927	0.61438	0.10578	0.15242	0.01149	0.00619	0.00170	0.00253	0.01010	0.00553	0.00478
46	0.01409	0.01255	0.01264	0.05093	0.01516	0.07520	0.00889	0.11051	0.59108	0.02190	0.01857	0.01757	0.01392	0.00674	0.00524	0.00171	0.00486	0.00549	0.00493	0.00801
47	0.05402	0.00941	0.01214	0.00942	0.01338	0.00864	0.00776	0.07527	0.05281	0.67032	0.01953	0.01711	0.01249	0.00640	0.00516	0.00162	0.00449	0.00514	0.00618	0.00871
48	0.01492	0.01079	0.01256	0.01128	0.05754	0.01161	0.00836	0.40693	0.06212	0.04083	0.08257	0.12223	0.01629	0.00934	0.00728	0.10222	0.00484	0.00651	0.00473	0.00704
49	0.00905	0.00452	0.00678	0.00678	0.00678	0.00452	0.00452	0.00678	0.00678	0.00905	0.00905	0.01583	0.00905	0.01809	0.02035	0.84848	0.00452	0.00452	0.00226	0.00226
50	0.01148	0.01019	0.01571	0.64303	0.05641	0.01231	0.01368	0.12551	0.03101	0.01652	0.01004	0.01378	0.00748	0.00539	0.00521	0.00170	0.00667	0.00467	0.00282	0.00638
51	0.00744	0.00556	0.00829	0.00829	0.00919	0.00647	0.00641	0.00925	0.00835	0.01203	0.01402	0.02086	0.01319	0.06198	0.77366	0.00827	0.01369	0.00564	0.00280	0.00461
52	0.01624	0.01324	0.06086	0.01108	0.01541	0.01261	0.03151	0.40606	0.05002	0.06998	0.01243	0.02633	0.00933	0.00576	0.00510	0.00140	0.01830	0.00452	0.00443	0.22539

[dist]
# distance from previous block
# <min> <max>
0	8

[block]
# block no. 4 follows, 47 sequences, length 25
# corresponding to MSA columns:
# 212-236
name=unknown_E
#
# <colnr> <probs for GDERKNQSTAVLIFYWHMCP>
#	G	D	E	R	K	N	Q	S	T	A	V	L	I	F	Y	W	H	M	C	P
0	0.06218	0.01063	0.01617	0.09123	0.10126	0.01091	0.15879	0.12467	0.07848	0.09118	0.04892	0.12254	0.02545	0.00719	0.00550	0.00170	0.00555	0.00662	0.00406	0.02697
1	0.01291	0.05123	0.04924	0.05186	0.58390	0.05207	0.02590	0.01660	0.05454	0.01663	0.01123	0.01373	0.02694	0.00503	0.00509	0.00155	0.00624	0.00470	0.00275	0.00785
2	0.04576	0.01037	0.02704	0.03167	0.03354	0.00869	0.04588	0.09011	0.01219	0.01863	0.01004	0.02989	0.00835	0.00453	0.00424	0.00103	0.00450	0.00376	0.00327	0.60650
3	0.02597	0.00603	0.00735	0.00751	0.00848	0.00597	0.00527	0.07867	0.01117	0.05985	0.02417	0.44248	0.05145	0.18261	0.02784	0.00278	0.00409	0.03900	0.00453	0.00477
4	0.00923	0.05221	0.00890	0.00775	0.00906	0.05301	0.00601	0.01149	0.03380	0.01410	0.01434	0.01965	0.01282	0.07179	0.44341	0.00541	0.00959	0.00524	0.20724	0.00492
5	0.00755	0.00514	0.00615	0.00615	0.00631	0.00530	0.00374	0.00788	0.00771	0.01045	0.01598	0.03169	0.01790	0.68052	0.16155	0.00563	0.00661	0.00722	0.00309	0.00342
6	0.01419	0.01284	0.01387	0.01179	0.01499	0.08488	0.07030	0.13991	0.47725	0.02180	0.01902	0.01923	0.03945	0.00700	0.00539	0.00171	0.00521	0.02856	0.00480	0.00780
7	0.06270	0.09746	0.50975	0.06132	0.05625	0.01297	0.09673	0.01615	0.01097	0.01637	0.00916	0.01117	0.00678	0.00484	0.00484	0.00161	0.00728	0.00401	0.00233	0.00732
8	0.01187	0.01095	0.01638	0.38039	0.22223	0.03171	0.02720	0.06004	0.11677	0.01678	0.01186	0.01554	0.00938	0.00564	0.00524	0.00168	0.00625	0.02546	0.01770	0.00692
9	0.00790	0.00586	0.00840	0.00824	0.00893	0.00686	0.00625	0.00924	0.00821	0.01188	0.01353	0.02122	0.01309	0.13306	0.57719	0.05627	0.06984	0.00568	0.02396	0.00440
10	0.01016	0.05878	0.07174	0.01118	0.03145	0.00851	0.10146	0.04119	0.04615	0.05889	0.02220	0.30872	0.04165	0.01117	0.00612	0.00194	0.00489	0.15373	0.00427	0.00581
11	0.03001	0.51529	0.06250	0.01230	0.10437	0.07238	0.01018	0.03286	0.01175	0.09230	0.00916	0.01013	0.00752	0.00481	0.00396	0.00128	0.00588	0.00339	0.00281	0.00712
12	0.00737	0.00532	0.00696	0.00655	0.00778	0.00491	0.00491	0.00983	0.01474	0.02088	0.78175	0.03890	0.04914	0.01065	0.00614	0.00164	0.00246	0.00942	0.00573	0.00491
13	0.01278	0.01218	0.02036	0.05986	0.70897	0.01238	0.01545	0.01660	0.05855	0.01717	0.01047	0.01333	0.00867	0.00481	0.00517	0.00157	0.00609	0.00472	0.00273	0.00816
14	0.01282	0.01451	0.09883	0.12140	0.53609	0.07781	0.01548	0.01635	0.02715	0.01625	0.00977	0.01265	0.00795	0.00485	0.00510	0.00157	0.00666	0.00447	0.00257	0.00771
15	0.00812	0.00577	0.00729	0.00684	0.00826	0.00544	0.00515	0.01120	0.06100	0.04468	0.64496	0.06364	0.08645	0.01063	0.00608	0.00167	0.00265	0.00934	0.00565	0.00519
16	0.00634	0.00453	0.00604	0.00725	0.00755	0.00423	0.00483	0.00725	0.00997	0.01329	0.02870	0.81358	0.03444	0.01632	0.00665	0.00211	0.00302	0.01480	0.00483	0.00423
17	0.01115	0.00696	0.02689	0.00815	0.00998	0.00627	0.00648	0.04459	0.02876	0.17055	0.18287	0.21707	0.06415	0.06086	0.00742	0.00208	0.00383	0.13106	0.00520	0.00569
18	0.01418	0.42031	0.22748	0.01184	0.03484	0.09896	0.01205	0.09673	0.01265	0.01574	0.00851	0.00972	0.00693	0.00488	0.00415	0.00134	0.00657	0.00338	0.00259	0.00715
19	0.01295	0.01119	0.01178	0.01060	0.01354	0.01295	0.00824	0.02767	0.77509	0.02178	0.02120	0.01943	0.01590	0.00707	0.00530	0.00177	0.00412	0.00589	0.00530	0.00824
20	0.00757	0.00505	0.00568	0.00568	0.00568	0.00505	0.00316	0.00757	0.00757	0.01010	0.01641	0.03408	0.01893	0.81698	0.02651	0.00505	0.00505	0.00757	0.00316	0.00316
21	0.00756	0.00508	0.00585	0.00585	0.00590	0.00514	0.00336	0.00768	0.00762	0.01022	0.01626	0.03324	0.01857	0.76894	0.07404	0.00525	0.00560	0.00745	0.00313	0.00325
22	0.85377	0.01007	0.00765	0.00685	0.01007	0.01168	0.00564	0.01531	0.00886	0.02336	0.00725	0.00846	0.00564	0.00483	0.00322	0.00161	0.00403	0.00282	0.00322	0.00564
23	0.01206	0.00991	0.01157	0.00847	0.01283	0.00834	0.00684	0.09314	0.01221	0.03569	0.00974	0.01116	0.00791	0.00441	0.00463	0.00094	0.04068	0.00337	0.00335	0.70276
24	0.01318	0.01034	0.01181	0.00875	0.01311	0.00908	0.00706	0.17653	0.03755	0.04975	0.03214	0.01247	0.00955	0.00476	0.00431	0.00103	0.00425	0.00377	0.00381	0.58673

[dist]
# distance from previous block
# <min> <max>
0	1

[block]
# block no. 5 follows, 47 sequences, length 22
# corresponding to MSA columns:
# 238-259
name=unknown_F
#
# <colnr> <probs for GDERKNQSTAVLIFYWHMCP>
#	G	D	E	R	K	N	Q	S	T	A	V	L	I	F	Y	W	H	M	C	P
0	0.09654	0.03163	0.32614	0.06623	0.05717	0.01170	0.03831	0.06305	0.12009	0.01923	0.10664	0.01582	0.01337	0.00600	0.00503	0.00165	0.00592	0.00492	0.00341	0.00715
1	0.85377	0.01007	0.00765	0.00685	0.01007	0.01168	0.00564	0.01531	0.00886	0.02336	0.00725	0.00846	0.00564	0.00483	0.00322	0.00161	0.00403	0.00282	0.00322	0.00564
2	0.00758	0.00565	0.00756	0.00769	0.04415	0.00524	0.00540	0.01003	0.01450	0.02045	0.71829	0.03810	0.07467	0.01046	0.00610	0.00164	0.00264	0.00925	0.00555	0.00505
3	0.00744	0.00558	0.00837	0.00837	0.00930	0.00651	0.00651	0.00930	0.00837	0.01209	0.01395	0.02046	0.01302	0.03906	0.79635	0.00837	0.01395	0.00558	0.00279	0.00465
4	0.01980	0.01459	0.01563	0.01198	0.01615	0.01615	0.00990	0.76713	0.02448	0.03282	0.01250	0.01250	0.00886	0.00625	0.00521	0.00156	0.00573	0.00469	0.00521	0.00886
5	0.01318	0.00918	0.01104	0.00801	0.01252	0.00708	0.00645	0.01544	0.01158	0.16324	0.01140	0.01211	0.00870	0.00435	0.00412	0.00093	0.00397	0.00349	0.00372	0.68949
6	0.01980	0.01459	0.01563	0.01198	0.01615	0.01615	0.00990	0.76713	0.02448	0.03282	0.01250	0.01250	0.00886	0.00625	0.00521	0.00156	0.00573	0.00469	0.00521	0.00886
7	0.00737	0.00532	0.00696	0.00655	0.00778	0.00491	0.00491	0.00983	0.01474	0.02088	0.78175	0.03890	0.04914	0.01065	0.00614	0.00164	0.00246	0.00942	0.00573	0.00491
8	0.01229	0.01405	0.03073	0.02195	0.02722	0.01317	0.76558	0.01668	0.01229	0.01668	0.01054	0.01405	0.00790	0.00439	0.00615	0.00176	0.00878	0.00615	0.00263	0.00702
9	0.01791	0.01584	0.01421	0.09503	0.01716	0.26317	0.00982	0.27126	0.04636	0.10901	0.01208	0.01295	0.00893	0.00672	0.02339	0.00168	0.02512	0.00439	0.03769	0.00728
10	0.01295	0.01119	0.01178	0.01060	0.01354	0.01295	0.00824	0.02767	0.77509	0.02178	0.02120	0.01943	0.01590	0.00707	0.00530	0.00177	0.00412	0.00589	0.00530	0.00824
11	0.00634	0.00453	0.00604	0.00725	0.00755	0.00423	0.00483	0.00725	0.00997	0.01329	0.02870	0.81358	0.03444	0.01632	0.00665	0.00211	0.00302	0.01480	0.00483	0.00423
12	0.00765	0.00583	0.00847	0.00838	0.00914	0.00684	0.00641	0.00926	0.00832	0.01195	0.01421	0.04419	0.01386	0.11251	0.65430	0.00752	0.05779	0.00598	0.00286	0.00455
13	0.00946	0.07806	0.10882	0.01240	0.01502	0.01009	0.17538	0.01188	0.01034	0.01420	0.01725	0.34206	0.01862	0.01127	0.03686	0.00215	0.10814	0.00893	0.00341	0.00567
14	0.00839	0.00599	0.00839	0.00959	0.01079	0.00599	0.00839	0.01079	0.01199	0.01558	0.02757	0.05874	0.02997	0.01439	0.00719	0.00240	0.00480	0.74945	0.00480	0.00480
15	0.14120	0.00913	0.01144	0.00897	0.01284	0.00844	0.00739	0.02404	0.04440	0.64861	0.01868	0.01647	0.01198	0.00624	0.00495	0.00162	0.00436	0.00492	0.00594	0.00838
16	0.01369	0.01216	0.01959	0.10535	0.55654	0.01255	0.03267	0.09540	0.03813	0.04732	0.01082	0.01337	0.00860	0.00501	0.00520	0.00158	0.00614	0.00474	0.00306	0.00806
17	0.02055	0.01301	0.12812	0.01055	0.01498	0.06595	0.00966	0.04870	0.05026	0.55591	0.01773	0.01602	0.01151	0.00617	0.00516	0.00160	0.00531	0.00491	0.00545	0.00846
18	0.00765	0.00566	0.00718	0.00674	0.00809	0.00536	0.00507	0.01078	0.05890	0.02067	0.70945	0.03820	0.07539	0.01054	0.00609	0.00165	0.00256	0.00927	0.00567	0.00509
19	0.00640	0.00461	0.00609	0.00725	0.00764	0.00429	0.00492	0.00738	0.01011	0.01340	0.02959	0.75958	0.06289	0.01613	0.00665	0.00211	0.00306	0.03881	0.00483	0.00425
20	0.13048	0.01623	0.03252	0.08786	0.10587	0.29971	0.03934	0.06426	0.05985	0.05189	0.02834	0.02740	0.00965	0.00583	0.00486	0.00155	0.00687	0.01751	0.00333	0.00665
21	0.06088	0.00976	0.01515	0.68958	0.03265	0.01197	0.01355	0.07757	0.01152	0.01556	0.00941	0.01344	0.00703	0.00527	0.00509	0.00171	0.00667	0.00453	0.00261	0.00604

[dist]
# distance from previous block
# <min> <max>
0	2

[block]
# block no. 6 follows, 47 sequences, length 23
# corresponding to MSA columns:
# 262-284
name=unknown_G
#
