[name]
unknown

[dist]
# distance from previous block
# <min> <max>
0	70

[block]
# block no. 0 follows, 31 sequences, length 37
# corresponding to MSA columns:
# 496-532
name=unknown_A
#
# <colnr> <probs for GDERKNQSTAVLIFYWHMCP>
#	G	D	E	R	K	N	Q	S	T	A	V	L	I	F	Y	W	H	M	C	P
0	0.01102	0.00787	0.01102	0.01260	0.01417	0.00787	0.01102	0.01417	0.01575	0.02047	0.03622	0.07717	0.03937	0.01890	0.00945	0.00315	0.00630	0.67084	0.00630	0.00630
1	0.06693	0.06629	0.59793	0.06620	0.02911	0.01633	0.02304	0.02123	0.01418	0.02173	0.01196	0.01431	0.00862	0.00648	0.00627	0.00214	0.00959	0.00497	0.00299	0.00970
2	0.04870	0.06872	0.02082	0.01682	0.06699	0.10040	0.01288	0.41792	0.08692	0.03432	0.01567	0.01618	0.01169	0.00768	0.00645	0.00196	0.00773	0.00576	0.00578	0.04662
3	0.00960	0.00699	0.00903	0.00852	0.01017	0.00642	0.00639	0.01275	0.01917	0.02698	0.68021	0.05186	0.09791	0.01416	0.00807	0.00216	0.00324	0.01248	0.00747	0.00642
4	0.00902	0.00697	0.00822	0.00791	0.00981	0.00617	0.00593	0.01162	0.01780	0.02371	0.44554	0.05723	0.33462	0.01538	0.00808	0.00222	0.00333	0.01323	0.00704	0.00617
5	0.02958	0.01140	0.01552	0.01198	0.01708	0.00986	0.00986	0.03226	0.01957	0.68474	0.06346	0.02476	0.01947	0.00876	0.00694	0.00212	0.00568	0.00717	0.00842	0.01137
6	0.01869	0.01553	0.01641	0.01426	0.01843	0.01780	0.01123	0.15895	0.57920	0.03132	0.02572	0.02383	0.01916	0.00908	0.00694	0.00227	0.00581	0.00744	0.00694	0.01098
7	0.00968	0.00699	0.00914	0.00861	0.01022	0.00646	0.00646	0.01291	0.01937	0.02743	0.71328	0.05110	0.06455	0.01399	0.00807	0.00215	0.00323	0.01237	0.00753	0.00646
8	0.02494	0.01863	0.01993	0.01553	0.02081	0.02072	0.01275	0.61601	0.11197	0.04140	0.01778	0.01751	0.01273	0.00834	0.00686	0.00208	0.00728	0.00635	0.00686	0.01154
9	0.80789	0.01323	0.01006	0.00900	0.01323	0.01535	0.00741	0.02011	0.01164	0.03070	0.00953	0.01111	0.00741	0.00635	0.00423	0.00212	0.00529	0.00370	0.00423	0.00741
10	0.00977	0.00733	0.01100	0.01100	0.01222	0.00855	0.00855	0.01222	0.01100	0.01588	0.01833	0.02688	0.01710	0.05131	0.73245	0.01100	0.01833	0.00733	0.00367	0.00611
11	0.01472	0.01463	0.02090	0.10403	0.02142	0.02027	0.01545	0.01659	0.01086	0.01659	0.00936	0.01536	0.00900	0.01136	0.02060	0.00291	0.65946	0.00600	0.00300	0.00750
12	0.77170	0.01316	0.01033	0.00914	0.01343	0.01510	0.00753	0.02073	0.01201	0.06287	0.01034	0.01168	0.00785	0.00645	0.00436	0.00212	0.00532	0.00385	0.00443	0.00761
13	0.02034	0.12330	0.01922	0.01344	0.01789	0.01784	0.01104	0.23851	0.24706	0.09437	0.05737	0.07107	0.01974	0.00944	0.00672	0.00212	0.00618	0.00760	0.00647	0.01028
14	0.01415	0.08516	0.64532	0.01938	0.02905	0.01673	0.05460	0.02160	0.01448	0.02129	0.01216	0.01439	0.00875	0.00642	0.00642	0.00212	0.00998	0.00510	0.00292	0.00998
15	0.01238	0.01142	0.01903	0.65605	0.04270	0.01406	0.01750	0.01654	0.01361	0.01748	0.01519	0.10570	0.01341	0.00857	0.00706	0.00234	0.00851	0.00767	0.00343	0.00736
16	0.01194	0.01191	0.09519	0.01087	0.01239	0.01055	0.00874	0.04749	0.01195	0.01663	0.03660	0.03557	0.02101	0.50370	0.02753	0.00522	0.11422	0.00866	0.00406	0.00578
17	0.02104	0.05534	0.02307	0.12849	0.18393	0.40438	0.04599	0.02393	0.01732	0.01833	0.01143	0.01446	0.00939	0.00670	0.00642	0.00191	0.01067	0.00517	0.00340	0.00864
18	0.00834	0.00595	0.00794	0.00953	0.00992	0.00556	0.00635	0.00953	0.01310	0.01746	0.03771	0.75510	0.04525	0.02143	0.00873	0.00278	0.00397	0.01945	0.00635	0.00556
19	0.00832	0.00694	0.00725	0.00717	0.00938	0.00587	0.00538	0.01027	0.01614	0.01978	0.16256	0.06371	0.62005	0.01684	0.00808	0.00229	0.00343	0.01414	0.00652	0.00587
20	0.01629	0.01826	0.10995	0.08490	0.59178	0.01614	0.02137	0.02085	0.01532	0.02195	0.01275	0.01672	0.01047	0.00619	0.00674	0.00206	0.00843	0.00597	0.00330	0.01054
21	0.00834	0.00595	0.00794	0.00953	0.00992	0.00556	0.00635	0.00953	0.01310	0.01746	0.03771	0.75510	0.04525	0.02143	0.00873	0.00278	0.00397	0.01945	0.00635	0.00556
22	0.00843	0.00704	0.00742	0.00760	0.00983	0.00602	0.00589	0.01034	0.01561	0.01872	0.06538	0.06719	0.63403	0.01751	0.00825	0.00241	0.00380	0.09234	0.00635	0.00584
23	0.02481	0.11521	0.02101	0.01438	0.01961	0.04392	0.01202	0.37856	0.10673	0.16649	0.01869	0.01796	0.01327	0.00804	0.00652	0.00201	0.00709	0.00610	0.00654	0.01104
24	0.01437	0.01688	0.12477	0.02182	0.13154	0.01493	0.16288	0.04544	0.01453	0.02061	0.04717	0.07396	0.01682	0.09921	0.03140	0.00311	0.14024	0.00808	0.00390	0.00833
25	0.02272	0.01431	0.01634	0.01352	0.01800	0.01522	0.01092	0.20723	0.26803	0.22869	0.04347	0.02530	0.01918	0.00926	0.00698	0.00220	0.00601	0.03442	0.02733	0.01085
26	0.77305	0.01409	0.01047	0.00938	0.01358	0.04726	0.00767	0.02043	0.01199	0.03007	0.00957	0.01117	0.00747	0.00638	0.00432	0.00210	0.00561	0.00374	0.00420	0.00743
27	0.03070	0.01164	0.01588	0.01217	0.01746	0.01006	0.01006	0.03334	0.01958	0.72163	0.02699	0.02329	0.01694	0.00847	0.00688	0.00212	0.00582	0.00688	0.00847	0.01164
28	0.02550	0.02017	0.02080	0.01725	0.05693	0.08229	0.01343	0.60199	0.03021	0.03978	0.01574	0.01610	0.01135	0.00800	0.00678	0.00203	0.00797	0.00600	0.00638	0.01127
29	0.00978	0.00729	0.01081	0.01081	0.01196	0.00845	0.00832	0.01210	0.01094	0.01574	0.01850	0.02783	0.01752	0.08895	0.69538	0.01076	0.01770	0.00747	0.00369	0.00600
30	0.00949	0.00699	0.00888	0.00841	0.01010	0.00637	0.00631	0.01254	0.01892	0.02637	0.63685	0.05285	0.14165	0.01438	0.00807	0.00217	0.00326	0.01262	0.00739	0.00637
31	0.80789	0.01323	0.01006	0.00900	0.01323	0.01535	0.00741	0.02011	0.01164	0.03070	0.00953	0.01111	0.00741	0.00635	0.00423	0.00212	0.00529	0.00370	0.00423	0.00741
32	0.02501	0.01368	0.01677	0.09962	0.02129	0.03479	0.01154	0.13363	0.11472	0.38464	0.02300	0.02170	0.01551	0.00828	0.00676	0.00212	0.00650	0.00669	0.04303	0.01070
33	0.01027	0.00734	0.01016	0.01174	0.01299	0.00723	0.00972	0.01288	0.01501	0.01963	0.03664	0.26657	0.04101	0.01961	0.00925	0.00305	0.00565	0.48885	0.00631	0.00609
34	0.06677	0.02065	0.01939	0.01554	0.02051	0.13498	0.01257	0.49836	0.08278	0.03705	0.01603	0.01621	0.01170	0.00801	0.00661	0.00203	0.00801	0.00587	0.00618	0.01075
35	0.01467	0.01418	0.02468	0.39320	0.08544	0.01512	0.17264	0.04652	0.01521	0.02059	0.01277	0.01754	0.00978	0.00634	0.00686	0.00208	0.00895	0.00625	0.00346	0.12370
36	0.02601	0.01916	0.02053	0.01574	0.02122	0.02122	0.01300	0.69408	0.03217	0.04312	0.01643	0.01643	0.01163	0.00821	0.00684	0.00205	0.00753	0.00616	0.00684	0.01163

[dist]
# distance from previous block
# <min> <max>
0	2

[block]
# block no. 1 follows, 31 sequences, length 21
# corresponding to MSA columns:
# 535-555
name=unknown_B
#
# <colnr> <probs for GDERKNQSTAVLIFYWHMCP>
#	G	D	E	R	K	N	Q	S	T	A	V	L	I	F	Y	W	H	M	C	P
0	0.01269	0.01081	0.01130	0.01051	0.01347	0.01147	0.00801	0.02321	0.36047	0.02360	0.06677	0.04421	0.31461	0.04738	0.00875	0.00251	0.00458	0.01081	0.00659	0.00825
1	0.01702	0.01470	0.01547	0.01392	0.01779	0.01702	0.01083	0.03635	0.70453	0.02862	0.02785	0.02553	0.02088	0.00928	0.00696	0.00232	0.00541	0.00773	0.00696	0.01083
2	0.01497	0.01497	0.02095	0.01796	0.01796	0.02095	0.01497	0.01646	0.01048	0.01646	0.00898	0.01497	0.00898	0.01197	0.02245	0.00299	0.74704	0.00599	0.00299	0.00748
3	0.00851	0.00608	0.00814	0.00973	0.01020	0.00571	0.00665	0.00983	0.01327	0.01766	0.03761	0.71117	0.04487	0.02127	0.00878	0.00280	0.00412	0.06166	0.00635	0.00561
4	0.00961	0.00694	0.00908	0.00865	0.01021	0.00641	0.00645	0.01274	0.01905	0.02692	0.67872	0.08712	0.06357	0.01437	0.00810	0.00218	0.00327	0.01273	0.00747	0.00641
5	0.01275	0.00638	0.00638	0.00638	0.00797	0.00638	0.00478	0.01594	0.01435	0.02551	0.02232	0.02551	0.01754	0.00797	0.00478	0.00159	0.00319	0.00638	0.79755	0.00638
6	0.01198	0.00650	0.00996	0.07522	0.01236	0.00678	0.00712	0.00969	0.00934	0.01239	0.01191	0.02057	0.01163	0.02224	0.02494	0.72882	0.00623	0.00595	0.00298	0.00339
7	0.01491	0.01686	0.10368	0.32210	0.33444	0.01584	0.05480	0.01970	0.01471	0.02028	0.01257	0.01726	0.00988	0.00643	0.00684	0.00216	0.00892	0.00607	0.00319	0.00937
8	0.00966	0.00651	0.00755	0.00783	0.00790	0.00644	0.00454	0.00987	0.01051	0.01401	0.02444	0.17139	0.02850	0.62799	0.03017	0.00595	0.00616	0.01164	0.00454	0.00440
9	0.01435	0.07644	0.60510	0.02156	0.10607	0.01659	0.02399	0.02152	0.01454	0.02141	0.01218	0.01452	0.00892	0.00642	0.00641	0.00211	0.00972	0.00509	0.00295	0.01011
10	0.80789	0.01323	0.01006	0.00900	0.01323	0.01535	0.00741	0.02011	0.01164	0.03070	0.00953	0.01111	0.00741	0.00635	0.00423	0.00212	0.00529	0.00370	0.00423	0.00741
11	0.01570	0.01646	0.06768	0.21569	0.47933	0.01601	0.04949	0.02019	0.01506	0.02107	0.01270	0.01718	0.01026	0.00629	0.00683	0.00211	0.00864	0.00611	0.00327	0.00991
12	0.01693	0.01626	0.02777	0.04199	0.71689	0.01626	0.02100	0.02100	0.01558	0.02235	0.01287	0.01693	0.01084	0.00610	0.00677	0.00203	0.00813	0.00610	0.00339	0.01084
13	0.01008	0.00778	0.01158	0.01141	0.01256	0.00929	0.00893	0.01247	0.01096	0.01592	0.01777	0.02617	0.01662	0.04898	0.69046	0.01052	0.06143	0.00725	0.00363	0.00619
14	0.01713	0.30891	0.34233	0.01608	0.02348	0.05719	0.01811	0.07768	0.01583	0.02091	0.01137	0.01321	0.00898	0.00663	0.00631	0.00190	0.03654	0.00462	0.00327	0.00953
15	0.00860	0.00636	0.00793	0.00908	0.00995	0.00585	0.00632	0.00998	0.01362	0.01764	0.04321	0.50930	0.18511	0.06932	0.01038	0.00296	0.00422	0.06840	0.00620	0.00557
16	0.03070	0.01164	0.01588	0.01217	0.01746	0.01006	0.01006	0.03334	0.01958	0.72163	0.02699	0.02329	0.01694	0.00847	0.00688	0.00212	0.00582	0.00688	0.00847	0.01164
17	0.01549	0.01495	0.02363	0.21225	0.43513	0.04201	0.01880	0.01936	0.01511	0.02048	0.01629	0.02236	0.04413	0.00766	0.00741	0.00218	0.02939	0.04042	0.00358	0.00936
18	0.01744	0.01639	0.02516	0.15829	0.48873	0.04314	0.01930	0.08601	0.03677	0.02349	0.01343	0.01718	0.01083	0.00655	0.00677	0.00207	0.00832	0.00608	0.00377	0.01025
19	0.00928	0.00645	0.00757	0.00806	0.00839	0.00622	0.00493	0.00980	0.01144	0.01505	0.03084	0.27025	0.09192	0.46190	0.02426	0.00504	0.00552	0.01333	0.00503	0.00473
20	0.21644	0.03720	0.02077	0.16457	0.27511	0.11158	0.01564	0.04379	0.01525	0.02329	0.01162	0.01493	0.00934	0.00650	0.00601	0.00205	0.00813	0.00520	0.00366	0.00893

[dist]
# distance from previous block
# <min> <max>
0	1

[block]
# block no. 2 follows, 31 sequences, length 27
# corresponding to MSA columns:
# 557-583
name=unknown_C
#
# <colnr> <probs for GDERKNQSTAVLIFYWHMCP>
#	G	D	E	R	K	N	Q	S	T	A	V	L	I	F	Y	W	H	M	C	P
0	0.01622	0.01276	0.01459	0.01415	0.04797	0.01399	0.01063	0.06176	0.41150	0.06597	0.05720	0.06511	0.07333	0.01149	0.00745	0.00240	0.00550	0.09164	0.00675	0.00961
1	0.01416	0.01179	0.01508	0.10319	0.06648	0.01299	0.01115	0.15661	0.01830	0.02431	0.09845	0.09743	0.21642	0.01266	0.00957	0.00235	0.10551	0.01019	0.00551	0.00786
2	0.00954	0.00756	0.00838	0.00795	0.01018	0.00678	0.00602	0.04514	0.01773	0.02282	0.29006	0.05826	0.45362	0.01571	0.00802	0.00224	0.00359	0.01331	0.00679	0.00630
3	0.00936	0.00695	0.00872	0.00835	0.01004	0.00630	0.00623	0.01225	0.01849	0.02552	0.57703	0.07844	0.17734	0.01483	0.00810	0.00220	0.00330	0.01298	0.00728	0.00630
4	0.02568	0.02878	0.01971	0.01709	0.02117	0.52996	0.01316	0.21691	0.02302	0.02424	0.01224	0.01350	0.00961	0.00738	0.00636	0.00185	0.01097	0.00490	0.00447	0.00898
5	0.01497	0.01497	0.02095	0.01796	0.01796	0.02095	0.01497	0.01646	0.01048	0.01646	0.00898	0.01497	0.00898	0.01197	0.02245	0.00299	0.74704	0.00599	0.00299	0.00748
6	0.01451	0.01404	0.02539	0.43916	0.10755	0.01557	0.18322	0.04021	0.01509	0.02026	0.01328	0.01847	0.01010	0.00660	0.00703	0.00222	0.00927	0.00659	0.04306	0.00838
7	0.01188	0.00594	0.00891	0.00891	0.00891	0.00594	0.00594	0.00891	0.00891	0.01188	0.01188	0.02080	0.01188	0.02377	0.02674	0.80095	0.00594	0.00594	0.00297	0.00297
8	0.00928	0.00676	0.00796	0.00792	0.00904	0.00628	0.00538	0.01089	0.01475	0.01968	0.26970	0.11780	0.19876	0.26628	0.01713	0.00375	0.00450	0.01269	0.00601	0.00544
9	0.01385	0.03402	0.67367	0.01976	0.02937	0.01613	0.04778	0.02148	0.01435	0.02148	0.01220	0.01460	0.00874	0.00668	0.00717	0.00220	0.03843	0.00519	0.00291	0.00998
10	0.01853	0.51123	0.19013	0.01371	0.02041	0.04565	0.01470	0.02206	0.01468	0.07693	0.01165	0.01285	0.00944	0.00626	0.00514	0.00169	0.00799	0.00427	0.00340	0.00930
11	0.01275	0.00638	0.00638	0.00638	0.00797	0.00638	0.00478	0.01594	0.01435	0.02551	0.02232	0.02551	0.01754	0.00797	0.00478	0.00159	0.00319	0.00638	0.79755	0.00638
12	0.00928	0.00683	0.00789	0.00815	0.00991	0.00597	0.00591	0.01109	0.01553	0.04744	0.14689	0.26835	0.39669	0.01774	0.00823	0.00242	0.00368	0.01535	0.00660	0.00604
13	0.01630	0.01561	0.02663	0.15223	0.61158	0.01609	0.02068	0.02044	0.01528	0.02159	0.01276	0.01714	0.01057	0.00621	0.00678	0.00207	0.00828	0.00609	0.00333	0.01033
14	0.01542	0.02849	0.47014	0.02257	0.08212	0.01608	0.15332	0.02209	0.01498	0.05981	0.01329	0.01592	0.00963	0.00666	0.00751	0.00222	0.04059	0.00586	0.00335	0.00997
15	0.72117	0.01335	0.01149	0.04101	0.04199	0.01554	0.00864	0.01993	0.01185	0.02941	0.00975	0.01175	0.00766	0.00653	0.00497	0.00215	0.02720	0.00396	0.00412	0.00755
16	0.01513	0.01436	0.02410	0.35693	0.39218	0.01580	0.01976	0.01992	0.03736	0.02036	0.01304	0.01780	0.01039	0.00654	0.00681	0.00215	0.00849	0.00614	0.00335	0.00938
17	0.01301	0.01229	0.02054	0.71025	0.04580	0.01546	0.01882	0.01743	0.01353	0.01743	0.01202	0.01809	0.00911	0.00707	0.00755	0.00231	0.04257	0.00608	0.00304	0.00759
18	0.00881	0.00639	0.00832	0.00904	0.00999	0.00590	0.00632	0.01078	0.01553	0.02117	0.28671	0.45854	0.09010	0.01848	0.00845	0.00252	0.00367	0.01658	0.00678	0.00590
19	0.01713	0.01390	0.01577	0.01153	0.01746	0.01213	0.00933	0.18585	0.01867	0.02748	0.01322	0.01474	0.01051	0.00585	0.00551	0.00127	0.00568	0.00458	0.00475	0.60463
20	0.01372	0.03539	0.72412	0.01950	0.02961	0.01589	0.02528	0.02167	0.01444	0.02167	0.01228	0.01444	0.00867	0.00650	0.00650	0.00217	0.01011	0.00506	0.00289	0.01011
21	0.22532	0.01541	0.04530	0.08551	0.07010	0.05427	0.02995	0.02460	0.08117	0.18594	0.01604	0.01729	0.01172	0.00788	0.00811	0.00224	0.09921	0.00572	0.00504	0.00918
22	0.01483	0.01254	0.01453	0.01044	0.01649	0.00978	0.00837	0.05422	0.01517	0.02343	0.01239	0.01431	0.01022	0.00524	0.00516	0.00107	0.00520	0.00417	0.00421	0.75822
23	0.00977	0.00733	0.01100	0.01100	0.01222	0.00855	0.00855	0.01222	0.01100	0.01588	0.01833	0.02688	0.01710	0.05131	0.73245	0.01100	0.01833	0.00733	0.00367	0.00611
24	0.01458	0.01065	0.01243	0.01202	0.01488	0.01117	0.00973	0.04573	0.25221	0.08146	0.03746	0.08814	0.14204	0.01426	0.00803	0.00258	0.00540	0.22215	0.00674	0.00835
25	0.01105	0.00793	0.01031	0.01168	0.05058	0.00793	0.00783	0.04989	0.01372	0.01828	0.02862	0.26328	0.03233	0.26741	0.01795	0.02655	0.00587	0.15763	0.00536	0.00581
26	0.01503	0.04538	0.24342	0.05821	0.07088	0.01666	0.35748	0.02094	0.01526	0.02121	0.01513	0.01866	0.03696	0.00666	0.00771	0.00224	0.02848	0.00702	0.00335	0.00932

[dist]
# distance from previous block
# <min> <max>
0	1

[block]
# block no. 3 follows, 31 sequences, length 8
# corresponding to MSA columns:
# 585-592
name=unknown_D
#
# <colnr> <probs for GDERKNQSTAVLIFYWHMCP>
#	G	D	E	R	K	N	Q	S	T	A	V	L	I	F	Y	W	H	M	C	P
0	0.80789	0.01323	0.01006	0.00900	0.01323	0.01535	0.00741	0.02011	0.01164	0.03070	0.00953	0.01111	0.00741	0.00635	0.00423	0.00212	0.00529	0.00370	0.00423	0.00741
1	0.01572	0.02280	0.25947	0.02786	0.21954	0.01611	0.22632	0.04662	0.01567	0.02225	0.01306	0.01676	0.01007	0.00712	0.00811	0.04340	0.00968	0.00635	0.00336	0.00973
2	0.01433	0.06595	0.58877	0.02116	0.06106	0.01656	0.09485	0.02161	0.01465	0.02147	0.01234	0.01482	0.00895	0.00637	0.00658	0.00214	0.01004	0.00536	0.00297	0.00999
3	0.01454	0.00862	0.01142	0.01090	0.03704	0.00803	0.00802	0.01830	0.05173	0.16949	0.43443	0.08265	0.06997	0.01302	0.00781	0.00222	0.00419	0.03241	0.00741	0.00781
4	0.74542	0.01497	0.06623	0.00982	0.01452	0.01539	0.00881	0.02023	0.01186	0.02998	0.00974	0.01138	0.00751	0.00636	0.00441	0.00212	0.00567	0.00381	0.00413	0.00762
5	0.01514	0.01278	0.01523	0.06603	0.01899	0.01066	0.00937	0.07754	0.01575	0.02378	0.01254	0.01469	0.01019	0.00548	0.00536	0.00120	0.00559	0.00439	0.00423	0.67105
6	0.00847	0.00621	0.00795	0.00907	0.00987	0.00570	0.00621	0.00998	0.01420	0.01883	0.12502	0.57781	0.13558	0.01998	0.00857	0.00264	0.00381	0.01792	0.00650	0.00570
7	0.01332	0.01006	0.01323	0.01230	0.01485	0.00992	0.04689	0.13360	0.01763	0.02410	0.05056	0.29867	0.03208	0.01526	0.00799	0.00248	0.00561	0.16844	0.04424	0.07878

[dist]
# distance from previous block
# <min> <max>
0	1

[block]
# block no. 4 follows, 31 sequences, length 8
# corresponding to MSA columns:
# 594-601
name=unknown_E
#
# <colnr> <probs for GDERKNQSTAVLIFYWHMCP>
#	G	D	E	R	K	N	Q	S	T	A	V	L	I	F	Y	W	H	M	C	P
0	0.01563	0.23100	0.34976	0.02071	0.12228	0.01878	0.06935	0.02104	0.01457	0.02028	0.01171	0.01412	0.00920	0.00614	0.00600	0.00190	0.00891	0.00499	0.00307	0.05058
1	0.01222	0.00944	0.01051	0.00987	0.01221	0.03248	0.00738	0.06547	0.06105	0.04762	0.22847	0.22029	0.18127	0.01486	0.00780	0.00226	0.00442	0.01286	0.00660	0.05291
2	0.01559	0.01331	0.01573	0.01283	0.04890	0.01187	0.00970	0.06990	0.10515	0.02441	0.01441	0.01598	0.01162	0.00619	0.00626	0.00139	0.03703	0.00486	0.00456	0.57029
3	0.01490	0.09413	0.04088	0.01078	0.01391	0.01073	0.00880	0.03612	0.07405	0.13706	0.13107	0.25686	0.09091	0.01365	0.00739	0.00225	0.00498	0.01177	0.00635	0.03338
4	0.06168	0.03031	0.03778	0.04759	0.01335	0.04606	0.00779	0.01410	0.03469	0.01946	0.14408	0.16016	0.07628	0.23090	0.01529	0.00351	0.00577	0.01077	0.00517	0.03525
5	0.04959	0.04038	0.01831	0.03415	0.01952	0.05783	0.06091	0.18770	0.10095	0.15037	0.02362	0.04659	0.07905	0.00889	0.00672	0.00202	0.00677	0.00731	0.00601	0.09331
6	0.15621	0.05961	0.18511	0.04436	0.23099	0.01629	0.01704	0.05487	0.01509	0.02407	0.03312	0.01800	0.01212	0.00741	0.00719	0.00214	0.05446	0.02626	0.02640	0.00929
7	0.10937	0.01652	0.06016	0.01916	0.14185	0.06151	0.05591	0.06929	0.14765	0.02589	0.10838	0.02174	0.01911	0.00822	0.00740	0.00210	0.04526	0.00676	0.00497	0.06874

[dist]
# distance from previous block
# <min> <max>
16	39

[block]
# block no. 5 follows, 31 sequences, length 15
# corresponding to MSA columns:
# 652-666
name=unknown_F
#
# <colnr> <probs for GDERKNQSTAVLIFYWHMCP>
#	G	D	E	R	K	N	Q	S	T	A	V	L	I	F	Y	W	H	M	C	P
0	0.15054	0.10596	0.21675	0.12335	0.10595	0.06330	0.01660	0.02092	0.01480	0.05373	0.05704	0.01694	0.01275	0.00701	0.00605	0.00205	0.00811	0.00545	0.00379	0.00891
1	0.01229	0.03604	0.05759	0.08468	0.01619	0.04211	0.00972	0.04414	0.01432	0.01992	0.02572	0.31255	0.04179	0.05721	0.00972	0.00259	0.05151	0.01161	0.14357	0.00672
2	0.07627	0.04718	0.01770	0.01382	0.01815	0.05540	0.05442	0.08588	0.11266	0.28350	0.03870	0.06698	0.01906	0.00967	0.00731	0.00223	0.02478	0.04990	0.00656	0.00983
3	0.21360	0.01270	0.01410	0.06116	0.04224	0.01398	0.01014	0.07806	0.18152	0.10352	0.11419	0.03987	0.05199	0.00940	0.00683	0.00221	0.02209	0.00746	0.00600	0.00893
4	0.01116	0.00601	0.00853	0.00881	0.00895	0.00594	0.00584	0.00941	0.00997	0.01358	0.01758	0.15242	0.01892	0.07288	0.02311	0.56950	0.00552	0.00862	0.03958	0.00366
5	0.01918	0.01417	0.01607	0.01441	0.03322	0.01546	0.01143	0.24210	0.25347	0.07829	0.02700	0.05326	0.04455	0.01123	0.00747	0.00238	0.00625	0.13328	0.00678	0.00998
6	0.08370	0.40030	0.10754	0.01569	0.04871	0.06825	0.04955	0.03410	0.01428	0.01913	0.01033	0.01268	0.00890	0.00681	0.00718	0.00187	0.09447	0.00452	0.00320	0.00877
7	0.02211	0.01705	0.01956	0.01775	0.09765	0.01846	0.01293	0.45953	0.10662	0.03625	0.01859	0.06786	0.01484	0.00884	0.00689	0.00208	0.00698	0.00713	0.00629	0.05259
8	0.01571	0.01338	0.01453	0.06242	0.01684	0.09323	0.01036	0.07860	0.07144	0.05040	0.07911	0.02715	0.05009	0.09702	0.09721	0.00374	0.13120	0.00756	0.07242	0.00757
9	0.00846	0.00618	0.00796	0.00912	0.00988	0.00568	0.00623	0.00994	0.01409	0.01870	0.11702	0.59576	0.12556	0.02012	0.00858	0.00265	0.00383	0.01807	0.00648	0.00568
10	0.00969	0.01000	0.08881	0.01062	0.01275	0.00718	0.00858	0.01180	0.01324	0.01831	0.03116	0.55400	0.03614	0.05072	0.00922	0.00268	0.00490	0.01562	0.00560	0.09899
11	0.02047	0.11614	0.10590	0.02422	0.24864	0.19882	0.01647	0.02498	0.06082	0.09873	0.01433	0.01599	0.01114	0.00682	0.00631	0.00194	0.00889	0.00543	0.00410	0.00984
12	0.01681	0.03109	0.48255	0.02063	0.06424	0.09679	0.06501	0.10085	0.01724	0.02367	0.01270	0.01483	0.00925	0.00669	0.00662	0.00211	0.01005	0.00536	0.00348	0.01003
13	0.02037	0.04593	0.02043	0.10053	0.10532	0.29347	0.01432	0.11557	0.01828	0.02152	0.01308	0.04149	0.01119	0.00823	0.00851	0.00207	0.10617	0.00585	0.03907	0.00857
14	0.01305	0.01281	0.07309	0.01222	0.01445	0.05010	0.00994	0.09070	0.01545	0.02103	0.04219	0.35765	0.02872	0.06776	0.01125	0.00275	0.08873	0.01238	0.03357	0.04216

[dist]
# distance from previous block
# <min> <max>
25	149

[block]
# block no. 6 follows, 31 sequences, length 8
# corresponding to MSA columns:
# 843-850
name=unknown_G
#
# <colnr> <probs for GDERKNQSTAVLIFYWHMCP>
#	G	D	E	R	K	N	Q	S	T	A	V	L	I	F	Y	W	H	M	C	P
0	0.05350	0.01760	0.07348	0.17113	0.07583	0.06229	0.03507	0.22746	0.03459	0.06422	0.04528	0.01920	0.01355	0.03310	0.00802	0.00227	0.02543	0.00631	0.00494	0.02672
1	0.01490	0.01379	0.02378	0.25013	0.19969	0.01480	0.14735	0.03621	0.03531	0.02184	0.03813	0.02009	0.01316	0.00711	0.00733	0.00215	0.03142	0.00677	0.10735	0.00870
2	0.17564	0.04573	0.02227	0.20977	0.34236	0.05283	0.01698	0.02023	0.01443	0.02226	0.01176	0.01561	0.00953	0.00637	0.00615	0.00207	0.00799	0.00543	0.00346	0.00910
3	0.43168	0.01453	0.01603	0.04937	0.17280	0.01605	0.01176	0.12973	0.01614	0.02971	0.01431	0.01615	0.04204	0.00713	0.00552	0.00210	0.00637	0.00525	0.00452	0.00880
4	0.01543	0.12040	0.02320	0.49731	0.09999	0.09634	0.01751	0.01931	0.01451	0.01764	0.01168	0.01645	0.00919	0.00666	0.00642	0.00209	0.00913	0.00556	0.00311	0.00809
5	0.01247	0.01179	0.01829	0.49251	0.03610	0.04362	0.04873	0.01612	0.01390	0.01766	0.01859	0.20313	0.01825	0.01046	0.00735	0.00238	0.00808	0.00947	0.00391	0.00718
6	0.01176	0.00852	0.01040	0.01061	0.01206	0.00857	0.00761	0.13795	0.01723	0.02316	0.09415	0.55389	0.04068	0.01829	0.00832	0.00259	0.00457	0.01633	0.00655	0.00677
7	0.09590	0.00925	0.01226	0.06773	0.05986	0.00923	0.00930	0.01698	0.01755	0.10521	0.39681	0.04163	0.04303	0.01199	0.00749	0.00224	0.00480	0.07466	0.00657	0.00750

[dist]
# distance from previous block
# <min> <max>
1	19

[block]
# block no. 7 follows, 31 sequences, length 6
# corresponding to MSA columns:
# 871-876
name=unknown_H
#
# <colnr> <probs for GDERKNQSTAVLIFYWHMCP>
#	G	D	E	R	K	N	Q	S	T	A	V	L	I	F	Y	W	H	M	C	P
0	0.05668	0.02395	0.10317	0.08637	0.02242	0.33011	0.01394	0.04443	0.07749	0.02114	0.06911	0.01820	0.01474	0.00801	0.00722	0.00202	0.04819	0.00576	0.03872	0.00830
1	0.01623	0.01094	0.01228	0.01064	0.01384	0.01100	0.00824	0.15502	0.10452	0.12127	0.10932	0.07615	0.23510	0.07240	0.00970	0.00259	0.00510	0.01058	0.00676	0.00832
2	0.22169	0.08056	0.01762	0.07508	0.05046	0.07694	0.03970	0.13589	0.03484	0.02645	0.01610	0.01835	0.04068	0.01054	0.05688	0.00263	0.00783	0.00572	0.07364	0.00839
3	0.11067	0.07898	0.01858	0.29614	0.02821	0.01659	0.01340	0.13439	0.10753	0.02453	0.01738	0.02103	0.04136	0.05389	0.00810	0.00242	0.00736	0.00640	0.00454	0.00850
4	0.05302	0.21925	0.11848	0.01958	0.13771	0.14020	0.01532	0.02361	0.10626	0.02034	0.01301	0.01496	0.01068	0.00719	0.00729	0.00198	0.07303	0.00513	0.00370	0.00926
5	0.05017	0.01446	0.01458	0.07141	0.01768	0.14092	0.01083	0.05857	0.03256	0.05131	0.02458	0.20151	0.07110	0.03866	0.01077	0.00260	0.12521	0.05074	0.00501	0.00732

[dist]
# distance from previous block
# <min> <max>
78	132

[block]
# block no. 8 follows, 31 sequences, length 66
# corresponding to MSA columns:
# 1066-1083,1085-1132
name=unknown_I
#
# <colnr> <probs for GDERKNQSTAVLIFYWHMCP>
#	G	D	E	R	K	N	Q	S	T	A	V	L	I	F	Y	W	H	M	C	P
0	0.06763	0.09024	0.01818	0.01413	0.04794	0.09026	0.02881	0.12165	0.12605	0.17272	0.01942	0.01951	0.01423	0.00777	0.00611	0.00196	0.00664	0.00606	0.13105	0.00966
1	0.06251	0.01729	0.10329	0.10988	0.15063	0.05088	0.03648	0.10610	0.09210	0.05501	0.02100	0.02361	0.07293	0.00839	0.00674	0.00215	0.00751	0.02452	0.03964	0.00934
2	0.01353	0.01086	0.03570	0.01520	0.09717	0.01014	0.04853	0.06984	0.04619	0.05838	0.10921	0.22478	0.07450	0.05599	0.00926	0.00260	0.00565	0.05286	0.05192	0.00768
3	0.01837	0.01524	0.02066	0.01830	0.11086	0.01481	0.09424	0.24214	0.02082	0.02940	0.04219	0.01969	0.01408	0.00723	0.00649	0.00178	0.00697	0.02781	0.03224	0.25670
4	0.06318	0.01314	0.01520	0.09565	0.04364	0.03419	0.01110	0.05513	0.25625	0.10796	0.04791	0.06101	0.05922	0.00979	0.00689	0.00219	0.00602	0.03636	0.00602	0.06914
5	0.02030	0.01647	0.02171	0.01647	0.02180	0.01687	0.13421	0.37292	0.04592	0.03329	0.04685	0.06026	0.01565	0.00829	0.00694	0.00198	0.00740	0.00724	0.00578	0.13965
6	0.04593	0.01250	0.01582	0.01341	0.01752	0.01275	0.04206	0.07402	0.21714	0.26431	0.07445	0.03310	0.02387	0.01048	0.00735	0.00234	0.00596	0.10985	0.00715	0.00998
7	0.01727	0.08756	0.38565	0.01976	0.02775	0.06276	0.16039	0.02363	0.03381	0.09624	0.01426	0.01610	0.01025	0.00661	0.00669	0.00211	0.00974	0.00580	0.00376	0.00986
8	0.00857	0.00614	0.00815	0.00936	0.00998	0.00572	0.00637	0.01012	0.01420	0.01922	0.15698	0.63081	0.04866	0.02012	0.00862	0.00267	0.00384	0.01820	0.00656	0.00572
9	0.02601	0.01916	0.02053	0.01574	0.02122	0.02122	0.01300	0.69408	0.03217	0.04312	0.01643	0.01643	0.01163	0.00821	0.00684	0.00205	0.00753	0.00616	0.00684	0.01163
10	0.01275	0.00638	0.00638	0.00638	0.00797	0.00638	0.00478	0.01594	0.01435	0.02551	0.02232	0.02551	0.01754	0.00797	0.00478	0.00159	0.00319	0.00638	0.79755	0.00638
11	0.00947	0.00698	0.00885	0.00838	0.01009	0.00636	0.00629	0.01250	0.01886	0.02624	0.62732	0.05307	0.15125	0.01443	0.00807	0.00217	0.00326	0.01265	0.00737	0.00636
12	0.00809	0.00693	0.00693	0.00693	0.00924	0.00578	0.00520	0.00982	0.01559	0.01848	0.06931	0.06584	0.71411	0.01733	0.00809	0.00231	0.00347	0.01444	0.00635	0.00578
13	0.01275	0.00638	0.00638	0.00638	0.00797	0.00638	0.00478	0.01594	0.01435	0.02551	0.02232	0.02551	0.01754	0.00797	0.00478	0.00159	0.00319	0.00638	0.79755	0.00638
14	0.01168	0.00594	0.00886	0.00895	0.00897	0.00592	0.00597	0.00895	0.00915	0.01220	0.01335	0.06260	0.01378	0.02363	0.02571	0.75551	0.00583	0.00671	0.00316	0.00312
15	0.01659	0.01433	0.01506	0.01359	0.01738	0.01648	0.01056	0.03509	0.67163	0.02813	0.02983	0.02745	0.05399	0.00967	0.00702	0.00232	0.00532	0.00805	0.00693	0.01059
16	0.05059	0.35060	0.35430	0.01556	0.02319	0.06149	0.01793	0.02141	0.01437	0.01936	0.01086	0.01267	0.00867	0.00624	0.00547	0.00184	0.00882	0.00435	0.00300	0.00929
17	0.00993	0.00672	0.00792	0.00792	0.00808	0.00688	0.00472	0.01024	0.01008	0.01361	0.02114	0.04245	0.02386	0.66762	0.12539	0.00720	0.00815	0.00961	0.00408	0.00440
18	0.02601	0.01916	0.02053	0.01574	0.02122	0.02122	0.01300	0.69408	0.03217	0.04312	0.01643	0.01643	0.01163	0.00821	0.00684	0.00205	0.00753	0.00616	0.00684	0.01163
19	0.02499	0.01830	0.01977	0.01520	0.02064	0.01994	0.01251	0.60221	0.06200	0.06074	0.01700	0.01691	0.01213	0.00807	0.00674	0.00200	0.00723	0.00612	0.00672	0.06078
20	0.01904	0.01550	0.01640	0.01402	0.01825	0.01754	0.01111	0.22151	0.47244	0.03213	0.02708	0.02535	0.05970	0.00946	0.00700	0.00224	0.00590	0.00769	0.00689	0.01076
21	0.01292	0.01216	0.02052	0.74312	0.04712	0.01520	0.01900	0.01748	0.01368	0.01748	0.01216	0.01824	0.00912	0.00684	0.00684	0.00228	0.00912	0.00608	0.00304	0.00760
22	0.80789	0.01323	0.01006	0.00900	0.01323	0.01535	0.00741	0.02011	0.01164	0.03070	0.00953	0.01111	0.00741	0.00635	0.00423	0.00212	0.00529	0.00370	0.00423	0.00741
23	0.00898	0.00693	0.00819	0.00795	0.00981	0.00614	0.00593	0.01151	0.01758	0.02338	0.42335	0.08269	0.33160	0.01563	0.00810	0.00224	0.00335	0.01348	0.00700	0.00614
24	0.00834	0.00595	0.00794	0.00953	0.00992	0.00556	0.00635	0.00953	0.01310	0.01746	0.03771	0.75510	0.04525	0.02143	0.00873	0.00278	0.00397	0.01945	0.00635	0.00556
25	0.01534	0.01212	0.01430	0.01028	0.01630	0.00919	0.00824	0.01835	0.01456	0.07114	0.01320	0.01482	0.01061	0.00530	0.00519	0.00109	0.00512	0.00425	0.00436	0.74623
26	0.01275	0.00638	0.00638	0.00638	0.00797	0.00638	0.00478	0.01594	0.01435	0.02551	0.02232	0.02551	0.01754	0.00797	0.00478	0.00159	0.00319	0.00638	0.79755	0.00638
27	0.80789	0.01323	0.01006	0.00900	0.01323	0.01535	0.00741	0.02011	0.01164	0.03070	0.00953	0.01111	0.00741	0.00635	0.00423	0.00212	0.00529	0.00370	0.00423	0.00741
28	0.01497	0.01497	0.02095	0.01796	0.01796	0.02095	0.01497	0.01646	0.01048	0.01646	0.00898	0.01497	0.00898	0.01197	0.02245	0.00299	0.74704	0.00599	0.00299	0.00748
29	0.01339	0.01241	0.02052	0.71676	0.04618	0.01542	0.01878	0.04200	0.01435	0.01841	0.01231	0.01817	0.00921	0.00689	0.00684	0.00227	0.00906	0.00608	0.00318	0.00775
30	0.00994	0.00667	0.00763	0.00763	0.00768	0.00672	0.00435	0.01005	0.01000	0.01339	0.02141	0.04394	0.02451	0.72658	0.06732	0.00684	0.00718	0.00983	0.00412	0.00424
31	0.01275	0.00638	0.00638	0.00638	0.00797	0.00638	0.00478	0.01594	0.01435	0.02551	0.02232	0.02551	0.01754	0.00797	0.00478	0.00159	0.00319	0.00638	0.79755	0.00638
32	0.00981	0.00717	0.01018	0.01018	0.01112	0.00811	0.00753	0.01169	0.01075	0.01528	0.01907	0.03101	0.01890	0.21496	0.57126	0.00999	0.01562	0.00794	0.00378	0.00565
33	0.02384	0.01763	0.01909	0.01491	0.01995	0.01922	0.01217	0.60010	0.02959	0.03981	0.01817	0.08370	0.01463	0.00927	0.00693	0.00207	0.00709	0.00727	0.00667	0.04786
34	0.01275	0.00638	0.00638	0.00638	0.00797	0.00638	0.00478	0.01594	0.01435	0.02551	0.02232	0.02551	0.01754	0.00797	0.00478	0.00159	0.00319	0.00638	0.79755	0.00638
35	0.00809	0.00693	0.00693	0.00693	0.00924	0.00578	0.00520	0.00982	0.01559	0.01848	0.06931	0.06584	0.71411	0.01733	0.00809	0.00231	0.00347	0.01444	0.00635	0.00578
36	0.01506	0.01954	0.13245	0.05721	0.03298	0.01627	0.49873	0.02062	0.01541	0.02120	0.01513	0.07110	0.01257	0.00724	0.00828	0.00234	0.03302	0.00832	0.00356	0.00896
37	0.14099	0.04258	0.06655	0.02003	0.13983	0.17886	0.04322	0.12215	0.13370	0.02617	0.01477	0.01610	0.01143	0.00720	0.00626	0.00204	0.00836	0.00558	0.00460	0.00959
38	0.01188	0.00594	0.00891	0.00891	0.00891	0.00594	0.00594	0.00891	0.00891	0.01188	0.01188	0.02080	0.01188	0.02377	0.02674	0.80095	0.00594	0.00594	0.00297	0.00297
39	0.02889	0.01162	0.01557	0.01206	0.01708	0.01027	0.00991	0.06084	0.02012	0.63909	0.07863	0.02510	0.02032	0.00888	0.00697	0.00212	0.00570	0.00727	0.00833	0.01125
40	0.04827	0.63840	0.03270	0.01240	0.01788	0.12087	0.01175	0.02139	0.01455	0.01672	0.00965	0.01116	0.00873	0.00603	0.00462	0.00153	0.00791	0.00376	0.00305	0.00862
41	0.01523	0.01369	0.01978	0.14547	0.04912	0.01738	0.04574	0.06817	0.01373	0.02052	0.01252	0.01750	0.01065	0.00966	0.01455	0.00251	0.38488	0.00618	0.12487	0.00786
42	0.00994	0.00710	0.00979	0.01137	0.01247	0.00694	0.00915	0.01231	0.01468	0.01927	0.03682	0.34936	0.04173	0.01992	0.00916	0.00300	0.00536	0.40930	0.00632	0.00600
43	0.05044	0.01171	0.01407	0.01146	0.01549	0.01144	0.00923	0.15710	0.04733	0.29559	0.20467	0.03239	0.08810	0.01056	0.00719	0.00214	0.00525	0.00872	0.00751	0.00961
44	0.02619	0.01887	0.02035	0.01560	0.02107	0.02078	0.01289	0.66846	0.03168	0.06943	0.01684	0.01669	0.01184	0.00822	0.00685	0.00206	0.00746	0.00619	0.00691	0.01163
45	0.01653	0.01817	0.14500	0.35321	0.09305	0.01662	0.01840	0.18543	0.01872	0.02528	0.03555	0.01805	0.01157	0.00728	0.00681	0.00218	0.00863	0.00612	0.00412	0.00928
46	0.24092	0.01423	0.05790	0.43448	0.06493	0.01555	0.01591	0.04348	0.01390	0.02265	0.01160	0.01586	0.00877	0.00670	0.00607	0.00221	0.00798	0.00535	0.00353	0.00798
47	0.01690	0.01629	0.02783	0.04013	0.65362	0.01634	0.05259	0.02172	0.04590	0.02261	0.01357	0.01738	0.01126	0.00622	0.00684	0.00206	0.00817	0.00626	0.00355	0.01076
48	0.01464	0.01126	0.01395	0.01561	0.13705	0.03674	0.00997	0.01995	0.12473	0.10070	0.20073	0.03996	0.19858	0.03561	0.00832	0.00232	0.00522	0.01006	0.00627	0.00830
49	0.02357	0.01728	0.01877	0.01468	0.01992	0.01869	0.01199	0.47606	0.14845	0.07732	0.01864	0.01821	0.01343	0.00812	0.00670	0.00201	0.00682	0.00628	0.00669	0.08636
50	0.01738	0.01415	0.01531	0.03683	0.01834	0.01622	0.01082	0.03483	0.62363	0.06124	0.02709	0.02518	0.02019	0.00912	0.00687	0.00228	0.00547	0.00759	0.03685	0.01060
51	0.01275	0.00638	0.00638	0.00638	0.00797	0.00638	0.00478	0.01594	0.01435	0.02551	0.02232	0.02551	0.01754	0.00797	0.00478	0.00159	0.00319	0.00638	0.79755	0.00638
52	0.01419	0.01216	0.01419	0.01013	0.01621	0.00912	0.00811	0.01723	0.01419	0.02229	0.01216	0.01419	0.01013	0.00507	0.00507	0.00101	0.00507	0.00405	0.00405	0.80139
53	0.00834	0.00595	0.00794	0.00953	0.00992	0.00556	0.00635	0.00953	0.01310	0.01746	0.03771	0.75510	0.04525	0.02143	0.00873	0.00278	0.00397	0.01945	0.00635	0.00556
54	0.01275	0.00638	0.00638	0.00638	0.00797	0.00638	0.00478	0.01594	0.01435	0.02551	0.02232	0.02551	0.01754	0.00797	0.00478	0.00159	0.00319	0.00638	0.79755	0.00638
55	0.01693	0.01626	0.02777	0.04199	0.71689	0.01626	0.02100	0.02100	0.01558	0.02235	0.01287	0.01693	0.01084	0.00610	0.00677	0.00203	0.00813	0.00610	0.00339	0.01084
56	0.02623	0.01256	0.01570	0.01247	0.01716	0.01208	0.01009	0.11975	0.10824	0.47259	0.06452	0.02517	0.01978	0.04120	0.00816	0.00233	0.00588	0.00734	0.00782	0.01092
57	0.02414	0.02002	0.01923	0.01530	0.02030	0.12195	0.01237	0.49916	0.07062	0.03650	0.01809	0.01817	0.03833	0.00831	0.00672	0.00199	0.00782	0.00622	0.00622	0.04854
58	0.00995	0.00663	0.00746	0.00746	0.00746	0.00663	0.00415	0.00995	0.00995	0.01327	0.02156	0.04477	0.02487	0.75957	0.03482	0.00663	0.00663	0.00995	0.00415	0.00415
59	0.01393	0.01055	0.01154	0.01054	0.01331	0.03721	0.00821	0.05341	0.15938	0.07812	0.27823	0.04533	0.18687	0.01308	0.00771	0.00226	0.00467	0.05076	0.00697	0.00790
60	0.02219	0.01475	0.01703	0.01455	0.04434	0.01580	0.01118	0.32478	0.14469	0.14246	0.05209	0.02145	0.01672	0.01031	0.00903	0.08867	0.00643	0.00682	0.02656	0.01015
61	0.00818	0.00693	0.00706	0.00703	0.00930	0.00581	0.00527	0.00999	0.01581	0.01899	0.10597	0.06500	0.67713	0.01714	0.00808	0.00230	0.00345	0.01432	0.00642	0.00581
62	0.01784	0.01504	0.01682	0.10268	0.02185	0.01741	0.01214	0.13039	0.52222	0.02939	0.02427	0.02331	0.01810	0.00883	0.00693	0.00228	0.00617	0.00730	0.00647	0.01055
63	0.01693	0.01626	0.02777	0.04199	0.71689	0.01626	0.02100	0.02100	0.01558	0.02235	0.01287	0.01693	0.01084	0.00610	0.00677	0.00203	0.00813	0.00610	0.00339	0.01084
64	0.00941	0.00703	0.00871	0.00847	0.01019	0.00640	0.00642	0.01218	0.01792	0.02438	0.49105	0.05625	0.21392	0.03893	0.00903	0.00240	0.00361	0.06045	0.00706	0.00621
65	0.01573	0.35482	0.42224	0.01608	0.02432	0.02079	0.01932	0.02115	0.01421	0.01922	0.01106	0.01292	0.00872	0.00622	0.00557	0.00186	0.00889	0.00444	0.00291	0.00953

[dist]
# distance from previous block
# <min> <max>
0	1

[block]
# block no. 9 follows, 31 sequences, length 12
# corresponding to MSA columns:
# 1134-1136,1141-1149
name=unknown_J
#
# <colnr> <probs for GDERKNQSTAVLIFYWHMCP>
#	G	D	E	R	K	N	Q	S	T	A	V	L	I	F	Y	W	H	M	C	P
0	0.02865	0.01213	0.01590	0.01230	0.01735	0.01101	0.01012	0.10411	0.02094	0.59697	0.07573	0.02456	0.01982	0.00884	0.00696	0.00211	0.00582	0.00720	0.00822	0.01126
1	0.16632	0.09149	0.01487	0.01046	0.01463	0.01281	0.00868	0.09473	0.01803	0.22484	0.10256	0.03071	0.16264	0.01018	0.00649	0.00208	0.00531	0.00801	0.00638	0.00879
2	0.10448	0.01428	0.01516	0.01254	0.01704	0.01511	0.01011	0.22253	0.19822	0.03047	0.02281	0.02451	0.06855	0.01015	0.02808	0.00227	0.00624	0.03528	0.00592	0.15627
3	0.02444	0.01576	0.01763	0.01379	0.01874	0.01661	0.01128	0.43662	0.04728	0.17941	0.02202	0.04328	0.04459	0.00899	0.00682	0.00206	0.00656	0.00707	0.04186	0.03521
4	0.01779	0.68404	0.11111	0.01256	0.01888	0.02585	0.01319	0.02061	0.01396	0.01671	0.00981	0.01135	0.00877	0.00592	0.00462	0.00154	0.00762	0.00381	0.00292	0.00893
5	0.01615	0.01845	0.04037	0.02884	0.03576	0.01730	0.69204	0.02191	0.01615	0.02191	0.01384	0.01845	0.01038	0.00577	0.00807	0.00231	0.01153	0.00807	0.00346	0.00923
6	0.01765	0.01784	0.02638	0.08253	0.59730	0.09670	0.02000	0.02149	0.01589	0.02142	0.01257	0.01650	0.01050	0.00625	0.00671	0.00202	0.00866	0.00590	0.00338	0.01031
7	0.00809	0.00693	0.00693	0.00693	0.00924	0.00578	0.00520	0.00982	0.01559	0.01848	0.06931	0.06584	0.71411	0.01733	0.00809	0.00231	0.00347	0.01444	0.00635	0.00578
8	0.00980	0.00722	0.01043	0.01043	0.01146	0.00825	0.00785	0.01186	0.01083	0.01547	0.01884	0.02973	0.01834	0.16405	0.62141	0.01030	0.01646	0.00775	0.00374	0.00580
9	0.02475	0.01854	0.01982	0.01549	0.02074	0.02063	0.01270	0.60206	0.12623	0.04109	0.01802	0.01770	0.01293	0.00836	0.00686	0.00209	0.00723	0.00638	0.00686	0.01152
10	0.01615	0.01845	0.04037	0.02884	0.03576	0.01730	0.69204	0.02191	0.01615	0.02191	0.01384	0.01845	0.01038	0.00577	0.00807	0.00231	0.01153	0.00807	0.00346	0.00923
11	0.01760	0.01499	0.01580	0.01404	0.01801	0.01729	0.01097	0.07904	0.66089	0.02956	0.02710	0.02493	0.02028	0.00921	0.00695	0.00230	0.00555	0.00763	0.00695	0.01088

[dist]
# distance from previous block
# <min> <max>
0	1

[block]
# block no. 10 follows, 31 sequences, length 6
# corresponding to MSA columns:
# 1151-1156
name=unknown_K
#
# <colnr> <probs for GDERKNQSTAVLIFYWHMCP>
#	G	D	E	R	K	N	Q	S	T	A	V	L	I	F	Y	W	H	M	C	P
0	0.00866	0.00700	0.00762	0.00765	0.00968	0.00609	0.00578	0.01064	0.01588	0.01974	0.16383	0.06329	0.52423	0.05728	0.00964	0.00259	0.00382	0.06435	0.00641	0.00583
1	0.01419	0.01216	0.01419	0.01013	0.01621	0.00912	0.00811	0.01723	0.01419	0.02229	0.01216	0.01419	0.01013	0.00507	0.00507	0.00101	0.00507	0.00405	0.00405	0.80139
2	0.01551	0.16209	0.10755	0.03642	0.01718	0.01565	0.01164	0.09084	0.06847	0.02303	0.01659	0.02005	0.01361	0.03844	0.07300	0.00290	0.06328	0.00593	0.20956	0.00825
3	0.08583	0.08483	0.01893	0.01453	0.04740	0.06844	0.03963	0.10200	0.01819	0.26899	0.01989	0.09393	0.01587	0.00901	0.00718	0.00207	0.03809	0.00718	0.00593	0.05209
4	0.02197	0.01916	0.01874	0.01525	0.01992	0.16149	0.04392	0.24483	0.16655	0.07208	0.01751	0.01793	0.01311	0.00830	0.00731	0.03097	0.00780	0.00602	0.00567	0.10147
5	0.07136	0.01727	0.01937	0.01661	0.08075	0.01822	0.01247	0.47050	0.02618	0.03675	0.01491	0.01573	0.01103	0.00734	0.00635	0.00187	0.00700	0.00562	0.00587	0.15481

[dist]
# distance from previous block
# <min> <max>
14	19

[block]
# block no. 11 follows, 31 sequences, length 9
# corresponding to MSA columns:
# 1177-1185
name=unknown_L
#
# <colnr> <probs for GDERKNQSTAVLIFYWHMCP>
#	G	D	E	R	K	N	Q	S	T	A	V	L	I	F	Y	W	H	M	C	P
0	0.01873	0.01903	0.07359	0.01991	0.02563	0.09843	0.27594	0.08873	0.07713	0.08537	0.01725	0.06238	0.01377	0.00762	0.00717	0.00210	0.00903	0.00742	0.00473	0.08605
1	0.01718	0.01426	0.01424	0.01211	0.01565	0.08857	0.00935	0.23768	0.02020	0.02626	0.02590	0.15574	0.11472	0.01257	0.00871	0.07077	0.00630	0.00916	0.00555	0.13506
2	0.06742	0.01443	0.01572	0.01301	0.01712	0.01539	0.01029	0.33287	0.10849	0.06155	0.02158	0.15267	0.01925	0.03971	0.00798	0.00231	0.00616	0.00862	0.00633	0.07912
3	0.16089	0.01269	0.01525	0.18734	0.02316	0.01401	0.01156	0.11121	0.11252	0.09699	0.04876	0.10008	0.01795	0.00925	0.00655	0.00219	0.00634	0.00760	0.00547	0.05020
4	0.05298	0.07771	0.06079	0.01342	0.01804	0.01265	0.07632	0.04617	0.06590	0.26973	0.16152	0.06940	0.02609	0.00970	0.00700	0.00214	0.00614	0.00836	0.00652	0.00943
5	0.09562	0.01569	0.04660	0.01392	0.01900	0.01521	0.05955	0.23012	0.08215	0.06136	0.01611	0.01874	0.01270	0.06552	0.00882	0.00224	0.02547	0.00597	0.00529	0.19995
6	0.09068	0.00915	0.01115	0.00950	0.01265	0.00833	0.00743	0.01790	0.01794	0.15261	0.42426	0.03711	0.04290	0.01102	0.00707	0.00198	0.00415	0.00939	0.00690	0.11789
7	0.01295	0.00718	0.00746	0.00690	0.00912	0.00676	0.00524	0.01612	0.01432	0.02506	0.02091	0.02393	0.01651	0.00757	0.00482	0.00151	0.00345	0.00605	0.68734	0.11679
8	0.05766	0.01094	0.01215	0.01060	0.01321	0.01180	0.00814	0.22074	0.01864	0.02687	0.06817	0.02991	0.06234	0.15344	0.14442	0.00448	0.00804	0.00789	0.12302	0.00755

[dist]
# distance from previous block
# <min> <max>
0	4

[block]
# block no. 12 follows, 31 sequences, length 22
# corresponding to MSA columns:
# 1190-1211
name=unknown_M
#
# <colnr> <probs for GDERKNQSTAVLIFYWHMCP>
#	G	D	E	R	K	N	Q	S	T	A	V	L	I	F	Y	W	H	M	C	P
0	0.01347	0.01183	0.01842	0.37757	0.03234	0.01377	0.05206	0.05309	0.05817	0.02047	0.02037	0.06123	0.01907	0.01083	0.00831	0.00254	0.03936	0.17496	0.00445	0.00769
1	0.01372	0.03539	0.72412	0.01950	0.02961	0.01589	0.02528	0.02167	0.01444	0.02167	0.01228	0.01444	0.00867	0.00650	0.00650	0.00217	0.01011	0.00506	0.00289	0.01011
