[name]
unknown

[dist]
# distance from previous block
# <min> <max>
0	183

[block]
# block no. 0 follows, 46 sequences, length 19
# corresponding to MSA columns:
# 202-220
name=unknown_A
#
# <colnr> <probs for GDERKNQSTAVLIFYWHMCP>
#	G	D	E	R	K	N	Q	S	T	A	V	L	I	F	Y	W	H	M	C	P
0	0.07513	0.01079	0.04938	0.06345	0.20075	0.04373	0.00995	0.06041	0.04692	0.04768	0.12039	0.07731	0.04141	0.05146	0.00704	0.01839	0.01872	0.02135	0.00384	0.03189
1	0.03293	0.00647	0.00822	0.02617	0.00940	0.00665	0.02030	0.04748	0.05408	0.01453	0.06934	0.19597	0.08906	0.14634	0.04352	0.17189	0.02200	0.00837	0.00388	0.02339
2	0.04852	0.00965	0.01109	0.03405	0.01219	0.07198	0.02932	0.01402	0.12013	0.01560	0.03008	0.20566	0.06259	0.02156	0.00894	0.01592	0.19076	0.03439	0.05796	0.00560
3	0.02674	0.00959	0.03450	0.02471	0.01324	0.03946	0.11615	0.06232	0.05225	0.01806	0.19133	0.13592	0.08237	0.04108	0.00741	0.00188	0.05872	0.00802	0.04225	0.03401
4	0.01230	0.12954	0.01924	0.03643	0.06097	0.02666	0.21943	0.07388	0.01202	0.03377	0.01347	0.01817	0.04998	0.13704	0.02068	0.01874	0.02841	0.00554	0.00313	0.08061
5	0.01224	0.06131	0.01301	0.03552	0.15272	0.01032	0.00863	0.09513	0.15111	0.06115	0.08179	0.04969	0.12437	0.03778	0.00719	0.05699	0.00457	0.00662	0.02319	0.00667
6	0.01438	0.00907	0.01351	0.32051	0.08781	0.02575	0.01085	0.01692	0.01226	0.26562	0.01659	0.13369	0.01390	0.00758	0.00555	0.00177	0.00555	0.02763	0.00420	0.00685
7	0.10948	0.00997	0.01124	0.10068	0.01458	0.01075	0.00786	0.26227	0.03078	0.06407	0.01328	0.03208	0.01037	0.02050	0.00580	0.04339	0.00470	0.00478	0.17696	0.06648
8	0.00716	0.00595	0.00641	0.00590	0.00796	0.00494	0.00443	0.00873	0.01205	0.01539	0.13479	0.04287	0.54148	0.04774	0.00683	0.00177	0.00295	0.00962	0.00468	0.12835
9	0.01907	0.01430	0.01529	0.01196	0.01600	0.01592	0.00980	0.65540	0.13472	0.03167	0.01399	0.01373	0.01004	0.00647	0.00530	0.00162	0.00558	0.00494	0.00530	0.00890
10	0.02007	0.01553	0.01580	0.01226	0.01639	0.07010	0.01006	0.71226	0.02417	0.03191	0.01238	0.01247	0.00884	0.00628	0.00525	0.00157	0.00607	0.00467	0.00511	0.00879
11	0.00644	0.00460	0.00613	0.00736	0.00767	0.00429	0.00491	0.00736	0.01012	0.01350	0.02914	0.81076	0.03497	0.01656	0.00675	0.00215	0.00307	0.01503	0.00491	0.00429
12	0.01261	0.01214	0.02090	0.14531	0.65103	0.01246	0.03642	0.01584	0.01183	0.01671	0.00988	0.01327	0.00817	0.00479	0.00527	0.00160	0.00647	0.00475	0.00258	0.00797
13	0.00748	0.00540	0.00707	0.00665	0.00790	0.00499	0.00499	0.00998	0.01496	0.02120	0.77844	0.03949	0.04988	0.01081	0.00624	0.00166	0.00249	0.00956	0.00582	0.00499
14	0.01200	0.00855	0.03438	0.12549	0.03289	0.00780	0.00817	0.01457	0.01303	0.16411	0.28305	0.02368	0.03884	0.00753	0.00592	0.00153	0.04019	0.00633	0.00457	0.16737
15	0.00967	0.00601	0.01046	0.00915	0.00994	0.00588	0.11602	0.00837	0.00771	0.01032	0.00941	0.01580	0.00901	0.01632	0.01854	0.72197	0.00523	0.00483	0.00235	0.00301
16	0.01408	0.01204	0.01778	0.51614	0.15001	0.01289	0.01473	0.01585	0.01332	0.01800	0.01648	0.13660	0.01529	0.00957	0.00722	0.00253	0.00758	0.00752	0.00420	0.00815
17	0.06652	0.01181	0.01951	0.17677	0.59020	0.01236	0.01526	0.01566	0.01156	0.01697	0.00967	0.01299	0.00795	0.00483	0.00512	0.00161	0.00628	0.00459	0.00261	0.00773
18	0.06757	0.64916	0.13809	0.00980	0.01472	0.01906	0.01037	0.01595	0.01069	0.01380	0.00766	0.00888	0.00670	0.00462	0.00362	0.00124	0.00587	0.00299	0.00232	0.00687

[dist]
# distance from previous block
# <min> <max>
0	1

[block]
# block no. 1 follows, 46 sequences, length 16
# corresponding to MSA columns:
# 222-237
name=unknown_B
#
# <colnr> <probs for GDERKNQSTAVLIFYWHMCP>
#	G	D	E	R	K	N	Q	S	T	A	V	L	I	F	Y	W	H	M	C	P
0	0.01273	0.01024	0.04119	0.12372	0.01707	0.00939	0.05583	0.06972	0.05384	0.10996	0.10214	0.01670	0.01388	0.00671	0.01784	0.02064	0.03069	0.00499	0.00391	0.27881
1	0.01429	0.10490	0.01687	0.09776	0.27408	0.01143	0.01129	0.01729	0.04608	0.18426	0.04738	0.08173	0.01379	0.00685	0.00568	0.00166	0.03299	0.02037	0.00389	0.00743
2	0.00659	0.00466	0.00609	0.00717	0.00744	0.00439	0.00471	0.00740	0.00984	0.01311	0.02767	0.71951	0.03311	0.11033	0.00912	0.00250	0.00331	0.01417	0.00471	0.00417
3	0.01413	0.81739	0.02770	0.00905	0.01357	0.02092	0.00905	0.01583	0.01074	0.01244	0.00735	0.00848	0.00678	0.00452	0.00339	0.00113	0.00565	0.00283	0.00226	0.00678
4	0.01593	0.10868	0.08340	0.04286	0.03708	0.04922	0.24021	0.11073	0.04166	0.17621	0.01291	0.01438	0.00943	0.02639	0.00588	0.00170	0.00678	0.00508	0.00381	0.00764
5	0.02070	0.00874	0.01142	0.00896	0.01266	0.00775	0.00733	0.06522	0.01532	0.61579	0.05934	0.02255	0.10461	0.00753	0.00547	0.00165	0.00427	0.00617	0.00625	0.00828
6	0.00625	0.00536	0.00536	0.00536	0.00714	0.00446	0.00402	0.00759	0.01205	0.01428	0.05355	0.05088	0.77909	0.01339	0.00625	0.00179	0.00268	0.01116	0.00491	0.00446
7	0.01120	0.10577	0.55266	0.01461	0.04845	0.01286	0.04362	0.03408	0.04417	0.01674	0.01114	0.06123	0.00903	0.00578	0.00503	0.00165	0.00707	0.00471	0.00264	0.00753
8	0.01391	0.05559	0.01686	0.34021	0.06940	0.24089	0.04110	0.01643	0.01193	0.04149	0.00932	0.01249	0.00742	0.00638	0.02339	0.00179	0.07817	0.00432	0.00264	0.00627
9	0.01366	0.67431	0.11596	0.00986	0.01467	0.01942	0.01024	0.01670	0.05818	0.01355	0.00848	0.00950	0.00736	0.00475	0.00371	0.00124	0.00582	0.00315	0.00245	0.00700
10	0.01294	0.01211	0.02007	0.17431	0.59498	0.01265	0.01555	0.06227	0.01256	0.01757	0.01001	0.01325	0.00817	0.00492	0.00525	0.00161	0.00639	0.00471	0.00273	0.00795
11	0.08014	0.01041	0.01698	0.34824	0.25489	0.01147	0.06144	0.01449	0.01117	0.02886	0.03717	0.05111	0.01029	0.00582	0.00548	0.00170	0.02181	0.00528	0.00285	0.02040
12	0.00871	0.00541	0.00759	0.00757	0.00816	0.00576	0.00542	0.00906	0.00846	0.04488	0.01518	0.11420	0.01550	0.14899	0.30710	0.23325	0.02334	0.00674	0.02069	0.00399
13	0.06451	0.01159	0.01768	0.27950	0.35684	0.03936	0.02568	0.04740	0.01174	0.01660	0.00977	0.01332	0.00792	0.00677	0.04205	0.00198	0.03293	0.00461	0.00269	0.00706
14	0.00834	0.00750	0.01240	0.01088	0.01267	0.00728	0.17584	0.01080	0.04398	0.01496	0.04662	0.42515	0.13132	0.01250	0.00693	0.00200	0.03699	0.02429	0.00434	0.00522
15	0.01241	0.00609	0.00694	0.00623	0.00811	0.00585	0.00483	0.04043	0.01280	0.16262	0.10822	0.02231	0.03804	0.00698	0.00442	0.00138	0.00297	0.00571	0.53786	0.00582

[dist]
# distance from previous block
# <min> <max>
0	1

[block]
# block no. 2 follows, 46 sequences, length 30
# corresponding to MSA columns:
# 239-268
name=unknown_C
#
# <colnr> <probs for GDERKNQSTAVLIFYWHMCP>
#	G	D	E	R	K	N	Q	S	T	A	V	L	I	F	Y	W	H	M	C	P
0	0.01914	0.00993	0.01216	0.00977	0.01322	0.00968	0.00785	0.24048	0.01693	0.39925	0.01944	0.14902	0.01550	0.02220	0.00589	0.00174	0.00464	0.00676	0.00575	0.03066
1	0.01064	0.01006	0.01704	0.63937	0.19344	0.01192	0.01501	0.01408	0.01088	0.01430	0.00951	0.01388	0.00733	0.00516	0.00527	0.00172	0.00689	0.00470	0.00241	0.00640
2	0.00807	0.00547	0.00701	0.00677	0.00808	0.00497	0.00502	0.01015	0.01386	0.06131	0.53280	0.16343	0.12951	0.01179	0.00627	0.00175	0.00272	0.01039	0.00561	0.00504
3	0.00830	0.00658	0.00932	0.01088	0.13708	0.00620	0.00679	0.01077	0.01413	0.01983	0.57623	0.05529	0.09788	0.01013	0.00608	0.00167	0.00316	0.00901	0.00519	0.00550
4	0.01199	0.14578	0.02020	0.34413	0.34728	0.01362	0.01439	0.01504	0.01122	0.01492	0.00929	0.01273	0.00756	0.00491	0.00495	0.00158	0.00649	0.00439	0.00245	0.00708
5	0.00991	0.02354	0.65634	0.01378	0.02034	0.01094	0.01709	0.01517	0.01099	0.01620	0.01277	0.14480	0.01142	0.00695	0.00531	0.00175	0.00702	0.00577	0.00268	0.00722
6	0.00731	0.00527	0.00691	0.00677	0.00786	0.00487	0.00497	0.00954	0.01416	0.01991	0.65321	0.16839	0.04739	0.01177	0.00632	0.00174	0.00259	0.01047	0.00567	0.00487
7	0.00653	0.00467	0.00622	0.00730	0.00769	0.00436	0.00491	0.00759	0.01055	0.01417	0.09517	0.74280	0.03628	0.01606	0.00670	0.00210	0.00302	0.01455	0.00499	0.00436
8	0.01795	0.01637	0.01311	0.01213	0.04343	0.37261	0.00894	0.08487	0.01482	0.18659	0.01498	0.14075	0.01315	0.00843	0.02621	0.00177	0.00705	0.00593	0.00415	0.00677
9	0.01271	0.15501	0.42657	0.01377	0.01987	0.01408	0.08088	0.13613	0.01362	0.01895	0.05218	0.01280	0.00958	0.00542	0.00497	0.00158	0.00694	0.00438	0.00296	0.00761
10	0.01167	0.00937	0.01103	0.00792	0.01258	0.00709	0.00635	0.01400	0.01119	0.05959	0.01003	0.01135	0.00812	0.00406	0.00399	0.00083	0.00395	0.00325	0.00332	0.80031
11	0.61561	0.01480	0.13880	0.00907	0.01304	0.10151	0.00855	0.01638	0.01004	0.02132	0.00781	0.00913	0.00601	0.00499	0.00374	0.00161	0.00534	0.00310	0.00304	0.00612
12	0.01222	0.14728	0.02614	0.17035	0.04847	0.01452	0.40859	0.01572	0.01145	0.01519	0.00956	0.01301	0.00755	0.00502	0.00645	0.00171	0.07231	0.00519	0.00251	0.00676
13	0.02328	0.00839	0.01080	0.15216	0.02740	0.00876	0.00793	0.13847	0.02456	0.07797	0.28776	0.02424	0.02432	0.03411	0.00610	0.00169	0.00429	0.00652	0.07865	0.05260
14	0.00686	0.00536	0.00615	0.00659	0.00787	0.00482	0.00499	0.00823	0.01138	0.01411	0.04127	0.17318	0.44296	0.08471	0.00836	0.00227	0.00339	0.15835	0.00475	0.00441
15	0.01115	0.00903	0.01048	0.00837	0.01205	0.00780	0.00651	0.02785	0.13833	0.04126	0.01500	0.14106	0.01376	0.00661	0.00468	0.00121	0.00387	0.00561	0.00393	0.53144
16	0.00663	0.00471	0.00619	0.00718	0.00754	0.00442	0.00479	0.00762	0.01036	0.01393	0.09422	0.68391	0.03508	0.07657	0.00823	0.00233	0.00317	0.01399	0.00486	0.00427
17	0.01083	0.01059	0.01871	0.53710	0.03148	0.01239	0.16349	0.03698	0.01118	0.01474	0.01005	0.03386	0.00799	0.00576	0.00650	0.00182	0.07254	0.00526	0.00257	0.00617
18	0.00865	0.14133	0.01171	0.00859	0.01013	0.00900	0.00702	0.01051	0.00887	0.01230	0.01302	0.01871	0.01214	0.03378	0.66125	0.00727	0.01274	0.00519	0.00274	0.00507
19	0.00648	0.00463	0.00617	0.00733	0.00768	0.00432	0.00491	0.00746	0.01031	0.01379	0.05783	0.78123	0.03554	0.01634	0.00673	0.00213	0.00305	0.01482	0.00494	0.00432
20	0.15211	0.06126	0.47092	0.01286	0.01893	0.01278	0.03765	0.06037	0.06930	0.01914	0.01037	0.01166	0.00761	0.00523	0.00469	0.00164	0.00658	0.00398	0.02549	0.00742
21	0.01389	0.01409	0.02067	0.03017	0.68871	0.10696	0.01550	0.01682	0.01239	0.01675	0.00973	0.01265	0.00818	0.00480	0.00518	0.00154	0.00667	0.00455	0.00263	0.00810
22	0.00996	0.00865	0.01403	0.66837	0.03135	0.01061	0.01285	0.01331	0.01066	0.01454	0.01071	0.01503	0.00813	0.00543	0.00502	0.00167	0.00628	0.00474	0.14294	0.00571
23	0.00998	0.00940	0.01586	0.80150	0.03641	0.01175	0.01468	0.01351	0.01057	0.01351	0.00940	0.01409	0.00705	0.00529	0.00529	0.00176	0.00705	0.00470	0.00235	0.00587
24	0.01175	0.18675	0.43689	0.01467	0.04941	0.01401	0.09293	0.01665	0.03614	0.01601	0.00952	0.01128	0.00729	0.00495	0.00505	0.00154	0.02491	0.00400	0.00245	0.05381
25	0.08374	0.00885	0.01391	0.59895	0.02960	0.01090	0.01254	0.01301	0.01009	0.01420	0.01001	0.01472	0.00796	0.01100	0.13680	0.00288	0.00798	0.00470	0.00251	0.00567
26	0.00661	0.00498	0.00615	0.00696	0.00782	0.00453	0.00498	0.00784	0.01104	0.01419	0.06096	0.49308	0.25430	0.01526	0.00663	0.00205	0.00310	0.08016	0.00493	0.00442
27	0.24583	0.02723	0.01436	0.45143	0.09977	0.03790	0.01200	0.02545	0.01063	0.01697	0.00885	0.01217	0.00682	0.00513	0.00466	0.00168	0.00618	0.00411	0.00269	0.00615
28	0.00644	0.00460	0.00613	0.00736	0.00767	0.00429	0.00491	0.00736	0.01012	0.01350	0.02914	0.81076	0.03497	0.01656	0.00675	0.00215	0.00307	0.01503	0.00491	0.00429
29	0.01347	0.01324	0.01369	0.02486	0.06756	0.14511	0.03500	0.02911	0.24640	0.01800	0.01297	0.01377	0.01024	0.00547	0.00514	0.00136	0.02993	0.00436	0.00369	0.30664

[dist]
# distance from previous block
# <min> <max>
0	2

[block]
# block no. 3 follows, 46 sequences, length 18
# corresponding to MSA columns:
# 271-288
name=unknown_D
#
# <colnr> <probs for GDERKNQSTAVLIFYWHMCP>
#	G	D	E	R	K	N	Q	S	T	A	V	L	I	F	Y	W	H	M	C	P
0	0.00793	0.00611	0.00799	0.00875	0.07603	0.00578	0.00567	0.01022	0.03249	0.01801	0.44809	0.06669	0.14631	0.12610	0.00911	0.00219	0.00330	0.00921	0.00498	0.00502
1	0.02901	0.01192	0.01818	0.21228	0.37998	0.04315	0.03131	0.04405	0.03360	0.01646	0.01062	0.04519	0.00910	0.00594	0.00649	0.00172	0.08588	0.00510	0.00281	0.00720
2	0.01044	0.00628	0.00770	0.00692	0.00889	0.00566	0.00530	0.01288	0.04087	0.16483	0.37290	0.03778	0.24995	0.03770	0.00673	0.00181	0.00308	0.00902	0.00559	0.00566
3	0.01199	0.01201	0.06734	0.06672	0.39559	0.01082	0.02485	0.01569	0.05588	0.03531	0.01453	0.01648	0.07680	0.00567	0.00535	0.00150	0.02130	0.00506	0.00312	0.15399
4	0.01529	0.01145	0.01244	0.01075	0.01402	0.01284	0.00848	0.11225	0.59000	0.12012	0.02042	0.01870	0.01493	0.00700	0.00536	0.00175	0.00441	0.00575	0.00552	0.00852
5	0.00769	0.00513	0.00577	0.00577	0.00577	0.00513	0.00320	0.00769	0.00769	0.01025	0.01666	0.03460	0.01922	0.81421	0.02691	0.00513	0.00513	0.00769	0.00320	0.00320
6	0.00663	0.00483	0.00626	0.00718	0.00778	0.00446	0.00498	0.00783	0.01095	0.01455	0.11756	0.61545	0.11077	0.01550	0.00666	0.00207	0.00304	0.04407	0.00501	0.00441
7	0.04698	0.17940	0.08871	0.14907	0.08660	0.11876	0.01154	0.08800	0.03865	0.08258	0.01065	0.01230	0.00821	0.00600	0.01784	0.00164	0.02457	0.00412	0.01730	0.00710
8	0.01042	0.00998	0.01612	0.42639	0.02674	0.05145	0.13542	0.01328	0.01097	0.01396	0.01299	0.06223	0.01194	0.03853	0.00736	0.04629	0.00682	0.09062	0.00288	0.00560
9	0.01470	0.01709	0.01248	0.01162	0.01356	0.45927	0.00884	0.01626	0.01221	0.01267	0.01048	0.01401	0.00933	0.01899	0.31451	0.00419	0.03715	0.00433	0.00275	0.00556
10	0.01096	0.00940	0.01096	0.00783	0.01253	0.00705	0.00626	0.01331	0.01096	0.01723	0.00940	0.01096	0.00783	0.00392	0.00392	0.00078	0.00392	0.00313	0.00313	0.84653
11	0.43747	0.01178	0.00986	0.00873	0.01171	0.08565	0.00690	0.09802	0.15411	0.02251	0.01195	0.03077	0.00965	0.03620	0.00501	0.00176	0.00475	0.00425	0.04247	0.00644
12	0.00653	0.00467	0.00622	0.00730	0.00769	0.00436	0.00491	0.00759	0.01055	0.01418	0.09542	0.74253	0.03628	0.01605	0.00670	0.00210	0.00302	0.01455	0.00499	0.00436
13	0.00740	0.00501	0.00585	0.00613	0.00620	0.00494	0.00359	0.00761	0.00824	0.01099	0.01950	0.21113	0.02280	0.63279	0.02232	0.00445	0.00466	0.00936	0.00359	0.00345
14	0.01401	0.39933	0.22133	0.01115	0.01626	0.01671	0.01174	0.10972	0.07999	0.04009	0.01037	0.01125	0.00819	0.00595	0.02179	0.00157	0.00626	0.00376	0.00304	0.00748
15	0.00888	0.00677	0.00786	0.00758	0.00926	0.00679	0.00569	0.01372	0.19009	0.04032	0.27361	0.15647	0.19387	0.02749	0.00653	0.00188	0.00319	0.02903	0.00532	0.00563
16	0.01027	0.00798	0.01069	0.00976	0.01120	0.00945	0.00779	0.14632	0.01141	0.01613	0.01309	0.01828	0.01175	0.03022	0.56386	0.00655	0.10104	0.00538	0.00322	0.00561
17	0.00972	0.03817	0.07916	0.03267	0.03257	0.03442	0.00844	0.01199	0.01028	0.03721	0.01559	0.13975	0.01542	0.01943	0.27805	0.00400	0.03021	0.06033	0.00334	0.13926

[dist]
# distance from previous block
# <min> <max>
0	19

[block]
# block no. 4 follows, 46 sequences, length 78
# corresponding to MSA columns:
# 308-385
name=unknown_E
#
# <colnr> <probs for GDERKNQSTAVLIFYWHMCP>
#	G	D	E	R	K	N	Q	S	T	A	V	L	I	F	Y	W	H	M	C	P
0	0.10015	0.13795	0.27731	0.01226	0.01786	0.02497	0.10334	0.01596	0.01114	0.03609	0.00933	0.01096	0.00721	0.00464	0.00447	0.00138	0.00622	0.00376	0.00273	0.21225
1	0.01216	0.00926	0.01203	0.02353	0.11113	0.00762	0.00770	0.01444	0.01147	0.10151	0.01279	0.09548	0.01130	0.00565	0.00456	0.00114	0.00424	0.00484	0.00362	0.54555
2	0.00880	0.02999	0.05080	0.00846	0.03023	0.04243	0.00658	0.03466	0.01420	0.01954	0.53087	0.14196	0.03990	0.01058	0.00604	0.00170	0.00348	0.00927	0.00516	0.00536
3	0.01173	0.02489	0.01434	0.05125	0.06594	0.00900	0.08769	0.03450	0.04755	0.03661	0.01136	0.04803	0.00960	0.00496	0.00458	0.00115	0.00483	0.00440	0.00332	0.52427
4	0.00778	0.00511	0.00604	0.00599	0.00619	0.00504	0.00360	0.00790	0.00865	0.01165	0.11528	0.03369	0.04102	0.60695	0.02307	0.09283	0.00467	0.00769	0.00349	0.00337
5	0.00989	0.00574	0.00721	0.00707	0.00848	0.00516	0.00509	0.01123	0.01187	0.15772	0.13722	0.31962	0.18149	0.09693	0.00842	0.00222	0.00339	0.01090	0.00516	0.00519
6	0.01153	0.01200	0.09651	0.57224	0.03105	0.01236	0.01422	0.12934	0.01277	0.01686	0.01006	0.01378	0.00751	0.00651	0.03019	0.00194	0.00716	0.00466	0.00281	0.00652
7	0.01149	0.00832	0.00992	0.00756	0.01117	0.00662	0.00584	0.01346	0.01130	0.09969	0.07697	0.01833	0.02956	0.12103	0.00760	0.00159	0.00401	0.00473	0.00377	0.54705
8	0.03818	0.01402	0.01491	0.01177	0.01573	0.01565	0.00962	0.60141	0.17140	0.03089	0.01430	0.01398	0.01032	0.00648	0.00526	0.00163	0.00546	0.00495	0.00526	0.00879
9	0.01391	0.26195	0.06691	0.01062	0.04856	0.05241	0.02531	0.02998	0.01187	0.09624	0.01044	0.02812	0.00856	0.00489	0.00421	0.00117	0.00528	0.00375	0.00319	0.31262
10	0.06279	0.01224	0.09735	0.33816	0.06951	0.01195	0.09762	0.06312	0.01172	0.03065	0.01026	0.01351	0.00782	0.00549	0.00591	0.00169	0.06097	0.00465	0.06145	0.03314
11	0.00840	0.00521	0.00693	0.00759	0.00843	0.00475	0.00525	0.00948	0.01067	0.09454	0.02764	0.70228	0.03181	0.01511	0.00651	0.00205	0.00324	0.01363	0.00502	0.03144
12	0.01034	0.09370	0.01549	0.37807	0.03989	0.02551	0.05530	0.01288	0.01079	0.03467	0.01562	0.18444	0.04780	0.00813	0.00606	0.00179	0.04352	0.00707	0.00314	0.00578
13	0.04707	0.02396	0.05036	0.11285	0.06434	0.04572	0.08535	0.17257	0.01520	0.23700	0.01416	0.04008	0.01036	0.00619	0.00551	0.00165	0.02335	0.00519	0.03139	0.00770
14	0.00746	0.00514	0.00575	0.00579	0.00604	0.00501	0.00340	0.00770	0.00845	0.01107	0.03535	0.06377	0.11581	0.67142	0.02324	0.00454	0.00470	0.00841	0.00352	0.00343
15	0.00680	0.00463	0.00601	0.00711	0.00751	0.00436	0.00478	0.00788	0.01022	0.01415	0.02789	0.72777	0.03272	0.01547	0.00643	0.00205	0.00300	0.01397	0.09289	0.00436
16	0.01292	0.29911	0.33128	0.01317	0.01881	0.01534	0.09438	0.03796	0.01168	0.05248	0.02478	0.01152	0.00812	0.00520	0.00518	0.00152	0.04257	0.00402	0.00266	0.00732
17	0.01007	0.03542	0.47740	0.02960	0.01789	0.01072	0.01426	0.03759	0.01073	0.01549	0.01262	0.09627	0.01173	0.13190	0.02595	0.00242	0.04490	0.00571	0.00277	0.00656
18	0.03083	0.07751	0.51345	0.03747	0.03627	0.01206	0.03739	0.01823	0.01186	0.15922	0.01145	0.01241	0.00795	0.00525	0.00497	0.00163	0.00695	0.00418	0.00308	0.00785
19	0.01449	0.03884	0.13854	0.06394	0.19115	0.04357	0.06605	0.20052	0.01509	0.06999	0.01315	0.09655	0.01114	0.00657	0.00538	0.00166	0.00630	0.00572	0.00369	0.00768
20	0.02842	0.01179	0.09656	0.53401	0.05097	0.01192	0.03690	0.07454	0.02838	0.01595	0.01102	0.01506	0.02216	0.03367	0.00602	0.00185	0.00679	0.00488	0.00275	0.00637
21	0.00676	0.00584	0.00649	0.00648	0.00800	0.01673	0.02117	0.00807	0.01160	0.01412	0.04562	0.21024	0.57373	0.01365	0.00660	0.00187	0.02212	0.01160	0.00476	0.00454
22	0.00978	0.00903	0.02875	0.18030	0.03167	0.03645	0.08198	0.03341	0.01047	0.01427	0.02961	0.04364	0.02673	0.08717	0.25801	0.00420	0.05311	0.01969	0.03630	0.00543
23	0.04731	0.05212	0.11680	0.01333	0.11554	0.01119	0.01050	0.15858	0.04133	0.16744	0.09421	0.07388	0.01626	0.00743	0.00558	0.00169	0.01977	0.03502	0.00450	0.00753
24	0.01196	0.04130	0.31286	0.06854	0.09836	0.11426	0.01352	0.01612	0.04912	0.04459	0.01407	0.16496	0.01303	0.00742	0.00534	0.00171	0.00655	0.00623	0.00318	0.00688
25	0.01590	0.01878	0.01439	0.01311	0.01484	0.47031	0.01026	0.01730	0.01262	0.01320	0.01051	0.03831	0.01013	0.00779	0.00861	0.00176	0.23148	0.08195	0.00290	0.00585
26	0.01300	0.02241	0.52914	0.01645	0.10121	0.01242	0.05052	0.09566	0.01307	0.08079	0.01085	0.01222	0.00769	0.00523	0.00515	0.00166	0.00722	0.00430	0.00296	0.00806
27	0.04090	0.01164	0.09591	0.02572	0.01376	0.03747	0.00798	0.03371	0.01188	0.03464	0.09042	0.01449	0.01232	0.01805	0.00476	0.00116	0.00456	0.00409	0.00342	0.53315
28	0.00711	0.00707	0.08803	0.00795	0.00902	0.00525	0.00623	0.00843	0.00997	0.01351	0.04109	0.59817	0.02983	0.11322	0.00933	0.02045	0.00384	0.01262	0.00438	0.00450
29	0.00702	0.00515	0.00619	0.00653	0.00767	0.00458	0.00467	0.00844	0.01194	0.03463	0.19138	0.35469	0.30997	0.01397	0.00642	0.00190	0.00284	0.01225	0.00514	0.00462
30	0.01037	0.00599	0.00790	0.00721	0.00890	0.00542	0.00548	0.01259	0.01444	0.16215	0.54613	0.11408	0.05708	0.01065	0.00612	0.00171	0.00293	0.00936	0.00584	0.00565
31	0.03832	0.01238	0.01406	0.01097	0.01500	0.01303	0.00901	0.42030	0.09957	0.28679	0.01627	0.01514	0.01106	0.00647	0.00526	0.00163	0.00516	0.00504	0.00568	0.00886
32	0.01267	0.01214	0.02072	0.13406	0.68283	0.01245	0.01602	0.01587	0.01184	0.01677	0.00987	0.01322	0.00820	0.00479	0.00524	0.00160	0.00638	0.00471	0.00258	0.00804
33	0.00644	0.00460	0.00613	0.00736	0.00767	0.00429	0.00491	0.00736	0.01012	0.01350	0.02914	0.81076	0.03497	0.01656	0.00675	0.00215	0.00307	0.01503	0.00491	0.00429
34	0.01257	0.00635	0.00771	0.08952	0.01094	0.00639	0.00576	0.02914	0.01216	0.16152	0.03974	0.01926	0.01378	0.00628	0.00427	0.00138	0.00339	0.00511	0.55887	0.00586
35	0.01301	0.01253	0.02151	0.04767	0.75388	0.01256	0.02851	0.01618	0.01202	0.01719	0.00995	0.01312	0.00834	0.00472	0.00525	0.00158	0.00634	0.00474	0.00261	0.00830
36	0.00650	0.00469	0.00618	0.00735	0.00776	0.00436	0.00499	0.00750	0.01028	0.01361	0.03019	0.75053	0.06816	0.01635	0.00674	0.00214	0.00311	0.04031	0.00491	0.00432
37	0.00644	0.00462	0.00611	0.00730	0.00765	0.00430	0.00488	0.00737	0.01018	0.01352	0.02985	0.78844	0.05682	0.01647	0.00673	0.00214	0.00306	0.01492	0.00491	0.00430
38	0.00852	0.00608	0.00852	0.00974	0.01095	0.00608	0.00852	0.01095	0.01217	0.01582	0.02799	0.05963	0.03042	0.01460	0.00730	0.00243	0.00487	0.74565	0.00487	0.00487
39	0.00803	0.00593	0.00784	0.00879	0.01013	0.00574	0.00755	0.01023	0.01214	0.01549	0.03349	0.05775	0.19154	0.01434	0.00708	0.00229	0.00440	0.58758	0.00488	0.00478
40	0.02072	0.01353	0.01504	0.01156	0.01574	0.01454	0.00954	0.59605	0.03702	0.18955	0.01456	0.01393	0.00998	0.00640	0.00530	0.00160	0.00551	0.00490	0.00555	0.00898
41	0.01413	0.01405	0.04532	0.14286	0.41906	0.09470	0.01422	0.13133	0.01396	0.01854	0.01022	0.01298	0.00820	0.00624	0.03013	0.00180	0.00697	0.00458	0.00299	0.00772
42	0.01403	0.47792	0.02170	0.01029	0.01378	0.08340	0.00922	0.02951	0.15233	0.01462	0.01031	0.01144	0.00878	0.00674	0.03057	0.00164	0.09011	0.00377	0.00295	0.00689
43	0.01232	0.01206	0.01915	0.27622	0.47573	0.04652	0.01526	0.01541	0.01152	0.01568	0.00956	0.01318	0.00782	0.00513	0.00577	0.00166	0.04248	0.00465	0.00252	0.00736
44	0.01297	0.00698	0.00964	0.09095	0.01268	0.00661	0.00691	0.01535	0.01429	0.26457	0.41902	0.03017	0.03235	0.03227	0.00646	0.00178	0.00373	0.02135	0.00559	0.00631
45	0.00662	0.00499	0.00613	0.00665	0.00757	0.00450	0.00468	0.00801	0.01175	0.01545	0.20519	0.42690	0.24357	0.01439	0.00649	0.00194	0.00283	0.01273	0.00511	0.00450
46	0.01544	0.01203	0.01302	0.01101	0.04806	0.05254	0.00837	0.35136	0.01751	0.04459	0.01369	0.09638	0.01165	0.00666	0.00496	0.00140	0.00501	0.00536	0.05467	0.22628
47	0.01594	0.00723	0.00965	0.00813	0.01081	0.00637	0.00641	0.01798	0.01441	0.42570	0.26496	0.10950	0.06146	0.00926	0.00580	0.00170	0.00363	0.00795	0.00607	0.00702
48	0.10217	0.43302	0.14423	0.01011	0.01478	0.01652	0.01028	0.03919	0.05064	0.07804	0.00971	0.01054	0.00775	0.00512	0.00437	0.00138	0.02852	0.00348	0.00298	0.02716
49	0.01308	0.01256	0.02146	0.03245	0.78123	0.01256	0.01622	0.01622	0.01204	0.01727	0.00994	0.01308	0.00837	0.00471	0.00523	0.00157	0.00628	0.00471	0.00262	0.00837
50	0.00655	0.00483	0.00614	0.00695	0.00762	0.00441	0.00478	0.00775	0.01108	0.01467	0.13522	0.58831	0.15170	0.01529	0.00660	0.00203	0.00293	0.01369	0.00503	0.00441
51	0.01210	0.00725	0.04331	0.00799	0.01014	0.00596	0.00643	0.01427	0.01373	0.24123	0.35129	0.20948	0.03382	0.01063	0.00603	0.00177	0.00345	0.00933	0.00566	0.00612
52	0.01476	0.03207	0.04759	0.01354	0.01565	0.08245	0.08515	0.05637	0.01144	0.13889	0.01039	0.01290	0.00832	0.00748	0.01133	0.00194	0.40992	0.00474	0.02834	0.00671
53	0.01108	0.00622	0.00808	0.00715	0.00910	0.00557	0.00552	0.01335	0.01470	0.19560	0.52867	0.03575	0.11794	0.01010	0.00603	0.00167	0.00297	0.00875	0.00589	0.00585
54	0.01420	0.01219	0.02049	0.03003	0.70069	0.01206	0.01534	0.01723	0.01236	0.09780	0.01109	0.01360	0.00887	0.00490	0.00524	0.00158	0.00609	0.00477	0.00303	0.00844
55	0.00998	0.00940	0.01586	0.80150	0.03641	0.01175	0.01468	0.01351	0.01057	0.01351	0.00940	0.01409	0.00705	0.00529	0.00529	0.00176	0.00705	0.00470	0.00235	0.00587
56	0.01228	0.42172	0.38607	0.01183	0.01782	0.01640	0.01389	0.01610	0.01106	0.01471	0.02936	0.01059	0.00792	0.00493	0.00424	0.00140	0.00659	0.00352	0.00234	0.00722
57	0.00756	0.00507	0.00580	0.00593	0.00597	0.00504	0.00338	0.00765	0.00794	0.01059	0.01797	0.11602	0.02087	0.73053	0.02479	0.00481	0.00491	0.00846	0.00338	0.00332
58	0.85155	0.01022	0.00777	0.00695	0.01022	0.01186	0.00573	0.01554	0.00900	0.02372	0.00736	0.00859	0.00573	0.00491	0.00327	0.00164	0.00409	0.00286	0.00327	0.00573
59	0.00729	0.00496	0.00588	0.00627	0.00637	0.00486	0.00374	0.00758	0.00846	0.01128	0.02060	0.27981	0.02419	0.56221	0.02054	0.00418	0.00448	0.01001	0.00374	0.00355
60	0.01117	0.00963	0.01160	0.00830	0.01300	0.00739	0.02660	0.02729	0.01126	0.01752	0.00949	0.01108	0.00786	0.00397	0.00400	0.00082	0.00408	0.00325	0.00316	0.80852
61	0.01671	0.31942	0.10068	0.01207	0.01600	0.42455	0.01076	0.01869	0.01301	0.01315	0.00800	0.00931	0.00679	0.00506	0.00428	0.00131	0.00791	0.00324	0.00250	0.00655
62	0.01413	0.81739	0.02770	0.00905	0.01357	0.02092	0.00905	0.01583	0.01074	0.01244	0.00735	0.00848	0.00678	0.00452	0.00339	0.00113	0.00565	0.00283	0.00226	0.00678
63	0.00754	0.00506	0.00581	0.00596	0.00600	0.00502	0.00341	0.00765	0.00798	0.01064	0.01816	0.12823	0.02112	0.71798	0.02448	0.00477	0.00488	0.00857	0.00341	0.00333
64	0.00707	0.00529	0.00745	0.09097	0.01109	0.00530	0.00638	0.00845	0.01042	0.01379	0.02692	0.63341	0.03147	0.01513	0.00666	0.00214	0.00371	0.10516	0.00463	0.00453
65	0.00944	0.00753	0.01050	0.00904	0.01109	0.00749	0.08509	0.03977	0.12684	0.02091	0.47251	0.03255	0.05208	0.00932	0.00594	0.00169	0.00361	0.02985	0.05891	0.00583
66	0.01740	0.06144	0.01677	0.10862	0.10369	0.20406	0.01120	0.33778	0.04986	0.02258	0.01097	0.01219	0.00834	0.00575	0.00505	0.00153	0.00684	0.00436	0.00385	0.00771
67	0.00648	0.00466	0.00615	0.00726	0.00766	0.00433	0.00488	0.00749	0.01041	0.01387	0.06357	0.74972	0.06156	0.01619	0.00671	0.00211	0.00303	0.01465	0.00495	0.00433
68	0.02471	0.00550	0.00705	0.00663	0.00793	0.00512	0.00499	0.01005	0.01479	0.02113	0.75013	0.03905	0.06160	0.01073	0.00617	0.00166	0.00253	0.00945	0.00575	0.00499
69	0.01148	0.01009	0.01271	0.00959	0.02443	0.00872	0.03897	0.04271	0.01128	0.01737	0.00933	0.01126	0.00780	0.00460	0.00549	0.00103	0.08823	0.00351	0.00310	0.67830
70	0.01265	0.01147	0.01901	0.29524	0.46797	0.01231	0.01516	0.04907	0.01220	0.03962	0.01020	0.01356	0.00809	0.00504	0.00526	0.00164	0.00647	0.00473	0.00276	0.00756
71	0.00800	0.00631	0.00930	0.00904	0.00986	0.00764	0.00709	0.00977	0.00844	0.01229	0.01341	0.02000	0.01263	0.05043	0.69336	0.00775	0.10150	0.00559	0.00278	0.00481
72	0.01180	0.00973	0.01157	0.00832	0.01299	0.00763	0.01866	0.05065	0.01179	0.04001	0.00991	0.01130	0.00804	0.00412	0.00406	0.00086	0.00411	0.00332	0.00333	0.76780
73	0.03754	0.09897	0.22936	0.09714	0.02067	0.14405	0.10593	0.01621	0.01117	0.01475	0.00862	0.01132	0.00695	0.00585	0.00744	0.00172	0.16901	0.00420	0.00243	0.00667
74	0.00721	0.00534	0.00777	0.00815	0.00890	0.00590	0.00609	0.00880	0.00899	0.01265	0.01874	0.26239	0.01987	0.03259	0.55270	0.00655	0.01077	0.00853	0.00347	0.00459
75	0.00756	0.00507	0.00580	0.00593	0.00596	0.00504	0.00338	0.00765	0.00794	0.01058	0.01792	0.11343	0.02082	0.73319	0.02486	0.00482	0.00492	0.00843	0.00338	0.00331
76	0.01093	0.01078	0.01659	0.66798	0.10138	0.06186	0.02846	0.01430	0.01102	0.01387	0.00939	0.01372	0.00717	0.00523	0.00527	0.00172	0.00717	0.00465	0.00240	0.00614
77	0.00683	0.00518	0.00733	0.00782	0.00856	0.00480	0.03880	0.00814	0.01097	0.01469	0.12594	0.62959	0.08122	0.01509	0.00663	0.00205	0.00323	0.01370	0.00492	0.00452

[dist]
# distance from previous block
# <min> <max>
3	12

[block]
# block no. 5 follows, 46 sequences, length 145
# corresponding to MSA columns:
# 398-542
name=unknown_F
#
# <colnr> <probs for GDERKNQSTAVLIFYWHMCP>
#	G	D	E	R	K	N	Q	S	T	A	V	L	I	F	Y	W	H	M	C	P
0	0.00757	0.00536	0.00605	0.00598	0.00628	0.00537	0.00363	0.00785	0.00839	0.01099	0.02207	0.03621	0.13694	0.65231	0.03760	0.00459	0.02777	0.00810	0.00344	0.00350
1	0.00646	0.00464	0.00614	0.00730	0.00766	0.00431	0.00489	0.00743	0.01028	0.01370	0.04821	0.77457	0.05210	0.01635	0.00672	0.00213	0.00304	0.01481	0.00493	0.00431
2	0.01084	0.02568	0.69074	0.01599	0.02348	0.01242	0.11394	0.01677	0.01133	0.01677	0.00964	0.01156	0.00687	0.00495	0.00518	0.00169	0.00795	0.00420	0.00229	0.00773
3	0.00644	0.00460	0.00613	0.00736	0.00767	0.00429	0.00491	0.00736	0.01012	0.01350	0.02914	0.81076	0.03497	0.01656	0.00675	0.00215	0.00307	0.01503	0.00491	0.00429
4	0.00863	0.00611	0.02044	0.00704	0.00860	0.00544	0.00547	0.01141	0.03039	0.06716	0.70453	0.03732	0.04626	0.01038	0.00614	0.00166	0.00274	0.00914	0.00579	0.00535
5	0.03799	0.08905	0.06613	0.01574	0.16825	0.06521	0.01138	0.31422	0.08236	0.07985	0.01238	0.01297	0.00921	0.00576	0.00501	0.00155	0.00598	0.00453	0.00417	0.00827
6	0.00918	0.00478	0.00723	0.03469	0.00797	0.00488	0.00499	0.00717	0.00705	0.00940	0.00930	0.01610	0.00919	0.01836	0.03652	0.79890	0.00488	0.00462	0.00231	0.00247
7	0.01797	0.16484	0.06599	0.01250	0.01616	0.46248	0.01045	0.13515	0.01540	0.01638	0.00885	0.00998	0.00717	0.00535	0.00459	0.00136	0.00799	0.00354	0.00302	0.03083
8	0.01258	0.27510	0.08181	0.01002	0.01474	0.01301	0.05144	0.02728	0.04337	0.03225	0.00956	0.01092	0.00786	0.00460	0.00441	0.00114	0.02493	0.00350	0.00293	0.36855
9	0.01201	0.21980	0.32567	0.16881	0.04423	0.02898	0.06048	0.03469	0.02972	0.01552	0.00936	0.01152	0.00720	0.00500	0.00476	0.00155	0.00704	0.00402	0.00246	0.00716
10	0.00739	0.00516	0.00642	0.00677	0.00695	0.00526	0.00431	0.00783	0.00858	0.01156	0.02031	0.29878	0.02361	0.44245	0.07718	0.02213	0.02795	0.00990	0.00372	0.00375
11	0.05655	0.00893	0.01193	0.00926	0.01322	0.00785	0.00765	0.02480	0.01483	0.72680	0.03410	0.01874	0.01376	0.00670	0.00529	0.00165	0.00445	0.01840	0.00637	0.00872
12	0.01178	0.01138	0.03141	0.11904	0.53021	0.01131	0.04401	0.01497	0.01232	0.01741	0.12943	0.01733	0.01463	0.00572	0.00543	0.00162	0.00591	0.00551	0.00308	0.00749
13	0.01902	0.01427	0.01526	0.01194	0.01598	0.01589	0.00979	0.64921	0.14101	0.03158	0.01406	0.01379	0.01010	0.00647	0.00530	0.00162	0.00556	0.00495	0.00530	0.00889
14	0.01033	0.00975	0.12966	0.00934	0.03721	0.00707	0.00811	0.01392	0.04815	0.11075	0.50948	0.03077	0.03590	0.00904	0.00587	0.00166	0.00376	0.00786	0.00522	0.00617
15	0.00698	0.00878	0.12698	0.00693	0.00962	0.00570	0.00648	0.00912	0.01205	0.01499	0.08095	0.04416	0.62450	0.01197	0.00606	0.00176	0.00347	0.00995	0.00454	0.00501
16	0.01059	0.02581	0.71810	0.01513	0.02255	0.01205	0.05407	0.01649	0.01131	0.01681	0.02339	0.01301	0.00810	0.00534	0.00516	0.00170	0.00770	0.02267	0.00238	0.00766
17	0.01022	0.00938	0.01687	0.12076	0.09763	0.00932	0.23120	0.02787	0.02363	0.03481	0.04773	0.29242	0.03611	0.00937	0.00613	0.00187	0.00573	0.00910	0.00376	0.00607
18	0.01033	0.00980	0.01673	0.71279	0.10399	0.01186	0.03277	0.01384	0.01075	0.01393	0.00948	0.01401	0.00719	0.00521	0.00530	0.00174	0.00702	0.00474	0.00238	0.00613
19	0.02075	0.00874	0.01160	0.00913	0.01275	0.00784	0.00745	0.05313	0.03713	0.61399	0.13837	0.02117	0.01873	0.00722	0.00546	0.00164	0.00423	0.00597	0.00635	0.00836
20	0.01142	0.20423	0.42217	0.13683	0.05224	0.01410	0.04432	0.01587	0.01104	0.01523	0.00935	0.02370	0.00733	0.00510	0.00477	0.00157	0.00711	0.00408	0.00233	0.00722
21	0.01389	0.10861	0.42872	0.04698	0.10667	0.01234	0.01543	0.01827	0.01199	0.17097	0.01159	0.01258	0.00820	0.00525	0.00494	0.00160	0.00670	0.00419	0.00315	0.00792
22	0.01012	0.02393	0.66554	0.01376	0.02055	0.01114	0.01727	0.01569	0.01175	0.01744	0.12908	0.01557	0.01341	0.00592	0.00521	0.00167	0.00699	0.00479	0.00279	0.00737
23	0.03122	0.01288	0.08709	0.01120	0.01514	0.01198	0.00995	0.32237	0.08368	0.20803	0.01740	0.02166	0.01365	0.00760	0.00556	0.00176	0.00537	0.12012	0.00521	0.00813
24	0.01173	0.12999	0.20116	0.23992	0.10972	0.04669	0.03682	0.04334	0.02792	0.01573	0.02776	0.06510	0.01013	0.00597	0.00507	0.00163	0.00664	0.00505	0.00278	0.00685
25	0.00920	0.00993	0.13019	0.06628	0.03896	0.00764	0.02118	0.06963	0.01255	0.02797	0.16977	0.35111	0.02758	0.02518	0.00643	0.00193	0.00445	0.00993	0.00440	0.00569
26	0.01290	0.01216	0.01134	0.01041	0.01293	0.13261	0.00801	0.02286	0.48353	0.02001	0.13651	0.05250	0.02107	0.00807	0.00553	0.00174	0.00474	0.03086	0.00500	0.00723
27	0.72224	0.01094	0.00903	0.00776	0.01118	0.01256	0.00640	0.13189	0.01146	0.02521	0.00819	0.00923	0.00623	0.00513	0.00359	0.00163	0.00436	0.00316	0.00359	0.00623
28	0.00650	0.00524	0.00576	0.00588	0.00731	0.00453	0.00429	0.00793	0.01212	0.01516	0.16328	0.16692	0.53223	0.03048	0.00676	0.00189	0.00276	0.01143	0.00502	0.00449
29	0.01072	0.13512	0.01770	0.61819	0.06438	0.01300	0.01357	0.01388	0.01066	0.01357	0.00943	0.02657	0.00755	0.00531	0.00499	0.00165	0.00668	0.00456	0.00240	0.02007
30	0.01062	0.00813	0.00963	0.00860	0.01094	0.00807	0.00686	0.12962	0.09847	0.02134	0.30731	0.05231	0.05679	0.00969	0.00588	0.00170	0.00380	0.13042	0.00513	0.11470
31	0.01014	0.00940	0.01510	0.67806	0.03270	0.01101	0.01337	0.01348	0.01063	0.01409	0.00940	0.01361	0.00717	0.00507	0.00507	0.00161	0.00656	0.00445	0.00247	0.13662
32	0.01096	0.00940	0.01096	0.00783	0.01253	0.00705	0.00626	0.01331	0.01096	0.01723	0.00940	0.01096	0.00783	0.00392	0.00392	0.00078	0.00392	0.00313	0.00313	0.84653
33	0.01819	0.03618	0.01506	0.13532	0.01896	0.45756	0.01052	0.11430	0.02787	0.08700	0.02395	0.01210	0.00862	0.00574	0.00497	0.00149	0.00792	0.00409	0.00343	0.00675
34	0.00749	0.00505	0.00587	0.00606	0.00612	0.00502	0.00353	0.00767	0.00808	0.01079	0.01856	0.15507	0.02157	0.67684	0.03694	0.00472	0.00496	0.00879	0.00346	0.00340
35	0.01596	0.09115	0.16632	0.01250	0.01643	0.35209	0.01130	0.04162	0.12726	0.05067	0.02764	0.01281	0.00968	0.00698	0.03364	0.00175	0.00774	0.00418	0.00330	0.00699
36	0.00756	0.00529	0.00695	0.00674	0.00782	0.00508	0.00500	0.00891	0.01200	0.01642	0.39022	0.03455	0.17126	0.01715	0.13274	0.15026	0.00473	0.00837	0.00457	0.00438
37	0.01275	0.01314	0.03482	0.14322	0.49796	0.04405	0.14424	0.01615	0.01200	0.01647	0.00991	0.01326	0.00803	0.00479	0.00539	0.00163	0.00700	0.00491	0.00259	0.00769
38	0.00650	0.00464	0.00620	0.00743	0.00776	0.00434	0.00501	0.00746	0.01018	0.01356	0.02911	0.78973	0.03484	0.01651	0.00676	0.00216	0.00312	0.03549	0.00491	0.00431
39	0.01096	0.00940	0.01096	0.00783	0.01253	0.00705	0.00626	0.01331	0.01096	0.01723	0.00940	0.01096	0.00783	0.00392	0.00392	0.00078	0.00392	0.00313	0.00313	0.84653
40	0.01349	0.01152	0.01619	0.11209	0.24809	0.01136	0.02717	0.15972	0.01398	0.03159	0.01037	0.01250	0.00820	0.00492	0.00500	0.00135	0.01667	0.00423	0.00333	0.28824
41	0.72066	0.01010	0.00903	0.13053	0.01430	0.01184	0.00712	0.01522	0.00924	0.02213	0.00768	0.00944	0.00593	0.00497	0.00358	0.00166	0.00455	0.00315	0.00313	0.00575
42	0.00782	0.00522	0.00620	0.00623	0.00648	0.00536	0.00388	0.00832	0.00812	0.01127	0.01655	0.03208	0.01818	0.62640	0.14424	0.00535	0.00636	0.02343	0.05493	0.00358
43	0.00813	0.00610	0.00835	0.13047	0.01196	0.00669	0.00623	0.02069	0.00944	0.01285	0.09000	0.04244	0.03193	0.35920	0.22828	0.00501	0.00755	0.00701	0.00332	0.00433
44	0.00649	0.00478	0.00609	0.00711	0.00770	0.00439	0.00489	0.00754	0.01053	0.01372	0.03322	0.65381	0.16059	0.01595	0.00668	0.00210	0.00307	0.04208	0.00491	0.00434
45	0.01289	0.01160	0.01827	0.34695	0.35463	0.01282	0.01463	0.13134	0.01343	0.01821	0.01015	0.01344	0.00792	0.00520	0.00526	0.00165	0.00653	0.00471	0.00292	0.00744
46	0.01380	0.01413	0.01968	0.06233	0.59854	0.13364	0.01491	0.01665	0.01244	0.01637	0.01037	0.01445	0.00896	0.00525	0.00525	0.00158	0.00676	0.03439	0.00271	0.00777
47	0.01106	0.02432	0.63348	0.01804	0.15883	0.01222	0.01867	0.01658	0.01131	0.01685	0.00957	0.01150	0.00702	0.00494	0.00504	0.00164	0.00746	0.00403	0.00232	0.02512
48	0.00930	0.13220	0.01137	0.00934	0.01107	0.00829	0.00827	0.01162	0.01221	0.01580	0.09497	0.04979	0.02857	0.01268	0.00659	0.00216	0.00477	0.56127	0.00455	0.00518
49	0.01047	0.00989	0.01673	0.68189	0.15225	0.01187	0.01492	0.01393	0.01080	0.01409	0.00948	0.01394	0.00725	0.00520	0.00528	0.00173	0.00693	0.00470	0.00239	0.00626
50	0.01013	0.02397	0.66577	0.01405	0.02079	0.01140	0.01752	0.01561	0.01075	0.01605	0.01021	0.01266	0.00771	0.01041	0.12762	0.00274	0.00880	0.00418	0.00233	0.00733
51	0.00892	0.00472	0.00691	0.00685	0.00704	0.00465	0.00465	0.00737	0.00814	0.01105	0.12883	0.01971	0.01551	0.01719	0.01842	0.71484	0.00427	0.00536	0.00284	0.00271
52	0.00869	0.00645	0.00761	0.00735	0.00899	0.00630	0.00553	0.01279	0.14321	0.04926	0.31698	0.15829	0.20737	0.01159	0.00616	0.00181	0.00305	0.02767	0.00540	0.00550
53	0.00961	0.00882	0.01471	0.67817	0.03222	0.01095	0.01343	0.01287	0.01025	0.01332	0.01014	0.01513	0.00801	0.01063	0.12784	0.00281	0.00815	0.00485	0.00242	0.00569
54	0.01397	0.69221	0.02673	0.01269	0.13296	0.01962	0.01016	0.01589	0.01094	0.01319	0.00775	0.00920	0.00703	0.00455	0.00368	0.00120	0.00575	0.00312	0.00232	0.00703
55	0.00895	0.00467	0.00671	0.00671	0.00671	0.00467	0.00438	0.00701	0.00701	0.00935	0.01035	0.01895	0.01074	0.14214	0.02163	0.71538	0.00467	0.00507	0.00244	0.00244
56	0.00781	0.00615	0.00832	0.00892	0.00952	0.00666	0.00690	0.00922	0.01050	0.01407	0.02685	0.42986	0.07451	0.01468	0.00852	0.00223	0.12820	0.21789	0.00449	0.00470
57	0.01060	0.02735	0.78682	0.01507	0.02288	0.01228	0.01953	0.01674	0.01116	0.01674	0.00949	0.01116	0.00670	0.00502	0.00502	0.00167	0.00781	0.00391	0.00223	0.00781
58	0.00708	0.00553	0.00845	0.00879	0.00959	0.00518	0.07135	0.00839	0.01044	0.01392	0.02746	0.70080	0.03236	0.01540	0.00673	0.00213	0.00368	0.05343	0.00471	0.00457
59	0.01181	0.24703	0.17002	0.00962	0.01489	0.01210	0.00971	0.01472	0.01094	0.01574	0.00882	0.01028	0.00730	0.00431	0.00398	0.00106	0.00519	0.00320	0.00270	0.43656
60	0.00800	0.00567	0.00810	0.00806	0.00902	0.00655	0.00626	0.00996	0.00889	0.01344	0.01449	0.02041	0.01313	0.03379	0.65397	0.00723	0.02914	0.00553	0.13358	0.00477
61	0.00739	0.00600	0.00680	0.00617	0.00823	0.00504	0.00469	0.00927	0.01285	0.01704	0.28778	0.04088	0.41660	0.01106	0.00588	0.00159	0.00281	0.00938	0.00494	0.13560
62	0.02009	0.01507	0.01584	0.01220	0.01639	0.03582	0.01005	0.74503	0.02461	0.03281	0.01258	0.01261	0.00894	0.00632	0.00528	0.00158	0.00591	0.00473	0.00522	0.00892
63	0.01096	0.00940	0.01096	0.00783	0.01253	0.00705	0.00626	0.01331	0.01096	0.01723	0.00940	0.01096	0.00783	0.00392	0.00392	0.00078	0.00392	0.00313	0.00313	0.84653
64	0.00755	0.00566	0.00850	0.00850	0.00944	0.00661	0.00661	0.00944	0.00850	0.01227	0.01416	0.02077	0.01322	0.03965	0.79326	0.00850	0.01416	0.00566	0.00283	0.00472
65	0.01564	0.09091	0.37844	0.01294	0.03009	0.05093	0.02635	0.06622	0.01338	0.23140	0.02601	0.01342	0.00943	0.00559	0.00501	0.00159	0.00656	0.00438	0.00373	0.00799
66	0.01578	0.66948	0.02495	0.00923	0.01363	0.04049	0.00888	0.01752	0.01154	0.13259	0.00947	0.00999	0.00777	0.00486	0.00373	0.00122	0.00558	0.00323	0.00294	0.00711
67	0.01442	0.00872	0.01052	0.00885	0.01156	0.00876	0.00701	0.13404	0.13720	0.21490	0.34852	0.02678	0.02891	0.00846	0.00572	0.00166	0.00378	0.00718	0.00585	0.00716
68	0.01889	0.01559	0.01488	0.01193	0.01558	0.13621	0.00957	0.57378	0.03892	0.02825	0.01294	0.04201	0.01016	0.03921	0.00613	0.00172	0.00623	0.00506	0.00479	0.00813
69	0.12480	0.02607	0.01364	0.04212	0.05183	0.07952	0.02105	0.03218	0.00999	0.03410	0.01040	0.05825	0.00973	0.01333	0.14575	0.00308	0.31029	0.00507	0.00291	0.00587
70	0.00644	0.00460	0.00613	0.00736	0.00767	0.00429	0.00491	0.00736	0.01012	0.01350	0.02914	0.81076	0.03497	0.01656	0.00675	0.00215	0.00307	0.01503	0.00491	0.00429
71	0.01271	0.42244	0.11756	0.01135	0.01465	0.01783	0.01108	0.01479	0.00989	0.01325	0.00772	0.01015	0.00699	0.00625	0.00839	0.00161	0.28009	0.00363	0.02309	0.00652
72	0.01178	0.01201	0.02185	0.01560	0.02065	0.01045	0.41279	0.01526	0.01178	0.01707	0.01009	0.01274	0.00793	0.00421	0.00517	0.00132	0.00660	0.00480	0.00289	0.39502
73	0.07718	0.01009	0.01260	0.00972	0.01379	0.00954	0.00803	0.15339	0.01642	0.60447	0.01855	0.01646	0.01189	0.00640	0.00518	0.00163	0.00470	0.00506	0.00611	0.00878
74	0.02010	0.01481	0.01587	0.01216	0.01639	0.01639	0.01005	0.76360	0.02486	0.03332	0.01269	0.01269	0.00899	0.00635	0.00529	0.00159	0.00582	0.00476	0.00529	0.00899
