[name]
unknown

[dist]
# distance from previous block
# <min> <max>
3	143

[block]
# block no. 0 follows, 43 sequences, length 7
# corresponding to MSA columns:
# 151-157
name=unknown_A
#
# <colnr> <probs for GDERKNQSTAVLIFYWHMCP>
#	G	D	E	R	K	N	Q	S	T	A	V	L	I	F	Y	W	H	M	C	P
0	0.16316	0.04593	0.10455	0.04921	0.14575	0.10687	0.01121	0.10081	0.01363	0.10573	0.01186	0.01483	0.00952	0.08566	0.00725	0.00202	0.00640	0.00464	0.00365	0.00735
1	0.10179	0.01386	0.05719	0.26728	0.09636	0.12311	0.08053	0.03313	0.01223	0.01694	0.01171	0.04226	0.02542	0.00616	0.00574	0.00174	0.03599	0.00514	0.03955	0.02386
2	0.16393	0.01454	0.14748	0.01064	0.01418	0.10151	0.03616	0.06359	0.05268	0.03914	0.04147	0.09722	0.01427	0.08711	0.00738	0.00206	0.00579	0.00598	0.05860	0.03625
3	0.09015	0.00785	0.00891	0.00916	0.05064	0.00784	0.00651	0.08025	0.05964	0.01869	0.06756	0.18805	0.27498	0.01301	0.04029	0.00218	0.00427	0.02927	0.00480	0.03596
4	0.06293	0.04920	0.01490	0.01163	0.01521	0.08557	0.00945	0.30785	0.17829	0.10078	0.01667	0.01639	0.04426	0.00711	0.00612	0.00173	0.05335	0.00528	0.00498	0.00830
5	0.21589	0.28327	0.01737	0.00960	0.01340	0.05208	0.00831	0.14400	0.01397	0.09474	0.01239	0.09007	0.01085	0.00668	0.00449	0.00156	0.00536	0.00489	0.00391	0.00717
6	0.01140	0.01251	0.06460	0.07749	0.01907	0.01405	0.16255	0.01383	0.01005	0.01461	0.01110	0.09234	0.01072	0.01024	0.04653	0.00249	0.41106	0.00629	0.00279	0.00628

[dist]
# distance from previous block
# <min> <max>
0	6

[block]
# block no. 1 follows, 43 sequences, length 12
# corresponding to MSA columns:
# 165-176
name=unknown_B
#
# <colnr> <probs for GDERKNQSTAVLIFYWHMCP>
#	G	D	E	R	K	N	Q	S	T	A	V	L	I	F	Y	W	H	M	C	P
0	0.01139	0.01076	0.01519	0.20777	0.02005	0.01362	0.03293	0.01612	0.15236	0.01563	0.01509	0.01817	0.06810	0.01013	0.05224	0.00246	0.32246	0.00577	0.00329	0.00647
1	0.07730	0.01570	0.16558	0.10231	0.03811	0.01329	0.27916	0.01812	0.05430	0.07895	0.01161	0.01416	0.00864	0.00579	0.00704	0.00188	0.09210	0.00532	0.00317	0.00745
2	0.16871	0.01001	0.01500	0.64314	0.03294	0.01233	0.01360	0.01455	0.01076	0.01618	0.00944	0.01367	0.00712	0.00546	0.00514	0.00182	0.00679	0.00456	0.00264	0.00612
3	0.00970	0.00700	0.00853	0.00877	0.00993	0.00709	0.00636	0.14931	0.01356	0.01808	0.02647	0.55439	0.03022	0.05722	0.00795	0.00233	0.00402	0.06853	0.00512	0.00542
4	0.01066	0.00917	0.01168	0.11017	0.03578	0.05127	0.00898	0.01329	0.04157	0.01528	0.01443	0.05407	0.02545	0.02941	0.20559	0.00371	0.18682	0.00585	0.16111	0.00569
5	0.03380	0.09621	0.05177	0.01344	0.01624	0.03373	0.04946	0.22770	0.07232	0.02095	0.01110	0.03047	0.00929	0.00766	0.01002	0.00193	0.29773	0.00503	0.00367	0.00748
6	0.01979	0.00884	0.01138	0.00915	0.01238	0.00816	0.00719	0.06277	0.04765	0.50339	0.07221	0.02348	0.01750	0.15870	0.00993	0.00241	0.00475	0.00635	0.00601	0.00795
7	0.00675	0.00482	0.00643	0.00771	0.00803	0.00450	0.00514	0.00771	0.01060	0.01414	0.03053	0.80175	0.03663	0.01735	0.00707	0.00225	0.00321	0.01574	0.00514	0.00450
8	0.01785	0.01749	0.04679	0.01266	0.01589	0.30132	0.06634	0.16731	0.01599	0.10409	0.01297	0.01710	0.01090	0.15766	0.00970	0.00230	0.00760	0.00518	0.00392	0.00694
9	0.00703	0.00501	0.00659	0.00748	0.00797	0.00468	0.00506	0.00825	0.01142	0.01548	0.16971	0.61482	0.03868	0.06011	0.00814	0.00233	0.00322	0.01423	0.00522	0.00457
10	0.62751	0.01138	0.00984	0.00835	0.01193	0.01291	0.00687	0.15626	0.01291	0.05652	0.00968	0.01060	0.00723	0.00554	0.00393	0.00169	0.00459	0.00355	0.03196	0.00676
11	0.16874	0.00966	0.00894	0.00863	0.01065	0.07918	0.00644	0.01521	0.14958	0.01774	0.02275	0.18432	0.09551	0.11219	0.00849	0.00233	0.00463	0.05168	0.00439	0.03894

[dist]
# distance from previous block
# <min> <max>
3	12

[block]
# block no. 2 follows, 43 sequences, length 8
# corresponding to MSA columns:
# 192-199
name=unknown_C
#
# <colnr> <probs for GDERKNQSTAVLIFYWHMCP>
#	G	D	E	R	K	N	Q	S	T	A	V	L	I	F	Y	W	H	M	C	P
0	0.12597	0.01413	0.22273	0.11719	0.01848	0.00993	0.01185	0.01586	0.01235	0.09655	0.10776	0.02313	0.01676	0.00748	0.00547	0.00179	0.00572	0.10517	0.00390	0.07780
1	0.01206	0.01066	0.01792	0.10404	0.28702	0.01104	0.10779	0.03400	0.04174	0.01608	0.01198	0.06435	0.01077	0.00903	0.00956	0.17485	0.03904	0.00580	0.00299	0.02928
2	0.01219	0.01276	0.06969	0.14950	0.49092	0.01205	0.01522	0.01596	0.03751	0.01724	0.01596	0.01853	0.09608	0.00618	0.00560	0.00172	0.00631	0.00570	0.00304	0.00784
3	0.00934	0.00481	0.00714	0.00726	0.00729	0.00478	0.00484	0.00726	0.00754	0.01005	0.01163	0.09227	0.01222	0.01906	0.02024	0.75846	0.00466	0.00586	0.00267	0.00261
4	0.04941	0.01322	0.07790	0.04067	0.06377	0.01292	0.29954	0.01517	0.01172	0.01717	0.09726	0.01722	0.01334	0.00912	0.06072	0.00242	0.18255	0.00604	0.00309	0.00675
5	0.01261	0.00929	0.01009	0.00900	0.01077	0.04472	0.00706	0.14156	0.06344	0.02048	0.01534	0.01874	0.01263	0.04560	0.12941	0.00290	0.09684	0.00534	0.33801	0.00619
6	0.01622	0.01517	0.10171	0.04424	0.03899	0.08433	0.01088	0.17550	0.24403	0.10033	0.01648	0.01796	0.01258	0.02605	0.00605	0.00181	0.00596	0.03178	0.00471	0.04521
7	0.01619	0.62521	0.02516	0.00968	0.01408	0.07489	0.00917	0.01802	0.01212	0.10098	0.00984	0.01062	0.00818	0.00513	0.00390	0.00127	0.00593	0.00340	0.03897	0.00724

[dist]
# distance from previous block
# <min> <max>
0	3

[block]
# block no. 3 follows, 43 sequences, length 15
# corresponding to MSA columns:
# 203-217
name=unknown_D
#
# <colnr> <probs for GDERKNQSTAVLIFYWHMCP>
#	G	D	E	R	K	N	Q	S	T	A	V	L	I	F	Y	W	H	M	C	P
0	0.01233	0.00745	0.00820	0.00732	0.00970	0.02982	0.00558	0.01429	0.03810	0.22003	0.05383	0.05552	0.41903	0.08387	0.00819	0.00214	0.00383	0.00933	0.00541	0.00603
1	0.12577	0.04676	0.38410	0.01336	0.01928	0.01349	0.04413	0.13190	0.08227	0.03456	0.04464	0.01385	0.01030	0.00592	0.00515	0.00173	0.00666	0.00463	0.00354	0.00796
2	0.01006	0.00787	0.00876	0.00806	0.01022	0.00786	0.00628	0.12625	0.09892	0.02071	0.20795	0.07405	0.32045	0.01176	0.00638	0.00187	0.00361	0.05745	0.00548	0.00601
3	0.01347	0.01702	0.14575	0.02093	0.02664	0.01421	0.54678	0.08463	0.01390	0.01914	0.01107	0.01420	0.00825	0.00510	0.00662	0.00185	0.03381	0.00596	0.00297	0.00771
4	0.04832	0.01218	0.01758	0.29006	0.09852	0.01351	0.07982	0.25327	0.01640	0.04120	0.04451	0.01529	0.01039	0.00638	0.00600	0.02338	0.00660	0.00525	0.00382	0.00752
5	0.01145	0.01158	0.01350	0.01223	0.01314	0.12695	0.03914	0.01292	0.01045	0.01383	0.02930	0.19903	0.01608	0.01564	0.13122	0.00320	0.32387	0.00755	0.00330	0.00562
6	0.01505	0.00852	0.01056	0.00882	0.01157	0.00823	0.00700	0.13065	0.04496	0.24479	0.38205	0.03003	0.05565	0.00923	0.00606	0.00173	0.00384	0.00785	0.00619	0.00722
7	0.00790	0.00676	0.01049	0.00945	0.01118	0.00616	0.12021	0.00989	0.01254	0.01658	0.18767	0.33678	0.21614	0.01331	0.00675	0.00199	0.00393	0.01212	0.00498	0.00515
8	0.01186	0.13417	0.01999	0.48602	0.17324	0.01414	0.02956	0.01512	0.01135	0.01478	0.00957	0.01357	0.00762	0.00541	0.00564	0.00172	0.03226	0.00465	0.00251	0.00682
9	0.01938	0.01291	0.01450	0.01146	0.01534	0.01388	0.00935	0.47204	0.08565	0.15742	0.08448	0.01775	0.01486	0.00848	0.03459	0.00197	0.00572	0.00569	0.00573	0.00881
10	0.00863	0.00621	0.00766	0.00791	0.00954	0.00579	0.00639	0.01112	0.03693	0.04961	0.17503	0.08546	0.29122	0.01360	0.00688	0.00209	0.00372	0.26156	0.00539	0.00525
11	0.06731	0.15544	0.01542	0.01003	0.01382	0.06330	0.00841	0.20980	0.04965	0.18754	0.03311	0.02023	0.12802	0.00746	0.00520	0.00162	0.00526	0.00571	0.00491	0.00777
12	0.02083	0.00938	0.01294	0.01188	0.08243	0.00852	0.00861	0.06167	0.01529	0.54866	0.02169	0.13914	0.01657	0.00829	0.00579	0.00179	0.00472	0.00705	0.00614	0.00860
13	0.00782	0.00542	0.00607	0.00607	0.00639	0.00531	0.00360	0.00810	0.00879	0.01146	0.02334	0.03842	0.13566	0.65852	0.04905	0.00494	0.00528	0.00855	0.00362	0.00361
14	0.00875	0.00714	0.00963	0.01183	0.12668	0.00703	0.00729	0.01205	0.09964	0.01687	0.11748	0.40102	0.12672	0.01313	0.00652	0.00200	0.00375	0.01176	0.00494	0.00577

[dist]
# distance from previous block
# <min> <max>
0	10

[block]
# block no. 4 follows, 43 sequences, length 37
# corresponding to MSA columns:
# 228-264
name=unknown_E
#
# <colnr> <probs for GDERKNQSTAVLIFYWHMCP>
#	G	D	E	R	K	N	Q	S	T	A	V	L	I	F	Y	W	H	M	C	P
0	0.01366	0.01387	0.02297	0.14534	0.03729	0.06056	0.32852	0.10813	0.02815	0.01837	0.01179	0.05604	0.00981	0.00652	0.00770	0.00190	0.11289	0.00613	0.00322	0.00713
1	0.01354	0.04835	0.01534	0.01289	0.01410	0.13866	0.01044	0.08550	0.01192	0.01566	0.01219	0.11674	0.01242	0.01063	0.03325	0.00229	0.40168	0.03490	0.00327	0.00622
2	0.01371	0.01114	0.01488	0.09763	0.01800	0.01047	0.07783	0.14266	0.04040	0.05734	0.01186	0.01371	0.00921	0.00700	0.04638	0.00169	0.00591	0.00442	0.00378	0.41197
3	0.00871	0.00701	0.01008	0.00932	0.01104	0.00648	0.07766	0.04931	0.01250	0.01702	0.11776	0.46745	0.07580	0.01331	0.00655	0.00196	0.00395	0.01211	0.00487	0.08712
4	0.00757	0.00587	0.00747	0.00815	0.04857	0.00535	0.00550	0.00949	0.01346	0.01806	0.36172	0.19430	0.24936	0.03123	0.00709	0.00196	0.00306	0.01131	0.00539	0.00507
5	0.01346	0.01428	0.06433	0.03127	0.60920	0.01328	0.13767	0.01715	0.01264	0.01801	0.01052	0.01380	0.00862	0.00491	0.00564	0.00169	0.00712	0.00515	0.00273	0.00853
6	0.01365	0.43285	0.25076	0.01129	0.01670	0.01687	0.01237	0.04893	0.01263	0.04353	0.08268	0.01342	0.01179	0.00569	0.00452	0.00145	0.00625	0.00417	0.00302	0.00743
7	0.02019	0.01518	0.01665	0.01292	0.01692	0.01715	0.01068	0.68084	0.02434	0.03282	0.01271	0.01318	0.00921	0.00694	0.00676	0.00174	0.08245	0.00497	0.00524	0.00909
8	0.00784	0.00569	0.00661	0.00653	0.00812	0.00498	0.00484	0.00957	0.01335	0.05397	0.25665	0.16347	0.41153	0.01341	0.00657	0.00188	0.00291	0.01153	0.00550	0.00504
9	0.07995	0.01315	0.10764	0.01053	0.01479	0.01120	0.00948	0.24077	0.01668	0.15678	0.05329	0.03576	0.01337	0.02971	0.00586	0.00170	0.00524	0.02391	0.04126	0.12892
10	0.03079	0.65653	0.10003	0.01043	0.01511	0.02047	0.01067	0.01642	0.01105	0.01372	0.00788	0.00940	0.00709	0.00517	0.00483	0.00134	0.06633	0.00322	0.00239	0.00711
11	0.00886	0.00611	0.00708	0.00702	0.00894	0.00537	0.00556	0.01063	0.01315	0.08930	0.10029	0.06333	0.49199	0.01343	0.00667	0.00198	0.00341	0.14625	0.00537	0.00525
12	0.00870	0.00566	0.00742	0.00737	0.00860	0.00518	0.00538	0.01069	0.01391	0.07549	0.44351	0.28909	0.07167	0.01307	0.00664	0.00191	0.00297	0.01162	0.00580	0.00528
13	0.28280	0.00984	0.02480	0.07528	0.04236	0.04313	0.00779	0.01568	0.01248	0.13162	0.13888	0.04990	0.09839	0.00822	0.00523	0.00178	0.00459	0.03638	0.00452	0.00633
14	0.02395	0.00921	0.01255	0.00972	0.01383	0.00797	0.00799	0.02608	0.01572	0.73608	0.04229	0.03816	0.01530	0.00723	0.00563	0.00173	0.00462	0.00593	0.00679	0.00919
15	0.00692	0.00505	0.00654	0.00754	0.00815	0.00467	0.00522	0.00816	0.01138	0.01508	0.10188	0.62202	0.11255	0.01636	0.00699	0.00218	0.00320	0.04628	0.00523	0.00461
16	0.10792	0.03101	0.35151	0.01172	0.03409	0.01002	0.01254	0.01497	0.01264	0.04929	0.21317	0.06099	0.05216	0.00787	0.00551	0.00176	0.00557	0.00649	0.00390	0.00686
17	0.42498	0.00918	0.00888	0.00799	0.01032	0.01033	0.00619	0.10194	0.01081	0.02062	0.01021	0.01444	0.00899	0.07160	0.08486	0.17989	0.00572	0.00428	0.00342	0.00535
18	0.00668	0.00554	0.00586	0.00594	0.00761	0.00471	0.00439	0.00816	0.01271	0.01555	0.11940	0.12462	0.63156	0.01410	0.00659	0.00189	0.00283	0.01193	0.00523	0.00471
19	0.00704	0.00511	0.00668	0.00786	0.00830	0.00488	0.00529	0.00861	0.04166	0.01451	0.03019	0.76942	0.03581	0.01694	0.00701	0.00223	0.00326	0.01535	0.00516	0.00468
20	0.06356	0.01356	0.04446	0.05179	0.06064	0.01323	0.38539	0.08856	0.01377	0.08980	0.01281	0.05635	0.01021	0.00619	0.00689	0.00187	0.06360	0.00624	0.00355	0.00752
21	0.01603	0.02741	0.01322	0.01060	0.01373	0.04822	0.02894	0.32936	0.09409	0.05787	0.08855	0.03771	0.01616	0.03028	0.03165	0.00198	0.00544	0.00596	0.13520	0.00761
22	0.01313	0.03546	0.17785	0.09845	0.41325	0.05517	0.04691	0.01695	0.01231	0.01714	0.01005	0.01301	0.00808	0.00514	0.00559	0.00165	0.02153	0.00464	0.00265	0.04105
23	0.01917	0.01989	0.01634	0.01442	0.04372	0.37121	0.01102	0.26467	0.03823	0.02107	0.01041	0.01181	0.00824	0.00660	0.00706	0.00167	0.11884	0.00434	0.00376	0.00752
24	0.09299	0.05958	0.25105	0.07189	0.07161	0.08610	0.03309	0.01749	0.01300	0.10469	0.13050	0.01708	0.01503	0.00639	0.00528	0.00168	0.00645	0.00517	0.00365	0.00729
25	0.01975	0.01074	0.01345	0.08093	0.01659	0.01081	0.00912	0.13255	0.16104	0.39647	0.01933	0.03891	0.01350	0.00699	0.00555	0.00172	0.00503	0.00573	0.00582	0.04596
26	0.00822	0.00640	0.00758	0.00733	0.00895	0.00614	0.00556	0.01201	0.10485	0.01978	0.42141	0.08122	0.23169	0.01205	0.00651	0.00186	0.00302	0.04426	0.00570	0.00547
27	0.00728	0.00529	0.00705	0.00789	0.00853	0.00515	0.00554	0.00904	0.03221	0.01550	0.13504	0.57295	0.03599	0.01849	0.08209	0.00282	0.00434	0.03493	0.00508	0.00478
28	0.20759	0.02953	0.01225	0.20030	0.01840	0.03387	0.00912	0.15300	0.03340	0.05118	0.01982	0.02075	0.15482	0.00740	0.00514	0.00174	0.00528	0.00577	0.02398	0.00665
29	0.00909	0.00854	0.03411	0.01188	0.01430	0.00753	0.17671	0.01156	0.01199	0.01596	0.02697	0.29236	0.11069	0.01246	0.00680	0.00209	0.00520	0.18179	0.00441	0.05556
30	0.05624	0.00972	0.01263	0.00989	0.01403	0.00887	0.00812	0.02681	0.08939	0.67049	0.02136	0.01864	0.01372	0.00685	0.00549	0.00173	0.00466	0.00554	0.00660	0.00922
31	0.04440	0.01044	0.01276	0.01009	0.01388	0.01022	0.00823	0.19443	0.05526	0.42798	0.13254	0.02077	0.01848	0.00747	0.00565	0.00171	0.00469	0.00607	0.00627	0.00866
32	0.01583	0.32351	0.09697	0.01209	0.02990	0.27243	0.01073	0.03857	0.04307	0.01564	0.08256	0.01335	0.01195	0.00592	0.00467	0.00143	0.00714	0.00418	0.00311	0.00697
33	0.00920	0.00660	0.02561	0.00755	0.00924	0.00583	0.00593	0.01218	0.03563	0.07199	0.64894	0.05853	0.04694	0.01100	0.00645	0.00177	0.00299	0.02198	0.00601	0.00565
34	0.01649	0.01024	0.01195	0.00990	0.01309	0.01052	0.00790	0.21827	0.13988	0.21147	0.19152	0.05394	0.06291	0.00870	0.00590	0.00176	0.00440	0.00724	0.00597	0.00792
35	0.01048	0.00777	0.02961	0.04352	0.03236	0.00708	0.03753	0.04268	0.02928	0.09259	0.32729	0.14040	0.11935	0.02363	0.00663	0.00188	0.00388	0.00947	0.02858	0.00598
36	0.09377	0.01265	0.01979	0.08594	0.54017	0.02894	0.03609	0.01711	0.04324	0.01849	0.01143	0.01572	0.00970	0.00557	0.00541	0.00172	0.00641	0.03678	0.00301	0.00806

[dist]
# distance from previous block
# <min> <max>
5	10

[block]
# block no. 5 follows, 43 sequences, length 15
# corresponding to MSA columns:
# 275-289
name=unknown_F
#
# <colnr> <probs for GDERKNQSTAVLIFYWHMCP>
#	G	D	E	R	K	N	Q	S	T	A	V	L	I	F	Y	W	H	M	C	P
0	0.00905	0.00755	0.00961	0.17212	0.01523	0.04412	0.00787	0.01092	0.01114	0.01502	0.02260	0.40847	0.04268	0.01214	0.00661	0.00197	0.03392	0.03613	0.08351	0.04935
1	0.05234	0.01393	0.04225	0.07949	0.07192	0.01335	0.54224	0.01672	0.01231	0.01734	0.01109	0.01556	0.00880	0.04738	0.00768	0.00204	0.02947	0.00614	0.00281	0.00714
2	0.01243	0.01054	0.01209	0.04772	0.01381	0.06634	0.00846	0.16448	0.01346	0.01828	0.01394	0.08515	0.01302	0.05065	0.25725	0.00413	0.07932	0.00600	0.00366	0.11926
3	0.05662	0.02498	0.01509	0.06866	0.01614	0.02637	0.09380	0.01344	0.01015	0.01533	0.01061	0.01495	0.00937	0.01624	0.22708	0.00374	0.19766	0.00488	0.00286	0.17204
4	0.07054	0.00686	0.00830	0.00810	0.00965	0.00685	0.00620	0.05655	0.01304	0.07110	0.19531	0.15316	0.07819	0.11370	0.05875	0.00286	0.00472	0.12571	0.00501	0.00541
5	0.01100	0.00813	0.00914	0.00889	0.01042	0.03670	0.00645	0.15036	0.02916	0.04736	0.05509	0.46982	0.04679	0.06145	0.00781	0.00222	0.00420	0.01169	0.00511	0.01823
6	0.03919	0.31406	0.25976	0.05065	0.05842	0.07822	0.01355	0.01668	0.01164	0.01528	0.01067	0.01241	0.03831	0.00572	0.00541	0.00156	0.05464	0.00404	0.00257	0.00724
7	0.00705	0.00513	0.00657	0.00739	0.00806	0.00476	0.00513	0.00833	0.01155	0.01536	0.14134	0.53041	0.12221	0.05662	0.00805	0.00231	0.00327	0.04668	0.00519	0.00459
8	0.00794	0.00617	0.00714	0.00686	0.00849	0.00571	0.00514	0.03701	0.04253	0.01919	0.37124	0.10360	0.33351	0.01256	0.00651	0.00183	0.00293	0.01080	0.00560	0.00524
9	0.05761	0.01293	0.06945	0.05197	0.01540	0.06225	0.02696	0.10894	0.06879	0.04948	0.01487	0.01784	0.05598	0.05329	0.03740	0.00234	0.21826	0.00546	0.06409	0.00670
10	0.01478	0.01104	0.01254	0.00966	0.01363	0.01057	0.00778	0.25233	0.01621	0.05373	0.01319	0.05401	0.01082	0.00615	0.00528	0.00131	0.03401	0.00480	0.08344	0.38474
11	0.00687	0.00494	0.00633	0.00738	0.00778	0.00460	0.00488	0.00777	0.01048	0.01384	0.03100	0.66628	0.08803	0.10062	0.00927	0.00255	0.00341	0.01463	0.00495	0.00439
12	0.01919	0.01394	0.01521	0.01182	0.01590	0.01508	0.00967	0.61239	0.02368	0.05363	0.06878	0.04415	0.01358	0.00725	0.00559	0.00165	0.00559	0.00567	0.00549	0.05172
13	0.01572	0.09472	0.01489	0.09514	0.01636	0.04492	0.00919	0.31693	0.01746	0.02417	0.01274	0.01438	0.00979	0.00673	0.01918	0.00162	0.02402	0.00462	0.17867	0.07873
14	0.00805	0.00656	0.01025	0.00998	0.01105	0.00637	0.09803	0.02797	0.01124	0.01509	0.02701	0.66094	0.03158	0.01528	0.00729	0.00219	0.02731	0.01401	0.00478	0.00504

[dist]
# distance from previous block
# <min> <max>
3	6

[block]
# block no. 6 follows, 43 sequences, length 20
# corresponding to MSA columns:
# 296-315
name=unknown_G
#
# <colnr> <probs for GDERKNQSTAVLIFYWHMCP>
#	G	D	E	R	K	N	Q	S	T	A	V	L	I	F	Y	W	H	M	C	P
0	0.01038	0.00803	0.00980	0.01002	0.05401	0.00807	0.00699	0.11844	0.08665	0.01984	0.15555	0.29201	0.09041	0.03781	0.00705	0.00202	0.00396	0.02880	0.00513	0.04503
1	0.01219	0.10158	0.28521	0.09828	0.06286	0.01319	0.12621	0.03561	0.05073	0.01750	0.01154	0.01518	0.00923	0.00562	0.00533	0.00165	0.00711	0.03864	0.00293	0.09939
2	0.00936	0.00627	0.00782	0.00724	0.00896	0.00581	0.00549	0.01236	0.05331	0.08521	0.53179	0.06008	0.16236	0.01134	0.00642	0.00178	0.00293	0.00986	0.00596	0.00566
3	0.02007	0.01052	0.03765	0.01000	0.01385	0.00958	0.00838	0.14169	0.06390	0.44731	0.10869	0.02164	0.04213	0.00756	0.00565	0.00171	0.00466	0.00618	0.03027	0.00857
4	0.00829	0.00666	0.00756	0.03291	0.00981	0.00636	0.00565	0.05017	0.06657	0.01787	0.17781	0.13547	0.41110	0.01282	0.00648	0.00190	0.00331	0.02861	0.00529	0.00536
5	0.01706	0.01280	0.01446	0.05312	0.01657	0.01341	0.00951	0.43062	0.06303	0.04961	0.04459	0.01722	0.01249	0.00675	0.00540	0.00156	0.00542	0.04189	0.00495	0.17955
6	0.01385	0.00815	0.00865	0.00751	0.00980	0.00855	0.00591	0.18550	0.05321	0.06930	0.01742	0.01884	0.01320	0.00658	0.00445	0.00143	0.00361	0.00520	0.55226	0.00658
7	0.05629	0.00954	0.01241	0.00970	0.01370	0.00867	0.00796	0.05626	0.04055	0.63225	0.07626	0.01994	0.01618	0.00713	0.00555	0.00172	0.00459	0.00579	0.00656	0.00895
8	0.03564	0.01195	0.01191	0.06203	0.01462	0.09752	0.00837	0.16116	0.19736	0.05002	0.14275	0.02586	0.14044	0.00859	0.00577	0.00175	0.00501	0.00699	0.00508	0.00718
9	0.06724	0.00986	0.01246	0.00975	0.01378	0.00920	0.00801	0.08652	0.04776	0.59716	0.02019	0.01804	0.01310	0.00675	0.00536	0.00169	0.00467	0.00539	0.05411	0.00897
10	0.00691	0.00499	0.00658	0.00779	0.00828	0.00466	0.00539	0.00803	0.01090	0.01438	0.03196	0.69693	0.08015	0.01699	0.00708	0.00225	0.00334	0.07368	0.00514	0.00456
11	0.01857	0.02204	0.01705	0.06016	0.05404	0.53327	0.05562	0.06632	0.05135	0.01583	0.00978	0.01156	0.00792	0.00595	0.00587	0.00157	0.04897	0.00417	0.00310	0.00686
12	0.03874	0.00762	0.00984	0.02073	0.01102	0.00804	0.02715	0.06770	0.01265	0.09431	0.08002	0.14098	0.02164	0.08334	0.05512	0.00263	0.06736	0.09198	0.15331	0.00581
13	0.00698	0.00581	0.00602	0.00596	0.00778	0.00500	0.00446	0.02535	0.01306	0.01589	0.10344	0.08337	0.67013	0.01381	0.00654	0.00187	0.00289	0.01159	0.00522	0.00482
14	0.00684	0.00498	0.00636	0.00734	0.00788	0.00460	0.00495	0.00790	0.01098	0.01448	0.07038	0.63630	0.12457	0.05468	0.00800	0.00233	0.00324	0.01460	0.00510	0.00450
15	0.01693	0.01380	0.01366	0.01201	0.04516	0.13129	0.00913	0.26567	0.09594	0.09510	0.06151	0.05600	0.05812	0.00779	0.00560	0.00166	0.00570	0.02708	0.00495	0.07290
16	0.01793	0.02076	0.01548	0.01558	0.10485	0.49327	0.01079	0.06130	0.10231	0.01639	0.01258	0.01392	0.03418	0.00808	0.04701	0.00193	0.00874	0.00452	0.00339	0.00700
17	0.00707	0.00516	0.00659	0.00735	0.00807	0.00477	0.00513	0.00840	0.01171	0.01558	0.15975	0.50566	0.13171	0.05266	0.00792	0.00227	0.00325	0.04709	0.00522	0.00462
18	0.13313	0.01237	0.03306	0.13699	0.04865	0.02393	0.01010	0.28221	0.06353	0.06746	0.07401	0.01721	0.01328	0.05243	0.00661	0.00193	0.00567	0.00535	0.00451	0.00758
19	0.01463	0.01228	0.08933	0.01159	0.04663	0.01076	0.00961	0.13237	0.17818	0.12849	0.08083	0.06307	0.03050	0.00781	0.00562	0.00169	0.00493	0.04194	0.00498	0.12478

[dist]
# distance from previous block
# <min> <max>
2	9

[block]
# block no. 7 follows, 43 sequences, length 25
# corresponding to MSA columns:
# 325-349
name=unknown_H
#
# <colnr> <probs for GDERKNQSTAVLIFYWHMCP>
#	G	D	E	R	K	N	Q	S	T	A	V	L	I	F	Y	W	H	M	C	P
0	0.03161	0.08235	0.41339	0.01503	0.02054	0.04242	0.09038	0.01665	0.01135	0.03306	0.01033	0.03229	0.00833	0.00751	0.03506	0.00208	0.13286	0.00472	0.00264	0.00739
1	0.03364	0.05703	0.07509	0.08375	0.40450	0.06229	0.02943	0.03519	0.02659	0.07555	0.03918	0.01540	0.02668	0.00570	0.00538	0.00165	0.00653	0.00507	0.00330	0.00804
2	0.04152	0.02409	0.57499	0.01599	0.05319	0.01231	0.07460	0.01746	0.01198	0.04471	0.02792	0.01286	0.00851	0.00533	0.00528	0.00170	0.00760	0.00442	0.00273	0.05281
3	0.00794	0.00576	0.00701	0.00663	0.00820	0.00514	0.00500	0.01016	0.01473	0.04246	0.52332	0.04442	0.27476	0.01203	0.00651	0.00178	0.00274	0.01041	0.00582	0.00518
4	0.00954	0.00516	0.00740	0.00747	0.00773	0.00514	0.00516	0.02391	0.00834	0.01104	0.01378	0.07256	0.03940	0.01844	0.01904	0.69073	0.00468	0.04467	0.00290	0.00292
5	0.04680	0.12365	0.37287	0.05808	0.09716	0.08545	0.06172	0.01709	0.01216	0.01675	0.02370	0.01367	0.03633	0.00560	0.00513	0.00165	0.00748	0.00451	0.00268	0.00752
6	0.01262	0.00697	0.00840	0.00742	0.00995	0.00611	0.00585	0.01485	0.03307	0.24908	0.16082	0.04026	0.37693	0.01126	0.00626	0.00182	0.00347	0.03267	0.00583	0.00634
7	0.00695	0.00494	0.00653	0.00766	0.00804	0.00465	0.00516	0.00798	0.01076	0.01440	0.06509	0.69604	0.03625	0.06372	0.00831	0.00242	0.00337	0.03815	0.00508	0.00448
8	0.01212	0.04935	0.30064	0.10158	0.35442	0.01290	0.01722	0.01647	0.01206	0.01714	0.01224	0.01475	0.04387	0.00554	0.00538	0.00170	0.00705	0.00486	0.00266	0.00803
9	0.01328	0.11637	0.29360	0.05369	0.25403	0.04175	0.01604	0.04434	0.08156	0.01800	0.01104	0.01293	0.00859	0.00538	0.00517	0.00165	0.00701	0.00446	0.00291	0.00818
10	0.02990	0.01282	0.05399	0.01144	0.01508	0.03204	0.00955	0.10354	0.40379	0.18779	0.01990	0.01958	0.01463	0.00738	0.00598	0.00184	0.02867	0.02795	0.00550	0.00865
11	0.05985	0.14278	0.13022	0.01895	0.24091	0.23277	0.01336	0.01845	0.03091	0.01621	0.00972	0.01184	0.00804	0.00668	0.03536	0.00182	0.00783	0.00408	0.00277	0.00746
12	0.01586	0.00995	0.01150	0.00981	0.01297	0.01031	0.00776	0.07643	0.31721	0.23457	0.13240	0.02579	0.09405	0.00845	0.00583	0.00180	0.00419	0.00705	0.00599	0.00809
13	0.00897	0.00662	0.00815	0.00760	0.00911	0.00648	0.00569	0.06016	0.06171	0.02183	0.56676	0.09659	0.06280	0.04389	0.00734	0.00194	0.00312	0.00985	0.00582	0.00557
14	0.15256	0.09942	0.06585	0.03019	0.05397	0.01157	0.00866	0.08483	0.09116	0.08307	0.07620	0.05552	0.09524	0.03213	0.00584	0.00181	0.00479	0.00622	0.03405	0.00694
15	0.01598	0.05289	0.01800	0.05083	0.01801	0.21080	0.12408	0.16650	0.01513	0.01906	0.01083	0.01338	0.00872	0.00764	0.02874	0.02095	0.12627	0.00478	0.08051	0.00691
16	0.00714	0.00561	0.00646	0.00657	0.00799	0.00502	0.00480	0.00914	0.03092	0.01710	0.25716	0.20287	0.39181	0.01377	0.00663	0.00191	0.00287	0.01191	0.00543	0.00490
17	0.00942	0.00645	0.00770	0.00717	0.00896	0.00594	0.00545	0.05309	0.01471	0.07600	0.35704	0.08327	0.27651	0.03632	0.00713	0.00194	0.00321	0.02853	0.00565	0.00550
18	0.17012	0.03248	0.04942	0.10208	0.04658	0.05842	0.05434	0.11282	0.05522	0.07232	0.02980	0.06795	0.01202	0.00683	0.00542	0.00173	0.02712	0.00548	0.08286	0.00701
19	0.05680	0.01744	0.01327	0.05349	0.01576	0.39033	0.00913	0.03892	0.01481	0.19297	0.01659	0.01742	0.07711	0.03645	0.00608	0.00172	0.00728	0.00504	0.02253	0.00687
20	0.00690	0.00522	0.00632	0.00697	0.00791	0.00471	0.00489	0.00819	0.01176	0.01522	0.11709	0.43901	0.27051	0.04096	0.00754	0.00218	0.00314	0.03169	0.00519	0.00461
21	0.01198	0.01390	0.09519	0.19536	0.21042	0.01259	0.28113	0.01597	0.01219	0.01673	0.01206	0.07434	0.01029	0.00595	0.00598	0.00183	0.00765	0.00626	0.00285	0.00734
22	0.12210	0.28406	0.11027	0.02493	0.05273	0.14088	0.03104	0.07734	0.01323	0.04033	0.01018	0.01152	0.01861	0.00549	0.00466	0.00150	0.01757	0.00387	0.02247	0.00722
23	0.00889	0.03907	0.00868	0.00761	0.00857	0.00705	0.00537	0.03330	0.00930	0.01283	0.01574	0.04823	0.01656	0.39046	0.29409	0.02616	0.00865	0.00686	0.00327	0.04930
24	0.01597	0.01270	0.05765	0.01121	0.01501	0.01226	0.03664	0.34770	0.06769	0.08008	0.13330	0.04467	0.03692	0.03584	0.00649	0.00180	0.00524	0.00639	0.00518	0.06725

[dist]
# distance from previous block
# <min> <max>
0	4

[block]
# block no. 8 follows, 43 sequences, length 41
# corresponding to MSA columns:
# 354-394
name=unknown_I
#
# <colnr> <probs for GDERKNQSTAVLIFYWHMCP>
#	G	D	E	R	K	N	Q	S	T	A	V	L	I	F	Y	W	H	M	C	P
0	0.01330	0.01292	0.09480	0.01970	0.25225	0.01166	0.08825	0.05613	0.01328	0.08613	0.05862	0.03849	0.04659	0.00788	0.00735	0.00190	0.09269	0.08675	0.00380	0.00751
1	0.01517	0.01241	0.01434	0.01204	0.05260	0.04620	0.03930	0.23892	0.08349	0.04669	0.01425	0.08289	0.01202	0.00657	0.00519	0.00143	0.00527	0.00546	0.00438	0.30139
2	0.00898	0.00744	0.00808	0.00795	0.00964	0.03064	0.00591	0.03012	0.13450	0.01764	0.15050	0.21502	0.25147	0.03090	0.02577	0.00217	0.00387	0.03336	0.00518	0.02087
3	0.01311	0.02536	0.54903	0.01585	0.04096	0.08664	0.05085	0.09413	0.01377	0.01913	0.03357	0.01281	0.00878	0.00560	0.00537	0.00172	0.00798	0.00445	0.00287	0.00804
4	0.00932	0.00905	0.07805	0.00960	0.01120	0.04395	0.00813	0.01126	0.00948	0.01356	0.01348	0.01931	0.01224	0.03054	0.51395	0.08775	0.04734	0.00545	0.06123	0.00512
5	0.00777	0.00537	0.00622	0.00636	0.00663	0.00531	0.00385	0.00812	0.00880	0.01162	0.02219	0.12082	0.08871	0.60087	0.07048	0.00493	0.00549	0.00909	0.00369	0.00370
6	0.01377	0.01316	0.06948	0.01671	0.03739	0.01204	0.32531	0.02048	0.19394	0.10556	0.01754	0.08059	0.01444	0.00721	0.00620	0.00191	0.00677	0.04555	0.00423	0.00772
7	0.03009	0.02586	0.65961	0.03483	0.02347	0.01251	0.05261	0.01750	0.01194	0.04069	0.03374	0.01299	0.00867	0.00547	0.00533	0.00176	0.00785	0.00443	0.00264	0.00800
8	0.00890	0.00622	0.00838	0.00946	0.01078	0.00616	0.00818	0.01139	0.01264	0.01684	0.02996	0.05815	0.07569	0.01443	0.00724	0.00239	0.00473	0.62369	0.07967	0.00508
9	0.01732	0.00941	0.01140	0.00960	0.01287	0.00927	0.00768	0.06540	0.20190	0.34777	0.09423	0.05012	0.09952	0.00875	0.00588	0.00181	0.00428	0.02855	0.00612	0.00809
10	0.01724	0.01366	0.08200	0.01138	0.01528	0.01299	0.00982	0.42422	0.04306	0.10689	0.01913	0.11693	0.06045	0.03278	0.00647	0.00188	0.00549	0.00688	0.00525	0.00819
11	0.00690	0.00492	0.00650	0.00757	0.00796	0.00460	0.00507	0.00797	0.01094	0.01471	0.09610	0.69903	0.03729	0.05232	0.00797	0.00234	0.00326	0.01488	0.00515	0.00451
12	0.00675	0.00482	0.00643	0.00771	0.00803	0.00450	0.00514	0.00771	0.01060	0.01414	0.03053	0.80175	0.03663	0.01735	0.00707	0.00225	0.00321	0.01574	0.00514	0.00450
13	0.03242	0.01441	0.07348	0.11849	0.06944	0.03330	0.01166	0.36850	0.04168	0.11683	0.01366	0.01455	0.00979	0.00706	0.02299	0.00185	0.00640	0.00497	0.03007	0.00846
14	0.01339	0.01137	0.01441	0.05326	0.10942	0.01241	0.04338	0.12839	0.33127	0.02213	0.03495	0.02586	0.07932	0.00831	0.00595	0.00189	0.00520	0.08634	0.00488	0.00787
15	0.00664	0.00563	0.00574	0.00576	0.00760	0.00473	0.00435	0.00810	0.01271	0.01519	0.07400	0.05322	0.73145	0.01399	0.00657	0.00188	0.00286	0.02971	0.00517	0.00470
16	0.00713	0.00510	0.00687	0.00815	0.00864	0.00483	0.00581	0.00838	0.01098	0.01457	0.03031	0.67067	0.03579	0.01699	0.00717	0.00230	0.00355	0.14301	0.00513	0.00461
17	0.00944	0.00851	0.10121	0.03350	0.01146	0.00686	0.03092	0.00949	0.00879	0.01208	0.01349	0.14953	0.01395	0.01735	0.06304	0.45944	0.03727	0.00671	0.00291	0.00403
18	0.01047	0.00939	0.01553	0.41003	0.13958	0.01063	0.04585	0.01297	0.01099	0.01441	0.01561	0.04373	0.09230	0.00855	0.00813	0.10649	0.03046	0.00606	0.00289	0.00592
19	0.00945	0.00484	0.00712	0.00716	0.00716	0.00484	0.00473	0.00728	0.00735	0.00980	0.01063	0.03776	0.01095	0.06765	0.02168	0.76647	0.00480	0.00528	0.00253	0.00252
20	0.01369	0.01115	0.01267	0.00925	0.01406	0.00964	0.00748	0.18408	0.01484	0.02193	0.01064	0.01190	0.00848	0.00469	0.00443	0.00101	0.00456	0.00367	0.00380	0.64802
21	0.08877	0.01250	0.01492	0.02358	0.01588	0.05887	0.09164	0.17913	0.01493	0.02177	0.03520	0.05192	0.01096	0.00608	0.00557	0.00143	0.04112	0.00494	0.00385	0.31693
22	0.02125	0.01405	0.01558	0.01197	0.01627	0.01506	0.00984	0.58877	0.02348	0.16836	0.01489	0.01485	0.01045	0.02671	0.00609	0.00175	0.00579	0.00514	0.00568	0.02402
23	0.01046	0.00984	0.01661	0.79205	0.03814	0.01230	0.01538	0.01415	0.01107	0.01415	0.00984	0.01477	0.00738	0.00554	0.00554	0.00185	0.00738	0.00492	0.00246	0.00615
24	0.00791	0.00579	0.00814	0.00814	0.00891	0.00650	0.00600	0.00940	0.00879	0.01240	0.01648	0.02599	0.03395	0.22309	0.58408	0.00788	0.01228	0.00658	0.00311	0.00456
25	0.01425	0.01125	0.01474	0.11503	0.01749	0.01279	0.03282	0.18430	0.03090	0.06672	0.01251	0.03944	0.01034	0.02603	0.02619	0.00202	0.20338	0.00527	0.05623	0.11830
26	0.00817	0.00604	0.00767	0.00720	0.00863	0.00574	0.00542	0.01155	0.06152	0.02208	0.70312	0.04041	0.06903	0.01116	0.00648	0.00175	0.00273	0.00983	0.00604	0.00543
27	0.08457	0.00536	0.00720	0.00712	0.00749	0.00551	0.00487	0.00831	0.00763	0.01154	0.00987	0.01632	0.00952	0.01734	0.01913	0.72206	0.00465	0.00467	0.04400	0.00286
28	0.01875	0.01819	0.01770	0.01523	0.05787	0.25245	0.07723	0.32051	0.09189	0.02383	0.01214	0.01311	0.00923	0.00630	0.00600	0.00166	0.04082	0.00480	0.00420	0.00808
29	0.01689	0.37656	0.02095	0.01146	0.01502	0.37080	0.00966	0.01858	0.01369	0.01410	0.07631	0.01231	0.01117	0.00577	0.00448	0.00135	0.00750	0.00387	0.00293	0.00662
30	0.11414	0.01108	0.01203	0.03001	0.05486	0.06816	0.00817	0.10580	0.05878	0.16741	0.13641	0.01898	0.01713	0.00706	0.00556	0.01203	0.01691	0.00548	0.05926	0.09073
31	0.01629	0.03613	0.07975	0.05012	0.18354	0.18070	0.01191	0.04158	0.02503	0.16175	0.01754	0.02123	0.06901	0.00726	0.00561	0.00172	0.00665	0.07261	0.00403	0.00754
32	0.00706	0.00505	0.00657	0.00745	0.00796	0.00472	0.00506	0.00824	0.01127	0.01516	0.14184	0.58716	0.05993	0.07978	0.00869	0.00242	0.00332	0.02865	0.00514	0.00453
33	0.00830	0.00621	0.00863	0.07922	0.01251	0.00627	0.00800	0.01038	0.01191	0.01544	0.02976	0.23850	0.09252	0.03951	0.00787	0.00244	0.00466	0.40808	0.00482	0.00496
34	0.11866	0.05302	0.16050	0.03416	0.11209	0.11812	0.01219	0.17055	0.01561	0.07291	0.07031	0.01447	0.01164	0.00612	0.00513	0.00164	0.00652	0.00471	0.00386	0.00776
35	0.09939	0.02732	0.01268	0.01411	0.18330	0.01013	0.00894	0.12531	0.02703	0.04121	0.14824	0.04778	0.13441	0.03308	0.00638	0.00187	0.00462	0.04195	0.02546	0.00679
36	0.00688	0.00491	0.00652	0.00773	0.00810	0.00460	0.00522	0.00792	0.01076	0.01438	0.05249	0.73694	0.03655	0.03623	0.00758	0.00232	0.00331	0.03792	0.00513	0.00451
37	0.13020	0.13629	0.29646	0.03100	0.01790	0.04213	0.03555	0.01795	0.01206	0.13806	0.01302	0.08304	0.01067	0.00651	0.00500	0.00169	0.00639	0.00513	0.00350	0.00745
38	0.03543	0.15307	0.01669	0.03507	0.01545	0.13383	0.04995	0.07797	0.11005	0.11539	0.07455	0.03976	0.02836	0.00795	0.01774	0.00180	0.03710	0.03832	0.00429	0.00724
39	0.02901	0.00752	0.00921	0.03279	0.01062	0.02203	0.00683	0.04247	0.02315	0.01696	0.19833	0.09544	0.11980	0.12340	0.07656	0.00305	0.09578	0.07736	0.00448	0.00520
40	0.01211	0.00870	0.01069	0.10266	0.08735	0.02805	0.00807	0.11534	0.01340	0.02029	0.01572	0.06641	0.01328	0.02223	0.03812	0.00193	0.03100	0.00577	0.39268	0.00620

[dist]
# distance from previous block
# <min> <max>
0	3

[block]
# block no. 9 follows, 43 sequences, length 30
# corresponding to MSA columns:
# 398-427
name=unknown_J
#
# <colnr> <probs for GDERKNQSTAVLIFYWHMCP>
#	G	D	E	R	K	N	Q	S	T	A	V	L	I	F	Y	W	H	M	C	P
0	0.01414	0.47518	0.22229	0.04613	0.01810	0.06905	0.01279	0.03784	0.01200	0.01492	0.00858	0.01016	0.00717	0.00516	0.00461	0.00142	0.02713	0.00349	0.00249	0.00734
1	0.06559	0.00939	0.01018	0.02297	0.01194	0.02671	0.00725	0.15490	0.11348	0.04148	0.05591	0.11414	0.08775	0.07927	0.01969	0.00226	0.00474	0.08418	0.05382	0.03435
2	0.05932	0.08084	0.06491	0.01204	0.01634	0.03806	0.01045	0.45941	0.10050	0.04428	0.01345	0.01383	0.00994	0.00804	0.04192	0.00199	0.00644	0.00482	0.00481	0.00861
3	0.04932	0.00644	0.00754	0.00730	0.00880	0.00634	0.00543	0.01177	0.06695	0.04034	0.31792	0.16031	0.17723	0.03804	0.00724	0.00197	0.02283	0.01007	0.04879	0.00537
4	0.04278	0.01201	0.03621	0.10424	0.31301	0.01186	0.07093	0.04953	0.07358	0.14398	0.07391	0.01731	0.01343	0.00610	0.00561	0.00173	0.00602	0.00559	0.00402	0.00813
5	0.00994	0.00670	0.00801	0.00755	0.00925	0.02175	0.00571	0.01259	0.04586	0.10054	0.40042	0.10045	0.16280	0.04271	0.00730	0.00198	0.00336	0.04177	0.00571	0.00562
6	0.02091	0.01030	0.01400	0.05046	0.09183	0.00983	0.00945	0.10501	0.04259	0.49483	0.07610	0.01929	0.01548	0.00694	0.00563	0.00172	0.00501	0.00577	0.00598	0.00886
7	0.00916	0.00666	0.00816	0.00763	0.00925	0.00646	0.00575	0.05889	0.06272	0.03654	0.51215	0.12464	0.10734	0.01161	0.00645	0.00181	0.00307	0.01016	0.00586	0.00567
8	0.00690	0.00500	0.00655	0.00774	0.00825	0.00465	0.00535	0.00802	0.01092	0.01439	0.03244	0.68686	0.09378	0.01693	0.00707	0.00224	0.00332	0.06988	0.00514	0.00456
9	0.01307	0.01381	0.04811	0.10030	0.42813	0.01349	0.23204	0.01680	0.01239	0.01739	0.01044	0.01404	0.00841	0.00513	0.00635	0.00177	0.04225	0.00537	0.00271	0.00801
10	0.00853	0.00561	0.00726	0.00801	0.00881	0.00529	0.00555	0.04175	0.01167	0.06370	0.02989	0.69718	0.05332	0.01612	0.00689	0.00218	0.00343	0.01451	0.00527	0.00503
11	0.00815	0.00581	0.00831	0.00831	0.00924	0.00663	0.00634	0.01001	0.00908	0.01340	0.01536	0.02288	0.01441	0.10307	0.64708	0.00790	0.01290	0.00604	0.08024	0.00483
12	0.02025	0.01363	0.01621	0.01252	0.01676	0.01451	0.05701	0.46697	0.09721	0.18151	0.01593	0.01584	0.01125	0.02653	0.00618	0.00180	0.00583	0.00541	0.00559	0.00908
13	0.02270	0.01116	0.01374	0.01066	0.01483	0.01090	0.00876	0.23327	0.05492	0.50402	0.04262	0.01806	0.01384	0.00697	0.00559	0.00171	0.00503	0.00558	0.00640	0.00926
14	0.00679	0.00507	0.00631	0.00717	0.00792	0.00460	0.00493	0.00798	0.01146	0.01495	0.09322	0.57122	0.20598	0.01612	0.00691	0.00212	0.00307	0.01437	0.00522	0.00460
15	0.05192	0.00947	0.01270	0.00977	0.01402	0.00828	0.00807	0.02664	0.01564	0.74989	0.02138	0.01853	0.01345	0.00680	0.00550	0.00171	0.00470	0.00548	0.00674	0.00931
16	0.00675	0.00482	0.00643	0.00771	0.00803	0.00450	0.00514	0.00771	0.01060	0.01414	0.03053	0.80175	0.03663	0.01735	0.00707	0.00225	0.00321	0.01574	0.00514	0.00450
17	0.01032	0.00516	0.00516	0.00516	0.00645	0.00516	0.00387	0.01290	0.01161	0.02065	0.01807	0.02065	0.01420	0.00645	0.00387	0.00129	0.00258	0.00516	0.83611	0.00516
18	0.57971	0.07565	0.01141	0.00866	0.01227	0.08828	0.00717	0.05712	0.01165	0.09162	0.00938	0.01021	0.00708	0.00540	0.00390	0.00164	0.00511	0.00339	0.00371	0.00662
19	0.09026	0.09605	0.01631	0.01327	0.03485	0.41376	0.01026	0.07693	0.01417	0.01628	0.00979	0.01170	0.02250	0.00754	0.03274	0.00185	0.11804	0.00402	0.00306	0.00661
20	0.59079	0.00957	0.00849	0.00749	0.01059	0.01053	0.00607	0.01625	0.01135	0.10373	0.16084	0.01650	0.01604	0.00656	0.00427	0.00172	0.00400	0.00467	0.00432	0.00621
21	0.02281	0.00954	0.01257	0.00988	0.01390	0.00865	0.00808	0.02651	0.10086	0.65449	0.05603	0.02009	0.01584	0.00713	0.00562	0.00173	0.00458	0.00585	0.00668	0.00916
22	0.01209	0.01208	0.02603	0.06030	0.24781	0.11560	0.05897	0.01503	0.02790	0.01706	0.10350	0.12315	0.02087	0.00909	0.00616	0.00188	0.00612	0.12581	0.00387	0.00667
23	0.01185	0.01396	0.14047	0.07129	0.44309	0.01151	0.01497	0.01569	0.03215	0.01773	0.06417	0.06812	0.05733	0.00683	0.00569	0.00174	0.00614	0.00625	0.00325	0.00778
24	0.00689	0.00493	0.00633	0.00739	0.00777	0.00461	0.00488	0.00777	0.01043	0.01379	0.03060	0.66619	0.08032	0.10868	0.00949	0.00259	0.00344	0.01460	0.00493	0.00438
25	0.00685	0.00497	0.00648	0.00757	0.00810	0.00460	0.00517	0.00798	0.01109	0.01469	0.07103	0.68263	0.09535	0.01672	0.00702	0.00220	0.00320	0.03460	0.00519	0.00457
26	0.05677	0.10875	0.43657	0.01744	0.11744	0.03133	0.08132	0.05580	0.01260	0.01834	0.00989	0.01183	0.00745	0.00519	0.00513	0.00167	0.00756	0.00427	0.00267	0.00799
27	0.09192	0.20295	0.01837	0.06962	0.03399	0.42286	0.01052	0.03559	0.01369	0.01506	0.00848	0.01022	0.00714	0.00556	0.00503	0.00147	0.03452	0.00358	0.00281	0.00663
28	0.53005	0.01448	0.15185	0.01404	0.16102	0.01265	0.01079	0.01665	0.01046	0.02219	0.00865	0.01041	0.00672	0.00512	0.00416	0.00171	0.00545	0.00358	0.00309	0.00694
29	0.01214	0.10582	0.44220	0.01700	0.14704	0.01307	0.01642	0.01747	0.04528	0.03928	0.08152	0.01511	0.01218	0.00586	0.00526	0.00168	0.00689	0.00481	0.00303	0.00795

[dist]
# distance from previous block
# <min> <max>
1	2

[block]
# block no. 10 follows, 43 sequences, length 33
# corresponding to MSA columns:
# 432-464
name=unknown_K
#
# <colnr> <probs for GDERKNQSTAVLIFYWHMCP>
#	G	D	E	R	K	N	Q	S	T	A	V	L	I	F	Y	W	H	M	C	P
0	0.00767	0.00558	0.00711	0.00754	0.00859	0.00516	0.00549	0.00930	0.02609	0.01620	0.18684	0.36237	0.14319	0.01485	0.00780	0.05950	0.00338	0.08238	0.00509	0.03588
1	0.01418	0.06416	0.13125	0.01466	0.10290	0.01156	0.08923	0.07122	0.04555	0.12376	0.03936	0.05376	0.01286	0.05197	0.00712	0.00184	0.03369	0.00567	0.01887	0.10639
2	0.01216	0.01009	0.01464	0.01619	0.17277	0.03553	0.08138	0.01654	0.11077	0.07065	0.02352	0.06728	0.08242	0.01067	0.02178	0.00217	0.00578	0.23433	0.00446	0.00686
3	0.00826	0.00625	0.00778	0.00823	0.00965	0.00603	0.00662	0.01114	0.05819	0.01727	0.17438	0.10355	0.21070	0.04345	0.00778	0.00228	0.00392	0.30411	0.00527	0.00514
4	0.06633	0.00643	0.00784	0.00721	0.00905	0.00602	0.00550	0.01295	0.01436	0.12794	0.44279	0.09000	0.10185	0.01059	0.00604	0.00175	0.00308	0.00912	0.06538	0.00577
5	0.01389	0.09870	0.07505	0.06328	0.04609	0.04881	0.23963	0.10827	0.01379	0.03672	0.03054	0.04217	0.01068	0.00762	0.03496	0.00203	0.08454	0.00566	0.03038	0.00722
6	0.01377	0.00827	0.00915	0.00805	0.01023	0.00856	0.00621	0.21257	0.01554	0.08681	0.01905	0.14308	0.01670	0.04560	0.00611	0.00177	0.00394	0.00696	0.37117	0.00648
7	0.00826	0.00592	0.00814	0.00934	0.01038	0.00580	0.00770	0.01037	0.01227	0.01606	0.05278	0.25700	0.05072	0.01569	0.00744	0.00243	0.00447	0.50515	0.00514	0.00493
8	0.42527	0.22228	0.09528	0.00928	0.01341	0.03452	0.00881	0.04755	0.01098	0.02029	0.00869	0.01034	0.00711	0.00763	0.05734	0.00206	0.00607	0.00341	0.00308	0.00660
9	0.03368	0.01640	0.11253	0.06034	0.21732	0.11043	0.06390	0.17157	0.03847	0.03819	0.02728	0.03343	0.03900	0.00632	0.00554	0.00169	0.00689	0.00539	0.00369	0.00794
10	0.02016	0.01489	0.01607	0.01256	0.01677	0.01646	0.01039	0.68988	0.04586	0.03353	0.01447	0.01631	0.01091	0.00717	0.00566	0.00172	0.00599	0.04654	0.00552	0.00915
11	0.01425	0.04931	0.04892	0.13842	0.05278	0.16884	0.09303	0.07990	0.01311	0.01651	0.02768	0.01513	0.00971	0.00816	0.03531	0.00210	0.18771	0.02935	0.00303	0.00675
12	0.01247	0.05564	0.01281	0.00885	0.01327	0.00925	0.00719	0.08074	0.01275	0.03131	0.01208	0.04626	0.02689	0.00539	0.00488	0.00107	0.03093	0.00423	0.00359	0.62042
13	0.01095	0.03253	0.01352	0.01125	0.01299	0.01100	0.06371	0.08293	0.03029	0.01650	0.01789	0.15260	0.06832	0.03398	0.14627	0.00328	0.20927	0.00749	0.02017	0.05506
14	0.01801	0.05070	0.01440	0.01099	0.01460	0.06750	0.00889	0.38590	0.04202	0.12247	0.06349	0.07195	0.05027	0.02457	0.00606	0.00175	0.00550	0.00629	0.00526	0.02938
15	0.01099	0.00724	0.00886	0.00801	0.01006	0.00706	0.00615	0.01572	0.14741	0.11985	0.46769	0.04963	0.09829	0.01039	0.00626	0.00178	0.00323	0.00901	0.00602	0.00634
16	0.01163	0.01167	0.01839	0.61435	0.09174	0.06544	0.07881	0.01522	0.01168	0.01472	0.00992	0.01437	0.00756	0.00543	0.00558	0.00180	0.00767	0.00497	0.00254	0.00648
17	0.00715	0.00597	0.00683	0.06012	0.00998	0.00539	0.00545	0.00893	0.01288	0.01587	0.13297	0.04998	0.57706	0.01323	0.00656	0.00191	0.00327	0.06651	0.00507	0.00487
