[name]
unknown

[dist]
# distance from previous block
# <min> <max>
6	104

[block]
# block no. 0 follows, 39 sequences, length 10
# corresponding to MSA columns:
# 148-157
name=unknown_A
#
# <colnr> <probs for GDERKNQSTAVLIFYWHMCP>
#	G	D	E	R	K	N	Q	S	T	A	V	L	I	F	Y	W	H	M	C	P
0	0.05225	0.01213	0.04457	0.05227	0.03142	0.01221	0.02588	0.19209	0.06460	0.07466	0.05157	0.08683	0.03781	0.05812	0.00864	0.00215	0.06985	0.03540	0.00479	0.08275
1	0.15473	0.00804	0.00893	0.02872	0.01104	0.00820	0.00648	0.06807	0.01363	0.07225	0.13034	0.16554	0.12681	0.11619	0.00948	0.00253	0.00438	0.05355	0.00514	0.00592
2	0.16258	0.01272	0.01452	0.06322	0.01700	0.03378	0.05479	0.21142	0.11286	0.02549	0.07160	0.05325	0.05201	0.00797	0.00626	0.00187	0.03791	0.00635	0.00478	0.04962
3	0.21970	0.00946	0.01142	0.12317	0.01614	0.01028	0.03592	0.05544	0.05358	0.05114	0.09717	0.13533	0.05742	0.05892	0.00742	0.00224	0.00508	0.03918	0.00462	0.00640
4	0.01585	0.01314	0.01422	0.01390	0.09357	0.08624	0.00965	0.26951	0.06310	0.02334	0.01577	0.04786	0.01399	0.13760	0.12745	0.00359	0.00795	0.00635	0.02939	0.00753
5	0.04983	0.01224	0.01611	0.44398	0.04802	0.07347	0.01348	0.08645	0.01393	0.01875	0.06008	0.01694	0.01162	0.00677	0.00663	0.00190	0.05864	0.00542	0.04886	0.00687
6	0.29136	0.01090	0.01281	0.06194	0.03098	0.04490	0.08048	0.01546	0.01120	0.02028	0.01224	0.04617	0.01064	0.03589	0.00796	0.05058	0.07078	0.00521	0.14062	0.03961
7	0.00883	0.00642	0.00794	0.00785	0.00858	0.00685	0.00536	0.01078	0.05799	0.01346	0.02101	0.03354	0.07197	0.42377	0.28376	0.00653	0.00898	0.00797	0.00374	0.00466
8	0.37620	0.01184	0.01168	0.00960	0.01343	0.01284	0.00787	0.20768	0.01643	0.15900	0.04628	0.01519	0.01170	0.00664	0.00484	0.00178	0.00494	0.00476	0.06939	0.00791
9	0.03442	0.10089	0.04929	0.06677	0.08418	0.06350	0.04221	0.23055	0.04804	0.07182	0.01275	0.01509	0.01003	0.03907	0.00831	0.00201	0.10341	0.00518	0.00416	0.00833

[dist]
# distance from previous block
# <min> <max>
2	8

[block]
# block no. 1 follows, 39 sequences, length 30
# corresponding to MSA columns:
# 166-195
name=unknown_B
#
# <colnr> <probs for GDERKNQSTAVLIFYWHMCP>
#	G	D	E	R	K	N	Q	S	T	A	V	L	I	F	Y	W	H	M	C	P
0	0.16171	0.30276	0.02153	0.07046	0.12805	0.11949	0.01124	0.04503	0.03870	0.01850	0.00978	0.01158	0.00816	0.00553	0.00461	0.00156	0.00672	0.00394	0.00314	0.02753
1	0.21048	0.24558	0.18697	0.01244	0.04512	0.01657	0.01207	0.11360	0.01382	0.02161	0.01047	0.03355	0.00864	0.00593	0.00467	0.00164	0.00634	0.00422	0.00339	0.04292
2	0.03807	0.01169	0.01393	0.04012	0.01582	0.01166	0.00902	0.12022	0.08872	0.07249	0.01315	0.01471	0.01035	0.00794	0.04127	0.00185	0.09672	0.00464	0.00421	0.38343
3	0.04049	0.14251	0.01975	0.09952	0.01980	0.07252	0.08948	0.14936	0.04375	0.09061	0.03054	0.03625	0.01160	0.00692	0.00655	0.00177	0.06488	0.00546	0.03874	0.02951
4	0.00757	0.00553	0.00715	0.00802	0.00882	0.00511	0.00568	0.00910	0.01275	0.01700	0.17022	0.51429	0.12281	0.01676	0.00742	0.00228	0.00341	0.06539	0.00568	0.00502
5	0.01791	0.16496	0.01912	0.03262	0.05553	0.08238	0.01061	0.28323	0.09403	0.02491	0.01274	0.01353	0.00988	0.00612	0.00520	0.00153	0.00634	0.00460	0.00437	0.15039
6	0.01117	0.01051	0.01774	0.77795	0.04073	0.01314	0.01642	0.01511	0.01182	0.01511	0.01051	0.01577	0.00788	0.00591	0.00591	0.00197	0.00788	0.00526	0.00263	0.00657
7	0.03714	0.35806	0.27805	0.01411	0.05590	0.05617	0.01448	0.05222	0.01343	0.05600	0.01029	0.01161	0.00810	0.00554	0.00481	0.00158	0.00730	0.00396	0.00300	0.00825
8	0.00985	0.00605	0.00751	0.00737	0.00763	0.00612	0.00464	0.04602	0.00941	0.01256	0.01610	0.06877	0.01775	0.43158	0.02514	0.30339	0.00544	0.00760	0.00344	0.00361
9	0.00843	0.00594	0.00740	0.00813	0.00864	0.00581	0.00541	0.04623	0.01154	0.01538	0.02798	0.53278	0.03289	0.21854	0.01333	0.00324	0.00425	0.03430	0.00502	0.00478
10	0.01601	0.00898	0.01278	0.14329	0.05551	0.00886	0.00939	0.01948	0.04872	0.28697	0.29035	0.02808	0.02859	0.00877	0.00632	0.00187	0.00478	0.00758	0.00592	0.00773
11	0.05657	0.01509	0.02815	0.10605	0.22405	0.04232	0.40260	0.01842	0.01350	0.01887	0.01129	0.01506	0.00878	0.00523	0.00633	0.00190	0.00871	0.00603	0.00297	0.00808
12	0.00769	0.00587	0.00857	0.04890	0.01116	0.00565	0.03575	0.00903	0.01146	0.01525	0.03061	0.71669	0.03626	0.01732	0.00744	0.00236	0.00393	0.01581	0.00524	0.00502
13	0.01027	0.00514	0.00770	0.00770	0.00770	0.00514	0.00514	0.00770	0.00770	0.01027	0.01027	0.01798	0.01027	0.02054	0.02311	0.82794	0.00514	0.00514	0.00257	0.00257
14	0.03207	0.00747	0.02917	0.05346	0.01171	0.00682	0.00686	0.01272	0.04802	0.05866	0.37365	0.17388	0.13797	0.01248	0.00679	0.00199	0.00365	0.01091	0.00579	0.00593
15	0.02009	0.07809	0.25227	0.01278	0.01864	0.01248	0.01319	0.10770	0.01642	0.36220	0.03646	0.01682	0.01238	0.00671	0.00570	0.00179	0.00642	0.00528	0.00523	0.00933
16	0.01429	0.50041	0.31295	0.01272	0.01920	0.01967	0.01465	0.01810	0.01220	0.01577	0.00914	0.01064	0.00755	0.00528	0.00450	0.00150	0.00726	0.00363	0.00252	0.00803
17	0.01241	0.01150	0.04252	0.22564	0.30861	0.01160	0.01434	0.04183	0.01316	0.03450	0.01666	0.17801	0.01629	0.00880	0.00632	0.00200	0.00643	0.03816	0.00368	0.00752
18	0.01393	0.01313	0.02200	0.24609	0.52646	0.01394	0.01742	0.04252	0.01350	0.01876	0.01106	0.01494	0.00897	0.00552	0.00587	0.00182	0.00725	0.00527	0.00295	0.00860
19	0.01329	0.05247	0.01900	0.10993	0.35660	0.04105	0.03414	0.01652	0.02859	0.03730	0.01701	0.08044	0.03206	0.03721	0.00712	0.00208	0.00660	0.09726	0.00366	0.00769
20	0.01313	0.05550	0.11151	0.07326	0.12112	0.03958	0.19544	0.03801	0.07362	0.01867	0.01594	0.09349	0.01452	0.02271	0.00677	0.00202	0.00736	0.06278	0.00366	0.03090
21	0.05941	0.01488	0.04859	0.18729	0.39367	0.07717	0.01590	0.04827	0.01383	0.05251	0.01126	0.01438	0.00891	0.00578	0.00599	0.00181	0.02372	0.00503	0.00321	0.00838
22	0.01507	0.09834	0.10606	0.04575	0.01632	0.04326	0.01029	0.14645	0.06109	0.09320	0.04828	0.04263	0.09899	0.05044	0.04282	0.00231	0.00637	0.00649	0.00457	0.06128
23	0.10526	0.01024	0.02619	0.28570	0.09762	0.01096	0.01198	0.01690	0.01274	0.14563	0.03050	0.09315	0.03418	0.00933	0.02787	0.00221	0.02376	0.04446	0.00416	0.00715
24	0.14164	0.05590	0.17080	0.22439	0.07786	0.01331	0.04754	0.01908	0.01273	0.14653	0.01232	0.01443	0.00888	0.00600	0.00575	0.00187	0.02459	0.00485	0.00360	0.00791
25	0.01343	0.04437	0.02074	0.23546	0.43153	0.01360	0.01587	0.04893	0.01361	0.01847	0.01514	0.01833	0.07242	0.00635	0.00589	0.00182	0.00687	0.00580	0.00318	0.00818
26	0.08287	0.05259	0.02031	0.38554	0.15258	0.01398	0.09733	0.05199	0.01325	0.03620	0.03127	0.01556	0.00970	0.00588	0.00576	0.00187	0.00734	0.00534	0.00318	0.00746
27	0.04521	0.01051	0.01514	0.24104	0.20372	0.03957	0.01214	0.03222	0.01221	0.01659	0.01700	0.10297	0.06186	0.05892	0.04965	0.05726	0.00692	0.00710	0.00342	0.00654
28	0.19078	0.01084	0.01606	0.36431	0.12128	0.01237	0.04943	0.01556	0.01199	0.01871	0.03456	0.01947	0.03830	0.00783	0.02724	0.00216	0.00693	0.04209	0.00329	0.00678
29	0.05224	0.01262	0.01971	0.09590	0.40677	0.02788	0.04699	0.01846	0.03938	0.08740	0.06226	0.01949	0.03432	0.00673	0.00634	0.00186	0.02763	0.02184	0.00380	0.00839

[dist]
# distance from previous block
# <min> <max>
14	47

[block]
# block no. 2 follows, 39 sequences, length 10
# corresponding to MSA columns:
# 244-253
name=unknown_C
#
# <colnr> <probs for GDERKNQSTAVLIFYWHMCP>
#	G	D	E	R	K	N	Q	S	T	A	V	L	I	F	Y	W	H	M	C	P
0	0.01426	0.10302	0.13781	0.07196	0.02517	0.01486	0.32491	0.02054	0.12019	0.06089	0.01432	0.04069	0.01114	0.00617	0.00616	0.00190	0.00797	0.00626	0.00361	0.00817
1	0.01240	0.09999	0.11199	0.05442	0.01723	0.01139	0.03355	0.01729	0.09738	0.01954	0.10300	0.01736	0.01527	0.00609	0.00515	0.00140	0.00538	0.00504	0.00386	0.36226
2	0.10890	0.01117	0.01295	0.00975	0.01456	0.00994	0.00795	0.10267	0.01526	0.25097	0.01465	0.01462	0.01047	0.00573	0.00496	0.00138	0.00485	0.00444	0.00498	0.38981
3	0.01042	0.00858	0.01008	0.00829	0.01168	0.00717	0.00639	0.01374	0.06145	0.01993	0.19610	0.09643	0.10938	0.00897	0.00570	0.00145	0.00377	0.00768	0.00480	0.40800
4	0.02039	0.01791	0.10430	0.01650	0.10083	0.01733	0.01323	0.57332	0.02445	0.03314	0.01344	0.01405	0.00968	0.00673	0.00587	0.00178	0.00682	0.00521	0.00519	0.00983
5	0.01332	0.01598	0.09011	0.16548	0.09014	0.01444	0.48491	0.01815	0.01340	0.01824	0.01152	0.01553	0.00868	0.00523	0.00658	0.00196	0.00925	0.00631	0.00288	0.00789
6	0.11815	0.01294	0.01511	0.03063	0.10105	0.01408	0.01040	0.34689	0.04528	0.06785	0.01605	0.10082	0.01362	0.01097	0.06707	0.00248	0.00662	0.00649	0.00504	0.00846
7	0.07872	0.07286	0.01283	0.00990	0.01272	0.01135	0.00810	0.19894	0.01692	0.02401	0.20340	0.04255	0.04947	0.01498	0.12407	0.00302	0.00650	0.06604	0.00503	0.03861
8	0.14851	0.01479	0.04454	0.01512	0.01937	0.01564	0.17617	0.19220	0.20389	0.02564	0.01462	0.01572	0.01100	0.00680	0.00689	0.00196	0.06847	0.00567	0.00452	0.00848
9	0.25423	0.09813	0.11569	0.09916	0.01737	0.01333	0.01074	0.03928	0.01139	0.04307	0.01129	0.01503	0.00945	0.04376	0.14787	0.00340	0.05207	0.00465	0.00330	0.00679

[dist]
# distance from previous block
# <min> <max>
0	1

[block]
# block no. 3 follows, 39 sequences, length 187
# corresponding to MSA columns:
# 255-353,360-447
name=unknown_D
#
# <colnr> <probs for GDERKNQSTAVLIFYWHMCP>
#	G	D	E	R	K	N	Q	S	T	A	V	L	I	F	Y	W	H	M	C	P
0	0.01001	0.13897	0.01214	0.00892	0.03154	0.00928	0.00645	0.01172	0.03102	0.01463	0.02300	0.18295	0.09790	0.22735	0.09151	0.00364	0.00601	0.00892	0.00399	0.08003
1	0.00920	0.09156	0.04788	0.00895	0.01055	0.00788	0.00702	0.02860	0.01180	0.01591	0.02606	0.51659	0.02994	0.05577	0.03001	0.00254	0.00462	0.03234	0.03193	0.03083
2	0.03475	0.01901	0.25874	0.12296	0.25341	0.01416	0.07060	0.07249	0.01380	0.01993	0.01097	0.01391	0.00845	0.00573	0.00623	0.00185	0.03336	0.00500	0.00301	0.03164
3	0.01382	0.14238	0.01588	0.00950	0.01462	0.03381	0.00794	0.06294	0.01338	0.01942	0.01033	0.01188	0.00862	0.00472	0.00441	0.00102	0.00503	0.00358	0.00349	0.61326
4	0.03848	0.01249	0.04949	0.01371	0.07874	0.02823	0.02782	0.12574	0.20381	0.11054	0.02183	0.16750	0.03853	0.02966	0.00714	0.00209	0.02265	0.00814	0.00526	0.00814
5	0.01974	0.05817	0.01686	0.01260	0.01692	0.03827	0.01031	0.47943	0.12392	0.04992	0.01603	0.05385	0.01246	0.00750	0.00579	0.00175	0.00604	0.00583	0.00553	0.05908
6	0.01306	0.01039	0.01203	0.00955	0.01347	0.00937	0.00752	0.16260	0.01543	0.02213	0.04699	0.11955	0.05270	0.01008	0.05170	0.00188	0.00526	0.00656	0.00447	0.42527
7	0.01133	0.09287	0.52887	0.01414	0.02083	0.01272	0.01709	0.01663	0.01275	0.01834	0.09267	0.06184	0.03707	0.03004	0.00646	0.00196	0.00733	0.00601	0.00322	0.00782
8	0.01186	0.03059	0.76153	0.01686	0.02560	0.01373	0.02185	0.01873	0.01249	0.01873	0.01061	0.01249	0.00749	0.00562	0.00562	0.00187	0.00874	0.00437	0.00250	0.00874
9	0.02101	0.00945	0.01232	0.00992	0.01364	0.00863	0.00801	0.04399	0.07232	0.50237	0.18125	0.02643	0.04643	0.00863	0.00621	0.00185	0.00450	0.00721	0.00695	0.00889
10	0.01336	0.01281	0.02284	0.13743	0.44708	0.01305	0.12714	0.01678	0.01293	0.01799	0.01247	0.03254	0.01083	0.00755	0.02356	0.03844	0.00758	0.03449	0.00304	0.00811
11	0.00768	0.00573	0.00714	0.00739	0.00856	0.00519	0.00531	0.00960	0.01422	0.01915	0.36071	0.29558	0.20230	0.01487	0.00717	0.00207	0.00305	0.01313	0.00595	0.00519
12	0.02329	0.01281	0.09551	0.01267	0.05753	0.02891	0.01064	0.02612	0.01609	0.58313	0.02198	0.02070	0.03206	0.00738	0.00597	0.00185	0.00565	0.02179	0.00635	0.00957
13	0.01259	0.01080	0.01241	0.00919	0.01419	0.00878	0.00732	0.01707	0.10869	0.01999	0.01230	0.01355	0.00998	0.00486	0.00460	0.00102	0.00442	0.00392	0.00383	0.72048
14	0.00721	0.00515	0.00686	0.00823	0.00858	0.00480	0.00549	0.00823	0.01132	0.01510	0.03259	0.78831	0.03911	0.01853	0.00755	0.00240	0.00343	0.01681	0.00549	0.00480
15	0.00721	0.00515	0.00686	0.00823	0.00858	0.00480	0.00549	0.00823	0.01132	0.01510	0.03259	0.78831	0.03911	0.01853	0.00755	0.00240	0.00343	0.01681	0.00549	0.00480
16	0.02568	0.01143	0.01457	0.01117	0.01578	0.01073	0.00923	0.17780	0.01922	0.60715	0.02141	0.01888	0.01367	0.00727	0.00594	0.00182	0.00534	0.00582	0.00702	0.01006
17	0.01117	0.01051	0.01774	0.77795	0.04073	0.01314	0.01642	0.01511	0.01182	0.01511	0.01051	0.01577	0.00788	0.00591	0.00591	0.00197	0.00788	0.00526	0.00263	0.00657
18	0.02362	0.01473	0.01661	0.01274	0.01743	0.01562	0.01052	0.53635	0.02474	0.24081	0.01677	0.01587	0.01135	0.00716	0.00592	0.00179	0.00609	0.00550	0.00631	0.01006
19	0.02158	0.06634	0.01739	0.01489	0.01805	0.71135	0.01131	0.02352	0.03549	0.01471	0.00948	0.01090	0.00789	0.00609	0.00527	0.00152	0.01029	0.00385	0.00310	0.00696
20	0.00737	0.00527	0.00706	0.00843	0.00884	0.00495	0.00578	0.00853	0.01149	0.01529	0.03250	0.73584	0.03874	0.01837	0.00759	0.00243	0.00358	0.06761	0.00549	0.00485
21	0.00733	0.00527	0.00695	0.00808	0.00859	0.00490	0.00547	0.00857	0.01199	0.01608	0.11320	0.68460	0.06163	0.01771	0.00747	0.00233	0.00335	0.01601	0.00560	0.00490
22	0.00709	0.00599	0.00613	0.00609	0.00805	0.00503	0.00457	0.00868	0.01371	0.01652	0.10881	0.05601	0.70364	0.01477	0.00699	0.00199	0.00298	0.01235	0.00556	0.00503
23	0.01734	0.01212	0.01345	0.01170	0.01532	0.01337	0.00921	0.03084	0.58261	0.18827	0.02391	0.02163	0.01729	0.00787	0.00600	0.00197	0.00476	0.00652	0.00631	0.00952
24	0.01117	0.01051	0.01774	0.77795	0.04073	0.01314	0.01642	0.01511	0.01182	0.01511	0.01051	0.01577	0.00788	0.00591	0.00591	0.00197	0.00788	0.00526	0.00263	0.00657
25	0.01618	0.75214	0.03022	0.01036	0.01535	0.04165	0.01019	0.04053	0.01263	0.01467	0.00843	0.00966	0.00767	0.00515	0.00390	0.00129	0.00644	0.00325	0.00265	0.00765
26	0.00710	0.00600	0.00614	0.00611	0.00805	0.00504	0.00458	0.00870	0.01374	0.01659	0.11461	0.05591	0.69780	0.01475	0.00699	0.00199	0.00298	0.01234	0.00557	0.00504
27	0.01186	0.03059	0.76153	0.01686	0.02560	0.01373	0.02185	0.01873	0.01249	0.01873	0.01061	0.01249	0.00749	0.00562	0.00562	0.00187	0.00874	0.00437	0.00250	0.00874
28	0.01027	0.00514	0.00770	0.00770	0.00770	0.00514	0.00514	0.00770	0.00770	0.01027	0.01027	0.01798	0.01027	0.02054	0.02311	0.82794	0.00514	0.00514	0.00257	0.00257
29	0.02653	0.01006	0.01372	0.01052	0.01510	0.00869	0.00869	0.02882	0.01693	0.75937	0.02333	0.02013	0.01464	0.00732	0.00595	0.00183	0.00503	0.00595	0.00732	0.01006
30	0.02210	0.02787	0.01679	0.01519	0.01828	0.74834	0.01142	0.04268	0.01705	0.01508	0.00928	0.01076	0.00768	0.00612	0.00535	0.00153	0.01055	0.00385	0.00312	0.00694
31	0.00714	0.00539	0.00661	0.00760	0.00841	0.00486	0.00521	0.00831	0.01193	0.01535	0.04035	0.58068	0.24173	0.01752	0.00739	0.00229	0.00331	0.01558	0.00549	0.00486
32	0.00914	0.00666	0.00883	0.00910	0.01056	0.00650	0.00741	0.01251	0.04749	0.02123	0.41646	0.05269	0.04497	0.01370	0.00744	0.00223	0.00399	0.30738	0.00604	0.00569
33	0.00771	0.00537	0.00679	0.00771	0.00797	0.00515	0.00496	0.00844	0.01049	0.01398	0.02805	0.53011	0.03330	0.26886	0.01486	0.00349	0.00422	0.02925	0.00487	0.00442
34	0.56417	0.01098	0.01037	0.00869	0.01266	0.01174	0.00717	0.02120	0.01236	0.27139	0.01328	0.01312	0.00916	0.00610	0.00442	0.00183	0.00473	0.00412	0.00488	0.00763
35	0.00852	0.00575	0.00643	0.00643	0.00653	0.00570	0.00363	0.00859	0.00885	0.01169	0.02071	0.03962	0.05825	0.75312	0.02894	0.00555	0.00560	0.00879	0.00368	0.00365
36	0.01186	0.03059	0.76153	0.01686	0.02560	0.01373	0.02185	0.01873	0.01249	0.01873	0.01061	0.01249	0.00749	0.00562	0.00562	0.00187	0.00874	0.00437	0.00250	0.00874
37	0.01396	0.01595	0.03490	0.02493	0.03091	0.01496	0.73380	0.01894	0.01396	0.01894	0.01196	0.01595	0.00897	0.00499	0.00698	0.00199	0.00997	0.00698	0.00299	0.00798
38	0.01251	0.02969	0.72858	0.01658	0.02513	0.01351	0.02127	0.01917	0.01268	0.05136	0.01117	0.01282	0.00781	0.00569	0.00563	0.00187	0.00858	0.00444	0.00271	0.00880
39	0.02221	0.02463	0.01706	0.01474	0.01830	0.53893	0.01137	0.24144	0.02014	0.02145	0.01069	0.01175	0.00836	0.00640	0.00551	0.00160	0.00939	0.00427	0.00392	0.00784
40	0.01126	0.01068	0.01828	0.75416	0.04042	0.01320	0.03909	0.01523	0.01189	0.01523	0.01056	0.01577	0.00792	0.00588	0.00595	0.00197	0.00795	0.00531	0.00264	0.00661
41	0.00846	0.00631	0.00935	0.00935	0.01035	0.00731	0.00720	0.01046	0.00946	0.01361	0.01598	0.02401	0.01512	0.08192	0.73162	0.00931	0.01533	0.00645	0.00319	0.00519
42	0.05841	0.00891	0.01146	0.01023	0.04970	0.00794	0.00768	0.02086	0.01550	0.42747	0.09522	0.03109	0.21113	0.00955	0.00619	0.00187	0.00438	0.00791	0.00637	0.00813
43	0.00747	0.00602	0.00668	0.00665	0.00841	0.00522	0.00503	0.00935	0.01428	0.01806	0.24013	0.07577	0.51664	0.01438	0.00705	0.00200	0.00306	0.04287	0.00576	0.00516
44	0.00875	0.00630	0.00844	0.00857	0.00996	0.00598	0.00688	0.01152	0.01571	0.02174	0.51535	0.05158	0.04865	0.01348	0.00737	0.00214	0.00366	0.24222	0.00616	0.00554
45	0.01581	0.79572	0.03099	0.01012	0.01518	0.02340	0.01012	0.01771	0.01202	0.01391	0.00822	0.00949	0.00759	0.00506	0.00379	0.00126	0.00632	0.00316	0.00253	0.00759
46	0.01075	0.00786	0.00978	0.00808	0.01103	0.00657	0.00626	0.01346	0.01515	0.06237	0.44729	0.03146	0.03674	0.00907	0.00599	0.00151	0.00348	0.00787	0.00548	0.29979
47	0.01158	0.00695	0.00768	0.00741	0.00900	0.00720	0.00558	0.10700	0.01399	0.02204	0.02098	0.17171	0.01917	0.01206	0.06338	0.00225	0.00438	0.00777	0.49392	0.00595
48	0.00945	0.00767	0.00973	0.00945	0.01024	0.04135	0.00703	0.01092	0.00956	0.01322	0.01562	0.02583	0.01563	0.23231	0.48513	0.00763	0.07427	0.00671	0.00322	0.00501
49	0.01290	0.01094	0.01275	0.00923	0.01432	0.00878	0.00742	0.05857	0.01312	0.02023	0.01066	0.01240	0.00881	0.00470	0.00486	0.00098	0.02476	0.00366	0.00363	0.75729
50	0.03497	0.01733	0.12081	0.02261	0.02830	0.01506	0.56047	0.01843	0.01322	0.01867	0.01131	0.01508	0.00861	0.00558	0.00790	0.00203	0.08242	0.00639	0.00291	0.00789
51	0.02175	0.01515	0.04897	0.01281	0.01744	0.01540	0.01084	0.47229	0.08782	0.18683	0.01736	0.03787	0.01244	0.00748	0.00596	0.00183	0.00605	0.00586	0.00606	0.00979
52	0.01278	0.01082	0.01254	0.00900	0.01423	0.00841	0.00722	0.05110	0.01304	0.02017	0.01070	0.01236	0.00882	0.00452	0.00446	0.00092	0.00449	0.00360	0.00362	0.78721
53	0.00974	0.00635	0.00835	0.00767	0.00931	0.00582	0.00582	0.01250	0.01675	0.07937	0.69702	0.04236	0.05269	0.01173	0.00690	0.00186	0.00296	0.01034	0.00657	0.00592
54	0.83394	0.01144	0.00869	0.00778	0.01144	0.01327	0.00640	0.01738	0.01006	0.02653	0.00823	0.00961	0.00640	0.00549	0.00366	0.00183	0.00457	0.00320	0.00366	0.00640
55	0.01070	0.00745	0.00842	0.00789	0.00873	0.00773	0.00514	0.12650	0.01203	0.01610	0.01929	0.11256	0.02128	0.56097	0.04661	0.00486	0.00593	0.00886	0.00415	0.00481
56	0.00699	0.00599	0.00599	0.00599	0.00799	0.00499	0.00449	0.00849	0.01348	0.01598	0.05991	0.05691	0.75288	0.01498	0.00699	0.00200	0.00300	0.01248	0.00549	0.00499
57	0.01093	0.01015	0.01697	0.71994	0.03832	0.01255	0.01560	0.01474	0.01206	0.01554	0.04833	0.03657	0.01107	0.00654	0.00601	0.00198	0.00752	0.00582	0.00289	0.00648
58	0.01186	0.03059	0.76153	0.01686	0.02560	0.01373	0.02185	0.01873	0.01249	0.01873	0.01061	0.01249	0.00749	0.00562	0.00562	0.00187	0.00874	0.00437	0.00250	0.00874
59	0.01427	0.01616	0.06380	0.02699	0.20456	0.01478	0.50994	0.03893	0.01416	0.01954	0.01177	0.01543	0.00903	0.00514	0.00662	0.00193	0.00911	0.00641	0.00304	0.00840
60	0.02248	0.01656	0.01775	0.01361	0.01834	0.01834	0.01124	0.73556	0.02780	0.03727	0.01420	0.01420	0.01006	0.00710	0.00592	0.00177	0.00651	0.00532	0.00592	0.01006
61	0.02147	0.02688	0.01687	0.01522	0.01809	0.70018	0.01153	0.03880	0.01647	0.01496	0.00916	0.01090	0.00768	0.00641	0.00631	0.00160	0.06354	0.00394	0.00308	0.00690
62	0.00799	0.00601	0.00744	0.00729	0.00875	0.00539	0.00537	0.01021	0.01504	0.02053	0.46605	0.16580	0.20255	0.01354	0.00700	0.00195	0.00298	0.01187	0.00604	0.02819
63	0.00703	0.00583	0.00616	0.00643	0.00810	0.00496	0.00469	0.00844	0.01306	0.01580	0.05457	0.20000	0.61324	0.01567	0.00710	0.00208	0.00308	0.01333	0.00549	0.00496
64	0.01775	0.00857	0.01092	0.00936	0.01205	0.00812	0.00718	0.02074	0.08217	0.37081	0.02324	0.02985	0.03871	0.23285	0.05131	0.00340	0.00571	0.05402	0.00575	0.00747
65	0.01117	0.01051	0.01774	0.77795	0.04073	0.01314	0.01642	0.01511	0.01182	0.01511	0.01051	0.01577	0.00788	0.00591	0.00591	0.00197	0.00788	0.00526	0.00263	0.00657
66	0.01396	0.01595	0.03490	0.02493	0.03091	0.01496	0.73380	0.01894	0.01396	0.01894	0.01196	0.01595	0.00897	0.00499	0.00698	0.00199	0.00997	0.00698	0.00299	0.00798
67	0.00789	0.00541	0.00703	0.00799	0.00851	0.00505	0.00534	0.00896	0.01158	0.03315	0.07820	0.62169	0.05756	0.10002	0.00986	0.00270	0.00366	0.01516	0.00540	0.00486
68	0.00724	0.00516	0.00685	0.00819	0.00852	0.00483	0.00544	0.00824	0.01125	0.01500	0.03223	0.76865	0.03865	0.03881	0.00814	0.00249	0.00349	0.01660	0.00544	0.00477
69	0.01117	0.01051	0.01774	0.77795	0.04073	0.01314	0.01642	0.01511	0.01182	0.01511	0.01051	0.01577	0.00788	0.00591	0.00591	0.00197	0.00788	0.00526	0.00263	0.00657
70	0.03697	0.01081	0.01188	0.01092	0.01357	0.01193	0.00833	0.13997	0.35096	0.04291	0.02471	0.26638	0.02308	0.01115	0.00642	0.00209	0.00459	0.00959	0.00580	0.00795
71	0.01117	0.01051	0.01774	0.77795	0.04073	0.01314	0.01642	0.01511	0.01182	0.01511	0.01051	0.01577	0.00788	0.00591	0.00591	0.00197	0.00788	0.00526	0.00263	0.00657
72	0.01117	0.01051	0.01774	0.77795	0.04073	0.01314	0.01642	0.01511	0.01182	0.01511	0.01051	0.01577	0.00788	0.00591	0.00591	0.00197	0.00788	0.00526	0.00263	0.00657
73	0.01226	0.01051	0.01226	0.00876	0.01401	0.00788	0.00701	0.01489	0.01226	0.01927	0.01051	0.01226	0.00876	0.00438	0.00438	0.00088	0.00438	0.00350	0.00350	0.82832
74	0.00857	0.00572	0.00646	0.00649	0.00650	0.00571	0.00363	0.00859	0.00866	0.01155	0.01894	0.05525	0.02189	0.77509	0.02960	0.00566	0.00568	0.00878	0.00363	0.00361
75	0.00829	0.00621	0.00772	0.00736	0.00889	0.00574	0.00551	0.01124	0.03847	0.02216	0.58966	0.06916	0.17223	0.01266	0.00697	0.00190	0.00290	0.01107	0.00629	0.00557
76	0.02653	0.01006	0.01372	0.01052	0.01510	0.00869	0.00869	0.02882	0.01693	0.75937	0.02333	0.02013	0.01464	0.00732	0.00595	0.00183	0.00503	0.00595	0.00732	0.01006
77	0.01271	0.01366	0.13789	0.01287	0.01616	0.01216	0.05161	0.14656	0.04606	0.02004	0.01417	0.01828	0.01186	0.02243	0.32132	0.00506	0.08654	0.00573	0.03771	0.00718
78	0.00714	0.00598	0.00610	0.00608	0.00793	0.00506	0.00448	0.00860	0.01332	0.01602	0.08539	0.05529	0.68035	0.06198	0.00839	0.00222	0.00315	0.01217	0.00542	0.00493
79	0.01425	0.01209	0.01288	0.01167	0.01477	0.01386	0.00904	0.04848	0.64803	0.02422	0.04029	0.04913	0.01981	0.03070	0.00681	0.00213	0.00469	0.02234	0.00593	0.00890
80	0.01581	0.79572	0.03099	0.01012	0.01518	0.02340	0.01012	0.01771	0.01202	0.01391	0.00822	0.00949	0.00759	0.00506	0.00379	0.00126	0.00632	0.00316	0.00253	0.00759
81	0.23270	0.01043	0.01240	0.00977	0.01413	0.00984	0.00806	0.02554	0.01505	0.55298	0.01914	0.01724	0.01238	0.00678	0.00532	0.00181	0.00490	0.00518	0.00629	0.03006
82	0.00923	0.00667	0.00891	0.00989	0.01102	0.00672	0.00794	0.03025	0.03551	0.01731	0.04393	0.27148	0.03331	0.05198	0.04702	0.00304	0.00534	0.38973	0.00531	0.00541
83	0.83394	0.01144	0.00869	0.00778	0.01144	0.01327	0.00640	0.01738	0.01006	0.02653	0.00823	0.00961	0.00640	0.00549	0.00366	0.00183	0.00457	0.00320	0.00366	0.00640
84	0.02096	0.02629	0.01651	0.01531	0.03379	0.69049	0.01133	0.02258	0.01645	0.01504	0.04647	0.01251	0.01008	0.00651	0.00586	0.00158	0.03398	0.00423	0.00320	0.00683
85	0.01186	0.03059	0.76153	0.01686	0.02560	0.01373	0.02185	0.01873	0.01249	0.01873	0.01061	0.01249	0.00749	0.00562	0.00562	0.00187	0.00874	0.00437	0.00250	0.00874
86	0.00718	0.00545	0.00656	0.00743	0.00831	0.00490	0.00510	0.00833	0.01196	0.01528	0.04129	0.52080	0.27705	0.04122	0.00806	0.00237	0.00336	0.01511	0.00543	0.00483
87	0.00866	0.00573	0.00643	0.00643	0.00646	0.00573	0.00360	0.00872	0.00869	0.01171	0.01865	0.03831	0.02135	0.77387	0.02950	0.00563	0.00566	0.00853	0.02272	0.00363
88	0.01218	0.01128	0.01760	0.56069	0.11073	0.01352	0.01531	0.01841	0.14575	0.01731	0.01305	0.01680	0.00989	0.00623	0.00593	0.00195	0.00721	0.00552	0.00328	0.00737
89	0.00830	0.00604	0.00781	0.00737	0.00879	0.00555	0.00553	0.01103	0.01658	0.02333	0.71738	0.04481	0.09082	0.01223	0.00698	0.00187	0.00280	0.01078	0.00646	0.00555
90	0.01122	0.01059	0.01775	0.75386	0.03993	0.01330	0.01631	0.01508	0.01174	0.01508	0.01042	0.01568	0.00788	0.00605	0.00634	0.00199	0.03232	0.00525	0.00263	0.00657
91	0.01117	0.01051	0.01774	0.77795	0.04073	0.01314	0.01642	0.01511	0.01182	0.01511	0.01051	0.01577	0.00788	0.00591	0.00591	0.00197	0.00788	0.00526	0.00263	0.00657
92	0.01226	0.01051	0.01226	0.00876	0.01401	0.00788	0.00701	0.01489	0.01226	0.01927	0.01051	0.01226	0.00876	0.00438	0.00438	0.00088	0.00438	0.00350	0.00350	0.82832
93	0.00860	0.00573	0.00645	0.00645	0.00645	0.00573	0.00358	0.00860	0.00860	0.01147	0.01863	0.03870	0.02150	0.79217	0.03010	0.00573	0.00573	0.00860	0.00358	0.00358
94	0.01027	0.00514	0.00770	0.00770	0.00770	0.00514	0.00514	0.00770	0.00770	0.01027	0.01027	0.01798	0.01027	0.02054	0.02311	0.82794	0.00514	0.00514	0.00257	0.00257
95	0.00973	0.00520	0.00747	0.00762	0.00766	0.00517	0.00500	0.00787	0.00822	0.01096	0.01379	0.10922	0.01487	0.10757	0.02211	0.63970	0.00501	0.00688	0.00302	0.00294
96	0.00703	0.00595	0.00607	0.00612	0.00803	0.00500	0.00456	0.00853	0.01345	0.01610	0.07356	0.08882	0.70652	0.01507	0.00701	0.00201	0.00301	0.01263	0.00551	0.00500
97	0.01815	0.01992	0.01495	0.01353	0.01673	0.36600	0.01032	0.02778	0.40537	0.01995	0.01711	0.01675	0.01319	0.00712	0.00570	0.00178	0.00747	0.00535	0.00463	0.00819
98	0.02248	0.01656	0.01775	0.01361	0.01834	0.01834	0.01124	0.73556	0.02780	0.03727	0.01420	0.01420	0.01006	0.00710	0.00592	0.00177	0.00651	0.00532	0.00592	0.01006
99	0.02095	0.01580	0.01689	0.01330	0.01776	0.01762	0.01087	0.59688	0.16898	0.03480	0.01614	0.01575	0.01163	0.00728	0.00594	0.00182	0.00615	0.00559	0.00594	0.00992
100	0.00699	0.00599	0.00599	0.00599	0.00799	0.00499	0.00449	0.00849	0.01348	0.01598	0.05991	0.05691	0.75288	0.01498	0.00699	0.00200	0.00300	0.01248	0.00549	0.00499
101	0.00845	0.00634	0.00950	0.00950	0.01056	0.00739	0.00739	0.01056	0.00950	0.01373	0.01584	0.02323	0.01478	0.04435	0.76873	0.00950	0.01584	0.00634	0.00317	0.00528
102	0.02615	0.00998	0.01360	0.01046	0.01497	0.00863	0.00863	0.02845	0.01692	0.74394	0.03862	0.02063	0.01550	0.00742	0.00597	0.00183	0.00499	0.00605	0.00730	0.00997
103	0.01197	0.05160	0.74147	0.01667	0.02531	0.01400	0.02153	0.01870	0.01247	0.01860	0.01055	0.01240	0.00749	0.00560	0.00557	0.00186	0.00867	0.00434	0.00250	0.00871
104	0.00759	0.00601	0.00683	0.00663	0.00836	0.00525	0.00497	0.00966	0.01491	0.01936	0.36305	0.05133	0.44762	0.01371	0.00698	0.00194	0.00291	0.01170	0.00594	0.00525
105	0.07003	0.47529	0.02456	0.01177	0.01603	0.28539	0.01034	0.01977	0.01356	0.01491	0.00855	0.00991	0.00752	0.00545	0.00433	0.00139	0.00774	0.00339	0.00278	0.00726
106	0.81137	0.01196	0.02936	0.00803	0.01183	0.01328	0.00683	0.01742	0.01013	0.02632	0.00830	0.00969	0.00643	0.00549	0.00371	0.00183	0.00469	0.00323	0.00363	0.00647
107	0.01427	0.01619	0.11775	0.03356	0.64541	0.01403	0.03579	0.01824	0.01335	0.01924	0.01108	0.01440	0.00912	0.00531	0.00585	0.00178	0.00731	0.00520	0.00287	0.00925
108	0.01186	0.03059	0.76153	0.01686	0.02560	0.01373	0.02185	0.01873	0.01249	0.01873	0.01061	0.01249	0.00749	0.00562	0.00562	0.00187	0.00874	0.00437	0.00250	0.00874
109	0.00763	0.00602	0.00688	0.00667	0.00838	0.00527	0.00500	0.00973	0.01500	0.01958	0.38229	0.05098	0.42825	0.01363	0.00698	0.00193	0.00290	0.01165	0.00597	0.00527
110	0.83394	0.01144	0.00869	0.00778	0.01144	0.01327	0.00640	0.01738	0.01006	0.02653	0.00823	0.00961	0.00640	0.00549	0.00366	0.00183	0.00457	0.00320	0.00366	0.00640
111	0.00841	0.00607	0.00796	0.00755	0.00894	0.00562	0.00570	0.01119	0.01664	0.02353	0.72991	0.04487	0.05513	0.01222	0.00701	0.00189	0.00287	0.03245	0.00648	0.00558
112	0.00837	0.00604	0.00790	0.00744	0.00883	0.00558	0.00558	0.01116	0.01674	0.02371	0.75216	0.04417	0.05580	0.01209	0.00697	0.00186	0.00279	0.01069	0.00651	0.00558
113	0.01324	0.01344	0.01807	0.01552	0.01562	0.04295	0.01289	0.01454	0.00931	0.01424	0.00781	0.01286	0.00776	0.01021	0.01894	0.00255	0.75583	0.00513	0.00260	0.00648
114	0.01140	0.01087	0.01874	0.72053	0.06048	0.01325	0.05118	0.01538	0.01197	0.01541	0.01060	0.01574	0.00798	0.00585	0.00596	0.00197	0.00796	0.00534	0.00265	0.00672
115	0.01117	0.01051	0.01774	0.77795	0.04073	0.01314	0.01642	0.01511	0.01182	0.01511	0.01051	0.01577	0.00788	0.00591	0.00591	0.00197	0.00788	0.00526	0.00263	0.00657
116	0.01027	0.00514	0.00770	0.00770	0.00770	0.00514	0.00514	0.00770	0.00770	0.01027	0.01027	0.01798	0.01027	0.02054	0.02311	0.82794	0.00514	0.00514	0.00257	0.00257
117	0.01294	0.01294	0.01811	0.01553	0.01553	0.01811	0.01294	0.01423	0.00906	0.01423	0.00776	0.01294	0.00776	0.01035	0.01941	0.00259	0.78134	0.00518	0.00259	0.00647
118	0.00721	0.00515	0.00686	0.00823	0.00858	0.00480	0.00549	0.00823	0.01132	0.01510	0.03259	0.78831	0.03911	0.01853	0.00755	0.00240	0.00343	0.01681	0.00549	0.00480
119	0.01027	0.00514	0.00770	0.00770	0.00770	0.00514	0.00514	0.00770	0.00770	0.01027	0.01027	0.01798	0.01027	0.02054	0.02311	0.82794	0.00514	0.00514	0.00257	0.00257
120	0.01176	0.01111	0.01881	0.65150	0.16256	0.01329	0.01672	0.01563	0.01210	0.01583	0.01062	0.01557	0.00814	0.00580	0.00590	0.00193	0.00774	0.00526	0.00268	0.00705
121	0.01117	0.01051	0.01774	0.77795	0.04073	0.01314	0.01642	0.01511	0.01182	0.01511	0.01051	0.01577	0.00788	0.00591	0.00591	0.00197	0.00788	0.00526	0.00263	0.00657
122	0.00748	0.00601	0.00667	0.00651	0.00829	0.00520	0.00488	0.00944	0.01464	0.01874	0.30714	0.05236	0.50392	0.01395	0.00698	0.00195	0.00292	0.01184	0.00586	0.00520
123	0.00845	0.00634	0.00950	0.00950	0.01056	0.00739	0.00739	0.01056	0.00950	0.01373	0.01584	0.02323	0.01478	0.04435	0.76873	0.00950	0.01584	0.00634	0.00317	0.00528
124	0.01581	0.79572	0.03099	0.01012	0.01518	0.02340	0.01012	0.01771	0.01202	0.01391	0.00822	0.00949	0.00759	0.00506	0.00379	0.00126	0.00632	0.00316	0.00253	0.00759
125	0.00720	0.00517	0.00684	0.00817	0.00856	0.00481	0.00546	0.00824	0.01138	0.01512	0.03335	0.76799	0.05894	0.01843	0.00753	0.00239	0.00342	0.01669	0.00549	0.00481
126	0.00845	0.00634	0.00950	0.00950	0.01056	0.00739	0.00739	0.01056	0.00950	0.01373	0.01584	0.02323	0.01478	0.04435	0.76873	0.00950	0.01584	0.00634	0.00317	0.00528
127	0.00724	0.00517	0.00689	0.00821	0.00859	0.00483	0.00549	0.00832	0.01149	0.01536	0.05481	0.76534	0.03963	0.01833	0.00753	0.00238	0.00341	0.01662	0.00552	0.00483
128	0.81077	0.01141	0.00895	0.02947	0.01226	0.01326	0.00669	0.01732	0.01011	0.02621	0.00830	0.00978	0.00645	0.00550	0.00372	0.00183	0.00467	0.00326	0.00363	0.00641
129	0.02086	0.07769	0.01850	0.01720	0.09887	0.63617	0.01208	0.02262	0.01608	0.01497	0.00930	0.01102	0.00781	0.00593	0.00529	0.00153	0.00998	0.00393	0.00300	0.00718
130	0.01444	0.03635	0.09596	0.11245	0.45256	0.06378	0.08357	0.01862	0.03148	0.01844	0.01120	0.01446	0.00904	0.00546	0.00586	0.00179	0.00772	0.00522	0.00293	0.00866
131	0.01396	0.01595	0.03490	0.02493	0.03091	0.01496	0.73380	0.01894	0.01396	0.01894	0.01196	0.01595	0.00897	0.00499	0.00698	0.00199	0.00997	0.00698	0.00299	0.00798
132	0.00860	0.00573	0.00645	0.00645	0.00645	0.00573	0.00358	0.00860	0.00860	0.01147	0.01863	0.03870	0.02150	0.79217	0.03010	0.00573	0.00573	0.00860	0.00358	0.00358
133	0.02653	0.01006	0.01372	0.01052	0.01510	0.00869	0.00869	0.02882	0.01693	0.75937	0.02333	0.02013	0.01464	0.00732	0.00595	0.00183	0.00503	0.00595	0.00732	0.01006
134	0.00877	0.00613	0.00803	0.00751	0.00897	0.00565	0.00565	0.01155	0.01674	0.04009	0.73593	0.04364	0.05488	0.01198	0.00695	0.00186	0.00284	0.01059	0.00653	0.00568
135	0.00837	0.00604	0.00790	0.00744	0.00883	0.00558	0.00558	0.01116	0.01674	0.02371	0.75216	0.04417	0.05580	0.01209	0.00697	0.00186	0.00279	0.01069	0.00651	0.00558
136	0.01186	0.03059	0.76153	0.01686	0.02560	0.01373	0.02185	0.01873	0.01249	0.01873	0.01061	0.01249	0.00749	0.00562	0.00562	0.00187	0.00874	0.00437	0.00250	0.00874
137	0.02209	0.02819	0.01676	0.01524	0.01828	0.76843	0.01143	0.02361	0.01676	0.01447	0.00914	0.01066	0.00762	0.00609	0.00533	0.00152	0.01066	0.00381	0.00305	0.00686
138	0.01214	0.01038	0.01213	0.00875	0.01388	0.00781	0.00697	0.01473	0.01224	0.01917	0.01104	0.03088	0.00949	0.00472	0.00446	0.00091	0.00436	0.00382	0.00355	0.80856
139	0.83394	0.01144	0.00869	0.00778	0.01144	0.01327	0.00640	0.01738	0.01006	0.02653	0.00823	0.00961	0.00640	0.00549	0.00366	0.00183	0.00457	0.00320	0.00366	0.00640
140	0.00839	0.00564	0.00651	0.00672	0.00677	0.00559	0.00387	0.00854	0.00901	0.01202	0.02076	0.15293	0.02418	0.67428	0.02666	0.00523	0.00538	0.00985	0.00387	0.00377
141	0.01027	0.00514	0.00770	0.00770	0.00770	0.00514	0.00514	0.00770	0.00770	0.01027	0.01027	0.01798	0.01027	0.02054	0.02311	0.82794	0.00514	0.00514	0.00257	0.00257
142	0.02148	0.05292	0.01729	0.01508	0.01806	0.71071	0.01145	0.02301	0.01626	0.01444	0.00905	0.01073	0.00762	0.00625	0.00590	0.00156	0.04447	0.00385	0.00301	0.00686
143	0.01027	0.00514	0.00770	0.00770	0.00770	0.00514	0.00514	0.00770	0.00770	0.01027	0.01027	0.01798	0.01027	0.02054	0.02311	0.82794	0.00514	0.00514	0.00257	0.00257
144	0.01471	0.01270	0.01337	0.01203	0.01538	0.01471	0.00936	0.03142	0.74459	0.02474	0.02407	0.02206	0.01805	0.00802	0.00602	0.00201	0.00468	0.00669	0.00602	0.00936
145	0.00860	0.00573	0.00645	0.00645	0.00645	0.00573	0.00358	0.00860	0.00860	0.01147	0.01863	0.03870	0.02150	0.79217	0.03010	0.00573	0.00573	0.00860	0.00358	0.00358
146	0.01536	0.01303	0.01374	0.01217	0.01563	0.01501	0.00952	0.09059	0.68437	0.02579	0.02324	0.02140	0.01738	0.00795	0.00601	0.00199	0.00483	0.00657	0.00601	0.00942
147	0.00730	0.00525	0.00693	0.00811	0.00858	0.00488	0.00547	0.00849	0.01185	0.01586	0.09541	0.70536	0.05881	0.01788	0.00748	0.00234	0.00336	0.01617	0.00558	0.00488
148	0.01349	0.01265	0.02087	0.03067	0.60869	0.01259	0.01572	0.01716	0.03301	0.01977	0.09855	0.02058	0.05690	0.00667	0.00605	0.00179	0.00625	0.00633	0.00356	0.00869
149	0.09822	0.69468	0.02834	0.01003	0.01489	0.04395	0.00978	0.01785	0.01196	0.01520	0.00825	0.00953	0.00747	0.00513	0.00383	0.00133	0.00627	0.00318	0.00266	0.00745
150	0.01166	0.01462	0.23631	0.01096	0.03339	0.00896	0.01092	0.05070	0.01437	0.10136	0.05543	0.03583	0.37083	0.01058	0.00638	0.00192	0.00523	0.00871	0.00477	0.00707
151	0.01734	0.52485	0.04649	0.01198	0.01635	0.23196	0.01093	0.01924	0.01323	0.01422	0.00853	0.01005	0.00760	0.00560	0.00496	0.00141	0.04175	0.00347	0.00268	0.00737
152	0.56027	0.21143	0.07538	0.00911	0.01353	0.01587	0.00860	0.01757	0.01075	0.02271	0.00842	0.00981	0.00679	0.00539	0.00385	0.00169	0.00536	0.00329	0.00328	0.00689
153	0.01572	0.04875	0.28904	0.02208	0.23169	0.22480	0.04797	0.01990	0.01401	0.01757	0.01033	0.01264	0.00813	0.00561	0.00561	0.00173	0.00876	0.00454	0.00280	0.00832
154	0.00915	0.00614	0.00808	0.00769	0.00912	0.00565	0.00573	0.01171	0.01613	0.05970	0.63365	0.12765	0.05183	0.01258	0.00699	0.00192	0.00298	0.01115	0.00643	0.00572
155	0.00721	0.00515	0.00686	0.00823	0.00858	0.00480	0.00549	0.00823	0.01132	0.01510	0.03259	0.78831	0.03911	0.01853	0.00755	0.00240	0.00343	0.01681	0.00549	0.00480
156	0.04678	0.01010	0.01360	0.01045	0.01500	0.00881	0.00863	0.02853	0.01675	0.74100	0.02295	0.01986	0.01443	0.00727	0.00589	0.00183	0.00502	0.00588	0.00723	0.00997
157	0.01340	0.01985	0.22844	0.02278	0.02949	0.01463	0.54416	0.01889	0.01357	0.01889	0.01160	0.01503	0.00858	0.00515	0.00662	0.00196	0.00964	0.00628	0.00286	0.00818
158	0.00705	0.00599	0.00608	0.00605	0.00803	0.00502	0.00454	0.00860	0.01362	0.01632	0.09040	0.05635	0.72218	0.01485	0.00699	0.00199	0.00299	0.01240	0.00554	0.00502
159	0.01633	0.73175	0.02980	0.01055	0.01544	0.08549	0.01023	0.01820	0.01241	0.01396	0.00830	0.00958	0.00759	0.00515	0.00392	0.00129	0.00669	0.00322	0.00257	0.00753
160	0.01117	0.01051	0.01774	0.77795	0.04073	0.01314	0.01642	0.01511	0.01182	0.01511	0.01051	0.01577	0.00788	0.00591	0.00591	0.00197	0.00788	0.00526	0.00263	0.00657
161	0.01753	0.58545	0.02709	0.01152	0.01603	0.22751	0.01048	0.01933	0.01332	0.01407	0.00847	0.00981	0.00760	0.00534	0.00422	0.00134	0.00751	0.00334	0.00267	0.00739
162	0.01027	0.00514	0.00770	0.00770	0.00770	0.00514	0.00514	0.00770	0.00770	0.01027	0.01027	0.01798	0.01027	0.02054	0.02311	0.82794	0.00514	0.00514	0.00257	0.00257
163	0.01117	0.01051	0.01774	0.77795	0.04073	0.01314	0.01642	0.01511	0.01182	0.01511	0.01051	0.01577	0.00788	0.00591	0.00591	0.00197	0.00788	0.00526	0.00263	0.00657
164	0.83394	0.01144	0.00869	0.00778	0.01144	0.01327	0.00640	0.01738	0.01006	0.02653	0.00823	0.00961	0.00640	0.00549	0.00366	0.00183	0.00457	0.00320	0.00366	0.00640
165	0.00807	0.00579	0.00633	0.00637	0.00698	0.00548	0.00392	0.00855	0.01015	0.01294	0.03144	0.06896	0.24077	0.53417	0.02244	0.00451	0.00484	0.01003	0.00422	0.00405
166	0.83394	0.01144	0.00869	0.00778	0.01144	0.01327	0.00640	0.01738	0.01006	0.02653	0.00823	0.00961	0.00640	0.00549	0.00366	0.00183	0.00457	0.00320	0.00366	0.00640
167	0.00855	0.00574	0.00660	0.00664	0.00670	0.00578	0.00381	0.00867	0.00873	0.01169	0.01897	0.06283	0.02179	0.73361	0.06189	0.00579	0.00610	0.00877	0.00363	0.00370
168	0.01186	0.03059	0.76153	0.01686	0.02560	0.01373	0.02185	0.01873	0.01249	0.01873	0.01061	0.01249	0.00749	0.00562	0.00562	0.00187	0.00874	0.00437	0.00250	0.00874
169	0.00714	0.00566	0.00642	0.00694	0.00826	0.00494	0.00493	0.00851	0.01277	0.01597	0.07966	0.34415	0.44131	0.01625	0.00721	0.00215	0.00316	0.01411	0.00554	0.00494
170	0.00831	0.00561	0.00654	0.00682	0.00690	0.00554	0.00398	0.00852	0.00917	0.01223	0.02157	0.19614	0.02520	0.62968	0.02536	0.00503	0.00525	0.01032	0.00398	0.00384
171	0.01471	0.01270	0.01337	0.01203	0.01538	0.01471	0.00936	0.03142	0.74459	0.02474	0.02407	0.02206	0.01805	0.00802	0.00602	0.00201	0.00468	0.00669	0.00602	0.00936
172	0.01581	0.79572	0.03099	0.01012	0.01518	0.02340	0.01012	0.01771	0.01202	0.01391	0.00822	0.00949	0.00759	0.00506	0.00379	0.00126	0.00632	0.00316	0.00253	0.00759
173	0.02653	0.01006	0.01372	0.01052	0.01510	0.00869	0.00869	0.02882	0.01693	0.75937	0.02333	0.02013	0.01464	0.00732	0.00595	0.00183	0.00503	0.00595	0.00732	0.01006
174	0.83394	0.01144	0.00869	0.00778	0.01144	0.01327	0.00640	0.01738	0.01006	0.02653	0.00823	0.00961	0.00640	0.00549	0.00366	0.00183	0.00457	0.00320	0.00366	0.00640
175	0.01396	0.01595	0.03490	0.02493	0.03091	0.01496	0.73380	0.01894	0.01396	0.01894	0.01196	0.01595	0.00897	0.00499	0.00698	0.00199	0.00997	0.00698	0.00299	0.00798
176	0.00845	0.00634	0.00950	0.00950	0.01056	0.00739	0.00739	0.01056	0.00950	0.01373	0.01584	0.02323	0.01478	0.04435	0.76873	0.00950	0.01584	0.00634	0.00317	0.00528
177	0.01236	0.00694	0.00914	0.00808	0.01020	0.00625	0.00624	0.01500	0.01668	0.18689	0.56890	0.03923	0.06817	0.01112	0.00675	0.00186	0.00329	0.00970	0.00666	0.00656
178	0.00703	0.00599	0.00605	0.00603	0.00801	0.00501	0.00452	0.00856	0.01357	0.01619	0.07950	0.05655	0.73315	0.01490	0.00699	0.00199	0.00299	0.01243	0.00552	0.00501
179	0.01124	0.01065	0.01816	0.75934	0.04049	0.01318	0.03415	0.01520	0.01188	0.01520	0.01055	0.01577	0.00791	0.00589	0.00594	0.00197	0.00793	0.00530	0.00264	0.00660
180	0.00860	0.00573	0.00645	0.00645	0.00645	0.00573	0.00358	0.00860	0.00860	0.01147	0.01863	0.03870	0.02150	0.79217	0.03010	0.00573	0.00573	0.00860	0.00358	0.00358
181	0.79772	0.01228	0.04186	0.00818	0.01206	0.01329	0.00708	0.01744	0.01017	0.02619	0.00834	0.00973	0.00645	0.00550	0.00375	0.00183	0.00476	0.00325	0.00361	0.00651
182	0.01935	0.19150	0.02050	0.01554	0.11460	0.12149	0.01148	0.20922	0.03659	0.11784	0.01293	0.01380	0.00986	0.00650	0.00611	0.00167	0.05279	0.00473	0.02489	0.00862
183	0.02296	0.03839	0.07846	0.01213	0.01705	0.01315	0.01073	0.29525	0.02052	0.38107	0.03733	0.01754	0.01316	0.00715	0.00587	0.00180	0.00588	0.00562	0.00621	0.00976
184	0.19868	0.49373	0.02343	0.01011	0.01449	0.07845	0.00933	0.01836	0.01206	0.04961	0.00912	0.01044	0.00780	0.00631	0.02117	0.00164	0.02147	0.00345	0.00305	0.00730
185	0.01511	0.03173	0.01526	0.01160	0.01575	0.01146	0.07319	0.18511	0.07973	0.06990	0.03493	0.11946	0.03475	0.00793	0.00575	0.00161	0.00530	0.00683	0.00484	0.26976
186	0.04065	0.01474	0.03479	0.04771	0.01756	0.05119	0.01046	0.42835	0.04528	0.11235	0.06841	0.04050	0.04531	0.00796	0.00599	0.00182	0.00607	0.00627	0.00565	0.00892

[dist]
# distance from previous block
# <min> <max>
4	7

[block]
# block no. 4 follows, 39 sequences, length 46
# corresponding to MSA columns:
# 491-526,533-542
name=unknown_E
#
# <colnr> <probs for GDERKNQSTAVLIFYWHMCP>
#	G	D	E	R	K	N	Q	S	T	A	V	L	I	F	Y	W	H	M	C	P
