[name]
unknown

[dist]
# distance from previous block
# <min> <max>
0	98

[block]
# block no. 0 follows, 44 sequences, length 31
# corresponding to MSA columns:
# 113-143
name=unknown_A
#
# <colnr> <probs for GDERKNQSTAVLIFYWHMCP>
#	G	D	E	R	K	N	Q	S	T	A	V	L	I	F	Y	W	H	M	C	P
0	0.01649	0.04680	0.01668	0.26940	0.05789	0.28428	0.01220	0.18092	0.03133	0.01855	0.01020	0.01243	0.00787	0.00573	0.00519	0.00160	0.00773	0.00435	0.00330	0.00706
1	0.00740	0.00556	0.00684	0.00652	0.00795	0.00501	0.00489	0.00967	0.01467	0.02006	0.59104	0.04368	0.23304	0.01182	0.00643	0.00175	0.00262	0.01027	0.00576	0.00501
2	0.84691	0.01054	0.00801	0.00717	0.01054	0.01223	0.00590	0.01603	0.00928	0.02446	0.00759	0.00886	0.00590	0.00506	0.00337	0.00169	0.00422	0.00295	0.00337	0.00590
3	0.00793	0.00529	0.00595	0.00595	0.00595	0.00529	0.00330	0.00793	0.00793	0.01057	0.01718	0.03568	0.01982	0.80840	0.02775	0.00529	0.00529	0.00793	0.00330	0.00330
4	0.00658	0.00553	0.00571	0.00566	0.00745	0.00466	0.00425	0.00808	0.01274	0.01548	0.13084	0.05123	0.69610	0.01353	0.00644	0.00183	0.00274	0.01133	0.00516	0.00466
5	0.84691	0.01054	0.00801	0.00717	0.01054	0.01223	0.00590	0.01603	0.00928	0.02446	0.00759	0.00886	0.00590	0.00506	0.00337	0.00169	0.00422	0.00295	0.00337	0.00590
6	0.00675	0.00486	0.00641	0.00745	0.00792	0.00451	0.00504	0.00789	0.01103	0.01480	0.11102	0.70119	0.05820	0.01635	0.00689	0.00215	0.00309	0.01478	0.00516	0.00451
7	0.84691	0.01054	0.00801	0.00717	0.01054	0.01223	0.00590	0.01603	0.00928	0.02446	0.00759	0.00886	0.00590	0.00506	0.00337	0.00169	0.00422	0.00295	0.00337	0.00590
8	0.02037	0.02598	0.01545	0.01404	0.01685	0.78652	0.01053	0.02177	0.01545	0.01334	0.00843	0.00983	0.00702	0.00562	0.00492	0.00140	0.00983	0.00351	0.00281	0.00632
9	0.00879	0.00628	0.00879	0.01004	0.01130	0.00628	0.00879	0.01130	0.01255	0.01632	0.02887	0.06150	0.03138	0.01506	0.00753	0.00251	0.00502	0.73770	0.00502	0.00502
10	0.84691	0.01054	0.00801	0.00717	0.01054	0.01223	0.00590	0.01603	0.00928	0.02446	0.00759	0.00886	0.00590	0.00506	0.00337	0.00169	0.00422	0.00295	0.00337	0.00590
11	0.01804	0.01208	0.01343	0.01069	0.01401	0.01300	0.00848	0.46803	0.03864	0.12586	0.01529	0.01880	0.01227	0.16926	0.03492	0.00261	0.00591	0.00565	0.00511	0.00791
12	0.01092	0.01054	0.01648	0.49695	0.02867	0.01386	0.01391	0.01362	0.00993	0.01362	0.00872	0.01354	0.00723	0.00701	0.01020	0.00203	0.30950	0.00482	0.00241	0.00602
13	0.00879	0.00628	0.00879	0.01004	0.01130	0.00628	0.00879	0.01130	0.01255	0.01632	0.02887	0.06150	0.03138	0.01506	0.00753	0.00251	0.00502	0.73770	0.00502	0.00502
14	0.02228	0.00880	0.01195	0.00933	0.01317	0.00764	0.00764	0.02445	0.01558	0.67971	0.11915	0.02144	0.01844	0.00732	0.00561	0.00169	0.00437	0.00605	0.00665	0.00874
15	0.01589	0.13534	0.01729	0.13065	0.05568	0.32844	0.02370	0.05462	0.08312	0.01557	0.02605	0.01370	0.00968	0.04496	0.00632	0.00172	0.02302	0.00442	0.00314	0.00669
16	0.02041	0.02473	0.01556	0.01387	0.01686	0.69656	0.01051	0.10761	0.01664	0.01580	0.00897	0.01021	0.00729	0.00573	0.00498	0.00143	0.00938	0.00367	0.00312	0.00667
17	0.00664	0.00474	0.00633	0.00759	0.00791	0.00443	0.00506	0.00759	0.01044	0.01392	0.03005	0.80485	0.03606	0.01708	0.00696	0.00221	0.00316	0.01550	0.00506	0.00443
18	0.00677	0.00544	0.00606	0.00621	0.00770	0.00472	0.00459	0.00834	0.01269	0.01598	0.18411	0.16428	0.50633	0.01384	0.00655	0.00189	0.00285	0.03172	0.00524	0.00469
19	0.01350	0.01312	0.01964	0.05952	0.57282	0.06510	0.01498	0.01763	0.07743	0.01767	0.01247	0.01731	0.01079	0.00588	0.00553	0.00170	0.00645	0.05725	0.00311	0.00811
20	0.02368	0.05200	0.01375	0.00988	0.01413	0.00935	0.00825	0.07727	0.01607	0.68559	0.02018	0.01765	0.01286	0.00662	0.00538	0.00166	0.00480	0.00531	0.00642	0.00916
21	0.84691	0.01054	0.00801	0.00717	0.01054	0.01223	0.00590	0.01603	0.00928	0.02446	0.00759	0.00886	0.00590	0.00506	0.00337	0.00169	0.00422	0.00295	0.00337	0.00590
22	0.00827	0.00644	0.00923	0.00896	0.00968	0.00770	0.00686	0.00985	0.00859	0.01240	0.01415	0.02248	0.01383	0.15184	0.58736	0.00753	0.10112	0.00603	0.00292	0.00476
23	0.01439	0.05463	0.09497	0.10632	0.32555	0.10694	0.09333	0.08645	0.03247	0.01819	0.01044	0.01300	0.00827	0.00523	0.00535	0.00163	0.00728	0.00472	0.00296	0.00787
24	0.00745	0.00544	0.00703	0.00713	0.00825	0.00502	0.00530	0.00955	0.01387	0.01911	0.49422	0.21042	0.10942	0.01295	0.00662	0.00189	0.00289	0.06286	0.00564	0.00493
25	0.01763	0.01053	0.01222	0.01018	0.01359	0.01101	0.00813	0.12084	0.31453	0.28430	0.07939	0.02038	0.01720	0.00731	0.00550	0.00173	0.00442	0.00600	0.04662	0.00849
26	0.00766	0.00557	0.00721	0.00680	0.00811	0.00512	0.00510	0.01018	0.01530	0.02154	0.73896	0.04126	0.08420	0.01127	0.00643	0.00172	0.00258	0.00993	0.00596	0.00512
27	0.01157	0.01140	0.01601	0.01383	0.01392	0.01585	0.01149	0.01283	0.00838	0.01308	0.00780	0.01275	0.00771	0.01224	0.08416	0.00294	0.73087	0.00486	0.00243	0.00587
28	0.01458	0.81168	0.02857	0.00933	0.01399	0.02157	0.00933	0.01632	0.01108	0.01283	0.00758	0.00875	0.00700	0.00466	0.00350	0.00117	0.00583	0.00292	0.00233	0.00700
29	0.00795	0.00683	0.00895	0.07751	0.10696	0.00644	0.00700	0.00997	0.01273	0.01623	0.15985	0.06085	0.45353	0.01165	0.00627	0.00182	0.00367	0.03178	0.00469	0.00533
30	0.01942	0.10047	0.01650	0.01329	0.01630	0.65034	0.01024	0.05671	0.01552	0.01459	0.03296	0.01087	0.00855	0.00575	0.00485	0.00140	0.00903	0.00372	0.00299	0.00649

[dist]
# distance from previous block
# <min> <max>
0	14

[block]
# block no. 1 follows, 44 sequences, length 53
# corresponding to MSA columns:
# 158-210
name=unknown_B
#
# <colnr> <probs for GDERKNQSTAVLIFYWHMCP>
#	G	D	E	R	K	N	Q	S	T	A	V	L	I	F	Y	W	H	M	C	P
0	0.05832	0.08650	0.13578	0.11626	0.01811	0.01205	0.07484	0.06499	0.01181	0.01758	0.01283	0.05507	0.02452	0.00838	0.04548	0.00204	0.09180	0.00528	0.12900	0.02936
1	0.03356	0.24706	0.07876	0.01192	0.01585	0.34781	0.01041	0.05348	0.01426	0.09834	0.03424	0.01172	0.00921	0.00564	0.00464	0.00142	0.00747	0.00385	0.00330	0.00706
2	0.01561	0.00855	0.01066	0.00892	0.01176	0.00829	0.00708	0.08660	0.10940	0.29344	0.34113	0.02774	0.02971	0.00869	0.00589	0.00171	0.00384	0.00738	0.00616	0.00743
3	0.00886	0.00616	0.00836	0.00932	0.01065	0.00600	0.00793	0.01113	0.01254	0.04040	0.04947	0.11643	0.10415	0.01473	0.00729	0.00238	0.00458	0.56944	0.00511	0.00507
4	0.01379	0.03217	0.05791	0.04616	0.55207	0.07287	0.09652	0.01738	0.02684	0.01730	0.01033	0.01330	0.00848	0.00496	0.00543	0.00163	0.00707	0.00487	0.00273	0.00820
5	0.01091	0.00967	0.01446	0.07777	0.25350	0.02701	0.03494	0.01429	0.06054	0.01637	0.01990	0.07084	0.04824	0.05994	0.00794	0.00222	0.02572	0.23548	0.00383	0.00644
6	0.00784	0.00529	0.00615	0.00623	0.00631	0.00533	0.00364	0.00802	0.00814	0.01092	0.01782	0.08318	0.02044	0.70898	0.07549	0.00532	0.00575	0.00827	0.00339	0.00348
7	0.01906	0.01275	0.01428	0.01145	0.01527	0.01372	0.00937	0.45067	0.12499	0.16013	0.04116	0.03174	0.01406	0.00750	0.00564	0.00174	0.00532	0.04677	0.00568	0.00873
8	0.03388	0.45632	0.20913	0.01393	0.09838	0.01747	0.04267	0.01700	0.01151	0.04199	0.00903	0.01051	0.00741	0.00489	0.00429	0.00141	0.00649	0.00363	0.00256	0.00750
9	0.01207	0.09991	0.01805	0.14943	0.19781	0.03148	0.08095	0.05620	0.01280	0.01675	0.01606	0.02719	0.03007	0.02724	0.00641	0.00195	0.00636	0.19913	0.00345	0.00671
10	0.84691	0.01054	0.00801	0.00717	0.01054	0.01223	0.00590	0.01603	0.00928	0.02446	0.00759	0.00886	0.00590	0.00506	0.00337	0.00169	0.00422	0.00295	0.00337	0.00590
11	0.00974	0.00619	0.00748	0.00683	0.00878	0.00550	0.00524	0.01202	0.02755	0.12776	0.37793	0.04165	0.31973	0.01146	0.00628	0.00176	0.00297	0.00979	0.00574	0.00559
12	0.01391	0.01082	0.02448	0.00983	0.01341	0.01031	0.00790	0.24034	0.05039	0.05477	0.02822	0.16469	0.01508	0.00786	0.00561	0.00149	0.02690	0.00648	0.00452	0.30299
13	0.01490	0.01080	0.01312	0.01116	0.01440	0.01164	0.05516	0.03876	0.47890	0.15720	0.09910	0.02239	0.01930	0.00762	0.00572	0.00181	0.00454	0.01961	0.00562	0.00825
14	0.01386	0.01352	0.09728	0.16553	0.48298	0.01223	0.01584	0.01736	0.01240	0.09997	0.01133	0.01403	0.00874	0.00520	0.00539	0.00167	0.00658	0.00484	0.00305	0.00818
15	0.03364	0.10088	0.35885	0.04427	0.11704	0.03644	0.10017	0.01648	0.01161	0.01678	0.01037	0.02705	0.00823	0.00553	0.00568	0.00167	0.04370	0.00459	0.04959	0.00743
16	0.01645	0.01365	0.01392	0.01175	0.01528	0.05038	0.00934	0.29001	0.46447	0.02652	0.01828	0.01725	0.01355	0.00701	0.00548	0.00175	0.00517	0.00559	0.00539	0.00875
17	0.01130	0.00969	0.01130	0.00807	0.01292	0.00727	0.00646	0.01373	0.01130	0.01776	0.00969	0.01130	0.00807	0.00404	0.00404	0.00081	0.00404	0.00323	0.00323	0.84173
18	0.00838	0.00618	0.00814	0.05893	0.01024	0.00668	0.00614	0.02930	0.01002	0.01379	0.02081	0.29696	0.02323	0.24102	0.09949	0.00375	0.05552	0.05182	0.04505	0.00456
19	0.01143	0.02501	0.61201	0.01827	0.10068	0.01283	0.10907	0.01723	0.01177	0.01734	0.00998	0.01210	0.00725	0.00508	0.00535	0.00173	0.00803	0.00441	0.00240	0.00803
20	0.00746	0.00545	0.00701	0.00685	0.00805	0.00500	0.00505	0.00971	0.01449	0.02017	0.60929	0.14799	0.10875	0.01219	0.00650	0.00179	0.00267	0.01078	0.00579	0.00500
21	0.02359	0.01025	0.01321	0.01017	0.01438	0.00951	0.00839	0.13735	0.03765	0.64460	0.02025	0.01778	0.01294	0.00673	0.00548	0.00168	0.00484	0.00541	0.00652	0.00926
22	0.01134	0.06204	0.63150	0.01654	0.05222	0.01307	0.08887	0.01711	0.01167	0.01708	0.01017	0.01267	0.00755	0.00527	0.00527	0.00172	0.00795	0.01762	0.00241	0.00791
23	0.01884	0.08866	0.07759	0.01166	0.01611	0.01262	0.05660	0.17562	0.12871	0.30951	0.01781	0.01683	0.03122	0.00653	0.00536	0.00167	0.00550	0.00532	0.00523	0.00862
24	0.01987	0.01445	0.01545	0.01194	0.01605	0.01595	0.00983	0.69617	0.02449	0.03323	0.01347	0.01367	0.00965	0.00653	0.00532	0.00161	0.00572	0.00492	0.07274	0.00893
25	0.01443	0.70149	0.07826	0.01048	0.01535	0.04337	0.04262	0.01660	0.01131	0.01334	0.00790	0.00922	0.00705	0.00472	0.00378	0.00124	0.00624	0.00316	0.00236	0.00706
26	0.00818	0.00568	0.00740	0.00690	0.00829	0.00521	0.00520	0.01070	0.01535	0.04426	0.72782	0.04041	0.07172	0.01109	0.00640	0.00172	0.00264	0.00978	0.00600	0.00525
27	0.00738	0.00556	0.00682	0.00651	0.00794	0.00500	0.00488	0.00964	0.01464	0.01998	0.58283	0.04382	0.24130	0.01185	0.00643	0.00175	0.00262	0.01029	0.00575	0.00500
28	0.00654	0.00553	0.00566	0.00563	0.00742	0.00464	0.00422	0.00801	0.01266	0.01528	0.11070	0.05156	0.71637	0.01360	0.00644	0.00183	0.00275	0.01138	0.00514	0.00464
29	0.01401	0.01194	0.01258	0.01119	0.01435	0.01377	0.00874	0.07476	0.71802	0.02353	0.02162	0.01988	0.01618	0.00734	0.00554	0.00184	0.00442	0.00608	0.00554	0.00867
30	0.00879	0.00628	0.00879	0.01004	0.01130	0.00628	0.00879	0.01130	0.01255	0.01632	0.02887	0.06150	0.03138	0.01506	0.00753	0.00251	0.00502	0.73770	0.00502	0.00502
31	0.00664	0.00474	0.00633	0.00759	0.00791	0.00443	0.00506	0.00759	0.01044	0.01392	0.03005	0.80485	0.03606	0.01708	0.00696	0.00221	0.00316	0.01550	0.00506	0.00443
32	0.01130	0.00969	0.01130	0.00807	0.01292	0.00727	0.00646	0.01373	0.01130	0.01776	0.00969	0.01130	0.00807	0.00404	0.00404	0.00081	0.00404	0.00323	0.00323	0.84173
33	0.02027	0.01455	0.01574	0.01222	0.01645	0.01602	0.01005	0.63989	0.09652	0.08007	0.01450	0.01414	0.01025	0.00664	0.00546	0.00166	0.00575	0.00507	0.00554	0.00921
34	0.01927	0.01443	0.01557	0.01191	0.01630	0.01554	0.00980	0.63668	0.04570	0.03183	0.01291	0.01307	0.00933	0.00624	0.00527	0.00153	0.00569	0.00472	0.00516	0.11905
35	0.02024	0.01487	0.01536	0.01252	0.03684	0.09314	0.00990	0.46769	0.06461	0.14985	0.01426	0.01398	0.01007	0.00637	0.00534	0.00159	0.00600	0.00485	0.00522	0.04728
36	0.01323	0.05855	0.01722	0.01395	0.01464	0.09935	0.01159	0.03513	0.00975	0.01373	0.00748	0.01156	0.00719	0.00876	0.01534	0.00219	0.64714	0.00454	0.00251	0.00615
37	0.00772	0.00557	0.00729	0.00686	0.00814	0.00514	0.00514	0.01029	0.01543	0.02186	0.77152	0.04072	0.05144	0.01115	0.00643	0.00171	0.00257	0.00986	0.00600	0.00514
38	0.00756	0.00766	0.09116	0.00877	0.01016	0.00577	0.00729	0.00938	0.01083	0.01454	0.02756	0.50101	0.06028	0.04894	0.03620	0.00256	0.00450	0.13634	0.00460	0.00490
39	0.01376	0.58143	0.22881	0.01111	0.01663	0.03978	0.01225	0.01672	0.01131	0.01403	0.00819	0.00951	0.00697	0.00483	0.00399	0.00132	0.00653	0.00323	0.00234	0.00726
40	0.00866	0.00578	0.00759	0.00702	0.00847	0.00531	0.00531	0.01120	0.01544	0.06444	0.72930	0.03948	0.04930	0.01090	0.00638	0.00171	0.00269	0.00961	0.00604	0.00538
41	0.00780	0.00580	0.00855	0.00855	0.00946	0.00670	0.00656	0.00960	0.00870	0.01250	0.01479	0.02247	0.01409	0.09741	0.73090	0.00851	0.01392	0.00599	0.00295	0.00475
42	0.01432	0.01428	0.03352	0.01157	0.01448	0.16385	0.00921	0.03996	0.48282	0.02002	0.01950	0.02255	0.01594	0.03124	0.00627	0.00192	0.00563	0.08047	0.00480	0.00765
43	0.84691	0.01054	0.00801	0.00717	0.01054	0.01223	0.00590	0.01603	0.00928	0.02446	0.00759	0.00886	0.00590	0.00506	0.00337	0.00169	0.00422	0.00295	0.00337	0.00590
44	0.03065	0.01135	0.01660	0.07649	0.08000	0.01068	0.13833	0.05325	0.11034	0.06688	0.01246	0.01400	0.00956	0.00506	0.00502	0.00138	0.00556	0.00465	0.00367	0.34407
45	0.01950	0.04592	0.01586	0.01437	0.03918	0.70592	0.01062	0.02098	0.01491	0.01344	0.00859	0.01025	0.00724	0.00655	0.02493	0.00161	0.02737	0.00362	0.00279	0.00636
46	0.84691	0.01054	0.00801	0.00717	0.01054	0.01223	0.00590	0.01603	0.00928	0.02446	0.00759	0.00886	0.00590	0.00506	0.00337	0.00169	0.00422	0.00295	0.00337	0.00590
47	0.00684	0.00488	0.00632	0.00739	0.00777	0.00458	0.00494	0.00775	0.01032	0.01366	0.02978	0.66463	0.06808	0.10260	0.00920	0.00254	0.00343	0.03608	0.00487	0.00433
48	0.00663	0.00478	0.00628	0.00748	0.00788	0.00444	0.00501	0.00760	0.01054	0.01396	0.03135	0.76588	0.07418	0.01691	0.00693	0.00219	0.00314	0.01529	0.00506	0.00444
49	0.07784	0.01329	0.03998	0.03745	0.01763	0.03432	0.13579	0.20743	0.01441	0.04767	0.01159	0.05997	0.00986	0.00823	0.02516	0.00208	0.24093	0.00558	0.00365	0.00713
50	0.49413	0.06062	0.05937	0.00898	0.01261	0.07877	0.00783	0.09765	0.01243	0.03590	0.06232	0.01219	0.00997	0.00574	0.00411	0.00162	0.00509	0.00385	0.02031	0.00650
51	0.53072	0.02824	0.12698	0.02477	0.01353	0.01178	0.03029	0.03906	0.01096	0.02253	0.09170	0.01360	0.01148	0.01916	0.00459	0.00175	0.00493	0.00415	0.00351	0.00628
52	0.10551	0.04023	0.02916	0.01568	0.11071	0.33520	0.05760	0.14853	0.05919	0.03266	0.01056	0.01181	0.00824	0.00565	0.00501	0.00156	0.00757	0.00423	0.00352	0.00737

[dist]
# distance from previous block
# <min> <max>
0	1

[block]
# block no. 2 follows, 44 sequences, length 31
# corresponding to MSA columns:
# 212-242
name=unknown_C
#
# <colnr> <probs for GDERKNQSTAVLIFYWHMCP>
#	G	D	E	R	K	N	Q	S	T	A	V	L	I	F	Y	W	H	M	C	P
0	0.00755	0.00568	0.00710	0.02471	0.00903	0.00546	0.00546	0.03411	0.03947	0.01602	0.12279	0.52444	0.14797	0.01489	0.00668	0.00205	0.00326	0.01327	0.00515	0.00489
1	0.11062	0.01035	0.01544	0.56767	0.03083	0.01244	0.03495	0.07257	0.04349	0.01725	0.01072	0.03151	0.00832	0.00580	0.00527	0.00180	0.00665	0.00496	0.00297	0.00640
2	0.01165	0.00990	0.01149	0.00824	0.01307	0.00762	0.00660	0.04109	0.01183	0.01838	0.00982	0.01137	0.00812	0.00413	0.00409	0.00084	0.00411	0.00329	0.00331	0.81106
3	0.01235	0.00795	0.01235	0.10917	0.01487	0.00824	0.08389	0.09395	0.01103	0.07491	0.01146	0.01691	0.00986	0.01333	0.01445	0.47010	0.00565	0.02164	0.00317	0.00472
4	0.00664	0.00474	0.00633	0.00759	0.00791	0.00443	0.00506	0.00759	0.01044	0.01392	0.03005	0.80485	0.03606	0.01708	0.00696	0.00221	0.00316	0.01550	0.00506	0.00443
5	0.00740	0.00514	0.00643	0.00693	0.00717	0.00513	0.00441	0.00801	0.00902	0.01214	0.02195	0.33765	0.02550	0.40482	0.10971	0.00449	0.00555	0.01067	0.00395	0.00393
6	0.00645	0.00550	0.00555	0.00559	0.00738	0.00460	0.00417	0.00782	0.01236	0.01470	0.05439	0.07741	0.74778	0.01392	0.00646	0.00185	0.00277	0.01164	0.00506	0.00460
7	0.01483	0.77719	0.02799	0.00954	0.01412	0.05515	0.00938	0.01656	0.01127	0.01285	0.00762	0.00879	0.00700	0.00471	0.00356	0.00118	0.00601	0.00294	0.00235	0.00697
8	0.02029	0.01458	0.01568	0.01208	0.01628	0.01605	0.00996	0.69752	0.02462	0.05461	0.01357	0.01361	0.00963	0.00654	0.00537	0.00162	0.00578	0.00493	0.04822	0.00906
9	0.02072	0.01527	0.01636	0.01254	0.01691	0.01691	0.01036	0.75622	0.02563	0.03436	0.01309	0.01309	0.00927	0.00654	0.00545	0.00164	0.00600	0.00491	0.00545	0.00927
10	0.01356	0.01171	0.01233	0.01109	0.01418	0.01356	0.00863	0.02897	0.76455	0.02281	0.02219	0.02034	0.01664	0.00740	0.00555	0.00185	0.00431	0.00616	0.00555	0.00863
11	0.00664	0.00553	0.00579	0.00573	0.00748	0.00468	0.00429	0.00820	0.01288	0.01581	0.16407	0.05068	0.66266	0.01340	0.00644	0.00182	0.00273	0.01126	0.00521	0.00468
12	0.01458	0.81168	0.02857	0.00933	0.01399	0.02157	0.00933	0.01632	0.01108	0.01283	0.00758	0.00875	0.00700	0.00466	0.00350	0.00117	0.00583	0.00292	0.00233	0.00700
13	0.01130	0.00969	0.01130	0.00807	0.01292	0.00727	0.00646	0.01373	0.01130	0.01776	0.00969	0.01130	0.00807	0.00404	0.00404	0.00081	0.00404	0.00323	0.00323	0.84173
14	0.01243	0.01561	0.10607	0.02125	0.02654	0.01357	0.61383	0.01689	0.01239	0.01708	0.01123	0.03748	0.00889	0.00532	0.00701	0.00187	0.05616	0.00636	0.00276	0.00725
15	0.01356	0.01179	0.01291	0.01243	0.05970	0.01352	0.00911	0.02824	0.71950	0.02251	0.02147	0.01993	0.01616	0.00724	0.00554	0.00184	0.00444	0.00609	0.00538	0.00863
16	0.01999	0.01491	0.01595	0.01240	0.01663	0.01656	0.01018	0.68178	0.10127	0.03318	0.01402	0.01383	0.01003	0.00663	0.00546	0.00166	0.00583	0.00504	0.00546	0.00921
17	0.01030	0.00969	0.01635	0.79530	0.03755	0.01211	0.01514	0.01393	0.01090	0.01393	0.00969	0.01453	0.00727	0.00545	0.00545	0.00182	0.00727	0.00484	0.00242	0.00606
18	0.01336	0.05465	0.03577	0.09376	0.46425	0.10390	0.01420	0.01654	0.03335	0.01646	0.01219	0.07943	0.01115	0.00629	0.00542	0.00166	0.00658	0.02044	0.00298	0.00762
19	0.00722	0.00526	0.00636	0.00681	0.00792	0.00469	0.00483	0.00859	0.01200	0.03645	0.14543	0.40742	0.29763	0.01478	0.00666	0.00200	0.00298	0.01300	0.00524	0.00473
20	0.02129	0.01436	0.01580	0.01211	0.01645	0.01555	0.01000	0.64524	0.02411	0.14749	0.01437	0.01392	0.00991	0.00658	0.00546	0.00164	0.00579	0.00500	0.00565	0.00927
21	0.01643	0.02771	0.03736	0.00981	0.01295	0.00905	0.00813	0.03821	0.17562	0.33362	0.08101	0.11914	0.02106	0.00915	0.00588	0.00185	0.00444	0.07505	0.00579	0.00774
22	0.01823	0.11667	0.01594	0.01321	0.11570	0.05609	0.00949	0.11294	0.08301	0.29475	0.03491	0.03318	0.05800	0.00691	0.00529	0.00162	0.00529	0.00559	0.00498	0.00820
23	0.00739	0.00555	0.00686	0.00665	0.00803	0.00502	0.00500	0.00961	0.01443	0.01966	0.54768	0.07215	0.22743	0.01213	0.00648	0.00179	0.00271	0.03075	0.00571	0.00498
24	0.06249	0.01395	0.01495	0.01164	0.01570	0.01529	0.00957	0.62260	0.02318	0.07726	0.01394	0.03284	0.01022	0.00673	0.00531	0.00164	0.00560	0.00511	0.04319	0.00879
25	0.04121	0.04619	0.03847	0.10968	0.14817	0.38927	0.01223	0.05290	0.04146	0.01589	0.00953	0.01164	0.00775	0.00572	0.00569	0.00158	0.04867	0.00410	0.00293	0.00694
26	0.01053	0.00615	0.00676	0.00639	0.00765	0.00660	0.00484	0.05647	0.01161	0.01936	0.01661	0.02081	0.01378	0.07815	0.06254	0.00224	0.04959	0.00535	0.60934	0.00521
27	0.03322	0.01223	0.01311	0.01321	0.10988	0.10754	0.00916	0.13901	0.11267	0.07273	0.09765	0.05748	0.12453	0.00850	0.00655	0.00175	0.06227	0.00680	0.00459	0.00712
28	0.00680	0.00486	0.00649	0.00769	0.00809	0.00455	0.00526	0.00790	0.01077	0.01439	0.06254	0.73304	0.03649	0.01672	0.00696	0.00221	0.00323	0.05243	0.00510	0.00449
29	0.01266	0.01242	0.04419	0.02539	0.50715	0.02653	0.03166	0.05366	0.04073	0.01815	0.01694	0.06618	0.08643	0.00695	0.00567	0.00172	0.00595	0.02642	0.00337	0.00782
30	0.09255	0.09985	0.43600	0.05419	0.03763	0.01354	0.04594	0.04352	0.01166	0.01784	0.00941	0.01137	0.00710	0.00528	0.00543	0.00165	0.04295	0.00399	0.00262	0.05750

[dist]
# distance from previous block
# <min> <max>
2	12

[block]
# block no. 3 follows, 44 sequences, length 55
# corresponding to MSA columns:
# 255-309
name=unknown_D
#
# <colnr> <probs for GDERKNQSTAVLIFYWHMCP>
#	G	D	E	R	K	N	Q	S	T	A	V	L	I	F	Y	W	H	M	C	P
0	0.01093	0.00932	0.01089	0.00795	0.01248	0.00705	0.00631	0.01330	0.01145	0.01772	0.03644	0.03146	0.03334	0.00486	0.00425	0.00090	0.00393	0.00398	0.00342	0.77002
1	0.01179	0.00707	0.00884	0.00809	0.01008	0.00673	0.00631	0.06045	0.03661	0.16122	0.28479	0.07973	0.11607	0.07512	0.00805	0.00214	0.00381	0.10150	0.00559	0.00602
2	0.00867	0.00638	0.00888	0.01040	0.03939	0.00630	0.00847	0.01100	0.01234	0.01603	0.02988	0.09600	0.08302	0.02941	0.00772	0.00247	0.00483	0.60885	0.00491	0.00506
3	0.00664	0.00474	0.00633	0.00759	0.00791	0.00443	0.00506	0.00759	0.01044	0.01392	0.03005	0.80485	0.03606	0.01708	0.00696	0.00221	0.00316	0.01550	0.00506	0.00443
4	0.01458	0.81168	0.02857	0.00933	0.01399	0.02157	0.00933	0.01632	0.01108	0.01283	0.00758	0.00875	0.00700	0.00466	0.00350	0.00117	0.00583	0.00292	0.00233	0.00700
5	0.02446	0.00928	0.01265	0.00970	0.01392	0.00801	0.00801	0.02657	0.01560	0.77817	0.02151	0.01856	0.01350	0.00675	0.00548	0.00169	0.00464	0.00548	0.00675	0.00928
6	0.01130	0.00969	0.01130	0.00807	0.01292	0.00727	0.00646	0.01373	0.01130	0.01776	0.00969	0.01130	0.00807	0.00404	0.00404	0.00081	0.00404	0.00323	0.00323	0.84173
7	0.00772	0.00557	0.00729	0.00686	0.00814	0.00514	0.00514	0.01029	0.01543	0.02186	0.77152	0.04072	0.05144	0.01115	0.00643	0.00171	0.00257	0.00986	0.00600	0.00514
8	0.02072	0.01527	0.01636	0.01254	0.01691	0.01691	0.01036	0.75622	0.02563	0.03436	0.01309	0.01309	0.00927	0.00654	0.00545	0.00164	0.00600	0.00491	0.00545	0.00927
9	0.84691	0.01054	0.00801	0.00717	0.01054	0.01223	0.00590	0.01603	0.00928	0.02446	0.00759	0.00886	0.00590	0.00506	0.00337	0.00169	0.00422	0.00295	0.00337	0.00590
10	0.78962	0.01087	0.00859	0.00754	0.01098	0.01255	0.00621	0.06736	0.01041	0.02515	0.00797	0.00915	0.00614	0.00516	0.00352	0.00168	0.00434	0.00309	0.00352	0.00614
11	0.00765	0.00557	0.00719	0.00679	0.00810	0.00511	0.00509	0.01015	0.01527	0.02147	0.73258	0.04136	0.09062	0.01129	0.00643	0.00172	0.00258	0.00995	0.00595	0.00511
12	0.05368	0.00675	0.00805	0.00783	0.00960	0.00624	0.00572	0.02982	0.03985	0.01699	0.10227	0.40962	0.05196	0.02792	0.00644	0.00188	0.00354	0.03448	0.00469	0.17265
13	0.18367	0.00971	0.01187	0.00930	0.01335	0.00910	0.00768	0.04670	0.01468	0.60956	0.01856	0.01651	0.01190	0.00641	0.00507	0.00169	0.00460	0.00497	0.00605	0.00862
14	0.02446	0.00928	0.01265	0.00970	0.01392	0.00801	0.00801	0.02657	0.01560	0.77817	0.02151	0.01856	0.01350	0.00675	0.00548	0.00169	0.00464	0.00548	0.00675	0.00928
15	0.01192	0.05186	0.66148	0.01555	0.02311	0.01278	0.07091	0.01775	0.01181	0.05813	0.01043	0.01202	0.00736	0.00521	0.00523	0.00171	0.00788	0.00424	0.00257	0.00804
16	0.02274	0.02942	0.01325	0.01019	0.01420	0.06209	0.00833	0.04040	0.09401	0.61490	0.02020	0.01781	0.01315	0.00669	0.00540	0.00167	0.00501	0.00535	0.00623	0.00896
17	0.65218	0.01026	0.00923	0.03347	0.01211	0.01137	0.00664	0.01810	0.01062	0.17749	0.01049	0.01102	0.00749	0.00542	0.00387	0.00169	0.00440	0.00353	0.00403	0.00660
18	0.01535	0.01296	0.01380	0.01284	0.06221	0.04473	0.00951	0.16046	0.53811	0.03938	0.01923	0.01814	0.01435	0.00700	0.00549	0.00178	0.00498	0.00573	0.00527	0.00867
19	0.00664	0.00474	0.00633	0.00759	0.00791	0.00443	0.00506	0.00759	0.01044	0.01392	0.03005	0.80485	0.03606	0.01708	0.00696	0.00221	0.00316	0.01550	0.00506	0.00443
20	0.01384	0.01165	0.01234	0.01106	0.01417	0.01342	0.00861	0.02891	0.74526	0.04226	0.02217	0.02029	0.01656	0.00738	0.00555	0.00184	0.00432	0.00615	0.00558	0.00865
21	0.00793	0.00529	0.00595	0.00595	0.00595	0.00529	0.00330	0.00793	0.00793	0.01057	0.01718	0.03568	0.01982	0.80840	0.02775	0.00529	0.00529	0.00793	0.00330	0.00330
22	0.00879	0.00628	0.00879	0.01004	0.01130	0.00628	0.00879	0.01130	0.01255	0.01632	0.02887	0.06150	0.03138	0.01506	0.00753	0.00251	0.00502	0.73770	0.00502	0.00502
23	0.00756	0.00557	0.00707	0.00670	0.00805	0.00508	0.00502	0.00999	0.01507	0.02100	0.68525	0.04214	0.13825	0.01147	0.00643	0.00173	0.00259	0.01006	0.00589	0.00508
24	0.84691	0.01054	0.00801	0.00717	0.01054	0.01223	0.00590	0.01603	0.00928	0.02446	0.00759	0.00886	0.00590	0.00506	0.00337	0.00169	0.00422	0.00295	0.00337	0.00590
25	0.84691	0.01054	0.00801	0.00717	0.01054	0.01223	0.00590	0.01603	0.00928	0.02446	0.00759	0.00886	0.00590	0.00506	0.00337	0.00169	0.00422	0.00295	0.00337	0.00590
26	0.01391	0.01073	0.01227	0.01021	0.01328	0.01106	0.00806	0.30973	0.04428	0.02331	0.01717	0.22202	0.01671	0.00912	0.00621	0.00167	0.04462	0.02430	0.00468	0.19667
27	0.01133	0.02562	0.64409	0.01769	0.08166	0.01280	0.09643	0.01724	0.01172	0.01733	0.00995	0.01200	0.00718	0.00509	0.00533	0.00173	0.00805	0.00434	0.00238	0.00803
28	0.01173	0.19021	0.56601	0.01358	0.02052	0.01399	0.01678	0.01675	0.01155	0.03153	0.01201	0.01328	0.04829	0.00557	0.00490	0.00161	0.00724	0.00423	0.00255	0.00767
29	0.10847	0.00914	0.01169	0.00922	0.01307	0.00833	0.00756	0.02410	0.03175	0.61654	0.08563	0.01952	0.01609	0.00697	0.00535	0.00169	0.00441	0.00562	0.00630	0.00855
30	0.00771	0.00568	0.00822	0.00833	0.00913	0.00643	0.00625	0.00934	0.00881	0.01252	0.01623	0.09023	0.01628	0.12893	0.63089	0.00779	0.01253	0.00691	0.00315	0.00465
31	0.00868	0.00751	0.00974	0.01008	0.03026	0.04844	0.05505	0.01092	0.05163	0.01523	0.06386	0.52251	0.04702	0.01408	0.00705	0.00210	0.03015	0.05579	0.00471	0.00518
32	0.02259	0.01011	0.03523	0.00996	0.01411	0.00876	0.00839	0.07094	0.04313	0.64413	0.05842	0.01919	0.01506	0.00693	0.00552	0.00169	0.00471	0.00565	0.00646	0.00901
33	0.02397	0.00933	0.01261	0.00970	0.01385	0.00815	0.00800	0.04312	0.01583	0.74280	0.03926	0.01896	0.01431	0.00685	0.00550	0.00169	0.00462	0.00557	0.00670	0.00918
34	0.01244	0.01433	0.12719	0.10598	0.55369	0.01237	0.01642	0.01603	0.01203	0.01713	0.01120	0.05596	0.00973	0.00562	0.00546	0.00169	0.00660	0.00531	0.00274	0.00807
35	0.01328	0.01075	0.01253	0.00935	0.01370	0.00963	0.00756	0.12722	0.03803	0.04499	0.01082	0.01215	0.00865	0.00501	0.00533	0.00111	0.06059	0.00376	0.00370	0.60185
36	0.00662	0.00484	0.00623	0.00734	0.00784	0.00445	0.00495	0.00762	0.01068	0.01402	0.03314	0.71235	0.12655	0.01668	0.00690	0.00217	0.00311	0.01501	0.00506	0.00445
37	0.00732	0.00503	0.00612	0.00672	0.00687	0.00488	0.00413	0.00777	0.00911	0.01214	0.02322	0.39678	0.02744	0.43690	0.01799	0.00384	0.00429	0.01148	0.00413	0.00383
38	0.00807	0.00719	0.03909	0.04893	0.01178	0.00673	0.05287	0.02853	0.01084	0.01462	0.02491	0.59363	0.02891	0.04429	0.00811	0.00226	0.04693	0.01282	0.00448	0.00500
39	0.02056	0.01346	0.01494	0.01156	0.01573	0.01437	0.00952	0.55297	0.03852	0.18346	0.01725	0.01647	0.05139	0.00699	0.00551	0.00166	0.00551	0.00541	0.00570	0.00901
40	0.00872	0.00626	0.00870	0.00992	0.01119	0.00623	0.00866	0.01121	0.01255	0.01627	0.02955	0.06126	0.05055	0.01503	0.00750	0.00249	0.00496	0.71890	0.00502	0.00501
41	0.84691	0.01054	0.00801	0.00717	0.01054	0.01223	0.00590	0.01603	0.00928	0.02446	0.00759	0.00886	0.00590	0.00506	0.00337	0.00169	0.00422	0.00295	0.00337	0.00590
42	0.01340	0.01260	0.02101	0.14147	0.63078	0.01303	0.01618	0.05356	0.01286	0.01809	0.01032	0.01362	0.00847	0.00503	0.00541	0.00165	0.00657	0.00486	0.00280	0.00830
43	0.04373	0.03584	0.01627	0.13722	0.06507	0.33516	0.02636	0.09499	0.08976	0.01722	0.01049	0.01241	0.00835	0.00611	0.00626	0.00165	0.07857	0.00435	0.00326	0.00694
44	0.01574	0.01090	0.01215	0.01033	0.01355	0.01173	0.00818	0.17877	0.34496	0.15341	0.06354	0.05755	0.07829	0.00826	0.00570	0.00178	0.00446	0.00683	0.00570	0.00817
45	0.00675	0.00553	0.00595	0.00585	0.00755	0.00473	0.00439	0.00842	0.01316	0.01647	0.22969	0.04961	0.59664	0.01316	0.00644	0.00181	0.00272	0.01110	0.00529	0.00473
46	0.00795	0.00603	0.00888	0.00879	0.00967	0.00709	0.00679	0.00975	0.00869	0.01254	0.01448	0.02195	0.01377	0.08753	0.71065	0.00831	0.04344	0.00593	0.00292	0.00481
47	0.01016	0.00508	0.00508	0.00508	0.00635	0.00508	0.00381	0.01270	0.01143	0.02033	0.01778	0.02033	0.01397	0.00635	0.00381	0.00127	0.00254	0.00508	0.83867	0.00508
48	0.84691	0.01054	0.00801	0.00717	0.01054	0.01223	0.00590	0.01603	0.00928	0.02446	0.00759	0.00886	0.00590	0.00506	0.00337	0.00169	0.00422	0.00295	0.00337	0.00590
49	0.74204	0.01078	0.00905	0.02518	0.03117	0.01230	0.00661	0.04995	0.01021	0.02430	0.00803	0.00937	0.00623	0.00510	0.00359	0.00166	0.00442	0.00314	0.00343	0.03346
50	0.01979	0.01128	0.01336	0.01027	0.01451	0.01091	0.00840	0.25506	0.05973	0.34231	0.01777	0.01663	0.03374	0.00644	0.00525	0.00153	0.00489	0.00511	0.00559	0.15743
51	0.84691	0.01054	0.00801	0.00717	0.01054	0.01223	0.00590	0.01603	0.00928	0.02446	0.00759	0.00886	0.00590	0.00506	0.00337	0.00169	0.00422	0.00295	0.00337	0.00590
52	0.01936	0.02307	0.01504	0.01349	0.01645	0.61558	0.01023	0.07380	0.13010	0.01624	0.01084	0.01166	0.00864	0.00595	0.00505	0.00149	0.00873	0.00401	0.00341	0.00688
53	0.84691	0.01054	0.00801	0.00717	0.01054	0.01223	0.00590	0.01603	0.00928	0.02446	0.00759	0.00886	0.00590	0.00506	0.00337	0.00169	0.00422	0.00295	0.00337	0.00590
54	0.02128	0.01305	0.01485	0.01144	0.01563	0.01373	0.00943	0.50504	0.02218	0.25686	0.04854	0.01593	0.01237	0.00681	0.00550	0.00165	0.00544	0.00530	0.00587	0.00909

[dist]
# distance from previous block
# <min> <max>
0	4

[block]
# block no. 4 follows, 44 sequences, length 62
# corresponding to MSA columns:
# 314-375
name=unknown_E
#
# <colnr> <probs for GDERKNQSTAVLIFYWHMCP>
#	G	D	E	R	K	N	Q	S	T	A	V	L	I	F	Y	W	H	M	C	P
0	0.02175	0.00917	0.01211	0.00957	0.01339	0.00830	0.00780	0.02526	0.09159	0.62929	0.09321	0.02085	0.01744	0.00723	0.00558	0.00171	0.00441	0.00597	0.00655	0.00882
1	0.02446	0.00928	0.01265	0.00970	0.01392	0.00801	0.00801	0.02657	0.01560	0.77817	0.02151	0.01856	0.01350	0.00675	0.00548	0.00169	0.00464	0.00548	0.00675	0.00928
2	0.01349	0.01295	0.02213	0.03346	0.77440	0.01295	0.01673	0.01673	0.01241	0.01781	0.01025	0.01349	0.00864	0.00486	0.00540	0.00162	0.00648	0.00486	0.00270	0.00864
3	0.00651	0.00547	0.00565	0.00571	0.00743	0.00461	0.00424	0.00791	0.01241	0.01495	0.08170	0.10186	0.69509	0.01392	0.00648	0.00186	0.00278	0.01171	0.00510	0.00461
4	0.01016	0.00508	0.00508	0.00508	0.00635	0.00508	0.00381	0.01270	0.01143	0.02033	0.01778	0.02033	0.01397	0.00635	0.00381	0.00127	0.00254	0.00508	0.83867	0.00508
5	0.02037	0.02598	0.01545	0.01404	0.01685	0.78652	0.01053	0.02177	0.01545	0.01334	0.00843	0.00983	0.00702	0.00562	0.00492	0.00140	0.00983	0.00351	0.00281	0.00632
6	0.02037	0.02598	0.01545	0.01404	0.01685	0.78652	0.01053	0.02177	0.01545	0.01334	0.00843	0.00983	0.00702	0.00562	0.00492	0.00140	0.00983	0.00351	0.00281	0.00632
7	0.00716	0.00515	0.00688	0.00809	0.00863	0.00494	0.00579	0.00867	0.02576	0.01452	0.02968	0.65787	0.03484	0.01653	0.00703	0.00226	0.00351	0.14300	0.00506	0.00462
8	0.02338	0.00914	0.01237	0.00959	0.01363	0.00799	0.00788	0.02580	0.03193	0.72344	0.05946	0.01972	0.01548	0.00698	0.00553	0.00169	0.00453	0.00572	0.00668	0.00905
9	0.00833	0.00595	0.00826	0.00949	0.01055	0.00588	0.00797	0.01053	0.01218	0.01594	0.04374	0.21045	0.03271	0.01539	0.00739	0.00243	0.00460	0.57824	0.00505	0.00490
10	0.05982	0.00933	0.01245	0.00959	0.01377	0.00819	0.00792	0.02612	0.01533	0.74577	0.02091	0.01814	0.01317	0.00668	0.00539	0.00169	0.00462	0.00537	0.00660	0.00913
11	0.00700	0.00554	0.00630	0.00611	0.00771	0.00484	0.00458	0.00891	0.01375	0.01787	0.37042	0.04730	0.45503	0.01264	0.00644	0.00179	0.00268	0.01078	0.00548	0.00484
12	0.03768	0.01556	0.01616	0.01249	0.01677	0.04455	0.01028	0.71454	0.02493	0.03340	0.01281	0.01288	0.00912	0.00648	0.00539	0.00163	0.00610	0.00482	0.00532	0.00910
13	0.00879	0.00628	0.00879	0.01004	0.01130	0.00628	0.00879	0.01130	0.01255	0.01632	0.02887	0.06150	0.03138	0.01506	0.00753	0.00251	0.00502	0.73770	0.00502	0.00502
14	0.00789	0.00513	0.00670	0.00756	0.00829	0.00470	0.00519	0.00896	0.01098	0.06812	0.03166	0.68296	0.09921	0.01606	0.00681	0.00214	0.00323	0.01444	0.00518	0.00479
15	0.84691	0.01054	0.00801	0.00717	0.01054	0.01223	0.00590	0.01603	0.00928	0.02446	0.00759	0.00886	0.00590	0.00506	0.00337	0.00169	0.00422	0.00295	0.00337	0.00590
16	0.00817	0.00614	0.00764	0.00719	0.00866	0.00590	0.00541	0.01186	0.08631	0.02135	0.64129	0.05490	0.09221	0.01107	0.00636	0.00175	0.00276	0.00972	0.00588	0.00543
17	0.02087	0.01504	0.01622	0.01243	0.01679	0.01656	0.01027	0.72755	0.02524	0.06358	0.01342	0.01330	0.00944	0.00655	0.00545	0.00164	0.00595	0.00493	0.00550	0.00927
18	0.01093	0.02820	0.78016	0.01554	0.02360	0.01266	0.02014	0.01727	0.01151	0.01727	0.00978	0.01151	0.00691	0.00518	0.00518	0.00173	0.00806	0.00403	0.00230	0.00806
19	0.05025	0.00957	0.01266	0.00974	0.01394	0.00853	0.00805	0.05750	0.01583	0.72252	0.02071	0.01802	0.01307	0.00669	0.00541	0.00168	0.00468	0.00538	0.00659	0.00917
20	0.00735	0.00505	0.00615	0.00670	0.00687	0.00490	0.00413	0.00783	0.00922	0.01233	0.04075	0.37840	0.02780	0.43707	0.01798	0.00383	0.00428	0.01135	0.00415	0.00385
21	0.02220	0.00898	0.01197	0.00936	0.01323	0.00792	0.00766	0.03629	0.03189	0.66073	0.06855	0.02113	0.04318	0.00727	0.00554	0.00169	0.00442	0.00597	0.02327	0.00876
22	0.00668	0.00477	0.00636	0.00757	0.00792	0.00445	0.00506	0.00769	0.01061	0.01420	0.05617	0.77792	0.03660	0.01687	0.00694	0.00220	0.00314	0.01530	0.00509	0.00445
23	0.84691	0.01054	0.00801	0.00717	0.01054	0.01223	0.00590	0.01603	0.00928	0.02446	0.00759	0.00886	0.00590	0.00506	0.00337	0.00169	0.00422	0.00295	0.00337	0.00590
24	0.01287	0.01471	0.03217	0.02298	0.02849	0.01379	0.75460	0.01746	0.01287	0.01746	0.01103	0.01471	0.00827	0.00460	0.00643	0.00184	0.00919	0.00643	0.00276	0.00735
25	0.01947	0.01710	0.01679	0.06622	0.01870	0.18132	0.03999	0.50595	0.02163	0.02742	0.01167	0.01253	0.00858	0.00625	0.00561	0.00162	0.02169	0.00466	0.00452	0.00829
26	0.00664	0.00474	0.00633	0.00759	0.00791	0.00443	0.00506	0.00759	0.01044	0.01392	0.03005	0.80485	0.03606	0.01708	0.00696	0.00221	0.00316	0.01550	0.00506	0.00443
27	0.84691	0.01054	0.00801	0.00717	0.01054	0.01223	0.00590	0.01603	0.00928	0.02446	0.00759	0.00886	0.00590	0.00506	0.00337	0.00169	0.00422	0.00295	0.00337	0.00590
28	0.00655	0.00548	0.00569	0.00573	0.00745	0.00463	0.00426	0.00799	0.01253	0.01520	0.10520	0.09219	0.68085	0.01379	0.00647	0.00185	0.00277	0.01160	0.00513	0.00463
29	0.05563	0.08146	0.05707	0.02959	0.17818	0.01370	0.01123	0.17029	0.17447	0.13096	0.01457	0.01482	0.01076	0.00601	0.00515	0.00163	0.00553	0.00489	0.00443	0.02962
30	0.02433	0.00949	0.01279	0.00980	0.01402	0.00833	0.00810	0.05287	0.01597	0.75136	0.02120	0.01836	0.01334	0.00674	0.00548	0.00169	0.00469	0.00546	0.00670	0.00928
31	0.07940	0.07099	0.01698	0.01276	0.03435	0.04409	0.03354	0.50742	0.05541	0.04211	0.01233	0.01280	0.00907	0.00633	0.00567	0.00164	0.03714	0.00468	0.00474	0.00852
32	0.01323	0.01136	0.01204	0.01085	0.01383	0.01308	0.00843	0.02790	0.72170	0.02275	0.06505	0.02151	0.01863	0.00761	0.00560	0.00184	0.00421	0.00638	0.00557	0.00843
33	0.00664	0.00474	0.00633	0.00759	0.00791	0.00443	0.00506	0.00759	0.01044	0.01392	0.03005	0.80485	0.03606	0.01708	0.00696	0.00221	0.00316	0.01550	0.00506	0.00443
34	0.01466	0.01211	0.01283	0.01125	0.01451	0.01387	0.00883	0.11924	0.65847	0.03868	0.02105	0.01941	0.01567	0.00728	0.00553	0.00182	0.00453	0.00599	0.00556	0.00872
35	0.01400	0.21220	0.09453	0.09903	0.34134	0.10593	0.02657	0.01701	0.01221	0.01562	0.00929	0.01183	0.00774	0.00498	0.00488	0.00152	0.00699	0.00417	0.00256	0.00763
36	0.00680	0.00554	0.00601	0.00589	0.00758	0.00475	0.00442	0.00851	0.01326	0.01671	0.25399	0.04921	0.57219	0.01307	0.00644	0.00181	0.00271	0.01105	0.00532	0.00475
37	0.00771	0.00522	0.00599	0.00617	0.00626	0.00515	0.00357	0.00788	0.00839	0.01115	0.01995	0.14414	0.04116	0.67713	0.02429	0.00477	0.00492	0.00908	0.00359	0.00349
38	0.02016	0.02559	0.01565	0.01463	0.03975	0.76314	0.01072	0.02162	0.01536	0.01348	0.00848	0.00994	0.00707	0.00559	0.00493	0.00141	0.00973	0.00355	0.00281	0.00639
39	0.01678	0.01189	0.01260	0.01021	0.01352	0.01308	0.00826	0.45006	0.11505	0.02886	0.01559	0.01609	0.01156	0.00660	0.00499	0.00156	0.00479	0.00512	0.24543	0.00798
40	0.02072	0.01527	0.01636	0.01254	0.01691	0.01691	0.01036	0.75622	0.02563	0.03436	0.01309	0.01309	0.00927	0.00654	0.00545	0.00164	0.00600	0.00491	0.00545	0.00927
41	0.02047	0.01515	0.01622	0.01249	0.01681	0.01679	0.01030	0.73060	0.05167	0.03395	0.01341	0.01334	0.00953	0.00657	0.00546	0.00164	0.00594	0.00495	0.00546	0.00925
42	0.12204	0.00943	0.01210	0.00940	0.01352	0.00851	0.00776	0.02532	0.01485	0.68874	0.01986	0.01741	0.01259	0.00655	0.00523	0.00169	0.00459	0.00518	0.00635	0.00888
43	0.01030	0.00969	0.01635	0.79530	0.03755	0.01211	0.01514	0.01393	0.01090	0.01393	0.00969	0.01453	0.00727	0.00545	0.00545	0.00182	0.00727	0.00484	0.00242	0.00606
44	0.01041	0.00532	0.00535	0.00526	0.00660	0.00536	0.00397	0.03022	0.01177	0.02066	0.01767	0.02015	0.01386	0.00636	0.00385	0.00128	0.00262	0.00508	0.81904	0.00518
45	0.00942	0.00475	0.00707	0.00707	0.00707	0.00475	0.00469	0.00713	0.00713	0.00950	0.00971	0.01716	0.00979	0.04304	0.02150	0.81586	0.00475	0.00483	0.00240	0.00240
46	0.01997	0.01466	0.01569	0.01210	0.01630	0.01617	0.00997	0.71090	0.02480	0.03334	0.01451	0.01450	0.03247	0.00676	0.00543	0.00163	0.00580	0.00511	0.03088	0.00900
47	0.01965	0.01469	0.01636	0.09345	0.01904	0.01641	0.01086	0.67949	0.02411	0.03225	0.01274	0.01324	0.00906	0.00643	0.00545	0.00165	0.00613	0.00490	0.00514	0.00894
48	0.01379	0.70974	0.04441	0.00942	0.01378	0.01983	0.00933	0.01567	0.01085	0.01291	0.00836	0.01012	0.00768	0.00842	0.08450	0.00196	0.00679	0.00324	0.00239	0.00680
49	0.01697	0.01250	0.01395	0.01228	0.04657	0.01383	0.00940	0.24008	0.42679	0.11789	0.01896	0.01773	0.01378	0.00696	0.00551	0.00176	0.00493	0.00566	0.00555	0.00890
50	0.00838	0.00658	0.01014	0.01131	0.08878	0.00745	0.00784	0.01046	0.00914	0.01319	0.01415	0.02060	0.01311	0.03716	0.70603	0.00802	0.01376	0.00574	0.00290	0.00526
51	0.01906	0.02387	0.01461	0.01330	0.01595	0.70575	0.00998	0.02058	0.01545	0.01422	0.08730	0.01302	0.01161	0.00619	0.00507	0.00144	0.00908	0.00417	0.00314	0.00620
52	0.01266	0.00965	0.01144	0.00824	0.01302	0.00734	0.00662	0.01505	0.01175	0.09637	0.01091	0.01205	0.00864	0.00432	0.00419	0.00090	0.00410	0.00346	0.00359	0.75568
53	0.00758	0.00557	0.00710	0.00672	0.00806	0.00509	0.00504	0.01003	0.01512	0.02112	0.69748	0.04194	0.12594	0.01142	0.00643	0.00173	0.00259	0.01003	0.00590	0.00509
54	0.09768	0.00978	0.01096	0.00798	0.01267	0.00778	0.00640	0.01396	0.01110	0.01846	0.00947	0.01105	0.00785	0.00414	0.00397	0.00090	0.00406	0.00320	0.00324	0.75534
55	0.76006	0.00994	0.00784	0.00721	0.01027	0.01142	0.00582	0.01515	0.00940	0.02337	0.00991	0.09113	0.00902	0.00630	0.00374	0.00174	0.00411	0.00425	0.00355	0.00575
56	0.00891	0.00652	0.00806	0.00742	0.00899	0.00628	0.00562	0.08707	0.01598	0.02221	0.60177	0.09048	0.08724	0.01123	0.00637	0.00175	0.00298	0.00983	0.00583	0.00549
57	0.00870	0.00617	0.00849	0.00962	0.01074	0.00617	0.00822	0.01095	0.01207	0.01572	0.02766	0.05883	0.03018	0.09707	0.00962	0.00280	0.00505	0.66227	0.00484	0.00484
58	0.02852	0.17855	0.29758	0.01627	0.15150	0.04145	0.02930	0.01776	0.01219	0.09821	0.01138	0.01402	0.00898	0.00554	0.00495	0.00158	0.00671	0.03353	0.00305	0.03894
59	0.62847	0.06869	0.02810	0.00790	0.01116	0.04243	0.00663	0.01568	0.00997	0.03954	0.01032	0.09145	0.00934	0.00634	0.00391	0.00169	0.00455	0.00435	0.00350	0.00598
60	0.00800	0.00557	0.00731	0.00700	0.00826	0.00514	0.00520	0.01039	0.01492	0.03872	0.67734	0.11919	0.04896	0.01166	0.00646	0.00177	0.00268	0.01034	0.00592	0.00517
61	0.01127	0.01160	0.09078	0.00885	0.01402	0.00782	0.00787	0.01409	0.01133	0.01771	0.00970	0.01133	0.00795	0.00416	0.00416	0.00090	0.00445	0.00331	0.00313	0.75556

[dist]
# distance from previous block
# <min> <max>
0	6

[block]
# block no. 5 follows, 44 sequences, length 7
# corresponding to MSA columns:
# 382-388
name=unknown_F
#
# <colnr> <probs for GDERKNQSTAVLIFYWHMCP>
#	G	D	E	R	K	N	Q	S	T	A	V	L	I	F	Y	W	H	M	C	P
0	0.02015	0.01325	0.01475	0.01163	0.01571	0.01429	0.00950	0.45298	0.16773	0.19643	0.01673	0.01571	0.01164	0.00676	0.00548	0.00169	0.00537	0.00528	0.00576	0.00915
1	0.02171	0.01369	0.01538	0.01179	0.01612	0.01456	0.00974	0.56365	0.02299	0.23066	0.01531	0.01453	0.01039	0.00660	0.00546	0.00165	0.00564	0.00506	0.00580	0.00927
2	0.05320	0.00898	0.01450	0.55062	0.07893	0.01073	0.01274	0.01289	0.01018	0.01385	0.00958	0.01457	0.00772	0.00803	0.00844	0.16577	0.00656	0.00473	0.00248	0.00550
3	0.01844	0.22782	0.01925	0.01405	0.06362	0.54071	0.01061	0.02005	0.01413	0.01349	0.00832	0.00978	0.00712	0.00532	0.00458	0.00136	0.00859	0.00344	0.00268	0.00664
