[name]
unknown

[dist]
# distance from previous block
# <min> <max>
28	93

[block]
# block no. 0 follows, 47 sequences, length 10
# corresponding to MSA columns:
# 111-120
name=unknown_A
#
# <colnr> <probs for GDERKNQSTAVLIFYWHMCP>
#	G	D	E	R	K	N	Q	S	T	A	V	L	I	F	Y	W	H	M	C	P
0	0.03583	0.01155	0.01143	0.05037	0.01361	0.15565	0.00802	0.11756	0.02970	0.22155	0.09016	0.02190	0.04444	0.00809	0.00611	0.04709	0.00533	0.07045	0.04450	0.00664
1	0.01720	0.01174	0.01461	0.05787	0.12484	0.01250	0.01017	0.29370	0.15327	0.18383	0.01594	0.01733	0.01184	0.00657	0.00532	0.00166	0.00526	0.04315	0.00493	0.00828
2	0.07102	0.00938	0.01155	0.01030	0.05383	0.00914	0.00789	0.13079	0.05967	0.31717	0.07364	0.02342	0.06779	0.00762	0.00534	0.00165	0.00442	0.07681	0.00528	0.05332
3	0.20713	0.01138	0.01482	0.09623	0.30433	0.04512	0.01104	0.06517	0.01211	0.08718	0.01105	0.04860	0.00907	0.00553	0.00471	0.00156	0.00545	0.00460	0.00335	0.05157
4	0.01000	0.00738	0.00800	0.00751	0.00954	0.04737	0.00569	0.04422	0.01237	0.09674	0.05625	0.24318	0.27304	0.01155	0.00587	0.00173	0.00367	0.05195	0.00474	0.09919
5	0.12564	0.00965	0.01126	0.00991	0.07957	0.00838	0.00707	0.05131	0.01127	0.01844	0.01024	0.05385	0.00897	0.00485	0.00410	0.00107	0.00413	0.00390	0.00326	0.57312
6	0.01012	0.00793	0.00896	0.00893	0.01064	0.04182	0.00721	0.14450	0.01405	0.01807	0.05924	0.18807	0.14680	0.01256	0.00642	0.00202	0.00439	0.29802	0.00483	0.00541
7	0.01116	0.00952	0.01177	0.01047	0.08629	0.00795	0.00752	0.03590	0.04989	0.01756	0.01161	0.01568	0.01016	0.00508	0.00439	0.00106	0.00423	0.06877	0.00336	0.62765
8	0.01199	0.00877	0.01098	0.03183	0.01265	0.00768	0.00694	0.01400	0.01098	0.12414	0.01322	0.11961	0.01192	0.00643	0.00573	0.00124	0.08083	0.00515	0.00369	0.51221
9	0.00877	0.00612	0.00741	0.00705	0.00844	0.00576	0.00510	0.00991	0.01056	0.08124	0.04437	0.24868	0.23531	0.15331	0.01027	0.00236	0.05579	0.00973	0.00437	0.08544

[dist]
# distance from previous block
# <min> <max>
2	4

[block]
# block no. 1 follows, 47 sequences, length 13
# corresponding to MSA columns:
# 125-137
name=unknown_B
#
# <colnr> <probs for GDERKNQSTAVLIFYWHMCP>
#	G	D	E	R	K	N	Q	S	T	A	V	L	I	F	Y	W	H	M	C	P
0	0.11156	0.03262	0.06860	0.08321	0.37317	0.13461	0.04876	0.01699	0.01195	0.05685	0.00969	0.01199	0.00769	0.00492	0.00486	0.00155	0.00661	0.00424	0.00282	0.00731
1	0.01392	0.82012	0.02729	0.00891	0.01337	0.02061	0.00891	0.01559	0.01058	0.01225	0.00724	0.00835	0.00668	0.00446	0.00334	0.00111	0.00557	0.00278	0.00223	0.00668
2	0.01080	0.00926	0.01080	0.00771	0.01234	0.00694	0.00617	0.01311	0.01080	0.01697	0.00926	0.01080	0.00771	0.00386	0.00386	0.00077	0.00386	0.00309	0.00309	0.84882
3	0.00757	0.00505	0.00568	0.00568	0.00568	0.00505	0.00316	0.00757	0.00757	0.01010	0.01641	0.03408	0.01893	0.81698	0.02651	0.00505	0.00505	0.00757	0.00316	0.00316
4	0.00723	0.00519	0.00667	0.00756	0.00812	0.00501	0.00517	0.05699	0.01092	0.01457	0.02764	0.76114	0.03277	0.01566	0.00655	0.00208	0.00320	0.01414	0.00486	0.00453
5	0.01913	0.01449	0.01554	0.01250	0.03505	0.04464	0.01002	0.64123	0.04142	0.05409	0.01246	0.01268	0.00896	0.00635	0.00579	0.00160	0.04588	0.00468	0.00494	0.00856
6	0.01246	0.01167	0.01805	0.12046	0.47677	0.01259	0.01378	0.01818	0.18747	0.01744	0.01221	0.01444	0.00978	0.00549	0.00579	0.00166	0.04586	0.00492	0.00316	0.00782
7	0.00634	0.00453	0.00604	0.00725	0.00755	0.00423	0.00483	0.00725	0.00997	0.01329	0.02870	0.81358	0.03444	0.01632	0.00665	0.00211	0.00302	0.01480	0.00483	0.00423
8	0.02317	0.00917	0.01228	0.00941	0.01345	0.00812	0.00778	0.06563	0.01543	0.74712	0.02011	0.01744	0.01267	0.00643	0.00524	0.00161	0.00450	0.00521	0.00638	0.00886
9	0.02075	0.01306	0.01469	0.01126	0.01539	0.01389	0.00930	0.56961	0.02193	0.23395	0.01464	0.01389	0.00993	0.00630	0.00522	0.00158	0.00538	0.00483	0.00554	0.00886
10	0.01328	0.00663	0.00868	0.00747	0.00978	0.00587	0.00584	0.01537	0.01426	0.31199	0.37419	0.06520	0.12070	0.00959	0.00582	0.00166	0.00325	0.00824	0.00586	0.00633
11	0.02201	0.00966	0.01244	0.00959	0.01351	0.00895	0.00790	0.14934	0.01651	0.62490	0.05514	0.01785	0.01392	0.00661	0.00528	0.00160	0.00456	0.00534	0.00620	0.00868
12	0.01962	0.00999	0.01236	0.00948	0.01350	0.00927	0.00776	0.16452	0.04591	0.45838	0.04269	0.01634	0.01258	0.00614	0.00503	0.00147	0.00450	0.00494	0.00558	0.14991

[dist]
# distance from previous block
# <min> <max>
10	14

[block]
# block no. 2 follows, 47 sequences, length 13
# corresponding to MSA columns:
# 152-164
name=unknown_C
#
# <colnr> <probs for GDERKNQSTAVLIFYWHMCP>
#	G	D	E	R	K	N	Q	S	T	A	V	L	I	F	Y	W	H	M	C	P
0	0.15271	0.24433	0.05570	0.01068	0.01420	0.31378	0.00917	0.04376	0.04764	0.01598	0.04184	0.01087	0.00884	0.00534	0.00420	0.00138	0.00669	0.00356	0.00296	0.00639
1	0.01669	0.13313	0.08272	0.01093	0.01532	0.01441	0.00978	0.43074	0.01853	0.06677	0.01221	0.04636	0.00953	0.00604	0.00482	0.00144	0.00547	0.00461	0.00431	0.10619
2	0.09062	0.70638	0.02487	0.00895	0.01320	0.05882	0.00867	0.01583	0.01064	0.01329	0.00728	0.00842	0.00659	0.00454	0.00340	0.00117	0.00562	0.00282	0.00234	0.00656
3	0.05910	0.01094	0.01202	0.01067	0.01305	0.03535	0.00858	0.10810	0.35519	0.04038	0.07056	0.02203	0.01663	0.00812	0.00717	0.00185	0.12369	0.08478	0.00466	0.00715
4	0.05217	0.00784	0.00927	0.00770	0.01073	0.00659	0.00587	0.01132	0.01035	0.01598	0.01533	0.26879	0.01617	0.00807	0.00513	0.00129	0.02823	0.00688	0.00363	0.50865
5	0.01080	0.00926	0.01080	0.00771	0.01234	0.00694	0.00617	0.01311	0.01080	0.01697	0.00926	0.01080	0.00771	0.00386	0.00386	0.00077	0.00386	0.00309	0.00309	0.84882
6	0.00735	0.00527	0.00716	0.00730	0.00783	0.00573	0.00514	0.00845	0.00829	0.01154	0.01658	0.12056	0.01765	0.30621	0.43430	0.00647	0.00955	0.00738	0.00316	0.00408
7	0.00634	0.00453	0.00604	0.00725	0.00755	0.00423	0.00483	0.00725	0.00997	0.01329	0.02870	0.81358	0.03444	0.01632	0.00665	0.00211	0.00302	0.01480	0.00483	0.00423
8	0.01330	0.66953	0.14006	0.00998	0.01474	0.01915	0.01055	0.01560	0.01054	0.01289	0.00754	0.00887	0.00668	0.00472	0.00414	0.00124	0.03844	0.00301	0.00223	0.00679
9	0.00622	0.00501	0.00555	0.00599	0.00722	0.00434	0.00427	0.00739	0.01118	0.01379	0.04408	0.32563	0.51248	0.01432	0.00633	0.00189	0.00278	0.01237	0.00484	0.00434
10	0.00727	0.00508	0.00596	0.00608	0.00641	0.00505	0.00378	0.00772	0.00839	0.01109	0.02157	0.11069	0.10861	0.56114	0.10538	0.00474	0.00553	0.00846	0.00348	0.00357
11	0.01339	0.44677	0.12384	0.01222	0.01682	0.01738	0.12277	0.06559	0.05345	0.01535	0.00908	0.01062	0.00751	0.00508	0.00512	0.00142	0.06007	0.00383	0.00265	0.00703
12	0.01847	0.11054	0.04593	0.01190	0.01587	0.17462	0.01004	0.44852	0.05393	0.04337	0.01145	0.01177	0.00850	0.00585	0.00488	0.00148	0.00643	0.00423	0.00427	0.00796

[dist]
# distance from previous block
# <min> <max>
0	2

[block]
# block no. 3 follows, 47 sequences, length 12
# corresponding to MSA columns:
# 167-178
name=unknown_D
#
# <colnr> <probs for GDERKNQSTAVLIFYWHMCP>
#	G	D	E	R	K	N	Q	S	T	A	V	L	I	F	Y	W	H	M	C	P
0	0.01282	0.00959	0.01128	0.00819	0.01272	0.00767	0.00660	0.06766	0.01222	0.10330	0.01073	0.01168	0.00837	0.00431	0.00410	0.00092	0.00405	0.00344	0.00361	0.69675
1	0.01149	0.01123	0.01856	0.19777	0.31412	0.02861	0.13220	0.01572	0.08055	0.01647	0.05513	0.01783	0.06535	0.00589	0.00545	0.00166	0.00620	0.00566	0.00310	0.00700
2	0.00677	0.00485	0.00648	0.00736	0.00795	0.00456	0.00523	0.00815	0.01114	0.01506	0.17892	0.57735	0.03689	0.01497	0.00661	0.00205	0.00310	0.09312	0.00501	0.00443
3	0.00929	0.00727	0.01094	0.01406	0.16525	0.00727	0.00991	0.01183	0.01196	0.01587	0.02402	0.04959	0.02563	0.01244	0.00679	0.00223	0.00507	0.60075	0.00435	0.00548
4	0.02292	0.00957	0.01252	0.00960	0.01365	0.00871	0.00793	0.11730	0.01609	0.69450	0.01955	0.01708	0.01239	0.00642	0.00523	0.00161	0.00459	0.00517	0.00629	0.00886
5	0.01727	0.01234	0.01347	0.01102	0.01463	0.01362	0.00888	0.34481	0.35227	0.12793	0.01738	0.01623	0.01248	0.00663	0.00525	0.00166	0.00485	0.00529	0.00541	0.00859
6	0.01013	0.00852	0.01031	0.00784	0.01173	0.00686	0.00624	0.01235	0.01031	0.01600	0.01019	0.01273	0.00877	0.01088	0.16207	0.00229	0.00587	0.00358	0.00303	0.68029
7	0.23092	0.00916	0.01098	0.00866	0.01249	0.00866	0.00715	0.02286	0.01339	0.59696	0.01722	0.01541	0.01108	0.00604	0.00473	0.00161	0.00433	0.00463	0.00564	0.00806
8	0.01113	0.01203	0.02505	0.01857	0.02275	0.01138	0.58372	0.01523	0.04203	0.01621	0.01458	0.17388	0.01352	0.00688	0.00621	0.00183	0.00745	0.00786	0.00318	0.00651
9	0.00794	0.00961	0.16325	0.00823	0.01072	0.00632	0.00777	0.01106	0.01381	0.01971	0.59853	0.06318	0.04008	0.00973	0.00592	0.00166	0.00352	0.00851	0.00499	0.00544
10	0.01045	0.02694	0.79000	0.01484	0.02254	0.01209	0.01924	0.01649	0.01099	0.01649	0.00935	0.01099	0.00660	0.00495	0.00495	0.00165	0.00770	0.00385	0.00220	0.00770
11	0.00996	0.00943	0.01565	0.74065	0.03408	0.01192	0.01421	0.01324	0.01022	0.01324	0.00906	0.01368	0.00693	0.00552	0.00617	0.00178	0.07154	0.00462	0.00231	0.00578

[dist]
# distance from previous block
# <min> <max>
6	14

[block]
# block no. 4 follows, 47 sequences, length 86
# corresponding to MSA columns:
# 194-279
name=unknown_E
#
# <colnr> <probs for GDERKNQSTAVLIFYWHMCP>
#	G	D	E	R	K	N	Q	S	T	A	V	L	I	F	Y	W	H	M	C	P
0	0.01162	0.08467	0.01698	0.01324	0.01364	0.01637	0.01117	0.01281	0.00821	0.01251	0.00687	0.01112	0.00682	0.00869	0.01584	0.00217	0.73480	0.00440	0.00227	0.00579
1	0.01047	0.01120	0.08592	0.67389	0.05215	0.01187	0.01470	0.05167	0.01121	0.01467	0.00944	0.01353	0.00704	0.00522	0.00518	0.00171	0.00693	0.00456	0.00246	0.00617
2	0.01137	0.01084	0.08146	0.00843	0.01331	0.00744	0.00743	0.01401	0.01101	0.05392	0.00981	0.01115	0.00786	0.00408	0.00402	0.00089	0.00423	0.00326	0.00317	0.73232
3	0.01080	0.04299	0.08606	0.59412	0.04423	0.01230	0.01404	0.05091	0.06541	0.01515	0.01020	0.01372	0.00765	0.00533	0.00512	0.00169	0.00669	0.00458	0.00266	0.00636
4	0.01219	0.01184	0.01602	0.38857	0.19738	0.08318	0.01310	0.03125	0.16191	0.01611	0.01168	0.01432	0.00901	0.00548	0.00517	0.00166	0.00642	0.00476	0.00305	0.00690
5	0.01080	0.00926	0.01080	0.00771	0.01234	0.00694	0.00617	0.01311	0.01080	0.01697	0.00926	0.01080	0.00771	0.00386	0.00386	0.00077	0.00386	0.00309	0.00309	0.84882
6	0.01080	0.00926	0.01080	0.00771	0.01234	0.00694	0.00617	0.01311	0.01080	0.01697	0.00926	0.01080	0.00771	0.00386	0.00386	0.00077	0.00386	0.00309	0.00309	0.84882
7	0.01080	0.00926	0.01080	0.00771	0.01234	0.00694	0.00617	0.01311	0.01080	0.01697	0.00926	0.01080	0.00771	0.00386	0.00386	0.00077	0.00386	0.00309	0.00309	0.84882
8	0.01392	0.82012	0.02729	0.00891	0.01337	0.02061	0.00891	0.01559	0.01058	0.01225	0.00724	0.00835	0.00668	0.00446	0.00334	0.00111	0.00557	0.00278	0.00223	0.00668
9	0.00634	0.00453	0.00604	0.00725	0.00755	0.00423	0.00483	0.00725	0.00997	0.01329	0.02870	0.81358	0.03444	0.01632	0.00665	0.00211	0.00302	0.01480	0.00483	0.00423
10	0.01080	0.00926	0.01080	0.00771	0.01234	0.00694	0.00617	0.01311	0.01080	0.01697	0.00926	0.01080	0.00771	0.00386	0.00386	0.00077	0.00386	0.00309	0.00309	0.84882
11	0.01980	0.01459	0.01563	0.01198	0.01615	0.01615	0.00990	0.76713	0.02448	0.03282	0.01250	0.01250	0.00886	0.00625	0.00521	0.00156	0.00573	0.00469	0.00521	0.00886
12	0.00680	0.00486	0.00657	0.00777	0.00828	0.00462	0.00563	0.00804	0.01042	0.01381	0.02845	0.64474	0.03344	0.01588	0.00677	0.00218	0.00342	0.17913	0.00483	0.00436
13	0.00634	0.00453	0.00604	0.00725	0.00755	0.00423	0.00483	0.00725	0.00997	0.01329	0.02870	0.81358	0.03444	0.01632	0.00665	0.00211	0.00302	0.01480	0.00483	0.00423
14	0.00634	0.00453	0.00604	0.00725	0.00755	0.00423	0.00483	0.00725	0.00997	0.01329	0.02870	0.81358	0.03444	0.01632	0.00665	0.00211	0.00302	0.01480	0.00483	0.00423
15	0.01293	0.15531	0.01778	0.01280	0.01395	0.12236	0.01078	0.01419	0.00935	0.01251	0.00707	0.01059	0.00679	0.00779	0.01300	0.00195	0.55854	0.00408	0.00232	0.00592
16	0.72067	0.08377	0.00998	0.00739	0.01079	0.01280	0.00623	0.06672	0.01009	0.02300	0.00761	0.00873	0.00595	0.00490	0.00337	0.00156	0.00428	0.00294	0.00327	0.00595
17	0.01011	0.00954	0.01612	0.73448	0.10369	0.01164	0.01460	0.01355	0.01054	0.01364	0.00930	0.01379	0.00706	0.00516	0.00520	0.00172	0.00687	0.00463	0.00234	0.00601
18	0.00615	0.00528	0.00528	0.00528	0.00703	0.00440	0.00396	0.00747	0.01187	0.01407	0.05276	0.05012	0.78238	0.01319	0.00615	0.00176	0.00264	0.01099	0.00484	0.00440
19	0.00716	0.00531	0.00667	0.00633	0.00765	0.00482	0.00475	0.00942	0.01425	0.01971	0.65620	0.04083	0.17542	0.01108	0.00614	0.00166	0.00249	0.00969	0.00558	0.00482
20	0.00744	0.00558	0.00837	0.00837	0.00930	0.00651	0.00651	0.00930	0.00837	0.01209	0.01395	0.02046	0.01302	0.03906	0.79635	0.00837	0.01395	0.00558	0.00279	0.00465
21	0.00618	0.00519	0.00536	0.00549	0.00709	0.00438	0.00405	0.00745	0.01166	0.01398	0.05012	0.13374	0.70046	0.01353	0.00621	0.00180	0.00268	0.01141	0.00484	0.00438
22	0.85377	0.01007	0.00765	0.00685	0.01007	0.01168	0.00564	0.01531	0.00886	0.02336	0.00725	0.00846	0.00564	0.00483	0.00322	0.00161	0.00403	0.00282	0.00322	0.00564
23	0.00839	0.00599	0.00839	0.00959	0.01079	0.00599	0.00839	0.01079	0.01199	0.01558	0.02757	0.05874	0.02997	0.01439	0.00719	0.00240	0.00480	0.74945	0.00480	0.00480
24	0.01080	0.00926	0.01080	0.00771	0.01234	0.00694	0.00617	0.01311	0.01080	0.01697	0.00926	0.01080	0.00771	0.00386	0.00386	0.00077	0.00386	0.00309	0.00309	0.84882
25	0.00634	0.00453	0.00604	0.00725	0.00755	0.00423	0.00483	0.00725	0.00997	0.01329	0.02870	0.81358	0.03444	0.01632	0.00665	0.00211	0.00302	0.01480	0.00483	0.00423
26	0.00737	0.00532	0.00696	0.00655	0.00778	0.00491	0.00491	0.00983	0.01474	0.02088	0.78175	0.03890	0.04914	0.01065	0.00614	0.00164	0.00246	0.00942	0.00573	0.00491
27	0.01139	0.00961	0.01112	0.00799	0.01259	0.00755	0.00642	0.06275	0.01170	0.01801	0.00947	0.01091	0.00779	0.00401	0.00395	0.00082	0.00398	0.00319	0.00323	0.79352
28	0.02298	0.00878	0.01196	0.00920	0.01316	0.00759	0.00759	0.02500	0.01490	0.76964	0.03886	0.01823	0.01376	0.00655	0.00526	0.00161	0.00438	0.00534	0.00643	0.00877
29	0.00737	0.00532	0.00696	0.00655	0.00778	0.00491	0.00491	0.00983	0.01474	0.02088	0.78175	0.03890	0.04914	0.01065	0.00614	0.00164	0.00246	0.00942	0.00573	0.00491
30	0.01295	0.01119	0.01178	0.01060	0.01354	0.01295	0.00824	0.02767	0.77509	0.02178	0.02120	0.01943	0.01590	0.00707	0.00530	0.00177	0.00412	0.00589	0.00530	0.00824
31	0.01045	0.02694	0.79000	0.01484	0.02254	0.01209	0.01924	0.01649	0.01099	0.01649	0.00935	0.01099	0.00660	0.00495	0.00495	0.00165	0.00770	0.00385	0.00220	0.00770
32	0.00634	0.00453	0.00604	0.00725	0.00755	0.00423	0.00483	0.00725	0.00997	0.01329	0.02870	0.81358	0.03444	0.01632	0.00665	0.00211	0.00302	0.01480	0.00483	0.00423
33	0.00703	0.00531	0.00649	0.00620	0.00757	0.00477	0.00465	0.00917	0.01394	0.01898	0.57850	0.04203	0.25357	0.01136	0.00615	0.00167	0.00251	0.00986	0.00548	0.00477
34	0.00741	0.00584	0.00676	0.00643	0.00802	0.00545	0.00485	0.01055	0.08254	0.01838	0.43610	0.04139	0.32448	0.01129	0.00607	0.00170	0.00268	0.00970	0.00535	0.00502
35	0.02336	0.00886	0.01209	0.00927	0.01329	0.00765	0.00765	0.02538	0.01491	0.78810	0.02055	0.01773	0.01289	0.00645	0.00524	0.00161	0.00443	0.00524	0.00645	0.00886
36	0.01089	0.02384	0.60752	0.01655	0.02366	0.01235	0.19862	0.01654	0.01131	0.01654	0.00963	0.01173	0.00691	0.00481	0.00524	0.00167	0.00796	0.00440	0.00230	0.00753
37	0.00650	0.00461	0.00606	0.00716	0.00745	0.00434	0.00475	0.00735	0.00979	0.01305	0.02757	0.72792	0.03295	0.08882	0.00846	0.00239	0.00324	0.02879	0.00468	0.00414
38	0.00800	0.00574	0.00804	0.00914	0.01018	0.00578	0.00770	0.01013	0.01136	0.01493	0.02650	0.16611	0.02909	0.01690	0.07861	0.00290	0.00536	0.57418	0.00462	0.00470
39	0.00744	0.00558	0.00837	0.00837	0.00930	0.00651	0.00651	0.00930	0.00837	0.01209	0.01395	0.02046	0.01302	0.03906	0.79635	0.00837	0.01395	0.00558	0.00279	0.00465
40	0.00634	0.00453	0.00604	0.00725	0.00755	0.00423	0.00483	0.00725	0.00997	0.01329	0.02870	0.81358	0.03444	0.01632	0.00665	0.00211	0.00302	0.01480	0.00483	0.00423
41	0.01287	0.05602	0.10459	0.01968	0.02505	0.01371	0.58484	0.08460	0.01318	0.01790	0.01043	0.01332	0.00780	0.00462	0.00580	0.00170	0.00823	0.00562	0.00280	0.00724
42	0.00919	0.00525	0.00737	0.00726	0.00763	0.00551	0.00503	0.00896	0.07658	0.01055	0.01086	0.01715	0.01036	0.04195	0.09973	0.66060	0.00548	0.00484	0.00262	0.00308
43	0.00864	0.00592	0.00811	0.00906	0.01023	0.00585	0.00755	0.01104	0.03184	0.04476	0.04331	0.21126	0.03028	0.01421	0.00693	0.00228	0.00435	0.53456	0.00490	0.00493
44	0.01475	0.70103	0.02541	0.00959	0.01378	0.13672	0.00908	0.01637	0.01121	0.01233	0.00736	0.00851	0.00669	0.00459	0.00354	0.00115	0.00614	0.00287	0.00230	0.00659
45	0.01228	0.00965	0.01101	0.00812	0.01236	0.00814	0.00653	0.12616	0.01294	0.03399	0.01065	0.01196	0.00849	0.00446	0.00407	0.00095	0.00402	0.00353	0.07983	0.63086
46	0.01312	0.08546	0.02104	0.08167	0.62472	0.01325	0.01493	0.05364	0.01228	0.01713	0.00966	0.01253	0.00805	0.00474	0.00500	0.00152	0.00616	0.00447	0.00266	0.00797
47	0.01214	0.03572	0.49893	0.01622	0.02287	0.01216	0.22478	0.01730	0.01169	0.08331	0.01061	0.01238	0.00750	0.00491	0.00528	0.00167	0.00768	0.00459	0.00269	0.00759
48	0.01080	0.00926	0.01080	0.00771	0.01234	0.00694	0.00617	0.01311	0.01080	0.01697	0.00926	0.01080	0.00771	0.00386	0.00386	0.00077	0.00386	0.00309	0.00309	0.84882
49	0.00759	0.00574	0.00614	0.00584	0.00772	0.00498	0.00444	0.03171	0.01276	0.05451	0.14024	0.04595	0.62926	0.01232	0.00608	0.00173	0.00280	0.01031	0.00504	0.00482
50	0.00780	0.00611	0.00906	0.00885	0.00970	0.00736	0.00695	0.00959	0.00833	0.01213	0.01330	0.01964	0.01246	0.03634	0.72574	0.00782	0.08584	0.00549	0.00274	0.00474
51	0.00643	0.00493	0.00590	0.00651	0.00747	0.00441	0.00461	0.00768	0.01119	0.01436	0.10776	0.43149	0.31847	0.01455	0.00643	0.00194	0.00287	0.03372	0.00492	0.00437
52	0.00744	0.00558	0.00837	0.00837	0.00930	0.00651	0.00651	0.00930	0.00837	0.01209	0.01395	0.02046	0.01302	0.03906	0.79635	0.00837	0.01395	0.00558	0.00279	0.00465
53	0.00615	0.00528	0.00528	0.00528	0.00703	0.00440	0.00396	0.00747	0.01187	0.01407	0.05276	0.05012	0.78238	0.01319	0.00615	0.00176	0.00264	0.01099	0.00484	0.00440
54	0.01945	0.02482	0.01476	0.01342	0.01610	0.79608	0.01006	0.02079	0.01476	0.01275	0.00805	0.00939	0.00671	0.00537	0.00470	0.00134	0.00939	0.00335	0.00268	0.00604
55	0.01955	0.01435	0.01536	0.01181	0.01590	0.01587	0.00974	0.74856	0.02415	0.03249	0.01261	0.01267	0.00897	0.00625	0.00517	0.00155	0.00565	0.00469	0.02589	0.00876
56	0.01295	0.01119	0.01178	0.01060	0.01354	0.01295	0.00824	0.02767	0.77509	0.02178	0.02120	0.01943	0.01590	0.00707	0.00530	0.00177	0.00412	0.00589	0.00530	0.00824
57	0.85377	0.01007	0.00765	0.00685	0.01007	0.01168	0.00564	0.01531	0.00886	0.02336	0.00725	0.00846	0.00564	0.00483	0.00322	0.00161	0.00403	0.00282	0.00322	0.00564
58	0.01295	0.01119	0.01178	0.01060	0.01354	0.01295	0.00824	0.02767	0.77509	0.02178	0.02120	0.01943	0.01590	0.00707	0.00530	0.00177	0.00412	0.00589	0.00530	0.00824
59	0.01498	0.01107	0.01209	0.01049	0.01368	0.01238	0.00827	0.07787	0.60996	0.13729	0.02050	0.01870	0.01497	0.00692	0.00528	0.00173	0.00428	0.00571	0.00546	0.00838
60	0.00983	0.00926	0.01562	0.80447	0.03587	0.01157	0.01446	0.01331	0.01041	0.01331	0.00926	0.01388	0.00694	0.00521	0.00521	0.00174	0.00694	0.00463	0.00231	0.00579
61	0.01476	0.74803	0.02594	0.00894	0.01336	0.01946	0.00880	0.01646	0.01097	0.08119	0.00842	0.00919	0.00723	0.00463	0.00351	0.00116	0.00547	0.00300	0.00260	0.00688
62	0.01384	0.80053	0.04612	0.00906	0.01359	0.02040	0.00917	0.01562	0.01059	0.01236	0.00729	0.00842	0.00668	0.00447	0.00338	0.00113	0.00562	0.00281	0.00223	0.00671
63	0.85377	0.01007	0.00765	0.00685	0.01007	0.01168	0.00564	0.01531	0.00886	0.02336	0.00725	0.00846	0.00564	0.00483	0.00322	0.00161	0.00403	0.00282	0.00322	0.00564
64	0.01045	0.02694	0.79000	0.01484	0.02254	0.01209	0.01924	0.01649	0.01099	0.01649	0.00935	0.01099	0.00660	0.00495	0.00495	0.00165	0.00770	0.00385	0.00220	0.00770
65	0.01296	0.01105	0.01195	0.02978	0.01406	0.01221	0.00818	0.06874	0.59758	0.02151	0.01860	0.01759	0.01404	0.00649	0.00508	0.00160	0.00425	0.00537	0.00489	0.13408
66	0.00735	0.00532	0.00693	0.00652	0.00776	0.00490	0.00489	0.00978	0.01468	0.02074	0.76653	0.03913	0.06444	0.01070	0.00614	0.00164	0.00246	0.00945	0.00571	0.00490
67	0.81676	0.01002	0.00785	0.00696	0.01021	0.01150	0.00573	0.01576	0.00913	0.05745	0.00784	0.00887	0.00596	0.00491	0.00331	0.00161	0.00405	0.00293	0.00337	0.00578
68	0.00813	0.00581	0.00809	0.00929	0.01037	0.00577	0.00793	0.01033	0.01173	0.01529	0.02772	0.15583	0.03055	0.01463	0.00712	0.00236	0.00457	0.65496	0.00480	0.00472
69	0.01045	0.02694	0.79000	0.01484	0.02254	0.01209	0.01924	0.01649	0.01099	0.01649	0.00935	0.01099	0.00660	0.00495	0.00495	0.00165	0.00770	0.00385	0.00220	0.00770
70	0.01584	0.01226	0.01314	0.01102	0.01444	0.01381	0.00879	0.28564	0.47666	0.06239	0.01813	0.01693	0.01330	0.00675	0.00526	0.00169	0.00470	0.00544	0.00532	0.00849
71	0.01045	0.02694	0.79000	0.01484	0.02254	0.01209	0.01924	0.01649	0.01099	0.01649	0.00935	0.01099	0.00660	0.00495	0.00495	0.00165	0.00770	0.00385	0.00220	0.00770
72	0.85377	0.01007	0.00765	0.00685	0.01007	0.01168	0.00564	0.01531	0.00886	0.02336	0.00725	0.00846	0.00564	0.00483	0.00322	0.00161	0.00403	0.00282	0.00322	0.00564
73	0.00757	0.00505	0.00568	0.00568	0.00568	0.00505	0.00316	0.00757	0.00757	0.01010	0.01641	0.03408	0.01893	0.81698	0.02651	0.00505	0.00505	0.00757	0.00316	0.00316
74	0.02336	0.00886	0.01209	0.00927	0.01329	0.00765	0.00765	0.02538	0.01491	0.78810	0.02055	0.01773	0.01289	0.00645	0.00524	0.00161	0.00443	0.00524	0.00645	0.00886
75	0.00621	0.00529	0.00535	0.00538	0.00712	0.00443	0.00406	0.00755	0.01187	0.01410	0.05216	0.05032	0.76467	0.01322	0.00618	0.00177	0.00269	0.02838	0.00483	0.00441
76	0.00744	0.00558	0.00837	0.00837	0.00930	0.00651	0.00651	0.00930	0.00837	0.01209	0.01395	0.02046	0.01302	0.03906	0.79635	0.00837	0.01395	0.00558	0.00279	0.00465
77	0.01442	0.74806	0.02615	0.00932	0.01361	0.09087	0.00901	0.01606	0.01096	0.01230	0.00731	0.00845	0.00669	0.00454	0.00346	0.00113	0.00592	0.00284	0.00227	0.00662
78	0.02176	0.01014	0.01272	0.00989	0.01385	0.00972	0.00813	0.16441	0.08478	0.57811	0.01910	0.01690	0.01241	0.00646	0.00524	0.00162	0.00465	0.00519	0.00611	0.00881
79	0.00783	0.00561	0.00774	0.00892	0.00990	0.00552	0.00741	0.00984	0.01148	0.01498	0.02839	0.24680	0.04699	0.01484	0.00703	0.00231	0.00431	0.55063	0.00481	0.00465
80	0.00843	0.00609	0.00860	0.03216	0.01150	0.00615	0.00856	0.01086	0.01194	0.01552	0.02705	0.05747	0.02932	0.01413	0.00714	0.00238	0.00486	0.72830	0.00472	0.00482
81	0.01236	0.01399	0.02748	0.13860	0.02783	0.06113	0.60660	0.01643	0.01216	0.01593	0.01019	0.01374	0.00768	0.00457	0.00592	0.00173	0.00854	0.00575	0.00259	0.00678
82	0.00699	0.00501	0.00675	0.00783	0.00847	0.00478	0.00583	0.00843	0.01090	0.01447	0.08031	0.53336	0.04826	0.01532	0.00676	0.00216	0.00348	0.22158	0.00488	0.00444
83	0.01245	0.01255	0.03468	0.15315	0.56746	0.02906	0.08303	0.01573	0.01171	0.01629	0.00973	0.01304	0.00795	0.00473	0.00524	0.00159	0.00664	0.00473	0.00254	0.00769
84	0.01746	0.02022	0.01335	0.01208	0.01469	0.57408	0.00913	0.02070	0.11390	0.04562	0.08055	0.01392	0.01214	0.00612	0.00490	0.00143	0.00773	0.00434	0.02134	0.00631
85	0.01083	0.09831	0.69203	0.01458	0.02189	0.01291	0.04668	0.01642	0.01101	0.01612	0.00920	0.01087	0.00665	0.00488	0.00485	0.00160	0.00754	0.00384	0.00222	0.00758

[dist]
# distance from previous block
# <min> <max>
0	23

[block]
# block no. 5 follows, 47 sequences, length 110
# corresponding to MSA columns:
# 303-412
name=unknown_F
#
# <colnr> <probs for GDERKNQSTAVLIFYWHMCP>
#	G	D	E	R	K	N	Q	S	T	A	V	L	I	F	Y	W	H	M	C	P
0	0.00641	0.00529	0.00563	0.00554	0.00719	0.00451	0.00416	0.00797	0.01248	0.01550	0.20639	0.04775	0.62785	0.01265	0.00615	0.00173	0.00260	0.01066	0.00502	0.00451
1	0.01121	0.01242	0.06783	0.01468	0.01605	0.01463	0.12855	0.01322	0.00887	0.01340	0.00805	0.01239	0.00740	0.01013	0.06701	0.00257	0.57844	0.00483	0.00236	0.00596
2	0.01295	0.01119	0.01178	0.01060	0.01354	0.01295	0.00824	0.02767	0.77509	0.02178	0.02120	0.01943	0.01590	0.00707	0.00530	0.00177	0.00412	0.00589	0.00530	0.00824
3	0.00724	0.00519	0.00674	0.00659	0.00761	0.00482	0.00478	0.00931	0.01358	0.01907	0.62258	0.14937	0.04500	0.06568	0.00758	0.00194	0.00271	0.01006	0.00543	0.00470
4	0.09041	0.00805	0.01007	0.00806	0.01138	0.00736	0.00657	0.02152	0.01349	0.54887	0.01861	0.01733	0.01238	0.00622	0.00470	0.00152	0.00394	0.00495	0.19688	0.00768
5	0.00707	0.00528	0.00657	0.00631	0.00761	0.00478	0.00471	0.00923	0.01395	0.01915	0.59879	0.07179	0.20274	0.01140	0.00616	0.00168	0.00252	0.00996	0.00551	0.00478
6	0.85377	0.01007	0.00765	0.00685	0.01007	0.01168	0.00564	0.01531	0.00886	0.02336	0.00725	0.00846	0.00564	0.00483	0.00322	0.00161	0.00403	0.00282	0.00322	0.00564
7	0.02336	0.00886	0.01209	0.00927	0.01329	0.00765	0.00765	0.02538	0.01491	0.78810	0.02055	0.01773	0.01289	0.00645	0.00524	0.00161	0.00443	0.00524	0.00645	0.00886
8	0.02304	0.00877	0.01192	0.00916	0.01312	0.00759	0.00756	0.02507	0.01481	0.77003	0.02046	0.01776	0.01290	0.00644	0.00520	0.00160	0.00438	0.00523	0.02619	0.00877
9	0.00866	0.00579	0.00632	0.00590	0.00796	0.00488	0.00452	0.01013	0.01242	0.12504	0.07688	0.04504	0.64344	0.01212	0.00602	0.00173	0.00289	0.01011	0.00510	0.00506
10	0.85377	0.01007	0.00765	0.00685	0.01007	0.01168	0.00564	0.01531	0.00886	0.02336	0.00725	0.00846	0.00564	0.00483	0.00322	0.00161	0.00403	0.00282	0.00322	0.00564
11	0.01166	0.01264	0.02483	0.01862	0.02208	0.01332	0.49864	0.01494	0.01099	0.01536	0.01086	0.04649	0.00948	0.00654	0.00923	0.00194	0.22943	0.03378	0.00270	0.00646
12	0.02336	0.00886	0.01209	0.00927	0.01329	0.00765	0.00765	0.02538	0.01491	0.78810	0.02055	0.01773	0.01289	0.00645	0.00524	0.00161	0.00443	0.00524	0.00645	0.00886
13	0.00971	0.00485	0.00485	0.00485	0.00607	0.00485	0.00364	0.01213	0.01092	0.01942	0.01699	0.01942	0.01335	0.00607	0.00364	0.00121	0.00243	0.00485	0.84589	0.00485
14	0.00634	0.00453	0.00604	0.00725	0.00755	0.00423	0.00483	0.00725	0.00997	0.01329	0.02870	0.81358	0.03444	0.01632	0.00665	0.00211	0.00302	0.01480	0.00483	0.00423
15	0.00648	0.00468	0.00614	0.00707	0.00756	0.00433	0.00481	0.00763	0.01073	0.01441	0.13740	0.67113	0.06756	0.01537	0.00655	0.00203	0.00292	0.01388	0.00496	0.00433
16	0.00634	0.00453	0.00604	0.00725	0.00755	0.00423	0.00483	0.00725	0.00997	0.01329	0.02870	0.81358	0.03444	0.01632	0.00665	0.00211	0.00302	0.01480	0.00483	0.00423
17	0.02240	0.01041	0.01305	0.01000	0.01407	0.00996	0.00826	0.22648	0.01750	0.58334	0.01836	0.01631	0.01180	0.00639	0.00523	0.00160	0.00478	0.00509	0.00611	0.00886
18	0.02315	0.00920	0.01230	0.00943	0.01346	0.00816	0.00779	0.06959	0.01548	0.74308	0.02007	0.01741	0.01265	0.00643	0.00524	0.00161	0.00451	0.00520	0.00637	0.00886
19	0.85377	0.01007	0.00765	0.00685	0.01007	0.01168	0.00564	0.01531	0.00886	0.02336	0.00725	0.00846	0.00564	0.00483	0.00322	0.00161	0.00403	0.00282	0.00322	0.00564
20	0.01380	0.04330	0.04373	0.03944	0.26892	0.01346	0.01162	0.13147	0.33616	0.02106	0.01488	0.01538	0.01142	0.00592	0.00515	0.00163	0.00530	0.00508	0.00408	0.00819
21	0.01269	0.01251	0.03627	0.02990	0.70685	0.01229	0.01547	0.01574	0.01164	0.01682	0.00965	0.01271	0.00814	0.00479	0.00557	0.00155	0.03770	0.00456	0.00258	0.04259
22	0.85377	0.01007	0.00765	0.00685	0.01007	0.01168	0.00564	0.01531	0.00886	0.02336	0.00725	0.00846	0.00564	0.00483	0.00322	0.00161	0.00403	0.00282	0.00322	0.00564
23	0.01219	0.01182	0.01928	0.21709	0.53488	0.03792	0.02877	0.01531	0.01162	0.01592	0.01030	0.01478	0.00870	0.00517	0.00525	0.00162	0.00647	0.03290	0.00260	0.00743
24	0.00983	0.00926	0.01562	0.80447	0.03587	0.01157	0.01446	0.01331	0.01041	0.01331	0.00926	0.01388	0.00694	0.00521	0.00521	0.00174	0.00694	0.00463	0.00231	0.00579
25	0.00753	0.00521	0.00650	0.00650	0.00678	0.00549	0.00417	0.00810	0.00781	0.01070	0.01566	0.02995	0.01714	0.58090	0.26013	0.00606	0.00775	0.00697	0.00304	0.00361
26	0.00839	0.00599	0.00839	0.00959	0.01079	0.00599	0.00839	0.01079	0.01199	0.01558	0.02757	0.05874	0.02997	0.01439	0.00719	0.00240	0.00480	0.74945	0.00480	0.00480
27	0.00838	0.00601	0.00805	0.00899	0.01005	0.00607	0.00751	0.01087	0.04136	0.01496	0.02577	0.08045	0.02800	0.12895	0.00986	0.00274	0.00474	0.58798	0.00458	0.00468
28	0.01080	0.00926	0.01080	0.00771	0.01234	0.00694	0.00617	0.01311	0.01080	0.01697	0.00926	0.01080	0.00771	0.00386	0.00386	0.00077	0.00386	0.00309	0.00309	0.84882
29	0.01194	0.01230	0.01587	0.01365	0.01384	0.06842	0.01130	0.01309	0.00843	0.01255	0.00692	0.01126	0.00683	0.00886	0.01626	0.00222	0.75378	0.00448	0.00231	0.00572
30	0.02303	0.00939	0.01241	0.00952	0.01356	0.00844	0.00786	0.09413	0.01579	0.71810	0.01980	0.01724	0.01252	0.00643	0.00523	0.00161	0.00455	0.00519	0.00633	0.00886
31	0.01285	0.01240	0.02110	0.02972	0.67694	0.01247	0.06583	0.01689	0.06795	0.01734	0.01068	0.01345	0.00879	0.00480	0.00523	0.00158	0.00621	0.00483	0.00278	0.00817
32	0.02272	0.00873	0.01183	0.00912	0.01306	0.00753	0.00752	0.02471	0.01479	0.75923	0.02175	0.01893	0.04160	0.00670	0.00527	0.00162	0.00436	0.00545	0.00639	0.00870
33	0.00830	0.00593	0.00829	0.00949	0.01065	0.00592	0.00824	0.01064	0.01190	0.01549	0.02762	0.09153	0.03016	0.01447	0.00717	0.00239	0.00472	0.71754	0.00480	0.00477
34	0.00615	0.00528	0.00528	0.00528	0.00703	0.00440	0.00396	0.00747	0.01187	0.01407	0.05276	0.05012	0.78238	0.01319	0.00615	0.00176	0.00264	0.01099	0.00484	0.00440
35	0.01229	0.01405	0.03073	0.02195	0.02722	0.01317	0.76558	0.01668	0.01229	0.01668	0.01054	0.01405	0.00790	0.00439	0.00615	0.00176	0.00878	0.00615	0.00263	0.00702
36	0.01229	0.01405	0.03073	0.02195	0.02722	0.01317	0.76558	0.01668	0.01229	0.01668	0.01054	0.01405	0.00790	0.00439	0.00615	0.00176	0.00878	0.00615	0.00263	0.00702
37	0.01080	0.00926	0.01080	0.00771	0.01234	0.00694	0.00617	0.01311	0.01080	0.01697	0.00926	0.01080	0.00771	0.00386	0.00386	0.00077	0.00386	0.00309	0.00309	0.84882
38	0.01059	0.01041	0.01576	0.72349	0.06145	0.06436	0.01422	0.01391	0.01076	0.01340	0.00919	0.01355	0.00697	0.00520	0.00517	0.00170	0.00708	0.00454	0.00235	0.00589
39	0.00803	0.00547	0.00673	0.00645	0.00793	0.00488	0.00482	0.00995	0.01338	0.07236	0.43135	0.12648	0.25930	0.01172	0.00614	0.00172	0.00271	0.01018	0.00542	0.00497
40	0.01080	0.00926	0.01080	0.00771	0.01234	0.00694	0.00617	0.01311	0.01080	0.01697	0.00926	0.01080	0.00771	0.00386	0.00386	0.00077	0.00386	0.00309	0.00309	0.84882
41	0.01980	0.01459	0.01563	0.01198	0.01615	0.01615	0.00990	0.76713	0.02448	0.03282	0.01250	0.01250	0.00886	0.00625	0.00521	0.00156	0.00573	0.00469	0.00521	0.00886
42	0.01753	0.01305	0.01431	0.01136	0.01498	0.01454	0.00929	0.60443	0.07731	0.02904	0.01335	0.01415	0.00997	0.01100	0.11836	0.00255	0.00679	0.00490	0.00487	0.00821
43	0.85377	0.01007	0.00765	0.00685	0.01007	0.01168	0.00564	0.01531	0.00886	0.02336	0.00725	0.00846	0.00564	0.00483	0.00322	0.00161	0.00403	0.00282	0.00322	0.00564
44	0.00797	0.00680	0.01147	0.01061	0.01209	0.00647	0.15869	0.01009	0.02746	0.01448	0.02472	0.53089	0.02807	0.01344	0.00659	0.00207	0.00445	0.11429	0.00440	0.00496
45	0.00823	0.00597	0.00843	0.04067	0.01144	0.00603	0.00826	0.01052	0.01172	0.01526	0.02697	0.13590	0.02953	0.01423	0.00706	0.00234	0.00469	0.64328	0.00470	0.00478
46	0.01244	0.01093	0.01645	0.01189	0.01659	0.00943	0.20545	0.07032	0.03184	0.05085	0.01061	0.01229	0.00827	0.00436	0.00465	0.00115	0.00531	0.00417	0.00332	0.50965
47	0.04452	0.00889	0.01197	0.00920	0.01321	0.00776	0.00760	0.02512	0.01475	0.76862	0.02021	0.01749	0.01271	0.00640	0.00519	0.00161	0.00442	0.00518	0.00636	0.00878
48	0.01879	0.01390	0.01487	0.01149	0.01548	0.01529	0.00946	0.71134	0.02356	0.03144	0.01546	0.01527	0.06567	0.00676	0.00528	0.00158	0.00550	0.00515	0.00518	0.00853
49	0.01392	0.82012	0.02729	0.00891	0.01337	0.02061	0.00891	0.01559	0.01058	0.01225	0.00724	0.00835	0.00668	0.00446	0.00334	0.00111	0.00557	0.00278	0.00223	0.00668
50	0.00737	0.00532	0.00696	0.00655	0.00778	0.00491	0.00491	0.00983	0.01474	0.02088	0.78175	0.03890	0.04914	0.01065	0.00614	0.00164	0.00246	0.00942	0.00573	0.00491
51	0.00813	0.00602	0.00762	0.00775	0.00860	0.00618	0.00559	0.05948	0.01144	0.02852	0.11990	0.44839	0.09690	0.06507	0.03450	0.00238	0.06270	0.01144	0.00464	0.00477
52	0.00615	0.00528	0.00528	0.00528	0.00703	0.00440	0.00396	0.00747	0.01187	0.01407	0.05276	0.05012	0.78238	0.01319	0.00615	0.00176	0.00264	0.01099	0.00484	0.00440
53	0.00990	0.00934	0.01563	0.77330	0.03499	0.01174	0.01434	0.01328	0.01032	0.01328	0.00916	0.01379	0.00694	0.00536	0.00567	0.00176	0.03849	0.00463	0.00231	0.00578
54	0.02336	0.00886	0.01209	0.00927	0.01329	0.00765	0.00765	0.02538	0.01491	0.78810	0.02055	0.01773	0.01289	0.00645	0.00524	0.00161	0.00443	0.00524	0.00645	0.00886
55	0.01307	0.01271	0.02096	0.03146	0.76368	0.03361	0.01582	0.01611	0.01194	0.01690	0.00975	0.01279	0.00821	0.00466	0.00514	0.00154	0.00627	0.00461	0.00258	0.00819
56	0.01045	0.02694	0.79000	0.01484	0.02254	0.01209	0.01924	0.01649	0.01099	0.01649	0.00935	0.01099	0.00660	0.00495	0.00495	0.00165	0.00770	0.00385	0.00220	0.00770
57	0.00958	0.00579	0.00765	0.00696	0.00855	0.00527	0.00530	0.01191	0.01458	0.12840	0.64620	0.06534	0.04349	0.01027	0.00603	0.00165	0.00276	0.00903	0.00580	0.00544
58	0.00655	0.00528	0.00585	0.00589	0.00743	0.00459	0.00445	0.00815	0.01239	0.01557	0.20668	0.09010	0.54274	0.01288	0.00624	0.00179	0.00274	0.05115	0.00503	0.00452
59	0.01242	0.01114	0.01105	0.00989	0.01204	0.11590	0.00773	0.01868	0.28549	0.06924	0.10669	0.02470	0.16047	0.00863	0.00715	0.00176	0.11928	0.00666	0.00455	0.00654
60	0.01945	0.02482	0.01476	0.01342	0.01610	0.79608	0.01006	0.02079	0.01476	0.01275	0.00805	0.00939	0.00671	0.00537	0.00470	0.00134	0.00939	0.00335	0.00268	0.00604
61	0.00998	0.00941	0.01589	0.76682	0.07235	0.01161	0.01454	0.01344	0.01048	0.01349	0.00928	0.01384	0.00701	0.00518	0.00520	0.00173	0.00691	0.00463	0.00233	0.00591
62	0.01466	0.65823	0.05821	0.00989	0.01420	0.14469	0.00954	0.01647	0.01127	0.01251	0.00746	0.00863	0.00668	0.00462	0.00363	0.00117	0.00627	0.00292	0.00230	0.00662
63	0.01201	0.01076	0.01074	0.00983	0.01247	0.05673	0.00763	0.02320	0.57064	0.01986	0.04406	0.02532	0.13170	0.00823	0.00548	0.00176	0.00419	0.03298	0.00507	0.00733
64	0.00634	0.00453	0.00604	0.00725	0.00755	0.00423	0.00483	0.00725	0.00997	0.01329	0.02870	0.81358	0.03444	0.01632	0.00665	0.00211	0.00302	0.01480	0.00483	0.00423
65	0.00740	0.00543	0.00695	0.00655	0.00784	0.00503	0.00492	0.01002	0.02851	0.02050	0.72487	0.03920	0.09171	0.01073	0.00613	0.00165	0.00250	0.00945	0.00567	0.00494
66	0.07979	0.03475	0.16649	0.05786	0.48478	0.01248	0.05775	0.01594	0.01139	0.01713	0.00946	0.01217	0.00761	0.00472	0.00497	0.00158	0.00646	0.00438	0.00254	0.00772
67	0.00634	0.00453	0.00604	0.00725	0.00755	0.00423	0.00483	0.00725	0.00997	0.01329	0.02870	0.81358	0.03444	0.01632	0.00665	0.00211	0.00302	0.01480	0.00483	0.00423
68	0.00634	0.00455	0.00602	0.00720	0.00754	0.00423	0.00481	0.00726	0.01002	0.01331	0.02935	0.79290	0.05471	0.01623	0.00663	0.00211	0.00301	0.01470	0.00483	0.00423
69	0.02290	0.00961	0.01255	0.00962	0.01367	0.00876	0.00795	0.12233	0.01616	0.68939	0.01949	0.01704	0.01236	0.00642	0.00523	0.00161	0.00460	0.00517	0.00628	0.00886
70	0.01237	0.01184	0.02020	0.16338	0.65715	0.01224	0.01572	0.01553	0.01161	0.01638	0.00970	0.01306	0.00803	0.00474	0.00516	0.00158	0.00632	0.00464	0.00253	0.00783
71	0.01139	0.01139	0.01595	0.01367	0.01367	0.01595	0.01139	0.01253	0.00798	0.01253	0.00684	0.01139	0.00684	0.00911	0.01709	0.00228	0.80745	0.00456	0.00228	0.00570
72	0.01295	0.01119	0.01178	0.01060	0.01354	0.01295	0.00824	0.02767	0.77509	0.02178	0.02120	0.01943	0.01590	0.00707	0.00530	0.00177	0.00412	0.00589	0.00530	0.00824
73	0.70672	0.01301	0.14407	0.00824	0.01225	0.01175	0.00801	0.01551	0.00923	0.02217	0.00762	0.00890	0.00581	0.00485	0.00352	0.00162	0.00467	0.00300	0.00304	0.00600
74	0.01945	0.02482	0.01476	0.01342	0.01610	0.79608	0.01006	0.02079	0.01476	0.01275	0.00805	0.00939	0.00671	0.00537	0.00470	0.00134	0.00939	0.00335	0.00268	0.00604
75	0.01778	0.01339	0.01455	0.01103	0.01530	0.01409	0.00906	0.59833	0.02142	0.02927	0.01178	0.01212	0.00860	0.00572	0.00491	0.00139	0.00531	0.00433	0.00473	0.19690
76	0.00848	0.01156	0.21330	0.00878	0.01218	0.00708	0.00873	0.01148	0.01194	0.01688	0.24877	0.04435	0.14941	0.05391	0.03665	0.00200	0.00469	0.01969	0.00399	0.12613
77	0.01053	0.04538	0.77227	0.01470	0.02233	0.01229	0.01900	0.01647	0.01099	0.01639	0.00930	0.01093	0.00660	0.00494	0.00491	0.00164	0.00765	0.00382	0.00220	0.00767
78	0.01351	0.01096	0.01431	0.01669	0.24660	0.01180	0.01030	0.03595	0.40835	0.08319	0.03612	0.01882	0.01435	0.03668	0.00609	0.00181	0.00481	0.01718	0.00449	0.00798
79	0.00716	0.00532	0.00667	0.00633	0.00765	0.00483	0.00475	0.00943	0.01425	0.01972	0.65774	0.04081	0.17387	0.01108	0.00614	0.00166	0.00249	0.00969	0.00558	0.00483
80	0.01990	0.12626	0.01485	0.00985	0.01378	0.01178	0.00828	0.18205	0.09096	0.42427	0.01690	0.01578	0.01157	0.02325	0.00541	0.00162	0.00485	0.00488	0.00540	0.00837
81	0.01612	0.05012	0.03106	0.02026	0.29412	0.37291	0.05196	0.04511	0.04106	0.01557	0.00943	0.01136	0.00773	0.00510	0.00493	0.00146	0.00771	0.00409	0.00280	0.00712
82	0.00918	0.00630	0.00806	0.00773	0.02513	0.00607	0.00568	0.01280	0.09389	0.07711	0.57768	0.07564	0.05386	0.01018	0.00599	0.00167	0.00289	0.00895	0.00561	0.00558
83	0.00831	0.00597	0.00828	0.00943	0.01065	0.00593	0.00823	0.01067	0.01198	0.01553	0.02851	0.05842	0.05804	0.01434	0.00715	0.00237	0.00471	0.72189	0.00480	0.00478
84	0.01088	0.01111	0.04580	0.50448	0.23730	0.01193	0.07542	0.01441	0.01098	0.01469	0.00951	0.01353	0.00736	0.00498	0.00526	0.00168	0.00691	0.00473	0.00241	0.00662
85	0.13144	0.00935	0.01424	0.63691	0.03066	0.01132	0.01274	0.01440	0.01049	0.06685	0.00973	0.01337	0.00716	0.00524	0.00492	0.00171	0.00636	0.00441	0.00272	0.00597
86	0.01080	0.00926	0.01080	0.00771	0.01234	0.00694	0.00617	0.01311	0.01080	0.01697	0.00926	0.01080	0.00771	0.00386	0.00386	0.00077	0.00386	0.00309	0.00309	0.84882
87	0.00753	0.00522	0.00655	0.00655	0.00685	0.00552	0.00424	0.00813	0.00783	0.01074	0.01561	0.02966	0.01702	0.56484	0.27603	0.00613	0.00793	0.00693	0.00304	0.00364
88	0.00759	0.00580	0.00865	0.00857	0.00946	0.00686	0.00669	0.00942	0.00835	0.01211	0.01368	0.02012	0.01279	0.03794	0.76727	0.00814	0.04355	0.00554	0.00277	0.00469
89	0.00839	0.00599	0.00839	0.00959	0.01079	0.00599	0.00839	0.01079	0.01199	0.01558	0.02757	0.05874	0.02997	0.01439	0.00719	0.00240	0.00480	0.74945	0.00480	0.00480
90	0.01470	0.70822	0.02553	0.00954	0.01375	0.12972	0.00907	0.01633	0.01117	0.01232	0.00735	0.00850	0.00669	0.00458	0.00353	0.00115	0.00611	0.00286	0.00229	0.00659
91	0.01982	0.01176	0.01367	0.01040	0.01458	0.01178	0.00856	0.39225	0.01909	0.30428	0.01496	0.01416	0.01016	0.00598	0.00503	0.00147	0.00500	0.00466	0.00536	0.12704
92	0.01106	0.00892	0.01043	0.06794	0.04229	0.02203	0.00763	0.06705	0.25222	0.04872	0.03893	0.18139	0.12629	0.00947	0.00562	0.00174	0.00415	0.02623	0.00466	0.06320
93	0.01172	0.01104	0.01833	0.22792	0.50568	0.01171	0.01452	0.01538	0.05083	0.01608	0.01138	0.06145	0.00988	0.00561	0.00527	0.00164	0.00608	0.00531	0.00279	0.00737
94	0.02336	0.00886	0.01209	0.00927	0.01329	0.00765	0.00765	0.02538	0.01491	0.78810	0.02055	0.01773	0.01289	0.00645	0.00524	0.00161	0.00443	0.00524	0.00645	0.00886
95	0.01175	0.01128	0.01939	0.08717	0.55501	0.01129	0.07592	0.01481	0.01199	0.01679	0.06940	0.01748	0.06318	0.00568	0.00538	0.00160	0.00595	0.00554	0.00295	0.00745
96	0.01081	0.02598	0.74332	0.01540	0.05237	0.01201	0.01887	0.01666	0.01111	0.03277	0.00960	0.01121	0.00679	0.00497	0.00496	0.00164	0.00757	0.00391	0.00230	0.00774
97	0.00757	0.00505	0.00568	0.00568	0.00568	0.00505	0.00316	0.00757	0.00757	0.01010	0.01641	0.03408	0.01893	0.81698	0.02651	0.00505	0.00505	0.00757	0.00316	0.00316
98	0.85377	0.01007	0.00765	0.00685	0.01007	0.01168	0.00564	0.01531	0.00886	0.02336	0.00725	0.00846	0.00564	0.00483	0.00322	0.00161	0.00403	0.00282	0.00322	0.00564
99	0.00772	0.00540	0.00707	0.00661	0.00790	0.00497	0.00497	0.01016	0.01474	0.03749	0.76528	0.03844	0.04835	0.01056	0.00612	0.00164	0.00250	0.00933	0.00575	0.00500
100	0.00744	0.00554	0.00581	0.00559	0.00751	0.00465	0.00425	0.00884	0.01215	0.07106	0.06534	0.04751	0.71083	0.01264	0.00609	0.00175	0.00277	0.01054	0.00497	0.00473
101	0.01392	0.82012	0.02729	0.00891	0.01337	0.02061	0.00891	0.01559	0.01058	0.01225	0.00724	0.00835	0.00668	0.00446	0.00334	0.00111	0.00557	0.00278	0.00223	0.00668
