[name]
unknown

[dist]
# distance from previous block
# <min> <max>
0	0

[block]
# block no. 0 follows, 47 sequences, length 92
# corresponding to MSA columns:
# 0-91
name=unknown_A
#
# <colnr> <probs for GDERKNQSTAVLIFYWHMCP>
#	G	D	E	R	K	N	Q	S	T	A	V	L	I	F	Y	W	H	M	C	P
0	0.00839	0.00599	0.00839	0.00959	0.01079	0.00599	0.00839	0.01079	0.01199	0.01558	0.02757	0.05874	0.02997	0.01439	0.00719	0.00240	0.00480	0.74945	0.00480	0.00480
1	0.00905	0.00452	0.00678	0.00678	0.00678	0.00452	0.00452	0.00678	0.00678	0.00905	0.00905	0.01583	0.00905	0.01809	0.02035	0.84848	0.00452	0.00452	0.00226	0.00226
2	0.01139	0.01139	0.01595	0.01367	0.01367	0.01595	0.01139	0.01253	0.00798	0.01253	0.00684	0.01139	0.00684	0.00911	0.01709	0.00228	0.80745	0.00456	0.00228	0.00570
3	0.01045	0.02694	0.79000	0.01484	0.02254	0.01209	0.01924	0.01649	0.01099	0.01649	0.00935	0.01099	0.00660	0.00495	0.00495	0.00165	0.00770	0.00385	0.00220	0.00770
4	0.02336	0.00886	0.01209	0.00927	0.01329	0.00765	0.00765	0.02538	0.01491	0.78810	0.02055	0.01773	0.01289	0.00645	0.00524	0.00161	0.00443	0.00524	0.00645	0.00886
5	0.00983	0.00926	0.01562	0.80447	0.03587	0.01157	0.01446	0.01331	0.01041	0.01331	0.00926	0.01388	0.00694	0.00521	0.00521	0.00174	0.00694	0.00463	0.00231	0.00579
6	0.01002	0.00944	0.01595	0.75832	0.08059	0.01162	0.01455	0.01347	0.01050	0.01353	0.00929	0.01382	0.00702	0.00517	0.00520	0.00172	0.00690	0.00463	0.00233	0.00593
7	0.01980	0.01459	0.01563	0.01198	0.01615	0.01615	0.00990	0.76713	0.02448	0.03282	0.01250	0.01250	0.00886	0.00625	0.00521	0.00156	0.00573	0.00469	0.00521	0.00886
8	0.01054	0.04828	0.76947	0.01468	0.02229	0.01232	0.01896	0.01647	0.01098	0.01638	0.00929	0.01092	0.00660	0.00493	0.00490	0.00163	0.00764	0.00382	0.00220	0.00767
9	0.01133	0.01079	0.01833	0.42539	0.40323	0.01196	0.01521	0.01462	0.01112	0.01513	0.00952	0.01340	0.00758	0.00493	0.00518	0.00164	0.00657	0.00463	0.00244	0.00699
10	0.01289	0.01237	0.02114	0.03196	0.78450	0.01237	0.01598	0.01598	0.01186	0.01701	0.00980	0.01289	0.00825	0.00464	0.00516	0.00155	0.00619	0.00464	0.00258	0.00825
11	0.00737	0.00532	0.00696	0.00655	0.00778	0.00491	0.00491	0.00983	0.01474	0.02088	0.78175	0.03890	0.04914	0.01065	0.00614	0.00164	0.00246	0.00942	0.00573	0.00491
12	0.01165	0.01182	0.01591	0.01366	0.01375	0.04050	0.01135	0.01279	0.00819	0.01254	0.00687	0.01133	0.00683	0.00900	0.01670	0.00225	0.78234	0.00452	0.00229	0.00571
13	0.01358	0.74208	0.10232	0.00949	0.01427	0.01977	0.00993	0.01568	0.01062	0.01267	0.00745	0.00861	0.00667	0.00450	0.00350	0.00117	0.00578	0.00289	0.00222	0.00678
14	0.00760	0.00547	0.00745	0.00859	0.00952	0.00532	0.00698	0.00944	0.01131	0.01474	0.02924	0.30965	0.06996	0.01497	0.00696	0.00227	0.00409	0.46704	0.00481	0.00459
15	0.00839	0.00599	0.00839	0.00959	0.01079	0.00599	0.00839	0.01079	0.01199	0.01558	0.02757	0.05874	0.02997	0.01439	0.00719	0.00240	0.00480	0.74945	0.00480	0.00480
16	0.01392	0.82012	0.02729	0.00891	0.01337	0.02061	0.00891	0.01559	0.01058	0.01225	0.00724	0.00835	0.00668	0.00446	0.00334	0.00111	0.00557	0.00278	0.00223	0.00668
17	0.04839	0.00890	0.01195	0.00919	0.01320	0.00778	0.00759	0.02508	0.01472	0.76506	0.02014	0.01745	0.01267	0.00640	0.00518	0.00161	0.00442	0.00516	0.00635	0.00877
18	0.02336	0.00886	0.01209	0.00927	0.01329	0.00765	0.00765	0.02538	0.01491	0.78810	0.02055	0.01773	0.01289	0.00645	0.00524	0.00161	0.00443	0.00524	0.00645	0.00886
19	0.00983	0.00926	0.01562	0.80447	0.03587	0.01157	0.01446	0.01331	0.01041	0.01331	0.00926	0.01388	0.00694	0.00521	0.00521	0.00174	0.00694	0.00463	0.00231	0.00579
20	0.01217	0.01164	0.01983	0.21489	0.60722	0.01218	0.01562	0.01535	0.01152	0.01614	0.00967	0.01312	0.00794	0.00477	0.00517	0.00159	0.00637	0.00464	0.00252	0.00767
21	0.00983	0.00926	0.01562	0.80447	0.03587	0.01157	0.01446	0.01331	0.01041	0.01331	0.00926	0.01388	0.00694	0.00521	0.00521	0.00174	0.00694	0.00463	0.00231	0.00579
22	0.02320	0.00913	0.01225	0.00939	0.01343	0.00806	0.00776	0.06040	0.01536	0.75244	0.02017	0.01748	0.01270	0.00644	0.00524	0.00161	0.00449	0.00521	0.00639	0.00886
23	0.01220	0.01466	0.06658	0.02161	0.02700	0.01312	0.73035	0.01667	0.01223	0.01667	0.01048	0.01390	0.00784	0.00442	0.00609	0.00175	0.00873	0.00604	0.00261	0.00706
24	0.00999	0.00942	0.01590	0.76494	0.07417	0.01161	0.01454	0.01344	0.01049	0.01350	0.00928	0.01383	0.00701	0.00518	0.00520	0.00173	0.00690	0.00463	0.00233	0.00591
25	0.00983	0.00926	0.01562	0.80447	0.03587	0.01157	0.01446	0.01331	0.01041	0.01331	0.00926	0.01388	0.00694	0.00521	0.00521	0.00174	0.00694	0.00463	0.00231	0.00579
26	0.02289	0.00876	0.01197	0.00924	0.01317	0.00762	0.00762	0.02489	0.01471	0.76472	0.02035	0.01781	0.01289	0.00743	0.02908	0.00182	0.00472	0.00525	0.00634	0.00874
27	0.00901	0.00570	0.00699	0.00657	0.00825	0.00504	0.00496	0.01087	0.01330	0.12123	0.35661	0.12275	0.28595	0.01153	0.00608	0.00173	0.00284	0.00995	0.00543	0.00520
28	0.00751	0.00531	0.00701	0.00701	0.00746	0.00577	0.00481	0.00842	0.00797	0.01108	0.01520	0.02737	0.01602	0.43355	0.40595	0.00669	0.00944	0.00659	0.00298	0.00389
29	0.00634	0.00453	0.00604	0.00725	0.00755	0.00423	0.00483	0.00725	0.00997	0.01329	0.02870	0.81358	0.03444	0.01632	0.00665	0.00211	0.00302	0.01480	0.00483	0.00423
30	0.02336	0.00886	0.01209	0.00927	0.01329	0.00765	0.00765	0.02538	0.01491	0.78810	0.02055	0.01773	0.01289	0.00645	0.00524	0.00161	0.00443	0.00524	0.00645	0.00886
31	0.01242	0.01189	0.02029	0.15106	0.66908	0.01225	0.01575	0.01557	0.01164	0.01644	0.00971	0.01304	0.00805	0.00473	0.00516	0.00158	0.00630	0.00464	0.00254	0.00787
32	0.00983	0.00926	0.01562	0.80447	0.03587	0.01157	0.01446	0.01331	0.01041	0.01331	0.00926	0.01388	0.00694	0.00521	0.00521	0.00174	0.00694	0.00463	0.00231	0.00579
33	0.00983	0.00926	0.01562	0.80447	0.03587	0.01157	0.01446	0.01331	0.01041	0.01331	0.00926	0.01388	0.00694	0.00521	0.00521	0.00174	0.00694	0.00463	0.00231	0.00579
34	0.78802	0.00995	0.00783	0.00697	0.01012	0.01146	0.00572	0.03526	0.00958	0.02349	0.04702	0.01013	0.00795	0.00517	0.00343	0.00161	0.00399	0.00321	0.00340	0.00569
35	0.01373	0.79571	0.02668	0.00884	0.01320	0.02014	0.00879	0.01542	0.01071	0.01251	0.03044	0.00927	0.00795	0.00464	0.00343	0.00113	0.00548	0.00298	0.00233	0.00663
36	0.01080	0.00926	0.01080	0.00771	0.01234	0.00694	0.00617	0.01311	0.01080	0.01697	0.00926	0.01080	0.00771	0.00386	0.00386	0.00077	0.00386	0.00309	0.00309	0.84882
37	0.01152	0.01275	0.02601	0.01905	0.02323	0.01262	0.58176	0.01514	0.01166	0.01584	0.01451	0.01751	0.08991	0.00597	0.00764	0.00183	0.11723	0.00644	0.00282	0.00656
38	0.01229	0.01405	0.03073	0.02195	0.02722	0.01317	0.76558	0.01668	0.01229	0.01668	0.01054	0.01405	0.00790	0.00439	0.00615	0.00176	0.00878	0.00615	0.00263	0.00702
39	0.01928	0.01341	0.01467	0.01144	0.01539	0.01463	0.00938	0.61097	0.07594	0.11299	0.01449	0.03876	0.01059	0.00665	0.00526	0.00160	0.00539	0.00515	0.00534	0.00867
40	0.00623	0.00497	0.00559	0.00610	0.00725	0.00433	0.00432	0.00738	0.01108	0.01375	0.04274	0.36791	0.47105	0.01449	0.00636	0.00191	0.00280	0.01258	0.00484	0.00433
41	0.01192	0.01337	0.02872	0.09862	0.02765	0.01282	0.67561	0.01615	0.01206	0.01628	0.01079	0.03093	0.00837	0.00472	0.00606	0.00176	0.00848	0.00618	0.00265	0.00684
42	0.01165	0.00623	0.00818	0.00729	0.00924	0.00557	0.00560	0.01374	0.01411	0.23367	0.44324	0.11198	0.08798	0.01022	0.00594	0.00169	0.00308	0.00890	0.00578	0.00591
43	0.01020	0.00735	0.00851	0.00750	0.00956	0.00722	0.00582	0.15158	0.03854	0.05332	0.39115	0.05121	0.21697	0.01028	0.00592	0.00167	0.00325	0.00875	0.00542	0.00577
44	0.83516	0.01017	0.00783	0.00696	0.01021	0.01178	0.00573	0.03208	0.00921	0.02358	0.00737	0.00855	0.00571	0.00487	0.00327	0.00161	0.00407	0.00286	0.00327	0.00571
45	0.01829	0.01257	0.01379	0.01096	0.01465	0.01370	0.00889	0.47358	0.17176	0.13526	0.01559	0.01551	0.01127	0.03464	0.00594	0.00172	0.00513	0.00511	0.02319	0.00845
46	0.00983	0.00926	0.01562	0.80447	0.03587	0.01157	0.01446	0.01331	0.01041	0.01331	0.00926	0.01388	0.00694	0.00521	0.00521	0.00174	0.00694	0.00463	0.00231	0.00579
47	0.01082	0.00624	0.00668	0.00619	0.00777	0.00655	0.00479	0.11337	0.01247	0.02044	0.01606	0.01860	0.01271	0.00959	0.08794	0.00202	0.00409	0.00491	0.64339	0.00537
48	0.00993	0.00935	0.01578	0.78148	0.05815	0.01159	0.01451	0.01339	0.01046	0.01342	0.00927	0.01385	0.00698	0.00519	0.00521	0.00173	0.00692	0.00463	0.00232	0.00586
49	0.00847	0.00626	0.00750	0.00735	0.00896	0.00605	0.00569	0.01213	0.11529	0.04696	0.30223	0.10727	0.22254	0.01163	0.00618	0.00183	0.00317	0.10991	0.00527	0.00531
50	0.00883	0.00755	0.01072	0.00993	0.01044	0.00964	0.00785	0.01024	0.00815	0.01203	0.01173	0.01875	0.01149	0.11115	0.44333	0.00590	0.28932	0.00544	0.00265	0.00486
51	0.00999	0.00947	0.01565	0.72667	0.03368	0.01200	0.01416	0.01323	0.01017	0.01323	0.00902	0.01364	0.00693	0.00559	0.00638	0.00179	0.08569	0.00462	0.00231	0.00578
52	0.01392	0.82012	0.02729	0.00891	0.01337	0.02061	0.00891	0.01559	0.01058	0.01225	0.00724	0.00835	0.00668	0.00446	0.00334	0.00111	0.00557	0.00278	0.00223	0.00668
53	0.01474	0.71535	0.04979	0.00913	0.01365	0.01906	0.00911	0.01658	0.01102	0.08871	0.00862	0.00936	0.00729	0.00467	0.00358	0.00118	0.00552	0.00306	0.00264	0.00693
54	0.39647	0.00983	0.01026	0.00839	0.01201	0.01018	0.00690	0.05986	0.05158	0.36503	0.01417	0.01337	0.00957	0.00574	0.00433	0.00162	0.00430	0.00415	0.00487	0.00738
55	0.00633	0.00461	0.00597	0.00706	0.00750	0.00425	0.00475	0.00727	0.01016	0.01337	0.03107	0.73848	0.10802	0.01601	0.00660	0.00208	0.00298	0.01443	0.00483	0.00425
56	0.00744	0.00558	0.00837	0.00837	0.00930	0.00651	0.00651	0.00930	0.00837	0.01209	0.01395	0.02046	0.01302	0.03906	0.79635	0.00837	0.01395	0.00558	0.00279	0.00465
57	0.01226	0.01395	0.03016	0.02163	0.02670	0.01328	0.73674	0.01652	0.01213	0.01652	0.01039	0.01395	0.00786	0.00457	0.00656	0.00178	0.03933	0.00608	0.00262	0.00697
58	0.02336	0.00886	0.01209	0.00927	0.01329	0.00765	0.00765	0.02538	0.01491	0.78810	0.02055	0.01773	0.01289	0.00645	0.00524	0.00161	0.00443	0.00524	0.00645	0.00886
59	0.01395	0.01131	0.01206	0.01063	0.01371	0.01291	0.00833	0.07955	0.68455	0.06063	0.02055	0.01886	0.01525	0.00698	0.00529	0.00174	0.00425	0.00577	0.00535	0.00832
60	0.01113	0.02113	0.45890	0.01764	0.02417	0.01238	0.32868	0.01638	0.01151	0.01651	0.01023	0.02865	0.00771	0.00495	0.00548	0.00170	0.00805	0.00503	0.00243	0.00735
61	0.01371	0.79335	0.02662	0.00883	0.01318	0.02009	0.00878	0.01540	0.01072	0.01254	0.03268	0.00936	0.00808	0.00466	0.00343	0.00113	0.00547	0.00300	0.00234	0.00662
62	0.03993	0.01392	0.02997	0.02145	0.02665	0.01312	0.74062	0.01664	0.01218	0.01690	0.01043	0.01386	0.00783	0.00440	0.00605	0.00175	0.00862	0.00604	0.00265	0.00698
63	0.01231	0.01399	0.03041	0.02228	0.05209	0.01314	0.74096	0.01666	0.01228	0.01669	0.01051	0.01401	0.00791	0.00440	0.00611	0.00175	0.00869	0.00610	0.00263	0.00706
64	0.83545	0.01017	0.00783	0.00696	0.01020	0.01178	0.00573	0.03182	0.00921	0.02357	0.00737	0.00855	0.00571	0.00487	0.00327	0.00161	0.00407	0.00286	0.00327	0.00571
65	0.00646	0.00461	0.00617	0.00738	0.00773	0.00433	0.00503	0.00745	0.01008	0.01342	0.02864	0.77132	0.03419	0.01621	0.00668	0.00213	0.00312	0.05594	0.00483	0.00426
66	0.00615	0.00528	0.00528	0.00528	0.00703	0.00440	0.00396	0.00747	0.01187	0.01407	0.05276	0.05012	0.78238	0.01319	0.00615	0.00176	0.00264	0.01099	0.00484	0.00440
67	0.01080	0.00926	0.01080	0.00771	0.01234	0.00694	0.00617	0.01311	0.01080	0.01697	0.00926	0.01080	0.00771	0.00386	0.00386	0.00077	0.00386	0.00309	0.00309	0.84882
68	0.00905	0.00452	0.00678	0.00678	0.00678	0.00452	0.00452	0.00678	0.00678	0.00905	0.00905	0.01583	0.00905	0.01809	0.02035	0.84848	0.00452	0.00452	0.00226	0.00226
69	0.01945	0.02482	0.01476	0.01342	0.01610	0.79608	0.01006	0.02079	0.01476	0.01275	0.00805	0.00939	0.00671	0.00537	0.00470	0.00134	0.00939	0.00335	0.00268	0.00604
70	0.85377	0.01007	0.00765	0.00685	0.01007	0.01168	0.00564	0.01531	0.00886	0.02336	0.00725	0.00846	0.00564	0.00483	0.00322	0.00161	0.00403	0.00282	0.00322	0.00564
71	0.01287	0.01241	0.02137	0.03172	0.76625	0.01239	0.03404	0.01600	0.01187	0.01701	0.00981	0.01292	0.00824	0.00463	0.00518	0.00155	0.00625	0.00468	0.00258	0.00822
72	0.01202	0.01591	0.14059	0.02092	0.02654	0.01301	0.65759	0.01665	0.01210	0.01665	0.01036	0.01361	0.00771	0.00447	0.00597	0.00174	0.00862	0.00581	0.00257	0.00712
73	0.01418	0.71222	0.04144	0.00941	0.01375	0.07209	0.00917	0.01653	0.04697	0.01282	0.00800	0.00900	0.00712	0.00465	0.00356	0.00117	0.00580	0.00299	0.00240	0.00673
74	0.00801	0.00722	0.00697	0.00665	0.00826	0.08251	0.00499	0.00984	0.01345	0.01701	0.37687	0.04106	0.37565	0.01127	0.00601	0.00166	0.00322	0.00953	0.00503	0.00479
75	0.00670	0.00479	0.00645	0.00766	0.00812	0.00454	0.00545	0.00787	0.01032	0.01369	0.02851	0.68197	0.03366	0.01598	0.00674	0.00216	0.00333	0.14290	0.00483	0.00433
76	0.00615	0.00528	0.00528	0.00528	0.00703	0.00440	0.00396	0.00747	0.01187	0.01407	0.05276	0.05012	0.78238	0.01319	0.00615	0.00176	0.00264	0.01099	0.00484	0.00440
77	0.01421	0.79582	0.02683	0.00892	0.01336	0.02022	0.00887	0.01589	0.01071	0.03549	0.00764	0.00863	0.00687	0.00451	0.00340	0.00113	0.00554	0.00286	0.00235	0.00675
78	0.00983	0.00926	0.01562	0.80447	0.03587	0.01157	0.01446	0.01331	0.01041	0.01331	0.00926	0.01388	0.00694	0.00521	0.00521	0.00174	0.00694	0.00463	0.00231	0.00579
79	0.00757	0.00505	0.00568	0.00568	0.00568	0.00505	0.00316	0.00757	0.00757	0.01010	0.01641	0.03408	0.01893	0.81698	0.02651	0.00505	0.00505	0.00757	0.00316	0.00316
80	0.01392	0.82012	0.02729	0.00891	0.01337	0.02061	0.00891	0.01559	0.01058	0.01225	0.00724	0.00835	0.00668	0.00446	0.00334	0.00111	0.00557	0.00278	0.00223	0.00668
81	0.85377	0.01007	0.00765	0.00685	0.01007	0.01168	0.00564	0.01531	0.00886	0.02336	0.00725	0.00846	0.00564	0.00483	0.00322	0.00161	0.00403	0.00282	0.00322	0.00564
82	0.00983	0.00926	0.01562	0.80447	0.03587	0.01157	0.01446	0.01331	0.01041	0.01331	0.00926	0.01388	0.00694	0.00521	0.00521	0.00174	0.00694	0.00463	0.00231	0.00579
83	0.02328	0.00899	0.01217	0.00933	0.01336	0.00785	0.00770	0.04212	0.01512	0.77106	0.02036	0.01761	0.01280	0.00644	0.00524	0.00161	0.00446	0.00522	0.00642	0.00886
84	0.00641	0.00458	0.00611	0.00732	0.00765	0.00428	0.00494	0.00736	0.01003	0.01336	0.02867	0.79112	0.03431	0.01626	0.00666	0.00212	0.00307	0.03667	0.00483	0.00425
85	0.00634	0.00453	0.00604	0.00725	0.00755	0.00423	0.00483	0.00725	0.00997	0.01329	0.02870	0.81358	0.03444	0.01632	0.00665	0.00211	0.00302	0.01480	0.00483	0.00423
86	0.01392	0.82012	0.02729	0.00891	0.01337	0.02061	0.00891	0.01559	0.01058	0.01225	0.00724	0.00835	0.00668	0.00446	0.00334	0.00111	0.00557	0.00278	0.00223	0.00668
87	0.00755	0.00509	0.00589	0.00585	0.00600	0.00508	0.00343	0.00785	0.00830	0.01122	0.09162	0.03412	0.02172	0.71318	0.04873	0.00482	0.00507	0.00769	0.00340	0.00338
88	0.00628	0.00528	0.00545	0.00541	0.00711	0.00445	0.00406	0.00772	0.01217	0.01479	0.13009	0.04893	0.70460	0.01292	0.00615	0.00175	0.00262	0.01082	0.00493	0.00445
89	0.00983	0.00926	0.01562	0.80447	0.03587	0.01157	0.01446	0.01331	0.01041	0.01331	0.00926	0.01388	0.00694	0.00521	0.00521	0.00174	0.00694	0.00463	0.00231	0.00579
90	0.01246	0.48606	0.34852	0.01141	0.01723	0.01702	0.01326	0.01597	0.01076	0.01404	0.00813	0.00947	0.00665	0.00466	0.00402	0.00134	0.00647	0.00323	0.00222	0.00711
91	0.01714	0.01165	0.01329	0.01030	0.01420	0.01193	0.00842	0.40720	0.03455	0.14444	0.01341	0.01389	0.00981	0.00904	0.08277	0.00208	0.00592	0.00456	0.00473	0.18067

[dist]
# distance from previous block
# <min> <max>
3	7

[block]
# block no. 1 follows, 47 sequences, length 58
# corresponding to MSA columns:
# 99-156
name=unknown_B
#
# <colnr> <probs for GDERKNQSTAVLIFYWHMCP>
#	G	D	E	R	K	N	Q	S	T	A	V	L	I	F	Y	W	H	M	C	P
0	0.00976	0.00913	0.01519	0.68410	0.03241	0.01103	0.03221	0.01300	0.01040	0.01355	0.01043	0.06247	0.00868	0.00587	0.00548	0.00172	0.02178	0.00521	0.00251	0.04508
1	0.01331	0.00858	0.01135	0.00924	0.01206	0.04277	0.07098	0.01626	0.04793	0.22969	0.33949	0.04295	0.02755	0.00796	0.00556	0.00155	0.00409	0.00701	0.00520	0.09649
2	0.01128	0.01166	0.02169	0.10166	0.03990	0.01137	0.38628	0.01459	0.01124	0.01581	0.01125	0.04546	0.02296	0.00545	0.00658	0.00160	0.08295	0.00556	0.00279	0.18991
3	0.01122	0.03980	0.56113	0.01726	0.10922	0.01241	0.10520	0.03730	0.01168	0.01702	0.02429	0.01208	0.00781	0.00498	0.00511	0.00164	0.00745	0.00431	0.00244	0.00764
4	0.01262	0.01209	0.02064	0.10105	0.71755	0.01230	0.01585	0.01574	0.01173	0.01668	0.00975	0.01298	0.00813	0.00469	0.00516	0.00156	0.00625	0.00464	0.00255	0.00803
5	0.01582	0.01254	0.01335	0.01114	0.01456	0.01418	0.00890	0.35223	0.42923	0.02646	0.01753	0.03297	0.01319	0.00690	0.00529	0.00168	0.00481	0.00555	0.00525	0.00843
6	0.03205	0.04496	0.75229	0.01450	0.02201	0.01228	0.01865	0.01644	0.01093	0.01657	0.00924	0.01087	0.00657	0.00493	0.00487	0.00164	0.00755	0.00380	0.00223	0.00762
7	0.01045	0.02694	0.79000	0.01484	0.02254	0.01209	0.01924	0.01649	0.01099	0.01649	0.00935	0.01099	0.00660	0.00495	0.00495	0.00165	0.00770	0.00385	0.00220	0.00770
8	0.01045	0.02694	0.79000	0.01484	0.02254	0.01209	0.01924	0.01649	0.01099	0.01649	0.00935	0.01099	0.00660	0.00495	0.00495	0.00165	0.00770	0.00385	0.00220	0.00770
9	0.01071	0.07499	0.72681	0.01485	0.03851	0.01262	0.01854	0.01643	0.01099	0.01624	0.00923	0.01087	0.00664	0.00491	0.00485	0.00161	0.00753	0.00380	0.00221	0.00765
10	0.01045	0.02694	0.79000	0.01484	0.02254	0.01209	0.01924	0.01649	0.01099	0.01649	0.00935	0.01099	0.00660	0.00495	0.00495	0.00165	0.00770	0.00385	0.00220	0.00770
11	0.00650	0.00465	0.00618	0.00714	0.00759	0.00433	0.00485	0.00764	0.01070	0.01445	0.14358	0.69541	0.03668	0.01545	0.00657	0.00204	0.00294	0.01398	0.00497	0.00433
12	0.01069	0.08177	0.73728	0.01443	0.02191	0.01268	0.01853	0.01643	0.01097	0.01620	0.00920	0.01081	0.00660	0.00491	0.00484	0.00161	0.00755	0.00377	0.00220	0.00763
13	0.01034	0.04545	0.72318	0.01419	0.02141	0.01187	0.01811	0.01606	0.01121	0.01665	0.05640	0.01263	0.00919	0.00528	0.00498	0.00164	0.00732	0.00416	0.00242	0.00750
14	0.00753	0.00509	0.00585	0.00598	0.00611	0.00505	0.00357	0.00775	0.00806	0.01068	0.01852	0.07235	0.03836	0.71168	0.02392	0.00467	0.00488	0.05323	0.00337	0.00333
15	0.00737	0.00532	0.00696	0.00655	0.00778	0.00491	0.00491	0.00983	0.01474	0.02088	0.78175	0.03890	0.04914	0.01065	0.00614	0.00164	0.00246	0.00942	0.00573	0.00491
16	0.01948	0.02388	0.01484	0.01328	0.01610	0.72442	0.01005	0.08937	0.01565	0.01459	0.00846	0.00968	0.00691	0.00545	0.00474	0.00136	0.00905	0.00348	0.00292	0.00630
17	0.00757	0.00505	0.00568	0.00568	0.00568	0.00505	0.00316	0.00757	0.00757	0.01010	0.01641	0.03408	0.01893	0.81698	0.02651	0.00505	0.00505	0.00757	0.00316	0.00316
18	0.01080	0.02445	0.64329	0.01622	0.02344	0.01230	0.16345	0.01653	0.01125	0.01653	0.00958	0.01158	0.00685	0.00484	0.00518	0.00167	0.00791	0.00429	0.00228	0.00757
19	0.01011	0.00941	0.01562	0.78227	0.03531	0.01170	0.01433	0.03442	0.01081	0.01385	0.00935	0.01385	0.00700	0.00524	0.00521	0.00173	0.00691	0.00463	0.00240	0.00587
20	0.00744	0.00558	0.00837	0.00837	0.00930	0.00651	0.00651	0.00930	0.00837	0.01209	0.01395	0.02046	0.01302	0.03906	0.79635	0.00837	0.01395	0.00558	0.00279	0.00465
21	0.00981	0.00909	0.01532	0.77703	0.03487	0.01133	0.01412	0.01308	0.01029	0.01316	0.00925	0.01395	0.00701	0.00565	0.00573	0.03086	0.00686	0.00462	0.00231	0.00566
22	0.01392	0.82012	0.02729	0.00891	0.01337	0.02061	0.00891	0.01559	0.01058	0.01225	0.00724	0.00835	0.00668	0.00446	0.00334	0.00111	0.00557	0.00278	0.00223	0.00668
23	0.00634	0.00453	0.00604	0.00725	0.00755	0.00423	0.00483	0.00725	0.00997	0.01329	0.02870	0.81358	0.03444	0.01632	0.00665	0.00211	0.00302	0.01480	0.00483	0.00423
24	0.00623	0.00525	0.00539	0.00541	0.00709	0.00442	0.00404	0.00759	0.01196	0.01441	0.09144	0.07556	0.71713	0.01316	0.00617	0.00176	0.00264	0.01104	0.00488	0.00442
25	0.01289	0.01237	0.02114	0.03196	0.78450	0.01237	0.01598	0.01598	0.01186	0.01701	0.00980	0.01289	0.00825	0.00464	0.00516	0.00155	0.00619	0.00464	0.00258	0.00825
26	0.01132	0.01145	0.01720	0.01434	0.01492	0.01525	0.09237	0.01280	0.00851	0.01301	0.00798	0.03905	0.00789	0.00885	0.01556	0.00222	0.69401	0.00508	0.00240	0.00579
27	0.00983	0.00926	0.01562	0.80447	0.03587	0.01157	0.01446	0.01331	0.01041	0.01331	0.00926	0.01388	0.00694	0.00521	0.00521	0.00174	0.00694	0.00463	0.00231	0.00579
28	0.00983	0.00926	0.01562	0.80447	0.03587	0.01157	0.01446	0.01331	0.01041	0.01331	0.00926	0.01388	0.00694	0.00521	0.00521	0.00174	0.00694	0.00463	0.00231	0.00579
29	0.00992	0.00935	0.01578	0.78193	0.05771	0.01159	0.01451	0.01338	0.01046	0.01341	0.00927	0.01386	0.00698	0.00519	0.00521	0.00173	0.00692	0.00463	0.00232	0.00586
30	0.85377	0.01007	0.00765	0.00685	0.01007	0.01168	0.00564	0.01531	0.00886	0.02336	0.00725	0.00846	0.00564	0.00483	0.00322	0.00161	0.00403	0.00282	0.00322	0.00564
31	0.00746	0.00503	0.00585	0.00596	0.00603	0.00506	0.00348	0.00764	0.00782	0.01047	0.01731	0.09883	0.01992	0.70815	0.06598	0.00498	0.00535	0.00807	0.00328	0.00333
32	0.01493	0.01236	0.01389	0.01343	0.10113	0.02882	0.00966	0.25029	0.40803	0.02412	0.01733	0.01834	0.01341	0.00687	0.00534	0.00170	0.00498	0.04225	0.00489	0.00822
33	0.01392	0.82012	0.02729	0.00891	0.01337	0.02061	0.00891	0.01559	0.01058	0.01225	0.00724	0.00835	0.00668	0.00446	0.00334	0.00111	0.00557	0.00278	0.00223	0.00668
34	0.02941	0.06881	0.66579	0.01519	0.06789	0.01241	0.01784	0.01623	0.01106	0.01654	0.02699	0.01155	0.00766	0.00503	0.00486	0.00161	0.00729	0.00394	0.00233	0.00756
35	0.01184	0.05543	0.57607	0.01459	0.02132	0.01199	0.09761	0.01723	0.02421	0.08233	0.03218	0.01271	0.00862	0.00519	0.00508	0.00164	0.00724	0.00436	0.00276	0.00761
36	0.77488	0.00996	0.00807	0.00708	0.01038	0.01130	0.00583	0.01626	0.00944	0.09601	0.00851	0.00934	0.00633	0.00499	0.00341	0.00161	0.00407	0.00305	0.00353	0.00595
37	0.00647	0.00462	0.00618	0.00739	0.00775	0.00434	0.00505	0.00746	0.01009	0.01343	0.02863	0.76825	0.03417	0.01620	0.00668	0.00213	0.00313	0.05892	0.00483	0.00426
38	0.01159	0.08205	0.06217	0.01832	0.02277	0.01284	0.53601	0.01524	0.01158	0.01567	0.01216	0.10834	0.01084	0.00609	0.00649	0.00177	0.04994	0.00670	0.00282	0.00662
39	0.01167	0.09847	0.01717	0.01316	0.01364	0.01645	0.01113	0.01286	0.00826	0.01250	0.00688	0.01107	0.00682	0.00861	0.01561	0.00215	0.72111	0.00437	0.00227	0.00580
40	0.00782	0.00542	0.00710	0.00663	0.00793	0.00499	0.00499	0.01026	0.01475	0.04234	0.76047	0.03831	0.04812	0.01053	0.00612	0.00164	0.00251	0.00930	0.00575	0.00502
41	0.01566	0.04250	0.09766	0.01233	0.01515	0.39468	0.01043	0.04988	0.02643	0.04688	0.09328	0.01430	0.02369	0.00666	0.00678	0.00158	0.12805	0.00452	0.00323	0.00631
42	0.01152	0.01390	0.08155	0.01969	0.02447	0.01225	0.61235	0.01558	0.01183	0.01620	0.01221	0.09609	0.01051	0.00580	0.00643	0.00180	0.03141	0.00683	0.00282	0.00674
43	0.01043	0.02597	0.74514	0.01488	0.02234	0.01196	0.04436	0.01634	0.01113	0.01660	0.02808	0.01177	0.00767	0.00507	0.00502	0.00165	0.00761	0.00406	0.00230	0.00761
44	0.00723	0.00523	0.00701	0.00813	0.00893	0.00501	0.00632	0.00881	0.01099	0.01435	0.03000	0.42680	0.08826	0.01524	0.00685	0.00221	0.00377	0.33555	0.00482	0.00449
45	0.01045	0.02694	0.79000	0.01484	0.02254	0.01209	0.01924	0.01649	0.01099	0.01649	0.00935	0.01099	0.00660	0.00495	0.00495	0.00165	0.00770	0.00385	0.00220	0.00770
46	0.02265	0.00902	0.01206	0.00936	0.01331	0.00802	0.00769	0.02554	0.06742	0.73517	0.02059	0.01784	0.01310	0.00649	0.00524	0.00162	0.00441	0.00528	0.00637	0.00882
47	0.01240	0.01188	0.02026	0.15498	0.66528	0.01225	0.01574	0.01556	0.01163	0.01642	0.00971	0.01305	0.00804	0.00473	0.00516	0.00158	0.00631	0.00464	0.00254	0.00786
48	0.01447	0.00970	0.01057	0.00914	0.01178	0.05248	0.00712	0.14073	0.15765	0.19208	0.12833	0.12155	0.08404	0.02846	0.00611	0.00178	0.00428	0.00747	0.00531	0.00696
49	0.01344	0.00920	0.01041	0.00906	0.01179	0.00967	0.00711	0.09892	0.31796	0.15270	0.14315	0.05617	0.12076	0.00859	0.00557	0.00171	0.00385	0.00721	0.00547	0.00724
50	0.01800	0.00780	0.01037	0.00857	0.01166	0.00684	0.00680	0.02011	0.03165	0.52886	0.05879	0.16963	0.05118	0.00871	0.00554	0.00169	0.00397	0.00742	0.00590	0.03650
51	0.01055	0.00845	0.00999	0.00789	0.01146	0.00687	0.00611	0.05717	0.01151	0.03312	0.01428	0.20070	0.01420	0.00700	0.00463	0.00115	0.00378	0.00599	0.00370	0.58145
52	0.00726	0.00497	0.00572	0.00595	0.00611	0.00486	0.00351	0.00751	0.00828	0.01093	0.02090	0.17919	0.06836	0.61992	0.02159	0.00431	0.00453	0.00912	0.00357	0.00343
53	0.23585	0.01052	0.01190	0.00978	0.01309	0.03064	0.05599	0.14076	0.08915	0.18654	0.06279	0.07364	0.01411	0.00693	0.00491	0.00165	0.00468	0.01642	0.00468	0.02597
54	0.14551	0.01007	0.01067	0.00886	0.01158	0.01072	0.00686	0.31600	0.01555	0.07458	0.01548	0.08817	0.03466	0.18119	0.00957	0.00234	0.00483	0.00605	0.00441	0.04291
55	0.01326	0.51726	0.24310	0.01071	0.01599	0.01724	0.01177	0.01690	0.05284	0.04506	0.00914	0.01009	0.00741	0.00482	0.00398	0.00132	0.00605	0.00336	0.00256	0.00714
56	0.01130	0.01032	0.01667	0.58673	0.17696	0.01213	0.01435	0.08072	0.01194	0.01575	0.00965	0.01357	0.00736	0.00519	0.00520	0.00168	0.00669	0.00464	0.00262	0.00653
57	0.01496	0.01218	0.01520	0.04005	0.01642	0.01228	0.08998	0.34136	0.08583	0.02398	0.01201	0.01322	0.00915	0.02070	0.00530	0.00143	0.00536	0.00450	0.00413	0.27197

[dist]
# distance from previous block
# <min> <max>
0	5

[block]
# block no. 2 follows, 47 sequences, length 21
# corresponding to MSA columns:
# 171-191
name=unknown_C
#
# <colnr> <probs for GDERKNQSTAVLIFYWHMCP>
#	G	D	E	R	K	N	Q	S	T	A	V	L	I	F	Y	W	H	M	C	P
0	0.01553	0.01091	0.01352	0.07695	0.01601	0.01105	0.04092	0.26973	0.07877	0.14173	0.03976	0.06739	0.01264	0.00651	0.00511	0.00149	0.00497	0.00543	0.00462	0.17696
1	0.01247	0.01255	0.02569	0.01859	0.02337	0.01153	0.58262	0.01624	0.01215	0.06778	0.01230	0.06813	0.01001	0.00528	0.00588	0.00167	0.00758	0.00635	0.00308	0.09674
2	0.01341	0.00906	0.01203	0.00924	0.01324	0.00751	0.05720	0.01613	0.03649	0.19108	0.01468	0.05272	0.01222	0.00602	0.00477	0.00125	0.00436	0.06694	0.00411	0.46753
3	0.01432	0.01036	0.01194	0.00899	0.01328	0.00933	0.00726	0.15025	0.09687	0.12379	0.01265	0.01297	0.00950	0.00498	0.00444	0.00113	0.00430	0.00396	0.00415	0.49555
4	0.01996	0.00915	0.01216	0.00950	0.01313	0.00844	0.02779	0.10484	0.03352	0.54854	0.12263	0.02053	0.03123	0.00707	0.00540	0.00162	0.00439	0.00588	0.00605	0.00818
5	0.07368	0.01569	0.01357	0.01119	0.01461	0.22788	0.00891	0.36611	0.03473	0.08828	0.02941	0.01464	0.05108	0.00641	0.00498	0.00152	0.00619	0.00471	0.01895	0.00747
6	0.01278	0.01302	0.05547	0.03120	0.75048	0.01236	0.01613	0.01601	0.01182	0.01699	0.00978	0.01280	0.00818	0.00465	0.00515	0.00155	0.00625	0.00460	0.00256	0.00822
7	0.74449	0.01021	0.00829	0.00716	0.01054	0.01149	0.00588	0.04995	0.00975	0.02327	0.00766	0.00884	0.00596	0.00482	0.00337	0.00154	0.00409	0.00293	0.00330	0.07646
8	0.01860	0.01279	0.01409	0.01114	0.01502	0.01387	0.00908	0.46688	0.18936	0.14818	0.01561	0.01481	0.01102	0.00640	0.00520	0.00159	0.00512	0.00500	0.00537	0.03087
9	0.00744	0.00558	0.00837	0.00837	0.00930	0.00651	0.00651	0.00930	0.00837	0.01209	0.01395	0.02046	0.01302	0.03906	0.79635	0.00837	0.01395	0.00558	0.00279	0.00465
10	0.08970	0.01372	0.01460	0.01133	0.01537	0.01511	0.00934	0.63096	0.04717	0.08146	0.01288	0.01274	0.00908	0.00617	0.00505	0.00158	0.00545	0.00461	0.00513	0.00857
11	0.01229	0.01405	0.03073	0.02195	0.02722	0.01317	0.76558	0.01668	0.01229	0.01668	0.01054	0.01405	0.00790	0.00439	0.00615	0.00176	0.00878	0.00615	0.00263	0.00702
12	0.00737	0.00532	0.00696	0.00655	0.00778	0.00491	0.00491	0.00983	0.01474	0.02088	0.78175	0.03890	0.04914	0.01065	0.00614	0.00164	0.00246	0.00942	0.00573	0.00491
13	0.77699	0.00996	0.00806	0.00707	0.01037	0.01131	0.00583	0.01624	0.00942	0.09407	0.00848	0.00932	0.00631	0.00498	0.00341	0.00161	0.00407	0.00304	0.00352	0.00594
14	0.00756	0.00512	0.00604	0.00604	0.00617	0.00525	0.00361	0.00781	0.00768	0.01037	0.01608	0.03224	0.01814	0.71210	0.13029	0.00550	0.00625	0.00730	0.00311	0.00336
15	0.02033	0.01373	0.01510	0.01158	0.01572	0.01488	0.00956	0.65607	0.02305	0.14591	0.01371	0.01328	0.00946	0.00628	0.00521	0.00157	0.00554	0.00477	0.00539	0.00886
16	0.00744	0.00558	0.00837	0.00837	0.00930	0.00651	0.00651	0.00930	0.00837	0.01209	0.01395	0.02046	0.01302	0.03906	0.79635	0.00837	0.01395	0.00558	0.00279	0.00465
17	0.04464	0.33799	0.22946	0.01479	0.15092	0.06670	0.01282	0.01678	0.01137	0.05752	0.00904	0.01045	0.00724	0.00480	0.00428	0.00139	0.00638	0.00357	0.00258	0.00727
18	0.70818	0.05499	0.00958	0.00823	0.04358	0.01187	0.00643	0.01583	0.00948	0.06497	0.00850	0.01015	0.00669	0.00508	0.00350	0.00160	0.00424	0.01776	0.00335	0.00597
19	0.06962	0.28559	0.21695	0.01150	0.01619	0.17026	0.01157	0.08020	0.04523	0.01629	0.00913	0.01034	0.00732	0.00583	0.02226	0.00156	0.00691	0.00353	0.00277	0.00695
20	0.70589	0.01079	0.04203	0.00852	0.04662	0.01147	0.00682	0.03262	0.00983	0.04339	0.03681	0.01025	0.00769	0.00512	0.00359	0.00161	0.00428	0.00330	0.00337	0.00598

[dist]
# distance from previous block
# <min> <max>
0	2

[block]
# block no. 3 follows, 47 sequences, length 9
# corresponding to MSA columns:
# 194-202
name=unknown_D
#
# <colnr> <probs for GDERKNQSTAVLIFYWHMCP>
#	G	D	E	R	K	N	Q	S	T	A	V	L	I	F	Y	W	H	M	C	P
0	0.10972	0.21864	0.48313	0.01273	0.01902	0.01417	0.04357	0.01614	0.01069	0.01626	0.00863	0.01017	0.00656	0.00479	0.00440	0.00152	0.00679	0.00356	0.00234	0.00718
1	0.05995	0.09775	0.48542	0.01287	0.01887	0.04683	0.01497	0.01771	0.01146	0.13425	0.01057	0.01158	0.00753	0.00533	0.00529	0.00161	0.04366	0.00391	0.00293	0.00750
2	0.11547	0.01235	0.01378	0.01080	0.01466	0.04784	0.05024	0.31679	0.07131	0.16557	0.04495	0.01435	0.01112	0.00600	0.00493	0.00152	0.00521	0.00473	0.00478	0.08359
3	0.01342	0.06978	0.09410	0.03609	0.01741	0.09114	0.16679	0.01595	0.01125	0.11794	0.01236	0.09660	0.01085	0.00798	0.02591	0.00195	0.19499	0.00576	0.00322	0.00652
4	0.03905	0.21984	0.01299	0.00809	0.01003	0.04356	0.00644	0.05286	0.02599	0.01399	0.02940	0.16391	0.04853	0.18795	0.07951	0.00295	0.01829	0.02798	0.00346	0.00519
5	0.01450	0.04516	0.01319	0.01212	0.10247	0.01086	0.00854	0.29411	0.01638	0.10252	0.03897	0.21200	0.04273	0.00871	0.00546	0.00165	0.00468	0.00740	0.00469	0.05386
6	0.04457	0.51345	0.15207	0.01064	0.03334	0.06867	0.01059	0.01639	0.01109	0.04722	0.00837	0.00949	0.00698	0.00467	0.00384	0.00125	0.00601	0.00317	0.00252	0.04565
7	0.21610	0.15703	0.17725	0.01039	0.01504	0.01404	0.01029	0.20815	0.03303	0.06121	0.01117	0.01178	0.02576	0.00547	0.00435	0.00151	0.00549	0.00390	0.00359	0.02448
8	0.01450	0.60635	0.14010	0.00984	0.01474	0.01782	0.01032	0.01687	0.01115	0.10337	0.00911	0.00984	0.00739	0.00476	0.00380	0.00125	0.00576	0.00323	0.00272	0.00709

[dist]
# distance from previous block
# <min> <max>
3	13

[block]
# block no. 4 follows, 47 sequences, length 84
# corresponding to MSA columns:
# 216-299
name=unknown_E
#
# <colnr> <probs for GDERKNQSTAVLIFYWHMCP>
#	G	D	E	R	K	N	Q	S	T	A	V	L	I	F	Y	W	H	M	C	P
0	0.04478	0.54543	0.18186	0.01003	0.01501	0.01716	0.01073	0.01641	0.01103	0.07489	0.02551	0.01030	0.00804	0.00486	0.00388	0.00129	0.00579	0.00334	0.00267	0.00699
1	0.01351	0.49128	0.28079	0.01092	0.01642	0.01674	0.01226	0.01667	0.01106	0.07483	0.00899	0.00997	0.00714	0.00478	0.00403	0.00133	0.00619	0.00333	0.00255	0.00719
2	0.01219	0.42379	0.40839	0.01187	0.01795	0.01635	0.01407	0.01604	0.01079	0.01437	0.00829	0.00967	0.00664	0.00470	0.00414	0.00138	0.00663	0.00332	0.00221	0.00719
3	0.01248	0.50443	0.31503	0.01111	0.01672	0.01708	0.01273	0.01582	0.01082	0.01402	0.02328	0.00995	0.00749	0.00476	0.00400	0.00133	0.00631	0.00332	0.00229	0.00703
4	0.06058	0.25795	0.50617	0.01252	0.01887	0.01446	0.01518	0.01602	0.01070	0.01557	0.00869	0.01025	0.00669	0.00544	0.01930	0.00162	0.00698	0.00351	0.00228	0.00722
5	0.01152	0.11999	0.49247	0.01867	0.22392	0.01321	0.01711	0.01625	0.01117	0.01611	0.00921	0.01118	0.00705	0.00481	0.00481	0.00156	0.00704	0.00393	0.00230	0.00772
6	0.09302	0.56482	0.15247	0.00958	0.01429	0.01746	0.01012	0.01540	0.01072	0.01450	0.05018	0.01049	0.00890	0.00491	0.00375	0.00128	0.00561	0.00333	0.00251	0.00666
7	0.02796	0.00678	0.00748	0.00683	0.00765	0.00708	0.00445	0.13530	0.01065	0.01453	0.03690	0.02980	0.01769	0.62711	0.03540	0.00435	0.00523	0.00700	0.00357	0.00424
8	0.01851	0.12068	0.01658	0.01223	0.01564	0.37180	0.00982	0.29307	0.04351	0.02033	0.01000	0.01078	0.00781	0.00570	0.00497	0.00143	0.02244	0.00388	0.00363	0.00722
9	0.01980	0.01459	0.01563	0.01198	0.01615	0.01615	0.00990	0.76713	0.02448	0.03282	0.01250	0.01250	0.00886	0.00625	0.00521	0.00156	0.00573	0.00469	0.00521	0.00886
10	0.01406	0.62702	0.12798	0.01020	0.01489	0.10426	0.01042	0.01628	0.01109	0.01287	0.00761	0.00882	0.00667	0.00462	0.00370	0.00121	0.00627	0.00299	0.00227	0.00675
11	0.01383	0.79795	0.04860	0.00908	0.01362	0.02037	0.00920	0.01562	0.01059	0.01237	0.00730	0.00843	0.00668	0.00447	0.00339	0.00113	0.00563	0.00281	0.00223	0.00671
12	0.01980	0.01459	0.01563	0.01198	0.01615	0.01615	0.00990	0.76713	0.02448	0.03282	0.01250	0.01250	0.00886	0.00625	0.00521	0.00156	0.00573	0.00469	0.00521	0.00886
13	0.01734	0.13135	0.13899	0.01279	0.01675	0.43742	0.01133	0.14351	0.01521	0.01661	0.00888	0.01002	0.00704	0.00532	0.00464	0.00140	0.00800	0.00358	0.00297	0.00686
14	0.01411	0.79308	0.02686	0.00906	0.01346	0.04697	0.00895	0.01577	0.01072	0.01227	0.00727	0.00839	0.00668	0.00449	0.00339	0.00112	0.00570	0.00280	0.00224	0.00666
15	0.01070	0.08503	0.73414	0.01441	0.02187	0.01272	0.01848	0.01643	0.01096	0.01618	0.00919	0.01080	0.00660	0.00491	0.00483	0.00161	0.00754	0.00377	0.00220	0.00762
16	0.44530	0.01002	0.05283	0.14185	0.01541	0.01028	0.03583	0.01428	0.01032	0.05053	0.09187	0.07678	0.01315	0.00647	0.00442	0.00168	0.00467	0.00504	0.00351	0.00577
17	0.00804	0.00588	0.00791	0.00892	0.01021	0.00575	0.00770	0.01027	0.01197	0.01535	0.03149	0.05740	0.14697	0.01420	0.00703	0.00230	0.00446	0.63462	0.00480	0.00473
18	0.01142	0.24992	0.57559	0.01318	0.01996	0.01449	0.01634	0.01624	0.01088	0.01530	0.00875	0.01025	0.00662	0.00481	0.00450	0.00150	0.00710	0.00355	0.00221	0.00741
19	0.01405	0.01178	0.01227	0.01193	0.08429	0.09964	0.00853	0.22496	0.13509	0.05479	0.06032	0.09120	0.12570	0.00851	0.00554	0.00168	0.00500	0.03303	0.00467	0.00700
20	0.00617	0.00523	0.00532	0.00539	0.00706	0.00439	0.00401	0.00746	0.01176	0.01402	0.05135	0.09463	0.73877	0.01337	0.00618	0.00178	0.00266	0.01121	0.00484	0.00439
21	0.13449	0.00902	0.01149	0.00894	0.01286	0.00819	0.00738	0.02403	0.01410	0.68577	0.01877	0.01649	0.01192	0.00623	0.00497	0.00161	0.00438	0.00491	0.00601	0.00843
22	0.01284	0.01251	0.02189	0.03117	0.72480	0.01244	0.07508	0.01604	0.01189	0.01699	0.00985	0.01298	0.00822	0.00462	0.00523	0.00156	0.00639	0.00476	0.00258	0.00815
23	0.02592	0.27726	0.45151	0.01360	0.01993	0.01491	0.09733	0.01621	0.01097	0.01528	0.00877	0.01045	0.00675	0.00473	0.00454	0.00149	0.00708	0.00374	0.00227	0.00727
24	0.00775	0.00553	0.00691	0.00678	0.00701	0.00601	0.00443	0.00827	0.00779	0.01072	0.01528	0.02948	0.01681	0.58098	0.21558	0.00571	0.05136	0.00692	0.00302	0.00366
25	0.85377	0.01007	0.00765	0.00685	0.01007	0.01168	0.00564	0.01531	0.00886	0.02336	0.00725	0.00846	0.00564	0.00483	0.00322	0.00161	0.00403	0.00282	0.00322	0.00564
26	0.00716	0.00531	0.00667	0.00633	0.00765	0.00482	0.00475	0.00942	0.01424	0.01970	0.65502	0.04085	0.17661	0.01109	0.00614	0.00166	0.00249	0.00969	0.00558	0.00482
27	0.01297	0.01290	0.02226	0.03017	0.66422	0.03179	0.11615	0.01619	0.01199	0.01686	0.00985	0.01296	0.00816	0.00462	0.00528	0.00157	0.00661	0.00481	0.00259	0.00803
28	0.00983	0.00926	0.01562	0.80447	0.03587	0.01157	0.01446	0.01331	0.01041	0.01331	0.00926	0.01388	0.00694	0.00521	0.00521	0.00174	0.00694	0.00463	0.00231	0.00579
29	0.00746	0.00548	0.00788	0.00788	0.00864	0.00624	0.00590	0.00898	0.00822	0.01172	0.01440	0.02295	0.01410	0.18149	0.65539	0.00776	0.01232	0.00594	0.00286	0.00438
30	0.46877	0.01619	0.01098	0.02699	0.01328	0.32992	0.00777	0.04305	0.01182	0.01916	0.00780	0.00909	0.00621	0.00511	0.00393	0.00150	0.00632	0.00314	0.00305	0.00591
31	0.00989	0.00532	0.00748	0.00719	0.00752	0.00544	0.00495	0.06673	0.00818	0.01092	0.00932	0.01557	0.00903	0.01716	0.01916	0.78172	0.00462	0.00454	0.00249	0.00278
32	0.00634	0.00453	0.00604	0.00725	0.00755	0.00423	0.00483	0.00725	0.00997	0.01329	0.02870	0.81358	0.03444	0.01632	0.00665	0.00211	0.00302	0.01480	0.00483	0.00423
33	0.00727	0.00525	0.00687	0.00662	0.00776	0.00485	0.00491	0.00957	0.01427	0.02014	0.70779	0.11499	0.04769	0.01120	0.00619	0.00168	0.00251	0.00995	0.00564	0.00485
34	0.00871	0.00671	0.00944	0.00898	0.01008	0.00794	0.00706	0.06924	0.00959	0.01371	0.01336	0.01949	0.01237	0.05339	0.65683	0.00730	0.07233	0.00548	0.00295	0.00502
35	0.00829	0.00602	0.00839	0.00974	0.02577	0.00601	0.00806	0.01072	0.02536	0.01542	0.02726	0.15814	0.02989	0.01432	0.00705	0.00233	0.00457	0.62305	0.00477	0.00485
36	0.01392	0.82012	0.02729	0.00891	0.01337	0.02061	0.00891	0.01559	0.01058	0.01225	0.00724	0.00835	0.00668	0.00446	0.00334	0.00111	0.00557	0.00278	0.00223	0.00668
37	0.01238	0.01185	0.02021	0.16160	0.65887	0.01224	0.01573	0.01553	0.01162	0.01639	0.00971	0.01306	0.00803	0.00474	0.00516	0.00158	0.00631	0.00464	0.00253	0.00784
38	0.01282	0.01231	0.02102	0.04869	0.76829	0.01236	0.01595	0.01592	0.01183	0.01693	0.00978	0.01291	0.00822	0.00465	0.00516	0.00155	0.00620	0.00464	0.00257	0.00820
39	0.02105	0.00885	0.01148	0.00915	0.01271	0.02700	0.00741	0.02333	0.03575	0.65807	0.04896	0.08109	0.01586	0.00737	0.00537	0.00165	0.00436	0.00612	0.00617	0.00826
40	0.01272	0.01220	0.02084	0.07410	0.74366	0.01233	0.01590	0.01584	0.01178	0.01681	0.00977	0.01294	0.00818	0.00467	0.00516	0.00156	0.00623	0.00464	0.00256	0.00811
41	0.01052	0.02651	0.76770	0.01534	0.04464	0.01210	0.01915	0.01648	0.01102	0.01651	0.00936	0.01105	0.00664	0.00494	0.00495	0.00165	0.00765	0.00387	0.00221	0.00771
42	0.01045	0.02694	0.79000	0.01484	0.02254	0.01209	0.01924	0.01649	0.01099	0.01649	0.00935	0.01099	0.00660	0.00495	0.00495	0.00165	0.00770	0.00385	0.00220	0.00770
43	0.01097	0.02582	0.73437	0.01490	0.02238	0.01197	0.04617	0.01682	0.01118	0.04409	0.00979	0.01135	0.00687	0.00498	0.00500	0.00165	0.00762	0.00398	0.00237	0.00771
44	0.07860	0.01160	0.01902	0.17777	0.58022	0.01217	0.01488	0.01542	0.01135	0.01680	0.00949	0.01273	0.00779	0.00476	0.00501	0.00159	0.00616	0.00449	0.00258	0.00757
45	0.00983	0.00926	0.01562	0.80447	0.03587	0.01157	0.01446	0.01331	0.01041	0.01331	0.00926	0.01388	0.00694	0.00521	0.00521	0.00174	0.00694	0.00463	0.00231	0.00579
46	0.01226	0.01395	0.03018	0.02164	0.02672	0.01327	0.73778	0.01653	0.01213	0.01653	0.01040	0.01395	0.00786	0.00456	0.00655	0.00178	0.03823	0.00609	0.00262	0.00697
47	0.01256	0.01204	0.02054	0.11534	0.70369	0.01229	0.01582	0.01569	0.01170	0.01661	0.00974	0.01300	0.00811	0.00470	0.00516	0.00157	0.00627	0.00464	0.00255	0.00798
48	0.01045	0.02694	0.79000	0.01484	0.02254	0.01209	0.01924	0.01649	0.01099	0.01649	0.00935	0.01099	0.00660	0.00495	0.00495	0.00165	0.00770	0.00385	0.00220	0.00770
49	0.00799	0.00541	0.00669	0.00661	0.00799	0.00484	0.00490	0.00976	0.01285	0.07288	0.34175	0.20840	0.24977	0.01237	0.00621	0.00179	0.00282	0.02675	0.00532	0.00490
50	0.00734	0.00548	0.00598	0.00575	0.00752	0.00468	0.00435	0.00892	0.01260	0.05797	0.19420	0.04613	0.59603	0.01232	0.00610	0.00173	0.00270	0.01037	0.00510	0.00474
51	0.01260	0.01208	0.02062	0.10464	0.71407	0.01230	0.01584	0.01573	0.01172	0.01666	0.00974	0.01298	0.00813	0.00469	0.00516	0.00156	0.00626	0.00464	0.00255	0.00802
52	0.85377	0.01007	0.00765	0.00685	0.01007	0.01168	0.00564	0.01531	0.00886	0.02336	0.00725	0.00846	0.00564	0.00483	0.00322	0.00161	0.00403	0.00282	0.00322	0.00564
53	0.01392	0.82012	0.02729	0.00891	0.01337	0.02061	0.00891	0.01559	0.01058	0.01225	0.00724	0.00835	0.00668	0.00446	0.00334	0.00111	0.00557	0.00278	0.00223	0.00668
54	0.01077	0.00926	0.01092	0.02749	0.01293	0.00706	0.00638	0.01312	0.01079	0.01688	0.00926	0.01088	0.00769	0.00389	0.00389	0.00080	0.00393	0.00312	0.00307	0.82789
55	0.02134	0.01097	0.01325	0.01028	0.01427	0.01093	0.00846	0.27499	0.07806	0.47372	0.01789	0.01610	0.01177	0.00643	0.00523	0.00161	0.00484	0.00510	0.00594	0.00881
56	0.00661	0.00541	0.00592	0.00614	0.00777	0.00472	0.00483	0.00817	0.01196	0.01452	0.06544	0.05151	0.61996	0.01336	0.00635	0.00188	0.00305	0.15306	0.00485	0.00449
