[name]
unknown

[dist]
# distance from previous block
# <min> <max>
6	12

[block]
# block no. 0 follows, 32 sequences, length 25
# corresponding to MSA columns:
# 12-36
name=unknown_A
#
# <colnr> <probs for GDERKNQSTAVLIFYWHMCP>
#	G	D	E	R	K	N	Q	S	T	A	V	L	I	F	Y	W	H	M	C	P
0	0.01765	0.01420	0.01520	0.01353	0.01743	0.01620	0.01057	0.03544	0.66087	0.07798	0.02725	0.02488	0.02021	0.00905	0.00682	0.00226	0.00534	0.00753	0.00693	0.01068
1	0.01081	0.00772	0.01081	0.01236	0.01390	0.00772	0.01081	0.01390	0.01545	0.02008	0.03553	0.07569	0.03862	0.01854	0.00927	0.00309	0.00618	0.67717	0.00618	0.00618
2	0.01669	0.01441	0.01517	0.01365	0.01745	0.01669	0.01062	0.03565	0.71021	0.02807	0.02731	0.02503	0.02048	0.00910	0.00683	0.00228	0.00531	0.00759	0.00683	0.01062
3	0.00818	0.00584	0.00779	0.00934	0.00973	0.00545	0.00623	0.00934	0.01285	0.01713	0.03698	0.75981	0.04438	0.02102	0.00856	0.00273	0.00389	0.01908	0.00623	0.00545
4	0.01661	0.01594	0.02724	0.04119	0.72233	0.01594	0.02059	0.02059	0.01528	0.02192	0.01262	0.01661	0.01063	0.00598	0.00664	0.00199	0.00797	0.00598	0.00332	0.01063
5	0.01794	0.76823	0.03516	0.01148	0.01722	0.02655	0.01148	0.02009	0.01363	0.01579	0.00933	0.01076	0.00861	0.00574	0.00431	0.00144	0.00718	0.00359	0.00287	0.00861
6	0.00976	0.00651	0.00732	0.00732	0.00732	0.00651	0.00407	0.00976	0.00976	0.01301	0.02114	0.04391	0.02439	0.76419	0.03415	0.00651	0.00651	0.00976	0.00407	0.00407
7	0.01468	0.01468	0.02055	0.01762	0.01762	0.02055	0.01468	0.01615	0.01028	0.01615	0.00881	0.01468	0.00881	0.01174	0.02202	0.00294	0.75191	0.00587	0.00294	0.00734
8	0.81159	0.01298	0.00986	0.00882	0.01298	0.01505	0.00727	0.01972	0.01142	0.03010	0.00934	0.01090	0.00727	0.00623	0.00415	0.00208	0.00519	0.00363	0.00415	0.00727
9	0.81159	0.01298	0.00986	0.00882	0.01298	0.01505	0.00727	0.01972	0.01142	0.03010	0.00934	0.01090	0.00727	0.00623	0.00415	0.00208	0.00519	0.00363	0.00415	0.00727
10	0.02551	0.01879	0.02014	0.01544	0.02081	0.02081	0.01275	0.69996	0.03155	0.04229	0.01611	0.01611	0.01141	0.00805	0.00671	0.00201	0.00738	0.00604	0.00671	0.01141
11	0.00793	0.00680	0.00680	0.00680	0.00906	0.00566	0.00510	0.00963	0.01529	0.01813	0.06797	0.06457	0.71961	0.01699	0.00793	0.00227	0.00340	0.01416	0.00623	0.00566
12	0.01391	0.01193	0.01391	0.00994	0.01590	0.00894	0.00795	0.01690	0.01391	0.02186	0.01193	0.01391	0.00994	0.00497	0.00497	0.00099	0.00497	0.00398	0.00398	0.80521
13	0.02472	0.01771	0.01918	0.01496	0.02012	0.01950	0.01228	0.56772	0.11692	0.08954	0.01828	0.01773	0.01294	0.00821	0.00673	0.00205	0.00700	0.00629	0.00684	0.01131
14	0.01731	0.64560	0.11589	0.01321	0.01949	0.02480	0.04741	0.02030	0.01381	0.01671	0.00986	0.01153	0.00868	0.00581	0.00473	0.00156	0.00770	0.00396	0.00289	0.00878
15	0.00816	0.00591	0.00771	0.00916	0.00968	0.00547	0.00615	0.00936	0.01302	0.01720	0.03920	0.70999	0.09276	0.02073	0.00852	0.00269	0.00386	0.01872	0.00623	0.00547
16	0.01443	0.01209	0.01403	0.01030	0.01592	0.00961	0.00820	0.06543	0.01512	0.02307	0.01358	0.05441	0.01191	0.00606	0.00529	0.00116	0.00508	0.00494	0.00429	0.70508
17	0.00818	0.00584	0.00779	0.00934	0.00973	0.00545	0.00623	0.00934	0.01285	0.01713	0.03698	0.75981	0.04438	0.02102	0.00856	0.00273	0.00389	0.01908	0.00623	0.00545
18	0.01391	0.01193	0.01391	0.00994	0.01590	0.00894	0.00795	0.01690	0.01391	0.02186	0.01193	0.01391	0.00994	0.00497	0.00497	0.00099	0.00497	0.00398	0.00398	0.80521
19	0.02551	0.01879	0.02014	0.01544	0.02081	0.02081	0.01275	0.69996	0.03155	0.04229	0.01611	0.01611	0.01141	0.00805	0.00671	0.00201	0.00738	0.00604	0.00671	0.01141
20	0.03010	0.01142	0.01557	0.01194	0.01713	0.00986	0.00986	0.03270	0.01920	0.72698	0.02647	0.02284	0.01661	0.00830	0.00675	0.00208	0.00571	0.00675	0.00830	0.01142
21	0.01391	0.01193	0.01391	0.00994	0.01590	0.00894	0.00795	0.01690	0.01391	0.02186	0.01193	0.01391	0.00994	0.00497	0.00497	0.00099	0.00497	0.00398	0.00398	0.80521
22	0.81159	0.01298	0.00986	0.00882	0.01298	0.01505	0.00727	0.01972	0.01142	0.03010	0.00934	0.01090	0.00727	0.00623	0.00415	0.00208	0.00519	0.00363	0.00415	0.00727
23	0.01016	0.00741	0.00936	0.00874	0.01050	0.00699	0.00658	0.04679	0.01918	0.02682	0.62190	0.07678	0.09547	0.01389	0.00788	0.00214	0.00342	0.01221	0.00725	0.00652
24	0.01413	0.01124	0.01247	0.01155	0.01459	0.01191	0.00930	0.13122	0.22587	0.02598	0.07885	0.04638	0.20954	0.01331	0.00769	0.00240	0.00521	0.15357	0.00654	0.00823

[dist]
# distance from previous block
# <min> <max>
7	14

[block]
# block no. 1 follows, 32 sequences, length 10
# corresponding to MSA columns:
# 55-61,65-67
name=unknown_B
#
# <colnr> <probs for GDERKNQSTAVLIFYWHMCP>
#	G	D	E	R	K	N	Q	S	T	A	V	L	I	F	Y	W	H	M	C	P
0	0.08409	0.01555	0.01498	0.01265	0.01651	0.12412	0.01000	0.17185	0.09862	0.17186	0.14277	0.05059	0.03840	0.00954	0.00673	0.00206	0.00641	0.00760	0.00644	0.00921
1	0.02529	0.01329	0.01622	0.01243	0.01771	0.01248	0.01018	0.17275	0.06609	0.40629	0.02166	0.01992	0.01454	0.00770	0.00642	0.00188	0.00591	0.00615	0.00708	0.15602
2	0.01407	0.00886	0.01213	0.10305	0.01561	0.00958	0.00867	0.13066	0.01347	0.01791	0.01343	0.04753	0.01252	0.01847	0.01968	0.53278	0.00642	0.00639	0.00371	0.00507
3	0.48339	0.01274	0.01311	0.01097	0.01523	0.01371	0.07033	0.02013	0.08962	0.02690	0.01931	0.02013	0.09893	0.00774	0.00533	0.00205	0.00552	0.00581	0.00463	0.07441
4	0.04728	0.02155	0.01709	0.01458	0.01884	0.32901	0.01134	0.08481	0.12608	0.17543	0.01705	0.01687	0.01249	0.00747	0.00623	0.00186	0.00850	0.00545	0.00536	0.07269
5	0.01912	0.01342	0.01668	0.01295	0.01783	0.01295	0.05223	0.16771	0.12256	0.14803	0.10671	0.02237	0.01969	0.00795	0.00647	0.00181	0.00583	0.00670	0.00611	0.23288
6	0.01621	0.01147	0.01228	0.01124	0.01442	0.08835	0.00914	0.01882	0.01677	0.16769	0.10344	0.04550	0.13613	0.01267	0.00750	0.00223	0.00584	0.20611	0.00618	0.10802
7	0.36345	0.01488	0.01326	0.09201	0.01832	0.12034	0.00961	0.02120	0.01437	0.11997	0.01701	0.01802	0.06580	0.00741	0.00545	0.00196	0.00654	0.00529	0.00464	0.08048
8	0.13408	0.01304	0.01705	0.31100	0.02878	0.01473	0.01346	0.09850	0.10412	0.17418	0.01705	0.01863	0.01206	0.00743	0.00636	0.00216	0.00708	0.00601	0.00518	0.00911
9	0.02221	0.09585	0.01798	0.05979	0.01904	0.01285	0.01032	0.09254	0.01784	0.31780	0.01814	0.01778	0.01266	0.00687	0.00593	0.00168	0.00603	0.00543	0.00587	0.25338

[dist]
# distance from previous block
# <min> <max>
2	11

[block]
# block no. 2 follows, 32 sequences, length 6
# corresponding to MSA columns:
# 80-85
name=unknown_C
#
# <colnr> <probs for GDERKNQSTAVLIFYWHMCP>
#	G	D	E	R	K	N	Q	S	T	A	V	L	I	F	Y	W	H	M	C	P
0	0.01249	0.01050	0.01725	0.57201	0.03724	0.01278	0.01551	0.01562	0.01267	0.01676	0.01257	0.01881	0.00997	0.00959	0.00986	0.13759	0.00802	0.00596	0.05821	0.00660
1	0.01911	0.01193	0.01415	0.01179	0.01555	0.01185	0.00929	0.20339	0.07029	0.18531	0.13373	0.15863	0.02728	0.01114	0.00709	0.00209	0.00533	0.00944	0.00683	0.08580
2	0.01304	0.01193	0.01830	0.53104	0.03730	0.01315	0.01549	0.01707	0.01356	0.01853	0.01193	0.01672	0.00924	0.00620	0.00620	0.00187	0.00778	0.00538	0.00327	0.24201
3	0.01542	0.01106	0.01336	0.00997	0.01514	0.00866	0.00795	0.01837	0.01544	0.11849	0.12567	0.02085	0.01928	0.00681	0.00568	0.00132	0.00478	0.00564	0.00510	0.57102
4	0.21687	0.01580	0.01620	0.01369	0.01706	0.08143	0.01113	0.11213	0.11064	0.13704	0.01534	0.01640	0.01157	0.00856	0.00970	0.00227	0.18447	0.00557	0.00515	0.00898
5	0.02377	0.01793	0.01916	0.01509	0.02015	0.02000	0.01233	0.56887	0.16547	0.03948	0.01832	0.01787	0.01320	0.00826	0.00674	0.00207	0.00697	0.00635	0.00674	0.01125

[dist]
# distance from previous block
# <min> <max>
1	18

[block]
# block no. 3 follows, 32 sequences, length 6
# corresponding to MSA columns:
# 104-109
name=unknown_D
#
# <colnr> <probs for GDERKNQSTAVLIFYWHMCP>
#	G	D	E	R	K	N	Q	S	T	A	V	L	I	F	Y	W	H	M	C	P
0	0.07301	0.01315	0.01542	0.01258	0.01704	0.01340	0.01013	0.18120	0.13969	0.33910	0.02424	0.09314	0.01824	0.00950	0.00677	0.00216	0.00581	0.00775	0.00723	0.01044
1	0.02029	0.01273	0.01477	0.01230	0.01662	0.01285	0.00994	0.13199	0.21792	0.22702	0.02850	0.02971	0.08802	0.00981	0.00690	0.00211	0.00559	0.05811	0.00684	0.08797
2	0.01780	0.01369	0.01899	0.51231	0.03722	0.08130	0.01611	0.02158	0.01526	0.17853	0.01509	0.01847	0.01066	0.00709	0.00666	0.00215	0.00850	0.00599	0.00424	0.00839
3	0.06797	0.01800	0.01668	0.01406	0.01754	0.21876	0.01119	0.07563	0.01799	0.22595	0.08459	0.01965	0.01650	0.00875	0.00894	0.00208	0.12873	0.00612	0.00546	0.03542
4	0.01392	0.00755	0.00989	0.00950	0.01099	0.00729	0.00669	0.01523	0.01293	0.17696	0.02622	0.23472	0.02691	0.26886	0.13646	0.00515	0.00749	0.01123	0.00555	0.00644
5	0.02071	0.59609	0.03071	0.01159	0.01720	0.02275	0.01111	0.02296	0.01490	0.17755	0.01323	0.01351	0.01043	0.00632	0.00486	0.00158	0.00684	0.00431	0.00411	0.00925

[dist]
# distance from previous block
# <min> <max>
0	1

[block]
# block no. 4 follows, 32 sequences, length 10
# corresponding to MSA columns:
# 111-120
name=unknown_E
#
# <colnr> <probs for GDERKNQSTAVLIFYWHMCP>
#	G	D	E	R	K	N	Q	S	T	A	V	L	I	F	Y	W	H	M	C	P
0	0.07381	0.30266	0.17643	0.14152	0.02469	0.06027	0.01519	0.02154	0.01446	0.09467	0.01226	0.01412	0.00941	0.00642	0.00552	0.00185	0.00805	0.00468	0.00359	0.00885
1	0.07158	0.01410	0.02183	0.03015	0.47295	0.01370	0.01616	0.01910	0.01498	0.02266	0.05144	0.02071	0.01461	0.00691	0.00638	0.00189	0.00690	0.04186	0.00387	0.14823
2	0.08969	0.01485	0.01591	0.01276	0.01767	0.01554	0.01027	0.23077	0.23608	0.06484	0.01846	0.01821	0.01375	0.00746	0.00609	0.00185	0.00586	0.00583	0.00592	0.20820
3	0.01835	0.01231	0.01454	0.01134	0.01608	0.01116	0.00904	0.17081	0.01900	0.14896	0.06818	0.10429	0.01916	0.00870	0.00629	0.00169	0.00539	0.00723	0.00584	0.34163
4	0.00959	0.00644	0.00737	0.00753	0.00757	0.00640	0.00429	0.00971	0.01008	0.01344	0.02278	0.11797	0.02646	0.68731	0.03150	0.00611	0.00623	0.01072	0.00429	0.00421
5	0.00832	0.00590	0.00774	0.00916	0.00952	0.00554	0.00604	0.00938	0.01257	0.01676	0.03558	0.69644	0.04261	0.08681	0.01083	0.00306	0.00412	0.01825	0.00604	0.00533
6	0.02114	0.01553	0.01713	0.01343	0.01856	0.01612	0.01088	0.32736	0.18470	0.09366	0.01864	0.01826	0.01363	0.00760	0.00633	0.00184	0.00619	0.00598	0.00624	0.19676
7	0.01776	0.07119	0.02158	0.01678	0.01906	0.14231	0.04258	0.08742	0.01466	0.01947	0.01029	0.01419	0.00917	0.00935	0.01460	0.00235	0.40952	0.00541	0.00350	0.06882
8	0.01891	0.01653	0.01607	0.01285	0.01784	0.11863	0.01017	0.13940	0.17002	0.06050	0.01649	0.01689	0.01263	0.00684	0.00592	0.00161	0.00653	0.00530	0.00520	0.34167
9	0.05189	0.01323	0.01546	0.01231	0.01683	0.01322	0.01005	0.25169	0.04421	0.23359	0.13098	0.02584	0.02228	0.00912	0.00675	0.00200	0.00578	0.03556	0.00688	0.09232

[dist]
# distance from previous block
# <min> <max>
0	1

[block]
# block no. 5 follows, 32 sequences, length 16
# corresponding to MSA columns:
# 122-137
name=unknown_F
#
# <colnr> <probs for GDERKNQSTAVLIFYWHMCP>
#	G	D	E	R	K	N	Q	S	T	A	V	L	I	F	Y	W	H	M	C	P
0	0.01600	0.01659	0.01830	0.12258	0.02205	0.15657	0.03744	0.01847	0.01367	0.01801	0.01128	0.01606	0.00997	0.04677	0.01187	0.00220	0.21812	0.00531	0.00342	0.23531
1	0.00793	0.00680	0.00680	0.00680	0.00906	0.00566	0.00510	0.00963	0.01529	0.01813	0.06797	0.06457	0.71961	0.01699	0.00793	0.00227	0.00340	0.01416	0.00623	0.00566
2	0.81159	0.01298	0.00986	0.00882	0.01298	0.01505	0.00727	0.01972	0.01142	0.03010	0.00934	0.01090	0.00727	0.00623	0.00415	0.00208	0.00519	0.00363	0.00415	0.00727
3	0.01267	0.01193	0.02013	0.74806	0.04621	0.01491	0.01863	0.01714	0.01342	0.01714	0.01193	0.01789	0.00894	0.00671	0.00671	0.00224	0.00894	0.00596	0.00298	0.00745
4	0.02188	0.02667	0.01949	0.01739	0.01978	0.51719	0.01349	0.02352	0.01633	0.01634	0.00989	0.01289	0.00869	0.00840	0.01095	0.00210	0.23926	0.00480	0.00330	0.00764
5	0.00976	0.00651	0.00732	0.00732	0.00732	0.00651	0.00407	0.00976	0.00976	0.01301	0.02114	0.04391	0.02439	0.76419	0.03415	0.00651	0.00651	0.00976	0.00407	0.00407
6	0.01902	0.65879	0.03286	0.01221	0.01775	0.08209	0.01169	0.06733	0.01529	0.01766	0.00988	0.01124	0.00881	0.00599	0.00461	0.00150	0.00758	0.00381	0.00318	0.00874
7	0.01346	0.03471	0.72942	0.01912	0.02904	0.01558	0.02479	0.02125	0.01417	0.02125	0.01204	0.01417	0.00850	0.00637	0.00637	0.00212	0.00992	0.00496	0.00283	0.00992
8	0.01794	0.76823	0.03516	0.01148	0.01722	0.02655	0.01148	0.02009	0.01363	0.01579	0.00933	0.01076	0.00861	0.00574	0.00431	0.00144	0.00718	0.00359	0.00287	0.00861
9	0.01346	0.03471	0.72942	0.01912	0.02904	0.01558	0.02479	0.02125	0.01417	0.02125	0.01204	0.01417	0.00850	0.00637	0.00637	0.00212	0.00992	0.00496	0.00283	0.00992
10	0.01267	0.01193	0.02013	0.74806	0.04621	0.01491	0.01863	0.01714	0.01342	0.01714	0.01193	0.01789	0.00894	0.00671	0.00671	0.00224	0.00894	0.00596	0.00298	0.00745
11	0.01662	0.01571	0.02538	0.03695	0.61377	0.01606	0.01906	0.02291	0.12231	0.02287	0.01488	0.01790	0.01215	0.00646	0.00667	0.00204	0.00756	0.00623	0.00386	0.01063
12	0.01391	0.01193	0.01391	0.00994	0.01590	0.00894	0.00795	0.01690	0.01391	0.02186	0.01193	0.01391	0.00994	0.00497	0.00497	0.00099	0.00497	0.00398	0.00398	0.80521
13	0.00856	0.00600	0.00767	0.00885	0.00915	0.00571	0.00570	0.00944	0.01210	0.01613	0.03313	0.58573	0.03952	0.20173	0.01479	0.00364	0.00453	0.01681	0.00570	0.00511
14	0.05249	0.64639	0.11775	0.01229	0.01846	0.02472	0.01290	0.02022	0.01360	0.01708	0.00966	0.01118	0.00854	0.00584	0.00455	0.00155	0.00742	0.00376	0.00292	0.00871
15	0.55784	0.04628	0.01238	0.00966	0.01411	0.01451	0.00802	0.05622	0.01380	0.11842	0.01247	0.01336	0.00924	0.00654	0.00469	0.00196	0.00537	0.00426	0.03193	0.05891

[dist]
# distance from previous block
# <min> <max>
1	3

[block]
# block no. 6 follows, 32 sequences, length 14
# corresponding to MSA columns:
# 141-154
name=unknown_G
#
# <colnr> <probs for GDERKNQSTAVLIFYWHMCP>
#	G	D	E	R	K	N	Q	S	T	A	V	L	I	F	Y	W	H	M	C	P
0	0.11934	0.01124	0.01371	0.01100	0.01555	0.01033	0.00888	0.02641	0.06344	0.40890	0.07349	0.06279	0.01975	0.00874	0.00638	0.00198	0.00523	0.00712	0.00693	0.11878
1	0.01530	0.01275	0.01466	0.01060	0.01649	0.01036	0.00852	0.09853	0.01602	0.02431	0.01243	0.01418	0.01011	0.00534	0.00518	0.00112	0.00526	0.00422	0.00430	0.71034
2	0.01267	0.01193	0.02013	0.74806	0.04621	0.01491	0.01863	0.01714	0.01342	0.01714	0.01193	0.01789	0.00894	0.00671	0.00671	0.00224	0.00894	0.00596	0.00298	0.00745
3	0.01298	0.01224	0.02068	0.69300	0.09888	0.01499	0.01879	0.01741	0.01356	0.01752	0.01198	0.01779	0.00908	0.00665	0.00670	0.00222	0.00887	0.00596	0.00301	0.00770
4	0.01501	0.01216	0.01356	0.01201	0.01567	0.01273	0.00930	0.02679	0.40697	0.04993	0.06800	0.11354	0.02428	0.01024	0.00681	0.00209	0.00498	0.02675	0.00627	0.16291
5	0.01562	0.00942	0.01154	0.00983	0.01304	0.00863	0.00778	0.08281	0.01904	0.17765	0.30231	0.04152	0.16163	0.01205	0.00736	0.00207	0.00442	0.03355	0.00699	0.07275
6	0.10010	0.01537	0.01649	0.01296	0.01782	0.04086	0.01057	0.32885	0.03950	0.18418	0.07447	0.01967	0.01632	0.00808	0.00638	0.00194	0.00635	0.00623	0.00648	0.08737
7	0.01800	0.47120	0.02743	0.01171	0.01701	0.02148	0.01079	0.14016	0.01737	0.02230	0.07894	0.01587	0.01452	0.00683	0.00516	0.00155	0.00656	0.00489	0.00412	0.10409
8	0.11144	0.17614	0.30512	0.01400	0.02121	0.01603	0.01553	0.02115	0.01417	0.08904	0.01253	0.01387	0.00941	0.00616	0.00547	0.00177	0.00750	0.00452	0.00373	0.15121
9	0.08275	0.07687	0.01778	0.01274	0.01761	0.05566	0.01048	0.28297	0.05519	0.09800	0.07768	0.01876	0.01598	0.00772	0.00610	0.00181	0.00642	0.00589	0.00578	0.14382
10	0.01310	0.01326	0.07957	0.01052	0.01348	0.06865	0.00875	0.11734	0.01716	0.02190	0.11709	0.06159	0.24220	0.17085	0.01298	0.00306	0.00598	0.01021	0.00543	0.00685
11	0.04320	0.01304	0.01861	0.40603	0.03260	0.01562	0.03089	0.12110	0.07219	0.02191	0.01441	0.02023	0.01171	0.08086	0.01051	0.00267	0.06597	0.00643	0.00401	0.00800
12	0.05276	0.01104	0.01237	0.01056	0.01394	0.04910	0.00814	0.02124	0.08323	0.20259	0.20235	0.08889	0.02996	0.05692	0.00848	0.00225	0.00513	0.00873	0.00640	0.12589
13	0.05312	0.01414	0.07056	0.14249	0.02198	0.05107	0.01179	0.05549	0.01589	0.17152	0.01898	0.13358	0.01637	0.00894	0.00644	0.00195	0.00657	0.00748	0.00511	0.18653

[dist]
# distance from previous block
# <min> <max>
4	74

[block]
# block no. 7 follows, 32 sequences, length 19
# corresponding to MSA columns:
# 308-326
name=unknown_H
#
# <colnr> <probs for GDERKNQSTAVLIFYWHMCP>
#	G	D	E	R	K	N	Q	S	T	A	V	L	I	F	Y	W	H	M	C	P
0	0.14545	0.01804	0.02135	0.03303	0.02226	0.13288	0.16688	0.17150	0.04524	0.07108	0.01541	0.03378	0.01221	0.00754	0.00652	0.00205	0.00830	0.02935	0.00487	0.05225
1	0.15739	0.01226	0.01354	0.01122	0.01521	0.01247	0.00905	0.18463	0.03690	0.12363	0.16205	0.05836	0.02483	0.00964	0.00650	0.00201	0.00534	0.03991	0.00623	0.10882
2	0.13252	0.01189	0.01355	0.01154	0.01471	0.04083	0.04727	0.09609	0.09877	0.06896	0.32167	0.03244	0.03494	0.03642	0.00786	0.00226	0.00528	0.00872	0.00632	0.00797
3	0.17464	0.01507	0.01642	0.08213	0.02019	0.01663	0.01125	0.33963	0.07050	0.07720	0.07342	0.01903	0.01554	0.00804	0.00627	0.00205	0.00644	0.00616	0.00595	0.03345
4	0.55133	0.01564	0.01289	0.01105	0.01537	0.07044	0.00897	0.15637	0.05558	0.03139	0.01178	0.01283	0.00894	0.00681	0.00496	0.00205	0.00615	0.00439	0.00476	0.00832
5	0.17660	0.01654	0.01664	0.01331	0.01820	0.04726	0.01083	0.35162	0.10656	0.09427	0.01648	0.01642	0.01192	0.00757	0.00607	0.00197	0.00658	0.00559	0.00603	0.06952
6	0.07422	0.01145	0.01552	0.04377	0.01674	0.01326	0.03042	0.05392	0.01351	0.07549	0.05429	0.02095	0.01519	0.02207	0.24000	0.00494	0.20095	0.00643	0.00423	0.08265
7	0.12105	0.01309	0.01431	0.01061	0.01625	0.01152	0.00858	0.11908	0.01621	0.02600	0.01221	0.01384	0.00980	0.00560	0.00512	0.00129	0.00536	0.00424	0.00441	0.58144
8	0.02444	0.03066	0.01873	0.01701	0.02050	0.68322	0.01279	0.02746	0.07084	0.01730	0.01164	0.01307	0.00953	0.00708	0.00611	0.00177	0.01159	0.00457	0.00371	0.00799
9	0.02517	0.01035	0.01383	0.01097	0.01539	0.00898	0.00892	0.02776	0.01881	0.56345	0.12594	0.03054	0.08942	0.00987	0.00702	0.00210	0.00514	0.00819	0.00798	0.01017
10	0.01171	0.00615	0.00934	0.04769	0.01072	0.00631	0.00650	0.00918	0.00899	0.01194	0.01167	0.02026	0.01151	0.02244	0.02520	0.76250	0.00599	0.00583	0.00292	0.00315
11	0.35325	0.01492	0.01456	0.01217	0.01663	0.06818	0.03322	0.07934	0.13485	0.18542	0.01700	0.01674	0.01214	0.00736	0.00566	0.00209	0.00622	0.00539	0.00566	0.00919
12	0.10604	0.01045	0.01274	0.01123	0.01484	0.00998	0.00909	0.04533	0.05581	0.27010	0.04604	0.13726	0.02435	0.01165	0.00705	0.00226	0.00537	0.13004	0.00659	0.08377
13	0.01302	0.01229	0.02076	0.68465	0.10687	0.01500	0.01881	0.01745	0.01358	0.01757	0.01199	0.01777	0.00910	0.00664	0.00670	0.00221	0.00886	0.00596	0.00301	0.00774
14	0.01622	0.01554	0.02653	0.11131	0.65526	0.01584	0.02040	0.02025	0.01509	0.02145	0.01255	0.01673	0.01046	0.00605	0.00665	0.00202	0.00807	0.00598	0.00329	0.01031
15	0.01383	0.09639	0.67104	0.01848	0.02805	0.01651	0.02367	0.02115	0.01412	0.02079	0.01181	0.01388	0.00851	0.00632	0.00620	0.00207	0.00969	0.00484	0.00284	0.00981
16	0.01350	0.00830	0.01109	0.01025	0.01253	0.00788	0.00824	0.01648	0.01773	0.13825	0.40700	0.04805	0.04620	0.01339	0.00845	0.00229	0.03456	0.14834	0.00696	0.04048
17	0.08094	0.01223	0.01474	0.04224	0.01723	0.01193	0.00971	0.16635	0.02010	0.27778	0.13348	0.05164	0.02235	0.00900	0.00660	0.00197	0.00559	0.00735	0.00670	0.10206
18	0.18547	0.01352	0.01409	0.01157	0.01565	0.02741	0.00931	0.23575	0.04339	0.08785	0.14722	0.02432	0.02187	0.03450	0.00723	0.00214	0.00573	0.02304	0.00601	0.08394

[dist]
# distance from previous block
# <min> <max>
4	21

[block]
# block no. 8 follows, 32 sequences, length 14
# corresponding to MSA columns:
# 349-362
name=unknown_I
#
# <colnr> <probs for GDERKNQSTAVLIFYWHMCP>
#	G	D	E	R	K	N	Q	S	T	A	V	L	I	F	Y	W	H	M	C	P
0	0.02703	0.01280	0.01606	0.01251	0.01760	0.01211	0.01024	0.12251	0.10355	0.51379	0.02441	0.02173	0.01602	0.00819	0.00666	0.00204	0.00585	0.00661	0.00769	0.05260
1	0.01519	0.01191	0.10101	0.01094	0.01455	0.00903	0.00975	0.01993	0.06742	0.18561	0.42384	0.03764	0.04279	0.01124	0.00738	0.00212	0.00474	0.00969	0.00699	0.00824
2	0.02309	0.01749	0.01974	0.01541	0.02038	0.01921	0.04313	0.56053	0.09175	0.03857	0.03756	0.04891	0.01501	0.00874	0.00689	0.00208	0.00711	0.00698	0.00657	0.01084
3	0.01756	0.01854	0.02380	0.19794	0.41327	0.17415	0.01847	0.02116	0.01567	0.01962	0.01197	0.01591	0.00981	0.00635	0.00653	0.00199	0.00910	0.00561	0.00327	0.00927
4	0.00841	0.00603	0.00762	0.00879	0.00929	0.00564	0.00578	0.00944	0.01258	0.01656	0.03729	0.58208	0.10292	0.13917	0.01259	0.00329	0.00426	0.01714	0.00588	0.00525
5	0.02442	0.01016	0.01375	0.01097	0.01517	0.00889	0.00889	0.02717	0.01915	0.53376	0.21756	0.03037	0.02950	0.00980	0.00707	0.00209	0.00501	0.00823	0.00805	0.01001
6	0.01529	0.01629	0.02670	0.05145	0.02477	0.05111	0.25104	0.01833	0.01280	0.01808	0.01144	0.03663	0.01027	0.00947	0.01540	0.00261	0.41032	0.00688	0.00321	0.00790
7	0.02683	0.01213	0.01549	0.01227	0.01710	0.01144	0.01000	0.06610	0.13676	0.54791	0.05207	0.02389	0.01876	0.00863	0.00680	0.00211	0.00563	0.00706	0.00794	0.01109
8	0.02509	0.01964	0.01983	0.01551	0.02066	0.07702	0.01268	0.61814	0.06002	0.03963	0.01614	0.01618	0.01159	0.00801	0.00667	0.00200	0.00766	0.00597	0.00646	0.01109
9	0.03010	0.01142	0.01557	0.01194	0.01713	0.00986	0.00986	0.03270	0.01920	0.72698	0.02647	0.02284	0.01661	0.00830	0.00675	0.00208	0.00571	0.00675	0.00830	0.01142
10	0.00886	0.00655	0.00845	0.00911	0.01024	0.00590	0.00633	0.01057	0.01418	0.01937	0.16360	0.53888	0.07409	0.01822	0.00813	0.00245	0.00382	0.01638	0.00627	0.06857
11	0.01479	0.25327	0.52256	0.01685	0.02552	0.01885	0.02083	0.02090	0.01401	0.01962	0.01123	0.01315	0.00853	0.00619	0.00576	0.00192	0.00910	0.00455	0.00284	0.00953
12	0.01640	0.01652	0.03056	0.03772	0.53757	0.01622	0.20270	0.02083	0.01543	0.02181	0.01288	0.01701	0.01051	0.00589	0.00699	0.00207	0.00887	0.00650	0.00334	0.01020
13	0.00947	0.00692	0.00893	0.00859	0.01023	0.00638	0.00655	0.01252	0.01846	0.02576	0.62091	0.05303	0.11145	0.01431	0.00801	0.00219	0.00340	0.05942	0.00721	0.00627

[dist]
# distance from previous block
# <min> <max>
51	125

[block]
# block no. 9 follows, 32 sequences, length 11
# corresponding to MSA columns:
# 702-712
name=unknown_J
#
# <colnr> <probs for GDERKNQSTAVLIFYWHMCP>
#	G	D	E	R	K	N	Q	S	T	A	V	L	I	F	Y	W	H	M	C	P
0	0.05894	0.04742	0.01610	0.03649	0.01733	0.06271	0.01034	0.25969	0.08007	0.08129	0.19028	0.02662	0.04503	0.01057	0.02539	0.00226	0.00646	0.00763	0.00628	0.00910
1	0.05287	0.23386	0.15776	0.01557	0.02133	0.15136	0.06699	0.02498	0.13355	0.05953	0.01437	0.01532	0.01112	0.00680	0.00585	0.00189	0.00843	0.00517	0.00404	0.00918
2	0.32209	0.01359	0.04213	0.16491	0.08469	0.01459	0.01229	0.04790	0.01371	0.04268	0.03557	0.05062	0.01223	0.00774	0.00692	0.00214	0.06417	0.00576	0.00411	0.05215
3	0.04401	0.01026	0.01189	0.01027	0.01309	0.01034	0.00792	0.11672	0.06778	0.05701	0.27271	0.07048	0.07539	0.06666	0.00951	0.00237	0.02896	0.00946	0.02595	0.08922
4	0.01478	0.07340	0.02872	0.19970	0.06158	0.01712	0.28341	0.01885	0.01393	0.01900	0.01250	0.03540	0.01040	0.00734	0.00959	0.00225	0.13714	0.00677	0.00327	0.04487
5	0.01481	0.01244	0.01627	0.13705	0.02185	0.01168	0.04152	0.12186	0.01650	0.02356	0.01605	0.11626	0.01468	0.00795	0.00616	0.00166	0.00616	0.00686	0.00451	0.40217
6	0.02146	0.01449	0.01546	0.01329	0.04067	0.10757	0.01020	0.05631	0.09203	0.27077	0.08365	0.02416	0.01940	0.00840	0.00653	0.00188	0.00632	0.03567	0.00624	0.16550
7	0.01569	0.01383	0.02060	0.16522	0.02505	0.01640	0.09752	0.16631	0.01638	0.02262	0.01361	0.01858	0.01129	0.01748	0.16809	0.00420	0.18850	0.00646	0.00397	0.00818
8	0.02095	0.05335	0.01855	0.01487	0.01878	0.17328	0.01203	0.22561	0.12565	0.05860	0.01721	0.02098	0.01404	0.00887	0.00814	0.00208	0.08423	0.05763	0.00532	0.05983
9	0.01746	0.37639	0.19286	0.01351	0.01960	0.05087	0.01410	0.07312	0.01630	0.05905	0.09359	0.01725	0.01557	0.00718	0.00560	0.00177	0.00751	0.00529	0.00400	0.00899
10	0.45622	0.03424	0.01042	0.00881	0.01207	0.01227	0.00703	0.04056	0.01434	0.02755	0.19467	0.02672	0.07726	0.04481	0.00691	0.00229	0.00474	0.00697	0.00518	0.00694

[dist]
# distance from previous block
# <min> <max>
0	1

[block]
# block no. 10 follows, 32 sequences, length 7
# corresponding to MSA columns:
# 714-720
name=unknown_K
#
# <colnr> <probs for GDERKNQSTAVLIFYWHMCP>
#	G	D	E	R	K	N	Q	S	T	A	V	L	I	F	Y	W	H	M	C	P
0	0.05782	0.00855	0.00988	0.00909	0.01099	0.00841	0.00654	0.07477	0.01536	0.02204	0.20806	0.12720	0.06579	0.21952	0.05217	0.00373	0.00561	0.01040	0.00553	0.07853
1	0.36181	0.06143	0.01353	0.05280	0.01579	0.01372	0.00878	0.08031	0.01584	0.13539	0.10405	0.02076	0.03788	0.00804	0.00554	0.00202	0.00541	0.00596	0.04276	0.00816
2	0.51171	0.01688	0.13028	0.04783	0.01974	0.01501	0.08353	0.02085	0.01291	0.07084	0.01142	0.01327	0.00844	0.00634	0.00519	0.00211	0.00681	0.00460	0.00406	0.00815
3	0.08861	0.01482	0.01673	0.01357	0.01764	0.01636	0.01105	0.33906	0.05772	0.10262	0.01742	0.05246	0.01380	0.01285	0.07887	0.00295	0.07517	0.00658	0.00583	0.05591
4	0.01352	0.09973	0.28267	0.15814	0.06442	0.01541	0.10741	0.01866	0.01390	0.01921	0.01462	0.08358	0.01272	0.01047	0.05456	0.00271	0.00951	0.00687	0.00332	0.00857
5	0.07445	0.00949	0.01148	0.01099	0.01303	0.00998	0.00845	0.07761	0.06180	0.08358	0.14616	0.29596	0.03513	0.01480	0.00859	0.00247	0.05153	0.07088	0.00632	0.00731
6	0.08265	0.01549	0.02984	0.02220	0.02727	0.01540	0.44493	0.01914	0.01432	0.02108	0.01466	0.07404	0.01273	0.00973	0.04617	0.00271	0.08354	0.00795	0.00367	0.05248

[dist]
# distance from previous block
# <min> <max>
1	20

[block]
# block no. 11 follows, 32 sequences, length 19
# corresponding to MSA columns:
# 742-760
name=unknown_L
#
# <colnr> <probs for GDERKNQSTAVLIFYWHMCP>
#	G	D	E	R	K	N	Q	S	T	A	V	L	I	F	Y	W	H	M	C	P
0	0.01642	0.01064	0.01289	0.01040	0.01442	0.00953	0.00822	0.08147	0.04995	0.15908	0.22912	0.05623	0.05656	0.00973	0.00667	0.00180	0.00471	0.00823	0.00636	0.24758
1	0.05048	0.01408	0.01526	0.01227	0.01650	0.01482	0.00990	0.36163	0.06761	0.03342	0.15218	0.02802	0.10108	0.00981	0.00681	0.00198	0.00571	0.00789	0.00643	0.08413
2	0.01346	0.03471	0.72942	0.01912	0.02904	0.01558	0.02479	0.02125	0.01417	0.02125	0.01204	0.01417	0.00850	0.00637	0.00637	0.00212	0.00992	0.00496	0.00283	0.00992
3	0.01267	0.01193	0.02013	0.74806	0.04621	0.01491	0.01863	0.01714	0.01342	0.01714	0.01193	0.01789	0.00894	0.00671	0.00671	0.00224	0.00894	0.00596	0.00298	0.00745
4	0.01391	0.01193	0.01391	0.00994	0.01590	0.00894	0.00795	0.01690	0.01391	0.02186	0.01193	0.01391	0.00994	0.00497	0.00497	0.00099	0.00497	0.00398	0.00398	0.80521
5	0.01638	0.01571	0.02683	0.08179	0.68349	0.01588	0.02048	0.02039	0.01517	0.02165	0.01258	0.01668	0.01053	0.00602	0.00665	0.00201	0.00803	0.00598	0.00330	0.01045
6	0.00823	0.00592	0.00780	0.00921	0.00972	0.00550	0.00619	0.00951	0.01322	0.01761	0.06944	0.70140	0.07033	0.02054	0.00851	0.00268	0.00384	0.01857	0.00628	0.00550
7	0.01803	0.01865	0.02585	0.03716	0.60405	0.13755	0.01931	0.02164	0.01591	0.02099	0.01224	0.01585	0.01029	0.00614	0.00654	0.00195	0.00867	0.00570	0.00334	0.01015
8	0.00818	0.00584	0.00779	0.00934	0.00973	0.00545	0.00623	0.00934	0.01285	0.01713	0.03698	0.75981	0.04438	0.02102	0.00856	0.00273	0.00389	0.01908	0.00623	0.00545
9	0.00836	0.00592	0.00773	0.00910	0.00945	0.00557	0.00597	0.00939	0.01248	0.01664	0.03511	0.67518	0.04202	0.10887	0.01159	0.00317	0.00420	0.01797	0.00597	0.00529
10	0.01391	0.01193	0.01391	0.00994	0.01590	0.00894	0.00795	0.01690	0.01391	0.02186	0.01193	0.01391	0.00994	0.00497	0.00497	0.00099	0.00497	0.00398	0.00398	0.80521
11	0.01267	0.01193	0.02013	0.74806	0.04621	0.01491	0.01863	0.01714	0.01342	0.01714	0.01193	0.01789	0.00894	0.00671	0.00671	0.00224	0.00894	0.00596	0.00298	0.00745
12	0.02069	0.01583	0.01770	0.04471	0.04543	0.01771	0.01206	0.28439	0.35793	0.07672	0.02189	0.02094	0.01600	0.00845	0.00677	0.00215	0.00636	0.00683	0.00660	0.01084
13	0.01621	0.01554	0.02652	0.11220	0.65441	0.01584	0.02040	0.02025	0.01509	0.02144	0.01255	0.01674	0.01046	0.00605	0.00665	0.00202	0.00807	0.00598	0.00329	0.01031
14	0.01398	0.01204	0.01429	0.04787	0.01752	0.00960	0.00862	0.01777	0.04578	0.02191	0.01263	0.01463	0.01037	0.00525	0.00514	0.00112	0.00519	0.00424	0.00406	0.72800
15	0.00962	0.00751	0.01067	0.01067	0.01204	0.00709	0.05654	0.04226	0.01471	0.01959	0.09963	0.54172	0.10551	0.01827	0.00831	0.00256	0.00448	0.01657	0.00615	0.00609
16	0.06329	0.13838	0.56145	0.01715	0.02596	0.01694	0.02130	0.02137	0.01409	0.04474	0.01197	0.01377	0.00871	0.00634	0.00595	0.00202	0.00909	0.00474	0.00310	0.00962
17	0.11503	0.01963	0.01753	0.01438	0.01878	0.19875	0.01152	0.25624	0.03963	0.12276	0.01483	0.01539	0.01091	0.00763	0.00707	0.00195	0.05324	0.00531	0.00539	0.06402
18	0.01500	0.01152	0.01400	0.01197	0.01522	0.01144	0.03632	0.23256	0.01976	0.02698	0.08788	0.29017	0.05528	0.01305	0.00733	0.00215	0.00539	0.01139	0.00604	0.12657

[dist]
# distance from previous block
# <min> <max>
2	5

[block]
# block no. 12 follows, 32 sequences, length 12
# corresponding to MSA columns:
# 766-777
name=unknown_M
#
# <colnr> <probs for GDERKNQSTAVLIFYWHMCP>
#	G	D	E	R	K	N	Q	S	T	A	V	L	I	F	Y	W	H	M	C	P
0	0.12714	0.03527	0.01236	0.01038	0.01337	0.01143	0.00818	0.10730	0.08752	0.07631	0.23410	0.09170	0.08519	0.01401	0.05393	0.00271	0.00556	0.00942	0.00627	0.00785
1	0.01327	0.01130	0.01104	0.01032	0.01285	0.09795	0.00790	0.03330	0.06397	0.05725	0.18978	0.10179	0.20147	0.03801	0.00837	0.00232	0.00526	0.06985	0.00608	0.05793
2	0.01739	0.48680	0.22997	0.01423	0.02092	0.09477	0.01540	0.02109	0.01432	0.01740	0.01020	0.01186	0.00858	0.00604	0.00507	0.00166	0.00845	0.00405	0.00292	0.00890
3	0.08960	0.10747	0.08342	0.01311	0.01653	0.01527	0.01177	0.01660	0.01196	0.01884	0.01197	0.01641	0.01071	0.01785	0.18295	0.00409	0.20679	0.00525	0.00338	0.15604
4	0.01865	0.01649	0.02244	0.08409	0.39888	0.09243	0.01665	0.02411	0.10297	0.10172	0.01571	0.01787	0.01217	0.00675	0.00655	0.00199	0.00778	0.00601	0.00434	0.04241
5	0.01467	0.01724	0.07792	0.02499	0.06044	0.01501	0.50506	0.01970	0.01524	0.02098	0.01624	0.10922	0.01431	0.00758	0.00769	0.00223	0.00984	0.00882	0.00373	0.04909
6	0.32255	0.01440	0.12213	0.01177	0.01607	0.01198	0.04915	0.01814	0.01490	0.05577	0.21983	0.02816	0.02652	0.00933	0.00626	0.00217	0.00576	0.05234	0.00516	0.00760
7	0.01559	0.01645	0.01459	0.01354	0.01528	0.24375	0.01049	0.01753	0.01399	0.01694	0.01847	0.06348	0.06180	0.02156	0.21383	0.00458	0.16011	0.00708	0.06414	0.00680
8	0.06570	0.01653	0.02869	0.08832	0.02909	0.05635	0.38931	0.05867	0.01590	0.02228	0.01424	0.05238	0.01167	0.00696	0.00760	0.00214	0.03442	0.00730	0.02997	0.06249
9	0.04413	0.06635	0.06547	0.07809	0.04821	0.01504	0.23887	0.02043	0.01504	0.10649	0.06003	0.04418	0.01500	0.00772	0.00834	0.00213	0.08077	0.00708	0.00427	0.07235
10	0.01693	0.01201	0.01489	0.01171	0.01611	0.01106	0.03540	0.16344	0.01924	0.10814	0.15275	0.09457	0.02461	0.00927	0.00657	0.00177	0.00537	0.00792	0.00591	0.28233
11	0.01767	0.01577	0.01453	0.01249	0.01579	0.14953	0.00975	0.22184	0.07868	0.02890	0.26666	0.03193	0.08703	0.01063	0.00712	0.00204	0.00630	0.00864	0.00630	0.00841

[dist]
# distance from previous block
# <min> <max>
10	25

[block]
# block no. 13 follows, 32 sequences, length 26
# corresponding to MSA columns:
# 815-825,827,828,831-833,838-847
name=unknown_N
#
# <colnr> <probs for GDERKNQSTAVLIFYWHMCP>
#	G	D	E	R	K	N	Q	S	T	A	V	L	I	F	Y	W	H	M	C	P
0	0.01611	0.01017	0.03100	0.01290	0.05686	0.00932	0.00984	0.04111	0.05972	0.19403	0.17671	0.09282	0.06535	0.03652	0.00857	0.00250	0.00534	0.15629	0.00669	0.00815
1	0.04395	0.07690	0.01888	0.04070	0.01987	0.45498	0.01232	0.08552	0.01850	0.01966	0.03955	0.01745	0.01265	0.01031	0.04915	0.00239	0.03351	0.03183	0.00397	0.00791
2	0.01448	0.01121	0.01299	0.01142	0.03399	0.03252	0.00850	0.05880	0.04801	0.07087	0.06497	0.07954	0.07645	0.09399	0.03310	0.00260	0.03149	0.03456	0.00514	0.27536
3	0.04679	0.01364	0.01438	0.01190	0.01596	0.05640	0.00946	0.19375	0.09448	0.15965	0.08783	0.05951	0.12179	0.01017	0.00682	0.00203	0.00576	0.00825	0.00648	0.07495
4	0.01748	0.01764	0.02551	0.05937	0.58756	0.10078	0.01920	0.02188	0.04623	0.02139	0.01298	0.01649	0.01078	0.00625	0.00658	0.00198	0.00837	0.00585	0.00348	0.01019
5	0.01651	0.01300	0.01578	0.01252	0.01710	0.01255	0.03964	0.12410	0.14553	0.06586	0.04866	0.08541	0.01783	0.00846	0.00683	0.00177	0.03083	0.00705	0.00545	0.32510
6	0.49210	0.01432	0.05980	0.01225	0.05768	0.01430	0.00982	0.08106	0.01507	0.08315	0.08966	0.01716	0.01480	0.00737	0.00529	0.00207	0.00569	0.00525	0.00492	0.00823
7	0.01442	0.01037	0.01191	0.01083	0.01291	0.01086	0.00802	0.23051	0.01885	0.02536	0.10302	0.21524	0.03043	0.21043	0.01464	0.00344	0.00574	0.04993	0.00594	0.00713
8	0.06956	0.01150	0.01412	0.01149	0.01542	0.01126	0.00926	0.12257	0.03646	0.32397	0.18613	0.05640	0.02696	0.00993	0.00738	0.00209	0.03048	0.00810	0.00714	0.03976
9	0.40962	0.01593	0.12806	0.01119	0.01592	0.03583	0.01049	0.02071	0.03556	0.10896	0.04781	0.06346	0.05506	0.00845	0.00561	0.00213	0.00598	0.00627	0.00487	0.00807
10	0.02151	0.09861	0.01911	0.01340	0.01792	0.01664	0.01114	0.22139	0.10838	0.18058	0.01844	0.04114	0.01398	0.00842	0.00791	0.00199	0.08382	0.00627	0.00592	0.10342
11	0.01570	0.22187	0.48976	0.01727	0.04257	0.01807	0.02035	0.02163	0.01436	0.06259	0.01223	0.01388	0.00907	0.00632	0.00587	0.00194	0.00891	0.00474	0.00319	0.00969
12	0.09053	0.09390	0.05003	0.06435	0.02021	0.01761	0.01195	0.34815	0.03852	0.08650	0.02120	0.02128	0.09009	0.00853	0.00637	0.00202	0.00677	0.00652	0.00573	0.00976
13	0.37080	0.05791	0.07033	0.03384	0.01700	0.01503	0.01028	0.12391	0.01644	0.09803	0.07369	0.01688	0.01402	0.00729	0.00543	0.00198	0.00599	0.00523	0.00501	0.05091
14	0.05131	0.02120	0.01957	0.02044	0.16257	0.27965	0.01361	0.16237	0.01920	0.02366	0.01272	0.01531	0.01040	0.01098	0.07407	0.00269	0.03558	0.00529	0.00416	0.05524
15	0.01454	0.08150	0.06821	0.16539	0.08902	0.01625	0.31956	0.01904	0.01453	0.01954	0.01483	0.08948	0.01304	0.00767	0.00778	0.00223	0.03758	0.00785	0.00349	0.00846
16	0.04330	0.01059	0.01302	0.01055	0.01459	0.00953	0.00837	0.05847	0.05052	0.24198	0.21560	0.06327	0.02903	0.00961	0.00667	0.00187	0.00480	0.00810	0.00666	0.19347
17	0.10128	0.00917	0.01014	0.00911	0.01184	0.02546	0.00706	0.01728	0.04915	0.13433	0.33950	0.04271	0.19253	0.01240	0.00723	0.00213	0.00415	0.01042	0.00680	0.00731
18	0.01380	0.08294	0.60486	0.01903	0.02812	0.01614	0.07695	0.02083	0.01422	0.02077	0.01273	0.03684	0.00973	0.00672	0.00642	0.00211	0.00966	0.00553	0.00298	0.00962
19	0.01253	0.01173	0.01943	0.66245	0.04242	0.01468	0.01768	0.01663	0.01320	0.01708	0.01321	0.06107	0.01101	0.00784	0.00771	0.00231	0.05181	0.00672	0.00317	0.00733
20	0.01391	0.01193	0.01391	0.00994	0.01590	0.00894	0.00795	0.01690	0.01391	0.02186	0.01193	0.01391	0.00994	0.00497	0.00497	0.00099	0.00497	0.00398	0.00398	0.80521
21	0.01603	0.01535	0.02619	0.14493	0.62311	0.01579	0.02031	0.02009	0.01501	0.02122	0.01252	0.01680	0.01038	0.00609	0.00665	0.00203	0.00811	0.00598	0.00327	0.01016
22	0.00825	0.00590	0.00785	0.00929	0.00975	0.00550	0.00623	0.00954	0.01321	0.01770	0.07683	0.71833	0.04549	0.02059	0.00853	0.00269	0.00385	0.01867	0.00630	0.00550
23	0.02317	0.02750	0.01798	0.01614	0.01961	0.56582	0.01225	0.09336	0.04303	0.01945	0.01450	0.01608	0.04108	0.01008	0.04899	0.00233	0.01136	0.00521	0.00403	0.00804
24	0.00837	0.00605	0.00800	0.00936	0.00994	0.00557	0.00629	0.00960	0.01288	0.01729	0.03612	0.73417	0.04319	0.02047	0.00844	0.00267	0.00393	0.01856	0.00615	0.03295
25	0.01661	0.01594	0.02724	0.04119	0.72233	0.01594	0.02059	0.02059	0.01528	0.02192	0.01262	0.01661	0.01063	0.00598	0.00664	0.00199	0.00797	0.00598	0.00332	0.01063

[dist]
# distance from previous block
# <min> <max>
0	3

[block]
# block no. 14 follows, 32 sequences, length 7
# corresponding to MSA columns:
# 851-857
name=unknown_O
#
# <colnr> <probs for GDERKNQSTAVLIFYWHMCP>
#	G	D	E	R	K	N	Q	S	T	A	V	L	I	F	Y	W	H	M	C	P
0	0.01518	0.01267	0.01459	0.01054	0.01644	0.01024	0.00847	0.09134	0.01584	0.02409	0.01238	0.01415	0.01010	0.00531	0.00516	0.00110	0.00523	0.00420	0.00427	0.71869
1	0.01220	0.01117	0.01847	0.63820	0.04084	0.01363	0.01681	0.01648	0.01425	0.01859	0.11693	0.02268	0.01702	0.00775	0.00689	0.00222	0.00809	0.00688	0.00364	0.00729
2	0.02235	0.01558	0.01731	0.01374	0.01847	0.01651	0.01111	0.43305	0.08447	0.11280	0.02012	0.09848	0.01623	0.00931	0.00677	0.00203	0.00643	0.00749	0.00660	0.08115
3	0.01518	0.01990	0.13692	0.02328	0.02920	0.06536	0.42605	0.02019	0.01498	0.02015	0.01442	0.05566	0.01202	0.01041	0.06484	0.00292	0.04884	0.00764	0.00345	0.00858
4	0.01475	0.00960	0.01198	0.00993	0.01374	0.00787	0.00763	0.01725	0.01536	0.14770	0.12675	0.20222	0.02752	0.01078	0.00660	0.00178	0.00457	0.00937	0.00581	0.34880
5	0.01046	0.00866	0.01188	0.01125	0.01284	0.00897	0.04984	0.01442	0.09127	0.02098	0.20023	0.32888	0.10553	0.01579	0.00931	0.00247	0.07068	0.01380	0.00611	0.00664
6	0.13083	0.11102	0.54881	0.01679	0.02541	0.01669	0.02078	0.02090	0.01371	0.02195	0.01135	0.01332	0.00833	0.00628	0.00583	0.00204	0.00893	0.00462	0.00303	0.00939

[dist]
# distance from previous block
# <min> <max>
3	6

[block]
# block no. 15 follows, 32 sequences, length 26
# corresponding to MSA columns:
# 865-880,883-892
name=unknown_P
#
# <colnr> <probs for GDERKNQSTAVLIFYWHMCP>
#	G	D	E	R	K	N	Q	S	T	A	V	L	I	F	Y	W	H	M	C	P
0	0.06808	0.06388	0.52144	0.01850	0.06544	0.04883	0.02087	0.02082	0.01442	0.02165	0.03856	0.01519	0.01069	0.00656	0.00614	0.00202	0.00902	0.00507	0.00320	0.03964
1	0.01672	0.01680	0.02189	0.24257	0.30756	0.12448	0.01719	0.04734	0.06785	0.02077	0.01554	0.01885	0.03916	0.00709	0.00664	0.00206	0.00848	0.00618	0.00375	0.00909
2	0.01538	0.20668	0.37391	0.02109	0.15803	0.01838	0.01971	0.02192	0.06638	0.02057	0.01264	0.01463	0.00983	0.00635	0.00596	0.00194	0.00854	0.00502	0.00323	0.00979
3	0.01267	0.01193	0.02013	0.74806	0.04621	0.01491	0.01863	0.01714	0.01342	0.01714	0.01193	0.01789	0.00894	0.00671	0.00671	0.00224	0.00894	0.00596	0.00298	0.00745
4	0.01867	0.01951	0.02350	0.02543	0.25918	0.19951	0.11656	0.09567	0.01780	0.02204	0.01639	0.01977	0.05496	0.04210	0.00798	0.00216	0.00899	0.00646	0.00398	0.03935
5	0.02316	0.01321	0.01585	0.01238	0.01749	0.01256	0.01009	0.15389	0.11299	0.32245	0.02156	0.02134	0.01525	0.00789	0.00642	0.00187	0.00581	0.02536	0.00675	0.19367
6	0.00854	0.00612	0.00811	0.00910	0.00981	0.00569	0.00626	0.01025	0.01452	0.01979	0.22270	0.56650	0.04954	0.01903	0.00839	0.00256	0.00369	0.01718	0.00654	0.00569
7	0.00976	0.00651	0.00732	0.00732	0.00732	0.00651	0.00407	0.00976	0.00976	0.01301	0.02114	0.04391	0.02439	0.76419	0.03415	0.00651	0.00651	0.00976	0.00407	0.00407
8	0.81159	0.01298	0.00986	0.00882	0.01298	0.01505	0.00727	0.01972	0.01142	0.03010	0.00934	0.01090	0.00727	0.00623	0.00415	0.00208	0.00519	0.00363	0.00415	0.00727
9	0.68536	0.06404	0.01211	0.00929	0.01365	0.01535	0.00779	0.02095	0.01229	0.09371	0.01093	0.01200	0.00822	0.00639	0.00440	0.00203	0.00537	0.00392	0.00445	0.00774
10	0.03010	0.01142	0.01557	0.01194	0.01713	0.00986	0.00986	0.03270	0.01920	0.72698	0.02647	0.02284	0.01661	0.00830	0.00675	0.00208	0.00571	0.00675	0.00830	0.01142
11	0.01267	0.01193	0.02013	0.74806	0.04621	0.01491	0.01863	0.01714	0.01342	0.01714	0.01193	0.01789	0.00894	0.00671	0.00671	0.00224	0.00894	0.00596	0.00298	0.00745
12	0.01391	0.01193	0.01391	0.00994	0.01590	0.00894	0.00795	0.01690	0.01391	0.02186	0.01193	0.01391	0.00994	0.00497	0.00497	0.00099	0.00497	0.00398	0.00398	0.80521
13	0.01267	0.01193	0.02013	0.74806	0.04621	0.01491	0.01863	0.01714	0.01342	0.01714	0.01193	0.01789	0.00894	0.00671	0.00671	0.00224	0.00894	0.00596	0.00298	0.00745
14	0.01346	0.03471	0.72942	0.01912	0.02904	0.01558	0.02479	0.02125	0.01417	0.02125	0.01204	0.01417	0.00850	0.00637	0.00637	0.00212	0.00992	0.00496	0.00283	0.00992
15	0.01041	0.00823	0.01245	0.01210	0.01375	0.00792	0.08400	0.03847	0.01469	0.01951	0.06509	0.40248	0.06246	0.05634	0.00985	0.00288	0.00544	0.16186	0.00586	0.00622
16	0.00950	0.00686	0.00897	0.00844	0.01002	0.00633	0.00633	0.01266	0.01899	0.02691	0.71879	0.05012	0.06331	0.01372	0.00791	0.00211	0.00317	0.01213	0.00739	0.00633
17	0.00818	0.00584	0.00779	0.00934	0.00973	0.00545	0.00623	0.00934	0.01285	0.01713	0.03698	0.75981	0.04438	0.02102	0.00856	0.00273	0.00389	0.01908	0.00623	0.00545
