[name]
unknown

[dist]
# distance from previous block
# <min> <max>
0	294

[block]
# block no. 0 follows, 44 sequences, length 21
# corresponding to MSA columns:
# 347-367
name=unknown_A
#
# <colnr> <probs for GDERKNQSTAVLIFYWHMCP>
#	G	D	E	R	K	N	Q	S	T	A	V	L	I	F	Y	W	H	M	C	P
0	0.14881	0.01098	0.01308	0.18335	0.06613	0.04165	0.01020	0.09243	0.12648	0.09073	0.01590	0.02112	0.02484	0.00723	0.00536	0.00181	0.00555	0.10040	0.00419	0.02976
1	0.04651	0.16972	0.10855	0.01070	0.02873	0.04664	0.02961	0.10312	0.06130	0.04751	0.01882	0.03952	0.12604	0.00721	0.00533	0.00157	0.02914	0.00562	0.06415	0.05020
2	0.01490	0.27387	0.09654	0.01356	0.10257	0.06866	0.01101	0.18076	0.03533	0.01955	0.04203	0.06485	0.01169	0.00635	0.00484	0.00149	0.00603	0.00494	0.00354	0.03749
3	0.04888	0.36192	0.12423	0.01116	0.01590	0.08455	0.01080	0.16164	0.01424	0.01857	0.00919	0.01036	0.00748	0.00529	0.00467	0.00138	0.02821	0.00359	0.00310	0.07483
4	0.01247	0.04187	0.31283	0.01473	0.05393	0.03935	0.11847	0.06085	0.01266	0.01823	0.01004	0.01194	0.00768	0.00482	0.00498	0.00143	0.00681	0.00417	0.00287	0.25989
5	0.02043	0.01456	0.01598	0.03492	0.01720	0.01591	0.01024	0.66570	0.02415	0.08391	0.01347	0.01346	0.00947	0.00646	0.00542	0.00162	0.00589	0.00490	0.00540	0.03091
6	0.00688	0.00491	0.00640	0.00739	0.00781	0.00460	0.00497	0.00791	0.01070	0.01430	0.08596	0.64336	0.05571	0.08534	0.00873	0.00244	0.00333	0.02988	0.00498	0.00440
7	0.01292	0.01237	0.02110	0.16958	0.64274	0.01280	0.01645	0.01623	0.01214	0.01712	0.01015	0.01368	0.00839	0.00496	0.00541	0.00165	0.00662	0.00486	0.00265	0.00817
8	0.00893	0.00552	0.00697	0.00732	0.00844	0.00499	0.00515	0.01012	0.01153	0.10877	0.06524	0.48325	0.17466	0.06258	0.00791	0.00224	0.00337	0.01279	0.00520	0.00502
9	0.02425	0.00962	0.01286	0.00986	0.01409	0.00852	0.00815	0.06812	0.01618	0.73581	0.02103	0.01824	0.01325	0.00674	0.00548	0.00168	0.00472	0.00545	0.00667	0.00928
10	0.00722	0.00552	0.00666	0.00686	0.00806	0.00506	0.00496	0.00940	0.03986	0.01733	0.30439	0.28643	0.25093	0.01366	0.00657	0.00191	0.00288	0.01199	0.00542	0.00489
11	0.07400	0.00935	0.01237	0.00955	0.01371	0.00827	0.00789	0.02593	0.01522	0.73277	0.02067	0.01797	0.01304	0.00665	0.00536	0.00169	0.00461	0.00533	0.00654	0.00907
12	0.03142	0.00579	0.00691	0.00731	0.00875	0.00536	0.00577	0.00944	0.01268	0.01665	0.17523	0.14405	0.32363	0.01381	0.00671	0.00204	0.00344	0.21100	0.00517	0.00483
13	0.02292	0.01175	0.01418	0.01087	0.01515	0.01168	0.00898	0.32765	0.01974	0.47125	0.01803	0.01630	0.01175	0.00666	0.00547	0.00167	0.00520	0.00525	0.00621	0.00928
14	0.00662	0.00481	0.00625	0.00741	0.00786	0.00444	0.00498	0.00761	0.01061	0.01399	0.03227	0.73837	0.10110	0.01679	0.00691	0.00218	0.00313	0.01515	0.00506	0.00444
15	0.00687	0.00504	0.00633	0.00704	0.00774	0.00463	0.00482	0.00810	0.01142	0.01515	0.15598	0.51002	0.15508	0.06524	0.00809	0.00226	0.00313	0.01345	0.00511	0.00450
16	0.01076	0.01025	0.01679	0.62602	0.08265	0.01287	0.01476	0.01399	0.01061	0.01406	0.00934	0.01407	0.00734	0.00603	0.00734	0.00189	0.12775	0.00483	0.00244	0.00621
17	0.01739	0.01277	0.01417	0.01142	0.01481	0.01418	0.00922	0.51867	0.07028	0.04528	0.01477	0.04421	0.01188	0.05676	0.09926	0.00274	0.02341	0.00566	0.00499	0.00813
18	0.01430	0.01492	0.02082	0.11055	0.53289	0.14536	0.04870	0.01733	0.01279	0.01662	0.00992	0.01303	0.00820	0.00504	0.00537	0.00161	0.00726	0.00470	0.00269	0.00791
19	0.00996	0.00875	0.01074	0.15990	0.09236	0.07834	0.00843	0.01167	0.01129	0.03593	0.03528	0.29450	0.09368	0.11389	0.00891	0.00234	0.00515	0.00956	0.00395	0.00536
20	0.00829	0.00757	0.04445	0.06125	0.01265	0.00674	0.07310	0.03950	0.01143	0.01513	0.02718	0.47908	0.10298	0.06154	0.00788	0.00226	0.00442	0.02496	0.00447	0.00511

[dist]
# distance from previous block
# <min> <max>
1	40

[block]
# block no. 1 follows, 44 sequences, length 28
# corresponding to MSA columns:
# 409-425,428-438
name=unknown_B
#
# <colnr> <probs for GDERKNQSTAVLIFYWHMCP>
#	G	D	E	R	K	N	Q	S	T	A	V	L	I	F	Y	W	H	M	C	P
0	0.01739	0.03485	0.01664	0.01285	0.03114	0.03513	0.07112	0.42817	0.03510	0.05924	0.01302	0.03155	0.01002	0.00820	0.04770	0.00197	0.03298	0.00509	0.00458	0.10325
1	0.03650	0.04774	0.20834	0.01415	0.04582	0.02985	0.05108	0.33388	0.01753	0.04079	0.01119	0.01239	0.00827	0.00597	0.00607	0.00165	0.06114	0.00452	0.00389	0.05925
2	0.01725	0.19262	0.01901	0.01235	0.04354	0.03045	0.04191	0.36436	0.06252	0.04429	0.01191	0.01249	0.00905	0.00570	0.00488	0.00145	0.00581	0.00438	0.00425	0.11180
3	0.01486	0.55215	0.06043	0.04709	0.01553	0.03557	0.00974	0.01725	0.02531	0.08125	0.00951	0.01051	0.00786	0.00492	0.00397	0.00125	0.00579	0.00339	0.00288	0.09072
4	0.01857	0.00805	0.01076	0.00894	0.01197	0.00718	0.00706	0.04129	0.01474	0.50266	0.11849	0.16364	0.02246	0.02988	0.00644	0.00188	0.00416	0.00790	0.00622	0.00772
5	0.00794	0.00659	0.00990	0.00940	0.01057	0.00647	0.09047	0.00983	0.03245	0.01498	0.08274	0.47555	0.10246	0.06550	0.00864	0.00230	0.04221	0.01239	0.00464	0.00495
6	0.01164	0.01132	0.01764	0.39115	0.21354	0.03239	0.01448	0.01450	0.01079	0.01469	0.00962	0.02920	0.00814	0.00648	0.00833	0.00190	0.18999	0.00501	0.00254	0.00665
7	0.00947	0.00473	0.00710	0.00710	0.00710	0.00473	0.00473	0.00710	0.00710	0.00947	0.00947	0.01657	0.00947	0.01894	0.02131	0.84138	0.00473	0.00473	0.00237	0.00237
8	0.01349	0.01295	0.02213	0.03346	0.77440	0.01295	0.01673	0.01673	0.01241	0.01781	0.01025	0.01349	0.00864	0.00486	0.00540	0.00162	0.00648	0.00486	0.00270	0.00864
9	0.01118	0.01090	0.01905	0.55594	0.07265	0.01257	0.14231	0.01595	0.07485	0.01549	0.01100	0.01500	0.00830	0.00544	0.00563	0.00181	0.00731	0.00523	0.00276	0.00663
10	0.01349	0.01295	0.02213	0.03346	0.77440	0.01295	0.01673	0.01673	0.01241	0.01781	0.01025	0.01349	0.00864	0.00486	0.00540	0.00162	0.00648	0.00486	0.00270	0.00864
11	0.02446	0.00928	0.01265	0.00970	0.01392	0.00801	0.00801	0.02657	0.01560	0.77817	0.02151	0.01856	0.01350	0.00675	0.00548	0.00169	0.00464	0.00548	0.00675	0.00928
12	0.01349	0.01295	0.02213	0.03346	0.77440	0.01295	0.01673	0.01673	0.01241	0.01781	0.01025	0.01349	0.00864	0.00486	0.00540	0.00162	0.00648	0.00486	0.00270	0.00864
13	0.01218	0.17919	0.57084	0.01446	0.02159	0.01463	0.04414	0.05226	0.01215	0.01722	0.00956	0.01116	0.00709	0.00512	0.00491	0.00162	0.00757	0.00394	0.00247	0.00788
14	0.01030	0.00969	0.01635	0.79530	0.03755	0.01211	0.01514	0.01393	0.01090	0.01393	0.00969	0.01453	0.00727	0.00545	0.00545	0.00182	0.00727	0.00484	0.00242	0.00606
15	0.01349	0.01295	0.02213	0.03346	0.77440	0.01295	0.01673	0.01673	0.01241	0.01781	0.01025	0.01349	0.00864	0.00486	0.00540	0.00162	0.00648	0.00486	0.00270	0.00864
16	0.01145	0.01254	0.06183	0.17023	0.12190	0.01176	0.34907	0.01511	0.01194	0.01618	0.01326	0.09295	0.01189	0.00697	0.00660	0.02728	0.00750	0.04182	0.00298	0.00676
17	0.01120	0.02623	0.70107	0.01526	0.02281	0.01223	0.04007	0.01718	0.01177	0.03631	0.02722	0.01383	0.00877	0.00561	0.00532	0.00175	0.00780	0.02508	0.00258	0.00792
18	0.00655	0.00525	0.00585	0.00628	0.00757	0.00456	0.00449	0.00781	0.01181	0.01463	0.06523	0.31397	0.49715	0.01488	0.00662	0.00197	0.00290	0.01285	0.00509	0.00456
19	0.00685	0.00498	0.00629	0.00721	0.00776	0.00462	0.00489	0.00785	0.01063	0.01394	0.04810	0.58001	0.13419	0.09821	0.00905	0.00248	0.00338	0.04029	0.00490	0.00437
20	0.01054	0.00991	0.01671	0.69127	0.11675	0.01200	0.01504	0.01406	0.01105	0.01435	0.01030	0.03580	0.00819	0.00570	0.00549	0.00181	0.00707	0.00513	0.00252	0.00629
21	0.00664	0.00474	0.00633	0.00759	0.00791	0.00443	0.00506	0.00759	0.01044	0.01392	0.03005	0.80485	0.03606	0.01708	0.00696	0.00221	0.00316	0.01550	0.00506	0.00443
22	0.01190	0.01186	0.04666	0.46327	0.25283	0.01270	0.05560	0.05040	0.01218	0.01636	0.01009	0.01406	0.00781	0.00527	0.00548	0.00175	0.00711	0.00491	0.00266	0.00711
23	0.01144	0.06337	0.63477	0.01711	0.07973	0.01319	0.07127	0.01719	0.01165	0.01711	0.00980	0.01175	0.00714	0.00509	0.00520	0.00170	0.00791	0.00421	0.00237	0.00800
24	0.01357	0.45098	0.31999	0.01208	0.01793	0.07257	0.01362	0.01708	0.01156	0.01459	0.00850	0.00990	0.00696	0.00493	0.00425	0.00140	0.00698	0.00339	0.00235	0.00736
25	0.00662	0.00484	0.00623	0.00734	0.00784	0.00445	0.00495	0.00762	0.01068	0.01402	0.03316	0.71180	0.12710	0.01668	0.00689	0.00217	0.00311	0.01500	0.00506	0.00445
26	0.01317	0.01408	0.07806	0.05653	0.64992	0.03324	0.01642	0.01653	0.01232	0.01740	0.01075	0.03723	0.00925	0.00529	0.00542	0.00165	0.00661	0.00508	0.00273	0.00832
27	0.01039	0.14021	0.26052	0.04970	0.01791	0.01144	0.10878	0.01395	0.01176	0.01607	0.09777	0.15287	0.04502	0.03234	0.00626	0.00185	0.00611	0.00719	0.00338	0.00650

[dist]
# distance from previous block
# <min> <max>
8	38

[block]
# block no. 2 follows, 44 sequences, length 17
# corresponding to MSA columns:
# 478-492,494,495
name=unknown_C
#
# <colnr> <probs for GDERKNQSTAVLIFYWHMCP>
#	G	D	E	R	K	N	Q	S	T	A	V	L	I	F	Y	W	H	M	C	P
0	0.03663	0.01415	0.11563	0.07120	0.08934	0.01143	0.29154	0.01691	0.01227	0.07649	0.01111	0.01352	0.00836	0.00480	0.00539	0.00154	0.00697	0.00496	0.00311	0.20465
1	0.08063	0.01391	0.01222	0.01039	0.01341	0.17184	0.00818	0.27347	0.06138	0.02363	0.13806	0.02282	0.13120	0.00811	0.00549	0.00165	0.00552	0.00632	0.00478	0.00700
2	0.02143	0.00912	0.01207	0.00940	0.01326	0.00808	0.00769	0.06341	0.01593	0.60276	0.12108	0.02091	0.01811	0.00721	0.00554	0.00165	0.00441	0.00594	0.00642	0.04556
3	0.02058	0.01468	0.01590	0.01228	0.01656	0.01614	0.01011	0.66851	0.06506	0.08292	0.01414	0.01384	0.00995	0.00660	0.00546	0.00165	0.00582	0.00501	0.00554	0.00924
4	0.01016	0.00508	0.00508	0.00508	0.00635	0.00508	0.00381	0.01270	0.01143	0.02033	0.01778	0.02033	0.01397	0.00635	0.00381	0.00127	0.00254	0.00508	0.83867	0.00508
5	0.01326	0.01237	0.02041	0.20563	0.55429	0.01303	0.01593	0.06705	0.01298	0.01807	0.01032	0.01370	0.00837	0.00511	0.00541	0.00167	0.00662	0.00486	0.00283	0.00809
6	0.01016	0.00508	0.00508	0.00508	0.00635	0.00508	0.00381	0.01270	0.01143	0.02033	0.01778	0.02033	0.01397	0.00635	0.00381	0.00127	0.00254	0.00508	0.83867	0.00508
7	0.00926	0.00794	0.01132	0.01048	0.01102	0.01017	0.00831	0.01077	0.00854	0.01264	0.01220	0.01932	0.01189	0.09750	0.44795	0.00620	0.29095	0.00565	0.00277	0.00512
8	0.00793	0.00529	0.00595	0.00595	0.00595	0.00529	0.00330	0.00793	0.00793	0.01057	0.01718	0.03568	0.01982	0.80840	0.02775	0.00529	0.00529	0.00793	0.00330	0.00330
9	0.00784	0.00529	0.00615	0.00622	0.00631	0.00533	0.00363	0.00802	0.00813	0.01090	0.01777	0.07996	0.02038	0.71254	0.07534	0.00533	0.00576	0.00824	0.00338	0.00347
10	0.08982	0.68217	0.08122	0.00958	0.01438	0.02008	0.00980	0.01637	0.01095	0.01420	0.00774	0.00896	0.00689	0.00474	0.00361	0.00125	0.00585	0.00300	0.00242	0.00697
11	0.20616	0.13101	0.08149	0.01459	0.12068	0.30487	0.01098	0.04208	0.01300	0.01743	0.00863	0.01021	0.00705	0.00524	0.00447	0.00150	0.00725	0.00358	0.00290	0.00688
12	0.00778	0.00527	0.00674	0.06116	0.00953	0.00521	0.00540	0.00925	0.01066	0.01516	0.02642	0.47057	0.06734	0.06892	0.00761	0.00218	0.00348	0.02852	0.18416	0.00463
13	0.74063	0.01189	0.05448	0.00837	0.01212	0.01248	0.03111	0.04319	0.01012	0.02417	0.00803	0.00936	0.00616	0.00511	0.00365	0.00169	0.00467	0.00320	0.00337	0.00620
14	0.01274	0.13588	0.21884	0.01795	0.22339	0.07203	0.03614	0.03203	0.01251	0.03147	0.03788	0.07660	0.05625	0.00671	0.00527	0.00163	0.00649	0.00568	0.00311	0.00738
15	0.03664	0.00550	0.00671	0.00730	0.00808	0.00521	0.00497	0.02305	0.01087	0.01496	0.07546	0.53760	0.08318	0.11403	0.00922	0.00246	0.00349	0.01285	0.00479	0.03362
16	0.12276	0.01663	0.01497	0.01266	0.03529	0.22318	0.03669	0.32177	0.03425	0.02419	0.01157	0.04108	0.00925	0.00622	0.00504	0.00155	0.00666	0.00464	0.00413	0.06748

[dist]
# distance from previous block
# <min> <max>
2	16

[block]
# block no. 3 follows, 44 sequences, length 22
# corresponding to MSA columns:
# 512-533
name=unknown_D
#
# <colnr> <probs for GDERKNQSTAVLIFYWHMCP>
#	G	D	E	R	K	N	Q	S	T	A	V	L	I	F	Y	W	H	M	C	P
0	0.39773	0.07082	0.04553	0.04203	0.01352	0.02970	0.00786	0.01867	0.01153	0.22803	0.01216	0.01268	0.00872	0.00687	0.03331	0.00188	0.00523	0.00395	0.02454	0.02522
1	0.15187	0.07850	0.01458	0.03453	0.01504	0.01498	0.00894	0.40527	0.10502	0.02783	0.01309	0.01355	0.00973	0.00620	0.00483	0.00160	0.00524	0.00459	0.07660	0.00801
2	0.03347	0.33489	0.30059	0.01324	0.01905	0.06752	0.08780	0.01765	0.01189	0.05388	0.00949	0.01092	0.00740	0.00502	0.00460	0.00149	0.00715	0.00384	0.00264	0.00746
3	0.04335	0.01140	0.01637	0.13511	0.01898	0.03904	0.12051	0.05968	0.02397	0.03504	0.01057	0.01468	0.00893	0.04800	0.02536	0.02206	0.22156	0.00498	0.03574	0.10466
4	0.01036	0.00906	0.01450	0.55658	0.02919	0.02775	0.03060	0.01257	0.01021	0.01304	0.01057	0.01563	0.02408	0.00860	0.00915	0.18266	0.02272	0.00497	0.00248	0.00527
5	0.00767	0.00543	0.00625	0.00623	0.00685	0.00518	0.00404	0.00851	0.01034	0.01369	0.16684	0.04071	0.15723	0.48381	0.01910	0.00389	0.00432	0.04176	0.00420	0.00395
6	0.04990	0.16884	0.01775	0.01271	0.01605	0.49345	0.01014	0.12244	0.01568	0.01658	0.00886	0.01009	0.00729	0.00563	0.00494	0.00142	0.02469	0.00360	0.00310	0.00683
7	0.01349	0.55703	0.23441	0.01172	0.01735	0.01874	0.04994	0.01664	0.01129	0.01428	0.00836	0.00980	0.00704	0.00480	0.00411	0.00135	0.00661	0.00340	0.00235	0.00730
8	0.00931	0.00592	0.00780	0.00713	0.00869	0.00542	0.00542	0.01183	0.01545	0.09372	0.70026	0.03862	0.04784	0.01073	0.00634	0.00171	0.00277	0.00944	0.00607	0.00554
9	0.00664	0.00474	0.00633	0.00759	0.00791	0.00443	0.00506	0.00759	0.01044	0.01392	0.03005	0.80485	0.03606	0.01708	0.00696	0.00221	0.00316	0.01550	0.00506	0.00443
10	0.01034	0.00953	0.01556	0.66574	0.03315	0.01197	0.01403	0.01363	0.01069	0.01418	0.01039	0.03460	0.00833	0.00616	0.00652	0.00185	0.07753	0.00512	0.04474	0.00596
11	0.01030	0.00969	0.01635	0.79530	0.03755	0.01211	0.01514	0.01393	0.01090	0.01393	0.00969	0.01453	0.00727	0.00545	0.00545	0.00182	0.00727	0.00484	0.00242	0.00606
12	0.01030	0.00969	0.01635	0.79530	0.03755	0.01211	0.01514	0.01393	0.01090	0.01393	0.00969	0.01453	0.00727	0.00545	0.00545	0.00182	0.00727	0.00484	0.00242	0.00606
13	0.00793	0.00529	0.00595	0.00595	0.00595	0.00529	0.00330	0.00793	0.00793	0.01057	0.01718	0.03568	0.01982	0.80840	0.02775	0.00529	0.00529	0.00793	0.00330	0.00330
14	0.00669	0.00482	0.00634	0.00746	0.00790	0.00448	0.00502	0.00775	0.01080	0.01439	0.07213	0.72935	0.06947	0.01661	0.00691	0.00217	0.00311	0.01501	0.00511	0.00448
15	0.01030	0.00969	0.01635	0.79530	0.03755	0.01211	0.01514	0.01393	0.01090	0.01393	0.00969	0.01453	0.00727	0.00545	0.00545	0.00182	0.00727	0.00484	0.00242	0.00606
16	0.01011	0.01029	0.01973	0.01547	0.01843	0.01007	0.37021	0.01290	0.01163	0.01565	0.02119	0.27963	0.08995	0.01004	0.00761	0.00201	0.07560	0.00977	0.00371	0.00600
17	0.01059	0.08265	0.01002	0.00747	0.00947	0.00709	0.00592	0.01302	0.01504	0.12137	0.59941	0.03474	0.04218	0.00995	0.00603	0.00166	0.00316	0.00862	0.00575	0.00587
18	0.01007	0.00927	0.01536	0.72030	0.03455	0.01146	0.01402	0.01336	0.01062	0.01361	0.01040	0.01654	0.00846	0.08174	0.00757	0.00215	0.00708	0.00514	0.00251	0.00579
19	0.00790	0.00548	0.00723	0.02611	0.02625	0.00534	0.00543	0.00862	0.02697	0.01304	0.02617	0.32908	0.13146	0.11361	0.02816	0.18340	0.00422	0.04328	0.00412	0.00414
20	0.02990	0.01293	0.01965	0.14865	0.41403	0.05884	0.06208	0.06250	0.01344	0.09024	0.01171	0.01496	0.00925	0.00549	0.00547	0.00168	0.00670	0.02122	0.00328	0.00797
21	0.06772	0.07238	0.52127	0.08931	0.05677	0.03222	0.01721	0.05124	0.01207	0.01788	0.00963	0.01157	0.00707	0.00523	0.00500	0.00168	0.00746	0.00403	0.00256	0.00770

[dist]
# distance from previous block
# <min> <max>
17	27

[block]
# block no. 4 follows, 44 sequences, length 22
# corresponding to MSA columns:
# 568-589
name=unknown_E
#
# <colnr> <probs for GDERKNQSTAVLIFYWHMCP>
#	G	D	E	R	K	N	Q	S	T	A	V	L	I	F	Y	W	H	M	C	P
0	0.06987	0.10228	0.05881	0.02651	0.06819	0.17153	0.01014	0.17552	0.09030	0.02036	0.03824	0.01531	0.03427	0.00923	0.07177	0.00218	0.00712	0.00480	0.01632	0.00725
1	0.06204	0.10523	0.56574	0.01344	0.02008	0.01276	0.01647	0.01612	0.01120	0.01682	0.01204	0.01379	0.04615	0.00789	0.05603	0.00213	0.00775	0.00435	0.00255	0.00743
2	0.06926	0.44982	0.13732	0.01100	0.01562	0.14854	0.01086	0.03132	0.02736	0.01495	0.00869	0.01009	0.00738	0.00622	0.02998	0.00160	0.00700	0.00339	0.00262	0.00698
3	0.01197	0.02745	0.67332	0.01568	0.02310	0.09141	0.04770	0.01773	0.01196	0.01687	0.00969	0.01146	0.00697	0.00520	0.00520	0.00170	0.00828	0.00407	0.00237	0.00785
4	0.01223	0.00749	0.00962	0.00964	0.06020	0.00702	0.00700	0.01552	0.08041	0.19343	0.20061	0.05641	0.22008	0.01064	0.00620	0.00184	0.00378	0.08586	0.00555	0.00646
5	0.01126	0.04805	0.67037	0.01626	0.02392	0.01304	0.10743	0.01726	0.01166	0.01717	0.00987	0.01182	0.00707	0.00510	0.00528	0.00172	0.00813	0.00428	0.00236	0.00794
6	0.01246	0.01358	0.02743	0.08440	0.08631	0.01381	0.51790	0.01632	0.01200	0.01653	0.01070	0.02991	0.00862	0.00562	0.00788	0.00190	0.11871	0.00613	0.00272	0.00710
7	0.00670	0.00477	0.00631	0.00752	0.00782	0.00447	0.00498	0.00761	0.01032	0.01376	0.02945	0.76933	0.03531	0.05362	0.00792	0.00236	0.00326	0.01515	0.00498	0.00438
8	0.05754	0.01153	0.01562	0.30621	0.07661	0.01297	0.03351	0.24229	0.04112	0.07176	0.01247	0.01460	0.00913	0.00591	0.00526	0.00170	0.00612	0.00492	0.06325	0.00748
9	0.01709	0.00888	0.01091	0.00932	0.01249	0.00858	0.00745	0.02237	0.20197	0.38669	0.02756	0.07716	0.12756	0.00906	0.00585	0.00183	0.00421	0.04714	0.00600	0.00789
10	0.02091	0.01497	0.01617	0.01240	0.01675	0.01646	0.01024	0.71917	0.02512	0.07212	0.01352	0.01337	0.00949	0.00655	0.00546	0.00164	0.00593	0.00494	0.00552	0.00927
11	0.01064	0.00657	0.00797	0.00718	0.00927	0.00596	0.00554	0.01347	0.05672	0.15530	0.36605	0.03935	0.27280	0.01100	0.00621	0.00176	0.00310	0.00939	0.00581	0.00591
12	0.01472	0.74440	0.05565	0.00979	0.01449	0.05861	0.00979	0.01663	0.01131	0.01302	0.00770	0.00890	0.00699	0.00473	0.00363	0.00120	0.00611	0.00299	0.00235	0.00700
13	0.00793	0.00529	0.00595	0.00595	0.00595	0.00529	0.00330	0.00793	0.00793	0.01057	0.01718	0.03568	0.01982	0.80840	0.02775	0.00529	0.00529	0.00793	0.00330	0.00330
14	0.00664	0.00474	0.00633	0.00759	0.00791	0.00443	0.00506	0.00759	0.01044	0.01392	0.03005	0.80485	0.03606	0.01708	0.00696	0.00221	0.00316	0.01550	0.00506	0.00443
15	0.00756	0.00545	0.00719	0.00722	0.00830	0.00507	0.00536	0.00979	0.01421	0.01985	0.56897	0.20081	0.04693	0.01263	0.00661	0.00187	0.00285	0.05858	0.00574	0.00499
16	0.01150	0.09066	0.62161	0.01628	0.04419	0.01351	0.09361	0.01719	0.01164	0.01694	0.00974	0.01166	0.00710	0.00507	0.00517	0.00169	0.00795	0.00420	0.00236	0.00791
17	0.00671	0.00482	0.00626	0.00738	0.00776	0.00449	0.00490	0.00762	0.01038	0.01375	0.03048	0.71898	0.07149	0.06691	0.00825	0.00239	0.00328	0.01482	0.00495	0.00437
18	0.05456	0.00827	0.00874	0.00759	0.00988	0.00878	0.00600	0.19793	0.03895	0.04791	0.06552	0.01927	0.01491	0.00771	0.02743	0.00166	0.00396	0.00531	0.45919	0.00640
19	0.04197	0.45829	0.16876	0.03702	0.01683	0.01768	0.02674	0.10308	0.01281	0.01679	0.00990	0.04954	0.00868	0.00564	0.00434	0.00143	0.00621	0.00412	0.00288	0.00728
20	0.12428	0.01119	0.01199	0.01098	0.04824	0.03599	0.00824	0.12504	0.26888	0.14392	0.04576	0.05868	0.06803	0.00775	0.00538	0.00176	0.00464	0.00628	0.00518	0.00779
21	0.02231	0.07928	0.01175	0.00985	0.06060	0.00908	0.02025	0.07067	0.05172	0.05490	0.15902	0.08298	0.18848	0.01032	0.02874	0.00186	0.01976	0.00783	0.04595	0.06466

[dist]
# distance from previous block
# <min> <max>
2	7

[block]
# block no. 5 follows, 44 sequences, length 17
# corresponding to MSA columns:
# 597-613
name=unknown_F
#
# <colnr> <probs for GDERKNQSTAVLIFYWHMCP>
#	G	D	E	R	K	N	Q	S	T	A	V	L	I	F	Y	W	H	M	C	P
0	0.06608	0.19333	0.17347	0.01217	0.05224	0.06046	0.01125	0.12466	0.01421	0.06020	0.10058	0.01599	0.01359	0.00642	0.00533	0.00158	0.03296	0.01818	0.03000	0.00729
1	0.06622	0.02145	0.01309	0.09304	0.01614	0.04958	0.00906	0.21904	0.12131	0.06358	0.03127	0.01598	0.01159	0.01136	0.11970	0.00265	0.01990	0.00500	0.02889	0.08116
2	0.01666	0.01628	0.01518	0.06650	0.08560	0.22926	0.01050	0.19191	0.18639	0.02127	0.01301	0.01377	0.00999	0.00599	0.00517	0.00154	0.00661	0.00462	0.00405	0.09569
3	0.00920	0.00636	0.00729	0.00694	0.00751	0.00657	0.00442	0.08690	0.01019	0.01371	0.03941	0.06979	0.02001	0.61069	0.07463	0.00488	0.00580	0.00789	0.00367	0.00415
4	0.01611	0.00955	0.03117	0.01177	0.10104	0.00881	0.00851	0.09681	0.04482	0.28565	0.03642	0.03689	0.12568	0.00825	0.00558	0.00172	0.00452	0.05545	0.10372	0.00754
5	0.01610	0.01593	0.01247	0.01143	0.01391	0.32886	0.00861	0.08151	0.14395	0.07897	0.01769	0.21270	0.01670	0.00898	0.00563	0.00173	0.00646	0.00726	0.00439	0.00673
6	0.00946	0.00726	0.00747	0.00751	0.00821	0.08715	0.00517	0.00912	0.00965	0.01176	0.02195	0.11921	0.15141	0.15211	0.01588	0.33208	0.00484	0.03263	0.00346	0.00368
7	0.01573	0.01037	0.01169	0.00961	0.01241	0.01092	0.00753	0.36037	0.01855	0.10642	0.12704	0.07443	0.01949	0.11859	0.00866	0.00217	0.00481	0.00683	0.06718	0.00721
8	0.01151	0.01123	0.01557	0.01343	0.01343	0.01550	0.01102	0.01257	0.00830	0.01285	0.00821	0.01443	0.00849	0.09367	0.01893	0.00269	0.71490	0.00510	0.00248	0.00568
9	0.01331	0.01531	0.02700	0.02005	0.02462	0.12590	0.56676	0.01705	0.01299	0.01649	0.01265	0.09720	0.01102	0.00606	0.00627	0.00181	0.00865	0.00696	0.00301	0.00689
10	0.02185	0.00861	0.01173	0.00939	0.01304	0.00749	0.00758	0.02379	0.01485	0.66632	0.02276	0.13364	0.01680	0.00826	0.00570	0.00176	0.00442	0.00695	0.00650	0.00857
11	0.00853	0.00576	0.00748	0.00694	0.00841	0.00527	0.00524	0.01101	0.01528	0.06117	0.69441	0.04018	0.08744	0.01105	0.00638	0.00172	0.00269	0.00972	0.00599	0.00533
12	0.01432	0.62673	0.15672	0.01070	0.01582	0.06919	0.01126	0.01684	0.01143	0.01362	0.00801	0.00929	0.00698	0.00481	0.00388	0.00128	0.00647	0.00314	0.00236	0.00713
13	0.00770	0.00519	0.00601	0.00624	0.00630	0.00513	0.00362	0.00787	0.00838	0.01117	0.01948	0.17353	0.02273	0.66658	0.02402	0.00473	0.00491	0.00928	0.00362	0.00350
14	0.00726	0.00614	0.00651	0.00601	0.00824	0.00504	0.00456	0.00889	0.01251	0.01576	0.10773	0.04547	0.60081	0.01216	0.00609	0.00168	0.00293	0.01016	0.00487	0.12717
15	0.00933	0.00703	0.00860	0.00866	0.00974	0.00734	0.00628	0.13135	0.01291	0.01723	0.02751	0.54445	0.08941	0.03045	0.00782	0.00216	0.05693	0.01256	0.00491	0.00532
16	0.10069	0.07506	0.01350	0.00959	0.01343	0.01075	0.00798	0.15255	0.01639	0.41890	0.10860	0.01854	0.01609	0.00691	0.00523	0.00164	0.00469	0.00546	0.00574	0.00826

[dist]
# distance from previous block
# <min> <max>
5	12

[block]
# block no. 6 follows, 44 sequences, length 31
# corresponding to MSA columns:
# 665-695
name=unknown_G
#
# <colnr> <probs for GDERKNQSTAVLIFYWHMCP>
#	G	D	E	R	K	N	Q	S	T	A	V	L	I	F	Y	W	H	M	C	P
0	0.01889	0.01374	0.01498	0.01155	0.01575	0.01465	0.00946	0.59336	0.02266	0.06086	0.01470	0.04311	0.02931	0.00682	0.00537	0.00157	0.00553	0.00529	0.00522	0.10720
1	0.04199	0.01148	0.04407	0.05747	0.10868	0.01184	0.01038	0.17701	0.16369	0.03906	0.08469	0.04094	0.03377	0.00847	0.00626	0.00187	0.03255	0.11371	0.00466	0.00742
2	0.42142	0.01505	0.19374	0.04889	0.06800	0.01215	0.06935	0.01725	0.01090	0.08357	0.00980	0.01132	0.00720	0.00520	0.00445	0.00171	0.00584	0.00390	0.00326	0.00700
3	0.01183	0.01278	0.08231	0.33011	0.30783	0.03616	0.01520	0.01582	0.04100	0.01602	0.01125	0.01596	0.00924	0.00705	0.03667	0.00203	0.00721	0.03155	0.00276	0.00721
4	0.04429	0.10797	0.14380	0.01376	0.04709	0.42902	0.01172	0.04768	0.01401	0.01533	0.01065	0.01218	0.03356	0.00719	0.03775	0.00178	0.00859	0.00399	0.00287	0.00676
5	0.01187	0.03731	0.01280	0.07202	0.14165	0.08146	0.00939	0.01433	0.03235	0.07853	0.08859	0.16754	0.08618	0.00999	0.00646	0.00186	0.03597	0.08613	0.00426	0.02133
6	0.06859	0.06135	0.63041	0.01494	0.04156	0.03289	0.01798	0.01753	0.01159	0.04092	0.00987	0.01143	0.00709	0.00520	0.00499	0.00169	0.00759	0.00396	0.00254	0.00787
7	0.01150	0.00842	0.01019	0.00962	0.03687	0.00854	0.00695	0.17090	0.01391	0.04273	0.04273	0.27628	0.05116	0.08431	0.04450	0.00242	0.03568	0.00892	0.03787	0.09647
8	0.00763	0.00564	0.00667	0.00650	0.00806	0.00499	0.00490	0.00958	0.01378	0.04034	0.37655	0.08703	0.36090	0.01261	0.00647	0.00182	0.00282	0.03318	0.00554	0.00499
9	0.05741	0.02651	0.70221	0.01591	0.05767	0.01265	0.01920	0.01717	0.01143	0.01769	0.00968	0.01145	0.00693	0.00516	0.00509	0.00172	0.00777	0.00401	0.00238	0.00796
10	0.50385	0.07885	0.24034	0.01002	0.01493	0.01325	0.01057	0.04174	0.01064	0.02174	0.00843	0.00978	0.00640	0.00512	0.00399	0.00166	0.00555	0.00334	0.00304	0.00675
11	0.00839	0.00679	0.00719	0.00677	0.00879	0.00636	0.00515	0.08450	0.05381	0.01779	0.11798	0.08714	0.54418	0.01266	0.00632	0.00183	0.00317	0.01062	0.00522	0.00533
12	0.00697	0.00554	0.00626	0.00608	0.00769	0.00483	0.00456	0.00885	0.01367	0.01769	0.35263	0.04759	0.47294	0.01270	0.00644	0.00179	0.00268	0.01082	0.00545	0.00483
13	0.05098	0.11284	0.01645	0.02971	0.01627	0.38714	0.00995	0.21567	0.04302	0.01970	0.01191	0.01270	0.03847	0.00612	0.00493	0.00149	0.00760	0.00423	0.00365	0.00717
14	0.22849	0.05497	0.01421	0.03118	0.03830	0.01477	0.00892	0.42605	0.01848	0.02772	0.01156	0.01369	0.00909	0.07179	0.00665	0.00193	0.00553	0.00455	0.00442	0.00771
15	0.00689	0.00491	0.00656	0.00780	0.00820	0.00464	0.00539	0.00797	0.01059	0.01407	0.02960	0.71019	0.03517	0.03729	0.00755	0.00232	0.00340	0.08800	0.00501	0.00446
16	0.00725	0.00591	0.00629	0.00606	0.00789	0.00519	0.00458	0.03747	0.01353	0.01688	0.19282	0.04865	0.60236	0.01301	0.00640	0.00181	0.00285	0.01093	0.00526	0.00489
17	0.01160	0.00853	0.01062	0.01097	0.04728	0.00900	0.00841	0.04553	0.23892	0.06895	0.09558	0.11293	0.02626	0.01125	0.00646	0.00208	0.00447	0.26920	0.00530	0.00666
18	0.01067	0.01011	0.01735	0.61360	0.03312	0.01225	0.08870	0.01415	0.01093	0.01458	0.01008	0.01467	0.00773	0.00573	0.00642	0.00183	0.06825	0.00501	0.04869	0.00613
19	0.00671	0.00479	0.00640	0.00767	0.00801	0.00449	0.00518	0.00771	0.01050	0.01399	0.03001	0.78140	0.03591	0.01702	0.00698	0.00222	0.00322	0.03827	0.00506	0.00445
20	0.03075	0.00676	0.00807	0.00788	0.00962	0.00664	0.00617	0.02844	0.09654	0.04545	0.30379	0.09529	0.18510	0.01195	0.00643	0.00192	0.00345	0.13467	0.00547	0.00560
21	0.05903	0.01059	0.01645	0.43676	0.21006	0.01213	0.01379	0.01653	0.09000	0.03802	0.03658	0.01555	0.01014	0.00571	0.00536	0.00176	0.00637	0.00506	0.00311	0.00700
22	0.01076	0.01029	0.01783	0.64015	0.12193	0.01215	0.06283	0.01435	0.01119	0.01461	0.01028	0.03128	0.00811	0.00557	0.00554	0.00180	0.00721	0.00518	0.00253	0.00640
23	0.00854	0.00616	0.00847	0.00964	0.01089	0.00609	0.00832	0.01091	0.01244	0.01610	0.03057	0.09538	0.07787	0.01508	0.00744	0.00245	0.00479	0.65887	0.00502	0.00497
24	0.03664	0.00608	0.00627	0.00598	0.00743	0.00639	0.00455	0.04790	0.03103	0.02048	0.01702	0.02000	0.01361	0.03510	0.02529	0.00167	0.02091	0.00515	0.68316	0.00535
25	0.01664	0.03772	0.01356	0.01099	0.01442	0.06655	0.00878	0.22846	0.34774	0.09415	0.01891	0.01803	0.03559	0.00702	0.00533	0.00169	0.00509	0.00556	0.05545	0.00833
26	0.02226	0.03658	0.03762	0.00871	0.01265	0.00884	0.00720	0.06592	0.08798	0.05323	0.05860	0.03878	0.07921	0.02483	0.01942	0.00148	0.00443	0.00531	0.00407	0.42290
27	0.01209	0.00920	0.01050	0.00924	0.01169	0.00932	0.00701	0.21177	0.09214	0.02101	0.04944	0.27001	0.02141	0.07941	0.00772	0.00204	0.00438	0.02386	0.00480	0.14294
28	0.03381	0.01736	0.24026	0.07304	0.24080	0.01315	0.19019	0.04563	0.01240	0.01787	0.01053	0.02701	0.00834	0.00541	0.00608	0.00176	0.04073	0.00513	0.00273	0.00777
29	0.29213	0.05096	0.08862	0.08908	0.05991	0.17747	0.04590	0.01680	0.01172	0.01852	0.02943	0.02651	0.00878	0.00557	0.00453	0.00159	0.00641	0.00413	0.03071	0.03121
30	0.01694	0.33752	0.08676	0.01148	0.01559	0.28573	0.01034	0.01931	0.03178	0.08496	0.01002	0.01133	0.00820	0.02645	0.00502	0.00147	0.00722	0.00368	0.00303	0.02317

[dist]
# distance from previous block
# <min> <max>
1	7

[block]
# block no. 7 follows, 44 sequences, length 52
# corresponding to MSA columns:
# 703-730,734-757
name=unknown_H
#
# <colnr> <probs for GDERKNQSTAVLIFYWHMCP>
#	G	D	E	R	K	N	Q	S	T	A	V	L	I	F	Y	W	H	M	C	P
0	0.01338	0.12526	0.01802	0.01322	0.03013	0.13269	0.11077	0.04533	0.02621	0.03181	0.13624	0.03093	0.03522	0.00848	0.02627	0.00194	0.19837	0.00580	0.00349	0.00643
1	0.05770	0.07099	0.03904	0.00961	0.02335	0.02998	0.00759	0.17274	0.08596	0.02002	0.04666	0.14663	0.05158	0.12403	0.00859	0.00217	0.00488	0.00717	0.00431	0.08699
2	0.13912	0.26641	0.18024	0.01033	0.01467	0.09973	0.01042	0.01681	0.01153	0.04373	0.01019	0.01167	0.00812	0.00538	0.00444	0.00145	0.02417	0.00369	0.13112	0.00675
3	0.01787	0.01431	0.01420	0.01173	0.01539	0.09324	0.00937	0.34491	0.27455	0.07874	0.01719	0.02889	0.02479	0.00699	0.00545	0.00169	0.00559	0.00548	0.00525	0.02439
4	0.01621	0.49541	0.06294	0.01056	0.01495	0.11499	0.00992	0.07959	0.02844	0.07929	0.00996	0.01087	0.00814	0.00640	0.03012	0.00157	0.00662	0.00359	0.00311	0.00731
5	0.03492	0.00905	0.01121	0.00914	0.01222	0.00872	0.00730	0.13242	0.03490	0.31204	0.23784	0.04993	0.02429	0.02448	0.00636	0.00175	0.01853	0.00688	0.00583	0.05220
6	0.08242	0.04496	0.03002	0.02114	0.02644	0.01396	0.66361	0.01730	0.01250	0.01787	0.01061	0.01399	0.00803	0.00464	0.00607	0.00180	0.00865	0.00601	0.00279	0.00722
7	0.00882	0.00602	0.00680	0.00655	0.00695	0.00611	0.00399	0.06389	0.00969	0.01299	0.05068	0.06836	0.02115	0.67827	0.02422	0.00472	0.00512	0.00812	0.00366	0.00388
8	0.01064	0.00822	0.01045	0.03779	0.01152	0.02151	0.00759	0.09873	0.01126	0.01640	0.01419	0.04798	0.01313	0.09501	0.30221	0.00474	0.14248	0.00590	0.13472	0.00551
9	0.00774	0.00563	0.00673	0.00649	0.00803	0.00499	0.00485	0.00973	0.01395	0.04525	0.41913	0.09320	0.32954	0.01240	0.00644	0.00179	0.00276	0.01070	0.00560	0.00503
10	0.01287	0.01471	0.03217	0.02298	0.02849	0.01379	0.75460	0.01746	0.01287	0.01746	0.01103	0.01471	0.00827	0.00460	0.00643	0.00184	0.00919	0.00643	0.00276	0.00735
11	0.01200	0.01213	0.01785	0.01496	0.01537	0.01648	0.06731	0.01344	0.00869	0.01344	0.00745	0.01213	0.00724	0.00917	0.01704	0.00234	0.73958	0.00489	0.00241	0.00607
12	0.00669	0.00485	0.00633	0.00749	0.00796	0.00450	0.00509	0.00772	0.01066	0.01405	0.03209	0.72106	0.09662	0.01675	0.00693	0.00219	0.00318	0.03629	0.00506	0.00446
13	0.00692	0.00545	0.00609	0.00646	0.00777	0.00485	0.00476	0.00821	0.01161	0.01433	0.04364	0.18098	0.47601	0.10067	0.00897	0.00236	0.00337	0.09820	0.00487	0.00448
14	0.01025	0.00961	0.01609	0.74680	0.03595	0.01204	0.01476	0.01376	0.01076	0.01386	0.00980	0.01472	0.00749	0.00684	0.03403	0.00208	0.02784	0.00488	0.00244	0.00601
15	0.01294	0.01287	0.04763	0.04841	0.66806	0.01237	0.01616	0.01624	0.01236	0.01758	0.01176	0.01741	0.01042	0.00572	0.00557	0.00170	0.00643	0.06526	0.00287	0.00826
16	0.00675	0.00485	0.00641	0.00746	0.00792	0.00451	0.00505	0.00789	0.01103	0.01480	0.11138	0.70434	0.05465	0.01636	0.00689	0.00215	0.00309	0.01479	0.00516	0.00451
17	0.80284	0.01048	0.00826	0.00730	0.01072	0.01200	0.00602	0.01659	0.00962	0.06485	0.00834	0.00938	0.00631	0.00515	0.00349	0.00169	0.00424	0.00309	0.00355	0.00608
18	0.01839	0.01682	0.01509	0.06644	0.03674	0.23839	0.01025	0.33927	0.09115	0.04201	0.01279	0.01398	0.00974	0.02969	0.00590	0.00170	0.00688	0.00473	0.03224	0.00780
19	0.01301	0.14087	0.46898	0.01484	0.04579	0.04312	0.06928	0.01772	0.01209	0.07879	0.01212	0.01339	0.03538	0.00551	0.00509	0.00164	0.00735	0.00443	0.00284	0.00778
20	0.01544	0.01321	0.11499	0.01037	0.01524	0.01034	0.00942	0.17787	0.04188	0.14888	0.04176	0.01437	0.01103	0.00558	0.00488	0.00133	0.00505	0.00443	0.00436	0.34956
21	0.00791	0.00563	0.00768	0.00768	0.00832	0.00623	0.00551	0.00919	0.00855	0.01215	0.01559	0.02634	0.01579	0.30646	0.50046	0.00734	0.01102	0.00654	0.02730	0.00433
22	0.00690	0.00551	0.00618	0.00607	0.00766	0.00479	0.00453	0.00869	0.01341	0.01722	0.30722	0.07686	0.48974	0.01299	0.00646	0.00181	0.00271	0.01108	0.00539	0.00479
23	0.84691	0.01054	0.00801	0.00717	0.01054	0.01223	0.00590	0.01603	0.00928	0.02446	0.00759	0.00886	0.00590	0.00506	0.00337	0.00169	0.00422	0.00295	0.00337	0.00590
24	0.01247	0.01399	0.02971	0.02155	0.02640	0.01350	0.66236	0.01664	0.01242	0.01697	0.01175	0.05588	0.00965	0.00560	0.00728	0.00190	0.06519	0.00679	0.00285	0.00710
25	0.01043	0.00992	0.01682	0.74457	0.03644	0.01233	0.03648	0.01400	0.01087	0.01400	0.00964	0.01445	0.00729	0.00557	0.00593	0.00184	0.03602	0.00489	0.00243	0.00609
26	0.01427	0.00749	0.00924	0.00801	0.01064	0.00685	0.00627	0.02918	0.07158	0.30172	0.15974	0.09707	0.21480	0.01020	0.00598	0.00178	0.00363	0.00864	0.02609	0.00682
27	0.00680	0.00544	0.00614	0.00660	0.00801	0.00478	0.00497	0.00823	0.01198	0.01475	0.04590	0.22864	0.50331	0.01473	0.00671	0.00202	0.00315	0.10818	0.00506	0.00462
28	0.00707	0.00495	0.00629	0.00708	0.00738	0.00472	0.00458	0.00788	0.01011	0.01358	0.08078	0.53706	0.03271	0.23461	0.01265	0.00302	0.00370	0.01300	0.00465	0.00417
29	0.04105	0.01124	0.01331	0.01062	0.01438	0.01139	0.00866	0.32680	0.01899	0.34855	0.01877	0.09650	0.01441	0.00794	0.00563	0.00175	0.00506	0.03048	0.00590	0.00856
30	0.00764	0.00571	0.00711	0.00673	0.00816	0.00526	0.00506	0.01032	0.03314	0.02065	0.62969	0.04225	0.17496	0.01151	0.00641	0.00174	0.00265	0.01005	0.00583	0.00514
31	0.01933	0.01405	0.01501	0.01169	0.01568	0.01552	0.00960	0.65021	0.05084	0.03244	0.01392	0.01413	0.01004	0.00655	0.00528	0.00160	0.00557	0.00497	0.09478	0.00880
32	0.01283	0.01458	0.03149	0.02260	0.02787	0.01392	0.72187	0.01727	0.01267	0.01727	0.01086	0.01458	0.00822	0.00481	0.00694	0.00186	0.04397	0.00636	0.00274	0.00729
33	0.01118	0.01100	0.03538	0.52892	0.25830	0.01220	0.01547	0.01470	0.01141	0.01519	0.01097	0.01507	0.02620	0.00547	0.00545	0.00176	0.00694	0.00499	0.00257	0.00684
34	0.00665	0.00565	0.00576	0.00577	0.00757	0.00483	0.00431	0.00839	0.03085	0.01505	0.06916	0.08070	0.70920	0.01372	0.00644	0.00185	0.00281	0.01149	0.00510	0.00471
35	0.01921	0.01364	0.01489	0.01164	0.01563	0.01478	0.00955	0.60821	0.02299	0.07074	0.01476	0.05287	0.01142	0.00715	0.00546	0.00164	0.00556	0.02211	0.03740	0.04036
36	0.01246	0.01008	0.04348	0.00882	0.01127	0.09092	0.00713	0.05210	0.05443	0.13225	0.34836	0.06776	0.11921	0.00980	0.00600	0.00172	0.00421	0.00829	0.00540	0.00630
37	0.02246	0.00594	0.00747	0.00774	0.00890	0.00573	0.00560	0.01129	0.07115	0.05632	0.24923	0.41093	0.06754	0.01364	0.00655	0.00200	0.00321	0.03361	0.00543	0.00527
38	0.05242	0.01020	0.01292	0.00997	0.01412	0.00952	0.00822	0.14416	0.01693	0.61216	0.02048	0.01816	0.03114	0.00683	0.00543	0.00168	0.00480	0.00545	0.00638	0.00904
39	0.01142	0.13323	0.67941	0.01471	0.02231	0.01386	0.01869	0.01714	0.01145	0.01667	0.00949	0.01114	0.00692	0.00511	0.00495	0.00165	0.00776	0.00388	0.00231	0.00791
40	0.06087	0.01592	0.01665	0.14982	0.07617	0.17553	0.04417	0.31326	0.05517	0.02340	0.01139	0.01290	0.00855	0.00592	0.00528	0.00164	0.00702	0.00463	0.00395	0.00776
41	0.00679	0.00486	0.00636	0.00751	0.00790	0.00455	0.00506	0.00775	0.01045	0.01384	0.03023	0.70556	0.06289	0.06193	0.00814	0.00239	0.00334	0.04111	0.00496	0.00439
42	0.00664	0.00474	0.00633	0.00759	0.00791	0.00443	0.00506	0.00759	0.01044	0.01392	0.03005	0.80485	0.03606	0.01708	0.00696	0.00221	0.00316	0.01550	0.00506	0.00443
43	0.00828	0.00561	0.00648	0.00658	0.00691	0.00560	0.00405	0.04103	0.00950	0.01287	0.03294	0.20285	0.02327	0.55917	0.02104	0.00426	0.00471	0.00939	0.03155	0.00390
44	0.01090	0.00772	0.00963	0.00957	0.01137	0.00791	0.00789	0.14489	0.02933	0.03498	0.12944	0.13848	0.04301	0.01271	0.00675	0.00214	0.00451	0.35861	0.02430	0.00587
45	0.01458	0.81168	0.02857	0.00933	0.01399	0.02157	0.00933	0.01632	0.01108	0.01283	0.00758	0.00875	0.00700	0.00466	0.00350	0.00117	0.00583	0.00292	0.00233	0.00700
46	0.01130	0.00969	0.01130	0.00807	0.01292	0.00727	0.00646	0.01373	0.01130	0.01776	0.00969	0.01130	0.00807	0.00404	0.00404	0.00081	0.00404	0.00323	0.00323	0.84173
47	0.00793	0.00529	0.00595	0.00595	0.00595	0.00529	0.00330	0.00793	0.00793	0.01057	0.01718	0.03568	0.01982	0.80840	0.02775	0.00529	0.00529	0.00793	0.00330	0.00330
48	0.01506	0.72598	0.02722	0.00976	0.01425	0.04890	0.00948	0.05520	0.01194	0.01398	0.00789	0.00907	0.00712	0.00489	0.00393	0.00122	0.02143	0.00308	0.00251	0.00707
49	0.07153	0.52866	0.17405	0.01066	0.01585	0.03135	0.01127	0.05603	0.01199	0.03323	0.00864	0.00977	0.00717	0.00496	0.00399	0.00135	0.00621	0.00331	0.00267	0.00729
50	0.04927	0.04345	0.01420	0.01141	0.04322	0.04999	0.00893	0.23523	0.08431	0.31462	0.05711	0.01776	0.03189	0.00688	0.00537	0.00165	0.00521	0.00544	0.00555	0.00851
51	0.00792	0.00530	0.00602	0.00599	0.00606	0.00528	0.00340	0.00805	0.00832	0.01116	0.05668	0.03594	0.02148	0.76666	0.02663	0.00510	0.00514	0.00803	0.00344	0.00340

[dist]
# distance from previous block
# <min> <max>
0	2

[block]
# block no. 8 follows, 44 sequences, length 27
# corresponding to MSA columns:
# 760-786
name=unknown_I
#
# <colnr> <probs for GDERKNQSTAVLIFYWHMCP>
#	G	D	E	R	K	N	Q	S	T	A	V	L	I	F	Y	W	H	M	C	P
0	0.01212	0.01012	0.01162	0.00852	0.01310	0.00830	0.00679	0.07938	0.04183	0.01920	0.01071	0.01256	0.00888	0.02911	0.00495	0.00106	0.00426	0.00364	0.00352	0.71034
1	0.03463	0.14787	0.15280	0.01255	0.03863	0.20608	0.01125	0.16103	0.01525	0.03906	0.03204	0.04099	0.01039	0.00695	0.02249	0.00168	0.00705	0.00459	0.04740	0.00725
2	0.00869	0.00610	0.00815	0.00904	0.01039	0.00588	0.00763	0.01089	0.01253	0.03922	0.05758	0.12436	0.14076	0.01467	0.00722	0.00233	0.00443	0.51998	0.00512	0.00504
3	0.01262	0.09308	0.01783	0.01380	0.01441	0.05592	0.01160	0.01388	0.00898	0.01310	0.00726	0.01150	0.00713	0.00885	0.01579	0.00221	0.67902	0.00452	0.00240	0.00609
4	0.14425	0.16242	0.15025	0.07869	0.01860	0.11885	0.05373	0.13327	0.03699	0.01970	0.01002	0.01155	0.00774	0.00543	0.00467	0.00157	0.00671	0.00403	0.02431	0.00722
5	0.01454	0.01181	0.01013	0.00897	0.01125	0.16544	0.00694	0.17478	0.05056	0.02144	0.01473	0.01659	0.01154	0.00795	0.03405	0.02691	0.00535	0.00480	0.39592	0.00631
6	0.00828	0.00600	0.00816	0.00930	0.01048	0.00588	0.00786	0.01048	0.01226	0.01585	0.03147	0.15896	0.10085	0.01521	0.00735	0.00241	0.00456	0.57470	0.00503	0.00490
7	0.00790	0.00541	0.00657	0.00657	0.00678	0.00562	0.00408	0.00833	0.00811	0.01103	0.01661	0.03254	0.01846	0.63941	0.19488	0.00605	0.00734	0.00747	0.00322	0.00365
8	0.00738	0.00575	0.00683	0.00727	0.00870	0.00527	0.00569	0.00944	0.02940	0.01599	0.12250	0.16154	0.37719	0.01417	0.00678	0.00206	0.00342	0.20062	0.00517	0.00484
9	0.00808	0.00577	0.00797	0.00923	0.01018	0.00566	0.00755	0.01007	0.01185	0.01552	0.02926	0.30723	0.03292	0.01573	0.00734	0.00241	0.00441	0.49896	0.00503	0.00482
10	0.00662	0.00557	0.00576	0.00583	0.00762	0.00472	0.00444	0.00810	0.01252	0.01503	0.07450	0.05265	0.70801	0.01380	0.00651	0.00188	0.00289	0.05384	0.00509	0.00464
11	0.01277	0.01542	0.07151	0.02259	0.02824	0.01373	0.71597	0.01745	0.01280	0.01745	0.01096	0.01454	0.00820	0.00463	0.00637	0.00183	0.00913	0.00631	0.00273	0.00739
12	0.00669	0.00478	0.00637	0.00756	0.00792	0.00446	0.00506	0.00772	0.01067	0.01429	0.06500	0.76883	0.03678	0.01680	0.00693	0.00219	0.00314	0.01523	0.00511	0.00446
13	0.00768	0.00619	0.00694	0.00710	0.00876	0.00579	0.00551	0.01060	0.08275	0.01609	0.09391	0.09497	0.44897	0.03768	0.00724	0.00208	0.00341	0.14418	0.00511	0.00504
14	0.01093	0.02820	0.78016	0.01554	0.02360	0.01266	0.02014	0.01727	0.01151	0.01727	0.00978	0.01151	0.00691	0.00518	0.00518	0.00173	0.00806	0.00403	0.00230	0.00806
15	0.00784	0.00527	0.00608	0.00615	0.00621	0.00529	0.00354	0.00798	0.00811	0.01085	0.01786	0.08165	0.02056	0.73107	0.05564	0.00523	0.00551	0.00831	0.00339	0.00343
16	0.00670	0.00479	0.00638	0.00755	0.00792	0.00447	0.00507	0.00775	0.01073	0.01438	0.07332	0.76025	0.03696	0.01673	0.00693	0.00218	0.00313	0.01517	0.00512	0.00447
17	0.00696	0.00552	0.00626	0.00613	0.00770	0.00481	0.00458	0.00881	0.01356	0.01757	0.34214	0.07466	0.45626	0.01285	0.00646	0.00180	0.00270	0.01099	0.00544	0.00481
18	0.01843	0.01306	0.01410	0.01120	0.01491	0.01431	0.00911	0.54958	0.07780	0.06060	0.01546	0.05202	0.01181	0.00709	0.00534	0.00164	0.00528	0.00554	0.10421	0.00850
19	0.04633	0.73520	0.07164	0.00961	0.01442	0.02069	0.00983	0.01637	0.01103	0.01353	0.00771	0.00891	0.00695	0.00471	0.00359	0.00122	0.00590	0.00298	0.00237	0.00702
20	0.00983	0.00874	0.00969	0.00942	0.01070	0.11196	0.00725	0.02826	0.01008	0.01335	0.01386	0.01999	0.01280	0.05309	0.62960	0.00737	0.01330	0.00554	0.02006	0.00513
