[name]
unknown

[dist]
# distance from previous block
# <min> <max>
0	150

[block]
# block no. 0 follows, 45 sequences, length 7
# corresponding to MSA columns:
# 185-191
name=unknown_A
#
# <colnr> <probs for GDERKNQSTAVLIFYWHMCP>
#	G	D	E	R	K	N	Q	S	T	A	V	L	I	F	Y	W	H	M	C	P
0	0.01045	0.00634	0.00823	0.03400	0.00946	0.00654	0.02045	0.02862	0.01052	0.09101	0.06267	0.04317	0.01743	0.25981	0.13500	0.03203	0.02513	0.00654	0.18767	0.00493
1	0.05677	0.00598	0.00723	0.00762	0.00866	0.00577	0.00532	0.04896	0.01114	0.04737	0.02635	0.57238	0.05707	0.07385	0.00791	0.00226	0.00355	0.01245	0.00478	0.03456
2	0.06572	0.00956	0.01047	0.00885	0.01151	0.01015	0.00698	0.27742	0.04538	0.09763	0.05201	0.08443	0.03155	0.04782	0.03260	0.00201	0.00466	0.00626	0.18811	0.00689
3	0.04977	0.01365	0.04105	0.09541	0.01763	0.05501	0.01012	0.33709	0.18062	0.09063	0.04385	0.01569	0.01210	0.00655	0.00531	0.00168	0.00564	0.00515	0.00487	0.00817
4	0.01800	0.06279	0.07526	0.01228	0.03975	0.03758	0.01031	0.31736	0.19589	0.15162	0.01557	0.01500	0.01113	0.00638	0.00524	0.00164	0.00557	0.00499	0.00501	0.00865
5	0.01757	0.01160	0.01302	0.01157	0.05757	0.05319	0.00862	0.20085	0.17777	0.23772	0.05293	0.01979	0.03468	0.06976	0.00715	0.00195	0.00511	0.00581	0.00530	0.00804
6	0.05049	0.01337	0.02882	0.01199	0.04037	0.07857	0.00946	0.24076	0.18064	0.17212	0.04052	0.01583	0.01235	0.00673	0.00601	0.00168	0.05399	0.00512	0.00497	0.02621

[dist]
# distance from previous block
# <min> <max>
9	37

[block]
# block no. 1 follows, 45 sequences, length 45
# corresponding to MSA columns:
# 229-273
name=unknown_B
#
# <colnr> <probs for GDERKNQSTAVLIFYWHMCP>
#	G	D	E	R	K	N	Q	S	T	A	V	L	I	F	Y	W	H	M	C	P
0	0.04441	0.03270	0.01920	0.01689	0.13510	0.05917	0.14851	0.29248	0.05347	0.07930	0.01229	0.01347	0.00912	0.00574	0.00568	0.00163	0.02714	0.00496	0.00412	0.03461
1	0.01475	0.14198	0.04157	0.03390	0.15523	0.04013	0.23266	0.12296	0.01380	0.05490	0.01044	0.01278	0.00819	0.00551	0.00655	0.00167	0.08734	0.00490	0.00315	0.00759
2	0.08489	0.04789	0.14053	0.01657	0.08490	0.11090	0.19140	0.16469	0.07008	0.02075	0.01107	0.01267	0.00836	0.00538	0.00525	0.00164	0.00722	0.00474	0.00340	0.00766
3	0.07386	0.04589	0.05327	0.05157	0.10551	0.02866	0.08200	0.22655	0.14108	0.07868	0.01331	0.01405	0.00985	0.00580	0.00516	0.00162	0.00589	0.00485	0.00420	0.04820
4	0.25695	0.01252	0.03034	0.09644	0.01637	0.03967	0.02067	0.25190	0.08146	0.04714	0.01176	0.01346	0.00900	0.04349	0.00574	0.00179	0.00545	0.00441	0.00409	0.04735
5	0.09381	0.25450	0.13969	0.01151	0.02921	0.05759	0.04663	0.09569	0.01311	0.09800	0.01042	0.01144	0.00801	0.00584	0.02052	0.00156	0.00623	0.00384	0.00332	0.08910
6	0.05883	0.03113	0.03594	0.01285	0.03203	0.06825	0.12577	0.13030	0.07498	0.32377	0.01624	0.04038	0.01159	0.00637	0.00540	0.00167	0.00589	0.00546	0.00496	0.00817
7	0.65142	0.01016	0.00962	0.02496	0.04299	0.01132	0.02404	0.01649	0.00994	0.10322	0.00924	0.01053	0.00696	0.00579	0.00456	0.04113	0.00449	0.00345	0.00357	0.00615
8	0.01274	0.01220	0.02080	0.16587	0.64922	0.01261	0.01620	0.01599	0.01196	0.01687	0.01000	0.01346	0.00827	0.00488	0.00532	0.00163	0.00651	0.00478	0.00261	0.00806
9	0.01701	0.09963	0.01498	0.00999	0.01430	0.01248	0.00831	0.30921	0.01720	0.14049	0.01266	0.01344	0.00950	0.03217	0.00546	0.00143	0.00506	0.00429	0.00448	0.26789
10	0.00775	0.00580	0.00703	0.00661	0.00807	0.00535	0.00495	0.03559	0.01460	0.01993	0.55305	0.04172	0.21953	0.03795	0.00700	0.00183	0.00278	0.00986	0.00558	0.00502
11	0.01014	0.00954	0.01610	0.79845	0.03697	0.01193	0.01491	0.01371	0.01073	0.01371	0.00954	0.01431	0.00716	0.00537	0.00537	0.00179	0.00716	0.00477	0.00239	0.00596
12	0.84927	0.01038	0.00789	0.00706	0.01038	0.01204	0.00581	0.01578	0.00914	0.02408	0.00747	0.00872	0.00581	0.00498	0.00332	0.00166	0.00415	0.00291	0.00332	0.00581
13	0.59908	0.01120	0.01001	0.00838	0.01198	0.01257	0.00691	0.16809	0.01303	0.10106	0.00993	0.01051	0.00723	0.00544	0.00394	0.00165	0.00455	0.00354	0.00407	0.00682
14	0.01113	0.00954	0.01113	0.00795	0.01272	0.00716	0.00636	0.01352	0.01113	0.01749	0.00954	0.01113	0.00795	0.00398	0.00398	0.00080	0.00398	0.00318	0.00318	0.84417
15	0.00744	0.00548	0.00696	0.00659	0.00792	0.00500	0.00494	0.00982	0.01482	0.02064	0.68398	0.04156	0.14226	0.01131	0.00633	0.00170	0.00256	0.00991	0.00579	0.00500
16	0.02041	0.01504	0.01611	0.01235	0.01665	0.01665	0.01020	0.75997	0.02524	0.03383	0.01289	0.01289	0.00913	0.00644	0.00537	0.00161	0.00591	0.00483	0.00537	0.00913
17	0.00932	0.00466	0.00699	0.00699	0.00699	0.00466	0.00466	0.00699	0.00699	0.00932	0.00932	0.01632	0.00932	0.01865	0.02098	0.84382	0.00466	0.00466	0.00233	0.00233
18	0.00921	0.00556	0.00755	0.00827	0.00925	0.00521	0.00617	0.01056	0.01130	0.10707	0.02786	0.52419	0.03119	0.01517	0.00711	0.02055	0.00374	0.17991	0.00512	0.00503
19	0.02041	0.01504	0.01611	0.01235	0.01665	0.01665	0.01020	0.75997	0.02524	0.03383	0.01289	0.01289	0.00913	0.00644	0.00537	0.00161	0.00591	0.00483	0.00537	0.00913
20	0.00740	0.00503	0.00598	0.00638	0.00648	0.00493	0.00381	0.00770	0.00861	0.01147	0.02101	0.28512	0.02469	0.55430	0.02070	0.00423	0.00453	0.01022	0.00381	0.00361
21	0.04867	0.00552	0.00680	0.00710	0.00789	0.00529	0.00481	0.00968	0.01065	0.07057	0.12664	0.41338	0.03052	0.21368	0.01163	0.00281	0.00371	0.01132	0.00472	0.00460
22	0.00664	0.00471	0.00620	0.00735	0.00763	0.00443	0.00485	0.00750	0.01008	0.01344	0.02858	0.74659	0.03424	0.07981	0.00847	0.00242	0.00328	0.01467	0.00485	0.00427
23	0.00659	0.00471	0.00627	0.00744	0.00780	0.00439	0.00499	0.00760	0.01051	0.01407	0.06452	0.77187	0.03621	0.01654	0.00683	0.00216	0.00309	0.01500	0.00503	0.00439
24	0.00755	0.00542	0.00662	0.00666	0.00785	0.00492	0.00485	0.00924	0.01276	0.03596	0.33496	0.18366	0.23287	0.08293	0.00829	0.00215	0.00307	0.04025	0.00524	0.00473
25	0.01386	0.00690	0.00889	0.00799	0.01017	0.00640	0.00620	0.01653	0.05099	0.28699	0.19731	0.16378	0.02702	0.02352	0.00614	0.00181	0.00360	0.04472	0.11070	0.00650
26	0.01355	0.01163	0.01225	0.01096	0.01403	0.01344	0.00854	0.04862	0.74776	0.02277	0.02160	0.01983	0.01619	0.00726	0.00546	0.00181	0.00429	0.00603	0.00546	0.00851
27	0.84927	0.01038	0.00789	0.00706	0.01038	0.01204	0.00581	0.01578	0.00914	0.02408	0.00747	0.00872	0.00581	0.00498	0.00332	0.00166	0.00415	0.00291	0.00332	0.00581
28	0.17677	0.00871	0.01048	0.00849	0.01201	0.00812	0.00695	0.02104	0.01382	0.49846	0.07263	0.02197	0.08985	0.00745	0.00520	0.00169	0.00418	0.01870	0.00577	0.00771
29	0.84927	0.01038	0.00789	0.00706	0.01038	0.01204	0.00581	0.01578	0.00914	0.02408	0.00747	0.00872	0.00581	0.00498	0.00332	0.00166	0.00415	0.00291	0.00332	0.00581
30	0.00657	0.00495	0.00609	0.00686	0.00766	0.00446	0.00474	0.00775	0.01121	0.01455	0.09624	0.53790	0.24065	0.01546	0.00667	0.00204	0.00296	0.01373	0.00506	0.00446
31	0.00688	0.00538	0.00624	0.00620	0.00763	0.00473	0.00458	0.00869	0.01326	0.01733	0.35076	0.12594	0.39749	0.01284	0.00639	0.00180	0.00268	0.01107	0.00537	0.00473
32	0.00784	0.00560	0.00717	0.00721	0.00790	0.00577	0.00500	0.00966	0.04642	0.01439	0.18619	0.14631	0.02696	0.27922	0.19533	0.02546	0.00637	0.00869	0.00409	0.00440
33	0.00759	0.00566	0.00836	0.00846	0.00934	0.00649	0.00647	0.00937	0.00872	0.01249	0.01557	0.07904	0.01523	0.06290	0.70874	0.00805	0.01327	0.00651	0.00304	0.00471
34	0.00779	0.00567	0.00851	0.00851	0.00940	0.00656	0.00656	0.00940	0.00851	0.01223	0.01401	0.02074	0.01312	0.03868	0.73386	0.06968	0.01367	0.00567	0.00284	0.00461
35	0.01436	0.72010	0.08274	0.00985	0.01460	0.05661	0.01002	0.01639	0.01114	0.01297	0.00766	0.00886	0.00688	0.00467	0.00363	0.00120	0.00609	0.00298	0.00232	0.00693
36	0.01285	0.01329	0.01978	0.31801	0.29430	0.10775	0.10450	0.01644	0.03172	0.01564	0.01006	0.01355	0.00796	0.00513	0.00540	0.00167	0.00734	0.00484	0.00265	0.00711
37	0.01075	0.02652	0.72647	0.01546	0.02308	0.01231	0.05606	0.01677	0.01137	0.01693	0.01020	0.03178	0.00760	0.00537	0.00521	0.00172	0.00787	0.00437	0.00236	0.00781
38	0.01329	0.01275	0.02179	0.03295	0.77787	0.01275	0.01647	0.01647	0.01222	0.01754	0.01010	0.01329	0.00850	0.00478	0.00531	0.00159	0.00638	0.00478	0.00266	0.00850
39	0.01305	0.01251	0.02135	0.09127	0.72142	0.01269	0.01635	0.01626	0.01211	0.01725	0.01005	0.01336	0.00840	0.00483	0.00532	0.00161	0.00644	0.00478	0.00264	0.00831
40	0.01049	0.01013	0.01781	0.69625	0.06190	0.01212	0.08735	0.01415	0.01097	0.01419	0.00969	0.01429	0.00730	0.00526	0.00546	0.00178	0.00731	0.00492	0.00243	0.00618
41	0.01173	0.01184	0.01754	0.05230	0.01621	0.01602	0.06647	0.01327	0.00867	0.01327	0.00744	0.01207	0.00713	0.00885	0.01620	0.00228	0.70553	0.00482	0.00238	0.00598
42	0.00635	0.00541	0.00547	0.00551	0.00727	0.00453	0.00411	0.00770	0.01217	0.01447	0.05351	0.07825	0.74966	0.01371	0.00636	0.00183	0.00273	0.01147	0.00498	0.00453
43	0.01094	0.02658	0.71617	0.01596	0.02366	0.01257	0.08600	0.01702	0.01145	0.01702	0.00974	0.01161	0.00692	0.00505	0.00521	0.00171	0.00803	0.00418	0.00231	0.00787
44	0.08782	0.24978	0.37711	0.01162	0.01728	0.01396	0.01337	0.01632	0.01161	0.05269	0.09066	0.01369	0.01170	0.00564	0.00461	0.00153	0.00623	0.00423	0.00296	0.00719

[dist]
# distance from previous block
# <min> <max>
0	18

[block]
# block no. 2 follows, 45 sequences, length 6
# corresponding to MSA columns:
# 292-297
name=unknown_C
#
# <colnr> <probs for GDERKNQSTAVLIFYWHMCP>
#	G	D	E	R	K	N	Q	S	T	A	V	L	I	F	Y	W	H	M	C	P
0	0.00643	0.00512	0.00577	0.00628	0.00747	0.00446	0.00445	0.00761	0.01142	0.01417	0.04407	0.36593	0.46807	0.01493	0.00655	0.00197	0.00288	0.01296	0.00498	0.00446
1	0.01486	0.01560	0.01768	0.13035	0.27765	0.22544	0.03999	0.06525	0.06788	0.01674	0.01075	0.01376	0.00886	0.03752	0.00654	0.00176	0.03443	0.00469	0.00304	0.00722
2	0.01736	0.04358	0.01661	0.01449	0.07781	0.24714	0.06876	0.18719	0.15892	0.06756	0.01448	0.01486	0.03453	0.00622	0.00527	0.00159	0.00682	0.00494	0.00414	0.00771
3	0.05080	0.01390	0.08252	0.09378	0.04360	0.11325	0.01051	0.11319	0.01538	0.38579	0.01533	0.01492	0.01028	0.00608	0.00521	0.00163	0.00602	0.00477	0.00488	0.00817
4	0.01770	0.01360	0.01615	0.01252	0.01669	0.01460	0.07614	0.45656	0.17370	0.05922	0.01460	0.01456	0.01059	0.00626	0.00537	0.00161	0.00564	0.00511	0.00503	0.07435
5	0.08840	0.01319	0.06458	0.01277	0.09128	0.07474	0.02794	0.13788	0.16846	0.04325	0.07105	0.01928	0.08518	0.00691	0.00521	0.00161	0.00525	0.00562	0.00431	0.07307

[dist]
# distance from previous block
# <min> <max>
0	1

[block]
# block no. 3 follows, 45 sequences, length 65
# corresponding to MSA columns:
# 299,305-368
name=unknown_D
#
# <colnr> <probs for GDERKNQSTAVLIFYWHMCP>
#	G	D	E	R	K	N	Q	S	T	A	V	L	I	F	Y	W	H	M	C	P
0	0.01995	0.01206	0.08415	0.01135	0.04195	0.01036	0.00959	0.18263	0.04572	0.43226	0.07837	0.01811	0.01473	0.00676	0.00544	0.00166	0.00506	0.00549	0.00572	0.00865
1	0.00913	0.00594	0.00777	0.00704	0.00867	0.00538	0.00535	0.01162	0.01506	0.08639	0.68333	0.03720	0.04593	0.01035	0.00617	0.00165	0.00276	0.00911	0.00587	0.03525
2	0.01284	0.01230	0.02098	0.14175	0.67256	0.01264	0.01625	0.01608	0.01201	0.01699	0.01002	0.01343	0.00831	0.00487	0.00532	0.00162	0.00649	0.00478	0.00262	0.00814
3	0.01245	0.01744	0.24589	0.01782	0.02375	0.01230	0.39690	0.01760	0.04570	0.04891	0.01127	0.01360	0.00831	0.00484	0.00564	0.00166	0.00777	0.00525	0.00292	0.09998
4	0.80562	0.01072	0.02477	0.00731	0.01076	0.01192	0.00618	0.01613	0.00938	0.04739	0.00795	0.00907	0.00607	0.00504	0.00342	0.00166	0.00425	0.00301	0.00340	0.00596
5	0.01127	0.00999	0.01302	0.00930	0.01413	0.00775	0.07549	0.01385	0.01127	0.01746	0.00966	0.01144	0.00797	0.00403	0.00419	0.00089	0.00444	0.00347	0.00314	0.76723
6	0.05714	0.01483	0.01575	0.01212	0.01637	0.01644	0.01001	0.72699	0.02452	0.03340	0.01265	0.01270	0.00898	0.00638	0.00528	0.00161	0.00583	0.00475	0.00528	0.00898
7	0.01367	0.00684	0.00908	0.00775	0.01010	0.00610	0.00608	0.01600	0.01518	0.30293	0.47604	0.03233	0.05663	0.00944	0.00599	0.00168	0.00329	0.00816	0.00616	0.00656
8	0.84927	0.01038	0.00789	0.00706	0.01038	0.01204	0.00581	0.01578	0.00914	0.02408	0.00747	0.00872	0.00581	0.00498	0.00332	0.00166	0.00415	0.00291	0.00332	0.00581
9	0.01320	0.01249	0.01990	0.04249	0.52903	0.01293	0.05987	0.01943	0.19813	0.01865	0.01302	0.01504	0.01039	0.00539	0.00541	0.00167	0.00603	0.00519	0.00334	0.00837
10	0.02370	0.00915	0.01242	0.00950	0.01367	0.00787	0.00784	0.02578	0.01524	0.75865	0.02083	0.01806	0.01313	0.00656	0.00536	0.00163	0.00455	0.00533	0.00654	0.03420
11	0.02408	0.00914	0.01246	0.00955	0.01370	0.00789	0.00789	0.02616	0.01536	0.78158	0.02118	0.01827	0.01329	0.00664	0.00540	0.00166	0.00457	0.00540	0.00664	0.00914
12	0.00638	0.00544	0.00548	0.00547	0.00727	0.00455	0.00410	0.00777	0.01231	0.01468	0.07272	0.05137	0.75724	0.01353	0.00634	0.00181	0.00271	0.01129	0.00501	0.00455
13	0.84927	0.01038	0.00789	0.00706	0.01038	0.01204	0.00581	0.01578	0.00914	0.02408	0.00747	0.00872	0.00581	0.00498	0.00332	0.00166	0.00415	0.00291	0.00332	0.00581
14	0.84927	0.01038	0.00789	0.00706	0.01038	0.01204	0.00581	0.01578	0.00914	0.02408	0.00747	0.00872	0.00581	0.00498	0.00332	0.00166	0.00415	0.00291	0.00332	0.00581
15	0.01149	0.00953	0.01117	0.00799	0.01275	0.00718	0.00640	0.01386	0.01125	0.03838	0.00986	0.01133	0.00810	0.00405	0.00401	0.00082	0.00399	0.00324	0.00327	0.82134
16	0.00781	0.00520	0.00585	0.00585	0.00585	0.00520	0.00325	0.00781	0.00781	0.01041	0.01691	0.03513	0.01952	0.81135	0.02732	0.00520	0.00520	0.00781	0.00325	0.00325
17	0.01692	0.01814	0.04033	0.04686	0.28491	0.29518	0.01286	0.16104	0.03913	0.01907	0.01031	0.01209	0.00819	0.00548	0.00515	0.00154	0.00749	0.00433	0.00328	0.00769
18	0.00654	0.00467	0.00623	0.00747	0.00779	0.00436	0.00498	0.00747	0.01028	0.01370	0.02959	0.80785	0.03550	0.01682	0.00685	0.00218	0.00311	0.01526	0.00498	0.00436
19	0.00694	0.00548	0.00628	0.00637	0.00777	0.00491	0.00466	0.00895	0.03500	0.01653	0.24869	0.19802	0.40450	0.01332	0.00642	0.00185	0.00279	0.01151	0.00526	0.00476
20	0.01789	0.16466	0.01765	0.10383	0.01845	0.54089	0.01068	0.03987	0.01420	0.01368	0.00842	0.01011	0.00700	0.00537	0.00467	0.00139	0.00858	0.00354	0.00271	0.00639
21	0.01232	0.16116	0.02020	0.01407	0.01549	0.01703	0.08921	0.01395	0.00918	0.01331	0.00752	0.01145	0.00713	0.00799	0.01381	0.00207	0.57098	0.00453	0.00238	0.00620
22	0.01482	0.45110	0.11840	0.01157	0.01591	0.19684	0.03618	0.01713	0.01197	0.01362	0.02236	0.01033	0.00788	0.00588	0.02108	0.00150	0.03067	0.00350	0.00250	0.00677
23	0.82781	0.03105	0.00841	0.00711	0.01047	0.01228	0.00590	0.01579	0.00918	0.02379	0.00747	0.00872	0.00584	0.00497	0.00333	0.00165	0.00419	0.00291	0.00330	0.00584
24	0.01329	0.01275	0.02179	0.03295	0.77787	0.01275	0.01647	0.01647	0.01222	0.01754	0.01010	0.01329	0.00850	0.00478	0.00531	0.00159	0.00638	0.00478	0.00266	0.00850
25	0.01267	0.01187	0.04122	0.17218	0.01895	0.05358	0.03439	0.13198	0.05296	0.01910	0.07621	0.01580	0.01226	0.03017	0.00656	0.00159	0.06016	0.00486	0.00359	0.23991
26	0.00756	0.00550	0.00713	0.00677	0.00807	0.00507	0.00511	0.01003	0.01496	0.02101	0.71745	0.04125	0.08740	0.01121	0.00636	0.00172	0.00261	0.02990	0.00583	0.00503
27	0.01360	0.01165	0.01228	0.01097	0.01405	0.01347	0.00856	0.05396	0.74234	0.02285	0.02154	0.01978	0.01613	0.00725	0.00546	0.00181	0.00431	0.00603	0.00546	0.00852
28	0.01145	0.17696	0.64030	0.01414	0.02144	0.01413	0.01781	0.01682	0.01125	0.01617	0.00922	0.01082	0.00682	0.00500	0.00479	0.00160	0.00752	0.00376	0.00227	0.00774
29	0.01308	0.01271	0.02129	0.11181	0.66966	0.02765	0.03267	0.01630	0.01214	0.01705	0.01002	0.01335	0.00832	0.00485	0.00533	0.00162	0.00658	0.00479	0.00263	0.00817
30	0.01476	0.75741	0.02719	0.00952	0.01398	0.07693	0.00927	0.01646	0.01122	0.01267	0.00752	0.00869	0.00689	0.00466	0.00355	0.00117	0.00603	0.00291	0.00233	0.00684
31	0.00766	0.00514	0.00590	0.00604	0.00608	0.00511	0.00345	0.00777	0.00809	0.01079	0.01838	0.12463	0.02137	0.71933	0.02495	0.00485	0.00496	0.00867	0.00345	0.00338
32	0.00773	0.00572	0.00779	0.02630	0.03719	0.00571	0.00627	0.00911	0.01075	0.01444	0.08932	0.39545	0.03092	0.14486	0.01044	0.00267	0.02356	0.16262	0.00456	0.00458
33	0.84927	0.01038	0.00789	0.00706	0.01038	0.01204	0.00581	0.01578	0.00914	0.02408	0.00747	0.00872	0.00581	0.00498	0.00332	0.00166	0.00415	0.00291	0.00332	0.00581
34	0.01379	0.01382	0.02123	0.04444	0.66001	0.07924	0.03871	0.01712	0.02838	0.01718	0.01020	0.01317	0.00850	0.00490	0.00531	0.00159	0.00671	0.00474	0.00272	0.00822
35	0.00932	0.00466	0.00699	0.00699	0.00699	0.00466	0.00466	0.00699	0.00699	0.00932	0.00932	0.01632	0.00932	0.01865	0.02098	0.84382	0.00466	0.00466	0.00233	0.00233
36	0.01375	0.01210	0.01234	0.01106	0.01411	0.04043	0.00860	0.04504	0.72496	0.02239	0.02117	0.01950	0.01589	0.00720	0.00544	0.00180	0.00448	0.00595	0.00537	0.00843
37	0.00681	0.00503	0.00638	0.00702	0.00783	0.00460	0.00494	0.00823	0.01182	0.01573	0.20821	0.47951	0.16570	0.01485	0.00666	0.00201	0.00296	0.03196	0.00520	0.00457
38	0.00671	0.00519	0.00614	0.00658	0.00772	0.00462	0.00475	0.00815	0.01200	0.01542	0.16249	0.33235	0.35201	0.01441	0.00657	0.00195	0.00292	0.04031	0.00513	0.00457
39	0.00767	0.00575	0.00863	0.00863	0.00959	0.00671	0.00671	0.00959	0.00863	0.01246	0.01438	0.02109	0.01342	0.04026	0.79008	0.00863	0.01438	0.00575	0.00288	0.00479
40	0.00781	0.00520	0.00585	0.00585	0.00585	0.00520	0.00325	0.00781	0.00781	0.01041	0.01691	0.03513	0.01952	0.81135	0.02732	0.00520	0.00520	0.00781	0.00325	0.00325
41	0.84927	0.01038	0.00789	0.00706	0.01038	0.01204	0.00581	0.01578	0.00914	0.02408	0.00747	0.00872	0.00581	0.00498	0.00332	0.00166	0.00415	0.00291	0.00332	0.00581
42	0.00781	0.00520	0.00585	0.00585	0.00585	0.00520	0.00325	0.00781	0.00781	0.01041	0.01691	0.03513	0.01952	0.81135	0.02732	0.00520	0.00520	0.00781	0.00325	0.00325
43	0.01335	0.01153	0.01214	0.01092	0.01396	0.01335	0.00850	0.02852	0.76817	0.02245	0.02185	0.02003	0.01639	0.00728	0.00546	0.00182	0.00425	0.00607	0.00546	0.00850
44	0.01132	0.01108	0.01549	0.01340	0.01346	0.01534	0.01107	0.01249	0.00823	0.01279	0.00793	0.01332	0.00798	0.04446	0.06849	0.00288	0.71728	0.00489	0.00242	0.00569
45	0.01001	0.00500	0.00500	0.00500	0.00625	0.00500	0.00375	0.01251	0.01126	0.02001	0.01751	0.02001	0.01376	0.00625	0.00375	0.00125	0.00250	0.00500	0.84115	0.00500
46	0.01113	0.00954	0.01113	0.00795	0.01272	0.00716	0.00636	0.01352	0.01113	0.01749	0.00954	0.01113	0.00795	0.00398	0.00398	0.00080	0.00398	0.00318	0.00318	0.84417
47	0.01435	0.81458	0.02813	0.00918	0.01378	0.02124	0.00918	0.01607	0.01091	0.01263	0.00746	0.00861	0.00689	0.00459	0.00344	0.00115	0.00574	0.00287	0.00230	0.00689
48	0.00634	0.00544	0.00544	0.00544	0.00725	0.00453	0.00408	0.00770	0.01224	0.01450	0.05438	0.05166	0.77569	0.01359	0.00634	0.00181	0.00272	0.01133	0.00498	0.00453
49	0.01001	0.00500	0.00500	0.00500	0.00625	0.00500	0.00375	0.01251	0.01126	0.02001	0.01751	0.02001	0.01376	0.00625	0.00375	0.00125	0.00250	0.00500	0.84115	0.00500
50	0.01113	0.00954	0.01113	0.00795	0.01272	0.00716	0.00636	0.01352	0.01113	0.01749	0.00954	0.01113	0.00795	0.00398	0.00398	0.00080	0.00398	0.00318	0.00318	0.84417
51	0.01418	0.77626	0.06492	0.00948	0.01424	0.02081	0.00970	0.01612	0.01093	0.01284	0.00757	0.00874	0.00688	0.00462	0.00352	0.00117	0.00585	0.00292	0.00229	0.00694
52	0.01077	0.02777	0.78354	0.01530	0.02323	0.01247	0.01983	0.01700	0.01133	0.01700	0.00963	0.01133	0.00680	0.00510	0.00510	0.00170	0.00793	0.00397	0.00227	0.00793
53	0.00654	0.00467	0.00623	0.00747	0.00779	0.00436	0.00498	0.00747	0.01028	0.01370	0.02959	0.80785	0.03550	0.01682	0.00685	0.00218	0.00311	0.01526	0.00498	0.00436
54	0.01136	0.01217	0.02421	0.01790	0.02224	0.01154	0.52549	0.01610	0.07720	0.01722	0.04185	0.05286	0.12991	0.00684	0.00628	0.00182	0.00723	0.00754	0.00349	0.00675
55	0.01329	0.01275	0.02179	0.03295	0.77787	0.01275	0.01647	0.01647	0.01222	0.01754	0.01010	0.01329	0.00850	0.00478	0.00531	0.00159	0.00638	0.00478	0.00266	0.00850
56	0.00696	0.00497	0.00670	0.00791	0.00841	0.00471	0.00567	0.00821	0.01077	0.01431	0.04557	0.65178	0.03497	0.01632	0.00695	0.00222	0.00344	0.15064	0.00500	0.00448
57	0.02307	0.00908	0.01218	0.00941	0.01339	0.00799	0.00774	0.04799	0.01552	0.71273	0.03927	0.01870	0.01409	0.00673	0.00536	0.00165	0.00449	0.00547	0.03626	0.00889
58	0.02074	0.07111	0.07932	0.01000	0.01426	0.00950	0.00892	0.04904	0.03178	0.56613	0.03305	0.05359	0.01388	0.00691	0.00531	0.00165	0.00488	0.00561	0.00578	0.00855
59	0.02384	0.00953	0.01270	0.00974	0.01390	0.00847	0.00804	0.07497	0.01602	0.73185	0.02063	0.01791	0.01301	0.00663	0.00540	0.00166	0.00466	0.00536	0.00656	0.00913
60	0.00707	0.00547	0.00644	0.00620	0.00769	0.00484	0.00465	0.00911	0.01395	0.01856	0.47094	0.04498	0.35659	0.01208	0.00634	0.00174	0.00261	0.01039	0.00552	0.00484
61	0.01442	0.76653	0.05040	0.00951	0.01415	0.04478	0.00954	0.01627	0.01105	0.01278	0.00755	0.00873	0.00689	0.00464	0.00354	0.00117	0.00593	0.00292	0.00231	0.00690
62	0.01310	0.01266	0.02183	0.03190	0.72957	0.01260	0.04677	0.01631	0.01224	0.01745	0.01113	0.01420	0.02580	0.00497	0.00538	0.00161	0.00640	0.00499	0.00271	0.00836
63	0.00634	0.00544	0.00544	0.00544	0.00725	0.00453	0.00408	0.00770	0.01224	0.01450	0.05438	0.05166	0.77569	0.01359	0.00634	0.00181	0.00272	0.01133	0.00498	0.00453
64	0.01307	0.01401	0.08674	0.03099	0.69776	0.01274	0.01660	0.01676	0.02755	0.01759	0.01030	0.01326	0.00852	0.00486	0.00530	0.00161	0.00647	0.00474	0.00268	0.00845

[dist]
# distance from previous block
# <min> <max>
0	1

[block]
# block no. 4 follows, 45 sequences, length 79
# corresponding to MSA columns:
# 370-448
name=unknown_E
#
# <colnr> <probs for GDERKNQSTAVLIFYWHMCP>
#	G	D	E	R	K	N	Q	S	T	A	V	L	I	F	Y	W	H	M	C	P
0	0.01387	0.01380	0.02081	0.03036	0.67965	0.07918	0.01561	0.01742	0.04530	0.01737	0.01045	0.01327	0.00871	0.00496	0.00528	0.00159	0.00657	0.00473	0.00279	0.00831
1	0.10371	0.01144	0.03062	0.01007	0.01397	0.01133	0.00841	0.27219	0.05299	0.32340	0.03447	0.01780	0.05536	0.00688	0.00522	0.00165	0.00485	0.00537	0.02194	0.00831
2	0.69185	0.01066	0.01020	0.05242	0.11555	0.01213	0.00774	0.01576	0.00964	0.02265	0.00794	0.00963	0.00625	0.00498	0.00370	0.00166	0.00461	0.00326	0.00318	0.00618
3	0.00681	0.00532	0.00606	0.00630	0.00757	0.00472	0.00458	0.00822	0.01195	0.01517	0.15453	0.19509	0.42170	0.07837	0.00819	0.00217	0.00309	0.05067	0.00498	0.00450
4	0.01236	0.26321	0.35230	0.01487	0.03510	0.02924	0.15243	0.01657	0.01158	0.01569	0.02896	0.01185	0.00825	0.00507	0.00508	0.00156	0.02182	0.00424	0.00247	0.00736
5	0.00719	0.00583	0.00642	0.00621	0.00792	0.00526	0.00467	0.00979	0.06042	0.01728	0.28624	0.04593	0.49293	0.01235	0.00628	0.00177	0.00275	0.01047	0.00531	0.00495
6	0.00741	0.00543	0.00694	0.00667	0.00793	0.00497	0.00496	0.00972	0.01459	0.02033	0.65617	0.08892	0.12274	0.01160	0.00636	0.00173	0.00259	0.01022	0.00576	0.00497
7	0.01113	0.00954	0.01113	0.00795	0.01272	0.00716	0.00636	0.01352	0.01113	0.01749	0.00954	0.01113	0.00795	0.00398	0.00398	0.00080	0.00398	0.00318	0.00318	0.84417
8	0.00781	0.00550	0.00711	0.00680	0.00808	0.00504	0.00506	0.01013	0.01461	0.03786	0.65127	0.10406	0.09340	0.01152	0.00635	0.00174	0.00264	0.01017	0.00579	0.00507
9	0.00781	0.00520	0.00585	0.00585	0.00585	0.00520	0.00325	0.00781	0.00781	0.01041	0.01691	0.03513	0.01952	0.81135	0.02732	0.00520	0.00520	0.00781	0.00325	0.00325
10	0.00634	0.00544	0.00544	0.00544	0.00725	0.00453	0.00408	0.00770	0.01224	0.01450	0.05438	0.05166	0.77569	0.01359	0.00634	0.00181	0.00272	0.01133	0.00498	0.00453
11	0.01978	0.01473	0.01576	0.01222	0.01641	0.01635	0.01005	0.69519	0.09103	0.03282	0.01368	0.01352	0.00977	0.00652	0.00538	0.00163	0.00576	0.00494	0.00538	0.00907
12	0.00748	0.00548	0.00701	0.00663	0.00794	0.00501	0.00497	0.00989	0.01491	0.02084	0.70519	0.04122	0.12092	0.01123	0.00633	0.00170	0.00255	0.00986	0.00582	0.00501
13	0.01435	0.81458	0.02813	0.00918	0.01378	0.02124	0.00918	0.01607	0.01091	0.01263	0.00746	0.00861	0.00689	0.00459	0.00344	0.00115	0.00574	0.00287	0.00230	0.00689
14	0.01113	0.00954	0.01113	0.00795	0.01272	0.00716	0.00636	0.01352	0.01113	0.01749	0.00954	0.01113	0.00795	0.00398	0.00398	0.00080	0.00398	0.00318	0.00318	0.84417
15	0.01087	0.05013	0.76207	0.01513	0.02296	0.01272	0.01953	0.01697	0.01132	0.01688	0.00957	0.01126	0.00680	0.00509	0.00505	0.00168	0.00787	0.00394	0.00227	0.00790
16	0.01014	0.00954	0.01610	0.79845	0.03697	0.01193	0.01491	0.01371	0.01073	0.01371	0.00954	0.01431	0.00716	0.00537	0.00537	0.00179	0.00716	0.00477	0.00239	0.00596
17	0.01435	0.81458	0.02813	0.00918	0.01378	0.02124	0.00918	0.01607	0.01091	0.01263	0.00746	0.00861	0.00689	0.00459	0.00344	0.00115	0.00574	0.00287	0.00230	0.00689
18	0.01400	0.01260	0.01245	0.01116	0.01421	0.06752	0.00867	0.04698	0.69648	0.02210	0.02067	0.01912	0.01554	0.00714	0.00542	0.00178	0.00467	0.00585	0.00527	0.00835
19	0.00802	0.00568	0.00735	0.00686	0.00823	0.00527	0.00517	0.01076	0.02926	0.03721	0.73164	0.03949	0.06292	0.01086	0.00630	0.00169	0.00261	0.00958	0.00590	0.00520
20	0.02997	0.02634	0.70754	0.01568	0.02331	0.01254	0.07685	0.01699	0.01139	0.01718	0.00968	0.01152	0.00688	0.00505	0.00516	0.00171	0.00793	0.00413	0.00233	0.00783
21	0.01267	0.01448	0.03167	0.02262	0.02805	0.01357	0.75837	0.01719	0.01267	0.01719	0.01086	0.01448	0.00814	0.00452	0.00633	0.00181	0.00905	0.00633	0.00271	0.00724
22	0.00752	0.00548	0.00707	0.00667	0.00797	0.00503	0.00500	0.00998	0.01501	0.02109	0.73030	0.04081	0.09566	0.01114	0.00633	0.00170	0.00254	0.00981	0.00585	0.00503
23	0.11402	0.02619	0.01534	0.41122	0.02535	0.01351	0.01242	0.04583	0.01055	0.03380	0.00896	0.01282	0.00718	0.00653	0.00856	0.00191	0.23245	0.00450	0.00272	0.00615
24	0.01156	0.20134	0.61690	0.01395	0.02115	0.01440	0.01748	0.01680	0.01124	0.01604	0.00915	0.01073	0.00682	0.00499	0.00473	0.00158	0.00745	0.00372	0.00227	0.00770
25	0.00767	0.00575	0.00863	0.00863	0.00959	0.00671	0.00671	0.00959	0.00863	0.01246	0.01438	0.02109	0.01342	0.04026	0.79008	0.00863	0.01438	0.00575	0.00288	0.00479
26	0.00746	0.00541	0.00704	0.00679	0.00798	0.00498	0.00503	0.00981	0.01464	0.02059	0.68458	0.11480	0.06750	0.01161	0.00638	0.00174	0.00259	0.01029	0.00580	0.00498
27	0.01360	0.01343	0.02170	0.03176	0.72260	0.05094	0.03387	0.01673	0.01238	0.01731	0.01003	0.01314	0.00842	0.00481	0.00532	0.00159	0.00660	0.00475	0.00266	0.00836
28	0.01077	0.02777	0.78354	0.01530	0.02323	0.01247	0.01983	0.01700	0.01133	0.01700	0.00963	0.01133	0.00680	0.00510	0.00510	0.00170	0.00793	0.00397	0.00227	0.00793
29	0.00780	0.00524	0.00603	0.00603	0.00609	0.00530	0.00347	0.00792	0.00786	0.01054	0.01676	0.03426	0.01914	0.76348	0.07467	0.00542	0.00577	0.00768	0.00323	0.00335
30	0.01174	0.01174	0.01644	0.01409	0.01409	0.01644	0.01174	0.01292	0.00822	0.01292	0.00705	0.01174	0.00705	0.00940	0.01762	0.00235	0.80153	0.00470	0.00235	0.00587
31	0.01117	0.00966	0.01162	0.00830	0.01309	0.00731	0.02434	0.01360	0.01117	0.01748	0.00957	0.01121	0.00796	0.00399	0.00403	0.00082	0.00410	0.00326	0.00317	0.82415
32	0.01513	0.21035	0.02070	0.09550	0.28933	0.23136	0.01265	0.01780	0.03169	0.01487	0.00920	0.01142	0.00774	0.00507	0.00474	0.00145	0.00717	0.00398	0.00264	0.00723
33	0.00662	0.00470	0.00621	0.00737	0.00767	0.00441	0.00488	0.00749	0.01012	0.01350	0.02880	0.75988	0.03451	0.06614	0.00812	0.00237	0.00324	0.01480	0.00488	0.00429
34	0.00669	0.00545	0.00591	0.00580	0.00746	0.00468	0.00435	0.00837	0.01305	0.01643	0.25184	0.04849	0.57703	0.01288	0.00634	0.00178	0.00267	0.01088	0.00524	0.00468
35	0.84927	0.01038	0.00789	0.00706	0.01038	0.01204	0.00581	0.01578	0.00914	0.02408	0.00747	0.00872	0.00581	0.00498	0.00332	0.00166	0.00415	0.00291	0.00332	0.00581
36	0.00656	0.00469	0.00625	0.00746	0.00779	0.00438	0.00498	0.00753	0.01039	0.01387	0.04597	0.79097	0.03584	0.01669	0.00684	0.00217	0.00310	0.01514	0.00500	0.00438
37	0.01335	0.01153	0.01214	0.01092	0.01396	0.01335	0.00850	0.02852	0.76817	0.02245	0.02185	0.02003	0.01639	0.00728	0.00546	0.00182	0.00425	0.00607	0.00546	0.00850
38	0.82953	0.01035	0.00800	0.00712	0.01046	0.01194	0.00586	0.01603	0.00928	0.04220	0.00780	0.00895	0.00599	0.00502	0.00337	0.00166	0.00416	0.00297	0.00340	0.00589
39	0.01677	0.04848	0.01463	0.01165	0.01522	0.10051	0.00936	0.31517	0.32789	0.02526	0.01607	0.01621	0.01218	0.00672	0.00528	0.00165	0.00557	0.01999	0.00493	0.02645
40	0.01325	0.01001	0.01156	0.00889	0.01292	0.00895	0.00710	0.12487	0.08969	0.07897	0.08681	0.03429	0.01416	0.00585	0.00473	0.00120	0.00417	0.00480	0.00430	0.47347
41	0.01343	0.48725	0.29536	0.01160	0.01730	0.04479	0.01303	0.03586	0.01158	0.01475	0.00840	0.00972	0.00692	0.00485	0.00413	0.00136	0.00666	0.00333	0.00238	0.00729
42	0.01120	0.12291	0.69220	0.01456	0.02209	0.01353	0.01855	0.01689	0.01128	0.01647	0.00937	0.01100	0.00681	0.00504	0.00490	0.00163	0.00767	0.00383	0.00227	0.00781
43	0.00654	0.00545	0.00571	0.00565	0.00737	0.00462	0.00423	0.00809	0.01270	0.01561	0.16811	0.04983	0.66127	0.01318	0.00634	0.00179	0.00269	0.01107	0.00513	0.00462
44	0.01175	0.01119	0.01902	0.40592	0.41688	0.01235	0.01571	0.01513	0.01150	0.01567	0.00983	0.01379	0.00785	0.00507	0.00534	0.00169	0.00676	0.00478	0.00252	0.00727
45	0.01528	0.01548	0.02236	0.02424	0.35605	0.13048	0.19920	0.13526	0.01485	0.01937	0.01046	0.01298	0.00827	0.00509	0.00551	0.00162	0.00746	0.00498	0.00312	0.00794
46	0.01015	0.00676	0.00842	0.00763	0.00947	0.00657	0.00584	0.01447	0.12616	0.10132	0.56831	0.03511	0.05829	0.01004	0.00611	0.00171	0.00300	0.00876	0.00590	0.00599
47	0.02408	0.00914	0.01246	0.00955	0.01370	0.00789	0.00789	0.02616	0.01536	0.78158	0.02118	0.01827	0.01329	0.00664	0.00540	0.00166	0.00457	0.00540	0.00664	0.00914
48	0.01014	0.00954	0.01610	0.79845	0.03697	0.01193	0.01491	0.01371	0.01073	0.01371	0.00954	0.01431	0.00716	0.00537	0.00537	0.00179	0.00716	0.00477	0.00239	0.00596
49	0.02236	0.01164	0.08763	0.01044	0.01498	0.00937	0.00932	0.11242	0.01615	0.61867	0.01907	0.01696	0.01216	0.00647	0.00537	0.00166	0.00505	0.00519	0.00607	0.00902
50	0.00767	0.00574	0.00856	0.00856	0.00949	0.00667	0.00662	0.00954	0.00861	0.01241	0.01444	0.02144	0.01357	0.05963	0.77091	0.00854	0.01415	0.00580	0.00289	0.00475
51	0.01014	0.00954	0.01610	0.79845	0.03697	0.01193	0.01491	0.01371	0.01073	0.01371	0.00954	0.01431	0.00716	0.00537	0.00537	0.00179	0.00716	0.00477	0.00239	0.00596
52	0.00760	0.00549	0.00718	0.00675	0.00802	0.00506	0.00506	0.01013	0.01519	0.02153	0.77503	0.04010	0.05065	0.01097	0.00633	0.00169	0.00253	0.00971	0.00591	0.00506
53	0.00767	0.00575	0.00863	0.00863	0.00959	0.00671	0.00671	0.00959	0.00863	0.01246	0.01438	0.02109	0.01342	0.04026	0.79008	0.00863	0.01438	0.00575	0.00288	0.00479
54	0.00767	0.00575	0.00863	0.00863	0.00959	0.00671	0.00671	0.00959	0.00863	0.01246	0.01438	0.02109	0.01342	0.04026	0.79008	0.00863	0.01438	0.00575	0.00288	0.00479
55	0.00865	0.00618	0.00865	0.00989	0.01112	0.00618	0.00865	0.01112	0.01236	0.01606	0.02842	0.06055	0.03089	0.01483	0.00741	0.00247	0.00494	0.74174	0.00494	0.00494
56	0.01329	0.01275	0.02179	0.03295	0.77787	0.01275	0.01647	0.01647	0.01222	0.01754	0.01010	0.01329	0.00850	0.00478	0.00531	0.00159	0.00638	0.00478	0.00266	0.00850
57	0.01335	0.01153	0.01214	0.01092	0.01396	0.01335	0.00850	0.02852	0.76817	0.02245	0.02185	0.02003	0.01639	0.00728	0.00546	0.00182	0.00425	0.00607	0.00546	0.00850
58	0.01292	0.02204	0.54273	0.01396	0.02052	0.01136	0.04492	0.01861	0.04928	0.13984	0.04428	0.01536	0.01075	0.00591	0.00532	0.00172	0.00696	0.02222	0.00336	0.00794
59	0.01103	0.07631	0.71981	0.01508	0.02275	0.01304	0.03570	0.01695	0.01134	0.01673	0.00953	0.01123	0.00684	0.00506	0.00502	0.00167	0.00782	0.00395	0.00228	0.00785
60	0.01077	0.02777	0.78354	0.01530	0.02323	0.01247	0.01983	0.01700	0.01133	0.01700	0.00963	0.01133	0.00680	0.00510	0.00510	0.00170	0.00793	0.00397	0.00227	0.00793
61	0.48003	0.36603	0.01684	0.00800	0.01188	0.01611	0.00730	0.01591	0.00992	0.01902	0.00747	0.00867	0.00629	0.00481	0.00338	0.00143	0.00485	0.00289	0.00287	0.00629
62	0.01972	0.01470	0.01572	0.01221	0.01639	0.01633	0.01004	0.68908	0.09724	0.03273	0.01376	0.01358	0.00983	0.00653	0.00538	0.00163	0.00575	0.00495	0.00538	0.00907
63	0.01435	0.81458	0.02813	0.00918	0.01378	0.02124	0.00918	0.01607	0.01091	0.01263	0.00746	0.00861	0.00689	0.00459	0.00344	0.00115	0.00574	0.00287	0.00230	0.00689
64	0.00767	0.00575	0.00863	0.00863	0.00959	0.00671	0.00671	0.00959	0.00863	0.01246	0.01438	0.02109	0.01342	0.04026	0.79008	0.00863	0.01438	0.00575	0.00288	0.00479
65	0.00654	0.00467	0.00623	0.00747	0.00779	0.00436	0.00498	0.00747	0.01028	0.01370	0.02959	0.80785	0.03550	0.01682	0.00685	0.00218	0.00311	0.01526	0.00498	0.00436
66	0.00760	0.00549	0.00718	0.00675	0.00802	0.00506	0.00506	0.01013	0.01519	0.02153	0.77503	0.04010	0.05065	0.01097	0.00633	0.00169	0.00253	0.00971	0.00591	0.00506
67	0.01435	0.81458	0.02813	0.00918	0.01378	0.02124	0.00918	0.01607	0.01091	0.01263	0.00746	0.00861	0.00689	0.00459	0.00344	0.00115	0.00574	0.00287	0.00230	0.00689
68	0.01174	0.01174	0.01644	0.01409	0.01409	0.01644	0.01174	0.01292	0.00822	0.01292	0.00705	0.01174	0.00705	0.00940	0.01762	0.00235	0.80153	0.00470	0.00235	0.00587
69	0.02041	0.01504	0.01611	0.01235	0.01665	0.01665	0.01020	0.75997	0.02524	0.03383	0.01289	0.01289	0.00913	0.00644	0.00537	0.00161	0.00591	0.00483	0.00537	0.00913
70	0.00634	0.00544	0.00544	0.00544	0.00725	0.00453	0.00408	0.00770	0.01224	0.01450	0.05438	0.05166	0.77569	0.01359	0.00634	0.00181	0.00272	0.01133	0.00498	0.00453
71	0.00740	0.00549	0.00690	0.00659	0.00795	0.00499	0.00497	0.00972	0.01460	0.02014	0.62900	0.04263	0.18049	0.01153	0.00636	0.00173	0.00262	0.02621	0.00572	0.00497
72	0.00880	0.00646	0.00867	0.00967	0.01106	0.00652	0.00835	0.01199	0.05927	0.01636	0.02963	0.05748	0.07652	0.01428	0.00723	0.00239	0.00476	0.65043	0.00498	0.00514
73	0.00767	0.00575	0.00863	0.00863	0.00959	0.00671	0.00671	0.00959	0.00863	0.01246	0.01438	0.02109	0.01342	0.04026	0.79008	0.00863	0.01438	0.00575	0.00288	0.00479
74	0.00658	0.00470	0.00627	0.00745	0.00779	0.00439	0.00499	0.00758	0.01047	0.01400	0.05829	0.77829	0.03609	0.01659	0.00683	0.00216	0.00309	0.01505	0.00502	0.00439
75	0.00910	0.00652	0.00894	0.00998	0.01133	0.00658	0.00871	0.03995	0.01285	0.01675	0.02782	0.05871	0.03005	0.01451	0.00734	0.00244	0.00498	0.71336	0.00496	0.00510
76	0.11835	0.34815	0.01968	0.01056	0.01451	0.16891	0.00916	0.17071	0.04374	0.03709	0.00962	0.01038	0.00774	0.00536	0.00422	0.00139	0.00627	0.00358	0.00337	0.00720
77	0.01104	0.00949	0.01142	0.00822	0.01282	0.00723	0.02429	0.01338	0.01104	0.01721	0.00986	0.01214	0.00840	0.03507	0.00493	0.00099	0.00414	0.00343	0.00317	0.79170
78	0.03207	0.13364	0.20502	0.01923	0.25413	0.18528	0.01428	0.06503	0.01324	0.01691	0.00934	0.01123	0.00749	0.00511	0.00485	0.00151	0.00731	0.00398	0.00272	0.00762

[dist]
# distance from previous block
# <min> <max>
5	9

[block]
# block no. 5 follows, 45 sequences, length 22
# corresponding to MSA columns:
# 458-479
name=unknown_F
#
# <colnr> <probs for GDERKNQSTAVLIFYWHMCP>
#	G	D	E	R	K	N	Q	S	T	A	V	L	I	F	Y	W	H	M	C	P
0	0.00872	0.00672	0.00655	0.00645	0.00665	0.06363	0.00378	0.00882	0.00836	0.01061	0.01627	0.03323	0.01858	0.75135	0.02565	0.00492	0.00554	0.00748	0.00322	0.00347
1	0.00779	0.00528	0.00625	0.00625	0.00639	0.00542	0.00375	0.00806	0.00792	0.01070	0.01655	0.03312	0.01865	0.70134	0.13614	0.00569	0.00651	0.00751	0.00320	0.00347
2	0.64807	0.01018	0.00867	0.00727	0.01094	0.01087	0.00594	0.01524	0.00961	0.02250	0.00797	0.00930	0.00633	0.00474	0.00348	0.00145	0.00411	0.00297	0.00329	0.20707
3	0.01162	0.01100	0.01786	0.02634	0.59287	0.01078	0.01350	0.01437	0.01223	0.01681	0.02073	0.02250	0.19267	0.00690	0.00556	0.00165	0.00550	0.00635	0.00322	0.00755
4	0.01806	0.02226	0.01551	0.01389	0.01599	0.60415	0.01070	0.01939	0.01353	0.01308	0.00800	0.01018	0.00695	0.00646	0.00791	0.00161	0.19977	0.00375	0.00267	0.00614
5	0.01372	0.01464	0.01478	0.01669	0.19677	0.26270	0.01071	0.03124	0.01190	0.01433	0.01069	0.01489	0.00960	0.04385	0.22465	0.00368	0.09134	0.00472	0.00280	0.00629
6	0.01584	0.56464	0.05571	0.01035	0.01494	0.04493	0.00990	0.19487	0.01451	0.01791	0.00888	0.00978	0.00742	0.00509	0.00402	0.00129	0.00600	0.00341	0.00305	0.00745
7	0.01392	0.03770	0.02855	0.00900	0.01180	0.00938	0.00738	0.19386	0.04742	0.14884	0.39403	0.02742	0.03065	0.00867	0.00578	0.00165	0.00398	0.00731	0.00567	0.00697
8	0.02792	0.52914	0.02117	0.00903	0.01245	0.06366	0.00814	0.01469	0.01115	0.04028	0.01331	0.20088	0.01397	0.00766	0.00441	0.00144	0.00528	0.00597	0.00314	0.00630
9	0.07732	0.01071	0.01189	0.01023	0.01314	0.01151	0.00816	0.33917	0.08390	0.09078	0.01919	0.20814	0.01787	0.00956	0.00574	0.00184	0.00477	0.06352	0.00521	0.00736
10	0.00705	0.00503	0.00681	0.00805	0.00859	0.00480	0.00586	0.00835	0.01078	0.01427	0.02931	0.62845	0.03440	0.01634	0.00699	0.00225	0.00355	0.18966	0.00497	0.00450
11	0.01571	0.00864	0.01069	0.00920	0.01177	0.00880	0.00712	0.03644	0.25203	0.27742	0.08040	0.02004	0.01630	0.01008	0.00923	0.20388	0.00435	0.00578	0.00515	0.00696
12	0.04643	0.35663	0.16093	0.01086	0.01570	0.10513	0.01085	0.01928	0.01249	0.19849	0.01125	0.01156	0.00837	0.00530	0.00437	0.00142	0.00626	0.00375	0.00343	0.00750
13	0.64780	0.00909	0.00720	0.00657	0.00939	0.01035	0.00532	0.01499	0.00964	0.02311	0.00988	0.01143	0.00772	0.00529	0.00343	0.00156	0.00376	0.00341	0.20445	0.00562
14	0.01113	0.00637	0.00786	0.00707	0.00923	0.00559	0.00552	0.01312	0.01402	0.20115	0.29517	0.04000	0.31049	0.01107	0.00616	0.00176	0.00319	0.03958	0.00570	0.00584
15	0.01013	0.00790	0.00851	0.00764	0.00998	0.00776	0.00606	0.18912	0.02847	0.02004	0.10882	0.04140	0.45603	0.01162	0.00617	0.00180	0.00366	0.06392	0.00517	0.00578
16	0.01195	0.01337	0.09963	0.04155	0.38366	0.05788	0.05339	0.01565	0.03633	0.01821	0.19396	0.01959	0.01853	0.00643	0.00557	0.00164	0.00592	0.00592	0.00349	0.00735
17	0.01236	0.02277	0.54326	0.01911	0.20368	0.01219	0.01814	0.01756	0.01185	0.07406	0.01060	0.01232	0.00769	0.00514	0.00517	0.00167	0.00731	0.00427	0.00269	0.00816
18	0.00695	0.00557	0.00661	0.00666	0.00817	0.00523	0.00514	0.00864	0.01166	0.01479	0.11126	0.04388	0.46840	0.01984	0.19457	0.00349	0.00567	0.06422	0.00456	0.00468
19	0.01245	0.01193	0.01836	0.09438	0.38797	0.03516	0.06763	0.02811	0.01210	0.01708	0.01174	0.01439	0.03991	0.00513	0.00533	0.00145	0.02074	0.00474	0.00290	0.20851
20	0.04487	0.01256	0.09462	0.02587	0.09976	0.03430	0.28319	0.01542	0.01201	0.03526	0.01482	0.04944	0.04190	0.00601	0.00531	0.00163	0.00628	0.00592	0.20424	0.00662
21	0.02833	0.00761	0.01045	0.05118	0.01205	0.02207	0.00791	0.02958	0.00953	0.01389	0.03607	0.01893	0.01273	0.02949	0.53378	0.00640	0.12212	0.00544	0.00295	0.03950

[dist]
# distance from previous block
# <min> <max>
0	6

# created by:
# /st0/software/busco_prod/Augustus/scripts/msa2prfl.pl ./align_prep/128799.fa
