[name]
unknown

[dist]
# distance from previous block
# <min> <max>
9	244

[block]
# block no. 0 follows, 48 sequences, length 28
# corresponding to MSA columns:
# 305-332
name=unknown_A
#
# <colnr> <probs for GDERKNQSTAVLIFYWHMCP>
#	G	D	E	R	K	N	Q	S	T	A	V	L	I	F	Y	W	H	M	C	P
0	0.01502	0.01035	0.01375	0.07517	0.08694	0.01076	0.04537	0.17448	0.13335	0.18067	0.06146	0.06642	0.01445	0.02678	0.00600	0.00170	0.01950	0.00586	0.00462	0.04735
1	0.01379	0.00998	0.01245	0.06742	0.02680	0.01002	0.04238	0.22810	0.06254	0.10687	0.07383	0.03132	0.06853	0.07108	0.00677	0.00174	0.00477	0.00570	0.00440	0.15150
2	0.01407	0.01138	0.01405	0.08261	0.15737	0.03647	0.01012	0.27840	0.09620	0.04007	0.04178	0.08402	0.02927	0.00774	0.01625	0.00173	0.00538	0.04308	0.00425	0.02576
3	0.01426	0.01024	0.02843	0.06824	0.01400	0.06755	0.02025	0.11764	0.07426	0.19268	0.05555	0.15039	0.03667	0.02650	0.00575	0.00167	0.00475	0.00671	0.02075	0.08370
4	0.01413	0.01115	0.01262	0.11858	0.02645	0.08164	0.01939	0.14427	0.14154	0.11649	0.02864	0.06567	0.02774	0.06445	0.00725	0.00185	0.04764	0.00568	0.00417	0.06063
5	0.01511	0.00952	0.01109	0.00954	0.04909	0.05000	0.00717	0.04255	0.06361	0.28343	0.07633	0.02008	0.10120	0.00662	0.00493	0.00137	0.00424	0.00544	0.00473	0.23396
6	0.01238	0.04849	0.01534	0.08508	0.05110	0.01008	0.15512	0.11670	0.04140	0.10614	0.06249	0.09350	0.12696	0.02834	0.02194	0.00188	0.00543	0.00705	0.00411	0.00646
7	0.04186	0.01056	0.04157	0.01006	0.01412	0.00933	0.05784	0.15597	0.01490	0.34281	0.03337	0.04010	0.01175	0.00598	0.00491	0.00144	0.00475	0.00498	0.02255	0.17115
8	0.08465	0.01064	0.01165	0.00946	0.01271	0.03208	0.00758	0.29066	0.04810	0.25044	0.01872	0.07050	0.07074	0.05083	0.00626	0.00179	0.00473	0.00592	0.00511	0.00744
9	0.04992	0.00658	0.00787	0.03674	0.00961	0.00676	0.00557	0.05032	0.09035	0.06685	0.12224	0.29315	0.02550	0.19282	0.01036	0.00254	0.00388	0.00931	0.00451	0.00508
10	0.01708	0.01287	0.01405	0.01092	0.01480	0.01387	0.00894	0.57117	0.06950	0.02820	0.01253	0.01305	0.00929	0.00802	0.05716	0.00189	0.00583	0.00454	0.00470	0.12160
11	0.01372	0.82276	0.02689	0.00878	0.01317	0.02030	0.00878	0.01536	0.01043	0.01207	0.00713	0.00823	0.00658	0.00439	0.00329	0.00110	0.00549	0.00274	0.00219	0.00658
12	0.01059	0.10789	0.01282	0.00817	0.01213	0.00846	0.03950	0.01262	0.01037	0.01539	0.01048	0.05256	0.00973	0.07350	0.00586	0.00127	0.00428	0.00409	0.00301	0.59728
13	0.00735	0.00513	0.00630	0.00642	0.00660	0.00533	0.00405	0.00779	0.00794	0.01077	0.01738	0.14773	0.01976	0.56238	0.13934	0.00497	0.02577	0.00816	0.00328	0.00355
14	0.00709	0.00512	0.00671	0.00657	0.00763	0.00473	0.00483	0.00926	0.01375	0.01934	0.65954	0.16728	0.04601	0.01142	0.00613	0.00169	0.00251	0.01016	0.00550	0.00473
15	0.00657	0.00494	0.00656	0.00748	0.00782	0.00493	0.00515	0.00750	0.00977	0.01308	0.02786	0.73126	0.06365	0.01548	0.00721	0.00208	0.05603	0.01377	0.00460	0.00427
16	0.01173	0.11446	0.20577	0.13306	0.02476	0.03809	0.35409	0.01583	0.01134	0.01519	0.00939	0.01224	0.00715	0.00469	0.00544	0.00162	0.02113	0.00479	0.00240	0.00680
17	0.00617	0.00478	0.00563	0.00631	0.00722	0.00424	0.00439	0.00724	0.01062	0.01342	0.03840	0.48887	0.35486	0.01476	0.00634	0.00193	0.00282	0.01298	0.00476	0.00424
18	0.02302	0.00873	0.01191	0.00913	0.01310	0.00754	0.00754	0.02501	0.01469	0.79122	0.02024	0.01746	0.01270	0.00635	0.00516	0.00159	0.00437	0.00516	0.00635	0.00873
19	0.01109	0.09530	0.67148	0.01412	0.02120	0.01287	0.03321	0.05375	0.01149	0.01669	0.00921	0.01074	0.00664	0.00489	0.00477	0.00158	0.00733	0.00379	0.00233	0.00754
20	0.01479	0.01250	0.01683	0.01678	0.18796	0.02812	0.10290	0.18549	0.29599	0.06131	0.01495	0.01530	0.01119	0.00587	0.00526	0.00163	0.00553	0.00522	0.00429	0.00810
21	0.00635	0.00451	0.00592	0.00701	0.00729	0.00424	0.00462	0.00717	0.00962	0.01283	0.02725	0.75001	0.03264	0.08416	0.00821	0.00233	0.00315	0.01398	0.00462	0.00408
22	0.01052	0.07888	0.74273	0.01424	0.02161	0.01247	0.01829	0.01619	0.01081	0.01597	0.00907	0.01066	0.00651	0.00484	0.00477	0.00159	0.00745	0.00372	0.00217	0.00752
23	0.01380	0.74191	0.06731	0.00931	0.01378	0.05715	0.00938	0.01566	0.01064	0.01232	0.00728	0.00842	0.00658	0.00446	0.00344	0.00114	0.00578	0.00283	0.00221	0.00661
24	0.01963	0.01417	0.01528	0.01171	0.01581	0.01562	0.00967	0.74423	0.02379	0.05914	0.01260	0.01250	0.00887	0.00617	0.00513	0.00154	0.00560	0.00464	0.00518	0.00873
25	0.00748	0.00514	0.00663	0.00698	0.00787	0.00481	0.00497	0.00886	0.01142	0.05611	0.21367	0.46273	0.13691	0.01362	0.00654	0.00190	0.02267	0.01205	0.00500	0.00463
26	0.01527	0.01099	0.01247	0.00943	0.01360	0.01046	0.00765	0.28927	0.05474	0.10967	0.01246	0.02652	0.00945	0.00532	0.00456	0.00121	0.00453	0.00419	0.00431	0.39389
27	0.01787	0.01313	0.01534	0.01244	0.04398	0.01413	0.04723	0.54179	0.08623	0.08113	0.01372	0.03520	0.01017	0.00628	0.00518	0.00156	0.00545	0.00504	0.00492	0.03923

[dist]
# distance from previous block
# <min> <max>
0	10

[block]
# block no. 1 follows, 48 sequences, length 24
# corresponding to MSA columns:
# 343-366
name=unknown_B
#
# <colnr> <probs for GDERKNQSTAVLIFYWHMCP>
#	G	D	E	R	K	N	Q	S	T	A	V	L	I	F	Y	W	H	M	C	P
0	0.01681	0.01344	0.01333	0.01053	0.01429	0.11286	0.00844	0.38799	0.04054	0.07892	0.01258	0.04536	0.00988	0.01893	0.00517	0.00143	0.00544	0.00463	0.00439	0.19504
1	0.01098	0.05648	0.01183	0.06599	0.03181	0.00900	0.01993	0.13042	0.03702	0.01757	0.01536	0.23102	0.01547	0.03534	0.00569	0.00154	0.00436	0.00684	0.00378	0.28956
2	0.02979	0.00898	0.01055	0.00832	0.01182	0.00801	0.00658	0.09292	0.05204	0.09557	0.06718	0.10860	0.01451	0.00651	0.00492	0.00124	0.02266	0.00538	0.00407	0.44036
3	0.00625	0.00447	0.00595	0.00714	0.00744	0.00417	0.00476	0.00714	0.00982	0.01310	0.02828	0.81633	0.03394	0.01608	0.00655	0.00208	0.00298	0.01459	0.00476	0.00417
4	0.01364	0.09340	0.05154	0.01890	0.07588	0.01300	0.49121	0.01725	0.01206	0.11651	0.01112	0.01349	0.00825	0.00479	0.00594	0.00165	0.03582	0.00538	0.00301	0.00718
5	0.01315	0.01328	0.07248	0.15309	0.38595	0.08518	0.01346	0.01644	0.03071	0.06959	0.01033	0.01269	0.00811	0.00486	0.00491	0.00148	0.00622	0.00431	0.00286	0.09089
6	0.00624	0.00453	0.00589	0.00698	0.00740	0.00418	0.00469	0.00716	0.00999	0.01316	0.03034	0.74959	0.09934	0.01581	0.00651	0.00205	0.00294	0.01426	0.00476	0.00418
7	0.00969	0.00912	0.01539	0.80734	0.03534	0.01140	0.01425	0.01311	0.01026	0.01311	0.00912	0.01368	0.00684	0.00513	0.00513	0.00171	0.00684	0.00456	0.00228	0.00570
8	0.01334	0.42499	0.16745	0.01069	0.01520	0.07881	0.02877	0.08996	0.01211	0.01505	0.01009	0.01151	0.03221	0.00743	0.06073	0.00180	0.00677	0.00371	0.00265	0.00673
9	0.07511	0.01292	0.05879	0.01192	0.06912	0.06054	0.00928	0.27136	0.11758	0.16262	0.01526	0.03655	0.02626	0.04227	0.00595	0.00174	0.00530	0.00512	0.00461	0.00769
10	0.01963	0.01354	0.01477	0.01135	0.01537	0.01476	0.00937	0.67339	0.02280	0.11168	0.01326	0.01303	0.00925	0.00618	0.00510	0.00154	0.00543	0.00468	0.02626	0.00863
11	0.01996	0.01200	0.01375	0.01066	0.01457	0.01256	0.00876	0.45154	0.06489	0.28976	0.03741	0.01521	0.01161	0.00639	0.00517	0.00157	0.00503	0.00500	0.00557	0.00858
12	0.01070	0.06033	0.44790	0.03451	0.02100	0.03303	0.16824	0.01521	0.01092	0.01542	0.01108	0.09103	0.00950	0.00605	0.00573	0.00169	0.04297	0.00530	0.00253	0.00688
13	0.01669	0.01317	0.01461	0.01170	0.01527	0.06836	0.06293	0.37357	0.20791	0.08130	0.06820	0.01608	0.01327	0.00648	0.00525	0.00160	0.00540	0.00528	0.00492	0.00798
14	0.00903	0.00552	0.00712	0.00749	0.00857	0.00518	0.00531	0.01096	0.05589	0.12337	0.06006	0.58653	0.06734	0.01378	0.00623	0.00196	0.00319	0.01234	0.00505	0.00508
15	0.00634	0.00454	0.00604	0.00708	0.00746	0.00423	0.00477	0.00738	0.01026	0.01379	0.09781	0.74484	0.03527	0.01556	0.00650	0.00204	0.00293	0.01410	0.00484	0.00423
16	0.01870	0.01470	0.01490	0.01175	0.01561	0.07132	0.00958	0.63113	0.11072	0.02967	0.01300	0.01289	0.00938	0.00619	0.00511	0.00155	0.00572	0.00466	0.00497	0.00846
17	0.01145	0.00920	0.01061	0.02633	0.03191	0.01030	0.02169	0.02087	0.46735	0.03718	0.02108	0.11186	0.03840	0.00809	0.00554	0.00173	0.02521	0.02140	0.11288	0.00694
18	0.01181	0.01037	0.01398	0.11679	0.07038	0.00999	0.04901	0.09753	0.02715	0.01770	0.00961	0.01176	0.00776	0.00481	0.00543	0.00122	0.07093	0.00386	0.00309	0.45686
19	0.00891	0.00446	0.00668	0.00668	0.00668	0.00446	0.00446	0.00668	0.00668	0.00891	0.00891	0.01560	0.00891	0.01783	0.02005	0.85071	0.00446	0.00446	0.00223	0.00223
20	0.01064	0.00912	0.01064	0.00760	0.01216	0.00684	0.00608	0.01292	0.01064	0.01672	0.00912	0.01064	0.00760	0.00380	0.00380	0.00076	0.00380	0.00304	0.00304	0.85104
21	0.01682	0.01304	0.01389	0.01126	0.01489	0.01466	0.00910	0.47431	0.32474	0.02800	0.01573	0.01504	0.01149	0.00648	0.00517	0.00162	0.00501	0.00509	0.00517	0.00849
22	0.01193	0.01160	0.01486	0.53191	0.04880	0.11377	0.01252	0.08252	0.03181	0.01546	0.03236	0.01368	0.00849	0.00537	0.00503	0.00159	0.00669	0.00450	0.00280	0.04429
23	0.01208	0.01156	0.01971	0.19064	0.63334	0.01203	0.01544	0.01521	0.01139	0.01601	0.00954	0.01290	0.00786	0.00469	0.00509	0.00156	0.00625	0.00457	0.00249	0.00763

[dist]
# distance from previous block
# <min> <max>
0	1

[block]
# block no. 2 follows, 48 sequences, length 25
# corresponding to MSA columns:
# 368-392
name=unknown_C
#
# <colnr> <probs for GDERKNQSTAVLIFYWHMCP>
#	G	D	E	R	K	N	Q	S	T	A	V	L	I	F	Y	W	H	M	C	P
0	0.01463	0.56354	0.04838	0.01084	0.01518	0.10245	0.07475	0.09026	0.01237	0.01462	0.00807	0.00931	0.00690	0.00467	0.00390	0.00124	0.00624	0.00331	0.00257	0.00679
1	0.01047	0.06787	0.75332	0.01432	0.02174	0.01235	0.01843	0.01620	0.01081	0.01603	0.00910	0.01070	0.00650	0.00485	0.00479	0.00160	0.00747	0.00374	0.00217	0.00753
2	0.01435	0.00950	0.01136	0.00833	0.01272	0.00781	0.00675	0.08320	0.01279	0.20066	0.01203	0.01240	0.00890	0.00461	0.00424	0.00102	0.00410	0.00368	0.00401	0.57754
3	0.00744	0.00507	0.00607	0.00607	0.00623	0.00523	0.00370	0.00776	0.00760	0.01030	0.01574	0.03119	0.01762	0.68041	0.16396	0.00556	0.00654	0.00711	0.00304	0.00337
4	0.00969	0.00912	0.01539	0.80734	0.03534	0.01140	0.01425	0.01311	0.01026	0.01311	0.00912	0.01368	0.00684	0.00513	0.00513	0.00171	0.00684	0.00456	0.00228	0.00570
5	0.00746	0.00497	0.00560	0.00560	0.00560	0.00497	0.00311	0.00746	0.00746	0.00995	0.01617	0.03358	0.01865	0.81967	0.02612	0.00497	0.00497	0.00746	0.00311	0.00311
6	0.01235	0.01084	0.01127	0.01023	0.01293	0.03631	0.00794	0.02508	0.67234	0.02021	0.02053	0.01956	0.03140	0.00975	0.07358	0.00229	0.00502	0.00580	0.00492	0.00767
7	0.01464	0.69177	0.02495	0.00938	0.01361	0.07983	0.00895	0.08076	0.01192	0.01385	0.00764	0.00866	0.00677	0.00461	0.00355	0.00115	0.00579	0.00295	0.00248	0.00672
8	0.00937	0.00770	0.00842	0.00799	0.00985	0.00821	0.00596	0.01657	0.35477	0.01775	0.13157	0.12876	0.18085	0.07977	0.00747	0.00204	0.00348	0.00855	0.00495	0.00597
9	0.01771	0.01365	0.01582	0.04244	0.08316	0.01534	0.01053	0.59683	0.03707	0.02834	0.01167	0.01245	0.00858	0.00624	0.00614	0.00161	0.07496	0.00463	0.00456	0.00828
10	0.00837	0.00588	0.00705	0.00684	0.00746	0.00616	0.00458	0.07353	0.00939	0.01268	0.01719	0.08163	0.03620	0.50259	0.18108	0.00504	0.00664	0.02030	0.00339	0.00402
11	0.00617	0.00479	0.00562	0.00628	0.00721	0.00424	0.00438	0.00724	0.01066	0.01344	0.03886	0.47380	0.36963	0.01470	0.00633	0.00193	0.00281	0.01291	0.00476	0.00424
12	0.01139	0.01075	0.01765	0.36952	0.39148	0.01189	0.01443	0.01558	0.07706	0.01557	0.01039	0.01368	0.00821	0.00502	0.00511	0.00162	0.00625	0.00467	0.00266	0.00706
13	0.01562	0.05241	0.01820	0.01615	0.13222	0.18749	0.13229	0.24009	0.03471	0.01978	0.01068	0.01278	0.00850	0.02053	0.06022	0.00203	0.02110	0.00460	0.00341	0.00719
14	0.01573	0.01130	0.01249	0.01026	0.01329	0.01234	0.00817	0.47301	0.08469	0.05707	0.01603	0.13008	0.01389	0.04695	0.04750	0.00214	0.00538	0.00636	0.02589	0.00745
15	0.01136	0.06762	0.10449	0.12914	0.02042	0.04299	0.19972	0.02612	0.02295	0.01567	0.01064	0.03738	0.01917	0.00503	0.00507	0.00139	0.02065	0.00465	0.00278	0.25275
16	0.00611	0.00514	0.00530	0.00539	0.00699	0.00433	0.00399	0.00741	0.01161	0.01397	0.06902	0.11269	0.70415	0.01319	0.00610	0.00176	0.00263	0.01110	0.00479	0.00433
17	0.01208	0.01279	0.12609	0.01232	0.04531	0.05518	0.09662	0.14272	0.04308	0.04601	0.06473	0.13012	0.04464	0.07828	0.02002	0.00210	0.05091	0.00683	0.00381	0.00638
18	0.01019	0.00863	0.01012	0.00764	0.01164	0.00673	0.00599	0.01273	0.03728	0.01646	0.01180	0.10660	0.01101	0.00537	0.00418	0.00095	0.00371	0.00451	0.00332	0.72113
19	0.00998	0.00719	0.00827	0.00735	0.00974	0.00669	0.00564	0.01411	0.15511	0.09715	0.15327	0.10776	0.24904	0.00966	0.00551	0.00158	0.00325	0.00822	0.00489	0.13558
20	0.01570	0.01281	0.01496	0.01200	0.03386	0.04481	0.07652	0.42532	0.07133	0.02502	0.01467	0.05420	0.04578	0.00646	0.00513	0.00149	0.00543	0.00534	0.00442	0.12476
21	0.01255	0.01070	0.01372	0.15314	0.05227	0.03066	0.03789	0.13226	0.14655	0.04663	0.04700	0.01783	0.07687	0.00682	0.00657	0.00163	0.10291	0.00539	0.00383	0.09478
22	0.05037	0.03218	0.03070	0.00913	0.01333	0.00879	0.05376	0.02763	0.05455	0.05293	0.01125	0.01249	0.02749	0.00472	0.00475	0.00109	0.04152	0.00377	0.00329	0.55627
23	0.05248	0.01091	0.01332	0.01103	0.06046	0.02262	0.04860	0.14630	0.07850	0.08122	0.01150	0.01237	0.00880	0.00491	0.00467	0.00121	0.01906	0.00399	0.00378	0.40426
24	0.04072	0.10396	0.05599	0.05169	0.01357	0.02289	0.03404	0.06800	0.07076	0.04453	0.01841	0.04929	0.13756	0.04194	0.00614	0.01671	0.01828	0.00559	0.00360	0.19634

[dist]
# distance from previous block
# <min> <max>
6	38

[block]
# block no. 3 follows, 48 sequences, length 15
# corresponding to MSA columns:
# 432-446
name=unknown_D
#
# <colnr> <probs for GDERKNQSTAVLIFYWHMCP>
#	G	D	E	R	K	N	Q	S	T	A	V	L	I	F	Y	W	H	M	C	P
0	0.13413	0.13237	0.16594	0.01044	0.01416	0.07460	0.02205	0.06212	0.09053	0.04419	0.11087	0.04714	0.01420	0.00655	0.00532	0.00158	0.04872	0.00497	0.00355	0.00657
1	0.00968	0.00679	0.00809	0.00794	0.00922	0.00692	0.00570	0.12784	0.07089	0.04816	0.07243	0.44450	0.03969	0.10693	0.00842	0.00226	0.00372	0.01076	0.00478	0.00528
2	0.01328	0.03088	0.01174	0.00833	0.01272	0.00836	0.00677	0.09289	0.03177	0.11812	0.01113	0.01184	0.00855	0.00447	0.00413	0.00098	0.00411	0.00354	0.00371	0.61267
3	0.04621	0.21789	0.05711	0.01109	0.04394	0.05672	0.00939	0.21890	0.06293	0.06689	0.01068	0.01139	0.00826	0.00535	0.00486	0.00136	0.03847	0.00385	0.00361	0.12108
4	0.68859	0.01205	0.10630	0.00878	0.04199	0.01145	0.00770	0.01560	0.00932	0.04845	0.00795	0.00913	0.00602	0.00482	0.00353	0.00159	0.00452	0.00306	0.00313	0.00602
5	0.01114	0.00606	0.00806	0.00718	0.00901	0.00547	0.00551	0.01333	0.01421	0.21336	0.53540	0.09241	0.03835	0.00988	0.00587	0.00164	0.00295	0.00865	0.00576	0.00577
6	0.00812	0.00649	0.00904	0.00859	0.00913	0.00784	0.00653	0.00942	0.00824	0.01190	0.04398	0.02221	0.01440	0.21001	0.43813	0.00606	0.16671	0.00590	0.00285	0.00446
7	0.00927	0.00569	0.00724	0.00660	0.00814	0.00516	0.00495	0.01129	0.01362	0.12287	0.53162	0.03640	0.12697	0.07839	0.00762	0.00191	0.00292	0.00875	0.00543	0.00516
8	0.69288	0.01053	0.00891	0.00761	0.01096	0.01198	0.00627	0.12749	0.01129	0.06047	0.00853	0.00935	0.00636	0.00504	0.00356	0.00158	0.00424	0.00316	0.00361	0.00618
9	0.01916	0.01287	0.01455	0.01171	0.04107	0.01367	0.00929	0.54050	0.05161	0.16688	0.01382	0.01344	0.00964	0.00605	0.00507	0.00151	0.00527	0.00468	0.00516	0.05406
10	0.00653	0.00481	0.00607	0.00672	0.00741	0.00447	0.00467	0.00772	0.01063	0.01406	0.13383	0.47739	0.16236	0.07005	0.03442	0.00237	0.00339	0.03416	0.00470	0.00425
11	0.05392	0.01028	0.01151	0.00955	0.01257	0.02844	0.00764	0.31868	0.01705	0.21583	0.03486	0.16323	0.02909	0.00833	0.00533	0.00166	0.00458	0.02403	0.03613	0.00729
12	0.11386	0.25386	0.04343	0.03119	0.05876	0.10125	0.06733	0.13029	0.03243	0.10689	0.01035	0.01119	0.00790	0.00512	0.00437	0.00142	0.00596	0.00388	0.00340	0.00712
13	0.00887	0.03098	0.00787	0.00769	0.00885	0.08288	0.00560	0.01018	0.01145	0.05804	0.12211	0.45584	0.11426	0.01301	0.00609	0.00187	0.00370	0.04125	0.00468	0.00480
14	0.01253	0.10114	0.01353	0.00986	0.05129	0.02929	0.00756	0.13858	0.05205	0.01864	0.01148	0.07258	0.01009	0.00543	0.00433	0.00113	0.00449	0.00437	0.00350	0.44813

[dist]
# distance from previous block
# <min> <max>
15	22

[block]
# block no. 4 follows, 48 sequences, length 27
# corresponding to MSA columns:
# 470-496
name=unknown_E
#
# <colnr> <probs for GDERKNQSTAVLIFYWHMCP>
#	G	D	E	R	K	N	Q	S	T	A	V	L	I	F	Y	W	H	M	C	P
0	0.03684	0.20341	0.16224	0.02952	0.07306	0.06315	0.08295	0.05489	0.01119	0.02422	0.00887	0.01124	0.00731	0.00614	0.00699	0.05668	0.10500	0.00397	0.02232	0.03002
1	0.52567	0.06865	0.01225	0.07642	0.15483	0.01204	0.00847	0.01562	0.00985	0.06337	0.00850	0.01007	0.00661	0.00482	0.00380	0.00155	0.00472	0.00338	0.00309	0.00629
2	0.01372	0.82276	0.02689	0.00878	0.01317	0.02030	0.00878	0.01536	0.01043	0.01207	0.00713	0.00823	0.00658	0.00439	0.00329	0.00110	0.00549	0.00274	0.00219	0.00658
3	0.00719	0.00480	0.00636	0.00722	0.00783	0.00444	0.00500	0.00830	0.01048	0.05124	0.07309	0.67634	0.06002	0.01510	0.00646	0.00203	0.00306	0.04170	0.00489	0.00445
4	0.00745	0.00501	0.00575	0.00575	0.00581	0.00506	0.00330	0.00756	0.00751	0.01006	0.01602	0.03279	0.01831	0.77383	0.07149	0.00517	0.00549	0.00735	0.00309	0.00320
5	0.00996	0.00561	0.00772	0.00737	0.00808	0.00579	0.00525	0.02849	0.06366	0.05726	0.04884	0.01812	0.01232	0.04420	0.11289	0.54721	0.00551	0.00506	0.00301	0.00364
6	0.01642	0.20008	0.01634	0.01010	0.01364	0.04517	0.00850	0.42773	0.01797	0.04261	0.01213	0.03596	0.00993	0.06448	0.00615	0.00167	0.00540	0.00464	0.05370	0.00736
7	0.00642	0.00475	0.00573	0.00639	0.00703	0.00435	0.00429	0.00732	0.01007	0.01302	0.05455	0.47898	0.22131	0.13974	0.00945	0.00243	0.00318	0.01238	0.00453	0.00406
8	0.01917	0.02445	0.01454	0.01322	0.01586	0.79907	0.00991	0.02049	0.01454	0.01256	0.00793	0.00925	0.00661	0.00529	0.00463	0.00132	0.00925	0.00330	0.00264	0.00595
9	0.69331	0.00992	0.00853	0.00732	0.01065	0.01107	0.00603	0.04684	0.01027	0.14251	0.00938	0.00991	0.00679	0.00507	0.00356	0.00159	0.00410	0.00322	0.00375	0.00618
10	0.00699	0.00516	0.00651	0.00660	0.00770	0.00475	0.00492	0.00888	0.01275	0.01731	0.43524	0.16739	0.17062	0.04339	0.00701	0.00191	0.00286	0.08029	0.00517	0.00457
11	0.79435	0.00983	0.00786	0.00692	0.01016	0.01122	0.00570	0.01582	0.00917	0.07980	0.00811	0.00901	0.00608	0.00488	0.00332	0.00159	0.00400	0.00295	0.00341	0.00579
12	0.02080	0.00898	0.01170	0.00919	0.01288	0.00825	0.00752	0.06355	0.08213	0.62817	0.07486	0.01884	0.01532	0.00669	0.00523	0.00160	0.00427	0.00548	0.00614	0.00840
13	0.01118	0.00966	0.01301	0.10665	0.04106	0.00866	0.06248	0.08715	0.01199	0.01748	0.01123	0.08262	0.00997	0.00534	0.00454	0.00116	0.00470	0.00467	0.00326	0.50319
14	0.01372	0.82276	0.02689	0.00878	0.01317	0.02030	0.00878	0.01536	0.01043	0.01207	0.00713	0.00823	0.00658	0.00439	0.00329	0.00110	0.00549	0.00274	0.00219	0.00658
15	0.00796	0.00518	0.00679	0.00696	0.00798	0.00477	0.00503	0.00961	0.01223	0.07222	0.34580	0.36266	0.06880	0.02922	0.00664	0.00190	0.00292	0.03334	0.00521	0.00478
16	0.12477	0.00780	0.00904	0.00809	0.01050	0.00789	0.00637	0.01729	0.15984	0.20881	0.21575	0.09109	0.05341	0.00879	0.00539	0.00171	0.00360	0.04815	0.00525	0.00644
17	0.00700	0.00504	0.00662	0.00663	0.00761	0.00467	0.00482	0.00902	0.01330	0.01863	0.58765	0.24119	0.04464	0.01195	0.00618	0.00174	0.00257	0.01066	0.00542	0.00467
18	0.00764	0.00539	0.00674	0.00639	0.00782	0.00487	0.00486	0.00980	0.01384	0.04820	0.57456	0.04055	0.20323	0.01099	0.00606	0.00166	0.00261	0.03447	0.00546	0.00488
19	0.00768	0.00606	0.00858	0.00837	0.00910	0.00715	0.00643	0.00917	0.00840	0.01194	0.01610	0.06063	0.05906	0.11142	0.54282	0.00652	0.10680	0.00633	0.00294	0.00452
20	0.00831	0.00549	0.00710	0.00655	0.00800	0.00500	0.00497	0.01061	0.01433	0.07549	0.67578	0.03765	0.10035	0.01038	0.00599	0.00162	0.00257	0.00910	0.00563	0.00508
21	0.01098	0.00924	0.01122	0.00803	0.01259	0.00703	0.02735	0.01331	0.01078	0.03538	0.00942	0.01089	0.00773	0.00388	0.00390	0.00081	0.00395	0.00318	0.00311	0.80724
22	0.01335	0.05007	0.41848	0.01480	0.11088	0.01151	0.01454	0.06055	0.05732	0.14710	0.01265	0.04486	0.00950	0.00571	0.00499	0.00161	0.00628	0.00467	0.00336	0.00776
23	0.70795	0.06599	0.00938	0.03911	0.01124	0.03680	0.00623	0.01490	0.00902	0.02105	0.00731	0.00883	0.00583	0.00523	0.00390	0.03140	0.00437	0.00292	0.00302	0.00553
24	0.00964	0.00609	0.03652	0.00619	0.00784	0.00525	0.00498	0.01203	0.01229	0.08154	0.26782	0.06456	0.05460	0.00818	0.00480	0.00144	0.00280	0.00694	0.40130	0.00518
25	0.01188	0.01140	0.01952	0.21695	0.43539	0.01216	0.08818	0.03921	0.01161	0.01612	0.02064	0.01422	0.00871	0.00526	0.00590	0.00165	0.05154	0.01985	0.00264	0.00718
26	0.00769	0.00533	0.00710	0.00722	0.00833	0.00500	0.00555	0.00982	0.01318	0.03861	0.48751	0.17865	0.04133	0.01206	0.00631	0.00184	0.00301	0.15132	0.00534	0.00480

[dist]
# distance from previous block
# <min> <max>
0	1

[block]
# block no. 5 follows, 48 sequences, length 14
# corresponding to MSA columns:
# 498-511
name=unknown_F
#
# <colnr> <probs for GDERKNQSTAVLIFYWHMCP>
#	G	D	E	R	K	N	Q	S	T	A	V	L	I	F	Y	W	H	M	C	P
0	0.02555	0.20889	0.44242	0.01339	0.01944	0.01368	0.10129	0.03630	0.01117	0.01575	0.00958	0.03897	0.00771	0.00510	0.00465	0.00150	0.00683	0.00417	0.00244	0.03116
1	0.02940	0.17952	0.11783	0.01397	0.10338	0.30314	0.01117	0.03485	0.08116	0.03283	0.01040	0.01266	0.00863	0.00550	0.00459	0.00143	0.00701	0.03279	0.00294	0.00680
2	0.01115	0.00945	0.01090	0.00793	0.01239	0.00754	0.00635	0.04822	0.04825	0.01766	0.00983	0.01113	0.00804	0.00406	0.00393	0.00084	0.00390	0.00325	0.00324	0.77195
3	0.00640	0.00498	0.00581	0.00609	0.00726	0.00440	0.00438	0.00783	0.01176	0.01516	0.21273	0.28459	0.38353	0.01338	0.00621	0.00181	0.00268	0.01164	0.00497	0.00440
4	0.01021	0.00964	0.01346	0.01182	0.01204	0.01303	0.00967	0.01148	0.00843	0.01290	0.05592	0.04535	0.01143	0.03086	0.11096	0.00297	0.59968	0.00536	0.01947	0.00531
5	0.00657	0.00479	0.00595	0.00651	0.00715	0.00442	0.00442	0.00768	0.01065	0.01415	0.16784	0.44995	0.15134	0.12317	0.00903	0.00233	0.00309	0.01208	0.00470	0.00417
6	0.03619	0.00936	0.01544	0.38009	0.05480	0.01041	0.12137	0.05460	0.03021	0.01624	0.08857	0.05972	0.01492	0.00702	0.00556	0.00177	0.00602	0.07847	0.00328	0.00594
7	0.00732	0.00533	0.00732	0.00732	0.00799	0.00589	0.00531	0.00857	0.00815	0.01139	0.01603	0.02543	0.04583	0.27552	0.53164	0.00699	0.01062	0.00631	0.00294	0.00412
8	0.03948	0.00637	0.00739	0.00700	0.00847	0.00650	0.00514	0.03363	0.08289	0.08325	0.05402	0.09641	0.13562	0.17814	0.13135	0.00333	0.00522	0.00745	0.10322	0.00509
9	0.01583	0.01124	0.01286	0.01031	0.01359	0.01212	0.00840	0.46386	0.01851	0.07528	0.04078	0.01531	0.01130	0.01373	0.19089	0.00306	0.00721	0.00492	0.00453	0.06629
10	0.12962	0.03513	0.01129	0.02146	0.01239	0.05768	0.00738	0.19366	0.11256	0.06593	0.16445	0.04403	0.03313	0.00726	0.00498	0.00155	0.00445	0.02293	0.00459	0.06554
11	0.12619	0.06406	0.36567	0.03264	0.04294	0.07493	0.13808	0.01594	0.01101	0.01653	0.00950	0.03555	0.00753	0.00508	0.00476	0.00157	0.00696	0.00428	0.00254	0.03425
12	0.44969	0.01022	0.00997	0.07361	0.01328	0.01137	0.00713	0.12949	0.07071	0.06235	0.01046	0.01140	0.00782	0.00525	0.00395	0.00152	0.00439	0.00368	0.04844	0.06526
13	0.40664	0.06205	0.03549	0.02809	0.03813	0.01242	0.00787	0.18860	0.01321	0.09151	0.00982	0.01055	0.00726	0.00514	0.00401	0.00149	0.00472	0.00356	0.00376	0.06567

[dist]
# distance from previous block
# <min> <max>
1	8

[block]
# block no. 6 follows, 48 sequences, length 29
# corresponding to MSA columns:
# 520-548
name=unknown_G
#
# <colnr> <probs for GDERKNQSTAVLIFYWHMCP>
#	G	D	E	R	K	N	Q	S	T	A	V	L	I	F	Y	W	H	M	C	P
0	0.07200	0.08778	0.08988	0.01854	0.26143	0.11862	0.06785	0.05465	0.06396	0.04627	0.01013	0.01194	0.00805	0.00529	0.00561	0.00156	0.06198	0.00425	0.00297	0.00726
1	0.01418	0.04354	0.03210	0.12392	0.16796	0.01132	0.01035	0.17043	0.08333	0.12404	0.06941	0.01729	0.03901	0.00687	0.02063	0.00169	0.00529	0.00525	0.04606	0.00732
2	0.00686	0.00499	0.00649	0.00739	0.00812	0.00471	0.00548	0.00822	0.01071	0.01404	0.07379	0.44864	0.12098	0.05468	0.00757	0.00223	0.00345	0.20260	0.00472	0.00432
3	0.01199	0.00877	0.01052	0.00836	0.01187	0.00771	0.00670	0.10782	0.01247	0.08837	0.01426	0.07037	0.02804	0.00974	0.09159	0.00195	0.00514	0.04760	0.00382	0.45289
4	0.00710	0.00513	0.00669	0.00728	0.00813	0.00486	0.00548	0.00873	0.01153	0.01547	0.23001	0.30434	0.09070	0.07389	0.00798	0.00222	0.00339	0.19778	0.00487	0.00442
5	0.01915	0.01370	0.01483	0.01151	0.01550	0.01507	0.00946	0.65507	0.08958	0.08265	0.01360	0.01326	0.00960	0.00624	0.00514	0.00156	0.00542	0.00476	0.00522	0.00867
6	0.01875	0.02305	0.01438	0.01296	0.01569	0.70725	0.00979	0.05802	0.06661	0.01414	0.00902	0.01007	0.00733	0.00544	0.00469	0.00136	0.00872	0.00354	0.00294	0.00623
7	0.01064	0.00912	0.01064	0.00760	0.01216	0.00684	0.00608	0.01292	0.01064	0.01672	0.00912	0.01064	0.00760	0.00380	0.00380	0.00076	0.00380	0.00304	0.00304	0.85104
8	0.00969	0.00912	0.01539	0.80734	0.03534	0.01140	0.01425	0.01311	0.01026	0.01311	0.00912	0.01368	0.00684	0.00513	0.00513	0.00171	0.00684	0.00456	0.00228	0.00570
9	0.02324	0.00519	0.00662	0.00653	0.00763	0.00482	0.00479	0.00920	0.01340	0.01890	0.59296	0.18358	0.08092	0.01155	0.00609	0.00171	0.00256	0.01022	0.00539	0.00470
10	0.00647	0.00457	0.00595	0.00689	0.00719	0.00431	0.00453	0.00731	0.00971	0.01300	0.06197	0.66962	0.03246	0.12906	0.00928	0.00247	0.00323	0.01333	0.00457	0.00405
11	0.00720	0.00524	0.00678	0.00639	0.00763	0.00482	0.00479	0.00957	0.01438	0.02024	0.74856	0.03888	0.08502	0.01061	0.00605	0.00162	0.00243	0.00936	0.00560	0.00482
12	0.00760	0.00542	0.00695	0.00697	0.00799	0.00516	0.00508	0.04631	0.01294	0.01782	0.42223	0.28518	0.06739	0.01260	0.00688	0.04395	0.00292	0.02683	0.00512	0.00467
13	0.01141	0.00611	0.00814	0.00724	0.00911	0.00551	0.00556	0.01358	0.01415	0.22717	0.51131	0.10262	0.03751	0.00988	0.00586	0.00165	0.00299	0.00865	0.00576	0.00583
14	0.07398	0.02460	0.68959	0.01387	0.02093	0.01212	0.01743	0.05964	0.01144	0.01768	0.00923	0.01073	0.00656	0.00494	0.00476	0.00162	0.00720	0.00376	0.00241	0.00750
15	0.01286	0.01532	0.17737	0.06610	0.50789	0.03007	0.01563	0.06699	0.01240	0.03247	0.00988	0.01236	0.00782	0.00482	0.00504	0.00155	0.00645	0.00440	0.00270	0.00789
16	0.71569	0.09121	0.04355	0.00735	0.01085	0.01230	0.00650	0.01540	0.00914	0.04022	0.00755	0.00865	0.00587	0.00477	0.00331	0.00154	0.00429	0.00288	0.00311	0.00582
17	0.44425	0.00933	0.00970	0.00792	0.01149	0.00955	0.00654	0.01999	0.01167	0.40271	0.01362	0.01285	0.00909	0.00555	0.00416	0.00159	0.00417	0.00396	0.00474	0.00713
18	0.01082	0.02316	0.62564	0.09996	0.02281	0.01211	0.01737	0.05371	0.05567	0.01700	0.01002	0.01169	0.00717	0.00509	0.00494	0.00164	0.00720	0.00403	0.00250	0.00747
19	0.00823	0.00547	0.00673	0.00638	0.00791	0.00487	0.00479	0.01014	0.01327	0.08713	0.42834	0.11018	0.26457	0.01137	0.00602	0.00169	0.00270	0.00985	0.00537	0.00498
20	0.24350	0.11346	0.09467	0.01010	0.01372	0.01328	0.00926	0.14455	0.01274	0.16291	0.01059	0.01137	0.00781	0.00588	0.00608	0.00162	0.12381	0.00388	0.00373	0.00703
21	0.00616	0.00509	0.00535	0.00552	0.00698	0.00434	0.00402	0.00738	0.01135	0.01377	0.06202	0.16036	0.63861	0.03747	0.00673	0.00188	0.00272	0.01124	0.00473	0.00428
22	0.00739	0.00574	0.00679	0.00646	0.00796	0.00539	0.00486	0.01054	0.08225	0.01857	0.48976	0.05462	0.25855	0.01100	0.00599	0.00167	0.00263	0.00952	0.00534	0.00498
23	0.01029	0.02654	0.79309	0.01462	0.02221	0.01192	0.01896	0.01625	0.01083	0.01625	0.00921	0.01083	0.00650	0.00487	0.00487	0.00162	0.00758	0.00379	0.00217	0.00758
24	0.01089	0.13663	0.63480	0.01428	0.02126	0.01316	0.06820	0.01614	0.01086	0.01568	0.00900	0.01067	0.00660	0.00477	0.00473	0.00156	0.00736	0.00380	0.00220	0.00740
25	0.00824	0.00643	0.00836	0.00788	0.00808	0.00760	0.00559	0.00889	0.00772	0.01090	0.01360	0.02578	0.01479	0.47117	0.19686	0.00512	0.17977	0.00639	0.00284	0.00398
26	0.01047	0.00742	0.00899	0.05386	0.01096	0.00765	0.00632	0.13718	0.06226	0.05754	0.27292	0.10827	0.06333	0.13699	0.00898	0.00222	0.00394	0.03032	0.00482	0.00557
27	0.65925	0.01081	0.00886	0.00765	0.01089	0.04350	0.00626	0.10275	0.01110	0.06140	0.00871	0.00960	0.00654	0.00506	0.00357	0.00156	0.00435	0.00319	0.02887	0.00607
28	0.23601	0.06627	0.05272	0.02280	0.12158	0.00995	0.02311	0.01649	0.01185	0.20966	0.10712	0.01815	0.07115	0.00640	0.00467	0.00157	0.00450	0.00514	0.00414	0.00673

[dist]
# distance from previous block
# <min> <max>
1	5

[block]
# block no. 7 follows, 48 sequences, length 84
# corresponding to MSA columns:
# 554-637
name=unknown_H
#
# <colnr> <probs for GDERKNQSTAVLIFYWHMCP>
#	G	D	E	R	K	N	Q	S	T	A	V	L	I	F	Y	W	H	M	C	P
0	0.15010	0.25849	0.17133	0.04956	0.02834	0.13976	0.05866	0.04691	0.01151	0.01596	0.00821	0.00982	0.00661	0.00488	0.00441	0.00143	0.02139	0.00347	0.00257	0.00658
1	0.16636	0.04468	0.09038	0.10445	0.25931	0.03680	0.07286	0.06661	0.04688	0.03311	0.01027	0.02802	0.00822	0.00517	0.00475	0.00158	0.00599	0.00445	0.00300	0.00709
2	0.01104	0.00664	0.00767	0.06658	0.01005	0.00694	0.00554	0.11497	0.01253	0.05591	0.05921	0.05667	0.01552	0.08719	0.01943	0.00185	0.00373	0.00574	0.44742	0.00538
3	0.00759	0.00588	0.00875	0.00860	0.00945	0.00704	0.00674	0.00938	0.00822	0.01194	0.01327	0.01956	0.01242	0.03651	0.74698	0.00784	0.06704	0.00543	0.00272	0.00465
4	0.00891	0.00446	0.00668	0.00668	0.00668	0.00446	0.00446	0.00668	0.00668	0.00891	0.00891	0.01560	0.00891	0.01783	0.02005	0.85071	0.00446	0.00446	0.00223	0.00223
5	0.01670	0.01053	0.01204	0.01004	0.01337	0.01122	0.00802	0.14227	0.38361	0.26100	0.05977	0.01857	0.01539	0.00683	0.00523	0.00166	0.00432	0.00560	0.00558	0.00823
6	0.01917	0.02445	0.01454	0.01322	0.01586	0.79907	0.00991	0.02049	0.01454	0.01256	0.00793	0.00925	0.00661	0.00529	0.00463	0.00132	0.00925	0.00330	0.00264	0.00595
7	0.01677	0.01239	0.01458	0.01096	0.01522	0.01254	0.05109	0.44755	0.03322	0.08442	0.01208	0.01246	0.00879	0.00543	0.00482	0.00134	0.00518	0.00433	0.00450	0.24234
8	0.00861	0.00554	0.00729	0.00668	0.00813	0.00507	0.00507	0.01099	0.01454	0.08629	0.71975	0.03655	0.04537	0.01014	0.00598	0.00161	0.00259	0.00893	0.00571	0.00517
9	0.00853	0.00539	0.00682	0.00723	0.00829	0.00520	0.00552	0.01050	0.02569	0.05665	0.11323	0.25051	0.05996	0.07204	0.00746	0.00212	0.00349	0.19956	0.14708	0.00474
10	0.01047	0.05587	0.74187	0.01461	0.02201	0.01226	0.04083	0.01622	0.01086	0.01610	0.00917	0.01083	0.00654	0.00484	0.00485	0.00161	0.00754	0.00382	0.00218	0.00753
11	0.00746	0.00534	0.00633	0.00605	0.00751	0.00474	0.00450	0.00925	0.01293	0.05114	0.40060	0.06466	0.33838	0.04988	0.00698	0.00183	0.00272	0.00979	0.00518	0.00471
12	0.02002	0.04282	0.00786	0.00677	0.00824	0.00579	0.00520	0.01027	0.01300	0.05624	0.47729	0.09337	0.12634	0.02963	0.05079	0.00210	0.00350	0.03072	0.00508	0.00496
13	0.00674	0.00519	0.00618	0.00615	0.00749	0.00463	0.00462	0.00858	0.01286	0.01698	0.38859	0.10901	0.34491	0.01215	0.00615	0.00174	0.00265	0.04566	0.00517	0.00457
14	0.38083	0.09589	0.21895	0.02066	0.01522	0.01206	0.06027	0.01635	0.01033	0.09755	0.00965	0.02526	0.00732	0.00510	0.00412	0.00157	0.00545	0.00374	0.00311	0.00658
15	0.01287	0.07543	0.49368	0.01539	0.09795	0.09414	0.01589	0.07814	0.01249	0.04370	0.00962	0.01104	0.00708	0.00501	0.00480	0.00154	0.00720	0.00387	0.00264	0.00754
16	0.64256	0.03333	0.04783	0.00788	0.01121	0.07832	0.00677	0.04999	0.01017	0.02175	0.00801	0.00923	0.00623	0.00492	0.00349	0.00153	0.00464	0.00305	0.04325	0.00583
17	0.25221	0.00924	0.01081	0.00856	0.01231	0.00889	0.00706	0.04543	0.01334	0.55616	0.01639	0.01479	0.01061	0.00591	0.00461	0.00159	0.00430	0.00449	0.00544	0.00786
18	0.01294	0.01279	0.06242	0.13298	0.52689	0.01251	0.01477	0.10216	0.03997	0.01819	0.01026	0.01291	0.00820	0.00493	0.00509	0.00156	0.00616	0.00458	0.00288	0.00784
19	0.00709	0.00516	0.00667	0.00647	0.00760	0.00474	0.00478	0.00928	0.01385	0.01938	0.66154	0.12598	0.08575	0.01125	0.00611	0.00167	0.00249	0.00996	0.00550	0.00474
20	0.05314	0.01177	0.01451	0.12745	0.12943	0.02425	0.01039	0.34881	0.05142	0.02395	0.11548	0.01612	0.01379	0.00641	0.00550	0.00160	0.02922	0.00518	0.00421	0.00738
21	0.01123	0.01123	0.01572	0.01347	0.01347	0.01572	0.01123	0.01235	0.00786	0.01235	0.00674	0.01123	0.00674	0.00898	0.01684	0.00225	0.81028	0.00449	0.00225	0.00561
22	0.01898	0.06840	0.01609	0.01158	0.01568	0.01614	0.00966	0.70523	0.03822	0.03077	0.01214	0.01218	0.00872	0.00606	0.00501	0.00151	0.00560	0.00452	0.00494	0.00857
23	0.00738	0.00539	0.00790	0.00798	0.00887	0.00617	0.00614	0.00918	0.00849	0.01240	0.01488	0.07338	0.01426	0.03516	0.70170	0.00744	0.01239	0.00607	0.05026	0.00456
24	0.00727	0.00561	0.00648	0.00634	0.00778	0.00513	0.00470	0.05091	0.01307	0.01712	0.30280	0.17229	0.35727	0.01225	0.00609	0.00174	0.00277	0.01057	0.00509	0.00473
25	0.01211	0.01384	0.03028	0.02163	0.02682	0.01298	0.76903	0.01644	0.01211	0.01644	0.01038	0.01384	0.00779	0.00433	0.00606	0.00173	0.00865	0.00606	0.00260	0.00692
26	0.05399	0.01557	0.09436	0.16294	0.10639	0.18967	0.04556	0.05527	0.16890	0.04005	0.01177	0.01320	0.00894	0.00548	0.00495	0.00158	0.00662	0.00446	0.00329	0.00700
27	0.01196	0.01492	0.09486	0.02103	0.02643	0.01289	0.70553	0.01642	0.01200	0.01642	0.01028	0.01359	0.00768	0.00437	0.00596	0.00172	0.00856	0.00586	0.00256	0.00698
28	0.09491	0.01416	0.05787	0.01124	0.01542	0.01458	0.00965	0.58420	0.04359	0.06592	0.01223	0.01228	0.00868	0.00594	0.00491	0.00154	0.00545	0.00443	0.00480	0.02821
29	0.00867	0.00726	0.04550	0.10593	0.01229	0.00660	0.00688	0.03765	0.02480	0.03735	0.06073	0.28004	0.05227	0.17471	0.00995	0.00245	0.00436	0.05831	0.00400	0.06023
30	0.05310	0.03079	0.01419	0.02968	0.03338	0.32848	0.02479	0.17895	0.01569	0.16033	0.01201	0.03749	0.00922	0.00603	0.00510	0.00149	0.02432	0.00442	0.02351	0.00702
31	0.02213	0.01017	0.01280	0.00981	0.01381	0.00967	0.00810	0.21484	0.01709	0.59799	0.01823	0.01615	0.01169	0.00630	0.00515	0.00158	0.00469	0.00502	0.00604	0.00873
32	0.01988	0.00825	0.01104	0.00874	0.01219	0.00733	0.00711	0.02253	0.05091	0.62470	0.14925	0.02106	0.01887	0.00708	0.00531	0.00160	0.00402	0.00589	0.00618	0.00805
33	0.01178	0.01144	0.01569	0.01336	0.01363	0.01573	0.01113	0.06308	0.00895	0.01369	0.00711	0.01130	0.00687	0.00879	0.01606	0.00220	0.75644	0.00450	0.00244	0.00582
34	0.00761	0.00638	0.00678	0.00660	0.00848	0.00611	0.00509	0.01162	0.16034	0.01598	0.10417	0.04319	0.52575	0.01170	0.00597	0.00177	0.00301	0.05940	0.00492	0.00513
35	0.01256	0.01205	0.02058	0.06696	0.75328	0.01216	0.01568	0.01563	0.01162	0.01660	0.00963	0.01274	0.00807	0.00460	0.00508	0.00153	0.00613	0.00457	0.00253	0.00802
36	0.00949	0.00593	0.01003	0.00986	0.06099	0.00584	0.08301	0.00828	0.00757	0.01020	0.00911	0.01522	0.00875	0.01556	0.01763	0.70751	0.00499	0.00463	0.00229	0.00310
37	0.01290	0.01109	0.01168	0.01047	0.01339	0.01283	0.00815	0.04220	0.76324	0.02168	0.02071	0.01901	0.01552	0.00695	0.00522	0.00174	0.00409	0.00578	0.00522	0.00813
38	0.01190	0.00835	0.00992	0.00861	0.01023	0.00913	0.00648	0.22566	0.04191	0.04206	0.09270	0.02205	0.01609	0.21952	0.10251	0.10665	0.05090	0.00596	0.00393	0.00544
39	0.00819	0.00545	0.00708	0.00655	0.00793	0.00499	0.00494	0.01049	0.01428	0.06775	0.69303	0.03738	0.07497	0.02659	0.00640	0.00168	0.00260	0.00905	0.00561	0.00503
40	0.01218	0.01151	0.01968	0.39372	0.05339	0.01283	0.22116	0.14183	0.01304	0.01735	0.00991	0.01335	0.00746	0.00525	0.00594	0.00171	0.04525	0.00498	0.00285	0.00662
41	0.01211	0.01384	0.03028	0.02163	0.02682	0.01298	0.76903	0.01644	0.01211	0.01644	0.01038	0.01384	0.00779	0.00433	0.00606	0.00173	0.00865	0.00606	0.00260	0.00692
42	0.11463	0.09431	0.50177	0.01356	0.05921	0.06240	0.01501	0.01597	0.01099	0.01669	0.04417	0.01155	0.00840	0.00508	0.00457	0.00155	0.00674	0.00383	0.00250	0.00704
43	0.01676	0.01305	0.05829	0.03085	0.11651	0.01314	0.01043	0.35297	0.16884	0.12662	0.01478	0.03045	0.01088	0.00624	0.00516	0.00160	0.00530	0.00507	0.00474	0.00831
44	0.01689	0.01310	0.09720	0.01182	0.05793	0.02864	0.00978	0.25990	0.16001	0.20130	0.01552	0.01512	0.01097	0.00609	0.00499	0.00157	0.00511	0.00486	0.07111	0.00809
45	0.01951	0.01437	0.01540	0.01181	0.01591	0.01591	0.00975	0.77056	0.02412	0.03234	0.01232	0.01232	0.00873	0.00616	0.00513	0.00154	0.00565	0.00462	0.00513	0.00873
46	0.02912	0.01368	0.07981	0.01383	0.11790	0.05683	0.01036	0.17800	0.34086	0.06647	0.02955	0.01568	0.01219	0.00620	0.00510	0.00162	0.00524	0.00506	0.00448	0.00801
47	0.00733	0.00550	0.00825	0.00825	0.00916	0.00641	0.00641	0.00916	0.00825	0.01191	0.01374	0.02016	0.01283	0.03848	0.79934	0.00825	0.01374	0.00550	0.00275	0.00458
48	0.01126	0.02183	0.52289	0.01865	0.20039	0.03063	0.05152	0.01676	0.04761	0.01654	0.00989	0.01176	0.00738	0.00489	0.00499	0.00160	0.00716	0.00416	0.00243	0.00767
49	0.00715	0.00523	0.00682	0.00743	0.00777	0.00544	0.00517	0.00813	0.00958	0.01329	0.04233	0.56147	0.02848	0.10818	0.00959	0.00237	0.07871	0.02784	0.06079	0.00425
50	0.00800	0.00592	0.00723	0.00672	0.00824	0.00564	0.00509	0.02719	0.07219	0.03165	0.58808	0.03767	0.15593	0.01045	0.00596	0.00164	0.00267	0.00909	0.00548	0.00516
51	0.01063	0.10455	0.71802	0.01405	0.02132	0.01274	0.01796	0.01616	0.01079	0.01584	0.00900	0.01058	0.00651	0.00483	0.00472	0.00157	0.00738	0.00369	0.00217	0.00749
52	0.00896	0.00587	0.00737	0.00674	0.00839	0.00542	0.00514	0.01175	0.05040	0.09810	0.56893	0.03683	0.14576	0.01025	0.00592	0.00163	0.00272	0.00891	0.00558	0.00532
53	0.05660	0.01590	0.11064	0.01195	0.01641	0.03368	0.01070	0.62560	0.02156	0.02947	0.01160	0.01188	0.00826	0.00592	0.00500	0.00155	0.00589	0.00440	0.00462	0.00838
54	0.01304	0.01006	0.01082	0.00965	0.01228	0.02520	0.00745	0.06620	0.50182	0.09048	0.06401	0.07429	0.03829	0.04494	0.00631	0.00187	0.00411	0.00662	0.00516	0.00740
55	0.85592	0.00992	0.00754	0.00675	0.00992	0.01151	0.00556	0.01508	0.00873	0.02302	0.00714	0.00834	0.00556	0.00476	0.00318	0.00159	0.00397	0.00278	0.00318	0.00556
56	0.68328	0.01005	0.00868	0.00742	0.01077	0.01125	0.00612	0.06703	0.01060	0.13125	0.00933	0.00988	0.00677	0.00508	0.00358	0.00158	0.00414	0.00324	0.00375	0.00621
57	0.01183	0.01207	0.05589	0.22622	0.54255	0.01199	0.01534	0.01538	0.02979	0.01593	0.00977	0.01301	0.00791	0.00478	0.00509	0.00158	0.00631	0.00456	0.00252	0.00749
58	0.00625	0.00447	0.00595	0.00714	0.00744	0.00417	0.00476	0.00714	0.00982	0.01310	0.02828	0.81633	0.03394	0.01608	0.00655	0.00208	0.00298	0.01459	0.00476	0.00417
59	0.15366	0.01483	0.01404	0.01116	0.01495	0.10644	0.00910	0.56196	0.02054	0.02854	0.01098	0.01132	0.00797	0.00583	0.00476	0.00152	0.00580	0.00417	0.00453	0.00789
60	0.00969	0.00912	0.01539	0.80734	0.03534	0.01140	0.01425	0.01311	0.01026	0.01311	0.00912	0.01368	0.00684	0.00513	0.00513	0.00171	0.00684	0.00456	0.00228	0.00570
61	0.01123	0.01123	0.01572	0.01347	0.01347	0.01572	0.01123	0.01235	0.00786	0.01235	0.00674	0.01123	0.00674	0.00898	0.01684	0.00225	0.81028	0.00449	0.00225	0.00561
62	0.01917	0.02445	0.01454	0.01322	0.01586	0.79907	0.00991	0.02049	0.01454	0.01256	0.00793	0.00925	0.00661	0.00529	0.00463	0.00132	0.00925	0.00330	0.00264	0.00595
63	0.00648	0.00471	0.00607	0.00678	0.00740	0.00434	0.00467	0.00772	0.01096	0.01471	0.19253	0.56166	0.10703	0.03109	0.00680	0.00201	0.00286	0.01295	0.00492	0.00431
64	0.01177	0.01172	0.01649	0.03121	0.01485	0.03025	0.05367	0.04740	0.00902	0.01351	0.00727	0.01144	0.00689	0.00844	0.01521	0.00215	0.69590	0.00456	0.00241	0.00584
65	0.00665	0.00523	0.00601	0.00585	0.00734	0.00459	0.00441	0.00847	0.01297	0.01691	0.38138	0.04458	0.43826	0.01189	0.00608	0.00169	0.00256	0.02538	0.00516	0.00457
66	0.01158	0.01478	0.11730	0.02020	0.04929	0.01234	0.61502	0.01588	0.01193	0.01628	0.01255	0.01545	0.05123	0.00488	0.00589	0.00171	0.00811	0.00601	0.00267	0.00689
67	0.01211	0.01384	0.03028	0.02163	0.02682	0.01298	0.76903	0.01644	0.01211	0.01644	0.01038	0.01384	0.00779	0.00433	0.00606	0.00173	0.00865	0.00606	0.00260	0.00692
68	0.00659	0.00472	0.00628	0.00709	0.00765	0.00441	0.00495	0.00792	0.01104	0.01499	0.20917	0.59428	0.03719	0.01465	0.00646	0.00198	0.00293	0.04837	0.00497	0.00436
69	0.85592	0.00992	0.00754	0.00675	0.00992	0.01151	0.00556	0.01508	0.00873	0.02302	0.00714	0.00834	0.00556	0.00476	0.00318	0.00159	0.00397	0.00278	0.00318	0.00556
70	0.01241	0.01017	0.01159	0.00844	0.01291	0.00865	0.00681	0.16393	0.01333	0.01983	0.00976	0.01097	0.00782	0.00427	0.00407	0.00092	0.00417	0.00335	0.00346	0.68316
