[name]
unknown

[dist]
# distance from previous block
# <min> <max>
0	74

[block]
# block no. 0 follows, 48 sequences, length 32
# corresponding to MSA columns:
# 83-114
name=unknown_A
#
# <colnr> <probs for GDERKNQSTAVLIFYWHMCP>
#	G	D	E	R	K	N	Q	S	T	A	V	L	I	F	Y	W	H	M	C	P
0	0.85592	0.00992	0.00754	0.00675	0.00992	0.01151	0.00556	0.01508	0.00873	0.02302	0.00714	0.00834	0.00556	0.00476	0.00318	0.00159	0.00397	0.00278	0.00318	0.00556
1	0.85592	0.00992	0.00754	0.00675	0.00992	0.01151	0.00556	0.01508	0.00873	0.02302	0.00714	0.00834	0.00556	0.00476	0.00318	0.00159	0.00397	0.00278	0.00318	0.00556
2	0.02302	0.00873	0.01191	0.00913	0.01310	0.00754	0.00754	0.02501	0.01469	0.79122	0.02024	0.01746	0.01270	0.00635	0.00516	0.00159	0.00437	0.00516	0.00635	0.00873
3	0.02302	0.00873	0.01191	0.00913	0.01310	0.00754	0.00754	0.02501	0.01469	0.79122	0.02024	0.01746	0.01270	0.00635	0.00516	0.00159	0.00437	0.00516	0.00635	0.00873
4	0.00612	0.00520	0.00528	0.00526	0.00697	0.00436	0.00395	0.00748	0.01184	0.01420	0.08857	0.04883	0.74878	0.01287	0.00606	0.00173	0.00259	0.01075	0.00481	0.00436
5	0.01276	0.01102	0.01160	0.01044	0.01334	0.01276	0.00812	0.02727	0.77840	0.02146	0.02088	0.01914	0.01566	0.00696	0.00522	0.00174	0.00406	0.00580	0.00522	0.00812
6	0.01100	0.00841	0.00789	0.06726	0.01026	0.11608	0.00586	0.03158	0.01134	0.01722	0.03766	0.01811	0.01269	0.04579	0.02366	0.00166	0.04188	0.00482	0.52178	0.00507
7	0.01270	0.01219	0.02083	0.03149	0.78767	0.01219	0.01575	0.01575	0.01168	0.01676	0.00965	0.01270	0.00813	0.00457	0.00508	0.00152	0.00610	0.00457	0.00254	0.00813
8	0.13375	0.12338	0.01523	0.01177	0.01453	0.53477	0.00926	0.01851	0.01273	0.01393	0.00764	0.00914	0.00647	0.00536	0.00513	0.00140	0.06518	0.00324	0.00263	0.00595
9	0.01095	0.07676	0.60457	0.01725	0.15812	0.01252	0.01771	0.01610	0.01096	0.01606	0.00915	0.01099	0.00680	0.00479	0.00481	0.00157	0.00718	0.00386	0.00224	0.00761
10	0.00639	0.00460	0.00594	0.00696	0.00736	0.00429	0.00468	0.00729	0.00984	0.01298	0.02901	0.67801	0.08650	0.07765	0.00804	0.00229	0.00316	0.03625	0.00463	0.00411
11	0.01029	0.02654	0.79309	0.01462	0.02221	0.01192	0.01896	0.01625	0.01083	0.01625	0.00921	0.01083	0.00650	0.00487	0.00487	0.00162	0.00758	0.00379	0.00217	0.00758
12	0.01405	0.01273	0.06652	0.03207	0.33008	0.01245	0.01231	0.15925	0.18876	0.05765	0.01405	0.01648	0.01112	0.00601	0.00521	0.00163	0.00551	0.04221	0.00390	0.00802
13	0.00645	0.00535	0.00601	0.04310	0.00850	0.00476	0.00470	0.00797	0.01178	0.01451	0.12288	0.10693	0.58809	0.01265	0.00609	0.00177	0.00288	0.03640	0.00474	0.00445
14	0.03933	0.16590	0.01669	0.01228	0.01498	0.56039	0.00973	0.01861	0.01298	0.01272	0.00765	0.00924	0.00659	0.00548	0.00557	0.00138	0.08860	0.00331	0.00254	0.00602
15	0.03055	0.11721	0.53082	0.05196	0.04295	0.04938	0.03474	0.01619	0.01113	0.03429	0.02949	0.01154	0.00784	0.00501	0.00472	0.00155	0.00707	0.00391	0.00243	0.00721
16	0.01120	0.06192	0.63148	0.01391	0.02079	0.01219	0.03985	0.03951	0.03899	0.03532	0.00992	0.01130	0.00713	0.00494	0.00482	0.00157	0.00710	0.00391	0.00252	0.04164
17	0.01672	0.03785	0.01363	0.01155	0.01428	0.44445	0.00896	0.18593	0.01606	0.01763	0.06475	0.01593	0.08789	0.00671	0.00539	0.00146	0.03610	0.00478	0.00359	0.00634
18	0.00625	0.00449	0.00593	0.00708	0.00742	0.00417	0.00473	0.00715	0.00989	0.01312	0.02910	0.78974	0.05999	0.01597	0.00653	0.00207	0.00296	0.01446	0.00476	0.00417
19	0.04105	0.05188	0.21127	0.16269	0.11836	0.03029	0.07413	0.11726	0.02491	0.03539	0.02894	0.01345	0.00882	0.02997	0.00597	0.00171	0.02933	0.00456	0.00297	0.00703
20	0.01276	0.01173	0.10163	0.06265	0.11409	0.01049	0.01013	0.17922	0.10541	0.07729	0.04459	0.05997	0.13247	0.00793	0.00545	0.00169	0.00497	0.04618	0.00430	0.00703
21	0.00967	0.00629	0.00797	0.00721	0.00892	0.00604	0.00552	0.01341	0.10095	0.10819	0.61169	0.03379	0.04065	0.00962	0.00586	0.00163	0.00283	0.00842	0.00568	0.00565
22	0.01754	0.01116	0.01228	0.00973	0.01310	0.01192	0.00793	0.44913	0.05003	0.15037	0.01494	0.01496	0.01065	0.00618	0.00479	0.00148	0.00464	0.00479	0.19657	0.00781
23	0.01680	0.01241	0.07368	0.01045	0.01413	0.01190	0.00900	0.40646	0.05732	0.15577	0.02963	0.08587	0.02621	0.00719	0.00518	0.00160	0.00495	0.00578	0.05786	0.00781
24	0.01197	0.01343	0.02800	0.02035	0.02473	0.01340	0.65046	0.01580	0.01145	0.01580	0.00981	0.01343	0.00762	0.00505	0.00774	0.00181	0.13408	0.00581	0.00254	0.00672
25	0.00624	0.00450	0.00592	0.00706	0.00742	0.00418	0.00472	0.00715	0.00991	0.01313	0.02936	0.78139	0.06818	0.01593	0.00653	0.00207	0.00296	0.01442	0.00476	0.00418
26	0.00984	0.00930	0.01555	0.74882	0.05419	0.01163	0.01414	0.01314	0.01018	0.01317	0.00902	0.01354	0.00687	0.00530	0.00569	0.00173	0.04528	0.00456	0.00229	0.00576
27	0.01154	0.01644	0.20892	0.01983	0.06224	0.01257	0.51065	0.01599	0.01159	0.01619	0.01038	0.03242	0.00810	0.00491	0.00611	0.00172	0.03525	0.00560	0.00253	0.00703
28	0.02174	0.00900	0.01188	0.00923	0.01305	0.00812	0.00758	0.06043	0.05562	0.68615	0.04745	0.01806	0.01395	0.00652	0.00519	0.00159	0.00434	0.00532	0.00621	0.00856
29	0.00794	0.00568	0.00774	0.00878	0.00983	0.00562	0.00740	0.00996	0.01133	0.01471	0.02765	0.12051	0.06446	0.07081	0.00833	0.00249	0.00449	0.60309	0.00462	0.00455
30	0.08469	0.00800	0.00866	0.00827	0.02267	0.02084	0.00648	0.12963	0.05992	0.03229	0.10877	0.06041	0.27343	0.01051	0.00576	0.00179	0.00386	0.14364	0.00475	0.00564
31	0.09374	0.03320	0.13386	0.01091	0.03972	0.01124	0.00964	0.19492	0.04585	0.10048	0.01358	0.07670	0.02620	0.00647	0.00537	0.00152	0.04540	0.00503	0.00394	0.14222

[dist]
# distance from previous block
# <min> <max>
2	11

[block]
# block no. 1 follows, 48 sequences, length 14
# corresponding to MSA columns:
# 126-139
name=unknown_B
#
# <colnr> <probs for GDERKNQSTAVLIFYWHMCP>
#	G	D	E	R	K	N	Q	S	T	A	V	L	I	F	Y	W	H	M	C	P
0	0.09354	0.00798	0.00840	0.00747	0.00950	0.04754	0.00577	0.07630	0.05451	0.02095	0.47330	0.02904	0.06106	0.00871	0.00539	0.00154	0.00337	0.00735	0.02432	0.05397
1	0.00794	0.00609	0.00774	0.04495	0.00969	0.00598	0.00573	0.00943	0.01072	0.03117	0.11954	0.26501	0.16516	0.08009	0.00840	0.00205	0.06270	0.04429	0.02320	0.09011
2	0.63980	0.03465	0.02967	0.00813	0.01155	0.06331	0.00686	0.12104	0.01136	0.02317	0.00797	0.00901	0.00612	0.00498	0.00359	0.00155	0.00468	0.00309	0.00336	0.00611
3	0.00815	0.00582	0.00813	0.00932	0.01045	0.00581	0.00807	0.01043	0.01170	0.01522	0.02723	0.10180	0.02979	0.01428	0.00706	0.00235	0.00462	0.71036	0.00473	0.00469
4	0.01372	0.82276	0.02689	0.00878	0.01317	0.02030	0.00878	0.01536	0.01043	0.01207	0.00713	0.00823	0.00658	0.00439	0.00329	0.00110	0.00549	0.00274	0.00219	0.00658
5	0.00891	0.00446	0.00668	0.00668	0.00668	0.00446	0.00446	0.00668	0.00668	0.00891	0.00891	0.01560	0.00891	0.01783	0.02005	0.85071	0.00446	0.00446	0.00223	0.00223
6	0.01951	0.01437	0.01540	0.01181	0.01591	0.01591	0.00975	0.77056	0.02412	0.03234	0.01232	0.01232	0.00873	0.00616	0.00513	0.00154	0.00565	0.00462	0.00513	0.00873
7	0.01204	0.01173	0.01897	0.26187	0.53495	0.04118	0.01508	0.01514	0.01137	0.01552	0.00943	0.01286	0.00769	0.00476	0.00508	0.00157	0.00643	0.00452	0.00247	0.00732
8	0.01057	0.01051	0.01641	0.67746	0.06740	0.06246	0.05600	0.01389	0.01070	0.01342	0.00914	0.01336	0.00694	0.00507	0.00515	0.00168	0.00706	0.00456	0.00233	0.00589
9	0.01162	0.02841	0.01115	0.00880	0.01168	0.05051	0.00697	0.06007	0.01148	0.06757	0.01573	0.11685	0.07519	0.02635	0.00686	0.00145	0.11517	0.00569	0.00360	0.36487
10	0.72794	0.01244	0.12642	0.00794	0.01178	0.01157	0.00758	0.01526	0.00905	0.02200	0.00746	0.00871	0.00570	0.00478	0.00343	0.00159	0.00452	0.00293	0.00302	0.00586
11	0.08780	0.17307	0.08444	0.01336	0.11507	0.09078	0.06421	0.09110	0.05682	0.01801	0.10033	0.01631	0.05572	0.00607	0.00475	0.00149	0.00564	0.00493	0.00340	0.00672
12	0.01625	0.01295	0.01372	0.03678	0.01524	0.05255	0.00875	0.46391	0.04294	0.02572	0.01187	0.03454	0.00919	0.00577	0.00480	0.00135	0.00526	0.00445	0.00436	0.22960
13	0.10407	0.11100	0.34052	0.01088	0.01570	0.01143	0.01195	0.01568	0.03943	0.08426	0.05842	0.03468	0.06567	0.00636	0.00531	0.00159	0.04625	0.00484	0.00323	0.02874

[dist]
# distance from previous block
# <min> <max>
9	19

[block]
# block no. 2 follows, 48 sequences, length 30
# corresponding to MSA columns:
# 159-188
name=unknown_C
#
# <colnr> <probs for GDERKNQSTAVLIFYWHMCP>
#	G	D	E	R	K	N	Q	S	T	A	V	L	I	F	Y	W	H	M	C	P
0	0.04364	0.06335	0.08770	0.01218	0.03188	0.15734	0.01033	0.35558	0.10377	0.02327	0.01156	0.01213	0.00869	0.00589	0.00523	0.00152	0.03418	0.00427	0.01987	0.00763
1	0.04313	0.01519	0.01441	0.10052	0.10508	0.25560	0.01005	0.15597	0.01468	0.08278	0.01027	0.01158	0.00784	0.00517	0.00469	0.00136	0.00648	0.00392	0.00344	0.14784
2	0.00746	0.00497	0.00560	0.00560	0.00560	0.00497	0.00311	0.00746	0.00746	0.00995	0.01617	0.03358	0.01865	0.81967	0.02612	0.00497	0.00497	0.00746	0.00311	0.00311
3	0.00659	0.00519	0.00594	0.00581	0.00726	0.00455	0.00433	0.00836	0.01285	0.01673	0.36696	0.07050	0.44264	0.01202	0.00608	0.00169	0.00253	0.01029	0.00515	0.00455
4	0.00715	0.00524	0.00670	0.00633	0.00759	0.00479	0.00475	0.00946	0.01425	0.01992	0.71368	0.03940	0.12010	0.01073	0.00605	0.00163	0.00244	0.00943	0.00556	0.00479
5	0.00722	0.00524	0.00681	0.00642	0.00764	0.00483	0.00481	0.00961	0.01444	0.02036	0.76187	0.03868	0.07164	0.01057	0.00605	0.00162	0.00243	0.00933	0.00562	0.00483
6	0.01123	0.01123	0.01572	0.01347	0.01347	0.01572	0.01123	0.01235	0.00786	0.01235	0.00674	0.01123	0.00674	0.00898	0.01684	0.00225	0.81028	0.00449	0.00225	0.00561
7	0.85592	0.00992	0.00754	0.00675	0.00992	0.01151	0.00556	0.01508	0.00873	0.02302	0.00714	0.00834	0.00556	0.00476	0.00318	0.00159	0.00397	0.00278	0.00318	0.00556
8	0.05398	0.00878	0.01175	0.00904	0.01298	0.00769	0.00747	0.02464	0.01446	0.76267	0.01976	0.01713	0.01244	0.00629	0.00509	0.00159	0.00435	0.00507	0.00623	0.00861
9	0.85592	0.00992	0.00754	0.00675	0.00992	0.01151	0.00556	0.01508	0.00873	0.02302	0.00714	0.00834	0.00556	0.00476	0.00318	0.00159	0.00397	0.00278	0.00318	0.00556
10	0.01951	0.01437	0.01540	0.01181	0.01591	0.01591	0.00975	0.77056	0.02412	0.03234	0.01232	0.01232	0.00873	0.00616	0.00513	0.00154	0.00565	0.00462	0.00513	0.00873
11	0.00745	0.00500	0.00574	0.00574	0.00579	0.00505	0.00329	0.00755	0.00750	0.01005	0.01604	0.03286	0.01834	0.77778	0.06758	0.00515	0.00544	0.00736	0.00309	0.00319
12	0.85592	0.00992	0.00754	0.00675	0.00992	0.01151	0.00556	0.01508	0.00873	0.02302	0.00714	0.00834	0.00556	0.00476	0.00318	0.00159	0.00397	0.00278	0.00318	0.00556
13	0.01123	0.01123	0.01572	0.01347	0.01347	0.01572	0.01123	0.01235	0.00786	0.01235	0.00674	0.01123	0.00674	0.00898	0.01684	0.00225	0.81028	0.00449	0.00225	0.00561
14	0.00746	0.00497	0.00560	0.00560	0.00560	0.00497	0.00311	0.00746	0.00746	0.00995	0.01617	0.03358	0.01865	0.81967	0.02612	0.00497	0.00497	0.00746	0.00311	0.00311
15	0.01211	0.01384	0.03028	0.02163	0.02682	0.01298	0.76903	0.01644	0.01211	0.01644	0.01038	0.01384	0.00779	0.00433	0.00606	0.00173	0.00865	0.00606	0.00260	0.00692
16	0.02302	0.00873	0.01191	0.00913	0.01310	0.00754	0.00754	0.02501	0.01469	0.79122	0.02024	0.01746	0.01270	0.00635	0.00516	0.00159	0.00437	0.00516	0.00635	0.00873
17	0.01951	0.01437	0.01540	0.01181	0.01591	0.01591	0.00975	0.77056	0.02412	0.03234	0.01232	0.01232	0.00873	0.00616	0.00513	0.00154	0.00565	0.00462	0.00513	0.00873
18	0.01191	0.01156	0.01845	0.26305	0.44096	0.04104	0.04413	0.02985	0.02988	0.01580	0.01125	0.01433	0.03490	0.00514	0.00516	0.00159	0.00636	0.00483	0.00266	0.00714
19	0.01951	0.01437	0.01540	0.01181	0.01591	0.01591	0.00975	0.77056	0.02412	0.03234	0.01232	0.01232	0.00873	0.00616	0.00513	0.00154	0.00565	0.00462	0.00513	0.00873
20	0.80732	0.00985	0.00780	0.00689	0.01011	0.01128	0.00567	0.01566	0.00908	0.06784	0.00791	0.00887	0.00597	0.00486	0.00329	0.00159	0.00399	0.00292	0.00336	0.00574
21	0.00721	0.00524	0.00679	0.00640	0.00764	0.00482	0.00480	0.00959	0.01441	0.02030	0.75486	0.03878	0.07868	0.01059	0.00605	0.00162	0.00243	0.00934	0.00561	0.00482
22	0.01218	0.01282	0.01557	0.01344	0.01376	0.11004	0.01107	0.01333	0.00866	0.01237	0.00688	0.01099	0.00672	0.00854	0.01537	0.00213	0.71383	0.00435	0.00229	0.00565
23	0.01251	0.01199	0.02048	0.08153	0.73914	0.01214	0.01565	0.01558	0.01159	0.01653	0.00962	0.01276	0.00804	0.00461	0.00508	0.00154	0.00614	0.00457	0.00252	0.00797
24	0.85592	0.00992	0.00754	0.00675	0.00992	0.01151	0.00556	0.01508	0.00873	0.02302	0.00714	0.00834	0.00556	0.00476	0.00318	0.00159	0.00397	0.00278	0.00318	0.00556
25	0.75153	0.05379	0.01017	0.00790	0.01128	0.01208	0.05932	0.01519	0.00906	0.02197	0.00737	0.00872	0.00577	0.00471	0.00338	0.00157	0.00438	0.00301	0.00308	0.00571
26	0.00634	0.00447	0.00598	0.00713	0.00742	0.00418	0.00475	0.00713	0.00972	0.01296	0.02766	0.79049	0.03313	0.01613	0.00698	0.02946	0.00302	0.01426	0.00468	0.00411
27	0.03033	0.08592	0.10883	0.01432	0.05780	0.22906	0.06983	0.10075	0.01263	0.01582	0.00859	0.01090	0.00713	0.00666	0.02250	0.00176	0.20378	0.00406	0.00273	0.00658
28	0.01240	0.01201	0.01785	0.15919	0.22343	0.08088	0.14777	0.10789	0.01299	0.01700	0.01298	0.14688	0.01209	0.00681	0.00548	0.00167	0.00639	0.00640	0.00321	0.00670
29	0.01146	0.00964	0.01100	0.00825	0.01248	0.00819	0.00658	0.07082	0.10673	0.01838	0.01125	0.03033	0.00929	0.00465	0.00414	0.00097	0.00395	0.00376	0.00351	0.66463

[dist]
# distance from previous block
# <min> <max>
0	1

[block]
# block no. 3 follows, 48 sequences, length 55
# corresponding to MSA columns:
# 190-244
name=unknown_D
#
# <colnr> <probs for GDERKNQSTAVLIFYWHMCP>
#	G	D	E	R	K	N	Q	S	T	A	V	L	I	F	Y	W	H	M	C	P
0	0.00622	0.00458	0.00583	0.00683	0.00736	0.00419	0.00462	0.00718	0.01012	0.01322	0.03207	0.69354	0.15427	0.01558	0.00647	0.00203	0.00292	0.01399	0.00476	0.00419
1	0.00764	0.00533	0.00698	0.00652	0.00780	0.00491	0.00491	0.01005	0.01453	0.03914	0.76654	0.03783	0.04755	0.01039	0.00603	0.00161	0.00247	0.00918	0.00567	0.00494
2	0.01305	0.01302	0.02029	0.06444	0.68048	0.07229	0.02982	0.01601	0.01185	0.01627	0.00951	0.01250	0.00795	0.00465	0.00507	0.00152	0.00642	0.00450	0.00254	0.00783
3	0.08471	0.00896	0.01167	0.00902	0.01293	0.00804	0.00745	0.04242	0.01447	0.71577	0.01908	0.01666	0.01207	0.00623	0.00501	0.00159	0.00437	0.00497	0.00609	0.00850
4	0.85592	0.00992	0.00754	0.00675	0.00992	0.01151	0.00556	0.01508	0.00873	0.02302	0.00714	0.00834	0.00556	0.00476	0.00318	0.00159	0.00397	0.00278	0.00318	0.00556
5	0.00746	0.00497	0.00560	0.00560	0.00560	0.00497	0.00311	0.00746	0.00746	0.00995	0.01617	0.03358	0.01865	0.81967	0.02612	0.00497	0.00497	0.00746	0.00311	0.00311
6	0.00726	0.00524	0.00686	0.00646	0.00767	0.00484	0.00484	0.00968	0.01452	0.02058	0.78496	0.03833	0.04841	0.01049	0.00605	0.00161	0.00242	0.00928	0.00565	0.00484
7	0.02302	0.00873	0.01191	0.00913	0.01310	0.00754	0.00754	0.02501	0.01469	0.79122	0.02024	0.01746	0.01270	0.00635	0.00516	0.00159	0.00437	0.00516	0.00635	0.00873
8	0.01276	0.01102	0.01160	0.01044	0.01334	0.01276	0.00812	0.02727	0.77840	0.02146	0.02088	0.01914	0.01566	0.00696	0.00522	0.00174	0.00406	0.00580	0.00522	0.00812
9	0.00969	0.00912	0.01539	0.80734	0.03534	0.01140	0.01425	0.01311	0.01026	0.01311	0.00912	0.01368	0.00684	0.00513	0.00513	0.00171	0.00684	0.00456	0.00228	0.00570
10	0.00608	0.00514	0.00526	0.00535	0.00697	0.00432	0.00396	0.00735	0.01155	0.01380	0.05017	0.10798	0.72815	0.01323	0.00610	0.00176	0.00263	0.01112	0.00476	0.00432
11	0.01951	0.01437	0.01540	0.01181	0.01591	0.01591	0.00975	0.77056	0.02412	0.03234	0.01232	0.01232	0.00873	0.00616	0.00513	0.00154	0.00565	0.00462	0.00513	0.00873
12	0.00726	0.00524	0.00686	0.00646	0.00767	0.00484	0.00484	0.00968	0.01452	0.02058	0.78496	0.03833	0.04841	0.01049	0.00605	0.00161	0.00242	0.00928	0.00565	0.00484
13	0.01307	0.01117	0.01178	0.01050	0.01346	0.01291	0.00820	0.06113	0.74403	0.02196	0.02049	0.01883	0.01535	0.00692	0.00522	0.00173	0.00413	0.00575	0.00522	0.00815
14	0.01660	0.01413	0.01502	0.01437	0.12530	0.09322	0.01017	0.37853	0.23340	0.02507	0.01390	0.01398	0.01038	0.00607	0.00510	0.00157	0.00563	0.00481	0.00454	0.00819
15	0.00625	0.00447	0.00595	0.00714	0.00744	0.00417	0.00476	0.00714	0.00982	0.01310	0.02828	0.81633	0.03394	0.01608	0.00655	0.00208	0.00298	0.01459	0.00476	0.00417
16	0.01917	0.02445	0.01454	0.01322	0.01586	0.79907	0.00991	0.02049	0.01454	0.01256	0.00793	0.00925	0.00661	0.00529	0.00463	0.00132	0.00925	0.00330	0.00264	0.00595
17	0.00755	0.00647	0.01051	0.00986	0.01094	0.00644	0.12553	0.00901	0.01007	0.01358	0.02434	0.61168	0.04423	0.01362	0.00725	0.00203	0.06554	0.01239	0.00423	0.00471
18	0.05323	0.02408	0.66632	0.01613	0.10795	0.01193	0.01792	0.01613	0.01082	0.01665	0.00915	0.01092	0.00664	0.00484	0.00481	0.00161	0.00723	0.00383	0.00226	0.00754
19	0.00630	0.00521	0.00553	0.00545	0.00708	0.00443	0.00408	0.00782	0.01225	0.01519	0.19674	0.04720	0.64000	0.01250	0.00606	0.00171	0.00256	0.01052	0.00494	0.00443
20	0.00717	0.00524	0.00673	0.00636	0.00761	0.00480	0.00477	0.00951	0.01431	0.02006	0.72896	0.03917	0.10474	0.01068	0.00605	0.00162	0.00243	0.00940	0.00558	0.00480
21	0.00969	0.00912	0.01539	0.80734	0.03534	0.01140	0.01425	0.01311	0.01026	0.01311	0.00912	0.01368	0.00684	0.00513	0.00513	0.00171	0.00684	0.00456	0.00228	0.00570
22	0.03800	0.00909	0.01186	0.00917	0.01302	0.00821	0.00755	0.08889	0.01531	0.67591	0.03505	0.01805	0.03230	0.00655	0.00516	0.00159	0.00439	0.00529	0.00613	0.00848
23	0.00625	0.00447	0.00595	0.00714	0.00744	0.00417	0.00476	0.00714	0.00982	0.01310	0.02828	0.81633	0.03394	0.01608	0.00655	0.00208	0.00298	0.01459	0.00476	0.00417
24	0.02302	0.00873	0.01191	0.00913	0.01310	0.00754	0.00754	0.02501	0.01469	0.79122	0.02024	0.01746	0.01270	0.00635	0.00516	0.00159	0.00437	0.00516	0.00635	0.00873
25	0.01064	0.00960	0.01538	0.64978	0.05009	0.01155	0.03032	0.08972	0.01172	0.01522	0.01045	0.05402	0.00845	0.00575	0.00522	0.00171	0.00655	0.00511	0.00271	0.00602
26	0.01052	0.04554	0.71559	0.01501	0.02233	0.01221	0.07601	0.01624	0.01092	0.01616	0.00925	0.01100	0.00660	0.00482	0.00493	0.00162	0.00761	0.00394	0.00220	0.00751
27	0.85592	0.00992	0.00754	0.00675	0.00992	0.01151	0.00556	0.01508	0.00873	0.02302	0.00714	0.00834	0.00556	0.00476	0.00318	0.00159	0.00397	0.00278	0.00318	0.00556
28	0.00607	0.00516	0.00523	0.00529	0.00695	0.00432	0.00394	0.00735	0.01161	0.01383	0.05090	0.08432	0.75134	0.01314	0.00609	0.00175	0.00262	0.01100	0.00476	0.00432
29	0.01070	0.00917	0.01067	0.00768	0.01219	0.00700	0.00614	0.01332	0.03195	0.01685	0.00945	0.01088	0.00782	0.00389	0.00384	0.00079	0.00381	0.00312	0.00310	0.82764
30	0.01930	0.01313	0.01444	0.01124	0.01519	0.01427	0.00923	0.57309	0.10606	0.14847	0.01449	0.01387	0.01011	0.00628	0.00515	0.00157	0.00527	0.00483	0.00533	0.00866
31	0.00669	0.00519	0.00608	0.00593	0.00733	0.00459	0.00442	0.00854	0.01306	0.01727	0.42631	0.07866	0.37379	0.01185	0.00608	0.00169	0.00252	0.01021	0.00522	0.00459
32	0.80272	0.00997	0.00789	0.00696	0.01019	0.01144	0.00573	0.03167	0.00931	0.05577	0.00781	0.00881	0.00593	0.00486	0.00330	0.00159	0.00402	0.00292	0.00335	0.00576
33	0.00779	0.00570	0.00763	0.00863	0.00984	0.00554	0.00735	0.00989	0.01166	0.01497	0.03114	0.10668	0.14865	0.01411	0.00689	0.00224	0.00428	0.58764	0.00473	0.00463
34	0.01827	0.01364	0.01473	0.01122	0.01539	0.01464	0.00924	0.66462	0.02224	0.03015	0.01187	0.01208	0.00857	0.00583	0.00495	0.00143	0.00539	0.00440	0.00484	0.12650
35	0.01064	0.00912	0.01064	0.00760	0.01216	0.00684	0.00608	0.01292	0.01064	0.01672	0.00912	0.01064	0.00760	0.00380	0.00380	0.00076	0.00380	0.00304	0.00304	0.85104
36	0.00746	0.00500	0.00571	0.00571	0.00574	0.00503	0.00325	0.00753	0.00749	0.01003	0.01607	0.03302	0.01841	0.78729	0.05817	0.00511	0.00534	0.00738	0.00309	0.00317
37	0.02087	0.01193	0.01385	0.01065	0.01468	0.01232	0.00879	0.44204	0.03403	0.35260	0.01582	0.01462	0.01053	0.00626	0.00515	0.00156	0.00508	0.00487	0.00565	0.00872
38	0.01155	0.00555	0.00598	0.00553	0.00716	0.00544	0.00426	0.03490	0.01163	0.11745	0.01706	0.01873	0.01297	0.00603	0.00383	0.00125	0.00273	0.00483	0.71771	0.00539
39	0.85592	0.00992	0.00754	0.00675	0.00992	0.01151	0.00556	0.01508	0.00873	0.02302	0.00714	0.00834	0.00556	0.00476	0.00318	0.00159	0.00397	0.00278	0.00318	0.00556
40	0.00891	0.00446	0.00668	0.00668	0.00668	0.00446	0.00446	0.00668	0.00668	0.00891	0.00891	0.01560	0.00891	0.01783	0.02005	0.85071	0.00446	0.00446	0.00223	0.00223
41	0.01804	0.01339	0.01436	0.01122	0.01502	0.01474	0.00919	0.67241	0.05322	0.03022	0.01543	0.04126	0.05370	0.00691	0.00524	0.00158	0.00532	0.00535	0.00510	0.00830
42	0.01276	0.01102	0.01160	0.01044	0.01334	0.01276	0.00812	0.02727	0.77840	0.02146	0.02088	0.01914	0.01566	0.00696	0.00522	0.00174	0.00406	0.00580	0.00522	0.00812
43	0.01367	0.01063	0.01482	0.08735	0.05126	0.01168	0.11490	0.25127	0.01484	0.04053	0.01238	0.01485	0.00959	0.02430	0.00666	0.00165	0.09522	0.00492	0.21279	0.00671
44	0.12718	0.05578	0.20868	0.03246	0.19989	0.05233	0.21933	0.01614	0.01125	0.01690	0.00918	0.01159	0.00712	0.00464	0.00493	0.00159	0.00700	0.00439	0.00254	0.00709
45	0.02972	0.00949	0.01583	0.69932	0.12144	0.01149	0.01422	0.01346	0.01039	0.01376	0.00914	0.01344	0.00696	0.00506	0.00508	0.00169	0.00669	0.00452	0.00233	0.00598
46	0.01635	0.10223	0.01549	0.02985	0.08347	0.47243	0.00983	0.01794	0.01307	0.05225	0.01205	0.01334	0.06670	0.00661	0.02039	0.00155	0.05319	0.00416	0.00291	0.00617
47	0.00684	0.00515	0.00635	0.00669	0.00782	0.00471	0.00504	0.00851	0.01201	0.01579	0.25563	0.21934	0.26203	0.03327	0.00683	0.00196	0.00303	0.12953	0.00497	0.00448
48	0.08275	0.04283	0.05684	0.01122	0.06789	0.01047	0.00892	0.09622	0.12407	0.40112	0.01642	0.01528	0.01116	0.00595	0.00489	0.00156	0.00475	0.00476	0.00508	0.02780
49	0.01694	0.03419	0.07402	0.05185	0.02779	0.01434	0.01024	0.53697	0.03869	0.04398	0.03019	0.01374	0.00990	0.02572	0.00581	0.00164	0.02326	0.00473	0.02798	0.00801
50	0.02113	0.04998	0.01256	0.00912	0.01292	0.00863	0.00757	0.08036	0.01518	0.63741	0.07506	0.01814	0.01471	0.00654	0.00513	0.00156	0.00438	0.00530	0.00600	0.00834
51	0.03786	0.59215	0.02247	0.00929	0.01299	0.16064	0.00846	0.01569	0.01090	0.01231	0.00797	0.01036	0.00748	0.06686	0.00528	0.00145	0.00609	0.00321	0.00237	0.00617
52	0.00875	0.00534	0.00681	0.00694	0.00818	0.00479	0.00501	0.01013	0.01167	0.12376	0.16348	0.42701	0.17217	0.01317	0.00618	0.00187	0.00301	0.01164	0.00514	0.00496
53	0.01801	0.07505	0.01566	0.01128	0.01513	0.01484	0.02563	0.58876	0.03446	0.06915	0.01360	0.07054	0.01070	0.00673	0.00512	0.00156	0.00541	0.00528	0.00489	0.00818
54	0.06456	0.01082	0.05434	0.01248	0.01565	0.01047	0.19041	0.05677	0.16533	0.03101	0.10422	0.02569	0.03287	0.00789	0.00618	0.00181	0.03959	0.14192	0.00410	0.02389

[dist]
# distance from previous block
# <min> <max>
0	1

[block]
# block no. 4 follows, 48 sequences, length 22
# corresponding to MSA columns:
# 246-267
name=unknown_E
#
# <colnr> <probs for GDERKNQSTAVLIFYWHMCP>
#	G	D	E	R	K	N	Q	S	T	A	V	L	I	F	Y	W	H	M	C	P
0	0.00685	0.00515	0.00634	0.00622	0.00746	0.00464	0.00460	0.00882	0.01330	0.01807	0.51814	0.12805	0.23006	0.01174	0.00611	0.00170	0.00253	0.01026	0.00533	0.00464
1	0.01415	0.04050	0.01180	0.05363	0.05688	0.00790	0.04460	0.03085	0.02788	0.30673	0.09207	0.02797	0.22673	0.00839	0.00550	0.00164	0.00423	0.02687	0.00498	0.00670
2	0.01215	0.01363	0.09229	0.10689	0.41699	0.06454	0.07718	0.03511	0.01187	0.01606	0.01232	0.03586	0.05108	0.00561	0.00550	0.00160	0.02625	0.00515	0.00273	0.00721
3	0.01913	0.00958	0.01179	0.00940	0.01285	0.00938	0.00758	0.14753	0.12592	0.46345	0.06602	0.01902	0.01500	0.05134	0.00637	0.00179	0.00445	0.00554	0.00576	0.00809
4	0.00633	0.00496	0.00567	0.00601	0.00714	0.00437	0.00427	0.00759	0.01127	0.01430	0.13503	0.29758	0.41702	0.04588	0.00702	0.00196	0.00279	0.01173	0.00481	0.00429
5	0.03133	0.43058	0.06480	0.01144	0.05647	0.10922	0.00993	0.03392	0.01100	0.01383	0.02196	0.01028	0.00774	0.00546	0.00581	0.00139	0.12874	0.00348	0.03619	0.00643
6	0.01961	0.01124	0.01313	0.01024	0.01399	0.01158	0.00840	0.38489	0.04698	0.32772	0.05062	0.01606	0.01250	0.00710	0.02101	0.00170	0.00503	0.00511	0.02475	0.00836
7	0.80784	0.01087	0.05221	0.00720	0.01062	0.01153	0.00632	0.01515	0.00885	0.02264	0.00726	0.00848	0.00561	0.00477	0.00327	0.00159	0.00417	0.00284	0.00312	0.00567
8	0.00736	0.00493	0.00563	0.00573	0.00575	0.00491	0.00325	0.00743	0.00766	0.01022	0.01720	0.10018	0.01995	0.75130	0.02445	0.00473	0.00480	0.00807	0.00325	0.00320
9	0.00727	0.00559	0.00670	0.00636	0.00781	0.00519	0.00479	0.01013	0.06101	0.01879	0.53618	0.04018	0.24904	0.01096	0.00600	0.00165	0.00257	0.00949	0.00538	0.00490
10	0.01064	0.00912	0.01064	0.00760	0.01216	0.00684	0.00608	0.01292	0.01064	0.01672	0.00912	0.01064	0.00760	0.00380	0.00380	0.00076	0.00380	0.00304	0.00304	0.85104
11	0.00722	0.00524	0.00679	0.00641	0.00764	0.00482	0.00480	0.00959	0.01441	0.02032	0.75656	0.03876	0.07698	0.01059	0.00605	0.00162	0.00243	0.00934	0.00561	0.00482
12	0.00630	0.00450	0.00600	0.00711	0.00745	0.00420	0.00477	0.00727	0.01005	0.01346	0.06538	0.77819	0.03465	0.01580	0.00652	0.00206	0.00295	0.01433	0.00481	0.00420
13	0.01123	0.01123	0.01572	0.01347	0.01347	0.01572	0.01123	0.01235	0.00786	0.01235	0.00674	0.01123	0.00674	0.00898	0.01684	0.00225	0.81028	0.00449	0.00225	0.00561
14	0.85592	0.00992	0.00754	0.00675	0.00992	0.01151	0.00556	0.01508	0.00873	0.02302	0.00714	0.00834	0.00556	0.00476	0.00318	0.00159	0.00397	0.00278	0.00318	0.00556
15	0.01372	0.82276	0.02689	0.00878	0.01317	0.02030	0.00878	0.01536	0.01043	0.01207	0.00713	0.00823	0.00658	0.00439	0.00329	0.00110	0.00549	0.00274	0.00219	0.00658
16	0.02232	0.00858	0.01168	0.00901	0.01286	0.00742	0.00742	0.02432	0.01468	0.75697	0.05423	0.01839	0.01429	0.00653	0.00520	0.00159	0.00428	0.00534	0.00632	0.00856
17	0.00726	0.00524	0.00686	0.00646	0.00767	0.00484	0.00484	0.00968	0.01452	0.02058	0.78496	0.03833	0.04841	0.01049	0.00605	0.00161	0.00242	0.00928	0.00565	0.00484
18	0.00661	0.00482	0.00643	0.05085	0.00874	0.00469	0.00506	0.00758	0.00972	0.01292	0.04629	0.63703	0.04790	0.11514	0.00888	0.00240	0.00341	0.01293	0.00444	0.00414
19	0.01372	0.82276	0.02689	0.00878	0.01317	0.02030	0.00878	0.01536	0.01043	0.01207	0.00713	0.00823	0.00658	0.00439	0.00329	0.00110	0.00549	0.00274	0.00219	0.00658
20	0.01355	0.14215	0.24527	0.05759	0.01780	0.11991	0.01254	0.12349	0.07762	0.01726	0.02282	0.01180	0.00836	0.00581	0.00612	0.00158	0.10225	0.00407	0.00299	0.00703
21	0.01011	0.00761	0.00902	0.02211	0.01038	0.00803	0.00643	0.17538	0.05101	0.03065	0.06067	0.37688	0.12526	0.02899	0.00702	0.00194	0.04801	0.01021	0.00472	0.00557

[dist]
# distance from previous block
# <min> <max>
0	6

[block]
# block no. 5 follows, 48 sequences, length 38
# corresponding to MSA columns:
# 274-311
name=unknown_F
#
# <colnr> <probs for GDERKNQSTAVLIFYWHMCP>
#	G	D	E	R	K	N	Q	S	T	A	V	L	I	F	Y	W	H	M	C	P
0	0.00960	0.00982	0.01985	0.01542	0.01851	0.00920	0.44148	0.01245	0.01113	0.01501	0.01805	0.35777	0.01899	0.00936	0.00627	0.00188	0.00622	0.00971	0.00352	0.00574
1	0.51728	0.23782	0.11013	0.00829	0.01235	0.01400	0.00811	0.01531	0.00946	0.01914	0.00740	0.00862	0.00596	0.00467	0.00342	0.00146	0.00484	0.00289	0.00278	0.00609
2	0.00956	0.00478	0.00478	0.00478	0.00598	0.00478	0.00359	0.01196	0.01076	0.01913	0.01674	0.01913	0.01315	0.00598	0.00359	0.00120	0.00239	0.00478	0.84816	0.00478
3	0.01295	0.01089	0.01147	0.01024	0.01312	0.01254	0.00798	0.06495	0.70188	0.02191	0.02024	0.01879	0.01518	0.00687	0.00514	0.00170	0.00406	0.00569	0.04641	0.00799
4	0.00606	0.00520	0.00520	0.00520	0.00693	0.00433	0.00390	0.00736	0.01170	0.01386	0.05198	0.04938	0.78558	0.01299	0.00606	0.00173	0.00260	0.01083	0.00476	0.00433
5	0.00625	0.00447	0.00595	0.00714	0.00744	0.00417	0.00476	0.00714	0.00982	0.01310	0.02828	0.81633	0.03394	0.01608	0.00655	0.00208	0.00298	0.01459	0.00476	0.00417
6	0.01951	0.01437	0.01540	0.01181	0.01591	0.01591	0.00975	0.77056	0.02412	0.03234	0.01232	0.01232	0.00873	0.00616	0.00513	0.00154	0.00565	0.00462	0.00513	0.00873
7	0.85592	0.00992	0.00754	0.00675	0.00992	0.01151	0.00556	0.01508	0.00873	0.02302	0.00714	0.00834	0.00556	0.00476	0.00318	0.00159	0.00397	0.00278	0.00318	0.00556
8	0.01372	0.82276	0.02689	0.00878	0.01317	0.02030	0.00878	0.01536	0.01043	0.01207	0.00713	0.00823	0.00658	0.00439	0.00329	0.00110	0.00549	0.00274	0.00219	0.00658
9	0.00769	0.00535	0.00702	0.00660	0.00788	0.00494	0.00500	0.01010	0.01446	0.04017	0.74670	0.03828	0.04703	0.01047	0.00605	0.00163	0.00253	0.02752	0.00564	0.00494
10	0.00613	0.00516	0.00532	0.00543	0.00705	0.00436	0.00406	0.00743	0.01157	0.01384	0.04974	0.10276	0.71543	0.01324	0.00612	0.00177	0.00268	0.02881	0.00476	0.00433
11	0.00631	0.00524	0.00554	0.00555	0.00720	0.00447	0.00422	0.00779	0.01204	0.01473	0.13743	0.04848	0.66217	0.01276	0.00611	0.00175	0.00268	0.04627	0.00487	0.00441
12	0.01190	0.01030	0.01539	0.62831	0.03097	0.01242	0.01324	0.18357	0.01338	0.01744	0.00984	0.01337	0.00726	0.00536	0.00513	0.00167	0.00657	0.00457	0.00292	0.00638
13	0.01094	0.01082	0.01547	0.10717	0.01594	0.01495	0.01145	0.01235	0.00815	0.01243	0.00721	0.01176	0.00691	0.00933	0.03675	0.00235	0.69364	0.00453	0.00226	0.00560
14	0.00625	0.00447	0.00595	0.00714	0.00744	0.00417	0.00476	0.00714	0.00982	0.01310	0.02828	0.81633	0.03394	0.01608	0.00655	0.00208	0.00298	0.01459	0.00476	0.00417
15	0.02286	0.00899	0.01207	0.00925	0.01323	0.00792	0.00764	0.05896	0.01512	0.75666	0.01988	0.01723	0.01252	0.00634	0.00516	0.00159	0.00442	0.00514	0.00630	0.00873
16	0.03152	0.07713	0.17436	0.01387	0.01887	0.01122	0.23691	0.03588	0.01291	0.29364	0.03370	0.01461	0.01024	0.00537	0.00521	0.00160	0.00634	0.00502	0.00397	0.00763
17	0.00885	0.01060	0.13244	0.01144	0.01352	0.00923	0.09673	0.01122	0.00990	0.01414	0.06887	0.24941	0.01860	0.01462	0.13306	0.00294	0.17769	0.00800	0.00332	0.00543
18	0.00733	0.00533	0.00674	0.00750	0.00823	0.00514	0.00530	0.06229	0.01112	0.01469	0.02870	0.65381	0.08394	0.01502	0.00645	0.00204	0.00326	0.06379	0.00479	0.00454
19	0.02789	0.01188	0.01903	0.07320	0.54917	0.02614	0.05097	0.06138	0.03779	0.01752	0.01139	0.02980	0.00986	0.00551	0.00523	0.00161	0.00606	0.04501	0.00294	0.00762
20	0.01064	0.00912	0.01064	0.00760	0.01216	0.00684	0.00608	0.01292	0.01064	0.01672	0.00912	0.01064	0.00760	0.00380	0.00380	0.00076	0.00380	0.00304	0.00304	0.85104
21	0.01263	0.13936	0.35164	0.03221	0.17164	0.08633	0.04411	0.05312	0.01189	0.01602	0.00900	0.01093	0.00702	0.00494	0.00505	0.00152	0.02891	0.00391	0.00245	0.00733
22	0.00764	0.00559	0.00784	0.00775	0.00855	0.00632	0.00577	0.02627	0.00844	0.01196	0.01424	0.02288	0.01399	0.20687	0.61370	0.00738	0.01166	0.00590	0.00288	0.00436
23	0.00726	0.00524	0.00686	0.00646	0.00767	0.00484	0.00484	0.00968	0.01452	0.02058	0.78496	0.03833	0.04841	0.01049	0.00605	0.00161	0.00242	0.00928	0.00565	0.00484
24	0.00722	0.00524	0.00680	0.00641	0.00764	0.00482	0.00481	0.00961	0.01443	0.02035	0.76077	0.03869	0.07274	0.01057	0.00605	0.00162	0.00243	0.00933	0.00562	0.00482
25	0.00746	0.00497	0.00560	0.00560	0.00560	0.00497	0.00311	0.00746	0.00746	0.00995	0.01617	0.03358	0.01865	0.81967	0.02612	0.00497	0.00497	0.00746	0.00311	0.00311
26	0.00625	0.00447	0.00595	0.00714	0.00744	0.00417	0.00476	0.00714	0.00982	0.01310	0.02828	0.81633	0.03394	0.01608	0.00655	0.00208	0.00298	0.01459	0.00476	0.00417
27	0.01276	0.01102	0.01160	0.01044	0.01334	0.01276	0.00812	0.02727	0.77840	0.02146	0.02088	0.01914	0.01566	0.00696	0.00522	0.00174	0.00406	0.00580	0.00522	0.00812
28	0.01436	0.72840	0.02543	0.00930	0.01349	0.11236	0.00891	0.01597	0.01091	0.01213	0.00723	0.00835	0.00659	0.00450	0.00345	0.00112	0.00593	0.00281	0.00225	0.00651
29	0.00726	0.00524	0.00686	0.00646	0.00767	0.00484	0.00484	0.00968	0.01452	0.02058	0.78496	0.03833	0.04841	0.01049	0.00605	0.00161	0.00242	0.00928	0.00565	0.00484
30	0.00842	0.00663	0.00854	0.00826	0.00928	0.00699	0.00606	0.05328	0.01010	0.01412	0.01956	0.40875	0.02209	0.09351	0.09392	0.00285	0.10942	0.00967	0.00388	0.10467
31	0.85592	0.00992	0.00754	0.00675	0.00992	0.01151	0.00556	0.01508	0.00873	0.02302	0.00714	0.00834	0.00556	0.00476	0.00318	0.00159	0.00397	0.00278	0.00318	0.00556
32	0.00726	0.00524	0.00686	0.00646	0.00767	0.00484	0.00484	0.00968	0.01452	0.02058	0.78496	0.03833	0.04841	0.01049	0.00605	0.00161	0.00242	0.00928	0.00565	0.00484
33	0.00735	0.00542	0.00783	0.00783	0.00861	0.00619	0.00590	0.00890	0.00812	0.01161	0.01412	0.02225	0.01373	0.16010	0.67896	0.00774	0.01238	0.00580	0.00280	0.00435
34	0.01400	0.78397	0.02634	0.00892	0.01330	0.02009	0.00883	0.05160	0.01108	0.01304	0.00738	0.00843	0.00669	0.00447	0.00338	0.00112	0.00549	0.00283	0.00234	0.00669
35	0.00976	0.00911	0.01513	0.74821	0.03352	0.01143	0.01383	0.01304	0.01016	0.01323	0.00921	0.01370	0.00700	0.00534	0.00565	0.00172	0.04528	0.00456	0.02445	0.00567
36	0.01125	0.00948	0.01097	0.00789	0.01242	0.00747	0.00633	0.06545	0.01157	0.01780	0.00934	0.01076	0.00768	0.00396	0.00389	0.00081	0.00393	0.00315	0.00319	0.79264
37	0.01064	0.00912	0.01064	0.00760	0.01216	0.00684	0.00608	0.01292	0.01064	0.01672	0.00912	0.01064	0.00760	0.00380	0.00380	0.00076	0.00380	0.00304	0.00304	0.85104

[dist]
# distance from previous block
# <min> <max>
0	2

[block]
# block no. 6 follows, 48 sequences, length 11
# corresponding to MSA columns:
# 314-324
name=unknown_G
#
# <colnr> <probs for GDERKNQSTAVLIFYWHMCP>
#	G	D	E	R	K	N	Q	S	T	A	V	L	I	F	Y	W	H	M	C	P
0	0.01390	0.01174	0.05307	0.01037	0.01361	0.01214	0.00860	0.20772	0.41099	0.05394	0.12875	0.01973	0.01809	0.00714	0.00530	0.00166	0.00441	0.00588	0.00514	0.00779
1	0.01121	0.25371	0.40263	0.01227	0.01778	0.03482	0.05349	0.01519	0.01097	0.01497	0.06375	0.01275	0.00997	0.00732	0.05674	0.00190	0.00712	0.00409	0.00249	0.00682
2	0.01150	0.01084	0.04863	0.00841	0.01302	0.03534	0.00707	0.06311	0.01167	0.01758	0.00929	0.01071	0.00759	0.00406	0.00397	0.00087	0.00429	0.00319	0.00312	0.72574
3	0.21886	0.25718	0.01651	0.01026	0.01336	0.29176	0.00856	0.01728	0.03734	0.01523	0.00785	0.00921	0.00666	0.00523	0.00481	0.00140	0.06653	0.00318	0.00270	0.00609
4	0.02277	0.00913	0.01215	0.00932	0.01330	0.00813	0.00770	0.07769	0.01535	0.73760	0.01968	0.01710	0.01242	0.00634	0.00516	0.00158	0.00446	0.00512	0.00626	0.00873
5	0.00763	0.00595	0.00749	0.05920	0.00986	0.00580	0.00562	0.01081	0.07167	0.01867	0.50825	0.03802	0.18896	0.01047	0.00596	0.00168	0.00294	0.03079	0.00519	0.00504
6	0.00625	0.00447	0.00595	0.00714	0.00744	0.00417	0.00476	0.00714	0.00982	0.01310	0.02828	0.81633	0.03394	0.01608	0.00655	0.00208	0.00298	0.01459	0.00476	0.00417
7	0.00622	0.00458	0.00584	0.00685	0.00737	0.00419	0.00463	0.00718	0.01010	0.01321	0.03184	0.70123	0.14673	0.01561	0.00648	0.00203	0.00292	0.01402	0.00476	0.00419
8	0.01083	0.01070	0.01941	0.48304	0.20639	0.01187	0.15510	0.01433	0.01093	0.01457	0.00948	0.01348	0.00731	0.00485	0.00529	0.00167	0.00701	0.00484	0.00240	0.00648
9	0.01047	0.02547	0.73539	0.01589	0.07940	0.01194	0.01872	0.01621	0.01090	0.01629	0.00924	0.01097	0.00662	0.00485	0.00489	0.00162	0.00747	0.00385	0.00219	0.00762
10	0.00606	0.00520	0.00520	0.00520	0.00693	0.00433	0.00390	0.00736	0.01170	0.01386	0.05198	0.04938	0.78558	0.01299	0.00606	0.00173	0.00260	0.01083	0.00476	0.00433

[dist]
# distance from previous block
# <min> <max>
0	26

[block]
# block no. 7 follows, 48 sequences, length 16
# corresponding to MSA columns:
# 351-366
name=unknown_H
#
# <colnr> <probs for GDERKNQSTAVLIFYWHMCP>
#	G	D	E	R	K	N	Q	S	T	A	V	L	I	F	Y	W	H	M	C	P
0	0.01860	0.03650	0.11915	0.00963	0.01372	0.00856	0.00887	0.05685	0.01445	0.51595	0.12534	0.01895	0.01648	0.00666	0.00519	0.00158	0.00463	0.00545	0.00549	0.00796
1	0.00726	0.00524	0.00686	0.00646	0.00767	0.00484	0.00484	0.00968	0.01452	0.02058	0.78496	0.03833	0.04841	0.01049	0.00605	0.00161	0.00242	0.00928	0.00565	0.00484
2	0.15821	0.31681	0.01719	0.12276	0.01559	0.05091	0.00870	0.04383	0.01111	0.10949	0.00992	0.01158	0.00791	0.00842	0.08603	0.00209	0.00632	0.00368	0.00307	0.00639
3	0.01109	0.16794	0.58706	0.01462	0.05300	0.01348	0.05272	0.01608	0.01086	0.01553	0.00891	0.01059	0.00664	0.00475	0.00466	0.00153	0.00720	0.00374	0.00221	0.00740
4	0.03686	0.62944	0.06206	0.01020	0.03924	0.08215	0.00948	0.01642	0.04921	0.01324	0.00807	0.00914	0.00706	0.00463	0.00363	0.00120	0.00580	0.00305	0.00242	0.00668
5	0.77003	0.01086	0.03936	0.00738	0.01079	0.01180	0.00635	0.06224	0.00978	0.02333	0.00755	0.00868	0.00579	0.00485	0.00337	0.00159	0.00422	0.00293	0.00326	0.00584
6	0.06179	0.01474	0.01451	0.04786	0.03431	0.11796	0.00964	0.52488	0.05152	0.02696	0.01292	0.01328	0.03403	0.00615	0.00500	0.00154	0.00593	0.00460	0.00450	0.00787
7	0.00891	0.00446	0.00668	0.00668	0.00668	0.00446	0.00446	0.00668	0.00668	0.00891	0.00891	0.01560	0.00891	0.01783	0.02005	0.85071	0.00446	0.00446	0.00223	0.00223
8	0.01680	0.02700	0.01532	0.03658	0.11090	0.01429	0.01019	0.52704	0.06767	0.02707	0.01307	0.01530	0.01017	0.02680	0.02691	0.00184	0.00580	0.03460	0.00456	0.00808
9	0.00678	0.00523	0.00620	0.00595	0.00737	0.00464	0.00447	0.00876	0.01340	0.01790	0.49268	0.04274	0.34237	0.01149	0.00606	0.00166	0.00249	0.00990	0.00530	0.00464
10	0.00812	0.00647	0.04016	0.00700	0.00866	0.00550	0.00561	0.01101	0.04387	0.05113	0.61014	0.06743	0.09447	0.01034	0.00595	0.00165	0.00282	0.00906	0.00542	0.00518
11	0.01366	0.06413	0.02000	0.06881	0.52897	0.10453	0.03816	0.05236	0.03041	0.01662	0.00968	0.01224	0.00798	0.00480	0.00496	0.00150	0.00648	0.00439	0.00270	0.00763
12	0.01064	0.00912	0.01064	0.00760	0.01216	0.00684	0.00608	0.01292	0.01064	0.01672	0.00912	0.01064	0.00760	0.00380	0.00380	0.00076	0.00380	0.00304	0.00304	0.85104
13	0.01333	0.00984	0.01233	0.06936	0.09701	0.04795	0.02613	0.01884	0.20946	0.16370	0.15405	0.03520	0.03021	0.00709	0.00529	0.00159	0.00456	0.01969	0.00464	0.06975
14	0.00679	0.00501	0.00669	0.04467	0.00898	0.00475	0.00528	0.00786	0.00979	0.01315	0.02554	0.66077	0.03014	0.06808	0.00765	0.00220	0.00339	0.03632	0.00445	0.04850
15	0.06362	0.04100	0.22553	0.03852	0.08853	0.01172	0.28507	0.01494	0.01101	0.01615	0.01127	0.09151	0.00982	0.00583	0.00568	0.00167	0.03258	0.00566	0.00271	0.03717

[dist]
# distance from previous block
# <min> <max>
2	12

[block]
# block no. 8 follows, 48 sequences, length 49
# corresponding to MSA columns:
# 379-427
name=unknown_I
#
# <colnr> <probs for GDERKNQSTAVLIFYWHMCP>
#	G	D	E	R	K	N	Q	S	T	A	V	L	I	F	Y	W	H	M	C	P
0	0.00718	0.00524	0.00674	0.00637	0.00761	0.00481	0.00478	0.00952	0.01433	0.02011	0.73439	0.03909	0.09928	0.01066	0.00605	0.00162	0.00243	0.00939	0.00559	0.00481
1	0.01086	0.06453	0.62451	0.01697	0.13524	0.01240	0.03303	0.01613	0.01096	0.01612	0.00919	0.01104	0.00677	0.00479	0.00485	0.00159	0.00728	0.00390	0.00223	0.00760
2	0.00788	0.00650	0.00701	0.00686	0.00855	0.00647	0.00512	0.01213	0.18731	0.01515	0.03726	0.09270	0.42513	0.08587	0.04797	0.00240	0.00381	0.03217	0.00462	0.00511
3	0.01508	0.01275	0.05762	0.04261	0.01550	0.01337	0.00946	0.25429	0.43430	0.06254	0.01709	0.01627	0.01251	0.00649	0.00517	0.00166	0.00487	0.00524	0.00496	0.00821
4	0.00803	0.00545	0.00713	0.00671	0.00807	0.00501	0.00514	0.01039	0.01429	0.05636	0.68320	0.03880	0.06821	0.01058	0.00607	0.00166	0.00265	0.05166	0.00560	0.00500
5	0.04279	0.00898	0.01194	0.00918	0.01313	0.00797	0.00758	0.05431	0.01492	0.74279	0.01962	0.01704	0.01237	0.00631	0.00511	0.00159	0.00441	0.00508	0.00623	0.00866
6	0.02258	0.00945	0.01235	0.00947	0.01345	0.00860	0.00782	0.11945	0.01588	0.69509	0.01924	0.01681	0.01220	0.00633	0.00516	0.00158	0.00453	0.00509	0.00620	0.00873
7	0.01123	0.01123	0.01572	0.01347	0.01347	0.01572	0.01123	0.01235	0.00786	0.01235	0.00674	0.01123	0.00674	0.00898	0.01684	0.00225	0.81028	0.00449	0.00225	0.00561
8	0.01372	0.82276	0.02689	0.00878	0.01317	0.02030	0.00878	0.01536	0.01043	0.01207	0.00713	0.00823	0.00658	0.00439	0.00329	0.00110	0.00549	0.00274	0.00219	0.00658
9	0.01276	0.01102	0.01160	0.01044	0.01334	0.01276	0.00812	0.02727	0.77840	0.02146	0.02088	0.01914	0.01566	0.00696	0.00522	0.00174	0.00406	0.00580	0.00522	0.00812
10	0.01276	0.01102	0.01160	0.01044	0.01334	0.01276	0.00812	0.02727	0.77840	0.02146	0.02088	0.01914	0.01566	0.00696	0.00522	0.00174	0.00406	0.00580	0.00522	0.00812
11	0.85592	0.00992	0.00754	0.00675	0.00992	0.01151	0.00556	0.01508	0.00873	0.02302	0.00714	0.00834	0.00556	0.00476	0.00318	0.00159	0.00397	0.00278	0.00318	0.00556
12	0.85592	0.00992	0.00754	0.00675	0.00992	0.01151	0.00556	0.01508	0.00873	0.02302	0.00714	0.00834	0.00556	0.00476	0.00318	0.00159	0.00397	0.00278	0.00318	0.00556
