[name]
unknown

[dist]
# distance from previous block
# <min> <max>
0	74

[block]
# block no. 0 follows, 46 sequences, length 10
# corresponding to MSA columns:
# 99-108
name=unknown_A
#
# <colnr> <probs for GDERKNQSTAVLIFYWHMCP>
#	G	D	E	R	K	N	Q	S	T	A	V	L	I	F	Y	W	H	M	C	P
0	0.00798	0.00513	0.00691	0.00778	0.00851	0.00479	0.00557	0.00922	0.01091	0.06918	0.05424	0.63197	0.03334	0.01540	0.00670	0.00213	0.00338	0.10709	0.00505	0.00473
1	0.00936	0.00730	0.01020	0.01240	0.14488	0.00743	0.00767	0.08887	0.01173	0.01596	0.02131	0.40240	0.02366	0.07718	0.09766	0.00295	0.00543	0.04394	0.00418	0.00550
2	0.00811	0.00629	0.00883	0.14740	0.01322	0.00699	0.00720	0.00961	0.01018	0.01409	0.03684	0.40136	0.06673	0.01251	0.00786	0.03807	0.08805	0.02279	0.08913	0.00474
3	0.01306	0.01140	0.01741	0.02362	0.48691	0.01160	0.01281	0.14615	0.01441	0.02012	0.09319	0.09668	0.01554	0.00684	0.00550	0.00164	0.00547	0.00628	0.00366	0.00771
4	0.01335	0.00954	0.01118	0.00857	0.01245	0.00829	0.00683	0.12729	0.01328	0.10842	0.01307	0.01732	0.01111	0.08739	0.00682	0.00154	0.00445	0.04811	0.00397	0.48702
5	0.00734	0.00512	0.00615	0.00638	0.00668	0.00512	0.00401	0.00785	0.00855	0.01139	0.02127	0.17389	0.07652	0.51222	0.12072	0.00478	0.00574	0.00900	0.00359	0.00369
6	0.01344	0.53023	0.02231	0.08967	0.01560	0.03549	0.00933	0.03448	0.07103	0.03123	0.00984	0.01157	0.00842	0.00861	0.08692	0.00205	0.00664	0.00368	0.00276	0.00669
7	0.05853	0.00624	0.00777	0.05263	0.01025	0.00596	0.00587	0.01081	0.01242	0.06221	0.28356	0.15753	0.14531	0.04550	0.00689	0.00193	0.00347	0.07056	0.00490	0.04767
8	0.00940	0.00939	0.08819	0.00939	0.01130	0.02700	0.00797	0.06215	0.01013	0.01428	0.01376	0.05490	0.01322	0.13140	0.41429	0.00564	0.05519	0.00585	0.00307	0.05350
9	0.01194	0.01034	0.01124	0.00919	0.01241	0.05402	0.01881	0.08280	0.17636	0.01972	0.14819	0.03451	0.01806	0.04111	0.00609	0.00151	0.01685	0.00553	0.00427	0.31703

[dist]
# distance from previous block
# <min> <max>
2	54

[block]
# block no. 1 follows, 46 sequences, length 28
# corresponding to MSA columns:
# 163-190
name=unknown_B
#
# <colnr> <probs for GDERKNQSTAVLIFYWHMCP>
#	G	D	E	R	K	N	Q	S	T	A	V	L	I	F	Y	W	H	M	C	P
0	0.01153	0.01033	0.05260	0.00916	0.01266	0.00898	0.00762	0.11097	0.06913	0.03157	0.01690	0.13520	0.06777	0.00749	0.00572	0.00140	0.05418	0.00609	0.00393	0.37677
1	0.01178	0.01267	0.04158	0.05269	0.26389	0.01191	0.38719	0.01540	0.01202	0.01651	0.01358	0.08403	0.03927	0.00596	0.00590	0.00174	0.00725	0.00659	0.00291	0.00715
2	0.00827	0.00593	0.00774	0.00720	0.00884	0.00537	0.02988	0.01039	0.01355	0.05926	0.40975	0.04247	0.25033	0.03953	0.00701	0.00189	0.00318	0.07903	0.00532	0.00505
3	0.00675	0.00485	0.00629	0.00702	0.00759	0.00451	0.00479	0.00799	0.01117	0.01510	0.20120	0.55706	0.06778	0.06228	0.00780	0.00220	0.00304	0.01318	0.00502	0.00440
4	0.17432	0.03212	0.07468	0.09975	0.11853	0.04641	0.11376	0.12725	0.01272	0.01946	0.00929	0.01181	0.00733	0.00574	0.00671	0.00173	0.12398	0.00440	0.00304	0.00697
5	0.01067	0.01049	0.01065	0.01002	0.01107	0.16881	0.00768	0.01211	0.00966	0.01223	0.01215	0.01877	0.01169	0.12289	0.42110	0.00569	0.13126	0.00529	0.00278	0.00498
6	0.00697	0.00495	0.00639	0.00733	0.00780	0.00470	0.00494	0.02941	0.01044	0.01384	0.02869	0.69348	0.06913	0.04604	0.00792	0.03171	0.00326	0.01390	0.00476	0.00433
7	0.01307	0.36388	0.23719	0.01170	0.01658	0.08114	0.04314	0.05592	0.01192	0.01507	0.01030	0.06981	0.00925	0.00694	0.03158	0.00168	0.00683	0.00443	0.00269	0.00690
8	0.01726	0.38190	0.02087	0.01133	0.01510	0.32581	0.00966	0.13154	0.01456	0.01581	0.00849	0.00954	0.00713	0.00517	0.00422	0.00129	0.00721	0.00335	0.00290	0.00686
9	0.00998	0.00940	0.01586	0.80150	0.03641	0.01175	0.01468	0.01351	0.01057	0.01351	0.00940	0.01409	0.00705	0.00529	0.00529	0.00176	0.00705	0.00470	0.00235	0.00587
10	0.01065	0.00832	0.01120	0.21821	0.01679	0.01004	0.00890	0.05636	0.03721	0.01690	0.01465	0.06520	0.03434	0.00749	0.00746	0.00172	0.17613	0.00563	0.28715	0.00566
11	0.01117	0.01105	0.03295	0.32624	0.32507	0.03669	0.03624	0.01423	0.01134	0.01518	0.01226	0.10843	0.01127	0.00652	0.00548	0.00173	0.00639	0.01821	0.00282	0.00674
12	0.00848	0.00563	0.00735	0.00679	0.00823	0.00515	0.00514	0.01091	0.01489	0.06951	0.70987	0.03845	0.06813	0.01061	0.00618	0.00166	0.00263	0.00934	0.00584	0.00523
13	0.01157	0.01157	0.01619	0.01388	0.01388	0.01619	0.01157	0.01272	0.00810	0.01272	0.00694	0.01157	0.00694	0.00925	0.01735	0.00231	0.80453	0.00463	0.00231	0.00578
14	0.01246	0.01457	0.12075	0.09668	0.44911	0.05218	0.05563	0.01586	0.01173	0.01627	0.01050	0.01502	0.00894	0.00560	0.00608	0.00169	0.05533	0.04140	0.00264	0.00756
15	0.01432	0.36147	0.22095	0.01186	0.01656	0.10988	0.01219	0.07219	0.01226	0.03386	0.00869	0.01014	0.00710	0.00540	0.00550	0.00146	0.08290	0.00355	0.00264	0.00709
16	0.04232	0.01008	0.01211	0.00993	0.01357	0.01017	0.00800	0.04448	0.30699	0.45133	0.02054	0.01827	0.01396	0.00674	0.00528	0.00170	0.00440	0.00549	0.00597	0.00866
17	0.00650	0.00537	0.00570	0.00562	0.00729	0.00457	0.00421	0.00807	0.01264	0.01568	0.20028	0.04857	0.63149	0.01287	0.00625	0.00176	0.00264	0.01083	0.00509	0.00457
18	0.01637	0.07189	0.07810	0.08949	0.11968	0.42692	0.06791	0.04089	0.01373	0.01473	0.00889	0.01093	0.00718	0.00520	0.00493	0.00147	0.00834	0.00395	0.00268	0.00673
19	0.00771	0.00556	0.00713	0.00825	0.06408	0.00543	0.00479	0.00841	0.00933	0.01259	0.08004	0.24642	0.03853	0.45825	0.01778	0.00371	0.00440	0.00969	0.00386	0.00405
20	0.00985	0.00493	0.00493	0.00493	0.00616	0.00493	0.00370	0.01232	0.01109	0.01971	0.01725	0.01971	0.01355	0.00616	0.00370	0.00123	0.00246	0.00493	0.84356	0.00493
21	0.01254	0.01433	0.06181	0.02447	0.22691	0.01317	0.51484	0.01664	0.01221	0.01692	0.01036	0.01375	0.00803	0.00465	0.00616	0.00173	0.02568	0.00569	0.00263	0.00746
22	0.01577	0.36153	0.13553	0.01234	0.05186	0.14836	0.01124	0.13354	0.02605	0.04481	0.00947	0.01045	0.00757	0.00516	0.00435	0.00137	0.00662	0.00361	0.00303	0.00735
23	0.00678	0.00538	0.00610	0.00592	0.00747	0.00469	0.00444	0.00862	0.01331	0.01728	0.36799	0.04594	0.46278	0.01227	0.00624	0.00173	0.00260	0.01046	0.00530	0.00469
24	0.00644	0.00460	0.00613	0.00736	0.00767	0.00429	0.00491	0.00736	0.01012	0.01350	0.02914	0.81076	0.03497	0.01656	0.00675	0.00215	0.00307	0.01503	0.00491	0.00429
25	0.01332	0.01203	0.02106	0.29648	0.09426	0.02623	0.26897	0.09138	0.01322	0.07444	0.01123	0.01426	0.00829	0.00517	0.00556	0.00171	0.00724	0.00526	0.02285	0.00705
26	0.01187	0.01187	0.01854	0.38645	0.22999	0.07013	0.09470	0.01508	0.01139	0.01503	0.00977	0.01359	0.00773	0.00528	0.00586	0.00169	0.04560	0.00478	0.03398	0.00665
27	0.01251	0.01184	0.02007	0.08969	0.66694	0.01202	0.01553	0.01562	0.01193	0.01688	0.01124	0.01662	0.00991	0.00549	0.00539	0.00165	0.00623	0.05975	0.00276	0.00792

[dist]
# distance from previous block
# <min> <max>
0	2

[block]
# block no. 2 follows, 46 sequences, length 13
# corresponding to MSA columns:
# 193-205
name=unknown_C
#
# <colnr> <probs for GDERKNQSTAVLIFYWHMCP>
#	G	D	E	R	K	N	Q	S	T	A	V	L	I	F	Y	W	H	M	C	P
0	0.01502	0.01194	0.01282	0.01040	0.01332	0.06648	0.00827	0.30539	0.01628	0.05377	0.03973	0.05641	0.01237	0.07468	0.02238	0.00196	0.09792	0.00535	0.02303	0.15248
1	0.00694	0.00520	0.00639	0.00646	0.00759	0.00470	0.00467	0.00871	0.01291	0.01738	0.40312	0.21810	0.22873	0.03636	0.00696	0.00191	0.00275	0.01115	0.00531	0.00465
2	0.01298	0.41385	0.24585	0.01278	0.04037	0.01658	0.08144	0.05697	0.01201	0.01574	0.04018	0.01142	0.00880	0.00502	0.00440	0.00141	0.00648	0.00389	0.00261	0.00721
3	0.00907	0.00466	0.00670	0.00670	0.00675	0.00466	0.00442	0.00720	0.00715	0.00974	0.01023	0.01793	0.01030	0.09103	0.02049	0.73163	0.00455	0.00489	0.03941	0.00250
4	0.01151	0.11013	0.35575	0.01750	0.19970	0.01242	0.05109	0.01595	0.03202	0.03128	0.01505	0.01641	0.09678	0.00592	0.00510	0.00161	0.00650	0.00501	0.00283	0.00745
5	0.01567	0.01056	0.01229	0.00977	0.01356	0.01019	0.00796	0.25136	0.05644	0.15424	0.01584	0.06151	0.01311	0.00698	0.00513	0.00146	0.00467	0.07312	0.00477	0.27136
6	0.00740	0.00583	0.00738	0.00732	0.00838	0.00581	0.00553	0.00917	0.01248	0.01688	0.33912	0.20313	0.21352	0.01269	0.00742	0.00189	0.07656	0.04966	0.00504	0.00478
7	0.00916	0.00739	0.01139	0.01015	0.01188	0.00727	0.12832	0.06705	0.01201	0.01628	0.08275	0.25049	0.05587	0.10412	0.06630	0.00280	0.00543	0.11234	0.03382	0.00518
8	0.06396	0.00931	0.01478	0.66459	0.03190	0.01159	0.01336	0.01340	0.01034	0.01430	0.00989	0.03522	0.00789	0.00580	0.00579	0.00178	0.04890	0.00486	0.02654	0.00579
9	0.01748	0.17096	0.01697	0.01259	0.03589	0.49057	0.00966	0.07781	0.01421	0.01438	0.00902	0.01156	0.00793	0.06460	0.00646	0.00164	0.02531	0.00378	0.00286	0.00632
10	0.01511	0.26906	0.16408	0.01334	0.05640	0.28055	0.01192	0.01819	0.04749	0.01414	0.00880	0.01030	0.00730	0.00537	0.00524	0.00144	0.05826	0.00359	0.00258	0.00685
11	0.00661	0.00472	0.00617	0.00723	0.00761	0.00442	0.00486	0.00756	0.01019	0.01356	0.04939	0.69269	0.05591	0.07283	0.00816	0.00234	0.00323	0.03344	0.00481	0.00426
12	0.01572	0.01216	0.01518	0.06580	0.01673	0.01340	0.07845	0.43324	0.04198	0.02586	0.02721	0.07808	0.01210	0.00716	0.00602	0.00167	0.04933	0.00584	0.08649	0.00757

[dist]
# distance from previous block
# <min> <max>
0	3

[block]
# block no. 3 follows, 46 sequences, length 43
# corresponding to MSA columns:
# 209-251
name=unknown_D
#
# <colnr> <probs for GDERKNQSTAVLIFYWHMCP>
#	G	D	E	R	K	N	Q	S	T	A	V	L	I	F	Y	W	H	M	C	P
0	0.01313	0.01401	0.05533	0.13920	0.03906	0.07708	0.27613	0.09395	0.02923	0.01745	0.01035	0.01333	0.00805	0.00563	0.00705	0.00172	0.11383	0.00506	0.03505	0.04535
1	0.01153	0.00973	0.01127	0.00810	0.01277	0.00763	0.00650	0.05980	0.01182	0.01822	0.00960	0.01107	0.00790	0.00407	0.00400	0.00083	0.00403	0.00323	0.00327	0.79464
2	0.00711	0.00594	0.00601	0.00578	0.00771	0.00520	0.00439	0.05443	0.01284	0.01546	0.05102	0.04851	0.73138	0.01295	0.00619	0.00177	0.00287	0.01076	0.00493	0.00474
3	0.01174	0.01127	0.01571	0.45798	0.02691	0.06462	0.02677	0.06069	0.03000	0.01499	0.00953	0.01345	0.00758	0.00634	0.00801	0.00184	0.19162	0.00467	0.03016	0.00612
4	0.04910	0.50474	0.02252	0.05939	0.01556	0.21353	0.00965	0.01688	0.01162	0.01310	0.00767	0.00922	0.00677	0.00500	0.00439	0.00129	0.03750	0.00316	0.00243	0.00648
5	0.00805	0.00573	0.00735	0.00678	0.00825	0.00520	0.00510	0.01036	0.01420	0.03606	0.64019	0.03774	0.05971	0.05382	0.00721	0.00182	0.00283	0.02704	0.00548	0.05710
6	0.01413	0.81739	0.02770	0.00905	0.01357	0.02092	0.00905	0.01583	0.01074	0.01244	0.00735	0.00848	0.00678	0.00452	0.00339	0.00113	0.00565	0.00283	0.00226	0.00678
7	0.00668	0.00477	0.00641	0.00763	0.00805	0.00450	0.00532	0.00777	0.01036	0.01376	0.02901	0.72422	0.03444	0.01634	0.00681	0.00218	0.00327	0.09921	0.00490	0.00436
8	0.00748	0.00540	0.00707	0.00665	0.00790	0.00499	0.00499	0.00998	0.01496	0.02120	0.77844	0.03949	0.04988	0.01081	0.00624	0.00166	0.00249	0.00956	0.00582	0.00499
9	0.00687	0.00538	0.00621	0.00601	0.00752	0.00473	0.00450	0.00879	0.01351	0.01776	0.41753	0.04516	0.41295	0.01209	0.00624	0.00172	0.00259	0.01036	0.00537	0.00473
10	0.01452	0.01169	0.01247	0.01088	0.01407	0.01332	0.00855	0.12175	0.64185	0.05845	0.02036	0.01875	0.01509	0.00704	0.00536	0.00176	0.00441	0.00579	0.00542	0.00848
11	0.00704	0.00539	0.00645	0.00618	0.00762	0.00480	0.00464	0.00911	0.01391	0.01870	0.51647	0.04360	0.31341	0.01174	0.00624	0.00171	0.00256	0.01014	0.00549	0.00480
12	0.85155	0.01022	0.00777	0.00695	0.01022	0.01186	0.00573	0.01554	0.00900	0.02372	0.00736	0.00859	0.00573	0.00491	0.00327	0.00164	0.00409	0.00286	0.00327	0.00573
13	0.85155	0.01022	0.00777	0.00695	0.01022	0.01186	0.00573	0.01554	0.00900	0.02372	0.00736	0.00859	0.00573	0.00491	0.00327	0.00164	0.00409	0.00286	0.00327	0.00573
14	0.01413	0.81739	0.02770	0.00905	0.01357	0.02092	0.00905	0.01583	0.01074	0.01244	0.00735	0.00848	0.00678	0.00452	0.00339	0.00113	0.00565	0.00283	0.00226	0.00678
15	0.85155	0.01022	0.00777	0.00695	0.01022	0.01186	0.00573	0.01554	0.00900	0.02372	0.00736	0.00859	0.00573	0.00491	0.00327	0.00164	0.00409	0.00286	0.00327	0.00573
16	0.01315	0.01136	0.01195	0.01076	0.01375	0.01315	0.00837	0.02809	0.77168	0.02211	0.02152	0.01972	0.01614	0.00717	0.00538	0.00179	0.00418	0.00598	0.00538	0.00837
17	0.00644	0.00462	0.00611	0.00730	0.00765	0.00430	0.00488	0.00737	0.01018	0.01352	0.02984	0.78875	0.05651	0.01647	0.00673	0.00214	0.00306	0.01492	0.00491	0.00430
18	0.00644	0.00460	0.00613	0.00736	0.00767	0.00429	0.00491	0.00736	0.01012	0.01350	0.02914	0.81076	0.03497	0.01656	0.00675	0.00215	0.00307	0.01503	0.00491	0.00429
19	0.01188	0.01290	0.02599	0.17903	0.04728	0.01337	0.49911	0.01570	0.01154	0.01573	0.00995	0.01386	0.00770	0.00522	0.00739	0.00184	0.10652	0.00569	0.00256	0.00674
20	0.02372	0.00900	0.01227	0.00941	0.01350	0.00777	0.00777	0.02576	0.01513	0.78489	0.02086	0.01799	0.01309	0.00654	0.00532	0.00164	0.00450	0.00532	0.00654	0.00900
21	0.04566	0.01467	0.01562	0.01200	0.01620	0.01625	0.00992	0.74060	0.02437	0.03302	0.01253	0.01257	0.00889	0.00630	0.00523	0.00159	0.00576	0.00470	0.00523	0.00889
22	0.01157	0.01157	0.01619	0.01388	0.01388	0.01619	0.01157	0.01272	0.00810	0.01272	0.00694	0.01157	0.00694	0.00925	0.01735	0.00231	0.80453	0.00463	0.00231	0.00578
23	0.00822	0.00555	0.00643	0.00637	0.00670	0.00566	0.00394	0.04262	0.00889	0.01211	0.01747	0.10331	0.01955	0.61779	0.07784	0.00478	0.00551	0.00798	0.03554	0.00374
24	0.00708	0.00522	0.00675	0.00766	0.00856	0.00490	0.00583	0.00861	0.01134	0.01474	0.07297	0.40605	0.17130	0.01509	0.00679	0.00214	0.00350	0.23198	0.00494	0.00453
25	0.01456	0.75732	0.02674	0.00939	0.01378	0.07946	0.00913	0.01623	0.01106	0.01248	0.00741	0.00856	0.00679	0.00459	0.00350	0.00115	0.00595	0.00287	0.00230	0.00673
26	0.05116	0.55898	0.04248	0.01001	0.01438	0.07522	0.00943	0.15358	0.01358	0.01690	0.00844	0.00940	0.00714	0.00495	0.00387	0.00127	0.00595	0.00325	0.00289	0.00712
27	0.01921	0.01449	0.01631	0.01413	0.09198	0.01592	0.01061	0.66881	0.04477	0.03141	0.01267	0.01293	0.00913	0.00621	0.00529	0.00159	0.00582	0.00479	0.00503	0.00891
28	0.00669	0.00537	0.00596	0.00582	0.00741	0.00465	0.00436	0.00844	0.01308	0.01674	0.31089	0.04683	0.52022	0.01247	0.00624	0.00174	0.00261	0.01059	0.00523	0.00465
29	0.01096	0.00940	0.01096	0.00783	0.01253	0.00705	0.00626	0.01331	0.01096	0.01723	0.00940	0.01096	0.00783	0.00392	0.00392	0.00078	0.00392	0.00313	0.00313	0.84653
30	0.00712	0.00535	0.00660	0.00638	0.00770	0.00482	0.00475	0.00925	0.01398	0.01908	0.55968	0.08680	0.22554	0.01176	0.00627	0.00172	0.00257	0.01026	0.00555	0.00482
31	0.00663	0.00477	0.00631	0.00729	0.00779	0.00444	0.00501	0.00781	0.01085	0.01457	0.12431	0.66734	0.05780	0.01568	0.00669	0.00209	0.00304	0.03814	0.00502	0.00441
32	0.85155	0.01022	0.00777	0.00695	0.01022	0.01186	0.00573	0.01554	0.00900	0.02372	0.00736	0.00859	0.00573	0.00491	0.00327	0.00164	0.00409	0.00286	0.00327	0.00573
33	0.00737	0.00538	0.00693	0.00659	0.00784	0.00493	0.00493	0.00975	0.01463	0.02053	0.70971	0.06472	0.09459	0.01115	0.00625	0.00169	0.00252	0.00983	0.00573	0.00493
34	0.01975	0.02520	0.01498	0.01362	0.01634	0.79299	0.01021	0.02111	0.01498	0.01294	0.00817	0.00953	0.00681	0.00545	0.00477	0.00136	0.00953	0.00340	0.00272	0.00613
35	0.02010	0.01481	0.01587	0.01216	0.01639	0.01639	0.01005	0.76360	0.02486	0.03332	0.01269	0.01269	0.00899	0.00635	0.00529	0.00159	0.00582	0.00476	0.00529	0.00899
36	0.01413	0.81739	0.02770	0.00905	0.01357	0.02092	0.00905	0.01583	0.01074	0.01244	0.00735	0.00848	0.00678	0.00452	0.00339	0.00113	0.00565	0.00283	0.00226	0.00678
37	0.01096	0.00940	0.01096	0.00783	0.01253	0.00705	0.00626	0.01331	0.01096	0.01723	0.00940	0.01096	0.00783	0.00392	0.00392	0.00078	0.00392	0.00313	0.00313	0.84653
38	0.01315	0.01136	0.01195	0.01076	0.01375	0.01315	0.00837	0.02809	0.77168	0.02211	0.02152	0.01972	0.01614	0.00717	0.00538	0.00179	0.00418	0.00598	0.00538	0.00837
39	0.01145	0.01164	0.02352	0.14731	0.04113	0.01146	0.47850	0.01530	0.01195	0.01679	0.02794	0.03498	0.01021	0.00527	0.00570	0.00170	0.00733	0.00605	0.12525	0.00652
40	0.04023	0.03489	0.01059	0.00818	0.01143	0.00813	0.00659	0.06969	0.06232	0.25561	0.14135	0.02540	0.15783	0.00796	0.00529	0.00152	0.00386	0.00655	0.00520	0.13735
41	0.01218	0.26125	0.24761	0.01605	0.14579	0.01489	0.07676	0.01610	0.04018	0.01536	0.01117	0.02889	0.03335	0.00561	0.00548	0.00156	0.05341	0.00450	0.00261	0.00726
42	0.01044	0.02650	0.75695	0.01470	0.02228	0.01198	0.01894	0.01639	0.01120	0.01665	0.01117	0.01268	0.03621	0.00534	0.00507	0.00168	0.00762	0.00418	0.00233	0.00768

[dist]
# distance from previous block
# <min> <max>
1	16

[block]
# block no. 4 follows, 46 sequences, length 81
# corresponding to MSA columns:
# 268-348
name=unknown_E
#
# <colnr> <probs for GDERKNQSTAVLIFYWHMCP>
#	G	D	E	R	K	N	Q	S	T	A	V	L	I	F	Y	W	H	M	C	P
0	0.03623	0.12629	0.62612	0.01389	0.02091	0.03746	0.01724	0.01694	0.01126	0.03409	0.00938	0.01085	0.00683	0.00500	0.00476	0.00159	0.00741	0.00376	0.00238	0.00760
1	0.01141	0.07245	0.48857	0.01772	0.09332	0.01294	0.17722	0.01655	0.01152	0.01654	0.01008	0.01294	0.00768	0.00506	0.00525	0.00167	0.00770	0.02136	0.00242	0.00759
2	0.00937	0.00788	0.00935	0.00929	0.03236	0.07247	0.05030	0.03359	0.01046	0.01396	0.01925	0.29899	0.02113	0.22054	0.07232	0.00321	0.02585	0.00917	0.07579	0.00473
3	0.06121	0.01249	0.01262	0.03419	0.01435	0.07233	0.00864	0.38349	0.09523	0.02501	0.01827	0.08582	0.06943	0.00811	0.00541	0.00170	0.00526	0.04974	0.02934	0.00735
4	0.10955	0.30225	0.20203	0.01195	0.03296	0.20024	0.01163	0.04633	0.01222	0.01577	0.00832	0.00964	0.00677	0.00498	0.00420	0.00140	0.00693	0.00334	0.00260	0.00687
5	0.01131	0.08190	0.61869	0.05108	0.02296	0.01284	0.07563	0.01677	0.01131	0.03592	0.00971	0.01152	0.00698	0.00499	0.00502	0.00165	0.00762	0.00408	0.00238	0.00763
6	0.00765	0.00515	0.00582	0.00582	0.00590	0.00514	0.00331	0.00773	0.00783	0.01041	0.01760	0.03469	0.03975	0.77271	0.04584	0.00512	0.00529	0.00773	0.00324	0.00328
7	0.01413	0.81739	0.02770	0.00905	0.01357	0.02092	0.00905	0.01583	0.01074	0.01244	0.00735	0.00848	0.00678	0.00452	0.00339	0.00113	0.00565	0.00283	0.00226	0.00678
8	0.02372	0.00900	0.01227	0.00941	0.01350	0.00777	0.00777	0.02576	0.01513	0.78489	0.02086	0.01799	0.01309	0.00654	0.00532	0.00164	0.00450	0.00532	0.00654	0.00900
9	0.01500	0.01287	0.01363	0.13193	0.01797	0.07918	0.00982	0.17901	0.41213	0.04602	0.01668	0.01648	0.01237	0.00655	0.00529	0.00170	0.00542	0.00529	0.00471	0.00795
10	0.00998	0.00940	0.01586	0.80150	0.03641	0.01175	0.01468	0.01351	0.01057	0.01351	0.00940	0.01409	0.00705	0.00529	0.00529	0.00176	0.00705	0.00470	0.00235	0.00587
11	0.02010	0.01481	0.01587	0.01216	0.01639	0.01639	0.01005	0.76360	0.02486	0.03332	0.01269	0.01269	0.00899	0.00635	0.00529	0.00159	0.00582	0.00476	0.00529	0.00899
12	0.01360	0.01136	0.01259	0.05795	0.03274	0.01304	0.00898	0.06059	0.65256	0.04482	0.02011	0.01887	0.01501	0.00695	0.00536	0.00177	0.00449	0.00580	0.00517	0.00827
13	0.85155	0.01022	0.00777	0.00695	0.01022	0.01186	0.00573	0.01554	0.00900	0.02372	0.00736	0.00859	0.00573	0.00491	0.00327	0.00164	0.00409	0.00286	0.00327	0.00573
14	0.00872	0.00733	0.01051	0.00984	0.01044	0.00926	0.00778	0.01025	0.00832	0.01225	0.01227	0.01917	0.01186	0.09048	0.51009	0.00645	0.24184	0.00552	0.00271	0.00491
15	0.00651	0.00463	0.00611	0.00727	0.00756	0.00434	0.00481	0.00738	0.00998	0.01330	0.02840	0.76494	0.03404	0.06365	0.00794	0.00232	0.00319	0.01460	0.00481	0.00423
16	0.00985	0.00493	0.00493	0.00493	0.00616	0.00493	0.00370	0.01232	0.01109	0.01971	0.01725	0.01971	0.01355	0.00616	0.00370	0.00123	0.00246	0.00493	0.84356	0.00493
17	0.06164	0.00905	0.01206	0.00929	0.01335	0.00796	0.00768	0.02530	0.01485	0.75002	0.02024	0.01756	0.01275	0.00647	0.00522	0.00164	0.00448	0.00520	0.00639	0.00885
18	0.02328	0.00890	0.01213	0.00933	0.01334	0.00769	0.00769	0.02533	0.01513	0.76410	0.04148	0.01858	0.01409	0.00666	0.00534	0.00164	0.00444	0.00543	0.00652	0.00889
19	0.01412	0.01251	0.01246	0.01105	0.01412	0.06312	0.00862	0.08584	0.66435	0.02242	0.01997	0.01852	0.01498	0.00700	0.00533	0.00175	0.00465	0.00572	0.00520	0.00827
20	0.03808	0.00722	0.00913	0.00784	0.01023	0.00672	0.00620	0.05934	0.01515	0.25578	0.40874	0.03173	0.08184	0.00934	0.00584	0.00168	0.00343	0.02941	0.00585	0.00644
21	0.06595	0.06853	0.19228	0.11887	0.21917	0.13174	0.05981	0.03009	0.01217	0.03958	0.00960	0.01188	0.00745	0.00504	0.00495	0.00158	0.00714	0.00421	0.00270	0.00727
22	0.01942	0.07171	0.01575	0.01332	0.01618	0.72925	0.01014	0.03817	0.01496	0.01339	0.00823	0.00955	0.00686	0.00541	0.00470	0.00135	0.00922	0.00340	0.00276	0.00623
23	0.00769	0.00513	0.00577	0.00577	0.00577	0.00513	0.00320	0.00769	0.00769	0.01025	0.01666	0.03460	0.01922	0.81421	0.02691	0.00513	0.00513	0.00769	0.00320	0.00320
24	0.01065	0.02704	0.76917	0.01524	0.02299	0.01230	0.03687	0.01675	0.01119	0.01675	0.00952	0.01123	0.00673	0.00501	0.00505	0.00168	0.00784	0.00396	0.00224	0.00780
25	0.01248	0.01426	0.03119	0.02228	0.02763	0.01337	0.76203	0.01693	0.01248	0.01693	0.01070	0.01426	0.00802	0.00446	0.00624	0.00178	0.00891	0.00624	0.00267	0.00713
26	0.00737	0.00560	0.00685	0.00676	0.00816	0.00516	0.00518	0.00984	0.03586	0.01847	0.45094	0.07951	0.24290	0.01204	0.00634	0.00180	0.00286	0.08403	0.00542	0.00490
27	0.00642	0.00468	0.00606	0.00716	0.00762	0.00431	0.00482	0.00738	0.01031	0.01357	0.03155	0.73554	0.10862	0.01625	0.00670	0.00211	0.00303	0.01465	0.00491	0.00431
28	0.06362	0.72363	0.04836	0.00923	0.01372	0.04255	0.00919	0.01599	0.01077	0.01324	0.00744	0.00860	0.00672	0.00459	0.00347	0.00118	0.00574	0.00288	0.00233	0.00673
29	0.06496	0.31350	0.16810	0.01231	0.06098	0.13446	0.01133	0.04193	0.01249	0.11995	0.01005	0.01086	0.00773	0.00513	0.00434	0.00141	0.00646	0.00364	0.00309	0.00728
30	0.00724	0.00605	0.00634	0.00615	0.00795	0.00555	0.00461	0.01025	0.10038	0.01588	0.13406	0.04540	0.58054	0.03780	0.00680	0.00188	0.00291	0.01026	0.00502	0.00494
31	0.00645	0.00470	0.00608	0.00714	0.00762	0.00433	0.00482	0.00745	0.01044	0.01378	0.05129	0.71393	0.11034	0.01609	0.00668	0.00210	0.00301	0.01450	0.00493	0.00433
32	0.04036	0.14692	0.43273	0.01266	0.01839	0.08523	0.01434	0.06075	0.01213	0.04902	0.01033	0.02380	0.00820	0.04349	0.01851	0.00183	0.00716	0.00413	0.00277	0.00723
33	0.59007	0.08251	0.01150	0.00960	0.05251	0.12428	0.00734	0.03959	0.01065	0.02116	0.00778	0.00908	0.00621	0.00499	0.00366	0.00155	0.00517	0.00309	0.00313	0.00612
34	0.03703	0.01238	0.05019	0.26136	0.10797	0.03596	0.09226	0.11871	0.05997	0.01803	0.01082	0.01383	0.00844	0.00690	0.03100	0.00195	0.09374	0.00485	0.02771	0.00688
35	0.01242	0.00906	0.01211	0.13233	0.12642	0.03174	0.00929	0.05537	0.06239	0.13153	0.06789	0.07368	0.10704	0.05870	0.00709	0.00200	0.00500	0.08512	0.00436	0.00646
36	0.03803	0.01009	0.04937	0.12497	0.06869	0.01000	0.09985	0.03407	0.09315	0.05622	0.19332	0.05344	0.06552	0.00789	0.00644	0.00176	0.05757	0.00687	0.01635	0.00641
37	0.01131	0.00961	0.01124	0.00817	0.01267	0.00765	0.00655	0.04666	0.01147	0.01774	0.00959	0.01126	0.00798	0.00488	0.02072	0.00101	0.02142	0.00329	0.00320	0.77359
38	0.01847	0.01314	0.01482	0.01256	0.06029	0.01424	0.00960	0.56576	0.04346	0.08859	0.01447	0.05623	0.01132	0.04433	0.00637	0.00179	0.00552	0.00551	0.00511	0.00842
39	0.01171	0.05773	0.47563	0.01771	0.16656	0.04518	0.03903	0.01720	0.05655	0.01698	0.03956	0.01302	0.00927	0.00529	0.00508	0.00163	0.00711	0.00440	0.00266	0.00771
40	0.00666	0.00484	0.00628	0.00704	0.00768	0.00446	0.00485	0.00796	0.01135	0.01527	0.19750	0.57840	0.09809	0.01503	0.00659	0.00201	0.00291	0.01350	0.00511	0.00446
41	0.01774	0.01335	0.01466	0.09407	0.01764	0.04408	0.01002	0.44745	0.15835	0.08493	0.01480	0.01560	0.01087	0.00658	0.00534	0.00166	0.00567	0.02389	0.00498	0.00834
42	0.00998	0.00940	0.01586	0.80150	0.03641	0.01175	0.01468	0.01351	0.01057	0.01351	0.00940	0.01409	0.00705	0.00529	0.00529	0.00176	0.00705	0.00470	0.00235	0.00587
43	0.00699	0.00572	0.00629	0.00653	0.00820	0.00513	0.00514	0.00907	0.04153	0.01488	0.04630	0.07502	0.57247	0.01350	0.00645	0.00193	0.00320	0.16207	0.00492	0.00469
44	0.01831	0.01314	0.03390	0.01139	0.01517	0.01376	0.00951	0.56067	0.02149	0.10378	0.01578	0.08816	0.01291	0.00773	0.00553	0.00169	0.00544	0.04806	0.00527	0.00830
45	0.00802	0.00650	0.00729	0.00712	0.00884	0.00635	0.00539	0.01232	0.16122	0.01753	0.22466	0.11471	0.34416	0.01188	0.00617	0.00182	0.00306	0.04236	0.00523	0.00536
46	0.01354	0.03193	0.01526	0.12270	0.20936	0.03074	0.01100	0.16300	0.15749	0.02023	0.01343	0.01589	0.01072	0.04373	0.02480	0.00194	0.02674	0.00505	0.07508	0.00738
47	0.00728	0.00530	0.00671	0.00689	0.00792	0.00493	0.00498	0.00894	0.01249	0.03178	0.33743	0.32692	0.17460	0.01329	0.00665	0.00188	0.02032	0.01169	0.00525	0.00473
48	0.01894	0.13852	0.01680	0.01297	0.01595	0.68254	0.01005	0.02035	0.01437	0.01287	0.00805	0.00938	0.00681	0.00532	0.00457	0.00133	0.00898	0.00332	0.00266	0.00622
49	0.30483	0.06029	0.01349	0.01005	0.01390	0.03497	0.00835	0.38966	0.02985	0.07104	0.01104	0.01137	0.00803	0.00575	0.00448	0.00158	0.00521	0.00401	0.00443	0.00766
50	0.01105	0.01278	0.12203	0.05818	0.20551	0.02923	0.08039	0.03017	0.05647	0.01642	0.05049	0.11148	0.04789	0.02524	0.00736	0.00189	0.08849	0.03486	0.00336	0.00670
51	0.00993	0.00997	0.05120	0.02661	0.04937	0.03826	0.13305	0.02951	0.02626	0.01623	0.08301	0.26774	0.04352	0.00979	0.00635	0.00177	0.03610	0.04110	0.00393	0.11632
52	0.00668	0.00481	0.00613	0.00708	0.00753	0.00450	0.00478	0.00760	0.01009	0.01327	0.02979	0.60272	0.10299	0.11846	0.00931	0.00251	0.00338	0.04947	0.00469	0.00420
53	0.01388	0.04781	0.01304	0.00953	0.01347	0.01091	0.00773	0.23238	0.06879	0.03941	0.01284	0.07396	0.01090	0.00608	0.00505	0.00127	0.02846	0.00481	0.00407	0.39562
54	0.01369	0.01151	0.01311	0.01187	0.04649	0.01283	0.02849	0.13854	0.51694	0.02264	0.01874	0.04081	0.01453	0.00823	0.03546	0.00197	0.00498	0.00586	0.00496	0.04834
55	0.00910	0.00722	0.00982	0.00895	0.01044	0.00805	0.00702	0.04543	0.00957	0.01403	0.01282	0.01871	0.01189	0.06952	0.50742	0.00611	0.09636	0.00524	0.01694	0.12538
56	0.02299	0.00924	0.01235	0.00944	0.01356	0.00807	0.00779	0.05339	0.01531	0.72073	0.02002	0.01747	0.01269	0.00641	0.00525	0.00159	0.00452	0.00519	0.00634	0.04767
57	0.00650	0.00464	0.00620	0.00743	0.00776	0.00435	0.00501	0.00747	0.01018	0.01356	0.02910	0.78874	0.03483	0.01650	0.00676	0.00216	0.00312	0.03645	0.00491	0.00431
58	0.01975	0.02520	0.01498	0.01362	0.01634	0.79299	0.01021	0.02111	0.01498	0.01294	0.00817	0.00953	0.00681	0.00545	0.00477	0.00136	0.00953	0.00340	0.00272	0.00613
59	0.01413	0.81739	0.02770	0.00905	0.01357	0.02092	0.00905	0.01583	0.01074	0.01244	0.00735	0.00848	0.00678	0.00452	0.00339	0.00113	0.00565	0.00283	0.00226	0.00678
60	0.00704	0.00540	0.00616	0.00602	0.00757	0.00471	0.00449	0.00879	0.01307	0.03140	0.31713	0.08877	0.45559	0.01249	0.00625	0.00176	0.00267	0.01068	0.00527	0.00473
61	0.00644	0.00460	0.00613	0.00736	0.00767	0.00429	0.00491	0.00736	0.01012	0.01350	0.02914	0.81076	0.03497	0.01656	0.00675	0.00215	0.00307	0.01503	0.00491	0.00429
62	0.00658	0.00526	0.00589	0.00596	0.00740	0.00457	0.00438	0.00815	0.01251	0.01591	0.23187	0.15395	0.49255	0.01318	0.00631	0.00180	0.00269	0.01130	0.00514	0.00457
63	0.02192	0.01012	0.01264	0.00977	0.01370	0.00965	0.00804	0.20176	0.01719	0.55362	0.01866	0.01684	0.01214	0.00647	0.00520	0.00160	0.00468	0.00516	0.06212	0.00872
64	0.01166	0.03502	0.01681	0.01390	0.01413	0.01628	0.02577	0.01289	0.00826	0.01279	0.00702	0.01153	0.00696	0.00902	0.01673	0.00227	0.76619	0.00460	0.00232	0.00584
65	0.01150	0.00972	0.01125	0.00809	0.01276	0.00760	0.00649	0.05774	0.01179	0.01818	0.00959	0.01106	0.00790	0.00406	0.00400	0.00083	0.00403	0.00323	0.00326	0.79693
66	0.01180	0.00816	0.00694	0.00651	0.00814	0.10522	0.00495	0.06428	0.01251	0.01978	0.01579	0.01795	0.01239	0.00608	0.00394	0.00127	0.00358	0.00472	0.68064	0.00535
67	0.01096	0.00940	0.01096	0.00783	0.01253	0.00705	0.00626	0.01331	0.01096	0.01723	0.00940	0.01096	0.00783	0.00392	0.00392	0.00078	0.00392	0.00313	0.00313	0.84653
68	0.02372	0.00900	0.01227	0.00941	0.01350	0.00777	0.00777	0.02576	0.01513	0.78489	0.02086	0.01799	0.01309	0.00654	0.00532	0.00164	0.00450	0.00532	0.00654	0.00900
69	0.01830	0.01082	0.01263	0.01045	0.01400	0.01131	0.00846	0.16588	0.29666	0.31868	0.01994	0.01987	0.01437	0.00717	0.00544	0.00173	0.00465	0.04532	0.00578	0.00854
70	0.00729	0.00530	0.00687	0.00668	0.00783	0.00487	0.00493	0.00952	0.01420	0.01987	0.64703	0.14109	0.08133	0.01168	0.00630	0.00173	0.00258	0.01035	0.00566	0.00487
71	0.02010	0.01481	0.01587	0.01216	0.01639	0.01639	0.01005	0.76360	0.02486	0.03332	0.01269	0.01269	0.00899	0.00635	0.00529	0.00159	0.00582	0.00476	0.00529	0.00899
72	0.01035	0.00969	0.01627	0.75698	0.03558	0.01193	0.03489	0.03575	0.01104	0.01419	0.00953	0.01406	0.00713	0.00529	0.00531	0.00176	0.00706	0.00474	0.00244	0.00600
73	0.00802	0.00508	0.00564	0.00566	0.00586	0.00508	0.00331	0.00843	0.00828	0.01184	0.01697	0.04577	0.01858	0.66932	0.02279	0.00444	0.00466	0.00737	0.13940	0.00350
74	0.01969	0.01460	0.01563	0.01208	0.01624	0.01620	0.00995	0.72019	0.06894	0.03266	0.01321	0.01311	0.00941	0.00639	0.00529	0.00160	0.00572	0.00483	0.00529	0.00895
75	0.00764	0.00510	0.00578	0.00583	0.00585	0.00509	0.00328	0.00767	0.00779	0.01039	0.01719	0.06745	0.01989	0.78044	0.02605	0.00500	0.00504	0.00800	0.00328	0.00325
76	0.01302	0.01161	0.01811	0.37806	0.27168	0.01296	0.03635	0.16009	0.01387	0.01866	0.01025	0.01350	0.00788	0.00528	0.00530	0.00167	0.00662	0.00476	0.00302	0.00732
77	0.00777	0.00670	0.00834	0.01001	0.12631	0.00617	0.00621	0.01008	0.04847	0.01554	0.10276	0.08743	0.50218	0.03043	0.00656	0.00184	0.00337	0.00994	0.00462	0.00525
78	0.01169	0.01246	0.07347	0.22970	0.39849	0.03576	0.02908	0.01525	0.02584	0.01649	0.07847	0.01613	0.02296	0.00561	0.00534	0.00164	0.00632	0.00518	0.00289	0.00722
79	0.10232	0.01509	0.04631	0.10331	0.26509	0.15375	0.01231	0.17869	0.01481	0.02028	0.01009	0.01212	0.00789	0.00533	0.00491	0.00156	0.00657	0.00427	0.02784	0.00744
80	0.04727	0.25700	0.14284	0.01455	0.07670	0.14655	0.11216	0.04592	0.03242	0.04518	0.00955	0.01110	0.00760	0.00510	0.00492	0.00148	0.02568	0.00399	0.00282	0.00715

[dist]
# distance from previous block
# <min> <max>
3	6

[block]
# block no. 5 follows, 46 sequences, length 51
# corresponding to MSA columns:
# 355-405
name=unknown_F
#
# <colnr> <probs for GDERKNQSTAVLIFYWHMCP>
#	G	D	E	R	K	N	Q	S	T	A	V	L	I	F	Y	W	H	M	C	P
0	0.05806	0.01355	0.01570	0.01216	0.01621	0.01469	0.07290	0.51940	0.10792	0.02877	0.01482	0.01493	0.04100	0.00640	0.00527	0.00161	0.00561	0.00513	0.00488	0.04099
1	0.01449	0.01131	0.01368	0.05285	0.08544	0.03103	0.00918	0.22556	0.01501	0.07061	0.01229	0.05387	0.01010	0.00624	0.00603	0.00144	0.08198	0.00482	0.04931	0.24476
2	0.00729	0.00539	0.00691	0.00777	0.00847	0.00529	0.00547	0.00974	0.08091	0.01512	0.09365	0.62085	0.03423	0.01507	0.00661	0.00209	0.00324	0.06211	0.00503	0.00477
3	0.00763	0.00548	0.00679	0.00644	0.00787	0.00493	0.00484	0.00981	0.01418	0.04102	0.57060	0.05936	0.21859	0.01142	0.00622	0.00170	0.00261	0.00994	0.00561	0.00496
4	0.01690	0.02044	0.01540	0.01371	0.01548	0.52217	0.01069	0.01819	0.01258	0.01286	0.00774	0.01024	0.00685	0.00677	0.00915	0.00169	0.28670	0.00383	0.00258	0.00601
5	0.01253	0.00760	0.00788	0.00691	0.00895	0.00805	0.00543	0.20193	0.03609	0.02320	0.01622	0.01794	0.01248	0.00623	0.00414	0.00134	0.00336	0.00491	0.60876	0.00605
6	0.00998	0.00940	0.01586	0.80150	0.03641	0.01175	0.01468	0.01351	0.01057	0.01351	0.00940	0.01409	0.00705	0.00529	0.00529	0.00176	0.00705	0.00470	0.00235	0.00587
7	0.02010	0.01481	0.01587	0.01216	0.01639	0.01639	0.01005	0.76360	0.02486	0.03332	0.01269	0.01269	0.00899	0.00635	0.00529	0.00159	0.00582	0.00476	0.00529	0.00899
8	0.02010	0.01481	0.01587	0.01216	0.01639	0.01639	0.01005	0.76360	0.02486	0.03332	0.01269	0.01269	0.00899	0.00635	0.00529	0.00159	0.00582	0.00476	0.00529	0.00899
9	0.85155	0.01022	0.00777	0.00695	0.01022	0.01186	0.00573	0.01554	0.00900	0.02372	0.00736	0.00859	0.00573	0.00491	0.00327	0.00164	0.00409	0.00286	0.00327	0.00573
10	0.00660	0.00478	0.00641	0.00756	0.00789	0.00459	0.00514	0.00757	0.01014	0.01355	0.02866	0.77331	0.03427	0.01636	0.00698	0.00216	0.01936	0.03550	0.00485	0.00434
11	0.00998	0.00940	0.01586	0.80150	0.03641	0.01175	0.01468	0.01351	0.01057	0.01351	0.00940	0.01409	0.00705	0.00529	0.00529	0.00176	0.00705	0.00470	0.00235	0.00587
12	0.00712	0.00539	0.00657	0.00627	0.00768	0.00483	0.00470	0.00928	0.01411	0.01918	0.56686	0.04281	0.26272	0.01156	0.00624	0.00170	0.00255	0.01003	0.00555	0.00483
13	0.01751	0.01168	0.01259	0.00997	0.01336	0.01263	0.00813	0.50534	0.02038	0.08062	0.01451	0.01500	0.01053	0.00631	0.00485	0.00149	0.00480	0.00484	0.23760	0.00787
14	0.01365	0.01161	0.01224	0.01086	0.01394	0.01338	0.00849	0.08127	0.71769	0.02292	0.02088	0.01922	0.01562	0.00711	0.00537	0.00178	0.00430	0.00589	0.00537	0.00841
15	0.02333	0.00915	0.01233	0.00944	0.01355	0.00797	0.00779	0.04437	0.01528	0.74786	0.02038	0.01770	0.01286	0.00648	0.00528	0.00161	0.00452	0.00525	0.00643	0.02840
16	0.06739	0.00931	0.01199	0.00941	0.01334	0.00854	0.00772	0.02545	0.09238	0.66552	0.02019	0.01766	0.01300	0.00652	0.00521	0.00165	0.00444	0.00525	0.00625	0.00876
17	0.85155	0.01022	0.00777	0.00695	0.01022	0.01186	0.00573	0.01554	0.00900	0.02372	0.00736	0.00859	0.00573	0.00491	0.00327	0.00164	0.00409	0.00286	0.00327	0.00573
18	0.02018	0.01467	0.01578	0.01210	0.01632	0.01619	0.00999	0.74583	0.02462	0.05142	0.01289	0.01282	0.00909	0.00635	0.00529	0.00159	0.00579	0.00477	0.00532	0.00899
19	0.01333	0.01144	0.01205	0.01079	0.01381	0.01323	0.00841	0.04680	0.75269	0.02240	0.02129	0.01955	0.01596	0.00715	0.00538	0.00179	0.00423	0.00595	0.00538	0.00838
20	0.02372	0.00900	0.01227	0.00941	0.01350	0.00777	0.00777	0.02576	0.01513	0.78489	0.02086	0.01799	0.01309	0.00654	0.00532	0.00164	0.00450	0.00532	0.00654	0.00900
21	0.02372	0.00900	0.01227	0.00941	0.01350	0.00777	0.00777	0.02576	0.01513	0.78489	0.02086	0.01799	0.01309	0.00654	0.00532	0.00164	0.00450	0.00532	0.00654	0.00900
22	0.00856	0.00622	0.00848	0.00956	0.01086	0.00624	0.00830	0.01136	0.03713	0.01595	0.02900	0.05790	0.06572	0.01430	0.00719	0.00238	0.00474	0.68625	0.00489	0.00496
23	0.00868	0.00680	0.01008	0.01037	0.04167	0.00723	0.04894	0.00998	0.01024	0.04941	0.02334	0.56738	0.02682	0.01375	0.00831	0.00211	0.13350	0.01198	0.00434	0.00508
24	0.02010	0.01481	0.01587	0.01216	0.01639	0.01639	0.01005	0.76360	0.02486	0.03332	0.01269	0.01269	0.00899	0.00635	0.00529	0.00159	0.00582	0.00476	0.00529	0.00899
25	0.07021	0.00938	0.01217	0.00942	0.01345	0.00851	0.00777	0.05943	0.03028	0.69179	0.01973	0.01725	0.01254	0.00645	0.00520	0.00164	0.00453	0.00516	0.00628	0.00880
26	0.85155	0.01022	0.00777	0.00695	0.01022	0.01186	0.00573	0.01554	0.00900	0.02372	0.00736	0.00859	0.00573	0.00491	0.00327	0.00164	0.00409	0.00286	0.00327	0.00573
27	0.85155	0.01022	0.00777	0.00695	0.01022	0.01186	0.00573	0.01554	0.00900	0.02372	0.00736	0.00859	0.00573	0.00491	0.00327	0.00164	0.00409	0.00286	0.00327	0.00573
28	0.00847	0.03205	0.04316	0.00677	0.00753	0.00654	0.00466	0.02524	0.03962	0.01175	0.01642	0.05314	0.01815	0.65293	0.04881	0.00466	0.00549	0.00737	0.00330	0.00394
29	0.01142	0.00779	0.00991	0.04096	0.01196	0.00689	0.01717	0.04958	0.01345	0.12552	0.22998	0.06541	0.09435	0.00842	0.00544	0.00148	0.00379	0.04521	0.00476	0.24652
30	0.00852	0.00608	0.00852	0.00974	0.01095	0.00608	0.00852	0.01095	0.01217	0.01582	0.02799	0.05963	0.03042	0.01460	0.00730	0.00243	0.00487	0.74565	0.00487	0.00487
31	0.01143	0.04707	0.01217	0.00835	0.01277	0.00848	0.00680	0.03689	0.01123	0.01727	0.00927	0.01093	0.00777	0.00431	0.00466	0.00091	0.04734	0.00325	0.00312	0.73600
32	0.00663	0.00531	0.00588	0.00607	0.00750	0.00465	0.00452	0.00806	0.01192	0.01481	0.11957	0.14089	0.52529	0.05066	0.00734	0.00202	0.00298	0.06651	0.00492	0.00447
33	0.01112	0.00883	0.03494	0.00928	0.01111	0.02805	0.00722	0.19887	0.03631	0.03903	0.02333	0.47229	0.02540	0.01268	0.00623	0.00197	0.00426	0.05826	0.00491	0.00591
34	0.01937	0.01419	0.01517	0.01174	0.01577	0.01569	0.00966	0.70434	0.04304	0.03230	0.01316	0.01325	0.00942	0.00636	0.00520	0.00157	0.00559	0.00480	0.05061	0.00875
35	0.01190	0.01215	0.03394	0.31291	0.15082	0.02693	0.20156	0.04558	0.01176	0.01594	0.00970	0.01341	0.00760	0.00532	0.00652	0.00172	0.07898	0.00497	0.00263	0.04565
36	0.01326	0.57108	0.19421	0.01248	0.08470	0.01826	0.01200	0.01607	0.01095	0.01382	0.00805	0.00948	0.00691	0.00465	0.00392	0.00129	0.00619	0.00323	0.00229	0.00715
37	0.00651	0.00463	0.00611	0.00727	0.00756	0.00434	0.00482	0.00738	0.00999	0.01332	0.02846	0.76880	0.03411	0.05968	0.00784	0.00231	0.00318	0.01463	0.00482	0.00423
38	0.01245	0.01417	0.03069	0.02200	0.02717	0.01346	0.73701	0.01679	0.01233	0.01679	0.01057	0.01417	0.00799	0.00462	0.00661	0.00180	0.03544	0.00619	0.00266	0.00709
39	0.00757	0.00558	0.00808	0.00808	0.00888	0.00638	0.00608	0.00917	0.00837	0.01196	0.01454	0.02289	0.01414	0.15866	0.67551	0.00798	0.01277	0.00598	0.00289	0.00449
40	0.00819	0.00595	0.00807	0.00914	0.01040	0.00584	0.00788	0.01045	0.01210	0.01557	0.03107	0.08036	0.11981	0.01452	0.00716	0.00235	0.00455	0.63691	0.00487	0.00480
41	0.00731	0.00548	0.00679	0.00650	0.00785	0.00501	0.00486	0.00976	0.02802	0.01962	0.59888	0.06670	0.19076	0.01143	0.00624	0.00170	0.00258	0.00999	0.00560	0.00492
42	0.00998	0.00940	0.01586	0.80150	0.03641	0.01175	0.01468	0.01351	0.01057	0.01351	0.00940	0.01409	0.00705	0.00529	0.00529	0.00176	0.00705	0.00470	0.00235	0.00587
43	0.01060	0.02735	0.78682	0.01507	0.02288	0.01228	0.01953	0.01674	0.01116	0.01674	0.00949	0.01116	0.00670	0.00502	0.00502	0.00167	0.00781	0.00391	0.00223	0.00781
44	0.01096	0.00940	0.01096	0.00783	0.01253	0.00705	0.00626	0.01331	0.01096	0.01723	0.00940	0.01096	0.00783	0.00392	0.00392	0.00078	0.00392	0.00313	0.00313	0.84653
45	0.00687	0.00617	0.00584	0.00576	0.00756	0.03671	0.00432	0.00827	0.01233	0.01460	0.09089	0.04857	0.70811	0.01292	0.00619	0.00176	0.00295	0.01075	0.00487	0.00456
46	0.01694	0.01179	0.01357	0.04754	0.01523	0.01285	0.00915	0.46935	0.01959	0.10281	0.01634	0.12595	0.01419	0.02536	0.00646	0.00182	0.03193	0.04633	0.00506	0.00775
47	0.01171	0.00997	0.01216	0.00884	0.01339	0.00814	0.04011	0.07527	0.02540	0.01874	0.03401	0.01229	0.00939	0.00441	0.00423	0.00094	0.00425	0.00365	0.00341	0.69968
48	0.44598	0.01056	0.01162	0.09670	0.09073	0.01238	0.00884	0.01666	0.09632	0.03970	0.01008	0.01234	0.00806	0.00591	0.00573	0.00176	0.10072	0.01620	0.00334	0.00638
49	0.04204	0.11794	0.10239	0.01082	0.03264	0.01101	0.03296	0.08779	0.01376	0.28918	0.01410	0.01500	0.01024	0.00569	0.00479	0.00143	0.00521	0.02899	0.00436	0.16965
50	0.01534	0.00925	0.03570	0.02537	0.06927	0.00872	0.00827	0.03541	0.14562	0.30760	0.07661	0.07583	0.03729	0.03787	0.08484	0.00250	0.00544	0.00658	0.00512	0.00738

[dist]
# distance from previous block
# <min> <max>
0	1

[block]
# block no. 6 follows, 46 sequences, length 57
# corresponding to MSA columns:
# 407-463
name=unknown_G
#
# <colnr> <probs for GDERKNQSTAVLIFYWHMCP>
#	G	D	E	R	K	N	Q	S	T	A	V	L	I	F	Y	W	H	M	C	P
0	0.01730	0.01310	0.01513	0.05546	0.13823	0.07859	0.01039	0.31692	0.05489	0.13469	0.03656	0.03707	0.01156	0.00710	0.02257	0.00174	0.00595	0.00518	0.00457	0.03299
1	0.06358	0.10984	0.01598	0.04437	0.01588	0.07136	0.02227	0.34840	0.04893	0.02379	0.01088	0.01177	0.00832	0.00557	0.00497	0.00141	0.02477	0.00410	0.00400	0.15981
2	0.00762	0.00556	0.00773	0.00847	0.02777	0.00554	0.02118	0.00858	0.01008	0.02626	0.06414	0.54645	0.02984	0.10982	0.01010	0.03271	0.04513	0.02412	0.00445	0.00446
3	0.00817	0.00590	0.00806	0.00920	0.01028	0.00586	0.00769	0.01058	0.03053	0.01547	0.02852	0.21289	0.04416	0.01480	0.00712	0.00235	0.00444	0.56426	0.00489	0.00483
4	0.01161	0.01161	0.01640	0.09680	0.05381	0.02789	0.01210	0.01311	0.00866	0.01303	0.00736	0.01187	0.00702	0.00856	0.01530	0.00220	0.66980	0.00462	0.00234	0.00592
5	0.71590	0.02491	0.00930	0.00775	0.01118	0.01268	0.00641	0.12451	0.01134	0.02492	0.00814	0.00918	0.00622	0.00511	0.00357	0.00162	0.00437	0.00314	0.00355	0.00622
6	0.00939	0.00627	0.00757	0.00759	0.00866	0.00631	0.00534	0.04501	0.09756	0.05735	0.06007	0.33238	0.05572	0.16238	0.01103	0.06150	0.00385	0.02349	0.03357	0.00496
7	0.00698	0.00528	0.00629	0.00622	0.00743	0.00475	0.00450	0.00870	0.01283	0.01711	0.39134	0.12548	0.28459	0.08512	0.00817	0.00207	0.00285	0.01050	0.00519	0.00458
