[name]
unknown

[dist]
# distance from previous block
# <min> <max>
0	35

[block]
# block no. 0 follows, 46 sequences, length 21
# corresponding to MSA columns:
# 108-128
name=unknown_A
#
# <colnr> <probs for GDERKNQSTAVLIFYWHMCP>
#	G	D	E	R	K	N	Q	S	T	A	V	L	I	F	Y	W	H	M	C	P
0	0.02758	0.00880	0.01123	0.10680	0.05439	0.00963	0.00844	0.14187	0.11797	0.01956	0.14890	0.03939	0.05525	0.02679	0.10476	0.04658	0.00586	0.05570	0.00431	0.00619
1	0.00738	0.00517	0.00568	0.00568	0.00606	0.00498	0.00338	0.00767	0.00863	0.01112	0.02459	0.03809	0.18251	0.64212	0.02247	0.00441	0.00460	0.00843	0.00357	0.00347
2	0.85155	0.01022	0.00777	0.00695	0.01022	0.01186	0.00573	0.01554	0.00900	0.02372	0.00736	0.00859	0.00573	0.00491	0.00327	0.00164	0.00409	0.00286	0.00327	0.00573
3	0.00908	0.03718	0.08971	0.06043	0.07602	0.00838	0.00861	0.01302	0.10180	0.01720	0.22138	0.20116	0.09432	0.01019	0.00617	0.00179	0.02438	0.00885	0.00442	0.00589
4	0.01187	0.00953	0.01117	0.00803	0.01269	0.00735	0.00645	0.03530	0.01157	0.05672	0.01007	0.01137	0.00813	0.00412	0.00403	0.00085	0.00400	0.00329	0.00337	0.78010
5	0.00918	0.00459	0.00689	0.00689	0.00689	0.00459	0.00459	0.00689	0.00689	0.00918	0.00918	0.01607	0.00918	0.01837	0.02066	0.84619	0.00459	0.00459	0.00230	0.00230
6	0.01079	0.00921	0.01078	0.00781	0.01234	0.00694	0.00621	0.01308	0.01093	0.01708	0.01016	0.04192	0.00888	0.00440	0.00402	0.00084	0.00388	0.00359	0.00320	0.81392
7	0.01131	0.16441	0.61859	0.01436	0.02148	0.01384	0.05301	0.01659	0.01115	0.01600	0.00917	0.01084	0.00678	0.00491	0.00480	0.00158	0.00749	0.00383	0.00226	0.00760
8	0.00731	0.00521	0.00669	0.02774	0.00825	0.00518	0.00507	0.00835	0.01003	0.01361	0.07708	0.42356	0.04754	0.21554	0.01190	0.00283	0.02290	0.06047	0.03652	0.00421
9	0.01975	0.02520	0.01498	0.01362	0.01634	0.79299	0.01021	0.02111	0.01498	0.01294	0.00817	0.00953	0.00681	0.00545	0.00477	0.00136	0.00953	0.00340	0.00272	0.00613
10	0.01286	0.49860	0.22204	0.01227	0.05215	0.01748	0.03820	0.01586	0.01097	0.01415	0.02681	0.01045	0.00793	0.00499	0.00459	0.00137	0.03630	0.00354	0.00237	0.00705
11	0.85155	0.01022	0.00777	0.00695	0.01022	0.01186	0.00573	0.01554	0.00900	0.02372	0.00736	0.00859	0.00573	0.00491	0.00327	0.00164	0.00409	0.00286	0.00327	0.00573
12	0.00652	0.00483	0.00609	0.00690	0.00760	0.00440	0.00475	0.00770	0.01103	0.01452	0.11859	0.58108	0.17602	0.01532	0.00660	0.00202	0.00293	0.01368	0.00501	0.00440
13	0.01443	0.01131	0.03196	0.06404	0.03389	0.01187	0.04799	0.27309	0.15855	0.06709	0.03521	0.06256	0.01426	0.11225	0.03543	0.00238	0.00570	0.00617	0.00455	0.00727
14	0.00755	0.00566	0.00850	0.00850	0.00944	0.00661	0.00661	0.00944	0.00850	0.01227	0.01416	0.02077	0.01322	0.03965	0.79326	0.00850	0.01416	0.00566	0.00283	0.00472
15	0.01465	0.07514	0.01525	0.05341	0.10398	0.13072	0.01003	0.10797	0.14882	0.06938	0.05110	0.01739	0.06535	0.00705	0.00669	0.00167	0.10502	0.00531	0.00394	0.00715
16	0.01419	0.72355	0.07761	0.00968	0.01433	0.06051	0.00981	0.01617	0.01099	0.01275	0.00753	0.00871	0.00678	0.00460	0.00357	0.00118	0.00600	0.00293	0.00228	0.00682
17	0.00964	0.00753	0.02296	0.02477	0.01027	0.02561	0.00627	0.01379	0.13652	0.07271	0.30276	0.12246	0.17745	0.01083	0.00605	0.00178	0.00346	0.03415	0.00527	0.00574
18	0.00814	0.00594	0.00713	0.00669	0.00795	0.00567	0.00485	0.05931	0.01369	0.01871	0.45402	0.06512	0.15000	0.15795	0.00997	0.00233	0.00324	0.00933	0.00514	0.00483
19	0.01230	0.01178	0.05642	0.43789	0.11772	0.01243	0.02746	0.13822	0.04870	0.01808	0.01060	0.01366	0.00800	0.00536	0.00520	0.00165	0.00650	0.00466	0.00306	0.06031
20	0.03760	0.00987	0.01121	0.02798	0.01281	0.00969	0.00723	0.22062	0.03141	0.08361	0.01405	0.06700	0.01145	0.00626	0.00487	0.00134	0.02011	0.00498	0.14949	0.26841

[dist]
# distance from previous block
# <min> <max>
4	8

[block]
# block no. 1 follows, 46 sequences, length 23
# corresponding to MSA columns:
# 137-159
name=unknown_B
#
# <colnr> <probs for GDERKNQSTAVLIFYWHMCP>
#	G	D	E	R	K	N	Q	S	T	A	V	L	I	F	Y	W	H	M	C	P
0	0.01149	0.00832	0.01050	0.03303	0.06978	0.00845	0.00760	0.03837	0.20984	0.09955	0.04435	0.30659	0.02229	0.01029	0.00581	0.00181	0.00405	0.02840	0.00485	0.07464
1	0.01407	0.05913	0.01335	0.01083	0.01404	0.01390	0.00865	0.12961	0.60564	0.02297	0.01960	0.01898	0.01491	0.00707	0.00529	0.00174	0.00451	0.02226	0.00517	0.00828
2	0.00676	0.00484	0.00644	0.00725	0.00782	0.00452	0.00503	0.00812	0.01139	0.01549	0.21636	0.59601	0.03856	0.01507	0.00664	0.00203	0.00298	0.03506	0.00513	0.00448
3	0.00830	0.00659	0.00704	0.00669	0.00857	0.00616	0.00505	0.11587	0.01366	0.01708	0.06520	0.16872	0.52614	0.01282	0.00619	0.00181	0.00319	0.01082	0.00499	0.00510
4	0.03401	0.23960	0.45580	0.01371	0.01995	0.03898	0.07446	0.01650	0.01113	0.01554	0.00884	0.01057	0.00681	0.00497	0.00496	0.00154	0.02920	0.00377	0.00232	0.00732
5	0.00766	0.00524	0.00634	0.00634	0.00654	0.00544	0.00392	0.00806	0.00786	0.01068	0.01613	0.03167	0.01795	0.65009	0.18929	0.00584	0.00704	0.00726	0.00312	0.00352
6	0.00755	0.00566	0.00850	0.00850	0.00944	0.00661	0.00661	0.00944	0.00850	0.01227	0.01416	0.02077	0.01322	0.03965	0.79326	0.00850	0.01416	0.00566	0.00283	0.00472
7	0.01743	0.01192	0.01307	0.01036	0.01363	0.01290	0.00828	0.51494	0.02002	0.08933	0.01432	0.01724	0.01134	0.13373	0.03084	0.00232	0.00562	0.00530	0.05972	0.00770
8	0.03054	0.02902	0.03786	0.08569	0.01683	0.01375	0.00971	0.32914	0.25850	0.06807	0.01637	0.01619	0.02833	0.00657	0.00521	0.00166	0.00521	0.00522	0.02798	0.00815
9	0.01385	0.01402	0.01957	0.11085	0.55680	0.12270	0.01487	0.03333	0.03260	0.01674	0.01000	0.01286	0.00823	0.00498	0.00518	0.00157	0.00676	0.00456	0.00273	0.00780
10	0.00789	0.00617	0.00915	0.00896	0.00982	0.00743	0.00703	0.00972	0.00846	0.01231	0.01354	0.01998	0.01268	0.03706	0.72710	0.00797	0.08156	0.00558	0.00279	0.00481
11	0.03382	0.01239	0.02069	0.06172	0.58024	0.02711	0.08810	0.01623	0.03333	0.01718	0.01181	0.01540	0.02911	0.00527	0.00536	0.00163	0.00639	0.02355	0.00282	0.00784
12	0.01873	0.07339	0.05991	0.01342	0.05319	0.19855	0.01084	0.45996	0.02018	0.02539	0.01095	0.01159	0.00817	0.00586	0.00502	0.00151	0.00681	0.00426	0.00418	0.00807
13	0.02010	0.01481	0.01587	0.01216	0.01639	0.01639	0.01005	0.76360	0.02486	0.03332	0.01269	0.01269	0.00899	0.00635	0.00529	0.00159	0.00582	0.00476	0.00529	0.00899
14	0.02372	0.00900	0.01227	0.00941	0.01350	0.00777	0.00777	0.02576	0.01513	0.78489	0.02086	0.01799	0.01309	0.00654	0.00532	0.00164	0.00450	0.00532	0.00654	0.00900
15	0.01245	0.01028	0.01176	0.00854	0.01316	0.00857	0.00688	0.13540	0.01322	0.01984	0.00993	0.01124	0.00802	0.00431	0.00414	0.00091	0.00422	0.00340	0.00348	0.71024
16	0.00746	0.00681	0.05147	0.12590	0.01294	0.00608	0.00725	0.02213	0.01068	0.01424	0.04429	0.59457	0.04830	0.01383	0.00638	0.00203	0.00395	0.01245	0.00441	0.00483
17	0.01058	0.01369	0.16193	0.01594	0.06197	0.01035	0.28492	0.01409	0.01132	0.01604	0.01422	0.19006	0.01372	0.00737	0.00616	0.00172	0.03526	0.00719	0.00313	0.12036
18	0.85155	0.01022	0.00777	0.00695	0.01022	0.01186	0.00573	0.01554	0.00900	0.02372	0.00736	0.00859	0.00573	0.00491	0.00327	0.00164	0.00409	0.00286	0.00327	0.00573
19	0.00908	0.00463	0.00681	0.00681	0.00681	0.00463	0.00450	0.00694	0.00694	0.00925	0.00968	0.01730	0.00985	0.07126	0.02108	0.79029	0.00463	0.00480	0.00236	0.00236
20	0.00645	0.00488	0.00596	0.00671	0.00752	0.00439	0.00464	0.00761	0.01103	0.01425	0.08711	0.52877	0.26112	0.01521	0.00656	0.00200	0.00291	0.01349	0.00497	0.00439
21	0.01193	0.01299	0.02670	0.06757	0.10005	0.01277	0.54579	0.01575	0.01188	0.01626	0.01153	0.06690	0.00972	0.00565	0.00684	0.00182	0.05969	0.00648	0.00277	0.00690
22	0.00983	0.00911	0.01519	0.74861	0.03437	0.01131	0.01392	0.01312	0.01038	0.01329	0.00988	0.01546	0.00786	0.05905	0.00672	0.00199	0.00692	0.00490	0.00241	0.00570

[dist]
# distance from previous block
# <min> <max>
6	36

[block]
# block no. 2 follows, 46 sequences, length 14
# corresponding to MSA columns:
# 206-211,214-221
name=unknown_C
#
# <colnr> <probs for GDERKNQSTAVLIFYWHMCP>
#	G	D	E	R	K	N	Q	S	T	A	V	L	I	F	Y	W	H	M	C	P
0	0.01280	0.01236	0.05350	0.10786	0.09207	0.01299	0.06676	0.04556	0.49133	0.02030	0.01729	0.01737	0.01302	0.00638	0.00540	0.00176	0.00531	0.00558	0.00439	0.00797
1	0.00702	0.00537	0.00634	0.00611	0.00749	0.00479	0.00452	0.00894	0.01346	0.01796	0.45938	0.04361	0.32875	0.05423	0.00733	0.00189	0.00270	0.01008	0.00533	0.00469
2	0.01467	0.74172	0.02649	0.00948	0.01383	0.09466	0.00916	0.01633	0.01115	0.01249	0.00743	0.00858	0.00679	0.00461	0.00352	0.00115	0.00602	0.00288	0.00231	0.00672
3	0.75509	0.01106	0.00858	0.00755	0.01086	0.04561	0.00618	0.05168	0.01017	0.04305	0.00799	0.00906	0.00611	0.00504	0.00348	0.00162	0.00442	0.00304	0.00343	0.00598
4	0.08121	0.01516	0.21681	0.16345	0.17321	0.03376	0.04131	0.04367	0.04465	0.01753	0.04580	0.06369	0.02488	0.00625	0.00521	0.00169	0.00630	0.00538	0.00307	0.00698
5	0.00756	0.00559	0.00709	0.00674	0.00805	0.00523	0.00504	0.01037	0.04306	0.02040	0.66475	0.07384	0.10012	0.01111	0.00623	0.00170	0.00260	0.00978	0.00570	0.00505
6	0.00789	0.02860	0.00752	0.00659	0.00808	0.00543	0.00502	0.01017	0.01440	0.03883	0.62668	0.03982	0.15943	0.01092	0.00613	0.00167	0.00266	0.00951	0.00560	0.00506
7	0.01321	0.01166	0.01359	0.06085	0.12836	0.03011	0.00985	0.06978	0.51621	0.02101	0.01973	0.01919	0.04907	0.00689	0.00537	0.00174	0.00481	0.00582	0.00470	0.00803
8	0.01408	0.57512	0.05615	0.00955	0.01376	0.05157	0.00917	0.09866	0.01257	0.01513	0.01180	0.04748	0.05427	0.00585	0.00405	0.00130	0.00564	0.00415	0.00289	0.00680
9	0.01239	0.00980	0.01152	0.00839	0.01289	0.00799	0.00677	0.06486	0.01208	0.06559	0.01026	0.01153	0.00821	0.00439	0.00448	0.00093	0.02700	0.00342	0.00347	0.71404
10	0.03914	0.28040	0.09948	0.01232	0.05805	0.24365	0.01049	0.06743	0.03362	0.01594	0.03819	0.01163	0.00917	0.00544	0.00457	0.00138	0.01825	0.00380	0.04025	0.00678
11	0.01272	0.01070	0.05226	0.01053	0.03331	0.03151	0.00833	0.04812	0.35881	0.09117	0.02200	0.07412	0.05408	0.08531	0.00770	0.00215	0.00469	0.08053	0.00486	0.00708
12	0.00884	0.00849	0.08848	0.00784	0.01016	0.00659	0.00671	0.05122	0.05441	0.05122	0.15924	0.19804	0.30508	0.01173	0.00608	0.00181	0.00359	0.01006	0.00490	0.00552
13	0.00648	0.00470	0.00613	0.00718	0.00764	0.00434	0.00485	0.00752	0.01052	0.01396	0.07094	0.71479	0.08939	0.01603	0.00668	0.00210	0.00301	0.01446	0.00496	0.00434

[dist]
# distance from previous block
# <min> <max>
0	5

[block]
# block no. 3 follows, 46 sequences, length 31
# corresponding to MSA columns:
# 227-257
name=unknown_D
#
# <colnr> <probs for GDERKNQSTAVLIFYWHMCP>
#	G	D	E	R	K	N	Q	S	T	A	V	L	I	F	Y	W	H	M	C	P
0	0.01215	0.01056	0.01586	0.63223	0.03212	0.01274	0.01369	0.17436	0.01363	0.01776	0.01010	0.01379	0.00746	0.00551	0.00529	0.00172	0.00678	0.00471	0.00298	0.00654
1	0.08988	0.12668	0.05980	0.02278	0.01305	0.03978	0.02148	0.06856	0.01355	0.22173	0.07585	0.02389	0.15577	0.00780	0.00515	0.00162	0.00477	0.03646	0.00458	0.00682
2	0.74136	0.04457	0.00919	0.02446	0.01126	0.04154	0.00629	0.01603	0.00952	0.04620	0.00785	0.00903	0.00607	0.00497	0.00344	0.00161	0.00444	0.00300	0.00329	0.00589
3	0.01923	0.01310	0.01444	0.01128	0.01517	0.01418	0.00924	0.57459	0.05527	0.12821	0.04009	0.03893	0.01206	0.00686	0.00534	0.00161	0.00532	0.00536	0.02108	0.00861
4	0.01245	0.04296	0.29247	0.07517	0.33053	0.04686	0.01605	0.04483	0.03744	0.01734	0.02835	0.01300	0.00884	0.00518	0.00512	0.00161	0.00682	0.00447	0.00272	0.00780
5	0.00653	0.00472	0.00618	0.00719	0.00766	0.00437	0.00487	0.00761	0.01067	0.01425	0.09970	0.69865	0.07632	0.01586	0.00667	0.00208	0.00299	0.01432	0.00499	0.00437
6	0.00765	0.00656	0.03983	0.00747	0.00911	0.00550	0.02902	0.01020	0.01426	0.01996	0.62555	0.07250	0.09804	0.01087	0.00623	0.00171	0.00299	0.02198	0.00545	0.00510
7	0.00755	0.00566	0.00850	0.00850	0.00944	0.00661	0.00661	0.00944	0.00850	0.01227	0.01416	0.02077	0.01322	0.03965	0.79326	0.00850	0.01416	0.00566	0.00283	0.00472
8	0.01196	0.01212	0.01726	0.03422	0.01558	0.03568	0.06740	0.02737	0.00897	0.01345	0.00742	0.01180	0.00706	0.00864	0.01567	0.00222	0.69009	0.00472	0.00241	0.00595
9	0.00998	0.00940	0.01586	0.80150	0.03641	0.01175	0.01468	0.01351	0.01057	0.01351	0.00940	0.01409	0.00705	0.00529	0.00529	0.00176	0.00705	0.00470	0.00235	0.00587
10	0.00684	0.00505	0.00660	0.00748	0.00795	0.00492	0.00520	0.00789	0.01037	0.01380	0.06023	0.61472	0.08626	0.05703	0.00816	0.00228	0.03309	0.05301	0.00476	0.00436
11	0.01155	0.00938	0.01102	0.00790	0.01257	0.00708	0.00633	0.01388	0.01115	0.05248	0.00992	0.01129	0.00807	0.00404	0.00398	0.00082	0.00394	0.00323	0.00329	0.80807
12	0.00959	0.00497	0.00722	0.00708	0.00724	0.00503	0.00479	0.03509	0.00756	0.01008	0.00931	0.01594	0.00918	0.01792	0.02009	0.81471	0.00464	0.00460	0.00241	0.00255
13	0.02541	0.01332	0.09084	0.19569	0.44629	0.01234	0.09464	0.01570	0.01162	0.01647	0.00981	0.01315	0.00784	0.00483	0.00528	0.00163	0.00679	0.00474	0.00255	0.02105
14	0.01060	0.02735	0.78682	0.01507	0.02288	0.01228	0.01953	0.01674	0.01116	0.01674	0.00949	0.01116	0.00670	0.00502	0.00502	0.00167	0.00781	0.00391	0.00223	0.00781
15	0.01145	0.00916	0.01082	0.00789	0.01237	0.00697	0.00629	0.01372	0.01115	0.05831	0.01088	0.04640	0.00930	0.00461	0.00411	0.00089	0.00391	0.00377	0.00339	0.76461
16	0.05859	0.47077	0.05586	0.00942	0.01320	0.03590	0.02889	0.05691	0.01133	0.04616	0.01033	0.03385	0.00958	0.10164	0.03605	0.00202	0.00600	0.00419	0.00288	0.00642
17	0.02034	0.00911	0.01175	0.00941	0.01305	0.00851	0.00763	0.02479	0.15414	0.57699	0.08817	0.02022	0.01691	0.00704	0.00541	0.00167	0.00426	0.00581	0.00627	0.00853
18	0.01096	0.00940	0.01096	0.00783	0.01253	0.00705	0.00626	0.01331	0.01096	0.01723	0.00940	0.01096	0.00783	0.00392	0.00392	0.00078	0.00392	0.00313	0.00313	0.84653
19	0.00872	0.00729	0.01034	0.00967	0.01022	0.00916	0.00757	0.01015	0.00827	0.01213	0.01242	0.01999	0.01222	0.13520	0.46737	0.00627	0.23982	0.00564	0.00273	0.00482
20	0.00927	0.00664	0.00843	0.03481	0.01059	0.00678	0.00670	0.09430	0.04516	0.03315	0.03903	0.43350	0.02840	0.05299	0.00754	0.00224	0.00406	0.16635	0.00485	0.00523
21	0.00646	0.00467	0.00611	0.00722	0.00764	0.00432	0.00485	0.00744	0.01037	0.01374	0.05018	0.74334	0.08170	0.01621	0.00670	0.00211	0.00303	0.01465	0.00493	0.00432
22	0.12723	0.08626	0.38982	0.01522	0.02138	0.01309	0.21875	0.01646	0.01118	0.01741	0.00934	0.01142	0.00696	0.00478	0.00495	0.00163	0.00732	0.00429	0.00252	0.02998
23	0.00718	0.00539	0.00664	0.00633	0.00771	0.00486	0.00475	0.00938	0.01424	0.01948	0.59862	0.04231	0.23078	0.01145	0.00624	0.00169	0.00254	0.00996	0.00559	0.00486
24	0.00648	0.00462	0.00612	0.00731	0.00761	0.00432	0.00485	0.00737	0.01004	0.01339	0.02874	0.78610	0.03446	0.04191	0.00739	0.00224	0.00313	0.01480	0.00485	0.00426
25	0.00758	0.00554	0.00789	0.00789	0.00862	0.00628	0.00585	0.00905	0.00832	0.01182	0.01472	0.02384	0.01455	0.21177	0.62296	0.00775	0.01215	0.00611	0.00291	0.00438
26	0.01069	0.02675	0.75242	0.01540	0.02310	0.01233	0.05333	0.01675	0.01122	0.01675	0.00954	0.01130	0.00676	0.00500	0.00508	0.00168	0.00786	0.00401	0.00225	0.00778
27	0.01413	0.81739	0.02770	0.00905	0.01357	0.02092	0.00905	0.01583	0.01074	0.01244	0.00735	0.00848	0.00678	0.00452	0.00339	0.00113	0.00565	0.00283	0.00226	0.00678
28	0.01447	0.65756	0.07458	0.01027	0.01495	0.04577	0.04082	0.04907	0.01168	0.02795	0.00813	0.00928	0.00704	0.00470	0.00378	0.00123	0.00604	0.00319	0.00250	0.00698
29	0.01296	0.49991	0.05486	0.01050	0.01374	0.04159	0.00988	0.01473	0.01007	0.01268	0.00800	0.01047	0.00741	0.00889	0.07938	0.00211	0.19054	0.00357	0.00234	0.00639
30	0.00741	0.00539	0.00717	0.00814	0.00907	0.00515	0.00640	0.00916	0.01160	0.01522	0.09229	0.34615	0.10671	0.01493	0.00690	0.00220	0.00377	0.33276	0.00496	0.00462

[dist]
# distance from previous block
# <min> <max>
0	10

[block]
# block no. 4 follows, 46 sequences, length 30
# corresponding to MSA columns:
# 268-297
name=unknown_E
#
# <colnr> <probs for GDERKNQSTAVLIFYWHMCP>
#	G	D	E	R	K	N	Q	S	T	A	V	L	I	F	Y	W	H	M	C	P
0	0.00664	0.00533	0.00592	0.00587	0.00740	0.00461	0.00437	0.00830	0.01282	0.01634	0.27283	0.09260	0.51279	0.01279	0.00627	0.00177	0.00264	0.01090	0.00519	0.00461
1	0.02274	0.00878	0.01195	0.00924	0.01316	0.00760	0.00760	0.02481	0.01512	0.73877	0.06661	0.01929	0.01531	0.00680	0.00537	0.00164	0.00438	0.00557	0.00650	0.00875
2	0.00655	0.00480	0.00611	0.00697	0.00757	0.00441	0.00475	0.00767	0.01083	0.01431	0.10872	0.60713	0.14009	0.03478	0.00711	0.00212	0.00300	0.01375	0.00496	0.00436
3	0.01975	0.02520	0.01498	0.01362	0.01634	0.79299	0.01021	0.02111	0.01498	0.01294	0.00817	0.00953	0.00681	0.00545	0.00477	0.00136	0.00953	0.00340	0.00272	0.00613
4	0.01308	0.01256	0.02146	0.03245	0.78123	0.01256	0.01622	0.01622	0.01204	0.01727	0.00994	0.01308	0.00837	0.00471	0.00523	0.00157	0.00628	0.00471	0.00262	0.00837
5	0.01096	0.00940	0.01096	0.00783	0.01253	0.00705	0.00626	0.01331	0.01096	0.01723	0.00940	0.01096	0.00783	0.00392	0.00392	0.00078	0.00392	0.00313	0.00313	0.84653
6	0.04821	0.01465	0.01559	0.01199	0.01619	0.01624	0.00990	0.73831	0.02432	0.03299	0.01251	0.01255	0.00888	0.00630	0.00522	0.00159	0.00576	0.00470	0.00522	0.00888
7	0.85155	0.01022	0.00777	0.00695	0.01022	0.01186	0.00573	0.01554	0.00900	0.02372	0.00736	0.00859	0.00573	0.00491	0.00327	0.00164	0.00409	0.00286	0.00327	0.00573
8	0.00644	0.00460	0.00613	0.00736	0.00767	0.00429	0.00491	0.00736	0.01012	0.01350	0.02914	0.81076	0.03497	0.01656	0.00675	0.00215	0.00307	0.01503	0.00491	0.00429
9	0.01248	0.01426	0.03119	0.02228	0.02763	0.01337	0.76203	0.01693	0.01248	0.01693	0.01070	0.01426	0.00802	0.00446	0.00624	0.00178	0.00891	0.00624	0.00267	0.00713
10	0.00748	0.00540	0.00707	0.00665	0.00790	0.00499	0.00499	0.00998	0.01496	0.02120	0.77844	0.03949	0.04988	0.01081	0.00624	0.00166	0.00249	0.00956	0.00582	0.00499
11	0.00644	0.00460	0.00613	0.00736	0.00767	0.00429	0.00491	0.00736	0.01012	0.01350	0.02914	0.81076	0.03497	0.01656	0.00675	0.00215	0.00307	0.01503	0.00491	0.00429
12	0.01172	0.00956	0.01117	0.00803	0.01269	0.00737	0.00644	0.03789	0.01156	0.04541	0.00992	0.01127	0.00806	0.00409	0.00401	0.00084	0.00400	0.00326	0.00332	0.78941
13	0.71415	0.01061	0.01001	0.01113	0.13658	0.01197	0.00745	0.01565	0.00950	0.02266	0.00778	0.00932	0.00616	0.00488	0.00359	0.00163	0.00445	0.00317	0.00316	0.00616
14	0.85155	0.01022	0.00777	0.00695	0.01022	0.01186	0.00573	0.01554	0.00900	0.02372	0.00736	0.00859	0.00573	0.00491	0.00327	0.00164	0.00409	0.00286	0.00327	0.00573
15	0.00661	0.00488	0.00676	0.00766	0.00816	0.00454	0.02375	0.00767	0.01035	0.01380	0.04821	0.75132	0.05441	0.01603	0.00671	0.00212	0.00319	0.01457	0.00487	0.00439
16	0.00768	0.00517	0.00599	0.00599	0.00607	0.00525	0.00348	0.00783	0.00775	0.01042	0.01645	0.03345	0.01872	0.75020	0.09024	0.00540	0.00587	0.00752	0.00317	0.00333
17	0.01248	0.01426	0.03119	0.02228	0.02763	0.01337	0.76203	0.01693	0.01248	0.01693	0.01070	0.01426	0.00802	0.00446	0.00624	0.00178	0.00891	0.00624	0.00267	0.00713
18	0.01248	0.01426	0.03119	0.02228	0.02763	0.01337	0.76203	0.01693	0.01248	0.01693	0.01070	0.01426	0.00802	0.00446	0.00624	0.00178	0.00891	0.00624	0.00267	0.00713
19	0.00998	0.00940	0.01586	0.80150	0.03641	0.01175	0.01468	0.01351	0.01057	0.01351	0.00940	0.01409	0.00705	0.00529	0.00529	0.00176	0.00705	0.00470	0.00235	0.00587
20	0.01315	0.01136	0.01195	0.01076	0.01375	0.01315	0.00837	0.02809	0.77168	0.02211	0.02152	0.01972	0.01614	0.00717	0.00538	0.00179	0.00418	0.00598	0.00538	0.00837
21	0.00787	0.00547	0.00717	0.00676	0.00804	0.00503	0.00506	0.01029	0.01476	0.04139	0.72611	0.07183	0.04826	0.01094	0.00623	0.00168	0.00257	0.00968	0.00580	0.00507
22	0.00644	0.00460	0.00613	0.00736	0.00767	0.00429	0.00491	0.00736	0.01012	0.01350	0.02914	0.81076	0.03497	0.01656	0.00675	0.00215	0.00307	0.01503	0.00491	0.00429
23	0.01497	0.01105	0.01333	0.01210	0.05025	0.01214	0.03602	0.07133	0.46950	0.14674	0.01983	0.02053	0.01506	0.00730	0.00588	0.00180	0.03038	0.04841	0.00521	0.00818
24	0.01248	0.01426	0.03119	0.02228	0.02763	0.01337	0.76203	0.01693	0.01248	0.01693	0.01070	0.01426	0.00802	0.00446	0.00624	0.00178	0.00891	0.00624	0.00267	0.00713
25	0.00648	0.00463	0.00617	0.00733	0.00768	0.00432	0.00491	0.00746	0.01030	0.01379	0.05738	0.78169	0.03553	0.01635	0.00673	0.00213	0.00305	0.01482	0.00494	0.00432
26	0.01211	0.01369	0.05026	0.03728	0.04035	0.01269	0.61572	0.03164	0.01238	0.01697	0.01179	0.06022	0.00965	0.00538	0.00636	0.00179	0.02594	0.00652	0.02232	0.00694
27	0.00901	0.00479	0.00709	0.02430	0.00780	0.00482	0.00504	0.00743	0.00757	0.01018	0.01169	0.06664	0.01204	0.01746	0.01830	0.70718	0.00452	0.04865	0.02279	0.00271
28	0.01146	0.03446	0.04206	0.17995	0.23809	0.01188	0.02709	0.03084	0.01047	0.01496	0.00975	0.01378	0.00828	0.00818	0.02674	0.09720	0.16267	0.00466	0.06120	0.00627
29	0.01495	0.16747	0.12476	0.00996	0.01374	0.03447	0.00929	0.05097	0.09193	0.21452	0.08682	0.02031	0.01571	0.08027	0.00704	0.00191	0.00525	0.03910	0.00437	0.00716

[dist]
# distance from previous block
# <min> <max>
1	21

[block]
# block no. 5 follows, 46 sequences, length 43
# corresponding to MSA columns:
# 319-361
name=unknown_F
#
# <colnr> <probs for GDERKNQSTAVLIFYWHMCP>
#	G	D	E	R	K	N	Q	S	T	A	V	L	I	F	Y	W	H	M	C	P
0	0.01160	0.03419	0.22942	0.16058	0.15106	0.01191	0.12892	0.03569	0.05340	0.03377	0.05538	0.04705	0.01157	0.00590	0.00543	0.00170	0.00672	0.00546	0.00304	0.00721
1	0.01479	0.01273	0.01308	0.01080	0.01402	0.12938	0.04306	0.18335	0.14838	0.05136	0.01408	0.07421	0.01180	0.00772	0.00658	0.08162	0.00549	0.00531	0.00412	0.16812
2	0.01181	0.01181	0.01589	0.01409	0.04494	0.04927	0.02756	0.01325	0.00890	0.01341	0.00780	0.01204	0.00742	0.00934	0.03815	0.00230	0.63241	0.00457	0.02341	0.05163
3	0.01175	0.00948	0.01107	0.00813	0.01261	0.00751	0.00649	0.02670	0.05277	0.05410	0.01102	0.02660	0.00905	0.00449	0.00414	0.00092	0.00397	0.00364	0.00348	0.73208
4	0.00974	0.00707	0.00852	0.00771	0.00955	0.00708	0.00591	0.05460	0.14335	0.05266	0.55194	0.03423	0.06681	0.00987	0.00600	0.00168	0.00305	0.00858	0.00571	0.00592
5	0.01096	0.00940	0.01096	0.00783	0.01253	0.00705	0.00626	0.01331	0.01096	0.01723	0.00940	0.01096	0.00783	0.00392	0.00392	0.00078	0.00392	0.00313	0.00313	0.84653
6	0.00748	0.00540	0.00707	0.00665	0.00790	0.00499	0.00499	0.00998	0.01496	0.02120	0.77844	0.03949	0.04988	0.01081	0.00624	0.00166	0.00249	0.00956	0.00582	0.00499
7	0.01157	0.01157	0.01619	0.01388	0.01388	0.01619	0.01157	0.01272	0.00810	0.01272	0.00694	0.01157	0.00694	0.00925	0.01735	0.00231	0.80453	0.00463	0.00231	0.00578
8	0.00998	0.00940	0.01586	0.80150	0.03641	0.01175	0.01468	0.01351	0.01057	0.01351	0.00940	0.01409	0.00705	0.00529	0.00529	0.00176	0.00705	0.00470	0.00235	0.00587
9	0.00644	0.00460	0.00613	0.00736	0.00767	0.00429	0.00491	0.00736	0.01012	0.01350	0.02914	0.81076	0.03497	0.01656	0.00675	0.00215	0.00307	0.01503	0.00491	0.00429
10	0.85155	0.01022	0.00777	0.00695	0.01022	0.01186	0.00573	0.01554	0.00900	0.02372	0.00736	0.00859	0.00573	0.00491	0.00327	0.00164	0.00409	0.00286	0.00327	0.00573
11	0.00998	0.00940	0.01586	0.80150	0.03641	0.01175	0.01468	0.01351	0.01057	0.01351	0.00940	0.01409	0.00705	0.00529	0.00529	0.00176	0.00705	0.00470	0.00235	0.00587
12	0.85155	0.01022	0.00777	0.00695	0.01022	0.01186	0.00573	0.01554	0.00900	0.02372	0.00736	0.00859	0.00573	0.00491	0.00327	0.00164	0.00409	0.00286	0.00327	0.00573
13	0.01315	0.01136	0.01195	0.01076	0.01375	0.01315	0.00837	0.02809	0.77168	0.02211	0.02152	0.01972	0.01614	0.00717	0.00538	0.00179	0.00418	0.00598	0.00538	0.00837
14	0.02010	0.01481	0.01587	0.01216	0.01639	0.01639	0.01005	0.76360	0.02486	0.03332	0.01269	0.01269	0.00899	0.00635	0.00529	0.00159	0.00582	0.00476	0.00529	0.00899
15	0.85155	0.01022	0.00777	0.00695	0.01022	0.01186	0.00573	0.01554	0.00900	0.02372	0.00736	0.00859	0.00573	0.00491	0.00327	0.00164	0.00409	0.00286	0.00327	0.00573
16	0.00655	0.00528	0.00584	0.00589	0.00737	0.00456	0.00434	0.00810	0.01249	0.01576	0.21537	0.13742	0.52614	0.01317	0.00630	0.00180	0.00268	0.01125	0.00512	0.00456
17	0.00661	0.00476	0.00649	0.00753	0.00794	0.00465	0.00517	0.00768	0.00987	0.01331	0.02686	0.69085	0.03166	0.02007	0.12613	0.00311	0.00475	0.01361	0.00459	0.00436
18	0.00660	0.00472	0.00628	0.00725	0.00770	0.00440	0.00492	0.00776	0.01086	0.01466	0.14287	0.69369	0.03723	0.01569	0.00667	0.00207	0.00298	0.01420	0.00505	0.00440
19	0.00985	0.00493	0.00493	0.00493	0.00616	0.00493	0.00370	0.01232	0.01109	0.01971	0.01725	0.01971	0.01355	0.00616	0.00370	0.00123	0.00246	0.00493	0.84356	0.00493
20	0.14938	0.00918	0.01159	0.00903	0.01300	0.00839	0.00746	0.02421	0.01420	0.66936	0.01881	0.01657	0.01197	0.00629	0.00501	0.00164	0.00444	0.00494	0.00605	0.00850
21	0.01309	0.01238	0.02002	0.02916	0.66474	0.01265	0.01503	0.01803	0.12734	0.01801	0.01170	0.01409	0.00955	0.00508	0.00526	0.00160	0.00596	0.00490	0.00304	0.00837
22	0.01495	0.01218	0.01295	0.01112	0.01441	0.01387	0.00884	0.23063	0.54724	0.02505	0.01924	0.01875	0.01451	0.00712	0.00540	0.00175	0.00465	0.02354	0.00534	0.00845
23	0.01167	0.01079	0.01762	0.02537	0.56293	0.01051	0.01316	0.01438	0.01175	0.01684	0.04058	0.13492	0.01386	0.00665	0.00537	0.00159	0.00543	0.00630	0.00313	0.08715
24	0.00908	0.00682	0.00878	0.06879	0.01150	0.00726	0.00672	0.01254	0.12636	0.05758	0.07547	0.42146	0.08687	0.01260	0.00700	0.00199	0.05801	0.01096	0.00476	0.00545
25	0.03673	0.00944	0.01336	0.01272	0.12975	0.00849	0.00889	0.02373	0.01443	0.63158	0.01885	0.01713	0.01225	0.00622	0.00522	0.00161	0.00470	0.00517	0.03102	0.00872
26	0.01288	0.01216	0.01962	0.08301	0.61258	0.01259	0.01492	0.01784	0.12724	0.01774	0.01166	0.01416	0.00946	0.00512	0.00526	0.00162	0.00602	0.00490	0.00302	0.00820
27	0.01399	0.01016	0.01126	0.00958	0.01224	0.01103	0.00742	0.22088	0.27022	0.07793	0.14738	0.02332	0.02020	0.13002	0.00876	0.00221	0.00450	0.00647	0.00518	0.00722
28	0.01025	0.00930	0.01544	0.31681	0.14604	0.01041	0.07892	0.01323	0.01146	0.01602	0.12783	0.06139	0.01588	0.00696	0.00643	0.00174	0.07015	0.00615	0.06950	0.00609
29	0.00663	0.00481	0.00645	0.00741	0.00787	0.00467	0.00509	0.00769	0.00990	0.01327	0.02767	0.63834	0.06482	0.03870	0.12658	0.00316	0.00478	0.01326	0.00455	0.00434
30	0.02100	0.00887	0.01157	0.00907	0.01255	0.00805	0.00726	0.08156	0.01477	0.60768	0.01957	0.02009	0.01369	0.12912	0.00859	0.00216	0.00470	0.00563	0.00594	0.00812
31	0.02067	0.01106	0.03729	0.01348	0.13070	0.01012	0.00973	0.15728	0.01624	0.49238	0.01810	0.01681	0.02827	0.00633	0.00531	0.00162	0.00507	0.00521	0.00556	0.00877
32	0.00823	0.08262	0.01008	0.00835	0.00961	0.00782	0.00663	0.01007	0.00883	0.01255	0.01404	0.03951	0.01326	0.04751	0.65732	0.00732	0.01250	0.00564	0.03322	0.00489
33	0.00738	0.00500	0.00586	0.00616	0.00624	0.00492	0.00362	0.00761	0.00829	0.01105	0.01974	0.22605	0.02310	0.61746	0.02193	0.00439	0.00462	0.00950	0.00362	0.00347
34	0.02187	0.00939	0.01286	0.01008	0.01355	0.00905	0.00835	0.02378	0.01406	0.66769	0.01874	0.01702	0.01215	0.00695	0.00714	0.00174	0.12594	0.00521	0.00590	0.00851
35	0.01272	0.28332	0.28762	0.01122	0.03230	0.02890	0.01177	0.01579	0.01108	0.08728	0.03389	0.01533	0.01056	0.12800	0.00787	0.00201	0.00622	0.00443	0.00292	0.00678
36	0.59069	0.01129	0.01057	0.00992	0.06632	0.01270	0.00744	0.17022	0.01270	0.05275	0.00913	0.01009	0.00685	0.00525	0.00390	0.00162	0.00462	0.00347	0.00376	0.00670
37	0.14133	0.01098	0.01135	0.01006	0.01319	0.01248	0.00791	0.02598	0.58997	0.08885	0.01931	0.01788	0.01429	0.00677	0.00505	0.00176	0.00420	0.00545	0.00516	0.00802
38	0.01616	0.01285	0.07194	0.01070	0.01441	0.01244	0.00922	0.43988	0.04496	0.08362	0.13282	0.04367	0.06815	0.00774	0.00553	0.00165	0.00502	0.00624	0.00519	0.00783
39	0.01181	0.01079	0.01072	0.03458	0.01220	0.16129	0.02610	0.09386	0.01379	0.04022	0.18273	0.27740	0.02598	0.02653	0.00691	0.00186	0.04416	0.00897	0.00447	0.00562
40	0.02684	0.00669	0.00817	0.00747	0.00941	0.00631	0.00570	0.04349	0.05523	0.15177	0.32397	0.15201	0.16024	0.01089	0.00601	0.00176	0.00322	0.00941	0.00556	0.00585
41	0.37826	0.02848	0.09499	0.02467	0.01184	0.01034	0.00744	0.01617	0.10702	0.03577	0.05025	0.01642	0.06010	0.00625	0.00421	0.00160	0.00421	0.00462	0.13122	0.00615
42	0.18176	0.16565	0.06709	0.03014	0.08013	0.05014	0.00939	0.07483	0.04609	0.17283	0.05263	0.01399	0.01102	0.01704	0.00484	0.00158	0.00530	0.00435	0.00394	0.00726

[dist]
# distance from previous block
# <min> <max>
2	12

[block]
# block no. 6 follows, 46 sequences, length 21
# corresponding to MSA columns:
# 374-394
name=unknown_G
#
# <colnr> <probs for GDERKNQSTAVLIFYWHMCP>
#	G	D	E	R	K	N	Q	S	T	A	V	L	I	F	Y	W	H	M	C	P
0	0.09064	0.05659	0.15142	0.08287	0.20448	0.01252	0.01244	0.07367	0.12435	0.04236	0.03706	0.01516	0.03000	0.00589	0.00521	0.00164	0.02127	0.00482	0.02012	0.00747
1	0.07794	0.03122	0.10089	0.01037	0.02572	0.00924	0.05205	0.05506	0.09096	0.10050	0.12214	0.04649	0.08648	0.04775	0.00671	0.00197	0.00483	0.11876	0.00451	0.00642
2	0.08579	0.01019	0.05207	0.66262	0.03235	0.01153	0.01375	0.01372	0.01062	0.01487	0.03750	0.01439	0.00849	0.00544	0.00513	0.00174	0.00665	0.00467	0.00255	0.00592
3	0.05690	0.01197	0.01883	0.17406	0.53655	0.03908	0.01480	0.01559	0.01171	0.01668	0.01052	0.01516	0.00900	0.00533	0.00522	0.00164	0.00635	0.04038	0.00271	0.00752
4	0.00643	0.00530	0.00560	0.00575	0.00730	0.00454	0.00426	0.00775	0.01177	0.01427	0.06503	0.12359	0.63554	0.04326	0.00710	0.00196	0.00288	0.03838	0.00486	0.00443
5	0.01840	0.01290	0.01404	0.01115	0.01489	0.01411	0.00908	0.52366	0.13126	0.09805	0.01549	0.03974	0.01148	0.00680	0.00526	0.00162	0.00518	0.00532	0.05305	0.00852
6	0.01308	0.01256	0.02146	0.03245	0.78123	0.01256	0.01622	0.01622	0.01204	0.01727	0.00994	0.01308	0.00837	0.00471	0.00523	0.00157	0.00628	0.00471	0.00262	0.00837
7	0.00828	0.00650	0.00694	0.00661	0.00825	0.00630	0.00483	0.05045	0.10347	0.01634	0.10590	0.06671	0.40450	0.14407	0.00944	0.00231	0.00342	0.00941	0.03122	0.00502
8	0.00755	0.00566	0.00850	0.00850	0.00944	0.00661	0.00661	0.00944	0.00850	0.01227	0.01416	0.02077	0.01322	0.03965	0.79326	0.00850	0.01416	0.00566	0.00283	0.00472
9	0.00998	0.00940	0.01586	0.80150	0.03641	0.01175	0.01468	0.01351	0.01057	0.01351	0.00940	0.01409	0.00705	0.00529	0.00529	0.00176	0.00705	0.00470	0.00235	0.00587
10	0.07931	0.00918	0.01195	0.00930	0.01328	0.00827	0.00766	0.02517	0.04672	0.70110	0.01997	0.01743	0.01272	0.00646	0.00518	0.00164	0.00446	0.00518	0.00627	0.00875
11	0.00644	0.00460	0.00613	0.00736	0.00767	0.00429	0.00491	0.00736	0.01012	0.01350	0.02914	0.81076	0.03497	0.01656	0.00675	0.00215	0.00307	0.01503	0.00491	0.00429
12	0.01235	0.00648	0.00863	0.00748	0.00958	0.00582	0.00582	0.01471	0.01501	0.25028	0.55119	0.03304	0.03884	0.00953	0.00596	0.00165	0.00310	0.00829	0.00604	0.00619
13	0.01545	0.07611	0.01568	0.06194	0.04455	0.05207	0.04928	0.25292	0.22453	0.04311	0.01454	0.01504	0.01093	0.00621	0.00530	0.00160	0.02214	0.00497	0.07585	0.00778
14	0.85155	0.01022	0.00777	0.00695	0.01022	0.01186	0.00573	0.01554	0.00900	0.02372	0.00736	0.00859	0.00573	0.00491	0.00327	0.00164	0.00409	0.00286	0.00327	0.00573
15	0.00684	0.00570	0.00655	0.00714	0.04828	0.00497	0.00489	0.00845	0.01244	0.01560	0.17605	0.09400	0.56508	0.01268	0.00622	0.00177	0.00286	0.01078	0.00495	0.00475
16	0.00674	0.00513	0.00622	0.00664	0.00773	0.00462	0.00482	0.00825	0.01203	0.01569	0.21220	0.32674	0.29424	0.01402	0.00649	0.00193	0.00290	0.05395	0.00512	0.00455
17	0.02963	0.23705	0.26815	0.01208	0.01681	0.05592	0.04858	0.02966	0.01161	0.06412	0.02503	0.01430	0.03555	0.00606	0.00582	0.00158	0.07943	0.02314	0.02852	0.00695
18	0.01400	0.12851	0.21053	0.03568	0.07962	0.18106	0.06527	0.04048	0.01257	0.04388	0.01119	0.01588	0.00958	0.00625	0.00579	0.00164	0.05274	0.07546	0.00292	0.00694
19	0.01467	0.74142	0.02648	0.00948	0.01383	0.09496	0.00916	0.01634	0.01115	0.01249	0.00743	0.00858	0.00679	0.00461	0.00352	0.00115	0.00603	0.00288	0.00231	0.00672
20	0.03256	0.02350	0.58741	0.01855	0.17101	0.01237	0.04796	0.01662	0.01133	0.01703	0.00957	0.01159	0.00705	0.00494	0.00507	0.00166	0.00746	0.00413	0.00235	0.00784

[dist]
# distance from previous block
# <min> <max>
0	25

[block]
# block no. 7 follows, 46 sequences, length 25
# corresponding to MSA columns:
# 420-444
name=unknown_H
#
# <colnr> <probs for GDERKNQSTAVLIFYWHMCP>
#	G	D	E	R	K	N	Q	S	T	A	V	L	I	F	Y	W	H	M	C	P
0	0.00792	0.04557	0.00786	0.00658	0.00811	0.00574	0.00504	0.01011	0.01410	0.03452	0.58187	0.03945	0.17546	0.02682	0.00649	0.00173	0.00277	0.00939	0.00545	0.00503
1	0.00931	0.00760	0.02563	0.00804	0.00991	0.00730	0.01971	0.08646	0.10454	0.01933	0.29688	0.11268	0.15806	0.07614	0.00778	0.00205	0.00364	0.03427	0.00509	0.00558
2	0.00799	0.00566	0.00636	0.00602	0.00785	0.00487	0.00457	0.00968	0.01306	0.07872	0.23887	0.04525	0.52772	0.01216	0.00617	0.00174	0.00278	0.01027	0.00528	0.00497
3	0.01408	0.27011	0.06372	0.01841	0.27662	0.10946	0.02607	0.01848	0.12370	0.01589	0.01060	0.01209	0.00872	0.00511	0.00462	0.00145	0.00630	0.00413	0.00290	0.00754
4	0.01184	0.01408	0.06976	0.02038	0.04651	0.01270	0.60078	0.01593	0.01214	0.01651	0.01390	0.01690	0.07059	0.00546	0.00670	0.00180	0.04792	0.00639	0.00281	0.00692
5	0.01255	0.00935	0.01112	0.00803	0.01265	0.00714	0.00645	0.01486	0.01148	0.11260	0.01082	0.01184	0.00848	0.00424	0.00409	0.00089	0.00399	0.00340	0.00356	0.74247
6	0.00625	0.00533	0.00538	0.00542	0.00716	0.00446	0.00404	0.00758	0.01199	0.01426	0.05278	0.07501	0.75545	0.01349	0.00626	0.00180	0.00269	0.01128	0.00491	0.00446
7	0.85155	0.01022	0.00777	0.00695	0.01022	0.01186	0.00573	0.01554	0.00900	0.02372	0.00736	0.00859	0.00573	0.00491	0.00327	0.00164	0.00409	0.00286	0.00327	0.00573
8	0.00914	0.00759	0.01039	0.08993	0.11319	0.00788	0.00812	0.01344	0.13834	0.01744	0.19997	0.20643	0.08731	0.01061	0.00605	0.00185	0.00402	0.05776	0.00464	0.00588
9	0.00874	0.00577	0.00754	0.00738	0.00885	0.00534	0.00582	0.01101	0.01392	0.07592	0.46582	0.07398	0.11603	0.01176	0.00641	0.00185	0.00317	0.15998	0.00555	0.00518
10	0.01154	0.01128	0.01859	0.26982	0.24138	0.01305	0.07651	0.01435	0.01052	0.01485	0.00902	0.01300	0.00752	0.00603	0.00845	0.00180	0.21651	0.00473	0.00248	0.04856
11	0.00755	0.00566	0.00850	0.00850	0.00944	0.00661	0.00661	0.00944	0.00850	0.01227	0.01416	0.02077	0.01322	0.03965	0.79326	0.00850	0.01416	0.00566	0.00283	0.00472
12	0.01229	0.01029	0.01220	0.00883	0.01348	0.00853	0.02748	0.11874	0.01295	0.01948	0.00989	0.01130	0.00800	0.00427	0.00417	0.00092	0.00432	0.00345	0.00342	0.70597
13	0.82121	0.01003	0.00767	0.00688	0.01008	0.01161	0.00565	0.01542	0.00907	0.02357	0.00772	0.00899	0.00601	0.00495	0.00329	0.00162	0.00403	0.00294	0.03356	0.00570
14	0.00748	0.00540	0.00707	0.00665	0.00790	0.00499	0.00499	0.00998	0.01496	0.02120	0.77844	0.03949	0.04988	0.01081	0.00624	0.00166	0.00249	0.00956	0.00582	0.00499
15	0.02258	0.00921	0.01265	0.06843	0.01529	0.00833	0.00836	0.04788	0.01510	0.70404	0.01975	0.01754	0.01251	0.00644	0.00531	0.00164	0.00473	0.00525	0.00619	0.00876
16	0.18570	0.01486	0.11929	0.02221	0.40154	0.05509	0.04348	0.04839	0.01194	0.01887	0.00934	0.01171	0.00750	0.00499	0.00509	0.00161	0.02381	0.00421	0.00282	0.00755
17	0.85155	0.01022	0.00777	0.00695	0.01022	0.01186	0.00573	0.01554	0.00900	0.02372	0.00736	0.00859	0.00573	0.00491	0.00327	0.00164	0.00409	0.00286	0.00327	0.00573
18	0.00643	0.00463	0.00610	0.00728	0.00765	0.00430	0.00487	0.00737	0.01020	0.01353	0.03018	0.77820	0.06685	0.01643	0.00673	0.00213	0.00305	0.01486	0.00491	0.00430
19	0.00854	0.00725	0.00902	0.00891	0.01000	0.07053	0.00690	0.01039	0.00902	0.01233	0.01367	0.01986	0.01270	0.03687	0.72916	0.00792	0.01378	0.00548	0.00282	0.00483
20	0.00900	0.00584	0.00775	0.00748	0.00897	0.00543	0.00592	0.01141	0.01432	0.08292	0.54098	0.04218	0.06367	0.01131	0.00638	0.00182	0.00315	0.16055	0.00566	0.00528
21	0.02372	0.00900	0.01227	0.00941	0.01350	0.00777	0.00777	0.02576	0.01513	0.78489	0.02086	0.01799	0.01309	0.00654	0.00532	0.00164	0.00450	0.00532	0.00654	0.00900
22	0.01668	0.01215	0.01307	0.01051	0.01388	0.01334	0.00851	0.50874	0.10120	0.02887	0.07168	0.03912	0.01413	0.00703	0.00520	0.00158	0.00488	0.00556	0.11591	0.00796
23	0.01512	0.01353	0.10449	0.01080	0.01568	0.01120	0.03462	0.27743	0.01621	0.07991	0.01146	0.01223	0.00850	0.00511	0.00471	0.00127	0.00525	0.00406	0.00402	0.36442
24	0.01725	0.01461	0.08428	0.01321	0.07288	0.01431	0.01069	0.51044	0.07007	0.04982	0.01633	0.01630	0.07192	0.00674	0.00535	0.00162	0.00563	0.00529	0.00483	0.00843

[dist]
# distance from previous block
# <min> <max>
0	17

[block]
# block no. 8 follows, 46 sequences, length 22
# corresponding to MSA columns:
# 462-483
name=unknown_I
#
# <colnr> <probs for GDERKNQSTAVLIFYWHMCP>
#	G	D	E	R	K	N	Q	S	T	A	V	L	I	F	Y	W	H	M	C	P
0	0.85155	0.01022	0.00777	0.00695	0.01022	0.01186	0.00573	0.01554	0.00900	0.02372	0.00736	0.00859	0.00573	0.00491	0.00327	0.00164	0.00409	0.00286	0.00327	0.00573
1	0.01308	0.01256	0.02146	0.03245	0.78123	0.01256	0.01622	0.01622	0.01204	0.01727	0.00994	0.01308	0.00837	0.00471	0.00523	0.00157	0.00628	0.00471	0.00262	0.00837
2	0.01085	0.00938	0.01145	0.00828	0.01285	0.00715	0.03069	0.01322	0.01098	0.01709	0.01014	0.03934	0.00880	0.00438	0.00409	0.00086	0.00405	0.00365	0.00318	0.78957
3	0.02317	0.00988	0.01281	0.00982	0.01393	0.00908	0.00812	0.13768	0.01661	0.67090	0.01962	0.01719	0.01247	0.00651	0.00531	0.00163	0.00470	0.00523	0.00635	0.00900
4	0.00807	0.00679	0.04091	0.00870	0.00974	0.00622	0.02715	0.03444	0.01087	0.01479	0.04864	0.45835	0.02837	0.07341	0.00887	0.02004	0.04129	0.12130	0.02732	0.00475
5	0.02010	0.01481	0.01587	0.01216	0.01639	0.01639	0.01005	0.76360	0.02486	0.03332	0.01269	0.01269	0.00899	0.00635	0.00529	0.00159	0.00582	0.00476	0.00529	0.00899
6	0.01359	0.01288	0.01934	0.07870	0.57048	0.05863	0.01453	0.08491	0.01347	0.01848	0.05551	0.01447	0.01071	0.00530	0.00527	0.00158	0.00626	0.00492	0.00304	0.00793
7	0.00748	0.00540	0.00707	0.00665	0.00790	0.00499	0.00499	0.00998	0.01496	0.02120	0.77844	0.03949	0.04988	0.01081	0.00624	0.00166	0.00249	0.00956	0.00582	0.00499
8	0.04135	0.06212	0.08788	0.13742	0.06392	0.03235	0.05134	0.06583	0.06866	0.06950	0.06078	0.04383	0.02973	0.02396	0.01932	0.00183	0.03571	0.00552	0.09232	0.00663
9	0.00763	0.00568	0.00714	0.00672	0.00810	0.00532	0.00506	0.01060	0.04996	0.02060	0.67581	0.03963	0.11607	0.01088	0.00620	0.00168	0.00259	0.00954	0.00571	0.00510
10	0.00648	0.00463	0.00617	0.00733	0.00768	0.00432	0.00491	0.00747	0.01031	0.01380	0.05902	0.78000	0.03556	0.01633	0.00673	0.00213	0.00304	0.01481	0.00494	0.00432
11	0.01092	0.04432	0.63017	0.01633	0.08828	0.01218	0.04957	0.01619	0.01107	0.01631	0.00951	0.01164	0.00702	0.00562	0.00583	0.04360	0.00751	0.00408	0.00229	0.00753
12	0.01014	0.00956	0.01614	0.76250	0.07419	0.01179	0.01476	0.01364	0.01065	0.01370	0.00942	0.01404	0.00711	0.00526	0.00528	0.00175	0.00701	0.00470	0.00236	0.00600
13	0.03344	0.52559	0.02159	0.00963	0.01315	0.16711	0.00858	0.01559	0.01143	0.01295	0.01074	0.12751	0.01094	0.00649	0.00415	0.00134	0.00598	0.00475	0.00277	0.00626
14	0.01127	0.00949	0.08685	0.05824	0.06926	0.00786	0.00850	0.04672	0.04856	0.12800	0.18493	0.09362	0.14561	0.04340	0.00672	0.00189	0.00436	0.03375	0.00471	0.00626
15	0.01096	0.01559	0.21870	0.05032	0.06490	0.01196	0.28079	0.01487	0.01144	0.01616	0.05076	0.05501	0.04568	0.00656	0.00722	0.00180	0.10781	0.00605	0.00287	0.02054
16	0.13659	0.01630	0.14435	0.14817	0.11055	0.15051	0.10296	0.02945	0.01183	0.01671	0.00985	0.01368	0.00804	0.00564	0.00559	0.00169	0.04315	0.03552	0.00276	0.00667
17	0.01897	0.08044	0.03708	0.01370	0.03297	0.67355	0.01051	0.04612	0.01485	0.01380	0.00834	0.00969	0.00691	0.00539	0.00471	0.00137	0.00901	0.00345	0.00276	0.00637
18	0.01303	0.01191	0.04212	0.04083	0.01637	0.04327	0.16974	0.14560	0.01324	0.01929	0.01175	0.01453	0.00931	0.00645	0.00783	0.00170	0.19146	0.00500	0.23007	0.00649
19	0.01355	0.01125	0.01200	0.01074	0.01375	0.01289	0.00842	0.05635	0.69651	0.04267	0.02137	0.02075	0.01626	0.00737	0.00544	0.00180	0.00428	0.03090	0.00539	0.00829
20	0.00656	0.00478	0.00619	0.00708	0.00765	0.00440	0.00484	0.00773	0.01094	0.01459	0.13062	0.63825	0.10586	0.01551	0.00663	0.00205	0.00296	0.01395	0.00503	0.00440
21	0.00743	0.00540	0.00699	0.00659	0.00786	0.00496	0.00494	0.00987	0.01483	0.02089	0.74576	0.04000	0.08275	0.01092	0.00624	0.00167	0.00250	0.00963	0.00578	0.00496

[dist]
# distance from previous block
# <min> <max>
0	1

[block]
# block no. 9 follows, 46 sequences, length 24
# corresponding to MSA columns:
# 485-508
name=unknown_J
#
# <colnr> <probs for GDERKNQSTAVLIFYWHMCP>
#	G	D	E	R	K	N	Q	S	T	A	V	L	I	F	Y	W	H	M	C	P
