[name]
unknown

[dist]
# distance from previous block
# <min> <max>
25	133

[block]
# block no. 0 follows, 44 sequences, length 13
# corresponding to MSA columns:
# 157-169
name=unknown_A
#
# <colnr> <probs for GDERKNQSTAVLIFYWHMCP>
#	G	D	E	R	K	N	Q	S	T	A	V	L	I	F	Y	W	H	M	C	P
0	0.10398	0.08606	0.05288	0.11080	0.05233	0.03014	0.00983	0.20522	0.05971	0.06966	0.01815	0.01871	0.11307	0.00695	0.00510	0.00165	0.00540	0.00544	0.03762	0.00729
1	0.04795	0.04906	0.01043	0.02762	0.01158	0.07791	0.00686	0.01661	0.14617	0.10451	0.19336	0.06665	0.15280	0.01006	0.02409	0.00188	0.00445	0.00768	0.03400	0.00634
2	0.11503	0.01038	0.01367	0.16687	0.05680	0.01191	0.02913	0.08094	0.10906	0.08655	0.03275	0.01742	0.05531	0.00805	0.00827	0.06686	0.11508	0.00538	0.00384	0.00670
3	0.01374	0.10470	0.01492	0.18163	0.01875	0.01157	0.00940	0.11957	0.05781	0.08886	0.01345	0.07976	0.01129	0.00631	0.00495	0.00145	0.00523	0.00519	0.00387	0.24756
4	0.01351	0.42578	0.13485	0.01007	0.01439	0.01585	0.01005	0.04677	0.06246	0.05350	0.01305	0.10515	0.01188	0.00667	0.00449	0.00147	0.00550	0.00512	0.05238	0.00706
5	0.01440	0.01090	0.01381	0.03754	0.01540	0.01008	0.06186	0.18890	0.01500	0.08033	0.01218	0.01359	0.00933	0.00656	0.03663	0.00153	0.00537	0.00430	0.05307	0.40921
6	0.00951	0.00755	0.09815	0.00800	0.00895	0.00572	0.00643	0.00837	0.00769	0.01049	0.01018	0.01765	0.01007	0.08643	0.01997	0.66919	0.00517	0.00493	0.00244	0.00312
7	0.01602	0.01276	0.01509	0.01494	0.12894	0.01403	0.01060	0.33279	0.25047	0.02618	0.01734	0.02110	0.01406	0.00756	0.00572	0.00180	0.00543	0.09169	0.00502	0.00848
8	0.00744	0.00558	0.00735	0.04716	0.00980	0.00519	0.00559	0.00861	0.01036	0.01408	0.02580	0.61866	0.03029	0.07635	0.00817	0.00228	0.00363	0.01303	0.00459	0.09606
9	0.01871	0.01370	0.01623	0.11983	0.05743	0.01524	0.01114	0.51337	0.04734	0.08729	0.01327	0.01395	0.00949	0.00645	0.00584	0.00169	0.03045	0.00498	0.00491	0.00868
10	0.03116	0.44452	0.11179	0.01051	0.01506	0.01779	0.01027	0.13799	0.08866	0.01796	0.01078	0.01257	0.00908	0.05398	0.00569	0.00164	0.00590	0.00400	0.00324	0.00741
11	0.65810	0.01098	0.00946	0.00802	0.01163	0.01229	0.00660	0.10397	0.01174	0.07998	0.00933	0.01015	0.00693	0.00532	0.00380	0.00165	0.00445	0.00338	0.00386	0.03837
12	0.01726	0.30116	0.01980	0.06840	0.01691	0.31410	0.01012	0.07504	0.04634	0.05307	0.01022	0.02601	0.00848	0.00569	0.00459	0.00142	0.00732	0.00394	0.00317	0.00697

[dist]
# distance from previous block
# <min> <max>
12	27

[block]
# block no. 1 follows, 44 sequences, length 22
# corresponding to MSA columns:
# 202-223
name=unknown_B
#
# <colnr> <probs for GDERKNQSTAVLIFYWHMCP>
#	G	D	E	R	K	N	Q	S	T	A	V	L	I	F	Y	W	H	M	C	P
0	0.01935	0.00822	0.01105	0.00897	0.01235	0.00735	0.00729	0.02133	0.01409	0.55224	0.02509	0.02370	0.11850	0.01309	0.12838	0.00282	0.00594	0.00637	0.00591	0.00794
1	0.01030	0.00969	0.01635	0.79530	0.03755	0.01211	0.01514	0.01393	0.01090	0.01393	0.00969	0.01453	0.00727	0.00545	0.00545	0.00182	0.00727	0.00484	0.00242	0.00606
2	0.01089	0.12067	0.01804	0.68654	0.03429	0.01342	0.01434	0.01426	0.01093	0.01378	0.00940	0.01373	0.00723	0.00534	0.00518	0.00173	0.00707	0.00458	0.00241	0.00619
3	0.00663	0.00524	0.00598	0.00640	0.00763	0.00459	0.00457	0.00796	0.01197	0.01508	0.11094	0.32772	0.43647	0.01477	0.00663	0.00197	0.00289	0.01282	0.00515	0.00459
4	0.00648	0.00538	0.00567	0.00589	0.00746	0.00457	0.00430	0.00778	0.01207	0.01458	0.05077	0.18570	0.64183	0.01439	0.00653	0.00191	0.00283	0.01221	0.00506	0.00457
5	0.01326	0.01336	0.02209	0.04359	0.47865	0.03956	0.11764	0.01622	0.01173	0.01660	0.00967	0.01325	0.00821	0.00579	0.00802	0.00180	0.16513	0.00501	0.00264	0.00779
6	0.07625	0.13872	0.11224	0.12208	0.11303	0.03239	0.01185	0.04084	0.01295	0.21079	0.01374	0.01693	0.01062	0.00625	0.00510	0.00167	0.00602	0.05702	0.00389	0.00761
7	0.01207	0.01431	0.13939	0.27388	0.42117	0.01264	0.01676	0.01592	0.01179	0.01649	0.01000	0.01351	0.00793	0.00510	0.00538	0.00170	0.00698	0.00472	0.00255	0.00772
8	0.02044	0.01144	0.08417	0.11989	0.01911	0.00942	0.06367	0.02332	0.01439	0.54883	0.01806	0.01708	0.01166	0.00627	0.00552	0.00172	0.00564	0.00533	0.00546	0.00858
9	0.01361	0.01646	0.18339	0.11766	0.04670	0.02464	0.33716	0.08438	0.01364	0.07013	0.01191	0.03387	0.00899	0.00549	0.00585	0.00178	0.00789	0.00566	0.00319	0.00759
10	0.00854	0.00621	0.00961	0.13200	0.01355	0.00721	0.00769	0.00984	0.00875	0.01219	0.01275	0.01932	0.01176	0.03071	0.50317	0.18263	0.01138	0.00545	0.00273	0.00453
11	0.00823	0.01227	0.24033	0.01070	0.01359	0.00734	0.04482	0.01097	0.01087	0.01509	0.02306	0.52907	0.02598	0.01291	0.00640	0.00205	0.00492	0.01162	0.00412	0.00566
12	0.03352	0.01296	0.01698	0.28032	0.12858	0.01464	0.01277	0.38707	0.01847	0.02494	0.01143	0.01355	0.00843	0.00591	0.00540	0.00170	0.00646	0.00484	0.00400	0.00802
13	0.01393	0.00934	0.01431	0.26007	0.07554	0.00977	0.05343	0.01778	0.07549	0.21390	0.08932	0.07619	0.05196	0.00761	0.00577	0.00179	0.00545	0.00675	0.00449	0.00710
14	0.00732	0.00843	0.12791	0.00884	0.01037	0.00572	0.00743	0.00911	0.01061	0.01444	0.02686	0.68019	0.03148	0.01521	0.00668	0.00214	0.00393	0.01370	0.00463	0.00500
15	0.01030	0.00969	0.01635	0.79530	0.03755	0.01211	0.01514	0.01393	0.01090	0.01393	0.00969	0.01453	0.00727	0.00545	0.00545	0.00182	0.00727	0.00484	0.00242	0.00606
16	0.01076	0.01017	0.01720	0.68385	0.14534	0.01224	0.01537	0.01434	0.01112	0.01450	0.00977	0.01438	0.00747	0.00536	0.00544	0.00179	0.00715	0.00485	0.00246	0.00643
17	0.10680	0.07612	0.01542	0.01218	0.01545	0.38988	0.00967	0.12592	0.01557	0.12330	0.01068	0.01144	0.00813	0.00600	0.00553	0.00154	0.05154	0.00395	0.00373	0.00714
18	0.08846	0.01407	0.02853	0.02127	0.05076	0.01383	0.60876	0.01700	0.01220	0.01780	0.01041	0.01394	0.00799	0.00500	0.00694	0.00186	0.06528	0.00595	0.00278	0.00716
19	0.65518	0.00997	0.00840	0.00727	0.01065	0.01090	0.00591	0.01519	0.01012	0.02330	0.07716	0.01209	0.01033	0.00547	0.00374	0.00157	0.00404	0.00362	0.00359	0.12150
20	0.01555	0.01187	0.01572	0.01154	0.01628	0.01089	0.11123	0.21895	0.01592	0.10592	0.01211	0.01306	0.00903	0.00510	0.00492	0.00127	0.00535	0.00438	0.00416	0.40677
21	0.18593	0.01148	0.01748	0.13484	0.04009	0.02517	0.18827	0.01842	0.02704	0.19219	0.01269	0.02910	0.00941	0.00608	0.00641	0.00181	0.07743	0.00518	0.00381	0.00716

[dist]
# distance from previous block
# <min> <max>
0	2

[block]
# block no. 2 follows, 44 sequences, length 21
# corresponding to MSA columns:
# 226-246
name=unknown_C
#
# <colnr> <probs for GDERKNQSTAVLIFYWHMCP>
#	G	D	E	R	K	N	Q	S	T	A	V	L	I	F	Y	W	H	M	C	P
0	0.01081	0.01292	0.14543	0.01451	0.01820	0.01031	0.22835	0.01514	0.05425	0.03079	0.11114	0.06785	0.02080	0.00909	0.00707	0.00201	0.04925	0.18162	0.00394	0.00652
1	0.01430	0.01191	0.05460	0.01070	0.01429	0.01194	0.00883	0.02592	0.53710	0.11565	0.02166	0.02013	0.04452	0.00716	0.00543	0.00173	0.00448	0.00592	0.00530	0.07842
2	0.01116	0.00969	0.01201	0.11779	0.01635	0.00794	0.00767	0.01376	0.01125	0.01723	0.00969	0.01176	0.00796	0.00423	0.00423	0.00095	0.00449	0.00346	0.00312	0.72527
3	0.01211	0.01154	0.01963	0.36351	0.45518	0.01259	0.01604	0.01552	0.01176	0.01613	0.01001	0.01394	0.00804	0.00511	0.00542	0.00170	0.00682	0.00485	0.00258	0.00752
4	0.00947	0.00473	0.00710	0.00710	0.00710	0.00473	0.00473	0.00710	0.00710	0.00947	0.00947	0.01657	0.00947	0.01894	0.02131	0.84138	0.00473	0.00473	0.00237	0.00237
5	0.00752	0.00630	0.00664	0.00642	0.00833	0.00580	0.00485	0.01083	0.10637	0.01682	0.16076	0.04668	0.56795	0.01260	0.00633	0.00182	0.00293	0.01059	0.00527	0.00519
6	0.01267	0.01169	0.01906	0.37205	0.38166	0.01291	0.01549	0.07753	0.01285	0.01747	0.01024	0.01392	0.00808	0.00526	0.00543	0.00171	0.00679	0.00486	0.00281	0.00754
7	0.00984	0.00908	0.01511	0.69739	0.03386	0.01116	0.01389	0.01314	0.01084	0.01393	0.01222	0.11277	0.01085	0.00690	0.00564	0.00187	0.00676	0.00617	0.00275	0.00585
8	0.01422	0.01204	0.01270	0.01123	0.01443	0.01387	0.00879	0.09644	0.69599	0.02388	0.02135	0.01967	0.01596	0.00732	0.00554	0.00183	0.00447	0.00605	0.00554	0.00869
9	0.01144	0.04903	0.04974	0.00850	0.01349	0.00822	0.00727	0.01402	0.01130	0.01750	0.00959	0.01119	0.00797	0.00412	0.00407	0.00087	0.00432	0.00325	0.00314	0.76096
10	0.05260	0.05378	0.67938	0.01463	0.02216	0.01273	0.01849	0.01762	0.01158	0.05392	0.01016	0.01162	0.00718	0.00523	0.00505	0.00170	0.00763	0.00401	0.00257	0.00797
11	0.01287	0.01471	0.03217	0.02298	0.02849	0.01379	0.75460	0.01746	0.01287	0.01746	0.01103	0.01471	0.00827	0.00460	0.00643	0.00184	0.00919	0.00643	0.00276	0.00735
12	0.00879	0.00628	0.00879	0.01004	0.01130	0.00628	0.00879	0.01130	0.01255	0.01632	0.02887	0.06150	0.03138	0.01506	0.00753	0.00251	0.00502	0.73770	0.00502	0.00502
13	0.01429	0.00851	0.03399	0.01179	0.11734	0.00740	0.00816	0.01682	0.01470	0.28019	0.34135	0.05575	0.04873	0.00886	0.00594	0.00171	0.00401	0.00773	0.00563	0.00710
14	0.01201	0.01417	0.11781	0.21729	0.07583	0.01242	0.33982	0.03029	0.01257	0.03404	0.05334	0.03232	0.01099	0.00561	0.00593	0.00180	0.00773	0.00596	0.00298	0.00709
15	0.00773	0.00571	0.00830	0.00838	0.00920	0.00650	0.00632	0.00940	0.00877	0.01250	0.01585	0.07170	0.01570	0.12379	0.65486	0.00797	0.01287	0.00667	0.00310	0.00467
16	0.00741	0.00583	0.00764	0.00809	0.00867	0.00606	0.00582	0.00864	0.01103	0.01489	0.12130	0.52353	0.12129	0.01503	0.00819	0.00213	0.10189	0.01300	0.00484	0.00473
17	0.01397	0.04101	0.42756	0.01624	0.04446	0.01297	0.14852	0.08032	0.01339	0.11312	0.01164	0.01309	0.00823	0.00547	0.00573	0.00173	0.02650	0.00473	0.00321	0.00813
18	0.04077	0.68675	0.02644	0.00988	0.01392	0.02067	0.00954	0.01592	0.01068	0.01323	0.00753	0.00914	0.00698	0.00528	0.00528	0.00133	0.10429	0.00315	0.00237	0.00683
19	0.19708	0.54307	0.04923	0.00947	0.01381	0.08340	0.00906	0.01675	0.01107	0.01557	0.00773	0.00896	0.00676	0.00485	0.00365	0.00132	0.00589	0.00301	0.00260	0.00674
20	0.11455	0.01007	0.01580	0.63342	0.09602	0.01220	0.01413	0.01442	0.01083	0.01556	0.00948	0.01374	0.00721	0.00535	0.00519	0.00178	0.00682	0.00461	0.00256	0.00625

[dist]
# distance from previous block
# <min> <max>
1	5

[block]
# block no. 3 follows, 44 sequences, length 19
# corresponding to MSA columns:
# 252-270
name=unknown_D
#
# <colnr> <probs for GDERKNQSTAVLIFYWHMCP>
#	G	D	E	R	K	N	Q	S	T	A	V	L	I	F	Y	W	H	M	C	P
0	0.64155	0.01079	0.01035	0.01098	0.11873	0.01181	0.00749	0.01588	0.00993	0.02282	0.00819	0.00977	0.00652	0.00492	0.00373	0.00159	0.00452	0.00325	0.00326	0.09391
1	0.01185	0.01306	0.06233	0.08721	0.01972	0.03764	0.16919	0.01442	0.01037	0.01469	0.01067	0.01786	0.00992	0.00834	0.01213	0.00216	0.40751	0.08188	0.00275	0.00630
2	0.00825	0.00631	0.00918	0.20153	0.01560	0.00662	0.00785	0.01017	0.01138	0.03481	0.08928	0.42754	0.07007	0.01311	0.00652	0.00206	0.00428	0.06583	0.00453	0.00507
3	0.00867	0.00714	0.01046	0.00995	0.01071	0.00893	0.00791	0.01046	0.00867	0.01276	0.01301	0.01939	0.01225	0.03419	0.62245	0.00740	0.18214	0.00561	0.00281	0.00510
4	0.64226	0.01194	0.01032	0.01068	0.09131	0.06547	0.00755	0.01744	0.06499	0.02288	0.00899	0.01024	0.00705	0.00525	0.00385	0.00167	0.00485	0.00342	0.00342	0.00642
5	0.01287	0.01179	0.01904	0.35940	0.37763	0.01301	0.01538	0.09304	0.01315	0.01787	0.01031	0.01390	0.00811	0.00529	0.00543	0.00171	0.00677	0.00486	0.00287	0.00759
6	0.01159	0.01137	0.01573	0.01349	0.01386	0.01533	0.01115	0.01286	0.00868	0.01350	0.00861	0.05576	0.00882	0.00956	0.01628	0.00226	0.69661	0.00525	0.00259	0.06670
7	0.00772	0.00557	0.00729	0.00686	0.00814	0.00514	0.00514	0.01029	0.01543	0.02186	0.77152	0.04072	0.05144	0.01115	0.00643	0.00171	0.00257	0.00986	0.00600	0.00514
8	0.00934	0.00982	0.14479	0.00854	0.01123	0.00663	0.00795	0.01243	0.01445	0.07227	0.52534	0.05527	0.08027	0.01009	0.00616	0.00174	0.00371	0.00877	0.00532	0.00590
9	0.02407	0.00991	0.01304	0.01000	0.01423	0.00895	0.00826	0.10305	0.01666	0.70020	0.02063	0.01798	0.01305	0.00673	0.00548	0.00168	0.00478	0.00542	0.00661	0.00928
10	0.02446	0.00928	0.01265	0.00970	0.01392	0.00801	0.00801	0.02657	0.01560	0.77817	0.02151	0.01856	0.01350	0.00675	0.00548	0.00169	0.00464	0.00548	0.00675	0.00928
11	0.00837	0.00591	0.00639	0.00605	0.00809	0.00499	0.00461	0.00992	0.01298	0.09291	0.10773	0.04810	0.63876	0.01288	0.00634	0.00182	0.00294	0.01076	0.00531	0.00512
12	0.01537	0.01130	0.01873	0.21845	0.37400	0.01156	0.04214	0.01848	0.01284	0.20397	0.01291	0.01505	0.00947	0.00546	0.00547	0.00169	0.00633	0.00507	0.00363	0.00810
13	0.01561	0.00970	0.01310	0.13294	0.08034	0.01017	0.00962	0.02120	0.19753	0.27156	0.05552	0.07398	0.04519	0.00782	0.00604	0.00181	0.02840	0.00660	0.00510	0.00776
14	0.00914	0.00589	0.00774	0.00710	0.00864	0.00539	0.00539	0.01168	0.01545	0.08629	0.70763	0.03884	0.04821	0.01077	0.00635	0.00171	0.00275	0.00949	0.00606	0.00550
15	0.01030	0.00969	0.01635	0.79530	0.03755	0.01211	0.01514	0.01393	0.01090	0.01393	0.00969	0.01453	0.00727	0.00545	0.00545	0.00182	0.00727	0.00484	0.00242	0.00606
16	0.20185	0.01264	0.01579	0.01247	0.03104	0.03061	0.11401	0.24915	0.01688	0.24190	0.01384	0.01389	0.00954	0.00595	0.00513	0.00168	0.00577	0.00483	0.00487	0.00818
17	0.00859	0.00661	0.00811	0.00879	0.00990	0.00685	0.00648	0.01316	0.18687	0.01637	0.02803	0.50528	0.03079	0.01450	0.00672	0.00218	0.00372	0.12637	0.00517	0.00550
18	0.07099	0.03390	0.01451	0.01085	0.01509	0.01272	0.00900	0.36092	0.01972	0.37116	0.01644	0.01521	0.01093	0.00650	0.00529	0.00165	0.00527	0.00500	0.00583	0.00901

[dist]
# distance from previous block
# <min> <max>
4	10

[block]
# block no. 4 follows, 44 sequences, length 26
# corresponding to MSA columns:
# 281-306
name=unknown_E
#
# <colnr> <probs for GDERKNQSTAVLIFYWHMCP>
#	G	D	E	R	K	N	Q	S	T	A	V	L	I	F	Y	W	H	M	C	P
0	0.00822	0.00604	0.00800	0.00879	0.01015	0.00582	0.00745	0.01055	0.01296	0.01686	0.14347	0.05686	0.16179	0.01426	0.00718	0.00228	0.00427	0.50490	0.00517	0.00497
1	0.01030	0.00969	0.01635	0.79530	0.03755	0.01211	0.01514	0.01393	0.01090	0.01393	0.00969	0.01453	0.00727	0.00545	0.00545	0.00182	0.00727	0.00484	0.00242	0.00606
2	0.01018	0.01535	0.27947	0.11187	0.08106	0.01016	0.06385	0.01455	0.03333	0.01707	0.10336	0.07963	0.03199	0.02276	0.00633	0.00194	0.00628	0.10062	0.00351	0.00669
3	0.01139	0.00765	0.05388	0.00800	0.01026	0.00616	0.00663	0.01402	0.01505	0.18047	0.54093	0.06309	0.04025	0.01009	0.00618	0.00173	0.00335	0.00881	0.00591	0.00616
4	0.00860	0.00614	0.00857	0.00983	0.01100	0.00612	0.00846	0.01098	0.01237	0.01611	0.02897	0.12540	0.03178	0.01523	0.00748	0.00248	0.00486	0.67562	0.00502	0.00497
5	0.24160	0.01070	0.01227	0.03898	0.05116	0.01108	0.00834	0.16817	0.01550	0.30026	0.06078	0.01585	0.01247	0.00638	0.00493	0.00167	0.00482	0.00489	0.02223	0.00789
6	0.12987	0.01354	0.01425	0.01094	0.01527	0.01439	0.00900	0.51106	0.02062	0.02977	0.01168	0.01217	0.00858	0.00585	0.00490	0.00148	0.00537	0.00432	0.00474	0.17220
7	0.00806	0.00524	0.00605	0.00605	0.00605	0.00524	0.00343	0.00786	0.00786	0.01048	0.01651	0.03403	0.01893	0.74023	0.02719	0.07749	0.00524	0.00765	0.00322	0.00322
8	0.00764	0.00557	0.00718	0.00678	0.00810	0.00511	0.00508	0.01014	0.01525	0.02143	0.72783	0.04144	0.09540	0.01131	0.00643	0.00172	0.00258	0.00996	0.00594	0.00511
9	0.32476	0.01085	0.02727	0.01033	0.04995	0.01123	0.00806	0.07097	0.13297	0.21766	0.02861	0.01647	0.01186	0.00646	0.00476	0.00173	0.00462	0.03118	0.02271	0.00755
10	0.01275	0.05117	0.02088	0.18265	0.56964	0.01299	0.01573	0.01598	0.01213	0.01691	0.03128	0.01423	0.00948	0.00514	0.00534	0.00164	0.00649	0.00490	0.00272	0.00795
11	0.00670	0.00477	0.00631	0.00751	0.00781	0.00447	0.00498	0.00761	0.01032	0.01376	0.02943	0.76766	0.03527	0.05533	0.00796	0.00236	0.00327	0.01513	0.00498	0.00437
12	0.05769	0.01372	0.01399	0.01164	0.01529	0.04299	0.00932	0.34503	0.37840	0.02758	0.01701	0.01624	0.01256	0.00685	0.00538	0.00173	0.00524	0.00536	0.00530	0.00869
13	0.00793	0.00529	0.00595	0.00595	0.00595	0.00529	0.00330	0.00793	0.00793	0.01057	0.01718	0.03568	0.01982	0.80840	0.02775	0.00529	0.00529	0.00793	0.00330	0.00330
14	0.01069	0.01009	0.01707	0.70098	0.12877	0.01222	0.01534	0.01428	0.01109	0.01441	0.00976	0.01441	0.00744	0.00538	0.00544	0.00179	0.00717	0.00485	0.00246	0.00638
15	0.01156	0.16250	0.65132	0.01447	0.02195	0.01419	0.01829	0.01710	0.01144	0.01650	0.00941	0.01104	0.00692	0.00509	0.00489	0.00163	0.00768	0.00384	0.00231	0.00788
16	0.00860	0.00614	0.00857	0.00983	0.01100	0.00612	0.00846	0.01098	0.01237	0.01611	0.02897	0.12569	0.03178	0.01523	0.00748	0.00248	0.00486	0.67533	0.00502	0.00497
17	0.01016	0.00508	0.00508	0.00508	0.00635	0.00508	0.00381	0.01270	0.01143	0.02033	0.01778	0.02033	0.01397	0.00635	0.00381	0.00127	0.00254	0.00508	0.83867	0.00508
18	0.00888	0.00698	0.00812	0.00759	0.00933	0.00701	0.00571	0.01413	0.18829	0.02047	0.45203	0.03766	0.15679	0.04426	0.00712	0.00192	0.00312	0.00918	0.00563	0.00579
19	0.00772	0.00557	0.00729	0.00686	0.00814	0.00514	0.00514	0.01029	0.01543	0.02186	0.77152	0.04072	0.05144	0.01115	0.00643	0.00171	0.00257	0.00986	0.00600	0.00514
20	0.00664	0.00474	0.00633	0.00759	0.00791	0.00443	0.00506	0.00759	0.01044	0.01392	0.03005	0.80485	0.03606	0.01708	0.00696	0.00221	0.00316	0.01550	0.00506	0.00443
21	0.01360	0.01289	0.02146	0.05917	0.68548	0.01324	0.01622	0.04623	0.01272	0.01814	0.01022	0.01345	0.00855	0.00514	0.00593	0.00166	0.03982	0.00486	0.00279	0.00846
22	0.01089	0.02563	0.68331	0.01511	0.02237	0.01202	0.04836	0.01640	0.01118	0.01660	0.00981	0.01208	0.00718	0.00634	0.00662	0.07424	0.00782	0.00419	0.00233	0.00754
23	0.01223	0.01368	0.02951	0.02139	0.02637	0.01282	0.67733	0.01645	0.01262	0.01710	0.01299	0.09616	0.01114	0.00588	0.00649	0.00188	0.00857	0.00737	0.00299	0.00705
24	0.01208	0.01172	0.02055	0.35525	0.39788	0.01267	0.07978	0.01561	0.01181	0.01614	0.01008	0.01404	0.00802	0.00509	0.00551	0.00172	0.00705	0.00499	0.00259	0.00743
25	0.68650	0.07415	0.01053	0.00804	0.01154	0.05681	0.00670	0.06029	0.01074	0.02351	0.00796	0.00915	0.00625	0.00515	0.00359	0.00163	0.00476	0.00310	0.00338	0.00621

[dist]
# distance from previous block
# <min> <max>
3	14

[block]
# block no. 5 follows, 44 sequences, length 105
# corresponding to MSA columns:
# 321-425
name=unknown_F
#
# <colnr> <probs for GDERKNQSTAVLIFYWHMCP>
#	G	D	E	R	K	N	Q	S	T	A	V	L	I	F	Y	W	H	M	C	P
0	0.00684	0.00496	0.00647	0.00759	0.00812	0.00463	0.00527	0.00795	0.01074	0.01413	0.03186	0.65545	0.09973	0.03455	0.00744	0.00228	0.00334	0.07918	0.00502	0.00447
1	0.01597	0.01111	0.01182	0.00953	0.01277	0.01189	0.00769	0.40464	0.05767	0.02765	0.01497	0.01589	0.01122	0.00634	0.00478	0.00146	0.00456	0.00492	0.29885	0.06627
2	0.00779	0.00584	0.00876	0.00876	0.00974	0.00681	0.00681	0.00974	0.00876	0.01266	0.01460	0.02142	0.01363	0.04089	0.78680	0.00876	0.01460	0.00584	0.00292	0.00487
3	0.01187	0.01308	0.08217	0.42578	0.06472	0.08091	0.02311	0.06660	0.01249	0.01587	0.01440	0.01744	0.08613	0.00659	0.00626	0.00179	0.05600	0.00536	0.00295	0.00647
4	0.01130	0.00969	0.01130	0.00807	0.01292	0.00727	0.00646	0.01373	0.01130	0.01776	0.00969	0.01130	0.00807	0.00404	0.00404	0.00081	0.00404	0.00323	0.00323	0.84173
5	0.02038	0.01500	0.01606	0.01236	0.01664	0.01660	0.01020	0.72750	0.03905	0.03386	0.01335	0.01337	0.00950	0.00656	0.00542	0.00163	0.00590	0.00494	0.02252	0.00917
6	0.00799	0.00563	0.00738	0.00691	0.00824	0.00519	0.00519	0.01056	0.01543	0.03432	0.75917	0.04036	0.05082	0.01107	0.00641	0.00171	0.00261	0.00979	0.00601	0.00521
7	0.00678	0.00556	0.00599	0.00595	0.00766	0.00477	0.00451	0.00844	0.01302	0.01619	0.19588	0.05047	0.60312	0.01333	0.00648	0.00184	0.00281	0.03725	0.00525	0.00472
8	0.01222	0.00687	0.00896	0.00766	0.01001	0.00604	0.00597	0.01464	0.01506	0.21127	0.50412	0.03273	0.04950	0.00945	0.00598	0.00163	0.00322	0.00820	0.00593	0.08054
9	0.00779	0.00584	0.00876	0.00876	0.00974	0.00681	0.00681	0.00974	0.00876	0.01266	0.01460	0.02142	0.01363	0.04089	0.78680	0.00876	0.01460	0.00584	0.00292	0.00487
10	0.01430	0.01208	0.01274	0.01124	0.01446	0.01390	0.00881	0.10380	0.68852	0.02399	0.02125	0.01959	0.01588	0.00731	0.00554	0.00183	0.00449	0.00603	0.00554	0.00870
11	0.00721	0.00602	0.00639	0.00645	0.00827	0.00541	0.00497	0.00971	0.06532	0.01558	0.06367	0.06656	0.61346	0.01350	0.00650	0.00192	0.00311	0.08590	0.00511	0.00494
12	0.00718	0.00519	0.00679	0.00715	0.00801	0.00480	0.00508	0.00898	0.01305	0.01800	0.40969	0.39162	0.06620	0.01395	0.00667	0.00195	0.00285	0.01250	0.00554	0.00480
13	0.00678	0.00483	0.00630	0.00738	0.00773	0.00453	0.00489	0.00770	0.01039	0.01384	0.04862	0.70044	0.05093	0.08720	0.00878	0.00247	0.00333	0.01459	0.00493	0.00435
14	0.14385	0.01022	0.01571	0.57892	0.12119	0.01223	0.01386	0.01460	0.01082	0.01607	0.00942	0.01351	0.00721	0.00532	0.00511	0.00177	0.00669	0.00455	0.00261	0.00634
15	0.01268	0.00711	0.00882	0.00806	0.01029	0.00661	0.00619	0.01586	0.09167	0.23688	0.15348	0.19714	0.18450	0.01139	0.00620	0.00187	0.00357	0.02549	0.00575	0.00643
16	0.00779	0.00584	0.00876	0.00876	0.00974	0.00681	0.00681	0.00974	0.00876	0.01266	0.01460	0.02142	0.01363	0.04089	0.78680	0.00876	0.01460	0.00584	0.00292	0.00487
17	0.77283	0.01065	0.00840	0.00752	0.01087	0.01235	0.00615	0.01718	0.07642	0.02431	0.00889	0.00988	0.00686	0.00527	0.00357	0.00170	0.00423	0.00324	0.00357	0.00615
18	0.01287	0.01459	0.02994	0.10213	0.02901	0.04126	0.65189	0.01725	0.01276	0.01695	0.01080	0.01451	0.00812	0.00472	0.00628	0.00182	0.00902	0.00617	0.00272	0.00718
19	0.01236	0.08940	0.01068	0.00774	0.01009	0.00750	0.00622	0.01469	0.01490	0.20083	0.48515	0.03263	0.06708	0.00954	0.00590	0.00166	0.00341	0.00817	0.00576	0.00630
20	0.73160	0.01096	0.00976	0.01007	0.08937	0.01247	0.00718	0.04258	0.01019	0.02413	0.00806	0.00948	0.00631	0.00509	0.00366	0.00168	0.00451	0.00322	0.00338	0.00631
21	0.01343	0.01313	0.02316	0.03238	0.69765	0.01304	0.09265	0.01681	0.01246	0.01778	0.01033	0.01362	0.00860	0.00483	0.00550	0.00164	0.00676	0.00502	0.00270	0.00850
22	0.00652	0.00535	0.00575	0.00603	0.00751	0.00458	0.00438	0.00783	0.01205	0.01473	0.06787	0.22291	0.58666	0.01448	0.00656	0.00192	0.00285	0.01237	0.00509	0.00458
23	0.09975	0.08495	0.04743	0.03694	0.44776	0.05634	0.04047	0.03688	0.06531	0.01849	0.01056	0.01285	0.00860	0.00514	0.00504	0.00161	0.00637	0.00453	0.00300	0.00799
24	0.00678	0.00484	0.00648	0.00775	0.00812	0.00454	0.00529	0.00782	0.01057	0.01407	0.02997	0.75811	0.03576	0.01695	0.00699	0.00223	0.00328	0.06090	0.00506	0.00447
25	0.04279	0.00934	0.01254	0.00966	0.01385	0.00819	0.00797	0.02637	0.02664	0.74995	0.02121	0.01836	0.01337	0.00672	0.00544	0.00169	0.00462	0.00544	0.00665	0.00919
26	0.01093	0.02820	0.78016	0.01554	0.02360	0.01266	0.02014	0.01727	0.01151	0.01727	0.00978	0.01151	0.00691	0.00518	0.00518	0.00173	0.00806	0.00403	0.00230	0.00806
27	0.01305	0.03624	0.30453	0.08730	0.07098	0.01257	0.24696	0.01769	0.01240	0.09531	0.03083	0.01432	0.00930	0.00537	0.00583	0.00176	0.01964	0.00519	0.00303	0.00769
28	0.01504	0.01010	0.01134	0.00993	0.01303	0.01077	0.00779	0.02497	0.46296	0.20310	0.02646	0.05211	0.11144	0.00839	0.00569	0.00182	0.00416	0.00701	0.00576	0.00813
29	0.00791	0.00534	0.00623	0.00643	0.00656	0.00531	0.00391	0.00820	0.00852	0.01132	0.01912	0.09203	0.02199	0.68226	0.02449	0.00482	0.00511	0.07333	0.00358	0.00354
30	0.00830	0.00653	0.00972	0.00950	0.01066	0.00629	0.08256	0.06130	0.01188	0.01592	0.04607	0.64814	0.03171	0.01490	0.00679	0.00212	0.00397	0.01368	0.00488	0.00509
31	0.01093	0.02820	0.78016	0.01554	0.02360	0.01266	0.02014	0.01727	0.01151	0.01727	0.00978	0.01151	0.00691	0.00518	0.00518	0.00173	0.00806	0.00403	0.00230	0.00806
32	0.00874	0.00624	0.00873	0.00998	0.01122	0.00623	0.00870	0.01121	0.01250	0.01626	0.02889	0.07834	0.03148	0.01511	0.00752	0.00250	0.00498	0.72133	0.00502	0.00501
33	0.00664	0.00474	0.00633	0.00759	0.00791	0.00443	0.00506	0.00759	0.01044	0.01392	0.03005	0.80485	0.03606	0.01708	0.00696	0.00221	0.00316	0.01550	0.00506	0.00443
34	0.01215	0.23968	0.49014	0.01470	0.02155	0.01521	0.10131	0.01703	0.01155	0.01608	0.00933	0.01112	0.00709	0.00497	0.00487	0.00159	0.00758	0.00400	0.00236	0.00769
35	0.01774	0.00938	0.02815	0.01044	0.01397	0.00831	0.08432	0.06042	0.01555	0.41089	0.21332	0.02413	0.02267	0.00773	0.00579	0.00170	0.00465	0.01724	0.03582	0.00778
36	0.69630	0.03914	0.01055	0.04327	0.09040	0.01263	0.00753	0.01602	0.00973	0.02292	0.00795	0.00957	0.00628	0.00504	0.00367	0.00167	0.00464	0.00323	0.00323	0.00623
37	0.00938	0.00511	0.00555	0.00564	0.00680	0.00501	0.00416	0.01173	0.01189	0.01977	0.12885	0.11822	0.02209	0.00835	0.00457	0.00145	0.00262	0.00704	0.61674	0.00501
38	0.01131	0.10882	0.70282	0.01490	0.02261	0.01358	0.01903	0.01717	0.01147	0.01681	0.00956	0.01123	0.00692	0.00513	0.00501	0.00167	0.00783	0.00391	0.00231	0.00795
39	0.01130	0.00969	0.01130	0.00807	0.01292	0.00727	0.00646	0.01373	0.01130	0.01776	0.00969	0.01130	0.00807	0.00404	0.00404	0.00081	0.00404	0.00323	0.00323	0.84173
40	0.01458	0.81168	0.02857	0.00933	0.01399	0.02157	0.00933	0.01632	0.01108	0.01283	0.00758	0.00875	0.00700	0.00466	0.00350	0.00117	0.00583	0.00292	0.00233	0.00700
41	0.02616	0.02485	0.63828	0.01476	0.02212	0.01202	0.03716	0.01859	0.01210	0.12676	0.01147	0.01256	0.00787	0.00539	0.00523	0.00172	0.00753	0.00428	0.00297	0.00818
42	0.00764	0.00557	0.00718	0.00678	0.00810	0.00511	0.00509	0.01014	0.01526	0.02144	0.72943	0.04141	0.09379	0.01130	0.00643	0.00172	0.00258	0.00996	0.00595	0.00511
43	0.02300	0.00912	0.01237	0.00978	0.01374	0.00801	0.00812	0.03801	0.01551	0.69740	0.02201	0.02228	0.01501	0.00748	0.00566	0.00176	0.00470	0.07056	0.00657	0.00890
44	0.06855	0.00550	0.00545	0.00539	0.00657	0.00562	0.00386	0.01202	0.01061	0.01875	0.01695	0.02246	0.01453	0.16009	0.00837	0.00207	0.00318	0.00548	0.61974	0.00480
45	0.68843	0.01240	0.00953	0.00833	0.01176	0.08154	0.00677	0.09270	0.01151	0.02449	0.00823	0.00938	0.00635	0.00526	0.00372	0.00166	0.00490	0.00320	0.00354	0.00629
46	0.01332	0.01125	0.01182	0.01067	0.01363	0.01296	0.00829	0.02783	0.71161	0.02263	0.02188	0.02034	0.01645	0.00732	0.00543	0.00181	0.00419	0.00609	0.06411	0.00838
47	0.00838	0.00599	0.00830	0.00941	0.01053	0.00591	0.00793	0.01068	0.01250	0.01647	0.09505	0.16572	0.03383	0.01500	0.00735	0.00240	0.00454	0.56995	0.00511	0.00495
48	0.00660	0.00489	0.00617	0.00719	0.00780	0.00446	0.00488	0.00764	0.01082	0.01407	0.03488	0.66055	0.17724	0.01645	0.00686	0.00214	0.00309	0.01473	0.00506	0.00446
49	0.00992	0.00873	0.12859	0.00700	0.00926	0.00622	0.00654	0.01290	0.01134	0.01918	0.01777	0.09965	0.01512	0.00727	0.00435	0.00144	0.00348	0.00599	0.61976	0.00549
50	0.01958	0.01215	0.01297	0.01069	0.01429	0.09052	0.00855	0.11318	0.22122	0.35751	0.06557	0.01886	0.01552	0.00706	0.00550	0.00170	0.00512	0.00567	0.00581	0.00854
51	0.00779	0.00584	0.00876	0.00876	0.00974	0.00681	0.00681	0.00974	0.00876	0.01266	0.01460	0.02142	0.01363	0.04089	0.78680	0.00876	0.01460	0.00584	0.00292	0.00487
52	0.02446	0.00928	0.01265	0.00970	0.01392	0.00801	0.00801	0.02657	0.01560	0.77817	0.02151	0.01856	0.01350	0.00675	0.00548	0.00169	0.00464	0.00548	0.00675	0.00928
53	0.01168	0.01172	0.01689	0.63134	0.11625	0.09189	0.01484	0.01504	0.01154	0.01429	0.00962	0.01394	0.00739	0.00540	0.00539	0.00175	0.00744	0.00471	0.00249	0.00637
54	0.01081	0.00551	0.00817	0.05584	0.00975	0.00550	0.00574	0.00957	0.00851	0.08923	0.01255	0.08672	0.01211	0.01669	0.01743	0.62881	0.00474	0.00578	0.00306	0.00349
55	0.62869	0.01402	0.14248	0.00910	0.01337	0.01272	0.00877	0.08204	0.01112	0.02409	0.00846	0.00969	0.00638	0.00521	0.00387	0.00169	0.00504	0.00331	0.00337	0.00658
56	0.01046	0.00972	0.01546	0.54112	0.04931	0.02720	0.03264	0.01370	0.01124	0.01452	0.01323	0.02326	0.01194	0.00751	0.00663	0.00197	0.05578	0.14541	0.00294	0.00596
57	0.01201	0.01122	0.02915	0.01279	0.01372	0.01406	0.03694	0.09301	0.01056	0.01557	0.01040	0.03579	0.01010	0.09347	0.07031	0.00299	0.49185	0.00551	0.02455	0.00600
58	0.04430	0.22342	0.02208	0.05031	0.41303	0.09466	0.01341	0.02842	0.03170	0.01652	0.00960	0.01191	0.00811	0.00500	0.00478	0.00149	0.00654	0.00418	0.00274	0.00779
59	0.01835	0.13884	0.19487	0.01118	0.01631	0.01198	0.01115	0.05569	0.06689	0.36694	0.01584	0.01500	0.01078	0.00600	0.00505	0.00159	0.00564	0.00468	0.00475	0.03847
60	0.00863	0.00617	0.00861	0.00987	0.01106	0.00615	0.00852	0.01103	0.01240	0.01615	0.02895	0.11374	0.03170	0.01520	0.00749	0.00249	0.00489	0.68694	0.00502	0.00498
61	0.00739	0.00582	0.02403	0.00838	0.00924	0.00522	0.01732	0.00898	0.01138	0.01521	0.09521	0.52531	0.04803	0.02930	0.00734	0.00226	0.00373	0.16614	0.00501	0.00472
62	0.01585	0.01470	0.13544	0.01188	0.01600	0.01321	0.01073	0.30918	0.20649	0.07689	0.01759	0.09853	0.01438	0.00787	0.00565	0.00179	0.00549	0.02500	0.00501	0.00831
63	0.00800	0.00541	0.00636	0.00645	0.00669	0.00537	0.00403	0.00848	0.00907	0.01217	0.08544	0.03878	0.02382	0.65590	0.02377	0.00468	0.00502	0.08319	0.00372	0.00364
64	0.00780	0.00578	0.00847	0.00847	0.00934	0.00666	0.00645	0.00955	0.00868	0.01244	0.01487	0.02289	0.01427	0.12012	0.70844	0.00840	0.01364	0.00606	0.00296	0.00471
65	0.01784	0.01665	0.14903	0.01615	0.13993	0.02964	0.01280	0.39618	0.05537	0.09252	0.01314	0.01364	0.00944	0.00608	0.00539	0.00166	0.00631	0.00483	0.00453	0.00887
66	0.02446	0.00928	0.01265	0.00970	0.01392	0.00801	0.00801	0.02657	0.01560	0.77817	0.02151	0.01856	0.01350	0.00675	0.00548	0.00169	0.00464	0.00548	0.00675	0.00928
67	0.00818	0.00598	0.00783	0.00782	0.00917	0.00573	0.00621	0.01118	0.04143	0.02032	0.53770	0.04564	0.05739	0.01208	0.00669	0.00193	0.00328	0.20051	0.00571	0.00523
68	0.01120	0.01148	0.03790	0.36520	0.12030	0.01193	0.22698	0.01495	0.01182	0.01573	0.01258	0.03699	0.01084	0.00638	0.00597	0.00188	0.00742	0.08093	0.00288	0.00664
69	0.01234	0.03449	0.37235	0.16108	0.02646	0.01342	0.18919	0.09271	0.01316	0.01837	0.01036	0.01293	0.00754	0.00522	0.00552	0.00175	0.00792	0.00481	0.00276	0.00763
70	0.01030	0.00969	0.01635	0.79530	0.03755	0.01211	0.01514	0.01393	0.01090	0.01393	0.00969	0.01453	0.00727	0.00545	0.00545	0.00182	0.00727	0.00484	0.00242	0.00606
71	0.66844	0.07315	0.06032	0.05335	0.01347	0.01299	0.01893	0.01603	0.00971	0.02239	0.00790	0.00943	0.00617	0.00505	0.00367	0.00166	0.00484	0.00318	0.00316	0.00616
72	0.00688	0.00561	0.00612	0.00624	0.00779	0.00495	0.00458	0.00883	0.03908	0.01572	0.13526	0.18244	0.52959	0.01384	0.00650	0.00189	0.00286	0.01182	0.00519	0.00478
73	0.00934	0.00691	0.00820	0.00778	0.00954	0.00679	0.00587	0.03925	0.12817	0.04686	0.33843	0.15934	0.16243	0.01165	0.00631	0.00184	0.00323	0.02643	0.00557	0.01608
74	0.00977	0.00807	0.00967	0.00792	0.01127	0.00633	0.00600	0.01171	0.01102	0.01650	0.01638	0.27202	0.01727	0.00832	0.00500	0.00127	0.00375	0.00726	0.00383	0.56663
75	0.01898	0.01425	0.01542	0.01176	0.01618	0.01521	0.00967	0.61543	0.03920	0.03131	0.01271	0.01295	0.00923	0.00614	0.00522	0.00150	0.00563	0.00465	0.00508	0.14947
76	0.01260	0.00892	0.01017	0.00891	0.01149	0.00926	0.00696	0.09443	0.25317	0.10737	0.26908	0.03063	0.13547	0.00937	0.00595	0.00176	0.00374	0.00793	0.00575	0.00706
77	0.09362	0.01047	0.01267	0.01006	0.01359	0.01062	0.00825	0.18524	0.01669	0.38789	0.10904	0.01862	0.01600	0.00725	0.00626	0.00172	0.06044	0.00558	0.00571	0.02029
78	0.00987	0.00698	0.00858	0.00785	0.00966	0.00693	0.00599	0.01487	0.15911	0.06851	0.58173	0.03545	0.04244	0.01016	0.00620	0.00174	0.00303	0.00888	0.00596	0.00607
79	0.00786	0.00555	0.00730	0.00730	0.00777	0.00602	0.00499	0.00880	0.00833	0.01157	0.01594	0.02881	0.01684	0.43880	0.39327	0.00696	0.00977	0.00692	0.00312	0.00406
80	0.01932	0.02188	0.01494	0.06827	0.01777	0.58335	0.01044	0.02239	0.09222	0.08235	0.01109	0.01202	0.00860	0.00589	0.00507	0.00150	0.00862	0.00405	0.00341	0.00680
81	0.00911	0.00679	0.00798	0.07701	0.01018	0.00733	0.00528	0.01211	0.13923	0.01299	0.01738	0.03114	0.01815	0.59831	0.02192	0.00438	0.00529	0.00735	0.00361	0.00447
82	0.00879	0.00628	0.00879	0.01004	0.01130	0.00628	0.00879	0.01130	0.01255	0.01632	0.02887	0.06150	0.03138	0.01506	0.00753	0.00251	0.00502	0.73770	0.00502	0.00502
83	0.00680	0.00510	0.00634	0.00718	0.00802	0.00464	0.00509	0.00805	0.01137	0.01471	0.07462	0.51456	0.23031	0.01577	0.00684	0.00211	0.00316	0.06567	0.00511	0.00455
84	0.01834	0.01359	0.01461	0.01142	0.01531	0.01481	0.00936	0.62678	0.02356	0.03146	0.07073	0.01908	0.09074	0.00762	0.00562	0.00166	0.00543	0.00594	0.00545	0.00850
85	0.01868	0.01436	0.01575	0.01250	0.01621	0.01635	0.01025	0.56399	0.14147	0.03033	0.01393	0.01412	0.01023	0.00699	0.00675	0.00175	0.08727	0.00509	0.00515	0.00883
86	0.00669	0.00476	0.00631	0.00753	0.00784	0.00446	0.00500	0.00760	0.01035	0.01380	0.02959	0.77724	0.03547	0.04549	0.00770	0.00232	0.00324	0.01523	0.00500	0.00439
87	0.01390	0.01609	0.02644	0.01978	0.02414	0.16166	0.51746	0.01750	0.01282	0.01609	0.01056	0.01409	0.00835	0.00762	0.06164	0.00227	0.05419	0.00574	0.00276	0.00690
88	0.01288	0.01222	0.02072	0.03116	0.70626	0.01220	0.01569	0.01592	0.01224	0.01746	0.01201	0.08384	0.01107	0.00594	0.00554	0.00167	0.00618	0.00580	0.00291	0.00826
89	0.05109	0.03324	0.02138	0.11160	0.34554	0.01297	0.13670	0.01871	0.01316	0.14987	0.01297	0.01567	0.00999	0.00605	0.00633	0.00189	0.03523	0.00541	0.00373	0.00847
90	0.12116	0.01607	0.14820	0.04337	0.13080	0.01442	0.01248	0.36988	0.01816	0.04335	0.01175	0.02537	0.00880	0.00601	0.00516	0.00167	0.00617	0.00469	0.00415	0.00835
91	0.00872	0.00669	0.00906	0.14440	0.01388	0.00706	0.00733	0.07548	0.01183	0.01562	0.02470	0.47069	0.05337	0.06672	0.02392	0.00243	0.00457	0.04394	0.00448	0.00511
92	0.01091	0.01055	0.01471	0.01302	0.01308	0.01435	0.01061	0.01206	0.00875	0.01327	0.01155	0.16400	0.01270	0.01099	0.01579	0.00235	0.64590	0.00683	0.00290	0.00567
93	0.21826	0.04559	0.16352	0.06815	0.04157	0.01263	0.05979	0.09705	0.08011	0.11320	0.04113	0.01416	0.01044	0.00586	0.00493	0.00170	0.00583	0.00465	0.00392	0.00754
94	0.01490	0.25360	0.07344	0.03303	0.29218	0.13074	0.01302	0.05944	0.03250	0.01651	0.00971	0.01175	0.00812	0.00590	0.02198	0.00163	0.00700	0.00408	0.00281	0.00767
95	0.01210	0.00654	0.00869	0.00760	0.00966	0.00590	0.00590	0.01455	0.01548	0.22007	0.57496	0.03491	0.04150	0.00999	0.00618	0.00171	0.00311	0.00871	0.00620	0.00623
96	0.00929	0.00645	0.00766	0.00765	0.03512	0.00580	0.00550	0.02661	0.02978	0.09548	0.20432	0.10724	0.41436	0.01217	0.00631	0.00182	0.00318	0.01038	0.00538	0.00551
97	0.01161	0.13409	0.09892	0.01395	0.02874	0.02611	0.19771	0.04670	0.03260	0.01629	0.01772	0.10150	0.08075	0.00982	0.04435	0.00217	0.06888	0.05812	0.00342	0.00655
98	0.00677	0.00498	0.00636	0.00730	0.00796	0.00457	0.00505	0.00796	0.01119	0.01471	0.08839	0.60333	0.15357	0.01605	0.00686	0.00213	0.00312	0.04004	0.00513	0.00453
99	0.00943	0.00476	0.00714	0.00714	0.00716	0.00478	0.00478	0.00716	0.00714	0.00954	0.00958	0.01668	0.00956	0.01942	0.03818	0.82303	0.00495	0.00476	0.00238	0.00242
100	0.02887	0.01665	0.25623	0.23517	0.21533	0.04684	0.01586	0.01557	0.01164	0.01619	0.01158	0.07114	0.00998	0.00623	0.00543	0.00176	0.00703	0.01854	0.00273	0.00721
101	0.01306	0.22500	0.09249	0.01764	0.03908	0.01608	0.36980	0.01685	0.02861	0.01581	0.00977	0.01262	0.00788	0.00535	0.00694	0.00172	0.10643	0.00505	0.00262	0.00720
102	0.00833	0.00598	0.00824	0.00945	0.01057	0.00590	0.00797	0.01053	0.01218	0.01584	0.03002	0.18991	0.05878	0.01537	0.00739	0.00243	0.00462	0.58656	0.00503	0.00490
103	0.00847	0.00595	0.00772	0.02786	0.00957	0.00574	0.00587	0.01119	0.05890	0.05023	0.33700	0.31698	0.06656	0.01306	0.00657	0.00196	0.00325	0.05238	0.00548	0.00527
104	0.04634	0.21679	0.44395	0.02478	0.01916	0.02704	0.01501	0.03166	0.01190	0.01693	0.06347	0.01353	0.02305	0.00572	0.00501	0.00159	0.01968	0.00428	0.00274	0.00738

[dist]
# distance from previous block
# <min> <max>
0	4

[block]
# block no. 6 follows, 44 sequences, length 54
# corresponding to MSA columns:
# 430-483
name=unknown_G
#
# <colnr> <probs for GDERKNQSTAVLIFYWHMCP>
#	G	D	E	R	K	N	Q	S	T	A	V	L	I	F	Y	W	H	M	C	P
0	0.01487	0.03209	0.20213	0.01886	0.26622	0.03213	0.01370	0.04390	0.05328	0.16949	0.03494	0.01757	0.06392	0.00630	0.00542	0.00167	0.00608	0.00536	0.00389	0.00818
1	0.43369	0.03731	0.06215	0.05287	0.06515	0.06974	0.08033	0.07934	0.01215	0.04863	0.00935	0.01094	0.00711	0.00524	0.00438	0.00167	0.00586	0.00387	0.00338	0.00683
2	0.00830	0.00565	0.00742	0.00705	0.00836	0.00519	0.00525	0.01070	0.01497	0.05226	0.67026	0.11233	0.04842	0.01153	0.00644	0.00176	0.00271	0.01021	0.00594	0.00525
3	0.01307	0.01665	0.32212	0.01264	0.03957	0.00997	0.04322	0.03338	0.04272	0.15442	0.16262	0.02031	0.04140	0.00691	0.00553	0.00167	0.00578	0.00584	0.00418	0.05801
4	0.01063	0.00895	0.01054	0.00797	0.01212	0.00686	0.00621	0.01280	0.01112	0.01711	0.01250	0.11534	0.01197	0.02272	0.00492	0.00109	0.00395	0.00493	0.00347	0.71480
5	0.09871	0.03680	0.01484	0.01297	0.01602	0.58096	0.00993	0.08349	0.06703	0.01681	0.00967	0.01071	0.00776	0.00575	0.00483	0.00148	0.00852	0.00375	0.00326	0.00670
6	0.05151	0.06943	0.09323	0.08871	0.04421	0.02695	0.04570	0.04754	0.02196	0.01626	0.00962	0.01352	0.00839	0.05825	0.00991	0.00194	0.22889	0.00450	0.00285	0.15662
7	0.00779	0.00531	0.00633	0.00641	0.00662	0.00535	0.00391	0.00822	0.00870	0.01178	0.06686	0.09944	0.02264	0.61686	0.09706	0.00513	0.00582	0.00849	0.00359	0.00367
8	0.01381	0.01048	0.01133	0.01020	0.01304	0.01174	0.00791	0.03664	0.56976	0.08580	0.02209	0.07087	0.01727	0.00786	0.00547	0.00180	0.00412	0.00659	0.08513	0.00808
9	0.00886	0.00630	0.00866	0.00863	0.00958	0.00695	0.00647	0.01041	0.00944	0.01392	0.01592	0.02389	0.01504	0.12448	0.61683	0.00771	0.01254	0.00624	0.08300	0.00513
10	0.01603	0.01177	0.01285	0.01106	0.01446	0.01313	0.00874	0.11480	0.56539	0.13672	0.02101	0.01922	0.01530	0.00720	0.00553	0.00180	0.00456	0.00591	0.00572	0.00880
11	0.00717	0.00532	0.00669	0.00683	0.00793	0.00484	0.00494	0.00906	0.01344	0.01826	0.42631	0.26482	0.17759	0.01335	0.00659	0.00188	0.00278	0.01180	0.00556	0.00484
12	0.00915	0.00622	0.00794	0.00761	0.00923	0.00582	0.00601	0.03454	0.01486	0.06550	0.47882	0.04375	0.13549	0.01178	0.00654	0.00187	0.00327	0.14044	0.00573	0.00543
13	0.00654	0.00553	0.00566	0.00563	0.00742	0.00464	0.00422	0.00802	0.01266	0.01528	0.11094	0.05155	0.71613	0.01360	0.00644	0.00183	0.00275	0.01138	0.00514	0.00464
14	0.07779	0.01440	0.01379	0.01152	0.01438	0.13470	0.00927	0.31007	0.08051	0.02411	0.01301	0.01417	0.02083	0.00691	0.00696	0.00170	0.12799	0.00475	0.10574	0.00742
15	0.01735	0.01289	0.01388	0.01095	0.01465	0.01395	0.00894	0.57352	0.02269	0.03024	0.09176	0.02159	0.12697	0.00807	0.00569	0.00167	0.00519	0.00636	0.00545	0.00818
16	0.00739	0.00544	0.00758	0.00809	0.00864	0.00583	0.00580	0.00867	0.00943	0.01303	0.02165	0.37649	0.02422	0.10623	0.33954	0.00530	0.02785	0.01039	0.00391	0.00454
17	0.03659	0.00831	0.01008	0.14930	0.01482	0.05756	0.00763	0.01397	0.01419	0.12755	0.39203	0.03091	0.09705	0.00918	0.00593	0.00172	0.00425	0.00786	0.00510	0.00595
18	0.01340	0.01286	0.02196	0.05597	0.75263	0.01293	0.01668	0.01665	0.01237	0.01770	0.01024	0.01352	0.00860	0.00488	0.00540	0.00163	0.00650	0.00486	0.00269	0.00856
19	0.06942	0.02979	0.41631	0.01437	0.04216	0.01120	0.09713	0.03252	0.01179	0.03781	0.01476	0.15537	0.02896	0.00749	0.00554	0.00181	0.00671	0.00651	0.00319	0.00717
20	0.73344	0.08011	0.01021	0.00763	0.01116	0.01327	0.00642	0.05318	0.01025	0.02395	0.00787	0.00906	0.00617	0.00510	0.00349	0.00164	0.00445	0.00305	0.00339	0.00617
21	0.00893	0.00758	0.01139	0.13692	0.08702	0.00841	0.02591	0.01067	0.01038	0.01418	0.02051	0.36169	0.03560	0.07484	0.02304	0.00245	0.10502	0.03212	0.01801	0.00530
22	0.02555	0.00843	0.01035	0.01040	0.04636	0.03260	0.00749	0.02978	0.08770	0.09117	0.06743	0.24401	0.02293	0.09317	0.02197	0.00244	0.09948	0.05972	0.01960	0.01942
23	0.01176	0.13431	0.57327	0.01670	0.09413	0.01397	0.04858	0.01709	0.01159	0.01671	0.00958	0.01145	0.00714	0.00505	0.00502	0.00164	0.00765	0.00405	0.00236	0.00794
24	0.01144	0.18812	0.53556	0.01362	0.02029	0.01384	0.03345	0.01643	0.01182	0.01678	0.07994	0.01372	0.01108	0.00561	0.00498	0.00161	0.00711	0.00439	0.00266	0.00755
25	0.03929	0.02771	0.01257	0.00949	0.01343	0.00852	0.00783	0.05570	0.01578	0.64119	0.09213	0.02001	0.01663	0.00708	0.00548	0.00168	0.00452	0.00576	0.00645	0.00876
26	0.00738	0.00517	0.00656	0.00715	0.00761	0.00495	0.00482	0.00844	0.01073	0.01450	0.15819	0.38300	0.03357	0.25375	0.01316	0.00307	0.00383	0.06517	0.00470	0.00426
27	0.03916	0.12403	0.15897	0.03674	0.26498	0.12436	0.04971	0.01717	0.01216	0.03167	0.02048	0.01236	0.00838	0.00566	0.00611	0.01514	0.05839	0.00435	0.00272	0.00747
