[name]
unknown

[dist]
# distance from previous block
# <min> <max>
4	626

[block]
# block no. 0 follows, 45 sequences, length 8
# corresponding to MSA columns:
# 636-643
name=unknown_A
#
# <colnr> <probs for GDERKNQSTAVLIFYWHMCP>
#	G	D	E	R	K	N	Q	S	T	A	V	L	I	F	Y	W	H	M	C	P
0	0.13619	0.04928	0.01251	0.01001	0.01346	0.01229	0.00812	0.09128	0.35558	0.16016	0.01800	0.01842	0.01354	0.00686	0.00507	0.00171	0.00454	0.03898	0.00510	0.03890
1	0.01136	0.00777	0.00916	0.00873	0.01053	0.00789	0.00656	0.15539	0.07507	0.08206	0.02697	0.37747	0.10014	0.04443	0.00713	0.00210	0.00401	0.05206	0.00516	0.00601
2	0.01352	0.00916	0.01057	0.00907	0.01206	0.00927	0.00712	0.02115	0.33000	0.17036	0.17289	0.02524	0.08199	0.00804	0.00553	0.00165	0.00382	0.00677	0.00550	0.09626
3	0.01625	0.01038	0.01161	0.00964	0.01304	0.04396	0.00763	0.08025	0.21452	0.26126	0.04865	0.07447	0.05566	0.00762	0.00538	0.00161	0.00446	0.00630	0.00536	0.12195
4	0.01609	0.01163	0.01370	0.04901	0.01541	0.01232	0.03988	0.40523	0.04317	0.06242	0.01530	0.09544	0.01257	0.00718	0.00526	0.00158	0.00513	0.00591	0.10468	0.07807
5	0.34499	0.01114	0.01128	0.11914	0.01577	0.05202	0.00810	0.08710	0.03310	0.11406	0.01091	0.01203	0.00807	0.00535	0.00430	0.00153	0.00502	0.00386	0.02301	0.12924
6	0.01522	0.06088	0.01543	0.01385	0.08062	0.24982	0.01020	0.12167	0.05994	0.01708	0.01235	0.01447	0.04084	0.01002	0.08151	0.00233	0.16027	0.00471	0.02208	0.00671
7	0.24129	0.01095	0.01074	0.03098	0.01270	0.04689	0.00732	0.21944	0.03780	0.05751	0.06666	0.05749	0.02828	0.02027	0.00510	0.00165	0.00465	0.00529	0.08090	0.05408

[dist]
# distance from previous block
# <min> <max>
15	29

[block]
# block no. 1 follows, 45 sequences, length 7
# corresponding to MSA columns:
# 674-680
name=unknown_B
#
# <colnr> <probs for GDERKNQSTAVLIFYWHMCP>
#	G	D	E	R	K	N	Q	S	T	A	V	L	I	F	Y	W	H	M	C	P
0	0.04801	0.00825	0.00903	0.02942	0.01024	0.04642	0.00632	0.09855	0.01230	0.01764	0.11317	0.06275	0.06348	0.16479	0.10003	0.00314	0.06575	0.00686	0.12856	0.00527
1	0.06131	0.03452	0.00957	0.00816	0.00998	0.00846	0.00621	0.11800	0.01297	0.03887	0.11557	0.20788	0.07822	0.09905	0.00879	0.00213	0.05724	0.00843	0.05651	0.05814
2	0.07803	0.00643	0.00881	0.06314	0.01060	0.00688	0.03671	0.02798	0.00920	0.01429	0.01206	0.05994	0.01112	0.01278	0.01305	0.41355	0.03179	0.00526	0.17436	0.00401
3	0.08927	0.01475	0.01664	0.10025	0.01844	0.17712	0.08970	0.08543	0.01229	0.01674	0.00872	0.01168	0.00729	0.00663	0.00914	0.00180	0.26975	0.00438	0.00290	0.05708
4	0.03975	0.06484	0.01843	0.06554	0.03221	0.01130	0.24618	0.05219	0.01102	0.01536	0.01186	0.05233	0.01107	0.12628	0.03863	0.08474	0.06958	0.00595	0.00296	0.03979
5	0.03921	0.00785	0.03756	0.06171	0.01158	0.02222	0.04328	0.04139	0.01138	0.01759	0.05655	0.13930	0.01756	0.06418	0.06528	0.00237	0.03041	0.00694	0.31833	0.00530
6	0.00996	0.04009	0.05106	0.10788	0.01415	0.00814	0.00836	0.03326	0.01320	0.05574	0.29889	0.08696	0.04551	0.00987	0.00651	0.00180	0.03991	0.10769	0.00461	0.05640

[dist]
# distance from previous block
# <min> <max>
0	1

[block]
# block no. 2 follows, 45 sequences, length 9
# corresponding to MSA columns:
# 682-685,690-694
name=unknown_C
#
# <colnr> <probs for GDERKNQSTAVLIFYWHMCP>
#	G	D	E	R	K	N	Q	S	T	A	V	L	I	F	Y	W	H	M	C	P
0	0.05139	0.06013	0.01685	0.16188	0.14143	0.11567	0.01170	0.26132	0.08913	0.02206	0.01154	0.01306	0.00880	0.00577	0.00510	0.00161	0.00646	0.00456	0.00379	0.00773
1	0.00944	0.00680	0.00922	0.00857	0.00995	0.00662	0.04626	0.05121	0.01129	0.05881	0.06082	0.35541	0.05173	0.16266	0.04239	0.00280	0.03191	0.01030	0.00441	0.05938
2	0.01296	0.01025	0.01250	0.01038	0.01248	0.01152	0.02915	0.26605	0.01487	0.02038	0.05543	0.02189	0.06636	0.16823	0.08523	0.00309	0.14877	0.00616	0.00402	0.04028
3	0.00935	0.00692	0.00842	0.00844	0.03120	0.00668	0.00583	0.08982	0.01173	0.01597	0.04917	0.26476	0.04528	0.24655	0.01234	0.00283	0.00435	0.07419	0.00427	0.10189
4	0.03705	0.01005	0.01273	0.18918	0.09748	0.04345	0.00992	0.06199	0.11226	0.08307	0.06412	0.02549	0.12610	0.00799	0.00561	0.00175	0.00521	0.06688	0.00423	0.03543
5	0.26486	0.01265	0.01181	0.06453	0.01477	0.10268	0.00839	0.15008	0.17051	0.04968	0.04502	0.01464	0.01139	0.00803	0.04724	0.00204	0.00583	0.00463	0.00420	0.00704
6	0.04058	0.05880	0.01502	0.01204	0.01470	0.26839	0.05458	0.07255	0.06296	0.01597	0.01071	0.03584	0.00931	0.00950	0.06111	0.06035	0.10180	0.00457	0.00316	0.08805
7	0.09573	0.01057	0.01037	0.04503	0.01227	0.10788	0.00708	0.08626	0.01239	0.01792	0.06388	0.06558	0.03455	0.06797	0.00823	0.05399	0.05401	0.00553	0.08990	0.15085
8	0.08319	0.13133	0.01585	0.20619	0.06626	0.14405	0.01046	0.06665	0.01235	0.01620	0.03058	0.01490	0.03642	0.02724	0.04269	0.00201	0.05220	0.00460	0.03057	0.00628

[dist]
# distance from previous block
# <min> <max>
2	8

[block]
# block no. 3 follows, 45 sequences, length 15
# corresponding to MSA columns:
# 717-731
name=unknown_D
#
# <colnr> <probs for GDERKNQSTAVLIFYWHMCP>
#	G	D	E	R	K	N	Q	S	T	A	V	L	I	F	Y	W	H	M	C	P
0	0.05881	0.01252	0.01760	0.25554	0.08804	0.10830	0.14425	0.01522	0.01156	0.01550	0.01069	0.01617	0.00911	0.00631	0.00659	0.02334	0.05996	0.05585	0.00281	0.08182
1	0.05337	0.06752	0.01455	0.29900	0.02210	0.11426	0.01095	0.06710	0.06824	0.07659	0.01397	0.04200	0.01194	0.00791	0.02550	0.00193	0.00657	0.08639	0.00361	0.00651
2	0.14303	0.06104	0.03207	0.01089	0.01410	0.25152	0.00881	0.12959	0.08805	0.08866	0.01351	0.06188	0.01123	0.00677	0.00489	0.00160	0.00625	0.02619	0.03295	0.00696
3	0.00923	0.00672	0.00797	0.00775	0.00894	0.00678	0.00551	0.11412	0.04452	0.01802	0.19261	0.31670	0.05677	0.16692	0.01040	0.00255	0.00381	0.01060	0.00493	0.00515
4	0.08465	0.00990	0.01541	0.45608	0.17448	0.01135	0.01306	0.01495	0.03235	0.04374	0.08209	0.01634	0.01186	0.00584	0.00527	0.00173	0.00613	0.00513	0.00309	0.00654
5	0.01043	0.00718	0.00907	0.06273	0.01161	0.00722	0.00658	0.01504	0.14501	0.10292	0.43066	0.06106	0.08918	0.00987	0.00603	0.00174	0.00341	0.00858	0.00557	0.00610
6	0.07139	0.01918	0.25414	0.08688	0.23884	0.13955	0.08135	0.01723	0.01214	0.01675	0.00950	0.01197	0.00739	0.00504	0.00513	0.00163	0.00754	0.00432	0.00258	0.00744
7	0.02324	0.00895	0.01219	0.00941	0.01341	0.00774	0.00774	0.02533	0.01536	0.74246	0.05998	0.01939	0.01521	0.00687	0.00545	0.00166	0.00446	0.00562	0.00661	0.00893
8	0.37671	0.01041	0.01185	0.19337	0.06598	0.01189	0.00926	0.01856	0.14198	0.09431	0.01194	0.01319	0.00885	0.00562	0.00449	0.00171	0.00505	0.00425	0.00376	0.00681
9	0.00932	0.00466	0.00699	0.00699	0.00699	0.00466	0.00466	0.00699	0.00699	0.00932	0.00932	0.01632	0.00932	0.01865	0.02098	0.84382	0.00466	0.00466	0.00233	0.00233
10	0.00870	0.00655	0.00812	0.00806	0.00963	0.00599	0.00588	0.06136	0.01157	0.01594	0.02363	0.48498	0.02687	0.05038	0.00717	0.00203	0.00375	0.07855	0.00456	0.17631
11	0.00781	0.00520	0.00585	0.00585	0.00585	0.00520	0.00325	0.00781	0.00781	0.01041	0.01691	0.03513	0.01952	0.81135	0.02732	0.00520	0.00520	0.00781	0.00325	0.00325
12	0.22833	0.01318	0.01699	0.14551	0.30661	0.10224	0.05752	0.01637	0.01145	0.01795	0.00908	0.01189	0.00735	0.00513	0.00517	0.00165	0.02956	0.00424	0.00279	0.00699
13	0.72368	0.01109	0.03183	0.05097	0.03401	0.01225	0.00719	0.04458	0.01000	0.02351	0.00793	0.00939	0.00612	0.00506	0.00362	0.00167	0.00456	0.00317	0.00330	0.00609
14	0.49131	0.11835	0.05746	0.00935	0.01308	0.14737	0.00816	0.06943	0.01168	0.02100	0.00812	0.00932	0.00643	0.00514	0.00385	0.00155	0.00565	0.00319	0.00318	0.00638

[dist]
# distance from previous block
# <min> <max>
3	9

[block]
# block no. 4 follows, 45 sequences, length 64
# corresponding to MSA columns:
# 741-804
name=unknown_E
#
# <colnr> <probs for GDERKNQSTAVLIFYWHMCP>
#	G	D	E	R	K	N	Q	S	T	A	V	L	I	F	Y	W	H	M	C	P
0	0.01277	0.03378	0.01112	0.00966	0.01192	0.04537	0.00755	0.24789	0.01594	0.04309	0.06278	0.31674	0.02353	0.01128	0.00606	0.00186	0.00462	0.08758	0.00494	0.04152
1	0.08205	0.53417	0.14851	0.01032	0.01520	0.05961	0.01066	0.01710	0.03090	0.03681	0.00863	0.00970	0.00722	0.00489	0.00389	0.00132	0.00611	0.00324	0.00261	0.00704
2	0.08763	0.00935	0.01179	0.00903	0.01318	0.00819	0.00741	0.03716	0.01423	0.54024	0.03460	0.01650	0.01241	0.00609	0.00498	0.00149	0.00440	0.00485	0.00566	0.17083
3	0.01716	0.01393	0.01497	0.14833	0.01921	0.07676	0.01042	0.49233	0.02064	0.02686	0.03792	0.01659	0.06702	0.00685	0.00543	0.00164	0.00609	0.00534	0.00463	0.00788
4	0.01338	0.00967	0.01057	0.00904	0.01168	0.01017	0.00711	0.32263	0.05840	0.03829	0.07591	0.14474	0.16549	0.00975	0.00570	0.00172	0.00419	0.00811	0.08668	0.00680
5	0.01077	0.02777	0.78354	0.01530	0.02323	0.01247	0.01983	0.01700	0.01133	0.01700	0.00963	0.01133	0.00680	0.00510	0.00510	0.00170	0.00793	0.00397	0.00227	0.00793
6	0.01058	0.01019	0.01725	0.60402	0.03231	0.01259	0.07701	0.01387	0.01054	0.01401	0.00944	0.01406	0.00735	0.00590	0.00720	0.00186	0.12251	0.00490	0.01836	0.00604
7	0.02041	0.01504	0.01611	0.01235	0.01665	0.01665	0.01020	0.75997	0.02524	0.03383	0.01289	0.01289	0.00913	0.00644	0.00537	0.00161	0.00591	0.00483	0.00537	0.00913
8	0.01101	0.08079	0.73263	0.01489	0.02260	0.01306	0.01912	0.01694	0.01130	0.01671	0.00949	0.01115	0.00681	0.00507	0.00499	0.00166	0.00779	0.00389	0.00227	0.00786
9	0.02045	0.01594	0.01530	0.01218	0.01613	0.14903	0.00986	0.50352	0.05973	0.12334	0.01358	0.01337	0.00963	0.00635	0.00529	0.00159	0.00631	0.00473	0.00508	0.00860
10	0.02332	0.00946	0.01257	0.00967	0.01375	0.00844	0.00797	0.07930	0.01608	0.70412	0.04321	0.01853	0.01411	0.00676	0.00542	0.00166	0.00460	0.00549	0.00653	0.00901
11	0.01957	0.02476	0.01493	0.01366	0.01636	0.75674	0.01030	0.02100	0.01509	0.01326	0.00915	0.01183	0.00793	0.00592	0.00495	0.00143	0.00948	0.03460	0.00286	0.00617
12	0.01113	0.04579	0.74259	0.01511	0.02281	0.03653	0.01930	0.01711	0.01144	0.01678	0.00954	0.01122	0.00681	0.00510	0.00505	0.00168	0.00794	0.00393	0.00228	0.00786
13	0.01417	0.77532	0.06582	0.00949	0.01425	0.02080	0.00972	0.01612	0.01093	0.01285	0.00757	0.00875	0.00688	0.00462	0.00353	0.00118	0.00585	0.00292	0.00229	0.00694
14	0.00634	0.00544	0.00544	0.00544	0.00725	0.00453	0.00408	0.00770	0.01224	0.01450	0.05438	0.05166	0.77569	0.01359	0.00634	0.00181	0.00272	0.01133	0.00498	0.00453
15	0.00668	0.00478	0.00638	0.00754	0.00794	0.00447	0.00514	0.00776	0.01061	0.01419	0.06673	0.73801	0.03606	0.01644	0.00685	0.00217	0.00316	0.04563	0.00503	0.00442
16	0.00699	0.00558	0.00631	0.00659	0.00815	0.00495	0.00517	0.00863	0.01231	0.01523	0.09884	0.07513	0.51803	0.03246	0.00709	0.00204	0.00327	0.17361	0.00500	0.00463
17	0.00781	0.00520	0.00585	0.00585	0.00585	0.00520	0.00325	0.00781	0.00781	0.01041	0.01691	0.03513	0.01952	0.81135	0.02732	0.00520	0.00520	0.00781	0.00325	0.00325
18	0.00775	0.00526	0.00622	0.00626	0.00639	0.00537	0.00375	0.00802	0.00799	0.01077	0.01698	0.05737	0.01924	0.68839	0.12387	0.00555	0.00631	0.00778	0.00326	0.00348
19	0.00780	0.00524	0.00604	0.00604	0.00611	0.00531	0.00349	0.00793	0.00786	0.01055	0.01674	0.03418	0.01910	0.75939	0.07872	0.00543	0.00582	0.00767	0.00323	0.00336
20	0.01248	0.01449	0.04857	0.06096	0.02806	0.01353	0.68627	0.01692	0.01244	0.01692	0.01068	0.01433	0.00804	0.00469	0.00652	0.00182	0.02729	0.00616	0.00268	0.00716
21	0.00671	0.00479	0.00642	0.00767	0.00805	0.00450	0.00527	0.00776	0.01044	0.01389	0.02949	0.74856	0.03514	0.01666	0.00690	0.00220	0.00326	0.07289	0.00498	0.00441
22	0.01435	0.81458	0.02813	0.00918	0.01378	0.02124	0.00918	0.01607	0.01091	0.01263	0.00746	0.00861	0.00689	0.00459	0.00344	0.00115	0.00574	0.00287	0.00230	0.00689
23	0.00656	0.00474	0.00621	0.00734	0.00776	0.00439	0.00494	0.00756	0.01053	0.01397	0.05254	0.74369	0.07698	0.01647	0.00681	0.00215	0.00308	0.01488	0.00501	0.00439
24	0.10115	0.01217	0.10185	0.01169	0.01630	0.00981	0.10469	0.02308	0.05153	0.48567	0.01725	0.01616	0.01132	0.00607	0.00528	0.00169	0.00546	0.00515	0.00526	0.00840
25	0.01335	0.01153	0.01214	0.01092	0.01396	0.01335	0.00850	0.02852	0.76817	0.02245	0.02185	0.02003	0.01639	0.00728	0.00546	0.00182	0.00425	0.00607	0.00546	0.00850
26	0.01026	0.00979	0.01689	0.75933	0.03652	0.01201	0.05239	0.01389	0.01083	0.01389	0.00961	0.01432	0.00721	0.00532	0.00542	0.00179	0.00725	0.00485	0.00240	0.00603
27	0.00723	0.00547	0.00666	0.00636	0.00779	0.00491	0.00477	0.00941	0.01432	0.01944	0.56157	0.04352	0.26542	0.01175	0.00633	0.00173	0.00259	0.01019	0.00564	0.00491
28	0.01267	0.01448	0.03167	0.02262	0.02805	0.01357	0.75837	0.01719	0.01267	0.01719	0.01086	0.01448	0.00814	0.00452	0.00633	0.00181	0.00905	0.00633	0.00271	0.00724
29	0.00827	0.00579	0.00827	0.04772	0.01029	0.00663	0.00653	0.01038	0.00926	0.01405	0.01477	0.02053	0.01317	0.03163	0.59158	0.00679	0.01161	0.00555	0.17228	0.00489
30	0.02408	0.00914	0.01246	0.00955	0.01370	0.00789	0.00789	0.02616	0.01536	0.78158	0.02118	0.01827	0.01329	0.00664	0.00540	0.00166	0.00457	0.00540	0.00664	0.00914
31	0.00673	0.00481	0.00645	0.00770	0.00809	0.00453	0.00532	0.00781	0.01047	0.01392	0.02948	0.73939	0.03508	0.01664	0.00690	0.00221	0.00328	0.08181	0.00498	0.00441
32	0.02005	0.02558	0.01521	0.01383	0.01659	0.78980	0.01037	0.02143	0.01521	0.01314	0.00830	0.00968	0.00691	0.00553	0.00484	0.00138	0.00968	0.00346	0.00277	0.00622
33	0.00803	0.00611	0.00760	0.00808	0.00940	0.00597	0.00634	0.01121	0.08644	0.01684	0.16470	0.22053	0.16889	0.01363	0.00671	0.00208	0.00363	0.24352	0.00518	0.00511
34	0.01086	0.04787	0.76423	0.01514	0.02299	0.01269	0.01956	0.01698	0.01132	0.01689	0.00958	0.01126	0.00680	0.00509	0.00506	0.00169	0.00788	0.00394	0.00227	0.00791
35	0.01235	0.01671	0.15813	0.02139	0.02724	0.01339	0.63415	0.01716	0.01244	0.01716	0.01065	0.01395	0.00792	0.00462	0.00613	0.00179	0.00886	0.00594	0.00264	0.00736
36	0.00769	0.00567	0.00820	0.00820	0.00901	0.00648	0.00618	0.00931	0.00850	0.01215	0.01477	0.02324	0.01435	0.15821	0.67340	0.00810	0.01297	0.00607	0.00293	0.00456
37	0.01293	0.50241	0.32784	0.01161	0.01753	0.01776	0.01341	0.01644	0.01108	0.01436	0.00832	0.00969	0.00685	0.00479	0.00410	0.00137	0.00661	0.00331	0.00228	0.00730
38	0.00864	0.00592	0.00667	0.00633	0.00820	0.00516	0.00477	0.01049	0.02793	0.09794	0.16665	0.08705	0.49886	0.03286	0.00679	0.00188	0.00300	0.01045	0.00528	0.00515
39	0.02408	0.00914	0.01246	0.00955	0.01370	0.00789	0.00789	0.02616	0.01536	0.78158	0.02118	0.01827	0.01329	0.00664	0.00540	0.00166	0.00457	0.00540	0.00664	0.00914
40	0.01279	0.01413	0.02969	0.02470	0.17848	0.01341	0.60953	0.01705	0.01258	0.01726	0.01071	0.01424	0.00822	0.00458	0.00613	0.00177	0.00851	0.00602	0.00270	0.00749
41	0.01270	0.05925	0.05456	0.02165	0.02711	0.01397	0.69416	0.01713	0.01253	0.01694	0.01063	0.01406	0.00803	0.00455	0.00614	0.00177	0.00883	0.00607	0.00268	0.00724
42	0.00669	0.00477	0.00635	0.00757	0.00792	0.00448	0.00514	0.00769	0.01033	0.01375	0.02919	0.74630	0.03483	0.03739	0.00742	0.00227	0.00327	0.05535	0.00494	0.00436
43	0.01014	0.00954	0.01610	0.79845	0.03697	0.01193	0.01491	0.01371	0.01073	0.01371	0.00954	0.01431	0.00716	0.00537	0.00537	0.00179	0.00716	0.00477	0.00239	0.00596
44	0.01652	0.05430	0.25182	0.01389	0.01832	0.46255	0.01315	0.03953	0.02844	0.01513	0.00968	0.01199	0.00785	0.00571	0.00497	0.00152	0.00865	0.02634	0.00278	0.00686
45	0.01316	0.01274	0.02210	0.05624	0.71741	0.01277	0.05344	0.01642	0.01220	0.01740	0.01012	0.01338	0.00844	0.00479	0.00537	0.00161	0.00653	0.00486	0.00265	0.00836
46	0.00654	0.00467	0.00623	0.00747	0.00779	0.00436	0.00498	0.00747	0.01028	0.01370	0.02959	0.80785	0.03550	0.01682	0.00685	0.00218	0.00311	0.01526	0.00498	0.00436
47	0.01541	0.03068	0.01292	0.01103	0.01424	0.08356	0.00866	0.04698	0.57612	0.10905	0.01998	0.01844	0.01476	0.00697	0.00535	0.00174	0.00486	0.00565	0.00528	0.00834
48	0.01077	0.02777	0.78354	0.01530	0.02323	0.01247	0.01983	0.01700	0.01133	0.01700	0.00963	0.01133	0.00680	0.00510	0.00510	0.00170	0.00793	0.00397	0.00227	0.00793
49	0.00741	0.00548	0.00691	0.00656	0.00790	0.00498	0.00492	0.00976	0.01475	0.02047	0.66664	0.04184	0.15970	0.01137	0.00633	0.00171	0.00256	0.00995	0.00577	0.00498
50	0.01092	0.06096	0.75167	0.01504	0.02283	0.01284	0.01938	0.01696	0.01132	0.01682	0.00954	0.01122	0.00680	0.00508	0.00503	0.00168	0.00784	0.00392	0.00227	0.00789
51	0.01655	0.01477	0.20868	0.01152	0.01617	0.01109	0.01114	0.04848	0.26692	0.28920	0.01839	0.03585	0.01307	0.00670	0.00538	0.00174	0.00533	0.00548	0.00505	0.00850
52	0.01089	0.02702	0.74553	0.01618	0.06089	0.01248	0.01967	0.01697	0.01138	0.01703	0.00966	0.01143	0.00688	0.00508	0.00511	0.00169	0.00786	0.00401	0.00229	0.00796
53	0.00836	0.00599	0.00704	0.00655	0.00829	0.00540	0.00498	0.03702	0.01434	0.05664	0.41162	0.04283	0.34771	0.01168	0.00626	0.00174	0.00283	0.00999	0.00554	0.00519
54	0.00804	0.00609	0.00669	0.00655	0.00834	0.00551	0.00492	0.02756	0.05489	0.05060	0.11204	0.14385	0.50753	0.01296	0.00631	0.00185	0.00303	0.02297	0.00518	0.00510
55	0.01201	0.01145	0.01949	0.34254	0.47823	0.01242	0.01584	0.01536	0.01162	0.01599	0.00987	0.01370	0.00796	0.00502	0.00534	0.00167	0.00669	0.00478	0.00255	0.00748
56	0.01186	0.01313	0.02802	0.06398	0.02633	0.01247	0.63460	0.01594	0.01230	0.01662	0.01284	0.10140	0.01109	0.00592	0.00634	0.00185	0.00829	0.00723	0.00295	0.00685
57	0.01199	0.01296	0.02667	0.20339	0.08987	0.01291	0.50837	0.01610	0.01213	0.01633	0.01093	0.03292	0.00858	0.00503	0.00604	0.00180	0.00826	0.00606	0.00269	0.00698
58	0.01153	0.09578	0.62940	0.01534	0.02260	0.03751	0.08127	0.01707	0.01153	0.01651	0.00950	0.01131	0.00693	0.00502	0.00505	0.00165	0.00789	0.00406	0.00232	0.00773
59	0.09280	0.05571	0.02470	0.01005	0.01410	0.01147	0.00844	0.22728	0.03601	0.37896	0.03619	0.02963	0.01232	0.00654	0.00511	0.00161	0.00491	0.00510	0.00551	0.03357
60	0.01285	0.01231	0.02100	0.13937	0.67487	0.01264	0.01626	0.01609	0.01202	0.01701	0.01002	0.01343	0.00832	0.00486	0.00532	0.00162	0.00649	0.00478	0.00262	0.00815
61	0.01050	0.00994	0.01662	0.68809	0.10042	0.01225	0.01487	0.01391	0.01072	0.01400	0.00945	0.01408	0.00727	0.00554	0.00604	0.00180	0.05114	0.00477	0.00241	0.00618
62	0.84927	0.01038	0.00789	0.00706	0.01038	0.01204	0.00581	0.01578	0.00914	0.02408	0.00747	0.00872	0.00581	0.00498	0.00332	0.00166	0.00415	0.00291	0.00332	0.00581
63	0.01702	0.01258	0.01381	0.01115	0.01464	0.01358	0.00899	0.56127	0.02138	0.02876	0.01627	0.16331	0.01461	0.00849	0.00563	0.00170	0.00526	0.02650	0.00518	0.04988

[dist]
# distance from previous block
# <min> <max>
0	2

[block]
# block no. 5 follows, 45 sequences, length 16
# corresponding to MSA columns:
# 807-822
name=unknown_F
#
# <colnr> <probs for GDERKNQSTAVLIFYWHMCP>
#	G	D	E	R	K	N	Q	S	T	A	V	L	I	F	Y	W	H	M	C	P
0	0.01924	0.01389	0.01504	0.01168	0.01576	0.01513	0.00958	0.63359	0.05020	0.06713	0.01540	0.03233	0.03832	0.00691	0.00540	0.00162	0.00555	0.00533	0.00535	0.03256
1	0.01315	0.01262	0.02155	0.06547	0.74639	0.01272	0.01641	0.01636	0.01216	0.01737	0.01007	0.01333	0.00845	0.00481	0.00532	0.00160	0.00641	0.00478	0.00265	0.00839
2	0.05103	0.01488	0.01463	0.01176	0.01551	0.09390	0.00951	0.51358	0.12062	0.02909	0.06027	0.01501	0.01228	0.00668	0.00531	0.00162	0.00580	0.00508	0.00507	0.00837
3	0.01110	0.10139	0.71286	0.01473	0.02235	0.01329	0.01884	0.01691	0.01129	0.01659	0.00943	0.01108	0.00681	0.00505	0.00494	0.00165	0.00773	0.00386	0.00227	0.00784
4	0.02334	0.00897	0.01222	0.00942	0.01345	0.00776	0.00776	0.02543	0.01536	0.74716	0.05532	0.01926	0.01498	0.00684	0.00544	0.00166	0.00448	0.00559	0.00661	0.00895
5	0.01267	0.01448	0.03167	0.02262	0.02805	0.01357	0.75837	0.01719	0.01267	0.01719	0.01086	0.01448	0.00814	0.00452	0.00633	0.00181	0.00905	0.00633	0.00271	0.00724
6	0.01435	0.81458	0.02813	0.00918	0.01378	0.02124	0.00918	0.01607	0.01091	0.01263	0.00746	0.00861	0.00689	0.00459	0.00344	0.00115	0.00574	0.00287	0.00230	0.00689
7	0.01259	0.01203	0.02066	0.02932	0.63770	0.01193	0.06097	0.01573	0.01226	0.01727	0.01340	0.01880	0.04031	0.00595	0.00559	0.00169	0.00628	0.06660	0.00294	0.00797
8	0.23819	0.00978	0.01137	0.00902	0.01288	0.00953	0.00743	0.07762	0.01447	0.50434	0.04105	0.01608	0.01222	0.00633	0.00489	0.00166	0.00449	0.00484	0.00566	0.00814
9	0.00642	0.00514	0.00574	0.00622	0.00746	0.00447	0.00443	0.00762	0.01148	0.01419	0.04484	0.34260	0.49091	0.01483	0.00654	0.00195	0.00287	0.01284	0.00498	0.00447
10	0.01889	0.04658	0.01634	0.07503	0.01802	0.21251	0.01065	0.45250	0.02025	0.02527	0.01100	0.01198	0.00823	0.00619	0.00571	0.00158	0.04273	0.00440	0.00422	0.00791
11	0.00650	0.00515	0.00587	0.00643	0.00760	0.00452	0.00460	0.00772	0.01143	0.01422	0.04329	0.36394	0.44563	0.01497	0.00659	0.00199	0.00296	0.03715	0.00498	0.00447
12	0.00651	0.00499	0.00598	0.00669	0.00760	0.00445	0.00465	0.00768	0.01122	0.01435	0.07184	0.49399	0.31004	0.01537	0.00664	0.00202	0.00294	0.01356	0.00502	0.00445
13	0.01058	0.01012	0.01570	0.73773	0.03507	0.04668	0.01435	0.01402	0.01095	0.01389	0.00974	0.01429	0.00736	0.00540	0.00529	0.00175	0.00712	0.00472	0.02930	0.00594
14	0.00743	0.00500	0.00663	0.00747	0.00805	0.00466	0.00514	0.00860	0.01101	0.04349	0.11674	0.63924	0.03574	0.04491	0.00750	0.00222	0.00323	0.03326	0.00509	0.00460
15	0.01014	0.00954	0.01610	0.79845	0.03697	0.01193	0.01491	0.01371	0.01073	0.01371	0.00954	0.01431	0.00716	0.00537	0.00537	0.00179	0.00716	0.00477	0.00239	0.00596

[dist]
# distance from previous block
# <min> <max>
0	10

[block]
# block no. 6 follows, 45 sequences, length 57
# corresponding to MSA columns:
# 833-889
name=unknown_G
#
# <colnr> <probs for GDERKNQSTAVLIFYWHMCP>
#	G	D	E	R	K	N	Q	S	T	A	V	L	I	F	Y	W	H	M	C	P
0	0.07098	0.00996	0.01261	0.00977	0.01386	0.00930	0.00805	0.11031	0.03854	0.62898	0.01945	0.01715	0.01247	0.00654	0.00528	0.00166	0.00469	0.00521	0.00627	0.00892
1	0.01420	0.78177	0.05963	0.00944	0.01417	0.02087	0.00963	0.01611	0.01092	0.01281	0.00755	0.00872	0.00688	0.00461	0.00351	0.00117	0.00583	0.00292	0.00229	0.00693
2	0.00672	0.00483	0.00642	0.00763	0.00806	0.00452	0.00528	0.00780	0.01052	0.01393	0.03022	0.71987	0.05706	0.01655	0.00689	0.00219	0.00326	0.07886	0.00498	0.00442
3	0.01263	0.01437	0.03104	0.02227	0.02747	0.01369	0.72724	0.01702	0.01248	0.01702	0.01070	0.01437	0.00810	0.00473	0.00681	0.00183	0.04210	0.00627	0.00270	0.00718
4	0.03571	0.04698	0.03107	0.02254	0.37749	0.33482	0.01326	0.04584	0.01381	0.01628	0.00929	0.01147	0.00772	0.00516	0.00500	0.00149	0.00768	0.00411	0.00280	0.00745
5	0.02408	0.00914	0.01246	0.00955	0.01370	0.00789	0.00789	0.02616	0.01536	0.78158	0.02118	0.01827	0.01329	0.00664	0.00540	0.00166	0.00457	0.00540	0.00664	0.00914
6	0.00662	0.00545	0.00582	0.00573	0.00742	0.00465	0.00430	0.00824	0.01289	0.01606	0.21452	0.04909	0.61458	0.01301	0.00634	0.00178	0.00268	0.01097	0.00519	0.00465
7	0.02841	0.22131	0.45232	0.01486	0.02144	0.01483	0.14235	0.01678	0.01141	0.01608	0.00926	0.01114	0.00703	0.00487	0.00486	0.00158	0.00750	0.00407	0.00237	0.00751
8	0.03494	0.06331	0.01606	0.01275	0.04176	0.17502	0.00999	0.43848	0.07464	0.04527	0.01238	0.01271	0.00918	0.00612	0.00508	0.00155	0.00643	0.00450	0.02165	0.00819
9	0.01077	0.02777	0.78354	0.01530	0.02323	0.01247	0.01983	0.01700	0.01133	0.01700	0.00963	0.01133	0.00680	0.00510	0.00510	0.00170	0.00793	0.00397	0.00227	0.00793
10	0.01893	0.14190	0.01739	0.01393	0.04747	0.64404	0.01045	0.02044	0.01445	0.01324	0.00825	0.00967	0.00698	0.00536	0.00465	0.00136	0.00896	0.00342	0.00269	0.00642
11	0.00767	0.00575	0.00863	0.00863	0.00959	0.00671	0.00671	0.00959	0.00863	0.01246	0.01438	0.02109	0.01342	0.04026	0.79008	0.00863	0.01438	0.00575	0.00288	0.00479
12	0.12125	0.09940	0.01359	0.00933	0.01327	0.01050	0.00782	0.04019	0.08130	0.50253	0.03509	0.01657	0.01271	0.00637	0.00496	0.00162	0.00460	0.00496	0.00561	0.00833
13	0.00794	0.00574	0.00780	0.03616	0.03686	0.00558	0.00608	0.03585	0.01178	0.03021	0.13867	0.57689	0.03434	0.01451	0.00660	0.00205	0.00345	0.02956	0.00499	0.00494
14	0.02408	0.00914	0.01246	0.00955	0.01370	0.00789	0.00789	0.02616	0.01536	0.78158	0.02118	0.01827	0.01329	0.00664	0.00540	0.00166	0.00457	0.00540	0.00664	0.00914
15	0.02399	0.00929	0.01255	0.00962	0.01378	0.00812	0.00795	0.04555	0.01562	0.76182	0.02096	0.01813	0.01318	0.00664	0.00540	0.00166	0.00460	0.00538	0.00661	0.00914
16	0.04201	0.06133	0.31029	0.02022	0.24981	0.01306	0.09555	0.06867	0.01266	0.03190	0.01084	0.04006	0.00871	0.00544	0.00523	0.00166	0.00696	0.00485	0.00286	0.00788
17	0.00654	0.00467	0.00623	0.00747	0.00779	0.00436	0.00498	0.00747	0.01028	0.01370	0.02959	0.80785	0.03550	0.01682	0.00685	0.00218	0.00311	0.01526	0.00498	0.00436
18	0.01014	0.00954	0.01610	0.79845	0.03697	0.01193	0.01491	0.01371	0.01073	0.01371	0.00954	0.01431	0.00716	0.00537	0.00537	0.00179	0.00716	0.00477	0.00239	0.00596
19	0.01435	0.81458	0.02813	0.00918	0.01378	0.02124	0.00918	0.01607	0.01091	0.01263	0.00746	0.00861	0.00689	0.00459	0.00344	0.00115	0.00574	0.00287	0.00230	0.00689
20	0.01177	0.12808	0.53257	0.03634	0.04839	0.01383	0.08416	0.03406	0.03142	0.01690	0.00986	0.01167	0.00730	0.00507	0.00502	0.00164	0.00753	0.00416	0.00248	0.00774
21	0.00644	0.00547	0.00557	0.00562	0.00741	0.00460	0.00427	0.00785	0.01224	0.01457	0.05330	0.05203	0.74463	0.01365	0.00639	0.00184	0.00281	0.04179	0.00498	0.00455
22	0.02023	0.01406	0.01514	0.01175	0.01582	0.03441	0.00966	0.61098	0.02295	0.12438	0.01395	0.01388	0.00982	0.00737	0.02693	0.00180	0.00598	0.00490	0.02716	0.00883
23	0.01335	0.01376	0.05304	0.05832	0.66811	0.04467	0.01610	0.01692	0.03223	0.01733	0.01029	0.01327	0.00853	0.00491	0.00529	0.00160	0.00655	0.00473	0.00271	0.00829
24	0.00654	0.00467	0.00623	0.00747	0.00779	0.00436	0.00498	0.00747	0.01028	0.01370	0.02959	0.80785	0.03550	0.01682	0.00685	0.00218	0.00311	0.01526	0.00498	0.00436
25	0.01077	0.02777	0.78354	0.01530	0.02323	0.01247	0.01983	0.01700	0.01133	0.01700	0.00963	0.01133	0.00680	0.00510	0.00510	0.00170	0.00793	0.00397	0.00227	0.00793
26	0.04398	0.00940	0.01223	0.00957	0.01351	0.00858	0.00785	0.05161	0.06887	0.65015	0.05156	0.01885	0.01470	0.00682	0.00539	0.00167	0.00450	0.00554	0.00640	0.00884
27	0.01142	0.13492	0.62549	0.01535	0.04919	0.01372	0.04463	0.01686	0.01135	0.01643	0.00940	0.01114	0.00692	0.00500	0.00492	0.00162	0.00762	0.00393	0.00230	0.00779
28	0.02000	0.01476	0.01580	0.01215	0.01638	0.01630	0.01003	0.73825	0.02486	0.03327	0.01409	0.01401	0.03126	0.00665	0.00540	0.00162	0.00581	0.00502	0.00536	0.00900
29	0.00659	0.00469	0.00622	0.00742	0.00772	0.00439	0.00492	0.00749	0.01019	0.01358	0.02913	0.78011	0.03493	0.04534	0.00759	0.00229	0.00319	0.01499	0.00492	0.00432
30	0.02205	0.00939	0.01226	0.00968	0.01358	0.00862	0.00790	0.02607	0.12636	0.64872	0.04204	0.01913	0.01477	0.00686	0.00543	0.00169	0.00446	0.00562	0.00645	0.00893
31	0.01923	0.00852	0.01121	0.00902	0.01237	0.00773	0.00728	0.05223	0.04638	0.52430	0.19519	0.04370	0.02245	0.00793	0.00565	0.00169	0.00410	0.00665	0.00633	0.00804
32	0.02041	0.01504	0.01611	0.01235	0.01665	0.01665	0.01020	0.75997	0.02524	0.03383	0.01289	0.01289	0.00913	0.00644	0.00537	0.00161	0.00591	0.00483	0.00537	0.00913
33	0.02007	0.00825	0.01094	0.00875	0.01228	0.00713	0.00709	0.02199	0.01461	0.60652	0.04371	0.06693	0.13058	0.00835	0.00564	0.00171	0.00416	0.00693	0.00629	0.00809
34	0.01326	0.01293	0.02025	0.11609	0.61231	0.04979	0.01552	0.01714	0.05828	0.01720	0.01067	0.01364	0.00876	0.00504	0.00531	0.00162	0.00649	0.00480	0.00280	0.00811
35	0.02369	0.00905	0.01233	0.00948	0.01357	0.00782	0.00782	0.02577	0.01536	0.76325	0.03936	0.01880	0.01419	0.00675	0.00542	0.00166	0.00452	0.00550	0.00663	0.00904
36	0.00780	0.00669	0.01146	0.01059	0.01196	0.00626	0.15999	0.00947	0.01077	0.01442	0.02573	0.64461	0.02987	0.01429	0.00675	0.00210	0.00434	0.01342	0.00452	0.00495
37	0.02185	0.00863	0.01169	0.00916	0.01293	0.00748	0.00749	0.02391	0.01512	0.68122	0.07917	0.04184	0.03931	0.00745	0.00553	0.00168	0.00432	0.00616	0.00650	0.00857
38	0.00815	0.00632	0.00898	0.00872	0.00939	0.00751	0.00662	0.00962	0.00843	0.01213	0.01404	0.02268	0.01385	0.18118	0.56126	0.00729	0.10032	0.00602	0.00289	0.00462
39	0.01132	0.02305	0.56563	0.01541	0.02223	0.01195	0.12848	0.01711	0.03437	0.04396	0.03954	0.01477	0.03655	0.00565	0.00539	0.00172	0.00749	0.00490	0.00281	0.00766
40	0.01984	0.02412	0.01553	0.01437	0.04396	0.68809	0.01057	0.09174	0.01606	0.01527	0.00880	0.01012	0.00718	0.00559	0.00491	0.00141	0.00920	0.00364	0.00301	0.00658
41	0.01858	0.00819	0.01082	0.00881	0.01204	0.00736	0.00708	0.02150	0.06086	0.51475	0.19276	0.05184	0.04470	0.00822	0.00569	0.00170	0.00398	0.00693	0.00630	0.00788
42	0.01278	0.01597	0.11274	0.04274	0.13628	0.04884	0.49472	0.01708	0.01248	0.01695	0.01043	0.01364	0.00796	0.00468	0.00589	0.00172	0.00839	0.00559	0.00266	0.02845
43	0.00768	0.00571	0.00839	0.00839	0.00927	0.00658	0.00642	0.00944	0.00856	0.01229	0.01459	0.02227	0.01393	0.10530	0.72575	0.00834	0.01360	0.00592	0.00291	0.00466
44	0.02168	0.01031	0.04982	0.00992	0.01401	0.00875	0.00848	0.08788	0.03123	0.60959	0.04793	0.04587	0.01483	0.00708	0.00547	0.00168	0.00471	0.00580	0.00621	0.00875
45	0.00780	0.00523	0.00597	0.00597	0.00601	0.00527	0.00339	0.00788	0.00784	0.01049	0.01681	0.03455	0.01926	0.77965	0.05868	0.00534	0.00558	0.00772	0.00324	0.00332
46	0.01011	0.00940	0.01583	0.77490	0.03608	0.01171	0.01460	0.01351	0.01062	0.01358	0.00953	0.01437	0.00722	0.00576	0.00583	0.02685	0.00708	0.00477	0.00238	0.00585
47	0.00654	0.00467	0.00623	0.00747	0.00779	0.00436	0.00498	0.00747	0.01028	0.01370	0.02959	0.80785	0.03550	0.01682	0.00685	0.00218	0.00311	0.01526	0.00498	0.00436
48	0.84927	0.01038	0.00789	0.00706	0.01038	0.01204	0.00581	0.01578	0.00914	0.02408	0.00747	0.00872	0.00581	0.00498	0.00332	0.00166	0.00415	0.00291	0.00332	0.00581
49	0.01252	0.01549	0.08883	0.02207	0.02769	0.01349	0.70223	0.01718	0.01257	0.01718	0.01077	0.01424	0.00804	0.00457	0.00624	0.00180	0.00896	0.00615	0.00268	0.00729
50	0.01282	0.01228	0.02085	0.10015	0.69170	0.01246	0.01601	0.01600	0.01209	0.01712	0.01122	0.01439	0.02872	0.00507	0.00535	0.00162	0.00635	0.00496	0.00269	0.00817
51	0.00741	0.00534	0.00701	0.00688	0.00798	0.00494	0.00505	0.00966	0.01433	0.02015	0.64436	0.17469	0.04799	0.01200	0.00642	0.00177	0.00263	0.01068	0.00575	0.00494
52	0.01159	0.01172	0.03352	0.48541	0.17619	0.04722	0.05755	0.01574	0.05727	0.01520	0.01035	0.01413	0.00801	0.00543	0.00573	0.00175	0.02895	0.00486	0.00266	0.00673
53	0.01174	0.01174	0.01644	0.01409	0.01409	0.01644	0.01174	0.01292	0.00822	0.01292	0.00705	0.01174	0.00705	0.00940	0.01762	0.00235	0.80153	0.00470	0.00235	0.00587
54	0.01341	0.01302	0.02168	0.03185	0.72878	0.02820	0.03337	0.01685	0.02873	0.01755	0.01033	0.01339	0.00863	0.00485	0.00533	0.00160	0.00646	0.00482	0.00272	0.00843
55	0.01055	0.00982	0.01056	0.01193	0.13075	0.10974	0.00766	0.01373	0.08012	0.03188	0.22126	0.06877	0.23683	0.01044	0.02065	0.00183	0.00457	0.00835	0.00460	0.00595
56	0.00825	0.00596	0.00714	0.00687	0.00690	0.00652	0.00432	0.00844	0.00788	0.01075	0.01572	0.03206	0.01792	0.69771	0.04885	0.00498	0.09561	0.00739	0.00314	0.00359

[dist]
# distance from previous block
# <min> <max>
1	31

[block]
# block no. 7 follows, 45 sequences, length 52
# corresponding to MSA columns:
# 921-972
name=unknown_H
#
# <colnr> <probs for GDERKNQSTAVLIFYWHMCP>
#	G	D	E	R	K	N	Q	S	T	A	V	L	I	F	Y	W	H	M	C	P
0	0.00767	0.00575	0.00863	0.00863	0.00959	0.00671	0.00671	0.00959	0.00863	0.01246	0.01438	0.02109	0.01342	0.04026	0.79008	0.00863	0.01438	0.00575	0.00288	0.00479
1	0.01056	0.01049	0.04770	0.62234	0.03283	0.01167	0.07487	0.03336	0.01135	0.01503	0.01105	0.01520	0.02228	0.00552	0.00536	0.00175	0.00696	0.00501	0.05052	0.00615
2	0.27114	0.00951	0.01109	0.00880	0.01271	0.00913	0.00727	0.02305	0.01350	0.55480	0.01707	0.01541	0.01105	0.00615	0.00478	0.00166	0.00444	0.00465	0.00565	0.00814
3	0.00746	0.00548	0.00699	0.00661	0.00794	0.00501	0.00496	0.00987	0.01488	0.02078	0.69889	0.04132	0.12726	0.01125	0.00633	0.00170	0.00255	0.00988	0.00581	0.00501
4	0.00688	0.00546	0.00618	0.00600	0.00758	0.00476	0.00450	0.00875	0.01351	0.01752	0.36427	0.04669	0.46392	0.01247	0.00634	0.00176	0.00264	0.01063	0.00538	0.00476
5	0.00992	0.00502	0.00508	0.00506	0.00631	0.00501	0.00380	0.01243	0.01139	0.02006	0.04316	0.02069	0.01501	0.00641	0.00384	0.00127	0.00250	0.00516	0.81287	0.00501
6	0.84927	0.01038	0.00789	0.00706	0.01038	0.01204	0.00581	0.01578	0.00914	0.02408	0.00747	0.00872	0.00581	0.00498	0.00332	0.00166	0.00415	0.00291	0.00332	0.00581
7	0.00865	0.00618	0.00865	0.00989	0.01112	0.00618	0.00865	0.01112	0.01236	0.01606	0.02842	0.06055	0.03089	0.01483	0.00741	0.00247	0.00494	0.74174	0.00494	0.00494
8	0.01435	0.81458	0.02813	0.00918	0.01378	0.02124	0.00918	0.01607	0.01091	0.01263	0.00746	0.00861	0.00689	0.00459	0.00344	0.00115	0.00574	0.00287	0.00230	0.00689
9	0.01113	0.00954	0.01113	0.00795	0.01272	0.00716	0.00636	0.01352	0.01113	0.01749	0.00954	0.01113	0.00795	0.00398	0.00398	0.00080	0.00398	0.00318	0.00318	0.84417
10	0.00745	0.00559	0.00693	0.00664	0.00803	0.00513	0.00500	0.00996	0.02917	0.01986	0.58559	0.05715	0.19686	0.01162	0.00635	0.00174	0.00266	0.02358	0.00568	0.00501
11	0.01001	0.00500	0.00500	0.00500	0.00625	0.00500	0.00375	0.01251	0.01126	0.02001	0.01751	0.02001	0.01376	0.00625	0.00375	0.00125	0.00250	0.00500	0.84115	0.00500
12	0.03748	0.00651	0.00658	0.00608	0.00780	0.00680	0.00469	0.10040	0.03242	0.02182	0.01677	0.01883	0.01304	0.00626	0.00397	0.00132	0.00300	0.00495	0.69570	0.00560
13	0.01077	0.02777	0.78354	0.01530	0.02323	0.01247	0.01983	0.01700	0.01133	0.01700	0.00963	0.01133	0.00680	0.00510	0.00510	0.00170	0.00793	0.00397	0.00227	0.00793
14	0.01970	0.01468	0.01571	0.01221	0.01638	0.01632	0.01003	0.68659	0.09977	0.03269	0.01379	0.01360	0.00986	0.00653	0.00538	0.00163	0.00574	0.00496	0.00538	0.00907
15	0.01860	0.01589	0.01679	0.01629	0.15743	0.12544	0.01128	0.47221	0.06739	0.02717	0.01227	0.01295	0.00915	0.00606	0.00529	0.00159	0.00643	0.00470	0.00450	0.00856
16	0.02027	0.01469	0.01583	0.01219	0.01644	0.01620	0.01005	0.70542	0.05296	0.06080	0.01353	0.01335	0.00956	0.00648	0.00537	0.00162	0.00580	0.00490	0.00542	0.00911
17	0.00932	0.00466	0.00699	0.00699	0.00699	0.00466	0.00466	0.00699	0.00699	0.00932	0.00932	0.01632	0.00932	0.01865	0.02098	0.84382	0.00466	0.00466	0.00233	0.00233
18	0.00852	0.00621	0.00861	0.03007	0.01151	0.00621	0.00848	0.01094	0.01231	0.01589	0.02983	0.05870	0.08489	0.01449	0.00728	0.00241	0.00484	0.66901	0.00488	0.00494
19	0.01108	0.09594	0.71808	0.01477	0.02241	0.01323	0.01891	0.01692	0.01130	0.01662	0.00945	0.01110	0.00681	0.00506	0.00496	0.00165	0.00774	0.00387	0.00227	0.00784
20	0.04936	0.01211	0.01122	0.00990	0.01277	0.13907	0.00770	0.05947	0.26859	0.14190	0.07126	0.04309	0.13439	0.00821	0.00548	0.00170	0.00491	0.00661	0.00505	0.00721
21	0.02408	0.00914	0.01246	0.00955	0.01370	0.00789	0.00789	0.02616	0.01536	0.78158	0.02118	0.01827	0.01329	0.00664	0.00540	0.00166	0.00457	0.00540	0.00664	0.00914
22	0.02976	0.03657	0.10870	0.03520	0.05698	0.18606	0.33856	0.01744	0.01238	0.01572	0.00949	0.01243	0.00751	0.00544	0.00704	0.00174	0.10447	0.00498	0.00262	0.00692
23	0.00751	0.00548	0.00705	0.00666	0.00797	0.00503	0.00500	0.00996	0.01499	0.02103	0.72458	0.04091	0.10141	0.01116	0.00633	0.00170	0.00255	0.00982	0.00584	0.00503
24	0.05173	0.19855	0.36526	0.01546	0.10309	0.03187	0.04792	0.03619	0.01176	0.04463	0.00953	0.01123	0.00733	0.00520	0.00525	0.00158	0.03924	0.00396	0.00264	0.00759
25	0.01369	0.01329	0.02159	0.05023	0.67423	0.04112	0.04524	0.04386	0.01279	0.01787	0.01015	0.01321	0.00842	0.00488	0.00534	0.00160	0.00660	0.00480	0.00276	0.00833
26	0.00654	0.00467	0.00623	0.00747	0.00779	0.00436	0.00498	0.00747	0.01028	0.01370	0.02959	0.80785	0.03550	0.01682	0.00685	0.00218	0.00311	0.01526	0.00498	0.00436
27	0.01600	0.01238	0.01422	0.01170	0.03470	0.01305	0.02767	0.35740	0.17018	0.04764	0.01513	0.06358	0.01206	0.00677	0.00547	0.00156	0.01914	0.00548	0.00481	0.16105
28	0.01138	0.01096	0.01888	0.51438	0.14126	0.01270	0.10722	0.04185	0.01157	0.01539	0.00976	0.01398	0.00754	0.00546	0.00622	0.00179	0.05552	0.00496	0.00257	0.00660
29	0.84927	0.01038	0.00789	0.00706	0.01038	0.01204	0.00581	0.01578	0.00914	0.02408	0.00747	0.00872	0.00581	0.00498	0.00332	0.00166	0.00415	0.00291	0.00332	0.00581
30	0.01637	0.01214	0.01370	0.02669	0.01517	0.01183	0.00847	0.37080	0.01813	0.07414	0.01188	0.01249	0.00884	0.00535	0.00476	0.00126	0.00500	0.00414	0.00443	0.37439
31	0.01826	0.17033	0.01729	0.01261	0.01578	0.54190	0.00994	0.03970	0.09786	0.01459	0.00975	0.01071	0.00801	0.00557	0.00466	0.00139	0.00825	0.00367	0.00304	0.00667
32	0.01267	0.01448	0.03167	0.02262	0.02805	0.01357	0.75837	0.01719	0.01267	0.01719	0.01086	0.01448	0.00814	0.00452	0.00633	0.00181	0.00905	0.00633	0.00271	0.00724
33	0.01113	0.00954	0.01113	0.00795	0.01272	0.00716	0.00636	0.01352	0.01113	0.01749	0.00954	0.01113	0.00795	0.00398	0.00398	0.00080	0.00398	0.00318	0.00318	0.84417
34	0.00780	0.00523	0.00596	0.00596	0.00600	0.00526	0.00339	0.00788	0.00784	0.01049	0.01681	0.03457	0.01927	0.78094	0.05740	0.00534	0.00557	0.00773	0.00324	0.00331
35	0.00767	0.00575	0.00863	0.00863	0.00959	0.00671	0.00671	0.00959	0.00863	0.01246	0.01438	0.02109	0.01342	0.04026	0.79008	0.00863	0.01438	0.00575	0.00288	0.00479
36	0.01267	0.01448	0.03167	0.02262	0.02805	0.01357	0.75837	0.01719	0.01267	0.01719	0.01086	0.01448	0.00814	0.00452	0.00633	0.00181	0.00905	0.00633	0.00271	0.00724
37	0.00751	0.00546	0.00708	0.00672	0.00798	0.00502	0.00502	0.00995	0.01492	0.02100	0.72337	0.06449	0.07877	0.01126	0.00635	0.00171	0.00256	0.00994	0.00584	0.00502
38	0.00654	0.00467	0.00623	0.00747	0.00779	0.00436	0.00498	0.00747	0.01028	0.01370	0.02959	0.80785	0.03550	0.01682	0.00685	0.00218	0.00311	0.01526	0.00498	0.00436
39	0.00760	0.00549	0.00718	0.00675	0.00802	0.00506	0.00506	0.01013	0.01519	0.02153	0.77503	0.04010	0.05065	0.01097	0.00633	0.00169	0.00253	0.00971	0.00591	0.00506
40	0.01482	0.75003	0.02707	0.00956	0.01401	0.08412	0.00928	0.01651	0.01126	0.01267	0.00753	0.00870	0.00689	0.00467	0.00356	0.00117	0.00606	0.00292	0.00233	0.00683
41	0.02964	0.00572	0.00729	0.00679	0.00823	0.00531	0.00513	0.01068	0.01492	0.04507	0.70209	0.03909	0.07820	0.01079	0.00623	0.00169	0.00265	0.00947	0.00583	0.00519
42	0.01051	0.01004	0.01548	0.25457	0.02084	0.01308	0.04252	0.01270	0.00925	0.01325	0.00937	0.01443	0.00834	0.01383	0.16053	0.00335	0.37470	0.00499	0.00248	0.00575
43	0.01739	0.03105	0.12489	0.01050	0.01464	0.01012	0.00957	0.02374	0.22353	0.37026	0.08975	0.01956	0.01654	0.00695	0.00541	0.00170	0.00481	0.00572	0.00551	0.00835
44	0.01389	0.60513	0.10976	0.01060	0.01497	0.05094	0.01070	0.01604	0.01083	0.01317	0.00769	0.00931	0.00690	0.00523	0.00528	0.00135	0.09581	0.00322	0.00232	0.00686
45	0.01113	0.00954	0.01113	0.00795	0.01272	0.00716	0.00636	0.01352	0.01113	0.01749	0.00954	0.01113	0.00795	0.00398	0.00398	0.00080	0.00398	0.00318	0.00318	0.84417
46	0.01757	0.18858	0.12635	0.01308	0.01695	0.52158	0.01146	0.01970	0.01378	0.01358	0.00831	0.00969	0.00689	0.00528	0.00459	0.00138	0.00862	0.00341	0.00260	0.00660
47	0.00652	0.00474	0.00616	0.00729	0.00774	0.00438	0.00490	0.00750	0.01046	0.01378	0.03185	0.73883	0.10306	0.01652	0.00681	0.00215	0.00308	0.01490	0.00498	0.00438
48	0.00657	0.00470	0.00626	0.00745	0.00779	0.00438	0.00499	0.00756	0.01043	0.01395	0.05290	0.78384	0.03598	0.01663	0.00684	0.00216	0.00310	0.01509	0.00501	0.00438
49	0.00760	0.00549	0.00718	0.00675	0.00802	0.00506	0.00506	0.01013	0.01519	0.02153	0.77503	0.04010	0.05065	0.01097	0.00633	0.00169	0.00253	0.00971	0.00591	0.00506
50	0.02354	0.00926	0.01244	0.00962	0.01372	0.00817	0.00792	0.02628	0.05379	0.74283	0.02121	0.01836	0.01345	0.00668	0.00540	0.00167	0.00455	0.00543	0.00658	0.00910
51	0.00767	0.00575	0.00863	0.00863	0.00959	0.00671	0.00671	0.00959	0.00863	0.01246	0.01438	0.02109	0.01342	0.04026	0.79008	0.00863	0.01438	0.00575	0.00288	0.00479

[dist]
# distance from previous block
# <min> <max>
0	2

[block]
# block no. 8 follows, 45 sequences, length 11
# corresponding to MSA columns:
# 975-981,994-997
name=unknown_I
#
# <colnr> <probs for GDERKNQSTAVLIFYWHMCP>
#	G	D	E	R	K	N	Q	S	T	A	V	L	I	F	Y	W	H	M	C	P
0	0.00760	0.00549	0.00718	0.00675	0.00802	0.00506	0.00506	0.01013	0.01519	0.02153	0.77503	0.04010	0.05065	0.01097	0.00633	0.00169	0.00253	0.00971	0.00591	0.00506
1	0.01632	0.00975	0.01192	0.00880	0.01332	0.00803	0.00715	0.06609	0.01354	0.28931	0.01388	0.01377	0.00992	0.00508	0.00457	0.00115	0.00431	0.00407	0.00455	0.49446
2	0.01077	0.02777	0.78354	0.01530	0.02323	0.01247	0.01983	0.01700	0.01133	0.01700	0.00963	0.01133	0.00680	0.00510	0.00510	0.00170	0.00793	0.00397	0.00227	0.00793
