[name]
unknown

[dist]
# distance from previous block
# <min> <max>
0	58

[block]
# block no. 0 follows, 47 sequences, length 16
# corresponding to MSA columns:
# 58-73
name=unknown_A
#
# <colnr> <probs for GDERKNQSTAVLIFYWHMCP>
#	G	D	E	R	K	N	Q	S	T	A	V	L	I	F	Y	W	H	M	C	P
0	0.06283	0.03983	0.01029	0.00977	0.01176	0.05616	0.00838	0.06468	0.01302	0.08469	0.02271	0.04395	0.02322	0.01162	0.00634	0.00211	0.00509	0.51328	0.00464	0.00563
1	0.22381	0.01193	0.06407	0.01043	0.04204	0.04108	0.00861	0.11718	0.06020	0.33143	0.02993	0.01436	0.01067	0.00594	0.00472	0.00160	0.00492	0.00451	0.00484	0.00775
2	0.18255	0.45083	0.13719	0.00985	0.01439	0.08168	0.00994	0.03572	0.01101	0.01570	0.00776	0.00897	0.00652	0.00473	0.00372	0.00133	0.00590	0.00305	0.00254	0.00663
3	0.06781	0.34982	0.06544	0.01111	0.01499	0.30664	0.00985	0.09110	0.01341	0.01538	0.00818	0.00931	0.00684	0.00502	0.00411	0.00130	0.00703	0.00325	0.00275	0.00665
4	0.00632	0.00463	0.00594	0.00699	0.00748	0.00425	0.00472	0.00728	0.01022	0.01340	0.03188	0.71275	0.13323	0.01590	0.00658	0.00207	0.00297	0.01430	0.00483	0.00425
5	0.00757	0.00505	0.00568	0.00568	0.00568	0.00505	0.00316	0.00757	0.00757	0.01010	0.01641	0.03408	0.01893	0.81698	0.02651	0.00505	0.00505	0.00757	0.00316	0.00316
6	0.07581	0.03703	0.43924	0.01404	0.01979	0.01223	0.11728	0.09260	0.01237	0.01849	0.03743	0.05661	0.00996	0.00593	0.00544	0.00168	0.02898	0.00496	0.00292	0.00720
7	0.68523	0.17263	0.01159	0.00726	0.01073	0.01347	0.00630	0.01537	0.00921	0.02113	0.00725	0.00844	0.00585	0.00476	0.00325	0.00151	0.00434	0.00281	0.00302	0.00585
8	0.00634	0.00453	0.00604	0.00725	0.00755	0.00423	0.00483	0.00725	0.00997	0.01329	0.02870	0.81358	0.03444	0.01632	0.00665	0.00211	0.00302	0.01480	0.00483	0.00423
9	0.01080	0.00926	0.01080	0.00771	0.01234	0.00694	0.00617	0.01311	0.01080	0.01697	0.00926	0.01080	0.00771	0.00386	0.00386	0.00077	0.00386	0.00309	0.00309	0.84882
10	0.01190	0.00922	0.01091	0.00785	0.01243	0.00700	0.00630	0.01419	0.01116	0.08483	0.01025	0.01141	0.00817	0.00408	0.00398	0.00085	0.00391	0.00327	0.00338	0.77490
11	0.01050	0.00894	0.01048	0.00768	0.01202	0.00676	0.00608	0.01272	0.01074	0.01672	0.01055	0.06438	0.00950	0.00469	0.00404	0.00086	0.00380	0.00387	0.00320	0.79244
12	0.01870	0.01184	0.01341	0.01057	0.01426	0.01249	0.00862	0.44894	0.06673	0.21560	0.06375	0.04453	0.03199	0.00713	0.00535	0.00162	0.00494	0.00569	0.00553	0.00831
13	0.01901	0.01210	0.01412	0.01171	0.04451	0.07332	0.03580	0.20599	0.07372	0.33189	0.01619	0.01550	0.02498	0.00629	0.00564	0.00157	0.03822	0.00496	0.00506	0.05941
14	0.01455	0.06151	0.02863	0.04684	0.04242	0.08578	0.08237	0.07643	0.06551	0.14258	0.03200	0.06247	0.01163	0.00616	0.00545	0.00146	0.03839	0.00512	0.00389	0.18680
15	0.01390	0.01185	0.01534	0.01220	0.03137	0.08790	0.13971	0.04765	0.06987	0.11842	0.01296	0.06372	0.01064	0.00592	0.00572	0.00141	0.05630	0.00507	0.00371	0.28634

[dist]
# distance from previous block
# <min> <max>
11	45

[block]
# block no. 1 follows, 47 sequences, length 22
# corresponding to MSA columns:
# 133-154
name=unknown_B
#
# <colnr> <probs for GDERKNQSTAVLIFYWHMCP>
#	G	D	E	R	K	N	Q	S	T	A	V	L	I	F	Y	W	H	M	C	P
0	0.01452	0.04457	0.15382	0.01157	0.04650	0.10168	0.01019	0.12359	0.05248	0.11362	0.05010	0.04712	0.01173	0.00596	0.00485	0.00140	0.00560	0.00474	0.00385	0.19212
1	0.01365	0.05068	0.01355	0.05261	0.04167	0.00929	0.04380	0.09685	0.01308	0.13780	0.02717	0.03444	0.03561	0.00542	0.00461	0.00121	0.00463	0.00453	0.00386	0.40553
2	0.01403	0.02946	0.03862	0.00895	0.01249	0.06032	0.00739	0.10914	0.03505	0.16408	0.13235	0.05284	0.05542	0.00691	0.00499	0.00137	0.00443	0.00566	0.00453	0.25197
3	0.01365	0.01019	0.01238	0.04951	0.01445	0.00965	0.03100	0.17664	0.07890	0.09413	0.05114	0.04798	0.03087	0.00603	0.00482	0.00130	0.00451	0.00502	0.00424	0.35359
4	0.01456	0.01016	0.03121	0.00911	0.01294	0.00897	0.00750	0.19188	0.01482	0.16384	0.02937	0.09954	0.02877	0.00681	0.00492	0.00135	0.00439	0.02338	0.00450	0.33198
5	0.08648	0.00908	0.01056	0.06123	0.01341	0.00775	0.00669	0.03472	0.01137	0.07181	0.01396	0.01495	0.07913	0.00514	0.00424	0.00108	0.00406	0.00409	0.00350	0.55675
6	0.01361	0.01042	0.01238	0.03929	0.10288	0.06651	0.00805	0.01589	0.01204	0.15382	0.03360	0.03113	0.02481	0.00520	0.00453	0.00116	0.00467	0.00430	0.00371	0.45200
7	0.01324	0.01072	0.01227	0.03349	0.01411	0.00961	0.00745	0.22028	0.01455	0.02121	0.01015	0.01136	0.00800	0.00456	0.00427	0.00102	0.00447	0.00357	0.00365	0.59201
8	0.01226	0.00658	0.00812	0.00702	0.00946	0.00567	0.00549	0.01410	0.01347	0.26985	0.21393	0.05329	0.31122	0.01013	0.00578	0.00166	0.00323	0.00855	0.00552	0.03467
9	0.00634	0.00456	0.00601	0.00718	0.00753	0.00424	0.00480	0.00726	0.01004	0.01332	0.02960	0.78496	0.06248	0.01620	0.00663	0.00210	0.00301	0.01466	0.00483	0.00424
10	0.01446	0.01226	0.01983	0.02811	0.64517	0.01230	0.01468	0.08591	0.01329	0.08711	0.01100	0.01328	0.00872	0.00495	0.00517	0.00155	0.00599	0.00470	0.00316	0.00836
11	0.06450	0.01434	0.01520	0.01171	0.01582	0.01591	0.00967	0.72683	0.02365	0.03231	0.01222	0.01229	0.00868	0.00618	0.00510	0.00157	0.00564	0.00459	0.00510	0.00868
12	0.06650	0.00967	0.01216	0.00944	0.01330	0.00910	0.00777	0.14361	0.01612	0.58668	0.05693	0.01745	0.01368	0.00654	0.00517	0.00160	0.00452	0.00523	0.00604	0.00849
13	0.00943	0.00532	0.00714	0.00762	0.00859	0.00485	0.00534	0.01053	0.01086	0.15353	0.02723	0.66954	0.03054	0.01453	0.00639	0.00202	0.00328	0.01307	0.00513	0.00507
14	0.01447	0.01225	0.01981	0.02810	0.64517	0.01228	0.01467	0.08371	0.01326	0.08935	0.01103	0.01330	0.00873	0.00495	0.00517	0.00155	0.00598	0.00470	0.00317	0.00836
15	0.01203	0.00979	0.01545	0.64093	0.05129	0.01166	0.01348	0.08379	0.01214	0.08416	0.01057	0.01407	0.00768	0.00540	0.00521	0.00170	0.00659	0.00469	0.00295	0.00640
16	0.01347	0.09723	0.06733	0.01465	0.17487	0.01251	0.01043	0.15277	0.11554	0.01987	0.01130	0.01247	0.00893	0.00513	0.00486	0.00134	0.02221	0.00412	0.00349	0.24749
17	0.01278	0.01347	0.03998	0.16756	0.48910	0.11321	0.01443	0.01571	0.01195	0.01563	0.01163	0.01444	0.04681	0.00528	0.00515	0.00157	0.00660	0.00477	0.00265	0.00731
18	0.01350	0.01067	0.03166	0.00915	0.01335	0.00936	0.00756	0.14301	0.06167	0.08835	0.01190	0.02962	0.00940	0.00519	0.00488	0.00115	0.03429	0.00405	0.00387	0.50736
19	0.01509	0.04365	0.01260	0.02177	0.01353	0.02390	0.00776	0.16039	0.17705	0.15544	0.08533	0.01667	0.01431	0.00614	0.00488	0.00140	0.00445	0.00496	0.00473	0.22595
20	0.01369	0.05211	0.34401	0.01335	0.01905	0.01167	0.11390	0.10305	0.02454	0.13051	0.02819	0.01405	0.02773	0.00547	0.00508	0.00156	0.00645	0.00466	0.00347	0.07744
21	0.01428	0.09011	0.19302	0.01315	0.08450	0.03449	0.01156	0.27849	0.01603	0.02201	0.06381	0.01374	0.01086	0.02081	0.00525	0.00151	0.00583	0.00446	0.00368	0.11241

[dist]
# distance from previous block
# <min> <max>
1	24

[block]
# block no. 2 follows, 47 sequences, length 11
# corresponding to MSA columns:
# 179-189
name=unknown_C
#
# <colnr> <probs for GDERKNQSTAVLIFYWHMCP>
#	G	D	E	R	K	N	Q	S	T	A	V	L	I	F	Y	W	H	M	C	P
0	0.01642	0.01158	0.05353	0.04994	0.11279	0.02556	0.01012	0.14050	0.06328	0.25851	0.04132	0.04798	0.01243	0.00672	0.00630	0.00165	0.07851	0.00534	0.00455	0.05297
1	0.04244	0.01100	0.12900	0.00954	0.01318	0.00832	0.00881	0.01782	0.01319	0.33020	0.20245	0.02047	0.01964	0.00714	0.00607	0.00159	0.06226	0.00572	0.00491	0.08623
2	0.09692	0.01098	0.04202	0.00949	0.03036	0.03011	0.02689	0.07755	0.03119	0.07440	0.01094	0.03155	0.00879	0.00484	0.00426	0.00113	0.00453	0.00386	0.00355	0.49663
3	0.13205	0.01669	0.26965	0.01823	0.18898	0.01178	0.16099	0.01730	0.01160	0.10849	0.01070	0.01244	0.00782	0.00493	0.00502	0.00164	0.00667	0.00449	0.00301	0.00753
4	0.01271	0.01219	0.02081	0.07842	0.73948	0.01233	0.01589	0.01582	0.01177	0.01679	0.00976	0.01295	0.00817	0.00467	0.00516	0.00156	0.00623	0.00464	0.00256	0.00810
5	0.05400	0.01028	0.01586	0.58229	0.11975	0.01220	0.01367	0.10085	0.01213	0.01650	0.00959	0.01333	0.00725	0.00524	0.00510	0.00169	0.00657	0.00455	0.00273	0.00642
6	0.00657	0.00471	0.00625	0.00710	0.00760	0.00438	0.00485	0.00782	0.01103	0.01498	0.19629	0.64118	0.03771	0.01505	0.00653	0.00201	0.00290	0.01361	0.00503	0.00438
7	0.01027	0.00988	0.01726	0.68176	0.09313	0.01176	0.07496	0.01378	0.01068	0.01386	0.00940	0.01382	0.00712	0.00510	0.00528	0.00172	0.00703	0.00475	0.00236	0.00608
8	0.00757	0.00505	0.00568	0.00568	0.00568	0.00505	0.00316	0.00757	0.00757	0.01010	0.01641	0.03408	0.01893	0.81698	0.02651	0.00505	0.00505	0.00757	0.00316	0.00316
9	0.01237	0.01207	0.02126	0.14785	0.59556	0.01233	0.09065	0.01565	0.01168	0.01642	0.00979	0.01316	0.00802	0.00470	0.00526	0.00160	0.00656	0.00479	0.00254	0.00775
10	0.01316	0.01103	0.01185	0.01046	0.01352	0.01235	0.00827	0.09933	0.59177	0.02211	0.01991	0.02086	0.01559	0.00726	0.00532	0.00172	0.00431	0.05743	0.00510	0.06866

[dist]
# distance from previous block
# <min> <max>
0	1

[block]
# block no. 3 follows, 47 sequences, length 43
# corresponding to MSA columns:
# 191-233
name=unknown_D
#
# <colnr> <probs for GDERKNQSTAVLIFYWHMCP>
#	G	D	E	R	K	N	Q	S	T	A	V	L	I	F	Y	W	H	M	C	P
0	0.01292	0.01227	0.07731	0.01083	0.01408	0.01239	0.00922	0.12524	0.49117	0.02174	0.02102	0.02213	0.06140	0.00770	0.00572	0.00178	0.02375	0.05670	0.00489	0.00775
1	0.01166	0.00925	0.01028	0.00927	0.01173	0.01021	0.00718	0.02199	0.50448	0.05455	0.25905	0.02545	0.02616	0.00816	0.00556	0.00172	0.00361	0.00696	0.00548	0.00723
2	0.01339	0.69808	0.14464	0.00982	0.01478	0.01930	0.01050	0.01573	0.01065	0.01290	0.00756	0.00876	0.00667	0.00453	0.00359	0.00120	0.00590	0.00295	0.00222	0.00684
3	0.02235	0.00884	0.01189	0.00923	0.01311	0.00779	0.00758	0.02493	0.04768	0.72810	0.04732	0.01854	0.01429	0.00662	0.00527	0.00162	0.00435	0.00541	0.00637	0.00870
4	0.01873	0.01406	0.01503	0.01177	0.01574	0.01565	0.00964	0.65196	0.14139	0.03110	0.01386	0.01358	0.00995	0.00638	0.00522	0.00159	0.00548	0.00488	0.00522	0.00876
5	0.01095	0.04813	0.68334	0.01408	0.02125	0.01218	0.01767	0.05279	0.01172	0.01728	0.02640	0.01160	0.00769	0.00508	0.00490	0.00160	0.00728	0.00395	0.00246	0.03965
6	0.01409	0.01408	0.17156	0.01394	0.10479	0.01159	0.03179	0.06660	0.29809	0.13816	0.04482	0.01803	0.01367	0.00649	0.00531	0.00169	0.00532	0.02753	0.00445	0.00801
7	0.01229	0.01405	0.03073	0.02195	0.02722	0.01317	0.76558	0.01668	0.01229	0.01668	0.01054	0.01405	0.00790	0.00439	0.00615	0.00176	0.00878	0.00615	0.00263	0.00702
8	0.00713	0.00531	0.00663	0.00630	0.00763	0.00481	0.00473	0.00937	0.01418	0.01955	0.63937	0.04109	0.19234	0.01114	0.00614	0.00166	0.00249	0.00973	0.00556	0.00481
9	0.00679	0.00523	0.00575	0.00590	0.00738	0.00449	0.00432	0.00811	0.01172	0.03785	0.09030	0.21419	0.55262	0.01351	0.00623	0.00182	0.00276	0.01155	0.00494	0.00453
10	0.08215	0.18363	0.57208	0.01299	0.01966	0.01376	0.01604	0.01621	0.01073	0.01623	0.00875	0.01025	0.00653	0.00484	0.00448	0.00154	0.00696	0.00355	0.00229	0.00732
11	0.02336	0.00886	0.01209	0.00927	0.01329	0.00765	0.00765	0.02538	0.01491	0.78810	0.02055	0.01773	0.01289	0.00645	0.00524	0.00161	0.00443	0.00524	0.00645	0.00886
12	0.00820	0.00593	0.00813	0.00923	0.01047	0.00586	0.00802	0.01051	0.01198	0.01546	0.02969	0.05802	0.09333	0.01429	0.00711	0.00234	0.00461	0.68726	0.00480	0.00476
13	0.01349	0.03823	0.04153	0.03759	0.13255	0.01326	0.49232	0.08002	0.01319	0.05542	0.01087	0.01365	0.00817	0.00479	0.00594	0.00169	0.02134	0.00556	0.00299	0.00740
14	0.01289	0.01237	0.02114	0.03196	0.78450	0.01237	0.01598	0.01598	0.01186	0.01701	0.00980	0.01289	0.00825	0.00464	0.00516	0.00155	0.00619	0.00464	0.00258	0.00825
15	0.00616	0.00526	0.00530	0.00533	0.00705	0.00439	0.00398	0.00747	0.01182	0.01405	0.05214	0.06974	0.76316	0.01327	0.00617	0.00177	0.00265	0.01109	0.00484	0.00439
16	0.02024	0.00968	0.01201	0.00959	0.01328	0.00939	0.00780	0.08841	0.17875	0.52618	0.01985	0.01772	0.01321	0.00655	0.00518	0.00162	0.00439	0.00531	0.04230	0.00856
17	0.01928	0.01420	0.01526	0.01180	0.01582	0.01570	0.00971	0.73822	0.02393	0.03208	0.01312	0.04299	0.00983	0.00663	0.00526	0.00158	0.00563	0.00507	0.00520	0.00868
18	0.01139	0.01139	0.01595	0.01367	0.01367	0.01595	0.01139	0.01253	0.00798	0.01253	0.00684	0.01139	0.00684	0.00911	0.01709	0.00228	0.80745	0.00456	0.00228	0.00570
19	0.00615	0.00528	0.00528	0.00528	0.00703	0.00440	0.00396	0.00747	0.01187	0.01407	0.05276	0.05012	0.78238	0.01319	0.00615	0.00176	0.00264	0.01099	0.00484	0.00440
20	0.16422	0.01265	0.01741	0.08817	0.47251	0.06046	0.01313	0.07919	0.01244	0.01892	0.00942	0.01193	0.00763	0.00490	0.00479	0.00156	0.00602	0.00424	0.00290	0.00749
21	0.01848	0.02292	0.01446	0.01339	0.03117	0.69219	0.00991	0.02112	0.08504	0.01383	0.02462	0.01097	0.00843	0.00561	0.00479	0.00139	0.00870	0.00373	0.00298	0.00626
22	0.01165	0.00932	0.01076	0.00809	0.01225	0.00771	0.00644	0.06282	0.05906	0.05126	0.01372	0.04207	0.05131	0.00526	0.00431	0.00102	0.00392	0.00429	0.00366	0.63106
23	0.05848	0.01203	0.01346	0.01080	0.01452	0.01294	0.02186	0.34091	0.22831	0.16082	0.01621	0.03023	0.01178	0.00651	0.00514	0.00161	0.00491	0.00518	0.00522	0.03907
24	0.01289	0.01237	0.02114	0.03196	0.78450	0.01237	0.01598	0.01598	0.01186	0.01701	0.00980	0.01289	0.00825	0.00464	0.00516	0.00155	0.00619	0.00464	0.00258	0.00825
25	0.00750	0.00505	0.00573	0.00574	0.00584	0.00501	0.00328	0.00765	0.00800	0.01067	0.04587	0.05325	0.03964	0.74789	0.02477	0.00477	0.00484	0.00790	0.00333	0.00328
26	0.15315	0.01350	0.01359	0.01069	0.01461	0.06379	0.00875	0.46417	0.01943	0.12926	0.01228	0.01227	0.00868	0.00588	0.00480	0.00152	0.00543	0.00430	0.00479	0.04911
27	0.01289	0.01237	0.02114	0.03196	0.78450	0.01237	0.01598	0.01598	0.01186	0.01701	0.00980	0.01289	0.00825	0.00464	0.00516	0.00155	0.00619	0.00464	0.00258	0.00825
28	0.02336	0.00886	0.01209	0.00927	0.01329	0.00765	0.00765	0.02538	0.01491	0.78810	0.02055	0.01773	0.01289	0.00645	0.00524	0.00161	0.00443	0.00524	0.00645	0.00886
29	0.02022	0.01391	0.01521	0.01166	0.01581	0.01514	0.00963	0.67896	0.02335	0.12260	0.01346	0.01312	0.00934	0.00627	0.00521	0.00157	0.00558	0.00475	0.00536	0.00886
30	0.01289	0.01237	0.02114	0.03196	0.78450	0.01237	0.01598	0.01598	0.01186	0.01701	0.00980	0.01289	0.00825	0.00464	0.00516	0.00155	0.00619	0.00464	0.00258	0.00825
31	0.00634	0.00453	0.00604	0.00725	0.00755	0.00423	0.00483	0.00725	0.00997	0.01329	0.02870	0.81358	0.03444	0.01632	0.00665	0.00211	0.00302	0.01480	0.00483	0.00423
32	0.02244	0.00866	0.01179	0.00911	0.01297	0.00750	0.00750	0.02448	0.01490	0.74365	0.06465	0.01895	0.01499	0.00669	0.00529	0.00161	0.00432	0.00548	0.00640	0.00863
33	0.00658	0.00521	0.00595	0.00627	0.00755	0.00463	0.00460	0.00820	0.02435	0.01493	0.13831	0.25891	0.43485	0.01368	0.00632	0.00187	0.00284	0.04549	0.00496	0.00450
34	0.01212	0.01371	0.02967	0.07696	0.02782	0.01306	0.71278	0.01644	0.01216	0.01644	0.01045	0.01404	0.00783	0.00445	0.00608	0.00175	0.00865	0.00604	0.00261	0.00694
35	0.00640	0.00457	0.00611	0.00732	0.00765	0.00428	0.00494	0.00735	0.01003	0.01336	0.02867	0.79175	0.03431	0.01626	0.00666	0.00212	0.00307	0.03605	0.00483	0.00425
36	0.00623	0.00518	0.00544	0.00559	0.00713	0.00439	0.00411	0.00753	0.01173	0.01422	0.07728	0.15120	0.65505	0.01351	0.00622	0.00180	0.00268	0.01144	0.00487	0.00439
37	0.01200	0.01619	0.16411	0.02049	0.04212	0.01295	0.58956	0.01704	0.04021	0.01684	0.01070	0.01368	0.00797	0.00459	0.00588	0.00173	0.00836	0.00570	0.00265	0.00721
38	0.09272	0.00915	0.01176	0.00913	0.01302	0.00834	0.00752	0.06030	0.01486	0.66756	0.03820	0.01722	0.01300	0.00641	0.00509	0.00161	0.00441	0.00511	0.00610	0.00849
39	0.75721	0.03613	0.07413	0.00758	0.01122	0.01199	0.00688	0.01542	0.00909	0.02245	0.00743	0.00867	0.00575	0.00483	0.00337	0.00160	0.00438	0.00291	0.00311	0.00584
40	0.01864	0.01416	0.01473	0.01147	0.01538	0.04256	0.00940	0.67694	0.02308	0.03054	0.01574	0.01556	0.07392	0.00680	0.00527	0.00157	0.00560	0.00517	0.00509	0.00838
41	0.00724	0.00525	0.00682	0.00656	0.00773	0.00484	0.00487	0.00952	0.01423	0.01999	0.69143	0.10455	0.07496	0.01122	0.00619	0.00168	0.00251	0.00993	0.00562	0.00484
42	0.01273	0.01234	0.02128	0.05946	0.65466	0.01244	0.07867	0.01651	0.04905	0.01708	0.01039	0.01334	0.00854	0.00476	0.00525	0.00158	0.00633	0.00483	0.00271	0.00805

[dist]
# distance from previous block
# <min> <max>
0	2

[block]
# block no. 4 follows, 47 sequences, length 16
# corresponding to MSA columns:
# 236-251
name=unknown_E
#
# <colnr> <probs for GDERKNQSTAVLIFYWHMCP>
#	G	D	E	R	K	N	Q	S	T	A	V	L	I	F	Y	W	H	M	C	P
0	0.03676	0.01146	0.06607	0.00946	0.01416	0.00913	0.03413	0.13136	0.01325	0.07859	0.01062	0.01165	0.00816	0.00455	0.00431	0.00108	0.00463	0.00365	0.00360	0.54339
1	0.36811	0.06337	0.23921	0.01000	0.01477	0.01190	0.01038	0.04622	0.03336	0.14287	0.01059	0.01114	0.00756	0.00522	0.00419	0.00160	0.00533	0.00366	0.00351	0.00702
2	0.01276	0.01160	0.01137	0.01028	0.01300	0.07937	0.00794	0.02471	0.61129	0.02071	0.09912	0.02137	0.03869	0.00745	0.00536	0.00172	0.00437	0.00617	0.00511	0.00761
3	0.10736	0.01221	0.01321	0.02736	0.01458	0.01313	0.00861	0.48472	0.01983	0.14114	0.01713	0.01667	0.08718	0.00681	0.00510	0.00160	0.00507	0.00521	0.00508	0.00800
4	0.06780	0.56924	0.04430	0.00942	0.01353	0.05955	0.00897	0.09369	0.01211	0.01556	0.00831	0.00946	0.00714	0.00489	0.00393	0.00125	0.02152	0.00317	0.03944	0.00674
5	0.01080	0.00880	0.01348	0.03536	0.01354	0.01073	0.06934	0.01268	0.00933	0.08187	0.01207	0.01773	0.01084	0.02043	0.32251	0.00457	0.30229	0.03501	0.00298	0.00564
6	0.00745	0.00500	0.00572	0.00584	0.00587	0.00496	0.00333	0.00754	0.00782	0.01042	0.01767	0.11392	0.02052	0.73497	0.02447	0.00475	0.00484	0.00831	0.00333	0.00327
7	0.00751	0.00505	0.00560	0.00563	0.00590	0.00494	0.00332	0.00782	0.00832	0.01118	0.02085	0.05550	0.10489	0.65785	0.02235	0.00438	0.00457	0.00799	0.05294	0.00342
8	0.10580	0.03185	0.05891	0.00974	0.01390	0.00993	0.00848	0.12031	0.03796	0.52306	0.01716	0.01551	0.01118	0.00613	0.00496	0.00160	0.00477	0.00479	0.00556	0.00839
9	0.00643	0.00530	0.00568	0.00582	0.00742	0.00455	0.00443	0.00789	0.01196	0.01458	0.09512	0.08928	0.63500	0.01329	0.00627	0.00182	0.00283	0.07298	0.00489	0.00445
10	0.00634	0.00453	0.00604	0.00725	0.00755	0.00423	0.00483	0.00725	0.00997	0.01329	0.02870	0.81358	0.03444	0.01632	0.00665	0.00211	0.00302	0.01480	0.00483	0.00423
11	0.01089	0.10615	0.62719	0.06222	0.06076	0.01295	0.01774	0.01618	0.01096	0.01590	0.00915	0.01099	0.00671	0.00490	0.00481	0.00159	0.00736	0.00383	0.00223	0.00751
12	0.04465	0.00919	0.01209	0.00935	0.01332	0.00826	0.00771	0.05297	0.04151	0.71314	0.01992	0.01735	0.01265	0.00642	0.00519	0.00161	0.00446	0.00518	0.00627	0.00876
13	0.02336	0.00886	0.01209	0.00927	0.01329	0.00765	0.00765	0.02538	0.01491	0.78810	0.02055	0.01773	0.01289	0.00645	0.00524	0.00161	0.00443	0.00524	0.00645	0.00886
14	0.00839	0.00599	0.00839	0.00959	0.01079	0.00599	0.00839	0.01079	0.01199	0.01558	0.02757	0.05874	0.02997	0.01439	0.00719	0.00240	0.00480	0.74945	0.00480	0.00480
15	0.01882	0.01239	0.01387	0.01094	0.01463	0.01331	0.00890	0.51702	0.06677	0.16466	0.01529	0.06108	0.01151	0.00737	0.00587	0.03333	0.00520	0.00545	0.00530	0.00830

[dist]
# distance from previous block
# <min> <max>
0	2

[block]
# block no. 5 follows, 47 sequences, length 56
# corresponding to MSA columns:
# 254-309
name=unknown_F
#
# <colnr> <probs for GDERKNQSTAVLIFYWHMCP>
#	G	D	E	R	K	N	Q	S	T	A	V	L	I	F	Y	W	H	M	C	P
0	0.01762	0.01314	0.01470	0.06371	0.03143	0.01448	0.00974	0.61670	0.02170	0.02920	0.01351	0.07400	0.01075	0.00688	0.00526	0.00160	0.00551	0.00543	0.02193	0.02273
1	0.01226	0.00983	0.01232	0.01089	0.08147	0.00873	0.02478	0.10372	0.05655	0.05264	0.01312	0.10383	0.01165	0.00595	0.00465	0.00120	0.00434	0.00508	0.00376	0.47325
2	0.13499	0.01123	0.01150	0.00998	0.01309	0.01272	0.00793	0.18004	0.43904	0.02379	0.03120	0.01908	0.05571	0.00710	0.00508	0.00171	0.00435	0.01882	0.00495	0.00767
3	0.01719	0.01143	0.01370	0.01080	0.01450	0.06174	0.06640	0.17078	0.11199	0.26537	0.07463	0.03408	0.01432	0.00649	0.00522	0.00153	0.00507	0.00544	0.00504	0.10427
4	0.01210	0.00585	0.00636	0.00580	0.00754	0.00575	0.00449	0.04725	0.01209	0.12970	0.01730	0.01887	0.01309	0.00613	0.00394	0.00129	0.00286	0.00490	0.68911	0.00560
5	0.01485	0.01536	0.01248	0.01117	0.01370	0.29581	0.00864	0.09176	0.25223	0.01874	0.12433	0.01934	0.03038	0.00730	0.00573	0.00161	0.03752	0.02805	0.00426	0.00675
6	0.01330	0.44397	0.30061	0.01156	0.01698	0.10571	0.01276	0.01651	0.01121	0.01384	0.00809	0.00942	0.00665	0.00474	0.00407	0.00133	0.00677	0.00323	0.00227	0.00697
7	0.01208	0.00903	0.01139	0.06283	0.01417	0.00736	0.01822	0.01447	0.01138	0.10937	0.01205	0.01559	0.01000	0.00508	0.00441	0.00108	0.00428	0.06111	0.00356	0.61253
8	0.01790	0.01304	0.01503	0.04260	0.07529	0.01420	0.00998	0.57547	0.02121	0.06898	0.01401	0.08286	0.01119	0.00698	0.00533	0.00162	0.00551	0.00560	0.00493	0.00829
9	0.00694	0.00502	0.00656	0.00679	0.00767	0.00463	0.00486	0.00876	0.01281	0.01775	0.46968	0.33887	0.06437	0.01291	0.00634	0.00183	0.00268	0.01155	0.00536	0.00463
10	0.02611	0.00895	0.01479	0.71083	0.03266	0.01112	0.01346	0.01282	0.01005	0.01315	0.00915	0.01388	0.00708	0.00628	0.00659	0.06711	0.02356	0.00458	0.00233	0.00551
11	0.08600	0.00893	0.01180	0.06114	0.01434	0.00828	0.00791	0.03901	0.01429	0.62024	0.04651	0.01813	0.01347	0.00653	0.00515	0.00163	0.00453	0.01810	0.00584	0.00820
12	0.01420	0.69927	0.07491	0.00954	0.01405	0.04630	0.00961	0.01614	0.01087	0.04087	0.00788	0.00895	0.00691	0.00467	0.00378	0.00119	0.01871	0.00299	0.00240	0.00679
13	0.00749	0.00553	0.00807	0.00807	0.00900	0.00634	0.00622	0.00930	0.00854	0.01236	0.01525	0.02169	0.03516	0.06150	0.72001	0.00781	0.01292	0.00577	0.03438	0.00460
14	0.01163	0.01210	0.01991	0.01589	0.01730	0.01521	0.21321	0.01364	0.00913	0.01364	0.00783	0.01210	0.00712	0.00785	0.01416	0.00214	0.59373	0.00498	0.00237	0.00605
15	0.01935	0.01202	0.11279	0.01068	0.02766	0.00979	0.00947	0.10190	0.11325	0.47161	0.01804	0.01650	0.01198	0.00627	0.00515	0.00162	0.00491	0.00506	0.03346	0.00849
16	0.00641	0.00458	0.00612	0.00732	0.00765	0.00428	0.00494	0.00736	0.01003	0.01336	0.02867	0.79028	0.03431	0.01626	0.00666	0.00212	0.00308	0.03748	0.00483	0.00425
17	0.00755	0.00504	0.00569	0.00571	0.00572	0.00503	0.00319	0.00757	0.00762	0.01017	0.01667	0.05087	0.01927	0.79973	0.02608	0.00499	0.00501	0.00773	0.00319	0.00318
18	0.01603	0.02657	0.01408	0.01240	0.07356	0.05545	0.00921	0.42798	0.12264	0.02585	0.06600	0.04704	0.04746	0.02464	0.00577	0.00168	0.00527	0.00577	0.00479	0.00779
19	0.08673	0.00930	0.02558	0.00918	0.01315	0.00816	0.00769	0.02430	0.03605	0.68334	0.02934	0.01722	0.01278	0.00637	0.00509	0.00162	0.00442	0.00510	0.00608	0.00852
20	0.01891	0.00798	0.01073	0.00858	0.01185	0.00705	0.00695	0.02133	0.03214	0.56853	0.22113	0.02334	0.02251	0.00757	0.00548	0.00162	0.00390	0.00635	0.00623	0.00781
21	0.01211	0.01483	0.08901	0.02115	0.04903	0.01324	0.63481	0.01637	0.01189	0.01640	0.01018	0.01360	0.00774	0.00475	0.00674	0.00178	0.06094	0.00582	0.00257	0.00703
22	0.08580	0.63273	0.04773	0.00938	0.01369	0.07410	0.00908	0.05140	0.01140	0.01433	0.00761	0.00871	0.00670	0.00465	0.00356	0.00121	0.00578	0.00295	0.00248	0.00668
23	0.01258	0.00780	0.01050	0.06203	0.07173	0.00772	0.00752	0.01675	0.12475	0.20539	0.33397	0.05648	0.04370	0.00855	0.00568	0.00167	0.00378	0.00744	0.00532	0.00663
24	0.01431	0.00893	0.01199	0.02811	0.14029	0.00890	0.00855	0.04907	0.14786	0.24374	0.03330	0.13470	0.07780	0.01985	0.02841	0.00197	0.00468	0.02538	0.00491	0.00722
25	0.02317	0.08482	0.66610	0.01460	0.02179	0.01286	0.05729	0.03185	0.01128	0.01662	0.00929	0.01095	0.00670	0.00491	0.00487	0.00161	0.00750	0.00389	0.00230	0.00758
26	0.02765	0.00586	0.00671	0.00636	0.00763	0.00613	0.00485	0.01239	0.01090	0.07717	0.05199	0.08092	0.04472	0.03781	0.02148	0.00173	0.07160	0.00611	0.51287	0.00512
27	0.00689	0.00476	0.00588	0.00655	0.00672	0.00460	0.00408	0.00739	0.00890	0.01187	0.02321	0.46549	0.02752	0.37386	0.01552	0.00343	0.00393	0.01158	0.00408	0.00375
28	0.01776	0.14829	0.01665	0.01177	0.01531	0.31109	0.00953	0.26627	0.09541	0.02033	0.01077	0.01132	0.00839	0.00564	0.00468	0.00141	0.00687	0.00395	0.00372	0.03085
29	0.06860	0.04080	0.06418	0.07751	0.41835	0.02475	0.09621	0.01668	0.01177	0.08779	0.01047	0.01285	0.00817	0.00490	0.00521	0.00157	0.01771	0.00458	0.00294	0.02496
30	0.01450	0.01300	0.02116	0.04007	0.40853	0.03679	0.17050	0.12616	0.01405	0.06952	0.01137	0.01429	0.00896	0.00519	0.00541	0.00161	0.00663	0.02105	0.00327	0.00793
31	0.01224	0.01394	0.03039	0.03967	0.02741	0.01313	0.74857	0.01660	0.01225	0.01660	0.01051	0.01404	0.00788	0.00441	0.00612	0.00176	0.00874	0.00611	0.00263	0.00700
32	0.01263	0.01289	0.02348	0.08023	0.49755	0.02688	0.23645	0.01610	0.01194	0.01659	0.00995	0.01323	0.00803	0.00462	0.00544	0.00162	0.00706	0.00506	0.00258	0.00768
33	0.01977	0.02208	0.01461	0.01352	0.04443	0.65427	0.00994	0.02127	0.01467	0.12355	0.00990	0.01071	0.00765	0.00549	0.00479	0.00139	0.00856	0.00367	0.00322	0.00652
34	0.01073	0.01109	0.02230	0.03405	0.02094	0.01080	0.47683	0.01411	0.01167	0.01602	0.03850	0.13277	0.01511	0.00755	0.00682	0.00187	0.05249	0.07617	0.03400	0.00617
35	0.00647	0.00479	0.00582	0.00656	0.00719	0.00439	0.00441	0.00739	0.01019	0.01318	0.04432	0.51564	0.21440	0.11895	0.00909	0.00240	0.00318	0.01286	0.00463	0.00414
36	0.01507	0.09974	0.08568	0.01077	0.01460	0.01330	0.00947	0.15327	0.36846	0.11522	0.01770	0.01747	0.02602	0.00664	0.00509	0.00165	0.00491	0.02207	0.00479	0.00806
37	0.01182	0.00851	0.00962	0.00860	0.01103	0.00893	0.00667	0.05182	0.32757	0.10838	0.20640	0.05800	0.14264	0.00910	0.00567	0.00172	0.00356	0.00772	0.00544	0.00680
38	0.00905	0.00452	0.00678	0.00678	0.00678	0.00452	0.00452	0.00678	0.00678	0.00905	0.00905	0.01583	0.00905	0.01809	0.02035	0.84848	0.00452	0.00452	0.00226	0.00226
39	0.01175	0.01245	0.12222	0.03479	0.01466	0.01144	0.00959	0.05476	0.46520	0.02058	0.09951	0.02285	0.04386	0.00763	0.00546	0.00176	0.00460	0.04466	0.00477	0.00746
40	0.00687	0.00530	0.00609	0.00648	0.00758	0.00488	0.00472	0.00830	0.02597	0.01358	0.03719	0.21159	0.37307	0.14392	0.02304	0.00256	0.00361	0.10643	0.00453	0.00429
41	0.01084	0.01018	0.01540	0.40198	0.07661	0.05406	0.06443	0.02479	0.01034	0.01339	0.01063	0.01486	0.03571	0.00775	0.00889	0.12260	0.10464	0.00487	0.00250	0.00554
42	0.02311	0.00892	0.01208	0.00930	0.01330	0.00778	0.00767	0.02544	0.03353	0.76933	0.02056	0.01777	0.01296	0.00646	0.00524	0.00162	0.00442	0.00525	0.00642	0.00885
43	0.00824	0.00678	0.00753	0.00726	0.00851	0.06596	0.00543	0.01046	0.01418	0.01933	0.62192	0.11201	0.04375	0.01092	0.00612	0.00169	0.00313	0.03648	0.00538	0.00493
44	0.00753	0.01984	0.00738	0.00700	0.00816	0.00523	0.00534	0.00971	0.01371	0.01913	0.59310	0.11878	0.04395	0.01168	0.00657	0.02011	0.00287	0.08972	0.00540	0.00481
45	0.16169	0.00906	0.01135	0.00886	0.01276	0.00833	0.00732	0.02370	0.01390	0.66071	0.01833	0.01618	0.01168	0.00618	0.00490	0.00161	0.00436	0.00483	0.00591	0.00833
46	0.01917	0.02422	0.01463	0.01329	0.01599	0.76162	0.00998	0.02110	0.04821	0.01314	0.00863	0.00983	0.00711	0.00544	0.00472	0.00136	0.00916	0.00347	0.00280	0.00613
47	0.01355	0.73473	0.10940	0.00955	0.01435	0.01969	0.01002	0.01569	0.01063	0.01271	0.00747	0.00864	0.00667	0.00451	0.00351	0.00117	0.00580	0.00290	0.00222	0.00679
48	0.00654	0.00462	0.00598	0.00700	0.00725	0.00436	0.00456	0.00730	0.00958	0.01277	0.02670	0.68656	0.03192	0.14679	0.00988	0.00259	0.00335	0.01363	0.00456	0.00405
49	0.00842	0.00632	0.00798	0.06875	0.01000	0.02063	0.00575	0.03235	0.00955	0.01321	0.06612	0.10796	0.01894	0.32312	0.19603	0.00453	0.03610	0.00733	0.05255	0.00435
50	0.01265	0.01085	0.01155	0.01053	0.01336	0.01250	0.00825	0.02657	0.72510	0.02138	0.02161	0.02200	0.01682	0.00754	0.00542	0.00181	0.00417	0.05460	0.00527	0.00802
51	0.01392	0.82012	0.02729	0.00891	0.01337	0.02061	0.00891	0.01559	0.01058	0.01225	0.00724	0.00835	0.00668	0.00446	0.00334	0.00111	0.00557	0.00278	0.00223	0.00668
52	0.01392	0.82012	0.02729	0.00891	0.01337	0.02061	0.00891	0.01559	0.01058	0.01225	0.00724	0.00835	0.00668	0.00446	0.00334	0.00111	0.00557	0.00278	0.00223	0.00668
53	0.03689	0.01400	0.01491	0.01167	0.01565	0.01560	0.00957	0.64532	0.13126	0.03104	0.01363	0.01340	0.00979	0.00634	0.00518	0.00159	0.00546	0.00482	0.00518	0.00870
54	0.00756	0.00509	0.00589	0.00589	0.00596	0.00516	0.00341	0.00771	0.00763	0.01025	0.01622	0.03303	0.01848	0.75693	0.08593	0.00531	0.00574	0.00742	0.00313	0.00327
55	0.00755	0.00560	0.00774	0.00721	0.00854	0.00521	0.02828	0.01002	0.01437	0.02024	0.69386	0.06137	0.04637	0.01083	0.00622	0.00170	0.00280	0.05158	0.00556	0.00495

[dist]
# distance from previous block
# <min> <max>
0	6

[block]
# block no. 6 follows, 47 sequences, length 35
# corresponding to MSA columns:
# 316-350
name=unknown_G
#
# <colnr> <probs for GDERKNQSTAVLIFYWHMCP>
#	G	D	E	R	K	N	Q	S	T	A	V	L	I	F	Y	W	H	M	C	P
0	0.00753	0.00507	0.00590	0.00594	0.00602	0.00514	0.00347	0.00770	0.00771	0.01035	0.01658	0.05629	0.01893	0.73204	0.08631	0.00522	0.00569	0.00763	0.00318	0.00330
1	0.01980	0.01459	0.01563	0.01198	0.01615	0.01615	0.00990	0.76713	0.02448	0.03282	0.01250	0.01250	0.00886	0.00625	0.00521	0.00156	0.00573	0.00469	0.00521	0.00886
2	0.01280	0.01228	0.02097	0.05488	0.76229	0.01235	0.01594	0.01590	0.01181	0.01690	0.00978	0.01292	0.00821	0.00466	0.00516	0.00155	0.00621	0.00464	0.00257	0.00818
3	0.02018	0.00957	0.01199	0.00967	0.01337	0.00928	0.00783	0.02608	0.24761	0.55352	0.02074	0.01825	0.01381	0.00664	0.00526	0.00166	0.00434	0.00544	0.00609	0.00867
4	0.01994	0.00916	0.01168	0.00927	0.01284	0.00862	0.00755	0.09246	0.09269	0.54076	0.10678	0.01986	0.01697	0.00696	0.00532	0.00162	0.00426	0.00572	0.01923	0.00829
5	0.56286	0.01092	0.00971	0.03215	0.01228	0.02614	0.00692	0.10309	0.11548	0.06169	0.01048	0.01105	0.00782	0.00540	0.00392	0.00163	0.00444	0.00363	0.00385	0.00653
6	0.01112	0.01093	0.01952	0.44583	0.24640	0.01215	0.13075	0.01457	0.01106	0.01486	0.00955	0.01357	0.00746	0.00501	0.00562	0.00170	0.02594	0.00486	0.00244	0.00667
7	0.00645	0.00526	0.00570	0.00566	0.00723	0.00451	0.00422	0.00802	0.01247	0.01564	0.22289	0.07868	0.57971	0.01272	0.00617	0.00174	0.00261	0.01078	0.00505	0.00451
8	0.01236	0.01190	0.02050	0.16133	0.63608	0.01226	0.03825	0.01555	0.01163	0.01638	0.00973	0.01309	0.00802	0.00473	0.00519	0.00158	0.00639	0.00468	0.00254	0.00780
9	0.01153	0.21244	0.50287	0.01444	0.02103	0.01426	0.12198	0.01631	0.01108	0.01552	0.00902	0.01080	0.00680	0.00475	0.00474	0.00154	0.00735	0.00392	0.00227	0.00736
10	0.02031	0.02248	0.01203	0.00932	0.01299	0.00878	0.00763	0.09632	0.06980	0.56321	0.02143	0.03791	0.05686	0.00793	0.02650	0.00181	0.00468	0.00575	0.00595	0.00831
11	0.00619	0.00528	0.00532	0.00531	0.00705	0.00441	0.00398	0.00754	0.01195	0.01426	0.07319	0.04980	0.76183	0.01312	0.00615	0.00176	0.00263	0.01095	0.00486	0.00441
12	0.01800	0.12738	0.01652	0.01115	0.01510	0.01594	0.00936	0.59341	0.04054	0.02852	0.01275	0.04517	0.00989	0.00643	0.00497	0.00152	0.00548	0.00487	0.02475	0.00825
13	0.03100	0.07823	0.08175	0.01226	0.01628	0.25744	0.02907	0.28853	0.01749	0.12178	0.01138	0.01176	0.00829	0.00569	0.00489	0.00148	0.00690	0.00414	0.00401	0.00763
14	0.00634	0.00453	0.00604	0.00725	0.00755	0.00423	0.00483	0.00725	0.00997	0.01329	0.02870	0.81358	0.03444	0.01632	0.00665	0.00211	0.00302	0.01480	0.00483	0.00423
15	0.01080	0.00926	0.01080	0.00771	0.01234	0.00694	0.00617	0.01311	0.01080	0.01697	0.00926	0.01080	0.00771	0.00386	0.00386	0.00077	0.00386	0.00309	0.00309	0.84882
16	0.00859	0.00921	0.11771	0.00810	0.01040	0.02753	0.00723	0.01116	0.01294	0.03650	0.40998	0.06579	0.11583	0.05425	0.00721	0.00186	0.01856	0.03695	0.00470	0.03549
17	0.02254	0.00920	0.01219	0.00941	0.01336	0.00825	0.00775	0.07229	0.03282	0.70515	0.03734	0.01791	0.01353	0.00654	0.00526	0.00161	0.00446	0.00531	0.00632	0.00876
18	0.01306	0.01112	0.01176	0.01053	0.01347	0.01278	0.00824	0.06542	0.70229	0.02205	0.02157	0.02061	0.03249	0.00732	0.00536	0.00177	0.00419	0.02258	0.00527	0.00811
19	0.01117	0.07366	0.40687	0.03955	0.14641	0.02781	0.02838	0.01573	0.02477	0.03407	0.11468	0.01617	0.01339	0.00588	0.00511	0.00161	0.00644	0.01812	0.00296	0.00722
20	0.01295	0.45188	0.30320	0.01144	0.01698	0.04084	0.02912	0.01626	0.01105	0.03695	0.00926	0.01045	0.01988	0.00487	0.00413	0.00136	0.00645	0.00347	0.00241	0.00706
21	0.01419	0.63297	0.13553	0.00989	0.01474	0.03611	0.01034	0.01651	0.01103	0.06562	0.00847	0.00939	0.00709	0.00468	0.00373	0.00123	0.00588	0.00312	0.00252	0.00696
22	0.01405	0.70819	0.08207	0.00965	0.01422	0.07270	0.00974	0.01601	0.01090	0.01259	0.00745	0.00862	0.00668	0.00455	0.00355	0.00117	0.00598	0.00290	0.00226	0.00671
23	0.06793	0.00964	0.00966	0.05083	0.02621	0.11154	0.00711	0.02681	0.07347	0.12779	0.10955	0.09796	0.18998	0.00953	0.00560	0.00173	0.00450	0.05958	0.00464	0.00593
24	0.01188	0.21186	0.46694	0.01213	0.01808	0.01301	0.01438	0.01620	0.01159	0.07224	0.09348	0.01389	0.01169	0.00556	0.00472	0.00152	0.00638	0.00430	0.00290	0.00724
25	0.01047	0.02565	0.73316	0.01432	0.02180	0.01172	0.01829	0.01625	0.01098	0.01653	0.00934	0.01098	0.00668	0.00487	0.00487	0.00159	0.00742	0.00379	0.00226	0.06905
26	0.02030	0.01288	0.16321	0.01060	0.01532	0.00933	0.01009	0.08240	0.03528	0.55817	0.01775	0.01605	0.01143	0.00616	0.00518	0.00162	0.00516	0.00494	0.00549	0.00862
27	0.01815	0.01077	0.09975	0.06445	0.04305	0.00849	0.00940	0.03506	0.03119	0.48902	0.04128	0.02050	0.07916	0.00696	0.00534	0.00165	0.00485	0.01772	0.00531	0.00793
28	0.01722	0.01002	0.06379	0.00921	0.01280	0.00861	0.00792	0.07938	0.11149	0.40607	0.07890	0.02254	0.10670	0.00751	0.00535	0.00164	0.00429	0.00616	0.03265	0.00775
29	0.00736	0.06584	0.06166	0.00835	0.00961	0.00624	0.02980	0.00878	0.01016	0.01354	0.02526	0.67539	0.02970	0.01431	0.00627	0.00200	0.00370	0.01291	0.00440	0.00473
30	0.03465	0.01558	0.22398	0.04464	0.23078	0.03121	0.01341	0.04812	0.11099	0.15482	0.01407	0.01480	0.02821	0.00567	0.00510	0.00162	0.00597	0.00477	0.00368	0.00793
31	0.08822	0.25742	0.16205	0.01160	0.05422	0.01373	0.03166	0.04050	0.06360	0.11384	0.03873	0.05612	0.01115	0.00607	0.00492	0.00153	0.02941	0.00469	0.00344	0.00709
32	0.03240	0.04382	0.27160	0.02751	0.12573	0.01157	0.01296	0.09165	0.04054	0.15323	0.03039	0.05192	0.01082	0.00620	0.00563	0.00163	0.04344	0.00498	0.00367	0.03033
33	0.13697	0.06844	0.12323	0.01311	0.11146	0.02861	0.01046	0.07914	0.20324	0.12764	0.01462	0.01517	0.02140	0.00598	0.00481	0.00162	0.00524	0.01710	0.00409	0.00766
34	0.03449	0.07676	0.30378	0.01505	0.12815	0.09429	0.03575	0.04598	0.01265	0.01746	0.15354	0.01622	0.01492	0.00610	0.00531	0.00157	0.02296	0.00496	0.00313	0.00694

[dist]
# distance from previous block
# <min> <max>
8	35

[block]
# block no. 7 follows, 47 sequences, length 15
# corresponding to MSA columns:
# 387-401
name=unknown_H
#
# <colnr> <probs for GDERKNQSTAVLIFYWHMCP>
#	G	D	E	R	K	N	Q	S	T	A	V	L	I	F	Y	W	H	M	C	P
0	0.11416	0.11566	0.09278	0.02874	0.15358	0.22712	0.01098	0.03656	0.04504	0.03513	0.02666	0.01212	0.02105	0.00540	0.00482	0.00146	0.02392	0.00398	0.00299	0.03782
1	0.04519	0.05029	0.21869	0.01825	0.26041	0.05833	0.03941	0.03582	0.01240	0.08266	0.05404	0.01699	0.04740	0.00601	0.00513	0.00160	0.00618	0.03061	0.00325	0.00735
2	0.05061	0.11003	0.42879	0.01346	0.06756	0.01205	0.01429	0.01606	0.01151	0.07841	0.09898	0.01448	0.01210	0.00584	0.00543	0.00161	0.04405	0.00452	0.00303	0.00720
3	0.01214	0.04662	0.55627	0.01330	0.01968	0.03090	0.01585	0.10613	0.01307	0.05180	0.04815	0.01410	0.03765	0.00574	0.00504	0.00162	0.00686	0.00449	0.00302	0.00756
4	0.01762	0.03665	0.01385	0.01049	0.01405	0.02938	0.00846	0.49313	0.01960	0.10738	0.01378	0.03565	0.01096	0.10342	0.00765	0.00193	0.00540	0.00516	0.00481	0.06064
5	0.01392	0.82012	0.02729	0.00891	0.01337	0.02061	0.00891	0.01559	0.01058	0.01225	0.00724	0.00835	0.00668	0.00446	0.00334	0.00111	0.00557	0.00278	0.00223	0.00668
6	0.01080	0.00926	0.01080	0.00771	0.01234	0.00694	0.00617	0.01311	0.01080	0.01697	0.00926	0.01080	0.00771	0.00386	0.00386	0.00077	0.00386	0.00309	0.00309	0.84882
7	0.00757	0.00505	0.00568	0.00568	0.00568	0.00505	0.00316	0.00757	0.00757	0.01010	0.01641	0.03408	0.01893	0.81698	0.02651	0.00505	0.00505	0.00757	0.00316	0.00316
8	0.85377	0.01007	0.00765	0.00685	0.01007	0.01168	0.00564	0.01531	0.00886	0.02336	0.00725	0.00846	0.00564	0.00483	0.00322	0.00161	0.00403	0.00282	0.00322	0.00564
9	0.00634	0.00453	0.00604	0.00725	0.00755	0.00423	0.00483	0.00725	0.00997	0.01329	0.02870	0.81358	0.03444	0.01632	0.00665	0.00211	0.00302	0.01480	0.00483	0.00423
10	0.01432	0.76273	0.02638	0.00924	0.01356	0.07656	0.00899	0.01597	0.01088	0.01229	0.00730	0.00843	0.00668	0.00452	0.00344	0.00113	0.00584	0.00283	0.00226	0.00664
11	0.05976	0.10028	0.01344	0.00911	0.01298	0.00961	0.00766	0.04490	0.04234	0.57870	0.05413	0.01715	0.01356	0.00636	0.00497	0.00156	0.00447	0.00505	0.00571	0.00826
12	0.00681	0.00463	0.00604	0.00692	0.00714	0.00441	0.00450	0.00727	0.00925	0.01234	0.02472	0.60060	0.02937	0.16359	0.01149	0.07665	0.00353	0.01258	0.00430	0.00386
13	0.00640	0.00498	0.00585	0.00650	0.00753	0.00443	0.00467	0.00760	0.01099	0.01381	0.03976	0.40853	0.38043	0.01474	0.00646	0.00197	0.00296	0.06324	0.00483	0.00435
14	0.01241	0.01110	0.07774	0.00905	0.01348	0.00854	0.00788	0.07536	0.03249	0.08035	0.01146	0.04408	0.00939	0.00512	0.00477	0.00111	0.03149	0.00405	0.00355	0.55660

[dist]
# distance from previous block
# <min> <max>
14	26

[block]
# block no. 8 follows, 47 sequences, length 106
# corresponding to MSA columns:
# 430-535
name=unknown_I
#
# <colnr> <probs for GDERKNQSTAVLIFYWHMCP>
#	G	D	E	R	K	N	Q	S	T	A	V	L	I	F	Y	W	H	M	C	P
0	0.01212	0.07295	0.49928	0.01440	0.02076	0.01188	0.12659	0.01692	0.01159	0.10052	0.01253	0.03118	0.03478	0.00553	0.00513	0.00164	0.00708	0.00476	0.00288	0.00747
1	0.02597	0.09944	0.62486	0.01422	0.03414	0.01254	0.03733	0.01624	0.01109	0.03078	0.02462	0.02768	0.00815	0.00525	0.00486	0.00161	0.00718	0.00416	0.00244	0.00745
2	0.03066	0.09786	0.70296	0.01412	0.02142	0.01285	0.01799	0.01638	0.01091	0.01627	0.00911	0.01070	0.00658	0.00490	0.00476	0.00160	0.00742	0.00373	0.00223	0.00756
3	0.01656	0.01307	0.01315	0.01149	0.03230	0.12275	0.00890	0.18072	0.27299	0.14734	0.01656	0.03765	0.01268	0.00747	0.01945	0.00177	0.03648	0.02081	0.00481	0.02305
4	0.06914	0.01154	0.01882	0.07326	0.61293	0.01171	0.01434	0.01603	0.01171	0.06129	0.01096	0.03011	0.00925	0.00523	0.00511	0.00160	0.00589	0.02032	0.00292	0.00781
5	0.02773	0.00975	0.01551	0.60857	0.11466	0.01158	0.01359	0.06294	0.01154	0.01524	0.01182	0.01551	0.04871	0.00563	0.00521	0.00170	0.00649	0.00494	0.00269	0.00618
6	0.00783	0.00529	0.00613	0.00625	0.00649	0.00529	0.00385	0.02805	0.00864	0.01158	0.01849	0.13228	0.02114	0.63489	0.02194	0.00437	0.00475	0.05085	0.01831	0.00357
7	0.00654	0.00476	0.00618	0.00714	0.00765	0.00446	0.00485	0.00785	0.02466	0.01410	0.08983	0.69262	0.07901	0.01551	0.00655	0.00205	0.00297	0.01399	0.00491	0.00437
8	0.01160	0.01111	0.01904	0.35477	0.45505	0.01205	0.03158	0.01488	0.01126	0.01546	0.00959	0.01333	0.00769	0.00487	0.00520	0.00163	0.00656	0.00467	0.00247	0.00719
9	0.03715	0.01448	0.11009	0.01141	0.01562	0.01355	0.01019	0.51039	0.02004	0.08626	0.01395	0.07813	0.01096	0.00685	0.00520	0.00160	0.00552	0.00538	0.02043	0.02280
10	0.01204	0.01400	0.06991	0.09946	0.12820	0.01284	0.53014	0.01654	0.03231	0.01652	0.01053	0.01385	0.00799	0.00461	0.00583	0.00172	0.00807	0.00566	0.00264	0.00714
11	0.00983	0.00926	0.01562	0.80447	0.03587	0.01157	0.01446	0.01331	0.01041	0.01331	0.00926	0.01388	0.00694	0.00521	0.00521	0.00174	0.00694	0.00463	0.00231	0.00579
12	0.02707	0.02565	0.72802	0.01521	0.05090	0.01199	0.01859	0.01665	0.01108	0.03435	0.00958	0.01117	0.00679	0.00497	0.00493	0.00164	0.00749	0.00389	0.00233	0.00770
13	0.08531	0.00888	0.01153	0.00898	0.01279	0.00800	0.00739	0.04119	0.01466	0.66638	0.06489	0.01817	0.01441	0.00657	0.00514	0.00161	0.00431	0.00529	0.00613	0.00838
14	0.00663	0.00480	0.00630	0.00739	0.00782	0.00458	0.00501	0.00808	0.03644	0.01381	0.04707	0.75465	0.03410	0.01582	0.00660	0.00210	0.00307	0.02647	0.00487	0.00439
15	0.00631	0.00503	0.00566	0.00603	0.00726	0.00438	0.00432	0.00758	0.01146	0.01434	0.10114	0.30186	0.47823	0.01403	0.00632	0.00187	0.00275	0.01213	0.00490	0.00438
16	0.01332	0.01079	0.01366	0.01368	0.12668	0.04080	0.05917	0.17839	0.15310	0.06427	0.03154	0.17302	0.06110	0.02852	0.00614	0.00181	0.00500	0.00746	0.00450	0.00706
