[name]
unknown

[dist]
# distance from previous block
# <min> <max>
0	70

[block]
# block no. 0 follows, 45 sequences, length 7
# corresponding to MSA columns:
# 74-80
name=unknown_A
#
# <colnr> <probs for GDERKNQSTAVLIFYWHMCP>
#	G	D	E	R	K	N	Q	S	T	A	V	L	I	F	Y	W	H	M	C	P
0	0.05277	0.00920	0.01275	0.30426	0.06103	0.01025	0.01042	0.07709	0.08809	0.03520	0.01644	0.18949	0.01565	0.00846	0.00561	0.00182	0.00535	0.03870	0.00383	0.05360
1	0.01385	0.01294	0.02133	0.03130	0.71703	0.01307	0.01597	0.07590	0.01326	0.01884	0.01032	0.01325	0.00855	0.00492	0.00532	0.00160	0.00634	0.00479	0.00287	0.00855
2	0.01059	0.09629	0.01740	0.71340	0.03447	0.01293	0.01429	0.01397	0.01075	0.01360	0.00932	0.01370	0.00713	0.00528	0.00516	0.00172	0.00700	0.00457	0.00238	0.00606
3	0.01266	0.00989	0.01229	0.03391	0.03653	0.00913	0.03063	0.14786	0.01362	0.05520	0.01476	0.10069	0.03714	0.05530	0.00657	0.00155	0.02317	0.00566	0.00392	0.38953
4	0.00755	0.00576	0.00771	0.08155	0.01043	0.00610	0.00588	0.00855	0.00958	0.01278	0.02361	0.42400	0.05859	0.22536	0.03711	0.00314	0.05268	0.01120	0.00406	0.00433
5	0.01048	0.00809	0.03452	0.00826	0.01050	0.00710	0.02334	0.06284	0.02826	0.06468	0.09050	0.13199	0.03816	0.22690	0.04570	0.00284	0.00492	0.02161	0.00415	0.17513
6	0.06159	0.16627	0.31137	0.01211	0.01747	0.09723	0.01287	0.06308	0.04827	0.08302	0.01133	0.03562	0.00884	0.00567	0.00473	0.00153	0.00660	0.00423	0.00322	0.04495

[dist]
# distance from previous block
# <min> <max>
2	19

[block]
# block no. 1 follows, 45 sequences, length 23
# corresponding to MSA columns:
# 100-122
name=unknown_B
#
# <colnr> <probs for GDERKNQSTAVLIFYWHMCP>
#	G	D	E	R	K	N	Q	S	T	A	V	L	I	F	Y	W	H	M	C	P
0	0.05234	0.31324	0.01996	0.07019	0.07433	0.13080	0.01019	0.15420	0.05467	0.03387	0.01062	0.03401	0.00886	0.00570	0.00453	0.00145	0.00626	0.00418	0.00334	0.00727
1	0.01411	0.10369	0.12378	0.03435	0.35121	0.07687	0.01398	0.04997	0.01258	0.05035	0.00997	0.01219	0.00805	0.00526	0.00571	0.00154	0.05499	0.00427	0.00288	0.06426
2	0.01526	0.07668	0.02820	0.05692	0.09505	0.03376	0.08353	0.03642	0.03176	0.20598	0.01367	0.04848	0.01061	0.00567	0.00497	0.00141	0.00544	0.00493	0.00398	0.23727
3	0.06725	0.06025	0.01322	0.00930	0.01359	0.05242	0.03617	0.07886	0.03411	0.01875	0.01079	0.04675	0.00927	0.00506	0.00433	0.00111	0.00474	0.00404	0.00343	0.52655
4	0.06847	0.01251	0.11146	0.14043	0.08112	0.01035	0.11505	0.01633	0.02447	0.10224	0.01276	0.01733	0.01031	0.00583	0.00521	0.00159	0.00604	0.06778	0.00342	0.18727
5	0.01427	0.07345	0.27764	0.01572	0.02163	0.01267	0.25332	0.06362	0.01319	0.13427	0.01183	0.01329	0.00844	0.00513	0.00537	0.00163	0.00726	0.00487	0.00333	0.05907
6	0.01210	0.01155	0.01965	0.32047	0.49958	0.01244	0.01589	0.01544	0.01166	0.01610	0.00989	0.01367	0.00800	0.00500	0.00533	0.00167	0.00667	0.00478	0.00255	0.00755
7	0.01151	0.01094	0.01857	0.46578	0.35895	0.01229	0.01559	0.01491	0.01138	0.01538	0.00978	0.01387	0.00774	0.00511	0.00534	0.00170	0.00682	0.00478	0.00250	0.00707
8	0.01005	0.00709	0.03072	0.00751	0.00977	0.00585	0.00598	0.01249	0.01416	0.11053	0.49228	0.07985	0.05553	0.00972	0.00588	0.00159	0.00317	0.00849	0.00543	0.12390
9	0.01040	0.00981	0.01657	0.73488	0.09850	0.01199	0.01504	0.01394	0.01086	0.01403	0.00959	0.01423	0.00727	0.00532	0.00536	0.00177	0.00709	0.00477	0.00241	0.00617
10	0.00781	0.00520	0.00585	0.00585	0.00585	0.00520	0.00325	0.00781	0.00781	0.01041	0.01691	0.03513	0.01952	0.81135	0.02732	0.00520	0.00520	0.00781	0.00325	0.00325
11	0.01113	0.00954	0.01113	0.00795	0.01272	0.00716	0.00636	0.01352	0.01113	0.01749	0.00954	0.01113	0.00795	0.00398	0.00398	0.00080	0.00398	0.00318	0.00318	0.84417
12	0.01329	0.01275	0.02179	0.03295	0.77787	0.01275	0.01647	0.01647	0.01222	0.01754	0.01010	0.01329	0.00850	0.00478	0.00531	0.00159	0.00638	0.00478	0.00266	0.00850
13	0.80337	0.01051	0.00865	0.00848	0.05252	0.01208	0.00640	0.01582	0.00930	0.02372	0.00762	0.00897	0.00596	0.00497	0.00343	0.00166	0.00427	0.00301	0.00329	0.00596
14	0.01313	0.01259	0.02150	0.07172	0.74034	0.01271	0.01639	0.01633	0.01215	0.01734	0.01007	0.01334	0.00843	0.00481	0.00532	0.00160	0.00642	0.00478	0.00264	0.00837
15	0.01329	0.01275	0.02179	0.03295	0.77787	0.01275	0.01647	0.01647	0.01222	0.01754	0.01010	0.01329	0.00850	0.00478	0.00531	0.00159	0.00638	0.00478	0.00266	0.00850
16	0.08163	0.04453	0.01088	0.00848	0.01130	0.00881	0.00680	0.12740	0.01560	0.20049	0.31097	0.06775	0.02726	0.00850	0.00551	0.00163	0.00389	0.00711	0.00545	0.04598
17	0.01436	0.06213	0.02133	0.04351	0.60412	0.03807	0.03029	0.05034	0.01296	0.05645	0.01057	0.01316	0.00859	0.00497	0.00521	0.00157	0.00640	0.00469	0.00296	0.00832
18	0.06289	0.00964	0.01357	0.05171	0.09250	0.00919	0.06472	0.03634	0.02431	0.09850	0.08300	0.01655	0.01324	0.01004	0.10496	0.00231	0.02723	0.00495	0.00372	0.27065
19	0.44110	0.01220	0.12305	0.12984	0.01614	0.01110	0.00916	0.01503	0.03020	0.01996	0.03267	0.03164	0.00942	0.05488	0.00562	0.00188	0.00515	0.00424	0.00319	0.04353
20	0.05941	0.40230	0.18534	0.04740	0.03614	0.03573	0.06781	0.03391	0.01175	0.03588	0.03342	0.01139	0.00858	0.00508	0.00436	0.00143	0.00641	0.00384	0.00271	0.00711
21	0.03469	0.03450	0.20264	0.08477	0.01775	0.05291	0.04415	0.05498	0.05743	0.07546	0.07579	0.09368	0.02838	0.00779	0.02140	0.00177	0.00598	0.00599	0.00375	0.09619
22	0.12833	0.04605	0.01072	0.04115	0.02772	0.00866	0.00694	0.01634	0.07393	0.18159	0.14556	0.11069	0.04308	0.03109	0.00583	0.00172	0.00407	0.00679	0.00476	0.10498

[dist]
# distance from previous block
# <min> <max>
1	13

[block]
# block no. 2 follows, 45 sequences, length 13
# corresponding to MSA columns:
# 136-148
name=unknown_C
#
# <colnr> <probs for GDERKNQSTAVLIFYWHMCP>
#	G	D	E	R	K	N	Q	S	T	A	V	L	I	F	Y	W	H	M	C	P
0	0.11289	0.22043	0.28203	0.01210	0.04495	0.03728	0.02912	0.03550	0.01183	0.04112	0.04841	0.04109	0.04995	0.00614	0.00469	0.00156	0.00610	0.00473	0.00307	0.00700
1	0.23593	0.25244	0.13740	0.01042	0.04136	0.03049	0.00973	0.01701	0.02322	0.10202	0.04407	0.03442	0.01026	0.00568	0.00425	0.00150	0.00536	0.00412	0.00337	0.02693
2	0.01200	0.05430	0.06300	0.00871	0.01228	0.00882	0.00740	0.08210	0.05893	0.08117	0.08087	0.08074	0.09528	0.05336	0.00635	0.00162	0.00433	0.00629	0.00425	0.27821
3	0.12524	0.11491	0.06859	0.00998	0.01359	0.07710	0.03137	0.09600	0.10831	0.04916	0.08944	0.03786	0.08954	0.00713	0.00496	0.00157	0.00512	0.00562	0.00411	0.06038
4	0.10008	0.17289	0.09249	0.05140	0.03736	0.02959	0.00928	0.08934	0.01282	0.09760	0.01612	0.11639	0.06454	0.00728	0.00487	0.00156	0.00517	0.00581	0.00379	0.08162
5	0.03799	0.00851	0.04033	0.12985	0.04476	0.00840	0.05404	0.07002	0.01172	0.01614	0.04225	0.33260	0.03614	0.01181	0.00763	0.06687	0.02753	0.04400	0.00398	0.00544
6	0.01264	0.01094	0.01474	0.14560	0.18472	0.05793	0.03631	0.01797	0.17257	0.06957	0.01780	0.08292	0.03513	0.00779	0.00570	0.00179	0.00565	0.08424	0.00399	0.03200
7	0.06671	0.33453	0.07340	0.01379	0.09202	0.22527	0.04303	0.04213	0.01280	0.03873	0.00884	0.01025	0.00731	0.00504	0.00436	0.00138	0.00703	0.00359	0.00277	0.00703
8	0.01481	0.00968	0.01160	0.00874	0.01313	0.00811	0.00703	0.01869	0.10551	0.21922	0.01412	0.01411	0.01039	0.00509	0.00453	0.00115	0.00416	0.00412	0.00437	0.52142
9	0.01151	0.01338	0.10400	0.40113	0.06598	0.05915	0.14681	0.03618	0.01200	0.01573	0.02843	0.04493	0.00962	0.00579	0.00552	0.00175	0.00731	0.00540	0.01884	0.00654
10	0.00891	0.07325	0.00895	0.00763	0.00879	0.00682	0.00557	0.02735	0.01130	0.05815	0.10359	0.42233	0.09290	0.10341	0.00900	0.00232	0.02875	0.01134	0.00468	0.00496
11	0.02305	0.00891	0.01213	0.00938	0.01335	0.00771	0.00771	0.02516	0.01535	0.73414	0.06823	0.01963	0.01562	0.00691	0.00546	0.00166	0.00444	0.00567	0.00660	0.00888
12	0.02408	0.00914	0.01246	0.00955	0.01370	0.00789	0.00789	0.02616	0.01536	0.78158	0.02118	0.01827	0.01329	0.00664	0.00540	0.00166	0.00457	0.00540	0.00664	0.00914

[dist]
# distance from previous block
# <min> <max>
0	3

[block]
# block no. 3 follows, 45 sequences, length 9
# corresponding to MSA columns:
# 152-160
name=unknown_D
#
# <colnr> <probs for GDERKNQSTAVLIFYWHMCP>
#	G	D	E	R	K	N	Q	S	T	A	V	L	I	F	Y	W	H	M	C	P
0	0.01211	0.01363	0.11504	0.06211	0.51280	0.01182	0.03760	0.01601	0.03928	0.01748	0.05585	0.05806	0.01241	0.00594	0.00547	0.00167	0.00621	0.00563	0.00301	0.00785
1	0.01183	0.05552	0.53897	0.11338	0.05104	0.04811	0.05007	0.01702	0.01163	0.03951	0.00989	0.01194	0.00717	0.00514	0.00512	0.00167	0.00772	0.00418	0.00247	0.00759
2	0.01014	0.00954	0.01610	0.79845	0.03697	0.01193	0.01491	0.01371	0.01073	0.01371	0.00954	0.01431	0.00716	0.00537	0.00537	0.00179	0.00716	0.00477	0.00239	0.00596
3	0.02236	0.00934	0.01232	0.00961	0.01350	0.00842	0.00787	0.09134	0.01602	0.65158	0.04783	0.05444	0.01526	0.00724	0.00550	0.00168	0.00455	0.00595	0.00643	0.00877
4	0.01179	0.01175	0.05088	0.16401	0.28031	0.06534	0.03487	0.01493	0.02754	0.03508	0.07205	0.09962	0.01606	0.00766	0.00600	0.00179	0.02386	0.06624	0.00342	0.00680
5	0.01004	0.00955	0.01605	0.50358	0.07035	0.01122	0.07434	0.01309	0.01086	0.01421	0.01470	0.08515	0.06946	0.00719	0.00657	0.00186	0.06666	0.00631	0.00285	0.00595
6	0.01014	0.00954	0.01610	0.79845	0.03697	0.01193	0.01491	0.01371	0.01073	0.01371	0.00954	0.01431	0.00716	0.00537	0.00537	0.00179	0.00716	0.00477	0.00239	0.00596
7	0.03437	0.06231	0.01603	0.01412	0.06879	0.36662	0.01050	0.11354	0.06292	0.03437	0.01112	0.01255	0.02827	0.00650	0.00697	0.00162	0.13488	0.00430	0.00333	0.00689
8	0.06825	0.01220	0.05247	0.10332	0.02170	0.04222	0.34259	0.01475	0.01210	0.01704	0.07541	0.10471	0.01527	0.00703	0.00589	0.00178	0.00683	0.04077	0.00334	0.05233

[dist]
# distance from previous block
# <min> <max>
7	17

[block]
# block no. 4 follows, 45 sequences, length 8
# corresponding to MSA columns:
# 178-185
name=unknown_E
#
# <colnr> <probs for GDERKNQSTAVLIFYWHMCP>
#	G	D	E	R	K	N	Q	S	T	A	V	L	I	F	Y	W	H	M	C	P
0	0.05188	0.56746	0.04784	0.00964	0.01364	0.09452	0.00915	0.01580	0.01138	0.01377	0.03659	0.01254	0.05353	0.00566	0.00447	0.00132	0.03781	0.00377	0.00267	0.00657
1	0.00890	0.00641	0.00718	0.00685	0.00843	0.03385	0.00508	0.01069	0.01339	0.08028	0.33644	0.12237	0.27870	0.04847	0.00722	0.00193	0.00321	0.01015	0.00533	0.00511
2	0.01720	0.13573	0.01660	0.05437	0.07595	0.05035	0.00971	0.28646	0.06335	0.13351	0.02956	0.01571	0.01126	0.06862	0.00678	0.00184	0.00574	0.00495	0.00444	0.00785
3	0.17170	0.01170	0.07296	0.08741	0.03529	0.01106	0.06574	0.09870	0.02806	0.21054	0.10348	0.01691	0.01405	0.00652	0.00572	0.00172	0.04144	0.00525	0.00444	0.00731
4	0.07975	0.06226	0.01263	0.00911	0.01273	0.00942	0.00744	0.08017	0.01447	0.52291	0.01812	0.01862	0.01278	0.10597	0.00783	0.00206	0.00480	0.00531	0.00560	0.00802
5	0.01099	0.02620	0.69468	0.01617	0.02380	0.01260	0.10712	0.01702	0.01149	0.01702	0.00978	0.01170	0.00696	0.00503	0.00525	0.00171	0.00807	0.00425	0.00232	0.00785
6	0.00954	0.01221	0.23124	0.00954	0.01299	0.00743	0.00973	0.01296	0.01345	0.06889	0.34295	0.03379	0.12326	0.00969	0.00602	0.00178	0.00448	0.07926	0.00470	0.00608
7	0.01270	0.04540	0.09353	0.14705	0.08084	0.03110	0.04562	0.05443	0.22735	0.03859	0.01604	0.01730	0.05830	0.00685	0.00683	0.00179	0.09980	0.00545	0.00371	0.00733

[dist]
# distance from previous block
# <min> <max>
2	7

[block]
# block no. 5 follows, 45 sequences, length 33
# corresponding to MSA columns:
# 193-225
name=unknown_F
#
# <colnr> <probs for GDERKNQSTAVLIFYWHMCP>
#	G	D	E	R	K	N	Q	S	T	A	V	L	I	F	Y	W	H	M	C	P
0	0.00902	0.00751	0.00803	0.11104	0.01110	0.07428	0.00558	0.00974	0.00921	0.01151	0.01764	0.09675	0.04572	0.53818	0.01996	0.00404	0.00558	0.00779	0.00331	0.00401
1	0.00938	0.11260	0.12161	0.00857	0.01149	0.00903	0.00796	0.01357	0.09665	0.01890	0.38713	0.03130	0.13268	0.00926	0.00569	0.00165	0.00393	0.00783	0.00475	0.00602
2	0.01320	0.51544	0.27048	0.01108	0.01663	0.01756	0.01245	0.01641	0.01129	0.03207	0.03412	0.01076	0.00847	0.00502	0.00412	0.00136	0.00631	0.00351	0.00251	0.00722
3	0.04512	0.74409	0.06643	0.00942	0.01414	0.02045	0.00961	0.01611	0.01086	0.01328	0.00758	0.00876	0.00684	0.00463	0.00353	0.00120	0.00580	0.00293	0.00233	0.00690
4	0.74636	0.01092	0.03704	0.00758	0.01115	0.01170	0.00651	0.01673	0.00976	0.08975	0.00875	0.00965	0.00650	0.00513	0.00357	0.00166	0.00433	0.00316	0.00357	0.00618
5	0.00718	0.00599	0.00714	0.00670	0.00853	0.00532	0.03209	0.00943	0.03683	0.01671	0.23750	0.04656	0.51568	0.01242	0.00634	0.00180	0.00301	0.03070	0.00515	0.00490
6	0.01330	0.01406	0.06733	0.13214	0.11965	0.04190	0.38604	0.01746	0.02872	0.07032	0.01131	0.01418	0.00845	0.00493	0.00575	0.00170	0.00775	0.00546	0.00299	0.04657
7	0.00659	0.00528	0.00580	0.00615	0.00747	0.00462	0.00445	0.00782	0.01151	0.01413	0.04506	0.22374	0.52212	0.06547	0.00785	0.00215	0.00308	0.04740	0.00487	0.00443
8	0.01087	0.05001	0.76218	0.01513	0.02297	0.01271	0.01953	0.01697	0.01132	0.01688	0.00957	0.01126	0.00680	0.00509	0.00505	0.00168	0.00787	0.00394	0.00227	0.00790
9	0.01256	0.00950	0.01128	0.00813	0.01283	0.00724	0.00653	0.01491	0.01160	0.10168	0.01082	0.01192	0.00854	0.00427	0.00413	0.00089	0.00404	0.00342	0.00356	0.75217
10	0.00781	0.00520	0.00585	0.00585	0.00585	0.00520	0.00325	0.00781	0.00781	0.01041	0.01691	0.03513	0.01952	0.81135	0.02732	0.00520	0.00520	0.00781	0.00325	0.00325
11	0.02009	0.02442	0.01531	0.01367	0.01660	0.70462	0.01035	0.10280	0.01632	0.01542	0.00880	0.01003	0.00716	0.00563	0.00490	0.00141	0.00926	0.00361	0.00305	0.00654
12	0.00654	0.00467	0.00623	0.00747	0.00779	0.00436	0.00498	0.00747	0.01028	0.01370	0.02959	0.80785	0.03550	0.01682	0.00685	0.00218	0.00311	0.01526	0.00498	0.00436
13	0.01465	0.26347	0.25058	0.01496	0.09131	0.20641	0.03842	0.03402	0.01259	0.01515	0.00880	0.01043	0.00711	0.00503	0.00460	0.00145	0.00754	0.00369	0.00252	0.00725
14	0.01326	0.01223	0.02292	0.16857	0.29790	0.01225	0.26924	0.01683	0.01232	0.08312	0.01171	0.03431	0.00923	0.00527	0.00572	0.00172	0.00720	0.00563	0.00303	0.00755
15	0.01077	0.02777	0.78354	0.01530	0.02323	0.01247	0.01983	0.01700	0.01133	0.01700	0.00963	0.01133	0.00680	0.00510	0.00510	0.00170	0.00793	0.00397	0.00227	0.00793
16	0.01095	0.01059	0.01685	0.66326	0.13826	0.04153	0.01495	0.01439	0.01111	0.01422	0.00957	0.01399	0.00733	0.00529	0.00534	0.00175	0.00714	0.00472	0.00244	0.00632
17	0.01089	0.02511	0.66264	0.08472	0.07803	0.01244	0.01917	0.01668	0.01134	0.01675	0.00966	0.01173	0.00695	0.00510	0.00514	0.00170	0.00775	0.00409	0.00230	0.00780
18	0.01108	0.09625	0.71779	0.01477	0.02241	0.01323	0.01891	0.01692	0.01130	0.01662	0.00944	0.01110	0.00681	0.00506	0.00496	0.00165	0.00774	0.00387	0.00227	0.00784
19	0.84927	0.01038	0.00789	0.00706	0.01038	0.01204	0.00581	0.01578	0.00914	0.02408	0.00747	0.00872	0.00581	0.00498	0.00332	0.00166	0.00415	0.00291	0.00332	0.00581
20	0.00769	0.00565	0.00813	0.00813	0.00892	0.00644	0.00609	0.00927	0.00848	0.01209	0.01483	0.02360	0.01451	0.17812	0.65371	0.00801	0.01274	0.00612	0.00294	0.00452
21	0.00781	0.00520	0.00585	0.00585	0.00585	0.00520	0.00325	0.00781	0.00781	0.01041	0.01691	0.03513	0.01952	0.81135	0.02732	0.00520	0.00520	0.00781	0.00325	0.00325
22	0.01435	0.81458	0.02813	0.00918	0.01378	0.02124	0.00918	0.01607	0.01091	0.01263	0.00746	0.00861	0.00689	0.00459	0.00344	0.00115	0.00574	0.00287	0.00230	0.00689
23	0.04881	0.10969	0.21048	0.01172	0.04134	0.01127	0.01134	0.05297	0.01390	0.39773	0.02886	0.01501	0.01094	0.00595	0.00503	0.00161	0.00563	0.00468	0.00470	0.00835
24	0.01636	0.32189	0.10558	0.01205	0.01656	0.15851	0.06588	0.06049	0.06701	0.11129	0.01114	0.01179	0.00857	0.00537	0.00459	0.00144	0.00671	0.00401	0.00335	0.00743
25	0.84927	0.01038	0.00789	0.00706	0.01038	0.01204	0.00581	0.01578	0.00914	0.02408	0.00747	0.00872	0.00581	0.00498	0.00332	0.00166	0.00415	0.00291	0.00332	0.00581
26	0.01933	0.02438	0.01532	0.01385	0.01638	0.72249	0.01049	0.02069	0.01460	0.01312	0.00819	0.00986	0.00693	0.00587	0.00595	0.00147	0.07860	0.00357	0.00273	0.00619
27	0.00775	0.00544	0.00706	0.00706	0.00748	0.00586	0.00476	0.00858	0.00816	0.01130	0.01581	0.02901	0.01686	0.47531	0.35973	0.00670	0.00920	0.00691	0.00309	0.00392
28	0.00760	0.00549	0.00718	0.00675	0.00802	0.00506	0.00506	0.01013	0.01519	0.02153	0.77503	0.04010	0.05065	0.01097	0.00633	0.00169	0.00253	0.00971	0.00591	0.00506
29	0.01077	0.02777	0.78354	0.01530	0.02323	0.01247	0.01983	0.01700	0.01133	0.01700	0.00963	0.01133	0.00680	0.00510	0.00510	0.00170	0.00793	0.00397	0.00227	0.00793
30	0.00767	0.00573	0.00850	0.00850	0.00942	0.00664	0.00656	0.00951	0.00859	0.01237	0.01449	0.02171	0.01369	0.07449	0.75622	0.00847	0.01397	0.00584	0.00289	0.00472
31	0.01260	0.00717	0.00988	0.11176	0.01353	0.00698	0.00721	0.01541	0.04006	0.22902	0.37331	0.08376	0.03177	0.02554	0.00638	0.00180	0.00385	0.00810	0.00551	0.00634
32	0.01539	0.03820	0.01519	0.25265	0.02195	0.29582	0.01127	0.08529	0.10468	0.03310	0.01173	0.04286	0.00954	0.00633	0.00560	0.00164	0.03390	0.00481	0.00335	0.00668

[dist]
# distance from previous block
# <min> <max>
0	1

[block]
# block no. 6 follows, 45 sequences, length 12
# corresponding to MSA columns:
# 227-238
name=unknown_G
#
# <colnr> <probs for GDERKNQSTAVLIFYWHMCP>
#	G	D	E	R	K	N	Q	S	T	A	V	L	I	F	Y	W	H	M	C	P
0	0.01598	0.14462	0.01909	0.01771	0.20435	0.35086	0.04854	0.01826	0.03096	0.01440	0.00956	0.01251	0.00837	0.05479	0.00653	0.00169	0.02803	0.00420	0.00275	0.00681
1	0.01205	0.27802	0.48709	0.01389	0.02057	0.01535	0.07070	0.01672	0.01130	0.01562	0.00903	0.01070	0.00693	0.00490	0.00466	0.00153	0.00732	0.00379	0.00231	0.00755
2	0.02981	0.14959	0.03789	0.00741	0.00999	0.00863	0.00640	0.01184	0.01255	0.07735	0.15690	0.03654	0.36638	0.01047	0.00593	0.00169	0.02145	0.03898	0.00460	0.00560
3	0.01290	0.01369	0.07920	0.07864	0.67513	0.01268	0.01663	0.01634	0.01206	0.01726	0.01003	0.01320	0.00829	0.00484	0.00530	0.00161	0.00654	0.00472	0.00261	0.00830
4	0.01435	0.81458	0.02813	0.00918	0.01378	0.02124	0.00918	0.01607	0.01091	0.01263	0.00746	0.00861	0.00689	0.00459	0.00344	0.00115	0.00574	0.00287	0.00230	0.00689
5	0.02408	0.00914	0.01246	0.00955	0.01370	0.00789	0.00789	0.02616	0.01536	0.78158	0.02118	0.01827	0.01329	0.00664	0.00540	0.00166	0.00457	0.00540	0.00664	0.00914
6	0.00932	0.00466	0.00699	0.00699	0.00699	0.00466	0.00466	0.00699	0.00699	0.00932	0.00932	0.01632	0.00932	0.01865	0.02098	0.84382	0.00466	0.00466	0.00233	0.00233
7	0.00674	0.00476	0.00617	0.00722	0.00748	0.00449	0.00471	0.00753	0.00989	0.01318	0.02758	0.68572	0.03298	0.14240	0.01009	0.00266	0.00344	0.01408	0.00471	0.00418
8	0.01378	0.69022	0.14752	0.01015	0.01527	0.01985	0.01087	0.01622	0.01097	0.01332	0.00781	0.00904	0.00687	0.00467	0.00371	0.00124	0.00609	0.00304	0.00229	0.00705
9	0.01923	0.01631	0.01533	0.01238	0.01621	0.14991	0.00996	0.51657	0.14093	0.02845	0.01351	0.01346	0.00989	0.00642	0.00529	0.00160	0.00630	0.00479	0.00493	0.00853
10	0.01122	0.00627	0.00807	0.00729	0.00923	0.00558	0.00558	0.01330	0.01429	0.20020	0.41133	0.11219	0.15231	0.01092	0.00616	0.00175	0.00310	0.00948	0.00585	0.00588
11	0.01351	0.18348	0.39487	0.01632	0.13944	0.04954	0.01558	0.05447	0.01247	0.05820	0.00999	0.01147	0.00756	0.00512	0.00482	0.00155	0.00704	0.00397	0.00275	0.00786

[dist]
# distance from previous block
# <min> <max>
0	3

[block]
# block no. 7 follows, 45 sequences, length 13
# corresponding to MSA columns:
# 242-254
name=unknown_H
#
# <colnr> <probs for GDERKNQSTAVLIFYWHMCP>
#	G	D	E	R	K	N	Q	S	T	A	V	L	I	F	Y	W	H	M	C	P
0	0.01045	0.00704	0.00913	0.00915	0.05223	0.00681	0.00656	0.03607	0.07339	0.10054	0.42724	0.07008	0.07875	0.03076	0.00671	0.00186	0.00346	0.05828	0.00553	0.00596
1	0.01399	0.54487	0.16591	0.01083	0.01565	0.09596	0.01122	0.01652	0.01148	0.01377	0.03118	0.01026	0.00820	0.00510	0.00434	0.00132	0.02664	0.00339	0.00245	0.00693
2	0.06271	0.01148	0.05310	0.01108	0.06050	0.00983	0.04024	0.06749	0.12609	0.01961	0.01323	0.01421	0.03715	0.00519	0.00458	0.00123	0.00468	0.00428	0.00365	0.44965
3	0.01234	0.01241	0.05150	0.28244	0.24649	0.05103	0.04309	0.05519	0.07682	0.01712	0.01281	0.01869	0.01083	0.00633	0.00556	0.00177	0.00663	0.07864	0.00317	0.00714
4	0.00778	0.00565	0.00748	0.00764	0.00827	0.00612	0.00538	0.00950	0.04254	0.01245	0.01810	0.15871	0.01926	0.28378	0.37625	0.00613	0.00906	0.00804	0.00347	0.00439
5	0.01838	0.04562	0.01358	0.01034	0.01394	0.00988	0.04718	0.09837	0.10537	0.39789	0.08524	0.02316	0.03787	0.00765	0.00562	0.00173	0.00476	0.05962	0.00574	0.00808
6	0.40722	0.04528	0.10449	0.08723	0.08799	0.03193	0.00995	0.01755	0.01103	0.13726	0.01031	0.01149	0.00754	0.00527	0.00428	0.00164	0.00537	0.00379	0.00350	0.00690
7	0.01178	0.01103	0.01793	0.21006	0.45847	0.01167	0.01417	0.01573	0.06853	0.01661	0.01427	0.06499	0.04889	0.00629	0.00548	0.00170	0.00602	0.00585	0.00306	0.00744
8	0.04379	0.03772	0.01412	0.03438	0.12707	0.07103	0.00949	0.17980	0.04289	0.07319	0.16729	0.02000	0.01813	0.06078	0.00789	0.00191	0.07331	0.00585	0.00432	0.00702
9	0.01599	0.01079	0.01465	0.01159	0.01508	0.01075	0.11257	0.26657	0.01711	0.17932	0.05204	0.10772	0.06599	0.02379	0.00624	0.00181	0.00528	0.03982	0.00508	0.03783
10	0.04053	0.03956	0.07191	0.01221	0.11719	0.02523	0.00908	0.01668	0.05563	0.18805	0.11583	0.02696	0.13665	0.00823	0.00554	0.00167	0.00465	0.06153	0.00465	0.05818
11	0.01305	0.08787	0.05798	0.08179	0.23871	0.09009	0.06035	0.01751	0.10710	0.03162	0.06296	0.01664	0.04274	0.00594	0.00519	0.00156	0.00610	0.00518	0.00336	0.06425
12	0.05128	0.09290	0.04520	0.06260	0.08192	0.07995	0.03672	0.03593	0.20895	0.08877	0.03393	0.01853	0.08217	0.00664	0.00512	0.00160	0.00543	0.00543	0.00410	0.05285

[dist]
# distance from previous block
# <min> <max>
1	9

[block]
# block no. 8 follows, 45 sequences, length 28
# corresponding to MSA columns:
# 264-291
name=unknown_I
#
# <colnr> <probs for GDERKNQSTAVLIFYWHMCP>
#	G	D	E	R	K	N	Q	S	T	A	V	L	I	F	Y	W	H	M	C	P
0	0.01106	0.12722	0.53956	0.01485	0.07660	0.01280	0.01651	0.01606	0.01178	0.01698	0.09626	0.01439	0.01192	0.00568	0.00504	0.00162	0.00692	0.00454	0.00271	0.00751
1	0.01275	0.23989	0.34203	0.01494	0.11984	0.04589	0.01428	0.01663	0.01200	0.04774	0.07628	0.01357	0.01115	0.00551	0.00478	0.00152	0.00658	0.00431	0.00285	0.00745
2	0.06488	0.15489	0.35150	0.01300	0.04960	0.08010	0.01356	0.01750	0.01202	0.09574	0.04307	0.01280	0.00957	0.00614	0.02119	0.00168	0.00682	0.00411	0.00305	0.03879
3	0.07051	0.06308	0.05420	0.00849	0.01114	0.00900	0.00712	0.06083	0.07166	0.07427	0.15450	0.02556	0.08366	0.09926	0.11253	0.00293	0.00569	0.01940	0.00429	0.06188
4	0.01260	0.14028	0.11585	0.01570	0.05221	0.01372	0.25603	0.03521	0.04947	0.03255	0.01208	0.01484	0.03311	0.03584	0.00734	0.00177	0.08762	0.00515	0.00297	0.07567
5	0.01416	0.48929	0.24731	0.01129	0.01677	0.04602	0.01233	0.04914	0.01199	0.04529	0.00891	0.01001	0.00721	0.00494	0.00414	0.00136	0.00649	0.00340	0.00261	0.00736
6	0.00658	0.00474	0.00616	0.00727	0.00767	0.00441	0.00485	0.00750	0.01030	0.01361	0.03064	0.72549	0.08268	0.05100	0.00770	0.00229	0.00318	0.01468	0.00491	0.00432
7	0.04912	0.01396	0.01486	0.01172	0.01567	0.01551	0.00958	0.59506	0.13218	0.03131	0.04595	0.01491	0.01180	0.00670	0.00535	0.00165	0.00546	0.00515	0.00533	0.00875
8	0.01716	0.01331	0.01659	0.03242	0.11272	0.01425	0.05684	0.44279	0.08949	0.05108	0.01416	0.05528	0.01107	0.00661	0.00545	0.00164	0.00577	0.00553	0.00473	0.04311
9	0.01287	0.22851	0.40312	0.04753	0.08230	0.01450	0.05322	0.01721	0.01161	0.06747	0.00995	0.01154	0.00748	0.00503	0.00478	0.00155	0.00703	0.00400	0.00263	0.00767
10	0.01309	0.44826	0.33034	0.01217	0.01813	0.01710	0.04311	0.01673	0.01126	0.03326	0.00880	0.01017	0.00706	0.00484	0.00427	0.00141	0.00672	0.00351	0.00241	0.00738
11	0.00675	0.00550	0.00637	0.04555	0.00895	0.00494	0.00494	0.00830	0.01219	0.01530	0.14908	0.19851	0.48773	0.01345	0.00639	0.00187	0.00299	0.01155	0.00499	0.00464
12	0.55126	0.01031	0.03977	0.04910	0.01258	0.01067	0.00712	0.01683	0.01024	0.15831	0.01029	0.01149	0.00757	0.00649	0.00540	0.07441	0.00458	0.00365	0.00374	0.00620
13	0.01135	0.01038	0.04599	0.05587	0.28072	0.02593	0.01077	0.01530	0.09197	0.05543	0.11101	0.07060	0.12651	0.02193	0.00614	0.00181	0.00498	0.04235	0.00409	0.00687
14	0.00731	0.00585	0.00717	0.05619	0.01034	0.00548	0.00625	0.00911	0.01200	0.01486	0.04127	0.12182	0.42897	0.01376	0.00666	0.00205	0.00372	0.23763	0.00481	0.00473
15	0.01354	0.01338	0.02201	0.03163	0.70857	0.04538	0.05320	0.01672	0.01237	0.01734	0.01006	0.01319	0.00842	0.00480	0.00535	0.00160	0.00665	0.00480	0.00266	0.00834
16	0.01052	0.00994	0.01680	0.70422	0.12817	0.01203	0.01510	0.01405	0.01092	0.01419	0.00961	0.01419	0.00732	0.00529	0.00536	0.00176	0.00706	0.00477	0.00242	0.00628
17	0.01104	0.01107	0.01742	0.67607	0.03479	0.06519	0.08053	0.01455	0.01121	0.01398	0.00957	0.01401	0.00723	0.00530	0.00542	0.00176	0.00750	0.00482	0.00244	0.00609
18	0.00643	0.00547	0.00556	0.00560	0.00740	0.00459	0.00425	0.00783	0.01224	0.01456	0.05341	0.05199	0.74777	0.01364	0.00638	0.00184	0.00280	0.03871	0.00498	0.00455
19	0.02270	0.00915	0.01225	0.00948	0.01343	0.00810	0.00779	0.05995	0.01582	0.69040	0.07589	0.01961	0.01582	0.00695	0.00546	0.00166	0.00448	0.00569	0.00653	0.00884
20	0.01787	0.33228	0.02036	0.01184	0.01550	0.39577	0.00989	0.10916	0.01475	0.01546	0.00853	0.00965	0.00717	0.00528	0.00436	0.00132	0.00768	0.00340	0.00290	0.00684
21	0.00984	0.00671	0.00800	0.00774	0.00935	0.02579	0.00585	0.01272	0.06933	0.10248	0.31338	0.20789	0.12957	0.01195	0.00631	0.00186	0.00337	0.05680	0.00549	0.00557
22	0.00654	0.00467	0.00623	0.00747	0.00779	0.00436	0.00498	0.00747	0.01028	0.01370	0.02959	0.80785	0.03550	0.01682	0.00685	0.00218	0.00311	0.01526	0.00498	0.00436
23	0.01105	0.02226	0.50871	0.05015	0.02352	0.03087	0.17845	0.01627	0.01161	0.01655	0.01140	0.07350	0.00932	0.00590	0.00551	0.00176	0.00781	0.00537	0.00259	0.00738
24	0.01174	0.00966	0.01129	0.00811	0.01285	0.00741	0.00650	0.03234	0.01161	0.04052	0.00997	0.01139	0.00814	0.00412	0.00405	0.00084	0.00404	0.00329	0.00334	0.79880
25	0.77307	0.01137	0.05386	0.00763	0.01125	0.01193	0.00671	0.01619	0.00947	0.04814	0.00804	0.00918	0.00611	0.00504	0.00349	0.00166	0.00439	0.00305	0.00337	0.00605
26	0.01077	0.02777	0.78354	0.01530	0.02323	0.01247	0.01983	0.01700	0.01133	0.01700	0.00963	0.01133	0.00680	0.00510	0.00510	0.00170	0.00793	0.00397	0.00227	0.00793
27	0.01370	0.01226	0.01230	0.01108	0.01410	0.05384	0.00859	0.02815	0.72890	0.02197	0.02114	0.01949	0.01589	0.00719	0.00543	0.00180	0.00453	0.00593	0.00532	0.00838

[dist]
# distance from previous block
# <min> <max>
0	61

[block]
# block no. 9 follows, 45 sequences, length 11
# corresponding to MSA columns:
# 353-363
name=unknown_J
#
# <colnr> <probs for GDERKNQSTAVLIFYWHMCP>
#	G	D	E	R	K	N	Q	S	T	A	V	L	I	F	Y	W	H	M	C	P
0	0.00710	0.00547	0.00648	0.00623	0.00771	0.00485	0.00467	0.00916	0.01401	0.01873	0.48773	0.04471	0.33970	0.01202	0.00634	0.00174	0.00261	0.01035	0.00554	0.00485
1	0.00688	0.00521	0.00641	0.00725	0.00810	0.00484	0.00514	0.00852	0.03698	0.01437	0.03545	0.53817	0.21990	0.01554	0.00672	0.00210	0.00318	0.06567	0.00500	0.00459
2	0.01204	0.01420	0.07173	0.16834	0.02884	0.01333	0.54186	0.01634	0.01203	0.01634	0.01037	0.01414	0.00783	0.00493	0.00658	0.00182	0.04386	0.00583	0.00261	0.00698
3	0.06884	0.00903	0.01189	0.00922	0.01320	0.00799	0.00760	0.02501	0.01485	0.70744	0.02027	0.01782	0.01290	0.00654	0.00521	0.00164	0.00446	0.00524	0.04209	0.00878
4	0.00666	0.00472	0.00619	0.00732	0.00761	0.00444	0.00482	0.00751	0.01005	0.01340	0.02840	0.73575	0.03401	0.09095	0.00876	0.00246	0.00331	0.01456	0.00482	0.00426
5	0.01120	0.01063	0.01802	0.53962	0.28748	0.01221	0.01544	0.01465	0.01124	0.01501	0.00973	0.01396	0.00761	0.00517	0.00535	0.00172	0.00689	0.00477	0.00248	0.00682
6	0.01014	0.00954	0.01610	0.79845	0.03697	0.01193	0.01491	0.01371	0.01073	0.01371	0.00954	0.01431	0.00716	0.00537	0.00537	0.00179	0.00716	0.00477	0.00239	0.00596
7	0.00654	0.00467	0.00623	0.00747	0.00779	0.00436	0.00498	0.00747	0.01028	0.01370	0.02959	0.80785	0.03550	0.01682	0.00685	0.00218	0.00311	0.01526	0.00498	0.00436
8	0.01281	0.01227	0.02093	0.14884	0.66570	0.01263	0.01624	0.01606	0.01200	0.01696	0.01001	0.01344	0.00830	0.00487	0.00532	0.00162	0.00649	0.00478	0.00262	0.00812
9	0.73841	0.01190	0.00891	0.00789	0.01121	0.07874	0.00641	0.05216	0.01043	0.02362	0.00781	0.00900	0.00607	0.00510	0.00355	0.00163	0.00471	0.00305	0.00337	0.00601
10	0.04621	0.01355	0.01278	0.01149	0.03296	0.14250	0.00875	0.11282	0.37801	0.08037	0.08790	0.01859	0.01630	0.00704	0.00534	0.00169	0.00527	0.00562	0.00498	0.00782

[dist]
# distance from previous block
# <min> <max>
1	6

[block]
# block no. 10 follows, 45 sequences, length 24
# corresponding to MSA columns:
# 370-393
name=unknown_K
#
# <colnr> <probs for GDERKNQSTAVLIFYWHMCP>
#	G	D	E	R	K	N	Q	S	T	A	V	L	I	F	Y	W	H	M	C	P
0	0.03565	0.01165	0.01945	0.24696	0.51883	0.01231	0.01541	0.01605	0.01184	0.04602	0.01029	0.01364	0.00823	0.00502	0.00528	0.00165	0.00647	0.00475	0.00275	0.00774
1	0.25096	0.01774	0.34474	0.01180	0.01721	0.01144	0.05096	0.04576	0.01189	0.10822	0.03037	0.01355	0.02751	0.00565	0.00472	0.00168	0.00603	0.00434	0.02818	0.00724
2	0.01310	0.01256	0.02145	0.07813	0.73414	0.01271	0.01638	0.01631	0.01213	0.01731	0.01006	0.01335	0.00842	0.00482	0.00532	0.00161	0.00642	0.00478	0.00264	0.00835
3	0.00854	0.00610	0.00852	0.00976	0.01094	0.00608	0.00845	0.01093	0.01225	0.01594	0.02848	0.10044	0.03114	0.01493	0.00738	0.00246	0.00485	0.70296	0.00494	0.00491
4	0.01684	0.01323	0.01395	0.01111	0.01505	0.03983	0.00896	0.39630	0.19910	0.04296	0.01483	0.03207	0.01126	0.00641	0.00516	0.00152	0.00521	0.00503	0.00494	0.15625
5	0.10524	0.05510	0.18830	0.01113	0.01599	0.01113	0.03379	0.11191	0.01457	0.30957	0.05490	0.01537	0.01186	0.00607	0.00505	0.00162	0.00552	0.00480	0.00466	0.03343
6	0.11420	0.06183	0.47049	0.01286	0.01911	0.01194	0.03735	0.02982	0.01184	0.08225	0.04781	0.01298	0.00952	0.00542	0.00487	0.00162	0.00660	0.00423	0.00306	0.05222
7	0.01318	0.01078	0.01149	0.04221	0.01395	0.03801	0.00815	0.02436	0.53667	0.07450	0.08904	0.02343	0.07500	0.00789	0.00557	0.00178	0.00431	0.00659	0.00533	0.00777
8	0.01312	0.01359	0.05856	0.03136	0.68751	0.01280	0.07070	0.01655	0.01221	0.01749	0.01013	0.01328	0.00840	0.00478	0.00538	0.00161	0.00665	0.00486	0.00264	0.00838
9	0.01047	0.00816	0.01303	0.16046	0.01713	0.00868	0.10388	0.01266	0.01139	0.09279	0.06120	0.27826	0.07369	0.01046	0.00736	0.00195	0.08916	0.00919	0.02435	0.00574
10	0.00788	0.00559	0.00673	0.00686	0.00833	0.00499	0.00522	0.00959	0.01270	0.05703	0.20294	0.19023	0.34786	0.01340	0.00651	0.00193	0.00312	0.09892	0.00527	0.00491
11	0.00781	0.00520	0.00585	0.00585	0.00585	0.00520	0.00325	0.00781	0.00781	0.01041	0.01691	0.03513	0.01952	0.81135	0.02732	0.00520	0.00520	0.00781	0.00325	0.00325
12	0.01462	0.77724	0.02752	0.00940	0.01391	0.05762	0.00924	0.01633	0.01111	0.01265	0.00750	0.00866	0.00689	0.00464	0.00351	0.00116	0.00593	0.00290	0.00232	0.00686
13	0.01216	0.01551	0.12132	0.05146	0.05681	0.01303	0.58510	0.01668	0.01233	0.01693	0.01126	0.04083	0.00888	0.00505	0.00612	0.00180	0.00853	0.00623	0.00272	0.00723
14	0.00654	0.00467	0.00623	0.00747	0.00779	0.00436	0.00498	0.00747	0.01028	0.01370	0.02959	0.80785	0.03550	0.01682	0.00685	0.00218	0.00311	0.01526	0.00498	0.00436
15	0.01335	0.01153	0.01214	0.01092	0.01396	0.01335	0.00850	0.02852	0.76817	0.02245	0.02185	0.02003	0.01639	0.00728	0.00546	0.00182	0.00425	0.00607	0.00546	0.00850
16	0.01077	0.02777	0.78354	0.01530	0.02323	0.01247	0.01983	0.01700	0.01133	0.01700	0.00963	0.01133	0.00680	0.00510	0.00510	0.00170	0.00793	0.00397	0.00227	0.00793
17	0.01524	0.66697	0.02524	0.00935	0.01364	0.01900	0.00902	0.01700	0.01130	0.10621	0.00935	0.01029	0.00789	0.00616	0.03014	0.00149	0.02849	0.00333	0.00285	0.00706
18	0.02375	0.00967	0.01279	0.00981	0.01397	0.00869	0.00810	0.09294	0.01626	0.71354	0.02042	0.01778	0.01291	0.00663	0.00540	0.00166	0.00469	0.00535	0.00653	0.00913
19	0.01002	0.07003	0.01057	0.00976	0.01145	0.07355	0.00834	0.01270	0.03502	0.01630	0.10617	0.04866	0.04527	0.01259	0.00669	0.00216	0.00507	0.50565	0.00468	0.00531
20	0.01308	0.01266	0.02069	0.07244	0.68435	0.03525	0.01575	0.01621	0.01235	0.01736	0.04115	0.01433	0.01010	0.00509	0.00534	0.00160	0.00636	0.00494	0.00278	0.00816
21	0.00654	0.00467	0.00623	0.00747	0.00779	0.00436	0.00498	0.00747	0.01028	0.01370	0.02959	0.80785	0.03550	0.01682	0.00685	0.00218	0.00311	0.01526	0.00498	0.00436
22	0.00809	0.00586	0.00795	0.00904	0.01018	0.00572	0.00758	0.01022	0.01209	0.01570	0.05069	0.17919	0.09471	0.01494	0.00721	0.00235	0.00440	0.54429	0.00498	0.00482
23	0.01161	0.19720	0.52787	0.01433	0.02106	0.01421	0.07561	0.01657	0.01139	0.01603	0.01002	0.01299	0.00791	0.00534	0.00493	0.00162	0.00742	0.03394	0.00242	0.00753

[dist]
# distance from previous block
# <min> <max>
0	1

[block]
# block no. 11 follows, 45 sequences, length 20
# corresponding to MSA columns:
# 395-414
name=unknown_L
#
# <colnr> <probs for GDERKNQSTAVLIFYWHMCP>
#	G	D	E	R	K	N	Q	S	T	A	V	L	I	F	Y	W	H	M	C	P
0	0.01811	0.07605	0.01571	0.01306	0.01584	0.62261	0.02512	0.01984	0.02924	0.01346	0.01175	0.01294	0.06120	0.00620	0.00538	0.00145	0.03879	0.00413	0.00293	0.00620
1	0.84927	0.01038	0.00789	0.00706	0.01038	0.01204	0.00581	0.01578	0.00914	0.02408	0.00747	0.00872	0.00581	0.00498	0.00332	0.00166	0.00415	0.00291	0.00332	0.00581
2	0.01253	0.41481	0.41195	0.01229	0.01858	0.01678	0.01460	0.01654	0.01112	0.01485	0.00857	0.00999	0.00684	0.00485	0.00429	0.00143	0.00685	0.00343	0.00228	0.00742
3	0.00976	0.00780	0.00990	0.00935	0.01074	0.03270	0.00728	0.07964	0.06384	0.01505	0.01445	0.02024	0.01310	0.06841	0.57702	0.00691	0.03940	0.00568	0.00328	0.00546
4	0.01899	0.17237	0.01761	0.01296	0.01607	0.64681	0.01015	0.02044	0.01441	0.01304	0.00814	0.00948	0.00691	0.00536	0.00458	0.00134	0.00895	0.00335	0.00268	0.00635
5	0.00751	0.00548	0.00706	0.00666	0.00797	0.00503	0.00500	0.00996	0.01499	0.02104	0.72550	0.04089	0.10048	0.01115	0.00633	0.00170	0.00255	0.00982	0.00585	0.00503
6	0.00767	0.00575	0.00863	0.00863	0.00959	0.00671	0.00671	0.00959	0.00863	0.01246	0.01438	0.02109	0.01342	0.04026	0.79008	0.00863	0.01438	0.00575	0.00288	0.00479
7	0.01408	0.19082	0.06378	0.01271	0.01502	0.10224	0.01120	0.10172	0.01176	0.01554	0.00830	0.01118	0.00739	0.00811	0.03065	0.00201	0.37999	0.00416	0.00274	0.00661
8	0.01166	0.15974	0.55794	0.01593	0.07498	0.01404	0.06059	0.01682	0.01140	0.01631	0.00937	0.01119	0.00701	0.00496	0.00490	0.00161	0.00752	0.00397	0.00233	0.00776
9	0.01291	0.11107	0.26864	0.02001	0.29312	0.03875	0.01509	0.06901	0.03026	0.01819	0.06384	0.01400	0.01090	0.00550	0.00509	0.00158	0.00657	0.00463	0.00298	0.00786
10	0.01172	0.01217	0.02370	0.34510	0.14784	0.01277	0.33600	0.01564	0.01180	0.01581	0.01020	0.01423	0.00779	0.00491	0.00578	0.00177	0.00785	0.00545	0.00257	0.00691
11	0.01090	0.05641	0.75604	0.01508	0.02289	0.01279	0.01945	0.01697	0.01132	0.01684	0.00955	0.01123	0.00680	0.00508	0.00504	0.00168	0.00785	0.00393	0.00227	0.00790
12	0.01098	0.00890	0.01070	0.01066	0.06492	0.00960	0.00759	0.06576	0.27542	0.02098	0.29049	0.02944	0.04170	0.06557	0.00774	0.00203	0.02634	0.03941	0.00514	0.00664
13	0.00772	0.00517	0.00588	0.00597	0.00599	0.00515	0.00337	0.00778	0.00798	0.01063	0.01778	0.08824	0.02061	0.75674	0.02591	0.00500	0.00506	0.00832	0.00337	0.00333
14	0.01186	0.04519	0.35393	0.07261	0.06099	0.02611	0.24618	0.01666	0.01214	0.03644	0.05765	0.01445	0.01021	0.00532	0.00554	0.00171	0.00769	0.00514	0.00278	0.00740
15	0.01014	0.00954	0.01610	0.79845	0.03697	0.01193	0.01491	0.01371	0.01073	0.01371	0.00954	0.01431	0.00716	0.00537	0.00537	0.00179	0.00716	0.00477	0.00239	0.00596
16	0.06988	0.02654	0.72885	0.01472	0.02233	0.01244	0.01884	0.01691	0.01118	0.01750	0.00948	0.01115	0.00673	0.00509	0.00497	0.00170	0.00767	0.00389	0.00234	0.00778
17	0.02278	0.00912	0.01222	0.00951	0.01348	0.00809	0.00781	0.02563	0.05898	0.70609	0.05246	0.01928	0.01502	0.00686	0.00544	0.00167	0.00446	0.00562	0.00654	0.00893
18	0.07222	0.18178	0.44217	0.01283	0.01908	0.01352	0.03788	0.01770	0.01171	0.11010	0.02728	0.01218	0.00854	0.00529	0.00474	0.00158	0.00673	0.00405	0.00298	0.00764
19	0.70900	0.01051	0.00888	0.00764	0.01112	0.01184	0.00630	0.06007	0.01076	0.10931	0.00932	0.01003	0.00684	0.00525	0.00367	0.00166	0.00430	0.00330	0.00381	0.00638

[dist]
# distance from previous block
# <min> <max>
2	70

[block]
# block no. 12 follows, 45 sequences, length 12
# corresponding to MSA columns:
# 485-496
name=unknown_M
#
# <colnr> <probs for GDERKNQSTAVLIFYWHMCP>
#	G	D	E	R	K	N	Q	S	T	A	V	L	I	F	Y	W	H	M	C	P
0	0.12298	0.30404	0.05643	0.01088	0.01521	0.03960	0.08641	0.03717	0.05682	0.17613	0.01335	0.01363	0.03458	0.00562	0.00452	0.00150	0.00568	0.00435	0.00374	0.00735
1	0.03891	0.43360	0.16774	0.01185	0.05631	0.01709	0.01137	0.09487	0.03867	0.01694	0.03502	0.01167	0.00916	0.00632	0.02857	0.00161	0.00627	0.00382	0.00291	0.00731
2	0.04666	0.10487	0.14365	0.01313	0.07479	0.08482	0.01130	0.14662	0.04315	0.21745	0.01417	0.01580	0.01057	0.00626	0.00510	0.00162	0.00609	0.04164	0.00430	0.00801
3	0.00799	0.00552	0.00690	0.00694	0.00752	0.00577	0.00481	0.00915	0.00965	0.01375	0.09737	0.11425	0.04449	0.33058	0.16700	0.00446	0.03398	0.02655	0.09910	0.00423
4	0.01435	0.81458	0.02813	0.00918	0.01378	0.02124	0.00918	0.01607	0.01091	0.01263	0.00746	0.00861	0.00689	0.00459	0.00344	0.00115	0.00574	0.00287	0.00230	0.00689
5	0.00823	0.00604	0.00807	0.00908	0.01042	0.00588	0.00782	0.01050	0.01234	0.01578	0.03312	0.05894	0.16571	0.01461	0.00722	0.00235	0.00454	0.60953	0.00495	0.00487
6	0.00781	0.00520	0.00585	0.00585	0.00585	0.00520	0.00325	0.00781	0.00781	0.01041	0.01691	0.03513	0.01952	0.81135	0.02732	0.00520	0.00520	0.00781	0.00325	0.00325
7	0.48292	0.01044	0.01029	0.00845	0.01216	0.01111	0.00697	0.09635	0.01292	0.28262	0.01269	0.01240	0.00870	0.00570	0.00424	0.00166	0.00448	0.00395	0.00466	0.00729
8	0.03960	0.62588	0.16033	0.01035	0.01543	0.04393	0.01100	0.01640	0.01106	0.01377	0.00787	0.00913	0.00684	0.00472	0.00378	0.00127	0.00620	0.00308	0.00234	0.00702
9	0.05950	0.56820	0.18451	0.01057	0.01571	0.05568	0.01129	0.01651	0.01111	0.01419	0.00796	0.00924	0.00681	0.00476	0.00385	0.00130	0.00630	0.00313	0.00237	0.00702
10	0.05534	0.51570	0.19333	0.01031	0.01560	0.01737	0.01109	0.01600	0.01094	0.01468	0.00816	0.00948	0.00692	0.00466	0.00386	0.00126	0.00597	0.00315	0.00243	0.09375
11	0.05577	0.23101	0.29668	0.01340	0.01882	0.15088	0.09046	0.01725	0.01202	0.01567	0.02731	0.01121	0.00802	0.00509	0.00466	0.00149	0.00737	0.00390	0.00257	0.02643

[dist]
# distance from previous block
# <min> <max>
5	47

[block]
# block no. 13 follows, 45 sequences, length 35
# corresponding to MSA columns:
# 544-578
name=unknown_N
#
# <colnr> <probs for GDERKNQSTAVLIFYWHMCP>
#	G	D	E	R	K	N	Q	S	T	A	V	L	I	F	Y	W	H	M	C	P
0	0.53843	0.01148	0.08884	0.00832	0.01178	0.01094	0.00742	0.01595	0.07080	0.03388	0.03115	0.07920	0.01075	0.00666	0.00454	0.02183	0.00443	0.00459	0.00362	0.03538
1	0.16264	0.14028	0.05960	0.01033	0.01415	0.05040	0.03288	0.18425	0.01501	0.14817	0.05237	0.08127	0.01298	0.00686	0.00487	0.00161	0.00534	0.00535	0.00434	0.00731
2	0.03188	0.12288	0.07956	0.01030	0.01340	0.02343	0.06824	0.08477	0.02523	0.07120	0.13692	0.22757	0.02262	0.00938	0.00562	0.00172	0.00486	0.01883	0.00436	0.03728
3	0.14185	0.08380	0.09695	0.02757	0.01863	0.05714	0.23888	0.05225	0.01217	0.04696	0.03152	0.08057	0.01105	0.00651	0.00626	0.00175	0.07046	0.00568	0.00325	0.00673
4	0.08543	0.05521	0.01517	0.01181	0.01556	0.25677	0.00947	0.34410	0.04635	0.02378	0.01081	0.01146	0.00823	0.00578	0.00483	0.00146	0.00671	0.00406	0.00406	0.07894
5	0.14646	0.68733	0.02493	0.00885	0.01324	0.01978	0.00865	0.01603	0.01063	0.01444	0.00746	0.00863	0.00672	0.00465	0.00342	0.00123	0.00549	0.00288	0.00246	0.00672
6	0.00767	0.00575	0.00863	0.00863	0.00959	0.00671	0.00671	0.00959	0.00863	0.01246	0.01438	0.02109	0.01342	0.04026	0.79008	0.00863	0.01438	0.00575	0.00288	0.00479
7	0.00797	0.00558	0.00725	0.00678	0.00814	0.00512	0.00511	0.01045	0.01511	0.04001	0.73557	0.03990	0.07078	0.01094	0.00631	0.00169	0.00259	0.00965	0.00590	0.00515
8	0.00771	0.00560	0.00786	0.00786	0.00856	0.00630	0.00576	0.00910	0.00840	0.01190	0.01508	0.02495	0.01510	0.25239	0.58024	0.00769	0.01185	0.00632	0.00298	0.00437
9	0.01435	0.81458	0.02813	0.00918	0.01378	0.02124	0.00918	0.01607	0.01091	0.01263	0.00746	0.00861	0.00689	0.00459	0.00344	0.00115	0.00574	0.00287	0.00230	0.00689
10	0.04422	0.08427	0.46237	0.01243	0.01892	0.01162	0.01454	0.01691	0.01152	0.08214	0.01034	0.01156	0.00757	0.00495	0.00468	0.00146	0.00648	0.00379	0.00288	0.18735
