[name]
unknown

[dist]
# distance from previous block
# <min> <max>
0	102

[block]
# block no. 0 follows, 44 sequences, length 29
# corresponding to MSA columns:
# 105-133
name=unknown_A
#
# <colnr> <probs for GDERKNQSTAVLIFYWHMCP>
#	G	D	E	R	K	N	Q	S	T	A	V	L	I	F	Y	W	H	M	C	P
0	0.01960	0.01233	0.04320	0.01199	0.01614	0.02569	0.08816	0.25120	0.03043	0.32296	0.01715	0.01801	0.01211	0.00671	0.00552	0.00169	0.00562	0.03650	0.06650	0.00847
1	0.01286	0.04676	0.01694	0.27766	0.02267	0.10870	0.03325	0.01505	0.01064	0.04146	0.00944	0.03424	0.00822	0.00744	0.01042	0.00198	0.32847	0.00493	0.00269	0.00620
2	0.01206	0.01135	0.01571	0.01347	0.01379	0.01544	0.01119	0.01331	0.00896	0.04584	0.01129	0.01518	0.06344	0.00974	0.01652	0.00232	0.70634	0.00529	0.00277	0.00601
3	0.02193	0.00986	0.03241	0.06782	0.01628	0.00856	0.04054	0.02438	0.01504	0.64115	0.04960	0.01880	0.01416	0.00670	0.00555	0.00170	0.00503	0.00561	0.00612	0.00877
4	0.02024	0.01503	0.01609	0.01245	0.01672	0.01668	0.01024	0.70697	0.07567	0.03358	0.01371	0.01358	0.00977	0.00660	0.00546	0.00165	0.00589	0.00499	0.00546	0.00923
5	0.00797	0.00670	0.01060	0.19852	0.01654	0.00697	0.06233	0.00985	0.01080	0.01421	0.02471	0.52785	0.05511	0.01324	0.00654	0.00208	0.00458	0.01211	0.00426	0.00504
6	0.77789	0.01044	0.00840	0.00738	0.01083	0.01188	0.00608	0.01691	0.00981	0.08771	0.00876	0.00967	0.00654	0.00520	0.00355	0.00169	0.00425	0.00316	0.00366	0.00619
7	0.00992	0.00913	0.01517	0.69658	0.03385	0.01120	0.01388	0.01333	0.01121	0.01451	0.06653	0.05758	0.01200	0.00647	0.00560	0.00183	0.00671	0.00577	0.00282	0.00590
8	0.01151	0.00984	0.01639	0.69662	0.07563	0.01186	0.01470	0.01501	0.01133	0.07009	0.01059	0.01477	0.00780	0.00551	0.00545	0.00180	0.00703	0.00489	0.00275	0.00643
9	0.01336	0.01122	0.01216	0.02700	0.01444	0.01289	0.00876	0.02732	0.67905	0.03732	0.02241	0.02320	0.01747	0.00790	0.00569	0.00189	0.00443	0.05968	0.00547	0.00833
10	0.00664	0.00474	0.00633	0.00759	0.00791	0.00443	0.00506	0.00759	0.01044	0.01392	0.03005	0.80485	0.03606	0.01708	0.00696	0.00221	0.00316	0.01550	0.00506	0.00443
11	0.01112	0.06897	0.74104	0.01522	0.02310	0.01312	0.01958	0.01722	0.01149	0.01703	0.00967	0.01137	0.00691	0.00515	0.00509	0.00170	0.00794	0.00397	0.00230	0.00800
12	0.05632	0.07386	0.69373	0.01472	0.02232	0.01317	0.01873	0.01714	0.01136	0.01739	0.00953	0.01120	0.00686	0.00514	0.00498	0.00169	0.00772	0.00390	0.00236	0.00788
13	0.00644	0.00552	0.00552	0.00552	0.00736	0.00460	0.00414	0.00782	0.01243	0.01473	0.05523	0.05247	0.77218	0.01381	0.00644	0.00184	0.00276	0.01151	0.00506	0.00460
14	0.01030	0.00969	0.01635	0.79530	0.03755	0.01211	0.01514	0.01393	0.01090	0.01393	0.00969	0.01453	0.00727	0.00545	0.00545	0.00182	0.00727	0.00484	0.00242	0.00606
15	0.01263	0.01433	0.03119	0.02239	0.02771	0.01343	0.72606	0.01709	0.01278	0.01733	0.01175	0.04478	0.00933	0.00507	0.00645	0.00185	0.00896	0.00678	0.00285	0.00724
16	0.01337	0.01282	0.02190	0.06363	0.74522	0.01292	0.01667	0.01662	0.01235	0.01766	0.01023	0.01353	0.00858	0.00488	0.00540	0.00163	0.00651	0.00486	0.00269	0.00853
17	0.01047	0.00987	0.01666	0.75414	0.07736	0.01216	0.01523	0.01408	0.01098	0.01414	0.00972	0.01448	0.00734	0.00542	0.00545	0.00181	0.00722	0.00485	0.00244	0.00620
18	0.02360	0.00906	0.01235	0.00960	0.01363	0.00784	0.00787	0.02566	0.01536	0.74145	0.02192	0.05633	0.01458	0.00724	0.00555	0.00171	0.00457	0.00596	0.00667	0.00904
19	0.02446	0.00928	0.01265	0.00970	0.01392	0.00801	0.00801	0.02657	0.01560	0.77817	0.02151	0.01856	0.01350	0.00675	0.00548	0.00169	0.00464	0.00548	0.00675	0.00928
20	0.01127	0.06475	0.68352	0.01584	0.02353	0.01318	0.07906	0.01724	0.01160	0.01707	0.00978	0.01164	0.00702	0.00511	0.00520	0.00171	0.00804	0.00417	0.00234	0.00795
21	0.01072	0.01013	0.01713	0.69305	0.13645	0.01223	0.01535	0.01431	0.01110	0.01445	0.00977	0.01440	0.00745	0.00537	0.00544	0.00179	0.00716	0.00485	0.00246	0.00640
22	0.00707	0.00507	0.00680	0.00804	0.00858	0.00480	0.00579	0.00834	0.01091	0.01442	0.03036	0.63854	0.05110	0.01660	0.00706	0.00227	0.00353	0.16110	0.00505	0.00455
23	0.01691	0.01465	0.01917	0.01647	0.09855	0.06078	0.14598	0.39182	0.01916	0.02555	0.03826	0.01532	0.03464	0.00658	0.00665	0.00173	0.06990	0.00546	0.00428	0.00813
24	0.01326	0.01305	0.02294	0.04598	0.62364	0.01326	0.10746	0.01656	0.01220	0.01742	0.01016	0.01357	0.00848	0.00511	0.00625	0.00169	0.05297	0.00505	0.00268	0.00827
25	0.01766	0.01027	0.01399	0.01134	0.01498	0.01021	0.08581	0.02457	0.26962	0.35548	0.06503	0.02231	0.02957	0.00745	0.00576	0.00179	0.00487	0.03516	0.00578	0.00837
26	0.01796	0.01371	0.01483	0.01165	0.01549	0.03541	0.00949	0.51621	0.04222	0.04418	0.03198	0.04276	0.01135	0.00752	0.02033	0.00173	0.04458	0.00523	0.00495	0.10843
27	0.01954	0.01493	0.01557	0.01196	0.01631	0.05314	0.00980	0.60623	0.02302	0.04694	0.01259	0.01281	0.00909	0.00617	0.00524	0.00152	0.00590	0.00463	0.00506	0.11956
28	0.64128	0.01008	0.00859	0.00759	0.01094	0.01115	0.00623	0.01633	0.04094	0.05701	0.01173	0.01407	0.03602	0.00595	0.00392	0.00167	0.00421	0.03883	0.00374	0.06969

[dist]
# distance from previous block
# <min> <max>
7	15

[block]
# block no. 1 follows, 44 sequences, length 8
# corresponding to MSA columns:
# 149-156
name=unknown_B
#
# <colnr> <probs for GDERKNQSTAVLIFYWHMCP>
#	G	D	E	R	K	N	Q	S	T	A	V	L	I	F	Y	W	H	M	C	P
0	0.03136	0.01009	0.07122	0.01027	0.01304	0.00923	0.03312	0.09331	0.02460	0.09975	0.07041	0.06558	0.03657	0.02932	0.21853	0.00370	0.05616	0.03886	0.00409	0.08078
1	0.68971	0.00971	0.00803	0.00728	0.01031	0.01097	0.00587	0.01544	0.01011	0.05446	0.07132	0.06461	0.01189	0.00642	0.00394	0.00172	0.00403	0.00445	0.00384	0.00588
2	0.01230	0.01179	0.00976	0.00935	0.01154	0.21676	0.00733	0.01478	0.05562	0.06600	0.05826	0.03828	0.30196	0.01092	0.00613	0.00184	0.00532	0.15173	0.00462	0.00570
3	0.01343	0.01355	0.01885	0.10773	0.18140	0.11832	0.15094	0.04306	0.05678	0.01677	0.02729	0.01440	0.00965	0.00724	0.02699	0.04877	0.05550	0.00502	0.00305	0.08125
4	0.07878	0.01137	0.01870	0.23062	0.42222	0.01207	0.04739	0.01544	0.01203	0.01763	0.07210	0.01568	0.01153	0.00553	0.00538	0.00169	0.00631	0.00518	0.00295	0.00739
5	0.02095	0.01290	0.01468	0.01142	0.01549	0.01357	0.00936	0.49950	0.02181	0.24827	0.01656	0.06296	0.01213	0.00725	0.00555	0.00169	0.00543	0.00572	0.00580	0.00898
6	0.19340	0.12069	0.40453	0.03586	0.01959	0.01370	0.04874	0.04357	0.01168	0.04789	0.00965	0.01115	0.00711	0.00518	0.00466	0.00165	0.00677	0.00388	0.00285	0.00746
7	0.08489	0.01444	0.01597	0.01233	0.01659	0.05031	0.05052	0.51218	0.02165	0.14629	0.01363	0.01354	0.00950	0.00631	0.00533	0.00165	0.00600	0.00486	0.00522	0.00877

[dist]
# distance from previous block
# <min> <max>
6	18

[block]
# block no. 2 follows, 44 sequences, length 20
# corresponding to MSA columns:
# 175-194
name=unknown_C
#
# <colnr> <probs for GDERKNQSTAVLIFYWHMCP>
#	G	D	E	R	K	N	Q	S	T	A	V	L	I	F	Y	W	H	M	C	P
0	0.01341	0.01358	0.02330	0.09166	0.54013	0.04610	0.15767	0.01686	0.01251	0.01724	0.01028	0.01365	0.00839	0.00489	0.00558	0.00167	0.00720	0.00510	0.00269	0.00808
1	0.06298	0.37097	0.21308	0.01155	0.01653	0.01556	0.07420	0.01556	0.01151	0.01580	0.06903	0.01462	0.03987	0.00725	0.03889	0.00180	0.00659	0.00448	0.00283	0.00690
2	0.00703	0.00504	0.00645	0.00731	0.00783	0.00474	0.00499	0.00811	0.01076	0.01429	0.08925	0.53428	0.08709	0.12802	0.00985	0.00260	0.00350	0.05960	0.00489	0.00438
3	0.01227	0.04295	0.25293	0.01965	0.02544	0.01393	0.45332	0.01702	0.01204	0.01691	0.01024	0.01335	0.00774	0.00517	0.00690	0.00183	0.07282	0.00548	0.00258	0.00744
4	0.01464	0.01516	0.01989	0.14573	0.39998	0.16421	0.05215	0.05781	0.01335	0.01703	0.00987	0.01291	0.00806	0.00538	0.00590	0.00165	0.04116	0.00467	0.00282	0.00764
5	0.11529	0.01282	0.01877	0.19443	0.40841	0.06963	0.04946	0.01630	0.01195	0.01739	0.01019	0.01418	0.00845	0.00532	0.00523	0.00169	0.00671	0.02357	0.00279	0.00741
6	0.01915	0.02386	0.01472	0.03417	0.01662	0.70191	0.01016	0.02071	0.01517	0.01400	0.04232	0.01171	0.00924	0.00588	0.00495	0.00142	0.00917	0.00389	0.03471	0.00621
7	0.05086	0.00954	0.01167	0.00963	0.01306	0.02197	0.00780	0.07796	0.08959	0.45057	0.08127	0.05908	0.03597	0.00816	0.00568	0.00177	0.00453	0.04671	0.00606	0.00814
8	0.01223	0.10640	0.58679	0.01560	0.04114	0.02964	0.06852	0.01763	0.01183	0.04679	0.01009	0.01174	0.00731	0.00515	0.00510	0.00167	0.00777	0.00415	0.00253	0.00793
9	0.00694	0.00494	0.00659	0.00780	0.00821	0.00467	0.00541	0.00802	0.01057	0.01405	0.02936	0.68795	0.03483	0.05066	0.00791	0.00238	0.00346	0.09682	0.00498	0.00445
10	0.01204	0.14197	0.63749	0.01438	0.02178	0.01377	0.01804	0.01752	0.01162	0.04908	0.00996	0.01141	0.00720	0.00517	0.00495	0.00164	0.00759	0.00393	0.00250	0.00795
11	0.01272	0.16420	0.41908	0.11837	0.08297	0.01412	0.01632	0.04134	0.01210	0.05562	0.01012	0.01198	0.00752	0.00522	0.00495	0.00162	0.00718	0.00411	0.00269	0.00775
12	0.01321	0.04729	0.50347	0.06946	0.03949	0.05235	0.06736	0.04396	0.01262	0.08453	0.01089	0.01249	0.00774	0.00534	0.00526	0.00170	0.00769	0.00437	0.00288	0.00791
13	0.02001	0.02532	0.01579	0.01504	0.05567	0.74688	0.01085	0.02151	0.01529	0.01357	0.00852	0.01002	0.00711	0.00558	0.00494	0.00142	0.00966	0.00358	0.00280	0.00644
14	0.01376	0.01402	0.05517	0.18600	0.33346	0.06398	0.16353	0.03323	0.01280	0.05555	0.01078	0.01387	0.00836	0.00513	0.00558	0.00170	0.00737	0.00508	0.00291	0.00771
15	0.01260	0.04149	0.05232	0.04829	0.18304	0.06511	0.01035	0.01557	0.03776	0.10886	0.06278	0.03113	0.16541	0.00909	0.00592	0.00182	0.00533	0.13210	0.00428	0.00675
16	0.00672	0.00488	0.00626	0.00728	0.00777	0.00451	0.00489	0.00773	0.01072	0.01416	0.06032	0.66470	0.11136	0.05143	0.00780	0.00229	0.00319	0.01454	0.00502	0.00442
17	0.01570	0.01048	0.01213	0.01097	0.04193	0.03397	0.00826	0.22362	0.10538	0.17008	0.09779	0.17677	0.02110	0.00994	0.01943	0.00193	0.00488	0.02266	0.00546	0.00753
18	0.01799	0.01261	0.01399	0.01130	0.01481	0.01361	0.00912	0.54148	0.02179	0.08285	0.03690	0.15008	0.01572	0.00866	0.00578	0.00176	0.00531	0.02252	0.00548	0.00825
19	0.01265	0.01260	0.04104	0.06422	0.55004	0.01226	0.08541	0.01637	0.03696	0.01748	0.01256	0.05623	0.01122	0.00605	0.00568	0.00173	0.00650	0.04002	0.00300	0.00800

[dist]
# distance from previous block
# <min> <max>
0	2

[block]
# block no. 3 follows, 44 sequences, length 15
# corresponding to MSA columns:
# 197-211
name=unknown_D
#
# <colnr> <probs for GDERKNQSTAVLIFYWHMCP>
#	G	D	E	R	K	N	Q	S	T	A	V	L	I	F	Y	W	H	M	C	P
0	0.01504	0.01367	0.14350	0.01234	0.03538	0.01158	0.03155	0.05954	0.32287	0.17237	0.03904	0.02204	0.01579	0.00749	0.00569	0.00184	0.00531	0.07167	0.00504	0.00824
1	0.01246	0.01182	0.01915	0.15328	0.53294	0.03155	0.01504	0.01562	0.01243	0.01718	0.05456	0.01884	0.01256	0.00612	0.00562	0.00172	0.00636	0.06207	0.00302	0.00768
2	0.01146	0.14094	0.67201	0.01465	0.02221	0.01394	0.01859	0.01713	0.01145	0.01663	0.00947	0.01111	0.00692	0.00511	0.00494	0.00165	0.00774	0.00387	0.00231	0.00790
3	0.07325	0.00695	0.00817	0.00728	0.00954	0.00648	0.00566	0.01416	0.04790	0.17217	0.33616	0.03617	0.23431	0.01036	0.00598	0.00175	0.00324	0.00875	0.00568	0.00604
4	0.05545	0.16413	0.55688	0.01480	0.04240	0.01426	0.04636	0.01703	0.01140	0.01688	0.00934	0.01107	0.00697	0.00505	0.00484	0.00163	0.00747	0.00389	0.00239	0.00775
5	0.03696	0.03943	0.01519	0.08473	0.07652	0.43334	0.01060	0.05865	0.04144	0.01557	0.01175	0.01399	0.03843	0.02933	0.02357	0.00181	0.03839	0.00445	0.01933	0.00651
6	0.14937	0.35767	0.21564	0.01117	0.01627	0.08861	0.01167	0.04421	0.03194	0.01695	0.00881	0.01004	0.00714	0.00509	0.00417	0.00145	0.00648	0.00342	0.00274	0.00715
7	0.01594	0.01083	0.01302	0.08168	0.01623	0.01169	0.00955	0.24210	0.16619	0.14497	0.04713	0.02686	0.01748	0.00863	0.00595	0.00189	0.00523	0.16149	0.00533	0.00780
8	0.00697	0.00498	0.00669	0.00789	0.00837	0.00470	0.00556	0.00818	0.01090	0.01452	0.05573	0.67845	0.03597	0.01660	0.00702	0.00224	0.00339	0.11223	0.00509	0.00453
9	0.01145	0.01311	0.08045	0.10970	0.06297	0.01202	0.37427	0.01568	0.03329	0.01755	0.13034	0.03954	0.01573	0.00647	0.00681	0.00184	0.05198	0.00666	0.00331	0.00685
10	0.01428	0.01572	0.08889	0.02561	0.46232	0.09276	0.05342	0.05334	0.10468	0.01866	0.01165	0.01381	0.00930	0.00534	0.00540	0.00165	0.00682	0.00489	0.00315	0.00831
11	0.01187	0.01217	0.01842	0.49516	0.07331	0.08124	0.09766	0.01507	0.01128	0.01439	0.00943	0.01374	0.00742	0.00587	0.00712	0.00185	0.11024	0.00490	0.00251	0.00636
12	0.00679	0.00495	0.00626	0.00714	0.00771	0.00457	0.00481	0.00784	0.01087	0.01435	0.08586	0.59305	0.13343	0.07498	0.00840	0.00236	0.00322	0.01400	0.00500	0.00442
13	0.01893	0.09445	0.01689	0.01413	0.04386	0.57130	0.01064	0.06874	0.04242	0.01516	0.00915	0.01057	0.00758	0.00583	0.00554	0.00147	0.04983	0.00376	0.00301	0.00672
14	0.01397	0.46862	0.17161	0.01078	0.01553	0.08658	0.01110	0.01667	0.01196	0.04181	0.06671	0.01261	0.01082	0.00672	0.03248	0.00163	0.00665	0.00391	0.00283	0.00701

[dist]
# distance from previous block
# <min> <max>
2	14

[block]
# block no. 4 follows, 44 sequences, length 68
# corresponding to MSA columns:
# 226-238,242-248,260-307
name=unknown_E
#
# <colnr> <probs for GDERKNQSTAVLIFYWHMCP>
#	G	D	E	R	K	N	Q	S	T	A	V	L	I	F	Y	W	H	M	C	P
0	0.01951	0.02388	0.01538	0.01443	0.04912	0.67122	0.01052	0.06822	0.01585	0.01494	0.01075	0.01197	0.03898	0.00598	0.00503	0.00145	0.00915	0.00399	0.00307	0.00654
1	0.01325	0.01166	0.04670	0.01061	0.01376	0.01220	0.00864	0.09818	0.50716	0.03823	0.09809	0.04277	0.05847	0.00815	0.00569	0.00181	0.00438	0.00681	0.00542	0.00802
2	0.00734	0.00546	0.00683	0.00670	0.00797	0.00495	0.00494	0.00948	0.01424	0.01951	0.54288	0.13892	0.18587	0.01239	0.00650	0.00180	0.00268	0.01088	0.00571	0.00495
3	0.01130	0.00969	0.01130	0.00807	0.01292	0.00727	0.00646	0.01373	0.01130	0.01776	0.00969	0.01130	0.00807	0.00404	0.00404	0.00081	0.00404	0.00323	0.00323	0.84173
4	0.01969	0.01456	0.01569	0.01213	0.01633	0.01594	0.00996	0.69128	0.02435	0.03274	0.01372	0.04908	0.01044	0.00692	0.00546	0.00163	0.00579	0.00532	0.00534	0.04363
5	0.00664	0.00474	0.00633	0.00759	0.00791	0.00443	0.00506	0.00759	0.01044	0.01392	0.03005	0.80485	0.03606	0.01708	0.00696	0.00221	0.00316	0.01550	0.00506	0.00443
6	0.01084	0.01019	0.01691	0.66477	0.13029	0.01228	0.01506	0.01493	0.04340	0.01480	0.01030	0.01465	0.00784	0.00546	0.00545	0.00179	0.00704	0.00490	0.00259	0.00649
7	0.01349	0.01295	0.02213	0.03346	0.77440	0.01295	0.01673	0.01673	0.01241	0.01781	0.01025	0.01349	0.00864	0.00486	0.00540	0.00162	0.00648	0.00486	0.00270	0.00864
8	0.02347	0.00979	0.01284	0.00996	0.01410	0.00891	0.00819	0.06739	0.06991	0.68253	0.02109	0.01838	0.01349	0.00678	0.00549	0.00170	0.00469	0.00550	0.00659	0.00923
9	0.00670	0.00479	0.00638	0.00755	0.00792	0.00446	0.00507	0.00773	0.01069	0.01432	0.06808	0.76565	0.03685	0.01678	0.00693	0.00219	0.00313	0.01521	0.00511	0.00446
10	0.01467	0.01550	0.02000	0.11360	0.52350	0.18564	0.01517	0.01755	0.01292	0.01638	0.00978	0.01279	0.00812	0.00509	0.00530	0.00159	0.00731	0.00456	0.00269	0.00783
11	0.01422	0.73438	0.10273	0.00994	0.01494	0.02069	0.01040	0.01642	0.01112	0.01326	0.00780	0.00902	0.00699	0.00472	0.00366	0.00122	0.00605	0.00302	0.00233	0.00710
12	0.00782	0.00561	0.00694	0.00666	0.00810	0.00504	0.00497	0.00996	0.01434	0.04180	0.51871	0.09541	0.23027	0.01209	0.00644	0.00178	0.00272	0.01053	0.00572	0.00508
13	0.05790	0.01107	0.01337	0.01037	0.01446	0.01090	0.00851	0.24234	0.03641	0.48639	0.01831	0.01701	0.01216	0.02768	0.00597	0.00177	0.00503	0.00528	0.00610	0.00896
14	0.00793	0.00580	0.00771	0.00871	0.00985	0.00558	0.00714	0.00994	0.01220	0.01581	0.06669	0.22330	0.13836	0.01515	0.00720	0.00231	0.00418	0.44222	0.00508	0.00484
15	0.03176	0.02776	0.76092	0.01533	0.02327	0.01265	0.01979	0.01723	0.01145	0.01744	0.00973	0.01144	0.00688	0.00518	0.00513	0.00173	0.00796	0.00400	0.00233	0.00800
16	0.01349	0.01295	0.02213	0.03346	0.77440	0.01295	0.01673	0.01673	0.01241	0.01781	0.01025	0.01349	0.00864	0.00486	0.00540	0.00162	0.00648	0.00486	0.00270	0.00864
17	0.03870	0.78847	0.02797	0.00927	0.01389	0.02130	0.00923	0.01632	0.01103	0.01316	0.00758	0.00875	0.00696	0.00468	0.00349	0.00118	0.00578	0.00292	0.00236	0.00696
18	0.02446	0.00928	0.01265	0.00970	0.01392	0.00801	0.00801	0.02657	0.01560	0.77817	0.02151	0.01856	0.01350	0.00675	0.00548	0.00169	0.00464	0.00548	0.00675	0.00928
19	0.02370	0.00911	0.01241	0.00957	0.01365	0.00788	0.00788	0.02583	0.01560	0.74373	0.05567	0.01957	0.01522	0.00695	0.00553	0.00169	0.00454	0.00568	0.00671	0.00909
20	0.00875	0.00583	0.00745	0.00689	0.00846	0.00528	0.00522	0.01114	0.01506	0.07503	0.62693	0.04063	0.14026	0.01117	0.00636	0.00173	0.00274	0.00976	0.00594	0.00537
21	0.00787	0.00574	0.00742	0.00697	0.00831	0.00537	0.00524	0.01079	0.03552	0.02189	0.75142	0.04018	0.05051	0.01104	0.00641	0.00172	0.00262	0.00976	0.00599	0.00524
22	0.09422	0.00923	0.01181	0.00942	0.01321	0.00846	0.00766	0.03845	0.04068	0.61146	0.02083	0.07992	0.01465	0.00744	0.00542	0.00173	0.00450	0.00607	0.00625	0.00858
23	0.01116	0.01058	0.01792	0.58863	0.23744	0.01234	0.01557	0.01469	0.01131	0.01498	0.00984	0.01425	0.00764	0.00529	0.00544	0.00176	0.00705	0.00485	0.00250	0.00676
24	0.01093	0.02820	0.78016	0.01554	0.02360	0.01266	0.02014	0.01727	0.01151	0.01727	0.00978	0.01151	0.00691	0.00518	0.00518	0.00173	0.00806	0.00403	0.00230	0.00806
25	0.01458	0.81168	0.02857	0.00933	0.01399	0.02157	0.00933	0.01632	0.01108	0.01283	0.00758	0.00875	0.00700	0.00466	0.00350	0.00117	0.00583	0.00292	0.00233	0.00700
26	0.01178	0.00619	0.00822	0.00822	0.00967	0.00568	0.00592	0.01340	0.03123	0.22522	0.02712	0.54537	0.02886	0.03660	0.00711	0.00215	0.00366	0.01227	0.00549	0.00584
27	0.01517	0.01112	0.01241	0.01059	0.01336	0.01199	0.00827	0.46110	0.01964	0.02630	0.01977	0.32521	0.01983	0.01070	0.00605	0.00186	0.00488	0.00908	0.00530	0.00736
28	0.02279	0.01029	0.01308	0.01021	0.01432	0.00973	0.00837	0.11751	0.10005	0.60183	0.02054	0.01807	0.01332	0.00679	0.00549	0.00170	0.00477	0.00549	0.00645	0.00921
29	0.01253	0.01406	0.03025	0.02254	0.05927	0.01321	0.67966	0.01686	0.01271	0.01727	0.01210	0.06031	0.00989	0.00533	0.00642	0.00185	0.00873	0.00689	0.00289	0.00724
30	0.00691	0.00509	0.00667	0.00755	0.00807	0.00485	0.00520	0.00809	0.01114	0.01496	0.12535	0.64077	0.08227	0.01593	0.00715	0.00213	0.02395	0.01425	0.00511	0.00457
31	0.01030	0.00969	0.01635	0.79530	0.03755	0.01211	0.01514	0.01393	0.01090	0.01393	0.00969	0.01453	0.00727	0.00545	0.00545	0.00182	0.00727	0.00484	0.00242	0.00606
32	0.01530	0.01168	0.01273	0.01106	0.01432	0.01304	0.00883	0.17698	0.47839	0.08098	0.02166	0.02272	0.03627	0.00793	0.00570	0.00184	0.00470	0.06189	0.00556	0.00843
33	0.00815	0.00566	0.00728	0.00795	0.00901	0.00535	0.00598	0.01008	0.03219	0.04721	0.09845	0.39474	0.13552	0.03019	0.00727	0.00221	0.00361	0.17900	0.00518	0.00494
34	0.01341	0.01287	0.02198	0.05368	0.75485	0.01293	0.01669	0.01666	0.01237	0.01771	0.01024	0.01352	0.00860	0.00487	0.00540	0.00162	0.00650	0.00486	0.00269	0.00857
35	0.01309	0.01255	0.02141	0.12833	0.68264	0.01285	0.01653	0.01638	0.01223	0.01733	0.01018	0.01362	0.00847	0.00493	0.00540	0.00164	0.00658	0.00486	0.00266	0.00831
36	0.01052	0.01008	0.01720	0.71017	0.03575	0.01246	0.05391	0.01407	0.01086	0.01407	0.00962	0.01440	0.00731	0.00564	0.00621	0.00185	0.05239	0.00492	0.00244	0.00612
37	0.00688	0.00493	0.00655	0.00752	0.00803	0.00460	0.00516	0.00816	0.01138	0.01539	0.16208	0.65183	0.03869	0.01598	0.00688	0.00213	0.00310	0.03093	0.00523	0.00457
38	0.01345	0.01308	0.02153	0.08726	0.70101	0.03417	0.01645	0.01667	0.01239	0.01741	0.01016	0.01347	0.00849	0.00492	0.00539	0.00163	0.00663	0.00482	0.00268	0.00839
39	0.01129	0.09273	0.69732	0.01523	0.02294	0.01343	0.03945	0.01719	0.01151	0.01690	0.00964	0.01137	0.00695	0.00512	0.00507	0.00168	0.00790	0.00400	0.00232	0.00795
40	0.02212	0.00910	0.01213	0.00951	0.01337	0.00812	0.00778	0.03955	0.04789	0.64944	0.10213	0.02091	0.01763	0.00724	0.00559	0.00170	0.00443	0.00597	0.00659	0.00880
41	0.01093	0.02820	0.78016	0.01554	0.02360	0.01266	0.02014	0.01727	0.01151	0.01727	0.00978	0.01151	0.00691	0.00518	0.00518	0.00173	0.00806	0.00403	0.00230	0.00806
42	0.01136	0.11948	0.69259	0.01482	0.02248	0.01370	0.01888	0.01716	0.01146	0.01675	0.00953	0.01119	0.00692	0.00512	0.00498	0.00166	0.00780	0.00390	0.00231	0.00793
43	0.01093	0.02820	0.78016	0.01554	0.02360	0.01266	0.02014	0.01727	0.01151	0.01727	0.00978	0.01151	0.00691	0.00518	0.00518	0.00173	0.00806	0.00403	0.00230	0.00806
44	0.01287	0.01471	0.03217	0.02298	0.02849	0.01379	0.75460	0.01746	0.01287	0.01746	0.01103	0.01471	0.00827	0.00460	0.00643	0.00184	0.00919	0.00643	0.00276	0.00735
45	0.00779	0.00584	0.00876	0.00876	0.00974	0.00681	0.00681	0.00974	0.00876	0.01266	0.01460	0.02142	0.01363	0.04089	0.78680	0.00876	0.01460	0.00584	0.00292	0.00487
46	0.01030	0.00969	0.01635	0.79530	0.03755	0.01211	0.01514	0.01393	0.01090	0.01393	0.00969	0.01453	0.00727	0.00545	0.00545	0.00182	0.00727	0.00484	0.00242	0.00606
47	0.02446	0.00928	0.01265	0.00970	0.01392	0.00801	0.00801	0.02657	0.01560	0.77817	0.02151	0.01856	0.01350	0.00675	0.00548	0.00169	0.00464	0.00548	0.00675	0.00928
48	0.01093	0.02820	0.78016	0.01554	0.02360	0.01266	0.02014	0.01727	0.01151	0.01727	0.00978	0.01151	0.00691	0.00518	0.00518	0.00173	0.00806	0.00403	0.00230	0.00806
49	0.01104	0.02745	0.73857	0.01595	0.02387	0.01272	0.06098	0.01728	0.01159	0.01728	0.00985	0.01169	0.00698	0.00515	0.00525	0.00173	0.00812	0.00416	0.00233	0.00802
50	0.01458	0.81168	0.02857	0.00933	0.01399	0.02157	0.00933	0.01632	0.01108	0.01283	0.00758	0.00875	0.00700	0.00466	0.00350	0.00117	0.00583	0.00292	0.00233	0.00700
51	0.02380	0.01034	0.01331	0.01021	0.01445	0.00959	0.00843	0.15630	0.01739	0.64592	0.02001	0.01758	0.01274	0.00671	0.00548	0.00168	0.00488	0.00538	0.00652	0.00928
52	0.05851	0.00945	0.01254	0.00965	0.01384	0.00837	0.00797	0.04126	0.01555	0.73147	0.02076	0.01804	0.01309	0.00667	0.00539	0.00169	0.00465	0.00537	0.00658	0.00914
53	0.02224	0.01265	0.01435	0.01115	0.01530	0.04538	0.00914	0.35994	0.02009	0.39069	0.01725	0.03039	0.01171	0.00680	0.00547	0.00166	0.00546	0.00532	0.00596	0.00906
54	0.00664	0.00474	0.00633	0.00759	0.00791	0.00443	0.00506	0.00759	0.01044	0.01392	0.03005	0.80485	0.03606	0.01708	0.00696	0.00221	0.00316	0.01550	0.00506	0.00443
55	0.01030	0.00969	0.01635	0.79530	0.03755	0.01211	0.01514	0.01393	0.01090	0.01393	0.00969	0.01453	0.00727	0.00545	0.00545	0.00182	0.00727	0.00484	0.00242	0.00606
56	0.02374	0.00912	0.01242	0.00958	0.01367	0.00789	0.00789	0.02587	0.01560	0.74576	0.05365	0.01951	0.01512	0.00694	0.00552	0.00169	0.00455	0.00567	0.00672	0.00910
57	0.01128	0.02580	0.64716	0.01686	0.02447	0.01286	0.15073	0.01730	0.01175	0.01730	0.01001	0.01208	0.00715	0.00508	0.00540	0.00175	0.00826	0.00446	0.00238	0.00793
58	0.00664	0.00474	0.00633	0.00759	0.00791	0.00443	0.00506	0.00759	0.01044	0.01392	0.03005	0.80485	0.03606	0.01708	0.00696	0.00221	0.00316	0.01550	0.00506	0.00443
59	0.02001	0.02541	0.01526	0.01390	0.01665	0.76445	0.01043	0.02143	0.01526	0.01332	0.00860	0.01016	0.00721	0.00662	0.02705	0.00161	0.00997	0.00358	0.00281	0.00628
60	0.01692	0.01278	0.01394	0.01156	0.01501	0.01413	0.00937	0.47659	0.16865	0.02856	0.01788	0.09580	0.01521	0.00846	0.00580	0.00181	0.00531	0.06851	0.00540	0.00831
61	0.00680	0.00514	0.00632	0.00708	0.00798	0.00465	0.00504	0.00810	0.01154	0.01491	0.09309	0.47545	0.25586	0.01553	0.00680	0.00208	0.00312	0.06079	0.00513	0.00457
62	0.01281	0.01453	0.03117	0.02242	0.02758	0.01397	0.70684	0.01718	0.01258	0.01718	0.01078	0.01453	0.00820	0.00491	0.00717	0.00187	0.05994	0.00633	0.00273	0.00726
63	0.01279	0.01456	0.03172	0.04506	0.02875	0.01374	0.73345	0.01736	0.01281	0.01736	0.01099	0.01470	0.00824	0.00462	0.00641	0.00184	0.00914	0.00639	0.00275	0.00732
64	0.01265	0.01433	0.03114	0.02231	0.02765	0.01343	0.72346	0.01717	0.01297	0.01765	0.04262	0.01579	0.01007	0.00487	0.00643	0.00183	0.00892	0.00658	0.00289	0.00726
65	0.10277	0.00910	0.01117	0.00920	0.01254	0.00876	0.00746	0.07197	0.06470	0.41928	0.15465	0.03775	0.02062	0.00793	0.00555	0.00174	0.00429	0.03662	0.00600	0.00788
66	0.00930	0.00817	0.04397	0.00991	0.01168	0.02906	0.00864	0.01296	0.08394	0.01657	0.02932	0.10560	0.09732	0.01364	0.00702	0.00230	0.00489	0.49537	0.00489	0.00546
67	0.20944	0.02625	0.01333	0.04663	0.01545	0.13279	0.00907	0.26486	0.11920	0.04324	0.03334	0.01512	0.01102	0.00651	0.00497	0.00168	0.00584	0.02931	0.00443	0.00752

[dist]
# distance from previous block
# <min> <max>
9	18

[block]
# block no. 5 follows, 44 sequences, length 20
# corresponding to MSA columns:
# 328-343,362-365
name=unknown_F
#
# <colnr> <probs for GDERKNQSTAVLIFYWHMCP>
#	G	D	E	R	K	N	Q	S	T	A	V	L	I	F	Y	W	H	M	C	P
0	0.01113	0.01164	0.02305	0.03476	0.02154	0.01137	0.45275	0.01441	0.01181	0.01622	0.03197	0.17921	0.01518	0.02807	0.00793	0.00200	0.07420	0.00812	0.00330	0.04132
1	0.03401	0.04054	0.01318	0.06861	0.01527	0.01068	0.00856	0.17322	0.07647	0.33905	0.08345	0.03591	0.06157	0.00755	0.00553	0.00170	0.00481	0.00615	0.00563	0.00811
2	0.00746	0.00536	0.00725	0.00847	0.00919	0.00514	0.00646	0.00902	0.01131	0.01487	0.03041	0.49444	0.05818	0.01620	0.00716	0.00232	0.00386	0.29318	0.00505	0.00466
3	0.01108	0.02719	0.72417	0.01610	0.02396	0.01275	0.07512	0.01728	0.01161	0.01728	0.00988	0.01175	0.00701	0.00514	0.00527	0.00173	0.00814	0.00421	0.00234	0.00800
4	0.01366	0.01335	0.02166	0.04675	0.67960	0.04039	0.03759	0.01738	0.04374	0.01777	0.01070	0.01370	0.00887	0.00499	0.00542	0.00163	0.00660	0.00491	0.00282	0.00846
5	0.01093	0.02820	0.78016	0.01554	0.02360	0.01266	0.02014	0.01727	0.01151	0.01727	0.00978	0.01151	0.00691	0.00518	0.00518	0.00173	0.00806	0.00403	0.00230	0.00806
6	0.00690	0.00519	0.00644	0.00727	0.00818	0.00474	0.00526	0.00824	0.01149	0.01481	0.07197	0.46476	0.24500	0.01563	0.00686	0.00212	0.00325	0.10221	0.00510	0.00458
7	0.01907	0.07112	0.04671	0.01158	0.01572	0.01099	0.07851	0.08704	0.09907	0.39816	0.01905	0.02094	0.01392	0.00717	0.00561	0.00175	0.00541	0.07432	0.00546	0.00840
8	0.03203	0.18473	0.11682	0.07264	0.08189	0.27794	0.01223	0.11434	0.02843	0.01726	0.00951	0.01108	0.00760	0.00543	0.00479	0.00149	0.00760	0.00389	0.00301	0.00727
9	0.00664	0.00474	0.00633	0.00759	0.00791	0.00443	0.00506	0.00759	0.01044	0.01392	0.03005	0.80485	0.03606	0.01708	0.00696	0.00221	0.00316	0.01550	0.00506	0.00443
10	0.01349	0.01355	0.02315	0.07093	0.59035	0.04235	0.13196	0.01689	0.01252	0.01738	0.01028	0.01360	0.00845	0.00488	0.00554	0.00166	0.00707	0.00505	0.00270	0.00821
11	0.01613	0.03152	0.01251	0.01015	0.01319	0.01143	0.00803	0.31174	0.09612	0.14763	0.02141	0.18831	0.05908	0.03856	0.00661	0.00192	0.00478	0.00784	0.00541	0.00763
12	0.01183	0.02128	0.41099	0.01863	0.05904	0.02941	0.28604	0.01723	0.02610	0.01725	0.01128	0.04515	0.00885	0.00549	0.00572	0.00178	0.00817	0.00544	0.00267	0.00765
13	0.00678	0.00483	0.00643	0.00765	0.00800	0.00454	0.00517	0.00777	0.01045	0.01392	0.02957	0.74552	0.03531	0.04318	0.00767	0.00233	0.00332	0.04815	0.00500	0.00442
14	0.01254	0.01731	0.18841	0.02281	0.12721	0.01344	0.50119	0.01732	0.01252	0.01747	0.01066	0.01387	0.00803	0.00475	0.00603	0.00179	0.00859	0.00572	0.00265	0.00767
15	0.01246	0.01347	0.02731	0.15548	0.12684	0.01355	0.49112	0.01653	0.01222	0.01667	0.01049	0.01436	0.00809	0.00505	0.00676	0.00184	0.05202	0.00587	0.00267	0.00722
16	0.01009	0.02243	0.58219	0.01349	0.01982	0.01077	0.01651	0.01536	0.01202	0.01746	0.09345	0.03860	0.05621	0.00728	0.00559	0.00180	0.00686	0.05969	0.00310	0.00726
17	0.01945	0.01449	0.01551	0.01212	0.01617	0.01608	0.00989	0.64890	0.10304	0.03217	0.01422	0.01477	0.01048	0.03924	0.00637	0.00181	0.00579	0.00516	0.00538	0.00896
18	0.00828	0.00658	0.00948	0.00974	0.02969	0.00633	0.06348	0.03984	0.03156	0.01599	0.06044	0.49445	0.10119	0.01438	0.00677	0.00211	0.00398	0.08564	0.00489	0.00517
19	0.00721	0.00505	0.00666	0.00771	0.00813	0.00481	0.00520	0.02964	0.01070	0.01427	0.02841	0.73804	0.03380	0.01687	0.00771	0.04846	0.00333	0.01459	0.00492	0.00446

[dist]
# distance from previous block
# <min> <max>
5	19

[block]
# block no. 6 follows, 44 sequences, length 30
# corresponding to MSA columns:
# 385-414
name=unknown_G
#
# <colnr> <probs for GDERKNQSTAVLIFYWHMCP>
#	G	D	E	R	K	N	Q	S	T	A	V	L	I	F	Y	W	H	M	C	P
0	0.01250	0.01637	0.14142	0.02124	0.04667	0.01391	0.54634	0.01695	0.01217	0.01698	0.01041	0.01390	0.00796	0.00522	0.00744	0.00187	0.09280	0.00586	0.00265	0.00735
1	0.01192	0.01212	0.02296	0.31161	0.22988	0.01270	0.26469	0.01570	0.01196	0.01615	0.01082	0.03479	0.00872	0.00531	0.00581	0.00178	0.00760	0.00566	0.00268	0.00714
2	0.00680	0.00482	0.00631	0.00741	0.00772	0.00453	0.00489	0.00770	0.01032	0.01380	0.04865	0.70751	0.03485	0.09597	0.00902	0.00251	0.00336	0.01459	0.00491	0.00433
3	0.02012	0.00979	0.02747	0.00971	0.01343	0.00890	0.00804	0.09253	0.07649	0.50389	0.14785	0.02181	0.01966	0.00750	0.00564	0.00170	0.00446	0.00620	0.00631	0.00850
4	0.02943	0.04998	0.62541	0.01754	0.11273	0.01300	0.04292	0.01715	0.01160	0.01735	0.00976	0.01171	0.00714	0.00510	0.00515	0.00170	0.00775	0.00415	0.00239	0.00802
5	0.01083	0.02659	0.71578	0.01533	0.02295	0.01231	0.04325	0.01691	0.01176	0.01751	0.04930	0.01313	0.00926	0.00547	0.00529	0.00173	0.00781	0.00441	0.00251	0.00788
6	0.01255	0.01404	0.02998	0.02278	0.07913	0.01320	0.66064	0.01686	0.01275	0.01731	0.01267	0.04118	0.02790	0.00524	0.00638	0.00184	0.00865	0.00674	0.00288	0.00728
7	0.01809	0.02595	0.01267	0.01017	0.01342	0.03585	0.00816	0.19009	0.09036	0.30663	0.04539	0.09245	0.06381	0.02468	0.00656	0.00183	0.03356	0.00677	0.00560	0.00795
8	0.01056	0.01011	0.01757	0.58414	0.03245	0.01213	0.10243	0.01381	0.01079	0.01414	0.01045	0.04598	0.00860	0.00657	0.00713	0.02912	0.06998	0.00545	0.00256	0.00602
9	0.01170	0.00864	0.00977	0.00949	0.05081	0.04494	0.00681	0.05524	0.11100	0.10702	0.27421	0.05479	0.19796	0.02520	0.00645	0.00181	0.00388	0.00854	0.00538	0.00635
10	0.02132	0.01311	0.01488	0.01154	0.01575	0.01386	0.00949	0.47007	0.08152	0.26592	0.01645	0.01538	0.01118	0.00668	0.00547	0.00167	0.00544	0.00519	0.00587	0.00922
11	0.01935	0.03959	0.01474	0.01129	0.01521	0.03082	0.00923	0.38525	0.15716	0.19239	0.05542	0.01681	0.01359	0.00690	0.00545	0.00167	0.00530	0.00542	0.00562	0.00880
12	0.00663	0.00477	0.00630	0.00752	0.00789	0.00443	0.00503	0.00760	0.01051	0.01395	0.03096	0.77758	0.06273	0.01696	0.00694	0.00220	0.00315	0.01535	0.00506	0.00443
13	0.01151	0.00926	0.05305	0.00972	0.01208	0.02707	0.00829	0.05482	0.12168	0.09357	0.08705	0.12131	0.10261	0.01167	0.00647	0.00205	0.00460	0.25173	0.00517	0.00629
14	0.01964	0.03472	0.01473	0.01118	0.01514	0.01368	0.00922	0.46499	0.04543	0.19702	0.03788	0.01694	0.03722	0.00872	0.04596	0.00202	0.00588	0.00543	0.00553	0.00869
15	0.01126	0.02589	0.65239	0.01681	0.02443	0.01285	0.14560	0.01730	0.01174	0.01730	0.01000	0.01206	0.00714	0.00508	0.00539	0.00175	0.00825	0.00444	0.00238	0.00794
16	0.01423	0.01444	0.02113	0.05560	0.65820	0.10737	0.01592	0.01726	0.01274	0.01714	0.01001	0.01308	0.00839	0.00497	0.00534	0.00160	0.00691	0.00469	0.00270	0.00827
17	0.01252	0.01445	0.05504	0.07279	0.08541	0.01333	0.60635	0.01692	0.01260	0.01716	0.01133	0.03496	0.00891	0.00501	0.00626	0.00183	0.00867	0.00636	0.00278	0.00732
18	0.05113	0.17584	0.45132	0.01379	0.02011	0.01376	0.07764	0.01681	0.01179	0.04069	0.04969	0.01416	0.01014	0.00564	0.00501	0.00164	0.00707	0.02345	0.00280	0.00750
19	0.00683	0.00488	0.00654	0.00780	0.00820	0.00459	0.00538	0.00791	0.01062	0.01412	0.02995	0.74102	0.03566	0.01691	0.00701	0.00224	0.00332	0.07751	0.00506	0.00448
20	0.01113	0.05916	0.73203	0.01547	0.02333	0.01304	0.03750	0.01723	0.01153	0.01709	0.00973	0.01148	0.00694	0.00514	0.00514	0.00171	0.00800	0.00404	0.00231	0.00800
21	0.03943	0.11482	0.49427	0.01437	0.02085	0.04400	0.07900	0.01718	0.01187	0.04937	0.02535	0.04516	0.00935	0.00576	0.00513	0.00168	0.00739	0.00470	0.00277	0.00758
22	0.01289	0.01239	0.02147	0.12051	0.61487	0.01262	0.05785	0.01622	0.01227	0.01728	0.01101	0.01568	0.00940	0.00534	0.00555	0.00169	0.00666	0.03543	0.00277	0.00811
23	0.00693	0.00545	0.00642	0.00714	0.00802	0.01930	0.00499	0.00812	0.01118	0.01433	0.05933	0.50499	0.25060	0.01695	0.04716	0.00241	0.00374	0.01343	0.00494	0.00456
24	0.02123	0.01029	0.01314	0.01129	0.05937	0.02372	0.00859	0.10989	0.05086	0.52847	0.05714	0.02001	0.04612	0.00712	0.00555	0.00169	0.00481	0.00583	0.00612	0.00876
25	0.01861	0.05648	0.01293	0.00970	0.01319	0.00995	0.00800	0.13479	0.07071	0.38497	0.16048	0.02354	0.02069	0.00787	0.00565	0.00171	0.00453	0.04213	0.00598	0.00811
26	0.00779	0.00549	0.00691	0.00749	0.00848	0.00512	0.00543	0.00950	0.02826	0.04079	0.12252	0.41466	0.16491	0.05279	0.00778	0.00224	0.00341	0.09647	0.00515	0.00481
27	0.01813	0.01376	0.01516	0.01270	0.04739	0.01506	0.00988	0.47459	0.21316	0.05025	0.01533	0.01501	0.01118	0.00655	0.00539	0.00164	0.00543	0.00514	0.00527	0.05898
28	0.01347	0.01430	0.05924	0.13131	0.39959	0.11020	0.01408	0.06495	0.01342	0.01743	0.01513	0.01740	0.09353	0.00617	0.00545	0.00165	0.00665	0.00539	0.00310	0.00754
29	0.03593	0.01346	0.07744	0.13892	0.44405	0.01272	0.04595	0.07792	0.01337	0.04421	0.03648	0.01448	0.00988	0.00538	0.00542	0.00167	0.00653	0.00500	0.00312	0.00804

[dist]
# distance from previous block
# <min> <max>
6	16

[block]
# block no. 7 follows, 44 sequences, length 7
# corresponding to MSA columns:
# 460-466
name=unknown_H
#
# <colnr> <probs for GDERKNQSTAVLIFYWHMCP>
#	G	D	E	R	K	N	Q	S	T	A	V	L	I	F	Y	W	H	M	C	P
0	0.08496	0.04699	0.01364	0.01218	0.09530	0.05528	0.00878	0.12572	0.03031	0.27807	0.10140	0.01927	0.01588	0.02518	0.00577	0.00171	0.00507	0.02179	0.02555	0.02714
1	0.05748	0.01394	0.13009	0.16521	0.02246	0.01287	0.16561	0.07493	0.01194	0.01733	0.01073	0.05376	0.00908	0.00694	0.00819	0.02593	0.14952	0.00539	0.00295	0.05565
2	0.01261	0.01446	0.12070	0.02545	0.48110	0.03915	0.04246	0.01670	0.04650	0.01819	0.09347	0.01779	0.01398	0.00601	0.00557	0.00168	0.00634	0.02668	0.00320	0.00795
3	0.10406	0.01203	0.08189	0.01150	0.01566	0.01062	0.08944	0.02285	0.19451	0.29904	0.06601	0.01817	0.01461	0.00657	0.00538	0.00172	0.00516	0.00558	0.00514	0.03005
4	0.00778	0.00529	0.00611	0.00631	0.00649	0.00522	0.00381	0.00807	0.00862	0.01139	0.02079	0.11392	0.05604	0.65219	0.02366	0.00468	0.00495	0.04747	0.00365	0.00356
5	0.01849	0.01387	0.01480	0.01165	0.01561	0.01525	0.00952	0.60507	0.09563	0.03112	0.01852	0.01804	0.09240	0.00741	0.00557	0.00168	0.00549	0.00574	0.00542	0.00870
6	0.05212	0.00728	0.05804	0.00899	0.03752	0.00610	0.00682	0.01014	0.01209	0.01727	0.24337	0.36513	0.03509	0.03945	0.00718	0.00211	0.00373	0.07752	0.00492	0.00512

[dist]
# distance from previous block
# <min> <max>
0	1

[block]
# block no. 8 follows, 44 sequences, length 29
# corresponding to MSA columns:
# 468-496
name=unknown_I
#
# <colnr> <probs for GDERKNQSTAVLIFYWHMCP>
#	G	D	E	R	K	N	Q	S	T	A	V	L	I	F	Y	W	H	M	C	P
0	0.01418	0.72608	0.11069	0.01001	0.01504	0.02060	0.01051	0.01643	0.01112	0.01331	0.00782	0.00905	0.00699	0.00472	0.00368	0.00123	0.00607	0.00304	0.00233	0.00711
1	0.01305	0.01250	0.02133	0.13835	0.67295	0.01284	0.01651	0.01635	0.01221	0.01728	0.01018	0.01364	0.00845	0.00494	0.00540	0.00165	0.00659	0.00486	0.00266	0.00828
2	0.01121	0.04203	0.59266	0.01547	0.02245	0.03277	0.10181	0.01679	0.01209	0.01748	0.07459	0.01425	0.01085	0.00562	0.00538	0.00172	0.00772	0.00476	0.00268	0.00766
3	0.01226	0.01167	0.01956	0.17954	0.56428	0.01207	0.01533	0.01541	0.01212	0.01679	0.01404	0.01707	0.07455	0.00575	0.00550	0.00168	0.00631	0.00543	0.00285	0.00778
4	0.00669	0.00476	0.00631	0.00753	0.00784	0.00446	0.00500	0.00760	0.01035	0.01379	0.02958	0.77675	0.03546	0.04598	0.00772	0.00233	0.00324	0.01522	0.00500	0.00439
5	0.01136	0.10510	0.68123	0.01517	0.02281	0.01358	0.04336	0.01718	0.01151	0.01683	0.00961	0.01134	0.00696	0.00511	0.00506	0.00167	0.00787	0.00400	0.00232	0.00793
6	0.06491	0.01403	0.02050	0.02762	0.55400	0.08712	0.06040	0.04777	0.01309	0.01836	0.01146	0.01411	0.03176	0.00527	0.00533	0.00162	0.00669	0.00492	0.00294	0.00807
7	0.01275	0.01436	0.03090	0.06665	0.05767	0.01366	0.68481	0.01724	0.01274	0.01728	0.01092	0.01465	0.00823	0.00465	0.00634	0.00183	0.00898	0.00628	0.00274	0.00733
8	0.00674	0.00481	0.00643	0.00770	0.00806	0.00451	0.00523	0.00776	0.01053	0.01402	0.03000	0.77188	0.03585	0.01699	0.00698	0.00223	0.00325	0.04753	0.00506	0.00445
9	0.01193	0.01193	0.01670	0.01431	0.01431	0.01670	0.01193	0.01312	0.00835	0.01312	0.00716	0.01193	0.00716	0.00954	0.01789	0.00239	0.79843	0.00477	0.00239	0.00596
10	0.01463	0.76432	0.05160	0.00966	0.01438	0.04364	0.00970	0.01651	0.01122	0.01298	0.00767	0.00886	0.00699	0.00471	0.00359	0.00119	0.00602	0.00297	0.00235	0.00701
11	0.00862	0.00616	0.00860	0.00985	0.01104	0.00613	0.00850	0.01101	0.01239	0.01613	0.02896	0.11807	0.03173	0.01521	0.00749	0.00249	0.00488	0.68274	0.00502	0.00498
12	0.02446	0.00928	0.01265	0.00970	0.01392	0.00801	0.00801	0.02657	0.01560	0.77817	0.02151	0.01856	0.01350	0.00675	0.00548	0.00169	0.00464	0.00548	0.00675	0.00928
13	0.00733	0.00536	0.00689	0.00692	0.00801	0.00492	0.00503	0.00939	0.01391	0.01923	0.52165	0.23198	0.11334	0.01287	0.00656	0.00185	0.00274	0.01141	0.00568	0.00492
14	0.01596	0.00754	0.01029	0.00920	0.01186	0.00685	0.00765	0.01829	0.01460	0.37712	0.18333	0.03681	0.02720	0.01030	0.00633	0.00195	0.00432	0.23728	0.00604	0.00706
15	0.00721	0.00550	0.00663	0.00646	0.00787	0.00491	0.00480	0.00927	0.01407	0.01891	0.47898	0.09916	0.29148	0.01246	0.00647	0.00179	0.00268	0.01081	0.00562	0.00491
16	0.01093	0.02820	0.78016	0.01554	0.02360	0.01266	0.02014	0.01727	0.01151	0.01727	0.00978	0.01151	0.00691	0.00518	0.00518	0.00173	0.00806	0.00403	0.00230	0.00806
17	0.01052	0.00992	0.01676	0.74165	0.08944	0.01217	0.01525	0.01413	0.01101	0.01420	0.00973	0.01446	0.00736	0.00541	0.00545	0.00180	0.00721	0.00485	0.00244	0.00624
18	0.00669	0.00477	0.00631	0.00753	0.00783	0.00446	0.00499	0.00760	0.01034	0.01379	0.02955	0.77492	0.03543	0.04787	0.00777	0.00233	0.00325	0.01520	0.00499	0.00438
19	0.01093	0.02820	0.78016	0.01554	0.02360	0.01266	0.02014	0.01727	0.01151	0.01727	0.00978	0.01151	0.00691	0.00518	0.00518	0.00173	0.00806	0.00403	0.00230	0.00806
20	0.17730	0.01520	0.01425	0.01142	0.01532	0.10227	0.00929	0.50388	0.02087	0.02935	0.01314	0.01343	0.03770	0.00644	0.00504	0.00163	0.00597	0.00463	0.00475	0.00812
21	0.05134	0.01510	0.01605	0.01234	0.01667	0.01673	0.01020	0.72879	0.02503	0.03399	0.01289	0.01293	0.00915	0.00649	0.00538	0.00164	0.00593	0.00484	0.00538	0.00915
22	0.01030	0.00969	0.01635	0.79530	0.03755	0.01211	0.01514	0.01393	0.01090	0.01393	0.00969	0.01453	0.00727	0.00545	0.00545	0.00182	0.00727	0.00484	0.00242	0.00606
23	0.01287	0.01471	0.03217	0.02298	0.02849	0.01379	0.75460	0.01746	0.01287	0.01746	0.01103	0.01471	0.00827	0.00460	0.00643	0.00184	0.00919	0.00643	0.00276	0.00735
24	0.01349	0.01295	0.02213	0.03346	0.77440	0.01295	0.01673	0.01673	0.01241	0.01781	0.01025	0.01349	0.00864	0.00486	0.00540	0.00162	0.00648	0.00486	0.00270	0.00864
25	0.00664	0.00474	0.00633	0.00759	0.00791	0.00443	0.00506	0.00759	0.01044	0.01392	0.03005	0.80485	0.03606	0.01708	0.00696	0.00221	0.00316	0.01550	0.00506	0.00443
26	0.00664	0.00474	0.00633	0.00759	0.00791	0.00443	0.00506	0.00759	0.01044	0.01392	0.03005	0.80485	0.03606	0.01708	0.00696	0.00221	0.00316	0.01550	0.00506	0.00443
27	0.00906	0.00717	0.03023	0.00971	0.01125	0.00677	0.00840	0.03474	0.04017	0.01684	0.04345	0.11203	0.07089	0.03331	0.00769	0.00243	0.00480	0.54083	0.00496	0.00526
28	0.01093	0.02820	0.78016	0.01554	0.02360	0.01266	0.02014	0.01727	0.01151	0.01727	0.00978	0.01151	0.00691	0.00518	0.00518	0.00173	0.00806	0.00403	0.00230	0.00806

[dist]
# distance from previous block
# <min> <max>
0	29

[block]
# block no. 9 follows, 44 sequences, length 63
# corresponding to MSA columns:
# 526-588
name=unknown_J
#
# <colnr> <probs for GDERKNQSTAVLIFYWHMCP>
#	G	D	E	R	K	N	Q	S	T	A	V	L	I	F	Y	W	H	M	C	P
0	0.00651	0.00553	0.00562	0.00559	0.00741	0.00463	0.00420	0.00796	0.01259	0.01511	0.09343	0.05184	0.73374	0.01367	0.00644	0.00183	0.00275	0.01142	0.00511	0.00463
1	0.01458	0.81168	0.02857	0.00933	0.01399	0.02157	0.00933	0.01632	0.01108	0.01283	0.00758	0.00875	0.00700	0.00466	0.00350	0.00117	0.00583	0.00292	0.00233	0.00700
2	0.02046	0.01651	0.01612	0.01269	0.01682	0.11405	0.01033	0.64093	0.04719	0.03135	0.01278	0.01290	0.00922	0.00645	0.00539	0.00161	0.00643	0.00477	0.00512	0.00888
