[name]
unknown

[dist]
# distance from previous block
# <min> <max>
11	81

[block]
# block no. 0 follows, 42 sequences, length 9
# corresponding to MSA columns:
# 84-92
name=unknown_A
#
# <colnr> <probs for GDERKNQSTAVLIFYWHMCP>
#	G	D	E	R	K	N	Q	S	T	A	V	L	I	F	Y	W	H	M	C	P
0	0.25909	0.01096	0.01139	0.00944	0.01293	0.01159	0.00760	0.21527	0.04504	0.13701	0.06118	0.08114	0.01461	0.00740	0.00504	0.00171	0.00464	0.00574	0.03810	0.06012
1	0.08502	0.00742	0.00893	0.03154	0.01092	0.00744	0.00639	0.03584	0.06598	0.14655	0.06354	0.27441	0.05437	0.11620	0.00969	0.03052	0.00427	0.03002	0.00506	0.00592
2	0.01108	0.00628	0.00806	0.00767	0.00918	0.00574	0.00559	0.01271	0.01314	0.16513	0.24685	0.21290	0.08873	0.14609	0.01033	0.00254	0.00378	0.03303	0.00555	0.00561
3	0.11006	0.03990	0.05065	0.15796	0.22067	0.07347	0.01262	0.09694	0.03101	0.03850	0.07104	0.01633	0.02864	0.00633	0.00561	0.00173	0.02229	0.00518	0.00359	0.00749
4	0.04160	0.04393	0.01111	0.00894	0.01147	0.00836	0.02521	0.03694	0.05049	0.21555	0.15071	0.07374	0.13396	0.04350	0.06450	0.02609	0.02115	0.02089	0.00527	0.00661
5	0.14904	0.00988	0.01117	0.00924	0.01251	0.01004	0.00744	0.15155	0.06106	0.24227	0.21020	0.02432	0.06128	0.00823	0.00561	0.00176	0.00431	0.00666	0.00580	0.00763
6	0.13220	0.05199	0.02626	0.01100	0.07586	0.03832	0.00790	0.10381	0.01440	0.07914	0.18560	0.13875	0.02387	0.05483	0.00693	0.00198	0.00465	0.00762	0.02833	0.00656
7	0.25931	0.01219	0.05138	0.01002	0.01388	0.01221	0.00853	0.15850	0.13972	0.18110	0.05650	0.01642	0.01318	0.00668	0.00500	0.00175	0.00486	0.00506	0.03576	0.00798
8	0.16638	0.26088	0.18592	0.01349	0.01888	0.04332	0.14525	0.04740	0.01246	0.04436	0.00972	0.01135	0.00756	0.00518	0.00472	0.00160	0.00695	0.00412	0.00298	0.00747

[dist]
# distance from previous block
# <min> <max>
0	8

[block]
# block no. 1 follows, 42 sequences, length 10
# corresponding to MSA columns:
# 101-110
name=unknown_B
#
# <colnr> <probs for GDERKNQSTAVLIFYWHMCP>
#	G	D	E	R	K	N	Q	S	T	A	V	L	I	F	Y	W	H	M	C	P
0	0.09468	0.14550	0.43586	0.01374	0.01989	0.01355	0.06753	0.01637	0.01155	0.01745	0.01209	0.10469	0.01071	0.00666	0.00520	0.00176	0.00704	0.00545	0.00286	0.00743
1	0.67211	0.01143	0.03665	0.00852	0.01159	0.01283	0.00722	0.01581	0.00948	0.02288	0.00836	0.01100	0.00700	0.04563	0.00658	0.00201	0.09795	0.00357	0.00332	0.00605
2	0.00807	0.00545	0.00635	0.00645	0.00654	0.00549	0.00378	0.00828	0.00844	0.01131	0.01857	0.09392	0.02133	0.69391	0.07499	0.00544	0.00590	0.00864	0.00352	0.00360
3	0.01019	0.00531	0.00552	0.00546	0.00678	0.00525	0.00410	0.01282	0.01229	0.02117	0.10681	0.02348	0.01901	0.00714	0.00425	0.00137	0.00263	0.00583	0.73535	0.00525
4	0.02082	0.01500	0.01617	0.01246	0.01683	0.01643	0.01027	0.68100	0.02534	0.06531	0.01606	0.01579	0.04762	0.00714	0.00568	0.00170	0.00597	0.00543	0.00567	0.00933
5	0.02138	0.00875	0.01189	0.00953	0.01319	0.00766	0.00780	0.02366	0.01590	0.60048	0.15059	0.02554	0.02170	0.00822	0.00594	0.00179	0.00444	0.04620	0.00673	0.00860
6	0.01435	0.01331	0.08882	0.01040	0.01546	0.01075	0.00917	0.17630	0.07183	0.04572	0.01214	0.01303	0.00933	0.00520	0.00477	0.00122	0.00506	0.00410	0.00403	0.48500
7	0.01721	0.01336	0.03139	0.01156	0.01586	0.01332	0.02712	0.43111	0.03670	0.05008	0.01470	0.08915	0.01216	0.00713	0.00545	0.00156	0.00547	0.00577	0.00495	0.20593
8	0.03842	0.01079	0.06850	0.03407	0.01348	0.02135	0.00853	0.17727	0.02958	0.06713	0.05416	0.11336	0.19652	0.03399	0.00688	0.00203	0.00488	0.09386	0.00498	0.02022
9	0.01090	0.00859	0.03422	0.05125	0.01179	0.02177	0.00706	0.08491	0.03526	0.05178	0.11669	0.12760	0.14855	0.10304	0.02285	0.00239	0.04385	0.00864	0.10303	0.00582

[dist]
# distance from previous block
# <min> <max>
0	8

[block]
# block no. 2 follows, 42 sequences, length 104
# corresponding to MSA columns:
# 131-234
name=unknown_C
#
# <colnr> <probs for GDERKNQSTAVLIFYWHMCP>
#	G	D	E	R	K	N	Q	S	T	A	V	L	I	F	Y	W	H	M	C	P
0	0.09254	0.12929	0.09367	0.01722	0.18648	0.11896	0.04208	0.12046	0.02959	0.03265	0.04139	0.01434	0.02865	0.00593	0.00510	0.00160	0.00667	0.00472	0.00351	0.02516
1	0.09330	0.02944	0.01506	0.04330	0.01673	0.01522	0.00980	0.41216	0.17653	0.09089	0.01536	0.01509	0.01106	0.00668	0.00539	0.00172	0.00555	0.00513	0.00533	0.02626
2	0.05219	0.03380	0.04090	0.07819	0.33497	0.04762	0.17484	0.05307	0.01330	0.01883	0.01051	0.01347	0.00842	0.00505	0.00550	0.00164	0.00715	0.00498	0.00299	0.09260
3	0.01368	0.01170	0.01326	0.01003	0.01449	0.04745	0.02815	0.09766	0.05308	0.04038	0.01169	0.02794	0.00957	0.00529	0.00517	0.00116	0.03487	0.00416	0.00378	0.56647
4	0.00790	0.00636	0.00729	0.00825	0.00906	0.04072	0.00588	0.00950	0.02986	0.01494	0.03287	0.57031	0.12471	0.01619	0.00705	0.00222	0.00377	0.09313	0.00512	0.00486
5	0.00804	0.00603	0.00904	0.00904	0.01005	0.00703	0.00703	0.01005	0.00904	0.01306	0.01507	0.02211	0.01407	0.04221	0.77992	0.00904	0.01507	0.00603	0.00301	0.00502
6	0.06765	0.00696	0.00890	0.00821	0.00919	0.00729	0.00588	0.11440	0.01043	0.03333	0.01049	0.01611	0.00960	0.01645	0.01801	0.64029	0.00504	0.00481	0.00308	0.00388
7	0.01393	0.01337	0.02284	0.03454	0.76712	0.01337	0.01727	0.01727	0.01281	0.01839	0.01059	0.01393	0.00891	0.00501	0.00557	0.00167	0.00669	0.00501	0.00279	0.00891
8	0.01046	0.00627	0.00826	0.00753	0.00922	0.00571	0.00570	0.01290	0.01552	0.13216	0.60095	0.07760	0.04581	0.02814	0.00699	0.00187	0.00306	0.00977	0.00620	0.00586
9	0.01426	0.04117	0.01339	0.01146	0.01460	0.05578	0.00898	0.04203	0.63686	0.02233	0.02100	0.01989	0.01597	0.00920	0.04558	0.00222	0.00540	0.00605	0.00531	0.00853
10	0.01968	0.10325	0.01749	0.01392	0.01687	0.58174	0.01086	0.07269	0.01559	0.01524	0.00884	0.01047	0.00742	0.00613	0.00615	0.00153	0.07856	0.00378	0.00301	0.00678
11	0.01217	0.01030	0.01194	0.00857	0.01355	0.00802	0.00688	0.05207	0.01243	0.01922	0.01018	0.01176	0.00840	0.00430	0.00424	0.00088	0.00427	0.00342	0.00345	0.79393
12	0.01362	0.01176	0.01236	0.01116	0.01427	0.01352	0.00867	0.02878	0.71854	0.02311	0.02467	0.02271	0.05577	0.00798	0.00577	0.00191	0.00437	0.00665	0.00570	0.00869
13	0.00685	0.00494	0.00649	0.00773	0.00813	0.00458	0.00518	0.00785	0.01088	0.01441	0.03236	0.76013	0.07478	0.01746	0.00716	0.00227	0.00324	0.01579	0.00522	0.00458
14	0.02213	0.01458	0.01616	0.01239	0.01686	0.01569	0.01023	0.61034	0.02448	0.17628	0.01517	0.01459	0.01041	0.00680	0.00564	0.00170	0.00592	0.00518	0.00589	0.00957
15	0.01234	0.00998	0.01174	0.00842	0.01339	0.00754	0.00675	0.01482	0.01189	0.05535	0.01060	0.01204	0.00861	0.00431	0.00424	0.00088	0.00420	0.00345	0.00351	0.79595
16	0.01861	0.01260	0.01413	0.01136	0.01504	0.01354	0.00920	0.41297	0.10577	0.14730	0.05870	0.05965	0.05933	0.00822	0.00616	0.00179	0.02469	0.00654	0.00576	0.00865
17	0.01297	0.01341	0.01714	0.01475	0.01497	0.07512	0.01220	0.01422	0.00918	0.01356	0.00749	0.01215	0.00738	0.00954	0.01745	0.00239	0.73257	0.00483	0.00250	0.00618
18	0.00692	0.00492	0.00651	0.00776	0.00807	0.00461	0.00514	0.00785	0.01066	0.01421	0.03041	0.76348	0.03645	0.05376	0.00817	0.00243	0.00337	0.01564	0.00514	0.00452
19	0.01318	0.01605	0.08538	0.02391	0.07951	0.01409	0.64490	0.01796	0.01315	0.01804	0.01124	0.01486	0.00846	0.00481	0.00648	0.00187	0.00921	0.00635	0.00281	0.00773
20	0.01535	0.76541	0.02879	0.00988	0.01460	0.06136	0.00969	0.01714	0.01167	0.01327	0.00787	0.00909	0.00722	0.00487	0.00369	0.00122	0.00623	0.00304	0.00243	0.00719
21	0.00686	0.00490	0.00653	0.00784	0.00816	0.00457	0.00522	0.00784	0.01077	0.01437	0.03102	0.79855	0.03722	0.01763	0.00718	0.00229	0.00326	0.01600	0.00522	0.00457
22	0.01167	0.01000	0.01167	0.00834	0.01334	0.00750	0.00667	0.01417	0.01167	0.01834	0.01000	0.01167	0.00834	0.00417	0.00417	0.00083	0.00417	0.00333	0.00333	0.83663
23	0.84197	0.01088	0.00827	0.00740	0.01088	0.01262	0.00609	0.01654	0.00958	0.02525	0.00784	0.00914	0.00609	0.00522	0.00348	0.00174	0.00435	0.00305	0.00348	0.00609
24	0.00818	0.00547	0.00620	0.00620	0.00622	0.00549	0.00349	0.00822	0.00820	0.01096	0.01767	0.03651	0.02032	0.78559	0.04508	0.00553	0.00567	0.00814	0.00340	0.00345
25	0.01400	0.01209	0.01273	0.01145	0.01463	0.01400	0.00891	0.02990	0.75695	0.02354	0.02291	0.02100	0.01718	0.00764	0.00573	0.00191	0.00445	0.00636	0.00573	0.00891
26	0.01063	0.01000	0.01688	0.78870	0.03876	0.01250	0.01563	0.01438	0.01125	0.01438	0.01000	0.01500	0.00750	0.00563	0.00563	0.00188	0.00750	0.00500	0.00250	0.00625
27	0.02139	0.01576	0.01689	0.01295	0.01745	0.01745	0.01070	0.74835	0.02646	0.03547	0.01351	0.01351	0.00957	0.00676	0.00563	0.00169	0.00619	0.00507	0.00563	0.00957
28	0.00788	0.00571	0.00743	0.00708	0.00838	0.00526	0.00528	0.01043	0.01562	0.02201	0.71289	0.07672	0.07044	0.01185	0.00666	0.00180	0.00269	0.01049	0.00613	0.00526
29	0.00818	0.00616	0.00902	0.00894	0.00983	0.00719	0.00685	0.00998	0.00895	0.01288	0.01509	0.02319	0.01447	0.11192	0.68752	0.00852	0.03718	0.00620	0.00304	0.00491
30	0.01352	0.01386	0.05923	0.09751	0.66890	0.01328	0.01731	0.01705	0.01264	0.01802	0.01051	0.01392	0.00871	0.00508	0.00556	0.00169	0.00683	0.00497	0.00274	0.00866
31	0.01265	0.01168	0.01747	0.48917	0.11859	0.03794	0.03914	0.07781	0.08558	0.01750	0.01162	0.01524	0.00887	0.00616	0.00604	0.02211	0.00709	0.00515	0.00313	0.00706
32	0.01548	0.75158	0.02863	0.00986	0.01465	0.02194	0.00970	0.06689	0.01246	0.01476	0.00821	0.00933	0.00738	0.00495	0.00375	0.00124	0.00603	0.00315	0.00263	0.00738
33	0.01216	0.01209	0.01694	0.01457	0.01460	0.01687	0.01212	0.01342	0.00863	0.01353	0.00766	0.01266	0.00763	0.01101	0.04584	0.00270	0.76400	0.00496	0.00248	0.00612
34	0.02525	0.00958	0.01306	0.01001	0.01437	0.00827	0.00827	0.02743	0.01611	0.77102	0.02220	0.01915	0.01393	0.00697	0.00566	0.00174	0.00479	0.00566	0.00697	0.00958
35	0.00704	0.00500	0.00658	0.00766	0.00804	0.00469	0.00510	0.00808	0.01100	0.01477	0.08724	0.68667	0.03729	0.07165	0.00863	0.00247	0.00337	0.01500	0.00517	0.00455
36	0.00665	0.00570	0.00570	0.00570	0.00760	0.00475	0.00428	0.00808	0.01283	0.01520	0.05701	0.05416	0.76483	0.01425	0.00665	0.00190	0.00285	0.01188	0.00523	0.00475
37	0.01542	0.01241	0.01324	0.01156	0.01496	0.01414	0.00909	0.11602	0.63437	0.06019	0.02174	0.02001	0.01611	0.00750	0.00571	0.00187	0.00468	0.00617	0.00577	0.00902
38	0.01167	0.01000	0.01167	0.00834	0.01334	0.00750	0.00667	0.01417	0.01167	0.01834	0.01000	0.01167	0.00834	0.00417	0.00417	0.00083	0.00417	0.00333	0.00333	0.83663
39	0.01129	0.02911	0.77306	0.01604	0.02436	0.01307	0.02079	0.01782	0.01188	0.01782	0.01010	0.01188	0.00713	0.00535	0.00535	0.00178	0.00832	0.00416	0.00238	0.00832
40	0.02139	0.01576	0.01689	0.01295	0.01745	0.01745	0.01070	0.74835	0.02646	0.03547	0.01351	0.01351	0.00957	0.00676	0.00563	0.00169	0.00619	0.00507	0.00563	0.00957
41	0.01250	0.01287	0.02032	0.01650	0.01760	0.01666	0.15422	0.01441	0.00952	0.01441	0.00816	0.01287	0.00761	0.00886	0.01618	0.00235	0.64072	0.00526	0.00254	0.00643
42	0.00796	0.00575	0.00752	0.00708	0.00841	0.00531	0.00531	0.01062	0.01593	0.02257	0.76415	0.04204	0.05310	0.01150	0.00664	0.00177	0.00265	0.01018	0.00619	0.00531
43	0.00812	0.00557	0.00678	0.00682	0.00705	0.00578	0.00425	0.00858	0.00844	0.01148	0.01751	0.05420	0.01951	0.61472	0.19245	0.00616	0.00750	0.00792	0.00337	0.00379
44	0.13656	0.01508	0.01568	0.01217	0.01653	0.01677	0.01005	0.64565	0.02409	0.03403	0.01271	0.01290	0.00908	0.00654	0.00533	0.00170	0.00593	0.00478	0.00533	0.00908
45	0.01167	0.01000	0.01167	0.00834	0.01334	0.00750	0.00667	0.01417	0.01167	0.01834	0.01000	0.01167	0.00834	0.00417	0.00417	0.00083	0.00417	0.00333	0.00333	0.83663
46	0.00685	0.00492	0.00651	0.00779	0.00815	0.00458	0.00520	0.00784	0.01082	0.01439	0.03162	0.78137	0.05402	0.01755	0.00717	0.00228	0.00326	0.01590	0.00522	0.00458
47	0.01143	0.00975	0.01141	0.00831	0.01308	0.00736	0.00660	0.01386	0.01163	0.01814	0.01104	0.05066	0.00977	0.00483	0.00432	0.00091	0.00412	0.00396	0.00343	0.79539
48	0.05553	0.53247	0.17850	0.01130	0.01658	0.09381	0.01185	0.01758	0.01187	0.01482	0.00837	0.00972	0.00715	0.00504	0.00410	0.00137	0.00681	0.00331	0.00250	0.00732
49	0.00978	0.00489	0.00733	0.00733	0.00733	0.00489	0.00489	0.00733	0.00733	0.00978	0.00978	0.01711	0.00978	0.01955	0.02199	0.83627	0.00489	0.00489	0.00244	0.00244
50	0.01257	0.01026	0.01162	0.01122	0.06047	0.01099	0.00812	0.14442	0.29180	0.02300	0.13327	0.06484	0.17445	0.00968	0.00609	0.00185	0.00426	0.00817	0.00546	0.00746
51	0.01933	0.11943	0.01753	0.01463	0.05354	0.61415	0.01085	0.02093	0.01505	0.01401	0.00970	0.03303	0.00863	0.00615	0.00503	0.00148	0.00919	0.01774	0.00294	0.00665
52	0.01461	0.01220	0.01293	0.01149	0.01476	0.01402	0.00897	0.06292	0.70509	0.04247	0.02246	0.02061	0.01675	0.00758	0.00572	0.00189	0.00454	0.00629	0.00575	0.00895
53	0.00775	0.00569	0.00724	0.00822	0.00886	0.00557	0.00563	0.02984	0.06225	0.01558	0.02998	0.72364	0.03508	0.01665	0.00704	0.00224	0.00343	0.01504	0.00527	0.00501
54	0.78392	0.01079	0.00861	0.00759	0.01113	0.01232	0.00625	0.01732	0.01004	0.07826	0.00886	0.00985	0.00665	0.00535	0.00364	0.00174	0.00438	0.00323	0.00373	0.00634
55	0.02525	0.00958	0.01306	0.01001	0.01437	0.00827	0.00827	0.02743	0.01611	0.77102	0.02220	0.01915	0.01393	0.00697	0.00566	0.00174	0.00479	0.00566	0.00697	0.00958
56	0.00804	0.00603	0.00904	0.00904	0.01005	0.00703	0.00703	0.01005	0.00904	0.01306	0.01507	0.02211	0.01407	0.04221	0.77992	0.00904	0.01507	0.00603	0.00301	0.00502
57	0.00686	0.00490	0.00653	0.00784	0.00816	0.00457	0.00522	0.00784	0.01077	0.01437	0.03102	0.79855	0.03722	0.01763	0.00718	0.00229	0.00326	0.01600	0.00522	0.00457
58	0.00669	0.00570	0.00575	0.00574	0.00762	0.00477	0.00430	0.00815	0.01291	0.01541	0.07660	0.05382	0.74511	0.01418	0.00665	0.00190	0.00285	0.01183	0.00525	0.00477
59	0.01682	0.01349	0.01431	0.01202	0.01571	0.01531	0.00959	0.30386	0.47841	0.02809	0.01932	0.01814	0.01428	0.00730	0.00569	0.00182	0.00512	0.00587	0.00569	0.00916
60	0.01167	0.01000	0.01167	0.00834	0.01334	0.00750	0.00667	0.01417	0.01167	0.01834	0.01000	0.01167	0.00834	0.00417	0.00417	0.00083	0.00417	0.00333	0.00333	0.83663
61	0.02349	0.01206	0.10436	0.01080	0.01563	0.00905	0.00983	0.04221	0.01583	0.66436	0.02056	0.01816	0.01302	0.00677	0.00562	0.00175	0.00524	0.00547	0.00638	0.00943
62	0.00902	0.00684	0.00870	0.00948	0.01105	0.00685	0.00798	0.01270	0.08983	0.01712	0.03435	0.08724	0.17144	0.01456	0.00732	0.00238	0.00458	0.48785	0.00525	0.00546
63	0.84197	0.01088	0.00827	0.00740	0.01088	0.01262	0.00609	0.01654	0.00958	0.02525	0.00784	0.00914	0.00609	0.00522	0.00348	0.00174	0.00435	0.00305	0.00348	0.00609
64	0.02272	0.01364	0.01558	0.01194	0.01639	0.01430	0.00986	0.50101	0.02291	0.28782	0.01649	0.01545	0.01107	0.00683	0.00564	0.00171	0.00571	0.00527	0.00609	0.00957
65	0.01222	0.01218	0.01706	0.01465	0.01467	0.01702	0.01220	0.01347	0.00863	0.01353	0.00755	0.01252	0.00753	0.01055	0.03483	0.00260	0.77523	0.00495	0.00247	0.00613
66	0.00947	0.00639	0.00708	0.00702	0.00715	0.00622	0.00401	0.00914	0.00901	0.01214	0.01881	0.03804	0.02139	0.78753	0.02871	0.00561	0.00586	0.00851	0.00382	0.00410
67	0.01111	0.00823	0.00966	0.00874	0.01089	0.00851	0.00671	0.05644	0.22575	0.05769	0.43050	0.05848	0.06385	0.01024	0.00630	0.00182	0.00348	0.00886	0.00600	0.00671
68	0.00907	0.00648	0.00907	0.01036	0.01166	0.00648	0.00907	0.01166	0.01296	0.01684	0.02980	0.06348	0.03239	0.01555	0.00777	0.00259	0.00518	0.72924	0.00518	0.00518
69	0.00864	0.00699	0.00936	0.00930	0.01039	0.04261	0.00721	0.01062	0.00936	0.01310	0.01478	0.02156	0.01375	0.04053	0.74424	0.00869	0.01485	0.00592	0.00301	0.00509
70	0.00696	0.00500	0.00653	0.00771	0.00814	0.00467	0.00519	0.00796	0.01084	0.01433	0.03186	0.70765	0.07624	0.04984	0.00806	0.00240	0.00338	0.03355	0.00515	0.00455
71	0.02445	0.00940	0.01280	0.00988	0.01409	0.00813	0.00813	0.02665	0.01610	0.73655	0.05637	0.02021	0.01573	0.00717	0.00570	0.00174	0.00469	0.00587	0.00693	0.00938
72	0.01525	0.01537	0.02137	0.05141	0.59995	0.12612	0.01596	0.05391	0.01390	0.01844	0.01044	0.01338	0.00866	0.00523	0.00550	0.00165	0.00719	0.00481	0.00293	0.00852
73	0.00874	0.00624	0.00869	0.00999	0.01114	0.00619	0.00849	0.01109	0.01263	0.01647	0.02998	0.17347	0.03311	0.01586	0.00768	0.00255	0.00490	0.62252	0.00519	0.00509
74	0.01397	0.01439	0.02929	0.02505	0.18949	0.01387	0.52070	0.01814	0.01313	0.05495	0.01158	0.01498	0.00884	0.00512	0.00684	0.00186	0.04068	0.00617	0.00302	0.00792
75	0.16472	0.23265	0.41460	0.01251	0.01883	0.01525	0.01472	0.01715	0.01144	0.01808	0.02817	0.01138	0.00813	0.00534	0.00457	0.00162	0.00683	0.00380	0.00268	0.00754
76	0.13982	0.07547	0.01561	0.01321	0.02836	0.48705	0.02667	0.04007	0.01458	0.01650	0.01082	0.01546	0.00968	0.00660	0.00506	0.00161	0.00834	0.07531	0.00325	0.00652
77	0.02148	0.01563	0.01681	0.01288	0.01738	0.01725	0.01064	0.73268	0.02623	0.05146	0.01370	0.01363	0.00967	0.00676	0.00563	0.00169	0.00616	0.00508	0.00566	0.00957
78	0.01382	0.01210	0.01814	0.31594	0.26863	0.01347	0.01437	0.16112	0.05084	0.02030	0.01249	0.05121	0.01023	0.00631	0.00569	0.00179	0.00663	0.00560	0.00350	0.00782
79	0.02139	0.01576	0.01689	0.01295	0.01745	0.01745	0.01070	0.74835	0.02646	0.03547	0.01351	0.01351	0.00957	0.00676	0.00563	0.00169	0.00619	0.00507	0.00563	0.00957
80	0.49972	0.01118	0.03294	0.00880	0.01277	0.01134	0.00748	0.05160	0.01263	0.28353	0.01312	0.01287	0.00899	0.00590	0.00438	0.00174	0.00470	0.00407	0.00475	0.00751
81	0.00776	0.00674	0.04482	0.00834	0.00954	0.00551	0.00620	0.02586	0.01131	0.01534	0.02868	0.66450	0.05138	0.01569	0.00682	0.00213	0.00364	0.01412	0.00495	0.06667
82	0.01167	0.01000	0.01167	0.00834	0.01334	0.00750	0.00667	0.01417	0.01167	0.01834	0.01000	0.01167	0.00834	0.00417	0.00417	0.00083	0.00417	0.00333	0.00333	0.83663
83	0.01186	0.00940	0.01113	0.00846	0.01274	0.00738	0.00664	0.03371	0.01214	0.05288	0.01371	0.12648	0.01283	0.00632	0.00471	0.00111	0.00412	0.00533	0.00384	0.65520
84	0.03685	0.01349	0.03787	0.03678	0.30569	0.04633	0.06966	0.08017	0.01322	0.05565	0.01106	0.01406	0.00903	0.00843	0.05841	0.00224	0.12822	0.00498	0.00325	0.06459
85	0.17833	0.62663	0.02496	0.00933	0.01375	0.02022	0.00901	0.01670	0.01099	0.01562	0.00781	0.00914	0.00700	0.00504	0.00400	0.00134	0.02747	0.00307	0.00262	0.00697
86	0.00899	0.00601	0.00768	0.00712	0.00872	0.00545	0.00539	0.01147	0.01557	0.07314	0.62779	0.04193	0.13630	0.01152	0.00657	0.00178	0.00283	0.01007	0.00613	0.00554
87	0.01129	0.02911	0.77306	0.01604	0.02436	0.01307	0.02079	0.01782	0.01188	0.01782	0.01010	0.01188	0.00713	0.00535	0.00535	0.00178	0.00832	0.00416	0.00238	0.00832
88	0.01063	0.01000	0.01688	0.78870	0.03876	0.01250	0.01563	0.01438	0.01125	0.01438	0.01000	0.01500	0.00750	0.00563	0.00563	0.00188	0.00750	0.00500	0.00250	0.00625
89	0.00783	0.00531	0.00624	0.00659	0.00667	0.00522	0.00389	0.00809	0.00887	0.01182	0.02124	0.23816	0.02489	0.59484	0.02297	0.00462	0.00488	0.01025	0.00389	0.00372
90	0.00714	0.00563	0.00639	0.00638	0.00789	0.00493	0.00469	0.00889	0.01352	0.01743	0.28506	0.12409	0.44062	0.03320	0.00724	0.00198	0.00289	0.01164	0.00550	0.00488
91	0.00818	0.00546	0.00614	0.00614	0.00614	0.00546	0.00341	0.00818	0.00818	0.01091	0.01773	0.03683	0.02046	0.80222	0.02864	0.00546	0.00546	0.00818	0.00341	0.00341
92	0.00799	0.00577	0.00756	0.00715	0.00848	0.00534	0.00540	0.01064	0.01586	0.02244	0.74752	0.04252	0.05263	0.01160	0.00666	0.00179	0.00271	0.02646	0.00617	0.00531
93	0.00763	0.00561	0.00717	0.00727	0.00838	0.00520	0.00526	0.00992	0.02785	0.01950	0.47012	0.27127	0.10675	0.01351	0.00679	0.00194	0.00289	0.01201	0.00581	0.00511
94	0.01319	0.03650	0.14290	0.02179	0.06307	0.03514	0.50487	0.01769	0.01270	0.01743	0.01067	0.01411	0.00819	0.00528	0.00721	0.00188	0.07115	0.00588	0.00273	0.00761
95	0.84197	0.01088	0.00827	0.00740	0.01088	0.01262	0.00609	0.01654	0.00958	0.02525	0.00784	0.00914	0.00609	0.00522	0.00348	0.00174	0.00435	0.00305	0.00348	0.00609
96	0.03787	0.03506	0.06987	0.01126	0.01527	0.01285	0.00971	0.26685	0.15588	0.18210	0.07322	0.04057	0.03038	0.00837	0.02319	0.00193	0.00548	0.00609	0.00551	0.00856
97	0.01022	0.00702	0.02154	0.00752	0.00957	0.00620	0.00592	0.04597	0.01569	0.10201	0.48377	0.04035	0.19989	0.01128	0.00647	0.00179	0.00319	0.00972	0.00598	0.00590
98	0.01296	0.01011	0.01112	0.01007	0.01274	0.01102	0.00780	0.10589	0.38376	0.05305	0.09114	0.12773	0.10295	0.01003	0.00613	0.00193	0.00420	0.02408	0.00567	0.00760
99	0.00713	0.00509	0.00676	0.00783	0.00831	0.00477	0.00538	0.00837	0.01144	0.01539	0.11863	0.65309	0.03848	0.03586	0.00767	0.00232	0.00334	0.05018	0.00529	0.00466
100	0.01553	0.01269	0.01331	0.01155	0.01486	0.03092	0.00907	0.18756	0.51125	0.03982	0.03963	0.05540	0.01704	0.00794	0.00578	0.00186	0.00487	0.00654	0.00565	0.00872
101	0.01890	0.09517	0.03114	0.01282	0.01596	0.50101	0.01013	0.05811	0.01582	0.06838	0.07553	0.03129	0.01294	0.00678	0.00525	0.00154	0.00825	0.02051	0.00365	0.00682
102	0.11606	0.05142	0.09355	0.01014	0.01396	0.04177	0.00904	0.04993	0.12027	0.22512	0.13712	0.02254	0.05831	0.00776	0.00549	0.00176	0.00497	0.01794	0.00519	0.00768
103	0.01827	0.01384	0.01515	0.01218	0.01577	0.01553	0.00984	0.52517	0.12116	0.03001	0.01555	0.05435	0.01245	0.04509	0.02704	0.00215	0.04657	0.00594	0.00529	0.00866

[dist]
# distance from previous block
# <min> <max>
1	3

[block]
# block no. 3 follows, 42 sequences, length 24
# corresponding to MSA columns:
# 238-261
name=unknown_D
#
# <colnr> <probs for GDERKNQSTAVLIFYWHMCP>
#	G	D	E	R	K	N	Q	S	T	A	V	L	I	F	Y	W	H	M	C	P
0	0.01689	0.05090	0.01469	0.01185	0.03417	0.06488	0.00930	0.34062	0.18137	0.04090	0.09216	0.01991	0.05216	0.00758	0.00561	0.00170	0.00541	0.00601	0.03561	0.00828
1	0.01393	0.01304	0.01954	0.01706	0.07656	0.05082	0.14353	0.03400	0.01125	0.07384	0.01101	0.01467	0.02273	0.00971	0.05009	0.00248	0.42030	0.00542	0.00308	0.00692
2	0.01333	0.01328	0.05540	0.04903	0.29915	0.04505	0.08563	0.09261	0.08162	0.01957	0.03326	0.08630	0.07132	0.00767	0.00619	0.01601	0.00626	0.00679	0.00379	0.00774
3	0.00693	0.00495	0.00662	0.00792	0.00829	0.00464	0.00536	0.00797	0.01085	0.01445	0.03097	0.77273	0.03705	0.01756	0.00720	0.00230	0.00333	0.04105	0.00522	0.00459
4	0.01200	0.01101	0.03299	0.01402	0.09753	0.06441	0.05927	0.02960	0.12824	0.03440	0.03468	0.11140	0.04102	0.01046	0.00644	0.00202	0.00560	0.23660	0.00455	0.06375
5	0.00920	0.00603	0.00792	0.00729	0.00883	0.00552	0.00552	0.01182	0.01594	0.07607	0.71111	0.04040	0.05030	0.01118	0.00657	0.00177	0.00281	0.00985	0.00625	0.00562
6	0.01505	0.80561	0.02949	0.00963	0.01444	0.02227	0.00963	0.01685	0.01143	0.01324	0.00782	0.00903	0.00722	0.00481	0.00361	0.00120	0.00602	0.00301	0.00241	0.00722
7	0.01938	0.01592	0.07441	0.01264	0.01707	0.01612	0.01089	0.61108	0.05239	0.03188	0.01391	0.01534	0.01046	0.06354	0.00726	0.00197	0.00624	0.00527	0.00522	0.00901
8	0.00807	0.00592	0.00851	0.00851	0.00932	0.00674	0.00636	0.00970	0.00888	0.01267	0.01557	0.02484	0.01525	0.18310	0.64065	0.00838	0.01329	0.00643	0.00309	0.00473
9	0.02410	0.00932	0.01269	0.00982	0.01397	0.00807	0.00807	0.02630	0.01610	0.72109	0.07170	0.02068	0.01654	0.00727	0.00572	0.00174	0.00465	0.00596	0.00691	0.00929
10	0.00804	0.00603	0.00904	0.00904	0.01005	0.00703	0.00703	0.01005	0.00904	0.01306	0.01507	0.02211	0.01407	0.04221	0.77992	0.00904	0.01507	0.00603	0.00301	0.00502
11	0.00690	0.00508	0.00636	0.00735	0.00794	0.00466	0.00495	0.00790	0.01099	0.01432	0.03495	0.61911	0.16808	0.06292	0.00834	0.00240	0.00332	0.01479	0.00512	0.00454
12	0.01167	0.01000	0.01167	0.00834	0.01334	0.00750	0.00667	0.01417	0.01167	0.01834	0.01000	0.01167	0.00834	0.00417	0.00417	0.00083	0.00417	0.00333	0.00333	0.83663
13	0.01704	0.01030	0.01251	0.00935	0.01395	0.00868	0.00757	0.09261	0.01462	0.27091	0.01502	0.03667	0.01115	0.00574	0.00490	0.00126	0.00455	0.00464	0.00483	0.45369
14	0.08448	0.02559	0.01535	0.01395	0.01689	0.72035	0.01050	0.02201	0.01546	0.01466	0.00863	0.01007	0.00716	0.00575	0.00495	0.00147	0.00970	0.00358	0.00294	0.00649
15	0.01202	0.00807	0.00936	0.00855	0.01019	0.00832	0.00620	0.13404	0.07944	0.07681	0.09432	0.13220	0.03842	0.30337	0.01458	0.00324	0.00481	0.04532	0.00489	0.00584
16	0.03333	0.14069	0.29977	0.01835	0.19925	0.01392	0.02874	0.01606	0.01132	0.01634	0.00991	0.01289	0.00816	0.00849	0.04968	0.06176	0.05688	0.00441	0.00256	0.00749
17	0.01210	0.01200	0.01683	0.01449	0.01454	0.01673	0.01205	0.01337	0.00864	0.01352	0.00777	0.01280	0.00772	0.01145	0.05614	0.00279	0.75349	0.00498	0.00249	0.00610
18	0.01735	0.01340	0.01580	0.01260	0.01624	0.01473	0.06212	0.42792	0.15112	0.04221	0.01718	0.05418	0.03268	0.05816	0.00775	0.00204	0.03458	0.00630	0.00519	0.00844
19	0.00742	0.00545	0.00681	0.00730	0.00822	0.00504	0.00522	0.00896	0.01243	0.01655	0.22691	0.33470	0.16892	0.08961	0.00903	0.00241	0.00340	0.07159	0.00530	0.00474
20	0.01316	0.11189	0.21911	0.05332	0.22508	0.01388	0.01451	0.09782	0.04270	0.01918	0.02993	0.01759	0.08481	0.00657	0.00575	0.00171	0.02633	0.00539	0.00335	0.00795
21	0.01624	0.01065	0.01138	0.00942	0.01244	0.01150	0.00755	0.32488	0.09986	0.06714	0.01702	0.01774	0.01266	0.00678	0.00493	0.00156	0.00444	0.00531	0.35079	0.00770
22	0.01429	0.49039	0.08697	0.01097	0.03900	0.03298	0.01021	0.01774	0.06981	0.05299	0.08407	0.01458	0.01310	0.00723	0.03283	0.00170	0.00614	0.00438	0.00330	0.00734
23	0.07292	0.03122	0.18549	0.01155	0.03926	0.01052	0.01073	0.09076	0.03016	0.26824	0.06852	0.02084	0.05766	0.06856	0.00729	0.00203	0.00558	0.00588	0.00487	0.00792

[dist]
# distance from previous block
# <min> <max>
0	2

[block]
# block no. 4 follows, 42 sequences, length 44
# corresponding to MSA columns:
# 264-307
name=unknown_E
#
# <colnr> <probs for GDERKNQSTAVLIFYWHMCP>
#	G	D	E	R	K	N	Q	S	T	A	V	L	I	F	Y	W	H	M	C	P
0	0.01812	0.01289	0.01434	0.01139	0.01537	0.01353	0.00925	0.44140	0.07697	0.09233	0.03190	0.07435	0.01402	0.00767	0.00565	0.00167	0.00535	0.02898	0.00541	0.11940
1	0.05171	0.01046	0.01323	0.01035	0.01457	0.00986	0.00849	0.09703	0.08857	0.60204	0.02094	0.01844	0.01356	0.00695	0.00559	0.00175	0.00488	0.00558	0.00660	0.00939
2	0.01356	0.01168	0.01233	0.01112	0.01420	0.01341	0.00864	0.02857	0.70868	0.02323	0.04767	0.02277	0.04308	0.00798	0.00579	0.00190	0.00434	0.00667	0.00572	0.00866
3	0.00684	0.00497	0.00646	0.00765	0.00811	0.00459	0.00514	0.00786	0.01095	0.01444	0.03322	0.73537	0.09898	0.01734	0.00714	0.00225	0.00323	0.01565	0.00522	0.00459
4	0.00973	0.00614	0.00800	0.00735	0.00900	0.00558	0.00557	0.01222	0.01564	0.10254	0.62655	0.06236	0.08488	0.01134	0.00655	0.00179	0.00291	0.00995	0.00620	0.00572
5	0.00757	0.00574	0.00698	0.00667	0.00817	0.00514	0.00500	0.00986	0.01501	0.02038	0.55386	0.04564	0.26476	0.01232	0.00664	0.00181	0.00271	0.01068	0.00591	0.00514
6	0.00806	0.00545	0.00613	0.00617	0.00628	0.00539	0.00352	0.00817	0.00851	0.01125	0.02022	0.06446	0.05945	0.73403	0.02676	0.00516	0.00524	0.00865	0.00357	0.00352
7	0.01129	0.02911	0.77306	0.01604	0.02436	0.01307	0.02079	0.01782	0.01188	0.01782	0.01010	0.01188	0.00713	0.00535	0.00535	0.00178	0.00832	0.00416	0.00238	0.00832
8	0.01063	0.01000	0.01688	0.78870	0.03876	0.01250	0.01563	0.01438	0.01125	0.01438	0.01000	0.01500	0.00750	0.00563	0.00563	0.00188	0.00750	0.00500	0.00250	0.00625
9	0.01063	0.01000	0.01688	0.78870	0.03876	0.01250	0.01563	0.01438	0.01125	0.01438	0.01000	0.01500	0.00750	0.00563	0.00563	0.00188	0.00750	0.00500	0.00250	0.00625
10	0.00832	0.00645	0.00959	0.00942	0.01036	0.00771	0.00738	0.01028	0.00902	0.01310	0.01456	0.02146	0.01363	0.04006	0.72944	0.00861	0.06658	0.00596	0.00298	0.00510
11	0.01870	0.03521	0.08292	0.01119	0.01515	0.01150	0.00989	0.16730	0.07846	0.31751	0.09477	0.02059	0.01676	0.00837	0.02258	0.00195	0.04601	0.02702	0.00560	0.00850
12	0.07344	0.01203	0.01396	0.01142	0.01454	0.05681	0.05277	0.21244	0.05977	0.12107	0.06240	0.01912	0.02848	0.05932	0.09593	0.00281	0.05747	0.00577	0.00465	0.03580
13	0.05992	0.00600	0.00769	0.00821	0.00922	0.00580	0.02897	0.00971	0.04027	0.01594	0.06114	0.58659	0.10870	0.01545	0.00680	0.00216	0.00351	0.01385	0.00510	0.00498
14	0.18493	0.18720	0.34850	0.01328	0.05919	0.01447	0.01399	0.01745	0.01149	0.04420	0.00958	0.01106	0.00733	0.00518	0.00455	0.00159	0.00657	0.00374	0.00284	0.05284
15	0.09829	0.23372	0.01894	0.01236	0.01598	0.43040	0.01006	0.08883	0.01511	0.01678	0.00883	0.01007	0.00735	0.00557	0.00458	0.00143	0.00811	0.00354	0.00308	0.00696
16	0.01222	0.01050	0.01492	0.03076	0.01434	0.01330	0.03640	0.04086	0.01032	0.06226	0.01265	0.10219	0.01245	0.03903	0.10333	0.00316	0.44838	0.00647	0.00330	0.02316
17	0.01081	0.00817	0.01004	0.00941	0.03696	0.00845	0.00696	0.04503	0.07165	0.06574	0.18523	0.03277	0.21004	0.07057	0.03713	0.00236	0.09712	0.00816	0.02913	0.05427
18	0.01349	0.01054	0.01197	0.00960	0.01366	0.00993	0.00759	0.02109	0.29671	0.08282	0.05484	0.01742	0.01448	0.00610	0.00501	0.00137	0.00425	0.00504	0.00470	0.40939
19	0.03668	0.13486	0.58515	0.01577	0.03843	0.01441	0.06442	0.01765	0.01186	0.01743	0.00981	0.01166	0.00724	0.00522	0.00514	0.00171	0.00792	0.00414	0.00245	0.00807
20	0.01034	0.00990	0.01778	0.01448	0.03454	0.00929	0.27389	0.01304	0.01204	0.01675	0.06821	0.28797	0.02165	0.02823	0.00750	0.00198	0.04068	0.00959	0.00395	0.11817
21	0.00688	0.00564	0.00596	0.00609	0.00769	0.00484	0.00446	0.00825	0.01249	0.01520	0.08105	0.11881	0.60611	0.06406	0.00811	0.00217	0.00310	0.02926	0.00515	0.00468
22	0.00797	0.00614	0.00733	0.00696	0.00857	0.00570	0.00524	0.01111	0.06168	0.02053	0.51640	0.04416	0.25324	0.01204	0.00658	0.00182	0.00282	0.01042	0.00589	0.00538
23	0.76833	0.01169	0.00901	0.00795	0.01147	0.03830	0.00651	0.05817	0.01074	0.02545	0.00819	0.00942	0.00633	0.00533	0.00366	0.00173	0.00465	0.00318	0.00358	0.00631
24	0.02038	0.01509	0.01661	0.06161	0.01850	0.01678	0.01084	0.68091	0.02495	0.03340	0.01318	0.01371	0.00945	0.00705	0.00610	0.02563	0.00624	0.00506	0.00534	0.00916
25	0.01400	0.01209	0.01273	0.01145	0.01463	0.01400	0.00891	0.02990	0.75695	0.02354	0.02291	0.02100	0.01718	0.00764	0.00573	0.00191	0.00445	0.00636	0.00573	0.00891
26	0.01554	0.61282	0.08252	0.01080	0.01552	0.13705	0.01057	0.01766	0.01225	0.01385	0.02299	0.01006	0.00812	0.00514	0.00402	0.00130	0.00676	0.00333	0.00255	0.00716
27	0.01435	0.01404	0.04956	0.03031	0.57621	0.02672	0.11052	0.01787	0.01307	0.05703	0.01169	0.01538	0.00958	0.00535	0.00575	0.00173	0.00703	0.02213	0.00305	0.00863
28	0.01288	0.01439	0.02947	0.04460	0.02712	0.03407	0.61635	0.01710	0.01297	0.01739	0.01280	0.06536	0.01079	0.00603	0.00703	0.00194	0.03571	0.02373	0.00303	0.00723
29	0.01177	0.01034	0.01307	0.00934	0.01438	0.00794	0.05491	0.01442	0.01177	0.01832	0.01009	0.01190	0.00835	0.00421	0.00433	0.00090	0.00451	0.00355	0.00330	0.78258
30	0.00775	0.00628	0.00712	0.00826	0.00874	0.05335	0.00558	0.00876	0.01110	0.01433	0.02961	0.74893	0.03533	0.01689	0.00705	0.00223	0.00370	0.01522	0.00508	0.00469
31	0.00686	0.00490	0.00653	0.00784	0.00816	0.00457	0.00522	0.00784	0.01077	0.01437	0.03102	0.79855	0.03722	0.01763	0.00718	0.00229	0.00326	0.01600	0.00522	0.00457
32	0.01139	0.05099	0.75212	0.01586	0.02408	0.01333	0.02048	0.01779	0.01187	0.01769	0.01004	0.01180	0.00713	0.00533	0.00530	0.00177	0.00825	0.00413	0.00238	0.00829
33	0.01400	0.01209	0.01273	0.01145	0.01463	0.01400	0.00891	0.02990	0.75695	0.02354	0.02291	0.02100	0.01718	0.00764	0.00573	0.00191	0.00445	0.00636	0.00573	0.00891
34	0.01217	0.01030	0.01194	0.00857	0.01355	0.00802	0.00688	0.05205	0.01243	0.01922	0.01018	0.01176	0.00840	0.00430	0.00424	0.00088	0.00427	0.00342	0.00345	0.79396
35	0.84197	0.01088	0.00827	0.00740	0.01088	0.01262	0.00609	0.01654	0.00958	0.02525	0.00784	0.00914	0.00609	0.00522	0.00348	0.00174	0.00435	0.00305	0.00348	0.00609
36	0.01129	0.02911	0.77306	0.01604	0.02436	0.01307	0.02079	0.01782	0.01188	0.01782	0.01010	0.01188	0.00713	0.00535	0.00535	0.00178	0.00832	0.00416	0.00238	0.00832
37	0.00770	0.00574	0.00716	0.00680	0.00825	0.00520	0.00510	0.01011	0.01531	0.02110	0.62290	0.04446	0.19527	0.01205	0.00664	0.00180	0.00269	0.01052	0.00600	0.00520
38	0.00898	0.00677	0.00674	0.00665	0.00683	0.05322	0.00387	0.00907	0.00866	0.01109	0.01717	0.03518	0.01964	0.75309	0.02719	0.00521	0.00575	0.00790	0.00338	0.00360
39	0.01179	0.05194	0.54255	0.01678	0.02398	0.01316	0.17344	0.01754	0.01216	0.01790	0.01080	0.01304	0.00788	0.00527	0.00547	0.00176	0.00813	0.00471	0.05375	0.00793
40	0.05837	0.00531	0.00659	0.00770	0.00830	0.00508	0.00523	0.00839	0.01081	0.01508	0.03093	0.71144	0.07284	0.01669	0.00693	0.00223	0.00331	0.01499	0.00512	0.00467
41	0.01039	0.00969	0.01624	0.74052	0.03687	0.01201	0.01499	0.01397	0.01122	0.01438	0.01130	0.06335	0.00934	0.00637	0.00572	0.00190	0.00724	0.00568	0.00267	0.00615
42	0.01349	0.01285	0.02184	0.03289	0.72029	0.01283	0.01653	0.01669	0.01269	0.01814	0.01185	0.06234	0.01066	0.00579	0.00567	0.00171	0.00647	0.00569	0.00294	0.00865
43	0.00686	0.00490	0.00653	0.00784	0.00816	0.00457	0.00522	0.00784	0.01077	0.01437	0.03102	0.79855	0.03722	0.01763	0.00718	0.00229	0.00326	0.01600	0.00522	0.00457

[dist]
# distance from previous block
# <min> <max>
0	15

[block]
# block no. 5 follows, 42 sequences, length 12
# corresponding to MSA columns:
# 323-334
name=unknown_F
#
# <colnr> <probs for GDERKNQSTAVLIFYWHMCP>
#	G	D	E	R	K	N	Q	S	T	A	V	L	I	F	Y	W	H	M	C	P
0	0.00712	0.00527	0.00705	0.00789	0.00856	0.00520	0.00556	0.00841	0.01058	0.01414	0.03008	0.52208	0.11513	0.02329	0.19715	0.00390	0.00612	0.01307	0.00468	0.00470
1	0.01406	0.01142	0.01295	0.00947	0.01435	0.00995	0.00766	0.19472	0.01531	0.02255	0.01087	0.01212	0.00864	0.00480	0.00453	0.00104	0.00467	0.00376	0.00390	0.63324
2	0.01292	0.01023	0.01264	0.01079	0.01394	0.01066	0.07264	0.04113	0.35862	0.08737	0.05326	0.03019	0.20125	0.00924	0.00609	0.00188	0.00454	0.03238	0.00540	0.02483
3	0.01707	0.01190	0.01327	0.01069	0.01406	0.01274	0.00860	0.41788	0.06858	0.08348	0.19965	0.02243	0.02160	0.03327	0.00655	0.00183	0.00495	0.00655	0.03677	0.00812
4	0.02747	0.00610	0.00748	0.00767	0.00873	0.00582	0.00539	0.01068	0.03523	0.05358	0.10338	0.32286	0.06705	0.20791	0.01209	0.00290	0.00405	0.06734	0.00486	0.03942
5	0.01493	0.00949	0.01126	0.00888	0.01265	0.00849	0.00714	0.07827	0.04521	0.21623	0.02549	0.02465	0.19627	0.00795	0.00589	0.00151	0.03366	0.00637	0.00501	0.28065
6	0.00805	0.00599	0.00883	0.00883	0.00977	0.00692	0.00677	0.00991	0.00898	0.01291	0.01527	0.02317	0.01453	0.09725	0.72552	0.00878	0.01438	0.00619	0.00304	0.00491
7	0.01652	0.61409	0.02616	0.01083	0.01517	0.20851	0.00994	0.01823	0.01254	0.01337	0.00804	0.00930	0.00723	0.00506	0.00397	0.00126	0.00703	0.00316	0.00253	0.00705
8	0.00818	0.00546	0.00614	0.00614	0.00614	0.00546	0.00341	0.00818	0.00818	0.01091	0.01773	0.03683	0.02046	0.80222	0.02864	0.00546	0.00546	0.00818	0.00341	0.00341
9	0.02111	0.02410	0.01618	0.01412	0.01741	0.59220	0.01083	0.20098	0.01853	0.01911	0.00988	0.01098	0.00782	0.00603	0.00521	0.00151	0.00918	0.00398	0.00357	0.00727
10	0.00672	0.00570	0.00579	0.00577	0.00764	0.00478	0.00433	0.00821	0.01299	0.01558	0.09345	0.05353	0.72815	0.01411	0.00665	0.00189	0.00284	0.01179	0.00528	0.00478
11	0.01186	0.01057	0.01429	0.01243	0.01275	0.01429	0.01025	0.01344	0.00940	0.01537	0.01009	0.01444	0.00912	0.00904	0.01489	0.00218	0.59782	0.00500	0.20682	0.00593

[dist]
# distance from previous block
# <min> <max>
0	22

[block]
# block no. 6 follows, 42 sequences, length 77
# corresponding to MSA columns:
# 357-433
name=unknown_G
#
# <colnr> <probs for GDERKNQSTAVLIFYWHMCP>
#	G	D	E	R	K	N	Q	S	T	A	V	L	I	F	Y	W	H	M	C	P
0	0.00699	0.00588	0.00609	0.00607	0.00794	0.00506	0.00459	0.00887	0.03039	0.01598	0.10698	0.05276	0.67513	0.01393	0.00666	0.00191	0.00294	0.03163	0.00531	0.00490
1	0.00907	0.00648	0.00907	0.01036	0.01166	0.00648	0.00907	0.01166	0.01296	0.01684	0.02980	0.06348	0.03239	0.01555	0.00777	0.00259	0.00518	0.72924	0.00518	0.00518
2	0.01505	0.80561	0.02949	0.00963	0.01444	0.02227	0.00963	0.01685	0.01143	0.01324	0.00782	0.00903	0.00722	0.00481	0.00361	0.00120	0.00602	0.00301	0.00241	0.00722
3	0.00818	0.00546	0.00614	0.00614	0.00614	0.00546	0.00341	0.00818	0.00818	0.01091	0.01773	0.03683	0.02046	0.80222	0.02864	0.00546	0.00546	0.00818	0.00341	0.00341
4	0.01352	0.01545	0.03238	0.02382	0.05350	0.03576	0.70181	0.01813	0.01334	0.01792	0.01128	0.01500	0.00852	0.00478	0.00656	0.00188	0.00941	0.00650	0.00285	0.00760
5	0.01167	0.01000	0.01167	0.00834	0.01334	0.00750	0.00667	0.01417	0.01167	0.01834	0.01000	0.01167	0.00834	0.00417	0.00417	0.00083	0.00417	0.00333	0.00333	0.83663
6	0.84197	0.01088	0.00827	0.00740	0.01088	0.01262	0.00609	0.01654	0.00958	0.02525	0.00784	0.00914	0.00609	0.00522	0.00348	0.00174	0.00435	0.00305	0.00348	0.00609
7	0.01146	0.06503	0.73866	0.01574	0.02390	0.01350	0.02028	0.01778	0.01186	0.01761	0.00999	0.01175	0.00713	0.00532	0.00527	0.00176	0.00821	0.00411	0.00238	0.00827
8	0.00812	0.00571	0.00744	0.00744	0.00789	0.00616	0.00503	0.00902	0.00857	0.01188	0.01654	0.03023	0.01759	0.46151	0.36544	0.00706	0.00977	0.00722	0.00323	0.00413
9	0.00686	0.00490	0.00653	0.00784	0.00816	0.00457	0.00522	0.00784	0.01077	0.01437	0.03102	0.79855	0.03722	0.01763	0.00718	0.00229	0.00326	0.01600	0.00522	0.00457
10	0.02102	0.02682	0.01595	0.01450	0.01740	0.77963	0.01087	0.02247	0.01595	0.01377	0.00870	0.01015	0.00725	0.00580	0.00507	0.00145	0.01015	0.00362	0.00290	0.00652
11	0.00837	0.00585	0.00761	0.00712	0.00854	0.00537	0.00536	0.01098	0.01585	0.04125	0.72706	0.04178	0.07062	0.01146	0.00661	0.00177	0.00271	0.01011	0.00619	0.00540
12	0.01393	0.01337	0.02284	0.03454	0.76712	0.01337	0.01727	0.01727	0.01281	0.01839	0.01059	0.01393	0.00891	0.00501	0.00557	0.00167	0.00669	0.00501	0.00279	0.00891
13	0.01129	0.02911	0.77306	0.01604	0.02436	0.01307	0.02079	0.01782	0.01188	0.01782	0.01010	0.01188	0.00713	0.00535	0.00535	0.00178	0.00832	0.00416	0.00238	0.00832
14	0.00796	0.00575	0.00752	0.00708	0.00841	0.00531	0.00531	0.01062	0.01593	0.02257	0.76415	0.04204	0.05310	0.01150	0.00664	0.00177	0.00265	0.01018	0.00619	0.00531
15	0.01231	0.01231	0.01724	0.01477	0.01477	0.01724	0.01231	0.01354	0.00862	0.01354	0.00739	0.01231	0.00739	0.00985	0.01847	0.00246	0.79192	0.00492	0.00246	0.00616
16	0.00804	0.00603	0.00904	0.00904	0.01005	0.00703	0.00703	0.01005	0.00904	0.01306	0.01507	0.02211	0.01407	0.04221	0.77992	0.00904	0.01507	0.00603	0.00301	0.00502
17	0.02102	0.02682	0.01595	0.01450	0.01740	0.77963	0.01087	0.02247	0.01595	0.01377	0.00870	0.01015	0.00725	0.00580	0.00507	0.00145	0.01015	0.00362	0.00290	0.00652
18	0.01328	0.01518	0.03321	0.02372	0.02941	0.01423	0.74668	0.01803	0.01328	0.01803	0.01139	0.01518	0.00854	0.00474	0.00664	0.00190	0.00949	0.00664	0.00285	0.00759
19	0.01231	0.01231	0.01724	0.01477	0.01477	0.01724	0.01231	0.01354	0.00862	0.01354	0.00739	0.01231	0.00739	0.00985	0.01847	0.00246	0.79192	0.00492	0.00246	0.00616
20	0.84197	0.01088	0.00827	0.00740	0.01088	0.01262	0.00609	0.01654	0.00958	0.02525	0.00784	0.00914	0.00609	0.00522	0.00348	0.00174	0.00435	0.00305	0.00348	0.00609
21	0.00686	0.00490	0.00653	0.00784	0.00816	0.00457	0.00522	0.00784	0.01077	0.01437	0.03102	0.79855	0.03722	0.01763	0.00718	0.00229	0.00326	0.01600	0.00522	0.00457
22	0.00686	0.00490	0.00653	0.00784	0.00816	0.00457	0.00522	0.00784	0.01077	0.01437	0.03102	0.79855	0.03722	0.01763	0.00718	0.00229	0.00326	0.01600	0.00522	0.00457
23	0.00686	0.00490	0.00653	0.00784	0.00816	0.00457	0.00522	0.00784	0.01077	0.01437	0.03102	0.79855	0.03722	0.01763	0.00718	0.00229	0.00326	0.01600	0.00522	0.00457
24	0.00686	0.00490	0.00653	0.00784	0.00816	0.00457	0.00522	0.00784	0.01077	0.01437	0.03102	0.79855	0.03722	0.01763	0.00718	0.00229	0.00326	0.01600	0.00522	0.00457
25	0.01129	0.02911	0.77306	0.01604	0.02436	0.01307	0.02079	0.01782	0.01188	0.01782	0.01010	0.01188	0.00713	0.00535	0.00535	0.00178	0.00832	0.00416	0.00238	0.00832
26	0.84197	0.01088	0.00827	0.00740	0.01088	0.01262	0.00609	0.01654	0.00958	0.02525	0.00784	0.00914	0.00609	0.00522	0.00348	0.00174	0.00435	0.00305	0.00348	0.00609
27	0.01312	0.01484	0.03197	0.06297	0.02953	0.01422	0.69060	0.01773	0.01306	0.01773	0.01121	0.01510	0.00846	0.00492	0.00688	0.00191	0.02895	0.00651	0.00282	0.00749
28	0.84197	0.01088	0.00827	0.00740	0.01088	0.01262	0.00609	0.01654	0.00958	0.02525	0.00784	0.00914	0.00609	0.00522	0.00348	0.00174	0.00435	0.00305	0.00348	0.00609
29	0.00665	0.00570	0.00570	0.00570	0.00760	0.00475	0.00428	0.00808	0.01283	0.01520	0.05701	0.05416	0.76483	0.01425	0.00665	0.00190	0.00285	0.01188	0.00523	0.00475
30	0.00804	0.00603	0.00904	0.00904	0.01005	0.00703	0.00703	0.01005	0.00904	0.01306	0.01507	0.02211	0.01407	0.04221	0.77992	0.00904	0.01507	0.00603	0.00301	0.00502
