[name]
unknown

[dist]
# distance from previous block
# <min> <max>
1	33

[block]
# block no. 0 follows, 49 sequences, length 23
# corresponding to MSA columns:
# 41-63
name=unknown_A
#
# <colnr> <probs for GDERKNQSTAVLIFYWHMCP>
#	G	D	E	R	K	N	Q	S	T	A	V	L	I	F	Y	W	H	M	C	P
0	0.01154	0.15478	0.10802	0.07559	0.01601	0.02147	0.05160	0.06851	0.03250	0.01618	0.01010	0.03928	0.00862	0.02819	0.00488	0.00129	0.00520	0.00403	0.00292	0.33927
1	0.04098	0.06250	0.13728	0.01020	0.01464	0.10742	0.00938	0.16015	0.03389	0.05386	0.03237	0.01175	0.00887	0.00498	0.00437	0.00123	0.00544	0.00376	0.00344	0.29350
2	0.01673	0.01546	0.07828	0.01144	0.01550	0.11267	0.00980	0.44914	0.10753	0.02523	0.01198	0.01224	0.00883	0.00570	0.00484	0.00144	0.00579	0.00429	0.00430	0.09882
3	0.01331	0.12367	0.07735	0.00968	0.01373	0.03889	0.00851	0.06503	0.26368	0.07811	0.01351	0.01349	0.01028	0.00531	0.00443	0.00131	0.00470	0.00417	0.00388	0.24696
4	0.10650	0.05693	0.01171	0.00816	0.01234	0.03205	0.00665	0.09557	0.03840	0.01860	0.00936	0.01052	0.00757	0.00428	0.00386	0.00099	0.00422	0.00322	0.00325	0.56580
5	0.09408	0.16816	0.07379	0.00997	0.01421	0.07152	0.00892	0.25764	0.01505	0.06752	0.01002	0.01067	0.00762	0.00502	0.00423	0.00129	0.00536	0.00361	0.00361	0.16772
6	0.01644	0.01273	0.01362	0.01094	0.01460	0.01410	0.00885	0.47346	0.28352	0.02730	0.01486	0.01436	0.01089	0.00621	0.00501	0.00154	0.00492	0.00486	0.00497	0.05682
7	0.01161	0.03362	0.01133	0.00828	0.01225	0.00879	0.00661	0.09623	0.11933	0.01834	0.01152	0.02929	0.00960	0.03293	0.00488	0.00115	0.00405	0.00392	0.00353	0.57273
8	0.09273	0.03951	0.11917	0.01046	0.01450	0.01263	0.00940	0.20130	0.30378	0.03403	0.01404	0.01388	0.01045	0.00576	0.00468	0.00151	0.00486	0.00449	0.00422	0.09859
9	0.08812	0.01380	0.01454	0.01123	0.01520	0.01533	0.00927	0.71154	0.02253	0.03111	0.01172	0.01182	0.00834	0.00596	0.00490	0.00152	0.00543	0.00440	0.00490	0.00834
10	0.08373	0.00768	0.00930	0.00757	0.01063	0.00686	0.00605	0.01673	0.03893	0.32553	0.17328	0.02384	0.12389	0.00746	0.00501	0.00147	0.00356	0.00615	0.00511	0.13721
11	0.64766	0.07733	0.01019	0.00757	0.01095	0.01252	0.00636	0.11854	0.01100	0.04779	0.00815	0.00903	0.00621	0.00490	0.00346	0.00152	0.00427	0.00306	0.00341	0.00609
12	0.00944	0.00541	0.00636	0.00599	0.00652	0.00525	0.00366	0.00971	0.00832	0.11661	0.01648	0.03093	0.01759	0.71119	0.02293	0.00445	0.00482	0.00704	0.00350	0.00382
13	0.01651	0.08530	0.06034	0.12080	0.01829	0.38461	0.01063	0.18842	0.01523	0.01714	0.00899	0.01044	0.00703	0.00525	0.00462	0.00139	0.00744	0.00369	0.00306	0.03081
14	0.01382	0.01148	0.01213	0.01054	0.01362	0.01316	0.00830	0.16612	0.64034	0.02315	0.01901	0.01761	0.01416	0.00671	0.00513	0.00168	0.00429	0.00550	0.00513	0.00811
15	0.01339	0.71444	0.02445	0.00888	0.01300	0.01900	0.00856	0.01674	0.11529	0.01316	0.00888	0.00958	0.00771	0.00467	0.00350	0.00117	0.00522	0.00311	0.00257	0.00670
16	0.01096	0.01391	0.12965	0.26319	0.02840	0.01217	0.43634	0.01516	0.01120	0.01516	0.00969	0.01319	0.00721	0.00458	0.00553	0.00168	0.00783	0.00521	0.00240	0.00654
17	0.00682	0.00535	0.00713	0.00778	0.00811	0.00567	0.00551	0.00775	0.00953	0.01285	0.02635	0.66369	0.07421	0.01471	0.00781	0.00205	0.11321	0.01280	0.00436	0.00431
18	0.01049	0.00899	0.01049	0.00749	0.01198	0.00674	0.00599	0.01273	0.01049	0.01648	0.00899	0.01049	0.00749	0.00374	0.00374	0.00075	0.00374	0.00300	0.00300	0.85320
19	0.00992	0.00873	0.01085	0.00929	0.01103	0.00967	0.00726	0.01299	0.11415	0.01441	0.01417	0.09137	0.04204	0.11422	0.02211	0.00213	0.25500	0.00576	0.00327	0.24162
20	0.01648	0.07239	0.01484	0.01169	0.01483	0.29713	0.03149	0.24192	0.16301	0.01990	0.01269	0.05836	0.01041	0.00630	0.00488	0.00148	0.00647	0.00479	0.00390	0.00705
21	0.01502	0.04128	0.01381	0.02373	0.01451	0.13420	0.00912	0.21043	0.35397	0.02109	0.01439	0.01441	0.01098	0.00651	0.00620	0.00163	0.09217	0.00479	0.00428	0.00747
22	0.01484	0.03597	0.01520	0.06349	0.01634	0.03684	0.05331	0.30308	0.25389	0.02262	0.01342	0.01405	0.01015	0.00645	0.00664	0.00168	0.11536	0.00488	0.00422	0.00756

[dist]
# distance from previous block
# <min> <max>
6	24

[block]
# block no. 1 follows, 49 sequences, length 14
# corresponding to MSA columns:
# 88-101
name=unknown_B
#
# <colnr> <probs for GDERKNQSTAVLIFYWHMCP>
#	G	D	E	R	K	N	Q	S	T	A	V	L	I	F	Y	W	H	M	C	P
0	0.01024	0.02544	0.75223	0.01481	0.02215	0.01180	0.06183	0.01602	0.01075	0.01602	0.00914	0.01085	0.00648	0.00477	0.00487	0.00161	0.00753	0.00386	0.00216	0.00744
1	0.02137	0.00833	0.01121	0.00869	0.01243	0.00718	0.00715	0.02327	0.01424	0.73276	0.02241	0.01969	0.07365	0.00677	0.00516	0.00158	0.00417	0.00553	0.00614	0.00826
2	0.01707	0.04485	0.15544	0.01014	0.01456	0.01005	0.00962	0.16724	0.01511	0.34451	0.08097	0.01590	0.01302	0.00603	0.00493	0.00148	0.00496	0.00482	0.00479	0.07451
3	0.00753	0.00778	0.10507	0.00736	0.00934	0.00564	0.00650	0.01035	0.01386	0.01975	0.69105	0.03440	0.04257	0.00965	0.00582	0.00159	0.00302	0.00847	0.00514	0.00511
4	0.01352	0.82533	0.02650	0.00865	0.01298	0.02001	0.00865	0.01514	0.01027	0.01190	0.00703	0.00811	0.00649	0.00433	0.00324	0.00108	0.00541	0.00270	0.00216	0.00649
5	0.01015	0.00881	0.01115	0.16499	0.01623	0.00785	0.00762	0.01337	0.06457	0.01587	0.01109	0.06689	0.00967	0.00505	0.00429	0.00109	0.00429	0.00426	0.00312	0.56964
6	0.01368	0.20231	0.08978	0.04374	0.01672	0.19261	0.09619	0.01610	0.02432	0.03820	0.02128	0.01107	0.00769	0.00587	0.00737	0.00158	0.19866	0.00400	0.00256	0.00628
7	0.00715	0.00528	0.00608	0.00606	0.00759	0.00463	0.00462	0.00876	0.01212	0.04921	0.20916	0.11163	0.46609	0.01233	0.00606	0.00175	0.00280	0.06917	0.00495	0.00459
8	0.00633	0.00489	0.00559	0.00588	0.00692	0.00436	0.00412	0.00749	0.01086	0.01382	0.13141	0.27035	0.38982	0.10480	0.00835	0.00215	0.00291	0.01119	0.00462	0.00415
9	0.00932	0.00844	0.01281	0.42206	0.02343	0.00888	0.04007	0.01216	0.01084	0.01479	0.09516	0.01832	0.07840	0.00592	0.00494	0.00144	0.00523	0.00520	0.00301	0.21959
10	0.01317	0.74181	0.10693	0.00925	0.01391	0.01914	0.00970	0.01523	0.01032	0.01233	0.00724	0.00838	0.00648	0.00438	0.00341	0.00114	0.00562	0.00281	0.00216	0.00659
11	0.01155	0.39366	0.41105	0.01147	0.01722	0.01526	0.01352	0.01527	0.01045	0.01400	0.00885	0.04053	0.00748	0.00501	0.00415	0.00138	0.00635	0.00367	0.00225	0.00689
12	0.01111	0.25131	0.10859	0.00896	0.01328	0.03086	0.02331	0.01356	0.01079	0.01504	0.06305	0.05499	0.01120	0.00519	0.00409	0.00111	0.00477	0.00410	0.00290	0.36181
13	0.17721	0.19266	0.27492	0.00970	0.01417	0.01176	0.01049	0.01421	0.01039	0.04984	0.01515	0.07559	0.09559	0.00665	0.00445	0.00154	0.00524	0.02116	0.00305	0.00625

[dist]
# distance from previous block
# <min> <max>
2	11

[block]
# block no. 2 follows, 49 sequences, length 14
# corresponding to MSA columns:
# 113-126
name=unknown_C
#
# <colnr> <probs for GDERKNQSTAVLIFYWHMCP>
#	G	D	E	R	K	N	Q	S	T	A	V	L	I	F	Y	W	H	M	C	P
0	0.01057	0.12653	0.69943	0.01369	0.02077	0.01278	0.01742	0.01590	0.01063	0.01550	0.00882	0.01035	0.00642	0.00474	0.00461	0.00154	0.00721	0.00361	0.00214	0.00735
1	0.01050	0.14372	0.64408	0.01317	0.01988	0.01264	0.01653	0.01557	0.01079	0.01561	0.04611	0.01159	0.00840	0.00500	0.00463	0.00152	0.00692	0.00384	0.00230	0.00720
2	0.04856	0.10080	0.55858	0.01255	0.01891	0.01209	0.01519	0.05173	0.01127	0.01684	0.03361	0.01123	0.00788	0.00490	0.00454	0.00147	0.00655	0.00374	0.00250	0.07706
3	0.01144	0.33378	0.49985	0.01220	0.01846	0.01493	0.01482	0.01568	0.01052	0.01443	0.00829	0.00969	0.00644	0.00462	0.00420	0.00140	0.00668	0.00334	0.00215	0.00709
4	0.85801	0.00978	0.00743	0.00665	0.00978	0.01134	0.00548	0.01486	0.00861	0.02269	0.00704	0.00821	0.00548	0.00469	0.00313	0.00156	0.00391	0.00274	0.00313	0.00548
5	0.01014	0.02616	0.79609	0.01441	0.02189	0.01174	0.01868	0.01601	0.01068	0.01601	0.00907	0.01068	0.00641	0.00480	0.00480	0.00160	0.00747	0.00374	0.00214	0.00747
6	0.01352	0.82533	0.02650	0.00865	0.01298	0.02001	0.00865	0.01514	0.01027	0.01190	0.00703	0.00811	0.00649	0.00433	0.00324	0.00108	0.00541	0.00270	0.00216	0.00649
7	0.00616	0.00440	0.00587	0.00704	0.00733	0.00411	0.00469	0.00704	0.00968	0.01291	0.02787	0.81899	0.03344	0.01584	0.00645	0.00205	0.00293	0.01438	0.00469	0.00411
8	0.00721	0.00502	0.00637	0.00647	0.00678	0.00529	0.00423	0.00786	0.00779	0.01067	0.01616	0.09376	0.01781	0.50685	0.27053	0.00569	0.00748	0.00732	0.00309	0.00361
9	0.01700	0.04926	0.07899	0.01260	0.01568	0.60898	0.01024	0.01915	0.03802	0.01317	0.00833	0.00968	0.00685	0.00525	0.00497	0.00134	0.03914	0.00339	0.00264	0.05533
10	0.08295	0.69398	0.08659	0.00895	0.01343	0.01863	0.00919	0.01519	0.01017	0.01312	0.00719	0.00833	0.00640	0.00439	0.00336	0.00116	0.00545	0.00279	0.00224	0.00648
11	0.01824	0.07334	0.01494	0.01262	0.01534	0.71429	0.00961	0.02021	0.05199	0.01278	0.00840	0.00954	0.00695	0.00524	0.00451	0.00131	0.00864	0.00334	0.00270	0.00601
12	0.00729	0.00516	0.00683	0.00683	0.00728	0.00561	0.00470	0.00819	0.00774	0.01078	0.01473	0.02645	0.01550	0.42868	0.41541	0.00652	0.00924	0.00638	0.00289	0.00379
13	0.00734	0.00534	0.00719	0.00814	0.00889	0.00531	0.00642	0.00890	0.01052	0.01381	0.02700	0.33560	0.06318	0.06863	0.00826	0.00237	0.02554	0.37870	0.00450	0.00435

[dist]
# distance from previous block
# <min> <max>
1	2

[block]
# block no. 3 follows, 49 sequences, length 44
# corresponding to MSA columns:
# 129-172
name=unknown_D
#
# <colnr> <probs for GDERKNQSTAVLIFYWHMCP>
#	G	D	E	R	K	N	Q	S	T	A	V	L	I	F	Y	W	H	M	C	P
0	0.01352	0.82533	0.02650	0.00865	0.01298	0.02001	0.00865	0.01514	0.01027	0.01190	0.00703	0.00811	0.00649	0.00433	0.00324	0.00108	0.00541	0.00270	0.00216	0.00649
1	0.00722	0.00542	0.00813	0.00813	0.00903	0.00632	0.00632	0.00903	0.00813	0.01174	0.01354	0.01987	0.01264	0.03792	0.80225	0.00813	0.01354	0.00542	0.00271	0.00451
2	0.01020	0.01176	0.09178	0.53831	0.03152	0.01167	0.20434	0.01403	0.01062	0.01403	0.00931	0.01326	0.00694	0.00483	0.00526	0.00168	0.00726	0.00479	0.00231	0.00609
3	0.02883	0.00965	0.01563	0.46894	0.11438	0.01072	0.06373	0.01510	0.04953	0.08146	0.02532	0.01410	0.00868	0.00513	0.00500	0.00158	0.00607	0.00465	0.00292	0.06857
4	0.00790	0.00585	0.00837	0.08368	0.01215	0.00600	0.00804	0.01005	0.01113	0.01450	0.02532	0.19754	0.02784	0.01349	0.00670	0.00222	0.00452	0.54560	0.00444	0.00464
5	0.20820	0.44896	0.14807	0.00963	0.01413	0.05395	0.02685	0.01549	0.01019	0.01519	0.00748	0.00873	0.00627	0.00453	0.00360	0.00130	0.00565	0.00298	0.00241	0.00639
6	0.05614	0.04487	0.64712	0.01355	0.02028	0.01200	0.02754	0.03378	0.05184	0.03293	0.00983	0.01112	0.00703	0.00495	0.00472	0.00159	0.00695	0.00384	0.00251	0.00741
7	0.01385	0.01295	0.02091	0.01603	0.01910	0.08739	0.34113	0.01650	0.01127	0.13027	0.01069	0.01383	0.00840	0.00623	0.00894	0.00181	0.25105	0.02005	0.00305	0.00656
8	0.01352	0.82533	0.02650	0.00865	0.01298	0.02001	0.00865	0.01514	0.01027	0.01190	0.00703	0.00811	0.00649	0.00433	0.00324	0.00108	0.00541	0.00270	0.00216	0.00649
9	0.01185	0.01326	0.02711	0.11357	0.02670	0.03235	0.63862	0.01627	0.03738	0.01588	0.01037	0.01368	0.00779	0.00447	0.00580	0.00169	0.00818	0.00572	0.00261	0.00669
10	0.00724	0.00537	0.00787	0.00787	0.00869	0.00618	0.00600	0.00887	0.00805	0.01155	0.01378	0.02115	0.01320	0.11408	0.72685	0.00781	0.01271	0.00561	0.00274	0.00437
11	0.01014	0.02616	0.79609	0.01441	0.02189	0.01174	0.01868	0.01601	0.01068	0.01601	0.00907	0.01068	0.00641	0.00480	0.00480	0.00160	0.00747	0.00374	0.00214	0.00747
12	0.04804	0.01255	0.01426	0.02349	0.01517	0.01344	0.03420	0.53713	0.04060	0.09551	0.05145	0.01387	0.01084	0.00605	0.00499	0.00149	0.00519	0.00474	0.00486	0.06211
13	0.00957	0.04973	0.07904	0.00812	0.01017	0.06191	0.01834	0.01170	0.01234	0.07068	0.33718	0.13980	0.06149	0.07854	0.00734	0.00192	0.00405	0.02838	0.00449	0.00521
14	0.85801	0.00978	0.00743	0.00665	0.00978	0.01134	0.00548	0.01486	0.00861	0.02269	0.00704	0.00821	0.00548	0.00469	0.00313	0.00156	0.00391	0.00274	0.00313	0.00548
15	0.00619	0.00451	0.00585	0.00691	0.00737	0.00417	0.00470	0.00715	0.00992	0.01304	0.03021	0.72059	0.10998	0.01548	0.00642	0.00203	0.00294	0.03370	0.00469	0.00414
16	0.01371	0.79644	0.02606	0.00881	0.01307	0.04821	0.00869	0.01532	0.01042	0.01191	0.00706	0.00815	0.00649	0.00436	0.00329	0.00109	0.00554	0.00272	0.00218	0.00647
17	0.01340	0.72473	0.09644	0.00933	0.01388	0.04613	0.00961	0.01540	0.01045	0.01229	0.00724	0.00838	0.00648	0.00440	0.00343	0.00114	0.00572	0.00282	0.00218	0.00656
18	0.01846	0.05779	0.05493	0.01162	0.01585	0.01571	0.01002	0.69564	0.02240	0.03001	0.01172	0.01185	0.00838	0.00591	0.00495	0.00150	0.00565	0.00441	0.00476	0.00843
19	0.00764	0.00524	0.00688	0.00723	0.00824	0.00493	0.00552	0.00940	0.01189	0.04363	0.28868	0.24251	0.08089	0.06087	0.00748	0.00209	0.00331	0.19404	0.00494	0.00458
20	0.02739	0.07948	0.65108	0.01308	0.01965	0.01165	0.01639	0.01531	0.01095	0.01627	0.08323	0.01303	0.01033	0.00530	0.00477	0.00156	0.00677	0.00416	0.00248	0.00711
21	0.01352	0.82533	0.02650	0.00865	0.01298	0.02001	0.00865	0.01514	0.01027	0.01190	0.00703	0.00811	0.00649	0.00433	0.00324	0.00108	0.00541	0.00270	0.00216	0.00649
22	0.01117	0.11668	0.59207	0.01326	0.01968	0.04744	0.01603	0.01722	0.09033	0.01591	0.00997	0.01116	0.00735	0.00498	0.00465	0.00154	0.00695	0.00380	0.00247	0.00734
23	0.00955	0.00899	0.01517	0.81013	0.03483	0.01123	0.01404	0.01292	0.01011	0.01292	0.00899	0.01348	0.00674	0.00506	0.00506	0.00169	0.00674	0.00449	0.00225	0.00562
24	0.05107	0.71190	0.02448	0.00899	0.01310	0.09543	0.00862	0.01562	0.01059	0.01242	0.00711	0.00821	0.00645	0.00443	0.00337	0.00112	0.00570	0.00276	0.00225	0.00638
25	0.00657	0.00471	0.00604	0.00681	0.00727	0.00437	0.00449	0.00737	0.00934	0.01258	0.02497	0.64972	0.02968	0.14783	0.00949	0.00246	0.00330	0.01266	0.00434	0.04601
26	0.13514	0.62452	0.02225	0.00840	0.01251	0.01747	0.00807	0.01608	0.01047	0.09416	0.00836	0.00907	0.00697	0.00458	0.00342	0.00120	0.00508	0.00295	0.00272	0.00656
27	0.01179	0.01471	0.10319	0.02009	0.02532	0.01268	0.66099	0.01672	0.05040	0.01643	0.01064	0.01361	0.00794	0.00445	0.00581	0.00170	0.00820	0.00574	0.00265	0.00694
28	0.00672	0.00526	0.00566	0.00556	0.00724	0.00449	0.00423	0.00821	0.01201	0.03801	0.15432	0.04646	0.63390	0.01230	0.00598	0.00171	0.00266	0.03593	0.00487	0.00448
29	0.00864	0.00590	0.00811	0.00902	0.01034	0.00579	0.00783	0.01089	0.01176	0.04920	0.02808	0.05474	0.07838	0.01355	0.00683	0.00225	0.00450	0.67463	0.00473	0.00480
30	0.01622	0.05300	0.18313	0.03980	0.04376	0.02002	0.04831	0.01908	0.01251	0.39296	0.01644	0.10575	0.01258	0.00672	0.00512	0.00161	0.00531	0.00571	0.00447	0.00749
31	0.01352	0.82533	0.02650	0.00865	0.01298	0.02001	0.00865	0.01514	0.01027	0.01190	0.00703	0.00811	0.00649	0.00433	0.00324	0.00108	0.00541	0.00270	0.00216	0.00649
32	0.00955	0.00899	0.01517	0.81013	0.03483	0.01123	0.01404	0.01292	0.01011	0.01292	0.00899	0.01348	0.00674	0.00506	0.00506	0.00169	0.00674	0.00449	0.00225	0.00562
33	0.00998	0.00973	0.01590	0.74294	0.03376	0.03762	0.05301	0.01333	0.01035	0.01307	0.00901	0.01334	0.00678	0.00502	0.00509	0.00167	0.00691	0.00453	0.00227	0.00569
34	0.02269	0.00861	0.01174	0.00900	0.01291	0.00743	0.00743	0.02464	0.01447	0.79425	0.01995	0.01721	0.01252	0.00626	0.00509	0.00156	0.00430	0.00509	0.00626	0.00861
35	0.02269	0.00861	0.01174	0.00900	0.01291	0.00743	0.00743	0.02464	0.01447	0.79425	0.01995	0.01721	0.01252	0.00626	0.00509	0.00156	0.00430	0.00509	0.00626	0.00861
36	0.01064	0.14319	0.68338	0.01357	0.02058	0.01295	0.01721	0.01589	0.01062	0.01541	0.00878	0.01030	0.00642	0.00473	0.00458	0.00153	0.00717	0.00359	0.00214	0.00733
37	0.01281	0.00644	0.00849	0.00758	0.00975	0.00575	0.00601	0.01477	0.01335	0.30609	0.26772	0.10478	0.11620	0.00999	0.00579	0.00171	0.00341	0.08775	0.00555	0.00607
38	0.01049	0.07610	0.59987	0.01315	0.01939	0.05112	0.02973	0.01541	0.01128	0.01606	0.09992	0.01365	0.01127	0.00543	0.00485	0.00155	0.00684	0.00432	0.00257	0.00700
39	0.00616	0.00442	0.00584	0.00698	0.00732	0.00411	0.00467	0.00705	0.00974	0.01293	0.02860	0.79478	0.05718	0.01575	0.00644	0.00204	0.00292	0.01426	0.00469	0.00411
40	0.01296	0.68583	0.13415	0.00962	0.01424	0.01870	0.01014	0.01516	0.01025	0.01248	0.00730	0.00857	0.00648	0.00455	0.00391	0.00119	0.03280	0.00291	0.00216	0.00660
41	0.03951	0.01184	0.07812	0.01084	0.02977	0.07589	0.04919	0.02219	0.10316	0.45915	0.05476	0.01668	0.01305	0.00614	0.00506	0.00157	0.00509	0.00507	0.00509	0.00784
42	0.00936	0.00864	0.01442	0.71468	0.04496	0.01061	0.01329	0.01254	0.01019	0.01310	0.01088	0.05569	0.00927	0.00605	0.00523	0.00173	0.00643	0.04488	0.00250	0.00553
43	0.02787	0.50994	0.23335	0.01126	0.05366	0.01649	0.01153	0.01507	0.01030	0.01343	0.00805	0.00965	0.00685	0.00625	0.04613	0.00163	0.00640	0.00322	0.00222	0.00671

[dist]
# distance from previous block
# <min> <max>
2	9

[block]
# block no. 4 follows, 49 sequences, length 15
# corresponding to MSA columns:
# 186-200
name=unknown_E
#
# <colnr> <probs for GDERKNQSTAVLIFYWHMCP>
#	G	D	E	R	K	N	Q	S	T	A	V	L	I	F	Y	W	H	M	C	P
0	0.04055	0.01259	0.01288	0.07328	0.01539	0.11213	0.00876	0.28188	0.12894	0.15677	0.02946	0.05082	0.01180	0.01989	0.00535	0.00161	0.00539	0.00514	0.00462	0.02273
1	0.01312	0.19986	0.04852	0.26441	0.02116	0.21900	0.03977	0.02993	0.03698	0.01390	0.05993	0.01276	0.00966	0.00531	0.00460	0.00144	0.00676	0.00414	0.00269	0.00608
2	0.01082	0.00973	0.01502	0.67936	0.04817	0.02891	0.01332	0.05460	0.04181	0.03574	0.00990	0.01361	0.00737	0.00521	0.00505	0.00166	0.00654	0.00453	0.00264	0.00601
3	0.01252	0.01201	0.02053	0.03104	0.79074	0.01201	0.01552	0.01552	0.01151	0.01652	0.00951	0.01252	0.00801	0.00451	0.00501	0.00150	0.00601	0.00451	0.00250	0.00801
4	0.00634	0.00448	0.00581	0.00681	0.00706	0.00423	0.00445	0.00709	0.00933	0.01244	0.02606	0.69990	0.03116	0.13805	0.00938	0.00249	0.00323	0.01331	0.00445	0.00395
5	0.01049	0.00899	0.01049	0.00749	0.01198	0.00674	0.00599	0.01273	0.01049	0.01648	0.00899	0.01049	0.00749	0.00374	0.00374	0.00075	0.00374	0.00300	0.00300	0.85320
6	0.01127	0.13574	0.08207	0.24117	0.02359	0.01375	0.21850	0.01519	0.06104	0.01433	0.00945	0.01249	0.00749	0.00539	0.00673	0.00167	0.12665	0.00463	0.00250	0.00637
7	0.00983	0.00554	0.00753	0.00794	0.00914	0.00515	0.00602	0.01125	0.01106	0.16531	0.02608	0.48882	0.02838	0.01355	0.00631	0.00202	0.00359	0.18239	0.00499	0.00511
8	0.00616	0.00440	0.00587	0.00704	0.00733	0.00411	0.00469	0.00704	0.00968	0.01291	0.02787	0.81899	0.03344	0.01584	0.00645	0.00205	0.00293	0.01438	0.00469	0.00411
9	0.01210	0.01300	0.01576	0.04759	0.01530	0.15495	0.07455	0.01363	0.00947	0.01259	0.00841	0.04361	0.00805	0.00924	0.04809	0.00224	0.49859	0.00479	0.00243	0.00560
10	0.01269	0.62914	0.21543	0.01007	0.01517	0.01798	0.01111	0.01536	0.01037	0.01291	0.00753	0.00874	0.00647	0.00444	0.00363	0.00121	0.00591	0.00296	0.00216	0.00673
11	0.03189	0.01252	0.02178	0.01622	0.02018	0.07040	0.44607	0.01480	0.01119	0.01540	0.01052	0.04745	0.00887	0.00728	0.05854	0.00200	0.06209	0.00546	0.00272	0.13462
12	0.14149	0.70174	0.02361	0.00835	0.01249	0.01870	0.00817	0.01510	0.01002	0.01353	0.00703	0.00813	0.00634	0.00438	0.00323	0.00115	0.00518	0.00271	0.00231	0.00634
13	0.01364	0.18812	0.01515	0.01010	0.01339	0.01438	0.00841	0.14222	0.45893	0.02057	0.01658	0.01718	0.01302	0.00651	0.00480	0.00157	0.00459	0.03876	0.00446	0.00762
14	0.01477	0.66883	0.05578	0.00894	0.01333	0.01776	0.00888	0.01662	0.01093	0.13062	0.00907	0.00960	0.00740	0.00464	0.00359	0.00118	0.00532	0.00311	0.00278	0.00685

[dist]
# distance from previous block
# <min> <max>
6	10

[block]
# block no. 5 follows, 49 sequences, length 8
# corresponding to MSA columns:
# 211-218
name=unknown_F
#
# <colnr> <probs for GDERKNQSTAVLIFYWHMCP>
#	G	D	E	R	K	N	Q	S	T	A	V	L	I	F	Y	W	H	M	C	P
0	0.00967	0.01241	0.17077	0.65158	0.03225	0.01134	0.01497	0.01354	0.01022	0.01354	0.00901	0.01292	0.00667	0.00501	0.00501	0.00167	0.00689	0.00434	0.00222	0.00599
1	0.01329	0.01001	0.01341	0.28740	0.02055	0.01165	0.01033	0.16244	0.11853	0.11114	0.01347	0.05545	0.01074	0.02848	0.02348	0.00193	0.09184	0.00533	0.00382	0.00670
2	0.00967	0.01241	0.17077	0.65158	0.03225	0.01134	0.01497	0.01354	0.01022	0.01354	0.00901	0.01292	0.00667	0.00501	0.00501	0.00167	0.00689	0.00434	0.00222	0.00599
3	0.01566	0.00763	0.00993	0.00854	0.01131	0.00699	0.00678	0.01872	0.09019	0.41002	0.05743	0.18094	0.01967	0.00889	0.00547	0.00169	0.00390	0.06885	0.00546	0.06193
4	0.01358	0.30454	0.01781	0.12749	0.01656	0.08683	0.00925	0.05589	0.22151	0.03998	0.01183	0.01252	0.00930	0.00532	0.00432	0.00138	0.00545	0.00402	0.00334	0.04910
5	0.00809	0.00651	0.00731	0.00709	0.00799	0.04562	0.00487	0.00904	0.00950	0.01285	0.09787	0.24943	0.02306	0.30436	0.05066	0.00313	0.03895	0.00859	0.00370	0.10138
6	0.05297	0.17305	0.06737	0.39098	0.04247	0.01292	0.01180	0.01364	0.00998	0.01380	0.00833	0.01143	0.00671	0.00504	0.00539	0.00150	0.07234	0.00384	0.00235	0.09410
7	0.01145	0.01141	0.07812	0.07961	0.01626	0.01021	0.06239	0.05471	0.01087	0.04068	0.00913	0.01140	0.00740	0.00520	0.00677	0.00133	0.16601	0.00383	0.00289	0.41033

[dist]
# distance from previous block
# <min> <max>
22	52

[block]
# block no. 6 follows, 49 sequences, length 39
# corresponding to MSA columns:
# 277-315
name=unknown_G
#
# <colnr> <probs for GDERKNQSTAVLIFYWHMCP>
#	G	D	E	R	K	N	Q	S	T	A	V	L	I	F	Y	W	H	M	C	P
0	0.35886	0.14306	0.03825	0.00840	0.01203	0.06667	0.00732	0.01825	0.01128	0.25911	0.02662	0.01172	0.00876	0.00527	0.00397	0.00147	0.00473	0.00366	0.00392	0.00669
1	0.07943	0.07253	0.58190	0.01289	0.01921	0.01233	0.01560	0.01728	0.11106	0.01697	0.01028	0.01139	0.00751	0.00503	0.00462	0.00158	0.00660	0.00385	0.00261	0.00732
2	0.00956	0.14285	0.10083	0.00837	0.01037	0.06412	0.00727	0.01110	0.00937	0.01198	0.01442	0.03748	0.01519	0.33612	0.10128	0.00363	0.00647	0.10192	0.00297	0.00470
3	0.03880	0.03772	0.42149	0.01164	0.01629	0.12271	0.01280	0.01433	0.01042	0.01425	0.01157	0.01554	0.03438	0.11556	0.09888	0.00273	0.00774	0.00450	0.00251	0.00614
4	0.00757	0.00544	0.00746	0.00856	0.00953	0.00533	0.00710	0.00951	0.01121	0.01464	0.04219	0.24316	0.05576	0.01432	0.00680	0.00223	0.00412	0.53588	0.00468	0.00451
5	0.00882	0.00783	0.00882	0.00865	0.00979	0.11007	0.00668	0.01058	0.00902	0.01206	0.01289	0.01843	0.01185	0.03260	0.67192	0.00701	0.01260	0.00511	0.03056	0.00470
6	0.01078	0.01063	0.01439	0.51736	0.04952	0.10143	0.02488	0.03463	0.01148	0.01447	0.11051	0.01597	0.01216	0.00594	0.00568	0.00164	0.04502	0.00498	0.00281	0.00570
7	0.00807	0.00671	0.01007	0.00835	0.01047	0.00600	0.10498	0.01060	0.01335	0.01881	0.54117	0.03232	0.09429	0.00898	0.00571	0.00152	0.00336	0.00814	0.00481	0.10228
8	0.12238	0.01295	0.02585	0.02051	0.11189	0.01251	0.58555	0.01595	0.01145	0.01708	0.00973	0.01280	0.00742	0.00435	0.00549	0.00166	0.00763	0.00538	0.00263	0.00678
9	0.74853	0.01165	0.00833	0.00748	0.01054	0.11449	0.00604	0.01556	0.00935	0.02134	0.00714	0.00833	0.00561	0.00476	0.00332	0.00153	0.00459	0.00281	0.00306	0.00553
10	0.01429	0.01165	0.01241	0.01047	0.01377	0.01304	0.00831	0.23450	0.51609	0.02382	0.01741	0.01640	0.01297	0.00642	0.00502	0.00159	0.00442	0.00520	0.00497	0.06723
11	0.00614	0.00449	0.00577	0.00679	0.00727	0.00413	0.00458	0.00707	0.00992	0.01301	0.03092	0.71849	0.13198	0.01545	0.00639	0.00201	0.00289	0.01389	0.00469	0.00413
12	0.01135	0.00902	0.01487	0.68389	0.05304	0.01076	0.01322	0.01452	0.01072	0.11495	0.01043	0.01394	0.00753	0.00520	0.00506	0.00166	0.00640	0.00457	0.00278	0.00607
13	0.01014	0.02616	0.79609	0.01441	0.02189	0.01174	0.01868	0.01601	0.01068	0.01601	0.00907	0.01068	0.00641	0.00480	0.00480	0.00160	0.00747	0.00374	0.00214	0.00747
14	0.00894	0.00486	0.00721	0.00705	0.00705	0.00517	0.00486	0.00698	0.00667	0.00902	0.00863	0.01507	0.00863	0.01696	0.01954	0.79343	0.06090	0.00439	0.00220	0.00243
15	0.00702	0.00516	0.00657	0.00622	0.00747	0.00471	0.00466	0.00928	0.01399	0.01952	0.70359	0.03902	0.13267	0.01062	0.00597	0.00160	0.00241	0.00932	0.00547	0.00471
16	0.01472	0.00993	0.01126	0.00990	0.01289	0.01080	0.00787	0.02508	0.53495	0.21019	0.02090	0.02137	0.01576	0.00725	0.00527	0.00172	0.00413	0.06274	0.00538	0.00790
17	0.00945	0.00877	0.01468	0.75417	0.03313	0.01086	0.01363	0.01275	0.01022	0.01307	0.01023	0.01653	0.00830	0.00568	0.00519	0.00173	0.00660	0.05706	0.00242	0.00555
18	0.01313	0.73370	0.11473	0.00931	0.01400	0.01906	0.00980	0.01524	0.01032	0.01237	0.00726	0.00841	0.00648	0.00438	0.00342	0.00114	0.00564	0.00282	0.00216	0.00660
19	0.01185	0.22082	0.55264	0.01262	0.01908	0.01347	0.01544	0.01640	0.01084	0.06939	0.00933	0.01050	0.00685	0.00479	0.00444	0.00147	0.00675	0.00358	0.00243	0.00731
20	0.00716	0.00517	0.00676	0.00636	0.00755	0.00477	0.00477	0.00954	0.01431	0.02028	0.78808	0.03777	0.04771	0.01034	0.00596	0.00159	0.00239	0.00914	0.00557	0.00477
21	0.00955	0.00899	0.01517	0.81013	0.03483	0.01123	0.01404	0.01292	0.01011	0.01292	0.00899	0.01348	0.00674	0.00506	0.00506	0.00169	0.00674	0.00449	0.00225	0.00562
22	0.00955	0.00899	0.01517	0.81013	0.03483	0.01123	0.01404	0.01292	0.01011	0.01292	0.00899	0.01348	0.00674	0.00506	0.00506	0.00169	0.00674	0.00449	0.00225	0.00562
23	0.00735	0.00491	0.00556	0.00554	0.00558	0.00490	0.00312	0.00743	0.00758	0.01015	0.04159	0.03325	0.01936	0.79531	0.02508	0.00479	0.00482	0.00741	0.00315	0.00312
24	0.00627	0.00513	0.00552	0.00543	0.00701	0.00439	0.00407	0.00782	0.01221	0.01528	0.23184	0.04600	0.60707	0.01220	0.00597	0.00168	0.00252	0.01030	0.00491	0.00439
25	0.11393	0.00926	0.01340	0.01022	0.01406	0.00848	0.10686	0.02183	0.01323	0.57871	0.01710	0.01631	0.01131	0.03490	0.00572	0.00170	0.00483	0.00502	0.00531	0.00783
26	0.01146	0.01094	0.01863	0.30718	0.52282	0.01174	0.01500	0.01460	0.01102	0.01524	0.00933	0.01286	0.00756	0.00470	0.00502	0.00157	0.00627	0.00450	0.00241	0.00716
27	0.01252	0.01201	0.02053	0.03104	0.79074	0.01201	0.01552	0.01552	0.01151	0.01652	0.00951	0.01252	0.00801	0.00451	0.00501	0.00150	0.00601	0.00451	0.00250	0.00801
28	0.00735	0.00490	0.00552	0.00552	0.00552	0.00490	0.00306	0.00735	0.00735	0.00980	0.01593	0.03309	0.01838	0.82229	0.02574	0.00490	0.00490	0.00735	0.00306	0.00306
29	0.01163	0.01111	0.01892	0.26396	0.56475	0.01178	0.01508	0.01474	0.01109	0.01544	0.00936	0.01280	0.00763	0.00467	0.00502	0.00156	0.00623	0.00450	0.00243	0.00729
30	0.01069	0.22387	0.33181	0.11726	0.07349	0.01296	0.03471	0.01433	0.01048	0.01425	0.01076	0.10327	0.00972	0.00594	0.00468	0.00153	0.00626	0.00491	0.00249	0.00661
31	0.00735	0.00490	0.00552	0.00552	0.00552	0.00490	0.00306	0.00735	0.00735	0.00980	0.01593	0.03309	0.01838	0.82229	0.02574	0.00490	0.00490	0.00735	0.00306	0.00306
32	0.00615	0.00443	0.00584	0.00697	0.00732	0.00411	0.00466	0.00705	0.00975	0.01294	0.02876	0.78964	0.06221	0.01573	0.00644	0.00204	0.00292	0.01423	0.00469	0.00411
33	0.00842	0.01102	0.16515	0.00920	0.01120	0.09712	0.00808	0.01035	0.01041	0.01347	0.02181	0.56420	0.02494	0.01241	0.00591	0.00188	0.00455	0.01097	0.00394	0.00498
34	0.01353	0.01134	0.01197	0.01048	0.01351	0.01302	0.00824	0.13441	0.67251	0.02270	0.01937	0.01790	0.01445	0.00675	0.00513	0.00169	0.00423	0.00555	0.00513	0.00809
35	0.00726	0.00528	0.00744	0.00744	0.00811	0.00595	0.00547	0.00859	0.00792	0.01123	0.01417	0.02333	0.01414	0.24315	0.59908	0.00728	0.01128	0.00592	0.00280	0.00414
36	0.10679	0.00771	0.03237	0.00745	0.00953	0.00738	0.00602	0.11072	0.03224	0.03728	0.52653	0.02957	0.04911	0.00885	0.00545	0.00158	0.00321	0.00751	0.00510	0.00558
37	0.01750	0.01975	0.01587	0.01687	0.19093	0.49562	0.01104	0.14155	0.01523	0.01648	0.00890	0.01038	0.00719	0.00519	0.00474	0.00138	0.00784	0.00375	0.00298	0.00679
38	0.01081	0.00937	0.01234	0.01179	0.14109	0.00798	0.02510	0.03710	0.03414	0.01753	0.09887	0.01432	0.01246	0.00480	0.00434	0.00104	0.00414	0.00415	0.00333	0.54529

[dist]
# distance from previous block
# <min> <max>
5	7

[block]
# block no. 7 follows, 49 sequences, length 484
# corresponding to MSA columns:
# 323-408,427-824
name=unknown_H
#
# <colnr> <probs for GDERKNQSTAVLIFYWHMCP>
#	G	D	E	R	K	N	Q	S	T	A	V	L	I	F	Y	W	H	M	C	P
0	0.00967	0.02307	0.68069	0.01335	0.01985	0.01077	0.01672	0.01494	0.01071	0.01591	0.05306	0.04645	0.01012	0.00720	0.04418	0.00194	0.00730	0.00456	0.00246	0.00704
1	0.00722	0.00542	0.00813	0.00813	0.00903	0.00632	0.00632	0.00903	0.00813	0.01174	0.01354	0.01987	0.01264	0.03792	0.80225	0.00813	0.01354	0.00542	0.00271	0.00451
2	0.00705	0.00522	0.00701	0.05089	0.00905	0.00499	0.00531	0.00912	0.01291	0.01794	0.53966	0.21554	0.05852	0.01143	0.00605	0.00172	0.00280	0.02499	0.00515	0.00465
3	0.01017	0.05448	0.01626	0.64997	0.06901	0.02773	0.04199	0.01319	0.01021	0.01299	0.00892	0.01313	0.00690	0.00545	0.00555	0.03500	0.00666	0.00442	0.00227	0.00570
4	0.00791	0.00661	0.01066	0.00981	0.01121	0.00631	0.14255	0.05100	0.01090	0.01456	0.02431	0.61475	0.04252	0.01317	0.00628	0.00195	0.00407	0.01225	0.00433	0.00484
5	0.00607	0.00509	0.00528	0.00532	0.00691	0.00430	0.00395	0.00741	0.01162	0.01408	0.10177	0.09040	0.69490	0.01280	0.00600	0.00172	0.00257	0.01077	0.00476	0.00430
6	0.01817	0.06821	0.05349	0.01283	0.01579	0.70410	0.01014	0.03490	0.01412	0.01292	0.00792	0.00920	0.00655	0.00516	0.00451	0.00131	0.00876	0.00328	0.00261	0.00603
7	0.01069	0.04235	0.73725	0.01422	0.02136	0.05551	0.01799	0.01623	0.01087	0.01573	0.00896	0.01054	0.00641	0.00482	0.00476	0.00157	0.00752	0.00369	0.00216	0.00736
8	0.00802	0.00576	0.00798	0.00909	0.01026	0.00572	0.00790	0.01027	0.01160	0.01503	0.02782	0.07244	0.06085	0.01396	0.00693	0.00230	0.00453	0.71027	0.00466	0.00463
9	0.00718	0.00518	0.00679	0.00643	0.00762	0.00479	0.00485	0.00956	0.01425	0.02016	0.77092	0.03821	0.04729	0.01042	0.00599	0.00161	0.00244	0.02600	0.00555	0.00477
10	0.01548	0.01078	0.01220	0.02809	0.01347	0.01157	0.00811	0.47538	0.01865	0.08560	0.01725	0.24690	0.01608	0.00890	0.00547	0.00168	0.00473	0.00745	0.00498	0.00723
11	0.01987	0.00798	0.01083	0.00852	0.01194	0.00695	0.00695	0.02191	0.01444	0.65390	0.15923	0.02094	0.01890	0.00700	0.00524	0.00157	0.00396	0.00582	0.00613	0.00791
12	0.01890	0.02371	0.01436	0.01297	0.01563	0.77116	0.00976	0.04974	0.01470	0.01314	0.00799	0.00924	0.00660	0.00524	0.00458	0.00131	0.00898	0.00331	0.00270	0.00597
13	0.03210	0.01190	0.01877	0.05643	0.64033	0.03526	0.01417	0.05240	0.01198	0.01696	0.01053	0.05683	0.00929	0.00525	0.00503	0.00154	0.00589	0.00497	0.00276	0.00761
14	0.00991	0.00518	0.00523	0.00505	0.00637	0.00525	0.00383	0.04929	0.01125	0.01949	0.01628	0.01852	0.01275	0.00590	0.00361	0.00119	0.00251	0.00471	0.80876	0.00490
15	0.01922	0.01416	0.01518	0.01163	0.01568	0.01568	0.00961	0.77388	0.02378	0.03187	0.01214	0.01214	0.00860	0.00607	0.00506	0.00152	0.00556	0.00455	0.00506	0.00860
16	0.00616	0.00440	0.00587	0.00704	0.00733	0.00411	0.00469	0.00704	0.00968	0.01291	0.02787	0.81899	0.03344	0.01584	0.00645	0.00205	0.00293	0.01438	0.00469	0.00411
17	0.01014	0.02616	0.79609	0.01441	0.02189	0.01174	0.01868	0.01601	0.01068	0.01601	0.00907	0.01068	0.00641	0.00480	0.00480	0.00160	0.00747	0.00374	0.00214	0.00747
18	0.00600	0.00505	0.00520	0.00532	0.00688	0.00425	0.00393	0.00723	0.01133	0.01358	0.04879	0.12908	0.70985	0.01312	0.00603	0.00174	0.00260	0.01106	0.00470	0.00425
19	0.01382	0.78112	0.02583	0.00889	0.01313	0.06315	0.00871	0.01542	0.01050	0.01192	0.00707	0.00817	0.00649	0.00438	0.00332	0.00109	0.00561	0.00273	0.00219	0.00645
20	0.00722	0.00542	0.00813	0.00813	0.00903	0.00632	0.00632	0.00903	0.00813	0.01174	0.01354	0.01987	0.01264	0.03792	0.80225	0.00813	0.01354	0.00542	0.00271	0.00451
21	0.05905	0.01259	0.05797	0.02887	0.70981	0.01196	0.01512	0.01551	0.01131	0.01684	0.00935	0.01219	0.00779	0.00453	0.00489	0.00151	0.00596	0.00437	0.00252	0.00784
22	0.01173	0.01506	0.11645	0.02053	0.02591	0.01267	0.68718	0.01618	0.01179	0.01618	0.01010	0.01331	0.00753	0.00432	0.00584	0.00169	0.00841	0.00572	0.00251	0.00689
23	0.00750	0.00485	0.00563	0.00563	0.00563	0.00485	0.00320	0.00727	0.00727	0.00970	0.01519	0.03124	0.01738	0.73828	0.02511	0.09342	0.00485	0.00704	0.00297	0.00297
24	0.00599	0.00508	0.00516	0.00523	0.00686	0.00426	0.00389	0.00725	0.01142	0.01362	0.04994	0.09117	0.74702	0.01297	0.00600	0.00173	0.00258	0.01088	0.00470	0.00426
25	0.02369	0.05169	0.01012	0.00873	0.00973	0.00857	0.00692	0.02594	0.00847	0.01228	0.01224	0.01865	0.01169	0.09374	0.55172	0.00637	0.12679	0.00521	0.00269	0.00476
26	0.00787	0.00615	0.00704	0.00655	0.00823	0.00588	0.00498	0.05241	0.08193	0.01856	0.40641	0.03868	0.31492	0.01070	0.00585	0.00164	0.00277	0.00915	0.00518	0.00508
27	0.01062	0.01056	0.03108	0.01239	0.01267	0.01402	0.01039	0.01192	0.00804	0.01262	0.00821	0.03599	0.00808	0.01024	0.05398	0.00243	0.68744	0.00477	0.04910	0.00544
28	0.01075	0.00898	0.01051	0.00752	0.01200	0.00676	0.00602	0.01299	0.01057	0.03325	0.00922	0.01063	0.00760	0.00380	0.00377	0.00077	0.00376	0.00304	0.00307	0.83498
29	0.01788	0.02331	0.05716	0.01292	0.01572	0.71920	0.01018	0.01948	0.01400	0.01271	0.00882	0.01156	0.00762	0.00562	0.00469	0.00137	0.00881	0.04037	0.00268	0.00589
30	0.00600	0.00505	0.00520	0.00532	0.00688	0.00425	0.00393	0.00723	0.01133	0.01358	0.04879	0.12908	0.70985	0.01312	0.00603	0.00174	0.00260	0.01106	0.00470	0.00425
31	0.02269	0.00861	0.01174	0.00900	0.01291	0.00743	0.00743	0.02464	0.01447	0.79425	0.01995	0.01721	0.01252	0.00626	0.00509	0.00156	0.00430	0.00509	0.00626	0.00861
32	0.00603	0.00512	0.00520	0.00518	0.00687	0.00429	0.00389	0.00737	0.01166	0.01399	0.08749	0.04813	0.75222	0.01269	0.00598	0.00170	0.00255	0.01060	0.00474	0.00429
33	0.00878	0.00439	0.00659	0.00659	0.00659	0.00439	0.00439	0.00659	0.00659	0.00878	0.00878	0.01537	0.00878	0.01757	0.01976	0.85288	0.00439	0.00439	0.00220	0.00220
34	0.00616	0.00440	0.00587	0.00704	0.00733	0.00411	0.00469	0.00704	0.00968	0.01291	0.02787	0.81899	0.03344	0.01584	0.00645	0.00205	0.00293	0.01438	0.00469	0.00411
35	0.02269	0.00861	0.01174	0.00900	0.01291	0.00743	0.00743	0.02464	0.01447	0.79425	0.01995	0.01721	0.01252	0.00626	0.00509	0.00156	0.00430	0.00509	0.00626	0.00861
36	0.01352	0.82533	0.02650	0.00865	0.01298	0.02001	0.00865	0.01514	0.01027	0.01190	0.00703	0.00811	0.00649	0.00433	0.00324	0.00108	0.00541	0.00270	0.00216	0.00649
37	0.02269	0.00861	0.01174	0.00900	0.01291	0.00743	0.00743	0.02464	0.01447	0.79425	0.01995	0.01721	0.01252	0.00626	0.00509	0.00156	0.00430	0.00509	0.00626	0.00861
38	0.01049	0.00899	0.01049	0.00749	0.01198	0.00674	0.00599	0.01273	0.01049	0.01648	0.00899	0.01049	0.00749	0.00374	0.00374	0.00075	0.00374	0.00300	0.00300	0.85320
39	0.01182	0.01416	0.06703	0.02068	0.02572	0.01283	0.70750	0.01604	0.01172	0.01604	0.01004	0.01340	0.00757	0.00446	0.00630	0.00172	0.03783	0.00580	0.00252	0.00681
40	0.01755	0.01280	0.01402	0.01063	0.01476	0.01339	0.00874	0.57625	0.02051	0.06614	0.01186	0.01204	0.00856	0.00559	0.00478	0.00136	0.00512	0.00425	0.00468	0.18698
41	0.00715	0.00516	0.00678	0.00654	0.00769	0.00479	0.00493	0.00945	0.01393	0.01962	0.70866	0.08182	0.04601	0.01082	0.00604	0.00165	0.00253	0.04623	0.00547	0.00473
42	0.00616	0.00440	0.00587	0.00704	0.00733	0.00411	0.00469	0.00704	0.00968	0.01291	0.02787	0.81899	0.03344	0.01584	0.00645	0.00205	0.00293	0.01438	0.00469	0.00411
43	0.01014	0.02616	0.79609	0.01441	0.02189	0.01174	0.01868	0.01601	0.01068	0.01601	0.00907	0.01068	0.00641	0.00480	0.00480	0.00160	0.00747	0.00374	0.00214	0.00747
44	0.00703	0.00516	0.00659	0.00623	0.00748	0.00472	0.00467	0.00930	0.01402	0.01959	0.71116	0.03891	0.12506	0.01060	0.00597	0.00160	0.00240	0.00930	0.00548	0.00472
45	0.00815	0.00582	0.00815	0.00931	0.01048	0.00582	0.00815	0.01048	0.01164	0.01513	0.02677	0.05704	0.02910	0.01397	0.00698	0.00233	0.00466	0.75671	0.00466	0.00466
46	0.01014	0.02616	0.79609	0.01441	0.02189	0.01174	0.01868	0.01601	0.01068	0.01601	0.00907	0.01068	0.00641	0.00480	0.00480	0.00160	0.00747	0.00374	0.00214	0.00747
47	0.01111	0.25605	0.57471	0.01276	0.01932	0.01412	0.01580	0.01576	0.01056	0.01483	0.00849	0.00994	0.00643	0.00467	0.00436	0.00145	0.00688	0.00344	0.00214	0.00719
48	0.00743	0.00736	0.08910	0.00716	0.00903	0.00548	0.00619	0.01014	0.01384	0.01960	0.68126	0.03532	0.06904	0.00985	0.00584	0.00160	0.00292	0.00863	0.00518	0.00504
49	0.05133	0.00935	0.01180	0.00927	0.01303	0.00883	0.00760	0.08056	0.11097	0.61265	0.01898	0.01671	0.01234	0.00626	0.00502	0.00158	0.00435	0.00504	0.00592	0.00842
50	0.01369	0.01605	0.09178	0.05226	0.37584	0.21346	0.07512	0.01659	0.01233	0.03018	0.04759	0.01293	0.00944	0.00504	0.00500	0.00149	0.00696	0.00447	0.00271	0.00707
51	0.01608	0.01634	0.01677	0.05130	0.32918	0.29965	0.01208	0.10812	0.02846	0.05969	0.00997	0.01165	0.00787	0.00511	0.00486	0.00145	0.00698	0.00411	0.00309	0.00724
52	0.00715	0.00514	0.00660	0.00625	0.00733	0.00477	0.00457	0.00927	0.01353	0.01905	0.69262	0.03750	0.05958	0.09515	0.00803	0.00194	0.00265	0.00899	0.00529	0.00458
53	0.00700	0.00516	0.00655	0.00620	0.00746	0.00471	0.00465	0.00925	0.01395	0.01942	0.69306	0.03918	0.14326	0.01066	0.00597	0.00161	0.00241	0.00934	0.00545	0.00471
54	0.00730	0.00491	0.00567	0.00582	0.00590	0.00489	0.00344	0.00748	0.00775	0.01031	0.01740	0.09578	0.02009	0.71939	0.02331	0.00455	0.00474	0.04478	0.00327	0.00322
55	0.01373	0.53826	0.06769	0.05551	0.05410	0.06662	0.05326	0.07245	0.01171	0.01419	0.00799	0.00945	0.00680	0.00458	0.00389	0.00125	0.00605	0.00331	0.00245	0.00671
56	0.00677	0.00519	0.00686	0.00755	0.00790	0.00538	0.00530	0.00768	0.00951	0.01277	0.02638	0.63336	0.07373	0.05597	0.00848	0.00220	0.08762	0.02878	0.00435	0.00422
57	0.01106	0.01106	0.01549	0.01328	0.01328	0.01549	0.01106	0.01217	0.00774	0.01217	0.00664	0.01106	0.00664	0.00885	0.01659	0.00221	0.81303	0.00443	0.00221	0.00553
58	0.01125	0.01042	0.02883	0.01442	0.21268	0.00867	0.04647	0.02925	0.01110	0.01678	0.00925	0.01120	0.00763	0.00403	0.00422	0.00102	0.00467	0.00358	0.00287	0.56165
59	0.01846	0.02328	0.01475	0.01425	0.06831	0.74830	0.01016	0.01987	0.01414	0.01266	0.00793	0.00935	0.00662	0.00516	0.00459	0.00132	0.00891	0.00334	0.00260	0.00601
60	0.00722	0.00542	0.00813	0.00813	0.00903	0.00632	0.00632	0.00903	0.00813	0.01174	0.01354	0.01987	0.01264	0.03792	0.80225	0.00813	0.01354	0.00542	0.00271	0.00451
61	0.01281	0.01194	0.01888	0.16914	0.55791	0.02818	0.01452	0.09431	0.01260	0.01739	0.00966	0.01258	0.00781	0.00478	0.00501	0.00153	0.00616	0.00448	0.00273	0.00760
62	0.01584	0.01925	0.03419	0.04598	0.07590	0.48551	0.11616	0.03331	0.01327	0.01386	0.00971	0.02821	0.00847	0.00580	0.00542	0.00150	0.03760	0.04115	0.00274	0.00613
63	0.00599	0.00509	0.00516	0.00522	0.00685	0.00426	0.00388	0.00725	0.01144	0.01362	0.05008	0.08658	0.75152	0.01296	0.00600	0.00172	0.00258	0.01085	0.00470	0.00426
64	0.01121	0.01103	0.01554	0.01322	0.01344	0.01519	0.02714	0.02760	0.00822	0.01281	0.00705	0.01132	0.00685	0.00863	0.01583	0.00216	0.76083	0.00447	0.02186	0.00560
65	0.01173	0.01516	0.13162	0.01976	0.02507	0.01264	0.62805	0.01678	0.05526	0.01645	0.01066	0.01354	0.00794	0.00448	0.00577	0.00169	0.00813	0.00565	0.00265	0.00697
66	0.01230	0.01180	0.02014	0.08737	0.73609	0.01196	0.01541	0.01533	0.01141	0.01626	0.00947	0.01259	0.00792	0.00455	0.00501	0.00152	0.00606	0.00450	0.00248	0.00784
67	0.00618	0.00513	0.00541	0.00534	0.00696	0.00436	0.00400	0.00766	0.01201	0.01482	0.18002	0.04676	0.65918	0.01238	0.00597	0.00169	0.00253	0.01041	0.00485	0.00436
68	0.00742	0.00568	0.00843	0.00832	0.00916	0.00674	0.00648	0.00915	0.00809	0.01172	0.01326	0.01972	0.01247	0.05341	0.74683	0.00777	0.05271	0.00541	0.00269	0.00453
69	0.00705	0.00509	0.00667	0.00643	0.00753	0.00470	0.00476	0.00928	0.01383	0.01951	0.70872	0.11932	0.04622	0.01091	0.00602	0.00164	0.00244	0.00969	0.00548	0.00470
70	0.00955	0.00899	0.01517	0.81013	0.03483	0.01123	0.01404	0.01292	0.01011	0.01292	0.00899	0.01348	0.00674	0.00506	0.00506	0.00169	0.00674	0.00449	0.00225	0.00562
71	0.00622	0.00513	0.00546	0.00538	0.00698	0.00437	0.00403	0.00773	0.01210	0.01502	0.20211	0.04643	0.63697	0.01230	0.00597	0.00168	0.00253	0.01036	0.00487	0.00437
72	0.05479	0.01131	0.01156	0.01026	0.01322	0.02845	0.00803	0.08009	0.67358	0.02183	0.01905	0.01766	0.01427	0.00666	0.00503	0.00169	0.00421	0.00544	0.00499	0.00788
73	0.01858	0.02332	0.01465	0.01389	0.05378	0.74820	0.01005	0.03425	0.01437	0.01295	0.00798	0.00934	0.00663	0.00519	0.00459	0.00132	0.00890	0.00334	0.00265	0.00602
74	0.00616	0.00440	0.00587	0.00704	0.00733	0.00411	0.00469	0.00704	0.00968	0.01291	0.02787	0.81899	0.03344	0.01584	0.00645	0.00205	0.00293	0.01438	0.00469	0.00411
75	0.01049	0.00899	0.01049	0.00749	0.01198	0.00674	0.00599	0.01273	0.01049	0.01648	0.00899	0.01049	0.00749	0.00374	0.00374	0.00075	0.00374	0.00300	0.00300	0.85320
