[name]
unknown

[dist]
# distance from previous block
# <min> <max>
0	65

[block]
# block no. 0 follows, 47 sequences, length 38
# corresponding to MSA columns:
# 66-103
name=unknown_A
#
# <colnr> <probs for GDERKNQSTAVLIFYWHMCP>
#	G	D	E	R	K	N	Q	S	T	A	V	L	I	F	Y	W	H	M	C	P
0	0.00788	0.05162	0.00871	0.02082	0.04413	0.00624	0.00608	0.03187	0.01071	0.01434	0.03632	0.59512	0.02899	0.02815	0.00657	0.00201	0.00360	0.04863	0.00446	0.04376
1	0.01152	0.05153	0.13776	0.16884	0.05377	0.01226	0.29583	0.01526	0.01143	0.04193	0.03721	0.03338	0.02339	0.00568	0.00630	0.00172	0.06202	0.00550	0.00280	0.02192
2	0.01867	0.03103	0.04132	0.01138	0.01540	0.02828	0.03866	0.41139	0.08227	0.20166	0.01576	0.01529	0.03250	0.00665	0.00556	0.02028	0.00544	0.00505	0.00511	0.00832
3	0.01012	0.01518	0.25128	0.01586	0.04642	0.01051	0.27992	0.01391	0.01106	0.01553	0.01468	0.21484	0.01429	0.00851	0.02385	0.00197	0.03502	0.00752	0.00305	0.00646
4	0.00676	0.00499	0.00634	0.00674	0.00765	0.00457	0.00483	0.00836	0.01214	0.01636	0.31765	0.37628	0.15958	0.01361	0.00639	0.00189	0.00280	0.03336	0.00517	0.00453
5	0.01475	0.09177	0.13539	0.05637	0.10295	0.04234	0.05101	0.10501	0.03080	0.16793	0.08573	0.03853	0.01342	0.00637	0.00557	0.00160	0.03386	0.00526	0.00395	0.00740
6	0.01549	0.01141	0.06150	0.01002	0.01320	0.01107	0.00836	0.29796	0.10871	0.14715	0.06522	0.03790	0.01506	0.12607	0.04495	0.00244	0.00546	0.00587	0.00484	0.00733
7	0.00681	0.00488	0.00638	0.00742	0.00785	0.00465	0.00501	0.03379	0.01048	0.01398	0.02814	0.78561	0.03355	0.01596	0.00660	0.00210	0.00312	0.01445	0.00485	0.00439
8	0.01139	0.01241	0.09832	0.39826	0.04312	0.01213	0.17015	0.01642	0.09557	0.04547	0.01122	0.01427	0.00835	0.00539	0.00581	0.00175	0.03540	0.00502	0.00286	0.00668
9	0.06790	0.04486	0.06348	0.02456	0.07196	0.16580	0.00985	0.08762	0.10752	0.06140	0.04352	0.06091	0.01326	0.00732	0.00621	0.00169	0.08045	0.05243	0.02255	0.00672
10	0.01043	0.00996	0.01704	0.64372	0.11490	0.01181	0.06239	0.01431	0.03749	0.01422	0.00981	0.01398	0.00746	0.00516	0.00526	0.00172	0.00688	0.00477	0.00247	0.00621
11	0.00775	0.00653	0.00694	0.00673	0.00816	0.05529	0.00504	0.00970	0.01354	0.01774	0.44992	0.08276	0.26732	0.01149	0.00611	0.00170	0.00305	0.03025	0.00519	0.00479
12	0.01222	0.03953	0.14440	0.02446	0.42627	0.03965	0.14870	0.01577	0.01173	0.01633	0.01097	0.06567	0.00956	0.00544	0.00533	0.00162	0.00677	0.00535	0.00267	0.00755
13	0.01019	0.02380	0.65924	0.01372	0.02040	0.02856	0.01712	0.01553	0.01126	0.01627	0.02608	0.01700	0.05837	0.00619	0.00518	0.00170	0.00714	0.05242	0.00260	0.00722
14	0.00634	0.00453	0.00604	0.00725	0.00755	0.00423	0.00483	0.00725	0.00997	0.01329	0.02870	0.81358	0.03444	0.01632	0.00665	0.00211	0.00302	0.01480	0.00483	0.00423
15	0.01048	0.02531	0.71099	0.06556	0.02357	0.01210	0.04797	0.01630	0.01101	0.01630	0.00939	0.01130	0.00667	0.00494	0.00501	0.00166	0.00769	0.00399	0.00222	0.00755
16	0.01377	0.00965	0.03867	0.18387	0.13133	0.00950	0.01027	0.06077	0.06523	0.21048	0.05167	0.12352	0.04042	0.00812	0.01771	0.00182	0.00521	0.00664	0.00434	0.00702
17	0.01096	0.04291	0.70375	0.01461	0.02188	0.01201	0.04448	0.01660	0.01115	0.04329	0.01012	0.02729	0.00742	0.00520	0.00500	0.00165	0.00748	0.00417	0.00242	0.00762
18	0.01928	0.02449	0.01493	0.01391	0.03671	0.77505	0.01022	0.02067	0.01468	0.01286	0.00810	0.00949	0.00675	0.00535	0.00471	0.00135	0.00931	0.00339	0.00268	0.00610
19	0.11014	0.04287	0.07363	0.01197	0.05302	0.01005	0.09940	0.05089	0.01344	0.38077	0.03849	0.01515	0.01117	0.00570	0.00496	0.00155	0.00524	0.00482	0.00467	0.06207
20	0.01130	0.01258	0.08481	0.21092	0.33981	0.07283	0.01343	0.01425	0.01145	0.01513	0.01432	0.10364	0.06002	0.00670	0.00534	0.00166	0.00618	0.00600	0.00288	0.00674
21	0.00642	0.00456	0.00602	0.00715	0.00744	0.00428	0.00473	0.00727	0.00982	0.01309	0.02793	0.76477	0.03347	0.06645	0.00789	0.00230	0.00315	0.01435	0.00473	0.00416
22	0.08519	0.01013	0.01156	0.03379	0.01328	0.01068	0.00780	0.30245	0.04625	0.18336	0.01779	0.19427	0.01556	0.00844	0.00533	0.00170	0.00457	0.00698	0.03357	0.00730
23	0.01850	0.01347	0.05384	0.07714	0.06865	0.01355	0.03902	0.44631	0.01952	0.17697	0.01341	0.01365	0.00931	0.00597	0.00523	0.00160	0.00581	0.00480	0.00480	0.00844
24	0.01069	0.00975	0.01674	0.26165	0.03949	0.01016	0.20752	0.06167	0.02684	0.02974	0.02910	0.07523	0.11552	0.00775	0.00653	0.05002	0.00609	0.00667	0.00331	0.02554
25	0.04957	0.00543	0.00677	0.00719	0.00829	0.00507	0.00519	0.00971	0.01122	0.08188	0.11800	0.48783	0.12264	0.01377	0.00626	0.00196	0.00316	0.04624	0.00500	0.00483
26	0.01927	0.01371	0.06470	0.01235	0.05329	0.01348	0.01010	0.49434	0.02036	0.19774	0.01407	0.01424	0.00988	0.03085	0.00585	0.00168	0.00557	0.00484	0.00510	0.00858
27	0.08564	0.05994	0.06421	0.09366	0.08519	0.14189	0.01047	0.18379	0.04020	0.05558	0.07601	0.03183	0.01204	0.00627	0.00531	0.00158	0.03083	0.00482	0.00374	0.00700
28	0.01027	0.00583	0.00648	0.00700	0.05669	0.00590	0.00471	0.04912	0.01143	0.01932	0.01627	0.01959	0.01316	0.05779	0.00528	0.00150	0.00300	0.00501	0.69650	0.00516
29	0.01291	0.06362	0.06517	0.18508	0.01965	0.01218	0.08541	0.14539	0.06461	0.05658	0.03556	0.01593	0.03715	0.00623	0.00600	0.00163	0.06978	0.00508	0.08549	0.02655
30	0.01129	0.00743	0.00723	0.00668	0.00821	0.05753	0.00517	0.08662	0.01224	0.01962	0.01535	0.01777	0.01216	0.00780	0.04336	0.00166	0.04096	0.00476	0.62879	0.00535
31	0.12099	0.01227	0.03308	0.07145	0.07686	0.03521	0.11176	0.14970	0.07914	0.01987	0.02577	0.01354	0.00930	0.00675	0.01908	0.00184	0.15946	0.00477	0.04232	0.00684
32	0.01185	0.01418	0.16814	0.01912	0.27920	0.02621	0.08804	0.10194	0.01284	0.01769	0.01529	0.10638	0.06129	0.04673	0.00650	0.00184	0.00611	0.00632	0.00325	0.00709
33	0.01168	0.04100	0.03493	0.03285	0.16878	0.01016	0.05818	0.07588	0.11165	0.05686	0.10796	0.04508	0.12260	0.00831	0.00583	0.00173	0.01705	0.07848	0.00424	0.00674
34	0.02695	0.07490	0.35820	0.04275	0.16948	0.01219	0.01452	0.06426	0.06067	0.01733	0.01287	0.06819	0.03213	0.01683	0.00533	0.00168	0.00630	0.00513	0.00296	0.00735
35	0.02433	0.19006	0.25675	0.01368	0.10479	0.05805	0.02998	0.02801	0.06115	0.01650	0.09994	0.01724	0.04869	0.00622	0.00488	0.00153	0.00597	0.02215	0.00313	0.00692
36	0.03872	0.02785	0.07210	0.01589	0.21869	0.12462	0.01065	0.04228	0.04815	0.12772	0.04632	0.01714	0.04280	0.02177	0.00541	0.00156	0.00570	0.02661	0.00370	0.10231
37	0.08864	0.02645	0.04150	0.02338	0.04973	0.05956	0.02127	0.06161	0.04923	0.05849	0.09225	0.09578	0.05738	0.11506	0.00922	0.00213	0.08747	0.00652	0.00385	0.05050

[dist]
# distance from previous block
# <min> <max>
13	91

[block]
# block no. 1 follows, 47 sequences, length 7
# corresponding to MSA columns:
# 195-201
name=unknown_B
#
# <colnr> <probs for GDERKNQSTAVLIFYWHMCP>
#	G	D	E	R	K	N	Q	S	T	A	V	L	I	F	Y	W	H	M	C	P
0	0.06867	0.01466	0.17794	0.11612	0.15772	0.04499	0.03755	0.06481	0.06646	0.05352	0.04527	0.01581	0.01090	0.00604	0.00569	0.00167	0.04464	0.03590	0.00328	0.02838
1	0.08862	0.11611	0.04725	0.16431	0.28567	0.06611	0.01259	0.01649	0.02985	0.06983	0.00988	0.01221	0.00785	0.00521	0.00534	0.00157	0.04698	0.00419	0.00286	0.00710
2	0.04067	0.04979	0.05444	0.10931	0.15716	0.07215	0.00986	0.03641	0.06008	0.04815	0.05237	0.11076	0.07112	0.02217	0.03875	0.00197	0.00561	0.00642	0.04650	0.00631
3	0.16583	0.01113	0.03347	0.13134	0.11440	0.01132	0.00978	0.10822	0.11676	0.09317	0.01205	0.01315	0.00901	0.00534	0.00463	0.00150	0.00506	0.00427	0.00378	0.14581
4	0.40735	0.13035	0.03916	0.03851	0.03905	0.04553	0.00766	0.05485	0.01095	0.05222	0.02969	0.01163	0.00849	0.00676	0.04013	0.00181	0.00520	0.00364	0.06084	0.00616
5	0.14372	0.04280	0.01148	0.05219	0.07256	0.01026	0.00793	0.07828	0.03002	0.07917	0.01254	0.01579	0.01034	0.04605	0.16339	0.00307	0.07940	0.00469	0.13023	0.00608
6	0.01433	0.11174	0.01799	0.01461	0.09058	0.17176	0.13563	0.03349	0.07705	0.07047	0.01376	0.01752	0.03295	0.00652	0.00610	0.00163	0.07110	0.06220	0.04386	0.00671

[dist]
# distance from previous block
# <min> <max>
0	3

[block]
# block no. 2 follows, 47 sequences, length 26
# corresponding to MSA columns:
# 205-230
name=unknown_C
#
# <colnr> <probs for GDERKNQSTAVLIFYWHMCP>
#	G	D	E	R	K	N	Q	S	T	A	V	L	I	F	Y	W	H	M	C	P
0	0.00919	0.00681	0.00845	0.00866	0.01018	0.00687	0.00701	0.09795	0.04997	0.01791	0.11720	0.18930	0.11093	0.01289	0.00654	0.00206	0.00403	0.32379	0.00499	0.00530
1	0.01483	0.02793	0.04758	0.03671	0.07506	0.17277	0.02941	0.16347	0.03275	0.03442	0.01052	0.01442	0.00904	0.03306	0.00933	0.00189	0.24151	0.03532	0.00326	0.00673
2	0.01171	0.01303	0.05391	0.04520	0.01632	0.08571	0.10241	0.01357	0.00953	0.01334	0.00944	0.07880	0.00926	0.00845	0.01271	0.00206	0.50065	0.00547	0.00257	0.00586
3	0.01005	0.00794	0.01153	0.03959	0.01196	0.00912	0.07818	0.01192	0.01008	0.04413	0.04766	0.06084	0.07325	0.07979	0.06882	0.00256	0.22614	0.00635	0.19484	0.00525
4	0.01576	0.01135	0.01327	0.01026	0.01397	0.02821	0.05121	0.32561	0.03529	0.09882	0.01334	0.02663	0.01021	0.02832	0.00566	0.01564	0.00498	0.00472	0.09214	0.19462
5	0.03355	0.01204	0.01918	0.12171	0.54466	0.01260	0.02813	0.07219	0.07144	0.01825	0.01076	0.01340	0.00866	0.00502	0.00515	0.00159	0.00608	0.00472	0.00297	0.00791
6	0.00983	0.00926	0.01562	0.80447	0.03587	0.01157	0.01446	0.01331	0.01041	0.01331	0.00926	0.01388	0.00694	0.00521	0.00521	0.00174	0.00694	0.00463	0.00231	0.00579
7	0.00795	0.00629	0.00906	0.00887	0.00956	0.00756	0.00687	0.00954	0.00855	0.01242	0.01493	0.12257	0.01504	0.05263	0.53663	0.00638	0.13202	0.00666	0.02173	0.00472
8	0.00712	0.00531	0.00662	0.00629	0.00763	0.00481	0.00472	0.00935	0.01415	0.01949	0.63259	0.04120	0.19916	0.01117	0.00614	0.00166	0.00249	0.00974	0.00555	0.00481
9	0.02336	0.00886	0.01209	0.00927	0.01329	0.00765	0.00765	0.02538	0.01491	0.78810	0.02055	0.01773	0.01289	0.00645	0.00524	0.00161	0.00443	0.00524	0.00645	0.00886
10	0.00642	0.00459	0.00613	0.00734	0.00768	0.00430	0.00497	0.00739	0.01005	0.01338	0.02866	0.78501	0.03427	0.01624	0.00667	0.00213	0.00309	0.04261	0.00483	0.00425
11	0.01276	0.01225	0.02091	0.06373	0.75371	0.01234	0.01592	0.01587	0.01180	0.01686	0.00977	0.01293	0.00820	0.00466	0.00516	0.00155	0.00622	0.00464	0.00257	0.00815
12	0.00671	0.00525	0.00608	0.00598	0.00740	0.00461	0.00444	0.00850	0.01302	0.01704	0.37519	0.09792	0.40468	0.01227	0.00618	0.00173	0.00258	0.01056	0.00523	0.00461
13	0.00828	0.00596	0.00824	0.00938	0.01061	0.00592	0.00818	0.01063	0.01198	0.01551	0.02878	0.05833	0.06606	0.01433	0.00714	0.00237	0.00469	0.71403	0.00480	0.00478
14	0.00744	0.00558	0.00837	0.00837	0.00930	0.00651	0.00651	0.00930	0.00837	0.01209	0.01395	0.02046	0.01302	0.03906	0.79635	0.00837	0.01395	0.00558	0.00279	0.00465
15	0.00757	0.00496	0.00580	0.00592	0.00595	0.00493	0.00343	0.00748	0.00775	0.01033	0.01705	0.10921	0.01969	0.67673	0.02408	0.06984	0.00481	0.00805	0.00325	0.00319
16	0.82104	0.01025	0.00797	0.00705	0.01031	0.01186	0.00581	0.04481	0.00948	0.02374	0.00746	0.00862	0.00577	0.00489	0.00330	0.00161	0.00410	0.00289	0.00330	0.00577
17	0.01266	0.01289	0.02424	0.04498	0.13712	0.01255	0.44426	0.07468	0.06944	0.01817	0.01176	0.03689	0.00934	0.00510	0.00570	0.00166	0.00727	0.00579	0.00310	0.06239
18	0.07234	0.00932	0.01503	0.74539	0.03396	0.01158	0.01381	0.01345	0.01030	0.01405	0.00911	0.01348	0.00685	0.00518	0.00506	0.00173	0.00673	0.00449	0.00238	0.00577
19	0.00755	0.00513	0.00609	0.00609	0.00623	0.00527	0.00366	0.00783	0.00769	0.01040	0.01604	0.03202	0.01804	0.69934	0.14293	0.00555	0.00639	0.00727	0.00310	0.00338
20	0.00818	0.00685	0.01167	0.01035	0.01191	0.00748	0.12121	0.01037	0.00894	0.01273	0.01350	0.01988	0.01241	0.05589	0.65500	0.00728	0.01291	0.00572	0.00278	0.00497
21	0.85377	0.01007	0.00765	0.00685	0.01007	0.01168	0.00564	0.01531	0.00886	0.02336	0.00725	0.00846	0.00564	0.00483	0.00322	0.00161	0.00403	0.00282	0.00322	0.00564
22	0.00757	0.00505	0.00568	0.00568	0.00568	0.00505	0.00316	0.00757	0.00757	0.01010	0.01641	0.03408	0.01893	0.81698	0.02651	0.00505	0.00505	0.00757	0.00316	0.00316
23	0.04940	0.00998	0.01261	0.00970	0.01373	0.00939	0.00801	0.16496	0.01652	0.62106	0.01860	0.01644	0.01190	0.00636	0.00517	0.00160	0.00466	0.00506	0.00611	0.00876
24	0.01926	0.01319	0.01445	0.01118	0.01501	0.01432	0.00912	0.62318	0.02208	0.11798	0.01373	0.01477	0.01010	0.06883	0.00686	0.00184	0.00553	0.00497	0.00519	0.00842
25	0.01098	0.04575	0.58899	0.01636	0.02340	0.01258	0.19587	0.01651	0.01129	0.01642	0.00957	0.01165	0.00691	0.00480	0.00519	0.00166	0.00789	0.00436	0.00230	0.00751

[dist]
# distance from previous block
# <min> <max>
0	1

[block]
# block no. 3 follows, 47 sequences, length 37
# corresponding to MSA columns:
# 232-268
name=unknown_D
#
# <colnr> <probs for GDERKNQSTAVLIFYWHMCP>
#	G	D	E	R	K	N	Q	S	T	A	V	L	I	F	Y	W	H	M	C	P
0	0.18823	0.01379	0.02322	0.01732	0.02144	0.07367	0.47403	0.01630	0.01134	0.01736	0.00929	0.01226	0.00723	0.00503	0.00651	0.00175	0.08692	0.00508	0.00273	0.00653
1	0.01048	0.00808	0.01013	0.01065	0.03843	0.00860	0.00856	0.07812	0.18922	0.01864	0.04957	0.05732	0.02493	0.01159	0.00647	0.00212	0.00466	0.45146	0.00490	0.00604
2	0.01207	0.28159	0.28589	0.05467	0.02010	0.02837	0.14753	0.01586	0.01111	0.01495	0.00883	0.01078	0.00697	0.00462	0.00455	0.00142	0.00686	0.00388	0.00237	0.07757
3	0.01110	0.01007	0.01065	0.00805	0.01209	0.07279	0.00634	0.01335	0.01162	0.01710	0.10553	0.01419	0.01280	0.00483	0.00421	0.00093	0.00415	0.00390	0.00338	0.67294
4	0.01349	0.01145	0.01208	0.01071	0.01375	0.01320	0.00837	0.08551	0.71638	0.02265	0.02052	0.01889	0.01535	0.00700	0.00529	0.00175	0.00425	0.00579	0.00529	0.00829
5	0.00711	0.00531	0.00660	0.00628	0.00762	0.00480	0.00471	0.00933	0.01413	0.01944	0.62690	0.04128	0.20489	0.01119	0.00614	0.00166	0.00250	0.00975	0.00554	0.00480
6	0.01045	0.02694	0.79000	0.01484	0.02254	0.01209	0.01924	0.01649	0.01099	0.01649	0.00935	0.01099	0.00660	0.00495	0.00495	0.00165	0.00770	0.00385	0.00220	0.00770
7	0.09449	0.01370	0.01439	0.01128	0.01517	0.01526	0.00924	0.62212	0.08561	0.03059	0.01283	0.01314	0.00935	0.02221	0.00546	0.00165	0.00543	0.00468	0.00500	0.00840
8	0.01045	0.02694	0.79000	0.01484	0.02254	0.01209	0.01924	0.01649	0.01099	0.01649	0.00935	0.01099	0.00660	0.00495	0.00495	0.00165	0.00770	0.00385	0.00220	0.00770
9	0.00644	0.00504	0.00562	0.00593	0.00704	0.00446	0.00414	0.00753	0.01094	0.01368	0.07576	0.25901	0.44561	0.11422	0.00883	0.00226	0.00304	0.01155	0.00467	0.00422
10	0.00757	0.00505	0.00568	0.00568	0.00568	0.00505	0.00316	0.00757	0.00757	0.01010	0.01641	0.03408	0.01893	0.81698	0.02651	0.00505	0.00505	0.00757	0.00316	0.00316
11	0.01513	0.01159	0.01873	0.04094	0.54130	0.01148	0.02743	0.03170	0.05244	0.17825	0.01268	0.01427	0.00959	0.00518	0.00520	0.00158	0.00577	0.00486	0.00357	0.00832
12	0.02294	0.00877	0.01195	0.00919	0.01315	0.00758	0.00758	0.02497	0.01490	0.76787	0.04062	0.01828	0.01385	0.00656	0.00526	0.00161	0.00438	0.00535	0.00643	0.00876
13	0.00643	0.00459	0.00600	0.00709	0.00740	0.00429	0.00469	0.00728	0.00984	0.01308	0.02835	0.73936	0.05030	0.07467	0.00808	0.00232	0.00316	0.01419	0.00471	0.00416
14	0.01038	0.02247	0.58947	0.11341	0.03942	0.01213	0.01750	0.01549	0.01066	0.01568	0.00969	0.03450	0.00750	0.00565	0.00605	0.00172	0.07443	0.00434	0.00230	0.00720
15	0.01078	0.01105	0.05375	0.53241	0.23052	0.01187	0.03112	0.01452	0.02618	0.01467	0.00967	0.01360	0.00747	0.00507	0.00520	0.00168	0.00676	0.00465	0.00244	0.00660
16	0.01435	0.01050	0.01157	0.01017	0.01320	0.01168	0.00797	0.02637	0.61235	0.14588	0.06069	0.02017	0.01714	0.00715	0.00533	0.00173	0.00408	0.00597	0.00551	0.00817
17	0.02865	0.01033	0.01731	0.48010	0.31495	0.01171	0.01462	0.01420	0.01084	0.01481	0.00941	0.01344	0.00745	0.00528	0.00550	0.02120	0.00654	0.00459	0.00243	0.00662
18	0.00652	0.00465	0.00624	0.00745	0.00782	0.00438	0.00513	0.00755	0.01014	0.01349	0.02861	0.75036	0.03407	0.01615	0.00669	0.00214	0.00317	0.07634	0.00483	0.00428
19	0.00692	0.00492	0.00626	0.00699	0.00778	0.00450	0.00493	0.00816	0.01104	0.03225	0.11530	0.54098	0.16572	0.01483	0.00650	0.00200	0.00301	0.04850	0.00497	0.00447
20	0.00813	0.00621	0.00723	0.00677	0.00830	0.00600	0.00504	0.04689	0.07750	0.01879	0.42092	0.05102	0.22640	0.07853	0.00775	0.00197	0.00303	0.00922	0.00521	0.00509
21	0.75483	0.01009	0.00812	0.00713	0.01036	0.01155	0.00586	0.05468	0.00994	0.04874	0.00829	0.00934	0.00630	0.00500	0.00341	0.00160	0.00408	0.00306	0.03173	0.00589
22	0.03132	0.52675	0.02278	0.01119	0.06744	0.04149	0.00941	0.11028	0.10470	0.01652	0.00978	0.01055	0.00815	0.00504	0.00397	0.00129	0.00554	0.00354	0.00303	0.00721
23	0.01238	0.01048	0.01727	0.17208	0.46722	0.01075	0.01339	0.01534	0.01220	0.08133	0.10771	0.01743	0.02802	0.00581	0.00531	0.00160	0.00565	0.00540	0.00329	0.00735
24	0.01430	0.01466	0.13024	0.06199	0.43554	0.03858	0.01453	0.11053	0.01357	0.08317	0.01087	0.01286	0.00835	0.00507	0.00510	0.00156	0.00630	0.00451	0.00318	0.02509
25	0.01207	0.26444	0.45454	0.01290	0.03265	0.03056	0.01480	0.03835	0.05120	0.01596	0.02206	0.01114	0.00790	0.00504	0.00451	0.00148	0.00673	0.00375	0.00253	0.00738
26	0.01671	0.01049	0.01211	0.00997	0.01302	0.01093	0.00793	0.39179	0.01823	0.18455	0.01899	0.20195	0.03729	0.00918	0.00601	0.02606	0.00471	0.00734	0.00528	0.00746
27	0.01323	0.01406	0.01869	0.05407	0.09460	0.19936	0.26266	0.01606	0.01220	0.01580	0.01176	0.02474	0.02183	0.00558	0.00581	0.00157	0.05319	0.00511	0.16340	0.00628
28	0.00744	0.00558	0.00837	0.00837	0.00930	0.00651	0.00651	0.00930	0.00837	0.01209	0.01395	0.02046	0.01302	0.03906	0.79635	0.00837	0.01395	0.00558	0.00279	0.00465
29	0.01899	0.01419	0.01518	0.01182	0.01584	0.01577	0.00970	0.68036	0.11257	0.03153	0.01352	0.01332	0.00968	0.00635	0.00522	0.00159	0.00554	0.00483	0.00522	0.00878
30	0.00983	0.00926	0.01562	0.80447	0.03587	0.01157	0.01446	0.01331	0.01041	0.01331	0.00926	0.01388	0.00694	0.00521	0.00521	0.00174	0.00694	0.00463	0.00231	0.00579
31	0.01011	0.00564	0.00572	0.00557	0.00700	0.00586	0.00421	0.01407	0.10626	0.01971	0.01751	0.01942	0.01367	0.00619	0.00385	0.00128	0.00264	0.00498	0.74102	0.00528
32	0.74972	0.01063	0.00865	0.00749	0.01083	0.01224	0.00617	0.10911	0.01081	0.02454	0.00791	0.00896	0.00604	0.00501	0.00347	0.00161	0.00424	0.00305	0.00347	0.00604
33	0.00982	0.00871	0.01428	0.70470	0.03215	0.01073	0.01311	0.01316	0.01048	0.01407	0.01022	0.01457	0.00774	0.00531	0.00501	0.00167	0.00638	0.00466	0.10756	0.00567
34	0.01294	0.01133	0.01294	0.01326	0.10973	0.01288	0.00921	0.02621	0.67987	0.02119	0.01977	0.01861	0.01494	0.00676	0.00528	0.00174	0.00438	0.00573	0.00496	0.00824
35	0.01353	0.71895	0.02523	0.00876	0.01324	0.01890	0.00857	0.01528	0.01061	0.01284	0.00749	0.00866	0.00681	0.00438	0.00341	0.00107	0.00536	0.00282	0.00233	0.11175
36	0.01359	0.01249	0.02016	0.06970	0.64965	0.01280	0.01514	0.10956	0.01336	0.01879	0.01011	0.01289	0.00826	0.00487	0.00516	0.00156	0.00617	0.00465	0.00289	0.00820

[dist]
# distance from previous block
# <min> <max>
0	1

[block]
# block no. 4 follows, 47 sequences, length 21
# corresponding to MSA columns:
# 270-290
name=unknown_E
#
# <colnr> <probs for GDERKNQSTAVLIFYWHMCP>
#	G	D	E	R	K	N	Q	S	T	A	V	L	I	F	Y	W	H	M	C	P
0	0.00737	0.00532	0.00696	0.00655	0.00778	0.00491	0.00491	0.00983	0.01474	0.02088	0.78175	0.03890	0.04914	0.01065	0.00614	0.00164	0.00246	0.00942	0.00573	0.00491
1	0.01827	0.01401	0.01569	0.01229	0.01570	0.01611	0.01017	0.63041	0.02149	0.02914	0.01148	0.01230	0.00849	0.00677	0.00736	0.00169	0.15099	0.00466	0.00468	0.00828
2	0.01919	0.01509	0.15486	0.01167	0.01644	0.01283	0.01091	0.40575	0.01913	0.25935	0.01437	0.01382	0.00967	0.00607	0.00517	0.00159	0.00569	0.00470	0.00504	0.00865
3	0.16289	0.00817	0.00858	0.00777	0.00990	0.02361	0.00600	0.04165	0.17009	0.03919	0.38730	0.02760	0.05159	0.02659	0.00581	0.00173	0.00344	0.00712	0.00504	0.00593
4	0.85377	0.01007	0.00765	0.00685	0.01007	0.01168	0.00564	0.01531	0.00886	0.02336	0.00725	0.00846	0.00564	0.00483	0.00322	0.00161	0.00403	0.00282	0.00322	0.00564
5	0.01118	0.01246	0.02612	0.01893	0.02356	0.01158	0.62759	0.01501	0.01222	0.01621	0.01819	0.02058	0.14823	0.00598	0.00615	0.00176	0.00767	0.00702	0.00303	0.00655
6	0.16073	0.00618	0.00709	0.00661	0.00820	0.00614	0.00505	0.01082	0.01368	0.02133	0.64142	0.03338	0.04126	0.00959	0.00561	0.00163	0.00274	0.00822	0.00528	0.00505
7	0.16045	0.00665	0.00645	0.00616	0.00822	0.00649	0.00473	0.01086	0.07569	0.01720	0.12721	0.03868	0.49150	0.01086	0.00555	0.00172	0.00299	0.00890	0.00469	0.00500
8	0.02055	0.01198	0.01421	0.01101	0.01477	0.01266	0.00911	0.40071	0.01919	0.33977	0.01531	0.01454	0.01034	0.00657	0.00622	0.00164	0.07246	0.00490	0.00547	0.00859
9	0.00657	0.00473	0.00624	0.00712	0.00765	0.00440	0.00490	0.00780	0.01093	0.01474	0.16580	0.63480	0.05817	0.01516	0.00655	0.00202	0.00295	0.03009	0.00500	0.00437
10	0.00843	0.00605	0.00782	0.00762	0.00843	0.00660	0.00545	0.07208	0.00958	0.01322	0.01598	0.09334	0.01664	0.31216	0.38665	0.00607	0.00913	0.00702	0.00330	0.00443
11	0.00759	0.00577	0.00712	0.00783	0.00865	0.00584	0.00546	0.01107	0.14881	0.01517	0.06073	0.63535	0.03173	0.01439	0.00638	0.00203	0.00320	0.01295	0.00496	0.00499
12	0.00909	0.00826	0.01344	0.59318	0.02863	0.01005	0.01214	0.01209	0.01016	0.01315	0.01376	0.01811	0.07310	0.01201	0.14863	0.00294	0.00785	0.00533	0.00261	0.00546
13	0.01792	0.01673	0.15583	0.01246	0.01724	0.01533	0.01155	0.61142	0.04205	0.02957	0.01216	0.01241	0.00863	0.00604	0.00516	0.00158	0.00604	0.00457	0.00467	0.00863
14	0.01592	0.03569	0.01548	0.14361	0.11887	0.46818	0.01122	0.03298	0.01325	0.01373	0.00904	0.01155	0.00752	0.00807	0.07123	0.00202	0.00880	0.00393	0.00266	0.00624
15	0.02242	0.00568	0.00699	0.00737	0.00820	0.00577	0.00532	0.02989	0.01071	0.01453	0.04525	0.47516	0.19120	0.01466	0.02966	0.00216	0.06672	0.01186	0.04186	0.00459
16	0.03935	0.01214	0.01809	0.10250	0.42643	0.04650	0.03498	0.08064	0.01338	0.15766	0.01179	0.01359	0.00886	0.00519	0.00513	0.00158	0.00606	0.00469	0.00350	0.00795
17	0.02978	0.35029	0.20907	0.01089	0.02650	0.02829	0.01111	0.09672	0.03214	0.04564	0.03264	0.03193	0.02049	0.00550	0.00433	0.00138	0.00579	0.00408	0.00306	0.05036
18	0.16547	0.01052	0.02890	0.03270	0.05187	0.04431	0.00759	0.08797	0.07440	0.09004	0.07362	0.01784	0.08014	0.00633	0.00465	0.00143	0.00443	0.00499	0.02792	0.18487
19	0.18661	0.21619	0.03972	0.11809	0.02825	0.05348	0.00924	0.04599	0.03967	0.05680	0.00968	0.01137	0.00771	0.00543	0.00515	0.00149	0.07263	0.00373	0.05075	0.03799
20	0.21980	0.01414	0.19630	0.01036	0.01454	0.02183	0.03175	0.12990	0.05189	0.08713	0.05885	0.03958	0.06184	0.00671	0.00485	0.00165	0.00519	0.01763	0.01917	0.00688

[dist]
# distance from previous block
# <min> <max>
0	71

[block]
# block no. 5 follows, 47 sequences, length 96
# corresponding to MSA columns:
# 362-457
name=unknown_F
#
# <colnr> <probs for GDERKNQSTAVLIFYWHMCP>
#	G	D	E	R	K	N	Q	S	T	A	V	L	I	F	Y	W	H	M	C	P
0	0.05657	0.03802	0.38282	0.17779	0.06571	0.04195	0.01451	0.01520	0.01088	0.01624	0.01020	0.01286	0.00776	0.01865	0.00507	0.00164	0.00657	0.00414	0.10673	0.00670
1	0.40937	0.05912	0.09876	0.02349	0.05715	0.01212	0.00871	0.11703	0.01197	0.05343	0.00942	0.01058	0.00715	0.00505	0.00398	0.00150	0.00487	0.00351	0.03465	0.06813
2	0.01045	0.02694	0.79000	0.01484	0.02254	0.01209	0.01924	0.01649	0.01099	0.01649	0.00935	0.01099	0.00660	0.00495	0.00495	0.00165	0.00770	0.00385	0.00220	0.00770
3	0.00653	0.00533	0.00601	0.00619	0.00770	0.00480	0.00474	0.00799	0.01129	0.01389	0.04382	0.09815	0.56477	0.01691	0.11025	0.00271	0.00434	0.07554	0.00456	0.00445
4	0.01431	0.76456	0.02641	0.00923	0.01356	0.07478	0.00899	0.01596	0.01087	0.01229	0.00730	0.00843	0.00668	0.00452	0.00344	0.00113	0.00584	0.00282	0.00226	0.00664
5	0.00744	0.00558	0.00837	0.00837	0.00930	0.00651	0.00651	0.00930	0.00837	0.01209	0.01395	0.02046	0.01302	0.03906	0.79635	0.00837	0.01395	0.00558	0.00279	0.00465
6	0.00739	0.00534	0.00699	0.00661	0.00784	0.00493	0.00498	0.00985	0.01469	0.02078	0.76690	0.03929	0.04876	0.01072	0.00616	0.00165	0.00250	0.02399	0.00571	0.00491
7	0.09867	0.01017	0.01586	0.46435	0.20823	0.01185	0.01348	0.03198	0.01089	0.01574	0.00979	0.01449	0.00794	0.00551	0.00548	0.00172	0.03507	0.02976	0.00262	0.00639
8	0.00726	0.00533	0.00682	0.00654	0.00781	0.00489	0.00494	0.00957	0.01425	0.01984	0.66509	0.05650	0.12289	0.01115	0.00619	0.00169	0.00257	0.03623	0.00559	0.00484
9	0.00634	0.00455	0.00602	0.00720	0.00754	0.00423	0.00481	0.00726	0.01002	0.01331	0.02930	0.79463	0.05301	0.01624	0.00663	0.00211	0.00301	0.01471	0.00483	0.00423
10	0.01945	0.02482	0.01476	0.01342	0.01610	0.79608	0.01006	0.02079	0.01476	0.01275	0.00805	0.00939	0.00671	0.00537	0.00470	0.00134	0.00939	0.00335	0.00268	0.00604
11	0.06414	0.01008	0.01686	0.58705	0.15109	0.01180	0.05788	0.01405	0.01065	0.01472	0.00929	0.01339	0.00712	0.00505	0.00513	0.00170	0.00675	0.00460	0.00243	0.00623
12	0.01160	0.00669	0.00831	0.00734	0.00936	0.02441	0.00571	0.01381	0.01447	0.21351	0.48983	0.03427	0.10617	0.00977	0.00590	0.00165	0.00318	0.02241	0.00574	0.00589
13	0.00634	0.00453	0.00604	0.00725	0.00755	0.00423	0.00483	0.00725	0.00997	0.01329	0.02870	0.81358	0.03444	0.01632	0.00665	0.00211	0.00302	0.01480	0.00483	0.00423
14	0.01080	0.00926	0.01080	0.00771	0.01234	0.00694	0.00617	0.01311	0.01080	0.01697	0.00926	0.01080	0.00771	0.00386	0.00386	0.00077	0.00386	0.00309	0.00309	0.84882
15	0.03450	0.17197	0.05108	0.07761	0.23905	0.21159	0.02580	0.05309	0.01251	0.01536	0.00871	0.01094	0.00727	0.00519	0.00537	0.00148	0.05499	0.00391	0.00263	0.00697
16	0.01392	0.82012	0.02729	0.00891	0.01337	0.02061	0.00891	0.01559	0.01058	0.01225	0.00724	0.00835	0.00668	0.00446	0.00334	0.00111	0.00557	0.00278	0.00223	0.00668
17	0.00615	0.00528	0.00528	0.00528	0.00703	0.00440	0.00396	0.00747	0.01187	0.01407	0.05276	0.05012	0.78238	0.01319	0.00615	0.00176	0.00264	0.01099	0.00484	0.00440
18	0.00983	0.00916	0.01538	0.78700	0.03522	0.01142	0.01423	0.01328	0.01042	0.01344	0.00942	0.01400	0.00708	0.00523	0.00517	0.00172	0.00684	0.00463	0.02074	0.00576
19	0.00703	0.00531	0.00649	0.00619	0.00757	0.00477	0.00465	0.00917	0.01394	0.01898	0.57764	0.04204	0.25444	0.01136	0.00615	0.00167	0.00251	0.00986	0.00548	0.00477
20	0.00711	0.00544	0.00660	0.00723	0.00836	0.00511	0.00550	0.00906	0.04120	0.01449	0.04981	0.29752	0.28415	0.04144	0.00723	0.00214	0.00343	0.19483	0.00480	0.00456
21	0.82671	0.01022	0.00791	0.00701	0.01027	0.01183	0.00578	0.03970	0.00937	0.02367	0.00742	0.00859	0.00574	0.00488	0.00329	0.00161	0.00408	0.00288	0.00329	0.00574
22	0.00905	0.00452	0.00678	0.00678	0.00678	0.00452	0.00452	0.00678	0.00678	0.00905	0.00905	0.01583	0.00905	0.01809	0.02035	0.84848	0.00452	0.00452	0.00226	0.00226
23	0.01338	0.00809	0.00853	0.00727	0.00952	0.00854	0.00577	0.25276	0.01537	0.04981	0.01568	0.01716	0.01190	0.00614	0.00419	0.00134	0.00355	0.00481	0.54992	0.00626
24	0.01109	0.00943	0.01096	0.00785	0.01247	0.00724	0.00629	0.03781	0.01125	0.01749	0.00936	0.01085	0.00775	0.00394	0.00390	0.00080	0.00392	0.00314	0.00315	0.82131
25	0.01027	0.00600	0.00767	0.00687	0.00872	0.00536	0.00529	0.01245	0.01430	0.16834	0.51322	0.03666	0.16393	0.01026	0.00597	0.00165	0.00287	0.00887	0.00572	0.00559
26	0.01302	0.00967	0.01152	0.03411	0.01355	0.00797	0.00694	0.07985	0.01245	0.10846	0.01086	0.01186	0.00839	0.00441	0.00418	0.00097	0.00419	0.00353	0.00364	0.65044
27	0.02901	0.03373	0.00977	0.03018	0.01115	0.06213	0.00653	0.03275	0.07277	0.13367	0.23080	0.09953	0.12481	0.00926	0.00555	0.00163	0.00395	0.02978	0.00490	0.06811
28	0.24717	0.49847	0.04667	0.00894	0.01301	0.08616	0.00846	0.01600	0.01049	0.01552	0.00739	0.00856	0.00639	0.00466	0.00348	0.00129	0.00555	0.00288	0.00254	0.00637
29	0.00757	0.00505	0.00568	0.00568	0.00568	0.00505	0.00316	0.00757	0.00757	0.01010	0.01641	0.03408	0.01893	0.81698	0.02651	0.00505	0.00505	0.00757	0.00316	0.00316
30	0.01496	0.01313	0.01490	0.01243	0.01434	0.07477	0.01014	0.31608	0.01530	0.02077	0.01105	0.07928	0.00996	0.00828	0.01049	0.00191	0.35626	0.00538	0.00370	0.00687
31	0.02306	0.00934	0.01238	0.00949	0.01353	0.00837	0.00784	0.08777	0.01571	0.72457	0.01987	0.01729	0.01255	0.00643	0.00523	0.00161	0.00454	0.00519	0.00634	0.00886
32	0.00983	0.00926	0.01562	0.80447	0.03587	0.01157	0.01446	0.01331	0.01041	0.01331	0.00926	0.01388	0.00694	0.00521	0.00521	0.00174	0.00694	0.00463	0.00231	0.00579
33	0.00757	0.00505	0.00568	0.00568	0.00568	0.00505	0.00316	0.00757	0.00757	0.01010	0.01641	0.03408	0.01893	0.81698	0.02651	0.00505	0.00505	0.00757	0.00316	0.00316
34	0.05981	0.01420	0.01505	0.01166	0.01572	0.01577	0.00961	0.69329	0.06175	0.03180	0.01269	0.01266	0.00906	0.00622	0.00512	0.00158	0.00557	0.00466	0.00512	0.00867
35	0.00971	0.00485	0.00485	0.00485	0.00607	0.00485	0.00364	0.01213	0.01092	0.01942	0.01699	0.01942	0.01335	0.00607	0.00364	0.00121	0.00243	0.00485	0.84589	0.00485
36	0.00736	0.00540	0.00711	0.03621	0.00928	0.00533	0.00570	0.04880	0.01090	0.01447	0.02738	0.63868	0.05787	0.01598	0.03545	0.00231	0.00380	0.05869	0.00469	0.00459
37	0.14433	0.01245	0.01347	0.05603	0.01554	0.02712	0.00901	0.45320	0.01886	0.12270	0.01255	0.01312	0.00901	0.00824	0.05926	0.00205	0.00601	0.00451	0.00469	0.00786
38	0.00983	0.00926	0.01562	0.80447	0.03587	0.01157	0.01446	0.01331	0.01041	0.01331	0.00926	0.01388	0.00694	0.00521	0.00521	0.00174	0.00694	0.00463	0.00231	0.00579
39	0.01030	0.02344	0.64375	0.01440	0.03968	0.01138	0.03434	0.01613	0.03624	0.01716	0.09315	0.01440	0.01156	0.00561	0.00512	0.00165	0.00700	0.00459	0.00270	0.00741
40	0.00744	0.00558	0.00837	0.00837	0.00930	0.00651	0.00651	0.00930	0.00837	0.01209	0.01395	0.02046	0.01302	0.03906	0.79635	0.00837	0.01395	0.00558	0.00279	0.00465
41	0.01194	0.01155	0.03262	0.09948	0.60023	0.01153	0.01463	0.01522	0.02577	0.01662	0.03766	0.01610	0.02655	0.00653	0.03206	0.00183	0.00627	0.02298	0.00281	0.00761
42	0.00744	0.00558	0.00837	0.00837	0.00930	0.00651	0.00651	0.00930	0.00837	0.01209	0.01395	0.02046	0.01302	0.03906	0.79635	0.00837	0.01395	0.00558	0.00279	0.00465
43	0.00728	0.00501	0.00599	0.00631	0.00640	0.00501	0.00382	0.00757	0.00830	0.01111	0.01993	0.26868	0.02338	0.56009	0.02034	0.00411	0.01982	0.00970	0.00364	0.00353
44	0.00757	0.00505	0.00568	0.00568	0.00568	0.00505	0.00316	0.00757	0.00757	0.01010	0.01641	0.03408	0.01893	0.81698	0.02651	0.00505	0.00505	0.00757	0.00316	0.00316
45	0.00890	0.00466	0.00689	0.02150	0.00736	0.00466	0.00469	0.00702	0.00728	0.00966	0.03228	0.01784	0.04180	0.01745	0.01910	0.77461	0.00443	0.00493	0.00246	0.00249
46	0.10017	0.04396	0.01720	0.29896	0.26734	0.01251	0.03725	0.05504	0.01147	0.01676	0.02391	0.02699	0.00860	0.00551	0.00567	0.00166	0.05280	0.00468	0.00276	0.00675
47	0.41486	0.09414	0.17330	0.04419	0.01595	0.03149	0.07823	0.01636	0.01036	0.06598	0.00889	0.01029	0.00667	0.00491	0.00410	0.00158	0.00564	0.00357	0.00300	0.00650
48	0.06817	0.09451	0.01568	0.01325	0.05512	0.51100	0.00988	0.06338	0.05322	0.03364	0.00921	0.01037	0.00747	0.00548	0.00492	0.00141	0.03009	0.00362	0.00303	0.00652
49	0.00645	0.00460	0.00611	0.00728	0.00761	0.00431	0.00491	0.00738	0.00997	0.01328	0.02830	0.76469	0.03383	0.04011	0.00726	0.00221	0.00314	0.03956	0.00478	0.00422
50	0.01719	0.34975	0.01988	0.01158	0.01498	0.47924	0.00959	0.01867	0.01305	0.01254	0.00772	0.00897	0.00670	0.00499	0.00414	0.00125	0.00783	0.00312	0.00250	0.00630
51	0.00664	0.00525	0.00595	0.00624	0.00747	0.00473	0.00446	0.00838	0.03881	0.01470	0.12132	0.28824	0.41426	0.04064	0.00696	0.00197	0.00287	0.01173	0.00489	0.00450
52	0.01326	0.04400	0.05328	0.02630	0.01338	0.01096	0.00831	0.28143	0.09818	0.04331	0.04523	0.24443	0.01820	0.00906	0.00548	0.00168	0.00461	0.00768	0.00467	0.06654
53	0.01873	0.02670	0.13144	0.01180	0.07777	0.00893	0.00993	0.04217	0.01423	0.49848	0.09001	0.01800	0.01478	0.00643	0.00524	0.00160	0.00494	0.00531	0.00530	0.00822
54	0.00839	0.00599	0.00839	0.00959	0.01079	0.00599	0.00839	0.01079	0.01199	0.01558	0.02757	0.05874	0.02997	0.01439	0.00719	0.00240	0.00480	0.74945	0.00480	0.00480
55	0.03201	0.12122	0.35935	0.04336	0.09072	0.01348	0.23485	0.01626	0.01133	0.01612	0.00941	0.01175	0.00712	0.00470	0.00508	0.00161	0.00750	0.00445	0.00239	0.00731
56	0.01353	0.01239	0.05592	0.04834	0.14978	0.03862	0.02803	0.23027	0.14856	0.02116	0.01822	0.04202	0.09229	0.05528	0.00665	0.00186	0.00543	0.02022	0.00415	0.00730
57	0.02325	0.00904	0.01220	0.00935	0.01338	0.00792	0.00772	0.04850	0.01520	0.76456	0.02029	0.01756	0.01277	0.00644	0.00524	0.00161	0.00447	0.00522	0.00641	0.00886
58	0.41446	0.00925	0.00942	0.00780	0.01118	0.00959	0.00640	0.04595	0.01201	0.32549	0.01363	0.01332	0.00936	0.00564	0.00413	0.00157	0.00409	0.00404	0.08572	0.00695
59	0.01362	0.01346	0.07546	0.04805	0.36540	0.07251	0.05416	0.08927	0.02645	0.06166	0.01288	0.05864	0.01127	0.02554	0.00587	0.00173	0.00626	0.04699	0.00333	0.00745
60	0.01277	0.01234	0.02136	0.05563	0.73014	0.01238	0.04664	0.01593	0.01183	0.01688	0.00981	0.01297	0.00819	0.00465	0.00520	0.00156	0.00632	0.00470	0.00257	0.00812
61	0.00741	0.00498	0.00573	0.00589	0.00593	0.00494	0.00338	0.00753	0.00789	0.01052	0.01805	0.13785	0.02100	0.71039	0.02386	0.00466	0.00478	0.00854	0.00338	0.00330
62	0.00670	0.00602	0.03805	0.00644	0.00798	0.00482	0.00503	0.00844	0.01221	0.01586	0.24450	0.20985	0.38969	0.01283	0.00621	0.00180	0.00288	0.01109	0.00497	0.00464
63	0.85377	0.01007	0.00765	0.00685	0.01007	0.01168	0.00564	0.01531	0.00886	0.02336	0.00725	0.00846	0.00564	0.00483	0.00322	0.00161	0.00403	0.00282	0.00322	0.00564
64	0.01068	0.06877	0.73513	0.01445	0.02189	0.01256	0.01849	0.01665	0.02508	0.01636	0.00945	0.01101	0.00677	0.00496	0.00487	0.00162	0.00752	0.00383	0.00226	0.00765
65	0.01117	0.01107	0.01552	0.01337	0.01343	0.01542	0.01112	0.01235	0.00800	0.01251	0.00724	0.01190	0.00718	0.01080	0.06101	0.00262	0.76272	0.00461	0.00231	0.00564
66	0.01392	0.82012	0.02729	0.00891	0.01337	0.02061	0.00891	0.01559	0.01058	0.01225	0.00724	0.00835	0.00668	0.00446	0.00334	0.00111	0.00557	0.00278	0.00223	0.00668
67	0.00757	0.00507	0.00579	0.00579	0.00583	0.00511	0.00329	0.00764	0.00761	0.01018	0.01631	0.03351	0.01869	0.78472	0.05843	0.00519	0.00542	0.00749	0.00314	0.00322
68	0.00996	0.00934	0.01546	0.77195	0.03495	0.01163	0.01421	0.01389	0.04174	0.01365	0.00975	0.01411	0.00731	0.00528	0.00521	0.00174	0.00683	0.00468	0.00244	0.00589
69	0.01945	0.02482	0.01476	0.01342	0.01610	0.79608	0.01006	0.02079	0.01476	0.01275	0.00805	0.00939	0.00671	0.00537	0.00470	0.00134	0.00939	0.00335	0.00268	0.00604
70	0.00755	0.00504	0.00569	0.00572	0.00572	0.00503	0.00319	0.00757	0.00763	0.01017	0.01669	0.05192	0.01929	0.79865	0.02605	0.00498	0.00500	0.00774	0.00319	0.00318
71	0.00971	0.00485	0.00485	0.00485	0.00607	0.00485	0.00364	0.01213	0.01092	0.01942	0.01699	0.01942	0.01335	0.00607	0.00364	0.00121	0.00243	0.00485	0.84589	0.00485
72	0.01289	0.01237	0.02114	0.03196	0.78450	0.01237	0.01598	0.01598	0.01186	0.01701	0.00980	0.01289	0.00825	0.00464	0.00516	0.00155	0.00619	0.00464	0.00258	0.00825
73	0.00839	0.00599	0.00839	0.00959	0.01079	0.00599	0.00839	0.01079	0.01199	0.01558	0.02757	0.05874	0.02997	0.01439	0.00719	0.00240	0.00480	0.74945	0.00480	0.00480
74	0.01392	0.82012	0.02729	0.00891	0.01337	0.02061	0.00891	0.01559	0.01058	0.01225	0.00724	0.00835	0.00668	0.00446	0.00334	0.00111	0.00557	0.00278	0.00223	0.00668
75	0.02192	0.00854	0.01162	0.00902	0.01279	0.00741	0.00741	0.02397	0.01489	0.71858	0.08952	0.01964	0.01618	0.00683	0.00532	0.00161	0.00425	0.00562	0.00638	0.00850
76	0.08181	0.03465	0.02877	0.00865	0.01196	0.00780	0.00718	0.02021	0.01362	0.50610	0.11046	0.08119	0.01842	0.02438	0.00571	0.00172	0.00419	0.02002	0.00566	0.00750
77	0.01945	0.02482	0.01476	0.01342	0.01610	0.79608	0.01006	0.02079	0.01476	0.01275	0.00805	0.00939	0.00671	0.00537	0.00470	0.00134	0.00939	0.00335	0.00268	0.00604
78	0.00737	0.00532	0.00696	0.00655	0.00778	0.00491	0.00491	0.00983	0.01474	0.02088	0.78175	0.03890	0.04914	0.01065	0.00614	0.00164	0.00246	0.00942	0.00573	0.00491
79	0.01335	0.01259	0.01602	0.01397	0.04044	0.04872	0.01121	0.15355	0.01147	0.01647	0.00804	0.01157	0.00725	0.00827	0.01395	0.00208	0.59727	0.00453	0.00285	0.00639
80	0.01857	0.02301	0.01386	0.01264	0.01519	0.72438	0.00948	0.02001	0.01441	0.01335	0.00886	0.01030	0.00731	0.00543	0.00460	0.00133	0.00876	0.00349	0.07909	0.00593
81	0.00744	0.00556	0.00827	0.00827	0.00917	0.00646	0.00639	0.00924	0.00834	0.01202	0.01404	0.02095	0.01323	0.06696	0.76874	0.00825	0.01363	0.00565	0.00280	0.00460
82	0.01088	0.01029	0.01578	0.52597	0.16187	0.03721	0.01366	0.01517	0.08019	0.01483	0.01146	0.01668	0.00932	0.00582	0.00531	0.00173	0.00651	0.04814	0.00279	0.00639
83	0.00983	0.00926	0.01562	0.80447	0.03587	0.01157	0.01446	0.01331	0.01041	0.01331	0.00926	0.01388	0.00694	0.00521	0.00521	0.00174	0.00694	0.00463	0.00231	0.00579
84	0.01121	0.01068	0.01530	0.27075	0.08629	0.04048	0.03005	0.01440	0.06238	0.01441	0.00992	0.01369	0.00827	0.00756	0.02825	0.00202	0.29775	0.00472	0.06578	0.00607
85	0.00639	0.00528	0.00560	0.00552	0.00718	0.00449	0.00414	0.00792	0.01242	0.01536	0.19116	0.04799	0.64317	0.01271	0.00615	0.00174	0.00260	0.01069	0.00501	0.00449
86	0.01186	0.01015	0.01079	0.00989	0.01257	0.01149	0.00772	0.02422	0.63604	0.02059	0.03910	0.02529	0.10090	0.00820	0.00551	0.00180	0.00397	0.04713	0.00523	0.00757
87	0.01386	0.08141	0.11983	0.01083	0.01422	0.02712	0.02138	0.32654	0.01605	0.02148	0.01496	0.12575	0.02757	0.10025	0.00819	0.00206	0.03842	0.01917	0.00404	0.00687
88	0.00788	0.00531	0.00599	0.00595	0.00609	0.00534	0.00344	0.03019	0.00820	0.01094	0.01691	0.07291	0.01942	0.75228	0.02487	0.00480	0.00497	0.00785	0.00330	0.00338
89	0.01336	0.27776	0.37587	0.01253	0.03121	0.08031	0.01377	0.01773	0.05016	0.06747	0.00993	0.01093	0.00756	0.00503	0.00445	0.00145	0.00673	0.00368	0.00270	0.00735
90	0.00634	0.00527	0.00548	0.00543	0.00707	0.00448	0.00404	0.00774	0.01205	0.01470	0.13270	0.04835	0.67602	0.03898	0.00681	0.00185	0.00270	0.01070	0.00488	0.00441
91	0.01593	0.01143	0.01244	0.01008	0.01323	0.01237	0.00810	0.49932	0.04267	0.04240	0.06846	0.09114	0.04650	0.02425	0.00575	0.00168	0.00477	0.00632	0.07568	0.00751
92	0.01334	0.01006	0.01185	0.03461	0.01371	0.00906	0.00735	0.13002	0.05065	0.09455	0.01279	0.01356	0.03412	0.00515	0.00480	0.00113	0.02932	0.00403	0.00385	0.51605
93	0.01077	0.00673	0.00723	0.00667	0.00817	0.00713	0.00496	0.11800	0.06585	0.01928	0.01665	0.03978	0.01433	0.14752	0.05589	0.00241	0.00417	0.00565	0.45347	0.00533
94	0.06162	0.25187	0.03384	0.01237	0.01596	0.35714	0.07808	0.07478	0.01344	0.01511	0.00844	0.00995	0.00702	0.00568	0.01788	0.00149	0.02250	0.00358	0.00275	0.00651
95	0.03850	0.01707	0.25388	0.04656	0.10057	0.12284	0.08019	0.04010	0.01277	0.04008	0.10927	0.01931	0.02727	0.00659	0.00536	0.00166	0.00660	0.06131	0.00329	0.00676

[dist]
# distance from previous block
# <min> <max>
0	7

[block]
# block no. 6 follows, 47 sequences, length 45
# corresponding to MSA columns:
# 466-510
name=unknown_G
#
# <colnr> <probs for GDERKNQSTAVLIFYWHMCP>
#	G	D	E	R	K	N	Q	S	T	A	V	L	I	F	Y	W	H	M	C	P
0	0.41833	0.14779	0.02519	0.00946	0.03966	0.06272	0.00772	0.08143	0.01155	0.07715	0.02429	0.01079	0.00793	0.00637	0.02991	0.00174	0.02459	0.00353	0.00341	0.00644
1	0.03087	0.42331	0.02122	0.01212	0.07339	0.24140	0.00967	0.03771	0.05262	0.04120	0.00901	0.01002	0.00755	0.00499	0.00409	0.00128	0.00657	0.00339	0.00279	0.00681
2	0.01177	0.01821	0.29745	0.01874	0.04927	0.01255	0.41290	0.05031	0.01228	0.01723	0.01088	0.04389	0.00852	0.00514	0.00567	0.00172	0.00795	0.00555	0.00268	0.00728
3	0.00643	0.00467	0.00607	0.00703	0.00753	0.00431	0.00477	0.00752	0.01059	0.01410	0.10444	0.67763	0.09465	0.01551	0.00656	0.00204	0.00294	0.01398	0.00492	0.00431
4	0.02150	0.00503	0.00687	0.03175	0.00810	0.00517	0.00511	0.00878	0.00845	0.01247	0.01326	0.04195	0.01273	0.02792	0.06266	0.46933	0.00472	0.06995	0.18084	0.00340
5	0.01685	0.00889	0.02704	0.00883	0.01204	0.00816	0.00724	0.07739	0.09540	0.40530	0.10166	0.02422	0.11867	0.02256	0.03960	0.00199	0.00454	0.00648	0.00564	0.00750
6	0.00728	0.00545	0.00651	0.00682	0.00797	0.00508	0.00524	0.00879	0.01138	0.01458	0.13200	0.04790	0.30236	0.18119	0.01072	0.00262	0.00376	0.23143	0.00459	0.00432
7	0.01293	0.01265	0.01560	0.11011	0.28352	0.10790	0.01176	0.01945	0.25613	0.01751	0.03851	0.01699	0.02829	0.00622	0.00555	0.00165	0.02670	0.01754	0.00361	0.00738
8	0.00656	0.00536	0.00584	0.00591	0.00753	0.00464	0.00456	0.00815	0.01227	0.01515	0.14910	0.04951	0.60296	0.01297	0.00626	0.00181	0.00284	0.08913	0.00495	0.00451
