[name]
unknown

[dist]
# distance from previous block
# <min> <max>
13	33

[block]
# block no. 0 follows, 43 sequences, length 14
# corresponding to MSA columns:
# 39-52
name=unknown_A
#
# <colnr> <probs for GDERKNQSTAVLIFYWHMCP>
#	G	D	E	R	K	N	Q	S	T	A	V	L	I	F	Y	W	H	M	C	P
0	0.04570	0.01174	0.03166	0.09206	0.03350	0.04397	0.00928	0.22061	0.08968	0.09842	0.06643	0.07516	0.08891	0.00881	0.02113	0.00187	0.00543	0.00667	0.00484	0.04412
1	0.04313	0.01000	0.02691	0.06894	0.01468	0.01015	0.04081	0.09091	0.21097	0.06466	0.05569	0.08066	0.13819	0.03067	0.00663	0.01683	0.00465	0.00739	0.02710	0.05102
2	0.01703	0.01340	0.01367	0.01118	0.01458	0.07354	0.00887	0.39899	0.10480	0.04179	0.01521	0.04956	0.01242	0.06451	0.04974	0.00228	0.00623	0.00565	0.03429	0.06227
3	0.02985	0.00857	0.00956	0.00880	0.01091	0.03134	0.00671	0.07978	0.09079	0.04315	0.07167	0.22100	0.15302	0.02873	0.04004	0.00222	0.03795	0.02865	0.00480	0.09245
4	0.01524	0.01154	0.01403	0.13588	0.01799	0.01272	0.02974	0.37144	0.03685	0.02527	0.04612	0.04525	0.01329	0.05598	0.04869	0.00228	0.00617	0.00585	0.07820	0.02747
5	0.01046	0.00984	0.01661	0.79205	0.03814	0.01230	0.01538	0.01415	0.01107	0.01415	0.00984	0.01477	0.00738	0.00554	0.00554	0.00185	0.00738	0.00492	0.00246	0.00615
6	0.01274	0.00937	0.01101	0.01019	0.03895	0.01003	0.00738	0.24958	0.01515	0.02106	0.01786	0.19641	0.01794	0.15517	0.04141	0.00272	0.04862	0.00794	0.08331	0.04313
7	0.04053	0.00631	0.00744	0.00706	0.00899	0.00562	0.00532	0.01194	0.01326	0.14649	0.17989	0.18616	0.33499	0.01259	0.00636	0.00189	0.00323	0.01078	0.00556	0.00561
8	0.06574	0.01503	0.01627	0.01330	0.04873	0.01663	0.01049	0.65639	0.04924	0.03324	0.01318	0.01333	0.00945	0.00652	0.00542	0.00167	0.00596	0.00492	0.00531	0.00918
9	0.01461	0.01171	0.01255	0.01116	0.01438	0.01335	0.00872	0.02925	0.70468	0.07978	0.02249	0.02053	0.01667	0.00746	0.00563	0.00187	0.00441	0.00621	0.00573	0.00882
10	0.00675	0.00482	0.00643	0.00771	0.00803	0.00450	0.00514	0.00771	0.01060	0.01414	0.03053	0.80175	0.03663	0.01735	0.00707	0.00225	0.00321	0.01574	0.00514	0.00450
11	0.00766	0.00565	0.00715	0.00678	0.00816	0.00515	0.00508	0.01010	0.01525	0.02119	0.66801	0.04304	0.15277	0.01170	0.00653	0.00176	0.00264	0.01025	0.00596	0.00515
12	0.00702	0.00522	0.00655	0.00709	0.00799	0.00474	0.00498	0.00855	0.01246	0.01663	0.24865	0.43614	0.18375	0.01496	0.00681	0.00203	0.00296	0.01330	0.00542	0.00474
13	0.14536	0.00933	0.01174	0.00925	0.01319	0.00856	0.00760	0.02415	0.01488	0.60654	0.07595	0.01908	0.01547	0.00694	0.00532	0.00172	0.00449	0.00552	0.00629	0.00860

[dist]
# distance from previous block
# <min> <max>
0	2

[block]
# block no. 1 follows, 43 sequences, length 18
# corresponding to MSA columns:
# 55-72
name=unknown_B
#
# <colnr> <probs for GDERKNQSTAVLIFYWHMCP>
#	G	D	E	R	K	N	Q	S	T	A	V	L	I	F	Y	W	H	M	C	P
0	0.01111	0.02865	0.77667	0.01579	0.02397	0.01286	0.02046	0.01754	0.01169	0.01754	0.00994	0.01169	0.00702	0.00526	0.00526	0.00175	0.00818	0.00409	0.00234	0.00818
1	0.01212	0.01212	0.01696	0.01454	0.01454	0.01696	0.01212	0.01333	0.00848	0.01333	0.00727	0.01212	0.00727	0.00969	0.01818	0.00242	0.79523	0.00485	0.00242	0.00606
2	0.01170	0.10852	0.63148	0.01639	0.06370	0.01386	0.04503	0.01742	0.01175	0.01711	0.00978	0.01163	0.00717	0.00517	0.00514	0.00169	0.00790	0.00411	0.00238	0.00808
3	0.64304	0.01227	0.03200	0.00862	0.01236	0.03211	0.00729	0.12573	0.01238	0.05800	0.00923	0.01016	0.00689	0.00545	0.00392	0.00170	0.00482	0.00345	0.00384	0.00672
4	0.80225	0.01096	0.00857	0.00756	0.01104	0.01267	0.00623	0.05403	0.01028	0.02536	0.00800	0.00922	0.00617	0.00522	0.00354	0.00171	0.00438	0.00310	0.00354	0.00617
5	0.01620	0.01133	0.01356	0.01149	0.03638	0.01188	0.03752	0.36306	0.03870	0.10371	0.06240	0.11826	0.05807	0.08182	0.00796	0.00211	0.00524	0.00741	0.00525	0.00764
6	0.00698	0.00543	0.00634	0.00652	0.00785	0.00479	0.00473	0.00863	0.01303	0.01689	0.25943	0.23162	0.37988	0.01404	0.00667	0.00192	0.00285	0.01218	0.00542	0.00479
7	0.01421	0.01369	0.02166	0.06466	0.67179	0.04572	0.01635	0.05210	0.01331	0.01853	0.01045	0.01358	0.00867	0.00507	0.00547	0.00165	0.00673	0.00488	0.00287	0.00859
8	0.06865	0.03437	0.01376	0.01007	0.01444	0.02389	0.05918	0.07925	0.03645	0.21187	0.01649	0.01652	0.05999	0.00592	0.00493	0.00137	0.00488	0.00485	0.00451	0.32859
9	0.01767	0.01456	0.02122	0.01575	0.02053	0.01500	0.25282	0.40205	0.05547	0.05883	0.01320	0.01431	0.00955	0.00590	0.00579	0.00169	0.00690	0.00548	0.00457	0.05871
10	0.01903	0.01423	0.01519	0.01204	0.01604	0.01585	0.00982	0.56891	0.17087	0.03180	0.01539	0.01516	0.01116	0.00681	0.00547	0.00168	0.00556	0.00525	0.05068	0.00906
11	0.00704	0.00510	0.00667	0.00751	0.00816	0.00472	0.00523	0.00843	0.01188	0.01599	0.19010	0.57153	0.08238	0.01580	0.00694	0.00213	0.00312	0.03724	0.00534	0.00468
12	0.02061	0.01574	0.01612	0.01253	0.01675	0.06111	0.01028	0.68098	0.02487	0.03311	0.01321	0.01339	0.00947	0.00659	0.00544	0.00163	0.00618	0.00491	0.03800	0.00908
13	0.02346	0.01029	0.01322	0.01028	0.01448	0.00960	0.00845	0.10371	0.08334	0.62964	0.02101	0.01843	0.01354	0.00689	0.00557	0.00172	0.00483	0.00557	0.00661	0.00937
14	0.00737	0.00554	0.00677	0.00667	0.00797	0.00499	0.00489	0.00938	0.01403	0.01896	0.46632	0.13671	0.24139	0.03537	0.00722	0.00194	0.00282	0.01110	0.00565	0.00494
15	0.01625	0.01428	0.21031	0.01187	0.04241	0.00986	0.01117	0.07487	0.05342	0.28964	0.16769	0.02140	0.01953	0.02463	0.00617	0.00181	0.00536	0.00610	0.00515	0.00807
16	0.02485	0.00943	0.01285	0.00985	0.01414	0.00814	0.00814	0.02699	0.01585	0.77465	0.02185	0.01885	0.01371	0.00685	0.00557	0.00171	0.00471	0.00557	0.00685	0.00943
17	0.02485	0.00943	0.01285	0.00985	0.01414	0.00814	0.00814	0.02699	0.01585	0.77465	0.02185	0.01885	0.01371	0.00685	0.00557	0.00171	0.00471	0.00557	0.00685	0.00943

[dist]
# distance from previous block
# <min> <max>
4	9

[block]
# block no. 2 follows, 43 sequences, length 131
# corresponding to MSA columns:
# 87-104,106-113,115-219
name=unknown_C
#
# <colnr> <probs for GDERKNQSTAVLIFYWHMCP>
#	G	D	E	R	K	N	Q	S	T	A	V	L	I	F	Y	W	H	M	C	P
0	0.01803	0.06311	0.01707	0.04465	0.08554	0.01571	0.01072	0.47608	0.09235	0.02858	0.01313	0.01366	0.00975	0.00619	0.00529	0.00158	0.00584	0.00482	0.00478	0.08312
1	0.00702	0.00561	0.00628	0.00615	0.00778	0.00487	0.00460	0.00885	0.01368	0.01756	0.31218	0.06642	0.49323	0.01313	0.00655	0.00183	0.00275	0.01118	0.00549	0.00487
2	0.02096	0.01528	0.01643	0.01264	0.01703	0.01688	0.01043	0.71710	0.04414	0.05215	0.01373	0.01361	0.00971	0.00667	0.00554	0.00167	0.00602	0.00503	0.00557	0.00940
3	0.00741	0.00536	0.00706	0.00768	0.00855	0.00501	0.00563	0.00917	0.01274	0.01727	0.28321	0.40015	0.08183	0.01483	0.00694	0.00210	0.00324	0.11153	0.00546	0.00484
4	0.00675	0.00482	0.00643	0.00771	0.00803	0.00450	0.00514	0.00771	0.01060	0.01414	0.03053	0.80175	0.03663	0.01735	0.00707	0.00225	0.00321	0.01574	0.00514	0.00450
5	0.00681	0.00487	0.00649	0.00767	0.00805	0.00454	0.00515	0.00788	0.01092	0.01464	0.07597	0.75489	0.03759	0.01698	0.00704	0.00222	0.00318	0.01539	0.00520	0.00454
6	0.36888	0.00996	0.01087	0.00877	0.01270	0.00994	0.00724	0.02249	0.01315	0.45993	0.01592	0.01471	0.01047	0.00614	0.00467	0.00171	0.00453	0.00449	0.00542	0.00799
7	0.80759	0.01067	0.00851	0.04200	0.01192	0.01242	0.00641	0.01619	0.00950	0.02438	0.00781	0.00925	0.00606	0.00516	0.00352	0.00172	0.00442	0.00308	0.00338	0.00600
8	0.01845	0.01372	0.01476	0.01174	0.01545	0.01516	0.00944	0.57492	0.10013	0.03052	0.01541	0.05108	0.01240	0.08155	0.00773	0.00206	0.00572	0.00588	0.00533	0.00857
9	0.80759	0.01067	0.00851	0.04200	0.01192	0.01242	0.00641	0.01619	0.00950	0.02438	0.00781	0.00925	0.00606	0.00516	0.00352	0.00172	0.00442	0.00308	0.00338	0.00600
10	0.01341	0.01162	0.02999	0.02713	0.01507	0.02274	0.03387	0.17314	0.01463	0.02115	0.01201	0.06675	0.01036	0.00576	0.00500	0.00122	0.01784	0.00471	0.00382	0.50978
11	0.05024	0.05835	0.01562	0.01155	0.01565	0.01540	0.00955	0.49037	0.11075	0.10703	0.01497	0.01466	0.01071	0.00660	0.00529	0.00165	0.00552	0.00502	0.04217	0.00890
12	0.00708	0.00515	0.00671	0.00758	0.00822	0.00471	0.00515	0.00824	0.01108	0.01496	0.09437	0.66385	0.05443	0.03469	0.00737	0.00221	0.00324	0.01441	0.00510	0.04147
13	0.03382	0.01397	0.02406	0.03915	0.08413	0.04552	0.34809	0.04866	0.01211	0.01701	0.01019	0.02972	0.00857	0.00666	0.00984	0.00200	0.25082	0.00576	0.00286	0.00706
14	0.01230	0.01890	0.30125	0.05788	0.28334	0.01299	0.17863	0.01701	0.01226	0.01754	0.01087	0.03197	0.00865	0.00532	0.00567	0.00176	0.00773	0.00523	0.00265	0.00805
15	0.02468	0.00969	0.01302	0.00998	0.01427	0.00854	0.00825	0.05908	0.01630	0.74193	0.02147	0.01860	0.01352	0.00685	0.00557	0.00171	0.00477	0.00554	0.00680	0.00942
16	0.02381	0.00936	0.01289	0.04439	0.01506	0.00826	0.00839	0.02603	0.01564	0.72331	0.03887	0.01920	0.01434	0.00690	0.00559	0.00172	0.00478	0.00565	0.00664	0.00918
17	0.01736	0.05871	0.10424	0.01340	0.03522	0.01375	0.08414	0.25325	0.13969	0.15731	0.01688	0.03573	0.03111	0.00678	0.00558	0.00173	0.00598	0.00567	0.00489	0.00859
18	0.01281	0.01330	0.02073	0.03608	0.06713	0.05326	0.19642	0.03011	0.01073	0.01521	0.00939	0.02987	0.00848	0.00874	0.03236	0.00232	0.43830	0.00547	0.00270	0.00661
19	0.02421	0.00944	0.01302	0.04446	0.01520	0.00832	0.00846	0.02642	0.01564	0.74101	0.02132	0.01867	0.01343	0.00680	0.00557	0.00172	0.00483	0.00554	0.00666	0.00928
20	0.02400	0.00978	0.01323	0.04462	0.01537	0.00883	0.00859	0.06676	0.01621	0.69987	0.02084	0.01836	0.01319	0.00678	0.00557	0.00172	0.00491	0.00551	0.00659	0.00928
21	0.01966	0.01465	0.01623	0.01360	0.05852	0.01613	0.01054	0.61236	0.09107	0.04590	0.01460	0.03577	0.01089	0.00693	0.00559	0.00170	0.00586	0.00541	0.00541	0.00919
22	0.01606	0.00939	0.01029	0.00851	0.01131	0.00975	0.00680	0.27023	0.01716	0.13732	0.01768	0.01884	0.02675	0.02682	0.00536	0.00160	0.00419	0.00536	0.38938	0.00721
23	0.01213	0.06258	0.01751	0.03853	0.01514	0.01687	0.01192	0.01347	0.00875	0.01332	0.00757	0.01224	0.00743	0.01007	0.03656	0.00249	0.70012	0.00476	0.00244	0.00610
24	0.01223	0.01024	0.01184	0.00859	0.01338	0.00818	0.00688	0.07836	0.01274	0.01945	0.01053	0.02652	0.00884	0.00457	0.00428	0.00092	0.00426	0.00366	0.00351	0.75099
25	0.01770	0.01240	0.01375	0.01118	0.01459	0.01337	0.00896	0.51505	0.02160	0.07552	0.04118	0.17569	0.01670	0.00899	0.00585	0.00178	0.00523	0.00738	0.02489	0.00818
26	0.00708	0.00559	0.00638	0.00627	0.00783	0.00489	0.00467	0.00896	0.01377	0.01788	0.34564	0.08641	0.43874	0.01309	0.00657	0.00184	0.00275	0.01121	0.00553	0.00489
27	0.02064	0.01570	0.01636	0.01271	0.01702	0.04397	0.01043	0.68642	0.06653	0.03350	0.01364	0.01359	0.00975	0.00666	0.00553	0.00167	0.00614	0.00501	0.00545	0.00928
28	0.01254	0.01892	0.25767	0.02215	0.10444	0.01357	0.45267	0.01760	0.01261	0.01772	0.01074	0.01383	0.00802	0.00488	0.00604	0.00181	0.00870	0.00563	0.00265	0.00782
29	0.00784	0.00566	0.00740	0.00697	0.00827	0.00523	0.00523	0.01045	0.01568	0.02221	0.76789	0.04137	0.05226	0.01132	0.00653	0.00174	0.00261	0.01002	0.00610	0.00523
30	0.00680	0.00489	0.00646	0.00762	0.00803	0.00454	0.00512	0.00787	0.01094	0.01461	0.07218	0.74019	0.05636	0.01693	0.00703	0.00221	0.00317	0.01532	0.00519	0.00454
31	0.00765	0.00560	0.00717	0.00689	0.00818	0.00513	0.00513	0.01004	0.01506	0.02100	0.65305	0.09276	0.11772	0.01197	0.00657	0.00179	0.00267	0.01055	0.00594	0.00513
32	0.02380	0.00919	0.01252	0.00968	0.01378	0.00796	0.00796	0.02597	0.01584	0.72828	0.06783	0.02024	0.01609	0.00713	0.00563	0.00172	0.00458	0.00584	0.00681	0.00917
33	0.01478	0.79047	0.02887	0.01004	0.03155	0.02171	0.00965	0.01659	0.01128	0.01315	0.00776	0.00899	0.00715	0.00474	0.00360	0.00120	0.00594	0.00301	0.00238	0.00715
34	0.01993	0.01398	0.01513	0.01198	0.01588	0.03795	0.00981	0.55573	0.03574	0.10766	0.01486	0.01685	0.01118	0.00791	0.00664	0.05331	0.00590	0.04553	0.00538	0.00864
35	0.01407	0.62092	0.16623	0.01200	0.05808	0.01976	0.01192	0.01678	0.01141	0.01414	0.00826	0.00967	0.00718	0.00485	0.00398	0.00131	0.00638	0.00328	0.00238	0.00740
36	0.01297	0.01228	0.06641	0.06234	0.45622	0.01119	0.02850	0.01638	0.02868	0.07619	0.05687	0.04354	0.09053	0.00683	0.00572	0.00172	0.00588	0.00628	0.00358	0.00789
37	0.00770	0.00524	0.00623	0.00654	0.00670	0.00513	0.00394	0.00811	0.00919	0.01234	0.06714	0.23806	0.02646	0.54900	0.02129	0.00432	0.00463	0.01020	0.00399	0.00377
38	0.01632	0.07592	0.08002	0.01394	0.11413	0.01244	0.01064	0.09983	0.21215	0.19608	0.03746	0.03861	0.03511	0.00723	0.00553	0.00174	0.00528	0.02421	0.00496	0.00841
39	0.01083	0.01002	0.01413	0.01252	0.01296	0.01344	0.01026	0.02777	0.00900	0.01362	0.01005	0.01553	0.00962	0.02081	0.28662	0.00468	0.50448	0.00523	0.00268	0.00574
40	0.03438	0.05600	0.06002	0.00920	0.01419	0.00969	0.00798	0.08143	0.03019	0.01956	0.01028	0.01166	0.00832	0.00455	0.00429	0.00102	0.00465	0.00353	0.00344	0.62563
41	0.00677	0.00488	0.00642	0.00760	0.00802	0.00452	0.00510	0.00779	0.01082	0.01438	0.05063	0.74974	0.06873	0.01705	0.00703	0.00222	0.00318	0.01542	0.00517	0.00452
42	0.02485	0.00943	0.01285	0.00985	0.01414	0.00814	0.00814	0.02699	0.01585	0.77465	0.02185	0.01885	0.01371	0.00685	0.00557	0.00171	0.00471	0.00557	0.00685	0.00943
43	0.01111	0.02865	0.77667	0.01579	0.02397	0.01286	0.02046	0.01754	0.01169	0.01754	0.00994	0.01169	0.00702	0.00526	0.00526	0.00175	0.00818	0.00409	0.00234	0.00818
44	0.03538	0.01060	0.01239	0.00914	0.01386	0.00897	0.02471	0.07405	0.07246	0.01998	0.01111	0.01238	0.00894	0.00462	0.00438	0.00102	0.00441	0.00372	0.00364	0.66425
45	0.00962	0.00481	0.00722	0.00722	0.00722	0.00481	0.00481	0.00722	0.00722	0.00962	0.00962	0.01684	0.00962	0.01924	0.02165	0.83886	0.00481	0.00481	0.00241	0.00241
46	0.02467	0.00971	0.01303	0.00999	0.01428	0.00856	0.00825	0.06090	0.01633	0.74007	0.02145	0.01859	0.01351	0.00685	0.00557	0.00171	0.00478	0.00554	0.00679	0.00942
47	0.02915	0.10185	0.26366	0.04354	0.38717	0.03514	0.02846	0.01719	0.01217	0.01729	0.00987	0.01241	0.00790	0.00505	0.00517	0.00164	0.00714	0.00441	0.00258	0.00821
48	0.00681	0.00487	0.00648	0.00767	0.00805	0.00454	0.00515	0.00786	0.01089	0.01459	0.07153	0.75947	0.03750	0.01702	0.00704	0.00222	0.00318	0.01543	0.00519	0.00454
49	0.00733	0.00547	0.00681	0.00684	0.00805	0.00495	0.00499	0.00932	0.01393	0.01892	0.45634	0.20716	0.20315	0.01320	0.00665	0.00188	0.00278	0.01161	0.00569	0.00495
50	0.01193	0.06972	0.05216	0.11511	0.01938	0.05355	0.12214	0.01435	0.01076	0.01480	0.05237	0.06312	0.01194	0.00921	0.03524	0.00225	0.32692	0.00587	0.00289	0.00629
51	0.01075	0.00727	0.00882	0.00869	0.01007	0.00731	0.00639	0.14295	0.01368	0.06012	0.04296	0.39923	0.04214	0.12741	0.00978	0.00257	0.00429	0.08492	0.00507	0.00557
52	0.00973	0.00607	0.00792	0.00726	0.00891	0.00552	0.00551	0.01218	0.01539	0.10981	0.62216	0.06323	0.08255	0.01112	0.00644	0.00176	0.00289	0.00976	0.00611	0.00567
53	0.01253	0.01391	0.02948	0.09003	0.02827	0.01344	0.62688	0.01691	0.01293	0.01757	0.05307	0.01633	0.01072	0.00523	0.00672	0.00187	0.02742	0.00655	0.00295	0.00720
54	0.03362	0.01489	0.07477	0.06564	0.10462	0.01365	0.52366	0.01703	0.01249	0.01748	0.01110	0.02999	0.00875	0.00526	0.00672	0.00186	0.04210	0.00615	0.00279	0.00742
55	0.01345	0.01342	0.04594	0.13612	0.47273	0.01324	0.11515	0.06941	0.01340	0.01861	0.01168	0.01484	0.02593	0.00533	0.00565	0.00171	0.00699	0.00528	0.00295	0.00816
56	0.64259	0.07869	0.07127	0.04110	0.01338	0.02550	0.00804	0.01634	0.00990	0.02240	0.00798	0.00953	0.00628	0.00525	0.00404	0.00169	0.02336	0.00321	0.00318	0.00628
57	0.44070	0.12785	0.08709	0.02689	0.10140	0.05294	0.00985	0.06411	0.01168	0.02156	0.00868	0.01022	0.00688	0.00520	0.00411	0.00162	0.00562	0.00351	0.00318	0.00693
58	0.00792	0.00591	0.00876	0.00876	0.00970	0.00685	0.00675	0.00980	0.00886	0.01275	0.01496	0.02247	0.01415	0.07899	0.74639	0.00873	0.01437	0.00604	0.00299	0.00487
59	0.02085	0.01541	0.01651	0.01270	0.01710	0.01708	0.01048	0.73246	0.04625	0.03458	0.01355	0.01350	0.00962	0.00667	0.00554	0.00167	0.00605	0.00502	0.00554	0.00940
60	0.01186	0.01174	0.01647	0.01419	0.01425	0.01634	0.01180	0.01312	0.00851	0.01330	0.00774	0.01271	0.00768	0.01166	0.06535	0.00282	0.74712	0.00491	0.00246	0.00599
61	0.00708	0.00563	0.00635	0.00617	0.00781	0.00490	0.00463	0.00898	0.01388	0.01795	0.34993	0.04838	0.47288	0.01291	0.00654	0.00182	0.00273	0.01100	0.00554	0.00490
62	0.00694	0.00554	0.00625	0.00653	0.00801	0.00485	0.00489	0.00851	0.01266	0.01586	0.13856	0.18530	0.48784	0.01438	0.00673	0.00198	0.00304	0.07211	0.00526	0.00475
63	0.02167	0.01066	0.01315	0.01050	0.01451	0.01047	0.00854	0.09997	0.20528	0.51080	0.02117	0.01875	0.01409	0.00700	0.00558	0.00175	0.00477	0.00569	0.00642	0.00926
64	0.04196	0.01112	0.01353	0.01057	0.01475	0.01090	0.00867	0.19121	0.10030	0.49105	0.01941	0.01741	0.01280	0.00679	0.00549	0.00170	0.00497	0.00541	0.00627	0.02569
65	0.02123	0.01524	0.01645	0.01261	0.01704	0.01676	0.01042	0.71933	0.02558	0.06858	0.01369	0.01355	0.00961	0.00666	0.00554	0.00166	0.00603	0.00501	0.00560	0.00942
66	0.29599	0.03011	0.01296	0.01068	0.01429	0.10400	0.00859	0.23704	0.18998	0.02587	0.01291	0.01309	0.00970	0.00620	0.00475	0.00169	0.00554	0.00441	0.00448	0.00772
67	0.02105	0.01551	0.01662	0.01274	0.01717	0.01717	0.01053	0.75235	0.02604	0.03490	0.01330	0.01330	0.00942	0.00665	0.00554	0.00166	0.00609	0.00499	0.00554	0.00942
68	0.00805	0.00537	0.00604	0.00604	0.00604	0.00537	0.00336	0.00805	0.00805	0.01074	0.01745	0.03624	0.02013	0.80536	0.02819	0.00537	0.00537	0.00805	0.00336	0.00336
69	0.84448	0.01071	0.00814	0.00728	0.01071	0.01242	0.00600	0.01628	0.00943	0.02485	0.00771	0.00900	0.00600	0.00514	0.00343	0.00171	0.00428	0.00300	0.00343	0.00600
70	0.01371	0.01316	0.02248	0.03399	0.77081	0.01316	0.01700	0.01700	0.01261	0.01809	0.01042	0.01371	0.00877	0.00493	0.00548	0.00164	0.00658	0.00493	0.00274	0.00877
71	0.02069	0.02640	0.01569	0.01427	0.01712	0.78313	0.01070	0.02212	0.01569	0.01355	0.00856	0.00999	0.00713	0.00571	0.00499	0.00143	0.00999	0.00357	0.00285	0.00642
72	0.00705	0.00562	0.00634	0.00640	0.00790	0.00496	0.00471	0.00897	0.02712	0.01689	0.23814	0.16655	0.45223	0.01371	0.00661	0.00190	0.00285	0.01178	0.00540	0.00487
73	0.00691	0.00496	0.00659	0.00774	0.00820	0.00463	0.00530	0.00806	0.01105	0.01476	0.07641	0.70612	0.05157	0.01682	0.00705	0.00222	0.00326	0.04857	0.00520	0.00457
74	0.01148	0.00984	0.01148	0.00820	0.01312	0.00738	0.00656	0.01395	0.01148	0.01805	0.00984	0.01148	0.00820	0.00410	0.00410	0.00082	0.00410	0.00328	0.00328	0.83922
75	0.01046	0.00984	0.01661	0.79205	0.03814	0.01230	0.01538	0.01415	0.01107	0.01415	0.00984	0.01477	0.00738	0.00554	0.00554	0.00185	0.00738	0.00492	0.00246	0.00615
76	0.02332	0.00907	0.01235	0.00962	0.01361	0.00787	0.00788	0.02547	0.01572	0.70809	0.07011	0.03893	0.01674	0.00739	0.00567	0.00173	0.00454	0.00610	0.00677	0.00904
77	0.02485	0.00943	0.01285	0.00985	0.01414	0.00814	0.00814	0.02699	0.01585	0.77465	0.02185	0.01885	0.01371	0.00685	0.00557	0.00171	0.00471	0.00557	0.00685	0.00943
78	0.02485	0.00943	0.01285	0.00985	0.01414	0.00814	0.00814	0.02699	0.01585	0.77465	0.02185	0.01885	0.01371	0.00685	0.00557	0.00171	0.00471	0.00557	0.00685	0.00943
79	0.00675	0.00482	0.00643	0.00771	0.00803	0.00450	0.00514	0.00771	0.01060	0.01414	0.03053	0.80175	0.03663	0.01735	0.00707	0.00225	0.00321	0.01574	0.00514	0.00450
80	0.00675	0.00482	0.00643	0.00771	0.00803	0.00450	0.00514	0.00771	0.01060	0.01414	0.03053	0.80175	0.03663	0.01735	0.00707	0.00225	0.00321	0.01574	0.00514	0.00450
81	0.01514	0.76458	0.02827	0.00975	0.01438	0.06484	0.00955	0.01690	0.01150	0.01306	0.00775	0.00895	0.00711	0.00479	0.00363	0.00120	0.00615	0.00300	0.00240	0.00707
82	0.00805	0.00623	0.00880	0.00786	0.00948	0.00572	0.05108	0.01068	0.01525	0.02129	0.65846	0.04079	0.11276	0.01115	0.00653	0.00176	0.00304	0.00995	0.00581	0.00532
83	0.02060	0.01529	0.01637	0.01265	0.01700	0.01697	0.01042	0.70780	0.07132	0.03418	0.01387	0.01375	0.00988	0.00670	0.00555	0.00168	0.00599	0.00506	0.00555	0.00938
84	0.01126	0.00959	0.01123	0.00813	0.01283	0.00725	0.00648	0.01373	0.01174	0.01830	0.05656	0.01333	0.01092	0.00455	0.00425	0.00088	0.00401	0.00370	0.00345	0.78782
85	0.00709	0.00557	0.00640	0.00633	0.00785	0.00488	0.00470	0.00894	0.01369	0.01783	0.34220	0.11067	0.41768	0.01321	0.00658	0.00185	0.00276	0.01135	0.00553	0.00488
86	0.01500	0.01250	0.01321	0.01152	0.01487	0.01435	0.00906	0.15062	0.63763	0.02514	0.02099	0.01943	0.01565	0.00737	0.00562	0.00184	0.00467	0.00605	0.00562	0.00888
87	0.01481	0.80869	0.02902	0.00948	0.01421	0.02191	0.00948	0.01658	0.01125	0.01303	0.00770	0.00888	0.00711	0.00474	0.00355	0.00118	0.00592	0.00296	0.00237	0.00711
88	0.00778	0.00566	0.00732	0.00690	0.00824	0.00520	0.00518	0.01033	0.01553	0.02186	0.73344	0.04195	0.08693	0.01145	0.00653	0.00175	0.00262	0.01010	0.00605	0.00520
89	0.00928	0.00778	0.00833	0.00782	0.01001	0.00791	0.00597	0.01582	0.27046	0.01918	0.18201	0.03977	0.37181	0.01126	0.00623	0.00185	0.00331	0.00950	0.00550	0.00619
90	0.01440	0.05596	0.34253	0.06231	0.21639	0.02761	0.01627	0.03192	0.03167	0.13079	0.01208	0.01355	0.00879	0.00550	0.00531	0.00169	0.00700	0.00459	0.00328	0.00836
91	0.00670	0.00563	0.00582	0.00581	0.00762	0.00475	0.00438	0.00822	0.01287	0.01557	0.11235	0.05253	0.69685	0.01384	0.00657	0.00187	0.00284	0.02584	0.00522	0.00473
92	0.01714	0.01270	0.01425	0.02940	0.05698	0.02865	0.00947	0.46594	0.02094	0.06160	0.06471	0.08830	0.07255	0.02375	0.00624	0.00181	0.00543	0.00681	0.00525	0.00808
93	0.33285	0.18743	0.30189	0.01109	0.01661	0.01473	0.01230	0.03610	0.01110	0.01985	0.00869	0.01010	0.00671	0.00514	0.00420	0.00161	0.00615	0.00345	0.00285	0.00715
94	0.03345	0.01435	0.10318	0.01090	0.01597	0.01208	0.00978	0.31159	0.01732	0.02492	0.01120	0.01218	0.00850	0.00529	0.00480	0.00129	0.00539	0.00406	0.00408	0.38967
95	0.01393	0.05501	0.01926	0.17966	0.04481	0.12887	0.11772	0.06561	0.05096	0.01625	0.01036	0.02988	0.00873	0.00696	0.00904	0.00191	0.22613	0.00513	0.00299	0.00680
96	0.00983	0.00955	0.04479	0.01260	0.03366	0.00881	0.17397	0.01450	0.13325	0.01772	0.12769	0.30873	0.04130	0.02838	0.00698	0.00206	0.00502	0.01035	0.00462	0.00619
97	0.00805	0.00537	0.00604	0.00604	0.00604	0.00537	0.00336	0.00805	0.00805	0.01074	0.01745	0.03624	0.02013	0.80536	0.02819	0.00537	0.00537	0.00805	0.00336	0.00336
98	0.00770	0.00584	0.00712	0.00677	0.00827	0.00535	0.00508	0.01041	0.03743	0.02047	0.57130	0.04366	0.22638	0.01187	0.00651	0.00178	0.00271	0.01031	0.00585	0.00520
99	0.01046	0.00984	0.01661	0.79205	0.03814	0.01230	0.01538	0.01415	0.01107	0.01415	0.00984	0.01477	0.00738	0.00554	0.00554	0.00185	0.00738	0.00492	0.00246	0.00615
100	0.01148	0.00984	0.01148	0.00820	0.01312	0.00738	0.00656	0.01395	0.01148	0.01805	0.00984	0.01148	0.00820	0.00410	0.00410	0.00082	0.00410	0.00328	0.00328	0.83922
101	0.00663	0.00561	0.00572	0.00569	0.00753	0.00471	0.00427	0.00810	0.01281	0.01541	0.09997	0.05256	0.72442	0.01386	0.00654	0.00186	0.00279	0.01159	0.00520	0.00471
102	0.00791	0.00593	0.00890	0.00890	0.00989	0.00692	0.00692	0.00989	0.00890	0.01286	0.01483	0.02176	0.01385	0.04154	0.78341	0.00890	0.01483	0.00593	0.00297	0.00494
103	0.02485	0.00943	0.01285	0.00985	0.01414	0.00814	0.00814	0.02699	0.01585	0.77465	0.02185	0.01885	0.01371	0.00685	0.00557	0.00171	0.00471	0.00557	0.00685	0.00943
104	0.84448	0.01071	0.00814	0.00728	0.01071	0.01242	0.00600	0.01628	0.00943	0.02485	0.00771	0.00900	0.00600	0.00514	0.00343	0.00171	0.00428	0.00300	0.00343	0.00600
105	0.02069	0.02640	0.01569	0.01427	0.01712	0.78313	0.01070	0.02212	0.01569	0.01355	0.00856	0.00999	0.00713	0.00571	0.00499	0.00143	0.00999	0.00357	0.00285	0.00642
106	0.02485	0.00943	0.01285	0.00985	0.01414	0.00814	0.00814	0.02699	0.01585	0.77465	0.02185	0.01885	0.01371	0.00685	0.00557	0.00171	0.00471	0.00557	0.00685	0.00943
107	0.00687	0.00491	0.00657	0.00785	0.00822	0.00460	0.00535	0.00792	0.01072	0.01427	0.03046	0.76064	0.03637	0.01724	0.00710	0.00227	0.00332	0.05566	0.00514	0.00453
108	0.01350	0.00823	0.00855	0.00741	0.00963	0.00872	0.00584	0.23184	0.01589	0.02487	0.01665	0.01847	0.01278	0.00651	0.00437	0.00140	0.00362	0.00511	0.59019	0.00642
109	0.01354	0.01167	0.01251	0.02982	0.01487	0.01351	0.00893	0.02850	0.71944	0.02275	0.02245	0.02184	0.01715	0.00771	0.00570	0.00190	0.00448	0.02910	0.00554	0.00859
110	0.00778	0.00567	0.00732	0.00695	0.00829	0.00521	0.00524	0.01031	0.01541	0.02160	0.70392	0.04263	0.09999	0.01159	0.00656	0.00177	0.00268	0.02590	0.00601	0.00519
111	0.01092	0.01032	0.01745	0.68344	0.14312	0.01243	0.01561	0.01456	0.01129	0.01472	0.00993	0.01461	0.00758	0.00545	0.00553	0.00182	0.00727	0.00492	0.00250	0.00653
112	0.00791	0.00593	0.00890	0.00890	0.00989	0.00692	0.00692	0.00989	0.00890	0.01286	0.01483	0.02176	0.01385	0.04154	0.78341	0.00890	0.01483	0.00593	0.00297	0.00494
113	0.01400	0.01155	0.01213	0.01086	0.01385	0.03579	0.00847	0.04262	0.59480	0.06058	0.09893	0.02296	0.02020	0.00794	0.00574	0.00185	0.00444	0.01934	0.00565	0.00831
114	0.84448	0.01071	0.00814	0.00728	0.01071	0.01242	0.00600	0.01628	0.00943	0.02485	0.00771	0.00900	0.00600	0.00514	0.00343	0.00171	0.00428	0.00300	0.00343	0.00600
115	0.03221	0.01440	0.13470	0.01297	0.05392	0.01208	0.02723	0.25858	0.03736	0.25308	0.04515	0.06458	0.01374	0.00720	0.00562	0.00174	0.00571	0.00591	0.00520	0.00861
116	0.26086	0.26375	0.03119	0.01037	0.01432	0.13184	0.00905	0.14597	0.01402	0.04011	0.00920	0.01024	0.00736	0.00552	0.00453	0.00151	0.02604	0.00355	0.00342	0.00713
117	0.01148	0.00984	0.01148	0.00820	0.01312	0.00738	0.00656	0.01395	0.01148	0.01805	0.00984	0.01148	0.00820	0.00410	0.00410	0.00082	0.00410	0.00328	0.00328	0.83922
118	0.01032	0.00516	0.00516	0.00516	0.00645	0.00516	0.00387	0.01290	0.01161	0.02065	0.01807	0.02065	0.01420	0.00645	0.00387	0.00129	0.00258	0.00516	0.83611	0.00516
119	0.00837	0.00603	0.00811	0.00908	0.01022	0.00589	0.00753	0.01050	0.01243	0.01623	0.08476	0.13983	0.08972	0.06383	0.00869	0.00258	0.00455	0.50166	0.00507	0.00490
120	0.00750	0.00534	0.00719	0.00840	0.00900	0.00513	0.00622	0.00891	0.01113	0.01471	0.02942	0.52825	0.03423	0.06053	0.00842	0.00252	0.00392	0.23954	0.00503	0.00462
121	0.01561	0.01275	0.01349	0.01154	0.01500	0.01450	0.00914	0.22867	0.54001	0.02622	0.02078	0.01940	0.03269	0.00743	0.00563	0.00182	0.00482	0.00604	0.00560	0.00885
122	0.00681	0.00562	0.00597	0.00589	0.00764	0.00479	0.00441	0.00846	0.01324	0.01643	0.20063	0.05088	0.62312	0.01348	0.00654	0.00184	0.00277	0.01135	0.00534	0.00479
123	0.01046	0.00984	0.01661	0.79205	0.03814	0.01230	0.01538	0.01415	0.01107	0.01415	0.00984	0.01477	0.00738	0.00554	0.00554	0.00185	0.00738	0.00492	0.00246	0.00615
124	0.01995	0.01327	0.01491	0.01136	0.01582	0.01366	0.00934	0.46751	0.03904	0.17373	0.01456	0.01422	0.01021	0.00627	0.00530	0.00153	0.00544	0.00483	0.00540	0.15366
125	0.01366	0.01179	0.01247	0.01111	0.01433	0.01344	0.00865	0.02862	0.72169	0.02290	0.02188	0.02018	0.01645	0.00734	0.00556	0.00182	0.00437	0.00611	0.00551	0.05212
126	0.02138	0.01498	0.01629	0.01249	0.01691	0.01639	0.01032	0.68940	0.02516	0.09910	0.01404	0.01378	0.00979	0.00667	0.00554	0.00167	0.00597	0.00504	0.00565	0.00942
127	0.00805	0.00537	0.00604	0.00604	0.00604	0.00537	0.00336	0.00805	0.00805	0.01074	0.01745	0.03624	0.02013	0.80536	0.02819	0.00537	0.00537	0.00805	0.00336	0.00336
128	0.01439	0.01071	0.01287	0.00945	0.01420	0.00907	0.02613	0.11204	0.03264	0.10907	0.01205	0.01290	0.00923	0.00486	0.00456	0.00109	0.00457	0.00393	0.00404	0.59219
129	0.01045	0.00691	0.00883	0.00792	0.01009	0.00617	0.00612	0.01322	0.03683	0.10330	0.41757	0.10774	0.03688	0.01041	0.00614	0.00170	0.00337	0.06033	0.00555	0.14047
130	0.06598	0.01149	0.01311	0.01076	0.03214	0.02604	0.02688	0.14305	0.14958	0.08689	0.01599	0.03311	0.04308	0.00636	0.00533	0.00146	0.02432	0.00508	0.00447	0.29487

[dist]
# distance from previous block
# <min> <max>
3	7

[block]
# block no. 3 follows, 43 sequences, length 16
# corresponding to MSA columns:
# 227-242
name=unknown_D
#
# <colnr> <probs for GDERKNQSTAVLIFYWHMCP>
#	G	D	E	R	K	N	Q	S	T	A	V	L	I	F	Y	W	H	M	C	P
0	0.01441	0.03111	0.20741	0.10069	0.25235	0.06635	0.03460	0.01818	0.01314	0.12855	0.06894	0.01584	0.01204	0.00589	0.00548	0.00169	0.00679	0.00511	0.00347	0.00795
1	0.15474	0.01468	0.05935	0.01166	0.01593	0.01518	0.00999	0.47072	0.09623	0.06079	0.01380	0.02890	0.01018	0.00662	0.00522	0.00171	0.00563	0.00497	0.00506	0.00862
2	0.03410	0.10140	0.03039	0.08469	0.16800	0.26057	0.01181	0.02060	0.12551	0.06128	0.02345	0.01369	0.01000	0.00594	0.00543	0.00161	0.02609	0.00454	0.00344	0.00746
3	0.05754	0.01285	0.12926	0.02803	0.17250	0.01013	0.01119	0.01858	0.07816	0.17100	0.10566	0.01874	0.01567	0.03649	0.00619	0.00175	0.00532	0.00548	0.00429	0.11118
4	0.02281	0.00950	0.01260	0.00971	0.01384	0.00835	0.00798	0.06058	0.01610	0.64769	0.07004	0.01967	0.01575	0.00699	0.00555	0.00166	0.00461	0.00571	0.00655	0.05432
5	0.01495	0.01108	0.01270	0.00957	0.01413	0.01001	0.00772	0.15356	0.10077	0.10315	0.01323	0.01367	0.01002	0.00526	0.00470	0.00119	0.00457	0.00419	0.00435	0.50117
6	0.00674	0.00562	0.00588	0.00581	0.00760	0.00476	0.00436	0.00832	0.01308	0.01604	0.16205	0.05152	0.66195	0.01362	0.00654	0.00185	0.00278	0.01144	0.00528	0.00476
7	0.01955	0.12468	0.01747	0.01199	0.01610	0.06715	0.01000	0.43626	0.10151	0.10127	0.01391	0.01378	0.01013	0.00651	0.00553	0.00163	0.02397	0.00481	0.00499	0.00875
8	0.01363	0.01543	0.10038	0.03717	0.06674	0.01344	0.50846	0.01930	0.08638	0.06290	0.01275	0.01535	0.00942	0.00517	0.00619	0.00184	0.00828	0.00610	0.00326	0.00782
9	0.00752	0.00552	0.00704	0.00693	0.00814	0.00505	0.00510	0.00973	0.01453	0.02011	0.57021	0.16223	0.13213	0.01258	0.00662	0.00184	0.00273	0.01111	0.00584	0.00505
10	0.01481	0.80869	0.02902	0.00948	0.01421	0.02191	0.00948	0.01658	0.01125	0.01303	0.00770	0.00888	0.00711	0.00474	0.00355	0.00118	0.00592	0.00296	0.00237	0.00711
11	0.00843	0.00650	0.00791	0.00843	0.00953	0.00658	0.00595	0.01265	0.16969	0.01668	0.07699	0.56575	0.03275	0.01453	0.00665	0.00210	0.00344	0.01304	0.00526	0.02713
12	0.10182	0.01504	0.01579	0.01221	0.01654	0.01671	0.01008	0.68015	0.02441	0.03392	0.01275	0.01288	0.00908	0.00650	0.00533	0.00167	0.00592	0.00479	0.00533	0.00908
13	0.06276	0.01236	0.04089	0.01163	0.04866	0.06458	0.00887	0.08791	0.34918	0.03606	0.06855	0.02342	0.03232	0.08380	0.00776	0.00216	0.00515	0.04162	0.00485	0.00748
14	0.00738	0.00519	0.00613	0.00661	0.00696	0.00496	0.00413	0.00791	0.00957	0.01253	0.02712	0.32352	0.11928	0.41349	0.01763	0.00377	0.00425	0.01137	0.00424	0.00395
15	0.10501	0.26474	0.06027	0.01533	0.15493	0.10015	0.01138	0.16235	0.04300	0.02020	0.01007	0.01137	0.00812	0.00543	0.00461	0.00150	0.00640	0.00398	0.00335	0.00779

[dist]
# distance from previous block
# <min> <max>
0	9

[block]
# block no. 4 follows, 43 sequences, length 69
# corresponding to MSA columns:
# 252-320
name=unknown_E
#
# <colnr> <probs for GDERKNQSTAVLIFYWHMCP>
#	G	D	E	R	K	N	Q	S	T	A	V	L	I	F	Y	W	H	M	C	P
0	0.00963	0.00926	0.06525	0.00865	0.01093	0.04138	0.03298	0.05643	0.02651	0.03407	0.25961	0.11554	0.23510	0.06048	0.00768	0.00204	0.00416	0.00964	0.00500	0.00563
1	0.53931	0.02727	0.05495	0.08249	0.04248	0.01277	0.00864	0.08896	0.01174	0.04294	0.00928	0.01080	0.00704	0.00537	0.00409	0.00169	0.00507	0.00362	0.01903	0.02246
2	0.01365	0.01304	0.02134	0.13692	0.62931	0.02818	0.01643	0.04233	0.01293	0.01805	0.01040	0.01377	0.00857	0.00509	0.00548	0.00167	0.00674	0.00491	0.00280	0.00839
3	0.02068	0.01515	0.01622	0.01248	0.01680	0.01676	0.01029	0.72659	0.02554	0.03441	0.01346	0.01355	0.00958	0.00664	0.00548	0.00165	0.00597	0.00499	0.03448	0.00927
4	0.01218	0.01224	0.09153	0.46461	0.10799	0.01220	0.02710	0.05607	0.04418	0.04954	0.01171	0.01607	0.00904	0.00638	0.00615	0.03142	0.00694	0.02467	0.00305	0.00692
5	0.00863	0.00543	0.00801	0.00801	0.00853	0.00595	0.00581	0.00866	0.00815	0.01138	0.01286	0.02070	0.01253	0.08365	0.41849	0.35098	0.01006	0.00561	0.00276	0.00379
6	0.00731	0.00546	0.00681	0.00693	0.00813	0.00496	0.00508	0.00925	0.01368	0.01847	0.40906	0.22968	0.20807	0.01350	0.00670	0.00192	0.00287	0.03157	0.00562	0.00492
7	0.19338	0.01561	0.01819	0.02224	0.36284	0.17184	0.05323	0.06612	0.01347	0.01969	0.00969	0.01197	0.00786	0.00524	0.00500	0.00163	0.00691	0.00433	0.00310	0.00767
8	0.01019	0.00952	0.01634	0.04487	0.04969	0.01008	0.20253	0.02722	0.01139	0.01580	0.01950	0.33555	0.03499	0.01102	0.00852	0.00208	0.13961	0.00988	0.03529	0.00592
9	0.01604	0.01302	0.01544	0.01339	0.04889	0.01455	0.05230	0.27156	0.35955	0.03922	0.03191	0.03683	0.01423	0.00734	0.00622	0.00182	0.03782	0.00602	0.00520	0.00864
10	0.01889	0.01361	0.01517	0.01254	0.04202	0.01483	0.00986	0.51761	0.11119	0.08272	0.08926	0.01734	0.01480	0.00717	0.00565	0.00170	0.00547	0.00567	0.00560	0.00891
11	0.01292	0.01493	0.04962	0.02214	0.02776	0.01353	0.68250	0.01748	0.01293	0.01776	0.01108	0.01463	0.00836	0.00464	0.00634	0.00179	0.00896	0.00626	0.00282	0.06356
12	0.01407	0.45576	0.22917	0.04382	0.01800	0.10422	0.01270	0.01714	0.01190	0.01441	0.00973	0.01115	0.02659	0.00526	0.00434	0.00141	0.00697	0.00364	0.00249	0.00722
13	0.01640	0.03388	0.01381	0.01130	0.01482	0.01397	0.00903	0.21138	0.45504	0.09445	0.03677	0.03342	0.01562	0.00743	0.00560	0.00179	0.00483	0.00605	0.00564	0.00879
14	0.03403	0.05574	0.72921	0.01533	0.02326	0.01317	0.01968	0.01747	0.01162	0.01758	0.00980	0.01152	0.00699	0.00524	0.00515	0.00173	0.00800	0.00402	0.00237	0.00809
15	0.01032	0.00946	0.01574	0.72935	0.03567	0.01171	0.01451	0.01387	0.01108	0.01444	0.01094	0.04285	0.00872	0.00600	0.00552	0.00184	0.00702	0.00532	0.03960	0.00605
16	0.01148	0.00984	0.01148	0.00820	0.01312	0.00738	0.00656	0.01395	0.01148	0.01805	0.00984	0.01148	0.00820	0.00410	0.00410	0.00082	0.00410	0.00328	0.00328	0.83922
17	0.01444	0.73181	0.10271	0.01010	0.01518	0.02102	0.01056	0.01668	0.01130	0.01347	0.00792	0.00916	0.00710	0.00479	0.00372	0.00124	0.00615	0.00307	0.00237	0.00721
18	0.00675	0.00482	0.00643	0.00771	0.00803	0.00450	0.00514	0.00771	0.01060	0.01414	0.03053	0.80175	0.03663	0.01735	0.00707	0.00225	0.00321	0.01574	0.00514	0.00450
19	0.67637	0.01028	0.00886	0.00768	0.01115	0.01142	0.00631	0.01773	0.01073	0.14463	0.04364	0.01201	0.00928	0.00569	0.00391	0.00171	0.00428	0.00372	0.00409	0.00651
20	0.02083	0.02226	0.01605	0.01369	0.01714	0.49228	0.01063	0.29940	0.01962	0.02166	0.01036	0.01124	0.00800	0.00606	0.00520	0.00152	0.00851	0.00411	0.00387	0.00756
21	0.02485	0.00943	0.01285	0.00985	0.01414	0.00814	0.00814	0.02699	0.01585	0.77465	0.02185	0.01885	0.01371	0.00685	0.00557	0.00171	0.00471	0.00557	0.00685	0.00943
22	0.01083	0.01001	0.01643	0.70232	0.05596	0.01229	0.01481	0.02919	0.01138	0.01488	0.01003	0.01468	0.00761	0.00563	0.00578	0.00182	0.02662	0.00489	0.01920	0.02565
23	0.00772	0.00572	0.00685	0.00652	0.00810	0.00508	0.00491	0.00987	0.01453	0.03571	0.48385	0.04538	0.32109	0.01224	0.00652	0.00179	0.00273	0.01055	0.00575	0.00511
24	0.00778	0.00566	0.00732	0.00691	0.00824	0.00520	0.00518	0.01034	0.01554	0.02189	0.73626	0.04190	0.08409	0.01144	0.00653	0.00175	0.00262	0.01009	0.00605	0.00520
25	0.00750	0.00565	0.00693	0.00661	0.00807	0.00508	0.00496	0.00980	0.01488	0.02031	0.58146	0.04449	0.23987	0.01203	0.00654	0.00178	0.00266	0.01045	0.00585	0.00508
26	0.01449	0.01225	0.01293	0.01142	0.01467	0.01411	0.00894	0.10068	0.68839	0.02432	0.02163	0.01994	0.01617	0.00743	0.00563	0.00186	0.00455	0.00614	0.00563	0.00883
27	0.84448	0.01071	0.00814	0.00728	0.01071	0.01242	0.00600	0.01628	0.00943	0.02485	0.00771	0.00900	0.00600	0.00514	0.00343	0.00171	0.00428	0.00300	0.00343	0.00600
28	0.84448	0.01071	0.00814	0.00728	0.01071	0.01242	0.00600	0.01628	0.00943	0.02485	0.00771	0.00900	0.00600	0.00514	0.00343	0.00171	0.00428	0.00300	0.00343	0.00600
29	0.01046	0.00984	0.01661	0.79205	0.03814	0.01230	0.01538	0.01415	0.01107	0.01415	0.00984	0.01477	0.00738	0.00554	0.00554	0.00185	0.00738	0.00492	0.00246	0.00615
30	0.56050	0.01027	0.00977	0.00817	0.01190	0.01094	0.00674	0.01999	0.01165	0.28464	0.01261	0.01241	0.00867	0.00573	0.00417	0.00171	0.00443	0.00389	0.00461	0.00719
31	0.00685	0.00490	0.00652	0.00764	0.00806	0.00457	0.00515	0.00797	0.01108	0.01489	0.09966	0.73045	0.03810	0.01679	0.00702	0.00220	0.00316	0.01521	0.00523	0.00457
32	0.01371	0.01316	0.02248	0.03399	0.77081	0.01316	0.01700	0.01700	0.01261	0.01809	0.01042	0.01371	0.00877	0.00493	0.00548	0.00164	0.00658	0.00493	0.00274	0.00877
33	0.02087	0.01591	0.01649	0.01278	0.01711	0.05114	0.01049	0.70318	0.04257	0.03368	0.01330	0.01332	0.00949	0.00663	0.00552	0.00166	0.00623	0.00495	0.00542	0.00927
34	0.02253	0.00927	0.01287	0.01095	0.05701	0.00814	0.00836	0.02478	0.01565	0.65689	0.09488	0.02078	0.01723	0.00719	0.00566	0.00171	0.00461	0.00597	0.00654	0.00897
35	0.01111	0.02865	0.77667	0.01579	0.02397	0.01286	0.02046	0.01754	0.01169	0.01754	0.00994	0.01169	0.00702	0.00526	0.00526	0.00175	0.00818	0.00409	0.00234	0.00818
36	0.02069	0.02640	0.01569	0.01427	0.01712	0.78313	0.01070	0.02212	0.01569	0.01355	0.00856	0.00999	0.00713	0.00571	0.00499	0.00143	0.00999	0.00357	0.00285	0.00642
37	0.00805	0.00537	0.00604	0.00604	0.00604	0.00537	0.00336	0.00805	0.00805	0.01074	0.01745	0.03624	0.02013	0.80536	0.02819	0.00537	0.00537	0.00805	0.00336	0.00336
38	0.01356	0.01405	0.06579	0.03295	0.72793	0.01314	0.01720	0.01703	0.01256	0.01806	0.01039	0.01359	0.00867	0.00495	0.00547	0.00165	0.00667	0.00489	0.00272	0.00874
39	0.00802	0.00585	0.00806	0.00951	0.02855	0.00567	0.00729	0.00989	0.01191	0.01567	0.04747	0.36950	0.05943	0.01576	0.00729	0.00236	0.00421	0.37352	0.00508	0.00493
40	0.00678	0.00532	0.00616	0.00670	0.00789	0.00470	0.00481	0.00812	0.01198	0.01509	0.08396	0.35358	0.40824	0.01526	0.00680	0.00204	0.00304	0.03969	0.00519	0.00465
41	0.01145	0.10179	0.70657	0.01519	0.02306	0.01371	0.01943	0.01745	0.01165	0.01712	0.00973	0.01143	0.00702	0.00521	0.00510	0.00170	0.00797	0.00399	0.00234	0.00808
42	0.01380	0.01369	0.02305	0.02985	0.56941	0.03418	0.13123	0.01831	0.07668	0.01835	0.01153	0.01439	0.00937	0.00513	0.00565	0.00169	0.00692	0.00526	0.00300	0.00850
43	0.00675	0.00482	0.00643	0.00771	0.00803	0.00450	0.00514	0.00771	0.01060	0.01414	0.03053	0.80175	0.03663	0.01735	0.00707	0.00225	0.00321	0.01574	0.00514	0.00450
44	0.02485	0.00943	0.01285	0.00985	0.01414	0.00814	0.00814	0.02699	0.01585	0.77465	0.02185	0.01885	0.01371	0.00685	0.00557	0.00171	0.00471	0.00557	0.00685	0.00943
45	0.04868	0.10394	0.61459	0.01469	0.02182	0.03476	0.01810	0.01733	0.01151	0.01712	0.00946	0.01127	0.00699	0.00541	0.00558	0.00172	0.04281	0.00395	0.00241	0.00784
46	0.01371	0.01316	0.02248	0.03399	0.77081	0.01316	0.01700	0.01700	0.01261	0.01809	0.01042	0.01371	0.00877	0.00493	0.00548	0.00164	0.00658	0.00493	0.00274	0.00877
47	0.00672	0.00491	0.00633	0.00747	0.00797	0.00452	0.00503	0.00774	0.01083	0.01423	0.03343	0.71661	0.11989	0.01697	0.00701	0.00221	0.00317	0.01528	0.00514	0.00452
48	0.80774	0.04605	0.00906	0.00738	0.01087	0.01284	0.00615	0.01629	0.00951	0.02433	0.00771	0.00899	0.00605	0.00512	0.00343	0.00169	0.00436	0.00300	0.00338	0.00605
49	0.18659	0.00968	0.01192	0.00935	0.01346	0.00899	0.00772	0.02488	0.01458	0.62669	0.01906	0.01691	0.01219	0.00652	0.00515	0.00171	0.00463	0.00506	0.00618	0.00875
50	0.02485	0.00943	0.01285	0.00985	0.01414	0.00814	0.00814	0.02699	0.01585	0.77465	0.02185	0.01885	0.01371	0.00685	0.00557	0.00171	0.00471	0.00557	0.00685	0.00943
51	0.00784	0.00566	0.00740	0.00697	0.00827	0.00523	0.00523	0.01045	0.01568	0.02221	0.76789	0.04137	0.05226	0.01132	0.00653	0.00174	0.00261	0.01002	0.00610	0.00523
52	0.84448	0.01071	0.00814	0.00728	0.01071	0.01242	0.00600	0.01628	0.00943	0.02485	0.00771	0.00900	0.00600	0.00514	0.00343	0.00171	0.00428	0.00300	0.00343	0.00600
53	0.02485	0.00943	0.01285	0.00985	0.01414	0.00814	0.00814	0.02699	0.01585	0.77465	0.02185	0.01885	0.01371	0.00685	0.00557	0.00171	0.00471	0.00557	0.00685	0.00943
54	0.01449	0.01225	0.01293	0.01142	0.01467	0.01411	0.00894	0.10068	0.68839	0.02432	0.02163	0.01994	0.01617	0.00743	0.00563	0.00186	0.00455	0.00614	0.00563	0.00883
55	0.01046	0.00984	0.01661	0.79205	0.03814	0.01230	0.01538	0.01415	0.01107	0.01415	0.00984	0.01477	0.00738	0.00554	0.00554	0.00185	0.00738	0.00492	0.00246	0.00615
56	0.02485	0.00943	0.01285	0.00985	0.01414	0.00814	0.00814	0.02699	0.01585	0.77465	0.02185	0.01885	0.01371	0.00685	0.00557	0.00171	0.00471	0.00557	0.00685	0.00943
57	0.02446	0.00934	0.01273	0.00979	0.01400	0.00807	0.00807	0.02661	0.01585	0.75744	0.03892	0.01937	0.01459	0.00696	0.00559	0.00171	0.00466	0.00567	0.00684	0.00933
