[name]
unknown

[dist]
# distance from previous block
# <min> <max>
22	143

[block]
# block no. 0 follows, 46 sequences, length 25
# corresponding to MSA columns:
# 149-173
name=unknown_A
#
# <colnr> <probs for GDERKNQSTAVLIFYWHMCP>
#	G	D	E	R	K	N	Q	S	T	A	V	L	I	F	Y	W	H	M	C	P
0	0.03893	0.03239	0.05487	0.01377	0.05955	0.13779	0.08776	0.19933	0.01510	0.08144	0.01106	0.01272	0.00853	0.00780	0.05365	0.00197	0.07855	0.00447	0.00364	0.09669
1	0.01216	0.11436	0.15394	0.07550	0.01727	0.13095	0.06501	0.05428	0.01222	0.01550	0.01477	0.14911	0.05114	0.00750	0.00555	0.00160	0.03138	0.00619	0.00319	0.07839
2	0.01359	0.53813	0.10318	0.01100	0.01559	0.08754	0.07698	0.01593	0.01141	0.01345	0.01110	0.01227	0.05974	0.00526	0.00413	0.00131	0.00631	0.00386	0.00252	0.00670
3	0.03539	0.12397	0.11416	0.01708	0.09290	0.06985	0.27079	0.01788	0.06335	0.06708	0.03875	0.01393	0.00993	0.00537	0.00572	0.00163	0.03679	0.00504	0.00312	0.00725
4	0.01423	0.01249	0.11609	0.11242	0.10719	0.01086	0.05655	0.02049	0.20454	0.19039	0.02930	0.04584	0.02940	0.00655	0.00540	0.00171	0.00551	0.00572	0.00431	0.02101
5	0.00658	0.00470	0.00630	0.00752	0.00789	0.00442	0.00515	0.00761	0.01026	0.01365	0.02906	0.75935	0.03465	0.01643	0.00679	0.00217	0.00319	0.06503	0.00490	0.00433
6	0.00750	0.00556	0.00737	0.06195	0.01015	0.00554	0.00586	0.05340	0.01109	0.01471	0.02742	0.68858	0.05060	0.01509	0.00655	0.00208	0.00350	0.01360	0.00476	0.00469
7	0.01645	0.06751	0.06583	0.05076	0.01537	0.03678	0.00932	0.19166	0.18208	0.19459	0.01652	0.04938	0.01275	0.05909	0.00661	0.00187	0.00530	0.00553	0.00480	0.00781
8	0.00952	0.00539	0.00723	0.00773	0.00871	0.00491	0.00542	0.01065	0.01102	0.15117	0.02766	0.66928	0.03106	0.01477	0.00649	0.00206	0.00332	0.01330	0.00520	0.00513
9	0.00644	0.00460	0.00613	0.00736	0.00767	0.00429	0.00491	0.00736	0.01012	0.01350	0.02914	0.81076	0.03497	0.01656	0.00675	0.00215	0.00307	0.01503	0.00491	0.00429
10	0.01117	0.01095	0.01960	0.48284	0.23288	0.01220	0.12488	0.01473	0.01124	0.01501	0.00973	0.01385	0.00754	0.00501	0.00541	0.00171	0.00712	0.00493	0.00247	0.00672
11	0.01506	0.07780	0.07844	0.01776	0.02274	0.09001	0.45247	0.01872	0.01294	0.14381	0.01179	0.01375	0.00856	0.00495	0.00563	0.00166	0.00791	0.00538	0.00326	0.00736
12	0.11375	0.00935	0.01428	0.58780	0.02941	0.01163	0.01265	0.01325	0.00993	0.01441	0.00894	0.01335	0.00702	0.00643	0.00703	0.05865	0.06960	0.00446	0.00246	0.00561
13	0.01237	0.09645	0.05555	0.18179	0.44443	0.01344	0.06013	0.01558	0.01145	0.01580	0.00948	0.01274	0.00779	0.00497	0.00555	0.00161	0.03631	0.00456	0.00250	0.00751
14	0.01315	0.01139	0.01226	0.01145	0.03810	0.01313	0.00862	0.02772	0.74758	0.02196	0.02115	0.01951	0.01589	0.00709	0.00537	0.00179	0.00425	0.00594	0.00529	0.00837
15	0.01273	0.46550	0.29931	0.01234	0.01811	0.01718	0.07799	0.01625	0.01104	0.01437	0.00840	0.00994	0.00686	0.00470	0.00422	0.00138	0.00671	0.00351	0.00229	0.00718
16	0.01320	0.10450	0.44213	0.01453	0.08022	0.01200	0.03700	0.01765	0.01214	0.14430	0.06300	0.01417	0.01085	0.00557	0.00503	0.00160	0.00659	0.00454	0.00324	0.00774
17	0.02372	0.00900	0.01227	0.00941	0.01350	0.00777	0.00777	0.02576	0.01513	0.78489	0.02086	0.01799	0.01309	0.00654	0.00532	0.00164	0.00450	0.00532	0.00654	0.00900
18	0.00877	0.00485	0.00720	0.00720	0.00741	0.00506	0.00499	0.00748	0.00727	0.00990	0.01055	0.01777	0.01043	0.05168	0.19151	0.63095	0.00672	0.00494	0.00245	0.00286
19	0.01174	0.03403	0.04212	0.07375	0.03506	0.02460	0.11234	0.06164	0.12787	0.07395	0.02186	0.18551	0.11057	0.00915	0.00644	0.00183	0.04883	0.00800	0.00420	0.00650
20	0.01247	0.00795	0.01109	0.01214	0.12749	0.00790	0.00793	0.05946	0.03671	0.17661	0.12337	0.25095	0.02355	0.02824	0.06406	0.00237	0.02780	0.00867	0.00480	0.00645
21	0.00992	0.00736	0.00967	0.00958	0.01047	0.00783	0.00707	0.01083	0.01020	0.01447	0.04526	0.05824	0.01913	0.18678	0.46774	0.00677	0.05147	0.05775	0.00389	0.00556
22	0.01583	0.01312	0.06834	0.01300	0.01710	0.01265	0.14458	0.22925	0.21057	0.13007	0.07563	0.01751	0.01427	0.00651	0.00554	0.00169	0.00565	0.00573	0.00485	0.00810
23	0.01296	0.01181	0.01953	0.05988	0.09913	0.03176	0.26989	0.10297	0.06467	0.05677	0.05329	0.12395	0.01463	0.00727	0.00644	0.00179	0.04552	0.00697	0.00378	0.00700
24	0.01479	0.01236	0.01316	0.01200	0.05454	0.10739	0.03569	0.32482	0.01705	0.02223	0.01617	0.12947	0.01533	0.07248	0.01844	0.00208	0.00585	0.07521	0.04416	0.00680

[dist]
# distance from previous block
# <min> <max>
4	8

[block]
# block no. 1 follows, 46 sequences, length 16
# corresponding to MSA columns:
# 183-198
name=unknown_B
#
# <colnr> <probs for GDERKNQSTAVLIFYWHMCP>
#	G	D	E	R	K	N	Q	S	T	A	V	L	I	F	Y	W	H	M	C	P
0	0.12725	0.12370	0.01582	0.01147	0.01503	0.27883	0.00930	0.26838	0.06586	0.02169	0.01033	0.01099	0.00800	0.00567	0.00460	0.00147	0.00672	0.00388	0.00376	0.00726
1	0.01203	0.00999	0.01309	0.11403	0.01681	0.00871	0.04974	0.05576	0.02995	0.05152	0.01044	0.01217	0.00823	0.00445	0.00440	0.00107	0.00474	0.00377	0.00333	0.58577
2	0.01296	0.01077	0.01261	0.01095	0.01394	0.01201	0.05421	0.02529	0.60666	0.05630	0.10496	0.02151	0.01925	0.00738	0.00552	0.00177	0.00430	0.00636	0.00531	0.00794
3	0.01158	0.00623	0.00656	0.00609	0.00782	0.00637	0.00469	0.04498	0.08392	0.07584	0.01773	0.01930	0.01358	0.00629	0.00404	0.00133	0.00291	0.00505	0.66997	0.00571
4	0.01070	0.00600	0.00776	0.00781	0.00918	0.00564	0.00565	0.01291	0.05829	0.17475	0.07946	0.49924	0.02914	0.01292	0.00616	0.00193	0.00336	0.01151	0.05199	0.00560
5	0.02010	0.01481	0.01587	0.01216	0.01639	0.01639	0.01005	0.76360	0.02486	0.03332	0.01269	0.01269	0.00899	0.00635	0.00529	0.00159	0.00582	0.00476	0.00529	0.00899
6	0.00998	0.00940	0.01586	0.80150	0.03641	0.01175	0.01468	0.01351	0.01057	0.01351	0.00940	0.01409	0.00705	0.00529	0.00529	0.00176	0.00705	0.00470	0.00235	0.00587
7	0.00644	0.00460	0.00613	0.00736	0.00767	0.00429	0.00491	0.00736	0.01012	0.01350	0.02914	0.81076	0.03497	0.01656	0.00675	0.00215	0.00307	0.01503	0.00491	0.00429
8	0.00704	0.00515	0.00661	0.00675	0.00775	0.00472	0.00487	0.00893	0.01318	0.01813	0.47498	0.28018	0.11638	0.01285	0.00640	0.00183	0.00269	0.01141	0.00545	0.00472
9	0.02102	0.01103	0.01311	0.01015	0.01405	0.01107	0.00835	0.32819	0.01878	0.40882	0.01718	0.01596	0.01144	0.00643	0.00516	0.00158	0.00486	0.00505	0.07912	0.00864
10	0.01248	0.01426	0.03119	0.02228	0.02763	0.01337	0.76203	0.01693	0.01248	0.01693	0.01070	0.01426	0.00802	0.00446	0.00624	0.00178	0.00891	0.00624	0.00267	0.00713
11	0.00644	0.00460	0.00613	0.00736	0.00767	0.00429	0.00491	0.00736	0.01012	0.01350	0.02914	0.81076	0.03497	0.01656	0.00675	0.00215	0.00307	0.01503	0.00491	0.00429
12	0.01965	0.01366	0.01481	0.01144	0.01544	0.01492	0.00942	0.65345	0.02313	0.09025	0.01364	0.01360	0.00963	0.00635	0.00518	0.00157	0.00548	0.00481	0.06487	0.00870
13	0.00832	0.00672	0.00968	0.00925	0.00993	0.00827	0.00722	0.00989	0.00834	0.01217	0.01304	0.02035	0.01260	0.10725	0.57490	0.00702	0.16185	0.00566	0.00277	0.00478
14	0.01254	0.01351	0.04275	0.08875	0.06669	0.03912	0.45279	0.06183	0.04734	0.01747	0.01251	0.04982	0.01042	0.00587	0.00619	0.00179	0.02185	0.03866	0.00310	0.00700
15	0.23624	0.01687	0.01335	0.06131	0.03135	0.30454	0.00930	0.19229	0.03408	0.03992	0.00977	0.01084	0.00747	0.00556	0.00457	0.00153	0.00677	0.00380	0.00360	0.00685

[dist]
# distance from previous block
# <min> <max>
0	5

[block]
# block no. 2 follows, 46 sequences, length 18
# corresponding to MSA columns:
# 204-221
name=unknown_C
#
# <colnr> <probs for GDERKNQSTAVLIFYWHMCP>
#	G	D	E	R	K	N	Q	S	T	A	V	L	I	F	Y	W	H	M	C	P
0	0.00735	0.00518	0.00649	0.00707	0.00754	0.00501	0.00468	0.03505	0.01056	0.01421	0.10348	0.50916	0.03168	0.21335	0.01164	0.00281	0.00362	0.01227	0.00459	0.00427
1	0.01736	0.01235	0.01406	0.07404	0.01666	0.01336	0.00941	0.36989	0.20108	0.12613	0.01536	0.01505	0.01100	0.00629	0.00520	0.00159	0.00520	0.00499	0.00507	0.07591
2	0.01031	0.00973	0.01644	0.72142	0.11397	0.01183	0.01484	0.01379	0.01072	0.01390	0.00945	0.01399	0.00719	0.00523	0.00528	0.00174	0.00697	0.00470	0.00238	0.00613
3	0.02253	0.00894	0.01202	0.00934	0.01326	0.00788	0.00767	0.02517	0.04854	0.71747	0.05435	0.01902	0.01485	0.00676	0.00536	0.00164	0.00440	0.00553	0.00646	0.00879
4	0.01496	0.01247	0.02469	0.08294	0.02433	0.01200	0.48500	0.01861	0.01277	0.20276	0.01289	0.01504	0.00912	0.00524	0.00642	0.00177	0.04220	0.00582	0.00357	0.00742
5	0.05517	0.04962	0.01836	0.10536	0.09737	0.01406	0.12475	0.30864	0.06564	0.08991	0.01251	0.01366	0.00912	0.00569	0.00525	0.00163	0.00617	0.00492	0.00417	0.00800
6	0.00666	0.00521	0.00608	0.00652	0.00776	0.00463	0.00483	0.00809	0.01177	0.01488	0.11408	0.27720	0.41026	0.01421	0.00650	0.00195	0.00300	0.08688	0.00499	0.00450
7	0.00670	0.00501	0.00628	0.00706	0.00790	0.00458	0.00507	0.00802	0.01124	0.01461	0.10153	0.47857	0.21743	0.01507	0.00664	0.00205	0.00311	0.08968	0.00498	0.00446
8	0.01217	0.01078	0.01659	0.10787	0.01872	0.01167	0.18576	0.07354	0.20340	0.04410	0.17147	0.02058	0.01870	0.00715	0.00672	0.00178	0.07142	0.00640	0.00425	0.00694
9	0.01209	0.09484	0.09731	0.51117	0.02943	0.05045	0.01387	0.10027	0.01249	0.01597	0.00952	0.01284	0.00720	0.00531	0.00504	0.00165	0.00696	0.00437	0.00268	0.00654
10	0.00644	0.00460	0.00613	0.00736	0.00767	0.00429	0.00491	0.00736	0.01012	0.01350	0.02914	0.81076	0.03497	0.01656	0.00675	0.00215	0.00307	0.01503	0.00491	0.00429
11	0.01024	0.00989	0.01742	0.72223	0.03552	0.01191	0.09072	0.01386	0.01076	0.01386	0.00953	0.01411	0.00715	0.00520	0.00538	0.00176	0.00724	0.00485	0.00238	0.00600
12	0.01722	0.13131	0.01931	0.01503	0.09951	0.12525	0.11170	0.09488	0.01390	0.20318	0.01197	0.01303	0.00890	0.00592	0.00655	0.00161	0.10481	0.00460	0.00377	0.00755
13	0.01174	0.07137	0.32999	0.13442	0.10154	0.04916	0.08202	0.01599	0.01196	0.04295	0.08805	0.01494	0.01167	0.00561	0.00521	0.00163	0.00692	0.00485	0.00287	0.00712
14	0.24872	0.02796	0.01469	0.32527	0.03835	0.13812	0.05492	0.03938	0.01136	0.01714	0.00870	0.01157	0.00677	0.00529	0.00504	0.00166	0.03211	0.00403	0.00278	0.00611
15	0.05302	0.01220	0.02260	0.02010	0.17777	0.01172	0.36644	0.05143	0.01301	0.13343	0.01345	0.07641	0.01090	0.00587	0.00575	0.00173	0.00689	0.00625	0.00357	0.00747
16	0.00675	0.00484	0.00641	0.00715	0.00774	0.00450	0.00493	0.00814	0.01156	0.01578	0.25156	0.58182	0.03939	0.01485	0.00660	0.00200	0.00290	0.01341	0.00518	0.00450
17	0.05211	0.14265	0.01783	0.05662	0.05095	0.01639	0.01097	0.16815	0.01234	0.01767	0.00848	0.01137	0.00735	0.00726	0.01074	0.00188	0.39325	0.00429	0.00298	0.00673

[dist]
# distance from previous block
# <min> <max>
0	1

[block]
# block no. 3 follows, 46 sequences, length 50
# corresponding to MSA columns:
# 223-272
name=unknown_D
#
# <colnr> <probs for GDERKNQSTAVLIFYWHMCP>
#	G	D	E	R	K	N	Q	S	T	A	V	L	I	F	Y	W	H	M	C	P
0	0.00853	0.00743	0.01175	0.44074	0.02354	0.00873	0.01045	0.01088	0.01030	0.01348	0.01768	0.35147	0.01887	0.01018	0.00628	0.00194	0.03005	0.00907	0.00343	0.00520
1	0.00652	0.00467	0.00621	0.00730	0.00769	0.00435	0.00491	0.00757	0.01051	0.01412	0.08956	0.74857	0.03617	0.01610	0.00671	0.00211	0.00302	0.01459	0.00498	0.00435
2	0.01413	0.81739	0.02770	0.00905	0.01357	0.02092	0.00905	0.01583	0.01074	0.01244	0.00735	0.00848	0.00678	0.00452	0.00339	0.00113	0.00565	0.00283	0.00226	0.00678
3	0.02150	0.03846	0.01255	0.00930	0.01313	0.00907	0.00770	0.11933	0.01582	0.58254	0.01895	0.01714	0.01238	0.00641	0.00508	0.00157	0.00450	0.00512	0.09096	0.00850
4	0.01866	0.17887	0.01745	0.01273	0.01580	0.64321	0.00999	0.02009	0.01416	0.01284	0.00801	0.00933	0.00680	0.00527	0.00450	0.00132	0.00878	0.00329	0.00263	0.00626
5	0.02035	0.01347	0.01487	0.01144	0.01554	0.01452	0.00944	0.61107	0.02271	0.16128	0.01425	0.01385	0.00985	0.00637	0.00524	0.00158	0.00547	0.00486	0.03500	0.00885
6	0.00671	0.00479	0.00644	0.00767	0.00809	0.00453	0.00537	0.00782	0.01039	0.01380	0.02899	0.71383	0.03438	0.01631	0.00682	0.00218	0.00330	0.10931	0.00490	0.00437
7	0.67575	0.01119	0.00948	0.00805	0.01153	0.01282	0.00664	0.17371	0.01235	0.02575	0.00849	0.00946	0.00642	0.00521	0.00370	0.00163	0.00445	0.00326	0.00370	0.00642
8	0.00644	0.00460	0.00613	0.00736	0.00767	0.00429	0.00491	0.00736	0.01012	0.01350	0.02914	0.81076	0.03497	0.01656	0.00675	0.00215	0.00307	0.01503	0.00491	0.00429
9	0.01009	0.00553	0.00743	0.00779	0.00890	0.00503	0.00551	0.01125	0.01118	0.17660	0.02739	0.64314	0.03034	0.01444	0.00645	0.00204	0.00337	0.01298	0.00525	0.00529
10	0.02110	0.00842	0.01143	0.00896	0.01259	0.00732	0.00732	0.02322	0.01510	0.66193	0.14284	0.02145	0.01901	0.00723	0.00546	0.00164	0.00418	0.00600	0.00643	0.00835
11	0.01245	0.00814	0.01002	0.00906	0.01126	0.00822	0.00736	0.18981	0.01632	0.10683	0.28023	0.08583	0.03039	0.01059	0.00621	0.00186	0.00412	0.18953	0.00548	0.00630
12	0.02319	0.00984	0.01279	0.00981	0.01392	0.00902	0.00810	0.13281	0.01654	0.67585	0.01967	0.01722	0.01249	0.00651	0.00531	0.00163	0.00469	0.00524	0.00636	0.00900
13	0.02224	0.01042	0.01303	0.01009	0.01414	0.01000	0.00831	0.18682	0.06631	0.57153	0.01912	0.01695	0.01239	0.00654	0.00531	0.00164	0.00477	0.00524	0.00619	0.00895
14	0.02222	0.00917	0.01212	0.00947	0.01337	0.00826	0.00776	0.03981	0.07528	0.68175	0.04850	0.01881	0.01460	0.00675	0.00535	0.00165	0.00443	0.00551	0.00640	0.00880
15	0.01160	0.01105	0.01878	0.40047	0.42480	0.01217	0.01549	0.01492	0.01134	0.01547	0.00968	0.01357	0.00774	0.00499	0.00526	0.00166	0.00665	0.00470	0.00249	0.00718
16	0.10732	0.01202	0.01335	0.01044	0.01429	0.01270	0.00858	0.42726	0.01980	0.23206	0.07606	0.01584	0.01304	0.00661	0.00516	0.00161	0.00502	0.00510	0.00545	0.00833
17	0.72205	0.01079	0.00898	0.09526	0.01339	0.04591	0.00691	0.01556	0.00943	0.02212	0.00762	0.00924	0.00592	0.00497	0.00356	0.00164	0.00465	0.00309	0.00315	0.00576
18	0.01510	0.11329	0.01901	0.01356	0.01631	0.06387	0.13142	0.06530	0.07329	0.13476	0.01137	0.01321	0.00891	0.00688	0.00943	0.00183	0.28713	0.00481	0.00348	0.00706
19	0.01575	0.00961	0.01132	0.00946	0.01276	0.00965	0.00750	0.04791	0.30968	0.27167	0.09125	0.04570	0.03271	0.00736	0.00534	0.00163	0.00409	0.00615	0.00554	0.09492
20	0.00938	0.00780	0.01117	0.23153	0.01741	0.00916	0.00909	0.04147	0.04249	0.02854	0.01901	0.38320	0.02054	0.01127	0.00785	0.00202	0.12928	0.00954	0.00385	0.00541
21	0.00746	0.00560	0.00810	0.00823	0.00919	0.00614	0.00623	0.00916	0.00894	0.01274	0.01713	0.18739	0.01759	0.03327	0.59393	0.00683	0.01139	0.00754	0.00328	0.03986
22	0.02343	0.00947	0.01256	0.00963	0.01373	0.00847	0.00795	0.08526	0.01592	0.72429	0.02020	0.01757	0.01276	0.00653	0.00531	0.00163	0.00460	0.00527	0.00644	0.00900
23	0.01197	0.00827	0.01009	0.00922	0.01090	0.01976	0.00710	0.11704	0.06989	0.10816	0.10118	0.26745	0.02281	0.01291	0.06637	0.00237	0.09331	0.00869	0.04637	0.00613
24	0.08720	0.01498	0.01507	0.01177	0.01583	0.06626	0.00966	0.63809	0.02271	0.04851	0.01216	0.01228	0.00868	0.00618	0.00509	0.00158	0.00589	0.00453	0.00499	0.00854
25	0.00676	0.00514	0.00623	0.00646	0.00758	0.00460	0.00465	0.00840	0.01252	0.01658	0.31270	0.28321	0.27913	0.01343	0.00640	0.00185	0.00273	0.01177	0.00524	0.00460
26	0.00681	0.00530	0.00623	0.00669	0.00779	0.00486	0.00475	0.00874	0.04826	0.01507	0.12183	0.39861	0.31733	0.01426	0.00643	0.00194	0.00291	0.01251	0.00503	0.00463
27	0.01150	0.01138	0.01554	0.20635	0.31736	0.10344	0.01231	0.01401	0.01157	0.01489	0.01490	0.14874	0.04615	0.00876	0.03847	0.00199	0.00648	0.00660	0.00306	0.00650
28	0.01648	0.01207	0.01340	0.01092	0.01423	0.01330	0.00881	0.48130	0.11225	0.05177	0.05233	0.06774	0.01413	0.01102	0.09273	0.00242	0.00616	0.00593	0.00507	0.00794
29	0.00843	0.00602	0.00842	0.00964	0.01082	0.00601	0.00837	0.01081	0.01209	0.01573	0.02804	0.09038	0.03061	0.01468	0.00728	0.00242	0.00479	0.71574	0.00487	0.00484
30	0.00651	0.00470	0.00605	0.00709	0.00750	0.00436	0.00472	0.00740	0.01012	0.01335	0.03035	0.69731	0.09568	0.06810	0.00802	0.00231	0.00317	0.01423	0.00480	0.00424
31	0.01105	0.01291	0.12962	0.50901	0.13705	0.01221	0.05159	0.04591	0.01155	0.01550	0.00969	0.01348	0.00731	0.00517	0.00529	0.00172	0.00709	0.00466	0.00251	0.00670
32	0.01480	0.01169	0.01517	0.09158	0.01765	0.01257	0.09278	0.40329	0.01848	0.02452	0.01822	0.08550	0.07005	0.00831	0.00581	0.00178	0.00572	0.09020	0.00460	0.00729
33	0.77854	0.06298	0.00923	0.00724	0.01058	0.02994	0.00604	0.01568	0.00924	0.02274	0.00738	0.00860	0.00582	0.00489	0.00331	0.00160	0.00431	0.00287	0.00319	0.00580
34	0.00751	0.00566	0.00787	0.00794	0.00866	0.00633	0.00589	0.00890	0.00880	0.01227	0.01882	0.13073	0.06655	0.15465	0.48411	0.00642	0.04359	0.00755	0.00328	0.00445
35	0.00692	0.00526	0.00707	0.00790	0.00827	0.00541	0.00553	0.00794	0.00991	0.01338	0.02716	0.67072	0.05508	0.01737	0.05866	0.00256	0.06840	0.01346	0.00456	0.00445
36	0.01096	0.00940	0.01096	0.00783	0.01253	0.00705	0.00626	0.01331	0.01096	0.01723	0.00940	0.01096	0.00783	0.00392	0.00392	0.00078	0.00392	0.00313	0.00313	0.84653
37	0.01259	0.18188	0.01793	0.01197	0.01380	0.01602	0.01025	0.06222	0.01011	0.01458	0.00772	0.01091	0.00715	0.00738	0.01188	0.00182	0.48043	0.00406	0.00260	0.11470
38	0.00801	0.00625	0.00892	0.17471	0.01393	0.00642	0.00704	0.01072	0.01404	0.01957	0.61584	0.03412	0.04082	0.00964	0.00603	0.00168	0.00346	0.00853	0.00509	0.00518
39	0.01243	0.01189	0.02027	0.19505	0.62375	0.01239	0.01590	0.01565	0.01173	0.01648	0.00983	0.01330	0.00809	0.00483	0.00524	0.00161	0.00644	0.00471	0.00256	0.00785
40	0.02057	0.00830	0.01126	0.00887	0.01241	0.00723	0.00723	0.02270	0.01510	0.63674	0.16782	0.02216	0.02022	0.00737	0.00549	0.00164	0.00411	0.00614	0.00640	0.00822
41	0.00884	0.00482	0.00723	0.00723	0.00743	0.00502	0.00502	0.00743	0.00723	0.00984	0.01024	0.01706	0.01004	0.02287	0.18402	0.66907	0.00661	0.00482	0.00241	0.00281
42	0.01786	0.01370	0.01461	0.01171	0.01554	0.01535	0.00951	0.52683	0.26527	0.02971	0.01553	0.01496	0.01129	0.00661	0.00532	0.00165	0.00529	0.00515	0.00532	0.00879
43	0.02316	0.00959	0.01260	0.00969	0.01377	0.00869	0.00799	0.09466	0.03162	0.69905	0.02011	0.01753	0.01277	0.00654	0.00532	0.00163	0.00462	0.00528	0.00640	0.00898
44	0.01214	0.00643	0.00856	0.00744	0.00950	0.00579	0.00579	0.01450	0.01501	0.24017	0.56122	0.03333	0.03933	0.00958	0.00597	0.00165	0.00307	0.00834	0.00603	0.00614
45	0.00778	0.00544	0.00697	0.00666	0.00798	0.00496	0.00497	0.01001	0.01425	0.04423	0.61457	0.10590	0.12351	0.01143	0.00625	0.00172	0.00263	0.01006	0.00567	0.00500
46	0.02106	0.01327	0.01491	0.01143	0.01563	0.01411	0.00944	0.56818	0.02228	0.23238	0.01485	0.01410	0.01008	0.00640	0.00530	0.00160	0.00547	0.00491	0.00562	0.00899
47	0.01112	0.01031	0.01635	0.63525	0.12565	0.02601	0.01435	0.05699	0.01166	0.01519	0.00976	0.01390	0.00742	0.00529	0.00524	0.00171	0.00685	0.00468	0.01591	0.00635
48	0.00644	0.00460	0.00613	0.00736	0.00767	0.00429	0.00491	0.00736	0.01012	0.01350	0.02914	0.81076	0.03497	0.01656	0.00675	0.00215	0.00307	0.01503	0.00491	0.00429
49	0.18105	0.01109	0.01236	0.03479	0.01434	0.01161	0.00820	0.21821	0.11039	0.28569	0.01530	0.01455	0.01054	0.00610	0.00486	0.00161	0.00478	0.00466	0.00515	0.04471

[dist]
# distance from previous block
# <min> <max>
0	7

[block]
# block no. 4 follows, 46 sequences, length 19
# corresponding to MSA columns:
# 280-298
name=unknown_E
#
# <colnr> <probs for GDERKNQSTAVLIFYWHMCP>
#	G	D	E	R	K	N	Q	S	T	A	V	L	I	F	Y	W	H	M	C	P
0	0.01275	0.00909	0.01081	0.00790	0.01231	0.00703	0.00634	0.01506	0.01157	0.12871	0.01150	0.01248	0.00891	0.00442	0.00411	0.00093	0.00392	0.00355	0.05098	0.67763
1	0.02522	0.01126	0.07418	0.03948	0.03847	0.02571	0.07685	0.07492	0.17416	0.14195	0.06234	0.10733	0.06813	0.00841	0.00572	0.00179	0.00507	0.04717	0.00471	0.00712
2	0.01024	0.08205	0.44904	0.04807	0.05657	0.01147	0.04845	0.01454	0.01093	0.01556	0.01329	0.17235	0.01256	0.00737	0.00559	0.00174	0.02421	0.00626	0.00282	0.00689
3	0.02306	0.01005	0.01292	0.00990	0.01402	0.00933	0.00818	0.15916	0.01689	0.64902	0.01938	0.01704	0.01235	0.00651	0.00531	0.00163	0.00474	0.00522	0.00632	0.00900
4	0.00646	0.00492	0.00595	0.00663	0.00751	0.00441	0.00461	0.00764	0.01115	0.01437	0.09646	0.49424	0.28651	0.01504	0.00654	0.00199	0.00289	0.01329	0.00498	0.00441
5	0.06950	0.01375	0.12074	0.22417	0.38789	0.02674	0.01511	0.02981	0.01171	0.03724	0.00987	0.01284	0.00774	0.00501	0.00508	0.00164	0.00654	0.00447	0.00270	0.00746
6	0.00657	0.00474	0.00623	0.00728	0.00776	0.00441	0.00498	0.00766	0.01062	0.01413	0.08135	0.69370	0.07628	0.01594	0.00670	0.00210	0.00306	0.03716	0.00497	0.00437
7	0.00769	0.00513	0.00577	0.00577	0.00577	0.00513	0.00320	0.00769	0.00769	0.01025	0.01666	0.03460	0.01922	0.81421	0.02691	0.00513	0.00513	0.00769	0.00320	0.00320
8	0.03114	0.33263	0.06387	0.04408	0.05251	0.08288	0.03450	0.11698	0.05896	0.01695	0.01065	0.01215	0.02238	0.00662	0.02912	0.00167	0.05322	0.00405	0.01864	0.00701
9	0.01807	0.01438	0.16896	0.01133	0.01589	0.01150	0.01069	0.26577	0.05092	0.28735	0.03911	0.05498	0.01278	0.00683	0.00535	0.00166	0.00546	0.00549	0.00511	0.00837
10	0.00719	0.00539	0.00666	0.00635	0.00772	0.00486	0.00476	0.00941	0.01428	0.01957	0.60737	0.04218	0.22198	0.01142	0.00624	0.00169	0.00254	0.00994	0.00560	0.00486
11	0.01074	0.00806	0.00886	0.00847	0.01044	0.00877	0.00644	0.01878	0.37036	0.03336	0.07501	0.16160	0.04779	0.00929	0.00543	0.00175	0.00350	0.03075	0.17411	0.00650
12	0.01136	0.07424	0.07259	0.39112	0.18491	0.01312	0.09654	0.01479	0.01097	0.01475	0.00934	0.01311	0.00738	0.00526	0.00600	0.00171	0.05900	0.00467	0.00242	0.00672
13	0.00983	0.00884	0.01375	0.50004	0.02647	0.01099	0.01197	0.01293	0.03334	0.01407	0.01257	0.12057	0.01147	0.00750	0.00717	0.00186	0.12489	0.00612	0.05995	0.00566
14	0.00739	0.00566	0.00684	0.00685	0.00812	0.00533	0.00501	0.01021	0.07148	0.01787	0.37743	0.22576	0.20737	0.01249	0.00630	0.00182	0.00280	0.01096	0.00536	0.00496
15	0.01155	0.01057	0.05882	0.49857	0.11159	0.01117	0.01349	0.04090	0.01186	0.07476	0.06313	0.03372	0.01125	0.00604	0.00558	0.00173	0.02039	0.00527	0.00309	0.00651
16	0.01078	0.01191	0.11111	0.45845	0.11552	0.03176	0.01394	0.01413	0.01097	0.04019	0.01198	0.10296	0.01048	0.00660	0.00570	0.00177	0.02686	0.00575	0.00280	0.00633
17	0.01082	0.00867	0.06947	0.00890	0.01087	0.00738	0.05758	0.06408	0.03036	0.10092	0.10029	0.13876	0.02159	0.33039	0.01427	0.00312	0.00497	0.00804	0.00419	0.00535
18	0.12642	0.01198	0.07063	0.00974	0.01370	0.02786	0.00844	0.16061	0.09347	0.13758	0.07263	0.01676	0.01332	0.00626	0.00485	0.00149	0.00476	0.02951	0.00450	0.18550

[dist]
# distance from previous block
# <min> <max>
1	30

[block]
# block no. 5 follows, 46 sequences, length 39
# corresponding to MSA columns:
# 329-367
name=unknown_F
#
# <colnr> <probs for GDERKNQSTAVLIFYWHMCP>
#	G	D	E	R	K	N	Q	S	T	A	V	L	I	F	Y	W	H	M	C	P
0	0.01216	0.00751	0.00956	0.03203	0.01123	0.00712	0.00659	0.07751	0.03844	0.16556	0.39042	0.06793	0.03203	0.00921	0.00580	0.00164	0.00359	0.03909	0.00548	0.07711
1	0.04753	0.01059	0.04569	0.05756	0.08834	0.00986	0.00939	0.11487	0.06891	0.28178	0.09658	0.02017	0.01591	0.00690	0.00533	0.00163	0.00486	0.04579	0.00498	0.06332
2	0.06579	0.27218	0.03338	0.04443	0.01526	0.05683	0.06777	0.12513	0.03594	0.05408	0.01226	0.09304	0.01111	0.03226	0.02299	0.00181	0.04033	0.00525	0.00344	0.00672
3	0.01822	0.01195	0.01324	0.01050	0.01412	0.01273	0.00862	0.48695	0.03265	0.14648	0.01771	0.01865	0.05859	0.00716	0.00529	0.00161	0.00503	0.03675	0.08561	0.00814
4	0.01020	0.00907	0.01425	0.42565	0.14450	0.02484	0.01217	0.01294	0.01074	0.03002	0.01371	0.16245	0.01301	0.00912	0.04433	0.00213	0.02706	0.00666	0.02120	0.00596
5	0.01096	0.00940	0.01096	0.00783	0.01253	0.00705	0.00626	0.01331	0.01096	0.01723	0.00940	0.01096	0.00783	0.00392	0.00392	0.00078	0.00392	0.00313	0.00313	0.84653
6	0.01413	0.81739	0.02770	0.00905	0.01357	0.02092	0.00905	0.01583	0.01074	0.01244	0.00735	0.00848	0.00678	0.00452	0.00339	0.00113	0.00565	0.00283	0.00226	0.00678
7	0.01342	0.01081	0.01164	0.01040	0.01334	0.01227	0.00810	0.02673	0.67408	0.06920	0.07234	0.02095	0.01822	0.00738	0.00543	0.00177	0.00409	0.00618	0.00548	0.00818
8	0.19149	0.00922	0.01113	0.00886	0.01262	0.00875	0.00727	0.02316	0.05015	0.56264	0.04825	0.01701	0.01319	0.00641	0.00494	0.00164	0.00432	0.00502	0.00579	0.00814
9	0.02372	0.00900	0.01227	0.00941	0.01350	0.00777	0.00777	0.02576	0.01513	0.78489	0.02086	0.01799	0.01309	0.00654	0.00532	0.00164	0.00450	0.00532	0.00654	0.00900
10	0.00758	0.00528	0.00647	0.00647	0.00681	0.00549	0.00415	0.00815	0.00811	0.01098	0.01776	0.03169	0.05405	0.56912	0.23042	0.00586	0.00742	0.00731	0.00319	0.00367
11	0.01975	0.02520	0.01498	0.01362	0.01634	0.79299	0.01021	0.02111	0.01498	0.01294	0.00817	0.00953	0.00681	0.00545	0.00477	0.00136	0.00953	0.00340	0.00272	0.00613
12	0.04910	0.00967	0.01236	0.00955	0.01359	0.02618	0.00787	0.05902	0.01538	0.70942	0.01978	0.01727	0.01253	0.00646	0.00524	0.00163	0.00466	0.00517	0.00630	0.00883
13	0.01423	0.00690	0.00923	0.00780	0.01022	0.00614	0.00614	0.01653	0.01503	0.33842	0.46376	0.03056	0.03460	0.00904	0.00585	0.00165	0.00333	0.00780	0.00612	0.00665
14	0.00648	0.00462	0.00612	0.00731	0.00761	0.00432	0.00486	0.00737	0.01005	0.01340	0.02877	0.78790	0.03450	0.04005	0.00734	0.00223	0.00313	0.01481	0.00486	0.00426
15	0.01980	0.02364	0.01511	0.01340	0.01635	0.67660	0.01019	0.13238	0.01646	0.01599	0.00885	0.01001	0.00714	0.00558	0.00484	0.00140	0.00898	0.00361	0.00311	0.00656
16	0.02372	0.00900	0.01227	0.00941	0.01350	0.00777	0.00777	0.02576	0.01513	0.78489	0.02086	0.01799	0.01309	0.00654	0.00532	0.00164	0.00450	0.00532	0.00654	0.00900
17	0.01034	0.00507	0.00518	0.00508	0.00642	0.00503	0.00384	0.01279	0.01123	0.04649	0.01737	0.01965	0.01353	0.00617	0.00375	0.00125	0.00253	0.00494	0.81427	0.00507
18	0.02372	0.00900	0.01227	0.00941	0.01350	0.00777	0.00777	0.02576	0.01513	0.78489	0.02086	0.01799	0.01309	0.00654	0.00532	0.00164	0.00450	0.00532	0.00654	0.00900
19	0.01812	0.14226	0.01653	0.01259	0.01562	0.58416	0.00982	0.02115	0.10470	0.01396	0.00964	0.01059	0.00792	0.00552	0.00463	0.00138	0.00831	0.00363	0.00297	0.00649
20	0.06210	0.00597	0.00751	0.00768	0.00911	0.00556	0.00564	0.01174	0.01134	0.16764	0.02843	0.49044	0.09996	0.01344	0.00623	0.00199	0.00347	0.05125	0.00513	0.00536
21	0.80049	0.01015	0.00805	0.00710	0.01043	0.01161	0.00585	0.01617	0.00938	0.07067	0.00819	0.00917	0.00618	0.00501	0.00340	0.00164	0.00411	0.00301	0.00347	0.00593
22	0.01398	0.55741	0.02223	0.00967	0.02745	0.10728	0.00852	0.01543	0.01109	0.03640	0.01022	0.07438	0.01002	0.05267	0.00562	0.01849	0.00582	0.00429	0.00272	0.00631
23	0.06354	0.00916	0.01128	0.02938	0.10457	0.02650	0.00796	0.04378	0.13002	0.20415	0.09652	0.05279	0.01688	0.00805	0.02947	0.00181	0.00457	0.00589	0.13059	0.02308
24	0.03478	0.04023	0.13716	0.12748	0.27470	0.08612	0.01344	0.03568	0.03547	0.06141	0.06471	0.01459	0.01109	0.00553	0.00509	0.00157	0.00633	0.00471	0.00316	0.03675
25	0.01222	0.01113	0.01726	0.35680	0.32647	0.04960	0.01424	0.01533	0.01171	0.05214	0.01162	0.01737	0.00975	0.00588	0.00541	0.00172	0.00657	0.06497	0.00288	0.00694
26	0.05806	0.00586	0.00674	0.00639	0.00707	0.00589	0.00405	0.01014	0.00859	0.09185	0.01639	0.03045	0.01740	0.63205	0.07407	0.00478	0.00560	0.00703	0.00353	0.00405
27	0.00992	0.00985	0.13495	0.12789	0.01524	0.00757	0.00916	0.04406	0.01151	0.07902	0.05702	0.36926	0.02231	0.01132	0.00664	0.04216	0.00470	0.00945	0.02232	0.00564
28	0.01203	0.06368	0.23659	0.03818	0.14203	0.01353	0.33192	0.01635	0.01162	0.01632	0.00978	0.01271	0.00755	0.00499	0.00629	0.00172	0.05984	0.00502	0.00249	0.00738
29	0.00668	0.00484	0.00638	0.00720	0.00776	0.00457	0.00495	0.00791	0.01083	0.01460	0.14529	0.59272	0.07205	0.02997	0.05549	0.00249	0.00368	0.01329	0.00489	0.00442
30	0.00779	0.00518	0.00605	0.00610	0.00624	0.00515	0.00368	0.00798	0.00836	0.01120	0.06398	0.03556	0.02133	0.68469	0.02424	0.04048	0.00493	0.05027	0.00342	0.00337
31	0.02931	0.45485	0.24223	0.01124	0.01646	0.07283	0.01208	0.06290	0.01197	0.01521	0.00848	0.00982	0.00700	0.00551	0.01897	0.00148	0.00669	0.00335	0.00250	0.00711
32	0.03077	0.02118	0.50374	0.10146	0.02277	0.01188	0.06728	0.05968	0.01215	0.06821	0.01128	0.04614	0.00856	0.00568	0.00520	0.00170	0.00718	0.00474	0.00287	0.00750
33	0.00852	0.00608	0.00852	0.00974	0.01095	0.00608	0.00852	0.01095	0.01217	0.01582	0.02799	0.05963	0.03042	0.01460	0.00730	0.00243	0.00487	0.74565	0.00487	0.00487
34	0.01469	0.01180	0.03792	0.13883	0.01833	0.01159	0.02301	0.23584	0.06559	0.08334	0.01204	0.01321	0.00896	0.00549	0.00526	0.00141	0.03112	0.00436	0.00400	0.27323
35	0.01257	0.02152	0.50174	0.06127	0.05981	0.01208	0.09437	0.04085	0.03509	0.09415	0.01123	0.01274	0.00793	0.00522	0.00522	0.00168	0.00731	0.00446	0.00292	0.00783
36	0.00864	0.00553	0.00642	0.00635	0.00656	0.02100	0.00394	0.02019	0.00814	0.01101	0.01457	0.04010	0.01589	0.49549	0.03363	0.23614	0.00502	0.00663	0.05151	0.00324
37	0.44678	0.20132	0.05226	0.00981	0.05144	0.03185	0.00824	0.08786	0.01139	0.02089	0.00819	0.00941	0.00656	0.00493	0.00373	0.00148	0.00503	0.00320	0.00313	0.03249
38	0.03933	0.00652	0.00816	0.00721	0.00934	0.00602	0.00559	0.01562	0.01335	0.26979	0.23717	0.10879	0.02583	0.00868	0.00526	0.00160	0.00325	0.00739	0.21486	0.00623

[dist]
# distance from previous block
# <min> <max>
0	2

[block]
# block no. 6 follows, 46 sequences, length 73
# corresponding to MSA columns:
# 370-442
name=unknown_G
#
# <colnr> <probs for GDERKNQSTAVLIFYWHMCP>
#	G	D	E	R	K	N	Q	S	T	A	V	L	I	F	Y	W	H	M	C	P
0	0.01274	0.01678	0.30712	0.08390	0.14791	0.01101	0.08153	0.03730	0.01246	0.11844	0.04886	0.03413	0.03779	0.00599	0.00536	0.00167	0.00650	0.00529	0.00334	0.02189
1	0.01303	0.00942	0.01124	0.00814	0.01274	0.00731	0.00655	0.02738	0.01182	0.13320	0.01118	0.01205	0.00864	0.00435	0.00415	0.00092	0.00403	0.00349	0.00368	0.70668
2	0.01458	0.75409	0.02669	0.00941	0.01379	0.08261	0.00914	0.01625	0.01108	0.01248	0.00742	0.00856	0.00679	0.00460	0.00350	0.00115	0.00596	0.00287	0.00230	0.00673
3	0.01339	0.00800	0.00979	0.00831	0.01080	0.00782	0.00655	0.11810	0.07666	0.20124	0.39656	0.02983	0.07259	0.00905	0.00582	0.00166	0.00356	0.00771	0.00583	0.00672
4	0.00646	0.00470	0.00610	0.00716	0.00763	0.00433	0.00483	0.00747	0.01046	0.01383	0.05685	0.71636	0.10218	0.01608	0.00669	0.00210	0.00301	0.01450	0.00494	0.00433
5	0.01404	0.01180	0.01246	0.01094	0.01409	0.01357	0.00858	0.12251	0.67581	0.02355	0.02038	0.01882	0.01522	0.00707	0.00537	0.00177	0.00439	0.00582	0.00537	0.00845
6	0.00768	0.00567	0.00799	0.00793	0.00861	0.00646	0.00586	0.00907	0.00828	0.01177	0.01462	0.02407	0.01459	0.23636	0.57890	0.00749	0.03120	0.00615	0.00291	0.00436
7	0.01975	0.02520	0.01498	0.01362	0.01634	0.79299	0.01021	0.02111	0.01498	0.01294	0.00817	0.00953	0.00681	0.00545	0.00477	0.00136	0.00953	0.00340	0.00272	0.00613
8	0.00797	0.00625	0.00731	0.00689	0.00854	0.00603	0.00521	0.01195	0.12381	0.01944	0.47060	0.03974	0.24434	0.01099	0.00611	0.00172	0.00279	0.00948	0.00551	0.00533
9	0.00855	0.00574	0.00780	0.00854	0.00970	0.00551	0.00693	0.01056	0.01220	0.05527	0.13364	0.24149	0.05962	0.01411	0.00688	0.00219	0.00399	0.39723	0.00510	0.00494
10	0.00642	0.00541	0.00559	0.00568	0.00743	0.00458	0.00435	0.00784	0.01206	0.01440	0.05164	0.05153	0.72309	0.01348	0.00633	0.00183	0.00284	0.06609	0.00491	0.00449
11	0.01308	0.01256	0.02146	0.03245	0.78123	0.01256	0.01622	0.01622	0.01204	0.01727	0.00994	0.01308	0.00837	0.00471	0.00523	0.00157	0.00628	0.00471	0.00262	0.00837
12	0.00686	0.00489	0.00655	0.00773	0.00819	0.00465	0.00550	0.00802	0.01040	0.01380	0.02849	0.64836	0.03360	0.04418	0.00755	0.00230	0.00346	0.14626	0.00484	0.00436
13	0.00915	0.00507	0.00565	0.00567	0.00669	0.00523	0.00415	0.01119	0.01022	0.01721	0.01684	0.03421	0.01452	0.10933	0.14041	0.00295	0.00478	0.00554	0.58651	0.00467
14	0.04065	0.00862	0.01147	0.00893	0.01271	0.00757	0.00734	0.02410	0.01467	0.68963	0.03851	0.01844	0.01384	0.00658	0.00517	0.00160	0.00428	0.00533	0.07203	0.00851
15	0.05040	0.01016	0.01676	0.58693	0.20669	0.01194	0.01461	0.01423	0.01083	0.01486	0.00943	0.01360	0.00729	0.00514	0.00518	0.00171	0.00673	0.00461	0.00245	0.00644
16	0.04154	0.00822	0.00928	0.00797	0.01057	0.04401	0.00627	0.01788	0.07864	0.29245	0.20826	0.02660	0.10787	0.00826	0.00536	0.00161	0.00375	0.00685	0.10790	0.00672
17	0.31811	0.27889	0.16744	0.03925	0.01523	0.07470	0.01019	0.01622	0.01051	0.01746	0.00791	0.00933	0.00639	0.00486	0.00384	0.00146	0.00586	0.00316	0.00266	0.00652
18	0.01051	0.01162	0.08350	0.60305	0.09398	0.01200	0.08222	0.01431	0.01091	0.01439	0.00956	0.01378	0.00721	0.00514	0.00534	0.00174	0.00722	0.00477	0.00239	0.00635
19	0.04169	0.01124	0.01859	0.10946	0.53190	0.01140	0.03012	0.01603	0.01190	0.08232	0.01228	0.07722	0.01066	0.00588	0.00532	0.00165	0.00594	0.00556	0.00313	0.00772
20	0.04453	0.51921	0.11731	0.01236	0.08371	0.09380	0.01101	0.02654	0.01141	0.01414	0.00799	0.00943	0.00691	0.00480	0.00413	0.00130	0.01878	0.00324	0.00241	0.00696
21	0.00749	0.00606	0.00950	0.01064	0.07118	0.00573	0.07046	0.00889	0.01048	0.01409	0.02603	0.67902	0.03054	0.01458	0.00658	0.00207	0.00382	0.01345	0.00453	0.00486
22	0.00658	0.00478	0.00617	0.00707	0.00761	0.00441	0.00480	0.00771	0.01082	0.01443	0.12197	0.63396	0.10116	0.03311	0.00708	0.00212	0.00301	0.01387	0.00498	0.00437
23	0.02891	0.00838	0.07137	0.01017	0.07935	0.00675	0.00760	0.01339	0.01355	0.14610	0.38261	0.13936	0.05140	0.00984	0.00590	0.00172	0.00371	0.00863	0.00516	0.00609
24	0.01163	0.00975	0.01142	0.09058	0.01362	0.09001	0.06693	0.09595	0.01155	0.04167	0.01420	0.04041	0.01408	0.37958	0.04201	0.00344	0.00632	0.00630	0.01677	0.03379
25	0.00770	0.00542	0.00685	0.00662	0.00794	0.00491	0.00491	0.00980	0.01390	0.04514	0.54111	0.13503	0.16733	0.01179	0.00627	0.00174	0.00266	0.01035	0.00558	0.00495
26	0.00688	0.00505	0.00658	0.00737	0.00808	0.00456	0.00501	0.00794	0.01024	0.01390	0.03846	0.71716	0.03255	0.02594	0.00675	0.00206	0.00316	0.01378	0.00474	0.07979
27	0.01151	0.10862	0.59193	0.01389	0.02050	0.01317	0.01693	0.01651	0.01100	0.04216	0.00944	0.01114	0.00698	0.00532	0.00581	0.00164	0.07100	0.00387	0.00242	0.03616
28	0.01058	0.01153	0.08563	0.46910	0.08540	0.01163	0.07775	0.01540	0.08882	0.01529	0.01220	0.05993	0.01007	0.00612	0.00546	0.00178	0.00667	0.01726	0.00288	0.00649
29	0.00741	0.00566	0.00671	0.00713	0.00868	0.00513	0.00579	0.00920	0.01222	0.02710	0.07531	0.07166	0.44302	0.01369	0.00663	0.00202	0.00351	0.27948	0.00496	0.00470
30	0.00830	0.00716	0.07327	0.00768	0.00937	0.00539	0.00623	0.01008	0.01174	0.07676	0.14827	0.41207	0.17698	0.01327	0.00631	0.00192	0.00342	0.01170	0.00495	0.00511
31	0.01352	0.17531	0.30823	0.07505	0.02085	0.01391	0.11326	0.08253	0.03136	0.08758	0.01115	0.02497	0.00838	0.00536	0.00497	0.00159	0.00683	0.00450	0.00309	0.00754
32	0.01432	0.01265	0.04252	0.07197	0.25500	0.08150	0.03618	0.09971	0.01345	0.10503	0.01393	0.09725	0.01240	0.00731	0.00653	0.00175	0.07426	0.04330	0.00367	0.00727
33	0.50322	0.09464	0.03163	0.03725	0.10870	0.05012	0.00858	0.07975	0.01129	0.02157	0.00829	0.00977	0.00656	0.00501	0.00388	0.00156	0.00511	0.00336	0.00318	0.00652
34	0.00661	0.00527	0.00593	0.00597	0.00742	0.00459	0.00440	0.00822	0.01261	0.01609	0.25049	0.14430	0.48330	0.01308	0.00631	0.00180	0.00268	0.01121	0.00516	0.00459
35	0.01292	0.08880	0.09676	0.03276	0.06382	0.00962	0.01691	0.01622	0.04639	0.13690	0.04717	0.01942	0.03890	0.00632	0.00490	0.00140	0.00488	0.07094	0.00386	0.28109
36	0.00915	0.00737	0.00890	0.00750	0.01030	0.00597	0.00563	0.01098	0.01094	0.01612	0.09034	0.22878	0.02040	0.06245	0.00651	0.00156	0.00365	0.02392	0.00391	0.46564
37	0.01109	0.23973	0.01151	0.00612	0.00830	0.00955	0.00524	0.01333	0.01099	0.01761	0.01439	0.01646	0.01159	0.00569	0.00361	0.00120	0.00339	0.00432	0.60042	0.00546
38	0.01182	0.00849	0.07852	0.00916	0.01173	0.00667	0.00828	0.01431	0.01295	0.19784	0.08694	0.05216	0.14674	0.01137	0.00637	0.00201	0.00448	0.31901	0.00511	0.00604
39	0.01488	0.01222	0.01293	0.01111	0.01441	0.01396	0.00879	0.21130	0.58566	0.02491	0.01932	0.01797	0.01436	0.00697	0.00536	0.00174	0.00459	0.00567	0.00536	0.00852
40	0.01382	0.01169	0.01233	0.01089	0.01400	0.01346	0.00853	0.09926	0.69942	0.02320	0.02066	0.01904	0.01545	0.00709	0.00537	0.00177	0.00434	0.00586	0.00537	0.00843
41	0.00714	0.00497	0.00623	0.00685	0.00718	0.00478	0.00451	0.00795	0.00977	0.01311	0.09154	0.40091	0.03008	0.31626	0.01433	0.00324	0.00391	0.05890	0.00434	0.00398
42	0.01413	0.01603	0.01834	0.01521	0.01690	0.24451	0.13642	0.01590	0.01086	0.01349	0.00793	0.01142	0.00708	0.00733	0.01179	0.00194	0.43759	0.00454	0.00249	0.00611
43	0.02020	0.01465	0.01577	0.01209	0.01631	0.01616	0.00999	0.74322	0.02459	0.05409	0.01292	0.01284	0.00910	0.00635	0.00529	0.00159	0.00578	0.00478	0.00532	0.00899
44	0.00646	0.00464	0.00613	0.00728	0.00765	0.00432	0.00488	0.00743	0.01030	0.01370	0.04682	0.76753	0.06065	0.01632	0.00672	0.00212	0.00304	0.01477	0.00493	0.00432
45	0.00735	0.00539	0.00690	0.00655	0.00783	0.00493	0.00490	0.00972	0.01462	0.02045	0.70118	0.05315	0.11501	0.01113	0.00624	0.00168	0.00252	0.00979	0.00572	0.00493
46	0.02321	0.00981	0.01277	0.00979	0.01390	0.00898	0.00809	0.12952	0.01650	0.67920	0.01971	0.01725	0.01251	0.00652	0.00531	0.00163	0.00468	0.00524	0.00637	0.00900
47	0.09785	0.00923	0.01194	0.00925	0.01327	0.00833	0.00764	0.04106	0.01479	0.70014	0.01947	0.01703	0.01234	0.00639	0.00513	0.00163	0.00449	0.00508	0.00622	0.00870
48	0.00757	0.00559	0.00813	0.00813	0.00895	0.00641	0.00616	0.00921	0.00839	0.01200	0.01449	0.02261	0.01402	0.14272	0.69128	0.00805	0.01296	0.00593	0.00288	0.00452
49	0.00792	0.00591	0.00742	0.00695	0.00837	0.00566	0.00524	0.01143	0.07946	0.02100	0.68509	0.03825	0.07590	0.01060	0.00616	0.00168	0.00265	0.00932	0.00575	0.00526
50	0.69491	0.04914	0.05213	0.00771	0.01136	0.01196	0.00682	0.01649	0.00972	0.08779	0.00863	0.00953	0.00646	0.00504	0.00355	0.00161	0.00440	0.00313	0.00345	0.00617
51	0.00721	0.00492	0.00591	0.00638	0.00649	0.00481	0.00386	0.00756	0.00862	0.01149	0.02143	0.33157	0.02524	0.50902	0.01919	0.00399	0.00434	0.01050	0.00386	0.00362
52	0.67787	0.06420	0.01015	0.05183	0.01243	0.08025	0.00683	0.01593	0.00972	0.02148	0.00754	0.00897	0.00596	0.00495	0.00352	0.00159	0.00483	0.00301	0.00311	0.00584
53	0.01363	0.68546	0.08738	0.00994	0.01434	0.01982	0.01010	0.01564	0.01055	0.01281	0.00749	0.00896	0.00679	0.00497	0.00471	0.00128	0.07403	0.00307	0.00226	0.00678
54	0.00641	0.00471	0.00603	0.00708	0.00759	0.00432	0.00478	0.00739	0.01039	0.01360	0.03253	0.70508	0.13845	0.01612	0.00668	0.00210	0.00301	0.01449	0.00491	0.00432
55	0.04411	0.10239	0.29810	0.13324	0.01993	0.01193	0.01296	0.07518	0.01254	0.05697	0.07679	0.02369	0.01143	0.00571	0.00487	0.00153	0.00607	0.00455	0.00319	0.09482
56	0.01243	0.01299	0.14675	0.01093	0.01449	0.01129	0.00988	0.02276	0.46307	0.07189	0.02129	0.08436	0.03968	0.00808	0.00555	0.00182	0.00474	0.04545	0.00483	0.00768
57	0.02372	0.00900	0.01227	0.00941	0.01350	0.00777	0.00777	0.02576	0.01513	0.78489	0.02086	0.01799	0.01309	0.00654	0.00532	0.00164	0.00450	0.00532	0.00654	0.00900
58	0.01060	0.02735	0.78682	0.01507	0.02288	0.01228	0.01953	0.01674	0.01116	0.01674	0.00949	0.01116	0.00670	0.00502	0.00502	0.00167	0.00781	0.00391	0.00223	0.00781
59	0.01387	0.01153	0.02884	0.24618	0.30964	0.02382	0.03967	0.08768	0.01327	0.11245	0.01365	0.01586	0.04856	0.00572	0.00534	0.00165	0.00621	0.00514	0.00340	0.00750
60	0.00672	0.00515	0.00621	0.00675	0.00784	0.00463	0.00495	0.00816	0.01170	0.01504	0.13620	0.34230	0.32035	0.01440	0.00655	0.00198	0.00303	0.08852	0.00502	0.00451
61	0.00762	0.00539	0.00701	0.00672	0.00795	0.00495	0.00499	0.00993	0.01443	0.03311	0.67383	0.10866	0.07277	0.01134	0.00627	0.00171	0.00259	0.01003	0.00572	0.00498
62	0.01209	0.01342	0.02800	0.11874	0.02755	0.01341	0.60475	0.01615	0.01187	0.01615	0.01021	0.01401	0.00781	0.00497	0.00707	0.00183	0.07661	0.00591	0.00260	0.00686
63	0.02189	0.00999	0.01318	0.08087	0.01603	0.00955	0.00877	0.14662	0.01633	0.59152	0.01848	0.01677	0.01187	0.00640	0.00531	0.00164	0.00494	0.00517	0.00596	0.00872
64	0.00812	0.00580	0.00806	0.00928	0.01032	0.00574	0.00783	0.01026	0.01178	0.01537	0.02821	0.20369	0.03130	0.01498	0.00720	0.00238	0.00452	0.60553	0.00488	0.00476
65	0.01077	0.01044	0.01854	0.63744	0.03417	0.01219	0.14533	0.04041	0.01141	0.01480	0.00974	0.01407	0.00729	0.00518	0.00545	0.00176	0.00733	0.00497	0.00251	0.00620
66	0.09428	0.13485	0.53940	0.01404	0.02074	0.01354	0.08010	0.01651	0.01100	0.01685	0.00908	0.01080	0.00673	0.00489	0.00473	0.00160	0.00724	0.00385	0.00238	0.00740
