[name]
unknown

[dist]
# distance from previous block
# <min> <max>
3	55

[block]
# block no. 0 follows, 44 sequences, length 7
# corresponding to MSA columns:
# 86-92
name=unknown_A
#
# <colnr> <probs for GDERKNQSTAVLIFYWHMCP>
#	G	D	E	R	K	N	Q	S	T	A	V	L	I	F	Y	W	H	M	C	P
0	0.01727	0.01987	0.01453	0.01304	0.01544	0.48060	0.01004	0.07063	0.08223	0.01554	0.01062	0.01269	0.00889	0.01069	0.10429	0.00249	0.09714	0.00428	0.00321	0.00651
1	0.01832	0.01385	0.01507	0.01140	0.01589	0.01445	0.00937	0.56667	0.02198	0.03012	0.01222	0.01263	0.00897	0.00590	0.00509	0.00142	0.00550	0.00448	0.00489	0.22178
2	0.00961	0.00712	0.00805	0.00705	0.00864	0.00672	0.00480	0.07541	0.01063	0.01461	0.01861	0.02959	0.08411	0.46777	0.05207	0.00389	0.00527	0.00693	0.00362	0.17551
3	0.01144	0.00893	0.01077	0.07926	0.01361	0.00941	0.00772	0.21400	0.01519	0.02034	0.07105	0.26651	0.13203	0.01106	0.00666	0.00185	0.04462	0.00935	0.00473	0.06145
4	0.00846	0.00719	0.00769	0.06215	0.01022	0.07578	0.00574	0.00941	0.01040	0.01305	0.02496	0.42986	0.07453	0.22096	0.01205	0.00289	0.00458	0.01145	0.00422	0.00443
5	0.01511	0.01259	0.01449	0.17200	0.01973	0.10335	0.04776	0.09374	0.22118	0.11351	0.01626	0.07047	0.01288	0.00695	0.00549	0.00171	0.00593	0.00586	0.00441	0.05657
6	0.01395	0.01121	0.01268	0.04429	0.03897	0.01175	0.00858	0.15203	0.32634	0.04992	0.02032	0.01982	0.08589	0.00700	0.00530	0.00159	0.00461	0.00575	0.00484	0.17517

[dist]
# distance from previous block
# <min> <max>
25	50

[block]
# block no. 1 follows, 44 sequences, length 10
# corresponding to MSA columns:
# 169-178
name=unknown_B
#
# <colnr> <probs for GDERKNQSTAVLIFYWHMCP>
#	G	D	E	R	K	N	Q	S	T	A	V	L	I	F	Y	W	H	M	C	P
0	0.01688	0.03617	0.07727	0.01268	0.05339	0.06235	0.02940	0.30317	0.04227	0.08594	0.01231	0.01293	0.00910	0.00560	0.00501	0.00142	0.00585	0.00439	0.00429	0.21957
1	0.13469	0.03320	0.01580	0.01709	0.22570	0.16942	0.01084	0.09157	0.07079	0.10270	0.01181	0.01285	0.00904	0.00554	0.00490	0.00154	0.00624	0.00432	0.00377	0.06819
2	0.06268	0.05125	0.01773	0.01993	0.30493	0.23008	0.01205	0.09925	0.01435	0.01853	0.00972	0.01167	0.00796	0.00516	0.00490	0.00144	0.00690	0.00409	0.00312	0.11429
3	0.07640	0.01278	0.01454	0.07707	0.12313	0.06035	0.01008	0.28283	0.05361	0.06697	0.01467	0.01680	0.04418	0.06719	0.00692	0.00189	0.00580	0.00519	0.00428	0.05531
4	0.01652	0.01764	0.01449	0.08465	0.05855	0.35580	0.01004	0.13667	0.03443	0.01775	0.01268	0.01482	0.04716	0.04401	0.00614	0.00163	0.00736	0.00458	0.00345	0.11161
5	0.10098	0.01174	0.01243	0.05879	0.05192	0.07889	0.00810	0.09680	0.01296	0.01936	0.01056	0.03480	0.00901	0.02862	0.00513	0.00132	0.00512	0.00408	0.00343	0.44596
6	0.00777	0.00522	0.00599	0.00615	0.00619	0.00518	0.00352	0.00789	0.00824	0.01099	0.01879	0.13225	0.02186	0.70905	0.02514	0.00490	0.00502	0.00888	0.00352	0.00344
7	0.06112	0.04836	0.01403	0.19158	0.03713	0.04725	0.06092	0.12006	0.04931	0.01718	0.01350	0.04576	0.01268	0.24470	0.01196	0.00278	0.00621	0.00603	0.00346	0.00597
8	0.01041	0.00591	0.00717	0.00682	0.00775	0.00557	0.00448	0.01112	0.01026	0.13976	0.06599	0.13688	0.06925	0.47363	0.01870	0.00385	0.00458	0.00887	0.00438	0.00464
9	0.01549	0.61397	0.02538	0.01098	0.04064	0.16088	0.00971	0.01725	0.01193	0.01325	0.00790	0.00919	0.00709	0.00482	0.00384	0.00121	0.00653	0.00310	0.00246	0.03436

[dist]
# distance from previous block
# <min> <max>
16	30

[block]
# block no. 2 follows, 44 sequences, length 99
# corresponding to MSA columns:
# 231-329
name=unknown_C
#
# <colnr> <probs for GDERKNQSTAVLIFYWHMCP>
#	G	D	E	R	K	N	Q	S	T	A	V	L	I	F	Y	W	H	M	C	P
0	0.15941	0.00978	0.01471	0.60842	0.05272	0.01192	0.01322	0.01418	0.01064	0.01592	0.00997	0.03834	0.00797	0.00573	0.00513	0.00180	0.00657	0.00484	0.00268	0.00605
1	0.01270	0.01036	0.01677	0.55607	0.10061	0.01198	0.03511	0.06203	0.01253	0.09241	0.01165	0.01592	0.00877	0.00581	0.00553	0.00179	0.00685	0.02313	0.00315	0.00683
2	0.01349	0.01295	0.02213	0.03346	0.77440	0.01295	0.01673	0.01673	0.01241	0.01781	0.01025	0.01349	0.00864	0.00486	0.00540	0.00162	0.00648	0.00486	0.00270	0.00864
3	0.01458	0.81168	0.02857	0.00933	0.01399	0.02157	0.00933	0.01632	0.01108	0.01283	0.00758	0.00875	0.00700	0.00466	0.00350	0.00117	0.00583	0.00292	0.00233	0.00700
4	0.01307	0.01000	0.01231	0.00900	0.01364	0.00804	0.03293	0.05757	0.01258	0.09404	0.01170	0.03563	0.00951	0.00485	0.00443	0.00102	0.00436	0.00402	0.00374	0.65753
5	0.36713	0.01414	0.01585	0.06833	0.01798	0.12823	0.16314	0.10199	0.01315	0.04893	0.00971	0.01145	0.00732	0.00531	0.00470	0.00168	0.00652	0.00421	0.00345	0.00678
6	0.01326	0.01137	0.01211	0.01103	0.01400	0.01311	0.00864	0.02787	0.71776	0.02240	0.02260	0.02290	0.01756	0.00787	0.00567	0.00189	0.00436	0.05168	0.00551	0.00840
7	0.00767	0.00557	0.00722	0.00681	0.00811	0.00512	0.00510	0.01019	0.01531	0.02158	0.74301	0.04119	0.08012	0.01125	0.00643	0.00172	0.00258	0.00992	0.00596	0.00512
8	0.00792	0.00531	0.00608	0.00608	0.00613	0.00536	0.00348	0.00802	0.00797	0.01067	0.01705	0.03497	0.01952	0.77060	0.06514	0.00546	0.00574	0.00783	0.00328	0.00338
9	0.00772	0.00557	0.00729	0.00686	0.00814	0.00514	0.00514	0.01029	0.01543	0.02186	0.77152	0.04072	0.05144	0.01115	0.00643	0.00171	0.00257	0.00986	0.00600	0.00514
10	0.02419	0.00934	0.01264	0.00973	0.01392	0.00815	0.00803	0.02663	0.03403	0.75959	0.02152	0.01860	0.01357	0.00676	0.00548	0.00169	0.00463	0.00550	0.00672	0.00926
11	0.84691	0.01054	0.00801	0.00717	0.01054	0.01223	0.00590	0.01603	0.00928	0.02446	0.00759	0.00886	0.00590	0.00506	0.00337	0.00169	0.00422	0.00295	0.00337	0.00590
12	0.02446	0.00928	0.01265	0.00970	0.01392	0.00801	0.00801	0.02657	0.01560	0.77817	0.02151	0.01856	0.01350	0.00675	0.00548	0.00169	0.00464	0.00548	0.00675	0.00928
13	0.01356	0.01171	0.01233	0.01109	0.01418	0.01356	0.00863	0.02897	0.76455	0.02281	0.02219	0.02034	0.01664	0.00740	0.00555	0.00185	0.00431	0.00616	0.00555	0.00863
14	0.84691	0.01054	0.00801	0.00717	0.01054	0.01223	0.00590	0.01603	0.00928	0.02446	0.00759	0.00886	0.00590	0.00506	0.00337	0.00169	0.00422	0.00295	0.00337	0.00590
15	0.01273	0.01448	0.03159	0.02263	0.02803	0.01358	0.73768	0.01724	0.01281	0.01738	0.01146	0.03253	0.00890	0.00488	0.00645	0.00185	0.00906	0.00664	0.00281	0.00729
16	0.02106	0.00923	0.01203	0.00957	0.01330	0.00849	0.00778	0.03868	0.10434	0.58280	0.11262	0.02136	0.01840	0.00736	0.00560	0.00171	0.00438	0.00608	0.00649	0.00870
17	0.84691	0.01054	0.00801	0.00717	0.01054	0.01223	0.00590	0.01603	0.00928	0.02446	0.00759	0.00886	0.00590	0.00506	0.00337	0.00169	0.00422	0.00295	0.00337	0.00590
18	0.00857	0.00588	0.00686	0.00643	0.00826	0.00512	0.00489	0.01049	0.01391	0.08620	0.33664	0.04475	0.41776	0.01212	0.00635	0.00178	0.00286	0.01031	0.00559	0.00524
19	0.01030	0.00969	0.01635	0.79530	0.03755	0.01211	0.01514	0.01393	0.01090	0.01393	0.00969	0.01453	0.00727	0.00545	0.00545	0.00182	0.00727	0.00484	0.00242	0.00606
20	0.00651	0.00549	0.00564	0.00568	0.00742	0.00462	0.00423	0.00793	0.01249	0.01504	0.08871	0.08386	0.70614	0.01382	0.00646	0.00185	0.00277	0.01160	0.00511	0.00462
21	0.02161	0.00919	0.01212	0.00952	0.01331	0.00831	0.00778	0.06458	0.04230	0.60876	0.12235	0.02131	0.01850	0.00735	0.00561	0.00169	0.00442	0.00607	0.00653	0.00870
22	0.01250	0.01395	0.03016	0.04456	0.02748	0.01318	0.68749	0.01675	0.01257	0.01701	0.01154	0.03960	0.00915	0.00543	0.00686	0.02644	0.00882	0.00662	0.00281	0.00708
23	0.01353	0.01102	0.01249	0.01147	0.03544	0.01227	0.02695	0.04688	0.56911	0.06341	0.02388	0.05100	0.06695	0.00813	0.00571	0.00185	0.00443	0.02190	0.00540	0.00816
24	0.00664	0.00474	0.00633	0.00759	0.00791	0.00443	0.00506	0.00759	0.01044	0.01392	0.03005	0.80485	0.03606	0.01708	0.00696	0.00221	0.00316	0.01550	0.00506	0.00443
25	0.00664	0.00474	0.00633	0.00759	0.00791	0.00443	0.00506	0.00759	0.01044	0.01392	0.03005	0.80485	0.03606	0.01708	0.00696	0.00221	0.00316	0.01550	0.00506	0.00443
26	0.01070	0.01034	0.01816	0.68318	0.07297	0.01232	0.08664	0.01441	0.01117	0.01446	0.00985	0.01450	0.00743	0.00534	0.00554	0.00181	0.00741	0.00500	0.00247	0.00631
27	0.05688	0.01812	0.27859	0.13906	0.07754	0.01301	0.30449	0.01673	0.01189	0.01725	0.01017	0.01321	0.00756	0.00497	0.00563	0.00177	0.00806	0.00509	0.00258	0.00740
28	0.84691	0.01054	0.00801	0.00717	0.01054	0.01223	0.00590	0.01603	0.00928	0.02446	0.00759	0.00886	0.00590	0.00506	0.00337	0.00169	0.00422	0.00295	0.00337	0.00590
29	0.00788	0.00531	0.00617	0.00620	0.00628	0.00538	0.00361	0.00805	0.00806	0.01082	0.01734	0.05596	0.01981	0.72936	0.08363	0.00546	0.00592	0.00798	0.00332	0.00345
30	0.01992	0.01342	0.01469	0.01205	0.03697	0.04472	0.00953	0.42696	0.09803	0.20109	0.01776	0.01691	0.04847	0.00695	0.00550	0.00167	0.00552	0.00544	0.00556	0.00884
31	0.00772	0.00557	0.00729	0.00686	0.00814	0.00514	0.00514	0.01029	0.01543	0.02186	0.77152	0.04072	0.05144	0.01115	0.00643	0.00171	0.00257	0.00986	0.00600	0.00514
32	0.01030	0.00969	0.01635	0.79530	0.03755	0.01211	0.01514	0.01393	0.01090	0.01393	0.00969	0.01453	0.00727	0.00545	0.00545	0.00182	0.00727	0.00484	0.00242	0.00606
33	0.02446	0.00928	0.01265	0.00970	0.01392	0.00801	0.00801	0.02657	0.01560	0.77817	0.02151	0.01856	0.01350	0.00675	0.00548	0.00169	0.00464	0.00548	0.00675	0.00928
34	0.84691	0.01054	0.00801	0.00717	0.01054	0.01223	0.00590	0.01603	0.00928	0.02446	0.00759	0.00886	0.00590	0.00506	0.00337	0.00169	0.00422	0.00295	0.00337	0.00590
35	0.00772	0.00557	0.00729	0.00686	0.00814	0.00514	0.00514	0.01029	0.01543	0.02186	0.77152	0.04072	0.05144	0.01115	0.00643	0.00171	0.00257	0.00986	0.00600	0.00514
36	0.01344	0.01075	0.01230	0.00900	0.01371	0.00919	0.00726	0.15269	0.02676	0.04051	0.01084	0.01198	0.00858	0.00463	0.00436	0.00100	0.00442	0.00365	0.00377	0.65115
37	0.01397	0.52188	0.23215	0.01198	0.03638	0.07332	0.01255	0.01698	0.01154	0.01420	0.00831	0.00970	0.00702	0.00488	0.00411	0.00135	0.00674	0.00331	0.00237	0.00728
38	0.00663	0.00478	0.00629	0.00749	0.00788	0.00444	0.00502	0.00760	0.01054	0.01396	0.03129	0.76787	0.07223	0.01692	0.00693	0.00220	0.00314	0.01530	0.00506	0.00444
39	0.38771	0.01174	0.05829	0.00916	0.01313	0.01138	0.00795	0.10747	0.05038	0.20147	0.03917	0.01361	0.01039	0.00591	0.00448	0.00164	0.00470	0.00426	0.00454	0.05261
40	0.02282	0.02858	0.01441	0.01078	0.01507	0.01171	0.00894	0.30645	0.01936	0.47642	0.01798	0.01625	0.01174	0.00663	0.00543	0.00166	0.00519	0.00521	0.00616	0.00923
41	0.02446	0.00928	0.01265	0.00970	0.01392	0.00801	0.00801	0.02657	0.01560	0.77817	0.02151	0.01856	0.01350	0.00675	0.00548	0.00169	0.00464	0.00548	0.00675	0.00928
42	0.01287	0.01471	0.03217	0.02298	0.02849	0.01379	0.75460	0.01746	0.01287	0.01746	0.01103	0.01471	0.00827	0.00460	0.00643	0.00184	0.00919	0.00643	0.00276	0.00735
43	0.01186	0.22700	0.58945	0.01396	0.02116	0.01492	0.01740	0.01703	0.01140	0.01614	0.00922	0.01081	0.00693	0.00505	0.00475	0.00158	0.00749	0.00375	0.00231	0.00779
44	0.00664	0.00474	0.00633	0.00759	0.00791	0.00443	0.00506	0.00759	0.01044	0.01392	0.03005	0.80485	0.03606	0.01708	0.00696	0.00221	0.00316	0.01550	0.00506	0.00443
45	0.02446	0.00928	0.01265	0.00970	0.01392	0.00801	0.00801	0.02657	0.01560	0.77817	0.02151	0.01856	0.01350	0.00675	0.00548	0.00169	0.00464	0.00548	0.00675	0.00928
46	0.01058	0.01006	0.01740	0.67573	0.03507	0.01204	0.08312	0.02844	0.01135	0.01465	0.01073	0.04744	0.00860	0.00588	0.00560	0.00183	0.00725	0.00544	0.00262	0.00617
47	0.00687	0.00497	0.00638	0.00721	0.00776	0.00461	0.00488	0.00803	0.01115	0.01492	0.14017	0.57958	0.09508	0.07121	0.00829	0.00233	0.00319	0.01383	0.00508	0.00447
48	0.02397	0.00917	0.01249	0.00962	0.01375	0.00793	0.00793	0.02609	0.01560	0.75602	0.04347	0.01921	0.01461	0.00688	0.00551	0.00169	0.00458	0.00561	0.00673	0.00916
49	0.02062	0.00990	0.01245	0.00986	0.01359	0.00946	0.00803	0.14099	0.07614	0.49196	0.12724	0.02099	0.01848	0.00739	0.00562	0.00170	0.00454	0.00607	0.00634	0.00864
50	0.01750	0.05244	0.05792	0.01584	0.11209	0.09087	0.10898	0.14182	0.14445	0.17983	0.01489	0.01513	0.01075	0.00601	0.00544	0.00167	0.00639	0.00516	0.00446	0.00836
51	0.00779	0.00584	0.00876	0.00876	0.00974	0.00681	0.00681	0.00974	0.00876	0.01266	0.01460	0.02142	0.01363	0.04089	0.78680	0.00876	0.01460	0.00584	0.00292	0.00487
52	0.01311	0.01272	0.02092	0.16875	0.62291	0.03337	0.01628	0.01637	0.01222	0.01700	0.01011	0.01358	0.00835	0.00498	0.00539	0.00165	0.00671	0.00482	0.00265	0.00811
53	0.00706	0.00566	0.00636	0.00653	0.00806	0.00506	0.00490	0.00909	0.03626	0.01610	0.16161	0.16219	0.47335	0.01376	0.00657	0.00192	0.00300	0.06248	0.00522	0.00482
54	0.00647	0.00541	0.00563	0.00581	0.00744	0.00458	0.00427	0.00779	0.01215	0.01462	0.05174	0.15679	0.67011	0.01426	0.00651	0.00189	0.00282	0.01206	0.00506	0.00458
55	0.02055	0.01518	0.01626	0.01251	0.01684	0.01682	0.01032	0.73813	0.04401	0.03407	0.01332	0.01327	0.00945	0.00657	0.00546	0.00164	0.00596	0.00494	0.00546	0.00926
56	0.01521	0.01673	0.01458	0.05265	0.11499	0.32749	0.00992	0.01771	0.03177	0.01600	0.02916	0.01213	0.00900	0.00513	0.00474	0.00126	0.00686	0.00388	0.00308	0.30771
57	0.01337	0.14947	0.52613	0.01359	0.02038	0.01352	0.01633	0.01886	0.04755	0.11432	0.01152	0.01239	0.00822	0.00540	0.00497	0.00164	0.00709	0.00414	0.00303	0.00807
58	0.01126	0.06549	0.68564	0.01581	0.02350	0.01318	0.07632	0.01723	0.01159	0.01706	0.00977	0.01162	0.00702	0.00511	0.00519	0.00171	0.00804	0.00416	0.00234	0.00795
59	0.01937	0.01136	0.01328	0.01056	0.01421	0.01164	0.00856	0.37218	0.01985	0.27773	0.07743	0.09184	0.03062	0.00809	0.00570	0.00172	0.00496	0.00660	0.00588	0.00841
60	0.01261	0.01205	0.02053	0.24437	0.57040	0.01272	0.01629	0.01596	0.01199	0.01674	0.01010	0.01378	0.00826	0.00502	0.00541	0.00167	0.00670	0.00485	0.00262	0.00792
61	0.01030	0.00969	0.01635	0.79530	0.03755	0.01211	0.01514	0.01393	0.01090	0.01393	0.00969	0.01453	0.00727	0.00545	0.00545	0.00182	0.00727	0.00484	0.00242	0.00606
62	0.00669	0.00478	0.00629	0.00748	0.00781	0.00447	0.00497	0.00761	0.01037	0.01379	0.03003	0.75722	0.05063	0.04997	0.00781	0.00233	0.00324	0.01510	0.00499	0.00438
63	0.01985	0.02512	0.01505	0.01371	0.01640	0.75398	0.01023	0.02119	0.01514	0.01323	0.00879	0.01091	0.00756	0.03906	0.00587	0.00157	0.00964	0.00370	0.00283	0.00619
64	0.02446	0.00928	0.01265	0.00970	0.01392	0.00801	0.00801	0.02657	0.01560	0.77817	0.02151	0.01856	0.01350	0.00675	0.00548	0.00169	0.00464	0.00548	0.00675	0.00928
65	0.00764	0.00555	0.00719	0.00682	0.00811	0.00510	0.00510	0.01012	0.01518	0.02136	0.72263	0.06085	0.08107	0.01141	0.00644	0.00173	0.00260	0.01007	0.00594	0.00510
66	0.01342	0.04328	0.48391	0.01648	0.04374	0.01246	0.16057	0.01860	0.01237	0.12631	0.01166	0.01312	0.00817	0.00527	0.00543	0.00172	0.00768	0.00470	0.00304	0.00808
67	0.02083	0.01511	0.01626	0.01247	0.01683	0.01666	0.01030	0.73631	0.02536	0.05465	0.01332	0.01324	0.00939	0.00655	0.00545	0.00164	0.00596	0.00492	0.00549	0.00927
68	0.05510	0.11774	0.01525	0.01075	0.01457	0.03046	0.00888	0.21931	0.27784	0.08200	0.01601	0.01643	0.01219	0.00656	0.00507	0.00161	0.00510	0.02568	0.00483	0.07461
69	0.00789	0.00530	0.00607	0.00610	0.00615	0.00533	0.00349	0.00800	0.00803	0.01074	0.01739	0.05415	0.01996	0.75681	0.05885	0.00535	0.00562	0.00803	0.00333	0.00340
70	0.03792	0.22401	0.17520	0.03630	0.03877	0.03716	0.27772	0.03888	0.01255	0.04072	0.02506	0.01277	0.00859	0.00505	0.00518	0.00161	0.00749	0.00478	0.00284	0.00740
71	0.01496	0.72829	0.04622	0.00983	0.01446	0.06727	0.00969	0.03213	0.01166	0.01342	0.00780	0.00897	0.00704	0.00477	0.00367	0.00120	0.00613	0.00302	0.00243	0.00703
72	0.02100	0.00963	0.01245	0.00947	0.01379	0.00830	0.00775	0.04525	0.04109	0.55827	0.01862	0.01682	0.01226	0.00615	0.00516	0.00149	0.00453	0.00498	0.00587	0.19711
73	0.01132	0.07136	0.72363	0.01517	0.02293	0.02842	0.01936	0.01730	0.01156	0.01694	0.00964	0.01132	0.00691	0.00516	0.00508	0.00169	0.00797	0.00396	0.00231	0.00796
74	0.02115	0.01352	0.01515	0.01173	0.01597	0.01445	0.00965	0.52264	0.07518	0.21944	0.01583	0.01497	0.01085	0.00666	0.00547	0.00166	0.00554	0.00514	0.00578	0.00923
75	0.00644	0.00552	0.00552	0.00552	0.00736	0.00460	0.00414	0.00782	0.01243	0.01473	0.05523	0.05247	0.77218	0.01381	0.00644	0.00184	0.00276	0.01151	0.00506	0.00460
76	0.02446	0.00928	0.01265	0.00970	0.01392	0.00801	0.00801	0.02657	0.01560	0.77817	0.02151	0.01856	0.01350	0.00675	0.00548	0.00169	0.00464	0.00548	0.00675	0.00928
77	0.01341	0.01287	0.02198	0.05372	0.75480	0.01293	0.01669	0.01666	0.01237	0.01771	0.01024	0.01352	0.00860	0.00487	0.00540	0.00162	0.00650	0.00486	0.00269	0.00857
78	0.02387	0.01022	0.01324	0.01015	0.01439	0.00942	0.00838	0.14168	0.01719	0.66082	0.02018	0.01769	0.01283	0.00672	0.00548	0.00168	0.00485	0.00539	0.00654	0.00928
79	0.00654	0.00555	0.00566	0.00571	0.00753	0.00467	0.00434	0.00797	0.01243	0.01479	0.05413	0.05284	0.74133	0.01386	0.00649	0.00187	0.00286	0.04175	0.00506	0.00462
80	0.84691	0.01054	0.00801	0.00717	0.01054	0.01223	0.00590	0.01603	0.00928	0.02446	0.00759	0.00886	0.00590	0.00506	0.00337	0.00169	0.00422	0.00295	0.00337	0.00590
81	0.01743	0.02091	0.01393	0.01227	0.01540	0.55800	0.00925	0.01904	0.01418	0.01440	0.01003	0.05845	0.00903	0.00595	0.00484	0.00131	0.00808	0.00417	0.00304	0.20028
82	0.02446	0.00928	0.01265	0.00970	0.01392	0.00801	0.00801	0.02657	0.01560	0.77817	0.02151	0.01856	0.01350	0.00675	0.00548	0.00169	0.00464	0.00548	0.00675	0.00928
83	0.08192	0.01329	0.01421	0.01135	0.01532	0.02932	0.00924	0.40249	0.17351	0.16849	0.01600	0.01520	0.01126	0.00663	0.00531	0.00169	0.00534	0.00510	0.00550	0.00883
84	0.01349	0.01295	0.02213	0.03346	0.77440	0.01295	0.01673	0.01673	0.01241	0.01781	0.01025	0.01349	0.00864	0.00486	0.00540	0.00162	0.00648	0.00486	0.00270	0.00864
85	0.00865	0.00577	0.00757	0.00704	0.00847	0.00529	0.00531	0.01116	0.01534	0.06491	0.71296	0.05564	0.04895	0.01102	0.00639	0.00172	0.00270	0.00973	0.00602	0.00537
86	0.00854	0.00576	0.00755	0.00700	0.00843	0.00529	0.00529	0.01109	0.01544	0.05912	0.73458	0.03963	0.04957	0.01093	0.00638	0.00171	0.00267	0.00964	0.00604	0.00535
87	0.00763	0.00557	0.00717	0.00677	0.00809	0.00511	0.00508	0.01013	0.01524	0.02140	0.72539	0.04148	0.09785	0.01132	0.00643	0.00172	0.00258	0.00997	0.00594	0.00511
88	0.01391	0.01189	0.01253	0.01117	0.01431	0.01372	0.00871	0.06479	0.72815	0.02337	0.02174	0.01998	0.01628	0.00735	0.00554	0.00184	0.00440	0.00610	0.00554	0.00866
89	0.00685	0.00554	0.00608	0.00595	0.00761	0.00477	0.00446	0.00860	0.01338	0.01699	0.28210	0.04875	0.54390	0.01296	0.00644	0.00180	0.00270	0.01098	0.00536	0.00477
90	0.75211	0.01109	0.00897	0.00779	0.01127	0.01277	0.00642	0.10096	0.01115	0.02560	0.00822	0.00934	0.00629	0.00523	0.00361	0.00168	0.00442	0.00318	0.00361	0.00629
91	0.01466	0.01016	0.01302	0.06282	0.07920	0.00912	0.00854	0.10263	0.01379	0.16357	0.01394	0.07402	0.01138	0.00601	0.00491	0.00131	0.00473	0.00504	0.00420	0.39695
92	0.19869	0.01141	0.04945	0.00990	0.01374	0.01110	0.00838	0.07746	0.20252	0.30668	0.04366	0.01692	0.01333	0.00661	0.00506	0.00173	0.00466	0.00514	0.00537	0.00818
93	0.01093	0.02820	0.78016	0.01554	0.02360	0.01266	0.02014	0.01727	0.01151	0.01727	0.00978	0.01151	0.00691	0.00518	0.00518	0.00173	0.00806	0.00403	0.00230	0.00806
94	0.01776	0.11715	0.01842	0.01786	0.19232	0.49529	0.01174	0.01964	0.01405	0.01430	0.00890	0.01084	0.00756	0.00620	0.02424	0.00161	0.00869	0.00381	0.00273	0.00690
95	0.82281	0.01068	0.00826	0.00733	0.01073	0.01237	0.00603	0.03762	0.00976	0.02475	0.00775	0.00898	0.00600	0.00510	0.00343	0.00169	0.00427	0.00301	0.00343	0.00600
96	0.01150	0.00951	0.01112	0.00824	0.01274	0.00744	0.00653	0.01448	0.04847	0.03738	0.01171	0.05464	0.01014	0.00497	0.00431	0.00096	0.00402	0.00409	0.00353	0.73421
97	0.08169	0.12913	0.09305	0.03040	0.01580	0.05654	0.01005	0.10313	0.27219	0.13015	0.01552	0.01510	0.01140	0.00626	0.00499	0.00165	0.00551	0.00481	0.00452	0.00809
98	0.14974	0.01188	0.01331	0.01188	0.06735	0.03105	0.00894	0.19446	0.13316	0.23880	0.01594	0.01616	0.01147	0.00645	0.00511	0.00167	0.00508	0.02301	0.00513	0.04942

[dist]
# distance from previous block
# <min> <max>
0	6

[block]
# block no. 3 follows, 44 sequences, length 29
# corresponding to MSA columns:
# 336-364
name=unknown_D
#
# <colnr> <probs for GDERKNQSTAVLIFYWHMCP>
#	G	D	E	R	K	N	Q	S	T	A	V	L	I	F	Y	W	H	M	C	P
0	0.05560	0.03130	0.34903	0.01270	0.01830	0.01062	0.07133	0.01808	0.02739	0.16714	0.11294	0.01698	0.01441	0.00618	0.00531	0.00165	0.00617	0.00518	0.00388	0.06582
1	0.00762	0.00557	0.00716	0.00676	0.00809	0.00510	0.00507	0.01011	0.01521	0.02134	0.71868	0.04159	0.10460	0.01134	0.00643	0.00172	0.00259	0.00998	0.00593	0.00510
2	0.01573	0.07166	0.01471	0.01139	0.01496	0.01513	0.00919	0.24111	0.49258	0.02546	0.01845	0.01736	0.01377	0.00695	0.00537	0.00174	0.00492	0.00556	0.00528	0.00870
3	0.01418	0.01096	0.01204	0.01067	0.01374	0.01232	0.00835	0.04026	0.59590	0.09629	0.02176	0.02052	0.02902	0.00984	0.06306	0.00232	0.00510	0.00609	0.00542	0.02216
4	0.01832	0.20944	0.05265	0.01154	0.01582	0.08301	0.01010	0.33474	0.07923	0.10001	0.01307	0.02610	0.00989	0.00621	0.00495	0.00154	0.00606	0.00460	0.00446	0.00828
5	0.01498	0.70248	0.08062	0.00979	0.01467	0.02003	0.01000	0.01708	0.01141	0.06448	0.00867	0.00960	0.00743	0.00484	0.00375	0.00124	0.00591	0.00317	0.00263	0.00722
6	0.02446	0.00928	0.01265	0.00970	0.01392	0.00801	0.00801	0.02657	0.01560	0.77817	0.02151	0.01856	0.01350	0.00675	0.00548	0.00169	0.00464	0.00548	0.00675	0.00928
7	0.00691	0.00491	0.00642	0.00734	0.00776	0.00460	0.00491	0.00798	0.01087	0.01467	0.12810	0.63052	0.03660	0.09040	0.00883	0.00243	0.00328	0.01403	0.00502	0.00442
8	0.01155	0.01370	0.09529	0.17317	0.04307	0.01228	0.40334	0.01622	0.04658	0.01686	0.03796	0.07944	0.01202	0.00618	0.00610	0.00185	0.00771	0.00669	0.00307	0.00694
9	0.00754	0.00554	0.00707	0.00674	0.00805	0.00506	0.00503	0.00994	0.01495	0.02084	0.67063	0.06738	0.12764	0.01163	0.00645	0.00174	0.00261	0.01022	0.00587	0.00506
10	0.00727	0.00560	0.00667	0.00654	0.00806	0.00500	0.00500	0.00935	0.01398	0.01852	0.42211	0.04708	0.34652	0.01253	0.00652	0.00183	0.00283	0.06413	0.00554	0.00491
11	0.01296	0.01526	0.06169	0.10685	0.07800	0.07019	0.52015	0.01712	0.01270	0.01671	0.01099	0.03115	0.00863	0.00508	0.00610	0.00179	0.00866	0.00603	0.00275	0.00719
12	0.02446	0.00928	0.01265	0.00970	0.01392	0.00801	0.00801	0.02657	0.01560	0.77817	0.02151	0.01856	0.01350	0.00675	0.00548	0.00169	0.00464	0.00548	0.00675	0.00928
13	0.02427	0.00958	0.01284	0.00984	0.01407	0.00847	0.00813	0.06378	0.01612	0.74024	0.02108	0.01828	0.01328	0.00674	0.00548	0.00168	0.00471	0.00545	0.00668	0.00928
14	0.05126	0.18647	0.20887	0.01714	0.02285	0.05450	0.34903	0.01733	0.01213	0.01655	0.00971	0.01217	0.00750	0.00482	0.00530	0.00164	0.00802	0.00481	0.00259	0.00733
15	0.00679	0.00485	0.00649	0.00776	0.00813	0.00455	0.00531	0.00784	0.01058	0.01408	0.02997	0.75498	0.03574	0.01694	0.00700	0.00223	0.00329	0.06394	0.00506	0.00447
16	0.02415	0.00935	0.01264	0.00974	0.01392	0.00817	0.00803	0.02664	0.03725	0.75634	0.02153	0.01861	0.01359	0.00677	0.00548	0.00169	0.00463	0.00550	0.00671	0.00926
17	0.72448	0.01160	0.00922	0.00801	0.01148	0.03817	0.00657	0.10161	0.01137	0.02524	0.00825	0.00938	0.00633	0.00525	0.00366	0.00167	0.00461	0.00320	0.00360	0.00631
18	0.00872	0.00581	0.00754	0.00697	0.00847	0.00530	0.00528	0.01120	0.01529	0.06985	0.68704	0.03991	0.08577	0.01100	0.00637	0.00172	0.00271	0.00966	0.00600	0.00538
19	0.49637	0.01151	0.01111	0.01047	0.06828	0.02668	0.00777	0.14311	0.03332	0.09337	0.04407	0.01252	0.00968	0.00579	0.00429	0.00167	0.00476	0.00405	0.00415	0.00703
20	0.01193	0.01193	0.01670	0.01431	0.01431	0.01670	0.01193	0.01312	0.00835	0.01312	0.00716	0.01193	0.00716	0.00954	0.01789	0.00239	0.79843	0.00477	0.00239	0.00596
21	0.00758	0.00553	0.00713	0.00680	0.00808	0.00507	0.00507	0.01000	0.01500	0.02102	0.68959	0.07643	0.09908	0.01160	0.00646	0.00175	0.00261	0.01023	0.00590	0.00507
22	0.01876	0.00851	0.01108	0.00901	0.01234	0.00777	0.00725	0.02228	0.09056	0.49657	0.19378	0.02528	0.05590	0.00813	0.00575	0.00172	0.00405	0.00681	0.00638	0.00807
23	0.00719	0.00555	0.00655	0.00630	0.00782	0.00492	0.00473	0.00926	0.01418	0.01889	0.47273	0.04562	0.35209	0.01226	0.00644	0.00177	0.00265	0.01055	0.00561	0.00492
24	0.00717	0.00555	0.00653	0.00628	0.00781	0.00491	0.00471	0.00922	0.01414	0.01878	0.46245	0.04579	0.36243	0.01229	0.00644	0.00177	0.00265	0.01057	0.00560	0.00491
25	0.00796	0.00579	0.00849	0.00849	0.00949	0.00669	0.00659	0.00995	0.00896	0.01322	0.01484	0.02134	0.01365	0.03834	0.72915	0.00821	0.01371	0.00579	0.06446	0.00488
26	0.01510	0.76079	0.02762	0.00947	0.01407	0.04165	0.00931	0.01685	0.01136	0.04122	0.00812	0.00914	0.00724	0.00477	0.00361	0.00119	0.00589	0.00303	0.00251	0.00706
27	0.23167	0.04517	0.15715	0.01275	0.07439	0.01254	0.04342	0.17326	0.01443	0.03616	0.08511	0.06480	0.01363	0.00673	0.00501	0.00170	0.00555	0.00538	0.00392	0.00723
28	0.21107	0.05750	0.01588	0.01349	0.07087	0.21523	0.04376	0.25508	0.03042	0.02332	0.01019	0.01127	0.00783	0.00567	0.00477	0.00158	0.00672	0.00408	0.00380	0.00746

[dist]
# distance from previous block
# <min> <max>
1	8

[block]
# block no. 4 follows, 44 sequences, length 19
# corresponding to MSA columns:
# 373-391
name=unknown_E
#
# <colnr> <probs for GDERKNQSTAVLIFYWHMCP>
#	G	D	E	R	K	N	Q	S	T	A	V	L	I	F	Y	W	H	M	C	P
0	0.25080	0.01159	0.03977	0.01034	0.01447	0.01122	0.05383	0.13449	0.04971	0.27850	0.03427	0.01475	0.01099	0.00604	0.00488	0.00165	0.00502	0.00471	0.00492	0.05806
1	0.02123	0.01446	0.01586	0.01216	0.01650	0.01570	0.01004	0.65717	0.02427	0.13532	0.01423	0.01383	0.00984	0.00657	0.00546	0.00164	0.00581	0.00499	0.00563	0.00927
2	0.01279	0.01091	0.01183	0.01081	0.01361	0.01260	0.00844	0.02634	0.65927	0.02151	0.02161	0.02184	0.01682	0.01120	0.08820	0.00260	0.00543	0.03082	0.00525	0.00811
3	0.01100	0.09453	0.01221	0.00980	0.01159	0.12867	0.00780	0.04441	0.01076	0.01371	0.01285	0.01794	0.01172	0.03016	0.55018	0.00652	0.01257	0.00513	0.00295	0.00551
4	0.02038	0.02544	0.01550	0.01397	0.01686	0.74723	0.01052	0.05926	0.01597	0.01442	0.00866	0.01000	0.00714	0.00567	0.00494	0.00142	0.00964	0.00358	0.00294	0.00647
5	0.00772	0.00557	0.00729	0.00686	0.00814	0.00514	0.00514	0.01029	0.01543	0.02186	0.77152	0.04072	0.05144	0.01115	0.00643	0.00171	0.00257	0.00986	0.00600	0.00514
6	0.00668	0.00485	0.00622	0.00730	0.00776	0.00448	0.00489	0.00763	0.01054	0.01386	0.03215	0.69189	0.11316	0.05112	0.00781	0.00231	0.00321	0.01475	0.00498	0.00440
7	0.10302	0.66388	0.02534	0.00948	0.01386	0.08203	0.00906	0.01673	0.01124	0.01410	0.00765	0.00884	0.00688	0.00478	0.00360	0.00124	0.00598	0.00297	0.00248	0.00683
8	0.84691	0.01054	0.00801	0.00717	0.01054	0.01223	0.00590	0.01603	0.00928	0.02446	0.00759	0.00886	0.00590	0.00506	0.00337	0.00169	0.00422	0.00295	0.00337	0.00590
9	0.00681	0.00541	0.00568	0.00577	0.00706	0.00475	0.00401	0.00783	0.01121	0.01368	0.04437	0.10187	0.54061	0.20344	0.01156	0.00269	0.00339	0.01094	0.00464	0.00428
10	0.01658	0.01321	0.01403	0.01171	0.01533	0.01497	0.00936	0.33598	0.45261	0.02768	0.01835	0.01728	0.01353	0.00704	0.00551	0.00176	0.00503	0.00563	0.00551	0.00890
11	0.01919	0.01438	0.01548	0.01218	0.01623	0.01602	0.00997	0.62506	0.12552	0.03185	0.01439	0.01443	0.01046	0.00814	0.03909	0.00197	0.00614	0.00512	0.00536	0.00899
12	0.00793	0.00529	0.00595	0.00595	0.00595	0.00529	0.00330	0.00793	0.00793	0.01057	0.01718	0.03568	0.01982	0.80840	0.02775	0.00529	0.00529	0.00793	0.00330	0.00330
13	0.00793	0.00529	0.00595	0.00595	0.00595	0.00529	0.00330	0.00793	0.00793	0.01057	0.01718	0.03568	0.01982	0.80840	0.02775	0.00529	0.00529	0.00793	0.00330	0.00330
14	0.06486	0.01972	0.01540	0.01286	0.01646	0.36605	0.01014	0.36347	0.01986	0.04416	0.01090	0.01153	0.00818	0.00605	0.00510	0.00153	0.00761	0.00418	0.00418	0.00775
15	0.01976	0.02501	0.01513	0.01379	0.01651	0.74902	0.01035	0.02119	0.01513	0.01331	0.00872	0.01039	0.00734	0.00731	0.04252	0.00176	0.01006	0.00362	0.00281	0.00625
16	0.00690	0.00500	0.00650	0.00759	0.00813	0.00467	0.00530	0.00802	0.01074	0.01411	0.03172	0.62518	0.10294	0.04902	0.00782	0.00234	0.00341	0.09116	0.00498	0.00446
17	0.00793	0.00529	0.00595	0.00595	0.00595	0.00529	0.00330	0.00793	0.00793	0.01057	0.01718	0.03568	0.01982	0.80840	0.02775	0.00529	0.00529	0.00793	0.00330	0.00330
18	0.05476	0.03422	0.01507	0.01132	0.01549	0.01424	0.00937	0.50243	0.02178	0.20771	0.04766	0.01529	0.01190	0.00668	0.00537	0.00164	0.00545	0.00513	0.00561	0.00890

[dist]
# distance from previous block
# <min> <max>
1	2

[block]
# block no. 5 follows, 44 sequences, length 13
# corresponding to MSA columns:
# 394-398,400-407
name=unknown_F
#
# <colnr> <probs for GDERKNQSTAVLIFYWHMCP>
#	G	D	E	R	K	N	Q	S	T	A	V	L	I	F	Y	W	H	M	C	P
0	0.01708	0.01329	0.01397	0.01106	0.01473	0.05503	0.00895	0.48965	0.02140	0.02878	0.15144	0.01803	0.01688	0.00804	0.02686	0.00175	0.00563	0.00561	0.00513	0.08668
1	0.01248	0.01391	0.02997	0.02176	0.02687	0.01308	0.68431	0.01688	0.01284	0.01736	0.01271	0.01912	0.01045	0.00558	0.00654	0.00190	0.00880	0.07535	0.00297	0.00713
2	0.01292	0.01025	0.01203	0.00915	0.01345	0.00900	0.02250	0.07975	0.11968	0.05581	0.01316	0.03431	0.01059	0.00529	0.00456	0.00114	0.00430	0.00435	0.03288	0.54488
3	0.00675	0.00479	0.00630	0.00746	0.00775	0.00450	0.00492	0.00762	0.01024	0.01365	0.02901	0.74294	0.03475	0.08077	0.00863	0.00246	0.00333	0.01489	0.00492	0.00434
4	0.01457	0.01213	0.01292	0.01106	0.01453	0.01355	0.00873	0.15140	0.56968	0.02431	0.01949	0.01828	0.01460	0.00694	0.00539	0.00172	0.00458	0.00568	0.00532	0.08511
5	0.00731	0.00567	0.00657	0.00690	0.00824	0.00516	0.00514	0.02929	0.01242	0.01574	0.10563	0.24771	0.39020	0.03780	0.00730	0.00210	0.00327	0.09372	0.00510	0.00474
6	0.05416	0.01319	0.03348	0.01172	0.01590	0.06539	0.07030	0.20506	0.12113	0.19242	0.03531	0.01549	0.01176	0.00615	0.00524	0.00157	0.00559	0.00503	0.00488	0.12622
7	0.09029	0.12473	0.56605	0.01443	0.02146	0.01382	0.06294	0.01704	0.01133	0.01739	0.00938	0.01111	0.00691	0.00507	0.00487	0.00166	0.00748	0.00394	0.00244	0.00768
8	0.00756	0.00513	0.00605	0.00641	0.00650	0.00504	0.00380	0.00783	0.00864	0.01152	0.02082	0.25345	0.02442	0.58436	0.02186	0.00442	0.00468	0.01007	0.00380	0.00362
9	0.00660	0.00489	0.00617	0.00719	0.00780	0.00446	0.00488	0.00764	0.01082	0.01407	0.03488	0.66046	0.17732	0.01645	0.00686	0.00214	0.00309	0.01473	0.00506	0.00446
10	0.05040	0.01578	0.16177	0.01672	0.02218	0.01248	0.33386	0.09810	0.01448	0.19920	0.01335	0.01462	0.00926	0.00544	0.00575	0.00175	0.00736	0.00546	0.00393	0.00808
11	0.08042	0.01261	0.02072	0.06734	0.67810	0.01286	0.01578	0.01654	0.01209	0.01816	0.01001	0.01317	0.00835	0.00490	0.00524	0.00163	0.00633	0.00470	0.00274	0.00829
12	0.00725	0.00533	0.00679	0.00690	0.00798	0.00487	0.00499	0.00921	0.01362	0.01869	0.46923	0.26144	0.13712	0.01318	0.00658	0.00187	0.00277	0.01168	0.00561	0.00487

[dist]
# distance from previous block
# <min> <max>
4	5

[block]
# block no. 6 follows, 44 sequences, length 30
# corresponding to MSA columns:
# 414-425,429-446
name=unknown_G
#
# <colnr> <probs for GDERKNQSTAVLIFYWHMCP>
#	G	D	E	R	K	N	Q	S	T	A	V	L	I	F	Y	W	H	M	C	P
0	0.00903	0.00584	0.00755	0.00705	0.00858	0.00530	0.00531	0.01134	0.01484	0.08808	0.59221	0.09496	0.10621	0.01140	0.00638	0.00176	0.00281	0.01001	0.00592	0.00542
1	0.04943	0.01407	0.01609	0.10487	0.08470	0.05108	0.01105	0.46121	0.02056	0.11355	0.01298	0.01360	0.00923	0.00620	0.00535	0.00165	0.00615	0.00482	0.00481	0.00858
2	0.00779	0.00582	0.00865	0.00865	0.00958	0.00675	0.00667	0.00966	0.00873	0.01257	0.01471	0.02199	0.01388	0.07167	0.75636	0.00862	0.01423	0.00592	0.00294	0.00480
3	0.01356	0.01171	0.01233	0.01109	0.01418	0.01356	0.00863	0.02897	0.76455	0.02281	0.02219	0.02034	0.01664	0.00740	0.00555	0.00185	0.00431	0.00616	0.00555	0.00863
4	0.00711	0.00499	0.00634	0.00706	0.00741	0.00474	0.00460	0.00800	0.01034	0.01394	0.11299	0.50853	0.03347	0.22962	0.01250	0.00298	0.00367	0.01280	0.00470	0.00421
5	0.00668	0.00547	0.00590	0.00600	0.00761	0.00470	0.00447	0.00820	0.01262	0.01558	0.14191	0.12260	0.59349	0.01382	0.00652	0.00188	0.00283	0.02988	0.00518	0.00466
6	0.01339	0.01285	0.02194	0.05806	0.75060	0.01293	0.01668	0.01664	0.01236	0.01769	0.01024	0.01353	0.00859	0.00488	0.00540	0.00163	0.00650	0.00486	0.00269	0.00855
7	0.01714	0.01137	0.01277	0.01085	0.01435	0.01236	0.00862	0.09311	0.49650	0.22779	0.02119	0.01921	0.01514	0.00715	0.00552	0.00179	0.00455	0.00587	0.00586	0.00886
8	0.04043	0.01344	0.01443	0.05250	0.03940	0.06056	0.00993	0.44081	0.06256	0.05678	0.01538	0.04365	0.01252	0.00749	0.00554	0.00173	0.00580	0.07049	0.03849	0.00808
9	0.00669	0.00477	0.00631	0.00753	0.00783	0.00446	0.00499	0.00760	0.01034	0.01379	0.02955	0.77485	0.03542	0.04794	0.00777	0.00233	0.00325	0.01520	0.00499	0.00438
10	0.01323	0.01111	0.01182	0.01064	0.01361	0.01267	0.00827	0.02717	0.68125	0.03894	0.06467	0.02252	0.04422	0.00781	0.00563	0.00184	0.00417	0.00653	0.00558	0.00831
11	0.01247	0.35769	0.46408	0.01293	0.01956	0.01641	0.01559	0.01687	0.01133	0.01540	0.00886	0.01035	0.00694	0.00496	0.00447	0.00149	0.00712	0.00356	0.00231	0.00761
12	0.01458	0.81168	0.02857	0.00933	0.01399	0.02157	0.00933	0.01632	0.01108	0.01283	0.00758	0.00875	0.00700	0.00466	0.00350	0.00117	0.00583	0.00292	0.00233	0.00700
13	0.00774	0.00552	0.00701	0.00701	0.00755	0.00582	0.00475	0.00862	0.00865	0.01175	0.01956	0.03162	0.08443	0.43858	0.32159	0.00633	0.00869	0.00743	0.00331	0.00403
14	0.01846	0.03097	0.01440	0.01125	0.01492	0.01366	0.00917	0.45283	0.08148	0.14163	0.01625	0.06864	0.01265	0.01037	0.07513	0.00232	0.00623	0.00585	0.00533	0.00845
15	0.01367	0.04144	0.02976	0.00923	0.03163	0.00834	0.00743	0.01641	0.02868	0.14168	0.01183	0.01264	0.00909	0.00462	0.00434	0.00103	0.00436	0.00371	0.00379	0.61632
16	0.01093	0.02820	0.78016	0.01554	0.02360	0.01266	0.02014	0.01727	0.01151	0.01727	0.00978	0.01151	0.00691	0.00518	0.00518	0.00173	0.00806	0.00403	0.00230	0.00806
17	0.03927	0.01500	0.01676	0.05941	0.12908	0.06369	0.01136	0.52949	0.02159	0.02899	0.01213	0.01304	0.00892	0.00614	0.00533	0.00162	0.00628	0.00476	0.01847	0.00866
18	0.02131	0.01518	0.01643	0.01281	0.01716	0.01630	0.01040	0.63976	0.05344	0.08608	0.01494	0.01517	0.01082	0.00721	0.00587	0.00182	0.00612	0.00528	0.00580	0.03810
19	0.00769	0.00572	0.00844	0.00856	0.00944	0.00655	0.00653	0.00948	0.00888	0.01269	0.01607	0.09172	0.01585	0.06627	0.69013	0.00805	0.01325	0.00678	0.00312	0.00477
20	0.20581	0.01909	0.01384	0.01322	0.07001	0.43418	0.00953	0.03618	0.01389	0.08670	0.00972	0.01081	0.00757	0.00549	0.00463	0.00149	0.00751	0.00368	0.00336	0.04327
21	0.00729	0.00544	0.00680	0.00694	0.00806	0.00500	0.00502	0.00943	0.02839	0.01827	0.41100	0.27371	0.16782	0.01332	0.00657	0.00189	0.00282	0.01177	0.00555	0.00491
22	0.00880	0.00736	0.00798	0.00753	0.00891	0.07472	0.00562	0.01121	0.01524	0.02080	0.67510	0.06728	0.04689	0.01088	0.00632	0.00171	0.00324	0.00951	0.00568	0.00522
23	0.00791	0.00555	0.00713	0.00693	0.00820	0.00507	0.00512	0.01012	0.01442	0.04097	0.57618	0.15531	0.11230	0.01215	0.00648	0.00180	0.00273	0.01073	0.00580	0.00510
24	0.04972	0.01270	0.01486	0.01161	0.01559	0.01337	0.03632	0.45968	0.02081	0.21276	0.01635	0.08345	0.01248	0.00739	0.00555	0.00171	0.00547	0.00596	0.00556	0.00866
25	0.06896	0.01248	0.06179	0.01551	0.17259	0.03030	0.02911	0.11688	0.01543	0.37467	0.01586	0.01553	0.01081	0.00604	0.00528	0.00165	0.00556	0.00500	0.02792	0.00863
26	0.01093	0.02820	0.78016	0.01554	0.02360	0.01266	0.02014	0.01727	0.01151	0.01727	0.00978	0.01151	0.00691	0.00518	0.00518	0.00173	0.00806	0.00403	0.00230	0.00806
27	0.77557	0.01093	0.02780	0.03904	0.01202	0.01215	0.00667	0.01619	0.00953	0.03928	0.00801	0.00935	0.00614	0.00511	0.00355	0.00169	0.00444	0.00311	0.00338	0.00603
28	0.01849	0.01408	0.01466	0.05047	0.01663	0.07588	0.00976	0.41664	0.15619	0.10075	0.04486	0.01651	0.02613	0.00690	0.00549	0.00168	0.00574	0.00539	0.00525	0.00852
29	0.06740	0.03407	0.01299	0.01031	0.01387	0.07148	0.00831	0.17902	0.14451	0.27200	0.05385	0.03611	0.05710	0.00739	0.00539	0.00169	0.00505	0.00586	0.00548	0.00812

[dist]
# distance from previous block
# <min> <max>
5	13

[block]
# block no. 7 follows, 44 sequences, length 64
# corresponding to MSA columns:
# 461-524
name=unknown_H
#
# <colnr> <probs for GDERKNQSTAVLIFYWHMCP>
#	G	D	E	R	K	N	Q	S	T	A	V	L	I	F	Y	W	H	M	C	P
0	0.00766	0.00557	0.00721	0.00680	0.00811	0.00512	0.00510	0.01018	0.01530	0.02156	0.74086	0.04123	0.08229	0.01126	0.00643	0.00172	0.00258	0.00993	0.00596	0.00512
1	0.05893	0.01190	0.01375	0.01066	0.01486	0.01204	0.00874	0.31040	0.07535	0.32897	0.01659	0.01547	0.01126	0.00640	0.00525	0.00160	0.00507	0.00500	0.00569	0.08208
2	0.01311	0.01257	0.02144	0.12390	0.68693	0.01285	0.01654	0.01640	0.01223	0.01735	0.01019	0.01362	0.00847	0.00493	0.00540	0.00164	0.00657	0.00486	0.00267	0.00833
3	0.01721	0.01271	0.01396	0.01133	0.01475	0.01393	0.00911	0.55368	0.04552	0.02933	0.04414	0.14217	0.01556	0.00988	0.03864	0.00204	0.00573	0.00688	0.00531	0.00813
4	0.01283	0.01487	0.06425	0.04412	0.16733	0.01354	0.56483	0.01723	0.01267	0.01743	0.01079	0.01433	0.00825	0.00469	0.00616	0.00179	0.00859	0.00599	0.00272	0.00759
5	0.00660	0.00556	0.00574	0.00577	0.00756	0.00470	0.00438	0.00808	0.01256	0.01510	0.08427	0.05236	0.71012	0.01375	0.00649	0.00186	0.00285	0.04252	0.00510	0.00464
6	0.02446	0.00928	0.01265	0.00970	0.01392	0.00801	0.00801	0.02657	0.01560	0.77817	0.02151	0.01856	0.01350	0.00675	0.00548	0.00169	0.00464	0.00548	0.00675	0.00928
7	0.04878	0.04812	0.01698	0.01537	0.14158	0.01540	0.01092	0.47096	0.07410	0.08326	0.01344	0.01373	0.00978	0.00621	0.00529	0.00163	0.00579	0.00488	0.00489	0.00890
8	0.00674	0.00484	0.00641	0.00756	0.00798	0.00451	0.00513	0.00783	0.01081	0.01442	0.07055	0.72767	0.05540	0.01663	0.00693	0.00218	0.00316	0.03165	0.00511	0.00448
9	0.00772	0.00557	0.00729	0.00686	0.00814	0.00514	0.00514	0.01029	0.01543	0.02186	0.77152	0.04072	0.05144	0.01115	0.00643	0.00171	0.00257	0.00986	0.00600	0.00514
10	0.02224	0.00903	0.01211	0.00946	0.01332	0.00798	0.00774	0.04021	0.03033	0.66062	0.10774	0.02103	0.01784	0.00726	0.00559	0.00169	0.00442	0.00599	0.00661	0.00879
11	0.10519	0.69552	0.03973	0.00929	0.01385	0.03477	0.00917	0.01641	0.01097	0.01418	0.00764	0.00883	0.00688	0.00473	0.00354	0.00124	0.00577	0.00295	0.00245	0.00688
12	0.00747	0.00555	0.00696	0.00669	0.00805	0.00504	0.00502	0.00977	0.01468	0.02022	0.60567	0.06742	0.18124	0.01188	0.00647	0.00177	0.00267	0.02262	0.00578	0.00502
13	0.00790	0.00527	0.00595	0.00598	0.00599	0.00527	0.00334	0.00792	0.00799	0.01065	0.01748	0.05351	0.02020	0.79005	0.02727	0.00521	0.00524	0.00810	0.00334	0.00333
14	0.05567	0.01416	0.01536	0.01189	0.01614	0.01544	0.00980	0.60036	0.05676	0.12734	0.01433	0.01393	0.00999	0.00655	0.00537	0.00165	0.00568	0.00495	0.00553	0.00910
15	0.02022	0.04516	0.01577	0.01393	0.01678	0.76785	0.01050	0.02164	0.01534	0.01333	0.00841	0.00980	0.00702	0.00559	0.00488	0.00140	0.00973	0.00350	0.00280	0.00634
16	0.01273	0.01053	0.01135	0.01024	0.01304	0.01186	0.00794	0.02541	0.60831	0.04200	0.13216	0.02445	0.04979	0.00816	0.00571	0.00183	0.00401	0.00688	0.00563	0.00799
17	0.02134	0.01269	0.10059	0.01141	0.01608	0.01040	0.04241	0.16248	0.01691	0.50118	0.03553	0.01708	0.01261	0.00654	0.00551	0.00169	0.00543	0.00535	0.00581	0.00896
18	0.00752	0.00557	0.00703	0.00681	0.00815	0.00508	0.00514	0.00983	0.01463	0.02017	0.59499	0.07182	0.16654	0.01197	0.00650	0.00179	0.00273	0.04292	0.00577	0.00502
19	0.02398	0.00939	0.01264	0.00976	0.01393	0.00826	0.00804	0.02667	0.04868	0.74481	0.02154	0.01863	0.01363	0.00678	0.00549	0.00169	0.00462	0.00551	0.00669	0.00925
20	0.01101	0.02770	0.75258	0.01581	0.02378	0.01270	0.04722	0.01727	0.01156	0.01727	0.00983	0.01163	0.00696	0.00516	0.00523	0.00173	0.00810	0.00412	0.00232	0.00803
21	0.02012	0.05961	0.01601	0.01384	0.01673	0.75378	0.01048	0.02154	0.01526	0.01332	0.00839	0.00978	0.00702	0.00558	0.00486	0.00139	0.00966	0.00349	0.00279	0.00635
22	0.01349	0.01295	0.02213	0.03346	0.77440	0.01295	0.01673	0.01673	0.01241	0.01781	0.01025	0.01349	0.00864	0.00486	0.00540	0.00162	0.00648	0.00486	0.00270	0.00864
23	0.00772	0.00557	0.00729	0.00686	0.00814	0.00514	0.00514	0.01029	0.01543	0.02186	0.77152	0.04072	0.05144	0.01115	0.00643	0.00171	0.00257	0.00986	0.00600	0.00514
24	0.00763	0.00557	0.00717	0.00677	0.00809	0.00511	0.00508	0.01012	0.01523	0.02138	0.72273	0.04152	0.10053	0.01133	0.00643	0.00172	0.00258	0.00997	0.00594	0.00511
25	0.01131	0.02459	0.59974	0.01791	0.09134	0.01264	0.11264	0.01702	0.01174	0.01726	0.01044	0.02996	0.00789	0.00534	0.00540	0.00174	0.00795	0.00467	0.00246	0.00794
