[name]
unknown

[dist]
# distance from previous block
# <min> <max>
0	14

[block]
# block no. 0 follows, 43 sequences, length 13
# corresponding to MSA columns:
# 14-26
name=unknown_A
#
# <colnr> <probs for GDERKNQSTAVLIFYWHMCP>
#	G	D	E	R	K	N	Q	S	T	A	V	L	I	F	Y	W	H	M	C	P
0	0.01235	0.00805	0.01030	0.01039	0.01251	0.00827	0.00877	0.01773	0.17855	0.12991	0.02672	0.04679	0.02588	0.01233	0.00690	0.00228	0.00488	0.46535	0.00548	0.00655
1	0.02112	0.01117	0.01508	0.04439	0.16625	0.04507	0.01033	0.06405	0.01558	0.49425	0.04268	0.01770	0.01322	0.00651	0.00555	0.00169	0.00543	0.00544	0.00559	0.00890
2	0.01214	0.00852	0.01003	0.00856	0.01115	0.00824	0.00656	0.10352	0.10408	0.08788	0.26092	0.08120	0.05039	0.07742	0.00772	0.00195	0.00396	0.00775	0.00525	0.14274
3	0.01689	0.01175	0.01346	0.01074	0.01407	0.01251	0.00863	0.33621	0.05195	0.11556	0.01498	0.04623	0.01206	0.07017	0.00827	0.00193	0.07773	0.00553	0.05111	0.12021
4	0.04789	0.00914	0.01138	0.00926	0.01274	0.00848	0.00741	0.08509	0.04342	0.43083	0.02063	0.12676	0.01601	0.00802	0.00545	0.00169	0.00438	0.00667	0.07382	0.07093
5	0.01545	0.01691	0.02074	0.06726	0.35389	0.23425	0.11139	0.01942	0.07460	0.01694	0.01095	0.01343	0.00884	0.00537	0.00550	0.00164	0.00779	0.00486	0.00300	0.00778
6	0.01424	0.01094	0.01267	0.03489	0.04080	0.01114	0.00849	0.12316	0.28137	0.08168	0.01865	0.08136	0.03271	0.00729	0.00536	0.00159	0.00461	0.00610	0.00487	0.21809
7	0.01315	0.01067	0.01221	0.00907	0.01359	0.00922	0.00728	0.16596	0.01463	0.02157	0.04246	0.03965	0.01122	0.00537	0.00460	0.00108	0.00442	0.00433	0.00393	0.60560
8	0.01170	0.01046	0.01612	0.04783	0.04554	0.01033	0.16006	0.03256	0.08185	0.03560	0.01515	0.13789	0.01421	0.04467	0.02408	0.00200	0.07678	0.00681	0.00370	0.22266
9	0.00975	0.00862	0.00872	0.00885	0.02767	0.08284	0.00615	0.03175	0.07050	0.01574	0.04931	0.32003	0.15259	0.10364	0.00875	0.00227	0.00436	0.01050	0.00458	0.07337
10	0.01302	0.01058	0.01267	0.01035	0.01341	0.01092	0.00826	0.14939	0.07471	0.03585	0.01422	0.11388	0.01300	0.00945	0.04749	0.00195	0.13686	0.00587	0.00404	0.31407
11	0.00917	0.00682	0.00820	0.00836	0.00966	0.02262	0.00606	0.03195	0.03300	0.04285	0.02652	0.46623	0.06115	0.07029	0.00833	0.00227	0.01998	0.07095	0.00480	0.09078
12	0.04034	0.01216	0.01450	0.04057	0.04745	0.11698	0.08204	0.01851	0.05400	0.18001	0.01546	0.09590	0.01290	0.00800	0.02815	0.00181	0.03621	0.00590	0.02824	0.16087

[dist]
# distance from previous block
# <min> <max>
32	54

[block]
# block no. 1 follows, 43 sequences, length 30
# corresponding to MSA columns:
# 84-113
name=unknown_B
#
# <colnr> <probs for GDERKNQSTAVLIFYWHMCP>
#	G	D	E	R	K	N	Q	S	T	A	V	L	I	F	Y	W	H	M	C	P
0	0.01974	0.01563	0.03745	0.01241	0.01663	0.06792	0.01032	0.54426	0.10258	0.06997	0.01558	0.01528	0.03255	0.00686	0.00554	0.00168	0.00607	0.00523	0.00533	0.00897
1	0.01417	0.03641	0.01242	0.01010	0.01321	0.01181	0.00812	0.22308	0.20314	0.06154	0.02585	0.06884	0.17007	0.00923	0.00625	0.00180	0.03289	0.03467	0.00518	0.05124
2	0.01645	0.07711	0.04393	0.01132	0.01509	0.07532	0.00949	0.24550	0.13064	0.07476	0.01483	0.01590	0.03136	0.04139	0.00703	0.00175	0.05938	0.00499	0.00444	0.11932
3	0.01615	0.01406	0.01429	0.01203	0.01544	0.10269	0.02876	0.21426	0.33758	0.04028	0.01698	0.03800	0.01318	0.00810	0.02824	0.00193	0.02913	0.00564	0.00491	0.05835
4	0.01594	0.01344	0.01765	0.05871	0.04802	0.07795	0.10859	0.10401	0.13167	0.12637	0.01349	0.01516	0.01029	0.00782	0.02444	0.00206	0.20740	0.00533	0.00403	0.00766
5	0.01520	0.35676	0.02059	0.01101	0.01467	0.18806	0.04030	0.05778	0.05387	0.01518	0.01050	0.01346	0.00937	0.07632	0.04735	0.00208	0.00722	0.00415	0.00302	0.05311
6	0.01294	0.00998	0.01213	0.03181	0.01402	0.00888	0.02762	0.10052	0.06210	0.07097	0.01559	0.09926	0.03348	0.02632	0.00555	0.00140	0.00453	0.00565	0.00415	0.45308
7	0.02045	0.06537	0.01658	0.01372	0.01698	0.59375	0.01060	0.16425	0.01748	0.01769	0.00944	0.01057	0.00758	0.00584	0.00502	0.00146	0.00901	0.00381	0.00335	0.00704
8	0.02033	0.01338	0.01497	0.01167	0.01582	0.01421	0.00954	0.51111	0.05372	0.17573	0.01609	0.05547	0.01192	0.00717	0.00557	0.00168	0.00552	0.00564	0.00568	0.04478
9	0.05764	0.15390	0.09153	0.06834	0.01821	0.10039	0.09226	0.01658	0.01161	0.06654	0.03554	0.03059	0.01003	0.00778	0.02938	0.00200	0.19298	0.00489	0.00305	0.00678
10	0.00667	0.00512	0.00611	0.00691	0.00782	0.00457	0.00478	0.00780	0.01138	0.01445	0.04032	0.51506	0.31699	0.01608	0.00687	0.00210	0.00306	0.01419	0.00514	0.00457
11	0.01163	0.00982	0.01171	0.19621	0.01737	0.05912	0.00911	0.08015	0.05155	0.01780	0.03445	0.07218	0.08149	0.03237	0.02319	0.00203	0.10285	0.00650	0.17447	0.00602
12	0.08536	0.04246	0.16798	0.11461	0.02398	0.04163	0.28420	0.01757	0.01240	0.09090	0.01242	0.05942	0.00986	0.00592	0.00567	0.00180	0.00754	0.00576	0.00324	0.00728
13	0.00679	0.00484	0.00641	0.00766	0.00797	0.00453	0.00509	0.00772	0.01052	0.01403	0.03011	0.77774	0.03611	0.04207	0.00773	0.00235	0.00328	0.01550	0.00509	0.00446
14	0.01032	0.00516	0.00516	0.00516	0.00645	0.00516	0.00387	0.01290	0.01161	0.02065	0.01807	0.02065	0.01420	0.00645	0.00387	0.00129	0.00258	0.00516	0.83611	0.00516
15	0.01073	0.00701	0.00880	0.04497	0.01100	0.00694	0.00638	0.10196	0.01336	0.09519	0.08187	0.41126	0.08024	0.08321	0.00844	0.00231	0.00403	0.01148	0.00515	0.00565
16	0.01309	0.03745	0.03696	0.11723	0.05169	0.15668	0.08282	0.01526	0.01151	0.02961	0.01340	0.09787	0.04298	0.00895	0.02321	0.00208	0.24367	0.00619	0.00306	0.00630
17	0.72978	0.01262	0.00922	0.00822	0.01160	0.10020	0.00665	0.03572	0.01056	0.02382	0.00795	0.00922	0.00621	0.00524	0.00366	0.00168	0.00498	0.00311	0.00342	0.00613
18	0.01613	0.12694	0.07120	0.01852	0.15078	0.28497	0.13684	0.04884	0.01386	0.01612	0.00986	0.02670	0.00828	0.00567	0.00581	0.00160	0.04312	0.00460	0.00286	0.00729
19	0.00675	0.00482	0.00643	0.00771	0.00803	0.00450	0.00514	0.00771	0.01060	0.01414	0.03053	0.80175	0.03663	0.01735	0.00707	0.00225	0.00321	0.01574	0.00514	0.00450
20	0.04833	0.13248	0.43727	0.01410	0.02043	0.03469	0.06827	0.01815	0.03054	0.07386	0.02735	0.01279	0.00886	0.00554	0.00538	0.00167	0.02650	0.00434	0.00296	0.02649
21	0.05644	0.01711	0.19192	0.08931	0.07785	0.01367	0.38421	0.04821	0.01280	0.01838	0.01055	0.01367	0.00792	0.00514	0.00619	0.00182	0.02899	0.00545	0.00280	0.00757
22	0.02412	0.00961	0.01278	0.00984	0.01403	0.00853	0.00812	0.06636	0.01626	0.70697	0.02124	0.01861	0.01349	0.00683	0.00551	0.00170	0.00471	0.00552	0.03650	0.00927
23	0.00717	0.00533	0.00678	0.00777	0.00864	0.00494	0.00574	0.00857	0.01151	0.01484	0.03599	0.47669	0.19936	0.01617	0.00708	0.00223	0.00352	0.16788	0.00513	0.00467
24	0.04610	0.01243	0.05551	0.01811	0.25448	0.06034	0.05515	0.09577	0.03080	0.01861	0.04926	0.05589	0.11162	0.00889	0.00752	0.09673	0.00584	0.00643	0.00366	0.00687
25	0.00828	0.00665	0.00941	0.03053	0.01047	0.00737	0.03137	0.00959	0.00995	0.01375	0.03535	0.35020	0.05215	0.12876	0.13862	0.00373	0.11933	0.01045	0.01921	0.00481
26	0.00678	0.00485	0.00646	0.00769	0.00804	0.00452	0.00514	0.00780	0.01077	0.01441	0.05540	0.77610	0.03716	0.01715	0.00705	0.00223	0.00319	0.01555	0.00517	0.00452
27	0.03776	0.26647	0.20594	0.01527	0.11830	0.14592	0.01324	0.01887	0.05789	0.04153	0.01013	0.01152	0.00810	0.00541	0.00495	0.00153	0.02276	0.00393	0.00287	0.00760
28	0.05197	0.01497	0.01600	0.01238	0.01671	0.01655	0.01020	0.66969	0.05615	0.05879	0.01376	0.01363	0.00975	0.00663	0.00547	0.00167	0.00591	0.00498	0.00551	0.00926
29	0.01202	0.00815	0.01019	0.00994	0.01206	0.00825	0.00838	0.15091	0.01562	0.07597	0.08223	0.06470	0.09483	0.01270	0.00691	0.00219	0.00482	0.40855	0.00539	0.00618

[dist]
# distance from previous block
# <min> <max>
1	5

[block]
# block no. 2 follows, 43 sequences, length 32
# corresponding to MSA columns:
# 119-150
name=unknown_C
#
# <colnr> <probs for GDERKNQSTAVLIFYWHMCP>
#	G	D	E	R	K	N	Q	S	T	A	V	L	I	F	Y	W	H	M	C	P
0	0.10542	0.04253	0.10725	0.05003	0.01203	0.00784	0.00756	0.01118	0.01196	0.01707	0.13852	0.13376	0.27495	0.04786	0.00691	0.00200	0.00419	0.00909	0.00438	0.00546
1	0.04225	0.05138	0.02616	0.02637	0.04284	0.01029	0.00791	0.11069	0.11434	0.05680	0.04632	0.07158	0.04937	0.03067	0.00573	0.00158	0.00453	0.00585	0.05314	0.24221
2	0.00797	0.00607	0.00753	0.00703	0.00875	0.00532	0.00524	0.01015	0.01398	0.01949	0.46354	0.14588	0.14827	0.01163	0.00630	0.00171	0.00292	0.01019	0.00546	0.11256
3	0.01268	0.34831	0.44935	0.01341	0.02011	0.01661	0.03614	0.01715	0.01155	0.01569	0.00906	0.01063	0.00709	0.00503	0.00460	0.00152	0.00729	0.00370	0.00236	0.00772
4	0.01162	0.13643	0.67336	0.01491	0.02262	0.01411	0.01894	0.01741	0.01163	0.01692	0.00963	0.01130	0.00703	0.00519	0.00503	0.00168	0.00787	0.00394	0.00234	0.00804
5	0.03780	0.49791	0.28513	0.01163	0.01747	0.01833	0.01314	0.01721	0.02937	0.01517	0.00883	0.01014	0.00728	0.00500	0.00419	0.00141	0.00662	0.00343	0.00247	0.00749
6	0.01875	0.01110	0.01293	0.01070	0.01437	0.01161	0.00858	0.11813	0.34331	0.31873	0.05504	0.01997	0.01633	0.00732	0.00564	0.00178	0.00465	0.00600	0.00612	0.00894
7	0.00868	0.00585	0.00797	0.00789	0.00865	0.00633	0.00565	0.00993	0.00898	0.04652	0.01668	0.05702	0.01695	0.30906	0.45121	0.00707	0.01058	0.00705	0.00336	0.00457
8	0.00729	0.00564	0.00665	0.00640	0.00794	0.00499	0.00480	0.00940	0.01439	0.01916	0.46840	0.04639	0.35365	0.01246	0.00654	0.00180	0.00269	0.01072	0.00570	0.00499
9	0.07197	0.01013	0.01214	0.00990	0.01355	0.03899	0.00797	0.05171	0.08137	0.51914	0.02072	0.08305	0.01501	0.00862	0.02789	0.00197	0.00508	0.00623	0.00608	0.00850
10	0.00702	0.00501	0.00665	0.00773	0.00819	0.00471	0.00531	0.00819	0.01110	0.01489	0.09620	0.66283	0.03717	0.04433	0.00780	0.00233	0.00335	0.05748	0.00516	0.00456
11	0.00987	0.00618	0.00772	0.00743	0.00883	0.00575	0.00537	0.03708	0.01339	0.10572	0.28137	0.23915	0.12047	0.11490	0.00932	0.00235	0.00352	0.01077	0.00545	0.00536
12	0.01109	0.04796	0.01783	0.63784	0.11295	0.01307	0.01511	0.01452	0.01112	0.01447	0.00968	0.01425	0.00751	0.00564	0.00605	0.00182	0.04532	0.00483	0.00248	0.00647
13	0.00675	0.00482	0.00643	0.00771	0.00803	0.00450	0.00514	0.00771	0.01060	0.01414	0.03053	0.80175	0.03663	0.01735	0.00707	0.00225	0.00321	0.01574	0.00514	0.00450
14	0.01064	0.00547	0.00550	0.00539	0.00677	0.00552	0.00407	0.03479	0.01204	0.02107	0.01793	0.02043	0.01405	0.00646	0.00392	0.00130	0.00268	0.00516	0.81153	0.00529
15	0.01111	0.02865	0.77667	0.01579	0.02397	0.01286	0.02046	0.01754	0.01169	0.01754	0.00994	0.01169	0.00702	0.00526	0.00526	0.00175	0.00818	0.00409	0.00234	0.00818
16	0.00998	0.00656	0.00812	0.04451	0.00926	0.04636	0.00560	0.00891	0.00843	0.01101	0.01312	0.02087	0.04630	0.13081	0.01945	0.53374	0.03283	0.00556	0.03530	0.00327
17	0.01277	0.01292	0.05047	0.22731	0.55408	0.01293	0.01672	0.01629	0.01218	0.01706	0.01025	0.01390	0.00835	0.00510	0.00549	0.00170	0.00685	0.00490	0.00265	0.00808
18	0.04154	0.00995	0.01631	0.73730	0.03635	0.01246	0.01492	0.01420	0.01093	0.01452	0.00968	0.01446	0.00733	0.00566	0.00587	0.00186	0.03316	0.00485	0.00250	0.00614
19	0.09843	0.01053	0.04793	0.00995	0.01429	0.00897	0.00854	0.02567	0.04426	0.64170	0.02003	0.01769	0.01282	0.00665	0.00536	0.00172	0.00482	0.00529	0.00628	0.00903
20	0.01348	0.01037	0.04908	0.08951	0.04531	0.01029	0.03193	0.12176	0.01450	0.12920	0.18207	0.02243	0.02004	0.04788	0.10174	0.00281	0.07487	0.00640	0.00448	0.02187
21	0.01418	0.18227	0.26103	0.01437	0.08425	0.13289	0.01334	0.04456	0.03450	0.03494	0.01103	0.04824	0.00923	0.00580	0.00489	0.00151	0.00696	0.00445	0.00300	0.08857
22	0.01218	0.04303	0.59071	0.01611	0.05740	0.01271	0.05289	0.01771	0.01192	0.05739	0.01053	0.01225	0.00759	0.00534	0.00557	0.00171	0.02723	0.00428	0.00267	0.05079
23	0.74916	0.01056	0.00869	0.00758	0.01111	0.01193	0.00625	0.01753	0.01017	0.11205	0.00936	0.01014	0.00689	0.00534	0.00368	0.00171	0.00433	0.00330	0.00383	0.00640
24	0.01561	0.05282	0.04843	0.04706	0.01459	0.01147	0.00893	0.28572	0.01721	0.11725	0.01821	0.15357	0.01628	0.02541	0.00608	0.00184	0.00510	0.04534	0.10170	0.00739
25	0.01069	0.01241	0.11908	0.30242	0.16754	0.01126	0.06157	0.01425	0.01155	0.01584	0.04808	0.06707	0.02957	0.00991	0.07683	0.00247	0.02370	0.00609	0.00297	0.00671
26	0.00995	0.00611	0.00802	0.00733	0.00900	0.00556	0.00557	0.01241	0.01541	0.11869	0.62266	0.06832	0.06725	0.01106	0.00643	0.00176	0.00291	0.00971	0.00613	0.00572
27	0.00867	0.00616	0.00842	0.03378	0.00978	0.00706	0.00631	0.01042	0.00927	0.01391	0.01529	0.02342	0.01447	0.17015	0.44303	0.00634	0.05349	0.00609	0.14914	0.00480
28	0.05511	0.02868	0.07639	0.03076	0.05571	0.01401	0.01052	0.42892	0.02001	0.10380	0.01566	0.01636	0.04568	0.02876	0.00599	0.00177	0.00576	0.00525	0.04243	0.00843
29	0.01083	0.00835	0.01149	0.03309	0.01216	0.00987	0.02504	0.04121	0.01109	0.05551	0.05795	0.07344	0.06300	0.03514	0.18619	0.00365	0.22813	0.02763	0.10051	0.00572
30	0.01087	0.00642	0.00786	0.00706	0.00919	0.00562	0.00545	0.01294	0.01458	0.17506	0.34917	0.04115	0.31047	0.01140	0.00634	0.00178	0.00312	0.00972	0.00590	0.00589
31	0.01445	0.13289	0.01548	0.02812	0.07034	0.01325	0.00915	0.30122	0.01697	0.02267	0.01797	0.22021	0.03393	0.00938	0.00590	0.00177	0.02188	0.02087	0.03632	0.00725

[dist]
# distance from previous block
# <min> <max>
0	6

[block]
# block no. 3 follows, 43 sequences, length 67
# corresponding to MSA columns:
# 157-223
name=unknown_D
#
# <colnr> <probs for GDERKNQSTAVLIFYWHMCP>
#	G	D	E	R	K	N	Q	S	T	A	V	L	I	F	Y	W	H	M	C	P
0	0.04590	0.00949	0.01124	0.01113	0.03564	0.04987	0.00878	0.05735	0.05497	0.04529	0.08429	0.08035	0.08265	0.01215	0.02540	0.00229	0.13403	0.23858	0.00456	0.00603
1	0.03699	0.01344	0.01359	0.01130	0.01497	0.08708	0.00899	0.20615	0.29867	0.15338	0.03957	0.01733	0.01386	0.00688	0.00543	0.00169	0.00533	0.00544	0.00539	0.05452
2	0.01340	0.01176	0.01560	0.08057	0.01734	0.05564	0.11075	0.14593	0.05180	0.01913	0.01316	0.08368	0.01161	0.00836	0.00857	0.07282	0.11187	0.00589	0.05231	0.10982
3	0.00700	0.00492	0.00635	0.00739	0.00765	0.00466	0.00480	0.00778	0.01012	0.01349	0.02803	0.65569	0.03348	0.16771	0.01110	0.00284	0.00362	0.01428	0.00480	0.00428
4	0.24519	0.03580	0.01405	0.01088	0.01485	0.03052	0.00896	0.45539	0.05919	0.03007	0.01216	0.01255	0.00892	0.00620	0.00485	0.00166	0.00547	0.00443	0.03067	0.00819
5	0.00726	0.00535	0.00683	0.00739	0.00823	0.00499	0.00518	0.00918	0.03288	0.01698	0.26256	0.47720	0.10552	0.01491	0.00682	0.00205	0.00302	0.01334	0.00545	0.00486
6	0.01059	0.02651	0.07552	0.64044	0.04760	0.01226	0.04134	0.01439	0.01130	0.01474	0.02500	0.03644	0.00907	0.00589	0.00557	0.00183	0.00727	0.00527	0.00261	0.00636
7	0.00692	0.00501	0.00661	0.00773	0.00822	0.00461	0.00519	0.00794	0.01064	0.01428	0.02976	0.77239	0.03557	0.01686	0.00696	0.00220	0.00325	0.01528	0.00507	0.03551
8	0.84448	0.01071	0.00814	0.00728	0.01071	0.01242	0.00600	0.01628	0.00943	0.02485	0.00771	0.00900	0.00600	0.00514	0.00343	0.00171	0.00428	0.00300	0.00343	0.00600
9	0.02069	0.02640	0.01569	0.01427	0.01712	0.78313	0.01070	0.02212	0.01569	0.01355	0.00856	0.00999	0.00713	0.00571	0.00499	0.00143	0.00999	0.00357	0.00285	0.00642
10	0.02380	0.00952	0.01262	0.00974	0.01386	0.00847	0.00803	0.06665	0.01618	0.68976	0.02115	0.01864	0.01350	0.00682	0.00547	0.00169	0.00467	0.00551	0.05474	0.00918
11	0.00729	0.00520	0.00673	0.00774	0.00826	0.00495	0.00544	0.00839	0.01069	0.01407	0.02984	0.52242	0.07570	0.13561	0.01032	0.00275	0.00382	0.13149	0.00487	0.00443
12	0.00675	0.00482	0.00643	0.00771	0.00803	0.00450	0.00514	0.00771	0.01060	0.01414	0.03053	0.80175	0.03663	0.01735	0.00707	0.00225	0.00321	0.01574	0.00514	0.00450
13	0.03823	0.01485	0.01610	0.01236	0.01676	0.01623	0.01021	0.66960	0.02475	0.10375	0.01398	0.01373	0.00975	0.00664	0.00550	0.00167	0.00593	0.00500	0.00562	0.00935
14	0.00869	0.00618	0.00854	0.00975	0.01087	0.00616	0.00828	0.01095	0.01229	0.01603	0.02874	0.12427	0.03160	0.06117	0.00879	0.00269	0.00495	0.63010	0.00500	0.00495
15	0.00780	0.00531	0.00635	0.00659	0.00673	0.00534	0.00399	0.00814	0.00860	0.01155	0.01967	0.17793	0.02269	0.59487	0.08694	0.00508	0.00575	0.00931	0.00366	0.00370
16	0.00779	0.00566	0.00734	0.00692	0.00824	0.00521	0.00519	0.01036	0.01556	0.02194	0.74145	0.04181	0.07887	0.01142	0.00653	0.00175	0.00262	0.01008	0.00606	0.00521
17	0.01055	0.00994	0.01677	0.77104	0.05845	0.01233	0.01543	0.01423	0.01112	0.01426	0.00986	0.01474	0.00742	0.00552	0.00554	0.00184	0.00736	0.00492	0.00247	0.00622
18	0.00782	0.00530	0.00619	0.00638	0.00652	0.00521	0.00378	0.00815	0.00898	0.01206	0.06838	0.16612	0.02501	0.62046	0.02321	0.00461	0.00483	0.00948	0.00384	0.00367
19	0.78265	0.01085	0.00878	0.02382	0.01155	0.01267	0.00648	0.03468	0.00985	0.02455	0.00788	0.00931	0.00615	0.00532	0.00395	0.00174	0.02710	0.00314	0.00343	0.00609
20	0.01680	0.16734	0.16478	0.04358	0.08463	0.40157	0.01307	0.01949	0.01368	0.01464	0.00888	0.01061	0.00726	0.00537	0.00485	0.00148	0.00851	0.00373	0.00264	0.00708
21	0.00790	0.00590	0.00735	0.00818	0.00896	0.00586	0.00566	0.03080	0.09208	0.01571	0.02988	0.67496	0.05379	0.01590	0.00686	0.00218	0.00341	0.01431	0.00521	0.00510
22	0.20676	0.04503	0.00891	0.00769	0.00950	0.02750	0.00584	0.03530	0.01187	0.03513	0.19856	0.16308	0.06521	0.01169	0.00813	0.13841	0.00398	0.00788	0.00438	0.00513
23	0.01395	0.42234	0.05095	0.01166	0.01518	0.06895	0.05554	0.03598	0.01191	0.01507	0.07025	0.01306	0.01110	0.00640	0.00703	0.00156	0.15877	0.00430	0.01922	0.00679
24	0.02485	0.00943	0.01285	0.00985	0.01414	0.00814	0.00814	0.02699	0.01585	0.77465	0.02185	0.01885	0.01371	0.00685	0.00557	0.00171	0.00471	0.00557	0.00685	0.00943
25	0.00962	0.00481	0.00722	0.00722	0.00722	0.00481	0.00481	0.00722	0.00722	0.00962	0.00962	0.01684	0.00962	0.01924	0.02165	0.83886	0.00481	0.00481	0.00241	0.00241
26	0.03351	0.00824	0.01068	0.07841	0.04946	0.04352	0.00808	0.05367	0.01097	0.03687	0.04171	0.03972	0.01480	0.10377	0.43467	0.00602	0.01085	0.00613	0.00338	0.00556
27	0.00784	0.00566	0.00740	0.00697	0.00827	0.00523	0.00523	0.01045	0.01568	0.02221	0.76789	0.04137	0.05226	0.01132	0.00653	0.00174	0.00261	0.01002	0.00610	0.00523
28	0.00805	0.00537	0.00604	0.00604	0.00604	0.00537	0.00336	0.00805	0.00805	0.01074	0.01745	0.03624	0.02013	0.80536	0.02819	0.00537	0.00537	0.00805	0.00336	0.00336
29	0.68627	0.01064	0.00916	0.00786	0.01146	0.01187	0.00648	0.03988	0.01097	0.14751	0.01018	0.01073	0.00736	0.00547	0.00384	0.00171	0.00441	0.00348	0.00405	0.00666
30	0.01295	0.01239	0.02111	0.21057	0.60015	0.01296	0.01662	0.01633	0.01225	0.01718	0.01028	0.01395	0.00845	0.00507	0.00550	0.00169	0.00677	0.00493	0.00268	0.00816
31	0.00892	0.00637	0.00892	0.01020	0.01147	0.00637	0.00892	0.01147	0.01275	0.01657	0.02932	0.06247	0.03187	0.01530	0.00765	0.00255	0.00510	0.73354	0.00510	0.00510
32	0.06167	0.01568	0.20942	0.01127	0.01598	0.03569	0.02612	0.18198	0.01548	0.03521	0.09762	0.03544	0.06309	0.00694	0.00528	0.00157	0.00562	0.00559	0.02715	0.14320
33	0.01185	0.15302	0.60796	0.01564	0.04908	0.01436	0.03996	0.01737	0.01170	0.01684	0.00963	0.01141	0.00713	0.00515	0.00503	0.00166	0.00780	0.00401	0.00237	0.00801
34	0.01046	0.00984	0.01661	0.79205	0.03814	0.01230	0.01538	0.01415	0.01107	0.01415	0.00984	0.01477	0.00738	0.00554	0.00554	0.00185	0.00738	0.00492	0.00246	0.00615
35	0.01598	0.65260	0.02636	0.01043	0.01479	0.17380	0.00972	0.01769	0.01214	0.01313	0.00787	0.00910	0.00711	0.00493	0.00384	0.00123	0.00673	0.00308	0.00247	0.00697
36	0.00774	0.00546	0.00706	0.00718	0.00826	0.00500	0.00518	0.00970	0.01374	0.03537	0.44843	0.29791	0.10130	0.01346	0.00669	0.00192	0.00288	0.01198	0.00572	0.00503
37	0.00805	0.00537	0.00604	0.00604	0.00604	0.00537	0.00336	0.00805	0.00805	0.01074	0.01745	0.03624	0.02013	0.80536	0.02819	0.00537	0.00537	0.00805	0.00336	0.00336
38	0.02105	0.01551	0.01662	0.01274	0.01717	0.01717	0.01053	0.75235	0.02604	0.03490	0.01330	0.01330	0.00942	0.00665	0.00554	0.00166	0.00609	0.00499	0.00554	0.00942
39	0.00962	0.00481	0.00722	0.00722	0.00722	0.00481	0.00481	0.00722	0.00722	0.00962	0.00962	0.01684	0.00962	0.01924	0.02165	0.83886	0.00481	0.00481	0.00241	0.00241
40	0.02069	0.02640	0.01569	0.01427	0.01712	0.78313	0.01070	0.02212	0.01569	0.01355	0.00856	0.00999	0.00713	0.00571	0.00499	0.00143	0.00999	0.00357	0.00285	0.00642
41	0.00769	0.00566	0.00719	0.00681	0.00818	0.00516	0.00511	0.01016	0.01532	0.02135	0.68395	0.04278	0.13674	0.01164	0.00653	0.00176	0.00264	0.01021	0.00598	0.00516
42	0.00763	0.00545	0.00744	0.00872	0.00943	0.00526	0.00668	0.00924	0.01148	0.01513	0.03004	0.50083	0.03469	0.01652	0.00731	0.00237	0.00398	0.30792	0.00512	0.00474
43	0.00735	0.00560	0.00675	0.00656	0.00800	0.00500	0.00488	0.00946	0.01437	0.01934	0.48937	0.08930	0.28873	0.01257	0.00657	0.00181	0.00271	0.01090	0.00573	0.00500
44	0.82004	0.01085	0.00839	0.00745	0.01090	0.01257	0.00613	0.03813	0.00992	0.02515	0.00788	0.00912	0.00610	0.00519	0.00349	0.00171	0.00434	0.00306	0.00349	0.00610
45	0.84448	0.01071	0.00814	0.00728	0.01071	0.01242	0.00600	0.01628	0.00943	0.02485	0.00771	0.00900	0.00600	0.00514	0.00343	0.00171	0.00428	0.00300	0.00343	0.00600
46	0.00791	0.00593	0.00890	0.00890	0.00989	0.00692	0.00692	0.00989	0.00890	0.01286	0.01483	0.02176	0.01385	0.04154	0.78341	0.00890	0.01483	0.00593	0.00297	0.00494
47	0.20150	0.00978	0.01182	0.00934	0.01341	0.00924	0.00770	0.02475	0.03764	0.58936	0.01882	0.01678	0.01214	0.00651	0.00511	0.00172	0.00461	0.00504	0.00608	0.00866
48	0.01371	0.01316	0.02248	0.03399	0.77081	0.01316	0.01700	0.01700	0.01261	0.01809	0.01042	0.01371	0.00877	0.00493	0.00548	0.00164	0.00658	0.00493	0.00274	0.00877
49	0.05599	0.01427	0.01613	0.01411	0.07838	0.16528	0.07878	0.10344	0.01614	0.35536	0.03615	0.01587	0.01175	0.00629	0.00547	0.00166	0.00643	0.00515	0.00503	0.00833
50	0.84448	0.01071	0.00814	0.00728	0.01071	0.01242	0.00600	0.01628	0.00943	0.02485	0.00771	0.00900	0.00600	0.00514	0.00343	0.00171	0.00428	0.00300	0.00343	0.00600
51	0.00798	0.00546	0.00680	0.00691	0.00724	0.00570	0.00446	0.00866	0.00860	0.01189	0.01789	0.09694	0.01969	0.51250	0.22448	0.00591	0.00759	0.00806	0.02931	0.00393
52	0.00810	0.00558	0.00664	0.00698	0.00729	0.00553	0.00439	0.03499	0.00972	0.01295	0.02213	0.29847	0.02574	0.48330	0.01953	0.00408	0.00465	0.03182	0.00410	0.00402
53	0.01446	0.61267	0.17222	0.01088	0.01626	0.01990	0.01165	0.05932	0.01219	0.01516	0.00845	0.00968	0.00722	0.00495	0.00400	0.00132	0.00637	0.00330	0.00255	0.00745
54	0.01111	0.02865	0.77667	0.01579	0.02397	0.01286	0.02046	0.01754	0.01169	0.01754	0.00994	0.01169	0.00702	0.00526	0.00526	0.00175	0.00818	0.00409	0.00234	0.00818
55	0.02428	0.00968	0.01295	0.00995	0.01418	0.00858	0.00821	0.06682	0.01641	0.71789	0.03704	0.01902	0.01428	0.00694	0.00559	0.00171	0.00475	0.00563	0.00677	0.00934
56	0.00714	0.00512	0.00686	0.00806	0.00860	0.00484	0.00575	0.00843	0.01116	0.01482	0.05440	0.63876	0.05154	0.01675	0.00714	0.00228	0.00350	0.13507	0.00516	0.00463
57	0.03262	0.39184	0.04354	0.00951	0.01317	0.11810	0.00860	0.04894	0.05592	0.01668	0.01249	0.01368	0.03025	0.00575	0.00415	0.00135	0.00563	0.00406	0.17698	0.00675
58	0.00675	0.00482	0.00643	0.00771	0.00803	0.00450	0.00514	0.00771	0.01060	0.01414	0.03053	0.80175	0.03663	0.01735	0.00707	0.00225	0.00321	0.01574	0.00514	0.00450
59	0.00791	0.00593	0.00890	0.00890	0.00989	0.00692	0.00692	0.00989	0.00890	0.01286	0.01483	0.02176	0.01385	0.04154	0.78341	0.00890	0.01483	0.00593	0.00297	0.00494
60	0.03860	0.01259	0.03559	0.01558	0.01692	0.01564	0.14286	0.01410	0.00942	0.01454	0.00846	0.01305	0.00779	0.01035	0.05829	0.00265	0.56958	0.00513	0.00255	0.00629
61	0.01077	0.01030	0.01782	0.71095	0.07302	0.01244	0.05798	0.01450	0.01126	0.01455	0.00995	0.01472	0.00751	0.00546	0.00559	0.00184	0.00746	0.00502	0.00249	0.00636
62	0.00892	0.00637	0.00892	0.01020	0.01147	0.00637	0.00892	0.01147	0.01275	0.01657	0.02932	0.06247	0.03187	0.01530	0.00765	0.00255	0.00510	0.73354	0.00510	0.00510
63	0.00727	0.00527	0.00689	0.00789	0.00850	0.00505	0.00555	0.02104	0.01102	0.01459	0.03053	0.61002	0.08192	0.04002	0.05254	0.00271	0.00413	0.07546	0.00497	0.00464
64	0.00962	0.00481	0.00722	0.00722	0.00722	0.00481	0.00481	0.00722	0.00722	0.00962	0.00962	0.01684	0.00962	0.01924	0.02165	0.83886	0.00481	0.00481	0.00241	0.00241
65	0.01484	0.00766	0.00995	0.00847	0.01105	0.00711	0.00666	0.03791	0.05896	0.30223	0.40311	0.05531	0.03420	0.00950	0.00611	0.00175	0.00361	0.00819	0.00631	0.00708
66	0.77868	0.03318	0.03257	0.00757	0.01113	0.01255	0.00650	0.01626	0.00959	0.02421	0.00799	0.00931	0.00623	0.00516	0.00350	0.00169	0.00442	0.00308	0.02031	0.00608

[dist]
# distance from previous block
# <min> <max>
0	3

[block]
# block no. 4 follows, 43 sequences, length 100
# corresponding to MSA columns:
# 227-326
name=unknown_E
#
# <colnr> <probs for GDERKNQSTAVLIFYWHMCP>
#	G	D	E	R	K	N	Q	S	T	A	V	L	I	F	Y	W	H	M	C	P
0	0.00826	0.00672	0.03802	0.00689	0.00872	0.00546	0.00546	0.01019	0.01330	0.05482	0.28550	0.06818	0.35603	0.08281	0.00840	0.00215	0.00334	0.02535	0.00527	0.00512
1	0.01122	0.01051	0.01756	0.46992	0.26171	0.01200	0.01489	0.01459	0.01176	0.01584	0.05590	0.04078	0.01141	0.00615	0.00589	0.00180	0.02280	0.00557	0.00285	0.00685
2	0.01148	0.00984	0.01148	0.00820	0.01312	0.00738	0.00656	0.01395	0.01148	0.01805	0.00984	0.01148	0.00820	0.00410	0.00410	0.00082	0.00410	0.00328	0.00328	0.83922
3	0.01499	0.78481	0.02861	0.00962	0.01430	0.04516	0.00951	0.01675	0.01139	0.01305	0.00773	0.00892	0.00711	0.00477	0.00360	0.00119	0.00605	0.00298	0.00238	0.00709
4	0.00780	0.00629	0.02972	0.00718	0.00867	0.00538	0.00561	0.01037	0.01512	0.02124	0.66634	0.08037	0.09182	0.01161	0.00652	0.00178	0.00282	0.01024	0.00588	0.00524
5	0.00792	0.00591	0.00877	0.00877	0.00971	0.00685	0.00675	0.00980	0.00886	0.01276	0.01496	0.02244	0.01414	0.07769	0.74767	0.00873	0.01439	0.00603	0.00299	0.00487
6	0.01378	0.01190	0.01252	0.01127	0.01440	0.01378	0.00877	0.02943	0.76081	0.02317	0.02254	0.02066	0.01691	0.00751	0.00564	0.00188	0.00438	0.00626	0.00564	0.00877
7	0.00802	0.00536	0.00605	0.00608	0.00609	0.00535	0.00340	0.00805	0.00811	0.01082	0.01775	0.05384	0.02051	0.78725	0.02770	0.00530	0.00532	0.00823	0.00340	0.00338
8	0.01148	0.00984	0.01148	0.00820	0.01312	0.00738	0.00656	0.01395	0.01148	0.01805	0.00984	0.01148	0.00820	0.00410	0.00410	0.00082	0.00410	0.00328	0.00328	0.83922
9	0.01099	0.00580	0.00587	0.00563	0.00712	0.00591	0.00428	0.05879	0.01251	0.02153	0.01777	0.02019	0.01390	0.00646	0.00398	0.00131	0.00280	0.00515	0.78457	0.00543
10	0.00766	0.00565	0.00716	0.00678	0.00817	0.00515	0.00509	0.01011	0.01526	0.02121	0.67021	0.04301	0.15056	0.01169	0.00653	0.00176	0.00264	0.01025	0.00597	0.00515
11	0.00675	0.00482	0.00643	0.00771	0.00803	0.00450	0.00514	0.00771	0.01060	0.01414	0.03053	0.80175	0.03663	0.01735	0.00707	0.00225	0.00321	0.01574	0.00514	0.00450
12	0.01046	0.00984	0.01661	0.79205	0.03814	0.01230	0.01538	0.01415	0.01107	0.01415	0.00984	0.01477	0.00738	0.00554	0.00554	0.00185	0.00738	0.00492	0.00246	0.00615
13	0.01562	0.01251	0.01337	0.01154	0.01495	0.01420	0.00915	0.19311	0.55426	0.04692	0.02059	0.01998	0.01549	0.00749	0.00566	0.00184	0.00480	0.02404	0.00563	0.00884
14	0.01032	0.00516	0.00516	0.00516	0.00645	0.00516	0.00387	0.01290	0.01161	0.02065	0.01807	0.02065	0.01420	0.00645	0.00387	0.00129	0.00258	0.00516	0.83611	0.00516
15	0.77534	0.01060	0.00854	0.00750	0.01100	0.01206	0.00618	0.01718	0.00997	0.08810	0.00890	0.00983	0.00665	0.00529	0.00361	0.00171	0.00432	0.00322	0.00372	0.00629
16	0.70131	0.01049	0.00896	0.00773	0.01131	0.01168	0.00637	0.01815	0.01055	0.15582	0.01018	0.01072	0.00734	0.00544	0.00380	0.00171	0.00436	0.00345	0.00403	0.00660
17	0.00831	0.00578	0.00709	0.00702	0.00853	0.00518	0.00529	0.01025	0.01374	0.06207	0.33526	0.16167	0.27712	0.01311	0.00663	0.00191	0.00305	0.05719	0.00562	0.00517
18	0.01285	0.01105	0.01234	0.00913	0.01375	0.03155	0.00732	0.09295	0.03311	0.01970	0.01044	0.01190	0.00851	0.00467	0.00473	0.00100	0.02741	0.00360	0.00355	0.68046
19	0.01546	0.72190	0.02754	0.01001	0.01454	0.10637	0.00961	0.01720	0.01175	0.01309	0.00780	0.00901	0.00711	0.00485	0.00371	0.00121	0.00637	0.00303	0.00242	0.00703
20	0.00802	0.00564	0.00773	0.02223	0.03084	0.00569	0.00579	0.00832	0.00979	0.01305	0.02479	0.44068	0.08360	0.06240	0.01210	0.19314	0.04643	0.01140	0.00415	0.00421
21	0.05947	0.01111	0.05076	0.13743	0.08662	0.07046	0.01009	0.01751	0.03036	0.19763	0.07527	0.06559	0.05873	0.00810	0.00565	0.00179	0.00545	0.05708	0.04389	0.00699
22	0.01014	0.00894	0.01441	0.50641	0.04460	0.01076	0.01315	0.01317	0.01124	0.01464	0.01486	0.04607	0.01402	0.00875	0.00721	0.02571	0.04901	0.17795	0.00316	0.00581
23	0.84448	0.01071	0.00814	0.00728	0.01071	0.01242	0.00600	0.01628	0.00943	0.02485	0.00771	0.00900	0.00600	0.00514	0.00343	0.00171	0.00428	0.00300	0.00343	0.00600
24	0.01120	0.01073	0.01855	0.61165	0.17206	0.01255	0.05522	0.01487	0.01146	0.01507	0.01002	0.01458	0.00769	0.00538	0.00558	0.00181	0.00734	0.00501	0.00253	0.00670
25	0.01111	0.02865	0.77667	0.01579	0.02397	0.01286	0.02046	0.01754	0.01169	0.01754	0.00994	0.01169	0.00702	0.00526	0.00526	0.00175	0.00818	0.00409	0.00234	0.00818
26	0.00725	0.00561	0.00660	0.00641	0.00793	0.00497	0.00479	0.00930	0.01422	0.01886	0.44073	0.06870	0.35937	0.01266	0.00655	0.00181	0.00271	0.01090	0.00566	0.00497
27	0.01212	0.01212	0.01696	0.01454	0.01454	0.01696	0.01212	0.01333	0.00848	0.01333	0.00727	0.01212	0.00727	0.00969	0.01818	0.00242	0.79523	0.00485	0.00242	0.00606
28	0.05250	0.00757	0.00960	0.00830	0.01086	0.00707	0.00649	0.01803	0.05482	0.31323	0.29078	0.10095	0.02963	0.00940	0.00587	0.00176	0.00365	0.00803	0.05446	0.00701
29	0.01212	0.01212	0.01696	0.01454	0.01454	0.01696	0.01212	0.01333	0.00848	0.01333	0.00727	0.01212	0.00727	0.00969	0.01818	0.00242	0.79523	0.00485	0.00242	0.00606
30	0.00783	0.00563	0.00731	0.00693	0.00815	0.00522	0.00512	0.01026	0.01515	0.02141	0.71059	0.05857	0.05017	0.05416	0.00771	0.00195	0.00277	0.01004	0.00593	0.00511
31	0.00689	0.00530	0.00620	0.00664	0.00773	0.00472	0.00467	0.00821	0.01201	0.01542	0.14305	0.34319	0.34274	0.05742	0.00791	0.00219	0.00308	0.01285	0.00518	0.00461
32	0.01046	0.00984	0.01661	0.79205	0.03814	0.01230	0.01538	0.01415	0.01107	0.01415	0.00984	0.01477	0.00738	0.00554	0.00554	0.00185	0.00738	0.00492	0.00246	0.00615
33	0.00841	0.00610	0.00700	0.00691	0.00714	0.02302	0.00433	0.00880	0.00837	0.01122	0.01656	0.03266	0.01848	0.64136	0.15230	0.00579	0.02700	0.00752	0.00326	0.00375
34	0.79881	0.01077	0.00838	0.00744	0.01086	0.01245	0.00612	0.04248	0.01006	0.02513	0.00811	0.00938	0.00628	0.00522	0.00351	0.00170	0.00432	0.00311	0.01976	0.00610
35	0.00794	0.00550	0.00688	0.00695	0.00725	0.00577	0.00447	0.00856	0.00843	0.01153	0.01740	0.07301	0.01921	0.54404	0.24379	0.00622	0.00797	0.00786	0.00334	0.00387
36	0.12603	0.11070	0.49465	0.01316	0.01976	0.01340	0.01571	0.03748	0.01202	0.07300	0.01053	0.01179	0.00761	0.00537	0.00482	0.00167	0.00696	0.00397	0.02356	0.00782
37	0.05350	0.02966	0.03060	0.01132	0.01502	0.01401	0.00932	0.47123	0.06432	0.07425	0.04856	0.12155	0.01538	0.00822	0.00566	0.00175	0.00534	0.00662	0.00537	0.00831
38	0.01363	0.44366	0.31056	0.03499	0.01878	0.06373	0.01388	0.01720	0.01168	0.01480	0.00866	0.01018	0.00708	0.00502	0.00434	0.00143	0.00706	0.00348	0.00239	0.00745
39	0.00829	0.00652	0.00759	0.00717	0.00890	0.00626	0.00542	0.01236	0.11911	0.02019	0.45202	0.04202	0.26016	0.01159	0.00641	0.00180	0.00292	0.00999	0.00575	0.00556
40	0.01508	0.71985	0.02850	0.01041	0.01518	0.02121	0.04940	0.05947	0.01221	0.01456	0.00821	0.00947	0.00731	0.00485	0.00383	0.00125	0.00612	0.00327	0.00258	0.00726
41	0.00874	0.00588	0.00759	0.00704	0.00856	0.00536	0.00532	0.01124	0.01547	0.06549	0.67409	0.04090	0.10072	0.01125	0.00648	0.00175	0.00275	0.00988	0.00607	0.00543
42	0.03359	0.00673	0.00735	0.00763	0.00872	0.05339	0.00546	0.00993	0.01300	0.01758	0.31192	0.37140	0.10537	0.01366	0.00658	0.00195	0.00340	0.01205	0.00531	0.00496
43	0.02069	0.02640	0.01569	0.01427	0.01712	0.78313	0.01070	0.02212	0.01569	0.01355	0.00856	0.00999	0.00713	0.00571	0.00499	0.00143	0.00999	0.00357	0.00285	0.00642
44	0.02435	0.01023	0.01335	0.01024	0.01454	0.00933	0.00846	0.12273	0.01720	0.67701	0.02072	0.01812	0.01314	0.00683	0.00557	0.00171	0.00490	0.00549	0.00668	0.00942
45	0.00675	0.00482	0.00643	0.00771	0.00803	0.00450	0.00514	0.00771	0.01060	0.01414	0.03053	0.80175	0.03663	0.01735	0.00707	0.00225	0.00321	0.01574	0.00514	0.00450
46	0.00685	0.00567	0.00604	0.00607	0.00783	0.00485	0.00463	0.00848	0.01300	0.01594	0.13981	0.05246	0.63502	0.01378	0.00662	0.00190	0.00293	0.05810	0.00525	0.00477
47	0.01378	0.01190	0.01252	0.01127	0.01440	0.01378	0.00877	0.02943	0.76081	0.02317	0.02254	0.02066	0.01691	0.00751	0.00564	0.00188	0.00438	0.00626	0.00564	0.00877
48	0.00892	0.00637	0.00892	0.01020	0.01147	0.00637	0.00892	0.01147	0.01275	0.01657	0.02932	0.06247	0.03187	0.01530	0.00765	0.00255	0.00510	0.73354	0.00510	0.00510
49	0.00791	0.00593	0.00890	0.00890	0.00989	0.00692	0.00692	0.00989	0.00890	0.01286	0.01483	0.02176	0.01385	0.04154	0.78341	0.00890	0.01483	0.00593	0.00297	0.00494
50	0.01297	0.00738	0.00949	0.00821	0.01048	0.00693	0.00645	0.07593	0.01650	0.20060	0.51065	0.03426	0.03910	0.00998	0.00625	0.00175	0.00346	0.02684	0.00620	0.00656
51	0.01371	0.01316	0.02248	0.03399	0.77081	0.01316	0.01700	0.01700	0.01261	0.01809	0.01042	0.01371	0.00877	0.00493	0.00548	0.00164	0.00658	0.00493	0.00274	0.00877
52	0.01032	0.00516	0.00516	0.00516	0.00645	0.00516	0.00387	0.01290	0.01161	0.02065	0.01807	0.02065	0.01420	0.00645	0.00387	0.00129	0.00258	0.00516	0.83611	0.00516
53	0.78097	0.01091	0.00879	0.03154	0.01185	0.01264	0.00649	0.05018	0.01024	0.02499	0.00803	0.00937	0.00620	0.00522	0.00359	0.00172	0.00446	0.00315	0.00350	0.00616
54	0.01423	0.61153	0.04685	0.00973	0.01388	0.03451	0.00942	0.01617	0.01120	0.03943	0.00931	0.01112	0.00825	0.00891	0.08625	0.00208	0.02973	0.00353	0.02697	0.00689
55	0.00821	0.00565	0.00704	0.00689	0.00823	0.00513	0.00506	0.01023	0.01395	0.05156	0.43665	0.16971	0.18363	0.03221	0.00705	0.00193	0.00291	0.01093	0.02792	0.00513
56	0.13294	0.01028	0.02839	0.01052	0.06038	0.03242	0.00775	0.16138	0.01459	0.04211	0.14622	0.04582	0.03429	0.08849	0.05169	0.00245	0.02835	0.00632	0.07102	0.02460
57	0.05977	0.05211	0.01578	0.04290	0.05589	0.09308	0.01015	0.35929	0.06948	0.10656	0.01433	0.01466	0.02433	0.00655	0.00558	0.00166	0.02559	0.00492	0.02905	0.00833
58	0.06364	0.00949	0.01263	0.00973	0.01398	0.00834	0.00804	0.02648	0.01555	0.73916	0.02118	0.01838	0.01334	0.00677	0.00547	0.00171	0.00469	0.00545	0.00669	0.00926
59	0.03597	0.00981	0.01619	0.69016	0.07528	0.01198	0.01470	0.01406	0.01108	0.01469	0.01079	0.05178	0.00880	0.00605	0.00554	0.00185	0.00705	0.00538	0.00263	0.00621
60	0.00984	0.00866	0.01295	0.03518	0.20788	0.02878	0.04915	0.01240	0.03397	0.01644	0.07687	0.34365	0.04884	0.01183	0.00650	0.00201	0.00486	0.07976	0.00435	0.00610
61	0.00801	0.00553	0.00728	0.00726	0.00837	0.00510	0.00528	0.01014	0.01423	0.04117	0.53586	0.25825	0.04670	0.01292	0.00666	0.00189	0.00284	0.01153	0.00584	0.00514
62	0.00805	0.00537	0.00604	0.00604	0.00604	0.00537	0.00336	0.00805	0.00805	0.01074	0.01745	0.03624	0.02013	0.80536	0.02819	0.00537	0.00537	0.00805	0.00336	0.00336
63	0.01481	0.80869	0.02902	0.00948	0.01421	0.02191	0.00948	0.01658	0.01125	0.01303	0.00770	0.00888	0.00711	0.00474	0.00355	0.00118	0.00592	0.00296	0.00237	0.00711
64	0.30147	0.05218	0.03811	0.19676	0.22943	0.01340	0.01211	0.06357	0.01192	0.02034	0.00938	0.01199	0.00740	0.00526	0.00468	0.00170	0.00595	0.00414	0.00306	0.00715
65	0.00892	0.00637	0.00892	0.01020	0.01147	0.00637	0.00892	0.01147	0.01275	0.01657	0.02932	0.06247	0.03187	0.01530	0.00765	0.00255	0.00510	0.73354	0.00510	0.00510
66	0.01399	0.01060	0.01288	0.03255	0.01467	0.00963	0.03039	0.14288	0.06216	0.08496	0.07251	0.03865	0.01370	0.00600	0.00496	0.00128	0.00463	0.00500	0.00436	0.43419
67	0.01145	0.01113	0.01703	0.33603	0.14472	0.06152	0.09524	0.03019	0.01268	0.01644	0.08612	0.07287	0.05055	0.00734	0.00590	0.00182	0.00662	0.02251	0.00335	0.00651
68	0.01074	0.00992	0.01616	0.65250	0.07296	0.01206	0.01463	0.01510	0.05898	0.01509	0.01194	0.01817	0.00964	0.00626	0.00568	0.00188	0.00700	0.05206	0.00285	0.00639
69	0.01481	0.80869	0.02902	0.00948	0.01421	0.02191	0.00948	0.01658	0.01125	0.01303	0.00770	0.00888	0.00711	0.00474	0.00355	0.00118	0.00592	0.00296	0.00237	0.00711
70	0.01002	0.00815	0.01200	0.43718	0.02450	0.00951	0.01059	0.01378	0.05614	0.01629	0.01818	0.07042	0.08259	0.00742	0.00534	0.00175	0.00538	0.00638	0.19854	0.00583
71	0.00655	0.00561	0.00561	0.00561	0.00748	0.00468	0.00421	0.00795	0.01262	0.01496	0.05610	0.05330	0.76857	0.01403	0.00655	0.00187	0.00281	0.01169	0.00514	0.00468
72	0.02049	0.01523	0.01630	0.01263	0.01696	0.01691	0.01039	0.69606	0.08325	0.03399	0.01402	0.01387	0.01000	0.00672	0.00555	0.00168	0.00596	0.00509	0.00555	0.00937
73	0.00962	0.00481	0.00722	0.00722	0.00722	0.00481	0.00481	0.00722	0.00722	0.00962	0.00962	0.01684	0.00962	0.01924	0.02165	0.83886	0.00481	0.00481	0.00241	0.00241
74	0.02069	0.02640	0.01569	0.01427	0.01712	0.78313	0.01070	0.02212	0.01569	0.01355	0.00856	0.00999	0.00713	0.00571	0.00499	0.00143	0.00999	0.00357	0.00285	0.00642
75	0.02485	0.00943	0.01285	0.00985	0.01414	0.00814	0.00814	0.02699	0.01585	0.77465	0.02185	0.01885	0.01371	0.00685	0.00557	0.00171	0.00471	0.00557	0.00685	0.00943
76	0.00864	0.00624	0.00855	0.00974	0.01100	0.00615	0.00838	0.01102	0.01263	0.01633	0.03130	0.10157	0.08463	0.01532	0.00754	0.00249	0.00483	0.64350	0.00511	0.00504
77	0.00655	0.00561	0.00561	0.00561	0.00748	0.00468	0.00421	0.00795	0.01262	0.01496	0.05610	0.05330	0.76857	0.01403	0.00655	0.00187	0.00281	0.01169	0.00514	0.00468
78	0.02223	0.01362	0.01545	0.01184	0.01623	0.01436	0.00978	0.52650	0.02287	0.26523	0.01596	0.01503	0.01075	0.00671	0.00555	0.00168	0.00566	0.00517	0.00595	0.00942
79	0.84448	0.01071	0.00814	0.00728	0.01071	0.01242	0.00600	0.01628	0.00943	0.02485	0.00771	0.00900	0.00600	0.00514	0.00343	0.00171	0.00428	0.00300	0.00343	0.00600
80	0.00846	0.00670	0.00980	0.00949	0.01030	0.00814	0.00742	0.01024	0.00881	0.01282	0.01399	0.02121	0.01330	0.07360	0.64956	0.00790	0.11445	0.00589	0.00292	0.00501
81	0.00796	0.00541	0.00627	0.00628	0.00647	0.00540	0.00372	0.00827	0.00871	0.01169	0.06022	0.05854	0.04098	0.67731	0.06644	0.00518	0.00560	0.00837	0.00358	0.00361
82	0.01111	0.02865	0.77667	0.01579	0.02397	0.01286	0.02046	0.01754	0.01169	0.01754	0.00994	0.01169	0.00702	0.00526	0.00526	0.00175	0.00818	0.00409	0.00234	0.00818
83	0.02069	0.02640	0.01569	0.01427	0.01712	0.78313	0.01070	0.02212	0.01569	0.01355	0.00856	0.00999	0.00713	0.00571	0.00499	0.00143	0.00999	0.00357	0.00285	0.00642
84	0.49742	0.10288	0.13346	0.01072	0.04944	0.01382	0.00968	0.01620	0.01018	0.02107	0.02266	0.01050	0.00740	0.00559	0.00508	0.00172	0.06899	0.00354	0.00307	0.00659
85	0.03671	0.06277	0.51817	0.05793	0.04536	0.03293	0.01709	0.01648	0.01190	0.01721	0.02432	0.01865	0.01098	0.00663	0.00546	0.00182	0.00742	0.09787	0.00282	0.00748
86	0.04928	0.00632	0.00700	0.00668	0.00780	0.00690	0.00497	0.03083	0.01075	0.01815	0.01622	0.02210	0.01417	0.14875	0.08885	0.00289	0.06307	0.00561	0.48460	0.00504
87	0.01011	0.01136	0.13531	0.01007	0.01227	0.05782	0.00878	0.03900	0.03357	0.03634	0.06235	0.37099	0.02487	0.05360	0.03990	0.00247	0.04385	0.02342	0.01815	0.00576
88	0.01276	0.06197	0.58005	0.01589	0.05520	0.01299	0.04790	0.01880	0.04440	0.08205	0.01146	0.01278	0.00815	0.00543	0.00528	0.00173	0.00759	0.00439	0.00290	0.00826
89	0.80041	0.01064	0.00839	0.00742	0.01089	0.01219	0.00611	0.01686	0.00977	0.06517	0.00847	0.00953	0.00641	0.00523	0.00354	0.00171	0.00431	0.00314	0.00361	0.00618
90	0.00688	0.00493	0.00642	0.00756	0.00794	0.00461	0.00505	0.00783	0.01055	0.01398	0.03063	0.69918	0.06612	0.07406	0.00858	0.00246	0.00339	0.03039	0.00501	0.00444
91	0.01237	0.01548	0.17144	0.32115	0.17761	0.08108	0.01548	0.01619	0.01225	0.03533	0.02551	0.01754	0.01032	0.00622	0.00559	0.00179	0.00730	0.05734	0.00290	0.00711
92	0.00696	0.00511	0.00715	0.00817	0.00865	0.00479	0.02408	0.00806	0.01072	0.01429	0.03001	0.76347	0.03580	0.01698	0.00707	0.00225	0.00341	0.03336	0.00508	0.00459
93	0.00805	0.00537	0.00604	0.00604	0.00604	0.00537	0.00336	0.00805	0.00805	0.01074	0.01745	0.03624	0.02013	0.80536	0.02819	0.00537	0.00537	0.00805	0.00336	0.00336
94	0.00895	0.00621	0.00740	0.03019	0.00894	0.00626	0.00520	0.07694	0.01150	0.01576	0.04024	0.33436	0.05804	0.27144	0.01343	0.00308	0.00421	0.01064	0.08250	0.00471
