[name]
unknown

[dist]
# distance from previous block
# <min> <max>
16	65

[block]
# block no. 0 follows, 47 sequences, length 47
# corresponding to MSA columns:
# 77-123
name=unknown_A
#
# <colnr> <probs for GDERKNQSTAVLIFYWHMCP>
#	G	D	E	R	K	N	Q	S	T	A	V	L	I	F	Y	W	H	M	C	P
0	0.05112	0.01066	0.01552	0.50199	0.02799	0.02690	0.03794	0.11507	0.01217	0.01663	0.00939	0.01297	0.00720	0.00560	0.00619	0.00170	0.08251	0.00449	0.00280	0.05116
1	0.01054	0.00972	0.01589	0.50473	0.13180	0.01124	0.04996	0.04032	0.05590	0.01515	0.01222	0.09706	0.01061	0.00639	0.00540	0.00175	0.00632	0.00584	0.00290	0.00627
2	0.01210	0.01022	0.01364	0.01001	0.01434	0.00882	0.09126	0.05148	0.03600	0.05369	0.01033	0.01188	0.00824	0.00456	0.00504	0.00108	0.05037	0.00378	0.00332	0.59986
3	0.01289	0.01237	0.02114	0.03196	0.78450	0.01237	0.01598	0.01598	0.01186	0.01701	0.00980	0.01289	0.00825	0.00464	0.00516	0.00155	0.00619	0.00464	0.00258	0.00825
4	0.01947	0.02434	0.01480	0.01335	0.01610	0.75959	0.01005	0.05571	0.01521	0.01368	0.00826	0.00954	0.00681	0.00541	0.00472	0.00135	0.00922	0.00342	0.00280	0.00617
5	0.00737	0.00532	0.00696	0.00655	0.00778	0.00491	0.00491	0.00983	0.01474	0.02088	0.78175	0.03890	0.04914	0.01065	0.00614	0.00164	0.00246	0.00942	0.00573	0.00491
6	0.01263	0.01458	0.02775	0.02018	0.02500	0.08767	0.64976	0.01655	0.01250	0.01616	0.01271	0.01566	0.05197	0.00499	0.00601	0.00172	0.00849	0.00615	0.00276	0.00678
7	0.00949	0.00642	0.00805	0.00733	0.00903	0.00623	0.00560	0.01357	0.11754	0.08659	0.61387	0.03446	0.04155	0.00980	0.00595	0.00165	0.00285	0.00858	0.00573	0.00570
8	0.02184	0.01116	0.05724	0.01018	0.01445	0.00979	0.00881	0.18892	0.01680	0.57705	0.01813	0.01619	0.01164	0.00632	0.00521	0.00160	0.00490	0.00504	0.00593	0.00879
9	0.00671	0.00487	0.00633	0.00687	0.00760	0.00449	0.00481	0.00822	0.01185	0.01615	0.30826	0.47897	0.08748	0.01402	0.00643	0.00192	0.00279	0.01257	0.00517	0.00449
10	0.01028	0.00980	0.01653	0.66517	0.10842	0.01194	0.03154	0.01360	0.01046	0.01370	0.00920	0.01365	0.00709	0.00535	0.00590	0.00175	0.05257	0.00466	0.00235	0.00605
11	0.02336	0.00886	0.01209	0.00927	0.01329	0.00765	0.00765	0.02538	0.01491	0.78810	0.02055	0.01773	0.01289	0.00645	0.00524	0.00161	0.00443	0.00524	0.00645	0.00886
12	0.01295	0.01257	0.02081	0.05612	0.74211	0.03126	0.01579	0.01601	0.01188	0.01679	0.00974	0.01284	0.00817	0.00468	0.00515	0.00155	0.00629	0.00461	0.00257	0.00812
13	0.00905	0.00452	0.00678	0.00678	0.00678	0.00452	0.00452	0.00678	0.00678	0.00905	0.00905	0.01583	0.00905	0.01809	0.02035	0.84848	0.00452	0.00452	0.00226	0.00226
14	0.01695	0.01359	0.09707	0.01181	0.01615	0.01226	0.07389	0.33822	0.05482	0.16506	0.01384	0.01488	0.01011	0.05327	0.00639	0.00174	0.00567	0.00491	0.00459	0.08480
15	0.82681	0.01003	0.00780	0.00693	0.01018	0.01155	0.00571	0.01563	0.00906	0.04819	0.00768	0.00876	0.00588	0.00489	0.00329	0.00161	0.00404	0.00290	0.00333	0.00574
16	0.01295	0.01119	0.01178	0.01060	0.01354	0.01295	0.00824	0.02767	0.77509	0.02178	0.02120	0.01943	0.01590	0.00707	0.00530	0.00177	0.00412	0.00589	0.00530	0.00824
17	0.01325	0.01071	0.01211	0.00888	0.01338	0.00945	0.00719	0.21831	0.01452	0.02128	0.01014	0.01126	0.00802	0.00451	0.00422	0.00099	0.00437	0.00352	0.00366	0.62023
18	0.00642	0.00468	0.00606	0.00700	0.00753	0.00431	0.00476	0.00752	0.01060	0.01408	0.10215	0.66869	0.10604	0.01549	0.00655	0.00204	0.00293	0.01394	0.00492	0.00431
19	0.00634	0.00453	0.00604	0.00725	0.00755	0.00423	0.00483	0.00725	0.00997	0.01329	0.02870	0.81358	0.03444	0.01632	0.00665	0.00211	0.00302	0.01480	0.00483	0.00423
20	0.00634	0.00453	0.00604	0.00725	0.00755	0.00423	0.00483	0.00725	0.00997	0.01329	0.02870	0.81358	0.03444	0.01632	0.00665	0.00211	0.00302	0.01480	0.00483	0.00423
21	0.01045	0.02694	0.79000	0.01484	0.02254	0.01209	0.01924	0.01649	0.01099	0.01649	0.00935	0.01099	0.00660	0.00495	0.00495	0.00165	0.00770	0.00385	0.00220	0.00770
22	0.02243	0.00883	0.01195	0.00935	0.01322	0.00775	0.00775	0.04131	0.01496	0.72696	0.02076	0.01995	0.01377	0.00689	0.00535	0.00166	0.00448	0.04768	0.00632	0.00863
23	0.70236	0.01132	0.00907	0.00784	0.01117	0.04530	0.00642	0.12039	0.01129	0.02424	0.00802	0.00906	0.00613	0.00505	0.00356	0.00159	0.00449	0.00310	0.00348	0.00611
24	0.01045	0.02694	0.79000	0.01484	0.02254	0.01209	0.01924	0.01649	0.01099	0.01649	0.00935	0.01099	0.00660	0.00495	0.00495	0.00165	0.00770	0.00385	0.00220	0.00770
25	0.00634	0.00453	0.00604	0.00725	0.00755	0.00423	0.00483	0.00725	0.00997	0.01329	0.02870	0.81358	0.03444	0.01632	0.00665	0.00211	0.00302	0.01480	0.00483	0.00423
26	0.00646	0.00470	0.00605	0.00694	0.00748	0.00434	0.00471	0.00755	0.01061	0.01410	0.11069	0.63526	0.11099	0.03514	0.00703	0.00210	0.00297	0.01367	0.00489	0.00429
27	0.02009	0.01289	0.01441	0.01112	0.01510	0.01376	0.00913	0.55617	0.03686	0.20674	0.01467	0.01454	0.01025	0.03227	0.00590	0.00169	0.00538	0.00493	0.00543	0.00866
28	0.03973	0.01210	0.01978	0.05440	0.66822	0.01233	0.01500	0.04566	0.02995	0.01779	0.01051	0.01405	0.00886	0.00502	0.00515	0.00158	0.00604	0.02298	0.00281	0.00802
29	0.03007	0.02600	0.74484	0.01462	0.02194	0.01222	0.01865	0.01633	0.01084	0.01651	0.00921	0.01095	0.00658	0.00509	0.00533	0.00167	0.03549	0.00385	0.00223	0.00758
30	0.07084	0.01046	0.05887	0.21502	0.01911	0.01070	0.06598	0.16809	0.01223	0.01718	0.00975	0.01357	0.00793	0.00932	0.01006	0.25589	0.03193	0.00455	0.00298	0.00555
31	0.01304	0.09837	0.02099	0.05907	0.56397	0.04959	0.04045	0.01591	0.01175	0.01614	0.00941	0.01220	0.00791	0.00462	0.00490	0.00146	0.00626	0.00434	0.00257	0.05704
32	0.03647	0.56374	0.02429	0.03594	0.01547	0.11695	0.07332	0.01614	0.01122	0.01325	0.00779	0.00927	0.00682	0.00457	0.00383	0.00121	0.00625	0.00322	0.00239	0.04785
33	0.00806	0.00710	0.00839	0.00865	0.00943	0.07602	0.04276	0.00918	0.01032	0.01321	0.02467	0.59901	0.04275	0.05241	0.03556	0.00238	0.02896	0.01231	0.00431	0.00454
34	0.00754	0.00518	0.00632	0.00632	0.00655	0.00540	0.00396	0.00799	0.00776	0.01058	0.01582	0.03081	0.01751	0.63038	0.21117	0.00585	0.00718	0.00709	0.00307	0.00351
35	0.00905	0.00452	0.00678	0.00678	0.00678	0.00452	0.00452	0.00678	0.00678	0.00905	0.00905	0.01583	0.00905	0.01809	0.02035	0.84848	0.00452	0.00452	0.00226	0.00226
36	0.02999	0.21235	0.37252	0.10190	0.06424	0.08720	0.01467	0.01646	0.01127	0.03166	0.00894	0.01074	0.00688	0.00491	0.00455	0.00149	0.00703	0.00369	0.00240	0.00710
37	0.00757	0.00505	0.00568	0.00568	0.00568	0.00505	0.00316	0.00757	0.00757	0.01010	0.01641	0.03408	0.01893	0.81698	0.02651	0.00505	0.00505	0.00757	0.00316	0.00316
38	0.00745	0.00636	0.00652	0.00636	0.00811	0.02128	0.00475	0.01052	0.10640	0.01573	0.13759	0.07949	0.52926	0.02891	0.00647	0.00182	0.00300	0.01012	0.00493	0.00494
39	0.02928	0.36811	0.35108	0.01242	0.03635	0.04564	0.01362	0.01600	0.01076	0.01444	0.00821	0.00981	0.00667	0.00498	0.00493	0.00144	0.05354	0.00341	0.00226	0.00705
40	0.05398	0.04241	0.01173	0.00965	0.02520	0.00911	0.04249	0.08414	0.01317	0.16900	0.17007	0.13746	0.07320	0.03696	0.00759	0.00187	0.09344	0.00760	0.00469	0.00622
41	0.00905	0.00452	0.00678	0.00678	0.00678	0.00452	0.00452	0.00678	0.00678	0.00905	0.00905	0.01583	0.00905	0.01809	0.02035	0.84848	0.00452	0.00452	0.00226	0.00226
42	0.00741	0.00587	0.00826	0.01028	0.09439	0.00581	0.00650	0.00867	0.01033	0.01384	0.02735	0.58823	0.08854	0.01432	0.00698	0.00205	0.04304	0.04888	0.00446	0.00479
43	0.08113	0.03269	0.22932	0.09651	0.02040	0.06814	0.13699	0.02686	0.01066	0.01561	0.00906	0.02847	0.00746	0.00619	0.00805	0.00181	0.20700	0.00459	0.00252	0.00653
44	0.01545	0.07739	0.04960	0.05588	0.02836	0.05204	0.00912	0.24550	0.04703	0.13378	0.04713	0.10403	0.01407	0.00724	0.00515	0.00156	0.00521	0.02009	0.00447	0.07690
45	0.03209	0.37899	0.27114	0.01150	0.03308	0.04257	0.01219	0.01754	0.01150	0.13047	0.01000	0.01075	0.00760	0.00496	0.00423	0.00139	0.00620	0.00356	0.00290	0.00733
46	0.11354	0.17040	0.16257	0.03605	0.22873	0.05339	0.01276	0.06868	0.02508	0.01741	0.00935	0.01174	0.00768	0.00526	0.00513	0.00154	0.04481	0.01588	0.00277	0.00723

[dist]
# distance from previous block
# <min> <max>
1	10

[block]
# block no. 1 follows, 47 sequences, length 59
# corresponding to MSA columns:
# 134-192
name=unknown_B
#
# <colnr> <probs for GDERKNQSTAVLIFYWHMCP>
#	G	D	E	R	K	N	Q	S	T	A	V	L	I	F	Y	W	H	M	C	P
0	0.03583	0.38429	0.16892	0.01261	0.06773	0.06709	0.03182	0.05975	0.01197	0.06394	0.00908	0.01036	0.00730	0.00508	0.00481	0.00140	0.04454	0.00359	0.00275	0.00714
1	0.01368	0.01040	0.05919	0.00864	0.01174	0.00982	0.00738	0.28199	0.03642	0.04359	0.01597	0.01702	0.04500	0.00695	0.02192	0.00153	0.00442	0.00491	0.32012	0.07932
2	0.01114	0.00991	0.01247	0.07843	0.07742	0.05556	0.00917	0.11147	0.01171	0.01587	0.01504	0.23473	0.01574	0.04117	0.06351	0.00246	0.19532	0.00749	0.00351	0.02786
3	0.01571	0.01291	0.01330	0.01121	0.01460	0.04093	0.00892	0.30134	0.47104	0.02556	0.01753	0.01652	0.01297	0.00671	0.00525	0.00168	0.00490	0.00536	0.00518	0.00839
4	0.02175	0.09614	0.01370	0.00930	0.01332	0.00935	0.00782	0.02446	0.05806	0.66078	0.01915	0.01682	0.01240	0.00627	0.00504	0.00157	0.00454	0.00501	0.00593	0.00859
5	0.01237	0.01264	0.06793	0.22205	0.50599	0.01237	0.01546	0.05845	0.01217	0.01696	0.00979	0.01300	0.00785	0.00489	0.00516	0.00160	0.00644	0.00459	0.00264	0.00764
6	0.09601	0.27600	0.12719	0.00942	0.01313	0.07058	0.00910	0.07046	0.01180	0.03717	0.01048	0.01235	0.00854	0.02719	0.00505	0.00147	0.03552	0.00379	0.16837	0.00640
7	0.00971	0.00485	0.00485	0.00485	0.00607	0.00485	0.00364	0.01213	0.01092	0.01942	0.01699	0.01942	0.01335	0.00607	0.00364	0.00121	0.00243	0.00485	0.84589	0.00485
8	0.00771	0.00508	0.00667	0.00711	0.00794	0.00470	0.00502	0.00912	0.01159	0.06058	0.23429	0.48063	0.06223	0.04415	0.00717	0.00206	0.00306	0.03110	0.00511	0.00467
9	0.01180	0.03371	0.08464	0.04724	0.24195	0.04961	0.21498	0.01506	0.02112	0.01562	0.02230	0.09969	0.01119	0.00655	0.00691	0.00175	0.10013	0.00604	0.00284	0.00687
10	0.01219	0.01287	0.05611	0.12572	0.47670	0.04159	0.07802	0.01552	0.02349	0.01606	0.01182	0.01472	0.04524	0.00538	0.00580	0.00163	0.04204	0.00500	0.00267	0.00742
11	0.00615	0.00528	0.00528	0.00528	0.00703	0.00440	0.00396	0.00747	0.01187	0.01407	0.05276	0.05012	0.78238	0.01319	0.00615	0.00176	0.00264	0.01099	0.00484	0.00440
12	0.00893	0.00727	0.04247	0.00772	0.00944	0.00644	0.00611	0.10336	0.01425	0.03197	0.37464	0.24554	0.09850	0.01153	0.00610	0.00177	0.00330	0.01011	0.00520	0.00536
13	0.03253	0.03034	0.19771	0.03240	0.36083	0.08076	0.04321	0.05964	0.02981	0.01725	0.00968	0.01206	0.00774	0.00521	0.00581	0.00161	0.05873	0.00436	0.00270	0.00763
14	0.01136	0.16047	0.06729	0.04791	0.01618	0.01403	0.11609	0.04047	0.01012	0.01409	0.02152	0.01367	0.00894	0.02526	0.14381	0.00297	0.27244	0.00472	0.00258	0.00608
15	0.56316	0.00978	0.00910	0.00770	0.01105	0.01063	0.00632	0.05348	0.02406	0.20165	0.05065	0.01256	0.00989	0.00561	0.00397	0.00161	0.00412	0.00386	0.00423	0.00655
16	0.01310	0.01191	0.01716	0.35386	0.06547	0.04319	0.09607	0.18387	0.06208	0.01871	0.01107	0.02846	0.00861	0.00590	0.00608	0.00172	0.05758	0.00503	0.00326	0.00687
17	0.01708	0.01393	0.06288	0.01122	0.01533	0.03024	0.00955	0.44670	0.14009	0.07075	0.01380	0.01406	0.01013	0.02487	0.00555	0.00160	0.00539	0.00473	0.00478	0.09733
18	0.00662	0.00495	0.00655	0.00716	0.00780	0.00458	0.02343	0.00764	0.01025	0.01347	0.05882	0.58268	0.13880	0.09116	0.00843	0.00232	0.00328	0.01316	0.00465	0.00425
19	0.00642	0.00465	0.00608	0.00707	0.00754	0.00430	0.00479	0.00749	0.01051	0.01401	0.09680	0.69919	0.08063	0.01563	0.00657	0.00205	0.00295	0.01410	0.00491	0.00430
20	0.13979	0.06017	0.01425	0.04859	0.01538	0.10844	0.00902	0.36791	0.04968	0.08846	0.04071	0.01308	0.01006	0.00600	0.00479	0.00154	0.00568	0.00442	0.00443	0.00760
21	0.08212	0.07335	0.49241	0.01428	0.04944	0.03249	0.04864	0.06407	0.01193	0.05189	0.00971	0.01119	0.00707	0.00513	0.00507	0.00161	0.02545	0.00394	0.00271	0.00749
22	0.01289	0.01083	0.01313	0.03019	0.03391	0.01042	0.01857	0.17593	0.02323	0.01983	0.00985	0.01152	0.00796	0.00510	0.00584	0.00119	0.10002	0.00376	0.00344	0.50239
23	0.00643	0.00460	0.00612	0.00719	0.00757	0.00429	0.00484	0.00746	0.01036	0.01392	0.09098	0.74952	0.03566	0.01585	0.00661	0.00208	0.00297	0.01436	0.00491	0.00429
24	0.12921	0.00945	0.01157	0.00905	0.01289	0.00890	0.00746	0.10007	0.01498	0.57607	0.01947	0.01747	0.04662	0.00653	0.00502	0.00161	0.00443	0.00513	0.00583	0.00824
25	0.01879	0.01363	0.01484	0.01130	0.01552	0.01456	0.00931	0.63494	0.02226	0.06518	0.01245	0.01252	0.00889	0.00595	0.00503	0.00146	0.00543	0.00450	0.00499	0.11845
26	0.00655	0.00487	0.00613	0.00687	0.00765	0.00445	0.00486	0.00782	0.01109	0.01455	0.12872	0.51067	0.19535	0.01483	0.00651	0.00199	0.00297	0.05478	0.00495	0.00438
27	0.00747	0.00502	0.00578	0.00587	0.00592	0.00502	0.00338	0.00759	0.00778	0.01040	0.01732	0.09559	0.02001	0.73307	0.04508	0.00490	0.00512	0.00809	0.00328	0.00328
28	0.01092	0.08983	0.58091	0.04992	0.02224	0.01310	0.08190	0.01606	0.01087	0.01578	0.00912	0.01119	0.00675	0.00512	0.00565	0.00166	0.05536	0.00403	0.00225	0.00735
29	0.00765	0.00517	0.00595	0.00605	0.00618	0.00516	0.00355	0.02366	0.00829	0.01106	0.01818	0.15089	0.02105	0.67930	0.02307	0.00453	0.00476	0.00860	0.00345	0.00344
30	0.01955	0.01446	0.01549	0.01193	0.01606	0.01603	0.00984	0.74049	0.05153	0.03242	0.01282	0.01275	0.00911	0.00628	0.00521	0.00157	0.00567	0.00473	0.00521	0.00883
31	0.00634	0.00453	0.00604	0.00725	0.00755	0.00423	0.00483	0.00725	0.00997	0.01329	0.02870	0.81358	0.03444	0.01632	0.00665	0.00211	0.00302	0.01480	0.00483	0.00423
32	0.01290	0.01048	0.01132	0.01000	0.01285	0.01158	0.00794	0.17259	0.42531	0.02237	0.04305	0.04315	0.09564	0.00839	0.00555	0.00176	0.00428	0.06973	0.00514	0.02598
33	0.00639	0.00457	0.00610	0.00731	0.00763	0.00427	0.00492	0.00733	0.01002	0.01335	0.02868	0.79605	0.03434	0.01627	0.00666	0.00212	0.00306	0.03187	0.00483	0.00424
34	0.00983	0.00926	0.01562	0.80447	0.03587	0.01157	0.01446	0.01331	0.01041	0.01331	0.00926	0.01388	0.00694	0.00521	0.00521	0.00174	0.00694	0.00463	0.00231	0.00579
35	0.01954	0.01446	0.01548	0.01193	0.01605	0.01603	0.00984	0.73931	0.05272	0.03241	0.01283	0.01276	0.00912	0.00628	0.00521	0.00157	0.00567	0.00473	0.00521	0.00883
36	0.02314	0.00922	0.01231	0.00944	0.01347	0.00819	0.00780	0.07217	0.01551	0.74046	0.02004	0.01740	0.01264	0.00643	0.00524	0.00161	0.00451	0.00520	0.00637	0.00886
37	0.01980	0.01459	0.01563	0.01198	0.01615	0.01615	0.00990	0.76713	0.02448	0.03282	0.01250	0.01250	0.00886	0.00625	0.00521	0.00156	0.00573	0.00469	0.00521	0.00886
38	0.01085	0.00931	0.01082	0.00779	0.01237	0.00710	0.00622	0.01348	0.03028	0.01709	0.00956	0.01102	0.00792	0.00394	0.00389	0.00080	0.00386	0.00316	0.00314	0.82739
39	0.02426	0.00984	0.01589	0.62472	0.12359	0.01173	0.01395	0.03110	0.04583	0.03479	0.01020	0.01400	0.00768	0.00527	0.00517	0.00171	0.00658	0.00468	0.00267	0.00634
40	0.00634	0.00465	0.00596	0.00697	0.00749	0.00427	0.00472	0.00734	0.01033	0.01357	0.04920	0.69391	0.13460	0.01577	0.00657	0.00206	0.00296	0.01417	0.00485	0.00427
41	0.00785	0.00615	0.03445	0.00693	0.00843	0.00522	0.00548	0.01038	0.01449	0.03978	0.71536	0.05825	0.04634	0.01049	0.00609	0.00165	0.00270	0.00926	0.00560	0.00509
42	0.00644	0.00461	0.00613	0.00719	0.00757	0.00429	0.00484	0.00749	0.01042	0.01400	0.09905	0.74122	0.03582	0.01579	0.00660	0.00207	0.00297	0.01430	0.00492	0.00429
43	0.00744	0.00558	0.00837	0.00837	0.00930	0.00651	0.00651	0.00930	0.00837	0.01209	0.01395	0.02046	0.01302	0.03906	0.79635	0.00837	0.01395	0.00558	0.00279	0.00465
44	0.01096	0.00979	0.01698	0.65669	0.06632	0.01152	0.07999	0.01441	0.01090	0.05822	0.01004	0.01408	0.00742	0.00518	0.00529	0.00172	0.00693	0.00480	0.00259	0.00618
45	0.01222	0.01382	0.02985	0.05049	0.05401	0.01308	0.71231	0.01654	0.01221	0.01657	0.01046	0.01400	0.00788	0.00443	0.00608	0.00175	0.00862	0.00604	0.00262	0.00702
46	0.00634	0.00453	0.00604	0.00725	0.00755	0.00423	0.00483	0.00725	0.00997	0.01329	0.02870	0.81358	0.03444	0.01632	0.00665	0.00211	0.00302	0.01480	0.00483	0.00423
47	0.02336	0.00886	0.01209	0.00927	0.01329	0.00765	0.00765	0.02538	0.01491	0.78810	0.02055	0.01773	0.01289	0.00645	0.00524	0.00161	0.00443	0.00524	0.00645	0.00886
48	0.01186	0.12102	0.42173	0.01633	0.06517	0.01377	0.16827	0.04948	0.01169	0.01655	0.00936	0.01148	0.00708	0.00503	0.00566	0.00163	0.04972	0.00430	0.00245	0.00741
49	0.01153	0.19425	0.56054	0.01400	0.02072	0.03405	0.06388	0.01642	0.01109	0.01551	0.00894	0.01059	0.00670	0.00482	0.00468	0.00153	0.00736	0.00375	0.00224	0.00740
50	0.01980	0.01459	0.01563	0.01198	0.01615	0.01615	0.00990	0.76713	0.02448	0.03282	0.01250	0.01250	0.00886	0.00625	0.00521	0.00156	0.00573	0.00469	0.00521	0.00886
51	0.00633	0.00458	0.00599	0.00713	0.00752	0.00424	0.00478	0.00727	0.01009	0.01334	0.03022	0.76544	0.08161	0.01612	0.00662	0.00209	0.00300	0.01456	0.00483	0.00424
52	0.01984	0.01350	0.01490	0.01149	0.01553	0.01467	0.00948	0.64069	0.02263	0.13386	0.01364	0.01348	0.00955	0.00742	0.03288	0.00181	0.00584	0.00479	0.00529	0.00871
53	0.01863	0.01445	0.06371	0.01169	0.01587	0.01470	0.01005	0.63070	0.02241	0.07427	0.04717	0.02752	0.01117	0.00655	0.00526	0.00158	0.00559	0.00505	0.00511	0.00853
54	0.00835	0.00613	0.00743	0.00705	0.00738	0.00670	0.00470	0.03496	0.00892	0.01224	0.07354	0.05052	0.03010	0.55846	0.07016	0.00445	0.09426	0.00739	0.00337	0.00391
55	0.01255	0.03950	0.01197	0.00866	0.01275	0.08858	0.00687	0.09434	0.01246	0.01764	0.00986	0.01222	0.00840	0.05556	0.00550	0.00120	0.00476	0.00356	0.00325	0.59038
56	0.00911	0.00705	0.00876	0.00837	0.00958	0.00744	0.00622	0.10958	0.01200	0.01641	0.08382	0.37543	0.07288	0.06116	0.05656	0.00248	0.08825	0.01010	0.00437	0.05044
57	0.14156	0.08514	0.05381	0.01082	0.05709	0.03745	0.00870	0.07288	0.09708	0.13408	0.09391	0.03106	0.01523	0.01769	0.00589	0.00169	0.05084	0.05195	0.00421	0.02891
58	0.02826	0.50603	0.09614	0.06229	0.09667	0.01748	0.01097	0.05855	0.01145	0.01472	0.00818	0.00981	0.00699	0.00479	0.00429	0.00131	0.02745	0.00336	0.00248	0.02877

[dist]
# distance from previous block
# <min> <max>
1	35

[block]
# block no. 2 follows, 47 sequences, length 29
# corresponding to MSA columns:
# 228-256
name=unknown_C
#
# <colnr> <probs for GDERKNQSTAVLIFYWHMCP>
#	G	D	E	R	K	N	Q	S	T	A	V	L	I	F	Y	W	H	M	C	P
0	0.01729	0.01183	0.01335	0.01067	0.02918	0.01222	0.00851	0.42854	0.05237	0.13679	0.05466	0.01630	0.04235	0.00645	0.00509	0.00148	0.00488	0.00510	0.02053	0.12241
1	0.01318	0.01091	0.01217	0.00932	0.01314	0.03295	0.00750	0.21659	0.01470	0.02105	0.06556	0.03050	0.01147	0.00563	0.00531	0.00119	0.05547	0.00432	0.00382	0.46522
2	0.40606	0.01490	0.20344	0.04887	0.04277	0.05797	0.01028	0.01683	0.01078	0.10602	0.03222	0.01150	0.00819	0.00526	0.00421	0.00161	0.00548	0.00372	0.00330	0.00661
3	0.67973	0.02513	0.00962	0.04789	0.01238	0.02639	0.02660	0.03363	0.06398	0.02240	0.00857	0.00977	0.00661	0.00504	0.00362	0.00162	0.00447	0.00327	0.00333	0.00597
4	0.03010	0.05509	0.02827	0.06379	0.32684	0.07128	0.05169	0.09638	0.13210	0.01843	0.01134	0.01328	0.00905	0.00558	0.00593	0.00162	0.06369	0.00468	0.00324	0.00763
5	0.00971	0.00485	0.00485	0.00485	0.00607	0.00485	0.00364	0.01213	0.01092	0.01942	0.01699	0.01942	0.01335	0.00607	0.00364	0.00121	0.00243	0.00485	0.84589	0.00485
6	0.00971	0.00485	0.00485	0.00485	0.00607	0.00485	0.00364	0.01213	0.01092	0.01942	0.01699	0.01942	0.01335	0.00607	0.00364	0.00121	0.00243	0.00485	0.84589	0.00485
7	0.00907	0.00453	0.00672	0.00672	0.00676	0.00453	0.00449	0.00697	0.00693	0.00940	0.00932	0.01595	0.00919	0.01768	0.01978	0.81925	0.00445	0.00453	0.03137	0.00235
8	0.00728	0.00532	0.00684	0.00646	0.00773	0.00488	0.00485	0.00966	0.01454	0.02040	0.73003	0.03970	0.10116	0.01083	0.00614	0.00165	0.00247	0.00953	0.00567	0.00488
9	0.01374	0.77893	0.06690	0.00922	0.01384	0.02016	0.00945	0.01564	0.01060	0.01247	0.00735	0.00849	0.00668	0.00448	0.00342	0.00114	0.00568	0.00284	0.00223	0.00674
10	0.01179	0.01004	0.01074	0.00973	0.01237	0.01135	0.00754	0.02405	0.62659	0.02121	0.12673	0.02389	0.06547	0.00791	0.00546	0.00175	0.00381	0.00667	0.00533	0.00756
11	0.85377	0.01007	0.00765	0.00685	0.01007	0.01168	0.00564	0.01531	0.00886	0.02336	0.00725	0.00846	0.00564	0.00483	0.00322	0.00161	0.00403	0.00282	0.00322	0.00564
12	0.23545	0.03717	0.05781	0.01084	0.01475	0.12762	0.00924	0.37403	0.01753	0.05327	0.01046	0.01099	0.00767	0.00564	0.00456	0.00154	0.00588	0.00393	0.00412	0.00749
13	0.01581	0.01215	0.07342	0.07056	0.05562	0.01179	0.02403	0.25538	0.05274	0.17385	0.12452	0.01762	0.01529	0.00688	0.00623	0.00167	0.06461	0.00548	0.00469	0.00764
14	0.00661	0.00485	0.00628	0.00711	0.00776	0.00441	0.00485	0.00772	0.01046	0.01405	0.08297	0.67813	0.07682	0.01516	0.00646	0.00200	0.00300	0.01367	0.00482	0.04289
15	0.00707	0.00486	0.00580	0.00625	0.00642	0.00472	0.00380	0.00745	0.00861	0.01142	0.02220	0.32363	0.05050	0.49294	0.01845	0.00385	0.00422	0.01037	0.00383	0.00360
16	0.00760	0.00530	0.00637	0.00648	0.00677	0.00547	0.00407	0.00858	0.03840	0.01128	0.01786	0.13432	0.01999	0.56449	0.13666	0.00502	0.00606	0.00817	0.00341	0.00372
17	0.05863	0.42872	0.10621	0.01079	0.01498	0.19504	0.01023	0.05565	0.03279	0.01473	0.00829	0.00947	0.00699	0.00500	0.00427	0.00132	0.02430	0.00325	0.00262	0.00673
18	0.02223	0.01052	0.13759	0.00878	0.01171	0.00802	0.00809	0.11404	0.03844	0.05212	0.42048	0.02986	0.09913	0.00898	0.00572	0.00164	0.00393	0.00763	0.00498	0.00613
19	0.04187	0.02701	0.01274	0.00970	0.01349	0.01034	0.00794	0.24609	0.02877	0.38136	0.04575	0.05679	0.01346	0.00677	0.00513	0.00155	0.00464	0.00544	0.00550	0.07566
20	0.04517	0.32859	0.46831	0.01227	0.01855	0.01532	0.01476	0.01610	0.01075	0.01515	0.00846	0.00989	0.00659	0.00476	0.00427	0.00144	0.00674	0.00340	0.00225	0.00723
21	0.00653	0.00465	0.00616	0.00722	0.00759	0.00437	0.00488	0.00752	0.01016	0.01359	0.06584	0.70743	0.03422	0.05702	0.00766	0.00225	0.00316	0.04072	0.00479	0.00423
22	0.00853	0.00749	0.01139	0.07194	0.08366	0.02275	0.07773	0.01011	0.01012	0.01360	0.02057	0.45716	0.02337	0.08191	0.00888	0.00225	0.06905	0.01062	0.00384	0.00504
23	0.01238	0.01192	0.09030	0.01331	0.10871	0.03813	0.03964	0.17386	0.04849	0.04316	0.07359	0.20191	0.03726	0.00888	0.00617	0.00174	0.04194	0.01819	0.00419	0.02623
24	0.00905	0.00452	0.00678	0.00678	0.00678	0.00452	0.00452	0.00678	0.00678	0.00905	0.00905	0.01583	0.00905	0.01809	0.02035	0.84848	0.00452	0.00452	0.00226	0.00226
25	0.00639	0.00462	0.00604	0.00710	0.00753	0.00427	0.00479	0.00740	0.01033	0.01373	0.06876	0.72804	0.08009	0.01584	0.00659	0.00207	0.00297	0.01430	0.00488	0.00427
26	0.02803	0.13303	0.17813	0.11021	0.05315	0.01322	0.20319	0.04196	0.01191	0.10251	0.01097	0.03009	0.00843	0.00542	0.00572	0.00164	0.04743	0.00484	0.00300	0.00713
27	0.14667	0.05475	0.01307	0.03360	0.02882	0.14279	0.00848	0.22698	0.09960	0.02100	0.01354	0.01652	0.03799	0.07722	0.00708	0.00190	0.03284	0.02653	0.00390	0.00672
28	0.01358	0.00996	0.01210	0.00962	0.01312	0.00951	0.03466	0.18611	0.07156	0.09924	0.01548	0.15462	0.01383	0.00725	0.00528	0.00142	0.02216	0.00610	0.00435	0.31006

[dist]
# distance from previous block
# <min> <max>
5	10

[block]
# block no. 3 follows, 47 sequences, length 46
# corresponding to MSA columns:
# 267-312
name=unknown_D
#
# <colnr> <probs for GDERKNQSTAVLIFYWHMCP>
#	G	D	E	R	K	N	Q	S	T	A	V	L	I	F	Y	W	H	M	C	P
0	0.01021	0.04582	0.05126	0.00894	0.03638	0.00862	0.00668	0.04119	0.19305	0.04244	0.07311	0.11358	0.07073	0.26119	0.01206	0.00276	0.00447	0.00762	0.00421	0.00567
1	0.05811	0.05794	0.15775	0.01693	0.05614	0.01229	0.36426	0.04153	0.01173	0.01687	0.01115	0.06174	0.00947	0.03150	0.00634	0.00176	0.02407	0.00563	0.00282	0.05196
2	0.11787	0.01405	0.11087	0.01709	0.05983	0.01251	0.35842	0.03646	0.01160	0.05293	0.01040	0.01367	0.00813	0.00538	0.00663	0.00173	0.09340	0.02218	0.00293	0.04392
3	0.01026	0.00866	0.01021	0.00761	0.01171	0.00661	0.00600	0.01246	0.01094	0.01688	0.05213	0.07720	0.01209	0.00523	0.00420	0.00093	0.00371	0.00437	0.00337	0.73542
4	0.01109	0.06092	0.67065	0.01459	0.02174	0.04838	0.04641	0.01657	0.01119	0.01615	0.00924	0.01092	0.00669	0.00489	0.00488	0.00159	0.00762	0.00385	0.00226	0.03036
5	0.00646	0.00471	0.00609	0.00698	0.00754	0.00434	0.00476	0.00761	0.01078	0.01438	0.13114	0.64014	0.10531	0.01527	0.00653	0.00202	0.00291	0.01374	0.00495	0.00434
6	0.00756	0.00511	0.00598	0.00598	0.00609	0.00521	0.00354	0.00777	0.00766	0.01032	0.01613	0.03254	0.01826	0.72894	0.11363	0.00542	0.00606	0.00735	0.00311	0.00332
7	0.01265	0.53051	0.30577	0.01108	0.01672	0.01750	0.01268	0.01592	0.01073	0.01380	0.00801	0.00932	0.00665	0.00464	0.00393	0.00131	0.00635	0.00317	0.00222	0.00705
8	0.00753	0.00503	0.00569	0.00573	0.00574	0.00502	0.00321	0.00756	0.00765	0.01020	0.01682	0.06021	0.01945	0.79015	0.02584	0.00495	0.00498	0.00782	0.00321	0.00319
9	0.01392	0.82012	0.02729	0.00891	0.01337	0.02061	0.00891	0.01559	0.01058	0.01225	0.00724	0.00835	0.00668	0.00446	0.00334	0.00111	0.00557	0.00278	0.00223	0.00668
10	0.01139	0.01139	0.01595	0.01367	0.01367	0.01595	0.01139	0.01253	0.00798	0.01253	0.00684	0.01139	0.00684	0.00911	0.01709	0.00228	0.80745	0.00456	0.00228	0.00570
11	0.00696	0.00530	0.00641	0.00623	0.00760	0.00475	0.00468	0.00898	0.01355	0.01821	0.49352	0.07018	0.29202	0.01179	0.00619	0.00171	0.00260	0.02923	0.00538	0.00471
12	0.00935	0.00838	0.01203	0.01093	0.01141	0.01106	0.00887	0.01086	0.00818	0.01230	0.01052	0.01609	0.01004	0.02461	0.42043	0.00543	0.39674	0.00509	0.00254	0.00515
13	0.00992	0.00741	0.00855	0.00704	0.00933	0.00648	0.00498	0.05181	0.01014	0.03310	0.01387	0.05964	0.01425	0.37300	0.01436	0.00284	0.00447	0.00581	0.00340	0.35960
14	0.23057	0.34202	0.06877	0.09008	0.01644	0.01522	0.07798	0.01546	0.01051	0.03658	0.03418	0.01095	0.00813	0.00500	0.00424	0.00145	0.01959	0.00367	0.00276	0.00640
15	0.01975	0.01426	0.01538	0.01183	0.01596	0.01571	0.00976	0.71622	0.04485	0.06354	0.01307	0.01291	0.00922	0.00628	0.00521	0.00157	0.00563	0.00474	0.00526	0.00884
16	0.01699	0.01759	0.08272	0.04955	0.04882	0.26290	0.02199	0.25792	0.06093	0.05596	0.01211	0.03610	0.00963	0.00629	0.00533	0.00157	0.02059	0.02181	0.00385	0.00735
17	0.05581	0.02622	0.00890	0.00773	0.02137	0.00761	0.00592	0.09398	0.05873	0.09961	0.21478	0.03286	0.27320	0.03540	0.03317	0.00199	0.00386	0.00801	0.00499	0.00585
18	0.38436	0.01088	0.02715	0.03237	0.03972	0.01177	0.01876	0.12053	0.14973	0.06427	0.01339	0.01502	0.02990	0.04320	0.00539	0.00181	0.00463	0.01637	0.00403	0.00672
19	0.06406	0.04069	0.01421	0.01088	0.01463	0.06638	0.00889	0.44260	0.04567	0.17360	0.01445	0.05600	0.01085	0.00666	0.00509	0.00158	0.00543	0.00512	0.00505	0.00815
20	0.01060	0.00904	0.01117	0.05061	0.03511	0.00783	0.00700	0.02892	0.01056	0.01606	0.01006	0.01357	0.00889	0.07703	0.04308	0.00166	0.04725	0.00383	0.00303	0.60470
21	0.00807	0.00621	0.00748	0.00705	0.00858	0.00609	0.00532	0.01226	0.13333	0.01998	0.55228	0.05936	0.13287	0.01056	0.00603	0.00169	0.00276	0.00921	0.00553	0.00535
22	0.02166	0.00879	0.01174	0.00918	0.01295	0.00782	0.00752	0.02453	0.06445	0.68873	0.06962	0.01920	0.01542	0.00676	0.00530	0.00162	0.00428	0.00555	0.00632	0.00857
23	0.00636	0.00528	0.00556	0.00549	0.00716	0.00448	0.00412	0.00787	0.01235	0.01522	0.17586	0.04822	0.65856	0.01276	0.00615	0.00174	0.00261	0.01073	0.00499	0.00448
24	0.00650	0.00460	0.00600	0.00705	0.00731	0.00434	0.00462	0.00729	0.00966	0.01288	0.02711	0.71243	0.03243	0.12021	0.00922	0.00250	0.00328	0.01387	0.00462	0.00409
25	0.00744	0.00558	0.00837	0.00837	0.00930	0.00651	0.00651	0.00930	0.00837	0.01209	0.01395	0.02046	0.01302	0.03906	0.79635	0.00837	0.01395	0.00558	0.00279	0.00465
26	0.85377	0.01007	0.00765	0.00685	0.01007	0.01168	0.00564	0.01531	0.00886	0.02336	0.00725	0.00846	0.00564	0.00483	0.00322	0.00161	0.00403	0.00282	0.00322	0.00564
27	0.02336	0.00886	0.01209	0.00927	0.01329	0.00765	0.00765	0.02538	0.01491	0.78810	0.02055	0.01773	0.01289	0.00645	0.00524	0.00161	0.00443	0.00524	0.00645	0.00886
28	0.00665	0.00477	0.00624	0.00695	0.00751	0.00444	0.00476	0.00792	0.01111	0.01508	0.21848	0.56329	0.05709	0.05085	0.00740	0.00212	0.00296	0.01302	0.00498	0.00436
29	0.85377	0.01007	0.00765	0.00685	0.01007	0.01168	0.00564	0.01531	0.00886	0.02336	0.00725	0.00846	0.00564	0.00483	0.00322	0.00161	0.00403	0.00282	0.00322	0.00564
30	0.01325	0.01125	0.01192	0.01066	0.01363	0.01295	0.00835	0.07319	0.70655	0.02229	0.02084	0.02012	0.01586	0.00722	0.00535	0.00177	0.00424	0.02709	0.00528	0.00818
31	0.07853	0.19106	0.10934	0.01412	0.13469	0.11647	0.03128	0.05571	0.01197	0.01635	0.03840	0.01211	0.00908	0.00726	0.05299	0.00183	0.03788	0.00399	0.00282	0.07411
32	0.00971	0.00485	0.00485	0.00485	0.00607	0.00485	0.00364	0.01213	0.01092	0.01942	0.01699	0.01942	0.01335	0.00607	0.00364	0.00121	0.00243	0.00485	0.84589	0.00485
33	0.00757	0.00505	0.00568	0.00568	0.00568	0.00505	0.00316	0.00757	0.00757	0.01010	0.01641	0.03408	0.01893	0.81698	0.02651	0.00505	0.00505	0.00757	0.00316	0.00316
34	0.04020	0.01263	0.09054	0.27329	0.38184	0.01195	0.05695	0.01552	0.01135	0.04222	0.00990	0.01311	0.00773	0.00490	0.00515	0.00163	0.00658	0.00461	0.00262	0.00728
35	0.01134	0.10056	0.44117	0.07958	0.08662	0.01312	0.12030	0.01673	0.05201	0.01617	0.00996	0.01200	0.00745	0.00493	0.00501	0.00162	0.00726	0.00430	0.00247	0.00743
36	0.00806	0.00551	0.00634	0.00636	0.00667	0.00554	0.00392	0.04822	0.00896	0.01195	0.01838	0.15218	0.02106	0.62966	0.02181	0.00434	0.00477	0.02903	0.00357	0.00367
37	0.01139	0.01139	0.01595	0.01367	0.01367	0.01595	0.01139	0.01253	0.00798	0.01253	0.00684	0.01139	0.00684	0.00911	0.01709	0.00228	0.80745	0.00456	0.00228	0.00570
38	0.05667	0.02427	0.01038	0.09141	0.02651	0.03004	0.00740	0.11277	0.03950	0.03977	0.31901	0.10567	0.06602	0.00922	0.00608	0.00170	0.03529	0.00776	0.00470	0.00584
39	0.01230	0.00982	0.01207	0.02297	0.01306	0.02916	0.05954	0.09381	0.23771	0.07816	0.10294	0.09251	0.09904	0.03696	0.00736	0.00190	0.07201	0.00729	0.00471	0.00667
40	0.00634	0.00453	0.00604	0.00725	0.00755	0.00423	0.00483	0.00725	0.00997	0.01329	0.02870	0.81358	0.03444	0.01632	0.00665	0.00211	0.00302	0.01480	0.00483	0.00423
41	0.01600	0.00847	0.01059	0.00870	0.01160	0.00817	0.00696	0.11990	0.07460	0.33533	0.30897	0.02520	0.02636	0.00806	0.00558	0.00163	0.00383	0.00680	0.00592	0.00731
42	0.06732	0.10389	0.40884	0.01594	0.09859	0.06093	0.09316	0.06211	0.01208	0.01734	0.00927	0.01106	0.00699	0.00490	0.00482	0.00157	0.00718	0.00401	0.00256	0.00741
43	0.02301	0.00943	0.01244	0.00954	0.01358	0.00850	0.00788	0.09911	0.01586	0.71303	0.01975	0.01721	0.01249	0.00643	0.00523	0.00161	0.00456	0.00518	0.00632	0.00886
44	0.02191	0.01119	0.01353	0.01037	0.01445	0.01111	0.00857	0.32682	0.01880	0.48117	0.01728	0.01560	0.01125	0.00637	0.00523	0.00159	0.00496	0.00501	0.00594	0.00886
45	0.01237	0.01181	0.01990	0.12790	0.65657	0.01212	0.01536	0.01574	0.02941	0.01660	0.01088	0.01393	0.02422	0.00494	0.00519	0.00158	0.00616	0.00480	0.00265	0.00786

[dist]
# distance from previous block
# <min> <max>
0	1

[block]
# block no. 4 follows, 47 sequences, length 19
# corresponding to MSA columns:
# 314-332
name=unknown_E
#
# <colnr> <probs for GDERKNQSTAVLIFYWHMCP>
#	G	D	E	R	K	N	Q	S	T	A	V	L	I	F	Y	W	H	M	C	P
0	0.01131	0.01773	0.31623	0.04438	0.19302	0.01214	0.19678	0.01571	0.01141	0.01630	0.01095	0.01579	0.00903	0.00565	0.00605	0.00174	0.04623	0.05969	0.00259	0.00729
1	0.76065	0.07171	0.00939	0.00724	0.01053	0.04033	0.00604	0.01553	0.00920	0.02215	0.00728	0.00848	0.00576	0.00482	0.00328	0.00156	0.00434	0.00284	0.00313	0.00573
2	0.01171	0.01139	0.03205	0.09210	0.53588	0.01161	0.03470	0.01447	0.01111	0.01575	0.01130	0.07430	0.01049	0.04534	0.00718	0.00184	0.06322	0.00557	0.00273	0.00727
3	0.00776	0.00543	0.00687	0.00647	0.00787	0.00492	0.00487	0.00999	0.01418	0.04880	0.62011	0.05979	0.16133	0.01103	0.00612	0.00167	0.00257	0.00964	0.00560	0.00497
4	0.01195	0.01151	0.01765	0.21567	0.44447	0.04981	0.01395	0.01564	0.05779	0.01582	0.01158	0.01528	0.02237	0.00733	0.05214	0.00202	0.00678	0.01828	0.00278	0.00720
5	0.00744	0.00558	0.00837	0.00837	0.00930	0.00651	0.00651	0.00930	0.00837	0.01209	0.01395	0.02046	0.01302	0.03906	0.79635	0.00837	0.01395	0.00558	0.00279	0.00465
6	0.00950	0.00583	0.00743	0.00673	0.00846	0.00523	0.00515	0.01170	0.01429	0.13150	0.54914	0.03769	0.16630	0.01046	0.00601	0.00165	0.00277	0.00907	0.00569	0.00540
7	0.00924	0.00561	0.00749	0.00719	0.00854	0.00520	0.00535	0.01121	0.01319	0.12024	0.44590	0.23135	0.03853	0.01315	0.05147	0.00214	0.00352	0.01001	0.00543	0.00525
8	0.00983	0.00926	0.01562	0.80447	0.03587	0.01157	0.01446	0.01331	0.01041	0.01331	0.00926	0.01388	0.00694	0.00521	0.00521	0.00174	0.00694	0.00463	0.00231	0.00579
9	0.01124	0.00980	0.01228	0.00886	0.01339	0.00790	0.05073	0.04198	0.01133	0.01744	0.00939	0.01107	0.00774	0.00412	0.00440	0.00090	0.02568	0.00336	0.00312	0.74527
10	0.00739	0.00530	0.00686	0.00649	0.00762	0.00492	0.00478	0.00966	0.01420	0.02007	0.72401	0.03854	0.04686	0.07148	0.00768	0.00190	0.00265	0.00928	0.00554	0.00478
11	0.00634	0.00456	0.00601	0.00717	0.00753	0.00424	0.00480	0.00726	0.01004	0.01332	0.02964	0.78383	0.06359	0.01619	0.00663	0.00210	0.00301	0.01466	0.00483	0.00424
12	0.01126	0.00940	0.01090	0.00804	0.01236	0.00753	0.00640	0.07493	0.01188	0.01805	0.01073	0.06075	0.00947	0.00483	0.00414	0.00092	0.00396	0.00394	0.00337	0.72715
13	0.03927	0.07374	0.01497	0.01083	0.01455	0.01450	0.00893	0.55380	0.02048	0.05958	0.01331	0.05735	0.01063	0.03509	0.03028	0.00188	0.00566	0.00517	0.00478	0.02522
14	0.77703	0.01087	0.00822	0.00731	0.01053	0.05652	0.00596	0.01597	0.00941	0.04937	0.00776	0.00884	0.00595	0.00492	0.00338	0.00160	0.00435	0.00293	0.00330	0.00577
15	0.00971	0.00485	0.00485	0.00485	0.00607	0.00485	0.00364	0.01213	0.01092	0.01942	0.01699	0.01942	0.01335	0.00607	0.00364	0.00121	0.00243	0.00485	0.84589	0.00485
16	0.05717	0.04635	0.50617	0.01509	0.02164	0.01213	0.16143	0.01726	0.01148	0.08786	0.01043	0.01199	0.00738	0.00496	0.00506	0.00165	0.00734	0.00433	0.00273	0.00753
17	0.09741	0.01268	0.10728	0.01139	0.05189	0.01111	0.00967	0.20435	0.07620	0.28095	0.07163	0.01620	0.01313	0.00633	0.00507	0.00162	0.00503	0.00503	0.00499	0.00804
18	0.01382	0.05261	0.06812	0.01893	0.31296	0.06471	0.01195	0.11702	0.11238	0.04839	0.05065	0.01689	0.06129	0.00621	0.00538	0.00158	0.02054	0.00524	0.00368	0.00764

[dist]
# distance from previous block
# <min> <max>
0	1

[block]
# block no. 5 follows, 47 sequences, length 48
# corresponding to MSA columns:
# 334-381
name=unknown_F
#
# <colnr> <probs for GDERKNQSTAVLIFYWHMCP>
#	G	D	E	R	K	N	Q	S	T	A	V	L	I	F	Y	W	H	M	C	P
0	0.01431	0.01052	0.01102	0.00928	0.01203	0.05133	0.00730	0.25562	0.14208	0.09047	0.15051	0.02357	0.09133	0.05045	0.00648	0.00178	0.00446	0.00643	0.05405	0.00698
1	0.26030	0.03920	0.12672	0.07543	0.01664	0.05350	0.01025	0.26176	0.07060	0.02363	0.01049	0.01144	0.00777	0.00552	0.00452	0.00159	0.00568	0.00398	0.00374	0.00724
2	0.01176	0.00931	0.01157	0.03299	0.01249	0.03474	0.03067	0.11064	0.01217	0.06170	0.07894	0.04680	0.01471	0.11943	0.11307	0.00289	0.11213	0.00565	0.00366	0.17467
3	0.00971	0.00485	0.00485	0.00485	0.00607	0.00485	0.00364	0.01213	0.01092	0.01942	0.01699	0.01942	0.01335	0.00607	0.00364	0.00121	0.00243	0.00485	0.84589	0.00485
4	0.59803	0.01067	0.00949	0.00806	0.01148	0.01201	0.00661	0.12307	0.06490	0.09807	0.01024	0.01068	0.00750	0.00534	0.00384	0.00162	0.00431	0.00353	0.00396	0.00658
5	0.01949	0.01080	0.01498	0.06740	0.06128	0.01067	0.06735	0.20970	0.01649	0.41194	0.02947	0.01625	0.01155	0.02115	0.00570	0.00168	0.00535	0.00521	0.00526	0.00830
6	0.00871	0.00607	0.00728	0.00681	0.00845	0.00563	0.00514	0.06241	0.01407	0.06356	0.39290	0.12859	0.24771	0.01146	0.00609	0.00172	0.00292	0.00991	0.00538	0.00519
7	0.85377	0.01007	0.00765	0.00685	0.01007	0.01168	0.00564	0.01531	0.00886	0.02336	0.00725	0.00846	0.00564	0.00483	0.00322	0.00161	0.00403	0.00282	0.00322	0.00564
8	0.01813	0.01005	0.01229	0.01004	0.01330	0.01042	0.00812	0.10802	0.22057	0.38492	0.07537	0.01872	0.01551	0.00709	0.00614	0.00170	0.06016	0.00561	0.00565	0.00818
9	0.21386	0.01080	0.03767	0.19974	0.11258	0.02674	0.01006	0.12904	0.01311	0.03448	0.10788	0.04288	0.02763	0.00643	0.00489	0.00164	0.00522	0.00523	0.00365	0.00646
10	0.08661	0.54761	0.15958	0.01002	0.01492	0.01798	0.01053	0.07354	0.01157	0.01555	0.00802	0.00915	0.00674	0.00471	0.00376	0.00129	0.00582	0.00312	0.00254	0.00694
11	0.01752	0.01191	0.01292	0.01015	0.01401	0.06175	0.00820	0.27205	0.07540	0.21546	0.01452	0.02825	0.01061	0.00706	0.03148	0.00164	0.00534	0.00469	0.00481	0.19223
12	0.00697	0.00510	0.00661	0.00685	0.00780	0.00465	0.00488	0.00868	0.01232	0.01703	0.38356	0.38903	0.07192	0.01308	0.00629	0.00183	0.00277	0.01170	0.00520	0.03372
13	0.01755	0.01998	0.01388	0.01243	0.01511	0.52906	0.00950	0.08170	0.12337	0.03081	0.01096	0.01213	0.00880	0.00837	0.06598	0.00198	0.02447	0.00406	0.00334	0.00652
14	0.00639	0.00455	0.00603	0.00720	0.00749	0.00426	0.00478	0.00726	0.00989	0.01319	0.02829	0.78732	0.03392	0.04329	0.00732	0.00221	0.00309	0.01456	0.00478	0.00419
15	0.60254	0.01047	0.00947	0.00794	0.01143	0.01160	0.00655	0.11749	0.01197	0.15334	0.01019	0.01056	0.00729	0.00529	0.00383	0.00160	0.00432	0.00348	0.00403	0.00661
16	0.85377	0.01007	0.00765	0.00685	0.01007	0.01168	0.00564	0.01531	0.00886	0.02336	0.00725	0.00846	0.00564	0.00483	0.00322	0.00161	0.00403	0.00282	0.00322	0.00564
17	0.00744	0.00558	0.00837	0.00837	0.00930	0.00651	0.00651	0.00930	0.00837	0.01209	0.01395	0.02046	0.01302	0.03906	0.79635	0.00837	0.01395	0.00558	0.00279	0.00465
18	0.85377	0.01007	0.00765	0.00685	0.01007	0.01168	0.00564	0.01531	0.00886	0.02336	0.00725	0.00846	0.00564	0.00483	0.00322	0.00161	0.00403	0.00282	0.00322	0.00564
19	0.00729	0.00532	0.00684	0.00646	0.00773	0.00488	0.00485	0.00966	0.01454	0.02041	0.73108	0.03968	0.10010	0.01082	0.00614	0.00165	0.00247	0.00953	0.00567	0.00488
20	0.01045	0.02694	0.79000	0.01484	0.02254	0.01209	0.01924	0.01649	0.01099	0.01649	0.00935	0.01099	0.00660	0.00495	0.00495	0.00165	0.00770	0.00385	0.00220	0.00770
21	0.00634	0.00453	0.00604	0.00725	0.00755	0.00423	0.00483	0.00725	0.00997	0.01329	0.02870	0.81358	0.03444	0.01632	0.00665	0.00211	0.00302	0.01480	0.00483	0.00423
22	0.02288	0.00876	0.01193	0.00918	0.01313	0.00757	0.00757	0.02491	0.01490	0.76488	0.04359	0.01837	0.01399	0.00657	0.00526	0.00161	0.00437	0.00536	0.00642	0.00874
23	0.00641	0.00456	0.00602	0.00717	0.00745	0.00427	0.00475	0.00727	0.00984	0.01313	0.02806	0.77254	0.03363	0.05848	0.00769	0.00227	0.00313	0.01442	0.00475	0.00417
24	0.01289	0.01237	0.02114	0.03196	0.78450	0.01237	0.01598	0.01598	0.01186	0.01701	0.00980	0.01289	0.00825	0.00464	0.00516	0.00155	0.00619	0.00464	0.00258	0.00825
25	0.01945	0.02482	0.01476	0.01342	0.01610	0.79608	0.01006	0.02079	0.01476	0.01275	0.00805	0.00939	0.00671	0.00537	0.00470	0.00134	0.00939	0.00335	0.00268	0.00604
26	0.00839	0.00599	0.00839	0.00959	0.01079	0.00599	0.00839	0.01079	0.01199	0.01558	0.02757	0.05874	0.02997	0.01439	0.00719	0.00240	0.00480	0.74945	0.00480	0.00480
27	0.01045	0.02694	0.79000	0.01484	0.02254	0.01209	0.01924	0.01649	0.01099	0.01649	0.00935	0.01099	0.00660	0.00495	0.00495	0.00165	0.00770	0.00385	0.00220	0.00770
28	0.00744	0.00558	0.00837	0.00837	0.00930	0.00651	0.00651	0.00930	0.00837	0.01209	0.01395	0.02046	0.01302	0.03906	0.79635	0.00837	0.01395	0.00558	0.00279	0.00465
29	0.01289	0.01237	0.02114	0.03196	0.78450	0.01237	0.01598	0.01598	0.01186	0.01701	0.00980	0.01289	0.00825	0.00464	0.00516	0.00155	0.00619	0.00464	0.00258	0.00825
30	0.02336	0.00886	0.01209	0.00927	0.01329	0.00765	0.00765	0.02538	0.01491	0.78810	0.02055	0.01773	0.01289	0.00645	0.00524	0.00161	0.00443	0.00524	0.00645	0.00886
31	0.00778	0.00580	0.00754	0.00842	0.00977	0.00556	0.00718	0.00989	0.01196	0.01517	0.03443	0.05639	0.23482	0.01406	0.00691	0.00222	0.00421	0.54839	0.00481	0.00469
32	0.01392	0.82012	0.02729	0.00891	0.01337	0.02061	0.00891	0.01559	0.01058	0.01225	0.00724	0.00835	0.00668	0.00446	0.00334	0.00111	0.00557	0.00278	0.00223	0.00668
33	0.01392	0.82012	0.02729	0.00891	0.01337	0.02061	0.00891	0.01559	0.01058	0.01225	0.00724	0.00835	0.00668	0.00446	0.00334	0.00111	0.00557	0.00278	0.00223	0.00668
34	0.01856	0.01397	0.01493	0.01173	0.01568	0.01557	0.00960	0.63395	0.15968	0.03083	0.01407	0.01375	0.01012	0.00640	0.00523	0.00160	0.00544	0.00490	0.00523	0.00875
35	0.01566	0.01304	0.18183	0.01071	0.01489	0.00978	0.01025	0.02203	0.21947	0.30957	0.04505	0.02132	0.02847	0.00719	0.00540	0.00173	0.00499	0.06570	0.00502	0.00790
