[name]
unknown

[dist]
# distance from previous block
# <min> <max>
0	57

[block]
# block no. 0 follows, 44 sequences, length 33
# corresponding to MSA columns:
# 102-134
name=unknown_A
#
# <colnr> <probs for GDERKNQSTAVLIFYWHMCP>
#	G	D	E	R	K	N	Q	S	T	A	V	L	I	F	Y	W	H	M	C	P
0	0.01308	0.03504	0.01176	0.05360	0.01353	0.00933	0.00744	0.16960	0.01442	0.07963	0.05724	0.13772	0.01694	0.08731	0.00751	0.00186	0.00467	0.02168	0.00437	0.25326
1	0.04589	0.01090	0.07257	0.09674	0.01499	0.04692	0.00865	0.08508	0.06168	0.05318	0.05847	0.12853	0.10442	0.07385	0.00761	0.00203	0.01694	0.02423	0.00421	0.08311
2	0.03126	0.01560	0.21937	0.07375	0.34399	0.02663	0.01505	0.01561	0.02910	0.01693	0.01335	0.10711	0.01237	0.02465	0.00604	0.00184	0.00645	0.03042	0.00302	0.00747
3	0.03849	0.01270	0.01954	0.16557	0.51718	0.04232	0.01506	0.03884	0.03193	0.01777	0.01037	0.01347	0.00845	0.00508	0.00528	0.00162	0.00651	0.00471	0.00285	0.04224
4	0.03595	0.01221	0.01612	0.11031	0.21825	0.02818	0.01166	0.18252	0.11900	0.16449	0.01573	0.01633	0.03197	0.00627	0.00543	0.00169	0.00573	0.00528	0.00451	0.00837
5	0.05235	0.01307	0.03662	0.09764	0.50917	0.02802	0.01462	0.07991	0.01321	0.01908	0.01023	0.01304	0.00832	0.00502	0.00518	0.00157	0.00630	0.00459	0.00298	0.07908
6	0.01212	0.00961	0.01123	0.00823	0.01273	0.00763	0.00658	0.05334	0.01247	0.05017	0.05233	0.01356	0.01090	0.00474	0.00430	0.00095	0.00404	0.00383	0.02710	0.69414
7	0.02922	0.00981	0.01283	0.18078	0.01861	0.00870	0.02600	0.02617	0.01150	0.03099	0.01037	0.02857	0.00855	0.00474	0.00450	0.00113	0.00489	0.00397	0.00318	0.57548
8	0.01825	0.01425	0.01697	0.05311	0.16339	0.02943	0.01159	0.47583	0.09277	0.04914	0.01340	0.01402	0.00984	0.00624	0.00544	0.00166	0.00602	0.00501	0.00478	0.00888
9	0.00664	0.00474	0.00633	0.00759	0.00791	0.00443	0.00506	0.00759	0.01044	0.01392	0.03005	0.80485	0.03606	0.01708	0.00696	0.00221	0.00316	0.01550	0.00506	0.00443
10	0.00781	0.00621	0.02456	0.00754	0.00898	0.00546	0.02480	0.01035	0.01477	0.02083	0.65880	0.11836	0.04777	0.01146	0.00646	0.00177	0.00292	0.01023	0.00574	0.00519
11	0.02029	0.01637	0.01603	0.01265	0.01675	0.10945	0.01029	0.62787	0.06490	0.03119	0.01303	0.01309	0.00940	0.00648	0.00539	0.00162	0.00637	0.00481	0.00514	0.00888
12	0.00712	0.00510	0.00666	0.00776	0.00821	0.00485	0.00524	0.03284	0.01095	0.01461	0.02948	0.77815	0.03515	0.01672	0.00691	0.00219	0.00326	0.01514	0.00507	0.00459
13	0.01064	0.00554	0.00559	0.00542	0.00683	0.00561	0.00410	0.04606	0.01207	0.02095	0.01757	0.02000	0.01376	0.00636	0.00388	0.00129	0.00270	0.00507	0.80129	0.00527
14	0.00695	0.00516	0.00651	0.00728	0.00803	0.00480	0.00504	0.00858	0.03125	0.01543	0.14227	0.56560	0.14196	0.01549	0.00677	0.00208	0.00305	0.01386	0.00521	0.00467
15	0.76431	0.01071	0.00954	0.00815	0.01168	0.01213	0.04702	0.01658	0.00976	0.05789	0.00840	0.00961	0.00637	0.00511	0.00364	0.00170	0.00451	0.00326	0.00349	0.00613
16	0.00785	0.00582	0.00720	0.00689	0.00817	0.00550	0.00506	0.01067	0.05266	0.01985	0.56155	0.07359	0.12167	0.07967	0.00823	0.00206	0.00294	0.00992	0.00561	0.00508
17	0.00685	0.00530	0.00625	0.00652	0.00774	0.00470	0.00470	0.00842	0.01263	0.01641	0.24160	0.28121	0.34993	0.01409	0.00660	0.00192	0.00283	0.01229	0.00532	0.00470
18	0.84691	0.01054	0.00801	0.00717	0.01054	0.01223	0.00590	0.01603	0.00928	0.02446	0.00759	0.00886	0.00590	0.00506	0.00337	0.00169	0.00422	0.00295	0.00337	0.00590
19	0.01333	0.01319	0.04474	0.23418	0.30080	0.01339	0.17011	0.10937	0.01374	0.01876	0.01061	0.01392	0.00822	0.00519	0.00563	0.00172	0.00725	0.00517	0.00297	0.00773
20	0.01229	0.01257	0.01631	0.01408	0.01429	0.06423	0.01164	0.01353	0.00881	0.01312	0.00752	0.01216	0.00740	0.01051	0.04672	0.00257	0.71913	0.00473	0.00243	0.00594
21	0.00690	0.00485	0.00625	0.00726	0.00751	0.00460	0.00471	0.00766	0.00993	0.01324	0.02745	0.64943	0.03278	0.17698	0.01116	0.00283	0.00359	0.01397	0.00471	0.00420
22	0.01107	0.05822	0.75136	0.01530	0.02323	0.01300	0.01973	0.01723	0.01149	0.01710	0.00970	0.01140	0.00691	0.00516	0.00512	0.00171	0.00797	0.00399	0.00230	0.00802
23	0.01414	0.71897	0.11751	0.01006	0.01513	0.02052	0.01061	0.01644	0.01113	0.01335	0.00784	0.00907	0.00699	0.00473	0.00370	0.00123	0.00609	0.00305	0.00233	0.00712
24	0.00668	0.00550	0.00592	0.00618	0.00779	0.00474	0.00468	0.00812	0.01220	0.01478	0.04983	0.14206	0.61713	0.01431	0.00660	0.00195	0.00302	0.07884	0.00506	0.00462
25	0.00653	0.00553	0.00564	0.00561	0.00742	0.00464	0.00421	0.00799	0.01263	0.01520	0.10273	0.05169	0.72439	0.01363	0.00644	0.00183	0.00275	0.01140	0.00512	0.00464
26	0.04394	0.09894	0.19067	0.03774	0.01701	0.02979	0.03476	0.05489	0.11168	0.07496	0.03431	0.03074	0.01099	0.00575	0.00487	0.00147	0.00568	0.00462	0.00367	0.20351
27	0.01355	0.59396	0.07318	0.00949	0.01358	0.01837	0.00944	0.01566	0.01097	0.01417	0.00911	0.01075	0.00797	0.00527	0.00465	0.00130	0.06032	0.00342	0.11811	0.00673
28	0.00659	0.00493	0.00613	0.00710	0.00778	0.00447	0.00484	0.00765	0.01091	0.01411	0.03608	0.62447	0.21254	0.01630	0.00683	0.00212	0.00307	0.01454	0.00506	0.00447
29	0.07423	0.09355	0.02765	0.01075	0.01503	0.03129	0.00907	0.31470	0.06981	0.19249	0.01414	0.01379	0.01004	0.00605	0.00497	0.00153	0.00536	0.00457	0.00495	0.09603
30	0.01140	0.17028	0.53255	0.01406	0.02073	0.01369	0.05707	0.01642	0.01171	0.01664	0.05579	0.03470	0.01047	0.00574	0.00506	0.00164	0.00724	0.00462	0.00263	0.00755
31	0.00673	0.00549	0.00568	0.00566	0.00721	0.00473	0.00408	0.00798	0.01195	0.01454	0.09098	0.04938	0.62288	0.12755	0.00950	0.00233	0.00311	0.01090	0.00486	0.00445
32	0.02286	0.01039	0.01318	0.01021	0.01433	0.00982	0.00840	0.15759	0.05436	0.58937	0.03758	0.01818	0.01378	0.00685	0.00550	0.00169	0.00482	0.00552	0.00644	0.00915

[dist]
# distance from previous block
# <min> <max>
0	1

[block]
# block no. 1 follows, 44 sequences, length 63
# corresponding to MSA columns:
# 136-140,144-177,181-201,208-210
name=unknown_B
#
# <colnr> <probs for GDERKNQSTAVLIFYWHMCP>
#	G	D	E	R	K	N	Q	S	T	A	V	L	I	F	Y	W	H	M	C	P
0	0.07092	0.03909	0.03638	0.01094	0.04301	0.21744	0.00829	0.06420	0.07677	0.08223	0.03747	0.05455	0.12129	0.06912	0.02304	0.00206	0.00610	0.00622	0.02443	0.00645
1	0.00764	0.00520	0.00600	0.00623	0.00635	0.00511	0.00365	0.00786	0.00855	0.01133	0.02090	0.17460	0.05064	0.63665	0.02322	0.00461	0.00481	0.00942	0.00368	0.00355
2	0.01130	0.00969	0.01130	0.00807	0.01292	0.00727	0.00646	0.01373	0.01130	0.01776	0.00969	0.01130	0.00807	0.00404	0.00404	0.00081	0.00404	0.00323	0.00323	0.84173
3	0.03847	0.01083	0.01284	0.00968	0.01408	0.00994	0.00791	0.19850	0.01633	0.28893	0.03126	0.01487	0.01116	0.00578	0.00492	0.00136	0.00470	0.00457	0.00507	0.30880
4	0.04028	0.44266	0.06401	0.01107	0.01453	0.05891	0.01033	0.01670	0.06644	0.01427	0.00893	0.01087	0.00789	0.00704	0.02850	0.00176	0.18261	0.00374	0.00265	0.00682
5	0.00717	0.00590	0.00639	0.00642	0.00820	0.00526	0.00497	0.00946	0.04753	0.01608	0.13166	0.05064	0.57505	0.01335	0.00652	0.00190	0.00306	0.09037	0.00519	0.00490
6	0.01342	0.01288	0.02199	0.05165	0.75681	0.01293	0.01669	0.01666	0.01238	0.01772	0.01024	0.01352	0.00860	0.00487	0.00540	0.00162	0.00650	0.00486	0.00269	0.00857
7	0.00817	0.00647	0.00958	0.03430	0.01185	0.00624	0.06352	0.01025	0.01190	0.01540	0.03132	0.26693	0.14457	0.01435	0.00705	0.00225	0.00453	0.34155	0.00479	0.00500
8	0.02033	0.00987	0.01238	0.00983	0.01356	0.00942	0.00799	0.12309	0.09781	0.48244	0.12001	0.02084	0.01822	0.00733	0.00559	0.00169	0.00450	0.00602	0.00628	0.02281
9	0.00698	0.00536	0.00646	0.00705	0.00820	0.00484	0.00524	0.00850	0.01205	0.01541	0.11748	0.32037	0.32856	0.01487	0.00678	0.00206	0.00321	0.11677	0.00515	0.00466
10	0.01651	0.00765	0.01024	0.00879	0.01155	0.00690	0.00704	0.01907	0.03655	0.41024	0.23125	0.09868	0.02773	0.00965	0.00606	0.00182	0.00396	0.07281	0.00620	0.00730
11	0.02386	0.01024	0.01325	0.01016	0.01440	0.00944	0.00839	0.14352	0.01721	0.65895	0.02016	0.01768	0.01282	0.00672	0.00548	0.00168	0.00486	0.00539	0.00654	0.00928
12	0.00652	0.00553	0.00563	0.00561	0.00741	0.00464	0.00420	0.00798	0.01261	0.01517	0.09964	0.05174	0.72749	0.01364	0.00644	0.00183	0.00275	0.01140	0.00512	0.00464
13	0.02436	0.00945	0.01276	0.00978	0.01400	0.00826	0.00808	0.04699	0.01588	0.75736	0.02127	0.01840	0.01338	0.00674	0.00548	0.00169	0.00468	0.00547	0.00671	0.00928
14	0.01048	0.00988	0.01669	0.75022	0.08115	0.01216	0.01523	0.01410	0.01099	0.01416	0.00972	0.01447	0.00735	0.00542	0.00545	0.00181	0.00722	0.00485	0.00244	0.00621
15	0.01030	0.00969	0.01635	0.79530	0.03755	0.01211	0.01514	0.01393	0.01090	0.01393	0.00969	0.01453	0.00727	0.00545	0.00545	0.00182	0.00727	0.00484	0.00242	0.00606
16	0.01043	0.00982	0.01659	0.76439	0.06745	0.01215	0.01521	0.01404	0.01096	0.01409	0.00971	0.01449	0.00732	0.00543	0.00545	0.00181	0.00724	0.00485	0.00243	0.00616
17	0.01224	0.01246	0.04659	0.29904	0.43591	0.01271	0.07048	0.01582	0.01189	0.01641	0.01010	0.01388	0.00807	0.00506	0.00548	0.00171	0.00701	0.00494	0.00259	0.00762
18	0.00664	0.00474	0.00633	0.00759	0.00791	0.00443	0.00506	0.00759	0.01044	0.01392	0.03005	0.80485	0.03606	0.01708	0.00696	0.00221	0.00316	0.01550	0.00506	0.00443
19	0.00664	0.00474	0.00633	0.00759	0.00791	0.00443	0.00506	0.00759	0.01044	0.01392	0.03005	0.80485	0.03606	0.01708	0.00696	0.00221	0.00316	0.01550	0.00506	0.00443
20	0.01887	0.17396	0.01801	0.01347	0.03994	0.53177	0.01036	0.05481	0.04611	0.03146	0.00940	0.01052	0.00771	0.00555	0.00472	0.00140	0.00844	0.00366	0.00304	0.00682
21	0.01458	0.81168	0.02857	0.00933	0.01399	0.02157	0.00933	0.01632	0.01108	0.01283	0.00758	0.00875	0.00700	0.00466	0.00350	0.00117	0.00583	0.00292	0.00233	0.00700
22	0.01467	0.52383	0.18807	0.01138	0.01649	0.13600	0.01184	0.01735	0.01184	0.01386	0.00818	0.00950	0.00698	0.00492	0.00408	0.00132	0.00692	0.00325	0.00240	0.00712
23	0.00809	0.00561	0.00730	0.00691	0.00815	0.00519	0.00511	0.01044	0.01482	0.03906	0.68139	0.07102	0.04815	0.05561	0.00761	0.00193	0.00280	0.00988	0.00583	0.00511
24	0.00668	0.00523	0.00608	0.00664	0.00779	0.00462	0.00476	0.00799	0.01175	0.01481	0.08019	0.36775	0.39725	0.01509	0.00670	0.00202	0.00301	0.04194	0.00511	0.00457
25	0.00750	0.00602	0.00678	0.00668	0.00836	0.00553	0.00509	0.01034	0.06986	0.01748	0.25886	0.07109	0.43647	0.01273	0.00646	0.00186	0.00298	0.05547	0.00537	0.00508
26	0.02149	0.01206	0.01414	0.01088	0.01505	0.01224	0.00896	0.38561	0.02034	0.35303	0.03726	0.01629	0.01230	0.00668	0.00542	0.00163	0.00519	0.00525	0.02377	0.03242
27	0.00664	0.00474	0.00633	0.00759	0.00791	0.00443	0.00506	0.00759	0.01044	0.01392	0.03005	0.80485	0.03606	0.01708	0.00696	0.00221	0.00316	0.01550	0.00506	0.00443
28	0.02277	0.00909	0.01224	0.00951	0.01345	0.00798	0.00780	0.04503	0.01586	0.68597	0.09249	0.02051	0.01698	0.00716	0.00557	0.00169	0.00448	0.00588	0.00664	0.00889
29	0.01360	0.60268	0.22906	0.01099	0.01655	0.01919	0.01221	0.01658	0.01119	0.01401	0.00817	0.00948	0.00697	0.00480	0.00395	0.00132	0.00642	0.00321	0.00232	0.00728
30	0.05897	0.03418	0.03940	0.01210	0.01596	0.09325	0.01011	0.47698	0.06463	0.04654	0.03003	0.01369	0.01025	0.00659	0.00585	0.00165	0.04474	0.00480	0.02193	0.00834
31	0.01998	0.01479	0.01587	0.01233	0.01651	0.01637	0.01012	0.70183	0.05624	0.03322	0.01401	0.03855	0.01043	0.00692	0.00551	0.00166	0.00584	0.00530	0.00545	0.00909
32	0.00947	0.00473	0.00710	0.00710	0.00710	0.00473	0.00473	0.00710	0.00710	0.00947	0.00947	0.01657	0.00947	0.01894	0.02131	0.84138	0.00473	0.00473	0.00237	0.00237
33	0.01170	0.10293	0.57884	0.01749	0.11662	0.01362	0.05064	0.01711	0.01164	0.01690	0.00968	0.01162	0.00719	0.00506	0.00510	0.00166	0.00769	0.00413	0.00237	0.00799
34	0.00702	0.00589	0.00608	0.00604	0.00780	0.00523	0.00447	0.00929	0.06169	0.01527	0.07286	0.08288	0.63575	0.04646	0.00729	0.00200	0.00298	0.01113	0.00505	0.00482
35	0.00664	0.00474	0.00633	0.00759	0.00791	0.00443	0.00506	0.00759	0.01044	0.01392	0.03005	0.80485	0.03606	0.01708	0.00696	0.00221	0.00316	0.01550	0.00506	0.00443
36	0.01458	0.81168	0.02857	0.00933	0.01399	0.02157	0.00933	0.01632	0.01108	0.01283	0.00758	0.00875	0.00700	0.00466	0.00350	0.00117	0.00583	0.00292	0.00233	0.00700
37	0.00688	0.00529	0.00630	0.00658	0.00777	0.00470	0.00473	0.00847	0.01266	0.01655	0.25630	0.29240	0.32357	0.01409	0.00661	0.00192	0.00284	0.01232	0.00534	0.00470
38	0.02072	0.01527	0.01636	0.01254	0.01691	0.01691	0.01036	0.75622	0.02563	0.03436	0.01309	0.01309	0.00927	0.00654	0.00545	0.00164	0.00600	0.00491	0.00545	0.00927
39	0.64649	0.09425	0.04235	0.00779	0.01145	0.01269	0.00687	0.01653	0.00999	0.06281	0.00885	0.00996	0.00680	0.00517	0.00359	0.00162	0.00450	0.00322	0.03883	0.00625
40	0.02072	0.01527	0.01636	0.01254	0.01691	0.01691	0.01036	0.75622	0.02563	0.03436	0.01309	0.01309	0.00927	0.00654	0.00545	0.00164	0.00600	0.00491	0.00545	0.00927
41	0.01411	0.56676	0.20977	0.01110	0.01652	0.04067	0.01203	0.04744	0.01191	0.01481	0.00837	0.00963	0.00707	0.00489	0.00403	0.00133	0.00649	0.00328	0.00247	0.00733
42	0.00762	0.00555	0.00716	0.00679	0.00809	0.00510	0.00508	0.01008	0.01515	0.02126	0.71238	0.05669	0.09576	0.01143	0.00644	0.00173	0.00260	0.01007	0.00592	0.00510
43	0.01834	0.01409	0.01502	0.01206	0.01600	0.01579	0.00979	0.51411	0.27163	0.03051	0.01612	0.01550	0.01173	0.00683	0.00548	0.00171	0.00544	0.00533	0.00548	0.00906
44	0.01527	0.71774	0.02700	0.00989	0.01433	0.11303	0.00947	0.01698	0.01160	0.01289	0.00768	0.00888	0.00700	0.00478	0.00367	0.00119	0.00631	0.00299	0.00239	0.00692
45	0.01104	0.00783	0.00881	0.00787	0.00942	0.00812	0.00565	0.16999	0.04487	0.03254	0.11741	0.05546	0.09439	0.33816	0.04587	0.00347	0.00504	0.00786	0.02081	0.00541
46	0.84691	0.01054	0.00801	0.00717	0.01054	0.01223	0.00590	0.01603	0.00928	0.02446	0.00759	0.00886	0.00590	0.00506	0.00337	0.00169	0.00422	0.00295	0.00337	0.00590
47	0.00663	0.00480	0.00627	0.00745	0.00787	0.00444	0.00500	0.00761	0.01057	0.01397	0.03177	0.75351	0.08628	0.01686	0.00692	0.00219	0.00314	0.01523	0.00506	0.00444
48	0.01776	0.00882	0.01117	0.02716	0.01290	0.00837	0.00752	0.11643	0.03352	0.39529	0.07612	0.11271	0.08597	0.00903	0.00581	0.00177	0.00434	0.02786	0.02973	0.00770
49	0.01294	0.01382	0.07834	0.02483	0.41404	0.01296	0.12608	0.01876	0.15011	0.01866	0.04267	0.01582	0.01157	0.00569	0.00596	0.00173	0.02903	0.00547	0.00332	0.00818
50	0.01005	0.00607	0.00796	0.00726	0.00894	0.00551	0.00552	0.01243	0.01510	0.13106	0.59967	0.07767	0.06961	0.01091	0.00632	0.00174	0.00291	0.00957	0.00603	0.00569
51	0.04818	0.00944	0.01183	0.00945	0.01306	0.00892	0.00768	0.10089	0.06495	0.48577	0.13673	0.02216	0.04085	0.00759	0.00559	0.00170	0.00438	0.00623	0.00625	0.00835
52	0.05200	0.02087	0.34164	0.05407	0.21918	0.10863	0.07425	0.01740	0.01213	0.01703	0.00967	0.01209	0.00745	0.00521	0.00553	0.00169	0.02651	0.00437	0.00256	0.00770
53	0.00963	0.00752	0.00904	0.05465	0.02988	0.00759	0.00708	0.01448	0.16939	0.04941	0.13936	0.04105	0.29880	0.01131	0.00631	0.00192	0.00386	0.12763	0.00515	0.00596
54	0.01043	0.00549	0.00558	0.00543	0.00674	0.00556	0.00404	0.04152	0.01177	0.02026	0.01756	0.02102	0.01416	0.05727	0.00539	0.00154	0.00285	0.00526	0.75301	0.00513
55	0.04050	0.03519	0.01880	0.10997	0.37422	0.05823	0.03459	0.11285	0.10584	0.01984	0.01280	0.01483	0.02678	0.00569	0.00534	0.00166	0.00634	0.00503	0.00344	0.00803
56	0.01635	0.03404	0.01444	0.01190	0.01441	0.24912	0.03060	0.23618	0.01605	0.01966	0.02594	0.01648	0.01102	0.13547	0.02380	0.00234	0.09362	0.00506	0.03688	0.00663
57	0.00661	0.00486	0.00621	0.00728	0.00783	0.00445	0.00492	0.00763	0.01074	0.01404	0.03382	0.69222	0.14625	0.01659	0.00688	0.00216	0.00310	0.01490	0.00506	0.00445
58	0.02935	0.01059	0.01865	0.44812	0.16268	0.01181	0.12788	0.01454	0.01121	0.01533	0.01022	0.01458	0.00800	0.00609	0.00649	0.05458	0.00704	0.00505	0.03136	0.00644
59	0.02446	0.00928	0.01265	0.00970	0.01392	0.00801	0.00801	0.02657	0.01560	0.77817	0.02151	0.01856	0.01350	0.00675	0.00548	0.00169	0.00464	0.00548	0.00675	0.00928
60	0.00888	0.00582	0.00750	0.00710	0.00860	0.00529	0.00537	0.01115	0.01462	0.08173	0.55045	0.10508	0.12314	0.01168	0.00643	0.00179	0.00288	0.03127	0.00585	0.00536
61	0.01458	0.81168	0.02857	0.00933	0.01399	0.02157	0.00933	0.01632	0.01108	0.01283	0.00758	0.00875	0.00700	0.00466	0.00350	0.00117	0.00583	0.00292	0.00233	0.00700
62	0.00668	0.00570	0.00576	0.00571	0.00758	0.00487	0.00429	0.00848	0.03356	0.01515	0.07371	0.05125	0.73151	0.01356	0.00642	0.00184	0.00280	0.01131	0.00510	0.00473

[dist]
# distance from previous block
# <min> <max>
0	4

[block]
# block no. 2 follows, 44 sequences, length 48
# corresponding to MSA columns:
# 215-262
name=unknown_C
#
# <colnr> <probs for GDERKNQSTAVLIFYWHMCP>
#	G	D	E	R	K	N	Q	S	T	A	V	L	I	F	Y	W	H	M	C	P
0	0.02072	0.01527	0.01636	0.01254	0.01691	0.01691	0.01036	0.75622	0.02563	0.03436	0.01309	0.01309	0.00927	0.00654	0.00545	0.00164	0.00600	0.00491	0.00545	0.00927
1	0.01054	0.01010	0.01676	0.63049	0.03333	0.03177	0.08041	0.01400	0.01118	0.01442	0.01136	0.06688	0.00945	0.00617	0.00558	0.00182	0.00710	0.00566	0.02693	0.00604
2	0.01016	0.00508	0.00508	0.00508	0.00635	0.00508	0.00381	0.01270	0.01143	0.02033	0.01778	0.02033	0.01397	0.00635	0.00381	0.00127	0.00254	0.00508	0.83867	0.00508
3	0.03805	0.13108	0.14180	0.04888	0.03805	0.18879	0.01186	0.20641	0.08058	0.02048	0.01118	0.01235	0.00864	0.00691	0.03038	0.00179	0.00733	0.00425	0.00356	0.00764
4	0.01349	0.01345	0.02002	0.14096	0.55827	0.08848	0.01553	0.01657	0.01250	0.01674	0.01084	0.01548	0.00932	0.00548	0.00546	0.00167	0.00685	0.03824	0.00278	0.00787
5	0.00655	0.00542	0.00574	0.00589	0.00749	0.00461	0.00433	0.00794	0.01233	0.01505	0.09484	0.15515	0.62769	0.01410	0.00651	0.00188	0.00281	0.01196	0.00512	0.00461
6	0.01409	0.01197	0.01262	0.01120	0.01438	0.01381	0.00876	0.08248	0.71017	0.02366	0.02152	0.01981	0.01610	0.00733	0.00554	0.00183	0.00444	0.00607	0.00554	0.00868
7	0.01853	0.01079	0.01280	0.02907	0.01436	0.02459	0.00828	0.21740	0.05261	0.31244	0.13267	0.01953	0.01748	0.00705	0.00545	0.00159	0.00476	0.00574	0.00567	0.09920
8	0.01760	0.00998	0.01120	0.00962	0.01258	0.07856	0.00770	0.06425	0.04258	0.36953	0.07460	0.07025	0.06732	0.04254	0.00682	0.00195	0.00491	0.09496	0.00566	0.00737
9	0.70818	0.01085	0.00911	0.00784	0.01137	0.01229	0.00646	0.08087	0.01121	0.08701	0.00921	0.01002	0.00682	0.00533	0.00373	0.00168	0.00441	0.00333	0.00383	0.00647
10	0.00759	0.00557	0.00711	0.00672	0.00806	0.00509	0.00504	0.01004	0.01512	0.02113	0.69833	0.04192	0.12508	0.01142	0.00643	0.00173	0.00259	0.01003	0.00591	0.00509
11	0.01970	0.01433	0.01547	0.01206	0.01611	0.01578	0.00986	0.66519	0.04833	0.05174	0.01439	0.04619	0.01096	0.02648	0.00606	0.00176	0.00578	0.00547	0.00542	0.00891
12	0.03679	0.06131	0.60541	0.01635	0.07078	0.01295	0.06059	0.01692	0.01147	0.01718	0.00987	0.01193	0.00729	0.00626	0.03052	0.00193	0.00801	0.00419	0.00241	0.00784
13	0.00673	0.00491	0.00629	0.00724	0.00780	0.00453	0.00490	0.00782	0.01097	0.01449	0.08624	0.63616	0.12592	0.03925	0.00746	0.00222	0.00313	0.01439	0.00508	0.00447
14	0.00726	0.00531	0.00673	0.00702	0.00798	0.00490	0.00504	0.00899	0.01281	0.01738	0.35516	0.29545	0.13453	0.06279	0.00797	0.00215	0.00307	0.04537	0.00536	0.00472
15	0.01285	0.03891	0.04276	0.05477	0.10427	0.04789	0.32185	0.06702	0.01299	0.01796	0.01245	0.05158	0.01035	0.00702	0.02669	0.01658	0.03163	0.00592	0.10962	0.00691
16	0.01298	0.01370	0.01674	0.01561	0.07439	0.12844	0.03334	0.01445	0.00997	0.01370	0.00915	0.06196	0.00911	0.00893	0.01398	0.00215	0.54727	0.00532	0.00265	0.00617
17	0.01016	0.00508	0.00508	0.00508	0.00635	0.00508	0.00381	0.01270	0.01143	0.02033	0.01778	0.02033	0.01397	0.00635	0.00381	0.00127	0.00254	0.00508	0.83867	0.00508
18	0.01116	0.03697	0.01722	0.27356	0.04501	0.01259	0.09418	0.01379	0.01050	0.01482	0.01059	0.06560	0.00952	0.00703	0.00878	0.00183	0.22348	0.00543	0.01828	0.11966
19	0.01953	0.01432	0.01542	0.01203	0.01605	0.01579	0.00985	0.68813	0.02427	0.03265	0.01434	0.06611	0.01117	0.00724	0.00551	0.00167	0.00573	0.00562	0.02573	0.00885
20	0.00663	0.00478	0.00629	0.00750	0.00788	0.00444	0.00502	0.00760	0.01053	0.01395	0.03120	0.77044	0.06972	0.01693	0.00693	0.00220	0.00314	0.01532	0.00506	0.00444
21	0.01149	0.02675	0.70875	0.01581	0.02359	0.01258	0.06538	0.01758	0.01173	0.04200	0.01024	0.01194	0.00720	0.00519	0.00527	0.00173	0.00802	0.00423	0.00247	0.00805
22	0.01051	0.00906	0.00941	0.00870	0.01125	0.00972	0.00670	0.01990	0.44179	0.01934	0.03637	0.03413	0.34086	0.01015	0.00593	0.00185	0.00365	0.00846	0.00534	0.00690
23	0.00670	0.00479	0.00639	0.00766	0.00800	0.00448	0.00516	0.00769	0.01049	0.01398	0.03002	0.78506	0.03593	0.01703	0.00697	0.00222	0.00321	0.03472	0.00506	0.00444
24	0.01030	0.00969	0.01635	0.79530	0.03755	0.01211	0.01514	0.01393	0.01090	0.01393	0.00969	0.01453	0.00727	0.00545	0.00545	0.00182	0.00727	0.00484	0.00242	0.00606
25	0.01000	0.00500	0.00557	0.00557	0.00653	0.00500	0.00403	0.01136	0.01039	0.01771	0.01579	0.01942	0.01289	0.00938	0.00802	0.20328	0.00307	0.00500	0.63757	0.00443
26	0.84691	0.01054	0.00801	0.00717	0.01054	0.01223	0.00590	0.01603	0.00928	0.02446	0.00759	0.00886	0.00590	0.00506	0.00337	0.00169	0.00422	0.00295	0.00337	0.00590
27	0.84691	0.01054	0.00801	0.00717	0.01054	0.01223	0.00590	0.01603	0.00928	0.02446	0.00759	0.00886	0.00590	0.00506	0.00337	0.00169	0.00422	0.00295	0.00337	0.00590
28	0.01149	0.00636	0.00650	0.00602	0.00768	0.00656	0.00463	0.10594	0.01321	0.02208	0.01720	0.01942	0.01338	0.00638	0.00402	0.00132	0.00297	0.00506	0.73419	0.00561
29	0.01153	0.00985	0.01185	0.05665	0.01449	0.00821	0.00730	0.04683	0.01180	0.01800	0.01043	0.03775	0.00897	0.00485	0.00473	0.00100	0.03013	0.00386	0.00331	0.69846
30	0.03196	0.01099	0.01588	0.60699	0.03226	0.03648	0.01377	0.10681	0.04765	0.02968	0.01079	0.01441	0.00801	0.00569	0.00539	0.00178	0.00694	0.00484	0.00305	0.00663
31	0.02072	0.01527	0.01636	0.01254	0.01691	0.01691	0.01036	0.75622	0.02563	0.03436	0.01309	0.01309	0.00927	0.00654	0.00545	0.00164	0.00600	0.00491	0.00545	0.00927
32	0.01288	0.31461	0.45563	0.01317	0.01965	0.06615	0.01556	0.01721	0.01161	0.01539	0.00889	0.01039	0.00695	0.00502	0.00455	0.00150	0.00736	0.00359	0.00235	0.00756
33	0.01391	0.01274	0.01254	0.03504	0.01364	0.16296	0.00869	0.16258	0.03832	0.03178	0.02607	0.04457	0.03239	0.11118	0.16086	0.00355	0.11346	0.00581	0.00370	0.00621
34	0.01389	0.01122	0.01205	0.01082	0.01388	0.01275	0.00847	0.02770	0.67475	0.06890	0.02326	0.02237	0.03772	0.00777	0.00563	0.00186	0.00431	0.02859	0.00559	0.00845
35	0.02351	0.00907	0.01232	0.00951	0.01358	0.00784	0.00783	0.02562	0.01553	0.73648	0.04666	0.02004	0.03171	0.00705	0.00553	0.00169	0.00453	0.00576	0.00669	0.00904
36	0.01018	0.00951	0.01600	0.75903	0.03627	0.01187	0.01476	0.01374	0.01080	0.01387	0.00992	0.01485	0.00756	0.00708	0.04148	0.00214	0.00761	0.00489	0.00245	0.00600
37	0.02923	0.01065	0.01630	0.60287	0.06702	0.05317	0.04616	0.01484	0.01139	0.02925	0.01040	0.01456	0.00787	0.00547	0.00531	0.00175	0.00704	0.00483	0.05564	0.00624
38	0.01257	0.00740	0.00765	0.00678	0.00875	0.00777	0.00530	0.18195	0.01467	0.02352	0.01672	0.01868	0.01290	0.00640	0.00418	0.00135	0.00333	0.00504	0.64901	0.00604
39	0.00713	0.00512	0.00657	0.00740	0.00795	0.00483	0.00501	0.02325	0.01120	0.01499	0.11000	0.61652	0.06995	0.07257	0.00833	0.00235	0.00329	0.01395	0.00504	0.00453
40	0.26605	0.06716	0.01347	0.04037	0.01466	0.14723	0.00855	0.21964	0.01547	0.06183	0.01074	0.01180	0.00816	0.00651	0.02287	0.00172	0.00608	0.00396	0.04361	0.03012
41	0.00682	0.00529	0.00606	0.00648	0.00762	0.00472	0.00461	0.00805	0.01157	0.01457	0.08338	0.28630	0.39897	0.08762	0.00861	0.00230	0.00321	0.04439	0.00495	0.00448
42	0.00708	0.00493	0.00620	0.00704	0.00725	0.00472	0.00447	0.00770	0.00959	0.01279	0.02571	0.54549	0.03058	0.28391	0.01397	0.00325	0.00388	0.01295	0.00447	0.00405
43	0.01349	0.01295	0.02213	0.03346	0.77440	0.01295	0.01673	0.01673	0.01241	0.01781	0.01025	0.01349	0.00864	0.00486	0.00540	0.00162	0.00648	0.00486	0.00270	0.00864
44	0.01130	0.00969	0.01130	0.00807	0.01292	0.00727	0.00646	0.01373	0.01130	0.01776	0.00969	0.01130	0.00807	0.00404	0.00404	0.00081	0.00404	0.00323	0.00323	0.84173
45	0.01339	0.02722	0.04117	0.10386	0.38246	0.07416	0.01343	0.05183	0.13059	0.01822	0.01579	0.01752	0.07413	0.00622	0.00544	0.00167	0.00619	0.00546	0.00343	0.00782
46	0.00670	0.00481	0.00627	0.00742	0.00779	0.00448	0.00493	0.00762	0.01041	0.01379	0.03057	0.73255	0.06892	0.05590	0.00796	0.00235	0.00325	0.01494	0.00497	0.00438
47	0.01716	0.12856	0.15105	0.03883	0.07532	0.39329	0.01264	0.09081	0.01480	0.01635	0.00918	0.01071	0.00735	0.00544	0.00488	0.00148	0.00829	0.00380	0.00289	0.00717

[dist]
# distance from previous block
# <min> <max>
0	1

[block]
# block no. 3 follows, 44 sequences, length 51
# corresponding to MSA columns:
# 265-315
name=unknown_D
#
# <colnr> <probs for GDERKNQSTAVLIFYWHMCP>
#	G	D	E	R	K	N	Q	S	T	A	V	L	I	F	Y	W	H	M	C	P
0	0.01437	0.25070	0.01774	0.01116	0.01387	0.21605	0.00928	0.01782	0.10965	0.01524	0.09122	0.01528	0.01347	0.00926	0.06353	0.00209	0.11473	0.00469	0.00331	0.00654
1	0.02715	0.00561	0.00720	0.00712	0.00833	0.00523	0.00525	0.01019	0.01404	0.03989	0.53277	0.20924	0.06976	0.01236	0.00647	0.00184	0.00285	0.02391	0.00570	0.00509
2	0.02573	0.07279	0.70193	0.01487	0.02255	0.01304	0.01893	0.01745	0.01156	0.03848	0.00995	0.01150	0.00708	0.00519	0.00506	0.00169	0.00777	0.00399	0.00245	0.00799
3	0.51105	0.01764	0.31823	0.01053	0.01579	0.01240	0.01162	0.01652	0.01017	0.02157	0.00847	0.00992	0.00631	0.00511	0.00410	0.00170	0.00576	0.00338	0.00294	0.00677
4	0.01320	0.51533	0.31286	0.01168	0.01762	0.01820	0.01342	0.01668	0.01124	0.01451	0.00841	0.00979	0.00696	0.00486	0.00413	0.00138	0.00667	0.00334	0.00232	0.00740
5	0.01929	0.01440	0.01538	0.01208	0.01615	0.01601	0.00989	0.62122	0.13801	0.03214	0.01463	0.01443	0.01055	0.00667	0.00542	0.00166	0.00563	0.00511	0.03230	0.00904
6	0.00947	0.00473	0.00710	0.00710	0.00710	0.00473	0.00473	0.00710	0.00710	0.00947	0.00947	0.01657	0.00947	0.01894	0.02131	0.84138	0.00473	0.00473	0.00237	0.00237
7	0.01093	0.02820	0.78016	0.01554	0.02360	0.01266	0.02014	0.01727	0.01151	0.01727	0.00978	0.01151	0.00691	0.00518	0.00518	0.00173	0.00806	0.00403	0.00230	0.00806
8	0.01105	0.05343	0.75595	0.01534	0.02329	0.01295	0.01979	0.01723	0.01150	0.01712	0.00971	0.01142	0.00691	0.00516	0.00513	0.00171	0.00799	0.00399	0.00230	0.00802
9	0.00663	0.00478	0.00629	0.00750	0.00788	0.00444	0.00502	0.00760	0.01052	0.01395	0.03112	0.77295	0.06726	0.01694	0.00694	0.00220	0.00315	0.01533	0.00506	0.00444
10	0.01389	0.62405	0.10331	0.01131	0.05810	0.03624	0.01065	0.01623	0.01154	0.01408	0.05041	0.01110	0.00955	0.00511	0.00397	0.00128	0.00600	0.00354	0.00256	0.00708
11	0.01572	0.01264	0.01333	0.03389	0.03260	0.06234	0.00910	0.13483	0.42690	0.09416	0.03183	0.01778	0.01416	0.00680	0.00538	0.00169	0.00503	0.00552	0.00515	0.07116
12	0.01297	0.01082	0.07279	0.01259	0.09001	0.00988	0.00969	0.12515	0.12426	0.09220	0.13897	0.10372	0.02370	0.00968	0.00611	0.00190	0.00485	0.13853	0.00503	0.00714
13	0.01202	0.26193	0.55594	0.01369	0.02073	0.01532	0.01692	0.01698	0.01138	0.01594	0.00913	0.01069	0.00693	0.00503	0.00468	0.00156	0.00739	0.00370	0.00231	0.00774
14	0.00649	0.00545	0.00560	0.00571	0.00738	0.00460	0.00420	0.00781	0.01216	0.01456	0.05224	0.11497	0.69319	0.03252	0.00698	0.00195	0.00285	0.01176	0.00502	0.00456
15	0.40750	0.01023	0.01023	0.00852	0.01209	0.01083	0.00696	0.08126	0.05913	0.26065	0.01576	0.01526	0.04427	0.00629	0.00449	0.00169	0.00439	0.00455	0.02858	0.00733
16	0.09101	0.03824	0.01627	0.01330	0.01544	0.19164	0.02860	0.17484	0.01394	0.01884	0.00886	0.01140	0.00749	0.00735	0.01028	0.00189	0.33622	0.00434	0.00324	0.00681
17	0.74955	0.01033	0.00823	0.00738	0.01062	0.01190	0.00602	0.01647	0.05447	0.02421	0.05205	0.01136	0.00914	0.00555	0.00368	0.00170	0.00413	0.00354	0.00365	0.00602
18	0.12886	0.00939	0.01173	0.00919	0.01313	0.00867	0.00757	0.04820	0.01487	0.61236	0.01923	0.01724	0.01241	0.00650	0.00511	0.00166	0.00450	0.00512	0.05566	0.00860
19	0.01254	0.06169	0.15413	0.01856	0.02368	0.01404	0.42877	0.01832	0.10555	0.01743	0.01184	0.01451	0.00907	0.00625	0.02555	0.00199	0.06000	0.00567	0.00298	0.00746
20	0.02032	0.01507	0.01613	0.01246	0.01675	0.01672	0.01026	0.71472	0.06780	0.03370	0.01361	0.01350	0.00969	0.00659	0.00546	0.00165	0.00590	0.00498	0.00546	0.00923
21	0.00664	0.00474	0.00633	0.00759	0.00791	0.00443	0.00506	0.00759	0.01044	0.01392	0.03005	0.80485	0.03606	0.01708	0.00696	0.00221	0.00316	0.01550	0.00506	0.00443
22	0.01029	0.00954	0.01598	0.76952	0.03653	0.01188	0.01477	0.01389	0.01092	0.01414	0.00995	0.01472	0.00749	0.00548	0.00540	0.00180	0.00711	0.00485	0.02970	0.00602
23	0.00947	0.00473	0.00710	0.00710	0.00710	0.00473	0.00473	0.00710	0.00710	0.00947	0.00947	0.01657	0.00947	0.01894	0.02131	0.84138	0.00473	0.00473	0.00237	0.00237
24	0.00668	0.00476	0.00631	0.00754	0.00785	0.00446	0.00501	0.00760	0.01036	0.01381	0.02964	0.78070	0.03555	0.04192	0.00761	0.00231	0.00323	0.01526	0.00501	0.00439
25	0.00832	0.00603	0.00766	0.00727	0.00862	0.00573	0.00542	0.05415	0.01530	0.02138	0.61101	0.14360	0.06122	0.01174	0.00644	0.00178	0.00286	0.01037	0.00582	0.00528
26	0.00947	0.00473	0.00710	0.00710	0.00710	0.00473	0.00473	0.00710	0.00710	0.00947	0.00947	0.01657	0.00947	0.01894	0.02131	0.84138	0.00473	0.00473	0.00237	0.00237
27	0.01130	0.00969	0.01130	0.00807	0.01292	0.00727	0.00646	0.01373	0.01130	0.01776	0.00969	0.01130	0.00807	0.00404	0.00404	0.00081	0.00404	0.00323	0.00323	0.84173
28	0.01404	0.04226	0.02091	0.14146	0.47072	0.12802	0.05728	0.01730	0.02568	0.01647	0.01006	0.01313	0.00825	0.00508	0.00533	0.00162	0.00719	0.00470	0.00271	0.00778
29	0.00650	0.00552	0.00560	0.00558	0.00740	0.00463	0.00418	0.00793	0.01255	0.01503	0.08579	0.05197	0.74143	0.01369	0.00644	0.00184	0.00275	0.01144	0.00510	0.00463
30	0.01412	0.71433	0.12196	0.01010	0.01519	0.02046	0.01067	0.01644	0.01113	0.01338	0.00785	0.00909	0.00699	0.00473	0.00371	0.00124	0.00611	0.00305	0.00233	0.00713
31	0.03006	0.17759	0.13868	0.02342	0.42445	0.05448	0.01486	0.01687	0.01206	0.01662	0.00947	0.01187	0.00788	0.00488	0.00487	0.00151	0.00663	0.00417	0.00260	0.03702
32	0.01561	0.44530	0.09048	0.01110	0.01532	0.24193	0.01036	0.01767	0.01246	0.02731	0.01027	0.01149	0.03618	0.00639	0.02620	0.00153	0.00730	0.00364	0.00267	0.00679
33	0.01936	0.01501	0.01811	0.01376	0.01820	0.01634	0.10275	0.62471	0.06439	0.03163	0.01333	0.01369	0.00955	0.00635	0.00558	0.00167	0.00630	0.00517	0.00512	0.00900
34	0.00906	0.00792	0.01297	0.06261	0.19791	0.00777	0.07286	0.01105	0.01122	0.01520	0.02316	0.47322	0.04837	0.01223	0.00643	0.00200	0.00472	0.01136	0.00413	0.00581
35	0.01097	0.06649	0.63371	0.01500	0.02220	0.01260	0.06204	0.01662	0.01171	0.01705	0.02908	0.01487	0.03158	0.00579	0.00530	0.00173	0.00764	0.02535	0.00258	0.00770
36	0.03080	0.09098	0.01290	0.10090	0.01519	0.03823	0.00865	0.15637	0.10372	0.01957	0.02638	0.03124	0.21227	0.00948	0.00578	0.00182	0.00503	0.11968	0.00449	0.00654
37	0.00712	0.00507	0.00659	0.00752	0.00796	0.00489	0.00516	0.00812	0.01018	0.01352	0.02777	0.53319	0.05851	0.15388	0.05506	0.00313	0.00433	0.07905	0.00463	0.00432
38	0.02200	0.01286	0.01483	0.01141	0.01568	0.01338	0.00941	0.45629	0.03938	0.32215	0.01657	0.01538	0.01108	0.00664	0.00547	0.00166	0.00543	0.00516	0.00596	0.00926
39	0.01569	0.06227	0.06052	0.01129	0.03167	0.02576	0.00937	0.12745	0.25478	0.16892	0.04405	0.07801	0.01703	0.00813	0.00563	0.00179	0.00500	0.05946	0.00519	0.00799
40	0.01125	0.09670	0.71445	0.01500	0.02276	0.01344	0.01920	0.01718	0.01147	0.01688	0.00959	0.01127	0.00691	0.00513	0.00503	0.00168	0.00786	0.00393	0.00230	0.00796
41	0.01079	0.00569	0.00575	0.00552	0.00698	0.00578	0.00420	0.05684	0.01228	0.02116	0.01751	0.01990	0.01369	0.00636	0.00391	0.00129	0.00275	0.00507	0.78920	0.00533
42	0.01130	0.00969	0.01130	0.00807	0.01292	0.00727	0.00646	0.01373	0.01130	0.01776	0.00969	0.01130	0.00807	0.00404	0.00404	0.00081	0.00404	0.00323	0.00323	0.84173
43	0.01044	0.00998	0.01725	0.75123	0.03703	0.01221	0.05734	0.01413	0.01101	0.01413	0.00977	0.01454	0.00732	0.00540	0.00551	0.00182	0.00738	0.00494	0.00244	0.00613
44	0.00672	0.00553	0.00591	0.00582	0.00754	0.00472	0.00436	0.00837	0.01309	0.01630	0.21301	0.04988	0.61342	0.01322	0.00644	0.00181	0.00272	0.01114	0.00527	0.00472
45	0.00802	0.00661	0.00737	0.00751	0.03509	0.00623	0.00538	0.01165	0.11458	0.01757	0.19636	0.04338	0.47174	0.01186	0.00620	0.00179	0.00305	0.01002	0.03016	0.00541
46	0.00756	0.00551	0.00712	0.00684	0.00808	0.00506	0.00508	0.00994	0.01488	0.02086	0.67504	0.10100	0.08908	0.01175	0.00647	0.00176	0.00263	0.01039	0.00588	0.00506
47	0.02037	0.02598	0.01545	0.01404	0.01685	0.78652	0.01053	0.02177	0.01545	0.01334	0.00843	0.00983	0.00702	0.00562	0.00492	0.00140	0.00983	0.00351	0.00281	0.00632
48	0.01130	0.00969	0.01130	0.00807	0.01292	0.00727	0.00646	0.01373	0.01130	0.01776	0.00969	0.01130	0.00807	0.00404	0.00404	0.00081	0.00404	0.00323	0.00323	0.84173
49	0.01347	0.01384	0.02427	0.02882	0.50455	0.04860	0.22697	0.01699	0.01277	0.01762	0.03205	0.01445	0.00968	0.00500	0.00570	0.00167	0.00730	0.00539	0.00281	0.00806
50	0.01216	0.00989	0.01157	0.00842	0.01309	0.00787	0.00676	0.05993	0.01223	0.04134	0.01042	0.01198	0.00850	0.00556	0.03139	0.00116	0.00454	0.00349	0.00346	0.73622

[dist]
# distance from previous block
# <min> <max>
0	2

[block]
# block no. 4 follows, 44 sequences, length 7
# corresponding to MSA columns:
# 318-324
name=unknown_E
#
# <colnr> <probs for GDERKNQSTAVLIFYWHMCP>
#	G	D	E	R	K	N	Q	S	T	A	V	L	I	F	Y	W	H	M	C	P
0	0.00933	0.00740	0.00881	0.00768	0.01021	0.00625	0.00567	0.03954	0.01164	0.01663	0.06786	0.27765	0.06981	0.07483	0.00728	0.00179	0.00376	0.00864	0.00421	0.36100
1	0.00750	0.00526	0.00637	0.00660	0.00704	0.00514	0.00424	0.00827	0.00981	0.01318	0.11699	0.21011	0.08009	0.41863	0.07355	0.00415	0.00496	0.00998	0.00413	0.00399
2	0.35295	0.14598	0.01373	0.00906	0.01280	0.01396	0.00767	0.13662	0.10128	0.11000	0.01214	0.01238	0.00904	0.00574	0.00424	0.00159	0.00477	0.00400	0.03474	0.00730
3	0.00795	0.00604	0.00800	0.00797	0.00851	0.00668	0.00572	0.00907	0.00942	0.01303	0.06733	0.17318	0.06429	0.25327	0.25163	0.00507	0.08600	0.00871	0.00369	0.00444
4	0.04508	0.01108	0.01625	0.45253	0.10257	0.01311	0.01351	0.15467	0.01370	0.01866	0.01109	0.01609	0.00891	0.00632	0.00626	0.00183	0.05730	0.04099	0.00319	0.00686
5	0.57392	0.00974	0.00903	0.06711	0.01269	0.01100	0.00679	0.01634	0.04672	0.08045	0.04027	0.08260	0.01151	0.00663	0.00423	0.00175	0.00433	0.00482	0.00392	0.00615
6	0.01242	0.11007	0.01296	0.00989	0.02604	0.04436	0.00764	0.12645	0.11085	0.04017	0.11565	0.15285	0.07692	0.06965	0.00811	0.00204	0.05507	0.00787	0.00456	0.00643

[dist]
# distance from previous block
# <min> <max>
0	1

[block]
# block no. 5 follows, 44 sequences, length 31
# corresponding to MSA columns:
# 326-356
name=unknown_F
#
# <colnr> <probs for GDERKNQSTAVLIFYWHMCP>
#	G	D	E	R	K	N	Q	S	T	A	V	L	I	F	Y	W	H	M	C	P
0	0.01268	0.11191	0.29970	0.03874	0.14740	0.02943	0.16374	0.01699	0.01193	0.04652	0.01060	0.01313	0.00819	0.00736	0.05644	0.00212	0.00807	0.00470	0.00269	0.00764
1	0.00798	0.00577	0.00722	0.00679	0.00827	0.00529	0.00512	0.01062	0.03026	0.03657	0.62729	0.04170	0.16389	0.01140	0.00639	0.00174	0.00268	0.00995	0.00586	0.00522
2	0.01130	0.00969	0.01130	0.00807	0.01292	0.00727	0.00646	0.01373	0.01130	0.01776	0.00969	0.01130	0.00807	0.00404	0.00404	0.00081	0.00404	0.00323	0.00323	0.84173
3	0.07090	0.01027	0.01416	0.34981	0.09526	0.05475	0.02959	0.02706	0.02763	0.07116	0.07614	0.01764	0.01272	0.03815	0.00655	0.02246	0.00605	0.00531	0.05804	0.00633
4	0.05630	0.02572	0.67674	0.01474	0.02207	0.01244	0.01851	0.01730	0.01148	0.04429	0.01042	0.01270	0.00761	0.00555	0.00545	0.00176	0.02673	0.01976	0.00258	0.00787
5	0.02446	0.00928	0.01265	0.00970	0.01392	0.00801	0.00801	0.02657	0.01560	0.77817	0.02151	0.01856	0.01350	0.00675	0.00548	0.00169	0.00464	0.00548	0.00675	0.00928
6	0.00784	0.00580	0.00787	0.10110	0.01151	0.00590	0.00626	0.03093	0.01080	0.01430	0.04897	0.49325	0.05714	0.10787	0.00973	0.03664	0.00406	0.03093	0.00447	0.00460
7	0.01370	0.00938	0.01339	0.01034	0.01433	0.00782	0.09874	0.01614	0.01243	0.18733	0.01629	0.11527	0.01432	0.00706	0.00525	0.00142	0.00476	0.05373	0.00430	0.39404
8	0.10742	0.37679	0.02121	0.01123	0.01525	0.22244	0.03282	0.12414	0.01419	0.01747	0.00871	0.00986	0.00725	0.00523	0.00423	0.00137	0.00685	0.00347	0.00303	0.00704
9	0.00801	0.00637	0.00763	0.00774	0.03254	0.00604	0.00553	0.01145	0.09267	0.01891	0.37924	0.09461	0.28514	0.01185	0.00635	0.00180	0.00298	0.01025	0.00547	0.00539
10	0.01587	0.03052	0.01247	0.00952	0.01311	0.00904	0.04266	0.10603	0.05965	0.27140	0.12206	0.02452	0.12933	0.00786	0.00554	0.00159	0.00440	0.00659	0.00539	0.12244
11	0.00667	0.00477	0.00635	0.00757	0.00791	0.00445	0.00506	0.00766	0.01057	0.01413	0.04994	0.78435	0.03647	0.01692	0.00694	0.00220	0.00315	0.01535	0.00509	0.00445
12	0.01458	0.81168	0.02857	0.00933	0.01399	0.02157	0.00933	0.01632	0.01108	0.01283	0.00758	0.00875	0.00700	0.00466	0.00350	0.00117	0.00583	0.00292	0.00233	0.00700
13	0.03407	0.35488	0.19239	0.01205	0.01624	0.07825	0.01220	0.02766	0.01108	0.01454	0.00841	0.01062	0.00727	0.00721	0.03623	0.00185	0.16196	0.00372	0.00247	0.00691
14	0.01316	0.01125	0.05155	0.00959	0.01323	0.01013	0.00797	0.19765	0.01455	0.03625	0.04746	0.01797	0.03876	0.11325	0.00875	0.00186	0.05718	0.00505	0.00395	0.34044
15	0.00814	0.00610	0.00683	0.00655	0.00808	0.00568	0.00480	0.03575	0.03245	0.03260	0.18301	0.04354	0.38974	0.16037	0.03087	0.00264	0.00376	0.02931	0.00493	0.00486
16	0.00746	0.00551	0.00697	0.00672	0.00802	0.00502	0.00500	0.00976	0.01468	0.02032	0.62064	0.09242	0.15342	0.01191	0.00647	0.00177	0.00264	0.01046	0.00581	0.00502
17	0.01279	0.04355	0.30034	0.02276	0.35110	0.03815	0.04459	0.01698	0.01228	0.04263	0.03104	0.03826	0.01003	0.00560	0.00536	0.00167	0.00698	0.00499	0.00284	0.00804
18	0.07227	0.75615	0.02714	0.00918	0.01375	0.02092	0.00909	0.01630	0.01095	0.01363	0.00758	0.00875	0.00692	0.00469	0.00349	0.00120	0.00572	0.00292	0.00240	0.00692
19	0.00648	0.00551	0.00558	0.00560	0.00739	0.00461	0.00419	0.00787	0.01245	0.01487	0.07074	0.06946	0.73911	0.01382	0.00645	0.00185	0.00277	0.01156	0.00508	0.00461
20	0.01453	0.76821	0.02766	0.00943	0.01394	0.04098	0.00929	0.01628	0.01112	0.01283	0.00780	0.00914	0.00719	0.00573	0.02599	0.00139	0.00619	0.00301	0.00236	0.00692
21	0.01217	0.00966	0.01139	0.00818	0.01299	0.00732	0.00656	0.01457	0.01159	0.06754	0.01046	0.01178	0.00843	0.00421	0.00413	0.00087	0.00408	0.00338	0.00346	0.78724
22	0.10111	0.01359	0.04884	0.10043	0.52258	0.04229	0.03426	0.04114	0.01247	0.01849	0.00995	0.01291	0.00810	0.00503	0.00519	0.00165	0.00656	0.00462	0.00283	0.00798
23	0.01373	0.01146	0.01216	0.01090	0.01399	0.01314	0.00849	0.02832	0.71959	0.04763	0.02305	0.02114	0.03676	0.00755	0.00557	0.00184	0.00428	0.00628	0.00557	0.00854
24	0.00947	0.00473	0.00710	0.00710	0.00710	0.00473	0.00473	0.00710	0.00710	0.00947	0.00947	0.01657	0.00947	0.01894	0.02131	0.84138	0.00473	0.00473	0.00237	0.00237
25	0.01880	0.00966	0.02647	0.00954	0.01315	0.00881	0.00786	0.09135	0.08458	0.43516	0.17822	0.02246	0.02104	0.00758	0.00562	0.00167	0.00434	0.00630	0.00613	0.04126
26	0.00831	0.00612	0.00767	0.00727	0.00872	0.00582	0.00554	0.04002	0.03356	0.02108	0.58865	0.05919	0.10695	0.02472	0.00680	0.00184	0.00297	0.05369	0.00576	0.00529
27	0.03686	0.01123	0.01371	0.07561	0.09175	0.01230	0.00962	0.25064	0.09166	0.04849	0.01361	0.01525	0.01045	0.00754	0.02685	0.02242	0.05912	0.00491	0.13115	0.06683
28	0.43581	0.03852	0.03019	0.16696	0.01680	0.01159	0.00859	0.01648	0.01078	0.12508	0.01310	0.01435	0.05749	0.00606	0.00474	0.00173	0.02734	0.00432	0.00367	0.00641
29	0.01265	0.00736	0.00897	0.02979	0.01043	0.00695	0.00587	0.07220	0.01325	0.19232	0.13999	0.05207	0.14144	0.23576	0.01207	0.00271	0.00432	0.00792	0.00498	0.03893
30	0.01274	0.01029	0.02979	0.02327	0.03092	0.06027	0.00767	0.03658	0.16046	0.10532	0.20591	0.02600	0.07103	0.03063	0.00619	0.00170	0.00443	0.02757	0.00492	0.14433

[dist]
# distance from previous block
# <min> <max>
5	12

[block]
# block no. 6 follows, 44 sequences, length 43
# corresponding to MSA columns:
# 371-413
name=unknown_G
#
# <colnr> <probs for GDERKNQSTAVLIFYWHMCP>
#	G	D	E	R	K	N	Q	S	T	A	V	L	I	F	Y	W	H	M	C	P
0	0.03650	0.12553	0.01609	0.02710	0.01535	0.07982	0.00917	0.31594	0.03103	0.15820	0.01420	0.06295	0.01112	0.00668	0.00509	0.00154	0.00570	0.00514	0.00473	0.06812
