[name]
unknown

[dist]
# distance from previous block
# <min> <max>
15	84

[block]
# block no. 0 follows, 45 sequences, length 17
# corresponding to MSA columns:
# 95-111
name=unknown_A
#
# <colnr> <probs for GDERKNQSTAVLIFYWHMCP>
#	G	D	E	R	K	N	Q	S	T	A	V	L	I	F	Y	W	H	M	C	P
0	0.13419	0.09398	0.23796	0.01366	0.07886	0.06477	0.01252	0.11772	0.10156	0.05750	0.01142	0.01232	0.00857	0.00566	0.00511	0.00163	0.02720	0.00419	0.00349	0.00769
1	0.10112	0.06045	0.09789	0.01057	0.01463	0.06903	0.00941	0.14903	0.11953	0.12562	0.04100	0.01577	0.04113	0.00635	0.00520	0.00156	0.02367	0.00481	0.00433	0.09887
2	0.01466	0.19116	0.09324	0.07182	0.10071	0.06241	0.05128	0.03707	0.02926	0.11280	0.01052	0.01242	0.00829	0.00605	0.00724	0.00166	0.15795	0.00434	0.00313	0.02398
3	0.01141	0.03851	0.02512	0.05754	0.01402	0.00929	0.07105	0.04869	0.07510	0.08682	0.04282	0.25841	0.03293	0.04602	0.00773	0.00197	0.06941	0.00845	0.01619	0.07852
4	0.06198	0.01150	0.04678	0.02897	0.07657	0.02973	0.04989	0.06713	0.11453	0.04155	0.04123	0.12809	0.01458	0.01980	0.00856	0.00191	0.18719	0.00648	0.00379	0.05974
5	0.01535	0.01061	0.01482	0.29533	0.02272	0.03256	0.04629	0.09880	0.05123	0.21406	0.03290	0.01668	0.02698	0.00635	0.00596	0.00171	0.04402	0.00525	0.02622	0.03214
6	0.07218	0.01202	0.01487	0.04081	0.03506	0.01477	0.01031	0.24854	0.01416	0.04453	0.01034	0.01354	0.00864	0.04181	0.01152	0.00209	0.35786	0.00479	0.03525	0.00692
7	0.03162	0.19034	0.01664	0.01068	0.01444	0.08053	0.00891	0.21680	0.20224	0.08034	0.03659	0.02778	0.01211	0.00636	0.00488	0.00152	0.00542	0.00484	0.00447	0.04349
8	0.01508	0.45799	0.02095	0.00934	0.01361	0.01576	0.00861	0.07485	0.01274	0.11215	0.01165	0.01479	0.00999	0.00573	0.00425	0.00130	0.00526	0.06358	0.00344	0.13892
9	0.01056	0.00751	0.07082	0.00843	0.01016	0.00580	0.00670	0.01215	0.01138	0.17104	0.04183	0.52305	0.02809	0.05647	0.00750	0.00219	0.00390	0.01180	0.00503	0.00558
10	0.01735	0.08160	0.15444	0.01225	0.01703	0.01528	0.01147	0.41587	0.13028	0.07037	0.01365	0.01362	0.00983	0.00619	0.00518	0.00162	0.00594	0.00473	0.00465	0.00864
11	0.01855	0.27612	0.03315	0.04012	0.01597	0.21521	0.00979	0.13706	0.01519	0.17353	0.01146	0.01180	0.00857	0.00558	0.00461	0.00142	0.00663	0.00394	0.00380	0.00752
12	0.01858	0.01406	0.01510	0.01178	0.01592	0.01538	0.00963	0.58872	0.13627	0.03078	0.01397	0.01382	0.01013	0.00637	0.00527	0.00158	0.00550	0.00488	0.00521	0.07705
13	0.00666	0.00545	0.00587	0.00577	0.00744	0.00466	0.00433	0.00831	0.01298	0.01626	0.23465	0.04877	0.59432	0.01294	0.00634	0.00178	0.00267	0.01092	0.00522	0.00466
14	0.00756	0.00520	0.00595	0.00602	0.00630	0.00507	0.00361	0.00795	0.00898	0.01191	0.08067	0.09906	0.09007	0.61428	0.02218	0.00439	0.00461	0.00887	0.00375	0.00360
15	0.01544	0.04145	0.03367	0.14547	0.37082	0.01339	0.01378	0.19110	0.01526	0.09051	0.01157	0.01361	0.00878	0.00543	0.00527	0.00162	0.00623	0.00476	0.00359	0.00824
16	0.02036	0.01217	0.01411	0.01109	0.01528	0.01195	0.00892	0.26859	0.11068	0.31101	0.01755	0.01691	0.01235	0.00691	0.00561	0.00172	0.00523	0.00527	0.00583	0.13844

[dist]
# distance from previous block
# <min> <max>
0	4

[block]
# block no. 1 follows, 45 sequences, length 8
# corresponding to MSA columns:
# 116-123
name=unknown_B
#
# <colnr> <probs for GDERKNQSTAVLIFYWHMCP>
#	G	D	E	R	K	N	Q	S	T	A	V	L	I	F	Y	W	H	M	C	P
0	0.00767	0.00575	0.00863	0.00863	0.00959	0.00671	0.00671	0.00959	0.00863	0.01246	0.01438	0.02109	0.01342	0.04026	0.79008	0.00863	0.01438	0.00575	0.00288	0.00479
1	0.00682	0.00487	0.00616	0.00699	0.00742	0.00457	0.00462	0.00772	0.01030	0.01368	0.07650	0.56733	0.08822	0.15608	0.01038	0.00265	0.00342	0.01331	0.00474	0.00422
2	0.01324	0.09271	0.36419	0.06544	0.02225	0.04024	0.12875	0.13575	0.01366	0.01879	0.00996	0.01197	0.00743	0.00543	0.00582	0.00168	0.04774	0.00444	0.00286	0.00764
3	0.00917	0.00722	0.00847	0.00786	0.00909	0.00782	0.00591	0.05353	0.06021	0.01654	0.12350	0.08965	0.22720	0.14085	0.01116	0.00239	0.12576	0.00854	0.07999	0.00514
4	0.01740	0.01308	0.01436	0.01177	0.01505	0.03970	0.00954	0.34053	0.23061	0.10760	0.01554	0.01551	0.01145	0.00812	0.03250	0.00198	0.09670	0.00521	0.00502	0.00834
5	0.50700	0.01253	0.01101	0.01009	0.05240	0.07544	0.00764	0.14511	0.04431	0.02405	0.00934	0.01038	0.00719	0.00530	0.00403	0.00158	0.00501	0.00353	0.00368	0.06037
6	0.12096	0.11678	0.06724	0.07889	0.03834	0.15543	0.06378	0.10068	0.03114	0.01776	0.01056	0.06188	0.00922	0.00651	0.00632	0.00168	0.09815	0.00481	0.00316	0.00671
7	0.14990	0.12655	0.06568	0.01170	0.01570	0.01489	0.07171	0.27590	0.03625	0.05838	0.01322	0.01403	0.04836	0.00634	0.00584	0.00165	0.06765	0.00471	0.00400	0.00754

[dist]
# distance from previous block
# <min> <max>
0	10

[block]
# block no. 2 follows, 45 sequences, length 14
# corresponding to MSA columns:
# 134-147
name=unknown_C
#
# <colnr> <probs for GDERKNQSTAVLIFYWHMCP>
#	G	D	E	R	K	N	Q	S	T	A	V	L	I	F	Y	W	H	M	C	P
0	0.01563	0.04556	0.01399	0.01061	0.01369	0.01046	0.05281	0.08563	0.02779	0.25712	0.05043	0.07417	0.06405	0.00790	0.00741	0.00170	0.13667	0.00618	0.00467	0.11352
1	0.01474	0.69907	0.06423	0.00985	0.01452	0.05171	0.00982	0.05790	0.01190	0.01405	0.00791	0.00903	0.00701	0.00476	0.00369	0.00121	0.00602	0.00306	0.00249	0.00704
2	0.00654	0.00467	0.00623	0.00747	0.00779	0.00436	0.00498	0.00747	0.01028	0.01370	0.02959	0.80785	0.03550	0.01682	0.00685	0.00218	0.00311	0.01526	0.00498	0.00436
3	0.01824	0.01305	0.01384	0.01094	0.01473	0.03520	0.00892	0.51351	0.05325	0.10633	0.02060	0.01983	0.13188	0.00761	0.00552	0.00165	0.00530	0.00594	0.00537	0.00829
4	0.01329	0.01275	0.02179	0.03295	0.77787	0.01275	0.01647	0.01647	0.01222	0.01754	0.01010	0.01329	0.00850	0.00478	0.00531	0.00159	0.00638	0.00478	0.00266	0.00850
5	0.00660	0.00541	0.00581	0.00579	0.00742	0.00463	0.00431	0.00817	0.01273	0.01584	0.19407	0.08296	0.60119	0.01323	0.00636	0.00180	0.00270	0.01119	0.00517	0.00463
6	0.14486	0.01249	0.02345	0.21808	0.06454	0.01287	0.41309	0.01605	0.01159	0.01742	0.00995	0.01346	0.00754	0.00482	0.00556	0.00177	0.00766	0.00532	0.00272	0.00675
7	0.01781	0.01224	0.01342	0.01066	0.01434	0.01303	0.00867	0.48893	0.05445	0.12278	0.02152	0.04914	0.13263	0.00802	0.00559	0.00168	0.00506	0.00637	0.00546	0.00820
8	0.00781	0.00520	0.00585	0.00585	0.00585	0.00520	0.00325	0.00781	0.00781	0.01041	0.01691	0.03513	0.01952	0.81135	0.02732	0.00520	0.00520	0.00781	0.00325	0.00325
9	0.00654	0.00467	0.00623	0.00747	0.00779	0.00436	0.00498	0.00747	0.01028	0.01370	0.02959	0.80785	0.03550	0.01682	0.00685	0.00218	0.00311	0.01526	0.00498	0.00436
10	0.01775	0.01224	0.01296	0.01081	0.01425	0.06327	0.00861	0.21775	0.27437	0.21274	0.01972	0.06188	0.03404	0.00749	0.00548	0.00172	0.00502	0.00606	0.00551	0.00834
11	0.06637	0.01426	0.01534	0.01181	0.01604	0.01562	0.00976	0.65456	0.02348	0.09895	0.01332	0.01313	0.00931	0.00638	0.00526	0.00162	0.00569	0.00478	0.00537	0.00895
12	0.02051	0.01292	0.01447	0.01121	0.01526	0.01375	0.00922	0.51492	0.04616	0.21628	0.01547	0.01483	0.01064	0.00651	0.00529	0.00161	0.00534	0.00502	0.05171	0.00888
13	0.01853	0.01210	0.01521	0.22430	0.02142	0.01322	0.01091	0.37796	0.01889	0.21196	0.01402	0.01459	0.00962	0.00620	0.00538	0.00167	0.00592	0.00495	0.00488	0.00827

[dist]
# distance from previous block
# <min> <max>
0	3

[block]
# block no. 3 follows, 45 sequences, length 45
# corresponding to MSA columns:
# 151-195
name=unknown_D
#
# <colnr> <probs for GDERKNQSTAVLIFYWHMCP>
#	G	D	E	R	K	N	Q	S	T	A	V	L	I	F	Y	W	H	M	C	P
0	0.13543	0.01287	0.01476	0.18462	0.02009	0.01452	0.01050	0.45371	0.01927	0.06545	0.01180	0.01288	0.00843	0.00601	0.00508	0.00166	0.00587	0.00458	0.00449	0.00796
1	0.54609	0.01036	0.01121	0.18234	0.01727	0.01191	0.04029	0.01514	0.00974	0.02071	0.00820	0.01046	0.00639	0.00513	0.00441	0.00166	0.03119	0.00354	0.00305	0.06092
2	0.01989	0.00940	0.01192	0.00953	0.01293	0.00895	0.00764	0.15922	0.01607	0.48102	0.04581	0.07142	0.01575	0.06944	0.03355	0.00219	0.00503	0.00629	0.00589	0.00809
3	0.00836	0.00635	0.00792	0.00764	0.00930	0.00564	0.00553	0.04157	0.01209	0.01696	0.17336	0.44493	0.03133	0.01238	0.00605	0.00175	0.00331	0.01104	0.00479	0.18970
4	0.01915	0.01326	0.01471	0.01117	0.01554	0.01376	0.00919	0.52681	0.02134	0.12658	0.01333	0.01325	0.00944	0.00601	0.00511	0.00147	0.00538	0.00460	0.00512	0.16479
5	0.01001	0.00519	0.00545	0.03711	0.00750	0.00528	0.00420	0.01256	0.01124	0.01976	0.01719	0.01978	0.01349	0.00622	0.00382	0.00127	0.00269	0.00499	0.80721	0.00504
6	0.00654	0.00467	0.00623	0.00747	0.00779	0.00436	0.00498	0.00747	0.01028	0.01370	0.02959	0.80785	0.03550	0.01682	0.00685	0.00218	0.00311	0.01526	0.00498	0.00436
7	0.00634	0.00544	0.00544	0.00544	0.00725	0.00453	0.00408	0.00770	0.01224	0.01450	0.05438	0.05166	0.77569	0.01359	0.00634	0.00181	0.00272	0.01133	0.00498	0.00453
8	0.01001	0.00500	0.00500	0.00500	0.00625	0.00500	0.00375	0.01251	0.01126	0.02001	0.01751	0.02001	0.01376	0.00625	0.00375	0.00125	0.00250	0.00500	0.84115	0.00500
9	0.00672	0.00475	0.00618	0.00725	0.00751	0.00448	0.00474	0.00752	0.00993	0.01324	0.02779	0.69848	0.03324	0.12928	0.00975	0.00261	0.00341	0.01421	0.00474	0.00420
10	0.01156	0.20108	0.61714	0.01395	0.02115	0.01440	0.01749	0.01680	0.01124	0.01604	0.00915	0.01073	0.00682	0.00499	0.00474	0.00158	0.00745	0.00373	0.00227	0.00770
11	0.01059	0.00978	0.01543	0.56738	0.08674	0.01094	0.01314	0.01388	0.01093	0.01483	0.00958	0.01353	0.00743	0.00502	0.00506	0.00156	0.00640	0.00442	0.00258	0.19079
12	0.00650	0.00542	0.00567	0.00566	0.00736	0.00459	0.00422	0.00798	0.01252	0.01530	0.13806	0.07591	0.66558	0.01340	0.00636	0.00181	0.00271	0.01127	0.00509	0.00459
13	0.01096	0.01038	0.01758	0.59897	0.23004	0.01214	0.01532	0.01443	0.01112	0.01471	0.00969	0.01404	0.00751	0.00521	0.00535	0.00174	0.00695	0.00477	0.00246	0.00662
14	0.01114	0.00959	0.01162	0.07626	0.01463	0.00837	0.00741	0.04644	0.02651	0.01750	0.01307	0.02728	0.05883	0.00539	0.00509	0.00111	0.04545	0.00426	0.00336	0.60669
15	0.06065	0.01404	0.01486	0.01173	0.01576	0.01562	0.00959	0.57241	0.16185	0.03091	0.01421	0.01397	0.01028	0.00648	0.00526	0.00164	0.00547	0.00493	0.00524	0.02509
16	0.01408	0.73042	0.02690	0.00970	0.01381	0.02074	0.00945	0.01574	0.01063	0.01266	0.00742	0.00894	0.00691	0.00510	0.00493	0.00127	0.08916	0.00306	0.00230	0.00678
17	0.01118	0.00971	0.01184	0.00846	0.01325	0.00738	0.03247	0.01364	0.01118	0.01748	0.00959	0.01125	0.00796	0.00399	0.00406	0.00083	0.00415	0.00329	0.00316	0.81511
18	0.01165	0.00935	0.01033	0.00936	0.01185	0.01026	0.00723	0.02193	0.48098	0.04728	0.24641	0.02754	0.06565	0.00868	0.00576	0.00178	0.00367	0.00739	0.00561	0.00730
19	0.00932	0.00466	0.00699	0.00699	0.00699	0.00466	0.00466	0.00699	0.00699	0.00932	0.00932	0.01632	0.00932	0.01865	0.02098	0.84382	0.00466	0.00466	0.00233	0.00233
20	0.02036	0.01464	0.01593	0.01225	0.01643	0.01619	0.01012	0.70183	0.02427	0.07190	0.01316	0.01313	0.00929	0.00653	0.00570	0.00163	0.02738	0.00486	0.00535	0.00904
21	0.01001	0.00500	0.00500	0.00500	0.00625	0.00500	0.00375	0.01251	0.01126	0.02001	0.01751	0.02001	0.01376	0.00625	0.00375	0.00125	0.00250	0.00500	0.84115	0.00500
22	0.01774	0.01379	0.01477	0.01269	0.05472	0.04898	0.00975	0.46595	0.16630	0.05225	0.01635	0.01625	0.04317	0.00796	0.03265	0.00189	0.00589	0.00533	0.00507	0.00850
23	0.05679	0.01380	0.01457	0.01149	0.01542	0.04723	0.00937	0.53221	0.04203	0.13792	0.01474	0.05460	0.01104	0.00693	0.00534	0.00165	0.00561	0.00534	0.00533	0.00860
24	0.26178	0.00949	0.01007	0.07033	0.01305	0.01048	0.00728	0.20505	0.01391	0.02215	0.04460	0.23891	0.01748	0.04475	0.00619	0.00196	0.00453	0.00752	0.00434	0.00613
25	0.01001	0.00500	0.00500	0.00500	0.00625	0.00500	0.00375	0.01251	0.01126	0.02001	0.01751	0.02001	0.01376	0.00625	0.00375	0.00125	0.00250	0.00500	0.84115	0.00500
26	0.00816	0.00597	0.00753	0.00729	0.00751	0.00665	0.00487	0.00871	0.00803	0.01112	0.01537	0.02964	0.01691	0.55776	0.19891	0.00570	0.08588	0.00703	0.00308	0.00386
27	0.02244	0.03858	0.01333	0.00991	0.01393	0.03648	0.00819	0.11630	0.01642	0.60224	0.05151	0.01790	0.01392	0.00669	0.00535	0.00163	0.00487	0.00536	0.00617	0.00878
28	0.00707	0.00522	0.00661	0.00677	0.00783	0.00476	0.00488	0.00892	0.01319	0.01797	0.42813	0.28320	0.15919	0.01322	0.00650	0.00186	0.00274	0.01171	0.00547	0.00476
29	0.00757	0.00510	0.00592	0.00616	0.00621	0.00505	0.00358	0.00774	0.00827	0.01102	0.01928	0.17917	0.02250	0.66324	0.02351	0.00464	0.00481	0.00920	0.00358	0.00346
30	0.01174	0.01174	0.01644	0.01409	0.01409	0.01644	0.01174	0.01292	0.00822	0.01292	0.00705	0.01174	0.00705	0.00940	0.01762	0.00235	0.80153	0.00470	0.00235	0.00587
31	0.00654	0.00467	0.00623	0.00747	0.00779	0.00436	0.00498	0.00747	0.01028	0.01370	0.02959	0.80785	0.03550	0.01682	0.00685	0.00218	0.00311	0.01526	0.00498	0.00436
32	0.00918	0.00782	0.01018	0.00881	0.01050	0.00794	0.03946	0.01093	0.03092	0.01447	0.05283	0.13194	0.12136	0.19142	0.01259	0.00250	0.14190	0.00774	0.00370	0.18382
33	0.01001	0.00500	0.00500	0.00500	0.00625	0.00500	0.00375	0.01251	0.01126	0.02001	0.01751	0.02001	0.01376	0.00625	0.00375	0.00125	0.00250	0.00500	0.84115	0.00500
34	0.00634	0.00544	0.00544	0.00544	0.00725	0.00453	0.00408	0.00770	0.01224	0.01450	0.05438	0.05166	0.77569	0.01359	0.00634	0.00181	0.00272	0.01133	0.00498	0.00453
35	0.01267	0.01448	0.03167	0.02262	0.02805	0.01357	0.75837	0.01719	0.01267	0.01719	0.01086	0.01448	0.00814	0.00452	0.00633	0.00181	0.00905	0.00633	0.00271	0.00724
36	0.02035	0.01663	0.01597	0.01257	0.01664	0.13340	0.01023	0.64845	0.02372	0.03071	0.01219	0.01240	0.00879	0.00631	0.00529	0.00158	0.00648	0.00463	0.00498	0.00869
37	0.00932	0.00466	0.00699	0.00699	0.00699	0.00466	0.00466	0.00699	0.00699	0.00932	0.00932	0.01632	0.00932	0.01865	0.02098	0.84382	0.00466	0.00466	0.00233	0.00233
38	0.09972	0.00937	0.01211	0.00938	0.01346	0.00846	0.00775	0.04066	0.01500	0.69633	0.01975	0.01728	0.01251	0.00649	0.00521	0.00166	0.00456	0.00516	0.00631	0.00883
39	0.01088	0.01078	0.01727	0.40961	0.02692	0.03793	0.11307	0.01387	0.01107	0.01484	0.09235	0.01642	0.01199	0.00675	0.00828	0.00189	0.18177	0.00546	0.00282	0.00603
40	0.01267	0.01448	0.03167	0.02262	0.02805	0.01357	0.75837	0.01719	0.01267	0.01719	0.01086	0.01448	0.00814	0.00452	0.00633	0.00181	0.00905	0.00633	0.00271	0.00724
41	0.01836	0.01136	0.01266	0.01006	0.01353	0.01201	0.00819	0.43061	0.01978	0.17411	0.01613	0.04760	0.01197	0.00686	0.00509	0.00157	0.00482	0.00540	0.18181	0.00807
42	0.01882	0.01252	0.01400	0.01117	0.01485	0.01341	0.00904	0.50628	0.05457	0.15239	0.01689	0.12154	0.01369	0.00792	0.00558	0.00171	0.00524	0.00639	0.00553	0.00846
43	0.01677	0.33738	0.03359	0.01150	0.01513	0.15390	0.01009	0.18760	0.01480	0.05181	0.00944	0.01067	0.00771	0.00592	0.00612	0.00149	0.11175	0.00380	0.00328	0.00727
44	0.07442	0.00620	0.00809	0.08547	0.01158	0.00616	0.00635	0.01112	0.01106	0.11016	0.04242	0.52024	0.05969	0.01324	0.00622	0.00201	0.00374	0.01175	0.00483	0.00525

[dist]
# distance from previous block
# <min> <max>
0	22

[block]
# block no. 4 follows, 45 sequences, length 35
# corresponding to MSA columns:
# 220-254
name=unknown_E
#
# <colnr> <probs for GDERKNQSTAVLIFYWHMCP>
#	G	D	E	R	K	N	Q	S	T	A	V	L	I	F	Y	W	H	M	C	P
0	0.01358	0.06293	0.23338	0.05906	0.04874	0.02465	0.01220	0.11479	0.05288	0.07375	0.01170	0.02887	0.00904	0.00559	0.00525	0.00147	0.02998	0.00437	0.00346	0.20431
1	0.01661	0.05230	0.07642	0.01191	0.01564	0.10196	0.04010	0.29128	0.10272	0.07416	0.05037	0.01525	0.01192	0.00652	0.00573	0.00162	0.04259	0.00500	0.07013	0.00778
2	0.01778	0.01124	0.01269	0.01005	0.01385	0.04059	0.00807	0.24827	0.03857	0.25225	0.01670	0.10613	0.01331	0.00718	0.00524	0.00152	0.00488	0.00585	0.00516	0.18066
3	0.01226	0.09164	0.01204	0.00955	0.01189	0.10006	0.00741	0.05410	0.24236	0.03899	0.13984	0.19434	0.04450	0.00960	0.00565	0.00175	0.00455	0.00811	0.00481	0.00656
4	0.00932	0.00466	0.00699	0.00699	0.00699	0.00466	0.00466	0.00699	0.00699	0.00932	0.00932	0.01632	0.00932	0.01865	0.02098	0.84382	0.00466	0.00466	0.00233	0.00233
5	0.17083	0.01808	0.01388	0.01219	0.01457	0.38791	0.00957	0.03307	0.01232	0.01585	0.00803	0.01017	0.00686	0.00627	0.00759	0.00163	0.19933	0.00366	0.00285	0.06533
6	0.01001	0.00500	0.00500	0.00500	0.00625	0.00500	0.00375	0.01251	0.01126	0.02001	0.01751	0.02001	0.01376	0.00625	0.00375	0.00125	0.00250	0.00500	0.84115	0.00500
7	0.01113	0.00954	0.01113	0.00795	0.01272	0.00716	0.00636	0.01352	0.01113	0.01749	0.00954	0.01113	0.00795	0.00398	0.00398	0.00080	0.00398	0.00318	0.00318	0.84417
8	0.01329	0.01275	0.02179	0.03295	0.77787	0.01275	0.01647	0.01647	0.01222	0.01754	0.01010	0.01329	0.00850	0.00478	0.00531	0.00159	0.00638	0.00478	0.00266	0.00850
9	0.01001	0.00500	0.00500	0.00500	0.00625	0.00500	0.00375	0.01251	0.01126	0.02001	0.01751	0.02001	0.01376	0.00625	0.00375	0.00125	0.00250	0.00500	0.84115	0.00500
10	0.01014	0.00954	0.01610	0.79845	0.03697	0.01193	0.01491	0.01371	0.01073	0.01371	0.00954	0.01431	0.00716	0.00537	0.00537	0.00179	0.00716	0.00477	0.00239	0.00596
11	0.01136	0.00879	0.02912	0.00830	0.01040	0.00863	0.00645	0.23518	0.01569	0.02114	0.18343	0.09883	0.13739	0.16840	0.01014	0.00241	0.00429	0.00833	0.02586	0.00586
12	0.01454	0.05849	0.34719	0.01292	0.01870	0.04245	0.04452	0.14399	0.01449	0.11123	0.04066	0.01344	0.00984	0.00558	0.00506	0.00154	0.00655	0.00444	0.00360	0.10077
13	0.00767	0.00573	0.00852	0.00852	0.00945	0.00665	0.00658	0.00952	0.00860	0.01238	0.01447	0.02161	0.01365	0.06919	0.76147	0.00850	0.01403	0.00583	0.00289	0.00473
14	0.01489	0.01158	0.01443	0.01144	0.03794	0.01112	0.06441	0.24191	0.08039	0.06996	0.03606	0.03365	0.01135	0.00576	0.00497	0.00134	0.00501	0.00484	0.00433	0.33462
15	0.01289	0.01241	0.02124	0.11580	0.66026	0.01278	0.03249	0.01609	0.01196	0.01699	0.00997	0.01338	0.00831	0.00496	0.00567	0.00164	0.02757	0.00481	0.00262	0.00813
16	0.01785	0.06878	0.01539	0.01136	0.01520	0.01528	0.00933	0.50406	0.15570	0.04887	0.01604	0.03369	0.03413	0.02244	0.00574	0.00171	0.00539	0.00542	0.00515	0.00850
17	0.01113	0.05482	0.07945	0.01688	0.07964	0.03258	0.31624	0.02785	0.01196	0.01605	0.01625	0.23997	0.01641	0.00856	0.00637	0.00187	0.02366	0.03046	0.00341	0.00647
18	0.00746	0.00641	0.00651	0.00632	0.00832	0.00594	0.00478	0.01103	0.13312	0.01577	0.04918	0.04660	0.65426	0.01259	0.00620	0.00181	0.00296	0.01049	0.00506	0.00517
19	0.01113	0.00954	0.01113	0.00795	0.01272	0.00716	0.00636	0.01352	0.01113	0.01749	0.00954	0.01113	0.00795	0.00398	0.00398	0.00080	0.00398	0.00318	0.00318	0.84417
20	0.01291	0.01194	0.01873	0.21028	0.43818	0.01297	0.01459	0.06013	0.10838	0.01805	0.01152	0.01432	0.00918	0.00547	0.00572	0.00169	0.03006	0.00494	0.00310	0.00786
21	0.01541	0.01361	0.04373	0.10471	0.03355	0.08360	0.01020	0.25952	0.21840	0.04347	0.01688	0.01782	0.04728	0.00772	0.02551	0.00187	0.00598	0.01847	0.02453	0.00776
22	0.00767	0.00575	0.00863	0.00863	0.00959	0.00671	0.00671	0.00959	0.00863	0.01246	0.01438	0.02109	0.01342	0.04026	0.79008	0.00863	0.01438	0.00575	0.00288	0.00479
23	0.00818	0.00623	0.00833	0.03253	0.02988	0.00663	0.00623	0.03212	0.03877	0.01448	0.06898	0.36595	0.02569	0.13666	0.15749	0.00376	0.03874	0.01033	0.00417	0.00484
24	0.01001	0.00500	0.00500	0.00500	0.00625	0.00500	0.00375	0.01251	0.01126	0.02001	0.01751	0.02001	0.01376	0.00625	0.00375	0.00125	0.00250	0.00500	0.84115	0.00500
25	0.00778	0.00529	0.00628	0.00628	0.00643	0.00544	0.00379	0.00808	0.00793	0.01073	0.01652	0.03296	0.01857	0.69216	0.14523	0.00573	0.00662	0.00749	0.00319	0.00349
26	0.01001	0.00500	0.00500	0.00500	0.00625	0.00500	0.00375	0.01251	0.01126	0.02001	0.01751	0.02001	0.01376	0.00625	0.00375	0.00125	0.00250	0.00500	0.84115	0.00500
27	0.71649	0.01101	0.00907	0.00786	0.01129	0.01267	0.00646	0.11059	0.03629	0.02527	0.00864	0.00962	0.00658	0.00524	0.00365	0.00166	0.00438	0.00326	0.00365	0.00632
28	0.01329	0.01275	0.02179	0.03295	0.77787	0.01275	0.01647	0.01647	0.01222	0.01754	0.01010	0.01329	0.00850	0.00478	0.00531	0.00159	0.00638	0.00478	0.00266	0.00850
29	0.00838	0.00832	0.08479	0.00851	0.01029	0.00683	0.00696	0.01252	0.13284	0.01741	0.22550	0.35269	0.04853	0.04230	0.00707	0.00205	0.00369	0.01082	0.00497	0.00553
30	0.01092	0.03731	0.46445	0.03248	0.02020	0.01122	0.07881	0.01570	0.01183	0.03516	0.09883	0.03029	0.01282	0.00601	0.00563	0.00164	0.03061	0.00502	0.00298	0.08809
31	0.01656	0.51017	0.02319	0.01092	0.01486	0.28732	0.00964	0.04685	0.01296	0.01363	0.00796	0.00915	0.00698	0.00499	0.00400	0.00125	0.00711	0.00315	0.00258	0.00675
32	0.01113	0.00954	0.01113	0.00795	0.01272	0.00716	0.00636	0.01352	0.01113	0.01749	0.00954	0.01113	0.00795	0.00398	0.00398	0.00080	0.00398	0.00318	0.00318	0.84417
33	0.01207	0.00917	0.01086	0.00816	0.01240	0.00733	0.00649	0.01502	0.05086	0.09152	0.03430	0.03722	0.03068	0.00598	0.02094	0.00119	0.00417	0.00434	0.00380	0.63349
34	0.03729	0.01190	0.01374	0.05375	0.01530	0.05579	0.00919	0.19663	0.01493	0.16523	0.01263	0.03063	0.00969	0.00666	0.00738	0.00161	0.15917	0.00471	0.02934	0.16443

[dist]
# distance from previous block
# <min> <max>
0	1

[block]
# block no. 5 follows, 45 sequences, length 19
# corresponding to MSA columns:
# 256-274
name=unknown_F
#
# <colnr> <probs for GDERKNQSTAVLIFYWHMCP>
#	G	D	E	R	K	N	Q	S	T	A	V	L	I	F	Y	W	H	M	C	P
0	0.01560	0.64134	0.02529	0.01020	0.01440	0.18999	0.00945	0.01725	0.01185	0.01274	0.00765	0.00885	0.00689	0.00480	0.00375	0.00120	0.00661	0.00300	0.00240	0.00674
1	0.01113	0.00954	0.01113	0.00795	0.01272	0.00716	0.00636	0.01352	0.01113	0.01749	0.00954	0.01113	0.00795	0.00398	0.00398	0.00080	0.00398	0.00318	0.00318	0.84417
2	0.00932	0.00466	0.00699	0.00699	0.00699	0.00466	0.00466	0.00699	0.00699	0.00932	0.00932	0.01632	0.00932	0.01865	0.02098	0.84382	0.00466	0.00466	0.00233	0.00233
3	0.00667	0.00545	0.00589	0.00578	0.00745	0.00467	0.00434	0.00834	0.01301	0.01635	0.24383	0.04862	0.58509	0.01291	0.00634	0.00178	0.00267	0.01090	0.00523	0.00467
4	0.00665	0.00476	0.00633	0.00740	0.00781	0.00443	0.00499	0.00776	0.01080	0.01453	0.10854	0.72653	0.03711	0.01620	0.00680	0.00213	0.00305	0.01467	0.00508	0.00443
5	0.01211	0.01012	0.01166	0.00842	0.01314	0.00816	0.00677	0.09257	0.01263	0.01922	0.00990	0.01132	0.00808	0.00424	0.00412	0.00088	0.00418	0.00336	0.00341	0.75573
6	0.01174	0.01174	0.01644	0.01409	0.01409	0.01644	0.01174	0.01292	0.00822	0.01292	0.00705	0.01174	0.00705	0.00940	0.01762	0.00235	0.80153	0.00470	0.00235	0.00587
7	0.02041	0.01504	0.01611	0.01235	0.01665	0.01665	0.01020	0.75997	0.02524	0.03383	0.01289	0.01289	0.00913	0.00644	0.00537	0.00161	0.00591	0.00483	0.00537	0.00913
8	0.01001	0.00500	0.00500	0.00500	0.00625	0.00500	0.00375	0.01251	0.01126	0.02001	0.01751	0.02001	0.01376	0.00625	0.00375	0.00125	0.00250	0.00500	0.84115	0.00500
9	0.77184	0.01180	0.00857	0.00769	0.01096	0.08467	0.00624	0.01631	0.00970	0.02306	0.00755	0.00881	0.00592	0.00503	0.00346	0.00163	0.00467	0.00296	0.00327	0.00585
10	0.01130	0.14490	0.67108	0.01439	0.02183	0.01377	0.01825	0.01686	0.01127	0.01635	0.00931	0.01093	0.00681	0.00502	0.00485	0.00162	0.00761	0.00380	0.00227	0.00778
11	0.00708	0.00541	0.00631	0.00616	0.00748	0.00484	0.00448	0.00882	0.01306	0.01727	0.38132	0.07054	0.33641	0.09699	0.00858	0.00213	0.00291	0.01034	0.00523	0.00464
12	0.01001	0.00500	0.00500	0.00500	0.00625	0.00500	0.00375	0.01251	0.01126	0.02001	0.01751	0.02001	0.01376	0.00625	0.00375	0.00125	0.00250	0.00500	0.84115	0.00500
13	0.43650	0.07953	0.09512	0.01021	0.01396	0.25449	0.00900	0.01769	0.01140	0.01903	0.00796	0.00929	0.00635	0.00514	0.00399	0.00154	0.00640	0.00319	0.00296	0.00625
14	0.00976	0.00903	0.01505	0.71468	0.03388	0.01112	0.01386	0.01305	0.01069	0.01371	0.01166	0.09836	0.01016	0.00658	0.00552	0.00183	0.00673	0.00588	0.00266	0.00579
15	0.03523	0.03811	0.01369	0.10940	0.01685	0.00930	0.04907	0.05826	0.01194	0.01798	0.00968	0.01167	0.00783	0.00438	0.00433	0.00106	0.00484	0.00364	0.00316	0.58960
16	0.00654	0.00467	0.00623	0.00747	0.00779	0.00436	0.00498	0.00747	0.01028	0.01370	0.02959	0.80785	0.03550	0.01682	0.00685	0.00218	0.00311	0.01526	0.00498	0.00436
17	0.01434	0.03316	0.01782	0.10260	0.33459	0.12006	0.03227	0.10800	0.01388	0.03338	0.01181	0.03992	0.01029	0.03389	0.00607	0.00172	0.00658	0.03233	0.00325	0.04404
18	0.17927	0.04150	0.01264	0.01056	0.01320	0.20434	0.00842	0.06310	0.03577	0.09816	0.01123	0.01328	0.00907	0.01246	0.15287	0.00292	0.08829	0.00425	0.00351	0.03518

[dist]
# distance from previous block
# <min> <max>
0	4

[block]
# block no. 6 follows, 45 sequences, length 22
# corresponding to MSA columns:
# 279-300
name=unknown_G
#
# <colnr> <probs for GDERKNQSTAVLIFYWHMCP>
#	G	D	E	R	K	N	Q	S	T	A	V	L	I	F	Y	W	H	M	C	P
0	0.18035	0.04003	0.05999	0.02970	0.03405	0.44942	0.02633	0.06754	0.01399	0.01706	0.00919	0.03154	0.00768	0.00570	0.00467	0.00151	0.00783	0.00390	0.00305	0.00647
1	0.01001	0.00500	0.00500	0.00500	0.00625	0.00500	0.00375	0.01251	0.01126	0.02001	0.01751	0.02001	0.01376	0.00625	0.00375	0.00125	0.00250	0.00500	0.84115	0.00500
2	0.68571	0.01294	0.11212	0.00913	0.01319	0.01219	0.05489	0.01603	0.00965	0.02271	0.00797	0.00943	0.00609	0.00497	0.00375	0.00168	0.00496	0.00326	0.00314	0.00618
3	0.01174	0.01174	0.01644	0.01409	0.01409	0.01644	0.01174	0.01292	0.00822	0.01292	0.00705	0.01174	0.00705	0.00940	0.01762	0.00235	0.80153	0.00470	0.00235	0.00587
4	0.01201	0.01277	0.08850	0.06982	0.03387	0.08510	0.01005	0.03684	0.17184	0.01639	0.01352	0.01745	0.01150	0.09215	0.08106	0.00277	0.16055	0.00525	0.07217	0.00639
5	0.01001	0.00500	0.00500	0.00500	0.00625	0.00500	0.00375	0.01251	0.01126	0.02001	0.01751	0.02001	0.01376	0.00625	0.00375	0.00125	0.00250	0.00500	0.84115	0.00500
6	0.00659	0.00469	0.00621	0.00741	0.00771	0.00439	0.00492	0.00749	0.01018	0.01358	0.02910	0.77806	0.03489	0.04745	0.00764	0.00230	0.00319	0.01497	0.00492	0.00432
7	0.00654	0.00467	0.00623	0.00747	0.00779	0.00436	0.00498	0.00747	0.01028	0.01370	0.02959	0.80785	0.03550	0.01682	0.00685	0.00218	0.00311	0.01526	0.00498	0.00436
8	0.00677	0.00498	0.00685	0.05710	0.00962	0.00483	0.00561	0.00787	0.01031	0.01370	0.02833	0.75806	0.03372	0.01610	0.00676	0.00216	0.00337	0.01460	0.00482	0.00446
9	0.01001	0.00500	0.00500	0.00500	0.00625	0.00500	0.00375	0.01251	0.01126	0.02001	0.01751	0.02001	0.01376	0.00625	0.00375	0.00125	0.00250	0.00500	0.84115	0.00500
10	0.01174	0.01174	0.01644	0.01409	0.01409	0.01644	0.01174	0.01292	0.00822	0.01292	0.00705	0.01174	0.00705	0.00940	0.01762	0.00235	0.80153	0.00470	0.00235	0.00587
11	0.01113	0.00954	0.01113	0.00795	0.01272	0.00716	0.00636	0.01352	0.01113	0.01749	0.00954	0.01113	0.00795	0.00398	0.00398	0.00080	0.00398	0.00318	0.00318	0.84417
12	0.84927	0.01038	0.00789	0.00706	0.01038	0.01204	0.00581	0.01578	0.00914	0.02408	0.00747	0.00872	0.00581	0.00498	0.00332	0.00166	0.00415	0.00291	0.00332	0.00581
13	0.01164	0.00952	0.01118	0.00801	0.01276	0.00718	0.00642	0.01401	0.01130	0.04761	0.01000	0.01141	0.00816	0.00408	0.00403	0.00083	0.00400	0.00327	0.00332	0.81125
14	0.01001	0.00500	0.00500	0.00500	0.00625	0.00500	0.00375	0.01251	0.01126	0.02001	0.01751	0.02001	0.01376	0.00625	0.00375	0.00125	0.00250	0.00500	0.84115	0.00500
15	0.01266	0.00949	0.01129	0.00814	0.01284	0.00724	0.00654	0.01501	0.01163	0.10789	0.01092	0.01198	0.00858	0.00429	0.00414	0.00090	0.00405	0.00344	0.00359	0.74537
16	0.01671	0.01260	0.01395	0.01046	0.01495	0.01248	0.00856	0.43128	0.01915	0.04974	0.01176	0.01233	0.00877	0.00544	0.00480	0.00128	0.00507	0.00417	0.00451	0.35200
17	0.01001	0.00500	0.00500	0.00500	0.00625	0.00500	0.00375	0.01251	0.01126	0.02001	0.01751	0.02001	0.01376	0.00625	0.00375	0.00125	0.00250	0.00500	0.84115	0.00500
18	0.01113	0.00954	0.01113	0.00795	0.01272	0.00716	0.00636	0.01352	0.01113	0.01749	0.00954	0.01113	0.00795	0.00398	0.00398	0.00080	0.00398	0.00318	0.00318	0.84417
19	0.01435	0.01192	0.01985	0.05101	0.52252	0.01186	0.06502	0.01822	0.06017	0.11907	0.04356	0.01558	0.01128	0.00544	0.00545	0.00164	0.00605	0.00525	0.00349	0.00828
20	0.00739	0.00535	0.00678	0.00742	0.00816	0.00509	0.00514	0.04401	0.01179	0.01580	0.14118	0.58519	0.08378	0.03712	0.00723	0.00214	0.00319	0.01347	0.00509	0.00467
21	0.00820	0.00563	0.00729	0.00679	0.00821	0.00515	0.00512	0.01064	0.01503	0.05214	0.70147	0.03989	0.09217	0.01095	0.00629	0.00169	0.00263	0.00963	0.00588	0.00520

[dist]
# distance from previous block
# <min> <max>
0	1

[block]
# block no. 7 follows, 45 sequences, length 46
# corresponding to MSA columns:
# 302-347
name=unknown_H
#
# <colnr> <probs for GDERKNQSTAVLIFYWHMCP>
#	G	D	E	R	K	N	Q	S	T	A	V	L	I	F	Y	W	H	M	C	P
0	0.01514	0.01678	0.08082	0.02352	0.39272	0.16897	0.05638	0.09473	0.06500	0.01860	0.01082	0.01289	0.00862	0.00528	0.00528	0.00159	0.00712	0.00463	0.00312	0.00799
1	0.02081	0.01196	0.01375	0.01076	0.01470	0.03024	0.00880	0.33897	0.06262	0.35452	0.06278	0.01718	0.01379	0.00683	0.00543	0.00164	0.00512	0.00541	0.00590	0.00878
2	0.01180	0.01138	0.03631	0.33224	0.18727	0.02542	0.07395	0.06362	0.01258	0.01706	0.04506	0.01698	0.01084	0.00582	0.00542	0.00166	0.00649	0.04143	0.00303	0.09164
3	0.01001	0.00500	0.00500	0.00500	0.00625	0.00500	0.00375	0.01251	0.01126	0.02001	0.01751	0.02001	0.01376	0.00625	0.00375	0.00125	0.00250	0.00500	0.84115	0.00500
4	0.00780	0.00522	0.00594	0.00594	0.00597	0.00525	0.00336	0.00786	0.00783	0.01047	0.01684	0.03470	0.01933	0.78805	0.05037	0.00531	0.00548	0.00774	0.00324	0.00330
5	0.01001	0.00500	0.00500	0.00500	0.00625	0.00500	0.00375	0.01251	0.01126	0.02001	0.01751	0.02001	0.01376	0.00625	0.00375	0.00125	0.00250	0.00500	0.84115	0.00500
6	0.81938	0.01035	0.00818	0.03524	0.01133	0.01204	0.00614	0.01571	0.00919	0.02371	0.00755	0.00892	0.00586	0.00500	0.00339	0.00167	0.00426	0.00297	0.00329	0.00582
7	0.13395	0.01209	0.01413	0.06005	0.10848	0.03256	0.00974	0.28228	0.02968	0.19210	0.03209	0.01459	0.01063	0.00611	0.00503	0.00162	0.00536	0.00479	0.03665	0.00806
8	0.00954	0.00810	0.01057	0.08872	0.01296	0.03136	0.02667	0.01226	0.04695	0.03636	0.34017	0.04826	0.12280	0.03850	0.00878	0.00196	0.13789	0.00808	0.00455	0.00549
9	0.01159	0.01870	0.36326	0.18628	0.07853	0.03058	0.09266	0.01600	0.01136	0.04339	0.01062	0.03624	0.00829	0.00601	0.00631	0.02193	0.04363	0.00486	0.00262	0.00714
10	0.01353	0.63370	0.20179	0.01059	0.01595	0.01922	0.01163	0.01629	0.01100	0.01363	0.00796	0.00924	0.00687	0.00471	0.00382	0.00127	0.00624	0.00312	0.00229	0.00713
11	0.00965	0.00665	0.00833	0.00736	0.00933	0.00611	0.00560	0.01294	0.06821	0.07744	0.54826	0.03351	0.03932	0.03967	0.00672	0.00172	0.00307	0.00830	0.00552	0.10228
12	0.01083	0.01031	0.01764	0.62552	0.18423	0.01213	0.03489	0.01436	0.01108	0.01457	0.00969	0.01411	0.00745	0.00523	0.00538	0.00175	0.00705	0.00481	0.00245	0.00650
13	0.01014	0.00954	0.01610	0.79845	0.03697	0.01193	0.01491	0.01371	0.01073	0.01371	0.00954	0.01431	0.00716	0.00537	0.00537	0.00179	0.00716	0.00477	0.00239	0.00596
14	0.01001	0.00500	0.00500	0.00500	0.00625	0.00500	0.00375	0.01251	0.01126	0.02001	0.01751	0.02001	0.01376	0.00625	0.00375	0.00125	0.00250	0.00500	0.84115	0.00500
15	0.56664	0.01042	0.00974	0.00813	0.01175	0.01131	0.00671	0.07730	0.01205	0.22420	0.01151	0.01156	0.00804	0.00554	0.00403	0.00166	0.00440	0.00371	0.00436	0.00695
16	0.01001	0.00790	0.01125	0.05804	0.01186	0.00910	0.05660	0.01102	0.00892	0.05065	0.01433	0.06055	0.01516	0.41320	0.03903	0.00383	0.20374	0.00692	0.00318	0.00472
17	0.01307	0.01292	0.02321	0.05888	0.62753	0.01286	0.13871	0.01649	0.01224	0.01734	0.01020	0.01352	0.00840	0.00476	0.00548	0.00164	0.00685	0.00504	0.00266	0.00820
18	0.01455	0.07443	0.09077	0.17167	0.05861	0.25022	0.03812	0.04332	0.01279	0.04955	0.01127	0.07269	0.00989	0.02432	0.00641	0.00173	0.05498	0.00510	0.00302	0.00654
19	0.00778	0.00529	0.00631	0.00631	0.00647	0.00545	0.00382	0.00810	0.00794	0.01075	0.01650	0.03281	0.01851	0.68425	0.15305	0.00577	0.00672	0.00747	0.00319	0.00351
20	0.02020	0.01466	0.01578	0.01213	0.01632	0.01616	0.00998	0.72407	0.02458	0.05161	0.01319	0.01355	0.00948	0.02561	0.00589	0.00170	0.00586	0.00492	0.00535	0.00899
21	0.01001	0.00500	0.00500	0.00500	0.00625	0.00500	0.00375	0.01251	0.01126	0.02001	0.01751	0.02001	0.01376	0.00625	0.00375	0.00125	0.00250	0.00500	0.84115	0.00500
22	0.15842	0.03676	0.03548	0.01359	0.06990	0.46633	0.01003	0.06001	0.03332	0.03517	0.00972	0.02978	0.00805	0.00575	0.00470	0.00150	0.00776	0.00393	0.00318	0.00662
23	0.28418	0.05563	0.05736	0.03275	0.17960	0.18487	0.05851	0.03644	0.01219	0.03966	0.00911	0.01090	0.00721	0.00511	0.00453	0.00157	0.00657	0.00386	0.00303	0.00692
24	0.01009	0.00872	0.02614	0.03245	0.15496	0.00777	0.04222	0.01301	0.02958	0.03834	0.29362	0.05612	0.08986	0.00819	0.00562	0.00154	0.00416	0.00732	0.00438	0.16591
25	0.01001	0.00500	0.00500	0.00500	0.00625	0.00500	0.00375	0.01251	0.01126	0.02001	0.01751	0.02001	0.01376	0.00625	0.00375	0.00125	0.00250	0.00500	0.84115	0.00500
26	0.05234	0.06116	0.06286	0.01485	0.12349	0.24179	0.01091	0.23741	0.01656	0.02106	0.01090	0.03125	0.00879	0.00584	0.00490	0.00149	0.00682	0.00438	0.04162	0.04158
27	0.01313	0.01273	0.02108	0.10790	0.68778	0.03016	0.01618	0.01631	0.01214	0.01706	0.01000	0.01331	0.00833	0.00486	0.00531	0.00161	0.00653	0.00475	0.00263	0.00820
28	0.00858	0.00683	0.00954	0.14994	0.03392	0.00681	0.00751	0.02938	0.01220	0.01679	0.20915	0.31326	0.02956	0.01121	0.00608	0.00181	0.00402	0.03940	0.00449	0.09953
29	0.00717	0.00514	0.00668	0.00770	0.00819	0.00492	0.00522	0.04163	0.01096	0.01462	0.02883	0.77176	0.03431	0.01635	0.00678	0.00215	0.00324	0.01479	0.00500	0.00458
30	0.05684	0.50457	0.02204	0.00937	0.01376	0.01719	0.00871	0.10236	0.01294	0.08741	0.01011	0.01161	0.00842	0.00522	0.00400	0.00127	0.00537	0.02249	0.00326	0.09305
31	0.01001	0.00500	0.00500	0.00500	0.00625	0.00500	0.00375	0.01251	0.01126	0.02001	0.01751	0.02001	0.01376	0.00625	0.00375	0.00125	0.00250	0.00500	0.84115	0.00500
32	0.45704	0.06174	0.05844	0.08901	0.07452	0.13288	0.02523	0.01662	0.01078	0.01962	0.00821	0.01004	0.00649	0.00506	0.00409	0.00160	0.00590	0.00345	0.00296	0.00632
33	0.00940	0.00772	0.00919	0.04924	0.04007	0.00802	0.00682	0.04132	0.20994	0.01846	0.16542	0.18035	0.21072	0.01108	0.00608	0.00185	0.00364	0.00960	0.00507	0.00602
34	0.01174	0.01174	0.01644	0.01409	0.01409	0.01644	0.01174	0.01292	0.00822	0.01292	0.00705	0.01174	0.00705	0.00940	0.01762	0.00235	0.80153	0.00470	0.00235	0.00587
35	0.01187	0.01133	0.01740	0.38238	0.23552	0.05381	0.05412	0.02847	0.02961	0.01589	0.01103	0.03455	0.00898	0.00567	0.00556	0.00170	0.02268	0.00510	0.05758	0.00676
36	0.01001	0.00500	0.00500	0.00500	0.00625	0.00500	0.00375	0.01251	0.01126	0.02001	0.01751	0.02001	0.01376	0.00625	0.00375	0.00125	0.00250	0.00500	0.84115	0.00500
37	0.07154	0.01129	0.02977	0.07774	0.03003	0.04156	0.03053	0.13301	0.06752	0.07685	0.04873	0.05672	0.03191	0.00634	0.00495	0.00143	0.00500	0.00521	0.00409	0.26578
38	0.01056	0.04352	0.56409	0.01422	0.03702	0.01156	0.04294	0.01625	0.03935	0.01785	0.13623	0.01647	0.01446	0.00611	0.00532	0.00169	0.00686	0.00506	0.00301	0.00744
39	0.01045	0.10348	0.01185	0.07644	0.04754	0.08906	0.00753	0.01427	0.12606	0.01584	0.07796	0.03196	0.34831	0.00951	0.00559	0.00167	0.00454	0.00779	0.00425	0.00591
40	0.01001	0.00500	0.00500	0.00500	0.00625	0.00500	0.00375	0.01251	0.01126	0.02001	0.01751	0.02001	0.01376	0.00625	0.00375	0.00125	0.00250	0.00500	0.84115	0.00500
41	0.01174	0.01174	0.01644	0.01409	0.01409	0.01644	0.01174	0.01292	0.00822	0.01292	0.00705	0.01174	0.00705	0.00940	0.01762	0.00235	0.80153	0.00470	0.00235	0.00587
42	0.01313	0.37778	0.28143	0.06337	0.01882	0.05296	0.02631	0.01658	0.01139	0.03161	0.00886	0.01043	0.00710	0.00487	0.00432	0.00139	0.00669	0.00353	0.00247	0.05696
43	0.79251	0.04269	0.00869	0.00714	0.01045	0.01222	0.00593	0.01564	0.00937	0.02355	0.02852	0.00958	0.00709	0.00513	0.00341	0.00164	0.00417	0.00309	0.00335	0.00584
44	0.03115	0.14813	0.11036	0.00962	0.01429	0.02321	0.00894	0.08044	0.05358	0.04726	0.01307	0.03294	0.04386	0.00551	0.00446	0.00123	0.00498	0.00428	0.00349	0.35919
45	0.01001	0.00500	0.00500	0.00500	0.00625	0.00500	0.00375	0.01251	0.01126	0.02001	0.01751	0.02001	0.01376	0.00625	0.00375	0.00125	0.00250	0.00500	0.84115	0.00500

[dist]
# distance from previous block
# <min> <max>
0	1

[block]
# block no. 8 follows, 45 sequences, length 18
# corresponding to MSA columns:
# 349-366
name=unknown_I
#
# <colnr> <probs for GDERKNQSTAVLIFYWHMCP>
#	G	D	E	R	K	N	Q	S	T	A	V	L	I	F	Y	W	H	M	C	P
0	0.01098	0.00936	0.01090	0.00806	0.01250	0.00729	0.00638	0.01388	0.04692	0.01751	0.01126	0.05663	0.00991	0.00486	0.00421	0.00092	0.00394	0.00400	0.00339	0.75709
1	0.01111	0.01046	0.05003	0.00832	0.01325	0.00742	0.00704	0.01369	0.01114	0.01747	0.00955	0.01114	0.00789	0.00403	0.00403	0.00084	0.00417	0.00322	0.00313	0.80205
2	0.01001	0.00500	0.00500	0.00500	0.00625	0.00500	0.00375	0.01251	0.01126	0.02001	0.01751	0.02001	0.01376	0.00625	0.00375	0.00125	0.00250	0.00500	0.84115	0.00500
3	0.01343	0.01170	0.05519	0.34925	0.18560	0.01161	0.11825	0.01692	0.01209	0.13790	0.01170	0.01454	0.00856	0.00529	0.00545	0.00170	0.00681	0.00502	0.00318	0.02580
4	0.01456	0.01056	0.09931	0.01064	0.06079	0.03113	0.00862	0.01766	0.04120	0.28157	0.27152	0.02601	0.04557	0.04850	0.00679	0.00185	0.00451	0.00688	0.00527	0.00707
5	0.01124	0.01075	0.01829	0.52001	0.22903	0.01230	0.05684	0.01529	0.04471	0.01530	0.01030	0.01431	0.00797	0.00525	0.00541	0.00174	0.00693	0.00492	0.00261	0.00681
6	0.62186	0.03578	0.04517	0.00817	0.01192	0.01207	0.00712	0.06441	0.01115	0.12597	0.00976	0.01039	0.00711	0.00529	0.00382	0.00164	0.00454	0.00341	0.00382	0.00660
7	0.00948	0.00798	0.00937	0.01003	0.07802	0.04942	0.00686	0.03422	0.07255	0.01916	0.38244	0.07033	0.12762	0.03736	0.00687	0.00188	0.00381	0.06187	0.00508	0.00565
8	0.00860	0.00692	0.00990	0.00941	0.01010	0.00854	0.00737	0.01023	0.00856	0.01264	0.01317	0.02027	0.01261	0.09585	0.54136	0.00680	0.17623	0.00568	0.03086	0.00490
9	0.07726	0.01237	0.01786	0.23412	0.33541	0.07455	0.04885	0.03471	0.01225	0.04450	0.01071	0.01434	0.00860	0.00537	0.00519	0.00166	0.00659	0.02002	0.02842	0.00722
10	0.01001	0.00500	0.00500	0.00500	0.00625	0.00500	0.00375	0.01251	0.01126	0.02001	0.01751	0.02001	0.01376	0.00625	0.00375	0.00125	0.00250	0.00500	0.84115	0.00500
11	0.01276	0.01395	0.15558	0.09431	0.02198	0.01126	0.28219	0.02940	0.01218	0.10603	0.01348	0.03517	0.01086	0.03113	0.02742	0.00208	0.04244	0.04052	0.05033	0.00695
12	0.01001	0.00500	0.00500	0.00500	0.00625	0.00500	0.00375	0.01251	0.01126	0.02001	0.01751	0.02001	0.01376	0.00625	0.00375	0.00125	0.00250	0.00500	0.84115	0.00500
13	0.84927	0.01038	0.00789	0.00706	0.01038	0.01204	0.00581	0.01578	0.00914	0.02408	0.00747	0.00872	0.00581	0.00498	0.00332	0.00166	0.00415	0.00291	0.00332	0.00581
14	0.01321	0.01434	0.14248	0.15721	0.47119	0.01218	0.01607	0.01686	0.01208	0.07742	0.01081	0.01354	0.00838	0.00508	0.00530	0.00165	0.00661	0.00470	0.00286	0.00803
15	0.01058	0.00939	0.05457	0.07527	0.08604	0.00894	0.00876	0.01650	0.20892	0.05294	0.25753	0.12448	0.04536	0.00925	0.00589	0.00179	0.00419	0.00812	0.00489	0.00659
16	0.01138	0.01959	0.41427	0.01917	0.23049	0.01179	0.01661	0.01694	0.06749	0.01743	0.01311	0.01893	0.01112	0.00644	0.00549	0.00178	0.00684	0.10044	0.00296	0.00774
17	0.01024	0.02157	0.54822	0.01414	0.02025	0.01086	0.05855	0.01541	0.01177	0.01702	0.05503	0.04030	0.01405	0.00732	0.00567	0.00185	0.00708	0.13051	0.00301	0.00714

[dist]
# distance from previous block
# <min> <max>
0	1

[block]
# block no. 9 follows, 45 sequences, length 7
# corresponding to MSA columns:
# 368-374
name=unknown_J
#
# <colnr> <probs for GDERKNQSTAVLIFYWHMCP>
#	G	D	E	R	K	N	Q	S	T	A	V	L	I	F	Y	W	H	M	C	P
0	0.01135	0.02340	0.56031	0.01746	0.14636	0.04753	0.01766	0.01657	0.01197	0.01727	0.07098	0.01388	0.01060	0.00554	0.00522	0.00167	0.00732	0.00454	0.00265	0.00772
1	0.01079	0.01122	0.06137	0.60423	0.18053	0.01212	0.01550	0.01444	0.01106	0.01465	0.00965	0.01394	0.00740	0.00524	0.00534	0.00175	0.00705	0.00473	0.00243	0.00657
2	0.01146	0.13964	0.42240	0.01290	0.04818	0.01183	0.01411	0.01562	0.01179	0.06692	0.07121	0.09340	0.04424	0.00704	0.00519	0.00166	0.00623	0.00576	0.00323	0.00718
3	0.01001	0.00500	0.00500	0.00500	0.00625	0.00500	0.00375	0.01251	0.01126	0.02001	0.01751	0.02001	0.01376	0.00625	0.00375	0.00125	0.00250	0.00500	0.84115	0.00500
4	0.01261	0.00730	0.00831	0.00733	0.00901	0.00749	0.00540	0.14116	0.01282	0.10638	0.01648	0.02290	0.01440	0.24260	0.05874	0.03360	0.00490	0.00587	0.27712	0.00557
5	0.06256	0.28740	0.42616	0.01297	0.01927	0.01556	0.04571	0.04427	0.01163	0.01660	0.00895	0.01046	0.00691	0.00495	0.00450	0.00152	0.00695	0.00367	0.00247	0.00747
