[name]
unknown

[dist]
# distance from previous block
# <min> <max>
0	55

[block]
# block no. 0 follows, 37 sequences, length 8
# corresponding to MSA columns:
# 143-150
name=unknown_A
#
# <colnr> <probs for GDERKNQSTAVLIFYWHMCP>
#	G	D	E	R	K	N	Q	S	T	A	V	L	I	F	Y	W	H	M	C	P
0	0.00986	0.00705	0.00986	0.01127	0.01268	0.00705	0.00986	0.01268	0.01409	0.01832	0.03241	0.06905	0.03523	0.01691	0.00845	0.00282	0.00564	0.70549	0.00564	0.00564
1	0.01515	0.01454	0.02485	0.03757	0.74669	0.01454	0.01879	0.01879	0.01394	0.02000	0.01151	0.01515	0.00970	0.00545	0.00606	0.00182	0.00727	0.00545	0.00303	0.00970
2	0.01156	0.01088	0.01836	0.77016	0.04216	0.01360	0.01700	0.01564	0.01224	0.01564	0.01088	0.01632	0.00816	0.00612	0.00612	0.00204	0.00816	0.00544	0.00272	0.00680
3	0.01433	0.01371	0.02337	0.20463	0.58603	0.01433	0.01838	0.01807	0.01355	0.01900	0.01137	0.01542	0.00935	0.00561	0.00607	0.00187	0.00747	0.00545	0.00296	0.00904
4	0.01171	0.01108	0.01839	0.70945	0.04006	0.01401	0.01671	0.01557	0.01201	0.01557	0.01065	0.01608	0.00815	0.00649	0.00724	0.00209	0.06979	0.00543	0.00272	0.00679
5	0.69660	0.01184	0.01063	0.05687	0.05039	0.01352	0.00800	0.01849	0.01107	0.06302	0.00961	0.01115	0.00731	0.00579	0.00417	0.00190	0.00510	0.00370	0.00388	0.00698
6	0.01712	0.01632	0.01783	0.11517	0.04558	0.14492	0.01277	0.18809	0.01622	0.02134	0.01098	0.01411	0.00901	0.00799	0.01069	0.00206	0.27122	0.00512	0.03749	0.03598
7	0.01452	0.01391	0.02372	0.16519	0.62396	0.01438	0.01847	0.01824	0.01364	0.01924	0.01140	0.01535	0.00943	0.00557	0.00607	0.00186	0.00743	0.00545	0.00298	0.00919

[dist]
# distance from previous block
# <min> <max>
26	58

[block]
# block no. 1 follows, 37 sequences, length 7
# corresponding to MSA columns:
# 246-252
name=unknown_B
#
# <colnr> <probs for GDERKNQSTAVLIFYWHMCP>
#	G	D	E	R	K	N	Q	S	T	A	V	L	I	F	Y	W	H	M	C	P
0	0.01821	0.01354	0.01521	0.04125	0.01726	0.01423	0.00995	0.36491	0.10440	0.06659	0.03742	0.01991	0.06252	0.00946	0.04154	0.00212	0.00624	0.00609	0.00552	0.14364
1	0.20344	0.01342	0.06162	0.04095	0.07937	0.04839	0.01018	0.02127	0.02956	0.22665	0.04269	0.01613	0.01218	0.00635	0.00528	0.00169	0.00570	0.00492	0.00477	0.16544
2	0.01327	0.00873	0.01105	0.01023	0.01316	0.00805	0.00848	0.01724	0.07944	0.12957	0.10558	0.04346	0.06528	0.01174	0.00694	0.00210	0.00485	0.28705	0.00571	0.16809
3	0.01409	0.09008	0.38182	0.01381	0.02047	0.06431	0.01546	0.01884	0.01381	0.06531	0.07497	0.01582	0.01283	0.00624	0.00552	0.00165	0.00730	0.00487	0.00351	0.16932
4	0.07037	0.03015	0.01154	0.00946	0.01237	0.04707	0.00750	0.10956	0.01791	0.15799	0.33767	0.03341	0.10976	0.01029	0.00648	0.00189	0.00447	0.00855	0.00621	0.00735
5	0.03570	0.25238	0.19610	0.04372	0.05372	0.01605	0.01330	0.07457	0.01434	0.08297	0.01161	0.01293	0.00895	0.00567	0.00504	0.00155	0.00673	0.00425	0.00355	0.15687
6	0.03926	0.01777	0.18938	0.01432	0.01977	0.01427	0.06875	0.10924	0.27994	0.08721	0.01769	0.01763	0.01291	0.00690	0.00598	0.00189	0.00649	0.00576	0.00494	0.07993

[dist]
# distance from previous block
# <min> <max>
13	29

[block]
# block no. 2 follows, 37 sequences, length 20
# corresponding to MSA columns:
# 301-311,322-330
name=unknown_C
#
# <colnr> <probs for GDERKNQSTAVLIFYWHMCP>
#	G	D	E	R	K	N	Q	S	T	A	V	L	I	F	Y	W	H	M	C	P
0	0.27265	0.01093	0.03299	0.08105	0.10413	0.01094	0.02402	0.01751	0.01354	0.12242	0.11298	0.04357	0.07281	0.00855	0.00579	0.00199	0.00530	0.04675	0.00475	0.00732
1	0.28979	0.01152	0.01488	0.05312	0.11343	0.01180	0.07350	0.01821	0.04592	0.08201	0.03224	0.10253	0.01401	0.00747	0.00546	0.00186	0.00559	0.00630	0.00426	0.10610
2	0.01875	0.01345	0.01921	0.06598	0.31194	0.01382	0.01382	0.19031	0.04251	0.16651	0.01673	0.07067	0.01333	0.00743	0.00623	0.00191	0.00645	0.00650	0.00494	0.00951
3	0.21826	0.01138	0.01189	0.00986	0.01329	0.01202	0.00791	0.23326	0.01874	0.02921	0.27515	0.02451	0.02640	0.00856	0.00580	0.00181	0.00467	0.00681	0.00555	0.07491
4	0.00976	0.00806	0.01195	0.03082	0.01289	0.00911	0.04079	0.01226	0.01288	0.01834	0.26514	0.03208	0.04673	0.02430	0.28667	0.00500	0.12462	0.03817	0.00451	0.00592
5	0.54498	0.01308	0.01140	0.00972	0.01370	0.04633	0.00792	0.09834	0.06213	0.12343	0.01240	0.01281	0.00903	0.00632	0.00459	0.00189	0.00530	0.00420	0.00468	0.00777
6	0.01167	0.01102	0.01838	0.72676	0.04066	0.01390	0.01679	0.01559	0.01208	0.01559	0.01072	0.01615	0.00815	0.00638	0.00692	0.00208	0.05221	0.00544	0.00272	0.00679
7	0.00869	0.00626	0.00828	0.00818	0.00953	0.00585	0.00624	0.01141	0.01645	0.02303	0.59831	0.11439	0.05363	0.01362	0.00741	0.00208	0.00326	0.09117	0.00652	0.00569
8	0.01456	0.01394	0.02377	0.15860	0.63030	0.01439	0.01849	0.01827	0.01366	0.01928	0.01141	0.01534	0.00944	0.00556	0.00607	0.00185	0.00742	0.00545	0.00298	0.00922
9	0.00843	0.00608	0.00797	0.00786	0.00909	0.00562	0.00576	0.01097	0.01625	0.02283	0.60681	0.18727	0.05443	0.01380	0.00733	0.00203	0.00302	0.01229	0.00654	0.00562
10	0.01515	0.01454	0.02485	0.03757	0.74669	0.01454	0.01879	0.01879	0.01394	0.02000	0.01151	0.01515	0.00970	0.00545	0.00606	0.00182	0.00727	0.00545	0.00303	0.00970
11	0.00772	0.00566	0.00697	0.00776	0.00849	0.00521	0.00523	0.00890	0.01226	0.01609	0.10085	0.47838	0.17262	0.12125	0.01080	0.00282	0.00373	0.01484	0.00551	0.00491
12	0.01459	0.01397	0.02383	0.15280	0.63588	0.01440	0.01851	0.01829	0.01367	0.01931	0.01141	0.01533	0.00945	0.00556	0.00607	0.00185	0.00741	0.00545	0.00298	0.00924
13	0.01852	0.01450	0.01553	0.01288	0.01702	0.01617	0.01030	0.29690	0.41260	0.04998	0.02034	0.01920	0.01498	0.00775	0.00611	0.00193	0.00556	0.00621	0.00611	0.04742
14	0.02218	0.01590	0.01778	0.01438	0.05022	0.01696	0.01132	0.57239	0.02569	0.08965	0.01489	0.01498	0.01060	0.00700	0.00597	0.00175	0.00643	0.00537	0.00585	0.09068
15	0.01518	0.01419	0.02348	0.14099	0.59688	0.01471	0.01805	0.06582	0.01469	0.02062	0.01164	0.01529	0.00952	0.00568	0.00607	0.00185	0.00736	0.00546	0.00319	0.00933
16	0.01601	0.01200	0.01407	0.01423	0.09674	0.06935	0.01013	0.08330	0.10592	0.13419	0.13803	0.06204	0.02448	0.00993	0.00697	0.00201	0.02622	0.11341	0.00555	0.05542
17	0.00910	0.00637	0.00830	0.00863	0.00990	0.00589	0.00620	0.01073	0.01258	0.04488	0.11046	0.43197	0.06741	0.05410	0.07606	0.00308	0.00497	0.04721	0.00539	0.07677
18	0.03524	0.21268	0.40508	0.01392	0.02048	0.01572	0.01608	0.01906	0.07758	0.01856	0.01541	0.06660	0.04446	0.00723	0.00553	0.00184	0.00730	0.00564	0.00330	0.00830
19	0.01839	0.01522	0.06628	0.01349	0.01812	0.01481	0.04358	0.26146	0.14162	0.10376	0.01578	0.01621	0.01163	0.00712	0.00714	0.00181	0.07502	0.00547	0.00515	0.15792

[dist]
# distance from previous block
# <min> <max>
33	83

[block]
# block no. 3 follows, 37 sequences, length 15
# corresponding to MSA columns:
# 431-445
name=unknown_D
#
# <colnr> <probs for GDERKNQSTAVLIFYWHMCP>
#	G	D	E	R	K	N	Q	S	T	A	V	L	I	F	Y	W	H	M	C	P
0	0.01251	0.00927	0.02771	0.00998	0.01256	0.00870	0.02204	0.08326	0.08364	0.07143	0.32612	0.09476	0.03546	0.01170	0.00774	0.04581	0.00438	0.05732	0.00590	0.06971
1	0.06339	0.01225	0.01426	0.01145	0.01544	0.01257	0.00927	0.29808	0.02001	0.21857	0.05048	0.06878	0.01595	0.01213	0.08460	0.00266	0.00669	0.00656	0.00589	0.07096
2	0.01355	0.01297	0.02200	0.35625	0.36273	0.01422	0.05360	0.01819	0.05181	0.01837	0.01200	0.01614	0.00948	0.00588	0.00615	0.00194	0.00769	0.00562	0.00307	0.00835
3	0.01476	0.01414	0.02413	0.11809	0.66925	0.01444	0.01859	0.01844	0.01375	0.01952	0.01144	0.01528	0.00953	0.00553	0.00607	0.00184	0.00737	0.00545	0.00300	0.00938
4	0.01760	0.01075	0.01270	0.01044	0.01410	0.01055	0.00831	0.13793	0.13343	0.21959	0.14894	0.05889	0.05002	0.00896	0.00621	0.00182	0.00469	0.00747	0.03330	0.10429
5	0.59865	0.01200	0.01146	0.01170	0.08888	0.01335	0.00831	0.06015	0.01242	0.07683	0.01157	0.05093	0.00949	0.00658	0.00453	0.00191	0.00509	0.00458	0.00421	0.00735
6	0.33870	0.01442	0.01398	0.01125	0.01555	0.01611	0.00926	0.40598	0.02070	0.03292	0.01503	0.01541	0.05176	0.00717	0.00527	0.00187	0.00574	0.00508	0.00518	0.00862
7	0.00723	0.00620	0.00620	0.00620	0.00827	0.00517	0.00465	0.00878	0.01395	0.01654	0.06201	0.05891	0.74421	0.01550	0.00723	0.00207	0.00310	0.01292	0.00568	0.00517
8	0.01554	0.01541	0.02406	0.06639	0.66713	0.06614	0.01823	0.01905	0.01410	0.01947	0.01135	0.01491	0.00951	0.00554	0.00603	0.00181	0.00757	0.00535	0.00303	0.00940
9	0.00723	0.00620	0.00620	0.00620	0.00827	0.00517	0.00465	0.00878	0.01395	0.01654	0.06201	0.05891	0.74421	0.01550	0.00723	0.00207	0.00310	0.01292	0.00568	0.00517
10	0.01439	0.01367	0.02298	0.03435	0.66935	0.01359	0.01736	0.01787	0.01410	0.02001	0.04844	0.01912	0.05481	0.00637	0.00618	0.00184	0.00683	0.00615	0.00336	0.00925
11	0.02147	0.01573	0.01706	0.01331	0.01793	0.01711	0.01088	0.57841	0.07856	0.05820	0.01637	0.04950	0.01243	0.00778	0.00611	0.00183	0.00627	0.00605	0.00601	0.05898
12	0.02214	0.01504	0.01668	0.01295	0.01743	0.01620	0.01063	0.55560	0.02603	0.12834	0.09887	0.01902	0.01641	0.00797	0.00625	0.00185	0.00610	0.00623	0.00638	0.00988
13	0.21147	0.01285	0.01816	0.23931	0.28206	0.01425	0.01446	0.07885	0.01389	0.02211	0.01146	0.01567	0.00927	0.00618	0.00560	0.00193	0.00682	0.02412	0.00346	0.00807
14	0.26071	0.00928	0.01040	0.01052	0.04956	0.00962	0.00766	0.05305	0.01409	0.10927	0.13680	0.20831	0.02643	0.01114	0.00616	0.00210	0.00451	0.05818	0.00538	0.00683

[dist]
# distance from previous block
# <min> <max>
9	51

[block]
# block no. 4 follows, 37 sequences, length 6
# corresponding to MSA columns:
# 506,507,523-526
name=unknown_E
#
# <colnr> <probs for GDERKNQSTAVLIFYWHMCP>
#	G	D	E	R	K	N	Q	S	T	A	V	L	I	F	Y	W	H	M	C	P
0	0.10355	0.04486	0.11195	0.05418	0.01928	0.01437	0.04108	0.18709	0.12714	0.09681	0.03531	0.01641	0.01228	0.00671	0.00566	0.00179	0.00624	0.00534	0.00485	0.10509
1	0.07506	0.06936	0.30913	0.14168	0.02418	0.03425	0.04017	0.01847	0.03529	0.04588	0.05853	0.01865	0.01301	0.00687	0.00581	0.00190	0.00745	0.04094	0.00350	0.04988
2	0.01486	0.03897	0.11315	0.06466	0.16469	0.05708	0.01302	0.17278	0.03613	0.02348	0.11083	0.02482	0.12272	0.00842	0.00627	0.00188	0.00642	0.00702	0.00456	0.00823
3	0.01544	0.01205	0.01364	0.01254	0.06011	0.01262	0.00915	0.28812	0.11591	0.02630	0.02650	0.12001	0.14435	0.04984	0.00771	0.00213	0.00529	0.00852	0.00552	0.06424
4	0.01281	0.01239	0.05025	0.04203	0.09165	0.01280	0.11485	0.07033	0.03385	0.01931	0.06088	0.10341	0.01715	0.05430	0.06656	0.00291	0.16558	0.00759	0.03202	0.02932
5	0.01412	0.01782	0.14406	0.02335	0.11716	0.01431	0.41070	0.04739	0.01457	0.02029	0.01403	0.01710	0.03870	0.00576	0.00660	0.00191	0.00884	0.00645	0.00328	0.07357

[dist]
# distance from previous block
# <min> <max>
0	3

[block]
# block no. 5 follows, 37 sequences, length 22
# corresponding to MSA columns:
# 530-551
name=unknown_F
#
# <colnr> <probs for GDERKNQSTAVLIFYWHMCP>
#	G	D	E	R	K	N	Q	S	T	A	V	L	I	F	Y	W	H	M	C	P
0	0.08866	0.01342	0.04261	0.08788	0.32007	0.03236	0.08277	0.03554	0.01382	0.04690	0.01555	0.10536	0.01442	0.00791	0.00627	0.00199	0.00690	0.04968	0.00379	0.02409
1	0.04783	0.10200	0.52002	0.01770	0.05453	0.01535	0.08317	0.01986	0.04832	0.01959	0.01147	0.01339	0.00847	0.00580	0.00570	0.00189	0.00845	0.00475	0.00288	0.00881
2	0.01222	0.01399	0.14320	0.09157	0.01921	0.01042	0.04141	0.01766	0.10441	0.03821	0.10063	0.04419	0.07470	0.00769	0.00590	0.00168	0.00568	0.00658	0.00432	0.25632
3	0.01378	0.01534	0.10715	0.10731	0.47256	0.01345	0.03897	0.01775	0.01356	0.01924	0.01329	0.03957	0.01170	0.00660	0.00621	0.00190	0.00735	0.04863	0.00321	0.04245
4	0.01384	0.01195	0.08156	0.01480	0.07770	0.01013	0.08925	0.03758	0.08804	0.12256	0.04548	0.21834	0.02341	0.03231	0.00757	0.00225	0.00585	0.07999	0.00514	0.03225
5	0.01406	0.01069	0.01278	0.05699	0.01562	0.01049	0.00861	0.10566	0.11435	0.06466	0.01901	0.17246	0.01752	0.00900	0.00638	0.00172	0.03258	0.00754	0.03852	0.28136
6	0.01513	0.10818	0.01923	0.11252	0.02002	0.03911	0.04975	0.11165	0.11471	0.02017	0.01293	0.01623	0.01075	0.04063	0.01038	0.00215	0.20207	0.00544	0.02302	0.06594
7	0.01287	0.01289	0.02337	0.19582	0.09850	0.01341	0.25719	0.01661	0.01309	0.01815	0.03565	0.05791	0.01278	0.00723	0.00798	0.00201	0.08866	0.02673	0.00334	0.09582
8	0.07034	0.33692	0.22266	0.02994	0.01999	0.11839	0.04410	0.03988	0.01378	0.01792	0.02908	0.01235	0.00921	0.00584	0.00498	0.00163	0.00781	0.00419	0.00299	0.00801
9	0.01634	0.01257	0.01526	0.07507	0.01779	0.01378	0.01044	0.25035	0.06216	0.06399	0.03608	0.10140	0.01519	0.00979	0.02720	0.00212	0.11847	0.00680	0.00491	0.14030
10	0.01308	0.01251	0.02203	0.37013	0.03218	0.01388	0.20987	0.07705	0.01432	0.01901	0.03398	0.06006	0.01289	0.00751	0.00733	0.00211	0.04560	0.03564	0.00350	0.00733
11	0.00922	0.00718	0.01064	0.11537	0.01485	0.00816	0.00841	0.01139	0.01030	0.01447	0.01682	0.07206	0.01638	0.11236	0.50577	0.00756	0.01293	0.00722	0.00341	0.03551
12	0.02085	0.12685	0.01973	0.01662	0.08474	0.50841	0.01205	0.08188	0.01724	0.01740	0.01160	0.01305	0.03112	0.00646	0.00546	0.00160	0.00949	0.00440	0.00340	0.00765
13	0.01542	0.08353	0.12644	0.03042	0.50437	0.01512	0.06144	0.01942	0.01388	0.05518	0.01185	0.01474	0.00951	0.00557	0.00592	0.00181	0.00754	0.00528	0.00316	0.00939
14	0.01378	0.01650	0.11031	0.09543	0.25031	0.01431	0.32543	0.01837	0.01377	0.01913	0.01298	0.05700	0.01082	0.00617	0.00664	0.00200	0.00868	0.00676	0.00312	0.00848
15	0.01228	0.03166	0.75316	0.01745	0.02649	0.01422	0.02262	0.01939	0.01292	0.01939	0.01099	0.01292	0.00775	0.00582	0.00582	0.00194	0.00905	0.00452	0.00258	0.00905
16	0.00746	0.00533	0.00710	0.00852	0.00888	0.00497	0.00568	0.00852	0.01172	0.01563	0.03374	0.78088	0.04049	0.01918	0.00781	0.00249	0.00355	0.01740	0.00568	0.00497
17	0.06736	0.32584	0.13452	0.01453	0.07375	0.11173	0.01284	0.07261	0.05697	0.06048	0.01153	0.01260	0.00914	0.00597	0.00499	0.00163	0.00727	0.00426	0.00353	0.00845
18	0.02015	0.07779	0.03795	0.01147	0.01571	0.01297	0.00966	0.11635	0.20678	0.30234	0.08418	0.02258	0.03830	0.00813	0.00609	0.00189	0.00528	0.00659	0.00634	0.00942
19	0.02667	0.01170	0.01500	0.01150	0.01626	0.01090	0.00950	0.16228	0.01966	0.61546	0.02235	0.01967	0.01425	0.00753	0.00615	0.00188	0.00550	0.00603	0.00730	0.01042
20	0.00746	0.00533	0.00710	0.00852	0.00888	0.00497	0.00568	0.00852	0.01172	0.01563	0.03374	0.78088	0.04049	0.01918	0.00781	0.00249	0.00355	0.01740	0.00568	0.00497
21	0.03630	0.01849	0.28829	0.01334	0.01856	0.01241	0.01390	0.09133	0.14221	0.06790	0.10715	0.04490	0.03640	0.00891	0.00638	0.00205	0.00638	0.07182	0.00486	0.00841

[dist]
# distance from previous block
# <min> <max>
0	17

[block]
# block no. 6 follows, 37 sequences, length 105
# corresponding to MSA columns:
# 569-594,628-706
name=unknown_G
#
# <colnr> <probs for GDERKNQSTAVLIFYWHMCP>
#	G	D	E	R	K	N	Q	S	T	A	V	L	I	F	Y	W	H	M	C	P
0	0.01115	0.00683	0.00884	0.00801	0.00997	0.00617	0.00612	0.01385	0.01704	0.12515	0.58007	0.04347	0.11531	0.01210	0.00707	0.00193	0.00323	0.01056	0.00676	0.00637
1	0.00725	0.00616	0.00624	0.00631	0.00830	0.00516	0.00470	0.00877	0.01384	0.01649	0.06064	0.09382	0.71018	0.01568	0.00726	0.00209	0.00312	0.01314	0.00568	0.00516
2	0.01417	0.01354	0.02307	0.23795	0.55399	0.01429	0.01830	0.01793	0.01347	0.01881	0.01134	0.01547	0.00928	0.00564	0.00608	0.00188	0.00751	0.00545	0.00295	0.00890
3	0.01504	0.01519	0.05213	0.03682	0.71971	0.01453	0.01893	0.01881	0.01390	0.01998	0.01149	0.01507	0.00962	0.00547	0.00605	0.00182	0.00734	0.00542	0.00301	0.00967
4	0.00824	0.00624	0.00759	0.00725	0.00888	0.00559	0.00544	0.01072	0.01632	0.02215	0.53943	0.04967	0.26329	0.01341	0.00722	0.00197	0.00295	0.01162	0.00642	0.00559
5	0.00986	0.00705	0.00986	0.01127	0.01268	0.00705	0.00986	0.01268	0.01409	0.01832	0.03241	0.06905	0.03523	0.01691	0.00845	0.00282	0.00564	0.70549	0.00564	0.00564
6	0.01515	0.01454	0.02485	0.03757	0.74669	0.01454	0.01879	0.01879	0.01394	0.02000	0.01151	0.01515	0.00970	0.00545	0.00606	0.00182	0.00727	0.00545	0.00303	0.00970
7	0.00976	0.00701	0.00972	0.01108	0.01251	0.00697	0.00967	0.01253	0.01409	0.01825	0.03354	0.06866	0.06220	0.01686	0.00841	0.00279	0.00554	0.67914	0.00564	0.00562
8	0.01538	0.60574	0.20624	0.01216	0.01832	0.02180	0.01341	0.01858	0.01256	0.01561	0.00911	0.01057	0.00783	0.00538	0.00438	0.00146	0.00715	0.00358	0.00261	0.00814
9	0.02746	0.01042	0.01421	0.01089	0.01563	0.00900	0.00900	0.02983	0.01752	0.75093	0.02415	0.02083	0.01515	0.00758	0.00616	0.00189	0.00521	0.00616	0.00758	0.01042
10	0.02746	0.01042	0.01421	0.01089	0.01563	0.00900	0.00900	0.02983	0.01752	0.75093	0.02415	0.02083	0.01515	0.00758	0.00616	0.00189	0.00521	0.00616	0.00758	0.01042
11	0.03629	0.14638	0.58036	0.01575	0.02382	0.01545	0.01955	0.01977	0.01304	0.05973	0.01127	0.01281	0.00815	0.00582	0.00549	0.00184	0.00833	0.00439	0.00290	0.00887
12	0.01320	0.01086	0.01275	0.00913	0.01455	0.00819	0.00731	0.01591	0.01286	0.04511	0.01134	0.01297	0.00928	0.00464	0.00459	0.00094	0.00456	0.00371	0.00376	0.79435
13	0.00890	0.00593	0.00668	0.00668	0.00668	0.00593	0.00371	0.00890	0.00890	0.01187	0.01929	0.04006	0.02225	0.78487	0.03116	0.00593	0.00593	0.00890	0.00371	0.00371
14	0.02287	0.02917	0.01735	0.01577	0.01892	0.76030	0.01183	0.02444	0.01735	0.01498	0.00946	0.01104	0.00788	0.00631	0.00552	0.00158	0.01104	0.00394	0.00315	0.00710
15	0.01317	0.00988	0.05184	0.00967	0.01258	0.00883	0.00799	0.01932	0.17884	0.13826	0.35708	0.03615	0.10979	0.01072	0.00675	0.00197	0.00406	0.00918	0.00642	0.00751
16	0.01269	0.01088	0.01269	0.00907	0.01451	0.00816	0.00725	0.01541	0.01269	0.01995	0.01088	0.01269	0.00907	0.00453	0.00453	0.00091	0.00453	0.00363	0.00363	0.82229
17	0.00866	0.00626	0.00818	0.00770	0.00914	0.00578	0.00578	0.01155	0.01733	0.02455	0.74346	0.04572	0.05776	0.01251	0.00722	0.00193	0.00289	0.01107	0.00674	0.00578
18	0.02027	0.33265	0.02323	0.01365	0.01764	0.46614	0.01129	0.02200	0.01538	0.01475	0.00908	0.01055	0.00787	0.00588	0.00488	0.00147	0.00924	0.00367	0.00294	0.00740
19	0.01341	0.01086	0.01277	0.00915	0.01456	0.00820	0.00734	0.01611	0.01293	0.05529	0.01152	0.01309	0.00936	0.00468	0.00461	0.00095	0.00457	0.00375	0.00382	0.78303
20	0.00977	0.01623	0.30041	0.01120	0.01577	0.00896	0.01215	0.01403	0.01486	0.02077	0.30701	0.03572	0.18791	0.01053	0.00667	0.00196	0.00535	0.00890	0.00488	0.00693
21	0.02696	0.01112	0.03869	0.01111	0.01599	0.00917	0.00945	0.02949	0.01737	0.72669	0.02371	0.02057	0.01491	0.00752	0.00614	0.00190	0.00534	0.00610	0.00741	0.01037
22	0.00746	0.00533	0.00710	0.00852	0.00888	0.00497	0.00568	0.00852	0.01172	0.01563	0.03374	0.78088	0.04049	0.01918	0.00781	0.00249	0.00355	0.01740	0.00568	0.00497
23	0.78213	0.01249	0.02899	0.00884	0.01283	0.01380	0.02908	0.01808	0.01061	0.02701	0.00871	0.01022	0.00674	0.00567	0.00395	0.00190	0.00502	0.00347	0.00374	0.00674
24	0.00723	0.00620	0.00620	0.00620	0.00827	0.00517	0.00465	0.00878	0.01395	0.01654	0.06201	0.05891	0.74421	0.01550	0.00723	0.00207	0.00310	0.01292	0.00568	0.00517
25	0.01269	0.01088	0.01269	0.00907	0.01451	0.00816	0.00725	0.01541	0.01269	0.01995	0.01088	0.01269	0.00907	0.00453	0.00453	0.00091	0.00453	0.00363	0.00363	0.82229
26	0.01637	0.78856	0.03208	0.01047	0.01571	0.02422	0.01047	0.01833	0.01244	0.01440	0.00851	0.00982	0.00786	0.00524	0.00393	0.00131	0.00655	0.00327	0.00262	0.00786
27	0.00874	0.00656	0.00984	0.00984	0.01093	0.00765	0.00765	0.01093	0.00984	0.01421	0.01640	0.02405	0.01530	0.04591	0.76062	0.00984	0.01640	0.00656	0.00328	0.00547
28	0.00885	0.00591	0.00669	0.00675	0.00676	0.00590	0.00378	0.00889	0.00901	0.01201	0.01984	0.06824	0.02295	0.75575	0.03027	0.00580	0.00584	0.00923	0.00378	0.00376
29	0.01624	0.76477	0.05474	0.01069	0.01605	0.02391	0.01086	0.01836	0.01245	0.01456	0.00859	0.00992	0.00785	0.00526	0.00399	0.00133	0.00662	0.00331	0.00262	0.00789
30	0.00805	0.00623	0.00734	0.00706	0.00877	0.00552	0.00530	0.01037	0.01589	0.02113	0.45281	0.05135	0.35054	0.01379	0.00723	0.00199	0.00298	0.01186	0.00629	0.00552
31	0.00723	0.00620	0.00620	0.00620	0.00827	0.00517	0.00465	0.00878	0.01395	0.01654	0.06201	0.05891	0.74421	0.01550	0.00723	0.00207	0.00310	0.01292	0.00568	0.00517
32	0.01614	0.59162	0.05246	0.01571	0.14701	0.03854	0.01235	0.01891	0.02936	0.01583	0.00952	0.01120	0.00843	0.00539	0.00446	0.00144	0.00682	0.00380	0.00279	0.00825
33	0.01523	0.01315	0.01384	0.01246	0.01592	0.01523	0.00969	0.03253	0.73563	0.02561	0.02491	0.02284	0.01869	0.00830	0.00623	0.00208	0.00484	0.00692	0.00623	0.00969
34	0.01269	0.01088	0.01269	0.00907	0.01451	0.00816	0.00725	0.01541	0.01269	0.01995	0.01088	0.01269	0.00907	0.00453	0.00453	0.00091	0.00453	0.00363	0.00363	0.82229
35	0.00986	0.00705	0.00986	0.01127	0.01268	0.00705	0.00986	0.01268	0.01409	0.01832	0.03241	0.06905	0.03523	0.01691	0.00845	0.00282	0.00564	0.70549	0.00564	0.00564
36	0.01637	0.78856	0.03208	0.01047	0.01571	0.02422	0.01047	0.01833	0.01244	0.01440	0.00851	0.00982	0.00786	0.00524	0.00393	0.00131	0.00655	0.00327	0.00262	0.00786
37	0.00886	0.00592	0.00669	0.00673	0.00673	0.00591	0.00376	0.00889	0.00898	0.01197	0.01967	0.05968	0.02274	0.76460	0.03054	0.00584	0.00587	0.00913	0.00376	0.00374
38	0.82811	0.01184	0.00900	0.00805	0.01184	0.01373	0.00663	0.01799	0.01042	0.02746	0.00852	0.00994	0.00663	0.00568	0.00379	0.00189	0.00474	0.00331	0.00379	0.00663
39	0.01523	0.01315	0.01384	0.01246	0.01592	0.01523	0.00969	0.03253	0.73563	0.02561	0.02491	0.02284	0.01869	0.00830	0.00623	0.00208	0.00484	0.00692	0.00623	0.00969
40	0.00723	0.00620	0.00620	0.00620	0.00827	0.00517	0.00465	0.00878	0.01395	0.01654	0.06201	0.05891	0.74421	0.01550	0.00723	0.00207	0.00310	0.01292	0.00568	0.00517
41	0.01132	0.00573	0.00584	0.00584	0.00726	0.00577	0.00439	0.01415	0.01274	0.02254	0.01985	0.02286	0.01568	0.00842	0.02934	0.00171	0.00330	0.00573	0.79183	0.00570
42	0.02038	0.08165	0.02052	0.06347	0.05838	0.16887	0.04774	0.36333	0.02134	0.02692	0.01218	0.01369	0.00930	0.00690	0.00679	0.00182	0.05824	0.00508	0.00449	0.00892
43	0.02206	0.05695	0.03815	0.01541	0.01890	0.64793	0.01198	0.05831	0.04450	0.01662	0.01030	0.01166	0.00841	0.00638	0.00552	0.00161	0.01037	0.00412	0.00338	0.00744
44	0.00765	0.00541	0.00705	0.00828	0.00859	0.00510	0.00543	0.00857	0.01135	0.01514	0.03186	0.68449	0.03811	0.11880	0.01085	0.00293	0.00386	0.01630	0.00543	0.00481
45	0.01228	0.03166	0.75316	0.01745	0.02649	0.01422	0.02262	0.01939	0.01292	0.01939	0.01099	0.01292	0.00775	0.00582	0.00582	0.00194	0.00905	0.00452	0.00258	0.00905
46	0.04265	0.01731	0.02139	0.09900	0.23168	0.15564	0.08265	0.13980	0.03262	0.02155	0.01154	0.01438	0.00922	0.00659	0.00747	0.00192	0.08717	0.00530	0.00361	0.00849
47	0.74818	0.01318	0.00986	0.00876	0.01254	0.06455	0.00714	0.04069	0.01146	0.02697	0.00878	0.01017	0.00683	0.00578	0.00398	0.00187	0.00523	0.00343	0.00382	0.00678
48	0.07590	0.18874	0.03259	0.03912	0.01487	0.13758	0.00925	0.03922	0.05006	0.02023	0.24365	0.04475	0.04192	0.00877	0.00615	0.00177	0.02707	0.00687	0.00454	0.00696
49	0.01495	0.01429	0.02403	0.03600	0.70535	0.01433	0.01815	0.01896	0.03639	0.02009	0.01320	0.01649	0.02849	0.00580	0.00609	0.00183	0.00709	0.00569	0.00320	0.00958
50	0.00874	0.00656	0.00984	0.00984	0.01093	0.00765	0.00765	0.01093	0.00984	0.01421	0.01640	0.02405	0.01530	0.04591	0.76062	0.00984	0.01640	0.00656	0.00328	0.00547
51	0.01064	0.00811	0.01138	0.03675	0.07441	0.00825	0.01030	0.03786	0.03423	0.01896	0.03044	0.12546	0.05841	0.01521	0.00794	0.00260	0.00558	0.49192	0.00537	0.00621
52	0.02250	0.07249	0.01822	0.01542	0.01874	0.69975	0.01174	0.04139	0.01735	0.01553	0.00954	0.01106	0.00795	0.00627	0.00544	0.00157	0.01067	0.00394	0.00320	0.00722
53	0.02342	0.01690	0.01822	0.01397	0.01886	0.01861	0.01154	0.70054	0.02836	0.06490	0.01505	0.01492	0.01059	0.00736	0.00612	0.00184	0.00668	0.00553	0.00618	0.01041
54	0.03313	0.02920	0.65232	0.01811	0.05085	0.01412	0.05561	0.01966	0.01311	0.04207	0.01141	0.01334	0.00809	0.00582	0.00585	0.00194	0.00882	0.00471	0.00281	0.00901
55	0.01696	0.74718	0.03113	0.01050	0.01571	0.02341	0.01040	0.01894	0.01271	0.05356	0.00934	0.01041	0.00824	0.00536	0.00405	0.00134	0.00648	0.00343	0.00288	0.00799
56	0.00866	0.00626	0.00818	0.00770	0.00914	0.00578	0.00578	0.01155	0.01733	0.02455	0.74346	0.04572	0.05776	0.01251	0.00722	0.00193	0.00289	0.01107	0.00674	0.00578
57	0.00874	0.00632	0.00877	0.00883	0.00956	0.00703	0.00638	0.01022	0.00962	0.01355	0.01793	0.05727	0.01836	0.26972	0.51049	0.00837	0.01273	0.00768	0.00350	0.00491
58	0.01490	0.01423	0.02425	0.05788	0.70642	0.01431	0.01849	0.01853	0.01389	0.01983	0.01207	0.01666	0.01035	0.00579	0.00613	0.00185	0.00725	0.02458	0.00309	0.00950
59	0.01637	0.78856	0.03208	0.01047	0.01571	0.02422	0.01047	0.01833	0.01244	0.01440	0.00851	0.00982	0.00786	0.00524	0.00393	0.00131	0.00655	0.00327	0.00262	0.00786
60	0.00866	0.00626	0.00818	0.00770	0.00914	0.00578	0.00578	0.01155	0.01733	0.02455	0.74346	0.04572	0.05776	0.01251	0.00722	0.00193	0.00289	0.01107	0.00674	0.00578
61	0.01439	0.01810	0.10386	0.04373	0.04907	0.03394	0.60392	0.01959	0.01431	0.01938	0.01212	0.01599	0.00909	0.00528	0.00699	0.00203	0.01009	0.00679	0.00304	0.00830
62	0.00879	0.00657	0.00919	0.00916	0.01003	0.00741	0.00682	0.01045	0.00990	0.01392	0.01954	0.05468	0.05260	0.19025	0.53118	0.00822	0.03495	0.00767	0.00355	0.00512
63	0.00728	0.00620	0.00626	0.00624	0.00829	0.00519	0.00468	0.00887	0.01405	0.01677	0.08188	0.05853	0.72420	0.01542	0.00723	0.00206	0.00309	0.01287	0.00572	0.00519
64	0.01063	0.00532	0.00797	0.00797	0.00797	0.00532	0.00532	0.00797	0.00797	0.01063	0.01063	0.01861	0.01063	0.02127	0.02392	0.82190	0.00532	0.00532	0.00266	0.00266
65	0.06028	0.36304	0.22671	0.01349	0.01922	0.19022	0.01393	0.02001	0.01359	0.01661	0.00941	0.01096	0.00777	0.00567	0.00481	0.00158	0.00817	0.00377	0.00280	0.00794
66	0.02287	0.02917	0.01735	0.01577	0.01892	0.76030	0.01183	0.02444	0.01735	0.01498	0.00946	0.01104	0.00788	0.00631	0.00552	0.00158	0.01104	0.00394	0.00315	0.00710
67	0.01141	0.00571	0.00571	0.00571	0.00713	0.00571	0.00428	0.01426	0.01284	0.02282	0.01997	0.02282	0.01569	0.00713	0.00428	0.00143	0.00285	0.00571	0.81886	0.00571
68	0.01269	0.01029	0.01206	0.01107	0.01302	0.04643	0.00867	0.11111	0.11411	0.01954	0.01686	0.02189	0.01462	0.05489	0.40913	0.00628	0.05459	0.00631	0.04963	0.00682
69	0.01489	0.01428	0.02438	0.09002	0.69625	0.01448	0.01866	0.01856	0.01382	0.01969	0.01147	0.01523	0.00959	0.00550	0.00606	0.00183	0.00734	0.00545	0.00301	0.00949
70	0.00874	0.00656	0.00984	0.00984	0.01093	0.00765	0.00765	0.01093	0.00984	0.01421	0.01640	0.02405	0.01530	0.04591	0.76062	0.00984	0.01640	0.00656	0.00328	0.00547
71	0.02287	0.02917	0.01735	0.01577	0.01892	0.76030	0.01183	0.02444	0.01735	0.01498	0.00946	0.01104	0.00788	0.00631	0.00552	0.00158	0.01104	0.00394	0.00315	0.00710
72	0.02216	0.02479	0.01837	0.01762	0.09417	0.50633	0.01250	0.19132	0.01972	0.02113	0.01092	0.01234	0.00867	0.00647	0.00572	0.00166	0.00962	0.00447	0.00385	0.00816
73	0.01515	0.01454	0.02485	0.03757	0.74669	0.01454	0.01879	0.01879	0.01394	0.02000	0.01151	0.01515	0.00970	0.00545	0.00606	0.00182	0.00727	0.00545	0.00303	0.00970
74	0.82811	0.01184	0.00900	0.00805	0.01184	0.01373	0.00663	0.01799	0.01042	0.02746	0.00852	0.00994	0.00663	0.00568	0.00379	0.00189	0.00474	0.00331	0.00379	0.00663
75	0.01637	0.78856	0.03208	0.01047	0.01571	0.02422	0.01047	0.01833	0.01244	0.01440	0.00851	0.00982	0.00786	0.00524	0.00393	0.00131	0.00655	0.00327	0.00262	0.00786
76	0.00979	0.00677	0.01008	0.00990	0.01119	0.00773	0.00773	0.01199	0.01027	0.05539	0.01683	0.02387	0.01529	0.04377	0.71845	0.00939	0.01577	0.00654	0.00352	0.00574
77	0.00748	0.00621	0.00654	0.00646	0.00842	0.00527	0.00484	0.00926	0.01453	0.01791	0.17924	0.05664	0.62612	0.01499	0.00723	0.00204	0.00306	0.01260	0.00587	0.00527
78	0.00806	0.00596	0.00762	0.00839	0.00945	0.00551	0.00621	0.00988	0.01366	0.01807	0.18462	0.38497	0.16773	0.01678	0.00769	0.00235	0.00368	0.12821	0.00589	0.00528
79	0.01504	0.54297	0.26604	0.01274	0.01921	0.02097	0.01441	0.01867	0.01260	0.01602	0.00931	0.01083	0.00782	0.00542	0.00454	0.00151	0.00736	0.00368	0.00261	0.00824
80	0.00746	0.00533	0.00710	0.00852	0.00888	0.00497	0.00568	0.00852	0.01172	0.01563	0.03374	0.78088	0.04049	0.01918	0.00781	0.00249	0.00355	0.01740	0.00568	0.00497
81	0.00986	0.00705	0.00986	0.01127	0.01268	0.00705	0.00986	0.01268	0.01409	0.01832	0.03241	0.06905	0.03523	0.01691	0.00845	0.00282	0.00564	0.70549	0.00564	0.00564
82	0.01418	0.01356	0.02310	0.23496	0.55686	0.01429	0.01830	0.01794	0.01348	0.01882	0.01134	0.01547	0.00928	0.00563	0.00608	0.00188	0.00751	0.00545	0.00295	0.00892
83	0.01156	0.01088	0.01836	0.77016	0.04216	0.01360	0.01700	0.01564	0.01224	0.01564	0.01088	0.01632	0.00816	0.00612	0.00612	0.00204	0.00816	0.00544	0.00272	0.00680
84	0.00866	0.00626	0.00818	0.00770	0.00914	0.00578	0.00578	0.01155	0.01733	0.02455	0.74346	0.04572	0.05776	0.01251	0.00722	0.00193	0.00289	0.01107	0.00674	0.00578
85	0.01515	0.01454	0.02485	0.03757	0.74669	0.01454	0.01879	0.01879	0.01394	0.02000	0.01151	0.01515	0.00970	0.00545	0.00606	0.00182	0.00727	0.00545	0.00303	0.00970
86	0.01515	0.01454	0.02485	0.03757	0.74669	0.01454	0.01879	0.01879	0.01394	0.02000	0.01151	0.01515	0.00970	0.00545	0.00606	0.00182	0.00727	0.00545	0.00303	0.00970
87	0.10478	0.02612	0.01643	0.01472	0.01808	0.62011	0.01118	0.05793	0.01720	0.04538	0.01018	0.01148	0.00816	0.00634	0.00540	0.00163	0.00997	0.00404	0.00353	0.00734
88	0.00885	0.00591	0.00669	0.00674	0.00676	0.00590	0.00378	0.00889	0.00901	0.01201	0.01982	0.06743	0.02293	0.75658	0.03029	0.00581	0.00585	0.00922	0.00378	0.00376
89	0.01356	0.00913	0.01144	0.01136	0.01374	0.00942	0.00954	0.07540	0.13354	0.10078	0.02999	0.07813	0.05472	0.01374	0.00758	0.00248	0.00538	0.40693	0.00599	0.00716
90	0.01515	0.01454	0.02485	0.03757	0.74669	0.01454	0.01879	0.01879	0.01394	0.02000	0.01151	0.01515	0.00970	0.00545	0.00606	0.00182	0.00727	0.00545	0.00303	0.00970
91	0.01049	0.00936	0.01096	0.01071	0.01198	0.09363	0.00829	0.01255	0.01072	0.01435	0.01571	0.04052	0.01480	0.03944	0.62871	0.00845	0.04385	0.00648	0.00330	0.00569
92	0.01063	0.00532	0.00797	0.00797	0.00797	0.00532	0.00532	0.00797	0.00797	0.01063	0.01063	0.01861	0.01063	0.02127	0.02392	0.82190	0.00532	0.00532	0.00266	0.00266
93	0.01464	0.01159	0.01272	0.01165	0.01463	0.01296	0.00899	0.06373	0.50632	0.05949	0.04503	0.15074	0.02316	0.01036	0.00656	0.00214	0.00471	0.02561	0.00620	0.00877
94	0.08005	0.01113	0.01425	0.01100	0.01569	0.01023	0.00908	0.09354	0.01809	0.63710	0.02224	0.01955	0.01415	0.00743	0.00600	0.00189	0.00532	0.00591	0.00719	0.01017
95	0.02677	0.01026	0.01398	0.01077	0.01539	0.00888	0.00888	0.02916	0.01751	0.72409	0.05073	0.02175	0.01673	0.00776	0.00620	0.00190	0.00512	0.00634	0.00755	0.01025
96	0.80501	0.03394	0.00965	0.00812	0.01195	0.01403	0.00674	0.01800	0.01047	0.02709	0.00852	0.00994	0.00666	0.00567	0.00379	0.00188	0.00479	0.00331	0.00375	0.00666
97	0.00746	0.00533	0.00710	0.00852	0.00888	0.00497	0.00568	0.00852	0.01172	0.01563	0.03374	0.78088	0.04049	0.01918	0.00781	0.00249	0.00355	0.01740	0.00568	0.00497
98	0.00962	0.00721	0.01009	0.00980	0.01088	0.00832	0.00747	0.04536	0.01060	0.01507	0.01645	0.02553	0.01582	0.14847	0.59535	0.00866	0.03953	0.00680	0.00346	0.00549
99	0.06849	0.01592	0.01564	0.01292	0.01698	0.07531	0.01036	0.36783	0.25626	0.03106	0.01750	0.01717	0.01293	0.00747	0.00588	0.00188	0.00615	0.00572	0.04508	0.00946
100	0.05496	0.35500	0.38419	0.01394	0.02091	0.04169	0.01628	0.01902	0.01273	0.01751	0.00975	0.01139	0.00775	0.00558	0.00490	0.00166	0.00782	0.00391	0.00268	0.00836
101	0.01388	0.01391	0.02447	0.05518	0.02365	0.04173	0.34469	0.03942	0.01398	0.03642	0.07689	0.03689	0.01530	0.03088	0.03140	0.00244	0.13335	0.02637	0.00370	0.03546
102	0.04140	0.03423	0.01720	0.01310	0.01743	0.01334	0.09831	0.25174	0.07132	0.04889	0.01729	0.12290	0.01527	0.00828	0.00607	0.00178	0.00598	0.02203	0.00501	0.18845
103	0.01623	0.05385	0.08909	0.15567	0.16837	0.03794	0.14313	0.08299	0.03336	0.09582	0.01370	0.01718	0.01053	0.00649	0.00662	0.00195	0.02985	0.02477	0.00382	0.00863
104	0.24281	0.04348	0.10181	0.12095	0.05738	0.08238	0.01243	0.17122	0.01631	0.07980	0.01188	0.01339	0.00874	0.00629	0.00531	0.00186	0.00695	0.00460	0.00415	0.00827

[dist]
# distance from previous block
# <min> <max>
20	91

[block]
# block no. 7 follows, 37 sequences, length 24
# corresponding to MSA columns:
# 897-920
name=unknown_H
#
# <colnr> <probs for GDERKNQSTAVLIFYWHMCP>
#	G	D	E	R	K	N	Q	S	T	A	V	L	I	F	Y	W	H	M	C	P
0	0.01476	0.16381	0.02307	0.31145	0.26499	0.06174	0.01582	0.04254	0.01372	0.01759	0.01068	0.01430	0.00866	0.00579	0.00564	0.00179	0.00768	0.00494	0.00295	0.00809
1	0.01292	0.01253	0.02062	0.39640	0.19701	0.01510	0.04359	0.01630	0.01204	0.01658	0.01041	0.01537	0.00853	0.00701	0.00944	0.00214	0.18825	0.00549	0.00280	0.00749
2	0.01339	0.01339	0.01875	0.01607	0.01607	0.01875	0.01339	0.01473	0.00937	0.01473	0.00804	0.01339	0.00804	0.01071	0.02009	0.00268	0.77367	0.00536	0.00268	0.00670
3	0.01515	0.01454	0.02485	0.03757	0.74669	0.01454	0.01879	0.01879	0.01394	0.02000	0.01151	0.01515	0.00970	0.00545	0.00606	0.00182	0.00727	0.00545	0.00303	0.00970
4	0.04626	0.07459	0.14624	0.01434	0.01900	0.15951	0.01313	0.29755	0.01974	0.02574	0.03777	0.03186	0.01132	0.00740	0.00691	0.00185	0.06851	0.00527	0.00435	0.00865
5	0.18880	0.62356	0.02717	0.00996	0.01489	0.02199	0.00966	0.01826	0.01201	0.01718	0.00851	0.00985	0.00759	0.00533	0.00390	0.00143	0.00616	0.00328	0.00287	0.00759
6	0.01141	0.00571	0.00571	0.00571	0.00713	0.00571	0.00428	0.01426	0.01284	0.02282	0.01997	0.02282	0.01569	0.00713	0.00428	0.00143	0.00285	0.00571	0.81886	0.00571
7	0.01021	0.00655	0.00914	0.00952	0.01082	0.00606	0.02897	0.01188	0.01310	0.09637	0.06074	0.50697	0.07907	0.01670	0.00764	0.00241	0.00417	0.10805	0.00584	0.00580
8	0.01141	0.00571	0.00571	0.00571	0.00713	0.00571	0.00428	0.01426	0.01284	0.02282	0.01997	0.02282	0.01569	0.00713	0.00428	0.00143	0.00285	0.00571	0.81886	0.00571
9	0.02746	0.01042	0.01421	0.01089	0.01563	0.00900	0.00900	0.02983	0.01752	0.75093	0.02415	0.02083	0.01515	0.00758	0.00616	0.00189	0.00521	0.00616	0.00758	0.01042
10	0.00770	0.00622	0.00685	0.00669	0.00856	0.00537	0.00502	0.00969	0.01506	0.01916	0.28524	0.05459	0.51934	0.01452	0.00723	0.00202	0.00303	0.01231	0.00603	0.00537
11	0.01141	0.00571	0.00571	0.00571	0.00713	0.00571	0.00428	0.01426	0.01284	0.02282	0.01997	0.02282	0.01569	0.00713	0.00428	0.00143	0.00285	0.00571	0.81886	0.00571
12	0.04080	0.00819	0.01261	0.01053	0.01296	0.00762	0.12694	0.01272	0.01604	0.02254	0.48288	0.04153	0.15744	0.01149	0.00709	0.00197	0.00425	0.01042	0.00584	0.00613
13	0.00863	0.00619	0.00838	0.00931	0.01032	0.00593	0.00722	0.01080	0.01400	0.01887	0.21384	0.33641	0.04298	0.01666	0.00789	0.00246	0.00414	0.26462	0.00593	0.00542
14	0.01319	0.01205	0.01826	0.08893	0.38335	0.01248	0.01418	0.01879	0.13563	0.01991	0.02305	0.02824	0.11871	0.00859	0.00650	0.00202	0.00618	0.07738	0.00419	0.00839
15	0.01156	0.01088	0.01836	0.77016	0.04216	0.01360	0.01700	0.01564	0.01224	0.01564	0.01088	0.01632	0.00816	0.00612	0.00612	0.00204	0.00816	0.00544	0.00272	0.00680
16	0.01156	0.01088	0.01836	0.77016	0.04216	0.01360	0.01700	0.01564	0.01224	0.01564	0.01088	0.01632	0.00816	0.00612	0.00612	0.00204	0.00816	0.00544	0.00272	0.00680
17	0.01300	0.01235	0.02096	0.47649	0.32458	0.01398	0.01772	0.01690	0.01292	0.01739	0.01113	0.01585	0.00878	0.00585	0.00610	0.00195	0.00780	0.00545	0.00284	0.00796
18	0.01344	0.01347	0.02499	0.27647	0.28838	0.01408	0.20840	0.01753	0.01342	0.01826	0.01248	0.04821	0.01037	0.00617	0.00647	0.00199	0.00823	0.00643	0.00306	0.00815
19	0.01228	0.03166	0.75316	0.01745	0.02649	0.01422	0.02262	0.01939	0.01292	0.01939	0.01099	0.01292	0.00775	0.00582	0.00582	0.00194	0.00905	0.00452	0.00258	0.00905
20	0.01184	0.01117	0.01887	0.71232	0.09778	0.01367	0.01714	0.01589	0.01237	0.01598	0.01093	0.01623	0.00828	0.00607	0.00612	0.00202	0.00809	0.00544	0.00274	0.00703
21	0.01283	0.15772	0.57307	0.01616	0.02408	0.01554	0.04437	0.01873	0.01284	0.01838	0.01163	0.04678	0.00928	0.00629	0.00564	0.00186	0.00842	0.00498	0.00275	0.00864
22	0.12920	0.02448	0.48071	0.07129	0.05715	0.01381	0.04844	0.01962	0.01295	0.07088	0.01162	0.01354	0.00829	0.00590	0.00564	0.00194	0.00808	0.00469	0.00315	0.00863
23	0.01599	0.07236	0.01510	0.01346	0.07060	0.24653	0.00978	0.11027	0.05026	0.01954	0.02857	0.03000	0.24262	0.00977	0.00623	0.00184	0.00683	0.03848	0.00455	0.00723

[dist]
# distance from previous block
# <min> <max>
1	19

[block]
# block no. 8 follows, 37 sequences, length 10
# corresponding to MSA columns:
# 946-955
name=unknown_I
#
# <colnr> <probs for GDERKNQSTAVLIFYWHMCP>
#	G	D	E	R	K	N	Q	S	T	A	V	L	I	F	Y	W	H	M	C	P
0	0.05520	0.01067	0.02777	0.01147	0.01398	0.01087	0.06864	0.11925	0.04159	0.05069	0.05781	0.13622	0.08443	0.14372	0.01214	0.00276	0.08043	0.02646	0.00480	0.04110
1	0.01628	0.05970	0.02106	0.07378	0.38841	0.13868	0.03086	0.01921	0.01453	0.07022	0.01671	0.03755	0.07258	0.00697	0.00603	0.00181	0.00739	0.00610	0.00362	0.00849
2	0.03162	0.01226	0.02110	0.01851	0.09997	0.01199	0.23851	0.01719	0.02850	0.04948	0.05466	0.02750	0.01722	0.03023	0.00854	0.00215	0.07057	0.13376	0.00406	0.12217
3	0.04290	0.07023	0.60297	0.01563	0.02343	0.01383	0.01948	0.01841	0.01329	0.01998	0.09135	0.01625	0.01322	0.00652	0.00579	0.00190	0.00807	0.00513	0.00309	0.00853
4	0.24117	0.04173	0.32344	0.01636	0.12607	0.01335	0.01512	0.01790	0.01291	0.02225	0.10207	0.01644	0.01399	0.00655	0.00541	0.00189	0.00673	0.00511	0.00351	0.00802
5	0.01913	0.08039	0.01629	0.01224	0.01621	0.08768	0.01002	0.26878	0.15365	0.11181	0.02286	0.02405	0.09416	0.00870	0.00615	0.00190	0.00615	0.04527	0.00565	0.00889
6	0.01905	0.01439	0.01668	0.01537	0.09687	0.01554	0.01114	0.49204	0.02365	0.03180	0.04156	0.10030	0.03922	0.02931	0.00707	0.00204	0.00617	0.02296	0.00567	0.00916
7	0.12903	0.04233	0.01432	0.07432	0.01689	0.01106	0.05398	0.09349	0.01432	0.05161	0.01797	0.14822	0.04264	0.00862	0.00573	0.00174	0.00540	0.02774	0.00442	0.23615
8	0.12680	0.00864	0.00959	0.00878	0.01097	0.04353	0.02476	0.01411	0.01528	0.08101	0.37034	0.11865	0.12099	0.01174	0.00663	0.00198	0.00402	0.01004	0.00588	0.00624
9	0.13386	0.21121	0.31786	0.01405	0.02019	0.17172	0.01512	0.01998	0.01336	0.01844	0.00971	0.01135	0.00764	0.00576	0.00500	0.00170	0.00823	0.00392	0.00289	0.00800

[dist]
# distance from previous block
# <min> <max>
9	12

[block]
# block no. 9 follows, 37 sequences, length 6
# corresponding to MSA columns:
# 968-973
name=unknown_J
#
# <colnr> <probs for GDERKNQSTAVLIFYWHMCP>
#	G	D	E	R	K	N	Q	S	T	A	V	L	I	F	Y	W	H	M	C	P
0	0.06234	0.09955	0.22714	0.05446	0.02506	0.16541	0.21864	0.01995	0.01391	0.01821	0.01059	0.01327	0.00819	0.00583	0.00632	0.00186	0.03329	0.00506	0.00293	0.00799
1	0.02035	0.05084	0.07406	0.01307	0.01811	0.01611	0.01141	0.46841	0.02323	0.08497	0.01542	0.05592	0.01191	0.00747	0.00591	0.00175	0.00637	0.00581	0.00549	0.10341
2	0.01310	0.01004	0.01500	0.06782	0.01756	0.00928	0.10815	0.05472	0.01436	0.08821	0.05018	0.20588	0.02201	0.01035	0.00658	0.00192	0.00561	0.08388	0.00483	0.21053
3	0.06241	0.35692	0.11139	0.04084	0.01941	0.05652	0.08868	0.01896	0.01284	0.06741	0.01078	0.01292	0.00882	0.00793	0.04242	0.00209	0.06417	0.00447	0.00314	0.00787
4	0.03224	0.01265	0.01543	0.04966	0.01768	0.03653	0.07246	0.08388	0.24092	0.02248	0.02093	0.04713	0.06515	0.00830	0.00664	0.00186	0.03569	0.04338	0.00484	0.18214
5	0.05582	0.50858	0.09335	0.01149	0.01646	0.06315	0.01129	0.06710	0.01355	0.01719	0.00998	0.01189	0.00868	0.00943	0.07715	0.00227	0.00791	0.00390	0.00301	0.00781

[dist]
# distance from previous block
# <min> <max>
67	133

[block]
# block no. 10 follows, 37 sequences, length 9
# corresponding to MSA columns:
# 1130-1138
name=unknown_K
#
# <colnr> <probs for GDERKNQSTAVLIFYWHMCP>
#	G	D	E	R	K	N	Q	S	T	A	V	L	I	F	Y	W	H	M	C	P
0	0.03601	0.12863	0.28904	0.08991	0.07602	0.06341	0.01598	0.10133	0.01494	0.02027	0.01345	0.06205	0.01167	0.00734	0.00582	0.00190	0.00771	0.04279	0.00347	0.00825
1	0.01442	0.01454	0.04813	0.19311	0.19703	0.10059	0.06764	0.01897	0.07641	0.03923	0.01599	0.04066	0.01413	0.00830	0.00696	0.02475	0.00759	0.10002	0.00377	0.00776
2	0.01581	0.08324	0.07314	0.07649	0.04855	0.01621	0.16808	0.12376	0.01486	0.06953	0.01227	0.01550	0.00971	0.01002	0.06497	0.00264	0.17771	0.00570	0.00366	0.00813
3	0.01295	0.01479	0.10214	0.05965	0.12772	0.01307	0.27600	0.01721	0.05116	0.01812	0.01478	0.10626	0.01335	0.00905	0.00927	0.08223	0.05384	0.00747	0.00342	0.00752
4	0.01382	0.10610	0.08771	0.17102	0.34182	0.01500	0.09222	0.01765	0.01327	0.01814	0.01242	0.06062	0.01082	0.00638	0.00603	0.00188	0.00761	0.00602	0.00305	0.00843
