[name]
unknown

[dist]
# distance from previous block
# <min> <max>
19	55

[block]
# block no. 0 follows, 48 sequences, length 19
# corresponding to MSA columns:
# 69-87
name=unknown_A
#
# <colnr> <probs for GDERKNQSTAVLIFYWHMCP>
#	G	D	E	R	K	N	Q	S	T	A	V	L	I	F	Y	W	H	M	C	P
0	0.07566	0.04275	0.03080	0.01068	0.06762	0.01075	0.00813	0.16105	0.14842	0.11965	0.06158	0.01798	0.07564	0.00644	0.00484	0.00146	0.00442	0.00519	0.00446	0.14247
1	0.01281	0.00905	0.01046	0.00933	0.03125	0.02518	0.00709	0.07783	0.22355	0.14146	0.21547	0.04443	0.07730	0.00808	0.00564	0.00160	0.02084	0.00677	0.00512	0.06673
2	0.01237	0.01234	0.08382	0.04824	0.01478	0.05521	0.00900	0.03993	0.40094	0.04135	0.01790	0.03834	0.03964	0.00670	0.00504	0.00157	0.00476	0.02637	0.00431	0.13740
3	0.00739	0.00496	0.00642	0.00684	0.00763	0.00457	0.00476	0.00872	0.01130	0.05207	0.23455	0.47201	0.08024	0.06439	0.00755	0.00209	0.00299	0.01202	0.00498	0.00451
4	0.01236	0.01665	0.20712	0.01854	0.02405	0.01286	0.48869	0.09858	0.01302	0.01800	0.01041	0.01314	0.00773	0.00561	0.02783	0.00187	0.00821	0.00535	0.00278	0.00721
5	0.00643	0.00476	0.00601	0.00666	0.00740	0.00434	0.00463	0.00771	0.01113	0.01479	0.18953	0.51975	0.16932	0.01437	0.00636	0.00192	0.00279	0.01282	0.00495	0.00434
6	0.00718	0.00496	0.00677	0.00737	0.00766	0.00509	0.00509	0.00761	0.00888	0.01201	0.02154	0.48192	0.02501	0.09484	0.08583	0.14172	0.04294	0.02583	0.00388	0.00387
7	0.01935	0.01361	0.01481	0.01146	0.01547	0.01491	0.00943	0.64881	0.07674	0.10184	0.01366	0.01328	0.00959	0.00623	0.00514	0.00156	0.00542	0.00475	0.00525	0.00868
8	0.00891	0.00446	0.00668	0.00668	0.00668	0.00446	0.00446	0.00668	0.00668	0.00891	0.00891	0.01560	0.00891	0.01783	0.02005	0.85071	0.00446	0.00446	0.00223	0.00223
9	0.85592	0.00992	0.00754	0.00675	0.00992	0.01151	0.00556	0.01508	0.00873	0.02302	0.00714	0.00834	0.00556	0.00476	0.00318	0.00159	0.00397	0.00278	0.00318	0.00556
10	0.00982	0.00925	0.01562	0.77467	0.06702	0.01143	0.01431	0.01322	0.01032	0.01326	0.00914	0.01364	0.00689	0.00511	0.00513	0.00170	0.00681	0.00456	0.00229	0.00580
11	0.85592	0.00992	0.00754	0.00675	0.00992	0.01151	0.00556	0.01508	0.00873	0.02302	0.00714	0.00834	0.00556	0.00476	0.00318	0.00159	0.00397	0.00278	0.00318	0.00556
12	0.01976	0.01149	0.06795	0.01027	0.01435	0.01037	0.00889	0.17357	0.13994	0.46016	0.01798	0.01624	0.01195	0.00631	0.00514	0.00161	0.00480	0.00506	0.00563	0.00855
13	0.01888	0.01327	0.01486	0.01159	0.01525	0.01477	0.00956	0.58135	0.05254	0.12003	0.01309	0.01311	0.00930	0.00648	0.00622	0.00162	0.07994	0.00472	0.00501	0.00841
14	0.85592	0.00992	0.00754	0.00675	0.00992	0.01151	0.00556	0.01508	0.00873	0.02302	0.00714	0.00834	0.00556	0.00476	0.00318	0.00159	0.00397	0.00278	0.00318	0.00556
15	0.01211	0.01384	0.03028	0.02163	0.02682	0.01298	0.76903	0.01644	0.01211	0.01644	0.01038	0.01384	0.00779	0.00433	0.00606	0.00173	0.00865	0.00606	0.00260	0.00692
16	0.00635	0.00454	0.00604	0.00708	0.00746	0.00423	0.00477	0.00738	0.01026	0.01379	0.09835	0.74428	0.03528	0.01556	0.00650	0.00204	0.00293	0.01410	0.00485	0.00423
17	0.85592	0.00992	0.00754	0.00675	0.00992	0.01151	0.00556	0.01508	0.00873	0.02302	0.00714	0.00834	0.00556	0.00476	0.00318	0.00159	0.00397	0.00278	0.00318	0.00556
18	0.58579	0.00952	0.00833	0.00757	0.01005	0.02591	0.00609	0.01436	0.04090	0.02063	0.04527	0.06901	0.02982	0.00655	0.00500	0.00168	0.07853	0.00445	0.02506	0.00549

[dist]
# distance from previous block
# <min> <max>
1	4

[block]
# block no. 1 follows, 48 sequences, length 13
# corresponding to MSA columns:
# 92-104
name=unknown_B
#
# <colnr> <probs for GDERKNQSTAVLIFYWHMCP>
#	G	D	E	R	K	N	Q	S	T	A	V	L	I	F	Y	W	H	M	C	P
0	0.01165	0.00994	0.01319	0.01596	0.27263	0.01014	0.00952	0.15643	0.10052	0.01950	0.06186	0.02609	0.25493	0.00807	0.00546	0.00162	0.00451	0.00691	0.00418	0.00689
1	0.01056	0.08966	0.73235	0.01416	0.02149	0.01258	0.01815	0.01618	0.01080	0.01592	0.00904	0.01063	0.00651	0.00484	0.00475	0.00158	0.00742	0.00371	0.00217	0.00750
2	0.01195	0.10998	0.49089	0.01496	0.02140	0.01344	0.15262	0.09421	0.01239	0.01749	0.00952	0.01125	0.00697	0.00486	0.00494	0.00158	0.00735	0.00417	0.00255	0.00747
3	0.01027	0.00890	0.00948	0.07379	0.01257	0.03604	0.00699	0.08069	0.26639	0.01811	0.05822	0.04569	0.31948	0.00949	0.00561	0.00172	0.00396	0.02175	0.00470	0.00615
4	0.04942	0.01353	0.18213	0.46541	0.10382	0.01171	0.07351	0.01438	0.01059	0.01485	0.00920	0.01274	0.00691	0.00494	0.00505	0.00167	0.00693	0.00443	0.00235	0.00642
5	0.00759	0.00607	0.00876	0.09251	0.09575	0.00612	0.00711	0.00913	0.01019	0.01349	0.02509	0.41234	0.10450	0.06661	0.04968	0.00248	0.00452	0.06925	0.00405	0.00477
6	0.00847	0.00630	0.00874	0.00849	0.00967	0.00715	0.00658	0.08770	0.01006	0.01415	0.01518	0.10634	0.01471	0.03269	0.63056	0.00688	0.01173	0.00640	0.00322	0.00496
7	0.01064	0.00912	0.01064	0.00760	0.01216	0.00684	0.00608	0.01292	0.01064	0.01672	0.00912	0.01064	0.00760	0.00380	0.00380	0.00076	0.00380	0.00304	0.00304	0.85104
8	0.05628	0.01204	0.01316	0.01048	0.01404	0.01308	0.00853	0.46006	0.12894	0.11695	0.09864	0.01655	0.01437	0.00670	0.00516	0.00158	0.00484	0.00527	0.00525	0.00807
9	0.01041	0.00838	0.01000	0.00786	0.01136	0.00688	0.00612	0.04154	0.01103	0.03799	0.01357	0.18228	0.01337	0.00671	0.00481	0.00113	0.02475	0.00565	0.00356	0.59260
10	0.00705	0.00531	0.00647	0.00632	0.00756	0.00489	0.00464	0.00931	0.03506	0.01788	0.48771	0.12057	0.21215	0.04377	0.00688	0.00183	0.00267	0.01001	0.00524	0.00468
11	0.01849	0.00905	0.01126	0.00883	0.01239	0.00834	0.00716	0.13236	0.03249	0.46742	0.05018	0.02074	0.09323	0.03032	0.00578	0.00163	0.00427	0.00573	0.00560	0.07473
12	0.04640	0.01553	0.01382	0.02900	0.01513	0.21730	0.00930	0.30143	0.18938	0.02227	0.01262	0.01341	0.00971	0.02612	0.00617	0.00166	0.05467	0.00454	0.00415	0.00737

[dist]
# distance from previous block
# <min> <max>
7	15

[block]
# block no. 2 follows, 48 sequences, length 6
# corresponding to MSA columns:
# 123-128
name=unknown_C
#
# <colnr> <probs for GDERKNQSTAVLIFYWHMCP>
#	G	D	E	R	K	N	Q	S	T	A	V	L	I	F	Y	W	H	M	C	P
0	0.01858	0.01151	0.01346	0.01116	0.04686	0.01194	0.00871	0.38516	0.07254	0.24949	0.05075	0.01566	0.01227	0.00632	0.00509	0.00153	0.00487	0.00502	0.03123	0.03785
1	0.01307	0.01046	0.01417	0.01130	0.05601	0.00923	0.09729	0.13371	0.01327	0.07663	0.01137	0.04293	0.00922	0.00494	0.00455	0.00115	0.00480	0.00433	0.00360	0.47797
2	0.01246	0.01089	0.01064	0.00960	0.01219	0.08738	0.00748	0.06101	0.43109	0.04457	0.09377	0.02530	0.12583	0.00819	0.00542	0.00170	0.00433	0.03620	0.00496	0.00699
3	0.01323	0.01133	0.01531	0.01115	0.01570	0.01030	0.13992	0.21333	0.01445	0.02079	0.01018	0.01164	0.00793	0.00451	0.00454	0.00113	0.00513	0.00398	0.00351	0.48191
4	0.74664	0.00926	0.00719	0.00649	0.00941	0.01064	0.00530	0.01468	0.00899	0.02252	0.00838	0.00973	0.00654	0.00492	0.00323	0.00154	0.00377	0.00304	0.11228	0.00546
5	0.01060	0.00956	0.01532	0.40128	0.06081	0.01125	0.08174	0.06024	0.01118	0.01537	0.05358	0.01608	0.01050	0.04968	0.00780	0.00190	0.10998	0.00513	0.06217	0.00585

[dist]
# distance from previous block
# <min> <max>
4	51

[block]
# block no. 3 follows, 48 sequences, length 50
# corresponding to MSA columns:
# 180-229
name=unknown_D
#
# <colnr> <probs for GDERKNQSTAVLIFYWHMCP>
#	G	D	E	R	K	N	Q	S	T	A	V	L	I	F	Y	W	H	M	C	P
0	0.10950	0.06134	0.02548	0.11504	0.03191	0.01193	0.02131	0.22221	0.06854	0.15311	0.05676	0.02623	0.01165	0.00601	0.00481	0.00153	0.00503	0.00479	0.00433	0.05849
1	0.17151	0.08620	0.04086	0.01000	0.04755	0.00994	0.05551	0.08621	0.02727	0.05695	0.07957	0.17424	0.04197	0.06301	0.00648	0.00190	0.00455	0.02642	0.00397	0.00590
2	0.08415	0.00756	0.06017	0.00736	0.00928	0.00637	0.00598	0.01075	0.02437	0.03111	0.29882	0.15042	0.07470	0.09796	0.00797	0.00201	0.01843	0.02003	0.00443	0.07812
3	0.01174	0.07006	0.52944	0.07477	0.04394	0.08309	0.03932	0.04596	0.01168	0.01610	0.00913	0.01096	0.00673	0.00491	0.00481	0.00156	0.00740	0.00386	0.00238	0.02216
4	0.00758	0.00549	0.00679	0.00642	0.00783	0.00505	0.00483	0.01012	0.03796	0.03853	0.58253	0.05498	0.19093	0.01088	0.00602	0.00165	0.00257	0.00948	0.00546	0.00493
5	0.82955	0.01006	0.00779	0.00691	0.01011	0.01165	0.00569	0.03890	0.00922	0.02332	0.00731	0.00846	0.00566	0.00481	0.00324	0.00159	0.00402	0.00284	0.00324	0.00566
6	0.00628	0.00519	0.00550	0.00546	0.00707	0.00442	0.00408	0.00776	0.01215	0.01502	0.17931	0.06412	0.64067	0.01262	0.00607	0.00172	0.00258	0.01064	0.00492	0.00442
7	0.01901	0.01390	0.01495	0.01160	0.01559	0.01537	0.00954	0.68074	0.09150	0.05491	0.01333	0.01309	0.00947	0.00624	0.00514	0.00156	0.00546	0.00474	0.00518	0.00867
8	0.00985	0.00506	0.00509	0.00499	0.00627	0.00511	0.00377	0.03403	0.01115	0.01951	0.01661	0.01893	0.01302	0.00598	0.00363	0.00121	0.00249	0.00478	0.82363	0.00490
9	0.85592	0.00992	0.00754	0.00675	0.00992	0.01151	0.00556	0.01508	0.00873	0.02302	0.00714	0.00834	0.00556	0.00476	0.00318	0.00159	0.00397	0.00278	0.00318	0.00556
10	0.00629	0.00448	0.00594	0.00710	0.00739	0.00419	0.00471	0.00715	0.00975	0.01300	0.02791	0.79252	0.03347	0.04051	0.00714	0.00217	0.00304	0.01437	0.00471	0.00414
11	0.00746	0.00497	0.00560	0.00560	0.00560	0.00497	0.00311	0.00746	0.00746	0.00995	0.01617	0.03358	0.01865	0.81967	0.02612	0.00497	0.00497	0.00746	0.00311	0.00311
12	0.01123	0.01123	0.01572	0.01347	0.01347	0.01572	0.01123	0.01235	0.00786	0.01235	0.00674	0.01123	0.00674	0.00898	0.01684	0.00225	0.81028	0.00449	0.00225	0.00561
13	0.01951	0.01437	0.01540	0.01181	0.01591	0.01591	0.00975	0.77056	0.02412	0.03234	0.01232	0.01232	0.00873	0.00616	0.00513	0.00154	0.00565	0.00462	0.00513	0.00873
14	0.17994	0.00958	0.01078	0.00866	0.01201	0.00971	0.00707	0.18902	0.01531	0.33529	0.08423	0.01656	0.01367	0.00634	0.00471	0.00154	0.00423	0.00492	0.07898	0.00743
15	0.00648	0.00461	0.00606	0.00694	0.00735	0.00432	0.00466	0.00754	0.01035	0.01398	0.13805	0.64991	0.03502	0.06937	0.00779	0.00221	0.00303	0.01333	0.00478	0.00419
16	0.00748	0.00544	0.00678	0.00720	0.00795	0.00539	0.00498	0.00997	0.10055	0.01489	0.16253	0.44162	0.04710	0.08614	0.00896	0.05935	0.00327	0.01119	0.00466	0.00453
17	0.00976	0.00621	0.00828	0.00836	0.06088	0.00565	0.00583	0.01197	0.01385	0.13324	0.49656	0.04830	0.15105	0.00995	0.00586	0.00163	0.00299	0.00868	0.00540	0.00555
18	0.04631	0.52280	0.16660	0.01046	0.01513	0.13623	0.01072	0.01629	0.01106	0.01334	0.00764	0.00887	0.00653	0.00463	0.00378	0.00125	0.00639	0.00302	0.00230	0.00663
19	0.75305	0.01081	0.03482	0.00834	0.01183	0.01166	0.07448	0.01524	0.00910	0.02221	0.00750	0.00891	0.00579	0.00473	0.00349	0.00160	0.00451	0.00310	0.00309	0.00574
20	0.08474	0.16261	0.01906	0.05500	0.28579	0.16522	0.04933	0.03048	0.01217	0.07586	0.00953	0.01132	0.00763	0.00487	0.00457	0.00144	0.00644	0.00396	0.00288	0.00710
21	0.00811	0.00514	0.00656	0.00694	0.00773	0.00482	0.00478	0.00947	0.02391	0.07742	0.13309	0.47877	0.05410	0.12348	0.00892	0.00233	0.00328	0.01160	0.02497	0.00458
22	0.00878	0.00450	0.00659	0.00659	0.00659	0.00450	0.00434	0.00675	0.00675	0.00901	0.00956	0.01721	0.00979	0.08976	0.02060	0.77484	0.00450	0.00473	0.00231	0.00231
23	0.00672	0.00523	0.00614	0.00618	0.00757	0.00465	0.00470	0.00850	0.01261	0.01640	0.31621	0.09776	0.39607	0.01239	0.00619	0.00177	0.00275	0.07852	0.00508	0.00454
24	0.00887	0.00447	0.00666	0.00666	0.00666	0.00447	0.00442	0.00670	0.00670	0.00894	0.00910	0.01607	0.00917	0.03872	0.02021	0.82867	0.00447	0.00453	0.00225	0.00225
25	0.85592	0.00992	0.00754	0.00675	0.00992	0.01151	0.00556	0.01508	0.00873	0.02302	0.00714	0.00834	0.00556	0.00476	0.00318	0.00159	0.00397	0.00278	0.00318	0.00556
26	0.01270	0.01219	0.02083	0.03149	0.78767	0.01219	0.01575	0.01575	0.01168	0.01676	0.00965	0.01270	0.00813	0.00457	0.00508	0.00152	0.00610	0.00457	0.00254	0.00813
27	0.85592	0.00992	0.00754	0.00675	0.00992	0.01151	0.00556	0.01508	0.00873	0.02302	0.00714	0.00834	0.00556	0.00476	0.00318	0.00159	0.00397	0.00278	0.00318	0.00556
28	0.01358	0.79153	0.05694	0.00901	0.01352	0.01997	0.00918	0.01540	0.01044	0.01224	0.00721	0.00833	0.00658	0.00441	0.00335	0.00112	0.00557	0.00278	0.00219	0.00662
29	0.85592	0.00992	0.00754	0.00675	0.00992	0.01151	0.00556	0.01508	0.00873	0.02302	0.00714	0.00834	0.00556	0.00476	0.00318	0.00159	0.00397	0.00278	0.00318	0.00556
30	0.85592	0.00992	0.00754	0.00675	0.00992	0.01151	0.00556	0.01508	0.00873	0.02302	0.00714	0.00834	0.00556	0.00476	0.00318	0.00159	0.00397	0.00278	0.00318	0.00556
31	0.00969	0.00912	0.01539	0.80734	0.03534	0.01140	0.01425	0.01311	0.01026	0.01311	0.00912	0.01368	0.00684	0.00513	0.00513	0.00171	0.00684	0.00456	0.00228	0.00570
32	0.00625	0.00447	0.00595	0.00714	0.00744	0.00417	0.00476	0.00714	0.00982	0.01310	0.02828	0.81633	0.03394	0.01608	0.00655	0.00208	0.00298	0.01459	0.00476	0.00417
33	0.85592	0.00992	0.00754	0.00675	0.00992	0.01151	0.00556	0.01508	0.00873	0.02302	0.00714	0.00834	0.00556	0.00476	0.00318	0.00159	0.00397	0.00278	0.00318	0.00556
34	0.00738	0.00527	0.00606	0.00628	0.00671	0.00524	0.00394	0.00871	0.06036	0.01188	0.02279	0.23397	0.09116	0.48731	0.01791	0.00373	0.00419	0.00947	0.00382	0.00383
35	0.78036	0.08285	0.00928	0.00693	0.01021	0.01230	0.00585	0.01511	0.00888	0.02204	0.00714	0.00833	0.00565	0.00473	0.00319	0.00154	0.00411	0.00278	0.00309	0.00565
36	0.01287	0.14558	0.01873	0.01317	0.01518	0.03855	0.09392	0.08500	0.07957	0.01543	0.00902	0.01178	0.00781	0.00716	0.01095	0.00186	0.41970	0.00447	0.00282	0.00644
37	0.01029	0.02654	0.79309	0.01462	0.02221	0.01192	0.01896	0.01625	0.01083	0.01625	0.00921	0.01083	0.00650	0.00487	0.00487	0.00162	0.00758	0.00379	0.00217	0.00758
38	0.01623	0.10982	0.01440	0.01110	0.01370	0.41999	0.00866	0.10352	0.01423	0.04151	0.06238	0.01535	0.01163	0.07959	0.02018	0.00184	0.02338	0.02316	0.00329	0.00604
39	0.01611	0.01308	0.01328	0.01029	0.01428	0.08266	0.00831	0.39033	0.05380	0.03895	0.01154	0.01208	0.00868	0.00535	0.00462	0.00127	0.00519	0.00406	0.02442	0.28170
40	0.01175	0.00692	0.01022	0.00880	0.01096	0.00634	0.07425	0.01417	0.02933	0.21979	0.32029	0.18011	0.04291	0.01000	0.00593	0.00173	0.00370	0.03150	0.00534	0.00597
41	0.00743	0.00508	0.00614	0.00614	0.00633	0.00527	0.00379	0.00781	0.00762	0.01035	0.01567	0.03081	0.01745	0.65865	0.18550	0.00565	0.00678	0.00706	0.00303	0.00341
42	0.00857	0.00653	0.00884	0.03401	0.07902	0.00640	0.00644	0.06126	0.01405	0.01963	0.52758	0.11100	0.03815	0.03563	0.00657	0.00177	0.00328	0.02092	0.00505	0.00530
43	0.01064	0.00912	0.01064	0.00760	0.01216	0.00684	0.00608	0.01292	0.01064	0.01672	0.00912	0.01064	0.00760	0.00380	0.00380	0.00076	0.00380	0.00304	0.00304	0.85104
44	0.01205	0.01102	0.01235	0.10393	0.03812	0.06261	0.00923	0.02156	0.46640	0.01807	0.01701	0.01876	0.01352	0.00982	0.07727	0.00235	0.05996	0.03470	0.00419	0.00708
45	0.00749	0.00543	0.00732	0.03068	0.00901	0.00541	0.00560	0.00874	0.01046	0.03986	0.11681	0.59438	0.03158	0.01391	0.00699	0.00197	0.05603	0.01232	0.00463	0.03139
46	0.01919	0.02378	0.01460	0.01312	0.01587	0.74634	0.00990	0.07100	0.01519	0.01389	0.00823	0.00946	0.00675	0.00535	0.00466	0.00134	0.00901	0.00339	0.00281	0.00614
47	0.01105	0.01017	0.04467	0.00824	0.01280	0.00776	0.00690	0.03760	0.06600	0.01752	0.01006	0.01131	0.00816	0.00415	0.00399	0.00089	0.00404	0.00332	0.00322	0.72814
48	0.01309	0.01458	0.01293	0.11818	0.01578	0.31899	0.00947	0.01451	0.01096	0.01234	0.01078	0.08632	0.01066	0.08854	0.05389	0.00240	0.19321	0.00530	0.00275	0.00532
49	0.00680	0.00555	0.02890	0.00702	0.00791	0.00469	0.00498	0.00786	0.00978	0.01311	0.02706	0.57299	0.09691	0.11424	0.00870	0.00231	0.00338	0.01228	0.00437	0.06118

[dist]
# distance from previous block
# <min> <max>
1	4

[block]
# block no. 4 follows, 48 sequences, length 49
# corresponding to MSA columns:
# 234-282
name=unknown_E
#
# <colnr> <probs for GDERKNQSTAVLIFYWHMCP>
#	G	D	E	R	K	N	Q	S	T	A	V	L	I	F	Y	W	H	M	C	P
0	0.12988	0.09152	0.06761	0.12497	0.01776	0.08279	0.01013	0.30206	0.05070	0.02235	0.01031	0.01145	0.00775	0.00542	0.00457	0.00149	0.00586	0.00399	0.00367	0.04572
1	0.00731	0.00516	0.00659	0.00651	0.00767	0.00470	0.00478	0.00925	0.01316	0.03851	0.50926	0.20558	0.13853	0.01189	0.00614	0.00173	0.00261	0.01050	0.00536	0.00474
2	0.01124	0.01049	0.01737	0.51763	0.17777	0.01203	0.06786	0.06775	0.03850	0.01570	0.00995	0.01360	0.00760	0.00510	0.00519	0.00166	0.00664	0.00472	0.00266	0.00655
3	0.04935	0.00993	0.01081	0.00912	0.01180	0.01071	0.00736	0.37873	0.02990	0.03795	0.06758	0.05889	0.01582	0.03341	0.00572	0.00169	0.00442	0.07615	0.17391	0.00676
4	0.00804	0.00549	0.00675	0.00654	0.00797	0.00499	0.00486	0.01019	0.03226	0.07257	0.39238	0.17209	0.23317	0.01171	0.00606	0.00173	0.00274	0.01020	0.00531	0.00495
5	0.02239	0.00969	0.02737	0.00953	0.01358	0.00854	0.00800	0.10628	0.01564	0.69336	0.01916	0.01677	0.01215	0.00630	0.00515	0.00158	0.00457	0.00507	0.00614	0.00871
6	0.00755	0.00488	0.00648	0.00730	0.00795	0.00447	0.00499	0.00855	0.01019	0.06869	0.02727	0.74103	0.03182	0.01510	0.00639	0.00202	0.00309	0.01365	0.00484	0.02373
7	0.85592	0.00992	0.00754	0.00675	0.00992	0.01151	0.00556	0.01508	0.00873	0.02302	0.00714	0.00834	0.00556	0.00476	0.00318	0.00159	0.00397	0.00278	0.00318	0.00556
8	0.81802	0.00987	0.00774	0.00686	0.01007	0.01133	0.00565	0.01553	0.00900	0.05797	0.00774	0.00875	0.00588	0.00484	0.00327	0.00159	0.00399	0.00289	0.00332	0.00570
9	0.00630	0.00469	0.00587	0.00667	0.00735	0.00426	0.00459	0.00741	0.01063	0.01391	0.09905	0.58678	0.19389	0.01494	0.00640	0.00197	0.00285	0.01333	0.00484	0.00426
10	0.01123	0.01123	0.01572	0.01347	0.01347	0.01572	0.01123	0.01235	0.00786	0.01235	0.00674	0.01123	0.00674	0.00898	0.01684	0.00225	0.81028	0.00449	0.00225	0.00561
11	0.01948	0.01509	0.01534	0.01191	0.01591	0.07179	0.00976	0.71705	0.02344	0.03093	0.01201	0.01210	0.00857	0.00610	0.00510	0.00152	0.00590	0.00453	0.00496	0.00853
12	0.01074	0.00638	0.00804	0.00720	0.00913	0.00594	0.00554	0.01384	0.07473	0.17689	0.45261	0.06453	0.12412	0.00988	0.00582	0.00165	0.00299	0.00855	0.00562	0.00581
13	0.02202	0.00885	0.01178	0.00909	0.01292	0.00786	0.00749	0.06602	0.01511	0.70660	0.04224	0.01783	0.01354	0.00645	0.00515	0.00158	0.00433	0.00524	0.02739	0.00852
14	0.00632	0.00452	0.00602	0.00709	0.00746	0.00422	0.00477	0.00733	0.01016	0.01364	0.08281	0.76026	0.03498	0.01567	0.00651	0.00205	0.00294	0.01420	0.00483	0.00422
15	0.01399	0.07969	0.01340	0.01076	0.01378	0.13325	0.00849	0.04400	0.58005	0.01961	0.01757	0.01657	0.01336	0.00648	0.00497	0.00162	0.00501	0.00514	0.00458	0.00768
16	0.01595	0.03264	0.12675	0.07038	0.01758	0.01351	0.03343	0.35497	0.05615	0.10514	0.02770	0.01452	0.01005	0.00637	0.00613	0.00165	0.07307	0.02196	0.00425	0.00778
17	0.01143	0.10009	0.05386	0.01060	0.04944	0.00976	0.04746	0.16065	0.01364	0.05588	0.09052	0.33323	0.02220	0.01007	0.00561	0.00173	0.00449	0.00885	0.00435	0.00613
18	0.85592	0.00992	0.00754	0.00675	0.00992	0.01151	0.00556	0.01508	0.00873	0.02302	0.00714	0.00834	0.00556	0.00476	0.00318	0.00159	0.00397	0.00278	0.00318	0.00556
19	0.01189	0.15135	0.23878	0.06065	0.04380	0.06946	0.24153	0.01567	0.01115	0.01478	0.00940	0.01209	0.00744	0.00718	0.06250	0.00204	0.02667	0.00447	0.00240	0.00675
20	0.00715	0.00516	0.00676	0.00653	0.00764	0.00477	0.00483	0.00940	0.01400	0.01974	0.70008	0.12560	0.04679	0.01112	0.00611	0.00167	0.00248	0.00987	0.00555	0.00477
21	0.00743	0.00511	0.00626	0.00626	0.00650	0.00534	0.00394	0.00789	0.00766	0.01044	0.01556	0.03019	0.01718	0.62262	0.22117	0.00580	0.00719	0.00697	0.00302	0.00348
22	0.01342	0.01135	0.01197	0.01058	0.01359	0.01307	0.00828	0.09996	0.70463	0.02253	0.02005	0.01848	0.01498	0.00688	0.00521	0.00172	0.00422	0.00569	0.00521	0.00818
23	0.00881	0.00449	0.00661	0.00661	0.00661	0.00449	0.00436	0.00674	0.00674	0.00899	0.00944	0.01689	0.00961	0.07561	0.02049	0.78977	0.00449	0.00467	0.00229	0.00229
24	0.85592	0.00992	0.00754	0.00675	0.00992	0.01151	0.00556	0.01508	0.00873	0.02302	0.00714	0.00834	0.00556	0.00476	0.00318	0.00159	0.00397	0.00278	0.00318	0.00556
25	0.00735	0.00544	0.00793	0.00793	0.00874	0.00624	0.00603	0.00896	0.00815	0.01168	0.01403	0.02174	0.01351	0.13032	0.70844	0.00786	0.01271	0.00573	0.00279	0.00441
26	0.85592	0.00992	0.00754	0.00675	0.00992	0.01151	0.00556	0.01508	0.00873	0.02302	0.00714	0.00834	0.00556	0.00476	0.00318	0.00159	0.00397	0.00278	0.00318	0.00556
27	0.79650	0.00984	0.00785	0.00692	0.01015	0.01123	0.00570	0.01579	0.00916	0.07783	0.00808	0.00899	0.00607	0.00488	0.00332	0.00159	0.00400	0.00295	0.00340	0.00578
28	0.00746	0.00497	0.00560	0.00560	0.00560	0.00497	0.00311	0.00746	0.00746	0.00995	0.01617	0.03358	0.01865	0.81967	0.02612	0.00497	0.00497	0.00746	0.00311	0.00311
29	0.85592	0.00992	0.00754	0.00675	0.00992	0.01151	0.00556	0.01508	0.00873	0.02302	0.00714	0.00834	0.00556	0.00476	0.00318	0.00159	0.00397	0.00278	0.00318	0.00556
30	0.02302	0.00873	0.01191	0.00913	0.01310	0.00754	0.00754	0.02501	0.01469	0.79122	0.02024	0.01746	0.01270	0.00635	0.00516	0.00159	0.00437	0.00516	0.00635	0.00873
31	0.00625	0.00447	0.00595	0.00714	0.00744	0.00417	0.00476	0.00714	0.00982	0.01310	0.02828	0.81633	0.03394	0.01608	0.00655	0.00208	0.00298	0.01459	0.00476	0.00417
32	0.85592	0.00992	0.00754	0.00675	0.00992	0.01151	0.00556	0.01508	0.00873	0.02302	0.00714	0.00834	0.00556	0.00476	0.00318	0.00159	0.00397	0.00278	0.00318	0.00556
33	0.01123	0.01123	0.01572	0.01347	0.01347	0.01572	0.01123	0.01235	0.00786	0.01235	0.00674	0.01123	0.00674	0.00898	0.01684	0.00225	0.81028	0.00449	0.00225	0.00561
34	0.13631	0.01183	0.01336	0.03756	0.07433	0.01326	0.00915	0.40625	0.06544	0.02530	0.01195	0.01331	0.00914	0.00964	0.09655	0.00234	0.02578	0.00453	0.02653	0.00743
35	0.00902	0.00655	0.00808	0.00722	0.00885	0.00643	0.00555	0.11879	0.01590	0.02226	0.67416	0.03460	0.04272	0.00987	0.00592	0.00160	0.00288	0.00861	0.00557	0.00540
36	0.00733	0.00550	0.00825	0.00825	0.00916	0.00641	0.00641	0.00916	0.00825	0.01191	0.01374	0.02016	0.01283	0.03848	0.79934	0.00825	0.01374	0.00550	0.00275	0.00458
37	0.01143	0.01343	0.12660	0.01315	0.01494	0.01450	0.02574	0.01613	0.17089	0.01491	0.01014	0.01289	0.00860	0.00788	0.01247	0.00204	0.51025	0.00470	0.00287	0.00645
38	0.00984	0.00920	0.01546	0.71513	0.08843	0.01121	0.01409	0.01319	0.01043	0.01348	0.00998	0.01562	0.00797	0.00550	0.00522	0.00173	0.00669	0.03862	0.00241	0.00583
39	0.01121	0.02526	0.73680	0.01423	0.02155	0.01160	0.01814	0.01688	0.01111	0.07209	0.01000	0.01131	0.00695	0.00498	0.00490	0.00162	0.00735	0.00389	0.00247	0.00767
40	0.00625	0.00447	0.00595	0.00714	0.00744	0.00417	0.00476	0.00714	0.00982	0.01310	0.02828	0.81633	0.03394	0.01608	0.00655	0.00208	0.00298	0.01459	0.00476	0.00417
41	0.00882	0.00637	0.00771	0.00754	0.00869	0.00640	0.00542	0.13291	0.01297	0.01758	0.19817	0.37257	0.04902	0.11093	0.02845	0.00238	0.00379	0.01055	0.00478	0.00496
42	0.01064	0.00912	0.01064	0.00760	0.01216	0.00684	0.00608	0.01292	0.01064	0.01672	0.00912	0.01064	0.00760	0.00380	0.00380	0.00076	0.00380	0.00304	0.00304	0.85104
43	0.01019	0.00963	0.01629	0.67895	0.15984	0.01153	0.01450	0.01355	0.01050	0.01371	0.00921	0.01352	0.00705	0.00504	0.00512	0.00168	0.00672	0.00456	0.00232	0.00610
44	0.00811	0.00662	0.01074	0.08191	0.06915	0.00650	0.09111	0.00988	0.01050	0.02831	0.03722	0.53470	0.02615	0.01245	0.00619	0.00194	0.00423	0.03019	0.01908	0.00502
45	0.00717	0.00517	0.00677	0.00652	0.00764	0.00478	0.00483	0.00944	0.01407	0.01986	0.71258	0.11274	0.04703	0.01102	0.00610	0.00166	0.00247	0.00979	0.00556	0.00478
46	0.01239	0.13522	0.39563	0.01700	0.14326	0.10720	0.08732	0.01657	0.01148	0.01532	0.00895	0.01086	0.00691	0.00475	0.00477	0.00151	0.00735	0.00393	0.00233	0.00727
47	0.74765	0.02607	0.02623	0.00732	0.01066	0.02976	0.00619	0.03008	0.00951	0.05755	0.00790	0.00890	0.00601	0.00487	0.00338	0.00157	0.00425	0.00296	0.00330	0.00584
48	0.01691	0.03166	0.01384	0.01049	0.01446	0.08077	0.00854	0.41533	0.05085	0.07489	0.01302	0.01318	0.02934	0.00573	0.00477	0.00135	0.00530	0.00435	0.00445	0.20078

[dist]
# distance from previous block
# <min> <max>
2	4

[block]
# block no. 5 follows, 48 sequences, length 43
# corresponding to MSA columns:
# 288-330
name=unknown_F
#
# <colnr> <probs for GDERKNQSTAVLIFYWHMCP>
#	G	D	E	R	K	N	Q	S	T	A	V	L	I	F	Y	W	H	M	C	P
0	0.39772	0.06907	0.10485	0.02573	0.09472	0.01121	0.00879	0.01658	0.02246	0.12519	0.01044	0.01144	0.00776	0.00508	0.00396	0.00153	0.00472	0.00365	0.06856	0.00656
1	0.01244	0.08237	0.11267	0.16300	0.34010	0.07896	0.03805	0.01639	0.05972	0.01558	0.00986	0.01238	0.00789	0.00488	0.00489	0.00152	0.00653	0.00431	0.00261	0.02585
2	0.00606	0.00520	0.00520	0.00520	0.00693	0.00433	0.00390	0.00736	0.01170	0.01386	0.05198	0.04938	0.78558	0.01299	0.00606	0.00173	0.00260	0.01083	0.00476	0.00433
3	0.01209	0.00928	0.01212	0.09638	0.10705	0.01001	0.03182	0.17202	0.09733	0.02125	0.14350	0.01929	0.01688	0.00662	0.00515	0.00153	0.01862	0.00560	0.20689	0.00656
4	0.01239	0.01154	0.01642	0.01370	0.01444	0.03415	0.06427	0.01381	0.00885	0.07274	0.00806	0.01184	0.00727	0.00836	0.01488	0.00214	0.67196	0.00462	0.00260	0.00595
5	0.00641	0.00513	0.00574	0.00584	0.00726	0.00446	0.00434	0.00793	0.01207	0.01525	0.20602	0.14636	0.50832	0.01289	0.00615	0.00177	0.00267	0.03200	0.00495	0.00443
6	0.02246	0.00963	0.01246	0.00956	0.01355	0.00888	0.00789	0.14379	0.01619	0.67031	0.01898	0.01664	0.01207	0.00632	0.00516	0.00158	0.00457	0.00507	0.00616	0.00873
7	0.01322	0.01034	0.01105	0.00987	0.01271	0.01172	0.00770	0.02582	0.65995	0.07570	0.02049	0.01902	0.01524	0.00684	0.00508	0.00168	0.00394	0.00567	0.07607	0.00788
8	0.16185	0.01345	0.01396	0.01087	0.01481	0.01492	0.00897	0.62021	0.02123	0.05301	0.01167	0.01179	0.00830	0.00593	0.00480	0.00155	0.00532	0.00432	0.00484	0.00819
9	0.85592	0.00992	0.00754	0.00675	0.00992	0.01151	0.00556	0.01508	0.00873	0.02302	0.00714	0.00834	0.00556	0.00476	0.00318	0.00159	0.00397	0.00278	0.00318	0.00556
10	0.01685	0.01028	0.01189	0.01003	0.01336	0.01089	0.00803	0.07853	0.42527	0.30235	0.02022	0.01915	0.01449	0.00689	0.00525	0.00169	0.00430	0.02665	0.00561	0.00829
11	0.01123	0.01123	0.01572	0.01347	0.01347	0.01572	0.01123	0.01235	0.00786	0.01235	0.00674	0.01123	0.00674	0.00898	0.01684	0.00225	0.81028	0.00449	0.00225	0.00561
12	0.01276	0.01102	0.01160	0.01044	0.01334	0.01276	0.00812	0.02727	0.77840	0.02146	0.02088	0.01914	0.01566	0.00696	0.00522	0.00174	0.00406	0.00580	0.00522	0.00812
13	0.04722	0.00890	0.01186	0.00912	0.01307	0.00786	0.00754	0.04243	0.01474	0.75080	0.01967	0.01708	0.01240	0.00630	0.00510	0.00159	0.00438	0.00508	0.00623	0.00864
14	0.02245	0.00879	0.01186	0.00913	0.01302	0.00771	0.00753	0.04628	0.01496	0.74620	0.04273	0.01793	0.01365	0.00647	0.00519	0.00159	0.00435	0.00527	0.00629	0.00862
15	0.00638	0.00519	0.00565	0.00557	0.00714	0.00446	0.00417	0.00797	0.01240	0.01561	0.24442	0.06319	0.57513	0.01240	0.00607	0.00171	0.00256	0.01050	0.00500	0.00446
16	0.01352	0.01140	0.01203	0.01060	0.01363	0.01312	0.00831	0.11118	0.69324	0.02269	0.01992	0.01837	0.01488	0.00687	0.00521	0.00172	0.00424	0.00567	0.00521	0.00819
17	0.01286	0.21383	0.38212	0.03258	0.10808	0.01353	0.03585	0.01704	0.02388	0.09943	0.01018	0.01143	0.00758	0.00491	0.00459	0.00149	0.00651	0.00389	0.00274	0.00748
18	0.01918	0.01365	0.01480	0.01148	0.01547	0.01499	0.00944	0.64800	0.08978	0.08955	0.01368	0.01331	0.00964	0.00624	0.00514	0.00156	0.00541	0.00477	0.00523	0.00867
19	0.85592	0.00992	0.00754	0.00675	0.00992	0.01151	0.00556	0.01508	0.00873	0.02302	0.00714	0.00834	0.00556	0.00476	0.00318	0.00159	0.00397	0.00278	0.00318	0.00556
20	0.01076	0.07182	0.61934	0.01531	0.06450	0.01278	0.03595	0.01585	0.01064	0.01571	0.00893	0.01089	0.00665	0.00516	0.00583	0.00164	0.07479	0.00389	0.00221	0.00737
21	0.00640	0.00460	0.00607	0.00700	0.00746	0.00427	0.00475	0.00752	0.01056	0.01421	0.13967	0.68450	0.05357	0.01519	0.00647	0.00201	0.00289	0.01372	0.00489	0.00427
22	0.00733	0.00548	0.00816	0.00816	0.00904	0.00636	0.00630	0.00910	0.00822	0.01184	0.01383	0.02062	0.01303	0.06522	0.77288	0.00813	0.01344	0.00556	0.00276	0.00453
23	0.01205	0.01028	0.01101	0.01014	0.01282	0.01174	0.00797	0.02481	0.67111	0.02055	0.02274	0.02423	0.04746	0.00792	0.00544	0.00180	0.00407	0.08107	0.00515	0.00763
24	0.00891	0.00446	0.00668	0.00668	0.00668	0.00446	0.00446	0.00668	0.00668	0.00891	0.00891	0.01560	0.00891	0.01783	0.02005	0.85071	0.00446	0.00446	0.00223	0.00223
25	0.85592	0.00992	0.00754	0.00675	0.00992	0.01151	0.00556	0.01508	0.00873	0.02302	0.00714	0.00834	0.00556	0.00476	0.00318	0.00159	0.00397	0.00278	0.00318	0.00556
26	0.00969	0.00912	0.01539	0.80734	0.03534	0.01140	0.01425	0.01311	0.01026	0.01311	0.00912	0.01368	0.00684	0.00513	0.00513	0.00171	0.00684	0.00456	0.00228	0.00570
27	0.01312	0.68470	0.15974	0.00979	0.01474	0.01885	0.01054	0.01552	0.01050	0.01280	0.00749	0.00868	0.00657	0.00447	0.00357	0.00119	0.00585	0.00293	0.00219	0.00676
28	0.01046	0.02536	0.72195	0.01528	0.02264	0.01202	0.08891	0.01627	0.01095	0.01627	0.00932	0.01111	0.00662	0.00482	0.00498	0.00163	0.00768	0.00400	0.00221	0.00752
29	0.85592	0.00992	0.00754	0.00675	0.00992	0.01151	0.00556	0.01508	0.00873	0.02302	0.00714	0.00834	0.00556	0.00476	0.00318	0.00159	0.00397	0.00278	0.00318	0.00556
30	0.01281	0.61116	0.23051	0.01033	0.01557	0.01807	0.01148	0.01560	0.01053	0.01318	0.00768	0.00892	0.00656	0.00452	0.00371	0.00124	0.00604	0.00302	0.00219	0.00685
31	0.85592	0.00992	0.00754	0.00675	0.00992	0.01151	0.00556	0.01508	0.00873	0.02302	0.00714	0.00834	0.00556	0.00476	0.00318	0.00159	0.00397	0.00278	0.00318	0.00556
32	0.00969	0.00912	0.01539	0.80734	0.03534	0.01140	0.01425	0.01311	0.01026	0.01311	0.00912	0.01368	0.00684	0.00513	0.00513	0.00171	0.00684	0.00456	0.00228	0.00570
33	0.00625	0.00447	0.00595	0.00714	0.00744	0.00417	0.00476	0.00714	0.00982	0.01310	0.02828	0.81633	0.03394	0.01608	0.00655	0.00208	0.00298	0.01459	0.00476	0.00417
34	0.85592	0.00992	0.00754	0.00675	0.00992	0.01151	0.00556	0.01508	0.00873	0.02302	0.00714	0.00834	0.00556	0.00476	0.00318	0.00159	0.00397	0.00278	0.00318	0.00556
35	0.00669	0.00503	0.00684	0.00768	0.00801	0.00517	0.00536	0.00768	0.00955	0.01295	0.02554	0.69256	0.03024	0.01745	0.07383	0.00261	0.06096	0.01311	0.00442	0.00430
36	0.78457	0.00953	0.00734	0.00662	0.00967	0.01091	0.00542	0.01443	0.00898	0.02225	0.01091	0.01178	0.07104	0.00545	0.00342	0.00160	0.00385	0.00345	0.00331	0.00545
37	0.01340	0.01150	0.01207	0.00907	0.01334	0.06518	0.00728	0.19313	0.03632	0.02026	0.01013	0.01119	0.00803	0.00455	0.00421	0.00101	0.00463	0.00351	0.00357	0.56760
38	0.67286	0.01128	0.00872	0.00763	0.01088	0.07878	0.00617	0.03822	0.03429	0.02191	0.00794	0.00904	0.00621	0.00485	0.00347	0.00151	0.00446	0.00299	0.00324	0.06555
39	0.22179	0.06673	0.01353	0.45987	0.02461	0.01148	0.01069	0.01371	0.00994	0.01600	0.00871	0.01186	0.00675	0.00490	0.00435	0.00154	0.00564	0.00386	0.02737	0.07667
40	0.72483	0.01098	0.07333	0.00730	0.01074	0.01104	0.00656	0.01464	0.00912	0.02181	0.01049	0.01145	0.06079	0.00535	0.00352	0.00160	0.00418	0.00343	0.00320	0.00564
41	0.01026	0.00880	0.01105	0.00841	0.01231	0.00720	0.03068	0.01254	0.01048	0.01608	0.01075	0.01490	0.00957	0.00762	0.07129	0.00158	0.02925	0.05642	0.00310	0.66773
42	0.20228	0.21117	0.08129	0.01085	0.01444	0.37360	0.00944	0.01772	0.01197	0.01507	0.00767	0.00894	0.00636	0.00492	0.00401	0.00135	0.00705	0.00310	0.00261	0.00615

[dist]
# distance from previous block
# <min> <max>
0	2

[block]
# block no. 6 follows, 48 sequences, length 133
# corresponding to MSA columns:
# 333-465
name=unknown_G
#
# <colnr> <probs for GDERKNQSTAVLIFYWHMCP>
#	G	D	E	R	K	N	Q	S	T	A	V	L	I	F	Y	W	H	M	C	P
0	0.79719	0.06660	0.00889	0.00689	0.01015	0.01212	0.00578	0.01510	0.00885	0.02226	0.00714	0.00833	0.00563	0.00474	0.00318	0.00155	0.00408	0.00278	0.00311	0.00563
1	0.57868	0.01077	0.00976	0.00813	0.01160	0.01204	0.00670	0.18294	0.01279	0.11051	0.00974	0.01023	0.00705	0.00525	0.00383	0.00158	0.00438	0.00345	0.00396	0.00661
2	0.00704	0.00535	0.00649	0.00739	0.00789	0.02055	0.00499	0.00883	0.06335	0.01345	0.02653	0.69075	0.03107	0.07068	0.00777	0.00224	0.00331	0.01326	0.00464	0.00441
3	0.07515	0.01296	0.01381	0.01071	0.01456	0.01414	0.00882	0.60639	0.02127	0.06842	0.01258	0.01273	0.00899	0.00599	0.00485	0.00150	0.00519	0.00449	0.06378	0.03366
4	0.00734	0.00601	0.00705	0.05986	0.00968	0.00576	0.00531	0.01039	0.08300	0.01685	0.30189	0.04036	0.40560	0.01104	0.00592	0.00169	0.00296	0.00941	0.00495	0.00495
5	0.01064	0.00912	0.01064	0.00760	0.01216	0.00684	0.00608	0.01292	0.01064	0.01672	0.00912	0.01064	0.00760	0.00380	0.00380	0.00076	0.00380	0.00304	0.00304	0.85104
6	0.01651	0.01209	0.01304	0.01053	0.01384	0.01330	0.00849	0.54992	0.08859	0.02800	0.01530	0.10567	0.01262	0.00735	0.00517	0.00159	0.00491	0.00588	0.07938	0.00780
7	0.01218	0.01180	0.02056	0.12072	0.63151	0.01200	0.06788	0.01532	0.01151	0.01624	0.01001	0.02880	0.00846	0.00485	0.00518	0.00157	0.00630	0.00487	0.00256	0.00768
8	0.00724	0.00524	0.00682	0.00643	0.00765	0.00483	0.00482	0.00963	0.01446	0.02043	0.76869	0.03857	0.06478	0.01055	0.00605	0.00162	0.00242	0.00931	0.00563	0.00483
9	0.01347	0.03719	0.03642	0.07858	0.43502	0.15876	0.06415	0.01700	0.05944	0.01578	0.01098	0.01332	0.02687	0.00508	0.00504	0.00152	0.00671	0.00459	0.00275	0.00732
10	0.07875	0.01129	0.10227	0.00976	0.01401	0.00902	0.00884	0.09278	0.01471	0.54968	0.04400	0.01630	0.01236	0.00620	0.00502	0.00159	0.00476	0.00493	0.00551	0.00824
11	0.00624	0.00452	0.00590	0.00701	0.00741	0.00418	0.00470	0.00716	0.00995	0.01315	0.02993	0.76284	0.08635	0.01586	0.00652	0.00206	0.00295	0.01432	0.00476	0.00418
12	0.01183	0.06438	0.01277	0.00867	0.01306	0.00920	0.02803	0.07912	0.07815	0.01814	0.01031	0.01145	0.00833	0.00433	0.00407	0.00096	0.00423	0.00348	0.00334	0.62616
13	0.02541	0.06331	0.02441	0.00734	0.00912	0.00690	0.00592	0.01199	0.06019	0.05224	0.51830	0.03351	0.04967	0.02993	0.03610	0.00196	0.00357	0.04973	0.00506	0.00533
14	0.02420	0.00965	0.01112	0.02136	0.01288	0.00793	0.00658	0.08182	0.02806	0.01827	0.00963	0.01099	0.00783	0.00412	0.00396	0.00088	0.00403	0.00326	0.00326	0.73016
15	0.00811	0.00553	0.00691	0.00647	0.00796	0.00503	0.00488	0.01044	0.02657	0.06909	0.55532	0.06231	0.19034	0.01082	0.00600	0.00165	0.00263	0.00942	0.00549	0.00503
16	0.02141	0.02201	0.01222	0.00970	0.03315	0.00814	0.00773	0.03979	0.04604	0.67691	0.05329	0.01807	0.01409	0.00648	0.00517	0.00158	0.00436	0.00530	0.00608	0.00849
17	0.02143	0.00920	0.01197	0.00935	0.01309	0.00843	0.00765	0.12301	0.01562	0.63811	0.01973	0.07031	0.01360	0.00698	0.00525	0.00161	0.00444	0.00572	0.00608	0.00843
18	0.00781	0.00537	0.00699	0.00651	0.00785	0.00493	0.00491	0.01018	0.01443	0.04937	0.73121	0.03792	0.07216	0.01042	0.00602	0.00162	0.00250	0.00918	0.00564	0.00497
19	0.01883	0.01153	0.01320	0.01037	0.01399	0.01218	0.00848	0.44458	0.04072	0.24061	0.01512	0.01515	0.01067	0.02307	0.05867	0.00206	0.00563	0.00492	0.04208	0.00816
20	0.00956	0.00478	0.00478	0.00478	0.00598	0.00478	0.00359	0.01196	0.01076	0.01913	0.01674	0.01913	0.01315	0.00598	0.00359	0.00120	0.00239	0.00478	0.84816	0.00478
21	0.85592	0.00992	0.00754	0.00675	0.00992	0.01151	0.00556	0.01508	0.00873	0.02302	0.00714	0.00834	0.00556	0.00476	0.00318	0.00159	0.00397	0.00278	0.00318	0.00556
22	0.85592	0.00992	0.00754	0.00675	0.00992	0.01151	0.00556	0.01508	0.00873	0.02302	0.00714	0.00834	0.00556	0.00476	0.00318	0.00159	0.00397	0.00278	0.00318	0.00556
23	0.00746	0.00497	0.00560	0.00560	0.00560	0.00497	0.00311	0.00746	0.00746	0.00995	0.01617	0.03358	0.01865	0.81967	0.02612	0.00497	0.00497	0.00746	0.00311	0.00311
24	0.00746	0.00497	0.00560	0.00560	0.00560	0.00497	0.00311	0.00746	0.00746	0.00995	0.01617	0.03358	0.01865	0.81967	0.02612	0.00497	0.00497	0.00746	0.00311	0.00311
25	0.01276	0.01102	0.01160	0.01044	0.01334	0.01276	0.00812	0.02727	0.77840	0.02146	0.02088	0.01914	0.01566	0.00696	0.00522	0.00174	0.00406	0.00580	0.00522	0.00812
26	0.00876	0.00626	0.00847	0.00940	0.01074	0.00633	0.00812	0.01188	0.06240	0.02970	0.02706	0.06668	0.04106	0.01357	0.00690	0.00229	0.00461	0.66598	0.00479	0.00501
27	0.04577	0.00824	0.01101	0.00865	0.01218	0.00725	0.00707	0.02239	0.01448	0.65159	0.13540	0.02034	0.01788	0.00693	0.00523	0.00159	0.00406	0.00571	0.00615	0.00805
28	0.00624	0.00450	0.00592	0.00705	0.00742	0.00418	0.00472	0.00715	0.00991	0.01313	0.02940	0.77995	0.06959	0.01593	0.00653	0.00207	0.00296	0.01441	0.00476	0.00418
29	0.03590	0.01126	0.01182	0.01044	0.01344	0.01294	0.00818	0.10892	0.66171	0.02257	0.01969	0.03119	0.01493	0.00696	0.00518	0.00172	0.00422	0.00573	0.00515	0.00806
30	0.01252	0.04058	0.33022	0.03245	0.12445	0.01246	0.08465	0.14489	0.05344	0.01932	0.03115	0.01276	0.00890	0.00518	0.00499	0.00154	0.00649	0.00444	0.00308	0.06649
31	0.07206	0.31531	0.32498	0.01161	0.01708	0.04450	0.02948	0.06693	0.01176	0.05016	0.00897	0.01010	0.00692	0.00484	0.00422	0.00141	0.00638	0.00348	0.00266	0.00713
32	0.85592	0.00992	0.00754	0.00675	0.00992	0.01151	0.00556	0.01508	0.00873	0.02302	0.00714	0.00834	0.00556	0.00476	0.00318	0.00159	0.00397	0.00278	0.00318	0.00556
33	0.01211	0.01580	0.15982	0.02059	0.06301	0.01261	0.58388	0.01659	0.01194	0.03664	0.01040	0.01336	0.00771	0.00448	0.00578	0.00170	0.00823	0.00557	0.00262	0.00714
34	0.00632	0.00459	0.00597	0.00692	0.00742	0.00424	0.00470	0.00738	0.01039	0.01381	0.09535	0.68502	0.09829	0.01534	0.00647	0.00201	0.00290	0.01381	0.00484	0.00424
35	0.00891	0.00446	0.00668	0.00668	0.00668	0.00446	0.00446	0.00668	0.00668	0.00891	0.00891	0.01560	0.00891	0.01783	0.02005	0.85071	0.00446	0.00446	0.00223	0.00223
36	0.01911	0.01945	0.01471	0.01239	0.01566	0.42643	0.00970	0.36016	0.01880	0.02167	0.01012	0.01086	0.00771	0.00570	0.00483	0.00142	0.00747	0.00393	0.02270	0.00718
37	0.00891	0.00446	0.00668	0.00668	0.00668	0.00446	0.00446	0.00668	0.00668	0.00891	0.00891	0.01560	0.00891	0.01783	0.02005	0.85071	0.00446	0.00446	0.00223	0.00223
38	0.85592	0.00992	0.00754	0.00675	0.00992	0.01151	0.00556	0.01508	0.00873	0.02302	0.00714	0.00834	0.00556	0.00476	0.00318	0.00159	0.00397	0.00278	0.00318	0.00556
39	0.16028	0.00893	0.01119	0.00874	0.01258	0.00820	0.00721	0.02337	0.01370	0.66463	0.01808	0.01596	0.01152	0.00609	0.00483	0.00159	0.00430	0.00477	0.00583	0.00821
40	0.01917	0.02445	0.01454	0.01322	0.01586	0.79907	0.00991	0.02049	0.01454	0.01256	0.00793	0.00925	0.00661	0.00529	0.00463	0.00132	0.00925	0.00330	0.00264	0.00595
41	0.01926	0.01375	0.01506	0.03560	0.01624	0.01513	0.00970	0.67791	0.04320	0.08231	0.01298	0.01289	0.00912	0.00616	0.00514	0.00155	0.00555	0.00469	0.00513	0.00862
42	0.01917	0.02445	0.01454	0.01322	0.01586	0.79907	0.00991	0.02049	0.01454	0.01256	0.00793	0.00925	0.00661	0.00529	0.00463	0.00132	0.00925	0.00330	0.00264	0.00595
43	0.00815	0.00658	0.00836	0.00815	0.00885	0.04156	0.00606	0.00945	0.00830	0.01148	0.01363	0.02244	0.01360	0.23066	0.51831	0.00672	0.06472	0.00583	0.00280	0.00434
44	0.01029	0.02654	0.79309	0.01462	0.02221	0.01192	0.01896	0.01625	0.01083	0.01625	0.00921	0.01083	0.00650	0.00487	0.00487	0.00162	0.00758	0.00379	0.00217	0.00758
45	0.00625	0.00447	0.00595	0.00714	0.00744	0.00417	0.00476	0.00714	0.00982	0.01310	0.02828	0.81633	0.03394	0.01608	0.00655	0.00208	0.00298	0.01459	0.00476	0.00417
46	0.85592	0.00992	0.00754	0.00675	0.00992	0.01151	0.00556	0.01508	0.00873	0.02302	0.00714	0.00834	0.00556	0.00476	0.00318	0.00159	0.00397	0.00278	0.00318	0.00556
47	0.00966	0.00906	0.01455	0.66592	0.03100	0.01125	0.01308	0.01323	0.04133	0.01345	0.01243	0.01623	0.06149	0.00601	0.00598	0.00175	0.06026	0.00504	0.00257	0.00570
48	0.83681	0.01030	0.02529	0.00693	0.01020	0.01152	0.00586	0.01511	0.00878	0.02287	0.00719	0.00839	0.00558	0.00477	0.00321	0.00159	0.00405	0.00280	0.00315	0.00560
49	0.01551	0.50008	0.02182	0.01022	0.01409	0.19490	0.00910	0.09981	0.06431	0.01502	0.00880	0.00964	0.00743	0.00496	0.00392	0.00124	0.00626	0.00328	0.00282	0.00678
50	0.01426	0.01541	0.01749	0.19693	0.35632	0.25836	0.01341	0.03943	0.01264	0.01511	0.00908	0.01183	0.00739	0.00497	0.00495	0.00150	0.00723	0.00417	0.00259	0.00693
51	0.00999	0.00699	0.00855	0.06322	0.01107	0.00700	0.00621	0.07369	0.08843	0.08838	0.22434	0.16849	0.17883	0.03339	0.00641	0.00183	0.00353	0.00904	0.00499	0.00562
52	0.50638	0.03179	0.01068	0.02044	0.01238	0.08720	0.00711	0.17636	0.01276	0.02316	0.00849	0.00951	0.00652	0.00504	0.00381	0.00148	0.00490	0.00326	0.00350	0.06525
53	0.53201	0.21342	0.01337	0.00804	0.01155	0.06677	0.00694	0.06820	0.01062	0.02025	0.00756	0.00865	0.00610	0.00480	0.00344	0.00144	0.00482	0.00293	0.00303	0.00606
