[name]
unknown

[dist]
# distance from previous block
# <min> <max>
0	68

[block]
# block no. 0 follows, 47 sequences, length 7
# corresponding to MSA columns:
# 68-74
name=unknown_A
#
# <colnr> <probs for GDERKNQSTAVLIFYWHMCP>
#	G	D	E	R	K	N	Q	S	T	A	V	L	I	F	Y	W	H	M	C	P
0	0.01122	0.05898	0.06166	0.00943	0.01189	0.00828	0.00846	0.06867	0.04537	0.09935	0.12271	0.04003	0.06845	0.01085	0.00618	0.00196	0.00461	0.35112	0.00482	0.00597
1	0.01501	0.04250	0.33128	0.07055	0.01955	0.01125	0.05638	0.09916	0.01372	0.22959	0.05038	0.01466	0.01074	0.00575	0.00515	0.00162	0.00627	0.00475	0.00389	0.00780
2	0.01396	0.00856	0.01067	0.07343	0.01365	0.00879	0.00783	0.07335	0.17562	0.22598	0.07771	0.06906	0.08391	0.02799	0.00622	0.00188	0.00436	0.10493	0.00521	0.00691
3	0.05680	0.01011	0.05602	0.10067	0.01556	0.00910	0.00862	0.06195	0.09083	0.31767	0.08082	0.01919	0.05657	0.00666	0.00512	0.00157	0.00461	0.00546	0.00492	0.08774
4	0.01463	0.06972	0.01384	0.14280	0.01689	0.01224	0.00913	0.30433	0.07411	0.08461	0.05284	0.12574	0.01505	0.03313	0.00600	0.00177	0.00514	0.00639	0.00452	0.00713
5	0.01071	0.00660	0.00763	0.04554	0.00976	0.00681	0.00560	0.09266	0.04352	0.05937	0.05769	0.13822	0.06527	0.00962	0.03690	0.00180	0.00374	0.00699	0.38602	0.00555
6	0.09908	0.00998	0.01101	0.00923	0.01206	0.01055	0.00725	0.29166	0.05783	0.07328	0.05049	0.13290	0.01566	0.06894	0.05588	0.00228	0.00515	0.00643	0.00459	0.07574

[dist]
# distance from previous block
# <min> <max>
39	73

[block]
# block no. 1 follows, 47 sequences, length 26
# corresponding to MSA columns:
# 161-186
name=unknown_B
#
# <colnr> <probs for GDERKNQSTAVLIFYWHMCP>
#	G	D	E	R	K	N	Q	S	T	A	V	L	I	F	Y	W	H	M	C	P
0	0.07188	0.03506	0.01399	0.05552	0.03509	0.08005	0.00915	0.36117	0.11175	0.04055	0.01295	0.03840	0.01004	0.00615	0.00489	0.00151	0.00546	0.00474	0.02127	0.08037
1	0.04223	0.12755	0.01534	0.13949	0.01718	0.01341	0.00946	0.26932	0.05079	0.05401	0.01270	0.07817	0.01071	0.00787	0.03583	0.00183	0.04165	0.00517	0.00390	0.06337
2	0.01362	0.08652	0.18509	0.04281	0.01793	0.03605	0.07911	0.19072	0.13774	0.02028	0.01251	0.04365	0.00992	0.00606	0.00553	0.00159	0.03911	0.00490	0.00362	0.06325
3	0.05339	0.27625	0.11639	0.09412	0.01844	0.12494	0.09109	0.04044	0.01180	0.04062	0.00905	0.01113	0.00734	0.02021	0.00508	0.00148	0.02298	0.00383	0.00268	0.04872
4	0.06343	0.10284	0.04151	0.02382	0.01554	0.05028	0.12238	0.14411	0.03797	0.04916	0.11234	0.03279	0.01403	0.00628	0.00569	0.00151	0.05362	0.00518	0.00377	0.11374
5	0.07305	0.07935	0.06947	0.01261	0.05365	0.28544	0.01007	0.16930	0.09739	0.03893	0.03472	0.01240	0.00962	0.00571	0.00474	0.00147	0.00668	0.00414	0.00363	0.02762
6	0.01242	0.01035	0.06163	0.03098	0.01355	0.00803	0.00754	0.05765	0.04374	0.10951	0.03852	0.01570	0.06203	0.00538	0.00449	0.00114	0.00425	0.00437	0.00382	0.50490
7	0.01645	0.01342	0.04182	0.01223	0.01656	0.01338	0.09882	0.44696	0.05626	0.04721	0.03774	0.01371	0.01026	0.00578	0.00512	0.00147	0.00562	0.00480	0.00451	0.14787
8	0.03552	0.03411	0.11429	0.10930	0.03684	0.01177	0.24741	0.11440	0.01298	0.01839	0.01079	0.04471	0.00870	0.00520	0.00516	0.00151	0.00655	0.00502	0.00307	0.17428
9	0.05698	0.20645	0.27826	0.01543	0.07758	0.08618	0.15220	0.04024	0.01186	0.01611	0.00898	0.01085	0.00701	0.00478	0.00471	0.00150	0.00719	0.00401	0.00251	0.00716
10	0.00762	0.00497	0.00632	0.00697	0.00765	0.00458	0.00472	0.00854	0.01023	0.06509	0.02945	0.57610	0.11797	0.11316	0.00892	0.00240	0.00332	0.01283	0.00474	0.00443
11	0.16156	0.00906	0.01135	0.00886	0.01276	0.00832	0.00732	0.02370	0.01390	0.66084	0.01833	0.01618	0.01168	0.00618	0.00490	0.00161	0.00436	0.00483	0.00591	0.00833
12	0.00687	0.00508	0.00642	0.00655	0.00759	0.00463	0.00474	0.00869	0.01288	0.01756	0.44325	0.26860	0.16247	0.01272	0.00629	0.00180	0.00265	0.01125	0.00532	0.00463
13	0.00632	0.00463	0.00594	0.00699	0.00748	0.00425	0.00472	0.00728	0.01022	0.01340	0.03187	0.71312	0.13286	0.01590	0.00658	0.00207	0.00297	0.01430	0.00483	0.00425
14	0.00665	0.00479	0.00629	0.00730	0.00782	0.00449	0.00511	0.00779	0.01048	0.01390	0.07157	0.62367	0.07624	0.04041	0.00726	0.00219	0.00322	0.09169	0.00483	0.00430
15	0.01045	0.02694	0.79000	0.01484	0.02254	0.01209	0.01924	0.01649	0.01099	0.01649	0.00935	0.01099	0.00660	0.00495	0.00495	0.00165	0.00770	0.00385	0.00220	0.00770
16	0.00729	0.00532	0.00685	0.00647	0.00773	0.00488	0.00485	0.00967	0.01455	0.02042	0.73273	0.03965	0.09844	0.01082	0.00614	0.00165	0.00247	0.00952	0.00567	0.00488
17	0.01197	0.36726	0.43651	0.01225	0.01830	0.01588	0.01454	0.01597	0.01072	0.01454	0.00836	0.00987	0.00664	0.00487	0.00466	0.00144	0.03338	0.00341	0.00221	0.00719
18	0.81944	0.01004	0.00798	0.03929	0.01112	0.01168	0.00600	0.01523	0.00893	0.02296	0.00733	0.00868	0.00569	0.00485	0.00330	0.00162	0.00415	0.00289	0.00319	0.00565
19	0.00737	0.00532	0.00696	0.00655	0.00778	0.00491	0.00491	0.00983	0.01474	0.02088	0.78175	0.03890	0.04914	0.01065	0.00614	0.00164	0.00246	0.00942	0.00573	0.00491
20	0.00679	0.00493	0.00651	0.00761	0.00824	0.00464	0.00557	0.00807	0.01059	0.01388	0.03050	0.57715	0.09718	0.01561	0.00673	0.00215	0.00339	0.18125	0.00483	0.00437
21	0.01339	0.00728	0.00935	0.00857	0.01096	0.00681	0.00711	0.06558	0.01403	0.26090	0.11158	0.03902	0.15499	0.01072	0.00615	0.00190	0.00411	0.25580	0.00545	0.00630
22	0.01392	0.82012	0.02729	0.00891	0.01337	0.02061	0.00891	0.01559	0.01058	0.01225	0.00724	0.00835	0.00668	0.00446	0.00334	0.00111	0.00557	0.00278	0.00223	0.00668
23	0.01180	0.00691	0.00866	0.00767	0.00979	0.00656	0.00594	0.01563	0.11445	0.20360	0.41860	0.06184	0.08804	0.00957	0.00584	0.00168	0.00318	0.00827	0.00575	0.00623
24	0.00901	0.04533	0.01056	0.00926	0.01013	0.03299	0.00732	0.01018	0.00839	0.01179	0.01157	0.01737	0.01093	0.02844	0.49734	0.11730	0.14976	0.00506	0.00260	0.00466
25	0.02952	0.01000	0.01538	0.61311	0.05508	0.01212	0.01335	0.11242	0.01210	0.01606	0.00958	0.01354	0.00726	0.00580	0.00593	0.02607	0.02919	0.00459	0.00272	0.00616

[dist]
# distance from previous block
# <min> <max>
0	1

[block]
# block no. 2 follows, 47 sequences, length 31
# corresponding to MSA columns:
# 188-218
name=unknown_C
#
# <colnr> <probs for GDERKNQSTAVLIFYWHMCP>
#	G	D	E	R	K	N	Q	S	T	A	V	L	I	F	Y	W	H	M	C	P
0	0.71832	0.01022	0.00839	0.00733	0.01058	0.01169	0.00602	0.07246	0.02641	0.04896	0.00870	0.00966	0.00659	0.00508	0.00350	0.00160	0.00412	0.00317	0.03120	0.00602
1	0.01855	0.02288	0.01476	0.01327	0.01576	0.68218	0.01009	0.05193	0.01449	0.01358	0.00827	0.00992	0.00695	0.00643	0.02264	0.00158	0.07433	0.00356	0.00276	0.00610
2	0.00983	0.00905	0.01511	0.76661	0.03446	0.01125	0.01395	0.01325	0.01044	0.01359	0.00962	0.01415	0.00725	0.00525	0.00513	0.00171	0.00673	0.00464	0.04225	0.00574
3	0.01132	0.01346	0.07837	0.08279	0.02438	0.02736	0.51201	0.01517	0.01176	0.01582	0.01331	0.08059	0.03204	0.00614	0.00634	0.00180	0.03103	0.02690	0.00287	0.00655
4	0.09027	0.00948	0.01197	0.00933	0.01325	0.00884	0.00768	0.07876	0.04935	0.63621	0.01891	0.01667	0.01214	0.00633	0.00507	0.00161	0.00448	0.00503	0.00604	0.00857
5	0.00757	0.00505	0.00568	0.00568	0.00568	0.00505	0.00316	0.00757	0.00757	0.01010	0.01641	0.03408	0.01893	0.81698	0.02651	0.00505	0.00505	0.00757	0.00316	0.00316
6	0.01945	0.02482	0.01476	0.01342	0.01610	0.79608	0.01006	0.02079	0.01476	0.01275	0.00805	0.00939	0.00671	0.00537	0.00470	0.00134	0.00939	0.00335	0.00268	0.00604
7	0.01009	0.00806	0.06652	0.00980	0.07447	0.00659	0.00729	0.01296	0.04294	0.11751	0.36169	0.15236	0.08856	0.01011	0.00590	0.00172	0.00358	0.00888	0.00508	0.00589
8	0.02336	0.00886	0.01209	0.00927	0.01329	0.00765	0.00765	0.02538	0.01491	0.78810	0.02055	0.01773	0.01289	0.00645	0.00524	0.00161	0.00443	0.00524	0.00645	0.00886
9	0.00757	0.00505	0.00568	0.00568	0.00568	0.00505	0.00316	0.00757	0.00757	0.01010	0.01641	0.03408	0.01893	0.81698	0.02651	0.00505	0.00505	0.00757	0.00316	0.00316
10	0.01152	0.01377	0.08951	0.22795	0.07193	0.01261	0.46321	0.01574	0.01166	0.01580	0.01006	0.01368	0.00756	0.00467	0.00574	0.00173	0.00806	0.00547	0.00251	0.00682
11	0.01349	0.05721	0.08296	0.06941	0.53574	0.08022	0.01498	0.05408	0.01252	0.01694	0.00958	0.01223	0.00786	0.00483	0.00501	0.00153	0.00657	0.00437	0.00266	0.00783
12	0.00650	0.00461	0.00608	0.00719	0.00749	0.00434	0.00479	0.00737	0.00983	0.01310	0.02767	0.72978	0.03306	0.08148	0.00828	0.00236	0.00323	0.03399	0.00470	0.00416
13	0.76390	0.01125	0.00844	0.02809	0.01123	0.07557	0.00623	0.01570	0.00938	0.02224	0.00737	0.00868	0.00576	0.00489	0.00339	0.00159	0.00454	0.00291	0.00316	0.00568
14	0.00634	0.00453	0.00604	0.00725	0.00755	0.00423	0.00483	0.00725	0.00997	0.01329	0.02870	0.81358	0.03444	0.01632	0.00665	0.00211	0.00302	0.01480	0.00483	0.00423
15	0.01364	0.75551	0.08941	0.00939	0.01411	0.01991	0.00975	0.01567	0.01062	0.01260	0.00741	0.00857	0.00668	0.00450	0.00347	0.00116	0.00574	0.00287	0.00223	0.00677
16	0.00971	0.00485	0.00485	0.00485	0.00607	0.00485	0.00364	0.01213	0.01092	0.01942	0.01699	0.01942	0.01335	0.00607	0.00364	0.00121	0.00243	0.00485	0.84589	0.00485
17	0.02336	0.00886	0.01209	0.00927	0.01329	0.00765	0.00765	0.02538	0.01491	0.78810	0.02055	0.01773	0.01289	0.00645	0.00524	0.00161	0.00443	0.00524	0.00645	0.00886
18	0.01836	0.04619	0.01606	0.01433	0.04941	0.66460	0.05003	0.03652	0.01454	0.01360	0.00927	0.01068	0.02318	0.00544	0.00479	0.00138	0.00889	0.00373	0.00276	0.00623
19	0.00905	0.00452	0.00678	0.00678	0.00678	0.00452	0.00452	0.00678	0.00678	0.00905	0.00905	0.01583	0.00905	0.01809	0.02035	0.84848	0.00452	0.00452	0.00226	0.00226
20	0.01487	0.01235	0.01286	0.01079	0.01424	0.03533	0.00857	0.23522	0.46869	0.02419	0.01723	0.01637	0.01287	0.00648	0.00512	0.00160	0.00470	0.00521	0.00499	0.08833
21	0.01111	0.04759	0.63505	0.01593	0.04402	0.01240	0.11261	0.01665	0.01125	0.03191	0.00967	0.01149	0.00694	0.00488	0.00506	0.00164	0.00766	0.00416	0.00235	0.00762
22	0.01146	0.00924	0.01087	0.00780	0.01239	0.00698	0.00625	0.01376	0.01102	0.05768	0.00985	0.01116	0.00799	0.00399	0.00393	0.00082	0.00389	0.00320	0.00326	0.80448
23	0.00691	0.00531	0.00633	0.00607	0.00750	0.00472	0.00455	0.00894	0.01366	0.01832	0.50752	0.04312	0.32496	0.01160	0.00615	0.00168	0.00252	0.01001	0.00540	0.00472
24	0.00745	0.00556	0.00825	0.00825	0.00914	0.00645	0.00637	0.00923	0.00834	0.01200	0.01405	0.02104	0.01327	0.07246	0.76329	0.00823	0.01357	0.00567	0.00281	0.00459
25	0.01646	0.01034	0.01356	0.01099	0.01420	0.03188	0.09002	0.19177	0.06890	0.26939	0.03643	0.18835	0.01693	0.00842	0.00564	0.00173	0.00497	0.00736	0.00520	0.00745
26	0.01392	0.82012	0.02729	0.00891	0.01337	0.02061	0.00891	0.01559	0.01058	0.01225	0.00724	0.00835	0.00668	0.00446	0.00334	0.00111	0.00557	0.00278	0.00223	0.00668
27	0.00634	0.00453	0.00604	0.00725	0.00755	0.00423	0.00483	0.00725	0.00997	0.01329	0.02870	0.81358	0.03444	0.01632	0.00665	0.00211	0.00302	0.01480	0.00483	0.00423
28	0.00910	0.00623	0.00811	0.02180	0.02868	0.00605	0.00604	0.04289	0.04947	0.07182	0.28826	0.32219	0.05566	0.01212	0.00620	0.00186	0.00332	0.04966	0.00520	0.00534
29	0.01018	0.00961	0.01624	0.71789	0.11976	0.01166	0.01463	0.01361	0.01057	0.01372	0.00932	0.01377	0.00709	0.00514	0.00520	0.00171	0.00686	0.00463	0.00234	0.00606
30	0.01285	0.01153	0.01916	0.13075	0.56524	0.01215	0.01470	0.01576	0.01149	0.05691	0.01021	0.01330	0.00832	0.00521	0.00611	0.00163	0.07138	0.00467	0.02099	0.00767

[dist]
# distance from previous block
# <min> <max>
0	18

[block]
# block no. 3 follows, 47 sequences, length 45
# corresponding to MSA columns:
# 237-281
name=unknown_D
#
# <colnr> <probs for GDERKNQSTAVLIFYWHMCP>
#	G	D	E	R	K	N	Q	S	T	A	V	L	I	F	Y	W	H	M	C	P
0	0.08597	0.01216	0.01325	0.01039	0.01423	0.03508	0.00852	0.39185	0.04282	0.27342	0.01501	0.01429	0.01025	0.00619	0.00498	0.00157	0.00509	0.00472	0.04188	0.00833
1	0.15737	0.00937	0.01116	0.03396	0.01309	0.00945	0.00760	0.09037	0.06330	0.39470	0.03696	0.01957	0.03575	0.03079	0.00596	0.00178	0.02334	0.04271	0.00525	0.00751
2	0.73192	0.02597	0.00870	0.00727	0.01063	0.01159	0.00602	0.03808	0.00994	0.09821	0.00870	0.00948	0.00646	0.00503	0.00348	0.00160	0.00415	0.00311	0.00358	0.00607
3	0.04020	0.63624	0.02391	0.00927	0.01349	0.08497	0.00877	0.01714	0.01138	0.10084	0.00882	0.00951	0.00736	0.00477	0.00367	0.00120	0.00572	0.00311	0.00278	0.00685
4	0.01045	0.02694	0.79000	0.01484	0.02254	0.01209	0.01924	0.01649	0.01099	0.01649	0.00935	0.01099	0.00660	0.00495	0.00495	0.00165	0.00770	0.00385	0.00220	0.00770
5	0.01064	0.04597	0.73581	0.01548	0.05724	0.01232	0.01883	0.01645	0.01102	0.01641	0.00931	0.01102	0.00667	0.00492	0.00492	0.00163	0.00757	0.00386	0.00222	0.00770
6	0.01089	0.01072	0.03966	0.49362	0.25293	0.01177	0.01457	0.01492	0.05287	0.01500	0.01048	0.01481	0.00832	0.00534	0.00523	0.00169	0.00654	0.02133	0.00261	0.00668
7	0.00839	0.00599	0.00839	0.00959	0.01079	0.00599	0.00839	0.01079	0.01199	0.01558	0.02757	0.05874	0.02997	0.01439	0.00719	0.00240	0.00480	0.74945	0.00480	0.00480
8	0.00644	0.00460	0.00613	0.00719	0.00757	0.00429	0.00484	0.00749	0.01041	0.01399	0.09745	0.74287	0.03578	0.01580	0.00660	0.00207	0.00297	0.01431	0.00492	0.00429
9	0.00962	0.00718	0.00844	0.05150	0.02603	0.03199	0.00613	0.05563	0.03564	0.06605	0.26617	0.09435	0.19588	0.08763	0.00791	0.00204	0.00378	0.03388	0.00484	0.00531
10	0.00651	0.00474	0.00616	0.00712	0.00769	0.00439	0.00494	0.00765	0.01063	0.01406	0.08765	0.63898	0.11077	0.01547	0.00659	0.00206	0.00303	0.05234	0.00490	0.00433
11	0.00752	0.00526	0.00677	0.00677	0.00715	0.00564	0.00452	0.00827	0.00790	0.01091	0.01541	0.02854	0.01653	0.50080	0.33940	0.00640	0.00867	0.00676	0.00301	0.00376
12	0.00757	0.00505	0.00568	0.00568	0.00568	0.00505	0.00316	0.00757	0.00757	0.01010	0.01641	0.03408	0.01893	0.81698	0.02651	0.00505	0.00505	0.00757	0.00316	0.00316
13	0.01857	0.15429	0.01686	0.01259	0.01566	0.62339	0.00986	0.06382	0.01465	0.01384	0.00818	0.00940	0.00683	0.00527	0.00450	0.00132	0.00855	0.00334	0.00276	0.00631
14	0.03005	0.00989	0.01714	0.66959	0.07725	0.01177	0.08346	0.01382	0.01063	0.01406	0.00936	0.01371	0.00707	0.00509	0.00524	0.00172	0.00700	0.00473	0.00238	0.00604
15	0.00637	0.00547	0.00549	0.00545	0.00724	0.00467	0.00410	0.00813	0.03657	0.01432	0.05173	0.04912	0.75757	0.01299	0.00613	0.00176	0.00269	0.01083	0.00485	0.00452
16	0.85377	0.01007	0.00765	0.00685	0.01007	0.01168	0.00564	0.01531	0.00886	0.02336	0.00725	0.00846	0.00564	0.00483	0.00322	0.00161	0.00403	0.00282	0.00322	0.00564
17	0.00905	0.00452	0.00678	0.00678	0.00678	0.00452	0.00452	0.00678	0.00678	0.00905	0.00905	0.01583	0.00905	0.01809	0.02035	0.84848	0.00452	0.00452	0.00226	0.00226
18	0.01080	0.00926	0.01080	0.00771	0.01234	0.00694	0.00617	0.01311	0.01080	0.01697	0.00926	0.01080	0.00771	0.00386	0.00386	0.00077	0.00386	0.00309	0.00309	0.84882
19	0.01626	0.01174	0.01283	0.01077	0.01419	0.01302	0.00859	0.22139	0.46756	0.13613	0.01882	0.01736	0.01361	0.00676	0.00527	0.00169	0.00459	0.00548	0.00544	0.00849
20	0.02001	0.01425	0.01542	0.01182	0.01598	0.01565	0.00977	0.72352	0.02392	0.07723	0.01298	0.01281	0.00909	0.00626	0.00521	0.00157	0.00565	0.00472	0.00528	0.00886
21	0.00643	0.00459	0.00612	0.00720	0.00757	0.00428	0.00484	0.00745	0.01035	0.01389	0.08823	0.75235	0.03560	0.01587	0.00661	0.00208	0.00298	0.01438	0.00491	0.00428
22	0.01113	0.00925	0.01083	0.00775	0.01237	0.00696	0.00621	0.01344	0.01091	0.03741	0.00956	0.01098	0.00785	0.00393	0.00389	0.00079	0.00387	0.00314	0.00317	0.82656
23	0.01371	0.01217	0.01216	0.01084	0.01384	0.05917	0.00844	0.06787	0.68917	0.02186	0.01995	0.01846	0.01497	0.00692	0.00526	0.00173	0.00452	0.00567	0.00514	0.00815
24	0.01896	0.01939	0.01513	0.01319	0.04126	0.40627	0.01003	0.32782	0.03617	0.02149	0.01028	0.01106	0.00789	0.00570	0.00491	0.00143	0.00748	0.00400	0.00379	0.03372
25	0.01045	0.02694	0.79000	0.01484	0.02254	0.01209	0.01924	0.01649	0.01099	0.01649	0.00935	0.01099	0.00660	0.00495	0.00495	0.00165	0.00770	0.00385	0.00220	0.00770
26	0.01284	0.01251	0.02192	0.03115	0.72283	0.01244	0.07702	0.01604	0.01189	0.01699	0.00986	0.01298	0.00822	0.00462	0.00524	0.00156	0.00640	0.00476	0.00258	0.00815
27	0.35096	0.08964	0.29012	0.01150	0.05588	0.01244	0.01158	0.03090	0.01071	0.07994	0.00928	0.01039	0.00685	0.00498	0.00415	0.00158	0.00566	0.00351	0.00302	0.00692
28	0.01534	0.01136	0.01311	0.01134	0.03849	0.01224	0.02721	0.28321	0.27426	0.09412	0.01875	0.09988	0.03569	0.00761	0.00540	0.00168	0.00473	0.00636	0.00509	0.03414
29	0.00757	0.00505	0.00568	0.00568	0.00568	0.00505	0.00316	0.00757	0.00757	0.01010	0.01641	0.03408	0.01893	0.81698	0.02651	0.00505	0.00505	0.00757	0.00316	0.00316
30	0.00872	0.00605	0.00779	0.00799	0.00949	0.00581	0.00653	0.01151	0.05001	0.05873	0.26194	0.06592	0.14715	0.01233	0.00650	0.00199	0.00366	0.31754	0.00520	0.00514
31	0.01281	0.01249	0.02083	0.05496	0.68361	0.02657	0.03634	0.01581	0.01166	0.01656	0.00961	0.01281	0.00809	0.00491	0.00583	0.00160	0.05033	0.00465	0.00256	0.00796
32	0.03211	0.01583	0.01571	0.09371	0.08799	0.17945	0.01083	0.43268	0.04005	0.02473	0.01114	0.01214	0.00829	0.00581	0.00506	0.00154	0.00659	0.00440	0.00411	0.00783
33	0.00717	0.00529	0.00671	0.00640	0.00767	0.00482	0.00478	0.00943	0.01420	0.01972	0.65934	0.06593	0.14681	0.01117	0.00616	0.00167	0.00250	0.00981	0.00558	0.00482
34	0.00658	0.00477	0.00627	0.00738	0.00791	0.00446	0.00520	0.00770	0.01036	0.01363	0.03043	0.66302	0.09182	0.01584	0.00667	0.00212	0.00321	0.10350	0.00483	0.00431
35	0.01062	0.01213	0.08958	0.51112	0.07378	0.01203	0.18714	0.01452	0.01098	0.01457	0.00959	0.01360	0.00720	0.00496	0.00540	0.00172	0.00739	0.00491	0.00239	0.00638
36	0.01249	0.02302	0.57749	0.01584	0.07918	0.03704	0.05748	0.01761	0.01170	0.10415	0.01067	0.01202	0.00751	0.00508	0.00505	0.00163	0.00732	0.00417	0.00275	0.00778
37	0.01289	0.01237	0.02114	0.03196	0.78450	0.01237	0.01598	0.01598	0.01186	0.01701	0.00980	0.01289	0.00825	0.00464	0.00516	0.00155	0.00619	0.00464	0.00258	0.00825
38	0.01114	0.01181	0.07508	0.18856	0.38279	0.01109	0.08916	0.01424	0.01116	0.01549	0.01185	0.10432	0.01083	0.00651	0.00590	0.02821	0.00630	0.00588	0.00275	0.00692
39	0.01351	0.01387	0.01581	0.06334	0.35161	0.20266	0.01173	0.01632	0.04502	0.04080	0.01735	0.01876	0.13856	0.00654	0.00545	0.00157	0.02152	0.00546	0.00321	0.00690
40	0.02336	0.00886	0.01209	0.00927	0.01329	0.00765	0.00765	0.02538	0.01491	0.78810	0.02055	0.01773	0.01289	0.00645	0.00524	0.00161	0.00443	0.00524	0.00645	0.00886
41	0.00720	0.00511	0.00676	0.00776	0.00833	0.00493	0.00558	0.02992	0.01063	0.01410	0.02728	0.61189	0.03192	0.04120	0.00759	0.01751	0.00352	0.14962	0.00474	0.00440
42	0.08128	0.39313	0.30946	0.01146	0.01700	0.03000	0.03618	0.01634	0.01086	0.03960	0.00857	0.00984	0.00680	0.00475	0.00410	0.00139	0.00637	0.00338	0.00245	0.00704
43	0.01127	0.16172	0.53527	0.01578	0.11887	0.01339	0.01660	0.01607	0.01115	0.01596	0.03216	0.01162	0.00810	0.00499	0.00473	0.00154	0.00698	0.00393	0.00236	0.00751
44	0.00708	0.00490	0.00593	0.00635	0.00658	0.00480	0.00395	0.00758	0.00875	0.01168	0.03907	0.30827	0.04998	0.45850	0.05032	0.00397	0.00457	0.01019	0.00384	0.00368

[dist]
# distance from previous block
# <min> <max>
0	1

[block]
# block no. 4 follows, 47 sequences, length 13
# corresponding to MSA columns:
# 283-295
name=unknown_E
#
# <colnr> <probs for GDERKNQSTAVLIFYWHMCP>
#	G	D	E	R	K	N	Q	S	T	A	V	L	I	F	Y	W	H	M	C	P
0	0.02677	0.00712	0.00937	0.00922	0.01119	0.00700	0.02521	0.03643	0.06715	0.12503	0.05734	0.07924	0.10921	0.01190	0.00644	0.00207	0.00439	0.39414	0.00504	0.00574
1	0.01881	0.01430	0.04025	0.01176	0.01585	0.01518	0.00988	0.65418	0.06346	0.05587	0.01365	0.03884	0.01012	0.00658	0.00525	0.00160	0.00558	0.00507	0.00514	0.00864
2	0.11214	0.07997	0.05519	0.05001	0.42452	0.07508	0.02955	0.08201	0.01266	0.01825	0.00936	0.01166	0.00762	0.00487	0.00476	0.00152	0.00625	0.00417	0.00284	0.00756
3	0.04651	0.12064	0.01638	0.05520	0.01632	0.05891	0.00964	0.46377	0.06918	0.07465	0.01228	0.01250	0.00895	0.00592	0.00487	0.00152	0.00573	0.00441	0.00453	0.00809
4	0.00809	0.00562	0.00700	0.00753	0.00836	0.00546	0.00522	0.05915	0.03405	0.04145	0.02761	0.61912	0.07006	0.06552	0.00769	0.00222	0.00339	0.01287	0.00482	0.00476
5	0.01186	0.00991	0.01209	0.00889	0.01319	0.00841	0.03120	0.06164	0.03231	0.03981	0.01001	0.01147	0.00811	0.00448	0.00483	0.00099	0.04876	0.00350	0.00332	0.67521
6	0.00634	0.00453	0.00604	0.00725	0.00755	0.00423	0.00483	0.00725	0.00997	0.01329	0.02870	0.81358	0.03444	0.01632	0.00665	0.00211	0.00302	0.01480	0.00483	0.00423
7	0.01005	0.00947	0.01600	0.75065	0.08802	0.01163	0.01457	0.01349	0.01051	0.01356	0.00929	0.01381	0.00703	0.00517	0.00520	0.00172	0.00689	0.00463	0.00233	0.00596
8	0.01182	0.00989	0.01134	0.00826	0.01278	0.00812	0.00664	0.09286	0.03951	0.01881	0.01002	0.01129	0.00813	0.00422	0.00405	0.00089	0.00406	0.00335	0.00339	0.73057
9	0.85377	0.01007	0.00765	0.00685	0.01007	0.01168	0.00564	0.01531	0.00886	0.02336	0.00725	0.00846	0.00564	0.00483	0.00322	0.00161	0.00403	0.00282	0.00322	0.00564
10	0.00954	0.00574	0.00754	0.00699	0.00853	0.00521	0.00527	0.01171	0.01409	0.13167	0.55574	0.13131	0.06464	0.01081	0.00607	0.00170	0.00282	0.00952	0.00570	0.00539
11	0.01072	0.06737	0.56740	0.01517	0.02187	0.01228	0.14577	0.01598	0.01135	0.01637	0.03699	0.01349	0.03138	0.00526	0.00514	0.00164	0.00744	0.00459	0.00247	0.00733
12	0.06105	0.22520	0.20456	0.01449	0.09438	0.15762	0.07460	0.01773	0.02683	0.06409	0.00954	0.01092	0.00744	0.00495	0.00454	0.00145	0.00692	0.00382	0.00276	0.00710

[dist]
# distance from previous block
# <min> <max>
0	7

[block]
# block no. 5 follows, 47 sequences, length 59
# corresponding to MSA columns:
# 303-342,349-367
name=unknown_F
#
# <colnr> <probs for GDERKNQSTAVLIFYWHMCP>
#	G	D	E	R	K	N	Q	S	T	A	V	L	I	F	Y	W	H	M	C	P
0	0.00757	0.00505	0.00568	0.00568	0.00568	0.00505	0.00316	0.00757	0.00757	0.01010	0.01641	0.03408	0.01893	0.81698	0.02651	0.00505	0.00505	0.00757	0.00316	0.00316
1	0.00633	0.00531	0.00552	0.00554	0.00724	0.00450	0.00420	0.00778	0.01208	0.01462	0.10482	0.04965	0.69893	0.01305	0.00620	0.00178	0.00271	0.04039	0.00490	0.00445
2	0.01400	0.76984	0.02633	0.00904	0.01335	0.05124	0.00887	0.01567	0.01084	0.01247	0.02486	0.00909	0.00765	0.00463	0.00346	0.00113	0.00565	0.00296	0.00233	0.00662
3	0.01357	0.49770	0.24674	0.01112	0.01634	0.09121	0.01203	0.03282	0.01140	0.01398	0.00804	0.00931	0.00671	0.00472	0.00398	0.00130	0.00655	0.00319	0.00233	0.00696
4	0.02142	0.00843	0.01146	0.00894	0.01262	0.00732	0.00732	0.02349	0.01489	0.69482	0.11310	0.02030	0.01730	0.00696	0.00535	0.00161	0.00419	0.00575	0.00636	0.00838
5	0.00819	0.00608	0.00754	0.00761	0.00855	0.01956	0.00567	0.03559	0.01022	0.01437	0.02278	0.25004	0.11418	0.03250	0.24501	0.02389	0.05256	0.00867	0.12231	0.00468
6	0.03311	0.08868	0.17669	0.01475	0.09508	0.28089	0.03323	0.09212	0.05588	0.06633	0.01043	0.01149	0.00796	0.00534	0.00481	0.00149	0.00730	0.00399	0.00317	0.00726
7	0.03478	0.03616	0.56009	0.01562	0.09848	0.01167	0.02823	0.01761	0.01157	0.12184	0.01084	0.01204	0.00762	0.00510	0.00495	0.00162	0.00698	0.00411	0.00285	0.00783
8	0.62711	0.02759	0.05811	0.05328	0.07279	0.03950	0.00807	0.03154	0.00988	0.02151	0.00783	0.00937	0.00610	0.00489	0.00368	0.00160	0.00484	0.00318	0.00306	0.00608
9	0.00666	0.00523	0.00602	0.00596	0.00738	0.00459	0.00442	0.00841	0.01288	0.01677	0.34671	0.10942	0.42213	0.01242	0.00619	0.00174	0.00260	0.01067	0.00520	0.00459
10	0.01076	0.00908	0.01056	0.00760	0.01209	0.00686	0.00607	0.01307	0.01080	0.01707	0.00956	0.01114	0.00794	0.00394	0.00385	0.00079	0.00380	0.00315	0.03625	0.81561
11	0.00714	0.00519	0.00673	0.00660	0.00771	0.00478	0.00485	0.00929	0.01382	0.01931	0.62340	0.16592	0.08236	0.01170	0.00623	0.00172	0.00256	0.01037	0.00554	0.00478
12	0.01134	0.00619	0.00807	0.00717	0.00912	0.00553	0.00553	0.01348	0.01423	0.21856	0.47063	0.07968	0.10927	0.01013	0.00594	0.00167	0.00302	0.00880	0.00578	0.00585
13	0.00669	0.00534	0.00604	0.00616	0.00767	0.00469	0.00473	0.00836	0.01240	0.01565	0.20207	0.08591	0.50102	0.01295	0.00630	0.00183	0.00288	0.09975	0.00502	0.00455
14	0.00653	0.00473	0.00619	0.00708	0.00763	0.00438	0.00488	0.00773	0.01083	0.01451	0.14058	0.63511	0.08254	0.01525	0.00656	0.00203	0.00296	0.03118	0.00497	0.00435
15	0.01470	0.01083	0.01183	0.01029	0.01343	0.01204	0.00810	0.07213	0.58691	0.13780	0.02169	0.01984	0.04241	0.00714	0.00531	0.00173	0.00421	0.00590	0.00545	0.00824
16	0.03859	0.00979	0.01227	0.00961	0.01352	0.00927	0.00787	0.10087	0.11366	0.56934	0.01914	0.01698	0.01254	0.00638	0.00515	0.00160	0.00450	0.00514	0.00599	0.03782
17	0.00800	0.00591	0.00853	0.00839	0.00946	0.00683	0.00654	0.03922	0.00909	0.01316	0.01400	0.02011	0.01287	0.03662	0.73774	0.00785	0.01323	0.00552	0.03210	0.00482
18	0.15290	0.01073	0.01084	0.00895	0.01188	0.02524	0.00722	0.37156	0.01687	0.02566	0.01290	0.01455	0.00994	0.02598	0.05365	0.00197	0.00515	0.00452	0.22262	0.00686
19	0.01231	0.01312	0.07588	0.16798	0.56081	0.02941	0.01564	0.01591	0.02880	0.01633	0.00988	0.01300	0.00803	0.00483	0.00514	0.00159	0.00646	0.00458	0.00257	0.00772
20	0.01701	0.03741	0.06171	0.01133	0.01484	0.19912	0.00948	0.39600	0.01854	0.02351	0.01322	0.01456	0.03985	0.03876	0.02213	0.00177	0.00651	0.00467	0.06229	0.00729
21	0.79515	0.01124	0.06203	0.00740	0.01094	0.01171	0.00659	0.01539	0.00901	0.02289	0.00740	0.00864	0.00571	0.00484	0.00334	0.00161	0.00428	0.00289	0.00315	0.00578
22	0.01218	0.42294	0.40921	0.01188	0.01796	0.01634	0.01408	0.01604	0.01079	0.01438	0.00829	0.00968	0.00664	0.00470	0.00415	0.00138	0.00663	0.00332	0.00221	0.00719
23	0.01336	0.01641	0.16189	0.03973	0.48445	0.10377	0.01545	0.03054	0.01213	0.02727	0.00958	0.01215	0.00776	0.00503	0.00554	0.00158	0.03864	0.00435	0.00261	0.00776
24	0.00837	0.00667	0.00842	0.00774	0.00969	0.00625	0.04381	0.02830	0.07674	0.03304	0.20992	0.08823	0.32786	0.01136	0.00610	0.00178	0.00342	0.08509	0.00495	0.03229
25	0.07150	0.00989	0.01209	0.03695	0.01388	0.00976	0.00794	0.18477	0.03631	0.45307	0.05589	0.01708	0.01329	0.00647	0.00508	0.00159	0.00457	0.00516	0.04658	0.00815
26	0.05105	0.00892	0.01446	0.67534	0.04758	0.01091	0.01317	0.01290	0.01033	0.01388	0.01097	0.08765	0.00945	0.00621	0.00524	0.00176	0.00642	0.00548	0.00260	0.00569
27	0.01721	0.01269	0.01379	0.01089	0.01442	0.01380	0.00878	0.60353	0.02120	0.02854	0.01401	0.08142	0.01172	0.06396	0.01840	0.00192	0.00549	0.00568	0.00490	0.04767
28	0.00641	0.00523	0.00568	0.00580	0.00732	0.00450	0.00433	0.00786	0.01202	0.01485	0.13476	0.12648	0.59061	0.01326	0.00624	0.00181	0.00274	0.04070	0.00494	0.00446
29	0.00886	0.00586	0.00693	0.00656	0.00837	0.00520	0.00505	0.01092	0.02926	0.10957	0.25734	0.07282	0.38966	0.01170	0.00610	0.00176	0.00297	0.05061	0.00530	0.00518
30	0.01181	0.12976	0.57961	0.01430	0.04290	0.04155	0.02871	0.01676	0.01130	0.04644	0.00987	0.01193	0.00741	0.00513	0.00481	0.00158	0.00726	0.01894	0.00246	0.00749
31	0.01228	0.01167	0.02003	0.07292	0.64069	0.01177	0.04497	0.01538	0.01181	0.01666	0.01144	0.01724	0.01017	0.00556	0.00539	0.00164	0.00620	0.07367	0.00277	0.00774
32	0.00634	0.00453	0.00604	0.00725	0.00755	0.00423	0.00483	0.00725	0.00997	0.01329	0.02870	0.81358	0.03444	0.01632	0.00665	0.00211	0.00302	0.01480	0.00483	0.00423
33	0.85377	0.01007	0.00765	0.00685	0.01007	0.01168	0.00564	0.01531	0.00886	0.02336	0.00725	0.00846	0.00564	0.00483	0.00322	0.00161	0.00403	0.00282	0.00322	0.00564
34	0.01292	0.03230	0.03376	0.01365	0.05877	0.12003	0.16586	0.02964	0.02930	0.06340	0.04035	0.07327	0.04239	0.00657	0.00634	0.00153	0.08377	0.00562	0.00338	0.17716
35	0.01180	0.26015	0.53820	0.01300	0.01961	0.01474	0.01587	0.04252	0.01135	0.01582	0.00884	0.01027	0.00670	0.00485	0.00448	0.00149	0.00700	0.00356	0.00231	0.00744
36	0.01001	0.00943	0.01579	0.69118	0.11355	0.01137	0.01420	0.01335	0.01062	0.01373	0.01105	0.01523	0.03807	0.00547	0.00524	0.00172	0.00669	0.00488	0.00244	0.00599
37	0.00925	0.00665	0.00787	0.00785	0.00951	0.00655	0.00608	0.03869	0.12162	0.06403	0.08890	0.20211	0.22760	0.03137	0.00672	0.00201	0.00360	0.14915	0.00503	0.00543
38	0.01717	0.01271	0.01471	0.01175	0.03080	0.04373	0.05536	0.43703	0.01915	0.10652	0.01520	0.07087	0.03776	0.00679	0.00524	0.00153	0.00544	0.00555	0.00476	0.09794
39	0.01340	0.01420	0.04105	0.12237	0.56169	0.12530	0.01504	0.01637	0.01208	0.01593	0.00947	0.01245	0.00782	0.00482	0.00509	0.00154	0.00678	0.00443	0.00255	0.00762
40	0.00676	0.00538	0.00608	0.00598	0.00748	0.00476	0.00445	0.00876	0.02998	0.01664	0.31234	0.09382	0.45432	0.01234	0.00616	0.00174	0.00263	0.01055	0.00517	0.00466
41	0.01265	0.01262	0.03985	0.07570	0.59038	0.03161	0.02556	0.03127	0.04227	0.01693	0.01163	0.01433	0.03532	0.00527	0.00558	0.00160	0.03196	0.00488	0.00279	0.00781
42	0.00650	0.00529	0.00576	0.00564	0.00725	0.00454	0.00423	0.00815	0.01269	0.01601	0.26076	0.04692	0.57316	0.01246	0.00615	0.00172	0.00259	0.01054	0.00509	0.00454
43	0.00704	0.00528	0.00653	0.00634	0.00765	0.00477	0.00475	0.00913	0.01372	0.01870	0.54732	0.08449	0.22606	0.01165	0.00620	0.00171	0.00258	0.02586	0.00545	0.00475
44	0.80206	0.05995	0.00886	0.00698	0.01027	0.01223	0.00584	0.01533	0.00897	0.02268	0.00725	0.00845	0.00570	0.00481	0.00323	0.00158	0.00412	0.00282	0.00316	0.00570
45	0.01337	0.10880	0.13625	0.01767	0.22573	0.18366	0.05198	0.01692	0.05432	0.01546	0.01307	0.01627	0.05213	0.00594	0.00501	0.00153	0.00674	0.04529	0.00292	0.02694
46	0.01295	0.14495	0.38084	0.01411	0.08580	0.08507	0.01415	0.02731	0.01212	0.07836	0.05713	0.01468	0.01076	0.00573	0.00488	0.00155	0.00667	0.03269	0.00298	0.00727
47	0.02669	0.03912	0.71329	0.01407	0.02123	0.01179	0.01791	0.01604	0.01118	0.01682	0.05683	0.01262	0.00920	0.00529	0.00496	0.00164	0.00727	0.00415	0.00244	0.00747
48	0.00849	0.00575	0.00738	0.00681	0.00829	0.00535	0.00516	0.01132	0.04238	0.06689	0.67943	0.03735	0.07459	0.01036	0.00606	0.00165	0.00264	0.00910	0.00572	0.00525
49	0.04448	0.08042	0.46581	0.04567	0.15841	0.01233	0.03716	0.01576	0.01128	0.01670	0.05677	0.01295	0.00953	0.00520	0.00491	0.00159	0.00680	0.00431	0.00254	0.00738
50	0.09743	0.01459	0.06998	0.12889	0.15462	0.09189	0.33463	0.01636	0.01178	0.01653	0.00958	0.01260	0.00740	0.00472	0.00533	0.00165	0.00760	0.00492	0.00262	0.00686
51	0.01980	0.01459	0.01563	0.01198	0.01615	0.01615	0.00990	0.76713	0.02448	0.03282	0.01250	0.01250	0.00886	0.00625	0.00521	0.00156	0.00573	0.00469	0.00521	0.00886
52	0.00885	0.00581	0.00721	0.00742	0.00820	0.00575	0.00516	0.06191	0.01060	0.05633	0.02253	0.36334	0.02531	0.28094	0.03518	0.00322	0.00443	0.07895	0.00433	0.00452
53	0.00744	0.00558	0.00837	0.00837	0.00930	0.00651	0.00651	0.00930	0.00837	0.01209	0.01395	0.02046	0.01302	0.03906	0.79635	0.00837	0.01395	0.00558	0.00279	0.00465
54	0.79370	0.01008	0.00797	0.00709	0.01027	0.01166	0.00583	0.04253	0.00942	0.02331	0.00768	0.00903	0.00602	0.00608	0.03108	0.00185	0.00444	0.00298	0.00328	0.00572
55	0.01222	0.01452	0.05843	0.02169	0.02705	0.01313	0.73835	0.01667	0.01224	0.01667	0.01049	0.01394	0.00785	0.00441	0.00610	0.00175	0.00874	0.00606	0.00262	0.00705
56	0.00647	0.00463	0.00596	0.00696	0.00731	0.00433	0.00459	0.00730	0.00980	0.01297	0.02863	0.68199	0.07423	0.10773	0.00889	0.00243	0.00323	0.01377	0.00464	0.00412
57	0.00756	0.00536	0.00691	0.00654	0.00783	0.00490	0.00490	0.00986	0.01436	0.03497	0.68687	0.06975	0.09865	0.01096	0.00615	0.00166	0.00253	0.00966	0.00565	0.00493
58	0.00796	0.00616	0.00798	0.03703	0.00970	0.02106	0.03200	0.05032	0.02153	0.01410	0.02402	0.56223	0.02785	0.14098	0.00958	0.00250	0.00397	0.01208	0.00439	0.00456

[dist]
# distance from previous block
# <min> <max>
0	2

[block]
# block no. 6 follows, 47 sequences, length 43
# corresponding to MSA columns:
# 370-412
name=unknown_G
#
# <colnr> <probs for GDERKNQSTAVLIFYWHMCP>
#	G	D	E	R	K	N	Q	S	T	A	V	L	I	F	Y	W	H	M	C	P
0	0.76377	0.01042	0.00852	0.00747	0.01062	0.01215	0.00616	0.06487	0.00986	0.02354	0.00758	0.00885	0.00590	0.00511	0.00393	0.00164	0.03742	0.00302	0.00331	0.00585
1	0.01310	0.01485	0.15105	0.02562	0.51944	0.03522	0.04259	0.03165	0.01216	0.05758	0.01101	0.04238	0.00914	0.00526	0.00520	0.00159	0.00641	0.00493	0.00286	0.00794
2	0.68468	0.01026	0.03140	0.00736	0.01062	0.01106	0.00623	0.04090	0.01027	0.06302	0.07454	0.01176	0.00988	0.00547	0.00370	0.00161	0.00408	0.00360	0.00364	0.00592
3	0.00837	0.00638	0.00771	0.00790	0.03704	0.03398	0.00565	0.01042	0.01332	0.04405	0.45120	0.10062	0.14360	0.03584	0.02626	0.00199	0.00348	0.05205	0.00513	0.00502
4	0.01732	0.01154	0.01361	0.01089	0.01430	0.01226	0.03590	0.41729	0.07253	0.16214	0.01636	0.09828	0.01324	0.03868	0.03896	0.00206	0.00553	0.00612	0.00513	0.00788
5	0.06303	0.01351	0.01449	0.01130	0.01514	0.01488	0.00926	0.65481	0.02228	0.05287	0.01274	0.03323	0.00947	0.00693	0.00577	0.03666	0.00548	0.00486	0.00501	0.00829
6	0.40088	0.11006	0.01339	0.00926	0.01303	0.01464	0.00783	0.33194	0.01565	0.02600	0.00946	0.01015	0.00712	0.00539	0.00407	0.00153	0.00493	0.00360	0.00394	0.00712
7	0.02813	0.00502	0.00643	0.00719	0.00793	0.00468	0.00502	0.00855	0.01078	0.04621	0.09819	0.61219	0.08862	0.01482	0.00644	0.00202	0.00308	0.03523	0.00494	0.00455
8	0.08020	0.64579	0.13144	0.00957	0.01438	0.01872	0.01008	0.01570	0.01050	0.01372	0.00753	0.00873	0.00659	0.00455	0.00355	0.00123	0.00574	0.00293	0.00230	0.00674
9	0.01070	0.08588	0.73332	0.01440	0.02186	0.01273	0.01847	0.01643	0.01096	0.01618	0.00919	0.01080	0.00660	0.00491	0.00483	0.00161	0.00754	0.00377	0.00220	0.00762
10	0.01172	0.01635	0.19636	0.02073	0.09663	0.01250	0.49754	0.01623	0.01190	0.01656	0.01097	0.03474	0.00872	0.00502	0.00582	0.00173	0.00808	0.01861	0.00263	0.00718
11	0.00634	0.00457	0.00600	0.00715	0.00753	0.00424	0.00479	0.00726	0.01006	0.01333	0.02990	0.77571	0.07154	0.01616	0.00662	0.00210	0.00300	0.01462	0.00483	0.00424
12	0.01919	0.00860	0.01110	0.00884	0.01226	0.00783	0.00718	0.08821	0.02692	0.53625	0.11895	0.04045	0.07496	0.00770	0.00545	0.00164	0.00413	0.00637	0.00607	0.00791
13	0.01309	0.01213	0.01920	0.09339	0.54621	0.04083	0.04532	0.03389	0.03590	0.04859	0.01284	0.01525	0.04927	0.00534	0.00525	0.00158	0.00614	0.00505	0.00299	0.00774
14	0.01098	0.02619	0.75802	0.01461	0.02216	0.01191	0.01876	0.01686	0.01116	0.04822	0.00981	0.01127	0.00686	0.00501	0.00496	0.00165	0.00756	0.00391	0.00237	0.00774
15	0.01897	0.00812	0.01083	0.00867	0.01197	0.00725	0.00702	0.02172	0.05257	0.56414	0.20507	0.02294	0.02182	0.00749	0.00546	0.00163	0.00394	0.00628	0.00622	0.00787
16	0.01258	0.01131	0.01746	0.25906	0.11051	0.03041	0.14832	0.15419	0.02875	0.03176	0.01558	0.01961	0.07907	0.00653	0.00557	0.00172	0.00641	0.05093	0.00346	0.00678
17	0.01251	0.01199	0.02046	0.12704	0.69236	0.01227	0.01580	0.01565	0.01168	0.01656	0.00973	0.01301	0.00809	0.00471	0.00516	0.00157	0.00628	0.00464	0.00255	0.00795
18	0.02336	0.00886	0.01209	0.00927	0.01329	0.00765	0.00765	0.02538	0.01491	0.78810	0.02055	0.01773	0.01289	0.00645	0.00524	0.00161	0.00443	0.00524	0.00645	0.00886
19	0.01602	0.00724	0.00973	0.00802	0.01076	0.00640	0.00640	0.01824	0.01483	0.43592	0.36997	0.02745	0.02953	0.00837	0.00565	0.00162	0.00352	0.00716	0.00612	0.00705
20	0.01978	0.01363	0.01466	0.01142	0.01535	0.04080	0.00935	0.59593	0.02208	0.14783	0.01426	0.04638	0.01047	0.00667	0.00526	0.00159	0.00554	0.00515	0.00530	0.00857
21	0.02095	0.00837	0.01139	0.00916	0.01274	0.00732	0.00758	0.02296	0.01441	0.66848	0.02225	0.04101	0.03329	0.00769	0.00550	0.00171	0.00440	0.08638	0.00619	0.00821
22	0.01050	0.02654	0.76651	0.01506	0.02268	0.01213	0.04233	0.01650	0.01103	0.01650	0.00938	0.01109	0.00664	0.00493	0.00498	0.00165	0.00773	0.00392	0.00221	0.00768
23	0.01240	0.01323	0.08172	0.10563	0.65122	0.01227	0.01609	0.01576	0.01165	0.01661	0.00971	0.01284	0.00799	0.00472	0.00514	0.00157	0.00638	0.00458	0.00252	0.00797
24	0.01200	0.01349	0.02909	0.02156	0.05422	0.01268	0.69833	0.01617	0.01215	0.01652	0.01145	0.05553	0.00929	0.00502	0.00614	0.00177	0.00838	0.00654	0.00275	0.00692
25	0.01039	0.01047	0.04112	0.63511	0.13551	0.01178	0.05437	0.01394	0.01072	0.01408	0.00940	0.01367	0.00716	0.00508	0.00524	0.00171	0.00696	0.00469	0.00236	0.00624
26	0.00630	0.00520	0.00553	0.00561	0.00717	0.00443	0.00415	0.00770	0.01198	0.01471	0.12775	0.12686	0.62814	0.01324	0.00620	0.00178	0.00266	0.01121	0.00493	0.00443
27	0.02336	0.00886	0.01209	0.00927	0.01329	0.00765	0.00765	0.02538	0.01491	0.78810	0.02055	0.01773	0.01289	0.00645	0.00524	0.00161	0.00443	0.00524	0.00645	0.00886
28	0.01138	0.02125	0.48407	0.02096	0.27239	0.01226	0.07141	0.01634	0.01137	0.01668	0.00958	0.01183	0.00723	0.00481	0.00510	0.00162	0.00728	0.00427	0.00235	0.00783
29	0.01077	0.07979	0.71076	0.01507	0.04958	0.01268	0.01843	0.01641	0.01100	0.01623	0.00922	0.01089	0.00666	0.00490	0.00485	0.00161	0.00750	0.00381	0.00221	0.00765
30	0.00734	0.00532	0.00691	0.00652	0.00776	0.00490	0.00489	0.00976	0.01466	0.02069	0.76120	0.03922	0.06981	0.01072	0.00614	0.00164	0.00246	0.00946	0.00571	0.00490
31	0.02326	0.00903	0.01219	0.00934	0.01338	0.00790	0.00772	0.04702	0.01518	0.76607	0.02031	0.01757	0.01277	0.00644	0.00524	0.00161	0.00447	0.00522	0.00641	0.00886
32	0.01958	0.01456	0.01514	0.01179	0.01576	0.05646	0.00965	0.66961	0.02309	0.06868	0.01312	0.03518	0.00966	0.00650	0.00522	0.00157	0.00578	0.00493	0.00513	0.00858
33	0.00938	0.00618	0.00812	0.00880	0.03231	0.00577	0.00699	0.01136	0.01219	0.09966	0.05110	0.10577	0.23185	0.01296	0.00657	0.00207	0.00403	0.37475	0.00495	0.00519
34	0.00634	0.00453	0.00604	0.00725	0.00755	0.00423	0.00483	0.00725	0.00997	0.01329	0.02870	0.81358	0.03444	0.01632	0.00665	0.00211	0.00302	0.01480	0.00483	0.00423
35	0.01361	0.01251	0.02050	0.03029	0.72407	0.03233	0.01539	0.01660	0.01209	0.05751	0.01032	0.01305	0.00845	0.00475	0.00515	0.00154	0.00618	0.00464	0.00278	0.00822
36	0.00647	0.00463	0.00615	0.00717	0.00758	0.00431	0.00484	0.00756	0.01054	0.01419	0.11790	0.72182	0.03618	0.01564	0.00659	0.00206	0.00295	0.01417	0.00494	0.00431
37	0.01846	0.01553	0.01622	0.02806	0.06713	0.12191	0.03827	0.53422	0.06276	0.02749	0.01206	0.01257	0.00884	0.00598	0.00518	0.00155	0.00631	0.00462	0.00455	0.00828
38	0.00737	0.00532	0.00696	0.00655	0.00778	0.00491	0.00491	0.00983	0.01474	0.02088	0.78175	0.03890	0.04914	0.01065	0.00614	0.00164	0.00246	0.00942	0.00573	0.00491
39	0.01315	0.48782	0.26595	0.01155	0.01692	0.07106	0.03906	0.01627	0.01106	0.01377	0.00807	0.00946	0.00670	0.00467	0.00404	0.00132	0.00661	0.00328	0.00226	0.00697
40	0.00621	0.00525	0.00537	0.00540	0.00708	0.00441	0.00403	0.00756	0.01192	0.01432	0.08186	0.07701	0.72544	0.01320	0.00617	0.00177	0.00264	0.01106	0.00487	0.00441
41	0.08593	0.54462	0.02214	0.00958	0.01355	0.14958	0.00874	0.01743	0.04263	0.05215	0.00861	0.00946	0.00728	0.00485	0.00373	0.00125	0.00597	0.00313	0.00272	0.00666
42	0.01304	0.01076	0.01161	0.02596	0.01370	0.01228	0.00821	0.04000	0.66886	0.04981	0.03364	0.02112	0.03616	0.00737	0.00537	0.00177	0.00417	0.02289	0.00526	0.00800

[dist]
# distance from previous block
# <min> <max>
4	6

[block]
# block no. 7 follows, 47 sequences, length 50
# corresponding to MSA columns:
# 419-468
name=unknown_H
#
# <colnr> <probs for GDERKNQSTAVLIFYWHMCP>
#	G	D	E	R	K	N	Q	S	T	A	V	L	I	F	Y	W	H	M	C	P
0	0.01241	0.16948	0.29472	0.04966	0.14805	0.01322	0.10691	0.01635	0.01147	0.05953	0.02243	0.01214	0.00817	0.00487	0.00482	0.00150	0.00668	0.00423	0.00267	0.05069
1	0.01388	0.01529	0.05132	0.03890	0.51692	0.17715	0.03028	0.01698	0.03092	0.01601	0.01033	0.03933	0.00890	0.00526	0.00513	0.00154	0.00684	0.00474	0.00272	0.00756
2	0.00827	0.00628	0.00689	0.00649	0.00842	0.00584	0.00495	0.01169	0.11591	0.05825	0.20760	0.04175	0.47551	0.01144	0.00599	0.00173	0.00290	0.00964	0.00518	0.00527
3	0.00690	0.00530	0.00631	0.00606	0.00749	0.00471	0.00455	0.00892	0.01364	0.01826	0.50161	0.04321	0.33092	0.01162	0.00615	0.00168	0.00253	0.01002	0.00539	0.00471
4	0.02020	0.00866	0.01115	0.00886	0.01234	0.02418	0.00720	0.02270	0.04134	0.61163	0.11600	0.02086	0.03038	0.00707	0.00531	0.00160	0.00419	0.00583	0.03244	0.00809
5	0.02110	0.00987	0.01239	0.00979	0.01363	0.00949	0.00799	0.10138	0.15438	0.57152	0.01984	0.01750	0.01303	0.00654	0.00525	0.00163	0.00451	0.00530	0.00611	0.00875
6	0.00634	0.00455	0.00603	0.00721	0.00754	0.00423	0.00481	0.00726	0.01001	0.01331	0.02925	0.79626	0.05141	0.01624	0.00664	0.00211	0.00301	0.01472	0.00483	0.00423
7	0.00995	0.00942	0.01564	0.74431	0.03418	0.01190	0.01423	0.01325	0.01023	0.01325	0.00907	0.01369	0.00693	0.00550	0.00611	0.00178	0.06783	0.00462	0.00231	0.00578
8	0.02336	0.00886	0.01209	0.00927	0.01329	0.00765	0.00765	0.02538	0.01491	0.78810	0.02055	0.01773	0.01289	0.00645	0.00524	0.00161	0.00443	0.00524	0.00645	0.00886
