[name]
unknown

[dist]
# distance from previous block
# <min> <max>
36	307

[block]
# block no. 0 follows, 44 sequences, length 7
# corresponding to MSA columns:
# 388-394
name=unknown_A
#
# <colnr> <probs for GDERKNQSTAVLIFYWHMCP>
#	G	D	E	R	K	N	Q	S	T	A	V	L	I	F	Y	W	H	M	C	P
0	0.00862	0.12709	0.10533	0.00908	0.01125	0.00835	0.03254	0.01044	0.01071	0.01411	0.02447	0.45934	0.07690	0.06696	0.00759	0.00217	0.00448	0.01114	0.00412	0.00529
1	0.01383	0.57166	0.05224	0.00954	0.01366	0.01810	0.00922	0.07544	0.01199	0.01508	0.00953	0.01144	0.00839	0.00971	0.10741	0.00224	0.00693	0.00361	0.04313	0.00685
2	0.01362	0.44028	0.32254	0.01215	0.01799	0.08023	0.01367	0.01714	0.01160	0.01461	0.00851	0.00992	0.00696	0.00494	0.00427	0.00141	0.00703	0.00340	0.00236	0.00736
3	0.06296	0.54927	0.12874	0.01143	0.01654	0.01854	0.08539	0.01693	0.01138	0.04280	0.00874	0.01009	0.00729	0.00483	0.00409	0.00136	0.00633	0.00352	0.00259	0.00720
4	0.00786	0.00546	0.00659	0.00701	0.00747	0.00535	0.00479	0.00863	0.00959	0.01255	0.02417	0.13120	0.08175	0.48018	0.01923	0.00405	0.00479	0.17140	0.00402	0.00391
5	0.01375	0.65834	0.02487	0.00897	0.01334	0.01872	0.00867	0.01561	0.01102	0.01368	0.00858	0.01009	0.00772	0.00621	0.03665	0.00146	0.00586	0.00317	0.04264	0.09065
6	0.01225	0.19914	0.55014	0.01435	0.02140	0.01485	0.04812	0.04957	0.01209	0.01705	0.00950	0.01111	0.00709	0.00510	0.00487	0.00160	0.00753	0.00392	0.00247	0.00785

[dist]
# distance from previous block
# <min> <max>
0	4

[block]
# block no. 1 follows, 44 sequences, length 21
# corresponding to MSA columns:
# 399-419
name=unknown_B
#
# <colnr> <probs for GDERKNQSTAVLIFYWHMCP>
#	G	D	E	R	K	N	Q	S	T	A	V	L	I	F	Y	W	H	M	C	P
0	0.01881	0.04933	0.01597	0.11594	0.01852	0.01441	0.01047	0.40611	0.01938	0.17587	0.01402	0.03301	0.01022	0.00683	0.00633	0.00172	0.06461	0.00517	0.00493	0.00838
1	0.00798	0.00562	0.00632	0.00632	0.00771	0.00497	0.00451	0.00919	0.01171	0.06220	0.08535	0.15899	0.42501	0.15554	0.01028	0.00250	0.00341	0.02278	0.00491	0.00468
2	0.00669	0.00477	0.00631	0.00753	0.00783	0.00446	0.00499	0.00760	0.01034	0.01379	0.02954	0.77453	0.03542	0.04826	0.00778	0.00234	0.00325	0.01520	0.00499	0.00438
3	0.01213	0.07967	0.39941	0.09373	0.06531	0.02769	0.16143	0.01696	0.01190	0.04040	0.01084	0.03667	0.00841	0.00546	0.00540	0.00172	0.00773	0.00493	0.00266	0.00757
4	0.01130	0.04884	0.65897	0.01635	0.02397	0.01307	0.11769	0.01726	0.01168	0.01716	0.00989	0.01186	0.00709	0.00509	0.00530	0.00173	0.00814	0.00432	0.00236	0.00793
5	0.00683	0.00550	0.00624	0.00626	0.00778	0.00490	0.00467	0.00846	0.01249	0.01584	0.18789	0.11178	0.49815	0.01612	0.07994	0.00250	0.00387	0.01100	0.00504	0.00472
6	0.09293	0.73627	0.02663	0.00913	0.01367	0.02069	0.00901	0.01630	0.01091	0.01392	0.00758	0.00876	0.00689	0.00470	0.00349	0.00122	0.00568	0.00292	0.00243	0.00689
7	0.04953	0.00993	0.07031	0.00951	0.01317	0.00797	0.00817	0.02142	0.04055	0.49786	0.02295	0.13791	0.05325	0.02401	0.00608	0.00185	0.00458	0.00715	0.00583	0.00796
8	0.00710	0.00557	0.00653	0.00682	0.00818	0.00484	0.00486	0.00836	0.01126	0.01453	0.03753	0.38762	0.32216	0.04374	0.00726	0.00206	0.00321	0.03025	0.00482	0.08329
9	0.01147	0.00593	0.00644	0.00603	0.00768	0.00582	0.00460	0.04306	0.01241	0.09144	0.03879	0.04142	0.06272	0.02301	0.01880	0.00160	0.00317	0.00595	0.60411	0.00556
10	0.03374	0.08318	0.55636	0.08886	0.05774	0.01302	0.02881	0.01657	0.01157	0.01701	0.03772	0.01273	0.00866	0.00536	0.00510	0.00169	0.00745	0.00428	0.00251	0.00764
11	0.06929	0.01723	0.17441	0.01927	0.07324	0.03379	0.36926	0.10997	0.01382	0.01976	0.01054	0.01317	0.00792	0.00522	0.00620	0.00178	0.03917	0.00529	0.00303	0.00764
12	0.01374	0.01341	0.04271	0.11319	0.22618	0.06057	0.10151	0.13843	0.01418	0.01901	0.01277	0.04585	0.01135	0.00710	0.00701	0.00184	0.08610	0.07430	0.00340	0.00736
13	0.09624	0.01306	0.04425	0.01089	0.01480	0.01329	0.00914	0.40872	0.06111	0.11621	0.02555	0.01693	0.01168	0.06466	0.00687	0.00191	0.00544	0.02481	0.00502	0.04942
14	0.11089	0.01081	0.01456	0.17763	0.14795	0.01150	0.01086	0.11480	0.05997	0.21428	0.03444	0.01581	0.01118	0.00608	0.00519	0.00169	0.00548	0.00503	0.03403	0.00781
15	0.10804	0.01199	0.07995	0.01400	0.12180	0.01098	0.03906	0.11486	0.04432	0.17882	0.07983	0.09171	0.01613	0.00769	0.00607	0.00178	0.04155	0.01924	0.00459	0.00757
16	0.01346	0.02979	0.10757	0.05148	0.34781	0.03254	0.03330	0.04681	0.04985	0.06625	0.04307	0.01747	0.03119	0.00605	0.00537	0.00163	0.00604	0.02744	0.03680	0.04608
17	0.01614	0.01045	0.04384	0.01257	0.09816	0.00935	0.03783	0.08466	0.06813	0.27759	0.10012	0.06079	0.05897	0.00759	0.00558	0.00166	0.00476	0.00652	0.02556	0.06974
18	0.05934	0.04317	0.22316	0.10592	0.11039	0.01142	0.04127	0.02995	0.01201	0.08278	0.05477	0.01615	0.02922	0.00654	0.00632	0.02220	0.05563	0.00502	0.07770	0.00706
19	0.05421	0.01313	0.08470	0.25285	0.18132	0.04233	0.08363	0.01694	0.09894	0.01700	0.01321	0.03031	0.02457	0.00631	0.00582	0.00180	0.02547	0.03723	0.00313	0.00709
20	0.01311	0.16377	0.12975	0.04008	0.11049	0.01370	0.13099	0.04519	0.10894	0.03337	0.04115	0.01428	0.01072	0.00541	0.00506	0.00152	0.00624	0.00479	0.00332	0.11813

[dist]
# distance from previous block
# <min> <max>
13	188

[block]
# block no. 2 follows, 44 sequences, length 149
# corresponding to MSA columns:
# 685-833
name=unknown_C
#
# <colnr> <probs for GDERKNQSTAVLIFYWHMCP>
#	G	D	E	R	K	N	Q	S	T	A	V	L	I	F	Y	W	H	M	C	P
0	0.08545	0.11819	0.09794	0.02895	0.06392	0.03034	0.07704	0.15437	0.04619	0.04757	0.04667	0.07217	0.07836	0.00728	0.00526	0.00167	0.00568	0.00606	0.01969	0.00720
1	0.10529	0.06510	0.01353	0.04593	0.08154	0.06171	0.02396	0.05912	0.13971	0.11165	0.03189	0.14120	0.01568	0.02985	0.02941	0.00203	0.00543	0.00662	0.00435	0.02599
2	0.03243	0.01365	0.12692	0.02868	0.01513	0.04458	0.00984	0.24892	0.02984	0.12823	0.03509	0.13945	0.04901	0.04896	0.00675	0.00193	0.00551	0.00694	0.00472	0.02342
3	0.05760	0.08720	0.20358	0.03719	0.03549	0.01130	0.15871	0.01528	0.03490	0.04483	0.01761	0.13482	0.06540	0.00797	0.00566	0.00180	0.00623	0.04532	0.00349	0.02562
4	0.04583	0.11978	0.10639	0.01111	0.01529	0.11401	0.03261	0.07149	0.08805	0.11242	0.05325	0.04705	0.01302	0.00647	0.00501	0.00151	0.00583	0.01902	0.00401	0.12783
5	0.02689	0.02664	0.10798	0.08290	0.06250	0.02660	0.02588	0.04958	0.14702	0.18826	0.08494	0.05485	0.04514	0.00765	0.00586	0.00178	0.02071	0.02256	0.00468	0.00758
6	0.07475	0.23617	0.05126	0.08319	0.12437	0.05554	0.05699	0.06222	0.02473	0.01692	0.03045	0.11945	0.02839	0.00703	0.00501	0.00161	0.00594	0.00587	0.00328	0.00683
7	0.02749	0.07926	0.07761	0.01089	0.05021	0.02701	0.00895	0.13987	0.07423	0.08810	0.04652	0.08127	0.16973	0.00870	0.00603	0.00171	0.03902	0.00700	0.02634	0.03008
8	0.35833	0.04978	0.02957	0.08014	0.04663	0.08634	0.00868	0.04778	0.06162	0.08624	0.01143	0.01398	0.00910	0.03047	0.00515	0.00176	0.00545	0.02606	0.00370	0.03780
9	0.12069	0.10205	0.03470	0.01120	0.02840	0.16292	0.00909	0.22657	0.11199	0.02282	0.01249	0.01322	0.00960	0.00599	0.00468	0.00153	0.00593	0.00433	0.10438	0.00741
10	0.03634	0.03638	0.00952	0.00912	0.01074	0.00725	0.00765	0.04437	0.01269	0.06840	0.07950	0.06154	0.02606	0.03080	0.00844	0.07784	0.00468	0.41787	0.04550	0.00531
11	0.01259	0.04891	0.01259	0.00905	0.03648	0.00820	0.00704	0.01498	0.01167	0.07849	0.01055	0.01183	0.00847	0.00431	0.00417	0.00092	0.00425	0.00345	0.00345	0.70861
12	0.01356	0.15592	0.27104	0.04099	0.10812	0.01324	0.08848	0.03307	0.02845	0.10441	0.07986	0.01534	0.01229	0.00579	0.00521	0.00163	0.00657	0.00496	0.00338	0.00772
13	0.05199	0.12500	0.34824	0.01737	0.14764	0.01375	0.08212	0.04075	0.02940	0.07802	0.01089	0.01245	0.00810	0.00522	0.00506	0.00164	0.00700	0.00438	0.00299	0.00800
14	0.00849	0.00652	0.01035	0.00964	0.01103	0.00711	0.07384	0.01072	0.00967	0.01415	0.01600	0.06068	0.01505	0.03154	0.55869	0.00672	0.01182	0.03798	0.09490	0.00510
15	0.03077	0.01119	0.01313	0.02689	0.01416	0.01225	0.00880	0.32839	0.01698	0.07121	0.01682	0.07403	0.06529	0.01208	0.10216	0.00258	0.09846	0.00608	0.00451	0.08424
16	0.01310	0.10977	0.15983	0.04075	0.50178	0.01393	0.01610	0.01726	0.04464	0.01727	0.01036	0.01289	0.00845	0.00501	0.00514	0.00160	0.00661	0.00453	0.00270	0.00829
17	0.00851	0.00667	0.00947	0.00924	0.01036	0.00790	0.00723	0.01163	0.07682	0.01359	0.01492	0.02086	0.01358	0.03634	0.67889	0.00783	0.05194	0.00582	0.00313	0.00526
18	0.00726	0.00505	0.00671	0.00760	0.00816	0.00476	0.00537	0.00824	0.01088	0.01446	0.09523	0.51521	0.07827	0.03700	0.00878	0.07785	0.00350	0.09647	0.00485	0.00436
19	0.01203	0.03876	0.13167	0.10291	0.20225	0.01301	0.26923	0.01589	0.01186	0.01649	0.01158	0.06004	0.00996	0.00607	0.00664	0.00182	0.06088	0.01883	0.00278	0.00731
20	0.03771	0.01400	0.01587	0.01386	0.08567	0.01534	0.01034	0.60389	0.02238	0.03037	0.01238	0.01334	0.00915	0.00747	0.00683	0.07728	0.00589	0.00484	0.00487	0.00851
21	0.00726	0.00548	0.00775	0.00992	0.07695	0.00520	0.00611	0.00841	0.01062	0.01427	0.02827	0.73356	0.03359	0.01598	0.00682	0.00216	0.00346	0.01454	0.00485	0.00481
22	0.09482	0.02459	0.01478	0.01343	0.01629	0.71677	0.01012	0.02125	0.01489	0.01434	0.00835	0.00974	0.00692	0.00557	0.00478	0.00143	0.00933	0.00346	0.00286	0.00628
23	0.01384	0.55850	0.10200	0.00995	0.01438	0.06697	0.00994	0.01615	0.01207	0.02873	0.11002	0.01355	0.01304	0.00568	0.00419	0.00132	0.00586	0.00404	0.00293	0.00686
24	0.01272	0.03505	0.01661	0.38605	0.13186	0.01196	0.04285	0.08356	0.03349	0.06802	0.01260	0.01815	0.01037	0.07823	0.00751	0.00208	0.00655	0.03223	0.00330	0.00680
25	0.01231	0.01381	0.02984	0.02159	0.02664	0.01294	0.68708	0.01657	0.01265	0.01714	0.01274	0.08588	0.01077	0.00572	0.00648	0.00187	0.00865	0.00725	0.00296	0.00709
26	0.01081	0.01046	0.01882	0.58487	0.07816	0.01207	0.13598	0.01435	0.01119	0.01460	0.01031	0.02909	0.00811	0.00590	0.00612	0.02765	0.00738	0.00530	0.00254	0.00628
27	0.01199	0.14343	0.55737	0.01415	0.03762	0.01338	0.01683	0.01708	0.01157	0.04007	0.00981	0.01134	0.00727	0.00504	0.00484	0.00156	0.00722	0.00385	0.00254	0.08304
28	0.02342	0.00977	0.01441	0.01090	0.01523	0.00853	0.07526	0.02575	0.01536	0.70965	0.02056	0.01821	0.01302	0.00655	0.00557	0.00170	0.00505	0.00557	0.00639	0.00910
29	0.02328	0.00932	0.01253	0.00955	0.01383	0.00795	0.00787	0.02541	0.01522	0.70968	0.02044	0.01790	0.01301	0.00650	0.00535	0.00161	0.00458	0.00528	0.00643	0.08426
30	0.01023	0.00583	0.00615	0.00605	0.00733	0.00595	0.00442	0.05065	0.03949	0.01953	0.01906	0.11134	0.01689	0.07988	0.00648	0.00178	0.00310	0.00656	0.59409	0.00519
31	0.04937	0.01377	0.01512	0.08245	0.01784	0.01548	0.01019	0.52196	0.14964	0.02988	0.01423	0.01445	0.01032	0.00653	0.00536	0.00168	0.00569	0.00505	0.02231	0.00866
32	0.03247	0.59113	0.03903	0.01020	0.01448	0.08208	0.00960	0.04988	0.07984	0.01503	0.00923	0.01020	0.00795	0.00520	0.00425	0.00132	0.02471	0.00341	0.00282	0.00716
33	0.00781	0.00612	0.00679	0.00658	0.00842	0.00563	0.00502	0.01041	0.06481	0.03951	0.13648	0.04511	0.52514	0.01528	0.07666	0.00246	0.00401	0.02358	0.00507	0.00512
34	0.05450	0.01399	0.04285	0.01208	0.02791	0.01469	0.00993	0.48122	0.13772	0.08541	0.01555	0.05304	0.01180	0.00706	0.00544	0.00171	0.00550	0.00555	0.00529	0.00873
35	0.00937	0.00786	0.00951	0.03888	0.08084	0.00800	0.00693	0.01454	0.19581	0.01805	0.18627	0.03571	0.27255	0.08214	0.00801	0.00211	0.00384	0.00868	0.00490	0.00600
36	0.01100	0.00929	0.01082	0.00788	0.01229	0.00709	0.00618	0.01321	0.01100	0.01712	0.01036	0.01350	0.00913	0.07649	0.00617	0.00121	0.00415	0.00365	0.00324	0.76621
37	0.00676	0.00479	0.00629	0.00744	0.00773	0.00451	0.00490	0.00762	0.01021	0.01362	0.02889	0.73556	0.03460	0.08836	0.00883	0.00249	0.00335	0.01482	0.00490	0.00433
38	0.00802	0.00581	0.00785	0.00892	0.01001	0.00564	0.00733	0.01006	0.01216	0.01584	0.06292	0.23632	0.09927	0.01526	0.00725	0.00235	0.00427	0.47078	0.00508	0.00485
39	0.00724	0.00609	0.00635	0.00619	0.00807	0.00548	0.00467	0.01003	0.08054	0.01632	0.13952	0.04814	0.61632	0.01291	0.00636	0.00183	0.00288	0.01082	0.00522	0.00503
40	0.00769	0.00562	0.00695	0.00677	0.00814	0.00512	0.00502	0.01000	0.02614	0.03279	0.49514	0.13570	0.21004	0.01233	0.00647	0.00181	0.00275	0.01078	0.00568	0.00506
41	0.02297	0.00892	0.01205	0.00936	0.01320	0.00777	0.00759	0.02489	0.01491	0.70903	0.02112	0.02010	0.01407	0.07896	0.00749	0.00201	0.00470	0.00570	0.00644	0.00874
42	0.77142	0.01016	0.00808	0.00743	0.01061	0.01169	0.00616	0.01560	0.00957	0.02373	0.00951	0.01360	0.00820	0.00596	0.00375	0.00176	0.00429	0.06914	0.00352	0.00582
43	0.01160	0.08193	0.01286	0.00819	0.01302	0.00856	0.00672	0.01396	0.01128	0.01732	0.00950	0.01107	0.00798	0.00409	0.00399	0.00084	0.00420	0.00320	0.00315	0.76654
44	0.77132	0.01010	0.00795	0.00714	0.01033	0.01159	0.00584	0.01551	0.00983	0.02423	0.07640	0.01173	0.01001	0.00561	0.00365	0.00169	0.00407	0.00357	0.00361	0.00584
45	0.01944	0.01439	0.01538	0.01191	0.01605	0.01580	0.00980	0.68880	0.02444	0.03259	0.01688	0.01664	0.07799	0.00720	0.00554	0.00165	0.00571	0.00550	0.00542	0.00885
46	0.77121	0.01009	0.00779	0.00702	0.01026	0.01154	0.00575	0.01529	0.00956	0.02358	0.01188	0.01278	0.07493	0.00585	0.00365	0.00170	0.00409	0.00372	0.00353	0.00579
47	0.01344	0.01311	0.02303	0.03252	0.70721	0.01303	0.08320	0.01680	0.01245	0.01778	0.01032	0.01360	0.00860	0.00483	0.00549	0.00164	0.00672	0.00500	0.00270	0.00852
48	0.01356	0.01171	0.01233	0.01109	0.01418	0.01356	0.00863	0.02897	0.76455	0.02281	0.02219	0.02034	0.01664	0.00740	0.00555	0.00185	0.00431	0.00616	0.00555	0.00863
49	0.02072	0.01527	0.01636	0.01254	0.01691	0.01691	0.01036	0.75622	0.02563	0.03436	0.01309	0.01309	0.00927	0.00654	0.00545	0.00164	0.00600	0.00491	0.00545	0.00927
50	0.01356	0.01171	0.01233	0.01109	0.01418	0.01356	0.00863	0.02897	0.76455	0.02281	0.02219	0.02034	0.01664	0.00740	0.00555	0.00185	0.00431	0.00616	0.00555	0.00863
51	0.00869	0.00624	0.00865	0.00985	0.01113	0.00620	0.00859	0.01115	0.01254	0.01625	0.02998	0.06111	0.06274	0.01501	0.00748	0.00248	0.00492	0.70696	0.00502	0.00500
52	0.00772	0.00557	0.00729	0.00686	0.00814	0.00514	0.00514	0.01029	0.01543	0.02186	0.77152	0.04072	0.05144	0.01115	0.00643	0.00171	0.00257	0.00986	0.00600	0.00514
53	0.74083	0.01038	0.00861	0.00750	0.01098	0.01169	0.00618	0.01739	0.01009	0.12168	0.00939	0.01011	0.00688	0.00528	0.00365	0.00169	0.00427	0.00328	0.00381	0.00634
54	0.01030	0.00969	0.01635	0.79530	0.03755	0.01211	0.01514	0.01393	0.01090	0.01393	0.00969	0.01453	0.00727	0.00545	0.00545	0.00182	0.00727	0.00484	0.00242	0.00606
55	0.00745	0.00552	0.00694	0.00667	0.00800	0.00502	0.00497	0.00974	0.01468	0.02027	0.61451	0.08001	0.17225	0.01188	0.00646	0.00176	0.00263	0.01041	0.00580	0.00502
56	0.00664	0.00474	0.00633	0.00759	0.00791	0.00443	0.00506	0.00759	0.01044	0.01392	0.03005	0.80485	0.03606	0.01708	0.00696	0.00221	0.00316	0.01550	0.00506	0.00443
57	0.01103	0.00910	0.01051	0.01067	0.03013	0.02971	0.00841	0.01883	0.32443	0.01953	0.11539	0.03896	0.02633	0.02550	0.00683	0.00214	0.00459	0.29607	0.00521	0.00662
58	0.00664	0.00474	0.00633	0.00759	0.00791	0.00443	0.00506	0.00759	0.01044	0.01392	0.03005	0.80485	0.03606	0.01708	0.00696	0.00221	0.00316	0.01550	0.00506	0.00443
59	0.00664	0.00476	0.00631	0.00755	0.00790	0.00443	0.00504	0.00760	0.01048	0.01393	0.03052	0.79072	0.04988	0.01702	0.00695	0.00221	0.00316	0.01542	0.00506	0.00443
60	0.01666	0.01843	0.01725	0.03570	0.24061	0.35502	0.01236	0.06410	0.05078	0.01655	0.01002	0.01219	0.00828	0.00598	0.00653	0.00162	0.09473	0.00433	0.02164	0.00723
61	0.01137	0.02556	0.64670	0.01839	0.13363	0.01274	0.04174	0.01719	0.01168	0.01735	0.00989	0.01190	0.00720	0.00511	0.00525	0.00171	0.00786	0.00422	0.00237	0.00812
62	0.80137	0.01151	0.05007	0.00763	0.01125	0.01225	0.00668	0.01609	0.00940	0.02407	0.00771	0.00900	0.00596	0.00507	0.00347	0.00169	0.00443	0.00301	0.00332	0.00602
63	0.00673	0.00541	0.00580	0.00592	0.00734	0.00470	0.00424	0.00800	0.01194	0.01474	0.10406	0.14089	0.54570	0.09952	0.00880	0.00225	0.00307	0.01148	0.00495	0.00448
64	0.31183	0.07193	0.06686	0.03073	0.01480	0.02974	0.02190	0.20888	0.01428	0.02358	0.01034	0.04015	0.00841	0.00595	0.00493	0.00159	0.03451	0.00422	0.00373	0.09165
65	0.01376	0.01008	0.01188	0.00864	0.01337	0.00814	0.00697	0.07491	0.01301	0.11754	0.01149	0.01239	0.00887	0.00459	0.00434	0.00099	0.00427	0.00366	0.00386	0.66722
66	0.01953	0.01451	0.01639	0.01422	0.08629	0.01588	0.01069	0.62063	0.05567	0.05134	0.01383	0.03157	0.01025	0.00667	0.00549	0.00166	0.00587	0.00521	0.00523	0.00908
67	0.01929	0.02396	0.01514	0.01399	0.03073	0.69246	0.01040	0.02077	0.01482	0.01376	0.00885	0.01053	0.00740	0.00585	0.00556	0.00145	0.05149	0.00368	0.04359	0.00629
68	0.00644	0.00552	0.00552	0.00552	0.00736	0.00460	0.00414	0.00782	0.01243	0.01473	0.05523	0.05247	0.77218	0.01381	0.00644	0.00184	0.00276	0.01151	0.00506	0.00460
69	0.00664	0.00474	0.00633	0.00759	0.00791	0.00443	0.00506	0.00759	0.01044	0.01392	0.03005	0.80485	0.03606	0.01708	0.00696	0.00221	0.00316	0.01550	0.00506	0.00443
70	0.06008	0.00933	0.01245	0.00959	0.01377	0.00820	0.00792	0.02611	0.01533	0.74553	0.02091	0.01814	0.01317	0.00667	0.00539	0.00169	0.00462	0.00537	0.00660	0.00913
71	0.00896	0.00648	0.00892	0.01008	0.01140	0.00654	0.00878	0.01195	0.04027	0.01655	0.02862	0.05998	0.03083	0.01478	0.00746	0.00249	0.00499	0.71074	0.00504	0.00515
72	0.01356	0.01171	0.01233	0.01109	0.01418	0.01356	0.00863	0.02897	0.76455	0.02281	0.02219	0.02034	0.01664	0.00740	0.00555	0.00185	0.00431	0.00616	0.00555	0.00863
73	0.00793	0.00529	0.00595	0.00595	0.00595	0.00529	0.00330	0.00793	0.00793	0.01057	0.01718	0.03568	0.01982	0.80840	0.02775	0.00529	0.00529	0.00793	0.00330	0.00330
74	0.01356	0.01171	0.01233	0.01109	0.01418	0.01356	0.00863	0.02897	0.76455	0.02281	0.02219	0.02034	0.01664	0.00740	0.00555	0.00185	0.00431	0.00616	0.00555	0.00863
75	0.01333	0.01153	0.01229	0.01134	0.02853	0.01326	0.00864	0.02804	0.72554	0.02245	0.02304	0.02126	0.04119	0.00756	0.00557	0.00184	0.00431	0.00631	0.00548	0.00850
76	0.02437	0.00942	0.01274	0.00977	0.01399	0.00822	0.00807	0.04376	0.01584	0.76065	0.02131	0.01843	0.01340	0.00674	0.00548	0.00169	0.00467	0.00547	0.00672	0.00928
77	0.02446	0.00928	0.01265	0.00970	0.01392	0.00801	0.00801	0.02657	0.01560	0.77817	0.02151	0.01856	0.01350	0.00675	0.00548	0.00169	0.00464	0.00548	0.00675	0.00928
78	0.02347	0.00950	0.01262	0.00983	0.01394	0.00852	0.00807	0.02679	0.08380	0.70939	0.02157	0.01872	0.01378	0.00681	0.00549	0.00170	0.00461	0.00554	0.00664	0.00922
79	0.02042	0.01437	0.01564	0.01214	0.01637	0.01575	0.00998	0.61995	0.09276	0.10390	0.01473	0.01428	0.01035	0.00664	0.00547	0.00166	0.00571	0.00508	0.00559	0.00921
80	0.01093	0.02820	0.78016	0.01554	0.02360	0.01266	0.02014	0.01727	0.01151	0.01727	0.00978	0.01151	0.00691	0.00518	0.00518	0.00173	0.00806	0.00403	0.00230	0.00806
81	0.00874	0.00626	0.00872	0.00995	0.01121	0.00624	0.00869	0.01122	0.01255	0.01628	0.02941	0.06131	0.04665	0.01503	0.00751	0.00250	0.00497	0.72273	0.00502	0.00501
82	0.01052	0.00970	0.01602	0.73967	0.03584	0.01199	0.01473	0.03432	0.01138	0.01460	0.01061	0.01653	0.00837	0.00590	0.00554	0.00184	0.00714	0.03659	0.00262	0.00610
83	0.03638	0.50027	0.25080	0.01232	0.03473	0.01810	0.04899	0.01666	0.01127	0.01480	0.00846	0.00997	0.00704	0.00483	0.00418	0.00139	0.00662	0.00346	0.00238	0.00734
84	0.01030	0.00969	0.01635	0.79530	0.03755	0.01211	0.01514	0.01393	0.01090	0.01393	0.00969	0.01453	0.00727	0.00545	0.00545	0.00182	0.00727	0.00484	0.00242	0.00606
85	0.00660	0.00553	0.00574	0.00569	0.00746	0.00467	0.00427	0.00813	0.01280	0.01560	0.14326	0.05102	0.68360	0.01348	0.00644	0.00183	0.00274	0.01130	0.00518	0.00467
86	0.60833	0.01014	0.00954	0.07858	0.01350	0.01133	0.00707	0.01766	0.01060	0.15857	0.01047	0.01132	0.00754	0.00542	0.00395	0.00169	0.00454	0.00362	0.01962	0.00651
87	0.03884	0.01011	0.01406	0.08308	0.12670	0.00986	0.00984	0.06307	0.06595	0.43528	0.07140	0.01863	0.01473	0.00666	0.00549	0.00170	0.00504	0.00560	0.00549	0.00848
88	0.00936	0.00644	0.00802	0.00727	0.00895	0.00609	0.00553	0.06462	0.01576	0.05882	0.60021	0.03863	0.11206	0.02593	0.00672	0.00179	0.00299	0.00940	0.00586	0.00556
89	0.01982	0.00860	0.01139	0.00914	0.01261	0.00775	0.00740	0.02299	0.06905	0.54998	0.19436	0.02379	0.02246	0.00781	0.00571	0.00170	0.00414	0.00654	0.00649	0.00828
90	0.84691	0.01054	0.00801	0.00717	0.01054	0.01223	0.00590	0.01603	0.00928	0.02446	0.00759	0.00886	0.00590	0.00506	0.00337	0.00169	0.00422	0.00295	0.00337	0.00590
91	0.01343	0.01289	0.02202	0.04825	0.76010	0.01294	0.01670	0.01668	0.01238	0.01774	0.01024	0.01351	0.00861	0.00487	0.00540	0.00162	0.00649	0.00486	0.00269	0.00859
92	0.01770	0.10333	0.14923	0.01334	0.09930	0.01139	0.01118	0.02207	0.09579	0.34751	0.01649	0.03336	0.01173	0.00624	0.00518	0.00163	0.00548	0.00509	0.00473	0.03924
93	0.01360	0.00786	0.00976	0.02325	0.01147	0.00761	0.00677	0.01824	0.15354	0.24273	0.27659	0.05525	0.11729	0.00962	0.00601	0.00178	0.00368	0.02212	0.00591	0.00693
94	0.02404	0.00995	0.01307	0.01002	0.01425	0.00901	0.00828	0.10841	0.01673	0.69474	0.02056	0.01794	0.01302	0.00672	0.00548	0.00168	0.00479	0.00542	0.00660	0.00928
95	0.01343	0.01278	0.02113	0.04686	0.69101	0.01299	0.01597	0.01778	0.08013	0.01818	0.01132	0.01413	0.00933	0.00510	0.00541	0.00164	0.00630	0.00497	0.00295	0.00858
96	0.01214	0.17894	0.57965	0.01447	0.02164	0.01429	0.04829	0.01738	0.01161	0.03983	0.00977	0.01132	0.00718	0.00510	0.00492	0.00162	0.00757	0.00396	0.00246	0.00786
97	0.00663	0.00492	0.00620	0.00717	0.00781	0.00448	0.00489	0.00771	0.01096	0.01429	0.05538	0.63902	0.17807	0.01629	0.00684	0.00213	0.00307	0.01457	0.00509	0.00448
98	0.01317	0.01181	0.08064	0.01080	0.01413	0.01129	0.00929	0.03847	0.44400	0.08309	0.06265	0.02636	0.04290	0.00842	0.00580	0.00187	0.00465	0.09859	0.00524	0.02680
99	0.00648	0.00552	0.00557	0.00556	0.00739	0.00462	0.00417	0.00789	0.01251	0.01492	0.07502	0.05214	0.75227	0.01373	0.00644	0.00184	0.00276	0.01146	0.00509	0.00462
100	0.02033	0.01489	0.01595	0.01227	0.01652	0.01647	0.01012	0.72881	0.02511	0.03384	0.01326	0.01336	0.00944	0.00654	0.00539	0.00162	0.00587	0.00491	0.03617	0.00912
101	0.01356	0.01171	0.01233	0.01109	0.01418	0.01356	0.00863	0.02897	0.76455	0.02281	0.02219	0.02034	0.01664	0.00740	0.00555	0.00185	0.00431	0.00616	0.00555	0.00863
102	0.00793	0.00529	0.00595	0.00595	0.00595	0.00529	0.00330	0.00793	0.00793	0.01057	0.01718	0.03568	0.01982	0.80840	0.02775	0.00529	0.00529	0.00793	0.00330	0.00330
103	0.01193	0.01193	0.01670	0.01431	0.01431	0.01670	0.01193	0.01312	0.00835	0.01312	0.00716	0.01193	0.00716	0.00954	0.01789	0.00239	0.79843	0.00477	0.00239	0.00596
104	0.02072	0.01527	0.01636	0.01254	0.01691	0.01691	0.01036	0.75622	0.02563	0.03436	0.01309	0.01309	0.00927	0.00654	0.00545	0.00164	0.00600	0.00491	0.00545	0.00927
105	0.00793	0.00529	0.00595	0.00595	0.00595	0.00529	0.00330	0.00793	0.00793	0.01057	0.01718	0.03568	0.01982	0.80840	0.02775	0.00529	0.00529	0.00793	0.00330	0.00330
106	0.04686	0.01067	0.01123	0.00914	0.01217	0.01154	0.00739	0.39761	0.01881	0.04867	0.01508	0.01611	0.01123	0.00641	0.00469	0.00149	0.00445	0.00492	0.35412	0.00739
107	0.00664	0.00474	0.00633	0.00759	0.00791	0.00443	0.00506	0.00759	0.01044	0.01392	0.03005	0.80485	0.03606	0.01708	0.00696	0.00221	0.00316	0.01550	0.00506	0.00443
108	0.01285	0.01465	0.03186	0.02280	0.02821	0.01385	0.73957	0.01738	0.01278	0.01738	0.01095	0.01465	0.00825	0.00470	0.00667	0.00185	0.02516	0.00640	0.00275	0.00732
109	0.00664	0.00474	0.00633	0.00759	0.00791	0.00443	0.00506	0.00759	0.01044	0.01392	0.03005	0.80485	0.03606	0.01708	0.00696	0.00221	0.00316	0.01550	0.00506	0.00443
110	0.01016	0.00508	0.00508	0.00508	0.00635	0.00508	0.00381	0.01270	0.01143	0.02033	0.01778	0.02033	0.01397	0.00635	0.00381	0.00127	0.00254	0.00508	0.83867	0.00508
111	0.01030	0.00969	0.01635	0.79530	0.03755	0.01211	0.01514	0.01393	0.01090	0.01393	0.00969	0.01453	0.00727	0.00545	0.00545	0.00182	0.00727	0.00484	0.00242	0.00606
112	0.01663	0.01181	0.01363	0.08187	0.01667	0.02572	0.00971	0.33321	0.12951	0.11448	0.01829	0.07091	0.01538	0.00842	0.00584	0.00184	0.00546	0.10746	0.00522	0.00795
113	0.01169	0.01160	0.01651	0.01414	0.01431	0.01602	0.02648	0.01299	0.00847	0.01318	0.00770	0.01258	0.00758	0.01141	0.06590	0.00277	0.73345	0.00487	0.00243	0.00592
114	0.04053	0.00912	0.01229	0.00951	0.01357	0.00796	0.00783	0.02556	0.01547	0.72577	0.05784	0.01944	0.01519	0.00693	0.00549	0.00169	0.00453	0.00564	0.00664	0.00901
115	0.01171	0.19607	0.61912	0.01421	0.02154	0.01457	0.01783	0.01706	0.01142	0.01631	0.00931	0.01092	0.00693	0.00507	0.00482	0.00161	0.00758	0.00379	0.00231	0.00783
116	0.01349	0.01295	0.02213	0.03346	0.77440	0.01295	0.01673	0.01673	0.01241	0.01781	0.01025	0.01349	0.00864	0.00486	0.00540	0.00162	0.00648	0.00486	0.00270	0.00864
117	0.00665	0.00480	0.00631	0.00747	0.00789	0.00445	0.00502	0.00766	0.01064	0.01412	0.04672	0.75213	0.07239	0.01680	0.00692	0.00219	0.00313	0.01519	0.00508	0.00445
118	0.50340	0.03386	0.18243	0.01085	0.01543	0.07010	0.06438	0.03211	0.01087	0.02147	0.00850	0.01003	0.00648	0.00512	0.00416	0.00167	0.00592	0.00353	0.00307	0.00661
119	0.01030	0.00969	0.01635	0.79530	0.03755	0.01211	0.01514	0.01393	0.01090	0.01393	0.00969	0.01453	0.00727	0.00545	0.00545	0.00182	0.00727	0.00484	0.00242	0.00606
120	0.01391	0.01188	0.01252	0.01117	0.01431	0.01372	0.00871	0.06447	0.72847	0.02337	0.02175	0.01999	0.01628	0.00735	0.00554	0.00184	0.00440	0.00610	0.00554	0.00866
121	0.01761	0.01230	0.01391	0.01044	0.01496	0.01198	0.00854	0.37074	0.01875	0.12968	0.01293	0.01315	0.00939	0.00561	0.00491	0.00132	0.00506	0.00434	0.00477	0.32960
122	0.01115	0.07522	0.73505	0.01517	0.02302	0.01320	0.01949	0.01721	0.01148	0.01700	0.00965	0.01134	0.00691	0.00515	0.00508	0.00169	0.00792	0.00396	0.00230	0.00799
123	0.00793	0.00529	0.00595	0.00595	0.00595	0.00529	0.00330	0.00793	0.00793	0.01057	0.01718	0.03568	0.01982	0.80840	0.02775	0.00529	0.00529	0.00793	0.00330	0.00330
124	0.00842	0.00632	0.00817	0.00837	0.00945	0.00617	0.02810	0.09049	0.01229	0.01625	0.02950	0.58137	0.10594	0.03641	0.02328	0.00232	0.00391	0.01326	0.00494	0.00505
125	0.00674	0.00551	0.00595	0.00590	0.00756	0.00472	0.00440	0.00837	0.01303	0.01631	0.21661	0.07754	0.58173	0.01332	0.00646	0.00183	0.00273	0.01128	0.00528	0.00472
126	0.00779	0.00582	0.00868	0.00868	0.00962	0.00677	0.00671	0.00968	0.00874	0.01259	0.01468	0.02185	0.01382	0.06398	0.76396	0.00866	0.01432	0.00590	0.00293	0.00482
127	0.84691	0.01054	0.00801	0.00717	0.01054	0.01223	0.00590	0.01603	0.00928	0.02446	0.00759	0.00886	0.00590	0.00506	0.00337	0.00169	0.00422	0.00295	0.00337	0.00590
128	0.01261	0.01202	0.01741	0.02816	0.01605	0.02825	0.08809	0.01440	0.00968	0.04731	0.00857	0.01243	0.00766	0.00807	0.01396	0.00207	0.55342	0.00476	0.00273	0.11235
129	0.75340	0.01056	0.00857	0.00752	0.01090	0.01206	0.00617	0.04838	0.01023	0.06002	0.00853	0.00967	0.00649	0.00552	0.00397	0.02076	0.00433	0.00320	0.00360	0.00613
130	0.01281	0.01452	0.03116	0.02241	0.02757	0.01398	0.70602	0.01718	0.01257	0.01718	0.01078	0.01452	0.00820	0.00492	0.00718	0.00187	0.06081	0.00633	0.00273	0.00726
131	0.01287	0.01471	0.03217	0.02298	0.02849	0.01379	0.75460	0.01746	0.01287	0.01746	0.01103	0.01471	0.00827	0.00460	0.00643	0.00184	0.00919	0.00643	0.00276	0.00735
132	0.01030	0.00969	0.01635	0.79530	0.03755	0.01211	0.01514	0.01393	0.01090	0.01393	0.00969	0.01453	0.00727	0.00545	0.00545	0.00182	0.00727	0.00484	0.00242	0.00606
133	0.01110	0.01077	0.01699	0.67275	0.12250	0.04571	0.01513	0.01459	0.01127	0.01436	0.00970	0.01421	0.00742	0.00539	0.00542	0.00178	0.00729	0.00479	0.00247	0.00637
134	0.02446	0.00928	0.01265	0.00970	0.01392	0.00801	0.00801	0.02657	0.01560	0.77817	0.02151	0.01856	0.01350	0.00675	0.00548	0.00169	0.00464	0.00548	0.00675	0.00928
135	0.00756	0.00575	0.00668	0.00638	0.00802	0.00512	0.00481	0.00984	0.02969	0.03262	0.41081	0.04532	0.38321	0.01222	0.00640	0.00178	0.00273	0.01046	0.00557	0.00504
136	0.00666	0.00571	0.00573	0.00569	0.00757	0.00487	0.00428	0.00846	0.03506	0.01497	0.05423	0.05150	0.74945	0.01361	0.00642	0.00184	0.00281	0.01135	0.00508	0.00472
137	0.01093	0.02820	0.78016	0.01554	0.02360	0.01266	0.02014	0.01727	0.01151	0.01727	0.00978	0.01151	0.00691	0.00518	0.00518	0.00173	0.00806	0.00403	0.00230	0.00806
138	0.02438	0.00941	0.01273	0.00976	0.01398	0.00821	0.00807	0.04283	0.01583	0.76160	0.02132	0.01843	0.01340	0.00674	0.00548	0.00169	0.00467	0.00547	0.00672	0.00928
139	0.00865	0.00867	0.08662	0.00881	0.01094	0.00698	0.02671	0.01281	0.09999	0.01971	0.42592	0.17308	0.05308	0.01114	0.00632	0.00184	0.00366	0.02404	0.00528	0.00575
140	0.01030	0.00969	0.01635	0.79530	0.03755	0.01211	0.01514	0.01393	0.01090	0.01393	0.00969	0.01453	0.00727	0.00545	0.00545	0.00182	0.00727	0.00484	0.00242	0.00606
141	0.00661	0.00485	0.00621	0.00730	0.00783	0.00445	0.00493	0.00762	0.01071	0.01403	0.03354	0.70057	0.13808	0.01663	0.00689	0.00216	0.00311	0.01495	0.00506	0.00445
142	0.01056	0.00679	0.00870	0.00877	0.01018	0.00680	0.00659	0.06919	0.05528	0.10243	0.04071	0.40798	0.02758	0.03821	0.07824	0.00280	0.00494	0.10349	0.00508	0.00569
143	0.01152	0.11175	0.60719	0.01426	0.02123	0.03357	0.01750	0.01743	0.04828	0.01680	0.01099	0.04595	0.00866	0.00576	0.00508	0.00168	0.00747	0.00449	0.00260	0.00777
144	0.01620	0.11303	0.13070	0.01389	0.04960	0.32203	0.03394	0.10530	0.03566	0.01729	0.03999	0.01422	0.04664	0.00627	0.00549	0.00155	0.03329	0.00457	0.00327	0.00706
145	0.12576	0.20894	0.30806	0.01512	0.12546	0.01439	0.02847	0.01761	0.01162	0.08310	0.01007	0.01145	0.00764	0.00512	0.00462	0.00157	0.00651	0.00391	0.00290	0.00769
146	0.01342	0.01405	0.04018	0.06749	0.47342	0.08872	0.08124	0.01739	0.06231	0.01725	0.01382	0.01624	0.05858	0.00570	0.00552	0.00166	0.00675	0.00536	0.00303	0.00788
147	0.01552	0.03275	0.07407	0.09285	0.17455	0.14981	0.04881	0.19582	0.04828	0.02056	0.01282	0.01572	0.02648	0.00625	0.00558	0.00167	0.01825	0.03183	0.02074	0.00766
148	0.10119	0.06040	0.04830	0.13430	0.11171	0.13105	0.01186	0.17430	0.09696	0.03678	0.01366	0.01543	0.02584	0.00673	0.00556	0.00185	0.00682	0.00499	0.00413	0.00812

[dist]
# distance from previous block
# <min> <max>
1	19

[block]
# block no. 3 follows, 44 sequences, length 40
# corresponding to MSA columns:
# 853-892
name=unknown_D
#
# <colnr> <probs for GDERKNQSTAVLIFYWHMCP>
#	G	D	E	R	K	N	Q	S	T	A	V	L	I	F	Y	W	H	M	C	P
0	0.21142	0.26715	0.03343	0.02537	0.09004	0.07526	0.00967	0.14326	0.01363	0.01999	0.01096	0.01215	0.03993	0.00568	0.00458	0.00151	0.02156	0.00396	0.00330	0.00712
1	0.14672	0.05811	0.02738	0.01091	0.06768	0.03931	0.00829	0.11386	0.03105	0.12550	0.06515	0.08244	0.10653	0.00887	0.00549	0.00178	0.00480	0.08466	0.00467	0.00680
2	0.06476	0.17678	0.03333	0.04830	0.01574	0.16598	0.04573	0.11756	0.09212	0.01938	0.12556	0.01779	0.03153	0.00676	0.00507	0.00157	0.00611	0.01512	0.00391	0.00692
3	0.06031	0.04143	0.01208	0.01038	0.04952	0.05680	0.00784	0.23735	0.05942	0.06801	0.02198	0.03466	0.15200	0.00784	0.00534	0.00162	0.01529	0.00617	0.14488	0.00707
4	0.02793	0.00958	0.01198	0.01088	0.09174	0.00804	0.00757	0.04729	0.01240	0.05837	0.05532	0.08747	0.01348	0.00601	0.00471	0.00117	0.00425	0.00510	0.00379	0.53291
5	0.06272	0.01796	0.23469	0.04255	0.08543	0.07783	0.19441	0.04412	0.01239	0.01748	0.01178	0.01614	0.02406	0.00628	0.00680	0.00183	0.08486	0.04858	0.00290	0.00719
6	0.01267	0.04509	0.01473	0.04796	0.05992	0.05145	0.03861	0.15903	0.01340	0.01817	0.04973	0.03401	0.01330	0.03568	0.20817	0.00371	0.15147	0.03291	0.00353	0.00644
7	0.00991	0.00579	0.00692	0.00667	0.00729	0.00570	0.00427	0.02801	0.00947	0.08086	0.01788	0.09515	0.01891	0.50687	0.03535	0.07660	0.00498	0.00774	0.06748	0.00416
8	0.01320	0.01265	0.02160	0.10330	0.70685	0.01288	0.01659	0.01647	0.01228	0.01746	0.01020	0.01359	0.00851	0.00491	0.00540	0.00164	0.00655	0.00486	0.00267	0.00840
9	0.04407	0.51411	0.25023	0.01111	0.01672	0.01798	0.01236	0.01705	0.01134	0.04889	0.00886	0.01001	0.00722	0.00492	0.00408	0.00137	0.00638	0.00336	0.00256	0.00737
10	0.01289	0.01183	0.01881	0.21803	0.46273	0.03047	0.01480	0.01677	0.05811	0.04273	0.01219	0.05457	0.01031	0.00586	0.00549	0.00171	0.00639	0.00547	0.00307	0.00775
11	0.02182	0.01352	0.01528	0.01171	0.01603	0.01430	0.00967	0.54277	0.02270	0.25195	0.01555	0.01469	0.01051	0.00660	0.00546	0.00165	0.00560	0.00508	0.00583	0.00927
12	0.01347	0.01302	0.02251	0.03307	0.74611	0.01298	0.04471	0.01676	0.01243	0.01780	0.01028	0.01354	0.00862	0.00485	0.00544	0.00163	0.00658	0.00492	0.00270	0.00859
13	0.01350	0.01292	0.02185	0.03282	0.75264	0.01297	0.01650	0.01708	0.03394	0.01795	0.01060	0.01369	0.00886	0.00493	0.00540	0.00163	0.00641	0.00489	0.00278	0.00864
14	0.00947	0.00473	0.00710	0.00710	0.00710	0.00473	0.00473	0.00710	0.00710	0.00947	0.00947	0.01657	0.00947	0.01894	0.02131	0.84138	0.00473	0.00473	0.00237	0.00237
15	0.01083	0.01137	0.02345	0.01783	0.02161	0.01067	0.49877	0.01425	0.01213	0.01635	0.01747	0.25286	0.01756	0.00877	0.00664	0.00198	0.00721	0.04032	0.00354	0.00638
16	0.01325	0.01272	0.02152	0.08485	0.64985	0.01296	0.04370	0.01729	0.05716	0.01782	0.01096	0.01402	0.00900	0.00504	0.00545	0.00165	0.00650	0.00499	0.00285	0.00841
17	0.00792	0.00531	0.00605	0.00605	0.00609	0.00534	0.00344	0.00800	0.00796	0.01065	0.01708	0.03513	0.01958	0.77878	0.05705	0.00542	0.00565	0.00785	0.00329	0.00336
18	0.00760	0.00554	0.00715	0.00680	0.00809	0.00509	0.00508	0.01004	0.01507	0.02114	0.70112	0.06910	0.09472	0.01152	0.00645	0.00174	0.00260	0.01016	0.00591	0.00509
19	0.01385	0.01072	0.01162	0.01022	0.01340	0.01172	0.00799	0.02571	0.56708	0.10011	0.02466	0.02281	0.09097	0.00777	0.00554	0.00177	0.00418	0.00645	0.00549	0.05795
20	0.01297	0.01441	0.03046	0.02477	0.15565	0.01364	0.62881	0.01734	0.01279	0.01752	0.01090	0.01450	0.00833	0.00464	0.00626	0.00180	0.00873	0.00617	0.00275	0.00757
21	0.08377	0.00937	0.01232	0.00952	0.01367	0.00832	0.00786	0.02581	0.01515	0.72382	0.02050	0.01786	0.01295	0.00663	0.00533	0.00169	0.00461	0.00530	0.00650	0.00903
22	0.01349	0.01295	0.02213	0.03346	0.77440	0.01295	0.01673	0.01673	0.01241	0.01781	0.01025	0.01349	0.00864	0.00486	0.00540	0.00162	0.00648	0.00486	0.00270	0.00864
23	0.02351	0.01013	0.01310	0.01011	0.01430	0.00936	0.00833	0.11692	0.05043	0.65231	0.02050	0.01796	0.01311	0.00675	0.00548	0.00169	0.00479	0.00544	0.00653	0.00925
24	0.02070	0.01369	0.01509	0.01164	0.01579	0.01476	0.00959	0.59349	0.02316	0.15423	0.01474	0.01441	0.01024	0.00657	0.00536	0.00162	0.00557	0.00501	0.05533	0.00902
25	0.84691	0.01054	0.00801	0.00717	0.01054	0.01223	0.00590	0.01603	0.00928	0.02446	0.00759	0.00886	0.00590	0.00506	0.00337	0.00169	0.00422	0.00295	0.00337	0.00590
26	0.01184	0.01128	0.01918	0.39861	0.30974	0.01250	0.06526	0.01599	0.05645	0.01607	0.01073	0.01454	0.00844	0.00552	0.00578	0.01623	0.00688	0.00503	0.00273	0.00720
27	0.01498	0.05178	0.01362	0.01121	0.01451	0.04915	0.00887	0.08964	0.60003	0.05395	0.02005	0.01861	0.01498	0.00708	0.00541	0.00177	0.00480	0.00575	0.00531	0.00853
28	0.01375	0.01077	0.01235	0.00924	0.01371	0.00958	0.00745	0.16996	0.04838	0.05175	0.01165	0.01281	0.00917	0.00639	0.03784	0.00140	0.00493	0.00392	0.00393	0.56101
29	0.01478	0.06968	0.45480	0.01363	0.02000	0.01195	0.04771	0.04590	0.01303	0.20578	0.01348	0.04291	0.00978	0.00600	0.00528	0.00170	0.00687	0.00489	0.00364	0.00817
30	0.01263	0.34432	0.39072	0.01386	0.02026	0.01640	0.09895	0.01691	0.01149	0.01549	0.00903	0.01075	0.00710	0.00490	0.00464	0.00151	0.00728	0.00385	0.00237	0.00755
31	0.00870	0.00535	0.00646	0.00653	0.00750	0.00559	0.00477	0.01053	0.01007	0.01583	0.01926	0.07125	0.05321	0.13578	0.25310	0.00429	0.00677	0.00667	0.36364	0.00469
32	0.02680	0.03166	0.17184	0.25996	0.08951	0.02749	0.05354	0.04023	0.01157	0.01624	0.01197	0.06153	0.01015	0.00975	0.08478	0.00246	0.02631	0.00541	0.05218	0.00662
33	0.01389	0.01425	0.05619	0.04531	0.57808	0.05579	0.05787	0.01796	0.05743	0.03415	0.01112	0.01381	0.00900	0.00510	0.00543	0.00164	0.00674	0.00493	0.00294	0.00837
34	0.01118	0.00879	0.01199	0.01429	0.16531	0.00891	0.00963	0.09587	0.05789	0.03326	0.03937	0.08654	0.12234	0.01134	0.00652	0.00206	0.00492	0.29867	0.00469	0.00643
35	0.84691	0.01054	0.00801	0.00717	0.01054	0.01223	0.00590	0.01603	0.00928	0.02446	0.00759	0.00886	0.00590	0.00506	0.00337	0.00169	0.00422	0.00295	0.00337	0.00590
36	0.01708	0.47269	0.02293	0.01133	0.01523	0.33388	0.00984	0.03537	0.01319	0.01353	0.00805	0.00929	0.00706	0.00510	0.00412	0.00127	0.00747	0.00320	0.00260	0.00677
37	0.01152	0.03580	0.46248	0.04887	0.02047	0.01136	0.05721	0.01612	0.01173	0.07735	0.03032	0.09730	0.04221	0.00720	0.00614	0.00181	0.04568	0.00595	0.00317	0.00732
38	0.01095	0.00862	0.00878	0.00807	0.01038	0.04269	0.00615	0.04529	0.19953	0.07813	0.06465	0.07413	0.36831	0.04119	0.00687	0.00195	0.00385	0.00908	0.00520	0.00620
39	0.81376	0.01073	0.00835	0.00738	0.01080	0.01242	0.00608	0.04572	0.00993	0.02486	0.00781	0.00903	0.00604	0.00512	0.00346	0.00168	0.00429	0.00303	0.00346	0.00604

[dist]
# distance from previous block
# <min> <max>
0	4

[block]
# block no. 4 follows, 44 sequences, length 174
# corresponding to MSA columns:
# 897-1070
name=unknown_E
#
# <colnr> <probs for GDERKNQSTAVLIFYWHMCP>
#	G	D	E	R	K	N	Q	S	T	A	V	L	I	F	Y	W	H	M	C	P
0	0.06318	0.00946	0.01251	0.00964	0.01382	0.00840	0.00796	0.04138	0.01552	0.72700	0.02067	0.01798	0.01305	0.00666	0.00538	0.00169	0.00465	0.00535	0.00656	0.00912
1	0.01717	0.05877	0.08530	0.01352	0.10244	0.01204	0.01062	0.20685	0.06862	0.22170	0.01881	0.03770	0.05448	0.00747	0.00556	0.00173	0.00545	0.05857	0.00495	0.00824
2	0.00687	0.00554	0.00611	0.00597	0.00763	0.00478	0.00448	0.00865	0.01343	0.01711	0.29490	0.04854	0.53102	0.01292	0.00644	0.00180	0.00270	0.01095	0.00538	0.00478
3	0.00669	0.00476	0.00631	0.00753	0.00784	0.00446	0.00500	0.00760	0.01035	0.01379	0.02958	0.77660	0.03546	0.04614	0.00772	0.00233	0.00324	0.01522	0.00500	0.00439
4	0.26913	0.03204	0.11511	0.23656	0.02293	0.01280	0.11743	0.03836	0.03205	0.01914	0.02980	0.01303	0.00843	0.00550	0.00522	0.00176	0.02659	0.00451	0.00302	0.00662
5	0.01691	0.01935	0.01610	0.01510	0.06453	0.41639	0.01122	0.07176	0.01361	0.01510	0.00906	0.03207	0.00810	0.00718	0.00915	0.00177	0.25874	0.00442	0.00292	0.00652
6	0.00779	0.00584	0.00876	0.00876	0.00974	0.00681	0.00681	0.00974	0.00876	0.01266	0.01460	0.02142	0.01363	0.04089	0.78680	0.00876	0.01460	0.00584	0.00292	0.00487
7	0.01847	0.04433	0.16120	0.01403	0.01807	0.52802	0.01231	0.10928	0.01582	0.01661	0.00923	0.01052	0.00727	0.00562	0.00500	0.00149	0.00893	0.00376	0.00302	0.00702
8	0.05541	0.42899	0.15958	0.05670	0.03394	0.09601	0.01172	0.01736	0.01171	0.05379	0.00895	0.01037	0.00732	0.00514	0.00451	0.00142	0.02379	0.00350	0.00267	0.00714
9	0.00696	0.00595	0.00603	0.00593	0.00785	0.00523	0.00447	0.00933	0.06439	0.01542	0.06686	0.05002	0.70604	0.01331	0.00638	0.00184	0.00286	0.01111	0.00511	0.00489
10	0.00664	0.00474	0.00633	0.00759	0.00791	0.00443	0.00506	0.00759	0.01044	0.01392	0.03005	0.80485	0.03606	0.01708	0.00696	0.00221	0.00316	0.01550	0.00506	0.00443
11	0.01350	0.01100	0.01816	0.28196	0.34884	0.01163	0.03457	0.01700	0.03084	0.11553	0.03983	0.01642	0.02514	0.00575	0.00552	0.00171	0.00631	0.00532	0.00337	0.00762
12	0.02119	0.01420	0.01566	0.01204	0.01635	0.01536	0.00993	0.61921	0.04023	0.15746	0.01469	0.01416	0.01013	0.00660	0.00546	0.00165	0.00574	0.00503	0.00567	0.00926
13	0.01016	0.00508	0.00508	0.00508	0.00635	0.00508	0.00381	0.01270	0.01143	0.02033	0.01778	0.02033	0.01397	0.00635	0.00381	0.00127	0.00254	0.00508	0.83867	0.00508
14	0.01924	0.17811	0.01799	0.01313	0.01630	0.63841	0.01030	0.02072	0.01460	0.01324	0.00826	0.00962	0.00702	0.00543	0.00464	0.00136	0.00906	0.00340	0.00272	0.00645
15	0.02425	0.00962	0.01287	0.00986	0.01409	0.00852	0.00815	0.06855	0.01618	0.73538	0.02102	0.01824	0.01325	0.00674	0.00548	0.00168	0.00472	0.00545	0.00667	0.00928
16	0.00675	0.00482	0.00645	0.00772	0.00808	0.00452	0.00525	0.00778	0.01055	0.01404	0.02999	0.76661	0.03582	0.01698	0.00699	0.00223	0.00326	0.05264	0.00506	0.00446
17	0.01458	0.81168	0.02857	0.00933	0.01399	0.02157	0.00933	0.01632	0.01108	0.01283	0.00758	0.00875	0.00700	0.00466	0.00350	0.00117	0.00583	0.00292	0.00233	0.00700
18	0.00779	0.00584	0.00876	0.00876	0.00974	0.00681	0.00681	0.00974	0.00876	0.01266	0.01460	0.02142	0.01363	0.04089	0.78680	0.00876	0.01460	0.00584	0.00292	0.00487
19	0.01170	0.01162	0.01631	0.02964	0.01454	0.01616	0.01174	0.01293	0.00848	0.01317	0.00805	0.04110	0.00822	0.00974	0.01724	0.00237	0.75345	0.00517	0.00248	0.00591
