[name]
unknown

[dist]
# distance from previous block
# <min> <max>
60	200

[block]
# block no. 0 follows, 48 sequences, length 56
# corresponding to MSA columns:
# 325-380
name=unknown_A
#
# <colnr> <probs for GDERKNQSTAVLIFYWHMCP>
#	G	D	E	R	K	N	Q	S	T	A	V	L	I	F	Y	W	H	M	C	P
0	0.10668	0.01925	0.01434	0.01244	0.01538	0.51067	0.07150	0.04469	0.02783	0.03992	0.03258	0.01304	0.02577	0.00576	0.00476	0.00144	0.00772	0.02286	0.00314	0.02026
1	0.10970	0.01069	0.01356	0.01042	0.01441	0.01054	0.06536	0.19554	0.05356	0.39609	0.01571	0.01475	0.01052	0.00588	0.00494	0.00155	0.00490	0.00477	0.00522	0.05189
2	0.01260	0.01360	0.02798	0.03510	0.06149	0.01297	0.64513	0.07167	0.01290	0.01757	0.01043	0.01359	0.00785	0.00447	0.00587	0.00168	0.00816	0.00578	0.00278	0.02837
3	0.00620	0.00468	0.00573	0.00658	0.00729	0.00422	0.00451	0.00721	0.01037	0.01332	0.03519	0.59264	0.25316	0.01518	0.00641	0.00198	0.00287	0.01349	0.00476	0.00422
4	0.01326	0.01127	0.01188	0.01054	0.01353	0.01299	0.00824	0.08188	0.72297	0.02226	0.02025	0.01864	0.01515	0.00690	0.00521	0.00173	0.00418	0.00571	0.00521	0.00817
5	0.01276	0.01102	0.01160	0.01044	0.01334	0.01276	0.00812	0.02727	0.77840	0.02146	0.02088	0.01914	0.01566	0.00696	0.00522	0.00174	0.00406	0.00580	0.00522	0.00812
6	0.01211	0.01384	0.03028	0.02163	0.02682	0.01298	0.76903	0.01644	0.01211	0.01644	0.01038	0.01384	0.00779	0.00433	0.00606	0.00173	0.00865	0.00606	0.00260	0.00692
7	0.00827	0.00591	0.00827	0.00945	0.01063	0.00591	0.00827	0.01063	0.01181	0.01536	0.02717	0.05788	0.02953	0.01417	0.00709	0.00236	0.00472	0.75313	0.00472	0.00472
8	0.02302	0.00873	0.01191	0.00913	0.01310	0.00754	0.00754	0.02501	0.01469	0.79122	0.02024	0.01746	0.01270	0.00635	0.00516	0.00159	0.00437	0.00516	0.00635	0.00873
9	0.01137	0.01033	0.01097	0.00815	0.01249	0.06525	0.00646	0.01415	0.04695	0.01664	0.00958	0.01094	0.00791	0.00406	0.00393	0.00085	0.00421	0.00319	0.00311	0.74948
10	0.00724	0.00526	0.00683	0.00648	0.00771	0.00485	0.00489	0.00962	0.01436	0.02022	0.74115	0.03918	0.07412	0.01067	0.00608	0.00164	0.00248	0.02681	0.00560	0.00482
11	0.02262	0.00899	0.01202	0.00926	0.01320	0.00798	0.00764	0.05151	0.03548	0.74368	0.01998	0.01733	0.01264	0.00636	0.00516	0.00159	0.00440	0.00516	0.00628	0.00872
12	0.01104	0.00921	0.01112	0.00796	0.01252	0.00700	0.02323	0.01335	0.01079	0.03947	0.00948	0.01091	0.00775	0.00389	0.00389	0.00081	0.00393	0.00317	0.00313	0.80736
13	0.00644	0.00467	0.00600	0.00679	0.00734	0.00432	0.00462	0.00755	0.01057	0.01412	0.14100	0.59542	0.10387	0.05268	0.00735	0.00212	0.00295	0.01313	0.00482	0.00423
14	0.01062	0.00912	0.01129	0.00836	0.01249	0.00740	0.04185	0.02776	0.05218	0.01767	0.09357	0.01426	0.01246	0.00476	0.00425	0.00096	0.00393	0.00403	0.00346	0.65956
15	0.00822	0.00518	0.00631	0.00640	0.00693	0.00504	0.00412	0.00879	0.00887	0.06849	0.02133	0.22014	0.06719	0.46237	0.07478	0.00408	0.00495	0.00906	0.00382	0.00396
16	0.01773	0.01326	0.01427	0.01103	0.01501	0.01434	0.00904	0.60920	0.07765	0.02941	0.01273	0.01284	0.00924	0.00595	0.00495	0.00146	0.00523	0.00454	0.03031	0.10182
17	0.00681	0.00503	0.00655	0.00728	0.00808	0.00452	0.00503	0.00791	0.00998	0.01358	0.02612	0.70044	0.03087	0.01465	0.00626	0.00195	0.00313	0.03951	0.00457	0.09772
18	0.02001	0.00917	0.01176	0.00902	0.01291	0.00820	0.00740	0.10480	0.01511	0.55475	0.05370	0.01700	0.01327	0.00618	0.00499	0.00147	0.00431	0.00500	0.02036	0.12059
19	0.01356	0.78604	0.06223	0.00905	0.01359	0.01992	0.00925	0.01541	0.01044	0.01226	0.00723	0.00835	0.00658	0.00441	0.00337	0.00112	0.00558	0.00279	0.00219	0.00663
20	0.00969	0.00912	0.01539	0.80734	0.03534	0.01140	0.01425	0.01311	0.01026	0.01311	0.00912	0.01368	0.00684	0.00513	0.00513	0.00171	0.00684	0.00456	0.00228	0.00570
21	0.01335	0.73685	0.10956	0.00941	0.01414	0.01940	0.00988	0.01546	0.01047	0.01252	0.00736	0.00851	0.00658	0.00444	0.00346	0.00115	0.00571	0.00286	0.00219	0.00669
22	0.00690	0.00529	0.00580	0.00570	0.00732	0.00453	0.00426	0.00842	0.01225	0.04190	0.19445	0.09090	0.56930	0.01245	0.00606	0.00172	0.00265	0.01055	0.00499	0.00457
23	0.01173	0.01311	0.02808	0.02038	0.02508	0.01246	0.68804	0.01576	0.01190	0.01616	0.01160	0.04001	0.00956	0.00528	0.00644	0.00179	0.03185	0.04132	0.00275	0.00670
24	0.07012	0.00893	0.01164	0.00907	0.01293	0.00806	0.00746	0.02456	0.05723	0.70402	0.01953	0.01704	0.01246	0.00629	0.00505	0.00160	0.00433	0.00506	0.00611	0.00852
25	0.00635	0.00537	0.00545	0.00544	0.00714	0.00463	0.00408	0.00800	0.03354	0.01397	0.04938	0.04813	0.72270	0.04061	0.00675	0.00186	0.00276	0.02472	0.00472	0.00441
26	0.00704	0.00517	0.00660	0.00639	0.00757	0.00472	0.00473	0.00920	0.01378	0.01915	0.63530	0.11252	0.12616	0.01128	0.00610	0.00167	0.00249	0.00994	0.00547	0.00472
27	0.01307	0.67256	0.17142	0.00988	0.01487	0.01872	0.01070	0.01553	0.01050	0.01286	0.00752	0.00872	0.00657	0.00448	0.00359	0.00120	0.00588	0.00294	0.00219	0.00677
28	0.02285	0.00901	0.01208	0.00926	0.01324	0.00795	0.00765	0.06149	0.01515	0.75408	0.01986	0.01721	0.01251	0.00634	0.00516	0.00159	0.00443	0.00513	0.00629	0.00873
29	0.00733	0.00550	0.00825	0.00825	0.00916	0.00641	0.00641	0.00916	0.00825	0.01191	0.01374	0.02016	0.01283	0.03848	0.79934	0.00825	0.01374	0.00550	0.00275	0.00458
30	0.01228	0.01177	0.02008	0.13862	0.68379	0.01208	0.01554	0.01538	0.01149	0.01626	0.00958	0.01283	0.00795	0.00465	0.00509	0.00155	0.00620	0.00457	0.00250	0.00779
31	0.01167	0.29022	0.51820	0.01261	0.01904	0.01480	0.01534	0.03616	0.01105	0.01530	0.00860	0.01001	0.00659	0.00475	0.00436	0.00145	0.00684	0.00347	0.00226	0.00728
32	0.03077	0.36635	0.44806	0.01195	0.01807	0.01549	0.01431	0.01585	0.01061	0.01462	0.00828	0.00967	0.00651	0.00467	0.00416	0.00140	0.00661	0.00332	0.00220	0.00711
33	0.01104	0.00872	0.01020	0.00747	0.01172	0.00665	0.00597	0.01320	0.01101	0.06873	0.01398	0.01482	0.08256	0.00485	0.00411	0.00091	0.00372	0.00393	0.00343	0.71298
34	0.67968	0.01011	0.00850	0.00748	0.01069	0.01156	0.00610	0.03498	0.11028	0.06555	0.00979	0.01035	0.00735	0.00517	0.00360	0.00161	0.00404	0.00335	0.00367	0.00614
35	0.01917	0.02445	0.01454	0.01322	0.01586	0.79907	0.00991	0.02049	0.01454	0.01256	0.00793	0.00925	0.00661	0.00529	0.00463	0.00132	0.00925	0.00330	0.00264	0.00595
36	0.01065	0.00913	0.01068	0.02190	0.01253	0.00720	0.00631	0.01362	0.05451	0.01685	0.01021	0.02889	0.00863	0.00427	0.00397	0.00086	0.00385	0.00348	0.00319	0.76928
37	0.01232	0.01197	0.02092	0.11646	0.64867	0.01216	0.07093	0.01551	0.01156	0.01634	0.00965	0.01289	0.00796	0.00462	0.00516	0.00156	0.00637	0.00468	0.00252	0.00777
38	0.00791	0.00626	0.00952	0.01020	0.06657	0.00727	0.00733	0.00980	0.00848	0.01229	0.01311	0.01919	0.01220	0.03461	0.70427	0.00747	0.05055	0.00538	0.00271	0.00489
39	0.09758	0.00979	0.01210	0.00936	0.01329	0.00931	0.00773	0.14952	0.01574	0.59426	0.01773	0.01578	0.01139	0.00618	0.00498	0.00158	0.00455	0.00485	0.00586	0.00844
40	0.00746	0.00497	0.00560	0.00560	0.00560	0.00497	0.00311	0.00746	0.00746	0.00995	0.01617	0.03358	0.01865	0.81967	0.02612	0.00497	0.00497	0.00746	0.00311	0.00311
41	0.01187	0.01147	0.01991	0.23662	0.54577	0.01203	0.05738	0.01509	0.01133	0.01578	0.00955	0.01302	0.00777	0.00471	0.00515	0.00158	0.00644	0.00465	0.00247	0.00742
42	0.01102	0.01098	0.01525	0.01311	0.01338	0.03191	0.02813	0.01229	0.00814	0.01240	0.00757	0.01217	0.00739	0.01186	0.09756	0.00284	0.69153	0.00460	0.00231	0.00554
43	0.00625	0.00447	0.00595	0.00714	0.00744	0.00417	0.00476	0.00714	0.00982	0.01310	0.02828	0.81633	0.03394	0.01608	0.00655	0.00208	0.00298	0.01459	0.00476	0.00417
44	0.00625	0.00447	0.00595	0.00714	0.00744	0.00417	0.00476	0.00714	0.00982	0.01310	0.02828	0.81633	0.03394	0.01608	0.00655	0.00208	0.00298	0.01459	0.00476	0.00417
45	0.00777	0.00526	0.00605	0.00612	0.00637	0.00527	0.00369	0.03890	0.00863	0.01159	0.01825	0.17666	0.02097	0.62548	0.02130	0.00424	0.00459	0.00862	0.01665	0.00356
46	0.01951	0.01437	0.01540	0.01181	0.01591	0.01591	0.00975	0.77056	0.02412	0.03234	0.01232	0.01232	0.00873	0.00616	0.00513	0.00154	0.00565	0.00462	0.00513	0.00873
47	0.00717	0.00524	0.00674	0.00636	0.00761	0.00480	0.00477	0.00951	0.01432	0.02008	0.73110	0.03914	0.10258	0.01067	0.00605	0.00162	0.00243	0.00939	0.00558	0.00480
48	0.01239	0.01070	0.01125	0.01015	0.01299	0.01230	0.00789	0.02617	0.73614	0.02105	0.02260	0.02081	0.05810	0.00729	0.00527	0.00174	0.00398	0.00608	0.00520	0.00791
49	0.01245	0.49030	0.33282	0.01119	0.01683	0.03091	0.01287	0.01581	0.01066	0.01375	0.00798	0.00929	0.00655	0.00460	0.00395	0.00131	0.00639	0.00317	0.00219	0.00697
50	0.01096	0.00928	0.01136	0.00813	0.01270	0.00707	0.03310	0.01331	0.01078	0.03357	0.00941	0.01090	0.00772	0.00387	0.00391	0.00081	0.00398	0.00319	0.00310	0.80285
51	0.01587	0.01283	0.02292	0.01673	0.02138	0.01247	0.43513	0.17351	0.03819	0.17747	0.01310	0.01442	0.00922	0.00519	0.00566	0.00166	0.00702	0.00557	0.00396	0.00770
52	0.01132	0.00744	0.01104	0.00952	0.01141	0.00756	0.09032	0.02991	0.04656	0.15551	0.01799	0.09190	0.03782	0.17373	0.20815	0.00402	0.03158	0.03329	0.01537	0.00556
53	0.00983	0.00926	0.01564	0.77185	0.06975	0.01144	0.01432	0.01323	0.01033	0.01328	0.00914	0.01364	0.00690	0.00510	0.00513	0.00170	0.00681	0.00456	0.00229	0.00581
54	0.05259	0.00657	0.00780	0.00714	0.00879	0.00656	0.00539	0.02616	0.11514	0.05924	0.51886	0.03262	0.05322	0.06896	0.00721	0.00188	0.00306	0.00809	0.00529	0.00544
55	0.01270	0.01219	0.02083	0.03149	0.78767	0.01219	0.01575	0.01575	0.01168	0.01676	0.00965	0.01270	0.00813	0.00457	0.00508	0.00152	0.00610	0.00457	0.00254	0.00813

[dist]
# distance from previous block
# <min> <max>
0	7

[block]
# block no. 1 follows, 48 sequences, length 43
# corresponding to MSA columns:
# 388-430
name=unknown_B
#
# <colnr> <probs for GDERKNQSTAVLIFYWHMCP>
#	G	D	E	R	K	N	Q	S	T	A	V	L	I	F	Y	W	H	M	C	P
0	0.01097	0.00911	0.01067	0.00764	0.01218	0.00686	0.00612	0.01324	0.01075	0.03721	0.00941	0.01082	0.00773	0.00387	0.00384	0.00078	0.00381	0.00310	0.00313	0.82875
1	0.01636	0.00748	0.00994	0.00812	0.01103	0.00663	0.00649	0.01884	0.03558	0.45326	0.29278	0.04028	0.02576	0.00795	0.00546	0.00158	0.00362	0.00676	0.00592	0.03615
2	0.67500	0.00966	0.00849	0.00726	0.01061	0.01065	0.00599	0.01724	0.01003	0.18989	0.00999	0.01032	0.00711	0.00511	0.00361	0.00159	0.00406	0.00330	0.00387	0.00625
3	0.01030	0.00593	0.00776	0.00691	0.00870	0.00535	0.00532	0.01257	0.01440	0.17190	0.59504	0.03482	0.08101	0.00981	0.00588	0.00162	0.00281	0.00855	0.00574	0.00558
4	0.01951	0.01437	0.01540	0.01181	0.01591	0.01591	0.00975	0.77056	0.02412	0.03234	0.01232	0.01232	0.00873	0.00616	0.00513	0.00154	0.00565	0.00462	0.00513	0.00873
5	0.01372	0.82276	0.02689	0.00878	0.01317	0.02030	0.00878	0.01536	0.01043	0.01207	0.00713	0.00823	0.00658	0.00439	0.00329	0.00110	0.00549	0.00274	0.00219	0.00658
6	0.00606	0.00520	0.00520	0.00520	0.00693	0.00433	0.00390	0.00736	0.01170	0.01386	0.05198	0.04938	0.78558	0.01299	0.00606	0.00173	0.00260	0.01083	0.00476	0.00433
7	0.00841	0.00616	0.00880	0.01045	0.04903	0.00615	0.00850	0.01074	0.01173	0.01533	0.02634	0.08606	0.02865	0.01377	0.00697	0.00231	0.00472	0.68640	0.00462	0.00487
8	0.00891	0.00446	0.00668	0.00668	0.00668	0.00446	0.00446	0.00668	0.00668	0.00891	0.00891	0.01560	0.00891	0.01783	0.02005	0.85071	0.00446	0.00446	0.00223	0.00223
9	0.02302	0.00873	0.01191	0.00913	0.01310	0.00754	0.00754	0.02501	0.01469	0.79122	0.02024	0.01746	0.01270	0.00635	0.00516	0.00159	0.00437	0.00516	0.00635	0.00873
10	0.01029	0.02654	0.79309	0.01462	0.02221	0.01192	0.01896	0.01625	0.01083	0.01625	0.00921	0.01083	0.00650	0.00487	0.00487	0.00162	0.00758	0.00379	0.00217	0.00758
11	0.02302	0.00873	0.01191	0.00913	0.01310	0.00754	0.00754	0.02501	0.01469	0.79122	0.02024	0.01746	0.01270	0.00635	0.00516	0.00159	0.00437	0.00516	0.00635	0.00873
12	0.00834	0.00601	0.00830	0.00941	0.01062	0.00605	0.00817	0.01099	0.03302	0.01546	0.02702	0.07812	0.02927	0.01403	0.00702	0.00234	0.00466	0.71164	0.00474	0.00480
13	0.52765	0.01124	0.00987	0.03011	0.01225	0.07573	0.00690	0.08172	0.01174	0.17511	0.01030	0.01071	0.00737	0.00525	0.00391	0.00157	0.00470	0.00350	0.00390	0.00649
14	0.01297	0.01271	0.02056	0.03073	0.75528	0.04521	0.01550	0.01595	0.01180	0.01659	0.00958	0.01255	0.00806	0.00460	0.00506	0.00152	0.00623	0.00452	0.00254	0.00804
15	0.00625	0.00447	0.00595	0.00714	0.00744	0.00417	0.00476	0.00714	0.00982	0.01310	0.02828	0.81633	0.03394	0.01608	0.00655	0.00208	0.00298	0.01459	0.00476	0.00417
16	0.01090	0.04360	0.74317	0.01426	0.02162	0.01192	0.01825	0.01660	0.01099	0.04868	0.00962	0.01105	0.00676	0.00493	0.00485	0.00161	0.00740	0.00383	0.00234	0.00761
17	0.77489	0.00943	0.00728	0.00656	0.00955	0.01087	0.00537	0.01478	0.00893	0.02265	0.00806	0.00937	0.00628	0.00488	0.00321	0.00155	0.00382	0.00297	0.08407	0.00548
18	0.00810	0.00579	0.00808	0.00926	0.01036	0.00576	0.00798	0.01034	0.01165	0.01517	0.02726	0.12110	0.02990	0.01433	0.00704	0.00234	0.00458	0.69157	0.00473	0.00468
19	0.05397	0.36909	0.38704	0.01179	0.01764	0.01564	0.03016	0.03458	0.01091	0.01519	0.00831	0.00969	0.00657	0.00468	0.00414	0.00140	0.00647	0.00336	0.00231	0.00707
20	0.01951	0.01437	0.01540	0.01181	0.01591	0.01591	0.00975	0.77056	0.02412	0.03234	0.01232	0.01232	0.00873	0.00616	0.00513	0.00154	0.00565	0.00462	0.00513	0.00873
21	0.01690	0.01030	0.01197	0.00989	0.01317	0.01075	0.00798	0.21834	0.22383	0.26564	0.07164	0.04089	0.03049	0.00744	0.00536	0.00166	0.00443	0.03582	0.00554	0.00794
22	0.01360	0.67751	0.09104	0.01007	0.02937	0.05705	0.00991	0.01561	0.01061	0.01255	0.00739	0.00867	0.00661	0.00461	0.00391	0.00119	0.02848	0.00295	0.00222	0.00664
23	0.00969	0.00912	0.01539	0.80734	0.03534	0.01140	0.01425	0.01311	0.01026	0.01311	0.00912	0.01368	0.00684	0.00513	0.00513	0.00171	0.00684	0.00456	0.00228	0.00570
24	0.01039	0.04835	0.77210	0.01446	0.02196	0.01215	0.01868	0.01623	0.01082	0.01614	0.00915	0.01076	0.00650	0.00486	0.00483	0.00161	0.00753	0.00376	0.00217	0.00756
25	0.00969	0.00912	0.01539	0.80734	0.03534	0.01140	0.01425	0.01311	0.01026	0.01311	0.00912	0.01368	0.00684	0.00513	0.00513	0.00171	0.00684	0.00456	0.00228	0.00570
26	0.00625	0.00447	0.00595	0.00714	0.00744	0.00417	0.00476	0.00714	0.00982	0.01310	0.02828	0.81633	0.03394	0.01608	0.00655	0.00208	0.00298	0.01459	0.00476	0.00417
27	0.00891	0.00446	0.00668	0.00668	0.00668	0.00446	0.00446	0.00668	0.00668	0.00891	0.00891	0.01560	0.00891	0.01783	0.02005	0.85071	0.00446	0.00446	0.00223	0.00223
28	0.01064	0.00912	0.01064	0.00760	0.01216	0.00684	0.00608	0.01292	0.01064	0.01672	0.00912	0.01064	0.00760	0.00380	0.00380	0.00076	0.00380	0.00304	0.00304	0.85104
29	0.01178	0.01618	0.17057	0.02034	0.02597	0.01278	0.63108	0.01640	0.01188	0.01640	0.01016	0.01329	0.00755	0.00443	0.00584	0.00171	0.00845	0.00564	0.00252	0.00704
30	0.00638	0.00464	0.00621	0.00731	0.00760	0.00447	0.00493	0.00728	0.00977	0.01308	0.02772	0.79531	0.03323	0.01589	0.00682	0.00209	0.02405	0.01432	0.00470	0.00421
31	0.00758	0.00532	0.00693	0.00648	0.00777	0.00489	0.00488	0.00997	0.01445	0.03761	0.74891	0.03815	0.06670	0.01046	0.00603	0.00162	0.00247	0.00923	0.00564	0.00492
32	0.01200	0.01334	0.02747	0.02079	0.06155	0.01338	0.61047	0.01574	0.01141	0.01579	0.00976	0.01336	0.00763	0.00509	0.00774	0.00180	0.13763	0.00573	0.00254	0.00677
33	0.85592	0.00992	0.00754	0.00675	0.00992	0.01151	0.00556	0.01508	0.00873	0.02302	0.00714	0.00834	0.00556	0.00476	0.00318	0.00159	0.00397	0.00278	0.00318	0.00556
34	0.00746	0.00497	0.00560	0.00560	0.00560	0.00497	0.00311	0.00746	0.00746	0.00995	0.01617	0.03358	0.01865	0.81967	0.02612	0.00497	0.00497	0.00746	0.00311	0.00311
35	0.01270	0.01219	0.02083	0.03149	0.78767	0.01219	0.01575	0.01575	0.01168	0.01676	0.00965	0.01270	0.00813	0.00457	0.00508	0.00152	0.00610	0.00457	0.00254	0.00813
36	0.05548	0.78246	0.02593	0.00868	0.01301	0.01987	0.00862	0.01535	0.01034	0.01261	0.00713	0.00824	0.00653	0.00441	0.00329	0.00112	0.00541	0.00275	0.00224	0.00653
37	0.00625	0.00447	0.00595	0.00714	0.00744	0.00417	0.00476	0.00714	0.00982	0.01310	0.02828	0.81633	0.03394	0.01608	0.00655	0.00208	0.00298	0.01459	0.00476	0.00417
38	0.01951	0.01437	0.01540	0.01181	0.01591	0.01591	0.00975	0.77056	0.02412	0.03234	0.01232	0.01232	0.00873	0.00616	0.00513	0.00154	0.00565	0.00462	0.00513	0.00873
39	0.03037	0.03018	0.07996	0.04820	0.02092	0.17960	0.34413	0.01643	0.01174	0.03193	0.00969	0.01278	0.00772	0.02069	0.02150	0.00184	0.10130	0.00490	0.01970	0.00641
40	0.00969	0.00912	0.01539	0.80734	0.03534	0.01140	0.01425	0.01311	0.01026	0.01311	0.00912	0.01368	0.00684	0.00513	0.00513	0.00171	0.00684	0.00456	0.00228	0.00570
41	0.00641	0.00462	0.00611	0.00724	0.00768	0.00432	0.00501	0.00744	0.01008	0.01332	0.02936	0.71605	0.07084	0.01577	0.00657	0.00209	0.00310	0.07501	0.00476	0.00422
42	0.01270	0.01219	0.02083	0.03149	0.78767	0.01219	0.01575	0.01575	0.01168	0.01676	0.00965	0.01270	0.00813	0.00457	0.00508	0.00152	0.00610	0.00457	0.00254	0.00813

[dist]
# distance from previous block
# <min> <max>
0	37

[block]
# block no. 2 follows, 48 sequences, length 88
# corresponding to MSA columns:
# 468-555
name=unknown_C
#
# <colnr> <probs for GDERKNQSTAVLIFYWHMCP>
#	G	D	E	R	K	N	Q	S	T	A	V	L	I	F	Y	W	H	M	C	P
0	0.00623	0.00455	0.00586	0.00691	0.00738	0.00419	0.00466	0.00717	0.01005	0.01319	0.03112	0.72455	0.12388	0.01571	0.00649	0.00204	0.00293	0.01414	0.00476	0.00419
1	0.01211	0.01384	0.03028	0.02163	0.02682	0.01298	0.76903	0.01644	0.01211	0.01644	0.01038	0.01384	0.00779	0.00433	0.00606	0.00173	0.00865	0.00606	0.00260	0.00692
2	0.01372	0.82276	0.02689	0.00878	0.01317	0.02030	0.00878	0.01536	0.01043	0.01207	0.00713	0.00823	0.00658	0.00439	0.00329	0.00110	0.00549	0.00274	0.00219	0.00658
3	0.03238	0.06658	0.73379	0.01412	0.02143	0.01233	0.01809	0.01617	0.01076	0.01621	0.00905	0.01064	0.00648	0.00485	0.00475	0.00160	0.00738	0.00371	0.00219	0.00748
4	0.00890	0.00577	0.00735	0.00675	0.00827	0.00541	0.00513	0.01181	0.04871	0.08388	0.63478	0.03498	0.05601	0.00981	0.00582	0.00160	0.00266	0.00858	0.04849	0.00530
5	0.00641	0.00513	0.00604	0.03447	0.00837	0.00463	0.00488	0.00772	0.01100	0.01367	0.04039	0.31807	0.44058	0.01388	0.00627	0.00190	0.00303	0.06453	0.00467	0.00435
6	0.00829	0.00598	0.00751	0.00724	0.00854	0.00589	0.00539	0.01159	0.09585	0.04815	0.46157	0.19646	0.07601	0.01119	0.00629	0.00174	0.02196	0.00981	0.00532	0.00520
7	0.01989	0.01376	0.01502	0.01152	0.01561	0.01501	0.00951	0.68994	0.02310	0.11439	0.01318	0.01288	0.00916	0.00618	0.00514	0.00155	0.00551	0.00468	0.00526	0.00873
8	0.01372	0.82276	0.02689	0.00878	0.01317	0.02030	0.00878	0.01536	0.01043	0.01207	0.00713	0.00823	0.00658	0.00439	0.00329	0.00110	0.00549	0.00274	0.00219	0.00658
9	0.04708	0.00909	0.01169	0.08564	0.01467	0.00899	0.00801	0.08737	0.09713	0.43759	0.11994	0.01929	0.01662	0.00678	0.00521	0.00162	0.00441	0.00559	0.00553	0.00775
10	0.01115	0.17993	0.56168	0.01425	0.02095	0.01366	0.09808	0.01610	0.01089	0.01546	0.00893	0.01065	0.00666	0.00472	0.00469	0.00153	0.00729	0.00383	0.00222	0.00732
11	0.00969	0.00912	0.01539	0.80734	0.03534	0.01140	0.01425	0.01311	0.01026	0.01311	0.00912	0.01368	0.00684	0.00513	0.00513	0.00171	0.00684	0.00456	0.00228	0.00570
12	0.00623	0.00454	0.00588	0.00696	0.00739	0.00418	0.00468	0.00717	0.01000	0.01317	0.03055	0.74275	0.10604	0.01578	0.00650	0.00205	0.00294	0.01423	0.00476	0.00418
13	0.01289	0.01198	0.02021	0.29664	0.17179	0.01288	0.20585	0.17015	0.01385	0.01860	0.01020	0.01326	0.00771	0.00503	0.00536	0.00164	0.00691	0.00496	0.00300	0.00709
14	0.01081	0.00756	0.00995	0.01087	0.07290	0.00766	0.00825	0.01531	0.15231	0.10052	0.05190	0.04140	0.09168	0.01101	0.00625	0.00202	0.00441	0.38432	0.00485	0.00602
15	0.01276	0.01102	0.01160	0.01044	0.01334	0.01276	0.00812	0.02727	0.77840	0.02146	0.02088	0.01914	0.01566	0.00696	0.00522	0.00174	0.00406	0.00580	0.00522	0.00812
16	0.01187	0.01494	0.11001	0.05139	0.02477	0.03073	0.54712	0.01587	0.01143	0.01569	0.00970	0.01308	0.00745	0.00501	0.00719	0.00177	0.10723	0.00550	0.00249	0.00676
17	0.01897	0.03466	0.01473	0.01128	0.01516	0.05212	0.00925	0.52624	0.11466	0.12879	0.01406	0.01358	0.00994	0.00620	0.00508	0.00155	0.00545	0.00472	0.00511	0.00846
18	0.01875	0.02379	0.01432	0.01304	0.01563	0.77112	0.00979	0.02009	0.01432	0.01254	0.00814	0.00964	0.00683	0.00646	0.03265	0.00157	0.00941	0.00338	0.00265	0.00590
19	0.00757	0.00531	0.00696	0.00651	0.00777	0.00489	0.00489	0.00998	0.01453	0.03571	0.76994	0.03792	0.04771	0.01041	0.00603	0.00161	0.00246	0.00920	0.00566	0.00492
20	0.01270	0.01219	0.02083	0.03149	0.78767	0.01219	0.01575	0.01575	0.01168	0.01676	0.00965	0.01270	0.00813	0.00457	0.00508	0.00152	0.00610	0.00457	0.00254	0.00813
21	0.00895	0.00804	0.04614	0.01332	0.14428	0.00734	0.03597	0.01178	0.03857	0.01564	0.05508	0.20317	0.02529	0.01175	0.00638	0.00205	0.00474	0.35176	0.00422	0.00552
22	0.00625	0.00447	0.00595	0.00714	0.00744	0.00417	0.00476	0.00714	0.00982	0.01310	0.02828	0.81633	0.03394	0.01608	0.00655	0.00208	0.00298	0.01459	0.00476	0.00417
23	0.01186	0.01370	0.04735	0.02029	0.02489	0.01308	0.65379	0.01581	0.01158	0.01593	0.01030	0.02872	0.00814	0.00507	0.00720	0.00179	0.09519	0.00599	0.00259	0.00674
24	0.00969	0.00912	0.01539	0.80734	0.03534	0.01140	0.01425	0.01311	0.01026	0.01311	0.00912	0.01368	0.00684	0.00513	0.00513	0.00171	0.00684	0.00456	0.00228	0.00570
25	0.01123	0.01123	0.01572	0.01347	0.01347	0.01572	0.01123	0.01235	0.00786	0.01235	0.00674	0.01123	0.00674	0.00898	0.01684	0.00225	0.81028	0.00449	0.00225	0.00561
26	0.00736	0.00493	0.00558	0.00570	0.00585	0.00486	0.00332	0.00758	0.00799	0.01075	0.01896	0.10888	0.05449	0.67805	0.02256	0.00442	0.00459	0.00820	0.03262	0.00332
27	0.01193	0.05543	0.07316	0.02018	0.02534	0.01305	0.66687	0.01612	0.01189	0.01611	0.01063	0.03495	0.00835	0.00468	0.00586	0.00170	0.00828	0.00599	0.00261	0.00687
28	0.02105	0.00879	0.01160	0.00912	0.01283	0.00796	0.00746	0.02441	0.09725	0.66570	0.06228	0.01879	0.01498	0.00664	0.00522	0.00161	0.00423	0.00546	0.00619	0.00845
29	0.01336	0.64025	0.10890	0.00991	0.01428	0.01886	0.01012	0.04378	0.01078	0.01332	0.00752	0.00891	0.00667	0.00488	0.00462	0.00126	0.07050	0.00307	0.00231	0.00670
30	0.01251	0.01076	0.01139	0.01026	0.01309	0.01241	0.00797	0.02647	0.74398	0.02142	0.05531	0.02001	0.01714	0.00712	0.00526	0.00173	0.00399	0.00596	0.00524	0.00797
31	0.00666	0.00478	0.00626	0.00695	0.00739	0.00469	0.00472	0.00764	0.00950	0.01281	0.06341	0.49597	0.05754	0.15163	0.13174	0.00347	0.00492	0.01160	0.00423	0.00410
32	0.01068	0.00926	0.01123	0.00802	0.01260	0.00702	0.02884	0.01302	0.01068	0.01671	0.00916	0.01074	0.00761	0.00382	0.00387	0.00079	0.00394	0.00313	0.00303	0.82586
33	0.01001	0.00592	0.00847	0.09496	0.01071	0.00632	0.00604	0.08067	0.00875	0.01162	0.00926	0.01507	0.00867	0.01531	0.01699	0.67616	0.00483	0.00448	0.00251	0.00323
34	0.00635	0.00538	0.00551	0.00544	0.00717	0.00462	0.00409	0.00812	0.03477	0.01457	0.10378	0.04768	0.70959	0.01263	0.00604	0.00172	0.00263	0.01057	0.00484	0.00448
35	0.01148	0.01797	0.28301	0.01902	0.02482	0.01272	0.49377	0.01623	0.01154	0.01623	0.00987	0.01275	0.00732	0.00467	0.00604	0.00171	0.03607	0.00525	0.00244	0.00710
36	0.00980	0.00923	0.01558	0.77998	0.06187	0.01143	0.01430	0.01320	0.01031	0.01324	0.00914	0.01365	0.00689	0.00511	0.00513	0.00170	0.00681	0.00456	0.00229	0.00579
37	0.00702	0.00501	0.00683	0.00802	0.00865	0.00483	0.00609	0.00847	0.01058	0.01395	0.02786	0.52881	0.03227	0.01535	0.00675	0.00219	0.00364	0.29455	0.00475	0.00438
38	0.01099	0.01063	0.01858	0.45958	0.31068	0.01182	0.07543	0.01434	0.01093	0.01472	0.00942	0.01333	0.00739	0.00486	0.00519	0.00164	0.00671	0.00468	0.00240	0.00669
39	0.01170	0.01301	0.02706	0.01976	0.02401	0.01289	0.62741	0.01545	0.01151	0.01585	0.02454	0.04174	0.00929	0.00547	0.00751	0.00181	0.11550	0.00620	0.00268	0.00661
40	0.01289	0.01272	0.02204	0.02917	0.63815	0.02665	0.13142	0.03398	0.01210	0.01701	0.00980	0.01280	0.00806	0.00458	0.00522	0.00155	0.00654	0.00478	0.00261	0.00792
41	0.01033	0.02630	0.77831	0.01476	0.02230	0.01194	0.03349	0.01625	0.01086	0.01625	0.00923	0.01089	0.00652	0.00486	0.00490	0.00163	0.00760	0.00384	0.00217	0.00757
42	0.01119	0.01226	0.02576	0.01933	0.04152	0.01170	0.60482	0.01484	0.01159	0.01578	0.01298	0.13721	0.01178	0.00632	0.00651	0.00180	0.03796	0.00727	0.00291	0.00648
43	0.26812	0.01180	0.09389	0.00865	0.01182	0.06547	0.00766	0.12828	0.01347	0.04945	0.18340	0.01938	0.06729	0.00694	0.00467	0.00156	0.00450	0.00534	0.04216	0.00612
44	0.00635	0.00471	0.00595	0.00691	0.00748	0.00437	0.00470	0.00759	0.02568	0.01338	0.03174	0.68332	0.14810	0.01542	0.00645	0.00202	0.00294	0.01384	0.00477	0.00427
45	0.01175	0.01488	0.10867	0.02047	0.02576	0.01260	0.66844	0.01614	0.01191	0.01632	0.01079	0.03746	0.00843	0.00473	0.00595	0.00173	0.00837	0.00608	0.00262	0.00691
46	0.00985	0.00943	0.01636	0.75593	0.03478	0.01150	0.06363	0.01333	0.01038	0.01333	0.00920	0.01369	0.00690	0.00508	0.00519	0.00171	0.00696	0.00466	0.00230	0.00578
47	0.00969	0.00912	0.01539	0.80734	0.03534	0.01140	0.01425	0.01311	0.01026	0.01311	0.00912	0.01368	0.00684	0.00513	0.00513	0.00171	0.00684	0.00456	0.00228	0.00570
48	0.00644	0.00462	0.00616	0.00733	0.00774	0.00434	0.00508	0.00748	0.01005	0.01333	0.02859	0.72999	0.04682	0.01584	0.00659	0.00210	0.00314	0.08537	0.00476	0.00422
49	0.00625	0.00447	0.00595	0.00714	0.00744	0.00417	0.00476	0.00714	0.00982	0.01310	0.02828	0.81633	0.03394	0.01608	0.00655	0.00208	0.00298	0.01459	0.00476	0.00417
50	0.01010	0.00954	0.01613	0.70167	0.13781	0.01151	0.01445	0.01347	0.01045	0.01361	0.00919	0.01355	0.00702	0.00505	0.00512	0.00168	0.00674	0.00456	0.00232	0.00603
51	0.00697	0.00520	0.00638	0.00626	0.00746	0.00474	0.00464	0.00887	0.01297	0.01758	0.48006	0.08702	0.22040	0.06785	0.00752	0.00194	0.00277	0.04165	0.00517	0.00456
52	0.00831	0.00601	0.00822	0.00914	0.01039	0.00603	0.00787	0.01111	0.03916	0.01617	0.11379	0.05427	0.03121	0.01350	0.00690	0.00225	0.00444	0.64153	0.00485	0.00486
53	0.00969	0.00912	0.01539	0.80734	0.03534	0.01140	0.01425	0.01311	0.01026	0.01311	0.00912	0.01368	0.00684	0.00513	0.00513	0.00171	0.00684	0.00456	0.00228	0.00570
54	0.00633	0.00526	0.00555	0.00568	0.00730	0.00450	0.00435	0.00773	0.01167	0.01405	0.06076	0.06021	0.67653	0.02497	0.00647	0.00185	0.00285	0.08486	0.00475	0.00436
55	0.00696	0.00514	0.00652	0.00646	0.00761	0.00470	0.00479	0.00899	0.01332	0.01830	0.53953	0.15765	0.15487	0.01181	0.00616	0.00172	0.00260	0.03284	0.00536	0.00466
56	0.01029	0.02654	0.79309	0.01462	0.02221	0.01192	0.01896	0.01625	0.01083	0.01625	0.00921	0.01083	0.00650	0.00487	0.00487	0.00162	0.00758	0.00379	0.00217	0.00758
57	0.08385	0.00908	0.01164	0.00909	0.01294	0.00832	0.00748	0.04088	0.05801	0.67383	0.01914	0.01677	0.01225	0.00626	0.00502	0.00160	0.00435	0.00501	0.00602	0.00846
58	0.00630	0.00450	0.00601	0.00720	0.00752	0.00421	0.00485	0.00723	0.00987	0.01315	0.02825	0.79833	0.03383	0.01603	0.00656	0.00209	0.00302	0.03211	0.00476	0.00418
59	0.01033	0.02628	0.77734	0.01477	0.02230	0.01194	0.03444	0.01625	0.01086	0.01625	0.00923	0.01090	0.00653	0.00486	0.00490	0.00163	0.00761	0.00384	0.00218	0.00757
60	0.60993	0.01248	0.00945	0.00826	0.01143	0.13293	0.00665	0.09054	0.01132	0.04062	0.00826	0.00928	0.00634	0.00504	0.00365	0.00154	0.00493	0.00313	0.01823	0.00599
61	0.01189	0.01137	0.01937	0.24009	0.58540	0.01198	0.01534	0.01504	0.01130	0.01578	0.00951	0.01296	0.00778	0.00472	0.00509	0.00157	0.00630	0.00457	0.00247	0.00747
62	0.85592	0.00992	0.00754	0.00675	0.00992	0.01151	0.00556	0.01508	0.00873	0.02302	0.00714	0.00834	0.00556	0.00476	0.00318	0.00159	0.00397	0.00278	0.00318	0.00556
63	0.00836	0.00535	0.00640	0.00645	0.00718	0.00559	0.00452	0.03610	0.00964	0.01454	0.01773	0.16194	0.01799	0.24014	0.16008	0.00375	0.01725	0.00736	0.26532	0.00432
64	0.00978	0.00924	0.01541	0.76185	0.03409	0.01165	0.01408	0.01307	0.01012	0.01307	0.00898	0.01354	0.00683	0.00535	0.00580	0.00174	0.05288	0.00456	0.00228	0.00569
65	0.00777	0.00568	0.00719	0.00767	0.00873	0.00550	0.00582	0.06145	0.01221	0.01620	0.14742	0.38158	0.11732	0.01374	0.00644	0.00200	0.00343	0.18020	0.00492	0.00473
66	0.01135	0.00910	0.01071	0.00769	0.01221	0.00688	0.00616	0.01361	0.01087	0.06110	0.00976	0.01103	0.00789	0.00395	0.00388	0.00081	0.00383	0.00316	0.00323	0.80277
67	0.00628	0.00449	0.00598	0.00713	0.00745	0.00419	0.00477	0.00721	0.00995	0.01330	0.04862	0.79542	0.03433	0.01593	0.00654	0.00207	0.00296	0.01444	0.00479	0.00419
68	0.01028	0.00822	0.00972	0.00975	0.01172	0.00899	0.00803	0.01820	0.36311	0.01842	0.06263	0.03915	0.02413	0.01068	0.00618	0.00204	0.00430	0.37315	0.00500	0.00629
69	0.01242	0.01188	0.02008	0.10227	0.69773	0.01213	0.01541	0.01581	0.03211	0.01655	0.00990	0.01296	0.00821	0.00469	0.00509	0.00155	0.00611	0.00460	0.00259	0.00790
70	0.63452	0.04975	0.14346	0.02488	0.01285	0.03170	0.00829	0.01539	0.00935	0.02090	0.00756	0.00889	0.00582	0.00479	0.00355	0.00157	0.00485	0.00300	0.00293	0.00596
71	0.01029	0.02654	0.79309	0.01462	0.02221	0.01192	0.01896	0.01625	0.01083	0.01625	0.00921	0.01083	0.00650	0.00487	0.00487	0.00162	0.00758	0.00379	0.00217	0.00758
72	0.03776	0.00799	0.01066	0.00854	0.01183	0.00709	0.00691	0.02134	0.02630	0.59254	0.15385	0.05693	0.01978	0.00749	0.00534	0.00162	0.00395	0.00626	0.00607	0.00777
73	0.01119	0.16262	0.55772	0.01561	0.10352	0.01343	0.03564	0.01605	0.01089	0.01559	0.00893	0.01066	0.00672	0.00474	0.00465	0.00153	0.00709	0.00375	0.00222	0.00745
74	0.00630	0.00450	0.00600	0.00711	0.00745	0.00420	0.00477	0.00727	0.01006	0.01348	0.06674	0.77679	0.03467	0.01579	0.00652	0.00206	0.00295	0.01432	0.00481	0.00420
75	0.10890	0.00884	0.01092	0.00890	0.01211	0.00872	0.00724	0.10517	0.03689	0.42735	0.06831	0.01776	0.01398	0.01140	0.12722	0.00261	0.00577	0.00519	0.00523	0.00747
76	0.01072	0.12694	0.69648	0.01389	0.02107	0.01297	0.01767	0.01614	0.01078	0.01572	0.00895	0.01050	0.00651	0.00481	0.00468	0.00156	0.00732	0.00366	0.00217	0.00746
77	0.01206	0.01168	0.02007	0.16537	0.57333	0.01230	0.05351	0.01513	0.01124	0.01586	0.00943	0.01284	0.00781	0.00491	0.00581	0.00161	0.05244	0.00464	0.00248	0.00750
78	0.00677	0.00483	0.00626	0.00724	0.00765	0.00461	0.00486	0.03361	0.01021	0.01362	0.02718	0.75320	0.03237	0.05194	0.00738	0.00220	0.00316	0.01392	0.00470	0.00428
79	0.01805	0.04585	0.01252	0.09544	0.01509	0.02417	0.00821	0.04837	0.10331	0.45724	0.08640	0.01895	0.02979	0.00667	0.00516	0.00159	0.00458	0.00548	0.00539	0.00775
80	0.13630	0.00967	0.01141	0.00917	0.01275	0.00959	0.00747	0.11700	0.10370	0.45839	0.03753	0.03775	0.01305	0.00655	0.00495	0.00161	0.00435	0.00520	0.00556	0.00800
81	0.00620	0.00510	0.00546	0.00567	0.00714	0.00437	0.00419	0.00750	0.01150	0.01402	0.07385	0.17358	0.61689	0.01344	0.00617	0.00180	0.00271	0.03129	0.00480	0.00433
82	0.01243	0.00955	0.01050	0.00954	0.01211	0.01058	0.00735	0.02311	0.55269	0.09121	0.05716	0.11251	0.05205	0.00837	0.00544	0.00176	0.00383	0.00712	0.00527	0.00742
83	0.01044	0.00998	0.01727	0.58803	0.19153	0.01157	0.05772	0.01381	0.01069	0.01410	0.00958	0.01417	0.00751	0.00511	0.00520	0.00168	0.00676	0.01619	0.00239	0.00626
84	0.01195	0.01354	0.02931	0.07251	0.02737	0.01287	0.72015	0.01622	0.01199	0.01622	0.01030	0.01383	0.00772	0.00438	0.00600	0.00173	0.00853	0.00596	0.00257	0.00684
85	0.00633	0.00460	0.00598	0.00692	0.00742	0.00425	0.00470	0.00741	0.01043	0.01388	0.10284	0.67786	0.09789	0.01528	0.00646	0.00201	0.00289	0.01376	0.00485	0.00425
86	0.01264	0.01237	0.02185	0.03043	0.70540	0.01228	0.09720	0.01582	0.01173	0.01673	0.00973	0.01282	0.00809	0.00455	0.00519	0.00155	0.00637	0.00473	0.00255	0.00800
87	0.85592	0.00992	0.00754	0.00675	0.00992	0.01151	0.00556	0.01508	0.00873	0.02302	0.00714	0.00834	0.00556	0.00476	0.00318	0.00159	0.00397	0.00278	0.00318	0.00556

[dist]
# distance from previous block
# <min> <max>
0	1

[block]
# block no. 3 follows, 48 sequences, length 19
# corresponding to MSA columns:
# 557-575
name=unknown_D
#
# <colnr> <probs for GDERKNQSTAVLIFYWHMCP>
#	G	D	E	R	K	N	Q	S	T	A	V	L	I	F	Y	W	H	M	C	P
0	0.58868	0.01158	0.00954	0.05894	0.01277	0.08583	0.00701	0.05411	0.09552	0.02170	0.00912	0.01016	0.00701	0.00515	0.00376	0.00159	0.00474	0.00337	0.00339	0.00604
1	0.13973	0.00930	0.01143	0.00900	0.01279	0.00881	0.00740	0.05723	0.06285	0.59978	0.01808	0.01605	0.01170	0.00616	0.00488	0.00160	0.00435	0.00484	0.00578	0.00825
2	0.06469	0.19431	0.54755	0.01254	0.01890	0.01339	0.01536	0.01572	0.01076	0.01597	0.04047	0.01125	0.00818	0.00499	0.00448	0.00151	0.00669	0.00373	0.00238	0.00713
3	0.00625	0.00447	0.00595	0.00714	0.00744	0.00417	0.00476	0.00714	0.00982	0.01310	0.02828	0.81633	0.03394	0.01608	0.00655	0.00208	0.00298	0.01459	0.00476	0.00417
4	0.01756	0.01326	0.01459	0.01125	0.01510	0.01445	0.00926	0.61043	0.02106	0.02866	0.01166	0.01228	0.00860	0.00699	0.02965	0.00168	0.04825	0.00444	0.00464	0.11619
5	0.01049	0.00970	0.01602	0.56409	0.19549	0.01129	0.01384	0.03699	0.01127	0.01497	0.05869	0.01499	0.00982	0.00538	0.00518	0.00166	0.00636	0.00486	0.00264	0.00626
6	0.00996	0.00939	0.01587	0.73890	0.10171	0.01147	0.01438	0.01334	0.01039	0.01343	0.00917	0.01359	0.00695	0.00508	0.00513	0.00169	0.00677	0.00456	0.00230	0.00591
7	0.00784	0.00548	0.00710	0.00668	0.00798	0.00512	0.00501	0.01052	0.03594	0.04312	0.70668	0.07210	0.04578	0.01052	0.00602	0.00164	0.00255	0.00930	0.00562	0.00502
8	0.01190	0.06088	0.07380	0.01615	0.03723	0.09317	0.31687	0.01485	0.01076	0.01430	0.00968	0.01331	0.00810	0.01067	0.13127	0.00275	0.16052	0.00501	0.00250	0.00626
9	0.06709	0.02105	0.01394	0.01239	0.01527	0.58091	0.00946	0.10907	0.09342	0.01640	0.00973	0.01057	0.00772	0.00553	0.00466	0.00141	0.00799	0.00368	0.00323	0.00647
10	0.00625	0.00447	0.00595	0.00714	0.00744	0.00417	0.00476	0.00714	0.00982	0.01310	0.02828	0.81633	0.03394	0.01608	0.00655	0.00208	0.00298	0.01459	0.00476	0.00417
11	0.00690	0.00542	0.00810	0.03308	0.00972	0.00529	0.05438	0.00815	0.01009	0.01355	0.05205	0.69140	0.03118	0.01460	0.00673	0.00204	0.02506	0.01327	0.00451	0.00445
12	0.03363	0.01243	0.01324	0.01082	0.01434	0.01388	0.00873	0.41061	0.31987	0.04905	0.01739	0.01655	0.04241	0.00672	0.00517	0.00163	0.00483	0.00531	0.00515	0.00825
13	0.00866	0.00665	0.00783	0.05342	0.01035	0.00661	0.00585	0.01285	0.15410	0.05191	0.23608	0.08229	0.30491	0.01066	0.00586	0.00173	0.00322	0.02656	0.00501	0.00544
14	0.01851	0.01330	0.01429	0.01113	0.01495	0.01465	0.00914	0.65064	0.06389	0.05408	0.01336	0.01336	0.00956	0.00620	0.00502	0.00153	0.00528	0.00471	0.06802	0.00840
15	0.00977	0.00923	0.01541	0.76536	0.03418	0.01163	0.01409	0.01307	0.01013	0.01307	0.00899	0.01355	0.00683	0.00533	0.00575	0.00174	0.04932	0.00456	0.00228	0.00570
16	0.02892	0.00559	0.00710	0.00703	0.00842	0.00518	0.00539	0.01046	0.01286	0.08153	0.37850	0.17773	0.13323	0.01179	0.00613	0.00181	0.00304	0.10507	0.00526	0.00498
17	0.01039	0.01084	0.02181	0.09212	0.06320	0.01057	0.44584	0.01361	0.01124	0.01520	0.01477	0.22078	0.01444	0.00754	0.00625	0.00182	0.02233	0.00801	0.00312	0.00613
18	0.03437	0.01061	0.04719	0.00977	0.01357	0.06136	0.01917	0.02308	0.03739	0.60371	0.05833	0.01745	0.01368	0.00644	0.00533	0.00159	0.01797	0.00517	0.00567	0.00814

[dist]
# distance from previous block
# <min> <max>
7	10

[block]
# block no. 4 follows, 48 sequences, length 51
# corresponding to MSA columns:
# 586-636
name=unknown_E
#
# <colnr> <probs for GDERKNQSTAVLIFYWHMCP>
#	G	D	E	R	K	N	Q	S	T	A	V	L	I	F	Y	W	H	M	C	P
0	0.00837	0.00617	0.00854	0.00831	0.00937	0.00704	0.00652	0.04996	0.00979	0.01410	0.05339	0.02364	0.01567	0.06599	0.53394	0.00622	0.04633	0.06186	0.05997	0.00482
1	0.00637	0.00482	0.00607	0.00689	0.00748	0.00454	0.00474	0.00734	0.01013	0.01319	0.03252	0.61941	0.19250	0.02670	0.00702	0.00206	0.02592	0.01340	0.00467	0.00423
2	0.01002	0.00852	0.01029	0.00783	0.01172	0.00663	0.01978	0.01231	0.02188	0.01623	0.01227	0.13480	0.01178	0.00575	0.00429	0.00100	0.00377	0.00491	0.00333	0.69293
3	0.67334	0.01157	0.00920	0.00795	0.01123	0.06513	0.00648	0.12954	0.01145	0.02372	0.00798	0.00900	0.00611	0.00501	0.00357	0.00156	0.00458	0.00309	0.00344	0.00606
4	0.01839	0.01371	0.01480	0.01128	0.01544	0.01477	0.00929	0.67555	0.02243	0.03038	0.01192	0.01211	0.00858	0.00586	0.00497	0.00144	0.00541	0.00442	0.00487	0.11435
5	0.12138	0.01016	0.01114	0.00953	0.01275	0.01099	0.00758	0.04290	0.42751	0.23765	0.04053	0.01770	0.01433	0.00660	0.00497	0.00167	0.00413	0.00531	0.00529	0.00789
6	0.01261	0.01210	0.02067	0.05357	0.76626	0.01217	0.01570	0.01567	0.01164	0.01666	0.00964	0.01273	0.00809	0.00459	0.00508	0.00153	0.00612	0.00457	0.00253	0.00806
7	0.00630	0.00521	0.00552	0.00544	0.00707	0.00443	0.00408	0.00781	0.01224	0.01517	0.19437	0.04723	0.64238	0.01251	0.00606	0.00171	0.00256	0.01053	0.00494	0.00443
8	0.01217	0.33765	0.07935	0.02637	0.01505	0.01706	0.04772	0.01406	0.00936	0.01274	0.00730	0.01017	0.00671	0.00654	0.00978	0.00170	0.37400	0.00382	0.00224	0.00622
9	0.01119	0.10238	0.63494	0.01475	0.04800	0.05227	0.03521	0.01636	0.01104	0.01568	0.00899	0.01064	0.00660	0.00483	0.00475	0.00156	0.00744	0.00375	0.00222	0.00741
10	0.01185	0.01334	0.02869	0.10547	0.02773	0.01281	0.68849	0.01608	0.01191	0.01608	0.01025	0.01382	0.00768	0.00441	0.00596	0.00173	0.00846	0.00590	0.00256	0.00679
11	0.01949	0.01473	0.01537	0.01186	0.01591	0.04341	0.00976	0.74422	0.02379	0.03164	0.01217	0.01221	0.00865	0.00613	0.00512	0.00153	0.00577	0.00457	0.00505	0.00863
12	0.00659	0.00484	0.00671	0.00736	0.00795	0.00451	0.02312	0.00786	0.01079	0.01463	0.17485	0.64593	0.03612	0.01471	0.00644	0.00198	0.00301	0.01335	0.00488	0.00436
13	0.08149	0.00899	0.01081	0.00884	0.01218	0.00876	0.00710	0.03601	0.17695	0.46483	0.02137	0.02007	0.06897	0.04264	0.00601	0.00178	0.00419	0.00562	0.00559	0.00780
14	0.03156	0.52930	0.17447	0.01071	0.01553	0.09522	0.02888	0.03733	0.01130	0.01384	0.00784	0.00909	0.00664	0.00463	0.00385	0.00126	0.00632	0.00314	0.00235	0.00676
15	0.00739	0.00528	0.00726	0.00845	0.00924	0.00515	0.00674	0.00912	0.01095	0.01437	0.02765	0.38752	0.03145	0.01500	0.00685	0.00224	0.00397	0.43214	0.00474	0.00448
16	0.01078	0.01147	0.02247	0.01708	0.02023	0.01185	0.45999	0.01376	0.01077	0.01492	0.01309	0.16918	0.01264	0.00759	0.00844	0.00191	0.17741	0.00738	0.00294	0.00611
17	0.01137	0.02448	0.69558	0.01506	0.05995	0.01160	0.01794	0.01688	0.01117	0.07455	0.01006	0.01143	0.00705	0.00497	0.00491	0.00162	0.00727	0.00393	0.00250	0.00770
18	0.00988	0.00602	0.00783	0.00703	0.00873	0.00559	0.00539	0.01276	0.04795	0.13662	0.63643	0.03435	0.04161	0.00971	0.00588	0.00162	0.00279	0.00851	0.00574	0.00557
19	0.00625	0.00447	0.00595	0.00714	0.00744	0.00417	0.00476	0.00714	0.00982	0.01310	0.02828	0.81633	0.03394	0.01608	0.00655	0.00208	0.00298	0.01459	0.00476	0.00417
20	0.01193	0.01349	0.02916	0.08071	0.02746	0.01286	0.71227	0.01619	0.01197	0.01619	0.01029	0.01383	0.00771	0.00439	0.00599	0.00173	0.00851	0.00594	0.00257	0.00683
21	0.01179	0.01330	0.02882	0.03961	0.02614	0.01254	0.71657	0.01594	0.01196	0.01621	0.01116	0.05012	0.00895	0.00488	0.00606	0.00175	0.00835	0.00641	0.00269	0.00677
22	0.01191	0.01488	0.09863	0.02064	0.02582	0.01300	0.66805	0.01624	0.01181	0.01624	0.01012	0.01345	0.00762	0.00458	0.00642	0.00174	0.04361	0.00578	0.00254	0.00692
23	0.01225	0.01044	0.01121	0.01027	0.01298	0.01198	0.00807	0.02540	0.69354	0.02089	0.03639	0.02305	0.01757	0.00769	0.00541	0.00179	0.00409	0.07405	0.00518	0.00775
24	0.04773	0.07548	0.71071	0.01391	0.02110	0.01242	0.01773	0.01614	0.01072	0.01629	0.00899	0.01056	0.00646	0.00484	0.00470	0.00159	0.00729	0.00368	0.00221	0.00743
25	0.02302	0.00873	0.01191	0.00913	0.01310	0.00754	0.00754	0.02501	0.01469	0.79122	0.02024	0.01746	0.01270	0.00635	0.00516	0.00159	0.00437	0.00516	0.00635	0.00873
26	0.00632	0.00521	0.00555	0.00546	0.00709	0.00444	0.00410	0.00786	0.01230	0.01529	0.20746	0.04704	0.62921	0.01246	0.00606	0.00171	0.00256	0.01050	0.00495	0.00444
27	0.09780	0.00953	0.01194	0.00924	0.01316	0.00892	0.00763	0.11535	0.01530	0.62898	0.01809	0.01601	0.01157	0.00618	0.00498	0.00158	0.00449	0.00488	0.00591	0.00844
28	0.01039	0.00987	0.01647	0.59692	0.17985	0.01188	0.01431	0.01356	0.01036	0.01376	0.00904	0.01330	0.00708	0.00531	0.00600	0.00171	0.06712	0.00456	0.00233	0.00617
29	0.00632	0.00458	0.00598	0.00705	0.00750	0.00425	0.00480	0.00732	0.01014	0.01340	0.04865	0.71814	0.09069	0.01565	0.00652	0.00205	0.00298	0.03497	0.00478	0.00421
30	0.71341	0.00971	0.00803	0.00714	0.01020	0.01110	0.00580	0.01613	0.06682	0.06085	0.00891	0.00993	0.00682	0.00558	0.00417	0.03898	0.00402	0.00320	0.00345	0.00576
