[name]
unknown

[dist]
# distance from previous block
# <min> <max>
3	67

[block]
# block no. 0 follows, 43 sequences, length 6
# corresponding to MSA columns:
# 77-82
name=unknown_A
#
# <colnr> <probs for GDERKNQSTAVLIFYWHMCP>
#	G	D	E	R	K	N	Q	S	T	A	V	L	I	F	Y	W	H	M	C	P
0	0.01185	0.01023	0.01532	0.49269	0.02874	0.01242	0.01299	0.13490	0.01304	0.01731	0.01113	0.01558	0.00881	0.01203	0.13813	0.00304	0.04716	0.00510	0.00305	0.00648
1	0.00812	0.00557	0.00764	0.00786	0.00870	0.00610	0.00583	0.00987	0.00957	0.01419	0.01824	0.15506	0.01827	0.09250	0.46322	0.00624	0.01009	0.00764	0.14051	0.00478
2	0.43024	0.01342	0.13610	0.00947	0.01387	0.01138	0.00899	0.05952	0.01225	0.14943	0.04783	0.01307	0.01004	0.00577	0.00440	0.00166	0.00501	0.00408	0.00406	0.05943
3	0.01029	0.01168	0.13675	0.07304	0.01549	0.00876	0.00960	0.04926	0.01196	0.01724	0.04839	0.24721	0.01825	0.00908	0.00626	0.00165	0.04959	0.00770	0.00379	0.26399
4	0.01420	0.01640	0.02711	0.02030	0.02447	0.14500	0.49876	0.01773	0.01273	0.01628	0.01008	0.01362	0.00799	0.00570	0.00827	0.00189	0.14394	0.00574	0.00275	0.00705
5	0.01140	0.01475	0.14735	0.04585	0.02250	0.01230	0.35584	0.01517	0.01170	0.01640	0.01367	0.14740	0.01277	0.00758	0.00781	0.00195	0.10991	0.00731	0.00308	0.03526

[dist]
# distance from previous block
# <min> <max>
6	8

[block]
# block no. 1 follows, 43 sequences, length 15
# corresponding to MSA columns:
# 93-107
name=unknown_B
#
# <colnr> <probs for GDERKNQSTAVLIFYWHMCP>
#	G	D	E	R	K	N	Q	S	T	A	V	L	I	F	Y	W	H	M	C	P
0	0.06336	0.01268	0.01316	0.01056	0.01453	0.15398	0.00852	0.02556	0.01551	0.59569	0.01867	0.01671	0.01210	0.00656	0.00536	0.00166	0.00568	0.00507	0.00594	0.00870
1	0.00851	0.00619	0.00787	0.00790	0.00947	0.00532	0.00559	0.00988	0.01100	0.04125	0.02523	0.58395	0.02898	0.01379	0.00630	0.00189	0.00348	0.01238	0.00475	0.20626
2	0.01152	0.15169	0.47963	0.01286	0.01874	0.04331	0.01507	0.01578	0.01110	0.01537	0.01093	0.01578	0.00950	0.15554	0.00928	0.00233	0.00736	0.00463	0.00256	0.00703
3	0.61301	0.01189	0.04428	0.03337	0.15491	0.01249	0.00898	0.01664	0.01030	0.03900	0.00867	0.01036	0.00676	0.00515	0.00399	0.00171	0.00497	0.00352	0.00330	0.00669
4	0.01032	0.00973	0.00993	0.00967	0.01092	0.15265	0.00733	0.01203	0.01011	0.01281	0.01388	0.02078	0.01312	0.09991	0.57276	0.00720	0.01312	0.00567	0.00298	0.00509
5	0.46026	0.00980	0.00940	0.07585	0.01305	0.02415	0.00693	0.04210	0.01190	0.05140	0.15206	0.01677	0.01572	0.00647	0.00443	0.00166	0.00434	0.00477	0.04062	0.04829
6	0.11310	0.00857	0.01025	0.00894	0.01174	0.00845	0.00699	0.03745	0.11328	0.30320	0.14351	0.16860	0.02373	0.00944	0.00577	0.00184	0.00403	0.00798	0.00581	0.00732
7	0.00952	0.00823	0.06579	0.00838	0.01092	0.00636	0.04996	0.01199	0.01396	0.09151	0.30801	0.06216	0.30928	0.01123	0.00637	0.00181	0.00371	0.00973	0.00531	0.00576
8	0.01342	0.01310	0.01440	0.01293	0.03140	0.14474	0.02368	0.04710	0.01136	0.01593	0.01111	0.05349	0.01019	0.00845	0.01160	0.00197	0.40429	0.00528	0.15945	0.00611
9	0.04730	0.22190	0.37575	0.01249	0.01818	0.01377	0.04626	0.01592	0.01229	0.01759	0.15176	0.01658	0.01556	0.00624	0.00504	0.00161	0.00644	0.00498	0.00312	0.00723
10	0.16877	0.01051	0.01200	0.00902	0.01340	0.00945	0.02874	0.04654	0.01171	0.03470	0.00974	0.01137	0.00791	0.00476	0.00485	0.00115	0.04445	0.00352	0.00342	0.56399
11	0.01611	0.26035	0.04822	0.01150	0.01485	0.37520	0.00969	0.01806	0.01418	0.01518	0.15104	0.01562	0.01560	0.00645	0.00486	0.00143	0.00730	0.00462	0.00330	0.00647
12	0.00989	0.00868	0.01006	0.00943	0.00987	0.06621	0.00690	0.01076	0.00905	0.01222	0.01450	0.06969	0.01566	0.34696	0.17828	0.00490	0.20227	0.00694	0.00311	0.00464
13	0.16718	0.01001	0.01502	0.64458	0.03299	0.01233	0.01362	0.01455	0.01076	0.01616	0.00944	0.01368	0.00712	0.00546	0.00514	0.00182	0.00680	0.00456	0.00264	0.00612
14	0.20088	0.04293	0.01041	0.00816	0.01098	0.00896	0.00646	0.04619	0.01354	0.25940	0.19996	0.02383	0.02183	0.11353	0.00824	0.00218	0.00430	0.00628	0.00519	0.00672

[dist]
# distance from previous block
# <min> <max>
6	7

[block]
# block no. 2 follows, 43 sequences, length 9
# corresponding to MSA columns:
# 115-123
name=unknown_C
#
# <colnr> <probs for GDERKNQSTAVLIFYWHMCP>
#	G	D	E	R	K	N	Q	S	T	A	V	L	I	F	Y	W	H	M	C	P
0	0.21593	0.01006	0.01452	0.59872	0.03139	0.01233	0.01307	0.01468	0.01067	0.01679	0.00932	0.01334	0.00704	0.00544	0.00502	0.00181	0.00662	0.00445	0.00270	0.00611
1	0.03166	0.00727	0.00818	0.00792	0.00886	0.04791	0.00554	0.03088	0.00960	0.01321	0.01617	0.07503	0.01705	0.36306	0.29500	0.00585	0.00883	0.00712	0.00336	0.03748
2	0.00885	0.00703	0.00854	0.00792	0.00980	0.00653	0.00591	0.04662	0.01272	0.01754	0.16554	0.29148	0.15864	0.01207	0.00680	0.00178	0.04546	0.01038	0.00482	0.17156
3	0.01424	0.68256	0.10106	0.01001	0.01510	0.02012	0.01037	0.01651	0.01131	0.01378	0.00805	0.00932	0.00717	0.00475	0.00375	0.00122	0.00603	0.00309	0.00242	0.05912
4	0.04547	0.29265	0.43923	0.01456	0.07194	0.01595	0.01591	0.01713	0.01152	0.01633	0.00912	0.01077	0.00713	0.00506	0.00462	0.00155	0.00715	0.00372	0.00242	0.00777
5	0.27099	0.01095	0.01398	0.43361	0.02654	0.01306	0.01175	0.12352	0.01277	0.02053	0.00969	0.01276	0.00725	0.00558	0.00488	0.00178	0.00623	0.00433	0.00321	0.00659
6	0.00772	0.00539	0.00686	0.00715	0.00747	0.00557	0.00467	0.00845	0.00885	0.01205	0.01973	0.20543	0.02225	0.43212	0.21649	0.00557	0.00730	0.00925	0.00366	0.00402
7	0.01505	0.01130	0.01365	0.05225	0.01581	0.01118	0.03138	0.27517	0.03932	0.06714	0.04713	0.07229	0.01445	0.00726	0.00541	0.00153	0.00512	0.04964	0.00465	0.26026
8	0.09451	0.01123	0.01494	0.52694	0.02975	0.07032	0.01279	0.03835	0.01170	0.01617	0.00981	0.01370	0.00759	0.00662	0.03148	0.00193	0.00716	0.00450	0.00278	0.08771

[dist]
# distance from previous block
# <min> <max>
12	27

[block]
# block no. 3 follows, 43 sequences, length 6
# corresponding to MSA columns:
# 155-160
name=unknown_D
#
# <colnr> <probs for GDERKNQSTAVLIFYWHMCP>
#	G	D	E	R	K	N	Q	S	T	A	V	L	I	F	Y	W	H	M	C	P
0	0.16613	0.00804	0.00947	0.09486	0.01321	0.00827	0.00702	0.03282	0.04620	0.06320	0.25945	0.13188	0.05267	0.00932	0.00560	0.00175	0.00395	0.00789	0.00481	0.07347
1	0.55401	0.01269	0.01024	0.00887	0.01239	0.09786	0.00714	0.06146	0.06438	0.07158	0.01018	0.01093	0.00769	0.00552	0.00405	0.00165	0.00505	0.00359	0.00385	0.04687
2	0.04264	0.03892	0.01144	0.00999	0.01164	0.05467	0.00810	0.01346	0.01176	0.08715	0.06272	0.09252	0.11212	0.05502	0.01008	0.00224	0.17985	0.15470	0.00428	0.03673
3	0.00900	0.00481	0.00704	0.00732	0.00739	0.00474	0.00488	0.00732	0.00795	0.01060	0.01415	0.18701	0.01548	0.01883	0.01848	0.65749	0.00446	0.00718	0.00300	0.00286
4	0.01475	0.01112	0.01267	0.00963	0.01390	0.01036	0.00777	0.23368	0.04838	0.06558	0.09624	0.01614	0.01413	0.00596	0.00494	0.00127	0.00457	0.00479	0.00456	0.41956
5	0.01274	0.01391	0.02799	0.02024	0.02517	0.01335	0.56690	0.01674	0.01237	0.01733	0.01060	0.01415	0.00826	0.00510	0.00737	0.00177	0.08904	0.00589	0.00283	0.12824

[dist]
# distance from previous block
# <min> <max>
1	4

[block]
# block no. 4 follows, 43 sequences, length 9
# corresponding to MSA columns:
# 165-173
name=unknown_E
#
# <colnr> <probs for GDERKNQSTAVLIFYWHMCP>
#	G	D	E	R	K	N	Q	S	T	A	V	L	I	F	Y	W	H	M	C	P
0	0.05083	0.01006	0.01651	0.71515	0.07459	0.01235	0.01501	0.01440	0.01107	0.01487	0.00977	0.01443	0.00739	0.00549	0.00543	0.00183	0.00719	0.00483	0.00252	0.00628
1	0.01065	0.00998	0.01667	0.60873	0.09053	0.01188	0.04166	0.01466	0.04412	0.01498	0.01214	0.07762	0.01027	0.00649	0.00570	0.00186	0.00693	0.00590	0.00285	0.00638
2	0.07439	0.01810	0.01467	0.01283	0.03729	0.31540	0.00972	0.24117	0.05002	0.02152	0.01118	0.01318	0.00906	0.05163	0.00672	0.00175	0.02952	0.00439	0.00387	0.07361
3	0.00833	0.00646	0.00909	0.00887	0.00956	0.00754	0.00670	0.00988	0.00937	0.01340	0.07334	0.08652	0.01882	0.15382	0.45287	0.00650	0.10351	0.00723	0.00338	0.00481
4	0.01255	0.33216	0.48576	0.01333	0.02017	0.01638	0.01619	0.01717	0.01152	0.01578	0.00907	0.01060	0.00705	0.00506	0.00460	0.00153	0.00730	0.00365	0.00235	0.00777
5	0.01180	0.17424	0.63713	0.01461	0.02215	0.01455	0.01841	0.01736	0.01161	0.01670	0.00952	0.01117	0.00703	0.00516	0.00494	0.00165	0.00776	0.00388	0.00234	0.00798
6	0.01290	0.13333	0.52711	0.01431	0.02093	0.12925	0.01684	0.01778	0.01241	0.01653	0.04276	0.01236	0.00904	0.00552	0.00505	0.00163	0.00790	0.00412	0.00259	0.00764
7	0.00813	0.04465	0.00910	0.00815	0.00926	0.00718	0.00622	0.00973	0.00926	0.01275	0.01909	0.02657	0.09128	0.15450	0.55043	0.00727	0.01172	0.00670	0.00322	0.00478
8	0.01622	0.01236	0.07158	0.01030	0.01500	0.01030	0.00896	0.14750	0.04922	0.18844	0.01361	0.01389	0.00991	0.00559	0.00530	0.00134	0.03109	0.00434	0.00448	0.38058

[dist]
# distance from previous block
# <min> <max>
19	76

[block]
# block no. 5 follows, 43 sequences, length 9
# corresponding to MSA columns:
# 276-284
name=unknown_F
#
# <colnr> <probs for GDERKNQSTAVLIFYWHMCP>
#	G	D	E	R	K	N	Q	S	T	A	V	L	I	F	Y	W	H	M	C	P
0	0.16800	0.00899	0.00953	0.00884	0.01052	0.05795	0.00692	0.04686	0.01135	0.01812	0.10394	0.03588	0.03278	0.04583	0.25203	0.00412	0.08107	0.00588	0.08584	0.00553
1	0.09272	0.35580	0.06366	0.01034	0.01440	0.07914	0.00944	0.12839	0.01395	0.06845	0.01242	0.10525	0.01132	0.00682	0.00461	0.00152	0.00586	0.00509	0.00362	0.00720
2	0.01566	0.50372	0.12090	0.01165	0.01662	0.10206	0.03633	0.10529	0.01362	0.01643	0.00886	0.01009	0.00742	0.00514	0.00426	0.00136	0.00678	0.00353	0.00281	0.00746
3	0.00933	0.00757	0.00899	0.00880	0.00960	0.07028	0.00649	0.01035	0.00909	0.01215	0.01393	0.02256	0.01373	0.17549	0.46476	0.10664	0.03683	0.00596	0.00294	0.00451
4	0.05106	0.36736	0.28114	0.01240	0.01774	0.10463	0.01338	0.01732	0.01165	0.01518	0.00854	0.01018	0.00704	0.00536	0.00522	0.00151	0.05702	0.00354	0.00246	0.00728
5	0.00947	0.13431	0.01248	0.02435	0.01116	0.00971	0.00734	0.01127	0.00981	0.01362	0.04886	0.06495	0.01544	0.08297	0.41447	0.00567	0.05682	0.00611	0.00315	0.05804
6	0.01249	0.01149	0.01682	0.55306	0.10091	0.04349	0.01426	0.10296	0.01321	0.01719	0.01026	0.01411	0.00779	0.00554	0.00543	0.00173	0.00707	0.00478	0.00292	0.05448
7	0.01363	0.01151	0.01463	0.21699	0.02050	0.03928	0.01100	0.23062	0.01484	0.02006	0.01159	0.01520	0.00944	0.01435	0.18016	0.00337	0.11194	0.00502	0.00353	0.05235
8	0.05882	0.10612	0.01901	0.48449	0.06726	0.01410	0.06271	0.01486	0.01094	0.01497	0.00932	0.01342	0.00740	0.00576	0.00655	0.00181	0.08877	0.00468	0.00254	0.00647

[dist]
# distance from previous block
# <min> <max>
10	23

[block]
# block no. 6 follows, 43 sequences, length 9
# corresponding to MSA columns:
# 314-322
name=unknown_G
#
# <colnr> <probs for GDERKNQSTAVLIFYWHMCP>
#	G	D	E	R	K	N	Q	S	T	A	V	L	I	F	Y	W	H	M	C	P
0	0.01801	0.01665	0.07503	0.17741	0.02211	0.10911	0.01234	0.45124	0.02052	0.02659	0.01173	0.01308	0.00853	0.00619	0.00545	0.00168	0.00700	0.00473	0.00432	0.00827
1	0.00894	0.00696	0.00959	0.00880	0.01060	0.00733	0.00691	0.01102	0.00955	0.01432	0.01364	0.01917	0.01242	0.03081	0.55390	0.00660	0.04229	0.00530	0.04104	0.18083
2	0.01336	0.52853	0.13356	0.17532	0.02066	0.01859	0.01230	0.01621	0.01128	0.01391	0.00847	0.01053	0.00715	0.00498	0.00422	0.00141	0.00655	0.00354	0.00238	0.00706
3	0.02105	0.01551	0.01662	0.01274	0.01717	0.01717	0.01053	0.75235	0.02604	0.03490	0.01330	0.01330	0.00942	0.00665	0.00554	0.00166	0.00609	0.00499	0.00554	0.00942
4	0.18944	0.59127	0.07181	0.00941	0.01409	0.01934	0.00944	0.01658	0.01090	0.01581	0.00784	0.00909	0.00687	0.00486	0.00363	0.00133	0.00572	0.00304	0.00259	0.00694
5	0.00851	0.00728	0.01116	0.06168	0.01307	0.00811	0.06457	0.01063	0.01012	0.01380	0.02235	0.02669	0.17157	0.02812	0.45077	0.00592	0.07002	0.00704	0.00334	0.00525
6	0.01208	0.21378	0.43415	0.01266	0.01932	0.01390	0.01487	0.01655	0.01154	0.01655	0.00938	0.01097	0.00729	0.00489	0.00460	0.00142	0.00678	0.00365	0.00254	0.18307
7	0.01148	0.01079	0.01818	0.60861	0.16028	0.01269	0.04205	0.04144	0.01195	0.01569	0.01011	0.01454	0.00773	0.00544	0.00556	0.00181	0.00727	0.00498	0.00263	0.00676
8	0.40519	0.01190	0.03216	0.01030	0.05509	0.01197	0.00804	0.14473	0.01340	0.07192	0.01024	0.01123	0.00773	0.00528	0.00424	0.00151	0.00482	0.00370	0.00391	0.18264

[dist]
# distance from previous block
# <min> <max>
0	3

[block]
# block no. 7 follows, 43 sequences, length 8
# corresponding to MSA columns:
# 326-333
name=unknown_H
#
# <colnr> <probs for GDERKNQSTAVLIFYWHMCP>
#	G	D	E	R	K	N	Q	S	T	A	V	L	I	F	Y	W	H	M	C	P
0	0.01085	0.01528	0.22802	0.52730	0.08178	0.01251	0.01690	0.01528	0.01135	0.01535	0.00991	0.01384	0.00737	0.00542	0.00546	0.00181	0.00755	0.00469	0.00245	0.00689
1	0.01657	0.50295	0.10769	0.01093	0.01571	0.13115	0.01070	0.01886	0.01256	0.11297	0.00992	0.01066	0.00796	0.00521	0.00422	0.00135	0.00661	0.00352	0.00302	0.00743
2	0.37214	0.05358	0.01252	0.00936	0.01330	0.01354	0.00776	0.26657	0.01575	0.02665	0.04605	0.01232	0.00971	0.00579	0.00439	0.00155	0.00488	0.00404	0.00420	0.11589
3	0.28676	0.01798	0.01354	0.01154	0.01507	0.29860	0.00913	0.24494	0.01685	0.02377	0.00974	0.01069	0.00747	0.00581	0.00466	0.00159	0.00695	0.00382	0.00387	0.00721
4	0.01000	0.00731	0.01244	0.15044	0.01576	0.00761	0.11623	0.01016	0.00892	0.01183	0.01129	0.01964	0.01091	0.15458	0.01769	0.41685	0.00604	0.00566	0.00264	0.00399
5	0.01095	0.01034	0.01750	0.67752	0.14884	0.01243	0.01563	0.01458	0.01131	0.01475	0.00993	0.01461	0.00759	0.00545	0.00553	0.00182	0.00726	0.00492	0.00250	0.00655
6	0.01156	0.01024	0.01624	0.52867	0.05982	0.01218	0.03800	0.10184	0.01267	0.01671	0.01106	0.01558	0.00867	0.01092	0.12006	0.00286	0.00836	0.00513	0.00293	0.00651
7	0.01118	0.12987	0.11723	0.47936	0.02961	0.01388	0.01450	0.01463	0.01094	0.01436	0.01012	0.04377	0.00842	0.00619	0.00634	0.00180	0.07383	0.00494	0.00253	0.00649

[dist]
# distance from previous block
# <min> <max>
3	26

[block]
# block no. 8 follows, 43 sequences, length 6
# corresponding to MSA columns:
# 360-365
name=unknown_I
#
# <colnr> <probs for GDERKNQSTAVLIFYWHMCP>
#	G	D	E	R	K	N	Q	S	T	A	V	L	I	F	Y	W	H	M	C	P
0	0.30521	0.05012	0.08075	0.03624	0.01208	0.01055	0.00747	0.07782	0.01217	0.02249	0.03492	0.01491	0.01078	0.00592	0.00411	0.00154	0.00434	0.00431	0.29802	0.00624
1	0.01220	0.00921	0.01098	0.00999	0.01182	0.00999	0.00765	0.25175	0.01553	0.02109	0.04225	0.35573	0.02329	0.04197	0.03630	0.00238	0.07322	0.02974	0.00487	0.03005
2	0.01977	0.01577	0.01654	0.10495	0.01965	0.08200	0.01112	0.60277	0.02339	0.03063	0.01248	0.01319	0.00898	0.00644	0.00549	0.00166	0.00658	0.00486	0.00495	0.00878
3	0.01043	0.00959	0.01581	0.65434	0.03340	0.01205	0.01420	0.01354	0.01058	0.01380	0.00987	0.01500	0.00780	0.00829	0.04549	0.04230	0.07016	0.00496	0.00248	0.00591
4	0.01136	0.09592	0.62025	0.10694	0.02478	0.01360	0.01888	0.01705	0.01158	0.01674	0.00973	0.01181	0.00707	0.00525	0.00514	0.00171	0.00789	0.00409	0.00236	0.00785
5	0.08301	0.01034	0.01662	0.62897	0.12778	0.01242	0.01477	0.01469	0.01112	0.01557	0.00973	0.01413	0.00744	0.00543	0.00535	0.00181	0.00701	0.00476	0.00258	0.00647

[dist]
# distance from previous block
# <min> <max>
0	2

[block]
# block no. 9 follows, 43 sequences, length 10
# corresponding to MSA columns:
# 368-377
name=unknown_J
#
# <colnr> <probs for GDERKNQSTAVLIFYWHMCP>
#	G	D	E	R	K	N	Q	S	T	A	V	L	I	F	Y	W	H	M	C	P
0	0.02022	0.12191	0.01828	0.01230	0.01678	0.01781	0.01039	0.65366	0.02406	0.03197	0.01255	0.01270	0.00911	0.00639	0.00527	0.00160	0.00607	0.00471	0.00511	0.00911
1	0.01102	0.00924	0.01075	0.00791	0.01217	0.00711	0.00613	0.01316	0.01102	0.01707	0.01086	0.01481	0.00980	0.11158	0.00733	0.00143	0.00427	0.00392	0.00329	0.72710
2	0.01070	0.11640	0.01483	0.12795	0.01608	0.03964	0.00979	0.01274	0.00978	0.01337	0.01110	0.01614	0.01013	0.02182	0.34347	0.00488	0.18144	0.00498	0.00270	0.03208
3	0.07441	0.06001	0.01674	0.39088	0.14265	0.01296	0.01317	0.08511	0.03960	0.01813	0.02801	0.01801	0.01080	0.00639	0.00543	0.00180	0.00644	0.05930	0.00325	0.00691
4	0.03617	0.01153	0.01712	0.51255	0.06756	0.01364	0.03421	0.18339	0.01451	0.01946	0.01057	0.01415	0.00790	0.00584	0.00585	0.00181	0.02854	0.00493	0.00321	0.00706
5	0.01107	0.01053	0.01610	0.26979	0.02196	0.01383	0.03402	0.01313	0.00946	0.01353	0.00910	0.01425	0.00811	0.01183	0.09243	0.03579	0.40167	0.00503	0.00250	0.00587
6	0.01343	0.04254	0.41522	0.11851	0.02302	0.01375	0.01614	0.20209	0.01505	0.02106	0.01102	0.01306	0.00810	0.00787	0.05337	0.00217	0.00790	0.00451	0.00320	0.00799
7	0.01140	0.05996	0.01769	0.47045	0.08021	0.01395	0.01401	0.01428	0.01056	0.01428	0.00911	0.01356	0.00746	0.00644	0.00852	0.00190	0.20424	0.00473	0.00249	0.03475
8	0.02011	0.01676	0.08864	0.01303	0.01782	0.01677	0.01147	0.68272	0.02468	0.03326	0.01298	0.01314	0.00919	0.00652	0.00551	0.00167	0.00629	0.00490	0.00524	0.00930
9	0.01099	0.00976	0.01608	0.69798	0.03504	0.01194	0.01448	0.01435	0.01106	0.03915	0.01016	0.01478	0.00768	0.00604	0.00631	0.02522	0.02994	0.00489	0.00263	0.03153

[dist]
# distance from previous block
# <min> <max>
0	29

[block]
# block no. 10 follows, 43 sequences, length 7
# corresponding to MSA columns:
# 407-413
name=unknown_K
#
# <colnr> <probs for GDERKNQSTAVLIFYWHMCP>
#	G	D	E	R	K	N	Q	S	T	A	V	L	I	F	Y	W	H	M	C	P
0	0.02105	0.01551	0.01662	0.01274	0.01717	0.01717	0.01053	0.75235	0.02604	0.03490	0.01330	0.01330	0.00942	0.00665	0.00554	0.00166	0.00609	0.00499	0.00554	0.00942
1	0.01162	0.01010	0.01494	0.35508	0.02422	0.01235	0.03347	0.01618	0.12593	0.04710	0.01286	0.01795	0.01075	0.09603	0.03646	0.00258	0.15720	0.00557	0.00325	0.00637
2	0.70418	0.01046	0.00872	0.00778	0.01100	0.01210	0.00636	0.05856	0.01034	0.02411	0.00882	0.01065	0.00706	0.00924	0.08953	0.00250	0.00555	0.00344	0.00350	0.00608
3	0.10246	0.00999	0.01509	0.51151	0.02886	0.01264	0.01310	0.01389	0.01028	0.01509	0.00960	0.01428	0.00775	0.00919	0.07240	0.00252	0.13796	0.00478	0.00260	0.00602
4	0.08958	0.62497	0.08455	0.05927	0.01617	0.01974	0.01039	0.01648	0.01111	0.01453	0.00801	0.00949	0.00702	0.00487	0.00380	0.00132	0.00604	0.00318	0.00247	0.00703
5	0.05296	0.55242	0.19585	0.01106	0.01641	0.06151	0.01186	0.01709	0.01151	0.01463	0.00825	0.00958	0.00704	0.00493	0.00401	0.00135	0.00658	0.00325	0.00244	0.00726
6	0.01026	0.00913	0.01409	0.47460	0.02654	0.01140	0.01197	0.01276	0.01008	0.01363	0.01127	0.01880	0.01017	0.16316	0.01199	0.00261	0.13689	0.00553	0.03955	0.00554

[dist]
# distance from previous block
# <min> <max>
2	6

[block]
# block no. 11 follows, 43 sequences, length 7
# corresponding to MSA columns:
# 427-433
name=unknown_L
#
# <colnr> <probs for GDERKNQSTAVLIFYWHMCP>
#	G	D	E	R	K	N	Q	S	T	A	V	L	I	F	Y	W	H	M	C	P
0	0.02013	0.01462	0.01563	0.01209	0.01625	0.01614	0.00995	0.68839	0.02479	0.03367	0.01371	0.01393	0.00983	0.00663	0.00540	0.00163	0.00579	0.00500	0.07738	0.00905
1	0.01060	0.00966	0.01624	0.68231	0.08203	0.01177	0.01465	0.01378	0.01087	0.01404	0.00986	0.01486	0.00765	0.00658	0.00680	0.06776	0.00713	0.00491	0.00247	0.00602
2	0.02105	0.01551	0.01662	0.01274	0.01717	0.01717	0.01053	0.75235	0.02604	0.03490	0.01330	0.01330	0.00942	0.00665	0.00554	0.00166	0.00609	0.00499	0.00554	0.00942
3	0.01148	0.00984	0.01148	0.00820	0.01312	0.00738	0.00656	0.01395	0.01148	0.01805	0.00984	0.01148	0.00820	0.00410	0.00410	0.00082	0.00410	0.00328	0.00328	0.83922
4	0.01046	0.00984	0.01661	0.79205	0.03814	0.01230	0.01538	0.01415	0.01107	0.01415	0.00984	0.01477	0.00738	0.00554	0.00554	0.00185	0.00738	0.00492	0.00246	0.00615
5	0.40672	0.01228	0.01188	0.00966	0.01345	0.01363	0.00795	0.31210	0.01692	0.08850	0.04937	0.01314	0.01031	0.00619	0.00460	0.00169	0.00496	0.00435	0.00468	0.00760
6	0.01103	0.01043	0.01764	0.65886	0.16687	0.01245	0.01566	0.01465	0.01134	0.01484	0.00994	0.01458	0.00763	0.00543	0.00553	0.00181	0.00724	0.00492	0.00251	0.00661

[dist]
# distance from previous block
# <min> <max>
0	3

[block]
# block no. 12 follows, 43 sequences, length 10
# corresponding to MSA columns:
# 437-446
name=unknown_M
#
# <colnr> <probs for GDERKNQSTAVLIFYWHMCP>
#	G	D	E	R	K	N	Q	S	T	A	V	L	I	F	Y	W	H	M	C	P
0	0.01249	0.00943	0.01540	0.62290	0.03247	0.01117	0.01358	0.01553	0.01150	0.12445	0.01157	0.01551	0.00846	0.00670	0.00668	0.06089	0.00681	0.00501	0.00310	0.00636
1	0.07697	0.01533	0.01442	0.01171	0.01534	0.13362	0.00941	0.45923	0.04228	0.02871	0.12219	0.01677	0.01526	0.00710	0.00545	0.00165	0.00602	0.00539	0.00506	0.00808
2	0.13243	0.01120	0.01830	0.04714	0.01801	0.01296	0.22073	0.01426	0.01013	0.01619	0.01030	0.01479	0.00892	0.01473	0.18761	0.00362	0.24437	0.00531	0.00280	0.00620
3	0.13187	0.01010	0.01540	0.63345	0.03280	0.01259	0.01383	0.01441	0.01069	0.01566	0.00939	0.01378	0.00717	0.00572	0.00595	0.00186	0.05197	0.00464	0.00260	0.00612
4	0.01223	0.26603	0.54915	0.01387	0.02100	0.01562	0.01712	0.01725	0.01156	0.01617	0.00926	0.01084	0.00704	0.00510	0.00474	0.00158	0.00750	0.00375	0.00235	0.00786
5	0.31628	0.36196	0.01896	0.00938	0.01354	0.04254	0.00843	0.13950	0.01321	0.02098	0.00867	0.00970	0.00709	0.00523	0.00389	0.00146	0.00549	0.00333	0.00330	0.00707
6	0.13651	0.01164	0.01212	0.01006	0.01307	0.01279	0.00787	0.38913	0.06077	0.02620	0.01634	0.08579	0.03331	0.14885	0.00940	0.00239	0.00527	0.00641	0.00481	0.00727
7	0.00827	0.00646	0.00959	0.00938	0.01029	0.00778	0.00737	0.01018	0.00886	0.01290	0.01419	0.02093	0.01328	0.03881	0.71781	0.00835	0.08174	0.00584	0.00292	0.00504
8	0.01403	0.63338	0.12519	0.01032	0.01530	0.01969	0.01073	0.01724	0.05460	0.01452	0.03475	0.01104	0.00920	0.00519	0.00400	0.00132	0.00602	0.00354	0.00268	0.00728
9	0.08247	0.54228	0.19121	0.01080	0.01618	0.01897	0.01164	0.04394	0.01175	0.01580	0.00840	0.00967	0.00708	0.00496	0.00399	0.00137	0.00629	0.00329	0.00257	0.00734

[dist]
# distance from previous block
# <min> <max>
4	13

[block]
# block no. 13 follows, 43 sequences, length 10
# corresponding to MSA columns:
# 460-469
name=unknown_N
#
# <colnr> <probs for GDERKNQSTAVLIFYWHMCP>
#	G	D	E	R	K	N	Q	S	T	A	V	L	I	F	Y	W	H	M	C	P
0	0.01205	0.01192	0.01805	0.54005	0.22465	0.06944	0.01545	0.01547	0.01181	0.01512	0.00990	0.01414	0.00772	0.00540	0.00548	0.00176	0.00737	0.00483	0.00256	0.00684
1	0.01068	0.01000	0.01730	0.64657	0.03440	0.01211	0.07466	0.01394	0.01088	0.01410	0.00984	0.01482	0.00761	0.00656	0.00719	0.05904	0.03677	0.00504	0.00248	0.00600
2	0.04843	0.00924	0.01495	0.59991	0.06448	0.01115	0.01340	0.01333	0.01074	0.01448	0.01146	0.07960	0.00996	0.00748	0.00675	0.06367	0.00667	0.00572	0.00273	0.00585
3	0.01377	0.58950	0.23911	0.01125	0.01696	0.01937	0.01256	0.01685	0.01138	0.01430	0.00833	0.00967	0.00708	0.00489	0.00403	0.00134	0.00656	0.00328	0.00236	0.00741
4	0.01005	0.00913	0.01526	0.31521	0.08533	0.01077	0.06314	0.01293	0.01031	0.01416	0.01172	0.01719	0.01005	0.01963	0.30680	0.00460	0.06960	0.00542	0.00270	0.00599
5	0.01338	0.50764	0.31757	0.01191	0.01798	0.01842	0.01372	0.01695	0.01142	0.01477	0.00856	0.00997	0.00707	0.00494	0.00421	0.00140	0.00680	0.00340	0.00236	0.00752
6	0.01287	0.24909	0.20965	0.06435	0.01742	0.01511	0.01233	0.07543	0.01152	0.01553	0.00912	0.01211	0.00773	0.00815	0.00931	0.13831	0.11862	0.00411	0.00264	0.00659
7	0.01381	0.25583	0.07422	0.14062	0.29243	0.01583	0.01388	0.07700	0.01290	0.01715	0.00983	0.01245	0.00812	0.00614	0.02639	0.00175	0.00680	0.00431	0.00279	0.00777
8	0.01122	0.10883	0.21148	0.36918	0.02747	0.01390	0.01518	0.01500	0.01083	0.01472	0.00953	0.01329	0.00755	0.00758	0.04341	0.00215	0.10502	0.00452	0.00244	0.00671
9	0.01237	0.06284	0.02056	0.14601	0.17906	0.06177	0.16202	0.01530	0.01140	0.01527	0.01053	0.01475	0.00893	0.01182	0.13877	0.00301	0.11085	0.00520	0.00269	0.00683

[dist]
# distance from previous block
# <min> <max>
1	3

[block]
# block no. 14 follows, 43 sequences, length 86
# corresponding to MSA columns:
# 473-558
name=unknown_O
#
# <colnr> <probs for GDERKNQSTAVLIFYWHMCP>
#	G	D	E	R	K	N	Q	S	T	A	V	L	I	F	Y	W	H	M	C	P
0	0.11809	0.10946	0.01674	0.01237	0.01462	0.11526	0.03958	0.04292	0.01131	0.06911	0.00958	0.01241	0.00817	0.00980	0.06915	0.00241	0.30540	0.00439	0.00310	0.02614
1	0.01234	0.16994	0.01444	0.00974	0.01207	0.04819	0.00792	0.12668	0.05374	0.01662	0.01348	0.01891	0.01234	0.12165	0.31679	0.00492	0.02530	0.00535	0.00342	0.00617
2	0.03539	0.01318	0.01455	0.01160	0.01539	0.01429	0.00941	0.53335	0.04599	0.10983	0.01648	0.10823	0.01338	0.00868	0.02211	0.00190	0.00570	0.00635	0.00554	0.00865
3	0.01161	0.00708	0.00901	0.00800	0.01003	0.00675	0.00617	0.04232	0.06812	0.15076	0.53695	0.05904	0.04111	0.01031	0.00628	0.00176	0.00324	0.00899	0.00614	0.00632
4	0.06704	0.00994	0.01240	0.00981	0.01385	0.00930	0.00799	0.04027	0.12916	0.53369	0.03674	0.01845	0.01416	0.00676	0.00538	0.00168	0.00458	0.00546	0.00619	0.06716
5	0.01148	0.00984	0.01148	0.00820	0.01312	0.00738	0.00656	0.01395	0.01148	0.01805	0.00984	0.01148	0.00820	0.00410	0.00410	0.00082	0.00410	0.00328	0.00328	0.83922
6	0.02105	0.01551	0.01662	0.01274	0.01717	0.01717	0.01053	0.75235	0.02604	0.03490	0.01330	0.01330	0.00942	0.00665	0.00554	0.00166	0.00609	0.00499	0.00554	0.00942
7	0.03961	0.00947	0.01269	0.00971	0.01402	0.00818	0.00801	0.02607	0.01549	0.71867	0.02092	0.01826	0.01326	0.00667	0.00545	0.00166	0.00467	0.00539	0.00659	0.05520
8	0.01378	0.01190	0.01252	0.01127	0.01440	0.01378	0.00877	0.02943	0.76081	0.02317	0.02254	0.02066	0.01691	0.00751	0.00564	0.00188	0.00438	0.00626	0.00564	0.00877
9	0.00759	0.00558	0.00711	0.00688	0.00816	0.00509	0.00510	0.00991	0.01485	0.02063	0.61776	0.11385	0.13247	0.01219	0.00658	0.00180	0.00269	0.01074	0.00590	0.00509
10	0.00784	0.00566	0.00740	0.00697	0.00827	0.00523	0.00523	0.01045	0.01568	0.02221	0.76789	0.04137	0.05226	0.01132	0.00653	0.00174	0.00261	0.01002	0.00610	0.00523
11	0.00769	0.00562	0.00723	0.00691	0.00821	0.00515	0.00515	0.01014	0.01521	0.02130	0.68168	0.07970	0.10165	0.01181	0.00656	0.00178	0.00266	0.01042	0.00598	0.00515
12	0.01371	0.01316	0.02248	0.03399	0.77081	0.01316	0.01700	0.01700	0.01261	0.01809	0.01042	0.01371	0.00877	0.00493	0.00548	0.00164	0.00658	0.00493	0.00274	0.00877
13	0.84448	0.01071	0.00814	0.00728	0.01071	0.01242	0.00600	0.01628	0.00943	0.02485	0.00771	0.00900	0.00600	0.00514	0.00343	0.00171	0.00428	0.00300	0.00343	0.00600
14	0.00675	0.00482	0.00643	0.00771	0.00803	0.00450	0.00514	0.00771	0.01060	0.01414	0.03053	0.80175	0.03663	0.01735	0.00707	0.00225	0.00321	0.01574	0.00514	0.00450
15	0.02075	0.01533	0.01646	0.01260	0.01705	0.01687	0.01040	0.72903	0.02558	0.03437	0.01319	0.01324	0.00938	0.00657	0.00549	0.00164	0.00603	0.00493	0.00547	0.03562
16	0.01198	0.01272	0.02590	0.01925	0.02379	0.01196	0.53781	0.01636	0.04073	0.01748	0.01519	0.10104	0.01375	0.00701	0.00652	0.00191	0.00785	0.07242	0.00338	0.05294
17	0.01420	0.01409	0.02200	0.03261	0.71803	0.06708	0.01656	0.01736	0.01283	0.01778	0.01029	0.01345	0.00866	0.00499	0.00545	0.00163	0.00682	0.00484	0.00275	0.00861
18	0.01419	0.01192	0.01256	0.01106	0.01427	0.01357	0.00867	0.11977	0.61506	0.02408	0.02372	0.02201	0.06860	0.00786	0.00569	0.00185	0.00449	0.00648	0.00559	0.00856
19	0.01493	0.01404	0.01267	0.01140	0.01439	0.14697	0.00881	0.04614	0.55939	0.02163	0.01955	0.01861	0.01482	0.00710	0.00540	0.00175	0.00528	0.00568	0.06331	0.00812
20	0.01152	0.11638	0.69258	0.01508	0.02287	0.01388	0.01923	0.01743	0.01164	0.01703	0.00969	0.01138	0.00703	0.00520	0.00507	0.00169	0.00793	0.00397	0.00234	0.00806
21	0.01233	0.28727	0.52879	0.01369	0.02074	0.01586	0.01682	0.01722	0.01155	0.01604	0.00920	0.01076	0.00705	0.00509	0.00470	0.00157	0.00743	0.00372	0.00235	0.00783
22	0.01493	0.79216	0.02874	0.00958	0.01428	0.03800	0.00950	0.01670	0.01135	0.01304	0.00772	0.00891	0.00711	0.00476	0.00358	0.00119	0.00601	0.00297	0.00238	0.00709
23	0.00675	0.00482	0.00643	0.00771	0.00803	0.00450	0.00514	0.00771	0.01060	0.01414	0.03053	0.80175	0.03663	0.01735	0.00707	0.00225	0.00321	0.01574	0.00514	0.00450
24	0.00940	0.00746	0.00958	0.00924	0.01050	0.04128	0.00714	0.06232	0.01035	0.01431	0.01460	0.02145	0.01359	0.07973	0.65340	0.00787	0.01349	0.00588	0.00316	0.00523
25	0.01311	0.01484	0.03212	0.02393	0.06992	0.01396	0.71017	0.01770	0.01305	0.01776	0.01116	0.01487	0.00842	0.00468	0.00648	0.00186	0.00918	0.00645	0.00280	0.00754
26	0.00797	0.00587	0.00630	0.00619	0.00810	0.00500	0.00470	0.00943	0.01267	0.06810	0.05069	0.07893	0.63909	0.03251	0.00706	0.00199	0.00311	0.04208	0.00522	0.00499
27	0.00675	0.00482	0.00643	0.00771	0.00803	0.00450	0.00514	0.00771	0.01060	0.01414	0.03053	0.80175	0.03663	0.01735	0.00707	0.00225	0.00321	0.01574	0.00514	0.00450
28	0.02404	0.00960	0.01283	0.00996	0.01416	0.00855	0.00819	0.02717	0.06995	0.72008	0.02190	0.01898	0.01394	0.00690	0.00557	0.00173	0.00469	0.00562	0.00677	0.00938
29	0.01173	0.12525	0.62272	0.01561	0.02315	0.01409	0.07826	0.01744	0.01175	0.01699	0.00976	0.01160	0.00714	0.00515	0.00515	0.00169	0.00799	0.00415	0.00238	0.00799
30	0.00954	0.00487	0.00730	0.00730	0.00735	0.00491	0.00491	0.00735	0.00730	0.00978	0.00988	0.01708	0.00983	0.02034	0.05921	0.79793	0.00530	0.00487	0.00243	0.00253
31	0.84448	0.01071	0.00814	0.00728	0.01071	0.01242	0.00600	0.01628	0.00943	0.02485	0.00771	0.00900	0.00600	0.00514	0.00343	0.00171	0.00428	0.00300	0.00343	0.00600
32	0.01148	0.00984	0.01148	0.00820	0.01312	0.00738	0.00656	0.01395	0.01148	0.01805	0.00984	0.01148	0.00820	0.00410	0.00410	0.00082	0.00410	0.00328	0.00328	0.83922
33	0.00675	0.00482	0.00643	0.00771	0.00803	0.00450	0.00514	0.00771	0.01060	0.01414	0.03053	0.80175	0.03663	0.01735	0.00707	0.00225	0.00321	0.01574	0.00514	0.00450
34	0.01076	0.01026	0.01668	0.65032	0.03384	0.01315	0.01479	0.01400	0.01060	0.01400	0.00937	0.01428	0.00736	0.00629	0.00784	0.00195	0.15100	0.00491	0.00245	0.00614
35	0.01401	0.04265	0.01735	0.01399	0.01506	0.01719	0.01170	0.16145	0.01210	0.01764	0.00849	0.01223	0.00769	0.00890	0.01510	0.00222	0.60761	0.00480	0.00305	0.00677
36	0.00824	0.00576	0.00750	0.00701	0.00841	0.00529	0.00528	0.01082	0.01561	0.04134	0.73183	0.04108	0.06829	0.01127	0.00651	0.00174	0.00267	0.00994	0.00609	0.00532
37	0.01046	0.00984	0.01661	0.79205	0.03814	0.01230	0.01538	0.01415	0.01107	0.01415	0.00984	0.01477	0.00738	0.00554	0.00554	0.00185	0.00738	0.00492	0.00246	0.00615
38	0.00780	0.00563	0.00737	0.00699	0.00827	0.00520	0.00522	0.01036	0.01551	0.02194	0.74339	0.06663	0.05174	0.01152	0.00655	0.00176	0.00263	0.01021	0.00606	0.00520
39	0.00655	0.00561	0.00561	0.00561	0.00748	0.00468	0.00421	0.00795	0.01262	0.01496	0.05610	0.05330	0.76857	0.01403	0.00655	0.00187	0.00281	0.01169	0.00514	0.00468
40	0.01312	0.01255	0.02141	0.17218	0.63726	0.01300	0.01670	0.01648	0.01233	0.01737	0.01031	0.01390	0.00852	0.00504	0.00549	0.00168	0.00673	0.00493	0.00269	0.00829
41	0.01129	0.06712	0.73980	0.01547	0.02349	0.01331	0.01992	0.01749	0.01167	0.01732	0.00983	0.01155	0.00702	0.00524	0.00518	0.00173	0.00807	0.00404	0.00234	0.00813
42	0.01079	0.01049	0.01865	0.69439	0.03698	0.01252	0.10880	0.01461	0.01133	0.01461	0.01002	0.01479	0.00751	0.00543	0.00566	0.00185	0.00763	0.00513	0.00250	0.00632
43	0.01985	0.02275	0.01561	0.01362	0.01678	0.55990	0.01046	0.15541	0.03688	0.01793	0.00982	0.01102	0.00787	0.00597	0.00548	0.00148	0.03373	0.00392	0.00343	0.04809
44	0.02025	0.01511	0.01617	0.01258	0.01687	0.01680	0.01033	0.67217	0.10753	0.03360	0.01432	0.01411	0.01025	0.00674	0.00555	0.00169	0.00590	0.00513	0.00555	0.00935
45	0.84448	0.01071	0.00814	0.00728	0.01071	0.01242	0.00600	0.01628	0.00943	0.02485	0.00771	0.00900	0.00600	0.00514	0.00343	0.00171	0.00428	0.00300	0.00343	0.00600
46	0.00800	0.00639	0.00790	0.00862	0.05081	0.00595	0.00617	0.01062	0.04606	0.01777	0.25069	0.08720	0.33866	0.01283	0.00664	0.00194	0.00340	0.11977	0.00530	0.00529
47	0.02105	0.01551	0.01662	0.01274	0.01717	0.01717	0.01053	0.75235	0.02604	0.03490	0.01330	0.01330	0.00942	0.00665	0.00554	0.00166	0.00609	0.00499	0.00554	0.00942
48	0.01046	0.00984	0.01661	0.79205	0.03814	0.01230	0.01538	0.01415	0.01107	0.01415	0.00984	0.01477	0.00738	0.00554	0.00554	0.00185	0.00738	0.00492	0.00246	0.00615
49	0.84448	0.01071	0.00814	0.00728	0.01071	0.01242	0.00600	0.01628	0.00943	0.02485	0.00771	0.00900	0.00600	0.00514	0.00343	0.00171	0.00428	0.00300	0.00343	0.00600
50	0.00805	0.00537	0.00604	0.00604	0.00604	0.00537	0.00336	0.00805	0.00805	0.01074	0.01745	0.03624	0.02013	0.80536	0.02819	0.00537	0.00537	0.00805	0.00336	0.00336
51	0.02476	0.00956	0.01294	0.00992	0.01421	0.00834	0.00819	0.04333	0.01608	0.75799	0.02166	0.01873	0.01361	0.00685	0.00557	0.00171	0.00474	0.00556	0.00683	0.00943
52	0.00805	0.00537	0.00604	0.00604	0.00604	0.00537	0.00336	0.00805	0.00805	0.01074	0.01745	0.03624	0.02013	0.80536	0.02819	0.00537	0.00537	0.00805	0.00336	0.00336
53	0.00668	0.00562	0.00580	0.00575	0.00756	0.00473	0.00431	0.00821	0.01294	0.01571	0.12960	0.05207	0.69460	0.01375	0.00654	0.00186	0.00279	0.01152	0.00524	0.00473
54	0.01481	0.80869	0.02902	0.00948	0.01421	0.02191	0.00948	0.01658	0.01125	0.01303	0.00770	0.00888	0.00711	0.00474	0.00355	0.00118	0.00592	0.00296	0.00237	0.00711
55	0.00805	0.00537	0.00604	0.00604	0.00604	0.00537	0.00336	0.00805	0.00805	0.01074	0.01745	0.03624	0.02013	0.80536	0.02819	0.00537	0.00537	0.00805	0.00336	0.00336
56	0.01180	0.01008	0.01179	0.00851	0.01329	0.00795	0.00684	0.03717	0.01186	0.01845	0.00988	0.01156	0.00822	0.00433	0.00452	0.00089	0.02522	0.00338	0.00333	0.79093
57	0.01720	0.08829	0.01594	0.01177	0.01565	0.01609	0.00964	0.35844	0.35487	0.02758	0.01693	0.01619	0.01257	0.00686	0.00540	0.00171	0.00531	0.00537	0.00529	0.00891
58	0.00791	0.00575	0.00747	0.00718	0.00845	0.00538	0.00536	0.01068	0.03180	0.02152	0.68240	0.09933	0.04993	0.01177	0.00657	0.00180	0.00274	0.02274	0.00600	0.00525
59	0.33547	0.23752	0.27162	0.01074	0.01613	0.01520	0.01181	0.01679	0.01069	0.01913	0.00846	0.00987	0.00665	0.00507	0.00408	0.00158	0.00605	0.00336	0.00277	0.00704
60	0.02429	0.02456	0.01352	0.01014	0.01444	0.00929	0.00840	0.09932	0.01679	0.68684	0.02074	0.01811	0.01316	0.00680	0.00553	0.00170	0.00487	0.00546	0.00664	0.00938
61	0.02485	0.00943	0.01285	0.00985	0.01414	0.00814	0.00814	0.02699	0.01585	0.77465	0.02185	0.01885	0.01371	0.00685	0.00557	0.00171	0.00471	0.00557	0.00685	0.00943
62	0.01186	0.01144	0.03438	0.41158	0.02977	0.01233	0.20689	0.06755	0.01272	0.01730	0.01209	0.01590	0.02244	0.00570	0.00586	0.00179	0.02094	0.00548	0.08735	0.00664
63	0.04423	0.01163	0.01466	0.13014	0.14159	0.05396	0.01075	0.06899	0.16179	0.21194	0.04752	0.03557	0.02885	0.00690	0.00555	0.00175	0.00556	0.00580	0.00476	0.00805
64	0.00892	0.00637	0.00892	0.01020	0.01147	0.00637	0.00892	0.01147	0.01275	0.01657	0.02932	0.06247	0.03187	0.01530	0.00765	0.00255	0.00510	0.73354	0.00510	0.00510
65	0.00916	0.00671	0.00959	0.01137	0.04892	0.00671	0.00932	0.01175	0.01274	0.01665	0.02839	0.06007	0.03073	0.01479	0.00754	0.00251	0.00517	0.69761	0.00498	0.00528
66	0.01475	0.54214	0.20389	0.01125	0.01667	0.06115	0.01207	0.01763	0.01183	0.05156	0.00897	0.01010	0.00741	0.00502	0.00414	0.00136	0.00662	0.00339	0.00261	0.00744
67	0.26063	0.01110	0.01546	0.21096	0.26067	0.01205	0.01213	0.01744	0.01173	0.12211	0.01103	0.01327	0.00828	0.00541	0.00490	0.00172	0.00584	0.00444	0.00344	0.00739
68	0.00817	0.00656	0.00740	0.00740	0.00898	0.00639	0.00543	0.01223	0.14715	0.01755	0.17920	0.22417	0.30750	0.02765	0.00690	0.00200	0.00320	0.01130	0.00538	0.00545
69	0.68406	0.01290	0.10610	0.00853	0.01262	0.01219	0.00798	0.01715	0.01014	0.07382	0.00894	0.01000	0.00664	0.00527	0.00380	0.00172	0.00481	0.00331	0.00352	0.00650
70	0.01319	0.46962	0.13380	0.01113	0.01519	0.03417	0.01114	0.01556	0.01088	0.01391	0.02103	0.03156	0.00906	0.00858	0.06077	0.00203	0.12490	0.00407	0.00255	0.00685
71	0.06151	0.32414	0.21421	0.01244	0.01740	0.25433	0.01246	0.01852	0.01264	0.01499	0.00854	0.00995	0.00703	0.00519	0.00443	0.00143	0.00766	0.00344	0.00257	0.00711
72	0.84448	0.01071	0.00814	0.00728	0.01071	0.01242	0.00600	0.01628	0.00943	0.02485	0.00771	0.00900	0.00600	0.00514	0.00343	0.00171	0.00428	0.00300	0.00343	0.00600
73	0.00686	0.00521	0.00639	0.00719	0.00791	0.00484	0.00493	0.00791	0.01099	0.01418	0.03645	0.54189	0.23671	0.05544	0.00820	0.00230	0.01904	0.01403	0.00500	0.00452
74	0.00816	0.00749	0.06952	0.00775	0.00961	0.00576	0.00647	0.01068	0.01419	0.03498	0.48022	0.14828	0.13484	0.01203	0.00651	0.00185	0.00327	0.02747	0.00553	0.00538
75	0.00726	0.00555	0.00667	0.00671	0.00807	0.00497	0.00499	0.00919	0.01374	0.01823	0.37785	0.15655	0.30644	0.01332	0.00666	0.00189	0.00286	0.03857	0.00558	0.00492
76	0.01540	0.72929	0.02767	0.00996	0.01451	0.09918	0.00960	0.01715	0.01170	0.01308	0.00779	0.00900	0.00711	0.00484	0.00370	0.00121	0.00634	0.00302	0.00242	0.00704
77	0.82778	0.01068	0.00824	0.00734	0.01078	0.01234	0.00604	0.01650	0.00956	0.04013	0.00800	0.00920	0.00616	0.00518	0.00347	0.00171	0.00429	0.00305	0.00350	0.00607
78	0.01020	0.00949	0.01590	0.73712	0.03604	0.01176	0.01466	0.01370	0.01104	0.01415	0.01129	0.06988	0.00943	0.00636	0.00564	0.00187	0.00709	0.00568	0.00265	0.00604
79	0.01400	0.01413	0.02229	0.08468	0.60220	0.07556	0.07198	0.01727	0.01279	0.01742	0.01029	0.01357	0.00851	0.00502	0.00553	0.00166	0.00712	0.00494	0.00274	0.00830
80	0.00704	0.00515	0.00665	0.00751	0.00824	0.00476	0.00530	0.00842	0.01177	0.01563	0.14492	0.54227	0.12954	0.01588	0.00696	0.00215	0.00320	0.06465	0.00528	0.00467
81	0.00834	0.00573	0.00649	0.00643	0.00677	0.00573	0.00391	0.03159	0.00914	0.01208	0.02062	0.05669	0.07329	0.66686	0.04223	0.00494	0.00537	0.02641	0.00363	0.00375
82	0.00870	0.00587	0.00656	0.00637	0.00659	0.00595	0.00371	0.04476	0.00894	0.01193	0.01725	0.03511	0.01961	0.76597	0.02707	0.00519	0.00541	0.00790	0.00346	0.00365
83	0.01126	0.02484	0.60400	0.04519	0.02370	0.01312	0.07400	0.01689	0.01151	0.01702	0.01030	0.01343	0.00781	0.00589	0.00659	0.00185	0.07865	0.02368	0.00246	0.00778
84	0.00791	0.00593	0.00890	0.00890	0.00989	0.00692	0.00692	0.00989	0.00890	0.01286	0.01483	0.02176	0.01385	0.04154	0.78341	0.00890	0.01483	0.00593	0.00297	0.00494
85	0.02105	0.01551	0.01662	0.01274	0.01717	0.01717	0.01053	0.75235	0.02604	0.03490	0.01330	0.01330	0.00942	0.00665	0.00554	0.00166	0.00609	0.00499	0.00554	0.00942

[dist]
# distance from previous block
# <min> <max>
21	27

[block]
# block no. 15 follows, 43 sequences, length 40
# corresponding to MSA columns:
# 586-625
name=unknown_P
#
# <colnr> <probs for GDERKNQSTAVLIFYWHMCP>
#	G	D	E	R	K	N	Q	S	T	A	V	L	I	F	Y	W	H	M	C	P
0	0.07054	0.00803	0.00892	0.00824	0.01067	0.00794	0.00665	0.10354	0.05807	0.08655	0.09278	0.04102	0.32320	0.01150	0.00626	0.00193	0.00397	0.13876	0.00532	0.00613
1	0.01473	0.01041	0.01136	0.01032	0.01314	0.04595	0.00818	0.04024	0.34608	0.16982	0.02566	0.08355	0.07785	0.00956	0.00604	0.00194	0.00464	0.10726	0.00560	0.00768
2	0.01263	0.00702	0.00916	0.00799	0.01030	0.00633	0.00628	0.01539	0.03318	0.21995	0.46535	0.03497	0.05958	0.01001	0.00620	0.00174	0.00339	0.04199	0.00609	0.04244
3	0.01232	0.00969	0.01146	0.00831	0.01307	0.00737	0.00664	0.01472	0.01177	0.07181	0.01120	0.03132	0.00929	0.00462	0.00428	0.00092	0.00412	0.00375	0.00358	0.75975
4	0.01790	0.01215	0.01309	0.01051	0.01402	0.01321	0.00853	0.44129	0.10056	0.08280	0.01607	0.01629	0.01170	0.00671	0.00514	0.00160	0.00495	0.00521	0.20996	0.00830
5	0.01481	0.80869	0.02902	0.00948	0.01421	0.02191	0.00948	0.01658	0.01125	0.01303	0.00770	0.00888	0.00711	0.00474	0.00355	0.00118	0.00592	0.00296	0.00237	0.00711
6	0.00962	0.00481	0.00722	0.00722	0.00722	0.00481	0.00481	0.00722	0.00722	0.00962	0.00962	0.01684	0.00962	0.01924	0.02165	0.83886	0.00481	0.00481	0.00241	0.00241
7	0.00816	0.00613	0.00786	0.00873	0.01019	0.00583	0.00741	0.01034	0.01271	0.01606	0.03791	0.05953	0.26817	0.01489	0.00730	0.00233	0.00436	0.50200	0.00511	0.00496
8	0.01032	0.00516	0.00516	0.00516	0.00645	0.00516	0.00387	0.01290	0.01161	0.02065	0.01807	0.02065	0.01420	0.00645	0.00387	0.00129	0.00258	0.00516	0.83611	0.00516
9	0.01305	0.01149	0.01174	0.01064	0.01361	0.03254	0.00825	0.02657	0.64837	0.02190	0.02636	0.02445	0.11025	0.00828	0.00573	0.00187	0.00433	0.00687	0.00550	0.00820
10	0.00806	0.00651	0.00693	0.00660	0.00860	0.00590	0.00509	0.07285	0.01415	0.01761	0.13463	0.04887	0.58445	0.01313	0.00651	0.00187	0.00317	0.04460	0.00529	0.00517
11	0.01032	0.00516	0.00516	0.00516	0.00645	0.00516	0.00387	0.01290	0.01161	0.02065	0.01807	0.02065	0.01420	0.00645	0.00387	0.00129	0.00258	0.00516	0.83611	0.00516
12	0.75771	0.01215	0.03902	0.00803	0.01165	0.04197	0.00687	0.03660	0.01021	0.02440	0.00798	0.00926	0.00617	0.00521	0.00362	0.00170	0.00471	0.00312	0.00342	0.00619
