[name]
unknown

[dist]
# distance from previous block
# <min> <max>
27	93

[block]
# block no. 0 follows, 41 sequences, length 86
# corresponding to MSA columns:
# 97-144,173-210
name=unknown_A
#
# <colnr> <probs for GDERKNQSTAVLIFYWHMCP>
#	G	D	E	R	K	N	Q	S	T	A	V	L	I	F	Y	W	H	M	C	P
0	0.06417	0.10954	0.01723	0.01189	0.01605	0.01654	0.00997	0.44132	0.07196	0.07228	0.01471	0.01485	0.03123	0.00690	0.00601	0.00169	0.04609	0.00504	0.00503	0.03750
1	0.01805	0.03927	0.03899	0.03152	0.01647	0.03708	0.00998	0.36314	0.14611	0.09577	0.01819	0.07103	0.03783	0.00778	0.00573	0.00176	0.00567	0.00622	0.00535	0.04407
2	0.06414	0.25608	0.09143	0.01078	0.01520	0.06798	0.00999	0.12122	0.01528	0.14218	0.09691	0.01625	0.01427	0.02016	0.00538	0.00162	0.00590	0.00488	0.00425	0.03612
3	0.09361	0.00906	0.01108	0.01000	0.01192	0.01025	0.00789	0.14509	0.01344	0.05822	0.05754	0.11366	0.03228	0.03535	0.28248	0.00462	0.08581	0.00713	0.00425	0.00633
4	0.10913	0.03818	0.01540	0.08014	0.01777	0.01296	0.04947	0.22246	0.07765	0.18539	0.02965	0.01572	0.01145	0.00637	0.00532	0.00167	0.00559	0.00511	0.02161	0.08895
5	0.02005	0.20287	0.01957	0.01327	0.01701	0.44521	0.01072	0.17171	0.01738	0.01846	0.00966	0.01076	0.00785	0.00587	0.00493	0.00147	0.00851	0.00385	0.00341	0.00744
6	0.01287	0.01407	0.02934	0.15786	0.07913	0.01381	0.54535	0.01731	0.01303	0.01758	0.01187	0.03864	0.00939	0.00539	0.00651	0.00192	0.00891	0.00663	0.00290	0.00747
7	0.02238	0.01414	0.01585	0.01219	0.01663	0.01506	0.01006	0.54490	0.02384	0.21675	0.01607	0.01538	0.01097	0.00691	0.00568	0.00172	0.00583	0.00530	0.03074	0.00960
8	0.01080	0.01017	0.01716	0.78523	0.03940	0.01271	0.01589	0.01461	0.01144	0.01461	0.01017	0.01525	0.00762	0.00572	0.00572	0.00191	0.00762	0.00508	0.00254	0.00635
9	0.81293	0.01102	0.00857	0.00761	0.01118	0.01269	0.00627	0.01717	0.00995	0.04978	0.00844	0.00962	0.00645	0.00537	0.00361	0.00177	0.00444	0.00318	0.00365	0.00631
10	0.70634	0.01127	0.00932	0.00810	0.01167	0.01286	0.00666	0.08512	0.01179	0.04541	0.04106	0.01140	0.00877	0.00577	0.00394	0.00177	0.00454	0.00367	0.00395	0.00658
11	0.00697	0.00498	0.00664	0.00796	0.00830	0.00465	0.00531	0.00796	0.01095	0.01460	0.03153	0.79525	0.03783	0.01792	0.00730	0.00232	0.00332	0.01626	0.00531	0.00465
12	0.01186	0.01017	0.01186	0.00847	0.01356	0.00762	0.00678	0.01440	0.01186	0.01864	0.01017	0.01186	0.00847	0.00424	0.00424	0.00085	0.00424	0.00339	0.00339	0.83395
13	0.01070	0.01003	0.01687	0.76414	0.03855	0.01249	0.01560	0.01443	0.01142	0.01461	0.01075	0.03642	0.00844	0.00605	0.00576	0.00192	0.00751	0.00539	0.00262	0.00631
14	0.00832	0.00555	0.00624	0.00624	0.00624	0.00555	0.00347	0.00832	0.00832	0.01109	0.01802	0.03743	0.02080	0.79898	0.02911	0.00555	0.00555	0.00832	0.00347	0.00347
15	0.01004	0.00860	0.01167	0.01062	0.01087	0.01094	0.00814	0.01105	0.00871	0.01274	0.01297	0.02340	0.01367	0.28640	0.20546	0.00516	0.33516	0.00640	0.00297	0.00503
16	0.01930	0.01382	0.01498	0.01176	0.01577	0.01499	0.00962	0.56643	0.03850	0.06578	0.06717	0.01967	0.07464	0.00783	0.00582	0.00173	0.00557	0.00612	0.03162	0.00889
17	0.01321	0.24308	0.22767	0.03803	0.01917	0.01466	0.07134	0.05626	0.01283	0.01770	0.01142	0.01306	0.03233	0.00533	0.00482	0.00143	0.00655	0.00423	0.00297	0.20391
18	0.01502	0.10917	0.08027	0.02775	0.05593	0.03826	0.01020	0.17713	0.12364	0.07433	0.11695	0.06014	0.07065	0.00822	0.00573	0.00175	0.00543	0.00672	0.00486	0.00785
19	0.00695	0.00505	0.00657	0.00778	0.00825	0.00466	0.00523	0.00798	0.01113	0.01467	0.03373	0.73339	0.09827	0.01763	0.00726	0.00229	0.00328	0.01591	0.00531	0.00466
20	0.01186	0.01017	0.01186	0.00847	0.01356	0.00762	0.00678	0.01440	0.01186	0.01864	0.01017	0.01186	0.00847	0.00424	0.00424	0.00085	0.00424	0.00339	0.00339	0.83395
21	0.01836	0.01360	0.01567	0.01331	0.06518	0.01427	0.01013	0.39778	0.09431	0.08377	0.01463	0.02965	0.01103	0.00668	0.00590	0.00162	0.03067	0.00520	0.00510	0.16314
22	0.01776	0.01312	0.01479	0.06690	0.01698	0.01467	0.00997	0.48616	0.04567	0.02991	0.05506	0.01691	0.01295	0.00881	0.04130	0.00207	0.03295	0.00553	0.10010	0.00839
23	0.01391	0.01502	0.08727	0.03315	0.67673	0.01359	0.04109	0.01763	0.01296	0.01863	0.01074	0.01402	0.00889	0.00512	0.00568	0.00172	0.00703	0.00508	0.00280	0.00897
24	0.77783	0.07017	0.01002	0.00769	0.01133	0.01356	0.00646	0.01684	0.00988	0.02475	0.00796	0.00928	0.00628	0.00528	0.00355	0.00173	0.00455	0.00309	0.00346	0.00628
25	0.30696	0.09089	0.12690	0.01158	0.03870	0.09602	0.01039	0.10046	0.01374	0.02221	0.06040	0.01710	0.01237	0.00678	0.00489	0.00175	0.00607	0.06197	0.00375	0.00706
26	0.00936	0.00726	0.02386	0.00777	0.00971	0.00658	0.00611	0.04558	0.05608	0.04388	0.46901	0.05704	0.19863	0.01179	0.00663	0.00186	0.00325	0.02381	0.00594	0.00585
27	0.00898	0.00607	0.00766	0.00718	0.00879	0.00547	0.00541	0.01138	0.01549	0.07031	0.56759	0.06743	0.17249	0.01207	0.00670	0.00184	0.00290	0.01053	0.00615	0.00556
28	0.01102	0.01039	0.01755	0.73592	0.08698	0.01277	0.01599	0.01481	0.01154	0.01488	0.01021	0.01518	0.00772	0.00568	0.00571	0.00189	0.00757	0.00508	0.00256	0.00653
29	0.00771	0.00575	0.00716	0.00699	0.00835	0.00521	0.00517	0.00998	0.01502	0.02057	0.54318	0.12052	0.19753	0.01289	0.00680	0.00188	0.00280	0.01129	0.00600	0.00521
30	0.01350	0.13322	0.09046	0.02203	0.10852	0.01520	0.47064	0.01780	0.01314	0.01777	0.03483	0.01496	0.00986	0.00513	0.00606	0.00178	0.00848	0.00593	0.00289	0.00779
31	0.72684	0.11914	0.01135	0.00783	0.01156	0.01417	0.00669	0.01686	0.00999	0.02400	0.00796	0.00928	0.00635	0.00525	0.00356	0.00170	0.00466	0.00309	0.00339	0.00635
32	0.01587	0.73254	0.02883	0.01009	0.01495	0.02220	0.00988	0.08174	0.01298	0.01546	0.00847	0.00958	0.00755	0.00507	0.00385	0.00127	0.00613	0.00324	0.00274	0.00755
33	0.01147	0.02959	0.76934	0.01630	0.02476	0.01328	0.02113	0.01811	0.01208	0.01811	0.01026	0.01208	0.00725	0.00543	0.00543	0.00181	0.00845	0.00423	0.00242	0.00845
34	0.00831	0.00556	0.00629	0.00627	0.00632	0.00554	0.00353	0.00840	0.00859	0.01150	0.04347	0.03761	0.02193	0.77199	0.02835	0.00542	0.00545	0.00839	0.00356	0.00353
35	0.00996	0.00512	0.00773	0.02955	0.00836	0.00519	0.00528	0.00766	0.00756	0.01007	0.00994	0.01733	0.00987	0.01947	0.02188	0.80995	0.00504	0.00497	0.00249	0.00259
36	0.01251	0.01251	0.01752	0.01502	0.01502	0.01752	0.01251	0.01377	0.00876	0.01377	0.00751	0.01251	0.00751	0.01001	0.01877	0.00250	0.78851	0.00501	0.00250	0.00626
37	0.00914	0.00656	0.00911	0.01039	0.01172	0.00653	0.00906	0.01174	0.01316	0.01707	0.03115	0.06422	0.05572	0.01576	0.00786	0.00261	0.00519	0.70248	0.00527	0.00525
38	0.01599	0.01188	0.01300	0.01136	0.01476	0.01327	0.00892	0.05996	0.59384	0.13037	0.04585	0.02142	0.01780	0.00775	0.00584	0.00190	0.00459	0.00643	0.00601	0.00906
39	0.01313	0.01255	0.02137	0.26376	0.54264	0.01332	0.01705	0.01666	0.01254	0.01745	0.01058	0.01449	0.00862	0.00529	0.00568	0.00176	0.00705	0.00509	0.00274	0.00824
40	0.00810	0.00585	0.00765	0.00720	0.00855	0.00540	0.00540	0.01079	0.01619	0.02294	0.76028	0.04273	0.05397	0.01169	0.00675	0.00180	0.00270	0.01034	0.00630	0.00540
41	0.00697	0.00498	0.00664	0.00796	0.00830	0.00465	0.00531	0.00796	0.01095	0.01460	0.03153	0.79525	0.03783	0.01792	0.00730	0.00232	0.00332	0.01626	0.00531	0.00465
42	0.01080	0.01017	0.01716	0.78523	0.03940	0.01271	0.01589	0.01461	0.01144	0.01461	0.01017	0.01525	0.00762	0.00572	0.00572	0.00191	0.00762	0.00508	0.00254	0.00635
43	0.00707	0.00505	0.00675	0.00807	0.00845	0.00473	0.00548	0.00813	0.01105	0.01471	0.03147	0.76398	0.03762	0.01783	0.00733	0.00234	0.00340	0.04657	0.00531	0.00467
44	0.25325	0.01408	0.01550	0.08436	0.18415	0.07620	0.01130	0.17868	0.08909	0.02430	0.01165	0.01317	0.00896	0.00593	0.00505	0.00175	0.00614	0.00455	0.00395	0.00795
45	0.01052	0.00823	0.01004	0.00895	0.01135	0.00814	0.03174	0.01647	0.20818	0.05010	0.29446	0.08405	0.15987	0.01065	0.00634	0.00183	0.00368	0.00925	0.00566	0.06050
46	0.01908	0.14668	0.07202	0.01398	0.01752	0.49123	0.01167	0.07439	0.01543	0.01582	0.00907	0.01068	0.00754	0.00608	0.00600	0.00155	0.06735	0.00383	0.00300	0.00707
47	0.01596	0.75116	0.02889	0.00981	0.01468	0.02171	0.00970	0.01782	0.01193	0.06220	0.00890	0.00984	0.00778	0.00503	0.00380	0.00126	0.00604	0.00323	0.00275	0.00750
48	0.01080	0.01017	0.01716	0.78523	0.03940	0.01271	0.01589	0.01461	0.01144	0.01461	0.01017	0.01525	0.00762	0.00572	0.00572	0.00191	0.00762	0.00508	0.00254	0.00635
49	0.00784	0.00581	0.00731	0.00699	0.00840	0.00528	0.00522	0.01028	0.01551	0.02145	0.62282	0.06919	0.16796	0.01235	0.00677	0.00184	0.00275	0.01082	0.00610	0.00528
50	0.01159	0.02875	0.72604	0.01676	0.02506	0.01335	0.06360	0.01813	0.01216	0.01813	0.01034	0.01227	0.00733	0.00540	0.00551	0.00182	0.00852	0.00438	0.00244	0.00841
51	0.00697	0.00498	0.00664	0.00796	0.00830	0.00465	0.00531	0.00796	0.01095	0.01460	0.03153	0.79525	0.03783	0.01792	0.00730	0.00232	0.00332	0.01626	0.00531	0.00465
52	0.00832	0.00555	0.00624	0.00624	0.00624	0.00555	0.00347	0.00832	0.00832	0.01109	0.01802	0.03743	0.02080	0.79898	0.02911	0.00555	0.00555	0.00832	0.00347	0.00347
53	0.01909	0.31795	0.02137	0.01288	0.01656	0.49349	0.01058	0.02070	0.01449	0.01380	0.00851	0.00989	0.00736	0.00552	0.00460	0.00138	0.00874	0.00345	0.00276	0.00690
54	0.83938	0.01106	0.00841	0.00752	0.01106	0.01283	0.00619	0.01681	0.00973	0.02566	0.00796	0.00929	0.00619	0.00531	0.00354	0.00177	0.00442	0.00310	0.00354	0.00619
55	0.01592	0.01389	0.01954	0.05880	0.46483	0.08070	0.01446	0.04379	0.07753	0.10119	0.04341	0.01620	0.01197	0.00596	0.00569	0.00172	0.00656	0.00537	0.00379	0.00867
56	0.83938	0.01106	0.00841	0.00752	0.01106	0.01283	0.00619	0.01681	0.00973	0.02566	0.00796	0.00929	0.00619	0.00531	0.00354	0.00177	0.00442	0.00310	0.00354	0.00619
57	0.77597	0.01096	0.00879	0.00773	0.01134	0.01249	0.00637	0.01768	0.01025	0.08345	0.00910	0.01008	0.00682	0.00545	0.00371	0.00177	0.00446	0.00330	0.00382	0.00647
58	0.00699	0.00512	0.00658	0.00766	0.00824	0.00470	0.00519	0.00812	0.01143	0.01506	0.06599	0.67105	0.12840	0.01723	0.00721	0.00225	0.00324	0.01549	0.00535	0.00470
59	0.00828	0.00591	0.00747	0.00708	0.00856	0.00536	0.00531	0.01072	0.01554	0.03967	0.61167	0.06850	0.16013	0.01221	0.00674	0.00184	0.00280	0.01069	0.00613	0.00539
60	0.03336	0.02510	0.59396	0.06476	0.06899	0.01276	0.03196	0.01735	0.01233	0.01845	0.05955	0.01440	0.01045	0.00583	0.00553	0.00181	0.00784	0.00475	0.00274	0.00809
61	0.77812	0.01077	0.00843	0.00751	0.01099	0.01237	0.00617	0.01702	0.01004	0.04900	0.00889	0.01013	0.00681	0.00542	0.00363	0.00175	0.00436	0.00328	0.03904	0.00627
62	0.01297	0.00874	0.00950	0.07242	0.01232	0.02411	0.00679	0.16200	0.05528	0.02262	0.03205	0.03488	0.01491	0.08792	0.00729	0.00195	0.00437	0.00590	0.41764	0.00633
63	0.00679	0.00570	0.00590	0.00606	0.00779	0.00481	0.00446	0.00818	0.01279	0.01535	0.05476	0.14421	0.67387	0.01490	0.00683	0.00198	0.00295	0.01258	0.00531	0.00481
64	0.01261	0.01431	0.06273	0.04671	0.09769	0.02609	0.45230	0.01705	0.03328	0.01819	0.06243	0.08176	0.01420	0.00667	0.00683	0.00193	0.02711	0.00733	0.00335	0.00741
65	0.01708	0.04748	0.01900	0.10919	0.26080	0.18545	0.01340	0.19120	0.04697	0.02123	0.01233	0.01425	0.02422	0.00606	0.00552	0.00167	0.00736	0.00491	0.00367	0.00821
66	0.00735	0.00582	0.00661	0.00641	0.00809	0.00508	0.00481	0.00935	0.01443	0.01876	0.36804	0.04961	0.44882	0.01325	0.00675	0.00187	0.00281	0.01131	0.00575	0.00508
67	0.01567	0.65755	0.02731	0.03690	0.01583	0.07121	0.01007	0.03989	0.05294	0.01478	0.00910	0.01026	0.00798	0.00520	0.00402	0.00132	0.00636	0.00342	0.00277	0.00743
68	0.01229	0.01201	0.02144	0.38132	0.29080	0.01303	0.12510	0.01607	0.01247	0.01688	0.03630	0.01584	0.00988	0.00557	0.00589	0.00183	0.00747	0.00552	0.00282	0.00747
69	0.13622	0.01626	0.01372	0.01209	0.01521	0.21481	0.00947	0.09219	0.30680	0.03651	0.01591	0.01595	0.02463	0.00708	0.00617	0.00181	0.05772	0.00511	0.00452	0.00782
70	0.68613	0.01183	0.00914	0.00810	0.01155	0.06246	0.00658	0.03017	0.01091	0.06126	0.00942	0.01059	0.00719	0.00554	0.00382	0.00173	0.00477	0.00342	0.04897	0.00641
71	0.01184	0.00760	0.00937	0.00897	0.01075	0.00748	0.00669	0.12070	0.03507	0.11012	0.14437	0.40017	0.05781	0.01353	0.00675	0.00207	0.00392	0.03078	0.00575	0.00627
72	0.01473	0.68965	0.13786	0.01074	0.01615	0.02127	0.01144	0.01727	0.01169	0.01414	0.00829	0.00960	0.00733	0.00497	0.00393	0.00131	0.00646	0.00323	0.00244	0.00750
73	0.00792	0.00572	0.00674	0.00656	0.00750	0.00534	0.00445	0.00934	0.01256	0.01694	0.33883	0.04312	0.17991	0.31320	0.01530	0.00326	0.00383	0.00991	0.00502	0.00455
74	0.00963	0.00969	0.11979	0.00941	0.02696	0.00684	0.00825	0.01252	0.01430	0.06870	0.35728	0.12295	0.14068	0.01170	0.00661	0.00193	0.00404	0.05731	0.00539	0.00603
75	0.02286	0.00902	0.01228	0.00985	0.01366	0.00784	0.00794	0.02489	0.01556	0.65440	0.02391	0.13580	0.01771	0.00871	0.00598	0.00185	0.00463	0.00733	0.00681	0.00897
76	0.00908	0.00733	0.01064	0.01012	0.01166	0.00713	0.08593	0.05399	0.05332	0.01746	0.07638	0.50020	0.08030	0.01459	0.00702	0.00217	0.00425	0.03768	0.00516	0.00560
77	0.01269	0.02578	0.56583	0.01750	0.07219	0.03750	0.06374	0.04756	0.06811	0.01917	0.01144	0.01312	0.00831	0.00562	0.00556	0.00181	0.00810	0.00463	0.00287	0.00849
78	0.01580	0.48738	0.19129	0.01189	0.01730	0.11720	0.01239	0.01867	0.01258	0.05581	0.00938	0.01053	0.00770	0.00526	0.00437	0.00142	0.00711	0.00355	0.00276	0.00763
79	0.01322	0.01024	0.02772	0.05254	0.01578	0.00852	0.05897	0.03107	0.03159	0.11501	0.01550	0.13173	0.01383	0.00696	0.00524	0.00139	0.00487	0.00609	0.00417	0.44557
80	0.01274	0.01247	0.02199	0.20904	0.43596	0.01287	0.11657	0.01629	0.01272	0.01744	0.01413	0.01754	0.06285	0.00588	0.00591	0.00180	0.00710	0.00582	0.00295	0.00793
81	0.01068	0.00801	0.00939	0.00881	0.01070	0.00813	0.00670	0.14761	0.07049	0.02212	0.26046	0.23353	0.12378	0.01264	0.00668	0.00198	0.00380	0.04253	0.00573	0.00620
82	0.00768	0.00579	0.00704	0.00701	0.00839	0.00524	0.00524	0.00973	0.01424	0.01905	0.40394	0.11272	0.26480	0.04703	0.00783	0.00210	0.00310	0.05826	0.00572	0.00507
83	0.01516	0.03266	0.01148	0.00944	0.01236	0.00886	0.00734	0.13047	0.03401	0.20596	0.04166	0.28787	0.02189	0.01050	0.00599	0.00181	0.00437	0.00904	0.03169	0.11744
84	0.01159	0.00988	0.01158	0.00844	0.01327	0.00746	0.00670	0.01405	0.01181	0.01842	0.01134	0.05473	0.01008	0.00498	0.00440	0.00093	0.00419	0.00409	0.00349	0.78857
85	0.01444	0.04578	0.07074	0.02089	0.08074	0.03588	0.43016	0.01916	0.05363	0.06724	0.01223	0.01501	0.00928	0.00559	0.00713	0.00186	0.06665	0.00593	0.00327	0.03439

[dist]
# distance from previous block
# <min> <max>
0	1

[block]
# block no. 1 follows, 41 sequences, length 106
# corresponding to MSA columns:
# 214-296,322-344
name=unknown_B
#
# <colnr> <probs for GDERKNQSTAVLIFYWHMCP>
#	G	D	E	R	K	N	Q	S	T	A	V	L	I	F	Y	W	H	M	C	P
0	0.01273	0.01000	0.01102	0.00953	0.01276	0.01009	0.00754	0.08524	0.27551	0.05674	0.06249	0.03030	0.19154	0.00926	0.00592	0.00176	0.00423	0.04880	0.00532	0.14922
1	0.01430	0.01696	0.05200	0.06580	0.05947	0.10948	0.55864	0.01864	0.01366	0.01758	0.01108	0.01463	0.00843	0.00504	0.00641	0.00186	0.00946	0.00613	0.00286	0.00758
2	0.00981	0.00497	0.00742	0.00747	0.00749	0.00495	0.00498	0.00747	0.00760	0.01014	0.01086	0.05078	0.01113	0.01979	0.02171	0.79789	0.00490	0.00545	0.00261	0.00258
3	0.01272	0.01300	0.01906	0.03129	0.01698	0.02984	0.08296	0.01437	0.00940	0.01423	0.00798	0.01281	0.00762	0.00936	0.01712	0.00242	0.68475	0.00515	0.00255	0.00641
4	0.00797	0.00584	0.00748	0.00707	0.00847	0.00535	0.00530	0.01056	0.01591	0.02226	0.69673	0.04384	0.11794	0.01195	0.00675	0.00181	0.00272	0.01050	0.00621	0.00535
5	0.01053	0.00614	0.00749	0.00708	0.00784	0.00608	0.00460	0.01122	0.00980	0.10656	0.04333	0.03312	0.02014	0.56067	0.11293	0.00525	0.00643	0.00772	0.02849	0.00456
6	0.02566	0.00973	0.01327	0.01018	0.01460	0.00841	0.00841	0.02788	0.01637	0.76726	0.02257	0.01947	0.01416	0.00708	0.00575	0.00177	0.00487	0.00575	0.00708	0.00973
7	0.10257	0.01010	0.01296	0.01004	0.01439	0.00919	0.00829	0.05460	0.01615	0.66868	0.02084	0.01828	0.01323	0.00690	0.00554	0.00177	0.00488	0.00548	0.00669	0.00940
8	0.00839	0.00554	0.00621	0.00621	0.00625	0.00554	0.00348	0.00848	0.00844	0.01142	0.01804	0.03691	0.02060	0.77321	0.02830	0.00541	0.00545	0.00822	0.03038	0.00353
9	0.76400	0.01152	0.00921	0.00804	0.01168	0.01328	0.00663	0.08388	0.01132	0.02662	0.00850	0.00970	0.00652	0.00545	0.00374	0.00176	0.00460	0.00329	0.00374	0.00652
10	0.01565	0.01326	0.01341	0.01184	0.01520	0.05744	0.00925	0.07535	0.63013	0.05917	0.02182	0.02014	0.01624	0.00757	0.00577	0.00189	0.00498	0.00619	0.00571	0.00899
11	0.00697	0.00498	0.00664	0.00796	0.00830	0.00465	0.00531	0.00796	0.01095	0.01460	0.03153	0.79525	0.03783	0.01792	0.00730	0.00232	0.00332	0.01626	0.00531	0.00465
12	0.01416	0.01359	0.02322	0.03511	0.76330	0.01359	0.01755	0.01755	0.01302	0.01869	0.01076	0.01416	0.00906	0.00510	0.00566	0.00170	0.00680	0.00510	0.00283	0.00906
13	0.83938	0.01106	0.00841	0.00752	0.01106	0.01283	0.00619	0.01681	0.00973	0.02566	0.00796	0.00929	0.00619	0.00531	0.00354	0.00177	0.00442	0.00310	0.00354	0.00619
14	0.80109	0.01129	0.00882	0.00779	0.01137	0.01306	0.00641	0.05088	0.01054	0.02615	0.00823	0.00950	0.00636	0.00538	0.00364	0.00177	0.00451	0.00319	0.00364	0.00636
15	0.01080	0.01017	0.01716	0.78523	0.03940	0.01271	0.01589	0.01461	0.01144	0.01461	0.01017	0.01525	0.00762	0.00572	0.00572	0.00191	0.00762	0.00508	0.00254	0.00635
16	0.08116	0.00982	0.01294	0.01000	0.01436	0.00871	0.00826	0.02712	0.01592	0.71668	0.02157	0.01877	0.01362	0.00696	0.00560	0.00177	0.00484	0.00557	0.00684	0.00949
17	0.01503	0.74972	0.08040	0.01023	0.01537	0.02200	0.01056	0.01719	0.01165	0.01377	0.00811	0.00937	0.00733	0.00493	0.00379	0.00126	0.00628	0.00314	0.00244	0.00742
18	0.00994	0.00497	0.00745	0.00745	0.00745	0.00497	0.00497	0.00745	0.00745	0.00994	0.00994	0.01739	0.00994	0.01987	0.02235	0.83358	0.00497	0.00497	0.00248	0.00248
19	0.00697	0.00498	0.00664	0.00796	0.00830	0.00465	0.00531	0.00796	0.01095	0.01460	0.03153	0.79525	0.03783	0.01792	0.00730	0.00232	0.00332	0.01626	0.00531	0.00465
20	0.00774	0.00583	0.00715	0.00682	0.00832	0.00524	0.00511	0.01010	0.01534	0.02092	0.57078	0.04605	0.24473	0.01245	0.00675	0.00183	0.00275	0.01081	0.00603	0.00524
21	0.01147	0.02959	0.76934	0.01630	0.02476	0.01328	0.02113	0.01811	0.01208	0.01811	0.01026	0.01208	0.00725	0.00543	0.00543	0.00181	0.00845	0.00423	0.00242	0.00845
22	0.01416	0.01359	0.02322	0.03511	0.76330	0.01359	0.01755	0.01755	0.01302	0.01869	0.01076	0.01416	0.00906	0.00510	0.00566	0.00170	0.00680	0.00510	0.00283	0.00906
23	0.01066	0.00533	0.00533	0.00533	0.00666	0.00533	0.00400	0.01333	0.01200	0.02132	0.01866	0.02132	0.01466	0.00666	0.00400	0.00133	0.00267	0.00533	0.83073	0.00533
24	0.01449	0.01223	0.01294	0.01161	0.01487	0.01410	0.00904	0.03034	0.73629	0.04075	0.02326	0.02130	0.01739	0.00774	0.00582	0.00194	0.00453	0.00645	0.00585	0.00907
25	0.01147	0.02959	0.76934	0.01630	0.02476	0.01328	0.02113	0.01811	0.01208	0.01811	0.01026	0.01208	0.00725	0.00543	0.00543	0.00181	0.00845	0.00423	0.00242	0.00845
26	0.00697	0.00498	0.00664	0.00796	0.00830	0.00465	0.00531	0.00796	0.01095	0.01460	0.03153	0.79525	0.03783	0.01792	0.00730	0.00232	0.00332	0.01626	0.00531	0.00465
27	0.83938	0.01106	0.00841	0.00752	0.01106	0.01283	0.00619	0.01681	0.00973	0.02566	0.00796	0.00929	0.00619	0.00531	0.00354	0.00177	0.00442	0.00310	0.00354	0.00619
28	0.02541	0.00979	0.01327	0.01021	0.01461	0.00854	0.00842	0.02793	0.03279	0.75070	0.02258	0.01951	0.01423	0.00709	0.00575	0.00177	0.00486	0.00577	0.00705	0.00972
29	0.03449	0.03186	0.01659	0.06580	0.04003	0.03214	0.06394	0.41947	0.03581	0.02837	0.01379	0.01511	0.01026	0.00653	0.00565	0.00168	0.02111	0.00519	0.14386	0.00831
30	0.03786	0.01545	0.01645	0.01285	0.01724	0.01720	0.01055	0.63983	0.11729	0.03432	0.01481	0.01459	0.01062	0.00695	0.00569	0.00175	0.00603	0.00527	0.00569	0.00957
31	0.00781	0.00569	0.00735	0.00724	0.00845	0.00523	0.00531	0.01013	0.01507	0.02099	0.58688	0.17530	0.09724	0.01297	0.00684	0.00190	0.00282	0.01149	0.00606	0.00523
32	0.01423	0.01229	0.01293	0.01164	0.01487	0.01423	0.00905	0.03039	0.75297	0.02393	0.02328	0.02134	0.01746	0.00776	0.00582	0.00194	0.00453	0.00647	0.00582	0.00905
33	0.01186	0.01017	0.01186	0.00847	0.01356	0.00762	0.00678	0.01440	0.01186	0.01864	0.01017	0.01186	0.00847	0.00424	0.00424	0.00085	0.00424	0.00339	0.00339	0.83395
34	0.00696	0.00502	0.00660	0.00786	0.00827	0.00465	0.00526	0.00798	0.01105	0.01464	0.03277	0.76036	0.07191	0.01776	0.00728	0.00230	0.00330	0.01606	0.00531	0.00465
35	0.00697	0.00498	0.00664	0.00796	0.00830	0.00465	0.00531	0.00796	0.01095	0.01460	0.03153	0.79525	0.03783	0.01792	0.00730	0.00232	0.00332	0.01626	0.00531	0.00465
36	0.01467	0.01219	0.01295	0.01158	0.01486	0.01400	0.00903	0.03030	0.72441	0.05274	0.02325	0.02127	0.01733	0.00773	0.00582	0.00193	0.00454	0.00644	0.00587	0.00908
37	0.01282	0.05168	0.59982	0.01667	0.02439	0.01341	0.11188	0.01877	0.01254	0.06908	0.01119	0.01291	0.00790	0.00545	0.00557	0.00180	0.00828	0.00461	0.00280	0.00841
38	0.01080	0.01017	0.01716	0.78523	0.03940	0.01271	0.01589	0.01461	0.01144	0.01461	0.01017	0.01525	0.00762	0.00572	0.00572	0.00191	0.00762	0.00508	0.00254	0.00635
39	0.01986	0.01421	0.01516	0.01183	0.01586	0.01563	0.00970	0.62013	0.02436	0.03355	0.01457	0.01502	0.01056	0.00683	0.00543	0.00165	0.00568	0.00518	0.14580	0.00898
40	0.01569	0.01225	0.01494	0.01142	0.01541	0.01236	0.02670	0.21002	0.01568	0.07840	0.01159	0.01313	0.00906	0.00622	0.00747	0.00148	0.14862	0.00441	0.00411	0.38103
41	0.01625	0.01257	0.01358	0.01134	0.01482	0.01382	0.00913	0.36029	0.24071	0.02838	0.08814	0.02497	0.08952	0.00872	0.00605	0.00185	0.00507	0.04059	0.00574	0.00846
42	0.00747	0.00632	0.00719	0.00795	0.05927	0.00552	0.00531	0.00911	0.01313	0.01622	0.12318	0.05019	0.60401	0.05054	0.00774	0.00207	0.00327	0.01125	0.00515	0.00511
43	0.04069	0.01438	0.01586	0.01233	0.01674	0.01553	0.01014	0.52955	0.08477	0.17634	0.01610	0.01537	0.01115	0.00695	0.00569	0.00175	0.00583	0.00533	0.00594	0.00959
44	0.04917	0.14808	0.53439	0.01462	0.02178	0.05097	0.01754	0.06765	0.01311	0.01875	0.00997	0.01153	0.00739	0.00546	0.00508	0.00170	0.00786	0.00403	0.00272	0.00818
45	0.07672	0.02523	0.01670	0.01474	0.01793	0.66346	0.05226	0.03860	0.01586	0.01554	0.00905	0.01061	0.00742	0.00582	0.00515	0.00153	0.00978	0.00385	0.00305	0.00673
46	0.01096	0.01033	0.01744	0.74988	0.07351	0.01275	0.01596	0.01475	0.01151	0.01481	0.01019	0.01520	0.00769	0.00569	0.00572	0.00190	0.00759	0.00508	0.00256	0.00648
47	0.00971	0.00773	0.00873	0.00820	0.00980	0.04998	0.00623	0.06126	0.01630	0.02221	0.55711	0.09643	0.06707	0.01178	0.00668	0.00186	0.00355	0.04378	0.00592	0.00568
48	0.01512	0.70166	0.07899	0.01054	0.01546	0.04417	0.01068	0.01725	0.01170	0.01380	0.00812	0.00951	0.00734	0.00513	0.00432	0.00131	0.03185	0.00322	0.00246	0.00736
49	0.01080	0.01017	0.01716	0.78523	0.03940	0.01271	0.01589	0.01461	0.01144	0.01461	0.01017	0.01525	0.00762	0.00572	0.00572	0.00191	0.00762	0.00508	0.00254	0.00635
50	0.00755	0.00504	0.00683	0.00790	0.00820	0.00478	0.00531	0.00801	0.01038	0.01382	0.02762	0.62547	0.03270	0.04357	0.01042	0.13437	0.00371	0.03522	0.00480	0.00428
51	0.01325	0.02067	0.27674	0.02093	0.04391	0.05740	0.41959	0.01834	0.01301	0.01786	0.01083	0.01390	0.00810	0.00527	0.00660	0.00188	0.03549	0.00564	0.00272	0.00788
52	0.01080	0.01017	0.01716	0.78523	0.03940	0.01271	0.01589	0.01461	0.01144	0.01461	0.01017	0.01525	0.00762	0.00572	0.00572	0.00191	0.00762	0.00508	0.00254	0.00635
53	0.00770	0.00570	0.00719	0.00710	0.00838	0.00519	0.00522	0.00993	0.01486	0.02042	0.53294	0.16518	0.16275	0.01313	0.00684	0.00190	0.00283	0.01156	0.00598	0.00519
54	0.01324	0.01022	0.01028	0.00900	0.01170	0.07012	0.00708	0.16437	0.04103	0.08773	0.15217	0.03703	0.31726	0.01095	0.00633	0.00184	0.00447	0.03299	0.00554	0.00666
55	0.00774	0.00553	0.00730	0.03417	0.00942	0.00541	0.00584	0.00889	0.01083	0.01438	0.04262	0.48370	0.03275	0.18569	0.01203	0.00304	0.00422	0.11706	0.00483	0.00455
56	0.02534	0.01025	0.01359	0.01042	0.01486	0.00917	0.00861	0.08641	0.01723	0.70752	0.02184	0.01900	0.01380	0.00706	0.00575	0.00177	0.00498	0.00570	0.00697	0.00973
57	0.02566	0.00973	0.01327	0.01018	0.01460	0.00841	0.00841	0.02788	0.01637	0.76726	0.02257	0.01947	0.01416	0.00708	0.00575	0.00177	0.00487	0.00575	0.00708	0.00973
58	0.01669	0.00996	0.01177	0.00994	0.01318	0.01013	0.00789	0.08374	0.24815	0.26212	0.17925	0.02703	0.07731	0.00878	0.00605	0.00184	0.00428	0.00735	0.00628	0.00826
59	0.01416	0.01359	0.02322	0.03511	0.76330	0.01359	0.01755	0.01755	0.01302	0.01869	0.01076	0.01416	0.00906	0.00510	0.00566	0.00170	0.00680	0.00510	0.00283	0.00906
60	0.01350	0.01543	0.03375	0.02411	0.02989	0.01446	0.74253	0.01832	0.01350	0.01832	0.01157	0.01543	0.00868	0.00482	0.00675	0.00193	0.00964	0.00675	0.00289	0.00771
61	0.01142	0.00606	0.00614	0.00587	0.00742	0.00618	0.00447	0.06318	0.01301	0.02233	0.01832	0.02081	0.01432	0.00668	0.00412	0.00136	0.00291	0.00532	0.77447	0.00563
62	0.01353	0.01536	0.03334	0.02453	0.05833	0.01443	0.71442	0.01829	0.01348	0.01834	0.01154	0.01538	0.00869	0.00483	0.00671	0.00192	0.00953	0.00669	0.00289	0.00777
63	0.01080	0.01017	0.01716	0.78523	0.03940	0.01271	0.01589	0.01461	0.01144	0.01461	0.01017	0.01525	0.00762	0.00572	0.00572	0.00191	0.00762	0.00508	0.00254	0.00635
64	0.00734	0.00544	0.00690	0.00790	0.00856	0.00515	0.00540	0.00917	0.04635	0.01548	0.06546	0.65664	0.10523	0.01685	0.00716	0.00225	0.00331	0.01515	0.00538	0.00490
65	0.01251	0.01251	0.01752	0.01502	0.01502	0.01752	0.01251	0.01377	0.00876	0.01377	0.00751	0.01251	0.00751	0.01001	0.01877	0.00250	0.78851	0.00501	0.00250	0.00626
66	0.04798	0.05702	0.43546	0.01789	0.08691	0.01391	0.12785	0.06808	0.01351	0.06207	0.01124	0.01305	0.00814	0.00547	0.00554	0.00178	0.00787	0.00474	0.00306	0.00841
67	0.00909	0.00649	0.00907	0.01039	0.01165	0.00647	0.00900	0.01163	0.01304	0.01697	0.03036	0.10602	0.03320	0.01592	0.00787	0.00262	0.00516	0.68456	0.00527	0.00523
68	0.01232	0.05646	0.06422	0.01175	0.07152	0.03568	0.00904	0.12236	0.13189	0.02188	0.20704	0.06114	0.15224	0.00959	0.00608	0.00180	0.00473	0.00806	0.00506	0.00712
69	0.00707	0.00517	0.00666	0.00773	0.00834	0.00476	0.00530	0.00826	0.01155	0.01524	0.07601	0.64547	0.12432	0.01710	0.00722	0.00226	0.00328	0.03416	0.00536	0.00473
70	0.01816	0.02132	0.01773	0.06328	0.20416	0.47365	0.01279	0.03516	0.01487	0.01562	0.00977	0.01225	0.00818	0.00754	0.04198	0.00195	0.02716	0.00429	0.00295	0.00720
71	0.01285	0.04556	0.05666	0.08550	0.01702	0.00989	0.00907	0.03906	0.01237	0.05175	0.01063	0.01252	0.00852	0.00495	0.00519	0.00116	0.03987	0.00382	0.00341	0.57019
72	0.01212	0.01032	0.01200	0.00860	0.01367	0.00789	0.00689	0.03370	0.01226	0.01910	0.01026	0.01191	0.00851	0.00431	0.00428	0.00087	0.00429	0.00344	0.00345	0.81216
73	0.01106	0.00774	0.00967	0.00956	0.02657	0.00753	0.02386	0.01535	0.13734	0.10590	0.04920	0.16588	0.25072	0.01282	0.00676	0.00210	0.00414	0.14196	0.00551	0.00633
74	0.03433	0.01631	0.10183	0.05251	0.39191	0.05413	0.15977	0.06777	0.03049	0.01964	0.01116	0.01404	0.00882	0.00533	0.00579	0.00176	0.00760	0.00524	0.00308	0.00849
75	0.00713	0.00562	0.00612	0.00631	0.00762	0.00495	0.00442	0.00834	0.01210	0.01504	0.08941	0.17258	0.47661	0.14548	0.01057	0.00259	0.00340	0.01203	0.00506	0.00461
76	0.16885	0.18926	0.06984	0.05010	0.12264	0.07921	0.08950	0.04697	0.02858	0.03401	0.01041	0.01242	0.00832	0.00553	0.00510	0.00164	0.02372	0.00433	0.04213	0.00744
77	0.20907	0.21306	0.08714	0.01188	0.03253	0.10652	0.01048	0.07151	0.09939	0.03487	0.01080	0.01192	0.00861	0.00606	0.00558	0.00167	0.06392	0.00404	0.00349	0.00747
78	0.00704	0.00505	0.00658	0.00776	0.00814	0.00471	0.00515	0.00800	0.01088	0.01442	0.03184	0.71638	0.06809	0.06602	0.00862	0.00251	0.00344	0.01559	0.00520	0.00458
79	0.00756	0.00575	0.00807	0.00853	0.00943	0.00526	0.03590	0.00897	0.01168	0.01580	0.10454	0.63467	0.05404	0.01606	0.00707	0.00218	0.00355	0.01460	0.00523	0.04110
80	0.02872	0.07301	0.01380	0.00935	0.01394	0.02759	0.00765	0.05042	0.02556	0.07777	0.01166	0.02955	0.00958	0.00527	0.00503	0.00114	0.03438	0.00403	0.00376	0.56779
81	0.00972	0.00883	0.05413	0.01135	0.04732	0.00808	0.05796	0.01179	0.01203	0.04872	0.08059	0.32646	0.13213	0.01287	0.00815	0.00211	0.09789	0.02738	0.03667	0.00581
82	0.00767	0.00581	0.00706	0.00679	0.00829	0.00521	0.00508	0.00995	0.01512	0.02049	0.53169	0.06348	0.26712	0.01268	0.00676	0.00185	0.00277	0.01100	0.00598	0.00521
83	0.02163	0.01287	0.01615	0.01469	0.11071	0.03713	0.02715	0.24998	0.03538	0.35365	0.01751	0.03139	0.01218	0.00683	0.00573	0.00173	0.00579	0.00560	0.00574	0.02815
84	0.01405	0.03232	0.10171	0.04966	0.18905	0.08510	0.35411	0.01809	0.01308	0.01745	0.01061	0.01401	0.00836	0.00543	0.00696	0.00185	0.06194	0.00560	0.00279	0.00783
85	0.02079	0.01485	0.01616	0.01253	0.01684	0.01625	0.01030	0.63031	0.04918	0.07628	0.06546	0.01628	0.01325	0.00724	0.00580	0.00173	0.00591	0.00558	0.00584	0.00941
86	0.01447	0.11219	0.02371	0.04920	0.62722	0.01484	0.01632	0.04194	0.01328	0.01852	0.01049	0.01355	0.00883	0.00515	0.00542	0.00164	0.00671	0.00484	0.00287	0.00880
87	0.00751	0.00556	0.00762	0.00819	0.00898	0.00513	0.02272	0.00892	0.01188	0.01618	0.15546	0.60354	0.03854	0.03397	0.00759	0.00225	0.00344	0.01440	0.00532	0.03279
88	0.02152	0.01206	0.01396	0.01093	0.01498	0.01239	0.00896	0.34541	0.04905	0.31539	0.01815	0.01723	0.01238	0.00696	0.00551	0.00170	0.00520	0.00546	0.11364	0.00913
89	0.00785	0.00535	0.00638	0.00684	0.00695	0.00523	0.00411	0.00820	0.00923	0.01231	0.02272	0.30083	0.02672	0.52750	0.02153	0.00443	0.00477	0.01108	0.00411	0.00388
90	0.00787	0.00557	0.00705	0.00733	0.00836	0.00510	0.00519	0.00958	0.01331	0.03497	0.32138	0.34134	0.14464	0.05155	0.00800	0.00220	0.00316	0.01273	0.00565	0.00503
91	0.02566	0.00973	0.01327	0.01018	0.01460	0.00841	0.00841	0.02788	0.01637	0.76726	0.02257	0.01947	0.01416	0.00708	0.00575	0.00177	0.00487	0.00575	0.00708	0.00973
92	0.01566	0.00983	0.01151	0.00968	0.01275	0.00998	0.00768	0.15340	0.15794	0.19498	0.24278	0.02924	0.10131	0.00928	0.00616	0.00182	0.00423	0.00777	0.00618	0.00782
93	0.02566	0.00973	0.01327	0.01018	0.01460	0.00841	0.00841	0.02788	0.01637	0.76726	0.02257	0.01947	0.01416	0.00708	0.00575	0.00177	0.00487	0.00575	0.00708	0.00973
94	0.11550	0.02497	0.58976	0.01552	0.05375	0.01282	0.01815	0.01739	0.01163	0.01876	0.01034	0.01252	0.00767	0.00796	0.05778	0.00230	0.00834	0.00425	0.00262	0.00797
95	0.07779	0.01032	0.01327	0.01024	0.01462	0.00944	0.00846	0.08461	0.01679	0.66083	0.02092	0.01835	0.01329	0.00695	0.00561	0.00177	0.00495	0.00553	0.00674	0.00951
96	0.01355	0.01180	0.01354	0.01283	0.08116	0.01229	0.00916	0.02469	0.47574	0.02195	0.01843	0.01800	0.01415	0.00652	0.00535	0.00161	0.00465	0.00547	0.00486	0.24426
97	0.01229	0.01042	0.01209	0.00868	0.01374	0.00806	0.00695	0.04600	0.01251	0.01939	0.01032	0.01194	0.00853	0.00435	0.00430	0.00088	0.00433	0.00347	0.00349	0.79826
98	0.00736	0.00528	0.00698	0.00770	0.00838	0.00490	0.00534	0.00894	0.01276	0.01748	0.28277	0.53581	0.04340	0.01577	0.00711	0.00214	0.00310	0.01422	0.00565	0.00490
99	0.00858	0.00576	0.00730	0.00750	0.00855	0.00540	0.00532	0.01008	0.01235	0.05889	0.20179	0.29251	0.14202	0.12568	0.06250	0.00304	0.00437	0.02810	0.00523	0.00502
100	0.03631	0.01799	0.01762	0.04264	0.06950	0.21709	0.05284	0.32597	0.10144	0.02520	0.01278	0.01373	0.00966	0.00647	0.00589	0.00171	0.02539	0.00495	0.00441	0.00840
101	0.01744	0.00928	0.01150	0.00948	0.01269	0.00893	0.00758	0.11105	0.08436	0.32757	0.25710	0.02842	0.07142	0.00902	0.00613	0.00180	0.00421	0.00758	0.00644	0.00800
102	0.00708	0.00506	0.00673	0.00789	0.00832	0.00472	0.00532	0.00824	0.01146	0.01541	0.10181	0.72268	0.03939	0.01732	0.00725	0.00227	0.00326	0.01569	0.00540	0.00472
103	0.01737	0.01286	0.01456	0.01241	0.04433	0.04106	0.02444	0.22043	0.21717	0.13119	0.01767	0.06061	0.01371	0.00720	0.00560	0.00167	0.00535	0.00592	0.00527	0.14117
104	0.01725	0.01433	0.03480	0.01618	0.11958	0.03198	0.07718	0.41740	0.02047	0.02754	0.01645	0.08540	0.04140	0.02381	0.00640	0.00186	0.00630	0.00656	0.02664	0.00847
105	0.01538	0.01167	0.01333	0.05537	0.03072	0.01264	0.00917	0.36887	0.08882	0.02627	0.02111	0.20916	0.05689	0.00991	0.00610	0.00188	0.00518	0.00833	0.02334	0.02587

[dist]
# distance from previous block
# <min> <max>
0	1

[block]
# block no. 2 follows, 41 sequences, length 61
# corresponding to MSA columns:
# 346-406
name=unknown_C
#
# <colnr> <probs for GDERKNQSTAVLIFYWHMCP>
#	G	D	E	R	K	N	Q	S	T	A	V	L	I	F	Y	W	H	M	C	P
0	0.13982	0.01409	0.10003	0.17919	0.14237	0.01347	0.01291	0.15449	0.07501	0.06278	0.01268	0.01450	0.00943	0.00602	0.00529	0.00178	0.00625	0.00486	0.03704	0.00800
1	0.01349	0.01300	0.03251	0.06742	0.24432	0.10446	0.02782	0.01803	0.10918	0.03951	0.09701	0.04070	0.05049	0.00766	0.00631	0.00179	0.03601	0.02532	0.05754	0.00742
2	0.01199	0.02585	0.62829	0.01504	0.02252	0.01245	0.01857	0.04538	0.01268	0.03946	0.01211	0.06306	0.00958	0.00628	0.00551	0.00179	0.00771	0.00504	0.00291	0.05378
3	0.01593	0.04510	0.07754	0.06314	0.01879	0.03496	0.08185	0.24256	0.13225	0.05914	0.01622	0.04850	0.01323	0.02682	0.00638	0.00189	0.00629	0.04543	0.02284	0.04112
4	0.14778	0.03261	0.01529	0.03998	0.01689	0.08900	0.00992	0.39990	0.07286	0.08104	0.01332	0.01356	0.00965	0.00646	0.00526	0.00170	0.00616	0.00473	0.00497	0.02893
5	0.83938	0.01106	0.00841	0.00752	0.01106	0.01283	0.00619	0.01681	0.00973	0.02566	0.00796	0.00929	0.00619	0.00531	0.00354	0.00177	0.00442	0.00310	0.00354	0.00619
6	0.00709	0.00525	0.00664	0.00756	0.00831	0.00480	0.00524	0.00837	0.01187	0.01559	0.10285	0.56991	0.17342	0.01666	0.00717	0.00221	0.00324	0.03366	0.00540	0.00476
7	0.00797	0.00567	0.00692	0.00757	0.00871	0.00515	0.00552	0.00933	0.01202	0.04392	0.03929	0.38380	0.27974	0.05379	0.00819	0.00237	0.00360	0.10623	0.00528	0.00493
8	0.00695	0.00573	0.00599	0.00605	0.00773	0.00489	0.00443	0.00837	0.01285	0.01564	0.09984	0.10121	0.62724	0.05776	0.00803	0.00215	0.00306	0.01202	0.00527	0.00478
9	0.00739	0.00582	0.00667	0.00646	0.00811	0.00510	0.00484	0.00943	0.01453	0.01900	0.39082	0.04921	0.42589	0.01316	0.00675	0.00187	0.00280	0.01125	0.00578	0.00510
10	0.83938	0.01106	0.00841	0.00752	0.01106	0.01283	0.00619	0.01681	0.00973	0.02566	0.00796	0.00929	0.00619	0.00531	0.00354	0.00177	0.00442	0.00310	0.00354	0.00619
11	0.01186	0.01017	0.01186	0.00847	0.01356	0.00762	0.00678	0.01440	0.01186	0.01864	0.01017	0.01186	0.00847	0.00424	0.00424	0.00085	0.00424	0.00339	0.00339	0.83395
12	0.01147	0.02959	0.76934	0.01630	0.02476	0.01328	0.02113	0.01811	0.01208	0.01811	0.01026	0.01208	0.00725	0.00543	0.00543	0.00181	0.00845	0.00423	0.00242	0.00845
13	0.83938	0.01106	0.00841	0.00752	0.01106	0.01283	0.00619	0.01681	0.00973	0.02566	0.00796	0.00929	0.00619	0.00531	0.00354	0.00177	0.00442	0.00310	0.00354	0.00619
14	0.01529	0.80242	0.02997	0.00979	0.01468	0.02263	0.00979	0.01713	0.01162	0.01346	0.00795	0.00918	0.00734	0.00489	0.00367	0.00122	0.00612	0.00306	0.00245	0.00734
15	0.00828	0.00553	0.00625	0.00629	0.00629	0.00552	0.00352	0.00831	0.00839	0.01119	0.01839	0.05823	0.02126	0.77755	0.02851	0.00546	0.00548	0.00854	0.00352	0.00350
16	0.01448	0.01241	0.01307	0.01169	0.01497	0.01434	0.00911	0.05416	0.72879	0.02433	0.02296	0.02109	0.01720	0.00773	0.00582	0.00193	0.00459	0.00642	0.00582	0.00908
17	0.01280	0.10378	0.48603	0.01631	0.08911	0.06411	0.01727	0.01783	0.01236	0.01749	0.00997	0.01183	0.00758	0.00524	0.00511	0.00160	0.00768	0.00405	0.00261	0.10723
18	0.01312	0.03721	0.27475	0.10368	0.40411	0.03296	0.01825	0.01757	0.01259	0.01784	0.01042	0.01335	0.00822	0.00529	0.00553	0.00174	0.00751	0.00472	0.00266	0.00848
19	0.01147	0.02959	0.76934	0.01630	0.02476	0.01328	0.02113	0.01811	0.01208	0.01811	0.01026	0.01208	0.00725	0.00543	0.00543	0.00181	0.00845	0.00423	0.00242	0.00845
20	0.04097	0.00652	0.00801	0.00772	0.00928	0.00627	0.00575	0.01253	0.06644	0.05708	0.46156	0.18107	0.09041	0.01230	0.00662	0.00191	0.00313	0.01080	0.00595	0.00572
21	0.03492	0.04240	0.21265	0.01790	0.14504	0.25040	0.01452	0.07134	0.04289	0.04861	0.01086	0.01255	0.00843	0.00605	0.00620	0.00171	0.05794	0.00441	0.00324	0.00794
22	0.01069	0.00826	0.04162	0.01080	0.04311	0.00752	0.00846	0.05223	0.04950	0.06699	0.11738	0.26663	0.03170	0.01361	0.00703	0.00223	0.00456	0.24622	0.00535	0.00610
23	0.00769	0.00571	0.00732	0.00835	0.00938	0.00535	0.00642	0.00934	0.01218	0.01565	0.03710	0.37883	0.20025	0.01642	0.00738	0.00234	0.00389	0.25623	0.00530	0.00490
24	0.00958	0.00804	0.01093	0.02871	0.15265	0.00795	0.00864	0.01322	0.09177	0.01762	0.08581	0.17626	0.22106	0.01246	0.00672	0.00207	0.00436	0.13105	0.00491	0.00619
25	0.04926	0.09637	0.45168	0.01556	0.03886	0.05093	0.07078	0.06405	0.01354	0.08076	0.01122	0.01261	0.00809	0.00557	0.00532	0.00174	0.00778	0.00444	0.00313	0.00831
26	0.06391	0.00972	0.01281	0.00995	0.01416	0.00866	0.00819	0.04189	0.01627	0.67462	0.06232	0.02013	0.01587	0.00724	0.00570	0.00177	0.00476	0.00586	0.00684	0.00932
27	0.80760	0.01103	0.00874	0.03736	0.01215	0.01283	0.00657	0.01673	0.00980	0.02524	0.00805	0.00952	0.00625	0.00533	0.00362	0.00178	0.00455	0.00317	0.00350	0.00620
28	0.08320	0.01010	0.01286	0.01006	0.01429	0.00931	0.00827	0.05256	0.05676	0.62962	0.02115	0.01867	0.01362	0.00697	0.00556	0.00177	0.00482	0.00557	0.02550	0.00934
29	0.03155	0.00991	0.01106	0.01049	0.02912	0.01076	0.00797	0.04095	0.39803	0.05241	0.12747	0.06773	0.11251	0.00994	0.00620	0.00196	0.00418	0.05449	0.00569	0.00757
30	0.01897	0.01049	0.01289	0.00971	0.01432	0.00907	0.00791	0.09356	0.03365	0.35668	0.01768	0.01684	0.03125	0.00613	0.00517	0.00140	0.00470	0.00493	0.00539	0.33924
31	0.00824	0.00606	0.00773	0.00728	0.00872	0.00566	0.00547	0.01132	0.04057	0.02261	0.70183	0.04261	0.08690	0.01170	0.00672	0.00181	0.00277	0.01030	0.00623	0.00549
32	0.80077	0.01130	0.00882	0.00779	0.01138	0.01306	0.00642	0.05117	0.01054	0.02615	0.00824	0.00950	0.00636	0.00538	0.00364	0.00177	0.00451	0.00319	0.00364	0.00636
33	0.00697	0.00498	0.00664	0.00796	0.00830	0.00465	0.00531	0.00796	0.01095	0.01460	0.03153	0.79525	0.03783	0.01792	0.00730	0.00232	0.00332	0.01626	0.00531	0.00465
34	0.83938	0.01106	0.00841	0.00752	0.01106	0.01283	0.00619	0.01681	0.00973	0.02566	0.00796	0.00929	0.00619	0.00531	0.00354	0.00177	0.00442	0.00310	0.00354	0.00619
35	0.01197	0.01051	0.01328	0.00948	0.01461	0.00807	0.05443	0.01466	0.01197	0.01862	0.01026	0.01209	0.00849	0.00427	0.00440	0.00092	0.00459	0.00361	0.00336	0.78044
36	0.01137	0.00971	0.01275	0.07009	0.01379	0.02797	0.00950	0.01320	0.01026	0.01601	0.01354	0.09782	0.01285	0.01027	0.02980	0.00225	0.39447	0.00629	0.23225	0.00582
37	0.01080	0.01017	0.01716	0.78523	0.03940	0.01271	0.01589	0.01461	0.01144	0.01461	0.01017	0.01525	0.00762	0.00572	0.00572	0.00191	0.00762	0.00508	0.00254	0.00635
38	0.00697	0.00498	0.00664	0.00796	0.00830	0.00465	0.00531	0.00796	0.01095	0.01460	0.03153	0.79525	0.03783	0.01792	0.00730	0.00232	0.00332	0.01626	0.00531	0.00465
39	0.01080	0.01017	0.01716	0.78523	0.03940	0.01271	0.01589	0.01461	0.01144	0.01461	0.01017	0.01525	0.00762	0.00572	0.00572	0.00191	0.00762	0.00508	0.00254	0.00635
40	0.00810	0.00585	0.00765	0.00720	0.00855	0.00540	0.00540	0.01079	0.01619	0.02294	0.76028	0.04273	0.05397	0.01169	0.00675	0.00180	0.00270	0.01034	0.00630	0.00540
41	0.01147	0.02959	0.76934	0.01630	0.02476	0.01328	0.02113	0.01811	0.01208	0.01811	0.01026	0.01208	0.00725	0.00543	0.00543	0.00181	0.00845	0.00423	0.00242	0.00845
42	0.01423	0.01229	0.01293	0.01164	0.01487	0.01423	0.00905	0.03039	0.75297	0.02393	0.02328	0.02134	0.01746	0.00776	0.00582	0.00194	0.00453	0.00647	0.00582	0.00905
43	0.02566	0.00973	0.01327	0.01018	0.01460	0.00841	0.00841	0.02788	0.01637	0.76726	0.02257	0.01947	0.01416	0.00708	0.00575	0.00177	0.00487	0.00575	0.00708	0.00973
44	0.01653	0.01177	0.01300	0.01135	0.01482	0.01305	0.00892	0.02989	0.60457	0.17368	0.02314	0.02096	0.01680	0.00762	0.00581	0.00191	0.00460	0.00632	0.00607	0.00919
45	0.00765	0.00597	0.00703	0.00716	0.00880	0.00535	0.00564	0.00970	0.01399	0.01798	0.25832	0.05335	0.40663	0.01393	0.00699	0.00203	0.00332	0.15549	0.00559	0.00508
46	0.02401	0.01129	0.01410	0.01093	0.01531	0.01085	0.00899	0.18488	0.06958	0.55581	0.02068	0.01834	0.01342	0.00708	0.00575	0.00177	0.00516	0.00567	0.00670	0.00969
47	0.00703	0.00514	0.00659	0.00771	0.00828	0.00474	0.00525	0.00811	0.01123	0.01471	0.03466	0.66119	0.13210	0.03462	0.00773	0.00235	0.00337	0.03527	0.00527	0.00466
