[name]
unknown

[dist]
# distance from previous block
# <min> <max>
0	64

[block]
# block no. 0 follows, 41 sequences, length 16
# corresponding to MSA columns:
# 112-127
name=unknown_A
#
# <colnr> <probs for GDERKNQSTAVLIFYWHMCP>
#	G	D	E	R	K	N	Q	S	T	A	V	L	I	F	Y	W	H	M	C	P
0	0.01366	0.01275	0.04166	0.43234	0.20582	0.04491	0.01533	0.08355	0.01370	0.04950	0.01150	0.01570	0.00891	0.00593	0.00572	0.00183	0.00728	0.01925	0.00316	0.00750
1	0.19813	0.00811	0.00916	0.00786	0.01061	0.00778	0.00619	0.01511	0.01425	0.13321	0.39184	0.02806	0.03187	0.00868	0.00558	0.00167	0.00359	0.00720	0.00544	0.10565
2	0.01818	0.01366	0.01593	0.01256	0.01602	0.01530	0.01035	0.41137	0.01982	0.07939	0.04408	0.01486	0.01126	0.00748	0.00852	0.00180	0.18174	0.00517	0.00484	0.10768
3	0.00825	0.00725	0.00875	0.00823	0.00952	0.00775	0.00640	0.00979	0.01234	0.01602	0.13988	0.10183	0.43883	0.01337	0.00950	0.00207	0.17961	0.01058	0.00481	0.00521
4	0.01329	0.01278	0.01851	0.08306	0.26581	0.04937	0.08495	0.01707	0.04951	0.01832	0.01109	0.01365	0.00901	0.00496	0.00521	0.00141	0.00622	0.00460	0.00318	0.32799
5	0.01358	0.01085	0.01250	0.00922	0.01409	0.00909	0.00740	0.08420	0.06773	0.05464	0.01202	0.01307	0.00951	0.00487	0.00456	0.00105	0.00448	0.00389	0.00395	0.65931
6	0.01177	0.01453	0.18224	0.01023	0.01607	0.00890	0.01001	0.01524	0.01191	0.01852	0.01019	0.01191	0.00820	0.00451	0.00451	0.00106	0.00518	0.00358	0.00317	0.64827
7	0.01497	0.01007	0.01218	0.00886	0.01379	0.00780	0.00714	0.01743	0.01288	0.18703	0.01296	0.01357	0.00975	0.00488	0.00458	0.00105	0.00438	0.00392	0.00422	0.64856
8	0.01275	0.01175	0.01776	0.01284	0.01793	0.00995	0.19956	0.06032	0.01319	0.01951	0.01140	0.03675	0.00950	0.00497	0.00508	0.00123	0.00575	0.00477	0.00346	0.54153
9	0.09879	0.25383	0.09592	0.01364	0.01822	0.13314	0.17485	0.01789	0.01265	0.01728	0.01042	0.01251	0.00840	0.00534	0.00479	0.00155	0.00720	0.00438	0.10214	0.00707
10	0.00797	0.00560	0.00614	0.00614	0.00657	0.00538	0.00366	0.00829	0.00938	0.01207	0.02700	0.04139	0.18728	0.62252	0.02409	0.00473	0.00495	0.00916	0.00388	0.00377
11	0.20148	0.51933	0.02326	0.00995	0.01427	0.12256	0.00915	0.01783	0.01182	0.01628	0.00808	0.00936	0.00709	0.00512	0.00384	0.00138	0.00631	0.00315	0.00276	0.00699
12	0.00944	0.00795	0.01333	0.01116	0.01277	0.00804	0.17082	0.01114	0.00975	0.01338	0.01575	0.02793	0.01609	0.39044	0.25129	0.00584	0.00944	0.00730	0.00321	0.00492
13	0.01238	0.18890	0.02094	0.45435	0.16478	0.01494	0.01464	0.01564	0.01181	0.01516	0.01030	0.01496	0.00848	0.00568	0.00530	0.00173	0.00707	0.02324	0.00264	0.00704
14	0.20392	0.01511	0.03664	0.03902	0.01593	0.14712	0.00947	0.16794	0.10683	0.14436	0.01476	0.04977	0.01132	0.00691	0.00521	0.00176	0.00611	0.00517	0.00474	0.00791
15	0.01658	0.06004	0.39866	0.01443	0.02099	0.01434	0.03251	0.22477	0.01688	0.12730	0.01288	0.01351	0.00895	0.00603	0.00550	0.00175	0.00726	0.00470	0.00401	0.00892

[dist]
# distance from previous block
# <min> <max>
0	1

[block]
# block no. 1 follows, 41 sequences, length 9
# corresponding to MSA columns:
# 129-137
name=unknown_B
#
# <colnr> <probs for GDERKNQSTAVLIFYWHMCP>
#	G	D	E	R	K	N	Q	S	T	A	V	L	I	F	Y	W	H	M	C	P
0	0.11818	0.00735	0.00782	0.00745	0.00942	0.00740	0.00569	0.04430	0.05526	0.01893	0.15028	0.05526	0.31461	0.07034	0.07519	0.00280	0.00468	0.03458	0.00495	0.00550
1	0.01275	0.00745	0.00931	0.00890	0.01055	0.00726	0.00651	0.10516	0.01371	0.16202	0.02542	0.39653	0.02687	0.13430	0.01018	0.00265	0.00443	0.04446	0.00542	0.00612
2	0.06468	0.09805	0.10816	0.04095	0.01810	0.01497	0.05874	0.17962	0.08209	0.12978	0.01393	0.03693	0.01068	0.00707	0.00719	0.00185	0.10937	0.00531	0.00432	0.00820
3	0.03345	0.33447	0.16251	0.01118	0.01614	0.01601	0.01131	0.04136	0.03145	0.07006	0.02929	0.01358	0.03053	0.00600	0.00557	0.00149	0.06147	0.00423	0.00329	0.11661
4	0.01852	0.01397	0.01511	0.01209	0.01598	0.01545	0.00981	0.51217	0.16316	0.03202	0.11398	0.01900	0.01703	0.00767	0.00588	0.00177	0.00548	0.00608	0.00582	0.00903
5	0.01145	0.01066	0.01736	0.60022	0.06050	0.01266	0.05299	0.04342	0.05467	0.01636	0.01388	0.01778	0.05139	0.00631	0.00584	0.00190	0.00720	0.00565	0.00304	0.00672
6	0.02044	0.13453	0.06367	0.01167	0.01574	0.04500	0.01032	0.09344	0.04519	0.37330	0.01618	0.01565	0.01123	0.00699	0.00710	0.00177	0.10896	0.00503	0.00512	0.00867
7	0.12753	0.01055	0.01257	0.04040	0.03644	0.01076	0.00860	0.07628	0.16028	0.33844	0.05163	0.03755	0.04868	0.00762	0.00559	0.00182	0.00480	0.00616	0.00582	0.00847
8	0.11968	0.00711	0.00756	0.00690	0.00935	0.00652	0.00537	0.01277	0.01356	0.13529	0.14300	0.04175	0.44696	0.01173	0.00618	0.00187	0.00338	0.00966	0.00549	0.00585

[dist]
# distance from previous block
# <min> <max>
1	20

[block]
# block no. 2 follows, 41 sequences, length 23
# corresponding to MSA columns:
# 158-180
name=unknown_C
#
# <colnr> <probs for GDERKNQSTAVLIFYWHMCP>
#	G	D	E	R	K	N	Q	S	T	A	V	L	I	F	Y	W	H	M	C	P
0	0.07899	0.01153	0.01367	0.17349	0.01967	0.03230	0.01024	0.10902	0.22014	0.17177	0.01937	0.02110	0.04145	0.00753	0.00573	0.00188	0.00558	0.04339	0.00508	0.00807
1	0.01291	0.06994	0.01647	0.14839	0.01841	0.04741	0.02527	0.01486	0.01047	0.06365	0.01089	0.01587	0.00965	0.05342	0.10492	0.00313	0.34005	0.00522	0.02274	0.00632
2	0.15746	0.06256	0.01245	0.00839	0.01319	0.00953	0.00687	0.01501	0.01147	0.01953	0.00963	0.01123	0.00800	0.00447	0.00408	0.00103	0.00439	0.00332	0.00335	0.63403
3	0.17415	0.04173	0.42674	0.01380	0.02009	0.01247	0.06508	0.01814	0.01205	0.09276	0.01245	0.06405	0.00984	0.00634	0.00526	0.00183	0.00700	0.00509	0.00332	0.00781
4	0.15353	0.00639	0.00729	0.00792	0.00913	0.00628	0.00556	0.00994	0.01080	0.01681	0.02598	0.60553	0.03034	0.01480	0.00644	0.00213	0.00357	0.01310	0.00487	0.05959
5	0.15685	0.00727	0.00895	0.00883	0.01067	0.00714	0.02293	0.01363	0.01203	0.14966	0.03898	0.43030	0.02736	0.01321	0.00639	0.00213	0.00407	0.06840	0.00527	0.00595
6	0.24097	0.49208	0.02241	0.06042	0.01539	0.03688	0.00920	0.01732	0.01134	0.03877	0.00855	0.00993	0.00724	0.00515	0.00387	0.00144	0.00582	0.00330	0.00290	0.00701
7	0.00812	0.00681	0.01140	0.01080	0.01209	0.00637	0.13482	0.00978	0.01140	0.01526	0.02802	0.65825	0.03271	0.01562	0.00720	0.00225	0.00443	0.01459	0.00489	0.00519
8	0.01768	0.00858	0.01124	0.00893	0.01250	0.00732	0.00717	0.02010	0.01552	0.40019	0.25385	0.02549	0.02576	0.00804	0.00580	0.00162	0.00407	0.00679	0.00618	0.15316
9	0.18524	0.34195	0.28866	0.01169	0.01753	0.01704	0.01307	0.01776	0.03053	0.01793	0.00917	0.01055	0.00733	0.00525	0.00433	0.00157	0.00656	0.00357	0.00275	0.00754
10	0.04439	0.10832	0.03197	0.01248	0.01651	0.23529	0.01032	0.24492	0.04679	0.15393	0.01375	0.01465	0.01028	0.00658	0.00532	0.00163	0.00708	0.02283	0.00465	0.00829
11	0.78200	0.01099	0.00889	0.03685	0.01224	0.01268	0.00663	0.01709	0.01001	0.04915	0.00852	0.00984	0.00651	0.00538	0.00369	0.00177	0.00456	0.00326	0.00362	0.00631
12	0.01761	0.01281	0.01434	0.14741	0.01943	0.07095	0.01033	0.14972	0.24414	0.18151	0.01890	0.01864	0.03338	0.00712	0.00570	0.00181	0.00580	0.00576	0.02620	0.00845
13	0.01025	0.00581	0.00780	0.00835	0.00940	0.00531	0.00585	0.01146	0.01190	0.14683	0.02995	0.65896	0.03367	0.01602	0.00703	0.00223	0.00359	0.01441	0.00562	0.00554
14	0.15454	0.00683	0.00760	0.00710	0.00881	0.00675	0.00530	0.01181	0.01384	0.04283	0.45390	0.03671	0.10642	0.10345	0.00879	0.00225	0.00342	0.00886	0.00541	0.00538
15	0.00838	0.00681	0.01027	0.27194	0.01883	0.00746	0.00887	0.01043	0.01142	0.01511	0.07497	0.46063	0.02832	0.03081	0.00721	0.00222	0.00479	0.01187	0.00440	0.00525
16	0.00760	0.00581	0.00697	0.00672	0.00825	0.00518	0.00503	0.00981	0.01494	0.02008	0.49387	0.06722	0.30207	0.01284	0.00677	0.00186	0.00278	0.01111	0.00592	0.00518
17	0.01234	0.08026	0.17473	0.22126	0.12557	0.01319	0.12514	0.01646	0.01218	0.01700	0.01030	0.01343	0.00801	0.00513	0.00540	0.00163	0.00731	0.00472	0.00274	0.14321
18	0.01302	0.01243	0.02116	0.28996	0.51736	0.01329	0.01699	0.01656	0.01249	0.01730	0.01056	0.01453	0.00857	0.00531	0.00568	0.00177	0.00708	0.00509	0.00273	0.00814
19	0.05472	0.01198	0.01705	0.32083	0.05519	0.04180	0.07006	0.09821	0.03482	0.15057	0.01370	0.01703	0.01022	0.00645	0.00605	0.00185	0.02664	0.02990	0.00400	0.02893
20	0.01216	0.01230	0.04650	0.42319	0.05230	0.01295	0.19807	0.07281	0.01320	0.01747	0.01253	0.07733	0.01050	0.00653	0.00609	0.00192	0.00769	0.00637	0.00311	0.00697
21	0.01139	0.00647	0.00811	0.03399	0.00925	0.00639	0.00513	0.01211	0.01001	0.14437	0.01884	0.06077	0.01928	0.54077	0.08513	0.00494	0.00622	0.00787	0.00411	0.00485
22	0.69382	0.01090	0.00994	0.14415	0.01604	0.01281	0.00790	0.01643	0.01003	0.02372	0.00835	0.01034	0.00645	0.00538	0.00392	0.00179	0.00499	0.00345	0.00336	0.00622

[dist]
# distance from previous block
# <min> <max>
0	9

[block]
# block no. 3 follows, 41 sequences, length 9
# corresponding to MSA columns:
# 190-198
name=unknown_D
#
# <colnr> <probs for GDERKNQSTAVLIFYWHMCP>
#	G	D	E	R	K	N	Q	S	T	A	V	L	I	F	Y	W	H	M	C	P
0	0.22110	0.00934	0.00789	0.00750	0.00872	0.09219	0.00499	0.01208	0.00955	0.01512	0.01445	0.02729	0.01560	0.50986	0.01997	0.00414	0.00579	0.00648	0.00343	0.00451
1	0.10085	0.00669	0.00807	0.00740	0.00916	0.00644	0.00562	0.01257	0.01516	0.07598	0.59339	0.03716	0.04446	0.04389	0.00727	0.00195	0.00316	0.00913	0.00593	0.00571
2	0.01508	0.02454	0.57707	0.01474	0.02217	0.01204	0.01790	0.02060	0.01317	0.20862	0.01339	0.01396	0.00900	0.00585	0.00552	0.00180	0.00754	0.00461	0.00360	0.00878
3	0.01186	0.01017	0.01186	0.00847	0.01356	0.00762	0.00678	0.01440	0.01186	0.01864	0.01017	0.01186	0.00847	0.00424	0.00424	0.00085	0.00424	0.00339	0.00339	0.83395
4	0.01560	0.11385	0.46361	0.01428	0.02119	0.01317	0.04356	0.02049	0.01317	0.20809	0.01317	0.01374	0.00907	0.00577	0.00536	0.00174	0.00731	0.00457	0.00362	0.00862
5	0.22661	0.06215	0.11385	0.01095	0.02965	0.02682	0.00991	0.05925	0.02856	0.22690	0.03819	0.02070	0.01376	0.02317	0.00574	0.00191	0.00552	0.08396	0.00471	0.00768
6	0.00700	0.00559	0.00627	0.00655	0.00799	0.00486	0.00474	0.00851	0.01296	0.01630	0.15120	0.24153	0.47644	0.01496	0.00690	0.00201	0.00298	0.01289	0.00545	0.00486
7	0.01059	0.00689	0.01001	0.00938	0.00938	0.00816	0.00689	0.00906	0.00778	0.01091	0.00932	0.01615	0.00932	0.01736	0.02144	0.62224	0.20423	0.00498	0.00249	0.00344
8	0.21874	0.00676	0.00705	0.00740	0.00893	0.00684	0.00538	0.01057	0.01157	0.01848	0.11024	0.38646	0.15476	0.01344	0.00619	0.00206	0.00346	0.01155	0.00497	0.00515

[dist]
# distance from previous block
# <min> <max>
0	4

[block]
# block no. 4 follows, 41 sequences, length 10
# corresponding to MSA columns:
# 203-212
name=unknown_E
#
# <colnr> <probs for GDERKNQSTAVLIFYWHMCP>
#	G	D	E	R	K	N	Q	S	T	A	V	L	I	F	Y	W	H	M	C	P
0	0.00728	0.00551	0.00671	0.00706	0.00821	0.00495	0.00505	0.00897	0.01330	0.01759	0.27826	0.32573	0.26093	0.01485	0.00696	0.00203	0.00299	0.01306	0.00563	0.00495
1	0.63581	0.16144	0.01279	0.00811	0.01195	0.01444	0.00701	0.01751	0.01048	0.06609	0.00880	0.00986	0.00687	0.00533	0.00369	0.00167	0.00477	0.00324	0.00354	0.00662
2	0.01378	0.01188	0.01273	0.01104	0.01462	0.01297	0.00862	0.02735	0.61207	0.02292	0.02079	0.01954	0.01575	0.00709	0.00552	0.00173	0.00447	0.00588	0.00536	0.16588
3	0.01660	0.01463	0.01552	0.15959	0.02065	0.10204	0.01122	0.25822	0.24362	0.02431	0.01527	0.01619	0.01150	0.00805	0.03046	0.00205	0.03176	0.00540	0.00464	0.00827
4	0.01251	0.01251	0.01752	0.01502	0.01502	0.01752	0.01251	0.01377	0.00876	0.01377	0.00751	0.01251	0.00751	0.01001	0.01877	0.00250	0.78851	0.00501	0.00250	0.00626
5	0.00727	0.00558	0.00666	0.00690	0.00817	0.00497	0.00498	0.00901	0.01349	0.01773	0.28689	0.26566	0.31298	0.01454	0.00691	0.00200	0.00295	0.01271	0.00564	0.00497
6	0.02227	0.05896	0.01701	0.01230	0.01686	0.01591	0.01025	0.54129	0.02365	0.20006	0.01540	0.01477	0.01059	0.00680	0.00561	0.00170	0.00596	0.00517	0.00584	0.00959
7	0.01285	0.01193	0.06918	0.13088	0.05344	0.01036	0.08216	0.07280	0.02914	0.06002	0.05733	0.06069	0.01478	0.00704	0.00565	0.00162	0.00583	0.05556	0.00395	0.25479
8	0.01203	0.10180	0.32224	0.03374	0.07397	0.01209	0.08369	0.01609	0.01225	0.05912	0.03308	0.16302	0.01521	0.02862	0.00642	0.00195	0.00678	0.00705	0.00343	0.00740
9	0.01986	0.01491	0.01616	0.01227	0.01694	0.01582	0.01009	0.60548	0.02404	0.03274	0.01305	0.01338	0.00949	0.00637	0.00544	0.00155	0.00590	0.00481	0.00528	0.16642

[dist]
# distance from previous block
# <min> <max>
0	7

[block]
# block no. 5 follows, 41 sequences, length 23
# corresponding to MSA columns:
# 220-242
name=unknown_F
#
# <colnr> <probs for GDERKNQSTAVLIFYWHMCP>
#	G	D	E	R	K	N	Q	S	T	A	V	L	I	F	Y	W	H	M	C	P
0	0.02273	0.00971	0.01280	0.00997	0.01403	0.00869	0.00816	0.07858	0.01701	0.59666	0.11667	0.02183	0.01881	0.00758	0.00584	0.00174	0.00468	0.00624	0.00678	0.03150
1	0.01513	0.03546	0.02655	0.24797	0.03364	0.01119	0.01107	0.12336	0.03727	0.17384	0.09390	0.06438	0.01831	0.00839	0.00605	0.00190	0.00577	0.07358	0.00482	0.00744
2	0.05053	0.34079	0.08288	0.01034	0.01501	0.02715	0.02213	0.01587	0.01173	0.01644	0.03406	0.01253	0.02314	0.00551	0.00523	0.00132	0.05830	0.00386	0.00298	0.26020
3	0.00925	0.00717	0.00894	0.00759	0.01008	0.00608	0.00582	0.01190	0.01487	0.02162	0.53069	0.03328	0.04004	0.00941	0.00598	0.00151	0.00317	0.00822	0.00541	0.25899
4	0.01230	0.02195	0.45901	0.25148	0.02867	0.01316	0.03657	0.05012	0.01274	0.04549	0.01088	0.01348	0.00776	0.00563	0.00558	0.00184	0.00800	0.00465	0.00279	0.00790
5	0.01080	0.01017	0.01716	0.78523	0.03940	0.01271	0.01589	0.01461	0.01144	0.01461	0.01017	0.01525	0.00762	0.00572	0.00572	0.00191	0.00762	0.00508	0.00254	0.00635
6	0.00920	0.00713	0.00889	0.00762	0.01007	0.00605	0.00582	0.01177	0.01463	0.02125	0.49786	0.06718	0.03932	0.00969	0.00600	0.00153	0.00320	0.00848	0.00536	0.25896
7	0.01348	0.00702	0.00912	0.00803	0.01036	0.00622	0.00622	0.01570	0.01537	0.26091	0.36518	0.10228	0.13458	0.01112	0.00648	0.00185	0.00348	0.00961	0.00633	0.00665
8	0.01142	0.01178	0.04573	0.62992	0.08259	0.03374	0.05907	0.01526	0.01181	0.01520	0.01063	0.02873	0.00829	0.00584	0.00578	0.00189	0.00772	0.00531	0.00264	0.00666
9	0.01950	0.01189	0.01939	0.01463	0.01919	0.01127	0.23315	0.04440	0.12478	0.38078	0.04596	0.01920	0.01430	0.00665	0.00610	0.00184	0.00624	0.00631	0.00555	0.00886
10	0.00930	0.00781	0.01051	0.00961	0.01048	0.00902	0.00753	0.01136	0.01333	0.01912	0.43967	0.10187	0.06285	0.01184	0.01048	0.00207	0.24328	0.00930	0.00501	0.00557
11	0.01253	0.01226	0.02000	0.45000	0.30700	0.04093	0.04369	0.01615	0.01228	0.01624	0.01039	0.01467	0.00819	0.00546	0.00572	0.00181	0.00749	0.00510	0.00268	0.00742
12	0.01154	0.01017	0.01348	0.24622	0.02146	0.00918	0.00957	0.01447	0.01173	0.01741	0.01017	0.01290	0.00821	0.00469	0.00469	0.00117	0.00527	0.00391	0.00313	0.58064
13	0.01334	0.44271	0.13820	0.24812	0.02377	0.01818	0.01337	0.01651	0.01163	0.01452	0.00898	0.01147	0.00741	0.00523	0.00456	0.00152	0.00693	0.00386	0.00247	0.00721
14	0.02268	0.02190	0.01531	0.01334	0.01674	0.54107	0.01024	0.02438	0.01626	0.24455	0.01304	0.01312	0.00945	0.00626	0.00534	0.00156	0.00865	0.00432	0.00421	0.00758
15	0.00775	0.00558	0.00734	0.00743	0.00847	0.00517	0.00537	0.00993	0.01459	0.02039	0.53723	0.27305	0.04903	0.01360	0.00692	0.00196	0.00289	0.01216	0.00599	0.00517
16	0.01065	0.00748	0.00939	0.00783	0.01056	0.00632	0.00606	0.01327	0.01488	0.08118	0.47166	0.03142	0.03686	0.00904	0.00590	0.00151	0.00334	0.00785	0.00547	0.25934
17	0.00913	0.01311	0.24078	0.00998	0.01351	0.00781	0.01021	0.01303	0.01493	0.02146	0.53072	0.03335	0.03967	0.00978	0.00634	0.00180	0.00446	0.00847	0.00511	0.00633
18	0.01209	0.02525	0.54420	0.01869	0.02633	0.01365	0.24193	0.01818	0.01251	0.01818	0.01066	0.01310	0.00768	0.00525	0.00584	0.00185	0.00882	0.00500	0.00256	0.00823
19	0.01149	0.00836	0.00986	0.00955	0.01119	0.00865	0.00701	0.23331	0.01583	0.02117	0.02608	0.55605	0.02923	0.01454	0.00682	0.00214	0.00423	0.01286	0.00544	0.00620
20	0.01103	0.00681	0.00733	0.00629	0.00877	0.00603	0.00485	0.01366	0.01195	0.02050	0.01606	0.01843	0.01277	0.00592	0.00407	0.00118	0.00315	0.00474	0.57751	0.25895
21	0.01133	0.01089	0.01727	0.54949	0.03193	0.01418	0.01485	0.01435	0.01062	0.01435	0.00935	0.01441	0.00759	0.00703	0.00971	0.00209	0.24663	0.00506	0.00253	0.00632
22	0.01835	0.01275	0.01354	0.01076	0.01435	0.01394	0.00877	0.52052	0.02233	0.03154	0.01524	0.01606	0.01124	0.00680	0.00519	0.00160	0.00518	0.00521	0.25824	0.00838

[dist]
# distance from previous block
# <min> <max>
0	16

[block]
# block no. 6 follows, 41 sequences, length 8
# corresponding to MSA columns:
# 259-266
name=unknown_G
#
# <colnr> <probs for GDERKNQSTAVLIFYWHMCP>
#	G	D	E	R	K	N	Q	S	T	A	V	L	I	F	Y	W	H	M	C	P
0	0.02566	0.00973	0.01327	0.01018	0.01460	0.00841	0.00841	0.02788	0.01637	0.76726	0.02257	0.01947	0.01416	0.00708	0.00575	0.00177	0.00487	0.00575	0.00708	0.00973
1	0.83938	0.01106	0.00841	0.00752	0.01106	0.01283	0.00619	0.01681	0.00973	0.02566	0.00796	0.00929	0.00619	0.00531	0.00354	0.00177	0.00442	0.00310	0.00354	0.00619
2	0.00676	0.00579	0.00579	0.00579	0.00773	0.00483	0.00435	0.00821	0.01304	0.01545	0.05794	0.05505	0.76098	0.01449	0.00676	0.00193	0.00290	0.01207	0.00531	0.00483
3	0.00922	0.00658	0.00922	0.01053	0.01185	0.00658	0.00922	0.01185	0.01317	0.01712	0.03029	0.06452	0.03292	0.01580	0.00790	0.00263	0.00527	0.72480	0.00527	0.00527
4	0.00818	0.00608	0.00896	0.00896	0.00990	0.00702	0.00686	0.01007	0.00912	0.01311	0.01553	0.02364	0.01481	0.10200	0.71791	0.00891	0.01456	0.00630	0.00310	0.00498
5	0.01468	0.00976	0.01118	0.00989	0.01288	0.01020	0.00779	0.02347	0.36414	0.18421	0.12417	0.03014	0.12500	0.00938	0.00614	0.00191	0.00417	0.03684	0.00606	0.00799
6	0.01951	0.04356	0.01622	0.01221	0.01646	0.04835	0.01001	0.54963	0.05208	0.03117	0.01419	0.04059	0.01088	0.00695	0.00550	0.00163	0.00599	0.00531	0.03450	0.07526
7	0.04322	0.23048	0.05831	0.01199	0.01607	0.18288	0.01047	0.12732	0.12991	0.07184	0.01375	0.01594	0.01112	0.00665	0.00510	0.00163	0.00675	0.04461	0.00407	0.00787

[dist]
# distance from previous block
# <min> <max>
1	6

[block]
# block no. 7 follows, 41 sequences, length 83
# corresponding to MSA columns:
# 279-361
name=unknown_H
#
# <colnr> <probs for GDERKNQSTAVLIFYWHMCP>
#	G	D	E	R	K	N	Q	S	T	A	V	L	I	F	Y	W	H	M	C	P
0	0.01421	0.23101	0.37856	0.01547	0.06685	0.01589	0.05459	0.07688	0.01347	0.05082	0.01056	0.01206	0.00798	0.00540	0.00506	0.00163	0.00738	0.00423	0.00296	0.02498
1	0.06407	0.16536	0.03302	0.01001	0.01327	0.08079	0.02387	0.02940	0.01296	0.11207	0.05289	0.15289	0.07797	0.00887	0.00603	0.00168	0.04307	0.00710	0.00423	0.10044
2	0.20333	0.15656	0.15396	0.01164	0.01628	0.14627	0.01109	0.11210	0.01457	0.06593	0.05059	0.01294	0.01029	0.00601	0.00477	0.00163	0.00665	0.00421	0.00368	0.00751
3	0.01336	0.01350	0.03932	0.01888	0.09065	0.01183	0.36887	0.01752	0.03156	0.04234	0.01163	0.01430	0.00901	0.00481	0.00571	0.00153	0.00724	0.00536	0.00325	0.28932
4	0.01315	0.01400	0.03709	0.04636	0.10706	0.09914	0.26111	0.03843	0.01334	0.01765	0.01455	0.15551	0.01379	0.00737	0.00605	0.00174	0.00720	0.00724	0.00347	0.13573
5	0.00715	0.00511	0.00685	0.00818	0.00859	0.00481	0.00563	0.00828	0.01113	0.01481	0.03142	0.73513	0.03743	0.01775	0.00735	0.00235	0.00348	0.07456	0.00531	0.00470
6	0.03706	0.01336	0.02073	0.26046	0.46126	0.06053	0.03095	0.01698	0.01266	0.01735	0.01040	0.01414	0.00843	0.00534	0.00561	0.00175	0.00725	0.00498	0.00277	0.00798
7	0.02129	0.01515	0.01647	0.01270	0.01715	0.01651	0.01045	0.65919	0.02538	0.08024	0.01474	0.03806	0.01083	0.00715	0.00574	0.00172	0.00606	0.00548	0.00574	0.02995
8	0.11533	0.02407	0.01531	0.01370	0.01686	0.60501	0.01043	0.08345	0.03470	0.01746	0.00951	0.01076	0.00768	0.00596	0.00504	0.00154	0.00915	0.00381	0.00332	0.00690
9	0.00961	0.00724	0.02723	0.01015	0.01186	0.00667	0.00890	0.01234	0.01356	0.03580	0.12340	0.05745	0.03369	0.01439	0.00751	0.00242	0.00496	0.57164	0.00531	0.03587
10	0.00816	0.00548	0.00628	0.00644	0.00648	0.00544	0.00368	0.00828	0.00862	0.01149	0.01958	0.12461	0.02275	0.70912	0.02660	0.00517	0.00529	0.00923	0.00368	0.00360
11	0.02174	0.01602	0.01717	0.01316	0.01774	0.01774	0.01087	0.74423	0.02689	0.03605	0.01373	0.01373	0.00973	0.00687	0.00572	0.00172	0.00629	0.00515	0.00572	0.00973
12	0.00697	0.00498	0.00664	0.00796	0.00830	0.00465	0.00531	0.00796	0.01095	0.01460	0.03153	0.79525	0.03783	0.01792	0.00730	0.00232	0.00332	0.01626	0.00531	0.00465
13	0.13974	0.01460	0.01509	0.01205	0.01623	0.01636	0.00985	0.50430	0.16038	0.03226	0.01468	0.01451	0.01066	0.00681	0.00542	0.00177	0.00569	0.00510	0.00542	0.00909
14	0.83938	0.01106	0.00841	0.00752	0.01106	0.01283	0.00619	0.01681	0.00973	0.02566	0.00796	0.00929	0.00619	0.00531	0.00354	0.00177	0.00442	0.00310	0.00354	0.00619
15	0.01898	0.05678	0.01493	0.01176	0.01554	0.10351	0.00943	0.12972	0.34321	0.20505	0.01922	0.01784	0.01382	0.00709	0.00560	0.00177	0.00563	0.00559	0.00559	0.00894
16	0.57431	0.01318	0.04823	0.01356	0.15053	0.03502	0.00942	0.06223	0.01170	0.02433	0.00897	0.01062	0.00702	0.00539	0.00420	0.00175	0.00534	0.00366	0.00347	0.00706
17	0.00832	0.00555	0.00624	0.00624	0.00624	0.00555	0.00347	0.00832	0.00832	0.01109	0.01802	0.03743	0.02080	0.79898	0.02911	0.00555	0.00555	0.00832	0.00347	0.00347
18	0.00803	0.00542	0.00632	0.00661	0.00668	0.00535	0.00386	0.00824	0.00888	0.01184	0.02090	0.19891	0.02443	0.63255	0.02447	0.00486	0.00507	0.01001	0.00386	0.00372
19	0.76211	0.03679	0.00941	0.00776	0.01140	0.01288	0.00645	0.01751	0.01021	0.07119	0.00887	0.00992	0.00673	0.00541	0.00368	0.00175	0.00451	0.00326	0.00372	0.00645
20	0.02566	0.00973	0.01327	0.01018	0.01460	0.00841	0.00841	0.02788	0.01637	0.76726	0.02257	0.01947	0.01416	0.00708	0.00575	0.00177	0.00487	0.00575	0.00708	0.00973
21	0.00788	0.00584	0.00735	0.00697	0.00841	0.00531	0.00523	0.01038	0.01569	0.02174	0.64768	0.04470	0.16732	0.01214	0.00675	0.00182	0.00273	0.01062	0.00614	0.00531
22	0.58515	0.01568	0.01087	0.00971	0.01312	0.22222	0.00770	0.04515	0.01214	0.02285	0.00842	0.00974	0.00665	0.00553	0.00406	0.00169	0.00611	0.00333	0.00346	0.00644
23	0.01080	0.01017	0.01716	0.78523	0.03940	0.01271	0.01589	0.01461	0.01144	0.01461	0.01017	0.01525	0.00762	0.00572	0.00572	0.00191	0.00762	0.00508	0.00254	0.00635
24	0.02174	0.01602	0.01717	0.01316	0.01774	0.01774	0.01087	0.74423	0.02689	0.03605	0.01373	0.01373	0.00973	0.00687	0.00572	0.00172	0.00629	0.00515	0.00572	0.00973
25	0.00680	0.00562	0.00597	0.00626	0.00785	0.00479	0.00455	0.00816	0.01259	0.01527	0.05231	0.21283	0.60683	0.01522	0.00688	0.00201	0.00299	0.01296	0.00531	0.00479
26	0.02056	0.13020	0.01804	0.01408	0.01728	0.67597	0.01088	0.02208	0.01560	0.01393	0.00872	0.01016	0.00736	0.00576	0.00496	0.00144	0.00976	0.00360	0.00288	0.00673
27	0.00697	0.00498	0.00664	0.00796	0.00830	0.00465	0.00531	0.00796	0.01095	0.01460	0.03153	0.79525	0.03783	0.01792	0.00730	0.00232	0.00332	0.01626	0.00531	0.00465
28	0.83938	0.01106	0.00841	0.00752	0.01106	0.01283	0.00619	0.01681	0.00973	0.02566	0.00796	0.00929	0.00619	0.00531	0.00354	0.00177	0.00442	0.00310	0.00354	0.00619
29	0.83938	0.01106	0.00841	0.00752	0.01106	0.01283	0.00619	0.01681	0.00973	0.02566	0.00796	0.00929	0.00619	0.00531	0.00354	0.00177	0.00442	0.00310	0.00354	0.00619
30	0.01350	0.01543	0.03375	0.02411	0.02989	0.01446	0.74253	0.01832	0.01350	0.01832	0.01157	0.01543	0.00868	0.00482	0.00675	0.00193	0.00964	0.00675	0.00289	0.00771
31	0.01614	0.01323	0.01401	0.01203	0.01560	0.01512	0.00952	0.21160	0.56866	0.02700	0.02086	0.01941	0.01550	0.00753	0.00580	0.00188	0.00498	0.00613	0.00580	0.00922
32	0.02495	0.00989	0.01325	0.01027	0.01462	0.00877	0.00845	0.02803	0.06199	0.72123	0.02261	0.01958	0.01436	0.00712	0.00576	0.00178	0.00485	0.00580	0.00700	0.00969
33	0.00704	0.00501	0.00662	0.00787	0.00818	0.00470	0.00521	0.00798	0.01081	0.01441	0.03078	0.75352	0.03689	0.06093	0.00850	0.00250	0.00344	0.01582	0.00521	0.00458
34	0.02566	0.00973	0.01327	0.01018	0.01460	0.00841	0.00841	0.02788	0.01637	0.76726	0.02257	0.01947	0.01416	0.00708	0.00575	0.00177	0.00487	0.00575	0.00708	0.00973
35	0.00705	0.00501	0.00661	0.00786	0.00817	0.00470	0.00520	0.00799	0.01079	0.01438	0.03069	0.74832	0.03678	0.06629	0.00865	0.00252	0.00346	0.01577	0.00520	0.00457
36	0.01080	0.00993	0.01658	0.74754	0.03781	0.01235	0.01531	0.01455	0.01146	0.01494	0.01058	0.01554	0.00796	0.00576	0.00564	0.00188	0.00739	0.00510	0.04257	0.00630
37	0.00712	0.00512	0.00675	0.00779	0.00831	0.00475	0.00529	0.00836	0.01173	0.01576	0.13145	0.66881	0.06361	0.01696	0.00721	0.00224	0.00322	0.01532	0.00544	0.00475
38	0.00701	0.00501	0.00667	0.00794	0.00830	0.00467	0.00531	0.00806	0.01112	0.01487	0.05529	0.77071	0.03836	0.01772	0.00728	0.00231	0.00330	0.01607	0.00534	0.00467
39	0.00697	0.00498	0.00664	0.00796	0.00830	0.00465	0.00531	0.00796	0.01095	0.01460	0.03153	0.79525	0.03783	0.01792	0.00730	0.00232	0.00332	0.01626	0.00531	0.00465
40	0.02688	0.01084	0.01431	0.01122	0.01569	0.00932	0.00905	0.02862	0.01724	0.74983	0.02383	0.02147	0.01551	0.00809	0.00642	0.00206	0.00540	0.00623	0.00752	0.01046
41	0.03020	0.00643	0.00805	0.00784	0.00936	0.00610	0.00579	0.01256	0.05725	0.08158	0.39739	0.24704	0.08278	0.01280	0.00668	0.00196	0.00321	0.01129	0.00594	0.00575
42	0.00827	0.00552	0.00625	0.00630	0.00631	0.00551	0.00353	0.00831	0.00841	0.01122	0.01851	0.06485	0.02141	0.77072	0.02832	0.00543	0.00546	0.00861	0.00353	0.00351
43	0.02174	0.01602	0.01717	0.01316	0.01774	0.01774	0.01087	0.74423	0.02689	0.03605	0.01373	0.01373	0.00973	0.00687	0.00572	0.00172	0.00629	0.00515	0.00572	0.00973
44	0.02128	0.01579	0.01690	0.01307	0.01756	0.01752	0.01076	0.70002	0.07186	0.03530	0.01432	0.01420	0.01021	0.00692	0.00573	0.00173	0.00618	0.00523	0.00573	0.00969
45	0.01416	0.01359	0.02322	0.03511	0.76330	0.01359	0.01755	0.01755	0.01302	0.01869	0.01076	0.01416	0.00906	0.00510	0.00566	0.00170	0.00680	0.00510	0.00283	0.00906
46	0.00719	0.00577	0.00648	0.00684	0.00840	0.00506	0.00520	0.00880	0.01291	0.01597	0.09064	0.17212	0.51115	0.01504	0.00699	0.00208	0.00326	0.10586	0.00536	0.00489
47	0.02174	0.01602	0.01717	0.01316	0.01774	0.01774	0.01087	0.74423	0.02689	0.03605	0.01373	0.01373	0.00973	0.00687	0.00572	0.00172	0.00629	0.00515	0.00572	0.00973
48	0.02146	0.01612	0.01699	0.01314	0.01763	0.03307	0.01081	0.70369	0.05295	0.03516	0.01398	0.01394	0.00996	0.00688	0.00571	0.00172	0.00631	0.00517	0.00567	0.00964
49	0.17491	0.36322	0.01995	0.01047	0.03242	0.05896	0.00898	0.08487	0.01348	0.01945	0.11326	0.01464	0.01388	0.00641	0.00513	0.00154	0.04339	0.00446	0.00354	0.00702
50	0.01544	0.00761	0.00975	0.00828	0.01109	0.00672	0.00654	0.01790	0.02969	0.34009	0.26981	0.05041	0.18209	0.01035	0.00632	0.00183	0.00372	0.00878	0.00640	0.00719
51	0.07048	0.15314	0.01829	0.01422	0.04367	0.55287	0.01082	0.02105	0.01470	0.01479	0.00867	0.01027	0.00736	0.00579	0.00526	0.00149	0.03380	0.00364	0.00288	0.00680
52	0.01087	0.01008	0.01706	0.72588	0.03754	0.01240	0.03599	0.01466	0.01152	0.01504	0.01062	0.01555	0.00799	0.00574	0.00566	0.00188	0.00744	0.00514	0.04258	0.00634
53	0.01303	0.01088	0.01248	0.00909	0.01406	0.00896	0.00730	0.09582	0.03702	0.02074	0.01098	0.01237	0.00890	0.00464	0.00445	0.00098	0.00447	0.00368	0.00372	0.71642
54	0.00821	0.00550	0.00627	0.00638	0.00641	0.00547	0.00362	0.00829	0.00854	0.01138	0.01915	0.10087	0.02222	0.73360	0.02729	0.00528	0.00536	0.00898	0.00362	0.00356
55	0.83938	0.01106	0.00841	0.00752	0.01106	0.01283	0.00619	0.01681	0.00973	0.02566	0.00796	0.00929	0.00619	0.00531	0.00354	0.00177	0.00442	0.00310	0.00354	0.00619
56	0.03399	0.60510	0.15405	0.01115	0.01649	0.06748	0.01171	0.01764	0.01194	0.01456	0.00840	0.00974	0.00730	0.00506	0.00406	0.00135	0.00673	0.00330	0.00250	0.00746
57	0.05149	0.02869	0.73257	0.01588	0.02409	0.01326	0.02041	0.01805	0.01196	0.01848	0.01015	0.01194	0.00719	0.00543	0.00534	0.00181	0.00826	0.00417	0.00247	0.00834
58	0.00897	0.00605	0.00677	0.00657	0.00679	0.00613	0.00382	0.04389	0.00922	0.01230	0.01782	0.03629	0.02026	0.76070	0.02798	0.00536	0.00558	0.00816	0.00357	0.00377
59	0.05085	0.01021	0.01673	0.74764	0.03803	0.01271	0.01542	0.01472	0.01135	0.01515	0.01006	0.01496	0.00756	0.00570	0.00561	0.00190	0.00747	0.00499	0.00259	0.00635
60	0.02409	0.00957	0.01290	0.01000	0.01417	0.00839	0.00822	0.04446	0.01662	0.68640	0.08427	0.02128	0.01739	0.00746	0.00583	0.00177	0.00472	0.00612	0.00698	0.00937
61	0.02566	0.00973	0.01327	0.01018	0.01460	0.00841	0.00841	0.02788	0.01637	0.76726	0.02257	0.01947	0.01416	0.00708	0.00575	0.00177	0.00487	0.00575	0.00708	0.00973
62	0.01080	0.01017	0.01716	0.78523	0.03940	0.01271	0.01589	0.01461	0.01144	0.01461	0.01017	0.01525	0.00762	0.00572	0.00572	0.00191	0.00762	0.00508	0.00254	0.00635
63	0.01341	0.01281	0.02158	0.08453	0.66045	0.01291	0.01651	0.01669	0.01292	0.01818	0.01404	0.01711	0.06187	0.00580	0.00574	0.00173	0.00658	0.00559	0.00299	0.00858
64	0.01887	0.00843	0.01120	0.00919	0.01247	0.00754	0.00740	0.02172	0.04279	0.47024	0.24951	0.02890	0.05059	0.00897	0.00614	0.00181	0.00414	0.02528	0.00669	0.00812
65	0.02233	0.01509	0.01659	0.01272	0.01727	0.01635	0.01051	0.63780	0.02533	0.14468	0.01505	0.01458	0.01039	0.00690	0.00573	0.00172	0.00608	0.00524	0.00592	0.00973
66	0.01147	0.02959	0.76934	0.01630	0.02476	0.01328	0.02113	0.01811	0.01208	0.01811	0.01026	0.01208	0.00725	0.00543	0.00543	0.00181	0.00845	0.00423	0.00242	0.00845
67	0.01249	0.22409	0.56703	0.01506	0.03797	0.01565	0.01820	0.01785	0.01198	0.01695	0.00969	0.01139	0.00731	0.00529	0.00499	0.00166	0.00783	0.00395	0.00243	0.00819
68	0.00794	0.00623	0.00724	0.00705	0.00871	0.00576	0.00531	0.01096	0.06433	0.01941	0.37135	0.08519	0.33560	0.01298	0.00675	0.00191	0.00300	0.02912	0.00579	0.00537
69	0.80939	0.01124	0.00873	0.00773	0.01131	0.01301	0.00637	0.04350	0.01036	0.02604	0.00818	0.00945	0.00632	0.00537	0.00362	0.00177	0.00449	0.00317	0.00362	0.00632
70	0.02512	0.00961	0.01310	0.01009	0.01442	0.00831	0.00831	0.02735	0.01637	0.74439	0.04523	0.02018	0.01538	0.00722	0.00578	0.00177	0.00480	0.00589	0.00706	0.00960
71	0.01350	0.01543	0.03375	0.02411	0.02989	0.01446	0.74253	0.01832	0.01350	0.01832	0.01157	0.01543	0.00868	0.00482	0.00675	0.00193	0.00964	0.00675	0.00289	0.00771
72	0.00687	0.00554	0.00613	0.00653	0.00794	0.00479	0.00469	0.00823	0.01250	0.01546	0.07538	0.28792	0.50709	0.01547	0.00693	0.00205	0.00302	0.01333	0.00535	0.00479
73	0.00806	0.00585	0.00760	0.00716	0.00853	0.00538	0.00537	0.01073	0.01612	0.02276	0.74338	0.04302	0.07099	0.01176	0.00675	0.00180	0.00270	0.01039	0.00627	0.00538
74	0.00697	0.00498	0.00664	0.00796	0.00830	0.00465	0.00531	0.00796	0.01095	0.01460	0.03153	0.79525	0.03783	0.01792	0.00730	0.00232	0.00332	0.01626	0.00531	0.00465
75	0.83938	0.01106	0.00841	0.00752	0.01106	0.01283	0.00619	0.01681	0.00973	0.02566	0.00796	0.00929	0.00619	0.00531	0.00354	0.00177	0.00442	0.00310	0.00354	0.00619
76	0.01529	0.80242	0.02997	0.00979	0.01468	0.02263	0.00979	0.01713	0.01162	0.01346	0.00795	0.00918	0.00734	0.00489	0.00367	0.00122	0.00612	0.00306	0.00245	0.00734
77	0.01080	0.01017	0.01716	0.78523	0.03940	0.01271	0.01589	0.01461	0.01144	0.01461	0.01017	0.01525	0.00762	0.00572	0.00572	0.00191	0.00762	0.00508	0.00254	0.00635
78	0.01186	0.01017	0.01186	0.00847	0.01356	0.00762	0.00678	0.01440	0.01186	0.01864	0.01017	0.01186	0.00847	0.00424	0.00424	0.00085	0.00424	0.00339	0.00339	0.83395
79	0.00679	0.00580	0.00584	0.00583	0.00775	0.00484	0.00437	0.00827	0.01312	0.01564	0.07568	0.05474	0.74312	0.01442	0.00676	0.00193	0.00289	0.01203	0.00534	0.00484
80	0.01147	0.02959	0.76934	0.01630	0.02476	0.01328	0.02113	0.01811	0.01208	0.01811	0.01026	0.01208	0.00725	0.00543	0.00543	0.00181	0.00845	0.00423	0.00242	0.00845
81	0.00676	0.00579	0.00579	0.00579	0.00773	0.00483	0.00435	0.00821	0.01304	0.01545	0.05794	0.05505	0.76098	0.01449	0.00676	0.00193	0.00290	0.01207	0.00531	0.00483
82	0.01423	0.01229	0.01293	0.01164	0.01487	0.01423	0.00905	0.03039	0.75297	0.02393	0.02328	0.02134	0.01746	0.00776	0.00582	0.00194	0.00453	0.00647	0.00582	0.00905

[dist]
# distance from previous block
# <min> <max>
0	1

[block]
# block no. 8 follows, 41 sequences, length 28
# corresponding to MSA columns:
# 363-390
name=unknown_I
#
# <colnr> <probs for GDERKNQSTAVLIFYWHMCP>
#	G	D	E	R	K	N	Q	S	T	A	V	L	I	F	Y	W	H	M	C	P
0	0.00697	0.00498	0.00664	0.00796	0.00830	0.00465	0.00531	0.00796	0.01095	0.01460	0.03153	0.79525	0.03783	0.01792	0.00730	0.00232	0.00332	0.01626	0.00531	0.00465
1	0.06353	0.02579	0.58470	0.01721	0.02486	0.01348	0.15470	0.01807	0.01220	0.01862	0.01036	0.01253	0.00745	0.00531	0.00556	0.00183	0.00842	0.00463	0.00257	0.00817
2	0.01080	0.01017	0.01716	0.78523	0.03940	0.01271	0.01589	0.01461	0.01144	0.01461	0.01017	0.01525	0.00762	0.00572	0.00572	0.00191	0.00762	0.00508	0.00254	0.00635
3	0.02566	0.00973	0.01327	0.01018	0.01460	0.00841	0.00841	0.02788	0.01637	0.76726	0.02257	0.01947	0.01416	0.00708	0.00575	0.00177	0.00487	0.00575	0.00708	0.00973
4	0.00977	0.00497	0.00741	0.00748	0.00750	0.00495	0.00499	0.00748	0.00764	0.01019	0.01112	0.06009	0.01147	0.01976	0.02153	0.78794	0.00488	0.00559	0.00264	0.00260
5	0.06951	0.04425	0.01773	0.01897	0.21418	0.32411	0.01217	0.10476	0.10432	0.01968	0.01156	0.01295	0.00922	0.00595	0.00529	0.00163	0.00773	0.00450	0.00360	0.00792
6	0.02255	0.01472	0.01636	0.01255	0.01709	0.01581	0.01036	0.59646	0.02472	0.18688	0.01555	0.01492	0.01064	0.00691	0.00573	0.00173	0.00600	0.00527	0.00600	0.00973
7	0.00710	0.00507	0.00679	0.00811	0.00850	0.00476	0.00554	0.00819	0.01108	0.01475	0.03145	0.75305	0.03755	0.01780	0.00734	0.00234	0.00343	0.05718	0.00531	0.00468
8	0.01527	0.01512	0.04074	0.02687	0.48526	0.07822	0.01502	0.07425	0.15245	0.02054	0.01314	0.01509	0.01049	0.00580	0.00565	0.00173	0.00668	0.00521	0.00360	0.00889
9	0.00970	0.00497	0.00739	0.00749	0.00752	0.00494	0.00500	0.00749	0.00773	0.01031	0.01166	0.07957	0.01217	0.01971	0.02115	0.76713	0.00484	0.00587	0.00271	0.00266
10	0.11460	0.15480	0.01777	0.06259	0.11353	0.18066	0.01070	0.09691	0.07869	0.05239	0.01412	0.01510	0.05241	0.00635	0.00504	0.00163	0.00665	0.00475	0.00375	0.00757
11	0.01168	0.02814	0.69402	0.01710	0.02528	0.01340	0.09501	0.01814	0.01222	0.01814	0.01040	0.01242	0.00739	0.00537	0.00557	0.00182	0.00858	0.00449	0.00246	0.00838
12	0.01416	0.01359	0.02322	0.03511	0.76330	0.01359	0.01755	0.01755	0.01302	0.01869	0.01076	0.01416	0.00906	0.00510	0.00566	0.00170	0.00680	0.00510	0.00283	0.00906
13	0.00867	0.00661	0.00800	0.00852	0.00962	0.00670	0.00613	0.01266	0.14714	0.01700	0.09133	0.42689	0.07890	0.07421	0.00865	0.00245	0.00379	0.07188	0.00534	0.00549
14	0.05229	0.01802	0.01681	0.14415	0.09075	0.26089	0.01206	0.27517	0.01855	0.02284	0.01203	0.01366	0.02513	0.00630	0.00547	0.00168	0.00771	0.00473	0.00393	0.00785
15	0.00697	0.00498	0.00664	0.00796	0.00830	0.00465	0.00531	0.00796	0.01095	0.01460	0.03153	0.79525	0.03783	0.01792	0.00730	0.00232	0.00332	0.01626	0.00531	0.00465
16	0.00788	0.00576	0.00741	0.00731	0.00858	0.00530	0.00545	0.01024	0.01510	0.02091	0.56894	0.13965	0.11882	0.01293	0.00687	0.00191	0.00291	0.04276	0.00603	0.00524
17	0.10165	0.00756	0.00843	0.00823	0.01018	0.00760	0.00638	0.06127	0.06586	0.03636	0.16622	0.18067	0.20513	0.01261	0.00648	0.00203	0.00379	0.09833	0.00539	0.00584
18	0.04649	0.01441	0.01539	0.01210	0.01625	0.03094	0.00989	0.53564	0.06609	0.10000	0.06250	0.01732	0.03180	0.00736	0.00574	0.00174	0.00578	0.00568	0.00575	0.00912
19	0.00770	0.00560	0.00725	0.00733	0.00843	0.00515	0.00531	0.00984	0.01451	0.02013	0.51172	0.25822	0.09020	0.01363	0.00691	0.00196	0.00289	0.01213	0.00596	0.00515
20	0.00866	0.00641	0.00730	0.00719	0.00812	0.00640	0.00480	0.01143	0.10235	0.01573	0.15826	0.11497	0.12809	0.37606	0.01703	0.00362	0.00433	0.00976	0.00470	0.00480
21	0.07144	0.01098	0.01707	0.61781	0.03455	0.01334	0.03820	0.08004	0.01270	0.01742	0.01031	0.01463	0.00774	0.00586	0.00590	0.00189	0.02552	0.00500	0.00291	0.00669
22	0.72316	0.01075	0.00892	0.00781	0.01138	0.01211	0.00642	0.01786	0.01067	0.10807	0.03286	0.01146	0.00856	0.00570	0.00389	0.00177	0.00442	0.00362	0.00402	0.00656
23	0.00676	0.00579	0.00579	0.00579	0.00773	0.00483	0.00435	0.00821	0.01304	0.01545	0.05794	0.05505	0.76098	0.01449	0.00676	0.00193	0.00290	0.01207	0.00531	0.00483
24	0.01618	0.01303	0.01329	0.01171	0.01510	0.06121	0.00915	0.04925	0.60321	0.10823	0.02204	0.02023	0.01624	0.00754	0.00577	0.00189	0.00498	0.00618	0.00578	0.00900
25	0.02115	0.01476	0.01612	0.01250	0.01677	0.01609	0.01023	0.63311	0.02484	0.09829	0.01524	0.04132	0.01142	0.03292	0.00654	0.00187	0.00605	0.00568	0.00575	0.00935
26	0.03844	0.01382	0.01543	0.01197	0.01643	0.01448	0.03182	0.40209	0.15288	0.02893	0.01439	0.01459	0.01070	0.00630	0.00536	0.00156	0.00554	0.00497	0.00504	0.20525
27	0.02002	0.03457	0.03702	0.01267	0.01708	0.01644	0.01060	0.51658	0.17299	0.07826	0.01599	0.01548	0.01145	0.00697	0.00569	0.00176	0.00590	0.00538	0.00566	0.00950

[dist]
# distance from previous block
# <min> <max>
5	12

[block]
# block no. 9 follows, 41 sequences, length 81
# corresponding to MSA columns:
# 404-484
name=unknown_J
#
# <colnr> <probs for GDERKNQSTAVLIFYWHMCP>
#	G	D	E	R	K	N	Q	S	T	A	V	L	I	F	Y	W	H	M	C	P
0	0.01786	0.18778	0.11266	0.01613	0.12995	0.10695	0.01275	0.24882	0.03998	0.05713	0.01173	0.01270	0.00897	0.00592	0.00517	0.00160	0.00695	0.00447	0.00391	0.00857
1	0.06620	0.05800	0.09070	0.03656	0.01678	0.01407	0.01073	0.21718	0.22636	0.07727	0.01729	0.02011	0.01361	0.00818	0.02120	0.00199	0.00588	0.06642	0.00495	0.02653
2	0.06193	0.41359	0.08419	0.01075	0.01543	0.05723	0.01027	0.09062	0.03345	0.11132	0.05281	0.01339	0.01121	0.00593	0.00458	0.00148	0.00607	0.00423	0.00373	0.00780
3	0.17398	0.39873	0.04103	0.00996	0.01395	0.12250	0.00903	0.03417	0.01286	0.01778	0.10658	0.01393	0.01327	0.00606	0.00435	0.00147	0.00599	0.00419	0.00331	0.00685
4	0.16515	0.08838	0.01672	0.01199	0.01628	0.08304	0.00996	0.48676	0.02154	0.03023	0.01176	0.01224	0.00868	0.00633	0.00510	0.00166	0.00630	0.00447	0.00480	0.00862
5	0.01568	0.01465	0.01385	0.01197	0.03898	0.14758	0.00908	0.14567	0.22182	0.02210	0.01704	0.01718	0.05553	0.00660	0.00529	0.00150	0.00575	0.00517	0.00449	0.24008
6	0.00884	0.00618	0.00756	0.00757	0.00811	0.00643	0.00499	0.05218	0.01007	0.01365	0.01967	0.17051	0.02190	0.45567	0.17664	0.00548	0.00719	0.00912	0.00385	0.00439
7	0.01295	0.01728	0.15896	0.05612	0.09134	0.01391	0.50927	0.01784	0.01307	0.01808	0.01163	0.03101	0.00903	0.00526	0.00640	0.00190	0.00898	0.00630	0.00284	0.00783
8	0.00696	0.00503	0.00659	0.00784	0.00826	0.00466	0.00525	0.00798	0.01107	0.01465	0.03309	0.75146	0.08061	0.01772	0.00727	0.00230	0.00329	0.01601	0.00531	0.00466
9	0.00817	0.00613	0.00919	0.00919	0.01021	0.00715	0.00715	0.01021	0.00919	0.01328	0.01532	0.02247	0.01430	0.04290	0.77631	0.00919	0.01532	0.00613	0.00306	0.00511
10	0.01229	0.04269	0.59690	0.01932	0.14225	0.03341	0.03821	0.01813	0.01236	0.01801	0.01029	0.01239	0.00758	0.00537	0.00546	0.00178	0.00822	0.00439	0.00251	0.00846
11	0.01378	0.06066	0.02698	0.11923	0.31203	0.01450	0.31062	0.03900	0.01335	0.01825	0.01094	0.01450	0.00865	0.00510	0.00599	0.00179	0.00800	0.00565	0.00288	0.00811
12	0.00697	0.00498	0.00664	0.00796	0.00830	0.00465	0.00531	0.00796	0.01095	0.01460	0.03153	0.79525	0.03783	0.01792	0.00730	0.00232	0.00332	0.01626	0.00531	0.00465
13	0.02174	0.01602	0.01717	0.01316	0.01774	0.01774	0.01087	0.74423	0.02689	0.03605	0.01373	0.01373	0.00973	0.00687	0.00572	0.00172	0.00629	0.00515	0.00572	0.00973
14	0.00974	0.00707	0.00793	0.00748	0.00856	0.00720	0.00505	0.07727	0.07130	0.01667	0.12482	0.07874	0.10434	0.42828	0.01845	0.00383	0.00473	0.00900	0.00455	0.00496
15	0.02049	0.01481	0.01605	0.01260	0.01682	0.01628	0.01030	0.61513	0.07942	0.06706	0.01590	0.06079	0.01217	0.00760	0.00582	0.00177	0.00592	0.00593	0.00577	0.00938
16	0.00824	0.00604	0.00874	0.00874	0.00964	0.00691	0.00662	0.01004	0.00914	0.01318	0.01573	0.02432	0.01512	0.13693	0.66569	0.00856	0.01382	0.00639	0.02124	0.00491
17	0.01186	0.01017	0.01186	0.00847	0.01356	0.00762	0.00678	0.01440	0.01186	0.01864	0.01017	0.01186	0.00847	0.00424	0.00424	0.00085	0.00424	0.00339	0.00339	0.83395
18	0.02148	0.01524	0.01659	0.01268	0.01728	0.01650	0.01047	0.65187	0.02530	0.08793	0.01417	0.01404	0.00998	0.00674	0.00564	0.00167	0.00608	0.00510	0.00569	0.05556
19	0.00697	0.00498	0.00664	0.00796	0.00830	0.00465	0.00531	0.00796	0.01095	0.01460	0.03153	0.79525	0.03783	0.01792	0.00730	0.00232	0.00332	0.01626	0.00531	0.00465
20	0.00697	0.00498	0.00664	0.00796	0.00830	0.00465	0.00531	0.00796	0.01095	0.01460	0.03153	0.79525	0.03783	0.01792	0.00730	0.00232	0.00332	0.01626	0.00531	0.00465
