[name]
unknown

[dist]
# distance from previous block
# <min> <max>
0	113

[block]
# block no. 0 follows, 48 sequences, length 23
# corresponding to MSA columns:
# 144-166
name=unknown_A
#
# <colnr> <probs for GDERKNQSTAVLIFYWHMCP>
#	G	D	E	R	K	N	Q	S	T	A	V	L	I	F	Y	W	H	M	C	P
0	0.03481	0.03554	0.03228	0.02598	0.03337	0.03709	0.02810	0.15078	0.01357	0.01817	0.10191	0.16911	0.06538	0.07711	0.00752	0.00209	0.00468	0.15259	0.00433	0.00560
1	0.06061	0.08013	0.24764	0.09546	0.03298	0.01075	0.14434	0.01367	0.01093	0.01578	0.06709	0.15717	0.01461	0.00713	0.00525	0.00167	0.00603	0.00644	0.00305	0.01929
2	0.11595	0.00914	0.00988	0.04926	0.01206	0.04772	0.00693	0.13066	0.06821	0.11833	0.23752	0.09670	0.05996	0.00846	0.00532	0.00164	0.00409	0.00703	0.00488	0.00626
3	0.01858	0.01261	0.06317	0.01059	0.01464	0.01203	0.00908	0.40123	0.03976	0.24819	0.01468	0.01500	0.01042	0.05159	0.00623	0.00171	0.00522	0.00483	0.00507	0.05537
4	0.23494	0.02574	0.05750	0.00873	0.01241	0.00974	0.00759	0.10291	0.02714	0.33931	0.05129	0.01675	0.05477	0.00635	0.00465	0.00158	0.00439	0.00486	0.02207	0.00729
5	0.06023	0.00727	0.00756	0.00726	0.00851	0.05677	0.00525	0.04454	0.01136	0.05512	0.15140	0.14250	0.09013	0.23541	0.01150	0.00264	0.01711	0.04980	0.03093	0.00471
6	0.01596	0.01188	0.01308	0.01063	0.01384	0.01296	0.00864	0.54835	0.02015	0.02695	0.01749	0.11856	0.06264	0.00833	0.00577	0.00167	0.02680	0.04805	0.00492	0.02335
7	0.00735	0.00542	0.00784	0.00784	0.00861	0.00619	0.00590	0.00890	0.00812	0.01161	0.01412	0.02223	0.01373	0.15937	0.67969	0.00774	0.01239	0.00580	0.00280	0.00435
8	0.01244	0.14807	0.02400	0.09152	0.23160	0.03588	0.27684	0.01550	0.01122	0.01501	0.00912	0.01221	0.00746	0.00494	0.00621	0.00160	0.08225	0.00474	0.00245	0.00694
9	0.01244	0.01330	0.06916	0.10574	0.55263	0.05366	0.03417	0.01560	0.01158	0.01613	0.00946	0.01239	0.00777	0.00463	0.00499	0.00149	0.00635	0.00439	0.00253	0.06157
10	0.00732	0.00492	0.00564	0.00577	0.00581	0.00488	0.00330	0.00743	0.00773	0.01031	0.01755	0.12275	0.02040	0.72812	0.02389	0.00465	0.00475	0.00827	0.00330	0.00323
11	0.00821	0.00545	0.00670	0.00643	0.00784	0.00490	0.00478	0.00999	0.01281	0.08254	0.38383	0.11694	0.23793	0.06316	0.00733	0.00192	0.00290	0.02627	0.00520	0.00486
12	0.02338	0.14426	0.15777	0.09777	0.01917	0.08800	0.10380	0.04048	0.01075	0.01441	0.00824	0.01107	0.00685	0.00605	0.00830	0.00171	0.24500	0.00416	0.00242	0.00642
13	0.00897	0.00628	0.00716	0.00669	0.00739	0.00656	0.00436	0.09885	0.02696	0.01341	0.03821	0.02996	0.03117	0.59893	0.09021	0.00463	0.00569	0.00703	0.00347	0.00409
14	0.02302	0.00873	0.01191	0.00913	0.01310	0.00754	0.00754	0.02501	0.01469	0.79122	0.02024	0.01746	0.01270	0.00635	0.00516	0.00159	0.00437	0.00516	0.00635	0.00873
15	0.00662	0.00474	0.00631	0.00708	0.00766	0.00443	0.00496	0.00798	0.01116	0.01517	0.22697	0.57439	0.03752	0.01451	0.00645	0.00197	0.00292	0.04979	0.00499	0.00437
16	0.01179	0.24546	0.37801	0.11106	0.02068	0.03967	0.04313	0.04013	0.02294	0.01514	0.00962	0.01135	0.01999	0.00497	0.00453	0.00148	0.00680	0.00384	0.00241	0.00698
17	0.01175	0.02187	0.54567	0.05932	0.02248	0.01205	0.11566	0.05514	0.01181	0.06327	0.01012	0.01187	0.00718	0.00506	0.00534	0.00165	0.02536	0.00427	0.00263	0.00747
18	0.01238	0.00971	0.01064	0.00953	0.01218	0.01080	0.00741	0.02356	0.57161	0.07661	0.15529	0.02309	0.03931	0.00768	0.00538	0.00171	0.00376	0.00648	0.00537	0.00750
19	0.06723	0.01376	0.06393	0.23381	0.25920	0.10690	0.06213	0.08171	0.01259	0.03681	0.00966	0.01232	0.00748	0.00501	0.00497	0.00158	0.00671	0.00437	0.00283	0.00700
20	0.01038	0.00891	0.01339	0.18862	0.10436	0.00952	0.06923	0.09480	0.04557	0.01644	0.01644	0.26767	0.01664	0.02668	0.00638	0.00183	0.02966	0.00791	0.02100	0.04462
21	0.01050	0.00995	0.01503	0.40687	0.02399	0.01303	0.01227	0.03370	0.00948	0.01316	0.00856	0.01362	0.00745	0.04849	0.01118	0.00210	0.34795	0.00468	0.00239	0.00562
22	0.01284	0.01103	0.05108	0.00995	0.01316	0.01120	0.00816	0.04756	0.53062	0.07879	0.03520	0.03637	0.06317	0.00721	0.00520	0.00166	0.00416	0.00599	0.00498	0.06166

[dist]
# distance from previous block
# <min> <max>
0	1

[block]
# block no. 1 follows, 48 sequences, length 7
# corresponding to MSA columns:
# 168-174
name=unknown_B
#
# <colnr> <probs for GDERKNQSTAVLIFYWHMCP>
#	G	D	E	R	K	N	Q	S	T	A	V	L	I	F	Y	W	H	M	C	P
0	0.03300	0.15181	0.01544	0.03439	0.01367	0.01230	0.07133	0.06785	0.11009	0.06086	0.08703	0.12923	0.03554	0.00820	0.00718	0.00172	0.14370	0.00652	0.00384	0.00630
1	0.00647	0.00468	0.00605	0.00682	0.00737	0.00434	0.00464	0.00763	0.01070	0.01436	0.16561	0.58834	0.08886	0.04965	0.00727	0.00210	0.00294	0.01306	0.00485	0.00425
2	0.01373	0.01289	0.13523	0.01015	0.01368	0.04459	0.00917	0.19989	0.12872	0.10922	0.14631	0.04678	0.06887	0.03019	0.00593	0.00172	0.00488	0.00626	0.00470	0.00709
3	0.01245	0.00947	0.01111	0.00805	0.01252	0.00757	0.00649	0.06937	0.01200	0.09043	0.01040	0.01140	0.00816	0.00421	0.00402	0.00089	0.00399	0.00335	0.00350	0.71061
4	0.01452	0.08148	0.01416	0.04967	0.01426	0.01306	0.00884	0.36907	0.01678	0.04682	0.05352	0.16096	0.01497	0.00836	0.00677	0.00170	0.10721	0.00652	0.00437	0.00696
5	0.01053	0.01045	0.07854	0.00860	0.01274	0.00777	0.00744	0.04390	0.01100	0.01674	0.01120	0.09692	0.01033	0.00554	0.00483	0.00108	0.04073	0.00447	0.00320	0.61397
6	0.00934	0.00632	0.00755	0.00747	0.00883	0.00612	0.00539	0.11034	0.01212	0.05577	0.02556	0.47203	0.09143	0.05227	0.00688	0.00198	0.00346	0.01091	0.06419	0.04205

[dist]
# distance from previous block
# <min> <max>
3	29

[block]
# block no. 2 follows, 48 sequences, length 10
# corresponding to MSA columns:
# 204-213
name=unknown_C
#
# <colnr> <probs for GDERKNQSTAVLIFYWHMCP>
#	G	D	E	R	K	N	Q	S	T	A	V	L	I	F	Y	W	H	M	C	P
0	0.00749	0.00540	0.00703	0.00699	0.00740	0.00586	0.00480	0.00838	0.00837	0.01163	0.06728	0.07672	0.01910	0.41483	0.28717	0.00557	0.04164	0.00723	0.00322	0.00390
1	0.11323	0.01319	0.01517	0.13473	0.18399	0.12796	0.04174	0.19455	0.01448	0.01997	0.01209	0.01388	0.04646	0.00563	0.00484	0.00154	0.00609	0.00457	0.03900	0.00690
2	0.01466	0.03902	0.06507	0.01044	0.01334	0.07633	0.00873	0.34596	0.05150	0.02202	0.01344	0.06600	0.01175	0.11588	0.00859	0.00204	0.05916	0.00546	0.06378	0.00680
3	0.00740	0.00569	0.00711	0.02663	0.00938	0.00549	0.00615	0.00973	0.04951	0.01477	0.06151	0.20550	0.25613	0.03064	0.00690	0.00210	0.00367	0.28232	0.00471	0.00466
4	0.01056	0.00964	0.01360	0.09147	0.23851	0.05064	0.04758	0.01423	0.09735	0.03071	0.07770	0.17081	0.09581	0.00858	0.00561	0.00171	0.00496	0.02042	0.00381	0.00630
5	0.06624	0.04469	0.01299	0.00963	0.01354	0.01069	0.00796	0.19568	0.08946	0.41692	0.01648	0.01510	0.01109	0.00603	0.00488	0.00152	0.00462	0.00473	0.00540	0.06235
6	0.01133	0.01156	0.06382	0.01349	0.14943	0.14212	0.00949	0.03055	0.01237	0.04697	0.04783	0.14567	0.10274	0.00986	0.00581	0.00180	0.00537	0.18001	0.00393	0.00586
7	0.01338	0.74348	0.10318	0.00936	0.01407	0.01947	0.00979	0.01545	0.01047	0.01249	0.00734	0.00849	0.00658	0.00444	0.00345	0.00115	0.00570	0.00285	0.00219	0.00668
8	0.40443	0.26789	0.04938	0.06222	0.01396	0.03978	0.04002	0.01522	0.00986	0.01785	0.00785	0.00940	0.00640	0.00471	0.00360	0.00143	0.00511	0.00316	0.03171	0.00602
9	0.01396	0.01548	0.07602	0.12098	0.34176	0.17954	0.06231	0.03569	0.05101	0.03948	0.01018	0.01248	0.00803	0.00501	0.00505	0.00154	0.00697	0.00442	0.00282	0.00727

[dist]
# distance from previous block
# <min> <max>
0	1

[block]
# block no. 3 follows, 48 sequences, length 22
# corresponding to MSA columns:
# 215-236
name=unknown_D
#
# <colnr> <probs for GDERKNQSTAVLIFYWHMCP>
#	G	D	E	R	K	N	Q	S	T	A	V	L	I	F	Y	W	H	M	C	P
0	0.06545	0.01114	0.01189	0.01025	0.01345	0.01252	0.00812	0.12448	0.54771	0.10846	0.01886	0.01741	0.01381	0.00666	0.00508	0.00169	0.00430	0.00539	0.00521	0.00812
1	0.00962	0.01491	0.31034	0.04567	0.06509	0.00941	0.04007	0.01469	0.08639	0.01787	0.24593	0.02376	0.03540	0.00744	0.00548	0.00168	0.00534	0.05064	0.00375	0.00651
2	0.00647	0.00472	0.00599	0.00670	0.00731	0.00435	0.00457	0.00762	0.01070	0.01426	0.15727	0.54514	0.12862	0.06178	0.00755	0.00213	0.00295	0.01282	0.00481	0.00424
3	0.04982	0.03341	0.11720	0.05000	0.16443	0.05426	0.24504	0.07383	0.03126	0.01725	0.01126	0.07150	0.00960	0.00582	0.00584	0.00167	0.04238	0.00551	0.00294	0.00697
4	0.03027	0.00961	0.01003	0.00979	0.01181	0.10970	0.00799	0.05630	0.09037	0.12028	0.02158	0.08479	0.02118	0.03930	0.00678	0.00208	0.00513	0.35245	0.00466	0.00590
5	0.00761	0.00601	0.00849	0.00963	0.06579	0.00608	0.02126	0.02121	0.01071	0.01464	0.10461	0.53452	0.05654	0.01345	0.00705	0.00197	0.06164	0.02770	0.01632	0.00479
6	0.02053	0.01272	0.01438	0.01102	0.01509	0.01347	0.00911	0.55262	0.02137	0.25417	0.01464	0.01382	0.00989	0.00622	0.00514	0.00155	0.00527	0.00478	0.00549	0.00873
7	0.00745	0.00503	0.00588	0.00588	0.00597	0.00513	0.00346	0.00764	0.00754	0.01016	0.01591	0.03215	0.01804	0.73683	0.10812	0.00532	0.00590	0.00725	0.00307	0.00327
8	0.01314	0.01688	0.25853	0.01779	0.10848	0.01231	0.26496	0.09746	0.03096	0.07516	0.01121	0.01310	0.00819	0.00506	0.00554	0.00164	0.02252	0.00491	0.02462	0.00753
9	0.02134	0.01070	0.01303	0.01007	0.01403	0.01055	0.00829	0.26911	0.05709	0.50323	0.01768	0.01587	0.01155	0.00632	0.00515	0.00158	0.00477	0.00502	0.00589	0.00870
10	0.01356	0.01087	0.01264	0.01038	0.05517	0.01021	0.00787	0.21449	0.08364	0.03817	0.01126	0.01212	0.00875	0.00489	0.00458	0.00114	0.01687	0.00386	0.00382	0.47572
11	0.01238	0.01180	0.02008	0.06807	0.72149	0.01191	0.01539	0.01542	0.01162	0.01653	0.01030	0.01448	0.00889	0.00497	0.00516	0.00157	0.00608	0.03336	0.00261	0.00788
12	0.00643	0.00524	0.00562	0.00566	0.00720	0.00454	0.00427	0.00785	0.01176	0.01445	0.12368	0.04799	0.61146	0.05765	0.00725	0.00195	0.00287	0.06504	0.00476	0.00435
13	0.00969	0.00912	0.01539	0.80734	0.03534	0.01140	0.01425	0.01311	0.01026	0.01311	0.00912	0.01368	0.00684	0.00513	0.00513	0.00171	0.00684	0.00456	0.00228	0.00570
14	0.00680	0.00509	0.00720	0.00784	0.00835	0.00495	0.03212	0.00785	0.00976	0.01306	0.02586	0.65216	0.03052	0.07497	0.02664	0.00245	0.02248	0.05319	0.00446	0.00426
15	0.00650	0.00461	0.00605	0.00697	0.00729	0.00440	0.00463	0.00738	0.00963	0.01293	0.05554	0.64772	0.03154	0.12062	0.04614	0.00273	0.00372	0.01304	0.00449	0.00408
16	0.00969	0.00912	0.01539	0.80734	0.03534	0.01140	0.01425	0.01311	0.01026	0.01311	0.00912	0.01368	0.00684	0.00513	0.00513	0.00171	0.00684	0.00456	0.00228	0.00570
17	0.06194	0.01343	0.01417	0.04170	0.01565	0.03070	0.00928	0.60341	0.06350	0.02937	0.01255	0.01286	0.00907	0.00606	0.00494	0.00154	0.00541	0.00457	0.05172	0.00813
18	0.00890	0.00566	0.00732	0.00783	0.00888	0.00545	0.00574	0.01110	0.06709	0.09920	0.02688	0.51400	0.04825	0.04207	0.00705	0.00214	0.00352	0.11902	0.00491	0.00501
19	0.02609	0.01033	0.01108	0.00939	0.01209	0.04133	0.00748	0.23214	0.16927	0.09689	0.06002	0.01986	0.07826	0.00955	0.06383	0.00207	0.03363	0.00568	0.10400	0.00700
20	0.00622	0.00519	0.00536	0.00532	0.00695	0.00440	0.00395	0.00757	0.01180	0.01432	0.11526	0.04786	0.69389	0.04096	0.00676	0.00184	0.00267	0.01057	0.00478	0.00433
21	0.01227	0.11914	0.53625	0.01404	0.02038	0.11446	0.06203	0.01692	0.01144	0.03445	0.00914	0.01067	0.00676	0.00487	0.00473	0.00153	0.00754	0.00378	0.00236	0.00724

[dist]
# distance from previous block
# <min> <max>
1	4

[block]
# block no. 4 follows, 48 sequences, length 35
# corresponding to MSA columns:
# 241-275
name=unknown_E
#
# <colnr> <probs for GDERKNQSTAVLIFYWHMCP>
#	G	D	E	R	K	N	Q	S	T	A	V	L	I	F	Y	W	H	M	C	P
0	0.07116	0.17694	0.32361	0.02813	0.03661	0.16799	0.05172	0.01659	0.01140	0.01517	0.00848	0.01009	0.00664	0.00477	0.00442	0.00142	0.00706	0.00353	0.00241	0.05185
1	0.18962	0.01107	0.01149	0.00949	0.01290	0.04518	0.00766	0.16411	0.18355	0.25053	0.05151	0.01561	0.01255	0.00627	0.00478	0.00160	0.00458	0.00482	0.00503	0.00764
2	0.00860	0.00638	0.00813	0.00892	0.01014	0.03203	0.00750	0.01074	0.01190	0.03037	0.09248	0.09417	0.05669	0.03118	0.02705	0.00241	0.00473	0.54713	0.00469	0.00477
3	0.01203	0.01357	0.02905	0.04298	0.05077	0.01301	0.69751	0.01618	0.01189	0.01621	0.01019	0.01371	0.00773	0.00452	0.00638	0.00174	0.03716	0.00591	0.00257	0.00688
4	0.00720	0.00524	0.00677	0.00639	0.00763	0.00482	0.00479	0.00956	0.01438	0.02023	0.74730	0.03890	0.08629	0.01062	0.00605	0.00162	0.00243	0.00936	0.00560	0.00482
5	0.00645	0.00455	0.00589	0.00688	0.00713	0.00430	0.00449	0.00720	0.00943	0.01257	0.02625	0.68506	0.03137	0.15083	0.00983	0.00257	0.00331	0.01339	0.00449	0.00399
6	0.01434	0.73100	0.02547	0.00929	0.01348	0.10982	0.00891	0.01595	0.01090	0.01213	0.00723	0.00835	0.00659	0.00449	0.00345	0.00112	0.00592	0.00281	0.00225	0.00651
7	0.00748	0.00500	0.00580	0.00588	0.00607	0.00496	0.00355	0.00786	0.00837	0.01137	0.07316	0.07548	0.02193	0.66259	0.02222	0.00437	0.00460	0.03940	0.02653	0.00340
8	0.07161	0.00889	0.01164	0.00904	0.01292	0.00798	0.00745	0.02451	0.04388	0.71627	0.01950	0.01699	0.01240	0.00628	0.00505	0.00159	0.00433	0.00504	0.00612	0.00852
9	0.11652	0.00708	0.00864	0.00745	0.00994	0.00660	0.00591	0.01569	0.01333	0.30467	0.28396	0.06017	0.10385	0.00883	0.00542	0.00165	0.00342	0.02512	0.00546	0.00629
10	0.00747	0.00493	0.00558	0.00566	0.00573	0.00491	0.00324	0.00764	0.00776	0.01055	0.01699	0.08461	0.01943	0.73148	0.02385	0.00462	0.00473	0.00782	0.03974	0.00325
11	0.01289	0.00983	0.01143	0.00869	0.01281	0.00858	0.00709	0.16212	0.01363	0.06533	0.01207	0.01575	0.01015	0.00537	0.00445	0.00111	0.00428	0.07291	0.00380	0.55770
12	0.01083	0.01977	0.45413	0.15126	0.21817	0.01192	0.03095	0.01560	0.01098	0.01586	0.00933	0.01183	0.00699	0.00483	0.00499	0.00162	0.00710	0.00416	0.00229	0.00739
13	0.01151	0.00910	0.01114	0.00806	0.01244	0.00701	0.02808	0.01375	0.01089	0.07459	0.01021	0.01197	0.00834	0.02984	0.00467	0.00098	0.00402	0.00343	0.00328	0.73670
14	0.01077	0.02437	0.69577	0.01463	0.03963	0.01151	0.03836	0.01634	0.01101	0.04093	0.00992	0.01152	0.00705	0.00495	0.00487	0.00161	0.00726	0.00396	0.03807	0.00750
15	0.00740	0.00520	0.00675	0.00673	0.00716	0.00557	0.00455	0.00825	0.00806	0.01117	0.04454	0.02818	0.01737	0.46398	0.34681	0.00621	0.00852	0.00671	0.00306	0.00379
16	0.01372	0.82276	0.02689	0.00878	0.01317	0.02030	0.00878	0.01536	0.01043	0.01207	0.00713	0.00823	0.00658	0.00439	0.00329	0.00110	0.00549	0.00274	0.00219	0.00658
17	0.00700	0.00520	0.00659	0.00721	0.00799	0.00502	0.00507	0.00931	0.07092	0.01535	0.18242	0.54513	0.07105	0.01405	0.00633	0.00195	0.00296	0.02686	0.00498	0.00463
18	0.01064	0.00912	0.01064	0.00760	0.01216	0.00684	0.00608	0.01292	0.01064	0.01672	0.00912	0.01064	0.00760	0.00380	0.00380	0.00076	0.00380	0.00304	0.00304	0.85104
19	0.00606	0.00520	0.00520	0.00520	0.00693	0.00433	0.00390	0.00736	0.01170	0.01386	0.05198	0.04938	0.78558	0.01299	0.00606	0.00173	0.00260	0.01083	0.00476	0.00433
20	0.00746	0.00497	0.00560	0.00560	0.00560	0.00497	0.00311	0.00746	0.00746	0.00995	0.01617	0.03358	0.01865	0.81967	0.02612	0.00497	0.00497	0.00746	0.00311	0.00311
21	0.00956	0.00478	0.00478	0.00478	0.00598	0.00478	0.00359	0.01196	0.01076	0.01913	0.01674	0.01913	0.01315	0.00598	0.00359	0.00120	0.00239	0.00478	0.84816	0.00478
22	0.05279	0.00877	0.01175	0.00904	0.01298	0.00768	0.00747	0.02465	0.01447	0.76376	0.01977	0.01714	0.01245	0.00629	0.00509	0.00159	0.00435	0.00507	0.00624	0.00862
23	0.01855	0.11580	0.01599	0.01265	0.01555	0.67773	0.00978	0.05039	0.01446	0.01331	0.00802	0.00926	0.00669	0.00522	0.00449	0.00130	0.00867	0.00329	0.00269	0.00613
24	0.00878	0.00530	0.00614	0.00589	0.00636	0.00516	0.00359	0.00917	0.00860	0.07530	0.05293	0.03233	0.03745	0.66705	0.02218	0.00433	0.00466	0.00734	0.03373	0.00374
25	0.00746	0.00499	0.00568	0.00568	0.00571	0.00502	0.00322	0.00752	0.00749	0.01001	0.01609	0.03313	0.01846	0.79373	0.05180	0.00508	0.00527	0.00740	0.00310	0.00316
26	0.01405	0.01118	0.01199	0.01047	0.01351	0.01268	0.00822	0.13393	0.60650	0.06152	0.01985	0.04342	0.01509	0.00710	0.00525	0.00171	0.00427	0.00588	0.00525	0.00811
27	0.01795	0.01213	0.01302	0.01065	0.01421	0.05229	0.00856	0.25786	0.29895	0.23169	0.01739	0.01606	0.01224	0.00646	0.00515	0.00162	0.00490	0.00513	0.00537	0.00836
28	0.01977	0.00978	0.01228	0.00947	0.01337	0.00913	0.00776	0.12627	0.06334	0.50430	0.01721	0.01570	0.01144	0.00605	0.00525	0.00149	0.02461	0.00480	0.00552	0.13245
29	0.01737	0.01612	0.03356	0.07719	0.11937	0.27150	0.01067	0.19750	0.03803	0.12417	0.03700	0.01318	0.00980	0.00574	0.00499	0.00150	0.00671	0.00442	0.00386	0.00732
30	0.00994	0.00844	0.01169	0.12898	0.01583	0.00912	0.06828	0.03345	0.22362	0.01710	0.04990	0.09136	0.07863	0.00979	0.00600	0.00193	0.00481	0.22076	0.00438	0.00601
31	0.01928	0.02111	0.01483	0.01275	0.01588	0.53894	0.00986	0.26963	0.01772	0.01913	0.00939	0.01027	0.00731	0.00558	0.00479	0.00139	0.00806	0.00374	0.00347	0.00687
32	0.00611	0.00520	0.00527	0.00525	0.00696	0.00435	0.00394	0.00746	0.01181	0.01413	0.08177	0.04893	0.75562	0.01289	0.00606	0.00173	0.00259	0.01077	0.00480	0.00435
33	0.00693	0.00523	0.00633	0.00610	0.00742	0.00472	0.00456	0.00890	0.01330	0.01795	0.51036	0.04197	0.27254	0.04554	0.00693	0.00181	0.00264	0.02693	0.00525	0.00461
34	0.00726	0.00524	0.00686	0.00646	0.00767	0.00484	0.00484	0.00968	0.01452	0.02058	0.78496	0.03833	0.04841	0.01049	0.00605	0.00161	0.00242	0.00928	0.00565	0.00484

[dist]
# distance from previous block
# <min> <max>
0	46

[block]
# block no. 5 follows, 48 sequences, length 10
# corresponding to MSA columns:
# 322-331
name=unknown_F
#
# <colnr> <probs for GDERKNQSTAVLIFYWHMCP>
#	G	D	E	R	K	N	Q	S	T	A	V	L	I	F	Y	W	H	M	C	P
0	0.00625	0.00447	0.00595	0.00714	0.00744	0.00417	0.00476	0.00714	0.00982	0.01310	0.02828	0.81633	0.03394	0.01608	0.00655	0.00208	0.00298	0.01459	0.00476	0.00417
1	0.01372	0.82276	0.02689	0.00878	0.01317	0.02030	0.00878	0.01536	0.01043	0.01207	0.00713	0.00823	0.00658	0.00439	0.00329	0.00110	0.00549	0.00274	0.00219	0.00658
2	0.00625	0.00447	0.00595	0.00714	0.00744	0.00417	0.00476	0.00714	0.00982	0.01310	0.02828	0.81633	0.03394	0.01608	0.00655	0.00208	0.00298	0.01459	0.00476	0.00417
3	0.01917	0.02445	0.01454	0.01322	0.01586	0.79907	0.00991	0.02049	0.01454	0.01256	0.00793	0.00925	0.00661	0.00529	0.00463	0.00132	0.00925	0.00330	0.00264	0.00595
4	0.01064	0.00912	0.01064	0.00760	0.01216	0.00684	0.00608	0.01292	0.01064	0.01672	0.00912	0.01064	0.00760	0.00380	0.00380	0.00076	0.00380	0.00304	0.00304	0.85104
5	0.00625	0.00447	0.00595	0.00714	0.00744	0.00417	0.00476	0.00714	0.00982	0.01310	0.02828	0.81633	0.03394	0.01608	0.00655	0.00208	0.00298	0.01459	0.00476	0.00417
6	0.00964	0.00883	0.01244	0.01111	0.01141	0.01178	0.00898	0.01090	0.00795	0.01201	0.00981	0.01598	0.00971	0.08444	0.27528	0.00444	0.48266	0.00506	0.00248	0.00507
7	0.01482	0.54212	0.02450	0.01121	0.01540	0.13585	0.09867	0.07751	0.01235	0.01430	0.00806	0.00938	0.00690	0.00466	0.00397	0.00124	0.00644	0.00337	0.00255	0.00670
8	0.00823	0.00649	0.00759	0.00730	0.00886	0.00653	0.00546	0.01310	0.19320	0.01869	0.38486	0.14500	0.15312	0.01083	0.00593	0.00173	0.00291	0.00945	0.00529	0.00544
9	0.01035	0.00939	0.05300	0.00893	0.01148	0.00905	0.00750	0.09414	0.27142	0.01902	0.06901	0.05653	0.22853	0.00994	0.00578	0.00181	0.00400	0.11893	0.00485	0.00633

[dist]
# distance from previous block
# <min> <max>
0	3

[block]
# block no. 6 follows, 48 sequences, length 18
# corresponding to MSA columns:
# 335-352
name=unknown_G
#
# <colnr> <probs for GDERKNQSTAVLIFYWHMCP>
#	G	D	E	R	K	N	Q	S	T	A	V	L	I	F	Y	W	H	M	C	P
0	0.03763	0.57882	0.11322	0.00967	0.01412	0.01766	0.00984	0.05554	0.01118	0.04672	0.00845	0.00968	0.00716	0.00608	0.03519	0.00152	0.02496	0.00322	0.00257	0.00677
1	0.00733	0.00550	0.00825	0.00825	0.00916	0.00641	0.00641	0.00916	0.00825	0.01191	0.01374	0.02016	0.01283	0.03848	0.79934	0.00825	0.01374	0.00550	0.00275	0.00458
2	0.01231	0.01207	0.02143	0.11286	0.61275	0.01220	0.10947	0.01555	0.01159	0.01633	0.00969	0.01295	0.00795	0.00460	0.00521	0.00157	0.00649	0.00476	0.00252	0.00772
3	0.05326	0.27507	0.43206	0.01289	0.01897	0.01454	0.07934	0.01610	0.01079	0.03076	0.00877	0.01028	0.00671	0.00470	0.00440	0.00147	0.00677	0.00363	0.00235	0.00714
4	0.01240	0.01189	0.02029	0.10815	0.71333	0.01211	0.01560	0.01549	0.01154	0.01640	0.00960	0.01280	0.00800	0.00463	0.00508	0.00154	0.00617	0.00457	0.00251	0.00789
5	0.00734	0.00548	0.00814	0.00814	0.00902	0.00636	0.00628	0.00910	0.00822	0.01183	0.01384	0.02069	0.01306	0.06919	0.76895	0.00812	0.01340	0.00557	0.00276	0.00452
6	0.00734	0.00546	0.00804	0.00804	0.00888	0.00630	0.00615	0.00903	0.00818	0.01176	0.01394	0.02122	0.01329	0.10013	0.73832	0.00799	0.01305	0.00565	0.00278	0.00447
7	0.01318	0.09425	0.04897	0.16533	0.40338	0.08983	0.01380	0.06704	0.01240	0.01624	0.00961	0.01279	0.00795	0.00501	0.00490	0.00152	0.00648	0.01739	0.00267	0.00728
8	0.10635	0.06140	0.09871	0.03469	0.09469	0.22227	0.03234	0.21985	0.01518	0.02004	0.00953	0.01091	0.00737	0.00537	0.00492	0.00149	0.02511	0.00392	0.01878	0.00708
9	0.00622	0.00460	0.00581	0.00678	0.00735	0.00420	0.00460	0.00719	0.01018	0.01324	0.03275	0.67161	0.17576	0.01549	0.00646	0.00202	0.00291	0.01388	0.00476	0.00420
10	0.00737	0.00543	0.00708	0.00799	0.00907	0.00519	0.00650	0.00914	0.01124	0.01442	0.03209	0.21592	0.18264	0.03740	0.00731	0.00225	0.00393	0.42583	0.00469	0.00448
11	0.01218	0.01014	0.01179	0.03121	0.01353	0.00906	0.00720	0.13714	0.04683	0.01921	0.01007	0.01140	0.00809	0.00457	0.00463	0.00102	0.03583	0.00352	0.00343	0.61917
12	0.00643	0.00480	0.00620	0.00705	0.00757	0.00457	0.00485	0.00747	0.01027	0.01360	0.07442	0.65174	0.12765	0.01516	0.00677	0.00202	0.02689	0.01351	0.00474	0.00427
13	0.48750	0.00830	0.00767	0.00701	0.00946	0.00928	0.00562	0.04386	0.01034	0.02038	0.11621	0.01838	0.08773	0.01190	0.13444	0.00269	0.00530	0.00494	0.00367	0.00531
14	0.00997	0.00984	0.01405	0.01303	0.06298	0.07167	0.14447	0.01229	0.04069	0.01428	0.03676	0.31541	0.05487	0.01037	0.00812	0.00191	0.16123	0.00892	0.00361	0.00552
15	0.01293	0.01272	0.02090	0.03047	0.73284	0.04251	0.04039	0.01595	0.01181	0.01659	0.00961	0.01260	0.00806	0.00459	0.00509	0.00152	0.00630	0.00457	0.00255	0.00800
16	0.00770	0.00604	0.00896	0.00874	0.00957	0.00730	0.00687	0.00947	0.00821	0.01195	0.01308	0.01931	0.01225	0.03568	0.72499	0.00768	0.08942	0.00540	0.00270	0.00468
17	0.01957	0.03424	0.01309	0.01000	0.01369	0.02914	0.00817	0.24142	0.11113	0.39506	0.03966	0.01668	0.01277	0.02434	0.00558	0.00165	0.00480	0.00514	0.00556	0.00829

[dist]
# distance from previous block
# <min> <max>
0	3

[block]
# block no. 7 follows, 48 sequences, length 28
# corresponding to MSA columns:
# 356-383
name=unknown_H
#
# <colnr> <probs for GDERKNQSTAVLIFYWHMCP>
#	G	D	E	R	K	N	Q	S	T	A	V	L	I	F	Y	W	H	M	C	P
0	0.01092	0.02392	0.62932	0.01701	0.10819	0.03210	0.07477	0.01632	0.01112	0.01623	0.00931	0.01123	0.00678	0.00481	0.00498	0.00161	0.00754	0.00404	0.00225	0.00755
1	0.00689	0.00515	0.00658	0.00738	0.00797	0.00505	0.00513	0.00877	0.05851	0.01406	0.07057	0.63095	0.06826	0.03289	0.00708	0.00210	0.01942	0.03400	0.00475	0.00448
2	0.00656	0.00459	0.00586	0.00675	0.00698	0.00437	0.00435	0.00722	0.00923	0.01230	0.02522	0.61849	0.03007	0.21918	0.01149	0.00281	0.00348	0.01279	0.00435	0.00390
3	0.01064	0.00912	0.01064	0.00760	0.01216	0.00684	0.00608	0.01292	0.01064	0.01672	0.00912	0.01064	0.00760	0.00380	0.00380	0.00076	0.00380	0.00304	0.00304	0.85104
4	0.00891	0.00446	0.00668	0.00668	0.00668	0.00446	0.00446	0.00668	0.00668	0.00891	0.00891	0.01560	0.00891	0.01783	0.02005	0.85071	0.00446	0.00446	0.00223	0.00223
5	0.85592	0.00992	0.00754	0.00675	0.00992	0.01151	0.00556	0.01508	0.00873	0.02302	0.00714	0.00834	0.00556	0.00476	0.00318	0.00159	0.00397	0.00278	0.00318	0.00556
6	0.67022	0.09991	0.03630	0.00805	0.01162	0.01271	0.03982	0.04158	0.00967	0.02164	0.00753	0.00878	0.00591	0.00476	0.00344	0.00154	0.00452	0.00301	0.00308	0.00591
7	0.01252	0.01287	0.05398	0.08959	0.67848	0.03077	0.01563	0.01568	0.01161	0.01636	0.00955	0.01261	0.00792	0.00464	0.00506	0.00154	0.00629	0.00451	0.00251	0.00787
8	0.00618	0.00473	0.00568	0.00644	0.00726	0.00423	0.00445	0.00722	0.01050	0.01337	0.03681	0.54045	0.30431	0.01497	0.00637	0.00196	0.00284	0.01324	0.00476	0.00423
9	0.01276	0.01102	0.01160	0.01044	0.01334	0.01276	0.00812	0.02727	0.77840	0.02146	0.02088	0.01914	0.01566	0.00696	0.00522	0.00174	0.00406	0.00580	0.00522	0.00812
10	0.22215	0.01279	0.01309	0.01035	0.01416	0.01420	0.00852	0.50415	0.06210	0.07180	0.01199	0.01202	0.00857	0.00588	0.00466	0.00157	0.00508	0.00427	0.00473	0.00792
11	0.01029	0.02654	0.79309	0.01462	0.02221	0.01192	0.01896	0.01625	0.01083	0.01625	0.00921	0.01083	0.00650	0.00487	0.00487	0.00162	0.00758	0.00379	0.00217	0.00758
12	0.01951	0.01437	0.01540	0.01181	0.01591	0.01591	0.00975	0.77056	0.02412	0.03234	0.01232	0.01232	0.00873	0.00616	0.00513	0.00154	0.00565	0.00462	0.00513	0.00873
13	0.00626	0.00476	0.00579	0.00658	0.00739	0.00429	0.00461	0.00735	0.01052	0.01344	0.03610	0.53378	0.28307	0.01498	0.00641	0.00198	0.00292	0.04078	0.00476	0.00424
14	0.04112	0.01167	0.02019	0.29884	0.32751	0.03157	0.16466	0.01506	0.01124	0.01554	0.00948	0.01303	0.00748	0.00474	0.00521	0.00163	0.00687	0.00477	0.00248	0.00690
15	0.00746	0.00497	0.00560	0.00560	0.00560	0.00497	0.00311	0.00746	0.00746	0.00995	0.01617	0.03358	0.01865	0.81967	0.02612	0.00497	0.00497	0.00746	0.00311	0.00311
16	0.00746	0.00497	0.00560	0.00560	0.00560	0.00497	0.00311	0.00746	0.00746	0.00995	0.01617	0.03358	0.01865	0.81967	0.02612	0.00497	0.00497	0.00746	0.00311	0.00311
17	0.01951	0.01437	0.01540	0.01181	0.01591	0.01591	0.00975	0.77056	0.02412	0.03234	0.01232	0.01232	0.00873	0.00616	0.00513	0.00154	0.00565	0.00462	0.00513	0.00873
18	0.01064	0.00912	0.01064	0.00760	0.01216	0.00684	0.00608	0.01292	0.01064	0.01672	0.00912	0.01064	0.00760	0.00380	0.00380	0.00076	0.00380	0.00304	0.00304	0.85104
19	0.00623	0.00508	0.00551	0.00566	0.00710	0.00436	0.00415	0.00758	0.01169	0.01447	0.12811	0.17784	0.57791	0.01324	0.00614	0.00178	0.00264	0.01129	0.00486	0.00436
20	0.00726	0.00524	0.00686	0.00646	0.00767	0.00484	0.00484	0.00968	0.01452	0.02058	0.78496	0.03833	0.04841	0.01049	0.00605	0.00161	0.00242	0.00928	0.00565	0.00484
21	0.00634	0.00517	0.00566	0.00597	0.00743	0.00449	0.00452	0.00770	0.01143	0.01392	0.04562	0.16529	0.58744	0.01359	0.00625	0.00186	0.00290	0.09533	0.00476	0.00435
22	0.00891	0.00446	0.00668	0.00668	0.00668	0.00446	0.00446	0.00668	0.00668	0.00891	0.00891	0.01560	0.00891	0.01783	0.02005	0.85071	0.00446	0.00446	0.00223	0.00223
23	0.01386	0.01157	0.01222	0.01066	0.01376	0.01328	0.00839	0.14864	0.65522	0.02324	0.01949	0.01803	0.01453	0.00683	0.00521	0.00171	0.00432	0.00561	0.00521	0.00822
24	0.01077	0.01009	0.01641	0.27866	0.39423	0.01079	0.01329	0.01413	0.03971	0.01535	0.01563	0.01920	0.10356	0.00618	0.00529	0.00164	0.00579	0.02961	0.00290	0.00677
25	0.00843	0.00542	0.00639	0.00614	0.00669	0.00524	0.00380	0.00882	0.00826	0.05441	0.01671	0.08542	0.01847	0.63499	0.05600	0.00447	0.00511	0.00748	0.00339	0.05436
26	0.01566	0.01460	0.13451	0.01223	0.03001	0.03815	0.05286	0.26070	0.21466	0.10661	0.01472	0.01462	0.01061	0.00598	0.00508	0.00159	0.00554	0.00487	0.03395	0.02305
27	0.06465	0.01311	0.01398	0.01087	0.01480	0.01421	0.00890	0.58366	0.06586	0.02901	0.01261	0.03326	0.00949	0.00613	0.00492	0.00149	0.00519	0.00468	0.00480	0.09838

[dist]
# distance from previous block
# <min> <max>
0	1

[block]
# block no. 8 follows, 48 sequences, length 60
# corresponding to MSA columns:
# 385-444
name=unknown_I
#
# <colnr> <probs for GDERKNQSTAVLIFYWHMCP>
#	G	D	E	R	K	N	Q	S	T	A	V	L	I	F	Y	W	H	M	C	P
0	0.01205	0.01588	0.21225	0.03107	0.11378	0.02357	0.30349	0.02658	0.01176	0.04443	0.01012	0.01246	0.00763	0.00453	0.00519	0.00150	0.00705	0.00469	0.00272	0.14924
1	0.01247	0.14221	0.21303	0.02938	0.01693	0.01338	0.08421	0.10011	0.01171	0.05802	0.01021	0.01297	0.00828	0.02780	0.10051	0.00250	0.14223	0.00443	0.00288	0.00673
2	0.01334	0.01441	0.01617	0.03394	0.35339	0.24744	0.03880	0.01563	0.01262	0.01527	0.06723	0.06842	0.05210	0.00658	0.00524	0.00154	0.00648	0.02166	0.00309	0.00663
3	0.01119	0.06750	0.01622	0.01274	0.01369	0.01435	0.06124	0.04468	0.00910	0.01338	0.00866	0.02810	0.00833	0.02521	0.10872	0.00286	0.54097	0.00484	0.00251	0.00571
4	0.04208	0.25643	0.23607	0.01383	0.07645	0.07282	0.05360	0.08992	0.01208	0.01626	0.00861	0.01035	0.00694	0.00520	0.00551	0.00149	0.07897	0.00374	0.00259	0.00704
5	0.01080	0.04708	0.00892	0.00720	0.00934	0.00676	0.00567	0.01402	0.08529	0.16195	0.39557	0.03324	0.17477	0.00956	0.00567	0.00162	0.00312	0.00815	0.00540	0.00586
6	0.00631	0.00457	0.00596	0.00696	0.00742	0.00422	0.00471	0.00733	0.01027	0.01365	0.08070	0.71038	0.08759	0.01548	0.00648	0.00203	0.00291	0.01397	0.00482	0.00422
7	0.00790	0.00586	0.00795	0.00775	0.00841	0.00666	0.00568	0.03050	0.00846	0.01192	0.01438	0.03815	0.01463	0.28329	0.47744	0.00660	0.05100	0.00621	0.00294	0.00428
8	0.01770	0.03638	0.01470	0.05151	0.01593	0.01419	0.00934	0.58806	0.02099	0.06558	0.01337	0.06880	0.01048	0.00666	0.00512	0.00154	0.00537	0.00522	0.00485	0.04420
9	0.02302	0.00873	0.01191	0.00913	0.01310	0.00754	0.00754	0.02501	0.01469	0.79122	0.02024	0.01746	0.01270	0.00635	0.00516	0.00159	0.00437	0.00516	0.00635	0.00873
10	0.00741	0.00495	0.00561	0.00566	0.00567	0.00494	0.00317	0.00745	0.00755	0.01007	0.01664	0.06428	0.01925	0.78816	0.02535	0.00486	0.00490	0.00774	0.00317	0.00315
11	0.01012	0.00843	0.01349	0.04606	0.22761	0.00842	0.06326	0.03448	0.01234	0.02896	0.11326	0.08850	0.02298	0.00980	0.00613	0.00191	0.00508	0.28912	0.00403	0.00601
12	0.01302	0.66098	0.18257	0.00997	0.01501	0.01860	0.01085	0.01554	0.01051	0.01292	0.00755	0.00876	0.00657	0.00449	0.00361	0.00120	0.00591	0.00296	0.00219	0.00679
13	0.00733	0.00550	0.00825	0.00825	0.00916	0.00641	0.00641	0.00916	0.00825	0.01191	0.01374	0.02016	0.01283	0.03848	0.79934	0.00825	0.01374	0.00550	0.00275	0.00458
14	0.00711	0.00526	0.00735	0.00751	0.00827	0.00576	0.00555	0.00852	0.00860	0.01194	0.01876	0.13370	0.07071	0.14255	0.52675	0.00648	0.01026	0.00740	0.00322	0.00430
15	0.01195	0.05360	0.06140	0.02546	0.51127	0.01192	0.12263	0.01513	0.01157	0.01620	0.01163	0.05006	0.01052	0.00571	0.00532	0.00162	0.00628	0.05755	0.00276	0.00744
16	0.01926	0.00832	0.01099	0.00875	0.01212	0.00753	0.00710	0.03902	0.06143	0.57782	0.16828	0.02149	0.01971	0.00719	0.00534	0.00160	0.00400	0.00599	0.00612	0.00794
17	0.00891	0.00446	0.00668	0.00668	0.00668	0.00446	0.00446	0.00668	0.00668	0.00891	0.00891	0.01560	0.00891	0.01783	0.02005	0.85071	0.00446	0.00446	0.00223	0.00223
18	0.00682	0.00500	0.00647	0.00750	0.00803	0.00486	0.00518	0.00874	0.06380	0.01380	0.02770	0.72010	0.03242	0.01534	0.00648	0.00207	0.00315	0.05327	0.00479	0.00447
19	0.05573	0.08409	0.43684	0.07049	0.08696	0.02744	0.05965	0.01558	0.01101	0.03332	0.03061	0.04631	0.00912	0.00546	0.00487	0.00160	0.00673	0.00454	0.00259	0.00705
20	0.00665	0.00483	0.00629	0.00731	0.00793	0.00454	0.00528	0.00784	0.01034	0.01352	0.03038	0.56351	0.11747	0.03931	0.00718	0.00218	0.00332	0.15315	0.00471	0.00426
21	0.00938	0.00659	0.00827	0.00862	0.01029	0.00656	0.00717	0.01310	0.11590	0.06935	0.04366	0.08033	0.16842	0.01245	0.00647	0.00208	0.00410	0.41696	0.00493	0.00537
22	0.07203	0.50256	0.11504	0.00931	0.01350	0.08361	0.00931	0.01514	0.01088	0.01391	0.02460	0.01231	0.05947	0.00529	0.00384	0.00127	0.00560	0.00365	0.03236	0.00633
23	0.02863	0.01383	0.12378	0.08511	0.14353	0.03387	0.30407	0.01609	0.01172	0.08545	0.01216	0.06652	0.01004	0.00576	0.00575	0.00170	0.02278	0.01922	0.00303	0.00696
24	0.03914	0.00934	0.01193	0.00929	0.01305	0.00871	0.00763	0.12330	0.03763	0.60001	0.06996	0.01802	0.01449	0.00658	0.00517	0.00159	0.00439	0.00533	0.00604	0.00839
25	0.01096	0.02368	0.07927	0.05036	0.05742	0.07690	0.04084	0.04205	0.08082	0.06071	0.30372	0.02663	0.10919	0.00817	0.00553	0.00161	0.00460	0.00701	0.00444	0.00611
26	0.02437	0.01842	0.39313	0.04783	0.13195	0.01115	0.04104	0.06857	0.01214	0.04788	0.03787	0.01262	0.00884	0.00503	0.00486	0.00149	0.00637	0.00421	0.00287	0.11937
27	0.02669	0.05035	0.64735	0.01378	0.02065	0.01237	0.01700	0.06775	0.04459	0.03806	0.01010	0.01133	0.00719	0.00507	0.00483	0.00161	0.00708	0.00392	0.00263	0.00764
28	0.01270	0.01214	0.01220	0.03702	0.08082	0.13480	0.00897	0.02147	0.42208	0.01857	0.07159	0.02274	0.03011	0.00753	0.00538	0.00171	0.00507	0.08357	0.00446	0.00706
29	0.01453	0.54572	0.07417	0.00988	0.01406	0.13006	0.00946	0.05938	0.01195	0.03625	0.00948	0.01046	0.02926	0.00563	0.01951	0.00136	0.00622	0.00336	0.00263	0.00664
30	0.01430	0.01007	0.07611	0.01039	0.05953	0.00785	0.03077	0.01702	0.02607	0.28187	0.10120	0.01971	0.08067	0.00650	0.00522	0.00141	0.02016	0.00543	0.00451	0.22122
31	0.03994	0.06894	0.05572	0.01027	0.01375	0.01272	0.00877	0.40233	0.04653	0.06827	0.03698	0.08162	0.01268	0.02203	0.06137	0.00208	0.00570	0.00552	0.02336	0.02143
32	0.01263	0.01385	0.09634	0.07329	0.14495	0.01237	0.40689	0.01707	0.05074	0.07065	0.01115	0.01379	0.00836	0.00493	0.00606	0.00170	0.03974	0.00537	0.00291	0.00723
33	0.00698	0.00573	0.00622	0.00608	0.00774	0.00525	0.00456	0.00978	0.08626	0.01603	0.20865	0.08286	0.51140	0.01202	0.00600	0.00173	0.00272	0.01019	0.00500	0.00480
34	0.01311	0.06118	0.01109	0.08964	0.01317	0.00851	0.00754	0.04731	0.04178	0.22187	0.09474	0.09179	0.07424	0.02470	0.00632	0.00177	0.03997	0.08116	0.06385	0.00626
35	0.01058	0.03898	0.05159	0.29440	0.01944	0.00901	0.03209	0.01313	0.01065	0.08315	0.01538	0.12695	0.03468	0.00748	0.00580	0.01573	0.04384	0.00616	0.17533	0.00563
36	0.01917	0.02445	0.01454	0.01322	0.01586	0.79907	0.00991	0.02049	0.01454	0.01256	0.00793	0.00925	0.00661	0.00529	0.00463	0.00132	0.00925	0.00330	0.00264	0.00595
37	0.01011	0.00875	0.01464	0.37214	0.07735	0.00967	0.11467	0.03484	0.01107	0.01558	0.01310	0.10509	0.01142	0.00641	0.00511	0.00163	0.00568	0.00594	0.17102	0.00577
38	0.01045	0.02465	0.69244	0.01439	0.03837	0.03972	0.01757	0.01593	0.01124	0.01643	0.06355	0.01275	0.00948	0.00528	0.00495	0.00161	0.00725	0.00418	0.00244	0.00734
39	0.02217	0.00967	0.02912	0.00981	0.01390	0.00841	0.03063	0.07930	0.01522	0.69614	0.01914	0.01684	0.01213	0.00625	0.00518	0.00159	0.00466	0.00512	0.00606	0.00865
40	0.01200	0.01352	0.02852	0.02064	0.02520	0.01331	0.67740	0.01594	0.01160	0.01594	0.00994	0.01352	0.00766	0.00489	0.00736	0.00179	0.10558	0.00587	0.00255	0.00676
41	0.01123	0.01123	0.01572	0.01347	0.01347	0.01572	0.01123	0.01235	0.00786	0.01235	0.00674	0.01123	0.00674	0.00898	0.01684	0.00225	0.81028	0.00449	0.00225	0.00561
42	0.01084	0.01025	0.01735	0.45087	0.35212	0.01147	0.01454	0.01401	0.01085	0.01465	0.01003	0.04211	0.00836	0.00529	0.00516	0.00164	0.00639	0.00493	0.00248	0.00667
43	0.00733	0.00550	0.00825	0.00825	0.00916	0.00641	0.00641	0.00916	0.00825	0.01191	0.01374	0.02016	0.01283	0.03848	0.79934	0.00825	0.01374	0.00550	0.00275	0.00458
44	0.00625	0.00447	0.00595	0.00714	0.00744	0.00417	0.00476	0.00714	0.00982	0.01310	0.02828	0.81633	0.03394	0.01608	0.00655	0.00208	0.00298	0.01459	0.00476	0.00417
45	0.01260	0.01073	0.01154	0.02813	0.01366	0.01233	0.00824	0.05730	0.67329	0.02126	0.02126	0.02137	0.03285	0.00739	0.00533	0.00176	0.00419	0.04381	0.00512	0.00784
46	0.00891	0.00446	0.00668	0.00668	0.00668	0.00446	0.00446	0.00668	0.00668	0.00891	0.00891	0.01560	0.00891	0.01783	0.02005	0.85071	0.00446	0.00446	0.00223	0.00223
47	0.00969	0.00912	0.01539	0.80734	0.03534	0.01140	0.01425	0.01311	0.01026	0.01311	0.00912	0.01368	0.00684	0.00513	0.00513	0.00171	0.00684	0.00456	0.00228	0.00570
48	0.02153	0.00937	0.02963	0.00934	0.01325	0.00816	0.00783	0.05675	0.05158	0.67661	0.04664	0.01791	0.01379	0.00648	0.00519	0.00159	0.00441	0.00528	0.00612	0.00854
49	0.03386	0.02173	0.52048	0.01497	0.02136	0.01244	0.13905	0.07015	0.08374	0.01807	0.01065	0.01214	0.00770	0.00507	0.00507	0.00165	0.00720	0.00438	0.00276	0.00755
50	0.01270	0.01219	0.02083	0.03149	0.78767	0.01219	0.01575	0.01575	0.01168	0.01676	0.00965	0.01270	0.00813	0.00457	0.00508	0.00152	0.00610	0.00457	0.00254	0.00813
51	0.01372	0.82276	0.02689	0.00878	0.01317	0.02030	0.00878	0.01536	0.01043	0.01207	0.00713	0.00823	0.00658	0.00439	0.00329	0.00110	0.00549	0.00274	0.00219	0.00658
52	0.01064	0.00912	0.01064	0.00760	0.01216	0.00684	0.00608	0.01292	0.01064	0.01672	0.00912	0.01064	0.00760	0.00380	0.00380	0.00076	0.00380	0.00304	0.00304	0.85104
53	0.85592	0.00992	0.00754	0.00675	0.00992	0.01151	0.00556	0.01508	0.00873	0.02302	0.00714	0.00834	0.00556	0.00476	0.00318	0.00159	0.00397	0.00278	0.00318	0.00556
54	0.01060	0.00966	0.01459	0.14244	0.01668	0.01247	0.05205	0.01239	0.00878	0.04051	0.00944	0.01449	0.00859	0.04629	0.15339	0.00328	0.43135	0.00491	0.00254	0.00553
55	0.31717	0.01046	0.02930	0.02384	0.01390	0.01031	0.10862	0.05039	0.01052	0.01909	0.00936	0.03222	0.00782	0.00672	0.04512	0.00175	0.04408	0.00397	0.00309	0.25228
56	0.00670	0.00489	0.00631	0.00676	0.00758	0.00450	0.00482	0.00828	0.01193	0.01623	0.33328	0.41351	0.10760	0.01351	0.00632	0.00187	0.00277	0.03357	0.00512	0.00447
57	0.00625	0.00447	0.00595	0.00714	0.00744	0.00417	0.00476	0.00714	0.00982	0.01310	0.02828	0.81633	0.03394	0.01608	0.00655	0.00208	0.00298	0.01459	0.00476	0.00417
58	0.01196	0.01129	0.01886	0.16304	0.58556	0.01176	0.01478	0.01553	0.04422	0.01626	0.01093	0.01544	0.00932	0.00526	0.00520	0.00161	0.00607	0.04266	0.00272	0.00754
59	0.01111	0.01057	0.01795	0.44155	0.39005	0.01177	0.01496	0.01435	0.01093	0.01483	0.00937	0.01322	0.00745	0.00487	0.00511	0.00162	0.00649	0.00457	0.00240	0.00684

[dist]
# distance from previous block
# <min> <max>
0	1

[block]
# block no. 9 follows, 48 sequences, length 23
# corresponding to MSA columns:
# 446-468
name=unknown_J
#
# <colnr> <probs for GDERKNQSTAVLIFYWHMCP>
#	G	D	E	R	K	N	Q	S	T	A	V	L	I	F	Y	W	H	M	C	P
0	0.00630	0.00448	0.00594	0.00709	0.00737	0.00420	0.00470	0.00716	0.00974	0.01298	0.02783	0.78753	0.03337	0.04564	0.00727	0.00219	0.00305	0.01432	0.00470	0.00413
1	0.00664	0.00515	0.00597	0.00595	0.00719	0.00467	0.00432	0.00813	0.01167	0.01514	0.24831	0.09948	0.39203	0.09706	0.06315	0.00251	0.00359	0.00996	0.00470	0.00435
2	0.85592	0.00992	0.00754	0.00675	0.00992	0.01151	0.00556	0.01508	0.00873	0.02302	0.00714	0.00834	0.00556	0.00476	0.00318	0.00159	0.00397	0.00278	0.00318	0.00556
3	0.01056	0.08922	0.73277	0.01416	0.02150	0.01258	0.01816	0.01618	0.01080	0.01592	0.00904	0.01063	0.00651	0.00484	0.00475	0.00158	0.00742	0.00371	0.00217	0.00750
4	0.01473	0.09031	0.09960	0.01183	0.04935	0.05360	0.00999	0.15872	0.23144	0.09058	0.02726	0.01455	0.01112	0.00615	0.00559	0.00157	0.05538	0.00469	0.02849	0.03503
5	0.02528	0.00761	0.02655	0.10823	0.07824	0.00774	0.02238	0.02589	0.05841	0.05462	0.02079	0.41872	0.02238	0.01191	0.02202	0.00205	0.04035	0.03724	0.00411	0.00549
6	0.02162	0.00890	0.01163	0.00901	0.01277	0.00805	0.00741	0.08902	0.01519	0.66242	0.01927	0.01715	0.01239	0.00630	0.00503	0.00155	0.00432	0.00508	0.07445	0.00841
7	0.01215	0.01552	0.21278	0.07770	0.50850	0.01197	0.03548	0.01595	0.01146	0.03585	0.00979	0.01245	0.00774	0.00472	0.00506	0.00157	0.00654	0.00443	0.00253	0.00782
8	0.01294	0.51885	0.15309	0.09155	0.01712	0.06457	0.01123	0.01545	0.01060	0.01292	0.00771	0.00943	0.00661	0.00482	0.00448	0.00132	0.04528	0.00322	0.00223	0.00658
9	0.00677	0.00492	0.00660	0.00709	0.00784	0.00476	0.00510	0.00832	0.01113	0.01527	0.25499	0.41040	0.06531	0.01759	0.12560	0.00286	0.00446	0.03182	0.00473	0.00445
10	0.00654	0.00499	0.00601	0.00623	0.00734	0.00446	0.00449	0.00811	0.01212	0.01599	0.30254	0.27794	0.29856	0.01305	0.00621	0.00180	0.00265	0.01142	0.00507	0.00446
11	0.03218	0.01112	0.06863	0.44456	0.06866	0.02929	0.02437	0.05639	0.07251	0.01549	0.02494	0.01475	0.00894	0.00634	0.00643	0.04374	0.04535	0.01737	0.00282	0.00614
12	0.01493	0.14451	0.23914	0.03272	0.05605	0.26305	0.01275	0.11206	0.01351	0.01624	0.00879	0.01030	0.00693	0.00527	0.00514	0.00146	0.04382	0.00367	0.00272	0.00695
13	0.00745	0.00501	0.00578	0.00578	0.00584	0.00507	0.00334	0.00758	0.00752	0.01009	0.01600	0.03265	0.01825	0.76551	0.07973	0.00520	0.00558	0.00733	0.00308	0.00321
14	0.00625	0.00447	0.00595	0.00714	0.00744	0.00417	0.00476	0.00714	0.00982	0.01310	0.02828	0.81633	0.03394	0.01608	0.00655	0.00208	0.00298	0.01459	0.00476	0.00417
15	0.00746	0.00497	0.00560	0.00560	0.00560	0.00497	0.00311	0.00746	0.00746	0.00995	0.01617	0.03358	0.01865	0.81967	0.02612	0.00497	0.00497	0.00746	0.00311	0.00311
16	0.01580	0.05608	0.15096	0.01306	0.01650	0.41938	0.02991	0.08605	0.01355	0.01501	0.00883	0.01073	0.00721	0.00762	0.05526	0.00191	0.07919	0.00379	0.00274	0.00642
