[name]
unknown

[dist]
# distance from previous block
# <min> <max>
0	91

[block]
# block no. 0 follows, 37 sequences, length 8
# corresponding to MSA columns:
# 94-101
name=unknown_A
#
# <colnr> <probs for GDERKNQSTAVLIFYWHMCP>
#	G	D	E	R	K	N	Q	S	T	A	V	L	I	F	Y	W	H	M	C	P
0	0.01093	0.01019	0.07349	0.04881	0.01575	0.00915	0.01126	0.01627	0.11841	0.01933	0.02847	0.05507	0.02920	0.01420	0.00780	0.00260	0.00593	0.51125	0.00532	0.00657
1	0.08224	0.19701	0.40798	0.01432	0.02092	0.05516	0.01657	0.01856	0.01297	0.01860	0.01250	0.01804	0.01071	0.00692	0.00550	0.00187	0.00785	0.08113	0.00306	0.00810
2	0.01944	0.01559	0.01594	0.01261	0.01703	0.07393	0.01024	0.44553	0.02280	0.03038	0.01622	0.01952	0.03397	0.03084	0.00670	0.00183	0.00645	0.04922	0.00529	0.16650
3	0.01303	0.39894	0.11265	0.00998	0.01381	0.01607	0.00957	0.01508	0.01170	0.01488	0.05918	0.02197	0.01554	0.24992	0.01290	0.00288	0.00643	0.00569	0.00322	0.00657
4	0.01560	0.47963	0.20703	0.01440	0.06405	0.06803	0.01416	0.01888	0.01286	0.01602	0.00935	0.01111	0.00795	0.00565	0.00518	0.00156	0.03386	0.00383	0.00267	0.00817
5	0.01490	0.44569	0.23285	0.01505	0.02150	0.01994	0.13671	0.01884	0.01292	0.01668	0.00986	0.01183	0.00807	0.00538	0.00502	0.00161	0.00789	0.00430	0.00269	0.00825
6	0.01308	0.07327	0.01136	0.00906	0.01090	0.00874	0.00674	0.05841	0.01325	0.13770	0.06863	0.22368	0.02534	0.20926	0.09921	0.00392	0.00630	0.00984	0.00506	0.00625
7	0.01516	0.14344	0.28315	0.01584	0.02221	0.01573	0.13545	0.14012	0.01596	0.03983	0.01520	0.03985	0.04875	0.00680	0.00591	0.00183	0.00773	0.00581	0.00371	0.03752

[dist]
# distance from previous block
# <min> <max>
4	11

[block]
# block no. 1 follows, 37 sequences, length 18
# corresponding to MSA columns:
# 123-140
name=unknown_B
#
# <colnr> <probs for GDERKNQSTAVLIFYWHMCP>
#	G	D	E	R	K	N	Q	S	T	A	V	L	I	F	Y	W	H	M	C	P
0	0.01588	0.01354	0.10406	0.01241	0.06220	0.00979	0.01030	0.05044	0.01455	0.16302	0.03382	0.03941	0.01246	0.00613	0.00535	0.00140	0.00541	0.00506	0.00449	0.43029
1	0.01214	0.00884	0.01156	0.00971	0.01242	0.00838	0.05192	0.10920	0.01791	0.07138	0.40235	0.03890	0.16195	0.01120	0.00689	0.00190	0.00413	0.00975	0.00616	0.04332
2	0.01354	0.03342	0.01675	0.15240	0.05339	0.01250	0.03443	0.07511	0.01353	0.01961	0.01169	0.04400	0.01010	0.00664	0.00756	0.00161	0.12082	0.00511	0.00354	0.36427
3	0.07936	0.04560	0.23520	0.10827	0.06166	0.11007	0.06686	0.01870	0.01333	0.03094	0.02508	0.01390	0.00924	0.00603	0.00621	0.00178	0.04223	0.00474	0.00314	0.11766
4	0.06491	0.01158	0.01681	0.52433	0.05595	0.03135	0.01434	0.01656	0.03348	0.01756	0.01112	0.01530	0.00857	0.00586	0.00568	0.00182	0.00725	0.00499	0.00307	0.14945
5	0.01341	0.01264	0.02161	0.26887	0.41431	0.01347	0.04501	0.01716	0.01343	0.01841	0.01359	0.02136	0.01192	0.00688	0.00638	0.00201	0.00750	0.08055	0.00321	0.00828
6	0.00785	0.00553	0.00715	0.00830	0.00863	0.00526	0.00550	0.00880	0.01129	0.01503	0.03087	0.60281	0.03669	0.16775	0.01238	0.00317	0.00411	0.04883	0.00530	0.00476
7	0.01453	0.01367	0.02326	0.11454	0.63224	0.01396	0.01788	0.01788	0.01344	0.01904	0.01140	0.01546	0.00958	0.00636	0.00701	0.04506	0.00726	0.00545	0.00298	0.00901
8	0.01137	0.01062	0.01784	0.73515	0.04063	0.01320	0.01648	0.01531	0.01222	0.01564	0.01193	0.05147	0.00965	0.00672	0.00620	0.00206	0.00795	0.00599	0.00286	0.00672
9	0.00746	0.00533	0.00710	0.00852	0.00888	0.00497	0.00568	0.00852	0.01172	0.01563	0.03374	0.78088	0.04049	0.01918	0.00781	0.00249	0.00355	0.01740	0.00568	0.00497
10	0.01426	0.01362	0.02296	0.11311	0.62448	0.01384	0.01769	0.01781	0.01376	0.01931	0.01470	0.01810	0.05690	0.00617	0.00614	0.00186	0.00710	0.00593	0.00317	0.00910
11	0.01492	0.01431	0.02444	0.08373	0.70230	0.01448	0.01867	0.01859	0.01383	0.01972	0.01147	0.01522	0.00960	0.00550	0.00606	0.00183	0.00733	0.00545	0.00301	0.00951
12	0.04913	0.01117	0.01459	0.01262	0.06234	0.01050	0.00949	0.12018	0.01799	0.51290	0.03670	0.04565	0.01594	0.04304	0.00728	0.00208	0.00546	0.00653	0.00672	0.00967
13	0.05954	0.01197	0.01464	0.01502	0.12725	0.01258	0.01018	0.16732	0.16297	0.12273	0.05984	0.07829	0.07328	0.02697	0.02769	0.00227	0.00567	0.00757	0.00557	0.00864
14	0.05474	0.06420	0.09994	0.12650	0.10339	0.01503	0.09108	0.13480	0.12159	0.05176	0.04740	0.03512	0.01347	0.00700	0.00606	0.00193	0.00695	0.00608	0.00433	0.00864
15	0.03866	0.07598	0.01381	0.03251	0.01412	0.03227	0.05169	0.05422	0.09149	0.09025	0.21950	0.09783	0.14170	0.01073	0.00654	0.00195	0.00482	0.00921	0.00559	0.00713
16	0.06061	0.04285	0.01525	0.04794	0.01661	0.01339	0.03020	0.26354	0.05906	0.12737	0.08718	0.02373	0.08271	0.04712	0.00758	0.00207	0.01879	0.00680	0.00555	0.04166
17	0.03343	0.13393	0.12413	0.01557	0.08590	0.03580	0.05831	0.08125	0.14216	0.04956	0.06342	0.01718	0.01399	0.00676	0.00608	0.00176	0.02890	0.00550	0.00423	0.09214

[dist]
# distance from previous block
# <min> <max>
39	169

[block]
# block no. 2 follows, 37 sequences, length 10
# corresponding to MSA columns:
# 378-387
name=unknown_C
#
# <colnr> <probs for GDERKNQSTAVLIFYWHMCP>
#	G	D	E	R	K	N	Q	S	T	A	V	L	I	F	Y	W	H	M	C	P
0	0.01411	0.01243	0.01869	0.37721	0.19547	0.01420	0.01522	0.09506	0.11465	0.02025	0.01337	0.01690	0.01034	0.00717	0.00702	0.04337	0.00720	0.00565	0.00364	0.00804
1	0.04315	0.01240	0.08516	0.15891	0.02017	0.01133	0.01114	0.08607	0.09824	0.16326	0.18054	0.02501	0.02267	0.04616	0.00750	0.00215	0.00575	0.00703	0.00535	0.00800
2	0.00948	0.00996	0.08109	0.01012	0.01199	0.04246	0.00813	0.01135	0.01210	0.01639	0.02678	0.55318	0.03095	0.01532	0.00770	0.00223	0.03856	0.01350	0.00491	0.09381
3	0.04486	0.24992	0.36596	0.01379	0.02024	0.09271	0.01561	0.01851	0.01324	0.01750	0.01496	0.01617	0.07921	0.00663	0.00529	0.00173	0.00778	0.00487	0.00300	0.00803
4	0.00960	0.00650	0.00747	0.00751	0.00805	0.00652	0.00488	0.03962	0.01086	0.01463	0.02315	0.07245	0.05668	0.56046	0.02416	0.00487	0.00555	0.08727	0.04536	0.00442
5	0.15685	0.47634	0.19656	0.01168	0.01756	0.02006	0.01264	0.01852	0.01220	0.01784	0.00909	0.01057	0.00762	0.00545	0.00434	0.00156	0.00681	0.00357	0.00281	0.00792
6	0.13038	0.04557	0.17692	0.01283	0.01773	0.01433	0.03337	0.21094	0.03112	0.05082	0.08374	0.01754	0.01434	0.02244	0.00680	0.00193	0.04277	0.00552	0.03525	0.04564
7	0.05420	0.09900	0.10422	0.01280	0.05037	0.01210	0.04434	0.08662	0.02753	0.12987	0.13903	0.07951	0.04802	0.00874	0.00607	0.00184	0.00565	0.02059	0.00500	0.06450
8	0.08018	0.09123	0.13102	0.01133	0.01533	0.08466	0.01052	0.06306	0.04038	0.10088	0.06384	0.02605	0.11769	0.04562	0.00748	0.00208	0.02908	0.03737	0.03472	0.00748
9	0.06740	0.19037	0.36545	0.06359	0.02183	0.01537	0.03146	0.01831	0.03977	0.01926	0.08302	0.01692	0.02941	0.00664	0.00550	0.00181	0.00730	0.00520	0.00330	0.00808

[dist]
# distance from previous block
# <min> <max>
10	95

[block]
# block no. 3 follows, 37 sequences, length 44
# corresponding to MSA columns:
# 501-544
name=unknown_D
#
# <colnr> <probs for GDERKNQSTAVLIFYWHMCP>
#	G	D	E	R	K	N	Q	S	T	A	V	L	I	F	Y	W	H	M	C	P
0	0.04996	0.22951	0.23117	0.03540	0.03786	0.01542	0.04439	0.04148	0.03137	0.03424	0.02987	0.01617	0.01122	0.06403	0.02891	0.00221	0.00726	0.00495	0.03165	0.05293
1	0.12820	0.12413	0.19747	0.05295	0.14500	0.01361	0.01365	0.01758	0.01352	0.05194	0.13038	0.03690	0.01723	0.00712	0.00559	0.00181	0.00634	0.00581	0.00383	0.02694
2	0.01758	0.12058	0.09700	0.03813	0.32356	0.08468	0.01523	0.05969	0.04024	0.10970	0.01303	0.01474	0.01006	0.00600	0.00569	0.00174	0.00730	0.00503	0.00379	0.02623
3	0.03278	0.01149	0.04937	0.01113	0.03807	0.01036	0.00867	0.13997	0.01496	0.02140	0.03629	0.13478	0.06591	0.10059	0.00969	0.00221	0.04979	0.00763	0.00448	0.25043
4	0.01488	0.10572	0.10632	0.02454	0.36024	0.05580	0.03194	0.04942	0.01440	0.01966	0.03412	0.01730	0.02696	0.00740	0.02761	0.00196	0.00745	0.02267	0.00336	0.06824
5	0.01506	0.03850	0.36168	0.01494	0.02128	0.01341	0.05507	0.12224	0.04805	0.08787	0.07053	0.02100	0.03242	0.00755	0.00619	0.00194	0.00731	0.04291	0.00431	0.02775
6	0.01928	0.01225	0.01421	0.01162	0.01536	0.01264	0.00927	0.29872	0.06600	0.18796	0.02070	0.15957	0.01760	0.00952	0.00659	0.00192	0.02325	0.00782	0.03248	0.07325
7	0.04026	0.00988	0.01273	0.01026	0.01417	0.00903	0.00828	0.04150	0.06972	0.48727	0.14406	0.04729	0.03962	0.00884	0.00631	0.00191	0.00471	0.00737	0.00702	0.02977
8	0.01589	0.01140	0.01511	0.16022	0.06000	0.01210	0.02647	0.17963	0.07246	0.10807	0.08572	0.09237	0.03329	0.00900	0.00671	0.02070	0.00581	0.00741	0.03348	0.04414
9	0.10166	0.02198	0.10542	0.01390	0.01849	0.29833	0.01196	0.18174	0.05550	0.04450	0.01209	0.01303	0.00919	0.00640	0.00548	0.00169	0.00811	0.00449	0.00415	0.08188
10	0.01420	0.01444	0.06153	0.08981	0.58248	0.01372	0.01798	0.01798	0.01377	0.01947	0.01349	0.02043	0.01199	0.00665	0.00629	0.00194	0.00727	0.07430	0.00324	0.00904
11	0.01318	0.01308	0.01887	0.53144	0.15604	0.08688	0.01639	0.01687	0.01313	0.01645	0.01204	0.01852	0.00989	0.00662	0.00618	0.00200	0.00816	0.04403	0.00298	0.00725
12	0.01171	0.01049	0.01637	0.45779	0.09843	0.01223	0.01448	0.01656	0.07964	0.01734	0.01813	0.02770	0.04622	0.02775	0.00717	0.00225	0.00709	0.11797	0.00369	0.00700
13	0.06849	0.01411	0.11721	0.04562	0.01739	0.01230	0.01103	0.09708	0.21138	0.17429	0.02154	0.14636	0.01798	0.00927	0.00625	0.00205	0.00563	0.00774	0.00558	0.00871
14	0.01631	0.12639	0.40556	0.01742	0.09385	0.01479	0.03816	0.04149	0.01431	0.15545	0.01330	0.01435	0.00946	0.00606	0.00570	0.00183	0.00779	0.00486	0.00368	0.00922
15	0.01477	0.01409	0.02399	0.07723	0.68320	0.01424	0.01839	0.01841	0.01385	0.01970	0.01218	0.01701	0.01046	0.00587	0.00614	0.00186	0.00727	0.02883	0.00310	0.00940
16	0.01243	0.05984	0.72631	0.01719	0.02609	0.01459	0.02216	0.01935	0.01291	0.01920	0.01089	0.01281	0.00776	0.00579	0.00575	0.00192	0.00895	0.00448	0.00259	0.00900
17	0.01272	0.01221	0.01830	0.69360	0.03981	0.05682	0.01647	0.04729	0.01326	0.01661	0.01097	0.01594	0.00824	0.00618	0.00609	0.00200	0.00826	0.00536	0.00289	0.00698
18	0.01256	0.01291	0.05327	0.49342	0.21480	0.01377	0.05940	0.01666	0.01281	0.01712	0.01166	0.03357	0.00934	0.00619	0.00620	0.00199	0.00800	0.00579	0.00288	0.00766
19	0.01762	0.09879	0.30295	0.01326	0.01926	0.03860	0.01419	0.02238	0.04638	0.25514	0.04933	0.03782	0.04263	0.00745	0.00591	0.00187	0.00680	0.00594	0.00476	0.00893
20	0.01206	0.01238	0.05085	0.09037	0.02007	0.02993	0.16466	0.01573	0.05747	0.01621	0.01401	0.02135	0.01275	0.14056	0.16616	0.00436	0.15455	0.00661	0.00329	0.00662
21	0.00776	0.00547	0.00724	0.00851	0.00900	0.00513	0.00583	0.00907	0.01217	0.01648	0.07249	0.68341	0.04038	0.01831	0.00769	0.00243	0.00358	0.04715	0.03283	0.00507
22	0.01487	0.20419	0.07069	0.04590	0.22825	0.03355	0.10461	0.04103	0.01461	0.04043	0.10263	0.01963	0.01600	0.00682	0.00589	0.00179	0.00704	0.03011	0.00368	0.00828
23	0.01579	0.05294	0.11833	0.05492	0.02861	0.04914	0.44268	0.12123	0.01627	0.02170	0.01218	0.01527	0.00909	0.00565	0.00663	0.00196	0.00942	0.00625	0.00343	0.00853
24	0.00741	0.00551	0.00692	0.00804	0.00875	0.00501	0.00547	0.00858	0.01218	0.01582	0.03961	0.63097	0.18660	0.01841	0.00769	0.00240	0.00346	0.01647	0.00568	0.00501
25	0.01264	0.01243	0.01934	0.34607	0.02817	0.01636	0.04613	0.01534	0.01085	0.01534	0.00947	0.01481	0.00814	0.00846	0.01342	0.00237	0.40565	0.00548	0.00271	0.00681
26	0.02318	0.00997	0.01318	0.01044	0.01449	0.00898	0.00849	0.05712	0.03875	0.55388	0.16687	0.02557	0.02352	0.00857	0.00637	0.00190	0.00480	0.00713	0.00731	0.00947
27	0.01313	0.18954	0.60275	0.01599	0.02424	0.01630	0.02008	0.01917	0.01282	0.01835	0.01047	0.01228	0.00778	0.00569	0.00542	0.00181	0.00853	0.00426	0.00259	0.00880
28	0.02140	0.01742	0.01724	0.01388	0.01828	0.09108	0.01121	0.49965	0.18819	0.03331	0.01650	0.01619	0.01204	0.00746	0.00609	0.00187	0.00673	0.00568	0.00586	0.00992
29	0.01445	0.01651	0.03612	0.02580	0.03199	0.01548	0.72446	0.01961	0.01445	0.01961	0.01238	0.01651	0.00929	0.00516	0.00722	0.00206	0.01032	0.00722	0.00310	0.00826
30	0.01172	0.01104	0.01865	0.73772	0.07336	0.01364	0.01708	0.01578	0.01232	0.01583	0.01091	0.01627	0.00823	0.00609	0.00612	0.00203	0.00812	0.00544	0.00273	0.00693
31	0.00746	0.00533	0.00710	0.00852	0.00888	0.00497	0.00568	0.00852	0.01172	0.01563	0.03374	0.78088	0.04049	0.01918	0.00781	0.00249	0.00355	0.01740	0.00568	0.00497
32	0.00746	0.00533	0.00710	0.00852	0.00888	0.00497	0.00568	0.00852	0.01172	0.01563	0.03374	0.78088	0.04049	0.01918	0.00781	0.00249	0.00355	0.01740	0.00568	0.00497
33	0.01156	0.01088	0.01836	0.77016	0.04216	0.01360	0.01700	0.01564	0.01224	0.01564	0.01088	0.01632	0.00816	0.00612	0.00612	0.00204	0.00816	0.00544	0.00272	0.00680
34	0.01250	0.07354	0.71326	0.01706	0.02590	0.01477	0.02194	0.01933	0.01290	0.01911	0.01085	0.01275	0.00776	0.00578	0.00571	0.00190	0.00891	0.00445	0.00259	0.00898
35	0.01652	0.01379	0.01457	0.01272	0.01641	0.01583	0.01000	0.14439	0.62165	0.02770	0.02327	0.02153	0.01735	0.00815	0.00621	0.00204	0.00515	0.00669	0.00621	0.00981
36	0.06094	0.01229	0.01861	0.57303	0.12871	0.03884	0.01621	0.04792	0.01325	0.01789	0.01094	0.01555	0.00836	0.00607	0.00596	0.00198	0.00788	0.00527	0.00299	0.00733
37	0.08088	0.50846	0.05108	0.02837	0.04544	0.07569	0.01134	0.07795	0.01397	0.01792	0.00933	0.01090	0.00806	0.00576	0.00497	0.00152	0.03357	0.00376	0.00306	0.00797
38	0.02527	0.01011	0.01362	0.01064	0.01502	0.00889	0.00871	0.02817	0.04082	0.65800	0.09287	0.02328	0.01934	0.00807	0.00626	0.00190	0.00498	0.00665	0.00745	0.00995
39	0.02273	0.01400	0.03477	0.01256	0.01717	0.01414	0.01045	0.27838	0.18853	0.30931	0.02062	0.01891	0.01409	0.00762	0.00615	0.00192	0.00577	0.00606	0.00662	0.01021
40	0.00890	0.00593	0.00668	0.00668	0.00668	0.00593	0.00371	0.00890	0.00890	0.01187	0.01929	0.04006	0.02225	0.78487	0.03116	0.00593	0.00593	0.00890	0.00371	0.00371
41	0.01474	0.01603	0.09580	0.06141	0.61758	0.01451	0.01869	0.01934	0.04571	0.02003	0.01203	0.01531	0.00985	0.00564	0.00605	0.00185	0.00737	0.00543	0.00312	0.00953
42	0.01413	0.01108	0.01301	0.00938	0.01475	0.00862	0.00754	0.04289	0.01363	0.07216	0.01196	0.01334	0.00955	0.00485	0.00471	0.00101	0.00466	0.00388	0.00400	0.73484
43	0.01419	0.00833	0.01031	0.00919	0.01177	0.00785	0.00724	0.08081	0.03296	0.18956	0.26908	0.09884	0.15869	0.01219	0.00700	0.00205	0.00411	0.06214	0.00651	0.00717

[dist]
# distance from previous block
# <min> <max>
0	1

[block]
# block no. 4 follows, 37 sequences, length 33
# corresponding to MSA columns:
# 546-578
name=unknown_E
#
# <colnr> <probs for GDERKNQSTAVLIFYWHMCP>
#	G	D	E	R	K	N	Q	S	T	A	V	L	I	F	Y	W	H	M	C	P
0	0.01414	0.01242	0.05421	0.01229	0.04197	0.00941	0.08091	0.01734	0.01358	0.08835	0.04400	0.01536	0.01172	0.00532	0.00519	0.00125	0.00544	0.00466	0.00400	0.55844
1	0.00930	0.00722	0.00857	0.00817	0.01017	0.00637	0.00593	0.04135	0.01372	0.01863	0.12761	0.31766	0.18496	0.05017	0.00802	0.00216	0.00380	0.01211	0.00536	0.15870
2	0.00921	0.00639	0.00830	0.00775	0.00932	0.00586	0.00584	0.01203	0.01722	0.04726	0.69691	0.04540	0.08037	0.01246	0.00719	0.00193	0.00297	0.01098	0.00673	0.00590
3	0.01310	0.01317	0.02430	0.10999	0.02501	0.02957	0.33938	0.01630	0.01229	0.01701	0.01191	0.01697	0.00984	0.01145	0.07737	0.07938	0.14120	0.00631	0.03852	0.00691
4	0.01441	0.01376	0.02310	0.03464	0.67773	0.01367	0.01747	0.01785	0.01394	0.01967	0.01623	0.01924	0.07829	0.00639	0.00617	0.00184	0.00688	0.00615	0.00328	0.00927
5	0.01436	0.01187	0.01359	0.00986	0.01521	0.00987	0.00795	0.12769	0.01523	0.02289	0.01148	0.01301	0.00928	0.00498	0.00478	0.00105	0.00488	0.00392	0.00402	0.69407
6	0.00735	0.00621	0.00636	0.00632	0.00834	0.00522	0.00474	0.00901	0.01422	0.01718	0.11669	0.05785	0.68913	0.01526	0.00723	0.00206	0.00308	0.01277	0.00577	0.00522
7	0.02228	0.01656	0.01784	0.01362	0.01856	0.01797	0.01123	0.65989	0.02728	0.03684	0.01434	0.01451	0.01028	0.00709	0.00598	0.00175	0.00653	0.00534	0.00589	0.08623
8	0.02180	0.01620	0.01750	0.01345	0.01826	0.01754	0.01104	0.63792	0.02676	0.03614	0.01492	0.03796	0.01121	0.00745	0.00603	0.00177	0.00643	0.00570	0.00588	0.08607
9	0.00818	0.00613	0.00758	0.00744	0.00890	0.00554	0.00550	0.01053	0.01586	0.02158	0.49648	0.13603	0.21974	0.01402	0.00729	0.00203	0.00302	0.01226	0.00636	0.00554
10	0.00746	0.00533	0.00710	0.00852	0.00888	0.00497	0.00568	0.00852	0.01172	0.01563	0.03374	0.78088	0.04049	0.01918	0.00781	0.00249	0.00355	0.01740	0.00568	0.00497
11	0.01275	0.11824	0.67067	0.01665	0.02526	0.01536	0.02123	0.01926	0.01287	0.01882	0.01070	0.01257	0.00777	0.00575	0.00560	0.00187	0.00876	0.00438	0.00259	0.00891
12	0.01515	0.01454	0.02485	0.03757	0.74669	0.01454	0.01879	0.01879	0.01394	0.02000	0.01151	0.01515	0.00970	0.00545	0.00606	0.00182	0.00727	0.00545	0.00303	0.00970
13	0.00723	0.00620	0.00620	0.00620	0.00827	0.00517	0.00465	0.00878	0.01395	0.01654	0.06201	0.05891	0.74421	0.01550	0.00723	0.00207	0.00310	0.01292	0.00568	0.00517
14	0.01156	0.01088	0.01836	0.77016	0.04216	0.01360	0.01700	0.01564	0.01224	0.01564	0.01088	0.01632	0.00816	0.00612	0.00612	0.00204	0.00816	0.00544	0.00272	0.00680
15	0.01236	0.01161	0.02091	0.20057	0.20412	0.01195	0.18204	0.01591	0.01314	0.01832	0.01647	0.15807	0.01549	0.00824	0.00651	0.00202	0.00711	0.00810	0.07965	0.00742
16	0.01156	0.01088	0.01836	0.77016	0.04216	0.01360	0.01700	0.01564	0.01224	0.01564	0.01088	0.01632	0.00816	0.00612	0.00612	0.00204	0.00816	0.00544	0.00272	0.00680
17	0.01515	0.01454	0.02485	0.03757	0.74669	0.01454	0.01879	0.01879	0.01394	0.02000	0.01151	0.01515	0.00970	0.00545	0.00606	0.00182	0.00727	0.00545	0.00303	0.00970
18	0.00916	0.00903	0.06798	0.08153	0.01489	0.00801	0.03114	0.01190	0.04327	0.01656	0.02752	0.52477	0.03125	0.01551	0.00802	0.00240	0.04090	0.04533	0.00497	0.00588
19	0.01228	0.03166	0.75316	0.01745	0.02649	0.01422	0.02262	0.01939	0.01292	0.01939	0.01099	0.01292	0.00775	0.00582	0.00582	0.00194	0.00905	0.00452	0.00258	0.00905
20	0.00792	0.00601	0.00723	0.00736	0.00872	0.00539	0.00532	0.00986	0.01467	0.01946	0.33210	0.22045	0.28044	0.03713	0.00805	0.00222	0.00320	0.01309	0.00606	0.00533
21	0.01647	0.01196	0.01404	0.01197	0.01498	0.01271	0.03187	0.36908	0.03639	0.05184	0.02257	0.30811	0.02255	0.03601	0.00759	0.00223	0.00552	0.01026	0.00583	0.00804
22	0.01458	0.01587	0.09232	0.09163	0.57751	0.01449	0.04008	0.01910	0.03870	0.01978	0.01191	0.01534	0.00969	0.00563	0.00608	0.00186	0.00752	0.00547	0.00308	0.00937
23	0.01569	0.01602	0.02415	0.05852	0.55941	0.10037	0.07245	0.01920	0.01432	0.01919	0.01199	0.01655	0.01022	0.00592	0.00617	0.00185	0.00792	0.02788	0.00312	0.00905
24	0.01724	0.01261	0.01482	0.09920	0.01832	0.01389	0.01020	0.34112	0.07481	0.05873	0.03450	0.02044	0.01409	0.09177	0.09752	0.00321	0.00746	0.00620	0.02979	0.03410
25	0.12622	0.01237	0.01200	0.01060	0.01340	0.08932	0.00828	0.14728	0.08698	0.05544	0.15606	0.07069	0.07520	0.03838	0.03900	0.00243	0.02210	0.02162	0.00534	0.00730
26	0.08573	0.01161	0.01292	0.01184	0.03954	0.03763	0.02663	0.13460	0.17016	0.06364	0.05920	0.02920	0.13021	0.04545	0.07780	0.00290	0.00640	0.04150	0.00531	0.00773
27	0.01244	0.04584	0.01225	0.06902	0.01469	0.01032	0.00848	0.09735	0.11271	0.03660	0.06418	0.15581	0.06684	0.10320	0.00961	0.00254	0.00520	0.10329	0.00515	0.06451
28	0.01571	0.01716	0.03985	0.01475	0.08893	0.27271	0.01043	0.07544	0.03433	0.01926	0.12544	0.11057	0.06720	0.04752	0.00799	0.00208	0.03140	0.00778	0.00444	0.00702
29	0.01532	0.08731	0.15502	0.03510	0.10063	0.11230	0.01398	0.08816	0.05895	0.01967	0.01585	0.01883	0.06260	0.00800	0.00830	0.00197	0.13917	0.02673	0.02409	0.00801
30	0.08542	0.22990	0.07094	0.01180	0.01634	0.06730	0.01056	0.15458	0.08362	0.04491	0.01323	0.03257	0.01099	0.04029	0.00659	0.00184	0.02573	0.00493	0.00413	0.08431
31	0.05219	0.13097	0.13887	0.01512	0.07446	0.14203	0.01286	0.16015	0.05071	0.02249	0.04672	0.01645	0.03696	0.00709	0.00616	0.00178	0.03942	0.00524	0.03204	0.00830
32	0.01673	0.23191	0.06203	0.01188	0.01618	0.01681	0.03178	0.27527	0.03521	0.02388	0.01633	0.04546	0.04674	0.11303	0.00900	0.00227	0.00643	0.00608	0.00442	0.02855

[dist]
# distance from previous block
# <min> <max>
76	142

[block]
# block no. 5 follows, 37 sequences, length 6
# corresponding to MSA columns:
# 778-783
name=unknown_F
#
# <colnr> <probs for GDERKNQSTAVLIFYWHMCP>
#	G	D	E	R	K	N	Q	S	T	A	V	L	I	F	Y	W	H	M	C	P
0	0.07234	0.12594	0.05152	0.01463	0.08439	0.10153	0.02742	0.02061	0.16420	0.03409	0.01834	0.06648	0.04251	0.00858	0.00672	0.00193	0.05316	0.06156	0.00425	0.03981
1	0.01731	0.01339	0.04920	0.01223	0.01629	0.01303	0.01032	0.14836	0.09437	0.14665	0.01565	0.04244	0.01224	0.00761	0.00814	0.00178	0.13808	0.00557	0.00489	0.24245
2	0.01892	0.07345	0.01736	0.01468	0.07004	0.26509	0.01086	0.21460	0.04852	0.02286	0.01790	0.01849	0.09548	0.00746	0.00576	0.00167	0.00751	0.00558	0.00439	0.07939
3	0.01911	0.16734	0.08445	0.08451	0.02071	0.18956	0.01262	0.27005	0.01945	0.02375	0.01366	0.01482	0.04045	0.00681	0.00559	0.00171	0.00787	0.00495	0.00412	0.00848
4	0.01744	0.01253	0.01454	0.01137	0.01583	0.01218	0.00924	0.22223	0.06882	0.11474	0.01625	0.04310	0.01312	0.00733	0.00629	0.00160	0.03928	0.03869	0.00513	0.33031
5	0.01120	0.00798	0.01101	0.01007	0.01215	0.00745	0.05047	0.06468	0.01507	0.06899	0.20482	0.35529	0.03608	0.01368	0.00713	0.00211	0.00429	0.03416	0.00576	0.07759

[dist]
# distance from previous block
# <min> <max>
6	11

[block]
# block no. 6 follows, 37 sequences, length 6
# corresponding to MSA columns:
# 795-800
name=unknown_G
#
# <colnr> <probs for GDERKNQSTAVLIFYWHMCP>
#	G	D	E	R	K	N	Q	S	T	A	V	L	I	F	Y	W	H	M	C	P
0	0.01518	0.01141	0.01323	0.01177	0.04142	0.01172	0.00883	0.30721	0.01986	0.02708	0.13423	0.15136	0.04967	0.04950	0.00779	0.00211	0.00519	0.03372	0.00561	0.09312
1	0.01106	0.00940	0.01337	0.01603	0.19856	0.00842	0.00950	0.01340	0.01294	0.01861	0.06749	0.30798	0.02436	0.01086	0.00635	0.00181	0.00475	0.00982	0.00446	0.25082
2	0.01898	0.01053	0.01291	0.01058	0.01445	0.00995	0.00840	0.07302	0.14365	0.31995	0.08842	0.10144	0.02108	0.00890	0.00619	0.00184	0.00476	0.00749	0.00637	0.13110
3	0.01207	0.12863	0.09343	0.01554	0.13065	0.03808	0.01201	0.01517	0.01396	0.01843	0.09704	0.09861	0.02600	0.01152	0.00683	0.00218	0.00613	0.26226	0.00448	0.00698
4	0.01998	0.10316	0.01926	0.01593	0.09101	0.29386	0.01164	0.21100	0.01886	0.02253	0.01119	0.01255	0.00892	0.00612	0.00542	0.00154	0.00804	0.00440	0.00396	0.13063
5	0.01391	0.00927	0.01098	0.01045	0.01271	0.00963	0.00780	0.07138	0.22751	0.13057	0.02830	0.38698	0.02805	0.01336	0.00697	0.00223	0.00441	0.01175	0.00616	0.00758

[dist]
# distance from previous block
# <min> <max>
4	17

[block]
# block no. 7 follows, 37 sequences, length 15
# corresponding to MSA columns:
# 825-839
name=unknown_H
#
# <colnr> <probs for GDERKNQSTAVLIFYWHMCP>
#	G	D	E	R	K	N	Q	S	T	A	V	L	I	F	Y	W	H	M	C	P
0	0.02113	0.08873	0.12088	0.01422	0.01972	0.01880	0.01304	0.56499	0.02512	0.03375	0.01363	0.01401	0.00981	0.00695	0.00588	0.00180	0.00704	0.00517	0.00532	0.00999
1	0.01583	0.33931	0.27080	0.01488	0.05846	0.03836	0.01510	0.11873	0.01504	0.01980	0.01065	0.01232	0.00852	0.00707	0.02931	0.00190	0.00788	0.00425	0.00316	0.00862
2	0.01363	0.09121	0.62703	0.01657	0.02493	0.01546	0.02062	0.08484	0.01435	0.02076	0.01113	0.01284	0.00801	0.00591	0.00569	0.00188	0.00863	0.00451	0.00292	0.00908
3	0.01583	0.08206	0.51432	0.01536	0.02298	0.01393	0.01833	0.02206	0.04728	0.16943	0.01415	0.01478	0.00979	0.00625	0.00577	0.00189	0.00788	0.00488	0.00378	0.00927
4	0.01494	0.47392	0.24766	0.01278	0.01881	0.05437	0.01402	0.01845	0.01264	0.01592	0.00981	0.01174	0.00831	0.00810	0.05371	0.00207	0.00815	0.00390	0.00268	0.00802
5	0.01820	0.12039	0.01723	0.01342	0.01634	0.43662	0.01051	0.04294	0.01505	0.01547	0.01140	0.01454	0.00998	0.01697	0.21067	0.00380	0.01178	0.00462	0.00322	0.00686
6	0.01558	0.53361	0.02582	0.04596	0.01653	0.07798	0.01038	0.01892	0.07356	0.01580	0.01500	0.01781	0.06066	0.00694	0.00481	0.00156	0.00654	0.04161	0.00334	0.00760
7	0.01526	0.08630	0.02552	0.03506	0.67892	0.01544	0.01802	0.01874	0.01380	0.01948	0.01124	0.01466	0.00953	0.00543	0.00586	0.00177	0.00720	0.00525	0.00299	0.00953
8	0.06815	0.03031	0.70220	0.01680	0.02549	0.01418	0.02152	0.01929	0.01275	0.01994	0.01082	0.01272	0.00768	0.00581	0.00568	0.00194	0.00875	0.00444	0.00267	0.00888
9	0.02290	0.02817	0.01743	0.01563	0.01893	0.69822	0.01181	0.08321	0.01830	0.01696	0.00990	0.01135	0.00810	0.00640	0.00557	0.00160	0.01068	0.00407	0.00340	0.00737
10	0.01157	0.00900	0.00968	0.00861	0.01128	0.00881	0.00679	0.18976	0.01810	0.02315	0.13277	0.04664	0.44154	0.01315	0.00701	0.00203	0.00411	0.04350	0.00592	0.00658
11	0.01742	0.50954	0.06049	0.01157	0.01634	0.10937	0.01088	0.06143	0.01424	0.06165	0.01151	0.04899	0.01024	0.00739	0.02422	0.00172	0.00724	0.00450	0.00336	0.00793
12	0.01316	0.01111	0.01316	0.01003	0.01450	0.00967	0.00799	0.07497	0.01369	0.02069	0.01308	0.08414	0.01201	0.00665	0.00627	0.00128	0.06903	0.00521	0.00395	0.60941
13	0.05355	0.03798	0.20407	0.05303	0.05646	0.01520	0.09068	0.09488	0.01358	0.02013	0.01157	0.01535	0.00945	0.02431	0.06960	0.00278	0.18474	0.00539	0.02941	0.00786
14	0.01208	0.00972	0.01095	0.00973	0.01280	0.00953	0.00748	0.03313	0.24817	0.03982	0.08618	0.14277	0.13483	0.01071	0.00637	0.00187	0.00422	0.02528	0.00554	0.18879

[dist]
# distance from previous block
# <min> <max>
3	21

[block]
# block no. 8 follows, 37 sequences, length 14
# corresponding to MSA columns:
# 862-875
name=unknown_I
#
# <colnr> <probs for GDERKNQSTAVLIFYWHMCP>
#	G	D	E	R	K	N	Q	S	T	A	V	L	I	F	Y	W	H	M	C	P
0	0.09217	0.16588	0.09870	0.03223	0.14491	0.11592	0.01272	0.05650	0.01433	0.05709	0.01312	0.01473	0.04042	0.00635	0.00576	0.00167	0.03451	0.00472	0.00354	0.08473
1	0.52298	0.10984	0.01334	0.02949	0.01382	0.05969	0.00809	0.01858	0.01194	0.06893	0.05249	0.01308	0.01047	0.00641	0.00503	0.00184	0.03892	0.00412	0.00393	0.00700
2	0.05466	0.46970	0.02415	0.01032	0.01510	0.01799	0.00956	0.02136	0.01420	0.23821	0.06000	0.01544	0.01318	0.00643	0.00480	0.00155	0.00583	0.00464	0.00443	0.00844
3	0.01128	0.00955	0.01104	0.00840	0.01281	0.00737	0.00662	0.01380	0.01339	0.01977	0.09319	0.02456	0.15051	0.00736	0.00530	0.00122	0.00410	0.00609	0.00432	0.58930
4	0.00950	0.00631	0.00821	0.00801	0.00945	0.00576	0.00590	0.01187	0.01587	0.06828	0.49686	0.21306	0.08984	0.01389	0.00729	0.00206	0.00320	0.01231	0.00649	0.00585
5	0.01529	0.01550	0.02253	0.19482	0.50556	0.10389	0.01756	0.01878	0.01398	0.01844	0.01113	0.01491	0.00914	0.00570	0.00601	0.00184	0.00792	0.00527	0.00298	0.00875
6	0.05137	0.20301	0.02013	0.01485	0.12209	0.05756	0.01086	0.02466	0.01549	0.39504	0.01706	0.01634	0.01184	0.00655	0.00547	0.00172	0.00616	0.00512	0.00530	0.00935
7	0.00890	0.00593	0.00668	0.00668	0.00668	0.00593	0.00371	0.00890	0.00890	0.01187	0.01929	0.04006	0.02225	0.78487	0.03116	0.00593	0.00593	0.00890	0.00371	0.00371
8	0.00789	0.00590	0.00732	0.00765	0.00884	0.00534	0.00548	0.00980	0.01449	0.01941	0.32453	0.31776	0.21188	0.01565	0.00744	0.00216	0.00318	0.01382	0.00611	0.00534
9	0.01637	0.78856	0.03208	0.01047	0.01571	0.02422	0.01047	0.01833	0.01244	0.01440	0.00851	0.00982	0.00786	0.00524	0.00393	0.00131	0.00655	0.00327	0.00262	0.00786
10	0.01389	0.42378	0.22535	0.01243	0.01811	0.01809	0.03725	0.01752	0.01346	0.01765	0.13297	0.01694	0.01627	0.00662	0.00511	0.00161	0.00674	0.00506	0.00332	0.00784
11	0.01248	0.10150	0.64699	0.01629	0.02459	0.01472	0.02061	0.01888	0.01310	0.01918	0.04850	0.01432	0.01034	0.00611	0.00571	0.00188	0.00849	0.00474	0.00280	0.00877
12	0.02746	0.01042	0.01421	0.01089	0.01563	0.00900	0.00900	0.02983	0.01752	0.75093	0.02415	0.02083	0.01515	0.00758	0.00616	0.00189	0.00521	0.00616	0.00758	0.01042
13	0.01303	0.03061	0.71665	0.01712	0.02596	0.01396	0.02194	0.01990	0.01315	0.05553	0.01164	0.01331	0.00812	0.00590	0.00583	0.00194	0.00886	0.00460	0.00283	0.00911

[dist]
# distance from previous block
# <min> <max>
0	1

[block]
# block no. 9 follows, 37 sequences, length 8
# corresponding to MSA columns:
# 877-884
name=unknown_J
#
# <colnr> <probs for GDERKNQSTAVLIFYWHMCP>
#	G	D	E	R	K	N	Q	S	T	A	V	L	I	F	Y	W	H	M	C	P
0	0.01228	0.03166	0.75316	0.01745	0.02649	0.01422	0.02262	0.01939	0.01292	0.01939	0.01099	0.01292	0.00775	0.00582	0.00582	0.00194	0.00905	0.00452	0.00258	0.00905
1	0.01577	0.67899	0.13646	0.01148	0.01727	0.02277	0.01223	0.01848	0.01251	0.01512	0.00887	0.01027	0.00784	0.00532	0.00420	0.00140	0.00691	0.00345	0.00261	0.00803
2	0.01637	0.78856	0.03208	0.01047	0.01571	0.02422	0.01047	0.01833	0.01244	0.01440	0.00851	0.00982	0.00786	0.00524	0.00393	0.00131	0.00655	0.00327	0.00262	0.00786
3	0.09997	0.01664	0.01748	0.01351	0.01830	0.01848	0.01116	0.65878	0.02703	0.03752	0.01411	0.01424	0.01005	0.00719	0.00590	0.00184	0.00655	0.00530	0.00590	0.01005
4	0.13388	0.67612	0.02874	0.01012	0.01515	0.02270	0.00992	0.01828	0.01215	0.01629	0.00851	0.00984	0.00768	0.00530	0.00391	0.00139	0.00628	0.00328	0.00279	0.00768
5	0.01899	0.21413	0.02134	0.01453	0.01744	0.40029	0.01186	0.02060	0.01422	0.01478	0.00888	0.01130	0.00791	0.00709	0.00860	0.00177	0.19203	0.00411	0.00291	0.00719
6	0.01605	0.72997	0.08789	0.01101	0.01655	0.02345	0.01141	0.01841	0.01248	0.01479	0.00870	0.01006	0.00785	0.00528	0.00407	0.00136	0.00674	0.00337	0.00262	0.00795
7	0.00898	0.00732	0.01180	0.04677	0.01406	0.00709	0.09781	0.01102	0.01253	0.01663	0.02973	0.51719	0.03406	0.01638	0.00778	0.00247	0.00501	0.14258	0.00521	0.00559

[dist]
# distance from previous block
# <min> <max>
0	1

[block]
# block no. 10 follows, 37 sequences, length 7
# corresponding to MSA columns:
# 886-892
name=unknown_K
#
# <colnr> <probs for GDERKNQSTAVLIFYWHMCP>
#	G	D	E	R	K	N	Q	S	T	A	V	L	I	F	Y	W	H	M	C	P
0	0.01133	0.01040	0.01698	0.48127	0.03160	0.01233	0.04966	0.01444	0.01187	0.01581	0.01390	0.12361	0.01291	0.00884	0.00832	0.03371	0.07936	0.00710	0.00320	0.05336
1	0.00877	0.00588	0.00672	0.00685	0.00688	0.00585	0.00389	0.00887	0.00916	0.01222	0.02062	0.10857	0.02394	0.71407	0.02900	0.00562	0.00571	0.00969	0.00389	0.00383
2	0.11355	0.01608	0.09676	0.05081	0.15407	0.01428	0.33442	0.01855	0.01334	0.02046	0.01165	0.01507	0.00904	0.00558	0.00656	0.00192	0.03073	0.00582	0.03376	0.04756
3	0.01565	0.65615	0.15822	0.01169	0.01760	0.02247	0.01260	0.01851	0.01252	0.01527	0.00894	0.01036	0.00784	0.00534	0.00426	0.00142	0.00698	0.00349	0.00261	0.00806
4	0.01820	0.20030	0.11345	0.01557	0.07262	0.31853	0.01286	0.06219	0.04984	0.01774	0.01371	0.01488	0.05188	0.00663	0.00540	0.00165	0.00846	0.00473	0.00342	0.00791
5	0.01344	0.24665	0.54834	0.01547	0.02343	0.01706	0.01917	0.01909	0.01279	0.01797	0.01028	0.01204	0.00778	0.00565	0.00528	0.00176	0.00834	0.00417	0.00259	0.00871
6	0.07588	0.21327	0.45452	0.01489	0.02208	0.08530	0.01747	0.01949	0.01302	0.01838	0.01006	0.01177	0.00771	0.00571	0.00518	0.00175	0.00830	0.00408	0.00274	0.00840

[dist]
# distance from previous block
# <min> <max>
2	5

[block]
# block no. 11 follows, 37 sequences, length 48
# corresponding to MSA columns:
# 899-946
name=unknown_L
#
# <colnr> <probs for GDERKNQSTAVLIFYWHMCP>
#	G	D	E	R	K	N	Q	S	T	A	V	L	I	F	Y	W	H	M	C	P
0	0.03958	0.34688	0.02188	0.01129	0.01563	0.10600	0.00988	0.20428	0.01752	0.02155	0.01899	0.01926	0.12866	0.00761	0.00523	0.00162	0.00651	0.00552	0.00414	0.00797
1	0.05941	0.38707	0.30952	0.01311	0.01953	0.01840	0.01491	0.01879	0.01276	0.04014	0.01119	0.01443	0.00939	0.00616	0.00496	0.00168	0.00733	0.04004	0.00298	0.00822
2	0.05826	0.55326	0.21588	0.01213	0.01827	0.02110	0.01339	0.01858	0.01246	0.01637	0.00915	0.01062	0.00776	0.00541	0.00440	0.00150	0.00709	0.00360	0.00267	0.00810
3	0.01686	0.16651	0.01670	0.01130	0.01464	0.17740	0.00915	0.13593	0.01690	0.07702	0.05569	0.11789	0.11464	0.01079	0.03006	0.00205	0.00676	0.00757	0.00472	0.00742
4	0.01494	0.12725	0.55537	0.01562	0.02356	0.01479	0.01912	0.02072	0.01351	0.12157	0.01251	0.01363	0.00881	0.00599	0.00562	0.00185	0.00818	0.00459	0.00329	0.00908
5	0.03285	0.11162	0.48462	0.01422	0.02099	0.01345	0.01704	0.01747	0.01379	0.02018	0.17520	0.01986	0.01897	0.00725	0.00586	0.00186	0.00727	0.00582	0.00355	0.00811
6	0.00788	0.00559	0.00728	0.02513	0.00932	0.00533	0.00565	0.00904	0.01175	0.01584	0.05934	0.61100	0.05681	0.09953	0.01010	0.00277	0.00385	0.01546	0.03339	0.00494
7	0.01807	0.03806	0.01880	0.18932	0.04682	0.40012	0.03549	0.02088	0.03786	0.01573	0.01022	0.01323	0.00842	0.00685	0.00773	0.00187	0.11557	0.00471	0.00307	0.00719
8	0.01684	0.65003	0.09614	0.01131	0.01680	0.04775	0.01154	0.01928	0.01294	0.05615	0.00964	0.01076	0.00826	0.00546	0.00428	0.00141	0.00685	0.00357	0.00291	0.00808
9	0.00872	0.00638	0.00845	0.00966	0.01084	0.00612	0.00778	0.01080	0.01333	0.01721	0.03727	0.28891	0.14347	0.01740	0.00807	0.00260	0.00461	0.38735	0.00566	0.00536
10	0.00723	0.00620	0.00620	0.00620	0.00827	0.00517	0.00465	0.00878	0.01395	0.01654	0.06201	0.05891	0.74421	0.01550	0.00723	0.00207	0.00310	0.01292	0.00568	0.00517
11	0.02328	0.01128	0.06698	0.01084	0.01535	0.00885	0.00946	0.02607	0.01715	0.57858	0.14116	0.02434	0.02160	0.00826	0.00631	0.00190	0.00511	0.00684	0.00708	0.00956
12	0.01827	0.01300	0.01433	0.01231	0.01614	0.01439	0.00974	0.09563	0.53523	0.16375	0.02383	0.02171	0.01726	0.00808	0.00621	0.00202	0.00509	0.00665	0.00647	0.00989
13	0.42165	0.15173	0.06354	0.01259	0.01740	0.01587	0.13932	0.01951	0.04740	0.04561	0.01066	0.01227	0.00825	0.00570	0.00476	0.00183	0.00636	0.00436	0.00362	0.00756
14	0.00888	0.00635	0.00879	0.00879	0.00958	0.00709	0.00641	0.01045	0.00966	0.01381	0.01735	0.02863	0.01732	0.25808	0.52581	0.00844	0.01294	0.00721	0.02944	0.00497
15	0.01384	0.07073	0.44151	0.02373	0.26713	0.03988	0.02025	0.01929	0.01338	0.01915	0.01096	0.01342	0.00842	0.00568	0.00578	0.00185	0.00837	0.00474	0.00276	0.00913
16	0.01228	0.03166	0.75316	0.01745	0.02649	0.01422	0.02262	0.01939	0.01292	0.01939	0.01099	0.01292	0.00775	0.00582	0.00582	0.00194	0.00905	0.00452	0.00258	0.00905
17	0.05621	0.11412	0.06376	0.04569	0.39748	0.13774	0.01560	0.02024	0.01426	0.06286	0.01138	0.01381	0.00920	0.00574	0.00559	0.00174	0.00768	0.00482	0.00328	0.00882
18	0.01283	0.01487	0.13670	0.01267	0.03234	0.01015	0.07836	0.01699	0.03610	0.02011	0.02784	0.01420	0.01028	0.00512	0.00514	0.00126	0.00585	0.00442	0.00355	0.55120
19	0.01228	0.01006	0.01024	0.00925	0.01181	0.05337	0.00717	0.12521	0.08840	0.03882	0.19070	0.06465	0.31131	0.01231	0.00688	0.00200	0.00439	0.02843	0.00592	0.00680
20	0.01637	0.78856	0.03208	0.01047	0.01571	0.02422	0.01047	0.01833	0.01244	0.01440	0.00851	0.00982	0.00786	0.00524	0.00393	0.00131	0.00655	0.00327	0.00262	0.00786
21	0.05732	0.01668	0.01743	0.04439	0.19905	0.20536	0.01265	0.05411	0.03717	0.01888	0.04171	0.01984	0.09498	0.00823	0.00850	0.00196	0.14436	0.00604	0.00372	0.00762
22	0.01289	0.18339	0.56186	0.01550	0.02330	0.01578	0.01918	0.01868	0.01289	0.01841	0.03514	0.01370	0.00965	0.00702	0.02615	0.00203	0.00854	0.00454	0.00275	0.00860
23	0.01428	0.01328	0.02174	0.20931	0.48158	0.01408	0.01714	0.04547	0.04440	0.01976	0.01316	0.03580	0.01118	0.00645	0.00619	0.00193	0.00723	0.02488	0.00335	0.00881
24	0.01156	0.01088	0.01836	0.77016	0.04216	0.01360	0.01700	0.01564	0.01224	0.01564	0.01088	0.01632	0.00816	0.00612	0.00612	0.00204	0.00816	0.00544	0.00272	0.00680
25	0.02038	0.17306	0.01947	0.01432	0.01771	0.54704	0.01138	0.02215	0.01609	0.01519	0.01146	0.01633	0.01048	0.00711	0.00549	0.00164	0.00966	0.07064	0.00329	0.00710
26	0.01402	0.02410	0.43832	0.01958	0.04888	0.01381	0.22053	0.01985	0.01371	0.07807	0.01333	0.04425	0.01011	0.00627	0.00633	0.00199	0.00883	0.00595	0.00326	0.00879
27	0.00746	0.00533	0.00710	0.00852	0.00888	0.00497	0.00568	0.00852	0.01172	0.01563	0.03374	0.78088	0.04049	0.01918	0.00781	0.00249	0.00355	0.01740	0.00568	0.00497
28	0.01339	0.01339	0.01875	0.01607	0.01607	0.01875	0.01339	0.01473	0.00937	0.01473	0.00804	0.01339	0.00804	0.01071	0.02009	0.00268	0.77367	0.00536	0.00268	0.00670
29	0.01445	0.01651	0.03612	0.02580	0.03199	0.01548	0.72446	0.01961	0.01445	0.01961	0.01238	0.01651	0.00929	0.00516	0.00722	0.00206	0.01032	0.00722	0.00310	0.00826
30	0.01482	0.01491	0.04327	0.03397	0.59443	0.01442	0.10385	0.01913	0.03702	0.02006	0.01273	0.01731	0.01074	0.00590	0.00628	0.00189	0.00755	0.02912	0.00322	0.00937
31	0.01033	0.00532	0.00789	0.00803	0.00806	0.00528	0.00535	0.00803	0.00833	0.01111	0.01283	0.09121	0.01348	0.02107	0.02239	0.74385	0.00515	0.00647	0.00295	0.00288
32	0.00758	0.00539	0.00712	0.00840	0.00878	0.00505	0.00559	0.00866	0.01180	0.01579	0.06039	0.71626	0.04026	0.05642	0.00893	0.00263	0.00364	0.01674	0.00563	0.00494
33	0.01366	0.09925	0.47899	0.01874	0.02657	0.01534	0.20144	0.01964	0.01340	0.03996	0.01149	0.01378	0.00837	0.00564	0.00601	0.00191	0.00903	0.00515	0.00286	0.00877
34	0.01430	0.04163	0.06491	0.06178	0.05406	0.01559	0.61531	0.01934	0.01420	0.01925	0.01210	0.01609	0.00913	0.00525	0.00697	0.00203	0.00994	0.00684	0.00304	0.00825
35	0.01448	0.01643	0.03565	0.02629	0.06204	0.01544	0.69479	0.01957	0.01443	0.01962	0.01235	0.01645	0.00931	0.00517	0.00718	0.00205	0.01019	0.00715	0.00309	0.00832
36	0.01637	0.78856	0.03208	0.01047	0.01571	0.02422	0.01047	0.01833	0.01244	0.01440	0.00851	0.00982	0.00786	0.00524	0.00393	0.00131	0.00655	0.00327	0.00262	0.00786
37	0.02537	0.03768	0.01488	0.01116	0.01575	0.01059	0.00921	0.04765	0.11178	0.61227	0.02347	0.02056	0.01524	0.00759	0.00609	0.00190	0.00525	0.00614	0.00719	0.01023
38	0.02593	0.03745	0.01483	0.01099	0.01561	0.01012	0.00911	0.06273	0.04175	0.64599	0.04400	0.02095	0.01602	0.00765	0.00611	0.00188	0.00525	0.00619	0.00727	0.01017
39	0.52215	0.01518	0.13333	0.01274	0.08469	0.01333	0.01069	0.01970	0.01200	0.11086	0.01106	0.01222	0.00811	0.00591	0.00462	0.00189	0.00574	0.00405	0.00397	0.00777
40	0.01466	0.01254	0.01337	0.01214	0.01541	0.01439	0.00946	0.03062	0.66904	0.02530	0.06778	0.02573	0.02155	0.00884	0.00636	0.00209	0.00475	0.03038	0.00624	0.00932
41	0.01587	0.24325	0.39522	0.01491	0.02171	0.13931	0.01680	0.02040	0.01373	0.05111	0.01065	0.01211	0.00815	0.00582	0.00525	0.00170	0.00849	0.00415	0.00292	0.00845
42	0.02024	0.05680	0.02074	0.02155	0.20415	0.50556	0.04651	0.02253	0.01614	0.01644	0.01008	0.01228	0.00841	0.00599	0.00567	0.00165	0.00986	0.00445	0.00310	0.00784
43	0.00785	0.00563	0.00721	0.00802	0.00863	0.00525	0.00541	0.00917	0.01260	0.01696	0.17116	0.51033	0.08065	0.10868	0.01044	0.00276	0.00368	0.01492	0.00565	0.00499
44	0.00782	0.00567	0.00747	0.00878	0.00944	0.00532	0.00627	0.00921	0.01227	0.01613	0.03574	0.61120	0.09472	0.01853	0.00787	0.00251	0.00385	0.12646	0.00568	0.00509
45	0.01402	0.01552	0.03244	0.12785	0.05427	0.01536	0.56915	0.01879	0.01387	0.01882	0.01193	0.01628	0.00908	0.00559	0.00770	0.00208	0.04938	0.00683	0.00302	0.00802
46	0.01296	0.01231	0.02089	0.48438	0.31700	0.01397	0.01770	0.01687	0.01290	0.01734	0.01113	0.01586	0.00876	0.00586	0.00610	0.00195	0.00781	0.00545	0.00284	0.00793
47	0.00781	0.00535	0.00717	0.00841	0.00872	0.00503	0.00559	0.00848	0.01127	0.01503	0.03109	0.68513	0.03707	0.04329	0.01008	0.08064	0.00379	0.01599	0.00533	0.00471

[dist]
# distance from previous block
# <min> <max>
0	2

[block]
# block no. 12 follows, 37 sequences, length 8
# corresponding to MSA columns:
# 949-956
name=unknown_M
#
# <colnr> <probs for GDERKNQSTAVLIFYWHMCP>
#	G	D	E	R	K	N	Q	S	T	A	V	L	I	F	Y	W	H	M	C	P
0	0.66132	0.01305	0.01023	0.00900	0.01274	0.06907	0.00731	0.04822	0.01233	0.06271	0.03979	0.01223	0.00940	0.00617	0.00427	0.00187	0.00524	0.00391	0.00415	0.00697
1	0.06228	0.01232	0.01543	0.03868	0.05363	0.01370	0.03153	0.24421	0.01782	0.02543	0.11719	0.12526	0.02038	0.00982	0.00865	0.00204	0.13384	0.00773	0.00493	0.05513
2	0.01414	0.01654	0.11332	0.06101	0.40404	0.01436	0.20622	0.01854	0.01367	0.01934	0.01191	0.01575	0.00958	0.00753	0.04516	0.00232	0.00880	0.00587	0.00299	0.00890
3	0.01263	0.01663	0.14915	0.02040	0.02555	0.01336	0.42298	0.01708	0.01336	0.01850	0.01616	0.16808	0.01518	0.00838	0.00785	0.00216	0.05272	0.00869	0.00350	0.00764
4	0.01394	0.08098	0.02424	0.19735	0.29106	0.01526	0.13426	0.01834	0.05460	0.01830	0.01263	0.04339	0.01066	0.00651	0.00697	0.00195	0.05201	0.00607	0.00319	0.00829
5	0.08674	0.09346	0.42778	0.02047	0.16323	0.01523	0.07170	0.01907	0.01296	0.01980	0.01075	0.01307	0.00815	0.00563	0.00562	0.00186	0.00819	0.00468	0.00282	0.00879
6	0.05425	0.01348	0.08721	0.01401	0.08758	0.01217	0.01096	0.06832	0.24418	0.04419	0.04486	0.02777	0.09191	0.00888	0.00621	0.00195	0.00544	0.07634	0.00508	0.09519
7	0.01584	0.03248	0.06920	0.01216	0.01584	0.06501	0.03021	0.14097	0.11697	0.09807	0.07858	0.14774	0.02193	0.01002	0.00646	0.00197	0.00582	0.05693	0.00540	0.06842

[dist]
# distance from previous block
# <min> <max>
23	44

[block]
