[name]
unknown

[dist]
# distance from previous block
# <min> <max>
7	97

[block]
# block no. 0 follows, 46 sequences, length 35
# corresponding to MSA columns:
# 114-148
name=unknown_A
#
# <colnr> <probs for GDERKNQSTAVLIFYWHMCP>
#	G	D	E	R	K	N	Q	S	T	A	V	L	I	F	Y	W	H	M	C	P
0	0.04838	0.08099	0.11730	0.01173	0.06143	0.01031	0.06632	0.05600	0.04337	0.10340	0.03264	0.08039	0.07447	0.00674	0.00500	0.00148	0.00509	0.00572	0.00381	0.18543
1	0.01343	0.03505	0.06739	0.05651	0.07797	0.00981	0.00918	0.12216	0.03078	0.10350	0.02887	0.08504	0.01195	0.00614	0.00485	0.00135	0.00485	0.00514	0.00391	0.32211
2	0.05805	0.01052	0.01262	0.01127	0.08326	0.01011	0.00817	0.19547	0.04407	0.10664	0.07278	0.03815	0.01315	0.00676	0.02276	0.00151	0.00477	0.00491	0.00433	0.29070
3	0.01659	0.01105	0.01443	0.10634	0.03296	0.01106	0.05049	0.23808	0.04046	0.20664	0.01458	0.05350	0.01097	0.00620	0.00516	0.00151	0.00528	0.00521	0.00462	0.16486
4	0.01404	0.01329	0.11740	0.01037	0.01446	0.03075	0.00929	0.27747	0.03246	0.05239	0.07230	0.08352	0.04804	0.00713	0.00517	0.00148	0.00505	0.00580	0.00437	0.19521
5	0.01575	0.09568	0.11558	0.02907	0.01557	0.03720	0.00988	0.18607	0.10038	0.15331	0.01435	0.05794	0.01114	0.00627	0.00494	0.00149	0.00537	0.00497	0.00432	0.13072
6	0.01373	0.28913	0.14154	0.03714	0.01533	0.01368	0.01000	0.08534	0.03050	0.08989	0.06388	0.01394	0.01131	0.02881	0.00508	0.00144	0.00542	0.00421	0.00343	0.13620
7	0.01605	0.05828	0.01322	0.00942	0.01349	0.01080	0.00775	0.23556	0.05055	0.17402	0.03560	0.01648	0.06166	0.00613	0.00484	0.00134	0.00458	0.00485	0.00468	0.27069
8	0.05390	0.35116	0.06023	0.00949	0.01296	0.05488	0.00872	0.06011	0.01138	0.01539	0.02760	0.01268	0.00940	0.01132	0.14379	0.00257	0.04316	0.00389	0.04221	0.06515
9	0.00961	0.00740	0.00842	0.02073	0.00993	0.02141	0.00591	0.01452	0.19635	0.04417	0.24621	0.09550	0.11101	0.10684	0.04146	0.00241	0.00408	0.00836	0.01814	0.02755
10	0.00655	0.00537	0.00578	0.00568	0.00733	0.00459	0.00426	0.00818	0.01277	0.01599	0.23258	0.04806	0.59899	0.01275	0.00624	0.00175	0.00263	0.01076	0.00513	0.00459
11	0.01098	0.00979	0.01134	0.01042	0.01196	0.04320	0.00813	0.01765	0.30585	0.01673	0.05764	0.08612	0.01679	0.04340	0.15624	0.00328	0.17352	0.00655	0.00406	0.00634
12	0.00678	0.00536	0.00611	0.00596	0.00748	0.00468	0.00446	0.00860	0.01325	0.01722	0.36315	0.06578	0.44764	0.01237	0.00626	0.00174	0.00261	0.01057	0.00530	0.00468
13	0.01096	0.00940	0.01096	0.00783	0.01253	0.00705	0.00626	0.01331	0.01096	0.01723	0.00940	0.01096	0.00783	0.00392	0.00392	0.00078	0.00392	0.00313	0.00313	0.84653
14	0.01967	0.01460	0.01563	0.01208	0.01623	0.01620	0.00995	0.71869	0.07046	0.03263	0.01323	0.01312	0.00943	0.00640	0.00529	0.00160	0.00572	0.00483	0.00529	0.00895
15	0.00827	0.00619	0.00885	0.00861	0.00949	0.00740	0.00676	0.01016	0.00879	0.01328	0.01379	0.01966	0.01260	0.03214	0.60996	0.00691	0.09604	0.00546	0.11080	0.00486
16	0.02027	0.01453	0.01569	0.01203	0.01625	0.01598	0.00994	0.72797	0.02439	0.06962	0.01309	0.01295	0.00919	0.00636	0.00529	0.00159	0.00575	0.00479	0.00535	0.00899
17	0.09484	0.01021	0.01465	0.51824	0.02831	0.01197	0.01234	0.12340	0.01301	0.10706	0.01101	0.01381	0.00790	0.00555	0.00509	0.00171	0.00629	0.00460	0.00335	0.00667
18	0.00918	0.00459	0.00689	0.00689	0.00689	0.00459	0.00459	0.00689	0.00689	0.00918	0.00918	0.01607	0.00918	0.01837	0.02066	0.84619	0.00459	0.00459	0.00230	0.00230
19	0.00769	0.00513	0.00577	0.00577	0.00577	0.00513	0.00320	0.00769	0.00769	0.01025	0.01666	0.03460	0.01922	0.81421	0.02691	0.00513	0.00513	0.00769	0.00320	0.00320
20	0.01948	0.01448	0.01586	0.06037	0.01762	0.01611	0.01033	0.71780	0.02398	0.03211	0.01249	0.01278	0.00887	0.00628	0.00529	0.00160	0.00589	0.00476	0.00511	0.00880
21	0.00902	0.00504	0.00728	0.02603	0.00792	0.00520	0.00499	0.02143	0.00764	0.01027	0.01112	0.04650	0.01137	0.09551	0.08921	0.62512	0.00553	0.00536	0.00258	0.00288
22	0.03914	0.40685	0.03959	0.01154	0.03272	0.24964	0.02490	0.03420	0.08883	0.01462	0.00931	0.01030	0.00781	0.00513	0.00418	0.00133	0.00676	0.00350	0.00282	0.00683
23	0.06499	0.05964	0.09140	0.03412	0.12850	0.08297	0.05739	0.30449	0.03817	0.02288	0.01069	0.01211	0.00815	0.00578	0.00579	0.00162	0.05533	0.00445	0.00369	0.00783
24	0.00638	0.00536	0.00554	0.00549	0.00722	0.00452	0.00412	0.00784	0.01236	0.01502	0.13079	0.04966	0.70139	0.01311	0.00625	0.00177	0.00266	0.01099	0.00501	0.00452
25	0.01321	0.08457	0.01676	0.01312	0.01416	0.11338	0.01090	0.06147	0.01027	0.01401	0.00775	0.01144	0.00726	0.00926	0.04146	0.00226	0.55569	0.00436	0.00257	0.00608
26	0.01192	0.18417	0.52817	0.04220	0.04330	0.01409	0.01645	0.03355	0.01141	0.03441	0.00935	0.01099	0.00699	0.00510	0.00504	0.00158	0.02750	0.00381	0.00243	0.00756
27	0.01194	0.00805	0.00836	0.00760	0.00971	0.00882	0.00589	0.08822	0.27248	0.02181	0.01828	0.01906	0.01401	0.00652	0.00442	0.00146	0.00337	0.00527	0.47825	0.00649
28	0.01060	0.02735	0.78682	0.01507	0.02288	0.01228	0.01953	0.01674	0.01116	0.01674	0.00949	0.01116	0.00670	0.00502	0.00502	0.00167	0.00781	0.00391	0.00223	0.00781
29	0.00886	0.00792	0.03701	0.21329	0.03908	0.00794	0.00865	0.02881	0.03067	0.01857	0.42948	0.03001	0.07775	0.00893	0.00620	0.00171	0.02729	0.00773	0.00453	0.00557
30	0.01024	0.00966	0.01632	0.73759	0.09831	0.01181	0.01481	0.01373	0.01069	0.01382	0.00944	0.01401	0.00716	0.00524	0.00528	0.00175	0.00698	0.00470	0.00237	0.00608
31	0.01029	0.00825	0.00905	0.00853	0.00957	0.04901	0.00617	0.11516	0.03420	0.01565	0.04305	0.20086	0.04221	0.29683	0.01454	0.00308	0.07791	0.04662	0.00404	0.00497
32	0.00667	0.00483	0.00634	0.00734	0.00789	0.00450	0.00511	0.00787	0.01084	0.01444	0.10204	0.63833	0.08156	0.01568	0.00671	0.00210	0.00311	0.06523	0.00499	0.00441
33	0.01134	0.00986	0.01235	0.00885	0.01357	0.00772	0.05254	0.03694	0.01149	0.01771	0.00958	0.01122	0.00788	0.00402	0.00410	0.00087	0.00428	0.00337	0.00317	0.76914
34	0.01088	0.08818	0.72836	0.01460	0.02216	0.01294	0.01872	0.01667	0.01113	0.01641	0.00932	0.01095	0.00670	0.00498	0.00490	0.00163	0.00765	0.00382	0.00223	0.00773

[dist]
# distance from previous block
# <min> <max>
0	10

[block]
# block no. 1 follows, 46 sequences, length 21
# corresponding to MSA columns:
# 159-179
name=unknown_B
#
# <colnr> <probs for GDERKNQSTAVLIFYWHMCP>
#	G	D	E	R	K	N	Q	S	T	A	V	L	I	F	Y	W	H	M	C	P
0	0.15684	0.01005	0.01117	0.02571	0.01310	0.00922	0.00698	0.11519	0.01312	0.10975	0.04176	0.01282	0.00991	0.00502	0.00427	0.00119	0.00428	0.00385	0.00393	0.44181
1	0.01943	0.01380	0.01486	0.01148	0.01547	0.01515	0.00946	0.67530	0.02339	0.06181	0.01337	0.01345	0.00951	0.00634	0.00516	0.00156	0.00550	0.00479	0.07149	0.00867
2	0.01221	0.01167	0.01988	0.24880	0.57169	0.01233	0.01579	0.01546	0.01162	0.01621	0.00979	0.01337	0.00800	0.00487	0.00525	0.00162	0.00650	0.00471	0.00254	0.00767
3	0.18230	0.02000	0.01355	0.01195	0.01502	0.48330	0.00922	0.13253	0.05359	0.01859	0.00937	0.01034	0.00740	0.00556	0.00458	0.00147	0.00764	0.00363	0.00335	0.00660
4	0.01096	0.00940	0.01096	0.00783	0.01253	0.00705	0.00626	0.01331	0.01096	0.01723	0.00940	0.01096	0.00783	0.00392	0.00392	0.00078	0.00392	0.00313	0.00313	0.84653
5	0.17048	0.01208	0.06761	0.34296	0.14803	0.01270	0.01285	0.11597	0.01241	0.01892	0.00948	0.01243	0.00725	0.00537	0.00525	0.00169	0.03046	0.00431	0.00295	0.00680
6	0.01080	0.00655	0.00821	0.00750	0.00915	0.00631	0.00556	0.01406	0.09587	0.14919	0.38417	0.10570	0.03402	0.12833	0.00907	0.00223	0.00346	0.00869	0.00542	0.00571
7	0.00755	0.00566	0.00850	0.00850	0.00944	0.00661	0.00661	0.00944	0.00850	0.01227	0.01416	0.02077	0.01322	0.03965	0.79326	0.00850	0.01416	0.00566	0.00283	0.00472
8	0.01162	0.01074	0.01774	0.04338	0.55343	0.01088	0.01375	0.01438	0.01174	0.01646	0.01499	0.08804	0.03297	0.00741	0.00602	0.00177	0.02939	0.10482	0.00316	0.00733
9	0.00774	0.00595	0.00907	0.06988	0.01153	0.00701	0.00723	0.00975	0.00866	0.01237	0.01379	0.02025	0.01274	0.03699	0.73227	0.00797	0.01361	0.00559	0.00279	0.00481
10	0.00745	0.00550	0.00784	0.00797	0.00892	0.00612	0.00609	0.00922	0.00906	0.01291	0.01889	0.10391	0.07474	0.03364	0.61390	0.00698	0.01157	0.00701	0.04360	0.00467
11	0.00998	0.00940	0.01586	0.80150	0.03641	0.01175	0.01468	0.01351	0.01057	0.01351	0.00940	0.01409	0.00705	0.00529	0.00529	0.00176	0.00705	0.00470	0.00235	0.00587
12	0.01770	0.31376	0.01962	0.01195	0.01533	0.51175	0.00979	0.01919	0.01344	0.01276	0.00787	0.00915	0.00680	0.00511	0.00427	0.00128	0.00812	0.00319	0.00256	0.00637
13	0.01783	0.01350	0.01435	0.01152	0.01506	0.03782	0.00930	0.48555	0.17760	0.06348	0.01475	0.01540	0.01105	0.04859	0.00689	0.00184	0.03691	0.00514	0.00506	0.00835
14	0.00637	0.00525	0.00562	0.00585	0.00736	0.00449	0.00432	0.00770	0.01179	0.01435	0.06590	0.18043	0.61391	0.01390	0.00636	0.00186	0.00280	0.03234	0.00493	0.00446
15	0.00656	0.00537	0.00578	0.00568	0.00733	0.00459	0.00426	0.00819	0.01278	0.01602	0.23527	0.04802	0.59629	0.01274	0.00624	0.00175	0.00263	0.01076	0.00514	0.00459
16	0.01183	0.01132	0.01845	0.37845	0.36051	0.02936	0.03223	0.03409	0.01167	0.01572	0.01008	0.02974	0.00826	0.00535	0.00552	0.00168	0.02113	0.00492	0.00261	0.00705
17	0.01106	0.01044	0.01712	0.30673	0.15660	0.02487	0.11520	0.04629	0.01151	0.01546	0.01293	0.08225	0.02473	0.03668	0.02072	0.00203	0.06048	0.02228	0.01631	0.00631
18	0.00799	0.00557	0.00692	0.00682	0.00724	0.00591	0.00449	0.02914	0.00842	0.01154	0.01574	0.02954	0.01701	0.54281	0.27274	0.00611	0.00805	0.00696	0.00314	0.00385
19	0.00980	0.00911	0.01529	0.74012	0.03432	0.01135	0.01406	0.01319	0.01041	0.01341	0.00977	0.01461	0.00752	0.00795	0.06627	0.00228	0.00760	0.00477	0.00239	0.00578
20	0.02789	0.19314	0.22873	0.06117	0.01737	0.01293	0.03886	0.07907	0.03061	0.12247	0.03140	0.03270	0.01062	0.03369	0.03417	0.00191	0.00632	0.00471	0.02504	0.00719

[dist]
# distance from previous block
# <min> <max>
0	10

[block]
# block no. 2 follows, 46 sequences, length 39
# corresponding to MSA columns:
# 190-228
name=unknown_C
#
# <colnr> <probs for GDERKNQSTAVLIFYWHMCP>
#	G	D	E	R	K	N	Q	S	T	A	V	L	I	F	Y	W	H	M	C	P
0	0.04562	0.09887	0.04527	0.13643	0.04281	0.45413	0.02670	0.04402	0.01363	0.01456	0.00877	0.01072	0.00710	0.00530	0.00471	0.00144	0.00811	0.00373	0.02172	0.00636
1	0.01136	0.00988	0.01184	0.00880	0.01285	0.00861	0.00712	0.03926	0.01106	0.01717	0.00918	0.01110	0.00775	0.00472	0.00579	0.00102	0.11270	0.00339	0.00310	0.70330
2	0.18175	0.01207	0.03413	0.00990	0.01352	0.03585	0.00818	0.24152	0.13543	0.06707	0.01387	0.04914	0.01113	0.00673	0.00513	0.01918	0.00488	0.02469	0.00442	0.12140
3	0.01123	0.01053	0.01639	0.56423	0.16839	0.04076	0.01412	0.01478	0.02866	0.02927	0.02357	0.01431	0.00838	0.00532	0.00524	0.00168	0.00672	0.00474	0.00264	0.02905
4	0.01247	0.01193	0.02035	0.18490	0.63358	0.01240	0.01592	0.01569	0.01175	0.01653	0.00984	0.01328	0.00811	0.00482	0.00524	0.00161	0.00643	0.00471	0.00256	0.00788
5	0.00630	0.00513	0.00558	0.00594	0.00730	0.00441	0.00428	0.00752	0.01148	0.01405	0.04639	0.27384	0.56075	0.01432	0.00639	0.00189	0.00279	0.01229	0.00491	0.00441
6	0.01438	0.01253	0.01259	0.01110	0.01420	0.06043	0.00871	0.12750	0.60569	0.02293	0.01967	0.01913	0.01495	0.00714	0.00538	0.00175	0.00475	0.02375	0.00519	0.00823
7	0.00745	0.00505	0.00594	0.00617	0.00627	0.00502	0.00366	0.00769	0.00818	0.01094	0.01894	0.18173	0.02199	0.63316	0.05206	0.00469	0.00508	0.00901	0.00351	0.00347
8	0.01315	0.01136	0.01195	0.01076	0.01375	0.01315	0.00837	0.02809	0.77168	0.02211	0.02152	0.01972	0.01614	0.00717	0.00538	0.00179	0.00418	0.00598	0.00538	0.00837
9	0.01231	0.39642	0.40852	0.01247	0.01867	0.01635	0.03750	0.01632	0.01101	0.01473	0.00852	0.01000	0.00678	0.00477	0.00430	0.00142	0.00684	0.00347	0.00226	0.00731
10	0.03175	0.00726	0.00946	0.00794	0.01054	0.00656	0.00629	0.03346	0.01492	0.35489	0.36990	0.04463	0.06207	0.00895	0.00576	0.00166	0.00349	0.00764	0.00602	0.00681
11	0.00998	0.00940	0.01586	0.80150	0.03641	0.01175	0.01468	0.01351	0.01057	0.01351	0.00940	0.01409	0.00705	0.00529	0.00529	0.00176	0.00705	0.00470	0.00235	0.00587
12	0.01157	0.01102	0.01873	0.40756	0.41794	0.01216	0.01547	0.01490	0.01132	0.01544	0.00968	0.01358	0.00773	0.00499	0.00526	0.00166	0.00665	0.00470	0.00249	0.00715
13	0.23531	0.01076	0.01079	0.00950	0.01263	0.01217	0.00752	0.06025	0.44109	0.07788	0.04122	0.01750	0.02817	0.00672	0.00486	0.00173	0.00418	0.00525	0.00491	0.00757
14	0.00641	0.00473	0.00600	0.00702	0.00758	0.00432	0.00476	0.00740	0.01045	0.01363	0.03331	0.68092	0.16211	0.01602	0.00666	0.00209	0.00300	0.01437	0.00491	0.00432
15	0.00712	0.00539	0.00657	0.00627	0.00768	0.00483	0.00470	0.00928	0.01411	0.01917	0.56616	0.04282	0.26343	0.01156	0.00624	0.00170	0.00255	0.01003	0.00555	0.00483
16	0.72223	0.01060	0.00882	0.00761	0.01102	0.01207	0.00627	0.08979	0.01091	0.06829	0.00866	0.00953	0.00647	0.00514	0.00359	0.00163	0.00428	0.00319	0.00366	0.00623
17	0.01413	0.81739	0.02770	0.00905	0.01357	0.02092	0.00905	0.01583	0.01074	0.01244	0.00735	0.00848	0.00678	0.00452	0.00339	0.00113	0.00565	0.00283	0.00226	0.00678
18	0.00739	0.00540	0.00694	0.00656	0.00784	0.00495	0.00492	0.00980	0.01475	0.02069	0.72537	0.04032	0.10327	0.01100	0.00624	0.00167	0.00251	0.00968	0.00575	0.00495
19	0.73693	0.00957	0.00767	0.00691	0.00991	0.01093	0.00563	0.01478	0.00981	0.02338	0.11207	0.01278	0.01172	0.00571	0.00367	0.00164	0.00387	0.00377	0.00362	0.00563
20	0.01986	0.01469	0.01573	0.01212	0.01630	0.01628	0.00999	0.73843	0.05041	0.03293	0.01299	0.01293	0.00924	0.00637	0.00529	0.00159	0.00576	0.00480	0.00529	0.00897
21	0.00659	0.00537	0.00582	0.00571	0.00735	0.00461	0.00428	0.00824	0.01285	0.01618	0.25219	0.04776	0.57927	0.01268	0.00624	0.00175	0.00263	0.01072	0.00516	0.00461
22	0.00983	0.00919	0.01545	0.76798	0.03520	0.01143	0.01427	0.01325	0.01055	0.01351	0.01023	0.04772	0.00823	0.00576	0.00535	0.00178	0.00688	0.00513	0.00246	0.00581
23	0.01023	0.00965	0.01631	0.73954	0.09642	0.01181	0.01481	0.01373	0.01069	0.01381	0.00944	0.01401	0.00715	0.00524	0.00528	0.00175	0.00699	0.00470	0.00237	0.00607
24	0.00748	0.00540	0.00707	0.00665	0.00790	0.00499	0.00499	0.00998	0.01496	0.02120	0.77844	0.03949	0.04988	0.01081	0.00624	0.00166	0.00249	0.00956	0.00582	0.00499
25	0.00769	0.00513	0.00577	0.00577	0.00577	0.00513	0.00320	0.00769	0.00769	0.01025	0.01666	0.03460	0.01922	0.81421	0.02691	0.00513	0.00513	0.00769	0.00320	0.00320
26	0.01437	0.78395	0.02717	0.00924	0.01369	0.05351	0.00910	0.01605	0.01092	0.01246	0.00738	0.00852	0.00679	0.00456	0.00345	0.00114	0.00582	0.00285	0.00228	0.00676
27	0.00769	0.00513	0.00577	0.00577	0.00577	0.00513	0.00320	0.00769	0.00769	0.01025	0.01666	0.03460	0.01922	0.81421	0.02691	0.00513	0.00513	0.00769	0.00320	0.00320
28	0.00700	0.00502	0.00654	0.00752	0.00801	0.00478	0.00511	0.03630	0.01086	0.01454	0.05647	0.75153	0.03453	0.01596	0.00667	0.00211	0.00315	0.01443	0.00496	0.00450
29	0.01135	0.19470	0.62602	0.01379	0.02091	0.01411	0.01731	0.01655	0.01107	0.01583	0.00903	0.01059	0.00672	0.00492	0.00468	0.00156	0.00736	0.00368	0.00224	0.00760
30	0.06214	0.01461	0.17552	0.01122	0.01545	0.03821	0.01054	0.12246	0.19747	0.20101	0.04099	0.04602	0.01321	0.00678	0.00543	0.00170	0.01918	0.00539	0.00471	0.00795
31	0.00918	0.00459	0.00689	0.00689	0.00689	0.00459	0.00459	0.00689	0.00689	0.00918	0.00918	0.01607	0.00918	0.01837	0.02066	0.84619	0.00459	0.00459	0.00230	0.00230
32	0.85155	0.01022	0.00777	0.00695	0.01022	0.01186	0.00573	0.01554	0.00900	0.02372	0.00736	0.00859	0.00573	0.00491	0.00327	0.00164	0.00409	0.00286	0.00327	0.00573
33	0.00644	0.00460	0.00613	0.00736	0.00767	0.00429	0.00491	0.00736	0.01012	0.01350	0.02914	0.81076	0.03497	0.01656	0.00675	0.00215	0.00307	0.01503	0.00491	0.00429
34	0.00634	0.00536	0.00549	0.00545	0.00720	0.00450	0.00409	0.00777	0.01227	0.01481	0.10843	0.05001	0.72388	0.01319	0.00625	0.00178	0.00266	0.01104	0.00498	0.00450
35	0.01975	0.02520	0.01498	0.01362	0.01634	0.79299	0.01021	0.02111	0.01498	0.01294	0.00817	0.00953	0.00681	0.00545	0.00477	0.00136	0.00953	0.00340	0.00272	0.00613
36	0.00781	0.00604	0.00898	0.00884	0.00972	0.00721	0.00692	0.00965	0.00847	0.01230	0.01370	0.02019	0.01282	0.03773	0.74432	0.00811	0.06401	0.00560	0.00280	0.00479
37	0.14631	0.01195	0.01232	0.01037	0.01342	0.03393	0.00826	0.23777	0.26381	0.07145	0.01510	0.01620	0.01167	0.06801	0.00736	0.00197	0.05279	0.00508	0.00468	0.00757
38	0.13098	0.01015	0.01158	0.00888	0.01299	0.00944	0.00723	0.13187	0.03391	0.24930	0.03549	0.01404	0.01071	0.00549	0.00456	0.00133	0.00437	0.00425	0.00463	0.30880

[dist]
# distance from previous block
# <min> <max>
14	46

[block]
# block no. 3 follows, 46 sequences, length 16
# corresponding to MSA columns:
# 276-291
name=unknown_D
#
# <colnr> <probs for GDERKNQSTAVLIFYWHMCP>
#	G	D	E	R	K	N	Q	S	T	A	V	L	I	F	Y	W	H	M	C	P
0	0.10232	0.01166	0.01211	0.01028	0.03553	0.07554	0.00791	0.12206	0.14659	0.15698	0.03202	0.03968	0.01191	0.00610	0.00479	0.00144	0.00482	0.00481	0.00451	0.20894
1	0.04171	0.16781	0.07756	0.01053	0.03416	0.06673	0.00907	0.10112	0.06583	0.07892	0.05092	0.04347	0.03113	0.00619	0.00501	0.00140	0.02836	0.00474	0.00374	0.17159
2	0.13568	0.01126	0.03275	0.04774	0.13830	0.06796	0.00903	0.11873	0.01358	0.07965	0.11500	0.03223	0.05029	0.08229	0.00745	0.00195	0.02630	0.00573	0.00400	0.02008
3	0.04312	0.01209	0.06915	0.11017	0.24780	0.01144	0.01190	0.09632	0.10472	0.11012	0.06886	0.01605	0.01256	0.00589	0.00518	0.00160	0.00547	0.00508	0.00392	0.05856
4	0.01311	0.10955	0.25031	0.05087	0.04998	0.01206	0.02730	0.07354	0.10520	0.10237	0.06980	0.04463	0.03336	0.00650	0.00513	0.00161	0.00573	0.00535	0.00380	0.02980
5	0.03330	0.04609	0.01316	0.01098	0.05086	0.08489	0.00837	0.11679	0.13372	0.16184	0.03088	0.04675	0.01308	0.00660	0.00501	0.00148	0.00503	0.04095	0.00451	0.18570
6	0.01566	0.01152	0.01521	0.03112	0.21881	0.01143	0.01045	0.21496	0.05683	0.12913	0.01367	0.03042	0.01072	0.00594	0.00510	0.00148	0.00522	0.02921	0.00424	0.17888
7	0.01312	0.01266	0.01957	0.17934	0.47852	0.05068	0.04666	0.05307	0.06222	0.01741	0.01067	0.01357	0.00856	0.00509	0.00528	0.00162	0.00654	0.00479	0.00288	0.00775
8	0.01113	0.01051	0.01777	0.46368	0.33344	0.01182	0.01493	0.01446	0.01132	0.01530	0.03866	0.01465	0.00920	0.00526	0.00530	0.00168	0.00657	0.00489	0.00259	0.00684
9	0.00796	0.00627	0.00784	0.00777	0.00889	0.02147	0.03356	0.01033	0.07835	0.01536	0.16448	0.33480	0.13755	0.08022	0.00891	0.05229	0.00362	0.01089	0.00469	0.00474
10	0.00985	0.00493	0.00493	0.00493	0.00616	0.00493	0.00370	0.01232	0.01109	0.01971	0.01725	0.01971	0.01355	0.00616	0.00370	0.00123	0.00246	0.00493	0.84356	0.00493
11	0.08595	0.04901	0.01446	0.01131	0.01483	0.12188	0.00916	0.38823	0.14895	0.02568	0.03127	0.01447	0.02921	0.00651	0.00532	0.00160	0.02493	0.00481	0.00459	0.00785
12	0.52023	0.01119	0.00974	0.00842	0.01163	0.05938	0.00681	0.09131	0.04049	0.11258	0.01206	0.04035	0.02902	0.00609	0.00436	0.00166	0.02005	0.00418	0.00399	0.00647
13	0.00985	0.00493	0.00493	0.00493	0.00616	0.00493	0.00370	0.01232	0.01109	0.01971	0.01725	0.01971	0.01355	0.00616	0.00370	0.00123	0.00246	0.00493	0.84356	0.00493
14	0.05089	0.01225	0.01971	0.20081	0.52766	0.03948	0.04156	0.01579	0.01169	0.01657	0.00967	0.01302	0.00789	0.00486	0.00517	0.00162	0.00656	0.00463	0.00259	0.00758
15	0.05841	0.01233	0.01342	0.01089	0.01447	0.01347	0.00879	0.42583	0.17570	0.11511	0.01660	0.08311	0.01301	0.00735	0.00534	0.00169	0.00501	0.00586	0.00532	0.00830

[dist]
# distance from previous block
# <min> <max>
0	2

[block]
# block no. 4 follows, 46 sequences, length 13
# corresponding to MSA columns:
# 294-306
name=unknown_E
#
# <colnr> <probs for GDERKNQSTAVLIFYWHMCP>
#	G	D	E	R	K	N	Q	S	T	A	V	L	I	F	Y	W	H	M	C	P
0	0.01001	0.00877	0.05992	0.00845	0.01041	0.04001	0.00692	0.07567	0.01401	0.06056	0.33365	0.19090	0.10414	0.01095	0.00653	0.00178	0.03732	0.00935	0.00503	0.00562
1	0.01003	0.00526	0.00529	0.00523	0.00655	0.00535	0.00394	0.01314	0.05064	0.01983	0.01747	0.01971	0.01368	0.00621	0.00378	0.00126	0.00255	0.00498	0.79997	0.00511
2	0.25207	0.01244	0.01234	0.04266	0.01454	0.03976	0.00843	0.30495	0.16315	0.04502	0.04501	0.01410	0.01112	0.00622	0.00476	0.00164	0.00502	0.00463	0.00458	0.00756
3	0.00753	0.00617	0.00800	0.00769	0.00938	0.00563	0.05144	0.03258	0.01242	0.01574	0.10662	0.17926	0.40762	0.01311	0.00645	0.00192	0.00352	0.11520	0.00486	0.00484
4	0.02152	0.00871	0.01169	0.00917	0.01290	0.00770	0.00750	0.02416	0.04724	0.67007	0.10266	0.02039	0.01719	0.00703	0.00542	0.00165	0.00427	0.00580	0.00642	0.00854
5	0.00942	0.00507	0.00560	0.00560	0.00677	0.00524	0.00424	0.01178	0.01060	0.01832	0.01667	0.01991	0.01349	0.01243	0.15150	0.00259	0.00465	0.00507	0.68618	0.00489
6	0.00768	0.00515	0.00591	0.00591	0.00597	0.00521	0.00339	0.00778	0.00773	0.01036	0.01652	0.03384	0.01889	0.77211	0.06856	0.00531	0.00562	0.00758	0.00318	0.00329
7	0.01744	0.01051	0.06266	0.00971	0.01327	0.00933	0.00828	0.12044	0.11628	0.36637	0.16599	0.02163	0.01981	0.02634	0.00599	0.00174	0.00448	0.00612	0.00572	0.00792
8	0.01284	0.00909	0.00904	0.03477	0.01090	0.05260	0.00638	0.15330	0.14050	0.02202	0.01635	0.01767	0.01255	0.00629	0.00438	0.00142	0.00392	0.00498	0.47467	0.00634
9	0.01280	0.54426	0.19467	0.01105	0.01620	0.01759	0.06078	0.01564	0.01102	0.01379	0.01062	0.01182	0.04993	0.00512	0.00410	0.00133	0.00618	0.00376	0.00243	0.00691
10	0.01308	0.01256	0.02146	0.03245	0.78123	0.01256	0.01622	0.01622	0.01204	0.01727	0.00994	0.01308	0.00837	0.00471	0.00523	0.00157	0.00628	0.00471	0.00262	0.00837
11	0.01473	0.03625	0.01189	0.01065	0.05466	0.04172	0.00796	0.01761	0.07085	0.27726	0.01612	0.01870	0.01267	0.05674	0.29004	0.00428	0.04147	0.00538	0.00426	0.00677
12	0.01376	0.73468	0.10717	0.00968	0.01454	0.02001	0.01014	0.01593	0.01079	0.01289	0.00757	0.00876	0.00678	0.00458	0.00356	0.00119	0.00588	0.00294	0.00226	0.00689

[dist]
# distance from previous block
# <min> <max>
0	1

[block]
# block no. 5 follows, 46 sequences, length 11
# corresponding to MSA columns:
# 308-318
name=unknown_F
#
# <colnr> <probs for GDERKNQSTAVLIFYWHMCP>
#	G	D	E	R	K	N	Q	S	T	A	V	L	I	F	Y	W	H	M	C	P
0	0.00751	0.00581	0.00682	0.00725	0.00848	0.00552	0.00533	0.03762	0.05738	0.01547	0.05835	0.37921	0.29062	0.01417	0.00647	0.00199	0.00325	0.07893	0.00497	0.00485
1	0.01341	0.01101	0.01171	0.01021	0.01319	0.01234	0.00802	0.16696	0.49914	0.02343	0.07457	0.02285	0.09407	0.00789	0.00551	0.00174	0.00423	0.00651	0.00534	0.00786
2	0.00649	0.00475	0.00599	0.00696	0.00747	0.00437	0.00467	0.00742	0.01027	0.01342	0.03216	0.64682	0.14895	0.06394	0.00788	0.00227	0.00313	0.01399	0.00481	0.00425
3	0.00985	0.00493	0.00493	0.00493	0.00616	0.00493	0.00370	0.01232	0.01109	0.01971	0.01725	0.01971	0.01355	0.00616	0.00370	0.00123	0.00246	0.00493	0.84356	0.00493
4	0.02199	0.00904	0.01184	0.00925	0.01307	0.00817	0.00758	0.05420	0.05390	0.65828	0.02029	0.01800	0.01311	0.00654	0.00520	0.00161	0.00438	0.00530	0.06959	0.00866
5	0.00998	0.00940	0.01586	0.80150	0.03641	0.01175	0.01468	0.01351	0.01057	0.01351	0.00940	0.01409	0.00705	0.00529	0.00529	0.00176	0.00705	0.00470	0.00235	0.00587
6	0.00985	0.00493	0.00493	0.00493	0.00616	0.00493	0.00370	0.01232	0.01109	0.01971	0.01725	0.01971	0.01355	0.00616	0.00370	0.00123	0.00246	0.00493	0.84356	0.00493
7	0.00759	0.00552	0.00776	0.00776	0.00845	0.00621	0.00569	0.00897	0.00828	0.01172	0.01484	0.02451	0.01484	0.24942	0.58571	0.00758	0.01171	0.00621	0.00293	0.00431
8	0.00740	0.00534	0.00699	0.00671	0.00788	0.00493	0.00498	0.00977	0.01458	0.02059	0.71925	0.10041	0.04870	0.01126	0.00628	0.00170	0.00254	0.00999	0.00575	0.00493
9	0.01187	0.01159	0.01527	0.61594	0.03126	0.11340	0.01334	0.06070	0.01205	0.01492	0.00978	0.01366	0.00742	0.00541	0.00515	0.00168	0.00710	0.00454	0.03887	0.00606
10	0.47404	0.01389	0.01097	0.01010	0.04338	0.19665	0.00767	0.04885	0.01202	0.12489	0.00971	0.01044	0.00722	0.00531	0.00407	0.00157	0.00559	0.00348	0.00364	0.00651

[dist]
# distance from previous block
# <min> <max>
5	10

[block]
# block no. 6 follows, 46 sequences, length 10
# corresponding to MSA columns:
# 329-338
name=unknown_G
#
# <colnr> <probs for GDERKNQSTAVLIFYWHMCP>
#	G	D	E	R	K	N	Q	S	T	A	V	L	I	F	Y	W	H	M	C	P
0	0.01426	0.54086	0.17834	0.01094	0.01585	0.13398	0.01133	0.01680	0.01146	0.01338	0.00790	0.00918	0.00677	0.00476	0.00392	0.00127	0.00666	0.00313	0.00232	0.00689
1	0.00760	0.00509	0.00579	0.00588	0.00590	0.00507	0.00333	0.00766	0.00786	0.01049	0.01756	0.09072	0.02036	0.75654	0.02545	0.00491	0.00498	0.00822	0.00333	0.00328
2	0.01178	0.01123	0.01910	0.35655	0.46734	0.01222	0.01557	0.01508	0.01142	0.01568	0.00971	0.01351	0.00781	0.00495	0.00526	0.00165	0.00660	0.00471	0.00250	0.00732
3	0.01032	0.00974	0.01647	0.71786	0.11742	0.01183	0.01485	0.01380	0.01073	0.01392	0.00946	0.01398	0.00719	0.00522	0.00528	0.00174	0.00696	0.00470	0.00238	0.00614
4	0.00724	0.00534	0.00677	0.00654	0.00778	0.00487	0.00486	0.00947	0.01422	0.01972	0.62735	0.09956	0.14347	0.01158	0.00628	0.00172	0.00256	0.01018	0.00563	0.00487
5	0.01133	0.18948	0.63103	0.01383	0.02097	0.01405	0.01738	0.01655	0.01108	0.01586	0.00905	0.01061	0.00671	0.00492	0.00469	0.00156	0.00737	0.00368	0.00224	0.00760
6	0.00792	0.00712	0.00674	0.00666	0.00842	0.05666	0.00495	0.03366	0.04754	0.01505	0.04423	0.15644	0.56003	0.01282	0.00615	0.00180	0.00335	0.01077	0.00480	0.00487
7	0.01718	0.01608	0.07304	0.01217	0.01599	0.13272	0.01036	0.39766	0.17108	0.02558	0.01453	0.01657	0.01131	0.00681	0.00534	0.00166	0.00614	0.05306	0.00466	0.00807
8	0.01102	0.09463	0.67493	0.01499	0.02237	0.01309	0.06429	0.01668	0.01121	0.01638	0.00938	0.01112	0.00679	0.00494	0.00496	0.00163	0.00769	0.00396	0.00226	0.00768
9	0.01353	0.22226	0.41049	0.01250	0.01855	0.01345	0.03373	0.01765	0.01173	0.13480	0.01129	0.01305	0.00848	0.00537	0.00472	0.00153	0.00659	0.02582	0.00302	0.03144

[dist]
# distance from previous block
# <min> <max>
4	24

[block]
# block no. 7 follows, 46 sequences, length 27
# corresponding to MSA columns:
# 364-390
name=unknown_H
#
# <colnr> <probs for GDERKNQSTAVLIFYWHMCP>
#	G	D	E	R	K	N	Q	S	T	A	V	L	I	F	Y	W	H	M	C	P
0	0.00918	0.00459	0.00689	0.00689	0.00689	0.00459	0.00459	0.00689	0.00689	0.00918	0.00918	0.01607	0.00918	0.01837	0.02066	0.84619	0.00459	0.00459	0.00230	0.00230
1	0.01541	0.01215	0.01298	0.01106	0.01442	0.01376	0.00878	0.21875	0.54534	0.05794	0.01920	0.01783	0.01415	0.00693	0.00535	0.00173	0.00462	0.00563	0.00541	0.00856
2	0.01229	0.44577	0.33446	0.01145	0.01709	0.01651	0.01315	0.01580	0.01077	0.01417	0.00865	0.01034	0.00715	0.00694	0.05378	0.00181	0.00707	0.00344	0.00229	0.00707
3	0.01308	0.01256	0.02146	0.03245	0.78123	0.01256	0.01622	0.01622	0.01204	0.01727	0.00994	0.01308	0.00837	0.00471	0.00523	0.00157	0.00628	0.00471	0.00262	0.00837
4	0.01112	0.14377	0.67495	0.01418	0.02151	0.01355	0.01799	0.01661	0.01110	0.01611	0.00917	0.01077	0.00671	0.00495	0.00478	0.00159	0.00749	0.00375	0.00224	0.00766
5	0.01281	0.01153	0.01145	0.01037	0.01322	0.05654	0.00803	0.02559	0.65064	0.02079	0.02405	0.02235	0.09402	0.00771	0.00543	0.00177	0.00433	0.00636	0.00518	0.00784
6	0.00683	0.00500	0.00648	0.00756	0.00806	0.00479	0.00518	0.00849	0.04684	0.01401	0.02934	0.72726	0.05245	0.01596	0.00669	0.00213	0.00317	0.04032	0.00493	0.00451
7	0.01194	0.01264	0.01716	0.03450	0.01623	0.10906	0.13971	0.01372	0.01005	0.01361	0.01101	0.12738	0.01116	0.00892	0.01205	0.00207	0.43388	0.00626	0.00280	0.00584
8	0.00644	0.00460	0.00613	0.00736	0.00767	0.00429	0.00491	0.00736	0.01012	0.01350	0.02914	0.81076	0.03497	0.01656	0.00675	0.00215	0.00307	0.01503	0.00491	0.00429
9	0.00644	0.00460	0.00613	0.00736	0.00767	0.00429	0.00491	0.00736	0.01012	0.01350	0.02914	0.81076	0.03497	0.01656	0.00675	0.00215	0.00307	0.01503	0.00491	0.00429
10	0.01060	0.02735	0.78682	0.01507	0.02288	0.01228	0.01953	0.01674	0.01116	0.01674	0.00949	0.01116	0.00670	0.00502	0.00502	0.00167	0.00781	0.00391	0.00223	0.00781
11	0.02321	0.00906	0.01223	0.00941	0.01343	0.00793	0.00776	0.04478	0.01538	0.74562	0.03998	0.01840	0.01392	0.00665	0.00534	0.00164	0.00448	0.00541	0.00649	0.00889
12	0.00678	0.00516	0.00623	0.00641	0.00758	0.00462	0.00464	0.00845	0.01264	0.01674	0.32693	0.25779	0.29032	0.01327	0.00638	0.00184	0.00272	0.01162	0.00526	0.00462
13	0.00876	0.00660	0.00845	0.00915	0.01045	0.00682	0.00739	0.01301	0.14510	0.01665	0.06976	0.23818	0.03015	0.01357	0.00677	0.00221	0.00417	0.39244	0.00502	0.00535
14	0.01165	0.01182	0.01841	0.01572	0.04895	0.01525	0.12714	0.01337	0.00893	0.01349	0.00795	0.01277	0.00755	0.03345	0.01541	0.00229	0.62245	0.00497	0.00241	0.00602
15	0.00757	0.00560	0.00817	0.00817	0.00900	0.00643	0.00620	0.00923	0.00840	0.01203	0.01446	0.02243	0.01394	0.13277	0.70113	0.00809	0.01307	0.00591	0.00288	0.00454
16	0.80068	0.01036	0.00826	0.02742	0.01111	0.01202	0.00611	0.04193	0.00960	0.02380	0.00760	0.00887	0.00587	0.00497	0.00339	0.00164	0.00423	0.00298	0.00332	0.00584
17	0.01336	0.64333	0.19495	0.01037	0.01562	0.01901	0.01136	0.01603	0.01083	0.01339	0.00782	0.00907	0.00676	0.00463	0.00375	0.00125	0.00613	0.00306	0.00225	0.00701
18	0.01393	0.77252	0.07081	0.00939	0.01410	0.02043	0.00964	0.01588	0.01077	0.01268	0.00747	0.00863	0.00678	0.00455	0.00348	0.00116	0.00578	0.00289	0.00226	0.00684
19	0.00918	0.00459	0.00689	0.00689	0.00689	0.00459	0.00459	0.00689	0.00689	0.00918	0.00918	0.01607	0.00918	0.01837	0.02066	0.84619	0.00459	0.00459	0.00230	0.00230
20	0.01280	0.01227	0.02095	0.10238	0.71350	0.01249	0.01608	0.01598	0.01190	0.01693	0.00989	0.01318	0.00825	0.00476	0.00524	0.00159	0.00635	0.00471	0.00259	0.00815
21	0.01296	0.01225	0.02056	0.12626	0.66148	0.01260	0.01581	0.04342	0.01233	0.01740	0.00998	0.01319	0.00823	0.00484	0.00524	0.00159	0.00636	0.00471	0.00268	0.00809
22	0.00744	0.00540	0.00701	0.00660	0.00787	0.00497	0.00495	0.00989	0.01486	0.02095	0.75269	0.03989	0.07579	0.01090	0.00624	0.00167	0.00250	0.00962	0.00579	0.00497
23	0.02253	0.01090	0.01345	0.01031	0.01445	0.01060	0.00852	0.26753	0.01832	0.53862	0.01818	0.01626	0.01174	0.00648	0.00531	0.00162	0.00493	0.00513	0.00613	0.00899
24	0.01174	0.01898	0.36340	0.01668	0.06309	0.01242	0.19383	0.04293	0.01171	0.03148	0.01061	0.04283	0.00848	0.00578	0.00667	0.00172	0.09308	0.00502	0.00272	0.05681
25	0.01154	0.01159	0.01541	0.01335	0.01356	0.04889	0.01103	0.01277	0.00843	0.01269	0.00768	0.01236	0.00753	0.01199	0.09084	0.00286	0.69472	0.00467	0.00238	0.00570
26	0.00748	0.00540	0.00707	0.00665	0.00790	0.00499	0.00499	0.00998	0.01496	0.02120	0.77844	0.03949	0.04988	0.01081	0.00624	0.00166	0.00249	0.00956	0.00582	0.00499

[dist]
# distance from previous block
# <min> <max>
1	3

[block]
# block no. 8 follows, 46 sequences, length 27
# corresponding to MSA columns:
# 394-420
name=unknown_I
#
# <colnr> <probs for GDERKNQSTAVLIFYWHMCP>
#	G	D	E	R	K	N	Q	S	T	A	V	L	I	F	Y	W	H	M	C	P
0	0.01026	0.00967	0.01635	0.73397	0.10182	0.01182	0.01482	0.01375	0.01070	0.01384	0.00944	0.01401	0.00716	0.00523	0.00528	0.00174	0.00698	0.00470	0.00237	0.00609
1	0.01796	0.01450	0.01461	0.01184	0.01559	0.07090	0.00955	0.48710	0.25104	0.02846	0.01505	0.01460	0.01101	0.00653	0.00528	0.00163	0.00559	0.00503	0.00513	0.00860
2	0.01171	0.05617	0.62236	0.01440	0.02138	0.01222	0.05106	0.01755	0.03941	0.06764	0.03065	0.01269	0.00865	0.00531	0.00508	0.00166	0.00729	0.00428	0.00275	0.00777
3	0.01259	0.01186	0.01981	0.08441	0.65294	0.01203	0.01513	0.03631	0.01221	0.01721	0.01194	0.05009	0.02878	0.00555	0.00533	0.00162	0.00609	0.00534	0.00283	0.00793
4	0.01219	0.38307	0.44502	0.01236	0.01869	0.01617	0.01481	0.01633	0.01097	0.01480	0.00852	0.00995	0.00674	0.00480	0.00429	0.00143	0.00684	0.00342	0.00225	0.00735
5	0.00985	0.00493	0.00493	0.00493	0.00616	0.00493	0.00370	0.01232	0.01109	0.01971	0.01725	0.01971	0.01355	0.00616	0.00370	0.00123	0.00246	0.00493	0.84356	0.00493
6	0.00710	0.00539	0.00653	0.00625	0.00766	0.00482	0.00469	0.00923	0.01406	0.01904	0.55265	0.04304	0.27702	0.01161	0.00624	0.00170	0.00255	0.01006	0.00554	0.00482
7	0.07574	0.02684	0.01267	0.00982	0.01365	0.02560	0.00804	0.12316	0.11881	0.48484	0.03341	0.01697	0.01295	0.00652	0.00515	0.00164	0.00469	0.00517	0.00583	0.00851
8	0.01091	0.01080	0.01784	0.41204	0.04961	0.01353	0.09612	0.01369	0.00994	0.01372	0.00868	0.01318	0.00716	0.00659	0.00969	0.00195	0.29127	0.00484	0.00238	0.00605
9	0.00762	0.00510	0.00579	0.00586	0.00587	0.00508	0.00330	0.00767	0.00783	0.01044	0.01737	0.07885	0.02012	0.76873	0.02576	0.00496	0.00501	0.00811	0.00330	0.00327
10	0.00691	0.00548	0.00624	0.00631	0.00772	0.00494	0.00463	0.00905	0.04495	0.01630	0.23929	0.18978	0.41332	0.01304	0.00630	0.00182	0.00277	0.01124	0.00517	0.00474
11	0.01272	0.01228	0.02123	0.11571	0.67047	0.01250	0.04549	0.01596	0.01190	0.01685	0.00991	0.01324	0.00822	0.00476	0.00528	0.00160	0.00647	0.00477	0.00259	0.00805
12	0.00643	0.00463	0.00611	0.00729	0.00765	0.00430	0.00487	0.00737	0.01019	0.01352	0.03005	0.78238	0.06276	0.01644	0.00673	0.00213	0.00305	0.01488	0.00491	0.00430
13	0.01174	0.00985	0.01138	0.00820	0.01286	0.00784	0.00658	0.07690	0.01214	0.01859	0.00968	0.01111	0.00793	0.00412	0.00403	0.00085	0.00408	0.00327	0.00331	0.77555
14	0.00796	0.00538	0.00618	0.00612	0.00629	0.00547	0.00361	0.02685	0.00824	0.01104	0.01679	0.05619	0.01910	0.72774	0.06785	0.00513	0.00558	0.00772	0.00329	0.00346
15	0.70191	0.01032	0.00897	0.00814	0.03238	0.01157	0.00641	0.04432	0.01037	0.11174	0.00919	0.00995	0.00677	0.00514	0.00364	0.00163	0.00426	0.00327	0.00371	0.00630
16	0.01127	0.15695	0.62898	0.01439	0.02155	0.01375	0.05000	0.01660	0.01115	0.01604	0.00919	0.01085	0.00677	0.00492	0.00481	0.00159	0.00750	0.00383	0.00226	0.00761
17	0.01193	0.01669	0.19441	0.07392	0.06857	0.01298	0.50865	0.01662	0.01204	0.01668	0.01030	0.01351	0.00769	0.00465	0.00585	0.00175	0.00840	0.00554	0.00255	0.00726
18	0.00786	0.00541	0.00629	0.00612	0.00646	0.00536	0.00367	0.00815	0.00794	0.01081	0.01604	0.03209	0.01807	0.70192	0.09272	0.00518	0.00585	0.00726	0.00317	0.04965
19	0.02302	0.00651	0.00914	0.00882	0.01043	0.00621	0.05725	0.01088	0.01202	0.07060	0.10828	0.21948	0.19349	0.01281	0.00685	0.00203	0.02757	0.20460	0.00485	0.00515
20	0.44865	0.05544	0.01197	0.05025	0.08394	0.05012	0.00810	0.06650	0.01150	0.09924	0.00989	0.01111	0.00748	0.00534	0.00434	0.00159	0.02436	0.00366	0.03997	0.00657
21	0.01122	0.12004	0.05966	0.01050	0.04623	0.01092	0.00865	0.03871	0.04495	0.01575	0.01058	0.01354	0.00920	0.02627	0.15653	0.00270	0.09199	0.00411	0.00297	0.31547
22	0.01162	0.01168	0.09506	0.02645	0.11561	0.00954	0.06439	0.08232	0.05607	0.03420	0.04892	0.10709	0.02915	0.03688	0.00597	0.00160	0.00511	0.00601	0.00368	0.24865
23	0.05069	0.30284	0.25178	0.01222	0.01727	0.02824	0.07630	0.08070	0.01223	0.01677	0.03555	0.02934	0.00928	0.00650	0.02836	0.00170	0.02613	0.00425	0.00280	0.00705
24	0.05364	0.15588	0.01757	0.01149	0.01524	0.01477	0.08458	0.39724	0.01807	0.02443	0.04237	0.07173	0.02262	0.03967	0.00599	0.00172	0.00563	0.00561	0.00430	0.00748
25	0.25256	0.02899	0.16945	0.05056	0.09201	0.04810	0.01070	0.04918	0.02292	0.10201	0.04592	0.01363	0.02524	0.00559	0.00457	0.00157	0.00550	0.00425	0.00351	0.06375
26	0.01298	0.18015	0.28275	0.04878	0.05980	0.06404	0.01324	0.04780	0.01225	0.06783	0.01310	0.01829	0.02666	0.00662	0.00541	0.00165	0.03009	0.09837	0.00311	0.00706

[dist]
# distance from previous block
# <min> <max>
4	28

[block]
# block no. 9 follows, 46 sequences, length 51
# corresponding to MSA columns:
# 449-499
name=unknown_J
#
# <colnr> <probs for GDERKNQSTAVLIFYWHMCP>
#	G	D	E	R	K	N	Q	S	T	A	V	L	I	F	Y	W	H	M	C	P
0	0.09608	0.02607	0.03030	0.01027	0.01378	0.05462	0.02651	0.26298	0.02980	0.13760	0.03344	0.05392	0.01197	0.03563	0.03830	0.00194	0.01757	0.00519	0.01834	0.09571
1	0.01316	0.04295	0.12158	0.05203	0.04196	0.05049	0.02487	0.20886	0.01468	0.02999	0.01507	0.14782	0.03587	0.00763	0.00573	0.00160	0.03857	0.00624	0.02367	0.11722
2	0.01310	0.02317	0.03447	0.00975	0.01360	0.02779	0.04973	0.11703	0.08439	0.08807	0.06116	0.06671	0.05977	0.00665	0.00499	0.00136	0.00459	0.00561	0.00424	0.32381
3	0.01876	0.01510	0.01459	0.01260	0.05362	0.16667	0.00959	0.38414	0.06017	0.12329	0.01476	0.03878	0.03162	0.00661	0.00523	0.00156	0.00610	0.00509	0.00475	0.02698
4	0.01333	0.01302	0.02122	0.03177	0.75358	0.04077	0.01601	0.01640	0.01214	0.01711	0.00988	0.01296	0.00832	0.00474	0.00522	0.00156	0.00640	0.00466	0.00262	0.00829
5	0.01078	0.01034	0.01790	0.59468	0.19450	0.01201	0.05634	0.01428	0.01099	0.01450	0.00958	0.01389	0.00738	0.00512	0.00533	0.00172	0.00699	0.00479	0.00242	0.00647
6	0.00904	0.00701	0.00985	0.15259	0.01531	0.00740	0.00902	0.03856	0.03011	0.01602	0.03864	0.12021	0.05896	0.01227	0.00662	0.00216	0.00494	0.43268	0.00442	0.02419
7	0.01050	0.00970	0.01581	0.65521	0.07663	0.01196	0.01405	0.03105	0.01084	0.01436	0.00962	0.01403	0.00740	0.00558	0.00606	0.00177	0.06191	0.00470	0.03276	0.00605
8	0.00667	0.00484	0.00638	0.00738	0.00791	0.00443	0.00498	0.00766	0.01016	0.01368	0.02815	0.77064	0.03360	0.01593	0.00661	0.00208	0.00311	0.01443	0.00482	0.04654
9	0.01365	0.01210	0.01210	0.01080	0.01380	0.05614	0.00841	0.06806	0.66065	0.02195	0.02144	0.01989	0.04280	0.00726	0.00537	0.00176	0.00452	0.00595	0.00521	0.00814
10	0.01096	0.00940	0.01096	0.00783	0.01253	0.00705	0.00626	0.01331	0.01096	0.01723	0.00940	0.01096	0.00783	0.00392	0.00392	0.00078	0.00392	0.00313	0.00313	0.84653
11	0.00658	0.00468	0.00608	0.00713	0.00744	0.00439	0.00469	0.00740	0.00988	0.01313	0.02817	0.70504	0.04796	0.10957	0.00909	0.00249	0.00330	0.01410	0.00471	0.00417
12	0.02279	0.04985	0.01318	0.00954	0.01363	0.00894	0.00794	0.05589	0.03634	0.69382	0.01986	0.01735	0.01269	0.00645	0.00522	0.00161	0.00460	0.00519	0.00624	0.00887
13	0.01413	0.81739	0.02770	0.00905	0.01357	0.02092	0.00905	0.01583	0.01074	0.01244	0.00735	0.00848	0.00678	0.00452	0.00339	0.00113	0.00565	0.00283	0.00226	0.00678
14	0.02224	0.00960	0.01242	0.00972	0.01368	0.00889	0.00797	0.06575	0.10782	0.65152	0.02050	0.01792	0.01324	0.00661	0.00532	0.00165	0.00453	0.00537	0.00633	0.00892
15	0.02010	0.01481	0.01587	0.01216	0.01639	0.01639	0.01005	0.76360	0.02486	0.03332	0.01269	0.01269	0.00899	0.00635	0.00529	0.00159	0.00582	0.00476	0.00529	0.00899
16	0.01975	0.02520	0.01498	0.01362	0.01634	0.79299	0.01021	0.02111	0.01498	0.01294	0.00817	0.00953	0.00681	0.00545	0.00477	0.00136	0.00953	0.00340	0.00272	0.00613
17	0.01096	0.00940	0.01096	0.00783	0.01253	0.00705	0.00626	0.01331	0.01096	0.01723	0.00940	0.01096	0.00783	0.00392	0.00392	0.00078	0.00392	0.00313	0.00313	0.84653
18	0.00625	0.00536	0.00536	0.00536	0.00714	0.00446	0.00402	0.00759	0.01205	0.01428	0.05355	0.05088	0.77909	0.01339	0.00625	0.00179	0.00268	0.01116	0.00491	0.00446
19	0.00832	0.00598	0.00827	0.00944	0.01063	0.00593	0.00815	0.01063	0.01206	0.01564	0.02910	0.09695	0.06143	0.01465	0.00723	0.00239	0.00469	0.67881	0.00487	0.00482
20	0.07139	0.00907	0.01201	0.00926	0.01331	0.00801	0.00765	0.02517	0.01478	0.74106	0.02008	0.01745	0.01266	0.00645	0.00520	0.00164	0.00447	0.00518	0.00635	0.00881
21	0.01248	0.01426	0.03119	0.02228	0.02763	0.01337	0.76203	0.01693	0.01248	0.01693	0.01070	0.01426	0.00802	0.00446	0.00624	0.00178	0.00891	0.00624	0.00267	0.00713
22	0.01789	0.00784	0.01049	0.00851	0.01160	0.00698	0.00684	0.02046	0.03654	0.50333	0.27871	0.02536	0.02570	0.00801	0.00563	0.00165	0.00381	0.00678	0.00626	0.00761
23	0.02362	0.00916	0.01237	0.00948	0.01358	0.00801	0.00783	0.04650	0.01540	0.76377	0.02063	0.01784	0.01297	0.00654	0.00532	0.00163	0.00454	0.00530	0.00651	0.00900
24	0.00762	0.00510	0.00579	0.00585	0.00587	0.00508	0.00330	0.00767	0.00782	0.01043	0.01735	0.07752	0.02009	0.77010	0.02579	0.00496	0.00501	0.00809	0.00330	0.00326
25	0.00644	0.00460	0.00613	0.00736	0.00767	0.00429	0.00491	0.00736	0.01012	0.01350	0.02914	0.81076	0.03497	0.01656	0.00675	0.00215	0.00307	0.01503	0.00491	0.00429
26	0.02018	0.01406	0.01529	0.01175	0.01590	0.01537	0.00970	0.68102	0.02368	0.09929	0.01352	0.01332	0.00946	0.00636	0.00525	0.00158	0.00562	0.00481	0.02494	0.00890
27	0.04797	0.00947	0.01220	0.00956	0.01351	0.00875	0.00784	0.04796	0.09841	0.65490	0.02027	0.01773	0.01307	0.00656	0.00526	0.00165	0.00449	0.00530	0.00628	0.00883
28	0.00680	0.00501	0.00645	0.00747	0.00820	0.00466	0.00544	0.00808	0.01083	0.01407	0.03306	0.54028	0.16023	0.01566	0.00677	0.00214	0.00334	0.15219	0.00490	0.00443
29	0.01843	0.00835	0.01095	0.00877	0.01200	0.00759	0.00709	0.07885	0.01584	0.49071	0.25350	0.02420	0.02409	0.00784	0.00560	0.00164	0.00398	0.00658	0.00622	0.00776
30	0.85155	0.01022	0.00777	0.00695	0.01022	0.01186	0.00573	0.01554	0.00900	0.02372	0.00736	0.00859	0.00573	0.00491	0.00327	0.00164	0.00409	0.00286	0.00327	0.00573
