[name]
unknown

[dist]
# distance from previous block
# <min> <max>
0	3

[block]
# block no. 0 follows, 47 sequences, length 20
# corresponding to MSA columns:
# 3-22
name=unknown_A
#
# <colnr> <probs for GDERKNQSTAVLIFYWHMCP>
#	G	D	E	R	K	N	Q	S	T	A	V	L	I	F	Y	W	H	M	C	P
0	0.00840	0.00631	0.00811	0.00884	0.01003	0.02821	0.00741	0.01067	0.01251	0.01648	0.19621	0.07211	0.03342	0.03619	0.00742	0.00226	0.00436	0.52134	0.00490	0.00480
1	0.05345	0.00534	0.00663	0.00671	0.00780	0.00505	0.00488	0.00921	0.01280	0.01832	0.46882	0.27520	0.08216	0.01220	0.00614	0.00179	0.00273	0.01079	0.00527	0.00472
2	0.01392	0.82012	0.02729	0.00891	0.01337	0.02061	0.00891	0.01559	0.01058	0.01225	0.00724	0.00835	0.00668	0.00446	0.00334	0.00111	0.00557	0.00278	0.00223	0.00668
3	0.00859	0.00516	0.00692	0.00758	0.00841	0.00475	0.00534	0.00973	0.01080	0.11056	0.04745	0.66224	0.03195	0.01485	0.00648	0.00205	0.00326	0.04398	0.00506	0.00485
4	0.44525	0.01077	0.01043	0.00857	0.01203	0.01178	0.00701	0.21349	0.01415	0.15552	0.03772	0.01274	0.00952	0.02472	0.00473	0.00168	0.00451	0.00406	0.00438	0.00695
5	0.01430	0.01441	0.18711	0.01068	0.01550	0.01066	0.01025	0.23387	0.01518	0.09942	0.01271	0.06763	0.01017	0.00592	0.00483	0.00138	0.00526	0.00475	0.00397	0.27199
6	0.00757	0.00505	0.00568	0.00568	0.00568	0.00505	0.00316	0.00757	0.00757	0.01010	0.01641	0.03408	0.01893	0.81698	0.02651	0.00505	0.00505	0.00757	0.00316	0.00316
7	0.27309	0.01298	0.01302	0.01032	0.01416	0.01449	0.00850	0.50067	0.03890	0.04893	0.01134	0.01159	0.00816	0.00585	0.00461	0.00158	0.00514	0.00417	0.00464	0.00786
8	0.03887	0.48631	0.13834	0.01062	0.01541	0.05705	0.04171	0.03208	0.01170	0.11092	0.00950	0.01030	0.00751	0.00487	0.00404	0.00132	0.00604	0.00346	0.00288	0.00710
9	0.01086	0.08449	0.65340	0.01437	0.02150	0.01261	0.05148	0.01657	0.02842	0.01632	0.00951	0.01112	0.00691	0.00490	0.00485	0.00159	0.00737	0.00389	0.00232	0.03751
10	0.20938	0.01432	0.01659	0.02187	0.42991	0.16391	0.01223	0.04257	0.01216	0.01820	0.00896	0.01117	0.00737	0.00488	0.00462	0.00152	0.00629	0.00397	0.00284	0.00724
11	0.00756	0.00509	0.00587	0.00587	0.00593	0.00515	0.00339	0.00769	0.00763	0.01024	0.01624	0.03314	0.01852	0.76311	0.07981	0.00528	0.00567	0.00744	0.00313	0.00326
12	0.01392	0.73578	0.04794	0.00944	0.01374	0.04775	0.00935	0.01568	0.01063	0.01240	0.00731	0.00859	0.00669	0.00470	0.00401	0.00119	0.03911	0.00291	0.00225	0.00665
13	0.01444	0.00914	0.01132	0.03188	0.01332	0.00729	0.00685	0.01670	0.01199	0.24182	0.01255	0.01291	0.00920	0.00465	0.00430	0.00105	0.00412	0.00376	0.00404	0.57869
14	0.01286	0.01245	0.02157	0.03151	0.75028	0.01241	0.04985	0.01601	0.01188	0.01700	0.00983	0.01294	0.00823	0.00463	0.00520	0.00156	0.00630	0.00471	0.00258	0.00819
15	0.01351	0.01132	0.01884	0.23223	0.43869	0.01183	0.04481	0.04758	0.01236	0.10210	0.01099	0.01372	0.00843	0.00505	0.00522	0.00161	0.00628	0.00477	0.00305	0.00764
16	0.00905	0.00452	0.00678	0.00678	0.00678	0.00452	0.00452	0.00678	0.00678	0.00905	0.00905	0.01583	0.00905	0.01809	0.02035	0.84848	0.00452	0.00452	0.00226	0.00226
17	0.00641	0.00523	0.00567	0.00567	0.00722	0.00449	0.00421	0.00794	0.01232	0.01540	0.19919	0.10071	0.58163	0.01289	0.00619	0.00176	0.00263	0.01094	0.00502	0.00449
18	0.01945	0.02482	0.01476	0.01342	0.01610	0.79608	0.01006	0.02079	0.01476	0.01275	0.00805	0.00939	0.00671	0.00537	0.00470	0.00134	0.00939	0.00335	0.00268	0.00604
19	0.07498	0.01182	0.02625	0.01029	0.01415	0.04761	0.00854	0.26227	0.05312	0.38017	0.03126	0.01622	0.01190	0.00647	0.00512	0.00161	0.00506	0.01935	0.00549	0.00831

[dist]
# distance from previous block
# <min> <max>
0	1

[block]
# block no. 1 follows, 47 sequences, length 145
# corresponding to MSA columns:
# 24-168
name=unknown_B
#
# <colnr> <probs for GDERKNQSTAVLIFYWHMCP>
#	G	D	E	R	K	N	Q	S	T	A	V	L	I	F	Y	W	H	M	C	P
0	0.02231	0.00919	0.01214	0.00939	0.01330	0.00827	0.00773	0.07607	0.03322	0.69088	0.04709	0.01816	0.01397	0.00660	0.00527	0.00161	0.00444	0.00536	0.00631	0.00871
1	0.00922	0.00546	0.00601	0.00611	0.00726	0.00550	0.00446	0.04174	0.04372	0.01836	0.05870	0.22791	0.02070	0.02351	0.00509	0.00158	0.00284	0.00777	0.49910	0.00497
2	0.01231	0.16804	0.08122	0.09337	0.10808	0.01427	0.41603	0.01607	0.01165	0.01554	0.00962	0.01260	0.00753	0.00455	0.00533	0.00160	0.00763	0.00504	0.00249	0.00702
3	0.04070	0.04264	0.01470	0.01096	0.01498	0.03737	0.02387	0.38490	0.05981	0.29313	0.01526	0.01437	0.01039	0.00620	0.00511	0.00157	0.00532	0.00481	0.00535	0.00854
4	0.00992	0.00934	0.01577	0.78284	0.05683	0.01159	0.01451	0.01338	0.01045	0.01341	0.00927	0.01386	0.00698	0.00519	0.00521	0.00173	0.00692	0.00463	0.00232	0.00585
5	0.01138	0.01143	0.01556	0.01343	0.01350	0.03265	0.01112	0.01252	0.00820	0.01257	0.00768	0.04125	0.00786	0.00930	0.01643	0.00225	0.75993	0.00491	0.00238	0.00565
6	0.01097	0.00936	0.01089	0.00780	0.01242	0.00712	0.00624	0.02772	0.01106	0.01728	0.00932	0.01083	0.00774	0.00390	0.00388	0.00079	0.00389	0.00312	0.00313	0.83254
7	0.01358	0.11585	0.02811	0.01886	0.02387	0.01454	0.56094	0.12494	0.01384	0.01845	0.01040	0.01311	0.00789	0.00467	0.00566	0.00165	0.00793	0.00551	0.00295	0.00725
8	0.01286	0.57865	0.25948	0.01072	0.01616	0.01801	0.01206	0.01587	0.01071	0.01354	0.00788	0.00916	0.00666	0.00461	0.00383	0.00128	0.00622	0.00311	0.00222	0.00699
9	0.01497	0.05714	0.01370	0.00961	0.01397	0.01157	0.00791	0.30986	0.04501	0.04681	0.01121	0.01187	0.00857	0.00503	0.00445	0.00116	0.00472	0.00387	0.00406	0.41451
10	0.00754	0.00500	0.00658	0.00721	0.00799	0.00460	0.00507	0.00885	0.01126	0.05848	0.16658	0.57104	0.07038	0.01453	0.00647	0.00199	0.00303	0.03367	0.00509	0.00464
11	0.01275	0.56757	0.25248	0.01061	0.01596	0.01774	0.01188	0.01573	0.01080	0.01370	0.02487	0.00981	0.00759	0.00474	0.00388	0.00128	0.00613	0.00324	0.00230	0.00694
12	0.01224	0.01206	0.01884	0.26858	0.47464	0.05621	0.01497	0.01527	0.01139	0.01542	0.00939	0.01293	0.00769	0.00506	0.00570	0.00163	0.04367	0.00456	0.00249	0.00725
13	0.01020	0.00960	0.01424	0.01209	0.01269	0.01221	0.08204	0.01146	0.00834	0.01232	0.01013	0.01784	0.01037	0.20087	0.09365	0.00347	0.46528	0.00552	0.00257	0.00513
14	0.00646	0.00461	0.00617	0.00738	0.00774	0.00433	0.00503	0.00745	0.01008	0.01342	0.02864	0.77108	0.03419	0.01621	0.00668	0.00213	0.00312	0.05617	0.00483	0.00426
15	0.04145	0.00824	0.01003	0.00845	0.01106	0.00812	0.00675	0.14505	0.04447	0.22419	0.35726	0.02798	0.04053	0.00864	0.00566	0.00165	0.00374	0.03429	0.00568	0.00676
16	0.01374	0.77948	0.06636	0.00921	0.01384	0.02017	0.00944	0.01564	0.01060	0.01247	0.00735	0.00849	0.00668	0.00448	0.00342	0.00114	0.00568	0.00284	0.00223	0.00673
17	0.00928	0.00531	0.00713	0.00766	0.00862	0.00486	0.00542	0.01042	0.01086	0.14423	0.02729	0.65661	0.03067	0.01459	0.00643	0.00204	0.00331	0.03514	0.00511	0.00503
18	0.01045	0.02694	0.79000	0.01484	0.02254	0.01209	0.01924	0.01649	0.01099	0.01649	0.00935	0.01099	0.00660	0.00495	0.00495	0.00165	0.00770	0.00385	0.00220	0.00770
19	0.00886	0.01144	0.21254	0.01082	0.01374	0.00754	0.01108	0.01217	0.01172	0.01577	0.02363	0.04598	0.04832	0.01188	0.00657	0.00218	0.00548	0.53060	0.00412	0.00554
20	0.01324	0.01265	0.01966	0.14127	0.58656	0.04869	0.01506	0.06895	0.01268	0.01740	0.00983	0.01284	0.00803	0.00487	0.00515	0.00157	0.00641	0.00458	0.00273	0.00783
21	0.00634	0.00455	0.00603	0.00721	0.00754	0.00423	0.00481	0.00726	0.01001	0.01331	0.02925	0.79614	0.05153	0.01624	0.00664	0.00211	0.00301	0.01472	0.00483	0.00423
22	0.01165	0.01280	0.02678	0.22643	0.02948	0.01275	0.56930	0.01580	0.01180	0.01580	0.01020	0.01400	0.00765	0.00460	0.00590	0.00175	0.00830	0.00575	0.00255	0.00670
23	0.01102	0.00724	0.00913	0.00907	0.01091	0.00723	0.00747	0.10986	0.03425	0.09863	0.04814	0.16457	0.09017	0.01240	0.00648	0.00207	0.00433	0.35623	0.00507	0.00572
24	0.01340	0.00729	0.00930	0.00811	0.01051	0.00682	0.00651	0.07039	0.02835	0.26106	0.32052	0.03329	0.09783	0.00961	0.00590	0.00173	0.00363	0.09360	0.00572	0.00644
25	0.02039	0.01299	0.01457	0.01120	0.01527	0.01383	0.00924	0.56972	0.02194	0.21643	0.03156	0.01436	0.01073	0.00640	0.00524	0.00158	0.00534	0.00493	0.00552	0.00877
26	0.01113	0.18231	0.64060	0.01368	0.02074	0.01376	0.01722	0.01632	0.01091	0.01566	0.00893	0.01048	0.00661	0.00485	0.00463	0.00154	0.00728	0.00364	0.00220	0.00750
27	0.03239	0.18383	0.49241	0.01483	0.09026	0.03934	0.01582	0.01679	0.03955	0.01593	0.00931	0.01084	0.00709	0.00491	0.00461	0.00153	0.00696	0.00374	0.00240	0.00746
28	0.00864	0.00579	0.00626	0.00585	0.00794	0.00487	0.00449	0.01006	0.01231	0.12587	0.04810	0.04544	0.67124	0.01221	0.00602	0.00174	0.00290	0.01016	0.00507	0.00504
29	0.13316	0.00999	0.01195	0.00942	0.01327	0.00976	0.00774	0.12560	0.07388	0.52362	0.01772	0.01590	0.01160	0.00625	0.00497	0.00162	0.00453	0.00489	0.00576	0.00838
30	0.02172	0.10399	0.01400	0.00935	0.01338	0.00967	0.00789	0.07220	0.01502	0.63368	0.03296	0.01669	0.01259	0.00628	0.00503	0.00155	0.00461	0.00499	0.00586	0.00853
31	0.02055	0.04306	0.01510	0.01113	0.01527	0.01401	0.00925	0.53776	0.02137	0.23708	0.01449	0.01377	0.00987	0.00624	0.00515	0.00156	0.00537	0.00477	0.00543	0.00878
32	0.00634	0.00453	0.00604	0.00725	0.00755	0.00423	0.00483	0.00725	0.00997	0.01329	0.02870	0.81358	0.03444	0.01632	0.00665	0.00211	0.00302	0.01480	0.00483	0.00423
33	0.01077	0.10011	0.71964	0.01430	0.02169	0.01288	0.01829	0.01641	0.01096	0.01610	0.00915	0.01075	0.00660	0.00490	0.00480	0.00160	0.00750	0.00375	0.00220	0.00760
34	0.01048	0.06706	0.54462	0.22085	0.02550	0.01244	0.01741	0.01561	0.01082	0.01542	0.00920	0.01160	0.00669	0.00499	0.00492	0.00164	0.00738	0.00399	0.00223	0.00714
35	0.01208	0.13151	0.11755	0.01898	0.05206	0.01370	0.50839	0.01607	0.01178	0.01589	0.01067	0.04722	0.00873	0.00499	0.00559	0.00166	0.00784	0.00571	0.00262	0.00698
36	0.05838	0.01438	0.01526	0.01174	0.01587	0.01594	0.00970	0.73235	0.02376	0.03238	0.01226	0.01232	0.00871	0.00619	0.00512	0.00157	0.00565	0.00460	0.00512	0.00871
37	0.13165	0.00977	0.01166	0.00927	0.01298	0.00959	0.00759	0.11316	0.08647	0.48786	0.05308	0.01700	0.01340	0.00646	0.00501	0.00162	0.00441	0.00510	0.00573	0.00819
38	0.10823	0.22222	0.01675	0.00978	0.01388	0.02472	0.03277	0.12873	0.01443	0.35806	0.01398	0.01329	0.00966	0.00564	0.00455	0.00147	0.00509	0.00426	0.00464	0.00785
39	0.02308	0.00932	0.01237	0.00948	0.01352	0.00833	0.00783	0.08419	0.01566	0.72822	0.01991	0.01731	0.01257	0.00643	0.00523	0.00161	0.00453	0.00519	0.00635	0.00886
40	0.00633	0.00457	0.00600	0.00715	0.00753	0.00424	0.00479	0.00726	0.01007	0.01333	0.02996	0.77381	0.07341	0.01615	0.00662	0.00210	0.00300	0.01461	0.00483	0.00424
41	0.00726	0.00577	0.00855	0.21558	0.01495	0.00615	0.00735	0.00883	0.01009	0.01330	0.02362	0.60461	0.02726	0.01341	0.00627	0.00202	0.00405	0.01215	0.00418	0.00464
42	0.00983	0.00926	0.01562	0.80447	0.03587	0.01157	0.01446	0.01331	0.01041	0.01331	0.00926	0.01388	0.00694	0.00521	0.00521	0.00174	0.00694	0.00463	0.00231	0.00579
43	0.00727	0.00532	0.00682	0.00644	0.00772	0.00487	0.00483	0.00963	0.01450	0.02031	0.72022	0.03985	0.11102	0.01086	0.00614	0.00165	0.00247	0.00955	0.00566	0.00487
44	0.01080	0.00926	0.01080	0.00771	0.01234	0.00694	0.00617	0.01311	0.01080	0.01697	0.00926	0.01080	0.00771	0.00386	0.00386	0.00077	0.00386	0.00309	0.00309	0.84882
45	0.00897	0.00807	0.01322	0.59619	0.02855	0.00976	0.01202	0.01182	0.01022	0.01325	0.01366	0.18616	0.01314	0.00916	0.04212	0.00212	0.00642	0.00686	0.00288	0.00540
46	0.02269	0.00901	0.01207	0.00935	0.01331	0.00800	0.00769	0.02553	0.06425	0.73836	0.02059	0.01784	0.01309	0.00649	0.00524	0.00162	0.00441	0.00528	0.00637	0.00882
47	0.01338	0.01064	0.01053	0.00934	0.01188	0.06104	0.00726	0.15465	0.34895	0.02209	0.01812	0.06234	0.01443	0.00707	0.00489	0.00158	0.00424	0.00574	0.22475	0.00710
48	0.00983	0.00926	0.01562	0.80447	0.03587	0.01157	0.01446	0.01331	0.01041	0.01331	0.00926	0.01388	0.00694	0.00521	0.00521	0.00174	0.00694	0.00463	0.00231	0.00579
49	0.01368	0.76530	0.08000	0.00932	0.01400	0.02002	0.00962	0.01566	0.01061	0.01255	0.00739	0.00854	0.00668	0.00449	0.00345	0.00115	0.00572	0.00286	0.00223	0.00675
50	0.01038	0.00600	0.00788	0.00702	0.00880	0.00542	0.00540	0.01271	0.01467	0.16694	0.60979	0.03527	0.06918	0.00994	0.00597	0.00164	0.00284	0.00868	0.00584	0.00565
51	0.00806	0.00640	0.00700	0.00699	0.00837	0.02541	0.00508	0.08112	0.01269	0.01625	0.12536	0.31375	0.31122	0.03926	0.00686	0.00195	0.00330	0.01124	0.00487	0.00483
52	0.00991	0.00935	0.01563	0.76788	0.03484	0.01177	0.01432	0.01327	0.01030	0.01327	0.00914	0.01377	0.00694	0.00539	0.00576	0.00176	0.04398	0.00462	0.00231	0.00578
53	0.00641	0.00461	0.00608	0.00714	0.00755	0.00428	0.00481	0.00744	0.01036	0.01385	0.08200	0.73604	0.05846	0.01582	0.00660	0.00207	0.00297	0.01431	0.00490	0.00428
54	0.00996	0.00946	0.01589	0.74672	0.03447	0.01184	0.02691	0.01332	0.01031	0.01332	0.00914	0.01375	0.00695	0.00541	0.00589	0.00177	0.05213	0.00465	0.00232	0.00580
55	0.01392	0.82012	0.02729	0.00891	0.01337	0.02061	0.00891	0.01559	0.01058	0.01225	0.00724	0.00835	0.00668	0.00446	0.00334	0.00111	0.00557	0.00278	0.00223	0.00668
56	0.01386	0.80495	0.04187	0.00902	0.01354	0.02044	0.00911	0.01561	0.01059	0.01233	0.00728	0.00840	0.00668	0.00446	0.00337	0.00112	0.00561	0.00280	0.00223	0.00670
57	0.04407	0.00910	0.01210	0.00930	0.01332	0.00807	0.00769	0.05221	0.01510	0.74134	0.01992	0.01730	0.01256	0.00640	0.00519	0.00161	0.00447	0.00516	0.00632	0.00878
58	0.00710	0.00543	0.00755	0.00739	0.00852	0.00499	0.03998	0.00896	0.01258	0.01721	0.39507	0.32322	0.11689	0.01270	0.00633	0.00183	0.00298	0.01140	0.00517	0.00471
59	0.01949	0.01290	0.01430	0.01115	0.01511	0.01388	0.00915	0.53128	0.09495	0.17915	0.01593	0.01514	0.02973	0.00654	0.00525	0.00160	0.00524	0.00507	0.00545	0.00869
60	0.00637	0.00454	0.00603	0.00721	0.00751	0.00425	0.00480	0.00726	0.00991	0.01322	0.02842	0.79547	0.03408	0.03492	0.00711	0.00218	0.00307	0.01464	0.00480	0.00420
61	0.00983	0.00926	0.01562	0.80447	0.03587	0.01157	0.01446	0.01331	0.01041	0.01331	0.00926	0.01388	0.00694	0.00521	0.00521	0.00174	0.00694	0.00463	0.00231	0.00579
62	0.11122	0.01392	0.01473	0.01162	0.01538	0.06765	0.04101	0.47405	0.05640	0.08459	0.01297	0.01316	0.02053	0.00621	0.00541	0.00160	0.03216	0.00464	0.00470	0.00803
63	0.01737	0.01145	0.01349	0.01090	0.01399	0.01262	0.00889	0.31784	0.11346	0.20717	0.05150	0.03802	0.02779	0.00742	0.00704	0.00173	0.12073	0.00556	0.00510	0.00793
64	0.00702	0.00512	0.00660	0.00663	0.00767	0.00470	0.00482	0.00900	0.01333	0.01846	0.53725	0.23287	0.10260	0.01226	0.00627	0.00177	0.00261	0.01088	0.00544	0.00470
65	0.03859	0.01265	0.01429	0.01100	0.01509	0.01336	0.00908	0.50775	0.03447	0.26685	0.01504	0.01416	0.01016	0.00630	0.00518	0.00158	0.00526	0.00484	0.00555	0.00878
66	0.29748	0.01211	0.01221	0.00975	0.01353	0.02840	0.00802	0.34579	0.02845	0.17747	0.01238	0.01223	0.00864	0.00581	0.00455	0.00159	0.00496	0.00417	0.00474	0.00772
67	0.00650	0.00532	0.00575	0.00574	0.00738	0.00458	0.00438	0.00808	0.01238	0.01536	0.18033	0.04862	0.61020	0.01281	0.00621	0.00177	0.00273	0.05237	0.00499	0.00451
68	0.00638	0.00456	0.00602	0.00716	0.00748	0.00426	0.00476	0.00727	0.00993	0.01321	0.02881	0.77292	0.04951	0.04170	0.00727	0.00220	0.00308	0.01450	0.00478	0.00420
69	0.03687	0.07046	0.02025	0.01474	0.01813	0.01049	0.37816	0.03207	0.01178	0.04474	0.03574	0.26846	0.01743	0.00848	0.00595	0.00180	0.00617	0.00856	0.00360	0.00613
70	0.01423	0.01251	0.01966	0.02746	0.61848	0.01274	0.01448	0.14294	0.01399	0.04035	0.01067	0.01337	0.00869	0.02106	0.00559	0.00162	0.00604	0.00472	0.00314	0.00827
71	0.00634	0.00455	0.00602	0.00719	0.00754	0.00423	0.00481	0.00726	0.01003	0.01332	0.02944	0.79011	0.05744	0.01622	0.00663	0.00210	0.00301	0.01469	0.00483	0.00423
72	0.01373	0.01319	0.04156	0.09024	0.54629	0.03037	0.03928	0.12792	0.01368	0.01895	0.01013	0.01282	0.00814	0.00494	0.00518	0.00157	0.00638	0.00464	0.00294	0.00804
73	0.01231	0.01246	0.04019	0.02695	0.53560	0.01202	0.15059	0.01622	0.05485	0.01697	0.01177	0.06464	0.01025	0.00549	0.00543	0.00164	0.00637	0.00561	0.00288	0.00776
74	0.02336	0.00886	0.01209	0.00927	0.01329	0.00765	0.00765	0.02538	0.01491	0.78810	0.02055	0.01773	0.01289	0.00645	0.00524	0.00161	0.00443	0.00524	0.00645	0.00886
75	0.01074	0.09320	0.72628	0.01435	0.02177	0.01281	0.01838	0.01642	0.01096	0.01614	0.00917	0.01077	0.00660	0.00491	0.00481	0.00160	0.00752	0.00376	0.00220	0.00761
76	0.81518	0.01028	0.00802	0.00709	0.01035	0.01189	0.00584	0.05009	0.00959	0.02380	0.00749	0.00865	0.00579	0.00490	0.00331	0.00161	0.00411	0.00291	0.00331	0.00579
77	0.01714	0.01288	0.01385	0.01110	0.01468	0.01421	0.00899	0.56794	0.12814	0.02886	0.01687	0.07870	0.04766	0.00748	0.00538	0.00164	0.00515	0.00595	0.00518	0.00820
78	0.01991	0.01441	0.01552	0.01190	0.01606	0.01589	0.00983	0.74433	0.02419	0.05604	0.01275	0.01266	0.00898	0.00626	0.00521	0.00156	0.00569	0.00471	0.00525	0.00886
79	0.02336	0.00886	0.01209	0.00927	0.01329	0.00765	0.00765	0.02538	0.01491	0.78810	0.02055	0.01773	0.01289	0.00645	0.00524	0.00161	0.00443	0.00524	0.00645	0.00886
80	0.05829	0.08972	0.68458	0.01392	0.02110	0.01275	0.01764	0.01635	0.01084	0.01654	0.00906	0.01064	0.00655	0.00490	0.00472	0.00160	0.00732	0.00370	0.00226	0.00750
81	0.01910	0.01392	0.01489	0.01149	0.01545	0.01537	0.00947	0.71503	0.02355	0.03190	0.01281	0.01298	0.00917	0.00624	0.00510	0.00154	0.00550	0.00470	0.06323	0.00858
82	0.00654	0.00529	0.00581	0.00568	0.00727	0.00456	0.00426	0.00822	0.01278	0.01623	0.28401	0.04656	0.54978	0.01238	0.00615	0.00172	0.00258	0.01049	0.00512	0.00456
83	0.02163	0.02788	0.01230	0.00937	0.01321	0.00845	0.00774	0.03783	0.07607	0.66420	0.03344	0.01885	0.01393	0.00670	0.00526	0.00163	0.00443	0.02230	0.00618	0.00860
84	0.02122	0.00934	0.01202	0.00954	0.01334	0.00874	0.00778	0.02585	0.17116	0.63059	0.02068	0.01808	0.01351	0.00657	0.00525	0.00164	0.00437	0.00537	0.00621	0.00874
85	0.00634	0.00455	0.00602	0.00720	0.00754	0.00423	0.00481	0.00726	0.01002	0.01331	0.02935	0.79299	0.05462	0.01623	0.00663	0.00211	0.00301	0.01470	0.00483	0.00423
86	0.02309	0.00930	0.01236	0.00948	0.01351	0.00831	0.00783	0.08265	0.01564	0.72978	0.01992	0.01732	0.01258	0.00643	0.00523	0.00161	0.00453	0.00519	0.00635	0.00886
87	0.01179	0.01135	0.01962	0.30215	0.48909	0.01213	0.04825	0.01508	0.01137	0.01570	0.00964	0.01329	0.00778	0.00483	0.00522	0.00162	0.00656	0.00470	0.00249	0.00733
88	0.00703	0.00530	0.00653	0.00628	0.00761	0.00480	0.00470	0.00914	0.01373	0.01871	0.55482	0.06085	0.23955	0.01210	0.02421	0.00184	0.00278	0.00988	0.00541	0.00476
89	0.01392	0.82012	0.02729	0.00891	0.01337	0.02061	0.00891	0.01559	0.01058	0.01225	0.00724	0.00835	0.00668	0.00446	0.00334	0.00111	0.00557	0.00278	0.00223	0.00668
90	0.01283	0.01009	0.01055	0.00953	0.01212	0.05129	0.00743	0.05420	0.40404	0.09478	0.08636	0.06998	0.10287	0.00870	0.00558	0.00176	0.00417	0.04139	0.00520	0.00714
91	0.00737	0.00532	0.00696	0.00655	0.00778	0.00491	0.00491	0.00983	0.01474	0.02088	0.78175	0.03890	0.04914	0.01065	0.00614	0.00164	0.00246	0.00942	0.00573	0.00491
92	0.01289	0.01237	0.02114	0.03196	0.78450	0.01237	0.01598	0.01598	0.01186	0.01701	0.00980	0.01289	0.00825	0.00464	0.00516	0.00155	0.00619	0.00464	0.00258	0.00825
93	0.01166	0.01283	0.02699	0.17502	0.02825	0.01261	0.59473	0.01574	0.01178	0.01582	0.01047	0.01463	0.00805	0.02953	0.00659	0.00185	0.00830	0.00589	0.00259	0.00666
94	0.00983	0.00926	0.01562	0.80447	0.03587	0.01157	0.01446	0.01331	0.01041	0.01331	0.00926	0.01388	0.00694	0.00521	0.00521	0.00174	0.00694	0.00463	0.00231	0.00579
95	0.00839	0.00599	0.00839	0.00959	0.01079	0.00599	0.00839	0.01079	0.01199	0.01558	0.02757	0.05874	0.02997	0.01439	0.00719	0.00240	0.00480	0.74945	0.00480	0.00480
96	0.01045	0.02694	0.79000	0.01484	0.02254	0.01209	0.01924	0.01649	0.01099	0.01649	0.00935	0.01099	0.00660	0.00495	0.00495	0.00165	0.00770	0.00385	0.00220	0.00770
97	0.02317	0.00891	0.01208	0.00929	0.01330	0.00775	0.00767	0.02542	0.02937	0.77352	0.02056	0.01776	0.01295	0.00646	0.00524	0.00161	0.00443	0.00525	0.00642	0.00885
98	0.02272	0.00901	0.01207	0.00935	0.01331	0.00798	0.00769	0.02552	0.06213	0.74050	0.02059	0.01783	0.01308	0.00648	0.00524	0.00162	0.00441	0.00528	0.00637	0.00882
99	0.00794	0.00630	0.00927	0.00898	0.00978	0.00767	0.00706	0.00967	0.00830	0.01210	0.01310	0.01960	0.01236	0.05147	0.68199	0.00753	0.11390	0.00549	0.00273	0.00475
100	0.01233	0.04496	0.48697	0.01715	0.16821	0.01210	0.01639	0.01806	0.07540	0.08269	0.01132	0.01256	0.00823	0.00518	0.00499	0.00162	0.00676	0.00426	0.00289	0.00792
101	0.01295	0.01119	0.01178	0.01060	0.01354	0.01295	0.00824	0.02767	0.77509	0.02178	0.02120	0.01943	0.01590	0.00707	0.00530	0.00177	0.00412	0.00589	0.00530	0.00824
102	0.00634	0.00453	0.00604	0.00725	0.00755	0.00423	0.00483	0.00725	0.00997	0.01329	0.02870	0.81358	0.03444	0.01632	0.00665	0.00211	0.00302	0.01480	0.00483	0.00423
103	0.01233	0.01395	0.03019	0.02251	0.06993	0.01312	0.72330	0.01664	0.01227	0.01670	0.01049	0.01398	0.00792	0.00440	0.00609	0.00174	0.00863	0.00606	0.00263	0.00709
104	0.01392	0.82012	0.02729	0.00891	0.01337	0.02061	0.00891	0.01559	0.01058	0.01225	0.00724	0.00835	0.00668	0.00446	0.00334	0.00111	0.00557	0.00278	0.00223	0.00668
105	0.02336	0.00886	0.01209	0.00927	0.01329	0.00765	0.00765	0.02538	0.01491	0.78810	0.02055	0.01773	0.01289	0.00645	0.00524	0.00161	0.00443	0.00524	0.00645	0.00886
106	0.02336	0.00886	0.01209	0.00927	0.01329	0.00765	0.00765	0.02538	0.01491	0.78810	0.02055	0.01773	0.01289	0.00645	0.00524	0.00161	0.00443	0.00524	0.00645	0.00886
107	0.85377	0.01007	0.00765	0.00685	0.01007	0.01168	0.00564	0.01531	0.00886	0.02336	0.00725	0.00846	0.00564	0.00483	0.00322	0.00161	0.00403	0.00282	0.00322	0.00564
108	0.00634	0.00453	0.00604	0.00725	0.00755	0.00423	0.00483	0.00725	0.00997	0.01329	0.02870	0.81358	0.03444	0.01632	0.00665	0.00211	0.00302	0.01480	0.00483	0.00423
109	0.01592	0.01058	0.01230	0.01121	0.04914	0.01141	0.00843	0.02648	0.52263	0.24046	0.02048	0.01864	0.01468	0.00678	0.00527	0.00171	0.00431	0.00564	0.00550	0.00842
110	0.01233	0.01393	0.03006	0.02265	0.08007	0.01311	0.71327	0.01663	0.01226	0.01670	0.01048	0.01397	0.00793	0.00441	0.00608	0.00174	0.00860	0.00604	0.00263	0.00711
111	0.00634	0.00453	0.00604	0.00725	0.00755	0.00423	0.00483	0.00725	0.00997	0.01329	0.02870	0.81358	0.03444	0.01632	0.00665	0.00211	0.00302	0.01480	0.00483	0.00423
112	0.01923	0.01404	0.01502	0.01158	0.01558	0.01551	0.00955	0.72455	0.02372	0.03206	0.01276	0.01289	0.00911	0.00624	0.00512	0.00154	0.00554	0.00470	0.05263	0.00863
113	0.01975	0.01223	0.01634	0.01234	0.01654	0.01240	0.11813	0.37435	0.01896	0.30470	0.01546	0.03015	0.01068	0.00625	0.00538	0.00162	0.00565	0.00529	0.00528	0.00850
114	0.01608	0.01274	0.01353	0.01123	0.01473	0.01441	0.00900	0.36520	0.43247	0.02682	0.01723	0.01627	0.01268	0.00669	0.00526	0.00167	0.00486	0.00534	0.00526	0.00852
115	0.00737	0.00532	0.00696	0.00655	0.00778	0.00491	0.00491	0.00983	0.01474	0.02088	0.78175	0.03890	0.04914	0.01065	0.00614	0.00164	0.00246	0.00942	0.00573	0.00491
116	0.01045	0.02694	0.79000	0.01484	0.02254	0.01209	0.01924	0.01649	0.01099	0.01649	0.00935	0.01099	0.00660	0.00495	0.00495	0.00165	0.00770	0.00385	0.00220	0.00770
117	0.01357	0.70749	0.09083	0.00951	0.01415	0.01946	0.00975	0.01635	0.05374	0.01315	0.00820	0.00920	0.00720	0.00464	0.00359	0.00120	0.00567	0.00305	0.00240	0.00686
118	0.00737	0.00532	0.00696	0.00655	0.00778	0.00491	0.00491	0.00983	0.01474	0.02088	0.78175	0.03890	0.04914	0.01065	0.00614	0.00164	0.00246	0.00942	0.00573	0.00491
119	0.00757	0.00505	0.00568	0.00568	0.00568	0.00505	0.00316	0.00757	0.00757	0.01010	0.01641	0.03408	0.01893	0.81698	0.02651	0.00505	0.00505	0.00757	0.00316	0.00316
120	0.02279	0.00979	0.01266	0.00970	0.01376	0.00903	0.00802	0.14531	0.01645	0.66599	0.01924	0.01688	0.01224	0.00641	0.00523	0.00160	0.00464	0.00515	0.00625	0.00886
121	0.01980	0.01459	0.01563	0.01198	0.01615	0.01615	0.00990	0.76713	0.02448	0.03282	0.01250	0.01250	0.00886	0.00625	0.00521	0.00156	0.00573	0.00469	0.00521	0.00886
122	0.83581	0.01012	0.00794	0.00738	0.02661	0.01170	0.00586	0.01532	0.00893	0.02323	0.00731	0.00855	0.00570	0.00483	0.00326	0.00161	0.00407	0.00286	0.00321	0.00570
123	0.01477	0.69852	0.02537	0.00960	0.01378	0.13917	0.00909	0.01639	0.01122	0.01233	0.00736	0.00851	0.00669	0.00459	0.00355	0.00115	0.00615	0.00287	0.00230	0.00658
124	0.00634	0.00453	0.00604	0.00725	0.00755	0.00423	0.00483	0.00725	0.00997	0.01329	0.02870	0.81358	0.03444	0.01632	0.00665	0.00211	0.00302	0.01480	0.00483	0.00423
125	0.01097	0.05499	0.01173	0.00778	0.01240	0.00771	0.00633	0.01325	0.01079	0.01670	0.00914	0.01066	0.00766	0.00389	0.00383	0.00079	0.00395	0.00307	0.00304	0.80132
126	0.01043	0.01093	0.06084	0.57716	0.15370	0.01167	0.05666	0.01398	0.01077	0.01427	0.00980	0.02932	0.00773	0.00527	0.00526	0.00171	0.00689	0.00487	0.00242	0.00632
127	0.02336	0.00886	0.01209	0.00927	0.01329	0.00765	0.00765	0.02538	0.01491	0.78810	0.02055	0.01773	0.01289	0.00645	0.00524	0.00161	0.00443	0.00524	0.00645	0.00886
128	0.02336	0.00886	0.01209	0.00927	0.01329	0.00765	0.00765	0.02538	0.01491	0.78810	0.02055	0.01773	0.01289	0.00645	0.00524	0.00161	0.00443	0.00524	0.00645	0.00886
129	0.05814	0.05515	0.71783	0.01417	0.02150	0.01238	0.01809	0.01639	0.01086	0.01672	0.00915	0.01075	0.00655	0.00492	0.00479	0.00163	0.00741	0.00375	0.00226	0.00754
130	0.01292	0.01119	0.01186	0.01066	0.01354	0.01301	0.00830	0.02737	0.75998	0.02160	0.02091	0.01927	0.01572	0.00711	0.00553	0.00178	0.01994	0.00586	0.00524	0.00819
131	0.00634	0.00453	0.00604	0.00725	0.00755	0.00423	0.00483	0.00725	0.00997	0.01329	0.02870	0.81358	0.03444	0.01632	0.00665	0.00211	0.00302	0.01480	0.00483	0.00423
132	0.02330	0.00897	0.01215	0.00932	0.01335	0.00782	0.00770	0.03977	0.01509	0.77345	0.02039	0.01762	0.01281	0.00644	0.00524	0.00161	0.00446	0.00523	0.00642	0.00886
133	0.01815	0.02126	0.01485	0.01309	0.01603	0.56917	0.03430	0.08803	0.14396	0.01618	0.01075	0.01151	0.00849	0.00570	0.00489	0.00145	0.00816	0.00399	0.00335	0.00669
134	0.00839	0.00599	0.00839	0.00959	0.01079	0.00599	0.00839	0.01079	0.01199	0.01558	0.02757	0.05874	0.02997	0.01439	0.00719	0.00240	0.00480	0.74945	0.00480	0.00480
135	0.00983	0.00926	0.01562	0.80447	0.03587	0.01157	0.01446	0.01331	0.01041	0.01331	0.00926	0.01388	0.00694	0.00521	0.00521	0.00174	0.00694	0.00463	0.00231	0.00579
136	0.01175	0.01205	0.01583	0.11345	0.01664	0.06924	0.01169	0.01320	0.00875	0.01264	0.00723	0.01157	0.00684	0.00836	0.01474	0.00215	0.65135	0.00448	0.00231	0.00573
137	0.00971	0.00485	0.00485	0.00485	0.00607	0.00485	0.00364	0.01213	0.01092	0.01942	0.01699	0.01942	0.01335	0.00607	0.00364	0.00121	0.00243	0.00485	0.84589	0.00485
138	0.00634	0.00453	0.00604	0.00725	0.00755	0.00423	0.00483	0.00725	0.00997	0.01329	0.02870	0.81358	0.03444	0.01632	0.00665	0.00211	0.00302	0.01480	0.00483	0.00423
139	0.02006	0.01357	0.01492	0.01151	0.01560	0.01471	0.00948	0.62258	0.05392	0.14855	0.01410	0.01359	0.00977	0.00631	0.00522	0.00158	0.00546	0.00482	0.00540	0.00883
140	0.02090	0.00832	0.01130	0.00885	0.01244	0.00723	0.00723	0.02298	0.01488	0.66980	0.13792	0.02099	0.01848	0.00709	0.00538	0.00162	0.00413	0.00588	0.00634	0.00825
141	0.00737	0.00532	0.00696	0.00655	0.00778	0.00491	0.00491	0.00983	0.01474	0.02088	0.78175	0.03890	0.04914	0.01065	0.00614	0.00164	0.00246	0.00942	0.00573	0.00491
142	0.85377	0.01007	0.00765	0.00685	0.01007	0.01168	0.00564	0.01531	0.00886	0.02336	0.00725	0.00846	0.00564	0.00483	0.00322	0.00161	0.00403	0.00282	0.00322	0.00564
143	0.01045	0.02694	0.79000	0.01484	0.02254	0.01209	0.01924	0.01649	0.01099	0.01649	0.00935	0.01099	0.00660	0.00495	0.00495	0.00165	0.00770	0.00385	0.00220	0.00770
144	0.00737	0.00532	0.00696	0.00655	0.00778	0.00491	0.00491	0.00983	0.01474	0.02088	0.78175	0.03890	0.04914	0.01065	0.00614	0.00164	0.00246	0.00942	0.00573	0.00491

[dist]
# distance from previous block
# <min> <max>
0	1

[block]
# block no. 2 follows, 47 sequences, length 78
# corresponding to MSA columns:
# 170-247
name=unknown_C
#
# <colnr> <probs for GDERKNQSTAVLIFYWHMCP>
#	G	D	E	R	K	N	Q	S	T	A	V	L	I	F	Y	W	H	M	C	P
0	0.02145	0.00892	0.01189	0.00903	0.01315	0.00755	0.00743	0.02351	0.01428	0.67038	0.01882	0.01667	0.01210	0.00605	0.00503	0.00148	0.00434	0.00491	0.00593	0.13709
1	0.01045	0.02694	0.79000	0.01484	0.02254	0.01209	0.01924	0.01649	0.01099	0.01649	0.00935	0.01099	0.00660	0.00495	0.00495	0.00165	0.00770	0.00385	0.00220	0.00770
2	0.00757	0.00505	0.00568	0.00568	0.00568	0.00505	0.00316	0.00757	0.00757	0.01010	0.01641	0.03408	0.01893	0.81698	0.02651	0.00505	0.00505	0.00757	0.00316	0.00316
3	0.02329	0.00898	0.01216	0.00932	0.01335	0.00783	0.00770	0.04107	0.01511	0.77213	0.02037	0.01761	0.01281	0.00644	0.00524	0.00161	0.00446	0.00523	0.00642	0.00886
4	0.01948	0.02417	0.01481	0.01332	0.01610	0.74621	0.01005	0.06851	0.01538	0.01403	0.00833	0.00959	0.00685	0.00542	0.00473	0.00136	0.00916	0.00344	0.00284	0.00622
5	0.00689	0.00530	0.00629	0.00604	0.00748	0.00471	0.00453	0.00889	0.01359	0.01816	0.49061	0.04338	0.34197	0.01166	0.00615	0.00169	0.00253	0.01005	0.00537	0.00471
6	0.01030	0.00973	0.01646	0.68654	0.15015	0.01169	0.01469	0.01371	0.01063	0.01387	0.00934	0.01373	0.00714	0.00512	0.00520	0.00171	0.00683	0.00463	0.00235	0.00616
7	0.01195	0.01141	0.01944	0.26957	0.55424	0.01213	0.01551	0.01516	0.01141	0.01587	0.00963	0.01320	0.00785	0.00481	0.00517	0.00160	0.00642	0.00464	0.00250	0.00749
8	0.01217	0.01487	0.07927	0.02149	0.02692	0.01310	0.71786	0.01667	0.01221	0.01667	0.01046	0.01385	0.00782	0.00443	0.00607	0.00175	0.00871	0.00600	0.00261	0.00707
9	0.00634	0.00453	0.00604	0.00725	0.00755	0.00423	0.00483	0.00725	0.00997	0.01329	0.02870	0.81358	0.03444	0.01632	0.00665	0.00211	0.00302	0.01480	0.00483	0.00423
10	0.01045	0.02694	0.79000	0.01484	0.02254	0.01209	0.01924	0.01649	0.01099	0.01649	0.00935	0.01099	0.00660	0.00495	0.00495	0.00165	0.00770	0.00385	0.00220	0.00770
11	0.04319	0.00574	0.00732	0.00674	0.00823	0.00537	0.00512	0.01105	0.01451	0.07004	0.70124	0.03629	0.04503	0.01014	0.00596	0.00164	0.00265	0.00888	0.00568	0.00520
12	0.00634	0.00453	0.00604	0.00725	0.00755	0.00423	0.00483	0.00725	0.00997	0.01329	0.02870	0.81358	0.03444	0.01632	0.00665	0.00211	0.00302	0.01480	0.00483	0.00423
13	0.01045	0.02694	0.79000	0.01484	0.02254	0.01209	0.01924	0.01649	0.01099	0.01649	0.00935	0.01099	0.00660	0.00495	0.00495	0.00165	0.00770	0.00385	0.00220	0.00770
14	0.01401	0.66469	0.11124	0.00992	0.01462	0.06915	0.01016	0.03114	0.01117	0.01317	0.00763	0.00880	0.00672	0.00460	0.00364	0.00120	0.00605	0.00298	0.00231	0.00680
15	0.00991	0.00934	0.01576	0.78468	0.05504	0.01159	0.01450	0.01337	0.01045	0.01340	0.00927	0.01386	0.00698	0.00519	0.00521	0.00173	0.00692	0.00463	0.00232	0.00585
16	0.00634	0.00453	0.00604	0.00725	0.00755	0.00423	0.00483	0.00725	0.00997	0.01329	0.02870	0.81358	0.03444	0.01632	0.00665	0.00211	0.00302	0.01480	0.00483	0.00423
17	0.01278	0.55859	0.27877	0.01087	0.01639	0.01780	0.01232	0.01589	0.01072	0.01365	0.00793	0.00922	0.00665	0.00462	0.00387	0.00129	0.00627	0.00314	0.00222	0.00702
18	0.13747	0.03898	0.14923	0.01088	0.01532	0.04928	0.01016	0.20507	0.08749	0.22473	0.01377	0.01342	0.00956	0.00585	0.00481	0.00159	0.00551	0.00441	0.00452	0.00794
19	0.00833	0.00595	0.00830	0.00940	0.01060	0.00593	0.00818	0.01073	0.01216	0.01591	0.07431	0.05751	0.03116	0.01415	0.00713	0.00235	0.00465	0.70358	0.00485	0.00480
20	0.00737	0.00532	0.00696	0.00655	0.00778	0.00491	0.00491	0.00983	0.01474	0.02088	0.78175	0.03890	0.04914	0.01065	0.00614	0.00164	0.00246	0.00942	0.00573	0.00491
21	0.01217	0.01386	0.03024	0.02166	0.02683	0.01299	0.75043	0.01649	0.01225	0.01661	0.01090	0.02998	0.00843	0.00463	0.00616	0.00176	0.00866	0.00632	0.00268	0.00697
22	0.01120	0.00954	0.01100	0.00802	0.01253	0.00760	0.00641	0.03605	0.06007	0.01774	0.01011	0.01140	0.00827	0.00413	0.00399	0.00086	0.00393	0.00331	0.00329	0.77056
23	0.00986	0.00924	0.01556	0.74054	0.07055	0.01136	0.01421	0.01323	0.01047	0.01348	0.00994	0.04106	0.00794	0.00556	0.00525	0.00174	0.00677	0.00498	0.00241	0.00585
24	0.00633	0.00458	0.00600	0.00713	0.00752	0.00424	0.00478	0.00726	0.01009	0.01334	0.03016	0.76739	0.07969	0.01613	0.00662	0.00209	0.00300	0.01457	0.00483	0.00424
25	0.01384	0.03797	0.01198	0.00995	0.01285	0.01184	0.00784	0.11650	0.46605	0.09011	0.09278	0.04833	0.01837	0.03038	0.00594	0.00180	0.00423	0.00628	0.00525	0.00772
26	0.01376	0.78235	0.06360	0.00919	0.01380	0.02020	0.00940	0.01564	0.01060	0.01245	0.00734	0.00848	0.00668	0.00448	0.00342	0.00114	0.00567	0.00284	0.00223	0.00673
27	0.02336	0.00886	0.01209	0.00927	0.01329	0.00765	0.00765	0.02538	0.01491	0.78810	0.02055	0.01773	0.01289	0.00645	0.00524	0.00161	0.00443	0.00524	0.00645	0.00886
28	0.00635	0.00464	0.00594	0.00696	0.00744	0.00427	0.00468	0.00729	0.01015	0.01331	0.03141	0.69676	0.12834	0.03704	0.00711	0.00215	0.00303	0.01413	0.00479	0.00422
29	0.01744	0.01392	0.01465	0.01173	0.01539	0.05823	0.03059	0.49526	0.20223	0.02780	0.01445	0.01470	0.01073	0.02711	0.00575	0.00169	0.00556	0.00502	0.01948	0.00829
30	0.01705	0.02084	0.01687	0.01437	0.01719	0.55896	0.12525	0.03336	0.01371	0.01368	0.00883	0.01102	0.00736	0.00771	0.05817	0.00193	0.06083	0.00403	0.00271	0.00613
31	0.01000	0.00947	0.01576	0.73539	0.05057	0.01188	0.01429	0.01331	0.01028	0.01333	0.00911	0.01370	0.00696	0.00545	0.00599	0.00177	0.05996	0.00462	0.00232	0.00583
32	0.01280	0.01228	0.02098	0.05451	0.76265	0.01235	0.01594	0.01590	0.01182	0.01691	0.00978	0.01292	0.00821	0.00466	0.00516	0.00155	0.00621	0.00464	0.00257	0.00818
33	0.00825	0.02774	0.00774	0.00676	0.00828	0.00568	0.00517	0.01100	0.04031	0.04897	0.65244	0.03744	0.09967	0.01039	0.00600	0.00164	0.00269	0.00908	0.00558	0.00518
34	0.01322	0.59914	0.20176	0.01099	0.03643	0.03519	0.01150	0.01592	0.01080	0.01336	0.00781	0.00910	0.00671	0.00459	0.00379	0.00125	0.00616	0.00309	0.00224	0.00694
35	0.01389	0.02374	0.01018	0.00827	0.01088	0.00803	0.00659	0.13045	0.05278	0.22877	0.36040	0.02836	0.07821	0.00872	0.00566	0.00162	0.00364	0.00737	0.00570	0.00674
36	0.01687	0.00784	0.01027	0.00844	0.01139	0.00717	0.00675	0.02016	0.08229	0.45269	0.28593	0.02526	0.02579	0.00796	0.00556	0.00163	0.00372	0.00675	0.00610	0.00743
37	0.01220	0.01384	0.02984	0.03868	0.02689	0.01324	0.72064	0.01645	0.01209	0.01645	0.01037	0.01394	0.00784	0.00459	0.00654	0.00178	0.03901	0.00605	0.00261	0.00695
38	0.08850	0.50445	0.18267	0.01014	0.01507	0.04362	0.01073	0.01656	0.01093	0.06374	0.00856	0.00955	0.00697	0.00475	0.00383	0.00131	0.00593	0.00318	0.00260	0.00692
39	0.00696	0.00495	0.00663	0.00770	0.00820	0.00478	0.00557	0.00816	0.01018	0.01351	0.02690	0.54676	0.03138	0.08403	0.03533	0.00264	0.00397	0.18344	0.00461	0.00428
40	0.00983	0.00912	0.01529	0.75891	0.03433	0.01139	0.01403	0.01304	0.01023	0.01313	0.00920	0.01391	0.00702	0.00577	0.00601	0.03384	0.02236	0.00462	0.00231	0.00565
41	0.38718	0.11322	0.03421	0.06265	0.01425	0.02847	0.04303	0.03111	0.01132	0.18966	0.03342	0.01218	0.00895	0.00536	0.00415	0.00156	0.00493	0.00389	0.00379	0.00666
42	0.00615	0.00528	0.00528	0.00528	0.00703	0.00440	0.00396	0.00747	0.01187	0.01407	0.05276	0.05012	0.78238	0.01319	0.00615	0.00176	0.00264	0.01099	0.00484	0.00440
43	0.00634	0.00453	0.00604	0.00725	0.00755	0.00423	0.00483	0.00725	0.00997	0.01329	0.02870	0.81358	0.03444	0.01632	0.00665	0.00211	0.00302	0.01480	0.00483	0.00423
44	0.00683	0.00573	0.00604	0.00622	0.00767	0.02074	0.00456	0.00863	0.03865	0.01469	0.10060	0.21433	0.50940	0.01332	0.00622	0.00183	0.00293	0.02216	0.00488	0.00457
45	0.01036	0.00960	0.01513	0.66985	0.04547	0.01180	0.01354	0.01555	0.12717	0.01466	0.01109	0.01471	0.00833	0.00548	0.00522	0.00174	0.00650	0.00482	0.00277	0.00620
46	0.00615	0.00528	0.00528	0.00528	0.00703	0.00440	0.00396	0.00747	0.01187	0.01407	0.05276	0.05012	0.78238	0.01319	0.00615	0.00176	0.00264	0.01099	0.00484	0.00440
47	0.79558	0.02398	0.03124	0.02544	0.01109	0.01184	0.00630	0.01530	0.00899	0.02275	0.00736	0.00866	0.00572	0.00484	0.00332	0.00161	0.00423	0.00289	0.00316	0.00572
48	0.00983	0.00926	0.01562	0.80447	0.03587	0.01157	0.01446	0.01331	0.01041	0.01331	0.00926	0.01388	0.00694	0.00521	0.00521	0.00174	0.00694	0.00463	0.00231	0.00579
49	0.00755	0.00516	0.00623	0.00623	0.00643	0.00535	0.00385	0.00793	0.00774	0.01051	0.01590	0.03127	0.01771	0.65662	0.18520	0.00573	0.00688	0.00716	0.00308	0.00346
50	0.01357	0.01326	0.02058	0.04295	0.66960	0.06266	0.03138	0.05202	0.01263	0.01742	0.00982	0.01269	0.00815	0.00477	0.00515	0.00154	0.00644	0.00459	0.00271	0.00807
51	0.01980	0.01459	0.01563	0.01198	0.01615	0.01615	0.00990	0.76713	0.02448	0.03282	0.01250	0.01250	0.00886	0.00625	0.00521	0.00156	0.00573	0.00469	0.00521	0.00886
52	0.00642	0.00462	0.00611	0.00727	0.00767	0.00431	0.00495	0.00741	0.01013	0.01342	0.02957	0.75297	0.06260	0.01612	0.00665	0.00211	0.00308	0.04549	0.00483	0.00426
53	0.01045	0.02694	0.79000	0.01484	0.02254	0.01209	0.01924	0.01649	0.01099	0.01649	0.00935	0.01099	0.00660	0.00495	0.00495	0.00165	0.00770	0.00385	0.00220	0.00770
54	0.01051	0.00789	0.01201	0.01049	0.01258	0.00766	0.13276	0.08681	0.03886	0.08032	0.08918	0.36735	0.04896	0.01149	0.00624	0.00191	0.00446	0.06003	0.00473	0.00577
55	0.01177	0.01257	0.02113	0.01648	0.01887	0.05441	0.31817	0.01432	0.01013	0.01419	0.00914	0.01331	0.00790	0.01009	0.09264	0.00265	0.35834	0.00525	0.00250	0.00615
56	0.00744	0.00558	0.00837	0.00837	0.00930	0.00651	0.00651	0.00930	0.00837	0.01209	0.01395	0.02046	0.01302	0.03906	0.79635	0.00837	0.01395	0.00558	0.00279	0.00465
57	0.01358	0.01098	0.01166	0.01020	0.01323	0.01234	0.00802	0.13150	0.56246	0.04866	0.02320	0.02156	0.09427	0.00756	0.00537	0.00173	0.00421	0.00622	0.00528	0.00795
58	0.01267	0.01227	0.02003	0.09920	0.66918	0.03609	0.01542	0.01572	0.01182	0.01651	0.01028	0.01437	0.00880	0.00503	0.00521	0.00159	0.00631	0.02902	0.00263	0.00785
59	0.00721	0.00533	0.00670	0.00653	0.00778	0.00488	0.00492	0.00935	0.01372	0.01884	0.56392	0.06385	0.17086	0.03617	0.00685	0.00183	0.00274	0.05837	0.00541	0.00475
60	0.03486	0.01089	0.01564	0.18659	0.01843	0.01487	0.01190	0.01278	0.00853	0.01301	0.00738	0.01186	0.00683	0.00814	0.01410	0.00214	0.60951	0.00452	0.00231	0.00571
61	0.00690	0.00492	0.00635	0.00709	0.00784	0.00454	0.00503	0.00822	0.01117	0.02722	0.14709	0.53071	0.13222	0.01475	0.00652	0.00201	0.00303	0.06495	0.00500	0.00447
62	0.01257	0.01239	0.03611	0.10016	0.70276	0.01230	0.01591	0.01576	0.01171	0.01667	0.00974	0.01294	0.00810	0.00470	0.00516	0.00157	0.00628	0.00462	0.00255	0.00802
63	0.01124	0.00948	0.01102	0.00797	0.01249	0.00746	0.00639	0.05647	0.01153	0.01778	0.00955	0.01111	0.00789	0.00476	0.02120	0.00098	0.00418	0.00323	0.00320	0.78204
64	0.00623	0.00497	0.00559	0.00609	0.00725	0.00433	0.00432	0.00738	0.01109	0.01375	0.04284	0.36487	0.47403	0.01448	0.00636	0.00191	0.00280	0.01256	0.00484	0.00433
65	0.01223	0.01177	0.02026	0.19427	0.60482	0.01223	0.03754	0.01544	0.01157	0.01622	0.00970	0.01313	0.00796	0.00475	0.00520	0.00159	0.00642	0.00468	0.00252	0.00769
66	0.01182	0.01245	0.02294	0.22769	0.20548	0.04189	0.33527	0.01542	0.01174	0.01561	0.01112	0.03043	0.02321	0.00511	0.00562	0.00169	0.00748	0.00556	0.00263	0.00684
67	0.00650	0.00474	0.00635	0.00745	0.00774	0.00459	0.00503	0.00741	0.00991	0.01327	0.02803	0.78902	0.03360	0.01609	0.00697	0.00212	0.02765	0.01449	0.00476	0.00427
68	0.00905	0.00452	0.00678	0.00678	0.00678	0.00452	0.00452	0.00678	0.00678	0.00905	0.00905	0.01583	0.00905	0.01809	0.02035	0.84848	0.00452	0.00452	0.00226	0.00226
69	0.02679	0.13383	0.67219	0.01389	0.02106	0.01324	0.01759	0.01635	0.01090	0.01605	0.00902	0.01059	0.00659	0.00488	0.00470	0.00158	0.00734	0.00369	0.00222	0.00752
70	0.04475	0.57849	0.18974	0.03254	0.01573	0.01785	0.01108	0.01559	0.01069	0.01380	0.02438	0.00974	0.00754	0.00473	0.00380	0.00128	0.00594	0.00321	0.00234	0.00680
71	0.00756	0.00511	0.00597	0.00597	0.00607	0.00521	0.00352	0.00776	0.00766	0.01031	0.01614	0.03260	0.01829	0.73257	0.11004	0.00541	0.00601	0.00736	0.00312	0.00332
72	0.01282	0.50551	0.30601	0.01122	0.01681	0.04124	0.01273	0.01608	0.01086	0.01382	0.00804	0.00935	0.00665	0.00466	0.00397	0.00132	0.00646	0.00319	0.00223	0.00703
73	0.01448	0.01005	0.01156	0.00995	0.01252	0.01076	0.00782	0.34631	0.06770	0.09231	0.04825	0.26465	0.01968	0.00991	0.00607	0.00180	0.02567	0.02832	0.00514	0.00704
74	0.05168	0.01063	0.01693	0.39719	0.30922	0.01189	0.01392	0.06245	0.01195	0.01672	0.04133	0.01420	0.00922	0.00527	0.00513	0.00164	0.00626	0.00475	0.00278	0.00685
