[name]
unknown

[dist]
# distance from previous block
# <min> <max>
0	72

[block]
# block no. 0 follows, 41 sequences, length 15
# corresponding to MSA columns:
# 89-103
name=unknown_A
#
# <colnr> <probs for GDERKNQSTAVLIFYWHMCP>
#	G	D	E	R	K	N	Q	S	T	A	V	L	I	F	Y	W	H	M	C	P
0	0.00817	0.00548	0.00628	0.00643	0.00647	0.00544	0.00367	0.00828	0.00861	0.01148	0.01953	0.12208	0.02270	0.71173	0.02668	0.00519	0.00530	0.00921	0.00367	0.00360
1	0.01080	0.01017	0.01716	0.78523	0.03940	0.01271	0.01589	0.01461	0.01144	0.01461	0.01017	0.01525	0.00762	0.00572	0.00572	0.00191	0.00762	0.00508	0.00254	0.00635
2	0.02174	0.01602	0.01717	0.01316	0.01774	0.01774	0.01087	0.74423	0.02689	0.03605	0.01373	0.01373	0.00973	0.00687	0.00572	0.00172	0.00629	0.00515	0.00572	0.00973
3	0.01597	0.27837	0.12089	0.01556	0.08987	0.08564	0.10175	0.04844	0.01344	0.08762	0.01077	0.01233	0.00847	0.00551	0.00549	0.00155	0.03682	0.00435	0.00321	0.05395
4	0.02547	0.01005	0.01347	0.01033	0.01476	0.00887	0.00853	0.06381	0.01690	0.73058	0.02212	0.01918	0.01394	0.00707	0.00575	0.00177	0.00494	0.00572	0.00701	0.00973
5	0.02434	0.01064	0.01369	0.01063	0.01498	0.00991	0.00873	0.10882	0.07450	0.62737	0.02163	0.01897	0.01391	0.00711	0.00575	0.00178	0.00500	0.00574	0.00683	0.00968
6	0.00697	0.00498	0.00664	0.00796	0.00830	0.00465	0.00531	0.00796	0.01095	0.01460	0.03153	0.79525	0.03783	0.01792	0.00730	0.00232	0.00332	0.01626	0.00531	0.00465
7	0.01271	0.09213	0.54203	0.01850	0.12258	0.01404	0.05947	0.01827	0.01238	0.04098	0.01059	0.01252	0.00779	0.00536	0.00540	0.00175	0.00799	0.00443	0.00264	0.00844
8	0.02465	0.00980	0.01309	0.01009	0.01441	0.00861	0.00832	0.05496	0.01663	0.70442	0.02383	0.02087	0.04803	0.00741	0.00580	0.00178	0.00483	0.00602	0.00695	0.00951
9	0.00685	0.00543	0.00617	0.00676	0.00798	0.00475	0.00478	0.00810	0.01211	0.01507	0.04616	0.38510	0.43853	0.01602	0.00700	0.00211	0.00309	0.01394	0.00531	0.00475
10	0.01747	0.01143	0.05620	0.12756	0.01891	0.01074	0.04013	0.10511	0.09831	0.29402	0.05328	0.10762	0.01695	0.00819	0.00600	0.00188	0.00553	0.00703	0.00543	0.00822
11	0.01678	0.01415	0.03390	0.08628	0.34115	0.06610	0.01370	0.15022	0.03287	0.11246	0.01427	0.01585	0.03296	0.00609	0.00563	0.00169	0.00655	0.00525	0.00401	0.04007
12	0.02092	0.01032	0.01420	0.01149	0.01442	0.01089	0.00946	0.02279	0.01388	0.51054	0.01859	0.05473	0.01335	0.00846	0.00964	0.00201	0.23416	0.00604	0.00565	0.00847
13	0.04362	0.01269	0.01477	0.11844	0.01870	0.01386	0.01024	0.40920	0.04727	0.11335	0.01840	0.08336	0.05435	0.00808	0.00585	0.00182	0.00575	0.00652	0.00532	0.00842
14	0.04393	0.10282	0.44163	0.06617	0.04148	0.01429	0.05524	0.01740	0.01180	0.04272	0.01068	0.03129	0.00836	0.00615	0.00661	0.00184	0.08234	0.00469	0.00274	0.00783

[dist]
# distance from previous block
# <min> <max>
0	25

[block]
# block no. 1 follows, 41 sequences, length 43
# corresponding to MSA columns:
# 129-171
name=unknown_B
#
# <colnr> <probs for GDERKNQSTAVLIFYWHMCP>
#	G	D	E	R	K	N	Q	S	T	A	V	L	I	F	Y	W	H	M	C	P
0	0.04089	0.21612	0.32456	0.01344	0.01934	0.09870	0.04192	0.01935	0.01295	0.11814	0.01187	0.03775	0.00924	0.00595	0.00506	0.00164	0.00735	0.00454	0.00326	0.00793
1	0.13216	0.01358	0.06918	0.12959	0.41126	0.01293	0.01474	0.04080	0.01272	0.03756	0.01058	0.01342	0.00843	0.00528	0.00525	0.00169	0.00644	0.00465	0.00310	0.06666
2	0.01044	0.00854	0.00985	0.02776	0.03984	0.03795	0.00691	0.01433	0.09584	0.04307	0.31984	0.04976	0.16172	0.01012	0.00616	0.00171	0.00386	0.02221	0.00528	0.12479
3	0.01531	0.01104	0.01514	0.06126	0.04582	0.00957	0.07199	0.06407	0.01385	0.16362	0.01293	0.01406	0.00963	0.00513	0.00499	0.00127	0.00527	0.00442	0.00413	0.46649
4	0.01807	0.03880	0.01612	0.04324	0.01730	0.46109	0.01101	0.06488	0.05902	0.01593	0.01119	0.01322	0.02562	0.00841	0.03835	0.00202	0.14119	0.00449	0.00325	0.00681
5	0.00704	0.00521	0.00658	0.00750	0.00822	0.00475	0.00515	0.00828	0.01182	0.01555	0.10611	0.59149	0.16795	0.01671	0.00715	0.00220	0.00318	0.01495	0.00540	0.00475
6	0.01382	0.00712	0.00927	0.00806	0.01048	0.00631	0.00628	0.01613	0.01565	0.27331	0.39293	0.06601	0.12976	0.01073	0.00643	0.00183	0.00348	0.00924	0.00640	0.00676
7	0.00697	0.00498	0.00664	0.00796	0.00830	0.00465	0.00531	0.00796	0.01095	0.01460	0.03153	0.79525	0.03783	0.01792	0.00730	0.00232	0.00332	0.01626	0.00531	0.00465
8	0.00817	0.00613	0.00919	0.00919	0.01021	0.00715	0.00715	0.01021	0.00919	0.01328	0.01532	0.02247	0.01430	0.04290	0.77631	0.00919	0.01532	0.00613	0.00306	0.00511
9	0.02137	0.02726	0.01621	0.01474	0.01768	0.77602	0.01105	0.02284	0.01621	0.01400	0.00884	0.01031	0.00737	0.00589	0.00516	0.00147	0.01031	0.00368	0.00295	0.00663
10	0.00817	0.00613	0.00919	0.00919	0.01021	0.00715	0.00715	0.01021	0.00919	0.01328	0.01532	0.02247	0.01430	0.04290	0.77631	0.00919	0.01532	0.00613	0.00306	0.00511
11	0.01186	0.01017	0.01186	0.00847	0.01356	0.00762	0.00678	0.01440	0.01186	0.01864	0.01017	0.01186	0.00847	0.00424	0.00424	0.00085	0.00424	0.00339	0.00339	0.83395
12	0.02043	0.01537	0.01643	0.01290	0.01724	0.01713	0.01056	0.61989	0.15336	0.03394	0.01540	0.01506	0.01107	0.00702	0.00574	0.00176	0.00599	0.00538	0.00574	0.00961
13	0.00822	0.00550	0.00627	0.00637	0.00640	0.00548	0.00361	0.00829	0.00852	0.01136	0.01905	0.09526	0.02210	0.73938	0.02745	0.00530	0.00538	0.00892	0.00361	0.00356
14	0.02258	0.01469	0.01634	0.01253	0.01707	0.01576	0.01035	0.59224	0.02466	0.19119	0.01561	0.01495	0.01067	0.00691	0.00573	0.00173	0.00599	0.00528	0.00601	0.00973
15	0.80603	0.01101	0.00861	0.00763	0.01121	0.01265	0.00629	0.01727	0.01001	0.05606	0.00856	0.00971	0.00652	0.00538	0.00363	0.00177	0.00444	0.00321	0.00368	0.00634
16	0.05136	0.01002	0.01327	0.01021	0.01461	0.00891	0.00843	0.05498	0.01656	0.71569	0.02176	0.01893	0.01374	0.00702	0.00568	0.00177	0.00491	0.00564	0.00692	0.00962
17	0.00818	0.00568	0.00702	0.00707	0.00741	0.00591	0.00453	0.00880	0.00880	0.01194	0.01909	0.06309	0.04305	0.54552	0.22406	0.00627	0.00795	0.00816	0.00349	0.00399
18	0.07310	0.01346	0.01523	0.01174	0.01620	0.01408	0.00970	0.44198	0.02206	0.29857	0.01656	0.01553	0.01111	0.00685	0.00560	0.00174	0.00567	0.00524	0.00608	0.00951
19	0.02554	0.00993	0.01340	0.01027	0.01470	0.00870	0.00848	0.05015	0.01670	0.74453	0.02229	0.01929	0.01402	0.00707	0.00575	0.00177	0.00491	0.00573	0.00704	0.00973
20	0.00697	0.00498	0.00664	0.00796	0.00830	0.00465	0.00531	0.00796	0.01095	0.01460	0.03153	0.79525	0.03783	0.01792	0.00730	0.00232	0.00332	0.01626	0.00531	0.00465
21	0.01134	0.00627	0.00746	0.00692	0.00770	0.00604	0.00433	0.01172	0.00972	0.14280	0.01881	0.03430	0.01964	0.66105	0.02504	0.00489	0.00543	0.00787	0.00410	0.00456
22	0.02495	0.00989	0.01325	0.01027	0.01462	0.00877	0.00845	0.02803	0.06205	0.72117	0.02261	0.01958	0.01436	0.00712	0.00576	0.00178	0.00485	0.00580	0.00700	0.00969
23	0.01247	0.07666	0.01804	0.07731	0.01678	0.01703	0.01225	0.01444	0.03046	0.01408	0.00853	0.01312	0.00807	0.01053	0.04715	0.00261	0.60654	0.00494	0.00262	0.00639
24	0.00711	0.00517	0.00702	0.03658	0.00944	0.00494	0.00570	0.00821	0.01097	0.01460	0.03074	0.76653	0.03672	0.01747	0.00724	0.00231	0.00348	0.01585	0.00521	0.00471
25	0.00826	0.00577	0.00740	0.00740	0.00780	0.00617	0.00491	0.00906	0.00866	0.01195	0.01696	0.03156	0.01825	0.50243	0.32218	0.00698	0.00938	0.00746	0.00331	0.00411
26	0.01229	0.01221	0.01709	0.01474	0.01475	0.01701	0.01223	0.01353	0.00885	0.01380	0.00847	0.04377	0.00872	0.01033	0.01831	0.00250	0.75716	0.00546	0.00261	0.00619
27	0.01853	0.01442	0.01736	0.11370	0.02063	0.01605	0.05616	0.50130	0.09785	0.03013	0.01424	0.01516	0.01038	0.00756	0.02462	0.00195	0.00665	0.00540	0.01900	0.00891
28	0.01201	0.01111	0.01706	0.57747	0.03288	0.03512	0.01478	0.01518	0.01122	0.04302	0.01006	0.01471	0.00784	0.00665	0.00836	0.00201	0.16628	0.00505	0.00272	0.00647
29	0.00763	0.00585	0.00787	0.03932	0.00996	0.00600	0.00617	0.00886	0.01116	0.01500	0.07468	0.60171	0.07072	0.03839	0.00864	0.00236	0.06163	0.01418	0.00500	0.00486
30	0.05747	0.04503	0.01655	0.15344	0.02074	0.40883	0.04131	0.03142	0.01393	0.01526	0.01084	0.07181	0.00980	0.00704	0.00650	0.00173	0.07361	0.00511	0.00308	0.00650
31	0.00852	0.00669	0.00928	0.16563	0.01504	0.00703	0.00766	0.03998	0.02550	0.01581	0.04233	0.52100	0.06995	0.02884	0.00725	0.00223	0.00434	0.01286	0.00476	0.00528
32	0.01252	0.01067	0.01324	0.14417	0.01841	0.00938	0.00871	0.07688	0.01307	0.01943	0.01047	0.01261	0.00843	0.00472	0.00462	0.00111	0.00500	0.00383	0.00344	0.61928
33	0.01023	0.00648	0.00758	0.00743	0.00854	0.00690	0.00546	0.06227	0.01190	0.01848	0.01979	0.17263	0.01916	0.10785	0.10234	0.00307	0.04289	0.00788	0.37384	0.00530
34	0.00697	0.00498	0.00664	0.00796	0.00830	0.00465	0.00531	0.00796	0.01095	0.01460	0.03153	0.79525	0.03783	0.01792	0.00730	0.00232	0.00332	0.01626	0.00531	0.00465
35	0.00893	0.00655	0.00768	0.00722	0.00902	0.00605	0.00546	0.04803	0.02959	0.04469	0.38630	0.08723	0.30673	0.01259	0.00668	0.00187	0.00310	0.01082	0.00587	0.00558
36	0.00697	0.00498	0.00664	0.00796	0.00830	0.00465	0.00531	0.00796	0.01095	0.01460	0.03153	0.79525	0.03783	0.01792	0.00730	0.00232	0.00332	0.01626	0.00531	0.00465
37	0.01186	0.01017	0.01186	0.00847	0.01356	0.00762	0.00678	0.01440	0.01186	0.01864	0.01017	0.01186	0.00847	0.00424	0.00424	0.00085	0.00424	0.00339	0.00339	0.83395
38	0.00874	0.00590	0.00669	0.00657	0.00675	0.00599	0.00383	0.03156	0.00894	0.01196	0.01779	0.03613	0.02021	0.74620	0.05588	0.00556	0.00593	0.00814	0.00352	0.00372
39	0.02174	0.01602	0.01717	0.01316	0.01774	0.01774	0.01087	0.74423	0.02689	0.03605	0.01373	0.01373	0.00973	0.00687	0.00572	0.00172	0.00629	0.00515	0.00572	0.00973
40	0.02136	0.01495	0.01630	0.01261	0.01696	0.01632	0.01035	0.64722	0.02515	0.09628	0.01507	0.03702	0.01114	0.02429	0.00627	0.00182	0.00607	0.00559	0.00578	0.00945
41	0.00851	0.00594	0.00768	0.00722	0.00867	0.00544	0.00542	0.01108	0.01589	0.04407	0.68199	0.06115	0.09157	0.01187	0.00673	0.00182	0.00279	0.01045	0.00624	0.00547
42	0.01176	0.04756	0.48551	0.01362	0.01989	0.01189	0.01600	0.01673	0.01259	0.05389	0.10406	0.01778	0.04320	0.00680	0.00630	0.00176	0.05310	0.00530	0.00330	0.06896

[dist]
# distance from previous block
# <min> <max>
0	2

[block]
# block no. 2 follows, 41 sequences, length 10
# corresponding to MSA columns:
# 174-182,184
name=unknown_C
#
# <colnr> <probs for GDERKNQSTAVLIFYWHMCP>
#	G	D	E	R	K	N	Q	S	T	A	V	L	I	F	Y	W	H	M	C	P
0	0.01322	0.01012	0.01200	0.00864	0.01366	0.00770	0.00694	0.01573	0.01231	0.09235	0.01139	0.01261	0.00903	0.00452	0.00439	0.00094	0.00430	0.00362	0.00375	0.75279
1	0.00789	0.00536	0.00637	0.00679	0.00690	0.00526	0.00405	0.00821	0.00916	0.01221	0.02233	0.27928	0.02623	0.54971	0.02215	0.00452	0.00483	0.01085	0.00405	0.00384
2	0.01179	0.01046	0.01668	0.67462	0.03580	0.01280	0.01488	0.08299	0.01270	0.01641	0.01049	0.01521	0.00794	0.00652	0.00653	0.04241	0.00737	0.00508	0.00284	0.00648
3	0.01142	0.05259	0.00975	0.00775	0.00980	0.00688	0.00604	0.01383	0.01552	0.14710	0.53240	0.03722	0.07551	0.04031	0.00724	0.00191	0.00338	0.00915	0.00605	0.00614
4	0.05644	0.07906	0.51660	0.01607	0.06022	0.03363	0.04892	0.01902	0.01255	0.08964	0.01120	0.01264	0.00802	0.00552	0.00530	0.00175	0.00776	0.00437	0.00298	0.00833
5	0.01529	0.80242	0.02997	0.00979	0.01468	0.02263	0.00979	0.01713	0.01162	0.01346	0.00795	0.00918	0.00734	0.00489	0.00367	0.00122	0.00612	0.00306	0.00245	0.00734
6	0.00748	0.00521	0.00655	0.00735	0.00761	0.00498	0.00469	0.00822	0.01030	0.01380	0.06076	0.50441	0.03283	0.28142	0.01464	0.00339	0.00404	0.01330	0.00473	0.00428
7	0.01191	0.01093	0.08316	0.07403	0.08487	0.04110	0.00951	0.05205	0.03060	0.01925	0.01528	0.04176	0.01263	0.01071	0.08749	0.00243	0.05140	0.00553	0.34895	0.00644
8	0.05240	0.04291	0.00896	0.00768	0.00970	0.00805	0.00577	0.04655	0.10641	0.03945	0.09852	0.12044	0.29585	0.12095	0.00941	0.00241	0.00393	0.00979	0.00506	0.00575
9	0.06995	0.12217	0.34914	0.01345	0.01957	0.06429	0.05376	0.01908	0.01287	0.12780	0.01338	0.01427	0.03671	0.00587	0.00516	0.00166	0.00709	0.00457	0.00341	0.05582

[dist]
# distance from previous block
# <min> <max>
0	2

[block]
# block no. 3 follows, 41 sequences, length 18
# corresponding to MSA columns:
# 187-204
name=unknown_D
#
# <colnr> <probs for GDERKNQSTAVLIFYWHMCP>
#	G	D	E	R	K	N	Q	S	T	A	V	L	I	F	Y	W	H	M	C	P
0	0.79629	0.01099	0.00866	0.00766	0.01125	0.01260	0.00631	0.01740	0.01009	0.06493	0.00874	0.00983	0.00662	0.00540	0.00366	0.00177	0.00445	0.00324	0.00373	0.00638
1	0.00756	0.00534	0.00659	0.00724	0.00768	0.00507	0.00473	0.00842	0.01067	0.01419	0.08549	0.41059	0.08340	0.28051	0.01459	0.00335	0.00404	0.03145	0.00476	0.00434
2	0.01300	0.07859	0.36128	0.02056	0.14256	0.03670	0.18866	0.01791	0.01247	0.01756	0.01029	0.01296	0.00790	0.00546	0.00636	0.00181	0.05028	0.00490	0.00262	0.00813
3	0.01457	0.01361	0.01594	0.23629	0.10876	0.09254	0.01228	0.09417	0.29115	0.02066	0.01637	0.01758	0.02755	0.00673	0.00571	0.00183	0.00642	0.00561	0.00422	0.00801
4	0.01046	0.00538	0.00557	0.00555	0.00687	0.00540	0.00417	0.01311	0.01207	0.02110	0.04920	0.02225	0.01627	0.00821	0.03254	0.00164	0.00313	0.00557	0.76619	0.00533
5	0.00817	0.00613	0.00919	0.00919	0.01021	0.00715	0.00715	0.01021	0.00919	0.01328	0.01532	0.02247	0.01430	0.04290	0.77631	0.00919	0.01532	0.00613	0.00306	0.00511
6	0.00737	0.00517	0.00665	0.00767	0.00797	0.00493	0.00505	0.00820	0.01044	0.01390	0.02840	0.59310	0.03375	0.19583	0.01230	0.00307	0.00390	0.04301	0.00489	0.00440
7	0.00708	0.00504	0.00667	0.00786	0.00823	0.00472	0.00525	0.00812	0.01112	0.01490	0.06855	0.72870	0.03804	0.04626	0.00807	0.00241	0.00337	0.01566	0.00529	0.00464
8	0.01529	0.80242	0.02997	0.00979	0.01468	0.02263	0.00979	0.01713	0.01162	0.01346	0.00795	0.00918	0.00734	0.00489	0.00367	0.00122	0.00612	0.00306	0.00245	0.00734
9	0.00832	0.00555	0.00624	0.00624	0.00624	0.00555	0.00347	0.00832	0.00832	0.01109	0.01802	0.03743	0.02080	0.79898	0.02911	0.00555	0.00555	0.00832	0.00347	0.00347
10	0.00822	0.00578	0.00702	0.00709	0.00850	0.00514	0.00517	0.00998	0.01364	0.05587	0.27761	0.25994	0.28664	0.01418	0.00686	0.00199	0.00305	0.01238	0.00572	0.00521
11	0.65344	0.01034	0.00867	0.00758	0.01101	0.01139	0.00616	0.01584	0.01074	0.02461	0.09932	0.01361	0.01222	0.00597	0.00400	0.00168	0.00420	0.00401	0.00386	0.09137
12	0.01219	0.01028	0.01195	0.00869	0.01358	0.00803	0.00693	0.05128	0.01259	0.01938	0.01110	0.03945	0.00957	0.00485	0.00442	0.00094	0.00431	0.00393	0.00357	0.76293
13	0.03967	0.01428	0.02110	0.08151	0.58404	0.07984	0.01592	0.01762	0.01303	0.01821	0.01043	0.01362	0.00869	0.00517	0.00548	0.00165	0.00694	0.00481	0.00288	0.05511
14	0.40029	0.15574	0.06882	0.04271	0.03918	0.11154	0.00938	0.03777	0.01179	0.02048	0.00983	0.05175	0.00855	0.00604	0.00432	0.00167	0.00597	0.00415	0.00328	0.00673
15	0.00831	0.00558	0.00642	0.00642	0.00648	0.00564	0.00369	0.00843	0.00837	0.01122	0.01786	0.03653	0.02040	0.75319	0.07437	0.00577	0.00614	0.00819	0.00344	0.00357
16	0.02367	0.03576	0.01366	0.01025	0.01441	0.00936	0.00843	0.08430	0.01668	0.62929	0.02201	0.07430	0.01527	0.00777	0.00579	0.00179	0.00491	0.00637	0.00669	0.00929
17	0.04647	0.04186	0.04492	0.00932	0.02577	0.00883	0.00739	0.09274	0.03339	0.13120	0.17353	0.13034	0.04153	0.09200	0.00831	0.00220	0.00443	0.02084	0.07833	0.00659

[dist]
# distance from previous block
# <min> <max>
2	6

[block]
# block no. 4 follows, 41 sequences, length 18
# corresponding to MSA columns:
# 211-228
name=unknown_E
#
# <colnr> <probs for GDERKNQSTAVLIFYWHMCP>
#	G	D	E	R	K	N	Q	S	T	A	V	L	I	F	Y	W	H	M	C	P
0	0.01356	0.05533	0.01260	0.01131	0.07009	0.01022	0.00836	0.18227	0.01620	0.08568	0.05581	0.06423	0.19592	0.05653	0.00761	0.00211	0.00489	0.11603	0.00508	0.02617
1	0.01228	0.00861	0.00826	0.00715	0.00965	0.06263	0.00551	0.05090	0.01302	0.02089	0.01569	0.01791	0.01242	0.00604	0.00423	0.00125	0.00378	0.00474	0.53364	0.20140
2	0.01349	0.01888	0.26136	0.14035	0.14910	0.01405	0.19755	0.10041	0.01418	0.01976	0.01105	0.01393	0.00824	0.00543	0.00588	0.00183	0.00810	0.00523	0.00300	0.00819
3	0.00753	0.00582	0.00686	0.00660	0.00820	0.00516	0.00495	0.00970	0.01486	0.01978	0.46372	0.04793	0.35251	0.01287	0.00675	0.00185	0.00278	0.01107	0.00588	0.00516
4	0.00698	0.00576	0.00612	0.00613	0.00788	0.00490	0.00456	0.00859	0.01340	0.01654	0.16329	0.09561	0.61194	0.01426	0.00679	0.00193	0.00289	0.01205	0.00546	0.00490
5	0.31827	0.00948	0.00991	0.00829	0.01170	0.00965	0.00674	0.04797	0.01353	0.29623	0.04214	0.01802	0.04213	0.00681	0.00474	0.00171	0.00426	0.00510	0.13593	0.00741
6	0.00832	0.00555	0.00624	0.00624	0.00624	0.00555	0.00347	0.00832	0.00832	0.01109	0.01802	0.03743	0.02080	0.79898	0.02911	0.00555	0.00555	0.00832	0.00347	0.00347
7	0.01507	0.75736	0.07308	0.01017	0.01527	0.02209	0.01045	0.01719	0.01165	0.01373	0.00809	0.00934	0.00733	0.00493	0.00377	0.00126	0.00625	0.00313	0.00244	0.00741
8	0.01251	0.01251	0.01752	0.01502	0.01502	0.01752	0.01251	0.01377	0.00876	0.01377	0.00751	0.01251	0.00751	0.01001	0.01877	0.00250	0.78851	0.00501	0.00250	0.00626
9	0.01080	0.01017	0.01716	0.78523	0.03940	0.01271	0.01589	0.01461	0.01144	0.01461	0.01017	0.01525	0.00762	0.00572	0.00572	0.00191	0.00762	0.00508	0.00254	0.00635
10	0.01414	0.01483	0.04968	0.04875	0.58268	0.06630	0.07059	0.01754	0.01313	0.01805	0.01149	0.04549	0.00998	0.00568	0.00577	0.00173	0.00719	0.00554	0.00292	0.00853
11	0.02054	0.01558	0.01648	0.04268	0.01799	0.04413	0.01066	0.63687	0.02482	0.03327	0.01350	0.01391	0.00972	0.00669	0.00558	0.00167	0.00628	0.00504	0.03875	0.03581
12	0.01821	0.01013	0.01226	0.01021	0.01361	0.01018	0.00814	0.09349	0.21641	0.32845	0.16400	0.04904	0.02305	0.00848	0.00601	0.00183	0.00445	0.00711	0.00640	0.00855
13	0.00775	0.00530	0.00688	0.00778	0.00835	0.00495	0.00528	0.00886	0.01136	0.03569	0.08393	0.59753	0.06526	0.09353	0.00935	0.00258	0.00357	0.03207	0.00525	0.00475
14	0.04942	0.01189	0.01404	0.08286	0.03511	0.01239	0.00959	0.28971	0.05889	0.15162	0.01704	0.04838	0.02922	0.00725	0.00553	0.00169	0.00539	0.02175	0.04655	0.10169
15	0.01249	0.05618	0.07984	0.29194	0.20909	0.01388	0.12042	0.01620	0.01199	0.01649	0.01019	0.01405	0.00812	0.00563	0.00666	0.00181	0.06838	0.00506	0.00269	0.04889
16	0.00924	0.00729	0.00721	0.00699	0.00905	0.04402	0.00525	0.01115	0.03563	0.07509	0.04886	0.12679	0.56554	0.01363	0.00663	0.00194	0.00352	0.01142	0.00535	0.00542
17	0.12005	0.03735	0.01353	0.02614	0.01483	0.02689	0.00823	0.15207	0.04221	0.05267	0.01133	0.01253	0.00886	0.00544	0.00519	0.00132	0.03806	0.00399	0.00399	0.41531

[dist]
# distance from previous block
# <min> <max>
0	4

[block]
# block no. 5 follows, 41 sequences, length 30
# corresponding to MSA columns:
# 235-264
name=unknown_F
#
# <colnr> <probs for GDERKNQSTAVLIFYWHMCP>
#	G	D	E	R	K	N	Q	S	T	A	V	L	I	F	Y	W	H	M	C	P
0	0.01502	0.21351	0.14328	0.05207	0.08133	0.06996	0.07550	0.13528	0.01485	0.01956	0.04889	0.01398	0.01060	0.00612	0.00597	0.00166	0.05252	0.00477	0.02737	0.00777
1	0.03659	0.03035	0.02872	0.02489	0.01125	0.01025	0.00744	0.11257	0.01341	0.02152	0.03722	0.01838	0.01313	0.00824	0.02697	0.00184	0.14332	0.00526	0.44239	0.00626
2	0.06262	0.09436	0.03520	0.01193	0.08887	0.02848	0.00888	0.07655	0.01328	0.04259	0.01187	0.05593	0.01026	0.00564	0.00467	0.00126	0.00506	0.00451	0.01954	0.41851
3	0.08324	0.13020	0.19384	0.03602	0.12557	0.01497	0.03918	0.17054	0.03327	0.04266	0.01218	0.03274	0.00978	0.00618	0.00525	0.00170	0.00660	0.02015	0.00366	0.03227
4	0.01850	0.02127	0.01731	0.16704	0.10945	0.46678	0.01274	0.08824	0.01591	0.01674	0.00978	0.01205	0.00784	0.00586	0.00538	0.00161	0.00900	0.00426	0.00311	0.00715
5	0.00721	0.00521	0.00671	0.00757	0.00817	0.00483	0.00514	0.00846	0.01181	0.01580	0.14926	0.57239	0.09764	0.06108	0.00841	0.00239	0.00331	0.01453	0.00536	0.00471
6	0.01322	0.03510	0.20098	0.01756	0.18850	0.01258	0.01361	0.02117	0.24429	0.05425	0.05917	0.02162	0.04163	0.00734	0.00582	0.00186	0.00595	0.04278	0.00425	0.00835
7	0.00756	0.00547	0.00635	0.00670	0.00732	0.00516	0.00433	0.00831	0.01044	0.01352	0.05366	0.24809	0.20668	0.35398	0.03413	0.00376	0.00443	0.01141	0.00449	0.00422
8	0.01442	0.01584	0.01667	0.16350	0.04081	0.22847	0.01251	0.01632	0.01159	0.01415	0.00991	0.01380	0.02479	0.00920	0.03964	0.00231	0.35210	0.00485	0.00273	0.00638
9	0.00807	0.00612	0.00733	0.00700	0.00859	0.00558	0.00529	0.02916	0.01518	0.02041	0.47337	0.04656	0.27764	0.03043	0.00727	0.00195	0.00301	0.03588	0.00587	0.00528
10	0.01761	0.50690	0.02473	0.01167	0.01583	0.30986	0.01027	0.01931	0.01337	0.01366	0.00829	0.00961	0.00735	0.00528	0.00424	0.00132	0.00772	0.00330	0.00264	0.00707
11	0.01036	0.00842	0.00972	0.00947	0.01126	0.00913	0.00710	0.01787	0.31334	0.01984	0.15225	0.25401	0.06852	0.02656	0.00733	0.00213	0.02667	0.03384	0.00557	0.00662
12	0.05581	0.04698	0.48046	0.05333	0.04670	0.01403	0.01721	0.11582	0.05717	0.04272	0.01167	0.01305	0.00840	0.00579	0.00538	0.00179	0.00746	0.00450	0.00327	0.00846
13	0.01361	0.01293	0.02166	0.11945	0.62764	0.01329	0.01667	0.01757	0.04427	0.01856	0.03194	0.01538	0.01049	0.00546	0.00571	0.00174	0.00668	0.00530	0.00302	0.00865
14	0.04783	0.01558	0.01598	0.01253	0.01678	0.05399	0.01025	0.60340	0.05156	0.05236	0.01413	0.01423	0.01014	0.00680	0.00554	0.00170	0.00615	0.00508	0.04677	0.00921
15	0.02174	0.01602	0.01717	0.01316	0.01774	0.01774	0.01087	0.74423	0.02689	0.03605	0.01373	0.01373	0.00973	0.00687	0.00572	0.00172	0.00629	0.00515	0.00572	0.00973
16	0.02213	0.01380	0.01563	0.01205	0.01642	0.01457	0.00992	0.51190	0.02348	0.23505	0.05353	0.01675	0.01315	0.00717	0.00578	0.00174	0.00572	0.00557	0.00612	0.00951
17	0.01310	0.01135	0.01613	0.22808	0.13723	0.02924	0.05706	0.08799	0.12719	0.04161	0.06510	0.04655	0.07835	0.00758	0.00594	0.00184	0.00602	0.00669	0.02551	0.00743
18	0.02329	0.00987	0.01293	0.01009	0.01421	0.00892	0.00827	0.07807	0.03666	0.62076	0.06997	0.02183	0.04276	0.00764	0.00585	0.00178	0.00475	0.00624	0.00684	0.00927
19	0.01084	0.00710	0.00897	0.00804	0.00996	0.00681	0.00617	0.04978	0.05962	0.09636	0.60849	0.03778	0.04577	0.01078	0.00654	0.00180	0.00319	0.00941	0.00632	0.00625
20	0.00807	0.00595	0.00861	0.00873	0.00957	0.00672	0.00655	0.00978	0.00926	0.01316	0.01720	0.09913	0.01733	0.12736	0.61588	0.00811	0.01303	0.00736	0.00333	0.00487
21	0.03758	0.22707	0.39847	0.01533	0.07225	0.04016	0.01611	0.04027	0.03227	0.01752	0.00991	0.01165	0.00773	0.00561	0.00560	0.00167	0.04597	0.00406	0.00270	0.00803
22	0.00865	0.00679	0.00992	0.00965	0.01050	0.00818	0.00751	0.01049	0.00909	0.01320	0.01463	0.02228	0.01395	0.08411	0.64996	0.00825	0.09854	0.00614	0.00303	0.00513
23	0.00831	0.00556	0.00634	0.00634	0.00637	0.00560	0.00359	0.00838	0.00835	0.01116	0.01793	0.03694	0.02058	0.77418	0.05363	0.00567	0.00587	0.00825	0.00345	0.00352
24	0.02025	0.01456	0.01568	0.01228	0.01643	0.01603	0.01005	0.61300	0.06331	0.05409	0.01531	0.03504	0.01135	0.00719	0.00564	0.00172	0.00581	0.00554	0.06749	0.00923
25	0.08370	0.03330	0.13515	0.03743	0.08257	0.16153	0.01259	0.25292	0.04169	0.08687	0.01237	0.01319	0.00906	0.00616	0.00536	0.00170	0.00716	0.00461	0.00421	0.00843
26	0.01381	0.01448	0.06381	0.12342	0.54502	0.03557	0.05610	0.03234	0.01318	0.01831	0.01148	0.01479	0.02107	0.00539	0.00572	0.00174	0.00717	0.00521	0.00288	0.00850
27	0.00748	0.00561	0.00749	0.00845	0.00874	0.00573	0.00580	0.00845	0.01064	0.01436	0.02893	0.69487	0.03455	0.05581	0.00930	0.00250	0.06662	0.01496	0.00499	0.00472
28	0.01780	0.01162	0.03425	0.01128	0.02630	0.03056	0.03010	0.18628	0.10011	0.25100	0.09587	0.07170	0.06375	0.03429	0.00677	0.00194	0.00515	0.00721	0.00579	0.00822
29	0.12718	0.24322	0.29093	0.01265	0.01848	0.03443	0.03717	0.09362	0.01345	0.04262	0.01027	0.01160	0.00785	0.00549	0.00471	0.00161	0.00683	0.00398	0.02606	0.00785

[dist]
# distance from previous block
# <min> <max>
2	9

[block]
# block no. 6 follows, 41 sequences, length 88
# corresponding to MSA columns:
# 274-361
name=unknown_G
#
# <colnr> <probs for GDERKNQSTAVLIFYWHMCP>
#	G	D	E	R	K	N	Q	S	T	A	V	L	I	F	Y	W	H	M	C	P
0	0.42168	0.11561	0.05334	0.06797	0.03032	0.01305	0.03035	0.01658	0.02364	0.04894	0.09639	0.01494	0.01286	0.00712	0.02502	0.00192	0.00541	0.00452	0.00370	0.00664
1	0.08805	0.16650	0.24920	0.01264	0.03330	0.02962	0.02970	0.01676	0.05377	0.03378	0.03235	0.08424	0.03416	0.00807	0.00590	0.00185	0.03275	0.07662	0.00354	0.00718
2	0.05420	0.05260	0.01179	0.00907	0.01201	0.03531	0.00730	0.08393	0.01504	0.24730	0.12041	0.04848	0.06574	0.03268	0.00676	0.00182	0.03813	0.00664	0.11983	0.03095
3	0.03420	0.01430	0.18849	0.01113	0.03298	0.03432	0.01044	0.06137	0.04679	0.12636	0.08083	0.06259	0.16771	0.00867	0.00580	0.00174	0.00528	0.00714	0.00462	0.09523
4	0.07439	0.01823	0.01569	0.07461	0.03763	0.26739	0.01077	0.33434	0.01971	0.02487	0.01243	0.01356	0.02322	0.00644	0.00533	0.00164	0.00740	0.00466	0.03978	0.00790
5	0.00697	0.00498	0.00664	0.00796	0.00830	0.00465	0.00531	0.00796	0.01095	0.01460	0.03153	0.79525	0.03783	0.01792	0.00730	0.00232	0.00332	0.01626	0.00531	0.00465
6	0.00713	0.00509	0.00673	0.00783	0.00826	0.00475	0.00526	0.00827	0.01142	0.01537	0.10752	0.69385	0.03902	0.04046	0.00789	0.00236	0.00332	0.01540	0.00536	0.00469
7	0.03804	0.17093	0.08812	0.01414	0.04919	0.35901	0.01170	0.10600	0.02778	0.01774	0.00992	0.01139	0.00806	0.00593	0.00543	0.00154	0.03681	0.00398	0.02691	0.00738
8	0.01411	0.02901	0.04072	0.01334	0.01715	0.01191	0.16682	0.18013	0.01565	0.04613	0.08280	0.05098	0.01498	0.00959	0.05140	0.03257	0.04967	0.00618	0.03448	0.13235
9	0.04278	0.07222	0.49905	0.01759	0.11633	0.01401	0.03289	0.01935	0.09732	0.01885	0.01162	0.01319	0.00865	0.00561	0.00536	0.00178	0.00752	0.00453	0.00291	0.00843
10	0.01379	0.61308	0.08501	0.00974	0.01425	0.01911	0.00976	0.01584	0.01152	0.01390	0.02743	0.01487	0.04466	0.07905	0.00638	0.00172	0.00603	0.00421	0.00275	0.00691
11	0.03667	0.01732	0.19898	0.14911	0.12830	0.01358	0.31646	0.01776	0.01273	0.03761	0.01111	0.01438	0.00830	0.00522	0.00601	0.00186	0.00837	0.00553	0.00284	0.00785
12	0.06937	0.36925	0.23109	0.01166	0.01710	0.05306	0.01243	0.03038	0.03986	0.06366	0.02269	0.01212	0.00905	0.00556	0.00453	0.00152	0.00656	0.00393	0.02848	0.00770
13	0.01105	0.01063	0.01843	0.70782	0.03805	0.01296	0.07109	0.01487	0.01153	0.01487	0.01021	0.01519	0.00770	0.00576	0.00613	0.00192	0.02755	0.00521	0.00257	0.00646
14	0.00792	0.00580	0.00747	0.00737	0.00866	0.00534	0.00554	0.01032	0.01515	0.02098	0.57101	0.12638	0.11506	0.01288	0.00688	0.00192	0.00295	0.05708	0.00603	0.00526
15	0.01328	0.02381	0.52415	0.01635	0.08020	0.01294	0.01766	0.10261	0.01386	0.05598	0.01232	0.03658	0.00960	0.04768	0.00680	0.00200	0.00760	0.00504	0.00320	0.00834
16	0.01467	0.03217	0.01436	0.01436	0.08637	0.20956	0.02743	0.08293	0.11702	0.01880	0.02022	0.08634	0.03640	0.00992	0.00630	0.00198	0.00664	0.20315	0.00443	0.00695
17	0.00792	0.00584	0.00743	0.00717	0.00857	0.00535	0.00541	0.01039	0.01546	0.02139	0.60899	0.06846	0.15078	0.01245	0.00681	0.00187	0.00286	0.04147	0.00609	0.00529
18	0.00702	0.00506	0.00666	0.00783	0.00829	0.00469	0.00527	0.00813	0.01132	0.01509	0.07190	0.72292	0.06977	0.01744	0.00725	0.00228	0.00327	0.01576	0.00536	0.00469
19	0.01437	0.08508	0.06904	0.08951	0.53870	0.03788	0.01647	0.04871	0.01341	0.01847	0.01050	0.01353	0.00866	0.00525	0.00546	0.00167	0.00699	0.00482	0.00288	0.00861
20	0.00826	0.00627	0.00935	0.00932	0.01029	0.00736	0.00725	0.01025	0.00922	0.01332	0.01550	0.04065	0.01468	0.04144	0.73804	0.00885	0.03536	0.00634	0.00310	0.00513
21	0.00707	0.00581	0.00625	0.00637	0.00812	0.00499	0.00483	0.00870	0.01325	0.01627	0.12536	0.09346	0.60287	0.01447	0.00686	0.00199	0.00306	0.05994	0.00541	0.00491
22	0.01154	0.02915	0.74659	0.01654	0.02492	0.01332	0.04345	0.01812	0.01212	0.01812	0.01031	0.01218	0.00729	0.00542	0.00548	0.00182	0.00849	0.00430	0.00243	0.00843
23	0.01542	0.78661	0.02969	0.00989	0.01474	0.03800	0.00981	0.01724	0.01172	0.01347	0.00797	0.00920	0.00734	0.00491	0.00370	0.00123	0.00620	0.00307	0.00246	0.00733
24	0.38702	0.00948	0.00963	0.00831	0.01163	0.00979	0.00673	0.01877	0.02904	0.24733	0.07887	0.04933	0.08162	0.00791	0.00503	0.00183	0.00426	0.02121	0.00514	0.00706
25	0.01517	0.77733	0.05398	0.01000	0.01501	0.02233	0.01016	0.01716	0.01164	0.01361	0.00803	0.00927	0.00734	0.00491	0.00373	0.00124	0.00619	0.00310	0.00245	0.00738
26	0.00699	0.00501	0.00661	0.00788	0.00824	0.00467	0.00525	0.00798	0.01094	0.01454	0.03180	0.76311	0.05301	0.03457	0.00776	0.00238	0.00336	0.01600	0.00527	0.00462
27	0.01110	0.01051	0.01743	0.64436	0.03519	0.01320	0.03758	0.01459	0.01117	0.01478	0.01008	0.01505	0.00781	0.00626	0.00738	0.00197	0.10745	0.00513	0.02258	0.00636
28	0.01178	0.01158	0.02099	0.57358	0.06336	0.01324	0.17383	0.03313	0.01232	0.01609	0.01058	0.01521	0.00796	0.00553	0.00594	0.00190	0.00800	0.00545	0.00271	0.00683
29	0.04024	0.00523	0.00754	0.00751	0.00767	0.00533	0.00508	0.00788	0.00759	0.01062	0.01004	0.01725	0.00994	0.02008	0.04593	0.77659	0.00528	0.00494	0.00254	0.00270
30	0.01695	0.01554	0.06832	0.10582	0.12924	0.03158	0.09685	0.34604	0.06149	0.02613	0.01339	0.01603	0.01024	0.00647	0.00588	0.00180	0.00700	0.02821	0.00433	0.00869
31	0.00710	0.00507	0.00666	0.00789	0.00826	0.00475	0.00529	0.00809	0.01091	0.01449	0.03132	0.71737	0.05272	0.06140	0.00852	0.00250	0.00348	0.03435	0.00521	0.00460
32	0.01270	0.01077	0.03958	0.00893	0.01394	0.00796	0.00743	0.01564	0.02852	0.06868	0.01180	0.03149	0.00971	0.00488	0.00449	0.00100	0.00442	0.00396	0.00370	0.71041
33	0.07008	0.58632	0.05444	0.01075	0.01535	0.15266	0.01021	0.01814	0.01231	0.01453	0.00820	0.00949	0.00727	0.00512	0.00399	0.00133	0.00683	0.00321	0.00260	0.00718
34	0.00942	0.00696	0.00741	0.00692	0.00922	0.00631	0.00531	0.02973	0.08077	0.07966	0.07650	0.04758	0.58737	0.01297	0.00657	0.00191	0.00328	0.01081	0.00555	0.00576
35	0.01321	0.01268	0.02049	0.27935	0.46696	0.02958	0.01638	0.01744	0.05512	0.01755	0.01124	0.01485	0.00904	0.00547	0.00568	0.00178	0.00701	0.00514	0.00291	0.00812
36	0.02109	0.01493	0.20282	0.01179	0.01712	0.01006	0.01166	0.06697	0.01577	0.50316	0.01995	0.01904	0.03007	0.00701	0.00574	0.00180	0.00581	0.02027	0.00575	0.00921
37	0.00832	0.00555	0.00624	0.00624	0.00624	0.00555	0.00347	0.00832	0.00832	0.01109	0.01802	0.03743	0.02080	0.79898	0.02911	0.00555	0.00555	0.00832	0.00347	0.00347
38	0.14862	0.01887	0.01718	0.04769	0.01867	0.31410	0.09416	0.14886	0.02791	0.03699	0.01038	0.01211	0.00809	0.00621	0.00626	0.00173	0.06681	0.00445	0.00361	0.00730
39	0.00811	0.00670	0.00707	0.00689	0.00877	0.00629	0.00515	0.01161	0.11539	0.01690	0.10613	0.04807	0.51345	0.08323	0.00865	0.00226	0.00341	0.03126	0.00530	0.00535
40	0.67347	0.01079	0.00940	0.00806	0.01178	0.01193	0.00665	0.01907	0.01109	0.17687	0.01094	0.01137	0.00782	0.00567	0.00399	0.00177	0.00451	0.00364	0.00426	0.00692
41	0.00692	0.00518	0.00643	0.00744	0.00816	0.00469	0.00508	0.00802	0.01146	0.01481	0.03791	0.61646	0.21250	0.01709	0.00717	0.00223	0.00322	0.01525	0.00531	0.00469
42	0.05318	0.03349	0.01796	0.25708	0.11580	0.08349	0.02709	0.28038	0.01775	0.04240	0.01160	0.01382	0.00865	0.00605	0.00554	0.00175	0.00708	0.00490	0.00393	0.00806
43	0.03264	0.24645	0.42986	0.01458	0.02126	0.01585	0.08431	0.01739	0.01199	0.01681	0.01123	0.01296	0.03290	0.00562	0.00534	0.00167	0.02432	0.00439	0.00260	0.00784
44	0.01052	0.01153	0.19559	0.02586	0.01282	0.00765	0.00947	0.01159	0.04108	0.01333	0.01166	0.01808	0.01056	0.01487	0.01593	0.51484	0.00579	0.03127	0.03304	0.00452
45	0.01080	0.01017	0.01716	0.78523	0.03940	0.01271	0.01589	0.01461	0.01144	0.01461	0.01017	0.01525	0.00762	0.00572	0.00572	0.00191	0.00762	0.00508	0.00254	0.00635
46	0.02239	0.01431	0.01603	0.01236	0.01684	0.01529	0.01019	0.53705	0.05550	0.21569	0.01632	0.01547	0.01115	0.00696	0.00573	0.00174	0.00587	0.00535	0.00606	0.00970
47	0.01354	0.01308	0.02244	0.15251	0.59460	0.01363	0.04370	0.01698	0.01263	0.01785	0.01058	0.01432	0.00876	0.00536	0.00619	0.00177	0.03565	0.00515	0.00278	0.00848
48	0.00717	0.00516	0.00665	0.00773	0.00819	0.00482	0.00521	0.00820	0.01104	0.01460	0.04759	0.63666	0.08545	0.08827	0.00925	0.00259	0.00354	0.03814	0.00516	0.00459
49	0.02139	0.02651	0.01627	0.01463	0.01769	0.72564	0.01104	0.07076	0.01692	0.01546	0.00917	0.01054	0.00752	0.00596	0.00519	0.00149	0.01005	0.00378	0.00313	0.00684
50	0.01101	0.00590	0.00597	0.00582	0.00727	0.00602	0.00436	0.03158	0.04408	0.02146	0.01872	0.02166	0.01486	0.03245	0.00493	0.00150	0.00293	0.00547	0.74846	0.00554
51	0.00701	0.00576	0.00613	0.00612	0.00784	0.00493	0.00453	0.00860	0.01332	0.01646	0.16433	0.08450	0.60191	0.03406	0.00735	0.00202	0.00295	0.01189	0.00542	0.00487
52	0.01424	0.01207	0.01292	0.03646	0.01540	0.01379	0.00909	0.09289	0.60788	0.02409	0.02458	0.02297	0.07194	0.00812	0.00588	0.00192	0.00467	0.00672	0.00567	0.00871
53	0.02137	0.02726	0.01621	0.01474	0.01768	0.77602	0.01105	0.02284	0.01621	0.01400	0.00884	0.01031	0.00737	0.00589	0.00516	0.00147	0.01031	0.00368	0.00295	0.00663
54	0.01217	0.01035	0.01203	0.00862	0.01368	0.00794	0.00690	0.03698	0.01233	0.01918	0.01028	0.01192	0.00851	0.00432	0.00428	0.00087	0.00430	0.00344	0.00346	0.80845
55	0.01041	0.00896	0.01239	0.01129	0.01186	0.01147	0.00896	0.03417	0.00963	0.01423	0.01322	0.06010	0.01322	0.10213	0.30203	0.00525	0.33568	0.00636	0.02309	0.00555
56	0.00856	0.00619	0.00835	0.00909	0.01037	0.00598	0.00751	0.01101	0.01384	0.01848	0.24147	0.11853	0.08196	0.01472	0.00745	0.00233	0.00423	0.41913	0.00557	0.00523
57	0.00824	0.00584	0.00774	0.00774	0.00826	0.00636	0.00534	0.00928	0.00876	0.01220	0.01665	0.02984	0.01750	0.41518	0.40840	0.00740	0.01051	0.00721	0.00326	0.00430
58	0.03929	0.07170	0.48232	0.02029	0.19904	0.03184	0.04119	0.01800	0.01234	0.01812	0.01017	0.01237	0.00770	0.00531	0.00535	0.00174	0.00787	0.00439	0.00258	0.00839
59	0.01339	0.01619	0.07345	0.02369	0.02962	0.01440	0.70359	0.01831	0.01342	0.01831	0.01150	0.01525	0.00860	0.00485	0.00668	0.00192	0.00958	0.00661	0.00287	0.00775
60	0.00697	0.00498	0.00664	0.00796	0.00830	0.00465	0.00531	0.00796	0.01095	0.01460	0.03153	0.79525	0.03783	0.01792	0.00730	0.00232	0.00332	0.01626	0.00531	0.00465
61	0.00762	0.00559	0.00789	0.00889	0.00958	0.00531	0.02519	0.00909	0.01159	0.01540	0.04710	0.60947	0.03644	0.01701	0.00740	0.00236	0.00386	0.16007	0.00526	0.00487
62	0.14647	0.06823	0.36093	0.04724	0.11311	0.01399	0.13631	0.01768	0.01200	0.01903	0.01002	0.01238	0.00755	0.00525	0.00528	0.00178	0.00762	0.00453	0.00273	0.00789
63	0.00718	0.00557	0.00647	0.00699	0.00827	0.00494	0.00512	0.00850	0.01232	0.01542	0.07143	0.29292	0.41865	0.01577	0.00751	0.02777	0.00329	0.07189	0.00526	0.00475
64	0.01826	0.26216	0.02019	0.02603	0.01632	0.06006	0.01015	0.36670	0.06180	0.02542	0.01232	0.01301	0.00951	0.00626	0.00517	0.00156	0.01907	0.00450	0.05314	0.00839
65	0.01806	0.01051	0.01251	0.01017	0.01364	0.01054	0.00816	0.20246	0.10326	0.26513	0.18491	0.04029	0.02265	0.00826	0.00590	0.00175	0.00458	0.00684	0.03173	0.03867
66	0.17944	0.04733	0.11040	0.01201	0.06474	0.03000	0.01010	0.10976	0.04932	0.12265	0.07866	0.02080	0.04233	0.00741	0.00531	0.00178	0.00537	0.04706	0.04797	0.00758
67	0.05315	0.52930	0.08589	0.01149	0.03852	0.08502	0.01074	0.05048	0.01275	0.01588	0.02859	0.01119	0.00890	0.00655	0.02926	0.00163	0.00683	0.00366	0.00282	0.00736
68	0.00745	0.00516	0.00685	0.00797	0.00844	0.00482	0.00540	0.00855	0.01126	0.02833	0.06547	0.70630	0.03754	0.04148	0.00793	0.00239	0.00343	0.03116	0.00533	0.00475
69	0.00692	0.00565	0.00612	0.00633	0.00791	0.00485	0.00462	0.00840	0.01294	0.01599	0.11810	0.19085	0.56172	0.01486	0.00686	0.00199	0.00296	0.01269	0.00540	0.00485
70	0.02253	0.01086	0.01330	0.01065	0.01464	0.03255	0.00868	0.10760	0.08471	0.52900	0.04445	0.04046	0.01616	0.00777	0.00587	0.00181	0.00507	0.02816	0.00656	0.00918
71	0.01361	0.01343	0.01922	0.20521	0.39221	0.09014	0.01510	0.02882	0.02656	0.01706	0.01151	0.01620	0.00975	0.00846	0.05834	0.00229	0.03428	0.02713	0.00296	0.00771
72	0.76639	0.01234	0.05573	0.00822	0.01209	0.01299	0.00724	0.03625	0.01034	0.02547	0.00826	0.00958	0.00635	0.00536	0.00372	0.00177	0.00472	0.00322	0.00353	0.00643
73	0.01870	0.04669	0.03912	0.01796	0.15586	0.49660	0.01224	0.06051	0.01548	0.01614	0.00991	0.01204	0.00827	0.00820	0.05618	0.00204	0.00959	0.00419	0.00306	0.00723
74	0.02034	0.01405	0.01542	0.01209	0.01618	0.01518	0.00985	0.57940	0.02386	0.10878	0.01751	0.06704	0.03981	0.02531	0.00638	0.00185	0.00581	0.00626	0.00577	0.00908
75	0.00998	0.03838	0.02940	0.03117	0.03598	0.01016	0.03565	0.02864	0.03535	0.01480	0.01541	0.10197	0.01504	0.04934	0.40102	0.00582	0.12584	0.00690	0.00332	0.00582
76	0.01101	0.00714	0.00792	0.00745	0.00946	0.01987	0.00552	0.01345	0.06395	0.14150	0.06203	0.13687	0.36383	0.09634	0.00889	0.00231	0.00380	0.01042	0.02241	0.00583
77	0.01864	0.01445	0.01673	0.06177	0.01850	0.04004	0.04924	0.46824	0.06842	0.05424	0.01500	0.06178	0.01179	0.00755	0.00651	0.00182	0.04734	0.00595	0.02331	0.00868
78	0.04479	0.13182	0.01789	0.01353	0.07127	0.08724	0.01040	0.29256	0.11254	0.12537	0.01520	0.01510	0.02393	0.00658	0.00533	0.00166	0.00615	0.00501	0.00488	0.00875
79	0.01086	0.01006	0.01703	0.69095	0.05028	0.01225	0.03971	0.01458	0.01155	0.01513	0.01113	0.03413	0.00873	0.00601	0.00571	0.00189	0.00735	0.00542	0.04088	0.00636
80	0.01061	0.01161	0.06507	0.03375	0.04240	0.01047	0.31098	0.01365	0.01194	0.01633	0.01911	0.31842	0.02015	0.03085	0.00814	0.00220	0.05404	0.01014	0.00378	0.00638
81	0.01631	0.15640	0.12538	0.01369	0.04936	0.12533	0.05666	0.09871	0.06971	0.10486	0.01716	0.02997	0.07897	0.00702	0.00574	0.00169	0.02565	0.00551	0.00401	0.00785
82	0.02341	0.08118	0.04239	0.01043	0.01491	0.01015	0.00900	0.05877	0.01609	0.61367	0.02071	0.04427	0.01390	0.00718	0.00561	0.00174	0.00512	0.00578	0.00637	0.00930
83	0.02497	0.00982	0.01322	0.01018	0.01451	0.00863	0.00839	0.05157	0.01672	0.71856	0.04601	0.02002	0.01529	0.00722	0.00578	0.00177	0.00485	0.00588	0.00701	0.00959
84	0.06282	0.01730	0.01727	0.05749	0.12694	0.25196	0.05355	0.16263	0.01638	0.02056	0.05615	0.01578	0.03845	0.00686	0.00663	0.00174	0.07110	0.00521	0.00374	0.00746
85	0.01432	0.01592	0.09169	0.04800	0.62942	0.06475	0.01741	0.01790	0.01312	0.01823	0.01057	0.01373	0.00875	0.00519	0.00561	0.00170	0.00720	0.00492	0.00279	0.00878
86	0.00775	0.00545	0.00689	0.00770	0.00811	0.00525	0.00509	0.02583	0.01095	0.01465	0.05738	0.54545	0.03356	0.20721	0.01256	0.00308	0.00395	0.02971	0.00491	0.00452
87	0.00707	0.00524	0.00664	0.00770	0.00841	0.00481	0.00537	0.00826	0.01151	0.01493	0.03672	0.60028	0.18192	0.01710	0.00723	0.00226	0.00336	0.06114	0.00531	0.00472

[dist]
# distance from previous block
# <min> <max>
0	2

[block]
# block no. 7 follows, 41 sequences, length 52
# corresponding to MSA columns:
# 364-415
name=unknown_H
#
# <colnr> <probs for GDERKNQSTAVLIFYWHMCP>
#	G	D	E	R	K	N	Q	S	T	A	V	L	I	F	Y	W	H	M	C	P
0	0.03576	0.29662	0.14838	0.03618	0.04301	0.12362	0.04428	0.01854	0.01256	0.07751	0.01028	0.01198	0.00823	0.00587	0.00602	0.00160	0.07953	0.00411	0.02844	0.00748
1	0.01482	0.01513	0.02167	0.10514	0.59100	0.11782	0.01650	0.01799	0.01331	0.01765	0.01044	0.01374	0.00869	0.00527	0.00560	0.00169	0.00736	0.00490	0.00282	0.00847
2	0.01292	0.00815	0.00999	0.00828	0.01118	0.00722	0.00638	0.02883	0.05647	0.16314	0.28358	0.02916	0.05995	0.08291	0.00799	0.00193	0.00393	0.00737	0.00540	0.20522
3	0.00861	0.00581	0.00658	0.00655	0.00671	0.00584	0.00380	0.02950	0.00903	0.01205	0.01881	0.08781	0.02162	0.72353	0.02697	0.00522	0.00542	0.00876	0.00366	0.00373
4	0.01344	0.01281	0.02157	0.19561	0.58253	0.01342	0.01691	0.01735	0.03752	0.01799	0.01105	0.01463	0.00903	0.00532	0.00568	0.00175	0.00690	0.00514	0.00287	0.00848
5	0.00747	0.00579	0.00681	0.00673	0.00827	0.00514	0.00504	0.00951	0.01439	0.01894	0.38308	0.09450	0.36494	0.01343	0.00682	0.00192	0.00290	0.03345	0.00577	0.00510
6	0.01095	0.01036	0.01776	0.58705	0.03388	0.01249	0.08385	0.01451	0.01139	0.01509	0.01129	0.04170	0.00918	0.00755	0.03168	0.00218	0.05756	0.00565	0.02952	0.00635
7	0.00697	0.00498	0.00664	0.00796	0.00830	0.00465	0.00531	0.00796	0.01095	0.01460	0.03153	0.79525	0.03783	0.01792	0.00730	0.00232	0.00332	0.01626	0.00531	0.00465
8	0.83938	0.01106	0.00841	0.00752	0.01106	0.01283	0.00619	0.01681	0.00973	0.02566	0.00796	0.00929	0.00619	0.00531	0.00354	0.00177	0.00442	0.00310	0.00354	0.00619
9	0.01100	0.01045	0.01790	0.73508	0.06363	0.01280	0.03955	0.01483	0.01156	0.01487	0.01023	0.01522	0.00771	0.00567	0.00575	0.00190	0.00766	0.00514	0.00256	0.00649
10	0.83938	0.01106	0.00841	0.00752	0.01106	0.01283	0.00619	0.01681	0.00973	0.02566	0.00796	0.00929	0.00619	0.00531	0.00354	0.00177	0.00442	0.00310	0.00354	0.00619
