[name]
unknown

[dist]
# distance from previous block
# <min> <max>
3	122

[block]
# block no. 0 follows, 44 sequences, length 23
# corresponding to MSA columns:
# 149-153,155-172
name=unknown_A
#
# <colnr> <probs for GDERKNQSTAVLIFYWHMCP>
#	G	D	E	R	K	N	Q	S	T	A	V	L	I	F	Y	W	H	M	C	P
0	0.29238	0.01249	0.09100	0.13910	0.01750	0.01213	0.00979	0.14946	0.04891	0.07549	0.02810	0.01365	0.00950	0.00587	0.00463	0.00168	0.00530	0.00437	0.07161	0.00703
1	0.84691	0.01054	0.00801	0.00717	0.01054	0.01223	0.00590	0.01603	0.00928	0.02446	0.00759	0.00886	0.00590	0.00506	0.00337	0.00169	0.00422	0.00295	0.00337	0.00590
2	0.00940	0.00651	0.00798	0.00805	0.00912	0.00653	0.00572	0.08427	0.04342	0.04246	0.10912	0.39437	0.02994	0.15686	0.02895	0.00278	0.00420	0.04022	0.00492	0.00516
3	0.01458	0.81168	0.02857	0.00933	0.01399	0.02157	0.00933	0.01632	0.01108	0.01283	0.00758	0.00875	0.00700	0.00466	0.00350	0.00117	0.00583	0.00292	0.00233	0.00700
4	0.01998	0.01490	0.01594	0.01239	0.01662	0.01656	0.01018	0.68115	0.10191	0.03317	0.01403	0.01384	0.01003	0.00663	0.00546	0.00166	0.00583	0.00504	0.00546	0.00921
5	0.01473	0.38116	0.24568	0.01184	0.01709	0.08770	0.01254	0.01849	0.04952	0.07799	0.01017	0.01113	0.00800	0.00534	0.00478	0.00146	0.02826	0.00372	0.00289	0.00749
6	0.84691	0.01054	0.00801	0.00717	0.01054	0.01223	0.00590	0.01603	0.00928	0.02446	0.00759	0.00886	0.00590	0.00506	0.00337	0.00169	0.00422	0.00295	0.00337	0.00590
7	0.01171	0.01157	0.01747	0.52731	0.18040	0.06195	0.01489	0.01491	0.01127	0.01459	0.00950	0.01380	0.00751	0.00570	0.00648	0.00180	0.07530	0.00476	0.00250	0.00658
8	0.10561	0.01968	0.42370	0.01373	0.03336	0.01159	0.07422	0.01709	0.08112	0.01935	0.13285	0.01700	0.01497	0.00627	0.00531	0.00174	0.00646	0.00525	0.00336	0.00735
9	0.00791	0.00536	0.00630	0.00630	0.00643	0.00548	0.00375	0.00816	0.00803	0.01084	0.01685	0.03387	0.01903	0.71092	0.12416	0.00573	0.00647	0.00766	0.00325	0.00350
10	0.01677	0.03578	0.01807	0.13498	0.27967	0.08878	0.01293	0.20025	0.03300	0.10860	0.01219	0.01380	0.00913	0.00570	0.00533	0.00163	0.00652	0.00479	0.00387	0.00821
11	0.01953	0.02068	0.01530	0.01317	0.01650	0.44061	0.01021	0.24980	0.12327	0.02116	0.01179	0.01231	0.00906	0.00615	0.00517	0.00154	0.00788	0.00431	0.00401	0.00756
12	0.02063	0.00922	0.01288	0.13270	0.01721	0.00870	0.00896	0.04766	0.01519	0.56647	0.08572	0.01970	0.01573	0.00693	0.00556	0.00171	0.00491	0.00575	0.00596	0.00841
13	0.01259	0.16577	0.27108	0.06493	0.10912	0.01462	0.10371	0.01904	0.15275	0.01736	0.01190	0.01346	0.00914	0.00541	0.00513	0.00165	0.00685	0.00466	0.00302	0.00783
14	0.01098	0.06005	0.66116	0.01509	0.02244	0.01263	0.05529	0.01679	0.01181	0.01738	0.05822	0.01341	0.00981	0.00551	0.00525	0.00171	0.00767	0.00447	0.00256	0.00779
15	0.00879	0.00628	0.00879	0.01004	0.01130	0.00628	0.00879	0.01130	0.01255	0.01632	0.02887	0.06150	0.03138	0.01506	0.00753	0.00251	0.00502	0.73770	0.00502	0.00502
16	0.00947	0.00473	0.00710	0.00710	0.00710	0.00473	0.00473	0.00710	0.00710	0.00947	0.00947	0.01657	0.00947	0.01894	0.02131	0.84138	0.00473	0.00473	0.00237	0.00237
17	0.03259	0.01212	0.10254	0.46560	0.09500	0.01166	0.01422	0.04139	0.01233	0.12120	0.03196	0.01518	0.00943	0.00573	0.00540	0.00176	0.00668	0.00493	0.00325	0.00703
18	0.01097	0.02520	0.65977	0.03420	0.02263	0.01217	0.03775	0.01667	0.01160	0.03184	0.01287	0.01442	0.05578	0.00585	0.00560	0.00175	0.02596	0.00463	0.00258	0.00774
19	0.01132	0.02181	0.49589	0.01557	0.02162	0.01245	0.12342	0.01634	0.01146	0.03527	0.04059	0.01398	0.00949	0.00809	0.05645	0.00226	0.08905	0.00483	0.00267	0.00745
20	0.01058	0.00677	0.00789	0.00722	0.00939	0.00621	0.00554	0.01376	0.08942	0.14917	0.21222	0.07768	0.36012	0.01148	0.00621	0.00180	0.00322	0.00974	0.00562	0.00593
21	0.84691	0.01054	0.00801	0.00717	0.01054	0.01223	0.00590	0.01603	0.00928	0.02446	0.00759	0.00886	0.00590	0.00506	0.00337	0.00169	0.00422	0.00295	0.00337	0.00590
22	0.01480	0.33084	0.19296	0.01148	0.03372	0.04139	0.01141	0.09868	0.01345	0.09157	0.01321	0.03991	0.03973	0.00608	0.00463	0.00148	0.00604	0.00456	0.03660	0.00747

[dist]
# distance from previous block
# <min> <max>
1	34

[block]
# block no. 1 follows, 44 sequences, length 15
# corresponding to MSA columns:
# 208-222
name=unknown_B
#
# <colnr> <probs for GDERKNQSTAVLIFYWHMCP>
#	G	D	E	R	K	N	Q	S	T	A	V	L	I	F	Y	W	H	M	C	P
0	0.11913	0.01330	0.03330	0.01515	0.07185	0.06297	0.16863	0.09055	0.09494	0.04785	0.02874	0.03084	0.01061	0.00650	0.00717	0.00178	0.12414	0.00528	0.02703	0.04025
1	0.07336	0.01235	0.02030	0.06600	0.65888	0.01257	0.01548	0.01624	0.01205	0.01798	0.01071	0.04019	0.00931	0.00532	0.00531	0.00165	0.00624	0.00508	0.00282	0.00818
2	0.01197	0.01139	0.01921	0.31990	0.46190	0.01226	0.01557	0.01528	0.01184	0.01621	0.01205	0.01563	0.04221	0.00548	0.00546	0.00170	0.00661	0.00515	0.00270	0.00748
3	0.01336	0.07039	0.04756	0.03657	0.12536	0.03354	0.03935	0.09595	0.28464	0.01985	0.01812	0.03916	0.06165	0.03870	0.00701	0.00190	0.04904	0.00600	0.00418	0.00765
4	0.04295	0.16634	0.33605	0.01639	0.02256	0.01443	0.26736	0.01683	0.01178	0.01668	0.01032	0.03522	0.00820	0.00523	0.00528	0.00167	0.00775	0.00494	0.00258	0.00744
5	0.00947	0.00473	0.00710	0.00710	0.00710	0.00473	0.00473	0.00710	0.00710	0.00947	0.00947	0.01657	0.00947	0.01894	0.02131	0.84138	0.00473	0.00473	0.00237	0.00237
6	0.00779	0.00584	0.00876	0.00876	0.00974	0.00681	0.00681	0.00974	0.00876	0.01266	0.01460	0.02142	0.01363	0.04089	0.78680	0.00876	0.01460	0.00584	0.00292	0.00487
7	0.01421	0.01348	0.01789	0.33305	0.04525	0.09448	0.09482	0.16839	0.06894	0.01912	0.01113	0.01396	0.00847	0.00603	0.00645	0.00178	0.06707	0.00498	0.00335	0.00713
8	0.01381	0.15853	0.11964	0.02431	0.42605	0.06898	0.05857	0.01744	0.03187	0.01665	0.00994	0.01238	0.00820	0.00497	0.00506	0.00156	0.00690	0.00444	0.00267	0.00803
9	0.73703	0.01037	0.00863	0.00751	0.01099	0.01167	0.00619	0.01743	0.01012	0.12516	0.00945	0.01015	0.00692	0.00529	0.00366	0.00169	0.00427	0.00329	0.00382	0.00635
10	0.00719	0.00555	0.00656	0.00631	0.00782	0.00492	0.00473	0.00927	0.01420	0.01893	0.47678	0.04556	0.34801	0.01224	0.00644	0.00177	0.00265	0.01054	0.00562	0.00492
11	0.21111	0.01409	0.01336	0.01132	0.03658	0.13961	0.00885	0.22610	0.01682	0.25042	0.01349	0.01323	0.00937	0.00606	0.00490	0.00162	0.00583	0.00440	0.00485	0.00800
12	0.00779	0.00584	0.00876	0.00876	0.00974	0.00681	0.00681	0.00974	0.00876	0.01266	0.01460	0.02142	0.01363	0.04089	0.78680	0.00876	0.01460	0.00584	0.00292	0.00487
13	0.00947	0.00473	0.00710	0.00710	0.00710	0.00473	0.00473	0.00710	0.00710	0.00947	0.00947	0.01657	0.00947	0.01894	0.02131	0.84138	0.00473	0.00473	0.00237	0.00237
14	0.01260	0.02057	0.35408	0.01901	0.02554	0.01353	0.38358	0.07079	0.01320	0.01860	0.01064	0.01321	0.00775	0.00499	0.00582	0.00178	0.00847	0.00528	0.00276	0.00780

[dist]
# distance from previous block
# <min> <max>
0	22

[block]
# block no. 2 follows, 44 sequences, length 38
# corresponding to MSA columns:
# 245-282
name=unknown_C
#
# <colnr> <probs for GDERKNQSTAVLIFYWHMCP>
#	G	D	E	R	K	N	Q	S	T	A	V	L	I	F	Y	W	H	M	C	P
0	0.69963	0.01137	0.02873	0.00792	0.01150	0.03814	0.00668	0.01750	0.01030	0.11329	0.00933	0.01011	0.00687	0.00528	0.00372	0.00168	0.00456	0.00330	0.00373	0.00637
1	0.00772	0.00557	0.00729	0.00686	0.00814	0.00514	0.00514	0.01029	0.01543	0.02186	0.77152	0.04072	0.05144	0.01115	0.00643	0.00171	0.00257	0.00986	0.00600	0.00514
2	0.01194	0.13720	0.61244	0.01533	0.05246	0.04600	0.01809	0.01730	0.01165	0.01650	0.00944	0.01113	0.00699	0.00511	0.00494	0.00163	0.00775	0.00388	0.00234	0.00786
3	0.02332	0.00931	0.01254	0.00956	0.01383	0.00795	0.00788	0.02546	0.01523	0.71226	0.02048	0.01793	0.01303	0.00651	0.00536	0.00161	0.00459	0.00529	0.00644	0.08143
4	0.01875	0.01429	0.01525	0.01214	0.01615	0.01598	0.00988	0.55568	0.22939	0.03117	0.01560	0.01509	0.01130	0.00678	0.00548	0.00169	0.00553	0.00525	0.00548	0.00909
5	0.00936	0.00666	0.00834	0.00779	0.00947	0.00655	0.00600	0.01374	0.12212	0.05528	0.58328	0.03817	0.04349	0.01067	0.00633	0.00178	0.00307	0.05616	0.00591	0.00582
6	0.01431	0.70183	0.11445	0.01016	0.01517	0.04000	0.01060	0.01657	0.01124	0.01335	0.00785	0.00909	0.00699	0.00475	0.00373	0.00124	0.00619	0.00306	0.00234	0.00710
7	0.84691	0.01054	0.00801	0.00717	0.01054	0.01223	0.00590	0.01603	0.00928	0.02446	0.00759	0.00886	0.00590	0.00506	0.00337	0.00169	0.00422	0.00295	0.00337	0.00590
8	0.00772	0.00557	0.00729	0.00686	0.00814	0.00514	0.00514	0.01029	0.01543	0.02186	0.77152	0.04072	0.05144	0.01115	0.00643	0.00171	0.00257	0.00986	0.00600	0.00514
9	0.00664	0.00474	0.00633	0.00759	0.00791	0.00443	0.00506	0.00759	0.01044	0.01392	0.03005	0.80485	0.03606	0.01708	0.00696	0.00221	0.00316	0.01550	0.00506	0.00443
10	0.84691	0.01054	0.00801	0.00717	0.01054	0.01223	0.00590	0.01603	0.00928	0.02446	0.00759	0.00886	0.00590	0.00506	0.00337	0.00169	0.00422	0.00295	0.00337	0.00590
11	0.84691	0.01054	0.00801	0.00717	0.01054	0.01223	0.00590	0.01603	0.00928	0.02446	0.00759	0.00886	0.00590	0.00506	0.00337	0.00169	0.00422	0.00295	0.00337	0.00590
12	0.00782	0.00573	0.00821	0.00821	0.00900	0.00652	0.00613	0.00938	0.00860	0.01225	0.01510	0.02419	0.01483	0.19031	0.63903	0.00808	0.01279	0.00625	0.00300	0.00456
13	0.72153	0.01037	0.00866	0.00749	0.01101	0.01156	0.00616	0.01710	0.01006	0.10800	0.00922	0.01003	0.00684	0.00521	0.00364	0.00165	0.00426	0.00324	0.00374	0.04022
14	0.01305	0.06593	0.01726	0.03512	0.10054	0.10650	0.06139	0.01503	0.01067	0.01504	0.00959	0.01315	0.00839	0.00731	0.01079	0.00188	0.37040	0.00467	0.12695	0.00634
15	0.00763	0.00557	0.00717	0.00677	0.00809	0.00511	0.00508	0.01012	0.01523	0.02138	0.72326	0.04151	0.10000	0.01132	0.00643	0.00172	0.00258	0.00997	0.00594	0.00511
16	0.02000	0.05309	0.01609	0.01367	0.01670	0.63205	0.01050	0.12458	0.01655	0.01627	0.00902	0.01030	0.00734	0.00581	0.00524	0.00145	0.02772	0.00372	0.00315	0.00675
17	0.06953	0.33742	0.35056	0.01215	0.01805	0.05110	0.01377	0.01763	0.03734	0.03362	0.00940	0.01062	0.00737	0.00510	0.00440	0.00149	0.00679	0.00360	0.00262	0.00746
18	0.01795	0.00926	0.01254	0.12778	0.01689	0.00846	0.00858	0.02085	0.03948	0.42036	0.06776	0.01793	0.01404	0.00628	0.00523	0.00152	0.00475	0.00521	0.00524	0.18988
19	0.01458	0.81168	0.02857	0.00933	0.01399	0.02157	0.00933	0.01632	0.01108	0.01283	0.00758	0.00875	0.00700	0.00466	0.00350	0.00117	0.00583	0.00292	0.00233	0.00700
20	0.00701	0.00554	0.00630	0.00611	0.00771	0.00484	0.00458	0.00891	0.01375	0.01788	0.37183	0.04728	0.45361	0.01263	0.00644	0.00179	0.00268	0.01078	0.00548	0.00484
21	0.01229	0.01195	0.03749	0.04523	0.44732	0.04258	0.01322	0.04570	0.03014	0.01746	0.01739	0.10435	0.07406	0.00781	0.00601	0.00178	0.02115	0.05322	0.00345	0.00743
22	0.48247	0.16701	0.01254	0.00788	0.01143	0.01299	0.00676	0.01759	0.03636	0.11729	0.01069	0.01140	0.00811	0.00538	0.00378	0.00156	0.00445	0.00355	0.07221	0.00657
23	0.02072	0.01527	0.01636	0.01254	0.01691	0.01691	0.01036	0.75622	0.02563	0.03436	0.01309	0.01309	0.00927	0.00654	0.00545	0.00164	0.00600	0.00491	0.00545	0.00927
24	0.01317	0.13424	0.52913	0.01496	0.04989	0.10083	0.01693	0.01802	0.01210	0.04851	0.00984	0.01132	0.00728	0.00521	0.00494	0.00161	0.00775	0.00391	0.00257	0.00779
25	0.01942	0.09042	0.08026	0.01157	0.06545	0.01018	0.00955	0.05786	0.01506	0.46017	0.10657	0.01899	0.01624	0.00679	0.00536	0.00163	0.00500	0.00555	0.00550	0.00842
26	0.00793	0.00529	0.00595	0.00595	0.00595	0.00529	0.00330	0.00793	0.00793	0.01057	0.01718	0.03568	0.01982	0.80840	0.02775	0.00529	0.00529	0.00793	0.00330	0.00330
27	0.00664	0.00474	0.00633	0.00759	0.00791	0.00443	0.00506	0.00759	0.01044	0.01392	0.03005	0.80485	0.03606	0.01708	0.00696	0.00221	0.00316	0.01550	0.00506	0.00443
28	0.01578	0.01696	0.01796	0.10930	0.23661	0.30372	0.06534	0.01892	0.04756	0.04494	0.01178	0.01606	0.00993	0.00607	0.00545	0.00165	0.00776	0.05392	0.00315	0.00716
29	0.03694	0.06675	0.07707	0.01033	0.01428	0.05211	0.00897	0.07994	0.25064	0.05687	0.01868	0.01960	0.07442	0.00689	0.00511	0.00155	0.00501	0.03248	0.00437	0.17799
30	0.00687	0.00495	0.00610	0.00696	0.00769	0.00453	0.00478	0.00806	0.01106	0.01473	0.05437	0.57149	0.19163	0.01550	0.00662	0.00206	0.00302	0.01380	0.06125	0.00453
31	0.00693	0.00491	0.00634	0.00737	0.00770	0.00464	0.00490	0.00779	0.01016	0.01348	0.02850	0.63472	0.05028	0.14517	0.01034	0.00271	0.00357	0.04146	0.00477	0.00427
32	0.03637	0.01192	0.03080	0.01477	0.12994	0.01171	0.05197	0.20683	0.03479	0.27754	0.06007	0.03144	0.01347	0.00673	0.00597	0.00169	0.03440	0.00559	0.00507	0.02893
33	0.01178	0.13529	0.58877	0.01415	0.02113	0.03279	0.01731	0.01788	0.06236	0.01702	0.02662	0.01231	0.00853	0.00540	0.00499	0.00165	0.00742	0.00413	0.00262	0.00784
34	0.00967	0.00860	0.01399	0.61245	0.03054	0.01041	0.01268	0.01275	0.01086	0.01425	0.03410	0.11336	0.01283	0.04154	0.00656	0.00199	0.00637	0.00643	0.03495	0.00568
35	0.00769	0.00542	0.00625	0.00631	0.00680	0.00518	0.00390	0.00818	0.00914	0.01213	0.04117	0.15281	0.10718	0.53446	0.03544	0.00424	0.00475	0.00930	0.00382	0.03584
36	0.20964	0.02597	0.01085	0.00841	0.01204	0.00902	0.02537	0.06012	0.01233	0.04637	0.10455	0.08349	0.01552	0.00655	0.00461	0.00136	0.00414	0.00529	0.00399	0.35039
37	0.05187	0.29129	0.01877	0.01060	0.01457	0.15525	0.00903	0.13584	0.08143	0.07660	0.01136	0.01222	0.00904	0.02288	0.00496	0.00146	0.00612	0.00396	0.00368	0.07907

[dist]
# distance from previous block
# <min> <max>
0	5

[block]
# block no. 3 follows, 44 sequences, length 7
# corresponding to MSA columns:
# 288-294
name=unknown_D
#
# <colnr> <probs for GDERKNQSTAVLIFYWHMCP>
#	G	D	E	R	K	N	Q	S	T	A	V	L	I	F	Y	W	H	M	C	P
0	0.19152	0.14662	0.01704	0.09280	0.06827	0.17236	0.05045	0.07027	0.03613	0.07123	0.01130	0.01263	0.02648	0.00562	0.00466	0.00157	0.00649	0.00419	0.00340	0.00697
1	0.04627	0.01162	0.02057	0.44637	0.03134	0.01278	0.23616	0.06740	0.01248	0.01701	0.01025	0.01413	0.00768	0.00520	0.00561	0.00177	0.00751	0.00519	0.00281	0.03787
2	0.01281	0.01304	0.01786	0.04619	0.03935	0.06950	0.08906	0.03674	0.01034	0.01483	0.00826	0.01220	0.00746	0.00785	0.01326	0.00204	0.50801	0.00472	0.00264	0.08384
3	0.00696	0.00513	0.00663	0.00751	0.00823	0.00464	0.00511	0.00803	0.01061	0.01423	0.03006	0.70691	0.07588	0.01599	0.00673	0.00209	0.00320	0.01442	0.00493	0.06272
4	0.00833	0.00621	0.00781	0.00730	0.00877	0.00602	0.00551	0.01224	0.09362	0.02196	0.69331	0.03860	0.04781	0.01075	0.00634	0.00173	0.00275	0.00947	0.00595	0.00551
5	0.02236	0.00914	0.01220	0.00956	0.01347	0.00816	0.00782	0.02541	0.06645	0.66560	0.08232	0.02047	0.01678	0.00715	0.00556	0.00170	0.00445	0.00588	0.00661	0.00890
6	0.00664	0.00474	0.00633	0.00759	0.00791	0.00443	0.00506	0.00759	0.01044	0.01392	0.03005	0.80485	0.03606	0.01708	0.00696	0.00221	0.00316	0.01550	0.00506	0.00443

[dist]
# distance from previous block
# <min> <max>
0	15

[block]
# block no. 4 follows, 44 sequences, length 41
# corresponding to MSA columns:
# 310-350
name=unknown_E
#
# <colnr> <probs for GDERKNQSTAVLIFYWHMCP>
#	G	D	E	R	K	N	Q	S	T	A	V	L	I	F	Y	W	H	M	C	P
0	0.01458	0.81168	0.02857	0.00933	0.01399	0.02157	0.00933	0.01632	0.01108	0.01283	0.00758	0.00875	0.00700	0.00466	0.00350	0.00117	0.00583	0.00292	0.00233	0.00700
1	0.01016	0.00508	0.00508	0.00508	0.00635	0.00508	0.00381	0.01270	0.01143	0.02033	0.01778	0.02033	0.01397	0.00635	0.00381	0.00127	0.00254	0.00508	0.83867	0.00508
2	0.84691	0.01054	0.00801	0.00717	0.01054	0.01223	0.00590	0.01603	0.00928	0.02446	0.00759	0.00886	0.00590	0.00506	0.00337	0.00169	0.00422	0.00295	0.00337	0.00590
3	0.02146	0.01409	0.01563	0.01198	0.01632	0.01516	0.00990	0.61272	0.02366	0.18064	0.01474	0.01416	0.01010	0.00658	0.00546	0.00165	0.00573	0.00502	0.00571	0.00927
4	0.84691	0.01054	0.00801	0.00717	0.01054	0.01223	0.00590	0.01603	0.00928	0.02446	0.00759	0.00886	0.00590	0.00506	0.00337	0.00169	0.00422	0.00295	0.00337	0.00590
5	0.00969	0.00772	0.00798	0.00780	0.00977	0.00649	0.00563	0.01040	0.01457	0.01838	0.15125	0.05302	0.64438	0.01498	0.00761	0.00234	0.00380	0.01190	0.00608	0.00623
6	0.84691	0.01054	0.00801	0.00717	0.01054	0.01223	0.00590	0.01603	0.00928	0.02446	0.00759	0.00886	0.00590	0.00506	0.00337	0.00169	0.00422	0.00295	0.00337	0.00590
7	0.01030	0.00969	0.01635	0.79530	0.03755	0.01211	0.01514	0.01393	0.01090	0.01393	0.00969	0.01453	0.00727	0.00545	0.00545	0.00182	0.00727	0.00484	0.00242	0.00606
8	0.00726	0.00555	0.00666	0.00638	0.00786	0.00495	0.00479	0.00941	0.01436	0.01931	0.51485	0.04493	0.30971	0.01210	0.00643	0.00176	0.00264	0.01045	0.00566	0.00495
9	0.01398	0.01162	0.01234	0.01104	0.01417	0.01335	0.00861	0.02888	0.73565	0.05195	0.02216	0.02027	0.01652	0.00737	0.00554	0.00184	0.00433	0.00614	0.00559	0.00865
10	0.01335	0.01378	0.06344	0.03249	0.73348	0.01294	0.01692	0.01676	0.01236	0.01778	0.01023	0.01339	0.00854	0.00488	0.00539	0.00163	0.00656	0.00481	0.00268	0.00860
11	0.02038	0.02565	0.01548	0.01400	0.01686	0.76240	0.01053	0.04478	0.01577	0.01400	0.00857	0.00993	0.00709	0.00565	0.00493	0.00141	0.00971	0.00356	0.00289	0.00641
12	0.00689	0.00485	0.00625	0.00728	0.00754	0.00459	0.00473	0.00765	0.00996	0.01328	0.02761	0.65903	0.03298	0.16710	0.01090	0.00280	0.00357	0.01406	0.00473	0.00421
13	0.00664	0.00474	0.00633	0.00759	0.00791	0.00443	0.00506	0.00759	0.01044	0.01392	0.03005	0.80485	0.03606	0.01708	0.00696	0.00221	0.00316	0.01550	0.00506	0.00443
14	0.00660	0.00530	0.00590	0.00624	0.00758	0.00459	0.00449	0.00794	0.01207	0.01504	0.10286	0.27426	0.49888	0.01457	0.00659	0.00194	0.00287	0.01256	0.00513	0.00459
15	0.01081	0.01027	0.01702	0.63484	0.11590	0.01266	0.01500	0.01416	0.01081	0.01427	0.00950	0.01416	0.00741	0.00579	0.00667	0.00185	0.08526	0.00484	0.00245	0.00633
16	0.00915	0.00781	0.01119	0.01039	0.01101	0.00993	0.00827	0.01079	0.00885	0.01307	0.04147	0.01968	0.01324	0.06396	0.46985	0.00624	0.27133	0.00574	0.00288	0.00517
17	0.00793	0.00529	0.00595	0.00595	0.00595	0.00529	0.00330	0.00793	0.00793	0.01057	0.01718	0.03568	0.01982	0.80840	0.02775	0.00529	0.00529	0.00793	0.00330	0.00330
18	0.01873	0.02329	0.01585	0.01411	0.01680	0.64944	0.04418	0.02063	0.03251	0.01371	0.00913	0.01104	0.00767	0.00771	0.04734	0.00188	0.05290	0.00390	0.00286	0.00633
19	0.01093	0.02820	0.78016	0.01554	0.02360	0.01266	0.02014	0.01727	0.01151	0.01727	0.00978	0.01151	0.00691	0.00518	0.00518	0.00173	0.00806	0.00403	0.00230	0.00806
20	0.00772	0.00557	0.00729	0.00686	0.00814	0.00514	0.00514	0.01029	0.01543	0.02186	0.77152	0.04072	0.05144	0.01115	0.00643	0.00171	0.00257	0.00986	0.00600	0.00514
21	0.01458	0.81168	0.02857	0.00933	0.01399	0.02157	0.00933	0.01632	0.01108	0.01283	0.00758	0.00875	0.00700	0.00466	0.00350	0.00117	0.00583	0.00292	0.00233	0.00700
22	0.00664	0.00474	0.00633	0.00759	0.00791	0.00443	0.00506	0.00759	0.01044	0.01392	0.03005	0.80485	0.03606	0.01708	0.00696	0.00221	0.00316	0.01550	0.00506	0.00443
23	0.00711	0.00510	0.00674	0.00727	0.00801	0.00474	0.00510	0.00876	0.01260	0.01735	0.35067	0.47443	0.04271	0.01451	0.00673	0.00200	0.00291	0.01306	0.00547	0.00474
24	0.01093	0.02820	0.78016	0.01554	0.02360	0.01266	0.02014	0.01727	0.01151	0.01727	0.00978	0.01151	0.00691	0.00518	0.00518	0.00173	0.00806	0.00403	0.00230	0.00806
25	0.01130	0.00969	0.01130	0.00807	0.01292	0.00727	0.00646	0.01373	0.01130	0.01776	0.00969	0.01130	0.00807	0.00404	0.00404	0.00081	0.00404	0.00323	0.00323	0.84173
26	0.00822	0.00568	0.00745	0.00694	0.00832	0.00523	0.00523	0.01078	0.01544	0.04461	0.74896	0.04006	0.05030	0.01101	0.00640	0.00171	0.00263	0.00973	0.00602	0.00527
27	0.01801	0.01371	0.03514	0.11528	0.01967	0.01436	0.05029	0.46535	0.03544	0.09058	0.01345	0.02906	0.00984	0.00634	0.00544	0.00164	0.00606	0.00513	0.00480	0.06041
28	0.01206	0.01232	0.01887	0.01553	0.01630	0.01629	0.11598	0.01373	0.00898	0.01373	0.00770	0.01232	0.00731	0.00885	0.01629	0.00231	0.68784	0.00500	0.00244	0.00616
29	0.00793	0.00529	0.00595	0.00595	0.00595	0.00529	0.00330	0.00793	0.00793	0.01057	0.01718	0.03568	0.01982	0.80840	0.02775	0.00529	0.00529	0.00793	0.00330	0.00330
30	0.00664	0.00474	0.00633	0.00759	0.00791	0.00443	0.00506	0.00759	0.01044	0.01392	0.03005	0.80485	0.03606	0.01708	0.00696	0.00221	0.00316	0.01550	0.00506	0.00443
31	0.01236	0.33548	0.48539	0.01310	0.01983	0.01616	0.01590	0.01690	0.01134	0.01552	0.00892	0.01043	0.00694	0.00498	0.00452	0.00151	0.00718	0.00359	0.00231	0.00764
32	0.02090	0.01009	0.01303	0.01099	0.04832	0.00961	0.00849	0.12735	0.07274	0.50488	0.09688	0.01997	0.01681	0.00713	0.00558	0.00169	0.00468	0.00587	0.00622	0.00877
33	0.02446	0.00928	0.01265	0.00970	0.01392	0.00801	0.00801	0.02657	0.01560	0.77817	0.02151	0.01856	0.01350	0.00675	0.00548	0.00169	0.00464	0.00548	0.00675	0.00928
34	0.01060	0.01012	0.01747	0.71460	0.07724	0.01224	0.05275	0.01426	0.01108	0.01432	0.00979	0.01449	0.00739	0.00537	0.00550	0.00181	0.00732	0.00493	0.00245	0.00626
35	0.02754	0.05855	0.48789	0.01537	0.07505	0.01207	0.05558	0.01708	0.03291	0.05252	0.10116	0.01568	0.01295	0.00594	0.00532	0.00170	0.00692	0.00496	0.00311	0.00770
36	0.01855	0.05696	0.05698	0.05631	0.03405	0.40421	0.01120	0.20924	0.06655	0.01966	0.01067	0.01173	0.00827	0.00588	0.00508	0.00153	0.00800	0.00414	0.00359	0.00739
37	0.00664	0.00474	0.00633	0.00759	0.00791	0.00443	0.00506	0.00759	0.01044	0.01392	0.03005	0.80485	0.03606	0.01708	0.00696	0.00221	0.00316	0.01550	0.00506	0.00443
38	0.05708	0.01043	0.01236	0.01008	0.01352	0.03138	0.00816	0.07911	0.14709	0.41418	0.08221	0.01999	0.03227	0.00740	0.00614	0.00175	0.04687	0.00584	0.00585	0.00831
39	0.10033	0.01198	0.04483	0.00989	0.01388	0.04092	0.03492	0.16479	0.04858	0.02146	0.02888	0.04552	0.01123	0.04850	0.00592	0.00154	0.00502	0.00476	0.02362	0.33346
40	0.06925	0.13828	0.38246	0.04766	0.01863	0.01257	0.03240	0.01664	0.02999	0.04824	0.01218	0.01381	0.02491	0.00629	0.02118	0.00174	0.00657	0.00433	0.10568	0.00720

[dist]
# distance from previous block
# <min> <max>
1	5

[block]
# block no. 5 follows, 44 sequences, length 48
# corresponding to MSA columns:
# 356-403
name=unknown_F
#
# <colnr> <probs for GDERKNQSTAVLIFYWHMCP>
#	G	D	E	R	K	N	Q	S	T	A	V	L	I	F	Y	W	H	M	C	P
0	0.04477	0.38526	0.22386	0.01161	0.03837	0.01631	0.01187	0.04071	0.07558	0.01673	0.05752	0.01387	0.03123	0.00575	0.00449	0.00147	0.00598	0.00426	0.00304	0.00732
1	0.04765	0.06955	0.07148	0.01199	0.06344	0.01085	0.03323	0.08694	0.15112	0.05007	0.07126	0.13676	0.03737	0.00956	0.00588	0.00189	0.00498	0.12448	0.00460	0.00690
2	0.01205	0.01226	0.01570	0.01369	0.01394	0.06912	0.01123	0.01326	0.00899	0.01317	0.00896	0.06412	0.00923	0.01067	0.03846	0.00249	0.66877	0.00542	0.00261	0.00586
3	0.01307	0.01247	0.02122	0.10126	0.68612	0.01268	0.01636	0.01632	0.01228	0.01742	0.01074	0.01497	0.00917	0.00521	0.00546	0.00166	0.00651	0.02603	0.00274	0.00830
4	0.02318	0.01038	0.01268	0.00992	0.01397	0.05920	0.00809	0.02562	0.03568	0.67045	0.03535	0.01827	0.01376	0.00670	0.00542	0.00165	0.00491	0.00539	0.00634	0.03303
5	0.01556	0.00912	0.01096	0.00932	0.01228	0.00920	0.00737	0.05302	0.25012	0.27118	0.23545	0.02626	0.04934	0.00842	0.00580	0.00175	0.00395	0.00711	0.00605	0.00775
6	0.02007	0.02543	0.01573	0.01487	0.04906	0.75363	0.01080	0.02156	0.01532	0.01353	0.00850	0.00999	0.00709	0.00559	0.00494	0.00141	0.00969	0.00357	0.00280	0.00642
7	0.00793	0.00529	0.00595	0.00595	0.00595	0.00529	0.00330	0.00793	0.00793	0.01057	0.01718	0.03568	0.01982	0.80840	0.02775	0.00529	0.00529	0.00793	0.00330	0.00330
8	0.00778	0.00563	0.00782	0.00786	0.00853	0.00624	0.00569	0.00913	0.00873	0.01229	0.03137	0.05849	0.01712	0.26144	0.51884	0.00734	0.01119	0.00693	0.00318	0.00440
9	0.04207	0.00573	0.00599	0.00584	0.00708	0.00610	0.00446	0.01271	0.01112	0.01982	0.01706	0.04239	0.01387	0.00683	0.00481	0.00139	0.05488	0.00529	0.72742	0.00515
10	0.00893	0.00748	0.00809	0.00774	0.00931	0.05719	0.00585	0.01241	0.08677	0.01979	0.48352	0.08362	0.13633	0.01127	0.00632	0.00179	0.00337	0.03927	0.00553	0.00544
11	0.01263	0.01027	0.01187	0.00859	0.01337	0.00830	0.00691	0.09239	0.01293	0.03872	0.01035	0.01168	0.00834	0.00437	0.00422	0.00092	0.00426	0.00346	0.00355	0.73287
12	0.00664	0.00474	0.00633	0.00759	0.00791	0.00443	0.00506	0.00759	0.01044	0.01392	0.03005	0.80485	0.03606	0.01708	0.00696	0.00221	0.00316	0.01550	0.00506	0.00443
13	0.01287	0.01471	0.03217	0.02298	0.02849	0.01379	0.75460	0.01746	0.01287	0.01746	0.01103	0.01471	0.00827	0.00460	0.00643	0.00184	0.00919	0.00643	0.00276	0.00735
14	0.01212	0.28387	0.53490	0.01351	0.02046	0.01557	0.01661	0.01696	0.01137	0.01582	0.00906	0.01061	0.00694	0.00501	0.00463	0.00154	0.00733	0.00367	0.00231	0.00771
15	0.00793	0.00529	0.00595	0.00595	0.00595	0.00529	0.00330	0.00793	0.00793	0.01057	0.01718	0.03568	0.01982	0.80840	0.02775	0.00529	0.00529	0.00793	0.00330	0.00330
16	0.01345	0.01144	0.01215	0.01087	0.01388	0.01314	0.00847	0.05546	0.68719	0.02318	0.07104	0.02140	0.01865	0.00761	0.00560	0.00183	0.00426	0.00636	0.00557	0.00842
17	0.01130	0.00969	0.01130	0.00807	0.01292	0.00727	0.00646	0.01373	0.01130	0.01776	0.00969	0.01130	0.00807	0.00404	0.00404	0.00081	0.00404	0.00323	0.00323	0.84173
18	0.01338	0.31906	0.36880	0.01219	0.01834	0.03262	0.01397	0.01730	0.01167	0.06294	0.00965	0.01086	0.00745	0.00500	0.00447	0.00143	0.00671	0.00362	0.00268	0.07786
19	0.01819	0.01313	0.17815	0.01058	0.01525	0.00905	0.01022	0.02226	0.06892	0.43020	0.07570	0.01853	0.01493	0.00663	0.00535	0.00165	0.00508	0.00542	0.03716	0.05360
20	0.59197	0.01419	0.15934	0.01017	0.02800	0.01244	0.03807	0.01648	0.01002	0.03922	0.00850	0.01000	0.00645	0.00524	0.00439	0.00172	0.03068	0.00345	0.00317	0.00651
21	0.01041	0.00982	0.01650	0.75886	0.05434	0.01224	0.01510	0.01398	0.01088	0.01400	0.00964	0.01445	0.00730	0.00553	0.00574	0.00183	0.02600	0.00484	0.00243	0.00611
22	0.00779	0.00584	0.00876	0.00876	0.00974	0.00681	0.00681	0.00974	0.00876	0.01266	0.01460	0.02142	0.01363	0.04089	0.78680	0.00876	0.01460	0.00584	0.00292	0.00487
23	0.01482	0.77823	0.02801	0.00953	0.01411	0.05414	0.00938	0.01656	0.01126	0.01285	0.00762	0.00879	0.00700	0.00470	0.00356	0.00118	0.00600	0.00294	0.00235	0.00697
24	0.00760	0.00557	0.00713	0.00674	0.00808	0.00510	0.00506	0.01007	0.01517	0.02124	0.70889	0.04175	0.11446	0.01138	0.00643	0.00173	0.00259	0.01000	0.00592	0.00510
25	0.00644	0.00552	0.00552	0.00552	0.00736	0.00460	0.00414	0.00782	0.01243	0.01473	0.05523	0.05247	0.77218	0.01381	0.00644	0.00184	0.00276	0.01151	0.00506	0.00460
26	0.00947	0.00473	0.00710	0.00710	0.00710	0.00473	0.00473	0.00710	0.00710	0.00947	0.00947	0.01657	0.00947	0.01894	0.02131	0.84138	0.00473	0.00473	0.00237	0.00237
27	0.00715	0.00555	0.00651	0.00627	0.00780	0.00490	0.00470	0.00920	0.01410	0.01871	0.45460	0.04592	0.37033	0.01232	0.00644	0.00177	0.00266	0.01059	0.00559	0.00490
28	0.01287	0.01471	0.03217	0.02298	0.02849	0.01379	0.75460	0.01746	0.01287	0.01746	0.01103	0.01471	0.00827	0.00460	0.00643	0.00184	0.00919	0.00643	0.00276	0.00735
29	0.00947	0.00473	0.00710	0.00710	0.00710	0.00473	0.00473	0.00710	0.00710	0.00947	0.00947	0.01657	0.00947	0.01894	0.02131	0.84138	0.00473	0.00473	0.00237	0.00237
30	0.01016	0.00508	0.00508	0.00508	0.00635	0.00508	0.00381	0.01270	0.01143	0.02033	0.01778	0.02033	0.01397	0.00635	0.00381	0.00127	0.00254	0.00508	0.83867	0.00508
31	0.00644	0.00552	0.00552	0.00552	0.00736	0.00460	0.00414	0.00782	0.01243	0.01473	0.05523	0.05247	0.77218	0.01381	0.00644	0.00184	0.00276	0.01151	0.00506	0.00460
32	0.84691	0.01054	0.00801	0.00717	0.01054	0.01223	0.00590	0.01603	0.00928	0.02446	0.00759	0.00886	0.00590	0.00506	0.00337	0.00169	0.00422	0.00295	0.00337	0.00590
33	0.01220	0.01272	0.02110	0.01678	0.01835	0.01587	0.22340	0.01436	0.00964	0.01436	0.00826	0.01272	0.00747	0.00813	0.01463	0.00223	0.57369	0.00524	0.00249	0.00636
34	0.00664	0.00474	0.00633	0.00759	0.00791	0.00443	0.00506	0.00759	0.01044	0.01392	0.03005	0.80485	0.03606	0.01708	0.00696	0.00221	0.00316	0.01550	0.00506	0.00443
35	0.01590	0.01112	0.01248	0.01045	0.01410	0.01169	0.00829	0.06861	0.45727	0.17844	0.01970	0.01823	0.01431	0.00672	0.00531	0.00165	0.00444	0.00552	0.00545	0.13032
36	0.01458	0.81168	0.02857	0.00933	0.01399	0.02157	0.00933	0.01632	0.01108	0.01283	0.00758	0.00875	0.00700	0.00466	0.00350	0.00117	0.00583	0.00292	0.00233	0.00700
37	0.01515	0.67263	0.05469	0.00994	0.01444	0.04265	0.00979	0.01706	0.01140	0.06327	0.00858	0.00966	0.00743	0.00506	0.00434	0.00128	0.03965	0.00322	0.00264	0.00712
38	0.01458	0.81168	0.02857	0.00933	0.01399	0.02157	0.00933	0.01632	0.01108	0.01283	0.00758	0.00875	0.00700	0.00466	0.00350	0.00117	0.00583	0.00292	0.00233	0.00700
39	0.00791	0.00530	0.00603	0.00601	0.00609	0.00528	0.00342	0.00808	0.00842	0.01131	0.06671	0.03601	0.02190	0.75606	0.02635	0.00505	0.00511	0.00805	0.00348	0.00342
40	0.00731	0.00555	0.00675	0.00654	0.00796	0.00498	0.00491	0.00947	0.01429	0.01931	0.51318	0.06918	0.27102	0.01223	0.00647	0.00179	0.00270	0.02573	0.00566	0.00495
41	0.01955	0.01550	0.09811	0.01232	0.01691	0.01485	0.01092	0.54498	0.03724	0.12613	0.01453	0.03908	0.01056	0.00678	0.00548	0.00168	0.00592	0.00525	0.00527	0.00897
42	0.00793	0.00529	0.00595	0.00595	0.00595	0.00529	0.00330	0.00793	0.00793	0.01057	0.01718	0.03568	0.01982	0.80840	0.02775	0.00529	0.00529	0.00793	0.00330	0.00330
43	0.00793	0.00529	0.00595	0.00595	0.00595	0.00529	0.00330	0.00793	0.00793	0.01057	0.01718	0.03568	0.01982	0.80840	0.02775	0.00529	0.00529	0.00793	0.00330	0.00330
44	0.01450	0.01503	0.01870	0.04962	0.44993	0.19077	0.03513	0.01753	0.02809	0.01683	0.01151	0.01574	0.00987	0.00571	0.00532	0.00161	0.00698	0.04179	0.05778	0.00756
45	0.01048	0.00975	0.01637	0.72616	0.08101	0.01196	0.01490	0.01406	0.01101	0.01435	0.00996	0.01464	0.00755	0.00544	0.00540	0.00179	0.00708	0.00485	0.02705	0.00618
46	0.02446	0.00928	0.01265	0.00970	0.01392	0.00801	0.00801	0.02657	0.01560	0.77817	0.02151	0.01856	0.01350	0.00675	0.00548	0.00169	0.00464	0.00548	0.00675	0.00928
47	0.01336	0.03845	0.02237	0.03155	0.69587	0.01307	0.04763	0.01659	0.01239	0.01759	0.01075	0.01480	0.00924	0.00514	0.00544	0.00164	0.00653	0.02640	0.00276	0.00842

[dist]
# distance from previous block
# <min> <max>
0	16

[block]
# block no. 6 follows, 44 sequences, length 18
# corresponding to MSA columns:
# 420-437
name=unknown_G
#
# <colnr> <probs for GDERKNQSTAVLIFYWHMCP>
#	G	D	E	R	K	N	Q	S	T	A	V	L	I	F	Y	W	H	M	C	P
0	0.14530	0.00745	0.00872	0.00771	0.01009	0.00716	0.00601	0.03330	0.01399	0.21059	0.30601	0.10365	0.09914	0.00978	0.00573	0.00176	0.00351	0.00824	0.00558	0.00628
1	0.71401	0.00968	0.00755	0.00684	0.00988	0.01109	0.00557	0.01550	0.00962	0.02380	0.00921	0.01068	0.00719	0.00527	0.00344	0.00162	0.00395	0.00329	0.13605	0.00577
2	0.00664	0.00474	0.00633	0.00759	0.00791	0.00443	0.00506	0.00759	0.01044	0.01392	0.03005	0.80485	0.03606	0.01708	0.00696	0.00221	0.00316	0.01550	0.00506	0.00443
3	0.01336	0.01281	0.02188	0.06580	0.74312	0.01292	0.01666	0.01661	0.01235	0.01765	0.01023	0.01354	0.00858	0.00488	0.00540	0.00163	0.00651	0.00486	0.00269	0.00853
4	0.01200	0.00978	0.01164	0.00847	0.01304	0.00778	0.00681	0.01434	0.01137	0.05575	0.01016	0.01170	0.00830	0.00445	0.00480	0.00093	0.04390	0.00342	0.00336	0.75799
5	0.60329	0.09100	0.01184	0.00966	0.05010	0.10592	0.00745	0.03608	0.01078	0.02192	0.00797	0.00930	0.00637	0.00512	0.00373	0.00160	0.00521	0.00316	0.00322	0.00629
6	0.84691	0.01054	0.00801	0.00717	0.01054	0.01223	0.00590	0.01603	0.00928	0.02446	0.00759	0.00886	0.00590	0.00506	0.00337	0.00169	0.00422	0.00295	0.00337	0.00590
7	0.00748	0.00516	0.00601	0.00635	0.00656	0.00501	0.00382	0.00783	0.00891	0.01175	0.02331	0.23829	0.07865	0.54357	0.02076	0.00423	0.00455	0.01017	0.00389	0.00369
8	0.00786	0.00530	0.00593	0.00593	0.00601	0.00525	0.00334	0.00792	0.00813	0.01076	0.01891	0.03644	0.05402	0.77229	0.02678	0.00513	0.00517	0.00809	0.00338	0.00336
9	0.00761	0.00556	0.00708	0.00671	0.00800	0.00510	0.00499	0.00999	0.01492	0.02086	0.68260	0.04162	0.11552	0.03699	0.00712	0.00184	0.00268	0.00995	0.00583	0.00504
10	0.00695	0.00499	0.00661	0.00738	0.00798	0.00464	0.00508	0.00838	0.01189	0.01623	0.24575	0.58255	0.04053	0.01535	0.00680	0.00207	0.00299	0.01386	0.00533	0.00464
11	0.01349	0.01295	0.02213	0.03346	0.77440	0.01295	0.01673	0.01673	0.01241	0.01781	0.01025	0.01349	0.00864	0.00486	0.00540	0.00162	0.00648	0.00486	0.00270	0.00864
12	0.01093	0.02820	0.78016	0.01554	0.02360	0.01266	0.02014	0.01727	0.01151	0.01727	0.00978	0.01151	0.00691	0.00518	0.00518	0.00173	0.00806	0.00403	0.00230	0.00806
13	0.02037	0.02598	0.01545	0.01404	0.01685	0.78652	0.01053	0.02177	0.01545	0.01334	0.00843	0.00983	0.00702	0.00562	0.00492	0.00140	0.00983	0.00351	0.00281	0.00632
14	0.00752	0.00660	0.00654	0.00655	0.00823	0.03974	0.00484	0.00957	0.04445	0.01566	0.12467	0.14682	0.53280	0.01332	0.00640	0.00186	0.00317	0.01127	0.00508	0.00488
15	0.02368	0.00905	0.01224	0.00945	0.01350	0.00785	0.00778	0.02581	0.01538	0.73678	0.02130	0.01865	0.01352	0.00673	0.00539	0.00166	0.00452	0.00546	0.05218	0.00905
16	0.01205	0.01129	0.01882	0.44034	0.35183	0.01265	0.01564	0.04283	0.01210	0.01635	0.01006	0.01404	0.00793	0.00524	0.00543	0.00173	0.00688	0.00485	0.00265	0.00728
17	0.01814	0.01721	0.01617	0.04987	0.10065	0.23295	0.01111	0.31402	0.12493	0.02356	0.01246	0.01328	0.00947	0.00624	0.00560	0.00162	0.02577	0.00468	0.00421	0.00806

[dist]
# distance from previous block
# <min> <max>
1	2

[block]
# block no. 7 follows, 44 sequences, length 55
# corresponding to MSA columns:
# 440-494
name=unknown_H
#
# <colnr> <probs for GDERKNQSTAVLIFYWHMCP>
#	G	D	E	R	K	N	Q	S	T	A	V	L	I	F	Y	W	H	M	C	P
0	0.00793	0.00529	0.00595	0.00595	0.00595	0.00529	0.00330	0.00793	0.00793	0.01057	0.01718	0.03568	0.01982	0.80840	0.02775	0.00529	0.00529	0.00793	0.00330	0.00330
1	0.00768	0.00557	0.00723	0.00682	0.00812	0.00513	0.00511	0.01021	0.01534	0.02163	0.74849	0.04110	0.07461	0.01123	0.00643	0.00172	0.00258	0.00991	0.00597	0.00513
2	0.00676	0.00484	0.00643	0.00751	0.00793	0.00451	0.00507	0.00789	0.01100	0.01480	0.11282	0.71954	0.03777	0.01642	0.00690	0.00216	0.00310	0.01487	0.00517	0.00451
3	0.01458	0.81168	0.02857	0.00933	0.01399	0.02157	0.00933	0.01632	0.01108	0.01283	0.00758	0.00875	0.00700	0.00466	0.00350	0.00117	0.00583	0.00292	0.00233	0.00700
4	0.01455	0.01492	0.02091	0.03003	0.64293	0.13123	0.01562	0.01775	0.02837	0.01723	0.01022	0.01307	0.00855	0.00503	0.00533	0.00159	0.00695	0.00468	0.00277	0.00828
5	0.01078	0.06262	0.65672	0.01462	0.02178	0.01236	0.03332	0.01642	0.01161	0.01706	0.04085	0.05587	0.01028	0.00603	0.00527	0.00173	0.00749	0.00488	0.00261	0.00768
6	0.01458	0.81168	0.02857	0.00933	0.01399	0.02157	0.00933	0.01632	0.01108	0.01283	0.00758	0.00875	0.00700	0.00466	0.00350	0.00117	0.00583	0.00292	0.00233	0.00700
7	0.01444	0.01336	0.01724	0.28950	0.15080	0.12052	0.05000	0.08652	0.05643	0.06175	0.01148	0.01416	0.00878	0.00588	0.00609	0.00172	0.05216	0.00486	0.02713	0.00719
8	0.02072	0.01527	0.01636	0.01254	0.01691	0.01691	0.01036	0.75622	0.02563	0.03436	0.01309	0.01309	0.00927	0.00654	0.00545	0.00164	0.00600	0.00491	0.00545	0.00927
9	0.00681	0.00552	0.00604	0.00595	0.00760	0.00475	0.00445	0.00852	0.01323	0.01674	0.25820	0.06770	0.54915	0.01313	0.00645	0.00181	0.00272	0.01114	0.00533	0.00475
10	0.01356	0.01171	0.01233	0.01109	0.01418	0.01356	0.00863	0.02897	0.76455	0.02281	0.02219	0.02034	0.01664	0.00740	0.00555	0.00185	0.00431	0.00616	0.00555	0.00863
11	0.01030	0.00969	0.01635	0.79530	0.03755	0.01211	0.01514	0.01393	0.01090	0.01393	0.00969	0.01453	0.00727	0.00545	0.00545	0.00182	0.00727	0.00484	0.00242	0.00606
12	0.02072	0.01527	0.01636	0.01254	0.01691	0.01691	0.01036	0.75622	0.02563	0.03436	0.01309	0.01309	0.00927	0.00654	0.00545	0.00164	0.00600	0.00491	0.00545	0.00927
13	0.01473	0.79112	0.02822	0.00945	0.01407	0.04159	0.00936	0.01647	0.01119	0.01284	0.00760	0.00877	0.00700	0.00469	0.00354	0.00117	0.00593	0.00293	0.00234	0.00698
14	0.03926	0.01025	0.05581	0.01004	0.02791	0.00907	0.00807	0.14518	0.04846	0.18005	0.03692	0.24326	0.01895	0.02211	0.00601	0.00178	0.00454	0.00796	0.00500	0.11938
15	0.00779	0.00584	0.00876	0.00876	0.00974	0.00681	0.00681	0.00974	0.00876	0.01266	0.01460	0.02142	0.01363	0.04089	0.78680	0.00876	0.01460	0.00584	0.00292	0.00487
16	0.00792	0.00532	0.00612	0.00612	0.00618	0.00538	0.00352	0.00804	0.00798	0.01070	0.01702	0.03481	0.01944	0.76181	0.07382	0.00550	0.00585	0.00780	0.00328	0.00340
17	0.01245	0.01189	0.02025	0.28158	0.53442	0.01268	0.01621	0.01582	0.01192	0.01655	0.01007	0.01383	0.00819	0.00505	0.00541	0.00168	0.00673	0.00485	0.00261	0.00780
18	0.01211	0.22612	0.49425	0.01490	0.02177	0.01507	0.11009	0.01705	0.01157	0.01616	0.00938	0.01121	0.00710	0.00497	0.00491	0.00160	0.00763	0.00405	0.00237	0.00770
19	0.00664	0.00474	0.00633	0.00759	0.00791	0.00443	0.00506	0.00759	0.01044	0.01392	0.03005	0.80485	0.03606	0.01708	0.00696	0.00221	0.00316	0.01550	0.00506	0.00443
20	0.00785	0.00525	0.00597	0.00604	0.00606	0.00524	0.00340	0.00791	0.00807	0.01076	0.01791	0.07959	0.02075	0.76323	0.02656	0.00511	0.00516	0.00836	0.00340	0.00337
21	0.02974	0.01562	0.01845	0.13725	0.20440	0.21133	0.09899	0.10698	0.01437	0.01792	0.01127	0.05600	0.00958	0.00610	0.00565	0.00166	0.02187	0.00525	0.02038	0.00718
22	0.01206	0.01261	0.02468	0.29339	0.15579	0.01312	0.35927	0.01602	0.01202	0.01620	0.01036	0.01439	0.00796	0.00504	0.00615	0.00181	0.02384	0.00558	0.00262	0.00709
23	0.05989	0.00601	0.00608	0.00580	0.00746	0.00614	0.00444	0.01458	0.05453	0.06205	0.01765	0.01956	0.01363	0.00636	0.00398	0.00135	0.00285	0.00504	0.69706	0.00556
24	0.84691	0.01054	0.00801	0.00717	0.01054	0.01223	0.00590	0.01603	0.00928	0.02446	0.00759	0.00886	0.00590	0.00506	0.00337	0.00169	0.00422	0.00295	0.00337	0.00590
25	0.00671	0.00477	0.00631	0.00750	0.00780	0.00447	0.00496	0.00761	0.01030	0.01373	0.02935	0.76289	0.03517	0.06024	0.00809	0.00238	0.00328	0.01509	0.00496	0.00437
26	0.01067	0.01009	0.01416	0.01247	0.01306	0.03078	0.03210	0.01226	0.00884	0.01321	0.01009	0.01543	0.00957	0.02023	0.28629	0.00456	0.46882	0.00517	0.01659	0.00561
27	0.00685	0.00536	0.00623	0.00666	0.00784	0.00481	0.00475	0.00853	0.02950	0.01548	0.13360	0.35730	0.36421	0.01466	0.00663	0.00198	0.00294	0.01281	0.00519	0.00469
28	0.00804	0.00612	0.00877	0.00875	0.00950	0.00713	0.00666	0.00967	0.00896	0.01291	0.01634	0.12661	0.01656	0.08852	0.54675	0.00693	0.07477	0.00718	0.02502	0.00479
29	0.01438	0.01311	0.02111	0.12104	0.49199	0.01364	0.06962	0.15158	0.01468	0.02034	0.01076	0.01363	0.00856	0.00522	0.00549	0.00166	0.00668	0.00498	0.00317	0.00835
30	0.01319	0.01015	0.01154	0.01024	0.01278	0.01113	0.00822	0.20448	0.21325	0.04428	0.08597	0.07858	0.11024	0.00999	0.00677	0.00192	0.05071	0.10418	0.00525	0.00714
31	0.01316	0.01279	0.02238	0.10153	0.65006	0.01294	0.07369	0.01653	0.01231	0.01743	0.01026	0.01368	0.00848	0.00489	0.00548	0.00165	0.00676	0.00498	0.00268	0.00830
32	0.01359	0.62334	0.05815	0.00961	0.01381	0.03529	0.00932	0.01625	0.05502	0.01374	0.01105	0.09844	0.01080	0.00625	0.00411	0.00135	0.00563	0.00457	0.00283	0.00684
33	0.01287	0.01471	0.03217	0.02298	0.02849	0.01379	0.75460	0.01746	0.01287	0.01746	0.01103	0.01471	0.00827	0.00460	0.00643	0.00184	0.00919	0.00643	0.00276	0.00735
34	0.01370	0.01301	0.02070	0.09246	0.62130	0.03053	0.01572	0.04869	0.05674	0.01839	0.01098	0.01388	0.00898	0.00514	0.00540	0.00164	0.00647	0.00490	0.00296	0.00840
35	0.63975	0.04706	0.12365	0.00865	0.01282	0.01244	0.00828	0.01684	0.01005	0.06681	0.00873	0.00981	0.00654	0.00516	0.00377	0.00167	0.00488	0.00326	0.00337	0.00647
36	0.00753	0.00510	0.00618	0.00666	0.00680	0.00499	0.00409	0.00787	0.00892	0.01188	0.02187	0.30953	0.02565	0.48970	0.01971	0.02298	0.00451	0.02836	0.00395	0.00372
37	0.01130	0.00969	0.01130	0.00807	0.01292	0.00727	0.00646	0.01373	0.01130	0.01776	0.00969	0.01130	0.00807	0.00404	0.00404	0.00081	0.00404	0.00323	0.00323	0.84173
38	0.02731	0.13035	0.26673	0.13029	0.18489	0.02960	0.10514	0.01684	0.01185	0.03319	0.00990	0.01244	0.00764	0.00505	0.00515	0.00164	0.00732	0.00446	0.00259	0.00762
39	0.04717	0.07217	0.70397	0.01482	0.02248	0.01315	0.01891	0.01716	0.01139	0.01732	0.00956	0.01124	0.00687	0.00515	0.00501	0.00169	0.00776	0.00392	0.00235	0.00790
40	0.00664	0.00476	0.00631	0.00754	0.00789	0.00443	0.00504	0.00760	0.01048	0.01394	0.03065	0.78697	0.05354	0.01700	0.00695	0.00221	0.00315	0.01540	0.00506	0.00443
41	0.00793	0.00529	0.00595	0.00595	0.00595	0.00529	0.00330	0.00793	0.00793	0.01057	0.01718	0.03568	0.01982	0.80840	0.02775	0.00529	0.00529	0.00793	0.00330	0.00330
42	0.06753	0.00958	0.01279	0.00979	0.01403	0.00843	0.02781	0.02454	0.02843	0.62881	0.01933	0.01725	0.01247	0.00635	0.00525	0.00161	0.00467	0.00516	0.00609	0.09009
