[name]
unknown

[dist]
# distance from previous block
# <min> <max>
4	166

[block]
# block no. 0 follows, 41 sequences, length 24
# corresponding to MSA columns:
# 200-223
name=unknown_A
#
# <colnr> <probs for GDERKNQSTAVLIFYWHMCP>
#	G	D	E	R	K	N	Q	S	T	A	V	L	I	F	Y	W	H	M	C	P
0	0.05945	0.08355	0.09622	0.03210	0.03512	0.00884	0.00833	0.01322	0.01239	0.08133	0.10083	0.22849	0.13677	0.04308	0.00695	0.00202	0.00458	0.00936	0.00457	0.03280
1	0.05715	0.03044	0.14074	0.01875	0.20382	0.03494	0.06605	0.13287	0.10463	0.05229	0.01508	0.03925	0.03490	0.00650	0.00561	0.00175	0.00648	0.00559	0.00396	0.03919
2	0.07089	0.00755	0.00907	0.00845	0.00972	0.00774	0.03281	0.10509	0.01239	0.01760	0.08044	0.23900	0.02518	0.33078	0.01558	0.00345	0.00487	0.00980	0.00448	0.00512
3	0.04279	0.08348	0.30384	0.06560	0.20342	0.01342	0.01591	0.03604	0.04002	0.09234	0.02433	0.01502	0.02725	0.00591	0.00540	0.00174	0.00690	0.00489	0.00336	0.00835
4	0.12717	0.49187	0.10571	0.01024	0.01517	0.01830	0.01030	0.01852	0.03897	0.08505	0.02642	0.01162	0.00918	0.00546	0.00418	0.00145	0.00590	0.00372	0.00322	0.00755
5	0.01174	0.00729	0.00897	0.00827	0.01025	0.00703	0.00638	0.01402	0.04536	0.17185	0.11194	0.14635	0.28655	0.04464	0.00842	0.00215	0.06129	0.03586	0.00552	0.00613
6	0.01109	0.01111	0.07818	0.24317	0.02099	0.03131	0.04445	0.01495	0.05688	0.01704	0.05136	0.05391	0.01424	0.05490	0.03141	0.00228	0.08430	0.00616	0.16605	0.00623
7	0.07789	0.03792	0.05032	0.14265	0.11530	0.09608	0.03262	0.08418	0.13827	0.01984	0.01310	0.01554	0.01038	0.02048	0.04051	0.00217	0.04380	0.00507	0.04637	0.00748
8	0.00719	0.00519	0.00682	0.00782	0.00841	0.00482	0.00539	0.00850	0.01188	0.01593	0.13870	0.62859	0.07568	0.01679	0.00721	0.00224	0.00326	0.03538	0.00545	0.00478
9	0.01894	0.01219	0.01351	0.01071	0.01437	0.01291	0.00869	0.43415	0.02135	0.14404	0.05647	0.01984	0.04693	0.03502	0.00639	0.00182	0.00520	0.00595	0.12308	0.00845
10	0.09432	0.26313	0.14043	0.05130	0.01763	0.13662	0.01155	0.06303	0.08097	0.03980	0.01174	0.04486	0.00978	0.00621	0.00482	0.00160	0.00678	0.00452	0.00339	0.00750
11	0.05273	0.00846	0.00914	0.03913	0.01141	0.03906	0.00660	0.05503	0.10481	0.03992	0.20827	0.16184	0.18140	0.04750	0.00739	0.00209	0.00405	0.00985	0.00530	0.00601
12	0.01074	0.00626	0.00821	0.00859	0.00981	0.00590	0.00613	0.01276	0.05025	0.14679	0.02910	0.57092	0.03196	0.03804	0.00761	0.00231	0.00379	0.03951	0.00559	0.00575
13	0.00819	0.00553	0.00645	0.00658	0.00667	0.00556	0.00386	0.00840	0.00861	0.01154	0.01909	0.10573	0.02196	0.68170	0.07253	0.00547	0.00594	0.00891	0.00361	0.00367
14	0.01550	0.08433	0.16705	0.04062	0.18489	0.09754	0.03927	0.08661	0.11691	0.05815	0.02315	0.01480	0.01057	0.00601	0.00543	0.00170	0.00694	0.00496	0.02725	0.00834
15	0.01226	0.04133	0.52522	0.02021	0.15192	0.01378	0.09811	0.01790	0.01229	0.01802	0.01037	0.01275	0.00772	0.00542	0.00594	0.00181	0.02936	0.00465	0.00254	0.00839
16	0.00731	0.00516	0.00685	0.00811	0.00856	0.00487	0.00562	0.00848	0.01113	0.01493	0.03078	0.68730	0.03640	0.03530	0.00778	0.00240	0.00355	0.08548	0.02529	0.00470
17	0.03018	0.15985	0.09822	0.02783	0.01601	0.03955	0.02654	0.21870	0.01575	0.02185	0.03259	0.01493	0.01079	0.00975	0.07268	0.00232	0.08710	0.00485	0.10304	0.00747
18	0.04881	0.01628	0.21485	0.26382	0.10335	0.03357	0.01523	0.07069	0.02471	0.07756	0.01241	0.01636	0.00956	0.00664	0.00613	0.02691	0.00715	0.03505	0.00335	0.00759
19	0.01169	0.01059	0.01649	0.35622	0.14035	0.01235	0.02852	0.05738	0.03656	0.01681	0.01480	0.03699	0.04921	0.01067	0.07882	0.00263	0.07897	0.03091	0.00323	0.00681
20	0.00986	0.11456	0.08090	0.00815	0.00980	0.00888	0.00649	0.03776	0.01016	0.01347	0.01766	0.13509	0.01968	0.48165	0.01963	0.00403	0.00561	0.00821	0.00357	0.00484
21	0.01316	0.11921	0.17121	0.04802	0.15391	0.07199	0.04027	0.05895	0.03106	0.01783	0.01596	0.09790	0.05125	0.00758	0.00561	0.00174	0.00662	0.03461	0.00345	0.04969
22	0.03182	0.04283	0.07759	0.12956	0.04623	0.03466	0.18011	0.11721	0.04535	0.05779	0.01408	0.02983	0.03000	0.04632	0.00796	0.00204	0.06561	0.00588	0.02769	0.00746
23	0.01060	0.00716	0.00859	0.00851	0.00976	0.00720	0.00601	0.10864	0.04436	0.05627	0.06113	0.42671	0.02914	0.15172	0.01065	0.00271	0.00419	0.01183	0.02919	0.00562

[dist]
# distance from previous block
# <min> <max>
2	25

[block]
# block no. 1 follows, 41 sequences, length 17
# corresponding to MSA columns:
# 249-265
name=unknown_B
#
# <colnr> <probs for GDERKNQSTAVLIFYWHMCP>
#	G	D	E	R	K	N	Q	S	T	A	V	L	I	F	Y	W	H	M	C	P
0	0.04968	0.12791	0.09484	0.01226	0.06573	0.05349	0.01018	0.07990	0.01419	0.18494	0.01410	0.05281	0.01128	0.03181	0.00581	0.00163	0.00577	0.00502	0.00421	0.17445
1	0.01595	0.09365	0.01622	0.02749	0.03021	0.05797	0.04523	0.19668	0.05337	0.08790	0.03692	0.06772	0.02749	0.02958	0.02804	0.00192	0.02741	0.00587	0.00445	0.14591
2	0.01195	0.00823	0.01050	0.02925	0.01228	0.00752	0.03766	0.05447	0.04214	0.11722	0.17395	0.09923	0.19353	0.01007	0.00606	0.00172	0.00401	0.00867	0.03831	0.13323
3	0.03726	0.05698	0.40593	0.01569	0.08364	0.01246	0.04215	0.04290	0.01347	0.16500	0.01431	0.01517	0.03022	0.00602	0.00543	0.00175	0.00702	0.00489	0.03126	0.00845
4	0.05587	0.19739	0.31661	0.01205	0.01737	0.03559	0.01315	0.01723	0.03902	0.06784	0.03950	0.11063	0.03982	0.00757	0.00528	0.00173	0.00637	0.00602	0.00352	0.00745
5	0.01007	0.00609	0.00780	0.00803	0.00903	0.00575	0.00555	0.03447	0.01209	0.10768	0.08707	0.47840	0.03231	0.15475	0.01090	0.00277	0.00395	0.01272	0.00529	0.00529
6	0.01276	0.01048	0.01096	0.00972	0.01245	0.07171	0.00750	0.06997	0.15893	0.05274	0.07350	0.10333	0.06191	0.03718	0.08123	0.00254	0.00580	0.03573	0.02871	0.15284
7	0.00977	0.00677	0.00903	0.00894	0.01050	0.00623	0.02683	0.03186	0.03306	0.07152	0.04597	0.54768	0.03098	0.01445	0.00675	0.00208	0.00387	0.03245	0.00521	0.09606
8	0.00751	0.00543	0.00690	0.00782	0.00839	0.00518	0.00528	0.02790	0.01125	0.01489	0.03136	0.62296	0.09123	0.08790	0.03486	0.00279	0.00397	0.01459	0.00508	0.00471
9	0.00706	0.00506	0.00657	0.00773	0.00812	0.00472	0.00513	0.00800	0.01086	0.01439	0.03185	0.70381	0.07230	0.07432	0.00885	0.00254	0.00346	0.01548	0.00518	0.00457
10	0.01145	0.01065	0.01749	0.68886	0.07630	0.01312	0.01567	0.04206	0.01201	0.01560	0.01024	0.01504	0.00778	0.00588	0.00618	0.00191	0.03539	0.00508	0.00267	0.00662
11	0.01102	0.00620	0.00686	0.06310	0.00971	0.00645	0.00529	0.04954	0.01264	0.02119	0.01852	0.06410	0.01520	0.00724	0.00440	0.00145	0.00325	0.00592	0.68236	0.00559
12	0.01135	0.00599	0.00606	0.00581	0.00735	0.00610	0.00442	0.05839	0.01291	0.02223	0.01836	0.02086	0.01436	0.00668	0.00410	0.00136	0.00289	0.00532	0.77987	0.00560
13	0.00872	0.00600	0.00780	0.00851	0.00960	0.00571	0.00660	0.01047	0.01237	0.04318	0.09185	0.25280	0.12052	0.10415	0.00983	0.00270	0.00427	0.28469	0.00523	0.00502
14	0.01077	0.00875	0.01332	0.01373	0.12361	0.00845	0.08614	0.07002	0.01511	0.03856	0.31398	0.17230	0.07999	0.01082	0.00658	0.00190	0.00451	0.00987	0.00515	0.00646
15	0.00949	0.00734	0.00842	0.00831	0.01009	0.00732	0.00633	0.06557	0.11791	0.01937	0.14350	0.21330	0.24053	0.01328	0.00671	0.00204	0.00367	0.08308	0.02785	0.00588
16	0.00800	0.00590	0.00801	0.00873	0.00954	0.00565	0.02490	0.03261	0.01193	0.01583	0.04984	0.57197	0.05935	0.05103	0.00824	0.00245	0.00391	0.11197	0.00520	0.00495

[dist]
# distance from previous block
# <min> <max>
4	8

[block]
# block no. 2 follows, 41 sequences, length 22
# corresponding to MSA columns:
# 274-295
name=unknown_C
#
# <colnr> <probs for GDERKNQSTAVLIFYWHMCP>
#	G	D	E	R	K	N	Q	S	T	A	V	L	I	F	Y	W	H	M	C	P
0	0.05390	0.12373	0.09323	0.03473	0.19490	0.14035	0.05271	0.17953	0.03710	0.02136	0.01094	0.01264	0.00858	0.00571	0.00527	0.00164	0.00733	0.00456	0.00351	0.00826
1	0.00802	0.00580	0.00748	0.00811	0.00875	0.00574	0.00571	0.00916	0.01125	0.03271	0.06323	0.50074	0.11289	0.09823	0.01017	0.00261	0.04961	0.04995	0.00504	0.00482
2	0.01135	0.00665	0.00884	0.00852	0.00999	0.00644	0.00633	0.01298	0.01283	0.16788	0.16139	0.33703	0.08233	0.04158	0.05326	0.00261	0.04731	0.01130	0.00550	0.00590
3	0.01011	0.05008	0.00927	0.00848	0.00991	0.00715	0.00626	0.01292	0.08483	0.08359	0.07568	0.41344	0.07704	0.06936	0.00832	0.00236	0.00394	0.05627	0.00529	0.00570
4	0.02985	0.02320	0.49029	0.13754	0.06576	0.04183	0.05248	0.01715	0.01214	0.01743	0.01137	0.05471	0.00909	0.00612	0.00560	0.00184	0.00800	0.00513	0.00268	0.00780
5	0.01466	0.01400	0.01982	0.08046	0.44400	0.09748	0.05369	0.05997	0.01397	0.01923	0.01178	0.01481	0.00954	0.00553	0.00545	0.00165	0.00682	0.00506	0.11402	0.00806
6	0.23047	0.00886	0.00926	0.00802	0.01077	0.00924	0.00631	0.06414	0.05617	0.18006	0.04902	0.01895	0.01404	0.05015	0.00681	0.04113	0.00419	0.00526	0.22042	0.00675
7	0.06981	0.03314	0.02101	0.30286	0.17559	0.01356	0.16111	0.04915	0.04615	0.01846	0.01111	0.01455	0.00859	0.00544	0.00565	0.00179	0.00725	0.00522	0.00306	0.04652
8	0.04860	0.02575	0.01020	0.06051	0.01247	0.00883	0.00703	0.10098	0.06914	0.06429	0.20970	0.08133	0.15726	0.08265	0.03407	0.00243	0.00463	0.00869	0.00518	0.00625
9	0.00717	0.00513	0.00665	0.00767	0.00811	0.00479	0.00512	0.00822	0.01120	0.01496	0.08741	0.64209	0.06510	0.08643	0.00917	0.00255	0.00345	0.01494	0.00522	0.00461
10	0.00842	0.00558	0.00740	0.04264	0.00971	0.00537	0.00567	0.00969	0.01137	0.05065	0.08219	0.54825	0.03361	0.10369	0.00942	0.00256	0.00376	0.01345	0.04165	0.00492
11	0.05766	0.01072	0.01322	0.11816	0.01740	0.01137	0.00956	0.23580	0.03628	0.18335	0.08693	0.10133	0.01916	0.00897	0.00605	0.00190	0.00532	0.06357	0.00544	0.00780
12	0.00933	0.00677	0.00759	0.00719	0.00900	0.00628	0.00532	0.07568	0.01427	0.05133	0.16018	0.13709	0.39014	0.08341	0.00868	0.00225	0.00355	0.01107	0.00542	0.00544
13	0.00806	0.00533	0.00692	0.00783	0.00848	0.00492	0.00530	0.00909	0.01124	0.05571	0.03207	0.65725	0.08544	0.06284	0.00846	0.00245	0.00350	0.01493	0.00530	0.00487
14	0.12949	0.01276	0.01654	0.34440	0.11373	0.05498	0.01326	0.12719	0.02897	0.01999	0.01043	0.01367	0.00809	0.00620	0.00654	0.00186	0.07661	0.00476	0.00329	0.00723
15	0.09029	0.01278	0.01806	0.17420	0.30441	0.01384	0.01366	0.16992	0.05609	0.05614	0.02824	0.01509	0.01030	0.00599	0.00553	0.00177	0.00634	0.00514	0.00387	0.00835
16	0.00796	0.00575	0.00692	0.00750	0.00835	0.00545	0.00514	0.04309	0.01197	0.01586	0.05516	0.48544	0.16366	0.10749	0.00954	0.00255	0.00360	0.01347	0.03629	0.00483
17	0.02188	0.00831	0.00855	0.00804	0.00994	0.04357	0.00602	0.12692	0.01474	0.02038	0.08830	0.22125	0.17188	0.02637	0.00640	0.00188	0.00393	0.00969	0.17437	0.02757
18	0.05864	0.01299	0.01533	0.02504	0.01618	0.01434	0.04968	0.41948	0.04821	0.04771	0.02674	0.10302	0.01389	0.00921	0.02837	0.00206	0.05341	0.00655	0.04095	0.00819
19	0.06605	0.00834	0.01188	0.11397	0.01558	0.00840	0.06581	0.01336	0.01244	0.08955	0.11992	0.19299	0.10654	0.04264	0.00771	0.00206	0.04171	0.00905	0.00458	0.06743
20	0.03510	0.19673	0.08236	0.06947	0.07039	0.11485	0.05432	0.05674	0.05690	0.01794	0.09621	0.01683	0.03149	0.00683	0.00635	0.00170	0.06980	0.00525	0.00348	0.00725
21	0.01155	0.00981	0.01035	0.00945	0.01180	0.06490	0.00711	0.08619	0.12585	0.02012	0.14913	0.25829	0.04334	0.01170	0.02366	0.00197	0.00461	0.00942	0.00507	0.13566

[dist]
# distance from previous block
# <min> <max>
1	58

[block]
# block no. 3 follows, 41 sequences, length 31
# corresponding to MSA columns:
# 366-396
name=unknown_D
#
# <colnr> <probs for GDERKNQSTAVLIFYWHMCP>
#	G	D	E	R	K	N	Q	S	T	A	V	L	I	F	Y	W	H	M	C	P
0	0.01540	0.01065	0.01254	0.03116	0.01441	0.01003	0.00800	0.13362	0.07464	0.13745	0.01596	0.01769	0.02931	0.03020	0.00618	0.00153	0.02841	0.01938	0.05828	0.34515
1	0.01251	0.00841	0.00970	0.03182	0.01088	0.00871	0.00621	0.16666	0.03411	0.07293	0.08816	0.06005	0.05583	0.38961	0.01720	0.00362	0.00522	0.00798	0.00466	0.00577
2	0.00756	0.00533	0.00679	0.00773	0.00825	0.00505	0.00523	0.01913	0.01128	0.01519	0.05936	0.59596	0.06216	0.10274	0.00954	0.00261	0.00360	0.03585	0.03197	0.00467
3	0.01246	0.00833	0.01119	0.10015	0.01456	0.00856	0.05491	0.09468	0.03330	0.06804	0.07182	0.12403	0.01854	0.00870	0.00593	0.02675	0.00450	0.00718	0.29316	0.03322
4	0.01803	0.01165	0.01449	0.06456	0.06524	0.01137	0.00963	0.15578	0.11945	0.23538	0.01622	0.01607	0.01156	0.00618	0.00536	0.00155	0.00523	0.00504	0.00512	0.22209
5	0.09448	0.00812	0.00947	0.00872	0.01111	0.00802	0.00681	0.05986	0.07075	0.16762	0.12409	0.16563	0.14079	0.01161	0.00666	0.02168	0.00406	0.06835	0.00561	0.00658
6	0.00704	0.00510	0.00653	0.00763	0.00810	0.00472	0.00509	0.00801	0.01099	0.01446	0.03332	0.67046	0.11011	0.06876	0.00868	0.00249	0.00342	0.01531	0.00519	0.00459
7	0.01147	0.02959	0.76934	0.01630	0.02476	0.01328	0.02113	0.01811	0.01208	0.01811	0.01026	0.01208	0.00725	0.00543	0.00543	0.00181	0.00845	0.00423	0.00242	0.00845
8	0.00856	0.00596	0.00773	0.00722	0.00869	0.00546	0.00544	0.01119	0.01605	0.04501	0.70531	0.04260	0.08573	0.01168	0.00672	0.00180	0.00277	0.01029	0.00627	0.00550
9	0.00844	0.00561	0.00648	0.00648	0.00675	0.00563	0.00394	0.00893	0.00914	0.01262	0.05420	0.03642	0.03356	0.63659	0.07426	0.00523	0.00581	0.02006	0.05600	0.00383
10	0.01354	0.00710	0.00918	0.00847	0.01061	0.00647	0.00652	0.01572	0.03119	0.25412	0.16193	0.18114	0.11890	0.06898	0.00825	0.00226	0.00402	0.07920	0.00592	0.00649
11	0.01469	0.62386	0.09923	0.01233	0.01768	0.02066	0.11019	0.01738	0.01192	0.01455	0.00866	0.01029	0.00751	0.00493	0.00425	0.00137	0.00681	0.00367	0.00250	0.00749
12	0.01299	0.02675	0.57427	0.01516	0.02221	0.10839	0.01804	0.06204	0.01356	0.01849	0.01374	0.01506	0.06190	0.00623	0.00551	0.00177	0.00815	0.00478	0.00289	0.00804
13	0.00736	0.00532	0.00650	0.00714	0.00774	0.00496	0.00473	0.00834	0.01113	0.01466	0.09831	0.42993	0.15054	0.20171	0.01233	0.00298	0.00372	0.01318	0.00496	0.00446
14	0.00801	0.00572	0.00737	0.00800	0.00874	0.00549	0.00563	0.03446	0.01253	0.01697	0.18464	0.48305	0.03831	0.09033	0.00925	0.00252	0.00364	0.06508	0.00536	0.00492
15	0.01135	0.05949	0.01177	0.04574	0.04067	0.06439	0.00796	0.07997	0.04862	0.02039	0.30655	0.12071	0.04502	0.03545	0.00709	0.00200	0.00466	0.07689	0.00512	0.00618
16	0.01503	0.06686	0.03360	0.04953	0.01690	0.17211	0.03491	0.08674	0.06674	0.01729	0.01342	0.01579	0.05636	0.00807	0.01028	0.00196	0.29220	0.00523	0.03009	0.00692
17	0.17671	0.07178	0.08085	0.12102	0.16422	0.06097	0.10483	0.06319	0.01304	0.01995	0.01034	0.01291	0.00811	0.00539	0.00509	0.00169	0.00684	0.00456	0.03417	0.03435
18	0.01491	0.03766	0.02352	0.07543	0.04531	0.01398	0.32198	0.20361	0.01637	0.02229	0.01286	0.05922	0.01049	0.00611	0.00600	0.00173	0.00740	0.00618	0.00378	0.11115
19	0.00718	0.00522	0.00666	0.00764	0.00824	0.00484	0.00522	0.00832	0.01141	0.01503	0.07402	0.58666	0.12579	0.06779	0.00864	0.00247	0.00345	0.04151	0.00524	0.00466
20	0.03399	0.01090	0.04294	0.65361	0.03568	0.01251	0.03222	0.03145	0.01192	0.01577	0.01147	0.01799	0.00921	0.00633	0.00581	0.00194	0.00744	0.04955	0.00281	0.00646
21	0.06131	0.11389	0.16343	0.11671	0.13094	0.08601	0.09641	0.08553	0.03586	0.01922	0.03141	0.01377	0.00951	0.00570	0.00538	0.00171	0.00742	0.00481	0.00318	0.00781
22	0.00891	0.00615	0.00814	0.00816	0.00896	0.00689	0.00608	0.01066	0.00998	0.01516	0.01822	0.13468	0.01807	0.11754	0.34029	0.00543	0.06358	0.00758	0.20054	0.00498
23	0.00800	0.00581	0.00674	0.00713	0.00772	0.00568	0.00459	0.00958	0.05703	0.01374	0.02860	0.30612	0.12816	0.36576	0.01688	0.00368	0.00433	0.01152	0.00452	0.00442
24	0.01263	0.00901	0.01126	0.03502	0.06989	0.03522	0.00866	0.03550	0.08667	0.11149	0.05470	0.07745	0.06015	0.12932	0.01036	0.00264	0.02568	0.21303	0.00492	0.00640
25	0.00981	0.00667	0.00888	0.02899	0.03672	0.00639	0.00701	0.02780	0.02423	0.07720	0.17242	0.30684	0.11402	0.01397	0.00696	0.00214	0.00392	0.13483	0.00549	0.00569
26	0.01314	0.01068	0.06477	0.00925	0.01221	0.05656	0.00783	0.06334	0.06742	0.14558	0.25500	0.03450	0.20334	0.01025	0.00628	0.00183	0.00441	0.02119	0.00561	0.00682
27	0.01548	0.51776	0.02557	0.01162	0.01586	0.10726	0.06273	0.01842	0.06029	0.02956	0.01006	0.01168	0.00868	0.00777	0.05355	0.00190	0.02772	0.00392	0.00289	0.00727
28	0.01966	0.03580	0.01605	0.01348	0.06987	0.04315	0.01025	0.44266	0.02128	0.12198	0.01459	0.01523	0.01065	0.00902	0.05732	0.00216	0.00663	0.00514	0.05530	0.02979
29	0.07515	0.00911	0.03344	0.00959	0.02697	0.00825	0.00757	0.06493	0.03523	0.27384	0.19791	0.14080	0.07325	0.01003	0.00611	0.00187	0.00420	0.00852	0.00592	0.00732
30	0.01759	0.01183	0.01441	0.01162	0.01504	0.01241	0.05506	0.33255	0.06704	0.13921	0.04037	0.04604	0.01601	0.10330	0.00875	0.00227	0.00566	0.05081	0.04197	0.00805

[dist]
# distance from previous block
# <min> <max>
7	14

[block]
# block no. 4 follows, 41 sequences, length 21
# corresponding to MSA columns:
# 413-433
name=unknown_E
#
# <colnr> <probs for GDERKNQSTAVLIFYWHMCP>
#	G	D	E	R	K	N	Q	S	T	A	V	L	I	F	Y	W	H	M	C	P
0	0.48617	0.01128	0.02631	0.00954	0.01244	0.01284	0.00800	0.04832	0.01099	0.08234	0.01184	0.01363	0.03804	0.00918	0.05704	0.00239	0.14501	0.00432	0.00375	0.00657
1	0.06915	0.43120	0.07215	0.01160	0.01580	0.15190	0.03973	0.01767	0.01242	0.01545	0.03749	0.01166	0.00932	0.00575	0.00521	0.00147	0.05468	0.00386	0.02645	0.00703
2	0.00975	0.00853	0.00952	0.08367	0.01283	0.04344	0.00717	0.06432	0.03481	0.01737	0.09932	0.11360	0.35796	0.03842	0.00811	0.00209	0.05748	0.02118	0.00481	0.00563
3	0.37381	0.09199	0.04452	0.03441	0.03950	0.01342	0.03699	0.04994	0.01201	0.12149	0.02300	0.03039	0.00962	0.00751	0.03042	0.00203	0.06347	0.00450	0.00387	0.00711
4	0.12249	0.02869	0.00956	0.00810	0.01066	0.00886	0.00632	0.09680	0.05850	0.09962	0.12558	0.08374	0.22563	0.04682	0.00692	0.00200	0.00399	0.00846	0.04084	0.00642
5	0.04784	0.00680	0.00901	0.03522	0.01080	0.00665	0.02846	0.01208	0.04339	0.02179	0.55494	0.06536	0.06823	0.01138	0.00662	0.00188	0.00342	0.05472	0.00578	0.00563
6	0.00806	0.00623	0.00935	0.00963	0.01072	0.00589	0.06258	0.00987	0.01218	0.01626	0.10111	0.48908	0.05226	0.01578	0.00732	0.00230	0.00415	0.16695	0.00521	0.00509
7	0.01156	0.02896	0.73679	0.01665	0.02498	0.01334	0.05306	0.01812	0.01214	0.01812	0.01032	0.01222	0.00731	0.00541	0.00549	0.00182	0.00851	0.00434	0.00244	0.00842
8	0.00855	0.00582	0.00757	0.00779	0.00901	0.00537	0.00580	0.01056	0.01391	0.05412	0.35088	0.28757	0.11047	0.01416	0.00700	0.00206	0.00328	0.08497	0.00582	0.00529
9	0.00807	0.00593	0.00713	0.00732	0.00876	0.00539	0.00559	0.00989	0.01334	0.03393	0.21509	0.12878	0.31775	0.07037	0.00859	0.00232	0.00355	0.13772	0.00545	0.00504
10	0.01909	0.01226	0.01345	0.01067	0.01425	0.01309	0.00862	0.44700	0.02117	0.12985	0.01623	0.01757	0.01205	0.05500	0.00678	0.00187	0.00528	0.00546	0.18190	0.00841
11	0.05673	0.01111	0.01394	0.11172	0.01757	0.04685	0.00976	0.07090	0.01511	0.41392	0.04208	0.01773	0.01295	0.00722	0.00704	0.00184	0.09273	0.00546	0.03705	0.00829
12	0.01197	0.01171	0.01647	0.01429	0.01441	0.01622	0.01184	0.01332	0.00881	0.01370	0.00849	0.01376	0.00836	0.01414	0.11385	0.00334	0.69147	0.00515	0.00257	0.00611
13	0.00823	0.00551	0.00626	0.00635	0.00637	0.00549	0.00359	0.00829	0.00849	0.01132	0.01891	0.08699	0.02191	0.74790	0.02769	0.00533	0.00540	0.00884	0.00359	0.00354
14	0.00798	0.00620	0.00704	0.00729	0.00876	0.00571	0.00536	0.05317	0.01315	0.01659	0.06172	0.28713	0.39553	0.04121	0.00769	0.00221	0.00348	0.05942	0.00530	0.00507
15	0.01007	0.00757	0.00897	0.03127	0.01109	0.00760	0.00666	0.15401	0.01477	0.01931	0.04841	0.41020	0.19048	0.01441	0.00684	0.00211	0.00401	0.04110	0.00533	0.00578
16	0.01980	0.01399	0.01528	0.01208	0.01600	0.01526	0.00976	0.56553	0.05608	0.08216	0.01621	0.06718	0.01296	0.06161	0.00743	0.00203	0.00587	0.00619	0.00564	0.00894
17	0.00922	0.05858	0.00925	0.00775	0.00931	0.00754	0.00578	0.01238	0.10811	0.01731	0.23184	0.09895	0.17267	0.09666	0.04454	0.08633	0.00434	0.00925	0.00488	0.00531
18	0.01654	0.01376	0.03860	0.01300	0.01656	0.03844	0.09372	0.37255	0.01899	0.02604	0.01410	0.03787	0.01151	0.05678	0.05626	0.00245	0.05655	0.00579	0.08698	0.02351
19	0.08564	0.43456	0.02269	0.01123	0.01500	0.20113	0.00991	0.03652	0.01273	0.01528	0.00973	0.01122	0.02930	0.00597	0.00554	0.00148	0.07856	0.00371	0.00283	0.00696
20	0.05916	0.05682	0.58424	0.01753	0.10143	0.01351	0.03275	0.01779	0.01208	0.01840	0.01063	0.01342	0.00806	0.00562	0.00537	0.00180	0.00790	0.02263	0.00261	0.00825

[dist]
# distance from previous block
# <min> <max>
0	4

[block]
# block no. 5 follows, 41 sequences, length 11
# corresponding to MSA columns:
# 438-448
name=unknown_F
#
# <colnr> <probs for GDERKNQSTAVLIFYWHMCP>
#	G	D	E	R	K	N	Q	S	T	A	V	L	I	F	Y	W	H	M	C	P
0	0.09081	0.04387	0.39152	0.01712	0.09426	0.07773	0.07427	0.07132	0.01343	0.01957	0.01137	0.01324	0.02602	0.00580	0.00569	0.00177	0.02663	0.00461	0.00296	0.00801
1	0.08263	0.12400	0.06672	0.03457	0.09767	0.22397	0.04065	0.03437	0.04010	0.01759	0.05350	0.02114	0.04177	0.00742	0.00548	0.00173	0.00709	0.08906	0.00357	0.00698
2	0.00901	0.00663	0.00736	0.00723	0.00759	0.02699	0.00469	0.00959	0.00938	0.01286	0.02023	0.08887	0.06232	0.52459	0.04250	0.00448	0.06483	0.00840	0.07831	0.00414
3	0.00827	0.00599	0.00746	0.00790	0.00886	0.00582	0.00557	0.01035	0.05645	0.03529	0.11851	0.44705	0.15241	0.04712	0.00865	0.02694	0.02393	0.01308	0.00527	0.00509
4	0.01739	0.11785	0.09791	0.03231	0.06656	0.28893	0.01208	0.11828	0.03353	0.04116	0.04840	0.01374	0.01073	0.00716	0.02142	0.00179	0.05512	0.00458	0.00353	0.00753
5	0.01481	0.01088	0.01649	0.49646	0.06659	0.01248	0.01377	0.08030	0.05681	0.15483	0.01353	0.01619	0.00964	0.00615	0.00573	0.00186	0.00679	0.00529	0.00385	0.00755
6	0.00769	0.00565	0.00705	0.00792	0.00869	0.00533	0.00545	0.04527	0.01205	0.01581	0.03437	0.65071	0.13897	0.01687	0.00714	0.00224	0.00341	0.01510	0.00533	0.00493
7	0.01170	0.05378	0.01073	0.00876	0.01062	0.00961	0.00659	0.16677	0.04982	0.01933	0.06836	0.10448	0.06640	0.22238	0.12345	0.00385	0.00639	0.00796	0.04307	0.00594
8	0.05698	0.00564	0.00747	0.00767	0.00814	0.00570	0.00526	0.02871	0.00925	0.01327	0.01613	0.22811	0.01747	0.01763	0.01601	0.50446	0.00443	0.00795	0.03613	0.00360
9	0.01422	0.04257	0.03363	0.11666	0.07119	0.01210	0.05968	0.11841	0.09606	0.09415	0.09269	0.09914	0.01787	0.00819	0.00665	0.00185	0.05070	0.00697	0.02471	0.03257
10	0.03812	0.07939	0.07491	0.03268	0.03516	0.11114	0.11373	0.02860	0.01199	0.02898	0.02817	0.03873	0.01095	0.03905	0.01004	0.04156	0.17930	0.00540	0.06587	0.02624

[dist]
# distance from previous block
# <min> <max>
1	6

[block]
# block no. 6 follows, 41 sequences, length 41
# corresponding to MSA columns:
# 455-495
name=unknown_G
#
# <colnr> <probs for GDERKNQSTAVLIFYWHMCP>
#	G	D	E	R	K	N	Q	S	T	A	V	L	I	F	Y	W	H	M	C	P
0	0.01581	0.22978	0.10216	0.01369	0.09042	0.03704	0.01137	0.14869	0.03791	0.07695	0.04845	0.01565	0.03953	0.00644	0.00559	0.00157	0.03641	0.00488	0.00391	0.07377
1	0.01093	0.03320	0.01146	0.06227	0.01298	0.07457	0.05043	0.03184	0.01174	0.04271	0.05721	0.25415	0.02292	0.20348	0.04497	0.00316	0.03440	0.00945	0.02278	0.00537
2	0.06138	0.06092	0.09757	0.28432	0.19823	0.01382	0.01471	0.07711	0.02833	0.01856	0.01236	0.01636	0.02822	0.00630	0.00601	0.00183	0.03639	0.02693	0.00313	0.00752
3	0.02808	0.00942	0.01091	0.00932	0.01212	0.00959	0.00725	0.12176	0.15548	0.16483	0.16535	0.02892	0.10562	0.08634	0.03666	0.00243	0.00480	0.00755	0.00566	0.02793
4	0.01226	0.01075	0.01372	0.01032	0.01455	0.00956	0.05160	0.05782	0.01252	0.01884	0.01270	0.04237	0.03727	0.00596	0.00634	0.00125	0.09424	0.00467	0.00354	0.57973
5	0.12920	0.02450	0.52889	0.01596	0.02315	0.02684	0.11757	0.01828	0.01212	0.03756	0.01040	0.01229	0.00747	0.00538	0.00535	0.00181	0.00799	0.00444	0.00276	0.00803
6	0.00724	0.00542	0.00670	0.00753	0.00843	0.00496	0.00537	0.00856	0.01188	0.01534	0.07217	0.45994	0.23209	0.04602	0.00801	0.00235	0.00345	0.08453	0.00528	0.00475
7	0.16543	0.01430	0.01468	0.01161	0.01574	0.01594	0.00954	0.53359	0.06170	0.03268	0.01352	0.01381	0.00981	0.00663	0.00524	0.00171	0.00565	0.00487	0.05476	0.00880
8	0.00788	0.00595	0.00756	0.00808	0.00878	0.00588	0.00564	0.02031	0.01132	0.01517	0.06692	0.51032	0.10515	0.10002	0.01014	0.00257	0.04992	0.02519	0.00495	0.02826
9	0.05481	0.03620	0.01484	0.01161	0.01543	0.01308	0.05169	0.17524	0.27593	0.13468	0.01744	0.01724	0.01282	0.00752	0.00649	0.05081	0.00526	0.00550	0.02220	0.07120
10	0.17683	0.01034	0.01208	0.00968	0.01371	0.01003	0.00789	0.04913	0.09832	0.42755	0.05325	0.01808	0.01432	0.00682	0.00527	0.00172	0.00465	0.00535	0.00591	0.06905
11	0.02275	0.00960	0.01276	0.01012	0.01408	0.00864	0.00834	0.07360	0.01687	0.60269	0.09215	0.02398	0.01875	0.00802	0.00597	0.00182	0.00478	0.04921	0.00681	0.00906
12	0.00883	0.00644	0.00810	0.03640	0.01051	0.00624	0.00638	0.04467	0.03172	0.03684	0.13707	0.36290	0.17510	0.01466	0.00698	0.00214	0.00373	0.09047	0.00542	0.00540
13	0.04262	0.01348	0.01536	0.01212	0.01621	0.01448	0.03653	0.42357	0.13177	0.11643	0.06278	0.01870	0.04127	0.00743	0.00579	0.00176	0.00556	0.00596	0.00571	0.02245
14	0.00697	0.00498	0.00664	0.00796	0.00830	0.00465	0.00531	0.00796	0.01095	0.01460	0.03153	0.79525	0.03783	0.01792	0.00730	0.00232	0.00332	0.01626	0.00531	0.00465
15	0.00702	0.00512	0.00662	0.00768	0.00825	0.00472	0.00521	0.00818	0.01153	0.01526	0.08415	0.66570	0.11522	0.01713	0.00721	0.00225	0.00323	0.01541	0.00538	0.00472
16	0.13543	0.05704	0.01513	0.06491	0.01588	0.04705	0.11774	0.01347	0.01128	0.01683	0.03710	0.28822	0.01938	0.01057	0.00791	0.00206	0.12131	0.00891	0.00383	0.00596
17	0.01684	0.07958	0.01712	0.08993	0.10681	0.33767	0.01141	0.08618	0.03192	0.01671	0.01174	0.05977	0.01065	0.05424	0.00742	0.00190	0.04459	0.00522	0.00333	0.00697
18	0.01340	0.01092	0.01278	0.05600	0.01557	0.00988	0.00820	0.13783	0.05787	0.02163	0.01298	0.01633	0.01079	0.00573	0.00488	0.00124	0.00481	0.04659	0.02923	0.52334
19	0.00954	0.00769	0.00819	0.00779	0.00950	0.05239	0.00592	0.01233	0.05331	0.03703	0.25582	0.05763	0.26304	0.01487	0.08748	0.00260	0.02480	0.00932	0.07521	0.00556
20	0.01019	0.00778	0.00889	0.00926	0.01072	0.05178	0.00739	0.04359	0.01330	0.03687	0.06698	0.15101	0.14393	0.04325	0.00903	0.05924	0.00482	0.31169	0.00501	0.00526
21	0.00832	0.00609	0.00734	0.00764	0.00837	0.00599	0.00511	0.02473	0.04566	0.01501	0.07186	0.37694	0.07324	0.26657	0.01422	0.00323	0.01615	0.01190	0.00472	0.02692
22	0.01964	0.01421	0.01534	0.01198	0.01596	0.01550	0.00968	0.58675	0.04601	0.05101	0.01472	0.01672	0.01132	0.08934	0.00807	0.00209	0.00597	0.00549	0.02654	0.03367
23	0.01902	0.00961	0.01201	0.00998	0.01337	0.00916	0.00806	0.15016	0.02880	0.38570	0.06189	0.11472	0.08366	0.00976	0.00621	0.00190	0.00469	0.05681	0.00630	0.00820
24	0.01222	0.01038	0.01206	0.00864	0.01371	0.00800	0.00693	0.04113	0.01241	0.01928	0.01030	0.01193	0.00852	0.00433	0.00429	0.00088	0.00431	0.00345	0.00347	0.80377
25	0.01264	0.05814	0.01759	0.06846	0.33667	0.03929	0.02898	0.01628	0.05429	0.01850	0.08730	0.04793	0.05022	0.00686	0.00555	0.00164	0.00568	0.00614	0.05315	0.08470
26	0.00925	0.00616	0.00826	0.00891	0.01020	0.00587	0.00710	0.01130	0.01308	0.06412	0.13482	0.25634	0.09647	0.01581	0.02624	0.00248	0.00440	0.30835	0.00549	0.00536
27	0.00849	0.00591	0.00719	0.00738	0.00840	0.00548	0.00520	0.00972	0.01152	0.03805	0.11019	0.22390	0.14977	0.25367	0.01371	0.00315	0.00417	0.09331	0.00483	0.03597
28	0.01284	0.01528	0.07436	0.02164	0.02664	0.01404	0.57632	0.01716	0.01277	0.01760	0.01242	0.06730	0.01043	0.00626	0.00792	0.00201	0.08756	0.00706	0.00299	0.00741
29	0.02435	0.01011	0.01331	0.01034	0.01463	0.00915	0.00850	0.06124	0.06431	0.66845	0.03869	0.01984	0.01505	0.00722	0.00578	0.00178	0.00486	0.00587	0.00692	0.00959
30	0.01153	0.01115	0.01643	0.01413	0.01470	0.01488	0.05160	0.01317	0.00913	0.01390	0.00959	0.01505	0.00919	0.01756	0.19853	0.00406	0.56130	0.00537	0.00266	0.00606
31	0.00756	0.00543	0.00689	0.00757	0.00825	0.00511	0.00527	0.00887	0.01181	0.01578	0.15911	0.41147	0.10193	0.14413	0.01078	0.00275	0.00370	0.07377	0.00518	0.00465
32	0.00746	0.00579	0.00664	0.00673	0.00808	0.00522	0.00483	0.00937	0.02978	0.01712	0.23690	0.18367	0.36028	0.08164	0.00875	0.00228	0.00318	0.01192	0.00543	0.00493
33	0.01378	0.01020	0.01154	0.01037	0.01275	0.01087	0.00791	0.32748	0.06168	0.02444	0.02406	0.39189	0.04398	0.01245	0.00652	0.00203	0.00466	0.01077	0.00552	0.00711
34	0.00762	0.00538	0.00711	0.00822	0.00877	0.00515	0.00580	0.00892	0.02594	0.01478	0.03051	0.58847	0.06131	0.03848	0.00882	0.05222	0.00374	0.10899	0.00510	0.00466
35	0.01227	0.00681	0.00875	0.00771	0.00993	0.00606	0.00598	0.01464	0.01572	0.20793	0.46026	0.03893	0.16022	0.01100	0.00650	0.00181	0.00327	0.00948	0.00633	0.00639
36	0.01882	0.01306	0.01458	0.01166	0.01535	0.01432	0.00950	0.47466	0.06528	0.09353	0.04300	0.01714	0.01297	0.01066	0.08082	0.00245	0.02056	0.00558	0.06739	0.00869
37	0.01226	0.09624	0.37129	0.25019	0.09924	0.04180	0.01774	0.01708	0.01208	0.01651	0.01001	0.01290	0.00755	0.00545	0.00536	0.00176	0.00789	0.00444	0.00252	0.00770
38	0.01732	0.00807	0.00998	0.00832	0.01120	0.00757	0.00663	0.06255	0.03050	0.34029	0.15190	0.02389	0.02120	0.00777	0.00537	0.00164	0.00386	0.00641	0.26800	0.00755
39	0.00891	0.00689	0.00758	0.00725	0.00922	0.00645	0.00550	0.04358	0.07797	0.03796	0.17033	0.09078	0.44250	0.03128	0.00718	0.00202	0.00335	0.03011	0.00555	0.00561
40	0.52193	0.07172	0.01126	0.00863	0.01192	0.05974	0.00697	0.10229	0.01219	0.02343	0.01062	0.01381	0.01995	0.09705	0.00690	0.00214	0.00524	0.00411	0.00370	0.00639

[dist]
# distance from previous block
# <min> <max>
4	15

[block]
# block no. 7 follows, 41 sequences, length 26
# corresponding to MSA columns:
# 557-582
name=unknown_H
#
# <colnr> <probs for GDERKNQSTAVLIFYWHMCP>
#	G	D	E	R	K	N	Q	S	T	A	V	L	I	F	Y	W	H	M	C	P
0	0.06780	0.37122	0.04038	0.03698	0.04021	0.22370	0.01070	0.04587	0.03096	0.04164	0.00947	0.01084	0.00791	0.00564	0.00499	0.00148	0.03616	0.00371	0.00302	0.00730
1	0.03162	0.02732	0.01150	0.12467	0.01500	0.00997	0.00849	0.10236	0.01260	0.02902	0.01836	0.10835	0.04446	0.11691	0.04001	0.05094	0.08731	0.07190	0.08349	0.00574
2	0.00989	0.00851	0.01210	0.01096	0.01204	0.03268	0.05366	0.01174	0.00962	0.01384	0.01378	0.02123	0.01310	0.11121	0.44153	0.00644	0.16602	0.00607	0.04019	0.00538
3	0.00739	0.00555	0.00677	0.00751	0.00843	0.00511	0.00522	0.02959	0.01220	0.01583	0.07076	0.54285	0.22904	0.01641	0.00709	0.00218	0.00327	0.01456	0.00537	0.00488
4	0.01459	0.13211	0.01704	0.01284	0.05775	0.01337	0.06200	0.16369	0.12733	0.06160	0.04040	0.14939	0.03827	0.00890	0.00611	0.00181	0.02239	0.02743	0.00471	0.03827
5	0.04272	0.00891	0.01136	0.00954	0.01280	0.00829	0.00755	0.04679	0.07462	0.44318	0.07802	0.16287	0.04864	0.00965	0.00608	0.00189	0.00437	0.00818	0.00639	0.00816
6	0.00820	0.00550	0.00627	0.00638	0.00641	0.00547	0.00362	0.00829	0.00854	0.01139	0.01916	0.10124	0.02223	0.73322	0.02728	0.00527	0.00536	0.00899	0.00362	0.00357
7	0.01196	0.08872	0.56385	0.06884	0.02504	0.01426	0.08469	0.01765	0.01200	0.01736	0.01009	0.01238	0.00742	0.00553	0.00593	0.00181	0.03750	0.00445	0.00247	0.00807
8	0.01306	0.04186	0.01884	0.17745	0.31990	0.03923	0.01413	0.04296	0.04058	0.01721	0.01274	0.09529	0.01176	0.00746	0.00768	0.00191	0.12107	0.00617	0.00319	0.00752
9	0.02264	0.01458	0.01627	0.01248	0.01702	0.01559	0.01031	0.57969	0.02448	0.20399	0.01576	0.01505	0.01075	0.00692	0.00573	0.00173	0.00597	0.00529	0.00603	0.00973
10	0.00820	0.00592	0.00754	0.00750	0.00885	0.00551	0.00579	0.01064	0.01485	0.02056	0.49656	0.06034	0.13125	0.03463	0.00747	0.00205	0.00323	0.12766	0.03620	0.00524
11	0.01344	0.03595	0.04144	0.01099	0.03807	0.12783	0.03445	0.01618	0.04171	0.12062	0.17757	0.03116	0.22221	0.00976	0.00685	0.00181	0.05056	0.00793	0.00488	0.00660
12	0.00857	0.00549	0.00728	0.00806	0.00880	0.00510	0.00559	0.00981	0.01174	0.06950	0.09314	0.60707	0.03644	0.05787	0.00832	0.00242	0.00357	0.04080	0.00542	0.00504
13	0.00817	0.00613	0.00919	0.00919	0.01021	0.00715	0.00715	0.01021	0.00919	0.01328	0.01532	0.02247	0.01430	0.04290	0.77631	0.00919	0.01532	0.00613	0.00306	0.00511
14	0.01426	0.01122	0.01210	0.01196	0.05744	0.07914	0.00881	0.09776	0.19347	0.08842	0.07753	0.12367	0.04801	0.01015	0.00624	0.00196	0.00510	0.10921	0.03622	0.00733
15	0.04150	0.03536	0.04365	0.30838	0.09290	0.03799	0.01247	0.11039	0.05999	0.01876	0.01674	0.02091	0.07983	0.00800	0.00669	0.04825	0.00644	0.04123	0.00362	0.00691
16	0.01166	0.01130	0.01508	0.01331	0.01367	0.04330	0.01086	0.01307	0.00913	0.01357	0.00979	0.01565	0.00958	0.04339	0.20237	0.00419	0.54614	0.00534	0.00269	0.00590
17	0.00852	0.00649	0.00809	0.00874	0.01017	0.00631	0.00700	0.01165	0.07107	0.01733	0.10241	0.18970	0.20611	0.01487	0.00726	0.00228	0.00406	0.30716	0.00542	0.00536
18	0.01849	0.01346	0.01488	0.04061	0.01658	0.01414	0.00954	0.48605	0.02170	0.05222	0.01368	0.01436	0.01003	0.00632	0.00527	0.00152	0.00556	0.00485	0.08678	0.16394
19	0.03686	0.06970	0.04594	0.04365	0.18398	0.12767	0.01164	0.15784	0.04002	0.08990	0.02736	0.07306	0.01259	0.00700	0.00547	0.00169	0.00643	0.00572	0.04549	0.00800
20	0.04106	0.04276	0.00930	0.00861	0.00999	0.00774	0.00627	0.11567	0.01354	0.01848	0.06927	0.52600	0.05670	0.03752	0.00735	0.00221	0.00393	0.01284	0.00518	0.00558
21	0.11219	0.07717	0.13168	0.01588	0.04698	0.02606	0.21270	0.04427	0.01234	0.03379	0.01257	0.05190	0.01094	0.01042	0.08481	0.00264	0.07073	0.03255	0.00325	0.00715
22	0.01090	0.03567	0.01037	0.00960	0.02676	0.10864	0.00722	0.01455	0.10413	0.01779	0.15242	0.11632	0.19399	0.02395	0.00669	0.00193	0.00466	0.08985	0.00492	0.05964
23	0.12027	0.20843	0.07751	0.01091	0.05830	0.06355	0.00895	0.04192	0.01245	0.06563	0.05737	0.01947	0.03844	0.13642	0.00870	0.00221	0.00573	0.00529	0.05180	0.00663
24	0.17013	0.13576	0.01536	0.07921	0.01587	0.09419	0.00910	0.13985	0.01400	0.02064	0.01111	0.02668	0.00939	0.03641	0.03386	0.00201	0.04970	0.00448	0.05692	0.07533
25	0.01307	0.03033	0.01582	0.16855	0.04450	0.04765	0.05110	0.10253	0.03418	0.01790	0.01205	0.01696	0.01039	0.08077	0.06152	0.00266	0.16284	0.00536	0.05880	0.06301

[dist]
# distance from previous block
# <min> <max>
4	21

[block]
# block no. 8 follows, 41 sequences, length 23
# corresponding to MSA columns:
# 625-633,637-650
name=unknown_I
#
# <colnr> <probs for GDERKNQSTAVLIFYWHMCP>
#	G	D	E	R	K	N	Q	S	T	A	V	L	I	F	Y	W	H	M	C	P
0	0.10928	0.09348	0.01591	0.09940	0.06813	0.07551	0.01044	0.16028	0.05963	0.05749	0.06088	0.01904	0.03460	0.00813	0.02244	0.00195	0.05090	0.04088	0.00419	0.00744
1	0.06935	0.03300	0.03346	0.01259	0.08089	0.06972	0.00930	0.25854	0.03706	0.06966	0.07006	0.02058	0.06275	0.05497	0.01823	0.00202	0.00573	0.00594	0.07850	0.00764
2	0.01174	0.01210	0.04667	0.23676	0.06880	0.01254	0.21387	0.01588	0.05061	0.01660	0.01331	0.06379	0.01161	0.02912	0.03000	0.00226	0.08817	0.02243	0.02408	0.02965
3	0.01048	0.00966	0.04576	0.13660	0.05346	0.00861	0.03275	0.04213	0.01283	0.01791	0.08952	0.17301	0.04703	0.02477	0.00642	0.00181	0.00509	0.06237	0.00412	0.21567
4	0.01544	0.04152	0.01400	0.04114	0.04723	0.04827	0.00890	0.18447	0.05993	0.09342	0.03590	0.12719	0.01517	0.00769	0.00547	0.00156	0.00522	0.00638	0.00466	0.23644
5	0.00827	0.00570	0.00665	0.00687	0.00708	0.00573	0.00414	0.00914	0.03749	0.01235	0.02091	0.19059	0.02398	0.59186	0.04143	0.00484	0.00528	0.00981	0.00392	0.00396
6	0.01393	0.09994	0.39434	0.01685	0.07384	0.09944	0.08820	0.05558	0.04191	0.01851	0.01102	0.01284	0.00832	0.00555	0.00536	0.00170	0.00797	0.00453	0.03208	0.00809
7	0.01805	0.01363	0.01571	0.01260	0.01603	0.01525	0.03229	0.50936	0.02174	0.02966	0.01552	0.09713	0.01317	0.00845	0.00720	0.00186	0.08676	0.02037	0.05679	0.00841
8	0.00966	0.00649	0.00846	0.06624	0.01098	0.00722	0.00649	0.01184	0.01056	0.01667	0.01680	0.06687	0.01523	0.07555	0.24697	0.00424	0.05428	0.00634	0.33265	0.02646
9	0.00702	0.00557	0.00620	0.00651	0.00785	0.00487	0.00463	0.00836	0.01246	0.01558	0.10644	0.24811	0.46782	0.06210	0.00824	0.00224	0.00315	0.01281	0.00528	0.00475
10	0.01142	0.01153	0.04471	0.12039	0.05932	0.01112	0.23364	0.03737	0.05980	0.01758	0.01765	0.22584	0.01740	0.00911	0.00683	0.00198	0.03157	0.02376	0.00382	0.05517
11	0.01576	0.09964	0.03409	0.01205	0.01682	0.01233	0.10433	0.10476	0.04714	0.12898	0.01280	0.01381	0.00968	0.00554	0.00562	0.00141	0.03958	0.00457	0.00408	0.32700
12	0.08208	0.02854	0.07927	0.02952	0.01476	0.01088	0.00925	0.16760	0.04202	0.22221	0.14845	0.02394	0.04265	0.04303	0.00681	0.00196	0.00513	0.02859	0.00545	0.00786
13	0.01317	0.01140	0.01256	0.03656	0.04043	0.01293	0.00908	0.02653	0.60261	0.02234	0.02627	0.02583	0.09474	0.00857	0.00598	0.00195	0.00456	0.03055	0.00554	0.00840
14	0.01192	0.06042	0.01601	0.31682	0.07820	0.06324	0.01223	0.04842	0.01219	0.01583	0.03386	0.11994	0.01369	0.01119	0.07427	0.00256	0.09296	0.00659	0.00325	0.00642
15	0.01624	0.10902	0.16614	0.05109	0.08349	0.19838	0.13029	0.03671	0.03103	0.08178	0.01151	0.01339	0.00879	0.00676	0.02930	0.00190	0.00841	0.00474	0.00324	0.00778
16	0.03449	0.02779	0.08063	0.14581	0.44615	0.05926	0.04842	0.01719	0.01282	0.01772	0.01141	0.01629	0.00966	0.00579	0.00570	0.00178	0.00725	0.04085	0.00290	0.00810
17	0.00727	0.00553	0.00653	0.00695	0.00805	0.00498	0.00492	0.00867	0.01241	0.01602	0.15652	0.30310	0.31191	0.08609	0.00900	0.00239	0.00333	0.03629	0.00530	0.00475
18	0.01794	0.10488	0.01721	0.06157	0.01786	0.44168	0.03317	0.03975	0.05275	0.03308	0.01211	0.01379	0.03183	0.00779	0.03597	0.00188	0.03816	0.00448	0.02726	0.00684
19	0.04145	0.09497	0.07133	0.05168	0.04868	0.13446	0.04506	0.09361	0.01356	0.01814	0.01323	0.07930	0.02361	0.00862	0.02777	0.00200	0.13587	0.00570	0.08408	0.00687
20	0.00998	0.04815	0.03782	0.01190	0.01437	0.00865	0.16277	0.01308	0.03842	0.03370	0.20085	0.28011	0.03106	0.01250	0.02493	0.00220	0.00528	0.05339	0.00480	0.00603
21	0.00928	0.00796	0.00855	0.00808	0.00999	0.02796	0.00622	0.03599	0.11285	0.01838	0.16347	0.07548	0.39993	0.01256	0.00733	0.00196	0.05049	0.03239	0.00533	0.00579
22	0.01478	0.07912	0.01385	0.01082	0.01375	0.12360	0.02430	0.09927	0.14933	0.07978	0.10665	0.17597	0.02176	0.00935	0.00587	0.00177	0.00537	0.00784	0.00496	0.05185

[dist]
# distance from previous block
# <min> <max>
16	25

[block]
# block no. 9 follows, 41 sequences, length 6
# corresponding to MSA columns:
# 699-704
name=unknown_J
#
# <colnr> <probs for GDERKNQSTAVLIFYWHMCP>
#	G	D	E	R	K	N	Q	S	T	A	V	L	I	F	Y	W	H	M	C	P
0	0.00966	0.08711	0.00997	0.00767	0.00979	0.00792	0.00610	0.01281	0.07732	0.04704	0.24390	0.04243	0.29236	0.05476	0.00763	0.00207	0.00372	0.06669	0.00531	0.00576
1	0.06137	0.01434	0.11768	0.12676	0.01995	0.03379	0.01163	0.14479	0.11461	0.24690	0.01676	0.03988	0.01204	0.00691	0.00562	0.00182	0.00605	0.00556	0.00501	0.00854
2	0.00808	0.00590	0.00838	0.00852	0.00928	0.00660	0.00628	0.00963	0.00921	0.01300	0.01746	0.10339	0.01789	0.18124	0.55935	0.00782	0.01229	0.00756	0.00337	0.00475
3	0.01017	0.00670	0.00809	0.00788	0.00987	0.00614	0.00622	0.01285	0.04952	0.11072	0.17517	0.09198	0.32559	0.01317	0.00683	0.00204	0.00364	0.14187	0.00573	0.00582
4	0.01436	0.05857	0.20893	0.06334	0.34999	0.07770	0.01639	0.01942	0.07666	0.04335	0.01178	0.01391	0.00919	0.00557	0.00548	0.00172	0.00726	0.00479	0.00310	0.00850
5	0.08097	0.05247	0.52070	0.01618	0.08521	0.01287	0.01760	0.01763	0.01206	0.04335	0.01178	0.01557	0.00928	0.00722	0.02971	0.00206	0.00780	0.04662	0.00289	0.00803

[dist]
# distance from previous block
# <min> <max>
0	1

[block]
# block no. 10 follows, 41 sequences, length 12
# corresponding to MSA columns:
# 706-716,719
name=unknown_K
#
# <colnr> <probs for GDERKNQSTAVLIFYWHMCP>
#	G	D	E	R	K	N	Q	S	T	A	V	L	I	F	Y	W	H	M	C	P
0	0.01747	0.01665	0.01420	0.08049	0.01721	0.26816	0.00992	0.20789	0.04815	0.05091	0.01824	0.01899	0.10379	0.00753	0.00597	0.00169	0.03275	0.00561	0.06710	0.00730
1	0.01098	0.01131	0.06278	0.09504	0.04423	0.01032	0.23473	0.03291	0.01245	0.01740	0.01879	0.22838	0.04256	0.00923	0.00676	0.00194	0.03571	0.00877	0.07631	0.03939
2	0.01348	0.01361	0.01543	0.01323	0.01505	0.17205	0.09364	0.01618	0.04232	0.01593	0.01214	0.01597	0.01041	0.01367	0.14448	0.00318	0.23702	0.00524	0.14071	0.00626
3	0.00894	0.00628	0.00751	0.00730	0.00898	0.00570	0.00549	0.03541	0.01446	0.06191	0.29516	0.17160	0.30051	0.01344	0.00679	0.00196	0.00320	0.03413	0.00577	0.00546
4	0.08070	0.00587	0.00682	0.00722	0.00784	0.00591	0.00475	0.00918	0.01007	0.01462	0.06592	0.32191	0.04715	0.32382	0.05969	0.00389	0.00493	0.01096	0.00436	0.00439
5	0.01627	0.45720	0.06740	0.01133	0.01561	0.11433	0.01062	0.01835	0.01235	0.08196	0.00959	0.01093	0.00803	0.00578	0.00585	0.00146	0.09292	0.00368	0.00298	0.05336
