[name]
unknown

[dist]
# distance from previous block
# <min> <max>
0	25

[block]
# block no. 0 follows, 46 sequences, length 33
# corresponding to MSA columns:
# 25-57
name=unknown_A
#
# <colnr> <probs for GDERKNQSTAVLIFYWHMCP>
#	G	D	E	R	K	N	Q	S	T	A	V	L	I	F	Y	W	H	M	C	P
0	0.03172	0.01089	0.08952	0.04013	0.15586	0.03643	0.01103	0.01606	0.03016	0.15577	0.01963	0.04773	0.01846	0.00938	0.00603	0.00196	0.00552	0.30268	0.00431	0.00672
1	0.01304	0.01670	0.35334	0.01333	0.07789	0.00981	0.01306	0.02820	0.04307	0.16816	0.03997	0.08963	0.01284	0.00766	0.00646	0.06486	0.00590	0.00562	0.00369	0.02677
2	0.01348	0.03572	0.01368	0.05276	0.06271	0.05765	0.03070	0.04288	0.48590	0.04706	0.01954	0.02097	0.03117	0.00724	0.00543	0.00176	0.00501	0.05385	0.00473	0.00776
3	0.79065	0.00984	0.00756	0.00681	0.00993	0.01136	0.00558	0.01531	0.00915	0.02343	0.00808	0.00939	0.00629	0.00500	0.00330	0.00161	0.00397	0.00301	0.06407	0.00567
4	0.01327	0.01177	0.07272	0.07926	0.26673	0.01094	0.01164	0.15015	0.02906	0.07771	0.09219	0.04079	0.06712	0.03278	0.00618	0.00177	0.00543	0.01914	0.00399	0.00736
5	0.00783	0.00539	0.00690	0.00676	0.00800	0.00491	0.00498	0.00985	0.01365	0.05208	0.50827	0.19463	0.13269	0.01209	0.00630	0.00177	0.00272	0.01066	0.00556	0.00496
6	0.00909	0.00727	0.00990	0.16692	0.04242	0.00764	0.00772	0.01325	0.10832	0.03327	0.42303	0.03160	0.10033	0.00918	0.00589	0.00171	0.00381	0.00803	0.00489	0.00574
7	0.00743	0.00540	0.00699	0.00659	0.00786	0.00497	0.00495	0.00987	0.01484	0.02090	0.74666	0.03999	0.08185	0.01092	0.00624	0.00167	0.00250	0.00963	0.00578	0.00497
8	0.02577	0.09535	0.64725	0.01486	0.03387	0.01310	0.04742	0.01689	0.02807	0.01662	0.00958	0.01122	0.00698	0.00500	0.00491	0.00163	0.00750	0.00394	0.00235	0.00768
9	0.01269	0.01249	0.02074	0.13903	0.56679	0.04061	0.07133	0.01590	0.01197	0.01651	0.01044	0.01470	0.00882	0.00512	0.00537	0.00163	0.00666	0.02880	0.00266	0.00773
10	0.00759	0.00537	0.00681	0.00645	0.00772	0.00495	0.00483	0.01001	0.01450	0.02069	0.67932	0.03867	0.08959	0.01061	0.00605	0.00164	0.00250	0.00931	0.06844	0.00495
11	0.38405	0.02584	0.03260	0.21045	0.01745	0.02511	0.01860	0.01487	0.01021	0.05798	0.01109	0.01395	0.02259	0.00754	0.04988	0.00204	0.00561	0.01824	0.06603	0.00588
12	0.75241	0.04692	0.00919	0.00754	0.01083	0.07069	0.00621	0.01597	0.00952	0.02242	0.00742	0.00865	0.00585	0.00493	0.00339	0.00159	0.00457	0.00290	0.00319	0.00580
13	0.01158	0.01102	0.01873	0.40658	0.41889	0.01216	0.01547	0.01490	0.01132	0.01544	0.00968	0.01358	0.00773	0.00499	0.00526	0.00166	0.00665	0.00470	0.00249	0.00716
14	0.02045	0.01425	0.01552	0.01190	0.01612	0.01556	0.00983	0.69256	0.02392	0.10568	0.01348	0.01320	0.00938	0.00637	0.00529	0.00159	0.00569	0.00481	0.00541	0.00899
15	0.01676	0.01137	0.01302	0.02610	0.03509	0.01234	0.00882	0.17249	0.39955	0.19821	0.03560	0.01808	0.01438	0.00684	0.00536	0.00171	0.00465	0.00560	0.00551	0.00851
16	0.01163	0.00653	0.00845	0.00760	0.00956	0.00604	0.00582	0.01450	0.05811	0.20753	0.43388	0.12405	0.06416	0.01032	0.00602	0.00173	0.00316	0.00901	0.00583	0.00607
17	0.01253	0.01082	0.01136	0.01027	0.01315	0.01237	0.00798	0.02624	0.70319	0.02141	0.02441	0.02253	0.08493	0.00773	0.00546	0.00179	0.00405	0.00644	0.00534	0.00802
18	0.02784	0.01019	0.01609	0.62999	0.10044	0.01224	0.01409	0.07554	0.03324	0.01591	0.01002	0.01394	0.00755	0.00537	0.00524	0.00173	0.00674	0.00470	0.00272	0.00642
19	0.01227	0.00668	0.00707	0.00636	0.00824	0.00684	0.00495	0.10597	0.04067	0.07871	0.01711	0.01872	0.01305	0.00625	0.00407	0.00133	0.00309	0.00497	0.64780	0.00585
20	0.00758	0.00516	0.00615	0.00624	0.00639	0.00526	0.00378	0.00790	0.00797	0.01075	0.01723	0.08892	0.01956	0.65373	0.12712	0.00536	0.00618	0.00795	0.00328	0.00348
21	0.02098	0.01269	0.01442	0.01109	0.01519	0.01333	0.00915	0.50802	0.02138	0.27278	0.01542	0.01457	0.01042	0.00640	0.00525	0.00159	0.00531	0.00494	0.02816	0.00888
22	0.01229	0.01151	0.01891	0.20125	0.52846	0.01218	0.01484	0.01644	0.07265	0.01690	0.01099	0.01406	0.00887	0.00508	0.00521	0.00162	0.00616	0.00482	0.03005	0.00770
23	0.00755	0.00566	0.00850	0.00850	0.00944	0.00661	0.00661	0.00944	0.00850	0.01227	0.01416	0.02077	0.01322	0.03965	0.79326	0.00850	0.01416	0.00566	0.00283	0.00472
24	0.01096	0.00940	0.01096	0.00783	0.01253	0.00705	0.00626	0.01331	0.01096	0.01723	0.00940	0.01096	0.00783	0.00392	0.00392	0.00078	0.00392	0.00313	0.00313	0.84653
25	0.00647	0.00462	0.00616	0.00734	0.00767	0.00431	0.00491	0.00743	0.01025	0.01370	0.04890	0.79042	0.03536	0.01641	0.00673	0.00213	0.00305	0.01488	0.00493	0.00431
26	0.01305	0.01266	0.02202	0.03186	0.73763	0.01261	0.05938	0.01627	0.01206	0.01725	0.00999	0.01315	0.00835	0.00470	0.00529	0.00158	0.00643	0.00480	0.00262	0.00830
27	0.00728	0.00499	0.00585	0.00620	0.00636	0.00486	0.00371	0.00759	0.00855	0.01133	0.02169	0.25258	0.05537	0.55743	0.02040	0.00415	0.00445	0.00989	0.00375	0.00356
28	0.00653	0.00534	0.00574	0.00587	0.00742	0.00460	0.00439	0.00795	0.01201	0.01472	0.10345	0.10647	0.60463	0.03602	0.00693	0.00193	0.00289	0.05373	0.00493	0.00448
29	0.00927	0.00719	0.00760	0.00737	0.00907	0.04064	0.00545	0.03134	0.09753	0.06287	0.12310	0.21489	0.31266	0.03814	0.00679	0.00193	0.00349	0.01030	0.00503	0.00535
30	0.01096	0.00940	0.01096	0.00783	0.01253	0.00705	0.00626	0.01331	0.01096	0.01723	0.00940	0.01096	0.00783	0.00392	0.00392	0.00078	0.00392	0.00313	0.00313	0.84653
31	0.03514	0.01482	0.01610	0.18106	0.17506	0.17869	0.01201	0.19491	0.08949	0.01997	0.01151	0.01385	0.00901	0.00580	0.00516	0.00161	0.00674	0.01813	0.00354	0.00739
32	0.01338	0.01312	0.02117	0.03162	0.74762	0.04685	0.01596	0.01644	0.01217	0.01708	0.00987	0.01293	0.00831	0.00474	0.00521	0.00156	0.00642	0.00465	0.00262	0.00828

[dist]
# distance from previous block
# <min> <max>
0	25

[block]
# block no. 1 follows, 46 sequences, length 44
# corresponding to MSA columns:
# 83-126
name=unknown_B
#
# <colnr> <probs for GDERKNQSTAVLIFYWHMCP>
#	G	D	E	R	K	N	Q	S	T	A	V	L	I	F	Y	W	H	M	C	P
0	0.03274	0.00630	0.00814	0.00724	0.00917	0.00575	0.00562	0.01338	0.01466	0.18257	0.55200	0.03502	0.07243	0.00994	0.00598	0.00168	0.00301	0.02268	0.00585	0.00583
1	0.60402	0.00936	0.00839	0.00738	0.01048	0.01025	0.00598	0.01642	0.01047	0.15342	0.05595	0.06563	0.01151	0.00631	0.00403	0.00167	0.00400	0.00449	0.00409	0.00615
2	0.01447	0.01128	0.01343	0.04593	0.01521	0.01094	0.03177	0.28643	0.01607	0.04265	0.01168	0.03504	0.00929	0.00549	0.00496	0.00126	0.02258	0.00438	0.02979	0.38737
3	0.01971	0.01256	0.01426	0.03579	0.01562	0.01339	0.00922	0.51382	0.02126	0.20167	0.04154	0.01518	0.01149	0.00651	0.00526	0.00159	0.00529	0.00506	0.04221	0.00858
4	0.14451	0.03865	0.08400	0.03960	0.26646	0.01329	0.04583	0.13052	0.04043	0.04000	0.01144	0.01332	0.02826	0.00577	0.00599	0.00167	0.07484	0.00459	0.00331	0.00752
5	0.01276	0.00948	0.01033	0.00901	0.01172	0.01013	0.00707	0.13841	0.31525	0.07541	0.12344	0.02704	0.16642	0.00861	0.00555	0.00170	0.00387	0.00714	0.04951	0.00714
6	0.09812	0.73644	0.02570	0.00884	0.01323	0.02001	0.00871	0.01580	0.01057	0.01357	0.00735	0.00849	0.00668	0.00456	0.00338	0.00118	0.00550	0.00283	0.00236	0.00668
7	0.01951	0.00801	0.01075	0.00856	0.01189	0.00702	0.00695	0.02167	0.01485	0.58011	0.17839	0.02257	0.02078	0.00741	0.00541	0.00162	0.00396	0.00618	0.05645	0.00792
8	0.00874	0.00569	0.00743	0.00684	0.00832	0.00520	0.00518	0.01117	0.01490	0.08170	0.69881	0.03809	0.06650	0.01054	0.00616	0.00166	0.00266	0.00927	0.00585	0.00529
9	0.00900	0.00459	0.00684	0.00692	0.00694	0.00457	0.00461	0.00692	0.00710	0.00947	0.01052	0.06921	0.01091	0.01824	0.01973	0.78975	0.00449	0.00529	0.00247	0.00243
10	0.00664	0.00525	0.00598	0.00604	0.00744	0.00459	0.00444	0.00826	0.01262	0.01620	0.26397	0.16369	0.44990	0.01311	0.00632	0.00180	0.00268	0.01128	0.00518	0.00459
11	0.00756	0.00564	0.00840	0.00840	0.00931	0.00655	0.00649	0.00938	0.00847	0.01220	0.01425	0.02127	0.01343	0.06749	0.76571	0.00838	0.01384	0.00574	0.00285	0.00467
12	0.01798	0.01078	0.01257	0.01035	0.01381	0.01125	0.00837	0.22061	0.22546	0.28634	0.05090	0.04411	0.01580	0.00750	0.00550	0.00172	0.00465	0.03824	0.00574	0.00833
13	0.00648	0.00489	0.00599	0.00672	0.00754	0.00440	0.00466	0.00766	0.01111	0.01441	0.10268	0.52313	0.25093	0.01514	0.00656	0.00200	0.00290	0.01343	0.00499	0.00440
14	0.01639	0.01415	0.01387	0.01210	0.01539	0.08527	0.00938	0.18324	0.53152	0.02464	0.01943	0.01883	0.01478	0.00761	0.00582	0.00193	0.00544	0.00585	0.00549	0.00888
15	0.00757	0.00560	0.00819	0.00819	0.00903	0.00644	0.00623	0.00925	0.00841	0.01205	0.01444	0.02230	0.01388	0.12536	0.70846	0.00812	0.01316	0.00589	0.00287	0.00455
16	0.85155	0.01022	0.00777	0.00695	0.01022	0.01186	0.00573	0.01554	0.00900	0.02372	0.00736	0.00859	0.00573	0.00491	0.00327	0.00164	0.00409	0.00286	0.00327	0.00573
17	0.85155	0.01022	0.00777	0.00695	0.01022	0.01186	0.00573	0.01554	0.00900	0.02372	0.00736	0.00859	0.00573	0.00491	0.00327	0.00164	0.00409	0.00286	0.00327	0.00573
18	0.85155	0.01022	0.00777	0.00695	0.01022	0.01186	0.00573	0.01554	0.00900	0.02372	0.00736	0.00859	0.00573	0.00491	0.00327	0.00164	0.00409	0.00286	0.00327	0.00573
19	0.00638	0.00539	0.00554	0.00559	0.00733	0.00455	0.00424	0.00781	0.01214	0.01455	0.07402	0.05092	0.72459	0.01337	0.00629	0.00181	0.00277	0.04327	0.00493	0.00450
20	0.00748	0.00540	0.00707	0.00665	0.00790	0.00499	0.00499	0.00998	0.01496	0.02120	0.77844	0.03949	0.04988	0.01081	0.00624	0.00166	0.00249	0.00956	0.00582	0.00499
21	0.01993	0.01472	0.01577	0.01213	0.01633	0.01632	0.01001	0.74583	0.04290	0.03305	0.01291	0.01286	0.00916	0.00637	0.00529	0.00159	0.00578	0.00479	0.00529	0.00898
22	0.81522	0.01088	0.00809	0.00724	0.01049	0.04598	0.00592	0.01578	0.00926	0.02325	0.00740	0.00863	0.00577	0.00493	0.00334	0.00162	0.00433	0.00289	0.00325	0.00574
23	0.01413	0.81739	0.02770	0.00905	0.01357	0.02092	0.00905	0.01583	0.01074	0.01244	0.00735	0.00848	0.00678	0.00452	0.00339	0.00113	0.00565	0.00283	0.00226	0.00678
24	0.01534	0.01159	0.01416	0.09062	0.03234	0.01298	0.03688	0.36821	0.05756	0.04513	0.03599	0.01624	0.03314	0.00740	0.02178	0.00178	0.07375	0.00523	0.11242	0.00744
25	0.00645	0.00536	0.00563	0.00557	0.00726	0.00455	0.00417	0.00797	0.01252	0.01540	0.17127	0.04903	0.66067	0.01297	0.00625	0.00177	0.00265	0.01090	0.00506	0.00455
26	0.01878	0.01281	0.01430	0.03592	0.01556	0.01388	0.00922	0.55071	0.03803	0.12693	0.02953	0.02914	0.01155	0.06064	0.00678	0.00185	0.00549	0.00532	0.00522	0.00833
27	0.00939	0.00538	0.00639	0.00602	0.00725	0.00530	0.03691	0.01159	0.01101	0.01834	0.07816	0.05317	0.01771	0.10347	0.00690	0.00179	0.00309	0.00607	0.60726	0.00480
28	0.05435	0.11604	0.28290	0.07960	0.09479	0.05376	0.01353	0.05711	0.09115	0.06733	0.03310	0.01327	0.00960	0.00552	0.00487	0.00159	0.00639	0.00435	0.00323	0.00751
29	0.00721	0.00521	0.00631	0.00645	0.00723	0.00491	0.00444	0.00845	0.01114	0.01492	0.24560	0.17132	0.15735	0.26314	0.02838	0.00301	0.00378	0.04233	0.00460	0.00422
30	0.03456	0.03751	0.06803	0.01136	0.01501	0.10028	0.00957	0.21766	0.34896	0.04527	0.01659	0.01605	0.02481	0.00655	0.00514	0.00164	0.00545	0.00511	0.02244	0.00802
31	0.00702	0.00539	0.00642	0.00616	0.00761	0.00479	0.00462	0.00907	0.01386	0.01859	0.50494	0.04379	0.32501	0.01178	0.00624	0.00171	0.00256	0.01016	0.00548	0.00479
32	0.73277	0.02567	0.06905	0.00839	0.03326	0.01200	0.00719	0.01584	0.00939	0.03665	0.00784	0.00908	0.00603	0.00493	0.00350	0.00163	0.00448	0.00304	0.00321	0.00604
33	0.01459	0.67805	0.04712	0.00935	0.01384	0.03265	0.00920	0.01645	0.01109	0.06443	0.00841	0.00937	0.00725	0.00474	0.00385	0.00119	0.01913	0.00308	0.00259	0.04362
34	0.59176	0.15321	0.01225	0.00797	0.01145	0.01373	0.00685	0.06439	0.01054	0.05150	0.00821	0.00929	0.00645	0.00513	0.00394	0.00156	0.02907	0.00313	0.00332	0.00625
35	0.01099	0.00602	0.00614	0.00573	0.00729	0.00620	0.00440	0.09560	0.01261	0.02122	0.01674	0.01893	0.01304	0.00618	0.00387	0.00127	0.00284	0.00491	0.75064	0.00538
36	0.01418	0.01137	0.01217	0.01074	0.01386	0.01296	0.00841	0.06438	0.68563	0.07213	0.02104	0.01926	0.01559	0.00709	0.00537	0.00177	0.00429	0.00587	0.00545	0.00844
37	0.01841	0.00872	0.01126	0.00948	0.01273	0.00828	0.00774	0.02285	0.15273	0.48100	0.06336	0.04920	0.01856	0.00824	0.00568	0.00178	0.00434	0.10165	0.00602	0.00799
38	0.01238	0.00652	0.00871	0.00768	0.00977	0.00589	0.00605	0.01473	0.01483	0.24778	0.50314	0.03445	0.03765	0.00979	0.00603	0.00171	0.00325	0.05752	0.00597	0.00617
39	0.00678	0.00496	0.00628	0.00717	0.00783	0.00462	0.00506	0.00791	0.01062	0.01383	0.04905	0.51594	0.15921	0.07646	0.00825	0.00234	0.00336	0.10120	0.00479	0.00432
40	0.01293	0.01085	0.01157	0.01050	0.01333	0.01244	0.00812	0.02665	0.70408	0.03835	0.02201	0.07258	0.01733	0.00779	0.00547	0.00181	0.00412	0.00657	0.00537	0.00811
41	0.01315	0.01136	0.01195	0.01076	0.01375	0.01315	0.00837	0.02809	0.77168	0.02211	0.02152	0.01972	0.01614	0.00717	0.00538	0.00179	0.00418	0.00598	0.00538	0.00837
42	0.01248	0.01426	0.03119	0.02228	0.02763	0.01337	0.76203	0.01693	0.01248	0.01693	0.01070	0.01426	0.00802	0.00446	0.00624	0.00178	0.00891	0.00624	0.00267	0.00713
43	0.12991	0.01044	0.01248	0.00970	0.01372	0.01021	0.00801	0.18808	0.01649	0.51983	0.01730	0.01560	0.01123	0.00629	0.00505	0.00162	0.00474	0.00488	0.00584	0.00857

[dist]
# distance from previous block
# <min> <max>
0	55

[block]
# block no. 2 follows, 46 sequences, length 87
# corresponding to MSA columns:
# 182-268
name=unknown_C
#
# <colnr> <probs for GDERKNQSTAVLIFYWHMCP>
#	G	D	E	R	K	N	Q	S	T	A	V	L	I	F	Y	W	H	M	C	P
0	0.01924	0.01417	0.01532	0.01198	0.01599	0.01564	0.00994	0.70819	0.02392	0.03203	0.01382	0.01615	0.01057	0.00695	0.00544	0.00165	0.00575	0.05931	0.00526	0.00869
1	0.01303	0.01137	0.01227	0.01099	0.01376	0.01337	0.00860	0.02696	0.71546	0.02142	0.02044	0.01912	0.01546	0.00733	0.00626	0.00183	0.06311	0.00588	0.00515	0.00818
2	0.01308	0.01256	0.02146	0.03245	0.78123	0.01256	0.01622	0.01622	0.01204	0.01727	0.00994	0.01308	0.00837	0.00471	0.00523	0.00157	0.00628	0.00471	0.00262	0.00837
3	0.00734	0.00540	0.00687	0.00650	0.00781	0.00493	0.00488	0.00970	0.01463	0.02040	0.69488	0.04080	0.13395	0.01111	0.00624	0.00168	0.00252	0.00974	0.00571	0.00493
4	0.00755	0.00566	0.00850	0.00850	0.00944	0.00661	0.00661	0.00944	0.00850	0.01227	0.01416	0.02077	0.01322	0.03965	0.79326	0.00850	0.01416	0.00566	0.00283	0.00472
5	0.01293	0.01240	0.02118	0.07127	0.74364	0.01252	0.01615	0.01609	0.01196	0.01708	0.00992	0.01314	0.00831	0.00474	0.00524	0.00158	0.00632	0.00471	0.00260	0.00825
6	0.02123	0.01226	0.01415	0.01088	0.01498	0.01270	0.00898	0.45408	0.02067	0.32695	0.01601	0.01496	0.01072	0.00642	0.00526	0.00160	0.00521	0.00498	0.02908	0.00888
7	0.00727	0.00542	0.00703	0.03285	0.00877	0.00506	0.00525	0.00941	0.01364	0.01877	0.52970	0.16041	0.13757	0.01192	0.00631	0.00177	0.00281	0.02578	0.00543	0.00484
8	0.54103	0.14213	0.12141	0.00922	0.01345	0.01336	0.04509	0.01604	0.00988	0.03675	0.00811	0.00941	0.00630	0.00487	0.00372	0.00157	0.00511	0.00322	0.00300	0.00633
9	0.17613	0.01373	0.03915	0.01099	0.01496	0.01467	0.00924	0.53053	0.04573	0.04224	0.01267	0.04411	0.00964	0.00647	0.00496	0.00163	0.00537	0.00483	0.00482	0.00813
10	0.01290	0.01299	0.04672	0.05304	0.72006	0.01255	0.03162	0.01618	0.01198	0.01714	0.00993	0.01307	0.00827	0.00473	0.00525	0.00158	0.00641	0.00471	0.00260	0.00826
11	0.02814	0.00676	0.00700	0.00661	0.00814	0.01920	0.00501	0.10851	0.01254	0.01940	0.01947	0.05113	0.05875	0.11391	0.00748	0.00195	0.00360	0.06043	0.45676	0.00521
12	0.01925	0.01399	0.01496	0.01156	0.01555	0.01545	0.00952	0.70143	0.02372	0.03219	0.01307	0.01327	0.00937	0.00633	0.00516	0.00156	0.00554	0.00477	0.07467	0.00865
13	0.03050	0.06334	0.56788	0.07278	0.02293	0.01247	0.08472	0.01645	0.01135	0.03243	0.03104	0.01239	0.00816	0.00516	0.00507	0.00166	0.00744	0.00428	0.00249	0.00745
14	0.01241	0.01406	0.03009	0.02166	0.02662	0.01358	0.70678	0.01662	0.01216	0.01662	0.01042	0.01406	0.00794	0.00481	0.00706	0.00182	0.06749	0.00612	0.00265	0.00703
15	0.00876	0.00641	0.00743	0.00707	0.00871	0.00616	0.00529	0.04892	0.07466	0.04880	0.24711	0.12058	0.27869	0.06559	0.02443	0.00215	0.00348	0.02537	0.00513	0.00525
16	0.00665	0.00474	0.00632	0.00745	0.00782	0.00450	0.00508	0.00765	0.01008	0.01344	0.02805	0.70698	0.03333	0.05596	0.02962	0.00249	0.00358	0.05721	0.00476	0.00429
17	0.01134	0.02371	0.59238	0.01795	0.11608	0.01237	0.10584	0.01685	0.01149	0.02909	0.00987	0.01187	0.00716	0.00494	0.00520	0.00167	0.00770	0.00430	0.00240	0.00782
18	0.02130	0.00848	0.01134	0.00890	0.01255	0.00746	0.00728	0.02366	0.02947	0.65761	0.07633	0.01973	0.01589	0.00684	0.00527	0.00161	0.00420	0.00561	0.06810	0.00839
19	0.01126	0.02739	0.01553	0.51802	0.06995	0.02449	0.02385	0.09182	0.03790	0.01600	0.01141	0.05316	0.00941	0.00824	0.05777	0.00218	0.00710	0.00528	0.00294	0.00631
20	0.00692	0.00538	0.00629	0.00606	0.00755	0.00475	0.00455	0.00889	0.01364	0.01805	0.44824	0.04468	0.38205	0.01198	0.00624	0.00172	0.00258	0.01029	0.00540	0.00475
21	0.74930	0.01142	0.06535	0.00767	0.01132	0.01169	0.00684	0.01613	0.00946	0.06030	0.00818	0.00924	0.00616	0.00500	0.00350	0.00164	0.00438	0.00306	0.00335	0.00604
22	0.01584	0.01384	0.07194	0.12988	0.12495	0.01389	0.03462	0.41561	0.01859	0.02531	0.01291	0.01430	0.03006	0.00600	0.00524	0.00161	0.00604	0.00491	0.04649	0.00798
23	0.12114	0.33446	0.15191	0.01123	0.01561	0.25696	0.01079	0.01758	0.01190	0.01476	0.00797	0.00928	0.00664	0.00494	0.00408	0.00136	0.00703	0.00320	0.00253	0.00662
24	0.13945	0.00968	0.01195	0.00930	0.01329	0.00910	0.00768	0.08899	0.01512	0.61233	0.01825	0.01621	0.01170	0.00630	0.00503	0.00163	0.00456	0.00492	0.00597	0.00854
25	0.00672	0.00475	0.00610	0.00707	0.00736	0.00449	0.00464	0.00751	0.00974	0.01294	0.02724	0.63079	0.04736	0.16856	0.01059	0.00271	0.00349	0.02924	0.00458	0.00410
26	0.00668	0.00472	0.00613	0.00709	0.00740	0.00445	0.00466	0.00754	0.01001	0.01341	0.06513	0.65768	0.03340	0.13357	0.00969	0.00256	0.00334	0.01367	0.00470	0.00417
27	0.01901	0.00795	0.01076	0.00861	0.01187	0.00696	0.00696	0.02118	0.01508	0.56338	0.24059	0.02423	0.02376	0.00778	0.00558	0.00164	0.00392	0.00655	0.00633	0.00783
28	0.00758	0.00539	0.00694	0.00681	0.00804	0.00495	0.00510	0.00974	0.01390	0.03357	0.55620	0.14178	0.12050	0.01193	0.00634	0.00178	0.00274	0.04622	0.00558	0.00491
29	0.00645	0.00522	0.00575	0.00607	0.00748	0.00453	0.00448	0.00780	0.01175	0.01447	0.07685	0.22074	0.54604	0.01405	0.00641	0.00189	0.00286	0.04775	0.00494	0.00447
30	0.01096	0.00940	0.01096	0.00783	0.01253	0.00705	0.00626	0.01331	0.01096	0.01723	0.00940	0.01096	0.00783	0.00392	0.00392	0.00078	0.00392	0.00313	0.00313	0.84653
31	0.01392	0.75821	0.04490	0.00943	0.01380	0.02048	0.00942	0.01569	0.01062	0.01255	0.00738	0.00870	0.00679	0.00477	0.00413	0.00120	0.04603	0.00294	0.00226	0.00676
32	0.01163	0.00979	0.01132	0.00815	0.01281	0.00774	0.00654	0.06855	0.01199	0.01841	0.00964	0.01109	0.00792	0.00409	0.00402	0.00084	0.00406	0.00325	0.00329	0.78486
33	0.00740	0.00540	0.00695	0.00656	0.00785	0.00495	0.00492	0.00982	0.01477	0.02074	0.73020	0.04025	0.09841	0.01098	0.00624	0.00167	0.00251	0.00967	0.00576	0.00495
34	0.01273	0.01092	0.01159	0.01046	0.01332	0.01255	0.00812	0.02676	0.71597	0.02205	0.07725	0.02118	0.01862	0.00744	0.00544	0.00178	0.00406	0.00624	0.00541	0.00812
35	0.00985	0.00493	0.00493	0.00493	0.00616	0.00493	0.00370	0.01232	0.01109	0.01971	0.01725	0.01971	0.01355	0.00616	0.00370	0.00123	0.00246	0.00493	0.84356	0.00493
36	0.00768	0.00515	0.00588	0.00588	0.00592	0.00519	0.00335	0.00776	0.00772	0.01034	0.01655	0.03400	0.01896	0.78072	0.06005	0.00527	0.00552	0.00760	0.00319	0.00327
37	0.02053	0.01321	0.01534	0.01283	0.06657	0.01399	0.00989	0.52966	0.02157	0.21988	0.01455	0.01404	0.00997	0.00629	0.00529	0.00160	0.00552	0.00490	0.00542	0.00895
38	0.01426	0.01201	0.01211	0.01083	0.01385	0.06453	0.00845	0.02714	0.65264	0.07616	0.02070	0.01968	0.01557	0.00715	0.00537	0.00177	0.00458	0.01973	0.00528	0.00820
39	0.02348	0.00938	0.01251	0.00959	0.01369	0.00834	0.00792	0.07487	0.01578	0.73487	0.02031	0.01764	0.01281	0.00653	0.00531	0.00163	0.00459	0.00528	0.00646	0.00900
40	0.01100	0.01044	0.01770	0.54830	0.28164	0.01201	0.01519	0.01440	0.01105	0.01475	0.00958	0.01376	0.00748	0.00510	0.00527	0.00170	0.00679	0.00470	0.00244	0.00670
41	0.00755	0.00566	0.00850	0.00850	0.00944	0.00661	0.00661	0.00944	0.00850	0.01227	0.01416	0.02077	0.01322	0.03965	0.79326	0.00850	0.01416	0.00566	0.00283	0.00472
42	0.01565	0.01196	0.01459	0.01343	0.09022	0.01354	0.00990	0.35398	0.08316	0.06255	0.01314	0.01534	0.01042	0.04103	0.11254	0.00276	0.11878	0.00510	0.00427	0.00764
43	0.01248	0.01426	0.03119	0.02228	0.02763	0.01337	0.76203	0.01693	0.01248	0.01693	0.01070	0.01426	0.00802	0.00446	0.00624	0.00178	0.00891	0.00624	0.00267	0.00713
44	0.01162	0.01075	0.01779	0.05331	0.56955	0.01072	0.01352	0.01458	0.01254	0.01776	0.15680	0.02022	0.04004	0.00635	0.00550	0.00162	0.00545	0.02111	0.00333	0.00746
45	0.01248	0.01426	0.03119	0.02228	0.02763	0.01337	0.76203	0.01693	0.01248	0.01693	0.01070	0.01426	0.00802	0.00446	0.00624	0.00178	0.00891	0.00624	0.00267	0.00713
46	0.00850	0.00843	0.06020	0.06630	0.01161	0.04656	0.00713	0.01098	0.01350	0.01832	0.47172	0.06148	0.13535	0.01021	0.00657	0.00172	0.04267	0.00868	0.00484	0.00524
47	0.00769	0.00513	0.00577	0.00577	0.00577	0.00513	0.00320	0.00769	0.00769	0.01025	0.01666	0.03460	0.01922	0.81421	0.02691	0.00513	0.00513	0.00769	0.00320	0.00320
48	0.01193	0.01163	0.01645	0.34862	0.14226	0.08172	0.05525	0.05245	0.03286	0.01517	0.01042	0.01486	0.00863	0.04731	0.05979	0.00235	0.07427	0.00492	0.00275	0.00637
49	0.00713	0.00519	0.00673	0.00690	0.00790	0.00479	0.00504	0.00906	0.01319	0.01819	0.47272	0.27299	0.09488	0.01287	0.00643	0.00185	0.00278	0.04118	0.00544	0.00474
50	0.04195	0.00919	0.02852	0.02614	0.01222	0.00903	0.00754	0.18697	0.01539	0.18726	0.16499	0.08656	0.02230	0.09470	0.00823	0.00212	0.02102	0.06412	0.00512	0.00665
51	0.06359	0.01193	0.01349	0.05042	0.01543	0.01257	0.00884	0.42725	0.01893	0.12874	0.01423	0.07440	0.01120	0.00734	0.01937	0.00168	0.00533	0.00534	0.00487	0.10504
52	0.06812	0.63369	0.02436	0.00960	0.01382	0.10985	0.00902	0.05417	0.01184	0.01426	0.00772	0.00882	0.00683	0.00475	0.00364	0.00121	0.00601	0.00299	0.00253	0.00675
53	0.02078	0.01371	0.01519	0.01164	0.01585	0.01477	0.00962	0.62422	0.02302	0.17530	0.01423	0.01369	0.00976	0.00638	0.00529	0.00160	0.00557	0.00486	0.00553	0.00899
54	0.01973	0.02011	0.01521	0.01280	0.01619	0.42542	0.01003	0.35927	0.01941	0.02234	0.01039	0.01115	0.00792	0.00587	0.00499	0.00146	0.00772	0.00405	0.01853	0.00741
55	0.00646	0.00462	0.00615	0.00735	0.00767	0.00431	0.00491	0.00741	0.01022	0.01365	0.04441	0.79504	0.03527	0.01645	0.00674	0.00214	0.00306	0.01492	0.00493	0.00431
56	0.00727	0.00524	0.00688	0.00679	0.00785	0.00485	0.00497	0.00945	0.01399	0.01965	0.62778	0.19457	0.04688	0.01196	0.00634	0.00176	0.00261	0.01066	0.00564	0.00485
57	0.00662	0.00502	0.00611	0.00664	0.00760	0.00451	0.00470	0.00800	0.01170	0.01528	0.18341	0.41239	0.26849	0.01442	0.00650	0.00194	0.00286	0.02422	0.00509	0.00449
58	0.00740	0.00540	0.00695	0.00656	0.00785	0.00495	0.00492	0.00982	0.01477	0.02074	0.73020	0.04025	0.09841	0.01098	0.00624	0.00167	0.00251	0.00967	0.00576	0.00495
59	0.01413	0.81739	0.02770	0.00905	0.01357	0.02092	0.00905	0.01583	0.01074	0.01244	0.00735	0.00848	0.00678	0.00452	0.00339	0.00113	0.00565	0.00283	0.00226	0.00678
60	0.00918	0.00459	0.00689	0.00689	0.00689	0.00459	0.00459	0.00689	0.00689	0.00918	0.00918	0.01607	0.00918	0.01837	0.02066	0.84619	0.00459	0.00459	0.00230	0.00230
61	0.00690	0.00528	0.00589	0.00605	0.00715	0.00478	0.00427	0.00803	0.01099	0.01386	0.10307	0.11458	0.39892	0.22417	0.01180	0.00273	0.00349	0.05934	0.00454	0.00419
62	0.01315	0.01136	0.01195	0.01076	0.01375	0.01315	0.00837	0.02809	0.77168	0.02211	0.02152	0.01972	0.01614	0.00717	0.00538	0.00179	0.00418	0.00598	0.00538	0.00837
63	0.02010	0.01481	0.01587	0.01216	0.01639	0.01639	0.01005	0.76360	0.02486	0.03332	0.01269	0.01269	0.00899	0.00635	0.00529	0.00159	0.00582	0.00476	0.00529	0.00899
64	0.85155	0.01022	0.00777	0.00695	0.01022	0.01186	0.00573	0.01554	0.00900	0.02372	0.00736	0.00859	0.00573	0.00491	0.00327	0.00164	0.00409	0.00286	0.00327	0.00573
65	0.00998	0.00940	0.01586	0.80150	0.03641	0.01175	0.01468	0.01351	0.01057	0.01351	0.00940	0.01409	0.00705	0.00529	0.00529	0.00176	0.00705	0.00470	0.00235	0.00587
66	0.00998	0.00934	0.01314	0.05001	0.01314	0.01234	0.00967	0.01150	0.00905	0.01334	0.06337	0.01839	0.06798	0.01591	0.17960	0.00351	0.48580	0.00566	0.00285	0.00541
67	0.04085	0.07614	0.57446	0.01340	0.02019	0.01205	0.01631	0.01823	0.01176	0.15173	0.01127	0.01210	0.00779	0.00525	0.00491	0.00163	0.00696	0.00405	0.00303	0.00788
68	0.01628	0.01423	0.01460	0.21464	0.02053	0.14951	0.01064	0.34859	0.04425	0.02307	0.01177	0.01337	0.00877	0.00593	0.00506	0.00157	0.00643	0.00456	0.07893	0.00731
69	0.85155	0.01022	0.00777	0.00695	0.01022	0.01186	0.00573	0.01554	0.00900	0.02372	0.00736	0.00859	0.00573	0.00491	0.00327	0.00164	0.00409	0.00286	0.00327	0.00573
70	0.01060	0.02735	0.78682	0.01507	0.02288	0.01228	0.01953	0.01674	0.01116	0.01674	0.00949	0.01116	0.00670	0.00502	0.00502	0.00167	0.00781	0.00391	0.00223	0.00781
71	0.01245	0.01140	0.01845	0.07493	0.56384	0.01157	0.01394	0.06475	0.01316	0.01849	0.10556	0.01760	0.03880	0.00589	0.00540	0.00160	0.00572	0.00552	0.00325	0.00772
72	0.00918	0.00459	0.00689	0.00689	0.00689	0.00459	0.00459	0.00689	0.00689	0.00918	0.00918	0.01607	0.00918	0.01837	0.02066	0.84619	0.00459	0.00459	0.00230	0.00230
73	0.01580	0.47206	0.12985	0.01069	0.01532	0.14471	0.01054	0.01811	0.01207	0.11322	0.00953	0.01026	0.00759	0.00501	0.00410	0.00131	0.00644	0.00340	0.00289	0.00711
74	0.00769	0.00513	0.00577	0.00577	0.00577	0.00513	0.00320	0.00769	0.00769	0.01025	0.01666	0.03460	0.01922	0.81421	0.02691	0.00513	0.00513	0.00769	0.00320	0.00320
75	0.03176	0.22278	0.36797	0.01251	0.01825	0.06885	0.01385	0.10652	0.04573	0.05021	0.01019	0.01116	0.00765	0.00524	0.00462	0.00151	0.00678	0.00383	0.00298	0.00761
76	0.00899	0.00671	0.00834	0.00829	0.00917	0.00715	0.00599	0.10879	0.01162	0.01570	0.04001	0.40930	0.04294	0.14619	0.06852	0.00302	0.06402	0.02598	0.00436	0.00492
77	0.00758	0.00556	0.00799	0.00799	0.00876	0.00633	0.00598	0.00911	0.00835	0.01190	0.01462	0.02334	0.01433	0.18347	0.65096	0.00787	0.01248	0.00604	0.00290	0.00444
78	0.01284	0.01261	0.02008	0.17519	0.60345	0.05180	0.01563	0.01596	0.01191	0.01635	0.00975	0.01309	0.00805	0.00485	0.00522	0.00160	0.00659	0.00464	0.00257	0.00779
79	0.01989	0.01470	0.01575	0.01212	0.01631	0.01630	0.01000	0.74126	0.04755	0.03298	0.01296	0.01291	0.00921	0.00637	0.00529	0.00159	0.00577	0.00480	0.00529	0.00897
80	0.01215	0.00972	0.01048	0.00937	0.01207	0.01060	0.00735	0.09473	0.42832	0.04636	0.09333	0.02830	0.17234	0.00889	0.00568	0.00178	0.00393	0.03202	0.00534	0.00725
81	0.01975	0.02520	0.01498	0.01362	0.01634	0.79299	0.01021	0.02111	0.01498	0.01294	0.00817	0.00953	0.00681	0.00545	0.00477	0.00136	0.00953	0.00340	0.00272	0.00613
82	0.01407	0.01575	0.01639	0.05442	0.01640	0.25919	0.05076	0.01561	0.01067	0.01318	0.00783	0.01134	0.00708	0.00755	0.01196	0.00194	0.45835	0.00434	0.01723	0.00595
83	0.00649	0.00536	0.00568	0.00560	0.00729	0.00456	0.00420	0.00805	0.01261	0.01561	0.19316	0.04868	0.63865	0.01289	0.00625	0.00176	0.00264	0.01085	0.00508	0.00456
84	0.00741	0.00526	0.00675	0.00689	0.00737	0.00550	0.00466	0.00829	0.00863	0.01176	0.03428	0.12554	0.05805	0.39454	0.28610	0.00568	0.00780	0.00810	0.00342	0.00396
85	0.00851	0.02312	0.00825	0.00809	0.00900	0.00677	0.00586	0.07115	0.01136	0.02852	0.02729	0.52780	0.10788	0.05293	0.00835	0.00219	0.07130	0.01210	0.00461	0.00491
86	0.07174	0.18973	0.38354	0.01383	0.03165	0.13768	0.06952	0.01716	0.01164	0.01575	0.00878	0.01042	0.00679	0.00493	0.00461	0.00151	0.00743	0.00371	0.00243	0.00714

[dist]
# distance from previous block
# <min> <max>
0	8

[block]
# block no. 3 follows, 46 sequences, length 8
# corresponding to MSA columns:
# 277-284
name=unknown_D
#
# <colnr> <probs for GDERKNQSTAVLIFYWHMCP>
#	G	D	E	R	K	N	Q	S	T	A	V	L	I	F	Y	W	H	M	C	P
0	0.17324	0.35537	0.04736	0.01051	0.01441	0.10100	0.05017	0.05934	0.06730	0.01692	0.00922	0.01053	0.00765	0.00615	0.02695	0.00163	0.02900	0.00359	0.00294	0.00672
1	0.01223	0.01638	0.18239	0.01887	0.09227	0.04323	0.33010	0.01746	0.09228	0.01678	0.01155	0.03596	0.00924	0.00577	0.00692	0.00179	0.09107	0.00555	0.00289	0.00726
2	0.01096	0.00940	0.01096	0.00783	0.01253	0.00705	0.00626	0.01331	0.01096	0.01723	0.00940	0.01096	0.00783	0.00392	0.00392	0.00078	0.00392	0.00313	0.00313	0.84653
3	0.00671	0.00480	0.00641	0.00746	0.00793	0.00450	0.00518	0.00791	0.01080	0.01451	0.11100	0.67147	0.03626	0.01579	0.00673	0.00212	0.00314	0.06787	0.00500	0.00441
4	0.00756	0.00507	0.00580	0.00593	0.00596	0.00504	0.00338	0.00765	0.00794	0.01059	0.01796	0.11557	0.02086	0.73100	0.02480	0.00481	0.00491	0.00845	0.00338	0.00332
5	0.00652	0.00476	0.00605	0.00698	0.00752	0.00439	0.00471	0.00752	0.01049	0.01379	0.06479	0.63842	0.13601	0.05208	0.00757	0.00221	0.00308	0.01393	0.00487	0.00430
6	0.01413	0.81739	0.02770	0.00905	0.01357	0.02092	0.00905	0.01583	0.01074	0.01244	0.00735	0.00848	0.00678	0.00452	0.00339	0.00113	0.00565	0.00283	0.00226	0.00678
7	0.01570	0.01193	0.01285	0.01085	0.01415	0.01335	0.00871	0.29669	0.39016	0.05476	0.01831	0.01893	0.01391	0.00713	0.00534	0.00171	0.00473	0.03979	0.05275	0.00826

[dist]
# distance from previous block
# <min> <max>
0	17

[block]
# block no. 4 follows, 46 sequences, length 6
# corresponding to MSA columns:
# 302-307
name=unknown_E
#
# <colnr> <probs for GDERKNQSTAVLIFYWHMCP>
#	G	D	E	R	K	N	Q	S	T	A	V	L	I	F	Y	W	H	M	C	P
0	0.00859	0.00604	0.00771	0.00743	0.00888	0.00577	0.00575	0.03488	0.03855	0.04438	0.52427	0.09148	0.07772	0.01141	0.00632	0.00180	0.00307	0.10510	0.00558	0.00526
1	0.00796	0.00615	0.00709	0.00765	0.00822	0.04334	0.00536	0.00919	0.01060	0.01462	0.07920	0.53276	0.02956	0.04874	0.00778	0.00210	0.05353	0.01183	0.10977	0.00456
2	0.00644	0.00460	0.00613	0.00736	0.00767	0.00429	0.00491	0.00736	0.01012	0.01350	0.02914	0.81076	0.03497	0.01656	0.00675	0.00215	0.00307	0.01503	0.00491	0.00429
3	0.01122	0.16460	0.65494	0.01402	0.02126	0.01378	0.01771	0.01658	0.01109	0.01599	0.00912	0.01070	0.00671	0.00494	0.00474	0.00158	0.00744	0.00372	0.00224	0.00763
4	0.01300	0.08836	0.02649	0.07800	0.15707	0.06455	0.43333	0.01658	0.01211	0.01592	0.00986	0.01311	0.00778	0.00480	0.00603	0.00168	0.03632	0.00531	0.00259	0.00711
5	0.41930	0.06970	0.05767	0.09830	0.04573	0.03397	0.00922	0.04810	0.06620	0.02010	0.00906	0.01081	0.00715	0.00556	0.00526	0.00168	0.07895	0.00368	0.00315	0.00639

[dist]
# distance from previous block
# <min> <max>
0	1

[block]
# block no. 5 follows, 46 sequences, length 50
# corresponding to MSA columns:
# 309-358
name=unknown_F
#
# <colnr> <probs for GDERKNQSTAVLIFYWHMCP>
#	G	D	E	R	K	N	Q	S	T	A	V	L	I	F	Y	W	H	M	C	P
0	0.06187	0.01241	0.01340	0.01176	0.05793	0.05434	0.00889	0.39000	0.05898	0.08984	0.12959	0.05598	0.01682	0.00736	0.00537	0.00163	0.00512	0.00592	0.00506	0.00776
1	0.10230	0.02347	0.01045	0.00883	0.01144	0.09467	0.00692	0.17330	0.06288	0.04618	0.09511	0.04319	0.18176	0.04424	0.00646	0.00178	0.02156	0.00666	0.03085	0.02794
2	0.12235	0.00995	0.01155	0.00983	0.01260	0.03391	0.05867	0.11934	0.14237	0.08100	0.07582	0.08303	0.01699	0.04479	0.01860	0.01957	0.00483	0.04365	0.04377	0.04741
3	0.08214	0.04117	0.01499	0.04738	0.05472	0.04281	0.00965	0.42589	0.06830	0.02623	0.01234	0.01301	0.02014	0.00599	0.00522	0.00153	0.02539	0.00449	0.00437	0.09425
4	0.04932	0.00556	0.00581	0.00579	0.00746	0.00491	0.00432	0.00837	0.01224	0.01585	0.16906	0.09935	0.56822	0.01275	0.00613	0.00178	0.00275	0.01074	0.00498	0.00460
5	0.02966	0.01025	0.01344	0.02281	0.04864	0.00985	0.02723	0.14605	0.06436	0.50400	0.03109	0.01809	0.03614	0.00666	0.00536	0.00165	0.00483	0.00547	0.00583	0.00860
6	0.01138	0.06512	0.64784	0.01420	0.02121	0.01275	0.01759	0.07561	0.01209	0.01761	0.00987	0.01163	0.00721	0.00686	0.04493	0.00199	0.00787	0.00401	0.00251	0.00770
7	0.05342	0.01004	0.01615	0.57703	0.03061	0.01218	0.06608	0.04817	0.01110	0.01534	0.00963	0.01377	0.00737	0.00561	0.00616	0.00177	0.07096	0.00472	0.03382	0.00605
8	0.00829	0.00592	0.00825	0.00943	0.01056	0.00588	0.00808	0.01057	0.01203	0.01570	0.04426	0.13407	0.03130	0.01472	0.00722	0.00239	0.00464	0.65698	0.00489	0.00481
9	0.05261	0.01246	0.02457	0.08706	0.05690	0.01259	0.48923	0.01550	0.01154	0.01656	0.01116	0.04948	0.00920	0.00563	0.00692	0.00181	0.08274	0.00606	0.04133	0.00665
10	0.12945	0.47650	0.17603	0.01054	0.01543	0.07242	0.02507	0.01637	0.01092	0.01498	0.00790	0.00922	0.00665	0.00474	0.00385	0.00134	0.00621	0.00315	0.00244	0.00680
11	0.00757	0.00558	0.00808	0.00808	0.00889	0.00638	0.00609	0.00918	0.00837	0.01197	0.01454	0.02286	0.01412	0.15662	0.67752	0.00799	0.01280	0.00597	0.00289	0.00449
12	0.01302	0.01470	0.02521	0.01898	0.02254	0.09932	0.46928	0.01621	0.01152	0.01532	0.00937	0.01299	0.00759	0.00591	0.00920	0.00189	0.23227	0.00548	0.00258	0.00664
13	0.00992	0.00647	0.00823	0.00733	0.00907	0.00614	0.00564	0.07120	0.01576	0.08994	0.65042	0.03545	0.04337	0.01008	0.00608	0.00165	0.00294	0.00880	0.00584	0.00566
14	0.00719	0.00601	0.00637	0.00626	0.00792	0.02146	0.00474	0.00936	0.04107	0.01638	0.23834	0.06255	0.50307	0.01243	0.00623	0.00178	0.00291	0.03602	0.00512	0.00479
15	0.09249	0.00910	0.01189	0.00920	0.01322	0.00811	0.00760	0.02491	0.01462	0.72166	0.01974	0.01721	0.01247	0.00641	0.00515	0.00164	0.00446	0.00511	0.00627	0.00873
16	0.00932	0.00745	0.00898	0.01001	0.01134	0.06246	0.00864	0.01168	0.01237	0.01561	0.02657	0.05604	0.02873	0.01395	0.00712	0.00236	0.00520	0.69247	0.00471	0.00496
17	0.00713	0.00532	0.00662	0.00666	0.00786	0.00485	0.00497	0.00908	0.01325	0.01790	0.43661	0.15283	0.21067	0.03117	0.00687	0.00189	0.00285	0.06339	0.00536	0.00472
18	0.00689	0.00534	0.00618	0.00604	0.00744	0.00473	0.00445	0.00867	0.01309	0.01720	0.38005	0.07449	0.38197	0.05127	0.00727	0.00191	0.00273	0.01041	0.00524	0.00463
19	0.00650	0.00496	0.00591	0.00656	0.00746	0.00445	0.00457	0.00762	0.01094	0.01397	0.06545	0.45062	0.31061	0.05174	0.00748	0.00214	0.00303	0.02676	0.00486	0.00434
20	0.00743	0.00530	0.00703	0.00763	0.00819	0.00539	0.00533	0.03425	0.00994	0.01347	0.02319	0.47407	0.02656	0.12132	0.18683	0.02107	0.00599	0.02842	0.00419	0.00439
21	0.85155	0.01022	0.00777	0.00695	0.01022	0.01186	0.00573	0.01554	0.00900	0.02372	0.00736	0.00859	0.00573	0.00491	0.00327	0.00164	0.00409	0.00286	0.00327	0.00573
22	0.01184	0.00969	0.01146	0.00836	0.01278	0.00789	0.00673	0.04167	0.01150	0.04829	0.00985	0.01134	0.00804	0.00438	0.00470	0.00092	0.04460	0.00336	0.00331	0.73928
23	0.01244	0.01185	0.02006	0.15316	0.63259	0.01225	0.01559	0.01578	0.02438	0.01667	0.01050	0.03199	0.00891	0.00512	0.00528	0.00162	0.00629	0.00497	0.00267	0.00788
24	0.00677	0.00485	0.00640	0.00747	0.00795	0.00457	0.00522	0.00789	0.01045	0.01387	0.05212	0.63505	0.05797	0.05650	0.00780	0.00231	0.00335	0.10028	0.00484	0.00433
25	0.02574	0.01298	0.05891	0.06754	0.48701	0.01228	0.06650	0.07662	0.01329	0.11069	0.01144	0.01362	0.00877	0.00509	0.00528	0.00161	0.00630	0.00483	0.00328	0.00821
26	0.01312	0.04136	0.11329	0.01218	0.01464	0.05488	0.03010	0.10069	0.01186	0.07147	0.01168	0.06898	0.01032	0.01006	0.06436	0.00233	0.29796	0.00530	0.04182	0.02357
27	0.00678	0.00537	0.00600	0.00609	0.00746	0.00478	0.00444	0.00846	0.02645	0.01535	0.18041	0.15035	0.45877	0.07062	0.00780	0.00206	0.00295	0.02637	0.00496	0.00453
28	0.01184	0.01290	0.02675	0.22923	0.05924	0.01291	0.53494	0.01600	0.01196	0.01604	0.01032	0.01417	0.00778	0.00469	0.00595	0.00177	0.00832	0.00577	0.00259	0.00685
29	0.03488	0.14503	0.05850	0.01538	0.16521	0.26974	0.01084	0.08035	0.04002	0.01704	0.06539	0.01380	0.02137	0.00577	0.00477	0.00145	0.00672	0.00438	0.03242	0.00693
30	0.01078	0.01200	0.06099	0.08132	0.11423	0.01088	0.39059	0.01424	0.01167	0.01587	0.01545	0.19180	0.03026	0.00746	0.00609	0.00183	0.00696	0.00787	0.00316	0.00653
31	0.00716	0.00543	0.00665	0.00660	0.00798	0.00492	0.00506	0.00923	0.01356	0.01813	0.43855	0.07216	0.28046	0.01225	0.00637	0.00180	0.00283	0.09067	0.00539	0.00478
32	0.01225	0.01515	0.09071	0.04560	0.02752	0.01323	0.68018	0.01681	0.01231	0.01681	0.01056	0.01401	0.00789	0.00453	0.00611	0.00177	0.00877	0.00601	0.00263	0.00715
33	0.01243	0.17030	0.50623	0.01474	0.07460	0.01395	0.01618	0.05347	0.03215	0.04441	0.01001	0.01135	0.00742	0.00508	0.00477	0.00156	0.00699	0.00391	0.00265	0.00778
34	0.01471	0.16396	0.17924	0.09728	0.14796	0.28025	0.01342	0.01765	0.01248	0.01443	0.00872	0.01075	0.00707	0.00505	0.00471	0.00146	0.00768	0.00376	0.00248	0.00695
35	0.00748	0.00540	0.00707	0.00665	0.00790	0.00499	0.00499	0.00998	0.01496	0.02120	0.77844	0.03949	0.04988	0.01081	0.00624	0.00166	0.00249	0.00956	0.00582	0.00499
36	0.07926	0.01345	0.07832	0.06631	0.57231	0.01250	0.06899	0.01613	0.01169	0.01753	0.00973	0.01272	0.00795	0.00476	0.00514	0.00161	0.00645	0.00461	0.00263	0.00791
37	0.01354	0.01465	0.07319	0.17423	0.31413	0.12172	0.04003	0.08665	0.01323	0.01716	0.01134	0.01492	0.02653	0.00572	0.00561	0.00165	0.02811	0.02739	0.00292	0.00728
38	0.00820	0.00659	0.00989	0.01058	0.04991	0.00630	0.06711	0.01030	0.01174	0.01528	0.04186	0.22638	0.14959	0.01350	0.00680	0.00216	0.00445	0.34975	0.00461	0.00503
39	0.00970	0.00651	0.00866	0.00941	0.01090	0.00658	0.00809	0.01301	0.06664	0.05397	0.02633	0.05158	0.02722	0.01301	0.00678	0.00225	0.00461	0.59787	0.07156	0.00532
40	0.08455	0.01498	0.07718	0.01252	0.01698	0.01496	0.06415	0.52511	0.05547	0.06282	0.01264	0.01292	0.00899	0.00604	0.00518	0.00162	0.00593	0.00473	0.00476	0.00848
41	0.16475	0.03702	0.37501	0.08085	0.07485	0.01182	0.06505	0.01622	0.01126	0.05321	0.05441	0.01319	0.00957	0.00536	0.00487	0.00166	0.00652	0.00437	0.00290	0.00713
42	0.01354	0.01298	0.08127	0.01646	0.02081	0.01158	0.39147	0.05600	0.01274	0.13289	0.01450	0.01685	0.04673	0.00946	0.09282	0.00251	0.05088	0.00593	0.00347	0.00710
43	0.00691	0.00485	0.00622	0.00693	0.00726	0.00468	0.00454	0.00775	0.00978	0.01318	0.08459	0.50574	0.03094	0.23044	0.04819	0.00320	0.00408	0.01220	0.00443	0.00408
44	0.05373	0.01114	0.01708	0.26600	0.02302	0.05010	0.16069	0.01487	0.06505	0.01510	0.01203	0.07066	0.01849	0.00850	0.04552	0.00219	0.15102	0.00578	0.00292	0.00611
45	0.04091	0.01038	0.01141	0.06779	0.07450	0.09805	0.00850	0.04076	0.07061	0.05364	0.05193	0.07807	0.09626	0.02207	0.00618	0.00175	0.02491	0.11802	0.00406	0.12021
46	0.01166	0.01012	0.01337	0.14691	0.10640	0.00947	0.00927	0.07122	0.03219	0.01774	0.01064	0.03879	0.00896	0.00505	0.00482	0.00121	0.02158	0.00421	0.00320	0.47319
47	0.01473	0.01173	0.01377	0.05215	0.13039	0.05304	0.00965	0.20584	0.18851	0.07291	0.01558	0.05685	0.01278	0.05549	0.04838	0.00221	0.00585	0.00570	0.01729	0.02715
48	0.06870	0.01165	0.01281	0.08525	0.01569	0.04156	0.00901	0.20802	0.22339	0.07426	0.03808	0.01852	0.07609	0.00725	0.00620	0.00172	0.06844	0.00557	0.00460	0.02319
49	0.19646	0.01123	0.01251	0.11444	0.01632	0.03891	0.02857	0.19802	0.08044	0.15257	0.01348	0.01410	0.00967	0.00590	0.00472	0.00161	0.00514	0.00455	0.08408	0.00729

[dist]
# distance from previous block
# <min> <max>
1	18

[block]
# block no. 6 follows, 46 sequences, length 15
# corresponding to MSA columns:
# 377-391
name=unknown_G
#
# <colnr> <probs for GDERKNQSTAVLIFYWHMCP>
#	G	D	E	R	K	N	Q	S	T	A	V	L	I	F	Y	W	H	M	C	P
0	0.01311	0.01091	0.01428	0.01183	0.01501	0.01164	0.11402	0.13463	0.30713	0.04783	0.03479	0.03689	0.08266	0.00802	0.00608	0.00179	0.02943	0.07407	0.00475	0.04112
1	0.01353	0.06671	0.01908	0.16989	0.37946	0.01344	0.01374	0.09323	0.01269	0.04889	0.01007	0.01291	0.00811	0.00551	0.00638	0.00164	0.09068	0.00457	0.00296	0.02651
2	0.09991	0.00948	0.01062	0.00774	0.01228	0.00756	0.00621	0.01355	0.01075	0.01791	0.00918	0.01071	0.00761	0.00402	0.00385	0.00087	0.00393	0.00310	0.00315	0.75756
3	0.01432	0.02441	0.09313	0.09435	0.01721	0.02277	0.02569	0.22006	0.05565	0.08546	0.01365	0.07883	0.01113	0.00635	0.00503	0.00148	0.00535	0.00523	0.01821	0.20168
4	0.00702	0.00489	0.00592	0.00651	0.00675	0.00469	0.00406	0.00753	0.00908	0.01201	0.02451	0.40719	0.06547	0.39136	0.01620	0.00353	0.00401	0.01138	0.00411	0.00379
5	0.00667	0.00516	0.00590	0.00611	0.00727	0.00459	0.00433	0.00799	0.01170	0.01498	0.17981	0.22599	0.39062	0.09454	0.00845	0.00218	0.00298	0.01142	0.00491	0.00439
