[name]
unknown

[dist]
# distance from previous block
# <min> <max>
0	80

[block]
# block no. 0 follows, 46 sequences, length 19
# corresponding to MSA columns:
# 105-123
name=unknown_A
#
# <colnr> <probs for GDERKNQSTAVLIFYWHMCP>
#	G	D	E	R	K	N	Q	S	T	A	V	L	I	F	Y	W	H	M	C	P
0	0.01269	0.00937	0.01073	0.00910	0.01161	0.00968	0.00704	0.23766	0.06902	0.04455	0.09369	0.16331	0.03379	0.07567	0.00771	0.00191	0.03663	0.00735	0.03591	0.12258
1	0.01082	0.01029	0.04308	0.34789	0.14056	0.01049	0.01184	0.04896	0.05137	0.01602	0.01345	0.05948	0.04120	0.04144	0.00613	0.00175	0.00581	0.00546	0.00308	0.13088
2	0.01374	0.00883	0.01063	0.08306	0.01388	0.00916	0.00758	0.04977	0.24355	0.19736	0.08750	0.04140	0.12545	0.00807	0.00544	0.00168	0.00410	0.00676	0.05597	0.02607
3	0.04198	0.00943	0.01448	0.22854	0.04259	0.01125	0.08433	0.03286	0.02787	0.01531	0.01121	0.01595	0.00953	0.05020	0.10933	0.00283	0.17814	0.00510	0.10327	0.00580
4	0.07405	0.00874	0.01151	0.00900	0.01278	0.00777	0.00739	0.02367	0.01473	0.66714	0.08955	0.01938	0.01600	0.00683	0.00527	0.00164	0.00429	0.00555	0.00627	0.00842
5	0.01308	0.01256	0.02146	0.03245	0.78123	0.01256	0.01622	0.01622	0.01204	0.01727	0.00994	0.01308	0.00837	0.00471	0.00523	0.00157	0.00628	0.00471	0.00262	0.00837
6	0.00769	0.00513	0.00577	0.00577	0.00577	0.00513	0.00320	0.00769	0.00769	0.01025	0.01666	0.03460	0.01922	0.81421	0.02691	0.00513	0.00513	0.00769	0.00320	0.00320
7	0.13634	0.24546	0.38736	0.01285	0.01884	0.01474	0.08418	0.01633	0.01085	0.01658	0.00869	0.01032	0.00670	0.00481	0.00442	0.00153	0.00676	0.00367	0.00244	0.00715
8	0.01330	0.01333	0.02241	0.03034	0.65240	0.04678	0.11037	0.01653	0.01222	0.01704	0.00996	0.01308	0.00826	0.00471	0.00534	0.00159	0.00676	0.00485	0.00263	0.00812
9	0.00769	0.00513	0.00577	0.00577	0.00577	0.00513	0.00320	0.00769	0.00769	0.01025	0.01666	0.03460	0.01922	0.81421	0.02691	0.00513	0.00513	0.00769	0.00320	0.00320
10	0.01293	0.23405	0.19041	0.01615	0.02164	0.01531	0.32893	0.05359	0.04643	0.01671	0.01012	0.01220	0.00782	0.00481	0.00512	0.00157	0.00743	0.00473	0.00272	0.00733
11	0.39314	0.02689	0.01176	0.03827	0.01372	0.03188	0.04416	0.03778	0.06087	0.27407	0.01312	0.01301	0.00912	0.00563	0.00439	0.00164	0.00479	0.00417	0.00444	0.00716
12	0.08211	0.19604	0.21544	0.01211	0.01719	0.01362	0.09900	0.10190	0.01276	0.07228	0.01085	0.03338	0.00868	0.02616	0.00522	0.00158	0.00617	0.00438	0.00320	0.07792
13	0.03643	0.21162	0.18414	0.01082	0.01562	0.04314	0.01075	0.17152	0.03409	0.06838	0.04095	0.01399	0.04078	0.00578	0.00464	0.00143	0.00574	0.00434	0.00361	0.09224
14	0.05343	0.09262	0.04413	0.00985	0.01390	0.07072	0.02447	0.11201	0.03707	0.18717	0.06162	0.02974	0.01226	0.00585	0.00472	0.00136	0.00506	0.00461	0.00427	0.22515
15	0.04361	0.04231	0.15512	0.01132	0.01535	0.04531	0.08683	0.08997	0.01296	0.07448	0.04825	0.17962	0.01547	0.00768	0.00529	0.00159	0.00546	0.00667	0.00383	0.14889
16	0.03695	0.17160	0.21522	0.01106	0.01613	0.04579	0.02345	0.08081	0.03604	0.16020	0.01304	0.01339	0.03184	0.00550	0.00465	0.00143	0.00582	0.00420	0.00365	0.11924
17	0.05784	0.13486	0.15912	0.01137	0.01578	0.05931	0.07265	0.08152	0.05644	0.01793	0.04154	0.04700	0.04823	0.00617	0.00510	0.00147	0.02486	0.00495	0.00334	0.15052
18	0.07315	0.07965	0.08270	0.01065	0.01416	0.06333	0.08467	0.05533	0.06723	0.08768	0.12057	0.10027	0.03353	0.02239	0.00561	0.00165	0.00519	0.00635	0.00409	0.08178

[dist]
# distance from previous block
# <min> <max>
6	21

[block]
# block no. 1 follows, 46 sequences, length 75
# corresponding to MSA columns:
# 145-219
name=unknown_B
#
# <colnr> <probs for GDERKNQSTAVLIFYWHMCP>
#	G	D	E	R	K	N	Q	S	T	A	V	L	I	F	Y	W	H	M	C	P
0	0.01303	0.06179	0.19743	0.01249	0.01738	0.01135	0.12710	0.13276	0.02523	0.06796	0.08940	0.03317	0.02622	0.00602	0.00516	0.00150	0.00586	0.00525	0.00372	0.15717
1	0.05611	0.03954	0.26336	0.01556	0.09743	0.01110	0.15390	0.03295	0.01238	0.12234	0.05819	0.06469	0.02363	0.00626	0.00536	0.00168	0.00637	0.00567	0.00349	0.01998
2	0.02457	0.11589	0.30412	0.01543	0.06654	0.03298	0.17189	0.01711	0.01211	0.09251	0.05315	0.01376	0.01015	0.00526	0.00511	0.00157	0.00689	0.00471	0.00304	0.04318
3	0.02875	0.16766	0.31100	0.01295	0.03147	0.01261	0.09655	0.03589	0.01225	0.07643	0.08955	0.01447	0.01197	0.00552	0.00489	0.00151	0.00627	0.00461	0.00317	0.07248
4	0.01307	0.08131	0.24926	0.01742	0.14317	0.03271	0.17236	0.04012	0.01276	0.08677	0.07365	0.01560	0.02654	0.00563	0.00533	0.00162	0.00678	0.00518	0.00323	0.00748
5	0.01196	0.07710	0.48583	0.01342	0.01923	0.10304	0.03169	0.03677	0.01193	0.03028	0.01187	0.10716	0.01034	0.00646	0.00511	0.00164	0.00714	0.00520	0.00280	0.02103
6	0.02995	0.20446	0.53174	0.08068	0.02165	0.01418	0.01644	0.01623	0.01097	0.01564	0.00895	0.01075	0.00673	0.00493	0.00464	0.00156	0.00718	0.00371	0.00227	0.00737
7	0.08166	0.51504	0.15777	0.01028	0.01526	0.01720	0.02837	0.01698	0.01115	0.09059	0.00914	0.01004	0.00734	0.00484	0.00393	0.00133	0.00587	0.00335	0.00277	0.00711
8	0.01378	0.73927	0.10276	0.00964	0.01449	0.02006	0.01008	0.01592	0.01078	0.01286	0.00756	0.00875	0.00678	0.00457	0.00355	0.00118	0.00587	0.00293	0.00226	0.00689
9	0.01798	0.08199	0.01838	0.08030	0.01898	0.01608	0.08472	0.56265	0.02122	0.02824	0.01176	0.01261	0.00854	0.00591	0.00522	0.00158	0.00621	0.00474	0.00452	0.00835
10	0.00951	0.07021	0.00709	0.00554	0.00709	0.00617	0.00434	0.01181	0.01169	0.01880	0.12611	0.02465	0.09377	0.00739	0.00428	0.00134	0.00274	0.00602	0.57641	0.00504
11	0.00644	0.00460	0.00613	0.00736	0.00767	0.00429	0.00491	0.00736	0.01012	0.01350	0.02914	0.81076	0.03497	0.01656	0.00675	0.00215	0.00307	0.01503	0.00491	0.00429
12	0.01096	0.00940	0.01096	0.00783	0.01253	0.00705	0.00626	0.01331	0.01096	0.01723	0.00940	0.01096	0.00783	0.00392	0.00392	0.00078	0.00392	0.00313	0.00313	0.84653
13	0.01802	0.01689	0.08285	0.01338	0.01785	0.11592	0.08504	0.49125	0.02047	0.02681	0.01147	0.01222	0.00836	0.00581	0.00522	0.00154	0.00668	0.00457	0.00433	0.05132
14	0.01517	0.67141	0.02536	0.00989	0.01408	0.16319	0.00926	0.01680	0.01152	0.01253	0.00750	0.00867	0.00679	0.00469	0.00365	0.00117	0.00637	0.00293	0.00235	0.00666
15	0.00644	0.00460	0.00613	0.00736	0.00767	0.00429	0.00491	0.00736	0.01012	0.01350	0.02914	0.81076	0.03497	0.01656	0.00675	0.00215	0.00307	0.01503	0.00491	0.00429
16	0.01037	0.02511	0.70257	0.01466	0.03641	0.01164	0.01818	0.01613	0.01152	0.01715	0.07779	0.01371	0.01056	0.00553	0.00513	0.00167	0.00731	0.00442	0.00256	0.00757
17	0.74556	0.03259	0.00873	0.00739	0.01066	0.01224	0.00608	0.01679	0.08446	0.02325	0.00876	0.00969	0.00678	0.00512	0.00348	0.00164	0.00414	0.00317	0.00345	0.00602
18	0.02372	0.00900	0.01227	0.00941	0.01350	0.00777	0.00777	0.02576	0.01513	0.78489	0.02086	0.01799	0.01309	0.00654	0.00532	0.00164	0.00450	0.00532	0.00654	0.00900
19	0.00723	0.00546	0.00672	0.00658	0.00798	0.00495	0.00506	0.00939	0.01385	0.01868	0.49636	0.04475	0.25707	0.01192	0.00634	0.00177	0.00278	0.08280	0.00546	0.00483
20	0.00931	0.00852	0.01418	0.46442	0.02603	0.00957	0.08791	0.01188	0.01075	0.01363	0.01959	0.02270	0.18367	0.00829	0.00706	0.08186	0.00601	0.00632	0.00296	0.00534
21	0.01232	0.01386	0.02929	0.04293	0.02651	0.01360	0.66722	0.01642	0.01199	0.01642	0.01029	0.01399	0.00789	0.00495	0.00731	0.00183	0.08753	0.00604	0.00263	0.00696
22	0.02045	0.01423	0.01551	0.01189	0.01611	0.01554	0.00982	0.69065	0.02389	0.10763	0.01350	0.01322	0.00940	0.00637	0.00529	0.00159	0.00569	0.00481	0.00541	0.00899
23	0.50669	0.01213	0.01113	0.00911	0.01278	0.01374	0.00752	0.32582	0.01557	0.02770	0.00957	0.01029	0.00708	0.00550	0.00411	0.00162	0.00481	0.00365	0.00411	0.00708
24	0.01167	0.01991	0.37621	0.01974	0.14641	0.03294	0.24778	0.01649	0.01186	0.01680	0.02540	0.03063	0.00885	0.00518	0.00549	0.00169	0.00774	0.00510	0.00257	0.00752
25	0.02305	0.01007	0.01293	0.00991	0.01403	0.00936	0.00819	0.16173	0.01692	0.64640	0.01935	0.01702	0.01233	0.00651	0.00531	0.00163	0.00474	0.00521	0.00631	0.00900
26	0.05901	0.01260	0.01368	0.01104	0.01481	0.01383	0.00896	0.38114	0.25945	0.14410	0.01648	0.01553	0.01172	0.00657	0.00522	0.00166	0.00501	0.00514	0.00541	0.00863
27	0.15831	0.00932	0.01162	0.00907	0.01303	0.00863	0.00749	0.04042	0.01435	0.64444	0.01848	0.01635	0.01180	0.00627	0.00498	0.00163	0.00446	0.00490	0.00598	0.00846
28	0.01342	0.11474	0.02772	0.00937	0.01198	0.01039	0.00764	0.18748	0.04954	0.12202	0.02090	0.31519	0.03061	0.01048	0.00570	0.00180	0.00446	0.04510	0.00484	0.00663
29	0.00766	0.00522	0.00627	0.00627	0.00644	0.00540	0.00383	0.00801	0.00784	0.01062	0.01620	0.03205	0.01811	0.67148	0.16812	0.00575	0.00679	0.00731	0.00313	0.00348
30	0.00760	0.00547	0.00671	0.00639	0.00785	0.00490	0.00480	0.00970	0.01397	0.04277	0.52229	0.06970	0.25510	0.01161	0.00623	0.00171	0.00263	0.01008	0.00555	0.00494
31	0.01990	0.03679	0.01568	0.01264	0.01625	0.34189	0.01005	0.41972	0.02019	0.04067	0.01086	0.01139	0.00812	0.00593	0.00503	0.00148	0.00734	0.00416	0.00417	0.00774
32	0.02027	0.01419	0.01544	0.01188	0.01607	0.01552	0.00980	0.67860	0.04091	0.10265	0.01365	0.01334	0.00953	0.00638	0.00529	0.00160	0.00566	0.00484	0.00541	0.00898
33	0.85155	0.01022	0.00777	0.00695	0.01022	0.01186	0.00573	0.01554	0.00900	0.02372	0.00736	0.00859	0.00573	0.00491	0.00327	0.00164	0.00409	0.00286	0.00327	0.00573
34	0.85155	0.01022	0.00777	0.00695	0.01022	0.01186	0.00573	0.01554	0.00900	0.02372	0.00736	0.00859	0.00573	0.00491	0.00327	0.00164	0.00409	0.00286	0.00327	0.00573
35	0.01000	0.00770	0.00930	0.00972	0.01140	0.02140	0.00799	0.01556	0.21552	0.03389	0.02629	0.13736	0.03781	0.01250	0.00662	0.00218	0.00451	0.41941	0.00501	0.00584
36	0.01004	0.00946	0.01596	0.78705	0.05040	0.01176	0.01471	0.01356	0.01060	0.01358	0.00941	0.01408	0.00707	0.00527	0.00528	0.00176	0.00703	0.00470	0.00235	0.00592
37	0.06370	0.00888	0.01164	0.00910	0.01287	0.00797	0.00746	0.04669	0.01511	0.64760	0.09483	0.01948	0.01623	0.00688	0.00530	0.00164	0.00432	0.00560	0.00627	0.00844
38	0.00700	0.00589	0.00615	0.00604	0.00787	0.00529	0.00459	0.00963	0.07721	0.01558	0.11207	0.04746	0.63270	0.01267	0.00620	0.00179	0.00285	0.02915	0.00503	0.00485
39	0.01121	0.00623	0.00826	0.00728	0.00918	0.00563	0.00563	0.01360	0.01500	0.19663	0.60441	0.03455	0.04143	0.00983	0.00602	0.00166	0.00295	0.00859	0.00599	0.00591
40	0.01060	0.02735	0.78682	0.01507	0.02288	0.01228	0.01953	0.01674	0.01116	0.01674	0.00949	0.01116	0.00670	0.00502	0.00502	0.00167	0.00781	0.00391	0.00223	0.00781
41	0.00644	0.00460	0.00613	0.00736	0.00767	0.00429	0.00491	0.00736	0.01012	0.01350	0.02914	0.81076	0.03497	0.01656	0.00675	0.00215	0.00307	0.01503	0.00491	0.00429
42	0.00644	0.00460	0.00613	0.00736	0.00767	0.00429	0.00491	0.00736	0.01012	0.01350	0.02914	0.81076	0.03497	0.01656	0.00675	0.00215	0.00307	0.01503	0.00491	0.00429
43	0.00639	0.00530	0.00559	0.00565	0.00726	0.00450	0.00419	0.00780	0.01217	0.01490	0.12315	0.11464	0.64344	0.01340	0.00629	0.00180	0.00269	0.01133	0.00500	0.00450
44	0.01096	0.00940	0.01096	0.00783	0.01253	0.00705	0.00626	0.01331	0.01096	0.01723	0.00940	0.01096	0.00783	0.00392	0.00392	0.00078	0.00392	0.00313	0.00313	0.84653
45	0.01243	0.01653	0.16993	0.02061	0.02638	0.01302	0.60531	0.01713	0.01231	0.03717	0.01074	0.01379	0.00791	0.00462	0.00599	0.00176	0.00859	0.00578	0.00269	0.00731
46	0.00654	0.00466	0.00608	0.00718	0.00749	0.00437	0.00474	0.00739	0.00996	0.01324	0.02865	0.72644	0.05129	0.08460	0.00846	0.00239	0.00323	0.01431	0.00476	0.00420
47	0.01170	0.01543	0.15072	0.01926	0.02454	0.01236	0.54699	0.01651	0.03255	0.01746	0.08670	0.01640	0.01216	0.00525	0.00602	0.00175	0.00798	0.00618	0.00298	0.00706
48	0.01027	0.00911	0.00779	0.00745	0.00809	0.15063	0.00475	0.03372	0.00963	0.01155	0.01529	0.04892	0.01701	0.61982	0.02164	0.00425	0.00591	0.00699	0.00322	0.00395
49	0.00644	0.00460	0.00613	0.00736	0.00767	0.00429	0.00491	0.00736	0.01012	0.01350	0.02914	0.81076	0.03497	0.01656	0.00675	0.00215	0.00307	0.01503	0.00491	0.00429
50	0.08650	0.62758	0.02406	0.00956	0.01371	0.13796	0.00894	0.01661	0.01124	0.01348	0.00748	0.00865	0.00670	0.00470	0.00359	0.00121	0.00611	0.00292	0.00242	0.00659
51	0.01349	0.40664	0.30092	0.01235	0.04122	0.01616	0.03184	0.01723	0.02787	0.07364	0.00963	0.01071	0.00752	0.00492	0.00430	0.00141	0.00642	0.00362	0.00267	0.00742
52	0.01095	0.10547	0.71176	0.01447	0.02196	0.01313	0.01850	0.01665	0.01112	0.01632	0.00928	0.01090	0.00671	0.00497	0.00486	0.00162	0.00760	0.00380	0.00224	0.00771
53	0.85155	0.01022	0.00777	0.00695	0.01022	0.01186	0.00573	0.01554	0.00900	0.02372	0.00736	0.00859	0.00573	0.00491	0.00327	0.00164	0.00409	0.00286	0.00327	0.00573
54	0.02290	0.07802	0.01359	0.00938	0.01350	0.00889	0.00788	0.02492	0.01476	0.71893	0.01970	0.01718	0.01255	0.00637	0.00515	0.00159	0.00460	0.00510	0.00618	0.00881
55	0.01248	0.01426	0.03119	0.02228	0.02763	0.01337	0.76203	0.01693	0.01248	0.01693	0.01070	0.01426	0.00802	0.00446	0.00624	0.00178	0.00891	0.00624	0.00267	0.00713
56	0.04075	0.00901	0.01305	0.01012	0.01388	0.00802	0.08180	0.02197	0.02584	0.55994	0.05438	0.04192	0.07997	0.00733	0.00551	0.00168	0.00464	0.00629	0.00585	0.00804
57	0.01049	0.02404	0.64475	0.15998	0.02537	0.01218	0.01864	0.01615	0.01105	0.01615	0.00947	0.01170	0.00676	0.00507	0.00507	0.00169	0.00767	0.00405	0.00225	0.00746
58	0.00663	0.00483	0.00625	0.00705	0.00767	0.00445	0.00485	0.00790	0.01126	0.01510	0.18124	0.59146	0.10149	0.01514	0.00660	0.00202	0.00292	0.01360	0.00509	0.00445
59	0.00918	0.00459	0.00689	0.00689	0.00689	0.00459	0.00459	0.00689	0.00689	0.00918	0.00918	0.01607	0.00918	0.01837	0.02066	0.84619	0.00459	0.00459	0.00230	0.00230
60	0.03090	0.15855	0.44789	0.01326	0.01942	0.07985	0.04116	0.01812	0.01194	0.11634	0.01050	0.01152	0.00758	0.00515	0.00477	0.00155	0.00712	0.00392	0.00288	0.00758
61	0.00644	0.00460	0.00613	0.00736	0.00767	0.00429	0.00491	0.00736	0.01012	0.01350	0.02914	0.81076	0.03497	0.01656	0.00675	0.00215	0.00307	0.01503	0.00491	0.00429
62	0.02010	0.01481	0.01587	0.01216	0.01639	0.01639	0.01005	0.76360	0.02486	0.03332	0.01269	0.01269	0.00899	0.00635	0.00529	0.00159	0.00582	0.00476	0.00529	0.00899
63	0.01042	0.01004	0.01756	0.68045	0.08846	0.01194	0.07861	0.01399	0.01084	0.01407	0.00955	0.01404	0.00722	0.00517	0.00536	0.00175	0.00715	0.00483	0.00240	0.00616
64	0.00693	0.00562	0.00620	0.00625	0.00778	0.00508	0.00461	0.00927	0.06061	0.01584	0.17230	0.17040	0.48411	0.01306	0.00627	0.00182	0.00281	0.01118	0.00510	0.00477
65	0.00763	0.00510	0.00578	0.00584	0.00585	0.00509	0.00328	0.00767	0.00780	0.01040	0.01722	0.06984	0.01993	0.77799	0.02599	0.00499	0.00503	0.00802	0.00328	0.00325
66	0.00652	0.00467	0.00619	0.00727	0.00768	0.00435	0.00490	0.00756	0.01052	0.01410	0.08667	0.73893	0.04887	0.01607	0.00670	0.00210	0.00302	0.01455	0.00498	0.00435
67	0.01323	0.61563	0.22157	0.01058	0.01595	0.01871	0.01172	0.01606	0.01085	0.01354	0.00790	0.00917	0.00676	0.00465	0.00381	0.00127	0.00621	0.00310	0.00225	0.00705
68	0.01410	0.08050	0.01384	0.01106	0.02572	0.01404	0.00870	0.09998	0.60829	0.03496	0.01924	0.01793	0.01446	0.00682	0.00520	0.00171	0.00451	0.00556	0.00508	0.00830
69	0.00644	0.00460	0.00613	0.00736	0.00767	0.00429	0.00491	0.00736	0.01012	0.01350	0.02914	0.81076	0.03497	0.01656	0.00675	0.00215	0.00307	0.01503	0.00491	0.00429
70	0.00879	0.00737	0.01111	0.03006	0.01234	0.00663	0.14452	0.01094	0.01249	0.06316	0.09092	0.04081	0.47854	0.01099	0.00622	0.00180	0.00416	0.04924	0.00459	0.00533
71	0.01152	0.02284	0.54770	0.01881	0.15290	0.01237	0.10963	0.01686	0.01155	0.03250	0.00994	0.01201	0.00728	0.00493	0.00521	0.00167	0.00762	0.00436	0.00244	0.00785
72	0.02380	0.02277	0.57183	0.08244	0.05475	0.01226	0.03202	0.01771	0.08641	0.03087	0.01088	0.01248	0.00786	0.00526	0.00509	0.00169	0.00723	0.00427	0.00267	0.00770
73	0.01247	0.01042	0.01123	0.01015	0.01282	0.01180	0.00785	0.07243	0.58320	0.02202	0.09644	0.08877	0.02062	0.00828	0.00557	0.00180	0.00403	0.00702	0.00538	0.00773
74	0.77614	0.01110	0.02894	0.00838	0.04310	0.02889	0.00663	0.01572	0.00931	0.02303	0.00754	0.00887	0.00589	0.00491	0.00343	0.00163	0.00440	0.00298	0.00320	0.00590

[dist]
# distance from previous block
# <min> <max>
2	3

[block]
# block no. 2 follows, 46 sequences, length 62
# corresponding to MSA columns:
# 248-309
name=unknown_C
#
# <colnr> <probs for GDERKNQSTAVLIFYWHMCP>
#	G	D	E	R	K	N	Q	S	T	A	V	L	I	F	Y	W	H	M	C	P
0	0.00735	0.00535	0.00691	0.00661	0.00784	0.00492	0.00492	0.00968	0.01450	0.02033	0.69066	0.08548	0.09304	0.01130	0.00627	0.00170	0.00254	0.00998	0.00571	0.00492
1	0.01290	0.01229	0.02053	0.07786	0.68856	0.01255	0.01565	0.01679	0.05886	0.01734	0.01063	0.01356	0.00877	0.00490	0.00525	0.00160	0.00620	0.00479	0.00277	0.00822
2	0.02372	0.00900	0.01227	0.00941	0.01350	0.00777	0.00777	0.02576	0.01513	0.78489	0.02086	0.01799	0.01309	0.00654	0.00532	0.00164	0.00450	0.00532	0.00654	0.00900
3	0.00652	0.00537	0.00574	0.00565	0.00731	0.00458	0.00423	0.00812	0.01270	0.01583	0.21596	0.04833	0.61571	0.01281	0.00625	0.00176	0.00264	0.01080	0.00511	0.00458
4	0.00768	0.00514	0.00584	0.00584	0.00587	0.00517	0.00330	0.00774	0.00771	0.01031	0.01659	0.03422	0.01905	0.79294	0.04795	0.00522	0.00537	0.00763	0.00319	0.00324
5	0.01096	0.00940	0.01096	0.00783	0.01253	0.00705	0.00626	0.01331	0.01096	0.01723	0.00940	0.01096	0.00783	0.00392	0.00392	0.00078	0.00392	0.00313	0.00313	0.84653
6	0.01413	0.81739	0.02770	0.00905	0.01357	0.02092	0.00905	0.01583	0.01074	0.01244	0.00735	0.00848	0.00678	0.00452	0.00339	0.00113	0.00565	0.00283	0.00226	0.00678
7	0.02320	0.00953	0.01256	0.00966	0.01374	0.00860	0.00797	0.08740	0.03180	0.70617	0.02019	0.01759	0.01281	0.00654	0.00532	0.00163	0.00460	0.00528	0.00641	0.00898
8	0.85155	0.01022	0.00777	0.00695	0.01022	0.01186	0.00573	0.01554	0.00900	0.02372	0.00736	0.00859	0.00573	0.00491	0.00327	0.00164	0.00409	0.00286	0.00327	0.00573
9	0.02013	0.00856	0.01138	0.00898	0.01248	0.00766	0.00731	0.06233	0.01562	0.58488	0.17855	0.02219	0.02055	0.00742	0.00551	0.00164	0.00415	0.00617	0.00632	0.00816
10	0.02372	0.00900	0.01227	0.00941	0.01350	0.00777	0.00777	0.02576	0.01513	0.78489	0.02086	0.01799	0.01309	0.00654	0.00532	0.00164	0.00450	0.00532	0.00654	0.00900
11	0.02372	0.00900	0.01227	0.00941	0.01350	0.00777	0.00777	0.02576	0.01513	0.78489	0.02086	0.01799	0.01309	0.00654	0.00532	0.00164	0.00450	0.00532	0.00654	0.00900
12	0.00665	0.00472	0.00625	0.00739	0.00773	0.00446	0.00500	0.00759	0.01007	0.01341	0.02821	0.71320	0.03361	0.07137	0.00817	0.00237	0.00331	0.05744	0.00479	0.00425
13	0.00651	0.00466	0.00620	0.00731	0.00768	0.00434	0.00491	0.00754	0.01045	0.01403	0.08073	0.75765	0.03599	0.01617	0.00671	0.00211	0.00303	0.01465	0.00497	0.00434
14	0.01300	0.01305	0.04502	0.03171	0.74246	0.01257	0.03178	0.01625	0.01202	0.01725	0.00995	0.01305	0.00832	0.00471	0.00525	0.00158	0.00638	0.00472	0.00261	0.00833
15	0.00777	0.00593	0.00870	0.00858	0.00941	0.00700	0.00662	0.00948	0.00842	0.01215	0.01397	0.02129	0.01332	0.09381	0.69800	0.00793	0.05437	0.00576	0.00283	0.00467
16	0.01141	0.01208	0.02424	0.32291	0.06763	0.01250	0.42015	0.01536	0.01167	0.01555	0.01057	0.03205	0.00827	0.00506	0.00583	0.00177	0.00793	0.00577	0.00260	0.00664
17	0.00918	0.00459	0.00689	0.00689	0.00689	0.00459	0.00459	0.00689	0.00689	0.00918	0.00918	0.01607	0.00918	0.01837	0.02066	0.84619	0.00459	0.00459	0.00230	0.00230
18	0.04622	0.01283	0.03519	0.02826	0.62884	0.02500	0.02859	0.01724	0.07591	0.01785	0.01078	0.01335	0.00885	0.00492	0.00515	0.00158	0.00610	0.00470	0.00288	0.02577
19	0.01413	0.81739	0.02770	0.00905	0.01357	0.02092	0.00905	0.01583	0.01074	0.01244	0.00735	0.00848	0.00678	0.00452	0.00339	0.00113	0.00565	0.00283	0.00226	0.00678
20	0.02212	0.00864	0.01176	0.00913	0.01295	0.00750	0.00750	0.02421	0.01511	0.70982	0.09533	0.02011	0.01670	0.00696	0.00541	0.00164	0.00430	0.00573	0.00647	0.00860
21	0.05124	0.01163	0.04528	0.05502	0.06868	0.04432	0.06208	0.05881	0.16042	0.22648	0.02905	0.03442	0.04181	0.00645	0.00522	0.00161	0.00523	0.00547	0.00459	0.08220
22	0.00768	0.00516	0.00595	0.00595	0.00602	0.00523	0.00344	0.00781	0.00774	0.01039	0.01649	0.03364	0.01881	0.76088	0.07968	0.00536	0.00575	0.00755	0.00318	0.00331
23	0.46745	0.03006	0.03638	0.04399	0.16871	0.01296	0.00941	0.13935	0.01240	0.02314	0.00891	0.01047	0.00691	0.00511	0.00414	0.00161	0.00508	0.00365	0.00338	0.00689
24	0.00796	0.00511	0.00558	0.00558	0.00595	0.00503	0.00336	0.00853	0.00868	0.01233	0.01988	0.03324	0.08242	0.59811	0.02090	0.00413	0.00443	0.00747	0.15767	0.00363
25	0.07966	0.01078	0.01301	0.01004	0.01412	0.01058	0.00830	0.24108	0.01756	0.51244	0.01754	0.01579	0.01138	0.00637	0.00517	0.00162	0.00486	0.00498	0.00595	0.00877
26	0.02010	0.01481	0.01587	0.01216	0.01639	0.01639	0.01005	0.76360	0.02486	0.03332	0.01269	0.01269	0.00899	0.00635	0.00529	0.00159	0.00582	0.00476	0.00529	0.00899
27	0.00644	0.00460	0.00613	0.00736	0.00767	0.00429	0.00491	0.00736	0.01012	0.01350	0.02914	0.81076	0.03497	0.01656	0.00675	0.00215	0.00307	0.01503	0.00491	0.00429
28	0.11946	0.01559	0.01478	0.01173	0.01565	0.11494	0.00955	0.57943	0.02170	0.02957	0.01148	0.01180	0.00832	0.00606	0.00498	0.00156	0.00608	0.00436	0.00472	0.00823
29	0.01413	0.81739	0.02770	0.00905	0.01357	0.02092	0.00905	0.01583	0.01074	0.01244	0.00735	0.00848	0.00678	0.00452	0.00339	0.00113	0.00565	0.00283	0.00226	0.00678
30	0.01012	0.00966	0.01668	0.75941	0.03594	0.01183	0.05505	0.01369	0.01067	0.01369	0.00947	0.01410	0.00710	0.00524	0.00534	0.00176	0.00715	0.00478	0.00237	0.00594
31	0.01294	0.01258	0.02064	0.11739	0.67591	0.03545	0.01588	0.01607	0.01196	0.01673	0.00983	0.01309	0.00818	0.00480	0.00523	0.00159	0.00646	0.00467	0.00259	0.00803
32	0.01096	0.00940	0.01096	0.00783	0.01253	0.00705	0.00626	0.01331	0.01096	0.01723	0.00940	0.01096	0.00783	0.00392	0.00392	0.00078	0.00392	0.00313	0.00313	0.84653
33	0.00738	0.00540	0.00693	0.00654	0.00784	0.00495	0.00491	0.00978	0.01473	0.02063	0.71914	0.04042	0.10954	0.01102	0.00624	0.00167	0.00251	0.00969	0.00575	0.00495
34	0.04778	0.27175	0.29741	0.01238	0.01783	0.06146	0.03979	0.11473	0.05852	0.01794	0.00983	0.01094	0.00760	0.00517	0.00452	0.00148	0.00665	0.00381	0.00292	0.00747
35	0.04761	0.06743	0.03325	0.05537	0.18650	0.11782	0.01078	0.13923	0.06707	0.07751	0.04401	0.01496	0.03400	0.00598	0.00526	0.00153	0.02385	0.00475	0.00376	0.05931
36	0.03008	0.18636	0.56184	0.01378	0.02062	0.01393	0.04642	0.01681	0.01120	0.03947	0.00940	0.01089	0.00694	0.00494	0.00471	0.00157	0.00724	0.00380	0.00241	0.00757
37	0.01413	0.81739	0.02770	0.00905	0.01357	0.02092	0.00905	0.01583	0.01074	0.01244	0.00735	0.00848	0.00678	0.00452	0.00339	0.00113	0.00565	0.00283	0.00226	0.00678
38	0.05429	0.07286	0.70195	0.01429	0.02168	0.01276	0.01820	0.01663	0.01102	0.01685	0.00925	0.01087	0.00665	0.00499	0.00484	0.00164	0.00749	0.00379	0.00229	0.00764
39	0.00668	0.00536	0.00597	0.00591	0.00747	0.00465	0.00444	0.00837	0.01287	0.01638	0.27127	0.07272	0.51786	0.01274	0.00628	0.00177	0.00268	0.02677	0.00518	0.00462
40	0.00823	0.00562	0.00704	0.00656	0.00809	0.00505	0.00496	0.01047	0.01438	0.06696	0.58458	0.04047	0.19556	0.01107	0.00618	0.00169	0.00266	0.00962	0.00568	0.00513
41	0.00748	0.00540	0.00707	0.00665	0.00790	0.00499	0.00499	0.00998	0.01496	0.02120	0.77844	0.03949	0.04988	0.01081	0.00624	0.00166	0.00249	0.00956	0.00582	0.00499
42	0.00825	0.00590	0.00821	0.00943	0.01053	0.00586	0.00806	0.01049	0.01191	0.01552	0.02814	0.15547	0.03100	0.01485	0.00723	0.00240	0.00464	0.65243	0.00487	0.00479
43	0.00689	0.00532	0.00628	0.00616	0.00757	0.00472	0.00458	0.00879	0.01339	0.01775	0.42104	0.10091	0.35293	0.01231	0.00628	0.00175	0.00261	0.01063	0.00537	0.00472
44	0.00881	0.00655	0.00782	0.00715	0.00883	0.00631	0.00545	0.10555	0.01543	0.02106	0.50714	0.07983	0.17777	0.01102	0.00614	0.00170	0.00298	0.00954	0.00554	0.00536
45	0.01096	0.00940	0.01096	0.00783	0.01253	0.00705	0.00626	0.01331	0.01096	0.01723	0.00940	0.01096	0.00783	0.00392	0.00392	0.00078	0.00392	0.00313	0.00313	0.84653
46	0.01446	0.77403	0.02706	0.00921	0.01372	0.02067	0.00910	0.05623	0.01150	0.01357	0.00764	0.00871	0.00690	0.00462	0.00349	0.00116	0.00566	0.00293	0.00242	0.00690
47	0.00845	0.00698	0.01021	0.00970	0.01043	0.00875	0.00771	0.01017	0.00841	0.01237	0.01255	0.01872	0.01182	0.03287	0.62019	0.00712	0.19045	0.00543	0.00272	0.00496
48	0.01248	0.01426	0.03119	0.02228	0.02763	0.01337	0.76203	0.01693	0.01248	0.01693	0.01070	0.01426	0.00802	0.00446	0.00624	0.00178	0.00891	0.00624	0.00267	0.00713
49	0.11608	0.00661	0.00842	0.00938	0.01086	0.00682	0.00816	0.01154	0.01177	0.01683	0.02536	0.05312	0.02727	0.01337	0.00679	0.00233	0.00477	0.65088	0.00466	0.00498
50	0.00648	0.00463	0.00617	0.00733	0.00768	0.00432	0.00491	0.00747	0.01032	0.01381	0.05967	0.77934	0.03557	0.01633	0.00673	0.00213	0.00304	0.01481	0.00494	0.00432
51	0.05797	0.08911	0.53470	0.03100	0.03694	0.01227	0.01591	0.01696	0.01130	0.07496	0.01006	0.01141	0.00726	0.00501	0.00475	0.00156	0.00686	0.00385	0.00269	0.06542
52	0.01100	0.11121	0.01225	0.04068	0.01201	0.03384	0.00760	0.11151	0.01150	0.03193	0.01309	0.01770	0.01154	0.04282	0.45593	0.00554	0.01050	0.00507	0.04857	0.00571
53	0.00748	0.00540	0.00707	0.00665	0.00790	0.00499	0.00499	0.00998	0.01496	0.02120	0.77844	0.03949	0.04988	0.01081	0.00624	0.00166	0.00249	0.00956	0.00582	0.00499
54	0.01095	0.02495	0.64844	0.01639	0.02375	0.01248	0.15550	0.01678	0.01140	0.01678	0.00971	0.01173	0.00694	0.00492	0.00525	0.00169	0.00801	0.00433	0.00231	0.00769
55	0.01116	0.01073	0.01758	0.54526	0.26723	0.02931	0.01506	0.01452	0.01112	0.01466	0.00954	0.01368	0.00745	0.00511	0.00526	0.00169	0.00686	0.00467	0.00244	0.00665
56	0.00640	0.00543	0.00554	0.00556	0.00729	0.00462	0.00415	0.00799	0.02536	0.01453	0.06724	0.07971	0.72142	0.01335	0.00625	0.00180	0.00272	0.01118	0.00494	0.00454
57	0.02335	0.01027	0.01255	0.00977	0.01377	0.06207	0.00800	0.04570	0.01539	0.71111	0.01976	0.01727	0.01254	0.00646	0.00528	0.00162	0.00488	0.00517	0.00625	0.00880
58	0.01818	0.01384	0.01523	0.01340	0.08277	0.04904	0.01002	0.52078	0.07466	0.06442	0.05826	0.01505	0.01201	0.00708	0.01920	0.00172	0.00580	0.00511	0.00499	0.00846
59	0.07756	0.16972	0.07892	0.03609	0.01750	0.09705	0.15750	0.03565	0.10519	0.08525	0.01248	0.04646	0.01007	0.00679	0.02679	0.00178	0.01978	0.00497	0.00343	0.00702
60	0.00655	0.00470	0.00624	0.00743	0.00783	0.00440	0.00508	0.00756	0.01029	0.01364	0.02977	0.74843	0.05602	0.01637	0.00676	0.00215	0.00315	0.05439	0.00491	0.00433
61	0.01935	0.01282	0.01431	0.01116	0.01502	0.01374	0.00914	0.56175	0.02198	0.15755	0.05978	0.05110	0.01325	0.00710	0.00541	0.00162	0.00528	0.00560	0.00551	0.00854

[dist]
# distance from previous block
# <min> <max>
0	3

[block]
# block no. 3 follows, 46 sequences, length 94
# corresponding to MSA columns:
# 313-406
name=unknown_D
#
# <colnr> <probs for GDERKNQSTAVLIFYWHMCP>
#	G	D	E	R	K	N	Q	S	T	A	V	L	I	F	Y	W	H	M	C	P
0	0.04237	0.73839	0.04239	0.00931	0.01378	0.05491	0.00921	0.01608	0.01088	0.01293	0.00743	0.00859	0.00675	0.00459	0.00348	0.00117	0.00582	0.00288	0.00232	0.00674
1	0.07701	0.64306	0.05176	0.00928	0.01367	0.01910	0.00910	0.01714	0.09103	0.01446	0.00892	0.00977	0.00769	0.00485	0.00365	0.00126	0.00546	0.00320	0.00267	0.00691
2	0.01118	0.00947	0.01101	0.00798	0.01254	0.00733	0.00637	0.04182	0.01147	0.01774	0.01008	0.03378	0.00865	0.00437	0.00405	0.00085	0.00396	0.00353	0.00327	0.79056
3	0.01170	0.00884	0.01038	0.00768	0.01194	0.00679	0.00613	0.01389	0.01154	0.09797	0.01628	0.01683	0.10743	0.00541	0.00436	0.00100	0.00382	0.00439	0.00372	0.64989
4	0.01017	0.00959	0.01620	0.75454	0.08189	0.01180	0.01478	0.01367	0.01066	0.01374	0.00943	0.01403	0.00713	0.00525	0.00528	0.00175	0.00700	0.00470	0.00237	0.00603
5	0.01262	0.00954	0.01126	0.00814	0.01276	0.00744	0.00655	0.03977	0.01187	0.09888	0.01072	0.01176	0.00842	0.00427	0.00411	0.00090	0.00404	0.00342	0.00356	0.72996
6	0.00666	0.00476	0.00639	0.00761	0.00801	0.00448	0.00529	0.00774	0.01034	0.01374	0.02902	0.73139	0.03449	0.01636	0.00681	0.00218	0.00326	0.09223	0.00490	0.00435
7	0.00658	0.00537	0.00581	0.00570	0.00734	0.00460	0.00428	0.00823	0.01283	0.01613	0.24749	0.04783	0.58400	0.01270	0.00624	0.00175	0.00263	0.01073	0.00515	0.00460
8	0.00852	0.00608	0.00852	0.00974	0.01095	0.00608	0.00852	0.01095	0.01217	0.01582	0.02799	0.05963	0.03042	0.01460	0.00730	0.00243	0.00487	0.74565	0.00487	0.00487
9	0.00889	0.00459	0.00681	0.00694	0.00697	0.00456	0.00462	0.00694	0.00723	0.00964	0.01129	0.10004	0.01191	0.01817	0.01919	0.75700	0.00443	0.00569	0.00257	0.00251
10	0.01975	0.02520	0.01498	0.01362	0.01634	0.79299	0.01021	0.02111	0.01498	0.01294	0.00817	0.00953	0.00681	0.00545	0.00477	0.00136	0.00953	0.00340	0.00272	0.00613
11	0.01096	0.00940	0.01096	0.00783	0.01253	0.00705	0.00626	0.01331	0.01096	0.01723	0.00940	0.01096	0.00783	0.00392	0.00392	0.00078	0.00392	0.00313	0.00313	0.84653
12	0.00998	0.00940	0.01586	0.80150	0.03641	0.01175	0.01468	0.01351	0.01057	0.01351	0.00940	0.01409	0.00705	0.00529	0.00529	0.00176	0.00705	0.00470	0.00235	0.00587
13	0.00644	0.00460	0.00613	0.00736	0.00767	0.00429	0.00491	0.00736	0.01012	0.01350	0.02914	0.81076	0.03497	0.01656	0.00675	0.00215	0.00307	0.01503	0.00491	0.00429
14	0.00728	0.00604	0.00804	0.00719	0.00897	0.00538	0.06153	0.00931	0.01320	0.01731	0.35726	0.04282	0.38955	0.03440	0.00683	0.00183	0.00314	0.01001	0.00508	0.00485
15	0.02010	0.01481	0.01587	0.01216	0.01639	0.01639	0.01005	0.76360	0.02486	0.03332	0.01269	0.01269	0.00899	0.00635	0.00529	0.00159	0.00582	0.00476	0.00529	0.00899
16	0.31609	0.02005	0.46362	0.01177	0.01763	0.01179	0.01383	0.01625	0.01044	0.03721	0.00954	0.03313	0.00730	0.00534	0.00444	0.00167	0.00625	0.00388	0.00279	0.00698
17	0.01348	0.67000	0.16932	0.01017	0.01531	0.01931	0.01100	0.01600	0.01082	0.01324	0.00775	0.00898	0.00677	0.00462	0.00370	0.00123	0.00606	0.00303	0.00226	0.00698
18	0.00748	0.00540	0.00707	0.00665	0.00790	0.00499	0.00499	0.00998	0.01496	0.02120	0.77844	0.03949	0.04988	0.01081	0.00624	0.00166	0.00249	0.00956	0.00582	0.00499
19	0.85155	0.01022	0.00777	0.00695	0.01022	0.01186	0.00573	0.01554	0.00900	0.02372	0.00736	0.00859	0.00573	0.00491	0.00327	0.00164	0.00409	0.00286	0.00327	0.00573
20	0.00731	0.00540	0.00683	0.00647	0.00779	0.00492	0.00485	0.00965	0.01456	0.02025	0.67900	0.04105	0.14991	0.01116	0.00624	0.00168	0.00252	0.00978	0.00569	0.00492
21	0.85155	0.01022	0.00777	0.00695	0.01022	0.01186	0.00573	0.01554	0.00900	0.02372	0.00736	0.00859	0.00573	0.00491	0.00327	0.00164	0.00409	0.00286	0.00327	0.00573
22	0.00715	0.00511	0.00602	0.00625	0.00678	0.00491	0.00403	0.00787	0.00955	0.01256	0.08110	0.19734	0.16101	0.40190	0.06223	0.00385	0.00460	0.00985	0.00403	0.00387
23	0.01975	0.02520	0.01498	0.01362	0.01634	0.79299	0.01021	0.02111	0.01498	0.01294	0.00817	0.00953	0.00681	0.00545	0.00477	0.00136	0.00953	0.00340	0.00272	0.00613
24	0.00849	0.00563	0.00739	0.00682	0.00824	0.00516	0.00516	0.01095	0.01497	0.06841	0.73161	0.03816	0.04761	0.01054	0.00618	0.00166	0.00262	0.00930	0.00586	0.00524
25	0.00998	0.00940	0.01586	0.80150	0.03641	0.01175	0.01468	0.01351	0.01057	0.01351	0.00940	0.01409	0.00705	0.00529	0.00529	0.00176	0.00705	0.00470	0.00235	0.00587
26	0.01386	0.01504	0.01875	0.25796	0.30436	0.21716	0.06593	0.01674	0.01240	0.01498	0.00937	0.01254	0.00754	0.00506	0.00520	0.00159	0.00755	0.00447	0.00257	0.00695
27	0.00681	0.00490	0.00654	0.00771	0.00824	0.00462	0.00553	0.00802	0.01057	0.01395	0.02986	0.64574	0.06258	0.01609	0.00683	0.00219	0.00338	0.14714	0.00490	0.00440
28	0.01010	0.00952	0.01607	0.77211	0.06488	0.01178	0.01474	0.01361	0.01063	0.01365	0.00942	0.01406	0.00710	0.00526	0.00528	0.00175	0.00702	0.00470	0.00236	0.00597
29	0.01027	0.01289	0.15604	0.61120	0.05867	0.01192	0.03687	0.01428	0.01078	0.01432	0.00947	0.01353	0.00706	0.00519	0.00526	0.00174	0.00721	0.00460	0.00235	0.00634
30	0.01128	0.05262	0.01178	0.09367	0.03186	0.16842	0.00818	0.04203	0.01076	0.01319	0.01229	0.01867	0.01153	0.13914	0.34604	0.00502	0.01018	0.00519	0.00288	0.00527
31	0.00756	0.00507	0.00580	0.00593	0.00597	0.00504	0.00338	0.00765	0.00795	0.01059	0.01798	0.11661	0.02088	0.72992	0.02478	0.00481	0.00491	0.00846	0.00338	0.00332
32	0.00649	0.00464	0.00619	0.00742	0.00775	0.00434	0.00500	0.00745	0.01017	0.01355	0.02911	0.79164	0.03485	0.01651	0.00676	0.00215	0.00311	0.03363	0.00491	0.00431
33	0.01927	0.01437	0.01586	0.07641	0.01802	0.01602	0.01043	0.70255	0.02369	0.03170	0.01242	0.01281	0.00883	0.00626	0.00529	0.00160	0.00592	0.00475	0.00505	0.00874
34	0.01459	0.01211	0.01391	0.01380	0.11334	0.01359	0.00968	0.16279	0.52344	0.03545	0.01838	0.01754	0.01376	0.00669	0.00534	0.00172	0.00476	0.00558	0.00502	0.00849
35	0.00769	0.00513	0.00577	0.00577	0.00577	0.00513	0.00320	0.00769	0.00769	0.01025	0.01666	0.03460	0.01922	0.81421	0.02691	0.00513	0.00513	0.00769	0.00320	0.00320
36	0.01424	0.01270	0.01252	0.01109	0.01417	0.07220	0.00865	0.09081	0.65044	0.02239	0.01975	0.01835	0.01482	0.00697	0.00533	0.00174	0.00473	0.00568	0.00517	0.00825
37	0.01154	0.00963	0.01061	0.00960	0.01211	0.01076	0.00744	0.04225	0.50863	0.02116	0.16926	0.02437	0.04774	0.01046	0.06492	0.00225	0.00460	0.00675	0.00522	0.02070
38	0.00871	0.00567	0.00746	0.00686	0.00832	0.00520	0.00520	0.01117	0.01498	0.07873	0.72137	0.03787	0.04711	0.01049	0.00617	0.00166	0.00265	0.00924	0.00587	0.00529
39	0.00755	0.00566	0.00850	0.00850	0.00944	0.00661	0.00661	0.00944	0.00850	0.01227	0.01416	0.02077	0.01322	0.03965	0.79326	0.00850	0.01416	0.00566	0.00283	0.00472
40	0.01920	0.01413	0.01521	0.01178	0.01573	0.01562	0.00965	0.70932	0.02364	0.03171	0.01291	0.01389	0.00956	0.04333	0.02770	0.00193	0.00601	0.00492	0.00513	0.00862
41	0.00834	0.00596	0.00829	0.00933	0.01052	0.00591	0.00802	0.01073	0.01240	0.01631	0.10733	0.08267	0.03263	0.01427	0.00717	0.00234	0.00456	0.64339	0.00497	0.00486
42	0.01163	0.00955	0.01583	0.66972	0.08056	0.01138	0.01405	0.01497	0.01114	0.09525	0.01064	0.01444	0.00777	0.00538	0.00529	0.00174	0.00673	0.00476	0.00281	0.00636
43	0.01165	0.00980	0.01133	0.00816	0.01282	0.00775	0.00655	0.06985	0.01201	0.01844	0.00964	0.01109	0.00792	0.00410	0.00402	0.00084	0.00406	0.00325	0.00329	0.78341
44	0.00712	0.00530	0.00739	0.09141	0.01091	0.00533	0.00620	0.00841	0.01021	0.01351	0.02605	0.59316	0.03043	0.07147	0.00807	0.00235	0.00382	0.08990	0.00451	0.00444
45	0.01376	0.01026	0.02664	0.00912	0.01377	0.00822	0.03714	0.07206	0.01274	0.14189	0.01154	0.01236	0.00875	0.00456	0.00436	0.00104	0.00442	0.00374	0.00381	0.59981
46	0.01604	0.07118	0.09542	0.01063	0.01438	0.01274	0.00931	0.26967	0.16170	0.13512	0.01545	0.01758	0.01207	0.12521	0.00833	0.00213	0.00541	0.00528	0.00464	0.00774
47	0.76408	0.01009	0.00825	0.00721	0.01057	0.01143	0.00594	0.01662	0.00965	0.10415	0.00879	0.00958	0.00650	0.00508	0.00349	0.00164	0.00413	0.00312	0.00362	0.00607
48	0.02233	0.00968	0.01251	0.00976	0.01374	0.00899	0.00800	0.08161	0.09581	0.64765	0.02031	0.01778	0.01310	0.00659	0.00532	0.00165	0.00456	0.00534	0.00633	0.00893
49	0.00704	0.00539	0.00646	0.00619	0.00763	0.00480	0.00464	0.00913	0.01393	0.01875	0.52163	0.04352	0.30823	0.01172	0.00624	0.00171	0.00256	0.01013	0.00550	0.00480
50	0.00769	0.00513	0.00577	0.00577	0.00577	0.00513	0.00320	0.00769	0.00769	0.01025	0.01666	0.03460	0.01922	0.81421	0.02691	0.00513	0.00513	0.00769	0.00320	0.00320
51	0.00998	0.00940	0.01586	0.80150	0.03641	0.01175	0.01468	0.01351	0.01057	0.01351	0.00940	0.01409	0.00705	0.00529	0.00529	0.00176	0.00705	0.00470	0.00235	0.00587
52	0.01072	0.00688	0.00976	0.06760	0.01178	0.00695	0.10877	0.03370	0.01168	0.03105	0.01569	0.01832	0.01217	0.00587	0.00423	0.00136	0.00382	0.00509	0.62909	0.00547
53	0.00756	0.00563	0.00833	0.00833	0.00922	0.00652	0.00640	0.00933	0.00845	0.01215	0.01431	0.02160	0.01358	0.08647	0.74694	0.00829	0.01361	0.00579	0.00285	0.00463
54	0.01096	0.00940	0.01096	0.00783	0.01253	0.00705	0.00626	0.01331	0.01096	0.01723	0.00940	0.01096	0.00783	0.00392	0.00392	0.00078	0.00392	0.00313	0.00313	0.84653
55	0.81600	0.01057	0.02452	0.02379	0.01104	0.01187	0.00621	0.01552	0.00908	0.02336	0.00745	0.00876	0.00577	0.00492	0.00335	0.00164	0.00423	0.00292	0.00323	0.00577
56	0.01069	0.00945	0.01250	0.01407	0.14952	0.06727	0.05891	0.08840	0.01282	0.01680	0.03612	0.37252	0.02341	0.01141	0.00620	0.00193	0.00499	0.09283	0.00424	0.00591
57	0.00918	0.00459	0.00689	0.00689	0.00689	0.00459	0.00459	0.00689	0.00689	0.00918	0.00918	0.01607	0.00918	0.01837	0.02066	0.84619	0.00459	0.00459	0.00230	0.00230
58	0.01297	0.01287	0.02322	0.03061	0.64481	0.01271	0.15124	0.01635	0.01212	0.01721	0.01008	0.01330	0.00831	0.00466	0.00542	0.00161	0.00676	0.00499	0.00263	0.00815
59	0.00735	0.00540	0.00689	0.00651	0.00782	0.00493	0.00489	0.00972	0.01466	0.02047	0.70185	0.04069	0.12693	0.01108	0.00624	0.00168	0.00251	0.00973	0.00572	0.00493
60	0.00769	0.00513	0.00577	0.00577	0.00577	0.00513	0.00320	0.00769	0.00769	0.01025	0.01666	0.03460	0.01922	0.81421	0.02691	0.00513	0.00513	0.00769	0.00320	0.00320
61	0.00964	0.00747	0.00941	0.00889	0.01030	0.02230	0.00682	0.08708	0.09081	0.01521	0.01496	0.02120	0.01366	0.11959	0.53032	0.00659	0.01117	0.00579	0.00339	0.00539
62	0.01376	0.73391	0.10792	0.00968	0.01455	0.02001	0.01015	0.01593	0.01079	0.01289	0.00758	0.00876	0.00678	0.00458	0.00356	0.00119	0.00588	0.00294	0.00226	0.00689
63	0.01469	0.73941	0.02645	0.00950	0.01384	0.09691	0.00916	0.01635	0.01116	0.01249	0.00743	0.00858	0.00679	0.00461	0.00353	0.00115	0.00604	0.00288	0.00231	0.00672
64	0.01282	0.01280	0.07578	0.02330	0.46864	0.01149	0.01344	0.09425	0.01348	0.01931	0.08557	0.01522	0.01232	0.00540	0.00515	0.00149	0.00567	0.00493	0.00325	0.11570
65	0.01461	0.41738	0.09574	0.01473	0.12553	0.12325	0.06801	0.05672	0.01243	0.01505	0.00857	0.01019	0.00722	0.00481	0.00431	0.00135	0.00673	0.00364	0.00257	0.00716
66	0.01006	0.00961	0.01681	0.65927	0.03333	0.01141	0.09292	0.01360	0.01110	0.01445	0.06749	0.01603	0.01038	0.00561	0.00546	0.00176	0.00690	0.00523	0.00264	0.00594
67	0.01065	0.00903	0.01056	0.00773	0.01206	0.00686	0.00609	0.01285	0.01080	0.01680	0.01051	0.04559	0.00941	0.03542	0.00491	0.00101	0.00393	0.00381	0.00321	0.77878
68	0.34341	0.01919	0.01219	0.01100	0.01396	0.47546	0.00846	0.03194	0.01283	0.01749	0.00794	0.00922	0.00643	0.00525	0.00419	0.00147	0.00735	0.00322	0.00298	0.00602
69	0.00998	0.00940	0.01586	0.80150	0.03641	0.01175	0.01468	0.01351	0.01057	0.01351	0.00940	0.01409	0.00705	0.00529	0.00529	0.00176	0.00705	0.00470	0.00235	0.00587
70	0.00743	0.00555	0.00825	0.00838	0.00925	0.00636	0.00643	0.00922	0.00867	0.01240	0.01574	0.10424	0.01551	0.03721	0.71015	0.00783	0.01299	0.00665	0.00305	0.00468
71	0.00641	0.00474	0.00599	0.00700	0.00757	0.00432	0.00475	0.00740	0.01047	0.01364	0.03356	0.67320	0.16967	0.01599	0.00666	0.00208	0.00300	0.01433	0.00491	0.00432
72	0.00644	0.00460	0.00613	0.00736	0.00767	0.00429	0.00491	0.00736	0.01012	0.01350	0.02914	0.81076	0.03497	0.01656	0.00675	0.00215	0.00307	0.01503	0.00491	0.00429
73	0.02372	0.00900	0.01227	0.00941	0.01350	0.00777	0.00777	0.02576	0.01513	0.78489	0.02086	0.01799	0.01309	0.00654	0.00532	0.00164	0.00450	0.00532	0.00654	0.00900
74	0.01263	0.01209	0.02063	0.14580	0.67145	0.01244	0.01600	0.01582	0.01182	0.01672	0.00986	0.01323	0.00818	0.00480	0.00524	0.00160	0.00639	0.00471	0.00258	0.00801
75	0.01037	0.02569	0.72806	0.01443	0.02175	0.01173	0.01844	0.01623	0.01145	0.01708	0.06744	0.01330	0.00995	0.00546	0.00511	0.00167	0.00741	0.00433	0.00250	0.00760
76	0.00953	0.01028	0.07469	0.01366	0.01658	0.00877	0.28548	0.02810	0.01149	0.01563	0.04277	0.30322	0.02089	0.04077	0.04627	0.00239	0.00635	0.05362	0.00375	0.00574
77	0.00986	0.00946	0.07360	0.06774	0.01311	0.00767	0.00747	0.06238	0.05734	0.03835	0.09052	0.04366	0.29338	0.00879	0.00542	0.00153	0.00405	0.00732	0.00427	0.19409
78	0.09624	0.03198	0.07321	0.07979	0.01787	0.09909	0.01070	0.45274	0.04478	0.02647	0.01137	0.01212	0.00830	0.00591	0.00499	0.00159	0.00625	0.00437	0.00428	0.00795
79	0.01011	0.00952	0.01608	0.77025	0.06668	0.01178	0.01474	0.01362	0.01063	0.01366	0.00942	0.01405	0.00710	0.00526	0.00528	0.00175	0.00702	0.00470	0.00236	0.00597
80	0.01096	0.00940	0.01096	0.00783	0.01253	0.00705	0.00626	0.01331	0.01096	0.01723	0.00940	0.01096	0.00783	0.00392	0.00392	0.00078	0.00392	0.00313	0.00313	0.84653
81	0.01354	0.55198	0.02209	0.00928	0.01316	0.05980	0.00853	0.01760	0.14888	0.01452	0.02807	0.01436	0.06750	0.00584	0.00410	0.00132	0.00531	0.00418	0.00312	0.00683
82	0.01842	0.00865	0.01103	0.00910	0.01228	0.00805	0.00725	0.10309	0.04394	0.47164	0.03762	0.16338	0.06389	0.00885	0.00565	0.00174	0.00423	0.00747	0.00595	0.00777
