[name]
unknown

[dist]
# distance from previous block
# <min> <max>
0	40

[block]
# block no. 0 follows, 43 sequences, length 17
# corresponding to MSA columns:
# 51-67
name=unknown_A
#
# <colnr> <probs for GDERKNQSTAVLIFYWHMCP>
#	G	D	E	R	K	N	Q	S	T	A	V	L	I	F	Y	W	H	M	C	P
0	0.12663	0.01048	0.01108	0.00990	0.01241	0.04798	0.00778	0.16553	0.04544	0.02091	0.01797	0.23708	0.01833	0.01002	0.00650	0.00184	0.05885	0.06862	0.00446	0.11818
1	0.23481	0.01205	0.01221	0.00971	0.01364	0.02775	0.00789	0.27102	0.03825	0.06172	0.07673	0.01461	0.01233	0.00614	0.00476	0.00151	0.00487	0.00458	0.00457	0.18085
2	0.06217	0.02511	0.05129	0.01019	0.01408	0.03450	0.03741	0.15098	0.03698	0.11865	0.13781	0.03720	0.01743	0.03029	0.00591	0.00160	0.00496	0.00567	0.00464	0.21313
3	0.15303	0.01148	0.01194	0.00967	0.01338	0.04359	0.00771	0.21929	0.01570	0.10597	0.01472	0.12761	0.01288	0.00728	0.00502	0.00153	0.00487	0.00579	0.00457	0.22396
4	0.23587	0.01099	0.01165	0.00951	0.01290	0.01156	0.00764	0.17134	0.03573	0.03775	0.01237	0.08043	0.01091	0.02706	0.00642	0.00167	0.07485	0.00504	0.00403	0.23230
5	0.04861	0.01011	0.01303	0.07735	0.01577	0.03242	0.07355	0.07047	0.01327	0.12202	0.01527	0.07916	0.02502	0.00648	0.00500	0.00144	0.00498	0.00555	0.11204	0.26845
6	0.10884	0.00973	0.01219	0.00950	0.01321	0.00901	0.03816	0.07983	0.01382	0.34011	0.01603	0.01799	0.01199	0.10997	0.00847	0.02442	0.00495	0.00516	0.00497	0.16166
7	0.01269	0.00998	0.01231	0.00885	0.01374	0.00767	0.03168	0.01520	0.01191	0.08326	0.01092	0.01224	0.00868	0.00436	0.00431	0.00093	0.00433	0.00359	0.00357	0.73976
8	0.01255	0.01351	0.08531	0.02874	0.60740	0.01203	0.01564	0.01587	0.01253	0.01764	0.01630	0.01867	0.10719	0.00614	0.00560	0.00168	0.00623	0.00574	0.00302	0.00819
9	0.00657	0.00551	0.00572	0.00588	0.00755	0.00465	0.00433	0.00792	0.01236	0.01485	0.05279	0.15040	0.67361	0.01446	0.00661	0.00192	0.00286	0.01221	0.00514	0.00465
10	0.00674	0.00486	0.00639	0.00761	0.00801	0.00451	0.00510	0.00772	0.01070	0.01418	0.03174	0.76629	0.07130	0.01719	0.00704	0.00223	0.00319	0.01555	0.00514	0.00451
11	0.00675	0.00482	0.00643	0.00771	0.00803	0.00450	0.00514	0.00771	0.01060	0.01414	0.03053	0.80175	0.03663	0.01735	0.00707	0.00225	0.00321	0.01574	0.00514	0.00450
12	0.02465	0.00974	0.01305	0.01001	0.01430	0.00861	0.00827	0.06499	0.01639	0.73590	0.02140	0.01856	0.01348	0.00684	0.00557	0.00171	0.00479	0.00554	0.00679	0.00942
13	0.01466	0.01346	0.02172	0.03124	0.67304	0.01368	0.01616	0.11240	0.01435	0.02027	0.01079	0.01365	0.00886	0.00516	0.00549	0.00165	0.00652	0.00494	0.00310	0.00886
14	0.11995	0.01019	0.01127	0.00827	0.01298	0.00845	0.00666	0.04514	0.01183	0.01963	0.00971	0.01124	0.00797	0.00434	0.00407	0.00097	0.00421	0.00332	0.00339	0.69641
15	0.41249	0.01006	0.00991	0.00832	0.01184	0.01043	0.00672	0.08116	0.01257	0.16665	0.01514	0.08173	0.04260	0.00690	0.00454	0.00166	0.00435	0.00516	0.00447	0.10329
16	0.02651	0.00804	0.00912	0.00864	0.01047	0.04365	0.00642	0.07438	0.04533	0.11082	0.18552	0.35016	0.04993	0.01223	0.00632	0.00191	0.00391	0.01070	0.00542	0.03052

[dist]
# distance from previous block
# <min> <max>
14	35

[block]
# block no. 1 follows, 43 sequences, length 9
# corresponding to MSA columns:
# 116-124
name=unknown_B
#
# <colnr> <probs for GDERKNQSTAVLIFYWHMCP>
#	G	D	E	R	K	N	Q	S	T	A	V	L	I	F	Y	W	H	M	C	P
0	0.01503	0.01266	0.01870	0.07772	0.02022	0.01263	0.19384	0.25741	0.01655	0.04346	0.01203	0.01420	0.00917	0.00815	0.06522	0.00209	0.00717	0.00505	0.00391	0.20480
1	0.00948	0.00841	0.01250	0.01021	0.01293	0.00766	0.11950	0.01182	0.01241	0.01745	0.17830	0.16406	0.12836	0.00978	0.00674	0.00167	0.05431	0.00866	0.00433	0.22144
2	0.67129	0.01040	0.00880	0.00765	0.01106	0.01162	0.00626	0.04417	0.01097	0.06808	0.06629	0.01227	0.01015	0.00573	0.00389	0.00168	0.00424	0.00376	0.00390	0.03777
3	0.02022	0.01487	0.01595	0.01232	0.01647	0.01642	0.01007	0.70491	0.02489	0.03336	0.01356	0.01476	0.01010	0.05756	0.00698	0.00190	0.00605	0.00518	0.00540	0.00903
4	0.00690	0.00488	0.00638	0.00752	0.00781	0.00460	0.00494	0.00775	0.01031	0.01375	0.02904	0.71475	0.03476	0.10691	0.00947	0.00260	0.00346	0.01487	0.00494	0.00437
5	0.05224	0.02233	0.01519	0.01340	0.01657	0.53871	0.01027	0.14360	0.10184	0.01862	0.01090	0.01171	0.00858	0.00605	0.00510	0.00153	0.00848	0.00409	0.00364	0.00717
6	0.00702	0.00496	0.00644	0.00741	0.00776	0.00468	0.00489	0.00797	0.01062	0.01425	0.08437	0.63294	0.03541	0.13149	0.01010	0.00266	0.00348	0.01419	0.00495	0.00439
7	0.00706	0.00518	0.00655	0.00714	0.00794	0.00475	0.00496	0.00850	0.01218	0.01631	0.23273	0.45675	0.14938	0.04438	0.00763	0.00217	0.00307	0.01331	0.00533	0.00468
8	0.01959	0.01456	0.01566	0.01231	0.01638	0.01611	0.01005	0.64967	0.08153	0.03269	0.01510	0.06376	0.01172	0.00739	0.00564	0.00172	0.00578	0.00577	0.00552	0.00906

[dist]
# distance from previous block
# <min> <max>
0	1

[block]
# block no. 2 follows, 43 sequences, length 43
# corresponding to MSA columns:
# 126-168
name=unknown_C
#
# <colnr> <probs for GDERKNQSTAVLIFYWHMCP>
#	G	D	E	R	K	N	Q	S	T	A	V	L	I	F	Y	W	H	M	C	P
0	0.01455	0.70034	0.11310	0.01027	0.01539	0.02077	0.01074	0.03553	0.01168	0.01410	0.00810	0.00931	0.00716	0.00485	0.00380	0.00126	0.00618	0.00314	0.00245	0.00729
1	0.02109	0.01376	0.01533	0.01194	0.01619	0.01479	0.00980	0.51083	0.10528	0.19813	0.01622	0.01535	0.01120	0.00679	0.00556	0.00170	0.00560	0.00526	0.00584	0.00935
2	0.00962	0.00481	0.00722	0.00722	0.00722	0.00481	0.00481	0.00722	0.00722	0.00962	0.00962	0.01684	0.00962	0.01924	0.02165	0.83886	0.00481	0.00481	0.00241	0.00241
3	0.01332	0.49480	0.32988	0.01202	0.01814	0.01827	0.01390	0.01697	0.01143	0.01484	0.00860	0.01001	0.00707	0.00495	0.00424	0.00141	0.00683	0.00342	0.00236	0.00754
4	0.00859	0.00552	0.00664	0.00662	0.00708	0.00534	0.00416	0.00927	0.01005	0.04826	0.14287	0.15315	0.02763	0.51798	0.02037	0.00413	0.00456	0.00944	0.00424	0.00412
5	0.01290	0.01293	0.01715	0.01448	0.01541	0.06094	0.06214	0.04166	0.06036	0.01503	0.00961	0.02973	0.00901	0.02994	0.01534	0.00234	0.57648	0.00530	0.00288	0.00638
6	0.01225	0.00950	0.01046	0.03841	0.01277	0.00994	0.00723	0.07947	0.30070	0.06648	0.02966	0.02973	0.23167	0.07232	0.00757	0.00205	0.00426	0.00757	0.00510	0.06287
7	0.01456	0.75637	0.07918	0.00990	0.01487	0.02131	0.01021	0.01665	0.01128	0.01333	0.00785	0.00907	0.00710	0.00477	0.00367	0.00122	0.00607	0.00304	0.00237	0.00718
8	0.01096	0.01036	0.01752	0.67443	0.15183	0.01244	0.01563	0.01459	0.01131	0.01476	0.00993	0.01460	0.00760	0.00544	0.00553	0.00181	0.00726	0.00492	0.00250	0.00656
9	0.00800	0.00555	0.00641	0.00644	0.00724	0.00527	0.00424	0.00878	0.01015	0.03691	0.05299	0.12295	0.23121	0.39755	0.06912	0.00406	0.00495	0.00975	0.00422	0.00420
10	0.00675	0.00482	0.00643	0.00771	0.00803	0.00450	0.00514	0.00771	0.01060	0.01414	0.03053	0.80175	0.03663	0.01735	0.00707	0.00225	0.00321	0.01574	0.00514	0.00450
11	0.01148	0.00984	0.01148	0.00820	0.01312	0.00738	0.00656	0.01395	0.01148	0.01805	0.00984	0.01148	0.00820	0.00410	0.00410	0.00082	0.00410	0.00328	0.00328	0.83922
12	0.00786	0.00539	0.00653	0.00670	0.00690	0.00550	0.00414	0.00829	0.00852	0.01151	0.01875	0.13372	0.02131	0.58418	0.14262	0.00551	0.00656	0.00873	0.00353	0.00375
13	0.00697	0.00504	0.00664	0.00784	0.00837	0.00471	0.00549	0.00813	0.01097	0.01446	0.03211	0.67175	0.08522	0.01691	0.00710	0.00226	0.00339	0.09294	0.00514	0.00458
14	0.01576	0.01267	0.01322	0.01147	0.01486	0.03597	0.00903	0.13271	0.58409	0.07499	0.02077	0.01918	0.01534	0.00729	0.00560	0.00182	0.00481	0.00595	0.00562	0.00884
15	0.01261	0.34583	0.47266	0.01322	0.02000	0.01654	0.01600	0.01715	0.01151	0.01571	0.00903	0.01055	0.00705	0.00505	0.00457	0.00152	0.00727	0.00363	0.00235	0.00775
16	0.02069	0.02640	0.01569	0.01427	0.01712	0.78313	0.01070	0.02212	0.01569	0.01355	0.00856	0.00999	0.00713	0.00571	0.00499	0.00143	0.00999	0.00357	0.00285	0.00642
17	0.01523	0.01478	0.01456	0.01267	0.01593	0.15472	0.05899	0.06396	0.51487	0.02146	0.01894	0.01914	0.01459	0.00717	0.00563	0.00180	0.00585	0.02659	0.00492	0.00818
18	0.01413	0.66526	0.16650	0.01064	0.01601	0.02025	0.01150	0.01676	0.01133	0.01386	0.00811	0.00940	0.00709	0.00483	0.00387	0.00129	0.00634	0.00317	0.00236	0.00731
19	0.00805	0.00537	0.00604	0.00604	0.00604	0.00537	0.00336	0.00805	0.00805	0.01074	0.01745	0.03624	0.02013	0.80536	0.02819	0.00537	0.00537	0.00805	0.00336	0.00336
20	0.01237	0.01038	0.01190	0.01187	0.04694	0.01163	0.00906	0.02379	0.51726	0.02126	0.04691	0.03147	0.02139	0.00947	0.00616	0.00203	0.00460	0.18837	0.00539	0.00774
21	0.00784	0.00566	0.00740	0.00697	0.00827	0.00523	0.00523	0.01045	0.01568	0.02221	0.76789	0.04137	0.05226	0.01132	0.00653	0.00174	0.00261	0.01002	0.00610	0.00523
22	0.00720	0.00564	0.00651	0.00629	0.00788	0.00495	0.00472	0.00921	0.01416	0.01861	0.41463	0.04729	0.40776	0.01266	0.00654	0.00181	0.00271	0.01085	0.00562	0.00495
23	0.84448	0.01071	0.00814	0.00728	0.01071	0.01242	0.00600	0.01628	0.00943	0.02485	0.00771	0.00900	0.00600	0.00514	0.00343	0.00171	0.00428	0.00300	0.00343	0.00600
24	0.00745	0.00565	0.00687	0.00656	0.00804	0.00506	0.00492	0.00971	0.01477	0.02005	0.55605	0.04492	0.26544	0.01213	0.00654	0.00178	0.00267	0.01051	0.00581	0.00506
25	0.00657	0.00551	0.00572	0.00588	0.00755	0.00465	0.00433	0.00792	0.01236	0.01485	0.05277	0.15081	0.67321	0.01446	0.00661	0.00192	0.00286	0.01222	0.00514	0.00465
26	0.84448	0.01071	0.00814	0.00728	0.01071	0.01242	0.00600	0.01628	0.00943	0.02485	0.00771	0.00900	0.00600	0.00514	0.00343	0.00171	0.00428	0.00300	0.00343	0.00600
27	0.01149	0.00974	0.01135	0.00834	0.01295	0.00761	0.00663	0.02925	0.03318	0.01849	0.02794	0.04099	0.01049	0.00489	0.00434	0.00094	0.00409	0.00400	0.00352	0.74976
28	0.01236	0.01003	0.01165	0.00859	0.01330	0.00806	0.00686	0.01612	0.08666	0.05495	0.01169	0.01276	0.00934	0.00458	0.00433	0.00097	0.00416	0.00369	0.00369	0.71623
29	0.84448	0.01071	0.00814	0.00728	0.01071	0.01242	0.00600	0.01628	0.00943	0.02485	0.00771	0.00900	0.00600	0.00514	0.00343	0.00171	0.00428	0.00300	0.00343	0.00600
30	0.00974	0.00605	0.00793	0.00723	0.00885	0.00554	0.00550	0.01230	0.01558	0.10328	0.66612	0.03835	0.04702	0.01070	0.00635	0.00173	0.00284	0.00940	0.02982	0.00568
31	0.84448	0.01071	0.00814	0.00728	0.01071	0.01242	0.00600	0.01628	0.00943	0.02485	0.00771	0.00900	0.00600	0.00514	0.00343	0.00171	0.00428	0.00300	0.00343	0.00600
32	0.01371	0.01316	0.02248	0.03399	0.77081	0.01316	0.01700	0.01700	0.01261	0.01809	0.01042	0.01371	0.00877	0.00493	0.00548	0.00164	0.00658	0.00493	0.00274	0.00877
33	0.02105	0.01551	0.01662	0.01274	0.01717	0.01717	0.01053	0.75235	0.02604	0.03490	0.01330	0.01330	0.00942	0.00665	0.00554	0.00166	0.00609	0.00499	0.00554	0.00942
34	0.01364	0.01174	0.01242	0.01124	0.01432	0.01357	0.00877	0.02893	0.73982	0.02298	0.02273	0.02184	0.01733	0.00773	0.00569	0.00190	0.00440	0.02667	0.00562	0.00866
35	0.00655	0.00561	0.00561	0.00561	0.00748	0.00468	0.00421	0.00795	0.01262	0.01496	0.05610	0.05330	0.76857	0.01403	0.00655	0.00187	0.00281	0.01169	0.00514	0.00468
36	0.00834	0.00598	0.00823	0.00947	0.01054	0.00588	0.00788	0.01048	0.01224	0.01595	0.03045	0.23635	0.05626	0.01574	0.00748	0.00246	0.00458	0.54164	0.00511	0.00494
37	0.02069	0.02640	0.01569	0.01427	0.01712	0.78313	0.01070	0.02212	0.01569	0.01355	0.00856	0.00999	0.00713	0.00571	0.00499	0.00143	0.00999	0.00357	0.00285	0.00642
38	0.01126	0.05020	0.73749	0.01579	0.02382	0.01314	0.03802	0.01752	0.01171	0.01742	0.00991	0.01169	0.00705	0.00523	0.00525	0.00174	0.00815	0.00412	0.00235	0.00814
39	0.00670	0.00500	0.00624	0.00723	0.00791	0.00454	0.00493	0.00777	0.01107	0.01433	0.03639	0.63026	0.20434	0.01659	0.00695	0.00216	0.00312	0.01482	0.00514	0.00454
40	0.00791	0.00593	0.00890	0.00890	0.00989	0.00692	0.00692	0.00989	0.00890	0.01286	0.01483	0.02176	0.01385	0.04154	0.78341	0.00890	0.01483	0.00593	0.00297	0.00494
41	0.81312	0.01050	0.00803	0.00720	0.01055	0.01215	0.00592	0.01615	0.00951	0.02469	0.00810	0.00943	0.00631	0.00519	0.00344	0.00170	0.00422	0.00308	0.03473	0.00597
42	0.00802	0.00551	0.00674	0.00674	0.00698	0.00575	0.00423	0.00850	0.00826	0.01126	0.01681	0.03271	0.01860	0.61891	0.21254	0.00623	0.00768	0.00754	0.00326	0.00374

[dist]
# distance from previous block
# <min> <max>
5	10

[block]
# block no. 3 follows, 43 sequences, length 63
# corresponding to MSA columns:
# 180-242
name=unknown_D
#
# <colnr> <probs for GDERKNQSTAVLIFYWHMCP>
#	G	D	E	R	K	N	Q	S	T	A	V	L	I	F	Y	W	H	M	C	P
0	0.84448	0.01071	0.00814	0.00728	0.01071	0.01242	0.00600	0.01628	0.00943	0.02485	0.00771	0.00900	0.00600	0.00514	0.00343	0.00171	0.00428	0.00300	0.00343	0.00600
1	0.00898	0.00658	0.00882	0.00973	0.01114	0.00659	0.00833	0.01221	0.05471	0.01743	0.10344	0.05763	0.06701	0.01441	0.00738	0.00240	0.00471	0.58800	0.00523	0.00530
2	0.00705	0.00523	0.00702	0.00810	0.00840	0.00520	0.00554	0.00803	0.01048	0.01409	0.02921	0.75711	0.03497	0.01692	0.00770	0.00226	0.04799	0.01513	0.00499	0.00459
3	0.01148	0.00984	0.01148	0.00820	0.01312	0.00738	0.00656	0.01395	0.01148	0.01805	0.00984	0.01148	0.00820	0.00410	0.00410	0.00082	0.00410	0.00328	0.00328	0.83922
4	0.01190	0.01009	0.01171	0.00840	0.01330	0.00781	0.00674	0.04623	0.01212	0.01878	0.00999	0.01156	0.00826	0.00421	0.00416	0.00086	0.00419	0.00336	0.00338	0.80294
5	0.00805	0.00537	0.00604	0.00604	0.00604	0.00537	0.00336	0.00805	0.00805	0.01074	0.01745	0.03624	0.02013	0.80536	0.02819	0.00537	0.00537	0.00805	0.00336	0.00336
6	0.04178	0.01071	0.01258	0.00976	0.01398	0.04449	0.00791	0.05716	0.06154	0.44057	0.03257	0.01671	0.01265	0.00621	0.00515	0.00149	0.00480	0.00496	0.00556	0.20942
7	0.00997	0.00847	0.00895	0.00837	0.01073	0.00889	0.00640	0.01800	0.35518	0.01935	0.10456	0.05282	0.34471	0.01087	0.00614	0.00187	0.00352	0.00914	0.00545	0.00659
8	0.01227	0.01750	0.20237	0.02054	0.02630	0.01335	0.52204	0.01705	0.01249	0.01738	0.01178	0.05415	0.00949	0.00560	0.00662	0.00188	0.03257	0.00639	0.00280	0.00744
9	0.01781	0.01371	0.01466	0.01200	0.01583	0.01541	0.00966	0.40435	0.36202	0.04708	0.01773	0.01680	0.01295	0.00705	0.00558	0.00176	0.00528	0.00558	0.00561	0.00912
10	0.01146	0.11269	0.67741	0.01497	0.02262	0.01369	0.01900	0.01729	0.01167	0.01703	0.01016	0.01259	0.00761	0.00544	0.00513	0.00171	0.00787	0.02126	0.00241	0.00799
11	0.01195	0.20665	0.60606	0.01435	0.02174	0.01493	0.01796	0.01732	0.01159	0.01651	0.00943	0.01105	0.00704	0.00514	0.00487	0.00162	0.00767	0.00383	0.00235	0.00794
12	0.04143	0.01040	0.01025	0.00938	0.01202	0.05501	0.00723	0.02102	0.40869	0.03450	0.10163	0.03016	0.21686	0.00939	0.00584	0.00183	0.00413	0.00776	0.00533	0.00713
13	0.01166	0.01107	0.01878	0.51229	0.30854	0.01262	0.01598	0.01520	0.01164	0.01561	0.01006	0.01438	0.00790	0.00531	0.00552	0.00177	0.00709	0.00493	0.00256	0.00712
14	0.02281	0.00924	0.01240	0.00982	0.01373	0.00821	0.00803	0.04438	0.03334	0.66468	0.02244	0.07402	0.01574	0.00781	0.00573	0.00178	0.00465	0.02560	0.00663	0.00895
15	0.01036	0.00757	0.01119	0.01128	0.01314	0.00755	0.06434	0.03788	0.03075	0.04603	0.02699	0.05465	0.02833	0.01371	0.00737	0.00242	0.00542	0.61033	0.00502	0.00567
16	0.09662	0.01003	0.01274	0.00986	0.01408	0.00924	0.00814	0.08437	0.01611	0.64924	0.01992	0.01754	0.01269	0.00669	0.00538	0.00171	0.00479	0.00530	0.00645	0.00912
17	0.01235	0.01177	0.02002	0.35157	0.46388	0.01280	0.01632	0.01580	0.01197	0.01644	0.01018	0.01415	0.00819	0.00519	0.00551	0.00173	0.00692	0.00493	0.00262	0.00767
18	0.01212	0.01212	0.01696	0.01454	0.01454	0.01696	0.01212	0.01333	0.00848	0.01333	0.00727	0.01212	0.00727	0.00969	0.01818	0.00242	0.79523	0.00485	0.00242	0.00606
19	0.01024	0.00536	0.00570	0.03963	0.00788	0.00546	0.00441	0.01282	0.01156	0.02019	0.01804	0.04094	0.01449	0.00670	0.00403	0.00134	0.00281	0.00543	0.77781	0.00519
20	0.01598	0.01299	0.01377	0.01172	0.01524	0.01481	0.00930	0.24862	0.53803	0.02673	0.01974	0.01843	0.01464	0.00725	0.00561	0.00181	0.00490	0.00587	0.00561	0.00896
21	0.01337	0.01048	0.01089	0.00963	0.01216	0.08043	0.00751	0.09539	0.18872	0.08957	0.30865	0.04456	0.04348	0.00921	0.00600	0.00176	0.00439	0.03458	0.00557	0.02366
22	0.81965	0.01067	0.00828	0.00736	0.01081	0.01229	0.00606	0.01660	0.00962	0.04757	0.00814	0.00930	0.00623	0.00519	0.00349	0.00171	0.00430	0.00308	0.00353	0.00610
23	0.00678	0.00565	0.00593	0.00594	0.00773	0.00480	0.00451	0.00835	0.01293	0.01574	0.12421	0.05254	0.66640	0.01382	0.00659	0.00189	0.00289	0.04332	0.00523	0.00475
24	0.01172	0.15825	0.65245	0.01474	0.02235	0.01437	0.01864	0.01738	0.01162	0.01679	0.00957	0.01123	0.00703	0.00517	0.00498	0.00166	0.00781	0.00390	0.00234	0.00801
25	0.00936	0.00757	0.00908	0.00785	0.01067	0.00613	0.00588	0.01114	0.01113	0.01613	0.02059	0.27090	0.06574	0.05475	0.00672	0.00168	0.00385	0.03998	0.00408	0.43676
26	0.01046	0.00984	0.01661	0.79205	0.03814	0.01230	0.01538	0.01415	0.01107	0.01415	0.00984	0.01477	0.00738	0.00554	0.00554	0.00185	0.00738	0.00492	0.00246	0.00615
27	0.00726	0.00567	0.00661	0.00658	0.00814	0.00503	0.00502	0.00922	0.01378	0.01791	0.33183	0.06776	0.40850	0.01316	0.00665	0.00189	0.00293	0.07163	0.00551	0.00492
28	0.02085	0.01505	0.01624	0.01253	0.01689	0.01658	0.01033	0.68180	0.06330	0.06839	0.01417	0.01393	0.01000	0.00670	0.00555	0.00168	0.00594	0.00508	0.00561	0.00939
29	0.02204	0.01331	0.01432	0.01145	0.01527	0.10913	0.00929	0.19751	0.06223	0.41539	0.01736	0.01614	0.01169	0.00686	0.00621	0.00172	0.05038	0.00518	0.00571	0.00881
30	0.01131	0.04745	0.71536	0.01606	0.02401	0.01315	0.06194	0.01753	0.01176	0.01744	0.00996	0.01181	0.00710	0.00521	0.00529	0.00175	0.00819	0.00420	0.00237	0.00812
31	0.01046	0.00984	0.01661	0.79205	0.03814	0.01230	0.01538	0.01415	0.01107	0.01415	0.00984	0.01477	0.00738	0.00554	0.00554	0.00185	0.00738	0.00492	0.00246	0.00615
32	0.00698	0.00530	0.00635	0.00680	0.00781	0.00480	0.00477	0.00833	0.01193	0.01551	0.16050	0.34902	0.28753	0.06653	0.02962	0.00242	0.00343	0.01264	0.00513	0.00462
33	0.00655	0.00559	0.00564	0.00567	0.00750	0.00467	0.00424	0.00794	0.01256	0.01494	0.05532	0.07622	0.74615	0.01413	0.00656	0.00188	0.00282	0.01181	0.00514	0.00467
34	0.00675	0.00482	0.00643	0.00771	0.00803	0.00450	0.00514	0.00771	0.01060	0.01414	0.03053	0.80175	0.03663	0.01735	0.00707	0.00225	0.00321	0.01574	0.00514	0.00450
35	0.00680	0.00486	0.00647	0.00768	0.00804	0.00453	0.00514	0.00784	0.01084	0.01451	0.06450	0.76671	0.03735	0.01707	0.00704	0.00223	0.00319	0.01548	0.00519	0.00453
36	0.01481	0.80869	0.02902	0.00948	0.01421	0.02191	0.00948	0.01658	0.01125	0.01303	0.00770	0.00888	0.00711	0.00474	0.00355	0.00118	0.00592	0.00296	0.00237	0.00711
37	0.01512	0.01131	0.01229	0.01085	0.01407	0.01270	0.00850	0.02848	0.63304	0.12345	0.02228	0.02042	0.01638	0.00739	0.00556	0.00183	0.00436	0.00613	0.03713	0.00872
38	0.01307	0.01494	0.03268	0.02334	0.02894	0.01401	0.75070	0.01774	0.01307	0.01774	0.01120	0.01494	0.00840	0.00467	0.00654	0.00187	0.00934	0.00654	0.00280	0.00747
39	0.01185	0.01006	0.01168	0.00838	0.01328	0.00776	0.00672	0.04249	0.01205	0.01870	0.00998	0.01155	0.00825	0.00420	0.00416	0.00085	0.00418	0.00335	0.00337	0.80714
40	0.00750	0.00558	0.00697	0.00676	0.00810	0.00506	0.00502	0.00974	0.01466	0.02013	0.56777	0.10628	0.19130	0.01235	0.00658	0.00181	0.00270	0.01081	0.00583	0.00506
41	0.00802	0.00550	0.00670	0.00670	0.00693	0.00573	0.00418	0.00848	0.00825	0.01123	0.01685	0.03290	0.01868	0.62922	0.20235	0.00618	0.00755	0.00757	0.00327	0.00372
42	0.02073	0.01520	0.01628	0.01251	0.01685	0.01681	0.01033	0.73006	0.02560	0.03447	0.01344	0.01352	0.00956	0.00664	0.00549	0.00165	0.00599	0.00499	0.03057	0.00929
43	0.01484	0.01045	0.01232	0.00902	0.01377	0.00867	0.00729	0.10354	0.01394	0.14614	0.01225	0.01293	0.00926	0.00486	0.00452	0.00107	0.00444	0.00386	0.00414	0.60268
44	0.02105	0.01551	0.01662	0.01274	0.01717	0.01717	0.01053	0.75235	0.02604	0.03490	0.01330	0.01330	0.00942	0.00665	0.00554	0.00166	0.00609	0.00499	0.00554	0.00942
45	0.00756	0.00561	0.00704	0.00677	0.00812	0.00509	0.00504	0.00988	0.01489	0.02053	0.60621	0.08183	0.17673	0.01210	0.00656	0.00179	0.00268	0.01060	0.00588	0.00509
46	0.00675	0.00482	0.00643	0.00771	0.00803	0.00450	0.00514	0.00771	0.01060	0.01414	0.03053	0.80175	0.03663	0.01735	0.00707	0.00225	0.00321	0.01574	0.00514	0.00450
47	0.01773	0.00833	0.01080	0.00903	0.01220	0.00754	0.00737	0.06177	0.01562	0.42775	0.14215	0.03156	0.12534	0.00945	0.00608	0.00183	0.00425	0.08733	0.00623	0.00765
48	0.01260	0.34255	0.47580	0.01325	0.02004	0.01650	0.01604	0.01715	0.01152	0.01572	0.00904	0.01056	0.00705	0.00505	0.00457	0.00152	0.00727	0.00364	0.00235	0.00775
49	0.00833	0.00605	0.00819	0.00933	0.01052	0.00590	0.00784	0.01051	0.01240	0.01602	0.03229	0.17832	0.10902	0.01549	0.00744	0.00243	0.00456	0.54528	0.00511	0.00496
50	0.00879	0.00663	0.00849	0.00931	0.01083	0.00659	0.00788	0.01213	0.07319	0.01673	0.03416	0.07473	0.17814	0.01446	0.00725	0.00235	0.00454	0.51334	0.00515	0.00530
51	0.01057	0.00990	0.01666	0.69367	0.09851	0.01203	0.01507	0.01411	0.01118	0.01448	0.01080	0.04934	0.00879	0.00601	0.00560	0.00185	0.00713	0.00540	0.00260	0.00630
52	0.01230	0.01043	0.01243	0.00895	0.01385	0.00835	0.02557	0.07418	0.01271	0.01941	0.01016	0.01172	0.00831	0.00432	0.00428	0.00092	0.00440	0.00350	0.00345	0.75076
53	0.01481	0.80869	0.02902	0.00948	0.01421	0.02191	0.00948	0.01658	0.01125	0.01303	0.00770	0.00888	0.00711	0.00474	0.00355	0.00118	0.00592	0.00296	0.00237	0.00711
54	0.84448	0.01071	0.00814	0.00728	0.01071	0.01242	0.00600	0.01628	0.00943	0.02485	0.00771	0.00900	0.00600	0.00514	0.00343	0.00171	0.00428	0.00300	0.00343	0.00600
55	0.01972	0.01463	0.01567	0.01223	0.01629	0.01620	0.00996	0.65364	0.07911	0.03256	0.01423	0.01524	0.01062	0.05544	0.00693	0.00190	0.00592	0.00527	0.00541	0.00900
56	0.02105	0.01551	0.01662	0.01274	0.01717	0.01717	0.01053	0.75235	0.02604	0.03490	0.01330	0.01330	0.00942	0.00665	0.00554	0.00166	0.00609	0.00499	0.00554	0.00942
57	0.01634	0.01310	0.01321	0.01150	0.01484	0.07781	0.00907	0.11209	0.50790	0.10949	0.02040	0.01981	0.01525	0.00739	0.00562	0.00181	0.00511	0.02511	0.00552	0.00862
58	0.00679	0.00554	0.00600	0.00606	0.00767	0.00475	0.00448	0.00836	0.01295	0.01614	0.17753	0.12650	0.57016	0.01389	0.00660	0.00189	0.00281	0.01181	0.00531	0.00475
59	0.01596	0.01268	0.01478	0.01096	0.01569	0.01219	0.04117	0.35429	0.01826	0.02580	0.01149	0.01247	0.00877	0.00530	0.00487	0.00125	0.00525	0.00421	0.00430	0.42030
60	0.00744	0.00555	0.00691	0.00677	0.00808	0.00502	0.00500	0.00960	0.01443	0.01974	0.53157	0.13475	0.19951	0.01261	0.00660	0.00183	0.00272	0.01105	0.00578	0.00502
61	0.00694	0.00510	0.00654	0.00752	0.00820	0.00470	0.00527	0.00818	0.01138	0.01495	0.08133	0.58900	0.14779	0.01632	0.00700	0.00218	0.00324	0.06455	0.00520	0.00461
62	0.20292	0.05206	0.01495	0.01178	0.01554	0.22824	0.00949	0.34073	0.03342	0.02558	0.01069	0.01138	0.00808	0.00599	0.00484	0.00159	0.00673	0.00409	0.00419	0.00772

[dist]
# distance from previous block
# <min> <max>
0	1

[block]
# block no. 4 follows, 43 sequences, length 37
# corresponding to MSA columns:
# 244-280
name=unknown_E
#
# <colnr> <probs for GDERKNQSTAVLIFYWHMCP>
#	G	D	E	R	K	N	Q	S	T	A	V	L	I	F	Y	W	H	M	C	P
0	0.77945	0.01114	0.00870	0.02810	0.01170	0.03615	0.00644	0.01664	0.00980	0.04045	0.00810	0.00939	0.00624	0.00521	0.00358	0.00171	0.00455	0.00312	0.00346	0.00609
1	0.01179	0.17204	0.63923	0.01463	0.02218	0.01453	0.01844	0.01736	0.01161	0.01671	0.00953	0.01118	0.00703	0.00517	0.00495	0.00165	0.00777	0.00388	0.00234	0.00799
2	0.01702	0.01275	0.01392	0.01086	0.01496	0.03098	0.00880	0.37680	0.07798	0.07243	0.05789	0.01564	0.01259	0.00765	0.03448	0.00174	0.00559	0.00499	0.00493	0.21799
3	0.00697	0.00504	0.00663	0.00776	0.00831	0.00470	0.00541	0.00816	0.01112	0.01471	0.05986	0.65778	0.08595	0.01672	0.00706	0.00223	0.00333	0.07848	0.00517	0.00459
4	0.01943	0.01455	0.01575	0.01197	0.01649	0.01552	0.00986	0.62734	0.02358	0.03205	0.01271	0.01299	0.00921	0.00622	0.00530	0.00152	0.00576	0.00470	0.00516	0.14990
5	0.07969	0.00982	0.01273	0.00983	0.01406	0.00889	0.00812	0.06310	0.01594	0.68674	0.02047	0.01791	0.01297	0.00673	0.00542	0.00171	0.00475	0.00537	0.00656	0.00919
6	0.01198	0.23684	0.54736	0.01376	0.02077	0.01500	0.01695	0.01702	0.01172	0.01651	0.03784	0.01206	0.00874	0.00535	0.00485	0.00160	0.00737	0.00401	0.00249	0.00778
7	0.00675	0.00482	0.00643	0.00771	0.00803	0.00450	0.00514	0.00771	0.01060	0.01414	0.03053	0.80175	0.03663	0.01735	0.00707	0.00225	0.00321	0.01574	0.00514	0.00450
8	0.02485	0.00943	0.01285	0.00985	0.01414	0.00814	0.00814	0.02699	0.01585	0.77465	0.02185	0.01885	0.01371	0.00685	0.00557	0.00171	0.00471	0.00557	0.00685	0.00943
9	0.01171	0.01153	0.01617	0.01400	0.01407	0.01599	0.01160	0.01296	0.00856	0.01332	0.00833	0.03162	0.00841	0.01201	0.06930	0.00285	0.72391	0.00518	0.00252	0.00595
10	0.01122	0.05304	0.75329	0.01559	0.02367	0.01315	0.02012	0.01751	0.01168	0.01740	0.00987	0.01161	0.00702	0.00525	0.00521	0.00174	0.00811	0.00406	0.00234	0.00815
11	0.00690	0.00510	0.00649	0.00749	0.00819	0.00469	0.00525	0.00811	0.01128	0.01473	0.06005	0.59268	0.16513	0.01642	0.00700	0.00219	0.00325	0.06528	0.00517	0.00460
12	0.00858	0.00616	0.00851	0.00974	0.01092	0.00609	0.00830	0.01089	0.01248	0.01622	0.03037	0.15299	0.05711	0.01551	0.00754	0.00249	0.00479	0.62120	0.00511	0.00501
13	0.57882	0.01233	0.01060	0.00897	0.01261	0.03836	0.00734	0.18518	0.04224	0.04450	0.00991	0.01069	0.00741	0.00563	0.00410	0.00170	0.00490	0.00366	0.00406	0.00698
14	0.00662	0.00551	0.00578	0.00594	0.00758	0.00467	0.00437	0.00800	0.01246	0.01509	0.07664	0.15320	0.64637	0.01438	0.00662	0.00192	0.00285	0.01218	0.00517	0.00467
15	0.01307	0.01494	0.03268	0.02334	0.02894	0.01401	0.75070	0.01774	0.01307	0.01774	0.01120	0.01494	0.00840	0.00467	0.00654	0.00187	0.00934	0.00654	0.00280	0.00747
16	0.00675	0.00482	0.00643	0.00771	0.00803	0.00450	0.00514	0.00771	0.01060	0.01414	0.03053	0.80175	0.03663	0.01735	0.00707	0.00225	0.00321	0.01574	0.00514	0.00450
17	0.77018	0.01059	0.00857	0.00752	0.01102	0.01204	0.00619	0.01725	0.01001	0.09282	0.00899	0.00989	0.00670	0.00530	0.00362	0.00171	0.00432	0.00323	0.00374	0.00631
18	0.00797	0.00587	0.00748	0.00704	0.00844	0.00548	0.00529	0.01095	0.04045	0.02185	0.70436	0.04132	0.08991	0.01134	0.00650	0.00175	0.00268	0.00998	0.00603	0.00531
19	0.00741	0.00510	0.00623	0.00686	0.00702	0.00494	0.00423	0.00789	0.00930	0.01241	0.02386	0.41172	0.02823	0.41885	0.01783	0.00384	0.00431	0.01183	0.00423	0.00392
20	0.00675	0.00482	0.00643	0.00771	0.00803	0.00450	0.00514	0.00771	0.01060	0.01414	0.03053	0.80175	0.03663	0.01735	0.00707	0.00225	0.00321	0.01574	0.00514	0.00450
21	0.02118	0.01025	0.01268	0.01015	0.01396	0.00998	0.00820	0.09815	0.16660	0.49913	0.02086	0.01941	0.01420	0.03890	0.00644	0.00188	0.00475	0.00574	0.02862	0.00893
22	0.02131	0.01510	0.01637	0.01255	0.01697	0.01657	0.01037	0.70364	0.02536	0.08458	0.01387	0.01367	0.00971	0.00666	0.00554	0.00167	0.00600	0.00503	0.00563	0.00942
23	0.00705	0.00563	0.00631	0.00614	0.00779	0.00489	0.00461	0.00893	0.01382	0.01779	0.33435	0.04864	0.48856	0.01297	0.00654	0.00182	0.00273	0.01103	0.00552	0.00489
24	0.01032	0.00516	0.00516	0.00516	0.00645	0.00516	0.00387	0.01290	0.01161	0.02065	0.01807	0.02065	0.01420	0.00645	0.00387	0.00129	0.00258	0.00516	0.83611	0.00516
25	0.01414	0.01549	0.01666	0.01448	0.01515	0.19779	0.01178	0.01540	0.01018	0.01338	0.00757	0.01161	0.00724	0.00875	0.01506	0.00219	0.60990	0.00454	0.00252	0.00614
26	0.00714	0.00565	0.00644	0.00629	0.00791	0.00495	0.00475	0.00908	0.01390	0.01802	0.35121	0.04858	0.45182	0.01294	0.00657	0.00183	0.00278	0.02968	0.00554	0.00492
27	0.00708	0.00519	0.00665	0.00722	0.00805	0.00476	0.00506	0.00864	0.01251	0.01688	0.27510	0.46313	0.12934	0.01498	0.00683	0.00204	0.00297	0.01338	0.00545	0.00476
28	0.00677	0.00487	0.00642	0.00761	0.00802	0.00453	0.00511	0.00780	0.01082	0.01440	0.05222	0.75182	0.06500	0.01705	0.00703	0.00222	0.00318	0.01543	0.00517	0.00453
29	0.00768	0.00557	0.00724	0.00701	0.00822	0.00513	0.00519	0.01008	0.01504	0.02112	0.66689	0.12321	0.07272	0.01205	0.00659	0.00180	0.00268	0.01068	0.00596	0.00513
30	0.00836	0.00580	0.00744	0.00695	0.00842	0.00528	0.00524	0.01084	0.01539	0.05022	0.67070	0.04166	0.11994	0.01141	0.00650	0.00175	0.00271	0.01001	0.00603	0.00533
31	0.01947	0.01455	0.01554	0.01224	0.01635	0.01620	0.01000	0.60607	0.14860	0.03245	0.01501	0.01478	0.01084	0.00679	0.00550	0.00169	0.00569	0.00521	0.03386	0.00916
32	0.01187	0.18951	0.62249	0.01448	0.02196	0.01473	0.01820	0.01734	0.01160	0.01661	0.00948	0.01111	0.00703	0.00515	0.00491	0.00164	0.00772	0.00386	0.00234	0.00796
33	0.84448	0.01071	0.00814	0.00728	0.01071	0.01242	0.00600	0.01628	0.00943	0.02485	0.00771	0.00900	0.00600	0.00514	0.00343	0.00171	0.00428	0.00300	0.00343	0.00600
34	0.00904	0.00660	0.00860	0.00906	0.06004	0.00618	0.00634	0.01192	0.04438	0.05419	0.45042	0.06266	0.17882	0.01148	0.00647	0.00183	0.00326	0.05741	0.00562	0.00566
35	0.01396	0.06763	0.01749	0.05153	0.01618	0.17287	0.01181	0.01537	0.01026	0.01339	0.00768	0.01160	0.00724	0.00835	0.01392	0.00211	0.54542	0.00447	0.00251	0.00621
36	0.01457	0.75866	0.07698	0.00988	0.01484	0.02133	0.01018	0.01665	0.01128	0.01332	0.00784	0.00906	0.00710	0.00477	0.00366	0.00122	0.00607	0.00303	0.00237	0.00718

[dist]
# distance from previous block
# <min> <max>
0	1

[block]
# block no. 5 follows, 43 sequences, length 8
# corresponding to MSA columns:
# 282-289
name=unknown_F
#
# <colnr> <probs for GDERKNQSTAVLIFYWHMCP>
#	G	D	E	R	K	N	Q	S	T	A	V	L	I	F	Y	W	H	M	C	P
0	0.01949	0.01720	0.01622	0.01423	0.06504	0.18160	0.01073	0.44674	0.12565	0.02758	0.01338	0.01364	0.00993	0.00646	0.00543	0.00164	0.00673	0.00486	0.00480	0.00864
1	0.00901	0.00656	0.00873	0.00961	0.01096	0.00656	0.00809	0.03392	0.03541	0.01728	0.07040	0.14033	0.07245	0.01475	0.00734	0.00239	0.00464	0.53114	0.00519	0.00526
2	0.00962	0.00481	0.00722	0.00722	0.00722	0.00481	0.00481	0.00722	0.00722	0.00962	0.00962	0.01684	0.00962	0.01924	0.02165	0.83886	0.00481	0.00481	0.00241	0.00241
3	0.01259	0.06914	0.05457	0.24912	0.09527	0.04979	0.23246	0.01602	0.01165	0.01548	0.00969	0.01354	0.00775	0.00582	0.00766	0.00186	0.13292	0.00516	0.00259	0.00693
4	0.00766	0.00594	0.00869	0.00919	0.00989	0.00598	0.04226	0.00905	0.01076	0.01448	0.02735	0.59527	0.03190	0.01738	0.04928	0.00263	0.04742	0.09530	0.00476	0.00482
5	0.00851	0.00614	0.00841	0.00961	0.01080	0.00604	0.00817	0.01079	0.01248	0.01618	0.03115	0.15222	0.07873	0.01547	0.00751	0.00247	0.00473	0.60049	0.00511	0.00500
6	0.05814	0.01020	0.01352	0.05314	0.01530	0.01070	0.08961	0.25678	0.01611	0.04515	0.02009	0.34537	0.02060	0.01080	0.00618	0.00195	0.00517	0.00959	0.00483	0.00677
7	0.01386	0.01126	0.01267	0.01220	0.05481	0.01267	0.00906	0.02682	0.60638	0.06332	0.04790	0.02358	0.01847	0.00797	0.00578	0.00190	0.00450	0.05286	0.00553	0.00845

[dist]
# distance from previous block
# <min> <max>
0	13

[block]
# block no. 6 follows, 43 sequences, length 15
# corresponding to MSA columns:
# 303-317
name=unknown_G
#
# <colnr> <probs for GDERKNQSTAVLIFYWHMCP>
#	G	D	E	R	K	N	Q	S	T	A	V	L	I	F	Y	W	H	M	C	P
0	0.00760	0.00565	0.00707	0.00672	0.00813	0.00512	0.00504	0.00999	0.01512	0.02088	0.63719	0.04356	0.18379	0.01182	0.00653	0.00177	0.00265	0.01032	0.00592	0.00512
1	0.01409	0.65734	0.17409	0.01070	0.01611	0.02016	0.01161	0.01677	0.01134	0.01391	0.00813	0.00943	0.00709	0.00484	0.00389	0.00130	0.00636	0.00318	0.00236	0.00732
2	0.00721	0.00516	0.00695	0.00816	0.00871	0.00489	0.00588	0.00855	0.01123	0.01494	0.06063	0.62702	0.03635	0.01670	0.00716	0.00229	0.00355	0.15478	0.00517	0.00465
3	0.00675	0.00482	0.00643	0.00771	0.00803	0.00450	0.00514	0.00771	0.01060	0.01414	0.03053	0.80175	0.03663	0.01735	0.00707	0.00225	0.00321	0.01574	0.00514	0.00450
4	0.01342	0.01286	0.02196	0.10157	0.70550	0.01308	0.01685	0.01674	0.01247	0.01774	0.01037	0.01380	0.00865	0.00499	0.00549	0.00166	0.00665	0.00493	0.00272	0.00854
5	0.01277	0.01350	0.02060	0.01660	0.01806	0.05481	0.18574	0.01481	0.00992	0.01438	0.00826	0.01267	0.00753	0.00831	0.01477	0.00224	0.57090	0.00518	0.00253	0.00641
6	0.63806	0.04209	0.01058	0.00875	0.01221	0.12105	0.00712	0.07172	0.01160	0.02359	0.00824	0.00945	0.00645	0.00532	0.00381	0.00165	0.00528	0.00322	0.00347	0.00635
7	0.00660	0.00557	0.00572	0.00578	0.00754	0.00468	0.00430	0.00802	0.01260	0.01515	0.07811	0.09719	0.70160	0.01413	0.00658	0.00189	0.00282	0.01187	0.00517	0.00468
8	0.01257	0.01049	0.01207	0.00872	0.01358	0.00849	0.00701	0.09747	0.01313	0.01995	0.01023	0.01169	0.00834	0.00439	0.00426	0.00092	0.00433	0.00347	0.00354	0.74535
9	0.01464	0.77444	0.06185	0.00975	0.01464	0.02152	0.00996	0.01663	0.01127	0.01323	0.00780	0.00901	0.00710	0.00476	0.00363	0.00121	0.00602	0.00301	0.00237	0.00715
10	0.01128	0.00962	0.01126	0.00818	0.01290	0.00726	0.00650	0.01367	0.01145	0.01788	0.01075	0.04619	0.00945	0.00468	0.00423	0.00088	0.00406	0.00383	0.00336	0.80256
11	0.02105	0.01551	0.01662	0.01274	0.01717	0.01717	0.01053	0.75235	0.02604	0.03490	0.01330	0.01330	0.00942	0.00665	0.00554	0.00166	0.00609	0.00499	0.00554	0.00942
12	0.01406	0.01037	0.01154	0.01012	0.01275	0.01113	0.00784	0.31247	0.12950	0.04042	0.03947	0.26991	0.06649	0.01075	0.00609	0.00189	0.00453	0.00915	0.02423	0.00727
13	0.00812	0.00594	0.00776	0.00810	0.00910	0.00578	0.00591	0.02314	0.01189	0.03015	0.14690	0.45334	0.07656	0.01628	0.05438	0.00249	0.03381	0.05369	0.00501	0.04165
14	0.09012	0.01152	0.01238	0.01044	0.01391	0.01250	0.00829	0.17266	0.34319	0.12681	0.02024	0.03706	0.04747	0.02460	0.00590	0.00183	0.00468	0.00598	0.00540	0.04499

[dist]
# distance from previous block
# <min> <max>
11	23

[block]
# block no. 7 follows, 43 sequences, length 14
# corresponding to MSA columns:
# 341-354
name=unknown_H
#
# <colnr> <probs for GDERKNQSTAVLIFYWHMCP>
#	G	D	E	R	K	N	Q	S	T	A	V	L	I	F	Y	W	H	M	C	P
0	0.27620	0.04470	0.07646	0.03800	0.01550	0.07992	0.04586	0.17433	0.01450	0.02270	0.04413	0.04183	0.05842	0.00691	0.00544	0.00173	0.03744	0.00515	0.00387	0.00691
1	0.09874	0.09165	0.43330	0.01323	0.03638	0.04217	0.01475	0.04442	0.01225	0.01857	0.04463	0.05176	0.01078	0.00612	0.00499	0.00166	0.00673	0.00475	0.02665	0.03646
2	0.01199	0.21432	0.59871	0.01428	0.02165	0.01502	0.01785	0.01731	0.01159	0.01647	0.00941	0.01102	0.00704	0.00514	0.00486	0.00162	0.00765	0.00382	0.00235	0.00793
3	0.00836	0.00640	0.00900	0.00876	0.00942	0.00753	0.00657	0.00978	0.00866	0.01239	0.01473	0.02430	0.01472	0.22224	0.52709	0.00742	0.08862	0.00634	0.00301	0.00467
4	0.00776	0.00566	0.00724	0.00805	0.00901	0.00539	0.00620	0.00937	0.01174	0.01524	0.07377	0.25650	0.15965	0.11207	0.00975	0.00265	0.00409	0.28624	0.00496	0.00466
5	0.05743	0.01064	0.01338	0.01030	0.01458	0.01004	0.00851	0.16498	0.01753	0.60301	0.01964	0.01739	0.01258	0.00675	0.00548	0.00170	0.00496	0.00535	0.00646	0.00928
6	0.01554	0.36321	0.03437	0.01023	0.01419	0.01616	0.00914	0.07825	0.19753	0.10905	0.02940	0.03210	0.01311	0.02084	0.00522	0.00163	0.00530	0.03276	0.00421	0.00777
7	0.01085	0.00847	0.01008	0.00812	0.01167	0.00684	0.00626	0.01347	0.04036	0.05491	0.06127	0.17323	0.05093	0.00787	0.00507	0.00129	0.00382	0.00676	0.00416	0.51456
8	0.00796	0.00554	0.00657	0.00636	0.00776	0.00507	0.00475	0.01026	0.01413	0.02008	0.45374	0.06075	0.20587	0.01122	0.00607	0.00170	0.00267	0.00967	0.15475	0.00507
9	0.00805	0.00537	0.00604	0.00604	0.00604	0.00537	0.00336	0.00805	0.00805	0.01074	0.01745	0.03624	0.02013	0.80536	0.02819	0.00537	0.00537	0.00805	0.00336	0.00336
10	0.00770	0.00566	0.00721	0.00682	0.00819	0.00517	0.00512	0.01019	0.01536	0.02144	0.69285	0.04263	0.12778	0.01161	0.00653	0.00176	0.00263	0.01019	0.00600	0.00517
11	0.01261	0.01264	0.01690	0.03545	0.01534	0.04337	0.01211	0.03358	0.00927	0.01394	0.00755	0.01215	0.00733	0.00936	0.01704	0.00235	0.72552	0.00481	0.00252	0.00616
12	0.01666	0.01158	0.01285	0.01105	0.01451	0.01274	0.00874	0.07324	0.55188	0.18918	0.02182	0.01981	0.01574	0.00732	0.00562	0.00183	0.00456	0.00603	0.00590	0.00895
13	0.04628	0.01311	0.02054	0.16717	0.57387	0.05003	0.01597	0.01671	0.01236	0.01744	0.01012	0.01353	0.00834	0.00509	0.00539	0.00167	0.00680	0.00479	0.00272	0.00808

[dist]
# distance from previous block
# <min> <max>
2	8

[block]
# block no. 8 follows, 43 sequences, length 21
# corresponding to MSA columns:
# 363-383
name=unknown_I
#
# <colnr> <probs for GDERKNQSTAVLIFYWHMCP>
#	G	D	E	R	K	N	Q	S	T	A	V	L	I	F	Y	W	H	M	C	P
0	0.01430	0.59015	0.15402	0.01147	0.01663	0.05305	0.04378	0.01696	0.01153	0.01402	0.00826	0.00974	0.00715	0.00498	0.00438	0.00135	0.02518	0.00338	0.00241	0.00725
1	0.00782	0.00540	0.00664	0.00716	0.00778	0.00520	0.00486	0.02505	0.01112	0.01522	0.10677	0.39701	0.06692	0.20738	0.01190	0.00287	0.00375	0.04127	0.06138	0.00449
2	0.01940	0.04733	0.01529	0.01164	0.01558	0.04587	0.00950	0.40895	0.15667	0.14673	0.03876	0.01648	0.01277	0.02206	0.00592	0.00175	0.00560	0.00538	0.00550	0.00884
3	0.01207	0.00947	0.01135	0.03341	0.01339	0.00809	0.00703	0.07855	0.01254	0.04911	0.01294	0.07667	0.01165	0.04189	0.05808	0.00181	0.00511	0.00495	0.00373	0.54814
4	0.01540	0.01337	0.01520	0.05510	0.04303	0.07946	0.02688	0.23921	0.06610	0.02209	0.01197	0.01398	0.00947	0.00690	0.00812	0.00173	0.18791	0.00481	0.09278	0.08650
5	0.01741	0.01959	0.09768	0.03942	0.15447	0.28013	0.01274	0.20014	0.06669	0.02069	0.01134	0.01281	0.00881	0.00680	0.02558	0.00180	0.00790	0.00450	0.00362	0.00788
6	0.00784	0.00593	0.00709	0.00739	0.02245	0.00570	0.00514	0.00984	0.03930	0.01630	0.18430	0.19735	0.24676	0.11991	0.03222	0.00257	0.02115	0.01067	0.05322	0.00487
7	0.00946	0.00958	0.08134	0.01079	0.06227	0.04101	0.00843	0.01282	0.05744	0.01846	0.29266	0.14838	0.04762	0.04166	0.00732	0.00208	0.00445	0.13351	0.00492	0.00579
8	0.01155	0.01048	0.01978	0.07797	0.06622	0.01038	0.31565	0.01446	0.01178	0.04923	0.02930	0.13891	0.01491	0.04548	0.03981	0.03626	0.03439	0.00758	0.05950	0.00633
9	0.00725	0.00519	0.00680	0.00788	0.00836	0.00497	0.00546	0.00863	0.02567	0.01448	0.04688	0.62461	0.03470	0.08445	0.00890	0.00253	0.00361	0.09005	0.00502	0.00457
10	0.01166	0.01300	0.09946	0.44427	0.29302	0.01266	0.01649	0.01551	0.01168	0.01589	0.01005	0.01407	0.00783	0.00530	0.00549	0.00177	0.00719	0.00484	0.00255	0.00729
11	0.01350	0.01269	0.04211	0.09740	0.60215	0.01241	0.01604	0.01681	0.01260	0.04957	0.01211	0.01724	0.01037	0.00578	0.00563	0.00173	0.00652	0.05401	0.00304	0.00831
12	0.05764	0.00958	0.01211	0.02269	0.01382	0.00908	0.00796	0.05215	0.10851	0.51774	0.08629	0.02139	0.04073	0.00744	0.00559	0.00174	0.00451	0.00609	0.00631	0.00862
13	0.00692	0.00495	0.00647	0.00761	0.00801	0.00464	0.00513	0.00790	0.01059	0.01403	0.03052	0.68910	0.06310	0.07295	0.00857	0.00247	0.00343	0.04415	0.00501	0.00445
14	0.05985	0.01467	0.09483	0.01200	0.01602	0.08406	0.03309	0.23499	0.06644	0.18346	0.01702	0.07267	0.01379	0.00780	0.00567	0.00179	0.00600	0.06281	0.00498	0.00805
15	0.01263	0.01405	0.07974	0.07323	0.13061	0.01321	0.34105	0.06541	0.01289	0.01784	0.01232	0.07688	0.01065	0.00754	0.03075	0.00211	0.08226	0.00647	0.00308	0.00730
16	0.00873	0.00680	0.00943	0.00904	0.00980	0.00813	0.00697	0.01035	0.00908	0.01331	0.01597	0.02336	0.04645	0.13169	0.47048	0.00653	0.13948	0.00623	0.06326	0.00492
17	0.00820	0.00556	0.00625	0.00624	0.00635	0.00561	0.00357	0.00871	0.03134	0.01120	0.01792	0.05422	0.02043	0.76175	0.02698	0.00519	0.00529	0.00818	0.00347	0.00355
18	0.05229	0.01428	0.06158	0.06562	0.13672	0.07868	0.04114	0.20942	0.02986	0.05533	0.01217	0.01381	0.00925	0.00580	0.00539	0.00157	0.02392	0.00466	0.08225	0.09627
19	0.04472	0.01478	0.01584	0.01253	0.01652	0.06698	0.03938	0.43458	0.13130	0.05006	0.01382	0.01407	0.01017	0.00654	0.00594	0.00166	0.04042	0.00496	0.00493	0.07081
20	0.01897	0.01401	0.01523	0.01183	0.01606	0.01503	0.00966	0.57199	0.06579	0.05009	0.01439	0.04795	0.01100	0.00687	0.00544	0.00160	0.00560	0.00534	0.00529	0.10787

[dist]
# distance from previous block
# <min> <max>
0	1

[block]
# block no. 9 follows, 43 sequences, length 9
# corresponding to MSA columns:
# 385-393
name=unknown_J
#
# <colnr> <probs for GDERKNQSTAVLIFYWHMCP>
#	G	D	E	R	K	N	Q	S	T	A	V	L	I	F	Y	W	H	M	C	P
0	0.00787	0.00537	0.00615	0.00622	0.00640	0.00533	0.00365	0.00810	0.00853	0.01129	0.02057	0.08271	0.06813	0.67872	0.05461	0.00510	0.00544	0.00866	0.00356	0.00357
1	0.01224	0.01110	0.01155	0.10049	0.04704	0.13883	0.00900	0.08168	0.03643	0.01865	0.16533	0.05232	0.06118	0.01001	0.00660	0.02979	0.00553	0.15016	0.04608	0.00600
2	0.08929	0.01021	0.01414	0.37953	0.12175	0.04169	0.01188	0.01473	0.04950	0.01706	0.09821	0.02124	0.09461	0.00707	0.00553	0.00178	0.00593	0.00604	0.00345	0.00636
