[name]
unknown

[dist]
# distance from previous block
# <min> <max>
12	189

[block]
# block no. 0 follows, 46 sequences, length 32
# corresponding to MSA columns:
# 191-222
name=unknown_A
#
# <colnr> <probs for GDERKNQSTAVLIFYWHMCP>
#	G	D	E	R	K	N	Q	S	T	A	V	L	I	F	Y	W	H	M	C	P
0	0.03952	0.07992	0.04479	0.03856	0.03450	0.04004	0.00849	0.12149	0.08588	0.12887	0.07564	0.03038	0.01377	0.00624	0.00483	0.00142	0.00481	0.01741	0.03834	0.18509
1	0.06966	0.05467	0.05296	0.12011	0.04125	0.03357	0.00947	0.08122	0.24288	0.04397	0.10242	0.04554	0.01658	0.02073	0.00557	0.00174	0.00500	0.02023	0.00428	0.02815
2	0.07734	0.04931	0.14813	0.11364	0.04158	0.02968	0.01019	0.02431	0.07240	0.03409	0.03452	0.12477	0.01328	0.00765	0.02347	0.00171	0.00543	0.00572	0.01933	0.16345
3	0.04988	0.23390	0.11659	0.03530	0.03931	0.01325	0.05381	0.05458	0.07658	0.10930	0.03435	0.04155	0.02220	0.00609	0.00494	0.01561	0.00547	0.00474	0.00357	0.07897
4	0.06783	0.02795	0.10001	0.01348	0.10153	0.10327	0.01058	0.22217	0.01538	0.06327	0.01075	0.01196	0.00821	0.00612	0.02263	0.00157	0.02515	0.00407	0.00368	0.18042
5	0.04161	0.04409	0.05896	0.07616	0.01491	0.02840	0.02013	0.12995	0.07827	0.01912	0.03612	0.17527	0.01523	0.00766	0.00508	0.00151	0.00478	0.00647	0.02121	0.21507
6	0.09406	0.01140	0.01284	0.06618	0.06115	0.03578	0.00870	0.24988	0.05388	0.07598	0.06901	0.01560	0.02552	0.00605	0.00486	0.00146	0.00494	0.00480	0.03361	0.16431
7	0.00941	0.00630	0.00733	0.00689	0.00765	0.00641	0.00457	0.10731	0.01050	0.01391	0.03989	0.07112	0.08142	0.42666	0.01950	0.16130	0.00473	0.00746	0.00362	0.00401
8	0.00728	0.00611	0.00658	0.00595	0.00819	0.00501	0.00451	0.00889	0.01203	0.01542	0.11546	0.04194	0.54660	0.02924	0.00627	0.00166	0.00295	0.00942	0.00463	0.16185
9	0.01151	0.03019	0.01549	0.01263	0.01362	0.01460	0.01052	0.01291	0.00869	0.01356	0.00741	0.01138	0.00710	0.00814	0.01451	0.00200	0.63605	0.00430	0.00247	0.16292
10	0.01138	0.01075	0.05800	0.00852	0.01334	0.00790	0.00727	0.04532	0.02967	0.01799	0.00983	0.01126	0.00801	0.00416	0.00407	0.00089	0.00424	0.00331	0.00322	0.74086
11	0.01594	0.01171	0.01292	0.01046	0.01425	0.01232	0.00839	0.23512	0.32954	0.11181	0.01666	0.01588	0.01219	0.00626	0.00507	0.00153	0.00464	0.00502	0.00507	0.16525
12	0.01999	0.00897	0.01162	0.00940	0.01280	0.00831	0.00755	0.12371	0.01553	0.53746	0.02128	0.16541	0.01661	0.00839	0.00558	0.00172	0.00441	0.00705	0.00607	0.00812
13	0.00787	0.02165	0.02852	0.00693	0.00843	0.00532	0.00534	0.00975	0.01285	0.05179	0.34342	0.23739	0.21621	0.01242	0.00624	0.00180	0.00298	0.01086	0.00523	0.00498
14	0.01040	0.00607	0.00788	0.00704	0.00887	0.00546	0.00542	0.01270	0.01472	0.16327	0.56908	0.03654	0.11120	0.01025	0.00606	0.00167	0.00289	0.00892	0.00587	0.00569
15	0.01145	0.01116	0.01522	0.01275	0.01363	0.01448	0.01058	0.01283	0.00863	0.01356	0.00740	0.01145	0.00711	0.00826	0.01484	0.00203	0.65492	0.00435	0.00247	0.16290
16	0.01156	0.00956	0.01125	0.00814	0.01268	0.00752	0.00653	0.02985	0.01131	0.04038	0.00974	0.01123	0.00799	0.00419	0.00435	0.00087	0.02573	0.00327	0.00326	0.78060
17	0.05608	0.23131	0.03351	0.01125	0.01487	0.31600	0.00946	0.07011	0.01401	0.15900	0.01059	0.01109	0.00808	0.00554	0.00482	0.00141	0.02863	0.00372	0.00349	0.00704
18	0.02068	0.00833	0.01130	0.00889	0.01245	0.00725	0.00725	0.02281	0.01510	0.64218	0.16243	0.02201	0.01996	0.00734	0.00549	0.00164	0.00412	0.00611	0.00641	0.00825
19	0.01016	0.00736	0.00857	0.00779	0.00965	0.00733	0.00597	0.15897	0.02796	0.03800	0.29978	0.12046	0.17261	0.05952	0.00737	0.00197	0.00359	0.04206	0.00525	0.00564
20	0.00892	0.00692	0.00758	0.00720	0.00903	0.00666	0.00541	0.14887	0.01401	0.01782	0.05943	0.24665	0.41600	0.01285	0.00620	0.00184	0.00336	0.01095	0.00500	0.00528
21	0.69617	0.01108	0.00928	0.00793	0.01138	0.01271	0.00653	0.15534	0.01196	0.02551	0.00836	0.00935	0.00634	0.00518	0.00365	0.00163	0.00441	0.00322	0.00365	0.00634
22	0.01202	0.05380	0.13182	0.03240	0.11532	0.01377	0.36096	0.01570	0.01125	0.01581	0.00998	0.03164	0.00824	0.00576	0.00788	0.00182	0.15680	0.00544	0.00257	0.00702
23	0.63385	0.22006	0.01295	0.00750	0.01109	0.01421	0.00659	0.01562	0.00945	0.02079	0.00736	0.00856	0.00600	0.00481	0.00330	0.00150	0.00450	0.00285	0.00301	0.00600
24	0.03542	0.00731	0.00868	0.00765	0.00954	0.00731	0.00593	0.15091	0.01655	0.02335	0.59158	0.03386	0.06138	0.00987	0.00597	0.00165	0.00317	0.00850	0.00562	0.00574
25	0.01868	0.01359	0.01482	0.01159	0.01545	0.01493	0.00955	0.65831	0.02319	0.04615	0.05955	0.01606	0.01231	0.00788	0.02932	0.00183	0.00582	0.02722	0.00526	0.00850
26	0.00907	0.00713	0.00764	0.00687	0.00901	0.00679	0.00533	0.14932	0.01500	0.01915	0.18375	0.04158	0.49652	0.01158	0.00607	0.00172	0.00323	0.00966	0.00515	0.00541
27	0.64442	0.01075	0.00983	0.00856	0.01128	0.01294	0.00708	0.06014	0.00979	0.02224	0.00760	0.00939	0.00615	0.00581	0.00602	0.00176	0.15378	0.00331	0.00321	0.00593
28	0.01173	0.00937	0.01104	0.00793	0.01259	0.00709	0.00636	0.01406	0.01121	0.06354	0.01009	0.01139	0.00815	0.00407	0.00400	0.00083	0.00395	0.00326	0.00334	0.79600
29	0.01065	0.00588	0.00719	0.00668	0.00752	0.00571	0.00434	0.01119	0.00919	0.15523	0.01751	0.04614	0.01795	0.59044	0.07861	0.00466	0.00563	0.00724	0.00383	0.00442
30	0.00941	0.00502	0.00533	0.00525	0.00648	0.00494	0.00394	0.01188	0.01181	0.01999	0.15950	0.02341	0.02034	0.00703	0.00417	0.00131	0.00247	0.00579	0.68700	0.00494
31	0.01500	0.01220	0.01298	0.01113	0.01443	0.01389	0.00885	0.23628	0.54074	0.02513	0.01918	0.01873	0.01447	0.00712	0.00540	0.00175	0.00466	0.02424	0.00534	0.00846

[dist]
# distance from previous block
# <min> <max>
0	2

[block]
# block no. 1 follows, 46 sequences, length 12
# corresponding to MSA columns:
# 225-236
name=unknown_B
#
# <colnr> <probs for GDERKNQSTAVLIFYWHMCP>
#	G	D	E	R	K	N	Q	S	T	A	V	L	I	F	Y	W	H	M	C	P
0	0.00716	0.00539	0.00662	0.00632	0.00770	0.00485	0.00474	0.00936	0.01421	0.01941	0.59138	0.04243	0.23806	0.01147	0.00624	0.00169	0.00254	0.00997	0.00558	0.00485
1	0.65869	0.03549	0.00858	0.00734	0.01027	0.01127	0.00593	0.05227	0.01002	0.02235	0.01082	0.12639	0.01021	0.00668	0.00389	0.00169	0.00408	0.00474	0.00358	0.00571
2	0.01720	0.01221	0.01370	0.01029	0.01468	0.01207	0.00843	0.41126	0.01877	0.11043	0.01240	0.01265	0.00902	0.00549	0.00480	0.00130	0.00498	0.00423	0.00465	0.31144
3	0.05132	0.02658	0.01356	0.12630	0.01694	0.03580	0.00920	0.34214	0.04089	0.12020	0.01362	0.01650	0.01065	0.10617	0.04475	0.00237	0.00612	0.00510	0.00443	0.00735
4	0.01677	0.12650	0.01290	0.00856	0.01178	0.00909	0.00712	0.01951	0.05013	0.39820	0.25447	0.02336	0.02375	0.00760	0.00532	0.00158	0.00403	0.00630	0.00564	0.00740
5	0.01250	0.01171	0.01922	0.24821	0.50459	0.01252	0.01518	0.04716	0.04583	0.01709	0.01042	0.01365	0.00837	0.00505	0.00526	0.00163	0.00639	0.00477	0.00277	0.00769
6	0.00702	0.00556	0.00747	0.12325	0.01178	0.00549	0.00614	0.00857	0.01111	0.01444	0.10634	0.44247	0.20356	0.01361	0.00637	0.00196	0.00350	0.01208	0.00462	0.00463
7	0.80810	0.01016	0.00801	0.00708	0.01040	0.01164	0.00583	0.01608	0.00932	0.06367	0.00807	0.00908	0.00611	0.00499	0.00338	0.00164	0.00411	0.00299	0.00344	0.00590
8	0.01648	0.18839	0.01807	0.16637	0.04222	0.41750	0.01101	0.05435	0.01362	0.01406	0.00851	0.01046	0.00700	0.00524	0.00462	0.00141	0.00796	0.00364	0.00267	0.00642
9	0.33893	0.01075	0.01149	0.00957	0.01249	0.04580	0.02615	0.03964	0.03429	0.24479	0.01240	0.01365	0.00921	0.04433	0.00731	0.00189	0.12201	0.00432	0.00417	0.00680
10	0.01002	0.00558	0.00581	0.00535	0.00709	0.00524	0.00407	0.01246	0.01107	0.01935	0.01609	0.01843	0.01271	0.00583	0.00373	0.00117	0.00268	0.00466	0.72036	0.12830
11	0.01145	0.01226	0.03955	0.11577	0.11113	0.01137	0.39306	0.01510	0.01186	0.01635	0.01328	0.03504	0.05535	0.00536	0.00565	0.00162	0.00710	0.00588	0.00287	0.12995

[dist]
# distance from previous block
# <min> <max>
0	3

[block]
# block no. 2 follows, 46 sequences, length 202
# corresponding to MSA columns:
# 240-301,311-450
name=unknown_C
#
# <colnr> <probs for GDERKNQSTAVLIFYWHMCP>
#	G	D	E	R	K	N	Q	S	T	A	V	L	I	F	Y	W	H	M	C	P
0	0.60612	0.01129	0.00988	0.04120	0.01264	0.03039	0.00704	0.15849	0.01240	0.04274	0.00895	0.01002	0.00672	0.00527	0.00383	0.00162	0.00465	0.00340	0.01690	0.00643
1	0.02025	0.01457	0.01572	0.01205	0.01627	0.01604	0.00995	0.73289	0.02445	0.06460	0.01303	0.01291	0.00916	0.00635	0.00529	0.00159	0.00576	0.00478	0.00534	0.00899
2	0.01192	0.01170	0.01618	0.01381	0.01398	0.01620	0.01150	0.04398	0.00879	0.01358	0.00718	0.01161	0.00702	0.00913	0.01685	0.00228	0.77129	0.00463	0.00244	0.00592
3	0.00730	0.00577	0.00646	0.00614	0.00782	0.00516	0.00465	0.03998	0.01372	0.01776	0.33374	0.04486	0.46347	0.01209	0.00620	0.00173	0.00274	0.01027	0.00528	0.00486
4	0.00907	0.00627	0.00720	0.00699	0.00782	0.00639	0.00484	0.07706	0.02558	0.01467	0.06424	0.03606	0.05295	0.48845	0.01844	0.00381	0.00473	0.11232	0.04880	0.00431
5	0.81656	0.01019	0.00790	0.00699	0.01032	0.01166	0.00575	0.01545	0.00908	0.02345	0.00745	0.00869	0.00581	0.00487	0.00330	0.00160	0.00408	0.00287	0.00327	0.04072
6	0.01702	0.19495	0.03883	0.03298	0.04709	0.45981	0.01046	0.04092	0.01353	0.01390	0.00826	0.00986	0.00698	0.00535	0.00509	0.00137	0.04603	0.00347	0.00267	0.04145
7	0.01383	0.01166	0.01235	0.01079	0.01399	0.01326	0.00847	0.10956	0.65668	0.02316	0.02003	0.01857	0.01499	0.00694	0.00531	0.00173	0.00435	0.00572	0.00528	0.04332
8	0.01115	0.04384	0.66734	0.01514	0.02242	0.01258	0.07111	0.04768	0.01189	0.01744	0.02569	0.01197	0.00779	0.00515	0.00511	0.00167	0.00765	0.00420	0.00247	0.00773
9	0.00706	0.00509	0.00658	0.00753	0.00808	0.00485	0.00516	0.03895	0.01091	0.01452	0.04259	0.73011	0.05421	0.01591	0.00667	0.00211	0.00319	0.02702	0.00494	0.00452
10	0.81665	0.01027	0.00794	0.00711	0.01037	0.01191	0.00584	0.01606	0.04074	0.02365	0.00795	0.00905	0.00616	0.00500	0.00336	0.00164	0.00409	0.00299	0.00336	0.00584
11	0.01287	0.39399	0.32199	0.01218	0.03308	0.04657	0.01329	0.02984	0.01130	0.01482	0.00844	0.00992	0.00687	0.00488	0.00452	0.00138	0.02613	0.00340	0.00237	0.04216
12	0.14507	0.03219	0.01489	0.17546	0.03348	0.24562	0.02605	0.09732	0.04460	0.01742	0.00924	0.01150	0.00738	0.00595	0.00639	0.00166	0.11221	0.00407	0.00305	0.00644
13	0.00990	0.00511	0.00518	0.00505	0.00642	0.00502	0.00380	0.01236	0.01108	0.01961	0.01692	0.01935	0.01331	0.00607	0.00370	0.00121	0.00252	0.00485	0.80858	0.03996
14	0.00833	0.00769	0.04906	0.00735	0.00959	0.00656	0.00606	0.02885	0.10798	0.01836	0.29300	0.03864	0.32511	0.01075	0.00598	0.00171	0.00325	0.02620	0.00507	0.04047
15	0.00724	0.00528	0.00670	0.00723	0.00804	0.00497	0.00507	0.03947	0.01203	0.01620	0.20662	0.53501	0.09728	0.01453	0.00653	0.00198	0.00302	0.01300	0.00514	0.00467
16	0.00957	0.00711	0.01075	0.01066	0.01223	0.00718	0.07266	0.02885	0.01212	0.04783	0.02513	0.16723	0.02698	0.01328	0.00743	0.00228	0.03958	0.48920	0.00465	0.00528
17	0.01410	0.01255	0.01242	0.01106	0.01409	0.07119	0.00865	0.08805	0.63564	0.02221	0.01995	0.01933	0.01519	0.00715	0.00537	0.00176	0.00473	0.02323	0.00516	0.00817
18	0.85155	0.01022	0.00777	0.00695	0.01022	0.01186	0.00573	0.01554	0.00900	0.02372	0.00736	0.00859	0.00573	0.00491	0.00327	0.00164	0.00409	0.00286	0.00327	0.00573
19	0.02372	0.00900	0.01227	0.00941	0.01350	0.00777	0.00777	0.02576	0.01513	0.78489	0.02086	0.01799	0.01309	0.00654	0.00532	0.00164	0.00450	0.00532	0.00654	0.00900
20	0.00705	0.00539	0.00646	0.00619	0.00763	0.00480	0.00465	0.00913	0.01394	0.01876	0.52293	0.04350	0.30692	0.01172	0.00624	0.00171	0.00256	0.01012	0.00550	0.00480
21	0.00718	0.00527	0.00673	0.00663	0.00778	0.00482	0.00487	0.00930	0.01387	0.01921	0.57942	0.16499	0.12623	0.01201	0.00632	0.00175	0.00261	0.01061	0.00557	0.00482
22	0.85155	0.01022	0.00777	0.00695	0.01022	0.01186	0.00573	0.01554	0.00900	0.02372	0.00736	0.00859	0.00573	0.00491	0.00327	0.00164	0.00409	0.00286	0.00327	0.00573
23	0.01709	0.46717	0.07763	0.00981	0.01443	0.01614	0.00951	0.07252	0.01306	0.23884	0.01182	0.01174	0.00877	0.00528	0.00421	0.00135	0.00549	0.00377	0.00372	0.00766
24	0.01383	0.64490	0.16038	0.01021	0.01527	0.03682	0.01089	0.01630	0.01100	0.02817	0.00801	0.00916	0.00689	0.00467	0.00375	0.00124	0.00610	0.00308	0.00235	0.00699
25	0.00650	0.00486	0.00611	0.00694	0.00764	0.00451	0.00479	0.00757	0.01042	0.01353	0.03359	0.56115	0.20840	0.03167	0.06354	0.00257	0.00381	0.01331	0.00473	0.00434
26	0.01131	0.00939	0.01100	0.00787	0.01255	0.00707	0.00630	0.01365	0.01108	0.03799	0.00971	0.01115	0.00797	0.00399	0.00395	0.00081	0.00393	0.00319	0.00322	0.82387
27	0.85155	0.01022	0.00777	0.00695	0.01022	0.01186	0.00573	0.01554	0.00900	0.02372	0.00736	0.00859	0.00573	0.00491	0.00327	0.00164	0.00409	0.00286	0.00327	0.00573
28	0.01129	0.01047	0.01746	0.32434	0.07771	0.01210	0.13875	0.06289	0.01146	0.01590	0.01072	0.02843	0.00877	0.00823	0.05755	0.00222	0.12704	0.00521	0.06318	0.00628
29	0.01302	0.01124	0.01183	0.01066	0.01362	0.01299	0.00829	0.02770	0.75735	0.02197	0.02212	0.02031	0.03053	0.00729	0.00540	0.00179	0.00416	0.00607	0.00537	0.00829
30	0.00772	0.00575	0.00702	0.00702	0.02560	0.00523	0.00509	0.00995	0.02749	0.03703	0.42585	0.05611	0.28998	0.03763	0.00689	0.00185	0.00289	0.03060	0.00532	0.00498
31	0.00636	0.00528	0.00553	0.00562	0.00720	0.00449	0.00413	0.00769	0.01192	0.01448	0.08805	0.12062	0.65489	0.03161	0.00676	0.00189	0.00276	0.01136	0.00492	0.00445
32	0.85155	0.01022	0.00777	0.00695	0.01022	0.01186	0.00573	0.01554	0.00900	0.02372	0.00736	0.00859	0.00573	0.00491	0.00327	0.00164	0.00409	0.00286	0.00327	0.00573
33	0.05443	0.03153	0.13566	0.09490	0.01528	0.08205	0.00941	0.15023	0.01378	0.02043	0.01277	0.01471	0.00976	0.00575	0.00444	0.00145	0.00523	0.00442	0.32734	0.00642
34	0.01909	0.02410	0.01508	0.01364	0.01614	0.73047	0.01032	0.02043	0.01443	0.01292	0.00807	0.00970	0.00682	0.00575	0.00578	0.00144	0.07352	0.00350	0.00269	0.00610
35	0.01975	0.02520	0.01498	0.01362	0.01634	0.79299	0.01021	0.02111	0.01498	0.01294	0.00817	0.00953	0.00681	0.00545	0.00477	0.00136	0.00953	0.00340	0.00272	0.00613
36	0.00861	0.00673	0.00796	0.02727	0.03247	0.00650	0.00578	0.03080	0.10537	0.03711	0.30736	0.05328	0.32879	0.01096	0.00605	0.00173	0.00314	0.00937	0.00521	0.00550
37	0.00643	0.00533	0.00544	0.00543	0.00701	0.00455	0.00395	0.00765	0.01165	0.01401	0.06676	0.04885	0.67973	0.09982	0.00848	0.00214	0.00294	0.01074	0.00475	0.00434
38	0.85155	0.01022	0.00777	0.00695	0.01022	0.01186	0.00573	0.01554	0.00900	0.02372	0.00736	0.00859	0.00573	0.00491	0.00327	0.00164	0.00409	0.00286	0.00327	0.00573
39	0.01121	0.01115	0.01449	0.01272	0.01309	0.06166	0.01043	0.01254	0.00860	0.01264	0.00855	0.01339	0.00826	0.01547	0.18123	0.00357	0.58821	0.00477	0.00245	0.00558
40	0.01109	0.01086	0.01527	0.01323	0.01335	0.01504	0.01097	0.01233	0.00814	0.01267	0.00780	0.01267	0.00769	0.01289	0.11029	0.00305	0.70986	0.00475	0.00238	0.00566
41	0.02361	0.00917	0.01238	0.00949	0.01358	0.00803	0.00784	0.04804	0.01542	0.76220	0.02061	0.01783	0.01296	0.00654	0.00532	0.00163	0.00454	0.00530	0.00651	0.00900
42	0.00793	0.00559	0.00723	0.00676	0.00811	0.00518	0.00509	0.01060	0.02792	0.03857	0.73284	0.03890	0.06377	0.01070	0.00620	0.00167	0.00257	0.00944	0.00581	0.00513
43	0.00724	0.00539	0.00673	0.00639	0.00775	0.00488	0.00480	0.00950	0.01439	0.01983	0.63485	0.04175	0.19433	0.01132	0.00624	0.00169	0.00253	0.00988	0.00564	0.00488
44	0.85155	0.01022	0.00777	0.00695	0.01022	0.01186	0.00573	0.01554	0.00900	0.02372	0.00736	0.00859	0.00573	0.00491	0.00327	0.00164	0.00409	0.00286	0.00327	0.00573
45	0.00866	0.00582	0.00730	0.00678	0.00834	0.00531	0.00513	0.02643	0.01449	0.07492	0.55464	0.07195	0.16795	0.01108	0.00617	0.00170	0.00276	0.00965	0.00567	0.00524
46	0.01275	0.01222	0.02085	0.11647	0.69986	0.01247	0.01606	0.01593	0.01188	0.01686	0.00988	0.01319	0.00823	0.00477	0.00524	0.00159	0.00636	0.00471	0.00259	0.00810
47	0.01081	0.00535	0.00555	0.00532	0.00676	0.00532	0.00405	0.02871	0.01159	0.06088	0.01734	0.01947	0.01343	0.00618	0.00382	0.00126	0.00264	0.00494	0.78135	0.00523
48	0.01248	0.01426	0.03119	0.02228	0.02763	0.01337	0.76203	0.01693	0.01248	0.01693	0.01070	0.01426	0.00802	0.00446	0.00624	0.00178	0.00891	0.00624	0.00267	0.00713
49	0.01413	0.81739	0.02770	0.00905	0.01357	0.02092	0.00905	0.01583	0.01074	0.01244	0.00735	0.00848	0.00678	0.00452	0.00339	0.00113	0.00565	0.00283	0.00226	0.00678
50	0.00732	0.00523	0.00715	0.00837	0.00906	0.00505	0.00644	0.00888	0.01099	0.01448	0.02865	0.49213	0.03304	0.01573	0.00698	0.00227	0.00383	0.32496	0.00489	0.00454
51	0.01308	0.01256	0.02146	0.03245	0.78123	0.01256	0.01622	0.01622	0.01204	0.01727	0.00994	0.01308	0.00837	0.00471	0.00523	0.00157	0.00628	0.00471	0.00262	0.00837
52	0.00765	0.00581	0.00869	0.00863	0.00955	0.00685	0.00673	0.00952	0.00849	0.01228	0.01398	0.02054	0.01306	0.03888	0.77374	0.00834	0.03404	0.00564	0.00282	0.00475
53	0.01301	0.01301	0.04457	0.03192	0.75833	0.01255	0.01632	0.01624	0.01201	0.01726	0.00993	0.01303	0.00832	0.00472	0.00523	0.00157	0.00633	0.00469	0.00261	0.00836
54	0.01290	0.05280	0.05418	0.00988	0.01341	0.02270	0.02840	0.12988	0.08548	0.06076	0.03100	0.07791	0.01290	0.06459	0.01996	0.00179	0.04351	0.00541	0.00391	0.26863
55	0.75447	0.01123	0.06375	0.00753	0.01101	0.01158	0.00668	0.01531	0.00923	0.02283	0.02339	0.00958	0.00678	0.00534	0.00386	0.02097	0.00434	0.00311	0.00323	0.00578
56	0.01495	0.67843	0.02540	0.00978	0.01399	0.13675	0.00920	0.01693	0.03018	0.01275	0.00782	0.00892	0.00702	0.00473	0.00365	0.00118	0.00620	0.00299	0.00241	0.00672
57	0.02878	0.08552	0.67234	0.01484	0.04460	0.01282	0.01808	0.01684	0.01120	0.03447	0.00956	0.01112	0.00688	0.00501	0.00488	0.00163	0.00745	0.00386	0.00237	0.00774
58	0.01009	0.00516	0.00518	0.00510	0.00640	0.00520	0.00384	0.02994	0.01141	0.02003	0.01714	0.01954	0.01344	0.00616	0.00373	0.00124	0.00254	0.00492	0.82389	0.00502
59	0.00768	0.00515	0.00588	0.00588	0.00592	0.00519	0.00335	0.00776	0.00772	0.01034	0.01655	0.03400	0.01896	0.78080	0.05996	0.00527	0.00551	0.00760	0.00319	0.00327
60	0.00650	0.00464	0.00618	0.00732	0.00768	0.00433	0.00491	0.00750	0.01038	0.01390	0.06844	0.77031	0.03575	0.01626	0.00672	0.00212	0.00304	0.01474	0.00496	0.00433
61	0.01178	0.19592	0.22582	0.02798	0.01670	0.03355	0.05723	0.01480	0.01040	0.01476	0.02645	0.01243	0.00855	0.00710	0.02662	0.00185	0.22727	0.00426	0.07000	0.00653
62	0.00664	0.00537	0.00589	0.00576	0.00738	0.00463	0.00432	0.00834	0.01297	0.01646	0.28142	0.04730	0.54986	0.01258	0.00624	0.00175	0.00262	0.01066	0.00520	0.00463
63	0.85155	0.01022	0.00777	0.00695	0.01022	0.01186	0.00573	0.01554	0.00900	0.02372	0.00736	0.00859	0.00573	0.00491	0.00327	0.00164	0.00409	0.00286	0.00327	0.00573
64	0.01589	0.43740	0.02186	0.05771	0.02921	0.27767	0.01000	0.04523	0.01262	0.01354	0.00798	0.00949	0.00692	0.00509	0.00449	0.00131	0.03117	0.00329	0.00254	0.00659
65	0.01931	0.06002	0.01601	0.01361	0.01653	0.71843	0.03050	0.03892	0.01497	0.01352	0.00831	0.00969	0.00689	0.00540	0.00476	0.00137	0.00925	0.00349	0.00276	0.00626
66	0.01975	0.02520	0.01498	0.01362	0.01634	0.79299	0.01021	0.02111	0.01498	0.01294	0.00817	0.00953	0.00681	0.00545	0.00477	0.00136	0.00953	0.00340	0.00272	0.00613
67	0.01210	0.36326	0.46406	0.01251	0.01892	0.01595	0.01507	0.01635	0.01098	0.01491	0.00858	0.01002	0.00673	0.00481	0.00433	0.00144	0.00689	0.00345	0.00224	0.00738
68	0.00631	0.00535	0.00541	0.00540	0.00713	0.00449	0.00402	0.00765	0.01202	0.01435	0.06979	0.05024	0.74477	0.03139	0.00671	0.00186	0.00273	0.01104	0.00489	0.00445
69	0.00998	0.00940	0.01586	0.80150	0.03641	0.01175	0.01468	0.01351	0.01057	0.01351	0.00940	0.01409	0.00705	0.00529	0.00529	0.00176	0.00705	0.00470	0.00235	0.00587
70	0.01060	0.02735	0.78682	0.01507	0.02288	0.01228	0.01953	0.01674	0.01116	0.01674	0.00949	0.01116	0.00670	0.00502	0.00502	0.00167	0.00781	0.00391	0.00223	0.00781
71	0.00913	0.00787	0.01104	0.01014	0.01057	0.01009	0.00798	0.01043	0.00821	0.01212	0.01176	0.01943	0.01175	0.15320	0.36803	0.00555	0.31952	0.00559	0.00269	0.00489
72	0.01275	0.00855	0.00951	0.00834	0.01072	0.00909	0.00652	0.11716	0.23648	0.08385	0.19046	0.02312	0.02189	0.00756	0.00510	0.00157	0.00358	0.00629	0.23063	0.00681
73	0.02010	0.01481	0.01587	0.01216	0.01639	0.01639	0.01005	0.76360	0.02486	0.03332	0.01269	0.01269	0.00899	0.00635	0.00529	0.00159	0.00582	0.00476	0.00529	0.00899
74	0.00631	0.00536	0.00545	0.00542	0.00718	0.00449	0.00407	0.00771	0.01221	0.01465	0.09241	0.05027	0.74000	0.01325	0.00625	0.00178	0.00267	0.01107	0.00496	0.00449
75	0.01157	0.01157	0.01619	0.01388	0.01388	0.01619	0.01157	0.01272	0.00810	0.01272	0.00694	0.01157	0.00694	0.00925	0.01735	0.00231	0.80453	0.00463	0.00231	0.00578
76	0.00998	0.00940	0.01586	0.80150	0.03641	0.01175	0.01468	0.01351	0.01057	0.01351	0.00940	0.01409	0.00705	0.00529	0.00529	0.00176	0.00705	0.00470	0.00235	0.00587
77	0.02010	0.01481	0.01587	0.01216	0.01639	0.01639	0.01005	0.76360	0.02486	0.03332	0.01269	0.01269	0.00899	0.00635	0.00529	0.00159	0.00582	0.00476	0.00529	0.00899
78	0.02010	0.01481	0.01587	0.01216	0.01639	0.01639	0.01005	0.76360	0.02486	0.03332	0.01269	0.01269	0.00899	0.00635	0.00529	0.00159	0.00582	0.00476	0.00529	0.00899
79	0.01331	0.01229	0.01967	0.04725	0.60923	0.01269	0.01482	0.07055	0.06304	0.01849	0.01151	0.01527	0.00971	0.00549	0.00562	0.00164	0.02500	0.03319	0.00306	0.00816
80	0.01750	0.01316	0.01437	0.01091	0.01523	0.01364	0.00894	0.52855	0.04200	0.04099	0.01219	0.01251	0.00895	0.00572	0.00492	0.00138	0.00524	0.00436	0.00473	0.23471
81	0.03558	0.03587	0.01349	0.04282	0.01481	0.08590	0.00877	0.40617	0.10347	0.02606	0.01369	0.01432	0.01021	0.00619	0.00486	0.00152	0.00537	0.00470	0.15854	0.00765
82	0.01359	0.71141	0.10934	0.00962	0.01438	0.01959	0.01003	0.01572	0.01071	0.01285	0.00782	0.00943	0.00709	0.02495	0.00416	0.00129	0.00587	0.00307	0.00228	0.00681
83	0.02683	0.01021	0.01594	0.22409	0.24225	0.01118	0.06346	0.03129	0.08889	0.01745	0.03569	0.01635	0.02322	0.00586	0.00562	0.00165	0.03888	0.00519	0.12917	0.00681
84	0.01315	0.01136	0.01195	0.01076	0.01375	0.01315	0.00837	0.02809	0.77168	0.02211	0.02152	0.01972	0.01614	0.00717	0.00538	0.00179	0.00418	0.00598	0.00538	0.00837
85	0.00783	0.00551	0.00703	0.00659	0.00798	0.00501	0.00496	0.01018	0.01464	0.04325	0.67410	0.04013	0.13096	0.01097	0.00621	0.00168	0.00257	0.00961	0.00574	0.00505
86	0.00629	0.00536	0.00541	0.00539	0.00716	0.00448	0.00405	0.00766	0.01214	0.01449	0.07544	0.05053	0.75707	0.01331	0.00625	0.00178	0.00267	0.01111	0.00494	0.00448
87	0.85155	0.01022	0.00777	0.00695	0.01022	0.01186	0.00573	0.01554	0.00900	0.02372	0.00736	0.00859	0.00573	0.00491	0.00327	0.00164	0.00409	0.00286	0.00327	0.00573
88	0.01491	0.62605	0.02473	0.01016	0.01406	0.15225	0.00942	0.01651	0.01128	0.01254	0.00746	0.00888	0.00680	0.00501	0.00460	0.00125	0.06208	0.00305	0.00234	0.00660
89	0.09741	0.04199	0.01484	0.03203	0.03211	0.62361	0.01007	0.01972	0.01378	0.01404	0.00808	0.00971	0.00675	0.00556	0.00529	0.00145	0.05127	0.00346	0.00273	0.00613
90	0.01975	0.02520	0.01498	0.01362	0.01634	0.79299	0.01021	0.02111	0.01498	0.01294	0.00817	0.00953	0.00681	0.00545	0.00477	0.00136	0.00953	0.00340	0.00272	0.00613
91	0.00654	0.00474	0.00633	0.00749	0.00779	0.00452	0.00504	0.00746	0.01008	0.01348	0.02871	0.79528	0.03442	0.01642	0.00695	0.00215	0.01860	0.01483	0.00486	0.00432
92	0.00638	0.00535	0.00545	0.00544	0.00710	0.00452	0.00402	0.00770	0.01195	0.01438	0.08413	0.04950	0.70575	0.05606	0.00735	0.00196	0.00280	0.01090	0.00486	0.00442
93	0.00852	0.00608	0.00852	0.00974	0.01095	0.00608	0.00852	0.01095	0.01217	0.01582	0.02799	0.05963	0.03042	0.01460	0.00730	0.00243	0.00487	0.74565	0.00487	0.00487
94	0.80732	0.01016	0.00801	0.00708	0.01040	0.01164	0.00583	0.01609	0.00932	0.06439	0.00808	0.00909	0.00612	0.00499	0.00338	0.00164	0.00411	0.00299	0.00345	0.00590
95	0.01997	0.01422	0.01541	0.01190	0.01605	0.01563	0.00980	0.67347	0.06409	0.08450	0.01373	0.01343	0.00965	0.00640	0.00530	0.00160	0.00564	0.00486	0.00538	0.00896
96	0.01086	0.00590	0.00600	0.00564	0.00717	0.00605	0.00432	0.08619	0.01244	0.02105	0.01680	0.01902	0.01310	0.00618	0.00385	0.00127	0.00279	0.00491	0.76113	0.00533
97	0.01157	0.01157	0.01619	0.01388	0.01388	0.01619	0.01157	0.01272	0.00810	0.01272	0.00694	0.01157	0.00694	0.00925	0.01735	0.00231	0.80453	0.00463	0.00231	0.00578
98	0.00637	0.00536	0.00553	0.00549	0.00722	0.00452	0.00411	0.00783	0.01234	0.01498	0.12687	0.04973	0.70534	0.01313	0.00625	0.00177	0.00266	0.01100	0.00500	0.00452
99	0.02372	0.00900	0.01227	0.00941	0.01350	0.00777	0.00777	0.02576	0.01513	0.78489	0.02086	0.01799	0.01309	0.00654	0.00532	0.00164	0.00450	0.00532	0.00654	0.00900
100	0.01157	0.01157	0.01619	0.01388	0.01388	0.01619	0.01157	0.01272	0.00810	0.01272	0.00694	0.01157	0.00694	0.00925	0.01735	0.00231	0.80453	0.00463	0.00231	0.00578
101	0.01413	0.81739	0.02770	0.00905	0.01357	0.02092	0.00905	0.01583	0.01074	0.01244	0.00735	0.00848	0.00678	0.00452	0.00339	0.00113	0.00565	0.00283	0.00226	0.00678
102	0.01006	0.00512	0.00514	0.00507	0.00636	0.00515	0.00382	0.02723	0.01136	0.01998	0.01716	0.01957	0.01346	0.00616	0.00373	0.00124	0.00253	0.00492	0.82692	0.00501
103	0.01315	0.01251	0.02091	0.04527	0.71630	0.01273	0.01578	0.03347	0.02817	0.01757	0.01017	0.01320	0.00849	0.00491	0.00552	0.00160	0.02451	0.00474	0.00272	0.00828
104	0.00664	0.00530	0.00595	0.00594	0.00742	0.00460	0.00440	0.00829	0.01274	0.01629	0.26999	0.12172	0.48622	0.01292	0.00629	0.00178	0.00266	0.01105	0.00518	0.00460
105	0.83649	0.01021	0.00791	0.02117	0.01069	0.01186	0.00589	0.01550	0.00903	0.02354	0.00740	0.00869	0.00575	0.00491	0.00331	0.00164	0.00414	0.00290	0.00326	0.00573
106	0.01861	0.16324	0.01737	0.01263	0.01580	0.53833	0.01002	0.11566	0.01534	0.01547	0.00858	0.00980	0.00709	0.00549	0.00489	0.00137	0.02722	0.00351	0.00296	0.00660
107	0.01785	0.02184	0.01520	0.07731	0.03829	0.61397	0.01076	0.03280	0.01402	0.01344	0.00843	0.01047	0.00707	0.00651	0.02364	0.00164	0.07417	0.00372	0.00271	0.00616
108	0.01925	0.02447	0.01463	0.01332	0.01600	0.76399	0.00999	0.02061	0.01487	0.01299	0.00984	0.01105	0.03521	0.00574	0.00482	0.00138	0.00928	0.00369	0.00280	0.00607
109	0.00625	0.00536	0.00536	0.00536	0.00714	0.00446	0.00402	0.00759	0.01205	0.01428	0.05355	0.05088	0.77909	0.01339	0.00625	0.00179	0.00268	0.01116	0.00491	0.00446
110	0.00739	0.00502	0.00583	0.00609	0.00620	0.00494	0.00358	0.00762	0.00830	0.01103	0.02017	0.19673	0.04128	0.62821	0.02220	0.00442	0.00464	0.00930	0.00360	0.00346
111	0.02372	0.00900	0.01227	0.00941	0.01350	0.00777	0.00777	0.02576	0.01513	0.78489	0.02086	0.01799	0.01309	0.00654	0.00532	0.00164	0.00450	0.00532	0.00654	0.00900
112	0.01975	0.02520	0.01498	0.01362	0.01634	0.79299	0.01021	0.02111	0.01498	0.01294	0.00817	0.00953	0.00681	0.00545	0.00477	0.00136	0.00953	0.00340	0.00272	0.00613
113	0.06412	0.02266	0.01467	0.01300	0.01598	0.62597	0.00992	0.12714	0.02986	0.01660	0.00902	0.01012	0.00723	0.00558	0.00477	0.00142	0.00861	0.00362	0.00317	0.00656
114	0.01315	0.01136	0.01195	0.01076	0.01375	0.01315	0.00837	0.02809	0.77168	0.02211	0.02152	0.01972	0.01614	0.00717	0.00538	0.00179	0.00418	0.00598	0.00538	0.00837
115	0.00644	0.00462	0.00612	0.00731	0.00766	0.00430	0.00489	0.00737	0.01017	0.01351	0.02972	0.79268	0.05267	0.01649	0.00674	0.00214	0.00306	0.01494	0.00491	0.00430
116	0.00675	0.00476	0.00614	0.00702	0.00734	0.00450	0.00461	0.00762	0.01006	0.01351	0.08458	0.61200	0.03329	0.15936	0.01033	0.00264	0.00339	0.01329	0.00467	0.00415
117	0.11857	0.00914	0.01175	0.00912	0.01312	0.00824	0.00754	0.02459	0.01443	0.69768	0.01931	0.01692	0.01224	0.00636	0.00508	0.00164	0.00445	0.00504	0.00617	0.00862
118	0.85155	0.01022	0.00777	0.00695	0.01022	0.01186	0.00573	0.01554	0.00900	0.02372	0.00736	0.00859	0.00573	0.00491	0.00327	0.00164	0.00409	0.00286	0.00327	0.00573
119	0.01157	0.01157	0.01619	0.01388	0.01388	0.01619	0.01157	0.01272	0.00810	0.01272	0.00694	0.01157	0.00694	0.00925	0.01735	0.00231	0.80453	0.00463	0.00231	0.00578
120	0.00745	0.00540	0.00702	0.00661	0.00788	0.00497	0.00496	0.00991	0.01488	0.02100	0.75801	0.03981	0.07043	0.01088	0.00624	0.00167	0.00250	0.00961	0.00579	0.00497
121	0.00772	0.00768	0.08133	0.00742	0.00941	0.00587	0.00633	0.01076	0.04369	0.01913	0.50283	0.08111	0.17486	0.01090	0.00612	0.00172	0.00313	0.00947	0.00524	0.00526
122	0.00767	0.00546	0.00703	0.00660	0.00794	0.00500	0.00496	0.01007	0.01475	0.03412	0.71000	0.03998	0.10467	0.01093	0.00622	0.00167	0.00254	0.00961	0.00576	0.00502
123	0.05554	0.02643	0.74519	0.01463	0.02220	0.01226	0.01879	0.01668	0.01105	0.01711	0.00937	0.01102	0.00664	0.00502	0.00493	0.00167	0.00761	0.00385	0.00229	0.00770
124	0.01413	0.81739	0.02770	0.00905	0.01357	0.02092	0.00905	0.01583	0.01074	0.01244	0.00735	0.00848	0.00678	0.00452	0.00339	0.00113	0.00565	0.00283	0.00226	0.00678
125	0.00914	0.00719	0.00889	0.00859	0.00966	0.05106	0.00666	0.02905	0.00955	0.01380	0.01376	0.01945	0.01248	0.04622	0.54043	0.02359	0.05775	0.00537	0.12247	0.00491
126	0.01471	0.00891	0.01049	0.00898	0.01187	0.00904	0.00709	0.04967	0.27743	0.25239	0.18115	0.02630	0.10217	0.00836	0.00563	0.00171	0.00383	0.00702	0.00577	0.00747
127	0.01150	0.01147	0.01618	0.04835	0.01487	0.01600	0.01170	0.01276	0.00820	0.01276	0.00705	0.01168	0.00694	0.00908	0.01682	0.00229	0.76963	0.00463	0.00231	0.00579
128	0.01315	0.01136	0.01195	0.01076	0.01375	0.01315	0.00837	0.02809	0.77168	0.02211	0.02152	0.01972	0.01614	0.00717	0.00538	0.00179	0.00418	0.00598	0.00538	0.00837
129	0.23597	0.00931	0.01112	0.00878	0.01266	0.00882	0.00725	0.02314	0.01356	0.58973	0.01740	0.01558	0.01120	0.00612	0.00479	0.00164	0.00439	0.00469	0.00570	0.00816
130	0.85155	0.01022	0.00777	0.00695	0.01022	0.01186	0.00573	0.01554	0.00900	0.02372	0.00736	0.00859	0.00573	0.00491	0.00327	0.00164	0.00409	0.00286	0.00327	0.00573
131	0.16561	0.00928	0.01149	0.00902	0.01294	0.00863	0.00744	0.02408	0.03669	0.63133	0.01856	0.01643	0.01191	0.00628	0.00497	0.00164	0.00442	0.00491	0.00595	0.00842
132	0.00928	0.00747	0.00830	0.00762	0.00966	0.00759	0.00585	0.05623	0.21201	0.01994	0.30969	0.03642	0.26847	0.01042	0.00596	0.00173	0.00318	0.00886	0.00539	0.00593
133	0.05360	0.00602	0.00748	0.00690	0.00847	0.00572	0.00525	0.01158	0.03506	0.06324	0.65806	0.03639	0.06169	0.01022	0.00600	0.00167	0.00274	0.00891	0.00569	0.00533
134	0.00727	0.00540	0.00677	0.00642	0.00777	0.00490	0.00482	0.00956	0.01445	0.01999	0.65134	0.04149	0.17775	0.01126	0.00624	0.00168	0.00253	0.00984	0.00566	0.00490
135	0.01157	0.01157	0.01619	0.01388	0.01388	0.01619	0.01157	0.01272	0.00810	0.01272	0.00694	0.01157	0.00694	0.00925	0.01735	0.00231	0.80453	0.00463	0.00231	0.00578
136	0.01248	0.01426	0.03119	0.02228	0.02763	0.01337	0.76203	0.01693	0.01248	0.01693	0.01070	0.01426	0.00802	0.00446	0.00624	0.00178	0.00891	0.00624	0.00267	0.00713
137	0.00768	0.00514	0.00584	0.00584	0.00587	0.00517	0.00330	0.00774	0.00771	0.01031	0.01659	0.03421	0.01905	0.79238	0.04851	0.00522	0.00538	0.00763	0.00319	0.00325
138	0.00985	0.00493	0.00493	0.00493	0.00616	0.00493	0.00370	0.01232	0.01109	0.01971	0.01725	0.01971	0.01355	0.00616	0.00370	0.00123	0.00246	0.00493	0.84356	0.00493
139	0.01132	0.01110	0.01606	0.09454	0.01632	0.01503	0.03268	0.02605	0.00883	0.01328	0.00812	0.02738	0.00781	0.01007	0.04797	0.00249	0.63776	0.00492	0.00245	0.00581
140	0.00643	0.00527	0.00567	0.00577	0.00730	0.00451	0.00425	0.00787	0.01219	0.01507	0.14375	0.14375	0.59293	0.01345	0.00631	0.00181	0.00270	0.01143	0.00503	0.00451
141	0.80681	0.05335	0.00884	0.00706	0.01040	0.01234	0.00590	0.01556	0.00909	0.02312	0.00736	0.00858	0.00578	0.00489	0.00328	0.00161	0.00417	0.00286	0.00322	0.00578
142	0.02010	0.01481	0.01587	0.01216	0.01639	0.01639	0.01005	0.76360	0.02486	0.03332	0.01269	0.01269	0.00899	0.00635	0.00529	0.00159	0.00582	0.00476	0.00529	0.00899
143	0.00793	0.00575	0.00731	0.00714	0.00741	0.00636	0.00479	0.00856	0.00795	0.01101	0.01523	0.02895	0.01660	0.53364	0.24554	0.00588	0.06620	0.00688	0.00303	0.00383
144	0.02014	0.01351	0.01484	0.01143	0.01550	0.01461	0.00942	0.62206	0.02281	0.14109	0.01408	0.01378	0.00979	0.00637	0.00522	0.00158	0.00547	0.00485	0.04465	0.00880
145	0.00769	0.00513	0.00577	0.00577	0.00577	0.00513	0.00320	0.00769	0.00769	0.01025	0.01666	0.03460	0.01922	0.81421	0.02691	0.00513	0.00513	0.00769	0.00320	0.00320
146	0.00677	0.00520	0.00588	0.00618	0.00750	0.00452	0.00445	0.00808	0.01173	0.03065	0.10161	0.28993	0.47067	0.01405	0.00639	0.00189	0.00282	0.01214	0.00501	0.00454
147	0.75747	0.01026	0.00839	0.00731	0.01068	0.01166	0.00603	0.03898	0.00999	0.08743	0.00865	0.00950	0.00644	0.00509	0.00350	0.00163	0.00418	0.00312	0.00361	0.00610
148	0.78258	0.01012	0.00814	0.00716	0.01050	0.01152	0.00590	0.01639	0.00951	0.08714	0.00849	0.00937	0.00634	0.00504	0.00344	0.00164	0.00412	0.00307	0.00354	0.00600
149	0.85155	0.01022	0.00777	0.00695	0.01022	0.01186	0.00573	0.01554	0.00900	0.02372	0.00736	0.00859	0.00573	0.00491	0.00327	0.00164	0.00409	0.00286	0.00327	0.00573
150	0.02037	0.01436	0.01559	0.01195	0.01617	0.01574	0.00987	0.70727	0.02411	0.09070	0.01332	0.01310	0.00930	0.00636	0.00529	0.00159	0.00572	0.00480	0.00538	0.00899
151	0.00842	0.00566	0.00749	0.00712	0.00851	0.00525	0.00551	0.01089	0.01467	0.05961	0.65963	0.04054	0.04593	0.01100	0.00630	0.00174	0.00285	0.08795	0.00575	0.00518
152	0.00722	0.00536	0.00673	0.00646	0.00776	0.00487	0.00482	0.00944	0.01424	0.01965	0.61845	0.07670	0.17571	0.01152	0.00626	0.00171	0.00255	0.01009	0.00562	0.00487
153	0.01929	0.01270	0.01414	0.01122	0.01512	0.01370	0.00914	0.42601	0.19696	0.19974	0.01659	0.01553	0.01158	0.00658	0.00532	0.00165	0.00514	0.00517	0.00559	0.00885
154	0.01236	0.01397	0.03017	0.06412	0.04357	0.01327	0.70679	0.01674	0.01237	0.01676	0.01061	0.01423	0.00798	0.00451	0.00617	0.00178	0.00876	0.00613	0.00266	0.00709
155	0.01413	0.81739	0.02770	0.00905	0.01357	0.02092	0.00905	0.01583	0.01074	0.01244	0.00735	0.00848	0.00678	0.00452	0.00339	0.00113	0.00565	0.00283	0.00226	0.00678
156	0.00745	0.00540	0.00703	0.00662	0.00788	0.00498	0.00497	0.00992	0.01490	0.02104	0.76120	0.03976	0.06723	0.01087	0.00624	0.00167	0.00250	0.00960	0.00580	0.00498
157	0.01096	0.00940	0.01096	0.00783	0.01253	0.00705	0.00626	0.01331	0.01096	0.01723	0.00940	0.01096	0.00783	0.00392	0.00392	0.00078	0.00392	0.00313	0.00313	0.84653
158	0.01221	0.01157	0.01963	0.18745	0.58878	0.01205	0.01550	0.01539	0.01175	0.01643	0.01080	0.01578	0.00928	0.00536	0.00535	0.00166	0.00636	0.04430	0.00268	0.00768
159	0.00756	0.00563	0.00835	0.00835	0.00924	0.00653	0.00642	0.00934	0.00845	0.01216	0.01430	0.02153	0.01355	0.08243	0.75093	0.00831	0.01366	0.00578	0.00285	0.00464
160	0.01006	0.00708	0.00893	0.00921	0.01100	0.00715	0.00775	0.03078	0.11827	0.06630	0.06185	0.04836	0.12502	0.01255	0.00668	0.00216	0.00438	0.45172	0.00510	0.00566
161	0.00830	0.00597	0.00823	0.00939	0.01059	0.00591	0.00810	0.01060	0.01206	0.01562	0.02937	0.09719	0.06949	0.01464	0.00722	0.00239	0.00466	0.67058	0.00487	0.00482
162	0.00748	0.00540	0.00707	0.00665	0.00790	0.00499	0.00499	0.00998	0.01496	0.02120	0.77844	0.03949	0.04988	0.01081	0.00624	0.00166	0.00249	0.00956	0.00582	0.00499
163	0.04573	0.01153	0.01341	0.01048	0.01444	0.01184	0.00860	0.32932	0.08395	0.36873	0.01706	0.01572	0.01145	0.00646	0.00521	0.00162	0.00495	0.00506	0.02568	0.00875
164	0.85155	0.01022	0.00777	0.00695	0.01022	0.01186	0.00573	0.01554	0.00900	0.02372	0.00736	0.00859	0.00573	0.00491	0.00327	0.00164	0.00409	0.00286	0.00327	0.00573
165	0.01271	0.34187	0.42504	0.01256	0.01867	0.07582	0.01464	0.01671	0.01129	0.01473	0.00853	0.00997	0.00674	0.00486	0.00435	0.00143	0.00709	0.00344	0.00228	0.00727
166	0.00998	0.00940	0.01586	0.80150	0.03641	0.01175	0.01468	0.01351	0.01057	0.01351	0.00940	0.01409	0.00705	0.00529	0.00529	0.00176	0.00705	0.00470	0.00235	0.00587
167	0.02334	0.00901	0.01223	0.00936	0.01347	0.00775	0.00772	0.02539	0.01501	0.76195	0.02051	0.01778	0.01293	0.00646	0.00527	0.00161	0.00448	0.00525	0.00644	0.03403
168	0.03056	0.02588	0.71810	0.01500	0.02245	0.01215	0.05096	0.01657	0.01125	0.01702	0.02683	0.01187	0.00771	0.00513	0.00506	0.00168	0.00765	0.00411	0.00236	0.00767
169	0.00644	0.00462	0.00612	0.00732	0.00766	0.00430	0.00489	0.00737	0.01017	0.01351	0.02969	0.79359	0.05178	0.01649	0.00674	0.00214	0.00306	0.01494	0.00491	0.00430
170	0.01001	0.00933	0.01560	0.76725	0.03525	0.01166	0.01435	0.01346	0.01054	0.01364	0.00954	0.01418	0.00720	0.00538	0.00547	0.00176	0.02190	0.00470	0.02292	0.00585
171	0.85155	0.01022	0.00777	0.00695	0.01022	0.01186	0.00573	0.01554	0.00900	0.02372	0.00736	0.00859	0.00573	0.00491	0.00327	0.00164	0.00409	0.00286	0.00327	0.00573
172	0.00644	0.00460	0.00613	0.00736	0.00767	0.00429	0.00491	0.00736	0.01012	0.01350	0.02914	0.81076	0.03497	0.01656	0.00675	0.00215	0.00307	0.01503	0.00491	0.00429
173	0.01975	0.02520	0.01498	0.01362	0.01634	0.79299	0.01021	0.02111	0.01498	0.01294	0.00817	0.00953	0.00681	0.00545	0.00477	0.00136	0.00953	0.00340	0.00272	0.00613
174	0.00659	0.00468	0.00607	0.00713	0.00743	0.00440	0.00468	0.00741	0.00987	0.01312	0.02813	0.70165	0.04828	0.11266	0.00917	0.00250	0.00331	0.01406	0.00470	0.00417
175	0.01028	0.02510	0.70720	0.01421	0.02135	0.01153	0.01805	0.01605	0.01155	0.01720	0.08800	0.01405	0.01111	0.00561	0.00515	0.00167	0.00727	0.00448	0.00260	0.00752
176	0.85155	0.01022	0.00777	0.00695	0.01022	0.01186	0.00573	0.01554	0.00900	0.02372	0.00736	0.00859	0.00573	0.00491	0.00327	0.00164	0.00409	0.00286	0.00327	0.00573
177	0.00655	0.00468	0.00626	0.00749	0.00784	0.00439	0.00510	0.00755	0.01023	0.01362	0.02908	0.77063	0.03472	0.01646	0.00678	0.00216	0.00316	0.05407	0.00491	0.00432
178	0.01077	0.00987	0.01648	0.66143	0.09228	0.01183	0.03690	0.01482	0.04772	0.03242	0.01033	0.01439	0.00776	0.00534	0.00532	0.00175	0.00685	0.00482	0.00262	0.00630
179	0.00998	0.00940	0.01586	0.80150	0.03641	0.01175	0.01468	0.01351	0.01057	0.01351	0.00940	0.01409	0.00705	0.00529	0.00529	0.00176	0.00705	0.00470	0.00235	0.00587
180	0.02933	0.01486	0.01403	0.20191	0.01913	0.28303	0.01069	0.02737	0.01172	0.01415	0.01012	0.05483	0.00899	0.00698	0.00790	0.00173	0.19822	0.00477	0.07442	0.00582
181	0.85155	0.01022	0.00777	0.00695	0.01022	0.01186	0.00573	0.01554	0.00900	0.02372	0.00736	0.00859	0.00573	0.00491	0.00327	0.00164	0.00409	0.00286	0.00327	0.00573
182	0.00769	0.00513	0.00577	0.00577	0.00577	0.00513	0.00320	0.00769	0.00769	0.01025	0.01666	0.03460	0.01922	0.81421	0.02691	0.00513	0.00513	0.00769	0.00320	0.00320
183	0.01772	0.01387	0.01484	0.01190	0.01569	0.03272	0.02318	0.50862	0.23980	0.02900	0.01537	0.02763	0.01141	0.00670	0.00534	0.00165	0.00544	0.00527	0.00520	0.00864
184	0.03438	0.22472	0.01527	0.00924	0.01246	0.04975	0.00789	0.10860	0.06715	0.14618	0.15128	0.02299	0.05454	0.00766	0.00510	0.00157	0.00477	0.06499	0.00457	0.00690
185	0.01257	0.01252	0.12171	0.01229	0.02996	0.01077	0.09726	0.09687	0.22506	0.07159	0.07144	0.13237	0.01822	0.00821	0.00572	0.00179	0.00522	0.03711	0.00454	0.02477
186	0.01065	0.02705	0.76952	0.01523	0.02299	0.01230	0.03653	0.01675	0.01119	0.01675	0.00951	0.01123	0.00673	0.00501	0.00505	0.00168	0.00784	0.00396	0.00224	0.00780
187	0.00677	0.00541	0.00611	0.00616	0.00770	0.00474	0.00471	0.00849	0.01272	0.01613	0.23195	0.07534	0.50091	0.01297	0.00636	0.00183	0.00285	0.07910	0.00513	0.00463
188	0.01134	0.01133	0.03634	0.38612	0.32392	0.02566	0.04883	0.01468	0.01141	0.01529	0.01153	0.01603	0.03138	0.00554	0.00538	0.00170	0.00670	0.02730	0.00262	0.00688
189	0.12630	0.01376	0.01410	0.04449	0.03882	0.06452	0.00952	0.48747	0.03698	0.02794	0.01250	0.01440	0.00956	0.00636	0.00501	0.00161	0.00569	0.03509	0.03799	0.00789
190	0.00671	0.00486	0.00640	0.00753	0.00808	0.00455	0.00533	0.00787	0.01055	0.01387	0.03084	0.64999	0.09091	0.01605	0.00679	0.00216	0.00328	0.11493	0.00490	0.00439
191	0.01013	0.00955	0.01613	0.76459	0.07216	0.01178	0.01476	0.01364	0.01064	0.01369	0.00942	0.01405	0.00711	0.00526	0.00528	0.00175	0.00701	0.00470	0.00236	0.00599
192	0.01559	0.01044	0.01459	0.15612	0.17278	0.01098	0.01091	0.06148	0.18260	0.23466	0.01735	0.01868	0.03086	0.00653	0.00540	0.00171	0.00529	0.03155	0.00457	0.00791
193	0.02372	0.00900	0.01227	0.00941	0.01350	0.00777	0.00777	0.02576	0.01513	0.78489	0.02086	0.01799	0.01309	0.00654	0.00532	0.00164	0.00450	0.00532	0.00654	0.00900
194	0.00755	0.00566	0.00850	0.00850	0.00944	0.00661	0.00661	0.00944	0.00850	0.01227	0.01416	0.02077	0.01322	0.03965	0.79326	0.00850	0.01416	0.00566	0.00283	0.00472
195	0.01075	0.01082	0.02025	0.56729	0.05104	0.01222	0.22244	0.01452	0.01113	0.01455	0.00977	0.01412	0.00735	0.00504	0.00555	0.00176	0.00755	0.00513	0.00245	0.00628
