[name]
unknown

[dist]
# distance from previous block
# <min> <max>
7	499

[block]
# block no. 0 follows, 48 sequences, length 22
# corresponding to MSA columns:
# 552-573
name=unknown_A
#
# <colnr> <probs for GDERKNQSTAVLIFYWHMCP>
#	G	D	E	R	K	N	Q	S	T	A	V	L	I	F	Y	W	H	M	C	P
0	0.26889	0.05295	0.02882	0.05286	0.05272	0.05643	0.00836	0.18715	0.01351	0.03327	0.04896	0.04646	0.05387	0.00658	0.00521	0.00160	0.05143	0.00484	0.01966	0.00642
1	0.04321	0.06370	0.02375	0.02338	0.01193	0.07305	0.03341	0.05816	0.04716	0.11236	0.05491	0.06945	0.07320	0.02740	0.10465	0.00243	0.03496	0.00591	0.08785	0.04915
2	0.04689	0.03416	0.01229	0.01020	0.03965	0.07551	0.00794	0.14215	0.05970	0.20107	0.05406	0.01869	0.01347	0.02017	0.02220	0.00166	0.00508	0.06612	0.00449	0.16452
3	0.06955	0.01162	0.01936	0.24276	0.05546	0.04483	0.27405	0.03018	0.04028	0.10087	0.01147	0.02879	0.00866	0.00519	0.00529	0.00164	0.00678	0.00516	0.00315	0.03492
4	0.08659	0.01054	0.01601	0.35759	0.17670	0.01163	0.05777	0.10109	0.01218	0.01752	0.01004	0.01379	0.00794	0.00519	0.00493	0.00159	0.00608	0.02211	0.01614	0.06454
5	0.01272	0.01271	0.03435	0.11316	0.44082	0.07120	0.08433	0.06319	0.01245	0.01682	0.01107	0.05216	0.00960	0.00554	0.00522	0.00159	0.00641	0.02005	0.01931	0.00728
6	0.00771	0.00631	0.00867	0.00887	0.03784	0.00705	0.00658	0.00931	0.00950	0.01299	0.05055	0.05681	0.19049	0.06061	0.37090	0.00495	0.10530	0.03743	0.00341	0.00471
7	0.00780	0.00528	0.00607	0.00596	0.00614	0.00539	0.00353	0.02947	0.00800	0.01073	0.01589	0.03202	0.01796	0.74100	0.08029	0.00511	0.00562	0.00724	0.00314	0.00337
8	0.01672	0.08433	0.01588	0.01104	0.01516	0.01264	0.07734	0.30264	0.08505	0.15718	0.01337	0.01344	0.00965	0.00555	0.00482	0.00141	0.00519	0.00453	0.01883	0.14525
9	0.01360	0.04958	0.08503	0.01003	0.01466	0.01076	0.03397	0.20467	0.05667	0.04937	0.01094	0.01180	0.00838	0.00480	0.00441	0.00117	0.00488	0.00382	0.00367	0.41778
10	0.01026	0.00980	0.01386	0.01217	0.01240	0.01340	0.01003	0.01156	0.00795	0.01224	0.00848	0.01345	0.00825	0.01632	0.21155	0.00374	0.61208	0.00474	0.00237	0.00536
11	0.00850	0.00446	0.00657	0.00676	0.00680	0.00441	0.00450	0.00676	0.00717	0.00956	0.01192	0.14002	0.01280	0.01755	0.01796	0.71884	0.00423	0.00603	0.00262	0.00253
12	0.01674	0.01270	0.01384	0.01062	0.01467	0.01329	0.00867	0.53780	0.05252	0.02762	0.01240	0.03593	0.00950	0.00593	0.00486	0.00138	0.00506	0.00459	0.00463	0.20724
13	0.01018	0.03605	0.16644	0.01001	0.03919	0.00770	0.02682	0.01324	0.03326	0.09562	0.10328	0.16257	0.11025	0.00944	0.00557	0.00171	0.00447	0.08108	0.04289	0.04023
14	0.02936	0.10453	0.47662	0.06268	0.05436	0.01264	0.11542	0.01578	0.01091	0.01585	0.00911	0.01115	0.00680	0.00470	0.00480	0.00154	0.00713	0.00400	0.00232	0.05033
15	0.01826	0.10762	0.04539	0.01034	0.05254	0.00985	0.00839	0.04910	0.06524	0.45972	0.10385	0.01812	0.01557	0.00647	0.00502	0.00154	0.00453	0.00527	0.00529	0.00792
16	0.00870	0.00572	0.00737	0.00676	0.00828	0.00531	0.00514	0.01145	0.03997	0.08361	0.67162	0.03635	0.06959	0.01012	0.00595	0.00162	0.00264	0.00888	0.00566	0.00525
17	0.01530	0.05341	0.22678	0.01411	0.06489	0.32922	0.01253	0.05449	0.04757	0.05089	0.01008	0.01206	0.00800	0.00569	0.00555	0.00153	0.05702	0.02109	0.00292	0.00686
18	0.01212	0.08648	0.38263	0.01648	0.14693	0.01211	0.08176	0.01628	0.01121	0.08008	0.01073	0.02875	0.00827	0.00532	0.00543	0.00159	0.04347	0.00444	0.03856	0.00735
19	0.06954	0.00942	0.02903	0.00922	0.01323	0.00820	0.00777	0.05450	0.01465	0.70006	0.01894	0.01660	0.01200	0.00622	0.00504	0.00159	0.00447	0.00497	0.00603	0.00853
20	0.00640	0.00481	0.00595	0.00667	0.00749	0.00436	0.00471	0.00761	0.01086	0.01410	0.10374	0.49779	0.23966	0.01463	0.00640	0.00196	0.00291	0.05079	0.00484	0.00430
21	0.01078	0.02193	0.54703	0.01773	0.13188	0.01185	0.12327	0.01597	0.01127	0.01651	0.03753	0.01252	0.00843	0.00496	0.00511	0.00162	0.00733	0.00442	0.00241	0.00747

[dist]
# distance from previous block
# <min> <max>
0	2

[block]
# block no. 1 follows, 48 sequences, length 35
# corresponding to MSA columns:
# 576-610
name=unknown_B
#
# <colnr> <probs for GDERKNQSTAVLIFYWHMCP>
#	G	D	E	R	K	N	Q	S	T	A	V	L	I	F	Y	W	H	M	C	P
0	0.04111	0.04745	0.05429	0.21107	0.40351	0.01255	0.01390	0.05311	0.08177	0.01707	0.01046	0.01307	0.00831	0.00501	0.00495	0.00158	0.00604	0.00451	0.00284	0.00740
1	0.85592	0.00992	0.00754	0.00675	0.00992	0.01151	0.00556	0.01508	0.00873	0.02302	0.00714	0.00834	0.00556	0.00476	0.00318	0.00159	0.00397	0.00278	0.00318	0.00556
2	0.06395	0.25234	0.12610	0.16028	0.05320	0.13839	0.01165	0.01541	0.01076	0.01381	0.00820	0.01061	0.00684	0.00624	0.03037	0.00169	0.07781	0.00364	0.00237	0.00632
3	0.01387	0.00670	0.00879	0.00751	0.00991	0.00591	0.00589	0.01588	0.01398	0.35218	0.32411	0.07873	0.11631	0.00933	0.00570	0.00165	0.00332	0.00801	0.00580	0.00642
4	0.00739	0.00498	0.00576	0.00580	0.00589	0.00499	0.00337	0.00757	0.00778	0.01045	0.03604	0.06968	0.01987	0.72870	0.05738	0.00489	0.00519	0.00776	0.00324	0.00326
5	0.01260	0.01162	0.03419	0.11833	0.47813	0.01171	0.03329	0.08757	0.03364	0.03195	0.07202	0.01586	0.01184	0.00553	0.00523	0.00158	0.00584	0.01835	0.00318	0.00754
6	0.15313	0.00873	0.01087	0.00854	0.01225	0.00803	0.00704	0.02281	0.01356	0.63280	0.01801	0.01611	0.01160	0.00608	0.00477	0.00157	0.00421	0.00477	0.04707	0.00804
7	0.00940	0.00747	0.00977	0.01131	0.12504	0.00757	0.00722	0.08096	0.09987	0.01772	0.14215	0.32778	0.08211	0.01110	0.00589	0.00180	0.00371	0.02231	0.02105	0.00576
8	0.00726	0.00489	0.00566	0.00585	0.00590	0.00484	0.00338	0.00741	0.00785	0.01047	0.01818	0.16372	0.02120	0.68607	0.02286	0.00449	0.00464	0.00865	0.00338	0.00329
9	0.00995	0.00947	0.01544	0.67466	0.03168	0.01212	0.01374	0.01298	0.00986	0.01298	0.00872	0.01327	0.00682	0.00577	0.00709	0.00180	0.14112	0.00455	0.00227	0.00569
10	0.00772	0.00535	0.00701	0.00653	0.00782	0.00492	0.00492	0.01013	0.01453	0.04317	0.76254	0.03772	0.04737	0.01037	0.00603	0.00161	0.00248	0.00916	0.00567	0.00496
11	0.01917	0.02445	0.01454	0.01322	0.01586	0.79907	0.00991	0.02049	0.01454	0.01256	0.00793	0.00925	0.00661	0.00529	0.00463	0.00132	0.00925	0.00330	0.00264	0.00595
12	0.02203	0.00900	0.01197	0.00914	0.01316	0.00786	0.00754	0.05675	0.01483	0.70582	0.01915	0.01678	0.01218	0.00617	0.00507	0.00153	0.00438	0.00499	0.00607	0.06557
13	0.01072	0.01048	0.01474	0.01279	0.01291	0.01450	0.01060	0.01193	0.00791	0.01229	0.00765	0.01239	0.00753	0.01283	0.11902	0.00303	0.70627	0.00462	0.00231	0.00548
14	0.01833	0.02302	0.01453	0.01380	0.04995	0.72695	0.01001	0.01975	0.01412	0.01272	0.00828	0.00992	0.00697	0.00681	0.04179	0.00165	0.00932	0.00346	0.00264	0.00598
15	0.01023	0.00945	0.01554	0.74906	0.05493	0.01163	0.01408	0.04855	0.01095	0.01411	0.00928	0.01359	0.00696	0.00516	0.00513	0.00170	0.00676	0.00456	0.00242	0.00591
16	0.01111	0.01003	0.00967	0.00927	0.01066	0.14432	0.00692	0.12876	0.01314	0.01656	0.08714	0.34816	0.02387	0.05737	0.00770	0.00202	0.05159	0.05212	0.00429	0.00530
17	0.01029	0.02654	0.79309	0.01462	0.02221	0.01192	0.01896	0.01625	0.01083	0.01625	0.00921	0.01083	0.00650	0.00487	0.00487	0.00162	0.00758	0.00379	0.00217	0.00758
18	0.07094	0.00880	0.01166	0.00899	0.01292	0.00777	0.00743	0.02444	0.01434	0.74702	0.01949	0.01694	0.01229	0.00626	0.00505	0.00159	0.00434	0.00502	0.00617	0.00855
19	0.00733	0.00550	0.00825	0.00825	0.00916	0.00641	0.00641	0.00916	0.00825	0.01191	0.01374	0.02016	0.01283	0.03848	0.79934	0.00825	0.01374	0.00550	0.00275	0.00458
20	0.01002	0.00502	0.00532	0.00515	0.00648	0.00492	0.00389	0.01239	0.01129	0.05707	0.08636	0.02078	0.01632	0.00640	0.00389	0.00125	0.00249	0.00521	0.73077	0.00498
21	0.01265	0.01153	0.01615	0.04256	0.38692	0.01245	0.01196	0.02133	0.38790	0.01897	0.01515	0.01589	0.01179	0.00576	0.00515	0.00164	0.00512	0.00517	0.00385	0.00806
22	0.00635	0.00516	0.00562	0.00561	0.00713	0.00444	0.00417	0.00787	0.01221	0.01532	0.21483	0.09765	0.57049	0.01264	0.00609	0.00173	0.00258	0.01073	0.00496	0.00444
23	0.01271	0.58910	0.21983	0.01071	0.03225	0.01773	0.01143	0.01549	0.01063	0.01338	0.02194	0.00954	0.00736	0.00463	0.00378	0.00125	0.00597	0.00317	0.00226	0.00684
24	0.80726	0.01088	0.05274	0.00720	0.01063	0.01153	0.00633	0.01515	0.00885	0.02263	0.00726	0.00848	0.00561	0.00477	0.00327	0.00159	0.00418	0.00284	0.00312	0.00567
25	0.00688	0.00510	0.00642	0.00636	0.00750	0.00464	0.00467	0.00884	0.01322	0.01812	0.52763	0.17469	0.17320	0.01189	0.00614	0.00172	0.00255	0.01046	0.00534	0.00464
26	0.01136	0.00999	0.01336	0.05542	0.05091	0.00858	0.07422	0.06198	0.03281	0.01756	0.01010	0.02486	0.00833	0.00440	0.00430	0.00103	0.00462	0.00383	0.00316	0.59918
27	0.01065	0.00838	0.00935	0.00856	0.01075	0.00900	0.00657	0.05335	0.36834	0.04369	0.22462	0.09910	0.10774	0.00930	0.00564	0.00172	0.00346	0.00797	0.00527	0.00655
28	0.01372	0.82276	0.02689	0.00878	0.01317	0.02030	0.00878	0.01536	0.01043	0.01207	0.00713	0.00823	0.00658	0.00439	0.00329	0.00110	0.00549	0.00274	0.00219	0.00658
29	0.00716	0.00527	0.00634	0.00610	0.00749	0.00470	0.00455	0.00908	0.01323	0.03463	0.47159	0.07554	0.29812	0.02559	0.00641	0.00173	0.00259	0.00992	0.00528	0.00469
30	0.00634	0.00450	0.00593	0.00704	0.00731	0.00422	0.00465	0.00717	0.00966	0.01288	0.02743	0.76110	0.03286	0.07278	0.00793	0.00229	0.00312	0.01408	0.00465	0.00409
31	0.00619	0.00522	0.00537	0.00538	0.00707	0.00440	0.00407	0.00758	0.01185	0.01426	0.09096	0.04901	0.72533	0.01289	0.00609	0.00174	0.00265	0.03075	0.00481	0.00437
32	0.10052	0.08981	0.05298	0.01135	0.01500	0.22299	0.00951	0.28730	0.12379	0.02202	0.01122	0.01162	0.00852	0.00568	0.00464	0.00148	0.00630	0.00404	0.00388	0.00734
33	0.80723	0.00988	0.00799	0.05281	0.01139	0.01150	0.00606	0.01497	0.00882	0.02245	0.00726	0.00864	0.00563	0.00478	0.00329	0.00159	0.00413	0.00288	0.00312	0.00557
34	0.01029	0.00709	0.00809	0.00764	0.00944	0.04130	0.00575	0.02384	0.04635	0.12301	0.15659	0.24559	0.13386	0.04038	0.00657	0.00185	0.00363	0.05487	0.00487	0.06899

[dist]
# distance from previous block
# <min> <max>
0	1

[block]
# block no. 2 follows, 48 sequences, length 29
# corresponding to MSA columns:
# 612-640
name=unknown_C
#
# <colnr> <probs for GDERKNQSTAVLIFYWHMCP>
#	G	D	E	R	K	N	Q	S	T	A	V	L	I	F	Y	W	H	M	C	P
0	0.06770	0.07387	0.05885	0.03107	0.01384	0.01001	0.00837	0.12461	0.01474	0.43528	0.05386	0.02997	0.01286	0.00632	0.00489	0.00154	0.00468	0.00501	0.03472	0.00782
1	0.01211	0.01384	0.03028	0.02163	0.02682	0.01298	0.76903	0.01644	0.01211	0.01644	0.01038	0.01384	0.00779	0.00433	0.00606	0.00173	0.00865	0.00606	0.00260	0.00692
2	0.01918	0.02410	0.01457	0.01317	0.01586	0.77166	0.00991	0.04674	0.01488	0.01325	0.00808	0.00936	0.00668	0.00532	0.00464	0.00133	0.00913	0.00335	0.00273	0.00605
3	0.00969	0.00912	0.01539	0.80734	0.03534	0.01140	0.01425	0.01311	0.01026	0.01311	0.00912	0.01368	0.00684	0.00513	0.00513	0.00171	0.00684	0.00456	0.00228	0.00570
4	0.05937	0.00896	0.01169	0.00913	0.01298	0.00813	0.00750	0.02474	0.07410	0.69680	0.01971	0.01719	0.01261	0.00633	0.00508	0.00160	0.00432	0.00510	0.00612	0.00854
5	0.00708	0.00526	0.00663	0.00649	0.00776	0.00481	0.00494	0.00924	0.01361	0.01864	0.56103	0.07019	0.18291	0.01145	0.00616	0.00171	0.00266	0.06935	0.00538	0.00471
6	0.01056	0.08876	0.73321	0.01417	0.02150	0.01257	0.01816	0.01618	0.01080	0.01592	0.00905	0.01063	0.00651	0.00484	0.00475	0.00158	0.00742	0.00371	0.00217	0.00751
7	0.85592	0.00992	0.00754	0.00675	0.00992	0.01151	0.00556	0.01508	0.00873	0.02302	0.00714	0.00834	0.00556	0.00476	0.00318	0.00159	0.00397	0.00278	0.00318	0.00556
8	0.01372	0.82276	0.02689	0.00878	0.01317	0.02030	0.00878	0.01536	0.01043	0.01207	0.00713	0.00823	0.00658	0.00439	0.00329	0.00110	0.00549	0.00274	0.00219	0.00658
9	0.00792	0.00648	0.00741	0.02211	0.00917	0.00648	0.00548	0.01213	0.16426	0.01693	0.22202	0.12611	0.32204	0.01133	0.00615	0.00177	0.01779	0.02421	0.00498	0.00525
10	0.00726	0.00524	0.00686	0.00646	0.00767	0.00484	0.00484	0.00968	0.01452	0.02058	0.78496	0.03833	0.04841	0.01049	0.00605	0.00161	0.00242	0.00928	0.00565	0.00484
11	0.01937	0.00790	0.01071	0.00854	0.01184	0.00690	0.00692	0.02139	0.01446	0.61422	0.16529	0.05340	0.02031	0.00752	0.00538	0.00161	0.00394	0.00632	0.00615	0.00781
12	0.00651	0.00521	0.00584	0.00578	0.00728	0.00453	0.00435	0.00818	0.01253	0.01601	0.28406	0.07393	0.50289	0.01234	0.00611	0.00172	0.00261	0.03056	0.00505	0.00450
13	0.01171	0.01182	0.09657	0.03407	0.33441	0.01037	0.05914	0.01621	0.09763	0.05794	0.11455	0.02183	0.01658	0.00678	0.00549	0.00168	0.00548	0.08692	0.00364	0.00718
14	0.00649	0.00490	0.00600	0.00640	0.00736	0.00441	0.00454	0.00794	0.01172	0.01549	0.25484	0.37491	0.24916	0.01359	0.00627	0.00185	0.00271	0.01199	0.00502	0.00441
15	0.01383	0.69949	0.08939	0.00958	0.01411	0.07560	0.00970	0.01581	0.01076	0.01245	0.00736	0.00852	0.00658	0.00449	0.00352	0.00116	0.00593	0.00287	0.00222	0.00662
16	0.01034	0.00866	0.01022	0.00754	0.01168	0.00672	0.00601	0.01259	0.01046	0.01644	0.00979	0.01172	0.00823	0.00660	0.06596	0.00136	0.00452	0.00330	0.03686	0.75101
17	0.00818	0.00620	0.00760	0.00722	0.00879	0.00570	0.00524	0.04367	0.03918	0.01692	0.24712	0.32764	0.04638	0.05529	0.00688	0.00183	0.00321	0.00984	0.00467	0.14843
18	0.04026	0.01183	0.01377	0.01201	0.07452	0.04021	0.02941	0.30096	0.08374	0.13099	0.06428	0.01512	0.01219	0.00661	0.02084	0.00159	0.00522	0.00484	0.00458	0.12704
19	0.00923	0.00667	0.00887	0.00906	0.03437	0.00691	0.02158	0.09426	0.01157	0.04324	0.03879	0.43205	0.03947	0.04431	0.08696	0.00266	0.04323	0.02325	0.03837	0.00515
20	0.00891	0.00446	0.00668	0.00668	0.00668	0.00446	0.00446	0.00668	0.00668	0.00891	0.00891	0.01560	0.00891	0.01783	0.02005	0.85071	0.00446	0.00446	0.00223	0.00223
21	0.01380	0.01047	0.01159	0.00971	0.01316	0.01095	0.00767	0.05739	0.48068	0.11186	0.01776	0.01672	0.01318	0.00614	0.00489	0.00149	0.00411	0.00505	0.00486	0.19852
22	0.01079	0.01000	0.01682	0.40633	0.33983	0.01110	0.01413	0.01382	0.01086	0.01466	0.01074	0.01679	0.00920	0.00596	0.00567	0.02485	0.00631	0.06306	0.00258	0.00652
23	0.00778	0.00554	0.00765	0.00880	0.00974	0.00548	0.00730	0.00973	0.01121	0.01466	0.02707	0.23164	0.03020	0.04043	0.00757	0.00238	0.00433	0.55926	0.00468	0.00454
24	0.01270	0.01219	0.02083	0.03149	0.78767	0.01219	0.01575	0.01575	0.01168	0.01676	0.00965	0.01270	0.00813	0.00457	0.00508	0.00152	0.00610	0.00457	0.00254	0.00813
25	0.85592	0.00992	0.00754	0.00675	0.00992	0.01151	0.00556	0.01508	0.00873	0.02302	0.00714	0.00834	0.00556	0.00476	0.00318	0.00159	0.00397	0.00278	0.00318	0.00556
26	0.01406	0.01028	0.01208	0.00971	0.01270	0.01061	0.03233	0.34296	0.03281	0.05764	0.02630	0.07885	0.01324	0.13361	0.06405	0.00248	0.00559	0.00583	0.00430	0.13057
27	0.01664	0.01545	0.01261	0.01087	0.01371	0.30712	0.00840	0.17171	0.10914	0.10253	0.09649	0.03797	0.01450	0.03552	0.00581	0.00162	0.00619	0.00517	0.00427	0.02428
28	0.23051	0.07509	0.05245	0.00974	0.04644	0.09865	0.00779	0.03200	0.09943	0.09516	0.12463	0.01852	0.07644	0.00670	0.00463	0.00155	0.00472	0.00515	0.00402	0.00637

[dist]
# distance from previous block
# <min> <max>
36	168

[block]
# block no. 3 follows, 48 sequences, length 53
# corresponding to MSA columns:
# 831-883
name=unknown_D
#
# <colnr> <probs for GDERKNQSTAVLIFYWHMCP>
#	G	D	E	R	K	N	Q	S	T	A	V	L	I	F	Y	W	H	M	C	P
0	0.31310	0.04093	0.26256	0.01123	0.01582	0.03399	0.08337	0.05224	0.01091	0.03686	0.02438	0.03737	0.00855	0.02366	0.00522	0.02033	0.00584	0.00422	0.00300	0.00642
1	0.07556	0.01307	0.05868	0.01802	0.14335	0.04996	0.32090	0.03069	0.03651	0.03204	0.01268	0.03202	0.03818	0.00555	0.00557	0.00162	0.02252	0.02799	0.00304	0.07206
2	0.09615	0.07153	0.04940	0.04645	0.10906	0.20507	0.01029	0.13683	0.07177	0.04252	0.02224	0.01233	0.00885	0.00723	0.04342	0.00185	0.05062	0.00416	0.00335	0.00687
3	0.12351	0.12564	0.39716	0.01343	0.05576	0.03879	0.05494	0.03097	0.03579	0.01704	0.02407	0.01303	0.00856	0.00533	0.00463	0.00157	0.00651	0.03358	0.00268	0.00700
4	0.09861	0.04045	0.02570	0.00838	0.01114	0.07682	0.00676	0.06034	0.02943	0.19852	0.23919	0.05596	0.04626	0.02651	0.00559	0.00161	0.00423	0.00633	0.00479	0.05337
5	0.05805	0.00911	0.02786	0.01908	0.06034	0.02549	0.00802	0.12299	0.02908	0.20935	0.07340	0.11565	0.01915	0.00883	0.00549	0.00175	0.00447	0.13746	0.05776	0.00665
6	0.01502	0.04793	0.01558	0.15034	0.07119	0.20330	0.04399	0.10920	0.09872	0.07901	0.01260	0.03314	0.02518	0.00620	0.00590	0.00160	0.06595	0.00481	0.00350	0.00682
7	0.03724	0.00959	0.01190	0.00931	0.01303	0.00909	0.00761	0.16443	0.04107	0.50598	0.04865	0.03502	0.03559	0.00676	0.00515	0.00157	0.00441	0.00547	0.00578	0.04235
8	0.00766	0.00547	0.00680	0.00691	0.00806	0.00516	0.00500	0.01017	0.06411	0.04452	0.32643	0.32639	0.13887	0.01251	0.00615	0.00181	0.00283	0.01107	0.00520	0.00488
9	0.11238	0.08267	0.38057	0.01379	0.03628	0.04383	0.10165	0.05322	0.01162	0.05149	0.01002	0.01251	0.00770	0.00532	0.00516	0.00161	0.03285	0.02746	0.00278	0.00709
10	0.01186	0.01183	0.04840	0.36144	0.27890	0.03792	0.04861	0.07520	0.01215	0.01621	0.01032	0.01483	0.00838	0.00536	0.00521	0.00165	0.00660	0.03557	0.00272	0.00684
11	0.00637	0.00490	0.00586	0.00649	0.00747	0.00439	0.00467	0.00761	0.01096	0.01396	0.07777	0.41529	0.33527	0.01441	0.00637	0.00194	0.00292	0.06425	0.00481	0.00431
12	0.01195	0.00673	0.00787	0.02274	0.00922	0.00683	0.02962	0.11151	0.01283	0.08778	0.01668	0.05683	0.01326	0.00646	0.00418	0.00135	0.00331	0.00531	0.57984	0.00570
13	0.06042	0.00924	0.01144	0.00959	0.02828	0.00913	0.00749	0.11683	0.08083	0.42419	0.04286	0.06022	0.02650	0.05722	0.00681	0.00185	0.02820	0.00585	0.00541	0.00764
14	0.00880	0.00631	0.00865	0.00863	0.01015	0.00605	0.04362	0.03315	0.03517	0.05987	0.07745	0.26003	0.14637	0.01290	0.00644	0.00202	0.00394	0.26057	0.00482	0.00507
15	0.00695	0.00543	0.00636	0.00644	0.00775	0.00501	0.00474	0.00936	0.05993	0.01634	0.27881	0.21370	0.32076	0.01252	0.00614	0.00179	0.00276	0.02544	0.00507	0.00470
16	0.01611	0.03417	0.01478	0.01237	0.04042	0.19168	0.04676	0.33120	0.06766	0.02210	0.03570	0.01528	0.02840	0.00878	0.06570	0.00204	0.02071	0.01951	0.01946	0.00716
17	0.01730	0.01238	0.01391	0.02967	0.03098	0.03126	0.02381	0.50109	0.04619	0.09738	0.01487	0.09425	0.01194	0.00708	0.00522	0.00159	0.00524	0.00572	0.04223	0.00789
18	0.01028	0.00919	0.00923	0.00861	0.00943	0.11821	0.00626	0.03376	0.03444	0.01291	0.03688	0.03967	0.01542	0.34577	0.09915	0.00377	0.12842	0.02952	0.04452	0.00457
19	0.01085	0.00933	0.01119	0.00801	0.01258	0.00716	0.02396	0.02782	0.01094	0.01702	0.00921	0.01075	0.00763	0.00386	0.00388	0.00080	0.00395	0.00314	0.00307	0.81486
20	0.11344	0.04432	0.01325	0.01036	0.01350	0.03932	0.00845	0.42592	0.03763	0.04718	0.01359	0.08373	0.01158	0.02519	0.00603	0.00171	0.04562	0.03000	0.02192	0.00728
21	0.01231	0.01180	0.02013	0.13142	0.69077	0.01209	0.01555	0.01541	0.01150	0.01629	0.00958	0.01283	0.00796	0.00464	0.00509	0.00155	0.00619	0.00457	0.00251	0.00781
22	0.00969	0.00912	0.01539	0.80734	0.03534	0.01140	0.01425	0.01311	0.01026	0.01311	0.00912	0.01368	0.00684	0.00513	0.00513	0.00171	0.00684	0.00456	0.00228	0.00570
23	0.01064	0.00912	0.01064	0.00760	0.01216	0.00684	0.00608	0.01292	0.01064	0.01672	0.00912	0.01064	0.00760	0.00380	0.00380	0.00076	0.00380	0.00304	0.00304	0.85104
24	0.01303	0.01116	0.01175	0.01050	0.01344	0.01289	0.00819	0.05676	0.74846	0.02190	0.02054	0.01887	0.01539	0.00693	0.00522	0.00173	0.00412	0.00575	0.00522	0.00815
25	0.79600	0.00984	0.00786	0.00692	0.01015	0.01123	0.00570	0.01580	0.00916	0.07829	0.00809	0.00899	0.00607	0.00488	0.00332	0.00159	0.00400	0.00295	0.00340	0.00579
26	0.01110	0.01063	0.01826	0.46439	0.27050	0.01190	0.07742	0.02945	0.02814	0.01510	0.00972	0.01348	0.00756	0.00495	0.00519	0.00165	0.00667	0.00472	0.00251	0.00668
27	0.00724	0.00524	0.00682	0.00643	0.00765	0.00483	0.00482	0.00963	0.01446	0.02043	0.76916	0.03857	0.06430	0.01054	0.00605	0.00162	0.00242	0.00931	0.00563	0.00483
28	0.00703	0.00509	0.00663	0.00655	0.00760	0.00469	0.00480	0.00912	0.01352	0.01891	0.61448	0.18906	0.06998	0.01165	0.00615	0.00171	0.00253	0.01036	0.00545	0.00469
29	0.03869	0.01015	0.01255	0.00971	0.01358	0.00981	0.00797	0.21134	0.03857	0.54604	0.01792	0.01639	0.01177	0.02415	0.00557	0.00165	0.00468	0.00504	0.00588	0.00852
30	0.00633	0.00521	0.00557	0.00548	0.00710	0.00445	0.00411	0.00789	0.01233	0.01538	0.21759	0.04688	0.61902	0.01243	0.00606	0.00171	0.00256	0.01048	0.00496	0.00445
31	0.00659	0.00519	0.00599	0.00622	0.00751	0.00464	0.00460	0.00833	0.02587	0.01530	0.19607	0.21847	0.41059	0.01312	0.00621	0.00182	0.00279	0.05124	0.00495	0.00449
32	0.03762	0.02147	0.52292	0.05221	0.17063	0.01211	0.05412	0.04025	0.01140	0.01695	0.00938	0.01143	0.00693	0.00484	0.00494	0.00161	0.00714	0.00408	0.00239	0.00755
33	0.08583	0.01118	0.01676	0.16552	0.42759	0.02985	0.01312	0.04842	0.02830	0.01722	0.01109	0.01621	0.00958	0.00560	0.00505	0.00161	0.00587	0.06623	0.00292	0.03206
34	0.01951	0.01437	0.01540	0.01181	0.01591	0.01591	0.00975	0.77056	0.02412	0.03234	0.01232	0.01232	0.00873	0.00616	0.00513	0.00154	0.00565	0.00462	0.00513	0.00873
35	0.01062	0.00924	0.01079	0.07282	0.02779	0.03888	0.00715	0.04495	0.03664	0.01648	0.01317	0.13883	0.01263	0.00643	0.00460	0.00120	0.00429	0.02868	0.00344	0.51138
36	0.00950	0.00878	0.01463	0.68346	0.06547	0.01067	0.01326	0.01272	0.01058	0.01375	0.06000	0.05338	0.01086	0.00597	0.00525	0.00171	0.00634	0.00534	0.00263	0.00568
37	0.00969	0.00912	0.01539	0.80734	0.03534	0.01140	0.01425	0.01311	0.01026	0.01311	0.00912	0.01368	0.00684	0.00513	0.00513	0.00171	0.00684	0.00456	0.00228	0.00570
38	0.04857	0.43426	0.15792	0.01057	0.01507	0.15814	0.01054	0.03424	0.01176	0.04840	0.02367	0.00998	0.00768	0.00490	0.00399	0.00129	0.00637	0.00331	0.00263	0.00671
39	0.07138	0.01141	0.01239	0.01005	0.01362	0.04900	0.00813	0.20875	0.19877	0.31701	0.01695	0.01567	0.01170	0.00629	0.00498	0.00159	0.00477	0.00493	0.02444	0.00816
40	0.00665	0.00518	0.00603	0.00589	0.00731	0.00457	0.00439	0.00846	0.01296	0.01703	0.40115	0.08163	0.39647	0.01195	0.00608	0.00169	0.00253	0.01027	0.00519	0.00457
41	0.00746	0.00569	0.00692	0.00659	0.00803	0.00536	0.00500	0.01056	0.07077	0.01915	0.55976	0.03968	0.19217	0.01083	0.00602	0.00167	0.00265	0.03130	0.00541	0.00498
42	0.85592	0.00992	0.00754	0.00675	0.00992	0.01151	0.00556	0.01508	0.00873	0.02302	0.00714	0.00834	0.00556	0.00476	0.00318	0.00159	0.00397	0.00278	0.00318	0.00556
43	0.00766	0.00546	0.00658	0.00650	0.00657	0.00585	0.00407	0.00792	0.00773	0.01051	0.01629	0.09634	0.01866	0.64692	0.06346	0.00468	0.07044	0.00771	0.00316	0.00348
44	0.00630	0.00449	0.00594	0.00708	0.00736	0.00420	0.00469	0.00716	0.00972	0.01296	0.02775	0.78174	0.03326	0.05158	0.00741	0.00221	0.00307	0.01427	0.00469	0.00412
45	0.07372	0.10006	0.07740	0.02842	0.01547	0.24609	0.00978	0.18373	0.04634	0.13664	0.01140	0.01186	0.00842	0.00623	0.02117	0.00160	0.00668	0.00399	0.00380	0.00720
46	0.00986	0.00674	0.00832	0.00752	0.00942	0.00644	0.00581	0.07670	0.04440	0.07547	0.39058	0.11785	0.06628	0.01056	0.02215	0.00177	0.00342	0.04485	0.02201	0.06985
47	0.01202	0.01147	0.01827	0.07904	0.50467	0.03882	0.06175	0.03026	0.01143	0.01585	0.01072	0.03133	0.00962	0.09313	0.00738	0.00189	0.00612	0.00507	0.00271	0.04844
48	0.09504	0.01205	0.02036	0.03131	0.14679	0.02866	0.31901	0.07333	0.01208	0.03093	0.01053	0.03203	0.00868	0.03163	0.00673	0.02679	0.03319	0.00519	0.00298	0.07269
49	0.00981	0.02673	0.06777	0.00932	0.01080	0.00718	0.08398	0.04292	0.00910	0.01245	0.03597	0.04128	0.01170	0.03658	0.01480	0.48875	0.03031	0.03480	0.02183	0.00392
50	0.02788	0.00689	0.00805	0.04661	0.00984	0.03139	0.00591	0.02429	0.01038	0.03689	0.05569	0.16904	0.15036	0.20695	0.01168	0.00261	0.07175	0.07354	0.01848	0.03177
51	0.05465	0.01143	0.04620	0.00979	0.01291	0.05264	0.00818	0.22053	0.01393	0.03684	0.01157	0.03243	0.00982	0.00896	0.05570	0.05933	0.07265	0.03401	0.03332	0.21510
52	0.09405	0.13662	0.04724	0.00994	0.02873	0.02801	0.02301	0.13093	0.03620	0.01682	0.01148	0.01585	0.01025	0.10103	0.22519	0.00373	0.05640	0.00469	0.01389	0.00594

[dist]
# distance from previous block
# <min> <max>
1	25

[block]
# block no. 4 follows, 48 sequences, length 31
# corresponding to MSA columns:
# 910-940
name=unknown_E
#
# <colnr> <probs for GDERKNQSTAVLIFYWHMCP>
#	G	D	E	R	K	N	Q	S	T	A	V	L	I	F	Y	W	H	M	C	P
0	0.21209	0.14245	0.32901	0.01268	0.04307	0.04121	0.06608	0.06806	0.01144	0.01822	0.00867	0.01016	0.00659	0.00483	0.00433	0.00152	0.00636	0.00362	0.00267	0.00694
1	0.00773	0.00598	0.00868	0.00841	0.00939	0.00662	0.03287	0.00962	0.03483	0.01266	0.01837	0.14532	0.06915	0.05889	0.44902	0.04375	0.04695	0.00728	0.01988	0.00459
2	0.00659	0.00516	0.00596	0.00614	0.00746	0.00458	0.00460	0.00815	0.01198	0.01532	0.21227	0.15429	0.42713	0.03275	0.00671	0.00189	0.00286	0.07678	0.00492	0.00443
3	0.01036	0.01039	0.01894	0.01476	0.01774	0.01050	0.35481	0.01431	0.08505	0.01572	0.04318	0.16466	0.03617	0.02216	0.02314	0.00201	0.09492	0.02354	0.00345	0.03419
4	0.00647	0.00461	0.00601	0.00704	0.00739	0.00434	0.00474	0.00735	0.00974	0.01291	0.02772	0.67567	0.05536	0.09812	0.00856	0.00238	0.00325	0.04966	0.00459	0.00409
5	0.00938	0.00719	0.00842	0.00840	0.01014	0.00748	0.00656	0.01516	0.25568	0.04293	0.09578	0.18693	0.14138	0.01148	0.00608	0.00192	0.00364	0.17063	0.00503	0.00578
6	0.01067	0.00921	0.01087	0.00786	0.01222	0.00724	0.00631	0.01289	0.01051	0.01652	0.00901	0.01067	0.00756	0.00403	0.00439	0.00083	0.04008	0.00311	0.00300	0.81300
7	0.01367	0.01243	0.01123	0.01008	0.01272	0.16673	0.00777	0.02233	0.42814	0.07444	0.12535	0.02123	0.05689	0.00738	0.00526	0.00163	0.00481	0.00599	0.00483	0.00709
8	0.01364	0.79733	0.02654	0.00893	0.01318	0.02016	0.00886	0.01527	0.01035	0.01208	0.00712	0.00832	0.00659	0.00453	0.00372	0.00113	0.03071	0.00280	0.00220	0.00655
9	0.01371	0.01088	0.01187	0.00894	0.01304	0.06314	0.00719	0.10904	0.01290	0.10247	0.01054	0.01152	0.00819	0.00471	0.00476	0.00105	0.04075	0.00355	0.00360	0.55815
10	0.01146	0.01093	0.01859	0.35046	0.47837	0.01187	0.01513	0.01466	0.01110	0.01526	0.00943	0.01310	0.00760	0.00480	0.00510	0.00160	0.00640	0.00457	0.00243	0.00713
11	0.00745	0.00495	0.00568	0.00576	0.00585	0.00496	0.00334	0.00765	0.00776	0.01054	0.01694	0.08621	0.01933	0.71272	0.04825	0.00475	0.00503	0.00780	0.03178	0.00328
12	0.01075	0.00922	0.01069	0.00775	0.01222	0.00716	0.00619	0.01369	0.05209	0.01698	0.00976	0.01110	0.00804	0.00397	0.00388	0.00081	0.00381	0.00319	0.00316	0.80553
13	0.01269	0.01279	0.01958	0.05829	0.56218	0.07964	0.06547	0.01553	0.01175	0.01596	0.01111	0.02632	0.03343	0.00519	0.00544	0.00154	0.02735	0.00488	0.00265	0.02819
14	0.00794	0.00570	0.00787	0.00901	0.01010	0.00563	0.00767	0.01008	0.01156	0.01502	0.02822	0.15166	0.05805	0.01437	0.00698	0.00230	0.00443	0.63404	0.00473	0.00464
15	0.00758	0.00581	0.00749	0.00818	0.03742	0.00551	0.00618	0.00998	0.03505	0.01667	0.26555	0.10074	0.21819	0.01232	0.00635	0.00191	0.00341	0.24187	0.00496	0.00485
16	0.00707	0.00518	0.00663	0.00639	0.00758	0.00474	0.00475	0.00927	0.01389	0.01936	0.65668	0.09914	0.11787	0.01116	0.00609	0.00166	0.00248	0.00984	0.00550	0.00474
17	0.01161	0.00898	0.01010	0.00884	0.02684	0.02885	0.00653	0.18051	0.02981	0.03156	0.01614	0.21644	0.01617	0.09704	0.01865	0.00191	0.00443	0.00700	0.03159	0.24700
18	0.07512	0.00605	0.00724	0.00667	0.00822	0.00569	0.00495	0.01079	0.01227	0.06687	0.41602	0.06350	0.05656	0.14475	0.00902	0.00216	0.00329	0.03280	0.00480	0.06324
19	0.04065	0.04185	0.05781	0.20231	0.14083	0.07162	0.01193	0.20520	0.06021	0.01939	0.01159	0.01354	0.03089	0.00588	0.00582	0.00162	0.06387	0.00458	0.00333	0.00709
20	0.14805	0.09695	0.04290	0.01107	0.04458	0.10810	0.00891	0.20688	0.15241	0.07079	0.05120	0.01373	0.01114	0.00592	0.00463	0.00152	0.00536	0.00443	0.00413	0.00730
21	0.00628	0.00454	0.00595	0.00706	0.00747	0.00421	0.00477	0.00723	0.00999	0.01320	0.02989	0.74846	0.08574	0.01583	0.00653	0.00207	0.00299	0.02885	0.00476	0.00419
22	0.01105	0.00936	0.01086	0.00780	0.01233	0.00726	0.00625	0.04811	0.01127	0.01745	0.00927	0.01072	0.00765	0.00391	0.00386	0.00080	0.00389	0.00311	0.00314	0.81192
23	0.10888	0.40751	0.20221	0.01037	0.03214	0.03094	0.01065	0.01581	0.01077	0.05769	0.02009	0.01116	0.03035	0.00499	0.00395	0.00133	0.00566	0.00351	0.00269	0.02929
24	0.09977	0.02921	0.02178	0.02094	0.01263	0.08845	0.00786	0.29153	0.03101	0.03552	0.04030	0.02690	0.02740	0.03503	0.00619	0.00165	0.06056	0.00484	0.15181	0.00662
25	0.00673	0.00521	0.00582	0.00587	0.00737	0.00452	0.00438	0.00822	0.01204	0.03176	0.17756	0.14044	0.52444	0.01282	0.00613	0.00177	0.00271	0.03275	0.00495	0.00451
26	0.01186	0.01042	0.01592	0.20968	0.35624	0.02670	0.01255	0.06649	0.02748	0.04374	0.01464	0.09243	0.04661	0.00679	0.00535	0.00167	0.00570	0.03562	0.00324	0.00688
27	0.01252	0.01450	0.15325	0.07798	0.35156	0.03219	0.14004	0.01649	0.03435	0.06241	0.01173	0.01500	0.01959	0.00525	0.00529	0.00162	0.00665	0.02923	0.00288	0.00748
28	0.01046	0.00975	0.01537	0.68260	0.03212	0.02769	0.02910	0.05631	0.01102	0.01414	0.00947	0.01410	0.00735	0.03185	0.00613	0.00181	0.02778	0.00466	0.00248	0.00582
29	0.00670	0.00515	0.00767	0.00811	0.00879	0.00481	0.05753	0.00790	0.01019	0.01367	0.06109	0.72592	0.03278	0.01501	0.00649	0.00204	0.00334	0.01376	0.00465	0.00439
30	0.01138	0.08543	0.35411	0.09603	0.25780	0.02754	0.03030	0.01557	0.01114	0.01565	0.00991	0.01346	0.00803	0.00515	0.00494	0.00159	0.00681	0.03540	0.00242	0.00732

[dist]
# distance from previous block
# <min> <max>
5	7

[block]
# block no. 5 follows, 48 sequences, length 127
# corresponding to MSA columns:
# 948-1074
name=unknown_F
#
# <colnr> <probs for GDERKNQSTAVLIFYWHMCP>
#	G	D	E	R	K	N	Q	S	T	A	V	L	I	F	Y	W	H	M	C	P
0	0.01233	0.01000	0.01328	0.07476	0.20558	0.05433	0.01063	0.04357	0.11971	0.08042	0.01842	0.03029	0.01718	0.00868	0.00582	0.00187	0.00539	0.27698	0.00410	0.00666
1	0.01073	0.14494	0.65889	0.01353	0.02044	0.01300	0.01704	0.01590	0.01069	0.01547	0.00907	0.01101	0.00682	0.02523	0.00517	0.00163	0.00720	0.00373	0.00219	0.00732
2	0.00625	0.00448	0.00594	0.00711	0.00743	0.00417	0.00475	0.00715	0.00986	0.01311	0.02875	0.80107	0.04889	0.01601	0.00654	0.00208	0.00297	0.01451	0.00476	0.00417
3	0.00715	0.00519	0.00666	0.00638	0.00752	0.00478	0.00471	0.00932	0.01382	0.01934	0.66948	0.08010	0.09042	0.04415	0.00690	0.00178	0.00257	0.00958	0.00544	0.00470
4	0.02119	0.00842	0.01139	0.00887	0.01253	0.00736	0.00727	0.03459	0.01481	0.69282	0.10634	0.01974	0.01667	0.00681	0.00526	0.00159	0.00417	0.00562	0.00625	0.00829
5	0.02265	0.00881	0.01190	0.00918	0.01311	0.00773	0.00756	0.02509	0.04225	0.76343	0.02027	0.01753	0.01281	0.00637	0.00516	0.00159	0.00436	0.00518	0.00631	0.00871
6	0.01073	0.01154	0.05969	0.39971	0.08020	0.01171	0.25810	0.01444	0.01096	0.01491	0.00994	0.01377	0.00756	0.00495	0.00557	0.00168	0.02373	0.00502	0.04948	0.00630
7	0.00626	0.00516	0.00550	0.00551	0.00707	0.00440	0.00410	0.00771	0.01202	0.01485	0.16327	0.09422	0.62660	0.01280	0.00609	0.00174	0.00259	0.01082	0.00490	0.00440
8	0.01330	0.37541	0.08961	0.00920	0.01292	0.05199	0.00875	0.05105	0.01253	0.09924	0.17173	0.01655	0.01637	0.00765	0.04175	0.00167	0.00550	0.00471	0.00355	0.00652
9	0.02739	0.33816	0.26290	0.03996	0.01716	0.13369	0.01222	0.01739	0.07960	0.01451	0.00920	0.01037	0.00736	0.00494	0.00422	0.00138	0.00661	0.00349	0.00254	0.00689
10	0.00891	0.00446	0.00668	0.00668	0.00668	0.00446	0.00446	0.00668	0.00668	0.00891	0.00891	0.01560	0.00891	0.01783	0.02005	0.85071	0.00446	0.00446	0.00223	0.00223
11	0.12719	0.11784	0.01497	0.04801	0.05876	0.16562	0.03002	0.15308	0.01427	0.08868	0.07010	0.01405	0.02502	0.00652	0.02226	0.00160	0.00599	0.00441	0.00370	0.02791
12	0.02985	0.07054	0.59931	0.01339	0.03565	0.01157	0.01607	0.01635	0.01120	0.07057	0.04147	0.01253	0.00888	0.00521	0.00477	0.00157	0.00673	0.00408	0.03289	0.00736
13	0.08021	0.11691	0.55166	0.01313	0.01941	0.04078	0.03669	0.01586	0.01066	0.01598	0.00900	0.01081	0.00678	0.00645	0.04327	0.00187	0.00743	0.00371	0.00231	0.00708
14	0.01810	0.04301	0.01470	0.01138	0.01493	0.15079	0.00921	0.52771	0.04029	0.02643	0.01192	0.01271	0.00895	0.02094	0.02324	0.00169	0.00624	0.00444	0.04557	0.00777
15	0.01044	0.04484	0.01094	0.00870	0.01139	0.03492	0.03879	0.06682	0.02761	0.04377	0.01787	0.20186	0.06545	0.01305	0.12826	0.00247	0.00570	0.00698	0.00375	0.25638
16	0.00894	0.00579	0.00714	0.00703	0.00809	0.00576	0.00499	0.05451	0.01054	0.07249	0.03728	0.24161	0.10897	0.21407	0.14535	0.00367	0.00547	0.00900	0.04463	0.00465
17	0.01064	0.00912	0.01064	0.00760	0.01216	0.00684	0.00608	0.01292	0.01064	0.01672	0.00912	0.01064	0.00760	0.00380	0.00380	0.00076	0.00380	0.00304	0.00304	0.85104
18	0.00955	0.01350	0.24221	0.06951	0.04039	0.00963	0.12034	0.01281	0.01029	0.01484	0.05188	0.09270	0.01311	0.03000	0.11455	0.03747	0.06114	0.00595	0.04423	0.00591
19	0.04078	0.00874	0.01172	0.00904	0.01291	0.00768	0.00745	0.03609	0.01470	0.73933	0.04271	0.01781	0.01355	0.00644	0.00514	0.00159	0.00432	0.00522	0.00624	0.00855
20	0.01162	0.01074	0.01584	0.15541	0.04134	0.01317	0.08509	0.09653	0.04219	0.01607	0.02567	0.03276	0.03698	0.00753	0.01024	0.00190	0.34896	0.00528	0.03652	0.00615
21	0.00690	0.00523	0.00635	0.00607	0.00744	0.00469	0.00455	0.00897	0.01366	0.01852	0.56103	0.04170	0.27363	0.01126	0.00606	0.00165	0.00248	0.00975	0.00538	0.00469
22	0.00902	0.00726	0.00871	0.00926	0.05925	0.00736	0.00651	0.06330	0.15747	0.01748	0.12135	0.21446	0.21576	0.01136	0.00597	0.00183	0.00354	0.06964	0.00484	0.00564
23	0.02352	0.09360	0.01919	0.14493	0.03475	0.02892	0.15564	0.01374	0.00959	0.01357	0.00826	0.01210	0.00718	0.00735	0.02707	0.00201	0.37139	0.00460	0.01657	0.00599
24	0.00994	0.00725	0.00790	0.00724	0.00902	0.02674	0.00548	0.12213	0.03294	0.05005	0.19330	0.09881	0.23245	0.08812	0.00767	0.00199	0.00360	0.03146	0.05861	0.00532
25	0.00695	0.00476	0.00575	0.00626	0.00638	0.00463	0.00381	0.00733	0.00847	0.01129	0.02132	0.36667	0.02516	0.47771	0.01779	0.00374	0.00412	0.01049	0.00381	0.00356
26	0.85592	0.00992	0.00754	0.00675	0.00992	0.01151	0.00556	0.01508	0.00873	0.02302	0.00714	0.00834	0.00556	0.00476	0.00318	0.00159	0.00397	0.00278	0.00318	0.00556
27	0.01054	0.01002	0.01737	0.49513	0.15434	0.01130	0.10589	0.01386	0.01070	0.01455	0.00971	0.01366	0.00753	0.00502	0.00537	0.00163	0.02473	0.00470	0.04723	0.03671
28	0.81101	0.00986	0.00778	0.00688	0.01009	0.01130	0.00566	0.01562	0.00905	0.06445	0.00785	0.00883	0.00594	0.00485	0.00328	0.00159	0.00399	0.00291	0.00335	0.00573
29	0.60553	0.02433	0.00957	0.00786	0.01120	0.01226	0.00649	0.18047	0.01235	0.04205	0.00896	0.00985	0.00674	0.00515	0.00367	0.00155	0.00431	0.00332	0.03805	0.00631
30	0.01083	0.08536	0.60784	0.01447	0.02105	0.01288	0.07185	0.01638	0.03844	0.01592	0.00942	0.01117	0.00694	0.00510	0.00551	0.00163	0.05155	0.00399	0.00231	0.00737
31	0.00713	0.00516	0.00623	0.00639	0.00764	0.00461	0.00470	0.00870	0.01210	0.04238	0.25330	0.25480	0.31271	0.01294	0.00620	0.00181	0.00280	0.04071	0.00507	0.00460
32	0.01087	0.04329	0.59032	0.01719	0.10295	0.01230	0.11915	0.01620	0.01108	0.01622	0.00936	0.01137	0.00685	0.00476	0.00502	0.00162	0.00752	0.00415	0.00226	0.00753
33	0.01342	0.00995	0.01142	0.00879	0.01286	0.00904	0.00704	0.08172	0.18650	0.11584	0.01345	0.01356	0.01016	0.00504	0.00440	0.00115	0.00409	0.00406	0.00413	0.48338
34	0.01197	0.01357	0.04640	0.06635	0.02350	0.04709	0.50107	0.01548	0.01122	0.01539	0.00970	0.01324	0.00763	0.00536	0.00784	0.00179	0.15886	0.00545	0.03159	0.00650
35	0.00689	0.00556	0.00624	0.00654	0.00799	0.00512	0.00496	0.00923	0.06651	0.01462	0.06038	0.20176	0.46437	0.01327	0.00623	0.00188	0.00305	0.10596	0.00481	0.00463
36	0.06791	0.19722	0.06308	0.02552	0.06192	0.12687	0.00963	0.11628	0.01407	0.25168	0.01220	0.01223	0.00875	0.00542	0.00452	0.00143	0.00581	0.00401	0.00397	0.00750
37	0.02292	0.00890	0.01201	0.00921	0.01318	0.00779	0.00761	0.04731	0.01497	0.76852	0.02001	0.01731	0.01258	0.00634	0.00516	0.00159	0.00440	0.00514	0.00631	0.00873
38	0.00646	0.00554	0.00558	0.00551	0.00731	0.00483	0.00415	0.00854	0.05689	0.01431	0.05015	0.04760	0.74020	0.01264	0.00601	0.00173	0.00269	0.01053	0.00479	0.00456
39	0.00633	0.00450	0.00593	0.00704	0.00732	0.00422	0.00465	0.00717	0.00967	0.01289	0.02747	0.76391	0.03291	0.06989	0.00786	0.00228	0.00311	0.01411	0.00465	0.00410
40	0.00742	0.00506	0.00619	0.00625	0.00650	0.00525	0.00394	0.00793	0.00783	0.01075	0.01622	0.06835	0.01796	0.58644	0.19860	0.00548	0.00679	0.00731	0.02218	0.00353
41	0.01079	0.02308	0.58525	0.01653	0.02346	0.01221	0.22332	0.01630	0.01118	0.01630	0.00953	0.01165	0.00685	0.00473	0.00520	0.00165	0.00787	0.00441	0.00228	0.00740
42	0.01817	0.02282	0.01450	0.03532	0.01612	0.71273	0.01004	0.01955	0.01388	0.01255	0.00801	0.00973	0.00675	0.00621	0.02210	0.00153	0.05802	0.00346	0.00261	0.00589
43	0.03682	0.01095	0.02971	0.00993	0.01385	0.04155	0.00828	0.18518	0.02845	0.53630	0.01772	0.03220	0.01181	0.00641	0.00512	0.00158	0.00487	0.00510	0.00574	0.00843
44	0.00689	0.00535	0.00566	0.00550	0.00727	0.00452	0.00416	0.00835	0.01215	0.04610	0.13697	0.04679	0.66755	0.01243	0.00603	0.00171	0.00265	0.01042	0.00493	0.00457
45	0.01308	0.08980	0.01318	0.06274	0.01357	0.13494	0.02920	0.11074	0.01263	0.01743	0.01140	0.02647	0.00937	0.00600	0.00588	0.00141	0.10952	0.00432	0.24796	0.08033
46	0.03361	0.16836	0.02790	0.01062	0.05086	0.01316	0.00856	0.27319	0.03164	0.12653	0.01252	0.01370	0.00959	0.03750	0.01813	0.00165	0.02551	0.00435	0.07782	0.05480
47	0.01878	0.01128	0.01300	0.01021	0.01391	0.01163	0.00832	0.38805	0.06264	0.27399	0.03239	0.05415	0.01252	0.00674	0.00515	0.00156	0.00480	0.00538	0.02312	0.04238
48	0.02537	0.27182	0.47079	0.01290	0.03855	0.02877	0.01481	0.01656	0.04814	0.01527	0.00909	0.01041	0.00700	0.00482	0.00437	0.00146	0.00670	0.00356	0.00236	0.00725
49	0.00746	0.00499	0.00567	0.00567	0.00569	0.00501	0.00319	0.00751	0.00748	0.01000	0.01610	0.03323	0.01850	0.79938	0.04621	0.00506	0.00520	0.00741	0.00310	0.00315
50	0.01729	0.01294	0.01396	0.01078	0.01474	0.01387	0.00883	0.57356	0.07536	0.02870	0.01266	0.01287	0.00925	0.00587	0.00488	0.00143	0.00512	0.00448	0.04250	0.13091
51	0.01299	0.01093	0.01513	0.01114	0.01537	0.01007	0.13389	0.14202	0.01315	0.05457	0.01021	0.01181	0.00799	0.00478	0.00541	0.00120	0.06326	0.00401	0.00341	0.46868
52	0.04959	0.06812	0.57078	0.01373	0.02023	0.03279	0.05101	0.05925	0.01176	0.04844	0.00996	0.02426	0.00735	0.00514	0.00481	0.00159	0.00708	0.00406	0.00263	0.00742
53	0.01741	0.01175	0.01300	0.01033	0.01384	0.01261	0.00840	0.47034	0.09422	0.13736	0.06022	0.03192	0.05066	0.00702	0.00521	0.00158	0.00481	0.00556	0.03575	0.00801
54	0.00657	0.00476	0.00629	0.00739	0.00794	0.00447	0.00529	0.00774	0.01029	0.01353	0.02978	0.63565	0.08651	0.01554	0.00660	0.00211	0.00324	0.13729	0.00476	0.00427
55	0.01929	0.04512	0.03881	0.01062	0.01463	0.01266	0.00900	0.42037	0.04258	0.27223	0.01602	0.03488	0.02670	0.00652	0.00512	0.00156	0.00511	0.00510	0.00529	0.00838
56	0.01080	0.00624	0.00609	0.00570	0.00722	0.02601	0.00436	0.08818	0.01220	0.02029	0.01607	0.01820	0.01254	0.00598	0.00377	0.00123	0.00289	0.00473	0.74228	0.00521
57	0.00628	0.00457	0.00592	0.00693	0.00740	0.00421	0.00469	0.00727	0.01020	0.01349	0.06272	0.71155	0.10477	0.01555	0.00648	0.00203	0.00292	0.01401	0.00480	0.00421
58	0.01107	0.00938	0.01087	0.00780	0.01234	0.00728	0.00626	0.04982	0.01130	0.01748	0.00928	0.01072	0.00765	0.00391	0.00386	0.00080	0.00389	0.00312	0.00314	0.81002
59	0.01338	0.18267	0.06468	0.10471	0.10471	0.08844	0.01064	0.12158	0.01266	0.01693	0.00981	0.01198	0.00796	0.00557	0.00578	0.00147	0.09720	0.00401	0.11014	0.02568
60	0.00975	0.02091	0.02295	0.00774	0.00956	0.06407	0.00598	0.03199	0.10539	0.05554	0.26123	0.11739	0.17196	0.06453	0.00714	0.00191	0.00376	0.02797	0.00483	0.00540
61	0.01186	0.00962	0.01054	0.00796	0.01192	0.03483	0.00633	0.08822	0.02604	0.03197	0.01101	0.02697	0.00902	0.00466	0.00404	0.00096	0.00401	0.00370	0.09765	0.59869
62	0.00895	0.00468	0.00711	0.04568	0.00808	0.00479	0.00493	0.00700	0.00686	0.00912	0.00892	0.01550	0.00881	0.01721	0.01933	0.80937	0.00457	0.00446	0.00223	0.00240
63	0.01210	0.01798	0.32107	0.03849	0.29867	0.02963	0.06630	0.07042	0.03534	0.01776	0.03668	0.01304	0.00906	0.00509	0.00510	0.00159	0.00671	0.00454	0.00277	0.00766
64	0.00648	0.00520	0.00579	0.00568	0.00720	0.00450	0.00424	0.00816	0.01263	0.01617	0.30538	0.06239	0.51371	0.01219	0.00607	0.00170	0.00255	0.01037	0.00507	0.00450
65	0.01083	0.00923	0.01074	0.00769	0.01224	0.00703	0.00616	0.02890	0.01092	0.01705	0.00919	0.01068	0.00762	0.00385	0.00383	0.00078	0.00384	0.00307	0.00308	0.83328
