[name]
unknown

[dist]
# distance from previous block
# <min> <max>
17	82

[block]
# block no. 0 follows, 48 sequences, length 78
# corresponding to MSA columns:
# 105-182
name=unknown_A
#
# <colnr> <probs for GDERKNQSTAVLIFYWHMCP>
#	G	D	E	R	K	N	Q	S	T	A	V	L	I	F	Y	W	H	M	C	P
0	0.08882	0.01295	0.01831	0.03843	0.01852	0.11374	0.29140	0.03782	0.13245	0.07664	0.01329	0.03694	0.01070	0.03490	0.01827	0.00187	0.00675	0.02290	0.00355	0.02175
1	0.00939	0.00739	0.00811	0.01979	0.00898	0.05095	0.01614	0.09685	0.01080	0.01416	0.01908	0.26229	0.03545	0.35713	0.01469	0.00316	0.01901	0.00885	0.01594	0.02185
2	0.03074	0.05552	0.02802	0.02819	0.01337	0.23383	0.02803	0.10049	0.04222	0.01553	0.02802	0.04812	0.07087	0.11910	0.00933	0.00205	0.10659	0.00545	0.00332	0.03120
3	0.01108	0.01009	0.01625	0.02912	0.01586	0.01069	0.21734	0.03337	0.05589	0.02617	0.01266	0.08699	0.01121	0.00735	0.01997	0.00176	0.18645	0.00577	0.11318	0.12877
4	0.01045	0.01182	0.07944	0.21875	0.06219	0.01106	0.32307	0.01378	0.01085	0.01471	0.01214	0.12124	0.01098	0.00684	0.00667	0.03295	0.03772	0.00646	0.00274	0.00613
5	0.01083	0.00973	0.01539	0.71532	0.03309	0.01192	0.01373	0.10073	0.01186	0.01533	0.00949	0.01352	0.00706	0.00525	0.00513	0.00169	0.00670	0.00457	0.00261	0.00605
6	0.32057	0.02690	0.10242	0.10093	0.01458	0.02839	0.00851	0.03432	0.01037	0.13943	0.01030	0.01216	0.00774	0.00717	0.00664	0.13410	0.00503	0.00384	0.02070	0.00589
7	0.00889	0.00715	0.01035	0.00971	0.01152	0.00697	0.09471	0.08455	0.01252	0.01629	0.02858	0.24490	0.16389	0.01253	0.00645	0.00202	0.00443	0.26487	0.00454	0.00516
8	0.01093	0.01054	0.01445	0.01257	0.01296	0.01435	0.01036	0.01345	0.08370	0.01319	0.00894	0.01304	0.00832	0.01219	0.10621	0.00289	0.63884	0.00474	0.00260	0.00574
9	0.01841	0.10128	0.03362	0.01151	0.01565	0.03012	0.00979	0.63013	0.05217	0.02903	0.01196	0.01207	0.00869	0.00596	0.00492	0.00150	0.00567	0.00442	0.00471	0.00840
10	0.01179	0.01024	0.01539	0.63706	0.03118	0.01237	0.01329	0.17524	0.01323	0.01723	0.00980	0.01339	0.00724	0.00535	0.00513	0.00167	0.00658	0.00457	0.00289	0.00635
11	0.11599	0.02178	0.01382	0.01233	0.01518	0.63093	0.00939	0.09365	0.01481	0.01571	0.00827	0.00945	0.00670	0.00531	0.00451	0.00137	0.00829	0.00337	0.00295	0.00618
12	0.01237	0.01207	0.03441	0.04024	0.67178	0.01156	0.01467	0.01539	0.01152	0.01669	0.00957	0.01244	0.00802	0.00450	0.00493	0.00144	0.00587	0.00438	0.00259	0.10559
13	0.01230	0.10695	0.09649	0.02534	0.55603	0.01272	0.01461	0.01570	0.02940	0.01619	0.01068	0.01498	0.00930	0.00524	0.00498	0.00154	0.00604	0.05117	0.00266	0.00768
14	0.02120	0.00833	0.01132	0.00882	0.01247	0.00723	0.00723	0.02323	0.01467	0.70207	0.10870	0.01988	0.01683	0.00683	0.00526	0.00159	0.00414	0.00564	0.00627	0.00828
15	0.00889	0.00623	0.00898	0.10144	0.01321	0.00640	0.00848	0.01117	0.01152	0.05229	0.02489	0.14645	0.02665	0.01299	0.00670	0.00221	0.00473	0.53728	0.00453	0.00496
16	0.02912	0.02493	0.70073	0.01514	0.02239	0.01201	0.09244	0.01624	0.01091	0.01642	0.00928	0.01107	0.00661	0.00482	0.00495	0.00163	0.00761	0.00399	0.00223	0.00747
17	0.00703	0.00487	0.00607	0.00648	0.00670	0.00489	0.00412	0.00758	0.00837	0.01128	0.01996	0.29820	0.02307	0.44132	0.12322	0.00443	0.00547	0.00962	0.00362	0.00367
18	0.00668	0.00526	0.00607	0.00615	0.00760	0.00465	0.00472	0.00841	0.01244	0.01595	0.26139	0.08420	0.44717	0.01255	0.00620	0.00179	0.00281	0.09643	0.00502	0.00452
19	0.11937	0.00887	0.01140	0.00885	0.01273	0.00800	0.00731	0.02386	0.01400	0.70236	0.01873	0.01641	0.01187	0.00617	0.00493	0.00159	0.00432	0.00488	0.00598	0.00836
20	0.01241	0.01206	0.02057	0.05952	0.64540	0.01255	0.05163	0.01534	0.01127	0.01617	0.00938	0.01265	0.00792	0.00502	0.00629	0.00161	0.08535	0.00463	0.00250	0.00773
21	0.85592	0.00992	0.00754	0.00675	0.00992	0.01151	0.00556	0.01508	0.00873	0.02302	0.00714	0.00834	0.00556	0.00476	0.00318	0.00159	0.00397	0.00278	0.00318	0.00556
22	0.00822	0.00450	0.00644	0.00669	0.00675	0.00444	0.00441	0.00685	0.00742	0.00990	0.01368	0.18852	0.01510	0.08563	0.01768	0.59716	0.00418	0.00688	0.00285	0.00272
23	0.01865	0.01637	0.01476	0.01198	0.01560	0.20060	0.00960	0.50734	0.10911	0.02641	0.01227	0.01238	0.00903	0.00605	0.00502	0.00151	0.00632	0.00445	0.00455	0.00800
24	0.02264	0.00882	0.01190	0.00918	0.01311	0.00773	0.00756	0.02509	0.04273	0.76295	0.02027	0.01753	0.01281	0.00637	0.00516	0.00159	0.00435	0.00518	0.00631	0.00871
25	0.00637	0.00466	0.00600	0.00689	0.00746	0.00429	0.00473	0.00749	0.01055	0.01397	0.10551	0.63452	0.12463	0.01512	0.00645	0.00200	0.00291	0.02736	0.00485	0.00426
26	0.10950	0.01182	0.02118	0.02276	0.35814	0.01166	0.27372	0.01531	0.01177	0.01775	0.08588	0.01511	0.01167	0.00509	0.00529	0.00161	0.00637	0.00534	0.00294	0.00709
27	0.01029	0.02654	0.79309	0.01462	0.02221	0.01192	0.01896	0.01625	0.01083	0.01625	0.00921	0.01083	0.00650	0.00487	0.00487	0.00162	0.00758	0.00379	0.00217	0.00758
28	0.00867	0.00558	0.00716	0.00657	0.00811	0.00505	0.00500	0.01092	0.01421	0.09560	0.62495	0.03755	0.13018	0.01037	0.00597	0.00162	0.00263	0.00905	0.00562	0.00517
29	0.01326	0.71536	0.13024	0.00957	0.01439	0.01917	0.01015	0.01548	0.01048	0.01264	0.00741	0.00858	0.00657	0.00446	0.00351	0.00117	0.00577	0.00288	0.00219	0.00672
30	0.00969	0.00912	0.01539	0.80734	0.03534	0.01140	0.01425	0.01311	0.01026	0.01311	0.00912	0.01368	0.00684	0.00513	0.00513	0.00171	0.00684	0.00456	0.00228	0.00570
31	0.00703	0.00515	0.00659	0.00641	0.00757	0.00471	0.00474	0.00916	0.01370	0.01905	0.62533	0.12941	0.11925	0.01138	0.00611	0.00168	0.00250	0.01005	0.00546	0.00471
32	0.00774	0.00622	0.00660	0.00636	0.00820	0.00573	0.00487	0.09578	0.01295	0.01600	0.04386	0.12095	0.58526	0.01256	0.00605	0.00178	0.00309	0.04634	0.00481	0.00484
33	0.01306	0.64861	0.02341	0.00853	0.01295	0.01742	0.00820	0.01484	0.01047	0.01307	0.00756	0.00875	0.00680	0.00426	0.00340	0.00103	0.00513	0.00281	0.00238	0.18734
34	0.00770	0.00595	0.00896	0.00942	0.04676	0.00689	0.00688	0.00951	0.00838	0.01209	0.01345	0.02002	0.01264	0.06246	0.71452	0.00766	0.03378	0.00549	0.00274	0.00473
35	0.01345	0.00795	0.00873	0.00768	0.01005	0.00837	0.00602	0.06694	0.24412	0.15224	0.01831	0.01842	0.01355	0.00635	0.00445	0.00145	0.00344	0.00514	0.39664	0.00671
36	0.01166	0.34470	0.48692	0.01229	0.01860	0.01527	0.01489	0.01590	0.01067	0.01458	0.00838	0.00979	0.00653	0.00468	0.00424	0.00141	0.00675	0.00337	0.00218	0.00718
37	0.00804	0.00646	0.00864	0.12689	0.01258	0.00629	0.00644	0.00950	0.00969	0.01345	0.01892	0.38935	0.02122	0.12011	0.00868	0.00213	0.02813	0.00928	0.00371	0.19047
38	0.01789	0.10161	0.01603	0.03420	0.05607	0.64149	0.01017	0.01972	0.03310	0.01297	0.00830	0.00969	0.00692	0.00520	0.00455	0.00133	0.00853	0.00341	0.00265	0.00617
39	0.01400	0.78371	0.02633	0.00893	0.01330	0.02009	0.00883	0.05185	0.01109	0.01305	0.00738	0.00843	0.00669	0.00448	0.00338	0.00112	0.00549	0.00283	0.00234	0.00669
40	0.01110	0.01007	0.01483	0.20272	0.27142	0.01057	0.01140	0.04830	0.08704	0.01652	0.01585	0.03310	0.09892	0.00624	0.00543	0.00155	0.02925	0.00541	0.00322	0.11707
41	0.00952	0.00890	0.01493	0.76869	0.03399	0.01105	0.01379	0.01282	0.01024	0.01311	0.01005	0.05245	0.00815	0.00566	0.00520	0.00173	0.00665	0.00504	0.00240	0.00563
42	0.00635	0.00454	0.00604	0.00708	0.00746	0.00423	0.00477	0.00739	0.01029	0.01383	0.10271	0.73980	0.03536	0.01553	0.00650	0.00204	0.00292	0.01406	0.00485	0.00423
43	0.00725	0.00660	0.00916	0.09994	0.01234	0.00629	0.08058	0.00904	0.01127	0.01386	0.03957	0.08655	0.53724	0.02916	0.00670	0.00184	0.02409	0.00963	0.00416	0.00474
44	0.04168	0.00915	0.01053	0.00757	0.01208	0.00701	0.00606	0.01300	0.01057	0.01695	0.00905	0.01056	0.00752	0.00384	0.00378	0.00079	0.00381	0.00303	0.00304	0.81999
45	0.00759	0.00581	0.00779	0.00805	0.00891	0.00569	0.02522	0.04668	0.01053	0.01430	0.02465	0.65620	0.02888	0.02641	0.00706	0.00202	0.03992	0.01258	0.00448	0.05721
46	0.00633	0.00451	0.00600	0.00716	0.00747	0.00423	0.00480	0.00723	0.00981	0.01307	0.02795	0.77985	0.03345	0.03626	0.00705	0.00216	0.00307	0.03075	0.00472	0.00415
47	0.01094	0.01073	0.01658	0.58322	0.20601	0.05813	0.01434	0.01415	0.01084	0.01391	0.00917	0.01319	0.00712	0.00501	0.00509	0.00164	0.00681	0.00449	0.00236	0.00627
48	0.18034	0.01084	0.01266	0.02561	0.15504	0.01196	0.00909	0.03760	0.38689	0.09325	0.01570	0.01545	0.01173	0.00599	0.00478	0.00165	0.00452	0.00488	0.00438	0.00765
49	0.02302	0.00873	0.01191	0.00913	0.01310	0.00754	0.00754	0.02501	0.01469	0.79122	0.02024	0.01746	0.01270	0.00635	0.00516	0.00159	0.00437	0.00516	0.00635	0.00873
50	0.01270	0.01219	0.02083	0.03149	0.78767	0.01219	0.01575	0.01575	0.01168	0.01676	0.00965	0.01270	0.00813	0.00457	0.00508	0.00152	0.00610	0.00457	0.00254	0.00813
51	0.01059	0.09699	0.72529	0.01411	0.02141	0.01266	0.01806	0.01617	0.01080	0.01588	0.00902	0.01060	0.00651	0.00483	0.00473	0.00158	0.00740	0.00370	0.00217	0.00749
52	0.01878	0.02241	0.01432	0.01275	0.01549	0.66698	0.00964	0.11860	0.01554	0.01506	0.00881	0.01055	0.00733	0.03531	0.00548	0.00148	0.00862	0.00363	0.00299	0.00621
53	0.00746	0.00497	0.00560	0.00560	0.00560	0.00497	0.00311	0.00746	0.00746	0.00995	0.01617	0.03358	0.01865	0.81967	0.02612	0.00497	0.00497	0.00746	0.00311	0.00311
54	0.01029	0.02654	0.79309	0.01462	0.02221	0.01192	0.01896	0.01625	0.01083	0.01625	0.00921	0.01083	0.00650	0.00487	0.00487	0.00162	0.00758	0.00379	0.00217	0.00758
55	0.00630	0.00450	0.00601	0.00720	0.00752	0.00421	0.00485	0.00723	0.00988	0.01316	0.02825	0.79671	0.03382	0.01603	0.00656	0.00209	0.00302	0.03369	0.00476	0.00418
56	0.02302	0.00873	0.01191	0.00913	0.01310	0.00754	0.00754	0.02501	0.01469	0.79122	0.02024	0.01746	0.01270	0.00635	0.00516	0.00159	0.00437	0.00516	0.00635	0.00873
57	0.00625	0.00447	0.00595	0.00714	0.00744	0.00417	0.00476	0.00714	0.00982	0.01310	0.02828	0.81633	0.03394	0.01608	0.00655	0.00208	0.00298	0.01459	0.00476	0.00417
58	0.01059	0.02612	0.77482	0.01450	0.02199	0.01181	0.01869	0.01645	0.01092	0.03438	0.00947	0.01099	0.00664	0.00491	0.00488	0.00162	0.00751	0.00382	0.00226	0.00761
59	0.01487	0.00708	0.00924	0.00772	0.01036	0.00631	0.00613	0.01730	0.03569	0.39089	0.31599	0.02894	0.11017	0.00867	0.00560	0.00162	0.00342	0.00737	0.00588	0.00675
60	0.01338	0.74444	0.10226	0.00935	0.01406	0.01948	0.00978	0.01545	0.01047	0.01248	0.00734	0.00849	0.00658	0.00444	0.00345	0.00115	0.00569	0.00285	0.00219	0.00668
61	0.01842	0.02304	0.01527	0.01533	0.10514	0.70805	0.01059	0.01994	0.01421	0.01304	0.00813	0.00965	0.00679	0.00520	0.00468	0.00135	0.00889	0.00345	0.00263	0.00620
62	0.01577	0.14236	0.01543	0.01060	0.01404	0.01434	0.00894	0.44703	0.07689	0.02485	0.01505	0.07441	0.01320	0.00760	0.00518	0.00162	0.00520	0.09535	0.00459	0.00753
63	0.01917	0.02445	0.01454	0.01322	0.01586	0.79907	0.00991	0.02049	0.01454	0.01256	0.00793	0.00925	0.00661	0.00529	0.00463	0.00132	0.00925	0.00330	0.00264	0.00595
64	0.01250	0.01012	0.01096	0.00983	0.01255	0.01142	0.00764	0.02473	0.63624	0.05853	0.12614	0.02171	0.02003	0.00742	0.00533	0.00172	0.00385	0.00625	0.00533	0.00770
65	0.01104	0.09036	0.01571	0.01214	0.01277	0.01485	0.01019	0.01261	0.02321	0.01344	0.09706	0.01421	0.01171	0.00867	0.01404	0.00205	0.62267	0.00490	0.00269	0.00567
66	0.02302	0.00873	0.01191	0.00913	0.01310	0.00754	0.00754	0.02501	0.01469	0.79122	0.02024	0.01746	0.01270	0.00635	0.00516	0.00159	0.00437	0.00516	0.00635	0.00873
67	0.00939	0.00843	0.01387	0.63656	0.03005	0.01022	0.01297	0.01258	0.01059	0.01359	0.01298	0.02314	0.01170	0.00707	0.00555	0.00185	0.00639	0.16479	0.00280	0.00549
68	0.00717	0.00520	0.00744	0.00771	0.00844	0.00576	0.00574	0.00869	0.00864	0.01230	0.01732	0.20316	0.01803	0.08079	0.54299	0.00639	0.01035	0.00768	0.03179	0.00440
69	0.00865	0.00446	0.00661	0.00673	0.00676	0.00443	0.00449	0.00673	0.00699	0.00932	0.01082	0.09436	0.01137	0.01765	0.01873	0.76724	0.00431	0.00545	0.00248	0.00242
70	0.00625	0.00447	0.00595	0.00714	0.00744	0.00417	0.00476	0.00714	0.00982	0.01310	0.02828	0.81633	0.03394	0.01608	0.00655	0.00208	0.00298	0.01459	0.00476	0.00417
71	0.13031	0.01243	0.01353	0.01050	0.01445	0.01332	0.00867	0.49213	0.01983	0.21343	0.01354	0.01303	0.00926	0.00602	0.00488	0.00156	0.00512	0.00451	0.00517	0.00831
72	0.01122	0.01063	0.01803	0.38281	0.42625	0.01167	0.01487	0.01442	0.01104	0.01507	0.00987	0.01432	0.00810	0.00507	0.00515	0.00163	0.00640	0.02402	0.00248	0.00694
73	0.00660	0.00472	0.00635	0.00751	0.00797	0.00447	0.00535	0.00777	0.01024	0.01360	0.04132	0.67709	0.03346	0.01566	0.00663	0.00212	0.00326	0.13684	0.00477	0.00427
74	0.01123	0.01123	0.01572	0.01347	0.01347	0.01572	0.01123	0.01235	0.00786	0.01235	0.00674	0.01123	0.00674	0.00898	0.01684	0.00225	0.81028	0.00449	0.00225	0.00561
75	0.00686	0.00483	0.00631	0.00727	0.00767	0.00465	0.00508	0.00785	0.00973	0.01290	0.02570	0.52264	0.03012	0.17357	0.01049	0.00270	0.00369	0.14945	0.00443	0.00406
76	0.01155	0.01076	0.01813	0.02652	0.62103	0.01095	0.01375	0.01434	0.01095	0.01572	0.01053	0.01430	0.00913	0.01183	0.17509	0.00296	0.00773	0.00477	0.00258	0.00737
77	0.00733	0.00550	0.00825	0.00825	0.00916	0.00641	0.00641	0.00916	0.00825	0.01191	0.01374	0.02016	0.01283	0.03848	0.79934	0.00825	0.01374	0.00550	0.00275	0.00458

[dist]
# distance from previous block
# <min> <max>
0	2

[block]
# block no. 1 follows, 48 sequences, length 8
# corresponding to MSA columns:
# 185-192
name=unknown_B
#
# <colnr> <probs for GDERKNQSTAVLIFYWHMCP>
#	G	D	E	R	K	N	Q	S	T	A	V	L	I	F	Y	W	H	M	C	P
0	0.01223	0.01301	0.01692	0.01419	0.01498	0.10692	0.08089	0.01368	0.00903	0.01275	0.00721	0.01124	0.00682	0.00812	0.01442	0.00209	0.64291	0.00450	0.00232	0.00577
1	0.00728	0.00519	0.00640	0.00610	0.00739	0.00475	0.00457	0.00952	0.01372	0.01935	0.59531	0.03835	0.16472	0.01048	0.00583	0.00159	0.00245	0.00912	0.08312	0.00475
2	0.01064	0.00912	0.01064	0.00760	0.01216	0.00684	0.00608	0.01292	0.01064	0.01672	0.00912	0.01064	0.00760	0.00380	0.00380	0.00076	0.00380	0.00304	0.00304	0.85104
3	0.85592	0.00992	0.00754	0.00675	0.00992	0.01151	0.00556	0.01508	0.00873	0.02302	0.00714	0.00834	0.00556	0.00476	0.00318	0.00159	0.00397	0.00278	0.00318	0.00556
4	0.02157	0.00956	0.01374	0.01131	0.05753	0.00861	0.05543	0.06575	0.01489	0.65712	0.01859	0.01668	0.01192	0.00611	0.00521	0.00159	0.00480	0.00515	0.00584	0.00859
5	0.01075	0.00721	0.00599	0.00582	0.00720	0.10270	0.00437	0.01301	0.01123	0.01832	0.01565	0.01791	0.01235	0.00589	0.00371	0.00121	0.00324	0.00460	0.74393	0.00493
6	0.01125	0.01042	0.01700	0.05679	0.54317	0.01023	0.01281	0.01387	0.01120	0.01598	0.01279	0.15141	0.01248	0.00650	0.00521	0.00155	0.00535	0.00615	0.00296	0.09289
7	0.02013	0.00846	0.01186	0.10213	0.01524	0.00774	0.00810	0.02225	0.01396	0.63660	0.05077	0.05078	0.01436	0.00678	0.00525	0.00162	0.00452	0.00565	0.00578	0.00803

[dist]
# distance from previous block
# <min> <max>
0	9

[block]
# block no. 2 follows, 48 sequences, length 32
# corresponding to MSA columns:
# 202-233
name=unknown_C
#
# <colnr> <probs for GDERKNQSTAVLIFYWHMCP>
#	G	D	E	R	K	N	Q	S	T	A	V	L	I	F	Y	W	H	M	C	P
0	0.00890	0.00673	0.00771	0.00699	0.00881	0.00652	0.00538	0.13516	0.01489	0.01983	0.36667	0.05717	0.28543	0.02458	0.00628	0.00172	0.00312	0.02368	0.00519	0.00527
1	0.80984	0.00986	0.00778	0.00688	0.01010	0.01129	0.00567	0.01563	0.00906	0.06552	0.00787	0.00884	0.00595	0.00485	0.00329	0.00159	0.00399	0.00291	0.00335	0.00573
2	0.02180	0.00895	0.01187	0.00917	0.01299	0.00802	0.00755	0.08120	0.01540	0.68677	0.06559	0.01832	0.01454	0.00658	0.00521	0.00159	0.00435	0.00537	0.00622	0.00850
3	0.02252	0.01046	0.01229	0.00962	0.01347	0.08465	0.00785	0.05099	0.01501	0.68876	0.01877	0.01649	0.01197	0.00624	0.00511	0.00156	0.00489	0.00496	0.00595	0.00846
4	0.00625	0.00447	0.00595	0.00714	0.00744	0.00417	0.00476	0.00714	0.00982	0.01310	0.02828	0.81633	0.03394	0.01608	0.00655	0.00208	0.00298	0.01459	0.00476	0.00417
5	0.00625	0.00447	0.00595	0.00714	0.00744	0.00417	0.00476	0.00714	0.00982	0.01310	0.02828	0.81633	0.03394	0.01608	0.00655	0.00208	0.00298	0.01459	0.00476	0.00417
6	0.00769	0.00872	0.13733	0.00786	0.01006	0.00596	0.00718	0.01058	0.01355	0.01928	0.59820	0.09336	0.04035	0.00999	0.00589	0.00165	0.00332	0.00877	0.00500	0.00525
7	0.01162	0.07224	0.61675	0.01348	0.02017	0.01221	0.01650	0.01787	0.08556	0.06996	0.01098	0.01194	0.00782	0.00515	0.00483	0.00160	0.00689	0.00402	0.00275	0.00765
8	0.02302	0.00873	0.01191	0.00913	0.01310	0.00754	0.00754	0.02501	0.01469	0.79122	0.02024	0.01746	0.01270	0.00635	0.00516	0.00159	0.00437	0.00516	0.00635	0.00873
9	0.02302	0.00873	0.01191	0.00913	0.01310	0.00754	0.00754	0.02501	0.01469	0.79122	0.02024	0.01746	0.01270	0.00635	0.00516	0.00159	0.00437	0.00516	0.00635	0.00873
10	0.01371	0.31217	0.32580	0.01218	0.01740	0.20899	0.01307	0.01698	0.01160	0.01384	0.00815	0.00951	0.00656	0.00480	0.00424	0.00136	0.00724	0.00329	0.00229	0.00682
11	0.01038	0.00692	0.00921	0.00966	0.01131	0.00699	0.00836	0.08537	0.01321	0.07053	0.02525	0.05067	0.02635	0.01286	0.00676	0.00223	0.00479	0.62889	0.00488	0.00539
12	0.85592	0.00992	0.00754	0.00675	0.00992	0.01151	0.00556	0.01508	0.00873	0.02302	0.00714	0.00834	0.00556	0.00476	0.00318	0.00159	0.00397	0.00278	0.00318	0.00556
13	0.01433	0.54793	0.02183	0.00971	0.01327	0.20938	0.00867	0.01582	0.01137	0.01229	0.00938	0.08690	0.00925	0.00574	0.00394	0.00125	0.00617	0.00403	0.00255	0.00619
14	0.01718	0.00948	0.01184	0.00913	0.02714	0.00809	0.00726	0.08785	0.01375	0.37420	0.01454	0.01397	0.01006	0.00520	0.00457	0.00123	0.00427	0.00419	0.00474	0.37132
15	0.01286	0.67004	0.11820	0.00933	0.01388	0.01822	0.00974	0.01508	0.01076	0.01316	0.06104	0.01062	0.00946	0.00487	0.00367	0.00120	0.00553	0.00332	0.00243	0.00659
16	0.02288	0.00896	0.01205	0.00924	0.01321	0.00789	0.00763	0.05576	0.01508	0.75991	0.01992	0.01725	0.01254	0.00634	0.00516	0.00159	0.00442	0.00514	0.00630	0.00873
17	0.01189	0.01348	0.02935	0.02108	0.02608	0.01264	0.74001	0.01608	0.01202	0.01631	0.01106	0.04432	0.00878	0.00477	0.00607	0.00174	0.00844	0.00638	0.00268	0.00682
18	0.00734	0.00545	0.00800	0.00800	0.00883	0.00628	0.00610	0.00900	0.00817	0.01173	0.01397	0.02141	0.01337	0.11148	0.72709	0.00794	0.01292	0.00568	0.00278	0.00444
19	0.01139	0.02500	0.72548	0.01415	0.02142	0.01154	0.01797	0.01701	0.01117	0.08332	0.01016	0.01141	0.00704	0.00500	0.00490	0.00162	0.00730	0.00391	0.00253	0.00768
20	0.00633	0.00453	0.00602	0.00709	0.00746	0.00422	0.00477	0.00734	0.01018	0.01367	0.08624	0.75673	0.03505	0.01565	0.00651	0.00205	0.00293	0.01418	0.00483	0.00422
21	0.66003	0.00964	0.00857	0.00731	0.01067	0.01058	0.00602	0.01742	0.01013	0.20369	0.01023	0.01048	0.00724	0.00514	0.00364	0.00159	0.00406	0.00334	0.00392	0.00630
22	0.04172	0.00550	0.00615	0.10074	0.00964	0.00583	0.00494	0.01221	0.01062	0.01856	0.01546	0.01807	0.01211	0.00583	0.00376	0.00127	0.00298	0.00468	0.71501	0.00492
23	0.01045	0.01024	0.01553	0.61508	0.04757	0.04731	0.01356	0.01336	0.01006	0.01303	0.00866	0.01303	0.00684	0.00580	0.00716	0.00178	0.14799	0.00449	0.00230	0.00575
24	0.00623	0.00454	0.00588	0.00696	0.00739	0.00418	0.00468	0.00717	0.01001	0.01317	0.03058	0.74190	0.10688	0.01578	0.00650	0.00205	0.00294	0.01422	0.00476	0.00418
25	0.00969	0.00912	0.01539	0.80734	0.03534	0.01140	0.01425	0.01311	0.01026	0.01311	0.00912	0.01368	0.00684	0.00513	0.00513	0.00171	0.00684	0.00456	0.00228	0.00570
26	0.01079	0.00703	0.00851	0.00749	0.00955	0.00684	0.00582	0.08656	0.07346	0.12272	0.42941	0.03278	0.14215	0.01018	0.02202	0.00177	0.00337	0.00816	0.00547	0.00591
27	0.01066	0.05325	0.68212	0.01594	0.08067	0.01227	0.04260	0.01619	0.01093	0.01615	0.00921	0.01098	0.00667	0.00482	0.00487	0.00160	0.00743	0.00389	0.00221	0.00757
28	0.07645	0.11572	0.01528	0.01186	0.01481	0.55887	0.00928	0.01977	0.01352	0.08878	0.00895	0.00991	0.00713	0.00533	0.00469	0.00136	0.02564	0.00341	0.00298	0.00626
29	0.03243	0.41766	0.21697	0.01297	0.10604	0.02826	0.01198	0.01664	0.01112	0.08954	0.00924	0.01032	0.00732	0.00475	0.00410	0.00134	0.00600	0.00347	0.00266	0.00719
30	0.02789	0.04377	0.00993	0.00880	0.00990	0.02768	0.00691	0.01051	0.00927	0.04477	0.01788	0.16550	0.07430	0.02324	0.36126	0.00474	0.13820	0.00715	0.00332	0.00497
31	0.00834	0.00576	0.01947	0.00675	0.00819	0.00506	0.00516	0.01051	0.01367	0.07812	0.57314	0.11245	0.09381	0.02865	0.00646	0.00174	0.00277	0.00946	0.00544	0.00504

[dist]
# distance from previous block
# <min> <max>
0	6

[block]
# block no. 3 follows, 48 sequences, length 66
# corresponding to MSA columns:
# 240-305
name=unknown_D
#
# <colnr> <probs for GDERKNQSTAVLIFYWHMCP>
#	G	D	E	R	K	N	Q	S	T	A	V	L	I	F	Y	W	H	M	C	P
0	0.10107	0.04001	0.02325	0.01699	0.03422	0.01217	0.46840	0.02756	0.01179	0.11481	0.01122	0.01373	0.00839	0.00675	0.04995	0.00205	0.04228	0.00534	0.00315	0.00686
1	0.01655	0.01190	0.01330	0.01103	0.01436	0.01297	0.00918	0.50299	0.07962	0.06270	0.01678	0.02359	0.01425	0.00808	0.00559	0.00175	0.00525	0.17725	0.00510	0.00776
2	0.05734	0.72966	0.05900	0.00899	0.01345	0.01939	0.00908	0.03063	0.01063	0.01323	0.00733	0.00843	0.00657	0.00447	0.00339	0.00115	0.00550	0.00283	0.00230	0.00662
3	0.01214	0.11740	0.10851	0.01958	0.05753	0.01380	0.55087	0.01619	0.01168	0.01582	0.00976	0.01273	0.00750	0.00447	0.00570	0.00164	0.01989	0.00531	0.00249	0.00698
4	0.01169	0.01399	0.08663	0.13282	0.10675	0.01259	0.52593	0.01588	0.01171	0.01599	0.01004	0.01347	0.00759	0.00451	0.00573	0.00170	0.00805	0.00551	0.00251	0.00693
5	0.02172	0.00902	0.01187	0.00930	0.01313	0.00820	0.00761	0.02529	0.11132	0.69382	0.02032	0.01768	0.01308	0.00643	0.00517	0.00161	0.00433	0.00524	0.00621	0.00865
6	0.00746	0.00497	0.00560	0.00560	0.00560	0.00497	0.00311	0.00746	0.00746	0.00995	0.01617	0.03358	0.01865	0.81967	0.02612	0.00497	0.00497	0.00746	0.00311	0.00311
7	0.00972	0.00883	0.01329	0.01506	0.19007	0.03264	0.03364	0.01178	0.00928	0.01327	0.01134	0.01641	0.01037	0.02363	0.43558	0.00527	0.14645	0.00507	0.00261	0.00569
8	0.00733	0.00550	0.00825	0.00825	0.00916	0.00641	0.00641	0.00916	0.00825	0.01191	0.01374	0.02016	0.01283	0.03848	0.79934	0.00825	0.01374	0.00550	0.00275	0.00458
9	0.00620	0.00466	0.00575	0.00662	0.00730	0.00421	0.00453	0.00720	0.01033	0.01331	0.03471	0.60837	0.23775	0.01524	0.00642	0.00199	0.00287	0.01357	0.00476	0.00421
10	0.01040	0.02592	0.75948	0.01536	0.05552	0.01193	0.01882	0.01623	0.01087	0.01627	0.00923	0.01091	0.00657	0.00486	0.00488	0.00162	0.00752	0.00383	0.00218	0.00761
11	0.01320	0.01275	0.03136	0.02363	0.47874	0.07409	0.04406	0.11061	0.01330	0.01795	0.01237	0.09736	0.01140	0.00632	0.00530	0.00160	0.00605	0.02928	0.00317	0.00745
12	0.02302	0.00873	0.01191	0.00913	0.01310	0.00754	0.00754	0.02501	0.01469	0.79122	0.02024	0.01746	0.01270	0.00635	0.00516	0.00159	0.00437	0.00516	0.00635	0.00873
13	0.01225	0.00635	0.00846	0.00730	0.00939	0.00570	0.00570	0.01454	0.01458	0.26463	0.54278	0.03172	0.03710	0.00918	0.00577	0.00161	0.00304	0.00797	0.00587	0.00607
14	0.01258	0.59303	0.06145	0.00816	0.01198	0.01629	0.00811	0.01462	0.01052	0.01391	0.00945	0.01088	0.00809	0.00478	0.00344	0.00115	0.00488	0.00327	0.19717	0.00622
15	0.01217	0.01367	0.02929	0.02265	0.10590	0.01289	0.69073	0.01636	0.01207	0.01647	0.01030	0.01372	0.00782	0.00435	0.00595	0.00171	0.00838	0.00590	0.00259	0.00705
16	0.00831	0.00668	0.00979	0.01296	0.18763	0.00653	0.00751	0.04235	0.01087	0.01478	0.02329	0.59612	0.02689	0.01299	0.00615	0.00193	0.00381	0.01184	0.00427	0.00528
17	0.01126	0.01132	0.01622	0.01375	0.01393	0.01562	0.03729	0.01249	0.00800	0.01249	0.00686	0.01132	0.00677	0.00882	0.01647	0.00223	0.78272	0.00454	0.00226	0.00566
18	0.01232	0.00917	0.01085	0.00794	0.01234	0.00724	0.00637	0.01519	0.05094	0.11496	0.01114	0.01194	0.00866	0.00429	0.00405	0.00092	0.00389	0.00345	0.00357	0.70078
19	0.73297	0.08767	0.00968	0.02211	0.01081	0.01222	0.00609	0.01539	0.00911	0.04613	0.00760	0.00872	0.00591	0.00478	0.00329	0.00154	0.00418	0.00288	0.00317	0.00576
20	0.02302	0.00873	0.01191	0.00913	0.01310	0.00754	0.00754	0.02501	0.01469	0.79122	0.02024	0.01746	0.01270	0.00635	0.00516	0.00159	0.00437	0.00516	0.00635	0.00873
21	0.00625	0.00447	0.00595	0.00714	0.00744	0.00417	0.00476	0.00714	0.00982	0.01310	0.02828	0.81633	0.03394	0.01608	0.00655	0.00208	0.00298	0.01459	0.00476	0.00417
22	0.00736	0.00537	0.00760	0.00760	0.00829	0.00606	0.00561	0.00875	0.00805	0.01143	0.01433	0.02343	0.01425	0.22897	0.61080	0.00745	0.01161	0.00598	0.00284	0.00422
23	0.00632	0.00451	0.00603	0.00722	0.00754	0.00422	0.00487	0.00726	0.00989	0.01317	0.02825	0.79229	0.03380	0.01602	0.00657	0.00209	0.00303	0.03799	0.00476	0.00419
24	0.00659	0.00471	0.00631	0.00730	0.00780	0.00443	0.00514	0.00783	0.01063	0.01428	0.12391	0.63905	0.03531	0.01517	0.00654	0.00205	0.00309	0.09068	0.00487	0.00431
25	0.81275	0.00986	0.00777	0.00687	0.01009	0.01130	0.00566	0.01560	0.00904	0.06284	0.00782	0.00881	0.00593	0.00485	0.00328	0.00159	0.00399	0.00290	0.00334	0.00572
26	0.02017	0.00890	0.01143	0.00910	0.01275	0.00824	0.00741	0.02427	0.14605	0.60903	0.02238	0.01979	0.06252	0.00688	0.00523	0.00162	0.00420	0.00563	0.00605	0.00835
27	0.00790	0.00593	0.00744	0.00718	0.00859	0.00577	0.00557	0.01151	0.09344	0.01966	0.57166	0.03938	0.08083	0.01072	0.00610	0.00173	0.00289	0.10312	0.00544	0.00514
28	0.00733	0.00550	0.00825	0.00825	0.00916	0.00641	0.00641	0.00916	0.00825	0.01191	0.01374	0.02016	0.01283	0.03848	0.79934	0.00825	0.01374	0.00550	0.00275	0.00458
29	0.00629	0.00450	0.00598	0.00716	0.00749	0.00420	0.00481	0.00721	0.00989	0.01315	0.02866	0.78917	0.04647	0.01599	0.00655	0.00208	0.00300	0.02844	0.00476	0.00418
30	0.10145	0.01129	0.01167	0.01021	0.01331	0.01293	0.00805	0.12001	0.58856	0.03751	0.01836	0.01713	0.01368	0.00662	0.00500	0.00170	0.00426	0.00533	0.00502	0.00794
31	0.85592	0.00992	0.00754	0.00675	0.00992	0.01151	0.00556	0.01508	0.00873	0.02302	0.00714	0.00834	0.00556	0.00476	0.00318	0.00159	0.00397	0.00278	0.00318	0.00556
32	0.01341	0.61849	0.04229	0.01414	0.19187	0.01825	0.01061	0.01547	0.01072	0.01324	0.00776	0.00932	0.00694	0.00444	0.00374	0.00121	0.00567	0.00319	0.00227	0.00696
33	0.05381	0.00653	0.00745	0.00689	0.00791	0.00765	0.00545	0.01221	0.00999	0.01777	0.01394	0.01675	0.01128	0.00661	0.00662	0.00146	0.18867	0.00461	0.60940	0.00501
34	0.00780	0.00581	0.00733	0.00695	0.00829	0.00565	0.00523	0.01139	0.09364	0.02020	0.65501	0.07695	0.04398	0.01047	0.00601	0.00166	0.00265	0.02030	0.00554	0.00515
35	0.01216	0.01250	0.05326	0.17864	0.59365	0.02928	0.01547	0.01537	0.01144	0.01595	0.00949	0.01273	0.00778	0.00471	0.00507	0.00156	0.00637	0.00451	0.00248	0.00759
36	0.01149	0.01130	0.02027	0.31938	0.38893	0.01202	0.13211	0.01487	0.01122	0.01535	0.00957	0.01324	0.00759	0.00474	0.00525	0.00163	0.00677	0.00480	0.00245	0.00703
37	0.01372	0.82276	0.02689	0.00878	0.01317	0.02030	0.00878	0.01536	0.01043	0.01207	0.00713	0.00823	0.00658	0.00439	0.00329	0.00110	0.00549	0.00274	0.00219	0.00658
38	0.00852	0.00650	0.00747	0.00696	0.00871	0.00625	0.00539	0.10538	0.02787	0.01890	0.32102	0.06250	0.30842	0.02399	0.00633	0.00177	0.00314	0.06061	0.00513	0.00515
39	0.10984	0.06213	0.02671	0.01417	0.19152	0.01028	0.00954	0.05336	0.01334	0.41744	0.01478	0.01431	0.01010	0.00556	0.00477	0.00152	0.00489	0.00452	0.00467	0.02656
40	0.02032	0.01307	0.01459	0.01119	0.01526	0.01398	0.00924	0.59873	0.02195	0.20724	0.01415	0.01350	0.00964	0.00620	0.00514	0.00155	0.00535	0.00474	0.00541	0.00873
41	0.02302	0.00873	0.01191	0.00913	0.01310	0.00754	0.00754	0.02501	0.01469	0.79122	0.02024	0.01746	0.01270	0.00635	0.00516	0.00159	0.00437	0.00516	0.00635	0.00873
42	0.01052	0.00592	0.00767	0.00766	0.00927	0.00539	0.00588	0.01220	0.02221	0.19319	0.04343	0.34187	0.16562	0.01274	0.00620	0.00194	0.00352	0.13422	0.00514	0.00541
43	0.00891	0.00446	0.00668	0.00668	0.00668	0.00446	0.00446	0.00668	0.00668	0.00891	0.00891	0.01560	0.00891	0.01783	0.02005	0.85071	0.00446	0.00446	0.00223	0.00223
44	0.00956	0.00478	0.00478	0.00478	0.00598	0.00478	0.00359	0.01196	0.01076	0.01913	0.01674	0.01913	0.01315	0.00598	0.00359	0.00120	0.00239	0.00478	0.84816	0.00478
45	0.00746	0.00497	0.00560	0.00560	0.00560	0.00497	0.00311	0.00746	0.00746	0.00995	0.01617	0.03358	0.01865	0.81967	0.02612	0.00497	0.00497	0.00746	0.00311	0.00311
46	0.01085	0.01071	0.01564	0.20774	0.01882	0.01466	0.01197	0.01253	0.00845	0.01253	0.00732	0.01183	0.00676	0.00804	0.01397	0.00211	0.61367	0.00451	0.00225	0.00563
47	0.01121	0.01126	0.01627	0.58642	0.16750	0.09342	0.01407	0.01435	0.01096	0.01370	0.00909	0.01304	0.00705	0.00505	0.00507	0.00164	0.00696	0.00443	0.00236	0.00616
48	0.02302	0.00873	0.01191	0.00913	0.01310	0.00754	0.00754	0.02501	0.01469	0.79122	0.02024	0.01746	0.01270	0.00635	0.00516	0.00159	0.00437	0.00516	0.00635	0.00873
49	0.02039	0.01296	0.01452	0.01113	0.01521	0.01381	0.00920	0.58368	0.02176	0.22256	0.01431	0.01361	0.00972	0.00621	0.00514	0.00155	0.00533	0.00476	0.00544	0.00873
50	0.01042	0.04039	0.68084	0.01486	0.02190	0.01191	0.08013	0.01600	0.01097	0.01614	0.01005	0.01308	0.00761	0.00522	0.00504	0.00166	0.00751	0.03657	0.00231	0.00738
51	0.01241	0.01241	0.02272	0.06943	0.57332	0.01233	0.18928	0.01577	0.01171	0.01650	0.00979	0.01301	0.00798	0.00454	0.00531	0.00158	0.00672	0.00491	0.00254	0.00772
52	0.82696	0.03788	0.00821	0.00682	0.01003	0.01181	0.00567	0.01509	0.00879	0.02264	0.00714	0.00833	0.00559	0.00475	0.00318	0.00157	0.00402	0.00278	0.00314	0.00559
53	0.01073	0.01050	0.01477	0.01281	0.01293	0.01454	0.01062	0.01195	0.00791	0.01229	0.00762	0.01236	0.00751	0.01271	0.11585	0.00300	0.70950	0.00462	0.00231	0.00548
54	0.01948	0.00885	0.01121	0.00893	0.01250	0.00819	0.00727	0.06240	0.10506	0.56182	0.02392	0.02143	0.11063	0.00725	0.00528	0.00162	0.00417	0.00592	0.00595	0.00810
55	0.65104	0.00968	0.00845	0.00714	0.01058	0.01045	0.00586	0.01598	0.00967	0.11254	0.00893	0.00970	0.00666	0.00483	0.00349	0.00148	0.00399	0.00309	0.00353	0.11291
56	0.02302	0.00873	0.01191	0.00913	0.01310	0.00754	0.00754	0.02501	0.01469	0.79122	0.02024	0.01746	0.01270	0.00635	0.00516	0.00159	0.00437	0.00516	0.00635	0.00873
57	0.02258	0.00945	0.01235	0.00947	0.01345	0.00860	0.00782	0.11934	0.01588	0.69520	0.01924	0.01681	0.01220	0.00633	0.00516	0.00158	0.00453	0.00509	0.00620	0.00873
58	0.00764	0.00654	0.00672	0.00644	0.00843	0.00629	0.00490	0.01202	0.18849	0.01582	0.06719	0.04207	0.58564	0.01153	0.00587	0.00173	0.00293	0.00962	0.00490	0.00522
59	0.01857	0.00775	0.01048	0.00837	0.01156	0.00678	0.00678	0.02068	0.01464	0.57366	0.23613	0.02335	0.02278	0.00752	0.00541	0.00160	0.00382	0.00632	0.00615	0.00763
60	0.00741	0.00546	0.00808	0.00808	0.00899	0.00633	0.00625	0.00922	0.00831	0.01211	0.01389	0.02039	0.01295	0.05290	0.75756	0.00795	0.01319	0.00551	0.03084	0.00456
61	0.75053	0.00977	0.00809	0.00705	0.01032	0.01101	0.00581	0.01634	0.00949	0.12022	0.00880	0.00949	0.00646	0.00496	0.00343	0.00159	0.00402	0.00308	0.00358	0.00596
62	0.01976	0.01373	0.01498	0.01151	0.01558	0.01499	0.00950	0.68120	0.03517	0.11105	0.01328	0.01296	0.00925	0.00619	0.00514	0.00155	0.00549	0.00469	0.00526	0.00872
63	0.00625	0.00447	0.00595	0.00714	0.00744	0.00417	0.00476	0.00714	0.00982	0.01310	0.02828	0.81633	0.03394	0.01608	0.00655	0.00208	0.00298	0.01459	0.00476	0.00417
64	0.00659	0.00471	0.00631	0.00730	0.00780	0.00443	0.00514	0.00783	0.01063	0.01428	0.12391	0.63905	0.03531	0.01517	0.00654	0.00205	0.00309	0.09068	0.00487	0.00431
65	0.00967	0.00616	0.00777	0.00794	0.00910	0.00600	0.00568	0.10560	0.01214	0.09642	0.02543	0.63156	0.02854	0.01381	0.00623	0.00196	0.00346	0.01235	0.00497	0.00522

[dist]
# distance from previous block
# <min> <max>
0	97

[block]
# block no. 4 follows, 48 sequences, length 18
# corresponding to MSA columns:
# 403-420
name=unknown_E
#
# <colnr> <probs for GDERKNQSTAVLIFYWHMCP>
#	G	D	E	R	K	N	Q	S	T	A	V	L	I	F	Y	W	H	M	C	P
0	0.01171	0.01130	0.01945	0.30759	0.32598	0.01216	0.12634	0.03604	0.06781	0.01616	0.01046	0.01368	0.00818	0.00495	0.00525	0.00164	0.00658	0.00488	0.00272	0.00709
1	0.85592	0.00992	0.00754	0.00675	0.00992	0.01151	0.00556	0.01508	0.00873	0.02302	0.00714	0.00834	0.00556	0.00476	0.00318	0.00159	0.00397	0.00278	0.00318	0.00556
2	0.01201	0.00626	0.00842	0.00750	0.00938	0.00580	0.00576	0.01397	0.01307	0.25422	0.35532	0.09924	0.03057	0.05314	0.09910	0.00259	0.00451	0.00796	0.00532	0.00586
3	0.01227	0.03509	0.30714	0.01866	0.12312	0.10254	0.26361	0.01679	0.02757	0.01593	0.01002	0.02543	0.00780	0.00492	0.00527	0.00161	0.00774	0.00478	0.00252	0.00718
4	0.00715	0.00504	0.00650	0.00642	0.00743	0.00464	0.00466	0.00868	0.01259	0.01730	0.49323	0.14877	0.13660	0.01245	0.00773	0.09898	0.00276	0.00969	0.00502	0.00438
5	0.01060	0.01112	0.10028	0.00840	0.01331	0.00742	0.00756	0.01330	0.01066	0.01667	0.00913	0.01066	0.00747	0.00392	0.00392	0.00086	0.00423	0.00313	0.00294	0.75441
6	0.00996	0.02303	0.64701	0.01361	0.02023	0.01108	0.04072	0.01563	0.03736	0.01635	0.03760	0.01552	0.07790	0.00583	0.00507	0.00164	0.00689	0.00473	0.00263	0.00720
7	0.01546	0.01270	0.08448	0.01220	0.03853	0.01180	0.09634	0.34004	0.03095	0.10705	0.11979	0.01714	0.01476	0.00641	0.00523	0.00156	0.00533	0.00544	0.06723	0.00756
8	0.00813	0.00905	0.07724	0.00779	0.00958	0.09605	0.00634	0.00982	0.01155	0.01433	0.10898	0.31817	0.27929	0.01225	0.00597	0.00179	0.00393	0.01054	0.00438	0.00480
9	0.01346	0.01179	0.01212	0.01122	0.04130	0.05841	0.00848	0.11513	0.55028	0.02150	0.02053	0.02030	0.05537	0.00722	0.00527	0.00170	0.00457	0.02866	0.00492	0.00776
10	0.01299	0.01238	0.08762	0.15304	0.48616	0.01129	0.01452	0.01619	0.01172	0.10477	0.01192	0.01426	0.02993	0.00513	0.00511	0.00158	0.00605	0.00474	0.00296	0.00765
11	0.10501	0.00761	0.07664	0.00696	0.00817	0.00647	0.00530	0.02407	0.00880	0.01322	0.03461	0.13177	0.01881	0.49640	0.01774	0.00371	0.00478	0.02244	0.00338	0.00411
12	0.05371	0.18903	0.01597	0.01161	0.04735	0.31443	0.00895	0.10127	0.05245	0.01585	0.02370	0.04299	0.00977	0.01936	0.07046	0.00200	0.00736	0.00427	0.00313	0.00634
13	0.01225	0.00933	0.01195	0.03462	0.04400	0.01014	0.02508	0.20893	0.04669	0.05390	0.14885	0.13732	0.02156	0.00938	0.00704	0.00180	0.09675	0.08932	0.00455	0.02655
14	0.09254	0.11462	0.01645	0.10691	0.30561	0.01162	0.01103	0.02568	0.03386	0.10452	0.05707	0.01694	0.05913	0.00592	0.00484	0.00154	0.00520	0.01609	0.00342	0.00702
15	0.10633	0.17622	0.01764	0.33615	0.15921	0.02558	0.01186	0.04229	0.01117	0.05494	0.00925	0.01187	0.00724	0.00494	0.00452	0.00152	0.00598	0.00401	0.00272	0.00656
16	0.31142	0.02822	0.01232	0.03700	0.10144	0.03911	0.00849	0.16991	0.01302	0.02162	0.07978	0.01349	0.01098	0.02390	0.00593	0.00166	0.07692	0.00430	0.00357	0.03692
17	0.04367	0.10424	0.01473	0.03338	0.03639	0.01290	0.00868	0.30301	0.01567	0.06158	0.01284	0.05838	0.03371	0.00644	0.00577	0.00146	0.07700	0.00482	0.00396	0.16137

[dist]
# distance from previous block
# <min> <max>
3	17

[block]
# block no. 5 follows, 48 sequences, length 39
# corresponding to MSA columns:
# 438-476
name=unknown_F
#
# <colnr> <probs for GDERKNQSTAVLIFYWHMCP>
#	G	D	E	R	K	N	Q	S	T	A	V	L	I	F	Y	W	H	M	C	P
0	0.08514	0.08044	0.07911	0.06083	0.03667	0.08276	0.00998	0.19698	0.11541	0.04140	0.03045	0.01432	0.02069	0.00655	0.00613	0.02250	0.07108	0.01803	0.00372	0.01779
1	0.03445	0.01002	0.01131	0.01080	0.07605	0.08152	0.03724	0.10250	0.04438	0.06713	0.05117	0.12489	0.08871	0.02259	0.00560	0.00158	0.01340	0.01624	0.08205	0.11839
2	0.04436	0.03363	0.15907	0.04753	0.03572	0.02893	0.07752	0.02595	0.06184	0.08091	0.10397	0.03427	0.01532	0.06718	0.00755	0.03652	0.02250	0.03715	0.00358	0.07649
3	0.02400	0.04396	0.12266	0.03093	0.04493	0.00912	0.10708	0.02488	0.04050	0.08715	0.06848	0.14867	0.05362	0.02037	0.02244	0.00199	0.02737	0.11181	0.00393	0.00611
4	0.01510	0.41778	0.13140	0.01110	0.01539	0.24445	0.01060	0.05814	0.02801	0.01410	0.00822	0.00934	0.00688	0.00487	0.00404	0.00127	0.00686	0.00322	0.00254	0.00669
5	0.01181	0.00923	0.01117	0.00861	0.01250	0.00784	0.02486	0.09795	0.02373	0.05762	0.01303	0.08148	0.01174	0.00596	0.00454	0.00114	0.00415	0.05368	0.00372	0.55526
6	0.00866	0.00743	0.05889	0.00730	0.00930	0.00612	0.00603	0.07309	0.01382	0.04828	0.36571	0.12640	0.22752	0.01089	0.00592	0.00169	0.00321	0.00938	0.00508	0.00529
7	0.03207	0.08050	0.49636	0.01528	0.10217	0.01218	0.03561	0.01650	0.01118	0.08056	0.03108	0.01218	0.00836	0.00523	0.00531	0.00160	0.03958	0.00413	0.00269	0.00744
8	0.01000	0.00624	0.00884	0.00930	0.02474	0.00597	0.02725	0.01211	0.02968	0.13020	0.02563	0.33232	0.02737	0.01311	0.00649	0.00210	0.00413	0.31431	0.00490	0.00532
9	0.02260	0.00864	0.01177	0.00906	0.01295	0.00747	0.00747	0.02460	0.01468	0.77058	0.04073	0.01802	0.01366	0.00646	0.00518	0.00159	0.00431	0.00527	0.00633	0.00863
10	0.01156	0.01121	0.01964	0.31222	0.45138	0.01197	0.07784	0.01485	0.01120	0.01541	0.00952	0.01315	0.00763	0.00475	0.00518	0.00161	0.00658	0.00469	0.00245	0.00715
11	0.01002	0.02188	0.60012	0.03578	0.07504	0.01098	0.01646	0.01493	0.01043	0.01539	0.01011	0.01355	0.00805	0.07482	0.05886	0.00233	0.00764	0.00429	0.00231	0.00700
12	0.01165	0.01274	0.02628	0.05750	0.07639	0.01265	0.56966	0.01542	0.01139	0.01567	0.01019	0.01395	0.00801	0.00701	0.05896	0.00219	0.07539	0.00572	0.00256	0.00668
13	0.00746	0.00497	0.00560	0.00560	0.00560	0.00497	0.00311	0.00746	0.00746	0.00995	0.01617	0.03358	0.01865	0.81967	0.02612	0.00497	0.00497	0.00746	0.00311	0.00311
14	0.01150	0.08630	0.34706	0.04889	0.04010	0.03466	0.29710	0.01602	0.01129	0.01563	0.00963	0.02212	0.00739	0.00488	0.00549	0.00163	0.02612	0.00474	0.00239	0.00706
15	0.00752	0.00639	0.00706	0.00780	0.07232	0.02601	0.00522	0.00908	0.01208	0.03602	0.10505	0.04351	0.62021	0.01171	0.00592	0.00169	0.00310	0.00983	0.00464	0.00485
16	0.02302	0.00873	0.01191	0.00913	0.01310	0.00754	0.00754	0.02501	0.01469	0.79122	0.02024	0.01746	0.01270	0.00635	0.00516	0.00159	0.00437	0.00516	0.00635	0.00873
17	0.02198	0.00851	0.01152	0.00891	0.01273	0.00735	0.00733	0.02395	0.01456	0.74240	0.03848	0.01923	0.04505	0.00671	0.00522	0.00159	0.00425	0.00548	0.00627	0.00847
18	0.01229	0.05604	0.22227	0.08961	0.27754	0.09162	0.05313	0.01690	0.07755	0.01596	0.01136	0.01335	0.02940	0.00519	0.00499	0.00156	0.00670	0.00450	0.00271	0.00731
19	0.04123	0.00934	0.01208	0.00935	0.01322	0.00857	0.00769	0.11537	0.01557	0.66048	0.01919	0.03763	0.01261	0.00655	0.00515	0.00159	0.00448	0.00529	0.00609	0.00854
20	0.83370	0.00998	0.00789	0.00740	0.03042	0.01153	0.00583	0.01510	0.00881	0.02286	0.00721	0.00845	0.00562	0.00476	0.00323	0.00159	0.00403	0.00283	0.00316	0.00562
21	0.01124	0.12756	0.00920	0.00613	0.00811	0.00828	0.00502	0.09326	0.01213	0.01949	0.01484	0.01678	0.01170	0.00576	0.00371	0.00122	0.00320	0.00446	0.63245	0.00547
22	0.08129	0.60683	0.05614	0.00889	0.01320	0.04807	0.00870	0.01526	0.01057	0.01372	0.02392	0.00923	0.00747	0.00456	0.00350	0.00115	0.00540	0.00298	0.00243	0.07670
23	0.00625	0.00447	0.00595	0.00714	0.00744	0.00417	0.00476	0.00714	0.00982	0.01310	0.02828	0.81633	0.03394	0.01608	0.00655	0.00208	0.00298	0.01459	0.00476	0.00417
24	0.73194	0.00975	0.00819	0.00710	0.01040	0.01092	0.00585	0.01656	0.00962	0.13737	0.00909	0.00969	0.00662	0.00500	0.00347	0.00159	0.00403	0.00313	0.00365	0.00603
25	0.00658	0.00462	0.00592	0.00678	0.00702	0.00442	0.00439	0.00727	0.00920	0.01229	0.02492	0.60244	0.02963	0.21681	0.03023	0.00295	0.00373	0.01260	0.00430	0.00391
26	0.01132	0.01365	0.13481	0.28975	0.29966	0.02444	0.10283	0.01500	0.01108	0.01524	0.00939	0.01280	0.00735	0.00490	0.00546	0.00164	0.02671	0.00460	0.00240	0.00699
27	0.00896	0.00448	0.00654	0.00654	0.00663	0.00448	0.00439	0.00707	0.00699	0.00967	0.00949	0.01586	0.00923	0.01695	0.01884	0.78785	0.00430	0.00448	0.06482	0.00242
28	0.00633	0.00454	0.00612	0.00723	0.00757	0.00433	0.00489	0.00729	0.00971	0.01301	0.02720	0.75741	0.03237	0.01773	0.06521	0.00254	0.00377	0.01391	0.00461	0.00420
29	0.01375	0.01451	0.07427	0.02204	0.35270	0.12390	0.15219	0.03679	0.01251	0.06858	0.01167	0.07206	0.00997	0.00566	0.00530	0.00159	0.00676	0.00539	0.00303	0.00732
30	0.01019	0.00961	0.01499	0.71109	0.03273	0.02694	0.01354	0.01469	0.08815	0.01395	0.01029	0.01415	0.00773	0.00532	0.00513	0.00171	0.00661	0.00466	0.00259	0.00595
31	0.00743	0.00623	0.00675	0.00740	0.00823	0.06320	0.00527	0.00869	0.01111	0.01419	0.11878	0.51271	0.13393	0.01408	0.00632	0.00194	0.00344	0.06115	0.00471	0.00444
32	0.05314	0.07040	0.42891	0.01332	0.07486	0.01142	0.01396	0.05475	0.01161	0.04766	0.01134	0.01257	0.03892	0.00511	0.00462	0.00145	0.00617	0.00401	0.00280	0.13298
33	0.01193	0.19815	0.40201	0.01292	0.01831	0.01342	0.06106	0.01590	0.01090	0.06586	0.01067	0.01439	0.00873	0.00586	0.00577	0.00162	0.07351	0.05929	0.00267	0.00702
