[name]
unknown

[dist]
# distance from previous block
# <min> <max>
26	83

[block]
# block no. 0 follows, 43 sequences, length 8
# corresponding to MSA columns:
# 95-102
name=unknown_A
#
# <colnr> <probs for GDERKNQSTAVLIFYWHMCP>
#	G	D	E	R	K	N	Q	S	T	A	V	L	I	F	Y	W	H	M	C	P
0	0.04761	0.00980	0.01257	0.20931	0.04821	0.01080	0.00968	0.14356	0.10782	0.06006	0.08860	0.11053	0.07485	0.00856	0.00575	0.00182	0.00507	0.00728	0.03122	0.00689
1	0.01009	0.00737	0.00963	0.10496	0.01326	0.00780	0.00723	0.03625	0.11468	0.05766	0.26343	0.16082	0.03024	0.08114	0.06796	0.00272	0.00494	0.00899	0.00497	0.00586
2	0.01650	0.01158	0.01304	0.01129	0.05293	0.01223	0.00854	0.40479	0.01925	0.05241	0.01506	0.04877	0.01197	0.02602	0.02361	0.00179	0.00521	0.00545	0.18673	0.07283
3	0.05904	0.00922	0.01093	0.00924	0.01211	0.00930	0.00728	0.12302	0.12095	0.24011	0.22969	0.07019	0.02555	0.03986	0.00670	0.00191	0.00419	0.00738	0.00587	0.00745
4	0.00840	0.00632	0.00755	0.00786	0.00890	0.00627	0.00546	0.03330	0.10194	0.01611	0.08107	0.44524	0.08567	0.12666	0.00969	0.00253	0.00370	0.01216	0.00498	0.02618
5	0.01499	0.01406	0.01701	0.33334	0.17118	0.15498	0.01348	0.07020	0.06903	0.07110	0.01175	0.01430	0.00890	0.00577	0.00544	0.00171	0.00721	0.00482	0.00335	0.00737
6	0.01546	0.01049	0.01340	0.01333	0.12050	0.01068	0.00919	0.11061	0.18648	0.17823	0.12733	0.02081	0.01846	0.00977	0.06425	0.00221	0.00548	0.00607	0.00515	0.07211
7	0.01869	0.01320	0.01537	0.05255	0.06993	0.01410	0.01024	0.46039	0.05376	0.11956	0.01753	0.01741	0.06852	0.00701	0.00557	0.00167	0.00563	0.00556	0.00524	0.03808

[dist]
# distance from previous block
# <min> <max>
0	7

[block]
# block no. 1 follows, 43 sequences, length 38
# corresponding to MSA columns:
# 110-147
name=unknown_B
#
# <colnr> <probs for GDERKNQSTAVLIFYWHMCP>
#	G	D	E	R	K	N	Q	S	T	A	V	L	I	F	Y	W	H	M	C	P
0	0.07944	0.05031	0.08987	0.01030	0.01383	0.03454	0.05985	0.04289	0.03175	0.17250	0.30331	0.02459	0.02609	0.00792	0.00565	0.00168	0.00480	0.00673	0.00504	0.02891
1	0.15507	0.01333	0.03759	0.08558	0.01620	0.08862	0.00924	0.27009	0.03022	0.05997	0.05720	0.05464	0.01334	0.06242	0.00680	0.00196	0.00581	0.00556	0.01914	0.00720
2	0.06026	0.16686	0.44812	0.01308	0.01941	0.01413	0.01532	0.07931	0.01278	0.01850	0.01213	0.01499	0.03319	0.00602	0.00500	0.00166	0.00694	0.03978	0.00293	0.02959
3	0.05518	0.08233	0.01130	0.03688	0.01181	0.02814	0.00702	0.12647	0.03038	0.04515	0.24087	0.17334	0.10866	0.01052	0.00592	0.00178	0.00413	0.00891	0.00505	0.00616
4	0.01475	0.08409	0.08621	0.03493	0.01377	0.00962	0.00868	0.06495	0.04683	0.23893	0.18756	0.08888	0.07985	0.00888	0.00576	0.00174	0.00459	0.00745	0.00528	0.00726
5	0.23138	0.06342	0.29183	0.02941	0.01735	0.01264	0.04853	0.01636	0.04230	0.01969	0.10879	0.01533	0.01317	0.00637	0.00582	0.00177	0.06081	0.00479	0.00329	0.00695
6	0.06400	0.30437	0.46377	0.01302	0.01969	0.01605	0.01567	0.01712	0.01140	0.01639	0.00901	0.01053	0.00699	0.00507	0.00454	0.00155	0.00714	0.00362	0.00242	0.00767
7	0.01430	0.64231	0.11854	0.01069	0.01548	0.03655	0.01102	0.01659	0.01121	0.01361	0.00796	0.00947	0.00711	0.00517	0.00481	0.00134	0.06108	0.00324	0.00238	0.00715
8	0.00806	0.00565	0.00732	0.00705	0.00835	0.00518	0.00523	0.01040	0.01491	0.03956	0.62237	0.13003	0.09086	0.01207	0.00657	0.00181	0.00275	0.01067	0.00595	0.00521
9	0.00711	0.00505	0.00666	0.00771	0.00815	0.00477	0.00529	0.00823	0.01090	0.01458	0.07965	0.62412	0.03587	0.08602	0.00893	0.00251	0.00351	0.07140	0.00505	0.00450
10	0.01175	0.01341	0.07131	0.27672	0.05856	0.01301	0.36164	0.01581	0.01197	0.01617	0.01140	0.05296	0.00932	0.00586	0.00667	0.00189	0.04573	0.00616	0.00275	0.00692
11	0.02709	0.13811	0.04047	0.00975	0.01243	0.06384	0.00850	0.03108	0.08249	0.05890	0.02570	0.03750	0.13861	0.04337	0.00697	0.00209	0.00525	0.25722	0.00447	0.00618
12	0.00805	0.00537	0.00604	0.00604	0.00604	0.00537	0.00336	0.00805	0.00805	0.01074	0.01745	0.03624	0.02013	0.80536	0.02819	0.00537	0.00537	0.00805	0.00336	0.00336
13	0.00706	0.00505	0.00638	0.00731	0.00774	0.00475	0.00487	0.00794	0.01037	0.01365	0.03015	0.56627	0.09477	0.16617	0.01104	0.00282	0.00366	0.04088	0.00480	0.00432
14	0.01317	0.01353	0.08853	0.13834	0.46250	0.01235	0.06207	0.01678	0.01250	0.05365	0.01220	0.01739	0.01023	0.00585	0.00569	0.00176	0.00682	0.05557	0.00303	0.00804
15	0.01283	0.39234	0.42808	0.01284	0.01942	0.01708	0.01534	0.01709	0.01149	0.01544	0.00889	0.01038	0.00706	0.00502	0.00447	0.00149	0.00713	0.00357	0.00235	0.00768
16	0.01046	0.00984	0.01661	0.79205	0.03814	0.01230	0.01538	0.01415	0.01107	0.01415	0.00984	0.01477	0.00738	0.00554	0.00554	0.00185	0.00738	0.00492	0.00246	0.00615
17	0.01277	0.02023	0.34750	0.01947	0.06773	0.01339	0.31025	0.01775	0.01227	0.05350	0.01085	0.01347	0.00801	0.00539	0.00669	0.00184	0.06302	0.00524	0.00277	0.00785
18	0.00841	0.00756	0.07709	0.00875	0.01017	0.00588	0.00699	0.01058	0.03705	0.05175	0.06297	0.59414	0.03268	0.01503	0.00679	0.00216	0.00384	0.04787	0.00503	0.00528
19	0.01911	0.07716	0.01720	0.01470	0.05247	0.51339	0.01104	0.11698	0.01586	0.01653	0.00908	0.01074	0.00753	0.00614	0.00635	0.00155	0.09020	0.00391	0.00312	0.00694
20	0.78758	0.01062	0.00847	0.00746	0.01095	0.01213	0.00615	0.01702	0.00987	0.07690	0.00869	0.00968	0.00653	0.00526	0.00358	0.00171	0.00431	0.00318	0.00367	0.00624
21	0.01481	0.80869	0.02902	0.00948	0.01421	0.02191	0.00948	0.01658	0.01125	0.01303	0.00770	0.00888	0.00711	0.00474	0.00355	0.00118	0.00592	0.00296	0.00237	0.00711
22	0.00782	0.00535	0.00617	0.00627	0.00650	0.00523	0.00374	0.00821	0.00917	0.01224	0.08177	0.11860	0.06157	0.61812	0.02312	0.00457	0.00479	0.00921	0.00386	0.00369
23	0.00697	0.00563	0.00621	0.00606	0.00774	0.00486	0.00455	0.00878	0.01364	0.01737	0.29245	0.04934	0.53072	0.01313	0.00654	0.00183	0.00274	0.01113	0.00546	0.00486
24	0.02002	0.01431	0.01553	0.01222	0.01639	0.01576	0.00999	0.55429	0.16279	0.09660	0.01577	0.01516	0.01119	0.00683	0.00556	0.00171	0.00565	0.00528	0.00567	0.00930
25	0.01305	0.01260	0.02184	0.17964	0.59414	0.01303	0.05171	0.01648	0.01234	0.01732	0.01034	0.01397	0.00849	0.00504	0.00554	0.00169	0.00687	0.00501	0.00269	0.00821
26	0.01208	0.00702	0.00863	0.00770	0.00995	0.00648	0.00594	0.01510	0.07090	0.20337	0.26851	0.05671	0.23210	0.03345	0.03496	0.00215	0.00385	0.00905	0.00578	0.00629
27	0.02008	0.01457	0.01567	0.01222	0.01640	0.01609	0.01003	0.62988	0.09614	0.05863	0.01466	0.01447	0.01047	0.00673	0.00549	0.00167	0.00575	0.00514	0.03673	0.00920
28	0.01481	0.80869	0.02902	0.00948	0.01421	0.02191	0.00948	0.01658	0.01125	0.01303	0.00770	0.00888	0.00711	0.00474	0.00355	0.00118	0.00592	0.00296	0.00237	0.00711
29	0.00991	0.00863	0.03984	0.17892	0.05409	0.00855	0.00999	0.06709	0.01320	0.01746	0.08767	0.13556	0.07943	0.02910	0.00705	0.00216	0.00523	0.23592	0.00440	0.00581
30	0.00706	0.00515	0.00636	0.00700	0.00767	0.00476	0.00472	0.00818	0.01125	0.01487	0.13436	0.45396	0.15947	0.13650	0.01014	0.00259	0.00339	0.01310	0.00500	0.00445
31	0.00937	0.00483	0.00712	0.00721	0.00723	0.00481	0.00478	0.00728	0.00747	0.00996	0.01130	0.07000	0.01181	0.04757	0.02091	0.75277	0.00472	0.00566	0.00262	0.00258
32	0.03019	0.00919	0.01581	0.16875	0.09693	0.00944	0.16015	0.02896	0.01179	0.01607	0.01927	0.32169	0.02044	0.02181	0.00670	0.00206	0.00584	0.04505	0.00383	0.00603
33	0.04597	0.01060	0.01641	0.53747	0.12539	0.01253	0.01422	0.05428	0.06410	0.01690	0.01168	0.01666	0.00926	0.00604	0.00554	0.00184	0.00679	0.03452	0.00303	0.00679
34	0.08271	0.15157	0.20468	0.01389	0.07195	0.23125	0.01234	0.03624	0.02807	0.04475	0.01034	0.01287	0.00853	0.06095	0.00639	0.00181	0.00743	0.00413	0.00299	0.00713
35	0.12079	0.05641	0.01033	0.00834	0.01061	0.09528	0.00646	0.04998	0.01373	0.08199	0.25566	0.02841	0.10477	0.09226	0.03990	0.00235	0.00501	0.00716	0.00469	0.00586
36	0.03195	0.01023	0.02686	0.05688	0.07660	0.08308	0.00839	0.01617	0.12111	0.09185	0.11622	0.18904	0.07653	0.04293	0.00695	0.00201	0.00487	0.02715	0.00475	0.00643
37	0.14058	0.07354	0.09274	0.01712	0.19314	0.19572	0.04238	0.01793	0.01258	0.05598	0.01117	0.01320	0.02383	0.00796	0.05894	0.00208	0.00761	0.00436	0.00310	0.02606

[dist]
# distance from previous block
# <min> <max>
2	33

[block]
# block no. 2 follows, 43 sequences, length 19
# corresponding to MSA columns:
# 181-199
name=unknown_C
#
# <colnr> <probs for GDERKNQSTAVLIFYWHMCP>
#	G	D	E	R	K	N	Q	S	T	A	V	L	I	F	Y	W	H	M	C	P
0	0.03183	0.35026	0.17386	0.01100	0.02836	0.03164	0.03018	0.01584	0.01274	0.04741	0.19599	0.01812	0.01851	0.00658	0.00486	0.00150	0.00567	0.00518	0.00351	0.00695
1	0.01723	0.16905	0.03855	0.01175	0.01513	0.27826	0.00991	0.11121	0.01548	0.09359	0.04423	0.02052	0.01374	0.00805	0.01921	0.00176	0.00719	0.11415	0.00396	0.00701
2	0.10743	0.30406	0.21899	0.04349	0.01779	0.03699	0.01229	0.10575	0.04156	0.04977	0.01021	0.01128	0.00789	0.00540	0.00451	0.00153	0.00641	0.00383	0.00318	0.00764
3	0.34582	0.04265	0.22700	0.01136	0.01641	0.03318	0.01148	0.21171	0.01467	0.02481	0.00984	0.01091	0.00725	0.00558	0.00454	0.00169	0.00605	0.00385	0.00363	0.00756
4	0.84448	0.01071	0.00814	0.00728	0.01071	0.01242	0.00600	0.01628	0.00943	0.02485	0.00771	0.00900	0.00600	0.00514	0.00343	0.00171	0.00428	0.00300	0.00343	0.00600
5	0.00802	0.00552	0.00674	0.00693	0.00734	0.00546	0.00459	0.00888	0.01002	0.01354	0.13487	0.09808	0.02747	0.49730	0.05167	0.00438	0.00514	0.09592	0.00411	0.00400
6	0.00675	0.00482	0.00643	0.00771	0.00803	0.00450	0.00514	0.00771	0.01060	0.01414	0.03053	0.80175	0.03663	0.01735	0.00707	0.00225	0.00321	0.01574	0.00514	0.00450
7	0.01282	0.01225	0.02088	0.24124	0.57051	0.01293	0.01656	0.01622	0.01219	0.01702	0.01026	0.01400	0.00839	0.00510	0.00550	0.00170	0.00680	0.00493	0.00266	0.00806
8	0.00674	0.00486	0.00638	0.00760	0.00800	0.00451	0.00509	0.00772	0.01071	0.01418	0.03191	0.76130	0.07618	0.01717	0.00704	0.00223	0.00319	0.01553	0.00514	0.00451
9	0.01609	0.01356	0.08890	0.01647	0.18024	0.01266	0.01167	0.10959	0.28344	0.15542	0.01772	0.04180	0.01335	0.00683	0.00559	0.00177	0.00545	0.00579	0.00487	0.00877
10	0.05070	0.01106	0.01534	0.14267	0.17919	0.01122	0.01115	0.09269	0.07065	0.23861	0.01598	0.01660	0.03239	0.00615	0.00536	0.00165	0.00553	0.00519	0.00453	0.08335
11	0.01619	0.01291	0.01288	0.01134	0.01462	0.08725	0.00885	0.02834	0.57135	0.14070	0.02108	0.01935	0.01546	0.00724	0.00556	0.00181	0.00498	0.00589	0.00556	0.00864
12	0.09300	0.01276	0.02017	0.22150	0.08620	0.06425	0.23140	0.03725	0.02487	0.01714	0.01090	0.02740	0.00884	0.00845	0.06577	0.00237	0.05260	0.00540	0.00293	0.00677
13	0.01243	0.27453	0.48314	0.01437	0.02126	0.01581	0.07279	0.01725	0.01166	0.01613	0.00933	0.01105	0.00715	0.00505	0.00482	0.00158	0.00756	0.00392	0.00238	0.00779
14	0.00934	0.00481	0.00714	0.00726	0.00729	0.00478	0.00484	0.00726	0.00754	0.01006	0.01164	0.09271	0.01223	0.01906	0.02024	0.75800	0.00466	0.00587	0.00267	0.00261
15	0.00717	0.00543	0.00662	0.00676	0.00798	0.00487	0.00490	0.00900	0.01346	0.01797	0.36556	0.24188	0.26088	0.01369	0.00668	0.00191	0.00283	0.01200	0.00557	0.00487
16	0.06225	0.01055	0.01177	0.01012	0.01281	0.01132	0.00788	0.34618	0.03800	0.06677	0.03299	0.22363	0.01900	0.07181	0.03235	0.00236	0.00525	0.02266	0.00514	0.00715
17	0.65485	0.01062	0.00919	0.00794	0.01134	0.01194	0.00648	0.07305	0.01119	0.09723	0.00961	0.01072	0.00721	0.00622	0.00483	0.04932	0.00449	0.00350	0.00386	0.00639
18	0.03378	0.40743	0.29260	0.01175	0.01748	0.01656	0.03267	0.01656	0.01164	0.03523	0.01266	0.01371	0.06545	0.00570	0.00452	0.00149	0.00651	0.00420	0.00273	0.00735

[dist]
# distance from previous block
# <min> <max>
0	2

[block]
# block no. 3 follows, 43 sequences, length 98
# corresponding to MSA columns:
# 202-232,263-329
name=unknown_D
#
# <colnr> <probs for GDERKNQSTAVLIFYWHMCP>
#	G	D	E	R	K	N	Q	S	T	A	V	L	I	F	Y	W	H	M	C	P
0	0.01836	0.13092	0.03128	0.03010	0.01603	0.22427	0.00985	0.20475	0.08527	0.11228	0.05355	0.01557	0.03071	0.00660	0.00519	0.00157	0.00662	0.00491	0.00440	0.00777
1	0.01852	0.01352	0.01465	0.01170	0.01560	0.01483	0.00954	0.50870	0.15284	0.06974	0.03932	0.01898	0.05737	0.00754	0.00569	0.00173	0.00541	0.01989	0.00561	0.00882
2	0.02072	0.00874	0.01172	0.00930	0.01304	0.00751	0.00751	0.02279	0.01491	0.58158	0.06866	0.10141	0.01805	0.00799	0.00566	0.00169	0.00437	0.00671	0.00632	0.08132
3	0.01158	0.00993	0.01153	0.00833	0.01318	0.00766	0.00666	0.01461	0.04368	0.01827	0.01039	0.01188	0.00858	0.00425	0.00417	0.00087	0.00411	0.00341	0.00338	0.80354
4	0.00922	0.00709	0.03172	0.02256	0.01044	0.00628	0.00671	0.01218	0.05871	0.06905	0.21125	0.14804	0.22552	0.01276	0.00664	0.00200	0.00372	0.14518	0.00537	0.00557
5	0.02029	0.02458	0.01583	0.04753	0.01803	0.67237	0.01088	0.09579	0.01654	0.01574	0.00910	0.01053	0.00738	0.00580	0.00507	0.00147	0.00948	0.00377	0.00311	0.00671
6	0.01350	0.01327	0.02110	0.16559	0.60312	0.05337	0.01638	0.01677	0.01250	0.01717	0.01022	0.01370	0.00844	0.00508	0.00547	0.00167	0.00690	0.00486	0.00270	0.00819
7	0.01324	0.01268	0.02163	0.14340	0.66507	0.01304	0.01676	0.01659	0.01239	0.01752	0.01033	0.01386	0.00857	0.00502	0.00549	0.00167	0.00670	0.00493	0.00270	0.00839
8	0.01436	0.00895	0.03082	0.17011	0.01750	0.00835	0.00903	0.04016	0.01342	0.24656	0.08687	0.13684	0.01945	0.03094	0.00643	0.00186	0.00495	0.04407	0.00487	0.10447
9	0.01225	0.00921	0.01042	0.03016	0.01244	0.00969	0.00743	0.15571	0.19351	0.05761	0.09259	0.14404	0.18619	0.01082	0.00619	0.00190	0.00417	0.04339	0.00542	0.00686
10	0.02033	0.00923	0.01157	0.00937	0.01287	0.03818	0.00746	0.02224	0.01464	0.54845	0.04324	0.11390	0.03445	0.03626	0.00649	0.00185	0.00463	0.00694	0.00612	0.05178
11	0.01326	0.01426	0.08734	0.03104	0.64848	0.01287	0.04191	0.01683	0.01255	0.01797	0.01122	0.01567	0.00960	0.00540	0.00559	0.00170	0.00675	0.03622	0.00281	0.00852
12	0.01542	0.15015	0.21973	0.01251	0.05899	0.04947	0.01185	0.03600	0.01374	0.20876	0.09380	0.01963	0.05532	0.00695	0.00531	0.00165	0.00593	0.02284	0.00422	0.00772
13	0.00992	0.00712	0.01007	0.16195	0.01520	0.00733	0.02741	0.04533	0.01174	0.06333	0.02550	0.25518	0.13383	0.07238	0.00946	0.07844	0.00478	0.05150	0.00430	0.00523
14	0.01257	0.01385	0.02906	0.17752	0.06025	0.01363	0.57448	0.01699	0.01265	0.01704	0.01090	0.01486	0.00821	0.00485	0.00629	0.00185	0.00884	0.00615	0.00273	0.00726
15	0.01713	0.45276	0.02314	0.01206	0.03080	0.33380	0.01019	0.01878	0.01304	0.01336	0.00810	0.00951	0.00716	0.00526	0.00453	0.00132	0.02636	0.00329	0.00258	0.00683
16	0.01466	0.61535	0.15460	0.01084	0.01609	0.04296	0.01142	0.05202	0.01217	0.01485	0.00837	0.00960	0.00720	0.00495	0.00398	0.00131	0.00644	0.00327	0.00253	0.00738
17	0.04946	0.01348	0.01621	0.23336	0.03992	0.01534	0.01178	0.46030	0.05937	0.02764	0.01252	0.01394	0.00909	0.00628	0.00546	0.00173	0.00631	0.00496	0.00453	0.00831
18	0.01281	0.14811	0.56075	0.01427	0.02119	0.01412	0.01735	0.01790	0.01178	0.07543	0.01037	0.01183	0.00756	0.00554	0.00570	0.00170	0.04882	0.00407	0.00270	0.00800
19	0.01142	0.01095	0.01894	0.55918	0.22379	0.01261	0.05434	0.01506	0.01157	0.01534	0.01006	0.01451	0.00779	0.00534	0.00558	0.00180	0.00728	0.00501	0.00255	0.00689
20	0.01043	0.00969	0.01600	0.72469	0.03585	0.01200	0.01471	0.01444	0.03743	0.01452	0.01132	0.03956	0.00911	0.00617	0.00563	0.00187	0.00710	0.02061	0.00271	0.00617
21	0.01341	0.01282	0.02168	0.10247	0.68385	0.01310	0.01663	0.01707	0.03245	0.01787	0.01069	0.01399	0.00886	0.00506	0.00549	0.00167	0.00659	0.00497	0.00279	0.00853
22	0.01227	0.01450	0.12866	0.27880	0.37468	0.03724	0.01637	0.01602	0.01207	0.01648	0.01151	0.01487	0.03149	0.00549	0.00549	0.00173	0.00707	0.00497	0.00267	0.00763
23	0.00688	0.00487	0.00639	0.00754	0.00783	0.00459	0.00496	0.00775	0.01035	0.01380	0.02922	0.72505	0.03498	0.09630	0.00918	0.00256	0.00343	0.01497	0.00496	0.00438
24	0.02069	0.02640	0.01569	0.01427	0.01712	0.78313	0.01070	0.02212	0.01569	0.01355	0.00856	0.00999	0.00713	0.00571	0.00499	0.00143	0.00999	0.00357	0.00285	0.00642
25	0.00741	0.00531	0.00690	0.00812	0.03050	0.00509	0.00517	0.00827	0.01011	0.01346	0.02682	0.51862	0.04598	0.23194	0.01280	0.00309	0.00398	0.04749	0.00458	0.00435
26	0.00675	0.00482	0.00643	0.00771	0.00803	0.00450	0.00514	0.00771	0.01060	0.01414	0.03053	0.80175	0.03663	0.01735	0.00707	0.00225	0.00321	0.01574	0.00514	0.00450
27	0.01239	0.01331	0.06382	0.20691	0.37027	0.01279	0.17262	0.01616	0.01230	0.01694	0.01224	0.01568	0.03845	0.00540	0.00575	0.00175	0.00729	0.00550	0.00276	0.00769
28	0.00791	0.00593	0.00890	0.00890	0.00989	0.00692	0.00692	0.00989	0.00890	0.01286	0.01483	0.02176	0.01385	0.04154	0.78341	0.00890	0.01483	0.00593	0.00297	0.00494
29	0.01148	0.09411	0.69123	0.01548	0.02330	0.01366	0.04142	0.01746	0.01170	0.01716	0.00979	0.01155	0.00707	0.00520	0.00516	0.00171	0.00803	0.00407	0.00236	0.00807
30	0.02455	0.00990	0.01315	0.01008	0.01437	0.00884	0.00833	0.08334	0.01664	0.71718	0.02119	0.01842	0.01338	0.00684	0.00557	0.00171	0.00482	0.00552	0.00675	0.00942
31	0.00675	0.00499	0.00631	0.00732	0.00794	0.00455	0.00498	0.00784	0.01112	0.01454	0.05866	0.64528	0.16632	0.01657	0.00696	0.00217	0.00312	0.01485	0.00517	0.00455
32	0.01368	0.01325	0.02297	0.03348	0.73491	0.01320	0.05250	0.01703	0.01263	0.01808	0.01046	0.01377	0.00875	0.00492	0.00553	0.00166	0.00671	0.00501	0.00274	0.00871
33	0.01172	0.12578	0.01872	0.60230	0.07556	0.02879	0.01441	0.03236	0.01163	0.01470	0.00962	0.01373	0.00747	0.00542	0.00524	0.00173	0.00715	0.00461	0.00254	0.00652
34	0.01111	0.02865	0.77667	0.01579	0.02397	0.01286	0.02046	0.01754	0.01169	0.01754	0.00994	0.01169	0.00702	0.00526	0.00526	0.00175	0.00818	0.00409	0.00234	0.00818
35	0.00700	0.00501	0.00670	0.00796	0.00842	0.00472	0.00556	0.00815	0.01088	0.01443	0.03081	0.70396	0.04831	0.01706	0.00713	0.00228	0.00342	0.09848	0.00514	0.00457
36	0.00764	0.00550	0.00735	0.00848	0.00921	0.00532	0.00637	0.00941	0.02525	0.01522	0.04826	0.49575	0.04714	0.03734	0.00777	0.00240	0.00388	0.24781	0.00511	0.00476
37	0.00721	0.00515	0.00686	0.00762	0.00808	0.00508	0.00520	0.00835	0.01040	0.01413	0.08782	0.50441	0.03192	0.12928	0.13770	0.00373	0.00537	0.01259	0.00462	0.00448
38	0.00683	0.00488	0.00653	0.00781	0.00817	0.00457	0.00529	0.00786	0.01069	0.01423	0.03048	0.77239	0.03644	0.01727	0.00709	0.00226	0.00329	0.04425	0.00514	0.00452
39	0.01670	0.01335	0.01417	0.01186	0.01552	0.01514	0.00947	0.31976	0.46571	0.02788	0.01883	0.01770	0.01390	0.00717	0.00560	0.00179	0.00507	0.00575	0.00560	0.00903
40	0.03821	0.00737	0.00841	0.00771	0.00977	0.00731	0.00591	0.03255	0.14885	0.05749	0.38126	0.03765	0.21461	0.01075	0.00620	0.00179	0.00322	0.00917	0.00572	0.00606
41	0.62307	0.01002	0.00857	0.00758	0.01080	0.01119	0.00616	0.03141	0.03502	0.07523	0.08302	0.01548	0.05125	0.00641	0.00414	0.00173	0.00412	0.00443	0.00411	0.00625
42	0.00672	0.00562	0.00586	0.00580	0.00759	0.00475	0.00435	0.00829	0.01304	0.01596	0.15403	0.05166	0.67002	0.01365	0.00654	0.00185	0.00278	0.01146	0.00527	0.00475
43	0.84448	0.01071	0.00814	0.00728	0.01071	0.01242	0.00600	0.01628	0.00943	0.02485	0.00771	0.00900	0.00600	0.00514	0.00343	0.00171	0.00428	0.00300	0.00343	0.00600
44	0.01635	0.01022	0.01180	0.01022	0.01340	0.01080	0.00801	0.02581	0.42541	0.25745	0.04882	0.06412	0.03679	0.02706	0.00628	0.00192	0.00435	0.00686	0.00594	0.00839
45	0.10056	0.00955	0.01216	0.00949	0.01357	0.00867	0.00781	0.04967	0.01543	0.63940	0.02203	0.01954	0.05241	0.00706	0.00542	0.00172	0.00462	0.00563	0.00640	0.00885
46	0.01031	0.00515	0.00521	0.00521	0.00647	0.00515	0.00389	0.01276	0.01150	0.02037	0.01786	0.02055	0.01408	0.00677	0.00432	0.02228	0.00264	0.00515	0.81522	0.00509
47	0.01962	0.01480	0.01581	0.01245	0.01663	0.01651	0.01018	0.61008	0.17064	0.03259	0.01512	0.01475	0.01089	0.00682	0.00556	0.00170	0.00576	0.00524	0.00556	0.00929
48	0.65984	0.00959	0.00793	0.00733	0.01027	0.01080	0.00585	0.01500	0.01005	0.04400	0.03202	0.11118	0.04397	0.00725	0.00415	0.00179	0.00406	0.00521	0.00388	0.00583
49	0.00792	0.00590	0.00875	0.00875	0.00969	0.00684	0.00674	0.00979	0.00886	0.01275	0.01497	0.02252	0.01418	0.08158	0.74383	0.00872	0.01434	0.00604	0.00299	0.00486
50	0.01032	0.00516	0.00516	0.00516	0.00645	0.00516	0.00387	0.01290	0.01161	0.02065	0.01807	0.02065	0.01420	0.00645	0.00387	0.00129	0.00258	0.00516	0.83611	0.00516
51	0.00764	0.00509	0.00676	0.00781	0.00832	0.00475	0.00532	0.00867	0.01079	0.04676	0.02960	0.71486	0.03484	0.04813	0.00786	0.00236	0.00342	0.03719	0.00514	0.00468
52	0.00715	0.00539	0.00654	0.00676	0.00788	0.00486	0.00483	0.00882	0.01298	0.01725	0.31244	0.26958	0.25521	0.04543	0.00755	0.00207	0.00296	0.01212	0.00543	0.00478
53	0.01524	0.00934	0.01065	0.00917	0.01195	0.04831	0.00719	0.02050	0.18228	0.26371	0.28787	0.02844	0.06379	0.00887	0.00594	0.00175	0.00408	0.00749	0.00602	0.00740
54	0.00713	0.00498	0.00631	0.00722	0.00745	0.00475	0.00462	0.00781	0.00986	0.01314	0.02671	0.57811	0.03181	0.24756	0.01324	0.00316	0.00384	0.01350	0.00462	0.00416
55	0.02105	0.01551	0.01662	0.01274	0.01717	0.01717	0.01053	0.75235	0.02604	0.03490	0.01330	0.01330	0.00942	0.00665	0.00554	0.00166	0.00609	0.00499	0.00554	0.00942
56	0.00860	0.00582	0.00724	0.00700	0.00832	0.00528	0.00502	0.01032	0.01307	0.06161	0.34970	0.18714	0.14214	0.12227	0.00949	0.00233	0.00331	0.01059	0.00534	0.03541
57	0.01271	0.01752	0.17457	0.02214	0.04452	0.01377	0.59487	0.01769	0.01280	0.01771	0.01095	0.01429	0.00815	0.00479	0.00627	0.00184	0.00906	0.00603	0.00271	0.00764
58	0.04253	0.00941	0.01244	0.00973	0.01377	0.00844	0.00798	0.02602	0.06198	0.67089	0.06067	0.01991	0.01575	0.00709	0.00557	0.00173	0.00457	0.00579	0.00666	0.00908
59	0.05994	0.00969	0.01278	0.00984	0.01409	0.00863	0.00813	0.05121	0.01592	0.71726	0.02095	0.01824	0.01323	0.00677	0.00548	0.00171	0.00474	0.00544	0.00666	0.00928
60	0.00717	0.00547	0.00649	0.00655	0.00782	0.00490	0.00474	0.00890	0.01323	0.01746	0.33087	0.18459	0.31412	0.05315	0.00772	0.00206	0.00293	0.01159	0.00543	0.00479
61	0.02105	0.01551	0.01662	0.01274	0.01717	0.01717	0.01053	0.75235	0.02604	0.03490	0.01330	0.01330	0.00942	0.00665	0.00554	0.00166	0.00609	0.00499	0.00554	0.00942
62	0.00791	0.00593	0.00890	0.00890	0.00989	0.00692	0.00692	0.00989	0.00890	0.01286	0.01483	0.02176	0.01385	0.04154	0.78341	0.00890	0.01483	0.00593	0.00297	0.00494
63	0.05864	0.00908	0.01207	0.00948	0.01339	0.00801	0.00775	0.02478	0.01538	0.66660	0.07078	0.04655	0.01670	0.00743	0.00559	0.00173	0.00450	0.00610	0.00660	0.00883
64	0.01263	0.00902	0.01009	0.00889	0.01130	0.00944	0.00678	0.10347	0.24323	0.09183	0.16901	0.03067	0.13367	0.12419	0.00918	0.00231	0.00418	0.00783	0.00543	0.00684
65	0.84448	0.01071	0.00814	0.00728	0.01071	0.01242	0.00600	0.01628	0.00943	0.02485	0.00771	0.00900	0.00600	0.00514	0.00343	0.00171	0.00428	0.00300	0.00343	0.00600
66	0.00836	0.00578	0.00757	0.00706	0.00846	0.00532	0.00532	0.01096	0.01568	0.04547	0.74483	0.04067	0.05107	0.01118	0.00650	0.00174	0.00268	0.00988	0.00612	0.00536
67	0.09444	0.00632	0.00763	0.00777	0.00911	0.00613	0.00560	0.02894	0.01225	0.09264	0.15730	0.45001	0.05109	0.03571	0.00700	0.00212	0.00348	0.01185	0.00527	0.00536
68	0.00789	0.00530	0.00609	0.00625	0.00630	0.00526	0.00358	0.00801	0.00838	0.01117	0.01913	0.13444	0.02225	0.70428	0.02548	0.00497	0.00509	0.00904	0.00358	0.00350
69	0.02105	0.01551	0.01662	0.01274	0.01717	0.01717	0.01053	0.75235	0.02604	0.03490	0.01330	0.01330	0.00942	0.00665	0.00554	0.00166	0.00609	0.00499	0.00554	0.00942
70	0.01019	0.00520	0.00536	0.00536	0.00664	0.00526	0.00403	0.01274	0.01147	0.02023	0.01789	0.02071	0.01418	0.00833	0.04561	0.00170	0.00324	0.00520	0.79150	0.00515
71	0.00693	0.00493	0.00650	0.00755	0.00795	0.00462	0.00506	0.00801	0.01098	0.01477	0.10408	0.68506	0.03734	0.05805	0.00812	0.00236	0.00327	0.01476	0.00514	0.00451
72	0.00791	0.00593	0.00890	0.00890	0.00989	0.00692	0.00692	0.00989	0.00890	0.01286	0.01483	0.02176	0.01385	0.04154	0.78341	0.00890	0.01483	0.00593	0.00297	0.00494
73	0.00686	0.00490	0.00653	0.00770	0.00804	0.00466	0.00516	0.00783	0.01041	0.01393	0.02920	0.73105	0.03481	0.05108	0.04687	0.00271	0.00388	0.01494	0.00496	0.00447
74	0.01310	0.01485	0.03219	0.02386	0.06485	0.01396	0.71519	0.01770	0.01305	0.01776	0.01117	0.01488	0.00842	0.00468	0.00648	0.00186	0.00920	0.00646	0.00280	0.00753
75	0.00675	0.00482	0.00643	0.00771	0.00803	0.00450	0.00514	0.00771	0.01060	0.01414	0.03053	0.80175	0.03663	0.01735	0.00707	0.00225	0.00321	0.01574	0.00514	0.00450
76	0.00675	0.00482	0.00643	0.00771	0.00803	0.00450	0.00514	0.00771	0.01060	0.01414	0.03053	0.80175	0.03663	0.01735	0.00707	0.00225	0.00321	0.01574	0.00514	0.00450
77	0.00873	0.00566	0.00757	0.00757	0.00863	0.00629	0.00580	0.01086	0.00979	0.01543	0.01599	0.02175	0.01412	0.04885	0.50169	0.00625	0.01047	0.00573	0.28384	0.00498
78	0.08999	0.01246	0.02223	0.18021	0.05606	0.03214	0.33423	0.01569	0.01151	0.01666	0.01056	0.01468	0.00845	0.00942	0.09256	0.00265	0.07551	0.00552	0.00277	0.00669
79	0.01137	0.01107	0.01615	0.09156	0.01658	0.01497	0.03007	0.01302	0.00892	0.01345	0.00872	0.01384	0.00826	0.01375	0.12720	0.00329	0.58425	0.00505	0.00252	0.00594
80	0.01987	0.00946	0.01203	0.00971	0.01329	0.00898	0.00784	0.06240	0.13366	0.48331	0.15463	0.02286	0.02087	0.00774	0.00575	0.00174	0.00436	0.00644	0.00646	0.00857
81	0.01481	0.80869	0.02902	0.00948	0.01421	0.02191	0.00948	0.01658	0.01125	0.01303	0.00770	0.00888	0.00711	0.00474	0.00355	0.00118	0.00592	0.00296	0.00237	0.00711
82	0.11259	0.02267	0.01523	0.03363	0.04747	0.57473	0.01053	0.08916	0.01572	0.01701	0.00901	0.01046	0.00729	0.00570	0.00490	0.00150	0.00878	0.00372	0.00315	0.00674
83	0.00682	0.00508	0.00636	0.00727	0.00801	0.00463	0.00503	0.00801	0.01139	0.01484	0.07806	0.57514	0.19891	0.01622	0.00694	0.00214	0.00314	0.03223	0.00519	0.00459
84	0.02105	0.01551	0.01662	0.01274	0.01717	0.01717	0.01053	0.75235	0.02604	0.03490	0.01330	0.01330	0.00942	0.00665	0.00554	0.00166	0.00609	0.00499	0.00554	0.00942
85	0.01254	0.01260	0.03479	0.36447	0.30037	0.03148	0.10884	0.03801	0.01245	0.01670	0.01030	0.01419	0.00806	0.00524	0.00563	0.00176	0.00738	0.00508	0.00270	0.00741
86	0.01227	0.07754	0.65270	0.01573	0.05203	0.01318	0.01887	0.01802	0.01195	0.06271	0.01053	0.01202	0.00749	0.00531	0.00518	0.00171	0.00777	0.00414	0.00263	0.00821
87	0.01664	0.14301	0.05867	0.01101	0.01470	0.06828	0.00971	0.10767	0.12687	0.19193	0.03361	0.02454	0.01598	0.00811	0.00560	0.00179	0.00564	0.14361	0.00489	0.00775
88	0.00750	0.00565	0.00693	0.00661	0.00807	0.00508	0.00496	0.00979	0.01487	0.02030	0.58074	0.04451	0.24059	0.01203	0.00654	0.00178	0.00266	0.01046	0.00585	0.00508
89	0.01176	0.00984	0.01151	0.00824	0.01315	0.00740	0.00659	0.01421	0.01157	0.03356	0.01009	0.01164	0.00832	0.00416	0.00413	0.00084	0.00411	0.00333	0.00335	0.82220
90	0.03049	0.09454	0.25368	0.05824	0.04398	0.04209	0.27777	0.04257	0.03052	0.01778	0.01050	0.01294	0.00794	0.00506	0.00549	0.00168	0.00791	0.00492	0.00280	0.04910
91	0.00703	0.00580	0.00620	0.00607	0.00785	0.00505	0.00456	0.00910	0.03423	0.01679	0.21210	0.04976	0.58961	0.01325	0.00652	0.00184	0.00281	0.01117	0.00537	0.00491
92	0.00805	0.00537	0.00604	0.00604	0.00604	0.00537	0.00336	0.00805	0.00805	0.01074	0.01745	0.03624	0.02013	0.80536	0.02819	0.00537	0.00537	0.00805	0.00336	0.00336
93	0.00943	0.00775	0.01155	0.13667	0.13005	0.00814	0.00986	0.01251	0.05602	0.01597	0.02338	0.29928	0.02524	0.01243	0.00667	0.00216	0.00499	0.21768	0.00437	0.00583
94	0.01306	0.01431	0.06199	0.06729	0.39022	0.01330	0.30917	0.01703	0.01264	0.01766	0.01099	0.02644	0.00890	0.00507	0.00592	0.00176	0.00774	0.00570	0.00277	0.00802
95	0.01329	0.01341	0.04648	0.10581	0.64705	0.01310	0.04609	0.01677	0.01245	0.01768	0.01038	0.01379	0.00857	0.00499	0.00552	0.00168	0.00682	0.00497	0.00270	0.00845
96	0.01349	0.01294	0.02209	0.08483	0.72168	0.01310	0.01689	0.01681	0.01251	0.01783	0.01038	0.01378	0.00868	0.00498	0.00549	0.00166	0.00663	0.00493	0.00272	0.00860
97	0.01415	0.01050	0.01172	0.01005	0.01288	0.01115	0.00792	0.30928	0.12181	0.04337	0.13050	0.15520	0.08543	0.01003	0.00607	0.00183	0.00450	0.02642	0.00552	0.02168

[dist]
# distance from previous block
# <min> <max>
0	1

[block]
# block no. 4 follows, 43 sequences, length 28
# corresponding to MSA columns:
# 331-358
name=unknown_E
#
# <colnr> <probs for GDERKNQSTAVLIFYWHMCP>
#	G	D	E	R	K	N	Q	S	T	A	V	L	I	F	Y	W	H	M	C	P
0	0.01393	0.01367	0.02255	0.03299	0.72235	0.03994	0.03881	0.01720	0.01273	0.01793	0.01038	0.01362	0.00870	0.00495	0.00550	0.00164	0.00678	0.00494	0.00275	0.00865
1	0.01323	0.01335	0.04999	0.12111	0.65805	0.01305	0.01694	0.01669	0.01240	0.01762	0.01033	0.01375	0.00855	0.00502	0.00548	0.00167	0.00673	0.00490	0.00269	0.00845
2	0.00655	0.00561	0.00561	0.00561	0.00748	0.00468	0.00421	0.00795	0.01262	0.01496	0.05610	0.05330	0.76857	0.01403	0.00655	0.00187	0.00281	0.01169	0.00514	0.00468
3	0.84448	0.01071	0.00814	0.00728	0.01071	0.01242	0.00600	0.01628	0.00943	0.02485	0.00771	0.00900	0.00600	0.00514	0.00343	0.00171	0.00428	0.00300	0.00343	0.00600
4	0.00661	0.00560	0.00563	0.00563	0.00742	0.00470	0.00417	0.00795	0.01244	0.01479	0.05452	0.05260	0.73780	0.04656	0.00744	0.00201	0.00291	0.01154	0.00507	0.00462
5	0.01071	0.01000	0.01630	0.73270	0.03634	0.01242	0.01488	0.01531	0.06806	0.01484	0.01081	0.01521	0.00811	0.00569	0.00554	0.00185	0.00715	0.00502	0.00270	0.00635
6	0.02051	0.01514	0.01621	0.01247	0.01681	0.01670	0.01029	0.72431	0.02553	0.03415	0.01491	0.01480	0.03802	0.00693	0.00558	0.00167	0.00597	0.00524	0.00553	0.00924
7	0.01171	0.09170	0.60247	0.01639	0.02390	0.01379	0.12928	0.01749	0.01186	0.01719	0.00994	0.01195	0.00723	0.00513	0.00531	0.00172	0.00817	0.00437	0.00241	0.00799
8	0.01481	0.80869	0.02902	0.00948	0.01421	0.02191	0.00948	0.01658	0.01125	0.01303	0.00770	0.00888	0.00711	0.00474	0.00355	0.00118	0.00592	0.00296	0.00237	0.00711
9	0.00684	0.00492	0.00649	0.00759	0.00804	0.00457	0.00512	0.00796	0.01112	0.01489	0.09756	0.71222	0.05872	0.01671	0.00701	0.00219	0.00315	0.01511	0.00523	0.00457
10	0.01331	0.01767	0.24641	0.09290	0.30496	0.01307	0.13333	0.04628	0.01294	0.05023	0.01095	0.01360	0.00830	0.00519	0.00559	0.00173	0.00747	0.00497	0.00289	0.00821
11	0.01656	0.41912	0.05037	0.01146	0.01541	0.29223	0.01016	0.04590	0.01344	0.01445	0.02866	0.01089	0.00865	0.00673	0.03343	0.00161	0.00771	0.00359	0.00278	0.00686
12	0.01240	0.00902	0.01006	0.00902	0.01089	0.00966	0.00661	0.17934	0.16156	0.04000	0.06493	0.11180	0.02099	0.29368	0.01393	0.00312	0.00491	0.02707	0.00479	0.00622
13	0.00724	0.00526	0.00632	0.00672	0.00743	0.00489	0.00449	0.00830	0.01116	0.01472	0.15336	0.32256	0.18049	0.22689	0.01254	0.00293	0.00361	0.01193	0.00482	0.00435
14	0.01109	0.02758	0.73421	0.01605	0.04434	0.01266	0.01994	0.01733	0.01183	0.01768	0.03107	0.01258	0.00833	0.00542	0.00530	0.00175	0.00798	0.00428	0.00245	0.00812
15	0.01209	0.01151	0.01956	0.41121	0.40623	0.01273	0.01619	0.01558	0.01185	0.01613	0.01013	0.01423	0.00808	0.00523	0.00551	0.00174	0.00698	0.00493	0.00260	0.00747
16	0.01494	0.01190	0.01283	0.01101	0.01415	0.01334	0.00866	0.24527	0.41264	0.02590	0.09019	0.06065	0.01904	0.02600	0.00627	0.00190	0.00470	0.00675	0.00557	0.00829
17	0.00709	0.00542	0.00640	0.00657	0.00778	0.00485	0.00471	0.00869	0.01284	0.01682	0.27333	0.22962	0.32221	0.05866	0.00789	0.00212	0.00299	0.01193	0.00534	0.00473
18	0.14281	0.01270	0.01896	0.10794	0.48877	0.01342	0.01438	0.10104	0.01350	0.02065	0.01027	0.01304	0.00827	0.00523	0.00518	0.00168	0.00625	0.00464	0.00314	0.00814
19	0.84448	0.01071	0.00814	0.00728	0.01071	0.01242	0.00600	0.01628	0.00943	0.02485	0.00771	0.00900	0.00600	0.00514	0.00343	0.00171	0.00428	0.00300	0.00343	0.00600
20	0.01846	0.01295	0.01400	0.01110	0.01491	0.01403	0.00905	0.50330	0.08683	0.08706	0.01914	0.01870	0.08152	0.00741	0.00551	0.00167	0.00524	0.00578	0.07479	0.00857
21	0.37147	0.01211	0.01187	0.00976	0.01352	0.01342	0.00798	0.25984	0.09351	0.11120	0.03643	0.01372	0.01055	0.00626	0.00468	0.00171	0.00488	0.00449	0.00481	0.00776
22	0.00756	0.00575	0.00689	0.00727	0.00860	0.00528	0.00564	0.00929	0.01251	0.01601	0.14937	0.10698	0.33010	0.09344	0.00905	0.00242	0.00370	0.21031	0.00509	0.00473
23	0.02339	0.00948	0.01266	0.00980	0.01387	0.00842	0.00806	0.06529	0.01639	0.67894	0.07632	0.02021	0.01631	0.00717	0.00564	0.00171	0.00463	0.00587	0.00673	0.00912
24	0.00675	0.00482	0.00643	0.00771	0.00803	0.00450	0.00514	0.00771	0.01060	0.01414	0.03053	0.80175	0.03663	0.01735	0.00707	0.00225	0.00321	0.01574	0.00514	0.00450
25	0.02118	0.01531	0.01649	0.01265	0.01707	0.01687	0.01045	0.72804	0.02570	0.05969	0.01358	0.01348	0.00956	0.00666	0.00554	0.00166	0.00605	0.00501	0.00558	0.00942
26	0.02105	0.01551	0.01662	0.01274	0.01717	0.01717	0.01053	0.75235	0.02604	0.03490	0.01330	0.01330	0.00942	0.00665	0.00554	0.00166	0.00609	0.00499	0.00554	0.00942
27	0.01148	0.00984	0.01148	0.00820	0.01312	0.00738	0.00656	0.01395	0.01148	0.01805	0.00984	0.01148	0.00820	0.00410	0.00410	0.00082	0.00410	0.00328	0.00328	0.83922

[dist]
# distance from previous block
# <min> <max>
0	6

[block]
# block no. 5 follows, 43 sequences, length 12
# corresponding to MSA columns:
# 365-376
name=unknown_F
#
# <colnr> <probs for GDERKNQSTAVLIFYWHMCP>
#	G	D	E	R	K	N	Q	S	T	A	V	L	I	F	Y	W	H	M	C	P
0	0.01797	0.00866	0.01097	0.00905	0.01234	0.00800	0.00729	0.04273	0.09269	0.43193	0.15118	0.02819	0.11988	0.00880	0.00591	0.00177	0.00413	0.02427	0.00630	0.00793
1	0.00679	0.00560	0.00586	0.00581	0.00750	0.00478	0.00429	0.00827	0.01276	0.01565	0.14451	0.05083	0.63570	0.05780	0.00775	0.00205	0.00292	0.01127	0.00516	0.00467
2	0.00794	0.00581	0.00825	0.00825	0.00901	0.00657	0.00611	0.00947	0.00871	0.01237	0.01543	0.02505	0.01528	0.21534	0.61157	0.00810	0.01268	0.00642	0.00306	0.00458
3	0.77830	0.01061	0.00852	0.00749	0.01099	0.01208	0.00617	0.01714	0.00994	0.08539	0.00885	0.00979	0.00662	0.00528	0.00360	0.00171	0.00432	0.00321	0.00370	0.00627
4	0.00692	0.00498	0.00645	0.00755	0.00801	0.00465	0.00512	0.00792	0.01068	0.01408	0.03154	0.66177	0.09071	0.06912	0.00845	0.00244	0.00341	0.04670	0.00502	0.00446
5	0.01268	0.00768	0.00974	0.00870	0.00988	0.00812	0.00634	0.20688	0.01226	0.01640	0.01061	0.01589	0.00957	0.01587	0.01733	0.61452	0.00515	0.00486	0.00325	0.00428
6	0.07658	0.01121	0.10776	0.00960	0.01317	0.00908	0.00860	0.05139	0.11064	0.23137	0.14739	0.06813	0.11422	0.00881	0.00574	0.00179	0.00447	0.00731	0.00538	0.00737
7	0.00694	0.00496	0.00646	0.00745	0.00789	0.00463	0.00499	0.00800	0.01096	0.01467	0.09865	0.65233	0.06070	0.07300	0.00851	0.00241	0.00330	0.01453	0.00510	0.00449
8	0.01883	0.01368	0.01472	0.01160	0.01534	0.01503	0.00939	0.62128	0.02322	0.03142	0.01476	0.05703	0.01182	0.05725	0.00694	0.00190	0.00568	0.00576	0.05583	0.00852
9	0.01374	0.15965	0.02280	0.05153	0.01930	0.06939	0.18770	0.04848	0.01148	0.01534	0.00876	0.01223	0.00760	0.00699	0.01068	0.00194	0.33814	0.00483	0.00267	0.00677
10	0.01280	0.01338	0.02161	0.05211	0.11877	0.04252	0.19975	0.01527	0.01055	0.01511	0.00883	0.01308	0.00775	0.00748	0.01256	0.00212	0.43169	0.00524	0.00258	0.00679
11	0.00879	0.00690	0.00785	0.00773	0.00819	0.04754	0.00523	0.00955	0.00883	0.01176	0.01629	0.05873	0.01768	0.47217	0.25286	0.00599	0.03919	0.00735	0.00324	0.00415

[dist]
# distance from previous block
# <min> <max>
4	7

[block]
# block no. 6 follows, 43 sequences, length 14
# corresponding to MSA columns:
# 386-399
name=unknown_G
#
# <colnr> <probs for GDERKNQSTAVLIFYWHMCP>
#	G	D	E	R	K	N	Q	S	T	A	V	L	I	F	Y	W	H	M	C	P
0	0.00805	0.00537	0.00604	0.00604	0.00604	0.00537	0.00336	0.00805	0.00805	0.01074	0.01745	0.03624	0.02013	0.80536	0.02819	0.00537	0.00537	0.00805	0.00336	0.00336
1	0.01271	0.01748	0.17052	0.02194	0.02802	0.01379	0.61540	0.01770	0.01282	0.01770	0.01097	0.01434	0.00815	0.00478	0.00630	0.00185	0.00912	0.00608	0.00272	0.00760
2	0.00720	0.00519	0.00629	0.00682	0.00741	0.00485	0.00450	0.00814	0.01075	0.01418	0.11013	0.38388	0.15079	0.23893	0.01290	0.00302	0.00369	0.01231	0.00474	0.00428
3	0.00967	0.00869	0.01485	0.01202	0.01458	0.00831	0.21623	0.01372	0.07344	0.02015	0.41571	0.11394	0.03538	0.00979	0.00652	0.00184	0.00472	0.00935	0.00503	0.00606
4	0.01250	0.01127	0.01753	0.01255	0.01764	0.00929	0.21699	0.01557	0.01212	0.05012	0.01074	0.01277	0.00849	0.00438	0.00485	0.00115	0.00561	0.00430	0.00330	0.56882
5	0.19828	0.00840	0.01024	0.00855	0.01144	0.00813	0.00673	0.01908	0.01202	0.39580	0.01533	0.01614	0.01088	0.00998	0.00965	0.23837	0.00465	0.00480	0.00485	0.00670
6	0.00831	0.00594	0.00822	0.00950	0.01050	0.00584	0.00786	0.01041	0.01214	0.01589	0.02966	0.27146	0.03322	0.01588	0.00749	0.00246	0.00457	0.53063	0.00511	0.00493
7	0.00796	0.00567	0.00726	0.00737	0.00834	0.00540	0.00546	0.00984	0.01302	0.01788	0.39376	0.10088	0.06257	0.18388	0.01145	0.00271	0.00371	0.14288	0.00522	0.00473
8	0.60868	0.00914	0.00730	0.00668	0.00951	0.01037	0.00540	0.01533	0.01004	0.02366	0.01064	0.01229	0.00832	0.00551	0.00355	0.00159	0.00380	0.00361	0.23882	0.00576
9	0.00761	0.00538	0.00696	0.00787	0.00842	0.00519	0.00565	0.00881	0.01076	0.01423	0.05063	0.40073	0.05075	0.19745	0.01203	0.00301	0.00415	0.19121	0.00475	0.00441
10	0.00782	0.00545	0.00691	0.00710	0.00743	0.00568	0.00463	0.00852	0.00868	0.01185	0.01867	0.14692	0.02083	0.47129	0.23852	0.00590	0.00772	0.00861	0.00351	0.00398
11	0.01735	0.00916	0.01136	0.00951	0.01271	0.00898	0.00757	0.02343	0.22640	0.36896	0.21366	0.02515	0.02451	0.00819	0.00584	0.00177	0.00408	0.00691	0.00632	0.00816
12	0.00955	0.00798	0.01274	0.01599	0.22499	0.00869	0.00977	0.01190	0.00995	0.01434	0.01359	0.01948	0.01241	0.03119	0.56350	0.00685	0.01250	0.00565	0.00290	0.00603
13	0.01174	0.01080	0.01794	0.02656	0.55519	0.01071	0.01365	0.01437	0.01204	0.01698	0.01610	0.23648	0.01665	0.00844	0.00593	0.00182	0.00563	0.00799	0.00342	0.00756

[dist]
# distance from previous block
# <min> <max>
0	5

[block]
# block no. 7 follows, 43 sequences, length 16
# corresponding to MSA columns:
# 405-420
name=unknown_H
#
# <colnr> <probs for GDERKNQSTAVLIFYWHMCP>
#	G	D	E	R	K	N	Q	S	T	A	V	L	I	F	Y	W	H	M	C	P
0	0.01307	0.01494	0.03268	0.02334	0.02894	0.01401	0.75070	0.01774	0.01307	0.01774	0.01120	0.01494	0.00840	0.00467	0.00654	0.00187	0.00934	0.00654	0.00280	0.00747
1	0.00748	0.00539	0.00709	0.00721	0.00820	0.00499	0.00520	0.00956	0.01403	0.01958	0.52788	0.28887	0.04717	0.01328	0.00671	0.00191	0.00281	0.01188	0.00579	0.00499
2	0.00998	0.00710	0.00972	0.00919	0.01051	0.00803	0.00711	0.11236	0.01103	0.01544	0.01386	0.01986	0.01261	0.03344	0.56415	0.12937	0.01216	0.00564	0.00324	0.00519
3	0.00977	0.00857	0.01360	0.56811	0.02900	0.01033	0.01195	0.01241	0.01021	0.01318	0.01201	0.02088	0.01102	0.23341	0.01199	0.00285	0.00681	0.00581	0.00272	0.00536
4	0.01449	0.58204	0.02716	0.01646	0.22977	0.01942	0.01162	0.01670	0.01164	0.01447	0.00847	0.01026	0.00758	0.00479	0.00410	0.00132	0.00611	0.00352	0.00248	0.00758
5	0.01774	0.02035	0.01269	0.01167	0.01408	0.56148	0.00876	0.01949	0.01453	0.01558	0.01127	0.01302	0.00915	0.00592	0.00467	0.00139	0.00788	0.00402	0.24025	0.00606
6	0.01216	0.04612	0.47427	0.01529	0.04588	0.01346	0.05329	0.02089	0.22521	0.01904	0.01354	0.01439	0.00996	0.00585	0.00539	0.00177	0.00704	0.00483	0.00332	0.00830
7	0.07313	0.49813	0.24000	0.01131	0.01686	0.04926	0.01241	0.01706	0.01143	0.01518	0.00837	0.00974	0.00700	0.00496	0.00409	0.00139	0.00661	0.00331	0.00246	0.00731
8	0.00875	0.00684	0.00816	0.00873	0.00985	0.00714	0.00617	0.01390	0.22434	0.01671	0.02825	0.57921	0.03101	0.01455	0.00666	0.00214	0.00355	0.01304	0.00528	0.00571
9	0.05252	0.01264	0.04352	0.15226	0.05343	0.01323	0.23293	0.01953	0.22507	0.01852	0.01464	0.05497	0.01182	0.00667	0.00672	0.00190	0.06240	0.00620	0.00365	0.00737
10	0.00931	0.00749	0.01093	0.01460	0.22471	0.00738	0.00796	0.01065	0.01035	0.01409	0.02048	0.23434	0.04292	0.31422	0.01468	0.00327	0.00506	0.03847	0.00377	0.00531
11	0.00686	0.00554	0.00611	0.00614	0.00772	0.00478	0.00454	0.00850	0.01312	0.01655	0.21740	0.12641	0.52946	0.01374	0.00660	0.00188	0.00280	0.01171	0.00536	0.00478
12	0.00791	0.00531	0.00608	0.00623	0.00627	0.00527	0.00356	0.00802	0.00834	0.01112	0.01894	0.12325	0.02201	0.71580	0.02579	0.00501	0.00512	0.00893	0.00356	0.00349
13	0.01469	0.01315	0.01295	0.00985	0.01438	0.12249	0.00784	0.13238	0.01452	0.03975	0.01052	0.01174	0.00838	0.00481	0.00450	0.00107	0.00529	0.00365	0.00367	0.56436
14	0.06810	0.14347	0.39596	0.01340	0.01968	0.01545	0.01502	0.22666	0.01557	0.02226	0.01041	0.01155	0.00765	0.00557	0.00496	0.00164	0.00699	0.00410	0.00333	0.00823
15	0.01836	0.13301	0.12561	0.01402	0.04829	0.24466	0.01209	0.29746	0.01830	0.02232	0.01050	0.01148	0.00805	0.00583	0.00505	0.00154	0.00754	0.00415	0.00373	0.00800

[dist]
