[name]
unknown

[dist]
# distance from previous block
# <min> <max>
20	124

[block]
# block no. 0 follows, 44 sequences, length 20
# corresponding to MSA columns:
# 170-189
name=unknown_A
#
# <colnr> <probs for GDERKNQSTAVLIFYWHMCP>
#	G	D	E	R	K	N	Q	S	T	A	V	L	I	F	Y	W	H	M	C	P
0	0.01450	0.00935	0.01195	0.02606	0.01349	0.00877	0.03488	0.11095	0.06264	0.18876	0.12800	0.08485	0.02006	0.02430	0.00601	0.00166	0.00449	0.04645	0.00506	0.19778
1	0.01828	0.00799	0.01086	0.02456	0.01278	0.00721	0.00773	0.02035	0.01408	0.48691	0.02406	0.09820	0.03590	0.02731	0.00649	0.00197	0.00455	0.15342	0.02978	0.00757
2	0.01196	0.00686	0.00848	0.00774	0.00990	0.00628	0.00596	0.02707	0.05319	0.20807	0.21014	0.15667	0.22318	0.01149	0.00625	0.00185	0.00345	0.02955	0.00574	0.00618
3	0.01234	0.00756	0.01021	0.00935	0.03120	0.00769	0.00711	0.01470	0.02487	0.19409	0.39380	0.05714	0.05155	0.02222	0.00809	0.00189	0.11103	0.02340	0.00547	0.00628
4	0.01600	0.01211	0.01997	0.02804	0.60080	0.01183	0.01474	0.01898	0.01314	0.19138	0.01282	0.01465	0.00974	0.00529	0.00542	0.00163	0.00606	0.00500	0.00362	0.00878
5	0.01044	0.00882	0.01410	0.57256	0.07139	0.01055	0.01264	0.01381	0.01111	0.01561	0.01157	0.01580	0.00887	0.00562	0.00507	0.00168	0.00614	0.00490	0.19333	0.00598
6	0.01842	0.02037	0.19053	0.01353	0.01842	0.17024	0.01263	0.44028	0.02037	0.02624	0.01140	0.01208	0.00828	0.00605	0.00528	0.00161	0.00724	0.00443	0.00420	0.00840
7	0.01431	0.00960	0.01161	0.00845	0.01315	0.00744	0.00681	0.01666	0.01229	0.19135	0.01239	0.01296	0.00931	0.00466	0.00437	0.00101	0.00417	0.00374	0.00403	0.65170
8	0.01351	0.01267	0.01989	0.02836	0.60086	0.01309	0.01488	0.01953	0.18411	0.01895	0.01298	0.01506	0.01046	0.00544	0.00543	0.00167	0.00598	0.00516	0.00335	0.00863
9	0.01137	0.19296	0.01975	0.58621	0.03182	0.01434	0.04223	0.01461	0.01102	0.01381	0.00926	0.01322	0.00724	0.00524	0.00504	0.00167	0.00701	0.00447	0.00241	0.00632
10	0.00664	0.00474	0.00633	0.00759	0.00791	0.00443	0.00506	0.00759	0.01044	0.01392	0.03005	0.80485	0.03606	0.01708	0.00696	0.00221	0.00316	0.01550	0.00506	0.00443
11	0.01276	0.01221	0.02081	0.20737	0.60619	0.01276	0.01637	0.01609	0.01207	0.01692	0.01013	0.01373	0.00832	0.00499	0.00541	0.00166	0.00666	0.00485	0.00264	0.00805
12	0.01074	0.00799	0.01050	0.00963	0.01137	0.00912	0.00762	0.18014	0.01261	0.01761	0.01426	0.01952	0.01263	0.03305	0.60844	0.00714	0.01264	0.00563	0.00350	0.00587
13	0.01729	0.04351	0.01360	0.01069	0.01401	0.01248	0.00857	0.37311	0.08160	0.15205	0.01890	0.19517	0.01662	0.00898	0.00573	0.00178	0.00498	0.00745	0.00546	0.00802
14	0.03546	0.05253	0.01471	0.18972	0.01970	0.01258	0.01016	0.16573	0.17573	0.21745	0.03937	0.01691	0.01258	0.00654	0.00536	0.00172	0.00542	0.00532	0.00492	0.00808
15	0.03853	0.01128	0.04546	0.19065	0.02154	0.00997	0.13369	0.01552	0.02416	0.05649	0.01067	0.01306	0.00823	0.00473	0.00488	0.00134	0.00583	0.00432	0.00316	0.39649
16	0.01169	0.01023	0.01634	0.66081	0.03399	0.01237	0.02964	0.06164	0.05106	0.04383	0.01101	0.01490	0.00813	0.00565	0.00548	0.00180	0.00698	0.00497	0.00294	0.00654
17	0.00965	0.00721	0.01062	0.07438	0.01237	0.00730	0.10658	0.03834	0.01073	0.01550	0.03733	0.09846	0.01785	0.32477	0.01421	0.00310	0.00511	0.00746	0.19417	0.00486
18	0.01041	0.00794	0.00926	0.03744	0.01114	0.00844	0.00643	0.03901	0.23621	0.03581	0.02078	0.20268	0.02066	0.23008	0.05033	0.00314	0.00498	0.00849	0.00448	0.05228
19	0.01321	0.01266	0.01875	0.22612	0.41732	0.05298	0.01469	0.03594	0.11993	0.01769	0.01179	0.01454	0.00936	0.00545	0.00541	0.00169	0.00653	0.00497	0.00311	0.00786

[dist]
# distance from previous block
# <min> <max>
1	5

[block]
# block no. 1 follows, 44 sequences, length 10
# corresponding to MSA columns:
# 195-204
name=unknown_B
#
# <colnr> <probs for GDERKNQSTAVLIFYWHMCP>
#	G	D	E	R	K	N	Q	S	T	A	V	L	I	F	Y	W	H	M	C	P
0	0.20850	0.22517	0.16189	0.01080	0.01570	0.01554	0.01072	0.19303	0.01456	0.08239	0.01042	0.01111	0.00778	0.00547	0.00441	0.00155	0.00582	0.00381	0.00366	0.00767
1	0.36894	0.03446	0.12556	0.04669	0.03810	0.01329	0.08406	0.04614	0.01103	0.06041	0.00931	0.01131	0.00716	0.00580	0.00630	0.00179	0.11561	0.00405	0.00319	0.00679
2	0.00739	0.00525	0.00697	0.00794	0.00854	0.00503	0.00578	0.00878	0.01118	0.01494	0.10192	0.47439	0.03483	0.09576	0.00914	0.00254	0.00376	0.18638	0.00497	0.00453
3	0.00957	0.00754	0.01056	0.00948	0.01130	0.00736	0.08009	0.11318	0.01448	0.01958	0.24732	0.31072	0.09388	0.01231	0.00651	0.00193	0.00399	0.02941	0.00516	0.00563
4	0.00864	0.00664	0.00960	0.09984	0.01294	0.00750	0.00756	0.04978	0.01100	0.01536	0.12033	0.10046	0.02012	0.02847	0.46925	0.00595	0.01049	0.00719	0.00364	0.00523
5	0.00773	0.00574	0.00723	0.00688	0.00825	0.00534	0.00515	0.01055	0.04011	0.02082	0.64012	0.06878	0.12980	0.01153	0.00642	0.00175	0.00267	0.01012	0.00585	0.00518
6	0.01218	0.05375	0.38468	0.01836	0.09146	0.03780	0.18074	0.01679	0.01156	0.01648	0.00961	0.01229	0.00741	0.00562	0.00716	0.00180	0.11761	0.00468	0.00247	0.00757
7	0.01129	0.00629	0.00844	0.00809	0.00979	0.00576	0.00625	0.01337	0.01389	0.18573	0.32956	0.22020	0.03671	0.01212	0.00650	0.00194	0.00350	0.10891	0.00581	0.00587
8	0.01386	0.57870	0.14504	0.01364	0.12082	0.01899	0.01204	0.01653	0.01133	0.01421	0.00829	0.00983	0.00721	0.00477	0.00402	0.00132	0.00627	0.00336	0.00238	0.00739
9	0.01218	0.00982	0.01190	0.00893	0.01299	0.00835	0.03642	0.07530	0.04528	0.04167	0.01197	0.01558	0.01035	0.11592	0.00765	0.00161	0.00461	0.00435	0.00361	0.56153

[dist]
# distance from previous block
# <min> <max>
0	3

[block]
# block no. 2 follows, 44 sequences, length 17
# corresponding to MSA columns:
# 208-224
name=unknown_C
#
# <colnr> <probs for GDERKNQSTAVLIFYWHMCP>
#	G	D	E	R	K	N	Q	S	T	A	V	L	I	F	Y	W	H	M	C	P
0	0.63272	0.00929	0.00790	0.00735	0.01015	0.01042	0.00583	0.01482	0.00997	0.05681	0.03727	0.15172	0.01310	0.00747	0.00421	0.00178	0.00400	0.00552	0.00391	0.00577
1	0.05616	0.03724	0.13296	0.01151	0.01605	0.01314	0.01062	0.32969	0.06033	0.18359	0.03127	0.01639	0.04090	0.00760	0.02618	0.00186	0.00589	0.00520	0.00498	0.00845
2	0.01319	0.62369	0.06750	0.00908	0.01311	0.01817	0.00888	0.01489	0.01054	0.01268	0.00941	0.01369	0.00927	0.14744	0.00790	0.00193	0.00586	0.00387	0.00250	0.00640
3	0.02990	0.01107	0.01158	0.00978	0.01266	0.03280	0.00769	0.29059	0.17014	0.05795	0.04775	0.05266	0.02860	0.05684	0.00663	0.00187	0.00470	0.00609	0.15327	0.00744
4	0.00947	0.00473	0.00710	0.00710	0.00710	0.00473	0.00473	0.00710	0.00710	0.00947	0.00947	0.01657	0.00947	0.01894	0.02131	0.84138	0.00473	0.00473	0.00237	0.00237
5	0.01270	0.01215	0.02070	0.22170	0.59233	0.01275	0.01634	0.01604	0.01204	0.01685	0.01012	0.01375	0.00830	0.00500	0.00541	0.00167	0.00667	0.00485	0.00263	0.00800
6	0.00747	0.00896	0.14382	0.00896	0.01071	0.00593	0.00774	0.00946	0.01091	0.01496	0.06867	0.62043	0.03176	0.01463	0.00661	0.00210	0.00400	0.01314	0.00462	0.00511
7	0.01318	0.48254	0.29261	0.01244	0.01835	0.01792	0.06376	0.01673	0.01135	0.01470	0.00859	0.01012	0.00705	0.00484	0.00429	0.00141	0.00684	0.00354	0.00235	0.00739
8	0.16051	0.01031	0.01115	0.00829	0.01283	0.00896	0.00669	0.07681	0.01215	0.02035	0.00960	0.01102	0.00779	0.00443	0.00404	0.00103	0.00423	0.00332	0.00344	0.62301
9	0.00887	0.00647	0.00886	0.14685	0.01355	0.00642	0.00691	0.01133	0.01392	0.06197	0.44042	0.06718	0.16523	0.01058	0.00623	0.00177	0.00358	0.00923	0.00521	0.00542
10	0.00826	0.00638	0.00846	0.14656	0.01329	0.00627	0.00668	0.01056	0.01350	0.04193	0.35443	0.06080	0.28044	0.01104	0.00625	0.00179	0.00355	0.00953	0.00505	0.00524
11	0.01273	0.19393	0.42474	0.06293	0.05047	0.08383	0.05171	0.01718	0.01177	0.01571	0.00921	0.01119	0.00709	0.00516	0.00511	0.00160	0.02179	0.00395	0.00240	0.00750
12	0.00693	0.00517	0.00738	0.00817	0.00873	0.00482	0.03451	0.00808	0.01072	0.01436	0.05756	0.74469	0.03555	0.01636	0.00692	0.00218	0.00338	0.01493	0.00501	0.00457
13	0.00753	0.00623	0.00795	0.00822	0.00890	0.00665	0.00603	0.00864	0.01061	0.01400	0.03285	0.45894	0.23157	0.01485	0.00876	0.00214	0.14430	0.01250	0.00459	0.00475
14	0.01555	0.01510	0.02001	0.07949	0.45619	0.12719	0.03565	0.14863	0.01512	0.01981	0.01047	0.01299	0.00841	0.00530	0.00537	0.00161	0.00702	0.00471	0.00319	0.00819
15	0.05642	0.06633	0.22338	0.07736	0.06750	0.01373	0.31754	0.05859	0.01283	0.03909	0.01057	0.01313	0.00786	0.00502	0.00555	0.00173	0.00783	0.00509	0.00288	0.00758
16	0.69806	0.00979	0.00815	0.00768	0.01068	0.01117	0.00642	0.01519	0.00986	0.02301	0.01137	0.01821	0.01043	0.00684	0.00411	0.00183	0.00436	0.13345	0.00367	0.00575

[dist]
# distance from previous block
# <min> <max>
2	4

[block]
# block no. 3 follows, 44 sequences, length 29
# corresponding to MSA columns:
# 229-257
name=unknown_D
#
# <colnr> <probs for GDERKNQSTAVLIFYWHMCP>
#	G	D	E	R	K	N	Q	S	T	A	V	L	I	F	Y	W	H	M	C	P
0	0.74184	0.01114	0.00907	0.00785	0.01135	0.01282	0.00647	0.11016	0.01136	0.02572	0.00829	0.00939	0.00633	0.00525	0.00364	0.00168	0.00444	0.00320	0.00364	0.00633
1	0.00921	0.00816	0.00817	0.00766	0.00918	0.10447	0.00574	0.01153	0.01517	0.02015	0.61167	0.03782	0.10898	0.01068	0.00624	0.00169	0.00351	0.00920	0.00551	0.00525
2	0.00706	0.00605	0.00626	0.00585	0.00807	0.00494	0.00444	0.00857	0.01228	0.01511	0.04944	0.04723	0.67500	0.01256	0.00614	0.00171	0.00292	0.01045	0.00483	0.11107
3	0.01256	0.01045	0.01197	0.00872	0.01346	0.00864	0.00701	0.10853	0.03127	0.02000	0.01042	0.01175	0.00843	0.00444	0.00425	0.00094	0.00429	0.00351	0.00357	0.71579
4	0.01369	0.11345	0.01439	0.01087	0.01415	0.01458	0.00872	0.02736	0.66872	0.02154	0.02033	0.01887	0.01542	0.00705	0.00529	0.00176	0.00451	0.00575	0.00514	0.00842
5	0.01583	0.70963	0.02654	0.00938	0.01398	0.01985	0.00916	0.01763	0.01165	0.11016	0.00935	0.00999	0.00782	0.00493	0.00375	0.00123	0.00568	0.00324	0.00289	0.00729
6	0.01282	0.01093	0.01169	0.01056	0.01341	0.01249	0.00819	0.02659	0.66927	0.02269	0.11749	0.02293	0.02107	0.00787	0.00566	0.00183	0.00409	0.00663	0.00561	0.00819
7	0.00800	0.00609	0.00839	0.10733	0.01197	0.00609	0.00647	0.01072	0.02941	0.01965	0.54495	0.15482	0.04274	0.01126	0.00637	0.00181	0.00330	0.01002	0.00539	0.00522
8	0.00779	0.00584	0.00876	0.00876	0.00974	0.00681	0.00681	0.00974	0.00876	0.01266	0.01460	0.02142	0.01363	0.04089	0.78680	0.00876	0.01460	0.00584	0.00292	0.00487
9	0.05906	0.01013	0.01295	0.00997	0.01417	0.00938	0.00824	0.12353	0.01667	0.64670	0.01979	0.01741	0.01261	0.00665	0.00539	0.00168	0.00480	0.00530	0.00643	0.00913
10	0.00663	0.00556	0.00579	0.00592	0.00768	0.00473	0.00452	0.00808	0.01238	0.01483	0.05256	0.07250	0.69639	0.01399	0.00654	0.00190	0.00295	0.06737	0.00506	0.00463
11	0.00941	0.00595	0.00783	0.00715	0.00873	0.00543	0.00543	0.01193	0.01545	0.09825	0.69577	0.03848	0.04761	0.01070	0.00633	0.00171	0.00278	0.00942	0.00608	0.00556
12	0.01016	0.00508	0.00508	0.00508	0.00635	0.00508	0.00381	0.01270	0.01143	0.02033	0.01778	0.02033	0.01397	0.00635	0.00381	0.00127	0.00254	0.00508	0.83867	0.00508
13	0.01430	0.72965	0.02735	0.00984	0.01403	0.02107	0.00959	0.01600	0.01080	0.01286	0.00754	0.00907	0.00701	0.00516	0.00497	0.00129	0.08713	0.00311	0.00234	0.00689
14	0.00735	0.00507	0.00653	0.00745	0.00811	0.00473	0.00519	0.00867	0.01087	0.01516	0.05253	0.62231	0.03289	0.01513	0.00653	0.00206	0.00321	0.05565	0.09753	0.03303
15	0.01446	0.01337	0.01838	0.24942	0.32213	0.07215	0.01421	0.15721	0.05023	0.01971	0.01105	0.01377	0.00861	0.00553	0.00539	0.00167	0.00677	0.00482	0.00328	0.00783
16	0.01998	0.01980	0.01543	0.01291	0.01642	0.37462	0.01015	0.37996	0.02026	0.02379	0.01209	0.01272	0.02770	0.00629	0.00519	0.00153	0.00763	0.00443	0.02142	0.00769
17	0.01314	0.01397	0.01659	0.05093	0.01627	0.14461	0.04658	0.01475	0.01009	0.01370	0.00808	0.01209	0.00746	0.00907	0.03802	0.00226	0.51232	0.00457	0.00255	0.06295
18	0.01931	0.09647	0.05944	0.01279	0.01744	0.01676	0.04584	0.58617	0.02251	0.05121	0.01249	0.01279	0.00898	0.00619	0.00529	0.00160	0.00621	0.00475	0.00488	0.00888
19	0.02350	0.01082	0.01361	0.01043	0.01469	0.01030	0.00862	0.21427	0.01818	0.58683	0.01934	0.01715	0.01241	0.00670	0.00548	0.00167	0.00499	0.00533	0.00641	0.00928
20	0.00671	0.00551	0.00591	0.00586	0.00754	0.00471	0.00437	0.00832	0.01298	0.01615	0.20022	0.07288	0.60320	0.01336	0.00646	0.00183	0.00274	0.01129	0.00525	0.00471
21	0.01123	0.09181	0.71914	0.01503	0.02282	0.01338	0.01926	0.01719	0.01147	0.01690	0.00960	0.01129	0.00691	0.00514	0.00504	0.00168	0.00788	0.00394	0.00230	0.00797
22	0.01030	0.00969	0.01635	0.79530	0.03755	0.01211	0.01514	0.01393	0.01090	0.01393	0.00969	0.01453	0.00727	0.00545	0.00545	0.00182	0.00727	0.00484	0.00242	0.00606
23	0.00673	0.00481	0.00643	0.00770	0.00805	0.00451	0.00522	0.00775	0.01053	0.01402	0.03000	0.77313	0.03586	0.01699	0.00698	0.00223	0.00324	0.04632	0.00506	0.00445
24	0.01017	0.00924	0.01533	0.71165	0.03440	0.01145	0.01408	0.01366	0.01083	0.01425	0.01040	0.01520	0.00796	0.00718	0.04223	0.00211	0.00734	0.00491	0.05169	0.00594
25	0.01024	0.00957	0.01609	0.76764	0.03662	0.01191	0.01492	0.01384	0.01096	0.01401	0.01037	0.01619	0.00812	0.00579	0.00552	0.00184	0.00719	0.03066	0.00251	0.00602
26	0.00649	0.00548	0.00562	0.00567	0.00742	0.00461	0.00422	0.00789	0.01241	0.01490	0.07530	0.09110	0.71253	0.01390	0.00647	0.00186	0.00278	0.01166	0.00509	0.00461
27	0.01349	0.01295	0.02213	0.03346	0.77440	0.01295	0.01673	0.01673	0.01241	0.01781	0.01025	0.01349	0.00864	0.00486	0.00540	0.00162	0.00648	0.00486	0.00270	0.00864
28	0.15658	0.13272	0.11914	0.01520	0.12603	0.29112	0.01180	0.03673	0.01288	0.01683	0.00869	0.01041	0.00711	0.00535	0.00493	0.00153	0.02949	0.00367	0.00281	0.00698

[dist]
# distance from previous block
# <min> <max>
5	8

[block]
# block no. 4 follows, 44 sequences, length 61
# corresponding to MSA columns:
# 266-326
name=unknown_E
#
# <colnr> <probs for GDERKNQSTAVLIFYWHMCP>
#	G	D	E	R	K	N	Q	S	T	A	V	L	I	F	Y	W	H	M	C	P
0	0.00676	0.00481	0.00640	0.00763	0.00797	0.00452	0.00514	0.00773	0.01044	0.01390	0.02962	0.75578	0.03541	0.04064	0.00760	0.00232	0.00329	0.04062	0.00501	0.00442
1	0.02002	0.01483	0.01587	0.01226	0.01649	0.01638	0.01010	0.70950	0.04595	0.03334	0.01482	0.01468	0.03626	0.00682	0.00549	0.00165	0.00584	0.00518	0.00544	0.00909
2	0.00644	0.00552	0.00552	0.00552	0.00736	0.00460	0.00414	0.00782	0.01243	0.01473	0.05523	0.05247	0.77218	0.01381	0.00644	0.00184	0.00276	0.01151	0.00506	0.00460
3	0.00661	0.00486	0.00620	0.00727	0.00782	0.00445	0.00492	0.00763	0.01074	0.01404	0.03391	0.68957	0.14885	0.01658	0.00688	0.00216	0.00310	0.01489	0.00506	0.00445
4	0.01016	0.00508	0.00508	0.00508	0.00635	0.00508	0.00381	0.01270	0.01143	0.02033	0.01778	0.02033	0.01397	0.00635	0.00381	0.00127	0.00254	0.00508	0.83867	0.00508
5	0.01081	0.01039	0.01646	0.54974	0.03024	0.01355	0.01413	0.01367	0.01010	0.01367	0.00889	0.01372	0.00723	0.00674	0.00936	0.00200	0.25602	0.00482	0.00241	0.00603
6	0.02072	0.01527	0.01636	0.01254	0.01691	0.01691	0.01036	0.75622	0.02563	0.03436	0.01309	0.01309	0.00927	0.00654	0.00545	0.00164	0.00600	0.00491	0.00545	0.00927
7	0.00733	0.00504	0.00612	0.00671	0.00685	0.00489	0.00412	0.00777	0.00909	0.01212	0.02313	0.39150	0.02733	0.44233	0.01813	0.00386	0.00430	0.01143	0.00412	0.00382
8	0.01121	0.01099	0.01891	0.49658	0.11290	0.01313	0.10227	0.01452	0.01089	0.01464	0.00951	0.01403	0.00752	0.00594	0.00754	0.00189	0.13354	0.00502	0.00249	0.00648
9	0.01458	0.81168	0.02857	0.00933	0.01399	0.02157	0.00933	0.01632	0.01108	0.01283	0.00758	0.00875	0.00700	0.00466	0.00350	0.00117	0.00583	0.00292	0.00233	0.00700
10	0.00644	0.00552	0.00552	0.00552	0.00736	0.00460	0.00414	0.00782	0.01243	0.01473	0.05523	0.05247	0.77218	0.01381	0.00644	0.00184	0.00276	0.01151	0.00506	0.00460
11	0.01458	0.81168	0.02857	0.00933	0.01399	0.02157	0.00933	0.01632	0.01108	0.01283	0.00758	0.00875	0.00700	0.00466	0.00350	0.00117	0.00583	0.00292	0.00233	0.00700
12	0.01312	0.01244	0.04324	0.03687	0.14306	0.02628	0.01043	0.02487	0.53780	0.02094	0.02074	0.02008	0.05164	0.00711	0.00554	0.00180	0.00492	0.00604	0.00478	0.00830
13	0.00780	0.00578	0.00847	0.00847	0.00934	0.00666	0.00645	0.00955	0.00868	0.01244	0.01487	0.02289	0.01427	0.12035	0.70821	0.00840	0.01364	0.00606	0.00296	0.00471
14	0.01356	0.01171	0.01233	0.01109	0.01418	0.01356	0.00863	0.02897	0.76455	0.02281	0.02219	0.02034	0.01664	0.00740	0.00555	0.00185	0.00431	0.00616	0.00555	0.00863
15	0.01257	0.00962	0.01092	0.01030	0.01277	0.01061	0.00815	0.02267	0.46608	0.07383	0.04481	0.08293	0.02182	0.02925	0.00661	0.00208	0.00438	0.15773	0.00545	0.00742
16	0.84691	0.01054	0.00801	0.00717	0.01054	0.01223	0.00590	0.01603	0.00928	0.02446	0.00759	0.00886	0.00590	0.00506	0.00337	0.00169	0.00422	0.00295	0.00337	0.00590
17	0.00793	0.00529	0.00595	0.00595	0.00595	0.00529	0.00330	0.00793	0.00793	0.01057	0.01718	0.03568	0.01982	0.80840	0.02775	0.00529	0.00529	0.00793	0.00330	0.00330
18	0.01130	0.00969	0.01130	0.00807	0.01292	0.00727	0.00646	0.01373	0.01130	0.01776	0.00969	0.01130	0.00807	0.00404	0.00404	0.00081	0.00404	0.00323	0.00323	0.84173
19	0.01036	0.00914	0.01480	0.66582	0.03272	0.01119	0.01347	0.02966	0.01126	0.01502	0.01143	0.04810	0.00919	0.00605	0.00535	0.00177	0.00659	0.00532	0.08681	0.00596
20	0.82395	0.01067	0.00824	0.00732	0.01072	0.01236	0.00603	0.03660	0.00973	0.02474	0.00774	0.00897	0.00600	0.00510	0.00343	0.00169	0.00427	0.00301	0.00343	0.00600
21	0.01633	0.39203	0.02095	0.01118	0.01492	0.27761	0.00955	0.03379	0.13072	0.01500	0.01114	0.01182	0.02275	0.00562	0.00439	0.00137	0.00689	0.00382	0.00310	0.00702
22	0.39203	0.09085	0.01328	0.00977	0.01347	0.13228	0.00806	0.16888	0.01434	0.09671	0.01019	0.01080	0.00760	0.00557	0.00425	0.00158	0.00564	0.00368	0.00394	0.00709
23	0.01236	0.03734	0.04216	0.07675	0.04563	0.01395	0.44776	0.03148	0.01191	0.01641	0.01092	0.04429	0.00913	0.00680	0.02338	0.00205	0.15187	0.00612	0.00279	0.00693
24	0.84691	0.01054	0.00801	0.00717	0.01054	0.01223	0.00590	0.01603	0.00928	0.02446	0.00759	0.00886	0.00590	0.00506	0.00337	0.00169	0.00422	0.00295	0.00337	0.00590
25	0.01131	0.01168	0.02058	0.01627	0.01845	0.01336	0.28938	0.01374	0.01049	0.01492	0.01355	0.13567	0.03485	0.00897	0.01157	0.00214	0.35660	0.00724	0.00301	0.00621
26	0.01905	0.01046	0.01256	0.01028	0.01405	0.01046	0.00829	0.06445	0.29530	0.39442	0.02075	0.01940	0.01449	0.00699	0.00546	0.00171	0.00456	0.02108	0.00598	0.06025
27	0.01944	0.15268	0.01759	0.01325	0.01639	0.64723	0.01034	0.03589	0.01495	0.01369	0.00839	0.00972	0.00706	0.00548	0.00470	0.00137	0.00911	0.00344	0.00279	0.00649
28	0.00661	0.00546	0.00581	0.00587	0.00751	0.00465	0.00435	0.00810	0.01261	0.01551	0.13894	0.11958	0.61861	0.01379	0.00649	0.00186	0.00278	0.01167	0.00518	0.00465
29	0.00793	0.00529	0.00595	0.00595	0.00595	0.00529	0.00330	0.00793	0.00793	0.01057	0.01718	0.03568	0.01982	0.80840	0.02775	0.00529	0.00529	0.00793	0.00330	0.00330
30	0.01052	0.00992	0.01676	0.74155	0.08953	0.01217	0.01525	0.01413	0.01101	0.01420	0.00973	0.01446	0.00736	0.00541	0.00545	0.00180	0.00721	0.00485	0.00244	0.00624
31	0.02340	0.00919	0.01243	0.00968	0.01372	0.00806	0.00798	0.02590	0.03640	0.72163	0.04000	0.02011	0.01491	0.00706	0.00555	0.00171	0.00459	0.02198	0.00666	0.00906
32	0.00852	0.00575	0.00754	0.00699	0.00842	0.00528	0.00528	0.01107	0.01544	0.05802	0.73567	0.03966	0.04963	0.01094	0.00638	0.00171	0.00267	0.00965	0.00604	0.00534
33	0.01334	0.01280	0.02185	0.06988	0.73917	0.01291	0.01666	0.01660	0.01234	0.01763	0.01023	0.01354	0.00857	0.00489	0.00540	0.00163	0.00651	0.00486	0.00269	0.00851
34	0.01210	0.01253	0.01989	0.11925	0.02043	0.03248	0.16893	0.01433	0.00980	0.01415	0.00834	0.01281	0.00740	0.00787	0.01355	0.00217	0.51012	0.00510	0.00248	0.00628
35	0.01079	0.00603	0.00653	0.00613	0.00757	0.00624	0.00472	0.04827	0.01244	0.03838	0.08338	0.02203	0.03329	0.00709	0.00486	0.00140	0.03906	0.00562	0.65075	0.00541
36	0.00666	0.00484	0.00629	0.00738	0.00787	0.00447	0.00498	0.00771	0.01079	0.01427	0.05835	0.71011	0.10304	0.01658	0.00689	0.00216	0.00311	0.01494	0.00509	0.00447
37	0.01130	0.00969	0.01130	0.00807	0.01292	0.00727	0.00646	0.01373	0.01130	0.01776	0.00969	0.01130	0.00807	0.00404	0.00404	0.00081	0.00404	0.00323	0.00323	0.84173
38	0.84691	0.01054	0.00801	0.00717	0.01054	0.01223	0.00590	0.01603	0.00928	0.02446	0.00759	0.00886	0.00590	0.00506	0.00337	0.00169	0.00422	0.00295	0.00337	0.00590
39	0.01130	0.00969	0.01130	0.00807	0.01292	0.00727	0.00646	0.01373	0.01130	0.01776	0.00969	0.01130	0.00807	0.00404	0.00404	0.00081	0.00404	0.00323	0.00323	0.84173
40	0.00779	0.00584	0.00876	0.00876	0.00974	0.00681	0.00681	0.00974	0.00876	0.01266	0.01460	0.02142	0.01363	0.04089	0.78680	0.00876	0.01460	0.00584	0.00292	0.00487
41	0.01356	0.01171	0.01233	0.01109	0.01418	0.01356	0.00863	0.02897	0.76455	0.02281	0.02219	0.02034	0.01664	0.00740	0.00555	0.00185	0.00431	0.00616	0.00555	0.00863
42	0.00793	0.00529	0.00595	0.00595	0.00595	0.00529	0.00330	0.00793	0.00793	0.01057	0.01718	0.03568	0.01982	0.80840	0.02775	0.00529	0.00529	0.00793	0.00330	0.00330
43	0.00644	0.00552	0.00552	0.00552	0.00736	0.00460	0.00414	0.00782	0.01243	0.01473	0.05523	0.05247	0.77218	0.01381	0.00644	0.00184	0.00276	0.01151	0.00506	0.00460
44	0.00664	0.00474	0.00633	0.00759	0.00791	0.00443	0.00506	0.00759	0.01044	0.01392	0.03005	0.80485	0.03606	0.01708	0.00696	0.00221	0.00316	0.01550	0.00506	0.00443
45	0.01302	0.01070	0.01159	0.00966	0.01330	0.02688	0.00757	0.02174	0.38438	0.06290	0.01910	0.03782	0.04815	0.00666	0.00507	0.00147	0.00425	0.00550	0.00470	0.30555
46	0.02421	0.00967	0.01290	0.00989	0.01411	0.00860	0.00817	0.07482	0.01627	0.72899	0.02095	0.01819	0.01322	0.00673	0.00548	0.00168	0.00473	0.00544	0.00666	0.00928
47	0.01906	0.01444	0.01542	0.01221	0.01627	0.01613	0.00996	0.58680	0.19777	0.03167	0.01521	0.01478	0.01099	0.00674	0.00548	0.00169	0.00561	0.00520	0.00548	0.00912
48	0.01349	0.01295	0.02213	0.03346	0.77440	0.01295	0.01673	0.01673	0.01241	0.01781	0.01025	0.01349	0.00864	0.00486	0.00540	0.00162	0.00648	0.00486	0.00270	0.00864
49	0.01287	0.04005	0.50453	0.01654	0.02351	0.01292	0.18665	0.04633	0.01267	0.07638	0.01105	0.01278	0.00782	0.00521	0.00546	0.00173	0.00793	0.00470	0.00287	0.00801
50	0.00684	0.00487	0.00645	0.00760	0.00797	0.00458	0.00515	0.00785	0.01053	0.01405	0.04706	0.71051	0.03535	0.05853	0.00807	0.00238	0.00335	0.04949	0.00499	0.00441
51	0.01130	0.00969	0.01130	0.00807	0.01292	0.00727	0.00646	0.01373	0.01130	0.01776	0.00969	0.01130	0.00807	0.00404	0.00404	0.00081	0.00404	0.00323	0.00323	0.84173
52	0.01342	0.01288	0.02199	0.05162	0.75684	0.01293	0.01669	0.01666	0.01238	0.01772	0.01024	0.01352	0.00860	0.00487	0.00540	0.00162	0.00650	0.00486	0.00269	0.00857
53	0.01282	0.01449	0.03093	0.02267	0.04543	0.01395	0.68923	0.01717	0.01257	0.01719	0.01076	0.01450	0.00821	0.00492	0.00715	0.00187	0.05983	0.00629	0.00273	0.00729
54	0.01006	0.00507	0.00512	0.00515	0.00640	0.00506	0.00385	0.01255	0.01140	0.02014	0.01814	0.04333	0.01462	0.00667	0.00390	0.00130	0.00256	0.00539	0.81423	0.00506
55	0.00925	0.00742	0.00809	0.00760	0.00971	0.00739	0.00583	0.03239	0.20501	0.03287	0.18848	0.05566	0.37104	0.01142	0.00620	0.00183	0.00329	0.02517	0.00542	0.00594
56	0.08687	0.01106	0.01639	0.52308	0.16251	0.04202	0.01410	0.01563	0.04722	0.01596	0.01015	0.01394	0.00782	0.00541	0.00524	0.00176	0.00681	0.00469	0.00272	0.00663
57	0.00947	0.00774	0.01021	0.00952	0.01045	0.02522	0.00734	0.04559	0.00955	0.01355	0.01344	0.02128	0.01307	0.15854	0.45975	0.00643	0.14544	0.00585	0.00302	0.02454
58	0.84691	0.01054	0.00801	0.00717	0.01054	0.01223	0.00590	0.01603	0.00928	0.02446	0.00759	0.00886	0.00590	0.00506	0.00337	0.00169	0.00422	0.00295	0.00337	0.00590
59	0.05471	0.01202	0.01289	0.03287	0.01506	0.01357	0.00892	0.16602	0.50384	0.04048	0.01906	0.01882	0.01441	0.00710	0.00541	0.00177	0.00473	0.02265	0.00526	0.04041
60	0.04955	0.01216	0.01332	0.01107	0.01473	0.01334	0.00887	0.22474	0.39030	0.17265	0.01904	0.01759	0.01363	0.00695	0.00543	0.00175	0.00483	0.00557	0.00567	0.00882

[dist]
# distance from previous block
# <min> <max>
0	2

[block]
# block no. 5 follows, 44 sequences, length 57
# corresponding to MSA columns:
# 329-362,388-410
name=unknown_F
#
# <colnr> <probs for GDERKNQSTAVLIFYWHMCP>
#	G	D	E	R	K	N	Q	S	T	A	V	L	I	F	Y	W	H	M	C	P
0	0.01901	0.01032	0.02454	0.01001	0.01363	0.00995	0.00820	0.13810	0.14570	0.39466	0.14453	0.02157	0.01956	0.00753	0.00564	0.00171	0.00451	0.00621	0.00614	0.00846
1	0.01324	0.01240	0.02040	0.17888	0.56854	0.01301	0.01583	0.05401	0.03766	0.01806	0.01068	0.01390	0.00867	0.00514	0.00542	0.00167	0.00653	0.00490	0.00288	0.00817
2	0.00803	0.00594	0.00863	0.00856	0.00946	0.00691	0.00659	0.00987	0.00884	0.01293	0.01471	0.02195	0.01384	0.08401	0.68071	0.00800	0.03509	0.00590	0.04522	0.00482
3	0.02258	0.01022	0.02950	0.01063	0.03406	0.00907	0.00861	0.06431	0.07170	0.63432	0.02111	0.01866	0.02541	0.00682	0.00549	0.00170	0.00478	0.00555	0.00636	0.00911
4	0.01675	0.01289	0.01552	0.01413	0.10460	0.01368	0.02582	0.38912	0.10303	0.05389	0.01434	0.04932	0.01131	0.00779	0.03164	0.00185	0.02054	0.00540	0.00472	0.10366
5	0.01044	0.00984	0.01662	0.76015	0.07154	0.01215	0.01521	0.01406	0.01097	0.01411	0.00972	0.01449	0.00733	0.00542	0.00545	0.00181	0.00723	0.00485	0.00244	0.00618
6	0.01312	0.01257	0.02145	0.12298	0.68782	0.01285	0.01654	0.01640	0.01224	0.01735	0.01019	0.01362	0.00847	0.00493	0.00540	0.00164	0.00657	0.00486	0.00267	0.00833
7	0.01786	0.04114	0.01805	0.01518	0.03776	0.43526	0.09815	0.12145	0.01533	0.01680	0.00940	0.01146	0.00770	0.00691	0.02548	0.00178	0.10605	0.00428	0.00310	0.00685
8	0.00762	0.00554	0.00717	0.00682	0.00810	0.00510	0.00510	0.01008	0.01513	0.02127	0.71378	0.06671	0.08418	0.01147	0.00645	0.00174	0.00260	0.01012	0.00593	0.00510
9	0.84691	0.01054	0.00801	0.00717	0.01054	0.01223	0.00590	0.01603	0.00928	0.02446	0.00759	0.00886	0.00590	0.00506	0.00337	0.00169	0.00422	0.00295	0.00337	0.00590
10	0.00765	0.00557	0.00720	0.00679	0.00811	0.00512	0.00509	0.01017	0.01528	0.02151	0.73630	0.04130	0.08688	0.01128	0.00643	0.00172	0.00258	0.00994	0.00596	0.00512
11	0.01030	0.00969	0.01635	0.79530	0.03755	0.01211	0.01514	0.01393	0.01090	0.01393	0.00969	0.01453	0.00727	0.00545	0.00545	0.00182	0.00727	0.00484	0.00242	0.00606
12	0.00727	0.00574	0.00670	0.00721	0.00876	0.00517	0.00581	0.00901	0.01235	0.01523	0.04460	0.09991	0.47174	0.01443	0.00685	0.00210	0.00357	0.26377	0.00505	0.00474
13	0.01196	0.01000	0.01154	0.00837	0.01301	0.00799	0.00667	0.07441	0.01237	0.01889	0.01022	0.01226	0.00856	0.03101	0.00494	0.00102	0.00424	0.00352	0.00341	0.74558
14	0.01513	0.70166	0.02660	0.00988	0.01425	0.11239	0.00942	0.01684	0.01155	0.01288	0.00782	0.00913	0.00713	0.00552	0.01964	0.00135	0.00649	0.00305	0.00240	0.00687
15	0.01448	0.79163	0.04780	0.00949	0.01424	0.02134	0.00961	0.01635	0.01109	0.01294	0.00764	0.00882	0.00699	0.00468	0.00354	0.00118	0.00589	0.00294	0.00233	0.00702
16	0.01831	0.01020	0.01212	0.00939	0.01339	0.03482	0.00759	0.09522	0.03238	0.37365	0.08476	0.01860	0.03256	0.00654	0.00519	0.00145	0.00456	0.00531	0.00542	0.22855
17	0.00683	0.00550	0.00608	0.00601	0.00762	0.00476	0.00448	0.00854	0.01323	0.01681	0.26650	0.08240	0.52578	0.01316	0.00646	0.00182	0.00272	0.01119	0.00534	0.00476
18	0.01060	0.00566	0.00571	0.00556	0.00699	0.00579	0.00421	0.03317	0.04656	0.02081	0.01786	0.02013	0.01397	0.00640	0.00393	0.00131	0.00271	0.00513	0.77814	0.00536
19	0.01320	0.01444	0.06105	0.07863	0.08328	0.01334	0.55569	0.01748	0.01264	0.05560	0.01124	0.01458	0.00840	0.00495	0.00651	0.00182	0.03079	0.00600	0.00290	0.00744
20	0.03760	0.01039	0.05139	0.01003	0.01436	0.00863	0.00862	0.02604	0.05629	0.68510	0.02071	0.01813	0.01320	0.00667	0.00543	0.00170	0.00479	0.00540	0.00640	0.00912
21	0.00657	0.00548	0.00574	0.00583	0.00752	0.00465	0.00435	0.00800	0.01244	0.01506	0.08918	0.10690	0.66740	0.01394	0.00650	0.00187	0.00283	0.02602	0.00511	0.00463
22	0.00671	0.00479	0.00640	0.00766	0.00801	0.00448	0.00517	0.00770	0.01050	0.01399	0.03001	0.78249	0.03592	0.01702	0.00698	0.00222	0.00322	0.03722	0.00506	0.00445
23	0.01226	0.03918	0.39487	0.01968	0.10645	0.03950	0.25630	0.01730	0.01210	0.01706	0.01008	0.01265	0.00755	0.00506	0.00587	0.00174	0.02721	0.00487	0.00251	0.00776
24	0.01438	0.03134	0.09776	0.11499	0.39744	0.14168	0.03020	0.03035	0.01297	0.04201	0.01069	0.01411	0.00874	0.00543	0.00534	0.00164	0.00723	0.02304	0.00288	0.00777
25	0.00849	0.00610	0.00815	0.00914	0.01021	0.00604	0.00737	0.04421	0.01236	0.01622	0.02917	0.33568	0.04861	0.01539	0.00720	0.00234	0.00432	0.41896	0.00506	0.00499
26	0.08284	0.64887	0.07855	0.01045	0.03958	0.01981	0.01006	0.03142	0.01130	0.01469	0.00793	0.00919	0.00700	0.00478	0.00371	0.00127	0.00588	0.00310	0.00249	0.00708
27	0.10244	0.01403	0.15838	0.04971	0.01692	0.02334	0.01076	0.12242	0.01533	0.39191	0.03073	0.01560	0.01125	0.00626	0.00522	0.00169	0.00560	0.00490	0.00510	0.00842
28	0.01130	0.00969	0.01130	0.00807	0.01292	0.00727	0.00646	0.01373	0.01130	0.01776	0.00969	0.01130	0.00807	0.00404	0.00404	0.00081	0.00404	0.00323	0.00323	0.84173
29	0.00664	0.00474	0.00633	0.00759	0.00791	0.00443	0.00506	0.00759	0.01044	0.01392	0.03005	0.80485	0.03606	0.01708	0.00696	0.00221	0.00316	0.01550	0.00506	0.00443
30	0.00653	0.00545	0.00569	0.00579	0.00745	0.00461	0.00428	0.00792	0.01238	0.01500	0.08803	0.12467	0.66552	0.01399	0.00649	0.00187	0.00279	0.01181	0.00511	0.00461
31	0.01670	0.01115	0.01187	0.00956	0.01271	0.01207	0.00775	0.44782	0.01984	0.04763	0.01513	0.01605	0.01121	0.00647	0.00481	0.00149	0.00462	0.00499	0.33048	0.00764
32	0.01356	0.01171	0.01233	0.01109	0.01418	0.01356	0.00863	0.02897	0.76455	0.02281	0.02219	0.02034	0.01664	0.00740	0.00555	0.00185	0.00431	0.00616	0.00555	0.00863
33	0.02038	0.01508	0.01636	0.03859	0.01759	0.01675	0.01052	0.73152	0.02514	0.03368	0.01298	0.01314	0.00920	0.00651	0.00545	0.00164	0.00604	0.00491	0.00535	0.00916
34	0.00771	0.00556	0.00713	0.00673	0.00805	0.00511	0.00505	0.01021	0.01515	0.02140	0.70990	0.04088	0.09265	0.01118	0.00636	0.00171	0.00258	0.00983	0.02770	0.00511
35	0.01313	0.01258	0.02147	0.12030	0.69041	0.01286	0.01655	0.01641	0.01224	0.01737	0.01019	0.01361	0.00848	0.00493	0.00540	0.00164	0.00657	0.00486	0.00267	0.00834
36	0.14170	0.00923	0.01100	0.00928	0.01162	0.00988	0.04444	0.20540	0.01359	0.05563	0.01252	0.01638	0.01042	0.05873	0.06835	0.20802	0.00573	0.00493	0.09733	0.00582
37	0.01058	0.00911	0.01158	0.04840	0.01398	0.00732	0.03526	0.01292	0.01121	0.01696	0.01293	0.13582	0.01242	0.00617	0.00466	0.00112	0.00426	0.00535	0.00346	0.63649
38	0.01503	0.01511	0.12176	0.04650	0.44230	0.01340	0.01519	0.15872	0.03982	0.06191	0.01172	0.01368	0.00901	0.00543	0.00539	0.00165	0.00645	0.00483	0.00348	0.00864
39	0.01128	0.08617	0.70320	0.01557	0.04362	0.01333	0.01924	0.01718	0.01150	0.01695	0.00963	0.01136	0.00696	0.00513	0.00506	0.00168	0.00785	0.00397	0.00232	0.00799
40	0.01761	0.40050	0.02170	0.01180	0.01549	0.42190	0.00996	0.01917	0.01337	0.01310	0.00802	0.00931	0.00701	0.00516	0.00424	0.00129	0.00792	0.00323	0.00258	0.00664
41	0.01113	0.02533	0.63856	0.06820	0.02512	0.01276	0.10907	0.01707	0.01163	0.01707	0.00993	0.01210	0.00710	0.00513	0.00535	0.00175	0.00814	0.00438	0.00237	0.00784
42	0.00947	0.00473	0.00710	0.00710	0.00710	0.00473	0.00473	0.00710	0.00710	0.00947	0.00947	0.01657	0.00947	0.01894	0.02131	0.84138	0.00473	0.00473	0.00237	0.00237
43	0.00772	0.00588	0.00734	0.00811	0.00953	0.00550	0.00672	0.00969	0.01236	0.01553	0.03924	0.10880	0.32094	0.01471	0.00707	0.00223	0.00401	0.40478	0.00504	0.00482
44	0.00663	0.00512	0.00605	0.00668	0.00769	0.00455	0.00468	0.00786	0.01159	0.01476	0.08731	0.44151	0.34542	0.01533	0.00671	0.00203	0.00296	0.01347	0.00512	0.00455
45	0.01477	0.78513	0.02812	0.00949	0.01409	0.04742	0.00937	0.01651	0.01123	0.01284	0.00761	0.00878	0.00700	0.00470	0.00355	0.00117	0.00597	0.00294	0.00235	0.00697
46	0.01130	0.00969	0.01130	0.00807	0.01292	0.00727	0.00646	0.01373	0.01130	0.01776	0.00969	0.01130	0.00807	0.00404	0.00404	0.00081	0.00404	0.00323	0.00323	0.84173
47	0.00910	0.00644	0.00806	0.00744	0.00908	0.00623	0.00565	0.01310	0.10171	0.05544	0.63372	0.03768	0.06391	0.01058	0.00629	0.00173	0.00287	0.00928	0.00596	0.00572
48	0.00921	0.00630	0.00745	0.00709	0.00894	0.00577	0.00544	0.01199	0.06210	0.09230	0.27680	0.09003	0.33245	0.01212	0.00638	0.00184	0.00313	0.04959	0.00556	0.00551
49	0.00644	0.00552	0.00552	0.00552	0.00736	0.00460	0.00414	0.00782	0.01243	0.01473	0.05523	0.05247	0.77218	0.01381	0.00644	0.00184	0.00276	0.01151	0.00506	0.00460
50	0.11916	0.00959	0.01222	0.00949	0.01361	0.00875	0.00784	0.04590	0.01516	0.67035	0.01967	0.01728	0.01250	0.00655	0.00524	0.00169	0.00463	0.00517	0.00632	0.00889
51	0.01458	0.81168	0.02857	0.00933	0.01399	0.02157	0.00933	0.01632	0.01108	0.01283	0.00758	0.00875	0.00700	0.00466	0.00350	0.00117	0.00583	0.00292	0.00233	0.00700
52	0.00951	0.00742	0.00826	0.00780	0.00986	0.00742	0.00597	0.02845	0.20834	0.04410	0.19169	0.08920	0.31375	0.01147	0.00623	0.00185	0.00335	0.03388	0.00545	0.00600
53	0.00779	0.00584	0.00876	0.00876	0.00974	0.00681	0.00681	0.00974	0.00876	0.01266	0.01460	0.02142	0.01363	0.04089	0.78680	0.00876	0.01460	0.00584	0.00292	0.00487
54	0.55505	0.04132	0.19426	0.03034	0.01507	0.01258	0.03079	0.01656	0.01016	0.03946	0.00859	0.01003	0.00646	0.00511	0.00400	0.00169	0.00542	0.00341	0.00312	0.00658
55	0.01257	0.01048	0.01461	0.01167	0.06610	0.00848	0.09622	0.01529	0.01187	0.07172	0.01073	0.01237	0.00852	0.00435	0.00452	0.00105	0.00486	0.00388	0.00339	0.62734
56	0.01136	0.02510	0.63688	0.01577	0.03786	0.01250	0.06448	0.05413	0.01227	0.01797	0.01116	0.05564	0.00876	0.00586	0.00537	0.00175	0.00772	0.00487	0.00265	0.00789

[dist]
# distance from previous block
# <min> <max>
0	27

[block]
# block no. 6 follows, 44 sequences, length 33
# corresponding to MSA columns:
# 439-471
name=unknown_G
#
# <colnr> <probs for GDERKNQSTAVLIFYWHMCP>
#	G	D	E	R	K	N	Q	S	T	A	V	L	I	F	Y	W	H	M	C	P
0	0.84691	0.01054	0.00801	0.00717	0.01054	0.01223	0.00590	0.01603	0.00928	0.02446	0.00759	0.00886	0.00590	0.00506	0.00337	0.00169	0.00422	0.00295	0.00337	0.00590
1	0.00673	0.00481	0.00640	0.00753	0.00793	0.00448	0.00507	0.00780	0.01083	0.01454	0.08854	0.74456	0.03727	0.01661	0.00692	0.00217	0.00312	0.01505	0.00513	0.00448
2	0.01484	0.77638	0.02798	0.00954	0.01412	0.05594	0.00938	0.01657	0.01127	0.01285	0.00762	0.00879	0.00700	0.00471	0.00356	0.00118	0.00601	0.00294	0.00235	0.00697
3	0.00793	0.00529	0.00595	0.00595	0.00595	0.00529	0.00330	0.00793	0.00793	0.01057	0.01718	0.03568	0.01982	0.80840	0.02775	0.00529	0.00529	0.00793	0.00330	0.00330
4	0.00742	0.00550	0.00692	0.00670	0.00800	0.00500	0.00497	0.00966	0.01453	0.02003	0.59232	0.10508	0.16956	0.01207	0.00648	0.00178	0.00265	0.01059	0.00577	0.00500
5	0.00747	0.00556	0.00695	0.00661	0.00800	0.00504	0.00495	0.00982	0.01486	0.02051	0.63573	0.04295	0.18807	0.01165	0.00643	0.00174	0.00261	0.01017	0.00582	0.00504
6	0.03625	0.75555	0.02734	0.00929	0.01390	0.02073	0.00918	0.01677	0.01123	0.04717	0.00820	0.00918	0.00726	0.00477	0.00358	0.00120	0.00574	0.00303	0.00256	0.00707
7	0.64734	0.01024	0.00914	0.00778	0.01136	0.01121	0.00642	0.01858	0.01081	0.20736	0.01097	0.01121	0.00775	0.00547	0.00389	0.00169	0.00432	0.00357	0.00419	0.00672
8	0.80988	0.04619	0.00893	0.00727	0.01070	0.01265	0.00606	0.01604	0.00936	0.02394	0.00759	0.00885	0.00595	0.00504	0.00338	0.00166	0.00429	0.00295	0.00333	0.00595
9	0.00859	0.00801	0.06855	0.00790	0.01006	0.00639	0.00660	0.01204	0.07267	0.03372	0.37435	0.12936	0.16634	0.01123	0.00622	0.00178	0.00340	0.02382	0.00527	0.04371
10	0.01030	0.00969	0.01635	0.79530	0.03755	0.01211	0.01514	0.01393	0.01090	0.01393	0.00969	0.01453	0.00727	0.00545	0.00545	0.00182	0.00727	0.00484	0.00242	0.00606
11	0.00802	0.00564	0.00708	0.00677	0.00820	0.00509	0.00506	0.01022	0.01449	0.04805	0.55219	0.10236	0.18258	0.01194	0.00644	0.00178	0.00273	0.01045	0.00578	0.00514
12	0.02446	0.00928	0.01265	0.00970	0.01392	0.00801	0.00801	0.02657	0.01560	0.77817	0.02151	0.01856	0.01350	0.00675	0.00548	0.00169	0.00464	0.00548	0.00675	0.00928
13	0.01360	0.51681	0.09818	0.01097	0.01535	0.07642	0.05165	0.01596	0.01122	0.01353	0.00905	0.01123	0.00800	0.00992	0.11505	0.00235	0.00778	0.00368	0.00247	0.00677
14	0.01163	0.00988	0.01148	0.00823	0.01306	0.00760	0.00660	0.03955	0.01180	0.01834	0.00981	0.01137	0.00812	0.00412	0.00409	0.00084	0.00411	0.00329	0.00331	0.81278
15	0.02072	0.01527	0.01636	0.01254	0.01691	0.01691	0.01036	0.75622	0.02563	0.03436	0.01309	0.01309	0.00927	0.00654	0.00545	0.00164	0.00600	0.00491	0.00545	0.00927
16	0.01356	0.01171	0.01233	0.01109	0.01418	0.01356	0.00863	0.02897	0.76455	0.02281	0.02219	0.02034	0.01664	0.00740	0.00555	0.00185	0.00431	0.00616	0.00555	0.00863
17	0.00756	0.00557	0.00707	0.00669	0.00805	0.00508	0.00502	0.00998	0.01506	0.02098	0.68265	0.04218	0.14086	0.01148	0.00643	0.00173	0.00260	0.01006	0.00588	0.00508
18	0.00762	0.00557	0.00715	0.00675	0.00808	0.00510	0.00506	0.01009	0.01519	0.02130	0.71501	0.04165	0.10830	0.01136	0.00643	0.00172	0.00259	0.00999	0.00593	0.00510
19	0.01458	0.81168	0.02857	0.00933	0.01399	0.02157	0.00933	0.01632	0.01108	0.01283	0.00758	0.00875	0.00700	0.00466	0.00350	0.00117	0.00583	0.00292	0.00233	0.00700
20	0.00884	0.00638	0.00878	0.00996	0.01123	0.00642	0.00861	0.01168	0.03592	0.01641	0.02871	0.09403	0.03113	0.01491	0.00744	0.00248	0.00491	0.68202	0.00504	0.00511
21	0.01337	0.01123	0.01194	0.01078	0.01379	0.01284	0.00842	0.02750	0.69349	0.03975	0.02384	0.02283	0.05091	0.00787	0.00564	0.00186	0.00427	0.02578	0.00554	0.00837
22	0.48679	0.01182	0.07920	0.07938	0.10050	0.01149	0.00924	0.01611	0.01080	0.06561	0.05998	0.01359	0.02450	0.00575	0.00433	0.00170	0.00497	0.00419	0.00352	0.00654
23	0.01435	0.03768	0.07352	0.03762	0.02764	0.04047	0.00948	0.21423	0.12803	0.06051	0.04587	0.02283	0.09023	0.03052	0.00613	0.00176	0.00529	0.05572	0.00460	0.09353
24	0.01369	0.01045	0.01243	0.01140	0.07289	0.04486	0.00829	0.14411	0.02744	0.09218	0.01501	0.03602	0.03941	0.01453	0.19419	0.00314	0.00739	0.00517	0.00397	0.24340
25	0.01130	0.00969	0.01130	0.00807	0.01292	0.00727	0.00646	0.01373	0.01130	0.01776	0.00969	0.01130	0.00807	0.00404	0.00404	0.00081	0.00404	0.00323	0.00323	0.84173
26	0.01226	0.01125	0.01640	0.19138	0.30791	0.01230	0.01279	0.01934	0.25364	0.01832	0.01751	0.01900	0.07114	0.00651	0.00554	0.00175	0.00566	0.00580	0.00374	0.00775
27	0.00679	0.00548	0.00605	0.00603	0.00761	0.00473	0.00448	0.00846	0.01307	0.01655	0.24235	0.10645	0.52613	0.01335	0.00648	0.00184	0.00274	0.01137	0.00531	0.00473
28	0.00660	0.00538	0.00585	0.00613	0.00762	0.00463	0.00450	0.00797	0.01213	0.01487	0.07621	0.20866	0.57090	0.01442	0.00658	0.00193	0.00290	0.03301	0.00510	0.00460
29	0.01030	0.00969	0.01635	0.79530	0.03755	0.01211	0.01514	0.01393	0.01090	0.01393	0.00969	0.01453	0.00727	0.00545	0.00545	0.00182	0.00727	0.00484	0.00242	0.00606
30	0.01199	0.01451	0.09047	0.08235	0.05478	0.01272	0.54318	0.01629	0.01237	0.01688	0.01243	0.08248	0.01049	0.00580	0.00626	0.00185	0.00832	0.00683	0.00289	0.00710
31	0.84691	0.01054	0.00801	0.00717	0.01054	0.01223	0.00590	0.01603	0.00928	0.02446	0.00759	0.00886	0.00590	0.00506	0.00337	0.00169	0.00422	0.00295	0.00337	0.00590
32	0.01349	0.01295	0.02213	0.03346	0.77440	0.01295	0.01673	0.01673	0.01241	0.01781	0.01025	0.01349	0.00864	0.00486	0.00540	0.00162	0.00648	0.00486	0.00270	0.00864

[dist]
# distance from previous block
# <min> <max>
0	1

[block]
# block no. 7 follows, 44 sequences, length 11
# corresponding to MSA columns:
# 473-483
name=unknown_H
#
# <colnr> <probs for GDERKNQSTAVLIFYWHMCP>
#	G	D	E	R	K	N	Q	S	T	A	V	L	I	F	Y	W	H	M	C	P
0	0.84691	0.01054	0.00801	0.00717	0.01054	0.01223	0.00590	0.01603	0.00928	0.02446	0.00759	0.00886	0.00590	0.00506	0.00337	0.00169	0.00422	0.00295	0.00337	0.00590
1	0.01257	0.00989	0.01241	0.00893	0.01375	0.00764	0.04201	0.01507	0.01177	0.08659	0.01082	0.01212	0.00857	0.00431	0.00428	0.00094	0.00434	0.00359	0.00353	0.72688
2	0.01151	0.01083	0.01799	0.08788	0.47546	0.01081	0.04922	0.01448	0.01255	0.01727	0.07716	0.02332	0.13116	0.00709	0.00576	0.00172	0.00575	0.02932	0.00338	0.00735
3	0.00924	0.00972	0.07381	0.01242	0.01471	0.00846	0.18809	0.03212	0.01128	0.01541	0.02116	0.43200	0.02338	0.03950	0.03796	0.00243	0.04777	0.01092	0.00402	0.00562
4	0.01234	0.27359	0.09563	0.01054	0.01452	0.01440	0.00991	0.01466	0.01055	0.01497	0.00867	0.01098	0.00762	0.00681	0.03503	0.00163	0.16832	0.00362	0.00266	0.28355
5	0.00947	0.00473	0.00710	0.00710	0.00710	0.00473	0.00473	0.00710	0.00710	0.00947	0.00947	0.01657	0.00947	0.01894	0.02131	0.84138	0.00473	0.00473	0.00237	0.00237
