[name]
unknown

[dist]
# distance from previous block
# <min> <max>
0	105

[block]
# block no. 0 follows, 48 sequences, length 57
# corresponding to MSA columns:
# 145-201
name=unknown_A
#
# <colnr> <probs for GDERKNQSTAVLIFYWHMCP>
#	G	D	E	R	K	N	Q	S	T	A	V	L	I	F	Y	W	H	M	C	P
0	0.00891	0.00446	0.00668	0.00668	0.00668	0.00446	0.00446	0.00668	0.00668	0.00891	0.00891	0.01560	0.00891	0.01783	0.02005	0.85071	0.00446	0.00446	0.00223	0.00223
1	0.08526	0.01276	0.08703	0.03189	0.14208	0.01168	0.01049	0.24442	0.03641	0.20556	0.03112	0.01388	0.01012	0.00569	0.00490	0.00153	0.00528	0.00457	0.00440	0.05092
2	0.01298	0.08681	0.45063	0.01333	0.01931	0.01213	0.07482	0.01892	0.10851	0.13499	0.01229	0.01292	0.00872	0.00528	0.00493	0.00160	0.00656	0.00435	0.00323	0.00769
3	0.00746	0.00497	0.00560	0.00560	0.00560	0.00497	0.00311	0.00746	0.00746	0.00995	0.01617	0.03358	0.01865	0.81967	0.02612	0.00497	0.00497	0.00746	0.00311	0.00311
4	0.03957	0.00930	0.01197	0.00925	0.01309	0.00857	0.00762	0.12019	0.01568	0.63884	0.03943	0.01721	0.01301	0.00640	0.00510	0.00157	0.00443	0.00514	0.02517	0.00847
5	0.01362	0.03487	0.07810	0.19967	0.23287	0.02671	0.06706	0.09967	0.01311	0.11240	0.03311	0.01477	0.02793	0.00554	0.00533	0.00160	0.01814	0.00489	0.00334	0.00728
6	0.01534	0.01821	0.01596	0.27780	0.06072	0.45817	0.05145	0.01760	0.01285	0.01315	0.00854	0.01113	0.00682	0.00515	0.00489	0.00148	0.00827	0.00393	0.00252	0.00602
7	0.00894	0.00563	0.00732	0.00668	0.00823	0.00511	0.00509	0.01125	0.01438	0.10581	0.65824	0.03664	0.08645	0.01017	0.00595	0.00162	0.00265	0.00891	0.00568	0.00524
8	0.01951	0.01437	0.01540	0.01181	0.01591	0.01591	0.00975	0.77056	0.02412	0.03234	0.01232	0.01232	0.00873	0.00616	0.00513	0.00154	0.00565	0.00462	0.00513	0.00873
9	0.85592	0.00992	0.00754	0.00675	0.00992	0.01151	0.00556	0.01508	0.00873	0.02302	0.00714	0.00834	0.00556	0.00476	0.00318	0.00159	0.00397	0.00278	0.00318	0.00556
10	0.01029	0.02654	0.79309	0.01462	0.02221	0.01192	0.01896	0.01625	0.01083	0.01625	0.00921	0.01083	0.00650	0.00487	0.00487	0.00162	0.00758	0.00379	0.00217	0.00758
11	0.00891	0.00446	0.00668	0.00668	0.00668	0.00446	0.00446	0.00668	0.00668	0.00891	0.00891	0.01560	0.00891	0.01783	0.02005	0.85071	0.00446	0.00446	0.00223	0.00223
12	0.01436	0.73295	0.02561	0.00912	0.01347	0.01982	0.00889	0.09926	0.01195	0.01432	0.00771	0.00869	0.00682	0.00459	0.00350	0.00115	0.00550	0.00295	0.00252	0.00682
13	0.85592	0.00992	0.00754	0.00675	0.00992	0.01151	0.00556	0.01508	0.00873	0.02302	0.00714	0.00834	0.00556	0.00476	0.00318	0.00159	0.00397	0.00278	0.00318	0.00556
14	0.00920	0.00564	0.00725	0.00692	0.00764	0.00585	0.00473	0.00998	0.00854	0.09741	0.01596	0.04127	0.01636	0.47428	0.24768	0.00545	0.02152	0.00671	0.00338	0.00422
15	0.66016	0.01060	0.04212	0.00756	0.01101	0.01113	0.00652	0.05577	0.01035	0.10845	0.00922	0.00996	0.00676	0.00505	0.00358	0.00158	0.00421	0.00324	0.02658	0.00614
16	0.02090	0.00826	0.01123	0.00877	0.01237	0.00718	0.00718	0.02295	0.01466	0.68758	0.12309	0.02027	0.01750	0.00691	0.00528	0.00159	0.00410	0.00571	0.00626	0.00821
17	0.01275	0.59675	0.24437	0.01044	0.01573	0.01792	0.01167	0.01562	0.01054	0.01326	0.00772	0.00897	0.00656	0.00453	0.00374	0.00125	0.00608	0.00304	0.00219	0.00687
18	0.00746	0.00497	0.00560	0.00560	0.00560	0.00497	0.00311	0.00746	0.00746	0.00995	0.01617	0.03358	0.01865	0.81967	0.02612	0.00497	0.00497	0.00746	0.00311	0.00311
19	0.01539	0.10299	0.01469	0.01085	0.01429	0.05586	0.00882	0.26701	0.40804	0.02349	0.01590	0.01520	0.01193	0.00633	0.00495	0.00158	0.00501	0.00495	0.00472	0.00803
20	0.01356	0.01060	0.01252	0.13402	0.11293	0.08445	0.00908	0.10474	0.05827	0.12490	0.06143	0.02004	0.07893	0.07697	0.00692	0.00183	0.00526	0.00560	0.02820	0.04976
21	0.01273	0.05315	0.48172	0.01468	0.03661	0.01211	0.11156	0.04558	0.03813	0.11253	0.01111	0.01232	0.00787	0.00516	0.00526	0.00162	0.02293	0.00434	0.00296	0.00763
22	0.85592	0.00992	0.00754	0.00675	0.00992	0.01151	0.00556	0.01508	0.00873	0.02302	0.00714	0.00834	0.00556	0.00476	0.00318	0.00159	0.00397	0.00278	0.00318	0.00556
23	0.01346	0.12028	0.14310	0.02094	0.35515	0.09446	0.04670	0.04685	0.02429	0.03427	0.01022	0.01225	0.01994	0.00507	0.00520	0.00150	0.03187	0.00428	0.00271	0.00746
24	0.01123	0.00915	0.01072	0.00773	0.01223	0.00700	0.00619	0.01378	0.02803	0.05107	0.00988	0.01113	0.00801	0.00398	0.00389	0.00082	0.00383	0.00320	0.00324	0.79491
25	0.00662	0.00519	0.00591	0.00604	0.00734	0.00462	0.00438	0.02138	0.01198	0.01532	0.19549	0.22614	0.42956	0.02831	0.00654	0.00185	0.00275	0.01122	0.00492	0.00445
26	0.01059	0.02446	0.66834	0.01577	0.02296	0.01209	0.14162	0.01628	0.01104	0.01628	0.00940	0.01132	0.00671	0.00478	0.00507	0.00164	0.00776	0.00416	0.00224	0.00747
27	0.00625	0.00447	0.00595	0.00714	0.00744	0.00417	0.00476	0.00714	0.00982	0.01310	0.02828	0.81633	0.03394	0.01608	0.00655	0.00208	0.00298	0.01459	0.00476	0.00417
28	0.01064	0.00912	0.01064	0.00760	0.01216	0.00684	0.00608	0.01292	0.01064	0.01672	0.00912	0.01064	0.00760	0.00380	0.00380	0.00076	0.00380	0.00304	0.00304	0.85104
29	0.01258	0.02348	0.61041	0.01386	0.02063	0.01254	0.01672	0.16571	0.01360	0.04813	0.01023	0.01137	0.00717	0.00518	0.00494	0.00161	0.00708	0.00401	0.00291	0.00785
30	0.01813	0.01545	0.01360	0.01134	0.01453	0.24423	0.00902	0.35877	0.01832	0.10823	0.03050	0.01625	0.01114	0.04078	0.02174	0.00181	0.00657	0.04791	0.00439	0.00727
31	0.00758	0.00526	0.00683	0.00655	0.00777	0.00482	0.00487	0.00976	0.01386	0.04348	0.63855	0.12469	0.08435	0.01111	0.00608	0.00167	0.00255	0.00982	0.00553	0.00486
32	0.00726	0.00524	0.00686	0.00646	0.00767	0.00484	0.00484	0.00968	0.01452	0.02058	0.78496	0.03833	0.04841	0.01049	0.00605	0.00161	0.00242	0.00928	0.00565	0.00484
33	0.01064	0.00912	0.01064	0.00760	0.01216	0.00684	0.00608	0.01292	0.01064	0.01672	0.00912	0.01064	0.00760	0.00380	0.00380	0.00076	0.00380	0.00304	0.00304	0.85104
34	0.06821	0.18320	0.48600	0.01385	0.02018	0.01371	0.11504	0.01602	0.01078	0.01589	0.00881	0.01054	0.00662	0.00470	0.00460	0.00153	0.00706	0.00381	0.00230	0.00716
35	0.02136	0.01077	0.09868	0.00977	0.01412	0.00815	0.00882	0.02409	0.03254	0.68670	0.01903	0.01677	0.01208	0.00620	0.00513	0.00160	0.00472	0.00502	0.00586	0.00859
36	0.00737	0.00532	0.00736	0.00736	0.00797	0.00593	0.00531	0.00859	0.00798	0.01125	0.01456	0.02465	0.01478	0.30027	0.54022	0.00715	0.01081	0.00616	0.00287	0.00409
37	0.00942	0.00869	0.01444	0.71837	0.03227	0.01067	0.01320	0.01273	0.01073	0.01394	0.09531	0.01642	0.01146	0.00573	0.00523	0.00170	0.00635	0.00508	0.00265	0.00560
38	0.01054	0.08411	0.73769	0.01420	0.02155	0.01252	0.01822	0.01619	0.01080	0.01595	0.00906	0.01064	0.00651	0.00484	0.00476	0.00159	0.00743	0.00372	0.00217	0.00751
39	0.00891	0.00446	0.00668	0.00668	0.00668	0.00446	0.00446	0.00668	0.00668	0.00891	0.00891	0.01560	0.00891	0.01783	0.02005	0.85071	0.00446	0.00446	0.00223	0.00223
40	0.22779	0.06197	0.55300	0.01231	0.01860	0.01223	0.01501	0.01591	0.01027	0.01778	0.00857	0.01006	0.00626	0.00482	0.00436	0.00159	0.00655	0.00348	0.00243	0.00701
41	0.00726	0.00524	0.00686	0.00646	0.00767	0.00484	0.00484	0.00968	0.01452	0.02058	0.78496	0.03833	0.04841	0.01049	0.00605	0.00161	0.00242	0.00928	0.00565	0.00484
42	0.01202	0.01700	0.25351	0.03930	0.41830	0.03401	0.11955	0.01607	0.01154	0.01638	0.00956	0.01222	0.00753	0.00466	0.00514	0.00158	0.00699	0.00451	0.00243	0.00769
43	0.00711	0.00520	0.00667	0.00638	0.00759	0.00476	0.00476	0.00936	0.01404	0.01962	0.68370	0.07813	0.11154	0.01099	0.00608	0.00165	0.00246	0.00968	0.00553	0.00476
44	0.00808	0.00563	0.00668	0.00644	0.00662	0.00613	0.00416	0.00857	0.00803	0.01148	0.02935	0.02927	0.01715	0.60371	0.04712	0.00431	0.08988	0.00682	0.09693	0.00364
45	0.01372	0.82276	0.02689	0.00878	0.01317	0.02030	0.00878	0.01536	0.01043	0.01207	0.00713	0.00823	0.00658	0.00439	0.00329	0.00110	0.00549	0.00274	0.00219	0.00658
46	0.00891	0.00446	0.00668	0.00668	0.00668	0.00446	0.00446	0.00668	0.00668	0.00891	0.00891	0.01560	0.00891	0.01783	0.02005	0.85071	0.00446	0.00446	0.00223	0.00223
47	0.01191	0.01525	0.11502	0.02085	0.02630	0.01286	0.68570	0.01642	0.01197	0.01642	0.01025	0.01351	0.00764	0.00439	0.00592	0.00172	0.00853	0.00580	0.00255	0.00699
48	0.01276	0.01102	0.01160	0.01044	0.01334	0.01276	0.00812	0.02727	0.77840	0.02146	0.02088	0.01914	0.01566	0.00696	0.00522	0.00174	0.00406	0.00580	0.00522	0.00812
49	0.01145	0.01264	0.02708	0.01972	0.02430	0.01201	0.65831	0.01543	0.01167	0.01590	0.01133	0.01605	0.00909	0.00846	0.09422	0.00248	0.00908	0.03152	0.00268	0.00659
50	0.01027	0.00499	0.00516	0.00501	0.00635	0.00493	0.00379	0.01264	0.01097	0.05962	0.01692	0.01904	0.01313	0.00600	0.00367	0.00122	0.00249	0.00480	0.80401	0.00499
51	0.01202	0.00908	0.01078	0.00777	0.01226	0.00692	0.00624	0.01426	0.01109	0.10276	0.01036	0.01140	0.00817	0.00408	0.00395	0.00085	0.00386	0.00328	0.00341	0.75747
52	0.01390	0.01077	0.01164	0.01030	0.01332	0.01218	0.00806	0.02701	0.69355	0.10698	0.02081	0.01896	0.01533	0.00689	0.00521	0.00172	0.00409	0.00573	0.00535	0.00819
53	0.00645	0.02649	0.00650	0.00713	0.00758	0.00461	0.00485	0.00737	0.00989	0.01309	0.02837	0.77334	0.05404	0.01568	0.00645	0.00205	0.00303	0.01416	0.00469	0.00424
54	0.02302	0.00873	0.01191	0.00913	0.01310	0.00754	0.00754	0.02501	0.01469	0.79122	0.02024	0.01746	0.01270	0.00635	0.00516	0.00159	0.00437	0.00516	0.00635	0.00873
55	0.01269	0.27698	0.15919	0.04984	0.01867	0.07206	0.17015	0.04821	0.01178	0.01519	0.05277	0.01230	0.00932	0.00532	0.00555	0.00150	0.06486	0.00433	0.00264	0.00667
56	0.14195	0.06446	0.10846	0.00899	0.01350	0.00968	0.02421	0.03898	0.04431	0.03117	0.01004	0.03243	0.00827	0.00472	0.00405	0.00115	0.00457	0.00366	0.00315	0.44225

[dist]
# distance from previous block
# <min> <max>
2	3

[block]
# block no. 1 follows, 48 sequences, length 32
# corresponding to MSA columns:
# 205-236
name=unknown_B
#
# <colnr> <probs for GDERKNQSTAVLIFYWHMCP>
#	G	D	E	R	K	N	Q	S	T	A	V	L	I	F	Y	W	H	M	C	P
0	0.07584	0.00901	0.01214	0.07068	0.03035	0.02343	0.09540	0.02665	0.02802	0.01612	0.01278	0.09986	0.01202	0.09239	0.00750	0.00177	0.04502	0.00554	0.07981	0.25568
1	0.01277	0.05785	0.01288	0.12614	0.04511	0.01075	0.00877	0.15604	0.08027	0.09918	0.17311	0.07600	0.04533	0.00794	0.00619	0.00167	0.06247	0.00650	0.00444	0.00660
2	0.00763	0.00500	0.00636	0.00694	0.00743	0.00479	0.00471	0.00847	0.00959	0.04729	0.03728	0.41711	0.03784	0.27964	0.01297	0.00303	0.00387	0.09165	0.00430	0.00410
3	0.01029	0.02195	0.02454	0.00977	0.02421	0.00875	0.03437	0.08132	0.06600	0.04507	0.06786	0.08545	0.09014	0.04502	0.12385	0.04234	0.09314	0.10420	0.01620	0.00553
4	0.00915	0.00840	0.00935	0.00910	0.01025	0.12190	0.00705	0.01089	0.00915	0.01202	0.01272	0.01834	0.01177	0.03290	0.66386	0.00709	0.03338	0.00515	0.00272	0.00481
5	0.01232	0.01193	0.01975	0.16472	0.64093	0.02954	0.01536	0.01540	0.01150	0.01604	0.00952	0.01279	0.00787	0.00468	0.00508	0.00155	0.00629	0.00454	0.00250	0.00766
6	0.01221	0.00994	0.01049	0.00940	0.01170	0.05005	0.00719	0.19943	0.21765	0.02070	0.08620	0.22437	0.02109	0.03960	0.00633	0.00184	0.00432	0.02088	0.00481	0.04179
7	0.00639	0.00524	0.00565	0.00575	0.00724	0.00457	0.00423	0.00808	0.03081	0.01467	0.12726	0.15894	0.57719	0.01302	0.00611	0.00177	0.00267	0.01108	0.00487	0.00446
8	0.01125	0.01162	0.05420	0.36654	0.37600	0.01189	0.06534	0.01467	0.01106	0.01513	0.00945	0.01312	0.00747	0.00481	0.00516	0.00162	0.00666	0.00463	0.00241	0.00697
9	0.00625	0.00447	0.00595	0.00714	0.00744	0.00417	0.00476	0.00714	0.00982	0.01310	0.02828	0.81633	0.03394	0.01608	0.00655	0.00208	0.00298	0.01459	0.00476	0.00417
10	0.00664	0.00493	0.00674	0.00760	0.00797	0.00503	0.00530	0.00768	0.00950	0.01289	0.02517	0.66317	0.02960	0.01900	0.12230	0.00299	0.04203	0.01280	0.00435	0.00429
11	0.01064	0.00912	0.01064	0.00760	0.01216	0.00684	0.00608	0.01292	0.01064	0.01672	0.00912	0.01064	0.00760	0.00380	0.00380	0.00076	0.00380	0.00304	0.00304	0.85104
12	0.01276	0.01102	0.01160	0.01044	0.01334	0.01276	0.00812	0.02727	0.77840	0.02146	0.02088	0.01914	0.01566	0.00696	0.00522	0.00174	0.00406	0.00580	0.00522	0.00812
13	0.00726	0.00524	0.00686	0.00646	0.00767	0.00484	0.00484	0.00968	0.01452	0.02058	0.78496	0.03833	0.04841	0.01049	0.00605	0.00161	0.00242	0.00928	0.00565	0.00484
14	0.85592	0.00992	0.00754	0.00675	0.00992	0.01151	0.00556	0.01508	0.00873	0.02302	0.00714	0.00834	0.00556	0.00476	0.00318	0.00159	0.00397	0.00278	0.00318	0.00556
15	0.01043	0.00544	0.00545	0.00541	0.00668	0.00532	0.00400	0.01257	0.01130	0.01987	0.01749	0.02020	0.01389	0.00653	0.00397	0.00136	0.00271	0.00505	0.83709	0.00524
16	0.13410	0.02449	0.66894	0.01398	0.02090	0.01230	0.01721	0.01663	0.01106	0.01801	0.00977	0.01165	0.00719	0.00543	0.00499	0.00178	0.00731	0.00393	0.00262	0.00771
17	0.02371	0.00934	0.01248	0.00970	0.01370	0.00804	0.00790	0.02544	0.01517	0.78158	0.02095	0.01856	0.01344	0.00690	0.00552	0.00174	0.00466	0.00543	0.00660	0.00914
18	0.01439	0.69439	0.02503	0.00960	0.01380	0.01953	0.00902	0.01766	0.12263	0.01427	0.01002	0.01104	0.00873	0.00534	0.00396	0.00135	0.00556	0.00349	0.00294	0.00724
19	0.02222	0.00967	0.01243	0.00989	0.01374	0.00880	0.00798	0.02577	0.12621	0.66966	0.02105	0.01880	0.01388	0.00699	0.00553	0.00177	0.00462	0.00552	0.00643	0.00905
20	0.02142	0.00883	0.01174	0.00931	0.01291	0.00765	0.00751	0.02321	0.01515	0.66953	0.13214	0.02159	0.01864	0.00750	0.00565	0.00175	0.00438	0.00602	0.00649	0.00857
21	0.01457	0.01208	0.01273	0.01119	0.01432	0.01365	0.00871	0.13574	0.65894	0.02375	0.02034	0.01922	0.01536	0.00739	0.00557	0.00187	0.00459	0.00589	0.00547	0.00862
22	0.00880	0.00800	0.01251	0.45724	0.02407	0.00903	0.03722	0.01160	0.01122	0.01466	0.13726	0.02397	0.15821	0.00742	0.00567	0.00167	0.02179	0.00645	0.00331	0.03991
23	0.00825	0.00682	0.00992	0.00940	0.01007	0.00855	0.00745	0.00986	0.00813	0.01196	0.01217	0.01844	0.01156	0.05338	0.59445	0.00675	0.20010	0.00532	0.00264	0.00478
24	0.01805	0.01393	0.01434	0.01138	0.01511	0.05122	0.00926	0.59112	0.13853	0.02922	0.01361	0.01350	0.00987	0.00623	0.00506	0.00155	0.00544	0.00475	0.03949	0.00834
25	0.01000	0.00832	0.00857	0.00773	0.00991	0.04006	0.00600	0.12548	0.13804	0.01932	0.20237	0.03505	0.33307	0.01015	0.00575	0.00168	0.00357	0.02415	0.00500	0.00579
26	0.01218	0.39703	0.13701	0.02632	0.01726	0.01621	0.15631	0.01491	0.01050	0.01364	0.00961	0.02734	0.02724	0.00550	0.00594	0.00149	0.10836	0.00423	0.00239	0.00655
27	0.01046	0.02242	0.58342	0.01559	0.03936	0.01169	0.14025	0.01575	0.01125	0.01651	0.06131	0.01322	0.00956	0.00523	0.00538	0.00165	0.02265	0.00456	0.00248	0.00727
28	0.01063	0.01019	0.01780	0.62170	0.06660	0.01187	0.12385	0.04889	0.01124	0.01465	0.00948	0.01360	0.00712	0.00504	0.00526	0.00170	0.00701	0.00478	0.00247	0.00613
29	0.01597	0.05189	0.01367	0.01158	0.04066	0.23986	0.00887	0.10753	0.08753	0.12945	0.04046	0.01610	0.06315	0.00712	0.00682	0.02271	0.10680	0.00490	0.01823	0.00670
30	0.00867	0.00562	0.00674	0.00643	0.00802	0.00502	0.00478	0.01050	0.02569	0.10988	0.25790	0.15261	0.32156	0.04478	0.00683	0.00186	0.00294	0.01001	0.00516	0.00501
31	0.44309	0.12882	0.01324	0.05576	0.01366	0.02621	0.04270	0.11189	0.01185	0.06874	0.03581	0.01101	0.00823	0.00519	0.00394	0.00152	0.00485	0.00365	0.00347	0.00636

[dist]
# distance from previous block
# <min> <max>
1	10

[block]
# block no. 2 follows, 48 sequences, length 8
# corresponding to MSA columns:
# 247-254
name=unknown_C
#
# <colnr> <probs for GDERKNQSTAVLIFYWHMCP>
#	G	D	E	R	K	N	Q	S	T	A	V	L	I	F	Y	W	H	M	C	P
0	0.01389	0.00776	0.01100	0.00915	0.01172	0.02572	0.07495	0.01611	0.01375	0.31194	0.28717	0.10435	0.04586	0.00897	0.00576	0.00168	0.00403	0.03432	0.00543	0.00645
1	0.01557	0.01168	0.01396	0.01411	0.15249	0.03399	0.00951	0.35184	0.07511	0.08561	0.01552	0.13214	0.01354	0.04327	0.00625	0.00178	0.00518	0.00630	0.00456	0.00758
2	0.02021	0.00895	0.01148	0.00910	0.01259	0.00836	0.00732	0.06108	0.10608	0.59045	0.01956	0.01886	0.01339	0.07972	0.00705	0.00191	0.00445	0.00542	0.00586	0.00815
3	0.00724	0.00493	0.00590	0.00611	0.00624	0.00496	0.00370	0.00756	0.00795	0.01068	0.01808	0.17029	0.02082	0.60810	0.09194	0.00476	0.00541	0.00854	0.00337	0.00343
4	0.12398	0.00962	0.01171	0.00915	0.01292	0.00924	0.00753	0.14157	0.01545	0.54297	0.05054	0.01643	0.01274	0.00631	0.00495	0.00158	0.00444	0.00496	0.00574	0.00817
5	0.00736	0.00536	0.00755	0.00755	0.00823	0.00604	0.00555	0.00872	0.00804	0.01140	0.01438	0.02368	0.01436	0.24381	0.59611	0.00739	0.01144	0.00601	0.00284	0.00419
6	0.05464	0.11301	0.02144	0.01486	0.01818	0.01465	0.27123	0.12192	0.01241	0.06645	0.00970	0.01216	0.00768	0.00604	0.00839	0.00175	0.23080	0.00479	0.00307	0.00682
7	0.07893	0.01084	0.01199	0.05703	0.01423	0.04335	0.00786	0.24161	0.01581	0.14466	0.11138	0.01573	0.01375	0.00598	0.00477	0.00138	0.00469	0.00473	0.00447	0.20679

[dist]
# distance from previous block
# <min> <max>
0	2

[block]
# block no. 3 follows, 48 sequences, length 10
# corresponding to MSA columns:
# 257-266
name=unknown_D
#
# <colnr> <probs for GDERKNQSTAVLIFYWHMCP>
#	G	D	E	R	K	N	Q	S	T	A	V	L	I	F	Y	W	H	M	C	P
0	0.05183	0.03006	0.01505	0.01166	0.01545	0.06024	0.04752	0.47741	0.14714	0.05316	0.01418	0.01407	0.02610	0.00621	0.00507	0.00157	0.00556	0.00485	0.00477	0.00811
1	0.80823	0.01018	0.00799	0.00704	0.01026	0.01176	0.00580	0.05816	0.00961	0.02355	0.00744	0.00856	0.00574	0.00484	0.00329	0.00158	0.00406	0.00288	0.00329	0.00574
2	0.01474	0.01017	0.01130	0.08432	0.01391	0.01119	0.00780	0.40593	0.01765	0.02542	0.01372	0.01508	0.01026	0.00599	0.00454	0.00142	0.00450	0.00468	0.33048	0.00692
3	0.00734	0.00545	0.00799	0.00799	0.00882	0.00627	0.00609	0.00900	0.00817	0.01172	0.01398	0.02146	0.01339	0.11441	0.72419	0.00793	0.01289	0.00569	0.00278	0.00444
4	0.08869	0.00646	0.00750	0.00691	0.00866	0.00639	0.00529	0.01254	0.09581	0.05471	0.52385	0.03357	0.11089	0.00963	0.00565	0.00164	0.00285	0.00826	0.00531	0.00539
5	0.04077	0.00869	0.01117	0.00879	0.01237	0.00797	0.00719	0.06194	0.04708	0.60895	0.03781	0.01771	0.01336	0.00639	0.00499	0.00156	0.00418	0.00517	0.08575	0.00816
6	0.01077	0.00613	0.00790	0.00713	0.00896	0.00559	0.00547	0.01316	0.03435	0.19055	0.44406	0.08430	0.10468	0.03021	0.00638	0.00175	0.00306	0.02433	0.00557	0.00566
7	0.08902	0.00525	0.00701	0.04836	0.00845	0.00551	0.00500	0.00834	0.00757	0.01160	0.01019	0.04301	0.00977	0.01471	0.01561	0.61397	0.00428	0.00469	0.08463	0.00304
8	0.01207	0.02580	0.01277	0.04297	0.01427	0.00873	0.05832	0.10574	0.01242	0.04211	0.01038	0.01202	0.00826	0.00542	0.02833	0.00124	0.00477	0.00371	0.04109	0.54957
9	0.06353	0.00970	0.01097	0.03915	0.13254	0.09580	0.00827	0.04725	0.04580	0.03263	0.20636	0.08373	0.07736	0.00895	0.00557	0.00169	0.00462	0.10172	0.00425	0.02010

[dist]
# distance from previous block
# <min> <max>
1	24

[block]
# block no. 4 follows, 48 sequences, length 12
# corresponding to MSA columns:
# 291-302
name=unknown_E
#
# <colnr> <probs for GDERKNQSTAVLIFYWHMCP>
#	G	D	E	R	K	N	Q	S	T	A	V	L	I	F	Y	W	H	M	C	P
0	0.08561	0.08769	0.02831	0.04059	0.16747	0.21502	0.02210	0.01664	0.04458	0.04993	0.01138	0.05454	0.01004	0.00662	0.02275	0.00160	0.00633	0.03353	0.00311	0.09215
1	0.00948	0.00943	0.09788	0.02599	0.01284	0.00770	0.08588	0.08098	0.03039	0.03491	0.22019	0.25137	0.04121	0.02648	0.00637	0.00186	0.00442	0.04250	0.00448	0.00565
2	0.00682	0.00468	0.00609	0.00678	0.00726	0.00438	0.00462	0.00745	0.00992	0.01317	0.09943	0.48838	0.10507	0.06879	0.00959	0.11671	0.00326	0.02927	0.00439	0.00393
3	0.01000	0.02451	0.71802	0.01384	0.02082	0.01124	0.01761	0.01562	0.01119	0.01666	0.08328	0.01346	0.01050	0.00541	0.00499	0.00162	0.00709	0.00432	0.00250	0.00732
4	0.00675	0.00487	0.00630	0.00668	0.00743	0.00451	0.00468	0.00829	0.01187	0.01629	0.36333	0.40186	0.07168	0.05217	0.00725	0.00200	0.00281	0.01174	0.00507	0.00442
5	0.01029	0.02654	0.79309	0.01462	0.02221	0.01192	0.01896	0.01625	0.01083	0.01625	0.00921	0.01083	0.00650	0.00487	0.00487	0.00162	0.00758	0.00379	0.00217	0.00758
6	0.01065	0.01012	0.01460	0.01248	0.01293	0.01349	0.04970	0.01207	0.00833	0.01296	0.00867	0.01355	0.00825	0.03765	0.09153	0.00281	0.60353	0.00479	0.06646	0.00544
7	0.00956	0.00478	0.00478	0.00478	0.00598	0.00478	0.00359	0.01196	0.01076	0.01913	0.01674	0.01913	0.01315	0.00598	0.00359	0.00120	0.00239	0.00478	0.84816	0.00478
8	0.00735	0.00537	0.00675	0.00756	0.00828	0.00490	0.00530	0.00837	0.01128	0.01503	0.12369	0.56374	0.12544	0.01527	0.00679	0.00214	0.00329	0.06960	0.00511	0.00474
9	0.00833	0.00595	0.00686	0.00652	0.00813	0.00523	0.00486	0.01002	0.01363	0.04938	0.40413	0.04202	0.35445	0.01163	0.00624	0.00179	0.00287	0.00976	0.04301	0.00520
10	0.01605	0.21056	0.01823	0.07846	0.01682	0.29836	0.01046	0.07726	0.04381	0.01514	0.00929	0.01150	0.00794	0.00641	0.00703	0.00165	0.15732	0.00397	0.00301	0.00673
11	0.01168	0.08670	0.08740	0.00893	0.01378	0.00904	0.00791	0.01402	0.01114	0.01696	0.00974	0.01153	0.00815	0.00450	0.00421	0.00103	0.00460	0.00336	0.00315	0.68220

[dist]
# distance from previous block
# <min> <max>
5	13

[block]
# block no. 5 follows, 48 sequences, length 7
# corresponding to MSA columns:
# 320-326
name=unknown_F
#
# <colnr> <probs for GDERKNQSTAVLIFYWHMCP>
#	G	D	E	R	K	N	Q	S	T	A	V	L	I	F	Y	W	H	M	C	P
0	0.00656	0.00517	0.00592	0.00584	0.00726	0.00453	0.00434	0.00828	0.01271	0.01652	0.34614	0.09672	0.43736	0.01219	0.00609	0.00171	0.00255	0.01046	0.00512	0.00453
1	0.00677	0.00530	0.00597	0.00603	0.00728	0.00482	0.00432	0.00863	0.04174	0.01508	0.20248	0.16737	0.39266	0.09850	0.00824	0.00211	0.00293	0.01054	0.00480	0.00444
2	0.01171	0.01309	0.02764	0.02010	0.02456	0.01274	0.65950	0.01556	0.01161	0.01589	0.01104	0.05772	0.00913	0.00539	0.00704	0.00180	0.07975	0.00638	0.00268	0.00665
3	0.02964	0.00764	0.01085	0.01090	0.09552	0.00764	0.06128	0.01329	0.10378	0.03942	0.42419	0.02997	0.07320	0.04271	0.00685	0.00179	0.02302	0.00775	0.00476	0.00578
4	0.00723	0.00539	0.00655	0.00654	0.00766	0.00508	0.00479	0.00942	0.04342	0.01662	0.36314	0.12863	0.18823	0.12023	0.00884	0.00220	0.00309	0.06343	0.00495	0.00456
5	0.17807	0.01132	0.07355	0.28372	0.02123	0.02853	0.03252	0.05130	0.01127	0.14010	0.01111	0.04029	0.00853	0.00600	0.00589	0.00171	0.08050	0.00460	0.00333	0.00642
6	0.00881	0.00797	0.09067	0.00828	0.01023	0.00609	0.03188	0.01132	0.03696	0.07918	0.25237	0.29511	0.07302	0.05541	0.00709	0.00197	0.00372	0.00992	0.00474	0.00527

[dist]
# distance from previous block
# <min> <max>
1	13

[block]
# block no. 6 follows, 48 sequences, length 48
# corresponding to MSA columns:
# 340-387
name=unknown_G
#
# <colnr> <probs for GDERKNQSTAVLIFYWHMCP>
#	G	D	E	R	K	N	Q	S	T	A	V	L	I	F	Y	W	H	M	C	P
0	0.01132	0.03069	0.18775	0.19178	0.14069	0.01243	0.31923	0.01555	0.01134	0.01564	0.00969	0.01289	0.00734	0.00465	0.00541	0.00166	0.00759	0.00497	0.00242	0.00697
1	0.24832	0.01593	0.01369	0.07947	0.10507	0.29359	0.02034	0.11729	0.01349	0.03549	0.00889	0.01041	0.00694	0.00517	0.00442	0.00149	0.00664	0.00366	0.00316	0.00651
2	0.00655	0.00526	0.00582	0.00573	0.00723	0.00461	0.00426	0.00832	0.02315	0.01584	0.26629	0.07807	0.51043	0.02768	0.00645	0.00177	0.00263	0.01040	0.00500	0.00451
3	0.01137	0.01031	0.01626	0.24722	0.33368	0.01126	0.02353	0.02980	0.12100	0.01612	0.01230	0.01692	0.01029	0.00733	0.03272	0.03527	0.00616	0.04857	0.00302	0.00687
4	0.00715	0.00521	0.00673	0.00641	0.00761	0.00478	0.00478	0.00945	0.01417	0.01989	0.71218	0.06973	0.09096	0.01086	0.00607	0.00164	0.00245	0.00958	0.00556	0.00478
5	0.00739	0.00511	0.00634	0.00637	0.00663	0.00535	0.00407	0.00792	0.00774	0.01057	0.01581	0.04979	0.01743	0.58314	0.23950	0.00581	0.00735	0.00710	0.00305	0.00354
6	0.01237	0.00889	0.01133	0.15483	0.09513	0.00960	0.00850	0.20452	0.01448	0.03630	0.05685	0.01848	0.05640	0.00638	0.00472	0.00147	0.00446	0.00527	0.28365	0.00635
7	0.01029	0.02654	0.79309	0.01462	0.02221	0.01192	0.01896	0.01625	0.01083	0.01625	0.00921	0.01083	0.00650	0.00487	0.00487	0.00162	0.00758	0.00379	0.00217	0.00758
8	0.01195	0.01311	0.02491	0.03583	0.02283	0.03963	0.52523	0.01607	0.05617	0.01571	0.01101	0.04639	0.00908	0.00578	0.00775	0.00182	0.14134	0.00600	0.00277	0.00660
9	0.00891	0.00446	0.00668	0.00668	0.00668	0.00446	0.00446	0.00668	0.00668	0.00891	0.00891	0.01560	0.00891	0.01783	0.02005	0.85071	0.00446	0.00446	0.00223	0.00223
10	0.00821	0.06023	0.13668	0.00931	0.01153	0.00818	0.00860	0.01070	0.00880	0.01262	0.01259	0.01790	0.01141	0.03089	0.62053	0.00672	0.01223	0.00505	0.00262	0.00519
11	0.76825	0.01165	0.08898	0.00756	0.01120	0.01155	0.00695	0.01520	0.00895	0.02232	0.00736	0.00859	0.00565	0.00477	0.00335	0.00159	0.00434	0.00288	0.00307	0.00577
12	0.01159	0.00976	0.01154	0.00832	0.01285	0.00791	0.02216	0.09153	0.01207	0.01833	0.00948	0.01088	0.00772	0.00406	0.00398	0.00086	0.00409	0.00327	0.00325	0.74635
13	0.00746	0.00500	0.00571	0.00571	0.00575	0.00504	0.00325	0.00753	0.00750	0.01003	0.01606	0.03300	0.01840	0.78603	0.05941	0.00512	0.00535	0.00738	0.00309	0.00317
14	0.01000	0.00973	0.01730	0.70646	0.03425	0.01160	0.11116	0.01354	0.01050	0.01354	0.00928	0.01370	0.00696	0.00503	0.00525	0.00171	0.00707	0.00475	0.00232	0.00586
15	0.01851	0.12469	0.01620	0.01251	0.01553	0.61909	0.00975	0.09760	0.01501	0.01455	0.00828	0.00944	0.00683	0.00526	0.00451	0.00132	0.00840	0.00337	0.00284	0.00632
16	0.85592	0.00992	0.00754	0.00675	0.00992	0.01151	0.00556	0.01508	0.00873	0.02302	0.00714	0.00834	0.00556	0.00476	0.00318	0.00159	0.00397	0.00278	0.00318	0.00556
17	0.01217	0.40242	0.34989	0.01360	0.09728	0.01592	0.01380	0.01578	0.01073	0.01432	0.00827	0.00979	0.00671	0.00461	0.00415	0.00136	0.00644	0.00338	0.00222	0.00717
18	0.01290	0.01339	0.02605	0.01899	0.02371	0.01309	0.58457	0.10455	0.09289	0.01872	0.01211	0.03288	0.00932	0.00508	0.00587	0.00172	0.00770	0.00606	0.00321	0.00719
19	0.00643	0.00458	0.00602	0.00697	0.00735	0.00429	0.00467	0.00743	0.01016	0.01367	0.10595	0.68554	0.03446	0.06696	0.00775	0.00222	0.00305	0.01358	0.00475	0.00417
20	0.71875	0.01135	0.08882	0.00745	0.01097	0.01116	0.00683	0.01502	0.00907	0.02209	0.00792	0.00923	0.00610	0.00485	0.00338	0.00157	0.00425	0.00300	0.05249	0.00572
21	0.76921	0.01038	0.00836	0.00727	0.01054	0.01197	0.00599	0.09340	0.01033	0.02399	0.00768	0.00875	0.00589	0.00491	0.00338	0.00158	0.00414	0.00297	0.00338	0.00589
22	0.00956	0.00478	0.00478	0.00478	0.00598	0.00478	0.00359	0.01196	0.01076	0.01913	0.01674	0.01913	0.01315	0.00598	0.00359	0.00120	0.00239	0.00478	0.84816	0.00478
23	0.02040	0.00857	0.01135	0.00902	0.01251	0.00771	0.00731	0.07774	0.01487	0.62408	0.05055	0.10072	0.01601	0.00751	0.00534	0.00164	0.00424	0.00626	0.00607	0.00811
24	0.00780	0.00648	0.00699	0.00682	0.00861	0.00634	0.00515	0.01223	0.18794	0.01627	0.11886	0.11835	0.43953	0.01168	0.00594	0.00177	0.00300	0.02603	0.00496	0.00525
25	0.07707	0.01020	0.01597	0.54807	0.06849	0.02318	0.06842	0.05755	0.01113	0.01540	0.00953	0.02780	0.00748	0.00541	0.00546	0.00170	0.03380	0.00470	0.00260	0.00605
26	0.06252	0.37385	0.17413	0.01135	0.01571	0.07694	0.03676	0.08247	0.01173	0.01554	0.00813	0.00969	0.00676	0.00521	0.00536	0.00143	0.08966	0.00346	0.00256	0.00677
27	0.01894	0.01303	0.01431	0.01115	0.01510	0.01411	0.00915	0.55313	0.11739	0.13802	0.01444	0.01387	0.01013	0.00623	0.00512	0.00155	0.00522	0.00481	0.00527	0.02905
28	0.25562	0.00907	0.01066	0.00843	0.01219	0.00863	0.00695	0.02194	0.01292	0.55766	0.01631	0.01475	0.01058	0.00585	0.00457	0.00157	0.00424	0.00444	0.00538	0.02824
29	0.00746	0.00497	0.00560	0.00560	0.00560	0.00497	0.00311	0.00746	0.00746	0.00995	0.01617	0.03358	0.01865	0.81967	0.02612	0.00497	0.00497	0.00746	0.00311	0.00311
30	0.02302	0.00873	0.01191	0.00913	0.01310	0.00754	0.00754	0.02501	0.01469	0.79122	0.02024	0.01746	0.01270	0.00635	0.00516	0.00159	0.00437	0.00516	0.00635	0.00873
31	0.10458	0.01133	0.01233	0.00999	0.01349	0.01218	0.00809	0.32998	0.16720	0.17819	0.01576	0.04608	0.01167	0.00655	0.00493	0.00159	0.00466	0.00514	0.03422	0.02204
32	0.19489	0.01115	0.01205	0.01038	0.01355	0.01270	0.05217	0.06930	0.52171	0.02217	0.01679	0.01609	0.01260	0.00628	0.00482	0.00169	0.00441	0.00509	0.00462	0.00754
33	0.01384	0.08118	0.12608	0.01350	0.12134	0.01018	0.07163	0.03294	0.01201	0.17535	0.01214	0.03971	0.00941	0.00514	0.00467	0.00133	0.00532	0.00444	0.00352	0.25629
34	0.01633	0.00924	0.01281	0.15559	0.07349	0.00887	0.00908	0.03223	0.06854	0.36393	0.04743	0.01620	0.01209	0.00579	0.00496	0.00148	0.00477	0.00487	0.00465	0.14766
35	0.00749	0.00564	0.00709	0.00780	0.00864	0.00566	0.00561	0.01066	0.12287	0.01520	0.09315	0.55612	0.03209	0.01406	0.00637	0.00202	0.00326	0.08652	0.00490	0.00486
36	0.04784	0.20914	0.08223	0.03328	0.19982	0.09635	0.07113	0.01732	0.01193	0.13203	0.01128	0.01252	0.02489	0.00506	0.00459	0.00143	0.00615	0.00417	0.00310	0.02575
37	0.06474	0.03715	0.03048	0.00887	0.02496	0.00823	0.00725	0.06947	0.01379	0.31376	0.16362	0.03223	0.01844	0.00687	0.00499	0.00146	0.00410	0.03074	0.00498	0.15385
38	0.01825	0.06034	0.01564	0.01141	0.01532	0.01439	0.03915	0.54496	0.04653	0.11041	0.02514	0.03394	0.01055	0.00701	0.02146	0.00169	0.00562	0.00501	0.00494	0.00825
39	0.01296	0.21988	0.30914	0.01344	0.03797	0.04031	0.11316	0.06049	0.01231	0.06869	0.05664	0.01277	0.00982	0.00520	0.00474	0.00149	0.00658	0.00431	0.00292	0.00718
40	0.00696	0.00507	0.00654	0.00652	0.00757	0.00466	0.00476	0.00896	0.01329	0.01846	0.56701	0.21047	0.09679	0.01190	0.00616	0.00173	0.00256	0.01056	0.00539	0.00466
41	0.02242	0.00702	0.00897	0.09039	0.01219	0.00695	0.00660	0.02827	0.08845	0.16961	0.22746	0.13821	0.15315	0.00980	0.00571	0.00171	0.00361	0.00845	0.00508	0.00592
42	0.83219	0.00990	0.00776	0.02919	0.01064	0.01151	0.00580	0.01503	0.00878	0.02274	0.00720	0.00849	0.00559	0.00477	0.00323	0.00159	0.00405	0.00283	0.00315	0.00556
43	0.01155	0.01046	0.05610	0.01077	0.02451	0.01012	0.08033	0.16571	0.16746	0.02154	0.24917	0.02632	0.07480	0.00827	0.00588	0.00169	0.01935	0.04457	0.00476	0.00664
44	0.00891	0.00446	0.00668	0.00668	0.00668	0.00446	0.00446	0.00668	0.00668	0.00891	0.00891	0.01560	0.00891	0.01783	0.02005	0.85071	0.00446	0.00446	0.00223	0.00223
45	0.01142	0.01640	0.22819	0.10909	0.09186	0.02550	0.31834	0.01554	0.01107	0.01550	0.00940	0.01255	0.00723	0.00513	0.00677	0.00173	0.10004	0.00493	0.00240	0.00690
46	0.43358	0.01006	0.00967	0.00823	0.01144	0.01109	0.00667	0.10625	0.13168	0.14176	0.05909	0.01388	0.01132	0.00588	0.00421	0.00160	0.00412	0.00426	0.01845	0.00676
47	0.01209	0.06009	0.06838	0.01123	0.07871	0.01037	0.02259	0.17277	0.09084	0.03675	0.07934	0.09701	0.11189	0.00772	0.00517	0.00152	0.00454	0.00650	0.00419	0.11829

[dist]
# distance from previous block
# <min> <max>
10	42

[block]
# block no. 7 follows, 48 sequences, length 7
# corresponding to MSA columns:
# 432-438
name=unknown_H
#
# <colnr> <probs for GDERKNQSTAVLIFYWHMCP>
#	G	D	E	R	K	N	Q	S	T	A	V	L	I	F	Y	W	H	M	C	P
0	0.00779	0.00587	0.00688	0.00665	0.00801	0.00539	0.00476	0.04444	0.01124	0.01501	0.13043	0.21010	0.20158	0.18346	0.01019	0.00240	0.00353	0.04394	0.00436	0.09397
1	0.05322	0.01320	0.04565	0.06958	0.06692	0.09177	0.33978	0.01654	0.01185	0.09707	0.01171	0.04910	0.00934	0.00563	0.00609	0.00167	0.05658	0.00549	0.04215	0.00666
2	0.06716	0.02119	0.50359	0.01676	0.09963	0.01231	0.12542	0.01590	0.01078	0.01654	0.00913	0.01132	0.00680	0.00501	0.00570	0.00167	0.05730	0.00417	0.00234	0.00729
3	0.00671	0.00476	0.00625	0.00713	0.00759	0.00451	0.00495	0.00782	0.01030	0.01382	0.11242	0.56388	0.03343	0.10460	0.00872	0.00238	0.00331	0.08857	0.00468	0.00418
4	0.03228	0.00782	0.04554	0.00918	0.06527	0.00713	0.00675	0.04120	0.09714	0.01865	0.31851	0.07160	0.13149	0.04712	0.00661	0.00183	0.00355	0.04123	0.04156	0.00555
5	0.14451	0.22873	0.06147	0.01035	0.06846	0.01176	0.03238	0.01431	0.01067	0.05368	0.03857	0.09343	0.01138	0.00586	0.00422	0.00132	0.00472	0.00467	0.00316	0.19634
6	0.11646	0.23986	0.21558	0.01112	0.01546	0.09194	0.03102	0.07128	0.01197	0.01688	0.07430	0.01220	0.01019	0.00558	0.00510	0.00148	0.05613	0.00396	0.00288	0.00661

[dist]
# distance from previous block
# <min> <max>
0	1

[block]
# block no. 8 follows, 48 sequences, length 6
# corresponding to MSA columns:
# 440-445
name=unknown_I
#
# <colnr> <probs for GDERKNQSTAVLIFYWHMCP>
#	G	D	E	R	K	N	Q	S	T	A	V	L	I	F	Y	W	H	M	C	P
0	0.17210	0.01252	0.10066	0.03223	0.17066	0.02568	0.01060	0.11115	0.05477	0.07021	0.01285	0.04102	0.02706	0.00638	0.00575	0.00166	0.07206	0.02566	0.04004	0.00694
1	0.01207	0.01140	0.10635	0.00946	0.01310	0.00946	0.00844	0.15757	0.11810	0.04930	0.20823	0.02097	0.02000	0.00694	0.00510	0.00145	0.00435	0.03084	0.00446	0.20241
2	0.04989	0.01357	0.11518	0.11685	0.02049	0.06258	0.24184	0.08922	0.01264	0.01740	0.03836	0.03560	0.04380	0.03276	0.00599	0.00172	0.00660	0.02070	0.02798	0.04681
3	0.01285	0.07736	0.10089	0.11492	0.37758	0.07368	0.01344	0.01584	0.01164	0.05557	0.01117	0.01336	0.03441	0.00504	0.00484	0.00147	0.00618	0.00439	0.00276	0.06262
4	0.01203	0.00931	0.01068	0.07166	0.01321	0.01009	0.00750	0.25565	0.14477	0.02150	0.11527	0.14379	0.09984	0.05285	0.00670	0.00188	0.00432	0.00770	0.00478	0.00646
5	0.01030	0.05323	0.07860	0.03266	0.01222	0.03572	0.04670	0.01387	0.08483	0.08760	0.26637	0.08973	0.14928	0.00914	0.00560	0.00165	0.00413	0.00789	0.00461	0.00587

[dist]
# distance from previous block
# <min> <max>
2	6

[block]
# block no. 9 follows, 48 sequences, length 17
# corresponding to MSA columns:
# 454-470
name=unknown_J
#
# <colnr> <probs for GDERKNQSTAVLIFYWHMCP>
#	G	D	E	R	K	N	Q	S	T	A	V	L	I	F	Y	W	H	M	C	P
0	0.05939	0.15992	0.09255	0.01339	0.11781	0.03231	0.01048	0.17358	0.01325	0.04112	0.01189	0.11128	0.01087	0.00700	0.00632	0.00162	0.10950	0.00530	0.01554	0.00688
1	0.30192	0.27287	0.08281	0.00895	0.01252	0.09365	0.00829	0.02978	0.01055	0.01705	0.04078	0.01119	0.00861	0.03517	0.00494	0.00154	0.03031	0.00348	0.01954	0.00603
2	0.00839	0.00606	0.00687	0.00741	0.00832	0.05015	0.00527	0.00965	0.01098	0.06389	0.07857	0.54215	0.07917	0.01363	0.00615	0.00192	0.00340	0.04260	0.05075	0.00467
3	0.00727	0.00571	0.00687	0.00706	0.02551	0.00536	0.00504	0.01005	0.07312	0.01718	0.34818	0.17022	0.27575	0.01181	0.00605	0.00174	0.00278	0.01028	0.00512	0.00490
4	0.00948	0.00578	0.00755	0.00781	0.00896	0.00560	0.00566	0.01176	0.07131	0.12988	0.05099	0.50861	0.02796	0.03262	0.05746	0.00244	0.00406	0.04197	0.00490	0.00521
5	0.00625	0.00447	0.00595	0.00714	0.00744	0.00417	0.00476	0.00714	0.00982	0.01310	0.02828	0.81633	0.03394	0.01608	0.00655	0.00208	0.00298	0.01459	0.00476	0.00417
6	0.01064	0.00912	0.01064	0.00760	0.01216	0.00684	0.00608	0.01292	0.01064	0.01672	0.00912	0.01064	0.00760	0.00380	0.00380	0.00076	0.00380	0.00304	0.00304	0.85104
7	0.01201	0.01264	0.06298	0.15790	0.54264	0.01213	0.09376	0.01541	0.01145	0.01610	0.00962	0.01288	0.00779	0.00466	0.00518	0.00158	0.00656	0.00468	0.00248	0.00757
8	0.09815	0.08183	0.08416	0.01827	0.05159	0.03784	0.49167	0.04410	0.01203	0.01721	0.00966	0.01235	0.00737	0.00452	0.00533	0.00163	0.00764	0.00508	0.00268	0.00689
9	0.00754	0.00552	0.00696	0.00767	0.00840	0.00546	0.00537	0.05731	0.05279	0.01504	0.04619	0.67946	0.03157	0.01475	0.00639	0.00203	0.00324	0.03478	0.00483	0.00471
10	0.00891	0.00446	0.00668	0.00668	0.00668	0.00446	0.00446	0.00668	0.00668	0.00891	0.00891	0.01560	0.00891	0.01783	0.02005	0.85071	0.00446	0.00446	0.00223	0.00223
11	0.01273	0.00813	0.00850	0.00733	0.00948	0.00871	0.00575	0.24501	0.06389	0.02295	0.01563	0.01764	0.01218	0.03959	0.00509	0.00149	0.00360	0.00491	0.50126	0.00613
12	0.01746	0.01190	0.01303	0.01031	0.01369	0.01297	0.00841	0.54016	0.02026	0.08961	0.01417	0.04599	0.01072	0.00661	0.00522	0.00153	0.02372	0.00509	0.14132	0.00783
13	0.00704	0.00510	0.00631	0.00691	0.00756	0.00485	0.00473	0.03802	0.01061	0.01403	0.07500	0.52127	0.11604	0.12775	0.00917	0.00241	0.00333	0.03098	0.00460	0.00428
14	0.04586	0.01247	0.06228	0.14736	0.45600	0.01210	0.09279	0.03070	0.04505	0.01687	0.01037	0.01376	0.00841	0.00496	0.00514	0.00161	0.00635	0.01776	0.00272	0.00744
15	0.05622	0.09704	0.37910	0.01600	0.13909	0.01200	0.09341	0.01523	0.01140	0.01684	0.10444	0.01443	0.01200	0.00541	0.00493	0.00157	0.00643	0.00467	0.00275	0.00706
16	0.09503	0.06186	0.03032	0.08299	0.04357	0.11570	0.00901	0.24184	0.03911	0.02081	0.06759	0.05069	0.07660	0.00700	0.00522	0.00157	0.02418	0.00543	0.01486	0.00664

[dist]
# distance from previous block
# <min> <max>
1	8

[block]
# block no. 10 follows, 48 sequences, length 25
# corresponding to MSA columns:
# 479-503
name=unknown_K
#
# <colnr> <probs for GDERKNQSTAVLIFYWHMCP>
#	G	D	E	R	K	N	Q	S	T	A	V	L	I	F	Y	W	H	M	C	P
0	0.61893	0.10602	0.03073	0.03524	0.01202	0.01283	0.00699	0.08069	0.01043	0.02190	0.00806	0.00978	0.00644	0.00502	0.00354	0.00154	0.00450	0.01613	0.00320	0.00599
1	0.02507	0.11300	0.55128	0.01411	0.03964	0.07099	0.03004	0.06868	0.01199	0.01675	0.00910	0.01060	0.00672	0.00492	0.00470	0.00154	0.00727	0.00374	0.00244	0.00740
2	0.01156	0.00893	0.01045	0.07506	0.01339	0.00999	0.00758	0.02032	0.43213	0.07505	0.06841	0.07888	0.03273	0.06816	0.06187	0.00243	0.00484	0.00670	0.00472	0.00680
3	0.00795	0.00524	0.00656	0.02538	0.00798	0.00520	0.00488	0.00955	0.02548	0.01587	0.21694	0.14233	0.10589	0.04330	0.03621	0.11056	0.01668	0.02578	0.18385	0.00436
4	0.11366	0.00716	0.00745	0.00662	0.00862	0.00733	0.00510	0.12240	0.01277	0.06838	0.07716	0.02420	0.14123	0.07483	0.00670	0.02190	0.00348	0.00608	0.27949	0.00543
5	0.01106	0.02450	0.68195	0.01479	0.04850	0.01208	0.01773	0.07835	0.01205	0.01770	0.02873	0.01170	0.00778	0.00511	0.00493	0.00161	0.00724	0.00402	0.00251	0.00763
6	0.01085	0.00637	0.00823	0.00729	0.00918	0.00597	0.00563	0.01407	0.07069	0.17629	0.57436	0.03270	0.03879	0.00939	0.00581	0.00162	0.00293	0.00819	0.00576	0.00587
7	0.85592	0.00992	0.00754	0.00675	0.00992	0.01151	0.00556	0.01508	0.00873	0.02302	0.00714	0.00834	0.00556	0.00476	0.00318	0.00159	0.00397	0.00278	0.00318	0.00556
8	0.00874	0.00447	0.00656	0.00665	0.00671	0.00445	0.00445	0.00690	0.00705	0.00957	0.01058	0.07340	0.01086	0.01728	0.01850	0.75969	0.00428	0.00520	0.03217	0.00246
9	0.00756	0.00497	0.00667	0.00745	0.00817	0.00464	0.00535	0.00887	0.01088	0.05838	0.11600	0.59010	0.03390	0.01465	0.00648	0.00203	0.00320	0.10117	0.00495	0.00457
10	0.00859	0.00605	0.00722	0.00704	0.00814	0.00589	0.00485	0.03711	0.06561	0.04167	0.09124	0.27768	0.04896	0.27564	0.03053	0.00296	0.00409	0.00933	0.00424	0.06316
11	0.12902	0.26773	0.20010	0.06949	0.04187	0.04864	0.06730	0.08048	0.01185	0.02758	0.00874	0.01032	0.00685	0.00483	0.00428	0.00145	0.00628	0.00364	0.00270	0.00687
12	0.05969	0.01194	0.04153	0.02297	0.04982	0.05668	0.11089	0.03327	0.01065	0.01610	0.00886	0.01146	0.00741	0.00554	0.00755	0.00146	0.20923	0.00402	0.02967	0.30126
13	0.68829	0.12597	0.01051	0.00717	0.01055	0.01269	0.00611	0.01545	0.03297	0.02125	0.00762	0.00871	0.00607	0.00475	0.00327	0.00150	0.00418	0.00287	0.00310	0.02695
14	0.01284	0.01291	0.01711	0.18768	0.02078	0.14211	0.17017	0.07334	0.02820	0.03007	0.01055	0.02753	0.00889	0.05603	0.02649	0.00206	0.13783	0.00507	0.02424	0.00610
15	0.02002	0.00810	0.01080	0.00863	0.01201	0.00717	0.00699	0.02234	0.03669	0.63176	0.04750	0.07591	0.01561	0.00719	0.00518	0.00160	0.00405	0.00598	0.06449	0.00797
16	0.00683	0.00550	0.00617	0.00627	0.00784	0.00494	0.00488	0.00892	0.03932	0.01539	0.16169	0.06995	0.50766	0.01265	0.00620	0.00182	0.00295	0.12152	0.00491	0.00460
17	0.01178	0.00986	0.01067	0.00969	0.01221	0.01114	0.00748	0.05328	0.58357	0.02117	0.13015	0.07903	0.02138	0.00809	0.00543	0.00174	0.00381	0.00688	0.00525	0.00739
18	0.01951	0.01437	0.01540	0.01181	0.01591	0.01591	0.00975	0.77056	0.02412	0.03234	0.01232	0.01232	0.00873	0.00616	0.00513	0.00154	0.00565	0.00462	0.00513	0.00873
19	0.01153	0.01050	0.01495	0.40160	0.15511	0.03118	0.01228	0.08366	0.13150	0.01680	0.01445	0.01676	0.06583	0.00599	0.00519	0.00166	0.00592	0.00519	0.00323	0.00667
20	0.00956	0.00478	0.00478	0.00478	0.00598	0.00478	0.00359	0.01196	0.01076	0.01913	0.01674	0.01913	0.01315	0.00598	0.00359	0.00120	0.00239	0.00478	0.84816	0.00478
21	0.00865	0.00954	0.12022	0.00955	0.06642	0.00725	0.00777	0.04445	0.06893	0.01781	0.25125	0.06784	0.26171	0.00974	0.00568	0.00166	0.00376	0.00831	0.02375	0.00569
22	0.00722	0.00497	0.00602	0.00616	0.00645	0.00492	0.00386	0.00785	0.00893	0.01215	0.12988	0.16247	0.02510	0.51524	0.07353	0.00424	0.00488	0.00877	0.00373	0.00364
23	0.07854	0.01250	0.01339	0.01083	0.01419	0.01395	0.00877	0.52953	0.09869	0.02776	0.01442	0.10189	0.01194	0.00733	0.00553	0.00165	0.03069	0.00571	0.00487	0.00783
