[name]
unknown

[dist]
# distance from previous block
# <min> <max>
40	100

[block]
# block no. 0 follows, 44 sequences, length 42
# corresponding to MSA columns:
# 147-163,165-189
name=unknown_A
#
# <colnr> <probs for GDERKNQSTAVLIFYWHMCP>
#	G	D	E	R	K	N	Q	S	T	A	V	L	I	F	Y	W	H	M	C	P
0	0.03328	0.01233	0.06998	0.01137	0.01514	0.02301	0.05602	0.18113	0.15408	0.17579	0.10589	0.03755	0.01695	0.00905	0.04775	0.00209	0.00573	0.00606	0.00510	0.03171
1	0.08557	0.10143	0.11606	0.01228	0.04245	0.09961	0.01071	0.19371	0.08576	0.04876	0.02630	0.01517	0.01068	0.00713	0.02387	0.00177	0.02199	0.03478	0.00393	0.05806
2	0.03097	0.17803	0.18859	0.04443	0.01736	0.01424	0.03915	0.16834	0.02614	0.07964	0.01258	0.05504	0.01050	0.05042	0.02310	0.00199	0.04330	0.00511	0.00362	0.00744
3	0.03716	0.11155	0.04723	0.01216	0.06581	0.01374	0.00956	0.23690	0.17367	0.03728	0.01434	0.04520	0.01162	0.02260	0.02813	0.02228	0.00555	0.00516	0.00430	0.09576
4	0.01065	0.04316	0.01026	0.04172	0.04471	0.00795	0.00666	0.04077	0.07903	0.06813	0.06446	0.23717	0.03704	0.18335	0.01055	0.00251	0.00442	0.00875	0.00438	0.09432
5	0.01647	0.04638	0.04511	0.01051	0.01416	0.02719	0.00871	0.23253	0.15190	0.15897	0.01721	0.08648	0.01404	0.05721	0.00676	0.00186	0.00512	0.00605	0.00500	0.08834
6	0.04389	0.04490	0.01403	0.01056	0.01436	0.01251	0.00865	0.35815	0.03650	0.22275	0.03461	0.04657	0.01335	0.04254	0.00636	0.00180	0.00519	0.02497	0.00537	0.05293
7	0.01439	0.01074	0.01266	0.02555	0.03580	0.00952	0.00780	0.17184	0.01482	0.09439	0.01358	0.01433	0.04263	0.00531	0.00465	0.00116	0.00459	0.00425	0.00409	0.50791
8	0.00790	0.00584	0.00855	0.00868	0.00961	0.00665	0.00675	0.00975	0.00907	0.01286	0.01619	0.02641	0.01583	0.09537	0.65390	0.00789	0.01297	0.07785	0.00316	0.00477
9	0.00792	0.00654	0.01013	0.00969	0.01095	0.00623	0.10652	0.01017	0.05028	0.01512	0.05838	0.57254	0.05986	0.03902	0.00742	0.00220	0.00406	0.01316	0.00476	0.00504
10	0.02045	0.01513	0.01621	0.01249	0.01680	0.01678	0.01030	0.72813	0.05417	0.03391	0.01344	0.01337	0.00956	0.00658	0.00546	0.00164	0.00593	0.00496	0.00546	0.00925
11	0.00825	0.00570	0.00741	0.00691	0.00832	0.00522	0.00521	0.01077	0.01533	0.04797	0.72010	0.04037	0.07556	0.01109	0.00640	0.00172	0.00265	0.00976	0.00599	0.00527
12	0.01065	0.03499	0.04799	0.55066	0.03068	0.04058	0.04654	0.01393	0.01117	0.01438	0.03497	0.07761	0.01095	0.00669	0.00616	0.00184	0.04562	0.00577	0.00276	0.00607
13	0.00644	0.00552	0.00552	0.00552	0.00736	0.00460	0.00414	0.00782	0.01243	0.01473	0.05523	0.05247	0.77218	0.01381	0.00644	0.00184	0.00276	0.01151	0.00506	0.00460
14	0.01154	0.01021	0.01605	0.36530	0.05165	0.01212	0.07581	0.07636	0.01178	0.01628	0.01133	0.04433	0.00958	0.02664	0.00856	0.03120	0.13463	0.00546	0.07498	0.00618
15	0.01073	0.00563	0.00569	0.00548	0.00692	0.00572	0.00416	0.05283	0.01220	0.02108	0.01753	0.01993	0.01372	0.00636	0.00390	0.00129	0.00273	0.00507	0.79370	0.00531
16	0.03537	0.01088	0.01737	0.29127	0.02484	0.01092	0.15846	0.04326	0.01195	0.01707	0.01044	0.01432	0.00835	0.00512	0.00535	0.00149	0.01856	0.02185	0.00297	0.29016
17	0.09474	0.01218	0.01987	0.09911	0.57996	0.01251	0.03723	0.01608	0.01198	0.01798	0.01170	0.01468	0.03776	0.00527	0.00528	0.00166	0.00627	0.00497	0.00283	0.00794
18	0.01318	0.44265	0.11126	0.03024	0.01599	0.01834	0.03462	0.01546	0.01046	0.01379	0.00815	0.01054	0.00726	0.00609	0.00768	0.00160	0.21759	0.00375	0.02457	0.00678
19	0.01039	0.14726	0.01154	0.00768	0.00993	0.03902	0.00617	0.04126	0.03744	0.04379	0.33475	0.03374	0.19107	0.05450	0.00696	0.00183	0.00387	0.00820	0.00488	0.00570
20	0.02082	0.00901	0.01186	0.00942	0.01303	0.00816	0.00764	0.08412	0.01616	0.56775	0.13014	0.06098	0.01979	0.00789	0.00569	0.00171	0.00438	0.00658	0.00645	0.00843
21	0.06148	0.66911	0.12044	0.00997	0.01499	0.01994	0.01047	0.01642	0.01103	0.01404	0.00785	0.00909	0.00692	0.00475	0.00370	0.00127	0.00601	0.00306	0.00239	0.00707
22	0.04841	0.00812	0.02353	0.00919	0.01150	0.00774	0.00760	0.05350	0.08478	0.10363	0.13978	0.12037	0.04694	0.01116	0.00628	0.00197	0.00427	0.24196	0.00520	0.06406
23	0.00692	0.00486	0.00624	0.00724	0.00748	0.00461	0.00468	0.00766	0.00989	0.01319	0.02726	0.63838	0.03254	0.18834	0.01146	0.00288	0.00362	0.01386	0.00468	0.00418
24	0.01953	0.01383	0.01583	0.01231	0.01640	0.01495	0.03742	0.59455	0.02316	0.09451	0.04810	0.01744	0.01265	0.00715	0.00565	0.00170	0.00580	0.04478	0.00546	0.00879
25	0.01127	0.09960	0.71166	0.01497	0.02272	0.01347	0.01916	0.01718	0.01147	0.01686	0.00958	0.01126	0.00691	0.00513	0.00503	0.00168	0.00785	0.00393	0.00230	0.00796
26	0.02399	0.01003	0.01312	0.01006	0.01429	0.00913	0.00831	0.11798	0.01686	0.68499	0.02045	0.01787	0.01297	0.00672	0.00548	0.00168	0.00481	0.00541	0.00659	0.00928
27	0.00664	0.00474	0.00633	0.00759	0.00791	0.00443	0.00506	0.00759	0.01044	0.01392	0.03005	0.80485	0.03606	0.01708	0.00696	0.00221	0.00316	0.01550	0.00506	0.00443
28	0.00744	0.00533	0.00701	0.00808	0.00866	0.00513	0.00571	0.03699	0.01128	0.01499	0.02925	0.68533	0.03446	0.01643	0.00697	0.00223	0.00349	0.10146	0.00507	0.00469
29	0.01214	0.00699	0.00719	0.00648	0.00833	0.00730	0.00504	0.15189	0.01409	0.02295	0.01691	0.01897	0.01309	0.00639	0.00412	0.00134	0.00319	0.00505	0.68269	0.00587
30	0.00793	0.00529	0.00595	0.00595	0.00595	0.00529	0.00330	0.00793	0.00793	0.01057	0.01718	0.03568	0.01982	0.80840	0.02775	0.00529	0.00529	0.00793	0.00330	0.00330
31	0.84691	0.01054	0.00801	0.00717	0.01054	0.01223	0.00590	0.01603	0.00928	0.02446	0.00759	0.00886	0.00590	0.00506	0.00337	0.00169	0.00422	0.00295	0.00337	0.00590
32	0.02446	0.00928	0.01265	0.00970	0.01392	0.00801	0.00801	0.02657	0.01560	0.77817	0.02151	0.01856	0.01350	0.00675	0.00548	0.00169	0.00464	0.00548	0.00675	0.00928
33	0.01971	0.04553	0.01593	0.01200	0.01611	0.04316	0.00987	0.57245	0.09712	0.07145	0.01418	0.01399	0.01018	0.00653	0.00533	0.00162	0.00580	0.00494	0.02518	0.00892
34	0.02072	0.01527	0.01636	0.01254	0.01691	0.01691	0.01036	0.75622	0.02563	0.03436	0.01309	0.01309	0.00927	0.00654	0.00545	0.00164	0.00600	0.00491	0.00545	0.00927
35	0.01285	0.00876	0.01004	0.00895	0.01144	0.00926	0.00695	0.02105	0.34734	0.12599	0.26214	0.02664	0.02712	0.00841	0.00565	0.00173	0.00363	0.00715	0.08766	0.00725
36	0.01852	0.01362	0.01471	0.01184	0.01575	0.01512	0.00960	0.45359	0.27937	0.08358	0.01683	0.01598	0.01211	0.00685	0.00549	0.00171	0.00532	0.00538	0.00558	0.00905
37	0.00758	0.00569	0.00712	0.00724	0.00864	0.00523	0.00569	0.00976	0.01381	0.01842	0.38584	0.07252	0.24190	0.01294	0.00670	0.00194	0.00320	0.17534	0.00550	0.00495
38	0.04596	0.63627	0.14246	0.01012	0.01516	0.01935	0.01073	0.01628	0.01121	0.01423	0.03089	0.01014	0.00828	0.00495	0.00384	0.00129	0.00601	0.00330	0.00248	0.00706
39	0.01242	0.22787	0.49899	0.01438	0.02122	0.01521	0.07241	0.04767	0.01209	0.01685	0.00945	0.01111	0.00713	0.00506	0.00485	0.00159	0.00749	0.00396	0.00247	0.00778
40	0.04163	0.20396	0.13143	0.01074	0.01489	0.03059	0.06402	0.05482	0.01261	0.06444	0.03523	0.05938	0.15017	0.00756	0.00555	0.00159	0.03347	0.00606	0.00363	0.06824
41	0.03001	0.34911	0.09826	0.01135	0.01556	0.11738	0.05044	0.05443	0.03071	0.06342	0.01310	0.01404	0.05985	0.00602	0.00513	0.00148	0.04137	0.00436	0.02695	0.00705

[dist]
# distance from previous block
# <min> <max>
6	104

[block]
# block no. 1 follows, 44 sequences, length 24
# corresponding to MSA columns:
# 294-317
name=unknown_B
#
# <colnr> <probs for GDERKNQSTAVLIFYWHMCP>
#	G	D	E	R	K	N	Q	S	T	A	V	L	I	F	Y	W	H	M	C	P
0	0.00661	0.00555	0.00575	0.00577	0.00755	0.00470	0.00437	0.00811	0.01263	0.01525	0.10161	0.05200	0.69889	0.01367	0.00648	0.00186	0.00283	0.03660	0.00512	0.00465
1	0.04089	0.10916	0.11038	0.01147	0.01544	0.07233	0.01023	0.12216	0.36973	0.02173	0.01602	0.01575	0.01213	0.00643	0.00506	0.00166	0.00552	0.00500	0.04089	0.00804
2	0.01964	0.01374	0.01500	0.01176	0.01574	0.01499	0.00961	0.59687	0.06065	0.09585	0.01531	0.05705	0.01158	0.00717	0.00550	0.00167	0.00555	0.00560	0.02788	0.00886
3	0.00698	0.00579	0.00609	0.00615	0.00782	0.00513	0.00455	0.00906	0.05123	0.01515	0.06939	0.11443	0.60168	0.04624	0.00734	0.00203	0.00303	0.02812	0.00504	0.00477
4	0.00790	0.00540	0.00652	0.00652	0.00672	0.00560	0.00402	0.00830	0.00810	0.01100	0.01665	0.03275	0.01855	0.65102	0.18339	0.00600	0.00720	0.00750	0.00322	0.00362
5	0.01593	0.03464	0.04390	0.00952	0.01380	0.00934	0.00800	0.09557	0.06490	0.23701	0.01575	0.07418	0.01237	0.00635	0.00495	0.00137	0.00458	0.00520	0.00470	0.33792
6	0.04762	0.11191	0.22916	0.01170	0.02960	0.01117	0.05713	0.01465	0.01242	0.05463	0.20315	0.02190	0.06864	0.00844	0.02787	0.00188	0.05561	0.00611	0.00375	0.02265
7	0.32095	0.07069	0.06569	0.03061	0.01293	0.05522	0.00810	0.10983	0.01253	0.02154	0.05227	0.01448	0.01085	0.04805	0.00612	0.00181	0.04350	0.00434	0.10417	0.00632
8	0.04840	0.02090	0.40213	0.01956	0.12035	0.01289	0.24330	0.01712	0.01194	0.01772	0.01013	0.01262	0.00753	0.00493	0.00548	0.00172	0.00794	0.00480	0.00256	0.02798
9	0.01461	0.70839	0.08596	0.01006	0.01489	0.06248	0.01023	0.01669	0.01135	0.01320	0.00780	0.00902	0.00699	0.00476	0.00371	0.00122	0.00622	0.00303	0.00236	0.00704
10	0.00760	0.00557	0.00713	0.00674	0.00808	0.00510	0.00506	0.01007	0.01517	0.02123	0.70793	0.04177	0.11542	0.01138	0.00643	0.00173	0.00259	0.01001	0.00592	0.00510
11	0.13799	0.18321	0.01802	0.03801	0.14119	0.12135	0.01058	0.08338	0.04574	0.04935	0.01008	0.01178	0.00818	0.00587	0.00602	0.00160	0.09516	0.00406	0.02125	0.00720
12	0.04756	0.06914	0.09337	0.01231	0.05642	0.01137	0.05946	0.14249	0.08046	0.08081	0.12446	0.08489	0.04108	0.00842	0.00572	0.00178	0.00524	0.06323	0.00460	0.00720
13	0.01512	0.00940	0.01000	0.00832	0.01098	0.00999	0.00666	0.31337	0.01736	0.06281	0.01607	0.01732	0.01205	0.00645	0.00456	0.00144	0.00404	0.00503	0.46207	0.00698
14	0.00667	0.00547	0.00588	0.00590	0.00753	0.00468	0.00438	0.00821	0.01277	0.01584	0.17150	0.10830	0.59673	0.01362	0.00648	0.00185	0.00276	0.01154	0.00522	0.00468
15	0.01915	0.01342	0.01467	0.01154	0.01541	0.01457	0.00939	0.58095	0.04619	0.09503	0.01669	0.06195	0.03874	0.02876	0.00617	0.00179	0.00553	0.00593	0.00547	0.00865
16	0.01262	0.01190	0.01618	0.03318	0.01608	0.08398	0.13201	0.08190	0.01220	0.03444	0.01430	0.11364	0.01407	0.03658	0.06406	0.00262	0.24152	0.06904	0.00349	0.00619
17	0.02446	0.00928	0.01265	0.00970	0.01392	0.00801	0.00801	0.02657	0.01560	0.77817	0.02151	0.01856	0.01350	0.00675	0.00548	0.00169	0.00464	0.00548	0.00675	0.00928
18	0.03676	0.00947	0.01225	0.00957	0.01345	0.00864	0.00781	0.08243	0.03391	0.61475	0.04795	0.02027	0.03500	0.03414	0.00626	0.00181	0.00463	0.00581	0.00637	0.00873
19	0.07423	0.45591	0.02238	0.01071	0.01475	0.14762	0.00957	0.14678	0.01413	0.01750	0.00867	0.00981	0.00733	0.00536	0.00460	0.00137	0.03563	0.00343	0.00303	0.00717
20	0.02072	0.01527	0.01636	0.01254	0.01691	0.01691	0.01036	0.75622	0.02563	0.03436	0.01309	0.01309	0.00927	0.00654	0.00545	0.00164	0.00600	0.00491	0.00545	0.00927
21	0.00927	0.00606	0.00681	0.00637	0.00845	0.00517	0.00486	0.01088	0.01318	0.12888	0.13230	0.07218	0.55052	0.01256	0.00632	0.00182	0.00303	0.01056	0.00542	0.00535
22	0.80968	0.01076	0.00839	0.00741	0.01083	0.01244	0.00611	0.04938	0.01001	0.02491	0.00784	0.00905	0.00606	0.00513	0.00347	0.00168	0.00430	0.00304	0.00347	0.00606
23	0.00686	0.00492	0.00642	0.00754	0.00796	0.00462	0.00514	0.00786	0.01048	0.01387	0.03016	0.66968	0.06678	0.07270	0.00844	0.00243	0.00342	0.06138	0.00493	0.00439

[dist]
# distance from previous block
# <min> <max>
0	1

[block]
# block no. 2 follows, 44 sequences, length 43
# corresponding to MSA columns:
# 319-337,368-389,394,395
name=unknown_C
#
# <colnr> <probs for GDERKNQSTAVLIFYWHMCP>
#	G	D	E	R	K	N	Q	S	T	A	V	L	I	F	Y	W	H	M	C	P
0	0.01111	0.08359	0.43357	0.01461	0.07574	0.02657	0.01526	0.03666	0.01140	0.01628	0.01117	0.01463	0.00910	0.01365	0.18710	0.00332	0.00921	0.01718	0.00263	0.00722
1	0.02592	0.00824	0.00929	0.00954	0.04668	0.02570	0.00706	0.08255	0.11256	0.01875	0.09784	0.10545	0.27945	0.01177	0.00632	0.00194	0.00405	0.13591	0.00504	0.00593
2	0.01171	0.00968	0.01135	0.00812	0.01295	0.00729	0.00651	0.01412	0.01144	0.04116	0.01005	0.01153	0.00824	0.00412	0.00408	0.00083	0.00406	0.00330	0.00334	0.81611
3	0.03669	0.03192	0.06685	0.12305	0.09302	0.06158	0.01134	0.20248	0.03676	0.05142	0.12451	0.02045	0.03569	0.02905	0.00698	0.00199	0.03561	0.00603	0.01676	0.00781
4	0.00782	0.00572	0.00817	0.00817	0.00893	0.00649	0.00607	0.00935	0.00859	0.01222	0.01515	0.02443	0.01494	0.20304	0.62644	0.00803	0.01263	0.00628	0.00300	0.00454
5	0.01130	0.05162	0.53146	0.01815	0.17308	0.01238	0.01773	0.01650	0.01202	0.01762	0.07749	0.01441	0.01122	0.00563	0.00527	0.00168	0.00717	0.00467	0.00271	0.00788
6	0.00880	0.00687	0.00812	0.00749	0.00922	0.00682	0.00573	0.04505	0.10227	0.02071	0.47081	0.03902	0.20581	0.01106	0.00658	0.00177	0.02318	0.00945	0.00562	0.00563
7	0.01428	0.01486	0.15736	0.03729	0.17248	0.01259	0.01246	0.19049	0.14376	0.05810	0.04850	0.03819	0.06133	0.00699	0.00555	0.00172	0.00574	0.00587	0.00429	0.00813
8	0.01003	0.00856	0.03780	0.01087	0.07442	0.02799	0.00814	0.04087	0.06476	0.03820	0.23459	0.08276	0.12437	0.01142	0.00646	0.00196	0.00429	0.20156	0.00505	0.00593
9	0.50869	0.01063	0.00938	0.00860	0.01103	0.06268	0.00695	0.01471	0.00986	0.02029	0.01138	0.04188	0.02870	0.00983	0.07437	0.00241	0.09770	0.03149	0.03374	0.00570
10	0.03305	0.22647	0.34423	0.01748	0.19422	0.01469	0.01540	0.01642	0.01139	0.01615	0.00955	0.01177	0.00770	0.00708	0.05087	0.00197	0.00740	0.00401	0.00247	0.00767
11	0.01221	0.07428	0.19496	0.04197	0.05077	0.01413	0.28799	0.01609	0.01136	0.01616	0.00958	0.01273	0.00762	0.00570	0.00794	0.00179	0.16232	0.00498	0.00257	0.06484
12	0.03724	0.06036	0.06069	0.01056	0.01326	0.02944	0.09722	0.07272	0.07069	0.01822	0.01505	0.06016	0.01305	0.04963	0.14567	0.00305	0.02800	0.00583	0.20298	0.00619
13	0.01474	0.74183	0.05610	0.00980	0.01450	0.06061	0.00980	0.01664	0.01132	0.01302	0.00771	0.00891	0.00699	0.00473	0.00363	0.00120	0.00612	0.00299	0.00236	0.00700
14	0.00947	0.00473	0.00710	0.00710	0.00710	0.00473	0.00473	0.00710	0.00710	0.00947	0.00947	0.01657	0.00947	0.01894	0.02131	0.84138	0.00473	0.00473	0.00237	0.00237
15	0.00701	0.00552	0.00636	0.00641	0.00790	0.00486	0.00483	0.00880	0.01322	0.01702	0.27909	0.11434	0.43319	0.01332	0.00655	0.00187	0.00288	0.05668	0.00536	0.00479
16	0.01433	0.01316	0.07078	0.06232	0.41846	0.02719	0.01388	0.01975	0.14829	0.10643	0.01431	0.04300	0.01139	0.00603	0.00547	0.00170	0.00597	0.00546	0.00373	0.00835
17	0.03000	0.03452	0.04401	0.10799	0.28388	0.08786	0.03997	0.04044	0.05562	0.08937	0.06471	0.05144	0.03332	0.00657	0.00548	0.00168	0.00618	0.00578	0.00368	0.00751
18	0.01328	0.01131	0.01108	0.00986	0.01235	0.10916	0.00765	0.12635	0.20823	0.05019	0.24017	0.05565	0.06910	0.00983	0.02526	0.00191	0.00491	0.02159	0.00524	0.00688
19	0.01240	0.01594	0.12187	0.04648	0.02768	0.01336	0.62304	0.01708	0.01258	0.01724	0.01131	0.03394	0.00876	0.00500	0.00626	0.00183	0.00884	0.00632	0.00275	0.00732
20	0.01197	0.09772	0.65732	0.01476	0.02225	0.01377	0.01846	0.07063	0.01249	0.01810	0.00982	0.01138	0.00709	0.00523	0.00505	0.00167	0.00771	0.00399	0.00253	0.00805
21	0.01674	0.01258	0.01437	0.01178	0.01527	0.01375	0.03541	0.43687	0.15927	0.04713	0.03430	0.09890	0.01577	0.00835	0.00581	0.00180	0.00534	0.05297	0.00535	0.00823
22	0.00783	0.00534	0.00642	0.00650	0.00668	0.00548	0.00398	0.00820	0.00822	0.01112	0.01757	0.08142	0.01984	0.63558	0.14849	0.00565	0.00665	0.00807	0.00335	0.00363
23	0.01180	0.08042	0.15330	0.05766	0.06487	0.01471	0.08109	0.01456	0.01014	0.01488	0.00963	0.04218	0.00866	0.00756	0.01099	0.00199	0.36763	0.00506	0.03626	0.00662
24	0.01284	0.01060	0.01213	0.00881	0.01357	0.00884	0.00710	0.13507	0.01365	0.02048	0.01025	0.01160	0.00827	0.00445	0.00427	0.00094	0.00436	0.00350	0.00359	0.70568
25	0.00867	0.00669	0.00805	0.00751	0.00918	0.00663	0.00569	0.01348	0.15205	0.02138	0.56872	0.03808	0.11136	0.01071	0.00627	0.00175	0.00291	0.00934	0.00583	0.00573
26	0.01120	0.02510	0.63291	0.01769	0.10555	0.01252	0.06089	0.01694	0.01166	0.01724	0.01048	0.03448	0.00800	0.00545	0.00532	0.00173	0.00781	0.00458	0.00245	0.00798
27	0.00749	0.00556	0.00697	0.00662	0.00800	0.00505	0.00496	0.00984	0.01489	0.02058	0.64244	0.04284	0.18132	0.01163	0.00643	0.00174	0.00261	0.01016	0.00583	0.00505
28	0.01614	0.01110	0.01234	0.01053	0.01388	0.01200	0.00839	0.14346	0.40821	0.17540	0.02370	0.02276	0.08232	0.00790	0.00565	0.00180	0.00453	0.02575	0.00572	0.00841
29	0.01389	0.24138	0.34973	0.01507	0.08732	0.05782	0.04000	0.04098	0.03153	0.05932	0.01026	0.01161	0.00783	0.00520	0.00480	0.00155	0.00708	0.00401	0.00282	0.00782
30	0.69096	0.05910	0.00985	0.06362	0.01258	0.01242	0.00679	0.01550	0.00950	0.02232	0.00823	0.01058	0.00670	0.00574	0.00422	0.03023	0.00457	0.01802	0.00324	0.00584
31	0.00672	0.00481	0.00632	0.00746	0.00783	0.00449	0.00498	0.00770	0.01055	0.01406	0.05394	0.73439	0.05263	0.04651	0.00771	0.00230	0.00321	0.01494	0.00503	0.00441
32	0.00947	0.00473	0.00710	0.00710	0.00710	0.00473	0.00473	0.00710	0.00710	0.00947	0.00947	0.01657	0.00947	0.01894	0.02131	0.84138	0.00473	0.00473	0.00237	0.00237
33	0.00688	0.00554	0.00613	0.00599	0.00763	0.00479	0.00449	0.00868	0.01347	0.01720	0.30311	0.04840	0.52276	0.01289	0.00644	0.00180	0.00270	0.01094	0.00539	0.00479
34	0.00774	0.00579	0.00721	0.00682	0.00825	0.00537	0.00512	0.01060	0.04224	0.02085	0.63872	0.04171	0.15637	0.01140	0.00640	0.00174	0.00266	0.00997	0.00585	0.00519
35	0.01130	0.00969	0.01130	0.00807	0.01292	0.00727	0.00646	0.01373	0.01130	0.01776	0.00969	0.01130	0.00807	0.00404	0.00404	0.00081	0.00404	0.00323	0.00323	0.84173
36	0.01224	0.03475	0.44238	0.03740	0.20832	0.04165	0.08527	0.02899	0.01228	0.01748	0.02321	0.01278	0.00828	0.00519	0.00534	0.00169	0.00766	0.00455	0.00258	0.00798
37	0.00947	0.00473	0.00710	0.00710	0.00710	0.00473	0.00473	0.00710	0.00710	0.00947	0.00947	0.01657	0.00947	0.01894	0.02131	0.84138	0.00473	0.00473	0.00237	0.00237
38	0.01178	0.01043	0.01558	0.37909	0.12377	0.01190	0.03944	0.06173	0.14456	0.01785	0.01536	0.01848	0.04850	0.00641	0.00548	0.00177	0.00608	0.01924	0.05561	0.00693
39	0.01539	0.01286	0.02859	0.01218	0.03198	0.03052	0.03548	0.16425	0.47688	0.06433	0.01934	0.01833	0.02517	0.00696	0.00550	0.00175	0.00503	0.00576	0.00523	0.03449
40	0.01140	0.00977	0.01135	0.00820	0.01297	0.00752	0.00655	0.01434	0.04162	0.01797	0.01019	0.01167	0.00842	0.00417	0.00410	0.00085	0.00405	0.00335	0.00332	0.80820
41	0.01141	0.00971	0.01136	0.00839	0.01283	0.00779	0.00669	0.03359	0.03096	0.01822	0.03071	0.03373	0.01020	0.00487	0.00461	0.00096	0.02434	0.00389	0.00345	0.73230
42	0.01438	0.62458	0.02448	0.00956	0.01360	0.10545	0.00895	0.01620	0.01210	0.01399	0.10139	0.01279	0.01245	0.00557	0.00402	0.00126	0.00588	0.00383	0.00284	0.00669

[dist]
# distance from previous block
# <min> <max>
0	8

[block]
# block no. 3 follows, 44 sequences, length 30
# corresponding to MSA columns:
# 404-433
name=unknown_D
#
# <colnr> <probs for GDERKNQSTAVLIFYWHMCP>
#	G	D	E	R	K	N	Q	S	T	A	V	L	I	F	Y	W	H	M	C	P
0	0.01215	0.00766	0.01007	0.00853	0.01130	0.00665	0.03198	0.01466	0.04000	0.17787	0.16299	0.20428	0.07450	0.00973	0.00576	0.00163	0.00379	0.00853	0.00510	0.20283
1	0.01255	0.01666	0.15836	0.05617	0.08487	0.04010	0.44205	0.01691	0.01230	0.01685	0.01087	0.01504	0.00856	0.00540	0.00679	0.00184	0.05825	0.02641	0.00270	0.00733
2	0.05065	0.00932	0.01250	0.00962	0.01381	0.00815	0.00795	0.02623	0.01540	0.75417	0.02106	0.01825	0.01325	0.00669	0.00542	0.00169	0.00463	0.00540	0.00664	0.00917
3	0.01213	0.01026	0.01108	0.01016	0.01280	0.01158	0.00786	0.02444	0.59017	0.02185	0.12129	0.06035	0.04934	0.00871	0.00580	0.00186	0.00400	0.02298	0.00556	0.00777
4	0.01984	0.02509	0.01515	0.01386	0.01660	0.75129	0.01045	0.02130	0.01532	0.01348	0.00935	0.01216	0.00812	0.00604	0.00503	0.00145	0.00961	0.03665	0.00291	0.00626
5	0.00657	0.00553	0.00570	0.00566	0.00744	0.00466	0.00425	0.00808	0.01274	0.01546	0.12890	0.05126	0.69806	0.01353	0.00644	0.00183	0.00274	0.01134	0.00516	0.00466
6	0.00685	0.00580	0.00589	0.00583	0.00765	0.00504	0.00435	0.00885	0.04633	0.01518	0.07366	0.05017	0.69464	0.03695	0.00703	0.00194	0.00290	0.01111	0.00506	0.00476
7	0.00666	0.00495	0.00621	0.00712	0.00781	0.00450	0.00487	0.00778	0.01113	0.01451	0.07516	0.60514	0.19215	0.01607	0.00682	0.00211	0.00305	0.01435	0.00511	0.00450
8	0.01900	0.15713	0.01785	0.01373	0.03469	0.61886	0.01052	0.02050	0.01445	0.01336	0.00830	0.00979	0.00706	0.00554	0.00504	0.00140	0.03011	0.00348	0.00271	0.00648
9	0.01130	0.00969	0.01130	0.00807	0.01292	0.00727	0.00646	0.01373	0.01130	0.01776	0.00969	0.01130	0.00807	0.00404	0.00404	0.00081	0.00404	0.00323	0.00323	0.84173
10	0.81686	0.01063	0.00852	0.00812	0.03809	0.01226	0.00629	0.01605	0.00939	0.02422	0.00769	0.00902	0.00600	0.00505	0.00345	0.00168	0.00430	0.00302	0.00335	0.00600
11	0.00721	0.00526	0.00699	0.00800	0.00837	0.00522	0.00560	0.00825	0.01036	0.01385	0.02784	0.62506	0.03293	0.08492	0.00928	0.00252	0.03705	0.09204	0.00479	0.00446
12	0.02446	0.00928	0.01265	0.00970	0.01392	0.00801	0.00801	0.02657	0.01560	0.77817	0.02151	0.01856	0.01350	0.00675	0.00548	0.00169	0.00464	0.00548	0.00675	0.00928
13	0.00793	0.00529	0.00595	0.00595	0.00595	0.00529	0.00330	0.00793	0.00793	0.01057	0.01718	0.03568	0.01982	0.80840	0.02775	0.00529	0.00529	0.00793	0.00330	0.00330
14	0.84691	0.01054	0.00801	0.00717	0.01054	0.01223	0.00590	0.01603	0.00928	0.02446	0.00759	0.00886	0.00590	0.00506	0.00337	0.00169	0.00422	0.00295	0.00337	0.00590
15	0.01369	0.01148	0.01223	0.01103	0.01408	0.01320	0.00862	0.02837	0.72241	0.04192	0.02238	0.02155	0.01701	0.00761	0.00561	0.00187	0.00434	0.02850	0.00556	0.00854
16	0.84691	0.01054	0.00801	0.00717	0.01054	0.01223	0.00590	0.01603	0.00928	0.02446	0.00759	0.00886	0.00590	0.00506	0.00337	0.00169	0.00422	0.00295	0.00337	0.00590
17	0.01156	0.16270	0.65113	0.01447	0.02195	0.01419	0.01829	0.01710	0.01144	0.01650	0.00941	0.01104	0.00692	0.00509	0.00489	0.00163	0.00767	0.00384	0.00231	0.00787
18	0.01193	0.01193	0.01670	0.01431	0.01431	0.01670	0.01193	0.01312	0.00835	0.01312	0.00716	0.01193	0.00716	0.00954	0.01789	0.00239	0.79843	0.00477	0.00239	0.00596
19	0.01293	0.00964	0.01147	0.00828	0.01304	0.00736	0.00665	0.01531	0.01184	0.11171	0.01115	0.01220	0.00874	0.00437	0.00422	0.00092	0.00411	0.00351	0.00366	0.73888
20	0.01386	0.01186	0.01250	0.01116	0.01429	0.01370	0.00870	0.05961	0.73342	0.02329	0.02181	0.02003	0.01633	0.00736	0.00554	0.00184	0.00439	0.00611	0.00554	0.00866
21	0.01356	0.01171	0.01233	0.01109	0.01418	0.01356	0.00863	0.02897	0.76455	0.02281	0.02219	0.02034	0.01664	0.00740	0.00555	0.00185	0.00431	0.00616	0.00555	0.00863
22	0.01265	0.01212	0.01960	0.15017	0.56090	0.03583	0.01529	0.01578	0.01233	0.01705	0.03873	0.03727	0.01143	0.00588	0.00554	0.00169	0.00642	0.03058	0.00292	0.00780
23	0.00675	0.00482	0.00645	0.00772	0.00808	0.00452	0.00525	0.00778	0.01054	0.01404	0.02999	0.76724	0.03582	0.01698	0.00699	0.00223	0.00326	0.05204	0.00506	0.00446
24	0.01016	0.00508	0.00508	0.00508	0.00635	0.00508	0.00381	0.01270	0.01143	0.02033	0.01778	0.02033	0.01397	0.00635	0.00381	0.00127	0.00254	0.00508	0.83867	0.00508
25	0.00664	0.00474	0.00633	0.00759	0.00791	0.00443	0.00506	0.00759	0.01044	0.01392	0.03005	0.80485	0.03606	0.01708	0.00696	0.00221	0.00316	0.01550	0.00506	0.00443
26	0.00749	0.00559	0.00829	0.04385	0.01039	0.00540	0.04688	0.00875	0.01067	0.01441	0.04603	0.62112	0.03153	0.01537	0.00740	0.04002	0.00377	0.03489	0.03350	0.00463
27	0.00686	0.00478	0.00633	0.00745	0.00773	0.00450	0.00492	0.00759	0.01010	0.01347	0.02818	0.71286	0.03367	0.07528	0.00913	0.04023	0.00339	0.01446	0.00481	0.00425
28	0.00664	0.00474	0.00633	0.00759	0.00791	0.00443	0.00506	0.00759	0.01044	0.01392	0.03005	0.80485	0.03606	0.01708	0.00696	0.00221	0.00316	0.01550	0.00506	0.00443
29	0.01180	0.01174	0.01923	0.23502	0.04100	0.01456	0.14314	0.03391	0.01042	0.01477	0.00897	0.01346	0.00764	0.00815	0.03182	0.00226	0.37806	0.00512	0.00256	0.00636

[dist]
# distance from previous block
# <min> <max>
0	2

[block]
# block no. 4 follows, 44 sequences, length 67
# corresponding to MSA columns:
# 436-502
name=unknown_E
#
# <colnr> <probs for GDERKNQSTAVLIFYWHMCP>
#	G	D	E	R	K	N	Q	S	T	A	V	L	I	F	Y	W	H	M	C	P
0	0.19227	0.12215	0.18747	0.07865	0.04399	0.01470	0.05417	0.19389	0.01438	0.02199	0.00998	0.01162	0.00755	0.00600	0.01797	0.00175	0.00650	0.00413	0.00335	0.00751
1	0.00759	0.00547	0.00687	0.00749	0.00831	0.00530	0.00524	0.01006	0.06811	0.01659	0.17692	0.52356	0.05632	0.01440	0.00653	0.00202	0.00308	0.01291	0.05828	0.00493
2	0.00667	0.00548	0.00587	0.00588	0.00753	0.00468	0.00437	0.00821	0.01279	0.01585	0.17144	0.10041	0.60477	0.01359	0.00648	0.00184	0.00276	0.01150	0.00522	0.00468
3	0.01267	0.01219	0.02076	0.17656	0.57357	0.01276	0.03515	0.01591	0.01200	0.01684	0.01103	0.01451	0.02470	0.00531	0.00587	0.00169	0.03282	0.00504	0.00269	0.00794
4	0.80035	0.01050	0.00820	0.00722	0.01068	0.01195	0.00594	0.01590	0.00939	0.02409	0.00771	0.00899	0.00603	0.00500	0.00341	0.00164	0.00421	0.00297	0.00337	0.05248
5	0.79035	0.02633	0.00898	0.02441	0.03199	0.01243	0.00646	0.01601	0.00943	0.02383	0.00771	0.00910	0.00603	0.00506	0.00347	0.00168	0.00437	0.00304	0.00332	0.00600
6	0.01114	0.07186	0.73827	0.01519	0.02306	0.01316	0.01954	0.01721	0.01149	0.01702	0.00966	0.01136	0.00691	0.00515	0.00509	0.00170	0.00793	0.00397	0.00230	0.00800
7	0.01238	0.01025	0.01445	0.11877	0.09244	0.03155	0.03498	0.06082	0.02949	0.07768	0.04007	0.11919	0.01456	0.04496	0.07369	0.00267	0.20532	0.00670	0.00362	0.00641
8	0.00767	0.00538	0.00630	0.00630	0.00686	0.00516	0.00406	0.00853	0.01040	0.01391	0.19060	0.07588	0.11774	0.47446	0.01886	0.00385	0.00427	0.03154	0.00425	0.00397
9	0.00669	0.00483	0.00634	0.00754	0.00796	0.00449	0.00510	0.00770	0.01060	0.01402	0.03142	0.74392	0.07696	0.01685	0.00694	0.00220	0.00319	0.03373	0.00506	0.00445
10	0.01458	0.81168	0.02857	0.00933	0.01399	0.02157	0.00933	0.01632	0.01108	0.01283	0.00758	0.00875	0.00700	0.00466	0.00350	0.00117	0.00583	0.00292	0.00233	0.00700
11	0.00779	0.00584	0.00876	0.00876	0.00974	0.00681	0.00681	0.00974	0.00876	0.01266	0.01460	0.02142	0.01363	0.04089	0.78680	0.00876	0.01460	0.00584	0.00292	0.00487
12	0.84691	0.01054	0.00801	0.00717	0.01054	0.01223	0.00590	0.01603	0.00928	0.02446	0.00759	0.00886	0.00590	0.00506	0.00337	0.00169	0.00422	0.00295	0.00337	0.00590
13	0.01356	0.01171	0.01233	0.01109	0.01418	0.01356	0.00863	0.02897	0.76455	0.02281	0.02219	0.02034	0.01664	0.00740	0.00555	0.00185	0.00431	0.00616	0.00555	0.00863
14	0.84691	0.01054	0.00801	0.00717	0.01054	0.01223	0.00590	0.01603	0.00928	0.02446	0.00759	0.00886	0.00590	0.00506	0.00337	0.00169	0.00422	0.00295	0.00337	0.00590
15	0.01885	0.01434	0.01531	0.01217	0.01619	0.01603	0.00991	0.56626	0.21864	0.03134	0.01547	0.01498	0.01120	0.00677	0.00548	0.00169	0.00556	0.00524	0.00548	0.00910
16	0.84691	0.01054	0.00801	0.00717	0.01054	0.01223	0.00590	0.01603	0.00928	0.02446	0.00759	0.00886	0.00590	0.00506	0.00337	0.00169	0.00422	0.00295	0.00337	0.00590
17	0.00689	0.00554	0.00615	0.00600	0.00764	0.00479	0.00450	0.00870	0.01349	0.01725	0.30879	0.04831	0.51705	0.01286	0.00644	0.00180	0.00269	0.01092	0.00539	0.00479
18	0.00664	0.00474	0.00633	0.00759	0.00791	0.00443	0.00506	0.00759	0.01044	0.01392	0.03005	0.80485	0.03606	0.01708	0.00696	0.00221	0.00316	0.01550	0.00506	0.00443
19	0.29244	0.01045	0.01161	0.00924	0.01320	0.01052	0.00762	0.11593	0.01481	0.43755	0.01589	0.01469	0.01048	0.00617	0.00479	0.00168	0.00467	0.00458	0.00548	0.00818
20	0.00644	0.00552	0.00552	0.00552	0.00736	0.00460	0.00414	0.00782	0.01243	0.01473	0.05523	0.05247	0.77218	0.01381	0.00644	0.00184	0.00276	0.01151	0.00506	0.00460
21	0.02419	0.00934	0.01264	0.00973	0.01392	0.00815	0.00803	0.02663	0.03407	0.75954	0.02152	0.01860	0.01357	0.00676	0.00548	0.00169	0.00463	0.00550	0.00672	0.00926
22	0.02433	0.00948	0.01278	0.00980	0.01402	0.00831	0.00809	0.05127	0.01594	0.75299	0.02122	0.01837	0.01335	0.00674	0.00548	0.00169	0.00469	0.00546	0.00670	0.00928
23	0.00674	0.00485	0.00639	0.00745	0.00791	0.00450	0.00504	0.00785	0.01098	0.01469	0.10079	0.70716	0.06262	0.01641	0.00689	0.00215	0.00309	0.01483	0.00515	0.00450
24	0.01349	0.01295	0.02213	0.03346	0.77440	0.01295	0.01673	0.01673	0.01241	0.01781	0.01025	0.01349	0.00864	0.00486	0.00540	0.00162	0.00648	0.00486	0.00270	0.00864
25	0.00808	0.00558	0.00703	0.00764	0.00813	0.00554	0.00552	0.00911	0.00992	0.01307	0.02302	0.13980	0.02603	0.42214	0.01783	0.00390	0.00493	0.27453	0.00414	0.00407
26	0.84691	0.01054	0.00801	0.00717	0.01054	0.01223	0.00590	0.01603	0.00928	0.02446	0.00759	0.00886	0.00590	0.00506	0.00337	0.00169	0.00422	0.00295	0.00337	0.00590
27	0.05172	0.00957	0.01258	0.00971	0.01384	0.00859	0.00801	0.06651	0.01594	0.69433	0.03731	0.01842	0.01385	0.00678	0.00543	0.00168	0.00465	0.00546	0.00654	0.00907
28	0.02103	0.03251	0.03278	0.01019	0.01422	0.01017	0.00856	0.14418	0.07755	0.49538	0.07896	0.01912	0.01572	0.00702	0.00550	0.00168	0.00479	0.00568	0.00615	0.00880
29	0.01084	0.00793	0.01012	0.03364	0.02904	0.00838	0.02492	0.14377	0.01264	0.04208	0.02031	0.31627	0.02216	0.23350	0.01293	0.00292	0.04898	0.00976	0.00436	0.00545
30	0.02100	0.01298	0.01470	0.01135	0.01547	0.01370	0.00934	0.50715	0.02210	0.23935	0.04255	0.01579	0.01207	0.00676	0.00545	0.00164	0.00540	0.00525	0.02893	0.00901
31	0.00930	0.00699	0.00828	0.00765	0.00934	0.02306	0.00581	0.01360	0.12044	0.04590	0.60230	0.03688	0.06824	0.01045	0.00624	0.00173	0.00304	0.00912	0.00586	0.00577
32	0.84691	0.01054	0.00801	0.00717	0.01054	0.01223	0.00590	0.01603	0.00928	0.02446	0.00759	0.00886	0.00590	0.00506	0.00337	0.00169	0.00422	0.00295	0.00337	0.00590
33	0.00708	0.00549	0.00617	0.00606	0.00742	0.00488	0.00436	0.00863	0.01269	0.01640	0.28118	0.06098	0.41146	0.13196	0.00964	0.00232	0.00309	0.01052	0.00510	0.00458
34	0.01458	0.81168	0.02857	0.00933	0.01399	0.02157	0.00933	0.01632	0.01108	0.01283	0.00758	0.00875	0.00700	0.00466	0.00350	0.00117	0.00583	0.00292	0.00233	0.00700
35	0.00669	0.00553	0.00586	0.00578	0.00751	0.00471	0.00433	0.00830	0.01300	0.01610	0.19283	0.05021	0.63373	0.01330	0.00644	0.00182	0.00273	0.01119	0.00524	0.00471
36	0.01448	0.79173	0.04771	0.00949	0.01424	0.02134	0.00960	0.01635	0.01109	0.01294	0.00764	0.00882	0.00699	0.00468	0.00354	0.00118	0.00589	0.00294	0.00233	0.00702
37	0.01190	0.01004	0.01163	0.00836	0.01317	0.00788	0.00671	0.06093	0.01222	0.01882	0.00991	0.01142	0.00815	0.00420	0.00413	0.00086	0.00416	0.00334	0.00337	0.78881
38	0.01149	0.01467	0.13098	0.01889	0.02379	0.01185	0.50004	0.01575	0.01256	0.01727	0.05599	0.09714	0.01438	0.00679	0.00636	0.00189	0.00786	0.04215	0.00321	0.00692
39	0.02446	0.00928	0.01265	0.00970	0.01392	0.00801	0.00801	0.02657	0.01560	0.77817	0.02151	0.01856	0.01350	0.00675	0.00548	0.00169	0.00464	0.00548	0.00675	0.00928
40	0.00671	0.00553	0.00590	0.00581	0.00753	0.00472	0.00435	0.00835	0.01306	0.01624	0.20708	0.04998	0.61939	0.01324	0.00644	0.00181	0.00272	0.01116	0.00526	0.00472
41	0.01492	0.01322	0.07189	0.05347	0.06497	0.02618	0.01043	0.10713	0.43955	0.09044	0.01930	0.01853	0.03142	0.00693	0.00550	0.00178	0.00517	0.00573	0.00500	0.00845
42	0.02109	0.01468	0.01600	0.01226	0.01661	0.01603	0.01013	0.68454	0.02465	0.10742	0.01392	0.01363	0.00969	0.00656	0.00546	0.00164	0.00587	0.00496	0.00558	0.00927
43	0.05220	0.00949	0.01260	0.00969	0.01389	0.00840	0.00801	0.04644	0.01567	0.73204	0.02080	0.01808	0.01312	0.00668	0.00541	0.00169	0.00466	0.00538	0.00660	0.00916
44	0.01244	0.01190	0.05823	0.32162	0.02432	0.02575	0.06064	0.14540	0.02964	0.01848	0.01352	0.03684	0.04247	0.00759	0.02441	0.00197	0.09337	0.00552	0.05921	0.00667
45	0.01103	0.01381	0.14309	0.04367	0.07251	0.01217	0.23822	0.01451	0.01071	0.01534	0.01100	0.01538	0.00925	0.01504	0.21140	0.00370	0.14446	0.00544	0.00265	0.00663
46	0.02037	0.02598	0.01545	0.01404	0.01685	0.78652	0.01053	0.02177	0.01545	0.01334	0.00843	0.00983	0.00702	0.00562	0.00492	0.00140	0.00983	0.00351	0.00281	0.00632
47	0.01981	0.00829	0.01122	0.00938	0.01273	0.00731	0.00771	0.02186	0.01460	0.56527	0.02510	0.08143	0.05985	0.00914	0.00595	0.00186	0.00449	0.11970	0.00627	0.00803
48	0.01820	0.01015	0.03189	0.01019	0.01360	0.00963	0.00842	0.12784	0.12888	0.36929	0.03939	0.11053	0.01814	0.00875	0.00584	0.00183	0.00469	0.06867	0.00591	0.00814
49	0.00760	0.00549	0.00699	0.00786	0.00851	0.00529	0.00539	0.05902	0.01155	0.01535	0.02974	0.72483	0.05930	0.01624	0.00684	0.00216	0.00334	0.01464	0.00509	0.00477
50	0.02037	0.02598	0.01545	0.01404	0.01685	0.78652	0.01053	0.02177	0.01545	0.01334	0.00843	0.00983	0.00702	0.00562	0.00492	0.00140	0.00983	0.00351	0.00281	0.00632
51	0.15259	0.12089	0.03652	0.01349	0.05884	0.50128	0.01024	0.01976	0.01363	0.01543	0.00833	0.00979	0.00693	0.00535	0.00452	0.00144	0.00819	0.00344	0.00282	0.00652
52	0.00669	0.00545	0.00595	0.00626	0.00777	0.00471	0.00468	0.00811	0.01217	0.01489	0.06770	0.18333	0.56975	0.01440	0.00661	0.00195	0.00300	0.06688	0.00508	0.00462
53	0.26367	0.17748	0.15032	0.07936	0.05979	0.01424	0.05025	0.03208	0.02361	0.01867	0.00897	0.01086	0.00712	0.00511	0.00464	0.00157	0.02531	0.00374	0.00287	0.06033
54	0.01386	0.03524	0.01312	0.00980	0.01355	0.01057	0.00795	0.17297	0.01420	0.06748	0.01257	0.07664	0.01092	0.00712	0.02149	0.00149	0.08842	0.00493	0.00395	0.41374
55	0.01477	0.19400	0.32593	0.01455	0.03749	0.22458	0.05666	0.04273	0.01305	0.01584	0.00913	0.01074	0.00715	0.00519	0.00483	0.00152	0.00802	0.00384	0.00259	0.00737
56	0.01281	0.01424	0.09050	0.10452	0.43361	0.02938	0.11823	0.01739	0.06905	0.01752	0.01235	0.01509	0.02967	0.00536	0.00556	0.00170	0.00688	0.00525	0.00292	0.00798
57	0.00789	0.00562	0.00767	0.00887	0.00970	0.00549	0.00705	0.00966	0.01149	0.01509	0.02880	0.35703	0.03271	0.05245	0.00823	0.00252	0.00429	0.41576	0.00496	0.00470
58	0.01082	0.01374	0.14256	0.03767	0.05600	0.01103	0.31632	0.01438	0.01163	0.01621	0.01529	0.21397	0.01501	0.00815	0.00686	0.00189	0.05329	0.00799	0.00326	0.04394
59	0.00708	0.00506	0.00664	0.00725	0.00788	0.00472	0.00499	0.00854	0.01202	0.01647	0.28483	0.49923	0.04046	0.05858	0.00792	0.00221	0.00308	0.01314	0.00529	0.00461
60	0.01074	0.00967	0.02853	0.07376	0.02632	0.02999	0.02610	0.06909	0.02670	0.01514	0.01230	0.01789	0.01114	0.06311	0.33931	0.00502	0.19902	0.00543	0.02496	0.00578
61	0.00691	0.00514	0.00725	0.00804	0.00861	0.00479	0.03061	0.00808	0.01083	0.01450	0.07117	0.72182	0.04917	0.01626	0.00690	0.00217	0.00333	0.01480	0.00503	0.00457
62	0.04074	0.00669	0.00834	0.00741	0.00938	0.00624	0.00570	0.03840	0.01516	0.14818	0.51597	0.03575	0.09924	0.03055	0.00667	0.00181	0.00318	0.00879	0.00587	0.00591
63	0.01357	0.03174	0.01294	0.00989	0.03955	0.00965	0.00765	0.13740	0.04480	0.05350	0.01174	0.03170	0.00953	0.00507	0.00450	0.00110	0.00451	0.00407	0.00385	0.56323
64	0.14712	0.01330	0.03355	0.03910	0.03024	0.05116	0.00925	0.32831	0.10237	0.06794	0.01564	0.01704	0.04674	0.03409	0.00593	0.00180	0.00551	0.02054	0.00469	0.02567
65	0.03551	0.13354	0.14054	0.04726	0.25484	0.17301	0.04378	0.01762	0.03030	0.01610	0.01132	0.01416	0.02867	0.00562	0.00507	0.00158	0.00722	0.02365	0.00281	0.00741
66	0.23733	0.06430	0.03304	0.00972	0.01304	0.12997	0.00796	0.03224	0.13635	0.14161	0.06676	0.04236	0.01375	0.02322	0.00525	0.00171	0.00527	0.00505	0.00436	0.02672

[dist]
# distance from previous block
# <min> <max>
5	27

[block]
# block no. 5 follows, 44 sequences, length 42
# corresponding to MSA columns:
# 531-572
name=unknown_F
#
# <colnr> <probs for GDERKNQSTAVLIFYWHMCP>
#	G	D	E	R	K	N	Q	S	T	A	V	L	I	F	Y	W	H	M	C	P
0	0.10289	0.03929	0.26559	0.05763	0.09057	0.07716	0.04699	0.11768	0.01389	0.07364	0.01159	0.01437	0.00893	0.00652	0.02036	0.00183	0.00709	0.03294	0.00338	0.00764
1	0.01273	0.01152	0.01643	0.16729	0.31274	0.03311	0.01261	0.05843	0.13077	0.01830	0.01435	0.01772	0.03388	0.03489	0.00644	0.00182	0.02254	0.01889	0.04160	0.03393
2	0.24623	0.05708	0.29038	0.01165	0.01686	0.07462	0.02645	0.03287	0.03894	0.08455	0.03367	0.01239	0.00903	0.00552	0.00464	0.00163	0.00625	0.00404	0.00336	0.03983
3	0.01436	0.09023	0.04430	0.02376	0.39756	0.07115	0.08736	0.05837	0.12397	0.01858	0.01184	0.01382	0.00949	0.00534	0.00530	0.00162	0.00664	0.00490	0.00323	0.00820
4	0.00796	0.00579	0.00786	0.00779	0.00834	0.00648	0.00555	0.00910	0.00841	0.01183	0.01543	0.02689	0.01594	0.34928	0.45879	0.00718	0.03340	0.00665	0.00306	0.00427
5	0.01458	0.81168	0.02857	0.00933	0.01399	0.02157	0.00933	0.01632	0.01108	0.01283	0.00758	0.00875	0.00700	0.00466	0.00350	0.00117	0.00583	0.00292	0.00233	0.00700
6	0.00712	0.00555	0.00647	0.00624	0.00778	0.00489	0.00468	0.00914	0.01404	0.01855	0.43886	0.04618	0.38616	0.01238	0.00644	0.00177	0.00266	0.01062	0.00557	0.00489
7	0.00754	0.00555	0.00705	0.00671	0.00804	0.00506	0.00502	0.00993	0.01496	0.02082	0.66824	0.05799	0.13959	0.01160	0.00644	0.00174	0.00261	0.01018	0.00587	0.00506
8	0.00924	0.00605	0.00700	0.00660	0.00859	0.00524	0.00509	0.01100	0.01341	0.11966	0.19306	0.06714	0.47293	0.01246	0.00637	0.00183	0.00308	0.04043	0.00548	0.00536
9	0.04779	0.00931	0.01252	0.00963	0.01382	0.00813	0.00795	0.02627	0.01542	0.75679	0.02111	0.01828	0.01328	0.00670	0.00542	0.00169	0.00463	0.00541	0.00665	0.00918
10	0.02037	0.02598	0.01545	0.01404	0.01685	0.78652	0.01053	0.02177	0.01545	0.01334	0.00843	0.00983	0.00702	0.00562	0.00492	0.00140	0.00983	0.00351	0.00281	0.00632
11	0.00645	0.00549	0.00555	0.00561	0.00739	0.00460	0.00418	0.00781	0.01235	0.01470	0.05422	0.08247	0.74283	0.01394	0.00646	0.00186	0.00278	0.01167	0.00506	0.00460
12	0.00664	0.00474	0.00633	0.00759	0.00791	0.00443	0.00506	0.00759	0.01044	0.01392	0.03005	0.80485	0.03606	0.01708	0.00696	0.00221	0.00316	0.01550	0.00506	0.00443
13	0.00698	0.00523	0.00754	0.00834	0.00891	0.00489	0.03858	0.00813	0.01060	0.01414	0.02917	0.75045	0.03470	0.01647	0.00695	0.00220	0.00348	0.03371	0.00496	0.00457
14	0.01959	0.02468	0.01546	0.01444	0.03798	0.72309	0.01063	0.02106	0.01500	0.01344	0.00864	0.01034	0.00727	0.00676	0.02903	0.00166	0.02816	0.00365	0.00280	0.00633
15	0.01130	0.00969	0.01130	0.00807	0.01292	0.00727	0.00646	0.01373	0.01130	0.01776	0.00969	0.01130	0.00807	0.00404	0.00404	0.00081	0.00404	0.00323	0.00323	0.84173
16	0.00675	0.00483	0.00642	0.00752	0.00793	0.00450	0.00507	0.00786	0.01093	0.01471	0.10362	0.72903	0.03758	0.01649	0.00691	0.00216	0.00310	0.01494	0.00515	0.00450
17	0.00728	0.00536	0.00723	0.03929	0.00974	0.00516	0.00614	0.00879	0.01138	0.01504	0.08618	0.51912	0.08426	0.01555	0.00694	0.00219	0.00362	0.15703	0.00502	0.00468
18	0.01297	0.26645	0.48554	0.01339	0.02000	0.05806	0.01595	0.01751	0.01172	0.03859	0.00939	0.01079	0.00714	0.00509	0.00466	0.00154	0.00737	0.00370	0.00247	0.00767
19	0.00707	0.00536	0.00663	0.00782	0.00823	0.02582	0.00529	0.00806	0.01062	0.01396	0.02943	0.76628	0.03516	0.01672	0.00692	0.00220	0.00339	0.03156	0.00500	0.00449
20	0.02219	0.00878	0.01192	0.00931	0.01313	0.00762	0.00762	0.02436	0.01558	0.67569	0.12314	0.02156	0.01864	0.00734	0.00561	0.00169	0.00436	0.00608	0.00665	0.00872
21	0.08917	0.49627	0.18204	0.01121	0.03253	0.01832	0.01151	0.07486	0.01218	0.01660	0.00853	0.00978	0.00709	0.00496	0.00403	0.00138	0.00618	0.00335	0.00267	0.00733
22	0.03192	0.26171	0.10037	0.07301	0.02001	0.01621	0.19051	0.01555	0.01083	0.01479	0.00902	0.01211	0.00762	0.00739	0.04241	0.00204	0.17068	0.00453	0.00250	0.00679
23	0.00650	0.00553	0.00560	0.00558	0.00740	0.00463	0.00419	0.00793	0.01256	0.01505	0.08717	0.05194	0.74004	0.01369	0.00644	0.00184	0.00275	0.01143	0.00510	0.00463
24	0.00875	0.00622	0.00779	0.00737	0.00888	0.00596	0.00553	0.01230	0.08606	0.05028	0.55903	0.11437	0.08372	0.01135	0.00636	0.00178	0.00289	0.00998	0.00584	0.00554
25	0.14873	0.03514	0.01508	0.01153	0.01564	0.04586	0.00951	0.54335	0.04343	0.06077	0.01251	0.01262	0.00899	0.00626	0.00506	0.00163	0.00576	0.00456	0.00500	0.00856
26	0.00844	0.00646	0.00905	0.00870	0.00956	0.00752	0.00664	0.01005	0.00878	0.01286	0.01423	0.02234	0.01379	0.15666	0.53001	0.00699	0.09219	0.00595	0.03850	0.03127
27	0.12390	0.00925	0.01167	0.00919	0.01310	0.00850	0.00755	0.02444	0.03434	0.62010	0.03836	0.01803	0.01361	0.00665	0.00519	0.00168	0.00445	0.00529	0.03610	0.00859
28	0.01322	0.01324	0.04581	0.07861	0.70638	0.01289	0.01674	0.01658	0.01229	0.01756	0.01021	0.01349	0.00850	0.00490	0.00539	0.00163	0.00657	0.00483	0.00267	0.00846
29	0.01146	0.00980	0.01142	0.00849	0.01288	0.00808	0.00678	0.02965	0.06031	0.01833	0.03430	0.01365	0.02509	0.00490	0.00476	0.00099	0.03115	0.00387	0.00352	0.70056
