[name]
unknown

[dist]
# distance from previous block
# <min> <max>
0	16

[block]
# block no. 0 follows, 46 sequences, length 46
# corresponding to MSA columns:
# 16-61
name=unknown_A
#
# <colnr> <probs for GDERKNQSTAVLIFYWHMCP>
#	G	D	E	R	K	N	Q	S	T	A	V	L	I	F	Y	W	H	M	C	P
0	0.07430	0.01021	0.08560	0.00997	0.03109	0.00865	0.02893	0.05564	0.08319	0.20137	0.17972	0.02699	0.08038	0.00833	0.00556	0.00173	0.00441	0.06991	0.02716	0.00687
1	0.64649	0.01062	0.01068	0.03015	0.03635	0.01181	0.06275	0.03054	0.03028	0.05592	0.00886	0.01014	0.00672	0.00501	0.00380	0.00163	0.00464	0.00345	0.00342	0.02673
2	0.07965	0.03664	0.01457	0.02787	0.05694	0.32794	0.00980	0.25318	0.01688	0.02056	0.01217	0.02679	0.02949	0.00723	0.02394	0.00171	0.00727	0.03668	0.00374	0.00697
3	0.00657	0.00473	0.00627	0.00737	0.00780	0.00437	0.00494	0.00753	0.01014	0.01360	0.02859	0.78862	0.03421	0.01621	0.00667	0.00211	0.00309	0.01470	0.00486	0.02761
4	0.01728	0.01459	0.01420	0.01176	0.01533	0.10228	0.00939	0.38597	0.32255	0.02655	0.01572	0.01515	0.01161	0.00658	0.00527	0.00164	0.00558	0.00509	0.00504	0.00842
5	0.01612	0.05415	0.01545	0.03568	0.04027	0.01132	0.06449	0.22644	0.01573	0.15831	0.01237	0.01298	0.00905	0.00521	0.00478	0.00131	0.00519	0.00429	0.00422	0.30264
6	0.01368	0.33436	0.30860	0.01312	0.04272	0.03408	0.06068	0.01727	0.01152	0.08828	0.00974	0.01099	0.00749	0.00502	0.00473	0.00147	0.02234	0.00379	0.00271	0.00742
7	0.01270	0.01460	0.03069	0.02201	0.02728	0.03774	0.73853	0.01706	0.01256	0.01681	0.01062	0.01411	0.00798	0.00449	0.00619	0.00177	0.00893	0.00615	0.00268	0.00710
8	0.00707	0.00536	0.00761	0.03490	0.06610	0.00516	0.00607	0.00828	0.01038	0.01394	0.04337	0.70893	0.03241	0.01519	0.00658	0.00208	0.00342	0.01381	0.00467	0.00466
9	0.01367	0.09601	0.11837	0.04605	0.02205	0.07546	0.32675	0.10447	0.01318	0.01743	0.00973	0.01241	0.00758	0.00546	0.00694	0.00171	0.10784	0.00496	0.00283	0.00711
10	0.00972	0.00672	0.00747	0.00690	0.00762	0.00698	0.00441	0.13412	0.01065	0.01423	0.01647	0.06084	0.01812	0.64833	0.02251	0.00442	0.00516	0.00748	0.00362	0.00421
11	0.00767	0.00518	0.00606	0.00606	0.00616	0.00529	0.00357	0.00788	0.00778	0.01047	0.01639	0.03310	0.01857	0.73038	0.10985	0.00549	0.00610	0.00747	0.00316	0.00337
12	0.01566	0.22691	0.17168	0.01273	0.01668	0.34167	0.01190	0.03586	0.01267	0.01403	0.00820	0.00987	0.00685	0.00554	0.00577	0.00147	0.08981	0.00351	0.00253	0.00666
13	0.01950	0.01385	0.01519	0.01211	0.02945	0.01517	0.00976	0.59905	0.10937	0.09991	0.01440	0.01399	0.01017	0.00643	0.00530	0.00161	0.00552	0.00495	0.00537	0.00891
14	0.01442	0.06148	0.08178	0.01813	0.02258	0.23318	0.41329	0.01780	0.01275	0.01532	0.00951	0.01224	0.00746	0.00505	0.00619	0.00165	0.05276	0.00500	0.00261	0.00681
15	0.85155	0.01022	0.00777	0.00695	0.01022	0.01186	0.00573	0.01554	0.00900	0.02372	0.00736	0.00859	0.00573	0.00491	0.00327	0.00164	0.00409	0.00286	0.00327	0.00573
16	0.00757	0.00558	0.00804	0.00804	0.00883	0.00636	0.00605	0.00915	0.00836	0.01194	0.01457	0.02305	0.01421	0.16772	0.66655	0.00794	0.01267	0.00600	0.00289	0.00447
17	0.00654	0.00470	0.00615	0.00718	0.00759	0.00437	0.00481	0.00754	0.01040	0.01388	0.07510	0.70542	0.06521	0.04489	0.00742	0.00221	0.00309	0.01428	0.00490	0.00430
18	0.00746	0.00539	0.00705	0.00667	0.00789	0.00497	0.00499	0.00992	0.01485	0.02102	0.76127	0.05716	0.04954	0.01094	0.00625	0.00167	0.00251	0.00969	0.00580	0.00497
19	0.00665	0.00521	0.00609	0.00669	0.00789	0.00465	0.00499	0.00801	0.01141	0.01424	0.04144	0.31121	0.41431	0.01465	0.00657	0.00200	0.00314	0.12149	0.00490	0.00447
20	0.03805	0.09941	0.63300	0.01370	0.02083	0.01268	0.01712	0.01636	0.01104	0.01660	0.00921	0.01081	0.00676	0.00489	0.00473	0.00156	0.00720	0.00371	0.00234	0.06999
21	0.04495	0.07410	0.01629	0.01167	0.01581	0.01633	0.00973	0.66877	0.02300	0.03104	0.01248	0.02939	0.00928	0.00639	0.00512	0.00157	0.00569	0.00478	0.00499	0.00863
22	0.00768	0.00517	0.00597	0.00597	0.00604	0.00524	0.00346	0.00782	0.00775	0.01040	0.01647	0.03357	0.01877	0.75664	0.08387	0.00538	0.00580	0.00754	0.00318	0.00332
23	0.05673	0.01061	0.01300	0.01007	0.01406	0.01039	0.00830	0.23723	0.01746	0.51204	0.01773	0.01616	0.01160	0.00748	0.03041	0.00184	0.00517	0.00506	0.00593	0.00872
24	0.01875	0.03980	0.03243	0.03188	0.05068	0.05689	0.01043	0.59991	0.04064	0.02949	0.01233	0.01274	0.00896	0.00613	0.00516	0.00156	0.00599	0.00464	0.02304	0.00854
25	0.05649	0.03819	0.12616	0.01089	0.03543	0.02506	0.04675	0.05638	0.02181	0.14911	0.01158	0.01238	0.00859	0.00484	0.00452	0.00125	0.00517	0.00392	0.00366	0.37782
26	0.03120	0.21995	0.43059	0.01296	0.01915	0.03048	0.03670	0.07275	0.01244	0.07286	0.00999	0.01111	0.00737	0.00510	0.00465	0.00153	0.00688	0.00384	0.00283	0.00763
27	0.01074	0.05896	0.75644	0.01483	0.02251	0.01262	0.01911	0.01671	0.01114	0.01657	0.00940	0.01105	0.00670	0.00500	0.00496	0.00165	0.00773	0.00386	0.00223	0.00777
28	0.00704	0.00537	0.00604	0.00596	0.00750	0.00475	0.00452	0.00890	0.01297	0.01709	0.29408	0.04512	0.44238	0.01204	0.00610	0.00173	0.00270	0.04349	0.06755	0.00469
29	0.05512	0.14276	0.17442	0.10954	0.11655	0.07152	0.10741	0.01682	0.06789	0.01608	0.01071	0.03780	0.00880	0.00554	0.00523	0.00161	0.02623	0.00468	0.01430	0.00701
30	0.13774	0.05241	0.12541	0.01059	0.01490	0.01228	0.00976	0.21610	0.08685	0.22243	0.02855	0.01431	0.01060	0.00639	0.00531	0.02388	0.00526	0.00462	0.00468	0.00793
31	0.00795	0.00568	0.00786	0.00908	0.01005	0.00559	0.00752	0.00996	0.01161	0.01518	0.02831	0.26643	0.03167	0.01514	0.00715	0.00235	0.00437	0.54450	0.00488	0.00471
32	0.00939	0.00848	0.01349	0.57876	0.02886	0.01010	0.01241	0.01272	0.02589	0.01410	0.01754	0.02505	0.10268	0.00761	0.00569	0.00186	0.00616	0.11052	0.00307	0.00561
33	0.01340	0.17631	0.02131	0.06495	0.49352	0.07396	0.01380	0.01607	0.01189	0.01565	0.01009	0.02970	0.00895	0.00524	0.00491	0.00151	0.00634	0.02218	0.00264	0.00758
34	0.01020	0.00970	0.01655	0.73985	0.03535	0.01187	0.05349	0.01407	0.03090	0.01391	0.00979	0.01425	0.00734	0.00529	0.00534	0.00176	0.00707	0.00481	0.00245	0.00600
35	0.00845	0.00606	0.00843	0.00961	0.01084	0.00604	0.00839	0.01085	0.01217	0.01578	0.02874	0.05938	0.05226	0.01457	0.00727	0.00242	0.00480	0.72423	0.00487	0.00486
36	0.01550	0.35000	0.24612	0.01137	0.01671	0.04129	0.02991	0.01864	0.01208	0.19522	0.01126	0.01167	0.00827	0.00517	0.00444	0.00143	0.00622	0.00383	0.00328	0.00759
37	0.03843	0.04028	0.36061	0.03215	0.02282	0.01269	0.28760	0.01599	0.01146	0.01668	0.03490	0.03266	0.00925	0.00553	0.00620	0.00175	0.05604	0.00521	0.00262	0.00713
38	0.00654	0.00467	0.00625	0.00748	0.00783	0.00438	0.00509	0.00754	0.01022	0.01361	0.02908	0.77333	0.03474	0.01646	0.00678	0.00216	0.00316	0.05144	0.00491	0.00432
39	0.00666	0.00480	0.00631	0.00714	0.00770	0.00445	0.00490	0.00794	0.01124	0.01520	0.19281	0.61862	0.06218	0.01521	0.00662	0.00203	0.00293	0.01372	0.00511	0.00445
40	0.01416	0.40212	0.05722	0.07031	0.01711	0.08092	0.08144	0.01683	0.03712	0.06735	0.01001	0.03454	0.00852	0.00567	0.00551	0.00147	0.07593	0.00418	0.00283	0.00679
41	0.32566	0.15304	0.19527	0.01197	0.03646	0.03772	0.08989	0.01645	0.01060	0.04326	0.00872	0.01030	0.00675	0.00501	0.00459	0.00158	0.02948	0.00365	0.00284	0.00673
42	0.00811	0.00545	0.00611	0.00598	0.00613	0.00551	0.00344	0.03331	0.00827	0.01103	0.01652	0.03385	0.01887	0.78682	0.02617	0.00501	0.00515	0.00759	0.00327	0.00340
43	0.01413	0.81739	0.02770	0.00905	0.01357	0.02092	0.00905	0.01583	0.01074	0.01244	0.00735	0.00848	0.00678	0.00452	0.00339	0.00113	0.00565	0.00283	0.00226	0.00678
44	0.21105	0.00727	0.00725	0.00637	0.00875	0.00730	0.00497	0.02444	0.01061	0.04409	0.01342	0.01615	0.01087	0.04449	0.04469	0.00182	0.00393	0.00430	0.37963	0.14859
45	0.01952	0.03683	0.01501	0.01130	0.01540	0.01437	0.00932	0.50959	0.10196	0.16300	0.01481	0.01419	0.01037	0.00634	0.00520	0.00158	0.00535	0.00488	0.00536	0.03564

[dist]
# distance from previous block
# <min> <max>
0	3

[block]
# block no. 1 follows, 46 sequences, length 29
# corresponding to MSA columns:
# 65-93
name=unknown_B
#
# <colnr> <probs for GDERKNQSTAVLIFYWHMCP>
#	G	D	E	R	K	N	Q	S	T	A	V	L	I	F	Y	W	H	M	C	P
0	0.05076	0.01101	0.01269	0.01005	0.01372	0.02873	0.00814	0.24478	0.07771	0.38480	0.04528	0.01766	0.01336	0.04886	0.00639	0.00181	0.00493	0.00535	0.00567	0.00831
1	0.01953	0.04428	0.01589	0.01185	0.01593	0.04292	0.00979	0.66677	0.02342	0.04983	0.03840	0.01346	0.01031	0.00640	0.00523	0.00157	0.00580	0.00482	0.00514	0.00867
2	0.00674	0.00537	0.00603	0.00587	0.00744	0.00467	0.00440	0.00853	0.01320	0.01702	0.34038	0.04637	0.49056	0.01237	0.00624	0.00174	0.00261	0.01053	0.00527	0.00467
3	0.00769	0.00513	0.00577	0.00577	0.00577	0.00513	0.00320	0.00769	0.00769	0.01025	0.01666	0.03460	0.01922	0.81421	0.02691	0.00513	0.00513	0.00769	0.00320	0.00320
4	0.02010	0.01481	0.01587	0.01216	0.01639	0.01639	0.01005	0.76360	0.02486	0.03332	0.01269	0.01269	0.00899	0.00635	0.00529	0.00159	0.00582	0.00476	0.00529	0.00899
5	0.01351	0.01154	0.01216	0.01083	0.01389	0.01332	0.00846	0.06645	0.73273	0.02270	0.02106	0.01936	0.01576	0.00713	0.00537	0.00178	0.00427	0.00591	0.00537	0.00840
6	0.01268	0.01200	0.01981	0.04520	0.66705	0.01214	0.01497	0.01660	0.06576	0.01762	0.04017	0.01533	0.02634	0.00530	0.00530	0.00160	0.00593	0.00511	0.00297	0.00812
7	0.01811	0.22135	0.01838	0.01318	0.04374	0.57271	0.01015	0.01962	0.01382	0.01297	0.00803	0.00940	0.00686	0.00519	0.00444	0.00131	0.00845	0.00331	0.00261	0.00637
8	0.01227	0.01364	0.02776	0.02036	0.02448	0.01401	0.59040	0.01597	0.01148	0.01597	0.00984	0.01364	0.00777	0.00555	0.00878	0.00190	0.19087	0.00587	0.00259	0.00682
9	0.01205	0.01224	0.02311	0.14159	0.17614	0.01218	0.36100	0.04118	0.04039	0.01734	0.04673	0.03542	0.01089	0.00538	0.00575	0.00169	0.00718	0.00589	0.00302	0.04084
10	0.01295	0.01397	0.06709	0.05606	0.16557	0.04130	0.38210	0.01676	0.02452	0.05650	0.01144	0.04332	0.00924	0.00558	0.00670	0.00177	0.06919	0.00580	0.00293	0.00722
11	0.01108	0.00915	0.00980	0.02473	0.01147	0.06769	0.00707	0.07522	0.19669	0.04385	0.09034	0.35719	0.02535	0.01132	0.00637	0.00189	0.03003	0.00978	0.00489	0.00610
12	0.01336	0.01159	0.01421	0.01576	0.18931	0.01286	0.01029	0.07427	0.50765	0.02144	0.01861	0.01982	0.01463	0.00694	0.00544	0.00176	0.00481	0.04430	0.00471	0.00823
13	0.01544	0.63477	0.02482	0.01003	0.01421	0.16078	0.00931	0.05302	0.01219	0.01354	0.00776	0.00888	0.00690	0.00478	0.00373	0.00119	0.00637	0.00303	0.00249	0.00677
14	0.01543	0.52945	0.08734	0.01072	0.01512	0.18232	0.01023	0.06879	0.01265	0.01435	0.00807	0.00922	0.00694	0.00489	0.00395	0.00126	0.00666	0.00317	0.00257	0.00688
15	0.00822	0.00659	0.00956	0.00918	0.00990	0.00807	0.00717	0.00985	0.00837	0.01220	0.01316	0.02026	0.01262	0.09011	0.61181	0.00725	0.14248	0.00564	0.00277	0.00479
16	0.00769	0.00513	0.00577	0.00577	0.00577	0.00513	0.00320	0.00769	0.00769	0.01025	0.01666	0.03460	0.01922	0.81421	0.02691	0.00513	0.00513	0.00769	0.00320	0.00320
17	0.00756	0.00529	0.00679	0.00686	0.00723	0.00562	0.00455	0.00831	0.00813	0.01119	0.01649	0.07638	0.01797	0.48197	0.30677	0.00618	0.00831	0.00739	0.00317	0.00383
18	0.01278	0.11608	0.43134	0.01742	0.15126	0.12219	0.04400	0.01716	0.01184	0.01581	0.00918	0.01107	0.00706	0.00495	0.00488	0.00155	0.00758	0.00394	0.00239	0.00753
19	0.02010	0.01481	0.01587	0.01216	0.01639	0.01639	0.01005	0.76360	0.02486	0.03332	0.01269	0.01269	0.00899	0.00635	0.00529	0.00159	0.00582	0.00476	0.00529	0.00899
20	0.02264	0.00876	0.01192	0.00922	0.01312	0.00759	0.00759	0.02472	0.01512	0.73427	0.07108	0.01942	0.01553	0.00683	0.00538	0.00164	0.00437	0.00560	0.00650	0.00873
21	0.01127	0.07006	0.70529	0.01467	0.02203	0.05359	0.01848	0.01692	0.01134	0.01631	0.00930	0.01093	0.00671	0.00502	0.00492	0.00163	0.00779	0.00382	0.00226	0.00767
22	0.01564	0.01763	0.01827	0.08735	0.39754	0.34188	0.01356	0.01806	0.01316	0.01513	0.00915	0.01167	0.00761	0.00507	0.00504	0.00150	0.00772	0.00416	0.00264	0.00722
23	0.00640	0.00536	0.00556	0.00551	0.00723	0.00453	0.00413	0.00788	0.01240	0.01512	0.14099	0.04950	0.69113	0.01308	0.00625	0.00177	0.00266	0.01096	0.00502	0.00453
24	0.02010	0.01481	0.01587	0.01216	0.01639	0.01639	0.01005	0.76360	0.02486	0.03332	0.01269	0.01269	0.00899	0.00635	0.00529	0.00159	0.00582	0.00476	0.00529	0.00899
25	0.00769	0.00513	0.00577	0.00577	0.00577	0.00513	0.00320	0.00769	0.00769	0.01025	0.01666	0.03460	0.01922	0.81421	0.02691	0.00513	0.00513	0.00769	0.00320	0.00320
26	0.00769	0.00513	0.00577	0.00577	0.00577	0.00513	0.00320	0.00769	0.00769	0.01025	0.01666	0.03460	0.01922	0.81421	0.02691	0.00513	0.00513	0.00769	0.00320	0.00320
27	0.00785	0.00507	0.00589	0.00589	0.00589	0.00507	0.00336	0.00760	0.00760	0.01013	0.01584	0.03256	0.01812	0.72676	0.02622	0.09755	0.00507	0.00735	0.00310	0.00310
28	0.01060	0.02735	0.78682	0.01507	0.02288	0.01228	0.01953	0.01674	0.01116	0.01674	0.00949	0.01116	0.00670	0.00502	0.00502	0.00167	0.00781	0.00391	0.00223	0.00781

[dist]
# distance from previous block
# <min> <max>
0	3

[block]
# block no. 2 follows, 46 sequences, length 63
# corresponding to MSA columns:
# 97-159
name=unknown_C
#
# <colnr> <probs for GDERKNQSTAVLIFYWHMCP>
#	G	D	E	R	K	N	Q	S	T	A	V	L	I	F	Y	W	H	M	C	P
0	0.01060	0.02735	0.78682	0.01507	0.02288	0.01228	0.01953	0.01674	0.01116	0.01674	0.00949	0.01116	0.00670	0.00502	0.00502	0.00167	0.00781	0.00391	0.00223	0.00781
1	0.01317	0.01291	0.02078	0.08510	0.69511	0.04751	0.01585	0.01625	0.01207	0.01681	0.00983	0.01300	0.00821	0.00478	0.00522	0.00157	0.00648	0.00465	0.00260	0.00810
2	0.02372	0.00900	0.01227	0.00941	0.01350	0.00777	0.00777	0.02576	0.01513	0.78489	0.02086	0.01799	0.01309	0.00654	0.00532	0.00164	0.00450	0.00532	0.00654	0.00900
3	0.00768	0.00515	0.00588	0.00588	0.00592	0.00519	0.00335	0.00776	0.00772	0.01034	0.01655	0.03401	0.01897	0.78162	0.05916	0.00527	0.00551	0.00760	0.00319	0.00327
4	0.51653	0.27139	0.01456	0.00786	0.01157	0.01465	0.00698	0.01650	0.03432	0.05416	0.00842	0.00933	0.00673	0.00493	0.00347	0.00148	0.00462	0.00306	0.00316	0.00630
5	0.01364	0.53667	0.24208	0.01096	0.01633	0.05060	0.01203	0.01660	0.01117	0.03587	0.00838	0.00956	0.00694	0.00476	0.00397	0.00131	0.00640	0.00323	0.00240	0.00711
6	0.01450	0.76599	0.02688	0.00934	0.01375	0.07101	0.00912	0.01617	0.01102	0.01247	0.00740	0.00855	0.00679	0.00458	0.00348	0.00115	0.00591	0.00286	0.00229	0.00674
7	0.78062	0.01015	0.00845	0.07392	0.01243	0.01185	0.00648	0.01537	0.00913	0.02286	0.00753	0.00905	0.00584	0.00494	0.00344	0.00165	0.00434	0.00302	0.00319	0.00574
8	0.01528	0.01775	0.06187	0.01512	0.15737	0.39038	0.01036	0.01752	0.01312	0.01553	0.01150	0.01344	0.02387	0.00567	0.00490	0.00142	0.02260	0.00420	0.19175	0.00634
9	0.00644	0.00460	0.00613	0.00736	0.00767	0.00429	0.00491	0.00736	0.01012	0.01350	0.02914	0.81076	0.03497	0.01656	0.00675	0.00215	0.00307	0.01503	0.00491	0.00429
10	0.01247	0.01198	0.02042	0.10364	0.65958	0.01214	0.03194	0.01560	0.01191	0.01677	0.01187	0.01490	0.04282	0.00515	0.00531	0.00160	0.00625	0.00503	0.00270	0.00793
11	0.01232	0.01397	0.03020	0.02170	0.02678	0.01327	0.72233	0.01660	0.01229	0.01673	0.01095	0.03060	0.00854	0.00486	0.00661	0.00181	0.03433	0.00637	0.00271	0.00703
12	0.03279	0.04598	0.01212	0.00834	0.01289	0.00850	0.00680	0.06570	0.01232	0.10587	0.01079	0.01172	0.00841	0.00443	0.00413	0.00097	0.00419	0.00347	0.00363	0.63694
13	0.01308	0.01256	0.02146	0.03245	0.78123	0.01256	0.01622	0.01622	0.01204	0.01727	0.00994	0.01308	0.00837	0.00471	0.00523	0.00157	0.00628	0.00471	0.00262	0.00837
14	0.01152	0.02119	0.44001	0.01936	0.09809	0.01270	0.28711	0.01676	0.01172	0.01686	0.00997	0.01247	0.00734	0.00479	0.00548	0.00170	0.00806	0.00483	0.00243	0.00762
15	0.00644	0.00462	0.00611	0.00730	0.00765	0.00430	0.00488	0.00737	0.01018	0.01352	0.02986	0.78841	0.05685	0.01647	0.00673	0.00214	0.00306	0.01491	0.00491	0.00430
16	0.02010	0.01481	0.01587	0.01216	0.01639	0.01639	0.01005	0.76360	0.02486	0.03332	0.01269	0.01269	0.00899	0.00635	0.00529	0.00159	0.00582	0.00476	0.00529	0.00899
17	0.00626	0.00532	0.00539	0.00546	0.00717	0.00445	0.00406	0.00758	0.01195	0.01424	0.05232	0.08924	0.74152	0.01355	0.00627	0.00180	0.00270	0.01135	0.00491	0.00445
18	0.01975	0.02520	0.01498	0.01362	0.01634	0.79299	0.01021	0.02111	0.01498	0.01294	0.00817	0.00953	0.00681	0.00545	0.00477	0.00136	0.00953	0.00340	0.00272	0.00613
19	0.01308	0.01256	0.02146	0.03245	0.78123	0.01256	0.01622	0.01622	0.01204	0.01727	0.00994	0.01308	0.00837	0.00471	0.00523	0.00157	0.00628	0.00471	0.00262	0.00837
20	0.00795	0.00551	0.00722	0.00673	0.00806	0.00507	0.00507	0.01043	0.01497	0.04314	0.75668	0.03887	0.04882	0.01069	0.00621	0.00166	0.00255	0.00944	0.00584	0.00510
21	0.85155	0.01022	0.00777	0.00695	0.01022	0.01186	0.00573	0.01554	0.00900	0.02372	0.00736	0.00859	0.00573	0.00491	0.00327	0.00164	0.00409	0.00286	0.00327	0.00573
22	0.01157	0.01157	0.01619	0.01388	0.01388	0.01619	0.01157	0.01272	0.00810	0.01272	0.00694	0.01157	0.00694	0.00925	0.01735	0.00231	0.80453	0.00463	0.00231	0.00578
23	0.02339	0.03660	0.01280	0.00939	0.01350	0.00822	0.00781	0.02542	0.01498	0.75852	0.02040	0.01767	0.01287	0.00647	0.00525	0.00162	0.00454	0.00523	0.00640	0.00892
24	0.00654	0.00467	0.00624	0.00747	0.00782	0.00438	0.00507	0.00752	0.01021	0.01360	0.02909	0.77655	0.03476	0.01647	0.00677	0.00216	0.00315	0.04830	0.00491	0.00432
25	0.01177	0.01164	0.01618	0.01384	0.01394	0.01620	0.01153	0.03043	0.00849	0.01321	0.00708	0.01159	0.00699	0.00918	0.01706	0.00230	0.78570	0.00463	0.00238	0.00586
26	0.03968	0.10753	0.68261	0.01418	0.02150	0.01315	0.01799	0.01661	0.01104	0.01654	0.00920	0.01080	0.00667	0.00497	0.00480	0.00162	0.00747	0.00376	0.00227	0.00764
27	0.00810	0.00700	0.00915	0.01082	0.10409	0.02489	0.00694	0.00946	0.01080	0.01421	0.04475	0.41439	0.20249	0.01320	0.00752	0.00198	0.08948	0.01135	0.00431	0.00505
28	0.01373	0.72750	0.11407	0.00973	0.01463	0.01994	0.01024	0.01593	0.01079	0.01293	0.00759	0.00879	0.00677	0.00458	0.00358	0.00119	0.00590	0.00295	0.00226	0.00690
29	0.01169	0.00937	0.01104	0.00792	0.01258	0.00709	0.00635	0.01402	0.01120	0.06099	0.01005	0.01136	0.00813	0.00406	0.00400	0.00083	0.00395	0.00326	0.00333	0.79878
30	0.00892	0.00665	0.04286	0.00727	0.00902	0.00547	0.00584	0.01132	0.01416	0.08905	0.55767	0.11220	0.08735	0.01088	0.00615	0.00172	0.00299	0.00955	0.00558	0.00538
31	0.00767	0.00518	0.00603	0.00603	0.00612	0.00527	0.00354	0.00786	0.00777	0.01045	0.01641	0.03325	0.01863	0.73863	0.10169	0.00545	0.00601	0.00749	0.00317	0.00335
32	0.01363	0.01369	0.01950	0.16000	0.53253	0.11060	0.01500	0.04190	0.01260	0.01664	0.00972	0.01280	0.00797	0.00496	0.00519	0.00158	0.00680	0.00455	0.00268	0.00769
33	0.03237	0.03136	0.12688	0.02534	0.50630	0.04548	0.01513	0.08703	0.03026	0.03457	0.01044	0.01269	0.00831	0.00503	0.00511	0.00158	0.00644	0.00451	0.00297	0.00818
34	0.00785	0.00548	0.00597	0.00593	0.00606	0.01818	0.00341	0.00801	0.00822	0.01086	0.05089	0.03471	0.03523	0.74964	0.02522	0.00484	0.00503	0.00777	0.00334	0.00336
35	0.01850	0.01308	0.01411	0.01112	0.01490	0.01436	0.00909	0.55862	0.11035	0.07658	0.01467	0.01453	0.01053	0.00644	0.00514	0.00158	0.00522	0.00495	0.08772	0.00852
36	0.01351	0.02888	0.01220	0.06140	0.01360	0.02672	0.03191	0.29007	0.01537	0.02148	0.01362	0.01807	0.01151	0.12500	0.10267	0.00287	0.03359	0.00528	0.16585	0.00639
37	0.06134	0.01458	0.01546	0.01191	0.01609	0.01617	0.00983	0.72650	0.02407	0.03284	0.01243	0.01249	0.00883	0.00627	0.00519	0.00159	0.00573	0.00467	0.00519	0.00883
38	0.05062	0.13789	0.38180	0.03202	0.05139	0.06664	0.02908	0.09043	0.01300	0.08466	0.01034	0.01150	0.00756	0.00522	0.00478	0.00156	0.00691	0.00397	0.00302	0.00764
39	0.01375	0.01429	0.05488	0.02800	0.59820	0.07747	0.03918	0.05883	0.01298	0.01772	0.01096	0.01359	0.02602	0.00507	0.00524	0.00157	0.00659	0.00477	0.00281	0.00807
40	0.00793	0.00571	0.00681	0.00665	0.00795	0.00535	0.00488	0.01016	0.04579	0.03935	0.32161	0.08090	0.23173	0.14449	0.00968	0.00234	0.00329	0.05554	0.00504	0.00478
41	0.01959	0.01342	0.01484	0.01184	0.03090	0.01456	0.00952	0.58479	0.06183	0.12550	0.01432	0.01404	0.01006	0.00637	0.00523	0.00159	0.00543	0.00490	0.04252	0.00877
42	0.15884	0.01375	0.01434	0.02951	0.01561	0.03056	0.00938	0.54865	0.02070	0.06442	0.01182	0.01218	0.00848	0.00617	0.00533	0.00162	0.03121	0.00444	0.00479	0.00821
43	0.00703	0.00510	0.00675	0.00783	0.00854	0.00482	0.00583	0.00845	0.01099	0.01442	0.05160	0.51518	0.09862	0.01559	0.00684	0.00218	0.00352	0.21729	0.00492	0.00449
44	0.00811	0.00520	0.00674	0.00730	0.00794	0.00492	0.00505	0.00916	0.01047	0.06420	0.08383	0.46157	0.03082	0.19049	0.01109	0.00276	0.00373	0.07743	0.00471	0.00447
45	0.01302	0.00955	0.01205	0.12853	0.01548	0.01055	0.02413	0.25650	0.01484	0.05496	0.03951	0.09908	0.01501	0.15843	0.05462	0.00274	0.04018	0.00659	0.03796	0.00627
46	0.02010	0.01481	0.01587	0.01216	0.01639	0.01639	0.01005	0.76360	0.02486	0.03332	0.01269	0.01269	0.00899	0.00635	0.00529	0.00159	0.00582	0.00476	0.00529	0.00899
47	0.00649	0.00464	0.00610	0.00724	0.00757	0.00434	0.00481	0.00738	0.01006	0.01336	0.02915	0.75660	0.05211	0.05339	0.00767	0.00228	0.00315	0.01460	0.00483	0.00425
48	0.76941	0.04900	0.00883	0.02450	0.01085	0.01210	0.00603	0.01542	0.00917	0.02284	0.00768	0.00901	0.00602	0.00493	0.00333	0.00160	0.00419	0.00296	0.02637	0.00576
49	0.00773	0.00593	0.00884	0.00874	0.00964	0.00704	0.00683	0.00959	0.00848	0.01229	0.01384	0.02036	0.01293	0.03829	0.75845	0.00822	0.04962	0.00562	0.00281	0.00477
50	0.01248	0.01225	0.02180	0.16037	0.55680	0.01253	0.11418	0.01586	0.01185	0.01659	0.00995	0.01341	0.00810	0.00477	0.00537	0.00163	0.00676	0.00491	0.00258	0.00779
51	0.02900	0.00954	0.01590	0.75287	0.06565	0.01178	0.01454	0.01366	0.01059	0.01389	0.00937	0.01393	0.00707	0.00525	0.00524	0.00175	0.00695	0.00466	0.00238	0.00597
52	0.01096	0.00940	0.01096	0.00783	0.01253	0.00705	0.00626	0.01331	0.01096	0.01723	0.00940	0.01096	0.00783	0.00392	0.00392	0.00078	0.00392	0.00313	0.00313	0.84653
53	0.01037	0.00607	0.00787	0.00704	0.00886	0.00545	0.00541	0.01267	0.01472	0.16208	0.56890	0.03659	0.11261	0.01026	0.00607	0.00167	0.00288	0.00893	0.00587	0.00568
54	0.02301	0.02187	0.00715	0.00634	0.00811	0.00539	0.00484	0.00982	0.01350	0.03612	0.42541	0.04077	0.31809	0.01113	0.00600	0.00166	0.00277	0.00951	0.00526	0.04326
55	0.00687	0.00556	0.00623	0.00656	0.00819	0.00491	0.00526	0.00851	0.01208	0.01470	0.04652	0.05329	0.57308	0.01372	0.00654	0.00196	0.00328	0.21326	0.00490	0.00457
56	0.01248	0.01426	0.03119	0.02228	0.02763	0.01337	0.76203	0.01693	0.01248	0.01693	0.01070	0.01426	0.00802	0.00446	0.00624	0.00178	0.00891	0.00624	0.00267	0.00713
57	0.02024	0.01458	0.01572	0.01205	0.01628	0.01605	0.00996	0.73416	0.02447	0.06331	0.01302	0.01290	0.00915	0.00635	0.00529	0.00159	0.00576	0.00478	0.00534	0.00899
58	0.00852	0.00608	0.00852	0.00974	0.01095	0.00608	0.00852	0.01095	0.01217	0.01582	0.02799	0.05963	0.03042	0.01460	0.00730	0.00243	0.00487	0.74565	0.00487	0.00487
59	0.00755	0.00566	0.00850	0.00850	0.00944	0.00661	0.00661	0.00944	0.00850	0.01227	0.01416	0.02077	0.01322	0.03965	0.79326	0.00850	0.01416	0.00566	0.00283	0.00472
60	0.00625	0.00536	0.00536	0.00536	0.00714	0.00446	0.00402	0.00759	0.01205	0.01428	0.05355	0.05088	0.77909	0.01339	0.00625	0.00179	0.00268	0.01116	0.00491	0.00446
61	0.00769	0.00513	0.00577	0.00577	0.00577	0.00513	0.00320	0.00769	0.00769	0.01025	0.01666	0.03460	0.01922	0.81421	0.02691	0.00513	0.00513	0.00769	0.00320	0.00320
62	0.01308	0.01256	0.02146	0.03245	0.78123	0.01256	0.01622	0.01622	0.01204	0.01727	0.00994	0.01308	0.00837	0.00471	0.00523	0.00157	0.00628	0.00471	0.00262	0.00837

[dist]
# distance from previous block
# <min> <max>
0	16

[block]
# block no. 3 follows, 46 sequences, length 97
# corresponding to MSA columns:
# 176-272
name=unknown_D
#
# <colnr> <probs for GDERKNQSTAVLIFYWHMCP>
#	G	D	E	R	K	N	Q	S	T	A	V	L	I	F	Y	W	H	M	C	P
0	0.01248	0.01426	0.03119	0.02228	0.02763	0.01337	0.76203	0.01693	0.01248	0.01693	0.01070	0.01426	0.00802	0.00446	0.00624	0.00178	0.00891	0.00624	0.00267	0.00713
1	0.01096	0.00940	0.01096	0.00783	0.01253	0.00705	0.00626	0.01331	0.01096	0.01723	0.00940	0.01096	0.00783	0.00392	0.00392	0.00078	0.00392	0.00313	0.00313	0.84653
2	0.85155	0.01022	0.00777	0.00695	0.01022	0.01186	0.00573	0.01554	0.00900	0.02372	0.00736	0.00859	0.00573	0.00491	0.00327	0.00164	0.00409	0.00286	0.00327	0.00573
3	0.00625	0.00536	0.00536	0.00536	0.00714	0.00446	0.00402	0.00759	0.01205	0.01428	0.05355	0.05088	0.77909	0.01339	0.00625	0.00179	0.00268	0.01116	0.00491	0.00446
4	0.85155	0.01022	0.00777	0.00695	0.01022	0.01186	0.00573	0.01554	0.00900	0.02372	0.00736	0.00859	0.00573	0.00491	0.00327	0.00164	0.00409	0.00286	0.00327	0.00573
5	0.85155	0.01022	0.00777	0.00695	0.01022	0.01186	0.00573	0.01554	0.00900	0.02372	0.00736	0.00859	0.00573	0.00491	0.00327	0.00164	0.00409	0.00286	0.00327	0.00573
6	0.01060	0.02735	0.78682	0.01507	0.02288	0.01228	0.01953	0.01674	0.01116	0.01674	0.00949	0.01116	0.00670	0.00502	0.00502	0.00167	0.00781	0.00391	0.00223	0.00781
7	0.00748	0.00540	0.00707	0.00665	0.00790	0.00499	0.00499	0.00998	0.01496	0.02120	0.77844	0.03949	0.04988	0.01081	0.00624	0.00166	0.00249	0.00956	0.00582	0.00499
8	0.00771	0.00565	0.00727	0.00682	0.00814	0.00532	0.00513	0.01071	0.04576	0.02124	0.74763	0.03869	0.04851	0.01066	0.00620	0.00167	0.00256	0.00941	0.00580	0.00513
9	0.01096	0.00940	0.01096	0.00783	0.01253	0.00705	0.00626	0.01331	0.01096	0.01723	0.00940	0.01096	0.00783	0.00392	0.00392	0.00078	0.00392	0.00313	0.00313	0.84653
10	0.01157	0.01157	0.01619	0.01388	0.01388	0.01619	0.01157	0.01272	0.00810	0.01272	0.00694	0.01157	0.00694	0.00925	0.01735	0.00231	0.80453	0.00463	0.00231	0.00578
11	0.01248	0.01426	0.03119	0.02228	0.02763	0.01337	0.76203	0.01693	0.01248	0.01693	0.01070	0.01426	0.00802	0.00446	0.00624	0.00178	0.00891	0.00624	0.00267	0.00713
12	0.01413	0.81739	0.02770	0.00905	0.01357	0.02092	0.00905	0.01583	0.01074	0.01244	0.00735	0.00848	0.00678	0.00452	0.00339	0.00113	0.00565	0.00283	0.00226	0.00678
13	0.01976	0.02476	0.01502	0.01356	0.01635	0.76012	0.01021	0.05254	0.01540	0.01380	0.00836	0.00967	0.00690	0.00549	0.00479	0.00137	0.00938	0.00346	0.00283	0.00625
14	0.01849	0.01401	0.01496	0.01184	0.01578	0.01564	0.00966	0.59322	0.19786	0.03072	0.01474	0.01432	0.01065	0.00654	0.00531	0.00163	0.00544	0.00504	0.00531	0.00885
15	0.00769	0.00513	0.00577	0.00577	0.00577	0.00513	0.00320	0.00769	0.00769	0.01025	0.01666	0.03460	0.01922	0.81421	0.02691	0.00513	0.00513	0.00769	0.00320	0.00320
16	0.00673	0.00485	0.00641	0.00741	0.00796	0.00453	0.00520	0.00796	0.01089	0.01455	0.11024	0.63305	0.06501	0.01565	0.00672	0.00211	0.00315	0.07816	0.00500	0.00443
17	0.00770	0.00558	0.00801	0.00801	0.00899	0.00635	0.00618	0.00958	0.00885	0.01296	0.01604	0.02215	0.04379	0.05104	0.67778	0.00753	0.01250	0.00586	0.07641	0.00470
18	0.01315	0.01136	0.01195	0.01076	0.01375	0.01315	0.00837	0.02809	0.77168	0.02211	0.02152	0.01972	0.01614	0.00717	0.00538	0.00179	0.00418	0.00598	0.00538	0.00837
19	0.01196	0.23772	0.54919	0.01340	0.02010	0.05038	0.01631	0.01670	0.01122	0.01542	0.00886	0.01037	0.00673	0.00491	0.00458	0.00152	0.00732	0.00360	0.00226	0.00746
20	0.01096	0.00940	0.01096	0.00783	0.01253	0.00705	0.00626	0.01331	0.01096	0.01723	0.00940	0.01096	0.00783	0.00392	0.00392	0.00078	0.00392	0.00313	0.00313	0.84653
21	0.01230	0.01076	0.01579	0.09426	0.04924	0.01025	0.14486	0.04791	0.14126	0.04828	0.01307	0.04487	0.01053	0.00544	0.00500	0.00139	0.00535	0.00502	0.00362	0.33080
22	0.01625	0.01290	0.01370	0.01139	0.01493	0.01460	0.00912	0.35621	0.43851	0.02711	0.01758	0.01659	0.01295	0.00680	0.00534	0.00170	0.00491	0.00543	0.00534	0.00865
23	0.00965	0.00497	0.00511	0.00508	0.00631	0.00493	0.00381	0.01211	0.01143	0.01984	0.08378	0.02144	0.01673	0.00657	0.00392	0.00127	0.00247	0.00533	0.77033	0.00493
24	0.01256	0.01081	0.01181	0.01130	0.04279	0.01235	0.00837	0.02582	0.67584	0.02117	0.02174	0.08861	0.01748	0.00790	0.00549	0.00182	0.00417	0.00672	0.00523	0.00801
25	0.85155	0.01022	0.00777	0.00695	0.01022	0.01186	0.00573	0.01554	0.00900	0.02372	0.00736	0.00859	0.00573	0.00491	0.00327	0.00164	0.00409	0.00286	0.00327	0.00573
26	0.00654	0.00469	0.00634	0.00746	0.00782	0.00450	0.00506	0.00754	0.00998	0.01339	0.02783	0.74171	0.03306	0.01858	0.07550	0.00270	0.00404	0.01421	0.00473	0.00433
27	0.00918	0.00459	0.00689	0.00689	0.00689	0.00459	0.00459	0.00689	0.00689	0.00918	0.00918	0.01607	0.00918	0.01837	0.02066	0.84619	0.00459	0.00459	0.00230	0.00230
28	0.00676	0.00471	0.00625	0.00729	0.00771	0.00441	0.00498	0.00749	0.01005	0.01327	0.02892	0.66028	0.08041	0.01643	0.00796	0.07591	0.00325	0.04510	0.00468	0.00415
29	0.02372	0.00900	0.01227	0.00941	0.01350	0.00777	0.00777	0.02576	0.01513	0.78489	0.02086	0.01799	0.01309	0.00654	0.00532	0.00164	0.00450	0.00532	0.00654	0.00900
30	0.00644	0.00460	0.00613	0.00736	0.00767	0.00429	0.00491	0.00736	0.01012	0.01350	0.02914	0.81076	0.03497	0.01656	0.00675	0.00215	0.00307	0.01503	0.00491	0.00429
31	0.01060	0.02735	0.78682	0.01507	0.02288	0.01228	0.01953	0.01674	0.01116	0.01674	0.00949	0.01116	0.00670	0.00502	0.00502	0.00167	0.00781	0.00391	0.00223	0.00781
32	0.01413	0.81739	0.02770	0.00905	0.01357	0.02092	0.00905	0.01583	0.01074	0.01244	0.00735	0.00848	0.00678	0.00452	0.00339	0.00113	0.00565	0.00283	0.00226	0.00678
33	0.02333	0.00962	0.01265	0.00970	0.01381	0.00869	0.00801	0.10479	0.01617	0.70439	0.01998	0.01743	0.01265	0.00652	0.00531	0.00163	0.00464	0.00526	0.00641	0.00900
34	0.01366	0.01243	0.01219	0.01098	0.01395	0.07364	0.00851	0.02755	0.71299	0.02140	0.02048	0.01893	0.01541	0.00704	0.00533	0.00176	0.00460	0.00578	0.00517	0.00819
35	0.00875	0.00773	0.00902	0.01028	0.11056	0.02036	0.00673	0.01285	0.14904	0.01636	0.06724	0.05682	0.45644	0.01101	0.00598	0.00178	0.00362	0.03502	0.00469	0.00574
36	0.00991	0.01003	0.07749	0.00964	0.02808	0.03941	0.02349	0.03205	0.20036	0.01929	0.29276	0.11818	0.09838	0.00972	0.00588	0.00175	0.00403	0.00843	0.00494	0.00619
37	0.01975	0.02520	0.01498	0.01362	0.01634	0.79299	0.01021	0.02111	0.01498	0.01294	0.00817	0.00953	0.00681	0.00545	0.00477	0.00136	0.00953	0.00340	0.00272	0.00613
38	0.85155	0.01022	0.00777	0.00695	0.01022	0.01186	0.00573	0.01554	0.00900	0.02372	0.00736	0.00859	0.00573	0.00491	0.00327	0.00164	0.00409	0.00286	0.00327	0.00573
39	0.00985	0.00493	0.00493	0.00493	0.00616	0.00493	0.00370	0.01232	0.01109	0.01971	0.01725	0.01971	0.01355	0.00616	0.00370	0.00123	0.00246	0.00493	0.84356	0.00493
40	0.00644	0.00460	0.00613	0.00736	0.00767	0.00429	0.00491	0.00736	0.01012	0.01350	0.02914	0.81076	0.03497	0.01656	0.00675	0.00215	0.00307	0.01503	0.00491	0.00429
41	0.00918	0.00459	0.00689	0.00689	0.00689	0.00459	0.00459	0.00689	0.00689	0.00918	0.00918	0.01607	0.00918	0.01837	0.02066	0.84619	0.00459	0.00459	0.00230	0.00230
42	0.02230	0.00868	0.01181	0.00916	0.01301	0.00753	0.00753	0.02438	0.01512	0.71814	0.08708	0.01987	0.01630	0.00692	0.00540	0.00164	0.00432	0.00569	0.00648	0.00865
43	0.00636	0.00533	0.00554	0.00555	0.00723	0.00450	0.00414	0.00779	0.01223	0.01485	0.11592	0.08086	0.68501	0.01329	0.00627	0.00179	0.00268	0.01118	0.00499	0.00450
44	0.01102	0.00945	0.01099	0.00791	0.01256	0.00721	0.00632	0.01370	0.03116	0.01736	0.00972	0.01120	0.00805	0.00400	0.00395	0.00081	0.00392	0.00321	0.00319	0.82427
45	0.70570	0.01109	0.04104	0.04571	0.07932	0.01193	0.00761	0.01556	0.00942	0.02241	0.00777	0.00934	0.00606	0.00491	0.00361	0.00164	0.00457	0.00315	0.00313	0.00605
46	0.02010	0.01481	0.01587	0.01216	0.01639	0.01639	0.01005	0.76360	0.02486	0.03332	0.01269	0.01269	0.00899	0.00635	0.00529	0.00159	0.00582	0.00476	0.00529	0.00899
47	0.01164	0.01177	0.01735	0.01453	0.01494	0.01598	0.06934	0.01305	0.00843	0.01305	0.00723	0.01177	0.00702	0.00888	0.01649	0.00227	0.74328	0.00475	0.00234	0.00589
48	0.01302	0.01250	0.02135	0.04765	0.76651	0.01254	0.01619	0.01617	0.01201	0.01720	0.00993	0.01310	0.00835	0.00472	0.00523	0.00157	0.00630	0.00471	0.00261	0.00832
49	0.01815	0.10201	0.01806	0.01507	0.06385	0.60055	0.07618	0.01992	0.01416	0.01350	0.00842	0.01006	0.00701	0.00522	0.00479	0.00139	0.00890	0.00368	0.00267	0.00642
50	0.85155	0.01022	0.00777	0.00695	0.01022	0.01186	0.00573	0.01554	0.00900	0.02372	0.00736	0.00859	0.00573	0.00491	0.00327	0.00164	0.00409	0.00286	0.00327	0.00573
51	0.00644	0.00460	0.00613	0.00736	0.00767	0.00429	0.00491	0.00736	0.01012	0.01350	0.02914	0.81076	0.03497	0.01656	0.00675	0.00215	0.00307	0.01503	0.00491	0.00429
52	0.00924	0.00702	0.01026	0.02958	0.16010	0.00671	0.00751	0.01183	0.01420	0.04953	0.56688	0.04814	0.03909	0.00944	0.00599	0.00166	0.00343	0.00845	0.00513	0.00581
53	0.00998	0.00940	0.01586	0.80150	0.03641	0.01175	0.01468	0.01351	0.01057	0.01351	0.00940	0.01409	0.00705	0.00529	0.00529	0.00176	0.00705	0.00470	0.00235	0.00587
54	0.01044	0.00986	0.01668	0.68875	0.14561	0.01186	0.01491	0.01391	0.01079	0.01406	0.00948	0.01395	0.00724	0.00520	0.00528	0.00173	0.00693	0.00470	0.00239	0.00624
55	0.00779	0.00527	0.00623	0.00646	0.00667	0.00526	0.00412	0.00822	0.00848	0.01125	0.01883	0.05829	0.02146	0.66287	0.02318	0.00461	0.00503	0.12896	0.00352	0.00350
56	0.00643	0.00515	0.00572	0.00608	0.00737	0.00448	0.00439	0.00769	0.01153	0.01429	0.07482	0.26852	0.50648	0.02946	0.00680	0.00196	0.00287	0.02663	0.00491	0.00442
57	0.01025	0.00967	0.01635	0.73428	0.10151	0.01182	0.01482	0.01374	0.01070	0.01384	0.00944	0.01401	0.00716	0.00524	0.00528	0.00175	0.00698	0.00470	0.00237	0.00609
58	0.30521	0.46747	0.08712	0.00884	0.01322	0.01701	0.00881	0.01581	0.01017	0.01674	0.00754	0.00875	0.00641	0.00470	0.00349	0.00135	0.00530	0.00293	0.00261	0.00651
59	0.08472	0.16245	0.58747	0.01332	0.02016	0.01373	0.01651	0.01648	0.01090	0.01661	0.00893	0.01047	0.00663	0.00493	0.00459	0.00158	0.00711	0.00363	0.00233	0.00745
60	0.04573	0.17441	0.09907	0.01360	0.04474	0.41266	0.04175	0.04612	0.03113	0.01489	0.00874	0.01019	0.00716	0.00529	0.00486	0.00142	0.02518	0.00363	0.00274	0.00669
61	0.74184	0.04632	0.00936	0.00750	0.01091	0.01266	0.00625	0.08094	0.01046	0.02406	0.00783	0.00894	0.00606	0.00502	0.00345	0.00161	0.00431	0.00303	0.00340	0.00606
62	0.00825	0.00626	0.00770	0.00719	0.00871	0.00614	0.00543	0.01248	0.12399	0.02103	0.63731	0.03714	0.07715	0.01040	0.00611	0.00169	0.00275	0.00911	0.00572	0.00545
63	0.01153	0.01080	0.01462	0.08240	0.05831	0.02667	0.01077	0.04308	0.10368	0.01489	0.01057	0.01460	0.00935	0.02577	0.12591	0.00306	0.41989	0.00499	0.00292	0.00619
64	0.00767	0.00519	0.00607	0.00607	0.00617	0.00529	0.00358	0.00788	0.00778	0.01048	0.01638	0.03306	0.01855	0.72810	0.11211	0.00550	0.00613	0.00746	0.00316	0.00337
65	0.01413	0.81739	0.02770	0.00905	0.01357	0.02092	0.00905	0.01583	0.01074	0.01244	0.00735	0.00848	0.00678	0.00452	0.00339	0.00113	0.00565	0.00283	0.00226	0.00678
66	0.01079	0.01027	0.01753	0.37852	0.15635	0.01177	0.10428	0.01394	0.01116	0.01538	0.07687	0.01607	0.01137	0.00609	0.00689	0.00177	0.10414	0.00531	0.03515	0.00633
67	0.01132	0.00981	0.01114	0.00803	0.01268	0.02235	0.00642	0.02925	0.01133	0.01748	0.00944	0.01097	0.00784	0.00400	0.00396	0.00081	0.00406	0.00317	0.00317	0.81275
68	0.01884	0.01400	0.01652	0.01257	0.01671	0.01511	0.07531	0.62171	0.02236	0.05951	0.01295	0.01398	0.00950	0.04237	0.00632	0.00175	0.00597	0.00501	0.00497	0.02452
69	0.01085	0.00928	0.01084	0.00782	0.01241	0.00698	0.00623	0.01316	0.01094	0.01713	0.00989	0.03115	0.00852	0.00423	0.00399	0.00082	0.00389	0.00343	0.00318	0.82527
70	0.01638	0.02771	0.09383	0.01112	0.01509	0.03024	0.00977	0.39652	0.14120	0.05315	0.01465	0.03091	0.01098	0.00643	0.00506	0.00157	0.00532	0.00502	0.09747	0.02756
71	0.00756	0.00565	0.00843	0.00843	0.00935	0.00657	0.00653	0.00940	0.00848	0.01222	0.01422	0.02110	0.01336	0.05808	0.77502	0.00842	0.01395	0.00571	0.00284	0.00468
72	0.01452	0.62282	0.09305	0.01050	0.01513	0.10625	0.03012	0.03050	0.01156	0.01338	0.00782	0.00907	0.00685	0.00470	0.00380	0.00123	0.00637	0.00311	0.00238	0.00685
73	0.01180	0.04477	0.02534	0.03795	0.06523	0.01232	0.50079	0.01549	0.01192	0.01628	0.01228	0.03581	0.01060	0.00658	0.02396	0.00192	0.03624	0.07055	0.00291	0.05725
74	0.01437	0.01449	0.04812	0.02788	0.60014	0.08395	0.01512	0.09869	0.01368	0.01862	0.01007	0.01265	0.00824	0.00497	0.00519	0.00156	0.00658	0.00457	0.00291	0.00822
75	0.01323	0.56371	0.20238	0.01059	0.01574	0.01824	0.01142	0.01711	0.07735	0.01428	0.00908	0.01008	0.00758	0.00487	0.00394	0.00131	0.00603	0.00335	0.00253	0.00716
76	0.00769	0.00513	0.00577	0.00577	0.00577	0.00513	0.00320	0.00769	0.00769	0.01025	0.01666	0.03460	0.01922	0.81421	0.02691	0.00513	0.00513	0.00769	0.00320	0.00320
77	0.00758	0.00546	0.00688	0.00649	0.00788	0.00495	0.00488	0.00988	0.01449	0.03426	0.64523	0.04096	0.16904	0.01115	0.00622	0.00168	0.00256	0.00974	0.00568	0.00498
78	0.01248	0.01000	0.01157	0.00839	0.01301	0.00815	0.00675	0.09988	0.01271	0.04727	0.01020	0.01142	0.00816	0.00429	0.00412	0.00091	0.00415	0.00340	0.00350	0.71964
79	0.00649	0.00512	0.00585	0.00619	0.00742	0.00448	0.00444	0.00786	0.01185	0.01503	0.15043	0.29313	0.43491	0.01403	0.00641	0.00188	0.00278	0.01217	0.00504	0.00448
80	0.01060	0.02735	0.78682	0.01507	0.02288	0.01228	0.01953	0.01674	0.01116	0.01674	0.00949	0.01116	0.00670	0.00502	0.00502	0.00167	0.00781	0.00391	0.00223	0.00781
81	0.00778	0.00606	0.02548	0.00751	0.00890	0.00539	0.00609	0.01034	0.01427	0.01994	0.59914	0.04317	0.04469	0.01149	0.00644	0.00183	0.00313	0.16779	0.00553	0.00503
82	0.01307	0.01261	0.02172	0.03218	0.76122	0.01258	0.03603	0.01624	0.01205	0.01726	0.00996	0.01312	0.00836	0.00470	0.00526	0.00158	0.00635	0.00475	0.00262	0.00834
83	0.02267	0.01062	0.03033	0.01011	0.01431	0.00968	0.00851	0.18023	0.01708	0.61018	0.01889	0.01673	0.01208	0.00647	0.00530	0.00163	0.00485	0.00517	0.00618	0.00897
84	0.85155	0.01022	0.00777	0.00695	0.01022	0.01186	0.00573	0.01554	0.00900	0.02372	0.00736	0.00859	0.00573	0.00491	0.00327	0.00164	0.00409	0.00286	0.00327	0.00573
85	0.01920	0.09615	0.01667	0.01164	0.01581	0.01628	0.00974	0.60931	0.07057	0.06229	0.01306	0.01294	0.00939	0.00622	0.00510	0.00156	0.00564	0.00466	0.00504	0.00873
86	0.00668	0.00475	0.00630	0.00745	0.00781	0.00449	0.00509	0.00767	0.01014	0.01348	0.02828	0.70340	0.03364	0.06518	0.00802	0.00235	0.00334	0.07284	0.00480	0.00427
87	0.00724	0.00539	0.00673	0.00640	0.00775	0.00489	0.00480	0.00951	0.01440	0.01985	0.63744	0.04170	0.19172	0.01131	0.00624	0.00169	0.00253	0.00987	0.00564	0.00489
88	0.00902	0.00569	0.00741	0.00695	0.00842	0.00517	0.00522	0.01120	0.01421	0.10163	0.56141	0.13262	0.08822	0.01121	0.00620	0.00173	0.00279	0.00987	0.00573	0.00530
89	0.00628	0.00525	0.00547	0.00564	0.00722	0.00444	0.00414	0.00755	0.01177	0.01417	0.05005	0.16009	0.67213	0.01384	0.00632	0.00184	0.00273	0.01171	0.00491	0.00444
90	0.01157	0.01157	0.01619	0.01388	0.01388	0.01619	0.01157	0.01272	0.00810	0.01272	0.00694	0.01157	0.00694	0.00925	0.01735	0.00231	0.80453	0.00463	0.00231	0.00578
91	0.85155	0.01022	0.00777	0.00695	0.01022	0.01186	0.00573	0.01554	0.00900	0.02372	0.00736	0.00859	0.00573	0.00491	0.00327	0.00164	0.00409	0.00286	0.00327	0.00573
92	0.01461	0.74987	0.02662	0.00944	0.01381	0.08672	0.00915	0.01628	0.01110	0.01248	0.00742	0.00857	0.00679	0.00460	0.00351	0.00115	0.00598	0.00288	0.00230	0.00673
93	0.00650	0.00465	0.00619	0.00732	0.00768	0.00433	0.00491	0.00751	0.01040	0.01394	0.07268	0.76594	0.03583	0.01623	0.00672	0.00212	0.00303	0.01471	0.00496	0.00433
94	0.00649	0.00536	0.00569	0.00561	0.00729	0.00457	0.00421	0.00805	0.01262	0.01563	0.19451	0.04866	0.63730	0.01289	0.00625	0.00176	0.00264	0.01085	0.00509	0.00457
95	0.01157	0.01157	0.01619	0.01388	0.01388	0.01619	0.01157	0.01272	0.00810	0.01272	0.00694	0.01157	0.00694	0.00925	0.01735	0.00231	0.80453	0.00463	0.00231	0.00578
96	0.01250	0.01419	0.03082	0.02267	0.05667	0.01334	0.73329	0.01691	0.01246	0.01695	0.01067	0.01421	0.00803	0.00447	0.00620	0.00177	0.00881	0.00618	0.00267	0.00718

[dist]
# distance from previous block
# <min> <max>
0	1

[block]
# block no. 4 follows, 46 sequences, length 33
# corresponding to MSA columns:
# 274-306
name=unknown_E
#
# <colnr> <probs for GDERKNQSTAVLIFYWHMCP>
#	G	D	E	R	K	N	Q	S	T	A	V	L	I	F	Y	W	H	M	C	P
0	0.02010	0.01481	0.01587	0.01216	0.01639	0.01639	0.01005	0.76360	0.02486	0.03332	0.01269	0.01269	0.00899	0.00635	0.00529	0.00159	0.00582	0.00476	0.00529	0.00899
1	0.00767	0.00518	0.00607	0.00607	0.00617	0.00529	0.00358	0.00788	0.00778	0.01047	0.01638	0.03307	0.01856	0.72870	0.11151	0.00550	0.00612	0.00746	0.00316	0.00337
