[name]
unknown

[dist]
# distance from previous block
# <min> <max>
0	72

[block]
# block no. 0 follows, 44 sequences, length 33
# corresponding to MSA columns:
# 82-114
name=unknown_A
#
# <colnr> <probs for GDERKNQSTAVLIFYWHMCP>
#	G	D	E	R	K	N	Q	S	T	A	V	L	I	F	Y	W	H	M	C	P
0	0.10887	0.11446	0.01143	0.00936	0.01147	0.00899	0.00812	0.01343	0.01203	0.07889	0.02304	0.11273	0.02410	0.01200	0.00628	0.00214	0.00483	0.42754	0.00461	0.00568
1	0.13131	0.40653	0.16277	0.01110	0.03714	0.03345	0.01098	0.03797	0.01193	0.09821	0.00973	0.01061	0.00763	0.00512	0.00414	0.00143	0.00600	0.00353	0.00305	0.00738
2	0.19451	0.00814	0.00941	0.00882	0.03252	0.00795	0.00675	0.03519	0.01298	0.16272	0.16484	0.11398	0.05985	0.00933	0.00551	0.00177	0.00397	0.08407	0.00499	0.07269
3	0.09170	0.01461	0.05071	0.04303	0.32108	0.10043	0.01286	0.15688	0.03778	0.04821	0.01230	0.01609	0.01013	0.00613	0.00531	0.00168	0.00642	0.05306	0.00365	0.00793
4	0.05229	0.06565	0.18219	0.08793	0.08129	0.04344	0.14302	0.01595	0.01165	0.01702	0.00986	0.01236	0.00776	0.00496	0.00532	0.00149	0.03029	0.00432	0.02659	0.19660
5	0.05588	0.01177	0.12045	0.01029	0.01482	0.00866	0.00948	0.02384	0.01458	0.59825	0.03391	0.04502	0.01376	0.00690	0.00542	0.00171	0.00501	0.00561	0.00591	0.00872
6	0.62244	0.01101	0.00967	0.00826	0.01181	0.01240	0.00678	0.10056	0.05564	0.10219	0.01047	0.01098	0.00768	0.00553	0.00395	0.00169	0.00446	0.00361	0.00408	0.00678
7	0.03147	0.01339	0.04102	0.01129	0.01541	0.01357	0.00949	0.48255	0.03478	0.13354	0.08361	0.02847	0.01405	0.00695	0.00545	0.00162	0.00535	0.00547	0.00541	0.05709
8	0.09517	0.01396	0.01484	0.01144	0.01573	0.01507	0.00941	0.56869	0.03753	0.05352	0.01265	0.01282	0.00911	0.00615	0.00511	0.00155	0.00554	0.00458	0.00506	0.10207
9	0.08355	0.00534	0.00658	0.00765	0.00828	0.00522	0.00529	0.00851	0.01042	0.01498	0.02795	0.70226	0.03311	0.01590	0.00665	0.00218	0.00333	0.04332	0.00490	0.00459
10	0.01384	0.61266	0.10985	0.00994	0.01447	0.05584	0.01004	0.01592	0.01105	0.01314	0.00874	0.01157	0.00816	0.07825	0.00597	0.00162	0.00622	0.00353	0.00244	0.00674
11	0.01985	0.04673	0.01492	0.01166	0.03682	0.01310	0.00926	0.41228	0.02011	0.24661	0.01700	0.09801	0.01321	0.00758	0.00553	0.00169	0.00531	0.00610	0.00557	0.00865
12	0.00723	0.00537	0.00679	0.00750	0.00827	0.00511	0.00521	0.00936	0.05536	0.01599	0.17135	0.55761	0.09413	0.01515	0.00674	0.00207	0.00309	0.01359	0.00527	0.00482
13	0.01124	0.00678	0.00841	0.00793	0.01007	0.00620	0.00643	0.03889	0.01411	0.16501	0.17961	0.04444	0.27976	0.01197	0.00648	0.00194	0.00375	0.18552	0.00557	0.00588
14	0.12931	0.01229	0.01350	0.01067	0.01457	0.01306	0.00871	0.38881	0.05062	0.23080	0.01563	0.03867	0.01138	0.02989	0.00588	0.00179	0.00522	0.00526	0.00546	0.00849
15	0.05674	0.01265	0.01419	0.01111	0.01506	0.01340	0.00910	0.47621	0.02128	0.21213	0.05212	0.05278	0.01343	0.00724	0.00549	0.00168	0.00529	0.00570	0.00568	0.00870
16	0.00793	0.00529	0.00595	0.00595	0.00595	0.00529	0.00330	0.00793	0.00793	0.01057	0.01718	0.03568	0.01982	0.80840	0.02775	0.00529	0.00529	0.00793	0.00330	0.00330
17	0.01803	0.02139	0.01717	0.08045	0.10381	0.52099	0.05293	0.05569	0.03729	0.01541	0.00949	0.01140	0.00769	0.00562	0.00536	0.00153	0.02186	0.00410	0.00296	0.00682
18	0.01683	0.05262	0.01533	0.02730	0.06929	0.05115	0.00998	0.21055	0.24092	0.12638	0.01691	0.01676	0.03429	0.00704	0.00653	0.00175	0.07789	0.00538	0.00483	0.00828
19	0.01045	0.00998	0.01727	0.75042	0.03702	0.01221	0.05811	0.01413	0.01102	0.01413	0.00977	0.01454	0.00733	0.00540	0.00551	0.00182	0.00738	0.00494	0.00244	0.00613
20	0.00696	0.00554	0.00623	0.00606	0.00768	0.00482	0.00455	0.00882	0.01364	0.01760	0.34333	0.04774	0.48229	0.01274	0.00644	0.00179	0.00269	0.01084	0.00544	0.00482
21	0.05675	0.01071	0.01185	0.01009	0.01327	0.07274	0.00821	0.12892	0.04580	0.32761	0.07743	0.05720	0.01862	0.00857	0.00575	0.00180	0.00504	0.11479	0.01720	0.00764
22	0.01146	0.11953	0.65512	0.01518	0.02271	0.01376	0.05500	0.01716	0.01153	0.01675	0.00959	0.01134	0.00698	0.00509	0.00504	0.00167	0.00785	0.00402	0.00233	0.00790
23	0.00662	0.00483	0.00624	0.00737	0.00785	0.00445	0.00496	0.00762	0.01065	0.01400	0.03274	0.72448	0.11469	0.01673	0.00690	0.00217	0.00312	0.01507	0.00506	0.00445
24	0.01290	0.01462	0.03167	0.02350	0.06557	0.01375	0.71792	0.01743	0.01285	0.01748	0.01099	0.01465	0.00829	0.00461	0.00638	0.00183	0.00906	0.00636	0.00275	0.00742
25	0.01240	0.24193	0.39352	0.01559	0.02211	0.01540	0.19243	0.01705	0.01171	0.01608	0.00947	0.01151	0.00726	0.00490	0.00501	0.00160	0.00771	0.00429	0.00242	0.00760
26	0.00664	0.00474	0.00633	0.00759	0.00791	0.00443	0.00506	0.00759	0.01044	0.01392	0.03005	0.80485	0.03606	0.01708	0.00696	0.00221	0.00316	0.01550	0.00506	0.00443
27	0.00957	0.00627	0.00810	0.00757	0.00923	0.00591	0.00588	0.01270	0.05233	0.08904	0.57763	0.03997	0.06607	0.01100	0.00640	0.00180	0.00307	0.07587	0.00593	0.00566
28	0.00663	0.00526	0.00596	0.00637	0.00762	0.00459	0.00455	0.00797	0.01200	0.01509	0.11124	0.31384	0.45022	0.01471	0.00662	0.00196	0.00288	0.01275	0.00515	0.00459
29	0.13310	0.00967	0.01200	0.00949	0.01349	0.00908	0.00779	0.02538	0.08323	0.60864	0.01972	0.01743	0.01277	0.00658	0.00521	0.00170	0.00455	0.00521	0.00619	0.00877
30	0.01030	0.00969	0.01635	0.79530	0.03755	0.01211	0.01514	0.01393	0.01090	0.01393	0.00969	0.01453	0.00727	0.00545	0.00545	0.00182	0.00727	0.00484	0.00242	0.00606
31	0.09597	0.02337	0.01487	0.01325	0.01628	0.62964	0.01009	0.10340	0.01602	0.01671	0.00887	0.01011	0.00717	0.00567	0.00483	0.00146	0.00889	0.00362	0.00316	0.00661
32	0.00849	0.00609	0.00840	0.00939	0.01062	0.00600	0.00801	0.01091	0.01284	0.01694	0.13298	0.09538	0.04770	0.01459	0.00733	0.00237	0.00455	0.58726	0.00516	0.00500

[dist]
# distance from previous block
# <min> <max>
0	1

[block]
# block no. 1 follows, 44 sequences, length 40
# corresponding to MSA columns:
# 116-155
name=unknown_B
#
# <colnr> <probs for GDERKNQSTAVLIFYWHMCP>
#	G	D	E	R	K	N	Q	S	T	A	V	L	I	F	Y	W	H	M	C	P
0	0.01167	0.00972	0.01118	0.00835	0.01283	0.00791	0.00665	0.01558	0.10116	0.03715	0.01365	0.01453	0.04576	0.00497	0.00437	0.00100	0.00402	0.00403	0.00368	0.68178
1	0.03848	0.01099	0.04954	0.01024	0.01452	0.00965	0.00877	0.12634	0.04191	0.57683	0.01943	0.01739	0.01257	0.00662	0.00538	0.00168	0.00491	0.00530	0.03047	0.00901
2	0.03455	0.01471	0.01390	0.02335	0.01543	0.12548	0.00931	0.33324	0.25557	0.02557	0.01856	0.01805	0.07346	0.00723	0.00544	0.00169	0.00574	0.00560	0.00498	0.00814
3	0.01917	0.01191	0.01372	0.01092	0.01461	0.01267	0.00892	0.40017	0.06754	0.21916	0.01621	0.01628	0.01156	0.01073	0.09843	0.00249	0.00641	0.00525	0.04533	0.00851
4	0.00773	0.00621	0.00700	0.00694	0.00858	0.00585	0.00521	0.01107	0.10253	0.01749	0.23281	0.13639	0.38129	0.01279	0.00643	0.00188	0.00302	0.03621	0.00536	0.00522
5	0.01699	0.01135	0.01291	0.01000	0.01426	0.02409	0.00807	0.17107	0.14287	0.20815	0.01537	0.01495	0.01108	0.00581	0.00495	0.00138	0.00473	0.00463	0.00493	0.31242
6	0.01441	0.77695	0.06189	0.00960	0.01442	0.02118	0.00981	0.01637	0.01110	0.01302	0.00768	0.00887	0.00699	0.00469	0.00357	0.00119	0.00593	0.00296	0.00233	0.00704
7	0.00664	0.00474	0.00633	0.00759	0.00791	0.00443	0.00506	0.00759	0.01044	0.01392	0.03005	0.80485	0.03606	0.01708	0.00696	0.00221	0.00316	0.01550	0.00506	0.00443
8	0.15548	0.01285	0.01373	0.01092	0.01492	0.01397	0.00894	0.39516	0.12157	0.17505	0.01506	0.01444	0.01054	0.00646	0.00513	0.00168	0.00522	0.00487	0.00538	0.00864
9	0.09016	0.01204	0.04799	0.01045	0.01474	0.04465	0.00892	0.15368	0.01666	0.51698	0.01777	0.01609	0.01154	0.00645	0.00527	0.00167	0.00523	0.00502	0.00587	0.00881
10	0.00721	0.00548	0.00665	0.00661	0.00796	0.00492	0.00492	0.00921	0.01379	0.01848	0.43293	0.13607	0.27912	0.01282	0.00653	0.00184	0.00277	0.03225	0.00556	0.00488
11	0.01491	0.76676	0.02782	0.00960	0.01416	0.06531	0.00940	0.01664	0.01133	0.01286	0.00763	0.00881	0.00700	0.00472	0.00358	0.00118	0.00606	0.00295	0.00236	0.00696
12	0.01736	0.00965	0.01161	0.00959	0.01273	0.00970	0.00758	0.12492	0.17363	0.31989	0.15178	0.02345	0.02074	0.07308	0.00748	0.00201	0.00445	0.00651	0.00590	0.00793
13	0.01856	0.01070	0.01262	0.01040	0.01392	0.01103	0.00833	0.16675	0.24082	0.32409	0.05648	0.06868	0.01685	0.00776	0.00563	0.00176	0.00461	0.00642	0.00600	0.00858
14	0.00723	0.00519	0.00688	0.00738	0.00818	0.00484	0.00528	0.00899	0.01280	0.01762	0.36514	0.42392	0.04279	0.01430	0.00675	0.00200	0.00298	0.04748	0.00548	0.00478
15	0.01451	0.01294	0.01793	0.11476	0.35654	0.03029	0.01335	0.14573	0.19711	0.02129	0.01353	0.01513	0.01049	0.00585	0.00544	0.00170	0.00604	0.00515	0.00383	0.00839
16	0.10066	0.00965	0.01196	0.00969	0.01340	0.00924	0.00799	0.08442	0.06148	0.50403	0.05113	0.02170	0.01564	0.00747	0.00549	0.00176	0.00464	0.06520	0.00607	0.00839
17	0.00799	0.00578	0.00782	0.00894	0.00999	0.00561	0.00732	0.00999	0.01203	0.01565	0.04735	0.26186	0.09357	0.01542	0.00726	0.00236	0.00428	0.46690	0.00506	0.00483
18	0.01093	0.02820	0.78016	0.01554	0.02360	0.01266	0.02014	0.01727	0.01151	0.01727	0.00978	0.01151	0.00691	0.00518	0.00518	0.00173	0.00806	0.00403	0.00230	0.00806
19	0.01150	0.00869	0.01202	0.01057	0.01269	0.00890	0.09565	0.11725	0.10821	0.05966	0.04672	0.35698	0.02377	0.04002	0.00718	0.00207	0.01696	0.01011	0.04478	0.00628
20	0.01283	0.01440	0.03083	0.04906	0.08969	0.01366	0.67020	0.01729	0.01277	0.01738	0.01092	0.01460	0.00827	0.00464	0.00632	0.00182	0.00891	0.00625	0.00274	0.00742
21	0.00721	0.00537	0.00674	0.00702	0.00814	0.00490	0.00517	0.00905	0.01312	0.01762	0.34885	0.26833	0.19812	0.01373	0.00667	0.00195	0.00296	0.06477	0.00546	0.00481
22	0.01199	0.01369	0.06192	0.02080	0.09230	0.01286	0.48140	0.01573	0.01197	0.01658	0.01274	0.10823	0.01143	0.00668	0.00760	0.00192	0.09512	0.00707	0.00296	0.00700
23	0.01935	0.13707	0.01836	0.03234	0.16894	0.06330	0.03620	0.09766	0.01509	0.33567	0.01472	0.01465	0.01033	0.00584	0.00515	0.00158	0.00589	0.00479	0.00462	0.00846
24	0.00649	0.00552	0.00559	0.00557	0.00739	0.00462	0.00418	0.00792	0.01254	0.01499	0.08208	0.05203	0.74517	0.01371	0.00644	0.00184	0.00275	0.01144	0.00510	0.00462
25	0.01287	0.01280	0.04130	0.16415	0.62756	0.01280	0.01655	0.01626	0.01213	0.01713	0.01014	0.01362	0.00835	0.00497	0.00540	0.00166	0.00665	0.00483	0.00264	0.00818
26	0.04580	0.40702	0.02009	0.10969	0.01620	0.05466	0.00920	0.01695	0.04393	0.10520	0.01511	0.05012	0.07280	0.00650	0.00454	0.00147	0.00558	0.00491	0.00342	0.00683
27	0.01134	0.01041	0.01639	0.63839	0.03310	0.01305	0.01437	0.07444	0.01180	0.01550	0.00967	0.01411	0.00742	0.00603	0.00693	0.00187	0.10137	0.00484	0.00267	0.00631
28	0.00696	0.00494	0.00650	0.00757	0.00796	0.00467	0.00515	0.00798	0.01052	0.01405	0.05614	0.64858	0.03470	0.09489	0.00903	0.00252	0.00348	0.06506	0.00492	0.00438
29	0.02532	0.01183	0.02168	0.38359	0.21756	0.01283	0.20343	0.01555	0.01171	0.01595	0.01009	0.01418	0.00784	0.00515	0.00586	0.00178	0.02081	0.00522	0.00259	0.00702
30	0.08060	0.08736	0.56766	0.01419	0.02098	0.10547	0.01700	0.01763	0.01176	0.01704	0.00927	0.01088	0.00685	0.00518	0.00487	0.00164	0.00778	0.00379	0.00245	0.00759
31	0.01137	0.12150	0.69066	0.01480	0.02245	0.01372	0.01885	0.01715	0.01146	0.01674	0.00952	0.01118	0.00692	0.00512	0.00498	0.00166	0.00779	0.00390	0.00231	0.00793
32	0.01436	0.00998	0.01256	0.15460	0.04552	0.02407	0.00940	0.02163	0.29791	0.18532	0.02053	0.12480	0.02731	0.01959	0.00602	0.00189	0.00494	0.00704	0.00498	0.00756
33	0.04909	0.09482	0.50564	0.03040	0.02065	0.05396	0.03580	0.03826	0.01201	0.03192	0.01130	0.07146	0.00932	0.00611	0.00512	0.00170	0.00730	0.00486	0.00278	0.00750
34	0.02446	0.00928	0.01265	0.00970	0.01392	0.00801	0.00801	0.02657	0.01560	0.77817	0.02151	0.01856	0.01350	0.00675	0.00548	0.00169	0.00464	0.00548	0.00675	0.00928
35	0.00653	0.00541	0.00565	0.00582	0.00738	0.00460	0.00423	0.00780	0.01199	0.01446	0.05040	0.15363	0.64439	0.04403	0.00731	0.00202	0.00291	0.01191	0.00500	0.00453
36	0.01234	0.01035	0.01232	0.07288	0.01541	0.00881	0.00763	0.10216	0.01298	0.01943	0.01009	0.01178	0.00815	0.00445	0.00432	0.00099	0.00453	0.00356	0.00343	0.67437
37	0.01342	0.01316	0.02332	0.03221	0.68557	0.01305	0.10460	0.01682	0.01247	0.01777	0.01035	0.01364	0.00859	0.00483	0.00552	0.00165	0.00680	0.00505	0.00271	0.00848
38	0.09114	0.00949	0.01226	0.00955	0.01365	0.00860	0.00787	0.02581	0.04784	0.68359	0.02040	0.01784	0.01301	0.00664	0.00531	0.00169	0.00459	0.00531	0.00642	0.00897
39	0.01356	0.01343	0.02319	0.03181	0.66994	0.02902	0.10447	0.01692	0.01253	0.01768	0.01031	0.01356	0.00856	0.00484	0.00551	0.00164	0.00687	0.00502	0.00271	0.00844

[dist]
# distance from previous block
# <min> <max>
0	9

[block]
# block no. 2 follows, 44 sequences, length 24
# corresponding to MSA columns:
# 165-188
name=unknown_C
#
# <colnr> <probs for GDERKNQSTAVLIFYWHMCP>
#	G	D	E	R	K	N	Q	S	T	A	V	L	I	F	Y	W	H	M	C	P
0	0.01342	0.01269	0.02104	0.08970	0.66093	0.01301	0.01604	0.03437	0.05202	0.01816	0.01090	0.01392	0.00897	0.00507	0.00541	0.00165	0.00641	0.00493	0.00289	0.00845
1	0.00672	0.00478	0.00630	0.00749	0.00779	0.00448	0.00495	0.00761	0.01028	0.01371	0.02926	0.75790	0.03507	0.06537	0.00823	0.00240	0.00329	0.01504	0.00495	0.00436
2	0.00667	0.00553	0.00584	0.00576	0.00750	0.00470	0.00432	0.00826	0.01296	0.01599	0.18239	0.05038	0.64423	0.01333	0.00644	0.00182	0.00273	0.01121	0.00523	0.00470
3	0.01271	0.17855	0.47715	0.01532	0.03701	0.04521	0.10283	0.01756	0.01188	0.03935	0.00981	0.01153	0.00732	0.00507	0.00500	0.00161	0.00769	0.00413	0.00252	0.00775
4	0.01647	0.00877	0.01326	0.07263	0.05550	0.00826	0.06592	0.03311	0.01373	0.36866	0.03924	0.18638	0.01928	0.00929	0.00604	0.00188	0.00499	0.06382	0.00536	0.00740
5	0.02041	0.01442	0.01569	0.01214	0.01633	0.01577	0.00998	0.67399	0.02430	0.08611	0.01438	0.04588	0.01067	0.00699	0.00552	0.00166	0.00579	0.00538	0.00553	0.00907
6	0.00823	0.00645	0.00948	0.01038	0.05647	0.00622	0.05357	0.04809	0.01166	0.01570	0.04979	0.64122	0.03170	0.01481	0.00673	0.00211	0.00388	0.01354	0.00482	0.00515
7	0.01198	0.01194	0.02162	0.33979	0.28022	0.01297	0.17079	0.01557	0.01169	0.01593	0.01003	0.01409	0.00793	0.00528	0.00626	0.00178	0.04717	0.00518	0.00258	0.00718
8	0.01287	0.01471	0.03217	0.02298	0.02849	0.01379	0.75460	0.01746	0.01287	0.01746	0.01103	0.01471	0.00827	0.00460	0.00643	0.00184	0.00919	0.00643	0.00276	0.00735
9	0.01276	0.01551	0.07924	0.02280	0.04927	0.01369	0.68724	0.01743	0.01277	0.01746	0.01093	0.01447	0.00820	0.00464	0.00633	0.00182	0.00904	0.00624	0.00273	0.00743
10	0.07245	0.01464	0.07917	0.15441	0.42913	0.07812	0.06129	0.01673	0.01215	0.01720	0.00983	0.01295	0.00792	0.00504	0.00527	0.00166	0.00702	0.00464	0.00268	0.00769
11	0.01287	0.01230	0.02075	0.06734	0.68870	0.01236	0.01582	0.01601	0.01234	0.01742	0.01323	0.01614	0.05947	0.00548	0.00547	0.00164	0.00627	0.00530	0.00284	0.00825
12	0.00664	0.00474	0.00633	0.00759	0.00791	0.00443	0.00506	0.00759	0.01044	0.01392	0.03005	0.80485	0.03606	0.01708	0.00696	0.00221	0.00316	0.01550	0.00506	0.00443
13	0.01267	0.01592	0.10667	0.02234	0.05292	0.01373	0.63427	0.01729	0.01259	0.01733	0.01077	0.01426	0.00811	0.00481	0.00660	0.00184	0.03167	0.00609	0.00270	0.00743
14	0.01466	0.06620	0.03602	0.02817	0.09831	0.09476	0.05047	0.16509	0.04369	0.01874	0.01129	0.05069	0.01003	0.00767	0.00943	0.00189	0.26116	0.02115	0.00340	0.00716
15	0.00821	0.00595	0.00807	0.00922	0.01037	0.00581	0.00774	0.01036	0.01219	0.01577	0.03149	0.18481	0.10033	0.01528	0.00733	0.00240	0.00450	0.55026	0.00503	0.00488
16	0.01547	0.01062	0.01219	0.01040	0.01317	0.01131	0.00816	0.39402	0.01857	0.08918	0.01952	0.27606	0.01880	0.01247	0.06106	0.00233	0.00555	0.00853	0.00525	0.00736
17	0.01756	0.00957	0.01147	0.00934	0.01265	0.00935	0.00750	0.17114	0.07875	0.33409	0.11307	0.03917	0.12687	0.02624	0.00625	0.00180	0.00437	0.00703	0.00595	0.00785
18	0.01182	0.01191	0.01288	0.05258	0.01384	0.15811	0.00945	0.01357	0.01071	0.01415	0.07963	0.01730	0.01327	0.01746	0.23043	0.00387	0.28201	0.00531	0.03608	0.00562
19	0.01109	0.00632	0.00827	0.00790	0.00962	0.00578	0.00612	0.01307	0.01359	0.17411	0.28434	0.14517	0.09910	0.06059	0.00779	0.00214	0.00366	0.13000	0.00562	0.00572
20	0.01146	0.00971	0.01130	0.00821	0.01288	0.00749	0.00654	0.03781	0.01174	0.01818	0.01048	0.03772	0.00904	0.00455	0.00418	0.00088	0.00407	0.00369	0.00336	0.78670
21	0.01985	0.01407	0.01538	0.01182	0.01615	0.01508	0.00972	0.58995	0.05810	0.09734	0.01394	0.01374	0.00988	0.00637	0.00533	0.00157	0.00562	0.00486	0.00537	0.08586
22	0.25285	0.01192	0.01393	0.02740	0.01442	0.05422	0.05606	0.09947	0.01157	0.04205	0.00970	0.01271	0.00812	0.01124	0.10869	0.00280	0.24871	0.00446	0.00327	0.00639
23	0.00794	0.00582	0.00781	0.03434	0.01017	0.00563	0.00669	0.00987	0.01218	0.01628	0.17203	0.25367	0.07207	0.05977	0.00812	0.00234	0.00400	0.28325	0.00500	0.02302

[dist]
# distance from previous block
# <min> <max>
22	32

[block]
# block no. 3 follows, 44 sequences, length 7
# corresponding to MSA columns:
# 229-235
name=unknown_D
#
# <colnr> <probs for GDERKNQSTAVLIFYWHMCP>
#	G	D	E	R	K	N	Q	S	T	A	V	L	I	F	Y	W	H	M	C	P
0	0.26406	0.07245	0.15224	0.04057	0.01517	0.06964	0.00997	0.11251	0.01321	0.04112	0.05447	0.01461	0.03836	0.00619	0.00485	0.00163	0.02212	0.00446	0.05559	0.00680
1	0.01608	0.08218	0.03908	0.01163	0.01538	0.08182	0.06406	0.26127	0.03702	0.09110	0.05600	0.06610	0.06409	0.00744	0.00572	0.00162	0.02487	0.00602	0.00453	0.06398
2	0.07029	0.00979	0.03033	0.01008	0.01249	0.00987	0.04632	0.25024	0.01560	0.02199	0.04400	0.29695	0.02168	0.04920	0.00704	0.00207	0.00475	0.05061	0.04034	0.00636
3	0.01364	0.01384	0.05938	0.04654	0.44803	0.04166	0.05656	0.06877	0.08350	0.01853	0.01174	0.01506	0.00974	0.04737	0.00714	0.00188	0.04030	0.00514	0.00315	0.00803
4	0.01041	0.00815	0.01062	0.01035	0.05082	0.00823	0.03458	0.09988	0.03943	0.03792	0.06571	0.19348	0.16965	0.04931	0.04832	0.00241	0.04373	0.06301	0.00459	0.04938
5	0.01177	0.07949	0.28134	0.04687	0.21201	0.01248	0.03549	0.01574	0.01179	0.01708	0.06585	0.01416	0.01085	0.00562	0.00589	0.00159	0.05549	0.00463	0.00281	0.10903
6	0.04840	0.08110	0.48556	0.01279	0.01883	0.03868	0.01501	0.01577	0.01182	0.01740	0.08542	0.06306	0.01312	0.00639	0.00512	0.00164	0.00666	0.00510	0.00297	0.06517

[dist]
# distance from previous block
# <min> <max>
9	14

[block]
# block no. 4 follows, 44 sequences, length 125
# corresponding to MSA columns:
# 251-325,332-381
name=unknown_E
#
# <colnr> <probs for GDERKNQSTAVLIFYWHMCP>
#	G	D	E	R	K	N	Q	S	T	A	V	L	I	F	Y	W	H	M	C	P
0	0.37400	0.01100	0.01079	0.04299	0.01341	0.05323	0.00747	0.08764	0.01331	0.22694	0.04329	0.03221	0.02729	0.00637	0.00459	0.00166	0.00481	0.00467	0.00458	0.02972
1	0.01592	0.01244	0.01378	0.01032	0.01488	0.01211	0.00841	0.37235	0.04134	0.02592	0.01171	0.01244	0.00892	0.00535	0.00477	0.00124	0.00499	0.00413	0.00437	0.41460
2	0.01528	0.00944	0.01160	0.00854	0.01309	0.00744	0.00690	0.01761	0.01276	0.25394	0.03599	0.01443	0.01105	0.00509	0.00456	0.00111	0.00418	0.00413	0.00440	0.55846
3	0.01120	0.00958	0.01120	0.00806	0.01281	0.00721	0.00643	0.01359	0.01129	0.01768	0.01013	0.02865	0.00869	0.00432	0.00410	0.00084	0.00402	0.00350	0.00327	0.82343
4	0.00838	0.00691	0.01045	0.24378	0.05939	0.00749	0.00899	0.01067	0.02793	0.01447	0.02265	0.46844	0.02528	0.01261	0.00642	0.00207	0.00469	0.04995	0.00415	0.00527
5	0.00924	0.00482	0.00693	0.00693	0.00693	0.00482	0.00452	0.00723	0.00723	0.00963	0.01062	0.01943	0.01102	0.13703	0.02227	0.71632	0.00482	0.00521	0.00251	0.00251
6	0.00796	0.00597	0.00857	0.00849	0.00926	0.00692	0.00641	0.00955	0.00861	0.01232	0.01477	0.02349	0.01444	0.17008	0.62981	0.00794	0.04165	0.00616	0.00297	0.00464
7	0.00664	0.00547	0.00583	0.00587	0.00751	0.00466	0.00435	0.00815	0.01269	0.01566	0.15289	0.10921	0.61483	0.01369	0.00648	0.00185	0.00277	0.01159	0.00519	0.00466
8	0.01597	0.01426	0.01354	0.01171	0.01503	0.11372	0.00919	0.19711	0.48161	0.02413	0.01892	0.01791	0.02802	0.00709	0.00546	0.00174	0.00539	0.00563	0.00516	0.00841
9	0.06044	0.01053	0.01350	0.01064	0.01451	0.01035	0.04900	0.13371	0.11715	0.41913	0.07379	0.01947	0.02836	0.00704	0.00552	0.00171	0.00485	0.00584	0.00593	0.00854
10	0.04589	0.32150	0.32137	0.01325	0.05942	0.03351	0.01380	0.05328	0.01234	0.04981	0.02405	0.01137	0.00825	0.00522	0.00453	0.00149	0.00667	0.00382	0.00281	0.00762
11	0.01093	0.02820	0.78016	0.01554	0.02360	0.01266	0.02014	0.01727	0.01151	0.01727	0.00978	0.01151	0.00691	0.00518	0.00518	0.00173	0.00806	0.00403	0.00230	0.00806
12	0.00678	0.00484	0.00625	0.00732	0.00767	0.00453	0.00483	0.00764	0.01025	0.01358	0.02973	0.68748	0.06628	0.10402	0.00922	0.00254	0.00338	0.01449	0.00487	0.00431
13	0.01705	0.49196	0.03735	0.01095	0.01506	0.26035	0.00981	0.01880	0.01279	0.06898	0.00890	0.00985	0.00748	0.00513	0.00412	0.00129	0.00704	0.00331	0.00280	0.00697
14	0.02093	0.01494	0.01616	0.01239	0.01674	0.01642	0.01023	0.71621	0.02508	0.07514	0.01355	0.01339	0.00950	0.00656	0.00546	0.00164	0.00592	0.00494	0.00552	0.00927
15	0.00683	0.00489	0.00650	0.00746	0.00795	0.00455	0.00508	0.00807	0.01132	0.01532	0.16105	0.66984	0.03878	0.01603	0.00687	0.00213	0.00306	0.01450	0.00523	0.00455
16	0.01919	0.01409	0.01535	0.01166	0.01611	0.01492	0.00960	0.60137	0.02278	0.05631	0.01277	0.01296	0.00920	0.00611	0.00521	0.00149	0.00561	0.00463	0.00511	0.15553
17	0.04477	0.01412	0.01523	0.01167	0.01603	0.01515	0.00960	0.59549	0.04225	0.05367	0.01296	0.01308	0.00933	0.00620	0.00521	0.00154	0.00560	0.00468	0.00514	0.11828
18	0.00779	0.00584	0.00876	0.00876	0.00974	0.00681	0.00681	0.00974	0.00876	0.01266	0.01460	0.02142	0.01363	0.04089	0.78680	0.00876	0.01460	0.00584	0.00292	0.00487
19	0.00879	0.00628	0.00879	0.01004	0.01130	0.00628	0.00879	0.01130	0.01255	0.01632	0.02887	0.06150	0.03138	0.01506	0.00753	0.00251	0.00502	0.73770	0.00502	0.00502
20	0.01107	0.01048	0.01774	0.61191	0.21492	0.01231	0.01552	0.01460	0.01127	0.01486	0.00983	0.01428	0.00760	0.00531	0.00544	0.00177	0.00708	0.00485	0.00249	0.00668
21	0.69955	0.01128	0.01228	0.00996	0.01371	0.01251	0.13819	0.01628	0.00991	0.02322	0.00820	0.00989	0.00632	0.00498	0.00391	0.00171	0.00510	0.00357	0.00326	0.00616
22	0.01030	0.00969	0.01635	0.79530	0.03755	0.01211	0.01514	0.01393	0.01090	0.01393	0.00969	0.01453	0.00727	0.00545	0.00545	0.00182	0.00727	0.00484	0.00242	0.00606
23	0.00663	0.00479	0.00628	0.00746	0.00787	0.00444	0.00500	0.00761	0.01056	0.01397	0.03160	0.75857	0.08133	0.01688	0.00693	0.00219	0.00314	0.01525	0.00506	0.00444
24	0.01352	0.01188	0.01342	0.01175	0.01496	0.01357	0.04953	0.02834	0.72333	0.02251	0.02158	0.02003	0.01618	0.00724	0.00560	0.00185	0.00458	0.00618	0.00539	0.00856
25	0.00680	0.00497	0.00688	0.00788	0.00833	0.00464	0.02026	0.00787	0.01064	0.01423	0.05242	0.76537	0.03597	0.01664	0.00693	0.00219	0.00327	0.01514	0.00504	0.00451
26	0.01213	0.28619	0.53267	0.01349	0.02043	0.01560	0.01658	0.01696	0.01137	0.01580	0.00906	0.01060	0.00694	0.00501	0.00463	0.00154	0.00732	0.00366	0.00231	0.00771
27	0.01349	0.01295	0.02213	0.03346	0.77440	0.01295	0.01673	0.01673	0.01241	0.01781	0.01025	0.01349	0.00864	0.00486	0.00540	0.00162	0.00648	0.00486	0.00270	0.00864
28	0.00765	0.00556	0.00721	0.00690	0.00818	0.00512	0.00519	0.01010	0.01504	0.02109	0.69107	0.06461	0.08897	0.01157	0.00648	0.00176	0.00267	0.02984	0.00590	0.00509
29	0.02037	0.02598	0.01545	0.01404	0.01685	0.78652	0.01053	0.02177	0.01545	0.01334	0.00843	0.00983	0.00702	0.00562	0.00492	0.00140	0.00983	0.00351	0.00281	0.00632
30	0.06449	0.00835	0.01044	0.00846	0.01190	0.00746	0.00687	0.03367	0.01438	0.49569	0.02942	0.02710	0.21638	0.00956	0.02883	0.00194	0.00443	0.00696	0.00597	0.00771
31	0.04882	0.00942	0.01258	0.00968	0.01387	0.00830	0.00799	0.03931	0.01560	0.74247	0.02094	0.01817	0.01319	0.00669	0.00542	0.00169	0.00465	0.00540	0.00662	0.00918
32	0.00656	0.00553	0.00568	0.00564	0.00743	0.00465	0.00423	0.00804	0.01270	0.01537	0.11942	0.05141	0.70759	0.01357	0.00644	0.00183	0.00274	0.01136	0.00515	0.00465
33	0.01905	0.14666	0.03816	0.01322	0.01653	0.59672	0.01055	0.05005	0.03462	0.01445	0.00888	0.01011	0.00736	0.00554	0.00474	0.00140	0.00887	0.00356	0.00290	0.00665
34	0.01329	0.53512	0.29387	0.01152	0.01738	0.01843	0.01315	0.01666	0.01123	0.01439	0.00836	0.00972	0.00696	0.00485	0.00409	0.00136	0.00662	0.00331	0.00232	0.00737
35	0.00844	0.00607	0.00833	0.00932	0.01055	0.00596	0.00793	0.01083	0.01281	0.01686	0.12871	0.09916	0.06148	0.01460	0.00731	0.00236	0.00451	0.57462	0.00515	0.00499
36	0.02408	0.00919	0.01253	0.00964	0.01379	0.00795	0.00795	0.02620	0.01560	0.76099	0.03855	0.01906	0.01436	0.00685	0.00550	0.00169	0.00459	0.00558	0.00673	0.00918
37	0.08780	0.01208	0.01303	0.01088	0.01445	0.01332	0.00875	0.24235	0.34386	0.13430	0.03533	0.01815	0.01415	0.00707	0.00538	0.00176	0.00482	0.01846	0.00551	0.00854
38	0.00811	0.00603	0.00875	0.00865	0.00954	0.00706	0.00668	0.00995	0.00884	0.01298	0.01460	0.02173	0.01371	0.08002	0.66852	0.00788	0.04751	0.00587	0.04874	0.00484
39	0.02437	0.00943	0.01274	0.00977	0.01399	0.00823	0.00807	0.04476	0.01585	0.75963	0.02130	0.01842	0.01339	0.00674	0.00548	0.00169	0.00467	0.00547	0.00672	0.00928
40	0.01249	0.16472	0.58382	0.01420	0.02126	0.05651	0.01736	0.01762	0.01177	0.03888	0.00967	0.01114	0.00712	0.00516	0.00488	0.00161	0.00766	0.00385	0.00247	0.00781
41	0.04108	0.00949	0.01231	0.00961	0.01363	0.00860	0.00789	0.05813	0.05377	0.64782	0.02270	0.02004	0.05489	0.00712	0.00549	0.00170	0.00457	0.00577	0.00646	0.00891
42	0.01874	0.03713	0.01499	0.01330	0.01620	0.60011	0.01009	0.02328	0.18250	0.01544	0.01148	0.01216	0.00917	0.00600	0.00503	0.00150	0.00853	0.00409	0.00341	0.00685
43	0.02212	0.00994	0.01268	0.00987	0.01379	0.00933	0.00811	0.15514	0.01705	0.56458	0.05020	0.01862	0.01431	0.00764	0.02292	0.00182	0.00493	0.00555	0.04258	0.00883
44	0.01264	0.01383	0.02727	0.02112	0.06570	0.01456	0.50508	0.01620	0.01157	0.01626	0.00990	0.01386	0.00798	0.00600	0.00960	0.00198	0.23090	0.00588	0.00265	0.00703
45	0.00664	0.00474	0.00633	0.00759	0.00791	0.00443	0.00506	0.00759	0.01044	0.01392	0.03005	0.80485	0.03606	0.01708	0.00696	0.00221	0.00316	0.01550	0.00506	0.00443
46	0.00674	0.00537	0.00604	0.00622	0.00763	0.00468	0.00453	0.00827	0.01262	0.01600	0.19418	0.20420	0.47642	0.01394	0.00655	0.00189	0.00281	0.01199	0.00525	0.00468
47	0.05597	0.01089	0.01364	0.05523	0.06829	0.01113	0.00930	0.14545	0.15237	0.35672	0.05052	0.01793	0.01398	0.00674	0.00543	0.00171	0.00497	0.00551	0.00561	0.00861
48	0.01982	0.00883	0.01190	0.04439	0.05523	0.00820	0.00805	0.02287	0.05587	0.51501	0.03752	0.01903	0.01411	0.00666	0.00522	0.00163	0.00443	0.00549	0.14747	0.00826
49	0.01228	0.04517	0.01304	0.00987	0.05532	0.00893	0.00745	0.07021	0.01244	0.01881	0.00989	0.01145	0.00815	0.00430	0.00420	0.00093	0.00440	0.00343	0.00333	0.69641
50	0.01303	0.01246	0.01980	0.23207	0.47404	0.03336	0.01554	0.04803	0.01239	0.01706	0.00997	0.01355	0.00816	0.00543	0.00627	0.00172	0.06187	0.00482	0.00273	0.00774
51	0.01319	0.01311	0.02240	0.12049	0.56112	0.03348	0.10701	0.01655	0.01229	0.01710	0.01017	0.01364	0.00836	0.00501	0.00577	0.00168	0.02288	0.00501	0.00267	0.00806
52	0.01355	0.01314	0.02180	0.05641	0.73483	0.03023	0.01654	0.01676	0.01244	0.01759	0.01020	0.01344	0.00856	0.00489	0.00539	0.00162	0.00658	0.00483	0.00269	0.00850
53	0.00687	0.00494	0.00655	0.00759	0.00811	0.00461	0.00525	0.00810	0.01116	0.01495	0.11320	0.65937	0.05673	0.01622	0.00692	0.00216	0.00319	0.05436	0.00516	0.00454
54	0.08277	0.01136	0.01361	0.01182	0.06109	0.01161	0.00900	0.19894	0.13770	0.34607	0.01751	0.01642	0.01202	0.00718	0.02075	0.00182	0.00518	0.00519	0.00560	0.02436
55	0.06969	0.16059	0.58327	0.01404	0.02114	0.01418	0.03183	0.01702	0.01131	0.01701	0.00928	0.01092	0.00688	0.00507	0.00479	0.00163	0.00743	0.00381	0.00239	0.00771
56	0.03153	0.26579	0.06117	0.01217	0.01605	0.39044	0.01044	0.07168	0.01452	0.06596	0.00943	0.01038	0.00758	0.00543	0.00454	0.00139	0.00780	0.00358	0.00309	0.00702
57	0.01141	0.00925	0.04380	0.02744	0.01267	0.02932	0.03640	0.05007	0.15634	0.09382	0.03827	0.34025	0.06573	0.01174	0.00628	0.00198	0.00445	0.04940	0.00503	0.00636
58	0.00906	0.00502	0.00710	0.00707	0.00750	0.00484	0.00487	0.00814	0.00934	0.02722	0.15497	0.08533	0.05747	0.01686	0.01636	0.56107	0.00411	0.00689	0.00347	0.00329
59	0.02762	0.14357	0.59192	0.01590	0.08268	0.01401	0.01798	0.01706	0.01148	0.01678	0.00945	0.01121	0.00704	0.00507	0.00491	0.00163	0.00752	0.00391	0.00236	0.00790
60	0.01222	0.01166	0.01983	0.33602	0.48176	0.01262	0.01610	0.01562	0.01181	0.01627	0.01003	0.01391	0.00809	0.00509	0.00542	0.00170	0.00679	0.00485	0.00259	0.00761
61	0.02210	0.00890	0.01200	0.00938	0.01320	0.00782	0.00767	0.04030	0.01580	0.65894	0.12344	0.02145	0.01857	0.00734	0.00561	0.00169	0.00439	0.00607	0.00662	0.00871
62	0.00705	0.00503	0.00679	0.00805	0.00855	0.00478	0.00577	0.00829	0.01084	0.01437	0.02982	0.66405	0.03517	0.01670	0.00707	0.00227	0.00351	0.15229	0.00505	0.00454
63	0.01121	0.02651	0.69407	0.01731	0.08964	0.01272	0.03903	0.01722	0.01162	0.01732	0.00986	0.01177	0.00709	0.00514	0.00523	0.00172	0.00795	0.00416	0.00235	0.00809
64	0.00678	0.00504	0.00654	0.02807	0.00863	0.00470	0.00520	0.00797	0.01107	0.01457	0.08278	0.62507	0.14170	0.01591	0.00681	0.00212	0.00317	0.01427	0.00505	0.00454
65	0.01069	0.01010	0.01707	0.70051	0.12923	0.01222	0.01534	0.01428	0.01109	0.01441	0.00976	0.01441	0.00744	0.00538	0.00544	0.00179	0.00717	0.00485	0.00246	0.00638
66	0.01374	0.63186	0.20107	0.01075	0.01620	0.01953	0.01181	0.01654	0.01118	0.01385	0.00809	0.00938	0.00698	0.00478	0.00388	0.00129	0.00634	0.00317	0.00233	0.00724
67	0.00656	0.00554	0.00568	0.00568	0.00748	0.00466	0.00428	0.00802	0.01259	0.01515	0.09401	0.05199	0.71897	0.01368	0.00646	0.00185	0.00279	0.02484	0.00511	0.00464
68	0.04161	0.00914	0.01218	0.00947	0.01341	0.00810	0.00778	0.04468	0.01572	0.67446	0.08681	0.02013	0.01654	0.00709	0.00552	0.00169	0.00448	0.00579	0.00657	0.00884
69	0.04841	0.00852	0.01069	0.05280	0.01358	0.00881	0.00832	0.01920	0.18478	0.21031	0.02295	0.06737	0.02067	0.05417	0.00736	0.00222	0.00479	0.24288	0.00527	0.00690
70	0.01593	0.01326	0.03752	0.02941	0.03086	0.07603	0.00967	0.13331	0.38431	0.11135	0.03102	0.01981	0.01480	0.00737	0.00584	0.00180	0.02305	0.04130	0.00513	0.00824
71	0.05609	0.06507	0.62924	0.01483	0.02220	0.01291	0.05588	0.01701	0.01143	0.01746	0.00962	0.01138	0.00698	0.00507	0.00501	0.00166	0.00762	0.00400	0.00242	0.04410
72	0.14936	0.01122	0.01266	0.01089	0.04682	0.05277	0.00839	0.06852	0.10648	0.43457	0.01749	0.01610	0.01178	0.00636	0.00510	0.00167	0.00497	0.00496	0.00554	0.02435
73	0.00756	0.00555	0.00708	0.00673	0.00805	0.00507	0.00503	0.00996	0.01500	0.02092	0.67844	0.05733	0.12982	0.01156	0.00644	0.00174	0.00260	0.01015	0.00588	0.00507
74	0.01349	0.01295	0.02213	0.03346	0.77440	0.01295	0.01673	0.01673	0.01241	0.01781	0.01025	0.01349	0.00864	0.00486	0.00540	0.00162	0.00648	0.00486	0.00270	0.00864
75	0.84691	0.01054	0.00801	0.00717	0.01054	0.01223	0.00590	0.01603	0.00928	0.02446	0.00759	0.00886	0.00590	0.00506	0.00337	0.00169	0.00422	0.00295	0.00337	0.00590
76	0.01356	0.01315	0.02186	0.05004	0.74251	0.02872	0.01657	0.01677	0.01244	0.01763	0.01020	0.01344	0.00857	0.00489	0.00539	0.00162	0.00656	0.00483	0.00269	0.00853
77	0.01155	0.01133	0.01583	0.01362	0.01388	0.01553	0.01130	0.01285	0.00849	0.01324	0.00788	0.01271	0.00774	0.01201	0.08271	0.00287	0.70391	0.00481	0.00246	0.03527
78	0.00793	0.00529	0.00595	0.00595	0.00595	0.00529	0.00330	0.00793	0.00793	0.01057	0.01718	0.03568	0.01982	0.80840	0.02775	0.00529	0.00529	0.00793	0.00330	0.00330
79	0.00778	0.00522	0.00599	0.00614	0.00618	0.00518	0.00351	0.00789	0.00822	0.01096	0.01869	0.12589	0.02172	0.71559	0.02531	0.00493	0.00504	0.00882	0.00351	0.00344
80	0.00664	0.00476	0.00631	0.00755	0.00790	0.00443	0.00504	0.00760	0.01048	0.01393	0.03056	0.78959	0.05098	0.01701	0.00695	0.00221	0.00315	0.01542	0.00506	0.00443
81	0.01093	0.02820	0.78016	0.01554	0.02360	0.01266	0.02014	0.01727	0.01151	0.01727	0.00978	0.01151	0.00691	0.00518	0.00518	0.00173	0.00806	0.00403	0.00230	0.00806
82	0.01715	0.01240	0.01298	0.01090	0.01432	0.05552	0.00867	0.20684	0.34654	0.15180	0.04518	0.01838	0.01483	0.00705	0.00541	0.00171	0.00493	0.00566	0.05127	0.00845
83	0.01458	0.81168	0.02857	0.00933	0.01399	0.02157	0.00933	0.01632	0.01108	0.01283	0.00758	0.00875	0.00700	0.00466	0.00350	0.00117	0.00583	0.00292	0.00233	0.00700
84	0.00718	0.00573	0.00655	0.00684	0.00848	0.00510	0.00546	0.00897	0.01274	0.01582	0.11560	0.05375	0.50861	0.01389	0.00673	0.00201	0.00334	0.20330	0.00514	0.00476
85	0.01318	0.01264	0.02157	0.10768	0.70261	0.01287	0.01658	0.01646	0.01227	0.01743	0.01020	0.01359	0.00850	0.00492	0.00540	0.00164	0.00655	0.00486	0.00267	0.00838
86	0.84691	0.01054	0.00801	0.00717	0.01054	0.01223	0.00590	0.01603	0.00928	0.02446	0.00759	0.00886	0.00590	0.00506	0.00337	0.00169	0.00422	0.00295	0.00337	0.00590
87	0.01139	0.00997	0.01246	0.00890	0.01378	0.00763	0.04778	0.01393	0.01139	0.01775	0.00976	0.01149	0.00809	0.00407	0.00417	0.00086	0.00432	0.00341	0.00320	0.79565
88	0.26504	0.01224	0.01218	0.01002	0.01363	0.02889	0.00820	0.32691	0.06329	0.09071	0.03557	0.01734	0.05308	0.00699	0.00499	0.00171	0.00502	0.03169	0.00487	0.00765
89	0.00667	0.00476	0.00632	0.00755	0.00786	0.00445	0.00502	0.00760	0.01038	0.01384	0.02975	0.78709	0.03568	0.03534	0.00744	0.00228	0.00321	0.01532	0.00502	0.00440
90	0.01349	0.01295	0.02213	0.03346	0.77440	0.01295	0.01673	0.01673	0.01241	0.01781	0.01025	0.01349	0.00864	0.00486	0.00540	0.00162	0.00648	0.00486	0.00270	0.00864
91	0.00715	0.00540	0.00720	0.00807	0.00851	0.00537	0.00558	0.00816	0.01032	0.01398	0.02783	0.72530	0.03319	0.01616	0.00763	0.00218	0.05854	0.01438	0.00482	0.03024
92	0.01458	0.81168	0.02857	0.00933	0.01399	0.02157	0.00933	0.01632	0.01108	0.01283	0.00758	0.00875	0.00700	0.00466	0.00350	0.00117	0.00583	0.00292	0.00233	0.00700
93	0.01846	0.02289	0.01505	0.01359	0.01601	0.63372	0.01035	0.02015	0.03110	0.01359	0.01088	0.01243	0.04490	0.00656	0.00664	0.00156	0.10883	0.00412	0.00293	0.00624
94	0.01356	0.01171	0.01233	0.01109	0.01418	0.01356	0.00863	0.02897	0.76455	0.02281	0.02219	0.02034	0.01664	0.00740	0.00555	0.00185	0.00431	0.00616	0.00555	0.00863
95	0.84691	0.01054	0.00801	0.00717	0.01054	0.01223	0.00590	0.01603	0.00928	0.02446	0.00759	0.00886	0.00590	0.00506	0.00337	0.00169	0.00422	0.00295	0.00337	0.00590
96	0.01322	0.01267	0.02163	0.09953	0.71050	0.01288	0.01659	0.01649	0.01228	0.01747	0.01021	0.01358	0.00852	0.00491	0.00540	0.00164	0.00655	0.00486	0.00267	0.00841
97	0.02436	0.00944	0.01275	0.00977	0.01400	0.00825	0.00807	0.04586	0.01587	0.75851	0.02129	0.01841	0.01338	0.00674	0.00548	0.00169	0.00467	0.00547	0.00671	0.00928
98	0.00721	0.00613	0.00630	0.00624	0.00815	0.00552	0.00473	0.00999	0.08632	0.01554	0.05061	0.06994	0.65860	0.01330	0.00640	0.00187	0.00298	0.03006	0.00511	0.00500
99	0.00664	0.00474	0.00633	0.00759	0.00791	0.00443	0.00506	0.00759	0.01044	0.01392	0.03005	0.80485	0.03606	0.01708	0.00696	0.00221	0.00316	0.01550	0.00506	0.00443
100	0.01356	0.01171	0.01233	0.01109	0.01418	0.01356	0.00863	0.02897	0.76455	0.02281	0.02219	0.02034	0.01664	0.00740	0.00555	0.00185	0.00431	0.00616	0.00555	0.00863
101	0.00760	0.00553	0.00715	0.00682	0.00809	0.00508	0.00509	0.01004	0.01506	0.02113	0.70067	0.07361	0.09059	0.01154	0.00645	0.00174	0.00261	0.01019	0.00591	0.00508
102	0.00664	0.00474	0.00633	0.00759	0.00791	0.00443	0.00506	0.00759	0.01044	0.01392	0.03005	0.80485	0.03606	0.01708	0.00696	0.00221	0.00316	0.01550	0.00506	0.00443
103	0.01030	0.00969	0.01635	0.79530	0.03755	0.01211	0.01514	0.01393	0.01090	0.01393	0.00969	0.01453	0.00727	0.00545	0.00545	0.00182	0.00727	0.00484	0.00242	0.00606
104	0.01193	0.01193	0.01670	0.01431	0.01431	0.01670	0.01193	0.01312	0.00835	0.01312	0.00716	0.01193	0.00716	0.00954	0.01789	0.00239	0.79843	0.00477	0.00239	0.00596
105	0.00664	0.00474	0.00633	0.00759	0.00791	0.00443	0.00506	0.00759	0.01044	0.01392	0.03005	0.80485	0.03606	0.01708	0.00696	0.00221	0.00316	0.01550	0.00506	0.00443
106	0.84691	0.01054	0.00801	0.00717	0.01054	0.01223	0.00590	0.01603	0.00928	0.02446	0.00759	0.00886	0.00590	0.00506	0.00337	0.00169	0.00422	0.00295	0.00337	0.00590
107	0.01030	0.00969	0.01635	0.79530	0.03755	0.01211	0.01514	0.01393	0.01090	0.01393	0.00969	0.01453	0.00727	0.00545	0.00545	0.00182	0.00727	0.00484	0.00242	0.00606
108	0.00667	0.00547	0.00576	0.00579	0.00737	0.00469	0.00423	0.00804	0.01228	0.01505	0.11641	0.09179	0.61417	0.06841	0.00794	0.00209	0.00294	0.01133	0.00503	0.00455
109	0.06361	0.01530	0.01841	0.01431	0.01814	0.08762	0.14340	0.40940	0.03653	0.02605	0.01189	0.02691	0.00913	0.00654	0.00675	0.00174	0.08679	0.00515	0.00429	0.00803
110	0.01093	0.02820	0.78016	0.01554	0.02360	0.01266	0.02014	0.01727	0.01151	0.01727	0.00978	0.01151	0.00691	0.00518	0.00518	0.00173	0.00806	0.00403	0.00230	0.00806
111	0.01352	0.01048	0.01125	0.00999	0.01274	0.01172	0.00769	0.07702	0.51248	0.06172	0.03729	0.02286	0.04518	0.08663	0.00769	0.00213	0.00436	0.00643	0.05105	0.00777
112	0.01030	0.00969	0.01635	0.79530	0.03755	0.01211	0.01514	0.01393	0.01090	0.01393	0.00969	0.01453	0.00727	0.00545	0.00545	0.00182	0.00727	0.00484	0.00242	0.00606
113	0.00733	0.00600	0.00635	0.00619	0.00796	0.00538	0.00464	0.02440	0.04552	0.01616	0.13774	0.04810	0.57800	0.05696	0.00758	0.00203	0.00306	0.02661	0.00511	0.00488
114	0.84691	0.01054	0.00801	0.00717	0.01054	0.01223	0.00590	0.01603	0.00928	0.02446	0.00759	0.00886	0.00590	0.00506	0.00337	0.00169	0.00422	0.00295	0.00337	0.00590
115	0.01165	0.01161	0.01728	0.05756	0.01648	0.01512	0.07669	0.01334	0.00915	0.01384	0.00878	0.04676	0.00857	0.00890	0.01494	0.00221	0.60573	0.00530	0.00258	0.05351
116	0.01349	0.01439	0.01776	0.01494	0.01592	0.13525	0.07233	0.02997	0.01017	0.01394	0.00779	0.01185	0.00727	0.00847	0.01470	0.00217	0.59613	0.00472	0.00254	0.00620
117	0.01030	0.00969	0.01635	0.79530	0.03755	0.01211	0.01514	0.01393	0.01090	0.01393	0.00969	0.01453	0.00727	0.00545	0.00545	0.00182	0.00727	0.00484	0.00242	0.00606
118	0.00861	0.00578	0.00754	0.00698	0.00844	0.00529	0.00528	0.01112	0.01536	0.06344	0.71139	0.03981	0.06817	0.01097	0.00638	0.00172	0.00269	0.00966	0.00602	0.00536
119	0.00704	0.00544	0.00584	0.00595	0.00709	0.00489	0.00411	0.00800	0.01087	0.01340	0.04045	0.08134	0.45970	0.27489	0.01351	0.00302	0.00371	0.04209	0.00448	0.00419
120	0.00750	0.00624	0.00665	0.00666	0.00844	0.00580	0.00499	0.01071	0.10935	0.01600	0.07710	0.14279	0.53436	0.01331	0.00642	0.00190	0.00306	0.02842	0.00516	0.00513
121	0.00664	0.00474	0.00633	0.00759	0.00791	0.00443	0.00506	0.00759	0.01044	0.01392	0.03005	0.80485	0.03606	0.01708	0.00696	0.00221	0.00316	0.01550	0.00506	0.00443
122	0.01174	0.00877	0.01072	0.00997	0.01186	0.00923	0.02443	0.25038	0.01567	0.02091	0.02405	0.39666	0.04489	0.01285	0.00680	0.00205	0.02520	0.10258	0.00506	0.00618
123	0.01252	0.01266	0.05299	0.23840	0.49991	0.01275	0.01600	0.01666	0.05320	0.01701	0.01074	0.01407	0.00863	0.00517	0.00541	0.00169	0.00664	0.00489	0.00276	0.00791
124	0.01137	0.01018	0.01376	0.03393	0.01537	0.00811	0.09199	0.01406	0.01146	0.01755	0.01018	0.02503	0.00854	0.00436	0.00440	0.00098	0.00471	0.00385	0.00318	0.70699

[dist]
# distance from previous block
# <min> <max>
0	2

# created by:
# /st0/software/busco_prod/Augustus/scripts/msa2prfl.pl ./align_prep/138210.fa
