[name]
unknown

[dist]
# distance from previous block
# <min> <max>
0	147

[block]
# block no. 0 follows, 47 sequences, length 16
# corresponding to MSA columns:
# 180-195
name=unknown_A
#
# <colnr> <probs for GDERKNQSTAVLIFYWHMCP>
#	G	D	E	R	K	N	Q	S	T	A	V	L	I	F	Y	W	H	M	C	P
0	0.03079	0.08066	0.19798	0.05140	0.01612	0.00964	0.06226	0.01399	0.01112	0.05741	0.01603	0.05785	0.09073	0.00676	0.00522	0.01883	0.00533	0.03567	0.00324	0.22897
1	0.02581	0.04012	0.28389	0.02592	0.01568	0.00968	0.06177	0.03340	0.03574	0.05126	0.04923	0.09980	0.01412	0.00709	0.00535	0.00163	0.02683	0.02921	0.15327	0.03022
2	0.01179	0.13225	0.24575	0.02914	0.11379	0.01185	0.07853	0.03453	0.01149	0.05697	0.04901	0.01662	0.03644	0.09028	0.00743	0.00190	0.02303	0.00498	0.00299	0.04123
3	0.03586	0.15002	0.19429	0.05951	0.01637	0.07262	0.05512	0.01435	0.01159	0.02746	0.11652	0.09228	0.01542	0.00675	0.00516	0.00151	0.02216	0.00556	0.00320	0.09426
4	0.03836	0.04361	0.13819	0.03324	0.01323	0.03999	0.00900	0.09533	0.05430	0.03841	0.10547	0.06210	0.12371	0.05209	0.01853	0.00197	0.06402	0.02165	0.04069	0.00610
5	0.03452	0.20367	0.29587	0.01203	0.01675	0.02723	0.08191	0.01484	0.03484	0.01512	0.02257	0.11586	0.01172	0.03130	0.02193	0.00182	0.02060	0.00547	0.00284	0.02909
6	0.27773	0.00954	0.01063	0.04117	0.01275	0.00989	0.02236	0.12752	0.01316	0.21754	0.03683	0.06697	0.01226	0.05255	0.00585	0.00179	0.00450	0.00516	0.02159	0.05022
7	0.04708	0.01057	0.01212	0.09844	0.01560	0.02836	0.00787	0.16047	0.01342	0.01971	0.01033	0.03398	0.00849	0.00490	0.00435	0.00112	0.00469	0.00390	0.00346	0.51114
8	0.01659	0.01047	0.01193	0.00945	0.01306	0.01052	0.00762	0.23791	0.14073	0.20684	0.01583	0.01581	0.01148	0.02512	0.00533	0.00151	0.00446	0.00482	0.09287	0.15766
9	0.01220	0.01128	0.01498	0.01279	0.01353	0.01502	0.01058	0.09840	0.05996	0.01557	0.00903	0.01270	0.00813	0.01010	0.05418	0.00245	0.60426	0.00472	0.02397	0.00614
10	0.10542	0.01001	0.01270	0.01290	0.09213	0.04595	0.00930	0.01214	0.00936	0.01442	0.01387	0.17407	0.04448	0.01113	0.05073	0.00234	0.36371	0.00669	0.00308	0.00557
11	0.01068	0.00920	0.01156	0.01033	0.09890	0.00734	0.00715	0.01309	0.01133	0.01738	0.08997	0.01397	0.01210	0.00465	0.00424	0.00095	0.00397	0.00392	0.00330	0.66596
12	0.01257	0.01104	0.06253	0.01169	0.09934	0.02905	0.00853	0.19226	0.01389	0.03486	0.01418	0.12496	0.01326	0.09023	0.02060	0.00191	0.00507	0.00595	0.04742	0.20067
13	0.11308	0.00866	0.01058	0.00823	0.01199	0.00768	0.00672	0.02046	0.01300	0.47057	0.01646	0.01550	0.01111	0.00572	0.00457	0.00141	0.00406	0.00450	0.09307	0.17265
14	0.01313	0.01092	0.06226	0.00880	0.01351	0.00832	0.00758	0.09344	0.01270	0.10551	0.01087	0.01177	0.00834	0.00447	0.00422	0.00101	0.00437	0.00355	0.00363	0.61159
15	0.01293	0.00975	0.02932	0.00888	0.01220	0.00903	0.00725	0.21967	0.01550	0.07265	0.17982	0.05000	0.01883	0.00901	0.05663	0.00181	0.00480	0.00571	0.01950	0.25672

[dist]
# distance from previous block
# <min> <max>
2	5

[block]
# block no. 1 follows, 47 sequences, length 29
# corresponding to MSA columns:
# 201-229
name=unknown_B
#
# <colnr> <probs for GDERKNQSTAVLIFYWHMCP>
#	G	D	E	R	K	N	Q	S	T	A	V	L	I	F	Y	W	H	M	C	P
0	0.01130	0.00614	0.00760	0.00695	0.00826	0.00564	0.00472	0.01209	0.00995	0.19464	0.01911	0.16896	0.01954	0.42655	0.01638	0.00342	0.00446	0.00802	0.00423	0.06204
1	0.21199	0.53189	0.06208	0.00891	0.01317	0.05203	0.00867	0.01574	0.01039	0.01524	0.00744	0.00862	0.00646	0.00460	0.00347	0.00126	0.00545	0.00288	0.00250	0.02721
2	0.00799	0.12874	0.02484	0.00678	0.00881	0.00744	0.00556	0.01008	0.03007	0.01574	0.24136	0.08485	0.34250	0.01246	0.04840	0.00201	0.00380	0.00900	0.00454	0.00504
3	0.01698	0.02377	0.01447	0.03058	0.04719	0.01405	0.00943	0.46317	0.17460	0.05765	0.03499	0.03231	0.01193	0.00656	0.00521	0.00159	0.00518	0.00521	0.00498	0.04014
4	0.01503	0.01222	0.01295	0.01102	0.01433	0.01392	0.00875	0.25222	0.54716	0.02514	0.01856	0.01733	0.01376	0.00682	0.00527	0.00170	0.00461	0.00552	0.00527	0.00843
5	0.01322	0.01132	0.01193	0.01065	0.01364	0.01308	0.00831	0.05686	0.74546	0.02222	0.02085	0.01916	0.01562	0.00703	0.00530	0.00176	0.00418	0.00584	0.00530	0.00827
6	0.00771	0.00602	0.00832	0.15148	0.01273	0.00608	0.00649	0.01014	0.01340	0.01842	0.53998	0.03528	0.11277	0.04075	0.00675	0.00180	0.00339	0.00863	0.00492	0.00495
7	0.01363	0.67355	0.02791	0.01128	0.01588	0.01925	0.14650	0.01579	0.01089	0.01306	0.00784	0.00939	0.00690	0.00444	0.00385	0.00123	0.00615	0.00340	0.00230	0.00674
8	0.01137	0.15670	0.01380	0.00793	0.01253	0.00943	0.00667	0.01356	0.01076	0.01611	0.00889	0.01035	0.00753	0.00397	0.00376	0.00083	0.00417	0.00303	0.00293	0.69569
9	0.03605	0.01330	0.01532	0.15587	0.01949	0.01489	0.01055	0.58522	0.02122	0.05828	0.01211	0.01287	0.00860	0.00604	0.00517	0.00160	0.00586	0.00466	0.00469	0.00823
10	0.00821	0.00974	0.15072	0.00965	0.01170	0.00794	0.00886	0.01066	0.00877	0.01278	0.01289	0.01917	0.01192	0.08398	0.55815	0.00659	0.05508	0.00534	0.00268	0.00516
11	0.00982	0.00783	0.00838	0.00750	0.00976	0.00786	0.00582	0.14891	0.12588	0.01964	0.15226	0.04961	0.40520	0.01070	0.00586	0.00171	0.00340	0.00892	0.00511	0.00584
12	0.00693	0.00921	0.14796	0.00702	0.00985	0.00580	0.00674	0.00911	0.01171	0.01451	0.04486	0.04300	0.64132	0.01169	0.00594	0.00174	0.00356	0.00969	0.00436	0.00500
13	0.01731	0.01642	0.15626	0.01250	0.01699	0.01514	0.01159	0.56928	0.02070	0.02819	0.01166	0.01238	0.00845	0.00706	0.02731	0.00180	0.04962	0.00455	0.00444	0.00836
14	0.00641	0.00480	0.00617	0.02950	0.00826	0.00447	0.00495	0.00746	0.01033	0.01343	0.03252	0.65208	0.16966	0.01543	0.00652	0.00204	0.00306	0.01382	0.00476	0.00430
15	0.00615	0.00528	0.00528	0.00528	0.00703	0.00440	0.00396	0.00747	0.01187	0.01407	0.05276	0.05012	0.78238	0.01319	0.00615	0.00176	0.00264	0.01099	0.00484	0.00440
16	0.01165	0.01023	0.01562	0.66037	0.03228	0.01240	0.01363	0.15038	0.01297	0.01685	0.00985	0.01363	0.00729	0.00540	0.00521	0.00170	0.00672	0.00464	0.00284	0.00634
17	0.01408	0.01332	0.02074	0.05100	0.43999	0.05078	0.13359	0.15257	0.01426	0.01940	0.01084	0.03557	0.00893	0.00528	0.00534	0.00160	0.00661	0.00511	0.00313	0.00786
18	0.00754	0.00576	0.00706	0.00780	0.00863	0.00582	0.00543	0.01097	0.14915	0.01486	0.02807	0.64590	0.05388	0.01454	0.00639	0.00204	0.00321	0.01307	0.00492	0.00496
19	0.16053	0.00569	0.00638	0.00700	0.00805	0.00568	0.00498	0.00898	0.01030	0.01575	0.07796	0.53202	0.09618	0.01353	0.00596	0.00197	0.00317	0.02672	0.00460	0.00456
20	0.01266	0.01036	0.01180	0.00860	0.01313	0.00884	0.00694	0.16893	0.01363	0.02024	0.00993	0.01115	0.00795	0.00435	0.00414	0.00093	0.00424	0.00342	0.00352	0.67525
21	0.02126	0.01061	0.05071	0.04452	0.04452	0.06851	0.07997	0.04314	0.06154	0.05892	0.19859	0.07412	0.07473	0.00807	0.00611	0.00164	0.04857	0.00689	0.04148	0.05612
22	0.16058	0.20377	0.02774	0.17310	0.05963	0.20743	0.01015	0.01636	0.02622	0.01537	0.03885	0.01150	0.00850	0.00527	0.00448	0.00146	0.01687	0.00377	0.00275	0.00620
23	0.01336	0.01356	0.15454	0.01328	0.10329	0.01107	0.02442	0.18035	0.11603	0.06979	0.11590	0.03014	0.03459	0.00677	0.00528	0.00158	0.00518	0.01990	0.00427	0.07668
24	0.07236	0.06870	0.01928	0.08038	0.16768	0.12409	0.15908	0.10443	0.04427	0.09353	0.01112	0.01278	0.00840	0.00520	0.00505	0.00157	0.00672	0.00462	0.00339	0.00734
25	0.16698	0.06151	0.02805	0.01092	0.05347	0.12417	0.02157	0.10656	0.04474	0.07607	0.13441	0.03807	0.01557	0.00775	0.02908	0.00179	0.04500	0.00519	0.02260	0.00650
26	0.11911	0.12265	0.12591	0.04170	0.17667	0.05961	0.05143	0.04531	0.03482	0.01728	0.03818	0.04723	0.01012	0.00573	0.00517	0.00154	0.03754	0.00462	0.00298	0.05239
27	0.01343	0.05763	0.14496	0.03599	0.18059	0.09026	0.02283	0.06462	0.02743	0.05536	0.02693	0.01242	0.00880	0.00534	0.00572	0.00145	0.06933	0.00416	0.00306	0.16970
28	0.04364	0.04206	0.28964	0.08304	0.04148	0.08547	0.04551	0.01571	0.06815	0.01646	0.07122	0.03622	0.03811	0.03818	0.00586	0.00173	0.00621	0.00518	0.03981	0.02633

[dist]
# distance from previous block
# <min> <max>
13	110

[block]
# block no. 2 follows, 47 sequences, length 30
# corresponding to MSA columns:
# 352-381
name=unknown_C
#
# <colnr> <probs for GDERKNQSTAVLIFYWHMCP>
#	G	D	E	R	K	N	Q	S	T	A	V	L	I	F	Y	W	H	M	C	P
0	0.01336	0.01285	0.10810	0.01183	0.05256	0.01099	0.03914	0.21027	0.06334	0.04443	0.04267	0.05597	0.01170	0.00677	0.02098	0.00156	0.03596	0.00501	0.00389	0.24863
1	0.22066	0.12196	0.01380	0.05802	0.11768	0.01208	0.00857	0.09351	0.07324	0.06960	0.06042	0.03780	0.05546	0.00638	0.00457	0.00156	0.00467	0.00501	0.02828	0.00672
2	0.05055	0.01027	0.02804	0.01183	0.05778	0.03452	0.11644	0.11908	0.03511	0.07881	0.20283	0.05756	0.03495	0.03746	0.00626	0.00172	0.00493	0.02428	0.00438	0.08318
3	0.02785	0.01099	0.03358	0.00987	0.01355	0.01052	0.02598	0.29337	0.04287	0.13775	0.03958	0.08636	0.07701	0.00734	0.00518	0.00151	0.00466	0.00604	0.00479	0.16122
4	0.04217	0.14727	0.10495	0.00966	0.01325	0.01146	0.00891	0.11179	0.04413	0.16575	0.20857	0.01939	0.01930	0.00702	0.00559	0.00155	0.04344	0.00552	0.00447	0.02578
5	0.26346	0.12928	0.10148	0.04161	0.01327	0.02467	0.00837	0.01548	0.10019	0.01805	0.04523	0.07075	0.01202	0.00731	0.01890	0.03018	0.00493	0.01684	0.01453	0.06346
6	0.01160	0.04149	0.49105	0.01755	0.18069	0.06133	0.01653	0.03404	0.01189	0.01674	0.03923	0.01342	0.03090	0.00538	0.00502	0.00160	0.00705	0.00439	0.00259	0.00751
7	0.01343	0.38848	0.30328	0.01268	0.05944	0.04509	0.01311	0.05453	0.01181	0.04178	0.00890	0.01014	0.00706	0.00484	0.00424	0.00138	0.00649	0.00348	0.00255	0.00730
8	0.01447	0.04257	0.01179	0.00899	0.01221	0.00810	0.04071	0.05064	0.05166	0.27301	0.10068	0.10820	0.05319	0.00898	0.03684	0.00179	0.00454	0.00658	0.00490	0.16016
9	0.00898	0.00480	0.00723	0.04368	0.00830	0.00490	0.00514	0.00725	0.00724	0.00962	0.01033	0.03986	0.01048	0.01730	0.01875	0.75259	0.00460	0.03392	0.00244	0.00258
10	0.01083	0.11521	0.70511	0.01418	0.02152	0.01304	0.01809	0.01639	0.01095	0.01602	0.00911	0.01070	0.00661	0.00489	0.00477	0.00159	0.00746	0.00373	0.00220	0.00758
11	0.03286	0.15260	0.61131	0.01363	0.02045	0.05133	0.01681	0.01653	0.01106	0.01581	0.00889	0.01043	0.00659	0.00489	0.00464	0.00155	0.00735	0.00363	0.00225	0.00740
12	0.01170	0.01019	0.09613	0.00904	0.01121	0.04648	0.00793	0.06172	0.01127	0.08228	0.01384	0.01741	0.01138	0.05541	0.16759	0.00311	0.10448	0.00494	0.26809	0.00580
13	0.85377	0.01007	0.00765	0.00685	0.01007	0.01168	0.00564	0.01531	0.00886	0.02336	0.00725	0.00846	0.00564	0.00483	0.00322	0.00161	0.00403	0.00282	0.00322	0.00564
14	0.06285	0.00518	0.00503	0.00498	0.00632	0.00528	0.00377	0.01233	0.01079	0.01966	0.01638	0.01873	0.01286	0.00599	0.00361	0.00124	0.00253	0.00473	0.79284	0.00490
15	0.00754	0.00623	0.00785	0.00887	0.09401	0.00570	0.00577	0.00984	0.03247	0.01720	0.32605	0.04090	0.39613	0.01111	0.00602	0.00169	0.00300	0.00955	0.00494	0.00512
16	0.00634	0.00453	0.00604	0.00725	0.00755	0.00423	0.00483	0.00725	0.00997	0.01329	0.02870	0.81358	0.03444	0.01632	0.00665	0.00211	0.00302	0.01480	0.00483	0.00423
17	0.00905	0.00452	0.00678	0.00678	0.00678	0.00452	0.00452	0.00678	0.00678	0.00905	0.00905	0.01583	0.00905	0.01809	0.02035	0.84848	0.00452	0.00452	0.00226	0.00226
18	0.01392	0.82012	0.02729	0.00891	0.01337	0.02061	0.00891	0.01559	0.01058	0.01225	0.00724	0.00835	0.00668	0.00446	0.00334	0.00111	0.00557	0.00278	0.00223	0.00668
19	0.00634	0.00453	0.00604	0.00725	0.00755	0.00423	0.00483	0.00725	0.00997	0.01329	0.02870	0.81358	0.03444	0.01632	0.00665	0.00211	0.00302	0.01480	0.00483	0.00423
20	0.02240	0.01041	0.01304	0.01000	0.01407	0.00995	0.00826	0.22599	0.01750	0.58383	0.01837	0.01631	0.01180	0.00639	0.00523	0.00160	0.00478	0.00509	0.00611	0.00886
21	0.02040	0.00849	0.01132	0.00895	0.01251	0.00758	0.00729	0.02326	0.06169	0.62933	0.13131	0.02091	0.01835	0.00709	0.00537	0.00162	0.00413	0.00589	0.00627	0.00825
22	0.01742	0.01558	0.04512	0.01157	0.01523	0.14592	0.00960	0.48396	0.04992	0.02589	0.01634	0.01635	0.09473	0.00691	0.00544	0.00157	0.02094	0.00518	0.00457	0.00776
23	0.01152	0.01503	0.20358	0.24808	0.28321	0.01213	0.07292	0.04522	0.01177	0.01637	0.01054	0.01353	0.02273	0.00509	0.00522	0.00165	0.00687	0.00469	0.00257	0.00726
24	0.01354	0.01161	0.02965	0.01020	0.01363	0.02420	0.00821	0.13615	0.46239	0.03768	0.01952	0.01855	0.05796	0.00675	0.00511	0.00158	0.00441	0.00550	0.00485	0.12852
25	0.01208	0.01297	0.02135	0.01671	0.01878	0.04947	0.28955	0.01443	0.00987	0.01407	0.00825	0.01228	0.00722	0.00721	0.01250	0.00204	0.47749	0.00509	0.00243	0.00620
26	0.02336	0.00886	0.01209	0.00927	0.01329	0.00765	0.00765	0.02538	0.01491	0.78810	0.02055	0.01773	0.01289	0.00645	0.00524	0.00161	0.00443	0.00524	0.00645	0.00886
27	0.01095	0.02457	0.65332	0.01541	0.06939	0.04252	0.01775	0.01685	0.04185	0.01674	0.03634	0.01235	0.00854	0.00523	0.00501	0.00164	0.00734	0.00415	0.00249	0.00759
28	0.00677	0.00472	0.00595	0.00673	0.00696	0.00451	0.00430	0.00743	0.00934	0.01249	0.04642	0.54093	0.02988	0.27332	0.01301	0.00304	0.00366	0.01233	0.00432	0.00390
29	0.00830	0.00593	0.00828	0.00948	0.01064	0.00591	0.00823	0.01063	0.01190	0.01548	0.02763	0.09354	0.03018	0.01447	0.00717	0.00238	0.00471	0.71558	0.00480	0.00477

[dist]
# distance from previous block
# <min> <max>
0	62

[block]
# block no. 3 follows, 47 sequences, length 123
# corresponding to MSA columns:
# 444-512,515-568
name=unknown_D
#
# <colnr> <probs for GDERKNQSTAVLIFYWHMCP>
#	G	D	E	R	K	N	Q	S	T	A	V	L	I	F	Y	W	H	M	C	P
0	0.00733	0.00535	0.00691	0.00661	0.00788	0.00493	0.00502	0.00970	0.01438	0.02009	0.68737	0.04077	0.10430	0.01103	0.00620	0.00169	0.00259	0.04738	0.00562	0.00487
1	0.03012	0.10935	0.27282	0.02997	0.04854	0.18495	0.20431	0.01721	0.01202	0.01528	0.00906	0.01120	0.00701	0.00491	0.00522	0.00156	0.02281	0.00424	0.00246	0.00696
2	0.01945	0.02482	0.01476	0.01342	0.01610	0.79608	0.01006	0.02079	0.01476	0.01275	0.00805	0.00939	0.00671	0.00537	0.00470	0.00134	0.00939	0.00335	0.00268	0.00604
3	0.00721	0.00555	0.00747	0.03912	0.00909	0.00593	0.00571	0.00812	0.00944	0.01277	0.02382	0.58552	0.02816	0.12576	0.01049	0.00252	0.09254	0.01227	0.00422	0.00431
4	0.00805	0.00551	0.00674	0.00654	0.00805	0.00492	0.00495	0.00994	0.01319	0.07207	0.37487	0.11882	0.28755	0.01193	0.00618	0.00176	0.00283	0.04580	0.00535	0.00495
5	0.00637	0.00459	0.00604	0.00715	0.00754	0.00426	0.00480	0.00734	0.01019	0.01355	0.05245	0.75886	0.06557	0.01602	0.00661	0.00209	0.00299	0.01449	0.00486	0.00426
6	0.01096	0.13548	0.67078	0.01417	0.02137	0.01328	0.03218	0.01637	0.01096	0.01591	0.00908	0.01069	0.00663	0.00487	0.00475	0.00158	0.00743	0.00375	0.00221	0.00754
7	0.00737	0.00532	0.00696	0.00655	0.00778	0.00491	0.00491	0.00983	0.01474	0.02088	0.78175	0.03890	0.04914	0.01065	0.00614	0.00164	0.00246	0.00942	0.00573	0.00491
8	0.00637	0.00456	0.00602	0.00718	0.00750	0.00425	0.00478	0.00726	0.00995	0.01324	0.02889	0.78145	0.04854	0.03412	0.00708	0.00217	0.00306	0.01457	0.00480	0.00421
9	0.00772	0.00585	0.00761	0.00810	0.00864	0.00613	0.00574	0.05501	0.01080	0.01463	0.05107	0.64528	0.03041	0.03071	0.00793	0.00214	0.08008	0.01287	0.00461	0.00466
10	0.05213	0.01059	0.07163	0.00975	0.01401	0.00862	0.00858	0.05567	0.03261	0.65144	0.01888	0.01669	0.01205	0.00628	0.00514	0.00162	0.00471	0.00504	0.00592	0.00864
11	0.01709	0.01926	0.01389	0.01229	0.01492	0.47726	0.00946	0.11749	0.11038	0.01686	0.04371	0.01401	0.04041	0.00649	0.00584	0.00152	0.06458	0.00448	0.00352	0.00655
12	0.00637	0.00456	0.00602	0.00718	0.00750	0.00425	0.00478	0.00726	0.00994	0.01322	0.02876	0.78073	0.04596	0.03750	0.00717	0.00219	0.00307	0.01455	0.00479	0.00420
13	0.01006	0.00794	0.01044	0.08315	0.01322	0.00911	0.00849	0.05069	0.08390	0.02794	0.04807	0.10287	0.05933	0.01069	0.00804	0.00202	0.14731	0.23928	0.07189	0.00558
14	0.00841	0.00593	0.00750	0.00709	0.00850	0.00566	0.00537	0.03513	0.04556	0.04356	0.57576	0.09473	0.07233	0.02285	0.00643	0.00176	0.00287	0.03981	0.00554	0.00520
15	0.01726	0.01238	0.01380	0.05246	0.01568	0.01332	0.00903	0.47277	0.09987	0.08199	0.01378	0.01395	0.00996	0.00604	0.00498	0.00150	0.00513	0.00470	0.05872	0.09269
16	0.01286	0.05892	0.03822	0.02149	0.22413	0.07203	0.34861	0.01703	0.06374	0.01632	0.01181	0.01438	0.03200	0.00519	0.00599	0.00165	0.04023	0.00537	0.00283	0.00722
17	0.01933	0.01427	0.01529	0.01179	0.01582	0.01579	0.00969	0.73218	0.03902	0.03200	0.01278	0.01321	0.00926	0.02783	0.00578	0.00166	0.00568	0.00479	0.00516	0.00869
18	0.01281	0.08860	0.01116	0.00810	0.01078	0.00844	0.00647	0.06791	0.04752	0.16875	0.17177	0.09704	0.02186	0.07102	0.00684	0.00178	0.00400	0.03426	0.03463	0.12625
19	0.00983	0.00926	0.01562	0.80447	0.03587	0.01157	0.01446	0.01331	0.01041	0.01331	0.00926	0.01388	0.00694	0.00521	0.00521	0.00174	0.00694	0.00463	0.00231	0.00579
20	0.00927	0.01779	0.00756	0.00688	0.00868	0.00546	0.00542	0.01130	0.01352	0.11681	0.36583	0.04136	0.26620	0.01121	0.00610	0.00175	0.00307	0.09114	0.00539	0.00528
21	0.01210	0.01054	0.01424	0.17573	0.18253	0.01183	0.01108	0.02076	0.37701	0.03394	0.03455	0.01976	0.01404	0.00669	0.00539	0.00175	0.00514	0.05135	0.00411	0.00747
22	0.01045	0.02694	0.79000	0.01484	0.02254	0.01209	0.01924	0.01649	0.01099	0.01649	0.00935	0.01099	0.00660	0.00495	0.00495	0.00165	0.00770	0.00385	0.00220	0.00770
23	0.00616	0.00525	0.00531	0.00536	0.00706	0.00439	0.00399	0.00746	0.01179	0.01404	0.05177	0.08143	0.75170	0.01332	0.00617	0.00177	0.00265	0.01115	0.00484	0.00439
24	0.04603	0.00825	0.00815	0.00714	0.00923	0.03144	0.00557	0.20222	0.03025	0.02233	0.01649	0.01843	0.03788	0.03081	0.00486	0.00147	0.00365	0.00500	0.50490	0.00593
25	0.00632	0.00464	0.00593	0.00696	0.00748	0.00425	0.00470	0.00728	0.01025	0.01341	0.03228	0.70016	0.14556	0.01585	0.00657	0.00206	0.00296	0.01424	0.00483	0.00425
26	0.85377	0.01007	0.00765	0.00685	0.01007	0.01168	0.00564	0.01531	0.00886	0.02336	0.00725	0.00846	0.00564	0.00483	0.00322	0.00161	0.00403	0.00282	0.00322	0.00564
27	0.00618	0.00528	0.00531	0.00530	0.00705	0.00441	0.00398	0.00753	0.01193	0.01422	0.06902	0.04987	0.76602	0.01313	0.00615	0.00176	0.00263	0.01096	0.00486	0.00441
28	0.00663	0.00523	0.00598	0.00644	0.00772	0.00466	0.00486	0.00799	0.01131	0.01400	0.04191	0.21227	0.46543	0.04706	0.00727	0.00208	0.00318	0.13682	0.00476	0.00438
29	0.79264	0.00999	0.00806	0.02536	0.01083	0.01148	0.00594	0.01577	0.00920	0.06151	0.00796	0.00905	0.00603	0.00492	0.00337	0.00161	0.00412	0.00298	0.00336	0.00580
30	0.01945	0.02482	0.01476	0.01342	0.01610	0.79608	0.01006	0.02079	0.01476	0.01275	0.00805	0.00939	0.00671	0.00537	0.00470	0.00134	0.00939	0.00335	0.00268	0.00604
31	0.00641	0.00461	0.00609	0.00721	0.00761	0.00429	0.00488	0.00740	0.01020	0.01357	0.04947	0.75190	0.06028	0.01602	0.00663	0.00210	0.00303	0.02920	0.00486	0.00426
32	0.02239	0.00879	0.01187	0.00919	0.01308	0.00770	0.00756	0.02481	0.03815	0.73320	0.05179	0.01865	0.01447	0.00664	0.00528	0.00162	0.00434	0.00543	0.00638	0.00868
33	0.00971	0.00485	0.00485	0.00485	0.00607	0.00485	0.00364	0.01213	0.01092	0.01942	0.01699	0.01942	0.01335	0.00607	0.00364	0.00121	0.00243	0.00485	0.84589	0.00485
34	0.01139	0.01139	0.01595	0.01367	0.01367	0.01595	0.01139	0.01253	0.00798	0.01253	0.00684	0.01139	0.00684	0.00911	0.01709	0.00228	0.80745	0.00456	0.00228	0.00570
35	0.01206	0.20903	0.49428	0.01431	0.07490	0.01395	0.01569	0.01705	0.04119	0.04744	0.00981	0.01113	0.00736	0.00496	0.00461	0.00152	0.00682	0.00380	0.00253	0.00757
36	0.10922	0.00812	0.00909	0.00856	0.04008	0.02638	0.00627	0.13501	0.01517	0.02214	0.46034	0.02955	0.06253	0.03764	0.00630	0.00174	0.00359	0.00753	0.00503	0.00572
37	0.00992	0.00779	0.00925	0.00803	0.01064	0.00688	0.00603	0.10630	0.01226	0.01745	0.03380	0.36285	0.02039	0.00975	0.00530	0.00148	0.00370	0.00854	0.00417	0.35545
38	0.01045	0.00842	0.04138	0.14867	0.01583	0.00825	0.02539	0.09084	0.02878	0.05842	0.14863	0.13169	0.02495	0.01039	0.00614	0.00193	0.00482	0.22472	0.00452	0.00579
39	0.01500	0.03730	0.04493	0.04439	0.38999	0.25316	0.04228	0.01760	0.01279	0.04702	0.01033	0.01371	0.00867	0.00533	0.00508	0.00153	0.00720	0.03356	0.00283	0.00728
40	0.01531	0.01092	0.02983	0.05813	0.08517	0.02866	0.03835	0.03755	0.03798	0.25605	0.03759	0.01635	0.04105	0.00738	0.00925	0.00185	0.27222	0.00525	0.00401	0.00711
41	0.00646	0.00535	0.00570	0.00579	0.00746	0.00459	0.00447	0.00797	0.01208	0.01468	0.09978	0.05022	0.65719	0.01314	0.00626	0.00181	0.00284	0.08485	0.00489	0.00447
42	0.01100	0.00956	0.08358	0.00858	0.01127	0.00824	0.00740	0.10030	0.13216	0.07543	0.32126	0.04474	0.11738	0.00900	0.00565	0.00166	0.00376	0.00764	0.03506	0.00635
43	0.01804	0.01407	0.01453	0.01201	0.03188	0.07304	0.00953	0.55728	0.07495	0.04433	0.01435	0.06256	0.01148	0.00708	0.00533	0.00162	0.00568	0.02911	0.00496	0.00818
44	0.01191	0.01110	0.04067	0.01262	0.07379	0.01186	0.04850	0.03406	0.45498	0.01951	0.06507	0.02170	0.03984	0.03933	0.00714	0.00192	0.06226	0.03185	0.00453	0.00735
45	0.02894	0.08101	0.14428	0.01639	0.17102	0.26438	0.02728	0.04845	0.02830	0.07470	0.01091	0.01224	0.02397	0.00542	0.00509	0.00148	0.02500	0.00413	0.00304	0.02397
46	0.78347	0.01069	0.00857	0.00832	0.04879	0.03850	0.00631	0.01553	0.00921	0.02269	0.00740	0.00871	0.00581	0.00484	0.00337	0.00160	0.00432	0.00293	0.00317	0.00578
47	0.00634	0.00455	0.00602	0.00721	0.00754	0.00423	0.00481	0.00726	0.01001	0.01331	0.02926	0.79598	0.05169	0.01624	0.00664	0.00211	0.00301	0.01472	0.00483	0.00423
48	0.00662	0.00539	0.00589	0.00583	0.00742	0.00471	0.00438	0.00848	0.02712	0.01585	0.22566	0.07157	0.55374	0.01259	0.00617	0.00175	0.00268	0.02449	0.00506	0.00460
49	0.10774	0.05589	0.33483	0.01180	0.01708	0.08615	0.02723	0.02839	0.04016	0.12977	0.03847	0.01278	0.00942	0.00537	0.00469	0.00152	0.00624	0.00411	0.00334	0.07499
50	0.01156	0.00906	0.01009	0.00963	0.03481	0.00974	0.00722	0.02054	0.43947	0.07576	0.05198	0.05872	0.19454	0.00909	0.00563	0.00178	0.00380	0.03439	0.00517	0.00702
51	0.00677	0.00519	0.00620	0.00618	0.00747	0.00462	0.00455	0.00857	0.01296	0.01722	0.39912	0.15910	0.31833	0.01244	0.00622	0.00175	0.00261	0.01081	0.00527	0.00462
52	0.00717	0.00525	0.00674	0.00662	0.00779	0.00482	0.00494	0.00933	0.01379	0.01913	0.59463	0.13445	0.11623	0.01171	0.00624	0.00173	0.00263	0.03652	0.00551	0.00478
53	0.13567	0.34117	0.24723	0.01174	0.01693	0.06000	0.07395	0.03198	0.01112	0.01594	0.00829	0.00976	0.00665	0.00474	0.00414	0.00142	0.00645	0.00345	0.00249	0.00686
54	0.01235	0.01387	0.02972	0.02300	0.10695	0.01309	0.68666	0.01661	0.01225	0.01672	0.01046	0.01393	0.00794	0.00442	0.00604	0.00173	0.00851	0.00599	0.00263	0.00715
55	0.00642	0.00459	0.00612	0.00728	0.00762	0.00429	0.00491	0.00740	0.01016	0.01358	0.05291	0.77367	0.03483	0.01609	0.00664	0.00211	0.00304	0.02922	0.00486	0.00426
56	0.00803	0.00563	0.00697	0.00654	0.00687	0.00566	0.03341	0.02493	0.00816	0.01092	0.01601	0.03239	0.01809	0.74312	0.04877	0.00494	0.00548	0.00739	0.00317	0.00348
57	0.00760	0.00574	0.00791	0.02677	0.00949	0.00568	0.03146	0.04840	0.01104	0.01483	0.07131	0.61144	0.03118	0.04609	0.00748	0.00216	0.01828	0.03382	0.00466	0.00465
58	0.01355	0.68107	0.14076	0.00991	0.01481	0.03952	0.01048	0.01586	0.01075	0.01290	0.00758	0.00877	0.00667	0.00455	0.00362	0.00120	0.00599	0.00296	0.00224	0.00682
59	0.01392	0.82012	0.02729	0.00891	0.01337	0.02061	0.00891	0.01559	0.01058	0.01225	0.00724	0.00835	0.00668	0.00446	0.00334	0.00111	0.00557	0.00278	0.00223	0.00668
60	0.01484	0.01069	0.01182	0.00974	0.01314	0.01122	0.00777	0.19782	0.30795	0.11653	0.05039	0.01902	0.05797	0.00685	0.00512	0.00155	0.00430	0.00557	0.03052	0.11721
61	0.06601	0.01143	0.01876	0.03211	0.05009	0.01061	0.28122	0.07060	0.02495	0.11863	0.01190	0.02917	0.00908	0.00498	0.00508	0.00144	0.00601	0.00495	0.00355	0.23944
62	0.01117	0.00626	0.00641	0.00589	0.00753	0.00649	0.00455	0.12144	0.01288	0.02136	0.01634	0.01841	0.01270	0.00609	0.00387	0.00126	0.00291	0.00483	0.72418	0.00543
63	0.00634	0.00453	0.00604	0.00725	0.00755	0.00423	0.00483	0.00725	0.00997	0.01329	0.02870	0.81358	0.03444	0.01632	0.00665	0.00211	0.00302	0.01480	0.00483	0.00423
64	0.02490	0.00884	0.00934	0.00804	0.01042	0.00958	0.00636	0.25971	0.10151	0.02362	0.01671	0.03372	0.02783	0.00774	0.03261	0.00168	0.00414	0.00524	0.40149	0.00652
65	0.01045	0.02694	0.79000	0.01484	0.02254	0.01209	0.01924	0.01649	0.01099	0.01649	0.00935	0.01099	0.00660	0.00495	0.00495	0.00165	0.00770	0.00385	0.00220	0.00770
66	0.01554	0.00928	0.02576	0.00925	0.01231	0.00910	0.00746	0.02246	0.30269	0.31200	0.13933	0.04827	0.04755	0.00786	0.00547	0.00170	0.00396	0.00661	0.00571	0.00769
67	0.00894	0.00492	0.00515	0.00515	0.00593	0.00492	0.00347	0.01049	0.00972	0.01606	0.01678	0.02470	0.01536	0.29813	0.01188	0.00259	0.00337	0.00583	0.54237	0.00424
68	0.00983	0.00926	0.01562	0.80447	0.03587	0.01157	0.01446	0.01331	0.01041	0.01331	0.00926	0.01388	0.00694	0.00521	0.00521	0.00174	0.00694	0.00463	0.00231	0.00579
69	0.00642	0.00464	0.00594	0.00694	0.00736	0.00431	0.00462	0.00730	0.00997	0.01312	0.03005	0.68009	0.10471	0.07820	0.00814	0.00231	0.00314	0.01388	0.00470	0.00416
70	0.00635	0.00460	0.00598	0.00707	0.00748	0.00426	0.00474	0.00727	0.01007	0.01330	0.03033	0.74038	0.09189	0.03073	0.00697	0.00214	0.00303	0.01438	0.00480	0.00422
71	0.01675	0.01180	0.01281	0.01067	0.01409	0.02905	0.00853	0.22989	0.38734	0.16816	0.04139	0.01758	0.01421	0.00680	0.00528	0.00167	0.00468	0.00549	0.00545	0.00838
72	0.01295	0.00739	0.00924	0.00842	0.01053	0.00722	0.00640	0.05241	0.12984	0.23349	0.16601	0.28578	0.02712	0.01060	0.00588	0.00180	0.00361	0.00927	0.00554	0.00649
73	0.43491	0.00844	0.00768	0.00682	0.00940	0.00912	0.00538	0.05710	0.01099	0.08015	0.05579	0.01967	0.11086	0.08030	0.00617	0.00190	0.00384	0.00512	0.08076	0.00558
74	0.00642	0.00459	0.00600	0.00710	0.00742	0.00429	0.00470	0.00728	0.00986	0.01310	0.02853	0.74204	0.05326	0.06892	0.00794	0.00230	0.00314	0.01423	0.00472	0.00416
75	0.01190	0.01240	0.02406	0.13165	0.07551	0.01261	0.44309	0.04650	0.01188	0.01633	0.01022	0.01388	0.00801	0.00683	0.04931	0.00209	0.07251	0.00548	0.00269	0.04307
76	0.32983	0.01243	0.01213	0.00979	0.01345	0.01399	0.00804	0.42080	0.06519	0.02825	0.01121	0.01161	0.00822	0.00577	0.00443	0.00158	0.00491	0.00407	0.02677	0.00751
77	0.08109	0.10821	0.05164	0.02536	0.01465	0.11378	0.00908	0.31940	0.03114	0.06730	0.01365	0.01405	0.04899	0.00607	0.00469	0.00147	0.00566	0.00447	0.05575	0.02355
78	0.16272	0.04786	0.28213	0.03606	0.04552	0.02949	0.03623	0.04343	0.01230	0.18853	0.05801	0.01388	0.01058	0.00561	0.00477	0.00160	0.00586	0.00441	0.00368	0.00733
79	0.04987	0.00925	0.01022	0.02313	0.01149	0.00977	0.00678	0.28400	0.01582	0.11958	0.01501	0.01724	0.01159	0.07053	0.03871	0.00200	0.00471	0.00497	0.27750	0.01782
80	0.06777	0.02349	0.00830	0.01844	0.00976	0.03374	0.00585	0.01320	0.09598	0.08087	0.22463	0.05199	0.26836	0.01090	0.02336	0.00187	0.00372	0.04730	0.00493	0.00555
81	0.01430	0.01020	0.01178	0.01074	0.05911	0.01073	0.00781	0.25543	0.15883	0.09886	0.04388	0.07239	0.07079	0.11239	0.00812	0.00208	0.00467	0.00654	0.00482	0.03651
82	0.00877	0.00454	0.00669	0.00680	0.00683	0.00451	0.00452	0.00685	0.00709	0.00946	0.01100	0.08872	0.01158	0.03666	0.01925	0.75183	0.00440	0.00553	0.00252	0.00246
83	0.03575	0.00870	0.02414	0.00884	0.01247	0.00751	0.00733	0.02249	0.04045	0.61258	0.09003	0.02163	0.06951	0.00725	0.00534	0.00163	0.00417	0.00596	0.00610	0.00810
84	0.02457	0.03754	0.52133	0.04145	0.08895	0.08240	0.04755	0.01698	0.01149	0.04772	0.00965	0.01144	0.00707	0.00509	0.00524	0.00162	0.02595	0.00403	0.00249	0.00746
85	0.02059	0.00890	0.02762	0.00937	0.02800	0.00769	0.00761	0.02328	0.04559	0.62441	0.04684	0.01847	0.01412	0.00652	0.00511	0.00158	0.00426	0.00533	0.08642	0.00828
86	0.00647	0.00468	0.00615	0.00728	0.00774	0.00436	0.00501	0.00750	0.01022	0.01349	0.03014	0.71561	0.08109	0.01599	0.00665	0.00211	0.00311	0.06329	0.00483	0.00428
87	0.01073	0.01215	0.06293	0.01788	0.07790	0.02713	0.42326	0.01400	0.01148	0.01556	0.01523	0.23238	0.01506	0.00786	0.00644	0.00184	0.03045	0.00817	0.00320	0.00633
88	0.01521	0.01199	0.01405	0.01116	0.04485	0.01180	0.03419	0.38165	0.01746	0.02445	0.01118	0.01271	0.00872	0.03582	0.00550	0.00138	0.00508	0.00420	0.00409	0.34451
89	0.01168	0.30557	0.48938	0.01246	0.01889	0.01488	0.01507	0.01604	0.01084	0.01502	0.00860	0.01006	0.00667	0.00473	0.00434	0.00142	0.00679	0.00344	0.00225	0.04188
90	0.01198	0.09242	0.16178	0.03130	0.07668	0.04666	0.11649	0.01476	0.01008	0.01431	0.00824	0.01146	0.00706	0.00652	0.00998	0.00183	0.33966	0.00439	0.00237	0.03203
91	0.00745	0.00613	0.00622	0.00599	0.00773	0.03423	0.00451	0.00905	0.01271	0.03922	0.21348	0.04509	0.56550	0.01212	0.00607	0.00171	0.00290	0.01018	0.00501	0.00471
92	0.00648	0.00460	0.00602	0.00714	0.00755	0.00429	0.00483	0.00748	0.01012	0.01356	0.02933	0.74247	0.06507	0.01583	0.00655	0.00208	0.00302	0.02876	0.03056	0.00427
93	0.02633	0.01139	0.04586	0.12440	0.04759	0.01168	0.07317	0.30412	0.03132	0.02297	0.01374	0.06777	0.01111	0.00646	0.00502	0.00158	0.00534	0.00547	0.17769	0.00700
94	0.01013	0.00978	0.01691	0.69364	0.03387	0.01195	0.07725	0.01354	0.01043	0.01354	0.00922	0.01376	0.00702	0.00536	0.00596	0.00177	0.05288	0.00475	0.00234	0.00588
95	0.00637	0.00524	0.00558	0.00559	0.00715	0.00448	0.00413	0.00781	0.01211	0.01496	0.15918	0.09145	0.61582	0.02877	0.00658	0.00183	0.00268	0.01091	0.00494	0.00444
96	0.00664	0.00483	0.00632	0.00737	0.00796	0.00451	0.00525	0.00784	0.01056	0.01389	0.05084	0.61342	0.10636	0.01559	0.00666	0.00211	0.00322	0.11742	0.00485	0.00434
97	0.00946	0.00507	0.00746	0.03969	0.00831	0.00523	0.00512	0.03408	0.00756	0.01007	0.00918	0.01563	0.00895	0.01714	0.01919	0.78365	0.00467	0.00453	0.00237	0.00264
98	0.00642	0.00531	0.00565	0.00564	0.00730	0.00454	0.00428	0.00795	0.01229	0.01512	0.15793	0.04884	0.64466	0.01287	0.00620	0.00177	0.00270	0.04108	0.00496	0.00449
99	0.01511	0.00763	0.00969	0.00820	0.01092	0.00708	0.00651	0.03402	0.08746	0.36025	0.23999	0.05613	0.10438	0.00888	0.00568	0.00168	0.00364	0.01992	0.00586	0.00699
100	0.26474	0.05234	0.49275	0.01198	0.01805	0.01212	0.01427	0.01647	0.01050	0.05008	0.00909	0.01040	0.00657	0.00496	0.00438	0.00162	0.00638	0.00355	0.00268	0.00709
101	0.01918	0.02431	0.01502	0.01418	0.04762	0.76393	0.01030	0.02060	0.01464	0.01292	0.00812	0.00953	0.00677	0.00534	0.00471	0.00135	0.00926	0.00341	0.00268	0.00613
102	0.01338	0.01140	0.01202	0.01068	0.01370	0.01315	0.00835	0.07384	0.72822	0.02247	0.02065	0.01900	0.01546	0.00701	0.00529	0.00175	0.00422	0.00581	0.00529	0.00828
103	0.00690	0.03817	0.00719	0.00750	0.00811	0.00511	0.00534	0.00807	0.01044	0.01387	0.06734	0.66799	0.03365	0.01535	0.00654	0.00208	0.00326	0.08391	0.00477	0.00442
104	0.01925	0.02410	0.01482	0.01337	0.01604	0.74761	0.01009	0.04710	0.01492	0.01345	0.00818	0.00956	0.00679	0.00550	0.00504	0.00137	0.03048	0.00343	0.00276	0.00613
105	0.01273	0.00919	0.01069	0.00858	0.01184	0.00861	0.00678	0.15700	0.03699	0.08317	0.02629	0.12906	0.03623	0.00713	0.00522	0.00134	0.03254	0.00584	0.06871	0.34206
106	0.01181	0.01214	0.02189	0.01655	0.02037	0.01240	0.41792	0.01805	0.19486	0.01748	0.03929	0.03808	0.03543	0.00625	0.00692	0.00178	0.08327	0.00631	0.00348	0.03571
107	0.00634	0.00453	0.00604	0.00725	0.00755	0.00423	0.00483	0.00725	0.00997	0.01329	0.02870	0.81358	0.03444	0.01632	0.00665	0.00211	0.00302	0.01480	0.00483	0.00423
108	0.00659	0.00509	0.00625	0.03797	0.00851	0.00475	0.00491	0.00791	0.02304	0.01354	0.03504	0.48559	0.27476	0.05175	0.00733	0.00211	0.00316	0.01269	0.00467	0.00436
109	0.01064	0.05476	0.72219	0.01479	0.02210	0.01253	0.03851	0.01636	0.01094	0.01624	0.00924	0.01099	0.00664	0.00502	0.00524	0.00165	0.02846	0.00389	0.00221	0.00759
110	0.01279	0.01227	0.02096	0.05682	0.76041	0.01235	0.01593	0.01590	0.01181	0.01689	0.00978	0.01292	0.00821	0.00466	0.00516	0.00155	0.00621	0.00464	0.00257	0.00817
111	0.06286	0.01227	0.01250	0.01010	0.01345	0.04017	0.00818	0.47171	0.07659	0.02720	0.03207	0.01780	0.09016	0.00698	0.00504	0.00156	0.00491	0.00539	0.09349	0.00758
112	0.00811	0.00592	0.00690	0.00661	0.00827	0.00547	0.00500	0.01097	0.07438	0.05756	0.32661	0.09322	0.33595	0.01160	0.00608	0.00174	0.00284	0.02233	0.00530	0.00513
113	0.39382	0.17857	0.19607	0.00977	0.01433	0.04771	0.00997	0.06677	0.01102	0.01969	0.00813	0.00935	0.00634	0.00490	0.00385	0.00150	0.00555	0.00320	0.00289	0.00657
114	0.00672	0.00470	0.00596	0.00678	0.00702	0.00448	0.00435	0.00740	0.00938	0.01253	0.04086	0.57148	0.03025	0.24826	0.01239	0.00296	0.00360	0.01260	0.00437	0.00393
115	0.00638	0.00468	0.00593	0.00688	0.00742	0.00430	0.00465	0.00735	0.01028	0.01346	0.04681	0.65518	0.14995	0.04148	0.00720	0.00214	0.00302	0.01388	0.00480	0.00423
116	0.00925	0.00670	0.00811	0.00827	0.00941	0.00681	0.00593	0.17143	0.01311	0.01751	0.02520	0.64050	0.02891	0.01414	0.00634	0.00200	0.00361	0.01262	0.00492	0.00523
117	0.08312	0.00970	0.01161	0.00946	0.01303	0.00967	0.00765	0.05326	0.22727	0.45921	0.04645	0.01805	0.01431	0.00664	0.00513	0.00165	0.00429	0.00536	0.00581	0.00830
118	0.00669	0.00541	0.00599	0.00606	0.00761	0.00477	0.00460	0.00853	0.02818	0.01548	0.17683	0.10328	0.52929	0.01293	0.00624	0.00181	0.00282	0.06390	0.00500	0.00458
119	0.00955	0.00589	0.00719	0.00702	0.00870	0.00527	0.00532	0.02547	0.01242	0.14057	0.12032	0.25049	0.30666	0.01261	0.00619	0.00186	0.00322	0.06080	0.00520	0.00525
120	0.01199	0.30158	0.47188	0.01257	0.01875	0.05045	0.01494	0.01621	0.01096	0.01475	0.00866	0.01023	0.00678	0.00560	0.02293	0.00161	0.00718	0.00350	0.00224	0.00720
121	0.09355	0.08579	0.01514	0.01121	0.01483	0.20338	0.00913	0.39711	0.01863	0.05164	0.01098	0.01150	0.00819	0.00575	0.00468	0.00146	0.00626	0.00406	0.03915	0.00753
122	0.01232	0.01396	0.06800	0.10244	0.14886	0.01300	0.48122	0.04670	0.01237	0.01695	0.01022	0.01356	0.00781	0.00472	0.00602	0.00172	0.02477	0.00553	0.00267	0.00718

[dist]
# distance from previous block
# <min> <max>
0	1

[block]
# block no. 4 follows, 47 sequences, length 31
# corresponding to MSA columns:
# 570-600
name=unknown_E
#
# <colnr> <probs for GDERKNQSTAVLIFYWHMCP>
#	G	D	E	R	K	N	Q	S	T	A	V	L	I	F	Y	W	H	M	C	P
0	0.01149	0.23422	0.44094	0.01493	0.10375	0.01405	0.03916	0.01577	0.01106	0.01532	0.01096	0.01248	0.04405	0.00516	0.00464	0.00150	0.00676	0.00407	0.00239	0.00731
1	0.00964	0.00583	0.00749	0.00682	0.00852	0.00524	0.00520	0.01181	0.01421	0.13798	0.53880	0.06550	0.14161	0.01055	0.00602	0.00167	0.00281	0.00918	0.00569	0.00543
2	0.11556	0.00891	0.03903	0.02882	0.05058	0.00840	0.02446	0.05636	0.06904	0.15946	0.18014	0.05475	0.10270	0.04633	0.00640	0.00185	0.00418	0.03192	0.00477	0.00636
3	0.01588	0.05657	0.03133	0.03221	0.02752	0.03302	0.13671	0.17451	0.08116	0.17154	0.03203	0.02863	0.01098	0.00627	0.00639	0.00163	0.08445	0.00517	0.00422	0.05980
4	0.00923	0.03814	0.00793	0.00690	0.00880	0.00608	0.00539	0.02942	0.03089	0.09892	0.20000	0.11497	0.34963	0.01164	0.00602	0.00176	0.00320	0.06067	0.00512	0.00529
5	0.00651	0.00476	0.00637	0.00747	0.00776	0.00462	0.00505	0.00743	0.00990	0.01327	0.02797	0.78673	0.03352	0.01607	0.00700	0.00212	0.02995	0.01446	0.00475	0.00428
6	0.00656	0.00492	0.00629	0.00719	0.00780	0.00465	0.00505	0.00763	0.01039	0.01355	0.03244	0.61103	0.16844	0.01546	0.00685	0.00207	0.02267	0.05792	0.00477	0.00433
7	0.01111	0.01135	0.07467	0.01104	0.01556	0.00878	0.14301	0.05050	0.02781	0.01742	0.01169	0.08537	0.01034	0.00536	0.00470	0.00120	0.00505	0.00490	0.00325	0.49688
8	0.03155	0.01052	0.01146	0.00870	0.01289	0.02862	0.00696	0.12029	0.10361	0.01986	0.01126	0.01220	0.00892	0.00469	0.00422	0.00104	0.00425	0.00369	0.02580	0.56946
9	0.00655	0.00468	0.00628	0.00748	0.00787	0.00441	0.00519	0.00760	0.01017	0.01352	0.02859	0.73864	0.03400	0.01612	0.00670	0.00214	0.00320	0.08774	0.00483	0.00429
10	0.00737	0.00550	0.00702	0.00773	0.00893	0.00518	0.00625	0.00921	0.01181	0.01518	0.09896	0.16927	0.23647	0.02822	0.00708	0.00216	0.00374	0.36048	0.00486	0.00458
11	0.01337	0.03961	0.05958	0.10234	0.48675	0.09096	0.01435	0.01742	0.07802	0.03213	0.01067	0.01306	0.00859	0.00503	0.00506	0.00156	0.00643	0.00453	0.00285	0.00772
12	0.00657	0.00473	0.00625	0.00721	0.00772	0.00441	0.00498	0.00776	0.01074	0.01440	0.12611	0.65439	0.05992	0.01540	0.00659	0.00206	0.00302	0.04847	0.00495	0.00435
13	0.80124	0.02621	0.00836	0.00715	0.01040	0.03180	0.00589	0.02911	0.00933	0.02305	0.00737	0.00855	0.00575	0.00487	0.00330	0.00159	0.00422	0.00287	0.00323	0.00573
14	0.00634	0.00453	0.00604	0.00725	0.00755	0.00423	0.00483	0.00725	0.00997	0.01329	0.02870	0.81358	0.03444	0.01632	0.00665	0.00211	0.00302	0.01480	0.00483	0.00423
15	0.01305	0.00905	0.01103	0.00850	0.01234	0.00776	0.01960	0.04659	0.08130	0.15490	0.08736	0.04343	0.02810	0.00594	0.00468	0.00120	0.00396	0.00498	0.00430	0.45194
16	0.02970	0.19235	0.05381	0.09787	0.01757	0.21187	0.01039	0.23849	0.02657	0.03892	0.02911	0.01172	0.00868	0.00557	0.00465	0.00144	0.00668	0.00401	0.00348	0.00713
17	0.00750	0.00576	0.00721	0.02834	0.00886	0.00582	0.00549	0.03187	0.01134	0.01529	0.12458	0.40080	0.19591	0.01323	0.00701	0.00191	0.06283	0.01141	0.05016	0.00468
18	0.00781	0.00526	0.00677	0.00738	0.00825	0.00491	0.00526	0.02882	0.01133	0.05636	0.09391	0.56548	0.10520	0.01462	0.00648	0.00202	0.00319	0.05725	0.00500	0.00471
19	0.00762	0.00582	0.00656	0.00630	0.00792	0.00535	0.00473	0.01026	0.06924	0.03629	0.27998	0.04269	0.41017	0.05849	0.00727	0.00192	0.00292	0.02646	0.00510	0.00490
20	0.08496	0.18808	0.01738	0.01276	0.06113	0.36266	0.00979	0.17238	0.01523	0.01788	0.00884	0.00995	0.00715	0.00527	0.00443	0.00137	0.00721	0.00354	0.00314	0.00685
21	0.00647	0.00462	0.00618	0.00739	0.00775	0.00434	0.00505	0.00746	0.01009	0.01343	0.02863	0.76832	0.03417	0.01620	0.00668	0.00213	0.00313	0.05886	0.00483	0.00426
22	0.00651	0.00469	0.00604	0.00705	0.00747	0.00438	0.00475	0.00742	0.00998	0.01316	0.02939	0.66208	0.08843	0.08508	0.00834	0.00235	0.00323	0.04079	0.00469	0.00417
23	0.01741	0.02515	0.04879	0.01002	0.01359	0.01056	0.00842	0.19057	0.15830	0.30975	0.09077	0.06141	0.01674	0.00734	0.00536	0.00165	0.00458	0.00604	0.00552	0.00803
24	0.05020	0.00789	0.00824	0.00747	0.00892	0.02956	0.00533	0.13643	0.07271	0.01775	0.09460	0.05500	0.02961	0.34055	0.02479	0.00310	0.00464	0.00681	0.09126	0.00513
25	0.01045	0.02694	0.79000	0.01484	0.02254	0.01209	0.01924	0.01649	0.01099	0.01649	0.00935	0.01099	0.00660	0.00495	0.00495	0.00165	0.00770	0.00385	0.00220	0.00770
26	0.00738	0.00561	0.00697	0.00742	0.00874	0.00526	0.00594	0.00959	0.03070	0.01605	0.18358	0.13256	0.26906	0.01331	0.00656	0.00200	0.00345	0.27610	0.00501	0.00472
27	0.06214	0.03862	0.17429	0.02712	0.05580	0.10279	0.03169	0.34330	0.07390	0.02379	0.01133	0.01211	0.00835	0.00567	0.00497	0.00157	0.00645	0.00434	0.00388	0.00789
28	0.01333	0.01197	0.01917	0.06657	0.53715	0.03228	0.05114	0.01689	0.05368	0.07393	0.01296	0.01519	0.04227	0.00542	0.00553	0.00160	0.02493	0.00506	0.00310	0.00782
29	0.00860	0.00632	0.00761	0.00777	0.00895	0.00624	0.00562	0.12867	0.01295	0.01719	0.09276	0.51684	0.11774	0.01383	0.00633	0.00195	0.00340	0.02723	0.00497	0.00506
30	0.03559	0.03058	0.01107	0.03640	0.03001	0.01048	0.00772	0.07395	0.34702	0.03021	0.03966	0.05840	0.05697	0.07583	0.00720	0.00202	0.00439	0.08669	0.00463	0.05120

[dist]
# distance from previous block
# <min> <max>
1	3

[block]
# block no. 5 follows, 47 sequences, length 51
# corresponding to MSA columns:
# 604-654
name=unknown_F
#
# <colnr> <probs for GDERKNQSTAVLIFYWHMCP>
#	G	D	E	R	K	N	Q	S	T	A	V	L	I	F	Y	W	H	M	C	P
0	0.03592	0.01342	0.06947	0.38651	0.07273	0.13979	0.01247	0.06147	0.04990	0.03946	0.01294	0.01534	0.05700	0.00587	0.00511	0.00164	0.00671	0.00480	0.00302	0.00642
1	0.01194	0.03590	0.01342	0.02846	0.18731	0.06061	0.03082	0.13491	0.04113	0.03092	0.08183	0.09589	0.18032	0.00875	0.00561	0.00168	0.00491	0.03489	0.00416	0.00652
2	0.01023	0.00820	0.00993	0.00817	0.01127	0.00715	0.01883	0.02414	0.09710	0.03670	0.04628	0.17761	0.01653	0.04315	0.03115	0.00167	0.00416	0.00644	0.00390	0.43740
3	0.01161	0.21063	0.45602	0.06408	0.06187	0.03848	0.01527	0.01597	0.01102	0.01534	0.00920	0.01102	0.00706	0.00490	0.00453	0.00149	0.00686	0.00372	0.04374	0.00717
4	0.10502	0.00935	0.01472	0.71450	0.03296	0.01158	0.01347	0.01353	0.01024	0.01444	0.00903	0.01327	0.00680	0.00516	0.00498	0.00172	0.00661	0.00442	0.00242	0.00577
5	0.01145	0.12597	0.01288	0.00908	0.01155	0.01079	0.00747	0.17384	0.01250	0.01715	0.01337	0.01716	0.03498	0.04403	0.35903	0.00458	0.02984	0.00494	0.01363	0.08575
