[name]
unknown

[dist]
# distance from previous block
# <min> <max>
16	100

[block]
# block no. 0 follows, 45 sequences, length 13
# corresponding to MSA columns:
# 406-418
name=unknown_A
#
# <colnr> <probs for GDERKNQSTAVLIFYWHMCP>
#	G	D	E	R	K	N	Q	S	T	A	V	L	I	F	Y	W	H	M	C	P
0	0.13564	0.04437	0.16443	0.01216	0.01637	0.22446	0.01111	0.18304	0.10177	0.02101	0.01118	0.01232	0.00860	0.02452	0.00534	0.00167	0.00686	0.00416	0.00363	0.00735
1	0.01554	0.65825	0.02578	0.00980	0.01434	0.02034	0.00938	0.16152	0.01371	0.01677	0.00852	0.00945	0.00733	0.00495	0.00382	0.00124	0.00577	0.00325	0.00290	0.00733
2	0.01033	0.00954	0.01513	0.64389	0.03223	0.01099	0.01324	0.01368	0.01081	0.01445	0.00954	0.01369	0.00731	0.00509	0.00509	0.00159	0.00653	0.00446	0.00254	0.16985
3	0.01014	0.00954	0.01610	0.79845	0.03697	0.01193	0.01491	0.01371	0.01073	0.01371	0.00954	0.01431	0.00716	0.00537	0.00537	0.00179	0.00716	0.00477	0.00239	0.00596
4	0.00731	0.00507	0.00633	0.00680	0.00704	0.00507	0.00433	0.00790	0.00884	0.01190	0.02140	0.32558	0.02482	0.41742	0.11210	0.00448	0.00553	0.01038	0.00386	0.00386
5	0.02111	0.01066	0.01643	0.01235	0.01670	0.00981	0.15480	0.07016	0.05126	0.54951	0.01868	0.01728	0.01217	0.00625	0.00558	0.00169	0.00551	0.00558	0.00574	0.00873
6	0.00776	0.00538	0.00677	0.00677	0.00709	0.00570	0.00440	0.00839	0.00808	0.01109	0.01608	0.03049	0.01750	0.55642	0.27949	0.00634	0.00824	0.00713	0.00313	0.00376
7	0.01610	0.01194	0.01286	0.01031	0.01365	0.01286	0.00831	0.50697	0.04270	0.02744	0.04900	0.02246	0.16104	0.03147	0.00696	0.04182	0.00503	0.00639	0.00511	0.00757
8	0.01214	0.01062	0.01610	0.64475	0.03300	0.01285	0.01399	0.15963	0.01357	0.01765	0.01020	0.01403	0.00754	0.00558	0.00537	0.00175	0.00691	0.00478	0.00297	0.00658
9	0.01382	0.01776	0.17554	0.01923	0.02484	0.05606	0.46535	0.12451	0.01436	0.01933	0.01077	0.01337	0.00796	0.00497	0.00587	0.00174	0.00841	0.00550	0.00301	0.00759
10	0.02809	0.01045	0.01394	0.01441	0.16221	0.01078	0.02954	0.19118	0.04185	0.11332	0.01486	0.07401	0.01308	0.12429	0.03244	0.03184	0.03078	0.00605	0.00417	0.05272
11	0.01773	0.01470	0.02060	0.01539	0.01979	0.01575	0.22535	0.50739	0.02074	0.02795	0.01200	0.01329	0.00874	0.00605	0.00629	0.00171	0.04841	0.00526	0.00445	0.00842
12	0.01046	0.00912	0.01488	0.01187	0.01394	0.00925	0.22164	0.08032	0.01114	0.01503	0.01612	0.06294	0.04189	0.36882	0.04485	0.00361	0.04816	0.00735	0.00338	0.00523

[dist]
# distance from previous block
# <min> <max>
22	84

[block]
# block no. 1 follows, 45 sequences, length 9
# corresponding to MSA columns:
# 528-536
name=unknown_B
#
# <colnr> <probs for GDERKNQSTAVLIFYWHMCP>
#	G	D	E	R	K	N	Q	S	T	A	V	L	I	F	Y	W	H	M	C	P
0	0.05682	0.01196	0.04919	0.06030	0.05369	0.01173	0.00939	0.29689	0.05376	0.06119	0.04449	0.08554	0.01313	0.00744	0.00584	0.03460	0.00515	0.00566	0.00442	0.12880
1	0.08835	0.04967	0.01044	0.01024	0.09554	0.00810	0.00690	0.04921	0.01308	0.08128	0.23163	0.11487	0.13107	0.06517	0.00719	0.00197	0.00393	0.02077	0.00472	0.00587
2	0.00885	0.00601	0.00715	0.00706	0.00811	0.00590	0.00487	0.01116	0.08086	0.06248	0.12427	0.19786	0.12327	0.28292	0.04258	0.00326	0.00431	0.00969	0.00459	0.00480
3	0.12241	0.01064	0.02977	0.34575	0.04720	0.04014	0.04794	0.01596	0.11903	0.01683	0.01369	0.10396	0.01205	0.00696	0.00530	0.00178	0.00593	0.02063	0.00335	0.03068
4	0.08315	0.00879	0.01008	0.09675	0.01336	0.04304	0.00718	0.08797	0.01349	0.14904	0.16012	0.02632	0.10140	0.12455	0.04957	0.00255	0.00521	0.00678	0.00459	0.00605
5	0.02809	0.00660	0.00928	0.20069	0.01555	0.00690	0.00786	0.01085	0.01216	0.04003	0.19962	0.20784	0.12387	0.01143	0.00624	0.00193	0.00420	0.09708	0.00457	0.00519
6	0.01200	0.00849	0.01319	0.36753	0.07027	0.00953	0.01096	0.03769	0.03015	0.10003	0.01259	0.01857	0.01044	0.00948	0.00933	0.20759	0.00594	0.05731	0.00322	0.00568
7	0.01534	0.01125	0.01223	0.01028	0.01324	0.03288	0.00803	0.35552	0.08958	0.07142	0.01821	0.20912	0.01692	0.05007	0.00676	0.00190	0.00493	0.00754	0.00505	0.05972
8	0.55406	0.01016	0.00949	0.00807	0.01159	0.01107	0.00661	0.01970	0.08114	0.22379	0.01242	0.01229	0.00877	0.00563	0.00407	0.00168	0.00427	0.00386	0.00440	0.00694

[dist]
# distance from previous block
# <min> <max>
0	1

[block]
# block no. 2 follows, 45 sequences, length 81
# corresponding to MSA columns:
# 538-618
name=unknown_C
#
# <colnr> <probs for GDERKNQSTAVLIFYWHMCP>
#	G	D	E	R	K	N	Q	S	T	A	V	L	I	F	Y	W	H	M	C	P
0	0.01909	0.02236	0.01544	0.01358	0.01654	0.58435	0.02634	0.11339	0.08331	0.01662	0.01009	0.01117	0.00806	0.00590	0.00538	0.00149	0.03281	0.00396	0.00332	0.00680
1	0.01083	0.01025	0.01735	0.63042	0.19960	0.01211	0.01525	0.01432	0.01106	0.01455	0.00966	0.01409	0.00745	0.00524	0.00536	0.00175	0.00698	0.00477	0.00244	0.00652
2	0.01109	0.01071	0.01826	0.01352	0.01772	0.00960	0.28144	0.01411	0.01116	0.01634	0.01088	0.01445	0.00911	0.02736	0.12899	0.00253	0.02565	0.00487	0.00294	0.36927
3	0.00846	0.00605	0.00843	0.00960	0.01078	0.00601	0.00826	0.01083	0.01231	0.01609	0.05471	0.11286	0.03191	0.01483	0.00734	0.00242	0.00473	0.66449	0.00498	0.00491
4	0.01199	0.01143	0.01945	0.34798	0.47296	0.01241	0.01583	0.01534	0.01161	0.01596	0.00987	0.01371	0.00795	0.00502	0.00534	0.00167	0.00670	0.00478	0.00255	0.00746
5	0.01047	0.00988	0.01671	0.71677	0.11603	0.01201	0.01507	0.01401	0.01089	0.01412	0.00960	0.01420	0.00730	0.00530	0.00536	0.00177	0.00707	0.00477	0.00241	0.00623
6	0.00662	0.00473	0.00630	0.00742	0.00780	0.00441	0.00499	0.00766	0.01063	0.01426	0.08248	0.75337	0.03658	0.01640	0.00681	0.00215	0.00307	0.01487	0.00505	0.00441
7	0.01221	0.00641	0.00789	0.00712	0.00838	0.00607	0.00483	0.02841	0.01069	0.21312	0.05581	0.09012	0.02042	0.48410	0.01854	0.00380	0.00476	0.00778	0.00445	0.00509
8	0.00734	0.00527	0.00684	0.00751	0.00824	0.00502	0.00540	0.00901	0.02714	0.01558	0.18825	0.42120	0.06468	0.07684	0.00861	0.01713	0.00344	0.11295	0.00500	0.00456
9	0.00736	0.00526	0.00717	0.00841	0.00908	0.00507	0.00641	0.00889	0.01109	0.01462	0.02913	0.51728	0.03371	0.01604	0.00707	0.00229	0.00383	0.29774	0.00497	0.00459
10	0.00636	0.00537	0.00551	0.00561	0.00730	0.00452	0.00416	0.00768	0.01207	0.01443	0.05226	0.11642	0.71230	0.01387	0.00639	0.00184	0.00275	0.01167	0.00498	0.00452
11	0.01892	0.01243	0.01382	0.01083	0.01465	0.01316	0.00885	0.50913	0.02128	0.16596	0.01958	0.03513	0.10116	0.00776	0.00580	0.01657	0.00521	0.00592	0.00549	0.00837
12	0.00654	0.00467	0.00623	0.00747	0.00779	0.00436	0.00498	0.00747	0.01028	0.01370	0.02959	0.80785	0.03550	0.01682	0.00685	0.00218	0.00311	0.01526	0.00498	0.00436
13	0.02005	0.02558	0.01521	0.01383	0.01659	0.78980	0.01037	0.02143	0.01521	0.01314	0.00830	0.00968	0.00691	0.00553	0.00484	0.00138	0.00968	0.00346	0.00277	0.00622
14	0.00871	0.00569	0.00749	0.00701	0.00841	0.00522	0.00526	0.01110	0.01486	0.07578	0.66777	0.09300	0.04688	0.01108	0.00630	0.00172	0.00272	0.00979	0.00590	0.00531
15	0.02266	0.00877	0.01195	0.00938	0.01322	0.00760	0.00765	0.02464	0.01495	0.71907	0.02186	0.08256	0.01510	0.00747	0.00552	0.00170	0.00445	0.00620	0.00651	0.00875
16	0.00774	0.00570	0.00839	0.00839	0.00931	0.00659	0.00646	0.00958	0.00866	0.01258	0.01459	0.02172	0.01372	0.07584	0.73171	0.00826	0.01361	0.00583	0.02658	0.00473
17	0.02041	0.01504	0.01611	0.01235	0.01665	0.01665	0.01020	0.75997	0.02524	0.03383	0.01289	0.01289	0.00913	0.00644	0.00537	0.00161	0.00591	0.00483	0.00537	0.00913
18	0.01548	0.01106	0.01220	0.01065	0.01391	0.01227	0.00838	0.02806	0.61893	0.17294	0.02172	0.01968	0.01577	0.00716	0.00545	0.00179	0.00431	0.00594	0.00570	0.00862
19	0.01826	0.00926	0.01152	0.00951	0.01287	0.00906	0.00762	0.02429	0.23859	0.43452	0.14232	0.02229	0.02020	0.00753	0.00557	0.00171	0.00415	0.00629	0.00618	0.00829
20	0.01077	0.02777	0.78354	0.01530	0.02323	0.01247	0.01983	0.01700	0.01133	0.01700	0.00963	0.01133	0.00680	0.00510	0.00510	0.00170	0.00793	0.00397	0.00227	0.00793
21	0.00671	0.00474	0.00618	0.00726	0.00753	0.00447	0.00475	0.00752	0.00995	0.01327	0.02791	0.70594	0.03339	0.12161	0.00955	0.00258	0.00339	0.01428	0.00475	0.00421
22	0.04326	0.00696	0.00846	0.00790	0.00980	0.00678	0.00612	0.07092	0.01322	0.17925	0.09306	0.18804	0.02333	0.05563	0.00686	0.00198	0.00383	0.09482	0.17381	0.00598
23	0.00643	0.00544	0.00555	0.00552	0.00730	0.00457	0.00414	0.00786	0.01243	0.01496	0.10135	0.05091	0.72843	0.01342	0.00634	0.00180	0.00271	0.01122	0.00504	0.00457
24	0.84927	0.01038	0.00789	0.00706	0.01038	0.01204	0.00581	0.01578	0.00914	0.02408	0.00747	0.00872	0.00581	0.00498	0.00332	0.00166	0.00415	0.00291	0.00332	0.00581
25	0.00656	0.00479	0.00618	0.00721	0.00773	0.00441	0.00488	0.00761	0.01070	0.01412	0.06310	0.68992	0.12062	0.01621	0.00677	0.00212	0.00305	0.01458	0.00502	0.00441
26	0.00714	0.00500	0.00601	0.00654	0.00685	0.00478	0.00410	0.00770	0.00939	0.01240	0.04121	0.36969	0.08943	0.38642	0.01633	0.00355	0.00404	0.01135	0.00420	0.00387
27	0.01471	0.01220	0.01290	0.01120	0.01447	0.01398	0.00882	0.16891	0.62558	0.02464	0.02013	0.01866	0.01499	0.00712	0.00544	0.00178	0.00457	0.00583	0.00544	0.00862
28	0.80342	0.03483	0.00862	0.00719	0.01057	0.01222	0.00597	0.01605	0.00934	0.04250	0.00781	0.00895	0.00603	0.00501	0.00338	0.00165	0.00421	0.00297	0.00337	0.00593
29	0.01028	0.00981	0.01695	0.75608	0.03648	0.01202	0.05551	0.01390	0.01084	0.01390	0.00961	0.01432	0.00721	0.00532	0.00542	0.00179	0.00726	0.00486	0.00240	0.00603
30	0.00840	0.00570	0.00713	0.00664	0.00818	0.00514	0.00500	0.01061	0.01444	0.06850	0.56248	0.04098	0.19707	0.02786	0.00671	0.00179	0.00276	0.00973	0.00571	0.00518
31	0.84927	0.01038	0.00789	0.00706	0.01038	0.01204	0.00581	0.01578	0.00914	0.02408	0.00747	0.00872	0.00581	0.00498	0.00332	0.00166	0.00415	0.00291	0.00332	0.00581
32	0.00654	0.00467	0.00623	0.00747	0.00779	0.00436	0.00498	0.00747	0.01028	0.01370	0.02959	0.80785	0.03550	0.01682	0.00685	0.00218	0.00311	0.01526	0.00498	0.00436
33	0.00754	0.00548	0.00709	0.00669	0.00798	0.00504	0.00502	0.01001	0.01505	0.02119	0.74089	0.04064	0.08501	0.01110	0.00633	0.00169	0.00254	0.00978	0.00587	0.00504
34	0.02041	0.01504	0.01611	0.01235	0.01665	0.01665	0.01020	0.75997	0.02524	0.03383	0.01289	0.01289	0.00913	0.00644	0.00537	0.00161	0.00591	0.00483	0.00537	0.00913
35	0.01435	0.81458	0.02813	0.00918	0.01378	0.02124	0.00918	0.01607	0.01091	0.01263	0.00746	0.00861	0.00689	0.00459	0.00344	0.00115	0.00574	0.00287	0.00230	0.00689
36	0.02388	0.00947	0.01266	0.00971	0.01387	0.00838	0.00802	0.06761	0.01592	0.73935	0.02071	0.01797	0.01305	0.00663	0.00540	0.00166	0.00464	0.00537	0.00657	0.00913
37	0.00779	0.00522	0.00595	0.00592	0.00601	0.00519	0.00339	0.00798	0.00835	0.01123	0.07264	0.03549	0.02180	0.75252	0.02578	0.00495	0.00501	0.00795	0.00345	0.00339
38	0.01174	0.01174	0.01644	0.01409	0.01409	0.01644	0.01174	0.01292	0.00822	0.01292	0.00705	0.01174	0.00705	0.00940	0.01762	0.00235	0.80153	0.00470	0.00235	0.00587
39	0.00654	0.00467	0.00623	0.00747	0.00779	0.00436	0.00498	0.00747	0.01028	0.01370	0.02959	0.80785	0.03550	0.01682	0.00685	0.00218	0.00311	0.01526	0.00498	0.00436
40	0.01400	0.01185	0.01250	0.01106	0.01421	0.01366	0.00865	0.09607	0.69957	0.02351	0.02102	0.01937	0.01572	0.00721	0.00545	0.00180	0.00440	0.00595	0.00545	0.00855
41	0.00781	0.00520	0.00585	0.00585	0.00585	0.00520	0.00325	0.00781	0.00781	0.01041	0.01691	0.03513	0.01952	0.81135	0.02732	0.00520	0.00520	0.00781	0.00325	0.00325
42	0.84927	0.01038	0.00789	0.00706	0.01038	0.01204	0.00581	0.01578	0.00914	0.02408	0.00747	0.00872	0.00581	0.00498	0.00332	0.00166	0.00415	0.00291	0.00332	0.00581
43	0.01001	0.00500	0.00500	0.00500	0.00625	0.00500	0.00375	0.01251	0.01126	0.02001	0.01751	0.02001	0.01376	0.00625	0.00375	0.00125	0.00250	0.00500	0.84115	0.00500
44	0.84927	0.01038	0.00789	0.00706	0.01038	0.01204	0.00581	0.01578	0.00914	0.02408	0.00747	0.00872	0.00581	0.00498	0.00332	0.00166	0.00415	0.00291	0.00332	0.00581
45	0.00661	0.00475	0.00628	0.00737	0.00779	0.00441	0.00497	0.00767	0.01067	0.01428	0.08310	0.73464	0.05491	0.01632	0.00680	0.00214	0.00306	0.01477	0.00505	0.00441
46	0.00654	0.00467	0.00623	0.00747	0.00779	0.00436	0.00498	0.00747	0.01028	0.01370	0.02959	0.80785	0.03550	0.01682	0.00685	0.00218	0.00311	0.01526	0.00498	0.00436
47	0.01345	0.01144	0.01216	0.01094	0.01395	0.01316	0.00858	0.06133	0.69820	0.02267	0.02175	0.02162	0.01674	0.00760	0.00555	0.00184	0.00436	0.04087	0.00543	0.00836
48	0.00781	0.00520	0.00585	0.00585	0.00585	0.00520	0.00325	0.00781	0.00781	0.01041	0.01691	0.03513	0.01952	0.81135	0.02732	0.00520	0.00520	0.00781	0.00325	0.00325
49	0.02041	0.01504	0.01611	0.01235	0.01665	0.01665	0.01020	0.75997	0.02524	0.03383	0.01289	0.01289	0.00913	0.00644	0.00537	0.00161	0.00591	0.00483	0.00537	0.00913
50	0.00659	0.00470	0.00628	0.00753	0.00786	0.00440	0.00506	0.00755	0.01032	0.01375	0.02956	0.79161	0.03540	0.01677	0.00686	0.00219	0.00315	0.03105	0.00498	0.00437
51	0.00775	0.00518	0.00587	0.00593	0.00595	0.00516	0.00333	0.00779	0.00792	0.01056	0.01751	0.07174	0.02027	0.77370	0.02635	0.00506	0.00511	0.00816	0.00333	0.00331
52	0.02280	0.00899	0.01214	0.00940	0.01335	0.00786	0.00773	0.04025	0.01556	0.71016	0.07641	0.01976	0.01595	0.00696	0.00547	0.00166	0.00445	0.00570	0.00656	0.00884
53	0.00850	0.00613	0.00845	0.00960	0.01088	0.00607	0.00836	0.01090	0.01235	0.01596	0.03007	0.05999	0.07821	0.01475	0.00735	0.00243	0.00480	0.69533	0.00495	0.00492
54	0.04675	0.05663	0.01323	0.00965	0.01362	0.00983	0.00800	0.07999	0.08456	0.56101	0.02057	0.01835	0.03942	0.00676	0.00526	0.00165	0.00463	0.00540	0.00603	0.00868
55	0.01950	0.00890	0.01155	0.00955	0.01297	0.00834	0.00775	0.02371	0.13754	0.52553	0.06354	0.06017	0.01814	0.00805	0.00567	0.00177	0.00436	0.05846	0.00621	0.00828
56	0.02016	0.01491	0.01597	0.01230	0.01655	0.01653	0.01014	0.73429	0.05132	0.03343	0.01320	0.01314	0.00938	0.00647	0.00537	0.00162	0.00585	0.00488	0.00537	0.00911
57	0.04501	0.06718	0.01802	0.63025	0.04885	0.01274	0.07549	0.01431	0.01087	0.01443	0.00943	0.01367	0.00719	0.00521	0.00523	0.00174	0.00707	0.00469	0.00245	0.00618
58	0.06563	0.01428	0.11549	0.18518	0.29996	0.04049	0.04637	0.03832	0.10830	0.01799	0.01130	0.01373	0.00878	0.00534	0.00522	0.00168	0.00655	0.00474	0.00303	0.00761
59	0.01308	0.01265	0.02081	0.07366	0.64815	0.02851	0.03318	0.01623	0.01213	0.01722	0.01001	0.01314	0.00835	0.00477	0.00524	0.00155	0.00638	0.00468	0.00268	0.06758
60	0.01243	0.00969	0.01138	0.00828	0.01289	0.00763	0.00664	0.05221	0.01213	0.07274	0.01095	0.02798	0.00895	0.00455	0.00421	0.00093	0.00410	0.00367	0.00358	0.72507
61	0.01451	0.79266	0.02777	0.00931	0.01386	0.04260	0.00922	0.01622	0.01103	0.01264	0.00749	0.00864	0.00689	0.00462	0.00348	0.00115	0.00585	0.00289	0.00231	0.00687
62	0.14660	0.01210	0.04722	0.24606	0.08709	0.04249	0.03847	0.07797	0.01166	0.03395	0.00976	0.01323	0.00786	0.02422	0.02190	0.00200	0.14695	0.00454	0.01941	0.00652
63	0.01216	0.03239	0.04262	0.00810	0.01061	0.00713	0.00666	0.01541	0.07501	0.20516	0.28595	0.09368	0.14879	0.01057	0.01972	0.00186	0.00378	0.00853	0.00551	0.00637
64	0.00767	0.00575	0.00863	0.00863	0.00959	0.00671	0.00671	0.00959	0.00863	0.01246	0.01438	0.02109	0.01342	0.04026	0.79008	0.00863	0.01438	0.00575	0.00288	0.00479
65	0.01395	0.01183	0.01248	0.01105	0.01419	0.01363	0.00864	0.09064	0.70508	0.02342	0.02109	0.01942	0.01577	0.00721	0.00545	0.00180	0.00439	0.00596	0.00545	0.00855
66	0.00768	0.00571	0.00843	0.00843	0.00932	0.00660	0.00646	0.00946	0.00857	0.01232	0.01456	0.02208	0.01385	0.09498	0.73595	0.00838	0.01373	0.00590	0.00290	0.00468
67	0.84927	0.01038	0.00789	0.00706	0.01038	0.01204	0.00581	0.01578	0.00914	0.02408	0.00747	0.00872	0.00581	0.00498	0.00332	0.00166	0.00415	0.00291	0.00332	0.00581
68	0.00796	0.00616	0.00908	0.00892	0.00977	0.00735	0.00694	0.00976	0.00857	0.01242	0.01395	0.02093	0.01319	0.06563	0.70800	0.00806	0.06991	0.00575	0.00285	0.00481
69	0.01283	0.01367	0.07599	0.09039	0.62258	0.01272	0.06046	0.01634	0.01207	0.01718	0.01007	0.01330	0.00826	0.00484	0.00536	0.00163	0.00671	0.00482	0.00261	0.00819
70	0.01014	0.00954	0.01610	0.79845	0.03697	0.01193	0.01491	0.01371	0.01073	0.01371	0.00954	0.01431	0.00716	0.00537	0.00537	0.00179	0.00716	0.00477	0.00239	0.00596
71	0.00658	0.00470	0.00626	0.00745	0.00779	0.00439	0.00499	0.00757	0.01045	0.01398	0.05623	0.78040	0.03604	0.01661	0.00683	0.00216	0.00309	0.01506	0.00502	0.00439
72	0.01077	0.02777	0.78354	0.01530	0.02323	0.01247	0.01983	0.01700	0.01133	0.01700	0.00963	0.01133	0.00680	0.00510	0.00510	0.00170	0.00793	0.00397	0.00227	0.00793
73	0.00799	0.00557	0.00730	0.00682	0.00815	0.00513	0.00513	0.01051	0.01520	0.03959	0.75711	0.03958	0.04976	0.01087	0.00631	0.00169	0.00258	0.00961	0.00593	0.00516
74	0.00654	0.00467	0.00623	0.00747	0.00779	0.00436	0.00498	0.00747	0.01028	0.01370	0.02959	0.80785	0.03550	0.01682	0.00685	0.00218	0.00311	0.01526	0.00498	0.00436
75	0.02158	0.01316	0.01495	0.01146	0.01571	0.01386	0.00947	0.52653	0.02210	0.27171	0.01552	0.01460	0.01045	0.00651	0.00538	0.00163	0.00548	0.00501	0.00578	0.00913
76	0.02408	0.00914	0.01246	0.00955	0.01370	0.00789	0.00789	0.02616	0.01536	0.78158	0.02118	0.01827	0.01329	0.00664	0.00540	0.00166	0.00457	0.00540	0.00664	0.00914
77	0.00772	0.00517	0.00588	0.00597	0.00599	0.00514	0.00338	0.00778	0.00798	0.01064	0.01781	0.08996	0.02065	0.75497	0.02587	0.00499	0.00506	0.00834	0.00338	0.00333
78	0.01335	0.01153	0.01214	0.01092	0.01396	0.01335	0.00850	0.02852	0.76817	0.02245	0.02185	0.02003	0.01639	0.00728	0.00546	0.00182	0.00425	0.00607	0.00546	0.00850
79	0.02005	0.02558	0.01521	0.01383	0.01659	0.78980	0.01037	0.02143	0.01521	0.01314	0.00830	0.00968	0.00691	0.00553	0.00484	0.00138	0.00968	0.00346	0.00277	0.00622
80	0.02398	0.00930	0.01256	0.00963	0.01379	0.00814	0.00795	0.04690	0.01564	0.76045	0.02094	0.01812	0.01317	0.00664	0.00540	0.00166	0.00461	0.00538	0.00661	0.00914

[dist]
# distance from previous block
# <min> <max>
0	15

[block]
# block no. 3 follows, 45 sequences, length 55
# corresponding to MSA columns:
# 634-688
name=unknown_D
#
# <colnr> <probs for GDERKNQSTAVLIFYWHMCP>
#	G	D	E	R	K	N	Q	S	T	A	V	L	I	F	Y	W	H	M	C	P
0	0.00657	0.00469	0.00625	0.00745	0.00779	0.00438	0.00499	0.00755	0.01041	0.01392	0.05003	0.78679	0.03592	0.01666	0.00684	0.00217	0.00310	0.01511	0.00501	0.00438
1	0.00781	0.00520	0.00585	0.00585	0.00585	0.00520	0.00325	0.00781	0.00781	0.01041	0.01691	0.03513	0.01952	0.81135	0.02732	0.00520	0.00520	0.00781	0.00325	0.00325
2	0.00654	0.00467	0.00623	0.00747	0.00779	0.00436	0.00498	0.00747	0.01028	0.01370	0.02959	0.80785	0.03550	0.01682	0.00685	0.00218	0.00311	0.01526	0.00498	0.00436
3	0.00675	0.00482	0.00647	0.00771	0.00812	0.00454	0.00535	0.00784	0.01048	0.01394	0.02947	0.73339	0.03504	0.01662	0.00691	0.00221	0.00330	0.08764	0.00498	0.00442
4	0.00781	0.00520	0.00585	0.00585	0.00585	0.00520	0.00325	0.00781	0.00781	0.01041	0.01691	0.03513	0.01952	0.81135	0.02732	0.00520	0.00520	0.00781	0.00325	0.00325
5	0.00801	0.00572	0.00792	0.00916	0.01011	0.00563	0.00754	0.01002	0.01173	0.01535	0.02877	0.28641	0.03229	0.01543	0.00724	0.00238	0.00439	0.52217	0.00495	0.00477
6	0.02061	0.01470	0.01590	0.01219	0.01648	0.01615	0.01007	0.71834	0.02468	0.07625	0.01336	0.01319	0.00936	0.00646	0.00537	0.00161	0.00583	0.00486	0.00544	0.00913
7	0.00781	0.00520	0.00585	0.00585	0.00585	0.00520	0.00325	0.00781	0.00781	0.01041	0.01691	0.03513	0.01952	0.81135	0.02732	0.00520	0.00520	0.00781	0.00325	0.00325
8	0.02041	0.01504	0.01611	0.01235	0.01665	0.01665	0.01020	0.75997	0.02524	0.03383	0.01289	0.01289	0.00913	0.00644	0.00537	0.00161	0.00591	0.00483	0.00537	0.00913
9	0.00653	0.00471	0.00619	0.00737	0.00776	0.00437	0.00494	0.00749	0.01038	0.01374	0.03087	0.76861	0.07391	0.01665	0.00683	0.00216	0.00309	0.01506	0.00498	0.00437
10	0.02408	0.00914	0.01246	0.00955	0.01370	0.00789	0.00789	0.02616	0.01536	0.78158	0.02118	0.01827	0.01329	0.00664	0.00540	0.00166	0.00457	0.00540	0.00664	0.00914
11	0.00756	0.00549	0.00713	0.00672	0.00800	0.00505	0.00504	0.01007	0.01512	0.02134	0.75607	0.04040	0.06973	0.01104	0.00633	0.00169	0.00254	0.00975	0.00588	0.00505
12	0.01077	0.02777	0.78354	0.01530	0.02323	0.01247	0.01983	0.01700	0.01133	0.01700	0.00963	0.01133	0.00680	0.00510	0.00510	0.00170	0.00793	0.00397	0.00227	0.00793
13	0.04554	0.00917	0.01234	0.00949	0.01362	0.00800	0.00784	0.02589	0.01520	0.76189	0.02082	0.01802	0.01309	0.00660	0.00534	0.00166	0.00456	0.00533	0.00656	0.00905
14	0.00654	0.00467	0.00623	0.00747	0.00779	0.00436	0.00498	0.00747	0.01028	0.01370	0.02959	0.80785	0.03550	0.01682	0.00685	0.00218	0.00311	0.01526	0.00498	0.00436
15	0.01174	0.01174	0.01644	0.01409	0.01409	0.01644	0.01174	0.01292	0.00822	0.01292	0.00705	0.01174	0.00705	0.00940	0.01762	0.00235	0.80153	0.00470	0.00235	0.00587
16	0.02398	0.00929	0.01256	0.00963	0.01378	0.00813	0.00795	0.04598	0.01563	0.76139	0.02095	0.01813	0.01318	0.00664	0.00540	0.00166	0.00460	0.00538	0.00661	0.00914
17	0.00780	0.00522	0.00593	0.00593	0.00596	0.00525	0.00335	0.00786	0.00783	0.01047	0.01684	0.03472	0.01934	0.78903	0.04940	0.00530	0.00547	0.00775	0.00324	0.00330
18	0.00684	0.00556	0.00613	0.00627	0.00793	0.00484	0.00489	0.00851	0.01260	0.01556	0.13467	0.05166	0.57792	0.01348	0.00651	0.00190	0.00303	0.12198	0.00509	0.00466
19	0.01267	0.01448	0.03167	0.02262	0.02805	0.01357	0.75837	0.01719	0.01267	0.01719	0.01086	0.01448	0.00814	0.00452	0.00633	0.00181	0.00905	0.00633	0.00271	0.00724
20	0.01415	0.76980	0.07112	0.00953	0.01432	0.02074	0.00979	0.01613	0.01093	0.01288	0.00759	0.00877	0.00688	0.00462	0.00354	0.00118	0.00587	0.00293	0.00229	0.00695
21	0.01077	0.02777	0.78354	0.01530	0.02323	0.01247	0.01983	0.01700	0.01133	0.01700	0.00963	0.01133	0.00680	0.00510	0.00510	0.00170	0.00793	0.00397	0.00227	0.00793
22	0.02062	0.01469	0.01589	0.01218	0.01647	0.01613	0.01007	0.71641	0.02465	0.07822	0.01338	0.01321	0.00938	0.00646	0.00537	0.00161	0.00583	0.00487	0.00545	0.00913
23	0.01077	0.02777	0.78354	0.01530	0.02323	0.01247	0.01983	0.01700	0.01133	0.01700	0.00963	0.01133	0.00680	0.00510	0.00510	0.00170	0.00793	0.00397	0.00227	0.00793
24	0.01174	0.01174	0.01644	0.01409	0.01409	0.01644	0.01174	0.01292	0.00822	0.01292	0.00705	0.01174	0.00705	0.00940	0.01762	0.00235	0.80153	0.00470	0.00235	0.00587
25	0.01329	0.01275	0.02179	0.03295	0.77787	0.01275	0.01647	0.01647	0.01222	0.01754	0.01010	0.01329	0.00850	0.00478	0.00531	0.00159	0.00638	0.00478	0.00266	0.00850
26	0.01174	0.01174	0.01644	0.01409	0.01409	0.01644	0.01174	0.01292	0.00822	0.01292	0.00705	0.01174	0.00705	0.00940	0.01762	0.00235	0.80153	0.00470	0.00235	0.00587
27	0.00767	0.00575	0.00863	0.00863	0.00959	0.00671	0.00671	0.00959	0.00863	0.01246	0.01438	0.02109	0.01342	0.04026	0.79008	0.00863	0.01438	0.00575	0.00288	0.00479
28	0.00654	0.00467	0.00623	0.00747	0.00779	0.00436	0.00498	0.00747	0.01028	0.01370	0.02959	0.80785	0.03550	0.01682	0.00685	0.00218	0.00311	0.01526	0.00498	0.00436
29	0.00634	0.00544	0.00544	0.00544	0.00725	0.00453	0.00408	0.00770	0.01224	0.01450	0.05438	0.05166	0.77569	0.01359	0.00634	0.00181	0.00272	0.01133	0.00498	0.00453
30	0.00753	0.00548	0.00708	0.00668	0.00798	0.00504	0.00501	0.01000	0.01503	0.02114	0.73551	0.04073	0.09041	0.01112	0.00633	0.00170	0.00254	0.00980	0.00586	0.00504
31	0.02041	0.01504	0.01611	0.01235	0.01665	0.01665	0.01020	0.75997	0.02524	0.03383	0.01289	0.01289	0.00913	0.00644	0.00537	0.00161	0.00591	0.00483	0.00537	0.00913
32	0.02408	0.00914	0.01246	0.00955	0.01370	0.00789	0.00789	0.02616	0.01536	0.78158	0.02118	0.01827	0.01329	0.00664	0.00540	0.00166	0.00457	0.00540	0.00664	0.00914
33	0.00760	0.00549	0.00718	0.00675	0.00802	0.00506	0.00506	0.01013	0.01519	0.02153	0.77503	0.04010	0.05065	0.01097	0.00633	0.00169	0.00253	0.00971	0.00591	0.00506
34	0.01377	0.01174	0.01237	0.01101	0.01412	0.01355	0.00860	0.07194	0.72407	0.02313	0.02132	0.01960	0.01596	0.00723	0.00546	0.00181	0.00435	0.00600	0.00546	0.00853
35	0.02005	0.02558	0.01521	0.01383	0.01659	0.78980	0.01037	0.02143	0.01521	0.01314	0.00830	0.00968	0.00691	0.00553	0.00484	0.00138	0.00968	0.00346	0.00277	0.00622
36	0.00654	0.00467	0.00623	0.00747	0.00779	0.00436	0.00498	0.00747	0.01028	0.01370	0.02959	0.80785	0.03550	0.01682	0.00685	0.00218	0.00311	0.01526	0.00498	0.00436
37	0.00706	0.00501	0.00645	0.00734	0.00776	0.00477	0.00489	0.02396	0.01059	0.01420	0.07194	0.65170	0.03390	0.11225	0.00926	0.00250	0.00339	0.01380	0.00484	0.00437
38	0.00820	0.00562	0.00737	0.00686	0.00823	0.00517	0.00517	0.01072	0.01520	0.04932	0.74747	0.03930	0.04928	0.01082	0.00630	0.00169	0.00261	0.00955	0.00594	0.00521
39	0.02005	0.02558	0.01521	0.01383	0.01659	0.78980	0.01037	0.02143	0.01521	0.01314	0.00830	0.00968	0.00691	0.00553	0.00484	0.00138	0.00968	0.00346	0.00277	0.00622
40	0.00653	0.00472	0.00618	0.00735	0.00775	0.00437	0.00493	0.00749	0.01040	0.01375	0.03114	0.76045	0.08189	0.01662	0.00682	0.00216	0.00309	0.01501	0.00498	0.00437
41	0.00657	0.00509	0.00600	0.00660	0.00764	0.00452	0.00468	0.00783	0.01150	0.01463	0.09046	0.41353	0.35579	0.01499	0.00661	0.00199	0.00294	0.02908	0.00505	0.00449
42	0.84927	0.01038	0.00789	0.00706	0.01038	0.01204	0.00581	0.01578	0.00914	0.02408	0.00747	0.00872	0.00581	0.00498	0.00332	0.00166	0.00415	0.00291	0.00332	0.00581
43	0.00754	0.00547	0.00703	0.00665	0.00790	0.00504	0.00495	0.00992	0.01477	0.02074	0.70883	0.04053	0.08822	0.04038	0.00710	0.00182	0.00264	0.00972	0.00576	0.00497
44	0.00925	0.00466	0.00697	0.00701	0.00701	0.00465	0.00467	0.00701	0.00708	0.00944	0.00986	0.03722	0.01002	0.01860	0.02061	0.82159	0.00462	0.00494	0.00240	0.00238
45	0.00780	0.00522	0.00594	0.00594	0.00597	0.00525	0.00336	0.00786	0.00783	0.01047	0.01683	0.03469	0.01933	0.78735	0.05107	0.00531	0.00549	0.00774	0.00324	0.00330
46	0.00781	0.00520	0.00585	0.00585	0.00585	0.00520	0.00325	0.00781	0.00781	0.01041	0.01691	0.03513	0.01952	0.81135	0.02732	0.00520	0.00520	0.00781	0.00325	0.00325
47	0.01014	0.00954	0.01610	0.79845	0.03697	0.01193	0.01491	0.01371	0.01073	0.01371	0.00954	0.01431	0.00716	0.00537	0.00537	0.00179	0.00716	0.00477	0.00239	0.00596
48	0.01966	0.02100	0.01548	0.05985	0.01776	0.48687	0.01053	0.25018	0.01806	0.03621	0.01007	0.01114	0.00775	0.00583	0.00505	0.00148	0.00825	0.00400	0.00363	0.00717
49	0.00767	0.00575	0.00863	0.00863	0.00959	0.00671	0.00671	0.00959	0.00863	0.01246	0.01438	0.02109	0.01342	0.04026	0.79008	0.00863	0.01438	0.00575	0.00288	0.00479
50	0.02408	0.00914	0.01246	0.00955	0.01370	0.00789	0.00789	0.02616	0.01536	0.78158	0.02118	0.01827	0.01329	0.00664	0.00540	0.00166	0.00457	0.00540	0.00664	0.00914
51	0.01014	0.00954	0.01610	0.79845	0.03697	0.01193	0.01491	0.01371	0.01073	0.01371	0.00954	0.01431	0.00716	0.00537	0.00537	0.00179	0.00716	0.00477	0.00239	0.00596
52	0.00734	0.00584	0.00726	0.07618	0.01029	0.00548	0.00558	0.00943	0.01336	0.01758	0.37768	0.04294	0.34251	0.02925	0.00674	0.00184	0.00313	0.02756	0.00514	0.00488
53	0.01949	0.02382	0.01533	0.06029	0.01781	0.68398	0.01063	0.07795	0.01572	0.01477	0.00873	0.01020	0.00710	0.00559	0.00491	0.00142	0.00924	0.00364	0.00294	0.00643
54	0.00654	0.00501	0.00589	0.00656	0.00746	0.00448	0.00452	0.00759	0.01092	0.01383	0.03877	0.45896	0.33116	0.06269	0.00786	0.00221	0.00308	0.01324	0.00488	0.00436

[dist]
# distance from previous block
# <min> <max>
0	1

[block]
# block no. 4 follows, 45 sequences, length 27
# corresponding to MSA columns:
# 690-716
name=unknown_E
#
# <colnr> <probs for GDERKNQSTAVLIFYWHMCP>
#	G	D	E	R	K	N	Q	S	T	A	V	L	I	F	Y	W	H	M	C	P
0	0.01186	0.00642	0.00849	0.00744	0.00941	0.00580	0.00573	0.01418	0.01497	0.21733	0.55298	0.03428	0.03988	0.03883	0.00685	0.00181	0.00315	0.00853	0.00600	0.00605
1	0.00767	0.00575	0.00863	0.00863	0.00959	0.00671	0.00671	0.00959	0.00863	0.01246	0.01438	0.02109	0.01342	0.04026	0.79008	0.00863	0.01438	0.00575	0.00288	0.00479
2	0.01014	0.00954	0.01610	0.79845	0.03697	0.01193	0.01491	0.01371	0.01073	0.01371	0.00954	0.01431	0.00716	0.00537	0.00537	0.00179	0.00716	0.00477	0.00239	0.00596
3	0.01476	0.01540	0.01921	0.10890	0.47608	0.19061	0.01446	0.04456	0.03399	0.01685	0.01005	0.01274	0.00823	0.00515	0.00522	0.00157	0.00714	0.00452	0.00283	0.00773
4	0.02203	0.00920	0.01225	0.00930	0.01355	0.00777	0.00765	0.02415	0.01469	0.66021	0.01933	0.01714	0.01244	0.00622	0.00517	0.00152	0.00447	0.00505	0.00609	0.14178
5	0.01091	0.02674	0.72549	0.01587	0.02361	0.01255	0.07685	0.01701	0.01144	0.01701	0.00973	0.01158	0.00690	0.00506	0.00520	0.00171	0.00802	0.00415	0.00230	0.00788
6	0.01435	0.81458	0.02813	0.00918	0.01378	0.02124	0.00918	0.01607	0.01091	0.01263	0.00746	0.00861	0.00689	0.00459	0.00344	0.00115	0.00574	0.00287	0.00230	0.00689
7	0.00844	0.00610	0.00836	0.00946	0.01074	0.00602	0.00820	0.01083	0.01242	0.01609	0.05022	0.05932	0.08892	0.01463	0.00730	0.00240	0.00471	0.66594	0.00497	0.00491
8	0.02005	0.02558	0.01521	0.01383	0.01659	0.78980	0.01037	0.02143	0.01521	0.01314	0.00830	0.00968	0.00691	0.00553	0.00484	0.00138	0.00968	0.00346	0.00277	0.00622
9	0.00858	0.00697	0.00928	0.00907	0.00992	0.03522	0.00702	0.01029	0.00904	0.01292	0.01475	0.08077	0.01439	0.05503	0.55898	0.00675	0.09843	0.00632	0.04137	0.00489
10	0.01174	0.01174	0.01644	0.01409	0.01409	0.01644	0.01174	0.01292	0.00822	0.01292	0.00705	0.01174	0.00705	0.00940	0.01762	0.00235	0.80153	0.00470	0.00235	0.00587
11	0.02053	0.01484	0.01599	0.01226	0.01655	0.01636	0.01013	0.73608	0.02492	0.05817	0.01316	0.01306	0.00926	0.00645	0.00537	0.00161	0.00586	0.00485	0.00541	0.00913
12	0.00740	0.00548	0.00690	0.00654	0.00790	0.00498	0.00491	0.00974	0.01472	0.02041	0.66015	0.04194	0.16623	0.01139	0.00633	0.00171	0.00256	0.00997	0.00576	0.00498
13	0.00985	0.00502	0.00506	0.00506	0.00623	0.00502	0.00372	0.01218	0.01102	0.01935	0.01747	0.02106	0.01416	0.06202	0.00538	0.00152	0.00269	0.00520	0.78311	0.00488
14	0.00653	0.00471	0.00619	0.00737	0.00776	0.00437	0.00494	0.00749	0.01038	0.01374	0.03087	0.76882	0.07371	0.01665	0.00683	0.00216	0.00309	0.01506	0.00498	0.00437
15	0.01174	0.01174	0.01644	0.01409	0.01409	0.01644	0.01174	0.01292	0.00822	0.01292	0.00705	0.01174	0.00705	0.00940	0.01762	0.00235	0.80153	0.00470	0.00235	0.00587
16	0.00760	0.00549	0.00718	0.00675	0.00802	0.00506	0.00506	0.01013	0.01519	0.02153	0.77503	0.04010	0.05065	0.01097	0.00633	0.00169	0.00253	0.00971	0.00591	0.00506
17	0.00654	0.00481	0.00613	0.00715	0.00771	0.00440	0.00485	0.00758	0.01070	0.01403	0.05331	0.67327	0.14749	0.01617	0.00676	0.00211	0.00304	0.01452	0.00501	0.00440
18	0.02347	0.01012	0.01307	0.01002	0.01419	0.00935	0.00828	0.14871	0.01701	0.65671	0.01979	0.01737	0.01259	0.00661	0.00539	0.00165	0.00479	0.00530	0.00643	0.00913
19	0.01435	0.81458	0.02813	0.00918	0.01378	0.02124	0.00918	0.01607	0.01091	0.01263	0.00746	0.00861	0.00689	0.00459	0.00344	0.00115	0.00574	0.00287	0.00230	0.00689
20	0.02041	0.01504	0.01611	0.01235	0.01665	0.01665	0.01020	0.75997	0.02524	0.03383	0.01289	0.01289	0.00913	0.00644	0.00537	0.00161	0.00591	0.00483	0.00537	0.00913
21	0.00656	0.00542	0.00561	0.00558	0.00720	0.00463	0.00409	0.00791	0.01213	0.01475	0.10923	0.04946	0.65922	0.07498	0.00796	0.00206	0.00290	0.01093	0.00493	0.00448
22	0.01014	0.00954	0.01610	0.79845	0.03697	0.01193	0.01491	0.01371	0.01073	0.01371	0.00954	0.01431	0.00716	0.00537	0.00537	0.00179	0.00716	0.00477	0.00239	0.00596
23	0.01973	0.01468	0.01611	0.06388	0.01798	0.01634	0.01051	0.71105	0.02429	0.03251	0.01267	0.01298	0.00900	0.00637	0.00537	0.00162	0.00599	0.00483	0.00517	0.00892
24	0.02289	0.00950	0.01252	0.00967	0.01368	0.00856	0.00796	0.09360	0.01627	0.67279	0.05931	0.01890	0.01483	0.00685	0.00544	0.00166	0.00459	0.00557	0.00649	0.00892
25	0.79410	0.01008	0.00794	0.00716	0.01033	0.01169	0.00587	0.01537	0.00910	0.02332	0.00793	0.00953	0.00631	0.00730	0.05490	0.00212	0.00482	0.00309	0.00329	0.00575
26	0.00693	0.00513	0.00658	0.00727	0.00809	0.00463	0.00501	0.00815	0.01098	0.01479	0.10359	0.61879	0.09522	0.01514	0.00657	0.00201	0.00308	0.01360	0.00496	0.05950

[dist]
# distance from previous block
# <min> <max>
0	4

[block]
# block no. 5 follows, 45 sequences, length 42
# corresponding to MSA columns:
# 721-762
name=unknown_F
#
# <colnr> <probs for GDERKNQSTAVLIFYWHMCP>
#	G	D	E	R	K	N	Q	S	T	A	V	L	I	F	Y	W	H	M	C	P
0	0.05145	0.00497	0.00700	0.00696	0.00713	0.00505	0.00467	0.00746	0.00713	0.01010	0.00948	0.01655	0.00948	0.04379	0.02030	0.77422	0.00465	0.00468	0.00241	0.00254
1	0.00711	0.00493	0.00615	0.00689	0.00711	0.00475	0.00439	0.00771	0.00935	0.01245	0.02447	0.47651	0.02896	0.33541	0.01508	0.00340	0.00400	0.03311	0.00429	0.00393
2	0.00654	0.00467	0.00623	0.00747	0.00779	0.00436	0.00498	0.00747	0.01028	0.01370	0.02959	0.80785	0.03550	0.01682	0.00685	0.00218	0.00311	0.01526	0.00498	0.00436
3	0.01884	0.01299	0.01429	0.01145	0.01534	0.01420	0.00930	0.41537	0.25176	0.15260	0.01699	0.01596	0.01204	0.00673	0.00540	0.00168	0.00518	0.00530	0.00561	0.00894
4	0.00658	0.00477	0.00622	0.00729	0.00776	0.00441	0.00492	0.00762	0.01066	0.01415	0.06878	0.71560	0.08883	0.01629	0.00679	0.00213	0.00306	0.01470	0.00503	0.00441
5	0.77445	0.05073	0.00923	0.03819	0.01159	0.01250	0.00634	0.01571	0.00929	0.02310	0.00755	0.00893	0.00592	0.00498	0.00341	0.00164	0.00435	0.00298	0.00323	0.00587
6	0.00771	0.00578	0.00718	0.00678	0.00821	0.00541	0.00510	0.01071	0.05258	0.02058	0.63493	0.04073	0.15184	0.01116	0.00629	0.00171	0.00265	0.00976	0.00576	0.00516
7	0.01246	0.04342	0.33390	0.01877	0.16697	0.04276	0.14085	0.01779	0.08015	0.03171	0.01112	0.01326	0.00848	0.00585	0.00612	0.04396	0.00726	0.00472	0.00281	0.00762
8	0.01893	0.02379	0.01462	0.01336	0.01596	0.71901	0.01004	0.02036	0.01462	0.01308	0.00885	0.01071	0.00750	0.00867	0.07583	0.00204	0.01010	0.00366	0.00278	0.00609
9	0.02408	0.00914	0.01246	0.00955	0.01370	0.00789	0.00789	0.02616	0.01536	0.78158	0.02118	0.01827	0.01329	0.00664	0.00540	0.00166	0.00457	0.00540	0.00664	0.00914
10	0.01077	0.02777	0.78354	0.01530	0.02323	0.01247	0.01983	0.01700	0.01133	0.01700	0.00963	0.01133	0.00680	0.00510	0.00510	0.00170	0.00793	0.00397	0.00227	0.00793
11	0.00812	0.00603	0.00762	0.00713	0.00856	0.00581	0.00538	0.01179	0.08326	0.02161	0.70695	0.03828	0.04755	0.01064	0.00625	0.00170	0.00269	0.00938	0.00587	0.00538
12	0.00653	0.00470	0.00620	0.00741	0.00777	0.00437	0.00495	0.00748	0.01034	0.01373	0.03039	0.78319	0.05964	0.01671	0.00683	0.00217	0.00310	0.01513	0.00498	0.00437
13	0.01001	0.00500	0.00500	0.00500	0.00625	0.00500	0.00375	0.01251	0.01126	0.02001	0.01751	0.02001	0.01376	0.00625	0.00375	0.00125	0.00250	0.00500	0.84115	0.00500
14	0.00711	0.00537	0.00719	0.00807	0.00836	0.00553	0.00561	0.00806	0.01004	0.01356	0.02703	0.68884	0.03221	0.04688	0.00863	0.00232	0.07541	0.03065	0.00468	0.00447
15	0.84927	0.01038	0.00789	0.00706	0.01038	0.01204	0.00581	0.01578	0.00914	0.02408	0.00747	0.00872	0.00581	0.00498	0.00332	0.00166	0.00415	0.00291	0.00332	0.00581
16	0.00652	0.00476	0.00614	0.00723	0.00772	0.00438	0.00488	0.00750	0.01051	0.01380	0.03251	0.71880	0.12267	0.01644	0.00679	0.00214	0.00307	0.01480	0.00498	0.00438
17	0.00760	0.00549	0.00718	0.00675	0.00802	0.00506	0.00506	0.01013	0.01519	0.02153	0.77503	0.04010	0.05065	0.01097	0.00633	0.00169	0.00253	0.00971	0.00591	0.00506
18	0.02094	0.01418	0.01558	0.01195	0.01622	0.01538	0.00987	0.65376	0.02381	0.14206	0.01409	0.01367	0.00973	0.00647	0.00537	0.00162	0.00571	0.00491	0.00555	0.00913
19	0.03187	0.00660	0.00848	0.00739	0.00951	0.00600	0.00573	0.01470	0.01459	0.23549	0.45849	0.03284	0.07154	0.03251	0.00650	0.00177	0.00323	0.00817	0.03844	0.00615
20	0.01793	0.00954	0.01166	0.00971	0.01306	0.00949	0.00781	0.05282	0.24926	0.39269	0.10645	0.02304	0.03273	0.00771	0.00560	0.00174	0.00427	0.03016	0.00606	0.00826
21	0.00745	0.00548	0.00698	0.00660	0.00793	0.00500	0.00495	0.00985	0.01486	0.02072	0.69273	0.04142	0.13345	0.01127	0.00633	0.00170	0.00255	0.00989	0.00580	0.00500
22	0.00781	0.00520	0.00585	0.00585	0.00585	0.00520	0.00325	0.00781	0.00781	0.01041	0.01691	0.03513	0.01952	0.81135	0.02732	0.00520	0.00520	0.00781	0.00325	0.00325
23	0.00813	0.00588	0.00785	0.00863	0.00972	0.00585	0.00710	0.01009	0.01148	0.01500	0.05615	0.07213	0.10248	0.11874	0.08055	0.00327	0.00547	0.46224	0.00458	0.00466
24	0.00730	0.00545	0.00687	0.00758	0.00835	0.00529	0.00527	0.00979	0.07962	0.01571	0.14184	0.58443	0.07237	0.01492	0.00662	0.00206	0.00311	0.01340	0.00517	0.00485
25	0.00968	0.00596	0.00779	0.00707	0.00873	0.00541	0.00539	0.01211	0.01511	0.11955	0.65066	0.03771	0.07288	0.01051	0.00621	0.00169	0.00280	0.00921	0.00597	0.00557
26	0.00800	0.00576	0.00787	0.00901	0.01004	0.00563	0.00745	0.01004	0.01192	0.01556	0.04991	0.24323	0.06634	0.01516	0.00720	0.00235	0.00433	0.51046	0.00498	0.00478
27	0.01113	0.00954	0.01113	0.00795	0.01272	0.00716	0.00636	0.01352	0.01113	0.01749	0.00954	0.01113	0.00795	0.00398	0.00398	0.00080	0.00398	0.00318	0.00318	0.84417
28	0.00654	0.00469	0.00621	0.00742	0.00777	0.00436	0.00496	0.00748	0.01033	0.01372	0.03021	0.78881	0.05414	0.01674	0.00684	0.00217	0.00310	0.01516	0.00498	0.00436
29	0.00781	0.00520	0.00585	0.00585	0.00585	0.00520	0.00325	0.00781	0.00781	0.01041	0.01691	0.03513	0.01952	0.81135	0.02732	0.00520	0.00520	0.00781	0.00325	0.00325
30	0.01212	0.01174	0.02039	0.30259	0.42599	0.01255	0.08276	0.01590	0.03313	0.01629	0.01030	0.01395	0.00822	0.00504	0.00543	0.00169	0.00683	0.00496	0.00265	0.00749
31	0.02130	0.00950	0.01222	0.00971	0.01353	0.00889	0.00790	0.04172	0.14719	0.59456	0.05885	0.01955	0.01561	0.00697	0.00546	0.00169	0.00444	0.00572	0.00637	0.00882
32	0.01550	0.01260	0.01335	0.01136	0.01478	0.01436	0.00902	0.25144	0.54175	0.02592	0.01912	0.01785	0.01417	0.00703	0.00543	0.00176	0.00475	0.00569	0.00543	0.00869
33	0.74708	0.01058	0.00867	0.00753	0.01097	0.01205	0.00621	0.06058	0.01049	0.07335	0.00868	0.00958	0.00649	0.00518	0.00358	0.00166	0.00428	0.00318	0.00366	0.00622
34	0.61016	0.01244	0.00983	0.00851	0.01192	0.10415	0.00689	0.07692	0.01171	0.09205	0.00924	0.01003	0.00688	0.00531	0.00385	0.00162	0.00498	0.00335	0.00372	0.00643
35	0.00677	0.00545	0.00603	0.00588	0.00751	0.00471	0.00441	0.00853	0.01324	0.01688	0.29885	0.04774	0.52973	0.01271	0.00634	0.00177	0.00266	0.01078	0.00530	0.00471
36	0.00654	0.00467	0.00623	0.00747	0.00779	0.00436	0.00498	0.00747	0.01028	0.01370	0.02959	0.80785	0.03550	0.01682	0.00685	0.00218	0.00311	0.01526	0.00498	0.00436
37	0.00779	0.00561	0.00712	0.00792	0.00859	0.00547	0.00545	0.07550	0.01163	0.01552	0.02808	0.73598	0.03312	0.01588	0.00672	0.00213	0.00337	0.01432	0.00502	0.00479
38	0.01267	0.01448	0.03167	0.02262	0.02805	0.01357	0.75837	0.01719	0.01267	0.01719	0.01086	0.01448	0.00814	0.00452	0.00633	0.00181	0.00905	0.00633	0.00271	0.00724
39	0.00905	0.00775	0.03993	0.01088	0.03524	0.00713	0.03683	0.01237	0.05453	0.01639	0.02872	0.05233	0.10231	0.01322	0.00700	0.00229	0.00499	0.54890	0.00472	0.00541
40	0.02291	0.00948	0.01250	0.00968	0.01370	0.00854	0.00796	0.07643	0.03735	0.67997	0.04876	0.01876	0.01448	0.00681	0.00543	0.00166	0.00458	0.00554	0.00649	0.00896
41	0.01113	0.00954	0.01113	0.00795	0.01272	0.00716	0.00636	0.01352	0.01113	0.01749	0.00954	0.01113	0.00795	0.00398	0.00398	0.00080	0.00398	0.00318	0.00318	0.84417

[dist]
# distance from previous block
# <min> <max>
0	1

[block]
# block no. 6 follows, 45 sequences, length 20
# corresponding to MSA columns:
# 764-783
name=unknown_G
#
# <colnr> <probs for GDERKNQSTAVLIFYWHMCP>
#	G	D	E	R	K	N	Q	S	T	A	V	L	I	F	Y	W	H	M	C	P
0	0.10672	0.01761	0.01488	0.12216	0.03497	0.30858	0.01053	0.25598	0.04264	0.02141	0.01035	0.01168	0.00789	0.00579	0.00495	0.00156	0.00728	0.00414	0.00369	0.00720
1	0.00749	0.00612	0.00673	0.00663	0.00838	0.00567	0.00506	0.01062	0.09329	0.01686	0.19718	0.07211	0.47521	0.01257	0.00633	0.00184	0.00299	0.05461	0.00522	0.00508
2	0.01242	0.01021	0.01183	0.00886	0.01321	0.00885	0.00711	0.06721	0.09274	0.04195	0.01134	0.01244	0.00906	0.00479	0.00479	0.00105	0.03464	0.00373	0.00365	0.64015
3	0.01760	0.01232	0.01377	0.01067	0.01486	0.01261	0.00868	0.36033	0.13921	0.13526	0.01471	0.01438	0.01060	0.00602	0.00506	0.00146	0.00499	0.00472	0.00505	0.20770
4	0.02023	0.01413	0.01540	0.01194	0.01612	0.01545	0.00982	0.62325	0.08368	0.11255	0.01449	0.01403	0.01015	0.00653	0.00538	0.00163	0.00563	0.00499	0.00551	0.00908
5	0.02408	0.00914	0.01246	0.00955	0.01370	0.00789	0.00789	0.02616	0.01536	0.78158	0.02118	0.01827	0.01329	0.00664	0.00540	0.00166	0.00457	0.00540	0.00664	0.00914
6	0.00692	0.00482	0.00624	0.00721	0.00748	0.00458	0.00473	0.00763	0.00976	0.01301	0.02654	0.61530	0.03157	0.17344	0.01126	0.02404	0.00361	0.03319	0.00457	0.00411
