[name]
unknown

[dist]
# distance from previous block
# <min> <max>
36	85

[block]
# block no. 0 follows, 42 sequences, length 14
# corresponding to MSA columns:
# 143-156
name=unknown_A
#
# <colnr> <probs for GDERKNQSTAVLIFYWHMCP>
#	G	D	E	R	K	N	Q	S	T	A	V	L	I	F	Y	W	H	M	C	P
0	0.04467	0.00978	0.01298	0.25090	0.02078	0.00992	0.00973	0.04738	0.05103	0.04146	0.05186	0.05468	0.01269	0.00777	0.03765	0.00180	0.01723	0.00527	0.00364	0.30879
1	0.03090	0.00614	0.00739	0.05092	0.02814	0.00571	0.00569	0.00945	0.01301	0.01711	0.21436	0.17966	0.38482	0.01325	0.00657	0.00193	0.00327	0.01141	0.00519	0.00507
2	0.05563	0.00996	0.01357	0.15428	0.01835	0.01030	0.05138	0.12071	0.05354	0.16617	0.10065	0.11125	0.01829	0.00847	0.00627	0.02565	0.00526	0.00698	0.00483	0.05847
3	0.01098	0.00736	0.00943	0.17289	0.01482	0.00828	0.00754	0.06059	0.01217	0.01895	0.01684	0.02014	0.04474	0.00960	0.05394	0.03513	0.04580	0.00549	0.43967	0.00564
4	0.01906	0.01153	0.01336	0.01080	0.01429	0.01195	0.00862	0.35797	0.04252	0.23495	0.04850	0.11970	0.01696	0.05408	0.00720	0.00201	0.00519	0.00707	0.00585	0.00838
5	0.03948	0.01225	0.01718	0.36819	0.21316	0.06022	0.01401	0.07012	0.07492	0.01798	0.01236	0.05330	0.01021	0.00631	0.00560	0.00180	0.00680	0.00552	0.00326	0.00731
6	0.26902	0.05883	0.04731	0.28719	0.17320	0.01326	0.01259	0.01648	0.02562	0.03392	0.00982	0.01269	0.00763	0.00539	0.00482	0.00175	0.00620	0.00429	0.00300	0.00700
7	0.01569	0.01042	0.01175	0.01003	0.01327	0.01088	0.00801	0.14872	0.26459	0.17836	0.06998	0.02842	0.16006	0.00912	0.00600	0.00185	0.00445	0.03450	0.00588	0.00803
8	0.15087	0.12876	0.36165	0.01421	0.05633	0.01395	0.05347	0.04395	0.01225	0.05057	0.01013	0.01166	0.00758	0.00525	0.00483	0.00163	0.00684	0.00403	0.00298	0.05907
9	0.01350	0.04850	0.07235	0.04984	0.04802	0.01484	0.52348	0.05539	0.01331	0.01820	0.01085	0.01435	0.00833	0.00538	0.00736	0.00189	0.07791	0.00601	0.00290	0.00758
10	0.07947	0.11177	0.42047	0.03327	0.06393	0.01342	0.08254	0.01679	0.01222	0.01835	0.08565	0.01485	0.01192	0.00583	0.00526	0.00172	0.00715	0.00484	0.00292	0.00763
11	0.06995	0.35980	0.20862	0.01257	0.01763	0.05080	0.05072	0.03616	0.01183	0.01623	0.00878	0.01064	0.00731	0.00555	0.00582	0.00156	0.08583	0.00377	0.00264	0.03380
12	0.19069	0.24227	0.11961	0.00961	0.01377	0.01355	0.00933	0.01585	0.01163	0.06813	0.06505	0.03243	0.06420	0.00823	0.03871	0.00190	0.02853	0.00493	0.00354	0.05806
13	0.03055	0.01004	0.05179	0.03881	0.05618	0.00926	0.00836	0.16254	0.01508	0.09233	0.10587	0.19444	0.05917	0.09913	0.00861	0.00225	0.00484	0.00864	0.00488	0.03723

[dist]
# distance from previous block
# <min> <max>
4	90

[block]
# block no. 1 follows, 42 sequences, length 45
# corresponding to MSA columns:
# 299-343
name=unknown_B
#
# <colnr> <probs for GDERKNQSTAVLIFYWHMCP>
#	G	D	E	R	K	N	Q	S	T	A	V	L	I	F	Y	W	H	M	C	P
0	0.07970	0.04841	0.27025	0.05244	0.10839	0.04797	0.03206	0.05521	0.05734	0.07297	0.07051	0.03055	0.01270	0.00630	0.00535	0.00172	0.00655	0.00516	0.00362	0.03278
1	0.07834	0.06615	0.09215	0.10993	0.10649	0.04859	0.03419	0.05217	0.09204	0.01862	0.03861	0.07967	0.06125	0.00743	0.00586	0.00174	0.03271	0.00612	0.00368	0.06426
2	0.01248	0.02807	0.12734	0.01256	0.01642	0.03415	0.09199	0.09239	0.16518	0.02013	0.06339	0.05771	0.07456	0.00992	0.04504	0.00218	0.03449	0.04169	0.00427	0.06604
3	0.07570	0.09888	0.10925	0.03885	0.04946	0.04012	0.23831	0.08592	0.06856	0.05579	0.03563	0.05388	0.01176	0.00628	0.00563	0.00176	0.00705	0.00585	0.00367	0.00766
4	0.27232	0.02626	0.06184	0.08917	0.03128	0.01277	0.08037	0.11515	0.07837	0.09894	0.05216	0.01522	0.01148	0.00700	0.02319	0.00194	0.00593	0.00496	0.00419	0.00745
5	0.03620	0.03392	0.13408	0.05006	0.03068	0.05222	0.04674	0.16302	0.07938	0.03736	0.07493	0.04102	0.08659	0.00794	0.00639	0.00179	0.04732	0.02473	0.00426	0.04137
6	0.07811	0.04073	0.35168	0.01297	0.03061	0.01260	0.01374	0.02058	0.22046	0.03885	0.02842	0.01631	0.03682	0.00632	0.00525	0.00173	0.00615	0.00501	0.00376	0.06992
7	0.06210	0.20128	0.01806	0.01252	0.05007	0.18459	0.00984	0.08669	0.16627	0.07583	0.01291	0.01333	0.01005	0.00608	0.00522	0.00155	0.02780	0.00438	0.00395	0.04747
8	0.01067	0.00962	0.01489	0.06568	0.16102	0.03240	0.08159	0.01424	0.06450	0.01562	0.03441	0.02005	0.01343	0.05284	0.37727	0.00539	0.01081	0.00597	0.00321	0.00638
9	0.09789	0.09667	0.03656	0.01437	0.14204	0.03136	0.03496	0.09526	0.08276	0.08799	0.18349	0.02021	0.01963	0.00708	0.00541	0.00167	0.00521	0.00592	0.00453	0.02701
10	0.04497	0.01494	0.01596	0.01262	0.01681	0.05278	0.02993	0.48269	0.14759	0.10021	0.01545	0.01505	0.01102	0.00678	0.00558	0.00173	0.00599	0.00525	0.00550	0.00915
11	0.02186	0.01336	0.01523	0.01181	0.01607	0.01405	0.00970	0.49401	0.02256	0.25727	0.01699	0.05333	0.01223	0.00735	0.00571	0.00173	0.00563	0.00578	0.00601	0.00933
12	0.00743	0.00561	0.00663	0.00657	0.00783	0.00506	0.00471	0.00917	0.01340	0.01779	0.35661	0.12058	0.29192	0.11051	0.00941	0.00232	0.00313	0.01109	0.00542	0.00481
13	0.01196	0.01121	0.01872	0.53280	0.26328	0.01292	0.01599	0.03683	0.01218	0.01624	0.01029	0.01463	0.00800	0.00547	0.00561	0.00181	0.00721	0.00501	0.00268	0.00717
14	0.01324	0.01205	0.01302	0.14990	0.01844	0.06093	0.00978	0.04372	0.47722	0.02071	0.02313	0.02262	0.09523	0.00785	0.00576	0.00187	0.00523	0.00651	0.00492	0.00785
15	0.00796	0.00575	0.00752	0.00708	0.00841	0.00531	0.00531	0.01062	0.01593	0.02257	0.76415	0.04204	0.05310	0.01150	0.00664	0.00177	0.00265	0.01018	0.00619	0.00531
16	0.04175	0.00963	0.01223	0.00994	0.01368	0.00910	0.00801	0.02567	0.15434	0.53141	0.06625	0.05844	0.01779	0.00783	0.00575	0.00180	0.00451	0.00649	0.00652	0.00887
17	0.00720	0.00504	0.00643	0.00740	0.00764	0.00480	0.00475	0.00793	0.01010	0.01347	0.02757	0.60086	0.03287	0.22126	0.01275	0.00311	0.00383	0.01397	0.00475	0.00427
18	0.00974	0.00519	0.00652	0.00644	0.00721	0.00511	0.00458	0.01027	0.01068	0.01661	0.14801	0.02313	0.01940	0.01284	0.01192	0.34828	0.00357	0.00598	0.34043	0.00409
19	0.00783	0.00575	0.00734	0.00694	0.00832	0.00525	0.00520	0.01036	0.01561	0.02181	0.69142	0.04328	0.12630	0.01179	0.00664	0.00178	0.00268	0.01035	0.00610	0.00525
20	0.05332	0.00770	0.00834	0.00774	0.00948	0.00801	0.00574	0.16065	0.01407	0.03614	0.02076	0.20132	0.03828	0.11245	0.00831	0.00220	0.00400	0.00814	0.28752	0.00584
21	0.02148	0.01116	0.01353	0.01086	0.01489	0.01118	0.00885	0.14727	0.20177	0.44759	0.02109	0.01960	0.01440	0.00728	0.00572	0.00179	0.00495	0.02088	0.00640	0.00932
22	0.02525	0.00958	0.01306	0.01001	0.01437	0.00827	0.00827	0.02743	0.01611	0.77102	0.02220	0.01915	0.01393	0.00697	0.00566	0.00174	0.00479	0.00566	0.00697	0.00958
23	0.00800	0.00577	0.00756	0.00717	0.00850	0.00534	0.00541	0.01065	0.01585	0.02241	0.74409	0.04262	0.05253	0.01162	0.00667	0.00179	0.00272	0.02981	0.00617	0.00531
24	0.01816	0.00821	0.01075	0.00897	0.01203	0.00739	0.00707	0.02088	0.05406	0.45624	0.14497	0.10532	0.06448	0.04611	0.00710	0.00199	0.00419	0.00794	0.00634	0.00779
25	0.00818	0.00546	0.00614	0.00614	0.00614	0.00546	0.00341	0.00818	0.00818	0.01091	0.01773	0.03683	0.02046	0.80222	0.02864	0.00546	0.00546	0.00818	0.00341	0.00341
26	0.84197	0.01088	0.00827	0.00740	0.01088	0.01262	0.00609	0.01654	0.00958	0.02525	0.00784	0.00914	0.00609	0.00522	0.00348	0.00174	0.00435	0.00305	0.00348	0.00609
27	0.00782	0.00608	0.00716	0.00688	0.00848	0.00560	0.00516	0.01078	0.05847	0.01978	0.44842	0.06864	0.30117	0.01243	0.00661	0.00184	0.00285	0.01073	0.00580	0.00530
28	0.55506	0.01105	0.00982	0.00838	0.01176	0.01240	0.00679	0.14703	0.01312	0.06380	0.03626	0.01349	0.00978	0.05294	0.00558	0.00194	0.00467	0.00414	0.02529	0.00668
29	0.00702	0.00537	0.00645	0.00690	0.00801	0.00480	0.00490	0.00853	0.01264	0.01646	0.20034	0.36557	0.30256	0.01508	0.00687	0.00203	0.00298	0.01324	0.00544	0.00480
30	0.64681	0.01033	0.00900	0.00779	0.01122	0.01142	0.00632	0.01799	0.01066	0.15762	0.01099	0.01257	0.00834	0.05264	0.00536	0.00196	0.00450	0.00382	0.00410	0.00656
31	0.00742	0.00520	0.00640	0.00704	0.00738	0.00496	0.00449	0.00815	0.01019	0.01357	0.07052	0.42626	0.06707	0.31730	0.01534	0.00345	0.00405	0.01246	0.00459	0.00418
32	0.01328	0.01246	0.01967	0.12804	0.51006	0.01310	0.01512	0.01893	0.14921	0.01871	0.01422	0.01662	0.03381	0.00586	0.00564	0.00175	0.00626	0.00547	0.00336	0.00843
33	0.01405	0.57385	0.20691	0.01199	0.01769	0.01960	0.05585	0.01715	0.01165	0.01461	0.00858	0.01007	0.00728	0.00494	0.00420	0.00138	0.00677	0.00350	0.00243	0.00750
34	0.84197	0.01088	0.00827	0.00740	0.01088	0.01262	0.00609	0.01654	0.00958	0.02525	0.00784	0.00914	0.00609	0.00522	0.00348	0.00174	0.00435	0.00305	0.00348	0.00609
35	0.01166	0.00716	0.00906	0.00806	0.01006	0.00682	0.00619	0.07678	0.01599	0.13690	0.46439	0.07525	0.07609	0.03166	0.03650	0.00216	0.00387	0.00922	0.00597	0.00621
36	0.50555	0.07702	0.14621	0.00992	0.01448	0.01412	0.00963	0.11394	0.02711	0.02432	0.00928	0.01043	0.00704	0.00546	0.00415	0.00170	0.00543	0.00357	0.00353	0.00709
37	0.01387	0.01328	0.02254	0.03383	0.74666	0.01321	0.01698	0.01719	0.01278	0.01838	0.01057	0.01387	0.00890	0.00499	0.00553	0.00165	0.00662	0.00497	0.00280	0.03138
38	0.02509	0.00984	0.01322	0.01014	0.01450	0.00866	0.00837	0.05779	0.01654	0.74003	0.02184	0.01892	0.01375	0.00696	0.00566	0.00174	0.00485	0.00563	0.00691	0.00958
39	0.02079	0.01539	0.01654	0.01280	0.01717	0.01707	0.01054	0.70294	0.05408	0.03447	0.01391	0.01401	0.00997	0.00765	0.02433	0.00187	0.00634	0.00514	0.00557	0.00944
40	0.01129	0.02911	0.77306	0.01604	0.02436	0.01307	0.02079	0.01782	0.01188	0.01782	0.01010	0.01188	0.00713	0.00535	0.00535	0.00178	0.00832	0.00416	0.00238	0.00832
41	0.00815	0.00559	0.00682	0.00682	0.00705	0.00582	0.00425	0.00862	0.00838	0.01141	0.01711	0.03340	0.01897	0.62512	0.20371	0.00629	0.00770	0.00768	0.00332	0.00379
42	0.00818	0.00546	0.00614	0.00614	0.00614	0.00546	0.00341	0.00818	0.00818	0.01091	0.01773	0.03683	0.02046	0.80222	0.02864	0.00546	0.00546	0.00818	0.00341	0.00341
43	0.02525	0.00958	0.01306	0.01001	0.01437	0.00827	0.00827	0.02743	0.01611	0.77102	0.02220	0.01915	0.01393	0.00697	0.00566	0.00174	0.00479	0.00566	0.00697	0.00958
44	0.84197	0.01088	0.00827	0.00740	0.01088	0.01262	0.00609	0.01654	0.00958	0.02525	0.00784	0.00914	0.00609	0.00522	0.00348	0.00174	0.00435	0.00305	0.00348	0.00609

[dist]
# distance from previous block
# <min> <max>
0	1

[block]
# block no. 2 follows, 42 sequences, length 78
# corresponding to MSA columns:
# 345-390,408-415,421-444
name=unknown_C
#
# <colnr> <probs for GDERKNQSTAVLIFYWHMCP>
#	G	D	E	R	K	N	Q	S	T	A	V	L	I	F	Y	W	H	M	C	P
0	0.00804	0.00603	0.00904	0.00904	0.01005	0.00703	0.00703	0.01005	0.00904	0.01306	0.01507	0.02211	0.01407	0.04221	0.77992	0.00904	0.01507	0.00603	0.00301	0.00502
1	0.00678	0.00521	0.00621	0.00701	0.00794	0.00464	0.00486	0.00793	0.01157	0.01469	0.04113	0.50896	0.32029	0.01632	0.00698	0.00214	0.00310	0.01440	0.00522	0.00464
2	0.00686	0.00490	0.00653	0.00784	0.00816	0.00457	0.00522	0.00784	0.01077	0.01437	0.03102	0.79855	0.03722	0.01763	0.00718	0.00229	0.00326	0.01600	0.00522	0.00457
3	0.01129	0.02911	0.77306	0.01604	0.02436	0.01307	0.02079	0.01782	0.01188	0.01782	0.01010	0.01188	0.00713	0.00535	0.00535	0.00178	0.00832	0.00416	0.00238	0.00832
4	0.01331	0.01511	0.03278	0.02417	0.05984	0.01420	0.71659	0.01800	0.01326	0.01804	0.01135	0.01513	0.00855	0.00475	0.00660	0.00189	0.00937	0.00657	0.00284	0.00764
5	0.02139	0.01576	0.01689	0.01295	0.01745	0.01745	0.01070	0.74835	0.02646	0.03547	0.01351	0.01351	0.00957	0.00676	0.00563	0.00169	0.00619	0.00507	0.00563	0.00957
6	0.00686	0.00490	0.00653	0.00784	0.00816	0.00457	0.00522	0.00784	0.01077	0.01437	0.03102	0.79855	0.03722	0.01763	0.00718	0.00229	0.00326	0.01600	0.00522	0.00457
7	0.02139	0.01576	0.01689	0.01295	0.01745	0.01745	0.01070	0.74835	0.02646	0.03547	0.01351	0.01351	0.00957	0.00676	0.00563	0.00169	0.00619	0.00507	0.00563	0.00957
8	0.00796	0.00575	0.00752	0.00708	0.00841	0.00531	0.00531	0.01062	0.01593	0.02257	0.76415	0.04204	0.05310	0.01150	0.00664	0.00177	0.00265	0.01018	0.00619	0.00531
9	0.01505	0.80561	0.02949	0.00963	0.01444	0.02227	0.00963	0.01685	0.01143	0.01324	0.00782	0.00903	0.00722	0.00481	0.00361	0.00120	0.00602	0.00301	0.00241	0.00722
10	0.02102	0.02682	0.01595	0.01450	0.01740	0.77963	0.01087	0.02247	0.01595	0.01377	0.00870	0.01015	0.00725	0.00580	0.00507	0.00145	0.01015	0.00362	0.00290	0.00652
11	0.00686	0.00490	0.00653	0.00784	0.00816	0.00457	0.00522	0.00784	0.01077	0.01437	0.03102	0.79855	0.03722	0.01763	0.00718	0.00229	0.00326	0.01600	0.00522	0.00457
12	0.00818	0.00546	0.00614	0.00614	0.00614	0.00546	0.00341	0.00818	0.00818	0.01091	0.01773	0.03683	0.02046	0.80222	0.02864	0.00546	0.00546	0.00818	0.00341	0.00341
13	0.00793	0.00573	0.00749	0.00710	0.00840	0.00529	0.00531	0.01054	0.01578	0.02233	0.74302	0.06384	0.05264	0.01168	0.00665	0.00178	0.00267	0.01035	0.00617	0.00529
14	0.00818	0.00546	0.00614	0.00614	0.00614	0.00546	0.00341	0.00818	0.00818	0.01091	0.01773	0.03683	0.02046	0.80222	0.02864	0.00546	0.00546	0.00818	0.00341	0.00341
15	0.00789	0.00575	0.00742	0.00700	0.00836	0.00528	0.00525	0.01048	0.01576	0.02216	0.72481	0.04271	0.09269	0.01166	0.00664	0.00178	0.00267	0.01027	0.00614	0.00528
16	0.00686	0.00490	0.00653	0.00784	0.00816	0.00457	0.00522	0.00784	0.01077	0.01437	0.03102	0.79855	0.03722	0.01763	0.00718	0.00229	0.00326	0.01600	0.00522	0.00457
17	0.00710	0.00572	0.00632	0.00617	0.00788	0.00494	0.00463	0.00895	0.01389	0.01772	0.29879	0.05001	0.52148	0.01331	0.00665	0.00186	0.00278	0.01130	0.00556	0.00494
18	0.00818	0.00546	0.00614	0.00614	0.00614	0.00546	0.00341	0.00818	0.00818	0.01091	0.01773	0.03683	0.02046	0.80222	0.02864	0.00546	0.00546	0.00818	0.00341	0.00341
19	0.01449	0.01458	0.02183	0.07054	0.65332	0.09207	0.01653	0.01766	0.01306	0.01771	0.01036	0.01359	0.00867	0.00513	0.00552	0.00166	0.00708	0.00487	0.00278	0.00853
20	0.00804	0.00603	0.00904	0.00904	0.01005	0.00703	0.00703	0.01005	0.00904	0.01306	0.01507	0.02211	0.01407	0.04221	0.77992	0.00904	0.01507	0.00603	0.00301	0.00502
21	0.00818	0.00546	0.00614	0.00614	0.00614	0.00546	0.00341	0.00818	0.00818	0.01091	0.01773	0.03683	0.02046	0.80222	0.02864	0.00546	0.00546	0.00818	0.00341	0.00341
22	0.01376	0.01338	0.02336	0.06077	0.68929	0.01340	0.06839	0.01722	0.01279	0.01822	0.01062	0.01405	0.00884	0.00502	0.00565	0.00169	0.00691	0.00513	0.00278	0.00873
23	0.00821	0.00601	0.00774	0.00726	0.00867	0.00567	0.00546	0.01142	0.04658	0.02261	0.73348	0.04117	0.05161	0.01134	0.00660	0.00178	0.00273	0.01002	0.00618	0.00546
24	0.01167	0.01000	0.01167	0.00834	0.01334	0.00750	0.00667	0.01417	0.01167	0.01834	0.01000	0.01167	0.00834	0.00417	0.00417	0.00083	0.00417	0.00333	0.00333	0.83663
25	0.00933	0.00787	0.01179	0.01280	0.11438	0.00768	0.06185	0.01216	0.04869	0.01760	0.18640	0.27430	0.07452	0.02838	0.02808	0.00222	0.02272	0.03384	0.00471	0.04066
26	0.01162	0.01463	0.22031	0.01298	0.04282	0.04144	0.01249	0.04908	0.05483	0.03993	0.02107	0.06841	0.02079	0.01070	0.00654	0.00213	0.00619	0.33373	0.00429	0.02604
27	0.00815	0.00598	0.00878	0.00878	0.00977	0.00690	0.00678	0.01011	0.00913	0.01331	0.01530	0.02259	0.01431	0.06793	0.72104	0.00860	0.01422	0.00607	0.03728	0.00498
28	0.01328	0.01518	0.03321	0.02372	0.02941	0.01423	0.74668	0.01803	0.01328	0.01803	0.01139	0.01518	0.00854	0.00474	0.00664	0.00190	0.00949	0.00664	0.00285	0.00759
29	0.11684	0.02351	0.01518	0.01347	0.01664	0.59028	0.01029	0.11689	0.01658	0.01795	0.00923	0.01047	0.00742	0.00586	0.00496	0.00152	0.00895	0.00375	0.00333	0.00687
30	0.01078	0.01016	0.01715	0.75448	0.07181	0.01254	0.01570	0.01451	0.01132	0.01456	0.01003	0.01495	0.00757	0.00560	0.00562	0.00187	0.00746	0.00500	0.00251	0.00637
31	0.00796	0.00575	0.00752	0.00708	0.00841	0.00531	0.00531	0.01062	0.01593	0.02257	0.76415	0.04204	0.05310	0.01150	0.00664	0.00177	0.00265	0.01018	0.00619	0.00531
32	0.00686	0.00490	0.00653	0.00784	0.00816	0.00457	0.00522	0.00784	0.01077	0.01437	0.03102	0.79855	0.03722	0.01763	0.00718	0.00229	0.00326	0.01600	0.00522	0.00457
33	0.01971	0.01496	0.01621	0.01321	0.03628	0.01665	0.01051	0.58520	0.17276	0.03263	0.01532	0.01502	0.01108	0.00689	0.00565	0.00173	0.00586	0.00533	0.00558	0.00942
34	0.00804	0.00603	0.00904	0.00904	0.01005	0.00703	0.00703	0.01005	0.00904	0.01306	0.01507	0.02211	0.01407	0.04221	0.77992	0.00904	0.01507	0.00603	0.00301	0.00502
35	0.84197	0.01088	0.00827	0.00740	0.01088	0.01262	0.00609	0.01654	0.00958	0.02525	0.00784	0.00914	0.00609	0.00522	0.00348	0.00174	0.00435	0.00305	0.00348	0.00609
36	0.00674	0.00570	0.00582	0.00579	0.00765	0.00479	0.00434	0.00824	0.01303	0.01568	0.10298	0.05337	0.71857	0.01407	0.00665	0.00189	0.00284	0.01177	0.00529	0.00479
37	0.02412	0.00968	0.01295	0.01000	0.01420	0.00858	0.00823	0.06297	0.01662	0.69342	0.06182	0.02010	0.01582	0.00720	0.00571	0.00174	0.00474	0.00587	0.00686	0.00935
38	0.84197	0.01088	0.00827	0.00740	0.01088	0.01262	0.00609	0.01654	0.00958	0.02525	0.00784	0.00914	0.00609	0.00522	0.00348	0.00174	0.00435	0.00305	0.00348	0.00609
39	0.02525	0.00958	0.01306	0.01001	0.01437	0.00827	0.00827	0.02743	0.01611	0.77102	0.02220	0.01915	0.01393	0.00697	0.00566	0.00174	0.00479	0.00566	0.00697	0.00958
40	0.00739	0.00573	0.00673	0.00648	0.00806	0.00507	0.00486	0.00951	0.01458	0.01936	0.45594	0.04732	0.36331	0.01270	0.00664	0.00183	0.00274	0.01092	0.00577	0.00507
41	0.00727	0.00564	0.00636	0.00630	0.00768	0.00501	0.00453	0.00885	0.01303	0.01682	0.26624	0.08939	0.40567	0.12091	0.00967	0.00237	0.00317	0.01108	0.00527	0.00473
42	0.00818	0.00546	0.00614	0.00614	0.00614	0.00546	0.00341	0.00818	0.00818	0.01091	0.01773	0.03683	0.02046	0.80222	0.02864	0.00546	0.00546	0.00818	0.00341	0.00341
43	0.01063	0.01000	0.01688	0.78870	0.03876	0.01250	0.01563	0.01438	0.01125	0.01438	0.01000	0.01500	0.00750	0.00563	0.00563	0.00188	0.00750	0.00500	0.00250	0.00625
44	0.04711	0.00689	0.00872	0.00839	0.01010	0.00650	0.00607	0.01488	0.04472	0.23399	0.02544	0.40795	0.02615	0.11461	0.00929	0.00250	0.00409	0.01104	0.00545	0.00613
45	0.01541	0.01106	0.01230	0.01026	0.01337	0.01182	0.00813	0.28070	0.18636	0.08512	0.18628	0.02594	0.07749	0.04148	0.00690	0.00193	0.00463	0.00717	0.00576	0.00787
46	0.00748	0.00554	0.00711	0.00809	0.00905	0.00518	0.00613	0.00906	0.01197	0.01547	0.05587	0.41062	0.18956	0.01616	0.00723	0.00228	0.00371	0.21946	0.00524	0.00480
47	0.00665	0.00570	0.00570	0.00570	0.00760	0.00475	0.00428	0.00808	0.01283	0.01520	0.05701	0.05416	0.76483	0.01425	0.00665	0.00190	0.00285	0.01188	0.00523	0.00475
48	0.04197	0.00591	0.00712	0.00785	0.00879	0.00578	0.00548	0.01031	0.07497	0.01630	0.08691	0.56525	0.11151	0.01546	0.00681	0.00215	0.00332	0.01378	0.00527	0.00508
49	0.00684	0.00494	0.00648	0.00771	0.00813	0.00458	0.00517	0.00785	0.01089	0.01441	0.03253	0.75510	0.07969	0.01743	0.00715	0.00226	0.00324	0.01576	0.00522	0.00458
50	0.84197	0.01088	0.00827	0.00740	0.01088	0.01262	0.00609	0.01654	0.00958	0.02525	0.00784	0.00914	0.00609	0.00522	0.00348	0.00174	0.00435	0.00305	0.00348	0.00609
51	0.01567	0.01133	0.01252	0.01085	0.01414	0.01246	0.00854	0.08847	0.50102	0.13931	0.08035	0.02270	0.04135	0.00796	0.00581	0.00185	0.00447	0.00661	0.00593	0.00866
52	0.02451	0.00941	0.01282	0.00989	0.01411	0.00814	0.00814	0.02671	0.01610	0.73900	0.05394	0.02013	0.01561	0.00716	0.00570	0.00174	0.00470	0.00585	0.00693	0.00939
53	0.01424	0.01221	0.01286	0.01150	0.01473	0.01411	0.00897	0.05331	0.73316	0.02393	0.02260	0.02075	0.01693	0.00761	0.00572	0.00190	0.00451	0.00632	0.00572	0.00893
54	0.00680	0.00512	0.00630	0.00723	0.00800	0.00462	0.00496	0.00790	0.01135	0.01460	0.03837	0.58809	0.24294	0.01668	0.00703	0.00218	0.00315	0.01483	0.00522	0.00462
55	0.01322	0.01560	0.05551	0.02349	0.02926	0.01420	0.72479	0.01802	0.01324	0.01802	0.01135	0.01508	0.00850	0.00476	0.00660	0.00189	0.00945	0.00657	0.00283	0.00761
56	0.01181	0.01092	0.01793	0.61222	0.16634	0.01293	0.01564	0.05572	0.01237	0.01626	0.01030	0.01473	0.00787	0.00558	0.00562	0.00183	0.00728	0.00501	0.00273	0.00691
57	0.00818	0.00546	0.00614	0.00614	0.00614	0.00546	0.00341	0.00818	0.00818	0.01091	0.01773	0.03683	0.02046	0.80222	0.02864	0.00546	0.00546	0.00818	0.00341	0.00341
58	0.01129	0.02911	0.77306	0.01604	0.02436	0.01307	0.02079	0.01782	0.01188	0.01782	0.01010	0.01188	0.00713	0.00535	0.00535	0.00178	0.00832	0.00416	0.00238	0.00832
59	0.04289	0.00974	0.01292	0.00996	0.01424	0.00862	0.00822	0.05253	0.01626	0.71066	0.02237	0.01954	0.03090	0.00709	0.00563	0.00174	0.00478	0.00572	0.00680	0.00939
60	0.00788	0.00575	0.00741	0.00699	0.00836	0.00527	0.00524	0.01046	0.01573	0.02210	0.71954	0.04280	0.09800	0.01168	0.00664	0.00178	0.00267	0.01028	0.00613	0.00527
61	0.02102	0.02682	0.01595	0.01450	0.01740	0.77963	0.01087	0.02247	0.01595	0.01377	0.00870	0.01015	0.00725	0.00580	0.00507	0.00145	0.01015	0.00362	0.00290	0.00652
62	0.00690	0.00494	0.00649	0.00771	0.00807	0.00461	0.00513	0.00786	0.01074	0.01427	0.03129	0.74985	0.05759	0.04561	0.00794	0.00239	0.00333	0.01560	0.00516	0.00453
63	0.00727	0.00508	0.00644	0.00733	0.00758	0.00484	0.00470	0.00800	0.01014	0.01355	0.04334	0.56133	0.03272	0.24466	0.01338	0.00319	0.00389	0.01361	0.00472	0.00425
64	0.00705	0.00498	0.00647	0.00759	0.00786	0.00470	0.00496	0.00789	0.01039	0.01386	0.02906	0.68656	0.03476	0.13298	0.01034	0.00275	0.00359	0.01485	0.00496	0.00440
65	0.02525	0.00958	0.01306	0.01001	0.01437	0.00827	0.00827	0.02743	0.01611	0.77102	0.02220	0.01915	0.01393	0.00697	0.00566	0.00174	0.00479	0.00566	0.00697	0.00958
66	0.11034	0.00868	0.01065	0.00919	0.01215	0.00831	0.00720	0.06509	0.03447	0.37254	0.06002	0.23605	0.02133	0.00998	0.00589	0.00190	0.00429	0.00846	0.00593	0.00756
67	0.00696	0.00571	0.00614	0.00603	0.00779	0.00488	0.00452	0.00868	0.01357	0.01696	0.22593	0.05126	0.59482	0.01360	0.00665	0.00187	0.00280	0.01147	0.00546	0.00488
68	0.00686	0.00490	0.00653	0.00784	0.00816	0.00457	0.00522	0.00784	0.01077	0.01437	0.03102	0.79855	0.03722	0.01763	0.00718	0.00229	0.00326	0.01600	0.00522	0.00457
69	0.00686	0.00490	0.00653	0.00784	0.00816	0.00457	0.00522	0.00784	0.01077	0.01437	0.03102	0.79855	0.03722	0.01763	0.00718	0.00229	0.00326	0.01600	0.00522	0.00457
70	0.00810	0.00577	0.00775	0.00775	0.00831	0.00633	0.00543	0.00922	0.00866	0.01211	0.01625	0.02864	0.01691	0.37958	0.44643	0.00745	0.01080	0.00699	0.00319	0.00431
71	0.02035	0.01525	0.01630	0.01274	0.01705	0.01697	0.01044	0.64714	0.12937	0.03379	0.01483	0.01457	0.01064	0.00688	0.00564	0.00172	0.00595	0.00525	0.00564	0.00948
72	0.02171	0.01525	0.01657	0.01271	0.01720	0.01669	0.01050	0.68880	0.02560	0.09623	0.01423	0.01398	0.00993	0.00677	0.00563	0.00169	0.00608	0.00512	0.00574	0.00957
73	0.00809	0.00568	0.00725	0.00724	0.00769	0.00603	0.00483	0.00893	0.00879	0.01208	0.03381	0.03187	0.03803	0.47990	0.30925	0.00663	0.00893	0.00751	0.00337	0.00409
74	0.01391	0.01342	0.02313	0.03425	0.74693	0.01339	0.03723	0.01729	0.01283	0.01838	0.01061	0.01396	0.00890	0.00501	0.00560	0.00168	0.00676	0.00506	0.00279	0.00888
75	0.00686	0.00490	0.00653	0.00784	0.00816	0.00457	0.00522	0.00784	0.01077	0.01437	0.03102	0.79855	0.03722	0.01763	0.00718	0.00229	0.00326	0.01600	0.00522	0.00457
76	0.00818	0.00546	0.00614	0.00614	0.00614	0.00546	0.00341	0.00818	0.00818	0.01091	0.01773	0.03683	0.02046	0.80222	0.02864	0.00546	0.00546	0.00818	0.00341	0.00341
77	0.05483	0.01168	0.01358	0.01083	0.01477	0.01203	0.00879	0.24463	0.14564	0.34086	0.04959	0.01870	0.01461	0.02559	0.00615	0.00184	0.00507	0.00574	0.00609	0.00900

[dist]
# distance from previous block
# <min> <max>
2	3

[block]
# block no. 3 follows, 42 sequences, length 62
# corresponding to MSA columns:
# 448-509
name=unknown_D
#
# <colnr> <probs for GDERKNQSTAVLIFYWHMCP>
#	G	D	E	R	K	N	Q	S	T	A	V	L	I	F	Y	W	H	M	C	P
0	0.05189	0.21067	0.54333	0.01397	0.02114	0.01510	0.01716	0.01776	0.01177	0.03527	0.00975	0.01125	0.00727	0.00525	0.00486	0.00164	0.00750	0.00387	0.00255	0.00798
1	0.03575	0.37888	0.39058	0.01261	0.01898	0.01696	0.01483	0.01711	0.01175	0.01611	0.03390	0.01151	0.00866	0.00531	0.00455	0.00152	0.00698	0.00381	0.00255	0.00766
2	0.01388	0.43119	0.35235	0.01244	0.01875	0.01762	0.01443	0.01776	0.01184	0.04996	0.00947	0.01073	0.00749	0.00514	0.00446	0.00148	0.00696	0.00363	0.00260	0.00781
3	0.03539	0.07706	0.08604	0.01195	0.01625	0.01502	0.01048	0.24055	0.32551	0.09624	0.01733	0.01655	0.01265	0.00682	0.00544	0.00176	0.00548	0.00537	0.00519	0.00892
4	0.01505	0.80561	0.02949	0.00963	0.01444	0.02227	0.00963	0.01685	0.01143	0.01324	0.00782	0.00903	0.00722	0.00481	0.00361	0.00120	0.00602	0.00301	0.00241	0.00722
5	0.00689	0.00491	0.00652	0.00780	0.00811	0.00459	0.00518	0.00784	0.01071	0.01428	0.03070	0.78062	0.03683	0.03610	0.00769	0.00236	0.00332	0.01581	0.00518	0.00454
6	0.02169	0.01529	0.01660	0.01272	0.01722	0.01675	0.01051	0.69321	0.02567	0.09173	0.01418	0.01394	0.00990	0.00677	0.00563	0.00169	0.00609	0.00511	0.00573	0.00957
7	0.01597	0.58465	0.06036	0.01200	0.04995	0.16672	0.01073	0.01799	0.01238	0.01379	0.00822	0.00960	0.00730	0.00504	0.00406	0.00130	0.00695	0.00327	0.00252	0.00722
8	0.02102	0.02682	0.01595	0.01450	0.01740	0.77963	0.01087	0.02247	0.01595	0.01377	0.00870	0.01015	0.00725	0.00580	0.00507	0.00145	0.01015	0.00362	0.00290	0.00652
9	0.00817	0.00549	0.00631	0.00630	0.00638	0.00552	0.00363	0.00834	0.00845	0.01135	0.03941	0.03631	0.02112	0.74430	0.06243	0.00551	0.00581	0.00814	0.00347	0.00354
10	0.00692	0.00568	0.00609	0.00606	0.00778	0.00485	0.00452	0.00856	0.01334	0.01660	0.19395	0.08371	0.59469	0.01386	0.00667	0.00189	0.00283	0.01172	0.00542	0.00485
11	0.00796	0.00575	0.00752	0.00708	0.00841	0.00531	0.00531	0.01062	0.01593	0.02257	0.76415	0.04204	0.05310	0.01150	0.00664	0.00177	0.00265	0.01018	0.00619	0.00531
12	0.01407	0.01381	0.02217	0.07779	0.68889	0.04965	0.01687	0.01735	0.01287	0.01793	0.01046	0.01381	0.00875	0.00509	0.00555	0.00167	0.00690	0.00495	0.00277	0.00864
13	0.01372	0.01177	0.01241	0.01120	0.01423	0.01359	0.00865	0.02887	0.72145	0.02294	0.02266	0.02175	0.01733	0.04531	0.00681	0.00208	0.00450	0.00645	0.00562	0.00865
14	0.01049	0.00525	0.00525	0.00525	0.00656	0.00525	0.00393	0.01311	0.01180	0.02098	0.01836	0.02098	0.01442	0.00656	0.00393	0.00131	0.00262	0.00525	0.83346	0.00525
15	0.01314	0.01490	0.03233	0.06488	0.02991	0.01414	0.70734	0.01783	0.01317	0.01783	0.01131	0.01517	0.00848	0.00479	0.00659	0.00190	0.00938	0.00655	0.00283	0.00752
16	0.01288	0.01230	0.02094	0.27488	0.53500	0.01309	0.01675	0.01635	0.01232	0.01711	0.01040	0.01427	0.00846	0.00521	0.00559	0.00174	0.00695	0.00501	0.00269	0.00807
17	0.00792	0.00545	0.00634	0.00648	0.00672	0.00541	0.00391	0.00826	0.00886	0.01175	0.02188	0.12275	0.07545	0.60903	0.07246	0.00507	0.00563	0.00919	0.00372	0.00374
18	0.00669	0.00570	0.00575	0.00574	0.00762	0.00477	0.00430	0.00815	0.01291	0.01541	0.07670	0.05382	0.74501	0.01418	0.00665	0.00190	0.00285	0.01183	0.00525	0.00477
19	0.01167	0.01000	0.01167	0.00834	0.01334	0.00750	0.00667	0.01417	0.01167	0.01834	0.01000	0.01167	0.00834	0.00417	0.00417	0.00083	0.00417	0.00333	0.00333	0.83663
20	0.00775	0.00574	0.00722	0.00685	0.00827	0.00522	0.00514	0.01020	0.01541	0.02134	0.64602	0.04406	0.17200	0.01196	0.00664	0.00179	0.00269	0.01046	0.00603	0.00522
21	0.01424	0.01221	0.01286	0.01150	0.01473	0.01411	0.00897	0.05389	0.73256	0.02394	0.02259	0.02075	0.01692	0.00761	0.00572	0.00190	0.00451	0.00632	0.00572	0.00893
22	0.04035	0.15138	0.01773	0.01174	0.01598	0.03896	0.00986	0.38849	0.15054	0.09711	0.01470	0.01437	0.01075	0.00653	0.00523	0.00164	0.00579	0.00490	0.00508	0.00887
23	0.05436	0.01469	0.08536	0.01364	0.07281	0.13687	0.02963	0.11983	0.08027	0.01878	0.01318	0.01686	0.01114	0.05305	0.23028	0.00400	0.02956	0.00522	0.00355	0.00694
24	0.00804	0.00603	0.00904	0.00904	0.01005	0.00703	0.00703	0.01005	0.00904	0.01306	0.01507	0.02211	0.01407	0.04221	0.77992	0.00904	0.01507	0.00603	0.00301	0.00502
25	0.01520	0.78547	0.02914	0.00976	0.01452	0.04185	0.00966	0.01700	0.01155	0.01325	0.00785	0.00906	0.00722	0.00484	0.00365	0.00121	0.00613	0.00303	0.00242	0.00720
26	0.75730	0.03370	0.04535	0.00802	0.01180	0.01304	0.00702	0.03676	0.01020	0.02485	0.00810	0.00939	0.00627	0.00526	0.00363	0.00173	0.00464	0.00315	0.00346	0.00633
27	0.01819	0.36458	0.02186	0.01239	0.01604	0.43038	0.01037	0.01979	0.01379	0.01354	0.00828	0.00972	0.00724	0.00548	0.00480	0.00137	0.02928	0.00339	0.00267	0.00682
28	0.01144	0.01127	0.01812	0.62682	0.08748	0.04885	0.06573	0.01505	0.01171	0.01488	0.01060	0.03419	0.00840	0.00583	0.00571	0.00185	0.00760	0.00532	0.00263	0.00650
29	0.00818	0.00546	0.00614	0.00614	0.00614	0.00546	0.00341	0.00818	0.00818	0.01091	0.01773	0.03683	0.02046	0.80222	0.02864	0.00546	0.00546	0.00818	0.00341	0.00341
30	0.00757	0.00548	0.00617	0.00629	0.00697	0.00514	0.00402	0.00830	0.01041	0.01345	0.08838	0.13180	0.23721	0.42391	0.01814	0.00378	0.00424	0.01031	0.00436	0.00408
31	0.01366	0.01179	0.01240	0.01119	0.01431	0.01357	0.00869	0.02890	0.72258	0.02316	0.02448	0.02253	0.05171	0.00794	0.00577	0.00191	0.00438	0.00662	0.00570	0.00872
32	0.01195	0.01207	0.01127	0.01235	0.10336	0.18446	0.00818	0.03450	0.06101	0.01683	0.09330	0.13609	0.23337	0.02693	0.00662	0.00190	0.00535	0.02990	0.00448	0.00607
33	0.01276	0.01614	0.11625	0.04290	0.04480	0.02705	0.53464	0.01726	0.01286	0.01763	0.03110	0.03705	0.01023	0.00565	0.00701	0.00191	0.04792	0.00648	0.00292	0.00744
34	0.05463	0.67286	0.08598	0.01024	0.01518	0.05415	0.01039	0.01716	0.01158	0.01420	0.00804	0.00930	0.00716	0.00492	0.00380	0.00129	0.00630	0.00313	0.00248	0.00722
35	0.78075	0.04820	0.00947	0.00770	0.01123	0.03443	0.00639	0.01672	0.00984	0.02437	0.00786	0.00916	0.00618	0.00522	0.00353	0.00171	0.00459	0.00306	0.00342	0.00616
36	0.01003	0.00666	0.00783	0.00741	0.00911	0.02589	0.00554	0.01196	0.01414	0.11163	0.34109	0.13474	0.21637	0.04978	0.00761	0.00204	0.00342	0.02351	0.00570	0.00555
37	0.02657	0.00678	0.01105	0.10728	0.05185	0.00704	0.05723	0.00965	0.00872	0.01189	0.01098	0.05562	0.01067	0.01569	0.01696	0.57450	0.00553	0.00555	0.00266	0.00378
38	0.01351	0.01292	0.02209	0.03244	0.69417	0.01287	0.03688	0.01681	0.01283	0.01823	0.01266	0.01715	0.02984	0.00570	0.00572	0.00172	0.00660	0.03629	0.00295	0.00861
39	0.02525	0.00958	0.01306	0.01001	0.01437	0.00827	0.00827	0.02743	0.01611	0.77102	0.02220	0.01915	0.01393	0.00697	0.00566	0.00174	0.00479	0.00566	0.00697	0.00958
40	0.01400	0.01209	0.01273	0.01145	0.01463	0.01400	0.00891	0.02990	0.75695	0.02354	0.02291	0.02100	0.01718	0.00764	0.00573	0.00191	0.00445	0.00636	0.00573	0.00891
41	0.01167	0.01000	0.01167	0.00834	0.01334	0.00750	0.00667	0.01417	0.01167	0.01834	0.01000	0.01167	0.00834	0.00417	0.00417	0.00083	0.00417	0.00333	0.00333	0.83663
42	0.00693	0.00495	0.00661	0.00792	0.00828	0.00463	0.00535	0.00796	0.01085	0.01445	0.03098	0.77401	0.03706	0.01756	0.00720	0.00230	0.00333	0.03981	0.00522	0.00459
43	0.00686	0.00490	0.00653	0.00784	0.00816	0.00457	0.00522	0.00784	0.01077	0.01437	0.03102	0.79855	0.03722	0.01763	0.00718	0.00229	0.00326	0.01600	0.00522	0.00457
44	0.00686	0.00490	0.00653	0.00784	0.00816	0.00457	0.00522	0.00784	0.01077	0.01437	0.03102	0.79855	0.03722	0.01763	0.00718	0.00229	0.00326	0.01600	0.00522	0.00457
45	0.01400	0.01209	0.01273	0.01145	0.01463	0.01400	0.00891	0.02990	0.75695	0.02354	0.02291	0.02100	0.01718	0.00764	0.00573	0.00191	0.00445	0.00636	0.00573	0.00891
46	0.00852	0.00574	0.00756	0.00738	0.00863	0.00529	0.00543	0.01079	0.01483	0.05510	0.57210	0.20408	0.04788	0.01262	0.00671	0.00188	0.00288	0.01123	0.00602	0.00535
47	0.02440	0.00939	0.01279	0.00987	0.01407	0.00813	0.00813	0.02660	0.01610	0.73423	0.05867	0.02028	0.01586	0.00719	0.00571	0.00174	0.00468	0.00588	0.00693	0.00937
48	0.00792	0.00575	0.00746	0.00703	0.00838	0.00529	0.00528	0.01054	0.01583	0.02232	0.74081	0.04244	0.07659	0.01160	0.00664	0.00177	0.00266	0.01023	0.00616	0.00529
49	0.00683	0.00567	0.00597	0.00598	0.00773	0.00481	0.00445	0.00839	0.01313	0.01612	0.14721	0.08670	0.63951	0.01405	0.00667	0.00190	0.00284	0.01185	0.00535	0.00481
50	0.01129	0.02911	0.77306	0.01604	0.02436	0.01307	0.02079	0.01782	0.01188	0.01782	0.01010	0.01188	0.00713	0.00535	0.00535	0.00178	0.00832	0.00416	0.00238	0.00832
51	0.00686	0.00490	0.00653	0.00784	0.00816	0.00457	0.00522	0.00784	0.01077	0.01437	0.03102	0.79855	0.03722	0.01763	0.00718	0.00229	0.00326	0.01600	0.00522	0.00457
52	0.02139	0.01576	0.01689	0.01295	0.01745	0.01745	0.01070	0.74835	0.02646	0.03547	0.01351	0.01351	0.00957	0.00676	0.00563	0.00169	0.00619	0.00507	0.00563	0.00957
53	0.01505	0.80561	0.02949	0.00963	0.01444	0.02227	0.00963	0.01685	0.01143	0.01324	0.00782	0.00903	0.00722	0.00481	0.00361	0.00120	0.00602	0.00301	0.00241	0.00722
54	0.00665	0.00570	0.00570	0.00570	0.00760	0.00475	0.00428	0.00808	0.01283	0.01520	0.05701	0.05416	0.76483	0.01425	0.00665	0.00190	0.00285	0.01188	0.00523	0.00475
55	0.02525	0.00958	0.01306	0.01001	0.01437	0.00827	0.00827	0.02743	0.01611	0.77102	0.02220	0.01915	0.01393	0.00697	0.00566	0.00174	0.00479	0.00566	0.00697	0.00958
56	0.00818	0.00546	0.00614	0.00614	0.00614	0.00546	0.00341	0.00818	0.00818	0.01091	0.01773	0.03683	0.02046	0.80222	0.02864	0.00546	0.00546	0.00818	0.00341	0.00341
57	0.02525	0.00958	0.01306	0.01001	0.01437	0.00827	0.00827	0.02743	0.01611	0.77102	0.02220	0.01915	0.01393	0.00697	0.00566	0.00174	0.00479	0.00566	0.00697	0.00958
58	0.00773	0.00574	0.00720	0.00683	0.00826	0.00521	0.00513	0.01017	0.01538	0.02125	0.63807	0.04420	0.18000	0.01199	0.00664	0.00179	0.00269	0.01048	0.00602	0.00521
59	0.05108	0.77098	0.02857	0.00953	0.01429	0.02185	0.00948	0.01684	0.01135	0.01376	0.00782	0.00903	0.00717	0.00483	0.00361	0.00123	0.00595	0.00301	0.00245	0.00717
60	0.02076	0.01529	0.01644	0.01273	0.01705	0.01689	0.01046	0.71608	0.02578	0.03455	0.01427	0.04772	0.01078	0.00723	0.00570	0.00171	0.00607	0.00554	0.00561	0.00935
61	0.00729	0.00614	0.00619	0.00602	0.00803	0.00530	0.00456	0.04034	0.01342	0.01609	0.05511	0.05239	0.73192	0.01393	0.00661	0.00189	0.00300	0.01158	0.00524	0.00496

[dist]
# distance from previous block
# <min> <max>
0	5

[block]
# block no. 4 follows, 42 sequences, length 73
# corresponding to MSA columns:
# 515-531,550-605
name=unknown_E
#
# <colnr> <probs for GDERKNQSTAVLIFYWHMCP>
#	G	D	E	R	K	N	Q	S	T	A	V	L	I	F	Y	W	H	M	C	P
0	0.00836	0.00609	0.00775	0.00721	0.00868	0.00570	0.00544	0.03577	0.01614	0.02265	0.70356	0.04166	0.08671	0.01148	0.00660	0.00177	0.00279	0.01009	0.00613	0.00543
1	0.01425	0.01221	0.01287	0.01150	0.01473	0.01412	0.00897	0.05452	0.73192	0.02395	0.02258	0.02074	0.01692	0.00760	0.00572	0.00190	0.00451	0.00632	0.00572	0.00893
2	0.01066	0.01000	0.01670	0.76196	0.03789	0.01233	0.01532	0.01437	0.01127	0.01451	0.01000	0.01489	0.00753	0.00558	0.00558	0.00184	0.00739	0.00494	0.00253	0.03470
3	0.01707	0.77985	0.03034	0.01107	0.01594	0.02303	0.01047	0.01824	0.01278	0.01533	0.01006	0.01211	0.00930	0.00627	0.00459	0.00162	0.00671	0.00376	0.00317	0.00830
4	0.01381	0.01150	0.01313	0.00982	0.01487	0.00877	0.00761	0.01565	0.01301	0.02025	0.01216	0.01466	0.01038	0.00565	0.00513	0.00126	0.00492	0.00407	0.00406	0.80929
5	0.00787	0.00534	0.00627	0.00655	0.00667	0.00525	0.00388	0.00818	0.00901	0.01205	0.04339	0.21055	0.02527	0.59948	0.02309	0.00462	0.00487	0.01002	0.00391	0.00373
6	0.00669	0.00570	0.00575	0.00574	0.00762	0.00477	0.00431	0.00815	0.01292	0.01541	0.07709	0.05382	0.74462	0.01417	0.00665	0.00190	0.00284	0.01183	0.00525	0.00477
7	0.00782	0.00575	0.00732	0.00693	0.00832	0.00525	0.00520	0.01034	0.01559	0.02175	0.68580	0.04338	0.13196	0.01181	0.00664	0.00178	0.00268	0.01037	0.00609	0.00525
8	0.00782	0.00533	0.00622	0.00653	0.00666	0.00522	0.00387	0.00810	0.00894	0.01186	0.02211	0.21788	0.04774	0.59162	0.02287	0.00459	0.00486	0.01015	0.00390	0.00373
9	0.01845	0.01430	0.01523	0.01235	0.01633	0.01608	0.00999	0.46265	0.31695	0.03072	0.01725	0.01649	0.01260	0.00711	0.00567	0.00178	0.00550	0.00558	0.00567	0.00931
10	0.02139	0.01576	0.01689	0.01295	0.01745	0.01745	0.01070	0.74835	0.02646	0.03547	0.01351	0.01351	0.00957	0.00676	0.00563	0.00169	0.00619	0.00507	0.00563	0.00957
11	0.02102	0.02682	0.01595	0.01450	0.01740	0.77963	0.01087	0.02247	0.01595	0.01377	0.00870	0.01015	0.00725	0.00580	0.00507	0.00145	0.01015	0.00362	0.00290	0.00652
12	0.00694	0.00519	0.00641	0.00733	0.00810	0.00473	0.00508	0.00807	0.01131	0.01457	0.03728	0.54775	0.22586	0.04338	0.00780	0.00231	0.00331	0.04482	0.00516	0.00460
13	0.00818	0.00546	0.00614	0.00614	0.00614	0.00546	0.00341	0.00818	0.00818	0.01091	0.01773	0.03683	0.02046	0.80222	0.02864	0.00546	0.00546	0.00818	0.00341	0.00341
14	0.02525	0.00958	0.01306	0.01001	0.01437	0.00827	0.00827	0.02743	0.01611	0.77102	0.02220	0.01915	0.01393	0.00697	0.00566	0.00174	0.00479	0.00566	0.00697	0.00958
15	0.00668	0.00570	0.00574	0.00573	0.00762	0.00476	0.00430	0.00813	0.01290	0.01537	0.07290	0.05389	0.74885	0.01419	0.00665	0.00190	0.00285	0.01184	0.00525	0.00476
16	0.01002	0.00702	0.00851	0.00862	0.00992	0.00704	0.00621	0.12837	0.03160	0.03760	0.07618	0.54432	0.04527	0.01453	0.00670	0.00209	0.00373	0.01293	0.03367	0.00568
17	0.84197	0.01088	0.00827	0.00740	0.01088	0.01262	0.00609	0.01654	0.00958	0.02525	0.00784	0.00914	0.00609	0.00522	0.00348	0.00174	0.00435	0.00305	0.00348	0.00609
18	0.00686	0.00490	0.00653	0.00784	0.00816	0.00457	0.00522	0.00784	0.01077	0.01437	0.03102	0.79855	0.03722	0.01763	0.00718	0.00229	0.00326	0.01600	0.00522	0.00457
19	0.01063	0.01000	0.01688	0.78870	0.03876	0.01250	0.01563	0.01438	0.01125	0.01438	0.01000	0.01500	0.00750	0.00563	0.00563	0.00188	0.00750	0.00500	0.00250	0.00625
20	0.02139	0.01576	0.01689	0.01295	0.01745	0.01745	0.01070	0.74835	0.02646	0.03547	0.01351	0.01351	0.00957	0.00676	0.00563	0.00169	0.00619	0.00507	0.00563	0.00957
21	0.00689	0.00496	0.00658	0.00780	0.00820	0.00465	0.00525	0.00791	0.01079	0.01435	0.03141	0.74857	0.06159	0.01828	0.03136	0.00248	0.00362	0.01554	0.00515	0.00459
22	0.00805	0.00598	0.00877	0.00877	0.00969	0.00689	0.00670	0.00988	0.00896	0.01286	0.01532	0.02348	0.01466	0.11296	0.70998	0.00871	0.01418	0.00623	0.00305	0.00487
23	0.01201	0.00967	0.01105	0.05291	0.01384	0.01067	0.00806	0.02202	0.43297	0.04745	0.17781	0.06840	0.06869	0.00944	0.00610	0.00191	0.00413	0.02978	0.00562	0.00746
24	0.00684	0.00496	0.00647	0.00768	0.00812	0.00458	0.00515	0.00785	0.01092	0.01443	0.03291	0.74436	0.09019	0.01738	0.00714	0.00226	0.00323	0.01570	0.00522	0.00458
25	0.00673	0.00570	0.00581	0.00578	0.00765	0.00478	0.00434	0.00823	0.01301	0.01565	0.09974	0.05343	0.72182	0.01409	0.00665	0.00189	0.00284	0.01177	0.00528	0.00478
26	0.02166	0.01533	0.01662	0.01274	0.01724	0.01681	0.01053	0.69776	0.02573	0.08709	0.01412	0.01391	0.00988	0.00677	0.00563	0.00169	0.00609	0.00511	0.00572	0.00957
27	0.04640	0.05339	0.66608	0.03857	0.02334	0.01308	0.01910	0.01738	0.01189	0.01804	0.03593	0.01280	0.00868	0.00554	0.00526	0.00176	0.00785	0.00431	0.00256	0.00802
28	0.33022	0.01383	0.01387	0.01168	0.04353	0.01548	0.00921	0.44484	0.01958	0.03097	0.01126	0.01188	0.00824	0.00611	0.00482	0.00171	0.00552	0.00430	0.00471	0.00824
29	0.00907	0.00648	0.00907	0.01036	0.01166	0.00648	0.00907	0.01166	0.01296	0.01684	0.02980	0.06348	0.03239	0.01555	0.00777	0.00259	0.00518	0.72924	0.00518	0.00518
30	0.10979	0.06645	0.01557	0.01117	0.01554	0.01426	0.00934	0.38507	0.02026	0.27355	0.01537	0.01459	0.01047	0.00653	0.00527	0.00168	0.00553	0.00491	0.00562	0.00904
31	0.01219	0.21544	0.59464	0.01450	0.02198	0.01528	0.01811	0.01759	0.01177	0.01672	0.00955	0.01120	0.00715	0.00522	0.00493	0.00164	0.00777	0.00388	0.00238	0.00805
32	0.00686	0.00490	0.00653	0.00784	0.00816	0.00457	0.00522	0.00784	0.01077	0.01437	0.03102	0.79855	0.03722	0.01763	0.00718	0.00229	0.00326	0.01600	0.00522	0.00457
33	0.01161	0.05808	0.63634	0.01746	0.10309	0.01321	0.01943	0.01748	0.01210	0.01786	0.03579	0.01301	0.00889	0.00550	0.00534	0.00175	0.00786	0.00441	0.00255	0.00823
34	0.00804	0.00603	0.00904	0.00904	0.01005	0.00703	0.00703	0.01005	0.00904	0.01306	0.01507	0.02211	0.01407	0.04221	0.77992	0.00904	0.01507	0.00603	0.00301	0.00502
35	0.00686	0.00490	0.00653	0.00784	0.00816	0.00457	0.00522	0.00784	0.01077	0.01437	0.03102	0.79855	0.03722	0.01763	0.00718	0.00229	0.00326	0.01600	0.00522	0.00457
36	0.01322	0.01498	0.03239	0.02313	0.02880	0.01398	0.71850	0.01788	0.01322	0.01804	0.01133	0.01505	0.00853	0.00472	0.00655	0.00186	0.00929	0.00652	0.00286	0.03916
37	0.01167	0.01000	0.01167	0.00834	0.01334	0.00750	0.00667	0.01417	0.01167	0.01834	0.01000	0.01167	0.00834	0.00417	0.00417	0.00083	0.00417	0.00333	0.00333	0.83663
