[name]
unknown

[dist]
# distance from previous block
# <min> <max>
16	165

[block]
# block no. 0 follows, 47 sequences, length 26
# corresponding to MSA columns:
# 194-219
name=unknown_A
#
# <colnr> <probs for GDERKNQSTAVLIFYWHMCP>
#	G	D	E	R	K	N	Q	S	T	A	V	L	I	F	Y	W	H	M	C	P
0	0.01306	0.54155	0.12163	0.01010	0.01436	0.07317	0.01024	0.01538	0.01114	0.01332	0.01055	0.01616	0.01009	0.00604	0.00421	0.00139	0.00600	0.11248	0.00263	0.00649
1	0.01479	0.43375	0.16225	0.01115	0.01580	0.11721	0.01115	0.12657	0.01316	0.01611	0.00849	0.00966	0.00699	0.00505	0.00446	0.00134	0.02890	0.00338	0.00272	0.00708
2	0.01143	0.16731	0.54019	0.01629	0.13265	0.01366	0.01691	0.01626	0.01105	0.01581	0.00903	0.01080	0.00685	0.00481	0.00469	0.00154	0.00709	0.00377	0.00226	0.00760
3	0.00797	0.00599	0.00806	0.00761	0.00885	0.00621	0.00563	0.00943	0.00853	0.01231	0.01387	0.02242	0.01371	0.22711	0.48890	0.00643	0.01026	0.00571	0.00292	0.12810
4	0.03076	0.01012	0.01555	0.65415	0.04763	0.01226	0.01362	0.12398	0.01247	0.01647	0.00970	0.01354	0.00722	0.00534	0.00516	0.00170	0.00668	0.00460	0.00276	0.00628
5	0.01834	0.01380	0.01563	0.12822	0.01904	0.01548	0.01057	0.65656	0.02242	0.02996	0.01203	0.01271	0.00858	0.00610	0.00521	0.00159	0.00591	0.00468	0.00478	0.00841
6	0.01893	0.13274	0.01734	0.01153	0.01574	0.01680	0.00975	0.65690	0.02245	0.02980	0.01173	0.01189	0.00854	0.00599	0.00494	0.00150	0.00571	0.00441	0.00477	0.00854
7	0.01012	0.00965	0.01650	0.70530	0.03403	0.01158	0.06923	0.01388	0.02830	0.01386	0.00963	0.01393	0.00724	0.00515	0.00524	0.00171	0.00692	0.00472	0.00243	0.03057
8	0.01953	0.02257	0.01495	0.01310	0.01611	0.62441	0.01003	0.18507	0.01690	0.01716	0.00903	0.01008	0.00718	0.00556	0.00481	0.00139	0.00859	0.00365	0.00324	0.00666
9	0.00615	0.00528	0.00528	0.00528	0.00703	0.00440	0.00396	0.00747	0.01187	0.01407	0.05276	0.05012	0.78238	0.01319	0.00615	0.00176	0.00264	0.01099	0.00484	0.00440
10	0.02336	0.00886	0.01209	0.00927	0.01329	0.00765	0.00765	0.02538	0.01491	0.78810	0.02055	0.01773	0.01289	0.00645	0.00524	0.00161	0.00443	0.00524	0.00645	0.00886
11	0.00668	0.00542	0.00596	0.00618	0.00759	0.00487	0.00449	0.00873	0.05447	0.01482	0.10039	0.24250	0.49246	0.01345	0.00623	0.00184	0.00281	0.01156	0.00493	0.00461
12	0.20302	0.01342	0.01368	0.01078	0.01468	0.01501	0.00888	0.56478	0.05847	0.03019	0.01178	0.01196	0.00850	0.00598	0.00478	0.00158	0.00528	0.00434	0.00478	0.00812
13	0.00639	0.00457	0.00608	0.00722	0.00756	0.00426	0.00484	0.00736	0.01017	0.01361	0.06039	0.78098	0.03506	0.01608	0.00663	0.00209	0.00300	0.01458	0.00487	0.00426
14	0.00825	0.00638	0.00799	0.00765	0.00769	0.00734	0.00519	0.00862	0.00798	0.01106	0.01593	0.13242	0.01833	0.53302	0.02180	0.00405	0.18140	0.00787	0.00319	0.00386
15	0.01140	0.01085	0.01845	0.40875	0.41936	0.01198	0.01524	0.01468	0.01115	0.01520	0.00953	0.01337	0.00761	0.00492	0.00518	0.00164	0.00656	0.00463	0.00245	0.00705
16	0.00997	0.00953	0.01647	0.76051	0.03538	0.01166	0.05665	0.01350	0.01052	0.01350	0.00933	0.01389	0.00700	0.00516	0.00526	0.00174	0.00705	0.00471	0.00233	0.00585
17	0.00744	0.00558	0.00837	0.00837	0.00930	0.00651	0.00651	0.00930	0.00837	0.01209	0.01395	0.02046	0.01302	0.03906	0.79635	0.00837	0.01395	0.00558	0.00279	0.00465
18	0.01135	0.01080	0.01835	0.42235	0.40617	0.01197	0.01521	0.01463	0.01113	0.01514	0.00952	0.01339	0.00759	0.00493	0.00518	0.00164	0.00657	0.00463	0.00244	0.00700
19	0.01715	0.15098	0.01668	0.01311	0.06005	0.44941	0.00984	0.08724	0.09423	0.01571	0.01105	0.01190	0.02964	0.00565	0.00465	0.00139	0.00751	0.00394	0.00316	0.00671
20	0.00838	0.00548	0.00694	0.00648	0.00761	0.00510	0.00465	0.01021	0.01299	0.06592	0.53637	0.03671	0.05737	0.20062	0.01089	0.00244	0.00320	0.00876	0.00515	0.00473
21	0.00712	0.00604	0.00632	0.00657	0.00787	0.03798	0.00474	0.00885	0.03452	0.01481	0.12981	0.29150	0.39836	0.01338	0.00622	0.00184	0.00307	0.01155	0.00487	0.00459
22	0.05534	0.42753	0.16841	0.01170	0.01645	0.15823	0.06647	0.01677	0.01146	0.01401	0.00803	0.00946	0.00671	0.00473	0.00409	0.00133	0.00682	0.00334	0.00238	0.00673
23	0.19559	0.00944	0.01387	0.62890	0.03019	0.01159	0.01252	0.01375	0.01007	0.01552	0.00881	0.01269	0.00666	0.00512	0.00477	0.00171	0.00630	0.00423	0.00251	0.00575
24	0.85377	0.01007	0.00765	0.00685	0.01007	0.01168	0.00564	0.01531	0.00886	0.02336	0.00725	0.00846	0.00564	0.00483	0.00322	0.00161	0.00403	0.00282	0.00322	0.00564
25	0.57927	0.01027	0.06110	0.00766	0.01068	0.01026	0.03402	0.01373	0.00916	0.02002	0.01220	0.01565	0.06477	0.12456	0.00708	0.00213	0.00450	0.00431	0.00324	0.00537

[dist]
# distance from previous block
# <min> <max>
5	8

[block]
# block no. 1 follows, 47 sequences, length 31
# corresponding to MSA columns:
# 229-259
name=unknown_B
#
# <colnr> <probs for GDERKNQSTAVLIFYWHMCP>
#	G	D	E	R	K	N	Q	S	T	A	V	L	I	F	Y	W	H	M	C	P
0	0.06837	0.11628	0.64961	0.01362	0.02064	0.01304	0.01713	0.01631	0.01080	0.01648	0.00896	0.01052	0.00654	0.00488	0.00465	0.00159	0.00720	0.00366	0.00227	0.00744
1	0.00757	0.00505	0.00568	0.00568	0.00568	0.00505	0.00316	0.00757	0.00757	0.01010	0.01641	0.03408	0.01893	0.81698	0.02651	0.00505	0.00505	0.00757	0.00316	0.00316
2	0.00635	0.00528	0.00554	0.00548	0.00715	0.00448	0.00411	0.00785	0.01232	0.01514	0.16784	0.04835	0.66663	0.01279	0.00615	0.00174	0.00261	0.01074	0.00498	0.00448
3	0.03618	0.06265	0.07064	0.06547	0.01745	0.10457	0.01062	0.46745	0.07113	0.02590	0.01172	0.01227	0.00860	0.00591	0.00499	0.00154	0.00621	0.00440	0.00430	0.00801
4	0.02336	0.00886	0.01209	0.00927	0.01329	0.00765	0.00765	0.02538	0.01491	0.78810	0.02055	0.01773	0.01289	0.00645	0.00524	0.00161	0.00443	0.00524	0.00645	0.00886
5	0.85377	0.01007	0.00765	0.00685	0.01007	0.01168	0.00564	0.01531	0.00886	0.02336	0.00725	0.00846	0.00564	0.00483	0.00322	0.00161	0.00403	0.00282	0.00322	0.00564
6	0.00737	0.00532	0.00696	0.00655	0.00778	0.00491	0.00491	0.00983	0.01474	0.02088	0.78175	0.03890	0.04914	0.01065	0.00614	0.00164	0.00246	0.00942	0.00573	0.00491
7	0.01793	0.02192	0.01537	0.01355	0.01645	0.61833	0.06131	0.02161	0.13531	0.01445	0.01031	0.01130	0.00825	0.00557	0.00489	0.00144	0.00851	0.00395	0.00310	0.00645
8	0.02336	0.00886	0.01209	0.00927	0.01329	0.00765	0.00765	0.02538	0.01491	0.78810	0.02055	0.01773	0.01289	0.00645	0.00524	0.00161	0.00443	0.00524	0.00645	0.00886
9	0.00744	0.00558	0.00837	0.00837	0.00930	0.00651	0.00651	0.00930	0.00837	0.01209	0.01395	0.02046	0.01302	0.03906	0.79635	0.00837	0.01395	0.00558	0.00279	0.00465
10	0.02163	0.01137	0.09414	0.01014	0.01457	0.00903	0.00911	0.10409	0.01552	0.62599	0.01851	0.01646	0.01180	0.00627	0.00520	0.00161	0.00491	0.00503	0.00587	0.00874
11	0.00649	0.00464	0.00617	0.00715	0.00758	0.00432	0.00485	0.00761	0.01063	0.01434	0.13290	0.70639	0.03648	0.01553	0.00658	0.00205	0.00294	0.01406	0.00496	0.00432
12	0.85377	0.01007	0.00765	0.00685	0.01007	0.01168	0.00564	0.01531	0.00886	0.02336	0.00725	0.00846	0.00564	0.00483	0.00322	0.00161	0.00403	0.00282	0.00322	0.00564
13	0.01032	0.00545	0.00551	0.00529	0.00668	0.00554	0.00402	0.05812	0.01175	0.02023	0.01672	0.01899	0.01307	0.00608	0.00374	0.00123	0.00263	0.00484	0.79469	0.00510
14	0.01295	0.01119	0.01178	0.01060	0.01354	0.01295	0.00824	0.02767	0.77509	0.02178	0.02120	0.01943	0.01590	0.00707	0.00530	0.00177	0.00412	0.00589	0.00530	0.00824
15	0.01335	0.64813	0.13645	0.00989	0.01470	0.01883	0.01036	0.01658	0.06481	0.01354	0.00853	0.00952	0.00732	0.00471	0.00371	0.00124	0.00577	0.00316	0.00244	0.00694
16	0.01053	0.02640	0.76179	0.01547	0.05049	0.01210	0.01912	0.01647	0.01103	0.01651	0.00936	0.01106	0.00666	0.00494	0.00496	0.00165	0.00764	0.00388	0.00221	0.00772
17	0.68789	0.13594	0.01104	0.00739	0.01084	0.01326	0.00633	0.04743	0.00980	0.02204	0.00747	0.00862	0.00594	0.00484	0.00333	0.00153	0.00434	0.00289	0.00315	0.00594
18	0.00648	0.00463	0.00620	0.00741	0.00777	0.00435	0.00507	0.00749	0.01011	0.01345	0.02863	0.76262	0.03414	0.01618	0.00668	0.00213	0.00314	0.06440	0.00483	0.00427
19	0.00983	0.00926	0.01562	0.80447	0.03587	0.01157	0.01446	0.01331	0.01041	0.01331	0.00926	0.01388	0.00694	0.00521	0.00521	0.00174	0.00694	0.00463	0.00231	0.00579
20	0.01262	0.04163	0.02064	0.06322	0.69445	0.01240	0.01537	0.01565	0.01175	0.01663	0.01036	0.01453	0.00897	0.00503	0.00517	0.00157	0.00614	0.03327	0.00264	0.00795
21	0.01045	0.02694	0.79000	0.01484	0.02254	0.01209	0.01924	0.01649	0.01099	0.01649	0.00935	0.01099	0.00660	0.00495	0.00495	0.00165	0.00770	0.00385	0.00220	0.00770
22	0.00634	0.00453	0.00604	0.00725	0.00755	0.00423	0.00483	0.00725	0.00997	0.01329	0.02870	0.81358	0.03444	0.01632	0.00665	0.00211	0.00302	0.01480	0.00483	0.00423
23	0.00895	0.00746	0.00818	0.00839	0.00996	0.03854	0.00654	0.01352	0.18486	0.01611	0.05346	0.18121	0.19123	0.03854	0.00694	0.00208	0.00397	0.20987	0.00482	0.00539
24	0.01726	0.39339	0.03461	0.02437	0.01446	0.09475	0.00907	0.11579	0.01394	0.20280	0.02649	0.01201	0.00930	0.00541	0.00430	0.00135	0.00571	0.00387	0.00375	0.00739
25	0.00731	0.00551	0.00698	0.00779	0.00901	0.00517	0.00634	0.00910	0.01159	0.01469	0.03585	0.18931	0.27221	0.01434	0.00676	0.00214	0.00379	0.38271	0.00482	0.00457
26	0.12888	0.01289	0.07358	0.04054	0.57170	0.01208	0.03066	0.01575	0.01137	0.01774	0.00991	0.01347	0.00835	0.00497	0.00495	0.00159	0.00603	0.02516	0.00270	0.00768
27	0.01262	0.23913	0.38216	0.01417	0.07092	0.08777	0.03542	0.01741	0.06547	0.01541	0.00956	0.01094	0.00744	0.00497	0.00456	0.00148	0.00695	0.00378	0.00251	0.00732
28	0.01693	0.01232	0.01372	0.06702	0.01577	0.01359	0.00912	0.54795	0.04172	0.04387	0.01422	0.06833	0.01143	0.04146	0.00612	0.00175	0.00533	0.00555	0.05597	0.00782
29	0.71638	0.01214	0.06355	0.00785	0.01130	0.06450	0.00688	0.01562	0.00956	0.02210	0.02694	0.00947	0.00687	0.00502	0.00352	0.00160	0.00461	0.00309	0.00318	0.00579
30	0.00992	0.00810	0.09350	0.00775	0.00999	0.00593	0.00663	0.01202	0.01243	0.14249	0.24066	0.18361	0.16986	0.06435	0.00731	0.00198	0.00367	0.00933	0.00495	0.00552

[dist]
# distance from previous block
# <min> <max>
7	13

[block]
# block no. 2 follows, 47 sequences, length 11
# corresponding to MSA columns:
# 273-283
name=unknown_C
#
# <colnr> <probs for GDERKNQSTAVLIFYWHMCP>
#	G	D	E	R	K	N	Q	S	T	A	V	L	I	F	Y	W	H	M	C	P
0	0.01240	0.01040	0.01114	0.00995	0.01270	0.01177	0.00775	0.07199	0.59709	0.02210	0.12461	0.02270	0.04707	0.00771	0.00544	0.00174	0.00395	0.00647	0.00534	0.00770
1	0.18018	0.01464	0.01515	0.01207	0.01585	0.11546	0.08723	0.37333	0.09369	0.02562	0.01157	0.01217	0.00856	0.00575	0.00486	0.00158	0.00603	0.00442	0.00424	0.00762
2	0.00756	0.00568	0.00700	0.00752	0.00843	0.00560	0.00529	0.03316	0.09044	0.01581	0.12621	0.55514	0.08406	0.01410	0.00636	0.00198	0.00312	0.01262	0.00501	0.00489
3	0.01333	0.01240	0.01992	0.02873	0.66472	0.01266	0.01488	0.06428	0.08342	0.01845	0.01102	0.01347	0.00900	0.00497	0.00517	0.00157	0.00597	0.00476	0.00300	0.00829
4	0.01513	0.01101	0.01187	0.00961	0.01241	0.01195	0.00747	0.44148	0.06927	0.02465	0.01431	0.01909	0.01226	0.22149	0.01072	0.00245	0.00516	0.00549	0.05931	0.03485
5	0.01256	0.01290	0.05959	0.08348	0.69526	0.01230	0.01604	0.01583	0.01172	0.01674	0.00974	0.01286	0.00808	0.00469	0.00515	0.00156	0.00631	0.00460	0.00254	0.00805
6	0.00657	0.00521	0.00594	0.00614	0.00751	0.00457	0.00458	0.00812	0.01213	0.01540	0.19298	0.17696	0.46144	0.01328	0.00630	0.00184	0.00280	0.05870	0.00501	0.00450
7	0.01128	0.00738	0.00937	0.03634	0.01063	0.00791	0.00658	0.05613	0.03229	0.13690	0.08025	0.18072	0.09711	0.12124	0.01026	0.00228	0.12270	0.00819	0.05688	0.00557
8	0.01746	0.01185	0.01329	0.01075	0.01418	0.01281	0.00868	0.45498	0.10956	0.13667	0.01644	0.09749	0.01314	0.00913	0.04673	0.00201	0.00550	0.00600	0.00523	0.00809
9	0.04310	0.06963	0.33762	0.01389	0.09207	0.01167	0.04719	0.09220	0.01187	0.01713	0.03618	0.01636	0.01068	0.15395	0.00908	0.00223	0.02060	0.00489	0.00290	0.00674
10	0.01045	0.02694	0.79000	0.01484	0.02254	0.01209	0.01924	0.01649	0.01099	0.01649	0.00935	0.01099	0.00660	0.00495	0.00495	0.00165	0.00770	0.00385	0.00220	0.00770

[dist]
# distance from previous block
# <min> <max>
0	8

[block]
# block no. 3 follows, 47 sequences, length 102
# corresponding to MSA columns:
# 292-393
name=unknown_D
#
# <colnr> <probs for GDERKNQSTAVLIFYWHMCP>
#	G	D	E	R	K	N	Q	S	T	A	V	L	I	F	Y	W	H	M	C	P
0	0.00746	0.00559	0.00683	0.00642	0.00786	0.00513	0.00484	0.03227	0.01437	0.01965	0.58816	0.04072	0.21915	0.01111	0.00612	0.00166	0.00260	0.00964	0.00551	0.00491
1	0.01304	0.45676	0.14544	0.12381	0.04500	0.05590	0.01178	0.03162	0.01105	0.01372	0.00808	0.01000	0.00682	0.00495	0.00467	0.00138	0.04348	0.00343	0.00234	0.00674
2	0.01050	0.02656	0.76806	0.01505	0.02267	0.01213	0.04080	0.01650	0.01103	0.01650	0.00938	0.01108	0.00663	0.00493	0.00498	0.00165	0.00773	0.00391	0.00221	0.00768
3	0.00971	0.00485	0.00485	0.00485	0.00607	0.00485	0.00364	0.01213	0.01092	0.01942	0.01699	0.01942	0.01335	0.00607	0.00364	0.00121	0.00243	0.00485	0.84589	0.00485
4	0.00615	0.00528	0.00528	0.00528	0.00703	0.00440	0.00396	0.00747	0.01187	0.01407	0.05276	0.05012	0.78238	0.01319	0.00615	0.00176	0.00264	0.01099	0.00484	0.00440
5	0.00684	0.00486	0.00648	0.00760	0.00805	0.00464	0.00541	0.00797	0.01019	0.01351	0.02756	0.60596	0.03240	0.07599	0.00824	0.00239	0.00352	0.15942	0.00470	0.00426
6	0.00905	0.00452	0.00678	0.00678	0.00678	0.00452	0.00452	0.00678	0.00678	0.00905	0.00905	0.01583	0.00905	0.01809	0.02035	0.84848	0.00452	0.00452	0.00226	0.00226
7	0.00677	0.00496	0.00642	0.00745	0.00793	0.00478	0.00505	0.00857	0.05754	0.01397	0.04301	0.74911	0.03358	0.01563	0.00655	0.00208	0.00308	0.01415	0.00488	0.00449
8	0.04456	0.01411	0.01539	0.06225	0.01722	0.01572	0.01006	0.69627	0.02311	0.03129	0.01214	0.01247	0.00864	0.00614	0.00515	0.00158	0.00576	0.00463	0.00496	0.00856
9	0.00620	0.00524	0.00536	0.00540	0.00708	0.00440	0.00402	0.00753	0.01186	0.01422	0.07137	0.08487	0.72820	0.01326	0.00618	0.00177	0.00265	0.01112	0.00486	0.00440
10	0.00667	0.00525	0.00602	0.00593	0.00738	0.00460	0.00441	0.00843	0.01294	0.01684	0.35321	0.09284	0.43227	0.01233	0.00618	0.00173	0.00259	0.01058	0.00521	0.00460
11	0.00757	0.00505	0.00568	0.00568	0.00568	0.00505	0.00316	0.00757	0.00757	0.01010	0.01641	0.03408	0.01893	0.81698	0.02651	0.00505	0.00505	0.00757	0.00316	0.00316
12	0.00617	0.00523	0.00533	0.00541	0.00707	0.00439	0.00401	0.00746	0.01174	0.01402	0.05116	0.10075	0.73279	0.01340	0.00619	0.00178	0.00266	0.01124	0.00484	0.00439
13	0.01295	0.01119	0.01178	0.01060	0.01354	0.01295	0.00824	0.02767	0.77509	0.02178	0.02120	0.01943	0.01590	0.00707	0.00530	0.00177	0.00412	0.00589	0.00530	0.00824
14	0.00616	0.00525	0.00530	0.00533	0.00705	0.00439	0.00398	0.00747	0.01182	0.01405	0.05208	0.07142	0.76151	0.01328	0.00617	0.00177	0.00265	0.01110	0.00484	0.00439
15	0.00671	0.00512	0.00757	0.00816	0.00877	0.00478	0.05204	0.00784	0.01011	0.01350	0.02758	0.76398	0.03280	0.01558	0.00662	0.00209	0.00338	0.01427	0.00470	0.00440
16	0.00971	0.00485	0.00485	0.00485	0.00607	0.00485	0.00364	0.01213	0.01092	0.01942	0.01699	0.01942	0.01335	0.00607	0.00364	0.00121	0.00243	0.00485	0.84589	0.00485
17	0.01327	0.01134	0.01195	0.01066	0.01366	0.01310	0.00832	0.06163	0.74062	0.02229	0.02080	0.01911	0.01557	0.00703	0.00529	0.00176	0.00420	0.00583	0.00529	0.00827
18	0.01080	0.00926	0.01080	0.00771	0.01234	0.00694	0.00617	0.01311	0.01080	0.01697	0.00926	0.01080	0.00771	0.00386	0.00386	0.00077	0.00386	0.00309	0.00309	0.84882
19	0.01218	0.01369	0.02926	0.02090	0.02612	0.01271	0.70952	0.01642	0.01218	0.01670	0.01044	0.01381	0.00789	0.00435	0.00598	0.00168	0.00842	0.00592	0.00267	0.06917
20	0.01071	0.00920	0.01083	0.00787	0.01226	0.00714	0.00629	0.01295	0.01070	0.01675	0.00965	0.03014	0.00833	0.00431	0.00431	0.00085	0.02705	0.00341	0.00310	0.80412
21	0.01295	0.01119	0.01178	0.01060	0.01354	0.01295	0.00824	0.02767	0.77509	0.02178	0.02120	0.01943	0.01590	0.00707	0.00530	0.00177	0.00412	0.00589	0.00530	0.00824
22	0.00663	0.00529	0.00594	0.00578	0.00733	0.00460	0.00433	0.00840	0.01300	0.01676	0.34018	0.04569	0.49328	0.01219	0.00615	0.00171	0.00257	0.01037	0.00519	0.00460
23	0.00734	0.00546	0.00685	0.00648	0.00782	0.00504	0.00486	0.00994	0.03266	0.01998	0.66470	0.03995	0.14765	0.01090	0.00612	0.00166	0.00252	0.00955	0.00560	0.00492
24	0.00983	0.00926	0.01562	0.80447	0.03587	0.01157	0.01446	0.01331	0.01041	0.01331	0.00926	0.01388	0.00694	0.00521	0.00521	0.00174	0.00694	0.00463	0.00231	0.00579
25	0.00905	0.00452	0.00678	0.00678	0.00678	0.00452	0.00452	0.00678	0.00678	0.00905	0.00905	0.01583	0.00905	0.01809	0.02035	0.84848	0.00452	0.00452	0.00226	0.00226
26	0.01980	0.01459	0.01563	0.01198	0.01615	0.01615	0.00990	0.76713	0.02448	0.03282	0.01250	0.01250	0.00886	0.00625	0.00521	0.00156	0.00573	0.00469	0.00521	0.00886
27	0.01861	0.01427	0.01483	0.01158	0.01559	0.05088	0.00946	0.59843	0.09272	0.04489	0.01305	0.01299	0.00942	0.00613	0.00510	0.00152	0.00560	0.00464	0.00498	0.06532
28	0.01305	0.01152	0.01171	0.01057	0.01345	0.04588	0.00824	0.04111	0.68504	0.02123	0.02150	0.02083	0.03651	0.00735	0.00535	0.00176	0.00436	0.02742	0.00516	0.00796
29	0.01272	0.01041	0.01183	0.00868	0.01316	0.00901	0.00700	0.16986	0.03396	0.02038	0.01025	0.01138	0.00817	0.00444	0.00418	0.00096	0.00425	0.00349	0.00358	0.65229
30	0.01278	0.00991	0.01150	0.00836	0.01289	0.00816	0.00674	0.11013	0.01282	0.06993	0.01042	0.01147	0.00820	0.00433	0.00412	0.00093	0.00413	0.00343	0.00358	0.68617
31	0.00737	0.00532	0.00696	0.00655	0.00778	0.00491	0.00491	0.00983	0.01474	0.02088	0.78175	0.03890	0.04914	0.01065	0.00614	0.00164	0.00246	0.00942	0.00573	0.00491
32	0.01937	0.01438	0.01539	0.01190	0.01599	0.01595	0.00980	0.72125	0.07106	0.03214	0.01304	0.01293	0.00929	0.00630	0.00522	0.00158	0.00563	0.00476	0.00522	0.00882
33	0.03186	0.40810	0.07949	0.00980	0.01421	0.03901	0.00933	0.05408	0.05218	0.23716	0.01222	0.01205	0.00902	0.00532	0.00424	0.00137	0.00543	0.00384	0.00377	0.00753
34	0.01120	0.19890	0.62464	0.01356	0.02055	0.01394	0.01700	0.01630	0.01091	0.01557	0.00889	0.01042	0.00662	0.00484	0.00460	0.00153	0.00724	0.00362	0.00221	0.00748
35	0.00941	0.00687	0.03235	0.00756	0.00954	0.00600	0.00623	0.01242	0.06215	0.10095	0.30652	0.04084	0.22859	0.01109	0.00614	0.00181	0.00339	0.13738	0.00528	0.00549
36	0.00817	0.00712	0.01146	0.15641	0.06110	0.00720	0.08959	0.01024	0.01085	0.01419	0.02520	0.36438	0.12537	0.01171	0.00622	0.00195	0.00465	0.07509	0.00400	0.00513
37	0.01015	0.00840	0.01052	0.03179	0.01123	0.02619	0.00755	0.09620	0.01190	0.03014	0.12307	0.24428	0.06950	0.04874	0.02595	0.00223	0.22404	0.00866	0.00409	0.00539
38	0.01235	0.01372	0.02885	0.02309	0.13485	0.01315	0.63257	0.01644	0.01208	0.01659	0.01030	0.01379	0.00791	0.00459	0.00638	0.00174	0.03596	0.00588	0.00261	0.00715
39	0.00905	0.00452	0.00678	0.00678	0.00678	0.00452	0.00452	0.00678	0.00678	0.00905	0.00905	0.01583	0.00905	0.01809	0.02035	0.84848	0.00452	0.00452	0.00226	0.00226
40	0.01221	0.01168	0.01992	0.20312	0.61863	0.01220	0.01565	0.01539	0.01154	0.01619	0.00968	0.01311	0.00796	0.00477	0.00517	0.00159	0.00635	0.00464	0.00252	0.00770
41	0.85377	0.01007	0.00765	0.00685	0.01007	0.01168	0.00564	0.01531	0.00886	0.02336	0.00725	0.00846	0.00564	0.00483	0.00322	0.00161	0.00403	0.00282	0.00322	0.00564
42	0.00757	0.00505	0.00568	0.00568	0.00568	0.00505	0.00316	0.00757	0.00757	0.01010	0.01641	0.03408	0.01893	0.81698	0.02651	0.00505	0.00505	0.00757	0.00316	0.00316
43	0.00971	0.00485	0.00485	0.00485	0.00607	0.00485	0.00364	0.01213	0.01092	0.01942	0.01699	0.01942	0.01335	0.00607	0.00364	0.00121	0.00243	0.00485	0.84589	0.00485
44	0.02256	0.00998	0.06035	0.00961	0.01387	0.00793	0.00837	0.02483	0.01466	0.74023	0.01985	0.01731	0.01250	0.00635	0.00522	0.00161	0.00463	0.00515	0.00618	0.00879
45	0.00642	0.00486	0.00593	0.00657	0.00743	0.00437	0.00458	0.00765	0.01115	0.01449	0.13163	0.48477	0.26202	0.01465	0.00643	0.00195	0.00283	0.01297	0.00495	0.00437
46	0.00615	0.00528	0.00528	0.00528	0.00703	0.00440	0.00396	0.00747	0.01187	0.01407	0.05276	0.05012	0.78238	0.01319	0.00615	0.00176	0.00264	0.01099	0.00484	0.00440
47	0.02336	0.00886	0.01209	0.00927	0.01329	0.00765	0.00765	0.02538	0.01491	0.78810	0.02055	0.01773	0.01289	0.00645	0.00524	0.00161	0.00443	0.00524	0.00645	0.00886
48	0.01888	0.04827	0.01554	0.01443	0.06369	0.72384	0.01039	0.02034	0.01445	0.01300	0.00813	0.00958	0.00680	0.00529	0.00468	0.00135	0.00908	0.00342	0.00266	0.00619
49	0.02336	0.00886	0.01209	0.00927	0.01329	0.00765	0.00765	0.02538	0.01491	0.78810	0.02055	0.01773	0.01289	0.00645	0.00524	0.00161	0.00443	0.00524	0.00645	0.00886
50	0.00744	0.00558	0.00837	0.00837	0.00930	0.00651	0.00651	0.00930	0.00837	0.01209	0.01395	0.02046	0.01302	0.03906	0.79635	0.00837	0.01395	0.00558	0.00279	0.00465
51	0.00748	0.00542	0.00754	0.00754	0.00819	0.00606	0.00548	0.00877	0.00813	0.01148	0.01470	0.02464	0.01483	0.27762	0.56026	0.00735	0.01122	0.00619	0.00290	0.00419
52	0.00855	0.00787	0.05673	0.00902	0.03680	0.00692	0.00725	0.01279	0.12577	0.01801	0.27950	0.08017	0.15234	0.01105	0.00616	0.00186	0.00371	0.16501	0.00495	0.00555
53	0.01074	0.01018	0.01726	0.57507	0.25817	0.01181	0.01491	0.01410	0.01084	0.01441	0.00942	0.01359	0.00733	0.00504	0.00519	0.00168	0.00672	0.00463	0.00239	0.00652
54	0.85377	0.01007	0.00765	0.00685	0.01007	0.01168	0.00564	0.01531	0.00886	0.02336	0.00725	0.00846	0.00564	0.00483	0.00322	0.00161	0.00403	0.00282	0.00322	0.00564
55	0.00839	0.00599	0.00839	0.00959	0.01079	0.00599	0.00839	0.01079	0.01199	0.01558	0.02757	0.05874	0.02997	0.01439	0.00719	0.00240	0.00480	0.74945	0.00480	0.00480
56	0.02336	0.00886	0.01209	0.00927	0.01329	0.00765	0.00765	0.02538	0.01491	0.78810	0.02055	0.01773	0.01289	0.00645	0.00524	0.00161	0.00443	0.00524	0.00645	0.00886
57	0.00905	0.00452	0.00678	0.00678	0.00678	0.00452	0.00452	0.00678	0.00678	0.00905	0.00905	0.01583	0.00905	0.01809	0.02035	0.84848	0.00452	0.00452	0.00226	0.00226
58	0.00650	0.00463	0.00618	0.00737	0.00772	0.00436	0.00502	0.00748	0.01005	0.01337	0.02840	0.75172	0.03387	0.03163	0.00706	0.00219	0.00317	0.06025	0.00480	0.00424
59	0.01136	0.00959	0.01110	0.00798	0.01258	0.00751	0.00640	0.05990	0.01165	0.01795	0.00946	0.01090	0.00778	0.00401	0.00394	0.00082	0.00397	0.00318	0.00322	0.79670
60	0.00737	0.00532	0.00696	0.00655	0.00778	0.00491	0.00491	0.00983	0.01474	0.02088	0.78175	0.03890	0.04914	0.01065	0.00614	0.00164	0.00246	0.00942	0.00573	0.00491
61	0.01289	0.01237	0.02114	0.03196	0.78450	0.01237	0.01598	0.01598	0.01186	0.01701	0.00980	0.01289	0.00825	0.00464	0.00516	0.00155	0.00619	0.00464	0.00258	0.00825
62	0.01261	0.01089	0.01152	0.01026	0.01327	0.01232	0.00798	0.02615	0.70443	0.02125	0.02142	0.01983	0.03873	0.00705	0.00524	0.00170	0.00406	0.00587	0.00515	0.06028
63	0.00634	0.00453	0.00604	0.00725	0.00755	0.00423	0.00483	0.00725	0.00997	0.01329	0.02870	0.81358	0.03444	0.01632	0.00665	0.00211	0.00302	0.01480	0.00483	0.00423
64	0.01229	0.01405	0.03073	0.02195	0.02722	0.01317	0.76558	0.01668	0.01229	0.01668	0.01054	0.01405	0.00790	0.00439	0.00615	0.00176	0.00878	0.00615	0.00263	0.00702
65	0.00653	0.00466	0.00625	0.00746	0.00784	0.00439	0.00515	0.00757	0.01015	0.01350	0.02860	0.74559	0.03404	0.01614	0.00670	0.00214	0.00318	0.08098	0.00483	0.00428
66	0.01045	0.02694	0.79000	0.01484	0.02254	0.01209	0.01924	0.01649	0.01099	0.01649	0.00935	0.01099	0.00660	0.00495	0.00495	0.00165	0.00770	0.00385	0.00220	0.00770
67	0.01229	0.01405	0.03073	0.02195	0.02722	0.01317	0.76558	0.01668	0.01229	0.01668	0.01054	0.01405	0.00790	0.00439	0.00615	0.00176	0.00878	0.00615	0.00263	0.00702
68	0.00876	0.00644	0.00865	0.00963	0.01097	0.00659	0.00830	0.01225	0.08140	0.01610	0.02702	0.07131	0.02879	0.01376	0.00701	0.00233	0.00470	0.66606	0.00484	0.00510
69	0.02336	0.00886	0.01209	0.00927	0.01329	0.00765	0.00765	0.02538	0.01491	0.78810	0.02055	0.01773	0.01289	0.00645	0.00524	0.00161	0.00443	0.00524	0.00645	0.00886
70	0.00737	0.00532	0.00696	0.00655	0.00778	0.00491	0.00491	0.00983	0.01474	0.02088	0.78175	0.03890	0.04914	0.01065	0.00614	0.00164	0.00246	0.00942	0.00573	0.00491
71	0.01183	0.00800	0.00976	0.00914	0.01128	0.00822	0.00744	0.11242	0.13500	0.10354	0.19170	0.07667	0.04241	0.01056	0.00614	0.00191	0.00412	0.23824	0.00532	0.00630
72	0.81275	0.01038	0.02353	0.00708	0.01042	0.01157	0.00597	0.01562	0.00908	0.04536	0.00768	0.00878	0.00587	0.00488	0.00332	0.00161	0.00411	0.00291	0.00330	0.00577
73	0.01240	0.01190	0.03809	0.15279	0.01965	0.05737	0.15101	0.12759	0.03584	0.01746	0.01116	0.01444	0.00896	0.01013	0.10438	0.00255	0.13510	0.00499	0.07783	0.00638
74	0.02194	0.01031	0.01289	0.00992	0.01391	0.00987	0.00818	0.22543	0.01749	0.56174	0.04040	0.01693	0.01285	0.00651	0.00526	0.00160	0.00473	0.00521	0.00609	0.00875
75	0.01045	0.02694	0.79000	0.01484	0.02254	0.01209	0.01924	0.01649	0.01099	0.01649	0.00935	0.01099	0.00660	0.00495	0.00495	0.00165	0.00770	0.00385	0.00220	0.00770
76	0.01084	0.04809	0.67457	0.01675	0.11483	0.01237	0.01855	0.01640	0.01109	0.01643	0.00934	0.01115	0.00680	0.00490	0.00493	0.00162	0.00745	0.00391	0.00225	0.00773
77	0.01123	0.00924	0.01084	0.00777	0.01237	0.00697	0.00622	0.01354	0.01094	0.04353	0.00964	0.01104	0.00789	0.00395	0.00390	0.00080	0.00388	0.00316	0.00320	0.81989
78	0.01980	0.01459	0.01563	0.01198	0.01615	0.01615	0.00990	0.76713	0.02448	0.03282	0.01250	0.01250	0.00886	0.00625	0.00521	0.00156	0.00573	0.00469	0.00521	0.00886
79	0.00712	0.00513	0.00674	0.00672	0.00773	0.00475	0.00489	0.00921	0.01359	0.01906	0.60040	0.22546	0.04560	0.01201	0.00626	0.00175	0.00259	0.01072	0.00552	0.00475
80	0.00737	0.00532	0.00696	0.00655	0.00778	0.00491	0.00491	0.00983	0.01474	0.02088	0.78175	0.03890	0.04914	0.01065	0.00614	0.00164	0.00246	0.00942	0.00573	0.00491
81	0.02336	0.00886	0.01209	0.00927	0.01329	0.00765	0.00765	0.02538	0.01491	0.78810	0.02055	0.01773	0.01289	0.00645	0.00524	0.00161	0.00443	0.00524	0.00645	0.00886
82	0.01887	0.10127	0.01658	0.01144	0.01556	0.01630	0.00961	0.66414	0.02259	0.03021	0.01206	0.01226	0.00875	0.00605	0.00496	0.00150	0.00562	0.00449	0.02922	0.00851
83	0.00983	0.00926	0.01562	0.80447	0.03587	0.01157	0.01446	0.01331	0.01041	0.01331	0.00926	0.01388	0.00694	0.00521	0.00521	0.00174	0.00694	0.00463	0.00231	0.00579
84	0.00839	0.00599	0.00839	0.00959	0.01079	0.00599	0.00839	0.01079	0.01199	0.01558	0.02757	0.05874	0.02997	0.01439	0.00719	0.00240	0.00480	0.74945	0.00480	0.00480
85	0.01033	0.01021	0.01864	0.64785	0.03414	0.01189	0.16479	0.01398	0.01079	0.01398	0.00951	0.01392	0.00713	0.00504	0.00539	0.00174	0.00731	0.00493	0.00238	0.00603
86	0.00633	0.00457	0.00600	0.00715	0.00753	0.00424	0.00479	0.00726	0.01007	0.01333	0.02995	0.77411	0.07311	0.01615	0.00662	0.00210	0.00300	0.01461	0.00483	0.00424
87	0.00731	0.00532	0.00688	0.00649	0.00775	0.00489	0.00487	0.00972	0.01461	0.02057	0.74788	0.03942	0.08321	0.01076	0.00614	0.00164	0.00247	0.00949	0.00569	0.00489
88	0.00757	0.00505	0.00568	0.00568	0.00568	0.00505	0.00316	0.00757	0.00757	0.01010	0.01641	0.03408	0.01893	0.81698	0.02651	0.00505	0.00505	0.00757	0.00316	0.00316
89	0.01857	0.05115	0.01525	0.01151	0.01540	0.05344	0.00944	0.52499	0.14977	0.07589	0.01401	0.01366	0.01009	0.00628	0.00512	0.00157	0.00555	0.00477	0.00504	0.00852
90	0.01295	0.01119	0.01178	0.01060	0.01354	0.01295	0.00824	0.02767	0.77509	0.02178	0.02120	0.01943	0.01590	0.00707	0.00530	0.00177	0.00412	0.00589	0.00530	0.00824
91	0.00634	0.00453	0.00604	0.00725	0.00755	0.00423	0.00483	0.00725	0.00997	0.01329	0.02870	0.81358	0.03444	0.01632	0.00665	0.00211	0.00302	0.01480	0.00483	0.00423
92	0.01045	0.02694	0.79000	0.01484	0.02254	0.01209	0.01924	0.01649	0.01099	0.01649	0.00935	0.01099	0.00660	0.00495	0.00495	0.00165	0.00770	0.00385	0.00220	0.00770
93	0.00744	0.00611	0.03095	0.03417	0.00913	0.00531	0.00559	0.00994	0.01422	0.01987	0.66514	0.03821	0.11326	0.01052	0.00607	0.00165	0.00279	0.00923	0.00543	0.00498
94	0.00896	0.00655	0.00803	0.00725	0.00887	0.00639	0.00554	0.11214	0.01576	0.02192	0.61822	0.06252	0.07685	0.01036	0.00603	0.00165	0.00293	0.00904	0.00559	0.00540
95	0.01912	0.01407	0.01530	0.01226	0.03901	0.01552	0.00980	0.70966	0.02348	0.03172	0.01263	0.01283	0.00904	0.00619	0.00514	0.00155	0.00559	0.00469	0.04373	0.00865
96	0.01054	0.00906	0.01023	0.00770	0.01175	0.02799	0.00607	0.01271	0.01082	0.01653	0.01174	0.05796	0.02762	0.00589	0.02630	0.00111	0.00416	0.00408	0.03223	0.70550
97	0.01208	0.03205	0.02787	0.01982	0.02470	0.01263	0.65679	0.03699	0.01253	0.01695	0.01331	0.01625	0.05569	0.00504	0.00598	0.00172	0.00805	0.00629	0.02843	0.00684
98	0.03914	0.00589	0.00751	0.00724	0.00777	0.02938	0.00503	0.02634	0.02866	0.03252	0.01085	0.01637	0.02971	0.01622	0.01773	0.70469	0.00462	0.00466	0.00264	0.00305
99	0.01069	0.00899	0.01040	0.00774	0.01185	0.00713	0.00609	0.03578	0.03247	0.01704	0.01188	0.04096	0.03006	0.04566	0.00524	0.00111	0.00392	0.00405	0.00332	0.70561
100	0.01028	0.00958	0.01607	0.52959	0.16766	0.01109	0.03941	0.01369	0.03094	0.01419	0.01153	0.03378	0.03007	0.00698	0.02972	0.02482	0.00673	0.00516	0.00259	0.00613
101	0.07941	0.00638	0.00859	0.05680	0.01057	0.00629	0.04043	0.01081	0.01314	0.03489	0.51558	0.07483	0.05726	0.05423	0.00697	0.00186	0.00338	0.00856	0.00497	0.00506

[dist]
# distance from previous block
# <min> <max>
0	44

# created by:
# /st0/software/busco_prod/Augustus/scripts/msa2prfl.pl ./align_prep/138689.fa
