[name]
unknown

[dist]
# distance from previous block
# <min> <max>
6	74

[block]
# block no. 0 follows, 47 sequences, length 29
# corresponding to MSA columns:
# 114-142
name=unknown_A
#
# <colnr> <probs for GDERKNQSTAVLIFYWHMCP>
#	G	D	E	R	K	N	Q	S	T	A	V	L	I	F	Y	W	H	M	C	P
0	0.04525	0.07235	0.04447	0.02979	0.12628	0.01042	0.05795	0.04890	0.09607	0.08122	0.16577	0.06141	0.01858	0.00695	0.00540	0.00155	0.02106	0.00601	0.00408	0.09650
1	0.01136	0.04070	0.07402	0.01357	0.15340	0.05596	0.00952	0.04541	0.14847	0.03540	0.14750	0.09972	0.09457	0.00840	0.00596	0.00169	0.03647	0.00708	0.00418	0.00663
2	0.06297	0.03886	0.01140	0.00989	0.04476	0.02945	0.00739	0.09546	0.10436	0.06540	0.07529	0.15962	0.01762	0.02546	0.00614	0.00164	0.04225	0.02188	0.00424	0.17594
3	0.03153	0.06990	0.03008	0.02867	0.08888	0.04469	0.02798	0.17088	0.09435	0.06720	0.03188	0.06889	0.06786	0.00675	0.00499	0.00147	0.00499	0.00558	0.00409	0.14933
4	0.08263	0.03088	0.08347	0.00991	0.01289	0.02523	0.08086	0.08402	0.01266	0.07461	0.11873	0.19369	0.04249	0.05335	0.00659	0.00185	0.00474	0.00763	0.00418	0.06960
5	0.11250	0.16257	0.03044	0.00919	0.01324	0.08366	0.00784	0.15019	0.01351	0.04826	0.00991	0.01092	0.00783	0.00487	0.00407	0.00120	0.00507	0.00349	0.04313	0.27810
6	0.29058	0.01076	0.01078	0.00909	0.01216	0.03426	0.00736	0.18110	0.08171	0.12463	0.04638	0.04122	0.01199	0.00660	0.00509	0.00163	0.03863	0.01920	0.04218	0.02464
7	0.00844	0.00654	0.00931	0.00885	0.00934	0.00795	0.00676	0.00939	0.00798	0.01152	0.01230	0.02009	0.01217	0.14479	0.43411	0.10714	0.17073	0.00554	0.00268	0.00435
8	0.01289	0.01237	0.02114	0.03196	0.78450	0.01237	0.01598	0.01598	0.01186	0.01701	0.00980	0.01289	0.00825	0.00464	0.00516	0.00155	0.00619	0.00464	0.00258	0.00825
9	0.00905	0.00452	0.00678	0.00678	0.00678	0.00452	0.00452	0.00678	0.00678	0.00905	0.00905	0.01583	0.00905	0.01809	0.02035	0.84848	0.00452	0.00452	0.00226	0.00226
10	0.01060	0.00966	0.01562	0.74369	0.03436	0.01192	0.01411	0.07112	0.01149	0.01480	0.00951	0.01378	0.00709	0.00529	0.00521	0.00172	0.00685	0.00463	0.00254	0.00602
11	0.00704	0.00501	0.00675	0.00790	0.00846	0.00481	0.00585	0.00836	0.01048	0.01385	0.02776	0.54252	0.03231	0.05438	0.00777	0.00234	0.00367	0.24164	0.00474	0.00435
12	0.00715	0.00518	0.00675	0.00663	0.00772	0.00478	0.00487	0.00930	0.01381	0.01933	0.62620	0.17486	0.07045	0.01172	0.00623	0.00173	0.00256	0.01041	0.00555	0.00478
13	0.00627	0.00518	0.00551	0.00564	0.00716	0.00441	0.00415	0.00762	0.01183	0.01449	0.10543	0.15186	0.62563	0.01341	0.00622	0.00180	0.00268	0.01138	0.00490	0.00441
14	0.05280	0.01006	0.01264	0.00972	0.01375	0.00951	0.00803	0.17430	0.01661	0.60832	0.01844	0.01634	0.01182	0.00635	0.00516	0.00160	0.00468	0.00504	0.00608	0.00874
15	0.00744	0.00558	0.00837	0.00837	0.00930	0.00651	0.00651	0.00930	0.00837	0.01209	0.01395	0.02046	0.01302	0.03906	0.79635	0.00837	0.01395	0.00558	0.00279	0.00465
16	0.01366	0.76111	0.08402	0.00935	0.01405	0.01997	0.00968	0.01566	0.01061	0.01257	0.00740	0.00855	0.00668	0.00449	0.00346	0.00115	0.00573	0.00286	0.00223	0.00676
17	0.85377	0.01007	0.00765	0.00685	0.01007	0.01168	0.00564	0.01531	0.00886	0.02336	0.00725	0.00846	0.00564	0.00483	0.00322	0.00161	0.00403	0.00282	0.00322	0.00564
18	0.01348	0.01149	0.01238	0.01141	0.03931	0.01318	0.00863	0.08399	0.69221	0.02247	0.02015	0.01868	0.01510	0.00692	0.00529	0.00174	0.00431	0.00575	0.00520	0.00829
19	0.01149	0.01125	0.01833	0.39634	0.31261	0.03519	0.04689	0.01461	0.01097	0.01476	0.00928	0.01319	0.00746	0.00528	0.00616	0.00170	0.07067	0.00465	0.00243	0.00676
20	0.00750	0.00532	0.00706	0.00706	0.00754	0.00580	0.00488	0.00846	0.00798	0.01112	0.01515	0.02708	0.01590	0.41746	0.42187	0.00675	0.00962	0.00655	0.00297	0.00392
21	0.02052	0.01166	0.01473	0.01340	0.11739	0.01173	0.00968	0.32530	0.01839	0.37852	0.01584	0.01496	0.01063	0.00613	0.00521	0.00158	0.00519	0.00493	0.00543	0.00878
22	0.85377	0.01007	0.00765	0.00685	0.01007	0.01168	0.00564	0.01531	0.00886	0.02336	0.00725	0.00846	0.00564	0.00483	0.00322	0.00161	0.00403	0.00282	0.00322	0.00564
23	0.00905	0.00452	0.00678	0.00678	0.00678	0.00452	0.00452	0.00678	0.00678	0.00905	0.00905	0.01583	0.00905	0.01809	0.02035	0.84848	0.00452	0.00452	0.00226	0.00226
24	0.01229	0.01405	0.03073	0.02195	0.02722	0.01317	0.76558	0.01668	0.01229	0.01668	0.01054	0.01405	0.00790	0.00439	0.00615	0.00176	0.00878	0.00615	0.00263	0.00702
25	0.00731	0.00545	0.00755	0.00755	0.00842	0.00601	0.00564	0.00879	0.00865	0.01199	0.01900	0.02629	0.10603	0.16661	0.57255	0.00702	0.01110	0.00656	0.00310	0.00437
26	0.01229	0.01405	0.03073	0.02195	0.02722	0.01317	0.76558	0.01668	0.01229	0.01668	0.01054	0.01405	0.00790	0.00439	0.00615	0.00176	0.00878	0.00615	0.00263	0.00702
27	0.01245	0.01315	0.10045	0.05172	0.06954	0.01093	0.29746	0.04698	0.04024	0.06578	0.05547	0.01476	0.01072	0.00505	0.00531	0.00150	0.00646	0.00516	0.00328	0.18359
28	0.01867	0.01436	0.01554	0.01329	0.07457	0.04875	0.01007	0.63900	0.02222	0.02957	0.01211	0.01301	0.00897	0.02617	0.00610	0.02389	0.00587	0.00469	0.00477	0.00838

[dist]
# distance from previous block
# <min> <max>
0	1

[block]
# block no. 1 follows, 47 sequences, length 40
# corresponding to MSA columns:
# 144-183
name=unknown_B
#
# <colnr> <probs for GDERKNQSTAVLIFYWHMCP>
#	G	D	E	R	K	N	Q	S	T	A	V	L	I	F	Y	W	H	M	C	P
0	0.01135	0.01027	0.01085	0.00851	0.01238	0.06380	0.00670	0.01546	0.13037	0.01700	0.01316	0.01430	0.04203	0.00702	0.05292	0.00148	0.00486	0.00403	0.00346	0.57005
1	0.01032	0.00882	0.01046	0.00814	0.03297	0.00679	0.00621	0.01259	0.01115	0.01700	0.05981	0.01538	0.06530	0.00496	0.00420	0.00092	0.00375	0.00408	0.00336	0.71383
2	0.01337	0.01140	0.01201	0.01068	0.01370	0.01315	0.00834	0.07309	0.72898	0.02246	0.02066	0.01900	0.01546	0.00702	0.00529	0.00175	0.00422	0.00581	0.00529	0.00828
3	0.00651	0.00527	0.00578	0.00569	0.00726	0.00454	0.00425	0.00814	0.01264	0.01600	0.26098	0.06705	0.55257	0.01254	0.00616	0.00173	0.00260	0.01064	0.00509	0.00454
4	0.01229	0.01405	0.03073	0.02195	0.02722	0.01317	0.76558	0.01668	0.01229	0.01668	0.01054	0.01405	0.00790	0.00439	0.00615	0.00176	0.00878	0.00615	0.00263	0.00702
5	0.01060	0.00763	0.05555	0.03255	0.06420	0.00696	0.00642	0.06792	0.01183	0.01946	0.01528	0.01781	0.01203	0.00767	0.04686	0.00169	0.00402	0.00480	0.60114	0.00558
6	0.00995	0.00696	0.00876	0.00942	0.07289	0.00683	0.00644	0.03782	0.07790	0.08599	0.05456	0.13836	0.20688	0.10821	0.04928	0.00254	0.00443	0.07609	0.03116	0.00552
7	0.00677	0.00502	0.00634	0.00679	0.00773	0.00459	0.00491	0.00835	0.01201	0.01605	0.27843	0.36763	0.18345	0.01375	0.00642	0.00191	0.00287	0.05734	0.00512	0.00452
8	0.01045	0.02694	0.79000	0.01484	0.02254	0.01209	0.01924	0.01649	0.01099	0.01649	0.00935	0.01099	0.00660	0.00495	0.00495	0.00165	0.00770	0.00385	0.00220	0.00770
9	0.01335	0.14028	0.13686	0.02301	0.40545	0.09874	0.07747	0.01658	0.01188	0.01571	0.00921	0.01163	0.00757	0.00472	0.00488	0.00149	0.00688	0.00422	0.00248	0.00758
10	0.02269	0.00895	0.01203	0.00929	0.01323	0.00788	0.00765	0.04075	0.03156	0.73746	0.03833	0.01815	0.01373	0.00655	0.00526	0.00161	0.00441	0.00534	0.00638	0.00876
11	0.00634	0.00453	0.00604	0.00725	0.00755	0.00423	0.00483	0.00725	0.00997	0.01329	0.02870	0.81358	0.03444	0.01632	0.00665	0.00211	0.00302	0.01480	0.00483	0.00423
12	0.01065	0.00848	0.00917	0.00845	0.01073	0.00901	0.00655	0.06351	0.33511	0.03990	0.05810	0.03305	0.25218	0.06708	0.00723	0.00202	0.00383	0.06355	0.00501	0.00638
13	0.02779	0.01091	0.01947	0.25309	0.16558	0.01161	0.23007	0.01532	0.05342	0.01641	0.05070	0.01553	0.01054	0.00544	0.00579	0.00168	0.03460	0.00536	0.06007	0.00662
14	0.01006	0.00652	0.00784	0.00786	0.05005	0.00587	0.00552	0.01224	0.04681	0.15029	0.12572	0.05506	0.42365	0.06042	0.00716	0.00192	0.00334	0.00910	0.00502	0.00554
15	0.01295	0.01119	0.01178	0.01060	0.01354	0.01295	0.00824	0.02767	0.77509	0.02178	0.02120	0.01943	0.01590	0.00707	0.00530	0.00177	0.00412	0.00589	0.00530	0.00824
16	0.01233	0.01258	0.05179	0.13288	0.61423	0.01236	0.03872	0.01559	0.01156	0.01639	0.00966	0.01295	0.00797	0.00482	0.00545	0.00160	0.02413	0.00465	0.00252	0.00781
17	0.00659	0.00464	0.00591	0.00688	0.00740	0.00430	0.00467	0.00767	0.01032	0.01396	0.04642	0.66996	0.10224	0.01518	0.00638	0.00201	0.00293	0.01363	0.06460	0.00430
18	0.06115	0.20598	0.32140	0.01254	0.01804	0.09906	0.05966	0.06975	0.01221	0.01671	0.00889	0.01035	0.00690	0.00484	0.00446	0.00142	0.00680	0.00363	0.00263	0.07357
19	0.00983	0.00926	0.01562	0.80447	0.03587	0.01157	0.01446	0.01331	0.01041	0.01331	0.00926	0.01388	0.00694	0.00521	0.00521	0.00174	0.00694	0.00463	0.00231	0.00579
20	0.01272	0.06563	0.18281	0.02567	0.52376	0.05048	0.01585	0.01622	0.01166	0.01631	0.00940	0.01201	0.00770	0.00482	0.00523	0.00155	0.02353	0.00430	0.00248	0.00788
21	0.01268	0.35728	0.33805	0.01284	0.04635	0.07132	0.03082	0.01624	0.01109	0.01445	0.00851	0.01009	0.00687	0.00486	0.00452	0.00141	0.02356	0.00348	0.01852	0.00706
22	0.00634	0.00453	0.00604	0.00725	0.00755	0.00423	0.00483	0.00725	0.00997	0.01329	0.02870	0.81358	0.03444	0.01632	0.00665	0.00211	0.00302	0.01480	0.00483	0.00423
23	0.01168	0.00816	0.01136	0.04889	0.05945	0.00885	0.06365	0.07087	0.01187	0.07269	0.01602	0.07910	0.03386	0.00781	0.01929	0.00171	0.11707	0.00585	0.34592	0.00591
24	0.00723	0.00517	0.00661	0.00737	0.00793	0.00498	0.00502	0.04923	0.01095	0.01469	0.07781	0.67136	0.03311	0.06261	0.00771	0.00223	0.00325	0.01346	0.00482	0.00447
25	0.00805	0.00582	0.00730	0.00681	0.00826	0.00551	0.00514	0.01128	0.06855	0.03808	0.65760	0.03784	0.09889	0.01048	0.00606	0.00166	0.00263	0.00918	0.00565	0.00520
26	0.79478	0.00999	0.00797	0.00702	0.01030	0.01140	0.00578	0.01602	0.00929	0.07769	0.00820	0.00912	0.00615	0.00495	0.00337	0.00161	0.00406	0.00299	0.00345	0.00587
27	0.02325	0.00904	0.01220	0.00935	0.01338	0.00792	0.00772	0.04883	0.01521	0.76422	0.02029	0.01756	0.01276	0.00644	0.00524	0.00161	0.00447	0.00522	0.00641	0.00886
28	0.34065	0.01285	0.01256	0.01001	0.01381	0.01443	0.00826	0.47788	0.01847	0.02918	0.01048	0.01095	0.00762	0.00571	0.00445	0.00158	0.00508	0.00397	0.00445	0.00762
29	0.00983	0.00926	0.01562	0.80447	0.03587	0.01157	0.01446	0.01331	0.01041	0.01331	0.00926	0.01388	0.00694	0.00521	0.00521	0.00174	0.00694	0.00463	0.00231	0.00579
30	0.01295	0.01119	0.01178	0.01060	0.01354	0.01295	0.00824	0.02767	0.77509	0.02178	0.02120	0.01943	0.01590	0.00707	0.00530	0.00177	0.00412	0.00589	0.00530	0.00824
31	0.01392	0.82012	0.02729	0.00891	0.01337	0.02061	0.00891	0.01559	0.01058	0.01225	0.00724	0.00835	0.00668	0.00446	0.00334	0.00111	0.00557	0.00278	0.00223	0.00668
32	0.01895	0.00994	0.01264	0.01141	0.07029	0.00986	0.00847	0.02549	0.28092	0.46281	0.01998	0.01797	0.01360	0.00653	0.00525	0.00166	0.00445	0.00542	0.00576	0.00860
33	0.85377	0.01007	0.00765	0.00685	0.01007	0.01168	0.00564	0.01531	0.00886	0.02336	0.00725	0.00846	0.00564	0.00483	0.00322	0.00161	0.00403	0.00282	0.00322	0.00564
34	0.00737	0.00532	0.00696	0.00655	0.00778	0.00491	0.00491	0.00983	0.01474	0.02088	0.78175	0.03890	0.04914	0.01065	0.00614	0.00164	0.00246	0.00942	0.00573	0.00491
35	0.01139	0.01139	0.01595	0.01367	0.01367	0.01595	0.01139	0.01253	0.00798	0.01253	0.00684	0.01139	0.00684	0.00911	0.01709	0.00228	0.80745	0.00456	0.00228	0.00570
36	0.02336	0.00886	0.01209	0.00927	0.01329	0.00765	0.00765	0.02538	0.01491	0.78810	0.02055	0.01773	0.01289	0.00645	0.00524	0.00161	0.00443	0.00524	0.00645	0.00886
37	0.00882	0.00470	0.00701	0.03466	0.00784	0.00476	0.00487	0.00707	0.00719	0.00956	0.01081	0.08107	0.01125	0.03443	0.01884	0.73216	0.00450	0.00543	0.00249	0.00256
38	0.85377	0.01007	0.00765	0.00685	0.01007	0.01168	0.00564	0.01531	0.00886	0.02336	0.00725	0.00846	0.00564	0.00483	0.00322	0.00161	0.00403	0.00282	0.00322	0.00564
39	0.01229	0.01405	0.03073	0.02195	0.02722	0.01317	0.76558	0.01668	0.01229	0.01668	0.01054	0.01405	0.00790	0.00439	0.00615	0.00176	0.00878	0.00615	0.00263	0.00702

[dist]
# distance from previous block
# <min> <max>
0	4

[block]
# block no. 2 follows, 47 sequences, length 102
# corresponding to MSA columns:
# 188-198,209-221,225-259,261-303
name=unknown_C
#
# <colnr> <probs for GDERKNQSTAVLIFYWHMCP>
#	G	D	E	R	K	N	Q	S	T	A	V	L	I	F	Y	W	H	M	C	P
0	0.00737	0.00532	0.00696	0.00655	0.00778	0.00491	0.00491	0.00983	0.01474	0.02088	0.78175	0.03890	0.04914	0.01065	0.00614	0.00164	0.00246	0.00942	0.00573	0.00491
1	0.06315	0.00860	0.01140	0.00890	0.01264	0.00761	0.00731	0.02347	0.01459	0.68073	0.08874	0.01918	0.01581	0.00675	0.00522	0.00161	0.00423	0.00550	0.00622	0.00835
2	0.01144	0.01154	0.01674	0.01412	0.01440	0.01580	0.05188	0.01276	0.00821	0.01276	0.00703	0.01154	0.00689	0.00886	0.01650	0.00225	0.76458	0.00464	0.00230	0.00577
3	0.00757	0.00505	0.00568	0.00568	0.00568	0.00505	0.00316	0.00757	0.00757	0.01010	0.01641	0.03408	0.01893	0.81698	0.02651	0.00505	0.00505	0.00757	0.00316	0.00316
4	0.00830	0.00637	0.00724	0.00691	0.00848	0.00637	0.00516	0.01261	0.15975	0.01805	0.30036	0.06194	0.21805	0.06311	0.03020	0.00209	0.00334	0.00874	0.06764	0.00528
5	0.01295	0.01119	0.01178	0.01060	0.01354	0.01295	0.00824	0.02767	0.77509	0.02178	0.02120	0.01943	0.01590	0.00707	0.00530	0.00177	0.00412	0.00589	0.00530	0.00824
6	0.01080	0.00926	0.01080	0.00771	0.01234	0.00694	0.00617	0.01311	0.01080	0.01697	0.00926	0.01080	0.00771	0.00386	0.00386	0.00077	0.00386	0.00309	0.00309	0.84882
7	0.00786	0.00542	0.00603	0.00596	0.00618	0.00550	0.00348	0.00877	0.05339	0.01089	0.01762	0.03362	0.03820	0.74828	0.02472	0.00477	0.00493	0.00756	0.00333	0.00349
8	0.01749	0.01913	0.01355	0.01258	0.03529	0.50260	0.00947	0.09270	0.05689	0.04740	0.01213	0.01591	0.01030	0.00646	0.00499	0.00149	0.00761	0.07396	0.05363	0.00642
9	0.00737	0.00547	0.00804	0.00813	0.00895	0.00625	0.00619	0.00904	0.00844	0.01206	0.01519	0.08026	0.01496	0.08369	0.69176	0.00771	0.01261	0.00638	0.00296	0.00453
10	0.01262	0.37117	0.14847	0.02648	0.09350	0.02876	0.01111	0.01641	0.08071	0.01500	0.00995	0.01151	0.00823	0.00526	0.00501	0.00140	0.06111	0.00377	0.06932	0.02020
11	0.04284	0.08304	0.01423	0.05186	0.07167	0.08768	0.00901	0.27555	0.11790	0.02272	0.01306	0.01399	0.00997	0.00587	0.00465	0.00148	0.00529	0.00452	0.15737	0.00728
12	0.00634	0.00456	0.00601	0.00717	0.00753	0.00424	0.00480	0.00726	0.01005	0.01332	0.02966	0.78319	0.06422	0.01619	0.00663	0.00210	0.00301	0.01465	0.00483	0.00424
13	0.01204	0.32552	0.43729	0.01286	0.01897	0.03078	0.04768	0.01616	0.01091	0.01474	0.00852	0.01011	0.00669	0.00483	0.00464	0.00146	0.02378	0.00355	0.00224	0.00721
14	0.12054	0.07626	0.03826	0.07034	0.01610	0.04658	0.00932	0.33290	0.07529	0.02391	0.01105	0.01189	0.00834	0.00557	0.00481	0.00146	0.01899	0.00410	0.00399	0.12030
15	0.00713	0.00521	0.00612	0.00634	0.00751	0.00466	0.00457	0.00847	0.01152	0.03724	0.15609	0.24525	0.34278	0.08956	0.00823	0.00217	0.00309	0.04473	0.00486	0.00447
16	0.01139	0.01139	0.01595	0.01367	0.01367	0.01595	0.01139	0.01253	0.00798	0.01253	0.00684	0.01139	0.00684	0.00911	0.01709	0.00228	0.80745	0.00456	0.00228	0.00570
17	0.01946	0.01028	0.01391	0.06058	0.04301	0.01014	0.04640	0.12199	0.11741	0.45747	0.01812	0.01744	0.01230	0.00641	0.00532	0.00165	0.00500	0.01919	0.00552	0.00840
18	0.03842	0.00965	0.01248	0.00958	0.01362	0.00887	0.00792	0.12453	0.01608	0.67264	0.01922	0.01685	0.01221	0.00639	0.00520	0.00160	0.00460	0.00512	0.00622	0.00880
19	0.00660	0.00480	0.00620	0.00714	0.00773	0.00447	0.00499	0.00774	0.01056	0.01392	0.07478	0.59379	0.11856	0.03997	0.00722	0.00216	0.00316	0.07707	0.00483	0.00430
20	0.01945	0.02482	0.01476	0.01342	0.01610	0.79608	0.01006	0.02079	0.01476	0.01275	0.00805	0.00939	0.00671	0.00537	0.00470	0.00134	0.00939	0.00335	0.00268	0.00604
21	0.79173	0.01041	0.00825	0.00723	0.01052	0.01201	0.00596	0.07123	0.01002	0.02407	0.00764	0.00876	0.00588	0.00494	0.00337	0.00161	0.00416	0.00296	0.00337	0.00588
22	0.02915	0.00496	0.00614	0.00704	0.00770	0.00468	0.00482	0.00805	0.02846	0.01407	0.05150	0.65008	0.13380	0.01522	0.00644	0.00203	0.00301	0.01362	0.00483	0.00440
23	0.00634	0.00453	0.00604	0.00725	0.00755	0.00423	0.00483	0.00725	0.00997	0.01329	0.02870	0.81358	0.03444	0.01632	0.00665	0.00211	0.00302	0.01480	0.00483	0.00423
24	0.01080	0.00926	0.01080	0.00771	0.01234	0.00694	0.00617	0.01311	0.01080	0.01697	0.00926	0.01080	0.00771	0.00386	0.00386	0.00077	0.00386	0.00309	0.00309	0.84882
25	0.01434	0.01232	0.03402	0.01299	0.07197	0.01181	0.09200	0.29634	0.01615	0.02274	0.02837	0.02772	0.00958	0.00547	0.00530	0.00135	0.03314	0.00457	0.00384	0.29599
26	0.01328	0.67338	0.16839	0.01001	0.01506	0.01903	0.01082	0.01576	0.01066	0.01304	0.00763	0.00884	0.00667	0.00455	0.00364	0.00121	0.00596	0.00298	0.00222	0.00687
27	0.00631	0.00528	0.00550	0.00544	0.00713	0.00446	0.00408	0.00778	0.01225	0.01496	0.14847	0.04864	0.68611	0.01286	0.00615	0.00174	0.00261	0.01078	0.00495	0.00446
28	0.00983	0.00926	0.01562	0.80447	0.03587	0.01157	0.01446	0.01331	0.01041	0.01331	0.00926	0.01388	0.00694	0.00521	0.00521	0.00174	0.00694	0.00463	0.00231	0.00579
29	0.00714	0.00531	0.00664	0.00631	0.00764	0.00482	0.00473	0.00938	0.01420	0.01960	0.64443	0.04101	0.18725	0.01113	0.00614	0.00166	0.00249	0.00971	0.00556	0.00482
30	0.00963	0.00897	0.01505	0.75699	0.03418	0.01113	0.01389	0.01295	0.01039	0.01330	0.01041	0.06150	0.00858	0.00587	0.00529	0.00176	0.00671	0.00523	0.00246	0.00569
31	0.01045	0.02694	0.79000	0.01484	0.02254	0.01209	0.01924	0.01649	0.01099	0.01649	0.00935	0.01099	0.00660	0.00495	0.00495	0.00165	0.00770	0.00385	0.00220	0.00770
32	0.00666	0.00536	0.00584	0.00595	0.00739	0.00475	0.00441	0.00827	0.02595	0.01454	0.11148	0.10622	0.53465	0.07840	0.00789	0.00208	0.00301	0.05792	0.00479	0.00443
33	0.03565	0.01410	0.01547	0.07083	0.01750	0.01572	0.01015	0.69610	0.02313	0.03118	0.01216	0.01253	0.00865	0.00615	0.00517	0.00158	0.00579	0.00465	0.00495	0.00856
34	0.01702	0.00963	0.01183	0.00880	0.01313	0.00818	0.00717	0.09467	0.01392	0.34430	0.01435	0.01390	0.01002	0.00519	0.00458	0.00121	0.00429	0.00416	0.00472	0.40895
35	0.02013	0.00815	0.01105	0.00872	0.01218	0.00710	0.00710	0.02223	0.01487	0.63269	0.17474	0.02201	0.02023	0.00730	0.00542	0.00162	0.00403	0.00608	0.00630	0.00806
36	0.06380	0.00837	0.01228	0.07741	0.04080	0.00849	0.10860	0.08772	0.02480	0.04880	0.25646	0.15255	0.03780	0.00891	0.00569	0.00171	0.00443	0.00803	0.03745	0.00590
37	0.01163	0.00928	0.01090	0.00792	0.01239	0.00721	0.00634	0.03843	0.01144	0.05783	0.01048	0.03281	0.00874	0.00441	0.00405	0.00088	0.00393	0.00357	0.00338	0.75439
38	0.01100	0.14090	0.65681	0.01421	0.02136	0.01335	0.04059	0.01637	0.01097	0.01589	0.00908	0.01071	0.00665	0.00486	0.00475	0.00158	0.00742	0.00377	0.00222	0.00753
39	0.00757	0.00505	0.00568	0.00568	0.00568	0.00505	0.00316	0.00757	0.00757	0.01010	0.01641	0.03408	0.01893	0.81698	0.02651	0.00505	0.00505	0.00757	0.00316	0.00316
40	0.01139	0.01139	0.01595	0.01367	0.01367	0.01595	0.01139	0.01253	0.00798	0.01253	0.00684	0.01139	0.00684	0.00911	0.01709	0.00228	0.80745	0.00456	0.00228	0.00570
41	0.02336	0.00886	0.01209	0.00927	0.01329	0.00765	0.00765	0.02538	0.01491	0.78810	0.02055	0.01773	0.01289	0.00645	0.00524	0.00161	0.00443	0.00524	0.00645	0.00886
42	0.00990	0.00938	0.01603	0.78342	0.03563	0.01161	0.03467	0.01340	0.01046	0.01340	0.00929	0.01389	0.00697	0.00518	0.00523	0.00174	0.00699	0.00467	0.00232	0.00582
43	0.00830	0.00588	0.00681	0.00662	0.00710	0.00620	0.00421	0.02560	0.07813	0.01191	0.01643	0.03046	0.01765	0.62179	0.12723	0.00512	0.00617	0.00709	0.00335	0.00394
44	0.01980	0.01459	0.01563	0.01198	0.01615	0.01615	0.00990	0.76713	0.02448	0.03282	0.01250	0.01250	0.00886	0.00625	0.00521	0.00156	0.00573	0.00469	0.00521	0.00886
45	0.01617	0.00854	0.01056	0.00879	0.01174	0.00836	0.00701	0.06044	0.17303	0.35282	0.22757	0.02363	0.02320	0.00770	0.00544	0.00163	0.00383	0.00647	0.03556	0.00752
46	0.01150	0.01092	0.04698	0.09703	0.31345	0.01088	0.02950	0.04635	0.14549	0.01762	0.01670	0.09435	0.05983	0.00701	0.00551	0.00167	0.01815	0.00625	0.05369	0.00711
47	0.08921	0.01328	0.01495	0.14900	0.01905	0.01497	0.01033	0.57225	0.02071	0.02863	0.01149	0.01240	0.00825	0.00595	0.00504	0.00160	0.00580	0.00452	0.00454	0.00805
48	0.01289	0.01237	0.02114	0.03196	0.78450	0.01237	0.01598	0.01598	0.01186	0.01701	0.00980	0.01289	0.00825	0.00464	0.00516	0.00155	0.00619	0.00464	0.00258	0.00825
49	0.00775	0.00641	0.00693	0.00667	0.00849	0.00618	0.00503	0.01191	0.16225	0.01694	0.19468	0.07437	0.44994	0.01160	0.00601	0.00175	0.00291	0.00983	0.00511	0.00525
50	0.00744	0.00558	0.00837	0.00837	0.00930	0.00651	0.00651	0.00930	0.00837	0.01209	0.01395	0.02046	0.01302	0.03906	0.79635	0.00837	0.01395	0.00558	0.00279	0.00465
51	0.01155	0.01097	0.01610	0.12665	0.07456	0.03412	0.08287	0.02646	0.03226	0.01488	0.00961	0.01335	0.00820	0.00717	0.01086	0.00191	0.39576	0.00477	0.11188	0.00605
52	0.00744	0.00558	0.00837	0.00837	0.00930	0.00651	0.00651	0.00930	0.00837	0.01209	0.01395	0.02046	0.01302	0.03906	0.79635	0.00837	0.01395	0.00558	0.00279	0.00465
53	0.01284	0.01266	0.02275	0.06391	0.56690	0.01262	0.17458	0.03900	0.01227	0.01726	0.01001	0.01317	0.00814	0.00466	0.00537	0.00160	0.00676	0.00496	0.00266	0.00790
54	0.00863	0.00576	0.00642	0.00598	0.00797	0.00490	0.00458	0.01019	0.01267	0.11867	0.14791	0.04425	0.57928	0.01194	0.00603	0.00172	0.00285	0.01001	0.00517	0.00507
55	0.00792	0.06617	0.00978	0.00841	0.00960	0.00756	0.00669	0.00977	0.00853	0.01210	0.01345	0.01956	0.01255	0.03648	0.73736	0.00783	0.01333	0.00537	0.00275	0.00480
56	0.01778	0.02142	0.01371	0.01245	0.01497	0.63481	0.00935	0.07201	0.01509	0.01469	0.05597	0.07119	0.01145	0.00656	0.00496	0.00143	0.00825	0.00466	0.00320	0.00604
57	0.14345	0.39435	0.07987	0.01000	0.01427	0.07084	0.00945	0.17404	0.01352	0.01864	0.00870	0.00976	0.00710	0.00567	0.01950	0.00148	0.00596	0.00337	0.00305	0.00698
58	0.01490	0.01019	0.01162	0.00951	0.01311	0.01021	0.00756	0.08194	0.33084	0.18620	0.01850	0.03410	0.03380	0.00646	0.00498	0.00148	0.00419	0.00531	0.00498	0.21010
59	0.00711	0.00543	0.00624	0.00604	0.00729	0.00498	0.00434	0.00906	0.03459	0.01643	0.34953	0.04169	0.31835	0.15483	0.00974	0.00229	0.00303	0.00958	0.00492	0.00450
60	0.00835	0.00597	0.00835	0.00954	0.01073	0.00596	0.00832	0.01072	0.01195	0.01554	0.02760	0.07363	0.03006	0.01442	0.00718	0.00239	0.00476	0.73496	0.00480	0.00478
61	0.01392	0.82012	0.02729	0.00891	0.01337	0.02061	0.00891	0.01559	0.01058	0.01225	0.00724	0.00835	0.00668	0.00446	0.00334	0.00111	0.00557	0.00278	0.00223	0.00668
62	0.01080	0.00926	0.01080	0.00771	0.01234	0.00694	0.00617	0.01311	0.01080	0.01697	0.00926	0.01080	0.00771	0.00386	0.00386	0.00077	0.00386	0.00309	0.00309	0.84882
63	0.00754	0.00505	0.00567	0.00567	0.00572	0.00503	0.00318	0.00757	0.00769	0.01020	0.01738	0.03451	0.03933	0.79550	0.02596	0.00496	0.00498	0.00766	0.00320	0.00319
64	0.01138	0.01211	0.02363	0.03333	0.02179	0.01240	0.48262	0.01550	0.06343	0.01588	0.01302	0.11770	0.01171	0.00687	0.00784	0.00188	0.13240	0.00697	0.00304	0.00651
65	0.01200	0.01149	0.01549	0.56759	0.02972	0.08526	0.01320	0.09698	0.02709	0.01550	0.00955	0.01323	0.00730	0.00567	0.00608	0.00172	0.06869	0.00454	0.00272	0.00619
66	0.01220	0.02369	0.01352	0.06330	0.01402	0.06260	0.00963	0.06913	0.01068	0.06067	0.01221	0.12701	0.01186	0.01049	0.04866	0.00229	0.39621	0.00603	0.03992	0.00587
67	0.00806	0.00605	0.00829	0.00819	0.00896	0.02515	0.00619	0.00932	0.00833	0.01178	0.01338	0.02066	0.01282	0.10402	0.59359	0.09048	0.03618	0.00556	0.01863	0.00435
68	0.02173	0.00861	0.01163	0.00906	0.01282	0.00753	0.00743	0.02407	0.03204	0.70380	0.08705	0.01961	0.01612	0.00683	0.00532	0.00162	0.00425	0.00562	0.00636	0.00850
69	0.00752	0.00568	0.00844	0.00840	0.00929	0.00665	0.00652	0.00932	0.00834	0.01205	0.01388	0.02063	0.01305	0.05831	0.76206	0.00817	0.02866	0.00561	0.00279	0.00463
70	0.01111	0.01092	0.01519	0.01308	0.01308	0.01514	0.01078	0.01216	0.00795	0.01235	0.00755	0.01308	0.00774	0.06921	0.01779	0.00248	0.74777	0.00478	0.00234	0.00551
71	0.01615	0.01249	0.01243	0.01009	0.01319	0.07378	0.00804	0.46887	0.03455	0.02599	0.03619	0.01837	0.06969	0.06712	0.00666	0.00178	0.00522	0.00544	0.10669	0.00727
72	0.03761	0.00975	0.03886	0.01056	0.05848	0.00902	0.00815	0.05438	0.16677	0.25971	0.10954	0.04373	0.03149	0.00742	0.00531	0.00162	0.00429	0.04624	0.00511	0.09197
73	0.00926	0.00810	0.01042	0.00980	0.01074	0.05562	0.00776	0.03161	0.00912	0.01279	0.01218	0.01783	0.01133	0.03035	0.57659	0.00658	0.16689	0.00522	0.00275	0.00505
74	0.01256	0.01165	0.01917	0.11139	0.60102	0.01196	0.01463	0.05997	0.01267	0.01785	0.06732	0.01491	0.01119	0.00524	0.00524	0.00157	0.00596	0.00500	0.00294	0.00777
75	0.00639	0.00463	0.00604	0.00706	0.00753	0.00428	0.00477	0.00742	0.01040	0.01380	0.07533	0.71066	0.09095	0.01575	0.00658	0.00206	0.00296	0.01420	0.00489	0.00428
76	0.01849	0.16399	0.01695	0.01263	0.01562	0.66037	0.00986	0.01988	0.01403	0.01266	0.00791	0.00921	0.00670	0.00521	0.00446	0.00130	0.00872	0.00325	0.00260	0.00615
77	0.01488	0.00916	0.01099	0.00898	0.01238	0.00867	0.00726	0.09558	0.13475	0.23924	0.07267	0.02240	0.06140	0.00796	0.02304	0.00166	0.00438	0.06079	0.00502	0.19879
78	0.01757	0.11287	0.02768	0.01003	0.01347	0.01110	0.03439	0.10299	0.06180	0.35564	0.06317	0.02888	0.01368	0.00671	0.00593	0.00160	0.06705	0.00524	0.05251	0.00768
79	0.01603	0.00833	0.01126	0.01062	0.08210	0.00779	0.00759	0.08566	0.01513	0.36160	0.25600	0.07374	0.02473	0.00819	0.00560	0.00164	0.00401	0.00704	0.00566	0.00729
80	0.00830	0.00596	0.00827	0.00940	0.01062	0.00592	0.00819	0.01067	0.01204	0.01565	0.04430	0.05807	0.05235	0.01427	0.00714	0.00236	0.00468	0.71219	0.00482	0.00479
81	0.01095	0.01105	0.06309	0.55749	0.16089	0.01170	0.04405	0.01470	0.02415	0.03811	0.00996	0.01376	0.00752	0.00513	0.00522	0.00170	0.00680	0.00468	0.00254	0.00650
82	0.01067	0.08668	0.61069	0.01465	0.04325	0.01231	0.05678	0.01593	0.01133	0.01650	0.06517	0.01302	0.00980	0.00528	0.00498	0.00161	0.00716	0.00431	0.00249	0.00740
83	0.04578	0.00890	0.01197	0.00920	0.01321	0.00776	0.00760	0.02511	0.01474	0.76746	0.02019	0.01748	0.01270	0.00640	0.00518	0.00161	0.00442	0.00517	0.00636	0.00878
84	0.02301	0.00894	0.01207	0.00931	0.01330	0.00784	0.00767	0.02546	0.04116	0.76164	0.02057	0.01778	0.01299	0.00647	0.00524	0.00162	0.00442	0.00526	0.00641	0.00884
85	0.05683	0.01379	0.03216	0.06767	0.38774	0.08523	0.06166	0.15178	0.01435	0.06341	0.01061	0.01265	0.00822	0.00513	0.00509	0.00156	0.00643	0.00456	0.00329	0.00783
86	0.00887	0.00774	0.01058	0.01022	0.02270	0.02953	0.00789	0.01035	0.00871	0.01246	0.01385	0.12201	0.01419	0.04825	0.39770	0.00529	0.24430	0.01744	0.00294	0.00495
87	0.00748	0.00501	0.00571	0.00580	0.00582	0.00499	0.00328	0.00755	0.00775	0.01034	0.01732	0.09206	0.02009	0.75743	0.02503	0.00483	0.00490	0.00811	0.00328	0.00324
88	0.00775	0.00597	0.00717	0.00685	0.00832	0.00574	0.00513	0.01137	0.10533	0.01923	0.50540	0.09158	0.17831	0.01107	0.00608	0.00171	0.00273	0.00965	0.00545	0.00517
89	0.85377	0.01007	0.00765	0.00685	0.01007	0.01168	0.00564	0.01531	0.00886	0.02336	0.00725	0.00846	0.00564	0.00483	0.00322	0.00161	0.00403	0.00282	0.00322	0.00564
90	0.03507	0.01398	0.11170	0.04711	0.45121	0.04584	0.03439	0.02862	0.08587	0.01747	0.02772	0.01574	0.03918	0.00558	0.00519	0.00161	0.00611	0.01692	0.00304	0.00765
91	0.01129	0.01125	0.01576	0.01354	0.01356	0.01571	0.01127	0.01245	0.00799	0.01252	0.00702	0.01162	0.00699	0.00988	0.03694	0.00243	0.78724	0.00458	0.00229	0.00567
92	0.01483	0.69038	0.02524	0.00965	0.01381	0.14711	0.00910	0.01644	0.01126	0.01233	0.00737	0.00852	0.00669	0.00460	0.00356	0.00115	0.00619	0.00288	0.00230	0.00658
93	0.00757	0.00505	0.00568	0.00568	0.00568	0.00505	0.00316	0.00757	0.00757	0.01010	0.01641	0.03408	0.01893	0.81698	0.02651	0.00505	0.00505	0.00757	0.00316	0.00316
94	0.01828	0.01383	0.01477	0.01167	0.01557	0.01544	0.00953	0.60294	0.19115	0.03037	0.01443	0.01404	0.01042	0.00643	0.00523	0.00161	0.00537	0.00495	0.00523	0.00872
95	0.02231	0.01055	0.01313	0.01007	0.01414	0.01017	0.00832	0.24462	0.01774	0.56486	0.01817	0.01618	0.01170	0.00639	0.00523	0.00160	0.00482	0.00507	0.00608	0.00886
96	0.00757	0.00505	0.00568	0.00568	0.00568	0.00505	0.00316	0.00757	0.00757	0.01010	0.01641	0.03408	0.01893	0.81698	0.02651	0.00505	0.00505	0.00757	0.00316	0.00316
97	0.01949	0.00902	0.03886	0.00904	0.01264	0.00762	0.00761	0.04137	0.03214	0.57549	0.16704	0.02148	0.01963	0.00721	0.00540	0.00162	0.00419	0.00600	0.00610	0.00804
98	0.01945	0.02482	0.01476	0.01342	0.01610	0.79608	0.01006	0.02079	0.01476	0.01275	0.00805	0.00939	0.00671	0.00537	0.00470	0.00134	0.00939	0.00335	0.00268	0.00604
99	0.01930	0.00983	0.01260	0.01059	0.03474	0.00991	0.00835	0.04921	0.18472	0.48979	0.01951	0.01782	0.02628	0.00687	0.00628	0.00170	0.07310	0.00539	0.00566	0.00836
100	0.01775	0.01294	0.01480	0.01154	0.01535	0.01402	0.04326	0.54103	0.09098	0.07735	0.07014	0.01658	0.03627	0.00678	0.00536	0.00160	0.00531	0.00543	0.00521	0.00830
101	0.01118	0.01009	0.01537	0.42240	0.02528	0.03327	0.04226	0.01369	0.01015	0.05934	0.01071	0.07278	0.00934	0.00718	0.00869	0.00190	0.23229	0.00543	0.00276	0.00588

[dist]
# distance from previous block
# <min> <max>
0	1

[block]
# block no. 3 follows, 47 sequences, length 18
# corresponding to MSA columns:
# 305-322
name=unknown_D
#
# <colnr> <probs for GDERKNQSTAVLIFYWHMCP>
#	G	D	E	R	K	N	Q	S	T	A	V	L	I	F	Y	W	H	M	C	P
0	0.01370	0.53806	0.06096	0.08483	0.01619	0.06105	0.00995	0.03694	0.10690	0.01432	0.00946	0.01056	0.00792	0.00497	0.00397	0.00131	0.00584	0.00348	0.00272	0.00687
1	0.12417	0.00885	0.01292	0.45990	0.02494	0.01035	0.01102	0.01452	0.01107	0.11233	0.08415	0.01675	0.02592	0.00700	0.02622	0.00189	0.03361	0.00505	0.00333	0.00601
2	0.01036	0.00903	0.07733	0.00841	0.01081	0.00761	0.00709	0.14740	0.01487	0.04950	0.32582	0.15740	0.08183	0.03193	0.00639	0.00177	0.00381	0.00864	0.00499	0.03501
3	0.03215	0.08515	0.01340	0.29989	0.02027	0.00971	0.00925	0.01286	0.01105	0.01571	0.10665	0.04276	0.01340	0.00571	0.00467	0.00133	0.00495	0.00481	0.00312	0.30315
4	0.01662	0.36179	0.02025	0.05353	0.01599	0.33049	0.00979	0.10732	0.01391	0.01496	0.00830	0.00956	0.00697	0.00508	0.00421	0.00129	0.00719	0.00334	0.00277	0.00664
5	0.01157	0.00985	0.01133	0.00848	0.01273	0.00845	0.00678	0.05515	0.10714	0.01829	0.01085	0.01199	0.00877	0.00454	0.00450	0.00098	0.02768	0.00357	0.00345	0.67391
6	0.00721	0.00546	0.00669	0.00666	0.00789	0.00509	0.00488	0.00976	0.05371	0.01794	0.43428	0.20685	0.18983	0.01218	0.00621	0.00177	0.00270	0.01070	0.00534	0.00484
7	0.01222	0.01169	0.01993	0.20160	0.62011	0.01220	0.01565	0.01539	0.01154	0.01620	0.00968	0.01311	0.00796	0.00476	0.00517	0.00159	0.00635	0.00464	0.00252	0.00771
8	0.01414	0.14781	0.10801	0.01502	0.12213	0.18870	0.03815	0.03414	0.16638	0.01618	0.02416	0.01282	0.00958	0.00581	0.00583	0.00156	0.07497	0.00434	0.00313	0.00713
9	0.00618	0.00518	0.00537	0.00552	0.00710	0.00438	0.00407	0.00745	0.01163	0.01397	0.04974	0.14571	0.68874	0.01358	0.00622	0.00180	0.00269	0.01147	0.00484	0.00438
10	0.00971	0.00720	0.00815	0.00780	0.00900	0.00761	0.00548	0.10780	0.13647	0.01598	0.02102	0.20676	0.04729	0.33270	0.02926	0.00327	0.00460	0.03059	0.00425	0.00508
11	0.01163	0.01047	0.01665	0.59182	0.10342	0.01235	0.03941	0.12137	0.01262	0.01656	0.00981	0.01360	0.00737	0.00527	0.00523	0.00169	0.00676	0.00469	0.00276	0.00650
12	0.00762	0.00504	0.00569	0.00571	0.00579	0.00502	0.00326	0.00780	0.00796	0.01083	0.03916	0.04953	0.01993	0.74672	0.02465	0.00475	0.00483	0.00767	0.03475	0.00329
13	0.01421	0.57906	0.02353	0.01041	0.03980	0.01874	0.00927	0.08792	0.10754	0.01556	0.00955	0.01042	0.00810	0.00517	0.00444	0.00130	0.04149	0.00350	0.00291	0.00709
14	0.00718	0.00526	0.00673	0.00647	0.00769	0.00481	0.00481	0.00941	0.01412	0.01967	0.65572	0.09361	0.12250	0.01130	0.00618	0.00168	0.00251	0.00995	0.00558	0.00481
15	0.01085	0.01119	0.08369	0.01058	0.07099	0.05488	0.00825	0.10857	0.14529	0.01878	0.10271	0.03012	0.30484	0.00913	0.00561	0.00167	0.00441	0.00756	0.00450	0.00637
16	0.01275	0.02257	0.52452	0.01537	0.04161	0.01310	0.09108	0.18133	0.01411	0.02011	0.01017	0.01168	0.00727	0.00517	0.00513	0.00164	0.00733	0.00428	0.00291	0.00790
17	0.00852	0.00670	0.00964	0.02714	0.12136	0.00656	0.00839	0.01080	0.01208	0.01598	0.11280	0.10454	0.12310	0.01238	0.00657	0.00208	0.00437	0.39722	0.00454	0.00523

[dist]
# distance from previous block
# <min> <max>
0	7

[block]
# block no. 4 follows, 47 sequences, length 21
# corresponding to MSA columns:
# 378-398
name=unknown_E
#
# <colnr> <probs for GDERKNQSTAVLIFYWHMCP>
#	G	D	E	R	K	N	Q	S	T	A	V	L	I	F	Y	W	H	M	C	P
0	0.73414	0.09031	0.04410	0.00740	0.01094	0.01258	0.00656	0.01539	0.00913	0.02197	0.00734	0.00856	0.00578	0.00480	0.00331	0.00156	0.00434	0.00286	0.00308	0.00583
1	0.01757	0.00948	0.01178	0.00883	0.01304	0.00811	0.00720	0.09081	0.01417	0.38688	0.03478	0.01499	0.01136	0.00550	0.00470	0.00127	0.00427	0.00443	0.00496	0.34588
2	0.00720	0.00600	0.00941	0.00898	0.01022	0.00553	0.11000	0.00874	0.01083	0.01431	0.07375	0.55369	0.13320	0.01391	0.00648	0.00199	0.00373	0.01277	0.00458	0.00468
3	0.00638	0.00464	0.00602	0.00705	0.00752	0.00428	0.00476	0.00740	0.01037	0.01373	0.06772	0.70951	0.09990	0.01577	0.00658	0.00206	0.00296	0.01421	0.00488	0.00428
4	0.01086	0.01211	0.04248	0.10435	0.02436	0.01132	0.52441	0.01457	0.01174	0.01572	0.01515	0.11792	0.05644	0.00653	0.00608	0.00180	0.00746	0.00731	0.00300	0.00639
5	0.00653	0.00468	0.00597	0.00688	0.00726	0.00437	0.00454	0.00738	0.00990	0.01312	0.04988	0.63097	0.08455	0.12675	0.00935	0.00248	0.00326	0.01339	0.00463	0.00411
6	0.01045	0.02694	0.79000	0.01484	0.02254	0.01209	0.01924	0.01649	0.01099	0.01649	0.00935	0.01099	0.00660	0.00495	0.00495	0.00165	0.00770	0.00385	0.00220	0.00770
7	0.00732	0.00532	0.00689	0.00650	0.00775	0.00489	0.00488	0.00973	0.01463	0.02061	0.75250	0.03935	0.07856	0.01075	0.00614	0.00164	0.00246	0.00948	0.00570	0.00489
8	0.01045	0.02694	0.79000	0.01484	0.02254	0.01209	0.01924	0.01649	0.01099	0.01649	0.00935	0.01099	0.00660	0.00495	0.00495	0.00165	0.00770	0.00385	0.00220	0.00770
9	0.85377	0.01007	0.00765	0.00685	0.01007	0.01168	0.00564	0.01531	0.00886	0.02336	0.00725	0.00846	0.00564	0.00483	0.00322	0.00161	0.00403	0.00282	0.00322	0.00564
10	0.01672	0.01316	0.01465	0.01307	0.07659	0.01467	0.00977	0.43453	0.30016	0.02749	0.01549	0.01509	0.01140	0.00642	0.00524	0.00164	0.00517	0.00513	0.00503	0.00858
11	0.78712	0.01043	0.00829	0.00726	0.01056	0.01204	0.00598	0.07539	0.01011	0.02412	0.00767	0.00878	0.00590	0.00495	0.00338	0.00161	0.00416	0.00297	0.00338	0.00590
12	0.00757	0.00505	0.00568	0.00568	0.00568	0.00505	0.00316	0.00757	0.00757	0.01010	0.01641	0.03408	0.01893	0.81698	0.02651	0.00505	0.00505	0.00757	0.00316	0.00316
13	0.00821	0.00586	0.00743	0.00848	0.00903	0.00543	0.00591	0.00890	0.01103	0.01479	0.02879	0.64008	0.03361	0.06353	0.00845	0.00257	0.00391	0.12381	0.00517	0.00501
14	0.00745	0.00555	0.00824	0.00824	0.00913	0.00644	0.00635	0.00922	0.00833	0.01199	0.01407	0.02111	0.01330	0.07599	0.75979	0.00821	0.01353	0.00567	0.00281	0.00458
15	0.01034	0.00977	0.01652	0.67780	0.15862	0.01170	0.01471	0.01374	0.01065	0.01391	0.00934	0.01372	0.00716	0.00511	0.00520	0.00170	0.00682	0.00463	0.00236	0.00619
16	0.01229	0.01405	0.03073	0.02195	0.02722	0.01317	0.76558	0.01668	0.01229	0.01668	0.01054	0.01405	0.00790	0.00439	0.00615	0.00176	0.00878	0.00615	0.00263	0.00702
17	0.00737	0.00532	0.00696	0.00655	0.00778	0.00491	0.00491	0.00983	0.01474	0.02088	0.78175	0.03890	0.04914	0.01065	0.00614	0.00164	0.00246	0.00942	0.00573	0.00491
18	0.00983	0.00926	0.01562	0.80447	0.03587	0.01157	0.01446	0.01331	0.01041	0.01331	0.00926	0.01388	0.00694	0.00521	0.00521	0.00174	0.00694	0.00463	0.00231	0.00579
19	0.01945	0.02482	0.01476	0.01342	0.01610	0.79608	0.01006	0.02079	0.01476	0.01275	0.00805	0.00939	0.00671	0.00537	0.00470	0.00134	0.00939	0.00335	0.00268	0.00604
20	0.00839	0.00599	0.00839	0.00959	0.01079	0.00599	0.00839	0.01079	0.01199	0.01558	0.02757	0.05874	0.02997	0.01439	0.00719	0.00240	0.00480	0.74945	0.00480	0.00480

[dist]
# distance from previous block
# <min> <max>
0	30

[block]
# block no. 5 follows, 47 sequences, length 33
# corresponding to MSA columns:
# 429-461
name=unknown_F
#
# <colnr> <probs for GDERKNQSTAVLIFYWHMCP>
#	G	D	E	R	K	N	Q	S	T	A	V	L	I	F	Y	W	H	M	C	P
0	0.00811	0.00549	0.00720	0.00668	0.00803	0.00504	0.00504	0.01054	0.01475	0.05622	0.74669	0.03792	0.04747	0.01045	0.00610	0.00164	0.00255	0.00923	0.00577	0.00510
1	0.18644	0.00925	0.01131	0.00886	0.01274	0.00867	0.00732	0.04284	0.01397	0.61804	0.01772	0.01577	0.01136	0.00612	0.00484	0.00161	0.00439	0.00475	0.00578	0.00823
2	0.00634	0.00456	0.00601	0.00716	0.00753	0.00424	0.00480	0.00726	0.01005	0.01333	0.02976	0.77990	0.06744	0.01618	0.00663	0.00210	0.00300	0.01464	0.00483	0.00424
3	0.00644	0.00460	0.00615	0.00735	0.00770	0.00431	0.00499	0.00741	0.01006	0.01339	0.02865	0.78028	0.03425	0.01623	0.00667	0.00213	0.00310	0.04722	0.00483	0.00425
4	0.00640	0.00479	0.00595	0.00671	0.00745	0.00433	0.00463	0.00755	0.01088	0.01420	0.10601	0.55738	0.21472	0.01503	0.00648	0.00198	0.00288	0.01338	0.00492	0.00433
5	0.01202	0.01573	0.13322	0.02080	0.02628	0.01309	0.64782	0.01656	0.01202	0.01656	0.01029	0.01358	0.00770	0.00457	0.00623	0.00175	0.02631	0.00580	0.00257	0.00709
6	0.00659	0.00529	0.00589	0.00574	0.00730	0.00458	0.00430	0.00832	0.01291	0.01653	0.31637	0.04606	0.51723	0.01227	0.00615	0.00171	0.00257	0.01042	0.00516	0.00458
7	0.85377	0.01007	0.00765	0.00685	0.01007	0.01168	0.00564	0.01531	0.00886	0.02336	0.00725	0.00846	0.00564	0.00483	0.00322	0.00161	0.00403	0.00282	0.00322	0.00564
8	0.01104	0.01049	0.01780	0.49908	0.33182	0.01189	0.01506	0.01436	0.01098	0.01477	0.00947	0.01349	0.00746	0.00498	0.00519	0.00166	0.00664	0.00463	0.00242	0.00676
9	0.12061	0.02346	0.61276	0.01450	0.02138	0.01215	0.09140	0.01636	0.01085	0.01741	0.00919	0.01097	0.00660	0.00488	0.00484	0.00165	0.00733	0.00394	0.00238	0.00736
10	0.04766	0.00887	0.01141	0.00918	0.01274	0.00823	0.00743	0.02389	0.11736	0.59382	0.04035	0.06515	0.01527	0.00717	0.00529	0.00166	0.00424	0.00592	0.00607	0.00830
11	0.00733	0.00566	0.00678	0.00700	0.00819	0.00542	0.00508	0.01026	0.09273	0.01657	0.24740	0.32256	0.20625	0.01298	0.00626	0.00187	0.00292	0.02472	0.00514	0.00490
12	0.01202	0.08039	0.01274	0.00827	0.01283	0.00911	0.00680	0.09309	0.01223	0.01824	0.00942	0.01077	0.00774	0.00416	0.00395	0.00088	0.00420	0.00323	0.00324	0.68668
13	0.03395	0.00934	0.01085	0.00811	0.01223	0.00783	0.00650	0.07964	0.02916	0.07463	0.09227	0.01455	0.01269	0.00506	0.00433	0.00104	0.00392	0.00410	0.00384	0.58595
14	0.03395	0.48360	0.14012	0.09432	0.01726	0.05753	0.01105	0.05992	0.01156	0.01452	0.00830	0.00996	0.00697	0.00568	0.02475	0.00150	0.00643	0.00336	0.00247	0.00676
15	0.00827	0.00570	0.00641	0.00612	0.00802	0.00490	0.00474	0.00988	0.01259	0.09695	0.14616	0.04569	0.55774	0.01220	0.00612	0.00176	0.00293	0.05373	0.00512	0.00496
16	0.00737	0.00532	0.00696	0.00655	0.00778	0.00491	0.00491	0.00983	0.01474	0.02088	0.78175	0.03890	0.04914	0.01065	0.00614	0.00164	0.00246	0.00942	0.00573	0.00491
17	0.01190	0.00931	0.01121	0.05518	0.01368	0.00800	0.00707	0.09310	0.01285	0.05693	0.08722	0.01571	0.01281	0.00530	0.00447	0.00109	0.00415	0.02620	0.00374	0.56006
18	0.01142	0.11923	0.03428	0.10704	0.18267	0.01123	0.01095	0.01459	0.05629	0.05205	0.03474	0.04454	0.01548	0.00917	0.02889	0.01431	0.05901	0.18423	0.00349	0.00639
19	0.00631	0.00528	0.00549	0.00543	0.00713	0.00446	0.00408	0.00777	0.01223	0.01492	0.14360	0.04872	0.69101	0.01287	0.00615	0.00174	0.00262	0.01079	0.00495	0.00446
20	0.00637	0.00466	0.00600	0.00706	0.00756	0.00429	0.00480	0.00736	0.01025	0.01344	0.03167	0.70192	0.12729	0.01588	0.00660	0.00208	0.00301	0.03066	0.00483	0.00426
21	0.01804	0.01437	0.25254	0.01096	0.01588	0.00912	0.01113	0.03550	0.03231	0.47058	0.01743	0.06253	0.01221	0.00658	0.00523	0.00166	0.00538	0.00538	0.00498	0.00821
22	0.01761	0.01178	0.01309	0.01064	0.01421	0.01276	0.00859	0.32123	0.28430	0.18257	0.03243	0.01670	0.01306	0.00666	0.00522	0.00164	0.00475	0.00532	0.02902	0.00845
23	0.03238	0.01108	0.06313	0.45195	0.14330	0.01139	0.11530	0.01420	0.01090	0.01512	0.01033	0.03104	0.00818	0.00528	0.00520	0.00168	0.00670	0.00497	0.05152	0.00634
24	0.01395	0.71538	0.02633	0.01146	0.09500	0.03855	0.00969	0.01576	0.01082	0.01277	0.00753	0.00886	0.00685	0.00450	0.00357	0.00117	0.00573	0.00299	0.00228	0.00683
25	0.00983	0.00926	0.01562	0.80447	0.03587	0.01157	0.01446	0.01331	0.01041	0.01331	0.00926	0.01388	0.00694	0.00521	0.00521	0.00174	0.00694	0.00463	0.00231	0.00579
