[name]
unknown

[dist]
# distance from previous block
# <min> <max>
0	90

[block]
# block no. 0 follows, 47 sequences, length 9
# corresponding to MSA columns:
# 91-99
name=unknown_A
#
# <colnr> <probs for GDERKNQSTAVLIFYWHMCP>
#	G	D	E	R	K	N	Q	S	T	A	V	L	I	F	Y	W	H	M	C	P
0	0.17479	0.01375	0.01415	0.01103	0.01502	0.01532	0.00911	0.62740	0.02158	0.03106	0.01153	0.01175	0.00826	0.00599	0.00484	0.00157	0.00541	0.00434	0.00484	0.00826
1	0.00707	0.00505	0.00644	0.00732	0.00775	0.00492	0.00501	0.00847	0.03832	0.01322	0.02580	0.54266	0.03011	0.17816	0.01068	0.00273	0.00367	0.09389	0.00451	0.00422
2	0.02307	0.00934	0.01238	0.00949	0.01353	0.00836	0.00784	0.08694	0.01570	0.72542	0.01988	0.01729	0.01256	0.00643	0.00523	0.00161	0.00454	0.00519	0.00634	0.00886
3	0.02336	0.00886	0.01209	0.00927	0.01329	0.00765	0.00765	0.02538	0.01491	0.78810	0.02055	0.01773	0.01289	0.00645	0.00524	0.00161	0.00443	0.00524	0.00645	0.00886
4	0.02033	0.01373	0.01510	0.01157	0.01572	0.01487	0.00956	0.65566	0.02305	0.14632	0.01371	0.01329	0.00946	0.00628	0.00521	0.00157	0.00554	0.00477	0.00540	0.00886
5	0.00729	0.00600	0.00980	0.00943	0.01052	0.00561	0.11916	0.00879	0.01055	0.01417	0.06245	0.65591	0.03117	0.01425	0.00655	0.00204	0.00386	0.01324	0.00455	0.00468
6	0.00672	0.00483	0.00638	0.00699	0.00764	0.00448	0.00486	0.00821	0.01174	0.01611	0.30765	0.52663	0.03989	0.01422	0.00646	0.00194	0.00281	0.01281	0.00517	0.00448
7	0.01117	0.00977	0.01281	0.12841	0.01685	0.00842	0.04751	0.05030	0.01149	0.01718	0.00948	0.01152	0.00766	0.00420	0.00425	0.00101	0.00467	0.00356	0.00305	0.63671
8	0.01587	0.04587	0.01481	0.01140	0.01451	0.01248	0.06228	0.22808	0.13530	0.16677	0.03761	0.08157	0.01356	0.00748	0.00684	0.00172	0.10700	0.00593	0.00471	0.02620

[dist]
# distance from previous block
# <min> <max>
1	8

[block]
# block no. 1 follows, 47 sequences, length 16
# corresponding to MSA columns:
# 108-123
name=unknown_B
#
# <colnr> <probs for GDERKNQSTAVLIFYWHMCP>
#	G	D	E	R	K	N	Q	S	T	A	V	L	I	F	Y	W	H	M	C	P
0	0.05376	0.01098	0.01219	0.00968	0.01350	0.04212	0.00781	0.15552	0.14913	0.29663	0.01691	0.01591	0.03017	0.00611	0.00491	0.00147	0.00465	0.00483	0.00509	0.15864
1	0.00838	0.00552	0.00726	0.00676	0.00814	0.00507	0.00509	0.01075	0.01455	0.07133	0.69900	0.07080	0.04611	0.01061	0.00610	0.00166	0.00261	0.00937	0.00574	0.00515
2	0.85377	0.01007	0.00765	0.00685	0.01007	0.01168	0.00564	0.01531	0.00886	0.02336	0.00725	0.00846	0.00564	0.00483	0.00322	0.00161	0.00403	0.00282	0.00322	0.00564
3	0.00757	0.00505	0.00568	0.00568	0.00568	0.00505	0.00316	0.00757	0.00757	0.01010	0.01641	0.03408	0.01893	0.81698	0.02651	0.00505	0.00505	0.00757	0.00316	0.00316
4	0.85377	0.01007	0.00765	0.00685	0.01007	0.01168	0.00564	0.01531	0.00886	0.02336	0.00725	0.00846	0.00564	0.00483	0.00322	0.00161	0.00403	0.00282	0.00322	0.00564
5	0.85377	0.01007	0.00765	0.00685	0.01007	0.01168	0.00564	0.01531	0.00886	0.02336	0.00725	0.00846	0.00564	0.00483	0.00322	0.00161	0.00403	0.00282	0.00322	0.00564
6	0.00746	0.00550	0.00799	0.00799	0.00878	0.00630	0.00603	0.00905	0.00826	0.01180	0.01430	0.02240	0.01386	0.15006	0.68649	0.00790	0.01268	0.00586	0.00284	0.00444
7	0.00776	0.00607	0.00805	0.00788	0.00880	0.00636	0.00608	0.00967	0.01248	0.01738	0.41382	0.18035	0.08485	0.01203	0.00783	0.00190	0.11187	0.08702	0.00495	0.00485
8	0.85377	0.01007	0.00765	0.00685	0.01007	0.01168	0.00564	0.01531	0.00886	0.02336	0.00725	0.00846	0.00564	0.00483	0.00322	0.00161	0.00403	0.00282	0.00322	0.00564
9	0.08173	0.01262	0.01368	0.05127	0.01558	0.03122	0.00905	0.46171	0.05812	0.14684	0.01377	0.01373	0.00969	0.00613	0.00497	0.00157	0.00529	0.00467	0.05020	0.00815
10	0.01842	0.01319	0.01444	0.01130	0.01509	0.01447	0.00926	0.61780	0.05542	0.07086	0.06062	0.01503	0.01202	0.00792	0.03785	0.00186	0.00573	0.00510	0.00521	0.00841
11	0.00992	0.00927	0.01540	0.70981	0.07021	0.01120	0.01390	0.01325	0.01049	0.01364	0.00986	0.03727	0.00785	0.00545	0.00519	0.00170	0.00666	0.00486	0.00243	0.04166
12	0.00696	0.00500	0.00634	0.00659	0.00734	0.00466	0.00456	0.00843	0.01181	0.01617	0.35508	0.31270	0.08786	0.13131	0.00931	0.00232	0.00305	0.01115	0.00498	0.00438
13	0.01262	0.42297	0.35330	0.01203	0.01782	0.04967	0.03581	0.01623	0.01099	0.01422	0.00827	0.00970	0.00668	0.00470	0.00417	0.00137	0.00674	0.00336	0.00225	0.00710
14	0.01570	0.01202	0.01300	0.01042	0.01392	0.03020	0.00833	0.37628	0.13663	0.05323	0.01455	0.06586	0.01186	0.03960	0.00620	0.00164	0.02314	0.00535	0.00466	0.15740
15	0.06204	0.01213	0.01333	0.01035	0.01439	0.01259	0.00845	0.39282	0.10759	0.13205	0.01372	0.01349	0.00985	0.00584	0.00486	0.00144	0.00491	0.00450	0.00487	0.17079

[dist]
# distance from previous block
# <min> <max>
4	15

[block]
# block no. 2 follows, 47 sequences, length 50
# corresponding to MSA columns:
# 139-188
name=unknown_C
#
# <colnr> <probs for GDERKNQSTAVLIFYWHMCP>
#	G	D	E	R	K	N	Q	S	T	A	V	L	I	F	Y	W	H	M	C	P
0	0.01248	0.00963	0.02612	0.00876	0.01238	0.00844	0.00702	0.12814	0.07176	0.08069	0.01524	0.16394	0.01396	0.00705	0.00483	0.00131	0.00412	0.00594	0.00416	0.41403
1	0.04592	0.00686	0.00774	0.00713	0.00842	0.00690	0.00488	0.07105	0.05402	0.01453	0.01651	0.12461	0.01761	0.42315	0.06603	0.00376	0.00517	0.00728	0.00363	0.10478
2	0.01036	0.00801	0.01115	0.00956	0.01187	0.00761	0.08936	0.08213	0.06539	0.05213	0.09169	0.31507	0.02303	0.04535	0.00687	0.01355	0.00423	0.00904	0.00443	0.13917
3	0.07310	0.67733	0.04719	0.00908	0.01347	0.03988	0.00895	0.01624	0.01081	0.05294	0.00801	0.00895	0.00693	0.00462	0.00351	0.00120	0.00557	0.00296	0.00252	0.00673
4	0.00696	0.00534	0.00640	0.00646	0.00774	0.00486	0.00479	0.00906	0.03140	0.01707	0.35624	0.17810	0.29297	0.01255	0.00625	0.00179	0.00275	0.03934	0.00523	0.00470
5	0.01392	0.82012	0.02729	0.00891	0.01337	0.02061	0.00891	0.01559	0.01058	0.01225	0.00724	0.00835	0.00668	0.00446	0.00334	0.00111	0.00557	0.00278	0.00223	0.00668
6	0.29062	0.01272	0.01259	0.02725	0.01426	0.03464	0.00831	0.41085	0.01766	0.06521	0.01083	0.01130	0.00785	0.00563	0.00448	0.00154	0.00514	0.00399	0.00438	0.05072
7	0.01061	0.04978	0.74154	0.01491	0.02243	0.01238	0.04456	0.01647	0.01103	0.01637	0.00932	0.01102	0.00664	0.00491	0.00494	0.00164	0.00767	0.00390	0.00221	0.00764
8	0.00892	0.00563	0.00737	0.00717	0.00858	0.00516	0.00547	0.01097	0.01344	0.10094	0.43905	0.17412	0.09546	0.01175	0.00624	0.00180	0.00302	0.08426	0.00549	0.00517
9	0.05677	0.00888	0.01140	0.00915	0.01264	0.00820	0.00740	0.09666	0.01491	0.57068	0.02030	0.12828	0.01519	0.00774	0.00534	0.00168	0.00435	0.00642	0.00596	0.00807
10	0.01093	0.01181	0.02484	0.01835	0.02249	0.01106	0.58198	0.01459	0.01207	0.01641	0.06910	0.15129	0.01536	0.00686	0.00623	0.00181	0.00735	0.00785	0.00323	0.00640
11	0.01199	0.01246	0.01630	0.01387	0.01435	0.07965	0.04398	0.01331	0.00873	0.01272	0.00728	0.01158	0.00703	0.00939	0.03610	0.00234	0.68627	0.00455	0.00234	0.00575
12	0.00634	0.00453	0.00604	0.00725	0.00755	0.00423	0.00483	0.00725	0.00997	0.01329	0.02870	0.81358	0.03444	0.01632	0.00665	0.00211	0.00302	0.01480	0.00483	0.00423
13	0.01242	0.01212	0.02133	0.13478	0.61044	0.01234	0.08851	0.01569	0.01171	0.01648	0.00979	0.01314	0.00804	0.00469	0.00526	0.00159	0.00654	0.00478	0.00255	0.00780
14	0.00983	0.00926	0.01562	0.80447	0.03587	0.01157	0.01446	0.01331	0.01041	0.01331	0.00926	0.01388	0.00694	0.00521	0.00521	0.00174	0.00694	0.00463	0.00231	0.00579
15	0.00634	0.00453	0.00604	0.00725	0.00755	0.00423	0.00483	0.00725	0.00997	0.01329	0.02870	0.81358	0.03444	0.01632	0.00665	0.00211	0.00302	0.01480	0.00483	0.00423
16	0.38645	0.01088	0.01106	0.00891	0.01262	0.01162	0.00735	0.21325	0.01474	0.25708	0.01263	0.01231	0.00867	0.00569	0.00435	0.00160	0.00459	0.00404	0.00471	0.00745
17	0.01016	0.00959	0.01621	0.72148	0.11629	0.01166	0.01463	0.01359	0.01057	0.01370	0.00931	0.01378	0.00708	0.00515	0.00520	0.00172	0.00686	0.00463	0.00234	0.00605
18	0.01271	0.01219	0.02081	0.07721	0.74065	0.01233	0.01589	0.01583	0.01177	0.01680	0.00976	0.01295	0.00817	0.00467	0.00516	0.00156	0.00623	0.00464	0.00256	0.00810
19	0.01392	0.82012	0.02729	0.00891	0.01337	0.02061	0.00891	0.01559	0.01058	0.01225	0.00724	0.00835	0.00668	0.00446	0.00334	0.00111	0.00557	0.00278	0.00223	0.00668
20	0.01179	0.00981	0.01132	0.00824	0.01273	0.00803	0.00662	0.10270	0.01237	0.01875	0.00975	0.01121	0.00797	0.00492	0.02151	0.00103	0.00430	0.00333	0.00333	0.73029
21	0.01163	0.01008	0.01100	0.01067	0.05179	0.01124	0.00781	0.02313	0.58508	0.02015	0.04172	0.02493	0.15214	0.00810	0.00546	0.00175	0.00393	0.00680	0.00509	0.00749
22	0.01295	0.01119	0.01178	0.01060	0.01354	0.01295	0.00824	0.02767	0.77509	0.02178	0.02120	0.01943	0.01590	0.00707	0.00530	0.00177	0.00412	0.00589	0.00530	0.00824
23	0.01289	0.01237	0.02114	0.03196	0.78450	0.01237	0.01598	0.01598	0.01186	0.01701	0.00980	0.01289	0.00825	0.00464	0.00516	0.00155	0.00619	0.00464	0.00258	0.00825
24	0.00645	0.00471	0.00610	0.00712	0.00766	0.00435	0.00491	0.00752	0.01041	0.01370	0.05156	0.67000	0.11879	0.01572	0.00660	0.00208	0.00305	0.05012	0.00486	0.00429
25	0.01289	0.01237	0.02114	0.03196	0.78450	0.01237	0.01598	0.01598	0.01186	0.01701	0.00980	0.01289	0.00825	0.00464	0.00516	0.00155	0.00619	0.00464	0.00258	0.00825
26	0.02336	0.00886	0.01209	0.00927	0.01329	0.00765	0.00765	0.02538	0.01491	0.78810	0.02055	0.01773	0.01289	0.00645	0.00524	0.00161	0.00443	0.00524	0.00645	0.00886
27	0.00634	0.00453	0.00604	0.00725	0.00755	0.00423	0.00483	0.00725	0.00997	0.01329	0.02870	0.81358	0.03444	0.01632	0.00665	0.00211	0.00302	0.01480	0.00483	0.00423
28	0.05488	0.01090	0.01288	0.01037	0.01397	0.03142	0.03512	0.15598	0.20317	0.33922	0.06260	0.01770	0.01438	0.00664	0.00523	0.00164	0.00474	0.00542	0.00553	0.00820
29	0.01971	0.01200	0.01365	0.01070	0.01454	0.01264	0.00874	0.41598	0.10804	0.27127	0.01623	0.01551	0.01124	0.02166	0.00560	0.00166	0.00505	0.00506	0.02210	0.00860
30	0.00634	0.00453	0.00604	0.00725	0.00755	0.00423	0.00483	0.00725	0.00997	0.01329	0.02870	0.81358	0.03444	0.01632	0.00665	0.00211	0.00302	0.01480	0.00483	0.00423
31	0.01800	0.01308	0.01444	0.05769	0.01623	0.01448	0.00948	0.59832	0.05876	0.05266	0.01358	0.02916	0.01013	0.02499	0.00566	0.00166	0.00547	0.00503	0.04294	0.00825
32	0.01275	0.02478	0.11536	0.03141	0.05504	0.01014	0.09271	0.05463	0.15976	0.12549	0.13582	0.03810	0.01942	0.00773	0.00567	0.00176	0.00522	0.09267	0.00450	0.00708
33	0.00632	0.00463	0.00594	0.00700	0.00749	0.00425	0.00472	0.00728	0.01021	0.01339	0.03178	0.71589	0.13015	0.01592	0.00658	0.00207	0.00297	0.01432	0.00483	0.00425
34	0.00715	0.00494	0.00592	0.00629	0.00655	0.00479	0.00393	0.00768	0.00900	0.01200	0.06753	0.27285	0.05541	0.47480	0.01799	0.00376	0.00418	0.02765	0.00392	0.00367
35	0.02987	0.01223	0.02099	0.04198	0.49546	0.01210	0.13928	0.05568	0.01286	0.11159	0.01131	0.01359	0.00871	0.00492	0.00530	0.00160	0.00636	0.00493	0.00320	0.00805
36	0.01189	0.07821	0.25024	0.01934	0.07315	0.01343	0.42513	0.01640	0.01165	0.01621	0.00980	0.01259	0.00743	0.00469	0.00579	0.00168	0.02756	0.00509	0.00246	0.00724
37	0.05558	0.01191	0.01970	0.10745	0.57974	0.01251	0.04059	0.01576	0.02883	0.01680	0.00972	0.01287	0.00806	0.00502	0.00580	0.00162	0.05313	0.00462	0.00263	0.00767
38	0.01615	0.01391	0.04486	0.01278	0.07589	0.06512	0.02356	0.35928	0.08555	0.04315	0.01206	0.01265	0.00902	0.00551	0.00488	0.00139	0.00554	0.00434	0.00422	0.20012
39	0.38154	0.01002	0.01063	0.00967	0.05733	0.01056	0.00730	0.08024	0.06330	0.23397	0.05783	0.01417	0.01133	0.00585	0.00438	0.00160	0.00432	0.00434	0.00452	0.02711
40	0.01275	0.10408	0.25461	0.02282	0.40576	0.01298	0.04232	0.01658	0.01162	0.05400	0.00993	0.01210	0.00779	0.00479	0.00494	0.00154	0.00658	0.00428	0.00262	0.00790
41	0.01178	0.31745	0.48415	0.01291	0.01933	0.01525	0.04108	0.01617	0.01089	0.01494	0.00861	0.01013	0.00667	0.00475	0.00440	0.00146	0.00695	0.00354	0.00222	0.00730
42	0.00675	0.00529	0.00606	0.00618	0.00751	0.00471	0.00451	0.02292	0.01234	0.01585	0.21662	0.22870	0.41753	0.01320	0.00625	0.00181	0.00275	0.01141	0.00505	0.00457
43	0.00942	0.00671	0.00794	0.00723	0.00898	0.00648	0.00550	0.12028	0.01493	0.04854	0.39360	0.11691	0.19516	0.02678	0.00643	0.00177	0.00316	0.00943	0.00535	0.00542
44	0.01196	0.01044	0.01623	0.01226	0.01616	0.00959	0.21125	0.04416	0.06483	0.06236	0.01328	0.10305	0.01164	0.00614	0.00570	0.00141	0.04641	0.00569	0.00355	0.34388
45	0.00700	0.00555	0.00587	0.00584	0.00755	0.00484	0.00436	0.00888	0.04213	0.03732	0.08013	0.11594	0.63045	0.01292	0.00614	0.00178	0.00278	0.01089	0.00494	0.00469
46	0.00673	0.00534	0.00609	0.00613	0.00757	0.00474	0.00459	0.00860	0.02473	0.01615	0.26026	0.12876	0.44409	0.01274	0.00624	0.00179	0.00274	0.04300	0.00510	0.00461
47	0.01099	0.00937	0.01090	0.00781	0.01242	0.00714	0.00625	0.02939	0.01109	0.01731	0.00933	0.01084	0.00774	0.00391	0.00389	0.00079	0.00390	0.00312	0.00313	0.83068
48	0.01279	0.01362	0.02784	0.02012	0.02502	0.01303	0.64541	0.09681	0.01348	0.01824	0.01168	0.05487	0.00936	0.00520	0.00607	0.00175	0.00816	0.00643	0.00302	0.00708
49	0.00905	0.00452	0.00678	0.00678	0.00678	0.00452	0.00452	0.00678	0.00678	0.00905	0.00905	0.01583	0.00905	0.01809	0.02035	0.84848	0.00452	0.00452	0.00226	0.00226

[dist]
# distance from previous block
# <min> <max>
0	5

[block]
# block no. 3 follows, 47 sequences, length 64
# corresponding to MSA columns:
# 194-257
name=unknown_D
#
# <colnr> <probs for GDERKNQSTAVLIFYWHMCP>
#	G	D	E	R	K	N	Q	S	T	A	V	L	I	F	Y	W	H	M	C	P
0	0.05149	0.00879	0.01120	0.00899	0.01245	0.00823	0.00729	0.03815	0.10746	0.53733	0.13175	0.02058	0.01822	0.00707	0.00530	0.00163	0.00411	0.00583	0.00605	0.00808
1	0.00757	0.00507	0.00577	0.00577	0.00580	0.00510	0.00327	0.00763	0.00760	0.01016	0.01633	0.03363	0.01874	0.79119	0.05203	0.00516	0.00534	0.00751	0.00314	0.00321
2	0.01045	0.02694	0.79000	0.01484	0.02254	0.01209	0.01924	0.01649	0.01099	0.01649	0.00935	0.01099	0.00660	0.00495	0.00495	0.00165	0.00770	0.00385	0.00220	0.00770
3	0.00744	0.00558	0.00837	0.00837	0.00930	0.00651	0.00651	0.00930	0.00837	0.01209	0.01395	0.02046	0.01302	0.03906	0.79635	0.00837	0.01395	0.00558	0.00279	0.00465
4	0.01267	0.01215	0.02075	0.08624	0.73190	0.01232	0.01588	0.01579	0.01176	0.01675	0.00976	0.01296	0.00816	0.00468	0.00516	0.00156	0.00624	0.00464	0.00256	0.00808
5	0.01127	0.01072	0.01821	0.44178	0.38734	0.01195	0.01518	0.01456	0.01109	0.01505	0.00951	0.01342	0.00756	0.00494	0.00518	0.00165	0.00659	0.00463	0.00244	0.00694
6	0.00634	0.00453	0.00604	0.00725	0.00755	0.00423	0.00483	0.00725	0.00997	0.01329	0.02870	0.81358	0.03444	0.01632	0.00665	0.00211	0.00302	0.01480	0.00483	0.00423
7	0.00652	0.00475	0.00614	0.00693	0.00755	0.00437	0.00476	0.00775	0.01104	0.01478	0.17071	0.59652	0.10903	0.01496	0.00651	0.00199	0.00288	0.01344	0.00500	0.00437
8	0.00832	0.00740	0.01170	0.01070	0.01208	0.02727	0.14542	0.01010	0.01072	0.01431	0.05203	0.48542	0.02687	0.01352	0.02452	0.00218	0.05417	0.07409	0.00420	0.00496
9	0.01392	0.82012	0.02729	0.00891	0.01337	0.02061	0.00891	0.01559	0.01058	0.01225	0.00724	0.00835	0.00668	0.00446	0.00334	0.00111	0.00557	0.00278	0.00223	0.00668
10	0.00921	0.00786	0.00928	0.00897	0.01021	0.08253	0.00694	0.04826	0.00977	0.01314	0.01337	0.01933	0.01235	0.05286	0.66252	0.00728	0.01289	0.00537	0.00291	0.00496
11	0.01950	0.02342	0.01488	0.01322	0.01611	0.68904	0.01004	0.12322	0.01609	0.01550	0.00866	0.00982	0.00700	0.00549	0.00477	0.00137	0.00889	0.00354	0.00303	0.00642
12	0.00983	0.00926	0.01562	0.80447	0.03587	0.01157	0.01446	0.01331	0.01041	0.01331	0.00926	0.01388	0.00694	0.00521	0.00521	0.00174	0.00694	0.00463	0.00231	0.00579
13	0.01137	0.18443	0.54306	0.01453	0.02128	0.01393	0.10954	0.01634	0.01107	0.01567	0.00907	0.01084	0.00678	0.00478	0.00477	0.00156	0.00740	0.00392	0.00226	0.00741
14	0.00737	0.00532	0.00696	0.00655	0.00778	0.00491	0.00491	0.00983	0.01474	0.02088	0.78175	0.03890	0.04914	0.01065	0.00614	0.00164	0.00246	0.00942	0.00573	0.00491
15	0.00983	0.00926	0.01562	0.80447	0.03587	0.01157	0.01446	0.01331	0.01041	0.01331	0.00926	0.01388	0.00694	0.00521	0.00521	0.00174	0.00694	0.00463	0.00231	0.00579
16	0.00992	0.01153	0.11190	0.64106	0.03285	0.01147	0.05241	0.01367	0.01056	0.01387	0.00998	0.04005	0.00786	0.00550	0.00527	0.00174	0.00700	0.00495	0.00240	0.00603
17	0.02290	0.01033	0.01246	0.00971	0.01364	0.06622	0.00794	0.06214	0.01537	0.69315	0.01922	0.01685	0.01223	0.00636	0.00520	0.00159	0.00486	0.00507	0.00611	0.00865
18	0.01288	0.01092	0.01161	0.01037	0.01325	0.01252	0.00808	0.06334	0.68147	0.02227	0.07685	0.02052	0.01800	0.00729	0.00536	0.00175	0.00408	0.00609	0.00533	0.00803
19	0.01221	0.01275	0.01583	0.01365	0.01392	0.09468	0.01126	0.01337	0.00866	0.01255	0.00696	0.01119	0.00682	0.00874	0.01584	0.00218	0.72691	0.00444	0.00232	0.00573
20	0.07406	0.42715	0.27307	0.01042	0.01557	0.01571	0.01163	0.01522	0.01082	0.01490	0.04191	0.01256	0.04712	0.00533	0.00411	0.00138	0.00588	0.00382	0.00257	0.00675
21	0.01439	0.01007	0.01131	0.00993	0.01289	0.01100	0.00781	0.02519	0.53764	0.17322	0.09426	0.02168	0.01875	0.00742	0.00540	0.00173	0.00404	0.01972	0.00556	0.00798
22	0.00846	0.00609	0.00842	0.00957	0.01079	0.00612	0.00831	0.01112	0.03026	0.01569	0.02744	0.07349	0.02973	0.01425	0.00714	0.00238	0.00474	0.71633	0.00481	0.00487
23	0.01648	0.01226	0.01269	0.01078	0.01411	0.06585	0.00854	0.15196	0.45577	0.16464	0.01871	0.01726	0.01352	0.00670	0.00523	0.00167	0.00481	0.00539	0.00532	0.00831
24	0.01900	0.07772	0.01521	0.01183	0.01517	0.38354	0.00938	0.23643	0.01721	0.10930	0.02989	0.01286	0.02766	0.00599	0.00488	0.00144	0.00715	0.00424	0.00394	0.00717
25	0.00651	0.00464	0.00611	0.00710	0.00747	0.00434	0.00475	0.00752	0.01029	0.01384	0.10037	0.69555	0.03499	0.06056	0.00771	0.00223	0.00308	0.01388	0.00483	0.00424
26	0.00776	0.00575	0.00728	0.00682	0.00819	0.00550	0.00514	0.01109	0.07075	0.02081	0.71052	0.03770	0.06192	0.01044	0.00608	0.00165	0.00258	0.00919	0.00568	0.00515
27	0.05859	0.01062	0.01101	0.01028	0.03913	0.06969	0.00774	0.05060	0.33968	0.11550	0.09127	0.04098	0.08689	0.00800	0.00539	0.00171	0.00441	0.03634	0.00500	0.00716
28	0.09815	0.01091	0.01153	0.00950	0.01280	0.06794	0.00763	0.15037	0.12336	0.29524	0.10284	0.01949	0.05324	0.00706	0.00515	0.00162	0.00463	0.00561	0.00532	0.00760
29	0.01027	0.00600	0.00768	0.00687	0.00873	0.00536	0.00529	0.01246	0.01432	0.16807	0.51867	0.03659	0.15877	0.01024	0.00597	0.00165	0.00287	0.00886	0.00573	0.00559
30	0.64649	0.01026	0.01031	0.10618	0.11036	0.01176	0.00800	0.01515	0.00943	0.02135	0.00781	0.00967	0.00612	0.00485	0.00370	0.00162	0.00465	0.00327	0.00303	0.00598
31	0.01054	0.00998	0.01690	0.62495	0.20983	0.01176	0.01482	0.01393	0.01075	0.01417	0.00938	0.01365	0.00725	0.00507	0.00519	0.00169	0.00677	0.00463	0.00238	0.00636
32	0.40162	0.41162	0.05131	0.00822	0.01224	0.01612	0.00785	0.01550	0.00981	0.01757	0.00734	0.00852	0.00620	0.00465	0.00336	0.00137	0.00495	0.00285	0.00269	0.00625
33	0.00635	0.00470	0.00594	0.00686	0.00747	0.00429	0.00468	0.00739	0.01050	0.01373	0.06204	0.64287	0.17313	0.01552	0.00654	0.00203	0.00293	0.01389	0.00487	0.00429
34	0.02132	0.00837	0.01139	0.00898	0.01260	0.00727	0.00731	0.02328	0.01453	0.69331	0.05851	0.07745	0.01626	0.00738	0.00539	0.00165	0.00423	0.00615	0.00629	0.00833
35	0.01036	0.00879	0.01033	0.00767	0.01187	0.00667	0.00604	0.01253	0.01072	0.01661	0.01118	0.09035	0.01036	0.00509	0.00413	0.00090	0.00377	0.00425	0.00326	0.76512
36	0.01066	0.01037	0.01511	0.03231	0.01393	0.01399	0.03958	0.01211	0.00827	0.01263	0.00835	0.01323	0.00802	0.01437	0.16046	0.00337	0.61048	0.00481	0.00239	0.00556
37	0.00634	0.00453	0.00604	0.00725	0.00755	0.00423	0.00483	0.00725	0.00997	0.01329	0.02870	0.81358	0.03444	0.01632	0.00665	0.00211	0.00302	0.01480	0.00483	0.00423
38	0.01251	0.01199	0.02045	0.12757	0.69184	0.01227	0.01579	0.01565	0.01168	0.01655	0.00973	0.01301	0.00809	0.00471	0.00516	0.00157	0.00628	0.00464	0.00255	0.00794
39	0.01893	0.01389	0.01499	0.01160	0.01562	0.01528	0.00955	0.68273	0.04867	0.04542	0.01358	0.01362	0.02202	0.00715	0.02451	0.00172	0.00577	0.00483	0.00513	0.02501
40	0.00633	0.00460	0.00597	0.00706	0.00750	0.00425	0.00475	0.00727	0.01015	0.01337	0.03101	0.74023	0.10630	0.01601	0.00660	0.00208	0.00298	0.01444	0.00483	0.00425
41	0.00829	0.00596	0.00825	0.00940	0.01062	0.00592	0.00819	0.01064	0.01198	0.01552	0.02871	0.05835	0.06405	0.01433	0.00715	0.00237	0.00470	0.71600	0.00480	0.00478
42	0.85377	0.01007	0.00765	0.00685	0.01007	0.01168	0.00564	0.01531	0.00886	0.02336	0.00725	0.00846	0.00564	0.00483	0.00322	0.00161	0.00403	0.00282	0.00322	0.00564
43	0.01173	0.00923	0.01089	0.00783	0.01241	0.00699	0.00628	0.01402	0.01110	0.07384	0.01009	0.01131	0.00810	0.00405	0.00396	0.00083	0.00390	0.00324	0.00333	0.78688
44	0.00905	0.00452	0.00678	0.00678	0.00678	0.00452	0.00452	0.00678	0.00678	0.00905	0.00905	0.01583	0.00905	0.01809	0.02035	0.84848	0.00452	0.00452	0.00226	0.00226
45	0.00905	0.00452	0.00678	0.00678	0.00678	0.00452	0.00452	0.00678	0.00678	0.00905	0.00905	0.01583	0.00905	0.01809	0.02035	0.84848	0.00452	0.00452	0.00226	0.00226
46	0.00746	0.00508	0.00592	0.00592	0.00615	0.00502	0.00356	0.00788	0.00869	0.01172	0.11242	0.07147	0.03947	0.64228	0.04244	0.00450	0.00481	0.00816	0.00358	0.00349
47	0.02034	0.01371	0.01509	0.01157	0.01571	0.01485	0.00955	0.65335	0.02302	0.14868	0.01374	0.01330	0.00948	0.00628	0.00521	0.00157	0.00553	0.00477	0.00540	0.00886
48	0.01229	0.01405	0.03073	0.02195	0.02722	0.01317	0.76558	0.01668	0.01229	0.01668	0.01054	0.01405	0.00790	0.00439	0.00615	0.00176	0.00878	0.00615	0.00263	0.00702
49	0.00754	0.00504	0.00569	0.00572	0.00572	0.00503	0.00319	0.00757	0.00763	0.01017	0.01669	0.05223	0.01929	0.79834	0.02604	0.00498	0.00500	0.00774	0.00319	0.00318
50	0.01392	0.82012	0.02729	0.00891	0.01337	0.02061	0.00891	0.01559	0.01058	0.01225	0.00724	0.00835	0.00668	0.00446	0.00334	0.00111	0.00557	0.00278	0.00223	0.00668
51	0.01235	0.01000	0.01221	0.00917	0.01331	0.00868	0.04309	0.15143	0.01339	0.03515	0.01201	0.08854	0.01061	0.00557	0.00451	0.00111	0.00437	0.00470	0.00369	0.55613
52	0.01446	0.00902	0.01017	0.00854	0.01117	0.05358	0.00675	0.13618	0.03165	0.23171	0.33076	0.02767	0.08896	0.00862	0.00564	0.00161	0.00397	0.00722	0.00559	0.00672
53	0.01361	0.01055	0.01245	0.10799	0.01569	0.02941	0.00849	0.26423	0.01497	0.05013	0.01242	0.04269	0.01048	0.06493	0.10087	0.00247	0.02257	0.00494	0.00383	0.20727
54	0.01053	0.04592	0.77175	0.01470	0.02232	0.01230	0.01899	0.01647	0.01098	0.01639	0.00930	0.01093	0.00660	0.00494	0.00491	0.00164	0.00765	0.00382	0.00220	0.00767
55	0.00722	0.00532	0.00676	0.00640	0.00769	0.00485	0.00480	0.00954	0.01439	0.02005	0.69315	0.04026	0.13826	0.01096	0.00614	0.00165	0.00248	0.00961	0.00562	0.00485
56	0.02037	0.01301	0.01462	0.01125	0.01531	0.01390	0.00928	0.57239	0.02183	0.21305	0.01446	0.01393	0.00992	0.00705	0.02325	0.00173	0.00561	0.00484	0.00545	0.00876
57	0.01168	0.01503	0.12311	0.02013	0.02537	0.01246	0.62435	0.01605	0.01198	0.01644	0.01156	0.06502	0.00944	0.00522	0.00603	0.00177	0.00828	0.00642	0.00272	0.00693
58	0.04099	0.00936	0.01222	0.00942	0.01338	0.00849	0.00777	0.09531	0.01568	0.68397	0.03490	0.01745	0.01308	0.00648	0.00521	0.00161	0.00451	0.00522	0.00624	0.00871
59	0.04094	0.00902	0.01207	0.00928	0.01329	0.00794	0.00766	0.04249	0.01500	0.75420	0.02007	0.01741	0.01264	0.00641	0.00519	0.00161	0.00445	0.00517	0.00635	0.00879
60	0.01178	0.01137	0.01982	0.27336	0.47563	0.01203	0.07061	0.01507	0.01144	0.01579	0.01009	0.01435	0.00831	0.00502	0.00529	0.00164	0.00658	0.02195	0.00255	0.00730
61	0.02594	0.01000	0.01590	0.49038	0.04457	0.01185	0.07717	0.08579	0.01168	0.01596	0.01021	0.01449	0.00802	0.03249	0.00677	0.00183	0.06843	0.00484	0.05759	0.00608
62	0.01980	0.01459	0.01563	0.01198	0.01615	0.01615	0.00990	0.76713	0.02448	0.03282	0.01250	0.01250	0.00886	0.00625	0.00521	0.00156	0.00573	0.00469	0.00521	0.00886
63	0.00708	0.00484	0.00583	0.00632	0.00644	0.00472	0.00384	0.00744	0.00855	0.01139	0.02139	0.35017	0.02522	0.49232	0.01845	0.00386	0.00423	0.01051	0.00384	0.00359

[dist]
# distance from previous block
# <min> <max>
0	13

[block]
# block no. 4 follows, 47 sequences, length 37
# corresponding to MSA columns:
# 271-307
name=unknown_E
#
# <colnr> <probs for GDERKNQSTAVLIFYWHMCP>
#	G	D	E	R	K	N	Q	S	T	A	V	L	I	F	Y	W	H	M	C	P
0	0.01175	0.01782	0.25311	0.01987	0.02585	0.01285	0.54698	0.01663	0.01191	0.01663	0.01019	0.01315	0.00752	0.00455	0.00579	0.00172	0.00846	0.00547	0.00251	0.00722
1	0.03802	0.00910	0.02991	0.00915	0.01291	0.00787	0.00765	0.02355	0.05787	0.63452	0.09541	0.01957	0.01635	0.00683	0.00528	0.00162	0.00429	0.00561	0.00614	0.00834
2	0.02197	0.00886	0.01184	0.00923	0.01307	0.00788	0.00757	0.02485	0.06526	0.70350	0.05416	0.01877	0.01469	0.00667	0.00528	0.00162	0.00432	0.00546	0.00634	0.00865
3	0.00757	0.00505	0.00568	0.00568	0.00568	0.00505	0.00316	0.00757	0.00757	0.01010	0.01641	0.03408	0.01893	0.81698	0.02651	0.00505	0.00505	0.00757	0.00316	0.00316
4	0.01082	0.00927	0.01097	0.00794	0.01241	0.00717	0.01925	0.03484	0.01128	0.01726	0.01184	0.01314	0.05177	0.00447	0.00407	0.00087	0.00393	0.00363	0.00324	0.76183
5	0.06687	0.06366	0.01529	0.01093	0.01492	0.01014	0.10994	0.05643	0.06873	0.46853	0.04826	0.01683	0.01290	0.00615	0.00516	0.00161	0.00503	0.00525	0.00530	0.00808
6	0.01332	0.01295	0.02424	0.07077	0.05867	0.01245	0.46439	0.11309	0.01363	0.04515	0.01086	0.01351	0.00813	0.00470	0.00560	0.00159	0.00739	0.00538	0.00313	0.11104
7	0.01118	0.12431	0.60002	0.01621	0.11517	0.01319	0.01755	0.01632	0.01105	0.01603	0.00914	0.01090	0.00681	0.00485	0.00477	0.00157	0.00724	0.00381	0.00225	0.00764
8	0.01238	0.01185	0.02022	0.16115	0.65931	0.01224	0.01573	0.01553	0.01162	0.01639	0.00971	0.01306	0.00803	0.00473	0.00516	0.00158	0.00631	0.00464	0.00253	0.00784
9	0.00983	0.00926	0.01562	0.80447	0.03587	0.01157	0.01446	0.01331	0.01041	0.01331	0.00926	0.01388	0.00694	0.00521	0.00521	0.00174	0.00694	0.00463	0.00231	0.00579
10	0.00646	0.00462	0.00614	0.00717	0.00758	0.00430	0.00484	0.00753	0.01049	0.01412	0.11098	0.72894	0.03605	0.01570	0.00659	0.00206	0.00296	0.01422	0.00493	0.00430
11	0.01373	0.68544	0.08510	0.00979	0.01419	0.04905	0.00988	0.01570	0.01063	0.01261	0.00741	0.00876	0.00669	0.00478	0.00425	0.00123	0.04885	0.00298	0.00225	0.00668
12	0.02129	0.00840	0.01142	0.00891	0.01258	0.00730	0.00730	0.02336	0.01488	0.68867	0.11920	0.02047	0.01759	0.00699	0.00535	0.00161	0.00418	0.00578	0.00635	0.00835
13	0.00634	0.00456	0.00601	0.00718	0.00753	0.00424	0.00480	0.00726	0.01004	0.01332	0.02961	0.78469	0.06275	0.01620	0.00663	0.00210	0.00301	0.01466	0.00483	0.00424
14	0.00882	0.00706	0.00743	0.00748	0.00920	0.05527	0.00598	0.02628	0.01254	0.05051	0.08139	0.06064	0.39251	0.02888	0.00672	0.00197	0.00388	0.22373	0.00479	0.00492
15	0.00654	0.00472	0.00627	0.00721	0.00764	0.00456	0.00491	0.00753	0.00973	0.01301	0.02736	0.63870	0.06598	0.06163	0.10487	0.00302	0.00446	0.01311	0.00449	0.00423
16	0.00973	0.00522	0.00558	0.00547	0.00674	0.00537	0.00416	0.03344	0.01101	0.01894	0.01650	0.01934	0.01318	0.00996	0.09716	0.00207	0.00388	0.00493	0.72238	0.00494
17	0.01416	0.00940	0.01079	0.00927	0.01199	0.00996	0.00724	0.09848	0.33077	0.17420	0.18472	0.02357	0.02198	0.06129	0.00687	0.00190	0.00405	0.00651	0.00547	0.00737
18	0.01731	0.05457	0.01596	0.01568	0.17989	0.15656	0.01052	0.17736	0.15276	0.14632	0.01372	0.01391	0.01015	0.00583	0.00503	0.00154	0.00599	0.00464	0.00425	0.00799
19	0.06680	0.05478	0.66472	0.01418	0.02128	0.01255	0.03684	0.04098	0.01131	0.01733	0.00926	0.01086	0.00664	0.00495	0.00481	0.00163	0.00734	0.00383	0.00238	0.00754
20	0.00728	0.00600	0.00650	0.00634	0.00810	0.00556	0.00484	0.01042	0.10072	0.01636	0.19023	0.04477	0.51622	0.01204	0.00610	0.00177	0.00287	0.04386	0.00506	0.00496
21	0.00766	0.00508	0.00584	0.00598	0.00613	0.00506	0.00361	0.00798	0.00814	0.01105	0.01779	0.07386	0.02018	0.68687	0.02319	0.00455	0.00481	0.05696	0.04188	0.00340
22	0.00958	0.00755	0.03447	0.04663	0.04996	0.00704	0.00747	0.01323	0.10812	0.07630	0.10605	0.18074	0.17113	0.01136	0.00613	0.00191	0.00397	0.14791	0.00479	0.00569
23	0.00816	0.00665	0.00976	0.00934	0.01010	0.00824	0.00741	0.00989	0.00830	0.01217	0.01264	0.01880	0.01188	0.03356	0.65336	0.00725	0.15954	0.00539	0.00270	0.00484
24	0.00634	0.00465	0.00596	0.00696	0.00749	0.00427	0.00471	0.00734	0.01035	0.01358	0.05023	0.68872	0.13880	0.01574	0.00657	0.00205	0.00295	0.01414	0.00486	0.00427
25	0.01272	0.26518	0.45565	0.01280	0.01891	0.08816	0.01488	0.04770	0.01178	0.01554	0.00872	0.01011	0.00673	0.00489	0.00445	0.00146	0.00713	0.00352	0.00238	0.00728
26	0.01087	0.12295	0.69767	0.01412	0.02143	0.01312	0.01799	0.01638	0.01094	0.01598	0.00909	0.01068	0.00661	0.00489	0.00475	0.00158	0.00744	0.00372	0.00220	0.00757
27	0.01902	0.02412	0.01448	0.01317	0.01580	0.76758	0.00988	0.02040	0.01476	0.01304	0.03591	0.01045	0.00824	0.00556	0.00475	0.00135	0.00914	0.00357	0.00279	0.00600
28	0.00634	0.00453	0.00604	0.00725	0.00755	0.00423	0.00483	0.00725	0.00997	0.01329	0.02870	0.81358	0.03444	0.01632	0.00665	0.00211	0.00302	0.01480	0.00483	0.00423
29	0.01262	0.01210	0.02065	0.09966	0.71889	0.01230	0.01585	0.01575	0.01173	0.01669	0.00975	0.01298	0.00813	0.00469	0.00516	0.00156	0.00625	0.00464	0.00255	0.00803
30	0.00711	0.00510	0.00659	0.00752	0.00804	0.00491	0.00512	0.05043	0.01080	0.01440	0.02778	0.76806	0.03299	0.01574	0.00657	0.00208	0.00318	0.01423	0.00486	0.00449
31	0.01295	0.01119	0.01178	0.01060	0.01354	0.01295	0.00824	0.02767	0.77509	0.02178	0.02120	0.01943	0.01590	0.00707	0.00530	0.00177	0.00412	0.00589	0.00530	0.00824
32	0.01168	0.00963	0.01163	0.00859	0.01302	0.00790	0.03132	0.01553	0.10245	0.05279	0.01124	0.01225	0.00894	0.00438	0.00417	0.00096	0.00408	0.00362	0.00349	0.68234
33	0.01251	0.03265	0.06960	0.02170	0.07834	0.03887	0.63327	0.01673	0.01224	0.01647	0.01027	0.01353	0.00779	0.00447	0.00591	0.00171	0.00849	0.00576	0.00260	0.00710
34	0.05677	0.01324	0.01284	0.01058	0.01403	0.13668	0.00846	0.23542	0.14428	0.23107	0.04192	0.01668	0.04123	0.00664	0.00513	0.00159	0.00539	0.00513	0.00507	0.00786
35	0.00714	0.00519	0.00690	0.00799	0.00880	0.00495	0.00617	0.00869	0.01097	0.01429	0.03070	0.43399	0.10869	0.01523	0.00682	0.00219	0.00369	0.30831	0.00482	0.00447
36	0.01805	0.01305	0.01410	0.01102	0.01473	0.01423	0.00899	0.63471	0.02224	0.05483	0.03172	0.03219	0.06193	0.03620	0.00609	0.00172	0.00534	0.00552	0.00515	0.00818

[dist]
# distance from previous block
# <min> <max>
0	1

[block]
# block no. 5 follows, 47 sequences, length 33
# corresponding to MSA columns:
# 309-341
name=unknown_F
#
# <colnr> <probs for GDERKNQSTAVLIFYWHMCP>
#	G	D	E	R	K	N	Q	S	T	A	V	L	I	F	Y	W	H	M	C	P
0	0.01375	0.73632	0.09133	0.00951	0.01420	0.03639	0.00981	0.01578	0.01071	0.01262	0.00743	0.00860	0.00668	0.00452	0.00351	0.00116	0.00583	0.00289	0.00223	0.00675
1	0.01206	0.01140	0.01928	0.05652	0.67225	0.01145	0.01470	0.01492	0.01160	0.01647	0.01186	0.10136	0.01110	0.00595	0.00532	0.00162	0.00586	0.00576	0.00282	0.00772
2	0.10056	0.01070	0.03604	0.00948	0.01320	0.06029	0.00792	0.05727	0.05159	0.51129	0.06189	0.02900	0.01397	0.00658	0.00507	0.00161	0.00473	0.00523	0.00558	0.00800
3	0.01168	0.00811	0.00943	0.00855	0.01081	0.00845	0.00658	0.01882	0.32125	0.12681	0.25649	0.09993	0.07265	0.00929	0.00572	0.00174	0.00347	0.00800	0.00552	0.00671
4	0.01731	0.00864	0.01110	0.00852	0.01246	0.00710	0.00687	0.01934	0.01298	0.43906	0.01708	0.08227	0.01280	0.00633	0.00485	0.00134	0.00410	0.00525	0.00507	0.31752
5	0.01170	0.00872	0.01038	0.00992	0.03979	0.00887	0.00745	0.20934	0.06886	0.04068	0.03531	0.25194	0.07586	0.01068	0.00588	0.00181	0.00425	0.11645	0.00479	0.07731
6	0.01344	0.70995	0.13322	0.00973	0.01464	0.01942	0.01035	0.01572	0.01064	0.01284	0.00753	0.00872	0.00667	0.00452	0.00356	0.00119	0.00586	0.00293	0.00222	0.00682
7	0.01045	0.02694	0.79000	0.01484	0.02254	0.01209	0.01924	0.01649	0.01099	0.01649	0.00935	0.01099	0.00660	0.00495	0.00495	0.00165	0.00770	0.00385	0.00220	0.00770
8	0.00827	0.00535	0.00731	0.00772	0.00860	0.00498	0.01996	0.02256	0.01122	0.08117	0.11038	0.63020	0.03325	0.01443	0.00644	0.00200	0.00324	0.01304	0.00504	0.00484
9	0.02615	0.03709	0.52244	0.01436	0.04659	0.01156	0.06573	0.01671	0.05289	0.03706	0.02728	0.01259	0.00855	0.00577	0.02109	0.00171	0.00702	0.00423	0.00270	0.07847
10	0.01157	0.27242	0.53394	0.01319	0.01982	0.01476	0.03539	0.01622	0.01090	0.01518	0.00872	0.01026	0.00666	0.00478	0.00448	0.00149	0.00707	0.00358	0.00222	0.00736
11	0.00874	0.00679	0.00978	0.01217	0.11779	0.00668	0.00890	0.01110	0.01196	0.01560	0.02820	0.05131	0.11955	0.01288	0.00678	0.00220	0.00472	0.55512	0.00449	0.00523
12	0.01039	0.00996	0.01401	0.01235	0.01252	0.01358	0.01013	0.01161	0.00820	0.01253	0.00972	0.08035	0.01007	0.01411	0.13030	0.00316	0.62345	0.00557	0.00257	0.00542
13	0.01162	0.01480	0.13240	0.01947	0.05864	0.01260	0.49386	0.01562	0.01150	0.01598	0.01100	0.01613	0.00907	0.03639	0.00777	0.00193	0.08217	0.03958	0.00266	0.00680
14	0.01117	0.01167	0.02310	0.33644	0.02939	0.01231	0.40574	0.01499	0.01132	0.01527	0.01013	0.01409	0.00768	0.00496	0.00608	0.00175	0.03741	0.00543	0.03468	0.00639
15	0.00779	0.00548	0.00709	0.00680	0.00814	0.00504	0.00523	0.01013	0.01425	0.04034	0.63065	0.04110	0.10823	0.01109	0.00622	0.00172	0.00274	0.07743	0.00559	0.00496
16	0.00637	0.00520	0.00564	0.00581	0.00729	0.00447	0.00430	0.00777	0.01189	0.01469	0.12202	0.15751	0.58108	0.01341	0.00625	0.00182	0.00274	0.03239	0.00492	0.00444
17	0.01937	0.01428	0.01538	0.01186	0.01591	0.01582	0.00978	0.74094	0.02393	0.03210	0.01255	0.01278	0.00900	0.00739	0.03255	0.00180	0.00601	0.00472	0.00513	0.00871
18	0.01795	0.01261	0.01353	0.01063	0.01424	0.01382	0.00870	0.58531	0.05050	0.05623	0.01387	0.01412	0.01003	0.00626	0.00495	0.00151	0.00506	0.00478	0.14775	0.00815
19	0.01954	0.01422	0.01531	0.01182	0.01592	0.01571	0.00974	0.70350	0.06512	0.05595	0.01323	0.01304	0.00937	0.00630	0.00522	0.00158	0.00560	0.00477	0.00525	0.00882
20	0.00634	0.00456	0.00602	0.00718	0.00753	0.00424	0.00480	0.00726	0.01004	0.01332	0.02955	0.78662	0.06086	0.01620	0.00663	0.00210	0.00301	0.01467	0.00483	0.00424
21	0.00666	0.00482	0.00633	0.00735	0.00782	0.00458	0.00502	0.00813	0.03376	0.01414	0.08162	0.71853	0.03482	0.01559	0.00658	0.00208	0.00305	0.02977	0.00491	0.00441
22	0.05566	0.00935	0.01213	0.00938	0.01336	0.00851	0.00774	0.07371	0.03516	0.68831	0.01951	0.01706	0.01242	0.00639	0.00516	0.00161	0.00449	0.00512	0.00621	0.00872
23	0.00710	0.00496	0.00664	0.00767	0.00830	0.00468	0.00558	0.00841	0.01073	0.02773	0.06209	0.58949	0.05669	0.01541	0.00670	0.00213	0.00337	0.16296	0.00489	0.00446
24	0.02336	0.00886	0.01209	0.00927	0.01329	0.00765	0.00765	0.02538	0.01491	0.78810	0.02055	0.01773	0.01289	0.00645	0.00524	0.00161	0.00443	0.00524	0.00645	0.00886
25	0.01480	0.01077	0.01183	0.01036	0.01350	0.01201	0.00814	0.02727	0.64040	0.15756	0.02108	0.01913	0.01536	0.00696	0.00529	0.00174	0.00418	0.00577	0.00550	0.00835
26	0.00633	0.00457	0.00600	0.00714	0.00752	0.00424	0.00479	0.00726	0.01007	0.01334	0.03002	0.77191	0.07527	0.01614	0.00662	0.00210	0.00300	0.01460	0.00483	0.00424
27	0.00640	0.00484	0.00592	0.00658	0.00742	0.00436	0.00458	0.00761	0.01107	0.01438	0.12028	0.49838	0.25984	0.01474	0.00644	0.00195	0.00284	0.01306	0.00494	0.00436
28	0.01373	0.76755	0.04858	0.00926	0.01364	0.02019	0.00930	0.01551	0.01050	0.01238	0.00728	0.00854	0.00669	0.00464	0.00390	0.00117	0.03536	0.00288	0.00223	0.00668
29	0.00682	0.00530	0.00620	0.00597	0.00744	0.00468	0.00448	0.00876	0.01344	0.01779	0.45082	0.04399	0.38200	0.01180	0.00615	0.00169	0.00254	0.01013	0.00533	0.00468
30	0.00651	0.00465	0.00609	0.00704	0.00744	0.00435	0.00471	0.00751	0.01030	0.01380	0.09751	0.67577	0.05116	0.06714	0.00787	0.00225	0.00309	0.01376	0.00481	0.00423
31	0.00755	0.00524	0.00666	0.00682	0.00784	0.00485	0.00487	0.00940	0.02586	0.04531	0.34556	0.33457	0.11861	0.04364	0.00706	0.00196	0.00289	0.01135	0.00521	0.00474
32	0.41371	0.01065	0.00988	0.04192	0.03558	0.05265	0.00713	0.12326	0.03610	0.02223	0.01041	0.01199	0.00811	0.00620	0.02055	0.00169	0.03261	0.00380	0.14539	0.00614

[dist]
# distance from previous block
# <min> <max>
0	12

[block]
# block no. 6 follows, 47 sequences, length 7
# corresponding to MSA columns:
# 354-360
name=unknown_G
#
# <colnr> <probs for GDERKNQSTAVLIFYWHMCP>
#	G	D	E	R	K	N	Q	S	T	A	V	L	I	F	Y	W	H	M	C	P
0	0.09314	0.01031	0.01191	0.00974	0.01304	0.01075	0.03586	0.18915	0.18486	0.14041	0.09893	0.02006	0.07009	0.00781	0.02324	0.00175	0.00463	0.00578	0.00497	0.06358
1	0.01109	0.09649	0.53946	0.01402	0.02050	0.01216	0.09751	0.01599	0.01132	0.04517	0.01346	0.01472	0.07417	0.00561	0.00504	0.00162	0.00705	0.00467	0.00264	0.00729
2	0.01499	0.01227	0.01404	0.04043	0.04539	0.08231	0.05504	0.27415	0.04755	0.06670	0.08450	0.07316	0.01443	0.00674	0.00519	0.00149	0.00536	0.00564	0.00436	0.14627
3	0.01322	0.08618	0.01909	0.07448	0.51451	0.01213	0.01337	0.01642	0.04017	0.08308	0.01394	0.01585	0.06386	0.00551	0.00507	0.00155	0.00570	0.00502	0.00313	0.00772
4	0.01314	0.01107	0.01330	0.05962	0.06887	0.08455	0.00952	0.11714	0.01300	0.08402	0.11275	0.10137	0.01641	0.00968	0.03856	0.00208	0.22846	0.00629	0.00384	0.00633
5	0.03643	0.00870	0.01090	0.00908	0.01187	0.00859	0.00721	0.12558	0.04579	0.36146	0.12579	0.13372	0.02030	0.02862	0.00654	0.00180	0.03768	0.00711	0.00556	0.00727
6	0.01777	0.01133	0.01292	0.01041	0.01380	0.01194	0.00839	0.43286	0.04974	0.19172	0.04898	0.13466	0.01550	0.00801	0.00547	0.00167	0.00485	0.00656	0.00545	0.00798

[dist]
# distance from previous block
# <min> <max>
5	7

[block]
# block no. 7 follows, 47 sequences, length 47
# corresponding to MSA columns:
# 368-414
name=unknown_H
#
# <colnr> <probs for GDERKNQSTAVLIFYWHMCP>
#	G	D	E	R	K	N	Q	S	T	A	V	L	I	F	Y	W	H	M	C	P
0	0.05130	0.00851	0.01067	0.00882	0.01198	0.00812	0.00710	0.02176	0.14738	0.44602	0.16812	0.02314	0.03325	0.00758	0.00540	0.00166	0.00396	0.02160	0.00592	0.00770
1	0.00878	0.00685	0.00824	0.00881	0.06476	0.00661	0.00605	0.03811	0.10385	0.04276	0.14985	0.15855	0.33680	0.01150	0.00601	0.00178	0.00332	0.02693	0.00493	0.00550
2	0.01743	0.01478	0.10324	0.01172	0.01591	0.01426	0.01041	0.56467	0.03230	0.05407	0.03049	0.01415	0.01023	0.02402	0.05610	0.00208	0.00632	0.00485	0.00473	0.00824
3	0.01478	0.00931	0.01059	0.00877	0.01116	0.00983	0.00677	0.27815	0.03015	0.14304	0.01671	0.02138	0.03879	0.21958	0.03647	0.00269	0.02854	0.00581	0.10097	0.00652
4	0.04485	0.00896	0.01183	0.00921	0.01307	0.00804	0.00757	0.03523	0.04977	0.69569	0.04562	0.01819	0.01399	0.00657	0.00522	0.00162	0.00436	0.00533	0.00626	0.00861
5	0.02731	0.02356	0.61615	0.01529	0.05497	0.01225	0.05275	0.01774	0.09852	0.01726	0.01074	0.01214	0.00778	0.00515	0.00502	0.00166	0.00720	0.00420	0.00261	0.00771
6	0.01586	0.01463	0.01810	0.02292	0.43571	0.14732	0.01304	0.14972	0.04998	0.06572	0.01114	0.01281	0.00872	0.00527	0.00510	0.00153	0.00646	0.00452	0.00342	0.00801
7	0.00870	0.00534	0.00712	0.00778	0.00872	0.00497	0.00572	0.00999	0.01091	0.10291	0.02816	0.53604	0.05963	0.03646	0.00710	0.00217	0.00354	0.14493	0.00497	0.00484
8	0.00765	0.00511	0.00585	0.00602	0.00628	0.00505	0.00364	0.02072	0.00866	0.01182	0.01976	0.17995	0.04363	0.57530	0.02030	0.00409	0.00443	0.00881	0.05934	0.00360
9	0.01576	0.01189	0.01286	0.01127	0.04867	0.04392	0.00847	0.38570	0.13456	0.05057	0.03801	0.05165	0.01324	0.06588	0.00740	0.03764	0.00514	0.00563	0.04432	0.00742
10	0.01435	0.11387	0.03061	0.01148	0.06866	0.04441	0.01915	0.09906	0.14865	0.14658	0.09598	0.02286	0.01732	0.03293	0.02424	0.00191	0.00520	0.09109	0.00454	0.00711
11	0.01160	0.01179	0.01652	0.01400	0.01427	0.03268	0.04174	0.01288	0.00830	0.01270	0.00701	0.01146	0.00688	0.00884	0.01638	0.00224	0.75806	0.00460	0.00230	0.00576
12	0.01293	0.01269	0.02029	0.07735	0.67115	0.04708	0.01543	0.01588	0.01173	0.01640	0.00956	0.01273	0.00804	0.00490	0.00566	0.00158	0.04158	0.00458	0.00255	0.00789
13	0.00837	0.00602	0.00759	0.03406	0.00910	0.02756	0.00573	0.01005	0.00921	0.01366	0.01576	0.08890	0.01520	0.13007	0.38266	0.00523	0.02533	0.00635	0.19458	0.00456
14	0.00748	0.00507	0.00579	0.00582	0.00594	0.00507	0.00338	0.00764	0.00785	0.01043	0.01813	0.05258	0.05131	0.72991	0.05900	0.00499	0.00529	0.00780	0.00325	0.00330
15	0.00744	0.00616	0.00949	0.05612	0.01147	0.00615	0.07889	0.00896	0.01046	0.01394	0.05024	0.55661	0.07754	0.01374	0.00696	0.00204	0.04075	0.03396	0.00438	0.00471
16	0.08778	0.46879	0.16241	0.01076	0.01558	0.06737	0.03615	0.07036	0.01183	0.01566	0.00817	0.00940	0.00678	0.00476	0.00394	0.00132	0.00618	0.00327	0.00257	0.00690
