[name]
unknown

[dist]
# distance from previous block
# <min> <max>
0	49

[block]
# block no. 0 follows, 45 sequences, length 21
# corresponding to MSA columns:
# 54-74
name=unknown_A
#
# <colnr> <probs for GDERKNQSTAVLIFYWHMCP>
#	G	D	E	R	K	N	Q	S	T	A	V	L	I	F	Y	W	H	M	C	P
0	0.05746	0.10347	0.21210	0.06074	0.01929	0.09699	0.07434	0.14503	0.03153	0.08833	0.01174	0.01402	0.00897	0.00590	0.00532	0.00164	0.02156	0.03051	0.00352	0.00754
1	0.03140	0.00843	0.02503	0.00812	0.01149	0.00698	0.00658	0.01620	0.03651	0.23101	0.21201	0.04428	0.07259	0.00763	0.00526	0.00144	0.00375	0.00642	0.00506	0.25980
2	0.01078	0.01198	0.12484	0.41643	0.13139	0.01105	0.01392	0.03367	0.01147	0.01594	0.01172	0.01725	0.00958	0.02581	0.00580	0.00181	0.00648	0.04350	0.09011	0.00646
3	0.19193	0.03301	0.16350	0.05362	0.06588	0.02847	0.07177	0.08958	0.01319	0.17650	0.01295	0.05466	0.00990	0.00608	0.00499	0.00169	0.00593	0.00496	0.00391	0.00748
4	0.00932	0.00466	0.00699	0.00699	0.00699	0.00466	0.00466	0.00699	0.00699	0.00932	0.00932	0.01632	0.00932	0.01865	0.02098	0.84382	0.00466	0.00466	0.00233	0.00233
5	0.00680	0.00528	0.00571	0.00588	0.00733	0.00459	0.00430	0.00830	0.01211	0.01551	0.11756	0.17708	0.51521	0.01328	0.00621	0.00182	0.00275	0.01132	0.07436	0.00459
6	0.01430	0.10288	0.12241	0.06086	0.12137	0.06137	0.01146	0.05078	0.01306	0.14951	0.05696	0.05162	0.01441	0.00736	0.00598	0.00171	0.04672	0.07554	0.02453	0.00716
7	0.36080	0.01058	0.04690	0.02367	0.01239	0.01090	0.00761	0.03137	0.12667	0.10612	0.08909	0.01680	0.01387	0.00664	0.00522	0.00171	0.04619	0.02174	0.03714	0.02460
8	0.01463	0.67213	0.04847	0.01008	0.01434	0.09230	0.00975	0.01642	0.01117	0.01282	0.00758	0.00897	0.00690	0.00497	0.00443	0.00125	0.05159	0.00306	0.00234	0.00680
9	0.01077	0.02777	0.78354	0.01530	0.02323	0.01247	0.01983	0.01700	0.01133	0.01700	0.00963	0.01133	0.00680	0.00510	0.00510	0.00170	0.00793	0.00397	0.00227	0.00793
10	0.01640	0.01326	0.01368	0.01151	0.01501	0.04420	0.00916	0.28876	0.45524	0.04567	0.01812	0.01704	0.01336	0.00690	0.00540	0.00173	0.00506	0.00551	0.00536	0.00865
11	0.16950	0.00935	0.01165	0.00911	0.01312	0.00862	0.00752	0.02433	0.01427	0.64810	0.01876	0.01659	0.01197	0.00635	0.00503	0.00166	0.00449	0.00496	0.00606	0.00855
12	0.01492	0.01247	0.06597	0.11569	0.27336	0.02911	0.05539	0.06553	0.01358	0.17067	0.07562	0.01639	0.01259	0.00611	0.00611	0.00169	0.04789	0.00532	0.00383	0.00777
13	0.01415	0.08551	0.30389	0.01583	0.03609	0.05757	0.20114	0.04823	0.06643	0.10170	0.01196	0.01328	0.00867	0.00531	0.00533	0.00166	0.00739	0.00480	0.00325	0.00781
14	0.01022	0.00617	0.00830	0.00863	0.00988	0.00604	0.00686	0.01191	0.01130	0.11642	0.02416	0.13217	0.02542	0.18133	0.06914	0.00335	0.00544	0.35354	0.00467	0.00507
15	0.00677	0.00485	0.00622	0.00723	0.00764	0.00455	0.00485	0.00767	0.01019	0.01344	0.02970	0.63020	0.08502	0.11470	0.00937	0.00254	0.00342	0.04261	0.00477	0.00426
16	0.07978	0.11433	0.04787	0.05812	0.06296	0.01419	0.08674	0.26265	0.06014	0.08867	0.06222	0.01489	0.01174	0.00605	0.00513	0.00161	0.00582	0.00499	0.00425	0.00783
17	0.07967	0.00961	0.01542	0.73287	0.03477	0.01194	0.01415	0.01389	0.01060	0.01457	0.00937	0.01385	0.00704	0.00533	0.00520	0.00178	0.00691	0.00462	0.00246	0.00595
18	0.00953	0.00657	0.00812	0.00741	0.00900	0.00635	0.00560	0.09534	0.01512	0.04408	0.49355	0.07583	0.11001	0.01152	0.00744	0.07150	0.00320	0.00905	0.00544	0.00534
19	0.05969	0.00839	0.04129	0.00923	0.01137	0.00766	0.04297	0.10222	0.01287	0.13612	0.02220	0.40495	0.02308	0.05142	0.00705	0.00208	0.00430	0.01012	0.03699	0.00601
20	0.03084	0.01188	0.01450	0.04790	0.13081	0.01266	0.01009	0.27423	0.16843	0.08221	0.05590	0.01869	0.02773	0.00686	0.00541	0.00166	0.00518	0.03431	0.00479	0.05591

[dist]
# distance from previous block
# <min> <max>
5	26

[block]
# block no. 1 follows, 45 sequences, length 6
# corresponding to MSA columns:
# 101-106
name=unknown_B
#
# <colnr> <probs for GDERKNQSTAVLIFYWHMCP>
#	G	D	E	R	K	N	Q	S	T	A	V	L	I	F	Y	W	H	M	C	P
0	0.01237	0.00982	0.01255	0.00902	0.01378	0.00763	0.05407	0.01487	0.01160	0.08496	0.01065	0.01197	0.00843	0.00425	0.00425	0.00094	0.00435	0.00358	0.00346	0.71747
1	0.01259	0.00950	0.01128	0.00813	0.01283	0.00724	0.00653	0.01494	0.01161	0.10342	0.01085	0.01193	0.00855	0.00428	0.00414	0.00089	0.00404	0.00343	0.00357	0.75026
2	0.00676	0.00477	0.00616	0.00719	0.00744	0.00451	0.00468	0.00753	0.00984	0.01312	0.02734	0.67104	0.03267	0.15749	0.01048	0.00272	0.00348	0.01394	0.00468	0.00416
3	0.01255	0.06694	0.02043	0.01558	0.01719	0.05625	0.17149	0.01449	0.00972	0.01383	0.00796	0.01201	0.00726	0.00783	0.01359	0.00210	0.53724	0.00486	0.00245	0.00625
4	0.01139	0.01123	0.01704	0.60793	0.16672	0.06659	0.01487	0.01474	0.01131	0.01435	0.00955	0.01381	0.00738	0.00527	0.00532	0.00173	0.00719	0.00468	0.00246	0.00643
5	0.00909	0.00576	0.00694	0.00657	0.00796	0.00522	0.00471	0.01057	0.01240	0.10266	0.27040	0.09708	0.23359	0.19044	0.01096	0.00254	0.00345	0.00965	0.00508	0.00492

[dist]
# distance from previous block
# <min> <max>
5	8

[block]
# block no. 2 follows, 45 sequences, length 20
# corresponding to MSA columns:
# 116-135
name=unknown_C
#
# <colnr> <probs for GDERKNQSTAVLIFYWHMCP>
#	G	D	E	R	K	N	Q	S	T	A	V	L	I	F	Y	W	H	M	C	P
0	0.01938	0.02446	0.01531	0.01385	0.01639	0.72717	0.01048	0.02075	0.01465	0.01312	0.00820	0.00985	0.00693	0.00584	0.00587	0.00146	0.07381	0.00356	0.00273	0.00619
1	0.00751	0.00548	0.00705	0.00666	0.00796	0.00503	0.00499	0.00995	0.01498	0.02101	0.72219	0.04094	0.10382	0.01117	0.00633	0.00170	0.00255	0.00983	0.00584	0.00503
2	0.00732	0.00538	0.00686	0.00669	0.00790	0.00492	0.00494	0.00953	0.01425	0.01976	0.60082	0.13477	0.13291	0.01199	0.00640	0.00176	0.00262	0.01057	0.00569	0.00492
3	0.01077	0.02777	0.78354	0.01530	0.02323	0.01247	0.01983	0.01700	0.01133	0.01700	0.00963	0.01133	0.00680	0.00510	0.00510	0.00170	0.00793	0.00397	0.00227	0.00793
4	0.00654	0.00526	0.00583	0.00608	0.00747	0.00455	0.00441	0.00794	0.01212	0.01515	0.13498	0.23058	0.51216	0.01405	0.00646	0.00189	0.00279	0.01207	0.00510	0.00455
5	0.01363	0.00751	0.00942	0.00812	0.01062	0.00709	0.00637	0.01767	0.12011	0.26765	0.35806	0.03129	0.10131	0.00930	0.00591	0.00171	0.00345	0.00795	0.00600	0.00682
6	0.84927	0.01038	0.00789	0.00706	0.01038	0.01204	0.00581	0.01578	0.00914	0.02408	0.00747	0.00872	0.00581	0.00498	0.00332	0.00166	0.00415	0.00291	0.00332	0.00581
7	0.01389	0.00992	0.01172	0.00859	0.01319	0.00811	0.00693	0.06903	0.03241	0.13928	0.01193	0.01261	0.00909	0.00466	0.00434	0.00102	0.00421	0.00372	0.00394	0.63140
8	0.02041	0.01504	0.01611	0.01235	0.01665	0.01665	0.01020	0.75997	0.02524	0.03383	0.01289	0.01289	0.00913	0.00644	0.00537	0.00161	0.00591	0.00483	0.00537	0.00913
9	0.11648	0.01230	0.01182	0.00915	0.01339	0.10895	0.00729	0.09263	0.03100	0.03620	0.01002	0.01120	0.00799	0.00469	0.00422	0.00110	0.00495	0.00347	0.00350	0.50965
10	0.02001	0.01445	0.01555	0.01201	0.01617	0.01592	0.00989	0.69125	0.04842	0.05777	0.01358	0.01349	0.00963	0.00647	0.00533	0.00161	0.00571	0.00490	0.02884	0.00899
11	0.18474	0.01008	0.01200	0.00940	0.01341	0.00975	0.00776	0.11174	0.01533	0.54443	0.01751	0.01576	0.01133	0.00630	0.00499	0.00165	0.00465	0.00484	0.00584	0.00849
12	0.01329	0.01275	0.02179	0.03295	0.77787	0.01275	0.01647	0.01647	0.01222	0.01754	0.01010	0.01329	0.00850	0.00478	0.00531	0.00159	0.00638	0.00478	0.00266	0.00850
13	0.01540	0.01255	0.01329	0.01134	0.01474	0.01431	0.00899	0.24055	0.55281	0.02575	0.01925	0.01796	0.01428	0.00704	0.00544	0.00176	0.00473	0.00571	0.00544	0.00868
14	0.01162	0.01505	0.15061	0.08114	0.02288	0.01362	0.31475	0.01523	0.01085	0.01550	0.00987	0.02855	0.00816	0.00706	0.02574	0.00207	0.23485	0.00544	0.00257	0.02445
15	0.00653	0.00529	0.00572	0.00592	0.00733	0.00457	0.00427	0.00782	0.01185	0.01461	0.09481	0.19081	0.55454	0.05232	0.00744	0.00204	0.00290	0.01179	0.00496	0.00447
16	0.00654	0.00467	0.00623	0.00747	0.00779	0.00436	0.00498	0.00747	0.01028	0.01370	0.02959	0.80785	0.03550	0.01682	0.00685	0.00218	0.00311	0.01526	0.00498	0.00436
17	0.00675	0.00527	0.00620	0.00683	0.00801	0.00471	0.00508	0.00812	0.01154	0.01444	0.04155	0.32854	0.39714	0.01495	0.00669	0.00204	0.00319	0.11946	0.00498	0.00453
18	0.01236	0.01411	0.04988	0.02033	0.02514	0.03183	0.60176	0.01685	0.03260	0.01701	0.01284	0.01926	0.01069	0.00585	0.00661	0.00188	0.02647	0.08452	0.00301	0.00699
19	0.02295	0.00953	0.01254	0.00972	0.01375	0.00862	0.00799	0.07390	0.04787	0.68015	0.04082	0.01858	0.01415	0.00677	0.00542	0.00167	0.00459	0.00550	0.00649	0.00900

[dist]
# distance from previous block
# <min> <max>
0	4

[block]
# block no. 3 follows, 45 sequences, length 8
# corresponding to MSA columns:
# 140-147
name=unknown_D
#
# <colnr> <probs for GDERKNQSTAVLIFYWHMCP>
#	G	D	E	R	K	N	Q	S	T	A	V	L	I	F	Y	W	H	M	C	P
0	0.02326	0.00965	0.01268	0.00981	0.01391	0.00875	0.00807	0.07386	0.05702	0.69175	0.02068	0.01802	0.01319	0.00667	0.00540	0.00167	0.00464	0.00540	0.00650	0.00910
1	0.00744	0.00594	0.00672	0.00644	0.00811	0.00546	0.00486	0.01040	0.07291	0.01819	0.36582	0.04414	0.40014	0.01196	0.00627	0.00176	0.00276	0.01021	0.00542	0.00508
2	0.01476	0.03465	0.01654	0.03429	0.06708	0.15152	0.07429	0.13333	0.17560	0.01887	0.01255	0.01443	0.01007	0.00944	0.07316	0.00234	0.14121	0.00498	0.00365	0.00723
3	0.01116	0.00611	0.00623	0.00582	0.00740	0.00629	0.00447	0.09525	0.01280	0.02154	0.01700	0.01922	0.01325	0.00627	0.00393	0.00129	0.00288	0.00498	0.74863	0.00546
4	0.00661	0.00540	0.00584	0.00583	0.00744	0.00463	0.00433	0.00817	0.01269	0.01584	0.19574	0.09966	0.58258	0.01329	0.00638	0.00181	0.00271	0.01127	0.00517	0.00463
5	0.00654	0.00467	0.00623	0.00747	0.00779	0.00436	0.00498	0.00747	0.01028	0.01370	0.02959	0.80785	0.03550	0.01682	0.00685	0.00218	0.00311	0.01526	0.00498	0.00436
6	0.01113	0.00954	0.01113	0.00795	0.01272	0.00716	0.00636	0.01352	0.01113	0.01749	0.00954	0.01113	0.00795	0.00398	0.00398	0.00080	0.00398	0.00318	0.00318	0.84417
7	0.01339	0.01315	0.05054	0.07012	0.62333	0.01258	0.07447	0.01678	0.01227	0.04630	0.01053	0.01355	0.00852	0.00488	0.00539	0.00163	0.00662	0.00490	0.00278	0.00827

[dist]
# distance from previous block
# <min> <max>
1	6

[block]
# block no. 4 follows, 45 sequences, length 34
# corresponding to MSA columns:
# 154-187
name=unknown_E
#
# <colnr> <probs for GDERKNQSTAVLIFYWHMCP>
#	G	D	E	R	K	N	Q	S	T	A	V	L	I	F	Y	W	H	M	C	P
0	0.00790	0.00584	0.00822	0.00814	0.00891	0.00670	0.00612	0.00945	0.00863	0.01242	0.01552	0.02388	0.03053	0.17592	0.57939	0.00737	0.04148	0.00617	0.03284	0.00456
1	0.78099	0.07614	0.00954	0.00723	0.01066	0.01279	0.00609	0.01580	0.00928	0.02315	0.00747	0.00871	0.00590	0.00495	0.00333	0.00162	0.00428	0.00290	0.00324	0.00590
2	0.84927	0.01038	0.00789	0.00706	0.01038	0.01204	0.00581	0.01578	0.00914	0.02408	0.00747	0.00872	0.00581	0.00498	0.00332	0.00166	0.00415	0.00291	0.00332	0.00581
3	0.00756	0.00525	0.00681	0.00765	0.00814	0.00507	0.00518	0.04799	0.01073	0.01432	0.02662	0.67522	0.03142	0.04218	0.00859	0.07107	0.00346	0.01359	0.00473	0.00442
4	0.29075	0.22827	0.32736	0.01095	0.01648	0.01463	0.01238	0.01635	0.01049	0.01821	0.00835	0.00975	0.00649	0.00493	0.00407	0.00154	0.00610	0.00333	0.00263	0.00695
5	0.08038	0.01039	0.01571	0.31811	0.16365	0.01246	0.01268	0.01472	0.01052	0.05667	0.00999	0.01372	0.00804	0.00728	0.03127	0.00204	0.18579	0.00468	0.03539	0.00650
6	0.08028	0.00834	0.02343	0.00885	0.01087	0.00825	0.00685	0.17430	0.01443	0.08795	0.08957	0.38985	0.02602	0.01188	0.00605	0.00193	0.00404	0.03590	0.00511	0.00609
7	0.00893	0.00578	0.00760	0.00698	0.00848	0.00529	0.00529	0.01142	0.01521	0.08289	0.71417	0.03833	0.04763	0.01062	0.00626	0.00169	0.00270	0.00936	0.00597	0.00539
8	0.00817	0.00562	0.00758	0.00844	0.00944	0.00544	0.00665	0.00992	0.01152	0.04215	0.05834	0.32805	0.07914	0.03185	0.04849	0.00264	0.00453	0.32230	0.00492	0.00482
9	0.00794	0.00536	0.00683	0.00690	0.00722	0.00561	0.00458	0.00839	0.00820	0.01117	0.01624	0.03123	0.01768	0.49898	0.22816	0.07454	0.00758	0.04655	0.00317	0.00368
10	0.00690	0.00522	0.00594	0.00615	0.00714	0.00473	0.00421	0.00800	0.01115	0.01429	0.13573	0.21014	0.33902	0.20380	0.01144	0.00268	0.00337	0.01113	0.00469	0.00426
11	0.01435	0.81458	0.02813	0.00918	0.01378	0.02124	0.00918	0.01607	0.01091	0.01263	0.00746	0.00861	0.00689	0.00459	0.00344	0.00115	0.00574	0.00287	0.00230	0.00689
12	0.00654	0.00467	0.00623	0.00747	0.00779	0.00436	0.00498	0.00747	0.01028	0.01370	0.02959	0.80785	0.03550	0.01682	0.00685	0.00218	0.00311	0.01526	0.00498	0.00436
13	0.01416	0.77329	0.06777	0.00951	0.01427	0.02078	0.00974	0.01612	0.01093	0.01286	0.00758	0.00875	0.00688	0.00462	0.00353	0.00118	0.00586	0.00293	0.00229	0.00694
14	0.12447	0.00633	0.00605	0.00572	0.00743	0.00665	0.00441	0.05725	0.01180	0.02138	0.01588	0.01806	0.01241	0.00609	0.00379	0.00133	0.00293	0.00471	0.67796	0.00536
15	0.01027	0.00972	0.01613	0.73431	0.03510	0.01230	0.01465	0.01365	0.01053	0.01365	0.00934	0.01410	0.00715	0.00570	0.00637	0.00183	0.07212	0.00476	0.00238	0.00596
16	0.00772	0.00517	0.00588	0.00597	0.00599	0.00515	0.00337	0.00778	0.00798	0.01063	0.01778	0.08822	0.02061	0.75676	0.02592	0.00500	0.00506	0.00832	0.00337	0.00333
17	0.01435	0.81458	0.02813	0.00918	0.01378	0.02124	0.00918	0.01607	0.01091	0.01263	0.00746	0.00861	0.00689	0.00459	0.00344	0.00115	0.00574	0.00287	0.00230	0.00689
18	0.00708	0.00547	0.00646	0.00621	0.00770	0.00485	0.00466	0.00913	0.01398	0.01863	0.47829	0.04486	0.34920	0.01205	0.00634	0.00174	0.00261	0.01038	0.00553	0.00485
19	0.00943	0.00666	0.00868	0.00874	0.00999	0.00670	0.02620	0.06542	0.07929	0.05732	0.02552	0.52748	0.02817	0.03917	0.04826	0.00251	0.00437	0.03576	0.00492	0.00542
20	0.02647	0.01012	0.01558	0.62796	0.03200	0.01241	0.01366	0.10264	0.01230	0.01636	0.01007	0.01421	0.00763	0.00646	0.02374	0.00193	0.03672	0.00477	0.01867	0.00629
21	0.00675	0.00480	0.00612	0.00709	0.00742	0.00451	0.00464	0.00754	0.00995	0.01318	0.02870	0.63504	0.07159	0.15353	0.01035	0.00268	0.00345	0.01377	0.00468	0.00418
22	0.01872	0.01218	0.01389	0.02944	0.01519	0.01297	0.00904	0.45205	0.06136	0.18098	0.09107	0.04802	0.01545	0.00736	0.00553	0.00167	0.00513	0.00590	0.00560	0.00843
23	0.01241	0.02875	0.10598	0.17320	0.04448	0.01349	0.44675	0.05637	0.01267	0.01721	0.01041	0.01383	0.00782	0.00498	0.00618	0.00178	0.02825	0.00556	0.00273	0.00715
24	0.01031	0.00714	0.00853	0.00824	0.00997	0.00704	0.00636	0.13799	0.01440	0.05907	0.12619	0.27330	0.16225	0.01265	0.00637	0.00195	0.00376	0.11319	0.02564	0.00564
25	0.00654	0.00467	0.00623	0.00747	0.00779	0.00436	0.00498	0.00747	0.01028	0.01370	0.02959	0.80785	0.03550	0.01682	0.00685	0.00218	0.00311	0.01526	0.00498	0.00436
26	0.01253	0.03211	0.08893	0.14671	0.39031	0.06789	0.09318	0.01591	0.01214	0.01622	0.01290	0.01567	0.06065	0.00553	0.00541	0.00165	0.00689	0.00518	0.00275	0.00745
27	0.01367	0.01202	0.01587	0.07315	0.04666	0.09197	0.07393	0.01585	0.02942	0.11815	0.01290	0.11243	0.01182	0.00860	0.01065	0.00201	0.33487	0.00616	0.00342	0.00645
28	0.01045	0.01005	0.01699	0.67055	0.03400	0.01251	0.05550	0.01382	0.01057	0.01382	0.00934	0.01404	0.00720	0.00576	0.00675	0.00185	0.09353	0.00485	0.00240	0.00602
29	0.00637	0.00535	0.00553	0.00567	0.00731	0.00451	0.00418	0.00768	0.01201	0.01441	0.05155	0.13798	0.69119	0.01396	0.00640	0.00185	0.00276	0.01178	0.00498	0.00451
30	0.01156	0.00903	0.01014	0.00986	0.02688	0.06732	0.00751	0.03635	0.08136	0.09718	0.05605	0.17161	0.13997	0.04312	0.00837	0.00211	0.09547	0.11556	0.00466	0.00588
31	0.03074	0.01768	0.30069	0.10745	0.04770	0.01207	0.22965	0.04750	0.01250	0.07255	0.01309	0.03474	0.03729	0.00573	0.00558	0.00175	0.00739	0.00544	0.00306	0.00740
32	0.07525	0.01142	0.10236	0.00999	0.01382	0.00950	0.00895	0.02120	0.11439	0.35276	0.06382	0.03752	0.01461	0.00692	0.00583	0.00167	0.04746	0.00546	0.03546	0.06164
33	0.04601	0.01536	0.04178	0.01171	0.02513	0.27752	0.02622	0.06338	0.01331	0.11036	0.01440	0.03257	0.05065	0.03655	0.08596	0.00245	0.08852	0.00511	0.04661	0.00640

[dist]
# distance from previous block
# <min> <max>
1	27

[block]
# block no. 5 follows, 45 sequences, length 28
# corresponding to MSA columns:
# 216-243
name=unknown_F
#
# <colnr> <probs for GDERKNQSTAVLIFYWHMCP>
#	G	D	E	R	K	N	Q	S	T	A	V	L	I	F	Y	W	H	M	C	P
0	0.10154	0.12369	0.18820	0.01106	0.01536	0.03712	0.01078	0.16333	0.05954	0.06201	0.04906	0.03735	0.01171	0.03568	0.02671	0.00192	0.03061	0.00486	0.00377	0.02571
1	0.01001	0.18047	0.01364	0.00900	0.01091	0.02867	0.05376	0.01210	0.03854	0.01320	0.01442	0.06760	0.01429	0.19095	0.27352	0.00467	0.00846	0.00610	0.04448	0.00523
2	0.09264	0.42777	0.15586	0.01022	0.01458	0.06061	0.01040	0.01555	0.01117	0.01503	0.04120	0.03580	0.01079	0.02520	0.00500	0.00154	0.01890	0.03836	0.00279	0.00659
3	0.01312	0.13312	0.37477	0.01730	0.12561	0.10168	0.08534	0.03642	0.01223	0.01637	0.00937	0.01138	0.00725	0.00513	0.00534	0.00160	0.02974	0.00413	0.00251	0.00758
4	0.01280	0.05616	0.41659	0.01342	0.01916	0.04381	0.05921	0.04155	0.09156	0.08826	0.02871	0.05218	0.04003	0.00645	0.00531	0.00170	0.00669	0.00533	0.00345	0.00763
5	0.00663	0.00480	0.00627	0.00728	0.00778	0.00444	0.00494	0.00774	0.01087	0.01450	0.10213	0.68860	0.08206	0.01606	0.00677	0.00211	0.00303	0.01449	0.00507	0.00444
6	0.00773	0.00549	0.00675	0.00692	0.00737	0.00568	0.00453	0.00897	0.03978	0.01207	0.02020	0.16985	0.04838	0.44580	0.18231	0.00512	0.00663	0.00876	0.00364	0.00404
7	0.03537	0.04981	0.03920	0.06208	0.07903	0.03937	0.03595	0.16808	0.04402	0.15923	0.08143	0.13548	0.01710	0.00804	0.00576	0.00172	0.01956	0.00679	0.00464	0.00733
8	0.01475	0.16353	0.07437	0.01074	0.04112	0.01175	0.00909	0.11288	0.08332	0.17505	0.07237	0.14375	0.01809	0.00836	0.00538	0.00169	0.00490	0.03686	0.00468	0.00731
9	0.01180	0.00673	0.00691	0.00627	0.00804	0.00701	0.00486	0.14109	0.01366	0.02239	0.01672	0.01879	0.01296	0.00629	0.00403	0.00131	0.00309	0.00497	0.69737	0.00571
10	0.00826	0.00590	0.00821	0.00945	0.01051	0.00585	0.00798	0.01046	0.01198	0.01563	0.02863	0.19698	0.03173	0.01519	0.00731	0.00242	0.00461	0.60911	0.00495	0.00484
11	0.02618	0.01247	0.07112	0.34959	0.22155	0.01252	0.08312	0.05484	0.05702	0.04348	0.01108	0.01417	0.00841	0.00533	0.00540	0.00172	0.00681	0.00493	0.00298	0.00729
12	0.01028	0.00979	0.01668	0.74691	0.03597	0.01212	0.04216	0.01382	0.01073	0.01382	0.00952	0.01424	0.00719	0.00545	0.00576	0.00181	0.03052	0.00483	0.00240	0.00601
13	0.00774	0.00522	0.00584	0.00584	0.00592	0.00517	0.00329	0.00780	0.00801	0.01060	0.01866	0.03590	0.05481	0.77411	0.02634	0.00505	0.00509	0.00797	0.00333	0.00331
14	0.00821	0.00593	0.00752	0.02692	0.00920	0.00599	0.00560	0.08052	0.01130	0.01512	0.02481	0.55771	0.02871	0.12454	0.05878	0.00293	0.00447	0.01239	0.00459	0.00474
15	0.00782	0.00569	0.00833	0.00833	0.00929	0.00657	0.00644	0.00973	0.00877	0.01289	0.01464	0.02136	0.01359	0.05656	0.72230	0.00808	0.01341	0.00575	0.05569	0.00477
16	0.00936	0.00644	0.00766	0.00722	0.00902	0.00603	0.00551	0.04631	0.05070	0.08216	0.29366	0.13163	0.27417	0.01189	0.00627	0.00181	0.00316	0.03601	0.00548	0.00550
17	0.01013	0.00941	0.01577	0.77519	0.03607	0.01172	0.01458	0.01368	0.01075	0.01390	0.00977	0.01448	0.00735	0.00539	0.00532	0.00177	0.00702	0.00478	0.02698	0.00593
18	0.01001	0.00500	0.00500	0.00500	0.00625	0.00500	0.00375	0.01251	0.01126	0.02001	0.01751	0.02001	0.01376	0.00625	0.00375	0.00125	0.00250	0.00500	0.84115	0.00500
19	0.00843	0.00640	0.00912	0.00884	0.00979	0.00755	0.00687	0.03329	0.00914	0.01325	0.01407	0.02104	0.01324	0.08466	0.64124	0.00754	0.06780	0.00576	0.02706	0.00491
20	0.01604	0.47172	0.05456	0.01233	0.06323	0.20449	0.01046	0.08311	0.01331	0.01511	0.00840	0.00965	0.00719	0.00501	0.00414	0.00130	0.00683	0.00335	0.00270	0.00707
21	0.02019	0.01493	0.01599	0.01231	0.01656	0.01655	0.01015	0.73750	0.04806	0.03348	0.01316	0.01311	0.00935	0.00647	0.00537	0.00162	0.00586	0.00487	0.00537	0.00911
22	0.01050	0.00748	0.00850	0.00792	0.00932	0.00766	0.00562	0.18416	0.01314	0.01782	0.02141	0.26640	0.05689	0.26497	0.02552	0.00300	0.00459	0.00926	0.04652	0.02933
23	0.01123	0.05578	0.62607	0.01632	0.02369	0.01299	0.14554	0.01700	0.01154	0.01686	0.00976	0.01177	0.00703	0.00498	0.00525	0.00170	0.00804	0.00433	0.00234	0.00777
24	0.00750	0.00511	0.00591	0.00616	0.00629	0.00501	0.00362	0.00774	0.00845	0.01120	0.02071	0.18928	0.04842	0.62629	0.02254	0.00449	0.00470	0.00941	0.00366	0.00352
25	0.00697	0.00525	0.00650	0.00734	0.00810	0.00498	0.00506	0.00891	0.05874	0.01459	0.05244	0.61408	0.15606	0.01553	0.00667	0.00208	0.00311	0.01389	0.00504	0.00467
26	0.02148	0.01064	0.01379	0.01067	0.01461	0.01037	0.03195	0.18621	0.04381	0.51090	0.04731	0.01764	0.01353	0.00682	0.00588	0.00169	0.03243	0.00547	0.00602	0.00878
27	0.01745	0.01068	0.01235	0.01036	0.01378	0.01127	0.00832	0.12749	0.34525	0.27625	0.04926	0.02069	0.01614	0.00735	0.00550	0.00175	0.00451	0.03248	0.02065	0.00847

[dist]
# distance from previous block
# <min> <max>
0	6

[block]
# block no. 6 follows, 45 sequences, length 8
# corresponding to MSA columns:
# 250-257
name=unknown_G
#
# <colnr> <probs for GDERKNQSTAVLIFYWHMCP>
#	G	D	E	R	K	N	Q	S	T	A	V	L	I	F	Y	W	H	M	C	P
0	0.00654	0.00467	0.00623	0.00747	0.00779	0.00436	0.00498	0.00747	0.01028	0.01370	0.02959	0.80785	0.03550	0.01682	0.00685	0.00218	0.00311	0.01526	0.00498	0.00436
1	0.01302	0.01269	0.02228	0.08325	0.66181	0.01277	0.08216	0.01635	0.01216	0.01725	0.01013	0.01346	0.00838	0.00480	0.00541	0.00163	0.00667	0.00492	0.00264	0.00822
2	0.04662	0.01262	0.01266	0.01106	0.01430	0.05813	0.00869	0.11788	0.57163	0.05649	0.01939	0.01805	0.01441	0.00696	0.00533	0.00176	0.00478	0.00562	0.00527	0.00837
3	0.00797	0.00580	0.00744	0.00807	0.00908	0.00562	0.00608	0.05331	0.01244	0.01652	0.12647	0.42715	0.09401	0.01473	0.00679	0.00212	0.00360	0.18280	0.00512	0.00488
4	0.01217	0.01231	0.01785	0.11934	0.04615	0.05136	0.08977	0.03342	0.00995	0.01418	0.00833	0.01266	0.00748	0.00893	0.03856	0.00233	0.50164	0.00486	0.00252	0.00619
5	0.03080	0.01079	0.01161	0.00996	0.01233	0.05711	0.00783	0.28037	0.03601	0.02129	0.01517	0.06102	0.03385	0.06593	0.16838	0.02620	0.05112	0.00582	0.06009	0.03431
6	0.04462	0.01308	0.05859	0.22384	0.09874	0.01339	0.31751	0.01551	0.01125	0.01594	0.00968	0.01354	0.00760	0.00555	0.00750	0.00185	0.12716	0.00529	0.00257	0.00680
7	0.01170	0.00829	0.00949	0.00873	0.01076	0.00843	0.00660	0.24528	0.01559	0.05656	0.02855	0.37941	0.16396	0.01247	0.00622	0.00191	0.00399	0.01078	0.00518	0.00612

[dist]
# distance from previous block
# <min> <max>
1	4

[block]
# block no. 7 follows, 45 sequences, length 28
# corresponding to MSA columns:
# 262-289
name=unknown_H
#
# <colnr> <probs for GDERKNQSTAVLIFYWHMCP>
#	G	D	E	R	K	N	Q	S	T	A	V	L	I	F	Y	W	H	M	C	P
0	0.04376	0.01232	0.01968	0.22802	0.25635	0.01311	0.12453	0.15847	0.01444	0.06088	0.01110	0.01377	0.00837	0.00532	0.00543	0.00169	0.00672	0.00499	0.00335	0.00770
1	0.01140	0.06285	0.56389	0.03880	0.10538	0.01303	0.09680	0.01683	0.01153	0.01678	0.00970	0.01182	0.00714	0.00499	0.00518	0.00168	0.00775	0.00427	0.00236	0.00782
2	0.07400	0.01137	0.09739	0.01065	0.03281	0.02583	0.00912	0.04617	0.09247	0.24747	0.14865	0.06371	0.02000	0.00816	0.00628	0.00178	0.05324	0.03860	0.00502	0.00728
3	0.01085	0.04370	0.01451	0.01192	0.01301	0.02844	0.08227	0.02664	0.01007	0.01474	0.01400	0.18565	0.01447	0.02759	0.01153	0.00210	0.36644	0.00715	0.10929	0.00562
4	0.70912	0.01103	0.00901	0.04108	0.01206	0.04616	0.00667	0.01656	0.02901	0.04875	0.00842	0.00968	0.00647	0.00524	0.00392	0.00167	0.02251	0.00322	0.00340	0.00602
5	0.01199	0.00923	0.01084	0.01113	0.09855	0.04141	0.00756	0.14188	0.04524	0.07069	0.23948	0.07657	0.17587	0.02750	0.00639	0.00179	0.00419	0.00822	0.00504	0.00642
6	0.46004	0.01247	0.01245	0.01075	0.03972	0.07024	0.06234	0.12244	0.04698	0.10104	0.01067	0.01143	0.00786	0.00546	0.00432	0.00165	0.00529	0.00393	0.00394	0.00696
7	0.02580	0.00568	0.00698	0.00674	0.00814	0.00523	0.00505	0.01013	0.01365	0.04789	0.46675	0.09133	0.18694	0.05476	0.00744	0.00197	0.00297	0.04210	0.00546	0.00498
8	0.07213	0.04422	0.01596	0.08216	0.01649	0.02627	0.11364	0.03479	0.01002	0.01497	0.01029	0.01479	0.00909	0.01645	0.23307	0.00386	0.25562	0.00501	0.01528	0.00589
9	0.00735	0.00514	0.00620	0.00657	0.00711	0.00490	0.00435	0.00828	0.01027	0.01379	0.12246	0.26944	0.10735	0.32755	0.01471	0.00325	0.00389	0.04462	0.02868	0.00408
10	0.00679	0.00486	0.00649	0.00755	0.00802	0.00455	0.00522	0.00799	0.01095	0.01471	0.11100	0.67671	0.03687	0.01605	0.00683	0.00214	0.00317	0.06055	0.00508	0.00447
11	0.00816	0.00592	0.00801	0.00900	0.01021	0.00577	0.00760	0.01040	0.01239	0.01616	0.09316	0.12630	0.10061	0.01458	0.00718	0.00232	0.00437	0.54797	0.00503	0.00486
12	0.00641	0.00539	0.00549	0.00556	0.00722	0.00455	0.00409	0.00770	0.01196	0.01429	0.05163	0.08816	0.70837	0.04639	0.00723	0.00197	0.00284	0.01138	0.00491	0.00447
13	0.01435	0.81458	0.02813	0.00918	0.01378	0.02124	0.00918	0.01607	0.01091	0.01263	0.00746	0.00861	0.00689	0.00459	0.00344	0.00115	0.00574	0.00287	0.00230	0.00689
14	0.10587	0.01492	0.01523	0.01186	0.01600	0.04299	0.00976	0.65761	0.02323	0.03211	0.01217	0.01235	0.00871	0.00626	0.00514	0.00161	0.00586	0.00459	0.00507	0.00869
15	0.00634	0.00544	0.00544	0.00544	0.00725	0.00453	0.00408	0.00770	0.01224	0.01450	0.05438	0.05166	0.77569	0.01359	0.00634	0.00181	0.00272	0.01133	0.00498	0.00453
16	0.73974	0.01068	0.00878	0.00761	0.01105	0.01218	0.00627	0.07486	0.01074	0.06556	0.00864	0.00956	0.00648	0.00519	0.00359	0.00166	0.00431	0.00319	0.00366	0.00625
17	0.02258	0.00988	0.01278	0.00979	0.01398	0.00895	0.00806	0.10863	0.03238	0.62967	0.01948	0.01722	0.01253	0.00646	0.00530	0.00160	0.00467	0.00520	0.00624	0.06459
18	0.00779	0.00528	0.00625	0.00625	0.00639	0.00542	0.00375	0.00806	0.00792	0.01070	0.01655	0.03312	0.01864	0.70123	0.13625	0.00569	0.00651	0.00751	0.00320	0.00347
19	0.00934	0.00825	0.01231	0.01108	0.01186	0.01042	0.04136	0.01104	0.00863	0.01275	0.01171	0.01801	0.01115	0.05707	0.45166	0.00596	0.29400	0.00548	0.00270	0.00523
20	0.00932	0.00466	0.00699	0.00699	0.00699	0.00466	0.00466	0.00699	0.00699	0.00932	0.00932	0.01632	0.00932	0.01865	0.02098	0.84382	0.00466	0.00466	0.00233	0.00233
21	0.00784	0.00609	0.00729	0.00748	0.00897	0.00583	0.00583	0.01099	0.08375	0.01733	0.23141	0.13428	0.27163	0.01295	0.00654	0.00196	0.00333	0.16613	0.00526	0.00511
22	0.01435	0.81458	0.02813	0.00918	0.01378	0.02124	0.00918	0.01607	0.01091	0.01263	0.00746	0.00861	0.00689	0.00459	0.00344	0.00115	0.00574	0.00287	0.00230	0.00689
23	0.01009	0.00924	0.01555	0.75021	0.03514	0.01148	0.01428	0.01331	0.01051	0.01345	0.00953	0.01443	0.00729	0.00618	0.00632	0.05311	0.00700	0.00476	0.00238	0.00574
24	0.16118	0.02276	0.01079	0.00878	0.01202	0.00877	0.00713	0.05980	0.02831	0.40826	0.01994	0.07805	0.03729	0.03840	0.00606	0.00187	0.00441	0.05076	0.02800	0.00744
25	0.01774	0.01213	0.01359	0.01088	0.01420	0.01323	0.00880	0.49250	0.02020	0.10484	0.01520	0.06968	0.01221	0.04261	0.03886	0.00210	0.03596	0.00577	0.06154	0.00797
26	0.04630	0.01246	0.01686	0.01382	0.04818	0.01289	0.15425	0.21026	0.22095	0.02317	0.01485	0.01700	0.01162	0.00620	0.00539	0.00163	0.00568	0.04017	0.00434	0.13400
27	0.01440	0.01097	0.01259	0.00981	0.01326	0.01101	0.03337	0.31983	0.04306	0.02323	0.01323	0.01721	0.01121	0.15285	0.00894	0.00204	0.00509	0.00503	0.05523	0.23767

[dist]
# distance from previous block
# <min> <max>
0	2

[block]
# block no. 8 follows, 45 sequences, length 7
# corresponding to MSA columns:
# 292-298
name=unknown_I
#
# <colnr> <probs for GDERKNQSTAVLIFYWHMCP>
#	G	D	E	R	K	N	Q	S	T	A	V	L	I	F	Y	W	H	M	C	P
0	0.01127	0.00887	0.01319	0.01360	0.13920	0.00841	0.07931	0.04524	0.04475	0.07453	0.05081	0.20324	0.05861	0.04889	0.04345	0.00219	0.00523	0.02235	0.00415	0.12270
1	0.39914	0.06181	0.07818	0.13183	0.06423	0.01233	0.04372	0.01667	0.03954	0.07182	0.00982	0.01161	0.00744	0.00553	0.00471	0.02247	0.00544	0.00389	0.00324	0.00656
2	0.25777	0.09476	0.16658	0.01067	0.02896	0.07074	0.01002	0.11026	0.04091	0.03495	0.01184	0.01347	0.03191	0.03008	0.03454	0.00195	0.00606	0.00418	0.03353	0.00683
3	0.01700	0.06684	0.01450	0.01165	0.02964	0.21852	0.00913	0.16461	0.10160	0.10921	0.01582	0.01612	0.06324	0.00682	0.00604	0.00158	0.06879	0.00495	0.04331	0.03063
4	0.11472	0.01696	0.01554	0.01718	0.20833	0.29299	0.01102	0.11420	0.08617	0.01904	0.01081	0.01239	0.00867	0.00714	0.04065	0.00187	0.00741	0.00426	0.00340	0.00728
5	0.12936	0.01176	0.01522	0.54359	0.08061	0.10350	0.01320	0.01510	0.01114	0.01536	0.00914	0.01291	0.00703	0.00529	0.00501	0.00171	0.00698	0.00436	0.00258	0.00614
6	0.01234	0.01335	0.09283	0.13896	0.50834	0.01195	0.01538	0.01578	0.01179	0.01693	0.00991	0.01299	0.00808	0.00480	0.00514	0.00154	0.00636	0.00451	0.00264	0.10638

[dist]
# distance from previous block
# <min> <max>
0	2

[block]
# block no. 9 follows, 45 sequences, length 13
# corresponding to MSA columns:
# 301-313
name=unknown_J
#
# <colnr> <probs for GDERKNQSTAVLIFYWHMCP>
#	G	D	E	R	K	N	Q	S	T	A	V	L	I	F	Y	W	H	M	C	P
0	0.07626	0.01365	0.01451	0.01140	0.01512	0.01522	0.00930	0.60079	0.04148	0.03045	0.01295	0.01427	0.00978	0.05382	0.00684	0.00184	0.02915	0.00491	0.02995	0.00832
1	0.00705	0.00520	0.00700	0.05390	0.00953	0.00500	0.00549	0.00823	0.01050	0.01413	0.07851	0.63084	0.03296	0.07028	0.00806	0.00229	0.00348	0.01338	0.00472	0.02945
2	0.01320	0.01428	0.05770	0.02002	0.02492	0.01339	0.57280	0.01846	0.08375	0.05749	0.01215	0.01491	0.00907	0.00522	0.00685	0.00183	0.05736	0.00607	0.00314	0.00740
3	0.06560	0.01670	0.01491	0.06740	0.04740	0.24061	0.01026	0.29249	0.13298	0.04081	0.01246	0.01304	0.00934	0.00609	0.00511	0.00159	0.00673	0.00452	0.00422	0.00775
4	0.00835	0.00562	0.00716	0.00695	0.00826	0.00516	0.00518	0.01036	0.01364	0.06210	0.46796	0.12324	0.13204	0.06727	0.00785	0.00204	0.00306	0.05323	0.00550	0.00502
5	0.01367	0.00978	0.01124	0.00987	0.01240	0.01051	0.00780	0.23331	0.17706	0.07160	0.12600	0.08983	0.02185	0.05023	0.03946	0.01648	0.00496	0.08172	0.00521	0.00702
6	0.01184	0.11814	0.62072	0.01477	0.02201	0.01337	0.06023	0.01728	0.01153	0.04794	0.00992	0.01148	0.00715	0.00507	0.00499	0.00164	0.00760	0.00403	0.00248	0.00782
7	0.01590	0.01112	0.01172	0.01025	0.01323	0.07588	0.00812	0.10120	0.26957	0.20577	0.04437	0.07786	0.05804	0.00857	0.00570	0.00179	0.00480	0.06300	0.00543	0.00766
8	0.00903	0.00586	0.00730	0.00672	0.00843	0.00523	0.00512	0.01122	0.01447	0.10020	0.51535	0.04067	0.22771	0.01117	0.00624	0.00172	0.00279	0.00966	0.00576	0.00536
9	0.00812	0.00591	0.00751	0.00696	0.00838	0.00556	0.00526	0.04345	0.01554	0.02183	0.71604	0.03929	0.07399	0.01086	0.00629	0.00169	0.00269	0.00955	0.00585	0.00523
10	0.01180	0.01529	0.14023	0.11992	0.02647	0.01325	0.45347	0.01601	0.01169	0.01618	0.01061	0.03516	0.00844	0.00556	0.00722	0.00186	0.09141	0.00585	0.00263	0.00696
11	0.01154	0.07839	0.65692	0.01588	0.06677	0.04566	0.01854	0.01709	0.01152	0.01658	0.00946	0.01120	0.00691	0.00507	0.00499	0.00164	0.00777	0.00392	0.00231	0.00783
12	0.00662	0.00523	0.00599	0.00646	0.00771	0.00460	0.00472	0.00797	0.01174	0.01470	0.08224	0.30485	0.44365	0.01461	0.00658	0.00197	0.00298	0.05782	0.00503	0.00453

[dist]
# distance from previous block
# <min> <max>
0	3

[block]
# block no. 10 follows, 45 sequences, length 22
# corresponding to MSA columns:
# 317-338
name=unknown_K
#
# <colnr> <probs for GDERKNQSTAVLIFYWHMCP>
#	G	D	E	R	K	N	Q	S	T	A	V	L	I	F	Y	W	H	M	C	P
0	0.01159	0.01151	0.01961	0.44591	0.20196	0.03655	0.13175	0.01509	0.01147	0.01521	0.00993	0.01401	0.00773	0.00521	0.00573	0.00174	0.02489	0.00498	0.01839	0.00673
1	0.01357	0.01361	0.02083	0.09737	0.60242	0.07983	0.04158	0.01698	0.03081	0.01693	0.01021	0.01327	0.00843	0.00495	0.00532	0.00161	0.00677	0.00475	0.00271	0.00804
2	0.00672	0.00485	0.00607	0.00696	0.00741	0.00452	0.00459	0.00756	0.01013	0.01328	0.03072	0.58828	0.12722	0.14316	0.01005	0.00262	0.00340	0.01357	0.00471	0.00421
3	0.00796	0.00593	0.00797	0.08554	0.01134	0.00603	0.00643	0.05655	0.01145	0.01524	0.04728	0.59387	0.03072	0.03949	0.00726	0.00220	0.00383	0.05132	0.00472	0.00484
4	0.01128	0.03716	0.05211	0.01532	0.01871	0.06276	0.33893	0.04036	0.01251	0.01644	0.05060	0.24333	0.01846	0.00893	0.00646	0.00188	0.02197	0.03293	0.00364	0.00623
5	0.00897	0.00622	0.00793	0.00768	0.00919	0.00586	0.00578	0.01187	0.06386	0.05994	0.37279	0.20841	0.03729	0.03971	0.00702	0.00194	0.00330	0.07786	0.00536	0.05902
6	0.01211	0.01241	0.02054	0.01738	0.06909	0.01497	0.21790	0.01526	0.05839	0.01501	0.00943	0.01336	0.00820	0.00835	0.03141	0.00227	0.45942	0.00527	0.00268	0.00657
7	0.06526	0.00972	0.01101	0.00823	0.01256	0.00807	0.00655	0.07502	0.01211	0.01901	0.01103	0.06459	0.00976	0.00511	0.00424	0.00101	0.00409	0.00411	0.00349	0.66502
8	0.00921	0.00620	0.00813	0.00863	0.00988	0.00605	0.00689	0.04313	0.01256	0.05632	0.10277	0.22846	0.06333	0.06752	0.00827	0.00240	0.00421	0.34591	0.00504	0.00509
9	0.00665	0.00485	0.00627	0.00717	0.00776	0.00447	0.00490	0.00784	0.01111	0.01478	0.12724	0.63149	0.11420	0.01574	0.00673	0.00208	0.00300	0.01414	0.00510	0.00447
10	0.00742	0.00543	0.00696	0.00668	0.00793	0.00497	0.00497	0.00974	0.01462	0.02040	0.66297	0.08780	0.11693	0.01157	0.00636	0.00173	0.00259	0.01020	0.00577	0.00497
11	0.00689	0.00514	0.00644	0.00734	0.00818	0.00474	0.00535	0.00818	0.01107	0.01423	0.03527	0.46758	0.22011	0.03654	0.00736	0.00222	0.00339	0.14057	0.00493	0.00448
12	0.01992	0.00894	0.01161	0.00930	0.01283	0.00826	0.00753	0.04536	0.09930	0.54291	0.15209	0.02210	0.02001	0.00746	0.00557	0.00168	0.00422	0.00621	0.00635	0.00836
13	0.01511	0.01222	0.01299	0.01120	0.01453	0.01393	0.00885	0.18456	0.59176	0.04290	0.01992	0.01846	0.01476	0.00709	0.00544	0.00177	0.00461	0.00579	0.00547	0.00865
14	0.01315	0.01261	0.02154	0.06622	0.74566	0.01272	0.01641	0.01635	0.01216	0.01737	0.01007	0.01333	0.00844	0.00481	0.00532	0.00160	0.00641	0.00478	0.00265	0.00839
15	0.03595	0.01099	0.04977	0.01003	0.01404	0.01001	0.00852	0.12731	0.12681	0.43783	0.01865	0.01712	0.01254	0.00648	0.00519	0.00162	0.00471	0.00520	0.05933	0.03788
16	0.01316	0.01008	0.01070	0.00943	0.01214	0.05928	0.00730	0.02024	0.30719	0.11879	0.11867	0.08988	0.05718	0.00836	0.00574	0.00167	0.02073	0.00697	0.02706	0.09546
17	0.00845	0.00708	0.00725	0.00695	0.00883	0.02798	0.00523	0.07218	0.05992	0.01699	0.09866	0.14286	0.49276	0.01261	0.00623	0.00182	0.00331	0.01063	0.00505	0.00522
18	0.00775	0.00555	0.00731	0.00758	0.00820	0.00581	0.00530	0.03332	0.00975	0.01337	0.04698	0.28676	0.02352	0.22980	0.27850	0.00512	0.00756	0.00955	0.00386	0.00440
19	0.43413	0.03806	0.07731	0.01077	0.01485	0.01227	0.11621	0.08407	0.01194	0.10352	0.01037	0.01197	0.00778	0.02659	0.00522	0.01499	0.00546	0.00408	0.00364	0.00676
20	0.03820	0.21867	0.18467	0.01121	0.01584	0.11184	0.01099	0.09188	0.04028	0.08794	0.03700	0.05060	0.01089	0.00606	0.00472	0.00147	0.00618	0.00457	0.00351	0.06350
21	0.20200	0.01256	0.05176	0.14618	0.25105	0.06138	0.01177	0.01681	0.04570	0.05501	0.03464	0.01335	0.00938	0.00533	0.00479	0.00160	0.00582	0.00437	0.00321	0.06331

[dist]
# distance from previous block
# <min> <max>
1	44

[block]
# block no. 11 follows, 45 sequences, length 29
# corresponding to MSA columns:
# 385-413
name=unknown_L
#
# <colnr> <probs for GDERKNQSTAVLIFYWHMCP>
#	G	D	E	R	K	N	Q	S	T	A	V	L	I	F	Y	W	H	M	C	P
0	0.04888	0.05341	0.11054	0.10335	0.01708	0.01115	0.01018	0.08256	0.10642	0.19073	0.03752	0.03663	0.02699	0.00745	0.01965	0.02010	0.03434	0.00523	0.00429	0.07351
1	0.03193	0.01534	0.09869	0.12118	0.10231	0.08831	0.22173	0.11413	0.01371	0.01835	0.01161	0.03038	0.02663	0.00579	0.00616	0.00170	0.04874	0.00529	0.00309	0.03495
2	0.04972	0.01514	0.06375	0.07554	0.16003	0.16424	0.16725	0.01788	0.05960	0.05590	0.04647	0.03372	0.01186	0.00621	0.00573	0.00170	0.02102	0.03384	0.00333	0.00706
3	0.04426	0.00835	0.01099	0.01020	0.03669	0.03926	0.07841	0.01146	0.02876	0.01524	0.05333	0.28323	0.06433	0.10660	0.02437	0.00232	0.04689	0.00905	0.00394	0.12230
4	0.01179	0.01010	0.03014	0.01092	0.01420	0.00930	0.10691	0.17179	0.01441	0.02011	0.06611	0.20373	0.01871	0.00953	0.02585	0.00179	0.00517	0.04274	0.00425	0.22247
5	0.00893	0.00729	0.01006	0.00933	0.01031	0.02860	0.03876	0.01062	0.00910	0.01313	0.01461	0.02182	0.03018	0.13759	0.44527	0.00608	0.11540	0.00593	0.07214	0.00487
6	0.01028	0.00971	0.01627	0.74815	0.05711	0.01211	0.01484	0.01376	0.01068	0.01379	0.00947	0.01419	0.00719	0.00550	0.00581	0.00180	0.03613	0.00477	0.00239	0.00603
7	0.01091	0.05921	0.75335	0.01506	0.02285	0.01282	0.01941	0.01696	0.01132	0.01682	0.00955	0.01122	0.00680	0.00508	0.00503	0.00168	0.00785	0.00392	0.00227	0.00789
8	0.00770	0.00563	0.00799	0.00799	0.00873	0.00637	0.00592	0.00918	0.00844	0.01199	0.01496	0.02429	0.01481	0.21605	0.61619	0.00785	0.01229	0.00622	0.00296	0.00444
9	0.00865	0.00618	0.00865	0.00989	0.01112	0.00618	0.00865	0.01112	0.01236	0.01606	0.02842	0.06055	0.03089	0.01483	0.00741	0.00247	0.00494	0.74174	0.00494	0.00494
10	0.01179	0.00993	0.01148	0.00826	0.01300	0.00783	0.00663	0.06638	0.01213	0.01865	0.00978	0.01126	0.00803	0.00415	0.00407	0.00085	0.00411	0.00330	0.00334	0.78503
11	0.01894	0.01310	0.01451	0.01129	0.01529	0.01391	0.00921	0.55643	0.02178	0.11355	0.01483	0.07556	0.01155	0.00707	0.00537	0.00159	0.00538	0.00557	0.00529	0.07979
12	0.01320	0.00781	0.00949	0.00812	0.01061	0.00747	0.00638	0.10706	0.05161	0.20456	0.33430	0.04772	0.15002	0.00973	0.00596	0.00171	0.00356	0.00827	0.00583	0.00661
13	0.00932	0.00466	0.00699	0.00699	0.00699	0.00466	0.00466	0.00699	0.00699	0.00932	0.00932	0.01632	0.00932	0.01865	0.02098	0.84382	0.00466	0.00466	0.00233	0.00233
14	0.01267	0.01448	0.03167	0.02262	0.02805	0.01357	0.75837	0.01719	0.01267	0.01719	0.01086	0.01448	0.00814	0.00452	0.00633	0.00181	0.00905	0.00633	0.00271	0.00724
15	0.01797	0.01350	0.04712	0.04001	0.01612	0.02843	0.00987	0.45636	0.06851	0.11747	0.01548	0.08315	0.01229	0.02142	0.00617	0.00177	0.02514	0.00587	0.00509	0.00827
16	0.00781	0.00520	0.00585	0.00585	0.00585	0.00520	0.00325	0.00781	0.00781	0.01041	0.01691	0.03513	0.01952	0.81135	0.02732	0.00520	0.00520	0.00781	0.00325	0.00325
17	0.00743	0.00548	0.00694	0.00658	0.00792	0.00499	0.00493	0.00981	0.01480	0.02059	0.67861	0.04164	0.14766	0.01132	0.00633	0.00170	0.00256	0.00992	0.00579	0.00499
18	0.01443	0.01207	0.01274	0.01114	0.01437	0.01385	0.00876	0.14020	0.65474	0.02419	0.02048	0.01894	0.01528	0.00715	0.00545	0.00179	0.00450	0.00588	0.00545	0.00859
19	0.01143	0.01131	0.01582	0.01369	0.01371	0.01570	0.01133	0.01258	0.00835	0.01297	0.00843	0.06051	0.00879	0.00985	0.01696	0.00234	0.75262	0.00534	0.00251	0.00578
20	0.01068	0.01009	0.01707	0.66752	0.16369	0.01207	0.01518	0.01419	0.01099	0.01437	0.00964	0.01414	0.00739	0.00527	0.00536	0.00176	0.00702	0.00477	0.00243	0.00640
21	0.00655	0.00539	0.00577	0.00580	0.00741	0.00460	0.00430	0.00806	0.01254	0.01553	0.16472	0.10946	0.60437	0.01344	0.00638	0.00182	0.00272	0.01139	0.00513	0.00460
22	0.00894	0.00773	0.00947	0.01016	0.05894	0.05508	0.03377	0.03460	0.01102	0.01427	0.02513	0.42503	0.09780	0.12703	0.01002	0.00247	0.04823	0.01116	0.00423	0.00495
23	0.00697	0.00514	0.00646	0.00679	0.00771	0.00470	0.00480	0.00857	0.01243	0.01678	0.32611	0.35054	0.16290	0.04574	0.00738	0.00205	0.00290	0.01213	0.00528	0.00462
24	0.06119	0.01156	0.02159	0.42566	0.03114	0.01273	0.29900	0.01514	0.01129	0.01564	0.00983	0.01395	0.00745	0.00517	0.00606	0.00181	0.03653	0.00526	0.00257	0.00644
25	0.03623	0.07879	0.01334	0.02458	0.08854	0.00967	0.00808	0.08809	0.01429	0.20272	0.14035	0.02109	0.08044	0.00698	0.00513	0.00146	0.00442	0.00577	0.00468	0.16538
26	0.01692	0.01381	0.06204	0.01246	0.04799	0.01388	0.01008	0.48711	0.07948	0.04300	0.01545	0.11493	0.01294	0.00759	0.00550	0.00168	0.00547	0.00616	0.00497	0.03856
27	0.05057	0.47840	0.11570	0.00968	0.01424	0.01634	0.00974	0.04092	0.01217	0.07610	0.08982	0.01326	0.01205	0.00554	0.00418	0.00134	0.00545	0.00400	0.00319	0.03731
28	0.04550	0.35512	0.13039	0.01211	0.03149	0.04050	0.08578	0.07584	0.01297	0.09674	0.03253	0.01207	0.00915	0.00523	0.00450	0.00142	0.00620	0.00406	0.00322	0.03517

[dist]
# distance from previous block
# <min> <max>
2	12

[block]
# block no. 12 follows, 45 sequences, length 28
# corresponding to MSA columns:
# 426-453
name=unknown_M
#
# <colnr> <probs for GDERKNQSTAVLIFYWHMCP>
#	G	D	E	R	K	N	Q	S	T	A	V	L	I	F	Y	W	H	M	C	P
0	0.06122	0.07798	0.08195	0.03817	0.11470	0.20495	0.02219	0.06906	0.08562	0.01803	0.09608	0.01703	0.01397	0.00738	0.02508	0.00179	0.02409	0.03026	0.00355	0.00690
