[name]
unknown

[dist]
# distance from previous block
# <min> <max>
9	212

[block]
# block no. 0 follows, 44 sequences, length 54
# corresponding to MSA columns:
# 225-278
name=unknown_A
#
# <colnr> <probs for GDERKNQSTAVLIFYWHMCP>
#	G	D	E	R	K	N	Q	S	T	A	V	L	I	F	Y	W	H	M	C	P
0	0.05180	0.09578	0.21496	0.01510	0.11736	0.07532	0.01291	0.13960	0.03832	0.01942	0.01056	0.01272	0.00845	0.02567	0.03316	0.00192	0.05157	0.00429	0.00319	0.06789
1	0.05392	0.14705	0.17124	0.01649	0.17054	0.06912	0.03428	0.09971	0.07000	0.01905	0.01110	0.01333	0.00894	0.00551	0.00491	0.00154	0.00646	0.02176	0.00322	0.07184
2	0.03001	0.01515	0.14639	0.04813	0.12613	0.08453	0.01172	0.07525	0.05869	0.18401	0.01389	0.03490	0.01041	0.00594	0.00515	0.00156	0.00602	0.00484	0.01948	0.11781
3	0.08392	0.03291	0.01577	0.08926	0.27972	0.06078	0.01120	0.01662	0.05294	0.04826	0.05502	0.02650	0.01152	0.00555	0.00495	0.00147	0.00556	0.00475	0.00339	0.18991
4	0.08933	0.02923	0.01948	0.16799	0.29907	0.01306	0.11822	0.05554	0.09480	0.01895	0.02371	0.01503	0.02050	0.00553	0.00538	0.00171	0.00642	0.00518	0.00325	0.00760
5	0.03452	0.01134	0.04906	0.34939	0.14883	0.01180	0.04407	0.08162	0.04302	0.06218	0.08155	0.01763	0.02907	0.00625	0.00553	0.00175	0.00627	0.00552	0.00353	0.00707
6	0.03054	0.01584	0.23131	0.12120	0.13751	0.01182	0.13184	0.04439	0.04532	0.03379	0.07034	0.03529	0.01300	0.00712	0.02436	0.00194	0.00703	0.02673	0.00327	0.00735
7	0.01076	0.00886	0.01038	0.06855	0.01328	0.00973	0.00758	0.03161	0.36234	0.02140	0.30471	0.06187	0.04786	0.00922	0.00595	0.00181	0.00382	0.00796	0.00545	0.00685
8	0.00822	0.00647	0.00750	0.00744	0.00894	0.00636	0.00549	0.01231	0.14513	0.01800	0.25686	0.19837	0.22836	0.04164	0.00719	0.00202	0.00320	0.02573	0.00536	0.00540
9	0.01508	0.62264	0.09377	0.01016	0.01490	0.06859	0.01020	0.01726	0.01178	0.06105	0.02614	0.01040	0.00841	0.00505	0.00393	0.00128	0.00614	0.00337	0.00272	0.00715
10	0.00664	0.00474	0.00633	0.00759	0.00791	0.00443	0.00506	0.00759	0.01044	0.01392	0.03005	0.80485	0.03606	0.01708	0.00696	0.00221	0.00316	0.01550	0.00506	0.00443
11	0.84691	0.01054	0.00801	0.00717	0.01054	0.01223	0.00590	0.01603	0.00928	0.02446	0.00759	0.00886	0.00590	0.00506	0.00337	0.00169	0.00422	0.00295	0.00337	0.00590
12	0.16094	0.03882	0.01458	0.01274	0.01554	0.55791	0.00981	0.04490	0.01415	0.01593	0.00833	0.00990	0.00692	0.00581	0.00555	0.00152	0.06383	0.00354	0.00296	0.00634
13	0.76204	0.01207	0.07093	0.00796	0.01173	0.01236	0.00715	0.03130	0.00979	0.02408	0.00788	0.00916	0.00605	0.00510	0.00356	0.00169	0.00457	0.00308	0.00333	0.00615
14	0.02047	0.01502	0.01609	0.01236	0.01665	0.01662	0.01020	0.73823	0.02529	0.03402	0.01320	0.01326	0.00939	0.00654	0.00541	0.00163	0.00592	0.00491	0.02561	0.00917
15	0.01210	0.17098	0.51119	0.01546	0.02243	0.01457	0.13012	0.03214	0.01192	0.01682	0.00963	0.01152	0.00718	0.00502	0.00507	0.00164	0.00778	0.00421	0.00244	0.00778
16	0.00753	0.00550	0.00707	0.00682	0.00807	0.00504	0.00506	0.00987	0.01478	0.02065	0.65427	0.10793	0.10332	0.01186	0.00648	0.00177	0.00264	0.01047	0.00585	0.00504
17	0.00722	0.00623	0.03589	0.00695	0.00844	0.00511	0.00539	0.00921	0.01327	0.01777	0.36171	0.21197	0.26479	0.01304	0.00650	0.00186	0.00297	0.01138	0.00537	0.00493
18	0.00849	0.00683	0.00985	0.00946	0.01017	0.00835	0.00737	0.01012	0.00866	0.01259	0.01393	0.04156	0.01361	0.09923	0.56849	0.00719	0.15020	0.00608	0.00292	0.00492
19	0.00708	0.00560	0.00647	0.00662	0.00812	0.00505	0.00508	0.00876	0.01245	0.01574	0.15747	0.08476	0.46122	0.03842	0.05747	0.00247	0.00387	0.10362	0.00501	0.00471
20	0.01195	0.01074	0.01491	0.01069	0.01562	0.00873	0.12845	0.04549	0.01216	0.01841	0.01005	0.01193	0.00816	0.00423	0.00449	0.00101	0.00496	0.00382	0.00325	0.67093
21	0.01096	0.01060	0.01683	0.69768	0.10249	0.04159	0.01511	0.01448	0.01121	0.01425	0.00969	0.01426	0.00738	0.00540	0.00543	0.00178	0.00729	0.00480	0.00246	0.00630
22	0.00774	0.00523	0.00598	0.00612	0.00621	0.00517	0.00353	0.00789	0.00835	0.01108	0.01976	0.12459	0.04343	0.69447	0.02474	0.00483	0.00497	0.00890	0.00356	0.00347
23	0.00703	0.00518	0.00646	0.00695	0.00781	0.00475	0.00488	0.00847	0.01205	0.01606	0.23550	0.38936	0.17728	0.06682	0.00810	0.00222	0.00311	0.02819	0.00520	0.00459
24	0.01745	0.03017	0.05956	0.01142	0.03726	0.05515	0.00944	0.24134	0.05207	0.17220	0.01353	0.01363	0.00977	0.00568	0.00496	0.00140	0.00543	0.00442	0.00459	0.25055
25	0.01022	0.00788	0.01092	0.17068	0.01559	0.00870	0.02752	0.09946	0.01116	0.01506	0.01422	0.02419	0.01388	0.27770	0.18674	0.04055	0.00788	0.02726	0.00329	0.02710
26	0.02963	0.44558	0.24095	0.01282	0.01843	0.05567	0.09649	0.01698	0.01158	0.01486	0.00864	0.01026	0.00709	0.00486	0.00437	0.00142	0.00701	0.00366	0.00242	0.00728
27	0.01342	0.26165	0.08212	0.07420	0.12282	0.01552	0.27950	0.01689	0.01215	0.04031	0.02546	0.01310	0.00880	0.00496	0.00519	0.00158	0.00729	0.00488	0.00275	0.00739
28	0.03816	0.01265	0.01463	0.01124	0.01552	0.01306	0.00928	0.43355	0.02108	0.34862	0.01654	0.01532	0.01099	0.00660	0.00543	0.00166	0.00539	0.00511	0.00596	0.00921
29	0.00993	0.00523	0.00747	0.00731	0.00757	0.00532	0.00500	0.03948	0.00809	0.01099	0.01004	0.01668	0.00972	0.01856	0.04026	0.75497	0.00498	0.00478	0.03080	0.00282
30	0.05323	0.12154	0.24729	0.09291	0.13846	0.07248	0.03383	0.03803	0.09979	0.03582	0.01120	0.01283	0.00857	0.00543	0.00501	0.00163	0.00685	0.00437	0.00305	0.00769
31	0.00857	0.00509	0.00692	0.00701	0.00725	0.00523	0.00467	0.00802	0.00803	0.01106	0.01437	0.08269	0.01526	0.24442	0.14853	0.37193	0.00633	0.00665	0.03468	0.00331
32	0.00775	0.00518	0.00605	0.00631	0.00645	0.00514	0.00376	0.00808	0.00860	0.01168	0.01980	0.19325	0.02280	0.59724	0.03953	0.00458	0.00495	0.00933	0.03589	0.00364
33	0.01430	0.33720	0.19279	0.01385	0.05006	0.14709	0.05384	0.01718	0.01176	0.01441	0.00847	0.01043	0.00714	0.00549	0.00595	0.00152	0.09522	0.00375	0.00245	0.00709
34	0.00794	0.00590	0.00863	0.00860	0.00951	0.00685	0.00663	0.00979	0.00885	0.01288	0.01500	0.03842	0.01424	0.07138	0.69313	0.00807	0.03032	0.00609	0.03296	0.00482
35	0.00664	0.00477	0.00630	0.00752	0.00789	0.00443	0.00503	0.00760	0.01051	0.01394	0.03090	0.77940	0.06095	0.01697	0.00694	0.00220	0.00315	0.01536	0.00506	0.00443
36	0.01687	0.47436	0.02297	0.01136	0.01516	0.33210	0.00988	0.01846	0.01279	0.01304	0.00791	0.00926	0.00701	0.00516	0.00440	0.00129	0.02555	0.00320	0.00253	0.00670
37	0.01513	0.01487	0.01935	0.07141	0.43545	0.12851	0.03147	0.10197	0.09251	0.01929	0.01153	0.01371	0.00921	0.00545	0.00538	0.00163	0.00681	0.00484	0.00331	0.00818
38	0.03657	0.02000	0.12856	0.10156	0.06305	0.12862	0.04700	0.03196	0.05751	0.02093	0.01525	0.02039	0.01332	0.01064	0.01185	0.00295	0.26895	0.00644	0.00474	0.00971
39	0.01261	0.00990	0.00997	0.00972	0.01197	0.00824	0.00686	0.01233	0.01591	0.02014	0.05684	0.05669	0.70814	0.01686	0.00878	0.00288	0.00490	0.01273	0.00684	0.00771
40	0.01088	0.00924	0.01085	0.00803	0.01246	0.00701	0.00633	0.01317	0.01123	0.01741	0.01154	0.08348	0.01062	0.00522	0.00430	0.00094	0.00396	0.00435	0.00340	0.76558
41	0.00954	0.00519	0.00794	0.07879	0.00987	0.00541	0.00568	0.00772	0.00745	0.00988	0.00949	0.01639	0.00927	0.01771	0.01986	0.76502	0.00497	0.00474	0.00237	0.00270
42	0.09030	0.01324	0.01282	0.04001	0.04248	0.10623	0.00912	0.02589	0.53439	0.03857	0.01831	0.01753	0.01381	0.00679	0.00526	0.00177	0.00516	0.00544	0.00483	0.00803
43	0.01008	0.00929	0.01541	0.72351	0.03467	0.01149	0.01406	0.01338	0.01063	0.01362	0.01037	0.01646	0.00841	0.07848	0.00748	0.00213	0.00709	0.00513	0.00250	0.00581
44	0.01216	0.01020	0.01176	0.00848	0.01328	0.00814	0.00681	0.08126	0.01261	0.01927	0.01000	0.01147	0.00818	0.00427	0.00417	0.00088	0.00422	0.00338	0.00343	0.76602
45	0.01305	0.04103	0.07618	0.01080	0.01412	0.01274	0.00915	0.05071	0.54538	0.02181	0.02025	0.03864	0.01578	0.00739	0.00536	0.00178	0.00457	0.02232	0.08091	0.00804
46	0.00675	0.00567	0.00589	0.00596	0.00768	0.00492	0.00442	0.00862	0.03930	0.01513	0.07040	0.12495	0.65378	0.01383	0.00646	0.00187	0.00285	0.01166	0.00510	0.00474
47	0.01081	0.01018	0.01603	0.61834	0.03228	0.01286	0.01411	0.01519	0.07910	0.01463	0.01048	0.01471	0.00811	0.00618	0.00714	0.00190	0.11401	0.00495	0.00270	0.00628
48	0.00762	0.00550	0.00720	0.00693	0.00812	0.00508	0.00514	0.01004	0.01498	0.02114	0.70408	0.11022	0.05004	0.01169	0.00648	0.00176	0.00263	0.01037	0.00592	0.00508
49	0.00779	0.00532	0.00597	0.00597	0.00616	0.00526	0.00346	0.00796	0.00836	0.01099	0.02058	0.03689	0.08811	0.71941	0.04235	0.00505	0.00526	0.00821	0.00346	0.00346
50	0.73771	0.01004	0.00813	0.00724	0.01046	0.01142	0.00592	0.01593	0.01009	0.05436	0.07763	0.01214	0.01035	0.00568	0.00374	0.00169	0.00408	0.00368	0.00375	0.00597
51	0.01040	0.01001	0.03027	0.63286	0.10883	0.01173	0.01464	0.01389	0.01087	0.01426	0.01020	0.01500	0.00798	0.00861	0.07651	0.00243	0.00787	0.00492	0.00249	0.00624
52	0.01947	0.04485	0.01618	0.01207	0.01626	0.01626	0.00996	0.65412	0.05221	0.03193	0.01374	0.04156	0.01039	0.00682	0.00540	0.00163	0.00578	0.00522	0.00527	0.03088
53	0.04201	0.00680	0.00746	0.00672	0.00849	0.00694	0.00515	0.08106	0.01319	0.08904	0.10871	0.02251	0.01805	0.06482	0.00643	0.00172	0.01969	0.00580	0.47964	0.00577

[dist]
# distance from previous block
# <min> <max>
1	8

[block]
# block no. 1 follows, 44 sequences, length 101
# corresponding to MSA columns:
# 325-425
name=unknown_B
#
# <colnr> <probs for GDERKNQSTAVLIFYWHMCP>
#	G	D	E	R	K	N	Q	S	T	A	V	L	I	F	Y	W	H	M	C	P
0	0.01130	0.00969	0.01130	0.00807	0.01292	0.00727	0.00646	0.01373	0.01130	0.01776	0.00969	0.01130	0.00807	0.00404	0.00404	0.00081	0.00404	0.00323	0.00323	0.84173
1	0.01030	0.00969	0.01635	0.79530	0.03755	0.01211	0.01514	0.01393	0.01090	0.01393	0.00969	0.01453	0.00727	0.00545	0.00545	0.00182	0.00727	0.00484	0.00242	0.00606
2	0.01427	0.74534	0.09221	0.00985	0.01481	0.02082	0.01024	0.01640	0.01111	0.01320	0.00777	0.00898	0.00699	0.00471	0.00364	0.00121	0.00602	0.00301	0.00233	0.00709
3	0.01373	0.01147	0.01227	0.01092	0.01395	0.01309	0.00857	0.10006	0.61521	0.02369	0.07276	0.02232	0.01875	0.00781	0.00566	0.00184	0.00439	0.02962	0.00555	0.00834
4	0.01016	0.00508	0.00508	0.00508	0.00635	0.00508	0.00381	0.01270	0.01143	0.02033	0.01778	0.02033	0.01397	0.00635	0.00381	0.00127	0.00254	0.00508	0.83867	0.00508
5	0.00779	0.00584	0.00876	0.00876	0.00974	0.00681	0.00681	0.00974	0.00876	0.01266	0.01460	0.02142	0.01363	0.04089	0.78680	0.00876	0.01460	0.00584	0.00292	0.00487
6	0.00751	0.00556	0.00701	0.00665	0.00802	0.00506	0.00498	0.00990	0.01495	0.02072	0.65726	0.04260	0.16641	0.01157	0.00643	0.00173	0.00260	0.01012	0.00585	0.00506
7	0.05402	0.00932	0.01249	0.00961	0.01380	0.00816	0.00794	0.02619	0.01538	0.75108	0.02101	0.01821	0.01322	0.00669	0.00541	0.00169	0.00462	0.00539	0.00663	0.00916
8	0.01833	0.18611	0.01853	0.01185	0.01591	0.05832	0.01003	0.45712	0.09656	0.02667	0.01237	0.01268	0.00934	0.00629	0.00548	0.00157	0.03535	0.00453	0.00454	0.00844
9	0.01411	0.04963	0.32731	0.01329	0.04357	0.01154	0.04455	0.09305	0.01361	0.12282	0.02534	0.01320	0.00922	0.00533	0.00501	0.00149	0.00630	0.00433	0.00354	0.19277
10	0.84691	0.01054	0.00801	0.00717	0.01054	0.01223	0.00590	0.01603	0.00928	0.02446	0.00759	0.00886	0.00590	0.00506	0.00337	0.00169	0.00422	0.00295	0.00337	0.00590
11	0.00721	0.00520	0.00671	0.00767	0.00823	0.00493	0.00523	0.03546	0.01130	0.01507	0.06445	0.71330	0.06223	0.01630	0.00686	0.00216	0.00323	0.01470	0.00512	0.00465
12	0.01328	0.01086	0.01285	0.01076	0.03481	0.01060	0.03254	0.02180	0.36091	0.06730	0.01628	0.01612	0.01241	0.00580	0.00494	0.00140	0.00444	0.00488	0.00449	0.35352
13	0.01398	0.20738	0.27456	0.01461	0.04924	0.03115	0.12048	0.03110	0.04028	0.09321	0.02729	0.01305	0.00924	0.00544	0.00533	0.00159	0.02664	0.00450	0.00313	0.02781
14	0.00673	0.00481	0.00642	0.00769	0.00804	0.00450	0.00521	0.00774	0.01052	0.01401	0.03000	0.77511	0.03587	0.01700	0.00698	0.00223	0.00324	0.04439	0.00506	0.00445
15	0.01129	0.00962	0.03755	0.09266	0.14946	0.00938	0.00945	0.07389	0.09647	0.04853	0.24920	0.02817	0.12716	0.00857	0.00584	0.00172	0.00449	0.00743	0.02237	0.00674
16	0.00779	0.00584	0.00876	0.00876	0.00974	0.00681	0.00681	0.00974	0.00876	0.01266	0.01460	0.02142	0.01363	0.04089	0.78680	0.00876	0.01460	0.00584	0.00292	0.00487
17	0.02072	0.01527	0.01636	0.01254	0.01691	0.01691	0.01036	0.75622	0.02563	0.03436	0.01309	0.01309	0.00927	0.00654	0.00545	0.00164	0.00600	0.00491	0.00545	0.00927
18	0.84691	0.01054	0.00801	0.00717	0.01054	0.01223	0.00590	0.01603	0.00928	0.02446	0.00759	0.00886	0.00590	0.00506	0.00337	0.00169	0.00422	0.00295	0.00337	0.00590
19	0.00844	0.00679	0.01000	0.00963	0.01045	0.00836	0.00762	0.01027	0.00870	0.01273	0.01344	0.01993	0.01262	0.03598	0.66636	0.00776	0.13738	0.00567	0.00284	0.00504
20	0.01264	0.01380	0.02858	0.12201	0.14808	0.01344	0.54420	0.01690	0.01255	0.01707	0.01074	0.01449	0.00820	0.00474	0.00615	0.00180	0.00852	0.00598	0.00271	0.00739
21	0.01119	0.00956	0.01118	0.00804	0.01277	0.00720	0.00642	0.01362	0.01144	0.01790	0.03399	0.01224	0.00946	0.00426	0.00411	0.00084	0.00399	0.00344	0.00332	0.81505
22	0.01255	0.07981	0.04481	0.01366	0.01495	0.07644	0.03671	0.01446	0.02616	0.01373	0.00884	0.03817	0.00851	0.00939	0.03346	0.00228	0.53569	0.00493	0.00261	0.02284
23	0.02308	0.00928	0.01246	0.00957	0.01371	0.00806	0.00788	0.04135	0.01561	0.69535	0.05049	0.01897	0.01465	0.00679	0.00545	0.00164	0.00456	0.00554	0.00652	0.04906
24	0.00889	0.00746	0.01087	0.01023	0.01095	0.00944	0.00817	0.01063	0.00865	0.01278	0.01263	0.01890	0.01191	0.03258	0.58291	0.00707	0.22245	0.00556	0.00278	0.00516
25	0.01953	0.01456	0.01562	0.01223	0.01633	0.01615	0.01001	0.65861	0.09832	0.03252	0.01457	0.04083	0.01092	0.00699	0.00551	0.00168	0.00574	0.00539	0.00545	0.00904
26	0.00947	0.00473	0.00710	0.00710	0.00710	0.00473	0.00473	0.00710	0.00710	0.00947	0.00947	0.01657	0.00947	0.01894	0.02131	0.84138	0.00473	0.00473	0.00237	0.00237
27	0.01490	0.73953	0.02740	0.00977	0.01419	0.07298	0.00947	0.01661	0.01131	0.01287	0.00763	0.00890	0.00700	0.00485	0.00394	0.00121	0.02515	0.00300	0.00237	0.00693
28	0.01380	0.56425	0.23568	0.01123	0.01676	0.04928	0.01236	0.01680	0.01137	0.01407	0.00822	0.00955	0.00697	0.00484	0.00402	0.00133	0.00660	0.00325	0.00234	0.00726
29	0.00793	0.00562	0.00723	0.00721	0.00758	0.00608	0.00483	0.00870	0.00831	0.01148	0.01633	0.04907	0.01766	0.48845	0.30631	0.00642	0.02635	0.00728	0.00319	0.00397
30	0.01176	0.00975	0.01138	0.00823	0.01299	0.00752	0.00658	0.01465	0.03933	0.03918	0.01048	0.01184	0.00854	0.00424	0.00413	0.00087	0.00406	0.00340	0.00341	0.78763
31	0.01011	0.00840	0.00997	0.00771	0.01144	0.00656	0.00602	0.01242	0.01209	0.01819	0.16069	0.07044	0.04889	0.00666	0.00479	0.00112	0.00364	0.00565	0.00396	0.59124
32	0.00664	0.00474	0.00633	0.00759	0.00791	0.00443	0.00506	0.00759	0.01044	0.01392	0.03005	0.80485	0.03606	0.01708	0.00696	0.00221	0.00316	0.01550	0.00506	0.00443
33	0.01367	0.01346	0.02210	0.04881	0.70175	0.04348	0.04297	0.01690	0.01252	0.01754	0.01020	0.01341	0.00853	0.00489	0.00542	0.00162	0.00672	0.00486	0.00270	0.00844
34	0.01398	0.47041	0.23367	0.01203	0.01738	0.05153	0.04389	0.01708	0.01150	0.03955	0.00881	0.01025	0.00725	0.00511	0.00478	0.00142	0.03798	0.00355	0.00251	0.00731
35	0.00650	0.00552	0.00562	0.00567	0.00746	0.00464	0.00427	0.00790	0.01238	0.01474	0.05401	0.07142	0.73738	0.01392	0.00648	0.00187	0.00282	0.02774	0.00506	0.00461
36	0.00677	0.00492	0.00669	0.03590	0.00897	0.00470	0.00542	0.00782	0.01045	0.01392	0.02932	0.77644	0.03502	0.01666	0.00690	0.00220	0.00331	0.01512	0.00497	0.00449
37	0.01374	0.34956	0.21298	0.01719	0.19781	0.01631	0.04311	0.01733	0.02406	0.04693	0.00971	0.01139	0.00784	0.00497	0.00460	0.00147	0.00660	0.00395	0.00266	0.00778
38	0.02144	0.00969	0.05118	0.00965	0.01361	0.00780	0.00823	0.02367	0.01492	0.63836	0.04629	0.07979	0.03426	0.00777	0.00563	0.00173	0.00459	0.00646	0.00633	0.00860
39	0.00751	0.00554	0.00702	0.00670	0.00803	0.00505	0.00501	0.00988	0.01489	0.02068	0.65402	0.06364	0.14842	0.01167	0.00645	0.00175	0.00261	0.01024	0.00585	0.00505
40	0.01131	0.01097	0.01579	0.01356	0.01391	0.01481	0.04019	0.01271	0.00868	0.01339	0.00904	0.03263	0.00894	0.02821	0.09272	0.00302	0.63637	0.00527	0.02267	0.00580
41	0.01270	0.06841	0.30416	0.06691	0.37651	0.04426	0.01721	0.01695	0.01203	0.01690	0.00981	0.01237	0.00775	0.00503	0.00518	0.00163	0.00720	0.00437	0.00252	0.00808
42	0.02183	0.00963	0.03831	0.00978	0.01377	0.00809	0.00830	0.02457	0.04003	0.64284	0.06853	0.02185	0.01662	0.00739	0.00563	0.00174	0.00463	0.04127	0.00643	0.00875
43	0.00676	0.00484	0.00635	0.00742	0.00783	0.00451	0.00497	0.00778	0.01069	0.01428	0.07575	0.70655	0.05466	0.05010	0.00779	0.00230	0.00321	0.01473	0.00504	0.00443
44	0.01130	0.00969	0.01130	0.00807	0.01292	0.00727	0.00646	0.01373	0.01130	0.01776	0.00969	0.01130	0.00807	0.00404	0.00404	0.00081	0.00404	0.00323	0.00323	0.84173
45	0.80198	0.01149	0.04951	0.00762	0.01124	0.01225	0.00667	0.01609	0.00940	0.02407	0.00771	0.00900	0.00596	0.00507	0.00347	0.00169	0.00442	0.00301	0.00332	0.00602
46	0.02052	0.01517	0.01624	0.01250	0.01683	0.01681	0.01031	0.73502	0.04717	0.03402	0.01335	0.01330	0.00949	0.00657	0.00546	0.00164	0.00595	0.00494	0.00546	0.00925
47	0.01347	0.01206	0.01588	0.27213	0.11574	0.06204	0.01235	0.16867	0.02850	0.01867	0.01104	0.01450	0.00887	0.01023	0.09642	0.00258	0.10514	0.00491	0.01985	0.00694
48	0.00793	0.00529	0.00595	0.00595	0.00595	0.00529	0.00330	0.00793	0.00793	0.01057	0.01718	0.03568	0.01982	0.80840	0.02775	0.00529	0.00529	0.00793	0.00330	0.00330
49	0.02037	0.02598	0.01545	0.01404	0.01685	0.78652	0.01053	0.02177	0.01545	0.01334	0.00843	0.00983	0.00702	0.00562	0.00492	0.00140	0.00983	0.00351	0.00281	0.00632
50	0.02018	0.01500	0.01605	0.01243	0.01670	0.01665	0.01023	0.70098	0.08175	0.03348	0.01378	0.01364	0.00983	0.00661	0.00546	0.00165	0.00587	0.00500	0.00546	0.00922
51	0.00676	0.00483	0.00643	0.00751	0.00793	0.00451	0.00507	0.00788	0.01098	0.01477	0.11001	0.72244	0.03772	0.01644	0.00690	0.00216	0.00310	0.01489	0.00516	0.00451
52	0.00667	0.00478	0.00633	0.00753	0.00790	0.00445	0.00504	0.00766	0.01061	0.01414	0.04945	0.76865	0.05287	0.01686	0.00693	0.00219	0.00314	0.01527	0.00508	0.00445
53	0.00664	0.00474	0.00633	0.00759	0.00791	0.00443	0.00506	0.00759	0.01044	0.01392	0.03005	0.80485	0.03606	0.01708	0.00696	0.00221	0.00316	0.01550	0.00506	0.00443
54	0.02037	0.02598	0.01545	0.01404	0.01685	0.78652	0.01053	0.02177	0.01545	0.01334	0.00843	0.00983	0.00702	0.00562	0.00492	0.00140	0.00983	0.00351	0.00281	0.00632
55	0.01030	0.00969	0.01635	0.79530	0.03755	0.01211	0.01514	0.01393	0.01090	0.01393	0.00969	0.01453	0.00727	0.00545	0.00545	0.00182	0.00727	0.00484	0.00242	0.00606
56	0.00779	0.00584	0.00876	0.00876	0.00974	0.00681	0.00681	0.00974	0.00876	0.01266	0.01460	0.02142	0.01363	0.04089	0.78680	0.00876	0.01460	0.00584	0.00292	0.00487
57	0.01387	0.01419	0.03816	0.03147	0.68497	0.06367	0.03993	0.01710	0.01261	0.01750	0.01015	0.01325	0.00848	0.00491	0.00539	0.00161	0.00682	0.00480	0.00270	0.00843
58	0.53003	0.03803	0.01011	0.00823	0.01163	0.01237	0.00676	0.09388	0.09478	0.06842	0.01259	0.01305	0.03356	0.00590	0.00407	0.00167	0.00437	0.00403	0.03982	0.00671
59	0.73884	0.01055	0.00873	0.00758	0.01107	0.01194	0.00625	0.03868	0.01040	0.10172	0.00917	0.00997	0.00678	0.00528	0.00365	0.00169	0.00431	0.00327	0.00378	0.00635
60	0.01956	0.10888	0.01702	0.01273	0.01635	0.36633	0.01018	0.28590	0.05958	0.03657	0.01102	0.01163	0.00848	0.00596	0.00500	0.00149	0.00760	0.00413	0.00394	0.00764
61	0.01458	0.81168	0.02857	0.00933	0.01399	0.02157	0.00933	0.01632	0.01108	0.01283	0.00758	0.00875	0.00700	0.00466	0.00350	0.00117	0.00583	0.00292	0.00233	0.00700
62	0.00839	0.00653	0.00878	0.00873	0.00979	0.03516	0.00676	0.01036	0.00917	0.01316	0.01457	0.02093	0.01341	0.03746	0.70968	0.00803	0.01368	0.00571	0.05477	0.00493
63	0.00820	0.00568	0.00744	0.00694	0.00831	0.00523	0.00523	0.01076	0.01544	0.04391	0.74966	0.04008	0.05033	0.01102	0.00640	0.00171	0.00263	0.00973	0.00602	0.00526
64	0.50132	0.01142	0.01083	0.00890	0.01266	0.01255	0.00734	0.19169	0.01428	0.16579	0.01145	0.01164	0.00809	0.00572	0.00425	0.00167	0.00471	0.00388	0.00448	0.00732
65	0.00947	0.00473	0.00710	0.00710	0.00710	0.00473	0.00473	0.00710	0.00710	0.00947	0.00947	0.01657	0.00947	0.01894	0.02131	0.84138	0.00473	0.00473	0.00237	0.00237
66	0.01193	0.01193	0.01670	0.01431	0.01431	0.01670	0.01193	0.01312	0.00835	0.01312	0.00716	0.01193	0.00716	0.00954	0.01789	0.00239	0.79843	0.00477	0.00239	0.00596
67	0.02306	0.01152	0.01404	0.01076	0.01503	0.01134	0.00889	0.29940	0.01935	0.50004	0.01836	0.01651	0.01192	0.00667	0.00547	0.00167	0.00515	0.00527	0.00626	0.00928
68	0.01458	0.81168	0.02857	0.00933	0.01399	0.02157	0.00933	0.01632	0.01108	0.01283	0.00758	0.00875	0.00700	0.00466	0.00350	0.00117	0.00583	0.00292	0.00233	0.00700
69	0.01443	0.78034	0.05864	0.00958	0.01438	0.02122	0.00976	0.01636	0.01109	0.01300	0.00767	0.00886	0.00699	0.00468	0.00357	0.00119	0.00592	0.00296	0.00233	0.00704
70	0.01108	0.05954	0.75009	0.01529	0.02321	0.01302	0.01971	0.01723	0.01149	0.01709	0.00970	0.01140	0.00691	0.00516	0.00511	0.00170	0.00797	0.00398	0.00230	0.00801
71	0.01324	0.01202	0.01958	0.02787	0.60556	0.01161	0.01445	0.01623	0.01227	0.04190	0.01131	0.04454	0.00979	0.00528	0.00526	0.00152	0.00592	0.00505	0.00300	0.13359
72	0.00670	0.00484	0.00634	0.00742	0.00789	0.00448	0.00501	0.00777	0.01087	0.01446	0.07752	0.71193	0.08159	0.01651	0.00689	0.00216	0.00310	0.01491	0.00512	0.00448
73	0.00779	0.00584	0.00876	0.00876	0.00974	0.00681	0.00681	0.00974	0.00876	0.01266	0.01460	0.02142	0.01363	0.04089	0.78680	0.00876	0.01460	0.00584	0.00292	0.00487
74	0.81644	0.01050	0.00818	0.00726	0.01067	0.01207	0.00598	0.01642	0.00951	0.05238	0.00811	0.00922	0.00619	0.00512	0.00345	0.00169	0.00423	0.00305	0.00350	0.00603
75	0.01421	0.03292	0.01307	0.00935	0.01391	0.01029	0.00762	0.22121	0.01555	0.04072	0.03909	0.01300	0.01012	0.00508	0.00454	0.00110	0.00459	0.00399	0.00401	0.53562
76	0.01386	0.01248	0.01243	0.01125	0.01427	0.06304	0.00876	0.02801	0.69540	0.02202	0.02149	0.02081	0.01644	0.00750	0.00556	0.00184	0.00469	0.02642	0.00536	0.00838
77	0.01120	0.00971	0.01191	0.00861	0.01333	0.00741	0.03413	0.01366	0.01133	0.01762	0.01043	0.03852	0.00904	0.00450	0.00423	0.00089	0.00420	0.00377	0.00327	0.78224
78	0.01093	0.05372	0.70746	0.01518	0.02276	0.01267	0.03539	0.01686	0.01148	0.01699	0.01054	0.04278	0.00809	0.00562	0.00522	0.00173	0.00781	0.00450	0.00242	0.00786
79	0.00644	0.00552	0.00552	0.00552	0.00736	0.00460	0.00414	0.00782	0.01243	0.01473	0.05523	0.05247	0.77218	0.01381	0.00644	0.00184	0.00276	0.01151	0.00506	0.00460
80	0.02446	0.00928	0.01265	0.00970	0.01392	0.00801	0.00801	0.02657	0.01560	0.77817	0.02151	0.01856	0.01350	0.00675	0.00548	0.00169	0.00464	0.00548	0.00675	0.00928
81	0.02072	0.01527	0.01636	0.01254	0.01691	0.01691	0.01036	0.75622	0.02563	0.03436	0.01309	0.01309	0.00927	0.00654	0.00545	0.00164	0.00600	0.00491	0.00545	0.00927
82	0.00734	0.00535	0.00690	0.00694	0.00802	0.00492	0.00504	0.00940	0.01390	0.01924	0.52326	0.23978	0.10380	0.01289	0.00657	0.00185	0.00274	0.01145	0.00568	0.00492
83	0.01952	0.01467	0.01568	0.01230	0.01645	0.01634	0.01007	0.63379	0.15003	0.03241	0.01462	0.01431	0.01051	0.00669	0.00547	0.00167	0.00572	0.00512	0.00547	0.00916
84	0.00777	0.00522	0.00599	0.00615	0.00619	0.00518	0.00352	0.00789	0.00824	0.01098	0.01875	0.12987	0.02181	0.71149	0.02520	0.00491	0.00503	0.00886	0.00352	0.00344
85	0.84691	0.01054	0.00801	0.00717	0.01054	0.01223	0.00590	0.01603	0.00928	0.02446	0.00759	0.00886	0.00590	0.00506	0.00337	0.00169	0.00422	0.00295	0.00337	0.00590
86	0.01016	0.00508	0.00508	0.00508	0.00635	0.00508	0.00381	0.01270	0.01143	0.02033	0.01778	0.02033	0.01397	0.00635	0.00381	0.00127	0.00254	0.00508	0.83867	0.00508
87	0.01106	0.05530	0.75416	0.01532	0.02326	0.01297	0.01977	0.01723	0.01150	0.01711	0.00971	0.01141	0.00691	0.00516	0.00512	0.00171	0.00798	0.00399	0.00230	0.00802
88	0.01030	0.00969	0.01635	0.79530	0.03755	0.01211	0.01514	0.01393	0.01090	0.01393	0.00969	0.01453	0.00727	0.00545	0.00545	0.00182	0.00727	0.00484	0.00242	0.00606
89	0.01272	0.40892	0.38390	0.01222	0.01850	0.01679	0.01434	0.01667	0.01129	0.01512	0.00871	0.01016	0.00700	0.00488	0.00432	0.00142	0.00681	0.00345	0.00235	0.04043
90	0.00793	0.00529	0.00595	0.00595	0.00595	0.00529	0.00330	0.00793	0.00793	0.01057	0.01718	0.03568	0.01982	0.80840	0.02775	0.00529	0.00529	0.00793	0.00330	0.00330
91	0.00711	0.00504	0.00646	0.00709	0.00760	0.00475	0.00475	0.00827	0.01116	0.01513	0.19621	0.47913	0.05090	0.15766	0.01056	0.00264	0.00340	0.01279	0.00496	0.00439
92	0.00664	0.00474	0.00633	0.00759	0.00791	0.00443	0.00506	0.00759	0.01044	0.01392	0.03005	0.80485	0.03606	0.01708	0.00696	0.00221	0.00316	0.01550	0.00506	0.00443
93	0.01245	0.01189	0.02025	0.28101	0.53496	0.01268	0.01621	0.01582	0.01192	0.01655	0.01007	0.01383	0.00819	0.00505	0.00541	0.00168	0.00673	0.00485	0.00261	0.00780
94	0.01316	0.01321	0.04746	0.05154	0.71167	0.01272	0.01651	0.01647	0.01234	0.01762	0.01130	0.01439	0.02683	0.00510	0.00542	0.00163	0.00646	0.00499	0.00273	0.00845
95	0.01285	0.01230	0.02096	0.18701	0.62589	0.01278	0.01641	0.01617	0.01211	0.01703	0.01014	0.01370	0.00836	0.00498	0.00541	0.00166	0.00664	0.00485	0.00264	0.00812
96	0.01220	0.01109	0.03850	0.01160	0.09156	0.00896	0.02301	0.07067	0.02848	0.01903	0.01075	0.02956	0.00899	0.00472	0.00447	0.00106	0.00466	0.00395	0.00339	0.61336
97	0.03204	0.11894	0.01534	0.03405	0.03957	0.04218	0.00904	0.24208	0.09971	0.08569	0.03076	0.04822	0.01246	0.02811	0.02740	0.00189	0.03616	0.00532	0.05052	0.04052
98	0.01345	0.01446	0.08105	0.03061	0.65452	0.03157	0.03435	0.01732	0.03726	0.01782	0.01059	0.01351	0.00872	0.00498	0.00540	0.00164	0.00667	0.00484	0.00277	0.00850
99	0.01517	0.03335	0.07547	0.05694	0.13953	0.02750	0.01147	0.25402	0.19391	0.02380	0.02837	0.01586	0.02735	0.00630	0.00532	0.00163	0.00570	0.00516	0.00434	0.06880
100	0.03396	0.01298	0.01725	0.01439	0.07508	0.01340	0.12713	0.35733	0.05055	0.02529	0.01270	0.01491	0.00991	0.04915	0.02522	0.00192	0.00625	0.00511	0.02287	0.12459

[dist]
# distance from previous block
# <min> <max>
2	9

[block]
# block no. 2 follows, 44 sequences, length 12
# corresponding to MSA columns:
# 435-446
name=unknown_C
#
# <colnr> <probs for GDERKNQSTAVLIFYWHMCP>
#	G	D	E	R	K	N	Q	S	T	A	V	L	I	F	Y	W	H	M	C	P
0	0.26246	0.03322	0.03512	0.00983	0.01339	0.05432	0.00817	0.19905	0.13234	0.07435	0.02535	0.03213	0.01100	0.00635	0.00467	0.00164	0.00499	0.00470	0.05893	0.02798
1	0.03614	0.22289	0.08184	0.02902	0.03108	0.03793	0.01043	0.23350	0.11733	0.10301	0.01300	0.01318	0.00969	0.00588	0.00483	0.00153	0.00580	0.00441	0.00421	0.03431
2	0.35020	0.14551	0.11378	0.02901	0.11708	0.01413	0.04103	0.03082	0.01080	0.01965	0.00880	0.01076	0.00708	0.00530	0.00496	0.00163	0.05132	0.00373	0.02760	0.00684
3	0.07542	0.02096	0.46595	0.01649	0.09401	0.01199	0.09289	0.01612	0.01120	0.01727	0.01044	0.01316	0.00804	0.00988	0.11039	0.00267	0.00861	0.00452	0.00255	0.00745
4	0.01635	0.01316	0.01395	0.01075	0.01502	0.11466	0.04110	0.17001	0.03833	0.12688	0.02991	0.01359	0.01021	0.00543	0.00486	0.00128	0.00551	0.00431	0.00423	0.36045
5	0.03312	0.02428	0.03280	0.01048	0.03322	0.05452	0.00831	0.07727	0.13916	0.24548	0.07827	0.05371	0.01587	0.00694	0.00525	0.00155	0.00479	0.00568	0.00506	0.16427
6	0.12911	0.01332	0.01468	0.13146	0.06774	0.06595	0.01036	0.33698	0.01773	0.06572	0.01229	0.04462	0.00956	0.00631	0.00512	0.00164	0.00595	0.00490	0.00429	0.05228
7	0.01422	0.01291	0.02065	0.02942	0.63242	0.01314	0.01546	0.11597	0.01420	0.01996	0.01161	0.01596	0.00991	0.00562	0.00552	0.00167	0.00634	0.04330	0.00319	0.00853
8	0.01083	0.01278	0.12096	0.53499	0.07846	0.01220	0.09701	0.01473	0.01118	0.01487	0.00988	0.01415	0.00748	0.00570	0.00600	0.02746	0.00746	0.00491	0.00246	0.00651
9	0.01188	0.00968	0.01395	0.07656	0.01603	0.00997	0.10847	0.15143	0.02950	0.04077	0.01871	0.31502	0.01920	0.01013	0.00673	0.00186	0.05085	0.00900	0.00431	0.09595
10	0.01412	0.01291	0.02073	0.11245	0.59333	0.01340	0.01570	0.11595	0.01403	0.01962	0.01058	0.01355	0.00857	0.00515	0.00541	0.00164	0.00650	0.00486	0.00304	0.00844
11	0.08620	0.01180	0.05234	0.08862	0.41246	0.01136	0.04029	0.03152	0.01265	0.01876	0.11289	0.03197	0.03510	0.00649	0.00549	0.00171	0.00580	0.02378	0.00338	0.00739

[dist]
# distance from previous block
# <min> <max>
2	7

[block]
# block no. 3 follows, 44 sequences, length 46
# corresponding to MSA columns:
# 454-484,488-496,500-505
name=unknown_D
#
# <colnr> <probs for GDERKNQSTAVLIFYWHMCP>
#	G	D	E	R	K	N	Q	S	T	A	V	L	I	F	Y	W	H	M	C	P
0	0.01438	0.49778	0.11545	0.01285	0.03343	0.10108	0.10826	0.01704	0.01181	0.01411	0.00858	0.01032	0.00732	0.00556	0.02013	0.00151	0.00715	0.00367	0.00246	0.00709
1	0.01287	0.01439	0.03028	0.02277	0.06770	0.01389	0.65581	0.01752	0.03344	0.01741	0.01110	0.01465	0.00847	0.00494	0.00694	0.00185	0.04952	0.00626	0.00281	0.00739
2	0.01177	0.01184	0.01785	0.04635	0.01644	0.01578	0.08515	0.01343	0.00892	0.01356	0.00798	0.01274	0.00757	0.01031	0.05122	0.00260	0.65303	0.00499	0.00245	0.00605
3	0.05132	0.01422	0.01516	0.01190	0.01599	0.01576	0.00975	0.59417	0.12064	0.05587	0.01443	0.01420	0.01034	0.00660	0.00535	0.00166	0.00559	0.00502	0.02306	0.00897
4	0.00785	0.00525	0.00597	0.00605	0.00607	0.00523	0.00341	0.00791	0.00808	0.01078	0.01798	0.08365	0.02083	0.75905	0.02645	0.00509	0.00515	0.00840	0.00341	0.00337
5	0.01060	0.00850	0.01010	0.10427	0.01395	0.04357	0.00780	0.01586	0.18674	0.05175	0.23125	0.16263	0.02934	0.02616	0.00660	0.00197	0.00434	0.07340	0.00505	0.00612
6	0.00664	0.00474	0.00633	0.00759	0.00791	0.00443	0.00506	0.00759	0.01044	0.01392	0.03005	0.80485	0.03606	0.01708	0.00696	0.00221	0.00316	0.01550	0.00506	0.00443
7	0.01349	0.01295	0.02213	0.03346	0.77440	0.01295	0.01673	0.01673	0.01241	0.01781	0.01025	0.01349	0.00864	0.00486	0.00540	0.00162	0.00648	0.00486	0.00270	0.00864
8	0.01193	0.01193	0.01670	0.01431	0.01431	0.01670	0.01193	0.01312	0.00835	0.01312	0.00716	0.01193	0.00716	0.00954	0.01789	0.00239	0.79843	0.00477	0.00239	0.00596
9	0.84691	0.01054	0.00801	0.00717	0.01054	0.01223	0.00590	0.01603	0.00928	0.02446	0.00759	0.00886	0.00590	0.00506	0.00337	0.00169	0.00422	0.00295	0.00337	0.00590
10	0.02072	0.01527	0.01636	0.01254	0.01691	0.01691	0.01036	0.75622	0.02563	0.03436	0.01309	0.01309	0.00927	0.00654	0.00545	0.00164	0.00600	0.00491	0.00545	0.00927
11	0.00683	0.00488	0.00654	0.00780	0.00820	0.00459	0.00538	0.00791	0.01062	0.01413	0.02995	0.74016	0.03565	0.01690	0.00701	0.00224	0.00332	0.07834	0.00506	0.00448
12	0.00664	0.00474	0.00633	0.00759	0.00791	0.00443	0.00506	0.00759	0.01044	0.01392	0.03005	0.80485	0.03606	0.01708	0.00696	0.00221	0.00316	0.01550	0.00506	0.00443
13	0.00763	0.00551	0.00721	0.00692	0.00813	0.00509	0.00514	0.01008	0.01505	0.02125	0.71419	0.09980	0.05025	0.01160	0.00647	0.00175	0.00262	0.01030	0.00593	0.00509
14	0.00879	0.00628	0.00879	0.01004	0.01130	0.00628	0.00879	0.01130	0.01255	0.01632	0.02887	0.06150	0.03138	0.01506	0.00753	0.00251	0.00502	0.73770	0.00502	0.00502
15	0.01095	0.01023	0.01706	0.68227	0.12749	0.01234	0.01522	0.03276	0.01145	0.01491	0.00984	0.01437	0.00749	0.00541	0.00544	0.00179	0.00714	0.00485	0.00253	0.00645
16	0.84691	0.01054	0.00801	0.00717	0.01054	0.01223	0.00590	0.01603	0.00928	0.02446	0.00759	0.00886	0.00590	0.00506	0.00337	0.00169	0.00422	0.00295	0.00337	0.00590
17	0.00972	0.00889	0.01017	0.00983	0.01098	0.10976	0.00765	0.01154	0.00961	0.01278	0.01329	0.01926	0.01233	0.03416	0.63257	0.00737	0.06664	0.00546	0.00287	0.00513
18	0.01314	0.01126	0.01199	0.01088	0.01382	0.01294	0.00849	0.02754	0.70560	0.02252	0.05260	0.02274	0.01861	0.00784	0.00566	0.00187	0.00427	0.03432	0.00555	0.00835
19	0.01287	0.01471	0.03217	0.02298	0.02849	0.01379	0.75460	0.01746	0.01287	0.01746	0.01103	0.01471	0.00827	0.00460	0.00643	0.00184	0.00919	0.00643	0.00276	0.00735
20	0.01049	0.00989	0.01670	0.74935	0.08199	0.01216	0.01524	0.01410	0.01099	0.01416	0.00972	0.01447	0.00735	0.00541	0.00545	0.00180	0.00722	0.00485	0.00244	0.00621
21	0.01458	0.81168	0.02857	0.00933	0.01399	0.02157	0.00933	0.01632	0.01108	0.01283	0.00758	0.00875	0.00700	0.00466	0.00350	0.00117	0.00583	0.00292	0.00233	0.00700
22	0.00947	0.00473	0.00710	0.00710	0.00710	0.00473	0.00473	0.00710	0.00710	0.00947	0.00947	0.01657	0.00947	0.01894	0.02131	0.84138	0.00473	0.00473	0.00237	0.00237
23	0.00796	0.00678	0.01031	0.00943	0.01104	0.00642	0.10544	0.00992	0.01223	0.01619	0.16870	0.29841	0.20933	0.01313	0.00710	0.00201	0.03213	0.06355	0.00483	0.00509
24	0.01193	0.01193	0.01670	0.01431	0.01431	0.01670	0.01193	0.01312	0.00835	0.01312	0.00716	0.01193	0.00716	0.00954	0.01789	0.00239	0.79843	0.00477	0.00239	0.00596
25	0.02085	0.01507	0.01624	0.01245	0.01681	0.01661	0.01028	0.73200	0.02530	0.05904	0.01337	0.01327	0.00941	0.00655	0.00545	0.00164	0.00595	0.00493	0.00550	0.00927
26	0.00757	0.00553	0.00711	0.00679	0.00807	0.00507	0.00506	0.00997	0.01497	0.02095	0.68227	0.07565	0.10736	0.01162	0.00645	0.00175	0.00261	0.01024	0.00589	0.00507
27	0.01130	0.00969	0.01130	0.00807	0.01292	0.00727	0.00646	0.01373	0.01130	0.01776	0.00969	0.01130	0.00807	0.00404	0.00404	0.00081	0.00404	0.00323	0.00323	0.84173
28	0.01333	0.01278	0.02183	0.07329	0.73588	0.01291	0.01665	0.01658	0.01233	0.01761	0.01023	0.01355	0.00856	0.00489	0.00540	0.00163	0.00652	0.00486	0.00268	0.00850
29	0.01030	0.00969	0.01635	0.79530	0.03755	0.01211	0.01514	0.01393	0.01090	0.01393	0.00969	0.01453	0.00727	0.00545	0.00545	0.00182	0.00727	0.00484	0.00242	0.00606
30	0.01927	0.00852	0.01132	0.00939	0.01268	0.00775	0.00764	0.04321	0.04528	0.51429	0.10773	0.08248	0.02110	0.00879	0.00589	0.00181	0.00436	0.07419	0.00629	0.00804
31	0.01349	0.01311	0.02164	0.07477	0.71452	0.03275	0.01649	0.01671	0.01241	0.01748	0.01018	0.01346	0.00852	0.00491	0.00539	0.00162	0.00661	0.00482	0.00269	0.00843
32	0.02194	0.00881	0.01189	0.00929	0.01315	0.00761	0.00759	0.02406	0.01529	0.66148	0.08346	0.03816	0.03272	0.00740	0.00557	0.00168	0.00438	0.00612	0.00651	0.03291
33	0.07649	0.26109	0.31977	0.01262	0.01835	0.07637	0.03079	0.08821	0.01304	0.04304	0.00958	0.01080	0.00734	0.00522	0.00458	0.00152	0.00695	0.00376	0.00289	0.00758
34	0.13871	0.01248	0.01371	0.01079	0.01487	0.01325	0.00887	0.36908	0.07992	0.25956	0.01562	0.01475	0.01068	0.00646	0.00517	0.00168	0.00519	0.00491	0.00556	0.00874
35	0.01079	0.00893	0.01000	0.00908	0.01154	0.00941	0.00694	0.01947	0.38379	0.02083	0.22169	0.10086	0.06242	0.00928	0.00581	0.00174	0.00364	0.00799	0.00537	0.09042
36	0.01030	0.00969	0.01635	0.79530	0.03755	0.01211	0.01514	0.01393	0.01090	0.01393	0.00969	0.01453	0.00727	0.00545	0.00545	0.00182	0.00727	0.00484	0.00242	0.00606
37	0.00650	0.00553	0.00560	0.00558	0.00740	0.00463	0.00419	0.00794	0.01256	0.01505	0.08780	0.05193	0.73941	0.01369	0.00644	0.00184	0.00275	0.01143	0.00511	0.00463
38	0.02037	0.02598	0.01545	0.01404	0.01685	0.78652	0.01053	0.02177	0.01545	0.01334	0.00843	0.00983	0.00702	0.00562	0.00492	0.00140	0.00983	0.00351	0.00281	0.00632
39	0.00664	0.00474	0.00633	0.00759	0.00791	0.00443	0.00506	0.00759	0.01044	0.01392	0.03005	0.80485	0.03606	0.01708	0.00696	0.00221	0.00316	0.01550	0.00506	0.00443
40	0.01356	0.01171	0.01233	0.01109	0.01418	0.01356	0.00863	0.02897	0.76455	0.02281	0.02219	0.02034	0.01664	0.00740	0.00555	0.00185	0.00431	0.00616	0.00555	0.00863
41	0.00793	0.00529	0.00595	0.00595	0.00595	0.00529	0.00330	0.00793	0.00793	0.01057	0.01718	0.03568	0.01982	0.80840	0.02775	0.00529	0.00529	0.00793	0.00330	0.00330
42	0.01030	0.00969	0.01635	0.79530	0.03755	0.01211	0.01514	0.01393	0.01090	0.01393	0.00969	0.01453	0.00727	0.00545	0.00545	0.00182	0.00727	0.00484	0.00242	0.00606
43	0.00978	0.00876	0.01361	0.21506	0.01875	0.01058	0.06148	0.01179	0.01009	0.01419	0.01558	0.24448	0.01627	0.01105	0.02715	0.02051	0.22602	0.00807	0.05130	0.00548
44	0.00755	0.00557	0.00705	0.00668	0.00804	0.00507	0.00501	0.00996	0.01503	0.02091	0.67581	0.04229	0.14774	0.01150	0.00643	0.00173	0.00260	0.01008	0.00588	0.00507
45	0.00699	0.00510	0.00655	0.00734	0.00781	0.00488	0.00496	0.00802	0.01072	0.01432	0.09951	0.57445	0.08713	0.10625	0.00948	0.00249	0.02111	0.01358	0.00489	0.00441

[dist]
# distance from previous block
# <min> <max>
0	9

# created by:
# /st0/software/busco_prod/Augustus/scripts/msa2prfl.pl ./align_prep/138872.fa
