[name]
unknown

[dist]
# distance from previous block
# <min> <max>
0	83

[block]
# block no. 0 follows, 46 sequences, length 10
# corresponding to MSA columns:
# 88-97
name=unknown_A
#
# <colnr> <probs for GDERKNQSTAVLIFYWHMCP>
#	G	D	E	R	K	N	Q	S	T	A	V	L	I	F	Y	W	H	M	C	P
0	0.07571	0.01023	0.05814	0.00922	0.01198	0.04342	0.03138	0.12100	0.01321	0.11023	0.05285	0.09150	0.08671	0.11061	0.00890	0.04391	0.00491	0.04881	0.00428	0.06301
1	0.11727	0.04082	0.13069	0.01132	0.03854	0.04844	0.00991	0.18725	0.02952	0.05002	0.04875	0.06873	0.05631	0.03158	0.03663	0.00206	0.07580	0.00567	0.00388	0.00681
2	0.04622	0.01202	0.03288	0.02841	0.01468	0.04844	0.03761	0.28102	0.06527	0.08525	0.01523	0.09674	0.01322	0.03252	0.05203	0.00221	0.06038	0.03396	0.00443	0.03747
3	0.15333	0.09712	0.01253	0.03328	0.01266	0.08092	0.03149	0.08223	0.01202	0.01740	0.04019	0.02042	0.09332	0.04497	0.12384	0.00273	0.02453	0.03975	0.00348	0.07381
4	0.10268	0.01141	0.01236	0.09813	0.01543	0.06268	0.00871	0.25729	0.01548	0.06533	0.03213	0.10842	0.05996	0.02921	0.00671	0.00180	0.06443	0.00619	0.00424	0.03740
5	0.01448	0.04564	0.01213	0.00991	0.03268	0.05799	0.00768	0.17480	0.05874	0.13200	0.09674	0.06032	0.07784	0.00837	0.00605	0.04104	0.00469	0.03793	0.00468	0.11629
6	0.39955	0.01081	0.08576	0.04217	0.04701	0.01007	0.00817	0.01583	0.02690	0.11768	0.07744	0.06492	0.01321	0.00842	0.04970	0.00207	0.00511	0.00501	0.00386	0.00632
7	0.00776	0.04563	0.00786	0.00704	0.00835	0.00570	0.00519	0.00910	0.01140	0.01534	0.20379	0.28351	0.13632	0.06291	0.00824	0.05033	0.00339	0.04955	0.00459	0.07401
8	0.01520	0.53447	0.10673	0.01059	0.01527	0.08235	0.01044	0.14009	0.01347	0.01640	0.00853	0.00955	0.00714	0.00495	0.00399	0.00128	0.00623	0.00331	0.00280	0.00721
9	0.01287	0.10183	0.42297	0.01297	0.01859	0.08602	0.01447	0.04461	0.04195	0.05475	0.03928	0.01255	0.00920	0.00562	0.00556	0.00157	0.05255	0.00414	0.00292	0.05556

[dist]
# distance from previous block
# <min> <max>
0	1

[block]
# block no. 1 follows, 46 sequences, length 24
# corresponding to MSA columns:
# 99-122
name=unknown_B
#
# <colnr> <probs for GDERKNQSTAVLIFYWHMCP>
#	G	D	E	R	K	N	Q	S	T	A	V	L	I	F	Y	W	H	M	C	P
0	0.14533	0.00640	0.00832	0.00819	0.00949	0.00743	0.00639	0.01040	0.00856	0.01410	0.01310	0.01908	0.01212	0.05053	0.64793	0.00730	0.01232	0.00525	0.00291	0.00485
1	0.01066	0.01012	0.01743	0.58436	0.07509	0.01202	0.09181	0.02729	0.01082	0.01422	0.00947	0.01396	0.00734	0.00594	0.00670	0.03532	0.05409	0.00485	0.00245	0.00606
2	0.01202	0.00966	0.01151	0.00906	0.01244	0.00923	0.00726	0.08313	0.08988	0.04960	0.13664	0.01701	0.01575	0.00629	0.00612	0.00131	0.09292	0.00487	0.00404	0.42127
3	0.00708	0.00546	0.00765	0.13678	0.01221	0.00557	0.00635	0.00840	0.01015	0.01334	0.02653	0.59015	0.07148	0.06350	0.00772	0.00225	0.00382	0.01267	0.00439	0.00449
4	0.01198	0.01296	0.13819	0.00952	0.01467	0.00900	0.00888	0.10231	0.01263	0.01904	0.00980	0.01120	0.00778	0.00438	0.00426	0.00102	0.00478	0.00345	0.00324	0.61090
5	0.01405	0.05752	0.01223	0.00934	0.01214	0.01091	0.00743	0.31340	0.01603	0.05385	0.02607	0.05055	0.04575	0.14100	0.04081	0.04125	0.00540	0.05120	0.00433	0.08676
6	0.00696	0.00471	0.00628	0.00711	0.00753	0.00441	0.00481	0.00750	0.01009	0.01344	0.08558	0.57449	0.07759	0.01621	0.00895	0.13987	0.00325	0.01266	0.00455	0.00403
7	0.00799	0.00559	0.00812	0.00805	0.00873	0.00638	0.00603	0.00900	0.00819	0.01173	0.01344	0.02107	0.01297	0.11082	0.55348	0.14458	0.03461	0.00564	0.01934	0.00421
8	0.00804	0.00589	0.00707	0.00745	0.00841	0.00573	0.00528	0.08228	0.01171	0.01532	0.02985	0.46303	0.15160	0.11558	0.00910	0.00243	0.00365	0.05817	0.00473	0.00468
9	0.24555	0.00945	0.01009	0.00833	0.01184	0.00937	0.00675	0.05001	0.10085	0.22540	0.01868	0.01895	0.09191	0.00669	0.00469	0.00155	0.00413	0.02694	0.00468	0.14414
10	0.00739	0.00511	0.00624	0.00650	0.00687	0.00514	0.00419	0.00807	0.00872	0.01186	0.02107	0.20125	0.06438	0.43979	0.14561	0.00470	0.00592	0.00905	0.03433	0.00382
11	0.00994	0.00713	0.00945	0.13782	0.01404	0.00757	0.00745	0.03859	0.12194	0.07677	0.03671	0.41953	0.02474	0.03541	0.00674	0.00206	0.00418	0.02959	0.00467	0.00567
12	0.01362	0.00878	0.01000	0.00866	0.01124	0.00886	0.00682	0.21038	0.06531	0.14815	0.03970	0.10103	0.20215	0.06154	0.00715	0.00198	0.00422	0.05404	0.02976	0.00661
13	0.14435	0.00610	0.00587	0.00580	0.00765	0.00571	0.00435	0.00896	0.01137	0.01587	0.06962	0.08771	0.55237	0.04366	0.00661	0.00191	0.00302	0.00984	0.00461	0.00463
14	0.00931	0.00538	0.00835	0.13660	0.01171	0.00576	0.00624	0.00797	0.00749	0.00989	0.00922	0.01575	0.00883	0.01623	0.01815	0.70835	0.00499	0.00461	0.00230	0.00288
15	0.02161	0.00679	0.00783	0.00730	0.00883	0.00664	0.00532	0.09890	0.01226	0.10414	0.03455	0.14470	0.15967	0.25303	0.01220	0.00281	0.00418	0.05207	0.05199	0.00518
16	0.00864	0.00551	0.00692	0.00674	0.00789	0.00506	0.00480	0.01020	0.01237	0.08608	0.33997	0.19483	0.12031	0.15497	0.00994	0.00239	0.00328	0.01013	0.00513	0.00483
17	0.01726	0.01265	0.01372	0.01097	0.01432	0.01385	0.00877	0.59988	0.02143	0.02871	0.01505	0.11083	0.01310	0.08530	0.00754	0.00199	0.00542	0.00628	0.00504	0.00787
18	0.15274	0.00883	0.01072	0.00872	0.01212	0.00843	0.00707	0.03781	0.05688	0.47741	0.11380	0.05041	0.01746	0.00724	0.00516	0.00167	0.00414	0.00586	0.00577	0.00775
19	0.01080	0.00704	0.00769	0.00695	0.00837	0.00729	0.00501	0.16280	0.01317	0.01927	0.09557	0.05728	0.03163	0.26510	0.01185	0.00264	0.00402	0.00676	0.27158	0.00517
20	0.01641	0.01175	0.01268	0.01014	0.01325	0.01281	0.00808	0.52664	0.02031	0.02783	0.05911	0.03069	0.01363	0.10919	0.00793	0.00201	0.00511	0.00560	0.09934	0.00749
21	0.00894	0.00468	0.00670	0.00670	0.00670	0.00468	0.00436	0.00702	0.00702	0.00936	0.01040	0.01909	0.01082	0.14828	0.02168	0.70890	0.00468	0.00510	0.00244	0.00244
22	0.01394	0.00915	0.01020	0.00899	0.01173	0.00977	0.00704	0.02281	0.41108	0.17005	0.06894	0.02234	0.05976	0.00745	0.00519	0.00166	0.00378	0.00619	0.14243	0.00750
23	0.00845	0.00601	0.00710	0.00680	0.00793	0.00580	0.00480	0.06741	0.01260	0.02764	0.28244	0.13255	0.14246	0.24125	0.01214	0.00273	0.00366	0.01876	0.00478	0.00468

[dist]
# distance from previous block
# <min> <max>
0	18

[block]
# block no. 2 follows, 46 sequences, length 9
# corresponding to MSA columns:
# 141-149
name=unknown_C
#
# <colnr> <probs for GDERKNQSTAVLIFYWHMCP>
#	G	D	E	R	K	N	Q	S	T	A	V	L	I	F	Y	W	H	M	C	P
0	0.01561	0.01688	0.01233	0.01129	0.01347	0.41358	0.00853	0.11505	0.01449	0.01622	0.01358	0.15447	0.01308	0.00994	0.05673	0.00201	0.03053	0.00596	0.07027	0.00598
1	0.01406	0.01457	0.13670	0.01171	0.01571	0.01362	0.01047	0.16561	0.50849	0.02338	0.01792	0.01702	0.01327	0.00667	0.00530	0.00173	0.00507	0.00541	0.00486	0.00840
2	0.00946	0.00647	0.00986	0.01152	0.13165	0.00689	0.00714	0.00956	0.00841	0.01196	0.01121	0.01765	0.01066	0.05881	0.21125	0.38490	0.04032	0.00505	0.04305	0.00419
3	0.01155	0.01092	0.01654	0.31780	0.29422	0.03176	0.01314	0.01521	0.05005	0.01588	0.01145	0.01446	0.03031	0.00520	0.00507	0.00153	0.00607	0.00467	0.00281	0.14139
4	0.01700	0.01801	0.01451	0.01334	0.06960	0.37544	0.00971	0.16585	0.06500	0.01852	0.01050	0.01176	0.00839	0.00686	0.03746	0.00165	0.00751	0.00398	0.00346	0.14143
5	0.01007	0.00834	0.01325	0.58409	0.02833	0.01001	0.01174	0.01290	0.01030	0.03954	0.01157	0.01795	0.00972	0.13486	0.00862	0.00225	0.00629	0.00522	0.06948	0.00548
6	0.01329	0.11194	0.01691	0.09116	0.01623	0.05709	0.01083	0.13354	0.01171	0.01597	0.00874	0.01255	0.00784	0.03690	0.03081	0.00219	0.40859	0.00450	0.00285	0.00633
7	0.00937	0.00970	0.13205	0.00828	0.01010	0.00748	0.00695	0.07024	0.04649	0.01433	0.04304	0.09016	0.01797	0.43127	0.03494	0.04665	0.00548	0.00723	0.00349	0.00479
8	0.01209	0.01426	0.06182	0.04718	0.02685	0.01290	0.67204	0.01650	0.01247	0.01700	0.04459	0.01524	0.00979	0.00479	0.00616	0.00177	0.00852	0.00624	0.00278	0.00702

[dist]
# distance from previous block
# <min> <max>
0	2

[block]
# block no. 3 follows, 46 sequences, length 177
# corresponding to MSA columns:
# 152-328
name=unknown_D
#
# <colnr> <probs for GDERKNQSTAVLIFYWHMCP>
#	G	D	E	R	K	N	Q	S	T	A	V	L	I	F	Y	W	H	M	C	P
0	0.01246	0.00899	0.01033	0.00937	0.01191	0.00955	0.00738	0.02080	0.39291	0.10697	0.11235	0.02763	0.06268	0.00921	0.00652	0.04826	0.00403	0.09185	0.00522	0.04157
1	0.01929	0.02334	0.01554	0.01487	0.07247	0.66598	0.01064	0.08744	0.01565	0.01509	0.00871	0.01008	0.00712	0.00547	0.00485	0.00140	0.00896	0.00362	0.00295	0.00655
2	0.01796	0.02150	0.01563	0.09518	0.07220	0.57942	0.01114	0.06401	0.01463	0.01451	0.00864	0.01052	0.00708	0.00559	0.00541	0.00147	0.04212	0.00376	0.00281	0.00642
3	0.00644	0.00460	0.00613	0.00736	0.00767	0.00429	0.00491	0.00736	0.01012	0.01350	0.02914	0.81076	0.03497	0.01656	0.00675	0.00215	0.00307	0.01503	0.00491	0.00429
4	0.01237	0.01395	0.02947	0.02131	0.02604	0.01369	0.67555	0.01645	0.01197	0.01645	0.01026	0.01395	0.00790	0.00501	0.00752	0.00184	0.10060	0.00605	0.00263	0.00697
5	0.00898	0.00473	0.00697	0.02734	0.00769	0.00476	0.00484	0.00733	0.00746	0.01014	0.01138	0.09011	0.01171	0.01735	0.01826	0.71051	0.00442	0.00558	0.03776	0.00268
6	0.01034	0.00836	0.00943	0.00890	0.01106	0.00894	0.00703	0.05236	0.32338	0.02005	0.18573	0.04848	0.14447	0.01023	0.00603	0.00187	0.00376	0.12785	0.00530	0.00644
7	0.00653	0.00466	0.00623	0.00746	0.00781	0.00437	0.00506	0.00751	0.01021	0.01359	0.02909	0.77931	0.03477	0.01648	0.00677	0.00216	0.00314	0.04562	0.00491	0.00432
8	0.02114	0.00976	0.01233	0.00982	0.01366	0.00934	0.00799	0.05418	0.19010	0.58046	0.02070	0.01819	0.01364	0.00668	0.00533	0.00167	0.00448	0.00545	0.00623	0.00885
9	0.01603	0.01164	0.01277	0.01050	0.01371	0.01259	0.00839	0.46579	0.09140	0.05877	0.03535	0.15158	0.07032	0.00875	0.00563	0.00172	0.00485	0.00719	0.00527	0.00773
10	0.00734	0.00538	0.00689	0.00655	0.00782	0.00492	0.00490	0.00970	0.01458	0.02038	0.69417	0.05905	0.11619	0.01118	0.00625	0.00169	0.00252	0.00984	0.00571	0.00492
11	0.01112	0.00954	0.01104	0.00805	0.01262	0.00749	0.00642	0.01440	0.06677	0.01759	0.01029	0.01161	0.00844	0.00415	0.00402	0.00086	0.00393	0.00334	0.00330	0.78503
12	0.00869	0.00550	0.00718	0.00779	0.00863	0.00526	0.00555	0.04333	0.01120	0.06997	0.02645	0.60037	0.03003	0.01492	0.00708	0.03679	0.00347	0.06666	0.03630	0.00483
13	0.00653	0.00538	0.00578	0.00589	0.00751	0.00462	0.00447	0.00804	0.01224	0.01499	0.11763	0.08666	0.62243	0.01339	0.00635	0.00184	0.00284	0.06390	0.00499	0.00453
14	0.01308	0.01256	0.02146	0.03245	0.78123	0.01256	0.01622	0.01622	0.01204	0.01727	0.00994	0.01308	0.00837	0.00471	0.00523	0.00157	0.00628	0.00471	0.00262	0.00837
15	0.02026	0.01021	0.01255	0.00992	0.01366	0.01003	0.00809	0.18116	0.11051	0.46626	0.08385	0.01892	0.01573	0.00694	0.00540	0.00165	0.00457	0.00564	0.00607	0.00858
16	0.00677	0.00484	0.00647	0.00757	0.00804	0.00456	0.00531	0.00796	0.01063	0.01421	0.07593	0.66120	0.03512	0.02827	0.00709	0.00220	0.00328	0.10123	0.00493	0.00439
17	0.01212	0.01362	0.02946	0.02116	0.02621	0.01277	0.70771	0.01643	0.01266	0.01724	0.06579	0.01607	0.01103	0.00491	0.00624	0.00177	0.00845	0.00648	0.00290	0.00698
18	0.00685	0.00489	0.00660	0.00782	0.00831	0.00464	0.00561	0.00806	0.01052	0.01395	0.02891	0.66406	0.03408	0.01618	0.00686	0.00220	0.00342	0.15773	0.00490	0.00441
19	0.16952	0.00967	0.01084	0.00942	0.01259	0.01015	0.00768	0.05262	0.23488	0.27101	0.01914	0.02227	0.01484	0.00751	0.00520	0.00178	0.00439	0.10593	0.02300	0.00757
20	0.00754	0.00539	0.00682	0.00759	0.00816	0.00525	0.00515	0.06287	0.01101	0.01469	0.02694	0.69067	0.03181	0.07905	0.00824	0.00234	0.00343	0.01369	0.00480	0.00455
21	0.02010	0.01481	0.01587	0.01216	0.01639	0.01639	0.01005	0.76360	0.02486	0.03332	0.01269	0.01269	0.00899	0.00635	0.00529	0.00159	0.00582	0.00476	0.00529	0.00899
22	0.00790	0.00511	0.00568	0.00568	0.00580	0.00511	0.00325	0.00814	0.00802	0.01118	0.01672	0.03313	0.01866	0.73453	0.02462	0.00474	0.00486	0.00742	0.08606	0.00337
23	0.00842	0.00614	0.00754	0.00791	0.00885	0.00614	0.00556	0.09727	0.04061	0.01657	0.08048	0.58872	0.04161	0.04851	0.00734	0.00215	0.00347	0.01273	0.00496	0.00500
24	0.00769	0.00513	0.00577	0.00577	0.00577	0.00513	0.00320	0.00769	0.00769	0.01025	0.01666	0.03460	0.01922	0.81421	0.02691	0.00513	0.00513	0.00769	0.00320	0.00320
25	0.00918	0.00459	0.00689	0.00689	0.00689	0.00459	0.00459	0.00689	0.00689	0.00918	0.00918	0.01607	0.00918	0.01837	0.02066	0.84619	0.00459	0.00459	0.00230	0.00230
26	0.00795	0.00627	0.00904	0.00888	0.00979	0.01733	0.00695	0.00979	0.00856	0.01231	0.01365	0.02007	0.01276	0.03739	0.73671	0.00803	0.06133	0.00557	0.00280	0.00480
27	0.01984	0.01461	0.01566	0.01203	0.01617	0.01616	0.00991	0.74793	0.02450	0.03284	0.01277	0.01315	0.00920	0.02310	0.00574	0.00166	0.00580	0.00482	0.00525	0.00887
28	0.00985	0.00493	0.00493	0.00493	0.00616	0.00493	0.00370	0.01232	0.01109	0.01971	0.01725	0.01971	0.01355	0.00616	0.00370	0.00123	0.00246	0.00493	0.84356	0.00493
29	0.00740	0.00521	0.00624	0.00623	0.00680	0.00506	0.00406	0.00833	0.01016	0.01373	0.21053	0.09227	0.10339	0.42907	0.06597	0.00393	0.00464	0.00890	0.00412	0.00395
30	0.01254	0.07172	0.01428	0.01228	0.04507	0.17899	0.00948	0.04771	0.01082	0.01371	0.01015	0.01425	0.00926	0.01844	0.28481	0.00413	0.22921	0.00461	0.00273	0.00581
31	0.00889	0.00735	0.00899	0.00891	0.00950	0.03193	0.00651	0.05627	0.01049	0.01415	0.02169	0.43733	0.04314	0.11274	0.04053	0.00271	0.15930	0.01066	0.00407	0.00482
32	0.01264	0.01459	0.05831	0.02178	0.13418	0.04572	0.47417	0.01633	0.01177	0.01615	0.00984	0.01334	0.00780	0.00531	0.00772	0.00181	0.13329	0.00555	0.00259	0.00709
33	0.01004	0.00784	0.00893	0.02280	0.03038	0.00803	0.00642	0.01632	0.27075	0.06068	0.17426	0.06035	0.28187	0.01015	0.00587	0.00176	0.00344	0.00862	0.00522	0.00626
34	0.00985	0.00493	0.00493	0.00493	0.00616	0.00493	0.00370	0.01232	0.01109	0.01971	0.01725	0.01971	0.01355	0.00616	0.00370	0.00123	0.00246	0.00493	0.84356	0.00493
35	0.02010	0.01481	0.01587	0.01216	0.01639	0.01639	0.01005	0.76360	0.02486	0.03332	0.01269	0.01269	0.00899	0.00635	0.00529	0.00159	0.00582	0.00476	0.00529	0.00899
36	0.00654	0.00468	0.00609	0.00715	0.00751	0.00437	0.00475	0.00743	0.01009	0.01340	0.03932	0.71344	0.06465	0.07359	0.00817	0.00234	0.00319	0.01427	0.00480	0.00423
37	0.00918	0.00459	0.00689	0.00689	0.00689	0.00459	0.00459	0.00689	0.00689	0.00918	0.00918	0.01607	0.00918	0.01837	0.02066	0.84619	0.00459	0.00459	0.00230	0.00230
38	0.00803	0.00585	0.00786	0.00873	0.00998	0.00568	0.00740	0.01027	0.01240	0.01616	0.11902	0.08755	0.12592	0.01409	0.00702	0.00225	0.00424	0.53775	0.00499	0.00481
39	0.02036	0.01439	0.01561	0.01197	0.01619	0.01578	0.00988	0.71066	0.02416	0.08725	0.01328	0.01307	0.00928	0.00636	0.00529	0.00159	0.00572	0.00480	0.00538	0.00899
40	0.00769	0.00513	0.00577	0.00577	0.00577	0.00513	0.00320	0.00769	0.00769	0.01025	0.01666	0.03460	0.01922	0.81421	0.02691	0.00513	0.00513	0.00769	0.00320	0.00320
41	0.85155	0.01022	0.00777	0.00695	0.01022	0.01186	0.00573	0.01554	0.00900	0.02372	0.00736	0.00859	0.00573	0.00491	0.00327	0.00164	0.00409	0.00286	0.00327	0.00573
42	0.00946	0.00584	0.00770	0.00699	0.00858	0.00533	0.00533	0.01190	0.01498	0.11414	0.68625	0.03687	0.04540	0.01029	0.00612	0.00166	0.00274	0.00904	0.00591	0.00548
43	0.00757	0.00559	0.00810	0.00810	0.00891	0.00639	0.00611	0.00919	0.00838	0.01198	0.01452	0.02278	0.01409	0.15206	0.68204	0.00801	0.01285	0.00596	0.00289	0.00450
44	0.00728	0.00540	0.00679	0.00644	0.00777	0.00490	0.00483	0.00959	0.01449	0.02007	0.66039	0.04134	0.16864	0.01123	0.00624	0.00168	0.00252	0.00982	0.00567	0.00490
45	0.01397	0.01164	0.01238	0.01092	0.01402	0.01333	0.00862	0.13413	0.63205	0.02348	0.02050	0.02035	0.01569	0.00736	0.00545	0.00179	0.00445	0.03623	0.00535	0.00831
46	0.77693	0.01014	0.00843	0.06401	0.01216	0.01178	0.00640	0.01557	0.00922	0.03608	0.00774	0.00914	0.00595	0.00496	0.00345	0.00164	0.00431	0.00304	0.00326	0.00579
47	0.00683	0.00535	0.00618	0.00604	0.00751	0.00470	0.00450	0.00869	0.01334	0.01748	0.39125	0.07398	0.41063	0.01230	0.00626	0.00174	0.00261	0.01056	0.00533	0.00470
48	0.00673	0.00479	0.00625	0.00730	0.00767	0.00453	0.00495	0.00767	0.01003	0.01331	0.02820	0.64601	0.05123	0.10967	0.00913	0.00251	0.00343	0.06768	0.00471	0.00421
49	0.00769	0.00513	0.00577	0.00577	0.00577	0.00513	0.00320	0.00769	0.00769	0.01025	0.01666	0.03460	0.01922	0.81421	0.02691	0.00513	0.00513	0.00769	0.00320	0.00320
50	0.01227	0.01569	0.11368	0.02149	0.02711	0.01325	0.68098	0.01691	0.01233	0.01691	0.01056	0.01392	0.00788	0.00452	0.00611	0.00177	0.00879	0.00598	0.00263	0.00720
51	0.01284	0.01108	0.01166	0.01051	0.01345	0.01276	0.00817	0.02716	0.73731	0.02176	0.02297	0.02113	0.05066	0.00745	0.00542	0.00179	0.00412	0.00621	0.00536	0.00819
52	0.01985	0.00878	0.01146	0.00919	0.01264	0.00805	0.00743	0.07470	0.04966	0.55294	0.10809	0.07834	0.01877	0.00778	0.00553	0.00168	0.00424	0.00651	0.00620	0.00816
53	0.01815	0.01237	0.01343	0.01063	0.01426	0.01346	0.00867	0.50138	0.09791	0.10234	0.01508	0.01501	0.01082	0.00642	0.00505	0.00156	0.00500	0.00496	0.13519	0.00830
54	0.00755	0.00511	0.00581	0.00588	0.00600	0.00504	0.00339	0.00772	0.00820	0.01089	0.03815	0.08676	0.04946	0.71106	0.02428	0.00472	0.00483	0.00835	0.00345	0.00337
55	0.04215	0.00563	0.00703	0.00669	0.00806	0.00528	0.00509	0.01006	0.01438	0.02055	0.66006	0.03993	0.10282	0.01092	0.00616	0.00170	0.00267	0.04023	0.00561	0.00497
56	0.01873	0.01396	0.01491	0.01170	0.01565	0.01552	0.00958	0.63030	0.13275	0.03121	0.01413	0.01396	0.01019	0.00646	0.00525	0.00160	0.00546	0.00494	0.03494	0.00876
57	0.00769	0.00513	0.00577	0.00577	0.00577	0.00513	0.00320	0.00769	0.00769	0.01025	0.01666	0.03460	0.01922	0.81421	0.02691	0.00513	0.00513	0.00769	0.00320	0.00320
58	0.00717	0.00510	0.00685	0.00794	0.00853	0.00490	0.00588	0.00854	0.01073	0.01423	0.05243	0.51302	0.03310	0.06642	0.00818	0.00241	0.00371	0.23162	0.00482	0.00442
59	0.00644	0.00460	0.00613	0.00736	0.00767	0.00429	0.00491	0.00736	0.01012	0.01350	0.02914	0.81076	0.03497	0.01656	0.00675	0.00215	0.00307	0.01503	0.00491	0.00429
60	0.00625	0.00536	0.00536	0.00536	0.00714	0.00446	0.00402	0.00759	0.01205	0.01428	0.05355	0.05088	0.77909	0.01339	0.00625	0.00179	0.00268	0.01116	0.00491	0.00446
61	0.02036	0.01439	0.01561	0.01197	0.01619	0.01578	0.00989	0.71089	0.02416	0.08702	0.01328	0.01307	0.00928	0.00636	0.00529	0.00159	0.00572	0.00480	0.00538	0.00899
62	0.01156	0.01140	0.01524	0.01320	0.01349	0.04113	0.01090	0.02931	0.00875	0.01313	0.00796	0.01261	0.00772	0.01264	0.10814	0.00299	0.66692	0.00471	0.00245	0.00574
63	0.85155	0.01022	0.00777	0.00695	0.01022	0.01186	0.00573	0.01554	0.00900	0.02372	0.00736	0.00859	0.00573	0.00491	0.00327	0.00164	0.00409	0.00286	0.00327	0.00573
64	0.00755	0.00566	0.00850	0.00850	0.00944	0.00661	0.00661	0.00944	0.00850	0.01227	0.01416	0.02077	0.01322	0.03965	0.79326	0.00850	0.01416	0.00566	0.00283	0.00472
65	0.01070	0.00574	0.00583	0.00553	0.00701	0.00588	0.00422	0.07442	0.01222	0.02083	0.01687	0.01913	0.01317	0.00617	0.00383	0.00126	0.00274	0.00491	0.77427	0.00526
66	0.00625	0.00536	0.00536	0.00536	0.00714	0.00446	0.00402	0.00759	0.01205	0.01428	0.05355	0.05088	0.77909	0.01339	0.00625	0.00179	0.00268	0.01116	0.00491	0.00446
67	0.00995	0.00784	0.00947	0.00978	0.01164	0.00840	0.00815	0.01660	0.27297	0.01787	0.02759	0.04530	0.07883	0.01197	0.00657	0.00217	0.00448	0.43935	0.00505	0.00604
68	0.01041	0.00628	0.00712	0.00667	0.00800	0.00688	0.00520	0.06964	0.01153	0.01911	0.01568	0.01875	0.01267	0.01154	0.12617	0.00245	0.06207	0.00501	0.58954	0.00527
69	0.01161	0.02535	0.69829	0.01460	0.02182	0.01211	0.01834	0.01724	0.01133	0.07293	0.01022	0.01168	0.00718	0.00531	0.00555	0.00170	0.04034	0.00404	0.00255	0.00782
70	0.01027	0.00989	0.01698	0.69326	0.03428	0.01216	0.06810	0.01370	0.01054	0.01370	0.00933	0.01394	0.00711	0.00549	0.00616	0.00180	0.06017	0.00480	0.00237	0.00596
71	0.00643	0.00463	0.00610	0.00728	0.00765	0.00430	0.00487	0.00737	0.01020	0.01353	0.03014	0.77950	0.06558	0.01643	0.00673	0.00213	0.00305	0.01487	0.00491	0.00430
72	0.01941	0.01437	0.01542	0.01196	0.01603	0.01591	0.00983	0.71116	0.05515	0.03228	0.01354	0.03640	0.01005	0.00668	0.00534	0.00161	0.00567	0.00511	0.00528	0.00883
73	0.00766	0.00590	0.00736	0.06480	0.01014	0.00539	0.00551	0.00954	0.01252	0.03270	0.27336	0.17523	0.28696	0.01171	0.00607	0.00173	0.00314	0.01016	0.00492	0.06522
74	0.01236	0.01088	0.01454	0.13583	0.04509	0.01183	0.07487	0.08389	0.30493	0.01940	0.01514	0.03379	0.01194	0.00820	0.05207	0.00203	0.02642	0.00539	0.00400	0.12739
75	0.01067	0.04289	0.77188	0.01495	0.02270	0.01245	0.01933	0.01672	0.01115	0.01666	0.00945	0.01111	0.00670	0.00501	0.00499	0.00166	0.00777	0.00389	0.00223	0.00779
76	0.01006	0.00949	0.01587	0.76587	0.03539	0.01195	0.01454	0.01347	0.01046	0.01347	0.00929	0.01398	0.00704	0.00546	0.00583	0.00179	0.04313	0.00469	0.00235	0.00587
77	0.00998	0.00940	0.01586	0.80150	0.03641	0.01175	0.01468	0.01351	0.01057	0.01351	0.00940	0.01409	0.00705	0.00529	0.00529	0.00176	0.00705	0.00470	0.00235	0.00587
78	0.01383	0.01052	0.01194	0.06823	0.01489	0.01162	0.00862	0.15553	0.37035	0.08246	0.02311	0.02487	0.09981	0.00818	0.00562	0.00180	0.00461	0.07129	0.00514	0.00761
79	0.01228	0.01040	0.01126	0.01036	0.01305	0.01185	0.00814	0.02506	0.64076	0.02141	0.07648	0.02517	0.02000	0.00818	0.00563	0.00185	0.00413	0.08085	0.00536	0.00777
80	0.02350	0.00905	0.01226	0.00943	0.01350	0.00788	0.00778	0.02581	0.03111	0.76878	0.02087	0.01803	0.01315	0.00656	0.00532	0.00164	0.00449	0.00533	0.00652	0.00898
81	0.12093	0.00953	0.01115	0.00911	0.01248	0.00955	0.00736	0.10334	0.12645	0.36993	0.12582	0.01960	0.01741	0.00701	0.00516	0.00165	0.00421	0.00564	0.02583	0.00783
82	0.00662	0.00475	0.00632	0.00752	0.00794	0.00445	0.00520	0.00768	0.01035	0.01372	0.02966	0.72663	0.05342	0.01631	0.00678	0.00216	0.00321	0.07804	0.00490	0.00435
83	0.61654	0.01026	0.00915	0.00785	0.01128	0.01141	0.00643	0.04620	0.06538	0.15613	0.01092	0.01117	0.00787	0.00541	0.00385	0.00165	0.00423	0.00358	0.00407	0.00661
84	0.01095	0.00625	0.00652	0.00611	0.00765	0.00644	0.00464	0.11400	0.01282	0.02090	0.01749	0.07711	0.01462	0.02393	0.00462	0.00143	0.00302	0.00570	0.65040	0.00540
85	0.04345	0.00565	0.00676	0.00661	0.00796	0.00522	0.00480	0.01001	0.01245	0.06833	0.31566	0.18948	0.20261	0.08747	0.00810	0.00211	0.00310	0.01024	0.00513	0.00487
86	0.00724	0.00496	0.00588	0.00629	0.00643	0.00483	0.00379	0.00758	0.00861	0.01143	0.02171	0.29433	0.04273	0.52846	0.01968	0.00405	0.00438	0.01022	0.00381	0.00360
87	0.00755	0.00566	0.00850	0.00850	0.00944	0.00661	0.00661	0.00944	0.00850	0.01227	0.01416	0.02077	0.01322	0.03965	0.79326	0.00850	0.01416	0.00566	0.00283	0.00472
88	0.00649	0.00462	0.00612	0.00730	0.00759	0.00433	0.00484	0.00737	0.01002	0.01336	0.02862	0.77883	0.03432	0.04938	0.00758	0.00227	0.00315	0.01473	0.00484	0.00425
89	0.01466	0.01139	0.01223	0.01057	0.01377	0.01277	0.00834	0.14818	0.54744	0.07946	0.02192	0.02030	0.06031	0.00736	0.00541	0.00175	0.00439	0.00604	0.00542	0.00828
90	0.00673	0.00499	0.00670	0.00772	0.00801	0.00496	0.00528	0.00766	0.01001	0.01345	0.02790	0.76618	0.03340	0.01615	0.00734	0.00216	0.04778	0.01445	0.00476	0.00438
91	0.00763	0.00582	0.00705	0.00667	0.00816	0.00546	0.00502	0.01077	0.06864	0.01979	0.56917	0.04051	0.20334	0.01110	0.00618	0.00170	0.00265	0.00964	0.00559	0.00512
92	0.85155	0.01022	0.00777	0.00695	0.01022	0.01186	0.00573	0.01554	0.00900	0.02372	0.00736	0.00859	0.00573	0.00491	0.00327	0.00164	0.00409	0.00286	0.00327	0.00573
93	0.00779	0.00600	0.00890	0.00876	0.00962	0.00715	0.00683	0.00960	0.00845	0.01225	0.01378	0.02053	0.01297	0.05506	0.72987	0.00805	0.06118	0.00565	0.00281	0.00475
94	0.01168	0.01113	0.01893	0.37952	0.44509	0.01219	0.01553	0.01500	0.01138	0.01557	0.00970	0.01354	0.00778	0.00497	0.00526	0.00166	0.00663	0.00470	0.00250	0.00725
95	0.02263	0.00924	0.01224	0.00954	0.01352	0.00832	0.00783	0.02600	0.09283	0.70655	0.02092	0.01817	0.01340	0.00661	0.00532	0.00165	0.00447	0.00538	0.00642	0.00893
96	0.02130	0.01195	0.01393	0.01072	0.01478	0.01227	0.00884	0.41865	0.02017	0.35716	0.01638	0.01523	0.01092	0.00642	0.00524	0.00160	0.00513	0.00501	0.03547	0.00885
97	0.00721	0.00530	0.00675	0.00658	0.00778	0.00484	0.00486	0.00938	0.01404	0.01945	0.60228	0.13234	0.13592	0.01180	0.00630	0.00173	0.00258	0.01040	0.00560	0.00484
98	0.01101	0.00944	0.01099	0.00790	0.01256	0.00719	0.00631	0.01367	0.02923	0.01734	0.00969	0.01117	0.00803	0.00399	0.00395	0.00081	0.00392	0.00320	0.00319	0.82640
99	0.00791	0.00627	0.01008	0.00944	0.01068	0.00707	0.06076	0.00995	0.00877	0.01257	0.01395	0.02054	0.01295	0.05044	0.72361	0.00796	0.01363	0.00574	0.00283	0.00487
100	0.00817	0.00536	0.00596	0.00587	0.00607	0.00540	0.00342	0.02752	0.00838	0.01154	0.01660	0.03294	0.01854	0.73410	0.02465	0.00475	0.00495	0.00741	0.06491	0.00348
101	0.01705	0.01286	0.01325	0.02221	0.01482	0.07032	0.00889	0.23920	0.36306	0.13507	0.01763	0.01661	0.01276	0.00667	0.00526	0.00167	0.00510	0.00530	0.02392	0.00836
102	0.05740	0.00598	0.00726	0.00668	0.00838	0.00553	0.00510	0.01122	0.01415	0.08429	0.54958	0.03780	0.16569	0.01054	0.00599	0.00168	0.00279	0.00908	0.00558	0.00528
103	0.00670	0.00479	0.00598	0.00682	0.00719	0.00450	0.00445	0.00745	0.00975	0.01284	0.02855	0.56812	0.09882	0.19492	0.01122	0.00278	0.00349	0.01303	0.00453	0.00406
104	0.00724	0.00484	0.00646	0.00740	0.00793	0.00449	0.00503	0.00832	0.01068	0.04635	0.08256	0.72222	0.03512	0.01573	0.00665	0.00209	0.00309	0.01423	0.00504	0.00454
105	0.00751	0.00563	0.00709	0.00769	0.00862	0.00551	0.00558	0.01032	0.08894	0.01605	0.16605	0.46991	0.07978	0.01417	0.00654	0.00203	0.00323	0.08532	0.00512	0.00490
106	0.06864	0.00526	0.00623	0.00690	0.00770	0.00503	0.00477	0.00829	0.01053	0.01472	0.08765	0.50302	0.14072	0.08173	0.00808	0.00227	0.00325	0.02612	0.00471	0.00440
107	0.06492	0.05050	0.01442	0.01219	0.01510	0.52807	0.00942	0.10829	0.01529	0.03870	0.01223	0.01309	0.06261	0.00619	0.00514	0.00146	0.02850	0.00416	0.00330	0.00643
108	0.00773	0.00593	0.00884	0.00874	0.00964	0.00704	0.00683	0.00959	0.00848	0.01229	0.01383	0.02035	0.01293	0.03827	0.75815	0.00822	0.04992	0.00562	0.00281	0.00477
109	0.01098	0.00727	0.00845	0.00779	0.00920	0.00737	0.00561	0.15363	0.01279	0.07188	0.05598	0.14900	0.06751	0.33840	0.01457	0.00319	0.00462	0.06216	0.00444	0.00517
110	0.00869	0.00606	0.00713	0.00686	0.00859	0.00558	0.00521	0.01142	0.06868	0.08152	0.25528	0.12541	0.33659	0.01200	0.00620	0.00180	0.00302	0.03934	0.00534	0.00528
111	0.01700	0.01260	0.01375	0.01103	0.01449	0.01382	0.00893	0.57559	0.04830	0.02896	0.04764	0.09090	0.04235	0.00918	0.03850	0.00195	0.00560	0.00624	0.00516	0.00801
112	0.00765	0.00511	0.00589	0.00598	0.00608	0.00513	0.00349	0.00786	0.00799	0.01082	0.01745	0.08928	0.01993	0.70109	0.05954	0.00496	0.00532	0.00805	0.02497	0.00339
113	0.00784	0.00580	0.00835	0.00827	0.00918	0.00665	0.00630	0.02542	0.00876	0.01250	0.01441	0.02213	0.01379	0.12474	0.69147	0.00797	0.01298	0.00587	0.00293	0.00464
114	0.00723	0.00545	0.00670	0.00656	0.00789	0.00498	0.00491	0.00953	0.02743	0.01872	0.50236	0.10701	0.22624	0.01197	0.00630	0.00176	0.00269	0.03194	0.00548	0.00486
115	0.00625	0.00536	0.00536	0.00536	0.00714	0.00446	0.00402	0.00759	0.01205	0.01428	0.05355	0.05088	0.77909	0.01339	0.00625	0.00179	0.00268	0.01116	0.00491	0.00446
116	0.00775	0.00519	0.00596	0.00605	0.00614	0.00519	0.00358	0.00792	0.00801	0.01065	0.01747	0.03639	0.02002	0.75683	0.02550	0.00493	0.00511	0.06064	0.00332	0.00332
117	0.07394	0.04407	0.01503	0.16542	0.06028	0.04919	0.01095	0.01437	0.00995	0.06949	0.01011	0.04877	0.00897	0.00860	0.03552	0.00215	0.34363	0.00494	0.01850	0.00611
118	0.01110	0.01096	0.01621	0.20188	0.01941	0.01482	0.02773	0.01288	0.00882	0.01301	0.00807	0.02902	0.00758	0.00836	0.01402	0.00217	0.58087	0.00490	0.00238	0.00580
119	0.00742	0.00624	0.00655	0.00632	0.00821	0.00580	0.00478	0.01090	0.12326	0.01636	0.14720	0.04479	0.56888	0.01213	0.00612	0.00177	0.00287	0.01018	0.00510	0.00510
120	0.01937	0.01337	0.01479	0.01154	0.01547	0.01459	0.00948	0.59801	0.05052	0.11785	0.01406	0.01414	0.01003	0.00875	0.06090	0.00209	0.00619	0.00493	0.00526	0.00867
121	0.01206	0.01337	0.02788	0.13210	0.02783	0.01335	0.59926	0.01613	0.01188	0.01613	0.01023	0.01403	0.00780	0.00494	0.00695	0.00182	0.06890	0.00590	0.00260	0.00685
122	0.01941	0.02417	0.01465	0.01327	0.01598	0.74214	0.00998	0.04258	0.01513	0.01378	0.00863	0.00999	0.00711	0.00550	0.00474	0.00136	0.00917	0.00350	0.03274	0.00617
123	0.00644	0.00462	0.00611	0.00731	0.00765	0.00430	0.00488	0.00737	0.01017	0.01352	0.02976	0.79152	0.05381	0.01648	0.00673	0.00214	0.00306	0.01493	0.00491	0.00430
124	0.01078	0.00769	0.00910	0.02598	0.01073	0.00781	0.00645	0.20263	0.01499	0.04806	0.12828	0.36158	0.12042	0.01215	0.00616	0.00187	0.00379	0.01059	0.00513	0.00582
125	0.00885	0.00628	0.00851	0.00904	0.06520	0.00597	0.00617	0.02722	0.02776	0.05434	0.51644	0.16544	0.04078	0.01105	0.00619	0.00175	0.00311	0.02503	0.00543	0.00545
126	0.00644	0.00460	0.00613	0.00736	0.00767	0.00429	0.00491	0.00736	0.01012	0.01350	0.02914	0.81076	0.03497	0.01656	0.00675	0.00215	0.00307	0.01503	0.00491	0.00429
127	0.01108	0.01071	0.01896	0.57501	0.08867	0.01229	0.14581	0.04592	0.01162	0.01522	0.00980	0.01399	0.00740	0.00514	0.00545	0.00174	0.00727	0.00497	0.00255	0.00641
128	0.01078	0.05926	0.72676	0.01478	0.02216	0.01278	0.01880	0.01655	0.01103	0.01641	0.00930	0.01107	0.00671	0.00516	0.00542	0.00168	0.03753	0.00389	0.00224	0.00769
129	0.01203	0.01355	0.02936	0.02119	0.02616	0.01270	0.70648	0.01623	0.01230	0.01668	0.01205	0.07270	0.01000	0.00534	0.00628	0.00181	0.00848	0.00688	0.00284	0.00692
130	0.00659	0.00471	0.00631	0.00754	0.00791	0.00443	0.00517	0.00762	0.01027	0.01367	0.02905	0.75565	0.03463	0.01642	0.00679	0.00217	0.00320	0.06863	0.00490	0.00434
131	0.01656	0.01556	0.01536	0.07055	0.01764	0.20151	0.06377	0.26445	0.18597	0.03150	0.01482	0.01594	0.03297	0.00649	0.00532	0.00163	0.00653	0.02155	0.00428	0.00758
132	0.00940	0.00694	0.00905	0.00801	0.00903	0.00711	0.05887	0.09569	0.01046	0.01413	0.04732	0.05707	0.01854	0.53544	0.08700	0.00452	0.00607	0.00741	0.00354	0.00439
133	0.00639	0.00539	0.00555	0.00559	0.00733	0.00455	0.00424	0.00781	0.01216	0.01459	0.07830	0.05084	0.72177	0.01335	0.00629	0.00181	0.00276	0.04185	0.00494	0.00450
134	0.01071	0.04472	0.66298	0.01521	0.02242	0.01226	0.08533	0.01639	0.01131	0.01657	0.01100	0.01349	0.02467	0.00539	0.00518	0.00169	0.00767	0.02303	0.00240	0.00758
135	0.03898	0.46056	0.19386	0.01131	0.01639	0.07906	0.04535	0.01721	0.01152	0.06940	0.00901	0.01011	0.00724	0.00486	0.00413	0.00135	0.00646	0.00345	0.00265	0.00710
136	0.01063	0.06101	0.72094	0.01445	0.02185	0.01235	0.01846	0.01642	0.01130	0.01674	0.04159	0.01223	0.00851	0.00524	0.00500	0.00165	0.00750	0.00410	0.00238	0.00765
137	0.13577	0.50964	0.12669	0.01004	0.01464	0.09950	0.01011	0.01647	0.01099	0.01471	0.00773	0.00897	0.00662	0.00474	0.00374	0.00130	0.00613	0.00304	0.00245	0.00670
138	0.00771	0.00586	0.00708	0.00680	0.00833	0.00546	0.00523	0.02935	0.03638	0.01916	0.47206	0.04305	0.25077	0.01162	0.00628	0.00176	0.00287	0.06974	0.00546	0.00503
139	0.01185	0.07110	0.02123	0.07548	0.01995	0.01392	0.26033	0.01450	0.01036	0.01482	0.00877	0.01234	0.00743	0.00622	0.00973	0.00178	0.30279	0.00482	0.00255	0.13004
140	0.01747	0.04394	0.04135	0.00974	0.01328	0.00987	0.00813	0.15475	0.08240	0.34137	0.04897	0.13209	0.01648	0.00792	0.00540	0.00166	0.00457	0.00659	0.00544	0.04858
141	0.00832	0.00603	0.00821	0.00932	0.01044	0.00605	0.00781	0.01103	0.04613	0.01565	0.02792	0.20453	0.03067	0.01465	0.00711	0.00235	0.00449	0.56949	0.00490	0.00491
142	0.01140	0.01154	0.01807	0.09063	0.01788	0.01502	0.12060	0.01329	0.00898	0.01339	0.00798	0.01253	0.00733	0.00925	0.04201	0.00240	0.58446	0.00490	0.00239	0.00595
143	0.11776	0.45515	0.15065	0.01055	0.01512	0.12863	0.01062	0.01664	0.01115	0.01463	0.00782	0.00916	0.00665	0.00488	0.00414	0.00134	0.02284	0.00313	0.00245	0.00671
144	0.02145	0.00895	0.01173	0.00923	0.01305	0.00803	0.00755	0.02465	0.08534	0.65734	0.02332	0.02057	0.06957	0.00710	0.00539	0.00166	0.00434	0.00581	0.00631	0.00861
145	0.00697	0.00514	0.00652	0.00668	0.00771	0.00469	0.00482	0.00880	0.01301	0.01774	0.43435	0.28377	0.15426	0.01300	0.00640	0.00183	0.00270	0.01152	0.00540	0.00469
146	0.01022	0.00987	0.01188	0.11858	0.01508	0.12191	0.02826	0.01224	0.00977	0.01271	0.01175	0.01705	0.01062	0.02573	0.46532	0.00569	0.10027	0.00511	0.00269	0.00526
147	0.01364	0.01008	0.01174	0.01134	0.05508	0.01102	0.00845	0.05533	0.44236	0.11105	0.02099	0.02567	0.01731	0.06720	0.00722	0.00209	0.00458	0.11214	0.00513	0.00759
148	0.01357	0.01349	0.02098	0.03107	0.72511	0.06982	0.01578	0.01658	0.01225	0.01695	0.00981	0.01282	0.00826	0.00476	0.00520	0.00155	0.00652	0.00461	0.00262	0.00821
149	0.00755	0.00566	0.00850	0.00850	0.00944	0.00661	0.00661	0.00944	0.00850	0.01227	0.01416	0.02077	0.01322	0.03965	0.79326	0.00850	0.01416	0.00566	0.00283	0.00472
150	0.01151	0.00899	0.01056	0.02105	0.07763	0.00941	0.00760	0.04948	0.30632	0.07403	0.07072	0.05915	0.23654	0.00935	0.00575	0.00177	0.00394	0.02429	0.00504	0.00687
151	0.00835	0.00600	0.00831	0.00948	0.01068	0.00595	0.00821	0.01068	0.01208	0.01567	0.02894	0.09077	0.05708	0.01464	0.00724	0.00240	0.00472	0.68909	0.00487	0.00483
152	0.00751	0.00505	0.00582	0.00599	0.00603	0.00501	0.00344	0.00764	0.00803	0.01071	0.01841	0.14392	0.02144	0.70186	0.02407	0.00471	0.00484	0.00872	0.00344	0.00336
153	0.01279	0.01226	0.02093	0.10481	0.71115	0.01248	0.01608	0.01597	0.01190	0.01692	0.00989	0.01318	0.00825	0.00476	0.00524	0.00159	0.00635	0.00471	0.00259	0.00814
154	0.01294	0.01268	0.02036	0.14246	0.63925	0.04775	0.01573	0.01605	0.01196	0.01653	0.00978	0.01307	0.00811	0.00483	0.00522	0.00159	0.00654	0.00465	0.00258	0.00791
155	0.00769	0.00513	0.00577	0.00577	0.00577	0.00513	0.00320	0.00769	0.00769	0.01025	0.01666	0.03460	0.01922	0.81421	0.02691	0.00513	0.00513	0.00769	0.00320	0.00320
156	0.01219	0.01347	0.02837	0.12733	0.08855	0.01309	0.60293	0.01642	0.01219	0.01650	0.01046	0.01414	0.00792	0.00459	0.00603	0.00176	0.00845	0.00591	0.00263	0.00706
157	0.57844	0.04829	0.01016	0.00823	0.01147	0.09086	0.00671	0.07120	0.02832	0.04191	0.05486	0.01132	0.00920	0.00550	0.00385	0.00159	0.00475	0.00359	0.00360	0.00615
158	0.02069	0.00921	0.01184	0.00945	0.01317	0.00858	0.00768	0.02513	0.15579	0.59422	0.05084	0.01997	0.03446	0.00700	0.00539	0.00167	0.00432	0.00575	0.00626	0.00861
159	0.00852	0.00608	0.00852	0.00974	0.01095	0.00608	0.00852	0.01095	0.01217	0.01582	0.02799	0.05963	0.03042	0.01460	0.00730	0.00243	0.00487	0.74565	0.00487	0.00487
160	0.01162	0.01260	0.02573	0.01979	0.05749	0.01245	0.54320	0.01516	0.01161	0.01597	0.01250	0.10776	0.01126	0.01929	0.00783	0.00193	0.09723	0.00704	0.00290	0.00664
161	0.00671	0.00541	0.00603	0.00618	0.00774	0.00473	0.00475	0.00833	0.01239	0.01543	0.15400	0.08889	0.54484	0.01332	0.00640	0.00186	0.00294	0.10044	0.00504	0.00458
162	0.01064	0.00612	0.00820	0.00773	0.00942	0.00563	0.00607	0.01290	0.01412	0.16462	0.44934	0.10694	0.03849	0.01111	0.00628	0.00182	0.00330	0.12587	0.00573	0.00567
163	0.02036	0.00821	0.01107	0.00880	0.01218	0.00718	0.00706	0.02225	0.01437	0.62686	0.09095	0.05261	0.01781	0.06659	0.00704	0.00191	0.00430	0.00627	0.00617	0.00801
164	0.00780	0.00579	0.00742	0.00765	0.00891	0.00557	0.00598	0.01063	0.05492	0.01811	0.36757	0.15274	0.11106	0.01265	0.00654	0.00195	0.00330	0.20108	0.00533	0.00500
165	0.02027	0.00882	0.01163	0.00936	0.01288	0.00804	0.00768	0.07488	0.03144	0.57297	0.08703	0.04302	0.01790	0.00776	0.00558	0.00171	0.00440	0.06023	0.00620	0.00821
166	0.01032	0.04088	0.67468	0.01379	0.02057	0.01157	0.01730	0.01560	0.01072	0.01585	0.01033	0.01400	0.00825	0.10499	0.00769	0.00209	0.00744	0.00435	0.00235	0.00722
167	0.00899	0.00727	0.00783	0.00754	0.00946	0.00738	0.00563	0.01469	0.25872	0.03328	0.05867	0.14774	0.35494	0.04513	0.00688	0.00197	0.00336	0.00971	0.00505	0.00577
168	0.01090	0.00608	0.00806	0.00784	0.00949	0.00554	0.00605	0.01275	0.01301	0.18898	0.23233	0.25528	0.08802	0.01223	0.00633	0.00192	0.00347	0.12056	0.00552	0.00564
169	0.00669	0.00536	0.00600	0.00609	0.00761	0.00468	0.00461	0.00832	0.01253	0.01580	0.20347	0.10484	0.51632	0.01316	0.00636	0.00183	0.00282	0.06381	0.00510	0.00459
170	0.00785	0.00611	0.00877	0.00869	0.00936	0.00720	0.00662	0.00935	0.00862	0.01232	0.01572	0.13395	0.01615	0.09890	0.53044	0.00662	0.09850	0.00706	0.00310	0.00465
171	0.00841	0.00586	0.00714	0.00746	0.00910	0.00532	0.00608	0.01022	0.01227	0.07025	0.05317	0.09190	0.38351	0.01349	0.00661	0.00204	0.00367	0.29352	0.00503	0.00494
172	0.01752	0.02062	0.01753	0.11208	0.02047	0.50592	0.11986	0.09357	0.01506	0.01562	0.00914	0.01110	0.00723	0.00537	0.00510	0.00149	0.00877	0.00411	0.00293	0.00653
173	0.01058	0.00664	0.00860	0.00816	0.01012	0.00616	0.00657	0.01339	0.04774	0.13271	0.28791	0.08448	0.07069	0.01103	0.00622	0.00185	0.00367	0.21212	0.00535	0.06603
174	0.07057	0.54826	0.07737	0.00943	0.01360	0.06480	0.00918	0.01592	0.01106	0.04610	0.00991	0.06823	0.00917	0.00564	0.00392	0.00132	0.00564	0.00398	0.01928	0.00662
175	0.07347	0.38620	0.11117	0.01116	0.02487	0.15207	0.01045	0.09888	0.02900	0.03238	0.00893	0.00999	0.00730	0.00515	0.00436	0.00137	0.01988	0.00344	0.00290	0.00704
176	0.01802	0.02962	0.01419	0.01102	0.01474	0.01390	0.00898	0.46078	0.15991	0.11712	0.07016	0.01678	0.01383	0.01926	0.00567	0.00168	0.00511	0.00540	0.00539	0.00845

[dist]
# distance from previous block
# <min> <max>
0	1

[block]
# block no. 4 follows, 46 sequences, length 28
# corresponding to MSA columns:
# 330-357
name=unknown_E
#
# <colnr> <probs for GDERKNQSTAVLIFYWHMCP>
#	G	D	E	R	K	N	Q	S	T	A	V	L	I	F	Y	W	H	M	C	P
0	0.01216	0.00910	0.01047	0.00880	0.01150	0.00913	0.00684	0.23045	0.03962	0.03628	0.05967	0.11018	0.08064	0.08154	0.10552	0.00269	0.00560	0.00682	0.00437	0.16864
1	0.06013	0.23241	0.27939	0.01240	0.01711	0.08133	0.05704	0.01563	0.01079	0.01485	0.00917	0.01157	0.00758	0.00949	0.10374	0.00240	0.06189	0.00392	0.00245	0.00671
2	0.01694	0.02096	0.08104	0.01344	0.02700	0.48035	0.01088	0.03309	0.10190	0.03355	0.01091	0.01217	0.02198	0.00626	0.00649	0.00158	0.10762	0.00413	0.00311	0.00661
3	0.00806	0.00637	0.00932	0.00903	0.00981	0.00773	0.00706	0.00976	0.00841	0.01223	0.01338	0.02031	0.01273	0.07424	0.65845	0.00756	0.11235	0.00563	0.00279	0.00478
4	0.00918	0.00459	0.00689	0.00689	0.00689	0.00459	0.00459	0.00689	0.00689	0.00918	0.00918	0.01607	0.00918	0.01837	0.02066	0.84619	0.00459	0.00459	0.00230	0.00230
5	0.00707	0.00506	0.00640	0.00694	0.00758	0.00477	0.00483	0.00830	0.01098	0.01473	0.18639	0.37072	0.09190	0.17384	0.01066	0.00263	0.00348	0.07465	0.00476	0.00429
6	0.00978	0.00901	0.01496	0.67460	0.05969	0.01093	0.01353	0.01316	0.01117	0.01460	0.10539	0.01723	0.01244	0.00595	0.00540	0.00174	0.00645	0.00531	0.00279	0.00585
7	0.00662	0.00472	0.00623	0.00721	0.00761	0.00441	0.00484	0.00769	0.01060	0.01428	0.11854	0.68529	0.03609	0.04968	0.00754	0.00222	0.00309	0.01406	0.00494	0.00433
8	0.00665	0.00471	0.00613	0.00713	0.00744	0.00443	0.00470	0.00753	0.01006	0.01347	0.06471	0.67567	0.03374	0.11582	0.00924	0.00249	0.00330	0.01384	0.00474	0.00419
9	0.00726	0.00531	0.00656	0.00635	0.00745	0.00489	0.00457	0.00912	0.01318	0.01809	0.51243	0.08065	0.16047	0.12952	0.00930	0.00222	0.00294	0.00982	0.00524	0.00461
10	0.01018	0.00960	0.01622	0.75183	0.08452	0.01180	0.01478	0.01368	0.01067	0.01375	0.00943	0.01403	0.00713	0.00525	0.00528	0.00175	0.00700	0.00470	0.00237	0.00603
11	0.01060	0.02735	0.78682	0.01507	0.02288	0.01228	0.01953	0.01674	0.01116	0.01674	0.00949	0.01116	0.00670	0.00502	0.00502	0.00167	0.00781	0.00391	0.00223	0.00781
12	0.00982	0.00545	0.00756	0.00736	0.00773	0.00564	0.00506	0.02892	0.07315	0.01094	0.01034	0.01629	0.00978	0.01708	0.01894	0.75100	0.00459	0.00472	0.00264	0.00300
13	0.01902	0.00942	0.01175	0.00951	0.01299	0.00914	0.00768	0.07686	0.17529	0.46642	0.12352	0.02090	0.01844	0.00724	0.00545	0.00167	0.00425	0.00599	0.00611	0.00832
14	0.01310	0.01516	0.09316	0.01972	0.02487	0.01356	0.56054	0.10974	0.01374	0.01875	0.01165	0.01451	0.02502	0.00511	0.00642	0.00177	0.03696	0.00590	0.00300	0.00731
15	0.00748	0.00513	0.00584	0.00590	0.00612	0.00504	0.00349	0.00775	0.00840	0.01110	0.03910	0.08285	0.08616	0.66230	0.03839	0.00464	0.00490	0.00844	0.00351	0.00345
16	0.01134	0.00573	0.00612	0.00573	0.00727	0.00569	0.00434	0.04734	0.01187	0.08555	0.01757	0.03634	0.01403	0.04646	0.00512	0.00149	0.00294	0.00530	0.67442	0.00536
