[name]
unknown

[dist]
# distance from previous block
# <min> <max>
27	278

[block]
# block no. 0 follows, 42 sequences, length 47
# corresponding to MSA columns:
# 307-329,332-355
name=unknown_A
#
# <colnr> <probs for GDERKNQSTAVLIFYWHMCP>
#	G	D	E	R	K	N	Q	S	T	A	V	L	I	F	Y	W	H	M	C	P
0	0.42827	0.21650	0.01505	0.00896	0.01284	0.01532	0.00775	0.05470	0.11820	0.06044	0.01100	0.01153	0.00854	0.00563	0.00405	0.00162	0.00491	0.00374	0.00381	0.00714
1	0.13366	0.05101	0.03637	0.00862	0.01117	0.01007	0.00711	0.14602	0.01443	0.02120	0.11604	0.07982	0.17081	0.06748	0.00776	0.00208	0.03371	0.02854	0.04797	0.00613
2	0.05844	0.05417	0.02960	0.01051	0.01349	0.03842	0.00868	0.23353	0.01684	0.03576	0.19306	0.06361	0.03404	0.00849	0.00707	0.00172	0.09554	0.00656	0.00473	0.08576
3	0.00713	0.00532	0.00749	0.00832	0.00888	0.00496	0.03280	0.00823	0.01085	0.01443	0.03061	0.72813	0.05523	0.03891	0.00775	0.00235	0.00355	0.01532	0.00508	0.00466
4	0.22558	0.08783	0.02929	0.06660	0.01788	0.03426	0.10457	0.17385	0.10043	0.02333	0.01209	0.03021	0.00950	0.00598	0.00496	0.00168	0.00598	0.00479	0.00394	0.05723
5	0.06458	0.00881	0.02831	0.00814	0.01038	0.00839	0.00610	0.07771	0.08849	0.06919	0.06179	0.02827	0.07357	0.33063	0.01482	0.00317	0.00487	0.00696	0.00435	0.10146
6	0.32943	0.21079	0.01609	0.01008	0.01376	0.17053	0.00844	0.10219	0.03053	0.02061	0.00935	0.01104	0.00775	0.03268	0.00499	0.00167	0.00619	0.00364	0.00340	0.00683
7	0.06514	0.03666	0.02236	0.00763	0.00939	0.00679	0.00574	0.01233	0.01179	0.13148	0.08091	0.22528	0.15404	0.17792	0.01092	0.00268	0.00415	0.02443	0.00491	0.00546
8	0.00824	0.00621	0.00905	0.00899	0.01005	0.00717	0.00695	0.01070	0.03481	0.01373	0.04334	0.02316	0.01578	0.05758	0.70716	0.00845	0.01402	0.00625	0.00324	0.00513
9	0.01280	0.10487	0.05999	0.15867	0.10242	0.02985	0.27295	0.04327	0.01277	0.01692	0.01262	0.05241	0.02913	0.00635	0.00627	0.02685	0.00748	0.00593	0.00299	0.03545
10	0.01724	0.13930	0.06433	0.01244	0.01604	0.31764	0.01043	0.07540	0.11128	0.05383	0.01254	0.03662	0.01032	0.00825	0.04544	0.00194	0.02309	0.00464	0.00364	0.03562
11	0.01630	0.01259	0.01449	0.01372	0.10126	0.01361	0.00978	0.33709	0.19499	0.04913	0.04084	0.02196	0.10283	0.03745	0.00665	0.00191	0.00528	0.00645	0.00525	0.00842
12	0.01049	0.00525	0.00525	0.00525	0.00656	0.00525	0.00393	0.01311	0.01180	0.02098	0.01836	0.02098	0.01442	0.00656	0.00393	0.00131	0.00262	0.00525	0.83346	0.00525
13	0.01167	0.01000	0.01167	0.00834	0.01334	0.00750	0.00667	0.01417	0.01167	0.01834	0.01000	0.01167	0.00834	0.00417	0.00417	0.00083	0.00417	0.00333	0.00333	0.83663
14	0.01154	0.05921	0.45696	0.07252	0.02357	0.01361	0.11166	0.01649	0.01156	0.01669	0.01102	0.05691	0.00907	0.00648	0.00707	0.00188	0.09833	0.00524	0.00262	0.00756
15	0.02286	0.00910	0.01230	0.00980	0.01366	0.00798	0.00794	0.02523	0.03322	0.66593	0.02323	0.10903	0.01669	0.00821	0.00584	0.00181	0.00461	0.00687	0.00673	0.00898
16	0.01152	0.02750	0.68779	0.01692	0.02494	0.01320	0.10445	0.01785	0.01204	0.01785	0.01025	0.01226	0.00729	0.00528	0.00550	0.00180	0.00845	0.00444	0.00243	0.00823
17	0.02011	0.03580	0.13095	0.01426	0.10319	0.02609	0.01164	0.14976	0.01654	0.36851	0.01625	0.01564	0.01097	0.00624	0.00546	0.00166	0.00589	0.00503	0.00517	0.05086
18	0.00687	0.00571	0.00600	0.00593	0.00773	0.00484	0.00444	0.00849	0.01333	0.01641	0.17263	0.05218	0.64846	0.01380	0.00665	0.00188	0.00282	0.01160	0.00538	0.00484
19	0.00719	0.00572	0.00645	0.00627	0.00793	0.00498	0.00470	0.00912	0.01410	0.01823	0.34758	0.04918	0.47238	0.01312	0.00665	0.00185	0.00277	0.01118	0.00562	0.00498
20	0.01000	0.00734	0.00931	0.10882	0.01239	0.00804	0.00650	0.09464	0.01085	0.01459	0.01575	0.02859	0.01634	0.46670	0.16206	0.00522	0.00759	0.00701	0.00347	0.00479
21	0.02103	0.03857	0.03638	0.01234	0.01680	0.01569	0.01042	0.56923	0.02339	0.14618	0.01464	0.01452	0.01027	0.00801	0.03427	0.00196	0.00636	0.00511	0.00555	0.00930
22	0.05584	0.00735	0.01077	0.08073	0.09884	0.00754	0.00780	0.02513	0.01010	0.08883	0.05088	0.01759	0.01197	0.01397	0.01493	0.47939	0.00520	0.00517	0.00325	0.00471
23	0.00837	0.00585	0.00761	0.00712	0.00854	0.00537	0.00536	0.01098	0.01584	0.04163	0.72459	0.04180	0.07267	0.01147	0.00661	0.00177	0.00272	0.01011	0.00619	0.00540
24	0.03191	0.06697	0.52179	0.03982	0.02429	0.01349	0.14594	0.01819	0.01226	0.05806	0.01079	0.01272	0.00773	0.00530	0.00546	0.00177	0.00809	0.00461	0.00274	0.00808
25	0.01526	0.01444	0.06667	0.14923	0.14945	0.09090	0.10053	0.06067	0.12404	0.10528	0.01428	0.03912	0.01106	0.00663	0.00613	0.02209	0.00689	0.00562	0.00387	0.00784
26	0.11848	0.00978	0.01238	0.00973	0.01386	0.00900	0.00799	0.02597	0.05226	0.63330	0.03498	0.01854	0.01395	0.00689	0.00543	0.00175	0.00468	0.00548	0.00649	0.00906
27	0.00862	0.00635	0.00862	0.09720	0.01207	0.00620	0.00658	0.01128	0.01505	0.03965	0.57901	0.03994	0.10732	0.01105	0.00653	0.00181	0.00335	0.02820	0.00568	0.00547
28	0.01868	0.01114	0.01400	0.10109	0.03814	0.01156	0.00971	0.27746	0.01814	0.26722	0.01854	0.11718	0.01506	0.03221	0.00657	0.00194	0.00549	0.02211	0.00549	0.00826
29	0.01519	0.09166	0.20729	0.10522	0.02381	0.08626	0.20235	0.05159	0.01379	0.11511	0.02696	0.01428	0.00947	0.00561	0.00560	0.00173	0.00782	0.00509	0.00338	0.00778
30	0.01505	0.80561	0.02949	0.00963	0.01444	0.02227	0.00963	0.01685	0.01143	0.01324	0.00782	0.00903	0.00722	0.00481	0.00361	0.00120	0.00602	0.00301	0.00241	0.00722
31	0.01308	0.01129	0.01474	0.01079	0.01564	0.00970	0.09251	0.11000	0.03623	0.02059	0.01148	0.03043	0.00944	0.00498	0.00476	0.00113	0.00503	0.00432	0.00369	0.59017
32	0.01063	0.01000	0.01688	0.78870	0.03876	0.01250	0.01563	0.01438	0.01125	0.01438	0.01000	0.01500	0.00750	0.00563	0.00563	0.00188	0.00750	0.00500	0.00250	0.00625
33	0.00881	0.00630	0.00878	0.01007	0.01126	0.00626	0.00863	0.01122	0.01270	0.01656	0.02994	0.14820	0.03294	0.01579	0.00771	0.00256	0.00496	0.64704	0.00519	0.00511
34	0.02368	0.00963	0.01290	0.00982	0.01425	0.00818	0.00809	0.02590	0.01560	0.68427	0.02080	0.01829	0.01329	0.00664	0.00549	0.00164	0.00472	0.00539	0.00655	0.10490
35	0.02525	0.00958	0.01306	0.01001	0.01437	0.00827	0.00827	0.02743	0.01611	0.77102	0.02220	0.01915	0.01393	0.00697	0.00566	0.00174	0.00479	0.00566	0.00697	0.00958
36	0.02139	0.01576	0.01689	0.01295	0.01745	0.01745	0.01070	0.74835	0.02646	0.03547	0.01351	0.01351	0.00957	0.00676	0.00563	0.00169	0.00619	0.00507	0.00563	0.00957
37	0.00698	0.00500	0.00664	0.00775	0.00819	0.00466	0.00523	0.00816	0.01137	0.01531	0.11551	0.71136	0.03905	0.01692	0.00712	0.00223	0.00319	0.01533	0.00534	0.00466
38	0.00686	0.00490	0.00653	0.00784	0.00816	0.00457	0.00522	0.00784	0.01077	0.01437	0.03102	0.79855	0.03722	0.01763	0.00718	0.00229	0.00326	0.01600	0.00522	0.00457
39	0.01063	0.01000	0.01688	0.78870	0.03876	0.01250	0.01563	0.01438	0.01125	0.01438	0.01000	0.01500	0.00750	0.00563	0.00563	0.00188	0.00750	0.00500	0.00250	0.00625
40	0.00686	0.00490	0.00653	0.00784	0.00816	0.00457	0.00522	0.00784	0.01077	0.01437	0.03102	0.79855	0.03722	0.01763	0.00718	0.00229	0.00326	0.01600	0.00522	0.00457
41	0.01231	0.01231	0.01724	0.01477	0.01477	0.01724	0.01231	0.01354	0.00862	0.01354	0.00739	0.01231	0.00739	0.00985	0.01847	0.00246	0.79192	0.00492	0.00246	0.00616
42	0.00818	0.00546	0.00614	0.00614	0.00614	0.00546	0.00341	0.00818	0.00818	0.01091	0.01773	0.03683	0.02046	0.80222	0.02864	0.00546	0.00546	0.00818	0.00341	0.00341
43	0.01231	0.01231	0.01724	0.01477	0.01477	0.01724	0.01231	0.01354	0.00862	0.01354	0.00739	0.01231	0.00739	0.00985	0.01847	0.00246	0.79192	0.00492	0.00246	0.00616
44	0.01505	0.80561	0.02949	0.00963	0.01444	0.02227	0.00963	0.01685	0.01143	0.01324	0.00782	0.00903	0.00722	0.00481	0.00361	0.00120	0.00602	0.00301	0.00241	0.00722
45	0.01049	0.00525	0.00525	0.00525	0.00656	0.00525	0.00393	0.01311	0.01180	0.02098	0.01836	0.02098	0.01442	0.00656	0.00393	0.00131	0.00262	0.00525	0.83346	0.00525
46	0.00814	0.00546	0.00612	0.00612	0.00618	0.00543	0.00344	0.00818	0.00833	0.01105	0.01896	0.03737	0.04381	0.77750	0.02795	0.00534	0.00537	0.00830	0.00347	0.00345

[dist]
# distance from previous block
# <min> <max>
0	16

[block]
# block no. 1 follows, 42 sequences, length 11
# corresponding to MSA columns:
# 372-382
name=unknown_B
#
# <colnr> <probs for GDERKNQSTAVLIFYWHMCP>
#	G	D	E	R	K	N	Q	S	T	A	V	L	I	F	Y	W	H	M	C	P
0	0.84197	0.01088	0.00827	0.00740	0.01088	0.01262	0.00609	0.01654	0.00958	0.02525	0.00784	0.00914	0.00609	0.00522	0.00348	0.00174	0.00435	0.00305	0.00348	0.00609
1	0.01049	0.00525	0.00525	0.00525	0.00656	0.00525	0.00393	0.01311	0.01180	0.02098	0.01836	0.02098	0.01442	0.00656	0.00393	0.00131	0.00262	0.00525	0.83346	0.00525
2	0.01505	0.80561	0.02949	0.00963	0.01444	0.02227	0.00963	0.01685	0.01143	0.01324	0.00782	0.00903	0.00722	0.00481	0.00361	0.00120	0.00602	0.00301	0.00241	0.00722
3	0.22249	0.00989	0.01190	0.00938	0.01352	0.00932	0.00775	0.02480	0.01453	0.59091	0.01873	0.01674	0.01204	0.00654	0.00513	0.00174	0.00468	0.00503	0.00612	0.00874
4	0.02139	0.01576	0.01689	0.01295	0.01745	0.01745	0.01070	0.74835	0.02646	0.03547	0.01351	0.01351	0.00957	0.00676	0.00563	0.00169	0.00619	0.00507	0.00563	0.00957
5	0.00783	0.00575	0.00734	0.00694	0.00833	0.00525	0.00521	0.01036	0.01562	0.02183	0.69306	0.04326	0.12465	0.01178	0.00664	0.00178	0.00267	0.01035	0.00610	0.00525
6	0.00686	0.00490	0.00653	0.00784	0.00816	0.00457	0.00522	0.00784	0.01077	0.01437	0.03102	0.79855	0.03722	0.01763	0.00718	0.00229	0.00326	0.01600	0.00522	0.00457
7	0.00686	0.00490	0.00653	0.00784	0.00816	0.00457	0.00522	0.00784	0.01077	0.01437	0.03102	0.79855	0.03722	0.01763	0.00718	0.00229	0.00326	0.01600	0.00522	0.00457
8	0.01505	0.80561	0.02949	0.00963	0.01444	0.02227	0.00963	0.01685	0.01143	0.01324	0.00782	0.00903	0.00722	0.00481	0.00361	0.00120	0.00602	0.00301	0.00241	0.00722
9	0.01505	0.80561	0.02949	0.00963	0.01444	0.02227	0.00963	0.01685	0.01143	0.01324	0.00782	0.00903	0.00722	0.00481	0.00361	0.00120	0.00602	0.00301	0.00241	0.00722
10	0.01412	0.01247	0.01433	0.06005	0.11649	0.03858	0.01034	0.07770	0.48789	0.02255	0.04477	0.02058	0.04031	0.00739	0.00573	0.00184	0.00513	0.00622	0.00504	0.00847

[dist]
# distance from previous block
# <min> <max>
0	1

[block]
# block no. 2 follows, 42 sequences, length 127
# corresponding to MSA columns:
# 384-484,486-511
name=unknown_C
#
# <colnr> <probs for GDERKNQSTAVLIFYWHMCP>
#	G	D	E	R	K	N	Q	S	T	A	V	L	I	F	Y	W	H	M	C	P
0	0.09102	0.07470	0.25221	0.01218	0.03416	0.01148	0.04357	0.03277	0.01216	0.05551	0.01041	0.01191	0.00799	0.00492	0.00467	0.00137	0.00598	0.00387	0.00317	0.32594
1	0.17249	0.14396	0.01539	0.01118	0.01430	0.32776	0.00883	0.05835	0.07333	0.01755	0.01106	0.02964	0.00974	0.07625	0.00675	0.00189	0.00717	0.00438	0.00340	0.00659
2	0.00797	0.00538	0.00629	0.00656	0.00666	0.00533	0.00390	0.00822	0.00878	0.01170	0.02045	0.17392	0.02380	0.63948	0.02421	0.00481	0.00506	0.03003	0.00378	0.00367
3	0.00906	0.00691	0.00838	0.00780	0.00949	0.00684	0.00591	0.02955	0.12855	0.02231	0.56989	0.05853	0.09263	0.01115	0.00649	0.00181	0.00303	0.00975	0.00602	0.00590
4	0.84197	0.01088	0.00827	0.00740	0.01088	0.01262	0.00609	0.01654	0.00958	0.02525	0.00784	0.00914	0.00609	0.00522	0.00348	0.00174	0.00435	0.00305	0.00348	0.00609
5	0.01129	0.02911	0.77306	0.01604	0.02436	0.01307	0.02079	0.01782	0.01188	0.01782	0.01010	0.01188	0.00713	0.00535	0.00535	0.00178	0.00832	0.00416	0.00238	0.00832
6	0.01393	0.01337	0.02284	0.03454	0.76712	0.01337	0.01727	0.01727	0.01281	0.01839	0.01059	0.01393	0.00891	0.00501	0.00557	0.00167	0.00669	0.00501	0.00279	0.00891
7	0.01458	0.01238	0.01305	0.01157	0.01486	0.01427	0.00905	0.08629	0.69962	0.02448	0.02217	0.02041	0.01658	0.00757	0.00572	0.00189	0.00459	0.00626	0.00572	0.00896
8	0.02525	0.00958	0.01306	0.01001	0.01437	0.00827	0.00827	0.02743	0.01611	0.77102	0.02220	0.01915	0.01393	0.00697	0.00566	0.00174	0.00479	0.00566	0.00697	0.00958
9	0.21155	0.00962	0.01112	0.00879	0.01280	0.00884	0.00715	0.02042	0.01346	0.36492	0.06280	0.03604	0.01390	0.00649	0.00492	0.00156	0.00438	0.00508	0.00526	0.19091
10	0.01167	0.01000	0.01167	0.00834	0.01334	0.00750	0.00667	0.01417	0.01167	0.01834	0.01000	0.01167	0.00834	0.00417	0.00417	0.00083	0.00417	0.00333	0.00333	0.83663
11	0.02102	0.02682	0.01595	0.01450	0.01740	0.77963	0.01087	0.02247	0.01595	0.01377	0.00870	0.01015	0.00725	0.00580	0.00507	0.00145	0.01015	0.00362	0.00290	0.00652
12	0.00996	0.00573	0.00768	0.00814	0.00920	0.00523	0.00573	0.01126	0.01203	0.13940	0.08355	0.61467	0.03456	0.01543	0.00689	0.00216	0.00347	0.01387	0.00558	0.00545
13	0.02102	0.02682	0.01595	0.01450	0.01740	0.77963	0.01087	0.02247	0.01595	0.01377	0.00870	0.01015	0.00725	0.00580	0.00507	0.00145	0.01015	0.00362	0.00290	0.00652
14	0.02139	0.01576	0.01689	0.01295	0.01745	0.01745	0.01070	0.74835	0.02646	0.03547	0.01351	0.01351	0.00957	0.00676	0.00563	0.00169	0.00619	0.00507	0.00563	0.00957
15	0.00786	0.00518	0.00686	0.00788	0.00849	0.00478	0.00536	0.00893	0.01114	0.05615	0.03143	0.72972	0.06117	0.01693	0.00708	0.00224	0.00333	0.01528	0.00532	0.00485
16	0.01063	0.01000	0.01688	0.78870	0.03876	0.01250	0.01563	0.01438	0.01125	0.01438	0.01000	0.01500	0.00750	0.00563	0.00563	0.00188	0.00750	0.00500	0.00250	0.00625
17	0.84197	0.01088	0.00827	0.00740	0.01088	0.01262	0.00609	0.01654	0.00958	0.02525	0.00784	0.00914	0.00609	0.00522	0.00348	0.00174	0.00435	0.00305	0.00348	0.00609
18	0.00818	0.00546	0.00614	0.00614	0.00614	0.00546	0.00341	0.00818	0.00818	0.01091	0.01773	0.03683	0.02046	0.80222	0.02864	0.00546	0.00546	0.00818	0.00341	0.00341
19	0.01163	0.08831	0.69501	0.01577	0.02374	0.01381	0.04052	0.01775	0.01189	0.01748	0.00996	0.01176	0.00718	0.00529	0.00525	0.00174	0.00817	0.00414	0.00239	0.00821
20	0.00787	0.00568	0.00744	0.00715	0.00839	0.00525	0.00530	0.01038	0.01548	0.02186	0.70078	0.10743	0.05173	0.01203	0.00668	0.00181	0.00271	0.01068	0.00611	0.00525
21	0.00673	0.00570	0.00580	0.00578	0.00765	0.00478	0.00433	0.00822	0.01300	0.01562	0.09723	0.05347	0.72435	0.01410	0.00665	0.00189	0.00284	0.01178	0.00528	0.00478
22	0.01529	0.77317	0.02893	0.00983	0.01457	0.05382	0.00968	0.01709	0.01162	0.01326	0.00786	0.00907	0.00722	0.00486	0.00367	0.00121	0.00619	0.00303	0.00243	0.00719
23	0.09705	0.07638	0.06614	0.01210	0.04804	0.02986	0.01010	0.20646	0.04927	0.32453	0.01596	0.01517	0.01089	0.00639	0.00525	0.00169	0.00562	0.00492	0.00531	0.00886
24	0.00665	0.00570	0.00570	0.00570	0.00760	0.00475	0.00428	0.00808	0.01283	0.01520	0.05701	0.05416	0.76483	0.01425	0.00665	0.00190	0.00285	0.01188	0.00523	0.00475
25	0.01393	0.01337	0.02284	0.03454	0.76712	0.01337	0.01727	0.01727	0.01281	0.01839	0.01059	0.01393	0.00891	0.00501	0.00557	0.00167	0.00669	0.00501	0.00279	0.00891
26	0.04066	0.01292	0.01607	0.01230	0.01667	0.01328	0.06714	0.37003	0.04197	0.29596	0.01676	0.01603	0.01136	0.00666	0.00561	0.00172	0.00573	0.00540	0.03455	0.00917
27	0.01298	0.38454	0.39355	0.01307	0.01954	0.01713	0.03391	0.01720	0.01181	0.01584	0.02807	0.01142	0.00836	0.00524	0.00462	0.00152	0.00715	0.00385	0.00250	0.00772
28	0.00700	0.00505	0.00664	0.00774	0.00825	0.00469	0.00529	0.00818	0.01136	0.01514	0.09170	0.67848	0.07558	0.01690	0.00713	0.00223	0.00325	0.03542	0.00530	0.00466
29	0.01129	0.02911	0.77306	0.01604	0.02436	0.01307	0.02079	0.01782	0.01188	0.01782	0.01010	0.01188	0.00713	0.00535	0.00535	0.00178	0.00832	0.00416	0.00238	0.00832
30	0.01589	0.01105	0.01283	0.05942	0.01517	0.02752	0.00893	0.31711	0.03864	0.10561	0.01878	0.16760	0.01726	0.04353	0.05873	0.01811	0.00608	0.04523	0.00510	0.00742
31	0.01302	0.00821	0.05682	0.00853	0.01103	0.00655	0.00705	0.01547	0.01479	0.23821	0.36967	0.13144	0.05404	0.03078	0.00690	0.00193	0.00378	0.00923	0.00596	0.00658
32	0.01049	0.00525	0.00525	0.00525	0.00656	0.00525	0.00393	0.01311	0.01180	0.02098	0.01836	0.02098	0.01442	0.00656	0.00393	0.00131	0.00262	0.00525	0.83346	0.00525
33	0.01167	0.01000	0.01167	0.00834	0.01334	0.00750	0.00667	0.01417	0.01167	0.01834	0.01000	0.01167	0.00834	0.00417	0.00417	0.00083	0.00417	0.00333	0.00333	0.83663
34	0.09911	0.10569	0.26028	0.03680	0.02379	0.01471	0.30420	0.03788	0.01246	0.01847	0.01015	0.01272	0.00767	0.00520	0.00582	0.00178	0.02794	0.00496	0.00278	0.00761
35	0.01328	0.01143	0.01205	0.01090	0.01393	0.01305	0.00846	0.02771	0.67972	0.02290	0.04855	0.02406	0.07264	0.00824	0.00582	0.00190	0.00428	0.00688	0.00570	0.00849
36	0.00794	0.00575	0.00748	0.00705	0.00839	0.00530	0.00529	0.01056	0.01586	0.02240	0.74825	0.04231	0.06910	0.01157	0.00664	0.00177	0.00266	0.01022	0.00617	0.00530
37	0.02139	0.01576	0.01689	0.01295	0.01745	0.01745	0.01070	0.74835	0.02646	0.03547	0.01351	0.01351	0.00957	0.00676	0.00563	0.00169	0.00619	0.00507	0.00563	0.00957
38	0.01049	0.00525	0.00525	0.00525	0.00656	0.00525	0.00393	0.01311	0.01180	0.02098	0.01836	0.02098	0.01442	0.00656	0.00393	0.00131	0.00262	0.00525	0.83346	0.00525
39	0.02525	0.00958	0.01306	0.01001	0.01437	0.00827	0.00827	0.02743	0.01611	0.77102	0.02220	0.01915	0.01393	0.00697	0.00566	0.00174	0.00479	0.00566	0.00697	0.00958
40	0.01505	0.80561	0.02949	0.00963	0.01444	0.02227	0.00963	0.01685	0.01143	0.01324	0.00782	0.00903	0.00722	0.00481	0.00361	0.00120	0.00602	0.00301	0.00241	0.00722
41	0.00682	0.00566	0.00597	0.00600	0.00773	0.00481	0.00446	0.00836	0.01307	0.01602	0.13891	0.09930	0.63524	0.01414	0.00668	0.00191	0.00285	0.01193	0.00534	0.00481
42	0.00686	0.00490	0.00653	0.00784	0.00816	0.00457	0.00522	0.00784	0.01077	0.01437	0.03102	0.79855	0.03722	0.01763	0.00718	0.00229	0.00326	0.01600	0.00522	0.00457
43	0.02347	0.00979	0.01288	0.01012	0.01425	0.00889	0.00828	0.02732	0.10583	0.66229	0.04032	0.01993	0.01528	0.00716	0.00569	0.00176	0.00470	0.00585	0.00680	0.00939
44	0.00984	0.00784	0.00864	0.00829	0.01049	0.00790	0.00650	0.03563	0.21082	0.03549	0.09796	0.06467	0.35783	0.01217	0.00651	0.00198	0.00371	0.10206	0.00548	0.00619
45	0.02197	0.00898	0.01206	0.00951	0.01333	0.00789	0.00775	0.02454	0.03465	0.62360	0.13244	0.02342	0.03793	0.00783	0.00583	0.00175	0.00442	0.00649	0.00678	0.00881
46	0.02525	0.00958	0.01306	0.01001	0.01437	0.00827	0.00827	0.02743	0.01611	0.77102	0.02220	0.01915	0.01393	0.00697	0.00566	0.00174	0.00479	0.00566	0.00697	0.00958
47	0.01063	0.01000	0.01688	0.78870	0.03876	0.01250	0.01563	0.01438	0.01125	0.01438	0.01000	0.01500	0.00750	0.00563	0.00563	0.00188	0.00750	0.00500	0.00250	0.00625
48	0.01505	0.80561	0.02949	0.00963	0.01444	0.02227	0.00963	0.01685	0.01143	0.01324	0.00782	0.00903	0.00722	0.00481	0.00361	0.00120	0.00602	0.00301	0.00241	0.00722
49	0.02132	0.01550	0.01668	0.01283	0.01730	0.01711	0.01058	0.71055	0.04382	0.05604	0.01398	0.01385	0.00988	0.00678	0.00563	0.00170	0.00611	0.00511	0.00567	0.00955
50	0.00796	0.00575	0.00752	0.00708	0.00841	0.00531	0.00531	0.01062	0.01593	0.02257	0.76415	0.04204	0.05310	0.01150	0.00664	0.00177	0.00265	0.01018	0.00619	0.00531
51	0.03221	0.00597	0.00763	0.00733	0.00874	0.00554	0.00545	0.01119	0.01483	0.06240	0.56169	0.16208	0.06930	0.01215	0.00658	0.00185	0.00292	0.01072	0.00597	0.00543
52	0.00798	0.00534	0.00706	0.00770	0.00850	0.00493	0.00536	0.00943	0.01233	0.05159	0.20994	0.55933	0.05816	0.01556	0.00697	0.00212	0.00318	0.01400	0.00554	0.00499
53	0.02076	0.01519	0.01635	0.01266	0.01701	0.01677	0.01041	0.67756	0.06260	0.05057	0.03355	0.01475	0.01117	0.00693	0.00566	0.00170	0.00598	0.00528	0.00568	0.00943
54	0.77866	0.01123	0.00881	0.02782	0.01186	0.03173	0.00652	0.01692	0.00995	0.04411	0.00829	0.00958	0.00636	0.00529	0.00363	0.00174	0.00459	0.00318	0.00353	0.00620
55	0.84197	0.01088	0.00827	0.00740	0.01088	0.01262	0.00609	0.01654	0.00958	0.02525	0.00784	0.00914	0.00609	0.00522	0.00348	0.00174	0.00435	0.00305	0.00348	0.00609
56	0.01125	0.00932	0.01106	0.00828	0.01263	0.00715	0.00652	0.01333	0.01134	0.01750	0.01138	0.05023	0.01029	0.00614	0.00567	0.06118	0.00420	0.01883	0.00340	0.72028
57	0.27374	0.01275	0.01229	0.02573	0.01422	0.04939	0.00839	0.26431	0.11786	0.04296	0.01501	0.01606	0.04260	0.03104	0.04838	0.00225	0.00589	0.00499	0.00459	0.00756
58	0.00978	0.00489	0.00733	0.00733	0.00733	0.00489	0.00489	0.00733	0.00733	0.00978	0.00978	0.01711	0.00978	0.01955	0.02199	0.83627	0.00489	0.00489	0.00244	0.00244
59	0.01223	0.16598	0.48964	0.01625	0.04377	0.01468	0.12230	0.01745	0.01215	0.01718	0.03171	0.01277	0.00873	0.00533	0.00526	0.00169	0.00786	0.00451	0.00257	0.00795
60	0.00848	0.00588	0.00772	0.00725	0.00866	0.00542	0.00549	0.01112	0.01586	0.04365	0.72446	0.04193	0.05146	0.01148	0.00664	0.00179	0.00278	0.02831	0.00619	0.00543
61	0.01216	0.02086	0.35844	0.01932	0.02590	0.01333	0.37286	0.01747	0.01247	0.01776	0.01126	0.03547	0.00869	0.00545	0.00623	0.00184	0.02269	0.00569	0.00271	0.02940
62	0.00981	0.00690	0.00914	0.00979	0.02963	0.00687	0.00766	0.01325	0.07633	0.05080	0.20582	0.10754	0.03437	0.06288	0.00844	0.00243	0.00440	0.34291	0.00538	0.00565
63	0.84197	0.01088	0.00827	0.00740	0.01088	0.01262	0.00609	0.01654	0.00958	0.02525	0.00784	0.00914	0.00609	0.00522	0.00348	0.00174	0.00435	0.00305	0.00348	0.00609
64	0.01063	0.01000	0.01688	0.78870	0.03876	0.01250	0.01563	0.01438	0.01125	0.01438	0.01000	0.01500	0.00750	0.00563	0.00563	0.00188	0.00750	0.00500	0.00250	0.00625
65	0.03610	0.01210	0.02023	0.25909	0.50904	0.01288	0.01615	0.01616	0.01226	0.01730	0.01146	0.01509	0.02680	0.00543	0.00556	0.00174	0.00677	0.00512	0.00278	0.00794
66	0.01505	0.80561	0.02949	0.00963	0.01444	0.02227	0.00963	0.01685	0.01143	0.01324	0.00782	0.00903	0.00722	0.00481	0.00361	0.00120	0.00602	0.00301	0.00241	0.00722
67	0.10349	0.01527	0.01603	0.01239	0.01679	0.01697	0.01024	0.67513	0.02477	0.03444	0.01294	0.01307	0.00922	0.00660	0.00541	0.00169	0.00601	0.00486	0.00541	0.00922
68	0.00798	0.00643	0.00916	0.21476	0.01605	0.00680	0.00771	0.00972	0.01110	0.01442	0.04898	0.40366	0.12537	0.08143	0.00853	0.00238	0.00451	0.01169	0.00437	0.00496
69	0.05979	0.03030	0.01397	0.01160	0.01519	0.01503	0.00925	0.22119	0.50568	0.02660	0.01927	0.01811	0.01434	0.00721	0.00554	0.00183	0.00495	0.00577	0.00551	0.00890
70	0.06568	0.00964	0.01282	0.00988	0.01419	0.00849	0.00816	0.02689	0.01578	0.73410	0.02149	0.01866	0.01354	0.00688	0.00555	0.00174	0.00477	0.00553	0.00679	0.00940
71	0.02136	0.01666	0.01681	0.01307	0.01745	0.07920	0.01071	0.68954	0.02561	0.03371	0.01312	0.01324	0.00938	0.00668	0.00558	0.00167	0.00651	0.00495	0.00541	0.00932
72	0.01254	0.01178	0.01984	0.12593	0.57053	0.01205	0.01540	0.01560	0.01234	0.01733	0.01333	0.12237	0.01264	0.00683	0.00580	0.00178	0.00632	0.00653	0.00309	0.00798
73	0.01722	0.07086	0.07334	0.01633	0.07575	0.01431	0.18357	0.17992	0.13794	0.15002	0.01516	0.01568	0.01093	0.00610	0.00572	0.00175	0.00661	0.00553	0.00455	0.00870
74	0.10897	0.05331	0.01291	0.00959	0.01351	0.00934	0.00795	0.02401	0.03137	0.56049	0.03503	0.05723	0.01524	0.00753	0.00547	0.00177	0.00470	0.02679	0.00617	0.00861
75	0.02525	0.00958	0.01306	0.01001	0.01437	0.00827	0.00827	0.02743	0.01611	0.77102	0.02220	0.01915	0.01393	0.00697	0.00566	0.00174	0.00479	0.00566	0.00697	0.00958
76	0.01852	0.02244	0.05745	0.01401	0.01743	0.49006	0.03166	0.05628	0.20169	0.01753	0.01262	0.01325	0.00987	0.00625	0.00532	0.00161	0.00843	0.00449	0.00370	0.00739
77	0.01962	0.02227	0.01533	0.01411	0.03575	0.54294	0.01049	0.04276	0.16912	0.05532	0.01250	0.01303	0.00974	0.00624	0.00527	0.00157	0.00851	0.00437	0.00376	0.00731
78	0.10794	0.04776	0.01532	0.01319	0.01633	0.57843	0.01011	0.07922	0.03246	0.01696	0.01040	0.01154	0.02512	0.00602	0.00495	0.00151	0.00879	0.00391	0.00328	0.00675
79	0.00670	0.00551	0.00590	0.00621	0.00774	0.00471	0.00450	0.00802	0.01234	0.01500	0.05078	0.23243	0.59058	0.01506	0.00678	0.00199	0.00295	0.01286	0.00523	0.00471
80	0.01167	0.01000	0.01167	0.00834	0.01334	0.00750	0.00667	0.01417	0.01167	0.01834	0.01000	0.01167	0.00834	0.00417	0.00417	0.00083	0.00417	0.00333	0.00333	0.83663
81	0.43008	0.01178	0.01229	0.00993	0.01389	0.03848	0.04829	0.09698	0.01379	0.25524	0.01308	0.01305	0.00905	0.00591	0.00461	0.00173	0.00516	0.00428	0.00473	0.00763
82	0.01167	0.01000	0.01167	0.00834	0.01334	0.00750	0.00667	0.01417	0.01167	0.01834	0.01000	0.01167	0.00834	0.00417	0.00417	0.00083	0.00417	0.00333	0.00333	0.83663
83	0.01915	0.02289	0.01509	0.01368	0.01666	0.57511	0.01035	0.02446	0.21389	0.01638	0.01249	0.01305	0.00990	0.00629	0.00525	0.00157	0.00863	0.00436	0.00365	0.00716
84	0.02066	0.01519	0.01630	0.01257	0.01683	0.01679	0.01029	0.70750	0.02545	0.03411	0.01374	0.01480	0.01017	0.05066	0.00690	0.00190	0.00615	0.00524	0.00551	0.00923
85	0.10587	0.16494	0.01608	0.01116	0.01471	0.12109	0.00910	0.06174	0.39426	0.02104	0.01596	0.01555	0.01232	0.00654	0.00498	0.00168	0.00561	0.00492	0.00446	0.00799
86	0.00829	0.00582	0.00754	0.00719	0.00858	0.00534	0.00541	0.01078	0.01542	0.04035	0.65010	0.08063	0.09203	0.01196	0.00667	0.00182	0.00281	0.02783	0.00608	0.00534
87	0.03877	0.07856	0.03662	0.01088	0.01542	0.01092	0.05019	0.05423	0.09606	0.39575	0.01751	0.01643	0.01198	0.00620	0.00526	0.00158	0.00517	0.00508	0.00538	0.13802
88	0.01376	0.03343	0.01381	0.01176	0.01487	0.08372	0.04936	0.02546	0.52582	0.02142	0.06895	0.02337	0.05766	0.00800	0.00581	0.00185	0.00512	0.02258	0.00521	0.00804
89	0.00685	0.00493	0.00650	0.00776	0.00814	0.00458	0.00519	0.00784	0.01085	0.01439	0.03192	0.77273	0.06245	0.01751	0.00716	0.00227	0.00325	0.01586	0.00522	0.00458
90	0.00769	0.00570	0.00716	0.00688	0.00826	0.00518	0.00513	0.01005	0.01515	0.02091	0.60781	0.08155	0.17314	0.01227	0.00667	0.00182	0.00272	0.01075	0.00598	0.00518
91	0.03762	0.01336	0.01764	0.01344	0.01793	0.03238	0.12766	0.28845	0.06989	0.29704	0.01672	0.01616	0.01137	0.00651	0.00575	0.00175	0.00616	0.00554	0.00556	0.00906
92	0.01486	0.01461	0.01939	0.02633	0.49312	0.11788	0.01441	0.07146	0.05744	0.01907	0.01443	0.01810	0.04709	0.00635	0.00567	0.00171	0.00674	0.03967	0.00341	0.00825
93	0.00818	0.00546	0.00614	0.00614	0.00614	0.00546	0.00341	0.00818	0.00818	0.01091	0.01773	0.03683	0.02046	0.80222	0.02864	0.00546	0.00546	0.00818	0.00341	0.00341
94	0.01366	0.01701	0.11755	0.11929	0.02861	0.07767	0.48626	0.01815	0.01315	0.03650	0.01111	0.01445	0.00827	0.00507	0.00620	0.00184	0.00903	0.00586	0.00286	0.00747
95	0.02094	0.02355	0.01624	0.01534	0.06758	0.60125	0.01107	0.07984	0.01658	0.08125	0.01037	0.01145	0.00812	0.00592	0.00520	0.00151	0.00914	0.00401	0.00346	0.00719
96	0.00862	0.00570	0.00747	0.00745	0.00861	0.00524	0.00539	0.01062	0.01405	0.06384	0.45570	0.28154	0.05824	0.03230	0.00728	0.00202	0.00305	0.01175	0.00585	0.00527
97	0.80203	0.01166	0.00864	0.00775	0.01120	0.04995	0.00633	0.01683	0.00989	0.02469	0.00788	0.00919	0.00615	0.00525	0.00356	0.00173	0.00464	0.00308	0.00345	0.00612
98	0.00691	0.00492	0.00652	0.00777	0.00809	0.00460	0.00516	0.00785	0.01068	0.01424	0.03053	0.77053	0.03660	0.04649	0.00797	0.00240	0.00335	0.01571	0.00516	0.00453
99	0.01924	0.04009	0.01614	0.01254	0.01662	0.05876	0.01021	0.49768	0.21631	0.03046	0.01552	0.01514	0.01136	0.00687	0.00556	0.00172	0.00595	0.00526	0.00540	0.00916
100	0.01099	0.00865	0.05316	0.02618	0.01304	0.00738	0.08459	0.02801	0.03359	0.11494	0.02471	0.41706	0.04394	0.07693	0.00838	0.00233	0.00477	0.01124	0.00482	0.02531
101	0.03360	0.04952	0.02190	0.08495	0.23109	0.17798	0.18158	0.01993	0.11007	0.01759	0.01174	0.01410	0.00930	0.00551	0.00561	0.00171	0.00777	0.00514	0.00318	0.00775
102	0.01505	0.80561	0.02949	0.00963	0.01444	0.02227	0.00963	0.01685	0.01143	0.01324	0.00782	0.00903	0.00722	0.00481	0.00361	0.00120	0.00602	0.00301	0.00241	0.00722
103	0.00895	0.00640	0.00890	0.01001	0.01131	0.00635	0.00866	0.01155	0.01328	0.01746	0.10943	0.06115	0.03463	0.01511	0.00765	0.00250	0.00491	0.65126	0.00529	0.00520
104	0.00793	0.00575	0.00748	0.00705	0.00839	0.00530	0.00528	0.01056	0.01585	0.02238	0.74651	0.04234	0.07086	0.01157	0.00664	0.00177	0.00266	0.01022	0.00617	0.00530
105	0.02196	0.00970	0.01256	0.01002	0.01393	0.00900	0.00814	0.02650	0.14132	0.58464	0.08183	0.02130	0.01762	0.00744	0.00575	0.00177	0.00456	0.00614	0.00669	0.00912
106	0.00686	0.00490	0.00653	0.00784	0.00816	0.00457	0.00522	0.00784	0.01077	0.01437	0.03102	0.79855	0.03722	0.01763	0.00718	0.00229	0.00326	0.01600	0.00522	0.00457
107	0.02153	0.01555	0.01676	0.01285	0.01734	0.01713	0.01061	0.72335	0.02610	0.06098	0.01381	0.01371	0.00972	0.00676	0.00563	0.00169	0.00614	0.00509	0.00568	0.00957
108	0.84197	0.01088	0.00827	0.00740	0.01088	0.01262	0.00609	0.01654	0.00958	0.02525	0.00784	0.00914	0.00609	0.00522	0.00348	0.00174	0.00435	0.00305	0.00348	0.00609
109	0.15350	0.01012	0.01252	0.00976	0.01399	0.00946	0.00806	0.06550	0.01565	0.61311	0.01946	0.01727	0.01246	0.00668	0.00532	0.00174	0.00480	0.00522	0.00634	0.00903
110	0.01231	0.01231	0.01724	0.01477	0.01477	0.01724	0.01231	0.01354	0.00862	0.01354	0.00739	0.01231	0.00739	0.00985	0.01847	0.00246	0.79192	0.00492	0.00246	0.00616
111	0.01441	0.01229	0.01295	0.01154	0.01479	0.01419	0.00901	0.06956	0.71663	0.02420	0.02239	0.02058	0.01676	0.00759	0.00572	0.00190	0.00455	0.00629	0.00572	0.00894
112	0.00727	0.00568	0.00658	0.00712	0.00846	0.00510	0.00540	0.00876	0.01216	0.01512	0.04384	0.21222	0.42159	0.05872	0.00820	0.00232	0.00355	0.15806	0.00512	0.00473
113	0.84197	0.01088	0.00827	0.00740	0.01088	0.01262	0.00609	0.01654	0.00958	0.02525	0.00784	0.00914	0.00609	0.00522	0.00348	0.00174	0.00435	0.00305	0.00348	0.00609
114	0.01315	0.01244	0.02109	0.13258	0.61789	0.01277	0.01648	0.01650	0.01262	0.01775	0.01185	0.01754	0.01037	0.00583	0.00573	0.00176	0.00669	0.05574	0.00292	0.00830
115	0.02525	0.00958	0.01306	0.01001	0.01437	0.00827	0.00827	0.02743	0.01611	0.77102	0.02220	0.01915	0.01393	0.00697	0.00566	0.00174	0.00479	0.00566	0.00697	0.00958
116	0.01079	0.01017	0.01717	0.75202	0.07418	0.01255	0.01571	0.01452	0.01133	0.01457	0.01003	0.01495	0.00757	0.00560	0.00562	0.00187	0.00746	0.00500	0.00251	0.00638
117	0.01049	0.00525	0.00525	0.00525	0.00656	0.00525	0.00393	0.01311	0.01180	0.02098	0.01836	0.02098	0.01442	0.00656	0.00393	0.00131	0.00262	0.00525	0.83346	0.00525
118	0.01799	0.01324	0.01440	0.01180	0.01565	0.01459	0.00948	0.34520	0.33026	0.09359	0.01856	0.03753	0.01382	0.00735	0.00567	0.00178	0.00521	0.00590	0.00571	0.03227
119	0.01682	0.01349	0.01432	0.01202	0.01571	0.01532	0.00959	0.30452	0.47774	0.02810	0.01931	0.01814	0.01427	0.00730	0.00569	0.00182	0.00512	0.00587	0.00569	0.00916
120	0.00818	0.00546	0.00614	0.00614	0.00614	0.00546	0.00341	0.00818	0.00818	0.01091	0.01773	0.03683	0.02046	0.80222	0.02864	0.00546	0.00546	0.00818	0.00341	0.00341
121	0.01773	0.01464	0.01613	0.08947	0.01894	0.08026	0.05099	0.40078	0.11699	0.04438	0.01773	0.01799	0.07387	0.00720	0.00574	0.00175	0.00630	0.00578	0.00494	0.00838
122	0.04300	0.01470	0.01562	0.01216	0.01649	0.05714	0.00997	0.50248	0.03942	0.20825	0.01537	0.01472	0.01056	0.00673	0.00555	0.00169	0.00599	0.00511	0.00574	0.00930
123	0.01063	0.01000	0.01688	0.78870	0.03876	0.01250	0.01563	0.01438	0.01125	0.01438	0.01000	0.01500	0.00750	0.00563	0.00563	0.00188	0.00750	0.00500	0.00250	0.00625
124	0.00685	0.00494	0.00649	0.00773	0.00813	0.00458	0.00518	0.00785	0.01088	0.01441	0.03231	0.76150	0.07343	0.01746	0.00716	0.00227	0.00324	0.01579	0.00522	0.00458
125	0.10116	0.01607	0.02225	0.01817	0.06834	0.18073	0.33039	0.03422	0.03259	0.06969	0.02921	0.04801	0.01087	0.00601	0.00582	0.00177	0.00799	0.00588	0.00351	0.00731
126	0.41312	0.05969	0.03255	0.00998	0.01400	0.08820	0.02595	0.13221	0.03223	0.04492	0.00996	0.01098	0.00764	0.00549	0.00430	0.00159	0.00552	0.00372	0.00379	0.09417

[dist]
# distance from previous block
# <min> <max>
3	15

[block]
# block no. 3 follows, 42 sequences, length 17
# corresponding to MSA columns:
# 527-543
name=unknown_D
#
# <colnr> <probs for GDERKNQSTAVLIFYWHMCP>
#	G	D	E	R	K	N	Q	S	T	A	V	L	I	F	Y	W	H	M	C	P
0	0.11381	0.33577	0.08103	0.01013	0.02615	0.02854	0.00922	0.07296	0.01229	0.05547	0.01142	0.01584	0.01029	0.11785	0.02791	0.00221	0.00611	0.02119	0.00329	0.03852
1	0.06229	0.06372	0.04236	0.01063	0.07846	0.02239	0.00788	0.01375	0.01355	0.10160	0.22127	0.10451	0.16053	0.01058	0.00609	0.00184	0.00424	0.06308	0.00499	0.00625
2	0.01848	0.24293	0.08967	0.01321	0.01722	0.46044	0.01143	0.05659	0.01484	0.01508	0.00882	0.01016	0.00735	0.00553	0.00472	0.00142	0.00863	0.00357	0.00285	0.00704
3	0.01067	0.00763	0.01034	0.07144	0.01334	0.00741	0.03479	0.07938	0.01308	0.07450	0.02599	0.42136	0.07022	0.01289	0.00652	0.00201	0.00438	0.05131	0.00492	0.07783
4	0.03701	0.30187	0.24351	0.01255	0.04257	0.01615	0.01275	0.11273	0.04393	0.03560	0.06312	0.01464	0.02896	0.00608	0.00486	0.00156	0.00630	0.00458	0.00342	0.00781
5	0.00817	0.00553	0.00651	0.00651	0.00664	0.00566	0.00388	0.00842	0.00830	0.01119	0.01739	0.03493	0.01963	0.70403	0.12571	0.00592	0.00670	0.00791	0.00336	0.00362
6	0.00740	0.00527	0.00669	0.00751	0.00834	0.00481	0.00525	0.00867	0.01175	0.03256	0.09139	0.55838	0.17452	0.01622	0.00703	0.00217	0.00324	0.03868	0.00534	0.00480
7	0.01624	0.01716	0.18713	0.01798	0.02383	0.01321	0.35044	0.11259	0.01521	0.16889	0.01351	0.01504	0.00943	0.00557	0.00604	0.00182	0.00789	0.00571	0.00391	0.00839
8	0.01983	0.01538	0.01687	0.01476	0.08625	0.04132	0.01105	0.59124	0.07206	0.03186	0.01415	0.03425	0.01065	0.00690	0.00565	0.00171	0.00618	0.00538	0.00527	0.00924
9	0.00686	0.00490	0.00653	0.00784	0.00816	0.00457	0.00522	0.00784	0.01077	0.01437	0.03102	0.79855	0.03722	0.01763	0.00718	0.00229	0.00326	0.01600	0.00522	0.00457
10	0.01313	0.01596	0.08280	0.02326	0.05608	0.01423	0.64174	0.01781	0.01299	0.01785	0.01111	0.01480	0.00841	0.00499	0.00696	0.00190	0.03917	0.00635	0.00280	0.00763
11	0.01320	0.01511	0.05265	0.04057	0.02773	0.01421	0.61941	0.01891	0.08173	0.01832	0.01227	0.01554	0.00924	0.00519	0.00681	0.00191	0.03001	0.00646	0.00308	0.00766
12	0.00684	0.00495	0.00647	0.00769	0.00812	0.00458	0.00516	0.00785	0.01091	0.01442	0.03279	0.74765	0.08698	0.01740	0.00715	0.00226	0.00324	0.01572	0.00522	0.00458
13	0.01049	0.00525	0.00525	0.00525	0.00656	0.00525	0.00393	0.01311	0.01180	0.02098	0.01836	0.02098	0.01442	0.00656	0.00393	0.00131	0.00262	0.00525	0.83346	0.00525
14	0.01938	0.01341	0.01485	0.01160	0.01568	0.01420	0.00941	0.50973	0.04062	0.11413	0.01561	0.06216	0.01220	0.03654	0.00644	0.00180	0.00560	0.00578	0.00546	0.08539
15	0.26651	0.08249	0.08840	0.01028	0.01428	0.01279	0.03291	0.12924	0.06591	0.08973	0.13807	0.01748	0.01624	0.00679	0.00498	0.00171	0.00510	0.00523	0.00450	0.00736
16	0.01875	0.01546	0.01594	0.01258	0.01667	0.11906	0.04538	0.41160	0.06433	0.06127	0.06516	0.01560	0.01272	0.00665	0.00553	0.00160	0.00627	0.00522	0.00499	0.09525

[dist]
# distance from previous block
# <min> <max>
2	6

[block]
# block no. 4 follows, 42 sequences, length 37
# corresponding to MSA columns:
# 550-586
name=unknown_E
#
# <colnr> <probs for GDERKNQSTAVLIFYWHMCP>
#	G	D	E	R	K	N	Q	S	T	A	V	L	I	F	Y	W	H	M	C	P
0	0.06298	0.01086	0.01252	0.06348	0.01561	0.01190	0.02441	0.02516	0.44437	0.14955	0.02428	0.02286	0.09172	0.00786	0.00569	0.00187	0.00466	0.00653	0.00548	0.00822
1	0.00758	0.00574	0.00707	0.00783	0.00871	0.00553	0.00545	0.01013	0.08128	0.01592	0.08584	0.57184	0.13438	0.01581	0.00694	0.00216	0.00328	0.01413	0.00534	0.00505
2	0.02220	0.00954	0.01250	0.00992	0.01384	0.00872	0.00807	0.02617	0.11004	0.60615	0.09176	0.02153	0.01801	0.00748	0.00576	0.00177	0.00455	0.00617	0.00674	0.00909
3	0.01427	0.06357	0.07252	0.04093	0.01873	0.21045	0.14075	0.01675	0.01233	0.01525	0.05636	0.01590	0.01134	0.03280	0.01009	0.00202	0.23506	0.02138	0.00296	0.00656
4	0.00686	0.00490	0.00653	0.00784	0.00816	0.00457	0.00522	0.00784	0.01077	0.01437	0.03102	0.79855	0.03722	0.01763	0.00718	0.00229	0.00326	0.01600	0.00522	0.00457
5	0.01505	0.80561	0.02949	0.00963	0.01444	0.02227	0.00963	0.01685	0.01143	0.01324	0.00782	0.00903	0.00722	0.00481	0.00361	0.00120	0.00602	0.00301	0.00241	0.00722
6	0.00857	0.10095	0.01060	0.00880	0.00971	0.00823	0.00659	0.00982	0.01104	0.01484	0.08810	0.54746	0.03150	0.01467	0.00804	0.00213	0.09651	0.01265	0.00465	0.00514
7	0.06572	0.00782	0.00983	0.00869	0.01112	0.00747	0.00691	0.04180	0.03058	0.25596	0.26838	0.03398	0.02964	0.08406	0.00830	0.00222	0.00421	0.11073	0.00583	0.00672
8	0.01424	0.01221	0.01286	0.01150	0.01473	0.01411	0.00897	0.05378	0.73268	0.02394	0.02259	0.02075	0.01693	0.00761	0.00572	0.00190	0.00451	0.00632	0.00572	0.00893
9	0.01167	0.01000	0.01167	0.00834	0.01334	0.00750	0.00667	0.01417	0.01167	0.01834	0.01000	0.01167	0.00834	0.00417	0.00417	0.00083	0.00417	0.00333	0.00333	0.83663
10	0.02187	0.01119	0.03152	0.01057	0.01470	0.01041	0.00885	0.21167	0.01866	0.47429	0.10741	0.02023	0.01727	0.00741	0.00576	0.00173	0.00498	0.00600	0.00642	0.00904
11	0.01347	0.01172	0.01283	0.01149	0.01426	0.01376	0.00900	0.02718	0.64106	0.02255	0.06729	0.02148	0.01848	0.00808	0.00698	0.00195	0.07807	0.00646	0.00545	0.00843
12	0.00818	0.00546	0.00614	0.00614	0.00614	0.00546	0.00341	0.00818	0.00818	0.01091	0.01773	0.03683	0.02046	0.80222	0.02864	0.00546	0.00546	0.00818	0.00341	0.00341
13	0.01505	0.80561	0.02949	0.00963	0.01444	0.02227	0.00963	0.01685	0.01143	0.01324	0.00782	0.00903	0.00722	0.00481	0.00361	0.00120	0.00602	0.00301	0.00241	0.00722
14	0.02102	0.02682	0.01595	0.01450	0.01740	0.77963	0.01087	0.02247	0.01595	0.01377	0.00870	0.01015	0.00725	0.00580	0.00507	0.00145	0.01015	0.00362	0.00290	0.00652
15	0.01313	0.01597	0.07854	0.02301	0.02871	0.01424	0.68248	0.01790	0.01307	0.01790	0.01120	0.01490	0.00842	0.00492	0.00687	0.00191	0.02999	0.00644	0.00281	0.00760
16	0.00804	0.00603	0.00904	0.00904	0.01005	0.00703	0.00703	0.01005	0.00904	0.01306	0.01507	0.02211	0.01407	0.04221	0.77992	0.00904	0.01507	0.00603	0.00301	0.00502
17	0.00805	0.00599	0.00884	0.00884	0.00977	0.00692	0.00678	0.00992	0.00898	0.01291	0.01526	0.02315	0.01452	0.09617	0.72658	0.00879	0.01439	0.00618	0.00304	0.00491
18	0.00926	0.00666	0.00886	0.00954	0.07962	0.00610	0.00638	0.01162	0.01478	0.06653	0.46450	0.06447	0.20729	0.01143	0.00650	0.00180	0.00323	0.00998	0.00567	0.00576
19	0.02102	0.02682	0.01595	0.01450	0.01740	0.77963	0.01087	0.02247	0.01595	0.01377	0.00870	0.01015	0.00725	0.00580	0.00507	0.00145	0.01015	0.00362	0.00290	0.00652
20	0.00686	0.00490	0.00653	0.00784	0.00816	0.00457	0.00522	0.00784	0.01077	0.01437	0.03102	0.79855	0.03722	0.01763	0.00718	0.00229	0.00326	0.01600	0.00522	0.00457
21	0.00864	0.00626	0.00942	0.00925	0.01050	0.00576	0.07476	0.01017	0.01178	0.06200	0.06999	0.57773	0.09135	0.01517	0.00697	0.00216	0.00388	0.01385	0.00516	0.00522
22	0.02130	0.01484	0.01621	0.01251	0.01687	0.01619	0.01030	0.65762	0.02500	0.10367	0.01487	0.03867	0.01085	0.00712	0.00568	0.00171	0.00597	0.00547	0.00574	0.00941
23	0.73759	0.01072	0.00888	0.00773	0.01133	0.01207	0.00637	0.01793	0.01041	0.12057	0.00967	0.01042	0.00710	0.00545	0.00376	0.00174	0.00441	0.00338	0.00393	0.00654
24	0.01259	0.12673	0.41192	0.03757	0.20713	0.01445	0.07762	0.01750	0.01215	0.01729	0.01002	0.01235	0.00771	0.00515	0.00528	0.00169	0.00769	0.00444	0.00252	0.00821
25	0.84197	0.01088	0.00827	0.00740	0.01088	0.01262	0.00609	0.01654	0.00958	0.02525	0.00784	0.00914	0.00609	0.00522	0.00348	0.00174	0.00435	0.00305	0.00348	0.00609
26	0.00686	0.00490	0.00653	0.00784	0.00816	0.00457	0.00522	0.00784	0.01077	0.01437	0.03102	0.79855	0.03722	0.01763	0.00718	0.00229	0.00326	0.01600	0.00522	0.00457
27	0.00686	0.00490	0.00653	0.00784	0.00816	0.00457	0.00522	0.00784	0.01077	0.01437	0.03102	0.79855	0.03722	0.01763	0.00718	0.00229	0.00326	0.01600	0.00522	0.00457
28	0.03428	0.01194	0.01374	0.01048	0.01481	0.08105	0.06604	0.06184	0.02912	0.08588	0.08773	0.01578	0.01347	0.00561	0.00494	0.00125	0.00519	0.00468	0.00406	0.44812
29	0.02139	0.01576	0.01689	0.01295	0.01745	0.01745	0.01070	0.74835	0.02646	0.03547	0.01351	0.01351	0.00957	0.00676	0.00563	0.00169	0.00619	0.00507	0.00563	0.00957
30	0.01505	0.80561	0.02949	0.00963	0.01444	0.02227	0.00963	0.01685	0.01143	0.01324	0.00782	0.00903	0.00722	0.00481	0.00361	0.00120	0.00602	0.00301	0.00241	0.00722
31	0.01433	0.01443	0.03007	0.02174	0.02686	0.01391	0.62023	0.01856	0.01318	0.08818	0.01209	0.01533	0.00895	0.00535	0.00747	0.00193	0.07011	0.00642	0.00320	0.00766
32	0.01688	0.00911	0.01092	0.00919	0.01216	0.04147	0.00727	0.02081	0.10306	0.35414	0.29997	0.02828	0.04451	0.00884	0.00603	0.00176	0.00414	0.00747	0.00632	0.00767
33	0.00686	0.00490	0.00653	0.00784	0.00816	0.00457	0.00522	0.00784	0.01077	0.01437	0.03102	0.79855	0.03722	0.01763	0.00718	0.00229	0.00326	0.01600	0.00522	0.00457
34	0.04055	0.00784	0.01015	0.00883	0.01091	0.00783	0.00686	0.01650	0.03944	0.24925	0.30612	0.08000	0.03033	0.07597	0.00918	0.00217	0.07760	0.00816	0.00568	0.00664
