[name]
unknown

[dist]
# distance from previous block
# <min> <max>
15	74

[block]
# block no. 0 follows, 49 sequences, length 15
# corresponding to MSA columns:
# 90-104
name=unknown_A
#
# <colnr> <probs for GDERKNQSTAVLIFYWHMCP>
#	G	D	E	R	K	N	Q	S	T	A	V	L	I	F	Y	W	H	M	C	P
0	0.05474	0.01218	0.01262	0.21275	0.03696	0.16028	0.00955	0.13955	0.05668	0.04104	0.05306	0.08206	0.05440	0.00701	0.00537	0.00160	0.02760	0.00562	0.00363	0.02332
1	0.01164	0.00953	0.01153	0.14625	0.03366	0.06493	0.02593	0.09669	0.07989	0.05956	0.03286	0.12816	0.04672	0.06802	0.00825	0.06222	0.03913	0.00641	0.00370	0.06493
2	0.03223	0.01025	0.01311	0.20639	0.12957	0.05905	0.00990	0.11499	0.03820	0.07414	0.08432	0.04497	0.01350	0.05404	0.00648	0.00175	0.02437	0.00535	0.03059	0.04679
3	0.03410	0.00991	0.01223	0.22900	0.07882	0.06144	0.00933	0.08534	0.06872	0.05412	0.05909	0.07487	0.07080	0.02761	0.00557	0.00162	0.00512	0.00582	0.00363	0.10287
4	0.08597	0.03287	0.04238	0.14614	0.08462	0.06202	0.06482	0.07710	0.10214	0.03325	0.02832	0.07763	0.04254	0.00640	0.00489	0.00155	0.00535	0.00545	0.02908	0.06749
5	0.05667	0.03631	0.01659	0.24375	0.12333	0.09092	0.08059	0.09849	0.01217	0.03401	0.00936	0.01216	0.00739	0.00600	0.02261	0.00171	0.08392	0.00431	0.00284	0.05689
6	0.03352	0.01126	0.01391	0.09738	0.04109	0.03514	0.05796	0.25766	0.05283	0.07494	0.01217	0.03147	0.00951	0.02790	0.00562	0.00151	0.02428	0.00465	0.03444	0.17276
7	0.01188	0.00872	0.01076	0.17119	0.01540	0.03101	0.00785	0.13505	0.06671	0.09169	0.08852	0.08800	0.01670	0.15452	0.03816	0.00243	0.00524	0.00637	0.00402	0.04579
8	0.03362	0.01077	0.02878	0.00975	0.01281	0.01113	0.00797	0.33641	0.11579	0.08055	0.01573	0.05157	0.01332	0.07669	0.02943	0.00205	0.00505	0.06607	0.03019	0.06232
9	0.05282	0.00861	0.01087	0.21457	0.03202	0.00920	0.00831	0.09498	0.10607	0.03876	0.07477	0.05674	0.12698	0.02376	0.00547	0.00162	0.00449	0.00616	0.02702	0.09679
10	0.00929	0.00562	0.00647	0.00613	0.00725	0.00591	0.00462	0.01154	0.03027	0.04187	0.12181	0.02362	0.05587	0.08612	0.04167	0.00202	0.06641	0.00590	0.46280	0.00481
11	0.01108	0.01091	0.01682	0.45383	0.26729	0.05894	0.03529	0.01447	0.03124	0.01434	0.01060	0.01405	0.02921	0.00514	0.00506	0.00161	0.00652	0.00467	0.00250	0.00644
12	0.02235	0.00915	0.01207	0.00926	0.01318	0.00824	0.00765	0.09821	0.01539	0.71939	0.01918	0.01671	0.01213	0.00624	0.00508	0.00156	0.00443	0.00503	0.00614	0.00861
13	0.01952	0.01368	0.01488	0.01141	0.01544	0.01496	0.00942	0.70875	0.02297	0.09814	0.01282	0.01258	0.00894	0.00609	0.00506	0.00152	0.00545	0.00460	0.00516	0.00860
14	0.00878	0.00439	0.00659	0.00659	0.00659	0.00439	0.00439	0.00659	0.00659	0.00878	0.00878	0.01537	0.00878	0.01757	0.01976	0.85288	0.00439	0.00439	0.00220	0.00220

[dist]
# distance from previous block
# <min> <max>
0	1

[block]
# block no. 1 follows, 49 sequences, length 55
# corresponding to MSA columns:
# 106-160
name=unknown_B
#
# <colnr> <probs for GDERKNQSTAVLIFYWHMCP>
#	G	D	E	R	K	N	Q	S	T	A	V	L	I	F	Y	W	H	M	C	P
0	0.01014	0.02616	0.79609	0.01441	0.02189	0.01174	0.01868	0.01601	0.01068	0.01601	0.00907	0.01068	0.00641	0.00480	0.00480	0.00160	0.00747	0.00374	0.00214	0.00747
1	0.00620	0.00446	0.00588	0.00694	0.00732	0.00414	0.00466	0.00716	0.00995	0.01326	0.06154	0.75573	0.06306	0.01549	0.00641	0.00202	0.00290	0.01401	0.00473	0.00414
2	0.02061	0.00815	0.01107	0.00864	0.01219	0.00708	0.00708	0.02262	0.01445	0.69051	0.12290	0.01997	0.01723	0.00681	0.00520	0.00157	0.00405	0.00563	0.00617	0.00809
3	0.85801	0.00978	0.00743	0.00665	0.00978	0.01134	0.00548	0.01486	0.00861	0.02269	0.00704	0.00821	0.00548	0.00469	0.00313	0.00156	0.00391	0.00274	0.00313	0.00548
4	0.00712	0.00514	0.00673	0.00639	0.00755	0.00475	0.00477	0.00945	0.01414	0.01999	0.75889	0.06777	0.04716	0.01055	0.00598	0.00161	0.00241	0.00935	0.00553	0.00475
5	0.00628	0.00449	0.00597	0.00696	0.00736	0.00419	0.00470	0.00734	0.01023	0.01379	0.11858	0.72578	0.03515	0.01519	0.00640	0.00200	0.00287	0.01375	0.00480	0.00419
6	0.00684	0.00509	0.00637	0.00620	0.00740	0.00461	0.00459	0.00887	0.01334	0.01832	0.57634	0.11573	0.18496	0.01133	0.00601	0.00166	0.00247	0.00994	0.00532	0.00461
7	0.00735	0.00490	0.00552	0.00552	0.00552	0.00490	0.00306	0.00735	0.00735	0.00980	0.01593	0.03309	0.01838	0.82229	0.02574	0.00490	0.00490	0.00735	0.00306	0.00306
8	0.01922	0.01416	0.01518	0.01163	0.01568	0.01568	0.00961	0.77388	0.02378	0.03187	0.01214	0.01214	0.00860	0.00607	0.00506	0.00152	0.00556	0.00455	0.00506	0.00860
9	0.02269	0.00861	0.01174	0.00900	0.01291	0.00743	0.00743	0.02464	0.01447	0.79425	0.01995	0.01721	0.01252	0.00626	0.00509	0.00156	0.00430	0.00509	0.00626	0.00861
10	0.00691	0.00521	0.00569	0.00562	0.00717	0.00448	0.00415	0.00828	0.01169	0.04760	0.14146	0.10735	0.56734	0.04600	0.00679	0.00185	0.00274	0.01040	0.00481	0.00446
11	0.01049	0.00899	0.01049	0.00749	0.01198	0.00674	0.00599	0.01273	0.01049	0.01648	0.00899	0.01049	0.00749	0.00374	0.00374	0.00075	0.00374	0.00300	0.00300	0.85320
12	0.00735	0.00490	0.00552	0.00552	0.00552	0.00490	0.00306	0.00735	0.00735	0.00980	0.01593	0.03309	0.01838	0.82229	0.02574	0.00490	0.00490	0.00735	0.00306	0.00306
13	0.01328	0.01078	0.01156	0.01029	0.01320	0.01228	0.00810	0.07738	0.66351	0.05509	0.02024	0.01996	0.01542	0.00708	0.00522	0.00172	0.00415	0.03766	0.00517	0.00793
14	0.02084	0.00817	0.01112	0.00872	0.01228	0.00709	0.00712	0.02278	0.01424	0.70422	0.07343	0.05610	0.01593	0.00699	0.00521	0.00159	0.00411	0.00580	0.00614	0.00813
15	0.00716	0.00517	0.00676	0.00636	0.00755	0.00477	0.00477	0.00954	0.01431	0.02028	0.78808	0.03777	0.04771	0.01034	0.00596	0.00159	0.00239	0.00914	0.00557	0.00477
16	0.01252	0.01201	0.02053	0.03104	0.79074	0.01201	0.01552	0.01552	0.01151	0.01652	0.00951	0.01252	0.00801	0.00451	0.00501	0.00150	0.00601	0.00451	0.00250	0.00801
17	0.02269	0.00861	0.01174	0.00900	0.01291	0.00743	0.00743	0.02464	0.01447	0.79425	0.01995	0.01721	0.01252	0.00626	0.00509	0.00156	0.00430	0.00509	0.00626	0.00861
18	0.00610	0.00504	0.00535	0.00545	0.00695	0.00429	0.00402	0.00742	0.01154	0.01413	0.11050	0.13786	0.63799	0.01295	0.00603	0.00174	0.00259	0.01098	0.00477	0.00429
19	0.02269	0.00861	0.01174	0.00900	0.01291	0.00743	0.00743	0.02464	0.01447	0.79425	0.01995	0.01721	0.01252	0.00626	0.00509	0.00156	0.00430	0.00509	0.00626	0.00861
20	0.04079	0.02373	0.01415	0.01286	0.01548	0.78136	0.00966	0.02005	0.01418	0.01264	0.00780	0.00910	0.00649	0.00520	0.00452	0.00131	0.00898	0.00324	0.00262	0.00585
21	0.01922	0.01416	0.01518	0.01163	0.01568	0.01568	0.00961	0.77388	0.02378	0.03187	0.01214	0.01214	0.00860	0.00607	0.00506	0.00152	0.00556	0.00455	0.00506	0.00860
22	0.01477	0.01128	0.01257	0.00950	0.01365	0.01096	0.00772	0.33223	0.07622	0.05340	0.01163	0.01209	0.00877	0.00506	0.00445	0.00118	0.00455	0.00394	0.00415	0.40190
23	0.00632	0.00459	0.00583	0.00663	0.00715	0.00425	0.00447	0.00731	0.01013	0.01341	0.09718	0.59659	0.12364	0.07777	0.00785	0.00219	0.00299	0.01292	0.00464	0.00410
24	0.82200	0.00973	0.00762	0.00675	0.00991	0.01118	0.00556	0.01529	0.00886	0.05595	0.00760	0.00860	0.00578	0.00476	0.00321	0.00156	0.00393	0.00284	0.00326	0.00561
25	0.01226	0.02128	0.58091	0.01369	0.05135	0.01059	0.01578	0.01712	0.01159	0.15212	0.05652	0.01348	0.00995	0.00537	0.00493	0.00159	0.00656	0.00432	0.00307	0.00754
26	0.01376	0.01109	0.01535	0.13300	0.06367	0.01200	0.10621	0.23591	0.16792	0.06137	0.04808	0.06301	0.01336	0.00671	0.00536	0.00166	0.00545	0.02461	0.00424	0.00725
27	0.00616	0.00440	0.00587	0.00704	0.00733	0.00411	0.00469	0.00704	0.00968	0.01291	0.02787	0.81899	0.03344	0.01584	0.00645	0.00205	0.00293	0.01438	0.00469	0.00411
28	0.01091	0.01165	0.02356	0.35872	0.03002	0.01212	0.44801	0.01480	0.01116	0.01480	0.00970	0.01357	0.00727	0.00460	0.00558	0.00170	0.00776	0.00534	0.00242	0.00631
29	0.01037	0.01178	0.10530	0.46954	0.11927	0.02369	0.08131	0.02802	0.01091	0.01447	0.01057	0.02775	0.00872	0.00562	0.00523	0.00169	0.00673	0.05029	0.00253	0.00620
30	0.01016	0.00990	0.01656	0.67935	0.08759	0.03095	0.06750	0.01352	0.01044	0.01339	0.00908	0.01332	0.00689	0.00496	0.00510	0.00166	0.00687	0.00457	0.00230	0.00588
31	0.00708	0.00506	0.00692	0.00809	0.00879	0.00490	0.00629	0.00863	0.01059	0.01394	0.02736	0.46675	0.03144	0.01498	0.00670	0.00218	0.00373	0.35754	0.00468	0.00436
32	0.00986	0.03582	0.51849	0.04391	0.01966	0.01064	0.07295	0.03231	0.01112	0.01599	0.04563	0.11070	0.01236	0.00667	0.00520	0.00168	0.00658	0.03093	0.00278	0.00674
33	0.01243	0.13686	0.47321	0.01536	0.12506	0.04644	0.01543	0.03139	0.01142	0.07306	0.00965	0.01101	0.00714	0.00484	0.00462	0.00150	0.00678	0.00379	0.00257	0.00744
34	0.01165	0.01112	0.02949	0.30378	0.19123	0.02683	0.03870	0.03265	0.26639	0.01695	0.01302	0.01490	0.00995	0.00552	0.00509	0.00164	0.00577	0.00492	0.00333	0.00706
35	0.01252	0.01201	0.02053	0.03104	0.79074	0.01201	0.01552	0.01552	0.01151	0.01652	0.00951	0.01252	0.00801	0.00451	0.00501	0.00150	0.00601	0.00451	0.00250	0.00801
36	0.01457	0.01084	0.01730	0.04222	0.51455	0.01070	0.01284	0.04363	0.02404	0.18627	0.01367	0.01633	0.02694	0.00557	0.00513	0.00156	0.00548	0.03688	0.00358	0.00788
37	0.01506	0.04462	0.18994	0.00966	0.01358	0.00883	0.00936	0.07605	0.01332	0.32192	0.10831	0.05395	0.03476	0.06967	0.00672	0.00183	0.00489	0.00583	0.00463	0.00708
38	0.03912	0.00998	0.06399	0.00942	0.01343	0.00823	0.00822	0.06574	0.01435	0.64856	0.01822	0.01641	0.01174	0.00748	0.03939	0.00185	0.00498	0.00493	0.00569	0.00829
39	0.00960	0.00835	0.08986	0.00871	0.01114	0.00637	0.06832	0.01225	0.01322	0.11328	0.44778	0.10137	0.07030	0.00940	0.00578	0.00164	0.00369	0.00838	0.00494	0.00560
40	0.01387	0.08173	0.32392	0.01402	0.06105	0.04416	0.10897	0.04976	0.01239	0.17518	0.03073	0.04029	0.00991	0.00556	0.00498	0.00156	0.00642	0.00476	0.00337	0.00738
41	0.01619	0.09951	0.12264	0.07893	0.06911	0.39069	0.01148	0.08768	0.01377	0.05147	0.00908	0.01047	0.00709	0.00514	0.00460	0.00140	0.00758	0.00366	0.00286	0.00665
42	0.05535	0.01231	0.01391	0.04383	0.01548	0.01319	0.00904	0.50752	0.03570	0.22094	0.01392	0.01343	0.00951	0.00603	0.00498	0.00154	0.00520	0.00463	0.00516	0.00833
43	0.05673	0.10853	0.04226	0.01168	0.04790	0.01394	0.02827	0.43064	0.01826	0.12511	0.01293	0.03282	0.00989	0.00618	0.00487	0.00152	0.00537	0.03076	0.00449	0.00785
44	0.01387	0.01328	0.11649	0.18290	0.29300	0.06386	0.03983	0.01703	0.01195	0.16563	0.02636	0.01369	0.00907	0.00515	0.00503	0.00156	0.00624	0.00457	0.00320	0.00732
45	0.00914	0.00549	0.00685	0.03438	0.00800	0.00539	0.00451	0.00983	0.00906	0.10431	0.05000	0.12403	0.02062	0.51809	0.03370	0.00387	0.00472	0.04015	0.00377	0.00410
46	0.01219	0.04639	0.03941	0.21417	0.42635	0.06948	0.08931	0.01530	0.01135	0.01512	0.00922	0.01238	0.00746	0.00466	0.00500	0.00154	0.00667	0.00446	0.00243	0.00709
47	0.03827	0.01077	0.06121	0.01017	0.03234	0.03630	0.00852	0.06312	0.05892	0.59854	0.01795	0.01605	0.01163	0.00608	0.00501	0.00156	0.00475	0.00488	0.00559	0.00832
48	0.01175	0.00719	0.03847	0.00969	0.06543	0.00618	0.00688	0.03191	0.01155	0.23443	0.02323	0.48482	0.02409	0.01167	0.00587	0.00185	0.00377	0.01041	0.00489	0.00589
49	0.02049	0.00958	0.01357	0.04341	0.01508	0.00893	0.06951	0.10188	0.02935	0.59080	0.01784	0.01630	0.01154	0.00603	0.00513	0.00157	0.00484	0.00508	0.02082	0.00826
50	0.01312	0.05759	0.09510	0.15687	0.07921	0.05854	0.23034	0.05153	0.01213	0.10051	0.01147	0.02611	0.00906	0.00559	0.00573	0.00165	0.03958	0.03605	0.00306	0.00678
51	0.02629	0.07022	0.11190	0.05399	0.35658	0.06277	0.09230	0.02873	0.01168	0.01587	0.01186	0.01745	0.02248	0.00580	0.00514	0.00160	0.00638	0.08919	0.00277	0.00701
52	0.02196	0.00845	0.01150	0.00887	0.01266	0.00731	0.00731	0.02394	0.01447	0.75808	0.05585	0.01817	0.01416	0.00645	0.00513	0.00157	0.00421	0.00527	0.00623	0.00843
53	0.00978	0.00923	0.01559	0.74830	0.09482	0.01130	0.01416	0.01313	0.01022	0.01321	0.00903	0.01340	0.00684	0.00501	0.00505	0.00167	0.00668	0.00449	0.00227	0.00581
54	0.01455	0.08928	0.15955	0.01589	0.17589	0.24300	0.01211	0.06329	0.04653	0.05263	0.01074	0.01345	0.00879	0.00660	0.03255	0.00170	0.00714	0.03638	0.00298	0.00695

[dist]
# distance from previous block
# <min> <max>
1	13

[block]
# block no. 2 follows, 49 sequences, length 50
# corresponding to MSA columns:
# 174-223
name=unknown_C
#
# <colnr> <probs for GDERKNQSTAVLIFYWHMCP>
#	G	D	E	R	K	N	Q	S	T	A	V	L	I	F	Y	W	H	M	C	P
0	0.01892	0.01387	0.01485	0.01142	0.01538	0.01534	0.00942	0.75017	0.02337	0.03146	0.01228	0.01235	0.00874	0.00606	0.00501	0.00151	0.00546	0.00456	0.03136	0.00848
1	0.00941	0.00721	0.00912	0.03641	0.08140	0.00722	0.00651	0.11300	0.01173	0.01583	0.04633	0.16772	0.10915	0.20581	0.03416	0.00265	0.00458	0.05698	0.01930	0.05547
2	0.00878	0.00439	0.00659	0.00659	0.00659	0.00439	0.00439	0.00659	0.00659	0.00878	0.00878	0.01537	0.00878	0.01757	0.01976	0.85288	0.00439	0.00439	0.00220	0.00220
3	0.00724	0.00536	0.00784	0.00784	0.00864	0.00616	0.00596	0.00884	0.00804	0.01153	0.01381	0.02132	0.01327	0.12443	0.71661	0.00777	0.01259	0.00563	0.00275	0.00435
4	0.82846	0.00975	0.00770	0.03463	0.01065	0.01134	0.00577	0.01480	0.00866	0.02235	0.00711	0.00840	0.00552	0.00471	0.00320	0.00157	0.00401	0.00280	0.00310	0.00548
5	0.09961	0.10339	0.44053	0.07162	0.09838	0.01243	0.05380	0.01538	0.01062	0.01623	0.02817	0.01137	0.00760	0.00484	0.00459	0.00154	0.00661	0.00391	0.00239	0.00698
6	0.08017	0.31131	0.30679	0.01143	0.01676	0.03821	0.03666	0.08359	0.01183	0.04775	0.00889	0.01000	0.00685	0.00479	0.00417	0.00140	0.00623	0.00347	0.00268	0.00704
7	0.00955	0.00899	0.01517	0.81013	0.03483	0.01123	0.01404	0.01292	0.01011	0.01292	0.00899	0.01348	0.00674	0.00506	0.00506	0.00169	0.00674	0.00449	0.00225	0.00562
8	0.01049	0.00899	0.01049	0.00749	0.01198	0.00674	0.00599	0.01273	0.01049	0.01648	0.00899	0.01049	0.00749	0.00374	0.00374	0.00075	0.00374	0.00300	0.00300	0.85320
9	0.00999	0.00937	0.01588	0.63854	0.15186	0.01110	0.02890	0.01325	0.01037	0.01368	0.00965	0.03016	0.00765	0.00520	0.00506	0.00165	0.00649	0.00473	0.02052	0.00597
10	0.00870	0.00442	0.00653	0.00653	0.00653	0.00442	0.00432	0.00663	0.00663	0.00884	0.00919	0.01639	0.00933	0.06371	0.02011	0.80425	0.00442	0.00456	0.00225	0.00225
11	0.00627	0.00445	0.00584	0.00690	0.00717	0.00418	0.00454	0.00707	0.00947	0.01262	0.02677	0.74677	0.03206	0.08995	0.00823	0.00232	0.00311	0.01373	0.00454	0.00401
12	0.85801	0.00978	0.00743	0.00665	0.00978	0.01134	0.00548	0.01486	0.00861	0.02269	0.00704	0.00821	0.00548	0.00469	0.00313	0.00156	0.00391	0.00274	0.00313	0.00548
13	0.01049	0.00899	0.01049	0.00749	0.01198	0.00674	0.00599	0.01273	0.01049	0.01648	0.00899	0.01049	0.00749	0.00374	0.00374	0.00075	0.00374	0.00300	0.00300	0.85320
14	0.00616	0.00502	0.00544	0.00556	0.00700	0.00431	0.00409	0.00752	0.01162	0.01442	0.14424	0.15911	0.58206	0.01292	0.00604	0.00174	0.00259	0.01101	0.00481	0.00431
15	0.01241	0.01026	0.01241	0.03690	0.02783	0.00913	0.03154	0.18225	0.01348	0.01971	0.01006	0.02477	0.00817	0.00454	0.00422	0.00102	0.00443	0.00371	0.00344	0.57973
16	0.00725	0.00533	0.00768	0.00768	0.00843	0.00608	0.00577	0.00874	0.00800	0.01141	0.01395	0.02212	0.01362	0.17154	0.66997	0.00758	0.01207	0.00575	0.00277	0.00427
17	0.06049	0.57967	0.16241	0.01027	0.03119	0.05644	0.01047	0.01554	0.01048	0.01336	0.00749	0.00872	0.00645	0.00448	0.00362	0.00122	0.00589	0.00296	0.00224	0.00661
18	0.00722	0.00542	0.00813	0.00813	0.00903	0.00632	0.00632	0.00903	0.00813	0.01174	0.01354	0.01987	0.01264	0.03792	0.80225	0.00813	0.01354	0.00542	0.00271	0.00451
19	0.01049	0.00899	0.01049	0.00749	0.01198	0.00674	0.00599	0.01273	0.01049	0.01648	0.00899	0.01049	0.00749	0.00374	0.00374	0.00075	0.00374	0.00300	0.00300	0.85320
20	0.01591	0.06805	0.12032	0.01172	0.03138	0.01158	0.07764	0.18393	0.08590	0.21456	0.02764	0.01399	0.01027	0.00553	0.00487	0.00146	0.00536	0.00460	0.00429	0.10100
21	0.00818	0.00682	0.00996	0.00941	0.01009	0.00860	0.00750	0.00981	0.00803	0.01185	0.01183	0.01768	0.01115	0.03070	0.60698	0.00666	0.21225	0.00517	0.00259	0.00477
22	0.00616	0.00440	0.00587	0.00704	0.00733	0.00411	0.00469	0.00704	0.00968	0.01291	0.02787	0.81899	0.03344	0.01584	0.00645	0.00205	0.00293	0.01438	0.00469	0.00411
23	0.01379	0.05363	0.01499	0.03867	0.01577	0.11215	0.10386	0.06203	0.42954	0.05019	0.01710	0.01677	0.03618	0.00626	0.00509	0.00161	0.00542	0.00531	0.00428	0.00737
24	0.85801	0.00978	0.00743	0.00665	0.00978	0.01134	0.00548	0.01486	0.00861	0.02269	0.00704	0.00821	0.00548	0.00469	0.00313	0.00156	0.00391	0.00274	0.00313	0.00548
25	0.01086	0.11165	0.66167	0.01393	0.02087	0.01280	0.04263	0.04073	0.01110	0.01609	0.00899	0.01055	0.00653	0.00478	0.00468	0.00155	0.00722	0.00373	0.00225	0.00738
26	0.00777	0.00533	0.00686	0.00729	0.00801	0.00530	0.00508	0.05195	0.01021	0.04069	0.02391	0.51737	0.04753	0.11517	0.11948	0.00319	0.00484	0.01129	0.00430	0.00446
27	0.01049	0.00899	0.01049	0.00749	0.01198	0.00674	0.00599	0.01273	0.01049	0.01648	0.00899	0.01049	0.00749	0.00374	0.00374	0.00075	0.00374	0.00300	0.00300	0.85320
28	0.83338	0.00974	0.00756	0.00672	0.00987	0.01123	0.00553	0.01515	0.00878	0.04544	0.00742	0.00848	0.00568	0.00474	0.00319	0.00156	0.00392	0.00281	0.00322	0.00557
29	0.01352	0.82533	0.02650	0.00865	0.01298	0.02001	0.00865	0.01514	0.01027	0.01190	0.00703	0.00811	0.00649	0.00433	0.00324	0.00108	0.00541	0.00270	0.00216	0.00649
30	0.00722	0.00542	0.00813	0.00813	0.00903	0.00632	0.00632	0.00903	0.00813	0.01174	0.01354	0.01987	0.01264	0.03792	0.80225	0.00813	0.01354	0.00542	0.00271	0.00451
31	0.79412	0.00986	0.00786	0.00691	0.01010	0.01129	0.00569	0.03792	0.00933	0.05891	0.00779	0.00875	0.00590	0.00481	0.00328	0.00156	0.00398	0.00290	0.00333	0.00572
32	0.00735	0.00490	0.00552	0.00552	0.00552	0.00490	0.00306	0.00735	0.00735	0.00980	0.01593	0.03309	0.01838	0.82229	0.02574	0.00490	0.00490	0.00735	0.00306	0.00306
33	0.01352	0.82533	0.02650	0.00865	0.01298	0.02001	0.00865	0.01514	0.01027	0.01190	0.00703	0.00811	0.00649	0.00433	0.00324	0.00108	0.00541	0.00270	0.00216	0.00649
34	0.00627	0.00510	0.00556	0.00552	0.00703	0.00438	0.00411	0.00780	0.01211	0.01524	0.22998	0.08591	0.56860	0.01236	0.00600	0.00170	0.00254	0.01049	0.00491	0.00438
35	0.01856	0.00752	0.01019	0.00828	0.01125	0.00662	0.00658	0.02009	0.01312	0.58151	0.05589	0.09246	0.01602	0.03222	0.00689	0.06420	0.00405	0.00614	0.03116	0.00726
36	0.76140	0.00982	0.00804	0.00700	0.01023	0.01115	0.00577	0.03976	0.00958	0.08763	0.00828	0.00909	0.00617	0.00487	0.00335	0.00156	0.00400	0.00299	0.00345	0.00584
37	0.00616	0.00440	0.00587	0.00704	0.00733	0.00411	0.00469	0.00704	0.00968	0.01291	0.02787	0.81899	0.03344	0.01584	0.00645	0.00205	0.00293	0.01438	0.00469	0.00411
38	0.43870	0.01140	0.01095	0.00887	0.01244	0.01266	0.00732	0.31697	0.01523	0.10629	0.01040	0.01070	0.00744	0.00540	0.00410	0.00155	0.00461	0.00370	0.00422	0.00704
39	0.01171	0.01160	0.03508	0.22410	0.56283	0.01184	0.03949	0.01490	0.01116	0.01560	0.00940	0.01275	0.00765	0.00464	0.00505	0.00156	0.00630	0.00453	0.00243	0.00737
40	0.01333	0.77950	0.07063	0.00898	0.01349	0.01953	0.00923	0.01519	0.01030	0.01213	0.00715	0.00826	0.00648	0.00435	0.00333	0.00111	0.00553	0.00276	0.00216	0.00655
41	0.01080	0.00926	0.01112	0.08154	0.01427	0.00778	0.00696	0.03820	0.05510	0.01692	0.00975	0.01130	0.00791	0.00412	0.00399	0.00092	0.00409	0.00334	0.00312	0.69951
42	0.00970	0.03484	0.05716	0.00776	0.00980	0.00662	0.00649	0.02748	0.05539	0.10259	0.43320	0.11740	0.04802	0.00993	0.00576	0.00167	0.00336	0.05213	0.00512	0.00558
43	0.02013	0.07381	0.01350	0.01026	0.03873	0.06968	0.00813	0.05914	0.09520	0.53122	0.01738	0.01567	0.01157	0.00603	0.00490	0.00152	0.00484	0.00478	0.00537	0.00815
44	0.00700	0.00475	0.00562	0.00597	0.00606	0.00466	0.00355	0.00726	0.00805	0.01073	0.01951	0.26859	0.02290	0.58064	0.01996	0.00405	0.00431	0.00946	0.00355	0.00338
45	0.01327	0.18677	0.08536	0.03149	0.06885	0.01366	0.38910	0.01667	0.01159	0.09910	0.01035	0.01248	0.00782	0.00468	0.00539	0.00155	0.02720	0.00485	0.00282	0.00701
46	0.01315	0.01343	0.01923	0.09315	0.62102	0.12105	0.01460	0.01595	0.01179	0.01565	0.00923	0.01213	0.00770	0.00465	0.00495	0.00149	0.00650	0.00433	0.00250	0.00751
47	0.00724	0.00534	0.00773	0.00773	0.00849	0.00610	0.00582	0.00877	0.00801	0.01144	0.01391	0.02189	0.01352	0.15795	0.68343	0.00763	0.01222	0.00571	0.00276	0.00429
48	0.00735	0.00494	0.00569	0.00569	0.00575	0.00500	0.00328	0.00746	0.00740	0.00993	0.01578	0.03222	0.01801	0.77077	0.07674	0.00511	0.00547	0.00723	0.00304	0.00316
49	0.01875	0.02352	0.01429	0.01293	0.01558	0.76214	0.00973	0.04126	0.03212	0.01312	0.00823	0.00943	0.00678	0.00527	0.00459	0.00132	0.00890	0.00335	0.00273	0.00599

[dist]
# distance from previous block
# <min> <max>
0	22

[block]
# block no. 3 follows, 49 sequences, length 44
# corresponding to MSA columns:
# 246-289
name=unknown_D
#
# <colnr> <probs for GDERKNQSTAVLIFYWHMCP>
#	G	D	E	R	K	N	Q	S	T	A	V	L	I	F	Y	W	H	M	C	P
0	0.00729	0.00497	0.00595	0.00599	0.00615	0.00511	0.00365	0.00762	0.00756	0.01022	0.01594	0.05708	0.01795	0.66748	0.15179	0.00533	0.00625	0.00727	0.00306	0.00334
1	0.01014	0.02616	0.79609	0.01441	0.02189	0.01174	0.01868	0.01601	0.01068	0.01601	0.00907	0.01068	0.00641	0.00480	0.00480	0.00160	0.00747	0.00374	0.00214	0.00747
2	0.00601	0.00511	0.00519	0.00520	0.00686	0.00428	0.00389	0.00732	0.01156	0.01383	0.07183	0.06616	0.74997	0.01281	0.00599	0.00171	0.00256	0.01071	0.00472	0.00428
3	0.00616	0.00440	0.00587	0.00704	0.00733	0.00411	0.00469	0.00704	0.00968	0.01291	0.02787	0.81899	0.03344	0.01584	0.00645	0.00205	0.00293	0.01438	0.00469	0.00411
4	0.01106	0.01106	0.01549	0.01328	0.01328	0.01549	0.01106	0.01217	0.00774	0.01217	0.00664	0.01106	0.00664	0.00885	0.01659	0.00221	0.81303	0.00443	0.00221	0.00553
5	0.07375	0.00848	0.01088	0.00851	0.01211	0.00768	0.00700	0.04768	0.01403	0.64368	0.01854	0.01664	0.01199	0.00612	0.00481	0.00152	0.00413	0.00488	0.08954	0.00802
6	0.00955	0.00899	0.01517	0.81013	0.03483	0.01123	0.01404	0.01292	0.01011	0.01292	0.00899	0.01348	0.00674	0.00506	0.00506	0.00169	0.00674	0.00449	0.00225	0.00562
7	0.00878	0.00439	0.00659	0.00659	0.00659	0.00439	0.00439	0.00659	0.00659	0.00878	0.00878	0.01537	0.00878	0.01757	0.01976	0.85288	0.00439	0.00439	0.00220	0.00220
8	0.02259	0.00876	0.01183	0.00907	0.01299	0.00766	0.00749	0.04558	0.01473	0.77295	0.01973	0.01707	0.01241	0.00625	0.00508	0.00156	0.00434	0.00507	0.00623	0.00861
9	0.00815	0.00582	0.00815	0.00931	0.01048	0.00582	0.00815	0.01048	0.01164	0.01513	0.02677	0.05704	0.02910	0.01397	0.00698	0.00233	0.00466	0.75671	0.00466	0.00466
10	0.00616	0.00440	0.00587	0.00704	0.00733	0.00411	0.00469	0.00704	0.00968	0.01291	0.02787	0.81899	0.03344	0.01584	0.00645	0.00205	0.00293	0.01438	0.00469	0.00411
11	0.13966	0.00877	0.01113	0.00867	0.01247	0.00798	0.00716	0.02327	0.01365	0.68620	0.01814	0.01595	0.01153	0.00604	0.00481	0.00156	0.00425	0.00476	0.00582	0.00817
12	0.02189	0.00989	0.01253	0.00961	0.01355	0.00934	0.00794	0.19782	0.01662	0.61803	0.01814	0.01604	0.01161	0.00622	0.00508	0.00155	0.00459	0.00496	0.00598	0.00860
13	0.00633	0.00456	0.00595	0.00692	0.00736	0.00425	0.00471	0.00733	0.00999	0.01327	0.06663	0.66947	0.07672	0.05174	0.00729	0.00215	0.00304	0.04348	0.00466	0.00412
14	0.85801	0.00978	0.00743	0.00665	0.00978	0.01134	0.00548	0.01486	0.00861	0.02269	0.00704	0.00821	0.00548	0.00469	0.00313	0.00156	0.00391	0.00274	0.00313	0.00548
15	0.01698	0.00734	0.00991	0.00803	0.01094	0.00645	0.00645	0.01910	0.01441	0.50998	0.30207	0.02476	0.02544	0.00776	0.00541	0.00157	0.00360	0.00658	0.00600	0.00720
16	0.00641	0.00468	0.00598	0.00661	0.00728	0.00430	0.00457	0.00767	0.01096	0.01469	0.21272	0.52112	0.12696	0.03289	0.00673	0.00197	0.00280	0.01251	0.00487	0.00426
17	0.00673	0.00520	0.00583	0.00566	0.00721	0.00450	0.00425	0.00839	0.01249	0.03237	0.29776	0.05914	0.50874	0.01190	0.00596	0.00167	0.00255	0.01011	0.00502	0.00453
18	0.01049	0.00899	0.01049	0.00749	0.01198	0.00674	0.00599	0.01273	0.01049	0.01648	0.00899	0.01049	0.00749	0.00374	0.00374	0.00075	0.00374	0.00300	0.00300	0.85320
19	0.01014	0.02616	0.79609	0.01441	0.02189	0.01174	0.01868	0.01601	0.01068	0.01601	0.00907	0.01068	0.00641	0.00480	0.00480	0.00160	0.00747	0.00374	0.00214	0.00747
20	0.00633	0.00473	0.00588	0.00644	0.00726	0.00429	0.00451	0.00762	0.01109	0.01464	0.19318	0.47204	0.21563	0.01397	0.00624	0.00187	0.00273	0.01240	0.00488	0.00429
21	0.00625	0.00444	0.00584	0.00693	0.00720	0.00417	0.00457	0.00706	0.00951	0.01267	0.02697	0.75943	0.03230	0.07695	0.00792	0.00227	0.00308	0.01384	0.00457	0.00403
22	0.01353	0.63139	0.07858	0.00954	0.01368	0.10091	0.00938	0.01544	0.01083	0.01258	0.03871	0.00967	0.00815	0.00481	0.00393	0.00119	0.02580	0.00314	0.00235	0.00640
23	0.00728	0.00640	0.02873	0.05756	0.04679	0.00585	0.06558	0.00889	0.01021	0.01356	0.02558	0.56402	0.07853	0.01321	0.00622	0.00196	0.00390	0.04681	0.00422	0.00471
24	0.00944	0.00717	0.00821	0.00788	0.00922	0.00762	0.00566	0.09825	0.18349	0.01661	0.06986	0.26357	0.04487	0.19993	0.04248	0.00278	0.00431	0.00891	0.00443	0.00531
25	0.79356	0.01005	0.03107	0.00683	0.00995	0.01106	0.00576	0.01456	0.00861	0.02190	0.00751	0.00943	0.00610	0.04212	0.00421	0.00172	0.00406	0.00298	0.00310	0.00543
26	0.10272	0.00722	0.00859	0.00761	0.00996	0.00694	0.00587	0.01614	0.08278	0.28780	0.10973	0.16899	0.11053	0.04430	0.00623	0.00183	0.00359	0.00779	0.00514	0.00623
27	0.00798	0.00558	0.00655	0.00624	0.00695	0.00551	0.00413	0.05806	0.01089	0.01487	0.26700	0.06533	0.04949	0.45108	0.01666	0.00341	0.00399	0.00813	0.00412	0.00405
28	0.01197	0.05260	0.01815	0.03391	0.01601	0.05120	0.12720	0.04400	0.00952	0.01359	0.00754	0.01132	0.00686	0.00755	0.01301	0.00200	0.56073	0.00453	0.00240	0.00592
29	0.00732	0.00489	0.00553	0.00556	0.00557	0.00488	0.00311	0.00734	0.00742	0.00990	0.01629	0.05657	0.01883	0.79819	0.02516	0.00482	0.00484	0.00756	0.00311	0.00310
30	0.01105	0.00718	0.00853	0.00744	0.00950	0.02866	0.00577	0.05893	0.04983	0.14802	0.49228	0.03097	0.07787	0.00905	0.00562	0.00156	0.00321	0.00778	0.00542	0.03131
31	0.01014	0.02616	0.79609	0.01441	0.02189	0.01174	0.01868	0.01601	0.01068	0.01601	0.00907	0.01068	0.00641	0.00480	0.00480	0.00160	0.00747	0.00374	0.00214	0.00747
32	0.01109	0.00935	0.01081	0.00778	0.01224	0.00736	0.00624	0.06570	0.01141	0.01755	0.00921	0.01060	0.00757	0.00391	0.00384	0.00080	0.00387	0.00310	0.00314	0.79443
33	0.00710	0.00517	0.00668	0.00630	0.00752	0.00475	0.00472	0.00943	0.01417	0.01994	0.75035	0.03833	0.08565	0.01046	0.00596	0.00160	0.00239	0.00922	0.00552	0.00475
34	0.00878	0.00439	0.00659	0.00659	0.00659	0.00439	0.00439	0.00659	0.00659	0.00878	0.00878	0.01537	0.00878	0.01757	0.01976	0.85288	0.00439	0.00439	0.00220	0.00220
35	0.00878	0.00439	0.00659	0.00659	0.00659	0.00439	0.00439	0.00659	0.00659	0.00878	0.00878	0.01537	0.00878	0.01757	0.01976	0.85288	0.00439	0.00439	0.00220	0.00220
36	0.01011	0.00953	0.01610	0.62467	0.19640	0.01124	0.01415	0.01334	0.01040	0.01369	0.00953	0.03163	0.00762	0.00518	0.00508	0.00165	0.00650	0.00472	0.00236	0.00610
37	0.00716	0.00517	0.00676	0.00636	0.00755	0.00477	0.00477	0.00954	0.01431	0.02028	0.78808	0.03777	0.04771	0.01034	0.00596	0.00159	0.00239	0.00914	0.00557	0.00477
38	0.85801	0.00978	0.00743	0.00665	0.00978	0.01134	0.00548	0.01486	0.00861	0.02269	0.00704	0.00821	0.00548	0.00469	0.00313	0.00156	0.00391	0.00274	0.00313	0.00548
39	0.00722	0.00542	0.00813	0.00813	0.00903	0.00632	0.00632	0.00903	0.00813	0.01174	0.01354	0.01987	0.01264	0.03792	0.80225	0.00813	0.01354	0.00542	0.00271	0.00451
40	0.02058	0.01199	0.01383	0.01060	0.01459	0.01245	0.00876	0.48022	0.02013	0.33068	0.01520	0.01413	0.01014	0.00614	0.00507	0.00154	0.00507	0.00476	0.00553	0.00860
41	0.01252	0.01201	0.02053	0.03104	0.79074	0.01201	0.01552	0.01552	0.01151	0.01652	0.00951	0.01252	0.00801	0.00451	0.00501	0.00150	0.00601	0.00451	0.00250	0.00801
42	0.00616	0.00440	0.00587	0.00704	0.00733	0.00411	0.00469	0.00704	0.00968	0.01291	0.02787	0.81899	0.03344	0.01584	0.00645	0.00205	0.00293	0.01438	0.00469	0.00411
43	0.01211	0.01350	0.06085	0.02524	0.35946	0.01240	0.40790	0.01589	0.01169	0.01633	0.00986	0.01301	0.00776	0.00439	0.00550	0.00161	0.00738	0.00523	0.00251	0.00737

[dist]
# distance from previous block
# <min> <max>
0	7

[block]
# block no. 4 follows, 49 sequences, length 8
# corresponding to MSA columns:
# 297-304
name=unknown_E
#
# <colnr> <probs for GDERKNQSTAVLIFYWHMCP>
#	G	D	E	R	K	N	Q	S	T	A	V	L	I	F	Y	W	H	M	C	P
0	0.85801	0.00978	0.00743	0.00665	0.00978	0.01134	0.00548	0.01486	0.00861	0.02269	0.00704	0.00821	0.00548	0.00469	0.00313	0.00156	0.00391	0.00274	0.00313	0.00548
1	0.01217	0.50572	0.33428	0.01096	0.01654	0.01670	0.01266	0.01549	0.01044	0.01354	0.00785	0.00914	0.00646	0.00452	0.00387	0.00129	0.00623	0.00312	0.00215	0.00688
2	0.01258	0.01086	0.01143	0.01029	0.01315	0.01258	0.00800	0.02687	0.78161	0.02115	0.02058	0.01887	0.01544	0.00686	0.00515	0.00172	0.00400	0.00572	0.00515	0.00800
3	0.00616	0.00440	0.00587	0.00704	0.00733	0.00411	0.00469	0.00704	0.00968	0.01291	0.02787	0.81899	0.03344	0.01584	0.00645	0.00205	0.00293	0.01438	0.00469	0.00411
4	0.01325	0.76058	0.08885	0.00912	0.01370	0.01934	0.00947	0.01521	0.01031	0.01223	0.00720	0.00832	0.00648	0.00436	0.00337	0.00112	0.00558	0.00279	0.00216	0.00657
5	0.00722	0.00542	0.00813	0.00813	0.00903	0.00632	0.00632	0.00903	0.00813	0.01174	0.01354	0.01987	0.01264	0.03792	0.80225	0.00813	0.01354	0.00542	0.00271	0.00451
6	0.00626	0.00444	0.00584	0.00692	0.00719	0.00417	0.00456	0.00707	0.00949	0.01266	0.02690	0.75531	0.03222	0.08118	0.00802	0.00228	0.00309	0.01381	0.00456	0.00402
7	0.85801	0.00978	0.00743	0.00665	0.00978	0.01134	0.00548	0.01486	0.00861	0.02269	0.00704	0.00821	0.00548	0.00469	0.00313	0.00156	0.00391	0.00274	0.00313	0.00548

[dist]
# distance from previous block
# <min> <max>
0	3

[block]
# block no. 5 follows, 49 sequences, length 20
# corresponding to MSA columns:
# 308-327
name=unknown_F
#
# <colnr> <probs for GDERKNQSTAVLIFYWHMCP>
#	G	D	E	R	K	N	Q	S	T	A	V	L	I	F	Y	W	H	M	C	P
0	0.00642	0.00451	0.00579	0.00670	0.00693	0.00428	0.00433	0.00711	0.00917	0.01222	0.02524	0.64572	0.03012	0.19364	0.01071	0.00268	0.00337	0.01283	0.00433	0.00388
1	0.01087	0.01080	0.01545	0.11610	0.01606	0.01494	0.01145	0.01227	0.00805	0.01227	0.00694	0.01138	0.00665	0.00836	0.01511	0.00214	0.70899	0.00443	0.00222	0.00554
2	0.00633	0.00486	0.00563	0.00597	0.00696	0.00435	0.00417	0.00749	0.01082	0.01385	0.13433	0.30524	0.35810	0.09848	0.00821	0.00214	0.00291	0.01138	0.00464	0.00415
3	0.02136	0.00831	0.01131	0.00877	0.01245	0.00720	0.00720	0.02335	0.01446	0.72812	0.08557	0.01897	0.01552	0.00661	0.00516	0.00157	0.00414	0.00543	0.00620	0.00828
4	0.85801	0.00978	0.00743	0.00665	0.00978	0.01134	0.00548	0.01486	0.00861	0.02269	0.00704	0.00821	0.00548	0.00469	0.00313	0.00156	0.00391	0.00274	0.00313	0.00548
5	0.21726	0.01242	0.01291	0.01012	0.01394	0.01360	0.00836	0.49906	0.01901	0.12740	0.01194	0.01187	0.00837	0.00577	0.00461	0.00153	0.00501	0.00419	0.00476	0.00786
6	0.01194	0.01364	0.02984	0.02131	0.02643	0.01279	0.77238	0.01620	0.01194	0.01620	0.01023	0.01364	0.00767	0.00426	0.00597	0.00171	0.00853	0.00597	0.00256	0.00682
7	0.82557	0.00973	0.00760	0.00674	0.00990	0.01119	0.00555	0.01524	0.00883	0.05265	0.00754	0.00856	0.00575	0.00475	0.00321	0.00156	0.00393	0.00283	0.00325	0.00560
8	0.00697	0.00516	0.00650	0.00616	0.00744	0.00469	0.00462	0.00917	0.01386	0.01921	0.66943	0.03953	0.16702	0.01074	0.00597	0.00161	0.00241	0.00939	0.00543	0.00469
9	0.00669	0.00517	0.00557	0.00557	0.00716	0.00440	0.00414	0.00803	0.01163	0.04250	0.10095	0.13288	0.62216	0.01273	0.00600	0.00173	0.00265	0.01077	0.00482	0.00445
10	0.00703	0.00516	0.00658	0.00622	0.00747	0.00472	0.00467	0.00929	0.01400	0.01954	0.70621	0.03898	0.13004	0.01061	0.00597	0.00160	0.00241	0.00931	0.00547	0.00472
11	0.00598	0.00512	0.00512	0.00512	0.00683	0.00427	0.00384	0.00726	0.01153	0.01366	0.05123	0.04866	0.78869	0.01281	0.00598	0.00171	0.00256	0.01067	0.00470	0.00427
12	0.02269	0.00861	0.01174	0.00900	0.01291	0.00743	0.00743	0.02464	0.01447	0.79425	0.01995	0.01721	0.01252	0.00626	0.00509	0.00156	0.00430	0.00509	0.00626	0.00861
13	0.00612	0.00511	0.00520	0.00519	0.00675	0.00433	0.00381	0.00733	0.01129	0.01357	0.07119	0.04715	0.70737	0.07426	0.00748	0.00195	0.00273	0.01037	0.00460	0.00419
14	0.00943	0.00471	0.00471	0.00471	0.00589	0.00471	0.00353	0.01178	0.01060	0.01885	0.01650	0.01885	0.01296	0.00589	0.00353	0.00118	0.00236	0.00471	0.85036	0.00471
15	0.01194	0.01364	0.02984	0.02131	0.02643	0.01279	0.77238	0.01620	0.01194	0.01620	0.01023	0.01364	0.00767	0.00426	0.00597	0.00171	0.00853	0.00597	0.00256	0.00682
16	0.01799	0.00755	0.01016	0.00815	0.01118	0.00663	0.00654	0.01995	0.01406	0.55914	0.21248	0.02320	0.02165	0.04983	0.00638	0.00175	0.00385	0.00622	0.00592	0.00735
17	0.00614	0.00447	0.00580	0.00687	0.00729	0.00412	0.00462	0.00706	0.00985	0.01298	0.02997	0.74986	0.10122	0.01557	0.00641	0.00202	0.00290	0.01404	0.00469	0.00412
18	0.00616	0.00440	0.00587	0.00704	0.00733	0.00411	0.00469	0.00704	0.00968	0.01291	0.02787	0.81899	0.03344	0.01584	0.00645	0.00205	0.00293	0.01438	0.00469	0.00411
19	0.00815	0.00582	0.00815	0.00931	0.01048	0.00582	0.00815	0.01048	0.01164	0.01513	0.02677	0.05704	0.02910	0.01397	0.00698	0.00233	0.00466	0.75671	0.00466	0.00466

[dist]
# distance from previous block
# <min> <max>
0	1

[block]
# block no. 6 follows, 49 sequences, length 96
# corresponding to MSA columns:
# 329-424
name=unknown_G
#
# <colnr> <probs for GDERKNQSTAVLIFYWHMCP>
#	G	D	E	R	K	N	Q	S	T	A	V	L	I	F	Y	W	H	M	C	P
0	0.00709	0.00514	0.00669	0.00636	0.00753	0.00473	0.00475	0.00939	0.01406	0.01983	0.74099	0.07016	0.06300	0.01062	0.00598	0.00161	0.00241	0.00939	0.00551	0.00473
1	0.85801	0.00978	0.00743	0.00665	0.00978	0.01134	0.00548	0.01486	0.00861	0.02269	0.00704	0.00821	0.00548	0.00469	0.00313	0.00156	0.00391	0.00274	0.00313	0.00548
2	0.01049	0.00899	0.01049	0.00749	0.01198	0.00674	0.00599	0.01273	0.01049	0.01648	0.00899	0.01049	0.00749	0.00374	0.00374	0.00075	0.00374	0.00300	0.00300	0.85320
3	0.01014	0.02616	0.79609	0.01441	0.02189	0.01174	0.01868	0.01601	0.01068	0.01601	0.00907	0.01068	0.00641	0.00480	0.00480	0.00160	0.00747	0.00374	0.00214	0.00747
4	0.00722	0.00542	0.00813	0.00813	0.00903	0.00632	0.00632	0.00903	0.00813	0.01174	0.01354	0.01987	0.01264	0.03792	0.80225	0.00813	0.01354	0.00542	0.00271	0.00451
5	0.02269	0.00861	0.01174	0.00900	0.01291	0.00743	0.00743	0.02464	0.01447	0.79425	0.01995	0.01721	0.01252	0.00626	0.00509	0.00156	0.00430	0.00509	0.00626	0.00861
6	0.00955	0.00899	0.01517	0.81013	0.03483	0.01123	0.01404	0.01292	0.01011	0.01292	0.00899	0.01348	0.00674	0.00506	0.00506	0.00169	0.00674	0.00449	0.00225	0.00562
7	0.00723	0.00541	0.00807	0.00807	0.00896	0.00629	0.00625	0.00899	0.00811	0.01170	0.01360	0.02014	0.01276	0.05449	0.78585	0.00806	0.01336	0.00546	0.00272	0.00448
8	0.00943	0.00471	0.00471	0.00471	0.00589	0.00471	0.00353	0.01178	0.01060	0.01885	0.01650	0.01885	0.01296	0.00589	0.00353	0.00118	0.00236	0.00471	0.85036	0.00471
9	0.85801	0.00978	0.00743	0.00665	0.00978	0.01134	0.00548	0.01486	0.00861	0.02269	0.00704	0.00821	0.00548	0.00469	0.00313	0.00156	0.00391	0.00274	0.00313	0.00548
10	0.00623	0.00534	0.00536	0.00532	0.00707	0.00459	0.00400	0.00801	0.04097	0.01395	0.05005	0.04753	0.75913	0.01258	0.00594	0.00171	0.00262	0.01048	0.00471	0.00441
11	0.01014	0.02616	0.79609	0.01441	0.02189	0.01174	0.01868	0.01601	0.01068	0.01601	0.00907	0.01068	0.00641	0.00480	0.00480	0.00160	0.00747	0.00374	0.00214	0.00747
12	0.02269	0.00861	0.01174	0.00900	0.01291	0.00743	0.00743	0.02464	0.01447	0.79425	0.01995	0.01721	0.01252	0.00626	0.00509	0.00156	0.00430	0.00509	0.00626	0.00861
13	0.00616	0.00440	0.00587	0.00704	0.00733	0.00411	0.00469	0.00704	0.00968	0.01291	0.02787	0.81899	0.03344	0.01584	0.00645	0.00205	0.00293	0.01438	0.00469	0.00411
14	0.01014	0.02616	0.79609	0.01441	0.02189	0.01174	0.01868	0.01601	0.01068	0.01601	0.00907	0.01068	0.00641	0.00480	0.00480	0.00160	0.00747	0.00374	0.00214	0.00747
15	0.01049	0.00899	0.01049	0.00749	0.01198	0.00674	0.00599	0.01273	0.01049	0.01648	0.00899	0.01049	0.00749	0.00374	0.00374	0.00075	0.00374	0.00300	0.00300	0.85320
16	0.00616	0.00440	0.00587	0.00704	0.00733	0.00411	0.00469	0.00704	0.00968	0.01291	0.02787	0.81899	0.03344	0.01584	0.00645	0.00205	0.00293	0.01438	0.00469	0.00411
17	0.85801	0.00978	0.00743	0.00665	0.00978	0.01134	0.00548	0.01486	0.00861	0.02269	0.00704	0.00821	0.00548	0.00469	0.00313	0.00156	0.00391	0.00274	0.00313	0.00548
18	0.00602	0.00509	0.00521	0.00526	0.00688	0.00427	0.00391	0.00731	0.01151	0.01381	0.07103	0.08977	0.72691	0.01290	0.00600	0.00172	0.00258	0.01083	0.00472	0.00427
19	0.00724	0.00535	0.00778	0.00778	0.00856	0.00613	0.00588	0.00880	0.00802	0.01148	0.01387	0.02164	0.01341	0.14338	0.69785	0.00769	0.01238	0.00568	0.00276	0.00432
20	0.00616	0.00440	0.00587	0.00704	0.00733	0.00411	0.00469	0.00704	0.00968	0.01291	0.02787	0.81899	0.03344	0.01584	0.00645	0.00205	0.00293	0.01438	0.00469	0.00411
21	0.01049	0.00899	0.01049	0.00749	0.01198	0.00674	0.00599	0.01273	0.01049	0.01648	0.00899	0.01049	0.00749	0.00374	0.00374	0.00075	0.00374	0.00300	0.00300	0.85320
22	0.85801	0.00978	0.00743	0.00665	0.00978	0.01134	0.00548	0.01486	0.00861	0.02269	0.00704	0.00821	0.00548	0.00469	0.00313	0.00156	0.00391	0.00274	0.00313	0.00548
23	0.01365	0.80566	0.02620	0.00876	0.01304	0.03921	0.00868	0.01527	0.01037	0.01191	0.00705	0.00814	0.00649	0.00435	0.00328	0.00109	0.00550	0.00272	0.00217	0.00647
24	0.00636	0.00541	0.00594	0.00638	0.04037	0.00464	0.00444	0.00780	0.01173	0.01434	0.11263	0.06235	0.67548	0.01230	0.00594	0.00170	0.00270	0.01035	0.00468	0.00447
25	0.01889	0.02410	0.01433	0.01303	0.01563	0.80199	0.00977	0.02019	0.01433	0.01238	0.00782	0.00912	0.00651	0.00521	0.00456	0.00130	0.00912	0.00326	0.00261	0.00586
26	0.00722	0.00542	0.00813	0.00813	0.00903	0.00632	0.00632	0.00903	0.00813	0.01174	0.01354	0.01987	0.01264	0.03792	0.80225	0.00813	0.01354	0.00542	0.00271	0.00451
27	0.01049	0.00899	0.01049	0.00749	0.01198	0.00674	0.00599	0.01273	0.01049	0.01648	0.00899	0.01049	0.00749	0.00374	0.00374	0.00075	0.00374	0.00300	0.00300	0.85320
28	0.85801	0.00978	0.00743	0.00665	0.00978	0.01134	0.00548	0.01486	0.00861	0.02269	0.00704	0.00821	0.00548	0.00469	0.00313	0.00156	0.00391	0.00274	0.00313	0.00548
29	0.85801	0.00978	0.00743	0.00665	0.00978	0.01134	0.00548	0.01486	0.00861	0.02269	0.00704	0.00821	0.00548	0.00469	0.00313	0.00156	0.00391	0.00274	0.00313	0.00548
30	0.01448	0.00789	0.03422	0.00815	0.01089	0.00686	0.00663	0.01769	0.08659	0.35615	0.22482	0.09377	0.05883	0.02202	0.00579	0.00167	0.00367	0.00722	0.00550	0.02715
31	0.00616	0.00440	0.00587	0.00704	0.00733	0.00411	0.00469	0.00704	0.00968	0.01291	0.02787	0.81899	0.03344	0.01584	0.00645	0.00205	0.00293	0.01438	0.00469	0.00411
32	0.00735	0.00490	0.00552	0.00552	0.00552	0.00490	0.00306	0.00735	0.00735	0.00980	0.01593	0.03309	0.01838	0.82229	0.02574	0.00490	0.00490	0.00735	0.00306	0.00306
33	0.01352	0.82533	0.02650	0.00865	0.01298	0.02001	0.00865	0.01514	0.01027	0.01190	0.00703	0.00811	0.00649	0.00433	0.00324	0.00108	0.00541	0.00270	0.00216	0.00649
34	0.01049	0.00899	0.01049	0.00749	0.01198	0.00674	0.00599	0.01273	0.01049	0.01648	0.00899	0.01049	0.00749	0.00374	0.00374	0.00075	0.00374	0.00300	0.00300	0.85320
35	0.00616	0.00440	0.00587	0.00704	0.00733	0.00411	0.00469	0.00704	0.00968	0.01291	0.02787	0.81899	0.03344	0.01584	0.00645	0.00205	0.00293	0.01438	0.00469	0.00411
36	0.33858	0.01839	0.01183	0.01097	0.02967	0.48406	0.00825	0.01806	0.01209	0.01639	0.00756	0.00885	0.00615	0.00500	0.00402	0.00141	0.00707	0.00309	0.00280	0.00576
37	0.00619	0.00441	0.00586	0.00701	0.00729	0.00412	0.00466	0.00705	0.00963	0.01284	0.02761	0.80158	0.03311	0.03370	0.00688	0.00212	0.00298	0.01422	0.00466	0.00408
38	0.01895	0.01403	0.01502	0.01158	0.01558	0.01555	0.00955	0.74313	0.05497	0.03143	0.01249	0.01242	0.00888	0.00610	0.00506	0.00153	0.00550	0.00460	0.00506	0.00858
39	0.03762	0.01434	0.09005	0.08098	0.49015	0.09331	0.03870	0.04747	0.01213	0.03381	0.00955	0.01207	0.00766	0.00475	0.00493	0.00151	0.00648	0.00432	0.00267	0.00750
40	0.03023	0.80919	0.02612	0.00861	0.01292	0.01984	0.00859	0.01514	0.01024	0.01211	0.00703	0.00811	0.00647	0.00433	0.00324	0.00109	0.00538	0.00270	0.00218	0.00647
41	0.01149	0.00896	0.01059	0.00761	0.01206	0.00680	0.00611	0.01371	0.01081	0.08031	0.00989	0.01104	0.00790	0.00395	0.00385	0.00082	0.00379	0.00317	0.00326	0.78388
