[name]
unknown

[dist]
# distance from previous block
# <min> <max>
15	66

[block]
# block no. 0 follows, 47 sequences, length 14
# corresponding to MSA columns:
# 87-100
name=unknown_A
#
# <colnr> <probs for GDERKNQSTAVLIFYWHMCP>
#	G	D	E	R	K	N	Q	S	T	A	V	L	I	F	Y	W	H	M	C	P
0	0.03108	0.02814	0.01576	0.13763	0.01825	0.04895	0.08026	0.11762	0.07947	0.05286	0.01151	0.04068	0.00963	0.02043	0.03567	0.00208	0.22739	0.00513	0.00336	0.03411
1	0.01165	0.02404	0.01691	0.14550	0.11431	0.01190	0.12728	0.09204	0.05292	0.01717	0.05402	0.06940	0.01246	0.00861	0.04981	0.00210	0.12936	0.00582	0.00327	0.05143
2	0.01070	0.00940	0.01212	0.19700	0.01711	0.03832	0.00931	0.01410	0.09325	0.04280	0.04853	0.07430	0.09785	0.00823	0.00818	0.00178	0.20132	0.00623	0.04249	0.06698
3	0.05788	0.01052	0.01554	0.18316	0.01890	0.01294	0.08275	0.06180	0.01035	0.04041	0.00958	0.01409	0.00828	0.05763	0.03181	0.00229	0.33583	0.00485	0.02078	0.02062
4	0.01132	0.00923	0.01341	0.14600	0.03840	0.00959	0.07482	0.05830	0.03876	0.06659	0.01436	0.15218	0.01364	0.06738	0.00811	0.00189	0.09087	0.00650	0.00355	0.17507
5	0.01061	0.00670	0.00869	0.10595	0.01175	0.00659	0.00596	0.02709	0.01017	0.12750	0.04163	0.10846	0.01777	0.37468	0.03167	0.00330	0.00498	0.00715	0.00383	0.08551
6	0.01224	0.01012	0.01113	0.04644	0.03031	0.05137	0.00756	0.20184	0.08053	0.02007	0.05973	0.19640	0.04897	0.02798	0.00585	0.00164	0.00455	0.00727	0.00435	0.17165
7	0.00859	0.00591	0.00755	0.00792	0.02960	0.00552	0.00536	0.04045	0.01117	0.05097	0.10556	0.45300	0.02856	0.11161	0.00855	0.00223	0.00353	0.01094	0.02810	0.07490
8	0.01154	0.01056	0.01669	0.54554	0.05310	0.01277	0.05680	0.11144	0.01212	0.01606	0.00950	0.01341	0.00727	0.00571	0.00657	0.00177	0.09539	0.00472	0.00271	0.00632
9	0.00888	0.00563	0.00734	0.00674	0.00814	0.00518	0.00504	0.01111	0.01422	0.09195	0.65296	0.03655	0.04347	0.07081	0.00759	0.00189	0.00284	0.00889	0.00561	0.00515
10	0.01206	0.00833	0.01016	0.07258	0.01292	0.00875	0.00733	0.08616	0.19632	0.12051	0.23094	0.07743	0.06417	0.03112	0.00629	0.00183	0.00399	0.03738	0.00519	0.00654
11	0.01822	0.15834	0.01651	0.01234	0.03647	0.44416	0.00964	0.07583	0.01455	0.10799	0.01084	0.01318	0.00890	0.00587	0.00471	0.00141	0.00752	0.04346	0.00336	0.00670
12	0.05259	0.51345	0.12944	0.07021	0.02929	0.08114	0.01084	0.03518	0.01126	0.01408	0.00793	0.00940	0.00673	0.00472	0.00389	0.00129	0.00622	0.00320	0.00240	0.00674
13	0.10974	0.04543	0.01446	0.01082	0.01479	0.04168	0.02422	0.40516	0.05785	0.17884	0.01347	0.01316	0.00945	0.00596	0.00489	0.00154	0.00534	0.00451	0.00492	0.03378

[dist]
# distance from previous block
# <min> <max>
4	20

[block]
# block no. 1 follows, 47 sequences, length 60
# corresponding to MSA columns:
# 121-180
name=unknown_B
#
# <colnr> <probs for GDERKNQSTAVLIFYWHMCP>
#	G	D	E	R	K	N	Q	S	T	A	V	L	I	F	Y	W	H	M	C	P
0	0.05659	0.12127	0.41389	0.07549	0.02009	0.01328	0.02559	0.09958	0.04682	0.04802	0.01068	0.02764	0.00807	0.00542	0.00478	0.00159	0.00659	0.00421	0.00296	0.00743
1	0.01144	0.05411	0.01703	0.37759	0.25522	0.04169	0.01340	0.03049	0.03801	0.01498	0.01042	0.01451	0.00852	0.00801	0.07006	0.00218	0.00715	0.01594	0.00265	0.00663
2	0.01870	0.01447	0.04899	0.01182	0.01597	0.01521	0.01000	0.63266	0.08751	0.05703	0.01366	0.02648	0.00992	0.00644	0.00523	0.00159	0.00559	0.00494	0.00512	0.00868
3	0.01119	0.15344	0.53867	0.04271	0.02068	0.01298	0.05114	0.01599	0.01112	0.03610	0.01168	0.01309	0.04847	0.00533	0.00482	0.00157	0.00701	0.00423	0.00248	0.00728
4	0.09867	0.00925	0.01108	0.00894	0.01233	0.00903	0.00724	0.10275	0.09523	0.39080	0.15069	0.01989	0.01820	0.00698	0.00516	0.00160	0.00414	0.00567	0.00564	0.03673
5	0.01392	0.82012	0.02729	0.00891	0.01337	0.02061	0.00891	0.01559	0.01058	0.01225	0.00724	0.00835	0.00668	0.00446	0.00334	0.00111	0.00557	0.00278	0.00223	0.00668
6	0.01305	0.01155	0.01963	0.18138	0.56227	0.01189	0.03366	0.01617	0.01181	0.07306	0.01050	0.01347	0.00833	0.00488	0.00520	0.00159	0.00627	0.00472	0.00281	0.00778
7	0.00654	0.00493	0.00611	0.00695	0.00780	0.00450	0.00501	0.00775	0.01078	0.01381	0.03569	0.49418	0.25549	0.01515	0.00657	0.00204	0.00313	0.10439	0.00483	0.00435
8	0.00739	0.00538	0.00699	0.00676	0.00801	0.00498	0.00518	0.00978	0.01432	0.01999	0.66895	0.04139	0.09098	0.01114	0.00624	0.00172	0.00268	0.07765	0.00559	0.00487
9	0.01392	0.82012	0.02729	0.00891	0.01337	0.02061	0.00891	0.01559	0.01058	0.01225	0.00724	0.00835	0.00668	0.00446	0.00334	0.00111	0.00557	0.00278	0.00223	0.00668
10	0.61151	0.01095	0.03655	0.03751	0.06237	0.01173	0.00748	0.07663	0.01079	0.05953	0.00887	0.01007	0.00669	0.00506	0.00375	0.00160	0.00452	0.00336	0.02476	0.00628
11	0.00775	0.00566	0.00758	0.00861	0.00975	0.00549	0.00720	0.00976	0.01166	0.01501	0.03134	0.17547	0.13792	0.01452	0.00696	0.00226	0.00421	0.52938	0.00481	0.00465
12	0.01477	0.61715	0.04465	0.00984	0.01410	0.10049	0.00934	0.06940	0.05224	0.01436	0.00848	0.00941	0.00732	0.00483	0.00376	0.00122	0.00596	0.00317	0.00264	0.00688
13	0.00757	0.00505	0.00568	0.00568	0.00568	0.00505	0.00316	0.00757	0.00757	0.01010	0.01641	0.03408	0.01893	0.81698	0.02651	0.00505	0.00505	0.00757	0.00316	0.00316
14	0.80987	0.01031	0.00807	0.00712	0.01039	0.01192	0.00586	0.05488	0.00968	0.02386	0.00753	0.00867	0.00581	0.00491	0.00333	0.00161	0.00412	0.00292	0.00333	0.00581
15	0.01063	0.02568	0.71803	0.01576	0.04152	0.01218	0.07140	0.01649	0.01111	0.01652	0.00944	0.01125	0.00673	0.00490	0.00504	0.00165	0.00774	0.00403	0.00224	0.00766
16	0.00634	0.00453	0.00604	0.00725	0.00755	0.00423	0.00483	0.00725	0.00997	0.01329	0.02870	0.81358	0.03444	0.01632	0.00665	0.00211	0.00302	0.01480	0.00483	0.00423
17	0.00971	0.00485	0.00485	0.00485	0.00607	0.00485	0.00364	0.01213	0.01092	0.01942	0.01699	0.01942	0.01335	0.00607	0.00364	0.00121	0.00243	0.00485	0.84589	0.00485
18	0.01810	0.21940	0.01782	0.01231	0.01543	0.60634	0.00978	0.01952	0.01374	0.01262	0.00785	0.00914	0.00670	0.00514	0.00436	0.00129	0.00846	0.00321	0.00257	0.00620
19	0.01139	0.24215	0.58305	0.01323	0.02005	0.01440	0.01644	0.01625	0.01088	0.01534	0.00877	0.01028	0.00662	0.00481	0.00451	0.00150	0.00712	0.00356	0.00221	0.00742
20	0.00757	0.00505	0.00568	0.00568	0.00568	0.00505	0.00316	0.00757	0.00757	0.01010	0.01641	0.03408	0.01893	0.81698	0.02651	0.00505	0.00505	0.00757	0.00316	0.00316
21	0.01045	0.02694	0.79000	0.01484	0.02254	0.01209	0.01924	0.01649	0.01099	0.01649	0.00935	0.01099	0.00660	0.00495	0.00495	0.00165	0.00770	0.00385	0.00220	0.00770
22	0.00971	0.00485	0.00485	0.00485	0.00607	0.00485	0.00364	0.01213	0.01092	0.01942	0.01699	0.01942	0.01335	0.00607	0.00364	0.00121	0.00243	0.00485	0.84589	0.00485
23	0.00716	0.00634	0.00616	0.00601	0.00791	0.02426	0.00453	0.00982	0.08867	0.01481	0.04851	0.04605	0.68670	0.01239	0.00603	0.00175	0.00295	0.01029	0.00483	0.00482
24	0.01980	0.01459	0.01563	0.01198	0.01615	0.01615	0.00990	0.76713	0.02448	0.03282	0.01250	0.01250	0.00886	0.00625	0.00521	0.00156	0.00573	0.00469	0.00521	0.00886
25	0.01980	0.01459	0.01563	0.01198	0.01615	0.01615	0.00990	0.76713	0.02448	0.03282	0.01250	0.01250	0.00886	0.00625	0.00521	0.00156	0.00573	0.00469	0.00521	0.00886
26	0.01080	0.00926	0.01080	0.00771	0.01234	0.00694	0.00617	0.01311	0.01080	0.01697	0.00926	0.01080	0.00771	0.00386	0.00386	0.00077	0.00386	0.00309	0.00309	0.84882
27	0.01425	0.00956	0.01321	0.01088	0.01366	0.00974	0.09862	0.23573	0.01515	0.15860	0.01811	0.21879	0.01675	0.03326	0.10563	0.00268	0.00619	0.00772	0.00467	0.00679
28	0.00729	0.00532	0.00685	0.00647	0.00773	0.00488	0.00485	0.00968	0.01456	0.02045	0.73574	0.03961	0.09541	0.01081	0.00614	0.00165	0.00247	0.00952	0.00568	0.00488
29	0.01045	0.02694	0.79000	0.01484	0.02254	0.01209	0.01924	0.01649	0.01099	0.01649	0.00935	0.01099	0.00660	0.00495	0.00495	0.00165	0.00770	0.00385	0.00220	0.00770
30	0.01962	0.01268	0.01504	0.06783	0.05727	0.01353	0.00998	0.49124	0.02046	0.21756	0.01412	0.01391	0.00969	0.00614	0.00521	0.00159	0.00552	0.00482	0.00517	0.00861
31	0.01276	0.01098	0.01161	0.01046	0.01334	0.01268	0.00813	0.02706	0.74890	0.02175	0.04739	0.02010	0.01704	0.00719	0.00533	0.00176	0.00406	0.00601	0.00531	0.00813
32	0.02336	0.00886	0.01209	0.00927	0.01329	0.00765	0.00765	0.02538	0.01491	0.78810	0.02055	0.01773	0.01289	0.00645	0.00524	0.00161	0.00443	0.00524	0.00645	0.00886
33	0.00983	0.00926	0.01562	0.80447	0.03587	0.01157	0.01446	0.01331	0.01041	0.01331	0.00926	0.01388	0.00694	0.00521	0.00521	0.00174	0.00694	0.00463	0.00231	0.00579
34	0.01229	0.01405	0.03073	0.02195	0.02722	0.01317	0.76558	0.01668	0.01229	0.01668	0.01054	0.01405	0.00790	0.00439	0.00615	0.00176	0.00878	0.00615	0.00263	0.00702
35	0.00632	0.00461	0.00596	0.00703	0.00750	0.00425	0.00474	0.00728	0.01018	0.01338	0.03137	0.72885	0.11746	0.01597	0.00659	0.00208	0.00298	0.01438	0.00483	0.00425
36	0.01581	0.00719	0.00967	0.00798	0.01069	0.00636	0.00636	0.01804	0.01483	0.42585	0.37996	0.02772	0.03001	0.00843	0.00566	0.00162	0.00350	0.00721	0.00611	0.00700
37	0.01005	0.00947	0.01601	0.75039	0.08827	0.01163	0.01457	0.01349	0.01051	0.01357	0.00929	0.01381	0.00703	0.00517	0.00520	0.00172	0.00689	0.00463	0.00233	0.00596
38	0.01392	0.82012	0.02729	0.00891	0.01337	0.02061	0.00891	0.01559	0.01058	0.01225	0.00724	0.00835	0.00668	0.00446	0.00334	0.00111	0.00557	0.00278	0.00223	0.00668
39	0.00616	0.00524	0.00532	0.00538	0.00706	0.00439	0.00400	0.00746	0.01177	0.01403	0.05149	0.09030	0.74302	0.01335	0.00618	0.00178	0.00266	0.01119	0.00484	0.00439
40	0.00633	0.00458	0.00599	0.00711	0.00752	0.00424	0.00477	0.00727	0.01010	0.01335	0.03039	0.76014	0.08680	0.01610	0.00661	0.00209	0.00299	0.01454	0.00483	0.00424
41	0.01089	0.09928	0.67032	0.01476	0.02200	0.01295	0.06676	0.01642	0.01104	0.01611	0.00923	0.01095	0.00669	0.00487	0.00488	0.00161	0.00757	0.00390	0.00223	0.00756
42	0.00659	0.00502	0.00693	0.00761	0.00830	0.00463	0.03375	0.00771	0.01034	0.01357	0.03104	0.67121	0.12830	0.01543	0.00658	0.00206	0.00323	0.02861	0.00475	0.00437
43	0.00983	0.00926	0.01562	0.80447	0.03587	0.01157	0.01446	0.01331	0.01041	0.01331	0.00926	0.01388	0.00694	0.00521	0.00521	0.00174	0.00694	0.00463	0.00231	0.00579
44	0.01151	0.10170	0.55331	0.01534	0.02215	0.01329	0.14372	0.04950	0.01177	0.01683	0.00948	0.01132	0.00692	0.00486	0.00500	0.00161	0.00758	0.00417	0.00241	0.00753
45	0.64681	0.15879	0.03842	0.00765	0.01128	0.01346	0.00683	0.03745	0.00971	0.02138	0.00748	0.00865	0.00596	0.00481	0.00336	0.00152	0.00449	0.00290	0.00306	0.00600
46	0.01836	0.04152	0.06965	0.01437	0.05694	0.66931	0.01099	0.03323	0.01442	0.01357	0.00829	0.00972	0.00682	0.00529	0.00472	0.00137	0.00896	0.00347	0.00268	0.00633
47	0.00983	0.00926	0.01562	0.80447	0.03587	0.01157	0.01446	0.01331	0.01041	0.01331	0.00926	0.01388	0.00694	0.00521	0.00521	0.00174	0.00694	0.00463	0.00231	0.00579
48	0.02235	0.00974	0.01254	0.00969	0.01368	0.00905	0.00798	0.12330	0.05618	0.64818	0.01952	0.01713	0.01252	0.00645	0.00524	0.00161	0.00459	0.00520	0.00622	0.00883
49	0.00661	0.00468	0.00600	0.00696	0.00726	0.00442	0.00457	0.00739	0.00962	0.01277	0.02702	0.63564	0.05043	0.16370	0.01030	0.00265	0.00342	0.02800	0.00452	0.00405
50	0.54371	0.01201	0.02788	0.00861	0.01213	0.06022	0.00718	0.14070	0.02951	0.10096	0.00986	0.01042	0.00721	0.00531	0.00393	0.00159	0.00476	0.00350	0.00386	0.00662
51	0.01257	0.01043	0.00995	0.00905	0.01143	0.08225	0.00699	0.05489	0.40663	0.02039	0.03331	0.01917	0.02915	0.00751	0.02294	0.00171	0.00436	0.00546	0.24492	0.00688
52	0.00751	0.00532	0.00705	0.00705	0.00752	0.00579	0.00486	0.00845	0.00798	0.01111	0.01516	0.02716	0.01593	0.42205	0.41733	0.00673	0.00957	0.00656	0.00297	0.00391
53	0.08104	0.00967	0.01222	0.00944	0.01343	0.00901	0.00780	0.11848	0.01569	0.63906	0.01860	0.01642	0.01187	0.00631	0.00509	0.00161	0.00457	0.00500	0.00606	0.00864
54	0.00735	0.00542	0.00688	0.00655	0.00783	0.00502	0.00490	0.00991	0.03109	0.02000	0.67079	0.06877	0.11392	0.01101	0.00614	0.00167	0.00253	0.00969	0.00561	0.00491
55	0.01865	0.01392	0.01427	0.01123	0.01484	0.06903	0.00904	0.58794	0.02139	0.07395	0.01310	0.01495	0.01004	0.09452	0.00750	0.00193	0.00584	0.00494	0.00488	0.00804
56	0.00737	0.00532	0.00696	0.00655	0.00778	0.00491	0.00491	0.00983	0.01474	0.02088	0.78175	0.03890	0.04914	0.01065	0.00614	0.00164	0.00246	0.00942	0.00573	0.00491
57	0.01306	0.01415	0.07400	0.05253	0.55407	0.06749	0.05004	0.01726	0.07463	0.01693	0.01059	0.01313	0.00859	0.00492	0.00517	0.00157	0.00649	0.00467	0.00278	0.00792
58	0.00744	0.00556	0.00829	0.00829	0.00919	0.00647	0.00641	0.00925	0.00835	0.01203	0.01402	0.02086	0.01319	0.06187	0.77377	0.00827	0.01369	0.00564	0.00280	0.00461
59	0.01297	0.01236	0.02092	0.04585	0.75507	0.01244	0.01583	0.03117	0.01209	0.01727	0.00984	0.01290	0.00824	0.00468	0.00516	0.00155	0.00619	0.00464	0.00263	0.00822

[dist]
# distance from previous block
# <min> <max>
0	1

[block]
# block no. 2 follows, 47 sequences, length 54
# corresponding to MSA columns:
# 182-235
name=unknown_C
#
# <colnr> <probs for GDERKNQSTAVLIFYWHMCP>
#	G	D	E	R	K	N	Q	S	T	A	V	L	I	F	Y	W	H	M	C	P
0	0.01406	0.80003	0.02697	0.00902	0.01344	0.04020	0.00894	0.01573	0.01069	0.01226	0.00726	0.00838	0.00668	0.00448	0.00338	0.00112	0.00567	0.00280	0.00224	0.00667
1	0.01139	0.00938	0.01096	0.00787	0.01247	0.00720	0.00631	0.03321	0.01127	0.03935	0.00966	0.01104	0.00789	0.00399	0.00393	0.00082	0.00392	0.00319	0.00324	0.80290
2	0.00702	0.00524	0.00651	0.00660	0.00768	0.00484	0.00476	0.00911	0.03197	0.01737	0.41048	0.25181	0.17144	0.03281	0.00677	0.00188	0.00275	0.01103	0.00526	0.00468
3	0.00983	0.00926	0.01562	0.80447	0.03587	0.01157	0.01446	0.01331	0.01041	0.01331	0.00926	0.01388	0.00694	0.00521	0.00521	0.00174	0.00694	0.00463	0.00231	0.00579
4	0.01836	0.01376	0.01486	0.01196	0.03050	0.01528	0.00959	0.62112	0.13533	0.03049	0.01387	0.01374	0.01002	0.00634	0.00518	0.00158	0.00541	0.00487	0.02912	0.00864
5	0.00757	0.00505	0.00568	0.00568	0.00568	0.00505	0.00316	0.00757	0.00757	0.01010	0.01641	0.03408	0.01893	0.81698	0.02651	0.00505	0.00505	0.00757	0.00316	0.00316
6	0.01234	0.01028	0.01206	0.01229	0.09602	0.01139	0.00864	0.04686	0.50610	0.03645	0.13054	0.02318	0.02029	0.00764	0.00549	0.00174	0.00419	0.04180	0.00506	0.00763
7	0.85377	0.01007	0.00765	0.00685	0.01007	0.01168	0.00564	0.01531	0.00886	0.02336	0.00725	0.00846	0.00564	0.00483	0.00322	0.00161	0.00403	0.00282	0.00322	0.00564
8	0.00989	0.00937	0.01597	0.78645	0.03567	0.01161	0.03175	0.01338	0.01046	0.01338	0.00929	0.01389	0.00696	0.00519	0.00523	0.00174	0.00698	0.00466	0.00232	0.00581
9	0.01172	0.22900	0.54655	0.01374	0.04055	0.04251	0.01618	0.01640	0.01105	0.01529	0.00877	0.01031	0.00667	0.00483	0.00453	0.00150	0.00717	0.00358	0.00223	0.00739
10	0.01306	0.01270	0.02097	0.03148	0.76452	0.03275	0.01583	0.01611	0.01193	0.01690	0.00975	0.01280	0.00821	0.00466	0.00514	0.00154	0.00627	0.00461	0.00258	0.00819
11	0.00745	0.00555	0.00823	0.00823	0.00911	0.00643	0.00633	0.00921	0.00833	0.01198	0.01408	0.02117	0.01333	0.07979	0.75604	0.00820	0.01348	0.00568	0.00281	0.00457
12	0.01274	0.03427	0.02087	0.04658	0.72861	0.01242	0.01557	0.01579	0.01180	0.01677	0.01016	0.01394	0.00873	0.00489	0.00516	0.00156	0.00615	0.02330	0.00262	0.00807
13	0.05853	0.01042	0.01615	0.74096	0.03499	0.01241	0.01447	0.01453	0.01135	0.01540	0.01075	0.01573	0.00841	0.00625	0.00578	0.00202	0.00727	0.00504	0.00293	0.00661
14	0.01190	0.00951	0.01235	0.03743	0.01420	0.00774	0.05766	0.01479	0.03874	0.08161	0.01114	0.02931	0.00900	0.00454	0.00429	0.00101	0.00434	0.00388	0.00343	0.64313
15	0.00792	0.00631	0.00718	0.00797	0.00870	0.04915	0.00563	0.04805	0.01118	0.01446	0.02712	0.65740	0.04671	0.01498	0.00649	0.00206	0.00364	0.06572	0.00473	0.00462
16	0.00905	0.00452	0.00678	0.00678	0.00678	0.00452	0.00452	0.00678	0.00678	0.00905	0.00905	0.01583	0.00905	0.01809	0.02035	0.84848	0.00452	0.00452	0.00226	0.00226
17	0.01126	0.00647	0.00761	0.00671	0.00904	0.00564	0.00524	0.03155	0.01345	0.22120	0.15939	0.03879	0.44186	0.01082	0.00589	0.00170	0.00316	0.00905	0.00542	0.00578
18	0.01328	0.01160	0.01274	0.01284	0.09683	0.04075	0.00902	0.02560	0.62621	0.04084	0.02026	0.01908	0.03377	0.00688	0.00528	0.00172	0.00451	0.00577	0.00493	0.00808
19	0.10321	0.25107	0.08486	0.02534	0.09500	0.08006	0.01012	0.08583	0.09918	0.06865	0.01253	0.01315	0.03912	0.00558	0.00443	0.00146	0.00566	0.00416	0.00341	0.00718
20	0.10486	0.00898	0.01144	0.00900	0.01279	0.00823	0.00739	0.02394	0.05410	0.64427	0.04667	0.01766	0.01363	0.00647	0.00507	0.00162	0.00430	0.00518	0.00604	0.00837
21	0.00636	0.00458	0.00604	0.00715	0.00754	0.00426	0.00480	0.00733	0.01018	0.01353	0.05003	0.76154	0.06532	0.01603	0.00661	0.00209	0.00299	0.01450	0.00486	0.00426
22	0.01237	0.31218	0.38746	0.01328	0.01917	0.05639	0.08610	0.01634	0.01111	0.01471	0.00859	0.01025	0.00676	0.00481	0.00468	0.00146	0.02123	0.00367	0.00228	0.00714
23	0.01754	0.05492	0.03543	0.01739	0.19018	0.52627	0.01157	0.05849	0.01434	0.01483	0.00868	0.01034	0.00717	0.00520	0.00478	0.00140	0.00827	0.00370	0.00276	0.00675
24	0.01127	0.00917	0.01076	0.00782	0.01229	0.00701	0.00624	0.01375	0.02391	0.04959	0.01037	0.02919	0.00867	0.00430	0.00400	0.00085	0.00387	0.00349	0.00330	0.78015
25	0.01411	0.01129	0.01310	0.05437	0.06961	0.01253	0.00912	0.27209	0.29807	0.02428	0.11837	0.04753	0.01760	0.00733	0.00541	0.00168	0.00470	0.00612	0.00496	0.00773
26	0.00846	0.00613	0.00769	0.00708	0.00864	0.00590	0.00537	0.01223	0.09713	0.04102	0.66469	0.03570	0.04380	0.01002	0.00598	0.00163	0.00272	0.00881	0.00565	0.02136
27	0.03638	0.01162	0.01297	0.02448	0.03525	0.01284	0.00880	0.20407	0.42607	0.14205	0.01816	0.01697	0.01314	0.00662	0.00521	0.00168	0.00466	0.00537	0.00528	0.00838
28	0.00726	0.00532	0.00681	0.00644	0.00771	0.00487	0.00483	0.00961	0.01448	0.02027	0.71564	0.03992	0.11563	0.01088	0.00614	0.00165	0.00247	0.00956	0.00565	0.00487
29	0.01215	0.01378	0.02989	0.06560	0.02770	0.01308	0.72369	0.01649	0.01219	0.01649	0.01046	0.01404	0.00785	0.00444	0.00609	0.00175	0.00868	0.00606	0.00262	0.00695
30	0.01058	0.02597	0.73326	0.01537	0.02289	0.01217	0.07501	0.01651	0.01109	0.01651	0.00943	0.01122	0.00669	0.00491	0.00504	0.00166	0.00778	0.00402	0.00223	0.00765
31	0.00839	0.00599	0.00839	0.00959	0.01079	0.00599	0.00839	0.01079	0.01199	0.01558	0.02757	0.05874	0.02997	0.01439	0.00719	0.00240	0.00480	0.74945	0.00480	0.00480
32	0.02633	0.00941	0.02824	0.01099	0.05546	0.00925	0.06801	0.17292	0.05949	0.05529	0.37869	0.02758	0.02920	0.00843	0.00577	0.00166	0.00427	0.03744	0.00505	0.00653
33	0.00839	0.00599	0.00839	0.00959	0.01079	0.00599	0.00839	0.01079	0.01199	0.01558	0.02757	0.05874	0.02997	0.01439	0.00719	0.00240	0.00480	0.74945	0.00480	0.00480
34	0.00760	0.00618	0.00963	0.00926	0.01048	0.00582	0.10423	0.02711	0.01109	0.01477	0.06665	0.56504	0.07261	0.01394	0.00652	0.00203	0.00388	0.05377	0.00460	0.00478
35	0.01980	0.01459	0.01563	0.01198	0.01615	0.01615	0.00990	0.76713	0.02448	0.03282	0.01250	0.01250	0.00886	0.00625	0.00521	0.00156	0.00573	0.00469	0.00521	0.00886
36	0.01295	0.01119	0.01178	0.01060	0.01354	0.01295	0.00824	0.02767	0.77509	0.02178	0.02120	0.01943	0.01590	0.00707	0.00530	0.00177	0.00412	0.00589	0.00530	0.00824
37	0.01956	0.04741	0.01610	0.01186	0.01604	0.01633	0.00986	0.73651	0.02392	0.03198	0.01229	0.01233	0.00877	0.00618	0.00513	0.00154	0.00572	0.00461	0.00509	0.00877
38	0.00892	0.00827	0.04281	0.00786	0.00959	0.07160	0.00633	0.02653	0.03506	0.01967	0.57429	0.05406	0.05581	0.01015	0.00599	0.00167	0.00352	0.04738	0.00521	0.00527
39	0.00634	0.00453	0.00604	0.00725	0.00755	0.00423	0.00483	0.00725	0.00997	0.01329	0.02870	0.81358	0.03444	0.01632	0.00665	0.00211	0.00302	0.01480	0.00483	0.00423
40	0.01645	0.01639	0.01457	0.10895	0.06054	0.28284	0.01031	0.23916	0.11584	0.02020	0.01376	0.01458	0.05108	0.00622	0.00509	0.00154	0.00678	0.00472	0.00383	0.00716
41	0.00615	0.00528	0.00528	0.00528	0.00703	0.00440	0.00396	0.00747	0.01187	0.01407	0.05276	0.05012	0.78238	0.01319	0.00615	0.00176	0.00264	0.01099	0.00484	0.00440
42	0.01286	0.01228	0.02089	0.07359	0.71327	0.01243	0.02938	0.03202	0.01206	0.01715	0.00984	0.01296	0.00818	0.00470	0.00518	0.00156	0.00627	0.00467	0.00262	0.00811
43	0.00905	0.00452	0.00678	0.00678	0.00678	0.00452	0.00452	0.00678	0.00678	0.00905	0.00905	0.01583	0.00905	0.01809	0.02035	0.84848	0.00452	0.00452	0.00226	0.00226
44	0.01314	0.01056	0.01146	0.02703	0.01357	0.01197	0.00807	0.02583	0.65485	0.07345	0.02239	0.04220	0.04724	0.00749	0.00536	0.00176	0.00411	0.00627	0.00528	0.00797
45	0.00663	0.00505	0.00595	0.00620	0.00726	0.00453	0.00438	0.00800	0.01168	0.01521	0.22415	0.26659	0.32025	0.08040	0.00799	0.00211	0.00290	0.01142	0.00492	0.00437
46	0.01192	0.01141	0.01932	0.27068	0.47546	0.01219	0.04786	0.01583	0.05400	0.01611	0.01030	0.01361	0.00825	0.00494	0.00522	0.00163	0.00642	0.00477	0.00265	0.00743
47	0.85377	0.01007	0.00765	0.00685	0.01007	0.01168	0.00564	0.01531	0.00886	0.02336	0.00725	0.00846	0.00564	0.00483	0.00322	0.00161	0.00403	0.00282	0.00322	0.00564
48	0.01280	0.01229	0.01950	0.09481	0.61838	0.03191	0.01487	0.01714	0.09434	0.01711	0.01094	0.01359	0.00893	0.00497	0.00516	0.00158	0.00611	0.00474	0.00285	0.00798
49	0.01153	0.00900	0.01067	0.00781	0.01219	0.00687	0.00622	0.01375	0.01107	0.07436	0.01102	0.04938	0.00937	0.00464	0.00409	0.00090	0.00386	0.00380	0.00342	0.74607
50	0.01308	0.01243	0.02099	0.03142	0.76367	0.01248	0.01582	0.03634	0.01220	0.01744	0.00987	0.01288	0.00827	0.00468	0.00516	0.00155	0.00617	0.00464	0.00265	0.00827
51	0.05171	0.01542	0.01362	0.01134	0.01450	0.20638	0.00892	0.43739	0.01915	0.02439	0.01311	0.09914	0.01140	0.04232	0.00608	0.00172	0.00624	0.00550	0.00438	0.00728
52	0.00851	0.00653	0.00810	0.00717	0.00931	0.00552	0.02556	0.01008	0.01108	0.04303	0.09669	0.21876	0.19733	0.09132	0.00765	0.00189	0.00352	0.00893	0.00427	0.23474
53	0.00767	0.00575	0.00692	0.00686	0.00821	0.00519	0.00486	0.00953	0.04212	0.02614	0.14535	0.33794	0.15635	0.10009	0.00823	0.00211	0.00326	0.01060	0.00462	0.10820

[dist]
# distance from previous block
# <min> <max>
1	5

[block]
# block no. 3 follows, 47 sequences, length 69
# corresponding to MSA columns:
# 242-310
name=unknown_D
#
# <colnr> <probs for GDERKNQSTAVLIFYWHMCP>
#	G	D	E	R	K	N	Q	S	T	A	V	L	I	F	Y	W	H	M	C	P
0	0.75848	0.01074	0.03661	0.00740	0.01085	0.01161	0.00635	0.03554	0.00966	0.06270	0.00815	0.00913	0.00613	0.00496	0.00344	0.00161	0.00423	0.00303	0.00340	0.00596
1	0.01318	0.65646	0.11414	0.06330	0.01592	0.01872	0.01042	0.01549	0.01062	0.01291	0.00766	0.00908	0.00671	0.00455	0.00366	0.00121	0.00587	0.00304	0.00225	0.02480
2	0.00652	0.00469	0.00619	0.00708	0.00758	0.00435	0.00483	0.00771	0.01086	0.01465	0.16222	0.65927	0.05421	0.01524	0.00655	0.00202	0.00291	0.01377	0.00499	0.00435
3	0.00695	0.00580	0.00661	0.00628	0.00803	0.00518	0.02299	0.00922	0.05072	0.01576	0.18733	0.04539	0.55703	0.02853	0.00654	0.00181	0.00291	0.02324	0.00494	0.00473
4	0.00659	0.00503	0.00606	0.00636	0.00744	0.00450	0.00456	0.00812	0.01208	0.01588	0.26725	0.31520	0.29508	0.01351	0.00632	0.00185	0.00272	0.01185	0.00511	0.00450
5	0.04817	0.01238	0.01691	0.21686	0.34279	0.09718	0.01312	0.05108	0.01228	0.06841	0.01066	0.03008	0.00863	0.00624	0.02427	0.00177	0.02436	0.00470	0.00298	0.00713
6	0.00719	0.00532	0.00671	0.00636	0.00767	0.00484	0.00477	0.00948	0.01432	0.01987	0.67374	0.04056	0.15778	0.01102	0.00614	0.00166	0.00248	0.00965	0.00560	0.00484
7	0.01638	0.10818	0.04904	0.01374	0.07917	0.35358	0.01042	0.10451	0.14150	0.01714	0.02721	0.01234	0.00950	0.00579	0.00514	0.00148	0.03033	0.00415	0.00338	0.00701
8	0.01980	0.01459	0.01563	0.01198	0.01615	0.01615	0.00990	0.76713	0.02448	0.03282	0.01250	0.01250	0.00886	0.00625	0.00521	0.00156	0.00573	0.00469	0.00521	0.00886
9	0.01122	0.01250	0.08435	0.15996	0.20262	0.01156	0.23900	0.01567	0.06323	0.01656	0.07221	0.01620	0.01181	0.00731	0.05106	0.00207	0.00724	0.00554	0.00296	0.00693
10	0.00757	0.00505	0.00568	0.00568	0.00568	0.00505	0.00316	0.00757	0.00757	0.01010	0.01641	0.03408	0.01893	0.81698	0.02651	0.00505	0.00505	0.00757	0.00316	0.00316
11	0.01224	0.01040	0.01111	0.01001	0.01274	0.01184	0.00777	0.03784	0.65266	0.02170	0.11493	0.02235	0.03618	0.00762	0.00542	0.00175	0.00391	0.00641	0.00534	0.00776
12	0.00648	0.00463	0.00620	0.00741	0.00777	0.00435	0.00507	0.00749	0.01011	0.01345	0.02863	0.76261	0.03414	0.01618	0.00668	0.00213	0.00314	0.06442	0.00483	0.00427
13	0.01945	0.02482	0.01476	0.01342	0.01610	0.79608	0.01006	0.02079	0.01476	0.01275	0.00805	0.00939	0.00671	0.00537	0.00470	0.00134	0.00939	0.00335	0.00268	0.00604
14	0.01229	0.01405	0.03073	0.02195	0.02722	0.01317	0.76558	0.01668	0.01229	0.01668	0.01054	0.01405	0.00790	0.00439	0.00615	0.00176	0.00878	0.00615	0.00263	0.00702
15	0.00615	0.00528	0.00528	0.00528	0.00703	0.00440	0.00396	0.00747	0.01187	0.01407	0.05276	0.05012	0.78238	0.01319	0.00615	0.00176	0.00264	0.01099	0.00484	0.00440
16	0.01980	0.01459	0.01563	0.01198	0.01615	0.01615	0.00990	0.76713	0.02448	0.03282	0.01250	0.01250	0.00886	0.00625	0.00521	0.00156	0.00573	0.00469	0.00521	0.00886
17	0.85377	0.01007	0.00765	0.00685	0.01007	0.01168	0.00564	0.01531	0.00886	0.02336	0.00725	0.00846	0.00564	0.00483	0.00322	0.00161	0.00403	0.00282	0.00322	0.00564
18	0.01229	0.01405	0.03073	0.02195	0.02722	0.01317	0.76558	0.01668	0.01229	0.01668	0.01054	0.01405	0.00790	0.00439	0.00615	0.00176	0.00878	0.00615	0.00263	0.00702
19	0.00737	0.00532	0.00696	0.00655	0.00778	0.00491	0.00491	0.00983	0.01474	0.02088	0.78175	0.03890	0.04914	0.01065	0.00614	0.00164	0.00246	0.00942	0.00573	0.00491
20	0.00746	0.00612	0.00667	0.00661	0.00824	0.00583	0.00489	0.01101	0.13467	0.01605	0.14195	0.15834	0.43479	0.02562	0.00643	0.00185	0.00295	0.01048	0.00500	0.00504
21	0.01052	0.06999	0.62983	0.01458	0.02139	0.01214	0.07993	0.01583	0.01101	0.01605	0.01063	0.06530	0.00859	0.00564	0.00507	0.00166	0.00735	0.00472	0.00241	0.00735
22	0.01152	0.01176	0.01802	0.01483	0.01557	0.01556	0.11686	0.01311	0.00858	0.01311	0.00735	0.01176	0.00699	0.00845	0.01556	0.00221	0.69577	0.00478	0.00233	0.00588
23	0.01043	0.04110	0.55573	0.01337	0.03728	0.05119	0.01556	0.01534	0.01195	0.01709	0.16481	0.01651	0.01521	0.00610	0.00514	0.00162	0.00664	0.00494	0.00295	0.00704
24	0.01117	0.19142	0.63183	0.01361	0.02064	0.01386	0.01710	0.01631	0.01091	0.01561	0.00891	0.01045	0.00661	0.00485	0.00461	0.00154	0.00726	0.00363	0.00220	0.00749
25	0.01145	0.01139	0.12175	0.03004	0.01332	0.00971	0.03190	0.21499	0.05333	0.01934	0.05327	0.16023	0.06127	0.15618	0.02618	0.00248	0.00530	0.00756	0.00414	0.00616
26	0.00905	0.00452	0.00678	0.00678	0.00678	0.00452	0.00452	0.00678	0.00678	0.00905	0.00905	0.01583	0.00905	0.01809	0.02035	0.84848	0.00452	0.00452	0.00226	0.00226
27	0.01392	0.82012	0.02729	0.00891	0.01337	0.02061	0.00891	0.01559	0.01058	0.01225	0.00724	0.00835	0.00668	0.00446	0.00334	0.00111	0.00557	0.00278	0.00223	0.00668
28	0.00695	0.00499	0.00649	0.00738	0.00791	0.00475	0.00504	0.03713	0.01090	0.01464	0.08590	0.72280	0.03457	0.01549	0.00655	0.00206	0.00308	0.01400	0.00492	0.00446
29	0.01980	0.01459	0.01563	0.01198	0.01615	0.01615	0.00990	0.76713	0.02448	0.03282	0.01250	0.01250	0.00886	0.00625	0.00521	0.00156	0.00573	0.00469	0.00521	0.00886
30	0.15730	0.01043	0.01259	0.00977	0.01373	0.01030	0.02631	0.18543	0.01595	0.48013	0.01638	0.01499	0.01071	0.00609	0.00493	0.00160	0.00476	0.00475	0.00556	0.00829
31	0.01980	0.01459	0.01563	0.01198	0.01615	0.01615	0.00990	0.76713	0.02448	0.03282	0.01250	0.01250	0.00886	0.00625	0.00521	0.00156	0.00573	0.00469	0.00521	0.00886
32	0.01940	0.06899	0.01642	0.01177	0.01596	0.01645	0.00983	0.71638	0.02355	0.03143	0.01215	0.01222	0.00871	0.00613	0.00508	0.00153	0.00572	0.00456	0.00501	0.00871
33	0.01290	0.00845	0.01007	0.00794	0.01141	0.00722	0.00626	0.05380	0.04733	0.17821	0.07672	0.05405	0.09774	0.03758	0.00568	0.00142	0.00386	0.00575	0.00446	0.36915
34	0.00894	0.00660	0.00727	0.00648	0.00877	0.00581	0.00500	0.06657	0.01319	0.06878	0.12389	0.05745	0.49628	0.01107	0.00580	0.00163	0.00310	0.00925	0.00490	0.08921
35	0.06277	0.00951	0.01191	0.00938	0.01312	0.00903	0.00767	0.10502	0.07492	0.56025	0.06606	0.01813	0.01456	0.00665	0.00519	0.00162	0.00441	0.00537	0.00602	0.00841
36	0.01183	0.01316	0.02795	0.05700	0.04591	0.01264	0.64666	0.01585	0.01194	0.01622	0.01140	0.05994	0.00936	0.00525	0.00641	0.00178	0.03065	0.00649	0.00273	0.00680
37	0.08001	0.00919	0.01165	0.00927	0.01297	0.00863	0.00760	0.05225	0.08491	0.59394	0.01928	0.01813	0.01289	0.00689	0.00552	0.02230	0.00444	0.02592	0.00592	0.00830
38	0.00747	0.00545	0.00772	0.00772	0.00843	0.00616	0.00571	0.00889	0.00818	0.01161	0.01454	0.02372	0.01444	0.22552	0.61182	0.00757	0.01182	0.00606	0.00288	0.00429
39	0.00757	0.00505	0.00568	0.00568	0.00568	0.00505	0.00316	0.00757	0.00757	0.01010	0.01641	0.03408	0.01893	0.81698	0.02651	0.00505	0.00505	0.00757	0.00316	0.00316
40	0.00895	0.00458	0.00688	0.00688	0.00693	0.00464	0.00464	0.00693	0.00688	0.00922	0.00933	0.01610	0.00927	0.01930	0.06501	0.80014	0.00507	0.00458	0.00229	0.00240
41	0.01492	0.00911	0.01058	0.00915	0.01196	0.00938	0.00714	0.07748	0.29002	0.25037	0.03848	0.10158	0.09317	0.04425	0.00645	0.00188	0.00409	0.00714	0.00546	0.00741
42	0.01964	0.01400	0.01517	0.01172	0.01581	0.01539	0.00965	0.67449	0.06703	0.08319	0.01355	0.01325	0.00953	0.00631	0.00522	0.00158	0.00555	0.00479	0.00530	0.00882
43	0.01012	0.00956	0.01606	0.72130	0.09360	0.01176	0.01449	0.01349	0.01046	0.01357	0.00923	0.01373	0.00704	0.00528	0.00555	0.00174	0.03009	0.00463	0.00233	0.00597
44	0.05318	0.00848	0.01325	0.56856	0.02798	0.01014	0.01185	0.01308	0.02503	0.04234	0.02624	0.11526	0.02856	0.00778	0.02538	0.00194	0.00616	0.00610	0.00301	0.00567
45	0.00895	0.00530	0.00695	0.00730	0.00828	0.00484	0.00512	0.01015	0.01113	0.12534	0.10617	0.54546	0.06454	0.05536	0.00739	0.00213	0.00325	0.01233	0.00507	0.00492
46	0.00765	0.00533	0.00648	0.00642	0.00659	0.00563	0.00402	0.00804	0.00774	0.01054	0.01567	0.03085	0.01747	0.64624	0.17283	0.00560	0.02920	0.00711	0.00306	0.00351
47	0.02086	0.01106	0.01325	0.01031	0.01418	0.01109	0.00845	0.34151	0.01872	0.42056	0.01758	0.06129	0.01241	0.00693	0.00531	0.00162	0.00491	0.00555	0.00582	0.00859
48	0.01655	0.01029	0.01184	0.01002	0.01331	0.01093	0.00797	0.06049	0.44695	0.28269	0.05543	0.01942	0.01607	0.00698	0.00531	0.00170	0.00423	0.00577	0.00570	0.00833
49	0.01047	0.00786	0.00863	0.00802	0.02529	0.04727	0.00600	0.07508	0.06099	0.08312	0.35008	0.04824	0.22830	0.01008	0.00586	0.00166	0.00348	0.00856	0.00525	0.00575
50	0.01054	0.02627	0.75094	0.01521	0.02278	0.01215	0.05764	0.01650	0.01106	0.01650	0.00941	0.01115	0.00666	0.00492	0.00501	0.00165	0.00775	0.00397	0.00222	0.00766
51	0.11267	0.01145	0.01293	0.01013	0.01398	0.01191	0.00831	0.33919	0.05632	0.32550	0.01559	0.01496	0.01067	0.02565	0.00552	0.00168	0.00494	0.00483	0.00543	0.00834
52	0.59110	0.00929	0.00811	0.00717	0.01014	0.01032	0.00581	0.03077	0.04318	0.07957	0.10693	0.01560	0.05201	0.00623	0.00401	0.00163	0.00383	0.00440	0.00398	0.00590
53	0.01289	0.01237	0.02114	0.03196	0.78450	0.01237	0.01598	0.01598	0.01186	0.01701	0.00980	0.01289	0.00825	0.00464	0.00516	0.00155	0.00619	0.00464	0.00258	0.00825
54	0.01430	0.76641	0.02644	0.00921	0.01355	0.07298	0.00899	0.01594	0.01086	0.01229	0.00729	0.00842	0.00668	0.00452	0.00343	0.00113	0.00583	0.00282	0.00226	0.00664
55	0.00922	0.00693	0.00802	0.00783	0.00921	0.00720	0.00563	0.03556	0.21198	0.03469	0.15205	0.26258	0.07208	0.14169	0.00932	0.00237	0.00363	0.00965	0.00488	0.00548
56	0.06352	0.00803	0.00972	0.00824	0.01108	0.00762	0.00662	0.07248	0.05701	0.32758	0.14913	0.05102	0.15016	0.00889	0.00557	0.00170	0.00384	0.04531	0.00558	0.00690
57	0.01361	0.55876	0.20847	0.01063	0.01581	0.03527	0.01147	0.06668	0.01171	0.01467	0.00812	0.00929	0.00681	0.00471	0.00388	0.00128	0.00617	0.00318	0.00243	0.00706
58	0.10287	0.00943	0.01026	0.00877	0.01134	0.03776	0.00678	0.16813	0.05315	0.20677	0.07002	0.11846	0.03076	0.12002	0.02028	0.00224	0.00471	0.00674	0.00488	0.00662
59	0.01205	0.00675	0.00859	0.00753	0.00969	0.00627	0.00585	0.01528	0.07756	0.22822	0.43702	0.04597	0.09883	0.00953	0.00584	0.00166	0.00316	0.00822	0.00580	0.00620
60	0.01414	0.01372	0.02067	0.02760	0.58716	0.07506	0.06546	0.09970	0.01352	0.01840	0.01001	0.01265	0.00817	0.00486	0.00519	0.00155	0.00657	0.00465	0.00288	0.00806
61	0.10843	0.25598	0.01807	0.01203	0.05410	0.30247	0.00947	0.13125	0.03409	0.01724	0.00883	0.00989	0.00723	0.00518	0.00425	0.00136	0.00682	0.00346	0.00305	0.00678
62	0.00763	0.00583	0.00698	0.00740	0.00844	0.00577	0.00531	0.01075	0.12309	0.01521	0.09694	0.39472	0.15155	0.06686	0.00788	0.01501	0.00334	0.05764	0.00483	0.00484
63	0.04791	0.01272	0.01356	0.01147	0.03682	0.05795	0.00896	0.29786	0.24298	0.18969	0.01628	0.01536	0.01155	0.00639	0.00514	0.00162	0.00514	0.00502	0.00521	0.00838
64	0.03938	0.05525	0.01587	0.02788	0.12360	0.08045	0.01022	0.35396	0.08539	0.13624	0.01322	0.01337	0.00957	0.00590	0.00502	0.00155	0.00574	0.00461	0.00456	0.00823
65	0.06915	0.01279	0.01703	0.31734	0.18358	0.13357	0.08332	0.03156	0.02551	0.01568	0.01050	0.01528	0.00871	0.00560	0.00519	0.00166	0.00694	0.04734	0.00277	0.00649
66	0.00863	0.00602	0.00709	0.00711	0.00800	0.00595	0.00491	0.08539	0.01113	0.03037	0.04411	0.28727	0.10794	0.30382	0.01361	0.00307	0.00410	0.05269	0.00432	0.00448
67	0.01662	0.11400	0.01592	0.01100	0.01497	0.03248	0.02704	0.36226	0.18659	0.06202	0.01368	0.01356	0.01015	0.00591	0.00487	0.00147	0.00526	0.00459	0.00458	0.09303
68	0.01359	0.05344	0.02893	0.03702	0.21960	0.01299	0.01077	0.10783	0.35154	0.03417	0.02759	0.01700	0.01277	0.00624	0.00516	0.00163	0.00506	0.02224	0.00424	0.02819

[dist]
# distance from previous block
# <min> <max>
11	15

[block]
# block no. 4 follows, 47 sequences, length 9
# corresponding to MSA columns:
# 326-334
name=unknown_E
#
# <colnr> <probs for GDERKNQSTAVLIFYWHMCP>
#	G	D	E	R	K	N	Q	S	T	A	V	L	I	F	Y	W	H	M	C	P
0	0.01392	0.82012	0.02729	0.00891	0.01337	0.02061	0.00891	0.01559	0.01058	0.01225	0.00724	0.00835	0.00668	0.00446	0.00334	0.00111	0.00557	0.00278	0.00223	0.00668
1	0.01080	0.00926	0.01080	0.00771	0.01234	0.00694	0.00617	0.01311	0.01080	0.01697	0.00926	0.01080	0.00771	0.00386	0.00386	0.00077	0.00386	0.00309	0.00309	0.84882
2	0.01353	0.01102	0.01223	0.09495	0.03813	0.05535	0.00898	0.02356	0.48762	0.09685	0.01941	0.06358	0.01536	0.00737	0.00538	0.00176	0.00476	0.02774	0.00483	0.00760
3	0.01289	0.01237	0.02114	0.03196	0.78450	0.01237	0.01598	0.01598	0.01186	0.01701	0.00980	0.01289	0.00825	0.00464	0.00516	0.00155	0.00619	0.00464	0.00258	0.00825
4	0.00756	0.00510	0.00595	0.00595	0.00604	0.00520	0.00349	0.00775	0.00765	0.01030	0.01616	0.03271	0.01834	0.73856	0.10412	0.00538	0.00595	0.00737	0.00312	0.00331
5	0.00757	0.00505	0.00568	0.00568	0.00568	0.00505	0.00316	0.00757	0.00757	0.01010	0.01641	0.03408	0.01893	0.81698	0.02651	0.00505	0.00505	0.00757	0.00316	0.00316
6	0.01235	0.01379	0.02900	0.02091	0.02597	0.01315	0.69654	0.01768	0.08183	0.01715	0.01151	0.01454	0.00863	0.00463	0.00607	0.00176	0.00835	0.00612	0.00288	0.00713
7	0.04494	0.00961	0.01475	0.56782	0.07381	0.01149	0.01293	0.05649	0.06097	0.01594	0.03733	0.01678	0.01014	0.00594	0.00525	0.00174	0.00628	0.03867	0.00295	0.00618
8	0.01291	0.57167	0.13297	0.00955	0.01450	0.01711	0.00992	0.01531	0.01068	0.01364	0.00788	0.00914	0.00684	0.00443	0.00366	0.00113	0.00559	0.00299	0.00237	0.14774

[dist]
# distance from previous block
# <min> <max>
0	1

[block]
# block no. 5 follows, 47 sequences, length 28
# corresponding to MSA columns:
# 336-363
name=unknown_F
#
# <colnr> <probs for GDERKNQSTAVLIFYWHMCP>
#	G	D	E	R	K	N	Q	S	T	A	V	L	I	F	Y	W	H	M	C	P
0	0.01426	0.73976	0.04490	0.00940	0.01380	0.07992	0.00925	0.01601	0.01091	0.01239	0.00735	0.00850	0.00668	0.00454	0.00348	0.00114	0.00591	0.00285	0.00226	0.00666
1	0.31672	0.07796	0.03805	0.01016	0.01387	0.14675	0.00856	0.26779	0.01546	0.04616	0.00960	0.01031	0.00722	0.00542	0.00426	0.00151	0.00576	0.00364	0.00378	0.00702
2	0.00784	0.02938	0.00691	0.00630	0.00696	0.00554	0.00397	0.00831	0.00847	0.01150	0.01787	0.18724	0.02054	0.54959	0.01953	0.00391	0.00454	0.00842	0.00346	0.08972
3	0.01330	0.01722	0.10871	0.01976	0.02486	0.14424	0.55970	0.01735	0.01257	0.01600	0.00999	0.01294	0.00756	0.00461	0.00578	0.00168	0.00877	0.00543	0.00260	0.00693
4	0.01086	0.01086	0.02006	0.50646	0.13809	0.01207	0.19739	0.01450	0.01107	0.01464	0.00964	0.01379	0.00736	0.00493	0.00543	0.00171	0.00728	0.00500	0.00243	0.00643
5	0.01392	0.82012	0.02729	0.00891	0.01337	0.02061	0.00891	0.01559	0.01058	0.01225	0.00724	0.00835	0.00668	0.00446	0.00334	0.00111	0.00557	0.00278	0.00223	0.00668
6	0.03015	0.00616	0.00778	0.00705	0.00879	0.00562	0.00526	0.01289	0.01297	0.20175	0.33655	0.11357	0.10581	0.11205	0.00848	0.00212	0.00337	0.00874	0.00534	0.00553
7	0.00739	0.00556	0.00820	0.00819	0.00916	0.00637	0.00636	0.00925	0.00872	0.01246	0.04075	0.02222	0.04409	0.03712	0.73963	0.00789	0.01313	0.00592	0.00297	0.00465
8	0.01229	0.01405	0.03073	0.02195	0.02722	0.01317	0.76558	0.01668	0.01229	0.01668	0.01054	0.01405	0.00790	0.00439	0.00615	0.00176	0.00878	0.00615	0.00263	0.00702
9	0.00643	0.00524	0.00554	0.00553	0.00703	0.00451	0.00404	0.00776	0.01181	0.01455	0.13783	0.07169	0.60660	0.07898	0.00784	0.00203	0.00283	0.01064	0.00481	0.00435
10	0.20987	0.00913	0.01109	0.00872	0.01257	0.00856	0.00720	0.02312	0.01355	0.61635	0.01756	0.01564	0.01126	0.00608	0.00478	0.00161	0.00434	0.00469	0.00572	0.00814
11	0.00647	0.00458	0.00601	0.00710	0.00737	0.00431	0.00467	0.00728	0.00973	0.01298	0.02750	0.73704	0.03292	0.09494	0.00860	0.00240	0.00322	0.01409	0.00467	0.00412
12	0.00727	0.00497	0.00595	0.00616	0.00641	0.00484	0.00379	0.00783	0.00916	0.01239	0.13032	0.21162	0.02684	0.51827	0.01904	0.00389	0.00421	0.00948	0.00391	0.00365
13	0.00641	0.00463	0.00607	0.00708	0.00754	0.00429	0.00479	0.00745	0.01043	0.01390	0.08564	0.71151	0.07957	0.01571	0.00658	0.00206	0.00296	0.01418	0.00490	0.00429
14	0.02336	0.00886	0.01209	0.00927	0.01329	0.00765	0.00765	0.02538	0.01491	0.78810	0.02055	0.01773	0.01289	0.00645	0.00524	0.00161	0.00443	0.00524	0.00645	0.00886
15	0.00692	0.00513	0.00646	0.00649	0.00760	0.00467	0.00473	0.00882	0.01314	0.01795	0.48125	0.21997	0.17285	0.01240	0.00626	0.00177	0.00262	0.01094	0.00537	0.00467
16	0.00650	0.00504	0.00588	0.00618	0.00732	0.00446	0.00441	0.00788	0.01172	0.01509	0.19168	0.29463	0.37160	0.03482	0.00685	0.00194	0.00279	0.01182	0.00497	0.00441
17	0.00744	0.00558	0.00837	0.00837	0.00930	0.00651	0.00651	0.00930	0.00837	0.01209	0.01395	0.02046	0.01302	0.03906	0.79635	0.00837	0.01395	0.00558	0.00279	0.00465
18	0.00737	0.00496	0.00574	0.00594	0.00599	0.00491	0.00343	0.00752	0.00797	0.01063	0.01844	0.16296	0.02150	0.68460	0.02322	0.00456	0.00471	0.00877	0.00343	0.00333
19	0.00698	0.00521	0.00649	0.00638	0.00759	0.00471	0.00470	0.00899	0.01350	0.01845	0.52884	0.14486	0.20025	0.01194	0.00621	0.00173	0.00257	0.01047	0.00543	0.00471
20	0.00731	0.00532	0.00687	0.00649	0.00774	0.00489	0.00486	0.00971	0.01459	0.02053	0.74446	0.03947	0.08665	0.01078	0.00614	0.00164	0.00247	0.00950	0.00569	0.00489
21	0.01229	0.01405	0.03073	0.02195	0.02722	0.01317	0.76558	0.01668	0.01229	0.01668	0.01054	0.01405	0.00790	0.00439	0.00615	0.00176	0.00878	0.00615	0.00263	0.00702
22	0.00750	0.00504	0.00578	0.00581	0.00590	0.00500	0.00335	0.00769	0.00813	0.01092	0.06386	0.07359	0.02156	0.72736	0.02426	0.00469	0.00479	0.00805	0.00340	0.00332
23	0.00634	0.00453	0.00604	0.00725	0.00755	0.00423	0.00483	0.00725	0.00997	0.01329	0.02870	0.81358	0.03444	0.01632	0.00665	0.00211	0.00302	0.01480	0.00483	0.00423
24	0.01135	0.01080	0.01835	0.42197	0.40655	0.01197	0.01522	0.01463	0.01113	0.01514	0.00952	0.01339	0.00759	0.00493	0.00518	0.00164	0.00657	0.00463	0.00244	0.00701
25	0.01275	0.01063	0.01050	0.00971	0.01209	0.09326	0.00738	0.02111	0.41144	0.08734	0.05237	0.17097	0.06007	0.00904	0.00556	0.00177	0.00436	0.00766	0.00503	0.00697
26	0.01252	0.01077	0.01138	0.01027	0.01311	0.01237	0.00798	0.02634	0.72154	0.02151	0.05207	0.02115	0.04097	0.00740	0.00536	0.00176	0.00401	0.00618	0.00530	0.00799
27	0.00633	0.00457	0.00600	0.00714	0.00752	0.00424	0.00478	0.00726	0.01008	0.01334	0.03008	0.76984	0.07730	0.01614	0.00662	0.00209	0.00300	0.01459	0.00483	0.00424

[dist]
# distance from previous block
# <min> <max>
0	0

# created by:
# /st0/software/busco_prod/Augustus/scripts/msa2prfl.pl ./align_prep/139122.fa
