[name]
unknown

[dist]
# distance from previous block
# <min> <max>
10	102

[block]
# block no. 0 follows, 44 sequences, length 48
# corresponding to MSA columns:
# 154-201
name=unknown_A
#
# <colnr> <probs for GDERKNQSTAVLIFYWHMCP>
#	G	D	E	R	K	N	Q	S	T	A	V	L	I	F	Y	W	H	M	C	P
0	0.06376	0.05236	0.07149	0.01235	0.07318	0.08004	0.04521	0.07439	0.01363	0.18533	0.04467	0.01872	0.06965	0.05043	0.00722	0.02641	0.02699	0.00541	0.00417	0.07458
1	0.05213	0.09542	0.06140	0.03414	0.06901	0.02700	0.02506	0.25301	0.04181	0.09503	0.04500	0.01733	0.06726	0.00720	0.01863	0.00170	0.00564	0.00526	0.02158	0.05637
2	0.04842	0.04379	0.11726	0.05897	0.06449	0.04031	0.02643	0.09694	0.04736	0.11414	0.05550	0.01697	0.01247	0.07356	0.01945	0.02296	0.00584	0.00503	0.00389	0.12621
3	0.03041	0.05946	0.13842	0.01440	0.12285	0.04860	0.02752	0.10889	0.03488	0.21003	0.06054	0.07422	0.03141	0.00714	0.00545	0.00169	0.00574	0.00597	0.00448	0.00790
4	0.06785	0.01055	0.02824	0.04011	0.08704	0.03317	0.02512	0.10564	0.07533	0.12186	0.14247	0.07958	0.05674	0.00829	0.00596	0.00173	0.02689	0.02508	0.00474	0.05359
5	0.04833	0.03419	0.05252	0.13800	0.11117	0.01225	0.02422	0.15432	0.11913	0.02124	0.09467	0.04068	0.02786	0.00686	0.00565	0.00167	0.02335	0.00573	0.00406	0.07409
6	0.01195	0.01025	0.05923	0.00907	0.01162	0.02982	0.00733	0.16162	0.07490	0.04118	0.12318	0.12674	0.06599	0.15110	0.00963	0.00233	0.00468	0.00779	0.02233	0.06924
7	0.01373	0.01112	0.05824	0.13581	0.01725	0.01059	0.00936	0.17178	0.09322	0.08772	0.01621	0.08719	0.02557	0.06035	0.00678	0.00185	0.00520	0.00603	0.04444	0.13757
8	0.08006	0.00645	0.00801	0.02991	0.00991	0.00649	0.00598	0.02723	0.01123	0.05232	0.08512	0.50473	0.02928	0.03680	0.00740	0.00211	0.03719	0.01172	0.00476	0.04327
9	0.13216	0.04435	0.04088	0.00893	0.01330	0.00907	0.03581	0.03461	0.01140	0.01863	0.01119	0.07889	0.01011	0.00546	0.00434	0.00117	0.00447	0.00443	0.00338	0.52745
10	0.01457	0.09940	0.01891	0.11945	0.03576	0.04320	0.14656	0.21439	0.03270	0.03484	0.01256	0.01618	0.02171	0.08427	0.02149	0.01413	0.02688	0.00530	0.00363	0.03407
11	0.01343	0.01485	0.04590	0.01631	0.11772	0.17000	0.03069	0.01504	0.01062	0.01389	0.00966	0.01338	0.02824	0.00931	0.03275	0.05137	0.39325	0.00475	0.00260	0.00624
12	0.00972	0.00823	0.03959	0.10147	0.01363	0.00766	0.00772	0.03280	0.01387	0.04409	0.42718	0.04697	0.05019	0.00916	0.00664	0.00167	0.05428	0.00776	0.00482	0.11256
13	0.01438	0.04069	0.04215	0.02834	0.56744	0.08496	0.05967	0.01793	0.03704	0.03965	0.01075	0.01339	0.00876	0.00505	0.00535	0.00161	0.00685	0.00480	0.00290	0.00829
14	0.01508	0.01235	0.01693	0.03674	0.03931	0.02623	0.14481	0.30960	0.04144	0.04355	0.04397	0.10217	0.01455	0.07073	0.00832	0.00208	0.05356	0.00678	0.00441	0.00739
15	0.00675	0.00553	0.00595	0.00585	0.00755	0.00473	0.00438	0.00842	0.01315	0.01645	0.22850	0.04963	0.59783	0.01316	0.00644	0.00181	0.00272	0.01111	0.00529	0.00473
16	0.01664	0.01168	0.01291	0.01100	0.01447	0.01288	0.00873	0.12103	0.52158	0.17449	0.02090	0.01906	0.01508	0.00716	0.00552	0.00179	0.00459	0.00587	0.00577	0.00884
17	0.02071	0.01568	0.01633	0.01260	0.01690	0.04623	0.01037	0.72823	0.02524	0.03356	0.01291	0.01296	0.00919	0.00651	0.00543	0.00163	0.00615	0.00486	0.00535	0.00916
18	0.03708	0.00916	0.01042	0.00917	0.01199	0.00940	0.00710	0.02033	0.32717	0.11264	0.15818	0.10041	0.04336	0.00864	0.00561	0.00171	0.00384	0.00736	0.00536	0.11108
19	0.02108	0.01402	0.01550	0.01196	0.01624	0.01514	0.00986	0.59050	0.05724	0.16923	0.01503	0.01441	0.01037	0.00662	0.00546	0.00166	0.00568	0.00507	0.00569	0.00924
20	0.02037	0.02598	0.01545	0.01404	0.01685	0.78652	0.01053	0.02177	0.01545	0.01334	0.00843	0.00983	0.00702	0.00562	0.00492	0.00140	0.00983	0.00351	0.00281	0.00632
21	0.01130	0.00969	0.01130	0.00807	0.01292	0.00727	0.00646	0.01373	0.01130	0.01776	0.00969	0.01130	0.00807	0.00404	0.00404	0.00081	0.00404	0.00323	0.00323	0.84173
22	0.00765	0.00520	0.00619	0.00646	0.00659	0.00520	0.00388	0.00797	0.00851	0.01140	0.01974	0.19736	0.02288	0.59523	0.06880	0.00484	0.00539	0.00940	0.00365	0.00363
23	0.00763	0.00557	0.00717	0.00677	0.00809	0.00511	0.00508	0.01012	0.01523	0.02139	0.72398	0.04150	0.09928	0.01132	0.00643	0.00172	0.00258	0.00997	0.00594	0.00511
24	0.01349	0.01295	0.02213	0.03346	0.77440	0.01295	0.01673	0.01673	0.01241	0.01781	0.01025	0.01349	0.00864	0.00486	0.00540	0.00162	0.00648	0.00486	0.00270	0.00864
25	0.01193	0.01193	0.01670	0.01431	0.01431	0.01670	0.01193	0.01312	0.00835	0.01312	0.00716	0.01193	0.00716	0.00954	0.01789	0.00239	0.79843	0.00477	0.00239	0.00596
26	0.00994	0.00505	0.00519	0.00527	0.00646	0.00504	0.00390	0.01229	0.01129	0.01973	0.01836	0.06722	0.01521	0.00723	0.00433	0.01731	0.00262	0.00570	0.77285	0.00499
27	0.00747	0.00550	0.00720	0.00730	0.00820	0.00528	0.00528	0.00936	0.01328	0.01847	0.46135	0.29736	0.06354	0.02958	0.00743	0.00198	0.02946	0.01159	0.00548	0.00488
28	0.01337	0.01283	0.02191	0.06200	0.74679	0.01292	0.01667	0.01663	0.01236	0.01767	0.01023	0.01353	0.00858	0.00488	0.00540	0.00163	0.00651	0.00486	0.00269	0.00854
29	0.00676	0.00488	0.00642	0.00761	0.00808	0.00455	0.00523	0.00783	0.01069	0.01411	0.03153	0.71401	0.08111	0.01676	0.00696	0.00221	0.00325	0.05849	0.00506	0.00447
30	0.01043	0.00983	0.01660	0.76211	0.06965	0.01215	0.01521	0.01405	0.01097	0.01410	0.00971	0.01449	0.00733	0.00542	0.00545	0.00181	0.00723	0.00485	0.00243	0.00617
31	0.01218	0.05263	0.06640	0.01610	0.03393	0.09323	0.30437	0.03340	0.01219	0.01583	0.01476	0.19611	0.01464	0.02964	0.00772	0.00197	0.07745	0.00772	0.00329	0.00644
32	0.02051	0.01593	0.01619	0.01261	0.01683	0.07100	0.01033	0.68494	0.04480	0.03257	0.01301	0.01305	0.00931	0.00650	0.00542	0.00163	0.00622	0.00484	0.00527	0.00905
33	0.02113	0.01421	0.01566	0.01205	0.01635	0.01539	0.00994	0.61953	0.04393	0.15342	0.01469	0.01416	0.01015	0.00660	0.00546	0.00165	0.00574	0.00503	0.00566	0.00926
34	0.02080	0.01377	0.01530	0.01176	0.01601	0.01472	0.00969	0.58422	0.02317	0.16900	0.03678	0.01485	0.01125	0.00666	0.00545	0.00163	0.00561	0.00512	0.00565	0.02856
35	0.00779	0.00584	0.00876	0.00876	0.00974	0.00681	0.00681	0.00974	0.00876	0.01266	0.01460	0.02142	0.01363	0.04089	0.78680	0.00876	0.01460	0.00584	0.00292	0.00487
36	0.01030	0.00969	0.01635	0.79530	0.03755	0.01211	0.01514	0.01393	0.01090	0.01393	0.00969	0.01453	0.00727	0.00545	0.00545	0.00182	0.00727	0.00484	0.00242	0.00606
37	0.01126	0.01205	0.06202	0.23403	0.02124	0.01480	0.01314	0.01347	0.00927	0.01358	0.00830	0.01298	0.00741	0.00927	0.04170	0.00242	0.49978	0.00479	0.00241	0.00608
38	0.01940	0.01259	0.01410	0.01108	0.01478	0.01341	0.00894	0.50447	0.02126	0.17043	0.02761	0.05134	0.01289	0.08277	0.00764	0.00202	0.00550	0.00584	0.00548	0.00843
39	0.01174	0.01068	0.01369	0.01195	0.01266	0.04304	0.02124	0.01417	0.05464	0.01527	0.01087	0.01475	0.00958	0.01044	0.06085	0.00246	0.49172	0.00496	0.17938	0.00590
40	0.40637	0.01151	0.05737	0.15240	0.01744	0.01165	0.00922	0.07108	0.01225	0.18650	0.01152	0.01246	0.00810	0.00561	0.00447	0.00171	0.00522	0.00405	0.00402	0.00703
41	0.01813	0.01381	0.01596	0.15485	0.02033	0.01558	0.01105	0.56899	0.05086	0.02949	0.01287	0.01390	0.00933	0.00749	0.03069	0.00191	0.00644	0.00498	0.00482	0.00852
42	0.01259	0.00660	0.00869	0.00772	0.00982	0.00590	0.00594	0.01475	0.01470	0.25001	0.41052	0.12528	0.08390	0.01068	0.00621	0.00177	0.00328	0.00930	0.00606	0.00628
43	0.00669	0.00482	0.00635	0.00748	0.00790	0.00447	0.00503	0.00774	0.01078	0.01437	0.07044	0.73614	0.06432	0.01664	0.00691	0.00217	0.00312	0.01505	0.00511	0.00447
44	0.00738	0.00531	0.00699	0.00709	0.00807	0.00492	0.00512	0.00945	0.01388	0.01939	0.54073	0.27856	0.04665	0.01299	0.00659	0.00187	0.00276	0.01161	0.00571	0.00492
45	0.00768	0.00554	0.00725	0.00689	0.00814	0.00512	0.00514	0.01019	0.01524	0.02156	0.74326	0.06984	0.05085	0.01137	0.00645	0.00173	0.00259	0.01007	0.00597	0.00512
46	0.84691	0.01054	0.00801	0.00717	0.01054	0.01223	0.00590	0.01603	0.00928	0.02446	0.00759	0.00886	0.00590	0.00506	0.00337	0.00169	0.00422	0.00295	0.00337	0.00590
47	0.01584	0.02465	0.01206	0.01011	0.01301	0.01092	0.00791	0.21391	0.19060	0.17946	0.02109	0.20722	0.01867	0.04016	0.00667	0.00197	0.00461	0.00795	0.00551	0.00769

[dist]
# distance from previous block
# <min> <max>
0	1

[block]
# block no. 1 follows, 44 sequences, length 11
# corresponding to MSA columns:
# 203-213
name=unknown_B
#
# <colnr> <probs for GDERKNQSTAVLIFYWHMCP>
#	G	D	E	R	K	N	Q	S	T	A	V	L	I	F	Y	W	H	M	C	P
0	0.01378	0.01146	0.01122	0.01005	0.01283	0.09460	0.00778	0.02295	0.41798	0.09752	0.12555	0.02554	0.10857	0.00839	0.00570	0.00177	0.00453	0.00693	0.00538	0.00750
1	0.01044	0.00873	0.01029	0.00790	0.01182	0.00675	0.00609	0.01252	0.01101	0.01683	0.01309	0.13038	0.01283	0.04673	0.00567	0.00124	0.00397	0.00529	0.00351	0.67491
2	0.00653	0.00537	0.00575	0.00599	0.00750	0.00459	0.00437	0.00787	0.01214	0.01484	0.07806	0.20431	0.59507	0.01437	0.00655	0.00191	0.00284	0.01225	0.00510	0.00459
3	0.01010	0.00926	0.01567	0.49335	0.02869	0.01064	0.09270	0.04118	0.01157	0.01509	0.01483	0.20343	0.01434	0.00818	0.00592	0.00191	0.00645	0.00757	0.00321	0.00593
4	0.01093	0.02820	0.78016	0.01554	0.02360	0.01266	0.02014	0.01727	0.01151	0.01727	0.00978	0.01151	0.00691	0.00518	0.00518	0.00173	0.00806	0.00403	0.00230	0.00806
5	0.00692	0.00551	0.00625	0.00641	0.00792	0.00484	0.00484	0.00859	0.01283	0.01621	0.19437	0.13244	0.48352	0.01373	0.00659	0.00191	0.00296	0.07417	0.00525	0.00473
6	0.00919	0.00563	0.00707	0.02477	0.00865	0.00607	0.00542	0.01157	0.03463	0.01651	0.01681	0.06559	0.01478	0.01999	0.28237	0.05587	0.00715	0.00596	0.39705	0.00494
7	0.02801	0.02797	0.15203	0.29606	0.10253	0.05645	0.01395	0.11785	0.01360	0.01820	0.01293	0.03073	0.02565	0.00658	0.00547	0.00177	0.00681	0.05979	0.01663	0.00700
8	0.00865	0.00593	0.00684	0.00666	0.00702	0.00609	0.00411	0.05426	0.00920	0.01235	0.01725	0.06519	0.01933	0.66170	0.08897	0.00522	0.00602	0.00788	0.00348	0.00385
9	0.10005	0.01545	0.13902	0.03342	0.04193	0.03043	0.38998	0.01789	0.01234	0.10018	0.01158	0.01410	0.00854	0.00656	0.03726	0.00206	0.02323	0.00541	0.00318	0.00738
10	0.03720	0.07769	0.23757	0.04015	0.08536	0.04184	0.03054	0.02711	0.03776	0.03239	0.09637	0.11667	0.01762	0.07471	0.00736	0.00204	0.00596	0.02148	0.00355	0.00664

[dist]
# distance from previous block
# <min> <max>
1	13

[block]
# block no. 2 follows, 44 sequences, length 19
# corresponding to MSA columns:
# 336-354
name=unknown_C
#
# <colnr> <probs for GDERKNQSTAVLIFYWHMCP>
#	G	D	E	R	K	N	Q	S	T	A	V	L	I	F	Y	W	H	M	C	P
0	0.03916	0.03165	0.15661	0.02297	0.03031	0.01016	0.01019	0.06460	0.13663	0.16367	0.07231	0.07477	0.06520	0.00841	0.00567	0.00180	0.00507	0.06612	0.00477	0.02994
1	0.00708	0.00551	0.00651	0.00693	0.00828	0.00494	0.00529	0.00874	0.01247	0.01585	0.14585	0.20319	0.39193	0.01431	0.00674	0.00202	0.00322	0.14125	0.00519	0.00472
2	0.01310	0.48508	0.31293	0.01187	0.01764	0.01801	0.01352	0.01656	0.01114	0.01452	0.00840	0.00991	0.00697	0.00504	0.00467	0.00142	0.03613	0.00341	0.00232	0.00736
3	0.01029	0.00602	0.00606	0.00606	0.00738	0.02842	0.00461	0.01309	0.03489	0.01925	0.01808	0.02286	0.01499	0.03067	0.05084	0.00191	0.00374	0.04727	0.66840	0.00516
4	0.00672	0.00480	0.00639	0.00754	0.00792	0.00448	0.00507	0.00778	0.01078	0.01446	0.08096	0.75238	0.03711	0.01667	0.00692	0.00218	0.00312	0.01511	0.00513	0.00448
5	0.00687	0.00496	0.00638	0.00742	0.00791	0.00464	0.00507	0.00788	0.01055	0.01387	0.03124	0.62205	0.10287	0.08279	0.00869	0.00246	0.00342	0.06163	0.00491	0.00439
6	0.00680	0.00495	0.00641	0.00729	0.00790	0.00456	0.00499	0.00805	0.01142	0.01528	0.15310	0.61528	0.10216	0.01583	0.00683	0.00210	0.00303	0.01423	0.00521	0.00456
7	0.00797	0.00634	0.00841	0.00862	0.00941	0.00654	0.00628	0.00923	0.01057	0.01470	0.06738	0.55074	0.02999	0.01435	0.00822	0.00208	0.11673	0.03248	0.00456	0.08540
8	0.01385	0.65650	0.17744	0.01056	0.01589	0.01981	0.01147	0.01651	0.01116	0.01371	0.00802	0.00929	0.00698	0.00477	0.00383	0.00128	0.00627	0.00314	0.00233	0.00721
9	0.25383	0.01814	0.25989	0.01863	0.25494	0.07277	0.01421	0.01709	0.01146	0.01921	0.00919	0.01124	0.00717	0.00508	0.00471	0.00166	0.00659	0.00394	0.00278	0.00748
10	0.01825	0.00818	0.01117	0.05413	0.01366	0.00743	0.00773	0.02046	0.01433	0.48330	0.09809	0.06242	0.04283	0.00943	0.03153	0.00198	0.00473	0.05429	0.02852	0.02753
11	0.01243	0.16413	0.38253	0.01602	0.09217	0.01435	0.07659	0.03128	0.01163	0.03084	0.00987	0.01246	0.00784	0.03189	0.00670	0.00177	0.06704	0.00432	0.00259	0.02356
12	0.00749	0.00582	0.00675	0.00657	0.00803	0.00536	0.00484	0.01006	0.05433	0.01804	0.36665	0.09011	0.32436	0.05812	0.00764	0.00201	0.00293	0.01052	0.00540	0.00498
13	0.01170	0.00980	0.01138	0.00836	0.01292	0.00777	0.00665	0.06438	0.01224	0.01869	0.01103	0.05463	0.00968	0.00492	0.00429	0.00094	0.00412	0.00401	0.00348	0.73898
14	0.06858	0.09466	0.37685	0.01560	0.06379	0.02831	0.13138	0.01631	0.01200	0.01758	0.06317	0.01692	0.01182	0.00608	0.00534	0.00173	0.00713	0.05255	0.00291	0.00730
15	0.31656	0.08690	0.28485	0.01052	0.01561	0.01213	0.01135	0.01637	0.01078	0.06093	0.03009	0.01169	0.00831	0.00588	0.00507	0.03908	0.00571	0.00376	0.00310	0.06132
16	0.00693	0.00504	0.00653	0.00748	0.00803	0.00479	0.00518	0.00802	0.01047	0.01381	0.03056	0.56801	0.10921	0.08005	0.05946	0.00286	0.00415	0.06019	0.00478	0.00442
17	0.02730	0.21102	0.14398	0.06507	0.01588	0.08684	0.01063	0.05752	0.01197	0.01607	0.03852	0.01508	0.01068	0.06049	0.05456	0.00223	0.07587	0.00454	0.08531	0.00644
18	0.09263	0.20040	0.17093	0.08202	0.05244	0.05128	0.01187	0.05151	0.06821	0.01708	0.01183	0.08680	0.01057	0.00675	0.00576	0.00168	0.06306	0.00510	0.00312	0.00698

[dist]
# distance from previous block
# <min> <max>
2	6

[block]
# block no. 3 follows, 44 sequences, length 40
# corresponding to MSA columns:
# 362-401
name=unknown_D
#
# <colnr> <probs for GDERKNQSTAVLIFYWHMCP>
#	G	D	E	R	K	N	Q	S	T	A	V	L	I	F	Y	W	H	M	C	P
0	0.17683	0.04473	0.01100	0.00886	0.01141	0.00915	0.05807	0.01561	0.11242	0.07919	0.25173	0.06719	0.06526	0.00896	0.00597	0.03032	0.00401	0.00720	0.02593	0.00615
1	0.04506	0.10270	0.01745	0.43506	0.05292	0.06589	0.01292	0.08328	0.01236	0.01622	0.00939	0.01286	0.00741	0.00577	0.00618	0.00171	0.07732	0.00442	0.00278	0.02831
2	0.00816	0.00653	0.00767	0.03145	0.00973	0.00642	0.00568	0.01219	0.13245	0.01834	0.29312	0.15636	0.26714	0.01211	0.00634	0.00185	0.00314	0.01049	0.00538	0.00545
3	0.00753	0.00549	0.00709	0.00685	0.00807	0.00504	0.00508	0.00987	0.01476	0.02065	0.65501	0.11717	0.09320	0.01189	0.00648	0.00177	0.00264	0.01052	0.00585	0.00504
4	0.01017	0.00974	0.02909	0.45357	0.02673	0.01175	0.03630	0.01292	0.01000	0.01350	0.01054	0.01680	0.00918	0.08626	0.09765	0.00303	0.14920	0.00527	0.00256	0.00572
5	0.00747	0.00551	0.00699	0.00673	0.00803	0.00502	0.00501	0.00978	0.01469	0.02037	0.62599	0.09529	0.14503	0.01191	0.00647	0.00177	0.00264	0.01047	0.00581	0.00502
6	0.04101	0.01588	0.01566	0.02570	0.01682	0.10470	0.01017	0.57008	0.07480	0.05084	0.01322	0.01328	0.00952	0.00645	0.00535	0.00163	0.00626	0.00480	0.00509	0.00875
7	0.02048	0.01252	0.01455	0.03789	0.01612	0.01300	0.00939	0.43766	0.02069	0.26200	0.01610	0.04697	0.01154	0.00687	0.00545	0.00164	0.00541	0.00543	0.00562	0.05066
8	0.01312	0.00996	0.06770	0.00973	0.01256	0.00889	0.00826	0.09692	0.14375	0.15226	0.09156	0.15818	0.09464	0.01050	0.00614	0.00192	0.00443	0.09718	0.00535	0.00694
9	0.00772	0.00557	0.00729	0.00686	0.00814	0.00514	0.00514	0.01029	0.01543	0.02186	0.77152	0.04072	0.05144	0.01115	0.00643	0.00171	0.00257	0.00986	0.00600	0.00514
10	0.00861	0.00622	0.00855	0.00971	0.01101	0.00615	0.00845	0.01104	0.01254	0.01620	0.03078	0.06084	0.08527	0.01497	0.00745	0.00246	0.00486	0.68487	0.00502	0.00499
11	0.01331	0.01343	0.04698	0.14415	0.55054	0.03655	0.06746	0.01672	0.01234	0.03138	0.01036	0.01365	0.00839	0.00500	0.00546	0.00166	0.00690	0.00491	0.00273	0.00809
12	0.01326	0.01272	0.02171	0.08854	0.72113	0.01289	0.01662	0.01653	0.01230	0.01753	0.01021	0.01357	0.00854	0.00490	0.00540	0.00163	0.00653	0.00486	0.00268	0.00845
13	0.00682	0.00494	0.00645	0.00733	0.00791	0.00457	0.00502	0.00809	0.01145	0.01538	0.16368	0.62065	0.08590	0.01581	0.00683	0.00210	0.00303	0.01424	0.00523	0.00457
14	0.02068	0.01456	0.01578	0.01213	0.01640	0.01595	0.01001	0.68426	0.02453	0.08557	0.01381	0.01368	0.00970	0.00655	0.00541	0.00163	0.00581	0.00495	0.02944	0.00915
15	0.78662	0.01084	0.00976	0.00831	0.01184	0.01234	0.06003	0.01613	0.00954	0.02395	0.00784	0.00928	0.00608	0.00503	0.00360	0.00170	0.00458	0.00320	0.00333	0.00601
16	0.00761	0.00546	0.00736	0.00810	0.00899	0.00520	0.00620	0.00953	0.01261	0.01709	0.25890	0.34683	0.03942	0.01464	0.00697	0.00215	0.00353	0.22926	0.00534	0.00483
17	0.01288	0.01495	0.05601	0.02400	0.11864	0.01365	0.64065	0.01737	0.01277	0.01750	0.01089	0.01445	0.00827	0.00465	0.00627	0.00181	0.00882	0.00616	0.00273	0.00753
18	0.02035	0.01509	0.01615	0.01247	0.01677	0.01673	0.01027	0.71873	0.06372	0.03376	0.01356	0.01346	0.00965	0.00659	0.00546	0.00165	0.00591	0.00497	0.00546	0.00924
19	0.01258	0.00940	0.01042	0.00917	0.01185	0.00997	0.00717	0.10300	0.31602	0.08051	0.19555	0.02990	0.16300	0.00928	0.00590	0.00178	0.00385	0.00779	0.00564	0.00722
20	0.01277	0.42343	0.40102	0.01241	0.01875	0.01716	0.01469	0.01679	0.01129	0.01503	0.00867	0.01012	0.00695	0.00492	0.00433	0.00144	0.00693	0.00347	0.00232	0.00752
21	0.02072	0.01527	0.01636	0.01254	0.01691	0.01691	0.01036	0.75622	0.02563	0.03436	0.01309	0.01309	0.00927	0.00654	0.00545	0.00164	0.00600	0.00491	0.00545	0.00927
22	0.00836	0.00687	0.00752	0.00721	0.00910	0.00672	0.00544	0.01314	0.18052	0.01827	0.22634	0.08115	0.38515	0.01188	0.00627	0.00183	0.00308	0.01011	0.00541	0.00563
23	0.01179	0.18290	0.59283	0.01521	0.05951	0.01444	0.01782	0.01705	0.01147	0.01641	0.00937	0.01106	0.00701	0.00506	0.00486	0.00161	0.00754	0.00385	0.00233	0.00788
24	0.02046	0.00874	0.01169	0.00954	0.01308	0.00788	0.00785	0.02347	0.06085	0.57577	0.09734	0.02543	0.01938	0.00811	0.00580	0.00179	0.00445	0.08360	0.00642	0.00837
25	0.00673	0.00557	0.00592	0.00594	0.00768	0.00476	0.00453	0.00831	0.01279	0.01566	0.13794	0.05160	0.64486	0.01357	0.00650	0.00186	0.00287	0.05305	0.00517	0.00469
26	0.08143	0.00954	0.01244	0.00961	0.01377	0.00856	0.00793	0.04669	0.01545	0.70461	0.02030	0.01773	0.01285	0.00662	0.00534	0.00169	0.00465	0.00529	0.00648	0.00904
27	0.00689	0.00499	0.00650	0.00728	0.00793	0.00461	0.00502	0.00825	0.01176	0.01586	0.20834	0.57370	0.08777	0.01545	0.00680	0.00207	0.00300	0.01389	0.00528	0.00461
28	0.00834	0.00601	0.00821	0.00917	0.01037	0.00588	0.00773	0.01067	0.01276	0.01680	0.13321	0.12371	0.06950	0.01464	0.00728	0.00234	0.00441	0.53886	0.00516	0.00497
29	0.01184	0.01135	0.01875	0.36876	0.33339	0.01314	0.01531	0.01495	0.01113	0.01538	0.00954	0.01372	0.00781	0.00582	0.00729	0.00182	0.12554	0.00484	0.00253	0.00709
30	0.00712	0.00557	0.00630	0.00667	0.00801	0.00501	0.00504	0.00851	0.01167	0.01442	0.04254	0.12384	0.45498	0.11952	0.00953	0.00247	0.00358	0.15590	0.00482	0.00450
31	0.01130	0.00969	0.01130	0.00807	0.01292	0.00727	0.00646	0.01373	0.01130	0.01776	0.00969	0.01130	0.00807	0.00404	0.00404	0.00081	0.00404	0.00323	0.00323	0.84173
32	0.03853	0.01394	0.03373	0.07569	0.10666	0.06193	0.01093	0.28296	0.19761	0.07623	0.01470	0.01510	0.01085	0.00679	0.01625	0.00178	0.00599	0.00507	0.00464	0.02062
33	0.01644	0.01276	0.01431	0.04432	0.01594	0.01455	0.00968	0.40586	0.20987	0.02691	0.01520	0.01592	0.01149	0.01006	0.07841	0.00239	0.05181	0.00531	0.03054	0.00825
34	0.00792	0.00534	0.00621	0.00621	0.00630	0.00543	0.00363	0.00810	0.00801	0.01076	0.01694	0.03436	0.01925	0.73728	0.09809	0.00561	0.00615	0.00773	0.00327	0.00345
35	0.01028	0.00845	0.01141	0.07616	0.01324	0.02497	0.05917	0.04921	0.02171	0.01582	0.02931	0.11772	0.05980	0.14688	0.03772	0.00271	0.14350	0.02978	0.13683	0.00534
36	0.01642	0.23030	0.03706	0.03535	0.06841	0.22035	0.01031	0.18856	0.01608	0.01917	0.06655	0.01469	0.04201	0.00624	0.00489	0.00147	0.00671	0.00460	0.00359	0.00723
37	0.00810	0.00537	0.00702	0.00741	0.00840	0.00493	0.00530	0.00971	0.01253	0.06247	0.26772	0.44325	0.08908	0.01429	0.00668	0.00201	0.00309	0.03220	0.00546	0.00498
38	0.16091	0.31117	0.14067	0.01165	0.04688	0.08447	0.01081	0.09129	0.04343	0.01844	0.01047	0.01151	0.02684	0.00544	0.00430	0.00148	0.00616	0.00378	0.00308	0.00722
39	0.11633	0.34566	0.05376	0.00998	0.01414	0.10020	0.00908	0.11156	0.01367	0.04271	0.05611	0.01281	0.02453	0.00567	0.00430	0.00138	0.00578	0.00398	0.00339	0.06497

[dist]
# distance from previous block
# <min> <max>
0	8

[block]
# block no. 4 follows, 44 sequences, length 8
# corresponding to MSA columns:
# 410-417
name=unknown_E
#
# <colnr> <probs for GDERKNQSTAVLIFYWHMCP>
#	G	D	E	R	K	N	Q	S	T	A	V	L	I	F	Y	W	H	M	C	P
0	0.01585	0.10268	0.12735	0.04697	0.08966	0.01125	0.01105	0.05725	0.05999	0.25005	0.08846	0.02145	0.01622	0.00722	0.00548	0.00172	0.00545	0.06942	0.00465	0.00783
1	0.09893	0.34793	0.01874	0.00973	0.01339	0.09115	0.00851	0.06955	0.06784	0.08628	0.07456	0.01541	0.04400	0.00635	0.00482	0.00148	0.02599	0.00456	0.00375	0.00703
2	0.00895	0.04666	0.00767	0.00702	0.00805	0.00633	0.00509	0.03663	0.01086	0.01612	0.02116	0.30948	0.02215	0.10066	0.10082	0.00295	0.00479	0.00919	0.27055	0.00487
3	0.04988	0.19264	0.07497	0.13118	0.05255	0.04085	0.10379	0.06823	0.03854	0.01673	0.01369	0.07582	0.04909	0.00687	0.00604	0.00170	0.06182	0.00563	0.00317	0.00680
4	0.17286	0.01453	0.07769	0.16038	0.18779	0.10172	0.01238	0.08402	0.05081	0.07176	0.01102	0.01288	0.00833	0.00553	0.00497	0.00167	0.00643	0.00438	0.00342	0.00743
5	0.00947	0.00559	0.00797	0.05508	0.00964	0.00575	0.00574	0.04725	0.00908	0.01207	0.01439	0.19688	0.01542	0.01704	0.01622	0.55400	0.00459	0.00722	0.00315	0.00343
6	0.00792	0.00520	0.00593	0.00610	0.00623	0.00516	0.00357	0.00823	0.00851	0.01172	0.01892	0.13627	0.02154	0.64549	0.02326	0.00459	0.00481	0.00872	0.06423	0.00358
7	0.09902	0.05307	0.01546	0.01195	0.05117	0.06537	0.08911	0.08799	0.01297	0.03851	0.01028	0.01204	0.00822	0.00505	0.00516	0.00130	0.04330	0.00400	0.03643	0.34961

[dist]
# distance from previous block
# <min> <max>
0	2

[block]
# block no. 5 follows, 44 sequences, length 11
# corresponding to MSA columns:
# 420-430
name=unknown_F
#
# <colnr> <probs for GDERKNQSTAVLIFYWHMCP>
#	G	D	E	R	K	N	Q	S	T	A	V	L	I	F	Y	W	H	M	C	P
0	0.01909	0.01586	0.01543	0.01285	0.03379	0.14874	0.01009	0.49017	0.02103	0.05267	0.01281	0.03225	0.00999	0.02820	0.03691	0.00201	0.04021	0.00504	0.00468	0.00817
1	0.01499	0.00943	0.01154	0.02717	0.01346	0.00804	0.00720	0.04554	0.05664	0.23120	0.04286	0.05295	0.03084	0.00620	0.00489	0.00129	0.00425	0.00513	0.00464	0.42173
2	0.01226	0.01237	0.01691	0.03961	0.08698	0.04865	0.01227	0.01375	0.00913	0.01358	0.00781	0.01235	0.00749	0.00976	0.03916	0.00245	0.64206	0.00476	0.00245	0.00620
3	0.01030	0.00969	0.01635	0.79530	0.03755	0.01211	0.01514	0.01393	0.01090	0.01393	0.00969	0.01453	0.00727	0.00545	0.00545	0.00182	0.00727	0.00484	0.00242	0.00606
4	0.00680	0.00545	0.00608	0.00611	0.00763	0.00473	0.00451	0.00845	0.01301	0.01654	0.24296	0.13191	0.49972	0.01346	0.00650	0.00185	0.00276	0.01151	0.00531	0.00473
5	0.00664	0.00474	0.00633	0.00759	0.00791	0.00443	0.00506	0.00759	0.01044	0.01392	0.03005	0.80485	0.03606	0.01708	0.00696	0.00221	0.00316	0.01550	0.00506	0.00443
6	0.00762	0.00557	0.00716	0.00676	0.00809	0.00510	0.00507	0.01011	0.01522	0.02135	0.71981	0.04157	0.10347	0.01134	0.00643	0.00172	0.00259	0.00998	0.00593	0.00510
7	0.00664	0.00474	0.00633	0.00759	0.00791	0.00443	0.00506	0.00759	0.01044	0.01392	0.03005	0.80485	0.03606	0.01708	0.00696	0.00221	0.00316	0.01550	0.00506	0.00443
8	0.01417	0.72350	0.11316	0.01003	0.01507	0.02057	0.01055	0.01643	0.01113	0.01333	0.00783	0.00906	0.00699	0.00472	0.00369	0.00123	0.00608	0.00304	0.00233	0.00712
9	0.69544	0.01080	0.00941	0.06332	0.01306	0.01244	0.00697	0.07344	0.01088	0.05066	0.00865	0.00992	0.00652	0.00526	0.00375	0.00169	0.00458	0.00332	0.00358	0.00629
10	0.00655	0.00553	0.00567	0.00563	0.00743	0.00465	0.00422	0.00803	0.01267	0.01532	0.11422	0.05150	0.71282	0.01359	0.00644	0.00183	0.00275	0.01137	0.00514	0.00465

[dist]
# distance from previous block
# <min> <max>
0	19

[block]
# block no. 6 follows, 44 sequences, length 18
# corresponding to MSA columns:
# 450-467
name=unknown_G
#
# <colnr> <probs for GDERKNQSTAVLIFYWHMCP>
#	G	D	E	R	K	N	Q	S	T	A	V	L	I	F	Y	W	H	M	C	P
0	0.01282	0.01458	0.03144	0.02257	0.02783	0.01392	0.71979	0.01726	0.01266	0.01726	0.01085	0.01458	0.00822	0.00483	0.00697	0.00186	0.04618	0.00636	0.00274	0.00729
1	0.01458	0.81168	0.02857	0.00933	0.01399	0.02157	0.00933	0.01632	0.01108	0.01283	0.00758	0.00875	0.00700	0.00466	0.00350	0.00117	0.00583	0.00292	0.00233	0.00700
2	0.01130	0.00969	0.01130	0.00807	0.01292	0.00727	0.00646	0.01373	0.01130	0.01776	0.00969	0.01130	0.00807	0.00404	0.00404	0.00081	0.00404	0.00323	0.00323	0.84173
3	0.84691	0.01054	0.00801	0.00717	0.01054	0.01223	0.00590	0.01603	0.00928	0.02446	0.00759	0.00886	0.00590	0.00506	0.00337	0.00169	0.00422	0.00295	0.00337	0.00590
4	0.02037	0.02598	0.01545	0.01404	0.01685	0.78652	0.01053	0.02177	0.01545	0.01334	0.00843	0.00983	0.00702	0.00562	0.00492	0.00140	0.00983	0.00351	0.00281	0.00632
5	0.00669	0.00478	0.00637	0.00756	0.00792	0.00446	0.00506	0.00772	0.01067	0.01428	0.06418	0.76967	0.03677	0.01681	0.00693	0.00219	0.00314	0.01524	0.00510	0.00446
6	0.84691	0.01054	0.00801	0.00717	0.01054	0.01223	0.00590	0.01603	0.00928	0.02446	0.00759	0.00886	0.00590	0.00506	0.00337	0.00169	0.00422	0.00295	0.00337	0.00590
7	0.01356	0.01171	0.01233	0.01109	0.01418	0.01356	0.00863	0.02897	0.76455	0.02281	0.02219	0.02034	0.01664	0.00740	0.00555	0.00185	0.00431	0.00616	0.00555	0.00863
8	0.00664	0.00474	0.00633	0.00759	0.00791	0.00443	0.00506	0.00759	0.01044	0.01392	0.03005	0.80485	0.03606	0.01708	0.00696	0.00221	0.00316	0.01550	0.00506	0.00443
9	0.00668	0.00507	0.00616	0.00686	0.00776	0.00455	0.00478	0.00792	0.01155	0.01493	0.10878	0.49248	0.27184	0.01547	0.00674	0.00205	0.00298	0.01369	0.00515	0.00455
10	0.01030	0.00969	0.01635	0.79530	0.03755	0.01211	0.01514	0.01393	0.01090	0.01393	0.00969	0.01453	0.00727	0.00545	0.00545	0.00182	0.00727	0.00484	0.00242	0.00606
11	0.02020	0.01501	0.01607	0.01244	0.01671	0.01666	0.01024	0.70345	0.07925	0.03352	0.01375	0.01362	0.00981	0.00661	0.00546	0.00165	0.00588	0.00500	0.00546	0.00922
12	0.02446	0.00928	0.01265	0.00970	0.01392	0.00801	0.00801	0.02657	0.01560	0.77817	0.02151	0.01856	0.01350	0.00675	0.00548	0.00169	0.00464	0.00548	0.00675	0.00928
13	0.00920	0.00653	0.00820	0.00864	0.01005	0.00666	0.00703	0.01324	0.10868	0.01859	0.17028	0.10971	0.03127	0.01224	0.00648	0.00207	0.00394	0.33643	0.12529	0.00546
14	0.02446	0.00928	0.01265	0.00970	0.01392	0.00801	0.00801	0.02657	0.01560	0.77817	0.02151	0.01856	0.01350	0.00675	0.00548	0.00169	0.00464	0.00548	0.00675	0.00928
15	0.00793	0.00529	0.00595	0.00595	0.00595	0.00529	0.00330	0.00793	0.00793	0.01057	0.01718	0.03568	0.01982	0.80840	0.02775	0.00529	0.00529	0.00793	0.00330	0.00330
16	0.19325	0.01295	0.03533	0.28613	0.18681	0.09441	0.03187	0.01648	0.01155	0.04789	0.00967	0.01261	0.00751	0.00538	0.00528	0.00171	0.02712	0.00434	0.00291	0.00682
17	0.00947	0.00473	0.00710	0.00710	0.00710	0.00473	0.00473	0.00710	0.00710	0.00947	0.00947	0.01657	0.00947	0.01894	0.02131	0.84138	0.00473	0.00473	0.00237	0.00237

[dist]
# distance from previous block
# <min> <max>
0	14

[block]
# block no. 7 follows, 44 sequences, length 57
# corresponding to MSA columns:
# 482-538
name=unknown_H
#
# <colnr> <probs for GDERKNQSTAVLIFYWHMCP>
#	G	D	E	R	K	N	Q	S	T	A	V	L	I	F	Y	W	H	M	C	P
0	0.27204	0.49114	0.02100	0.00910	0.01319	0.09000	0.00838	0.01674	0.01093	0.01647	0.00766	0.00888	0.00666	0.00488	0.00359	0.00135	0.00571	0.00298	0.00270	0.00660
1	0.81421	0.01049	0.00820	0.00727	0.01068	0.01206	0.00599	0.01644	0.00953	0.05443	0.00814	0.00924	0.00621	0.00513	0.00346	0.00169	0.00423	0.00305	0.00351	0.00604
2	0.01246	0.00664	0.00870	0.00758	0.00975	0.00593	0.00590	0.01481	0.01525	0.24026	0.49802	0.03523	0.09717	0.01008	0.00616	0.00172	0.00319	0.00872	0.00614	0.00630
3	0.00790	0.00529	0.00605	0.00608	0.00612	0.00532	0.00346	0.00798	0.00801	0.01071	0.01734	0.05007	0.01992	0.76640	0.05374	0.00535	0.00557	0.00800	0.00332	0.00338
4	0.00664	0.00474	0.00633	0.00759	0.00791	0.00443	0.00506	0.00759	0.01044	0.01392	0.03005	0.80485	0.03606	0.01708	0.00696	0.00221	0.00316	0.01550	0.00506	0.00443
5	0.00664	0.00474	0.00633	0.00759	0.00791	0.00443	0.00506	0.00759	0.01044	0.01392	0.03005	0.80485	0.03606	0.01708	0.00696	0.00221	0.00316	0.01550	0.00506	0.00443
6	0.01157	0.00985	0.01145	0.00820	0.01303	0.00754	0.00657	0.03475	0.01171	0.01823	0.00979	0.01136	0.00811	0.00411	0.00408	0.00083	0.00409	0.00328	0.00329	0.81816
7	0.70069	0.01087	0.00899	0.00779	0.01128	0.03055	0.00640	0.03518	0.01064	0.12203	0.00954	0.01024	0.00699	0.00533	0.00373	0.00168	0.00445	0.00334	0.00385	0.00643
8	0.01049	0.00539	0.00543	0.00531	0.00668	0.00544	0.00401	0.03556	0.01187	0.02076	0.01764	0.02010	0.01383	0.00636	0.00386	0.00128	0.00265	0.00508	0.81306	0.00521
9	0.01016	0.00508	0.00508	0.00508	0.00635	0.00508	0.00381	0.01270	0.01143	0.02033	0.01778	0.02033	0.01397	0.00635	0.00381	0.00127	0.00254	0.00508	0.83867	0.00508
10	0.01458	0.81168	0.02857	0.00933	0.01399	0.02157	0.00933	0.01632	0.01108	0.01283	0.00758	0.00875	0.00700	0.00466	0.00350	0.00117	0.00583	0.00292	0.00233	0.00700
11	0.01130	0.00969	0.01130	0.00807	0.01292	0.00727	0.00646	0.01373	0.01130	0.01776	0.00969	0.01130	0.00807	0.00404	0.00404	0.00081	0.00404	0.00323	0.00323	0.84173
12	0.00786	0.00527	0.00602	0.00609	0.00612	0.00527	0.00346	0.00795	0.00808	0.01079	0.01780	0.07577	0.02055	0.75194	0.04142	0.00519	0.00536	0.00828	0.00339	0.00339
13	0.02038	0.02563	0.01548	0.01399	0.01686	0.76082	0.01053	0.04630	0.01579	0.01404	0.00858	0.00994	0.00710	0.00565	0.00493	0.00141	0.00970	0.00356	0.00290	0.00642
14	0.05562	0.28863	0.48930	0.01303	0.01971	0.01561	0.01580	0.01689	0.01125	0.01616	0.00893	0.01045	0.00688	0.00500	0.00452	0.00154	0.00711	0.00360	0.00237	0.00759
15	0.01349	0.01295	0.02213	0.03346	0.77440	0.01295	0.01673	0.01673	0.01241	0.01781	0.01025	0.01349	0.00864	0.00486	0.00540	0.00162	0.00648	0.00486	0.00270	0.00864
16	0.02288	0.00931	0.01240	0.00969	0.01369	0.00833	0.00794	0.02607	0.07503	0.68604	0.05348	0.01964	0.01536	0.00699	0.00553	0.00170	0.00453	0.00572	0.00662	0.00905
17	0.00670	0.00481	0.00636	0.00750	0.00791	0.00447	0.00504	0.00775	0.01076	0.01438	0.07194	0.74509	0.05371	0.01667	0.00692	0.00218	0.00312	0.01509	0.00511	0.00447
18	0.01044	0.00983	0.01661	0.76167	0.07008	0.01215	0.01521	0.01405	0.01097	0.01410	0.00971	0.01449	0.00733	0.00542	0.00545	0.00181	0.00723	0.00485	0.00243	0.00617
19	0.02446	0.00928	0.01265	0.00970	0.01392	0.00801	0.00801	0.02657	0.01560	0.77817	0.02151	0.01856	0.01350	0.00675	0.00548	0.00169	0.00464	0.00548	0.00675	0.00928
20	0.02128	0.01370	0.01526	0.01173	0.01598	0.01465	0.00968	0.57696	0.02307	0.19764	0.01506	0.01447	0.01032	0.00658	0.00542	0.00164	0.00561	0.00504	0.02674	0.00917
21	0.01030	0.00969	0.01635	0.79530	0.03755	0.01211	0.01514	0.01393	0.01090	0.01393	0.00969	0.01453	0.00727	0.00545	0.00545	0.00182	0.00727	0.00484	0.00242	0.00606
22	0.78164	0.01044	0.00838	0.00737	0.01081	0.01190	0.00607	0.01686	0.00978	0.08428	0.00870	0.00963	0.00651	0.00519	0.00354	0.00169	0.00425	0.00315	0.00364	0.00617
23	0.02426	0.00960	0.01285	0.00985	0.01408	0.00849	0.00814	0.06593	0.01614	0.73804	0.02105	0.01826	0.01327	0.00674	0.00548	0.00168	0.00471	0.00545	0.00668	0.00928
24	0.01972	0.01509	0.01526	0.01193	0.01598	0.07661	0.00974	0.60225	0.02309	0.04904	0.01309	0.01336	0.00945	0.00636	0.00525	0.00156	0.00597	0.00476	0.05962	0.04186
25	0.00773	0.00520	0.00600	0.00620	0.00625	0.00515	0.00357	0.00788	0.00831	0.01108	0.01915	0.15362	0.02231	0.68706	0.02456	0.00481	0.00496	0.00909	0.00357	0.00348
26	0.01266	0.01431	0.03091	0.08427	0.02921	0.01365	0.69591	0.01718	0.01271	0.01718	0.01092	0.01469	0.00819	0.00466	0.00636	0.00184	0.00904	0.00631	0.00273	0.00725
27	0.00690	0.00503	0.00655	0.00760	0.00823	0.00468	0.00537	0.00814	0.01111	0.01462	0.06540	0.60768	0.11670	0.01624	0.00694	0.00218	0.00330	0.09368	0.00510	0.00454
28	0.01178	0.00998	0.01168	0.02480	0.01365	0.00788	0.00685	0.05275	0.01205	0.01856	0.00987	0.01147	0.00812	0.00420	0.00414	0.00087	0.00421	0.00335	0.00333	0.78048
29	0.00669	0.00537	0.00597	0.00616	0.00760	0.00465	0.00449	0.00817	0.01249	0.01569	0.16345	0.20581	0.50621	0.01406	0.00655	0.00190	0.00281	0.01207	0.00521	0.00465
30	0.00904	0.00587	0.00771	0.00708	0.00860	0.00537	0.00537	0.01158	0.01545	0.08188	0.71200	0.03896	0.04843	0.01080	0.00635	0.00171	0.00274	0.00951	0.00606	0.00547
31	0.01944	0.01335	0.01476	0.03488	0.01611	0.01455	0.00958	0.56191	0.04543	0.10874	0.01489	0.03246	0.01085	0.00678	0.00537	0.00164	0.00551	0.00526	0.06978	0.00872
32	0.84691	0.01054	0.00801	0.00717	0.01054	0.01223	0.00590	0.01603	0.00928	0.02446	0.00759	0.00886	0.00590	0.00506	0.00337	0.00169	0.00422	0.00295	0.00337	0.00590
33	0.06757	0.06215	0.01529	0.03042	0.03253	0.27383	0.00991	0.18045	0.21745	0.02114	0.01306	0.01346	0.01006	0.00627	0.00532	0.00161	0.02321	0.00454	0.00410	0.00762
34	0.00947	0.00473	0.00710	0.00710	0.00710	0.00473	0.00473	0.00710	0.00710	0.00947	0.00947	0.01657	0.00947	0.01894	0.02131	0.84138	0.00473	0.00473	0.00237	0.00237
35	0.01314	0.03196	0.01335	0.01118	0.01360	0.16748	0.05202	0.10747	0.04366	0.01773	0.06975	0.11097	0.05514	0.01226	0.09805	0.00251	0.07888	0.00663	0.02167	0.07253
36	0.01293	0.15821	0.02093	0.01459	0.01633	0.05315	0.11406	0.01471	0.00980	0.01368	0.00783	0.01164	0.00728	0.00779	0.01309	0.00204	0.50853	0.00460	0.00245	0.00636
37	0.00664	0.00485	0.00626	0.00734	0.00785	0.00446	0.00496	0.00768	0.01078	0.01419	0.04968	0.70170	0.12043	0.01657	0.00689	0.00216	0.00310	0.01492	0.00508	0.00446
38	0.01229	0.11377	0.33944	0.05130	0.11879	0.04107	0.10713	0.01652	0.01153	0.01608	0.00986	0.01316	0.00795	0.00575	0.00662	0.00174	0.09483	0.02217	0.00251	0.00747
39	0.01860	0.02750	0.03602	0.00999	0.01362	0.01000	0.00830	0.13879	0.11677	0.38020	0.08013	0.07538	0.04384	0.00802	0.00565	0.00174	0.00461	0.00664	0.00592	0.00828
40	0.00688	0.00485	0.00625	0.00728	0.00754	0.00459	0.00473	0.00765	0.00996	0.01329	0.02762	0.65967	0.03299	0.16643	0.01088	0.00279	0.00356	0.01407	0.00473	0.00422
41	0.07786	0.01158	0.06616	0.19798	0.26737	0.01130	0.02665	0.04443	0.02892	0.01821	0.06743	0.02230	0.02689	0.00709	0.00563	0.00181	0.00604	0.10192	0.00342	0.00700
42	0.01591	0.15893	0.06840	0.02943	0.10726	0.25295	0.03725	0.02079	0.15849	0.04469	0.01179	0.01290	0.00936	0.00586	0.00555	0.00157	0.04377	0.00437	0.00333	0.00740
43	0.05475	0.03958	0.37949	0.03332	0.13102	0.01306	0.01574	0.01774	0.03746	0.09221	0.01088	0.01273	0.00814	0.00599	0.00701	0.00179	0.12389	0.00441	0.00298	0.00780
44	0.00963	0.00799	0.00822	0.02654	0.00918	0.08708	0.00548	0.03443	0.00989	0.01271	0.04561	0.04357	0.01800	0.45704	0.19682	0.00528	0.00781	0.00704	0.00335	0.00433
45	0.07170	0.05959	0.05766	0.04629	0.10242	0.13899	0.34651	0.01852	0.01299	0.07729	0.01083	0.01322	0.00820	0.00505	0.00554	0.00168	0.00801	0.00513	0.00306	0.00734
46	0.00856	0.00617	0.00848	0.00960	0.01086	0.00609	0.00828	0.01096	0.01260	0.01639	0.05992	0.07890	0.07435	0.01488	0.00741	0.00243	0.00475	0.64932	0.00506	0.00499
47	0.01349	0.01295	0.02213	0.03346	0.77440	0.01295	0.01673	0.01673	0.01241	0.01781	0.01025	0.01349	0.00864	0.00486	0.00540	0.00162	0.00648	0.00486	0.00270	0.00864
48	0.00796	0.00573	0.00764	0.00865	0.00962	0.00557	0.00695	0.00979	0.01171	0.01526	0.04798	0.24485	0.09293	0.07833	0.00888	0.00258	0.00433	0.42160	0.00492	0.00470
49	0.00695	0.00499	0.00665	0.00771	0.00817	0.00480	0.00535	0.00805	0.01038	0.01384	0.02879	0.62902	0.05395	0.05969	0.06995	0.00290	0.00430	0.06527	0.00480	0.00445
50	0.04771	0.00931	0.01252	0.00963	0.01382	0.00813	0.00795	0.02627	0.01543	0.75687	0.02111	0.01828	0.01328	0.00670	0.00542	0.00169	0.00463	0.00541	0.00665	0.00918
51	0.78388	0.01045	0.00837	0.00736	0.01080	0.01191	0.00607	0.01683	0.00976	0.08222	0.00866	0.00960	0.00649	0.00519	0.00354	0.00169	0.00425	0.00315	0.00363	0.00616
52	0.01172	0.01151	0.01580	0.01357	0.01383	0.01574	0.01127	0.03194	0.00912	0.01380	0.01113	0.01517	0.06793	0.00980	0.01666	0.00232	0.71477	0.00531	0.00268	0.00594
53	0.01174	0.00968	0.01135	0.00813	0.01295	0.00729	0.00651	0.01416	0.01145	0.04316	0.01008	0.01155	0.00826	0.00413	0.00409	0.00084	0.00406	0.00331	0.00335	0.81393
54	0.13548	0.06942	0.37340	0.01225	0.01809	0.03049	0.01361	0.05737	0.01300	0.19277	0.02707	0.01318	0.00927	0.00569	0.00492	0.00166	0.00641	0.00428	0.00372	0.00792
55	0.04551	0.03133	0.01632	0.01330	0.03232	0.16238	0.06883	0.36299	0.11031	0.02512	0.01441	0.05424	0.02450	0.00686	0.00543	0.00166	0.00653	0.00547	0.00453	0.00798
56	0.05186	0.21135	0.07705	0.01208	0.03509	0.16326	0.02375	0.17125	0.07220	0.02014	0.08285	0.01535	0.01294	0.00634	0.00492	0.00153	0.00637	0.02056	0.00378	0.00733

[dist]
# distance from previous block
# <min> <max>
6	13

[block]
# block no. 8 follows, 44 sequences, length 48
# corresponding to MSA columns:
# 578-610,615-629
name=unknown_I
#
# <colnr> <probs for GDERKNQSTAVLIFYWHMCP>
#	G	D	E	R	K	N	Q	S	T	A	V	L	I	F	Y	W	H	M	C	P
0	0.01293	0.01201	0.02116	0.13500	0.17963	0.02709	0.25570	0.01623	0.01239	0.07528	0.03924	0.03887	0.03601	0.00608	0.00646	0.00174	0.05073	0.00597	0.00327	0.06421
1	0.09074	0.11047	0.32260	0.01557	0.12089	0.01328	0.03653	0.05083	0.04170	0.01810	0.01208	0.07426	0.01053	0.00654	0.00553	0.00173	0.03266	0.02550	0.00304	0.00743
2	0.00720	0.00504	0.00610	0.00670	0.00699	0.00482	0.00421	0.00776	0.00948	0.01249	0.02627	0.40513	0.08555	0.36843	0.01616	0.00355	0.00408	0.01183	0.00428	0.00394
3	0.02058	0.01023	0.07081	0.00966	0.01368	0.00814	0.00845	0.02360	0.04418	0.57410	0.08904	0.02022	0.01661	0.00703	0.00545	0.00167	0.00457	0.00577	0.05768	0.00852
4	0.01407	0.50759	0.05821	0.04043	0.07506	0.04188	0.06957	0.03426	0.01157	0.01437	0.00846	0.01048	0.00740	0.00573	0.01706	0.00153	0.06903	0.00371	0.00250	0.00709
5	0.01824	0.01331	0.01432	0.01125	0.01507	0.01446	0.00919	0.60295	0.02301	0.04390	0.04343	0.03370	0.09663	0.00771	0.00559	0.00166	0.00536	0.00602	0.02577	0.00842
6	0.00730	0.00548	0.00758	0.00942	0.06689	0.00518	0.00588	0.00851	0.01091	0.01469	0.08351	0.64028	0.05080	0.04677	0.00761	0.00224	0.00345	0.01387	0.00488	0.00476
7	0.01888	0.00978	0.01254	0.02464	0.03675	0.00953	0.00857	0.16149	0.04278	0.39338	0.08634	0.05943	0.01875	0.00837	0.00584	0.00179	0.00478	0.08226	0.00594	0.00815
8	0.04547	0.37648	0.08901	0.01162	0.03219	0.16172	0.01050	0.05888	0.01285	0.01581	0.06713	0.01227	0.01056	0.00590	0.00542	0.00146	0.06897	0.00397	0.00293	0.00687
9	0.01184	0.04088	0.17826	0.01629	0.20118	0.01109	0.01210	0.04818	0.13127	0.03591	0.13141	0.05274	0.04099	0.04584	0.00667	0.00190	0.00547	0.01663	0.00399	0.00737
10	0.01390	0.03792	0.01439	0.01131	0.06200	0.01090	0.02355	0.19525	0.01480	0.02149	0.01043	0.01188	0.00834	0.00492	0.00497	0.00115	0.03166	0.00385	0.00367	0.51362
11	0.00710	0.00518	0.00662	0.00743	0.00811	0.00484	0.00512	0.02604	0.01164	0.01552	0.12837	0.61792	0.10435	0.01576	0.00681	0.00210	0.00312	0.01415	0.00519	0.00465
12	0.01060	0.00551	0.00555	0.00539	0.00679	0.00557	0.00408	0.04366	0.01202	0.02091	0.01759	0.02002	0.01378	0.00636	0.00388	0.00129	0.00268	0.00507	0.80398	0.00526
13	0.00667	0.00476	0.00635	0.00757	0.00791	0.00445	0.00506	0.00766	0.01056	0.01411	0.04785	0.78650	0.03643	0.01694	0.00695	0.00220	0.00315	0.01536	0.00508	0.00445
14	0.00752	0.00556	0.00701	0.00665	0.00802	0.00506	0.00499	0.00990	0.01496	0.02074	0.65855	0.04258	0.16511	0.01157	0.00643	0.00173	0.00260	0.01012	0.00585	0.00506
15	0.00664	0.00474	0.00633	0.00759	0.00791	0.00443	0.00506	0.00759	0.01044	0.01392	0.03005	0.80485	0.03606	0.01708	0.00696	0.00221	0.00316	0.01550	0.00506	0.00443
16	0.84691	0.01054	0.00801	0.00717	0.01054	0.01223	0.00590	0.01603	0.00928	0.02446	0.00759	0.00886	0.00590	0.00506	0.00337	0.00169	0.00422	0.00295	0.00337	0.00590
17	0.02040	0.01529	0.01599	0.01236	0.01659	0.03963	0.01017	0.71182	0.02490	0.03331	0.01309	0.01321	0.00935	0.00651	0.00539	0.00162	0.00601	0.00487	0.03045	0.00906
18	0.01093	0.02820	0.78016	0.01554	0.02360	0.01266	0.02014	0.01727	0.01151	0.01727	0.00978	0.01151	0.00691	0.00518	0.00518	0.00173	0.00806	0.00403	0.00230	0.00806
