[name]
unknown

[dist]
# distance from previous block
# <min> <max>
0	71

[block]
# block no. 0 follows, 45 sequences, length 14
# corresponding to MSA columns:
# 87-100
name=unknown_A
#
# <colnr> <probs for GDERKNQSTAVLIFYWHMCP>
#	G	D	E	R	K	N	Q	S	T	A	V	L	I	F	Y	W	H	M	C	P
0	0.00701	0.00501	0.00677	0.00801	0.00853	0.00476	0.00580	0.00828	0.01074	0.01423	0.02933	0.64196	0.03448	0.01638	0.00698	0.00224	0.00352	0.17652	0.00497	0.00449
1	0.08057	0.01176	0.01887	0.10421	0.54107	0.01197	0.01433	0.01744	0.01225	0.11974	0.01131	0.01369	0.00879	0.00511	0.00517	0.00163	0.00604	0.00472	0.00322	0.00812
2	0.06772	0.14971	0.18520	0.14379	0.01929	0.01236	0.02450	0.05209	0.02501	0.05877	0.05520	0.01737	0.01198	0.00622	0.00494	0.00158	0.00591	0.06268	0.00332	0.09236
3	0.08033	0.01366	0.03832	0.07110	0.45073	0.04055	0.09029	0.11584	0.01376	0.01980	0.01023	0.01288	0.00816	0.00506	0.00525	0.00163	0.00661	0.00473	0.00306	0.00800
4	0.01944	0.01514	0.01683	0.01516	0.11834	0.04623	0.01105	0.63189	0.02311	0.03085	0.01234	0.01282	0.00896	0.00619	0.00534	0.00160	0.00612	0.00477	0.00491	0.00893
5	0.01217	0.01162	0.01977	0.30399	0.51554	0.01246	0.01592	0.01550	0.01170	0.01618	0.00990	0.01365	0.00803	0.00499	0.00533	0.00166	0.00665	0.00478	0.00256	0.00760
6	0.00781	0.00520	0.00585	0.00585	0.00585	0.00520	0.00325	0.00781	0.00781	0.01041	0.01691	0.03513	0.01952	0.81135	0.02732	0.00520	0.00520	0.00781	0.00325	0.00325
7	0.00932	0.00466	0.00699	0.00699	0.00699	0.00466	0.00466	0.00699	0.00699	0.00932	0.00932	0.01632	0.00932	0.01865	0.02098	0.84382	0.00466	0.00466	0.00233	0.00233
8	0.01832	0.01567	0.01483	0.01217	0.01587	0.13607	0.00974	0.43488	0.23709	0.02734	0.01475	0.01444	0.01087	0.00654	0.00531	0.00164	0.00602	0.00497	0.00499	0.00849
9	0.01142	0.17178	0.64527	0.01418	0.02150	0.01407	0.01788	0.01683	0.01126	0.01620	0.00924	0.01083	0.00682	0.00501	0.00480	0.00160	0.00753	0.00377	0.00227	0.00774
10	0.01878	0.06332	0.01623	0.01338	0.07599	0.07448	0.01014	0.40998	0.13304	0.10873	0.01422	0.01407	0.01031	0.00628	0.00522	0.00160	0.00583	0.00485	0.00492	0.00863
11	0.00739	0.00538	0.00695	0.00678	0.00795	0.00494	0.00500	0.00964	0.01437	0.02009	0.63553	0.14330	0.08879	0.01190	0.00640	0.00176	0.00262	0.01054	0.00573	0.00494
12	0.00728	0.00564	0.00665	0.00716	0.00854	0.00516	0.00568	0.00890	0.01182	0.01468	0.04086	0.09714	0.41105	0.07681	0.00840	0.00233	0.00372	0.26879	0.00483	0.00457
13	0.07738	0.00976	0.01431	0.40930	0.02457	0.01225	0.01184	0.05531	0.01037	0.01492	0.00898	0.01348	0.00743	0.00808	0.01004	0.11438	0.18477	0.00460	0.00261	0.00563

[dist]
# distance from previous block
# <min> <max>
1	2

[block]
# block no. 1 follows, 45 sequences, length 7
# corresponding to MSA columns:
# 103-109
name=unknown_B
#
# <colnr> <probs for GDERKNQSTAVLIFYWHMCP>
#	G	D	E	R	K	N	Q	S	T	A	V	L	I	F	Y	W	H	M	C	P
0	0.13135	0.45610	0.09522	0.00943	0.01371	0.01664	0.00930	0.07555	0.01241	0.01753	0.10653	0.01327	0.01252	0.00566	0.00411	0.00138	0.00533	0.00402	0.00315	0.00679
1	0.00916	0.00793	0.00779	0.00772	0.00845	0.10609	0.00526	0.00999	0.00940	0.01178	0.01812	0.09240	0.05669	0.39833	0.22277	0.00519	0.00790	0.00750	0.00332	0.00420
2	0.01365	0.55116	0.20917	0.01110	0.01621	0.05616	0.01192	0.01642	0.01110	0.01372	0.00801	0.00946	0.00688	0.00497	0.00454	0.00135	0.04158	0.00324	0.00231	0.00706
3	0.01402	0.74108	0.09870	0.00976	0.01466	0.02042	0.01018	0.01616	0.01095	0.01304	0.00767	0.00887	0.00688	0.00464	0.00360	0.00120	0.00595	0.00297	0.00229	0.00699
4	0.00704	0.00473	0.00628	0.00723	0.00746	0.00449	0.00475	0.00745	0.00958	0.01277	0.02555	0.61865	0.03033	0.10724	0.01099	0.11043	0.00355	0.01306	0.00445	0.00397
5	0.01157	0.02278	0.53331	0.01816	0.15267	0.01266	0.04900	0.01822	0.09703	0.01772	0.01114	0.01278	0.00823	0.00527	0.00523	0.00170	0.00730	0.00444	0.00271	0.00807
6	0.09243	0.00955	0.01091	0.07288	0.01357	0.01035	0.00759	0.18859	0.12437	0.07713	0.15275	0.07507	0.02057	0.11085	0.00827	0.00218	0.00462	0.00682	0.00484	0.00667

[dist]
# distance from previous block
# <min> <max>
0	5

[block]
# block no. 2 follows, 45 sequences, length 73
# corresponding to MSA columns:
# 115-187
name=unknown_C
#
# <colnr> <probs for GDERKNQSTAVLIFYWHMCP>
#	G	D	E	R	K	N	Q	S	T	A	V	L	I	F	Y	W	H	M	C	P
0	0.01335	0.01059	0.01259	0.03309	0.01368	0.02599	0.00836	0.14830	0.04616	0.07523	0.04116	0.05616	0.06883	0.02268	0.00811	0.00167	0.16938	0.00564	0.00404	0.23501
1	0.41139	0.01346	0.07442	0.01025	0.02868	0.01356	0.00883	0.29829	0.01570	0.04334	0.01122	0.01188	0.02654	0.00579	0.00440	0.00165	0.00514	0.00402	0.00411	0.00734
2	0.01438	0.01490	0.04536	0.10850	0.51777	0.13525	0.01509	0.03343	0.01288	0.03715	0.01010	0.01288	0.00819	0.00506	0.00524	0.00159	0.00697	0.00456	0.00280	0.00789
3	0.01221	0.01040	0.06931	0.01328	0.12231	0.00945	0.00989	0.12841	0.06097	0.06754	0.09053	0.06539	0.05321	0.04226	0.00702	0.00206	0.00507	0.21933	0.00464	0.00670
4	0.33102	0.04740	0.03479	0.00957	0.01351	0.04605	0.00813	0.18105	0.01486	0.24615	0.01275	0.01253	0.00884	0.00580	0.00450	0.00162	0.00508	0.00411	0.00464	0.00763
5	0.01132	0.00705	0.00951	0.00980	0.06690	0.00664	0.00688	0.04568	0.01387	0.14837	0.29538	0.17068	0.05356	0.03270	0.01947	0.00202	0.00391	0.06998	0.00533	0.02094
6	0.01028	0.00642	0.00832	0.00827	0.00945	0.00642	0.00608	0.02697	0.03156	0.13167	0.05198	0.40860	0.07013	0.08440	0.02372	0.00245	0.05595	0.04702	0.00492	0.00537
7	0.02005	0.02558	0.01521	0.01383	0.01659	0.78980	0.01037	0.02143	0.01521	0.01314	0.00830	0.00968	0.00691	0.00553	0.00484	0.00138	0.00968	0.00346	0.00277	0.00622
8	0.00770	0.00563	0.00804	0.00804	0.00879	0.00639	0.00597	0.00921	0.00845	0.01202	0.01492	0.02407	0.01472	0.20422	0.62789	0.00790	0.01243	0.00619	0.00296	0.00447
9	0.01359	0.01165	0.01227	0.01097	0.01405	0.01346	0.00855	0.05361	0.74268	0.02285	0.02154	0.01978	0.01614	0.00725	0.00546	0.00181	0.00431	0.00603	0.00546	0.00852
10	0.05386	0.01288	0.03378	0.15675	0.42672	0.07281	0.05897	0.01591	0.01215	0.01685	0.03131	0.01667	0.01049	0.00574	0.00540	0.00169	0.00666	0.05111	0.00288	0.00736
11	0.02355	0.00999	0.01299	0.00996	0.01413	0.00916	0.00822	0.13237	0.01679	0.67335	0.01998	0.01749	0.01269	0.00661	0.00539	0.00165	0.00476	0.00532	0.00646	0.00913
12	0.78452	0.01109	0.04176	0.00750	0.01105	0.01192	0.00649	0.01619	0.00944	0.04976	0.00804	0.00916	0.00611	0.00504	0.00347	0.00166	0.00433	0.00304	0.00339	0.00602
13	0.01804	0.02117	0.01433	0.05143	0.01655	0.56316	0.00987	0.07383	0.08731	0.01534	0.01063	0.01302	0.00893	0.06572	0.00664	0.00175	0.00843	0.00419	0.00323	0.00642
14	0.00651	0.00539	0.00571	0.00575	0.00739	0.00458	0.00427	0.00799	0.01246	0.01531	0.14179	0.10650	0.63081	0.01351	0.00638	0.00182	0.00273	0.01142	0.00510	0.00458
15	0.08531	0.00952	0.01230	0.00950	0.01360	0.00863	0.00785	0.06141	0.01539	0.68850	0.01975	0.01730	0.01253	0.00651	0.00524	0.00166	0.00460	0.00518	0.00633	0.00889
16	0.01814	0.02101	0.01550	0.01505	0.08647	0.53135	0.01071	0.10587	0.01527	0.01590	0.00939	0.01134	0.00781	0.00834	0.06401	0.00202	0.04816	0.00397	0.00305	0.00665
17	0.00787	0.00604	0.00901	0.00889	0.00980	0.00718	0.00695	0.00975	0.00861	0.01248	0.01402	0.02063	0.01311	0.03876	0.75251	0.00832	0.05266	0.00570	0.00285	0.00485
18	0.00686	0.00490	0.00660	0.00784	0.00829	0.00464	0.00554	0.00803	0.01059	0.01406	0.02941	0.69396	0.03480	0.01651	0.00694	0.00222	0.00339	0.12597	0.00498	0.00445
19	0.01536	0.01745	0.08159	0.04198	0.37457	0.22203	0.03917	0.08882	0.01418	0.01772	0.01035	0.01346	0.00856	0.00545	0.00527	0.00158	0.00742	0.02436	0.00297	0.00770
20	0.00665	0.00480	0.00629	0.00744	0.00789	0.00447	0.00508	0.00767	0.01046	0.01382	0.03088	0.71132	0.08142	0.02925	0.00718	0.00222	0.00321	0.05062	0.00495	0.00438
21	0.01254	0.01077	0.07160	0.01241	0.01553	0.00958	0.14800	0.10545	0.07030	0.10348	0.02086	0.21509	0.02031	0.01018	0.00629	0.00198	0.00551	0.14883	0.00462	0.00669
22	0.01067	0.02586	0.70660	0.01486	0.02232	0.01199	0.03666	0.01657	0.01155	0.01724	0.04724	0.01282	0.00902	0.00534	0.00516	0.00168	0.00759	0.00428	0.00248	0.03007
23	0.00727	0.00547	0.00672	0.00641	0.00782	0.00492	0.00481	0.00949	0.01442	0.01968	0.58587	0.04313	0.24097	0.01166	0.00633	0.00172	0.00258	0.01013	0.00567	0.00492
24	0.01377	0.68611	0.15147	0.01018	0.01532	0.01981	0.01092	0.01622	0.01098	0.01334	0.00782	0.00906	0.00687	0.00468	0.00371	0.00124	0.00610	0.00305	0.00229	0.00706
25	0.02060	0.01363	0.01525	0.01176	0.01581	0.01477	0.00969	0.58181	0.02248	0.17539	0.01434	0.01426	0.01003	0.02056	0.00617	0.00171	0.03236	0.00499	0.00547	0.00892
26	0.00720	0.00552	0.00672	0.00730	0.00859	0.00504	0.00572	0.00892	0.01218	0.01549	0.11111	0.19994	0.33840	0.01434	0.00676	0.00207	0.00345	0.23152	0.00506	0.00467
27	0.00857	0.00708	0.01035	0.00983	0.01058	0.00886	0.00782	0.01032	0.00854	0.01256	0.01276	0.01902	0.01201	0.03344	0.61937	0.00724	0.18833	0.00552	0.00276	0.00503
28	0.00656	0.00474	0.00616	0.00728	0.00770	0.00439	0.00487	0.00750	0.01036	0.01368	0.03112	0.73233	0.09019	0.03636	0.00732	0.00223	0.00314	0.01478	0.00494	0.00435
29	0.01265	0.01009	0.01170	0.00847	0.01317	0.00816	0.00682	0.09085	0.01277	0.05238	0.01039	0.01162	0.00830	0.00435	0.00418	0.00092	0.00420	0.00345	0.00356	0.72198
30	0.00736	0.00544	0.00687	0.00659	0.00789	0.00495	0.00491	0.00964	0.01451	0.02010	0.63120	0.07951	0.15780	0.01165	0.00636	0.00173	0.00259	0.01022	0.00573	0.00495
31	0.01113	0.00954	0.01113	0.00795	0.01272	0.00716	0.00636	0.01352	0.01113	0.01749	0.00954	0.01113	0.00795	0.00398	0.00398	0.00080	0.00398	0.00318	0.00318	0.84417
32	0.00744	0.00550	0.00696	0.00664	0.00798	0.00501	0.00501	0.00980	0.01469	0.02037	0.65176	0.04228	0.15590	0.01145	0.00636	0.00173	0.00262	0.02778	0.00575	0.00498
33	0.01972	0.02489	0.01506	0.01369	0.01647	0.75162	0.01028	0.02178	0.05223	0.01360	0.00896	0.01019	0.00738	0.00562	0.00487	0.00140	0.00941	0.00359	0.00290	0.00633
34	0.00771	0.00516	0.00588	0.00598	0.00600	0.00514	0.00338	0.00778	0.00799	0.01065	0.01786	0.09263	0.02071	0.75222	0.02580	0.00498	0.00505	0.00836	0.00338	0.00333
35	0.00645	0.00543	0.00554	0.00552	0.00724	0.00458	0.00410	0.00783	0.01223	0.01471	0.08856	0.05054	0.71464	0.04026	0.00705	0.00192	0.00279	0.01113	0.00497	0.00451
36	0.00781	0.00520	0.00585	0.00585	0.00585	0.00520	0.00325	0.00781	0.00781	0.01041	0.01691	0.03513	0.01952	0.81135	0.02732	0.00520	0.00520	0.00781	0.00325	0.00325
37	0.00661	0.00548	0.00580	0.00580	0.00752	0.00467	0.00441	0.00817	0.01262	0.01548	0.14671	0.05055	0.64916	0.01331	0.00639	0.00183	0.00279	0.04299	0.00510	0.00462
38	0.84927	0.01038	0.00789	0.00706	0.01038	0.01204	0.00581	0.01578	0.00914	0.02408	0.00747	0.00872	0.00581	0.00498	0.00332	0.00166	0.00415	0.00291	0.00332	0.00581
39	0.00781	0.00520	0.00585	0.00585	0.00585	0.00520	0.00325	0.00781	0.00781	0.01041	0.01691	0.03513	0.01952	0.81135	0.02732	0.00520	0.00520	0.00781	0.00325	0.00325
40	0.05369	0.26102	0.46336	0.01296	0.01929	0.07291	0.01527	0.01699	0.01139	0.01576	0.00878	0.01027	0.00679	0.00498	0.00450	0.00151	0.00722	0.00355	0.00236	0.00739
41	0.84927	0.01038	0.00789	0.00706	0.01038	0.01204	0.00581	0.01578	0.00914	0.02408	0.00747	0.00872	0.00581	0.00498	0.00332	0.00166	0.00415	0.00291	0.00332	0.00581
42	0.01370	0.07357	0.05864	0.05380	0.55084	0.04032	0.01524	0.05946	0.01269	0.01758	0.00981	0.01265	0.00816	0.00515	0.00576	0.00160	0.04562	0.00455	0.00275	0.00810
43	0.84927	0.01038	0.00789	0.00706	0.01038	0.01204	0.00581	0.01578	0.00914	0.02408	0.00747	0.00872	0.00581	0.00498	0.00332	0.00166	0.00415	0.00291	0.00332	0.00581
44	0.13351	0.02304	0.01425	0.01284	0.01575	0.64955	0.00974	0.05299	0.01482	0.01554	0.00839	0.00969	0.00686	0.00550	0.00466	0.00143	0.00876	0.00344	0.00296	0.00629
45	0.01223	0.01341	0.03671	0.01888	0.03991	0.01484	0.38896	0.01523	0.01062	0.01526	0.00909	0.01316	0.00763	0.00675	0.01142	0.00205	0.36915	0.00551	0.00254	0.00666
46	0.08987	0.15931	0.49841	0.01277	0.01920	0.01335	0.01532	0.01718	0.01149	0.07396	0.03562	0.01211	0.00868	0.00531	0.00471	0.00160	0.00677	0.00398	0.00282	0.00755
47	0.00768	0.00525	0.00595	0.00591	0.00617	0.00514	0.00349	0.00803	0.00886	0.01181	0.09420	0.03685	0.07885	0.67334	0.02370	0.00461	0.00476	0.00826	0.00364	0.00353
48	0.01281	0.01304	0.05325	0.02850	0.61911	0.02549	0.02740	0.01665	0.05234	0.01750	0.01339	0.01678	0.04713	0.00566	0.00543	0.00165	0.00621	0.02659	0.00297	0.00812
49	0.00663	0.00474	0.00633	0.00758	0.00793	0.00444	0.00514	0.00763	0.01037	0.01381	0.02954	0.77537	0.03530	0.01673	0.00688	0.00219	0.00319	0.04683	0.00498	0.00439
50	0.30963	0.01120	0.02695	0.08826	0.01576	0.03151	0.06893	0.04673	0.01047	0.03192	0.01082	0.09931	0.01005	0.00752	0.00796	0.00191	0.20646	0.00534	0.00323	0.00605
51	0.01200	0.01185	0.08874	0.01001	0.01505	0.00857	0.06386	0.02917	0.03713	0.04979	0.01061	0.01203	0.00838	0.00440	0.00440	0.00105	0.00481	0.00371	0.00332	0.62113
52	0.01256	0.14218	0.55642	0.01366	0.02035	0.04695	0.01649	0.01744	0.01171	0.07298	0.01074	0.03635	0.00820	0.00553	0.00492	0.00162	0.00728	0.00424	0.00270	0.00768
53	0.01077	0.02777	0.78354	0.01530	0.02323	0.01247	0.01983	0.01700	0.01133	0.01700	0.00963	0.01133	0.00680	0.00510	0.00510	0.00170	0.00793	0.00397	0.00227	0.00793
54	0.00680	0.00491	0.00649	0.00765	0.00818	0.00460	0.00539	0.00795	0.01066	0.01405	0.03098	0.66560	0.08098	0.01636	0.00689	0.00219	0.00332	0.10755	0.00498	0.00444
55	0.01111	0.04065	0.74848	0.01511	0.02288	0.01274	0.01937	0.03861	0.01173	0.01742	0.00969	0.01133	0.00687	0.00513	0.00508	0.00169	0.00784	0.00397	0.00236	0.00795
56	0.01031	0.00980	0.01667	0.74249	0.05005	0.01210	0.03650	0.01385	0.01076	0.01387	0.00953	0.01423	0.00721	0.00543	0.00569	0.00180	0.02646	0.00481	0.00240	0.00605
57	0.00932	0.00466	0.00699	0.00699	0.00699	0.00466	0.00466	0.00699	0.00699	0.00932	0.00932	0.01632	0.00932	0.01865	0.02098	0.84382	0.00466	0.00466	0.00233	0.00233
58	0.00781	0.00520	0.00585	0.00585	0.00585	0.00520	0.00325	0.00781	0.00781	0.01041	0.01691	0.03513	0.01952	0.81135	0.02732	0.00520	0.00520	0.00781	0.00325	0.00325
59	0.01477	0.01264	0.01276	0.01120	0.01431	0.06275	0.00884	0.18101	0.49521	0.02362	0.02013	0.03585	0.02786	0.00769	0.00555	0.00179	0.00494	0.04571	0.00523	0.00815
60	0.01445	0.01497	0.02065	0.02965	0.64641	0.14694	0.01542	0.01733	0.01274	0.01678	0.00979	0.01266	0.00823	0.00491	0.00523	0.00156	0.00695	0.00455	0.00268	0.00811
61	0.00646	0.00535	0.00564	0.00584	0.00740	0.00456	0.00431	0.00776	0.01189	0.01436	0.04961	0.15673	0.64041	0.02805	0.00681	0.00194	0.00287	0.03056	0.00495	0.00450
62	0.01435	0.81458	0.02813	0.00918	0.01378	0.02124	0.00918	0.01607	0.01091	0.01263	0.00746	0.00861	0.00689	0.00459	0.00344	0.00115	0.00574	0.00287	0.00230	0.00689
63	0.01174	0.01174	0.01644	0.01409	0.01409	0.01644	0.01174	0.01292	0.00822	0.01292	0.00705	0.01174	0.00705	0.00940	0.01762	0.00235	0.80153	0.00470	0.00235	0.00587
64	0.00726	0.00584	0.00657	0.00668	0.00830	0.00534	0.00514	0.00973	0.05753	0.01620	0.15891	0.10539	0.46854	0.01321	0.00646	0.00190	0.00309	0.10385	0.00515	0.00489
65	0.00770	0.00521	0.00611	0.00636	0.00650	0.00517	0.00388	0.00801	0.00847	0.01126	0.01941	0.13718	0.02243	0.64909	0.02319	0.00461	0.00491	0.06339	0.00360	0.00352
66	0.02757	0.02667	0.73726	0.01491	0.02260	0.01227	0.01908	0.01735	0.01145	0.04811	0.01006	0.01156	0.00704	0.00516	0.00508	0.00170	0.00772	0.00400	0.00246	0.00794
67	0.01157	0.01155	0.01668	0.01417	0.01445	0.01582	0.04324	0.01293	0.00843	0.01308	0.00759	0.01234	0.00742	0.01079	0.05712	0.00265	0.72708	0.00482	0.00239	0.00587
68	0.01357	0.01148	0.01214	0.01090	0.01395	0.01324	0.00848	0.02848	0.75279	0.03797	0.02183	0.01999	0.01632	0.00727	0.00546	0.00182	0.00425	0.00606	0.00549	0.00851
69	0.01011	0.00937	0.01579	0.77130	0.03594	0.01168	0.01456	0.01348	0.01061	0.01356	0.00953	0.01438	0.00723	0.00582	0.00590	0.03067	0.00707	0.00477	0.00238	0.00584
70	0.00690	0.00544	0.00622	0.00607	0.00760	0.00476	0.00453	0.00876	0.01348	0.01757	0.37018	0.06600	0.43832	0.01253	0.00635	0.00177	0.00265	0.01072	0.00539	0.00476
71	0.01107	0.00954	0.01144	0.05715	0.01423	0.00745	0.00689	0.01353	0.01111	0.01726	0.00954	0.01133	0.00790	0.00406	0.00406	0.00086	0.00417	0.00328	0.00313	0.79200
72	0.01206	0.01248	0.02306	0.03543	0.08625	0.01205	0.38707	0.01544	0.01162	0.01664	0.01031	0.02758	0.00847	0.00524	0.00702	0.00161	0.10366	0.00534	0.00282	0.21585

[dist]
# distance from previous block
# <min> <max>
0	1

[block]
# block no. 3 follows, 45 sequences, length 16
# corresponding to MSA columns:
# 189-204
name=unknown_D
#
# <colnr> <probs for GDERKNQSTAVLIFYWHMCP>
#	G	D	E	R	K	N	Q	S	T	A	V	L	I	F	Y	W	H	M	C	P
0	0.58770	0.01190	0.07535	0.04232	0.11908	0.01182	0.00879	0.01562	0.01011	0.02204	0.04637	0.01136	0.00856	0.00528	0.00398	0.00166	0.00482	0.00367	0.00323	0.00633
1	0.01130	0.10727	0.64092	0.01531	0.02268	0.01346	0.08277	0.01692	0.01141	0.01657	0.00952	0.01133	0.00693	0.00500	0.00504	0.00165	0.00781	0.00406	0.00231	0.00777
2	0.00992	0.04927	0.02199	0.00765	0.00955	0.00695	0.00604	0.04028	0.04450	0.08313	0.50341	0.10783	0.06750	0.01052	0.00606	0.00171	0.00322	0.00916	0.00556	0.00574
3	0.00698	0.00531	0.00717	0.07589	0.01042	0.00512	0.00581	0.00822	0.01051	0.01389	0.02931	0.65137	0.09418	0.01516	0.00659	0.00207	0.00346	0.01365	0.00470	0.03020
4	0.01625	0.01501	0.01306	0.01158	0.01468	0.21240	0.00897	0.04606	0.48564	0.09016	0.01807	0.01702	0.01347	0.00675	0.00529	0.00169	0.00572	0.00530	0.00488	0.00799
5	0.01208	0.00908	0.01084	0.00808	0.01240	0.00699	0.00640	0.01431	0.01150	0.09671	0.01249	0.08094	0.01089	0.00537	0.00437	0.00101	0.00396	0.00446	0.00370	0.68442
6	0.00773	0.00520	0.00598	0.00601	0.00613	0.00515	0.00349	0.00798	0.00855	0.01150	0.08102	0.07415	0.02292	0.70464	0.02454	0.00476	0.00488	0.00834	0.00356	0.00346
7	0.00916	0.00857	0.07433	0.00961	0.01138	0.00832	0.00818	0.07532	0.01026	0.01465	0.01369	0.01964	0.01246	0.05384	0.61205	0.00715	0.03740	0.00554	0.00303	0.00542
8	0.01263	0.01208	0.02060	0.19282	0.62314	0.01258	0.01615	0.01590	0.01191	0.01674	0.00998	0.01350	0.00822	0.00490	0.00533	0.00163	0.00654	0.00478	0.00260	0.00797
9	0.01033	0.00934	0.00906	0.00859	0.01062	0.08581	0.00653	0.03127	0.22664	0.01834	0.17366	0.10757	0.23103	0.01071	0.00601	0.00180	0.00400	0.03758	0.00508	0.00602
10	0.06909	0.01492	0.01403	0.05235	0.08780	0.18981	0.00974	0.27143	0.06630	0.02234	0.03471	0.01827	0.11217	0.00705	0.00527	0.00161	0.00615	0.00545	0.00421	0.00729
11	0.08771	0.00611	0.00668	0.00641	0.00819	0.00566	0.00487	0.01024	0.01265	0.05756	0.24209	0.06109	0.37850	0.05168	0.00711	0.00196	0.00312	0.03829	0.00508	0.00499
12	0.03004	0.55099	0.15431	0.01230	0.08037	0.01840	0.01150	0.01697	0.05456	0.01458	0.00888	0.01013	0.00754	0.00486	0.00400	0.00133	0.00605	0.00340	0.00252	0.00727
13	0.10838	0.01137	0.01829	0.20220	0.45908	0.01206	0.03195	0.01542	0.01171	0.01764	0.05363	0.01456	0.01030	0.00529	0.00518	0.00166	0.00614	0.00488	0.00286	0.00739
14	0.05359	0.12444	0.19947	0.01310	0.07927	0.05642	0.03458	0.04500	0.05245	0.05886	0.08786	0.09425	0.01645	0.00757	0.00531	0.00169	0.00582	0.05322	0.00371	0.00694
15	0.01193	0.01308	0.08743	0.07082	0.10663	0.01179	0.29702	0.05138	0.01269	0.03033	0.08126	0.07132	0.01382	0.00656	0.00672	0.00176	0.06474	0.00640	0.00329	0.05104

[dist]
# distance from previous block
# <min> <max>
0	3

[block]
# block no. 4 follows, 45 sequences, length 43
# corresponding to MSA columns:
# 208-250
name=unknown_E
#
# <colnr> <probs for GDERKNQSTAVLIFYWHMCP>
#	G	D	E	R	K	N	Q	S	T	A	V	L	I	F	Y	W	H	M	C	P
0	0.01094	0.01048	0.01465	0.01270	0.01316	0.01406	0.01048	0.01232	0.00847	0.01310	0.00858	0.01347	0.00830	0.01491	0.16281	0.00344	0.60615	0.00481	0.00250	0.05465
1	0.01224	0.11516	0.03380	0.01382	0.01511	0.02937	0.05860	0.01383	0.00912	0.01339	0.00749	0.01145	0.00712	0.00815	0.01418	0.00208	0.59464	0.00448	0.00240	0.03355
2	0.00664	0.00473	0.00624	0.00737	0.00769	0.00443	0.00490	0.00758	0.01031	0.01379	0.05331	0.74252	0.03517	0.05798	0.00790	0.00232	0.00320	0.01469	0.00492	0.00433
3	0.01113	0.00954	0.01113	0.00795	0.01272	0.00716	0.00636	0.01352	0.01113	0.01749	0.00954	0.01113	0.00795	0.00398	0.00398	0.00080	0.00398	0.00318	0.00318	0.84417
4	0.00700	0.00535	0.00648	0.00713	0.00808	0.00500	0.00502	0.00901	0.05364	0.01512	0.09968	0.48752	0.22716	0.01491	0.00661	0.00203	0.00306	0.02741	0.00509	0.00471
5	0.00791	0.00584	0.00682	0.00650	0.00814	0.00526	0.00489	0.02586	0.02512	0.04326	0.37618	0.08395	0.35635	0.01211	0.00630	0.00177	0.00281	0.01039	0.00547	0.00507
6	0.02041	0.01504	0.01611	0.01235	0.01665	0.01665	0.01020	0.75997	0.02524	0.03383	0.01289	0.01289	0.00913	0.00644	0.00537	0.00161	0.00591	0.00483	0.00537	0.00913
7	0.01175	0.01187	0.01549	0.07711	0.01564	0.06815	0.01137	0.01321	0.00895	0.01295	0.00812	0.01281	0.00773	0.01212	0.09877	0.00291	0.59810	0.00473	0.00244	0.00579
8	0.00838	0.00621	0.00713	0.00682	0.00859	0.00577	0.00517	0.01152	0.08763	0.05523	0.28718	0.08291	0.36786	0.01196	0.00626	0.00180	0.00297	0.02588	0.00542	0.00532
9	0.01876	0.02315	0.01543	0.01383	0.01620	0.64898	0.01058	0.03864	0.01437	0.01362	0.00822	0.01008	0.00699	0.00616	0.00686	0.00154	0.13389	0.00369	0.00277	0.00624
10	0.00827	0.00664	0.00978	0.00943	0.01025	0.00815	0.00745	0.01008	0.00857	0.01253	0.01330	0.01971	0.01248	0.03570	0.67600	0.00770	0.13063	0.00560	0.00280	0.00495
11	0.02005	0.02558	0.01521	0.01383	0.01659	0.78980	0.01037	0.02143	0.01521	0.01314	0.00830	0.00968	0.00691	0.00553	0.00484	0.00138	0.00968	0.00346	0.00277	0.00622
12	0.00778	0.00530	0.00632	0.00631	0.00649	0.00544	0.00384	0.00814	0.00812	0.01101	0.03534	0.03305	0.01933	0.67043	0.14654	0.00565	0.00658	0.00753	0.00326	0.00354
13	0.02014	0.01490	0.01596	0.01230	0.01655	0.01652	0.01014	0.73245	0.05319	0.03340	0.01322	0.01316	0.00940	0.00648	0.00537	0.00162	0.00584	0.00488	0.00537	0.00910
14	0.00765	0.00552	0.00725	0.00691	0.00817	0.00512	0.00524	0.01018	0.01505	0.02126	0.73807	0.04111	0.04967	0.01116	0.00638	0.00173	0.00265	0.04595	0.00586	0.00506
15	0.01174	0.01174	0.01644	0.01409	0.01409	0.01644	0.01174	0.01292	0.00822	0.01292	0.00705	0.01174	0.00705	0.00940	0.01762	0.00235	0.80153	0.00470	0.00235	0.00587
16	0.09413	0.00953	0.01201	0.00944	0.01335	0.00889	0.00775	0.06108	0.05930	0.60421	0.04972	0.01815	0.01411	0.00670	0.00526	0.00167	0.00450	0.00537	0.00619	0.00865
17	0.00640	0.00544	0.00552	0.00550	0.00729	0.00456	0.00413	0.00782	0.01238	0.01484	0.08930	0.05110	0.74055	0.01347	0.00634	0.00181	0.00271	0.01125	0.00503	0.00456
18	0.01199	0.06235	0.15087	0.04377	0.04111	0.01395	0.38487	0.01581	0.01136	0.01587	0.01040	0.04292	0.00865	0.00602	0.00801	0.00186	0.15491	0.00569	0.00262	0.00696
19	0.00873	0.00632	0.00867	0.00981	0.01107	0.00638	0.00846	0.01164	0.04243	0.01620	0.02822	0.09558	0.03054	0.01462	0.00731	0.00243	0.00483	0.67673	0.00497	0.00506
20	0.68859	0.05126	0.00999	0.02227	0.01181	0.07630	0.00671	0.04920	0.01046	0.02287	0.00782	0.00908	0.00613	0.00508	0.00358	0.00161	0.00481	0.00307	0.00330	0.00605
21	0.01223	0.02498	0.66247	0.01448	0.02175	0.01207	0.01799	0.01858	0.05596	0.09267	0.01148	0.01252	0.00800	0.00538	0.00515	0.00170	0.00739	0.00423	0.00288	0.00808
22	0.05458	0.13192	0.06678	0.04596	0.53612	0.01397	0.04294	0.01637	0.01180	0.01700	0.00957	0.01233	0.00798	0.00479	0.00497	0.00155	0.00638	0.00442	0.00261	0.00799
23	0.00756	0.00549	0.00712	0.00672	0.00800	0.00505	0.00504	0.01006	0.01511	0.02132	0.75412	0.04043	0.07169	0.01105	0.00633	0.00169	0.00254	0.00975	0.00588	0.00505
24	0.01296	0.01127	0.01170	0.01078	0.01352	0.04173	0.00843	0.04228	0.61081	0.02129	0.02216	0.06603	0.01825	0.00842	0.00569	0.00188	0.00450	0.07514	0.00528	0.00787
25	0.01958	0.01441	0.01716	0.01402	0.06164	0.01558	0.05999	0.60476	0.03769	0.08052	0.01331	0.01351	0.00944	0.00625	0.00543	0.00163	0.00602	0.00499	0.00512	0.00895
26	0.00715	0.00540	0.00660	0.00644	0.00778	0.00485	0.00478	0.00921	0.01393	0.01886	0.50607	0.10940	0.25547	0.01222	0.00638	0.00177	0.00264	0.01065	0.00557	0.00485
27	0.00760	0.00521	0.00582	0.00586	0.00608	0.00510	0.00340	0.00778	0.00839	0.01098	0.02162	0.06197	0.10674	0.69422	0.02426	0.00472	0.00485	0.00845	0.00351	0.00343
28	0.01121	0.06638	0.69513	0.01532	0.02287	0.02737	0.05491	0.01704	0.01145	0.01672	0.00956	0.01132	0.00687	0.00505	0.00507	0.00167	0.00791	0.00402	0.00230	0.00782
29	0.01117	0.04111	0.01660	0.28195	0.05656	0.04587	0.05136	0.01352	0.01001	0.01361	0.00990	0.04530	0.00894	0.01044	0.08422	0.00260	0.28307	0.00521	0.00257	0.00598
30	0.02408	0.00914	0.01246	0.00955	0.01370	0.00789	0.00789	0.02616	0.01536	0.78158	0.02118	0.01827	0.01329	0.00664	0.00540	0.00166	0.00457	0.00540	0.00664	0.00914
31	0.00663	0.00561	0.00605	0.03725	0.00852	0.00489	0.00462	0.00821	0.01250	0.01524	0.13171	0.04890	0.66540	0.01298	0.00630	0.00180	0.00288	0.01089	0.00498	0.00465
32	0.01675	0.07907	0.03322	0.03741	0.35076	0.24563	0.01292	0.03639	0.01365	0.10843	0.01074	0.01242	0.00843	0.00527	0.00503	0.00151	0.00713	0.00430	0.00319	0.00772
33	0.00982	0.00599	0.00775	0.00705	0.00876	0.00540	0.00538	0.01214	0.01483	0.12982	0.58231	0.05567	0.11272	0.01073	0.00621	0.00171	0.00286	0.00937	0.00591	0.00558
34	0.00681	0.00478	0.00615	0.00713	0.00737	0.00454	0.00461	0.00754	0.00975	0.01300	0.02689	0.64336	0.03210	0.18594	0.01121	0.00282	0.00356	0.01367	0.00461	0.00412
35	0.21145	0.01275	0.01347	0.01056	0.01460	0.01379	0.00872	0.43807	0.01951	0.18552	0.01335	0.01304	0.00922	0.00615	0.00491	0.00163	0.00523	0.00451	0.00516	0.00837
36	0.01020	0.00953	0.01585	0.74646	0.03528	0.01195	0.01451	0.01365	0.01064	0.01383	0.00962	0.01434	0.00731	0.00556	0.00585	0.00180	0.04069	0.00477	0.02223	0.00594
37	0.01201	0.01144	0.01937	0.29688	0.50046	0.01224	0.01559	0.01528	0.01171	0.01613	0.01112	0.01470	0.02917	0.00523	0.00536	0.00167	0.00655	0.00496	0.00263	0.00752
38	0.01301	0.52076	0.31022	0.01147	0.01731	0.01796	0.01316	0.01642	0.01107	0.01426	0.00827	0.00963	0.00686	0.00478	0.00406	0.00135	0.00656	0.00328	0.00229	0.00728
39	0.01430	0.65611	0.04303	0.00973	0.01391	0.08779	0.00936	0.01613	0.01148	0.01332	0.05345	0.01074	0.00951	0.00520	0.00417	0.00125	0.02787	0.00341	0.00255	0.00672
40	0.00840	0.00645	0.00795	0.00753	0.00927	0.00603	0.00574	0.02735	0.05733	0.01855	0.33924	0.15574	0.11884	0.01276	0.04458	0.00208	0.00374	0.06103	0.00509	0.10230
41	0.01777	0.01288	0.01390	0.01120	0.01480	0.02866	0.00905	0.48211	0.12188	0.08656	0.04256	0.06223	0.03845	0.00828	0.02268	0.00183	0.00546	0.00601	0.00536	0.00833
42	0.18782	0.40649	0.03702	0.04802	0.01434	0.06889	0.00884	0.03111	0.06154	0.01650	0.02337	0.01218	0.03851	0.00556	0.00425	0.00143	0.02080	0.00377	0.00298	0.00661

[dist]
# distance from previous block
# <min> <max>
1	4

[block]
# block no. 5 follows, 45 sequences, length 40
# corresponding to MSA columns:
# 255-294
name=unknown_F
#
# <colnr> <probs for GDERKNQSTAVLIFYWHMCP>
#	G	D	E	R	K	N	Q	S	T	A	V	L	I	F	Y	W	H	M	C	P
0	0.12110	0.36106	0.11445	0.03457	0.01587	0.19457	0.01047	0.01807	0.05796	0.01537	0.00886	0.01007	0.00734	0.00511	0.00413	0.00140	0.00666	0.00340	0.00273	0.00680
1	0.13154	0.07487	0.31039	0.03642	0.08108	0.06756	0.01337	0.04763	0.07210	0.05813	0.04959	0.01347	0.01023	0.00566	0.00486	0.00163	0.00640	0.00436	0.00328	0.00744
2	0.06747	0.25953	0.20629	0.01132	0.01608	0.04856	0.01150	0.09250	0.06588	0.09240	0.02714	0.01297	0.02184	0.00583	0.00512	0.00154	0.03891	0.00419	0.00345	0.00749
3	0.15277	0.00941	0.02579	0.03232	0.01241	0.02446	0.00722	0.07780	0.03907	0.23588	0.19422	0.05752	0.05880	0.00798	0.00531	0.00166	0.00419	0.00652	0.00519	0.04150
4	0.00811	0.02774	0.00774	0.00783	0.00871	0.00624	0.00552	0.03991	0.07293	0.01494	0.02702	0.53232	0.05806	0.11235	0.00910	0.00247	0.00371	0.04570	0.00475	0.00486
5	0.00908	0.00488	0.00726	0.04115	0.00835	0.00495	0.00512	0.00746	0.00760	0.01023	0.01168	0.10028	0.01211	0.01759	0.01840	0.69832	0.00455	0.00580	0.02241	0.00277
6	0.01267	0.01448	0.03167	0.02262	0.02805	0.01357	0.75837	0.01719	0.01267	0.01719	0.01086	0.01448	0.00814	0.00452	0.00633	0.00181	0.00905	0.00633	0.00271	0.00724
7	0.00760	0.00549	0.00718	0.00675	0.00802	0.00506	0.00506	0.01013	0.01519	0.02153	0.77503	0.04010	0.05065	0.01097	0.00633	0.00169	0.00253	0.00971	0.00591	0.00506
8	0.01435	0.81458	0.02813	0.00918	0.01378	0.02124	0.00918	0.01607	0.01091	0.01263	0.00746	0.00861	0.00689	0.00459	0.00344	0.00115	0.00574	0.00287	0.00230	0.00689
9	0.02928	0.00703	0.00853	0.00796	0.00984	0.00686	0.00632	0.10091	0.01515	0.06599	0.35778	0.07333	0.14542	0.01132	0.00630	0.00185	0.00355	0.13141	0.00549	0.00568
10	0.04799	0.60861	0.10638	0.01021	0.01510	0.01880	0.03041	0.03437	0.01154	0.06171	0.00876	0.00976	0.00732	0.00483	0.00386	0.00129	0.00593	0.00328	0.00269	0.00716
11	0.09043	0.00853	0.01288	0.10403	0.01636	0.00888	0.11577	0.05791	0.01247	0.01755	0.03582	0.08932	0.04280	0.01090	0.00673	0.02159	0.00553	0.33272	0.00416	0.00562
12	0.00842	0.00606	0.00835	0.00946	0.01069	0.00599	0.00815	0.01078	0.01239	0.01613	0.06046	0.08937	0.06492	0.01469	0.00730	0.00240	0.00467	0.64988	0.00499	0.00491
13	0.04378	0.34360	0.33008	0.01204	0.01786	0.01658	0.01348	0.11660	0.02928	0.01786	0.00938	0.01053	0.00732	0.00512	0.00441	0.00147	0.00656	0.00365	0.00280	0.00761
14	0.06614	0.00791	0.02740	0.00880	0.01007	0.00855	0.00696	0.03291	0.01137	0.04833	0.24447	0.04883	0.03404	0.13262	0.13598	0.00345	0.15569	0.00713	0.00408	0.00528
15	0.00665	0.00498	0.00607	0.00676	0.00754	0.00451	0.00464	0.00777	0.01107	0.01436	0.09581	0.49309	0.23876	0.06217	0.00787	0.00222	0.00308	0.01330	0.00496	0.00440
16	0.00771	0.00521	0.00601	0.00605	0.00618	0.00519	0.00353	0.00794	0.00833	0.01116	0.04939	0.07191	0.03436	0.70299	0.04870	0.00496	0.00524	0.00824	0.00346	0.00345
17	0.01668	0.03143	0.04484	0.01152	0.01535	0.01442	0.00958	0.30973	0.38641	0.07480	0.01754	0.01656	0.01279	0.00677	0.00536	0.00171	0.00509	0.00539	0.00530	0.00872
18	0.01868	0.01495	0.01509	0.01211	0.01600	0.07108	0.00980	0.53131	0.20319	0.02962	0.01471	0.01438	0.01072	0.00658	0.00535	0.00165	0.00578	0.00503	0.00521	0.00877
19	0.00664	0.00471	0.00620	0.00735	0.00764	0.00442	0.00485	0.00750	0.01009	0.01345	0.02862	0.74925	0.03429	0.07707	0.00840	0.00241	0.00327	0.01469	0.00485	0.00428
20	0.00806	0.00581	0.00729	0.00683	0.00830	0.00540	0.00515	0.01094	0.04490	0.03831	0.64069	0.04018	0.13577	0.01104	0.00628	0.00171	0.00267	0.00966	0.00580	0.00523
21	0.04210	0.25089	0.39743	0.01372	0.05019	0.06133	0.01483	0.05052	0.01191	0.01639	0.00892	0.01053	0.00698	0.00520	0.00507	0.00154	0.03880	0.00369	0.00250	0.00745
22	0.00826	0.00658	0.00962	0.00928	0.01006	0.00803	0.00727	0.00998	0.00853	0.01243	0.01345	0.02039	0.01279	0.07088	0.64507	0.00757	0.12641	0.00569	0.00282	0.00488
23	0.00667	0.00473	0.00619	0.00730	0.00758	0.00445	0.00480	0.00751	0.01001	0.01335	0.02824	0.72579	0.03381	0.10119	0.00903	0.00250	0.00334	0.01447	0.00480	0.00424
24	0.01254	0.03891	0.07090	0.02128	0.05290	0.01402	0.58925	0.01667	0.01205	0.01660	0.01026	0.01380	0.00793	0.00508	0.00734	0.00183	0.09295	0.00587	0.00264	0.00717
25	0.00652	0.00489	0.00605	0.00692	0.00765	0.00443	0.00475	0.00761	0.01093	0.01414	0.05755	0.58861	0.22886	0.01581	0.00670	0.00207	0.00299	0.01408	0.00501	0.00443
26	0.10241	0.15831	0.46320	0.01441	0.02092	0.01408	0.12201	0.01674	0.01121	0.01705	0.00920	0.01103	0.00690	0.00492	0.00480	0.00162	0.00731	0.00400	0.00245	0.00743
27	0.01651	0.33347	0.13004	0.01218	0.01645	0.35659	0.01126	0.03997	0.01327	0.01409	0.00829	0.00959	0.00695	0.00513	0.00435	0.00134	0.00778	0.00334	0.00259	0.00681
28	0.02340	0.00898	0.01224	0.00943	0.01347	0.00777	0.00777	0.02550	0.01536	0.75018	0.05232	0.01917	0.01483	0.00682	0.00544	0.00166	0.00448	0.00558	0.00661	0.00897
29	0.00767	0.00575	0.00863	0.00863	0.00959	0.00671	0.00671	0.00959	0.00863	0.01246	0.01438	0.02109	0.01342	0.04026	0.79008	0.00863	0.01438	0.00575	0.00288	0.00479
30	0.02005	0.02558	0.01521	0.01383	0.01659	0.78980	0.01037	0.02143	0.01521	0.01314	0.00830	0.00968	0.00691	0.00553	0.00484	0.00138	0.00968	0.00346	0.00277	0.00622
31	0.00653	0.00542	0.00570	0.00568	0.00737	0.00460	0.00424	0.00804	0.01260	0.01547	0.15532	0.06960	0.65433	0.01331	0.00636	0.00180	0.00270	0.01120	0.00511	0.00460
32	0.00773	0.00524	0.00595	0.00595	0.00607	0.00523	0.00343	0.00787	0.00804	0.01068	0.01851	0.03532	0.05363	0.74432	0.05682	0.00519	0.00546	0.00788	0.00332	0.00337
33	0.00666	0.00545	0.00587	0.00577	0.00744	0.00467	0.00433	0.00831	0.01298	0.01626	0.23477	0.04877	0.59420	0.01294	0.00634	0.00178	0.00267	0.01092	0.00522	0.00467
34	0.00660	0.00474	0.00628	0.00750	0.00787	0.00442	0.00507	0.00759	0.01039	0.01379	0.03016	0.76667	0.05367	0.01668	0.00686	0.00218	0.00316	0.03701	0.00498	0.00438
35	0.02005	0.02558	0.01521	0.01383	0.01659	0.78980	0.01037	0.02143	0.01521	0.01314	0.00830	0.00968	0.00691	0.00553	0.00484	0.00138	0.00968	0.00346	0.00277	0.00622
36	0.01099	0.00939	0.01098	0.00794	0.01257	0.00707	0.00632	0.01333	0.01111	0.01738	0.01015	0.03535	0.00879	0.00437	0.00406	0.00084	0.00395	0.00355	0.00324	0.81863
37	0.01334	0.01303	0.02116	0.07067	0.69820	0.04078	0.01608	0.01644	0.01218	0.01710	0.00995	0.01318	0.00835	0.00493	0.00554	0.00161	0.02185	0.00473	0.00264	0.00824
38	0.01088	0.01033	0.01482	0.37790	0.03959	0.03433	0.01197	0.01365	0.02440	0.01419	0.00991	0.03344	0.00855	0.01941	0.03683	0.00208	0.20411	0.00485	0.00266	0.12609
39	0.03180	0.45688	0.05455	0.01047	0.03279	0.18449	0.00929	0.01608	0.01204	0.01356	0.01451	0.01523	0.11674	0.00612	0.00428	0.00134	0.00624	0.00430	0.00281	0.00647

[dist]
# distance from previous block
# <min> <max>
0	1

[block]
# block no. 6 follows, 45 sequences, length 24
# corresponding to MSA columns:
# 296-319
name=unknown_G
#
# <colnr> <probs for GDERKNQSTAVLIFYWHMCP>
#	G	D	E	R	K	N	Q	S	T	A	V	L	I	F	Y	W	H	M	C	P
0	0.01378	0.01472	0.12203	0.10213	0.45371	0.03292	0.01535	0.07007	0.05619	0.05073	0.01127	0.01360	0.00880	0.00524	0.00529	0.00164	0.00652	0.00474	0.00310	0.00819
1	0.01151	0.01035	0.01617	0.55026	0.13349	0.01210	0.01386	0.10052	0.01272	0.01663	0.01298	0.01648	0.05847	0.00596	0.00542	0.00174	0.00661	0.00521	0.00294	0.00658
2	0.15429	0.00951	0.01110	0.01030	0.06594	0.02470	0.00752	0.05191	0.07126	0.28371	0.10823	0.04298	0.07016	0.02091	0.00556	0.00171	0.00434	0.00607	0.00513	0.04467
3	0.01345	0.01363	0.01902	0.11363	0.37777	0.10447	0.06929	0.01821	0.12480	0.01699	0.01249	0.01487	0.02670	0.00572	0.00599	0.00168	0.04551	0.00508	0.00310	0.00763
4	0.00767	0.00575	0.00863	0.00863	0.00959	0.00671	0.00671	0.00959	0.00863	0.01246	0.01438	0.02109	0.01342	0.04026	0.79008	0.00863	0.01438	0.00575	0.00288	0.00479
5	0.78476	0.01028	0.00825	0.00725	0.01064	0.01172	0.00598	0.01659	0.00962	0.08330	0.00855	0.00947	0.00640	0.00511	0.00348	0.00166	0.00418	0.00310	0.00358	0.00607
6	0.00767	0.00575	0.00863	0.00863	0.00959	0.00671	0.00671	0.00959	0.00863	0.01246	0.01438	0.02109	0.01342	0.04026	0.79008	0.00863	0.01438	0.00575	0.00288	0.00479
7	0.01014	0.00954	0.01610	0.79845	0.03697	0.01193	0.01491	0.01371	0.01073	0.01371	0.00954	0.01431	0.00716	0.00537	0.00537	0.00179	0.00716	0.00477	0.00239	0.00596
8	0.01109	0.01059	0.01785	0.56071	0.14987	0.01259	0.05488	0.02872	0.01115	0.01483	0.00957	0.01393	0.00745	0.00557	0.00637	0.00180	0.06921	0.00485	0.00250	0.00648
9	0.84927	0.01038	0.00789	0.00706	0.01038	0.01204	0.00581	0.01578	0.00914	0.02408	0.00747	0.00872	0.00581	0.00498	0.00332	0.00166	0.00415	0.00291	0.00332	0.00581
10	0.00682	0.00479	0.00615	0.00712	0.00736	0.00454	0.00460	0.00755	0.00974	0.01298	0.02681	0.63868	0.03200	0.19076	0.01133	0.00284	0.00357	0.01363	0.00460	0.00412
11	0.02041	0.01504	0.01611	0.01235	0.01665	0.01665	0.01020	0.75997	0.02524	0.03383	0.01289	0.01289	0.00913	0.00644	0.00537	0.00161	0.00591	0.00483	0.00537	0.00913
12	0.01192	0.09333	0.56747	0.01441	0.05447	0.01233	0.01670	0.01695	0.01171	0.07623	0.01353	0.01458	0.06176	0.00576	0.00508	0.00165	0.00704	0.00454	0.00282	0.00772
13	0.01969	0.01469	0.05907	0.01195	0.01641	0.01485	0.01026	0.56983	0.05306	0.12464	0.01398	0.01370	0.00977	0.00634	0.00531	0.00160	0.00572	0.00484	0.00528	0.03903
14	0.01092	0.06105	0.75158	0.01504	0.02283	0.01284	0.01938	0.01696	0.01132	0.01681	0.00954	0.01122	0.00680	0.00508	0.00503	0.00168	0.00784	0.00392	0.00227	0.00789
15	0.00666	0.00540	0.00595	0.00625	0.00776	0.00470	0.00472	0.00811	0.01206	0.01479	0.07321	0.16286	0.56429	0.01410	0.00653	0.00193	0.00300	0.08809	0.00501	0.00457
16	0.01667	0.13632	0.01773	0.08673	0.10098	0.26648	0.01104	0.14091	0.09967	0.03190	0.01095	0.01225	0.00865	0.00578	0.00530	0.00153	0.03214	0.00423	0.00343	0.00732
17	0.00726	0.00506	0.00627	0.00676	0.00702	0.00501	0.00430	0.00786	0.00896	0.01200	0.02249	0.33418	0.04355	0.40484	0.09651	0.00430	0.00527	0.01058	0.00393	0.00387
18	0.00661	0.00475	0.00627	0.00736	0.00779	0.00442	0.00496	0.00767	0.01069	0.01428	0.08308	0.72972	0.05990	0.01630	0.00680	0.00213	0.00306	0.01474	0.00505	0.00442
19	0.01328	0.01271	0.06343	0.18270	0.53329	0.01223	0.01575	0.01664	0.01210	0.07078	0.01074	0.01373	0.00848	0.00505	0.00532	0.00164	0.00649	0.00478	0.00286	0.00801
20	0.04193	0.02362	0.54987	0.01642	0.09145	0.05649	0.04924	0.01789	0.01193	0.07686	0.01048	0.01200	0.00749	0.00519	0.00512	0.00167	0.00754	0.00419	0.00273	0.00788
21	0.01897	0.14813	0.01742	0.01367	0.03849	0.64726	0.01037	0.02045	0.01445	0.01319	0.00822	0.00962	0.00696	0.00536	0.00464	0.00135	0.00897	0.00340	0.00269	0.00639
22	0.06176	0.01182	0.01835	0.04554	0.52299	0.01201	0.01363	0.06949	0.03202	0.07840	0.07107	0.01567	0.01222	0.00562	0.00530	0.00162	0.00574	0.00514	0.00351	0.00811
23	0.04111	0.14281	0.09333	0.01159	0.01571	0.08111	0.01033	0.22718	0.20149	0.08187	0.01385	0.01380	0.01031	0.00619	0.00526	0.00160	0.02543	0.00460	0.00434	0.00807

[dist]
# distance from previous block
# <min> <max>
18	25

[block]
# block no. 7 follows, 45 sequences, length 63
# corresponding to MSA columns:
# 345-407
name=unknown_H
#
# <colnr> <probs for GDERKNQSTAVLIFYWHMCP>
#	G	D	E	R	K	N	Q	S	T	A	V	L	I	F	Y	W	H	M	C	P
0	0.01304	0.01226	0.02042	0.21937	0.34928	0.01292	0.12096	0.08857	0.05377	0.01837	0.01095	0.01398	0.00858	0.00517	0.00545	0.00167	0.00673	0.00503	0.00303	0.03045
1	0.01166	0.01149	0.01757	0.50345	0.23019	0.05948	0.01486	0.01487	0.01125	0.01464	0.00947	0.01361	0.00749	0.00545	0.00603	0.00175	0.05292	0.00469	0.00248	0.00664
2	0.01169	0.00987	0.01143	0.00822	0.01296	0.00773	0.00659	0.05869	0.01198	0.01848	0.00974	0.01124	0.00802	0.00412	0.00406	0.00084	0.00409	0.00328	0.00331	0.79363
3	0.00768	0.00552	0.00705	0.00784	0.00850	0.00536	0.00540	0.06754	0.01163	0.01557	0.05306	0.71894	0.03390	0.01580	0.00672	0.00212	0.00332	0.01424	0.00504	0.00476
4	0.00799	0.00623	0.00925	0.00906	0.00994	0.00749	0.00711	0.00985	0.00859	0.01250	0.01379	0.02034	0.01291	0.03780	0.72851	0.00813	0.07712	0.00567	0.00283	0.00488
5	0.06342	0.09762	0.37123	0.05966	0.01886	0.01173	0.02364	0.01757	0.03316	0.13695	0.10225	0.01586	0.01327	0.00605	0.00506	0.00165	0.00619	0.00484	0.00355	0.00744
6	0.01415	0.01377	0.01875	0.14264	0.42714	0.09949	0.01421	0.08392	0.07309	0.01816	0.01089	0.01349	0.00875	0.00545	0.00570	0.00164	0.03311	0.00474	0.00308	0.00783
7	0.01154	0.01147	0.01640	0.11148	0.01693	0.01588	0.01214	0.01302	0.00853	0.01302	0.00736	0.01206	0.00706	0.00890	0.01610	0.00228	0.70290	0.00471	0.00235	0.00588
8	0.01113	0.00954	0.01113	0.00795	0.01272	0.00716	0.00636	0.01352	0.01113	0.01749	0.00954	0.01113	0.00795	0.00398	0.00398	0.00080	0.00398	0.00318	0.00318	0.84417
9	0.06022	0.00700	0.00919	0.07220	0.01286	0.00735	0.00825	0.01301	0.07834	0.04409	0.02502	0.18750	0.02643	0.01289	0.00665	0.00223	0.00466	0.41193	0.00476	0.00543
10	0.01524	0.01065	0.02453	0.01133	0.01446	0.01081	0.06821	0.21893	0.13405	0.15380	0.03262	0.14441	0.01857	0.00925	0.00598	0.00188	0.00508	0.10745	0.00524	0.00749
11	0.01450	0.01366	0.01942	0.07116	0.51621	0.06845	0.01444	0.11300	0.08061	0.01953	0.01133	0.01363	0.00909	0.00530	0.00530	0.00161	0.00641	0.00481	0.00324	0.00827
12	0.00780	0.00524	0.00602	0.00602	0.00608	0.00530	0.00346	0.00791	0.00786	0.01053	0.01676	0.03428	0.01915	0.76469	0.07348	0.00541	0.00576	0.00768	0.00323	0.00335
13	0.02147	0.01224	0.01427	0.01099	0.01511	0.01259	0.00906	0.42806	0.02077	0.34405	0.04382	0.01611	0.01235	0.00669	0.00542	0.00163	0.00523	0.00524	0.00592	0.00898
14	0.00932	0.00466	0.00699	0.00699	0.00699	0.00466	0.00466	0.00699	0.00699	0.00932	0.00932	0.01632	0.00932	0.01865	0.02098	0.84382	0.00466	0.00466	0.00233	0.00233
15	0.01402	0.01158	0.01230	0.01093	0.01405	0.01328	0.00854	0.05696	0.71149	0.05084	0.02147	0.01968	0.01599	0.00723	0.00546	0.00181	0.00432	0.00600	0.00550	0.00854
