[name]
unknown

[dist]
# distance from previous block
# <min> <max>
4	55

[block]
# block no. 0 follows, 48 sequences, length 38
# corresponding to MSA columns:
# 55-92
name=unknown_A
#
# <colnr> <probs for GDERKNQSTAVLIFYWHMCP>
#	G	D	E	R	K	N	Q	S	T	A	V	L	I	F	Y	W	H	M	C	P
0	0.00917	0.00550	0.00709	0.00724	0.00823	0.00521	0.00507	0.02711	0.01057	0.12169	0.04740	0.44551	0.06536	0.14279	0.06458	0.00286	0.00426	0.01094	0.00462	0.00480
1	0.00820	0.00587	0.00709	0.01891	0.00863	0.00553	0.00506	0.03343	0.04194	0.02796	0.10175	0.37136	0.08326	0.08334	0.00750	0.00200	0.00331	0.01007	0.08257	0.09223
2	0.00661	0.00479	0.00605	0.00670	0.00729	0.00442	0.00451	0.00763	0.01027	0.01373	0.11754	0.53628	0.10267	0.11685	0.00887	0.00233	0.00315	0.01245	0.00462	0.02324
3	0.00822	0.00582	0.00706	0.00706	0.00816	0.00563	0.00503	0.06937	0.02705	0.03570	0.21557	0.34789	0.11769	0.10535	0.00844	0.00220	0.00329	0.01083	0.00487	0.00478
4	0.00709	0.00515	0.00671	0.00721	0.00779	0.00490	0.01854	0.03019	0.00999	0.01338	0.04134	0.58023	0.04409	0.16872	0.01016	0.00257	0.00354	0.01235	0.00440	0.02166
5	0.00652	0.00471	0.00600	0.00670	0.00725	0.00437	0.00453	0.00761	0.01053	0.01408	0.15321	0.54000	0.10401	0.09520	0.00838	0.00226	0.00305	0.01266	0.00474	0.00419
6	0.03154	0.00652	0.00773	0.00726	0.00870	0.00646	0.00520	0.06239	0.05367	0.14491	0.05243	0.24288	0.02139	0.21879	0.01076	0.00256	0.00389	0.00843	0.09918	0.00530
7	0.01060	0.00666	0.00809	0.00766	0.00909	0.00666	0.00562	0.10688	0.01212	0.10651	0.03881	0.34013	0.06179	0.10810	0.02817	0.00232	0.02738	0.00943	0.08451	0.01945
8	0.02987	0.00902	0.01220	0.01019	0.01235	0.00969	0.04939	0.11117	0.01270	0.24962	0.01684	0.16762	0.01503	0.06124	0.00907	0.00202	0.16668	0.00688	0.04186	0.00654
9	0.01275	0.00786	0.00936	0.00827	0.01030	0.00783	0.00622	0.19506	0.01434	0.15268	0.09454	0.25762	0.03958	0.11673	0.00837	0.00215	0.00407	0.00860	0.02018	0.02349
10	0.07957	0.01234	0.01425	0.01165	0.02631	0.08573	0.11430	0.15542	0.20764	0.04505	0.01592	0.01623	0.05885	0.00607	0.00494	0.00152	0.00533	0.00510	0.03655	0.09724
11	0.06736	0.01008	0.01147	0.00956	0.01249	0.01078	0.02031	0.23457	0.17782	0.11310	0.05216	0.05407	0.01447	0.06111	0.06811	0.00232	0.00526	0.00570	0.02372	0.04553
12	0.07903	0.00727	0.00896	0.00764	0.01011	0.00689	0.00604	0.02973	0.05642	0.28286	0.37052	0.02794	0.06843	0.00849	0.00546	0.00161	0.00336	0.00718	0.00562	0.00645
13	0.01123	0.05904	0.01116	0.06451	0.01234	0.00943	0.00744	0.12239	0.05476	0.07631	0.01807	0.25364	0.03142	0.05103	0.09797	0.02737	0.07422	0.00789	0.00404	0.00573
14	0.01986	0.01177	0.01348	0.01038	0.01429	0.01219	0.00855	0.45350	0.01978	0.28671	0.01514	0.01438	0.01028	0.00614	0.00501	0.00151	0.00498	0.00476	0.05256	0.03473
15	0.00883	0.00449	0.00662	0.00662	0.00662	0.00449	0.00438	0.00673	0.00673	0.00897	0.00932	0.01660	0.00946	0.06261	0.02039	0.80348	0.00449	0.00462	0.00228	0.00228
16	0.01270	0.01219	0.02083	0.03149	0.78767	0.01219	0.01575	0.01575	0.01168	0.01676	0.00965	0.01270	0.00813	0.00457	0.00508	0.00152	0.00610	0.00457	0.00254	0.00813
17	0.01278	0.01331	0.08032	0.05899	0.65608	0.01235	0.01560	0.05784	0.01226	0.01745	0.00975	0.01257	0.00798	0.00471	0.00507	0.00154	0.00621	0.00451	0.00265	0.00803
18	0.01297	0.41685	0.35546	0.01132	0.01705	0.01570	0.01306	0.01649	0.01093	0.07441	0.00904	0.01007	0.00702	0.00475	0.00412	0.00136	0.00630	0.00338	0.00251	0.00718
19	0.01029	0.02654	0.79309	0.01462	0.02221	0.01192	0.01896	0.01625	0.01083	0.01625	0.00921	0.01083	0.00650	0.00487	0.00487	0.00162	0.00758	0.00379	0.00217	0.00758
20	0.00746	0.00497	0.00560	0.00560	0.00560	0.00497	0.00311	0.00746	0.00746	0.00995	0.01617	0.03358	0.01865	0.81967	0.02612	0.00497	0.00497	0.00746	0.00311	0.00311
21	0.00988	0.00931	0.01573	0.75863	0.08258	0.01145	0.01434	0.01328	0.01035	0.01334	0.00915	0.01362	0.00692	0.00509	0.00513	0.00170	0.00679	0.00456	0.00230	0.00585
22	0.01677	0.03581	0.01529	0.06472	0.11967	0.44135	0.01054	0.08548	0.07315	0.03196	0.00992	0.01124	0.00789	0.00531	0.00475	0.00140	0.00750	0.00387	0.00311	0.05028
23	0.00956	0.00478	0.00478	0.00478	0.00598	0.00478	0.00359	0.01196	0.01076	0.01913	0.01674	0.01913	0.01315	0.00598	0.00359	0.00120	0.00239	0.00478	0.84816	0.00478
24	0.01638	0.20800	0.01845	0.03353	0.01609	0.46666	0.05230	0.01798	0.01260	0.01265	0.00778	0.00960	0.00669	0.00543	0.00576	0.00140	0.09661	0.00349	0.00248	0.00611
25	0.01202	0.01450	0.06961	0.02127	0.02658	0.01292	0.73036	0.01643	0.01204	0.01643	0.01032	0.01369	0.00772	0.00435	0.00599	0.00172	0.00860	0.00594	0.00257	0.00695
26	0.01382	0.01116	0.01191	0.01048	0.01353	0.01274	0.00822	0.08491	0.68041	0.06200	0.02019	0.01853	0.01497	0.00687	0.00521	0.00172	0.00420	0.00568	0.00527	0.00820
27	0.01051	0.00911	0.01109	0.00931	0.07209	0.00710	0.00669	0.01279	0.01079	0.01654	0.01185	0.01323	0.05649	0.00444	0.00404	0.00088	0.00390	0.00365	0.00311	0.73238
28	0.00746	0.00497	0.00560	0.00560	0.00560	0.00497	0.00311	0.00746	0.00746	0.00995	0.01617	0.03358	0.01865	0.81967	0.02612	0.00497	0.00497	0.00746	0.00311	0.00311
29	0.00956	0.00478	0.00478	0.00478	0.00598	0.00478	0.00359	0.01196	0.01076	0.01913	0.01674	0.01913	0.01315	0.00598	0.00359	0.00120	0.00239	0.00478	0.84816	0.00478
30	0.01289	0.01256	0.02064	0.03095	0.76478	0.03553	0.01557	0.01589	0.01177	0.01664	0.00960	0.01260	0.00808	0.00459	0.00507	0.00152	0.00619	0.00453	0.00254	0.00806
31	0.01059	0.16906	0.01809	0.60852	0.03021	0.01330	0.03505	0.01363	0.01029	0.01298	0.00871	0.01256	0.00681	0.00505	0.00508	0.00160	0.02604	0.00425	0.00227	0.00591
32	0.02097	0.00906	0.01180	0.00922	0.01293	0.00831	0.00755	0.08724	0.05485	0.62720	0.07902	0.01874	0.01529	0.00669	0.00523	0.00159	0.00431	0.00547	0.00613	0.00840
33	0.00969	0.00912	0.01539	0.80734	0.03534	0.01140	0.01425	0.01311	0.01026	0.01311	0.00912	0.01368	0.00684	0.00513	0.00513	0.00171	0.00684	0.00456	0.00228	0.00570
34	0.05913	0.01455	0.07441	0.01129	0.01531	0.06305	0.00972	0.45322	0.09209	0.11759	0.01338	0.01352	0.00960	0.02294	0.00543	0.00163	0.00563	0.00462	0.00476	0.00813
35	0.00962	0.00899	0.01508	0.78238	0.03441	0.01120	0.01390	0.01293	0.01017	0.01301	0.00934	0.01430	0.00721	0.03049	0.00578	0.00181	0.00678	0.00465	0.00231	0.00562
36	0.01440	0.01082	0.01619	0.02121	0.43642	0.02986	0.01178	0.01801	0.07650	0.18374	0.07528	0.01735	0.03819	0.00590	0.00518	0.00155	0.00519	0.00532	0.00391	0.02319
37	0.01207	0.06017	0.01179	0.00783	0.01232	0.00776	0.00640	0.01429	0.01103	0.09409	0.01011	0.01117	0.00805	0.00409	0.00390	0.00086	0.00396	0.00323	0.00332	0.71356

[dist]
# distance from previous block
# <min> <max>
4	10

[block]
# block no. 1 follows, 48 sequences, length 6
# corresponding to MSA columns:
# 104-109
name=unknown_B
#
# <colnr> <probs for GDERKNQSTAVLIFYWHMCP>
#	G	D	E	R	K	N	Q	S	T	A	V	L	I	F	Y	W	H	M	C	P
0	0.00746	0.00541	0.00679	0.00691	0.00790	0.00482	0.00467	0.00822	0.00932	0.01288	0.02122	0.46891	0.02460	0.16510	0.01063	0.05926	0.00360	0.01047	0.00397	0.15786
1	0.00934	0.00860	0.06610	0.09152	0.01272	0.00780	0.00738	0.09055	0.06658	0.03429	0.05369	0.18444	0.24104	0.07583	0.00765	0.00204	0.02194	0.00879	0.00426	0.00546
2	0.01596	0.00877	0.01077	0.00882	0.01176	0.00863	0.00707	0.15553	0.08920	0.31355	0.28303	0.02390	0.02460	0.00780	0.00547	0.00160	0.00390	0.00655	0.00578	0.00733
3	0.05226	0.01077	0.01269	0.01183	0.06962	0.04237	0.02504	0.18764	0.14480	0.12780	0.03620	0.16076	0.01560	0.00820	0.00626	0.00173	0.06800	0.00671	0.00460	0.00712
4	0.07570	0.41192	0.10229	0.01018	0.01434	0.06044	0.03965	0.01626	0.01110	0.09247	0.03928	0.01116	0.00884	0.00519	0.00471	0.00135	0.05077	0.00363	0.00289	0.03783
5	0.01072	0.00615	0.00798	0.00712	0.00907	0.00544	0.00544	0.01276	0.01351	0.18751	0.42166	0.13420	0.08345	0.01004	0.00578	0.00162	0.00302	0.00877	0.00546	0.06028

[dist]
# distance from previous block
# <min> <max>
16	40

[block]
# block no. 2 follows, 48 sequences, length 24
# corresponding to MSA columns:
# 151-174
name=unknown_C
#
# <colnr> <probs for GDERKNQSTAVLIFYWHMCP>
#	G	D	E	R	K	N	Q	S	T	A	V	L	I	F	Y	W	H	M	C	P
0	0.08654	0.01182	0.07606	0.12709	0.04287	0.02161	0.18539	0.04687	0.01170	0.02808	0.06910	0.02565	0.02126	0.00545	0.00537	0.00149	0.03427	0.00493	0.00311	0.19138
1	0.07636	0.01035	0.01133	0.00929	0.01233	0.08065	0.06568	0.14732	0.01397	0.06973	0.05053	0.08397	0.21045	0.00817	0.00520	0.00152	0.00463	0.00680	0.00424	0.12746
2	0.07610	0.08516	0.06761	0.22575	0.32684	0.05676	0.06024	0.01532	0.01111	0.01559	0.00902	0.01198	0.00725	0.00476	0.00481	0.00155	0.00650	0.00424	0.00248	0.00694
3	0.01354	0.01096	0.01158	0.00867	0.01295	0.07841	0.00693	0.08877	0.01272	0.09789	0.01048	0.01139	0.00815	0.00443	0.00414	0.00097	0.00452	0.00344	0.00355	0.60651
4	0.00625	0.00447	0.00595	0.00714	0.00744	0.00417	0.00476	0.00714	0.00982	0.01310	0.02828	0.81633	0.03394	0.01608	0.00655	0.00208	0.00298	0.01459	0.00476	0.00417
5	0.00745	0.00555	0.00660	0.00655	0.00790	0.00514	0.00482	0.02714	0.04257	0.03192	0.31075	0.22194	0.27809	0.01228	0.00610	0.00176	0.00278	0.01069	0.00514	0.00482
6	0.00633	0.00450	0.00593	0.00704	0.00732	0.00422	0.00465	0.00717	0.00967	0.01289	0.02748	0.76430	0.03292	0.06948	0.00785	0.00228	0.00311	0.01411	0.00465	0.00410
7	0.01307	0.01223	0.06464	0.22889	0.11711	0.01298	0.01194	0.15611	0.21619	0.03338	0.01291	0.01445	0.00976	0.00603	0.00602	0.00170	0.06669	0.00486	0.00368	0.00737
8	0.00626	0.00455	0.00592	0.00697	0.00741	0.00420	0.00469	0.00723	0.01010	0.01336	0.05013	0.73283	0.09609	0.01568	0.00650	0.00204	0.00293	0.01414	0.00479	0.00420
9	0.01831	0.01355	0.01449	0.01122	0.01511	0.01488	0.00923	0.70253	0.02302	0.03069	0.01585	0.01562	0.07797	0.00677	0.00522	0.00156	0.00537	0.00517	0.00510	0.00833
10	0.01314	0.00674	0.00877	0.00746	0.00978	0.00608	0.00587	0.03625	0.01463	0.29538	0.43462	0.03100	0.09074	0.00908	0.00571	0.00161	0.00322	0.00780	0.00582	0.00630
11	0.00766	0.00608	0.00823	0.00830	0.00911	0.03056	0.00630	0.00924	0.00864	0.01206	0.01566	0.14199	0.01589	0.06112	0.60083	0.00678	0.03711	0.00686	0.00305	0.00454
12	0.01153	0.01324	0.08154	0.13402	0.04349	0.01207	0.40516	0.02934	0.02442	0.01609	0.00990	0.01303	0.00761	0.00481	0.00619	0.00162	0.06019	0.00510	0.00264	0.11804
13	0.18157	0.36739	0.07708	0.00937	0.01339	0.10239	0.00879	0.01548	0.01049	0.01525	0.00763	0.00902	0.00652	0.00473	0.00422	0.00127	0.04222	0.00301	0.00255	0.11764
14	0.74459	0.01009	0.00862	0.00763	0.01039	0.01206	0.00630	0.01472	0.00862	0.02161	0.00709	0.00872	0.00571	0.00532	0.00498	0.00167	0.11024	0.00300	0.00305	0.00556
15	0.00861	0.00568	0.00651	0.00604	0.00793	0.00489	0.00462	0.01028	0.01282	0.11804	0.23596	0.04234	0.49448	0.01148	0.00594	0.00168	0.00279	0.00968	0.00520	0.00504
16	0.00684	0.00496	0.00654	0.00733	0.00809	0.00466	0.00542	0.00836	0.01129	0.01508	0.17827	0.45270	0.09286	0.01436	0.00652	0.00202	0.00319	0.16214	0.00493	0.00442
17	0.00969	0.00912	0.01539	0.80734	0.03534	0.01140	0.01425	0.01311	0.01026	0.01311	0.00912	0.01368	0.00684	0.00513	0.00513	0.00171	0.00684	0.00456	0.00228	0.00570
18	0.00681	0.00503	0.00631	0.00692	0.00763	0.00478	0.00478	0.00864	0.04896	0.01476	0.16605	0.52421	0.10179	0.05903	0.00744	0.00211	0.00301	0.01246	0.00485	0.00444
19	0.01225	0.01277	0.05489	0.08861	0.57900	0.01230	0.11495	0.01558	0.01151	0.01632	0.00962	0.01281	0.00788	0.00470	0.00547	0.00159	0.02482	0.00473	0.00250	0.00770
20	0.00635	0.00521	0.00560	0.00550	0.00711	0.00445	0.00412	0.00792	0.01237	0.01547	0.22779	0.04673	0.60877	0.01239	0.00606	0.00170	0.00256	0.01046	0.00498	0.00445
21	0.01410	0.72081	0.02568	0.01052	0.07187	0.01905	0.00925	0.01587	0.01073	0.05121	0.00798	0.00903	0.00701	0.00450	0.00352	0.00115	0.00548	0.00300	0.00243	0.00681
22	0.01045	0.02541	0.72510	0.01525	0.02262	0.01201	0.08581	0.01627	0.01095	0.01627	0.00931	0.01110	0.00661	0.00483	0.00498	0.00163	0.00768	0.00399	0.00220	0.00752
23	0.01400	0.54932	0.13058	0.00996	0.01453	0.01696	0.02235	0.03912	0.01128	0.09068	0.00967	0.03831	0.00823	0.00520	0.00417	0.00130	0.02095	0.00369	0.00279	0.00690

[dist]
# distance from previous block
# <min> <max>
3	10

[block]
# block no. 3 follows, 48 sequences, length 16
# corresponding to MSA columns:
# 185-200
name=unknown_D
#
# <colnr> <probs for GDERKNQSTAVLIFYWHMCP>
#	G	D	E	R	K	N	Q	S	T	A	V	L	I	F	Y	W	H	M	C	P
0	0.01296	0.01262	0.01920	0.11421	0.56269	0.06020	0.01461	0.05059	0.01199	0.01649	0.00939	0.01247	0.00781	0.00509	0.00595	0.00159	0.06748	0.00449	0.00262	0.00756
1	0.01183	0.01133	0.01910	0.24710	0.47637	0.01206	0.05505	0.01593	0.07016	0.01608	0.01040	0.01353	0.00833	0.00490	0.00516	0.00160	0.00629	0.00474	0.00268	0.00738
2	0.00969	0.00912	0.01539	0.80734	0.03534	0.01140	0.01425	0.01311	0.01026	0.01311	0.00912	0.01368	0.00684	0.00513	0.00513	0.00171	0.00684	0.00456	0.00228	0.00570
3	0.00746	0.00497	0.00560	0.00560	0.00560	0.00497	0.00311	0.00746	0.00746	0.00995	0.01617	0.03358	0.01865	0.81967	0.02612	0.00497	0.00497	0.00746	0.00311	0.00311
4	0.01094	0.01833	0.35009	0.11259	0.02423	0.01268	0.26568	0.01545	0.01082	0.01545	0.00928	0.01222	0.00700	0.00523	0.00678	0.00175	0.10755	0.00472	0.00233	0.00689
5	0.00717	0.00518	0.00678	0.00652	0.00765	0.00478	0.00483	0.00946	0.01410	0.01991	0.71738	0.10782	0.04712	0.01099	0.00610	0.00166	0.00247	0.00975	0.00557	0.00478
6	0.01127	0.00936	0.01165	0.00841	0.01284	0.00739	0.03720	0.01358	0.01079	0.05100	0.00959	0.01109	0.00781	0.00409	0.00435	0.00088	0.02861	0.00330	0.00314	0.75365
7	0.01370	0.64470	0.13335	0.00992	0.01466	0.05519	0.01030	0.04307	0.01117	0.01341	0.00765	0.00879	0.00665	0.00456	0.00364	0.00120	0.00596	0.00298	0.00232	0.00677
8	0.00726	0.00524	0.00686	0.00646	0.00767	0.00484	0.00484	0.00968	0.01452	0.02058	0.78496	0.03833	0.04841	0.01049	0.00605	0.00161	0.00242	0.00928	0.00565	0.00484
9	0.00652	0.00496	0.00600	0.00628	0.00735	0.00444	0.00451	0.00804	0.01196	0.01578	0.28181	0.31268	0.28458	0.01325	0.00623	0.00182	0.00267	0.01163	0.00505	0.00444
10	0.02641	0.00775	0.10598	0.00781	0.00952	0.00563	0.00667	0.00956	0.01187	0.01671	0.31998	0.34643	0.06173	0.01207	0.00607	0.00183	0.00340	0.03092	0.00474	0.00491
11	0.01326	0.07642	0.09084	0.01141	0.05351	0.01104	0.05671	0.16661	0.03380	0.04326	0.01037	0.01154	0.00804	0.00466	0.00442	0.00118	0.00511	0.00381	0.00341	0.39059
12	0.06541	0.37662	0.30039	0.01154	0.01680	0.04344	0.03310	0.04311	0.01106	0.01514	0.00817	0.00962	0.00661	0.00485	0.00453	0.00140	0.03556	0.00336	0.00238	0.00691
13	0.00712	0.00491	0.00582	0.00603	0.00632	0.00476	0.00372	0.00768	0.00905	0.01216	0.12009	0.20566	0.05409	0.50933	0.01850	0.00379	0.00412	0.00938	0.00386	0.00361
14	0.01093	0.18885	0.40941	0.01204	0.01729	0.01239	0.04077	0.03753	0.02614	0.03059	0.01276	0.15458	0.01183	0.00686	0.00490	0.00160	0.00617	0.00567	0.00288	0.00681
15	0.03405	0.15877	0.14484	0.01185	0.03466	0.15674	0.01074	0.18269	0.04664	0.15375	0.01166	0.01191	0.00850	0.00548	0.00464	0.00145	0.00628	0.00402	0.00379	0.00755

[dist]
# distance from previous block
# <min> <max>
0	1

[block]
# block no. 4 follows, 48 sequences, length 11
# corresponding to MSA columns:
# 202-212
name=unknown_E
#
# <colnr> <probs for GDERKNQSTAVLIFYWHMCP>
#	G	D	E	R	K	N	Q	S	T	A	V	L	I	F	Y	W	H	M	C	P
0	0.01118	0.01105	0.05846	0.22464	0.32807	0.01103	0.01317	0.04139	0.08417	0.01639	0.01350	0.07606	0.01215	0.00667	0.00538	0.00171	0.00582	0.06910	0.00314	0.00691
1	0.01222	0.01096	0.01763	0.26541	0.42740	0.01183	0.01398	0.01678	0.10789	0.04872	0.01135	0.01401	0.00887	0.00512	0.00512	0.00161	0.00599	0.00475	0.00296	0.00741
2	0.00632	0.00461	0.00596	0.00689	0.00741	0.00424	0.00468	0.00738	0.01041	0.01381	0.09507	0.67329	0.11044	0.01529	0.00646	0.00201	0.00289	0.01376	0.00484	0.00424
3	0.00952	0.00657	0.00991	0.06687	0.05504	0.00763	0.00720	0.00888	0.00755	0.01050	0.00886	0.01476	0.00855	0.01578	0.06602	0.52936	0.15657	0.00454	0.00229	0.00360
4	0.00622	0.00460	0.00582	0.00680	0.00735	0.00420	0.00461	0.00718	0.01016	0.01323	0.03252	0.67906	0.16846	0.01552	0.00646	0.00202	0.00291	0.01391	0.00476	0.00420
5	0.01314	0.06025	0.06558	0.01411	0.01868	0.05520	0.27024	0.12191	0.05548	0.01844	0.01042	0.01226	0.00807	0.00480	0.00525	0.00140	0.02679	0.00453	0.00316	0.23032
6	0.01182	0.01203	0.07254	0.41314	0.22403	0.01227	0.05612	0.10591	0.01245	0.01678	0.00972	0.01307	0.00743	0.00505	0.00515	0.00164	0.00666	0.00460	0.00270	0.00689
7	0.00826	0.00610	0.00751	0.00683	0.00860	0.00543	0.00509	0.01002	0.01182	0.04637	0.28597	0.15710	0.14711	0.06592	0.02776	0.00196	0.02131	0.00871	0.00458	0.16355
8	0.04978	0.01407	0.10316	0.01637	0.20906	0.05516	0.02713	0.20556	0.07553	0.14290	0.01418	0.01465	0.03750	0.00582	0.00505	0.00157	0.00573	0.00480	0.00407	0.00792
9	0.01331	0.05921	0.16772	0.08053	0.06884	0.05070	0.01146	0.08750	0.30914	0.05011	0.01429	0.01459	0.01067	0.00581	0.00494	0.00159	0.00560	0.00471	0.00387	0.03542
10	0.01308	0.05747	0.36422	0.01481	0.12657	0.01165	0.01389	0.11368	0.01324	0.09462	0.05861	0.01350	0.01030	0.00539	0.00488	0.00151	0.00611	0.00438	0.00329	0.06880

[dist]
# distance from previous block
# <min> <max>
3	11

[block]
# block no. 5 follows, 48 sequences, length 24
# corresponding to MSA columns:
# 224-247
name=unknown_F
#
# <colnr> <probs for GDERKNQSTAVLIFYWHMCP>
#	G	D	E	R	K	N	Q	S	T	A	V	L	I	F	Y	W	H	M	C	P
0	0.01160	0.00898	0.01000	0.00864	0.01107	0.00954	0.00678	0.21061	0.19900	0.02300	0.31205	0.02838	0.12130	0.00884	0.00562	0.00164	0.00367	0.00743	0.00530	0.00657
1	0.00731	0.00518	0.00660	0.00647	0.00734	0.00490	0.00463	0.00908	0.01246	0.01737	0.51902	0.08246	0.03957	0.19939	0.01081	0.00247	0.00318	0.05242	0.00495	0.00439
2	0.00950	0.00615	0.00868	0.00809	0.00950	0.00653	0.00628	0.01135	0.00999	0.10897	0.12468	0.02244	0.01780	0.06685	0.49476	0.00584	0.03241	0.00596	0.00362	0.04062
3	0.00670	0.00651	0.07290	0.00751	0.00868	0.00492	0.00590	0.00825	0.01066	0.01435	0.12161	0.58105	0.10341	0.01415	0.00630	0.00195	0.00327	0.01267	0.00465	0.00456
4	0.04058	0.01267	0.01336	0.01145	0.04378	0.06813	0.00878	0.47197	0.01919	0.08760	0.01495	0.13701	0.01291	0.02635	0.00575	0.00169	0.00534	0.00612	0.00480	0.00759
5	0.04471	0.42341	0.05268	0.00980	0.01403	0.01662	0.00914	0.19923	0.01388	0.06324	0.00938	0.01017	0.00751	0.00510	0.00447	0.00129	0.03645	0.00348	0.00325	0.07215
6	0.63487	0.13681	0.06808	0.00786	0.01153	0.04082	0.00719	0.01540	0.00935	0.02047	0.00732	0.00853	0.00582	0.00473	0.00337	0.00151	0.00465	0.00287	0.00293	0.00588
7	0.00805	0.00654	0.00854	0.00836	0.00907	0.03494	0.00630	0.00946	0.00869	0.01212	0.04476	0.08812	0.01606	0.14830	0.48391	0.00617	0.08657	0.00653	0.00303	0.00448
8	0.01154	0.20114	0.56641	0.01309	0.01968	0.01398	0.01599	0.05145	0.03250	0.01622	0.00922	0.01056	0.00687	0.00489	0.00455	0.00151	0.00693	0.00365	0.00239	0.00743
9	0.13184	0.00780	0.00972	0.00796	0.01096	0.00724	0.00642	0.01883	0.01382	0.44406	0.25881	0.02277	0.02295	0.00743	0.00517	0.00160	0.00370	0.00613	0.00570	0.00708
10	0.00782	0.00539	0.00693	0.00646	0.00783	0.00491	0.00487	0.01013	0.01429	0.05235	0.69056	0.03839	0.10957	0.01053	0.00602	0.00162	0.00252	0.00924	0.00560	0.00496
11	0.00652	0.00481	0.00610	0.00664	0.00743	0.00439	0.00465	0.00792	0.01149	0.01540	0.25261	0.47018	0.15506	0.01397	0.00633	0.00189	0.00276	0.01245	0.00502	0.00439
12	0.01036	0.01004	0.01789	0.45505	0.17944	0.01113	0.13080	0.01367	0.01097	0.01463	0.04059	0.06115	0.01043	0.00574	0.00538	0.00169	0.00658	0.00556	0.00265	0.00624
13	0.01162	0.01126	0.01570	0.01357	0.02740	0.01524	0.02491	0.05642	0.00894	0.01358	0.00751	0.01215	0.00731	0.03698	0.01607	0.00228	0.70621	0.00463	0.00246	0.00578
14	0.01344	0.60399	0.08220	0.05783	0.08111	0.06056	0.01051	0.01561	0.01078	0.01287	0.00766	0.00918	0.00673	0.00453	0.00374	0.00122	0.00598	0.00311	0.00225	0.00670
15	0.01064	0.00912	0.01064	0.00760	0.01216	0.00684	0.00608	0.01292	0.01064	0.01672	0.00912	0.01064	0.00760	0.00380	0.00380	0.00076	0.00380	0.00304	0.00304	0.85104
16	0.00746	0.00497	0.00560	0.00560	0.00560	0.00497	0.00311	0.00746	0.00746	0.00995	0.01617	0.03358	0.01865	0.81967	0.02612	0.00497	0.00497	0.00746	0.00311	0.00311
17	0.01020	0.02288	0.61894	0.01497	0.02160	0.01141	0.12321	0.01550	0.01093	0.01601	0.01099	0.07972	0.00901	0.00575	0.00518	0.00168	0.00734	0.00503	0.00245	0.00720
18	0.00664	0.00500	0.00614	0.00632	0.00740	0.00450	0.00456	0.00831	0.01237	0.01655	0.36304	0.27237	0.24243	0.01282	0.00620	0.00179	0.00263	0.01127	0.00515	0.00450
19	0.00863	0.00708	0.01065	0.00938	0.01084	0.00747	0.10652	0.01182	0.10356	0.01371	0.06428	0.05210	0.01717	0.25088	0.29760	0.00501	0.00828	0.00673	0.00339	0.00491
20	0.00789	0.00540	0.00696	0.00648	0.00786	0.00492	0.00489	0.01020	0.01431	0.05538	0.69203	0.03824	0.10498	0.01050	0.00601	0.00162	0.00252	0.00921	0.00561	0.00498
21	0.01000	0.00959	0.01652	0.71243	0.03384	0.01158	0.07819	0.01389	0.03754	0.01369	0.00964	0.01389	0.00723	0.00513	0.00521	0.00171	0.00690	0.00473	0.00241	0.00589
22	0.04094	0.06769	0.27059	0.30540	0.07886	0.03384	0.01453	0.05929	0.04107	0.01609	0.00966	0.01224	0.00728	0.00551	0.01497	0.00169	0.00682	0.00416	0.00258	0.00680
23	0.20898	0.07127	0.01586	0.05175	0.26801	0.01236	0.02802	0.09565	0.05289	0.13125	0.01128	0.01242	0.00847	0.00517	0.00456	0.00154	0.00525	0.00421	0.00361	0.00744

[dist]
# distance from previous block
# <min> <max>
0	3

[block]
# block no. 6 follows, 48 sequences, length 21
# corresponding to MSA columns:
# 251-271
name=unknown_G
#
# <colnr> <probs for GDERKNQSTAVLIFYWHMCP>
#	G	D	E	R	K	N	Q	S	T	A	V	L	I	F	Y	W	H	M	C	P
0	0.52350	0.04195	0.01205	0.08570	0.07052	0.07594	0.05290	0.01537	0.00992	0.01967	0.00787	0.00967	0.00622	0.00474	0.00382	0.00152	0.00515	0.00333	0.00292	0.04726
1	0.01364	0.21693	0.16069	0.10707	0.15964	0.13813	0.01250	0.03045	0.01190	0.05760	0.01085	0.01246	0.03667	0.00521	0.00458	0.00144	0.00657	0.00404	0.00272	0.00692
2	0.01101	0.00927	0.01370	0.39864	0.08778	0.00994	0.01105	0.03565	0.05633	0.05331	0.01190	0.07241	0.00997	0.00579	0.00494	0.00150	0.00550	0.00507	0.00311	0.19312
3	0.00700	0.00512	0.00658	0.00645	0.00757	0.00469	0.00475	0.00909	0.01356	0.01885	0.60570	0.15828	0.11008	0.01156	0.00613	0.00170	0.00252	0.01023	0.00544	0.00469
4	0.00649	0.00489	0.00602	0.00651	0.00744	0.00442	0.00464	0.00789	0.01149	0.01511	0.21079	0.40131	0.24561	0.01387	0.00631	0.00189	0.00279	0.03316	0.00497	0.00439
5	0.01951	0.01437	0.01540	0.01181	0.01591	0.01591	0.00975	0.77056	0.02412	0.03234	0.01232	0.01232	0.00873	0.00616	0.00513	0.00154	0.00565	0.00462	0.00513	0.00873
6	0.00657	0.00483	0.00578	0.00636	0.00699	0.00447	0.00428	0.00745	0.00994	0.01284	0.05278	0.40157	0.21625	0.20020	0.01094	0.00266	0.00338	0.03431	0.00441	0.00400
7	0.01917	0.02445	0.01454	0.01322	0.01586	0.79907	0.00991	0.02049	0.01454	0.01256	0.00793	0.00925	0.00661	0.00529	0.00463	0.00132	0.00925	0.00330	0.00264	0.00595
8	0.06932	0.01378	0.01473	0.01135	0.01539	0.01516	0.00937	0.68178	0.02266	0.07654	0.01248	0.01239	0.00877	0.00609	0.00502	0.00155	0.00547	0.00454	0.00509	0.00854
9	0.01286	0.01375	0.01581	0.01644	0.16209	0.18031	0.01140	0.01441	0.01010	0.01325	0.00860	0.04099	0.00820	0.00873	0.04116	0.00213	0.42653	0.00466	0.00250	0.00607
10	0.76268	0.01114	0.00891	0.00778	0.01099	0.06947	0.03458	0.01553	0.00929	0.02200	0.00732	0.00861	0.00572	0.00479	0.00339	0.00157	0.00453	0.00294	0.00311	0.00564
11	0.00624	0.00449	0.00592	0.00707	0.00742	0.00417	0.00473	0.00715	0.00990	0.01313	0.02922	0.78600	0.06366	0.01595	0.00653	0.00207	0.00296	0.01444	0.00476	0.00417
12	0.00746	0.00497	0.00560	0.00560	0.00560	0.00497	0.00311	0.00746	0.00746	0.00995	0.01617	0.03358	0.01865	0.81967	0.02612	0.00497	0.00497	0.00746	0.00311	0.00311
13	0.01345	0.57120	0.12092	0.01029	0.01447	0.05654	0.01038	0.01556	0.01046	0.02843	0.00765	0.00915	0.00672	0.00508	0.00520	0.00132	0.10111	0.00316	0.00230	0.00661
14	0.00736	0.00499	0.00557	0.00557	0.00569	0.00493	0.00317	0.00745	0.00777	0.01024	0.01880	0.03474	0.07504	0.76037	0.02464	0.00474	0.00480	0.00771	0.00323	0.00320
15	0.01029	0.02654	0.79309	0.01462	0.02221	0.01192	0.01896	0.01625	0.01083	0.01625	0.00921	0.01083	0.00650	0.00487	0.00487	0.00162	0.00758	0.00379	0.00217	0.00758
16	0.01187	0.01289	0.02580	0.01867	0.02331	0.01232	0.57961	0.01605	0.03973	0.01636	0.01032	0.01340	0.00797	0.00469	0.00650	0.00163	0.06675	0.00551	0.00273	0.12389
17	0.00685	0.00533	0.00801	0.05552	0.01032	0.00516	0.05048	0.00814	0.01004	0.01335	0.02606	0.70205	0.03067	0.01468	0.00645	0.00205	0.00359	0.03233	0.00449	0.00444
18	0.07533	0.01000	0.01709	0.59099	0.08365	0.01167	0.11145	0.01387	0.01048	0.01455	0.00917	0.01322	0.00695	0.00496	0.00510	0.00169	0.00680	0.00462	0.00241	0.00601
19	0.01084	0.06259	0.39210	0.03860	0.06417	0.04910	0.01338	0.01542	0.04226	0.03760	0.17577	0.01720	0.01615	0.00614	0.00503	0.00155	0.00597	0.00504	0.00323	0.03786
20	0.01385	0.01309	0.01985	0.02818	0.65476	0.05372	0.01472	0.10657	0.01333	0.01841	0.00988	0.01247	0.00812	0.00480	0.00506	0.00152	0.00621	0.00451	0.00286	0.00809

[dist]
# distance from previous block
# <min> <max>
2	13

[block]
# block no. 7 follows, 48 sequences, length 41
# corresponding to MSA columns:
# 285-325
name=unknown_H
#
# <colnr> <probs for GDERKNQSTAVLIFYWHMCP>
#	G	D	E	R	K	N	Q	S	T	A	V	L	I	F	Y	W	H	M	C	P
0	0.63058	0.17130	0.05043	0.00767	0.01130	0.02964	0.00695	0.01531	0.00929	0.02031	0.00726	0.00846	0.00583	0.00471	0.00331	0.00149	0.00456	0.00283	0.00292	0.00587
1	0.04690	0.40582	0.39495	0.01151	0.01739	0.01590	0.01355	0.01578	0.01055	0.01454	0.00813	0.00949	0.00650	0.00464	0.00405	0.00137	0.00643	0.00325	0.00222	0.00702
2	0.01453	0.41647	0.09409	0.01068	0.01470	0.20393	0.00990	0.01873	0.14415	0.01421	0.00990	0.01061	0.00815	0.00509	0.00409	0.00131	0.00634	0.00351	0.00282	0.00679
3	0.00888	0.00447	0.00666	0.00666	0.00666	0.00447	0.00442	0.00670	0.00670	0.00894	0.00909	0.01605	0.00916	0.03793	0.02021	0.82951	0.00447	0.00453	0.00225	0.00225
4	0.01111	0.04836	0.72267	0.01417	0.02144	0.01206	0.01800	0.03226	0.01126	0.04852	0.00967	0.01106	0.00681	0.00495	0.00485	0.00161	0.00735	0.00384	0.00240	0.00763
5	0.01046	0.06557	0.75553	0.01434	0.02176	0.01233	0.01846	0.01621	0.01081	0.01604	0.00911	0.01071	0.00650	0.00485	0.00480	0.00160	0.00748	0.00374	0.00217	0.00753
6	0.01208	0.01150	0.01692	0.35649	0.19624	0.05135	0.04146	0.08881	0.02596	0.01598	0.01017	0.01350	0.02067	0.00575	0.00666	0.00170	0.11073	0.00468	0.00274	0.00661
7	0.00752	0.00495	0.00564	0.00564	0.00564	0.00495	0.00316	0.00743	0.00743	0.00991	0.01588	0.03287	0.01827	0.78814	0.02588	0.03823	0.00495	0.00734	0.00307	0.00307
8	0.00995	0.00938	0.01585	0.74114	0.09954	0.01147	0.01438	0.01333	0.01038	0.01342	0.00917	0.01360	0.00695	0.00508	0.00513	0.00169	0.00678	0.00456	0.00230	0.00591
9	0.18246	0.01307	0.01337	0.01064	0.01441	0.01464	0.00872	0.52686	0.11825	0.02911	0.01241	0.01242	0.00900	0.00599	0.00476	0.00158	0.00511	0.00441	0.00476	0.00803
10	0.01123	0.01123	0.01572	0.01347	0.01347	0.01572	0.01123	0.01235	0.00786	0.01235	0.00674	0.01123	0.00674	0.00898	0.01684	0.00225	0.81028	0.00449	0.00225	0.00561
11	0.01276	0.01102	0.01160	0.01044	0.01334	0.01276	0.00812	0.02727	0.77840	0.02146	0.02088	0.01914	0.01566	0.00696	0.00522	0.00174	0.00406	0.00580	0.00522	0.00812
12	0.01372	0.82276	0.02689	0.00878	0.01317	0.02030	0.00878	0.01536	0.01043	0.01207	0.00713	0.00823	0.00658	0.00439	0.00329	0.00110	0.00549	0.00274	0.00219	0.00658
13	0.01505	0.01269	0.01441	0.08946	0.10512	0.05205	0.01017	0.28945	0.29159	0.02356	0.03337	0.01543	0.01183	0.00623	0.00516	0.00162	0.00534	0.00508	0.00449	0.00792
14	0.00969	0.00899	0.01507	0.78300	0.03445	0.01120	0.01393	0.01307	0.01028	0.01329	0.00935	0.01385	0.00703	0.00516	0.00508	0.00169	0.00671	0.00457	0.02793	0.00567
15	0.01064	0.00912	0.01064	0.00760	0.01216	0.00684	0.00608	0.01292	0.01064	0.01672	0.00912	0.01064	0.00760	0.00380	0.00380	0.00076	0.00380	0.00304	0.00304	0.85104
16	0.00926	0.00772	0.01054	0.15709	0.01463	0.03119	0.00822	0.06238	0.00977	0.01337	0.01233	0.01887	0.01141	0.11265	0.42764	0.00554	0.07420	0.00534	0.00282	0.00503
17	0.85592	0.00992	0.00754	0.00675	0.00992	0.01151	0.00556	0.01508	0.00873	0.02302	0.00714	0.00834	0.00556	0.00476	0.00318	0.00159	0.00397	0.00278	0.00318	0.00556
18	0.01102	0.00934	0.01084	0.00778	0.01232	0.00723	0.00624	0.04521	0.01121	0.01739	0.00926	0.01071	0.00765	0.00390	0.00386	0.00079	0.00388	0.00311	0.00313	0.81514
19	0.01211	0.01384	0.03028	0.02163	0.02682	0.01298	0.76903	0.01644	0.01211	0.01644	0.01038	0.01384	0.00779	0.00433	0.00606	0.00173	0.00865	0.00606	0.00260	0.00692
20	0.01917	0.01421	0.01521	0.01174	0.01579	0.01576	0.00967	0.73412	0.06110	0.03180	0.01274	0.01265	0.00907	0.00620	0.00514	0.00155	0.00557	0.00468	0.00514	0.00870
21	0.00619	0.00520	0.00538	0.00533	0.00701	0.00439	0.00400	0.00762	0.01200	0.01459	0.13179	0.04818	0.70531	0.01272	0.00606	0.00172	0.00258	0.01066	0.00486	0.00439
22	0.06147	0.01366	0.01445	0.01135	0.01523	0.01523	0.00930	0.62454	0.13215	0.03029	0.01329	0.01310	0.00956	0.00620	0.00505	0.00157	0.00533	0.00470	0.00505	0.00848
23	0.00746	0.00497	0.00560	0.00560	0.00560	0.00497	0.00311	0.00746	0.00746	0.00995	0.01617	0.03358	0.01865	0.81967	0.02612	0.00497	0.00497	0.00746	0.00311	0.00311
24	0.01372	0.82276	0.02689	0.00878	0.01317	0.02030	0.00878	0.01536	0.01043	0.01207	0.00713	0.00823	0.00658	0.00439	0.00329	0.00110	0.00549	0.00274	0.00219	0.00658
25	0.00722	0.00526	0.00680	0.00645	0.00769	0.00484	0.00486	0.00958	0.01431	0.02010	0.72916	0.03934	0.08787	0.01070	0.00607	0.00164	0.00248	0.02523	0.00558	0.00481
26	0.01951	0.01437	0.01540	0.01181	0.01591	0.01591	0.00975	0.77056	0.02412	0.03234	0.01232	0.01232	0.00873	0.00616	0.00513	0.00154	0.00565	0.00462	0.00513	0.00873
27	0.00746	0.00497	0.00560	0.00560	0.00560	0.00497	0.00311	0.00746	0.00746	0.00995	0.01617	0.03358	0.01865	0.81967	0.02612	0.00497	0.00497	0.00746	0.00311	0.00311
28	0.00830	0.00688	0.00993	0.00938	0.01001	0.00863	0.00740	0.00985	0.00810	0.01190	0.01216	0.01876	0.01167	0.07836	0.55915	0.00656	0.21018	0.00537	0.00265	0.00475
29	0.63840	0.19182	0.01233	0.00806	0.03752	0.01350	0.00663	0.01517	0.00921	0.02036	0.00723	0.00846	0.00588	0.00467	0.00327	0.00148	0.00438	0.00283	0.00293	0.00588
30	0.02175	0.00965	0.01236	0.00952	0.01341	0.00900	0.00785	0.16363	0.01644	0.61920	0.04883	0.01732	0.01336	0.00648	0.00519	0.00158	0.00453	0.00522	0.00610	0.00858
31	0.02969	0.61153	0.06360	0.00972	0.01410	0.06827	0.00944	0.11426	0.01246	0.01516	0.00797	0.00896	0.00684	0.00471	0.00370	0.00121	0.00583	0.00308	0.00262	0.00686
32	0.00827	0.00641	0.00735	0.00705	0.00725	0.03378	0.00464	0.00866	0.00784	0.01053	0.01454	0.02868	0.01623	0.61049	0.11347	0.00492	0.09653	0.00676	0.00295	0.00366
33	0.00726	0.00524	0.00686	0.00646	0.00767	0.00484	0.00484	0.00968	0.01452	0.02058	0.78496	0.03833	0.04841	0.01049	0.00605	0.00161	0.00242	0.00928	0.00565	0.00484
34	0.00764	0.00572	0.00843	0.00834	0.00933	0.00665	0.00650	0.02825	0.00864	0.01242	0.01371	0.01996	0.01272	0.03767	0.77943	0.00808	0.01354	0.00548	0.00281	0.00469
35	0.85592	0.00992	0.00754	0.00675	0.00992	0.01151	0.00556	0.01508	0.00873	0.02302	0.00714	0.00834	0.00556	0.00476	0.00318	0.00159	0.00397	0.00278	0.00318	0.00556
36	0.00756	0.00610	0.00640	0.00650	0.00810	0.00517	0.00469	0.00847	0.01235	0.01528	0.07931	0.16059	0.63174	0.01405	0.00668	0.00202	0.00314	0.01160	0.00521	0.00504
37	0.01064	0.00912	0.01064	0.00760	0.01216	0.00684	0.00608	0.01292	0.01064	0.01672	0.00912	0.01064	0.00760	0.00380	0.00380	0.00076	0.00380	0.00304	0.00304	0.85104
38	0.01038	0.02594	0.75685	0.01496	0.02243	0.01197	0.05459	0.01626	0.01089	0.01626	0.00926	0.01098	0.00656	0.00485	0.00493	0.00163	0.00763	0.00390	0.00219	0.00755
39	0.01086	0.01072	0.01564	0.20469	0.01874	0.01468	0.01195	0.01253	0.00844	0.01253	0.00731	0.01182	0.00676	0.00805	0.01402	0.00212	0.61676	0.00451	0.00225	0.00563
40	0.14318	0.00890	0.01128	0.00879	0.01264	0.00811	0.00726	0.02357	0.01383	0.68040	0.01835	0.01615	0.01167	0.00612	0.00487	0.00159	0.00431	0.00482	0.00589	0.00827

[dist]
# distance from previous block
# <min> <max>
0	2

[block]
# block no. 8 follows, 48 sequences, length 13
# corresponding to MSA columns:
# 328-340
name=unknown_I
#
# <colnr> <probs for GDERKNQSTAVLIFYWHMCP>
#	G	D	E	R	K	N	Q	S	T	A	V	L	I	F	Y	W	H	M	C	P
0	0.01356	0.01114	0.01184	0.01047	0.01349	0.01275	0.00820	0.07194	0.70404	0.05129	0.02034	0.01867	0.01513	0.00689	0.00521	0.00172	0.00417	0.00571	0.00526	0.00818
1	0.01883	0.01404	0.01502	0.01167	0.01565	0.01560	0.00959	0.69614	0.09964	0.03125	0.01318	0.01300	0.00942	0.00624	0.00514	0.00156	0.00549	0.00474	0.00514	0.00867
2	0.00659	0.00461	0.00585	0.00671	0.00692	0.00440	0.00430	0.00723	0.00916	0.01221	0.02486	0.59527	0.02962	0.24302	0.01208	0.00290	0.00354	0.01257	0.00430	0.00387
3	0.02163	0.00919	0.01205	0.00919	0.01322	0.00810	0.00757	0.07925	0.01502	0.66436	0.01864	0.01646	0.01194	0.00610	0.00503	0.00151	0.00441	0.00493	0.00596	0.08543
4	0.00625	0.00447	0.00595	0.00714	0.00744	0.00417	0.00476	0.00714	0.00982	0.01310	0.02828	0.81633	0.03394	0.01608	0.00655	0.00208	0.00298	0.01459	0.00476	0.00417
5	0.01198	0.01123	0.01961	0.23367	0.47774	0.01171	0.08343	0.01516	0.01139	0.03789	0.01037	0.03407	0.00856	0.00505	0.00522	0.00161	0.00639	0.00498	0.00264	0.00729
6	0.01190	0.00958	0.01112	0.00804	0.01254	0.00769	0.00647	0.08236	0.01202	0.04669	0.00982	0.01104	0.00789	0.00411	0.00397	0.00086	0.00399	0.00326	0.00335	0.74330
7	0.01276	0.01102	0.01160	0.01044	0.01334	0.01276	0.00812	0.02727	0.77840	0.02146	0.02088	0.01914	0.01566	0.00696	0.00522	0.00174	0.00406	0.00580	0.00522	0.00812
8	0.01071	0.01030	0.01553	0.51515	0.18449	0.05059	0.01327	0.03372	0.01127	0.01441	0.01316	0.01647	0.07805	0.00577	0.00518	0.00165	0.00639	0.00507	0.00265	0.00616
9	0.85592	0.00992	0.00754	0.00675	0.00992	0.01151	0.00556	0.01508	0.00873	0.02302	0.00714	0.00834	0.00556	0.00476	0.00318	0.00159	0.00397	0.00278	0.00318	0.00556
10	0.01129	0.00923	0.01076	0.00785	0.01228	0.00726	0.00627	0.01436	0.06148	0.04874	0.01035	0.01148	0.00834	0.00411	0.00395	0.00086	0.00384	0.00331	0.00332	0.76093
11	0.55344	0.11341	0.06299	0.00858	0.01215	0.12394	0.00758	0.03827	0.01035	0.02002	0.00754	0.00873	0.00599	0.00484	0.00356	0.00149	0.00519	0.00297	0.00297	0.00597
12	0.00773	0.00677	0.05867	0.00701	0.00881	0.00535	0.00587	0.01017	0.01363	0.03941	0.54151	0.03900	0.17369	0.01066	0.00601	0.00168	0.00297	0.05079	0.00523	0.00503

[dist]
# distance from previous block
# <min> <max>
1	3

[block]
# block no. 9 follows, 48 sequences, length 35
# corresponding to MSA columns:
# 344-378
name=unknown_J
#
# <colnr> <probs for GDERKNQSTAVLIFYWHMCP>
#	G	D	E	R	K	N	Q	S	T	A	V	L	I	F	Y	W	H	M	C	P
0	0.01931	0.01409	0.01531	0.01179	0.01574	0.01566	0.00974	0.72077	0.02325	0.05409	0.01235	0.01243	0.00877	0.00627	0.00556	0.00157	0.03500	0.00463	0.00506	0.00861
1	0.01029	0.02654	0.79309	0.01462	0.02221	0.01192	0.01896	0.01625	0.01083	0.01625	0.00921	0.01083	0.00650	0.00487	0.00487	0.00162	0.00758	0.00379	0.00217	0.00758
2	0.01064	0.00912	0.01064	0.00760	0.01216	0.00684	0.00608	0.01292	0.01064	0.01672	0.00912	0.01064	0.00760	0.00380	0.00380	0.00076	0.00380	0.00304	0.00304	0.85104
3	0.00733	0.00548	0.00816	0.00816	0.00905	0.00637	0.00631	0.00911	0.00822	0.01185	0.01382	0.02058	0.01301	0.06312	0.77495	0.00814	0.01347	0.00556	0.00276	0.00453
4	0.00969	0.00912	0.01539	0.80734	0.03534	0.01140	0.01425	0.01311	0.01026	0.01311	0.00912	0.01368	0.00684	0.00513	0.00513	0.00171	0.00684	0.00456	0.00228	0.00570
5	0.00625	0.00447	0.00595	0.00714	0.00744	0.00417	0.00476	0.00714	0.00982	0.01310	0.02828	0.81633	0.03394	0.01608	0.00655	0.00208	0.00298	0.01459	0.00476	0.00417
6	0.00746	0.00497	0.00560	0.00560	0.00560	0.00497	0.00311	0.00746	0.00746	0.00995	0.01617	0.03358	0.01865	0.81967	0.02612	0.00497	0.00497	0.00746	0.00311	0.00311
7	0.01917	0.02445	0.01454	0.01322	0.01586	0.79907	0.00991	0.02049	0.01454	0.01256	0.00793	0.00925	0.00661	0.00529	0.00463	0.00132	0.00925	0.00330	0.00264	0.00595
8	0.00727	0.00523	0.00668	0.00750	0.00809	0.00507	0.00515	0.06585	0.01092	0.01458	0.02705	0.75449	0.03200	0.01531	0.00644	0.00204	0.00318	0.01382	0.00479	0.00452
9	0.01372	0.82276	0.02689	0.00878	0.01317	0.02030	0.00878	0.01536	0.01043	0.01207	0.00713	0.00823	0.00658	0.00439	0.00329	0.00110	0.00549	0.00274	0.00219	0.00658
10	0.00717	0.00524	0.00673	0.00636	0.00761	0.00480	0.00477	0.00950	0.01431	0.02006	0.72859	0.03918	0.10511	0.01068	0.00605	0.00162	0.00243	0.00940	0.00558	0.00480
11	0.00746	0.00497	0.00560	0.00560	0.00560	0.00497	0.00311	0.00746	0.00746	0.00995	0.01617	0.03358	0.01865	0.81967	0.02612	0.00497	0.00497	0.00746	0.00311	0.00311
12	0.01029	0.02654	0.79309	0.01462	0.02221	0.01192	0.01896	0.01625	0.01083	0.01625	0.00921	0.01083	0.00650	0.00487	0.00487	0.00162	0.00758	0.00379	0.00217	0.00758
13	0.00733	0.00550	0.00825	0.00825	0.00916	0.00641	0.00641	0.00916	0.00825	0.01191	0.01374	0.02016	0.01283	0.03848	0.79934	0.00825	0.01374	0.00550	0.00275	0.00458
14	0.00745	0.07009	0.02353	0.00709	0.00828	0.00576	0.00529	0.00867	0.01057	0.03784	0.05890	0.53707	0.17294	0.01383	0.00610	0.00190	0.00322	0.01223	0.00459	0.00463
15	0.01259	0.05635	0.01598	0.01282	0.01358	0.03299	0.01072	0.04252	0.02515	0.05948	0.00809	0.01159	0.00734	0.00834	0.01444	0.00208	0.65280	0.00444	0.00267	0.00603
16	0.01183	0.38415	0.44896	0.01200	0.01815	0.01568	0.01439	0.01585	0.01065	0.01437	0.00828	0.00966	0.00654	0.00466	0.00416	0.00139	0.00664	0.00332	0.00218	0.00713
17	0.01951	0.01437	0.01540	0.01181	0.01591	0.01591	0.00975	0.77056	0.02412	0.03234	0.01232	0.01232	0.00873	0.00616	0.00513	0.00154	0.00565	0.00462	0.00513	0.00873
18	0.01038	0.00882	0.01035	0.00751	0.01181	0.00669	0.00598	0.01267	0.01094	0.01702	0.06878	0.01277	0.01074	0.00431	0.00397	0.00083	0.00369	0.00352	0.00324	0.78597
19	0.00746	0.00497	0.00560	0.00560	0.00560	0.00497	0.00311	0.00746	0.00746	0.00995	0.01617	0.03358	0.01865	0.81967	0.02612	0.00497	0.00497	0.00746	0.00311	0.00311
20	0.85592	0.00992	0.00754	0.00675	0.00992	0.01151	0.00556	0.01508	0.00873	0.02302	0.00714	0.00834	0.00556	0.00476	0.00318	0.00159	0.00397	0.00278	0.00318	0.00556
21	0.00623	0.00457	0.00585	0.00688	0.00737	0.00419	0.00465	0.00717	0.01008	0.01320	0.03151	0.71176	0.13642	0.01566	0.00648	0.00204	0.00293	0.01407	0.00476	0.00419
22	0.00733	0.00550	0.00825	0.00825	0.00916	0.00641	0.00641	0.00916	0.00825	0.01191	0.01374	0.02016	0.01283	0.03848	0.79934	0.00825	0.01374	0.00550	0.00275	0.00458
23	0.85592	0.00992	0.00754	0.00675	0.00992	0.01151	0.00556	0.01508	0.00873	0.02302	0.00714	0.00834	0.00556	0.00476	0.00318	0.00159	0.00397	0.00278	0.00318	0.00556
24	0.01985	0.01381	0.01505	0.01154	0.01563	0.01508	0.00953	0.69665	0.02319	0.10756	0.01310	0.01283	0.00912	0.00618	0.00514	0.00154	0.00552	0.00467	0.00525	0.00873
25	0.00622	0.00520	0.00542	0.00536	0.00703	0.00440	0.00402	0.00767	0.01207	0.01475	0.14874	0.04792	0.68827	0.01266	0.00606	0.00172	0.00258	0.01062	0.00488	0.00440
26	0.01064	0.00912	0.01064	0.00760	0.01216	0.00684	0.00608	0.01292	0.01064	0.01672	0.00912	0.01064	0.00760	0.00380	0.00380	0.00076	0.00380	0.00304	0.00304	0.85104
27	0.00742	0.00498	0.00570	0.00570	0.00580	0.00494	0.00328	0.00762	0.00805	0.01082	0.07372	0.05338	0.02125	0.73946	0.02414	0.00465	0.00473	0.00777	0.00334	0.00326
28	0.00827	0.00591	0.00827	0.00945	0.01063	0.00591	0.00827	0.01063	0.01181	0.01536	0.02717	0.05788	0.02953	0.01417	0.00709	0.00236	0.00472	0.75313	0.00472	0.00472
29	0.00662	0.00519	0.00601	0.00620	0.00745	0.00467	0.00450	0.00849	0.03585	0.01552	0.22289	0.25492	0.37714	0.01304	0.00617	0.00180	0.00270	0.01132	0.00499	0.00453
30	0.12081	0.01318	0.01404	0.01088	0.01486	0.01441	0.00899	0.59266	0.02117	0.11953	0.01262	0.01244	0.00881	0.00601	0.00490	0.00155	0.00529	0.00446	0.00504	0.00834
31	0.01123	0.01123	0.01572	0.01347	0.01347	0.01572	0.01123	0.01235	0.00786	0.01235	0.00674	0.01123	0.00674	0.00898	0.01684	0.00225	0.81028	0.00449	0.00225	0.00561
32	0.72930	0.01098	0.00870	0.00757	0.01083	0.04189	0.00620	0.10098	0.01070	0.02368	0.00776	0.00882	0.00596	0.00494	0.00345	0.00157	0.00436	0.00301	0.00338	0.00593
33	0.03888	0.05593	0.07822	0.04098	0.48496	0.01210	0.01364	0.05961	0.02866	0.10350	0.01136	0.02987	0.00906	0.00519	0.00496	0.00154	0.00580	0.00467	0.00318	0.00789
34	0.08094	0.02729	0.04448	0.08708	0.15218	0.01208	0.02581	0.22846	0.06379	0.17275	0.02765	0.03204	0.01057	0.00595	0.00501	0.00159	0.00537	0.00492	0.00429	0.00777

[dist]
# distance from previous block
# <min> <max>
0	1

[block]
# block no. 10 follows, 48 sequences, length 21
# corresponding to MSA columns:
# 380-400
name=unknown_K
#
