[name]
unknown

[dist]
# distance from previous block
# <min> <max>
0	6

[block]
# block no. 0 follows, 46 sequences, length 26
# corresponding to MSA columns:
# 18-24,28-46
name=unknown_A
#
# <colnr> <probs for GDERKNQSTAVLIFYWHMCP>
#	G	D	E	R	K	N	Q	S	T	A	V	L	I	F	Y	W	H	M	C	P
0	0.01158	0.01046	0.01659	0.45068	0.20416	0.01213	0.01398	0.08165	0.01221	0.01631	0.01117	0.01720	0.00937	0.00618	0.00603	0.00178	0.04591	0.06309	0.00287	0.00665
1	0.01230	0.01197	0.02074	0.14807	0.48208	0.01212	0.10932	0.01554	0.01167	0.01653	0.00983	0.01316	0.00804	0.00480	0.00554	0.00157	0.02545	0.00476	0.00262	0.08387
2	0.01116	0.09818	0.59297	0.01497	0.02204	0.01294	0.10169	0.01651	0.01126	0.01639	0.00942	0.01125	0.00691	0.00486	0.00495	0.00159	0.00754	0.00403	0.00233	0.04900
3	0.00880	0.00668	0.00812	0.00733	0.00943	0.00572	0.00538	0.01034	0.01095	0.04190	0.08357	0.29640	0.10743	0.07139	0.00742	0.00183	0.02065	0.00911	0.00427	0.28329
4	0.00985	0.00493	0.00493	0.00493	0.00616	0.00493	0.00370	0.01232	0.01109	0.01971	0.01725	0.01971	0.01355	0.00616	0.00370	0.00123	0.00246	0.00493	0.84356	0.00493
5	0.01046	0.00988	0.01672	0.68310	0.15108	0.01187	0.01492	0.01393	0.01080	0.01409	0.00948	0.01394	0.00725	0.00520	0.00528	0.00173	0.00693	0.00470	0.00239	0.00626
6	0.01723	0.07232	0.01429	0.01206	0.01446	0.60286	0.00906	0.01846	0.01345	0.01253	0.00951	0.01324	0.00872	0.11015	0.04799	0.00219	0.00896	0.00403	0.00276	0.00573
7	0.00768	0.00515	0.00587	0.00587	0.00591	0.00518	0.00334	0.00776	0.00772	0.01033	0.01656	0.03405	0.01899	0.78393	0.05686	0.00526	0.00548	0.00761	0.00319	0.00326
8	0.01240	0.01224	0.02546	0.01881	0.02323	0.01145	0.57023	0.01615	0.01240	0.07457	0.01467	0.10397	0.01289	0.00664	0.00630	0.00186	0.00766	0.05889	0.00336	0.00681
9	0.01007	0.00956	0.01636	0.77584	0.03612	0.01180	0.03930	0.01362	0.01063	0.01362	0.00944	0.01410	0.00708	0.00526	0.00532	0.00176	0.00711	0.00475	0.00236	0.00591
10	0.85155	0.01022	0.00777	0.00695	0.01022	0.01186	0.00573	0.01554	0.00900	0.02372	0.00736	0.00859	0.00573	0.00491	0.00327	0.00164	0.00409	0.00286	0.00327	0.00573
11	0.01923	0.01448	0.01536	0.01193	0.01580	0.03439	0.00976	0.68659	0.02328	0.03109	0.01261	0.01366	0.00938	0.04624	0.00670	0.00178	0.02927	0.00487	0.00504	0.00854
12	0.00985	0.00493	0.00493	0.00493	0.00616	0.00493	0.00370	0.01232	0.01109	0.01971	0.01725	0.01971	0.01355	0.00616	0.00370	0.00123	0.00246	0.00493	0.84356	0.00493
13	0.01210	0.01236	0.02339	0.24761	0.22914	0.01285	0.30939	0.03542	0.01202	0.01636	0.01007	0.01378	0.00783	0.00495	0.00599	0.00173	0.02997	0.00531	0.00262	0.00711
14	0.00850	0.00704	0.00848	0.00837	0.00927	0.06581	0.00624	0.00999	0.00884	0.01194	0.01417	0.02251	0.01386	0.18208	0.59014	0.00733	0.01212	0.00587	0.00289	0.00454
15	0.85155	0.01022	0.00777	0.00695	0.01022	0.01186	0.00573	0.01554	0.00900	0.02372	0.00736	0.00859	0.00573	0.00491	0.00327	0.00164	0.00409	0.00286	0.00327	0.00573
16	0.01487	0.16027	0.38107	0.01242	0.01817	0.07194	0.01377	0.01956	0.06088	0.17986	0.01221	0.01257	0.00869	0.00543	0.00480	0.00156	0.00663	0.00411	0.00340	0.00779
17	0.04461	0.01241	0.05650	0.44620	0.04843	0.04632	0.15741	0.07190	0.01235	0.03888	0.01012	0.01355	0.00751	0.00521	0.00536	0.00172	0.00725	0.00485	0.00281	0.00660
18	0.00985	0.00493	0.00493	0.00493	0.00616	0.00493	0.00370	0.01232	0.01109	0.01971	0.01725	0.01971	0.01355	0.00616	0.00370	0.00123	0.00246	0.00493	0.84356	0.00493
19	0.01228	0.01218	0.01860	0.35671	0.40795	0.07125	0.01512	0.01544	0.01164	0.01535	0.00958	0.01324	0.00769	0.00501	0.00522	0.00164	0.00685	0.00461	0.00251	0.00714
20	0.00827	0.00631	0.00699	0.00692	0.00732	0.04628	0.00450	0.00886	0.00829	0.01095	0.01553	0.02950	0.01693	0.55936	0.23653	0.00586	0.00784	0.00691	0.00308	0.00377
21	0.00701	0.00503	0.00657	0.00741	0.00797	0.00477	0.00508	0.03145	0.01126	0.01519	0.13266	0.67864	0.03622	0.01544	0.00663	0.00206	0.00307	0.01395	0.00505	0.00454
22	0.01157	0.01157	0.01619	0.01388	0.01388	0.01619	0.01157	0.01272	0.00810	0.01272	0.00694	0.01157	0.00694	0.00925	0.01735	0.00231	0.80453	0.00463	0.00231	0.00578
23	0.01393	0.00932	0.04972	0.00941	0.01279	0.00777	0.05547	0.05594	0.02934	0.23973	0.29813	0.02403	0.02510	0.00750	0.00548	0.00152	0.00417	0.00652	0.00519	0.13891
24	0.01544	0.01341	0.01497	0.05308	0.01679	0.12843	0.09925	0.12463	0.28368	0.10286	0.01885	0.01857	0.07237	0.00680	0.00544	0.00168	0.00584	0.00573	0.00458	0.00760
25	0.04637	0.01403	0.02252	0.01651	0.02126	0.08191	0.40800	0.10199	0.01374	0.03771	0.01056	0.01286	0.00802	0.00472	0.00539	0.00151	0.00731	0.00503	0.00319	0.17736

[dist]
# distance from previous block
# <min> <max>
2	49

[block]
# block no. 1 follows, 46 sequences, length 11
# corresponding to MSA columns:
# 111-121
name=unknown_B
#
# <colnr> <probs for GDERKNQSTAVLIFYWHMCP>
#	G	D	E	R	K	N	Q	S	T	A	V	L	I	F	Y	W	H	M	C	P
0	0.01427	0.01270	0.01611	0.13967	0.01977	0.06415	0.10831	0.22711	0.04695	0.02105	0.01092	0.01266	0.00833	0.00513	0.00495	0.00138	0.00600	0.00439	0.00362	0.27252
1	0.01863	0.02247	0.01487	0.01392	0.04597	0.62892	0.01020	0.05154	0.11465	0.01513	0.01017	0.01114	0.00818	0.00568	0.00489	0.00144	0.00855	0.00385	0.00317	0.00663
2	0.01326	0.01009	0.01433	0.01034	0.01504	0.00815	0.12442	0.01589	0.01187	0.14119	0.01145	0.01261	0.00871	0.00442	0.00450	0.00108	0.00479	0.00397	0.00361	0.58028
3	0.00811	0.00574	0.00671	0.00630	0.00700	0.00552	0.00393	0.00859	0.00819	0.01136	0.01547	0.03018	0.01716	0.63453	0.09636	0.00487	0.00582	0.00690	0.00316	0.11411
4	0.85155	0.01022	0.00777	0.00695	0.01022	0.01186	0.00573	0.01554	0.00900	0.02372	0.00736	0.00859	0.00573	0.00491	0.00327	0.00164	0.00409	0.00286	0.00327	0.00573
5	0.14401	0.00595	0.00609	0.00596	0.00649	0.00621	0.00361	0.00896	0.00790	0.01243	0.01516	0.03039	0.01704	0.68347	0.02309	0.00456	0.00496	0.00691	0.00321	0.00361
6	0.71782	0.01003	0.00850	0.00735	0.01075	0.01120	0.00606	0.01719	0.00999	0.14668	0.00954	0.01011	0.00691	0.00517	0.00360	0.00164	0.00416	0.00326	0.00380	0.00625
7	0.01261	0.00843	0.01010	0.00963	0.04908	0.04026	0.00705	0.01731	0.15537	0.17397	0.39502	0.02949	0.03184	0.00885	0.00581	0.00169	0.00376	0.02753	0.00557	0.00663
8	0.14879	0.01441	0.02294	0.01721	0.02147	0.11506	0.45454	0.03300	0.01227	0.01761	0.01068	0.05226	0.00883	0.00540	0.00576	0.00171	0.02487	0.00563	0.00295	0.02462
9	0.14509	0.04109	0.01424	0.11542	0.01773	0.37818	0.00986	0.11815	0.03065	0.06800	0.00990	0.01115	0.00757	0.00554	0.00469	0.00151	0.00733	0.00383	0.00339	0.00667
10	0.10807	0.01640	0.01326	0.01271	0.07537	0.32009	0.00899	0.13339	0.07756	0.05459	0.01175	0.01474	0.00986	0.11189	0.00771	0.00199	0.00684	0.00453	0.00363	0.00664

[dist]
# distance from previous block
# <min> <max>
16	55

[block]
# block no. 2 follows, 46 sequences, length 26
# corresponding to MSA columns:
# 190-215
name=unknown_C
#
# <colnr> <probs for GDERKNQSTAVLIFYWHMCP>
#	G	D	E	R	K	N	Q	S	T	A	V	L	I	F	Y	W	H	M	C	P
0	0.01569	0.01215	0.01586	0.01230	0.01633	0.02939	0.13282	0.20271	0.19665	0.12196	0.01536	0.03878	0.01160	0.00613	0.00527	0.00155	0.00545	0.00537	0.00461	0.15004
1	0.09832	0.40135	0.06312	0.01025	0.01478	0.03626	0.06818	0.01698	0.03722	0.07992	0.00965	0.01065	0.00776	0.00478	0.00403	0.00129	0.00559	0.00353	0.00299	0.12333
2	0.01667	0.01775	0.01761	0.01664	0.13635	0.32949	0.10861	0.12246	0.04208	0.03402	0.01028	0.01184	0.00809	0.00524	0.00504	0.00144	0.00750	0.00427	0.00328	0.10132
3	0.01348	0.01309	0.03404	0.01711	0.02136	0.03633	0.43186	0.09489	0.01343	0.06821	0.01293	0.08997	0.01090	0.00624	0.00657	0.00174	0.05477	0.00644	0.00342	0.06323
4	0.01380	0.01032	0.01373	0.01090	0.03062	0.00955	0.08823	0.06934	0.15483	0.13388	0.05578	0.03596	0.01323	0.00585	0.00497	0.00136	0.00467	0.00511	0.00434	0.33353
5	0.01357	0.01201	0.02286	0.01788	0.07707	0.01109	0.42638	0.03686	0.01310	0.12150	0.06968	0.03390	0.01246	0.00549	0.00576	0.00163	0.00687	0.00606	0.00360	0.10224
6	0.01840	0.00988	0.01286	0.00992	0.01393	0.00906	0.04149	0.08345	0.10041	0.41280	0.05562	0.01728	0.01368	0.00620	0.00513	0.00149	0.00456	0.00517	0.00543	0.17325
7	0.03216	0.01003	0.01310	0.01199	0.09404	0.00976	0.00868	0.06766	0.08957	0.33259	0.06323	0.01682	0.01345	0.00639	0.00598	0.00155	0.06319	0.00508	0.00494	0.14978
8	0.07686	0.18700	0.07481	0.01165	0.01480	0.29453	0.01010	0.04261	0.01252	0.03121	0.03675	0.01197	0.02573	0.00616	0.00640	0.00153	0.12831	0.00394	0.00290	0.02022
9	0.01243	0.01177	0.01552	0.01328	0.01404	0.01574	0.01097	0.07014	0.12540	0.01566	0.00958	0.01289	0.00849	0.00872	0.01464	0.00218	0.62428	0.00484	0.00300	0.00641
10	0.01357	0.01316	0.05124	0.10947	0.31116	0.05103	0.02974	0.13123	0.13950	0.01981	0.03450	0.01633	0.04363	0.00601	0.00533	0.00164	0.00598	0.00527	0.00362	0.00776
11	0.00985	0.00493	0.00493	0.00493	0.00616	0.00493	0.00370	0.01232	0.01109	0.01971	0.01725	0.01971	0.01355	0.00616	0.00370	0.00123	0.00246	0.00493	0.84356	0.00493
12	0.06590	0.01285	0.04923	0.01088	0.01417	0.05732	0.00887	0.04269	0.60547	0.04445	0.01908	0.01783	0.01426	0.00679	0.00519	0.00174	0.00470	0.00549	0.00498	0.00808
13	0.01486	0.71544	0.02607	0.00963	0.01393	0.12028	0.00920	0.01651	0.01129	0.01250	0.00746	0.00862	0.00679	0.00464	0.00357	0.00116	0.00615	0.00290	0.00232	0.00670
14	0.03336	0.00980	0.01126	0.00826	0.01274	0.00803	0.00663	0.08717	0.01237	0.03969	0.01053	0.03349	0.00879	0.00460	0.00415	0.00094	0.00410	0.00367	0.00349	0.69692
15	0.01289	0.14616	0.43800	0.04884	0.06792	0.03526	0.05150	0.01735	0.01176	0.09302	0.02353	0.01226	0.00828	0.00517	0.00489	0.00158	0.00703	0.00416	0.00280	0.00759
16	0.01710	0.01203	0.01300	0.01050	0.01387	0.03653	0.00845	0.45391	0.04163	0.11448	0.07812	0.08874	0.07158	0.00813	0.00555	0.00166	0.00500	0.00657	0.00534	0.00782
17	0.00985	0.00493	0.00493	0.00493	0.00616	0.00493	0.00370	0.01232	0.01109	0.01971	0.01725	0.01971	0.01355	0.00616	0.00370	0.00123	0.00246	0.00493	0.84356	0.00493
18	0.01221	0.01182	0.02056	0.23824	0.53455	0.01239	0.06210	0.01554	0.01167	0.01624	0.00984	0.01343	0.00800	0.00485	0.00531	0.00163	0.00665	0.00480	0.00255	0.00763
19	0.01150	0.09575	0.01977	0.49469	0.08595	0.01332	0.12321	0.04812	0.01156	0.01504	0.00950	0.01333	0.00734	0.00518	0.00549	0.00169	0.02480	0.00473	0.00254	0.00647
20	0.01080	0.01155	0.02338	0.01727	0.02140	0.01079	0.52254	0.01467	0.02976	0.01693	0.09478	0.05704	0.12950	0.00702	0.00624	0.00179	0.00697	0.00769	0.00348	0.00642
21	0.00651	0.00542	0.00566	0.00578	0.00745	0.00464	0.00441	0.00790	0.01191	0.01429	0.04991	0.05114	0.68342	0.04085	0.00705	0.00196	0.00297	0.07944	0.00485	0.00446
22	0.01407	0.00980	0.04648	0.01183	0.07290	0.00868	0.08372	0.09844	0.01488	0.22178	0.17844	0.02766	0.14378	0.00839	0.00580	0.00170	0.00468	0.03493	0.00505	0.00700
23	0.01123	0.16708	0.65255	0.01400	0.02123	0.01381	0.01768	0.01658	0.01109	0.01598	0.00911	0.01069	0.00671	0.00493	0.00473	0.00158	0.00743	0.00372	0.00224	0.00763
24	0.01432	0.73185	0.02612	0.00936	0.01363	0.07707	0.00905	0.01600	0.01098	0.01247	0.00764	0.00897	0.00700	0.00578	0.03019	0.00140	0.00623	0.00297	0.00231	0.00667
25	0.00873	0.00633	0.00697	0.00670	0.00728	0.02304	0.00430	0.06359	0.00951	0.01253	0.01850	0.04963	0.06509	0.58905	0.10290	0.00486	0.00601	0.00755	0.00345	0.00395

[dist]
# distance from previous block
# <min> <max>
5	7

[block]
# block no. 3 follows, 46 sequences, length 6
# corresponding to MSA columns:
# 223-228
name=unknown_D
#
# <colnr> <probs for GDERKNQSTAVLIFYWHMCP>
#	G	D	E	R	K	N	Q	S	T	A	V	L	I	F	Y	W	H	M	C	P
0	0.00941	0.00598	0.00948	0.23697	0.01544	0.00666	0.00751	0.00880	0.00795	0.01043	0.00924	0.01550	0.00856	0.01458	0.01621	0.60168	0.00530	0.00462	0.00231	0.00333
1	0.01152	0.01607	0.24012	0.11610	0.33221	0.04223	0.01523	0.01565	0.03559	0.01626	0.01311	0.07047	0.04014	0.00615	0.00531	0.00167	0.00651	0.00545	0.00282	0.00738
2	0.01045	0.00762	0.00890	0.00857	0.01007	0.00785	0.00627	0.22636	0.01436	0.01911	0.02496	0.50406	0.06330	0.05272	0.00729	0.00211	0.00395	0.01150	0.00493	0.00561
3	0.01357	0.01192	0.01495	0.01713	0.23614	0.01318	0.01075	0.07086	0.50481	0.02142	0.01761	0.01736	0.01344	0.00641	0.00533	0.00172	0.00489	0.00553	0.00457	0.00841
4	0.01089	0.00593	0.00603	0.00566	0.00719	0.00609	0.00434	0.08833	0.01248	0.02109	0.01678	0.01900	0.01309	0.00618	0.00386	0.00127	0.00280	0.00491	0.75875	0.00534
5	0.00717	0.00557	0.00759	0.00759	0.00877	0.00599	0.00586	0.00890	0.00953	0.01285	0.02557	0.02949	0.23497	0.03205	0.56538	0.00655	0.01084	0.00725	0.00343	0.00465

[dist]
# distance from previous block
# <min> <max>
0	1

[block]
# block no. 4 follows, 46 sequences, length 56
# corresponding to MSA columns:
# 230-285
name=unknown_E
#
# <colnr> <probs for GDERKNQSTAVLIFYWHMCP>
#	G	D	E	R	K	N	Q	S	T	A	V	L	I	F	Y	W	H	M	C	P
0	0.01141	0.01130	0.01577	0.01355	0.01355	0.01574	0.01122	0.01252	0.00808	0.01262	0.00734	0.01251	0.00744	0.04219	0.01774	0.00243	0.77182	0.00475	0.00235	0.00568
1	0.02828	0.00685	0.00856	0.11969	0.01221	0.02592	0.00654	0.06460	0.01075	0.01536	0.03269	0.12238	0.04593	0.03474	0.06836	0.20860	0.00512	0.00652	0.17231	0.00460
2	0.01242	0.01195	0.01975	0.17402	0.59523	0.02848	0.01542	0.01554	0.01168	0.01628	0.00998	0.01351	0.00829	0.00626	0.03748	0.00188	0.00681	0.00472	0.00258	0.00771
3	0.06218	0.01544	0.01223	0.01094	0.01319	0.32511	0.00836	0.14552	0.01389	0.01665	0.01122	0.01537	0.00996	0.09614	0.20091	0.00357	0.02547	0.00462	0.00327	0.00595
4	0.34336	0.00899	0.02770	0.00814	0.01070	0.00920	0.00651	0.05173	0.01115	0.16792	0.01590	0.19282	0.01497	0.06305	0.01912	0.00211	0.02966	0.00661	0.00431	0.00607
5	0.01079	0.00925	0.01076	0.00774	0.01234	0.00695	0.00618	0.01311	0.01100	0.01712	0.01098	0.01239	0.03542	0.00425	0.00400	0.00082	0.00387	0.00342	0.00320	0.81641
6	0.01086	0.00698	0.00595	0.00581	0.00719	0.08492	0.00436	0.01321	0.01148	0.01902	0.01632	0.01868	0.01287	0.00609	0.00380	0.00125	0.00318	0.00477	0.75821	0.00505
7	0.01427	0.79826	0.02740	0.00916	0.01364	0.03956	0.00907	0.01596	0.01084	0.01245	0.00737	0.00851	0.00678	0.00455	0.00343	0.00114	0.00575	0.00284	0.00227	0.00677
8	0.00639	0.00536	0.00556	0.00551	0.00723	0.00452	0.00413	0.00787	0.01239	0.01510	0.13893	0.04954	0.69321	0.01308	0.00625	0.00177	0.00266	0.01097	0.00502	0.00452
9	0.02594	0.00797	0.00988	0.01040	0.08912	0.00824	0.00706	0.05151	0.18472	0.02097	0.38018	0.06354	0.06026	0.00916	0.00574	0.00168	0.00349	0.00797	0.04591	0.00625
10	0.85155	0.01022	0.00777	0.00695	0.01022	0.01186	0.00573	0.01554	0.00900	0.02372	0.00736	0.00859	0.00573	0.00491	0.00327	0.00164	0.00409	0.00286	0.00327	0.00573
11	0.01413	0.81739	0.02770	0.00905	0.01357	0.02092	0.00905	0.01583	0.01074	0.01244	0.00735	0.00848	0.00678	0.00452	0.00339	0.00113	0.00565	0.00283	0.00226	0.00678
12	0.00707	0.00569	0.00621	0.00596	0.00767	0.00501	0.00450	0.03352	0.01333	0.01693	0.26356	0.04628	0.54075	0.01240	0.00621	0.00174	0.00273	0.01048	0.00519	0.00477
13	0.04984	0.01464	0.01558	0.01198	0.01617	0.01623	0.00989	0.73685	0.02429	0.03297	0.01250	0.01255	0.00887	0.00629	0.00522	0.00159	0.00576	0.00469	0.00522	0.00887
14	0.00818	0.00595	0.00785	0.00745	0.00865	0.00616	0.00547	0.00966	0.00877	0.01286	0.01441	0.02310	0.01414	0.23791	0.43717	0.00614	0.00968	0.00583	0.05844	0.11217
15	0.03453	0.02686	0.76465	0.01484	0.02252	0.01227	0.01914	0.01671	0.01110	0.01694	0.00943	0.01109	0.00667	0.00502	0.00497	0.00167	0.00771	0.00388	0.00226	0.00775
16	0.01060	0.02735	0.78682	0.01507	0.02288	0.01228	0.01953	0.01674	0.01116	0.01674	0.00949	0.01116	0.00670	0.00502	0.00502	0.00167	0.00781	0.00391	0.00223	0.00781
17	0.00644	0.00460	0.00613	0.00736	0.00767	0.00429	0.00491	0.00736	0.01012	0.01350	0.02914	0.81076	0.03497	0.01656	0.00675	0.00215	0.00307	0.01503	0.00491	0.00429
18	0.00998	0.00940	0.01586	0.80150	0.03641	0.01175	0.01468	0.01351	0.01057	0.01351	0.00940	0.01409	0.00705	0.00529	0.00529	0.00176	0.00705	0.00470	0.00235	0.00587
19	0.02300	0.00894	0.01210	0.00938	0.01335	0.00781	0.00771	0.02533	0.03333	0.74580	0.02109	0.03921	0.01374	0.00683	0.00536	0.00165	0.00445	0.00559	0.00647	0.00886
20	0.01528	0.00877	0.01143	0.01171	0.11167	0.03384	0.00802	0.04579	0.02630	0.31463	0.11640	0.12773	0.09161	0.00913	0.00577	0.00174	0.00436	0.04343	0.00530	0.00708
21	0.02372	0.00900	0.01227	0.00941	0.01350	0.00777	0.00777	0.02576	0.01513	0.78489	0.02086	0.01799	0.01309	0.00654	0.00532	0.00164	0.00450	0.00532	0.00654	0.00900
22	0.00755	0.00566	0.00850	0.00850	0.00944	0.00661	0.00661	0.00944	0.00850	0.01227	0.01416	0.02077	0.01322	0.03965	0.79326	0.00850	0.01416	0.00566	0.00283	0.00472
23	0.01276	0.53195	0.27524	0.01093	0.01642	0.01756	0.01234	0.01593	0.01102	0.01414	0.03379	0.01039	0.00819	0.00490	0.00402	0.00133	0.00625	0.00340	0.00237	0.00706
24	0.04039	0.52427	0.20471	0.01071	0.01594	0.01814	0.01151	0.09193	0.01222	0.01593	0.00840	0.00954	0.00695	0.00484	0.00396	0.00132	0.00613	0.00328	0.00259	0.00722
25	0.17686	0.00955	0.01164	0.00911	0.01305	0.00902	0.00752	0.06573	0.01455	0.60126	0.01789	0.01595	0.01149	0.00623	0.00494	0.00163	0.00450	0.00483	0.00587	0.00839
26	0.03508	0.01208	0.02035	0.13305	0.66254	0.01243	0.01574	0.01585	0.01176	0.01695	0.00980	0.01310	0.00813	0.00479	0.00519	0.00160	0.00632	0.00466	0.00260	0.00797
27	0.01207	0.01260	0.02011	0.38979	0.07440	0.08354	0.20697	0.03143	0.01162	0.01492	0.00949	0.01339	0.00739	0.00546	0.00664	0.00177	0.08446	0.00497	0.00254	0.00643
28	0.82503	0.01030	0.00820	0.00776	0.03461	0.01188	0.00606	0.01556	0.00909	0.02352	0.00744	0.00873	0.00581	0.00490	0.00333	0.00163	0.00416	0.00292	0.00325	0.00581
29	0.00907	0.00771	0.01064	0.01026	0.02574	0.02361	0.07170	0.03319	0.05923	0.01589	0.06652	0.31151	0.10292	0.01235	0.00742	0.00203	0.07727	0.12474	0.02288	0.00534
30	0.01733	0.02889	0.01456	0.01109	0.01524	0.11408	0.00899	0.43678	0.03369	0.02573	0.01129	0.01187	0.00849	0.00555	0.00482	0.00134	0.00575	0.00413	0.00432	0.23606
31	0.00666	0.00474	0.00618	0.00724	0.00760	0.00447	0.00486	0.00756	0.01000	0.01327	0.02836	0.67534	0.05172	0.10195	0.00892	0.00247	0.00336	0.04637	0.00472	0.00421
32	0.01185	0.01314	0.04952	0.01942	0.06353	0.01198	0.51523	0.01593	0.02530	0.01678	0.01224	0.03808	0.01034	0.00564	0.00630	0.00174	0.03079	0.05658	0.00295	0.09268
33	0.01864	0.05718	0.05330	0.01181	0.01600	0.01554	0.01012	0.62401	0.02230	0.05023	0.01317	0.04533	0.01001	0.00719	0.01899	0.00171	0.00590	0.00507	0.00495	0.00855
34	0.00639	0.00536	0.00555	0.00550	0.00723	0.00452	0.00413	0.00786	0.01238	0.01507	0.13604	0.04958	0.69611	0.01309	0.00625	0.00177	0.00266	0.01098	0.00501	0.00452
35	0.00821	0.00559	0.00716	0.00666	0.00811	0.00508	0.00503	0.01055	0.01466	0.06089	0.66021	0.03958	0.12651	0.01086	0.00619	0.00167	0.00262	0.00951	0.00576	0.00514
36	0.01087	0.05535	0.65666	0.05363	0.02359	0.01267	0.08170	0.01657	0.01123	0.01644	0.00950	0.01146	0.00683	0.00497	0.00508	0.00167	0.00779	0.00410	0.00228	0.00762
37	0.12017	0.00994	0.01558	0.59119	0.13632	0.01187	0.01373	0.01415	0.01057	0.01536	0.00921	0.01324	0.00706	0.00516	0.00502	0.00172	0.00656	0.00446	0.00251	0.00620
38	0.01060	0.02735	0.78682	0.01507	0.02288	0.01228	0.01953	0.01674	0.01116	0.01674	0.00949	0.01116	0.00670	0.00502	0.00502	0.00167	0.00781	0.00391	0.00223	0.00781
39	0.01079	0.00948	0.01568	0.72132	0.03410	0.01175	0.01416	0.01412	0.01069	0.05432	0.00988	0.01418	0.00736	0.00554	0.00587	0.00178	0.04563	0.00473	0.00257	0.00603
40	0.01986	0.02194	0.01526	0.01316	0.01636	0.54966	0.01016	0.25375	0.01808	0.01932	0.00959	0.01052	0.00749	0.00573	0.00493	0.00143	0.00837	0.00383	0.00353	0.00703
41	0.00762	0.00537	0.00727	0.00807	0.00888	0.00508	0.01813	0.02083	0.01103	0.03629	0.02950	0.58054	0.07447	0.01537	0.00675	0.00215	0.00356	0.14952	0.00492	0.00467
42	0.00858	0.00778	0.01195	0.01062	0.01222	0.04466	0.16304	0.01045	0.01136	0.01506	0.12777	0.44133	0.02879	0.05539	0.02325	0.00225	0.00485	0.01129	0.00433	0.00502
43	0.01893	0.02106	0.01545	0.01467	0.07561	0.56416	0.02609	0.04780	0.01473	0.09246	0.01019	0.02696	0.00824	0.00587	0.00540	0.00147	0.03693	0.00409	0.00323	0.00667
44	0.02029	0.01229	0.01401	0.01086	0.01476	0.01290	0.00887	0.46616	0.03964	0.26802	0.01573	0.01589	0.01109	0.05638	0.00664	0.00183	0.00532	0.00515	0.00556	0.00862
45	0.01328	0.01293	0.02127	0.03190	0.75905	0.03520	0.01605	0.01637	0.01212	0.01715	0.00989	0.01298	0.00833	0.00473	0.00522	0.00156	0.00637	0.00467	0.00262	0.00831
46	0.00855	0.00649	0.00734	0.00779	0.00881	0.04684	0.00556	0.04053	0.01189	0.04569	0.09479	0.52730	0.11178	0.01424	0.00645	0.00199	0.00356	0.04058	0.00495	0.00487
47	0.01392	0.00792	0.00959	0.00863	0.01110	0.02286	0.00690	0.05408	0.07436	0.26579	0.10796	0.11319	0.14557	0.01041	0.00601	0.00184	0.00404	0.12366	0.00554	0.00660
48	0.01075	0.04425	0.74796	0.01544	0.04467	0.01248	0.01921	0.01671	0.01118	0.01666	0.00945	0.01116	0.00675	0.00500	0.00499	0.00166	0.00772	0.00391	0.00224	0.00781
49	0.00768	0.00515	0.00590	0.00590	0.00594	0.00520	0.00337	0.00777	0.00773	0.01035	0.01654	0.03393	0.01893	0.77675	0.06397	0.00529	0.00556	0.00759	0.00319	0.00328
50	0.01220	0.25032	0.41914	0.01332	0.01939	0.03034	0.06411	0.01784	0.09537	0.01604	0.01026	0.01152	0.00786	0.00509	0.00467	0.00153	0.00690	0.00397	0.00263	0.00750
51	0.05728	0.02086	0.01496	0.01472	0.09468	0.55013	0.01032	0.04093	0.05141	0.08152	0.01018	0.01117	0.00797	0.00555	0.00484	0.00145	0.00815	0.00384	0.00327	0.00677
52	0.00666	0.00469	0.00607	0.00708	0.00734	0.00444	0.00461	0.00742	0.00970	0.01293	0.02696	0.67558	0.03222	0.15549	0.01026	0.00267	0.00343	0.01375	0.00461	0.00410
53	0.02853	0.00566	0.00816	0.06671	0.01091	0.00557	0.04250	0.00874	0.01041	0.01417	0.02677	0.62129	0.05509	0.01446	0.00647	0.00207	0.00372	0.04310	0.02106	0.00463
54	0.01231	0.01247	0.01734	0.50129	0.07916	0.11431	0.07289	0.05707	0.01206	0.01502	0.00943	0.01324	0.00728	0.00547	0.00593	0.00172	0.04942	0.00465	0.00260	0.00634
55	0.01801	0.02206	0.05910	0.01573	0.11480	0.54467	0.01132	0.08570	0.01508	0.01571	0.00893	0.01043	0.00724	0.00534	0.00485	0.00140	0.00844	0.00371	0.00293	0.04457

[dist]
# distance from previous block
# <min> <max>
20	88

[block]
# block no. 5 follows, 46 sequences, length 17
# corresponding to MSA columns:
# 377-393
name=unknown_F
#
# <colnr> <probs for GDERKNQSTAVLIFYWHMCP>
#	G	D	E	R	K	N	Q	S	T	A	V	L	I	F	Y	W	H	M	C	P
0	0.05881	0.01606	0.01309	0.01110	0.01442	0.27039	0.00869	0.21756	0.13848	0.02094	0.01567	0.01581	0.07806	0.00649	0.00497	0.00148	0.00622	0.00482	0.00410	0.09283
1	0.23992	0.01170	0.01043	0.00904	0.01196	0.12651	0.00705	0.05898	0.10428	0.11601	0.05258	0.01774	0.01296	0.09053	0.00693	0.00193	0.00510	0.02995	0.00413	0.08227
2	0.01267	0.01012	0.01289	0.00936	0.01399	0.00831	0.06225	0.06371	0.02947	0.07538	0.01083	0.01204	0.00850	0.00438	0.00431	0.00100	0.00446	0.00369	0.00354	0.64911
3	0.04604	0.01043	0.01329	0.00985	0.01425	0.00914	0.07303	0.12635	0.01348	0.09803	0.01185	0.04275	0.00951	0.00511	0.00455	0.00116	0.00467	0.00431	0.00383	0.49835
4	0.06933	0.00983	0.01145	0.00942	0.01255	0.00999	0.00753	0.23708	0.05763	0.24702	0.14614	0.10600	0.02008	0.00818	0.00547	0.00167	0.00434	0.00677	0.00554	0.02400
5	0.17045	0.00683	0.00763	0.00699	0.00861	0.00682	0.00504	0.01290	0.01076	0.15671	0.14307	0.08341	0.02196	0.30747	0.01323	0.00299	0.00423	0.02133	0.00441	0.00515
6	0.01932	0.01475	0.01743	0.01320	0.01754	0.01609	0.08678	0.68742	0.02359	0.03165	0.01249	0.01285	0.00889	0.00615	0.00539	0.00161	0.00613	0.00491	0.00502	0.00880
7	0.24456	0.01349	0.01321	0.01060	0.01441	0.04481	0.00867	0.44861	0.07597	0.05811	0.01205	0.01219	0.00872	0.00599	0.00473	0.00161	0.00532	0.00431	0.00470	0.00795
8	0.00862	0.00585	0.00653	0.00625	0.00657	0.00597	0.00372	0.06453	0.00898	0.01199	0.01636	0.03295	0.01845	0.75346	0.02528	0.00486	0.00518	0.00747	0.00336	0.00364
9	0.08137	0.01555	0.01465	0.01171	0.01557	0.14701	0.00948	0.48836	0.04014	0.10555	0.01259	0.01257	0.00898	0.00613	0.00506	0.00156	0.00615	0.00448	0.00483	0.00825
10	0.01394	0.01483	0.02838	0.02058	0.02560	0.08116	0.64079	0.01795	0.01289	0.07306	0.01122	0.01412	0.00829	0.00470	0.00604	0.00173	0.00864	0.00592	0.00296	0.00718
11	0.01087	0.00940	0.01284	0.01100	0.01331	0.08709	0.15356	0.01283	0.01192	0.08233	0.06339	0.37192	0.05415	0.01081	0.00606	0.00181	0.00501	0.00994	0.00431	0.06743
12	0.37836	0.01109	0.01030	0.02813	0.01213	0.06994	0.00712	0.02833	0.07999	0.01925	0.00995	0.01287	0.00850	0.07633	0.00741	0.00188	0.09468	0.00393	0.00330	0.13652
13	0.01885	0.01257	0.01251	0.01044	0.01392	0.15776	0.00834	0.06141	0.14502	0.35341	0.02981	0.01868	0.01342	0.00678	0.00525	0.00159	0.00541	0.04863	0.00519	0.07102
14	0.02941	0.01097	0.01238	0.01155	0.07966	0.03096	0.00824	0.32586	0.04825	0.08446	0.03050	0.07631	0.11284	0.10483	0.00807	0.00208	0.00502	0.00674	0.00474	0.00712
15	0.01076	0.00887	0.00996	0.00879	0.01128	0.04143	0.01953	0.03456	0.16739	0.03569	0.04894	0.20230	0.01960	0.09106	0.00758	0.00193	0.00427	0.03576	0.00430	0.23602
16	0.12501	0.02017	0.01386	0.01202	0.01524	0.49526	0.00927	0.14349	0.01551	0.01808	0.00893	0.01006	0.00712	0.00539	0.00459	0.00138	0.00773	0.00354	0.00326	0.08008

[dist]
# distance from previous block
# <min> <max>
70	189

[block]
# block no. 6 follows, 46 sequences, length 12
# corresponding to MSA columns:
# 655-666
name=unknown_G
#
# <colnr> <probs for GDERKNQSTAVLIFYWHMCP>
#	G	D	E	R	K	N	Q	S	T	A	V	L	I	F	Y	W	H	M	C	P
0	0.01372	0.01189	0.01592	0.12812	0.14263	0.07490	0.09182	0.07272	0.14059	0.08845	0.07196	0.01862	0.05705	0.00644	0.00542	0.00163	0.00581	0.00570	0.00400	0.04262
1	0.12541	0.05270	0.23033	0.09144	0.08724	0.01318	0.07441	0.12469	0.05966	0.01980	0.01129	0.01299	0.02399	0.00554	0.00529	0.00165	0.03003	0.00447	0.00317	0.02273
2	0.07762	0.07293	0.05210	0.07211	0.04094	0.21589	0.00942	0.04067	0.12438	0.07926	0.06107	0.06418	0.03550	0.00685	0.00501	0.00158	0.00601	0.00537	0.00384	0.02526
3	0.08413	0.05675	0.13615	0.00953	0.01301	0.07082	0.00874	0.06023	0.03633	0.16740	0.15522	0.02224	0.06832	0.08002	0.00712	0.00192	0.00510	0.00596	0.00439	0.00662
4	0.03364	0.01344	0.01333	0.01111	0.03073	0.12699	0.00866	0.31502	0.01744	0.10317	0.01539	0.07193	0.05139	0.00700	0.00548	0.00151	0.02917	0.00541	0.00448	0.13470
5	0.38827	0.07304	0.01251	0.04587	0.04758	0.01110	0.06383	0.01539	0.03115	0.06034	0.10497	0.01547	0.03533	0.00590	0.00435	0.00156	0.00458	0.00458	0.00365	0.07054
6	0.01383	0.56128	0.14684	0.01038	0.01506	0.10307	0.01064	0.01624	0.01150	0.01365	0.04857	0.01067	0.00905	0.00504	0.00395	0.00127	0.00626	0.00342	0.00250	0.00678
7	0.01558	0.23814	0.01641	0.00985	0.01336	0.10163	0.00834	0.12238	0.07866	0.13109	0.07506	0.04266	0.02716	0.00685	0.00485	0.00147	0.00530	0.03857	0.00421	0.05839
8	0.09090	0.06301	0.01542	0.01123	0.01533	0.03968	0.00934	0.53799	0.02111	0.12525	0.01280	0.01265	0.00903	0.00611	0.00499	0.00156	0.00561	0.00451	0.00501	0.00849
9	0.00689	0.00592	0.00676	0.00759	0.06789	0.00514	0.00506	0.00847	0.01230	0.01511	0.11220	0.04694	0.65624	0.01249	0.00617	0.00176	0.00294	0.01052	0.00481	0.00481
10	0.00918	0.00459	0.00689	0.00689	0.00689	0.00459	0.00459	0.00689	0.00689	0.00918	0.00918	0.01607	0.00918	0.01837	0.02066	0.84619	0.00459	0.00459	0.00230	0.00230
11	0.00966	0.00736	0.01077	0.01036	0.03455	0.00726	0.09090	0.05743	0.06805	0.05229	0.02327	0.45225	0.02543	0.09058	0.00836	0.00230	0.00440	0.03475	0.00456	0.00546

[dist]
# distance from previous block
# <min> <max>
6	15

[block]
# block no. 7 follows, 46 sequences, length 12
# corresponding to MSA columns:
# 720-731
name=unknown_H
#
# <colnr> <probs for GDERKNQSTAVLIFYWHMCP>
#	G	D	E	R	K	N	Q	S	T	A	V	L	I	F	Y	W	H	M	C	P
0	0.01034	0.05801	0.64557	0.01399	0.02093	0.01183	0.04134	0.01572	0.01128	0.01630	0.01421	0.01545	0.09049	0.00589	0.00513	0.00167	0.00720	0.00472	0.00254	0.00738
1	0.00819	0.00989	0.12744	0.01143	0.13621	0.00705	0.00850	0.01070	0.01228	0.01603	0.13187	0.03719	0.44251	0.01037	0.00589	0.00172	0.00403	0.00879	0.00424	0.00568
2	0.10142	0.00916	0.01050	0.00825	0.01160	0.00854	0.00665	0.01253	0.01049	0.01676	0.01602	0.01732	0.13357	0.00639	0.00628	0.00127	0.12588	0.00464	0.00331	0.48941
3	0.01191	0.01668	0.35765	0.01209	0.01640	0.01043	0.01298	0.01557	0.01164	0.13349	0.11083	0.10371	0.01631	0.00795	0.00743	0.00182	0.13638	0.00618	0.00365	0.00692
4	0.13606	0.11580	0.24723	0.03510	0.01601	0.01101	0.05612	0.01385	0.01084	0.01647	0.01530	0.14961	0.01527	0.00842	0.00530	0.00181	0.00575	0.13055	0.00330	0.00620
5	0.01709	0.01423	0.18582	0.01075	0.01498	0.09336	0.01017	0.01983	0.01326	0.37408	0.01764	0.13616	0.01406	0.00749	0.00534	0.00165	0.00554	0.00617	0.00475	0.04763
6	0.00990	0.00809	0.00952	0.00731	0.01072	0.00642	0.00557	0.01188	0.01104	0.01669	0.12792	0.01918	0.01611	0.13745	0.00803	0.00163	0.00390	0.00486	0.00355	0.58024
7	0.01475	0.01440	0.01281	0.01005	0.01416	0.21370	0.00791	0.13802	0.01428	0.01874	0.00962	0.01087	0.00775	0.00471	0.00436	0.00107	0.00569	0.00347	0.00338	0.49025
8	0.01250	0.20462	0.10649	0.01185	0.01565	0.01303	0.10073	0.06067	0.12810	0.04944	0.01516	0.02155	0.01331	0.01063	0.09070	0.00243	0.00683	0.12582	0.00363	0.00687
9	0.19942	0.00955	0.04018	0.17020	0.03399	0.00956	0.00891	0.05556	0.01207	0.21134	0.01624	0.13630	0.03098	0.00867	0.03277	0.00198	0.00524	0.00618	0.00423	0.00661
10	0.01004	0.00840	0.01251	0.01077	0.01249	0.00907	0.12173	0.01390	0.13449	0.04195	0.04204	0.13935	0.04316	0.16039	0.12491	0.00347	0.09418	0.00773	0.00383	0.00561
11	0.00761	0.00540	0.00663	0.03264	0.00820	0.00512	0.00474	0.00948	0.01257	0.01761	0.40798	0.07632	0.14429	0.14217	0.00935	0.00223	0.00313	0.00912	0.09080	0.00461

[dist]
# distance from previous block
# <min> <max>
0	128

# created by:
# /st0/software/busco_prod/Augustus/scripts/msa2prfl.pl ./align_prep/139843.fa
