[name]
unknown

[dist]
# distance from previous block
# <min> <max>
0	0

[block]
# block no. 0 follows, 48 sequences, length 46
# corresponding to MSA columns:
# 0-45
name=unknown_A
#
# <colnr> <probs for GDERKNQSTAVLIFYWHMCP>
#	G	D	E	R	K	N	Q	S	T	A	V	L	I	F	Y	W	H	M	C	P
0	0.00827	0.00591	0.00827	0.00945	0.01063	0.00591	0.00827	0.01063	0.01181	0.01536	0.02717	0.05788	0.02953	0.01417	0.00709	0.00236	0.00472	0.75313	0.00472	0.00472
1	0.85592	0.00992	0.00754	0.00675	0.00992	0.01151	0.00556	0.01508	0.00873	0.02302	0.00714	0.00834	0.00556	0.00476	0.00318	0.00159	0.00397	0.00278	0.00318	0.00556
2	0.01145	0.01092	0.01857	0.35328	0.47564	0.01186	0.01513	0.01465	0.01109	0.01525	0.00943	0.01311	0.00759	0.00480	0.00510	0.00160	0.00640	0.00457	0.00243	0.00712
3	0.01064	0.00912	0.01064	0.00760	0.01216	0.00684	0.00608	0.01292	0.01064	0.01672	0.00912	0.01064	0.00760	0.00380	0.00380	0.00076	0.00380	0.00304	0.00304	0.85104
4	0.00625	0.00447	0.00595	0.00714	0.00744	0.00417	0.00476	0.00714	0.00982	0.01310	0.02828	0.81633	0.03394	0.01608	0.00655	0.00208	0.00298	0.01459	0.00476	0.00417
5	0.00695	0.00503	0.00567	0.00572	0.00638	0.00471	0.00369	0.00769	0.00974	0.01266	0.12563	0.10137	0.23914	0.42503	0.01635	0.00340	0.00382	0.00921	0.00403	0.00376
6	0.00734	0.00545	0.00800	0.00800	0.00884	0.00628	0.00611	0.00901	0.00817	0.01173	0.01396	0.02138	0.01336	0.10971	0.72884	0.00795	0.01294	0.00568	0.00278	0.00445
7	0.01107	0.20719	0.61925	0.01330	0.02016	0.01382	0.01665	0.01605	0.01074	0.01530	0.00874	0.01024	0.00652	0.00476	0.00452	0.00151	0.00711	0.00355	0.00217	0.00736
8	0.00614	0.00520	0.00530	0.00527	0.00698	0.00436	0.00396	0.00751	0.01187	0.01427	0.09688	0.04870	0.74043	0.01284	0.00606	0.00173	0.00259	0.01073	0.00482	0.00436
9	0.05032	0.00494	0.00604	0.00682	0.00755	0.00469	0.00478	0.00786	0.00999	0.01374	0.02942	0.54095	0.15186	0.01473	0.00710	0.05614	0.00313	0.04780	0.02794	0.00419
10	0.01096	0.12241	0.59484	0.01487	0.02173	0.01309	0.12029	0.01617	0.01096	0.01576	0.00911	0.01093	0.00669	0.00474	0.00484	0.00157	0.00747	0.00397	0.00223	0.00737
11	0.01233	0.01181	0.02016	0.12661	0.69544	0.01209	0.01556	0.01542	0.01151	0.01632	0.00959	0.01282	0.00797	0.00464	0.00509	0.00155	0.00619	0.00457	0.00251	0.00783
12	0.01064	0.00912	0.01064	0.00760	0.01216	0.00684	0.00608	0.01292	0.01064	0.01672	0.00912	0.01064	0.00760	0.00380	0.00380	0.00076	0.00380	0.00304	0.00304	0.85104
13	0.02253	0.00862	0.01175	0.00905	0.01293	0.00746	0.00746	0.02453	0.01468	0.76721	0.04407	0.01811	0.01381	0.00648	0.00519	0.00159	0.00431	0.00529	0.00633	0.00861
14	0.01522	0.01224	0.01298	0.01094	0.01428	0.01391	0.00871	0.29762	0.50405	0.02542	0.01777	0.01666	0.01314	0.00667	0.00519	0.00167	0.00464	0.00537	0.00519	0.00834
15	0.01886	0.01405	0.01504	0.01168	0.01567	0.01561	0.00960	0.69973	0.09600	0.03130	0.01314	0.01297	0.00939	0.00624	0.00514	0.00156	0.00550	0.00473	0.00514	0.00867
16	0.04281	0.00621	0.00634	0.00583	0.00747	0.00645	0.00451	0.10784	0.01257	0.02102	0.05536	0.01885	0.01412	0.00619	0.00389	0.00128	0.00286	0.00492	0.66619	0.00531
17	0.00725	0.00532	0.00610	0.00595	0.00744	0.00467	0.00442	0.00885	0.01237	0.04797	0.27132	0.08832	0.43432	0.05148	0.00705	0.00188	0.00279	0.02287	0.00502	0.00461
18	0.00617	0.00520	0.00534	0.00530	0.00699	0.00438	0.00398	0.00756	0.01194	0.01443	0.11438	0.04844	0.72283	0.01278	0.00606	0.00172	0.00258	0.01070	0.00484	0.00438
19	0.59355	0.00961	0.00862	0.00749	0.01066	0.01067	0.00610	0.01763	0.09023	0.14332	0.05067	0.01244	0.00994	0.00554	0.00385	0.00160	0.00396	0.00380	0.00401	0.00629
20	0.00617	0.00500	0.00548	0.00579	0.00711	0.00431	0.00418	0.00742	0.01133	0.01399	0.08221	0.25546	0.54625	0.01370	0.00619	0.00182	0.00269	0.01176	0.00481	0.00431
21	0.00956	0.00478	0.00478	0.00478	0.00598	0.00478	0.00359	0.01196	0.01076	0.01913	0.01674	0.01913	0.01315	0.00598	0.00359	0.00120	0.00239	0.00478	0.84816	0.00478
22	0.01841	0.01359	0.01453	0.01133	0.01518	0.01507	0.00930	0.66658	0.09009	0.03071	0.01330	0.01327	0.00956	0.00622	0.00506	0.00154	0.00534	0.00473	0.04771	0.00847
23	0.01585	0.00720	0.00960	0.00826	0.01086	0.00646	0.00650	0.01810	0.03907	0.43990	0.14521	0.18893	0.03958	0.00944	0.00567	0.00173	0.00373	0.03119	0.00579	0.00692
24	0.00657	0.00558	0.00571	0.00561	0.00739	0.00491	0.00423	0.00879	0.06160	0.01474	0.09227	0.04678	0.69309	0.01246	0.00601	0.00173	0.00268	0.01041	0.00485	0.00461
25	0.00891	0.00446	0.00668	0.00668	0.00668	0.00446	0.00446	0.00668	0.00668	0.00891	0.00891	0.01560	0.00891	0.01783	0.02005	0.85071	0.00446	0.00446	0.00223	0.00223
26	0.00739	0.00489	0.00576	0.00590	0.00596	0.00488	0.00346	0.00742	0.00772	0.01032	0.01719	0.12824	0.01986	0.65953	0.04006	0.05192	0.00489	0.00813	0.00325	0.00322
27	0.00726	0.00533	0.00764	0.00770	0.00848	0.00594	0.00576	0.00885	0.00881	0.01251	0.08082	0.08549	0.01819	0.12562	0.57951	0.00682	0.01091	0.00676	0.00320	0.00440
28	0.00606	0.00520	0.00520	0.00520	0.00693	0.00433	0.00390	0.00736	0.01170	0.01386	0.05198	0.04938	0.78558	0.01299	0.00606	0.00173	0.00260	0.01083	0.00476	0.00433
29	0.01207	0.01373	0.02967	0.02128	0.02626	0.01309	0.73721	0.01626	0.01193	0.01626	0.01023	0.01373	0.00774	0.00452	0.00651	0.00175	0.04231	0.00599	0.00258	0.00687
30	0.01258	0.01224	0.02115	0.02981	0.69362	0.01245	0.06435	0.01560	0.01149	0.01649	0.00953	0.01269	0.00803	0.00481	0.00582	0.00158	0.05268	0.00466	0.00253	0.00790
31	0.01283	0.01221	0.01869	0.22432	0.49546	0.05116	0.01458	0.07854	0.01251	0.01694	0.00966	0.01274	0.00778	0.00488	0.00507	0.00156	0.00640	0.00451	0.00270	0.00746
32	0.13556	0.02063	0.01372	0.01207	0.01505	0.54945	0.00928	0.15395	0.01545	0.01755	0.00861	0.00967	0.00684	0.00537	0.00452	0.00140	0.00787	0.00347	0.00316	0.00639
33	0.00614	0.00520	0.00531	0.00528	0.00698	0.00436	0.00396	0.00751	0.01188	0.01430	0.09953	0.04866	0.73776	0.01283	0.00606	0.00172	0.00259	0.01073	0.00482	0.00436
34	0.81286	0.01015	0.00795	0.00701	0.01023	0.01174	0.00577	0.05397	0.00952	0.02350	0.00741	0.00854	0.00572	0.00483	0.00328	0.00159	0.00406	0.00287	0.00328	0.00572
35	0.00733	0.00550	0.00825	0.00825	0.00916	0.00641	0.00641	0.00916	0.00825	0.01191	0.01374	0.02016	0.01283	0.03848	0.79934	0.00825	0.01374	0.00550	0.00275	0.00458
36	0.09625	0.01241	0.01426	0.01100	0.01495	0.01320	0.03424	0.46687	0.01955	0.23095	0.01378	0.01335	0.00942	0.00607	0.00519	0.00158	0.01883	0.00464	0.00514	0.00833
37	0.01279	0.17095	0.06487	0.01373	0.01623	0.05791	0.12536	0.06652	0.01065	0.01453	0.00795	0.01099	0.00698	0.00676	0.01043	0.00181	0.38841	0.00429	0.00250	0.00635
38	0.00726	0.00524	0.00686	0.00646	0.00767	0.00484	0.00484	0.00968	0.01452	0.02058	0.78496	0.03833	0.04841	0.01049	0.00605	0.00161	0.00242	0.00928	0.00565	0.00484
39	0.85592	0.00992	0.00754	0.00675	0.00992	0.01151	0.00556	0.01508	0.00873	0.02302	0.00714	0.00834	0.00556	0.00476	0.00318	0.00159	0.00397	0.00278	0.00318	0.00556
40	0.00652	0.00465	0.00620	0.00730	0.00771	0.00439	0.00507	0.00759	0.01011	0.01348	0.05314	0.69064	0.03352	0.04014	0.00718	0.00218	0.00319	0.08803	0.00474	0.00421
41	0.06256	0.01414	0.01499	0.01155	0.01560	0.01569	0.00954	0.73167	0.02333	0.03186	0.01205	0.01211	0.00856	0.00609	0.00503	0.00154	0.00556	0.00452	0.00503	0.00856
42	0.00743	0.00564	0.00844	0.00838	0.00927	0.00665	0.00654	0.00924	0.00824	0.01192	0.01357	0.01993	0.01267	0.03774	0.77953	0.00809	0.03391	0.00547	0.00274	0.00461
43	0.01066	0.11334	0.70957	0.01399	0.02122	0.01283	0.01785	0.01615	0.01079	0.01579	0.00898	0.01055	0.00651	0.00482	0.00470	0.00157	0.00735	0.00368	0.00217	0.00747
44	0.01549	0.01131	0.01219	0.01047	0.01361	0.03605	0.00829	0.09516	0.52299	0.16800	0.01925	0.01771	0.01398	0.00677	0.00545	0.00169	0.02266	0.00546	0.00528	0.00817
45	0.02109	0.00830	0.01129	0.00880	0.01243	0.00721	0.00721	0.02313	0.01467	0.69675	0.11399	0.02002	0.01708	0.00686	0.00527	0.00159	0.00413	0.00566	0.00626	0.00826

[dist]
# distance from previous block
# <min> <max>
2	3

[block]
# block no. 1 follows, 48 sequences, length 35
# corresponding to MSA columns:
# 49-83
name=unknown_B
#
# <colnr> <probs for GDERKNQSTAVLIFYWHMCP>
#	G	D	E	R	K	N	Q	S	T	A	V	L	I	F	Y	W	H	M	C	P
0	0.85592	0.00992	0.00754	0.00675	0.00992	0.01151	0.00556	0.01508	0.00873	0.02302	0.00714	0.00834	0.00556	0.00476	0.00318	0.00159	0.00397	0.00278	0.00318	0.00556
1	0.01176	0.01250	0.02063	0.01624	0.01808	0.03766	0.26885	0.01398	0.00950	0.01374	0.00801	0.01206	0.00709	0.00729	0.01282	0.00204	0.51433	0.00499	0.00238	0.00607
2	0.00882	0.00767	0.01103	0.01017	0.01071	0.00993	0.00816	0.01033	0.00807	0.01202	0.01113	0.01713	0.01067	0.05016	0.47712	0.00585	0.31834	0.00517	0.00257	0.00493
3	0.00891	0.00446	0.00668	0.00668	0.00668	0.00446	0.00446	0.00668	0.00668	0.00891	0.00891	0.01560	0.00891	0.01783	0.02005	0.85071	0.00446	0.00446	0.00223	0.00223
4	0.00969	0.00912	0.01539	0.80734	0.03534	0.01140	0.01425	0.01311	0.01026	0.01311	0.00912	0.01368	0.00684	0.00513	0.00513	0.00171	0.00684	0.00456	0.00228	0.00570
5	0.00636	0.00516	0.00561	0.00582	0.00725	0.00448	0.00434	0.00771	0.01148	0.01411	0.08700	0.13762	0.57378	0.04380	0.00695	0.00193	0.00288	0.06465	0.00475	0.00432
6	0.00613	0.00517	0.00532	0.00535	0.00699	0.00435	0.00399	0.00747	0.01174	0.01415	0.08688	0.08550	0.71341	0.01302	0.00609	0.00174	0.00261	0.01093	0.00481	0.00435
7	0.01276	0.01102	0.01160	0.01044	0.01334	0.01276	0.00812	0.02727	0.77840	0.02146	0.02088	0.01914	0.01566	0.00696	0.00522	0.00174	0.00406	0.00580	0.00522	0.00812
8	0.01967	0.01410	0.01523	0.01168	0.01578	0.01551	0.00965	0.73502	0.02367	0.06851	0.01270	0.01256	0.00892	0.00617	0.00513	0.00154	0.00559	0.00465	0.00519	0.00873
9	0.02228	0.00913	0.01206	0.00933	0.01325	0.00823	0.00768	0.06077	0.05746	0.71229	0.01990	0.01731	0.01268	0.00638	0.00516	0.00159	0.00441	0.00517	0.00623	0.00870
10	0.00733	0.00492	0.00564	0.00577	0.00580	0.00489	0.00329	0.00743	0.00772	0.01029	0.01749	0.11903	0.02032	0.73194	0.02398	0.00466	0.00476	0.00824	0.00329	0.00322
11	0.01951	0.01437	0.01540	0.01181	0.01591	0.01591	0.00975	0.77056	0.02412	0.03234	0.01232	0.01232	0.00873	0.00616	0.00513	0.00154	0.00565	0.00462	0.00513	0.00873
12	0.01123	0.01123	0.01572	0.01347	0.01347	0.01572	0.01123	0.01235	0.00786	0.01235	0.00674	0.01123	0.00674	0.00898	0.01684	0.00225	0.81028	0.00449	0.00225	0.00561
13	0.00620	0.00520	0.00538	0.00534	0.00701	0.00439	0.00400	0.00762	0.01201	0.01460	0.13297	0.04816	0.70413	0.01272	0.00606	0.00172	0.00258	0.01066	0.00486	0.00439
14	0.01951	0.01437	0.01540	0.01181	0.01591	0.01591	0.00975	0.77056	0.02412	0.03234	0.01232	0.01232	0.00873	0.00616	0.00513	0.00154	0.00565	0.00462	0.00513	0.00873
15	0.00710	0.00521	0.00651	0.00620	0.00738	0.00478	0.00456	0.00915	0.01351	0.01869	0.61234	0.03953	0.15327	0.08014	0.00777	0.00192	0.00267	0.00935	0.00530	0.00462
16	0.00643	0.00480	0.00598	0.00655	0.00738	0.00435	0.00459	0.00775	0.01128	0.01491	0.19962	0.47282	0.20650	0.01416	0.00633	0.00190	0.00277	0.01258	0.00496	0.00435
17	0.01123	0.01123	0.01572	0.01347	0.01347	0.01572	0.01123	0.01235	0.00786	0.01235	0.00674	0.01123	0.00674	0.00898	0.01684	0.00225	0.81028	0.00449	0.00225	0.00561
18	0.00625	0.00447	0.00595	0.00714	0.00744	0.00417	0.00476	0.00714	0.00982	0.01310	0.02828	0.81633	0.03394	0.01608	0.00655	0.00208	0.00298	0.01459	0.00476	0.00417
19	0.00723	0.00522	0.00683	0.00648	0.00766	0.00482	0.00484	0.00961	0.01439	0.02036	0.76284	0.06107	0.04799	0.01065	0.00607	0.00163	0.00244	0.00943	0.00562	0.00482
20	0.00746	0.00497	0.00560	0.00560	0.00560	0.00497	0.00311	0.00746	0.00746	0.00995	0.01617	0.03358	0.01865	0.81967	0.02612	0.00497	0.00497	0.00746	0.00311	0.00311
21	0.01917	0.02445	0.01454	0.01322	0.01586	0.79907	0.00991	0.02049	0.01454	0.01256	0.00793	0.00925	0.00661	0.00529	0.00463	0.00132	0.00925	0.00330	0.00264	0.00595
22	0.00815	0.00587	0.00810	0.00922	0.01043	0.00582	0.00803	0.01046	0.01181	0.01528	0.02850	0.05742	0.07008	0.01411	0.00703	0.00233	0.00461	0.71332	0.00473	0.00470
23	0.01949	0.01474	0.01537	0.01186	0.01591	0.04475	0.00976	0.74293	0.02377	0.03161	0.01216	0.01221	0.00865	0.00613	0.00511	0.00153	0.00578	0.00457	0.00504	0.00862
24	0.02302	0.00873	0.01191	0.00913	0.01310	0.00754	0.00754	0.02501	0.01469	0.79122	0.02024	0.01746	0.01270	0.00635	0.00516	0.00159	0.00437	0.00516	0.00635	0.00873
25	0.00625	0.00447	0.00595	0.00714	0.00744	0.00417	0.00476	0.00714	0.00982	0.01310	0.02828	0.81633	0.03394	0.01608	0.00655	0.00208	0.00298	0.01459	0.00476	0.00417
26	0.00891	0.00446	0.00668	0.00668	0.00668	0.00446	0.00446	0.00668	0.00668	0.00891	0.00891	0.01560	0.00891	0.01783	0.02005	0.85071	0.00446	0.00446	0.00223	0.00223
27	0.01951	0.01437	0.01540	0.01181	0.01591	0.01591	0.00975	0.77056	0.02412	0.03234	0.01232	0.01232	0.00873	0.00616	0.00513	0.00154	0.00565	0.00462	0.00513	0.00873
28	0.00625	0.00447	0.00595	0.00714	0.00744	0.00417	0.00476	0.00714	0.00982	0.01310	0.02828	0.81633	0.03394	0.01608	0.00655	0.00208	0.00298	0.01459	0.00476	0.00417
29	0.85592	0.00992	0.00754	0.00675	0.00992	0.01151	0.00556	0.01508	0.00873	0.02302	0.00714	0.00834	0.00556	0.00476	0.00318	0.00159	0.00397	0.00278	0.00318	0.00556
30	0.00854	0.00558	0.00722	0.00676	0.00825	0.00509	0.00521	0.01082	0.01409	0.08447	0.60123	0.03892	0.11310	0.01062	0.00605	0.00167	0.00276	0.05894	0.00556	0.00511
31	0.00718	0.00524	0.00674	0.00636	0.00761	0.00480	0.00477	0.00951	0.01432	0.02009	0.73171	0.03913	0.10196	0.01067	0.00605	0.00162	0.00243	0.00939	0.00558	0.00480
32	0.01029	0.02654	0.79309	0.01462	0.02221	0.01192	0.01896	0.01625	0.01083	0.01625	0.00921	0.01083	0.00650	0.00487	0.00487	0.00162	0.00758	0.00379	0.00217	0.00758
33	0.05292	0.03150	0.02792	0.02045	0.05386	0.01320	0.64457	0.05871	0.01257	0.01756	0.01024	0.01332	0.00772	0.00446	0.00577	0.00169	0.00809	0.00569	0.00275	0.00699
34	0.00710	0.00469	0.00622	0.00718	0.00764	0.00436	0.00483	0.00801	0.00997	0.05007	0.02744	0.74865	0.03235	0.04600	0.00722	0.00217	0.00312	0.01387	0.00478	0.00435

[dist]
# distance from previous block
# <min> <max>
0	2

[block]
# block no. 2 follows, 48 sequences, length 157
# corresponding to MSA columns:
# 86-242
name=unknown_C
#
# <colnr> <probs for GDERKNQSTAVLIFYWHMCP>
#	G	D	E	R	K	N	Q	S	T	A	V	L	I	F	Y	W	H	M	C	P
0	0.00696	0.00527	0.00628	0.00661	0.00794	0.00479	0.00506	0.00849	0.01141	0.03010	0.09266	0.19001	0.40720	0.01503	0.05560	0.00229	0.00373	0.13132	0.00473	0.00451
1	0.80392	0.01083	0.00798	0.00715	0.01029	0.06045	0.00583	0.01542	0.00909	0.02237	0.00719	0.00839	0.00562	0.00480	0.00327	0.00157	0.00430	0.00281	0.00314	0.00558
2	0.00629	0.00449	0.00600	0.00719	0.00750	0.00420	0.00483	0.00721	0.00986	0.01314	0.02826	0.80214	0.03385	0.01604	0.00656	0.00209	0.00301	0.02840	0.00476	0.00418
3	0.85592	0.00992	0.00754	0.00675	0.00992	0.01151	0.00556	0.01508	0.00873	0.02302	0.00714	0.00834	0.00556	0.00476	0.00318	0.00159	0.00397	0.00278	0.00318	0.00556
4	0.00792	0.00618	0.00724	0.00688	0.00842	0.00606	0.00518	0.01197	0.14019	0.01858	0.43807	0.05448	0.20087	0.04292	0.00675	0.00182	0.00289	0.02315	0.00525	0.00519
5	0.03717	0.01787	0.38343	0.01346	0.03451	0.01065	0.09583	0.01893	0.06036	0.21735	0.03481	0.01414	0.01004	0.00546	0.00507	0.00161	0.00629	0.00465	0.00364	0.02472
6	0.00737	0.00534	0.00744	0.00744	0.00808	0.00598	0.00541	0.00865	0.00801	0.01132	0.01448	0.02422	0.01459	0.27513	0.56511	0.00726	0.01109	0.00609	0.00286	0.00414
7	0.00733	0.00550	0.00825	0.00825	0.00916	0.00641	0.00641	0.00916	0.00825	0.01191	0.01374	0.02016	0.01283	0.03848	0.79934	0.00825	0.01374	0.00550	0.00275	0.00458
8	0.00634	0.00461	0.00598	0.00691	0.00742	0.00425	0.00470	0.00742	0.01046	0.01392	0.10659	0.67256	0.09942	0.01525	0.00646	0.00201	0.00289	0.01373	0.00485	0.00425
9	0.01142	0.01224	0.03606	0.01598	0.01780	0.01455	0.25064	0.01368	0.00935	0.01379	0.00841	0.01311	0.00759	0.00755	0.01296	0.00207	0.52219	0.02215	0.00241	0.00605
10	0.00733	0.00550	0.00825	0.00825	0.00916	0.00641	0.00641	0.00916	0.00825	0.01191	0.01374	0.02016	0.01283	0.03848	0.79934	0.00825	0.01374	0.00550	0.00275	0.00458
11	0.01310	0.01119	0.01179	0.01051	0.01347	0.01292	0.00820	0.06446	0.74065	0.02201	0.02046	0.01880	0.01532	0.00692	0.00522	0.00173	0.00414	0.00574	0.00522	0.00815
12	0.00667	0.00491	0.00630	0.00728	0.00780	0.00472	0.00495	0.00846	0.05774	0.01380	0.04478	0.72892	0.05379	0.01530	0.00644	0.00204	0.00302	0.01382	0.00481	0.00443
13	0.00704	0.00515	0.00661	0.00644	0.00758	0.00472	0.00475	0.00918	0.01371	0.01910	0.63153	0.13473	0.10754	0.01138	0.00611	0.00168	0.00250	0.01006	0.00547	0.00472
14	0.00630	0.00450	0.00601	0.00720	0.00751	0.00421	0.00484	0.00722	0.00987	0.01315	0.02826	0.79945	0.03384	0.01603	0.00656	0.00209	0.00302	0.03102	0.00476	0.00418
15	0.00714	0.00522	0.00670	0.00637	0.00760	0.00478	0.00476	0.00944	0.01419	0.01986	0.70859	0.05707	0.10742	0.01082	0.00606	0.00163	0.00245	0.00953	0.00556	0.00478
16	0.00685	0.00506	0.00639	0.00642	0.00750	0.00461	0.00468	0.00874	0.01301	0.01783	0.49831	0.21702	0.16032	0.01215	0.00617	0.00174	0.00258	0.01073	0.00531	0.00461
17	0.00644	0.00456	0.00597	0.00694	0.00726	0.00429	0.00459	0.00732	0.00983	0.01317	0.06858	0.68956	0.03309	0.10201	0.00862	0.00237	0.00316	0.01353	0.00463	0.00409
18	0.01951	0.01437	0.01540	0.01181	0.01591	0.01591	0.00975	0.77056	0.02412	0.03234	0.01232	0.01232	0.00873	0.00616	0.00513	0.00154	0.00565	0.00462	0.00513	0.00873
19	0.80347	0.00985	0.00782	0.00690	0.01012	0.01126	0.00568	0.01571	0.00911	0.07140	0.00797	0.00891	0.00601	0.00486	0.00330	0.00159	0.00399	0.00293	0.00338	0.00576
20	0.04041	0.00563	0.00730	0.00736	0.00865	0.00529	0.00555	0.01088	0.01228	0.10955	0.29370	0.31587	0.04680	0.01225	0.00614	0.00187	0.00318	0.09700	0.00520	0.00507
21	0.00643	0.00460	0.00615	0.00725	0.00765	0.00431	0.00499	0.00750	0.01020	0.01364	0.06894	0.72732	0.03444	0.01566	0.00656	0.00208	0.00306	0.06020	0.00481	0.00424
22	0.00726	0.00524	0.00686	0.00646	0.00767	0.00484	0.00484	0.00968	0.01452	0.02058	0.78496	0.03833	0.04841	0.01049	0.00605	0.00161	0.00242	0.00928	0.00565	0.00484
23	0.00634	0.00463	0.00593	0.00681	0.00735	0.00426	0.00462	0.00738	0.01036	0.01370	0.09131	0.64017	0.12461	0.03798	0.00700	0.00209	0.00294	0.01351	0.00479	0.00421
24	0.69481	0.00934	0.00790	0.00698	0.01001	0.01048	0.00568	0.01548	0.00954	0.10075	0.04105	0.02698	0.00872	0.00576	0.00404	0.02561	0.00394	0.00357	0.00361	0.00573
25	0.00957	0.00648	0.00791	0.00791	0.00962	0.00624	0.00646	0.05923	0.02791	0.08150	0.04655	0.04571	0.25479	0.08258	0.00809	0.00225	0.00407	0.32321	0.00479	0.00513
26	0.00733	0.00550	0.00825	0.00825	0.00916	0.00641	0.00641	0.00916	0.00825	0.01191	0.01374	0.02016	0.01283	0.03848	0.79934	0.00825	0.01374	0.00550	0.00275	0.00458
27	0.01120	0.01118	0.01571	0.02919	0.01390	0.01563	0.01129	0.01236	0.00791	0.01236	0.00678	0.01127	0.00674	0.00890	0.01661	0.00223	0.79438	0.00449	0.00225	0.00561
28	0.00696	0.00525	0.00635	0.00651	0.00761	0.00486	0.00475	0.00890	0.03362	0.01601	0.29296	0.20859	0.23922	0.07639	0.00779	0.00206	0.00299	0.05972	0.00495	0.00451
29	0.00650	0.00464	0.00624	0.00743	0.00784	0.00438	0.00520	0.00757	0.01007	0.01338	0.02814	0.72272	0.03339	0.01584	0.00662	0.00212	0.00319	0.10574	0.00476	0.00424
30	0.00614	0.00520	0.00530	0.00528	0.00698	0.00436	0.00396	0.00751	0.01187	0.01428	0.09814	0.04868	0.73916	0.01284	0.00606	0.00173	0.00259	0.01073	0.00482	0.00436
31	0.02855	0.01310	0.02378	0.05218	0.02250	0.04819	0.46902	0.01709	0.05922	0.07066	0.01094	0.01370	0.00832	0.00544	0.00746	0.00178	0.13282	0.00548	0.00297	0.00680
32	0.01083	0.01028	0.01744	0.51455	0.31925	0.01170	0.01481	0.01411	0.01080	0.01449	0.00932	0.01331	0.00733	0.00492	0.00511	0.00164	0.00656	0.00456	0.00238	0.00662
33	0.00840	0.00520	0.00600	0.00585	0.00610	0.00512	0.00342	0.00854	0.00796	0.05857	0.01669	0.05021	0.01863	0.75103	0.02437	0.00470	0.00489	0.00748	0.00335	0.00348
34	0.01332	0.01343	0.02006	0.04444	0.69173	0.09528	0.01510	0.01620	0.01196	0.01625	0.00946	0.01235	0.00794	0.00466	0.00503	0.00151	0.00644	0.00444	0.00255	0.00785
35	0.00652	0.00480	0.00599	0.00653	0.00728	0.00440	0.00451	0.00776	0.01105	0.01467	0.19794	0.45333	0.17436	0.06681	0.00763	0.00211	0.00292	0.01226	0.00485	0.00428
36	0.01095	0.18062	0.64482	0.01349	0.02046	0.01354	0.01699	0.01608	0.01075	0.01544	0.00881	0.01033	0.00652	0.00478	0.00457	0.00152	0.00718	0.00359	0.00217	0.00739
37	0.00754	0.00584	0.00863	0.00855	0.00936	0.00694	0.00665	0.00926	0.00832	0.01202	0.01416	0.06966	0.01372	0.03497	0.69364	0.00743	0.06984	0.00600	0.00284	0.00463
38	0.00745	0.00504	0.00593	0.00593	0.00604	0.00515	0.00352	0.00767	0.00756	0.01019	0.01586	0.03190	0.01793	0.72193	0.12286	0.00538	0.00607	0.00722	0.00306	0.00329
39	0.04195	0.00943	0.01571	0.71356	0.08159	0.01148	0.02806	0.01341	0.01033	0.01378	0.00910	0.01342	0.00689	0.00507	0.00507	0.00169	0.00672	0.00452	0.00234	0.00587
40	0.00969	0.00912	0.01539	0.80734	0.03534	0.01140	0.01425	0.01311	0.01026	0.01311	0.00912	0.01368	0.00684	0.00513	0.00513	0.00171	0.00684	0.00456	0.00228	0.00570
41	0.00726	0.00524	0.00686	0.00646	0.00767	0.00484	0.00484	0.00968	0.01452	0.02058	0.78496	0.03833	0.04841	0.01049	0.00605	0.00161	0.00242	0.00928	0.00565	0.00484
42	0.01319	0.01123	0.01184	0.01053	0.01350	0.01296	0.00822	0.07407	0.73090	0.02215	0.02034	0.01871	0.01523	0.00691	0.00522	0.00173	0.00416	0.00573	0.00522	0.00816
43	0.02302	0.00873	0.01191	0.00913	0.01310	0.00754	0.00754	0.02501	0.01469	0.79122	0.02024	0.01746	0.01270	0.00635	0.00516	0.00159	0.00437	0.00516	0.00635	0.00873
44	0.00722	0.00524	0.00680	0.00641	0.00764	0.00482	0.00481	0.00960	0.01442	0.02032	0.75722	0.03875	0.07632	0.01058	0.00605	0.00162	0.00243	0.00934	0.00561	0.00482
45	0.85592	0.00992	0.00754	0.00675	0.00992	0.01151	0.00556	0.01508	0.00873	0.02302	0.00714	0.00834	0.00556	0.00476	0.00318	0.00159	0.00397	0.00278	0.00318	0.00556
46	0.00733	0.00550	0.00825	0.00825	0.00916	0.00641	0.00641	0.00916	0.00825	0.01191	0.01374	0.02016	0.01283	0.03848	0.79934	0.00825	0.01374	0.00550	0.00275	0.00458
47	0.01951	0.01437	0.01540	0.01181	0.01591	0.01591	0.00975	0.77056	0.02412	0.03234	0.01232	0.01232	0.00873	0.00616	0.00513	0.00154	0.00565	0.00462	0.00513	0.00873
48	0.00956	0.00478	0.00478	0.00478	0.00598	0.00478	0.00359	0.01196	0.01076	0.01913	0.01674	0.01913	0.01315	0.00598	0.00359	0.00120	0.00239	0.00478	0.84816	0.00478
49	0.00726	0.00524	0.00686	0.00646	0.00767	0.00484	0.00484	0.00968	0.01452	0.02058	0.78496	0.03833	0.04841	0.01049	0.00605	0.00161	0.00242	0.00928	0.00565	0.00484
50	0.00726	0.00524	0.00686	0.00646	0.00767	0.00484	0.00484	0.00968	0.01452	0.02058	0.78496	0.03833	0.04841	0.01049	0.00605	0.00161	0.00242	0.00928	0.00565	0.00484
51	0.00746	0.00497	0.00560	0.00560	0.00560	0.00497	0.00311	0.00746	0.00746	0.00995	0.01617	0.03358	0.01865	0.81967	0.02612	0.00497	0.00497	0.00746	0.00311	0.00311
52	0.85592	0.00992	0.00754	0.00675	0.00992	0.01151	0.00556	0.01508	0.00873	0.02302	0.00714	0.00834	0.00556	0.00476	0.00318	0.00159	0.00397	0.00278	0.00318	0.00556
53	0.00891	0.00446	0.00668	0.00668	0.00668	0.00446	0.00446	0.00668	0.00668	0.00891	0.00891	0.01560	0.00891	0.01783	0.02005	0.85071	0.00446	0.00446	0.00223	0.00223
54	0.00827	0.00591	0.00827	0.00945	0.01063	0.00591	0.00827	0.01063	0.01181	0.01536	0.02717	0.05788	0.02953	0.01417	0.00709	0.00236	0.00472	0.75313	0.00472	0.00472
55	0.01276	0.01102	0.01160	0.01044	0.01334	0.01276	0.00812	0.02727	0.77840	0.02146	0.02088	0.01914	0.01566	0.00696	0.00522	0.00174	0.00406	0.00580	0.00522	0.00812
56	0.00612	0.00520	0.00527	0.00525	0.00696	0.00435	0.00394	0.00747	0.01182	0.01416	0.08408	0.04890	0.75330	0.01289	0.00606	0.00173	0.00259	0.01076	0.00480	0.00435
57	0.00625	0.00447	0.00595	0.00714	0.00744	0.00417	0.00476	0.00714	0.00982	0.01310	0.02828	0.81633	0.03394	0.01608	0.00655	0.00208	0.00298	0.01459	0.00476	0.00417
58	0.02109	0.01183	0.01383	0.01060	0.01464	0.01214	0.00876	0.43478	0.01987	0.37411	0.01589	0.01464	0.01052	0.00625	0.00515	0.00156	0.00507	0.00486	0.00568	0.00873
59	0.00972	0.00647	0.00813	0.00736	0.00909	0.00625	0.00571	0.05990	0.05781	0.08724	0.57977	0.03492	0.05358	0.00988	0.00592	0.00165	0.00299	0.04243	0.00559	0.00559
60	0.01237	0.01185	0.02023	0.11670	0.70505	0.01210	0.01558	0.01546	0.01153	0.01636	0.00959	0.01281	0.00799	0.00463	0.00509	0.00154	0.00618	0.00457	0.00251	0.00786
61	0.01211	0.01384	0.03028	0.02163	0.02682	0.01298	0.76903	0.01644	0.01211	0.01644	0.01038	0.01384	0.00779	0.00433	0.00606	0.00173	0.00865	0.00606	0.00260	0.00692
62	0.01064	0.00912	0.01064	0.00760	0.01216	0.00684	0.00608	0.01292	0.01064	0.01672	0.00912	0.01064	0.00760	0.00380	0.00380	0.00076	0.00380	0.00304	0.00304	0.85104
63	0.01926	0.01425	0.01526	0.01176	0.01582	0.01580	0.00969	0.74328	0.05180	0.03194	0.01263	0.01257	0.00898	0.00619	0.00514	0.00155	0.00559	0.00466	0.00514	0.00870
64	0.01829	0.01350	0.01455	0.01140	0.01517	0.01490	0.00931	0.69214	0.04029	0.03054	0.01380	0.07709	0.01091	0.00697	0.00525	0.00159	0.00540	0.00545	0.00511	0.00835
65	0.01270	0.01219	0.02083	0.03149	0.78767	0.01219	0.01575	0.01575	0.01168	0.01676	0.00965	0.01270	0.00813	0.00457	0.00508	0.00152	0.00610	0.00457	0.00254	0.00813
66	0.00625	0.00447	0.00595	0.00714	0.00744	0.00417	0.00476	0.00714	0.00982	0.01310	0.02828	0.81633	0.03394	0.01608	0.00655	0.00208	0.00298	0.01459	0.00476	0.00417
67	0.01595	0.26340	0.14479	0.01209	0.01604	0.40548	0.01107	0.03501	0.01280	0.01345	0.00798	0.00931	0.00663	0.00504	0.00451	0.00133	0.02292	0.00327	0.00248	0.00646
68	0.00624	0.00452	0.00590	0.00701	0.00741	0.00418	0.00470	0.00716	0.00995	0.01315	0.02989	0.76424	0.08499	0.01587	0.00652	0.00206	0.00295	0.01433	0.00476	0.00418
69	0.00746	0.00497	0.00560	0.00560	0.00560	0.00497	0.00311	0.00746	0.00746	0.00995	0.01617	0.03358	0.01865	0.81967	0.02612	0.00497	0.00497	0.00746	0.00311	0.00311
70	0.85592	0.00992	0.00754	0.00675	0.00992	0.01151	0.00556	0.01508	0.00873	0.02302	0.00714	0.00834	0.00556	0.00476	0.00318	0.00159	0.00397	0.00278	0.00318	0.00556
71	0.00716	0.00493	0.00596	0.00612	0.00645	0.00477	0.00385	0.00789	0.00955	0.01300	0.19114	0.20180	0.02859	0.46661	0.01744	0.00360	0.00398	0.00939	0.00403	0.00372
72	0.00627	0.00448	0.00597	0.00713	0.00745	0.00418	0.00476	0.00719	0.00991	0.01323	0.04153	0.80271	0.03419	0.01598	0.00654	0.00208	0.00297	0.01449	0.00478	0.00418
73	0.01951	0.01437	0.01540	0.01181	0.01591	0.01591	0.00975	0.77056	0.02412	0.03234	0.01232	0.01232	0.00873	0.00616	0.00513	0.00154	0.00565	0.00462	0.00513	0.00873
74	0.00625	0.00447	0.00595	0.00714	0.00744	0.00417	0.00476	0.00714	0.00982	0.01310	0.02828	0.81633	0.03394	0.01608	0.00655	0.00208	0.00298	0.01459	0.00476	0.00417
75	0.01064	0.00912	0.01064	0.00760	0.01216	0.00684	0.00608	0.01292	0.01064	0.01672	0.00912	0.01064	0.00760	0.00380	0.00380	0.00076	0.00380	0.00304	0.00304	0.85104
76	0.00611	0.00520	0.00526	0.00525	0.00696	0.00435	0.00393	0.00745	0.01180	0.01412	0.07972	0.04896	0.75768	0.01290	0.00606	0.00173	0.00259	0.01077	0.00480	0.00435
77	0.01948	0.01518	0.01533	0.01192	0.01591	0.07902	0.00977	0.71011	0.02335	0.03074	0.01197	0.01207	0.00856	0.00609	0.00509	0.00152	0.00594	0.00451	0.00493	0.00850
78	0.00739	0.00494	0.00562	0.00569	0.00571	0.00492	0.00321	0.00744	0.00761	0.01014	0.01692	0.08222	0.01960	0.76973	0.02490	0.00479	0.00485	0.00790	0.00321	0.00317
79	0.02302	0.00873	0.01191	0.00913	0.01310	0.00754	0.00754	0.02501	0.01469	0.79122	0.02024	0.01746	0.01270	0.00635	0.00516	0.00159	0.00437	0.00516	0.00635	0.00873
80	0.01064	0.00912	0.01064	0.00760	0.01216	0.00684	0.00608	0.01292	0.01064	0.01672	0.00912	0.01064	0.00760	0.00380	0.00380	0.00076	0.00380	0.00304	0.00304	0.85104
81	0.00746	0.00497	0.00560	0.00560	0.00560	0.00497	0.00311	0.00746	0.00746	0.00995	0.01617	0.03358	0.01865	0.81967	0.02612	0.00497	0.00497	0.00746	0.00311	0.00311
82	0.01029	0.02654	0.79309	0.01462	0.02221	0.01192	0.01896	0.01625	0.01083	0.01625	0.00921	0.01083	0.00650	0.00487	0.00487	0.00162	0.00758	0.00379	0.00217	0.00758
83	0.01951	0.01437	0.01540	0.01181	0.01591	0.01591	0.00975	0.77056	0.02412	0.03234	0.01232	0.01232	0.00873	0.00616	0.00513	0.00154	0.00565	0.00462	0.00513	0.00873
84	0.00625	0.00447	0.00595	0.00714	0.00744	0.00417	0.00476	0.00714	0.00982	0.01310	0.02828	0.81633	0.03394	0.01608	0.00655	0.00208	0.00298	0.01459	0.00476	0.00417
85	0.00619	0.00520	0.00537	0.00533	0.00701	0.00438	0.00399	0.00760	0.01198	0.01454	0.12636	0.04826	0.71078	0.01274	0.00606	0.00172	0.00258	0.01067	0.00485	0.00438
86	0.00743	0.00498	0.00559	0.00559	0.00562	0.00496	0.00313	0.00746	0.00755	0.01003	0.01690	0.03390	0.03435	0.80316	0.02571	0.00491	0.00493	0.00753	0.00314	0.00313
87	0.01276	0.01102	0.01160	0.01044	0.01334	0.01276	0.00812	0.02727	0.77840	0.02146	0.02088	0.01914	0.01566	0.00696	0.00522	0.00174	0.00406	0.00580	0.00522	0.00812
88	0.01951	0.01437	0.01540	0.01181	0.01591	0.01591	0.00975	0.77056	0.02412	0.03234	0.01232	0.01232	0.00873	0.00616	0.00513	0.00154	0.00565	0.00462	0.00513	0.00873
89	0.00607	0.00518	0.00522	0.00525	0.00695	0.00433	0.00392	0.00736	0.01164	0.01384	0.05131	0.07107	0.76433	0.01308	0.00608	0.00174	0.00261	0.01094	0.00476	0.00433
90	0.00630	0.00527	0.00553	0.00565	0.00733	0.00450	0.00437	0.00771	0.01171	0.01402	0.04932	0.05029	0.70450	0.01312	0.00617	0.00180	0.00283	0.09044	0.00476	0.00437
91	0.00726	0.00524	0.00686	0.00646	0.00767	0.00484	0.00484	0.00968	0.01452	0.02058	0.78496	0.03833	0.04841	0.01049	0.00605	0.00161	0.00242	0.00928	0.00565	0.00484
92	0.01064	0.00912	0.01064	0.00760	0.01216	0.00684	0.00608	0.01292	0.01064	0.01672	0.00912	0.01064	0.00760	0.00380	0.00380	0.00076	0.00380	0.00304	0.00304	0.85104
93	0.01215	0.01374	0.02968	0.02225	0.07473	0.01293	0.72160	0.01639	0.01208	0.01646	0.01033	0.01377	0.00781	0.00434	0.00599	0.00172	0.00849	0.00596	0.00259	0.00700
94	0.02302	0.00873	0.01191	0.00913	0.01310	0.00754	0.00754	0.02501	0.01469	0.79122	0.02024	0.01746	0.01270	0.00635	0.00516	0.00159	0.00437	0.00516	0.00635	0.00873
95	0.01951	0.01437	0.01540	0.01181	0.01591	0.01591	0.00975	0.77056	0.02412	0.03234	0.01232	0.01232	0.00873	0.00616	0.00513	0.00154	0.00565	0.00462	0.00513	0.00873
96	0.00746	0.00497	0.00560	0.00560	0.00560	0.00497	0.00311	0.00746	0.00746	0.00995	0.01617	0.03358	0.01865	0.81967	0.02612	0.00497	0.00497	0.00746	0.00311	0.00311
97	0.00628	0.00475	0.00580	0.00651	0.00731	0.00427	0.00451	0.00742	0.01077	0.01394	0.09761	0.52516	0.25769	0.01470	0.00636	0.00194	0.00282	0.01304	0.00484	0.00427
98	0.85592	0.00992	0.00754	0.00675	0.00992	0.01151	0.00556	0.01508	0.00873	0.02302	0.00714	0.00834	0.00556	0.00476	0.00318	0.00159	0.00397	0.00278	0.00318	0.00556
99	0.01123	0.01123	0.01572	0.01347	0.01347	0.01572	0.01123	0.01235	0.00786	0.01235	0.00674	0.01123	0.00674	0.00898	0.01684	0.00225	0.81028	0.00449	0.00225	0.00561
100	0.00625	0.00447	0.00595	0.00714	0.00744	0.00417	0.00476	0.00714	0.00982	0.01310	0.02828	0.81633	0.03394	0.01608	0.00655	0.00208	0.00298	0.01459	0.00476	0.00417
101	0.01974	0.01336	0.01471	0.01133	0.01534	0.01447	0.00933	0.64819	0.02248	0.14073	0.01378	0.02938	0.00981	0.00639	0.00517	0.00156	0.00541	0.00490	0.00530	0.00863
102	0.85592	0.00992	0.00754	0.00675	0.00992	0.01151	0.00556	0.01508	0.00873	0.02302	0.00714	0.00834	0.00556	0.00476	0.00318	0.00159	0.00397	0.00278	0.00318	0.00556
103	0.00606	0.00520	0.00520	0.00520	0.00693	0.00433	0.00390	0.00736	0.01170	0.01386	0.05198	0.04938	0.78558	0.01299	0.00606	0.00173	0.00260	0.01083	0.00476	0.00433
104	0.00620	0.00508	0.00548	0.00564	0.00708	0.00435	0.00413	0.00754	0.01163	0.01434	0.11405	0.17770	0.59240	0.01329	0.00614	0.00178	0.00265	0.01132	0.00484	0.00435
105	0.00723	0.00524	0.00681	0.00642	0.00765	0.00483	0.00482	0.00962	0.01445	0.02039	0.76479	0.03863	0.06870	0.01056	0.00605	0.00162	0.00243	0.00932	0.00562	0.00483
106	0.85592	0.00992	0.00754	0.00675	0.00992	0.01151	0.00556	0.01508	0.00873	0.02302	0.00714	0.00834	0.00556	0.00476	0.00318	0.00159	0.00397	0.00278	0.00318	0.00556
107	0.00733	0.00550	0.00825	0.00825	0.00916	0.00641	0.00641	0.00916	0.00825	0.01191	0.01374	0.02016	0.01283	0.03848	0.79934	0.00825	0.01374	0.00550	0.00275	0.00458
108	0.01930	0.01019	0.01235	0.00987	0.01336	0.01014	0.00802	0.29459	0.01746	0.39897	0.01852	0.11647	0.01429	0.00768	0.00537	0.00165	0.00467	0.02337	0.00567	0.00807
109	0.00622	0.00520	0.00542	0.00536	0.00703	0.00440	0.00402	0.00767	0.01207	0.01475	0.14864	0.04792	0.68837	0.01266	0.00606	0.00172	0.00258	0.01062	0.00488	0.00440
110	0.22800	0.00953	0.01114	0.00878	0.01257	0.00927	0.00725	0.08899	0.01406	0.53427	0.01631	0.01476	0.01059	0.00594	0.00467	0.00158	0.00438	0.00452	0.00546	0.00795
111	0.00891	0.00446	0.00668	0.00668	0.00668	0.00446	0.00446	0.00668	0.00668	0.00891	0.00891	0.01560	0.00891	0.01783	0.02005	0.85071	0.00446	0.00446	0.00223	0.00223
112	0.82404	0.04069	0.00827	0.00682	0.01005	0.01184	0.00568	0.01509	0.00880	0.02261	0.00714	0.00833	0.00560	0.00475	0.00318	0.00157	0.00403	0.00278	0.00314	0.00560
113	0.00719	0.00517	0.00664	0.00737	0.00800	0.00498	0.00509	0.05548	0.01120	0.01507	0.10395	0.68686	0.03382	0.01488	0.00641	0.00200	0.00309	0.01342	0.00488	0.00452
114	0.00618	0.00520	0.00536	0.00532	0.00700	0.00438	0.00399	0.00759	0.01198	0.01453	0.12500	0.04828	0.71215	0.01275	0.00606	0.00172	0.00258	0.01067	0.00485	0.00438
115	0.08684	0.01187	0.01711	0.01407	0.01520	0.03709	0.12289	0.01343	0.00875	0.01391	0.00735	0.01130	0.00678	0.00781	0.01368	0.00208	0.59709	0.00454	0.00239	0.00581
116	0.85592	0.00992	0.00754	0.00675	0.00992	0.01151	0.00556	0.01508	0.00873	0.02302	0.00714	0.00834	0.00556	0.00476	0.00318	0.00159	0.00397	0.00278	0.00318	0.00556
117	0.00827	0.00591	0.00827	0.00945	0.01063	0.00591	0.00827	0.01063	0.01181	0.01536	0.02717	0.05788	0.02953	0.01417	0.00709	0.00236	0.00472	0.75313	0.00472	0.00472
118	0.01770	0.02036	0.01394	0.01244	0.01528	0.54112	0.00948	0.09333	0.19376	0.01652	0.01137	0.01185	0.00892	0.00576	0.00481	0.00144	0.00770	0.00401	0.00348	0.00672
119	0.01836	0.02305	0.01398	0.01269	0.01531	0.73365	0.00954	0.03503	0.01456	0.01304	0.01076	0.01181	0.05506	0.00578	0.00473	0.00135	0.00877	0.00380	0.00283	0.00590
120	0.00734	0.00547	0.00809	0.00809	0.00895	0.00633	0.00622	0.00906	0.00820	0.01180	0.01389	0.02095	0.01317	0.08453	0.75376	0.00805	0.01323	0.00561	0.00277	0.00449
121	0.00891	0.00446	0.00668	0.00668	0.00668	0.00446	0.00446	0.00668	0.00668	0.00891	0.00891	0.01560	0.00891	0.01783	0.02005	0.85071	0.00446	0.00446	0.00223	0.00223
122	0.02165	0.00858	0.01150	0.00896	0.01264	0.00758	0.00728	0.02399	0.04314	0.71289	0.02001	0.01854	0.01319	0.05759	0.00648	0.00181	0.00439	0.00533	0.00610	0.00836
123	0.00780	0.00531	0.00658	0.00639	0.00770	0.00479	0.00470	0.00958	0.01280	0.06521	0.40831	0.16337	0.21831	0.04738	0.00696	0.00186	0.00279	0.01016	0.00523	0.00478
124	0.01602	0.01264	0.01344	0.01110	0.01458	0.01428	0.00891	0.38625	0.41410	0.02672	0.01675	0.01585	0.01231	0.00657	0.00518	0.00164	0.00483	0.00523	0.00518	0.00841
125	0.00765	0.00551	0.00753	0.00865	0.00965	0.00539	0.00717	0.00960	0.01132	0.01472	0.02881	0.24310	0.07236	0.01457	0.00690	0.00226	0.00418	0.53133	0.00474	0.00457
126	0.00679	0.00496	0.00637	0.00723	0.00776	0.00479	0.00492	0.00862	0.05790	0.01414	0.09232	0.67111	0.03348	0.04469	0.00715	0.00213	0.00307	0.01332	0.00481	0.00443
127	0.75074	0.00954	0.00770	0.00683	0.00985	0.01085	0.00553	0.01523	0.00903	0.07058	0.00853	0.01048	0.00682	0.05551	0.00473	0.00180	0.00406	0.00322	0.00337	0.00560
128	0.00891	0.00446	0.00668	0.00668	0.00668	0.00446	0.00446	0.00668	0.00668	0.00891	0.00891	0.01560	0.00891	0.01783	0.02005	0.85071	0.00446	0.00446	0.00223	0.00223
129	0.00701	0.00587	0.00621	0.00615	0.00792	0.00539	0.00471	0.00989	0.09641	0.01516	0.08800	0.06139	0.59617	0.01232	0.00604	0.00177	0.00289	0.05701	0.00486	0.00480
130	0.01056	0.00597	0.00764	0.00689	0.00875	0.00531	0.00528	0.01256	0.01369	0.19425	0.42111	0.09612	0.17074	0.01043	0.00589	0.00167	0.00294	0.00903	0.00558	0.00558
131	0.00665	0.00478	0.00621	0.00688	0.00749	0.00446	0.00478	0.00794	0.01103	0.01491	0.21897	0.51002	0.07088	0.06249	0.00759	0.00213	0.00301	0.04061	0.00489	0.00430
132	0.06025	0.00558	0.00690	0.00657	0.00794	0.00527	0.00496	0.01010	0.01366	0.03753	0.61484	0.08599	0.08514	0.01061	0.00591	0.00166	0.00265	0.02418	0.00539	0.00490
133	0.00777	0.00530	0.00596	0.00591	0.00614	0.00530	0.00349	0.03544	0.00838	0.01112	0.01814	0.08269	0.04828	0.70869	0.02336	0.00454	0.00478	0.00793	0.00335	0.00343
134	0.08424	0.00573	0.00685	0.00644	0.00791	0.00546	0.00489	0.01019	0.01353	0.03351	0.59701	0.03666	0.11766	0.02569	0.00618	0.00170	0.00271	0.02347	0.00528	0.00489
135	0.00714	0.00482	0.00588	0.00624	0.00643	0.00473	0.00387	0.00742	0.00843	0.01126	0.03761	0.26996	0.04425	0.45824	0.04595	0.05661	0.00452	0.00950	0.00365	0.00350
136	0.01951	0.01437	0.01540	0.01181	0.01591	0.01591	0.00975	0.77056	0.02412	0.03234	0.01232	0.01232	0.00873	0.00616	0.00513	0.00154	0.00565	0.00462	0.00513	0.00873
137	0.00624	0.00451	0.00591	0.00702	0.00741	0.00418	0.00471	0.00716	0.00994	0.01315	0.02977	0.76803	0.08127	0.01588	0.00652	0.00206	0.00295	0.01435	0.00476	0.00418
138	0.01303	0.01227	0.02017	0.02914	0.69095	0.01264	0.01509	0.06244	0.01222	0.01745	0.00963	0.01258	0.00808	0.00495	0.00582	0.00157	0.05671	0.00457	0.00268	0.00801
139	0.01069	0.01025	0.01769	0.54128	0.25751	0.01171	0.04980	0.01404	0.01077	0.01435	0.00934	0.01340	0.00726	0.00493	0.00516	0.00166	0.00670	0.00463	0.00237	0.00647
140	0.03357	0.01333	0.01417	0.01132	0.01507	0.01493	0.00921	0.54433	0.23874	0.02906	0.01466	0.01419	0.01064	0.00636	0.00512	0.00160	0.00516	0.00492	0.00512	0.00849
141	0.69473	0.01051	0.00864	0.00754	0.01078	0.02756	0.00616	0.06399	0.05793	0.05950	0.00896	0.00971	0.00674	0.00507	0.00355	0.00159	0.00421	0.00321	0.00356	0.00607
142	0.01906	0.01040	0.01241	0.00991	0.01352	0.01055	0.00805	0.20986	0.17643	0.39562	0.06436	0.01779	0.01448	0.00668	0.00522	0.00161	0.00450	0.00541	0.00577	0.00837
143	0.00741	0.00529	0.00719	0.00737	0.00812	0.00568	0.00547	0.00886	0.00900	0.01264	0.05112	0.08793	0.04362	0.19869	0.40962	0.00576	0.00891	0.07202	0.04103	0.00426
144	0.01321	0.60793	0.12092	0.01119	0.01604	0.03406	0.10517	0.01571	0.01077	0.01314	0.00781	0.00927	0.00673	0.00446	0.00386	0.00125	0.00622	0.00330	0.00225	0.00674
145	0.00700	0.00481	0.00587	0.00639	0.00659	0.00468	0.00402	0.00750	0.00875	0.01168	0.03922	0.35283	0.02597	0.44380	0.01698	0.00362	0.00409	0.03867	0.00390	0.00364
146	0.01612	0.07872	0.01533	0.07042	0.03094	0.21766	0.03023	0.25364	0.04480	0.03545	0.01036	0.01174	0.00807	0.00616	0.00568	0.05487	0.00640	0.00404	0.00355	0.09583
147	0.00745	0.00501	0.00576	0.00576	0.00582	0.00506	0.00331	0.00757	0.00751	0.01007	0.01602	0.03274	0.01829	0.77113	0.07417	0.00518	0.00552	0.00734	0.00309	0.00320
148	0.00622	0.00472	0.00570	0.00646	0.00722	0.00424	0.00443	0.00723	0.01037	0.01326	0.03569	0.54338	0.27931	0.03779	0.00694	0.00205	0.00291	0.01316	0.00472	0.00419
149	0.01047	0.04086	0.73050	0.01495	0.02233	0.01214	0.06600	0.01624	0.01091	0.01618	0.00924	0.01097	0.00658	0.00483	0.00492	0.00162	0.00761	0.00391	0.00219	0.00752
150	0.00614	0.00520	0.00530	0.00528	0.00698	0.00436	0.00396	0.00751	0.01187	0.01428	0.09753	0.04869	0.73977	0.01284	0.00606	0.00173	0.00259	0.01073	0.00482	0.00436
151	0.01050	0.07602	0.74547	0.01426	0.02165	0.01244	0.01833	0.01619	0.01081	0.01599	0.00908	0.01067	0.00651	0.00484	0.00478	0.00159	0.00745	0.00373	0.00217	0.00752
152	0.01561	0.01206	0.01331	0.00996	0.01426	0.01192	0.00814	0.43747	0.01820	0.02547	0.01091	0.01158	0.00823	0.00512	0.00455	0.00120	0.00483	0.00393	0.00421	0.37904
153	0.00716	0.00519	0.00675	0.00647	0.00763	0.00478	0.00481	0.00944	0.01411	0.01986	0.71077	0.09361	0.06824	0.01096	0.00609	0.00165	0.00247	0.00970	0.00556	0.00478
154	0.01488	0.01073	0.01180	0.01026	0.01340	0.01193	0.00808	0.05513	0.61103	0.16165	0.02044	0.01858	0.01486	0.00682	0.00521	0.00170	0.00418	0.00564	0.00542	0.00826
155	0.01372	0.82276	0.02689	0.00878	0.01317	0.02030	0.00878	0.01536	0.01043	0.01207	0.00713	0.00823	0.00658	0.00439	0.00329	0.00110	0.00549	0.00274	0.00219	0.00658
156	0.01243	0.00901	0.01071	0.00801	0.01213	0.00726	0.00638	0.05937	0.01191	0.11839	0.01231	0.07670	0.01046	0.00527	0.00428	0.00102	0.00392	0.00434	0.00374	0.62237

[dist]
# distance from previous block
# <min> <max>
6	20

[block]
# block no. 3 follows, 48 sequences, length 8
# corresponding to MSA columns:
# 263-270
name=unknown_D
#
# <colnr> <probs for GDERKNQSTAVLIFYWHMCP>
#	G	D	E	R	K	N	Q	S	T	A	V	L	I	F	Y	W	H	M	C	P
