[name]
unknown

[dist]
# distance from previous block
# <min> <max>
22	121

[block]
# block no. 0 follows, 48 sequences, length 22
# corresponding to MSA columns:
# 148-169
name=unknown_A
#
# <colnr> <probs for GDERKNQSTAVLIFYWHMCP>
#	G	D	E	R	K	N	Q	S	T	A	V	L	I	F	Y	W	H	M	C	P
0	0.06970	0.05548	0.06157	0.08345	0.10387	0.14652	0.02222	0.08269	0.03583	0.03753	0.01127	0.04657	0.02236	0.00549	0.00459	0.00136	0.00581	0.00437	0.00320	0.19613
1	0.01266	0.02725	0.12580	0.01436	0.16712	0.01040	0.01079	0.13483	0.04768	0.05186	0.03215	0.03403	0.01211	0.00624	0.00498	0.00146	0.00520	0.08228	0.00364	0.21514
2	0.01297	0.11076	0.05800	0.01268	0.10293	0.02305	0.04154	0.17183	0.06989	0.04725	0.07153	0.08977	0.02758	0.00740	0.00518	0.00157	0.00507	0.06304	0.00402	0.07396
3	0.12811	0.05752	0.08383	0.01069	0.05883	0.01120	0.00881	0.16830	0.07284	0.03417	0.01203	0.01424	0.02128	0.02288	0.02453	0.00160	0.00508	0.02749	0.00363	0.23295
4	0.08835	0.02274	0.12677	0.00958	0.01365	0.01031	0.00876	0.20204	0.03972	0.07905	0.08193	0.02993	0.03588	0.03190	0.00540	0.00151	0.00477	0.00489	0.00407	0.19875
5	0.01498	0.15588	0.13096	0.01079	0.01530	0.01369	0.02001	0.30510	0.04801	0.05687	0.04401	0.01294	0.01009	0.00615	0.01946	0.00151	0.00559	0.00426	0.00390	0.12050
6	0.01354	0.13062	0.21695	0.08224	0.01794	0.01275	0.03808	0.18948	0.03464	0.07503	0.07869	0.02878	0.01223	0.00604	0.00493	0.00153	0.00581	0.01455	0.00367	0.03250
7	0.00748	0.00580	0.00750	0.07798	0.01044	0.00569	0.00584	0.00986	0.04757	0.01603	0.26526	0.23311	0.14539	0.05613	0.00716	0.00197	0.00339	0.05866	0.00470	0.03003
8	0.07653	0.47892	0.12872	0.00918	0.01328	0.04038	0.00932	0.01477	0.01032	0.01412	0.00889	0.01066	0.00763	0.00769	0.07432	0.00186	0.00624	0.00334	0.07753	0.00629
9	0.01077	0.00664	0.00777	0.00686	0.00868	0.00687	0.05070	0.07136	0.08388	0.02019	0.01641	0.01829	0.01273	0.00598	0.00401	0.00131	0.00317	0.00494	0.65391	0.00552
10	0.00879	0.00873	0.08406	0.00858	0.01116	0.00688	0.05133	0.01241	0.08060	0.03067	0.33721	0.09892	0.09740	0.03334	0.00623	0.00168	0.00376	0.00801	0.00457	0.10567
11	0.50025	0.01150	0.06684	0.08065	0.06067	0.01183	0.00840	0.08285	0.06906	0.02152	0.00944	0.01132	0.00741	0.03376	0.00472	0.00172	0.00481	0.00368	0.00331	0.00626
12	0.06200	0.01091	0.07954	0.00966	0.01259	0.01063	0.00819	0.02095	0.47432	0.01977	0.08045	0.05177	0.08645	0.00811	0.00534	0.00175	0.00411	0.04165	0.00478	0.00703
13	0.66363	0.01039	0.00960	0.00949	0.07972	0.01165	0.00691	0.07324	0.01055	0.07271	0.00861	0.00961	0.00649	0.00495	0.00362	0.00158	0.00431	0.00323	0.00347	0.00623
14	0.01109	0.08104	0.01400	0.01051	0.01305	0.02059	0.14136	0.08304	0.07685	0.06123	0.08856	0.19659	0.07863	0.06766	0.00717	0.00196	0.00483	0.03167	0.00424	0.00592
15	0.01276	0.57272	0.18272	0.08103	0.01704	0.03194	0.01137	0.01544	0.01057	0.01303	0.00775	0.00927	0.00659	0.00457	0.00380	0.00126	0.00611	0.00313	0.00220	0.00670
16	0.00867	0.14153	0.05666	0.05560	0.01091	0.00821	0.00673	0.01101	0.01275	0.01752	0.49601	0.02984	0.03390	0.08077	0.00726	0.00183	0.00372	0.00743	0.00445	0.00519
17	0.01179	0.02187	0.57588	0.01508	0.08831	0.01127	0.01644	0.04844	0.01176	0.08566	0.01148	0.05888	0.00890	0.00569	0.00503	0.00164	0.00681	0.00465	0.00285	0.00758
18	0.01111	0.00649	0.00756	0.07723	0.01031	0.00646	0.00541	0.05723	0.01149	0.07703	0.01523	0.01853	0.01222	0.07803	0.00596	0.00158	0.00350	0.00484	0.49754	0.09223
19	0.05856	0.00991	0.13769	0.05667	0.01257	0.00744	0.00806	0.04346	0.01185	0.02837	0.24080	0.15602	0.02474	0.06693	0.03806	0.00212	0.00463	0.00751	0.00404	0.08056
20	0.01190	0.10570	0.01139	0.00829	0.01075	0.08529	0.00663	0.04598	0.03723	0.10598	0.24942	0.06582	0.06312	0.02048	0.05921	0.00198	0.00487	0.02053	0.00442	0.08100
21	0.01484	0.05297	0.08437	0.02584	0.01598	0.15207	0.07702	0.23345	0.06445	0.04379	0.03241	0.10843	0.01242	0.00684	0.00514	0.00155	0.00610	0.00566	0.00391	0.05276

[dist]
# distance from previous block
# <min> <max>
4	64

[block]
# block no. 1 follows, 48 sequences, length 48
# corresponding to MSA columns:
# 243-290
name=unknown_B
#
# <colnr> <probs for GDERKNQSTAVLIFYWHMCP>
#	G	D	E	R	K	N	Q	S	T	A	V	L	I	F	Y	W	H	M	C	P
0	0.14283	0.04041	0.10912	0.02386	0.01434	0.03862	0.02555	0.11790	0.06322	0.08971	0.01185	0.04607	0.00950	0.01965	0.00507	0.00147	0.02029	0.00436	0.00367	0.21252
1	0.34979	0.14714	0.02947	0.00970	0.06010	0.02781	0.00767	0.11209	0.03628	0.03625	0.07962	0.01356	0.03165	0.00568	0.00409	0.00147	0.00458	0.00410	0.00358	0.03537
2	0.06562	0.03838	0.02032	0.01021	0.05685	0.00949	0.01743	0.20094	0.03157	0.11713	0.05958	0.24725	0.06380	0.00949	0.00562	0.01144	0.00428	0.00798	0.00468	0.01794
3	0.03533	0.07686	0.10588	0.03446	0.04499	0.03612	0.02577	0.08711	0.06747	0.04413	0.05656	0.07395	0.02424	0.00624	0.00472	0.00137	0.00493	0.01562	0.00360	0.25066
4	0.03201	0.02454	0.07521	0.20340	0.02890	0.01958	0.00984	0.15302	0.02752	0.09384	0.06116	0.13575	0.05720	0.00793	0.00535	0.00168	0.00513	0.02300	0.00404	0.03089
5	0.37542	0.06062	0.10111	0.00855	0.01196	0.02571	0.00779	0.07276	0.02830	0.08271	0.03664	0.08314	0.01157	0.00649	0.00426	0.00160	0.00454	0.02120	0.04943	0.00621
6	0.07141	0.00752	0.06735	0.00795	0.00957	0.00631	0.00631	0.05643	0.01112	0.06737	0.05066	0.49463	0.05491	0.03651	0.00683	0.02094	0.00372	0.01088	0.00450	0.00507
7	0.08417	0.03809	0.06145	0.19239	0.03380	0.00889	0.02465	0.03755	0.02594	0.08221	0.09207	0.19567	0.05033	0.02323	0.00569	0.00176	0.00473	0.00736	0.00387	0.02614
8	0.18308	0.05258	0.33508	0.07134	0.01892	0.05110	0.07411	0.04385	0.03923	0.01768	0.01045	0.04762	0.00852	0.00562	0.00470	0.00163	0.00641	0.01854	0.00283	0.00671
9	0.25820	0.01085	0.04849	0.01167	0.09454	0.02266	0.03752	0.09054	0.11316	0.07169	0.05686	0.06552	0.03885	0.00709	0.00487	0.00168	0.00469	0.05043	0.00407	0.00663
10	0.01216	0.00610	0.00806	0.00748	0.00926	0.00547	0.00562	0.01347	0.01207	0.27061	0.13534	0.27513	0.10318	0.03157	0.00735	0.05777	0.00350	0.02501	0.00521	0.00564
11	0.00726	0.00499	0.00729	0.02270	0.00856	0.00478	0.03420	0.00767	0.00939	0.01253	0.05187	0.51045	0.04291	0.02780	0.00998	0.20292	0.00365	0.02318	0.00404	0.00387
12	0.20503	0.15969	0.46657	0.01194	0.01792	0.01329	0.02806	0.01583	0.01030	0.01709	0.00840	0.00987	0.00632	0.00476	0.00423	0.00153	0.00641	0.00342	0.00241	0.00693
13	0.03048	0.00615	0.00743	0.00721	0.00793	0.03762	0.00509	0.00991	0.07396	0.01333	0.18886	0.05180	0.01952	0.02990	0.01414	0.47947	0.00409	0.00604	0.00342	0.00365
14	0.35361	0.00901	0.00940	0.00805	0.01112	0.00943	0.00646	0.03328	0.09530	0.27547	0.05704	0.08412	0.01385	0.00684	0.00454	0.00165	0.00397	0.00530	0.00476	0.00679
15	0.00771	0.00559	0.00709	0.00699	0.00811	0.00534	0.00511	0.05834	0.01360	0.01881	0.47746	0.28115	0.06109	0.01203	0.00615	0.00176	0.00281	0.01068	0.00531	0.00487
16	0.00726	0.00553	0.00703	0.00725	0.00853	0.00478	0.00507	0.00847	0.01001	0.01393	0.02388	0.63138	0.02789	0.01326	0.00592	0.00178	0.00317	0.01194	0.00437	0.19857
17	0.20163	0.00627	0.00643	0.00614	0.00793	0.00617	0.00469	0.01004	0.01205	0.01859	0.33065	0.06882	0.28231	0.01025	0.00542	0.00167	0.00286	0.00853	0.00475	0.00481
18	0.01669	0.01228	0.01344	0.01058	0.01402	0.01337	0.00863	0.59590	0.02192	0.02964	0.18968	0.01829	0.01784	0.00715	0.00534	0.00156	0.00491	0.00569	0.00525	0.00783
19	0.01348	0.00903	0.01093	0.00795	0.01238	0.00700	0.00642	0.01569	0.01157	0.19451	0.01167	0.01221	0.00877	0.00439	0.00411	0.00095	0.00393	0.00353	0.00380	0.65769
20	0.00718	0.00486	0.00568	0.00595	0.00602	0.00479	0.00349	0.00739	0.00800	0.01067	0.01895	0.21326	0.02216	0.63521	0.02162	0.00431	0.00452	0.00910	0.00349	0.00335
21	0.00718	0.00486	0.00568	0.00595	0.00602	0.00479	0.00349	0.00739	0.00800	0.01067	0.01895	0.21326	0.02216	0.63521	0.02162	0.00431	0.00452	0.00910	0.00349	0.00335
22	0.00715	0.00485	0.00569	0.00599	0.00606	0.00477	0.00353	0.00738	0.00806	0.01075	0.01924	0.23210	0.02253	0.61586	0.02115	0.00424	0.00447	0.00927	0.00353	0.00338
23	0.00830	0.00446	0.00652	0.00679	0.00686	0.00439	0.00453	0.00679	0.00741	0.00987	0.01336	0.19940	0.01466	0.01742	0.01695	0.65591	0.00412	0.00678	0.00281	0.00267
24	0.85592	0.00992	0.00754	0.00675	0.00992	0.01151	0.00556	0.01508	0.00873	0.02302	0.00714	0.00834	0.00556	0.00476	0.00318	0.00159	0.00397	0.00278	0.00318	0.00556
25	0.01254	0.01114	0.01262	0.01116	0.01342	0.01350	0.00887	0.03868	0.58646	0.01959	0.01747	0.01719	0.01348	0.00741	0.00789	0.00185	0.18916	0.00548	0.00454	0.00756
26	0.21392	0.00917	0.01097	0.00867	0.01243	0.00874	0.00714	0.03830	0.02993	0.58253	0.01709	0.01530	0.01104	0.00600	0.00471	0.00159	0.00430	0.00462	0.00557	0.00799
27	0.00895	0.00713	0.00998	0.01037	0.01128	0.00816	0.00895	0.01103	0.01090	0.01467	0.02248	0.04717	0.02430	0.01298	0.00933	0.00234	0.18964	0.58128	0.00416	0.00493
28	0.20207	0.00632	0.00702	0.00652	0.00818	0.00637	0.00501	0.01092	0.01319	0.02114	0.60641	0.03144	0.03858	0.00918	0.00539	0.00161	0.00278	0.00779	0.00508	0.00501
29	0.21373	0.00901	0.01083	0.00856	0.01227	0.00853	0.00705	0.03585	0.01349	0.58041	0.03763	0.01584	0.01195	0.00609	0.00473	0.00159	0.00425	0.00471	0.00558	0.00790
30	0.00895	0.00713	0.00998	0.01037	0.01128	0.00816	0.00895	0.01103	0.01090	0.01467	0.02248	0.04717	0.02430	0.01298	0.00933	0.00234	0.18964	0.58128	0.00416	0.00493
31	0.01215	0.01549	0.19810	0.02762	0.61196	0.01213	0.01648	0.01586	0.01149	0.01665	0.00955	0.01227	0.00775	0.00464	0.00503	0.00155	0.00644	0.00439	0.00245	0.00800
32	0.34431	0.01970	0.46599	0.01167	0.01746	0.01178	0.03023	0.01579	0.01003	0.01893	0.00842	0.00991	0.00616	0.00482	0.00423	0.00161	0.00618	0.00344	0.00257	0.00677
33	0.20197	0.00630	0.00689	0.00645	0.00813	0.00633	0.00494	0.01072	0.01292	0.02056	0.54419	0.04624	0.08714	0.00944	0.00540	0.00162	0.00280	0.00799	0.00501	0.00496
34	0.00736	0.00615	0.00806	0.00825	0.00873	0.00685	0.00609	0.00838	0.00971	0.01306	0.02758	0.49422	0.16225	0.01390	0.00882	0.00206	0.18823	0.01160	0.00419	0.00453
35	0.01064	0.00912	0.01064	0.00760	0.01216	0.00684	0.00608	0.01292	0.01064	0.01672	0.00912	0.01064	0.00760	0.00380	0.00380	0.00076	0.00380	0.00304	0.00304	0.85104
36	0.01148	0.01067	0.01680	0.05243	0.50611	0.01017	0.01236	0.01418	0.01132	0.01631	0.01270	0.04512	0.05447	0.00535	0.00490	0.00139	0.00527	0.00497	0.00286	0.20115
37	0.01540	0.19620	0.01482	0.00938	0.01275	0.01238	0.00787	0.03652	0.29738	0.23060	0.04467	0.01679	0.01363	0.00798	0.04703	0.00188	0.00493	0.00500	0.01721	0.00759
38	0.85592	0.00992	0.00754	0.00675	0.00992	0.01151	0.00556	0.01508	0.00873	0.02302	0.00714	0.00834	0.00556	0.00476	0.00318	0.00159	0.00397	0.00278	0.00318	0.00556
39	0.01353	0.00907	0.01095	0.00801	0.01240	0.00713	0.00646	0.01601	0.02850	0.19461	0.01193	0.01239	0.00895	0.00446	0.00414	0.00097	0.00394	0.00359	0.00385	0.63910
40	0.00720	0.00490	0.00587	0.00622	0.00637	0.00485	0.00383	0.00757	0.00827	0.01103	0.01963	0.22887	0.02281	0.56481	0.03841	0.00421	0.00467	0.04342	0.00359	0.00348
41	0.00718	0.00486	0.00568	0.00595	0.00602	0.00479	0.00349	0.00739	0.00800	0.01067	0.01895	0.21326	0.02216	0.63521	0.02162	0.00431	0.00452	0.00910	0.00349	0.00335
42	0.00780	0.00615	0.00879	0.19032	0.01406	0.00635	0.00704	0.01041	0.01338	0.01850	0.56323	0.03351	0.06532	0.00943	0.00586	0.00166	0.00349	0.02486	0.00482	0.00502
43	0.01843	0.01128	0.01423	0.19353	0.01943	0.01208	0.01005	0.34749	0.01779	0.28157	0.01423	0.01435	0.00962	0.00599	0.00514	0.00159	0.00549	0.00479	0.00489	0.00803
44	0.01842	0.01057	0.01370	0.19320	0.01903	0.01111	0.00975	0.23791	0.05511	0.35421	0.01543	0.01519	0.01036	0.00605	0.00515	0.00161	0.00529	0.00490	0.00501	0.00800
45	0.01117	0.00610	0.00747	0.00681	0.00800	0.00585	0.00463	0.01258	0.04479	0.19108	0.09491	0.08064	0.02112	0.46314	0.01708	0.00353	0.00441	0.00750	0.00431	0.00487
46	0.01275	0.00903	0.01459	0.62411	0.03023	0.01051	0.01271	0.01584	0.01128	0.19173	0.01167	0.01455	0.00819	0.00541	0.00514	0.00168	0.00627	0.00470	0.00321	0.00640
47	0.00726	0.00553	0.00703	0.00725	0.00853	0.00478	0.00507	0.00847	0.01001	0.01393	0.02388	0.63138	0.02789	0.01326	0.00592	0.00178	0.00317	0.01194	0.00437	0.19857

[dist]
# distance from previous block
# <min> <max>
0	15

[block]
# block no. 2 follows, 48 sequences, length 16
# corresponding to MSA columns:
# 306-321
name=unknown_C
#
# <colnr> <probs for GDERKNQSTAVLIFYWHMCP>
#	G	D	E	R	K	N	Q	S	T	A	V	L	I	F	Y	W	H	M	C	P
0	0.00719	0.00667	0.00969	0.00822	0.01045	0.00585	0.13710	0.00905	0.01183	0.01463	0.08236	0.08028	0.57435	0.01151	0.00609	0.00174	0.00366	0.01010	0.00443	0.00480
1	0.01058	0.01215	0.14677	0.00882	0.01391	0.00772	0.00832	0.01350	0.01067	0.01664	0.00914	0.01067	0.00741	0.00399	0.00399	0.00091	0.00446	0.00317	0.00289	0.70430
2	0.02281	0.00907	0.01212	0.00929	0.01327	0.00805	0.00767	0.06989	0.01525	0.74554	0.01977	0.01715	0.01246	0.00634	0.00516	0.00158	0.00444	0.00513	0.00628	0.00873
3	0.71101	0.00972	0.00830	0.00716	0.01048	0.01082	0.00590	0.01681	0.00977	0.15667	0.00942	0.00992	0.00680	0.00504	0.00352	0.00159	0.00404	0.00319	0.00373	0.00611
4	0.00861	0.00517	0.00670	0.00711	0.00794	0.00478	0.00491	0.00962	0.01038	0.11036	0.05544	0.52031	0.05994	0.13481	0.00928	0.00243	0.00345	0.02938	0.00475	0.00463
5	0.00699	0.00545	0.00771	0.14634	0.01247	0.00557	0.00658	0.00849	0.01029	0.01348	0.04369	0.54537	0.09084	0.01367	0.00629	0.00200	0.00372	0.06219	0.00435	0.00450
6	0.00630	0.00454	0.00598	0.00703	0.00744	0.00421	0.00473	0.00730	0.01017	0.01356	0.07264	0.74198	0.06385	0.01564	0.00650	0.00204	0.00293	0.01414	0.00481	0.00421
7	0.15441	0.00604	0.00629	0.00599	0.00775	0.00579	0.00458	0.00966	0.01235	0.01823	0.34684	0.03768	0.34549	0.01053	0.00556	0.00166	0.00276	0.00879	0.00485	0.00476
8	0.44743	0.00935	0.00948	0.00790	0.01122	0.00983	0.00644	0.03982	0.03922	0.30752	0.01274	0.01262	0.00884	0.00617	0.00495	0.04719	0.00419	0.00391	0.00443	0.00674
9	0.00742	0.00505	0.00598	0.00591	0.00618	0.00504	0.00362	0.00795	0.00874	0.01192	0.14977	0.03356	0.02347	0.62999	0.07103	0.00459	0.00508	0.00766	0.00353	0.00350
10	0.06775	0.00880	0.01167	0.00900	0.01293	0.00775	0.00743	0.02447	0.01437	0.74996	0.01954	0.01697	0.01232	0.00627	0.00505	0.00159	0.00434	0.00503	0.00618	0.00856
11	0.05792	0.00999	0.01293	0.17829	0.03108	0.02558	0.00926	0.14832	0.01502	0.38477	0.06242	0.01639	0.01244	0.00619	0.00510	0.00160	0.00510	0.00503	0.00495	0.00764
12	0.01427	0.00959	0.01205	0.14824	0.01616	0.01041	0.00862	0.27958	0.01539	0.13614	0.03142	0.08263	0.02641	0.08245	0.10061	0.00272	0.00622	0.00606	0.00433	0.00669
13	0.01058	0.01003	0.01678	0.57052	0.18533	0.01171	0.04157	0.01468	0.06056	0.01451	0.01004	0.01384	0.00771	0.00511	0.00516	0.00168	0.00657	0.00470	0.00254	0.00639
14	0.63595	0.02967	0.02792	0.14643	0.01489	0.02653	0.00758	0.01508	0.00932	0.03658	0.00782	0.00953	0.00599	0.00486	0.00363	0.00159	0.00470	0.00317	0.00303	0.00573
15	0.01002	0.00902	0.01454	0.54489	0.11782	0.01053	0.01261	0.04356	0.01173	0.01562	0.14429	0.01780	0.01430	0.00604	0.00528	0.00166	0.00594	0.00538	0.00301	0.00596

[dist]
# distance from previous block
# <min> <max>
0	6

[block]
# block no. 3 follows, 48 sequences, length 14
# corresponding to MSA columns:
# 328-341
name=unknown_D
#
# <colnr> <probs for GDERKNQSTAVLIFYWHMCP>
#	G	D	E	R	K	N	Q	S	T	A	V	L	I	F	Y	W	H	M	C	P
0	0.01323	0.02488	0.04201	0.17077	0.01735	0.20264	0.00949	0.04975	0.07785	0.08577	0.01519	0.15724	0.01404	0.00957	0.04389	0.01876	0.00645	0.03143	0.00366	0.00604
1	0.02302	0.00873	0.01191	0.00913	0.01310	0.00754	0.00754	0.02501	0.01469	0.79122	0.02024	0.01746	0.01270	0.00635	0.00516	0.00159	0.00437	0.00516	0.00635	0.00873
2	0.00938	0.00582	0.00850	0.00805	0.00805	0.00672	0.00582	0.00782	0.00692	0.00960	0.00847	0.01472	0.00847	0.01605	0.01941	0.67997	0.16662	0.00446	0.00223	0.00291
3	0.04778	0.00598	0.00810	0.16782	0.01318	0.00622	0.00660	0.00957	0.01058	0.03636	0.11290	0.36995	0.10672	0.06587	0.00726	0.00207	0.00387	0.01025	0.00423	0.00470
4	0.01799	0.01258	0.01494	0.17155	0.01946	0.01392	0.01037	0.52158	0.02011	0.12674	0.01270	0.01326	0.00886	0.00598	0.00514	0.00158	0.00572	0.00468	0.00472	0.00812
5	0.00685	0.00599	0.00732	0.16668	0.01268	0.00578	0.00602	0.00862	0.01153	0.01401	0.07575	0.04171	0.59629	0.01130	0.00588	0.00172	0.00344	0.00950	0.00430	0.00463
6	0.01285	0.00732	0.00891	0.00811	0.01020	0.00714	0.00613	0.07088	0.10923	0.23145	0.04234	0.28490	0.09265	0.05326	0.00679	0.00195	0.00374	0.00904	0.02685	0.00626
7	0.00885	0.00519	0.00687	0.00732	0.00829	0.00472	0.00515	0.01000	0.01086	0.13257	0.06103	0.62329	0.06756	0.01420	0.00629	0.00197	0.00315	0.01273	0.00504	0.00490
8	0.00810	0.00581	0.00661	0.00600	0.00692	0.00535	0.00371	0.00856	0.00810	0.01131	0.01475	0.02896	0.01643	0.65549	0.02163	0.00413	0.00474	0.00657	0.00310	0.17375
9	0.52594	0.00984	0.00951	0.00787	0.01137	0.01051	0.00649	0.06975	0.01173	0.27550	0.01179	0.01160	0.00811	0.00538	0.00396	0.00158	0.00421	0.00368	0.00435	0.00681
10	0.00669	0.00502	0.00625	0.00700	0.00773	0.00475	0.00484	0.00856	0.05546	0.01430	0.09173	0.59687	0.14244	0.01465	0.00636	0.00198	0.00294	0.01311	0.00486	0.00448
11	0.00855	0.00620	0.00759	0.00661	0.00872	0.00530	0.00507	0.01073	0.01326	0.05853	0.46270	0.03358	0.16563	0.00936	0.00555	0.00146	0.00283	0.00808	0.00501	0.17524
12	0.01323	0.61229	0.02385	0.16974	0.01779	0.06410	0.00995	0.01521	0.01063	0.01231	0.00758	0.00939	0.00664	0.00459	0.00374	0.00123	0.00598	0.00314	0.00224	0.00637
13	0.23374	0.00903	0.01080	0.00853	0.01229	0.00855	0.00704	0.02250	0.01318	0.59687	0.01693	0.01515	0.01089	0.00595	0.00466	0.00159	0.00427	0.00456	0.00555	0.00793

[dist]
# distance from previous block
# <min> <max>
0	2

[block]
# block no. 4 follows, 48 sequences, length 9
# corresponding to MSA columns:
# 344-352
name=unknown_E
#
# <colnr> <probs for GDERKNQSTAVLIFYWHMCP>
#	G	D	E	R	K	N	Q	S	T	A	V	L	I	F	Y	W	H	M	C	P
0	0.01931	0.01015	0.01223	0.00987	0.01352	0.01023	0.00800	0.11630	0.26039	0.45253	0.01949	0.01738	0.01317	0.00652	0.00518	0.00163	0.00442	0.00530	0.00584	0.00854
1	0.00965	0.01114	0.23492	0.00770	0.01069	0.00688	0.00805	0.01294	0.01059	0.01775	0.01451	0.01756	0.01154	0.05377	0.00529	0.00154	0.00406	0.00465	0.55127	0.00550
2	0.00929	0.24367	0.01181	0.00653	0.00781	0.00945	0.00476	0.00977	0.00833	0.01057	0.01353	0.02618	0.01513	0.58171	0.01945	0.00384	0.00512	0.00608	0.00284	0.00412
3	0.01070	0.01133	0.02344	0.01720	0.02123	0.01060	0.54598	0.01446	0.01282	0.01764	0.23646	0.02099	0.01964	0.00612	0.00605	0.00170	0.00683	0.00700	0.00349	0.00631
4	0.85592	0.00992	0.00754	0.00675	0.00992	0.01151	0.00556	0.01508	0.00873	0.02302	0.00714	0.00834	0.00556	0.00476	0.00318	0.00159	0.00397	0.00278	0.00318	0.00556
5	0.00789	0.00482	0.00591	0.00591	0.00591	0.00482	0.00350	0.00723	0.00723	0.00965	0.01405	0.02833	0.01581	0.58563	0.02435	0.25183	0.00482	0.00658	0.00285	0.00285
6	0.01115	0.00571	0.00769	0.00772	0.00909	0.00515	0.00557	0.01236	0.01124	0.24021	0.02593	0.58316	0.02774	0.01324	0.00614	0.00194	0.00338	0.01184	0.00523	0.00550
7	0.01835	0.00926	0.01308	0.24232	0.01974	0.00938	0.00964	0.05800	0.05900	0.48162	0.01665	0.01621	0.01097	0.00602	0.00515	0.00163	0.00513	0.00500	0.00504	0.00781
8	0.01126	0.02290	0.58991	0.01632	0.05188	0.01194	0.15653	0.01664	0.01126	0.04922	0.00991	0.01174	0.00706	0.00482	0.00511	0.00164	0.00759	0.00430	0.00244	0.00753

[dist]
# distance from previous block
# <min> <max>
0	4

[block]
# block no. 5 follows, 48 sequences, length 52
# corresponding to MSA columns:
# 357-408
name=unknown_F
#
# <colnr> <probs for GDERKNQSTAVLIFYWHMCP>
#	G	D	E	R	K	N	Q	S	T	A	V	L	I	F	Y	W	H	M	C	P
0	0.76895	0.01039	0.00836	0.00727	0.01055	0.01197	0.00599	0.09364	0.01033	0.02399	0.00768	0.00875	0.00589	0.00491	0.00338	0.00158	0.00414	0.00297	0.00338	0.00589
1	0.00692	0.00527	0.00750	0.00968	0.08857	0.00500	0.00591	0.00804	0.01002	0.01348	0.02634	0.73276	0.03125	0.01488	0.00640	0.00203	0.00330	0.01355	0.00453	0.00458
2	0.04276	0.03245	0.07181	0.04631	0.05724	0.01230	0.54102	0.01584	0.01164	0.01649	0.00991	0.01294	0.00756	0.00436	0.00551	0.00159	0.00767	0.00529	0.00261	0.09469
3	0.01061	0.00996	0.01638	0.51242	0.23827	0.01114	0.01381	0.01381	0.01069	0.01448	0.00927	0.01310	0.00727	0.00484	0.00498	0.00156	0.00632	0.00441	0.00243	0.09426
4	0.01219	0.01042	0.01111	0.01003	0.01275	0.01194	0.00778	0.02544	0.69897	0.02137	0.10034	0.02114	0.01907	0.00733	0.00531	0.00173	0.00389	0.00616	0.00527	0.00778
5	0.01800	0.01295	0.01410	0.01114	0.01480	0.01419	0.00907	0.62658	0.05413	0.06361	0.01469	0.09644	0.01182	0.00723	0.00529	0.00161	0.00524	0.00573	0.00515	0.00823
6	0.02126	0.00836	0.01121	0.00872	0.01246	0.00721	0.00716	0.02317	0.01438	0.71039	0.02354	0.02078	0.09307	0.00704	0.00525	0.00160	0.00418	0.00575	0.00619	0.00827
7	0.76757	0.00936	0.00738	0.00679	0.00967	0.01075	0.00547	0.01426	0.00885	0.02199	0.00934	0.09235	0.00851	0.00594	0.00353	0.00164	0.00387	0.00401	0.00334	0.00541
8	0.00763	0.00550	0.00694	0.00763	0.00832	0.00539	0.00528	0.08653	0.01131	0.01510	0.02662	0.73272	0.03132	0.01504	0.00640	0.00203	0.00325	0.01355	0.00480	0.00464
9	0.76802	0.00984	0.00786	0.00684	0.01016	0.01102	0.00561	0.01486	0.00893	0.02237	0.00735	0.00857	0.00577	0.00466	0.00324	0.00150	0.00395	0.00281	0.00316	0.09347
10	0.01874	0.01432	0.01695	0.01283	0.01705	0.01561	0.08870	0.69214	0.02288	0.03068	0.01212	0.01248	0.00863	0.00597	0.00523	0.00156	0.00596	0.00477	0.00487	0.00854
11	0.00726	0.00524	0.00686	0.00646	0.00767	0.00484	0.00484	0.00968	0.01452	0.02058	0.78496	0.03833	0.04841	0.01049	0.00605	0.00161	0.00242	0.00928	0.00565	0.00484
12	0.00606	0.00520	0.00520	0.00520	0.00693	0.00433	0.00390	0.00736	0.01170	0.01386	0.05198	0.04938	0.78558	0.01299	0.00606	0.00173	0.00260	0.01083	0.00476	0.00433
13	0.00606	0.00520	0.00520	0.00520	0.00693	0.00433	0.00390	0.00736	0.01170	0.01386	0.05198	0.04938	0.78558	0.01299	0.00606	0.00173	0.00260	0.01083	0.00476	0.00433
14	0.01372	0.82276	0.02689	0.00878	0.01317	0.02030	0.00878	0.01536	0.01043	0.01207	0.00713	0.00823	0.00658	0.00439	0.00329	0.00110	0.00549	0.00274	0.00219	0.00658
15	0.01951	0.01437	0.01540	0.01181	0.01591	0.01591	0.00975	0.77056	0.02412	0.03234	0.01232	0.01232	0.00873	0.00616	0.00513	0.00154	0.00565	0.00462	0.00513	0.00873
16	0.01211	0.01384	0.03028	0.02163	0.02682	0.01298	0.76903	0.01644	0.01211	0.01644	0.01038	0.01384	0.00779	0.00433	0.00606	0.00173	0.00865	0.00606	0.00260	0.00692
17	0.01064	0.00912	0.01064	0.00760	0.01216	0.00684	0.00608	0.01292	0.01064	0.01672	0.00912	0.01064	0.00760	0.00380	0.00380	0.00076	0.00380	0.00304	0.00304	0.85104
18	0.00625	0.00447	0.00595	0.00714	0.00744	0.00417	0.00476	0.00714	0.00982	0.01310	0.02828	0.81633	0.03394	0.01608	0.00655	0.00208	0.00298	0.01459	0.00476	0.00417
19	0.01306	0.01117	0.01177	0.01050	0.01346	0.01290	0.00819	0.06053	0.74464	0.02195	0.02050	0.01884	0.01535	0.00693	0.00522	0.00173	0.00413	0.00575	0.00522	0.00815
20	0.00726	0.00524	0.00686	0.00646	0.00767	0.00484	0.00484	0.00968	0.01452	0.02058	0.78496	0.03833	0.04841	0.01049	0.00605	0.00161	0.00242	0.00928	0.00565	0.00484
21	0.02275	0.00917	0.01218	0.00934	0.01332	0.00819	0.00771	0.08288	0.01542	0.73231	0.01963	0.01707	0.01239	0.00634	0.00516	0.00158	0.00447	0.00512	0.00626	0.00873
22	0.00667	0.00522	0.00603	0.00583	0.00730	0.00459	0.00437	0.00853	0.01311	0.01723	0.41964	0.04384	0.41582	0.01174	0.00606	0.00167	0.00251	0.01005	0.00521	0.00459
23	0.00625	0.00447	0.00595	0.00714	0.00744	0.00417	0.00476	0.00714	0.00982	0.01310	0.02828	0.81633	0.03394	0.01608	0.00655	0.00208	0.00298	0.01459	0.00476	0.00417
24	0.02302	0.00873	0.01191	0.00913	0.01310	0.00754	0.00754	0.02501	0.01469	0.79122	0.02024	0.01746	0.01270	0.00635	0.00516	0.00159	0.00437	0.00516	0.00635	0.00873
25	0.02141	0.01083	0.01314	0.01013	0.01411	0.01071	0.00835	0.29144	0.04445	0.49350	0.01743	0.01568	0.01138	0.00630	0.00515	0.00158	0.00481	0.00499	0.00588	0.00871
26	0.00643	0.00464	0.00584	0.00669	0.00712	0.00432	0.00443	0.00726	0.00977	0.01286	0.04338	0.60237	0.11347	0.13477	0.00939	0.00247	0.00322	0.01302	0.00453	0.00404
27	0.00642	0.00454	0.00590	0.00692	0.00718	0.00428	0.00453	0.00719	0.00949	0.01265	0.02655	0.70450	0.03175	0.13088	0.00934	0.00250	0.00326	0.01357	0.00453	0.00402
28	0.00742	0.00496	0.00561	0.00565	0.00566	0.00495	0.00316	0.00745	0.00754	0.01005	0.01656	0.05886	0.01915	0.79372	0.02548	0.00488	0.00491	0.00769	0.00316	0.00314
29	0.79356	0.02704	0.00831	0.00714	0.01031	0.05446	0.00586	0.01538	0.00908	0.02223	0.00719	0.00838	0.00563	0.00478	0.00326	0.00156	0.00429	0.00281	0.00313	0.00560
30	0.01029	0.02654	0.79309	0.01462	0.02221	0.01192	0.01896	0.01625	0.01083	0.01625	0.00921	0.01083	0.00650	0.00487	0.00487	0.00162	0.00758	0.00379	0.00217	0.00758
31	0.01848	0.01386	0.01482	0.01160	0.01552	0.01543	0.00950	0.65716	0.13920	0.03068	0.01363	0.01336	0.00978	0.00628	0.00515	0.00157	0.00540	0.00480	0.00515	0.00863
32	0.00608	0.00513	0.00527	0.00539	0.00698	0.00432	0.00398	0.00734	0.01151	0.01379	0.04969	0.12354	0.71290	0.01329	0.00611	0.00177	0.00264	0.01119	0.00476	0.00432
33	0.79811	0.00997	0.00817	0.00773	0.03853	0.01141	0.00599	0.01543	0.00903	0.04760	0.00766	0.00879	0.00588	0.00481	0.00331	0.00159	0.00406	0.00292	0.00325	0.00575
34	0.01181	0.00688	0.00840	0.00746	0.00942	0.00644	0.00553	0.06170	0.03191	0.19534	0.06001	0.16646	0.11710	0.18244	0.04379	0.00264	0.00437	0.00808	0.00465	0.06558
35	0.00703	0.00523	0.00627	0.00611	0.00748	0.00465	0.00454	0.00891	0.01310	0.03171	0.44164	0.10830	0.31272	0.01179	0.00608	0.00170	0.00257	0.01022	0.00527	0.00467
36	0.70345	0.01042	0.00873	0.07279	0.01244	0.04529	0.00657	0.01571	0.00944	0.06507	0.00808	0.00933	0.00611	0.00491	0.00351	0.00159	0.00446	0.00308	0.00326	0.00576
37	0.03541	0.00791	0.01054	0.00842	0.01172	0.00699	0.00685	0.02089	0.01408	0.58661	0.12724	0.02232	0.06678	0.00870	0.03960	0.00189	0.00438	0.00606	0.00593	0.00767
38	0.25504	0.00873	0.01013	0.00824	0.01165	0.00846	0.00672	0.02062	0.02774	0.48235	0.06613	0.04556	0.01383	0.00654	0.00471	0.00161	0.00407	0.00511	0.00533	0.00741
39	0.85592	0.00992	0.00754	0.00675	0.00992	0.01151	0.00556	0.01508	0.00873	0.02302	0.00714	0.00834	0.00556	0.00476	0.00318	0.00159	0.00397	0.00278	0.00318	0.00556
40	0.00625	0.00447	0.00595	0.00714	0.00744	0.00417	0.00476	0.00714	0.00982	0.01310	0.02828	0.81633	0.03394	0.01608	0.00655	0.00208	0.00298	0.01459	0.00476	0.00417
41	0.03687	0.00544	0.00688	0.00661	0.00791	0.00506	0.00492	0.01004	0.01351	0.05251	0.57754	0.14920	0.08208	0.01105	0.00599	0.00169	0.00265	0.00973	0.00542	0.00491
42	0.00629	0.00448	0.00594	0.00710	0.00739	0.00419	0.00471	0.00715	0.00975	0.01300	0.02792	0.79278	0.03348	0.04025	0.00714	0.00217	0.00304	0.01437	0.00471	0.00414
43	0.85592	0.00992	0.00754	0.00675	0.00992	0.01151	0.00556	0.01508	0.00873	0.02302	0.00714	0.00834	0.00556	0.00476	0.00318	0.00159	0.00397	0.00278	0.00318	0.00556
44	0.00726	0.00524	0.00686	0.00646	0.00767	0.00484	0.00484	0.00968	0.01452	0.02058	0.78496	0.03833	0.04841	0.01049	0.00605	0.00161	0.00242	0.00928	0.00565	0.00484
45	0.01031	0.00594	0.00732	0.00666	0.00854	0.00523	0.00506	0.01206	0.01302	0.18898	0.28976	0.09413	0.27968	0.04182	0.00666	0.00181	0.00305	0.00919	0.00535	0.00542
46	0.85592	0.00992	0.00754	0.00675	0.00992	0.01151	0.00556	0.01508	0.00873	0.02302	0.00714	0.00834	0.00556	0.00476	0.00318	0.00159	0.00397	0.00278	0.00318	0.00556
47	0.00625	0.00447	0.00595	0.00714	0.00744	0.00417	0.00476	0.00714	0.00982	0.01310	0.02828	0.81633	0.03394	0.01608	0.00655	0.00208	0.00298	0.01459	0.00476	0.00417
48	0.00684	0.00468	0.00620	0.00710	0.00762	0.00433	0.00484	0.00791	0.01045	0.03673	0.10004	0.70471	0.04893	0.01520	0.00645	0.00202	0.00296	0.01374	0.00489	0.00437
49	0.00630	0.00449	0.00594	0.00708	0.00736	0.00420	0.00469	0.00716	0.00972	0.01296	0.02776	0.78252	0.03328	0.05078	0.00739	0.00221	0.00306	0.01428	0.00469	0.00412
50	0.00625	0.00447	0.00595	0.00714	0.00744	0.00417	0.00476	0.00714	0.00982	0.01310	0.02828	0.81633	0.03394	0.01608	0.00655	0.00208	0.00298	0.01459	0.00476	0.00417
51	0.01029	0.02654	0.79309	0.01462	0.02221	0.01192	0.01896	0.01625	0.01083	0.01625	0.00921	0.01083	0.00650	0.00487	0.00487	0.00162	0.00758	0.00379	0.00217	0.00758

[dist]
# distance from previous block
# <min> <max>
4	28

[block]
# block no. 6 follows, 48 sequences, length 66
# corresponding to MSA columns:
# 441-506
name=unknown_G
#
# <colnr> <probs for GDERKNQSTAVLIFYWHMCP>
#	G	D	E	R	K	N	Q	S	T	A	V	L	I	F	Y	W	H	M	C	P
0	0.01280	0.49907	0.14201	0.01070	0.03536	0.03957	0.04725	0.01517	0.01079	0.03875	0.01113	0.01300	0.05135	0.04752	0.00517	0.00148	0.00587	0.00391	0.00256	0.00654
1	0.33478	0.02893	0.22008	0.02456	0.03111	0.09988	0.04464	0.03024	0.01079	0.05211	0.00977	0.05218	0.00800	0.00563	0.00466	0.00161	0.02750	0.00412	0.00301	0.00640
2	0.06820	0.04037	0.01429	0.02835	0.01523	0.31592	0.00922	0.33943	0.03537	0.02168	0.01052	0.01217	0.00834	0.05148	0.00595	0.00165	0.00688	0.00414	0.00380	0.00701
3	0.01716	0.18036	0.05754	0.01211	0.01548	0.44879	0.01008	0.11285	0.05242	0.01555	0.00900	0.01005	0.00731	0.00537	0.00476	0.00136	0.02669	0.00353	0.00296	0.00661
4	0.01025	0.00711	0.00792	0.00721	0.00824	0.00749	0.00484	0.12645	0.09111	0.03342	0.01619	0.04434	0.01668	0.54721	0.01960	0.03185	0.00491	0.00685	0.00372	0.00462
5	0.01916	0.01352	0.01470	0.01142	0.01540	0.01483	0.00939	0.62812	0.09830	0.10096	0.01390	0.01347	0.00978	0.00626	0.00514	0.00156	0.00537	0.00479	0.00525	0.00867
6	0.00701	0.00518	0.00632	0.00690	0.00769	0.00488	0.00477	0.04708	0.01099	0.01437	0.06151	0.55054	0.17821	0.05997	0.00746	0.00213	0.00313	0.01273	0.00472	0.00440
7	0.00891	0.00446	0.00668	0.00668	0.00668	0.00446	0.00446	0.00668	0.00668	0.00891	0.00891	0.01560	0.00891	0.01783	0.02005	0.85071	0.00446	0.00446	0.00223	0.00223
8	0.67847	0.07989	0.02931	0.00807	0.01160	0.01258	0.04136	0.05772	0.00995	0.02215	0.00763	0.00886	0.00595	0.00479	0.00347	0.00155	0.00449	0.00305	0.00315	0.00593
9	0.01899	0.01435	0.01538	0.05329	0.01692	0.03505	0.00999	0.71254	0.02317	0.03085	0.01204	0.01231	0.00858	0.00608	0.00512	0.00154	0.00580	0.00458	0.00492	0.00850
10	0.85592	0.00992	0.00754	0.00675	0.00992	0.01151	0.00556	0.01508	0.00873	0.02302	0.00714	0.00834	0.00556	0.00476	0.00318	0.00159	0.00397	0.00278	0.00318	0.00556
11	0.01029	0.02654	0.79309	0.01462	0.02221	0.01192	0.01896	0.01625	0.01083	0.01625	0.00921	0.01083	0.00650	0.00487	0.00487	0.00162	0.00758	0.00379	0.00217	0.00758
12	0.00891	0.00446	0.00668	0.00668	0.00668	0.00446	0.00446	0.00668	0.00668	0.00891	0.00891	0.01560	0.00891	0.01783	0.02005	0.85071	0.00446	0.00446	0.00223	0.00223
13	0.00875	0.00476	0.00719	0.04851	0.00835	0.00492	0.00509	0.00718	0.00710	0.00948	0.01004	0.05072	0.01012	0.01825	0.06255	0.72199	0.00504	0.00496	0.00237	0.00263
14	0.00827	0.00591	0.00827	0.00945	0.01063	0.00591	0.00827	0.01063	0.01181	0.01536	0.02717	0.05788	0.02953	0.01417	0.00709	0.00236	0.00472	0.75313	0.00472	0.00472
15	0.00648	0.00456	0.00589	0.00685	0.00709	0.00432	0.00445	0.00720	0.00937	0.01250	0.02598	0.66756	0.03103	0.16880	0.01027	0.00263	0.00336	0.01323	0.00445	0.00397
16	0.00625	0.00447	0.00595	0.00714	0.00744	0.00417	0.00476	0.00714	0.00982	0.01310	0.02828	0.81633	0.03394	0.01608	0.00655	0.00208	0.00298	0.01459	0.00476	0.00417
17	0.02240	0.00973	0.01253	0.00960	0.01360	0.00902	0.00793	0.15691	0.01636	0.65696	0.01884	0.01655	0.01200	0.00632	0.00516	0.00158	0.00459	0.00506	0.00614	0.00873
18	0.02302	0.00873	0.01191	0.00913	0.01310	0.00754	0.00754	0.02501	0.01469	0.79122	0.02024	0.01746	0.01270	0.00635	0.00516	0.00159	0.00437	0.00516	0.00635	0.00873
19	0.01211	0.01384	0.03028	0.02163	0.02682	0.01298	0.76903	0.01644	0.01211	0.01644	0.01038	0.01384	0.00779	0.00433	0.00606	0.00173	0.00865	0.00606	0.00260	0.00692
20	0.01951	0.01437	0.01540	0.01181	0.01591	0.01591	0.00975	0.77056	0.02412	0.03234	0.01232	0.01232	0.00873	0.00616	0.00513	0.00154	0.00565	0.00462	0.00513	0.00873
21	0.00827	0.00591	0.00827	0.00945	0.01063	0.00591	0.00827	0.01063	0.01181	0.01536	0.02717	0.05788	0.02953	0.01417	0.00709	0.00236	0.00472	0.75313	0.00472	0.00472
22	0.02302	0.00873	0.01191	0.00913	0.01310	0.00754	0.00754	0.02501	0.01469	0.79122	0.02024	0.01746	0.01270	0.00635	0.00516	0.00159	0.00437	0.00516	0.00635	0.00873
23	0.00697	0.00519	0.00649	0.00625	0.00751	0.00470	0.00465	0.00909	0.01371	0.01885	0.60035	0.08426	0.19043	0.01129	0.00608	0.00166	0.00249	0.00988	0.00543	0.00470
24	0.85592	0.00992	0.00754	0.00675	0.00992	0.01151	0.00556	0.01508	0.00873	0.02302	0.00714	0.00834	0.00556	0.00476	0.00318	0.00159	0.00397	0.00278	0.00318	0.00556
25	0.01276	0.01102	0.01160	0.01044	0.01334	0.01276	0.00812	0.02727	0.77840	0.02146	0.02088	0.01914	0.01566	0.00696	0.00522	0.00174	0.00406	0.00580	0.00522	0.00812
26	0.00704	0.00519	0.00658	0.00632	0.00755	0.00473	0.00471	0.00922	0.01386	0.01922	0.63987	0.08367	0.15068	0.01115	0.00608	0.00166	0.00248	0.00979	0.00547	0.00473
27	0.00811	0.00579	0.00809	0.00927	0.01038	0.00577	0.00800	0.01036	0.01166	0.01518	0.02725	0.11647	0.02987	0.01432	0.00705	0.00234	0.00459	0.69608	0.00473	0.00468
28	0.00724	0.00524	0.00679	0.00641	0.00760	0.00483	0.00478	0.00958	0.01430	0.02019	0.75182	0.03844	0.06272	0.02971	0.00653	0.00170	0.00248	0.00927	0.00557	0.00479
29	0.00969	0.00912	0.01539	0.80734	0.03534	0.01140	0.01425	0.01311	0.01026	0.01311	0.00912	0.01368	0.00684	0.00513	0.00513	0.00171	0.00684	0.00456	0.00228	0.00570
30	0.00891	0.00446	0.00668	0.00668	0.00668	0.00446	0.00446	0.00668	0.00668	0.00891	0.00891	0.01560	0.00891	0.01783	0.02005	0.85071	0.00446	0.00446	0.00223	0.00223
31	0.00726	0.00524	0.00686	0.00646	0.00767	0.00484	0.00484	0.00968	0.01452	0.02058	0.78496	0.03833	0.04841	0.01049	0.00605	0.00161	0.00242	0.00928	0.00565	0.00484
32	0.01804	0.01314	0.01403	0.01097	0.01469	0.01452	0.00899	0.64521	0.06643	0.03028	0.01329	0.01345	0.00961	0.00619	0.00497	0.00151	0.00520	0.00471	0.09652	0.00826
33	0.01295	0.01282	0.02104	0.03018	0.71407	0.04685	0.05474	0.01599	0.01183	0.01656	0.00961	0.01261	0.00804	0.00459	0.00511	0.00153	0.00637	0.00459	0.00255	0.00797
34	0.00734	0.00544	0.00795	0.00795	0.00876	0.00625	0.00604	0.00897	0.00816	0.01169	0.01402	0.02167	0.01348	0.12631	0.71241	0.00788	0.01276	0.00572	0.00279	0.00442
35	0.01922	0.01410	0.01510	0.01161	0.01563	0.01559	0.00958	0.74888	0.02374	0.03196	0.01245	0.01251	0.00885	0.00615	0.00509	0.00153	0.00555	0.00462	0.02923	0.00861
36	0.01372	0.82276	0.02689	0.00878	0.01317	0.02030	0.00878	0.01536	0.01043	0.01207	0.00713	0.00823	0.00658	0.00439	0.00329	0.00110	0.00549	0.00274	0.00219	0.00658
37	0.01114	0.00942	0.01091	0.00784	0.01237	0.00735	0.00629	0.05564	0.01140	0.01760	0.00930	0.01073	0.00766	0.00393	0.00388	0.00080	0.00390	0.00313	0.00316	0.80355
38	0.00663	0.00521	0.00591	0.00574	0.00717	0.00458	0.00425	0.00833	0.01265	0.01644	0.35423	0.04397	0.43977	0.05399	0.00710	0.00185	0.00265	0.01001	0.00505	0.00448
39	0.00827	0.00591	0.00827	0.00945	0.01063	0.00591	0.00827	0.01063	0.01181	0.01536	0.02717	0.05788	0.02953	0.01417	0.00709	0.00236	0.00472	0.75313	0.00472	0.00472
40	0.02302	0.00873	0.01191	0.00913	0.01310	0.00754	0.00754	0.02501	0.01469	0.79122	0.02024	0.01746	0.01270	0.00635	0.00516	0.00159	0.00437	0.00516	0.00635	0.00873
41	0.01276	0.01102	0.01160	0.01044	0.01334	0.01276	0.00812	0.02727	0.77840	0.02146	0.02088	0.01914	0.01566	0.00696	0.00522	0.00174	0.00406	0.00580	0.00522	0.00812
42	0.85592	0.00992	0.00754	0.00675	0.00992	0.01151	0.00556	0.01508	0.00873	0.02302	0.00714	0.00834	0.00556	0.00476	0.00318	0.00159	0.00397	0.00278	0.00318	0.00556
43	0.00891	0.00446	0.00668	0.00668	0.00668	0.00446	0.00446	0.00668	0.00668	0.00891	0.00891	0.01560	0.00891	0.01783	0.02005	0.85071	0.00446	0.00446	0.00223	0.00223
44	0.01123	0.01123	0.01572	0.01347	0.01347	0.01572	0.01123	0.01235	0.00786	0.01235	0.00674	0.01123	0.00674	0.00898	0.01684	0.00225	0.81028	0.00449	0.00225	0.00561
45	0.00821	0.00586	0.00820	0.00938	0.01054	0.00585	0.00816	0.01053	0.01175	0.01529	0.02720	0.08053	0.02966	0.01423	0.00707	0.00235	0.00467	0.73108	0.00473	0.00471
46	0.00690	0.00523	0.00635	0.00607	0.00744	0.00469	0.00455	0.00898	0.01366	0.01853	0.56204	0.04169	0.27261	0.01125	0.00606	0.00165	0.00247	0.00975	0.00538	0.00469
47	0.00610	0.00506	0.00534	0.00556	0.00703	0.00430	0.00406	0.00732	0.01135	0.01372	0.04757	0.19206	0.64575	0.01357	0.00615	0.00180	0.00267	0.01153	0.00476	0.00430
48	0.85592	0.00992	0.00754	0.00675	0.00992	0.01151	0.00556	0.01508	0.00873	0.02302	0.00714	0.00834	0.00556	0.00476	0.00318	0.00159	0.00397	0.00278	0.00318	0.00556
49	0.85592	0.00992	0.00754	0.00675	0.00992	0.01151	0.00556	0.01508	0.00873	0.02302	0.00714	0.00834	0.00556	0.00476	0.00318	0.00159	0.00397	0.00278	0.00318	0.00556
50	0.00627	0.00464	0.00587	0.00675	0.00736	0.00423	0.00461	0.00732	0.01042	0.01365	0.07389	0.63373	0.17209	0.01521	0.00643	0.00199	0.00288	0.01361	0.00481	0.00423
51	0.01064	0.00912	0.01064	0.00760	0.01216	0.00684	0.00608	0.01292	0.01064	0.01672	0.00912	0.01064	0.00760	0.00380	0.00380	0.00076	0.00380	0.00304	0.00304	0.85104
52	0.00625	0.00447	0.00595	0.00714	0.00744	0.00417	0.00476	0.00714	0.00982	0.01310	0.02828	0.81633	0.03394	0.01608	0.00655	0.00208	0.00298	0.01459	0.00476	0.00417
53	0.00797	0.00523	0.00688	0.00715	0.00812	0.00488	0.00514	0.00985	0.02875	0.06934	0.31312	0.43271	0.03745	0.01306	0.00625	0.00187	0.00293	0.02927	0.00521	0.00483
54	0.05930	0.00662	0.00836	0.00745	0.00964	0.00604	0.00580	0.01466	0.01304	0.28517	0.24174	0.13873	0.11688	0.02504	0.00607	0.00178	0.00342	0.03880	0.00544	0.00604
55	0.00625	0.00504	0.00541	0.00564	0.00692	0.00437	0.00401	0.00737	0.01100	0.01348	0.05764	0.19684	0.55687	0.08616	0.00796	0.00209	0.00288	0.01123	0.00463	0.00420
56	0.01947	0.01342	0.01464	0.01127	0.01523	0.01461	0.00928	0.66261	0.02256	0.11269	0.01332	0.01337	0.00941	0.02037	0.00547	0.00160	0.00543	0.00473	0.02195	0.00855
57	0.00764	0.00543	0.00639	0.00609	0.00766	0.00479	0.00461	0.00945	0.01297	0.06045	0.36440	0.04264	0.38220	0.03323	0.00658	0.00178	0.00275	0.03097	0.00519	0.00478
58	0.00706	0.00513	0.00640	0.00710	0.00782	0.00486	0.00490	0.05014	0.01081	0.01416	0.03031	0.62932	0.14474	0.01511	0.00684	0.02997	0.00312	0.01313	0.00470	0.00438
59	0.01853	0.02279	0.01595	0.01425	0.03503	0.68989	0.07456	0.02017	0.01427	0.03624	0.00855	0.00997	0.00693	0.00522	0.00477	0.00137	0.00898	0.00362	0.00275	0.00617
60	0.01257	0.01314	0.01654	0.03304	0.01538	0.12848	0.07540	0.01408	0.00939	0.02818	0.00769	0.01153	0.00706	0.00852	0.03004	0.00217	0.57406	0.00449	0.00243	0.00582
61	0.01314	0.68775	0.15681	0.00977	0.01470	0.01888	0.01051	0.01551	0.01049	0.01278	0.00749	0.00867	0.00657	0.00447	0.00356	0.00119	0.00584	0.00292	0.00219	0.00675
62	0.01103	0.00982	0.01082	0.00786	0.01233	0.04313	0.00626	0.01327	0.01082	0.01653	0.00907	0.01058	0.00755	0.00387	0.00384	0.00079	0.00405	0.00305	0.00302	0.81233
63	0.01806	0.00763	0.01021	0.00823	0.01134	0.00666	0.00662	0.02004	0.01425	0.55245	0.18349	0.04146	0.06679	0.02140	0.00578	0.00167	0.00383	0.00661	0.00602	0.00746
64	0.00721	0.00511	0.00628	0.00657	0.00739	0.00480	0.00457	0.00862	0.02330	0.03015	0.18708	0.30506	0.15558	0.17340	0.02280	0.00259	0.00347	0.03708	0.00463	0.00431
65	0.01909	0.01719	0.01497	0.01216	0.01578	0.24704	0.00972	0.51407	0.05680	0.02598	0.01143	0.01173	0.00843	0.00594	0.00499	0.00148	0.00664	0.00429	0.00440	0.00788

[dist]
# distance from previous block
# <min> <max>
0	1

[block]
# block no. 7 follows, 48 sequences, length 87
# corresponding to MSA columns:
# 508-594
name=unknown_H
#
# <colnr> <probs for GDERKNQSTAVLIFYWHMCP>
#	G	D	E	R	K	N	Q	S	T	A	V	L	I	F	Y	W	H	M	C	P
0	0.09924	0.01404	0.01440	0.03421	0.01517	0.10071	0.00968	0.41664	0.01747	0.02410	0.01086	0.01215	0.02338	0.00663	0.00739	0.00168	0.17663	0.00439	0.00397	0.00728
1	0.00707	0.00524	0.00630	0.00683	0.00762	0.00498	0.00469	0.04137	0.02516	0.01403	0.04252	0.51118	0.18385	0.10374	0.00852	0.00229	0.00325	0.01235	0.00462	0.00437
2	0.01224	0.02676	0.06812	0.01908	0.21278	0.06641	0.23384	0.07048	0.01311	0.01753	0.07866	0.02136	0.01440	0.00659	0.00567	0.00170	0.00660	0.11454	0.00331	0.00683
3	0.01137	0.24974	0.50276	0.01292	0.03177	0.01419	0.01518	0.03056	0.01089	0.01520	0.00929	0.03787	0.00754	0.00524	0.00478	0.00150	0.02578	0.00391	0.00233	0.00717
4	0.00647	0.00459	0.00605	0.00702	0.00732	0.00440	0.00466	0.00731	0.00943	0.01263	0.02589	0.67030	0.03075	0.11759	0.05725	0.00282	0.00388	0.01315	0.00443	0.00406
5	0.01453	0.05349	0.01332	0.01070	0.01395	0.01377	0.00862	0.23421	0.49786	0.02379	0.01802	0.01818	0.01379	0.00688	0.00517	0.00168	0.00460	0.03434	0.00502	0.00808
