[name]
unknown

[dist]
# distance from previous block
# <min> <max>
8	51

[block]
# block no. 0 follows, 40 sequences, length 61
# corresponding to MSA columns:
# 116-176
name=unknown_A
#
# <colnr> <probs for GDERKNQSTAVLIFYWHMCP>
#	G	D	E	R	K	N	Q	S	T	A	V	L	I	F	Y	W	H	M	C	P
0	0.03211	0.01352	0.01435	0.06184	0.01680	0.06798	0.00983	0.27514	0.13923	0.07373	0.02040	0.02142	0.09640	0.02180	0.00708	0.00190	0.05384	0.02010	0.00506	0.04747
1	0.03183	0.01368	0.01408	0.01187	0.01520	0.09322	0.00957	0.21542	0.15776	0.13943	0.02136	0.02302	0.08494	0.00859	0.00708	0.00190	0.07176	0.05060	0.00533	0.02337
2	0.10772	0.01308	0.01330	0.01115	0.01459	0.06428	0.00893	0.19685	0.18991	0.10491	0.04910	0.02062	0.08328	0.00799	0.00646	0.00183	0.05335	0.00607	0.00524	0.04135
3	0.17010	0.06601	0.08364	0.01233	0.01664	0.12866	0.05501	0.15804	0.08874	0.07779	0.01317	0.01392	0.00982	0.00619	0.00509	0.00169	0.00650	0.00466	0.05762	0.02438
4	0.01368	0.01024	0.01341	0.01042	0.01452	0.00903	0.07132	0.04964	0.08935	0.11454	0.07998	0.06155	0.07683	0.00742	0.00554	0.00148	0.00471	0.00644	0.00474	0.35518
5	0.01149	0.00871	0.07191	0.10014	0.01404	0.00759	0.00831	0.04561	0.01024	0.04902	0.01247	0.06460	0.01162	0.01607	0.03792	0.48297	0.00590	0.00574	0.00313	0.03253
6	0.00906	0.00651	0.00898	0.01026	0.01154	0.00644	0.00879	0.01153	0.01319	0.01710	0.03223	0.12780	0.06821	0.01619	0.00792	0.00262	0.00507	0.62593	0.00536	0.00528
7	0.01572	0.70013	0.07486	0.01070	0.01576	0.07252	0.01075	0.01786	0.01216	0.01401	0.00829	0.00959	0.00746	0.00508	0.00394	0.00130	0.00665	0.00323	0.00252	0.00748
8	0.08862	0.01395	0.06022	0.02964	0.01629	0.01348	0.00974	0.31366	0.10050	0.02754	0.03077	0.01501	0.01125	0.00631	0.00520	0.00156	0.00544	0.00486	0.04823	0.19770
9	0.01098	0.01034	0.01744	0.78165	0.04005	0.01292	0.01615	0.01486	0.01163	0.01486	0.01034	0.01550	0.00775	0.00581	0.00581	0.00194	0.00775	0.00517	0.00258	0.00646
10	0.00703	0.00577	0.00619	0.00636	0.00802	0.00493	0.00467	0.00854	0.01321	0.01626	0.11787	0.16951	0.58144	0.01501	0.00696	0.00201	0.00299	0.01278	0.00549	0.00493
11	0.01010	0.00505	0.00758	0.00758	0.00758	0.00505	0.00505	0.00758	0.00758	0.01010	0.01010	0.01768	0.01010	0.02020	0.02273	0.83081	0.00505	0.00505	0.00253	0.00253
12	0.03693	0.01492	0.01726	0.17554	0.02254	0.01685	0.01203	0.57156	0.02365	0.03182	0.01307	0.01419	0.00936	0.00670	0.00577	0.00179	0.00664	0.00518	0.00509	0.00909
13	0.01342	0.01343	0.02038	0.29049	0.32584	0.07902	0.06038	0.01681	0.01285	0.01685	0.01179	0.01780	0.01006	0.00633	0.00640	0.00188	0.03400	0.05173	0.00294	0.00761
14	0.00709	0.00506	0.00675	0.00810	0.00843	0.00472	0.00540	0.00810	0.01113	0.01484	0.03205	0.79184	0.03846	0.01822	0.00742	0.00236	0.00337	0.01653	0.00540	0.00472
15	0.01206	0.01034	0.01206	0.00861	0.01378	0.00775	0.00689	0.01464	0.01206	0.01895	0.01034	0.01206	0.00861	0.00431	0.00431	0.00086	0.00431	0.00345	0.00345	0.83118
16	0.01296	0.01520	0.08858	0.04971	0.02458	0.01390	0.38380	0.01689	0.01232	0.01764	0.01057	0.01420	0.00840	0.00588	0.00857	0.00187	0.15490	0.00565	0.00290	0.15150
17	0.07260	0.01126	0.01717	0.43793	0.07535	0.01238	0.06021	0.04650	0.02622	0.01805	0.01070	0.01441	0.00824	0.00549	0.00544	0.00171	0.00683	0.00484	0.00306	0.16162
18	0.00711	0.00510	0.00671	0.00799	0.00837	0.00475	0.00533	0.00811	0.01115	0.01480	0.03266	0.75254	0.06172	0.03369	0.00785	0.00241	0.00341	0.01623	0.00536	0.00471
19	0.00730	0.00547	0.00678	0.00738	0.00835	0.00495	0.00518	0.00883	0.01289	0.01703	0.20709	0.43857	0.21721	0.01590	0.00716	0.00214	0.00312	0.01410	0.00563	0.00495
20	0.01546	0.78167	0.04716	0.01010	0.01516	0.02279	0.01021	0.01744	0.01183	0.01379	0.00814	0.00940	0.00746	0.00499	0.00377	0.00126	0.00627	0.00314	0.00249	0.00749
21	0.01105	0.01043	0.01746	0.74997	0.03903	0.01312	0.01601	0.01482	0.01152	0.01482	0.01022	0.01539	0.00775	0.00599	0.00636	0.00196	0.03988	0.00516	0.00258	0.00646
22	0.00852	0.00659	0.00755	0.00707	0.00892	0.00604	0.00537	0.05727	0.01572	0.02075	0.39249	0.04718	0.36953	0.01285	0.00680	0.00188	0.00307	0.01097	0.00591	0.00551
23	0.00701	0.00554	0.00631	0.00687	0.00813	0.00485	0.00487	0.00833	0.01246	0.01559	0.07048	0.36632	0.43049	0.01611	0.00710	0.00213	0.00312	0.01401	0.00543	0.00485
24	0.02482	0.00981	0.01327	0.01037	0.01466	0.00862	0.00858	0.04423	0.01674	0.69474	0.03882	0.02233	0.01606	0.00771	0.00597	0.00184	0.00496	0.03981	0.00706	0.00959
25	0.00872	0.00566	0.00644	0.00658	0.00682	0.00564	0.00402	0.00923	0.00928	0.01294	0.01970	0.06758	0.02189	0.62982	0.02457	0.00485	0.00521	0.05233	0.09481	0.00389
26	0.00709	0.00506	0.00675	0.00810	0.00843	0.00472	0.00540	0.00810	0.01113	0.01484	0.03205	0.79184	0.03846	0.01822	0.00742	0.00236	0.00337	0.01653	0.00540	0.00472
27	0.01206	0.01034	0.01206	0.00861	0.01378	0.00775	0.00689	0.01464	0.01206	0.01895	0.01034	0.01206	0.00861	0.00431	0.00431	0.00086	0.00431	0.00345	0.00345	0.83118
28	0.01197	0.01021	0.01183	0.00887	0.01357	0.00817	0.00701	0.01571	0.07872	0.01918	0.01288	0.06102	0.01128	0.00549	0.00464	0.00105	0.00428	0.00454	0.00379	0.70579
29	0.01295	0.01040	0.01218	0.00884	0.01390	0.00807	0.00708	0.01607	0.04190	0.06147	0.01159	0.01289	0.00931	0.00461	0.00446	0.00096	0.00435	0.00371	0.00376	0.75151
30	0.02473	0.02567	0.04397	0.01105	0.01574	0.01044	0.00946	0.13608	0.01802	0.61016	0.02082	0.01842	0.01331	0.00706	0.00579	0.00178	0.00534	0.00565	0.00672	0.00980
31	0.00837	0.00560	0.00637	0.00646	0.00648	0.00558	0.00365	0.00843	0.00863	0.01151	0.01922	0.08715	0.02227	0.74499	0.02815	0.00542	0.00549	0.00898	0.00365	0.00360
32	0.00849	0.00557	0.00632	0.00644	0.00656	0.00554	0.00373	0.00876	0.00894	0.01228	0.01961	0.10524	0.02230	0.67386	0.02593	0.00506	0.00524	0.00899	0.05739	0.00376
33	0.01108	0.01044	0.01762	0.75999	0.06094	0.01295	0.01620	0.01494	0.01167	0.01498	0.01035	0.01547	0.00779	0.00580	0.00581	0.00193	0.00773	0.00517	0.00259	0.00654
34	0.02159	0.00953	0.01237	0.01010	0.01376	0.00880	0.00818	0.06810	0.05255	0.52263	0.02313	0.07093	0.01730	0.03946	0.00694	0.00203	0.00487	0.05312	0.04584	0.00878
35	0.01098	0.01034	0.01744	0.78165	0.04005	0.01292	0.01615	0.01486	0.01163	0.01486	0.01034	0.01550	0.00775	0.00581	0.00581	0.00194	0.00775	0.00517	0.00258	0.00646
36	0.01844	0.00992	0.01154	0.00941	0.01265	0.00995	0.00758	0.22410	0.01819	0.25419	0.07897	0.03835	0.01711	0.00764	0.00542	0.00166	0.00446	0.00617	0.25619	0.00806
37	0.00905	0.00613	0.00800	0.00743	0.00896	0.00562	0.00561	0.01174	0.01639	0.05844	0.70413	0.04262	0.07022	0.01173	0.00681	0.00183	0.00285	0.01034	0.00641	0.00568
38	0.01084	0.00542	0.00542	0.00542	0.00678	0.00542	0.00407	0.01355	0.01220	0.02168	0.01897	0.02168	0.01491	0.00678	0.00407	0.00136	0.00271	0.00542	0.82791	0.00542
39	0.01385	0.01326	0.02262	0.15434	0.64495	0.01367	0.01758	0.01737	0.01298	0.01834	0.01084	0.01457	0.00898	0.00528	0.00577	0.00176	0.00704	0.00518	0.00283	0.00877
40	0.01081	0.01007	0.01691	0.73135	0.03812	0.01255	0.01557	0.01457	0.01148	0.01477	0.01068	0.01598	0.00819	0.00828	0.05576	0.00242	0.00826	0.00524	0.00262	0.00638
41	0.00955	0.00525	0.00716	0.00716	0.00716	0.00525	0.00454	0.00787	0.00787	0.01050	0.01287	0.02453	0.01381	0.28101	0.02504	0.55327	0.00525	0.00620	0.00286	0.00286
42	0.00831	0.00623	0.00935	0.00935	0.01038	0.00727	0.00727	0.01038	0.00935	0.01350	0.01558	0.02285	0.01454	0.04361	0.77259	0.00935	0.01558	0.00623	0.00312	0.00519
43	0.25891	0.01243	0.01366	0.01097	0.01476	0.01358	0.00906	0.22791	0.01692	0.25964	0.01440	0.01435	0.01002	0.00693	0.00662	0.00186	0.08945	0.00481	0.00525	0.00847
44	0.00715	0.00509	0.00673	0.00801	0.00834	0.00477	0.00531	0.00811	0.01101	0.01468	0.03140	0.75609	0.03764	0.05508	0.00847	0.00252	0.00348	0.01615	0.00531	0.00467
45	0.00711	0.00516	0.00671	0.00789	0.00840	0.00476	0.00532	0.00821	0.01149	0.01520	0.05880	0.70693	0.09713	0.01772	0.00736	0.00231	0.00332	0.01598	0.00543	0.00476
46	0.00931	0.00646	0.00774	0.00747	0.00801	0.00681	0.00485	0.05653	0.00989	0.01343	0.01742	0.03309	0.01893	0.57618	0.19411	0.00621	0.00791	0.00775	0.00358	0.00431
47	0.02109	0.01556	0.01674	0.01300	0.01741	0.01725	0.01069	0.67078	0.05537	0.03505	0.01452	0.01474	0.01047	0.00822	0.03097	0.00200	0.00654	0.00533	0.02469	0.00960
48	0.01912	0.15812	0.01890	0.06324	0.01841	0.29475	0.01108	0.18369	0.08335	0.04474	0.01176	0.01280	0.00920	0.00641	0.00581	0.00163	0.04078	0.00444	0.00390	0.00787
49	0.03673	0.01394	0.01524	0.01224	0.01618	0.03674	0.00994	0.32024	0.18712	0.13094	0.01634	0.01607	0.01188	0.00716	0.00668	0.00178	0.06633	0.00537	0.00543	0.08366
50	0.00846	0.00564	0.00634	0.00634	0.00634	0.00564	0.00352	0.00846	0.00846	0.01128	0.01832	0.03805	0.02114	0.79563	0.02960	0.00564	0.00564	0.00846	0.00352	0.00352
51	0.00709	0.00506	0.00675	0.00810	0.00843	0.00472	0.00540	0.00810	0.01113	0.01484	0.03205	0.79184	0.03846	0.01822	0.00742	0.00236	0.00337	0.01653	0.00540	0.00472
52	0.01203	0.02675	0.61254	0.01791	0.05945	0.01399	0.06961	0.01800	0.01212	0.01806	0.01030	0.01265	0.00758	0.00589	0.00686	0.00191	0.07890	0.00459	0.00252	0.00837
53	0.00978	0.00686	0.00851	0.00898	0.01014	0.00682	0.00643	0.07688	0.06331	0.04702	0.02996	0.59556	0.04734	0.01591	0.00713	0.00226	0.00386	0.04199	0.00554	0.00573
54	0.01067	0.00874	0.01124	0.01049	0.01168	0.03966	0.00831	0.05678	0.01091	0.01576	0.01415	0.01997	0.01282	0.03088	0.49791	0.00670	0.14594	0.00580	0.07583	0.00576
55	0.00930	0.00740	0.00807	0.00873	0.00970	0.05572	0.00620	0.05473	0.01273	0.01659	0.03000	0.55354	0.07492	0.03369	0.00753	0.00229	0.00414	0.05527	0.04423	0.00523
56	0.01212	0.01283	0.02569	0.15932	0.02759	0.01306	0.43743	0.01595	0.01257	0.01700	0.01435	0.13626	0.01315	0.00754	0.00769	0.00206	0.06724	0.00792	0.00323	0.00699
57	0.00776	0.00589	0.00749	0.00772	0.00873	0.00563	0.00558	0.00956	0.01356	0.01840	0.32962	0.33052	0.16492	0.01472	0.00760	0.00209	0.03652	0.01288	0.00568	0.00513
58	0.02146	0.01381	0.01534	0.01214	0.01628	0.03020	0.00987	0.45611	0.05201	0.21362	0.01806	0.08392	0.01378	0.00804	0.00596	0.00182	0.00579	0.00640	0.00607	0.00934
59	0.01209	0.01043	0.01229	0.00888	0.01384	0.00816	0.00712	0.01462	0.01193	0.01875	0.01023	0.01209	0.00857	0.00454	0.00490	0.00093	0.03565	0.00351	0.00341	0.79807
60	0.01267	0.02973	0.01869	0.26786	0.08999	0.01366	0.09424	0.07673	0.03791	0.01793	0.02952	0.06864	0.01192	0.00873	0.03343	0.00223	0.14083	0.00623	0.00335	0.03570

[dist]
# distance from previous block
# <min> <max>
0	1

[block]
# block no. 1 follows, 40 sequences, length 12
# corresponding to MSA columns:
# 178-189
name=unknown_B
#
# <colnr> <probs for GDERKNQSTAVLIFYWHMCP>
#	G	D	E	R	K	N	Q	S	T	A	V	L	I	F	Y	W	H	M	C	P
0	0.01062	0.00917	0.01394	0.37891	0.02482	0.01102	0.01169	0.02716	0.01112	0.01508	0.01467	0.16943	0.01451	0.02568	0.00967	0.06151	0.12087	0.00740	0.02359	0.03916
1	0.01318	0.07734	0.01692	0.06790	0.01661	0.08074	0.01100	0.01504	0.01071	0.01509	0.00908	0.01297	0.00828	0.00999	0.06153	0.00238	0.37999	0.00454	0.00281	0.18391
2	0.00995	0.00524	0.00688	0.00688	0.00717	0.00524	0.00455	0.00903	0.00874	0.01282	0.01359	0.02244	0.01325	0.16567	0.02002	0.49417	0.00466	0.00578	0.18061	0.00334
3	0.00834	0.00559	0.00638	0.00649	0.00651	0.00556	0.00368	0.00843	0.00868	0.01157	0.01945	0.09980	0.02256	0.73195	0.02778	0.00537	0.00545	0.00912	0.00368	0.00362
4	0.01122	0.00643	0.00806	0.00798	0.00977	0.00569	0.00592	0.01274	0.01318	0.17650	0.05739	0.35776	0.25146	0.01455	0.00692	0.00212	0.00363	0.03694	0.00581	0.00593
5	0.00835	0.00559	0.00637	0.00648	0.00651	0.00557	0.00367	0.00843	0.00867	0.01155	0.01939	0.09675	0.02249	0.73510	0.02787	0.00538	0.00546	0.00909	0.00367	0.00362
6	0.00986	0.00594	0.00706	0.00698	0.00744	0.00576	0.00427	0.01022	0.00961	0.08050	0.02085	0.15184	0.02318	0.60457	0.02403	0.00479	0.00523	0.00946	0.00415	0.00429
7	0.01361	0.07666	0.01947	0.11247	0.37263	0.02706	0.01365	0.06809	0.02748	0.01948	0.08043	0.06664	0.01508	0.00683	0.00572	0.00171	0.00618	0.00613	0.00360	0.05708
8	0.01246	0.01240	0.01859	0.01624	0.07011	0.03774	0.13431	0.01470	0.01110	0.01609	0.01221	0.11320	0.01207	0.00883	0.01161	0.00205	0.34041	0.00655	0.00317	0.14616
9	0.07925	0.01483	0.02152	0.05513	0.35185	0.07619	0.11804	0.08375	0.01423	0.02028	0.01071	0.01364	0.00867	0.00562	0.00633	0.00175	0.04869	0.00503	0.00323	0.06124
10	0.03613	0.01203	0.01478	0.02527	0.05529	0.01283	0.05270	0.20767	0.22930	0.09324	0.09826	0.04866	0.07112	0.00842	0.00609	0.00188	0.00523	0.00715	0.00556	0.00841
11	0.08670	0.01110	0.06659	0.01224	0.06730	0.00962	0.05214	0.03796	0.05917	0.01881	0.03554	0.16465	0.04617	0.00959	0.00740	0.06627	0.02998	0.00727	0.00398	0.20752

[dist]
# distance from previous block
# <min> <max>
1	37

[block]
# block no. 2 follows, 40 sequences, length 20
# corresponding to MSA columns:
# 233-252
name=unknown_C
#
# <colnr> <probs for GDERKNQSTAVLIFYWHMCP>
#	G	D	E	R	K	N	Q	S	T	A	V	L	I	F	Y	W	H	M	C	P
0	0.01257	0.01966	0.39875	0.03847	0.02019	0.01072	0.04600	0.01705	0.01243	0.10055	0.01534	0.12605	0.01347	0.04540	0.00692	0.00200	0.00686	0.00647	0.00359	0.09750
1	0.52716	0.08230	0.01398	0.01004	0.01406	0.01322	0.08845	0.01876	0.01153	0.12826	0.01099	0.01203	0.00813	0.00561	0.00431	0.00175	0.00525	0.00402	0.03308	0.00705
2	0.01045	0.00673	0.00918	0.00874	0.01027	0.00680	0.00652	0.01211	0.01056	0.09746	0.01900	0.14832	0.01885	0.14384	0.38344	0.00606	0.00992	0.00794	0.00403	0.07978
3	0.00852	0.00698	0.01041	0.01021	0.01153	0.00676	0.08746	0.01141	0.07800	0.01621	0.03021	0.58957	0.06513	0.01561	0.00721	0.00227	0.00422	0.02762	0.00517	0.00549
4	0.01140	0.00699	0.00831	0.00784	0.00885	0.00697	0.00522	0.07655	0.01158	0.09811	0.02082	0.16868	0.02227	0.47237	0.04530	0.00439	0.00555	0.00925	0.00446	0.00508
5	0.01535	0.62016	0.03086	0.01302	0.01813	0.04182	0.15676	0.01782	0.01233	0.01469	0.00885	0.01064	0.00774	0.00499	0.00440	0.00140	0.00706	0.00388	0.00259	0.00752
6	0.01375	0.01040	0.01228	0.00898	0.01397	0.00820	0.00720	0.01703	0.05157	0.10221	0.01245	0.01343	0.00974	0.00482	0.00456	0.00102	0.00439	0.00388	0.00399	0.69613
7	0.04864	0.07268	0.08922	0.09935	0.04525	0.11215	0.07670	0.03784	0.06379	0.01794	0.08142	0.01810	0.01421	0.01316	0.14071	0.00310	0.03319	0.00560	0.02000	0.00694
8	0.08921	0.10096	0.32334	0.01385	0.01954	0.14761	0.01451	0.06436	0.13579	0.01998	0.01214	0.01308	0.00917	0.00602	0.00521	0.00173	0.00753	0.00441	0.00343	0.00813
9	0.01228	0.08963	0.01328	0.04441	0.06470	0.05564	0.00852	0.09411	0.01453	0.03372	0.06812	0.17859	0.13237	0.01071	0.00612	0.00184	0.00502	0.06667	0.01900	0.08075
10	0.01932	0.01213	0.01466	0.05680	0.05037	0.01274	0.00992	0.29818	0.09081	0.22274	0.05762	0.07181	0.01619	0.00801	0.00595	0.00183	0.00543	0.00659	0.03003	0.00888
11	0.01010	0.00505	0.00758	0.00758	0.00758	0.00505	0.00505	0.00758	0.00758	0.01010	0.01010	0.01768	0.01010	0.02020	0.02273	0.83081	0.00505	0.00505	0.00253	0.00253
12	0.01054	0.00830	0.01108	0.01028	0.01134	0.00987	0.00794	0.09188	0.01127	0.01592	0.01558	0.07544	0.01547	0.14504	0.39278	0.00629	0.14485	0.00697	0.00354	0.00563
13	0.01083	0.01002	0.01469	0.47607	0.06609	0.04739	0.01288	0.01425	0.03575	0.01549	0.01623	0.20545	0.01580	0.00891	0.00614	0.00200	0.00656	0.00793	0.02125	0.00625
14	0.00702	0.00530	0.00650	0.00746	0.00827	0.00478	0.00511	0.00817	0.01175	0.01509	0.03981	0.57916	0.24613	0.01721	0.00726	0.00225	0.00325	0.01530	0.00540	0.00478
15	0.01671	0.01298	0.01437	0.01085	0.01554	0.01268	0.00882	0.35468	0.04361	0.02759	0.03286	0.01431	0.01089	0.00593	0.00513	0.00135	0.00522	0.00462	0.02126	0.38060
16	0.00850	0.00586	0.00702	0.00742	0.00777	0.00580	0.00473	0.03437	0.01031	0.01373	0.02362	0.30508	0.02746	0.45532	0.01988	0.00420	0.00485	0.04545	0.00436	0.00426
17	0.09958	0.01265	0.06745	0.01144	0.01623	0.03547	0.08989	0.03425	0.01384	0.23635	0.01456	0.01511	0.01042	0.00569	0.00510	0.00149	0.00557	0.00474	0.06133	0.25883
18	0.00938	0.04900	0.01073	0.00948	0.01102	0.00782	0.05111	0.06081	0.04197	0.01676	0.02926	0.46353	0.10619	0.05011	0.05201	0.00272	0.00493	0.01266	0.00493	0.00559
19	0.00831	0.00673	0.00759	0.00688	0.00914	0.00564	0.00512	0.01013	0.01320	0.01752	0.18326	0.08488	0.37551	0.06613	0.00795	0.00199	0.00339	0.01012	0.00508	0.17143

[dist]
# distance from previous block
# <min> <max>
0	3

[block]
# block no. 3 follows, 40 sequences, length 35
# corresponding to MSA columns:
# 260-294
name=unknown_D
#
# <colnr> <probs for GDERKNQSTAVLIFYWHMCP>
#	G	D	E	R	K	N	Q	S	T	A	V	L	I	F	Y	W	H	M	C	P
0	0.01805	0.01351	0.01795	0.01374	0.01806	0.02501	0.13196	0.31031	0.03593	0.12107	0.01553	0.06864	0.01226	0.00719	0.00634	0.00173	0.03435	0.00613	0.02297	0.11925
1	0.68881	0.01197	0.03584	0.00941	0.01319	0.01281	0.07356	0.01681	0.01025	0.02434	0.00907	0.01168	0.00738	0.04862	0.00538	0.00203	0.00518	0.00382	0.00350	0.00636
2	0.00831	0.00569	0.00643	0.00643	0.00666	0.00564	0.00377	0.00853	0.00893	0.01178	0.02191	0.03903	0.08812	0.69159	0.05978	0.00546	0.00582	0.00871	0.00368	0.00372
3	0.02118	0.01425	0.01599	0.01250	0.01673	0.01547	0.01027	0.55614	0.02381	0.14034	0.01545	0.01579	0.01106	0.01102	0.08970	0.00258	0.00719	0.00543	0.00572	0.00938
4	0.01141	0.00959	0.01133	0.00839	0.01292	0.00737	0.00665	0.01402	0.01281	0.01969	0.13716	0.01739	0.01648	0.00560	0.00474	0.00103	0.00404	0.00465	0.00395	0.69080
5	0.01894	0.01060	0.04218	0.01017	0.01384	0.00956	0.00852	0.13925	0.04453	0.35806	0.23516	0.02555	0.02533	0.00848	0.00609	0.00180	0.00463	0.00707	0.02177	0.00845
6	0.09474	0.01273	0.01449	0.01130	0.01564	0.01316	0.00931	0.33892	0.04199	0.33150	0.01758	0.01645	0.01182	0.00695	0.00557	0.00176	0.00545	0.00535	0.03588	0.00940
7	0.02249	0.01568	0.01707	0.01309	0.01773	0.01713	0.01081	0.67193	0.02632	0.10612	0.01482	0.01452	0.01032	0.00700	0.00582	0.00175	0.00626	0.00529	0.00595	0.00989
8	0.02213	0.04922	0.01765	0.01306	0.01765	0.04746	0.01082	0.62512	0.02542	0.09191	0.01422	0.01409	0.01005	0.00687	0.00571	0.00172	0.00644	0.00513	0.00567	0.00966
9	0.59450	0.01205	0.01247	0.01026	0.01401	0.01355	0.07410	0.07580	0.01205	0.07618	0.00990	0.01127	0.00745	0.00587	0.00509	0.00185	0.04875	0.00395	0.00390	0.00698
10	0.83671	0.01125	0.00855	0.00765	0.01125	0.01305	0.00630	0.01709	0.00990	0.02609	0.00810	0.00945	0.00630	0.00540	0.00360	0.00180	0.00450	0.00315	0.00360	0.00630
11	0.00714	0.00515	0.00677	0.00796	0.00842	0.00477	0.00536	0.00827	0.01152	0.01535	0.07363	0.71904	0.06965	0.01772	0.00737	0.00232	0.00332	0.01602	0.00545	0.00477
12	0.00727	0.00550	0.00672	0.00728	0.00832	0.00494	0.00513	0.00880	0.01292	0.01694	0.19723	0.41218	0.25406	0.01581	0.00714	0.00213	0.00311	0.01397	0.00562	0.00494
13	0.01329	0.00680	0.00725	0.00659	0.00854	0.00683	0.00511	0.07884	0.01395	0.09390	0.01891	0.02082	0.01442	0.00683	0.00439	0.00143	0.00325	0.00544	0.67716	0.00624
14	0.00968	0.00526	0.00701	0.00701	0.00713	0.00526	0.00450	0.00839	0.00826	0.01151	0.01337	0.02414	0.01385	0.25113	0.02308	0.50793	0.00501	0.00610	0.07828	0.00309
15	0.00977	0.00691	0.00856	0.00803	0.00980	0.00657	0.00622	0.06844	0.01637	0.04646	0.47913	0.07473	0.14713	0.01239	0.00688	0.00194	0.00340	0.07532	0.00610	0.00585
16	0.08580	0.01570	0.01658	0.01277	0.01736	0.01731	0.01054	0.65956	0.02547	0.03524	0.01338	0.01354	0.00957	0.00677	0.00559	0.00172	0.00618	0.00501	0.00557	0.03631
17	0.01530	0.55791	0.18950	0.01178	0.01745	0.05043	0.01258	0.05742	0.01295	0.01599	0.00896	0.01027	0.00758	0.00525	0.00430	0.00141	0.00692	0.00351	0.00268	0.00781
18	0.01486	0.06617	0.45341	0.01437	0.02083	0.02773	0.01655	0.04985	0.01372	0.14837	0.01437	0.01835	0.01110	0.00697	0.00617	0.00189	0.03318	0.07000	0.00370	0.00841
19	0.13255	0.01089	0.01312	0.01012	0.01461	0.01017	0.00833	0.10927	0.01643	0.48468	0.01830	0.01674	0.01205	0.00657	0.00535	0.00167	0.00498	0.00511	0.00608	0.11299
20	0.83671	0.01125	0.00855	0.00765	0.01125	0.01305	0.00630	0.01709	0.00990	0.02609	0.00810	0.00945	0.00630	0.00540	0.00360	0.00180	0.00450	0.00315	0.00360	0.00630
21	0.01457	0.01113	0.01347	0.01108	0.01410	0.01182	0.00887	0.16404	0.07248	0.07623	0.01521	0.08421	0.01338	0.03433	0.07868	0.00254	0.14178	0.00607	0.00439	0.22160
22	0.01412	0.01354	0.02312	0.09432	0.70282	0.01375	0.01771	0.01761	0.01311	0.01867	0.01089	0.01448	0.00910	0.00523	0.00576	0.00174	0.00697	0.00518	0.00286	0.00900
23	0.05956	0.01520	0.01416	0.01224	0.01582	0.13171	0.00962	0.14498	0.42226	0.08296	0.01896	0.01792	0.01403	0.00727	0.00567	0.00184	0.00583	0.00569	0.00543	0.00884
24	0.00804	0.00567	0.00704	0.00767	0.00879	0.00513	0.00552	0.00949	0.01258	0.04577	0.10532	0.43924	0.23952	0.01608	0.00719	0.00220	0.00339	0.06070	0.00556	0.00509
25	0.00733	0.00545	0.00668	0.00730	0.00817	0.00497	0.00503	0.00865	0.01228	0.01613	0.15436	0.43425	0.21059	0.07993	0.00901	0.00245	0.00336	0.01389	0.00541	0.00479
26	0.00738	0.00528	0.00707	0.00827	0.00878	0.00496	0.00577	0.00868	0.01176	0.01574	0.08886	0.66662	0.03929	0.01752	0.00743	0.00235	0.00351	0.08039	0.00547	0.00484
27	0.07798	0.00833	0.00844	0.00757	0.00965	0.02507	0.00590	0.10668	0.03050	0.05376	0.05755	0.02070	0.01558	0.02402	0.00553	0.00163	0.02656	0.00556	0.50265	0.00634
28	0.02172	0.02772	0.01648	0.01498	0.01798	0.77228	0.01124	0.02322	0.01648	0.01423	0.00899	0.01049	0.00749	0.00599	0.00524	0.00150	0.01049	0.00375	0.00300	0.00674
29	0.01178	0.01004	0.01176	0.00858	0.01348	0.00758	0.00681	0.01428	0.01201	0.01872	0.01155	0.05561	0.01028	0.00508	0.00448	0.00095	0.00425	0.00418	0.00355	0.78503
30	0.00709	0.00523	0.00664	0.00769	0.00834	0.00478	0.00523	0.00823	0.01167	0.01527	0.06062	0.64121	0.16189	0.01741	0.00731	0.00228	0.00328	0.01560	0.00543	0.00478
31	0.01178	0.00920	0.01041	0.00947	0.01173	0.00977	0.00721	0.11669	0.23558	0.02347	0.27334	0.12804	0.07831	0.03930	0.00733	0.00207	0.00400	0.00941	0.00588	0.00700
32	0.42202	0.02874	0.01410	0.21801	0.13692	0.03085	0.01103	0.01726	0.03776	0.02139	0.00972	0.01230	0.00761	0.00557	0.00465	0.00181	0.00592	0.00414	0.00326	0.00694
33	0.01853	0.01287	0.01433	0.01181	0.01541	0.01391	0.00942	0.41887	0.12693	0.10963	0.01984	0.16628	0.01704	0.00931	0.00615	0.00190	0.00540	0.00768	0.00590	0.00879
34	0.00903	0.00590	0.00739	0.00763	0.00889	0.00545	0.00564	0.01092	0.01341	0.05981	0.23080	0.27462	0.14133	0.04201	0.00765	0.00218	0.00343	0.07770	0.08089	0.00533

[dist]
# distance from previous block
# <min> <max>
0	1

[block]
# block no. 4 follows, 40 sequences, length 20
# corresponding to MSA columns:
# 296,298-316
name=unknown_E
#
# <colnr> <probs for GDERKNQSTAVLIFYWHMCP>
#	G	D	E	R	K	N	Q	S	T	A	V	L	I	F	Y	W	H	M	C	P
0	0.01577	0.01056	0.01179	0.00994	0.01319	0.01095	0.00791	0.19087	0.19011	0.14842	0.10966	0.02925	0.17677	0.00942	0.00612	0.00185	0.00446	0.00774	0.03720	0.00801
1	0.01562	0.01404	0.02594	0.01881	0.02403	0.01328	0.43356	0.08246	0.01477	0.10883	0.01286	0.01529	0.00949	0.00551	0.00681	0.00177	0.04487	0.00596	0.00377	0.14233
2	0.00707	0.00513	0.00667	0.00790	0.00838	0.00474	0.00531	0.00812	0.01132	0.01492	0.03442	0.72701	0.10176	0.01791	0.00737	0.00233	0.00334	0.01616	0.00540	0.00474
3	0.01206	0.01034	0.01206	0.00861	0.01378	0.00775	0.00689	0.01464	0.01206	0.01895	0.01034	0.01206	0.00861	0.00431	0.00431	0.00086	0.00431	0.00345	0.00345	0.83118
4	0.01278	0.00957	0.01140	0.00896	0.01301	0.00786	0.00698	0.06361	0.01326	0.07778	0.01623	0.18000	0.01555	0.00770	0.00520	0.00132	0.00430	0.00656	0.00432	0.53360
5	0.06262	0.01040	0.01109	0.01026	0.01299	0.01161	0.00795	0.02414	0.47498	0.04310	0.06317	0.09314	0.05802	0.00940	0.00597	0.00197	0.00423	0.03289	0.05417	0.00789
6	0.01009	0.00787	0.00953	0.03026	0.01174	0.00755	0.00678	0.07404	0.07897	0.01837	0.02570	0.46483	0.04705	0.01322	0.00649	0.00196	0.00403	0.01173	0.00503	0.16477
7	0.06040	0.01108	0.01716	0.50288	0.13995	0.01321	0.01474	0.01660	0.07518	0.01693	0.01261	0.01647	0.02877	0.00632	0.00634	0.00193	0.04397	0.00536	0.00305	0.00705
8	0.01265	0.01258	0.06660	0.01125	0.01672	0.00941	0.09525	0.04580	0.01291	0.01962	0.01067	0.01259	0.00861	0.00457	0.00476	0.00110	0.00534	0.00399	0.00342	0.64218
9	0.01098	0.01034	0.01744	0.78165	0.04005	0.01292	0.01615	0.01486	0.01163	0.01486	0.01034	0.01550	0.00775	0.00581	0.00581	0.00194	0.00775	0.00517	0.00258	0.00646
10	0.00730	0.00515	0.00668	0.00782	0.00811	0.00487	0.00510	0.00815	0.01071	0.01429	0.02990	0.67375	0.03575	0.14001	0.01090	0.00287	0.00373	0.01527	0.00510	0.00454
11	0.00938	0.00626	0.00719	0.00704	0.00763	0.00635	0.00451	0.05333	0.01081	0.01513	0.06980	0.10096	0.02334	0.50861	0.05732	0.00459	0.00546	0.00870	0.08919	0.00442
12	0.01206	0.01034	0.01206	0.00861	0.01378	0.00775	0.00689	0.01464	0.01206	0.01895	0.01034	0.01206	0.00861	0.00431	0.00431	0.00086	0.00431	0.00345	0.00345	0.83118
13	0.02047	0.01548	0.01653	0.01305	0.01741	0.01727	0.01066	0.58850	0.18147	0.03402	0.01604	0.01561	0.01157	0.00717	0.00584	0.00179	0.00602	0.00552	0.00584	0.00974
14	0.00751	0.00588	0.00680	0.00665	0.00827	0.00517	0.00496	0.00955	0.01463	0.01918	0.37921	0.08493	0.39932	0.01358	0.00689	0.00192	0.00287	0.01166	0.00586	0.00517
15	0.83671	0.01125	0.00855	0.00765	0.01125	0.01305	0.00630	0.01709	0.00990	0.02609	0.00810	0.00945	0.00630	0.00540	0.00360	0.00180	0.00450	0.00315	0.00360	0.00630
16	0.00721	0.00511	0.00671	0.00794	0.00825	0.00481	0.00523	0.00813	0.01089	0.01452	0.03082	0.72418	0.03691	0.08799	0.00941	0.00266	0.00358	0.01581	0.00523	0.00462
17	0.01686	0.01195	0.01332	0.01167	0.02999	0.02890	0.00902	0.13669	0.36297	0.15534	0.13623	0.02318	0.02136	0.00816	0.00602	0.00187	0.00482	0.00677	0.00608	0.00880
18	0.01234	0.00693	0.00862	0.00762	0.00999	0.00608	0.00592	0.01454	0.01546	0.20943	0.34238	0.04149	0.27313	0.01162	0.00661	0.00187	0.00337	0.00990	0.00628	0.00642
19	0.20800	0.06831	0.01471	0.01250	0.05347	0.09573	0.00948	0.11627	0.31740	0.02424	0.01550	0.01543	0.01183	0.00665	0.00513	0.00179	0.00566	0.00499	0.00466	0.00823

[dist]
# distance from previous block
# <min> <max>
0	2

[block]
# block no. 5 follows, 40 sequences, length 32
# corresponding to MSA columns:
# 319-350
name=unknown_F
#
# <colnr> <probs for GDERKNQSTAVLIFYWHMCP>
#	G	D	E	R	K	N	Q	S	T	A	V	L	I	F	Y	W	H	M	C	P
0	0.01559	0.01484	0.01352	0.01093	0.01515	0.17940	0.00854	0.06764	0.13828	0.04195	0.01333	0.02923	0.01075	0.00582	0.00499	0.00131	0.00587	0.00449	0.00407	0.41430
1	0.01805	0.01479	0.01543	0.07026	0.01834	0.06539	0.01059	0.31461	0.33642	0.04675	0.01778	0.01733	0.01308	0.00723	0.00582	0.00184	0.00596	0.00573	0.00547	0.00913
2	0.08300	0.01494	0.01598	0.01238	0.01682	0.01636	0.01021	0.59657	0.02453	0.09780	0.01449	0.01442	0.01020	0.00687	0.00559	0.00174	0.00599	0.00514	0.03752	0.00945
3	0.00733	0.00592	0.00664	0.00668	0.00828	0.00536	0.00497	0.00889	0.01253	0.01561	0.09401	0.07213	0.51929	0.07008	0.11791	0.00328	0.00498	0.02621	0.00501	0.00490
4	0.01504	0.49548	0.07552	0.01246	0.07095	0.06845	0.01088	0.06083	0.01354	0.01647	0.05156	0.01515	0.05991	0.00623	0.00460	0.00145	0.00632	0.00451	0.00315	0.00750
5	0.01034	0.00630	0.00800	0.00768	0.00938	0.00564	0.00571	0.01233	0.01454	0.12981	0.33210	0.22811	0.18105	0.01331	0.00685	0.00198	0.00327	0.01166	0.00608	0.00584
6	0.01375	0.00860	0.01028	0.00922	0.01182	0.00858	0.00717	0.01991	0.21956	0.18797	0.22793	0.09024	0.12118	0.01066	0.00644	0.00194	0.00390	0.02726	0.00622	0.00738
7	0.00844	0.00596	0.00769	0.00742	0.00877	0.00548	0.00553	0.01088	0.01556	0.03660	0.60108	0.10741	0.09754	0.02860	0.00738	0.00198	0.00298	0.02909	0.00618	0.00543
8	0.02609	0.00990	0.01350	0.01035	0.01484	0.00855	0.00855	0.02834	0.01664	0.76338	0.02294	0.01979	0.01439	0.00720	0.00585	0.00180	0.00495	0.00585	0.00720	0.00990
9	0.83671	0.01125	0.00855	0.00765	0.01125	0.01305	0.00630	0.01709	0.00990	0.02609	0.00810	0.00945	0.00630	0.00540	0.00360	0.00180	0.00450	0.00315	0.00360	0.00630
10	0.01555	0.79913	0.03047	0.00995	0.01493	0.02301	0.00995	0.01741	0.01182	0.01368	0.00808	0.00933	0.00746	0.00498	0.00373	0.00124	0.00622	0.00311	0.00249	0.00746
11	0.01555	0.79913	0.03047	0.00995	0.01493	0.02301	0.00995	0.01741	0.01182	0.01368	0.00808	0.00933	0.00746	0.00498	0.00373	0.00124	0.00622	0.00311	0.00249	0.00746
12	0.00758	0.00542	0.00732	0.00867	0.00922	0.00515	0.00626	0.00896	0.01162	0.01540	0.03178	0.63378	0.03737	0.01775	0.00756	0.00243	0.00380	0.16968	0.00539	0.00486
13	0.00703	0.00590	0.00611	0.00606	0.00795	0.00498	0.00455	0.00866	0.01364	0.01661	0.14178	0.05448	0.67356	0.01439	0.00687	0.00195	0.00292	0.01206	0.00552	0.00498
14	0.02211	0.01629	0.01745	0.01338	0.01803	0.01803	0.01105	0.73997	0.02734	0.03665	0.01396	0.01396	0.00989	0.00698	0.00582	0.00175	0.00640	0.00524	0.00582	0.00989
15	0.01222	0.01085	0.01418	0.01013	0.01536	0.00841	0.07658	0.01502	0.01222	0.01892	0.01047	0.01240	0.00863	0.00436	0.00455	0.00097	0.00483	0.00377	0.00340	0.75273
16	0.00837	0.00599	0.00813	0.00813	0.00875	0.00661	0.00575	0.00960	0.00899	0.01260	0.01669	0.02901	0.01721	0.34847	0.47139	0.00784	0.01155	0.00713	0.00328	0.00452
17	0.02609	0.00990	0.01350	0.01035	0.01484	0.00855	0.00855	0.02834	0.01664	0.76338	0.02294	0.01979	0.01439	0.00720	0.00585	0.00180	0.00495	0.00585	0.00720	0.00990
18	0.00823	0.00594	0.00777	0.00732	0.00869	0.00549	0.00549	0.01097	0.01646	0.02332	0.75629	0.04344	0.05487	0.01189	0.00686	0.00183	0.00274	0.01052	0.00640	0.00549
19	0.01439	0.01382	0.02360	0.03569	0.75936	0.01382	0.01785	0.01785	0.01324	0.01900	0.01094	0.01439	0.00921	0.00518	0.00576	0.00173	0.00691	0.00518	0.00288	0.00921
20	0.02172	0.02772	0.01648	0.01498	0.01798	0.77228	0.01124	0.02322	0.01648	0.01423	0.00899	0.01049	0.00749	0.00599	0.00524	0.00150	0.01049	0.00375	0.00300	0.00674
21	0.00706	0.00516	0.00665	0.00784	0.00837	0.00475	0.00528	0.00813	0.01139	0.01495	0.03524	0.70439	0.12385	0.01780	0.00736	0.00231	0.00332	0.01603	0.00540	0.00475
22	0.01740	0.01395	0.01480	0.01243	0.01624	0.01583	0.00991	0.30306	0.47191	0.02906	0.01994	0.01873	0.01473	0.00754	0.00588	0.00189	0.00529	0.00606	0.00588	0.00947
23	0.01861	0.01268	0.01414	0.01170	0.01551	0.01377	0.00938	0.24015	0.34195	0.17285	0.06919	0.02046	0.01721	0.00775	0.00594	0.00186	0.00508	0.00629	0.00617	0.00930
24	0.01213	0.12147	0.67816	0.01579	0.02395	0.01463	0.02011	0.01830	0.01222	0.01785	0.01016	0.01193	0.00738	0.00546	0.00531	0.00177	0.00831	0.00416	0.00246	0.00846
25	0.07159	0.01306	0.01390	0.01128	0.01493	0.01439	0.00912	0.42658	0.12948	0.03105	0.12156	0.01963	0.01764	0.00770	0.00570	0.00176	0.00520	0.00607	0.07078	0.00857
26	0.00836	0.00560	0.00637	0.00646	0.00649	0.00558	0.00365	0.00843	0.00864	0.01152	0.01926	0.08943	0.02232	0.74265	0.02809	0.00541	0.00548	0.00901	0.00365	0.00361
27	0.01174	0.06981	0.01606	0.01285	0.01340	0.01505	0.01055	0.01313	0.01014	0.01495	0.09896	0.06900	0.01618	0.06405	0.01643	0.00256	0.52929	0.00657	0.00325	0.00604
28	0.01395	0.00837	0.00966	0.00825	0.01114	0.00776	0.00652	0.11824	0.01653	0.20307	0.13777	0.03940	0.37330	0.01139	0.00647	0.00187	0.00390	0.00945	0.00604	0.00692
29	0.01577	0.68811	0.07959	0.01066	0.01586	0.02199	0.01082	0.07158	0.01301	0.01572	0.00868	0.00988	0.00764	0.00516	0.00401	0.00132	0.00639	0.00335	0.00273	0.00772
30	0.34064	0.01040	0.01092	0.00909	0.01291	0.01061	0.00744	0.03991	0.06371	0.30950	0.01948	0.01939	0.06726	0.00724	0.00506	0.00182	0.00463	0.02357	0.00538	0.03106
31	0.44195	0.01365	0.01297	0.01082	0.01461	0.09694	0.06249	0.08255	0.07535	0.09650	0.03410	0.01347	0.01013	0.00614	0.00473	0.00179	0.00572	0.00444	0.00430	0.00734

[dist]
# distance from previous block
# <min> <max>
4	11

[block]
# block no. 6 follows, 40 sequences, length 12
# corresponding to MSA columns:
# 362-373
name=unknown_G
#
# <colnr> <probs for GDERKNQSTAVLIFYWHMCP>
#	G	D	E	R	K	N	Q	S	T	A	V	L	I	F	Y	W	H	M	C	P
0	0.06948	0.01414	0.01319	0.01154	0.01488	0.13167	0.00902	0.07740	0.37777	0.11417	0.07022	0.02068	0.03499	0.00772	0.00574	0.00184	0.00552	0.00613	0.00548	0.00841
1	0.08230	0.01522	0.01612	0.01250	0.01692	0.01679	0.01030	0.63023	0.02501	0.05929	0.01405	0.01416	0.01000	0.00686	0.00558	0.00173	0.00605	0.00511	0.04236	0.00942
2	0.01818	0.01316	0.01661	0.01307	0.01709	0.01375	0.09321	0.37448	0.07733	0.10681	0.01784	0.12080	0.01481	0.00823	0.00605	0.00183	0.00589	0.00705	0.02842	0.04541
3	0.00709	0.00506	0.00675	0.00810	0.00843	0.00472	0.00540	0.00810	0.01113	0.01484	0.03205	0.79184	0.03846	0.01822	0.00742	0.00236	0.00337	0.01653	0.00540	0.00472
4	0.01206	0.01034	0.01206	0.00861	0.01378	0.00775	0.00689	0.01464	0.01206	0.01895	0.01034	0.01206	0.00861	0.00431	0.00431	0.00086	0.00431	0.00345	0.00345	0.83118
5	0.01136	0.01072	0.01813	0.69864	0.12010	0.01302	0.01634	0.01519	0.01181	0.01532	0.01040	0.01538	0.00791	0.00574	0.00581	0.00191	0.00766	0.00517	0.00262	0.00677
6	0.00721	0.00516	0.00686	0.00801	0.00846	0.00481	0.00541	0.00842	0.01173	0.01579	0.11265	0.70855	0.04029	0.01751	0.00736	0.00230	0.00330	0.01586	0.00551	0.00481
7	0.01236	0.00689	0.00705	0.00650	0.00830	0.00713	0.00501	0.11187	0.01425	0.02371	0.01829	0.02064	0.01423	0.00680	0.00430	0.00141	0.00321	0.00540	0.71664	0.00603
8	0.02203	0.01859	0.01726	0.01370	0.01802	0.16967	0.01109	0.59587	0.02516	0.03214	0.01296	0.01326	0.00941	0.00678	0.00570	0.00170	0.00722	0.00494	0.00525	0.00926
9	0.00808	0.00588	0.00744	0.00797	0.00858	0.00566	0.00538	0.00900	0.01049	0.01423	0.02599	0.47208	0.03048	0.23350	0.01375	0.00319	0.02677	0.04626	0.00466	0.06061
10	0.01245	0.18642	0.61608	0.01523	0.02309	0.01544	0.01914	0.01821	0.01218	0.01745	0.00996	0.01168	0.00739	0.00541	0.00516	0.00172	0.00811	0.00406	0.00246	0.00836
11	0.01974	0.01489	0.01618	0.01226	0.01703	0.01561	0.01007	0.56924	0.02374	0.03248	0.01311	0.01351	0.00959	0.00635	0.00546	0.00154	0.00591	0.00481	0.00526	0.20320

[dist]
# distance from previous block
# <min> <max>
0	1

[block]
# block no. 7 follows, 40 sequences, length 6
# corresponding to MSA columns:
# 375-380
name=unknown_H
#
# <colnr> <probs for GDERKNQSTAVLIFYWHMCP>
#	G	D	E	R	K	N	Q	S	T	A	V	L	I	F	Y	W	H	M	C	P
0	0.52096	0.01127	0.01101	0.00924	0.01283	0.01252	0.00763	0.05527	0.01241	0.21559	0.01217	0.01260	0.00867	0.00633	0.00554	0.00186	0.06802	0.00410	0.00455	0.00741
1	0.12325	0.01314	0.06286	0.35254	0.20804	0.01342	0.11161	0.01659	0.01210	0.01808	0.01038	0.01426	0.00803	0.00547	0.00563	0.00187	0.00743	0.00508	0.00283	0.00741
2	0.00980	0.00726	0.00961	0.01063	0.01212	0.00747	0.00902	0.01400	0.10214	0.01803	0.03003	0.12084	0.03198	0.01526	0.00773	0.00257	0.00510	0.57524	0.00543	0.00577
3	0.01160	0.00735	0.00904	0.00812	0.01031	0.00697	0.00626	0.01572	0.10457	0.13927	0.44432	0.03900	0.15215	0.01110	0.00659	0.00186	0.00335	0.00957	0.00631	0.00654
4	0.01096	0.00959	0.01161	0.01043	0.01119	0.06054	0.03257	0.03676	0.01010	0.01365	0.01432	0.02586	0.01503	0.36483	0.16256	0.00507	0.18984	0.00678	0.00324	0.00508
5	0.01724	0.00906	0.01171	0.01037	0.04032	0.00859	0.00782	0.11503	0.01724	0.31167	0.25476	0.09429	0.02858	0.00954	0.00624	0.00183	0.00430	0.00815	0.03541	0.00786

[dist]
# distance from previous block
# <min> <max>
0	6

[block]
# block no. 8 follows, 40 sequences, length 43
# corresponding to MSA columns:
# 387-429
name=unknown_I
#
# <colnr> <probs for GDERKNQSTAVLIFYWHMCP>
#	G	D	E	R	K	N	Q	S	T	A	V	L	I	F	Y	W	H	M	C	P
0	0.09112	0.10616	0.12884	0.01572	0.02074	0.13958	0.19280	0.09528	0.01497	0.09653	0.01162	0.01321	0.00866	0.00586	0.00597	0.00175	0.03471	0.00489	0.00362	0.00796
1	0.69038	0.04585	0.05397	0.00865	0.01261	0.05016	0.00759	0.01741	0.01050	0.02434	0.00834	0.00974	0.00654	0.00538	0.00382	0.00174	0.00509	0.00325	0.00345	0.03120
2	0.01276	0.01180	0.01912	0.30971	0.33871	0.01296	0.03164	0.01763	0.09090	0.01781	0.01266	0.01678	0.01022	0.03574	0.00666	0.00197	0.00684	0.00550	0.03280	0.00780
3	0.00861	0.00600	0.00744	0.00722	0.00749	0.00595	0.02914	0.00893	0.00895	0.01193	0.01923	0.07458	0.02202	0.70145	0.02693	0.00524	0.00566	0.03578	0.00366	0.00380
4	0.00831	0.00623	0.00935	0.00935	0.01038	0.00727	0.00727	0.01038	0.00935	0.01350	0.01558	0.02285	0.01454	0.04361	0.77259	0.00935	0.01558	0.00623	0.00312	0.00519
5	0.01223	0.00676	0.00690	0.00640	0.00816	0.00697	0.00493	0.10300	0.01406	0.02352	0.01835	0.02073	0.01429	0.00680	0.00428	0.00140	0.00316	0.00540	0.72668	0.00597
6	0.00937	0.00669	0.00937	0.01071	0.01205	0.00669	0.00937	0.01205	0.01339	0.01740	0.03079	0.06560	0.03347	0.01606	0.00803	0.00268	0.00535	0.72021	0.00535	0.00535
7	0.02182	0.02475	0.01673	0.01457	0.01799	0.57669	0.01119	0.20909	0.01930	0.02005	0.01028	0.01139	0.00811	0.00625	0.00539	0.00156	0.00943	0.00413	0.00373	0.00756
8	0.01060	0.00894	0.05214	0.00984	0.01158	0.00910	0.00809	0.09468	0.01173	0.01702	0.01527	0.02218	0.01396	0.11305	0.44251	0.00648	0.05655	0.00610	0.08437	0.00583
9	0.06131	0.01595	0.01629	0.01281	0.01720	0.06869	0.01047	0.54026	0.06660	0.10957	0.01484	0.01456	0.01048	0.00691	0.00568	0.00175	0.00633	0.00517	0.00567	0.00946
10	0.01206	0.01034	0.01206	0.00861	0.01378	0.00775	0.00689	0.01464	0.01206	0.01895	0.01034	0.01206	0.00861	0.00431	0.00431	0.00086	0.00431	0.00345	0.00345	0.83118
11	0.00857	0.00566	0.00646	0.00646	0.00659	0.00572	0.00376	0.00883	0.00870	0.01194	0.01820	0.03636	0.02045	0.71304	0.06963	0.00562	0.00604	0.00818	0.04607	0.00371
12	0.13639	0.01496	0.01582	0.01228	0.01677	0.01641	0.01014	0.56963	0.02386	0.10590	0.01402	0.01390	0.00983	0.00678	0.00551	0.00176	0.00599	0.00500	0.00564	0.00939
13	0.00812	0.00594	0.00762	0.00720	0.00862	0.00544	0.00540	0.01077	0.01621	0.02272	0.70116	0.04443	0.11037	0.01211	0.00686	0.00184	0.00276	0.01066	0.00632	0.00544
14	0.00720	0.00514	0.00687	0.00822	0.00861	0.00482	0.00559	0.00829	0.01124	0.01497	0.03199	0.75684	0.03822	0.01811	0.00745	0.00238	0.00347	0.05044	0.00540	0.00475
15	0.04215	0.01183	0.05514	0.01075	0.01508	0.01050	0.00924	0.16369	0.03056	0.46181	0.05567	0.01931	0.01500	0.00723	0.00569	0.00176	0.00515	0.00579	0.06445	0.00919
16	0.00844	0.00639	0.00945	0.00937	0.01033	0.00750	0.00725	0.01040	0.00929	0.01341	0.01548	0.02329	0.01466	0.07935	0.71435	0.00897	0.03752	0.00631	0.00312	0.00514
17	0.01520	0.73058	0.09599	0.01054	0.01584	0.02216	0.01098	0.01750	0.01186	0.01410	0.00829	0.00959	0.00745	0.00502	0.00389	0.00130	0.00643	0.00322	0.00248	0.00756
18	0.00824	0.00634	0.00762	0.00746	0.00908	0.00591	0.00570	0.01134	0.05767	0.02037	0.42508	0.07597	0.25538	0.01306	0.00692	0.00196	0.00314	0.06730	0.00596	0.00550
19	0.12179	0.01198	0.04001	0.01068	0.01474	0.01163	0.00895	0.16486	0.11954	0.30524	0.09927	0.01982	0.01706	0.00743	0.00565	0.00180	0.00501	0.00591	0.00598	0.02266
20	0.13762	0.01213	0.03890	0.02972	0.01537	0.01234	0.00929	0.12924	0.19107	0.25238	0.01860	0.03265	0.01354	0.00741	0.00593	0.00187	0.02892	0.01759	0.03681	0.00863
21	0.08153	0.02561	0.01570	0.01426	0.01731	0.67210	0.01075	0.02321	0.05859	0.01570	0.00978	0.01106	0.00800	0.00606	0.00516	0.00155	0.00970	0.00387	0.00321	0.00685
22	0.01734	0.01942	0.10227	0.08200	0.03686	0.32261	0.01165	0.02141	0.08988	0.11079	0.06482	0.01876	0.06283	0.00722	0.00570	0.00172	0.00763	0.00554	0.00410	0.00744
23	0.01010	0.00505	0.00758	0.00758	0.00758	0.00505	0.00505	0.00758	0.00758	0.01010	0.01010	0.01768	0.01010	0.02020	0.02273	0.83081	0.00505	0.00505	0.00253	0.00253
24	0.01289	0.01037	0.04675	0.06959	0.01353	0.03684	0.00788	0.18198	0.01474	0.02010	0.02027	0.03919	0.10749	0.12612	0.01166	0.12436	0.00535	0.00672	0.13822	0.00597
25	0.01501	0.01610	0.06118	0.03256	0.64455	0.09246	0.01735	0.01843	0.01353	0.01847	0.01071	0.01388	0.00894	0.00528	0.00569	0.00171	0.00737	0.00499	0.00287	0.00892
26	0.00695	0.00585	0.00603	0.00608	0.00793	0.00493	0.00452	0.00846	0.01329	0.01603	0.09146	0.09631	0.68273	0.01478	0.00690	0.00198	0.00296	0.01242	0.00545	0.00493
27	0.01376	0.01559	0.03376	0.02509	0.06804	0.01466	0.70103	0.01859	0.01370	0.01865	0.01172	0.01562	0.00884	0.00492	0.00681	0.00195	0.00965	0.00678	0.00294	0.00791
28	0.02395	0.00996	0.01328	0.01008	0.01468	0.00843	0.00829	0.02625	0.01594	0.64974	0.02102	0.01861	0.01351	0.00676	0.00561	0.00166	0.00485	0.00548	0.00662	0.13527
29	0.01206	0.01034	0.01206	0.00861	0.01378	0.00775	0.00689	0.01464	0.01206	0.01895	0.01034	0.01206	0.00861	0.00431	0.00431	0.00086	0.00431	0.00345	0.00345	0.83118
30	0.00937	0.00669	0.00937	0.01071	0.01205	0.00669	0.00937	0.01205	0.01339	0.01740	0.03079	0.06560	0.03347	0.01606	0.00803	0.00268	0.00535	0.72021	0.00535	0.00535
31	0.01098	0.01034	0.01744	0.78165	0.04005	0.01292	0.01615	0.01486	0.01163	0.01486	0.01034	0.01550	0.00775	0.00581	0.00581	0.00194	0.00775	0.00517	0.00258	0.00646
32	0.01098	0.01034	0.01744	0.78165	0.04005	0.01292	0.01615	0.01486	0.01163	0.01486	0.01034	0.01550	0.00775	0.00581	0.00581	0.00194	0.00775	0.00517	0.00258	0.00646
