[name]
unknown

[dist]
# distance from previous block
# <min> <max>
0	38

[block]
# block no. 0 follows, 45 sequences, length 10
# corresponding to MSA columns:
# 630-639
name=unknown_A
#
# <colnr> <probs for GDERKNQSTAVLIFYWHMCP>
#	G	D	E	R	K	N	Q	S	T	A	V	L	I	F	Y	W	H	M	C	P
0	0.01324	0.01135	0.01666	0.04677	0.32741	0.01212	0.01239	0.07451	0.07539	0.05155	0.01347	0.01935	0.01181	0.00703	0.00725	0.00177	0.12057	0.09361	0.00354	0.08020
1	0.04212	0.14609	0.04638	0.01140	0.01575	0.01596	0.00991	0.45934	0.07372	0.10717	0.01323	0.01308	0.00953	0.00613	0.00499	0.00156	0.00565	0.00457	0.00483	0.00858
2	0.01041	0.00986	0.01660	0.72369	0.03541	0.01207	0.04812	0.01462	0.04907	0.01431	0.01022	0.01461	0.00767	0.00543	0.00542	0.00179	0.00709	0.00491	0.00256	0.00615
3	0.01547	0.01196	0.01163	0.01020	0.01306	0.12281	0.00790	0.05036	0.32884	0.17162	0.08709	0.04211	0.05735	0.03737	0.00632	0.00184	0.00493	0.00640	0.00523	0.00751
4	0.00943	0.00590	0.00759	0.00697	0.00862	0.00532	0.00530	0.01172	0.01470	0.11340	0.57442	0.06692	0.12707	0.01095	0.00624	0.00172	0.00282	0.00957	0.00586	0.00548
5	0.00670	0.00499	0.00624	0.00691	0.00772	0.00453	0.00481	0.00803	0.01163	0.01537	0.17782	0.50161	0.19397	0.01502	0.00664	0.00201	0.00292	0.01337	0.00516	0.00453
6	0.01088	0.02695	0.73728	0.01575	0.02353	0.01253	0.06528	0.01701	0.01142	0.01701	0.00971	0.01153	0.00688	0.00506	0.00518	0.00171	0.00800	0.00411	0.00229	0.00789
7	0.01108	0.00808	0.00987	0.00809	0.01134	0.00667	0.00622	0.03342	0.01168	0.08580	0.03922	0.22075	0.01720	0.00962	0.04341	0.00167	0.00432	0.00690	0.00409	0.46057
8	0.00875	0.00666	0.00810	0.00799	0.00869	0.00718	0.00559	0.04680	0.07095	0.01482	0.07728	0.30033	0.04423	0.27509	0.01437	0.00309	0.08098	0.01004	0.00429	0.00476
9	0.07467	0.01071	0.01297	0.01012	0.01418	0.01050	0.00832	0.19145	0.06831	0.51325	0.01848	0.01657	0.01209	0.00654	0.00526	0.00166	0.00482	0.00516	0.00607	0.00888

[dist]
# distance from previous block
# <min> <max>
17	30

[block]
# block no. 1 follows, 45 sequences, length 21
# corresponding to MSA columns:
# 676-689,708-714
name=unknown_B
#
# <colnr> <probs for GDERKNQSTAVLIFYWHMCP>
#	G	D	E	R	K	N	Q	S	T	A	V	L	I	F	Y	W	H	M	C	P
0	0.03002	0.01459	0.10669	0.10050	0.06000	0.01259	0.42012	0.05242	0.01295	0.07573	0.01130	0.01399	0.00829	0.00492	0.00575	0.00171	0.00775	0.00547	0.00309	0.05212
1	0.01304	0.01054	0.01165	0.01031	0.01281	0.01205	0.00801	0.08021	0.47048	0.04070	0.03160	0.05277	0.01620	0.06690	0.00804	0.00205	0.07161	0.00628	0.04636	0.02839
2	0.04241	0.00585	0.00741	0.00800	0.00868	0.00610	0.00570	0.00934	0.04233	0.01481	0.06332	0.57233	0.06893	0.01596	0.04185	0.00240	0.06243	0.01269	0.00469	0.00477
3	0.00683	0.00519	0.00629	0.00658	0.00769	0.00465	0.00472	0.00844	0.01255	0.01658	0.28675	0.30700	0.27964	0.01382	0.00651	0.00190	0.00279	0.01213	0.00529	0.00465
4	0.00760	0.00562	0.00817	0.00826	0.00907	0.00638	0.00623	0.00925	0.00866	0.01234	0.01576	0.08043	0.01566	0.11689	0.65491	0.00780	0.01262	0.00666	0.00307	0.00460
5	0.00842	0.00558	0.00694	0.00684	0.00825	0.00499	0.00503	0.01020	0.01318	0.08284	0.33330	0.23831	0.23045	0.01278	0.00639	0.00184	0.00290	0.01118	0.00550	0.00510
6	0.79243	0.01030	0.00820	0.00723	0.01061	0.01176	0.00596	0.01649	0.00956	0.07626	0.00842	0.00938	0.00633	0.00510	0.00346	0.00166	0.00418	0.00308	0.00355	0.00604
7	0.01335	0.01153	0.01214	0.01092	0.01396	0.01335	0.00850	0.02852	0.76817	0.02245	0.02185	0.02003	0.01639	0.00728	0.00546	0.00182	0.00425	0.00607	0.00546	0.00850
8	0.18984	0.04505	0.04222	0.08525	0.03587	0.05923	0.12062	0.05001	0.01221	0.03581	0.13100	0.01864	0.03404	0.05310	0.01906	0.00201	0.05075	0.00556	0.00357	0.00618
9	0.19568	0.03340	0.01385	0.02839	0.01495	0.04710	0.00884	0.44413	0.01912	0.08379	0.01214	0.01329	0.00905	0.04589	0.00595	0.00179	0.00558	0.00450	0.00467	0.00788
10	0.84927	0.01038	0.00789	0.00706	0.01038	0.01204	0.00581	0.01578	0.00914	0.02408	0.00747	0.00872	0.00581	0.00498	0.00332	0.00166	0.00415	0.00291	0.00332	0.00581
11	0.03637	0.09389	0.01652	0.01612	0.20694	0.04891	0.01055	0.15313	0.17377	0.08647	0.07230	0.01653	0.01372	0.00706	0.02286	0.00176	0.00561	0.00521	0.00431	0.00799
12	0.00675	0.00493	0.00635	0.00709	0.00778	0.00453	0.00490	0.00808	0.01156	0.01549	0.19459	0.55712	0.12064	0.01519	0.00668	0.00203	0.00294	0.01362	0.00518	0.00453
13	0.00837	0.00680	0.00685	0.00697	0.00818	0.06256	0.00490	0.00953	0.01159	0.04152	0.09875	0.26319	0.30257	0.13228	0.00947	0.00238	0.00377	0.01101	0.00470	0.00463
14	0.00933	0.00676	0.00822	0.00845	0.00957	0.00683	0.00603	0.15876	0.01329	0.01775	0.02623	0.64802	0.03020	0.01473	0.00655	0.00207	0.00368	0.01316	0.00506	0.00532
15	0.00739	0.00499	0.00647	0.00721	0.00762	0.00478	0.00477	0.00824	0.00993	0.03407	0.04730	0.55338	0.03067	0.19235	0.05194	0.00315	0.00418	0.01270	0.00456	0.00429
16	0.01817	0.01362	0.01570	0.07009	0.01773	0.01504	0.03670	0.55634	0.08625	0.05007	0.01414	0.03728	0.01069	0.02570	0.00597	0.00175	0.00583	0.00537	0.00504	0.00850
17	0.00885	0.00742	0.06453	0.00823	0.00980	0.00598	0.00647	0.03581	0.02704	0.06228	0.12299	0.49030	0.04283	0.04689	0.00725	0.00210	0.00371	0.01183	0.00490	0.03080
18	0.01575	0.24689	0.01955	0.04033	0.04813	0.27949	0.05873	0.03863	0.05480	0.02910	0.03686	0.01204	0.00940	0.00546	0.00488	0.00139	0.02306	0.00402	0.00303	0.06846
19	0.01406	0.05180	0.01285	0.00955	0.01340	0.03708	0.00770	0.13250	0.15585	0.07927	0.01608	0.03991	0.05197	0.00628	0.00507	0.00135	0.02062	0.00498	0.00429	0.33540
20	0.03606	0.11462	0.03117	0.01193	0.05335	0.18603	0.00930	0.17742	0.06469	0.01981	0.01109	0.03449	0.00914	0.00561	0.00466	0.00133	0.00608	0.00419	0.00361	0.21542

[dist]
# distance from previous block
# <min> <max>
13	43

[block]
# block no. 2 follows, 45 sequences, length 10
# corresponding to MSA columns:
# 787-796
name=unknown_C
#
# <colnr> <probs for GDERKNQSTAVLIFYWHMCP>
#	G	D	E	R	K	N	Q	S	T	A	V	L	I	F	Y	W	H	M	C	P
0	0.04206	0.01216	0.01522	0.17847	0.09714	0.01341	0.01100	0.38525	0.01836	0.07781	0.01333	0.05293	0.01033	0.00652	0.00531	0.00166	0.00579	0.00532	0.04002	0.00789
1	0.01470	0.01057	0.01270	0.00951	0.01382	0.00945	0.02824	0.18746	0.01515	0.12016	0.04844	0.03605	0.01169	0.00559	0.00474	0.00120	0.00455	0.00458	0.00430	0.45710
2	0.00711	0.00535	0.00657	0.00652	0.00778	0.00482	0.00479	0.00908	0.01366	0.01848	0.47115	0.16237	0.23753	0.01257	0.00642	0.00180	0.00267	0.01099	0.00552	0.00482
3	0.01360	0.16236	0.32912	0.01317	0.01863	0.07689	0.05538	0.12984	0.05240	0.01910	0.06997	0.01381	0.01116	0.00578	0.00501	0.00157	0.00683	0.00455	0.00325	0.00756
4	0.01761	0.04763	0.01397	0.04394	0.01499	0.01306	0.00886	0.40451	0.06094	0.13225	0.01486	0.01538	0.01082	0.00860	0.05694	0.00203	0.00579	0.00497	0.11481	0.00803
5	0.00661	0.00545	0.00583	0.00592	0.00757	0.00467	0.00448	0.00812	0.01244	0.01525	0.12382	0.08936	0.62419	0.01356	0.00643	0.00186	0.00284	0.05194	0.00507	0.00460
6	0.01037	0.00934	0.01262	0.01127	0.01219	0.03470	0.05608	0.06277	0.01081	0.01501	0.04443	0.27332	0.01927	0.07237	0.04098	0.00260	0.29411	0.00866	0.00367	0.00544
7	0.00833	0.00636	0.00784	0.00709	0.00889	0.00578	0.00531	0.01131	0.05612	0.01983	0.52126	0.06951	0.07643	0.04416	0.00686	0.00174	0.00299	0.00881	0.00529	0.12608
8	0.00677	0.00493	0.00616	0.00690	0.00749	0.00456	0.00464	0.00782	0.01077	0.01421	0.10712	0.52232	0.14650	0.11251	0.00922	0.00244	0.00325	0.01320	0.00487	0.00432
9	0.11792	0.04659	0.06643	0.08331	0.01620	0.01136	0.00920	0.17394	0.03777	0.15121	0.06054	0.01472	0.01159	0.00585	0.00481	0.00148	0.00507	0.00456	0.00431	0.17315

[dist]
# distance from previous block
# <min> <max>
0	1

[block]
# block no. 3 follows, 45 sequences, length 7
# corresponding to MSA columns:
# 798-804
name=unknown_D
#
# <colnr> <probs for GDERKNQSTAVLIFYWHMCP>
#	G	D	E	R	K	N	Q	S	T	A	V	L	I	F	Y	W	H	M	C	P
0	0.09551	0.12742	0.33090	0.01309	0.01811	0.06200	0.03280	0.07299	0.01210	0.05299	0.00947	0.01119	0.00727	0.00585	0.00663	0.00169	0.12583	0.00399	0.00287	0.00730
1	0.00797	0.00693	0.00737	0.06924	0.01033	0.05343	0.00560	0.00976	0.01272	0.01608	0.22199	0.09779	0.38650	0.03657	0.00678	0.00187	0.00355	0.00991	0.03077	0.00484
2	0.45713	0.04633	0.08547	0.06250	0.04930	0.01158	0.03558	0.01661	0.01062	0.11342	0.01109	0.05992	0.00898	0.00591	0.00430	0.00169	0.00505	0.00440	0.00357	0.00656
3	0.01238	0.01115	0.01875	0.30399	0.44904	0.01193	0.01507	0.01563	0.01195	0.04846	0.04252	0.01499	0.00999	0.00533	0.00538	0.00167	0.00642	0.00501	0.00286	0.00748
4	0.00714	0.00528	0.00667	0.00673	0.00784	0.00481	0.00489	0.00910	0.01353	0.01851	0.48000	0.23089	0.15912	0.01282	0.00646	0.00183	0.00270	0.01133	0.00554	0.00481
5	0.00664	0.00487	0.00624	0.00712	0.00774	0.00446	0.00487	0.00782	0.01111	0.01472	0.12015	0.61935	0.13374	0.01571	0.00672	0.00207	0.00299	0.01410	0.00509	0.00446
6	0.07350	0.00604	0.00743	0.00703	0.00858	0.00570	0.00528	0.01134	0.01390	0.08047	0.51497	0.14374	0.07953	0.01112	0.00610	0.00176	0.00291	0.00970	0.00559	0.00532

[dist]
# distance from previous block
# <min> <max>
1	2

[block]
# block no. 4 follows, 45 sequences, length 21
# corresponding to MSA columns:
# 807-827
name=unknown_E
#
# <colnr> <probs for GDERKNQSTAVLIFYWHMCP>
#	G	D	E	R	K	N	Q	S	T	A	V	L	I	F	Y	W	H	M	C	P
0	0.01830	0.01258	0.03034	0.01078	0.01450	0.01317	0.00894	0.47219	0.06896	0.12747	0.01571	0.04420	0.01168	0.00685	0.00521	0.00161	0.00511	0.00537	0.11870	0.00833
1	0.12823	0.55702	0.08843	0.00989	0.01441	0.09823	0.00976	0.01666	0.01114	0.01461	0.00774	0.00897	0.00674	0.00479	0.00371	0.00129	0.00612	0.00303	0.00248	0.00676
2	0.76601	0.01150	0.00921	0.00805	0.01141	0.06209	0.03306	0.01619	0.00965	0.02313	0.00765	0.00899	0.00597	0.00500	0.00353	0.00165	0.00468	0.00306	0.00326	0.00589
3	0.01164	0.00750	0.00875	0.00789	0.00942	0.00782	0.00576	0.16069	0.01271	0.07322	0.01813	0.07945	0.03489	0.30688	0.12055	0.00391	0.00604	0.02193	0.09740	0.00541
4	0.00665	0.00491	0.00623	0.00711	0.00779	0.00450	0.00492	0.00783	0.01109	0.01456	0.09664	0.59022	0.16830	0.01570	0.00673	0.00208	0.00304	0.03217	0.00506	0.00446
5	0.00785	0.00561	0.00700	0.00701	0.00723	0.00601	0.00457	0.00839	0.00826	0.01130	0.01732	0.11803	0.01948	0.53246	0.16834	0.00535	0.05057	0.00809	0.00333	0.00381
6	0.00774	0.00562	0.00690	0.00753	0.00823	0.00548	0.00513	0.05641	0.02934	0.01486	0.02854	0.58976	0.08386	0.11276	0.00919	0.00248	0.00355	0.01318	0.00481	0.00464
7	0.01009	0.00624	0.00793	0.00759	0.00913	0.00589	0.00566	0.01281	0.06343	0.12740	0.32935	0.20765	0.07806	0.06317	0.00765	0.00207	0.00335	0.04142	0.00551	0.00557
8	0.01435	0.81458	0.02813	0.00918	0.01378	0.02124	0.00918	0.01607	0.01091	0.01263	0.00746	0.00861	0.00689	0.00459	0.00344	0.00115	0.00574	0.00287	0.00230	0.00689
9	0.01534	0.01175	0.01391	0.01121	0.01461	0.01230	0.05103	0.43109	0.03706	0.02582	0.01672	0.20860	0.01561	0.00863	0.00563	0.00168	0.00514	0.00733	0.00488	0.10168
10	0.05695	0.02924	0.08790	0.02330	0.01145	0.08665	0.01841	0.01114	0.01067	0.01445	0.04066	0.40617	0.02354	0.07819	0.05834	0.00263	0.02123	0.01002	0.00394	0.00511
11	0.00795	0.00573	0.00723	0.00797	0.00869	0.00561	0.00551	0.08401	0.01180	0.01575	0.02789	0.72700	0.03282	0.01576	0.00670	0.00212	0.00340	0.01420	0.00502	0.00485
12	0.01389	0.01003	0.01124	0.00977	0.01237	0.01071	0.00757	0.28841	0.14812	0.06607	0.07128	0.21908	0.06289	0.03478	0.00656	0.00192	0.00442	0.00847	0.00531	0.00712
13	0.06008	0.01708	0.18531	0.10621	0.05221	0.08224	0.33031	0.01660	0.01193	0.01653	0.01032	0.03329	0.00818	0.00539	0.00611	0.00176	0.04150	0.00531	0.00266	0.00699
14	0.01208	0.01006	0.01245	0.07936	0.01558	0.00862	0.02611	0.05497	0.05510	0.04033	0.01079	0.01230	0.00858	0.00451	0.00436	0.00104	0.00452	0.00372	0.00345	0.63207
15	0.02613	0.00662	0.00852	0.00776	0.00970	0.00621	0.00607	0.01424	0.05265	0.17070	0.46996	0.06364	0.05734	0.01041	0.00615	0.00177	0.00327	0.06699	0.00585	0.00601
16	0.01212	0.01151	0.01978	0.31471	0.35521	0.01237	0.09270	0.04865	0.01228	0.01676	0.02842	0.01486	0.00922	0.02175	0.00592	0.00177	0.00681	0.00512	0.00277	0.00726
17	0.01166	0.01105	0.01857	0.42913	0.37239	0.01234	0.01544	0.01538	0.03265	0.01569	0.01014	0.01401	0.00803	0.00516	0.00535	0.00170	0.00672	0.00481	0.00259	0.00719
18	0.00665	0.00492	0.00623	0.00713	0.00781	0.00450	0.00494	0.00783	0.01106	0.01451	0.09075	0.59164	0.16829	0.01574	0.00674	0.00209	0.00306	0.03659	0.00505	0.00446
19	0.39585	0.01270	0.01190	0.00970	0.01346	0.03477	0.00795	0.32253	0.05422	0.04699	0.01086	0.01135	0.00800	0.00572	0.00439	0.00161	0.00503	0.00394	0.00434	0.03467
20	0.16917	0.00778	0.00819	0.00747	0.00910	0.00814	0.00530	0.11639	0.01148	0.04543	0.03689	0.14418	0.01815	0.34627	0.01442	0.00320	0.00465	0.00742	0.00402	0.03234

[dist]
# distance from previous block
# <min> <max>
0	2

[block]
# block no. 5 follows, 45 sequences, length 8
# corresponding to MSA columns:
# 830-837
name=unknown_F
#
# <colnr> <probs for GDERKNQSTAVLIFYWHMCP>
#	G	D	E	R	K	N	Q	S	T	A	V	L	I	F	Y	W	H	M	C	P
0	0.01232	0.01177	0.02005	0.26689	0.55144	0.01250	0.01600	0.01563	0.01177	0.01637	0.00993	0.01360	0.00809	0.00496	0.00533	0.00165	0.00661	0.00478	0.00257	0.00773
1	0.56339	0.09343	0.01177	0.00894	0.01207	0.15209	0.00735	0.01663	0.01034	0.02026	0.00759	0.00908	0.00620	0.00533	0.00454	0.00160	0.05722	0.00312	0.00306	0.00600
2	0.00923	0.00588	0.00749	0.00686	0.00853	0.00530	0.00523	0.01153	0.01475	0.10486	0.57966	0.03946	0.15882	0.01090	0.00623	0.00170	0.00279	0.00948	0.00585	0.00543
3	0.01896	0.01404	0.01355	0.01111	0.01465	0.13724	0.00889	0.30360	0.14451	0.17746	0.01574	0.01530	0.01125	0.00646	0.00516	0.00159	0.00565	0.00495	0.08171	0.00818
4	0.01454	0.00713	0.00926	0.00790	0.01028	0.00652	0.00615	0.04154	0.01471	0.31578	0.32823	0.07035	0.02990	0.04761	0.00680	0.00184	0.00359	0.00775	0.06345	0.00665
5	0.00726	0.00540	0.00668	0.00649	0.00774	0.00490	0.00477	0.00931	0.01386	0.01894	0.53133	0.10311	0.19999	0.04751	0.00731	0.00191	0.00274	0.01040	0.00552	0.00482
6	0.07830	0.01061	0.01262	0.00998	0.01387	0.01058	0.00817	0.18066	0.10662	0.45446	0.01843	0.01674	0.01228	0.00655	0.00520	0.00166	0.00471	0.00517	0.03470	0.00869
7	0.01249	0.01000	0.01620	0.32444	0.26823	0.01069	0.01322	0.01558	0.01217	0.10359	0.06239	0.01968	0.01303	0.00640	0.00554	0.00173	0.00604	0.06350	0.00342	0.03167

[dist]
# distance from previous block
# <min> <max>
5	73

[block]
# block no. 6 follows, 45 sequences, length 11
# corresponding to MSA columns:
# 932-942
name=unknown_G
#
# <colnr> <probs for GDERKNQSTAVLIFYWHMCP>
#	G	D	E	R	K	N	Q	S	T	A	V	L	I	F	Y	W	H	M	C	P
0	0.11327	0.12026	0.20280	0.07218	0.01880	0.04596	0.09756	0.07588	0.01269	0.04145	0.05873	0.01383	0.01042	0.02228	0.00531	0.00162	0.00636	0.00451	0.00319	0.07293
1	0.38002	0.10312	0.01285	0.03510	0.01350	0.10103	0.00780	0.12796	0.04941	0.04186	0.01148	0.01226	0.03857	0.00569	0.00419	0.00155	0.00527	0.00388	0.00367	0.04080
2	0.12756	0.08054	0.01546	0.02738	0.01545	0.19097	0.00958	0.30518	0.01729	0.06287	0.02579	0.01203	0.00885	0.00622	0.00585	0.00160	0.07169	0.00422	0.00403	0.00744
3	0.01150	0.00818	0.00830	0.03278	0.00982	0.07679	0.00602	0.05518	0.01176	0.03516	0.01515	0.01886	0.01249	0.05211	0.10823	0.00254	0.05616	0.00508	0.46848	0.00541
4	0.00933	0.00695	0.00886	0.00796	0.00946	0.00685	0.03582	0.10853	0.01416	0.01937	0.35640	0.12885	0.08108	0.17008	0.01044	0.00245	0.00386	0.00933	0.00501	0.00521
5	0.00744	0.00521	0.00604	0.00614	0.00658	0.00500	0.00383	0.00809	0.00971	0.01292	0.13300	0.13535	0.11513	0.50086	0.01922	0.00391	0.00426	0.00944	0.00406	0.00381
6	0.02270	0.00926	0.01232	0.00953	0.01349	0.00825	0.00784	0.07183	0.01598	0.68086	0.07325	0.01945	0.01563	0.00693	0.00546	0.00166	0.00451	0.00566	0.00651	0.00885
7	0.01167	0.00636	0.00818	0.00732	0.00929	0.00568	0.00558	0.01368	0.01412	0.21867	0.38510	0.09522	0.14128	0.04480	0.00702	0.00189	0.00325	0.00916	0.00579	0.00592
8	0.04370	0.00880	0.01095	0.00892	0.01203	0.00838	0.00716	0.13691	0.01642	0.37001	0.23773	0.05221	0.04641	0.00837	0.00568	0.00168	0.00408	0.00699	0.00602	0.00755
9	0.04310	0.00616	0.00731	0.00692	0.00880	0.00561	0.00543	0.01158	0.01348	0.10846	0.29170	0.04196	0.29818	0.01142	0.00614	0.00180	0.00317	0.09048	0.03292	0.00537
10	0.68367	0.01032	0.00874	0.00757	0.01089	0.01162	0.00617	0.06040	0.01065	0.09930	0.00954	0.01101	0.00732	0.03855	0.00464	0.00180	0.00434	0.00347	0.00377	0.00623

[dist]
# distance from previous block
# <min> <max>
0	1

[block]
# block no. 7 follows, 45 sequences, length 10
# corresponding to MSA columns:
# 944-953
name=unknown_H
#
# <colnr> <probs for GDERKNQSTAVLIFYWHMCP>
#	G	D	E	R	K	N	Q	S	T	A	V	L	I	F	Y	W	H	M	C	P
0	0.01249	0.01398	0.10899	0.15306	0.57236	0.01259	0.01661	0.01609	0.01188	0.01686	0.00995	0.01322	0.00809	0.00491	0.00530	0.00164	0.00668	0.00469	0.00257	0.00803
1	0.08027	0.01055	0.01696	0.36272	0.32125	0.01173	0.01420	0.01472	0.01133	0.01627	0.01132	0.01768	0.00974	0.00597	0.00537	0.00176	0.00640	0.07209	0.00280	0.00685
2	0.00687	0.00491	0.00659	0.00769	0.00819	0.00463	0.00541	0.00811	0.01092	0.01462	0.09079	0.65824	0.03622	0.01611	0.00687	0.00217	0.00328	0.09883	0.00505	0.00449
3	0.00720	0.00537	0.00676	0.00712	0.00826	0.00493	0.00536	0.00904	0.01282	0.01708	0.30532	0.24387	0.20860	0.01366	0.00663	0.00196	0.00309	0.12285	0.00531	0.00474
4	0.00681	0.00506	0.00671	0.04911	0.00921	0.00484	0.00536	0.00796	0.01061	0.01400	0.06479	0.62913	0.10188	0.04836	0.00754	0.00223	0.00335	0.01378	0.00482	0.00445
5	0.00865	0.00579	0.00701	0.00686	0.00840	0.00521	0.00521	0.01041	0.01291	0.08303	0.25877	0.09705	0.29779	0.07671	0.00810	0.00213	0.00330	0.09238	0.00526	0.00502
6	0.11363	0.16039	0.52562	0.01357	0.02026	0.01397	0.04919	0.01670	0.01105	0.01712	0.00905	0.01069	0.00675	0.00497	0.00465	0.00161	0.00715	0.00375	0.00242	0.00746
7	0.00677	0.00488	0.00642	0.00734	0.00778	0.00467	0.00497	0.00780	0.01019	0.01365	0.05505	0.61354	0.06570	0.08141	0.08013	0.00298	0.00427	0.01343	0.00469	0.00435
8	0.01161	0.08269	0.01402	0.04536	0.01407	0.01027	0.09411	0.07467	0.14248	0.05520	0.26989	0.06714	0.04130	0.03319	0.00645	0.00182	0.00460	0.01982	0.00480	0.00651
9	0.03502	0.00683	0.00804	0.00859	0.04047	0.02037	0.00587	0.07868	0.01237	0.04623	0.06113	0.40888	0.08809	0.04909	0.00697	0.00203	0.00367	0.01080	0.10157	0.00530

[dist]
# distance from previous block
# <min> <max>
15	35

[block]
# block no. 8 follows, 45 sequences, length 7
# corresponding to MSA columns:
# 1004-1010
name=unknown_I
#
# <colnr> <probs for GDERKNQSTAVLIFYWHMCP>
#	G	D	E	R	K	N	Q	S	T	A	V	L	I	F	Y	W	H	M	C	P
0	0.01313	0.01139	0.01700	0.08197	0.38731	0.01197	0.01314	0.12173	0.08465	0.01972	0.01524	0.02346	0.01374	0.00732	0.00576	0.00181	0.00588	0.15335	0.00374	0.00768
1	0.01542	0.00987	0.03868	0.00926	0.01234	0.00971	0.00760	0.05470	0.29858	0.22744	0.06195	0.02004	0.01623	0.00698	0.00511	0.00163	0.00407	0.00573	0.18695	0.00773
2	0.00765	0.00559	0.00741	0.00840	0.00943	0.00535	0.00674	0.00951	0.01187	0.01544	0.07331	0.28515	0.13103	0.01506	0.00704	0.00225	0.00396	0.38507	0.00501	0.00472
3	0.01425	0.00812	0.01002	0.00850	0.01108	0.00783	0.00669	0.12966	0.04162	0.23675	0.32395	0.08187	0.07791	0.00950	0.00593	0.00171	0.00373	0.00810	0.00590	0.00687
4	0.00932	0.00466	0.00699	0.00699	0.00699	0.00466	0.00466	0.00699	0.00699	0.00932	0.00932	0.01632	0.00932	0.01865	0.02098	0.84382	0.00466	0.00466	0.00233	0.00233
5	0.04505	0.00535	0.00643	0.00676	0.00775	0.00501	0.00477	0.00873	0.01193	0.01650	0.26059	0.35036	0.17166	0.06468	0.00775	0.00213	0.00305	0.01181	0.00508	0.00460
6	0.19716	0.51486	0.02168	0.00945	0.01348	0.14052	0.00864	0.01686	0.01120	0.01521	0.00760	0.00880	0.00666	0.00483	0.00364	0.00130	0.00602	0.00297	0.00259	0.00655

[dist]
# distance from previous block
# <min> <max>
0	1

[block]
# block no. 9 follows, 45 sequences, length 8
# corresponding to MSA columns:
# 1012-1019
name=unknown_J
#
# <colnr> <probs for GDERKNQSTAVLIFYWHMCP>
#	G	D	E	R	K	N	Q	S	T	A	V	L	I	F	Y	W	H	M	C	P
0	0.01461	0.69764	0.07465	0.00997	0.01461	0.08628	0.00996	0.01659	0.01130	0.01295	0.00767	0.00887	0.00689	0.00470	0.00367	0.00120	0.00622	0.00299	0.00233	0.00690
1	0.01812	0.01315	0.01431	0.01129	0.01496	0.01454	0.00925	0.61321	0.02222	0.03033	0.01346	0.01440	0.01000	0.00999	0.08781	0.00232	0.00649	0.00494	0.08090	0.00830
2	0.00682	0.00541	0.00612	0.00605	0.00757	0.00472	0.00450	0.00858	0.01319	0.01702	0.31631	0.09618	0.46284	0.01284	0.00637	0.00179	0.00268	0.01099	0.00532	0.00472
3	0.00702	0.00541	0.00595	0.00593	0.00715	0.00486	0.00419	0.00825	0.01154	0.01459	0.15778	0.04580	0.43217	0.22415	0.01193	0.00271	0.00343	0.03818	0.00467	0.00429
4	0.01014	0.00597	0.00777	0.00716	0.00871	0.00544	0.00533	0.01218	0.01401	0.14262	0.48996	0.11434	0.06456	0.07801	0.00799	0.00203	0.00315	0.00947	0.00568	0.00548
5	0.73993	0.01057	0.00872	0.00756	0.01100	0.01202	0.00623	0.06167	0.01056	0.07888	0.00878	0.00966	0.00655	0.00519	0.00359	0.00166	0.00429	0.00320	0.00368	0.00625
6	0.01479	0.01284	0.01260	0.01118	0.01430	0.08363	0.00871	0.05905	0.63104	0.05948	0.02020	0.01870	0.01506	0.00706	0.00540	0.00176	0.00483	0.00575	0.00527	0.00835
7	0.07841	0.03506	0.01261	0.08675	0.04847	0.02507	0.00869	0.13766	0.02827	0.13129	0.19362	0.05702	0.04575	0.00816	0.00658	0.00174	0.07687	0.00652	0.00467	0.00679

[dist]
# distance from previous block
# <min> <max>
0	1

[block]
# block no. 10 follows, 45 sequences, length 9
# corresponding to MSA columns:
# 1021-1029
name=unknown_K
#
# <colnr> <probs for GDERKNQSTAVLIFYWHMCP>
#	G	D	E	R	K	N	Q	S	T	A	V	L	I	F	Y	W	H	M	C	P
0	0.04226	0.07010	0.11549	0.01339	0.06482	0.18104	0.01109	0.24753	0.09511	0.02226	0.07422	0.01458	0.01222	0.00626	0.00512	0.00157	0.00650	0.00476	0.00402	0.00766
1	0.71662	0.01121	0.05123	0.00778	0.01144	0.01163	0.00681	0.01693	0.00991	0.10293	0.00903	0.00986	0.00665	0.00516	0.00364	0.00166	0.00440	0.00323	0.00361	0.00628
2	0.00767	0.00575	0.00863	0.00863	0.00959	0.00671	0.00671	0.00959	0.00863	0.01246	0.01438	0.02109	0.01342	0.04026	0.79008	0.00863	0.01438	0.00575	0.00288	0.00479
3	0.01354	0.01036	0.01190	0.03264	0.01346	0.01143	0.00820	0.32018	0.11357	0.02338	0.06827	0.02218	0.10319	0.01615	0.20283	0.00344	0.00727	0.00629	0.00466	0.00707
4	0.00686	0.00501	0.00657	0.00751	0.00813	0.00455	0.00508	0.00789	0.01034	0.01397	0.02820	0.75259	0.03359	0.01593	0.00665	0.00208	0.00317	0.01442	0.00486	0.06261
5	0.00763	0.00544	0.00671	0.00676	0.00745	0.00558	0.00468	0.00862	0.00911	0.01228	0.02298	0.03436	0.14495	0.38542	0.24958	0.00540	0.00742	0.04065	0.03090	0.00406
6	0.02038	0.01590	0.01604	0.01247	0.01664	0.08007	0.01022	0.69938	0.02442	0.03213	0.01251	0.01262	0.00895	0.00637	0.00533	0.00159	0.00622	0.00472	0.00516	0.00889
7	0.01116	0.03497	0.00853	0.00730	0.00925	0.00820	0.00572	0.09094	0.12866	0.02039	0.04307	0.02168	0.06367	0.01082	0.09287	0.00225	0.00458	0.00571	0.42424	0.00597
8	0.06589	0.00762	0.00879	0.00771	0.01012	0.00740	0.00603	0.06322	0.08278	0.15910	0.29784	0.03330	0.20932	0.00980	0.00583	0.00172	0.00343	0.00823	0.00558	0.00630

[dist]
# distance from previous block
# <min> <max>
1	3

[block]
# block no. 11 follows, 45 sequences, length 12
# corresponding to MSA columns:
# 1033-1044
name=unknown_L
#
# <colnr> <probs for GDERKNQSTAVLIFYWHMCP>
#	G	D	E	R	K	N	Q	S	T	A	V	L	I	F	Y	W	H	M	C	P
0	0.78819	0.01029	0.00823	0.00724	0.01063	0.01173	0.00597	0.01655	0.00960	0.08015	0.00849	0.00943	0.00637	0.00511	0.00348	0.00166	0.00418	0.00309	0.00357	0.00606
1	0.01217	0.01456	0.08199	0.05017	0.11219	0.04377	0.48358	0.01616	0.01239	0.01661	0.01352	0.06170	0.04308	0.00578	0.00606	0.00178	0.00799	0.00654	0.00290	0.00706
2	0.13910	0.04154	0.01284	0.03059	0.01384	0.01306	0.00819	0.40720	0.01865	0.05919	0.04495	0.01577	0.03532	0.00652	0.00483	0.00156	0.00488	0.00493	0.12951	0.00755
3	0.34497	0.04022	0.01109	0.00892	0.01219	0.01217	0.00725	0.14727	0.15389	0.08169	0.11505	0.01646	0.01496	0.00658	0.00464	0.00167	0.00435	0.00492	0.00463	0.00707
4	0.00964	0.13243	0.04368	0.00811	0.01065	0.00856	0.00679	0.04322	0.01302	0.01795	0.28535	0.18822	0.04611	0.00983	0.00556	0.00159	0.00380	0.02608	0.00452	0.13488
5	0.00655	0.00538	0.00579	0.00607	0.00762	0.00463	0.00455	0.00793	0.01196	0.01450	0.04886	0.16107	0.61322	0.01415	0.00650	0.00192	0.00294	0.06683	0.00498	0.00454
6	0.00781	0.00520	0.00585	0.00585	0.00585	0.00520	0.00325	0.00781	0.00781	0.01041	0.01691	0.03513	0.01952	0.81135	0.02732	0.00520	0.00520	0.00781	0.00325	0.00325
7	0.01681	0.01309	0.01443	0.01254	0.04724	0.01460	0.00976	0.41996	0.28418	0.02792	0.01700	0.01875	0.01317	0.00726	0.00554	0.00174	0.00528	0.05689	0.00526	0.00859
8	0.00654	0.00467	0.00623	0.00747	0.00779	0.00436	0.00498	0.00747	0.01028	0.01370	0.02959	0.80785	0.03550	0.01682	0.00685	0.00218	0.00311	0.01526	0.00498	0.00436
9	0.01113	0.00954	0.01113	0.00795	0.01272	0.00716	0.00636	0.01352	0.01113	0.01749	0.00954	0.01113	0.00795	0.00398	0.00398	0.00080	0.00398	0.00318	0.00318	0.84417
10	0.01329	0.50242	0.29774	0.01155	0.01727	0.04812	0.01304	0.01661	0.01123	0.01421	0.00827	0.00963	0.00686	0.00481	0.00409	0.00135	0.00668	0.00329	0.00230	0.00724
11	0.04141	0.01013	0.01140	0.00951	0.01248	0.01038	0.00759	0.32273	0.01775	0.02469	0.16975	0.12308	0.03922	0.00895	0.00563	0.00164	0.00441	0.05064	0.00502	0.12359

[dist]
# distance from previous block
# <min> <max>
1	3

[block]
# block no. 12 follows, 45 sequences, length 39
# corresponding to MSA columns:
# 1048-1086
name=unknown_M
#
# <colnr> <probs for GDERKNQSTAVLIFYWHMCP>
#	G	D	E	R	K	N	Q	S	T	A	V	L	I	F	Y	W	H	M	C	P
0	0.01228	0.00997	0.01200	0.04628	0.01407	0.00969	0.00795	0.09591	0.09656	0.04207	0.01402	0.08295	0.01252	0.00688	0.00607	0.00141	0.07761	0.04100	0.00390	0.40686
1	0.01113	0.00954	0.01113	0.00795	0.01272	0.00716	0.00636	0.01352	0.01113	0.01749	0.00954	0.01113	0.00795	0.00398	0.00398	0.00080	0.00398	0.00318	0.00318	0.84417
2	0.00951	0.00818	0.01337	0.39413	0.04310	0.00940	0.05848	0.01233	0.01068	0.01470	0.01489	0.15610	0.01407	0.01079	0.07559	0.00242	0.02177	0.02202	0.10287	0.00559
3	0.00798	0.00528	0.00695	0.00766	0.00854	0.00489	0.00555	0.00938	0.01152	0.06248	0.10908	0.52685	0.09408	0.01507	0.00674	0.00210	0.00334	0.10253	0.00518	0.00481
4	0.01292	0.01238	0.02113	0.12138	0.69228	0.01266	0.01629	0.01616	0.01205	0.01710	0.01003	0.01340	0.00835	0.00485	0.00532	0.00162	0.00647	0.00478	0.00263	0.00821
5	0.00935	0.00679	0.00827	0.00774	0.00958	0.00613	0.00561	0.06327	0.01198	0.03629	0.08999	0.39655	0.02618	0.06644	0.00729	0.00193	0.00363	0.01009	0.02929	0.20362
6	0.00661	0.00470	0.00621	0.00739	0.00768	0.00441	0.00489	0.00749	0.01014	0.01352	0.02890	0.76609	0.03464	0.05975	0.00796	0.00234	0.00323	0.01486	0.00489	0.00430
7	0.01317	0.00869	0.01109	0.08247	0.03551	0.00916	0.00788	0.16804	0.01406	0.09340	0.08422	0.06622	0.01581	0.00989	0.02200	0.12413	0.03974	0.02320	0.11992	0.05141
8	0.16273	0.01129	0.01737	0.18905	0.44160	0.01210	0.01380	0.01548	0.01136	0.01783	0.01050	0.01524	0.00894	0.00549	0.00508	0.00169	0.00606	0.04427	0.00284	0.00729
9	0.17757	0.09845	0.39133	0.01256	0.01822	0.02770	0.01404	0.12400	0.01277	0.02011	0.00930	0.01077	0.00697	0.00546	0.00530	0.00166	0.04960	0.00381	0.00294	0.00745
10	0.01208	0.11462	0.01526	0.05579	0.13288	0.01114	0.04717	0.08083	0.01118	0.01568	0.01061	0.01454	0.00917	0.01035	0.03297	0.23402	0.07216	0.00463	0.10926	0.00567
11	0.01325	0.08577	0.27234	0.06978	0.31843	0.11687	0.01607	0.01711	0.01213	0.01613	0.00945	0.01184	0.00751	0.00501	0.00503	0.00158	0.00733	0.00418	0.00250	0.00772
12	0.00854	0.00565	0.00745	0.00709	0.00844	0.00520	0.00534	0.01088	0.01464	0.06720	0.63449	0.11373	0.04631	0.01139	0.00636	0.00176	0.00279	0.03168	0.00584	0.00524
13	0.00715	0.00511	0.00693	0.00817	0.00875	0.00488	0.00604	0.00853	0.01088	0.01438	0.02925	0.59214	0.03417	0.01624	0.00701	0.00226	0.00364	0.22496	0.00497	0.00453
14	0.00669	0.00478	0.00640	0.00765	0.00803	0.00449	0.00525	0.00774	0.01043	0.01387	0.02950	0.75350	0.03517	0.01667	0.00689	0.00220	0.00325	0.06809	0.00498	0.00440
15	0.00690	0.00492	0.00659	0.00779	0.00824	0.00466	0.00549	0.00804	0.01052	0.01396	0.02903	0.67156	0.03433	0.03998	0.00754	0.00231	0.00345	0.12535	0.00493	0.00442
16	0.00761	0.00547	0.00709	0.00670	0.00789	0.00507	0.00495	0.00999	0.01474	0.02084	0.72803	0.03979	0.04872	0.06060	0.00763	0.00191	0.00270	0.00959	0.00574	0.00495
17	0.01435	0.81458	0.02813	0.00918	0.01378	0.02124	0.00918	0.01607	0.01091	0.01263	0.00746	0.00861	0.00689	0.00459	0.00344	0.00115	0.00574	0.00287	0.00230	0.00689
18	0.01933	0.02430	0.01565	0.03883	0.06441	0.71802	0.01089	0.02089	0.01489	0.01343	0.00845	0.01004	0.00702	0.00548	0.00489	0.00141	0.00940	0.00358	0.00275	0.00636
19	0.00810	0.00560	0.00734	0.00684	0.00819	0.00515	0.00515	0.01062	0.01520	0.04456	0.75219	0.03944	0.04952	0.01084	0.00630	0.00169	0.00259	0.00958	0.00593	0.00519
20	0.84927	0.01038	0.00789	0.00706	0.01038	0.01204	0.00581	0.01578	0.00914	0.02408	0.00747	0.00872	0.00581	0.00498	0.00332	0.00166	0.00415	0.00291	0.00332	0.00581
21	0.00714	0.00547	0.00654	0.00627	0.00774	0.00487	0.00471	0.00924	0.01412	0.01896	0.51215	0.04431	0.31513	0.01193	0.00634	0.00173	0.00260	0.01030	0.00557	0.00487
22	0.00747	0.00584	0.00669	0.00640	0.00799	0.00532	0.00479	0.02659	0.03667	0.01822	0.37296	0.05953	0.38092	0.02858	0.00673	0.00183	0.00281	0.01030	0.00538	0.00497
23	0.00891	0.00621	0.00780	0.00711	0.00871	0.00585	0.00542	0.05704	0.01561	0.04995	0.64781	0.03844	0.09903	0.01072	0.00624	0.00169	0.00283	0.00936	0.00584	0.00543
24	0.01653	0.51369	0.02320	0.01096	0.01485	0.31434	0.00964	0.01812	0.01255	0.01282	0.00778	0.00902	0.00690	0.00495	0.00398	0.00124	0.00724	0.00309	0.00248	0.00663
25	0.08370	0.01191	0.06086	0.12823	0.01808	0.02563	0.03259	0.15261	0.08040	0.27055	0.02901	0.01680	0.03385	0.00643	0.00523	0.00168	0.00544	0.00521	0.02394	0.00786
26	0.01228	0.01369	0.11151	0.01262	0.01506	0.08319	0.07449	0.11764	0.01231	0.01660	0.01332	0.13068	0.01311	0.08344	0.06528	0.00270	0.20602	0.00654	0.00333	0.00621
27	0.84927	0.01038	0.00789	0.00706	0.01038	0.01204	0.00581	0.01578	0.00914	0.02408	0.00747	0.00872	0.00581	0.00498	0.00332	0.00166	0.00415	0.00291	0.00332	0.00581
28	0.01290	0.01525	0.05543	0.02099	0.02579	0.05578	0.61304	0.01696	0.01229	0.01652	0.01027	0.01382	0.00791	0.00512	0.00741	0.00184	0.09301	0.00592	0.00266	0.00706
29	0.01113	0.00954	0.01113	0.00795	0.01272	0.00716	0.00636	0.01352	0.01113	0.01749	0.00954	0.01113	0.00795	0.00398	0.00398	0.00080	0.00398	0.00318	0.00318	0.84417
30	0.00769	0.00552	0.00697	0.00662	0.00800	0.00501	0.00496	0.00997	0.01455	0.03545	0.61818	0.06833	0.16569	0.01151	0.00633	0.00172	0.00262	0.01007	0.00574	0.00504
31	0.82468	0.01022	0.00780	0.00700	0.01026	0.01184	0.00575	0.01568	0.00920	0.02396	0.00777	0.00905	0.00605	0.00502	0.00333	0.00165	0.00410	0.00297	0.02786	0.00579
32	0.71527	0.01113	0.00922	0.00791	0.01139	0.01279	0.00652	0.13609	0.01174	0.02566	0.00835	0.00939	0.00635	0.00522	0.00365	0.00165	0.00444	0.00322	0.00365	0.00635
33	0.02041	0.01504	0.01611	0.01235	0.01665	0.01665	0.01020	0.75997	0.02524	0.03383	0.01289	0.01289	0.00913	0.00644	0.00537	0.00161	0.00591	0.00483	0.00537	0.00913
34	0.00669	0.00474	0.00618	0.00728	0.00755	0.00446	0.00477	0.00751	0.00998	0.01330	0.02804	0.71377	0.03356	0.11355	0.00934	0.00255	0.00337	0.01435	0.00477	0.00423
35	0.00734	0.00548	0.00681	0.00648	0.00786	0.00495	0.00486	0.00963	0.01458	0.02007	0.62558	0.04250	0.20101	0.01152	0.00633	0.00171	0.00257	0.01004	0.00572	0.00495
36	0.00781	0.00520	0.00585	0.00585	0.00585	0.00520	0.00325	0.00781	0.00781	0.01041	0.01691	0.03513	0.01952	0.81135	0.02732	0.00520	0.00520	0.00781	0.00325	0.00325
37	0.08164	0.01316	0.01725	0.37837	0.04914	0.12374	0.09627	0.07061	0.01233	0.01640	0.00937	0.01283	0.00730	0.00571	0.00641	0.00176	0.08389	0.00460	0.00278	0.00643
38	0.03683	0.03779	0.11179	0.12339	0.05733	0.04662	0.02716	0.11326	0.09191	0.01832	0.01277	0.01525	0.02741	0.00985	0.08393	0.00243	0.12207	0.00493	0.05006	0.00687

[dist]
# distance from previous block
# <min> <max>
0	1

[block]
# block no. 13 follows, 45 sequences, length 41
# corresponding to MSA columns:
# 1088-1128
name=unknown_N
#
# <colnr> <probs for GDERKNQSTAVLIFYWHMCP>
#	G	D	E	R	K	N	Q	S	T	A	V	L	I	F	Y	W	H	M	C	P
0	0.14282	0.02092	0.01188	0.10209	0.02433	0.04245	0.00853	0.10526	0.11233	0.16497	0.04366	0.03809	0.05510	0.02090	0.00562	0.00179	0.00499	0.05864	0.00464	0.03100
1	0.01143	0.00949	0.01103	0.00827	0.01253	0.00766	0.00654	0.07618	0.01224	0.01848	0.01195	0.09564	0.01097	0.00554	0.00440	0.00101	0.00405	0.00460	0.00356	0.68443
2	0.01342	0.52611	0.22665	0.03006	0.01724	0.04619	0.02865	0.01642	0.01116	0.01393	0.00818	0.00969	0.00690	0.00487	0.00432	0.00136	0.02208	0.00334	0.00232	0.00711
3	0.05014	0.01249	0.01327	0.01059	0.01417	0.01373	0.00862	0.49432	0.09935	0.05855	0.01475	0.01494	0.01074	0.00645	0.00502	0.00157	0.00501	0.00494	0.15315	0.00820
4	0.00712	0.00552	0.00645	0.00642	0.00789	0.00493	0.00490	0.00899	0.01320	0.01718	0.32545	0.04751	0.39092	0.04441	0.00728	0.00197	0.00298	0.08685	0.00526	0.00473
5	0.43096	0.00996	0.01017	0.03971	0.01282	0.01066	0.00712	0.03978	0.07298	0.25977	0.04788	0.01436	0.01117	0.00601	0.00441	0.00168	0.00438	0.00437	0.00466	0.00713
6	0.01074	0.05823	0.68544	0.04674	0.02271	0.01246	0.01852	0.01651	0.01147	0.01689	0.04475	0.01267	0.00883	0.00536	0.00510	0.00168	0.00756	0.00422	0.00244	0.00768
7	0.00743	0.00568	0.00694	0.00739	0.00867	0.00532	0.00569	0.00972	0.04331	0.01628	0.17312	0.22797	0.26916	0.01389	0.00667	0.00203	0.00334	0.17738	0.00516	0.00484
8	0.21830	0.01195	0.01267	0.01091	0.04453	0.01326	0.00837	0.37621	0.01695	0.02584	0.01167	0.01468	0.00956	0.09714	0.04775	0.00238	0.03277	0.00468	0.00422	0.03616
9	0.01577	0.01132	0.01299	0.03149	0.01435	0.01175	0.00836	0.29515	0.09470	0.10280	0.01434	0.01716	0.01147	0.09474	0.00810	0.00191	0.04171	0.01922	0.00458	0.18807
10	0.00847	0.00647	0.00933	0.00904	0.01007	0.00767	0.00710	0.03898	0.00930	0.01347	0.01393	0.02016	0.01286	0.03632	0.69528	0.00781	0.06301	0.00563	0.02006	0.00503
11	0.00766	0.00545	0.00705	0.00679	0.00803	0.00500	0.00504	0.00994	0.01450	0.03172	0.64094	0.12163	0.09269	0.01169	0.00637	0.00175	0.00264	0.01033	0.00577	0.00502
12	0.02389	0.00559	0.00680	0.00651	0.00794	0.00510	0.00491	0.00967	0.01430	0.01976	0.56971	0.04271	0.22513	0.01157	0.00630	0.00173	0.00266	0.02516	0.00561	0.00495
13	0.01072	0.00708	0.00880	0.00782	0.00974	0.00691	0.00603	0.07659	0.07008	0.09833	0.56650	0.04914	0.04064	0.01001	0.00610	0.00170	0.00316	0.00871	0.00589	0.00605
14	0.01432	0.00726	0.00948	0.00826	0.01069	0.00668	0.00647	0.01734	0.06604	0.31740	0.31412	0.11097	0.04888	0.00980	0.00599	0.00176	0.00357	0.02815	0.00602	0.00680
15	0.23208	0.01213	0.04980	0.25686	0.12528	0.02622	0.01178	0.12473	0.01280	0.03908	0.01010	0.01316	0.00786	0.00570	0.00532	0.00172	0.03689	0.01833	0.00326	0.00689
16	0.05085	0.35725	0.05528	0.01155	0.01537	0.30972	0.01015	0.07721	0.01352	0.01518	0.00829	0.00959	0.00703	0.00530	0.00468	0.00136	0.03477	0.00336	0.00276	0.00678
17	0.61982	0.04788	0.01033	0.00812	0.01165	0.01277	0.00676	0.12587	0.01196	0.07117	0.00926	0.01018	0.00698	0.00605	0.02097	0.00178	0.00473	0.00340	0.00377	0.00653
18	0.03699	0.01257	0.04059	0.19387	0.50459	0.02768	0.04224	0.01639	0.01199	0.04714	0.01032	0.01349	0.00824	0.00500	0.00529	0.00165	0.00661	0.00476	0.00277	0.00780
19	0.00761	0.00554	0.00735	0.00810	0.00915	0.00527	0.00641	0.00957	0.01240	0.01646	0.19538	0.25925	0.11022	0.01440	0.00692	0.00215	0.00369	0.31018	0.00517	0.00477
20	0.01242	0.34517	0.41509	0.01427	0.08135	0.01604	0.01525	0.01658	0.01123	0.01527	0.00879	0.01039	0.00698	0.00487	0.00445	0.00147	0.00692	0.00359	0.00231	0.00756
21	0.00676	0.00492	0.00637	0.00713	0.00779	0.00453	0.00492	0.00809	0.01155	0.01552	0.19861	0.56969	0.10380	0.01523	0.00669	0.00204	0.00295	0.01367	0.00519	0.00453
22	0.00808	0.00633	0.00932	0.00908	0.00991	0.00764	0.00710	0.00986	0.00856	0.01244	0.01373	0.02063	0.01299	0.06380	0.68612	0.00788	0.09314	0.00572	0.00284	0.00485
23	0.01174	0.01203	0.01693	0.26784	0.02244	0.07459	0.06606	0.01394	0.00998	0.01353	0.00910	0.04351	0.00825	0.00773	0.01143	0.00205	0.39521	0.00515	0.00252	0.00597
24	0.01233	0.01178	0.02007	0.26437	0.55388	0.01250	0.01600	0.01564	0.01177	0.01638	0.00993	0.01360	0.00810	0.00496	0.00533	0.00165	0.00661	0.00478	0.00257	0.00773
25	0.01277	0.01244	0.02018	0.21656	0.57201	0.04060	0.01588	0.01599	0.01197	0.01646	0.00990	0.01340	0.00812	0.00495	0.00531	0.00163	0.00668	0.00473	0.00260	0.00781
26	0.01661	0.01488	0.01390	0.01205	0.02812	0.15674	0.00934	0.30342	0.25013	0.02402	0.01698	0.04731	0.04246	0.00775	0.01741	0.00178	0.01880	0.00564	0.00476	0.00790
27	0.78170	0.01061	0.00846	0.00742	0.01082	0.01219	0.00611	0.05732	0.01019	0.04445	0.00813	0.00920	0.00619	0.00511	0.00349	0.00166	0.00426	0.00308	0.00352	0.00608
28	0.07338	0.01214	0.01191	0.02098	0.04275	0.13951	0.00813	0.12132	0.08787	0.19079	0.11520	0.05107	0.03169	0.00738	0.00525	0.00162	0.00515	0.00591	0.06074	0.00721
29	0.01026	0.00679	0.00799	0.06079	0.00999	0.02145	0.00609	0.01252	0.01065	0.01777	0.01538	0.04487	0.01282	0.00853	0.04041	0.00182	0.13301	0.00529	0.56836	0.00520
30	0.00755	0.00543	0.00682	0.00682	0.00808	0.00493	0.00507	0.00952	0.01352	0.03500	0.43290	0.18815	0.19727	0.01271	0.00646	0.00184	0.00284	0.04467	0.00551	0.00490
31	0.01261	0.01491	0.05626	0.02238	0.02790	0.01354	0.73422	0.01719	0.01263	0.01719	0.01082	0.01438	0.00810	0.00454	0.00629	0.00181	0.00901	0.00626	0.00270	0.00726
32	0.01547	0.01166	0.01483	0.07834	0.06158	0.01264	0.05537	0.22000	0.25163	0.10398	0.07028	0.01981	0.01539	0.00709	0.00561	0.00175	0.00529	0.03623	0.00498	0.00806
33	0.00740	0.00544	0.00664	0.00666	0.00794	0.00488	0.00486	0.00914	0.01284	0.02989	0.33347	0.21139	0.24616	0.04466	0.00724	0.00197	0.00294	0.02903	0.00527	0.02217
34	0.01373	0.01119	0.01366	0.01067	0.01448	0.01110	0.06581	0.23758	0.13819	0.02346	0.10551	0.03716	0.03113	0.00663	0.00521	0.00144	0.00477	0.00562	0.00457	0.25807
35	0.00755	0.00522	0.00614	0.00621	0.00656	0.00511	0.00385	0.00814	0.00936	0.01256	0.12140	0.11633	0.07418	0.54426	0.04740	0.00432	0.00479	0.00899	0.00388	0.00374
36	0.29186	0.01050	0.01092	0.00889	0.01254	0.03817	0.00723	0.08305	0.03942	0.31874	0.06546	0.01546	0.01254	0.00619	0.00467	0.00160	0.00455	0.00464	0.00501	0.05855
37	0.33377	0.01088	0.01251	0.14018	0.13890	0.04204	0.00946	0.04621	0.01180	0.06322	0.07449	0.01394	0.01102	0.00562	0.00454	0.00160	0.00516	0.00435	0.00352	0.06680
38	0.07462	0.03464	0.38986	0.03297	0.01944	0.06702	0.05060	0.05028	0.06996	0.03461	0.01261	0.01397	0.04319	0.00602	0.00594	0.00171	0.06221	0.00457	0.00303	0.02274
39	0.70124	0.01012	0.00832	0.00738	0.01052	0.01157	0.00601	0.05169	0.02854	0.02425	0.08824	0.01247	0.01091	0.00573	0.00379	0.00167	0.00407	0.00379	0.00374	0.00596
40	0.16831	0.00936	0.01089	0.00919	0.01193	0.00989	0.06395	0.12874	0.12015	0.02277	0.21422	0.02518	0.10808	0.00811	0.00532	0.00168	0.00411	0.00677	0.06496	0.00641

[dist]
# distance from previous block
# <min> <max>
2	4

[block]
# block no. 14 follows, 45 sequences, length 10
# corresponding to MSA columns:
# 1133-1142
name=unknown_O
#
# <colnr> <probs for GDERKNQSTAVLIFYWHMCP>
#	G	D	E	R	K	N	Q	S	T	A	V	L	I	F	Y	W	H	M	C	P
0	0.00756	0.00593	0.00674	0.00661	0.00805	0.00558	0.00482	0.01043	0.08389	0.01703	0.27471	0.11608	0.33181	0.08685	0.00826	0.00213	0.00307	0.01037	0.00516	0.00494
1	0.00891	0.00572	0.00751	0.00725	0.00863	0.00524	0.00546	0.01109	0.01414	0.08771	0.51713	0.16567	0.07088	0.01186	0.00639	0.00181	0.00295	0.05063	0.00573	0.00529
2	0.05407	0.00931	0.01212	0.00948	0.01341	0.00845	0.00778	0.04651	0.05412	0.65614	0.05593	0.01887	0.01480	0.00681	0.00537	0.00167	0.00448	0.00552	0.00638	0.00878
3	0.01631	0.35825	0.01953	0.01010	0.01392	0.11636	0.00884	0.20076	0.01551	0.06193	0.04407	0.01381	0.03555	0.00596	0.00445	0.00137	0.00579	0.00427	0.05602	0.00721
4	0.01334	0.36926	0.38393	0.01233	0.01839	0.05706	0.01423	0.01719	0.01151	0.04509	0.00907	0.01034	0.00710	0.00496	0.00438	0.00144	0.00694	0.00352	0.00248	0.00744
5	0.04707	0.16155	0.55912	0.01379	0.02054	0.07748	0.01665	0.01715	0.01149	0.01623	0.00906	0.01062	0.00678	0.00504	0.00472	0.00158	0.00754	0.00369	0.00236	0.00753
6	0.03236	0.35551	0.05425	0.03689	0.01564	0.09784	0.05954	0.06601	0.01302	0.12219	0.01160	0.03852	0.00940	0.00567	0.00445	0.00142	0.00604	0.00431	0.05828	0.00709
7	0.58319	0.01107	0.05566	0.10764	0.03316	0.01149	0.00815	0.01603	0.01021	0.07129	0.04262	0.01169	0.00857	0.00540	0.00400	0.00168	0.00476	0.00371	0.00346	0.00621
