[name]
unknown

[dist]
# distance from previous block
# <min> <max>
41	114

[block]
# block no. 0 follows, 48 sequences, length 31
# corresponding to MSA columns:
# 193-223
name=unknown_A
#
# <colnr> <probs for GDERKNQSTAVLIFYWHMCP>
#	G	D	E	R	K	N	Q	S	T	A	V	L	I	F	Y	W	H	M	C	P
0	0.06595	0.05399	0.08188	0.01185	0.01504	0.07748	0.13159	0.13411	0.01328	0.06475	0.06443	0.09874	0.03891	0.05423	0.00736	0.00186	0.06831	0.00618	0.00370	0.00636
1	0.04793	0.05606	0.02643	0.01026	0.03028	0.06547	0.00815	0.13028	0.04674	0.04783	0.08994	0.07365	0.10589	0.02860	0.02844	0.00196	0.16549	0.00628	0.00389	0.02643
2	0.03208	0.04906	0.10445	0.01121	0.01482	0.04453	0.06056	0.05941	0.07976	0.06788	0.01159	0.05407	0.00969	0.00619	0.00675	0.00149	0.14342	0.00465	0.00334	0.23505
3	0.06617	0.05998	0.29142	0.02681	0.06429	0.05195	0.07291	0.01591	0.08613	0.01683	0.06539	0.08338	0.01289	0.00630	0.00497	0.00158	0.00597	0.00535	0.00314	0.05863
4	0.01366	0.23292	0.10154	0.01093	0.01527	0.04785	0.07724	0.12118	0.01298	0.06044	0.02741	0.01282	0.02767	0.01999	0.00523	0.00138	0.03289	0.00411	0.00321	0.17130
5	0.03531	0.07668	0.01390	0.06149	0.01500	0.13657	0.00845	0.25334	0.04547	0.03405	0.01176	0.01360	0.02571	0.05487	0.00587	0.00153	0.00564	0.00423	0.00371	0.19281
6	0.01655	0.01206	0.01439	0.09009	0.07906	0.01295	0.00973	0.44823	0.03617	0.08583	0.03094	0.01479	0.01041	0.05331	0.00629	0.00171	0.00543	0.00485	0.00450	0.06270
7	0.01340	0.01205	0.01818	0.04722	0.47461	0.01301	0.01339	0.14691	0.04694	0.01890	0.01086	0.03996	0.00923	0.00590	0.00660	0.00165	0.10537	0.00496	0.00314	0.00771
8	0.06568	0.01402	0.13083	0.19582	0.13245	0.01257	0.16687	0.14317	0.03089	0.01893	0.01015	0.01263	0.00763	0.00500	0.00511	0.00161	0.00667	0.00464	0.00299	0.03233
9	0.40084	0.01075	0.01200	0.00954	0.01320	0.01137	0.08118	0.14474	0.04415	0.10657	0.03683	0.01221	0.00914	0.00533	0.00424	0.00153	0.00469	0.00404	0.00395	0.08373
10	0.01309	0.14041	0.01427	0.01010	0.05580	0.04578	0.00782	0.11141	0.02693	0.06310	0.02593	0.03485	0.05669	0.00581	0.00499	0.00124	0.04430	0.00446	0.02478	0.30827
11	0.00629	0.00450	0.00599	0.00712	0.00745	0.00420	0.00477	0.00725	0.01002	0.01341	0.06027	0.78343	0.03455	0.01584	0.00653	0.00206	0.00295	0.01436	0.00480	0.00420
12	0.01247	0.05878	0.19177	0.02454	0.49590	0.02809	0.02957	0.04766	0.01202	0.01690	0.01052	0.01286	0.02626	0.00491	0.00497	0.00153	0.00640	0.00446	0.00260	0.00779
13	0.06142	0.01125	0.01236	0.00922	0.01353	0.01071	0.00751	0.31414	0.01589	0.02328	0.01028	0.01118	0.00793	0.00479	0.00429	0.00112	0.00454	0.00365	0.00388	0.46902
14	0.85592	0.00992	0.00754	0.00675	0.00992	0.01151	0.00556	0.01508	0.00873	0.02302	0.00714	0.00834	0.00556	0.00476	0.00318	0.00159	0.00397	0.00278	0.00318	0.00556
15	0.00625	0.00447	0.00595	0.00714	0.00744	0.00417	0.00476	0.00714	0.00982	0.01310	0.02828	0.81633	0.03394	0.01608	0.00655	0.00208	0.00298	0.01459	0.00476	0.00417
16	0.00733	0.00550	0.00825	0.00825	0.00916	0.00641	0.00641	0.00916	0.00825	0.01191	0.01374	0.02016	0.01283	0.03848	0.79934	0.00825	0.01374	0.00550	0.00275	0.00458
17	0.00624	0.00450	0.00592	0.00706	0.00742	0.00417	0.00473	0.00715	0.00991	0.01313	0.02932	0.78264	0.06695	0.01594	0.00653	0.00207	0.00296	0.01442	0.00476	0.00417
18	0.00726	0.00524	0.00686	0.00646	0.00767	0.00484	0.00484	0.00968	0.01452	0.02058	0.78496	0.03833	0.04841	0.01049	0.00605	0.00161	0.00242	0.00928	0.00565	0.00484
19	0.47969	0.00939	0.00951	0.00782	0.01136	0.00972	0.00645	0.01957	0.01142	0.37002	0.01306	0.01246	0.00878	0.00548	0.00407	0.00159	0.00415	0.00385	0.00461	0.00699
20	0.01276	0.01102	0.01160	0.01044	0.01334	0.01276	0.00812	0.02727	0.77840	0.02146	0.02088	0.01914	0.01566	0.00696	0.00522	0.00174	0.00406	0.00580	0.00522	0.00812
21	0.01064	0.00912	0.01064	0.00760	0.01216	0.00684	0.00608	0.01292	0.01064	0.01672	0.00912	0.01064	0.00760	0.00380	0.00380	0.00076	0.00380	0.00304	0.00304	0.85104
22	0.00606	0.00520	0.00520	0.00520	0.00693	0.00433	0.00390	0.00736	0.01170	0.01386	0.05198	0.04938	0.78558	0.01299	0.00606	0.00173	0.00260	0.01083	0.00476	0.00433
23	0.85592	0.00992	0.00754	0.00675	0.00992	0.01151	0.00556	0.01508	0.00873	0.02302	0.00714	0.00834	0.00556	0.00476	0.00318	0.00159	0.00397	0.00278	0.00318	0.00556
24	0.01917	0.02445	0.01454	0.01322	0.01586	0.79907	0.00991	0.02049	0.01454	0.01256	0.00793	0.00925	0.00661	0.00529	0.00463	0.00132	0.00925	0.00330	0.00264	0.00595
25	0.00625	0.00447	0.00595	0.00714	0.00744	0.00417	0.00476	0.00714	0.00982	0.01310	0.02828	0.81633	0.03394	0.01608	0.00655	0.00208	0.00298	0.01459	0.00476	0.00417
26	0.01029	0.02654	0.79309	0.01462	0.02221	0.01192	0.01896	0.01625	0.01083	0.01625	0.00921	0.01083	0.00650	0.00487	0.00487	0.00162	0.00758	0.00379	0.00217	0.00758
27	0.01372	0.82276	0.02689	0.00878	0.01317	0.02030	0.00878	0.01536	0.01043	0.01207	0.00713	0.00823	0.00658	0.00439	0.00329	0.00110	0.00549	0.00274	0.00219	0.00658
28	0.00619	0.00524	0.00537	0.00544	0.00714	0.00442	0.00414	0.00755	0.01170	0.01394	0.05059	0.04986	0.74331	0.01306	0.00612	0.00177	0.00272	0.05233	0.00476	0.00435
29	0.01276	0.01102	0.01160	0.01044	0.01334	0.01276	0.00812	0.02727	0.77840	0.02146	0.02088	0.01914	0.01566	0.00696	0.00522	0.00174	0.00406	0.00580	0.00522	0.00812
30	0.00647	0.00456	0.00589	0.00687	0.00711	0.00431	0.00447	0.00720	0.00940	0.01253	0.02611	0.67603	0.03120	0.16011	0.01006	0.00260	0.00333	0.01331	0.00447	0.00398

[dist]
# distance from previous block
# <min> <max>
0	7

[block]
# block no. 1 follows, 48 sequences, length 20
# corresponding to MSA columns:
# 231-250
name=unknown_B
#
# <colnr> <probs for GDERKNQSTAVLIFYWHMCP>
#	G	D	E	R	K	N	Q	S	T	A	V	L	I	F	Y	W	H	M	C	P
0	0.00969	0.00912	0.01539	0.80734	0.03534	0.01140	0.01425	0.01311	0.01026	0.01311	0.00912	0.01368	0.00684	0.00513	0.00513	0.00171	0.00684	0.00456	0.00228	0.00570
1	0.02288	0.00897	0.01205	0.00924	0.01322	0.00789	0.00763	0.05598	0.01508	0.75969	0.01991	0.01725	0.01254	0.00634	0.00516	0.00159	0.00442	0.00514	0.00630	0.00873
2	0.00627	0.00458	0.00590	0.00689	0.00739	0.00421	0.00467	0.00728	0.01024	0.01350	0.06254	0.69442	0.12228	0.01548	0.00647	0.00202	0.00291	0.01393	0.00480	0.00421
3	0.00969	0.00912	0.01539	0.80734	0.03534	0.01140	0.01425	0.01311	0.01026	0.01311	0.00912	0.01368	0.00684	0.00513	0.00513	0.00171	0.00684	0.00456	0.00228	0.00570
4	0.00712	0.00524	0.00666	0.00630	0.00758	0.00478	0.00473	0.00940	0.01418	0.01977	0.69644	0.03966	0.13744	0.01079	0.00605	0.00163	0.00244	0.00947	0.00554	0.00478
5	0.00625	0.00447	0.00595	0.00714	0.00744	0.00417	0.00476	0.00714	0.00982	0.01310	0.02828	0.81633	0.03394	0.01608	0.00655	0.00208	0.00298	0.01459	0.00476	0.00417
6	0.01286	0.01308	0.01939	0.17281	0.53700	0.10216	0.03753	0.01582	0.01176	0.01560	0.00938	0.01252	0.00770	0.00475	0.00507	0.00154	0.00667	0.00447	0.00251	0.00739
7	0.01749	0.01237	0.01328	0.01044	0.01392	0.01356	0.00849	0.59031	0.04163	0.04956	0.01355	0.01452	0.01008	0.04145	0.00583	0.00165	0.00508	0.00481	0.12407	0.00791
8	0.02239	0.00859	0.01171	0.00902	0.01288	0.00743	0.00743	0.02439	0.01468	0.76042	0.05081	0.01830	0.01413	0.00652	0.00520	0.00159	0.00429	0.00532	0.00632	0.00858
9	0.01443	0.55728	0.05564	0.01044	0.01435	0.14405	0.02882	0.01623	0.01104	0.03059	0.00770	0.00910	0.00677	0.00496	0.00477	0.00127	0.07051	0.00316	0.00238	0.00651
10	0.00718	0.00524	0.00674	0.00636	0.00761	0.00480	0.00477	0.00951	0.01432	0.02009	0.73188	0.03913	0.10180	0.01067	0.00605	0.00162	0.00243	0.00939	0.00558	0.00480
11	0.00611	0.00520	0.00526	0.00525	0.00696	0.00435	0.00394	0.00745	0.01181	0.01412	0.08042	0.04895	0.75698	0.01290	0.00606	0.00173	0.00259	0.01077	0.00480	0.00435
12	0.00625	0.00447	0.00595	0.00714	0.00744	0.00417	0.00476	0.00714	0.00982	0.01310	0.02828	0.81633	0.03394	0.01608	0.00655	0.00208	0.00298	0.01459	0.00476	0.00417
13	0.01979	0.01346	0.01478	0.01138	0.01543	0.01462	0.00939	0.64115	0.04646	0.13997	0.01372	0.01327	0.00951	0.00621	0.00514	0.00155	0.00541	0.00473	0.00531	0.00871
14	0.01029	0.02654	0.79309	0.01462	0.02221	0.01192	0.01896	0.01625	0.01083	0.01625	0.00921	0.01083	0.00650	0.00487	0.00487	0.00162	0.00758	0.00379	0.00217	0.00758
15	0.01372	0.82276	0.02689	0.00878	0.01317	0.02030	0.00878	0.01536	0.01043	0.01207	0.00713	0.00823	0.00658	0.00439	0.00329	0.00110	0.00549	0.00274	0.00219	0.00658
16	0.01276	0.01102	0.01160	0.01044	0.01334	0.01276	0.00812	0.02727	0.77840	0.02146	0.02088	0.01914	0.01566	0.00696	0.00522	0.00174	0.00406	0.00580	0.00522	0.00812
17	0.00969	0.00912	0.01539	0.80734	0.03534	0.01140	0.01425	0.01311	0.01026	0.01311	0.00912	0.01368	0.00684	0.00513	0.00513	0.00171	0.00684	0.00456	0.00228	0.00570
18	0.01123	0.01123	0.01572	0.01347	0.01347	0.01572	0.01123	0.01235	0.00786	0.01235	0.00674	0.01123	0.00674	0.00898	0.01684	0.00225	0.81028	0.00449	0.00225	0.00561
19	0.02003	0.01472	0.01573	0.01229	0.01628	0.01601	0.00994	0.72797	0.02396	0.03223	0.01357	0.01472	0.01019	0.03847	0.00644	0.00189	0.00600	0.00510	0.00541	0.00905

[dist]
# distance from previous block
# <min> <max>
0	4

[block]
# block no. 2 follows, 48 sequences, length 136
# corresponding to MSA columns:
# 255-263,268-346,354-401
name=unknown_C
#
# <colnr> <probs for GDERKNQSTAVLIFYWHMCP>
#	G	D	E	R	K	N	Q	S	T	A	V	L	I	F	Y	W	H	M	C	P
0	0.01176	0.01286	0.02507	0.03727	0.02257	0.01385	0.49874	0.01500	0.01065	0.01500	0.00914	0.01297	0.00741	0.00590	0.00963	0.00190	0.27587	0.00550	0.00247	0.00646
1	0.00962	0.00887	0.01264	0.01132	0.01170	0.01188	0.00924	0.01104	0.00802	0.01217	0.00962	0.01491	0.00925	0.02113	0.33920	0.00472	0.48214	0.00491	0.00245	0.00519
2	0.00733	0.00549	0.00819	0.00819	0.00908	0.00638	0.00634	0.00912	0.00823	0.01187	0.01380	0.02046	0.01296	0.05592	0.78208	0.00817	0.01355	0.00554	0.00276	0.00455
3	0.05777	0.06964	0.01504	0.01254	0.01539	0.63501	0.00966	0.08363	0.01472	0.01470	0.00820	0.00945	0.00674	0.00535	0.00475	0.00136	0.02364	0.00338	0.00285	0.00620
4	0.00606	0.00520	0.00520	0.00520	0.00693	0.00433	0.00390	0.00736	0.01170	0.01386	0.05198	0.04938	0.78558	0.01299	0.00606	0.00173	0.00260	0.01083	0.00476	0.00433
5	0.01261	0.04500	0.01986	0.06393	0.64053	0.01255	0.01460	0.01682	0.09182	0.01690	0.01070	0.01324	0.00879	0.00484	0.00502	0.00154	0.00589	0.00463	0.00279	0.00795
6	0.01371	0.01081	0.01163	0.01032	0.01332	0.01228	0.00807	0.02706	0.70773	0.09269	0.02082	0.01899	0.01539	0.00690	0.00522	0.00173	0.00409	0.00574	0.00533	0.00818
7	0.01078	0.00957	0.01234	0.00892	0.01331	0.00772	0.06290	0.01315	0.01062	0.01649	0.00910	0.01091	0.00757	0.00408	0.00459	0.00090	0.04242	0.00333	0.00297	0.74834
8	0.00638	0.00456	0.00610	0.00729	0.00764	0.00428	0.00498	0.00736	0.00995	0.01324	0.02821	0.76863	0.03366	0.01596	0.00658	0.00210	0.00309	0.06103	0.00476	0.00420
9	0.00675	0.00495	0.00685	0.00774	0.00831	0.00468	0.02309	0.00792	0.01013	0.01342	0.02772	0.62998	0.04884	0.04822	0.00741	0.00223	0.00346	0.12939	0.00464	0.00428
10	0.01951	0.01437	0.01540	0.01181	0.01591	0.01591	0.00975	0.77056	0.02412	0.03234	0.01232	0.01232	0.00873	0.00616	0.00513	0.00154	0.00565	0.00462	0.00513	0.00873
11	0.00735	0.00542	0.00783	0.00783	0.00860	0.00619	0.00589	0.00890	0.00812	0.01160	0.01412	0.02227	0.01374	0.16127	0.67780	0.00773	0.01237	0.00581	0.00281	0.00435
12	0.01123	0.01123	0.01572	0.01347	0.01347	0.01572	0.01123	0.01235	0.00786	0.01235	0.00674	0.01123	0.00674	0.00898	0.01684	0.00225	0.81028	0.00449	0.00225	0.00561
13	0.01270	0.01219	0.02083	0.03149	0.78767	0.01219	0.01575	0.01575	0.01168	0.01676	0.00965	0.01270	0.00813	0.00457	0.00508	0.00152	0.00610	0.00457	0.00254	0.00813
14	0.00746	0.00499	0.00570	0.00570	0.00573	0.00503	0.00323	0.00753	0.00749	0.01002	0.01608	0.03308	0.01844	0.79056	0.05493	0.00510	0.00530	0.00739	0.00310	0.00316
15	0.01917	0.02445	0.01454	0.01322	0.01586	0.79907	0.00991	0.02049	0.01454	0.01256	0.00793	0.00925	0.00661	0.00529	0.00463	0.00132	0.00925	0.00330	0.00264	0.00595
16	0.01029	0.02654	0.79309	0.01462	0.02221	0.01192	0.01896	0.01625	0.01083	0.01625	0.00921	0.01083	0.00650	0.00487	0.00487	0.00162	0.00758	0.00379	0.00217	0.00758
17	0.01643	0.01146	0.01356	0.11802	0.01678	0.01266	0.00929	0.41241	0.06365	0.12158	0.01368	0.01569	0.01038	0.07440	0.04870	0.00223	0.02196	0.00503	0.00456	0.00754
18	0.01233	0.01622	0.19875	0.03279	0.02479	0.01243	0.52451	0.01679	0.01186	0.06497	0.01064	0.01334	0.00777	0.00469	0.00595	0.00171	0.02518	0.00543	0.00272	0.00713
19	0.00969	0.00912	0.01539	0.80734	0.03534	0.01140	0.01425	0.01311	0.01026	0.01311	0.00912	0.01368	0.00684	0.00513	0.00513	0.00171	0.00684	0.00456	0.00228	0.00570
20	0.03228	0.02276	0.62096	0.06378	0.02178	0.01139	0.03123	0.01703	0.01121	0.10522	0.01044	0.01177	0.00723	0.00505	0.00490	0.00163	0.00710	0.00402	0.00269	0.00753
21	0.01208	0.06305	0.03852	0.03602	0.07319	0.01184	0.37074	0.03262	0.04364	0.03897	0.01173	0.04207	0.00972	0.00541	0.00579	0.00157	0.03735	0.02639	0.01858	0.12071
22	0.01414	0.00995	0.01096	0.00952	0.01231	0.03828	0.00752	0.12589	0.28383	0.15546	0.11732	0.07757	0.03715	0.00817	0.00545	0.00168	0.00423	0.04436	0.00524	0.03098
23	0.00677	0.00523	0.00618	0.00594	0.00736	0.00463	0.00446	0.00873	0.01337	0.01783	0.48470	0.04286	0.35040	0.01152	0.00606	0.00166	0.00249	0.00991	0.00529	0.00463
24	0.00628	0.00454	0.00595	0.00707	0.00747	0.00421	0.00478	0.00723	0.00998	0.01319	0.02975	0.75357	0.08112	0.01585	0.00653	0.00207	0.00299	0.02849	0.00476	0.00419
25	0.01205	0.02827	0.01937	0.28274	0.35037	0.05868	0.10048	0.01585	0.05291	0.01544	0.01002	0.01321	0.00795	0.00490	0.00515	0.00160	0.00670	0.00469	0.00261	0.00703
26	0.01004	0.00947	0.01601	0.71824	0.12174	0.01149	0.01442	0.01341	0.01042	0.01353	0.00918	0.01357	0.00699	0.00507	0.00512	0.00169	0.00675	0.00456	0.00231	0.00598
27	0.00625	0.00448	0.00594	0.00710	0.00743	0.00417	0.00474	0.00715	0.00987	0.01312	0.02884	0.79824	0.05166	0.01600	0.00654	0.00208	0.00297	0.01450	0.00476	0.00417
28	0.01188	0.01213	0.02206	0.08749	0.35188	0.01276	0.24326	0.01500	0.01108	0.01558	0.01033	0.01373	0.02565	0.00546	0.00732	0.00172	0.13791	0.00515	0.00254	0.00707
29	0.01137	0.14731	0.26877	0.03091	0.03628	0.01328	0.31586	0.01545	0.01115	0.01532	0.01049	0.06236	0.00880	0.00537	0.00548	0.00162	0.02553	0.00525	0.00252	0.00687
30	0.85592	0.00992	0.00754	0.00675	0.00992	0.01151	0.00556	0.01508	0.00873	0.02302	0.00714	0.00834	0.00556	0.00476	0.00318	0.00159	0.00397	0.00278	0.00318	0.00556
31	0.08859	0.12149	0.57462	0.01367	0.02029	0.01298	0.06817	0.01605	0.01068	0.01637	0.00885	0.01049	0.00651	0.00477	0.00461	0.00156	0.00707	0.00373	0.00229	0.00723
32	0.00889	0.00576	0.00647	0.00598	0.00800	0.00490	0.00459	0.01045	0.01253	0.13747	0.14060	0.04293	0.56937	0.01163	0.00592	0.00169	0.00286	0.00974	0.00513	0.00509
33	0.00702	0.00516	0.00658	0.00639	0.00756	0.00472	0.00473	0.00916	0.01372	0.01906	0.62533	0.12022	0.12855	0.01135	0.00610	0.00168	0.00250	0.01000	0.00546	0.00472
34	0.02302	0.00873	0.01191	0.00913	0.01310	0.00754	0.00754	0.02501	0.01469	0.79122	0.02024	0.01746	0.01270	0.00635	0.00516	0.00159	0.00437	0.00516	0.00635	0.00873
35	0.00630	0.00450	0.00600	0.00711	0.00745	0.00420	0.00477	0.00726	0.01004	0.01344	0.06323	0.78039	0.03461	0.01582	0.00653	0.00206	0.00295	0.01434	0.00480	0.00420
36	0.00606	0.00520	0.00520	0.00520	0.00693	0.00433	0.00390	0.00736	0.01170	0.01386	0.05198	0.04938	0.78558	0.01299	0.00606	0.00173	0.00260	0.01083	0.00476	0.00433
37	0.01951	0.01437	0.01540	0.01181	0.01591	0.01591	0.00975	0.77056	0.02412	0.03234	0.01232	0.01232	0.00873	0.00616	0.00513	0.00154	0.00565	0.00462	0.00513	0.00873
38	0.01372	0.82276	0.02689	0.00878	0.01317	0.02030	0.00878	0.01536	0.01043	0.01207	0.00713	0.00823	0.00658	0.00439	0.00329	0.00110	0.00549	0.00274	0.00219	0.00658
39	0.02302	0.00873	0.01191	0.00913	0.01310	0.00754	0.00754	0.02501	0.01469	0.79122	0.02024	0.01746	0.01270	0.00635	0.00516	0.00159	0.00437	0.00516	0.00635	0.00873
40	0.85592	0.00992	0.00754	0.00675	0.00992	0.01151	0.00556	0.01508	0.00873	0.02302	0.00714	0.00834	0.00556	0.00476	0.00318	0.00159	0.00397	0.00278	0.00318	0.00556
41	0.01183	0.00984	0.01088	0.01023	0.01274	0.01114	0.00820	0.04390	0.56661	0.02025	0.02221	0.02859	0.01892	0.00873	0.00568	0.00189	0.00427	0.19168	0.00510	0.00729
42	0.01064	0.00912	0.01064	0.00760	0.01216	0.00684	0.00608	0.01292	0.01064	0.01672	0.00912	0.01064	0.00760	0.00380	0.00380	0.00076	0.00380	0.00304	0.00304	0.85104
43	0.75350	0.00929	0.00726	0.00661	0.00951	0.01067	0.00537	0.01451	0.00894	0.02230	0.00877	0.04217	0.00732	0.00532	0.00335	0.00158	0.00380	0.00342	0.07088	0.00544
44	0.00614	0.00520	0.00530	0.00528	0.00698	0.00436	0.00396	0.00751	0.01187	0.01429	0.09850	0.04868	0.73880	0.01284	0.00606	0.00173	0.00259	0.01073	0.00482	0.00436
45	0.01951	0.01437	0.01540	0.01181	0.01591	0.01591	0.00975	0.77056	0.02412	0.03234	0.01232	0.01232	0.00873	0.00616	0.00513	0.00154	0.00565	0.00462	0.00513	0.00873
46	0.01372	0.82276	0.02689	0.00878	0.01317	0.02030	0.00878	0.01536	0.01043	0.01207	0.00713	0.00823	0.00658	0.00439	0.00329	0.00110	0.00549	0.00274	0.00219	0.00658
47	0.01064	0.00912	0.01064	0.00760	0.01216	0.00684	0.00608	0.01292	0.01064	0.01672	0.00912	0.01064	0.00760	0.00380	0.00380	0.00076	0.00380	0.00304	0.00304	0.85104
48	0.85592	0.00992	0.00754	0.00675	0.00992	0.01151	0.00556	0.01508	0.00873	0.02302	0.00714	0.00834	0.00556	0.00476	0.00318	0.00159	0.00397	0.00278	0.00318	0.00556
49	0.01137	0.00817	0.00985	0.00968	0.01174	0.00873	0.00796	0.04879	0.27733	0.08022	0.02362	0.06976	0.02246	0.02905	0.00662	0.00210	0.00444	0.35678	0.00501	0.00633
50	0.03041	0.06019	0.65598	0.01496	0.02203	0.01240	0.10142	0.01620	0.01091	0.01624	0.00920	0.01099	0.00662	0.00479	0.00490	0.00161	0.00752	0.00397	0.00224	0.00742
51	0.00625	0.00447	0.00595	0.00714	0.00744	0.00417	0.00476	0.00714	0.00982	0.01310	0.02828	0.81633	0.03394	0.01608	0.00655	0.00208	0.00298	0.01459	0.00476	0.00417
52	0.01966	0.00812	0.01092	0.00865	0.01205	0.00716	0.00703	0.02209	0.03612	0.61955	0.16914	0.02157	0.01974	0.00717	0.00534	0.00160	0.00398	0.00598	0.00618	0.00796
53	0.01217	0.01165	0.01987	0.16747	0.65581	0.01205	0.01548	0.01528	0.01143	0.01612	0.00956	0.01287	0.00790	0.00467	0.00509	0.00156	0.00623	0.00457	0.00249	0.00770
54	0.00877	0.00584	0.00748	0.00790	0.00894	0.00567	0.00580	0.07664	0.01189	0.06437	0.06102	0.55312	0.04419	0.01404	0.00637	0.00201	0.00348	0.10260	0.00493	0.00496
55	0.00956	0.00478	0.00478	0.00478	0.00598	0.00478	0.00359	0.01196	0.01076	0.01913	0.01674	0.01913	0.01315	0.00598	0.00359	0.00120	0.00239	0.00478	0.84816	0.00478
56	0.01352	0.00741	0.00905	0.00775	0.01006	0.03838	0.00607	0.01597	0.03091	0.29844	0.44014	0.02950	0.05371	0.00878	0.00565	0.00160	0.00344	0.00752	0.00575	0.00635
57	0.01460	0.23876	0.13078	0.06393	0.10464	0.08434	0.01150	0.11301	0.08954	0.07318	0.01088	0.01187	0.00839	0.00530	0.00473	0.00145	0.01849	0.00401	0.00325	0.00736
58	0.01174	0.02258	0.56312	0.03129	0.13575	0.02903	0.03435	0.06385	0.01198	0.03510	0.00972	0.01144	0.00706	0.00495	0.00495	0.00160	0.00721	0.00405	0.00253	0.00768
59	0.04760	0.03971	0.01593	0.01673	0.17768	0.56918	0.01099	0.01899	0.01348	0.01380	0.00822	0.00997	0.00689	0.00518	0.00492	0.00139	0.02677	0.00357	0.00262	0.00640
60	0.00624	0.00520	0.00544	0.00538	0.00704	0.00441	0.00404	0.00770	0.01211	0.01484	0.15918	0.04776	0.67778	0.01263	0.00606	0.00172	0.00257	0.01060	0.00489	0.00441
61	0.01125	0.08383	0.01206	0.08056	0.01380	0.00836	0.00704	0.03065	0.01110	0.06991	0.01322	0.11271	0.03000	0.00596	0.00440	0.00114	0.00418	0.00497	0.00343	0.49143
62	0.00726	0.00524	0.00686	0.00646	0.00767	0.00484	0.00484	0.00968	0.01452	0.02058	0.78496	0.03833	0.04841	0.01049	0.00605	0.00161	0.00242	0.00928	0.00565	0.00484
63	0.00696	0.00572	0.00660	0.00632	0.00774	0.00548	0.00480	0.00884	0.02846	0.01564	0.25353	0.04155	0.45740	0.03639	0.03967	0.00209	0.05389	0.00957	0.00474	0.00461
64	0.01064	0.00912	0.01064	0.00760	0.01216	0.00684	0.00608	0.01292	0.01064	0.01672	0.00912	0.01064	0.00760	0.00380	0.00380	0.00076	0.00380	0.00304	0.00304	0.85104
65	0.00623	0.00520	0.00543	0.00537	0.00703	0.00440	0.00403	0.00768	0.01208	0.01478	0.15262	0.04786	0.68437	0.01265	0.00606	0.00172	0.00257	0.01062	0.00489	0.00440
66	0.01064	0.00912	0.01064	0.00760	0.01216	0.00684	0.00608	0.01292	0.01064	0.01672	0.00912	0.01064	0.00760	0.00380	0.00380	0.00076	0.00380	0.00304	0.00304	0.85104
67	0.85592	0.00992	0.00754	0.00675	0.00992	0.01151	0.00556	0.01508	0.00873	0.02302	0.00714	0.00834	0.00556	0.00476	0.00318	0.00159	0.00397	0.00278	0.00318	0.00556
68	0.01305	0.00904	0.01089	0.00790	0.01234	0.00698	0.00636	0.01527	0.01143	0.16724	0.01128	0.01197	0.00859	0.00430	0.00406	0.00092	0.00391	0.00345	0.00368	0.68734
69	0.01751	0.01245	0.01327	0.01040	0.01392	0.01368	0.00852	0.61831	0.02144	0.02969	0.01321	0.01369	0.00961	0.00612	0.00482	0.00147	0.00499	0.00465	0.17432	0.00793
70	0.02302	0.00873	0.01191	0.00913	0.01310	0.00754	0.00754	0.02501	0.01469	0.79122	0.02024	0.01746	0.01270	0.00635	0.00516	0.00159	0.00437	0.00516	0.00635	0.00873
71	0.00910	0.00538	0.00701	0.00693	0.00804	0.00497	0.00495	0.01063	0.01193	0.12055	0.29693	0.32211	0.03402	0.09992	0.00823	0.00214	0.00317	0.01036	0.02869	0.00493
72	0.00689	0.00519	0.00639	0.00625	0.00753	0.00468	0.00467	0.00890	0.01335	0.01811	0.51652	0.10255	0.23929	0.01167	0.00612	0.00170	0.00257	0.02764	0.00533	0.00465
73	0.01985	0.00962	0.01191	0.00955	0.01320	0.00940	0.00775	0.07678	0.21096	0.52428	0.01978	0.01758	0.01320	0.00649	0.00514	0.00161	0.00433	0.00528	0.02482	0.00849
74	0.02302	0.00873	0.01191	0.00913	0.01310	0.00754	0.00754	0.02501	0.01469	0.79122	0.02024	0.01746	0.01270	0.00635	0.00516	0.00159	0.00437	0.00516	0.00635	0.00873
75	0.00626	0.00453	0.00593	0.00701	0.00741	0.00419	0.00471	0.00721	0.01004	0.01331	0.04603	0.75100	0.08190	0.01576	0.00651	0.00205	0.00294	0.01423	0.00478	0.00419
76	0.01874	0.01380	0.01486	0.01147	0.01539	0.01522	0.00944	0.72271	0.02352	0.03160	0.06090	0.01395	0.01122	0.00643	0.00519	0.00154	0.00544	0.00491	0.00517	0.00848
77	0.02260	0.00883	0.01190	0.00918	0.01311	0.00775	0.00757	0.02510	0.04585	0.75981	0.02027	0.01753	0.01282	0.00638	0.00516	0.00159	0.00435	0.00519	0.00630	0.00871
78	0.01910	0.01398	0.01497	0.01152	0.01551	0.01546	0.00950	0.73960	0.02358	0.03180	0.01250	0.01260	0.00891	0.00615	0.00507	0.00153	0.00551	0.00463	0.03953	0.00857
79	0.85592	0.00992	0.00754	0.00675	0.00992	0.01151	0.00556	0.01508	0.00873	0.02302	0.00714	0.00834	0.00556	0.00476	0.00318	0.00159	0.00397	0.00278	0.00318	0.00556
80	0.00625	0.00447	0.00595	0.00714	0.00744	0.00417	0.00476	0.00714	0.00982	0.01310	0.02828	0.81633	0.03394	0.01608	0.00655	0.00208	0.00298	0.01459	0.00476	0.00417
81	0.01440	0.09510	0.04195	0.00934	0.01369	0.01110	0.00799	0.24068	0.01494	0.07904	0.01125	0.03406	0.00892	0.00514	0.00436	0.00116	0.00468	0.00399	0.00384	0.39435
82	0.01312	0.01120	0.01180	0.01051	0.01348	0.01293	0.00821	0.06644	0.73864	0.02204	0.02043	0.01878	0.01530	0.00692	0.00522	0.00173	0.00414	0.00574	0.00522	0.00815
83	0.01508	0.40794	0.10221	0.01097	0.01492	0.30614	0.01015	0.01706	0.01205	0.01280	0.00911	0.01089	0.02506	0.00518	0.00410	0.00128	0.00702	0.01922	0.00247	0.00636
84	0.03382	0.04407	0.70309	0.01375	0.02073	0.01166	0.01745	0.01578	0.01100	0.01661	0.05788	0.01243	0.00911	0.00521	0.00486	0.00161	0.00711	0.00408	0.00241	0.00733
85	0.00746	0.00497	0.00560	0.00560	0.00560	0.00497	0.00311	0.00746	0.00746	0.00995	0.01617	0.03358	0.01865	0.81967	0.02612	0.00497	0.00497	0.00746	0.00311	0.00311
86	0.01309	0.01125	0.01225	0.01157	0.05244	0.01289	0.00859	0.06356	0.70239	0.02177	0.01989	0.01848	0.01494	0.00680	0.00521	0.00172	0.00424	0.00568	0.00508	0.00815
87	0.00746	0.00497	0.00560	0.00560	0.00560	0.00497	0.00311	0.00746	0.00746	0.00995	0.01617	0.03358	0.01865	0.81967	0.02612	0.00497	0.00497	0.00746	0.00311	0.00311
88	0.00726	0.00524	0.00686	0.00646	0.00767	0.00484	0.00484	0.00968	0.01452	0.02058	0.78496	0.03833	0.04841	0.01049	0.00605	0.00161	0.00242	0.00928	0.00565	0.00484
89	0.85592	0.00992	0.00754	0.00675	0.00992	0.01151	0.00556	0.01508	0.00873	0.02302	0.00714	0.00834	0.00556	0.00476	0.00318	0.00159	0.00397	0.00278	0.00318	0.00556
90	0.00746	0.00497	0.00560	0.00560	0.00560	0.00497	0.00311	0.00746	0.00746	0.00995	0.01617	0.03358	0.01865	0.81967	0.02612	0.00497	0.00497	0.00746	0.00311	0.00311
91	0.00625	0.00447	0.00595	0.00714	0.00744	0.00417	0.00476	0.00714	0.00982	0.01310	0.02828	0.81633	0.03394	0.01608	0.00655	0.00208	0.00298	0.01459	0.00476	0.00417
92	0.01134	0.00954	0.01102	0.00793	0.01246	0.00756	0.00637	0.07300	0.01171	0.01796	0.00937	0.01077	0.00769	0.00399	0.00391	0.00082	0.00395	0.00317	0.00321	0.78425
93	0.01265	0.01206	0.02015	0.04447	0.72511	0.01221	0.01524	0.01642	0.05987	0.01699	0.01035	0.01312	0.00858	0.00473	0.00509	0.00154	0.00598	0.00465	0.00270	0.00808
94	0.01169	0.01213	0.01725	0.01435	0.01504	0.05182	0.09385	0.01317	0.00863	0.01280	0.00719	0.01142	0.00684	0.00830	0.01509	0.00215	0.68559	0.00461	0.00230	0.00577
95	0.09406	0.01159	0.01260	0.00995	0.01375	0.07636	0.00812	0.20676	0.03378	0.45551	0.01614	0.01476	0.01066	0.00609	0.00494	0.00156	0.00505	0.00468	0.00544	0.00821
96	0.41235	0.01035	0.01112	0.19656	0.01724	0.01184	0.00851	0.12396	0.06011	0.07117	0.01010	0.01148	0.00745	0.00527	0.00419	0.00160	0.00491	0.00381	0.00357	0.02441
97	0.01794	0.01336	0.01438	0.01133	0.01516	0.01476	0.00924	0.59351	0.15563	0.04484	0.01421	0.02868	0.01047	0.00644	0.00514	0.00157	0.00525	0.00499	0.00512	0.02799
98	0.00969	0.00912	0.01539	0.80734	0.03534	0.01140	0.01425	0.01311	0.01026	0.01311	0.00912	0.01368	0.00684	0.00513	0.00513	0.00171	0.00684	0.00456	0.00228	0.00570
99	0.01101	0.01032	0.01718	0.45696	0.32449	0.01163	0.01438	0.02768	0.02472	0.01522	0.03139	0.01407	0.00869	0.00512	0.00514	0.00163	0.00636	0.00472	0.00258	0.00671
100	0.01174	0.09962	0.52385	0.01701	0.16563	0.01284	0.01674	0.04705	0.01158	0.03412	0.00947	0.01115	0.00705	0.00486	0.00478	0.00155	0.00695	0.00390	0.00246	0.00766
101	0.00960	0.00901	0.01499	0.72198	0.06741	0.01099	0.01367	0.01287	0.01041	0.01332	0.01184	0.01588	0.05587	0.00560	0.00519	0.00170	0.00654	0.00495	0.00245	0.00572
102	0.00625	0.00447	0.00595	0.00714	0.00744	0.00417	0.00476	0.00714	0.00982	0.01310	0.02828	0.81633	0.03394	0.01608	0.00655	0.00208	0.00298	0.01459	0.00476	0.00417
103	0.01006	0.00993	0.11553	0.01040	0.04161	0.00780	0.04674	0.03001	0.09368	0.07767	0.08601	0.11675	0.17282	0.01019	0.00593	0.00184	0.00449	0.14810	0.00446	0.00598
104	0.00972	0.00613	0.00757	0.00704	0.00873	0.00567	0.00531	0.05864	0.01367	0.12231	0.34082	0.18881	0.18309	0.01125	0.00597	0.00172	0.00303	0.00978	0.00536	0.00538
105	0.01935	0.01329	0.01448	0.01116	0.01510	0.01446	0.00920	0.65363	0.02245	0.11033	0.01337	0.01321	0.00937	0.00617	0.00505	0.00153	0.00534	0.00468	0.04929	0.00852
106	0.02209	0.00952	0.01233	0.00948	0.01340	0.00878	0.00782	0.14050	0.01615	0.65457	0.03758	0.01717	0.01295	0.00642	0.00518	0.00158	0.00452	0.00518	0.00614	0.00864
107	0.01605	0.12146	0.02942	0.07900	0.09975	0.40159	0.02413	0.07848	0.01373	0.01501	0.02603	0.01110	0.00803	0.00539	0.00507	0.00141	0.03631	0.00384	0.01775	0.00645
108	0.01089	0.02377	0.61136	0.01610	0.02305	0.03028	0.17981	0.01639	0.01119	0.01620	0.00943	0.01144	0.00678	0.00477	0.00512	0.00164	0.00785	0.00427	0.00227	0.00740
109	0.01651	0.01074	0.02938	0.01010	0.01348	0.01102	0.00825	0.14913	0.33816	0.25817	0.05062	0.03723	0.01542	0.00708	0.00528	0.00167	0.00442	0.01975	0.00548	0.00811
110	0.01793	0.00921	0.01249	0.13072	0.04537	0.00920	0.00886	0.02263	0.16265	0.46078	0.05186	0.01796	0.01379	0.00640	0.00520	0.00163	0.00466	0.00535	0.00534	0.00796
111	0.01305	0.01096	0.01161	0.01041	0.01334	0.01262	0.00811	0.02720	0.75693	0.04310	0.02087	0.01910	0.01558	0.00694	0.00522	0.00174	0.00407	0.00578	0.00525	0.00814
112	0.01211	0.01384	0.03028	0.02163	0.02682	0.01298	0.76903	0.01644	0.01211	0.01644	0.01038	0.01384	0.00779	0.00433	0.00606	0.00173	0.00865	0.00606	0.00260	0.00692
113	0.00611	0.00520	0.00527	0.00525	0.00696	0.00435	0.00394	0.00746	0.01181	0.01413	0.08164	0.04893	0.75576	0.01289	0.00606	0.00173	0.00259	0.01077	0.00480	0.00435
114	0.00746	0.00497	0.00560	0.00560	0.00560	0.00497	0.00311	0.00746	0.00746	0.00995	0.01617	0.03358	0.01865	0.81967	0.02612	0.00497	0.00497	0.00746	0.00311	0.00311
115	0.00738	0.00531	0.00729	0.00729	0.00787	0.00589	0.00522	0.00855	0.00796	0.01120	0.01462	0.02501	0.01494	0.32119	0.51952	0.00706	0.01057	0.00621	0.00288	0.00405
116	0.00712	0.00524	0.00667	0.00631	0.00758	0.00478	0.00473	0.00942	0.01420	0.01981	0.70079	0.03960	0.13307	0.01078	0.00605	0.00163	0.00244	0.00946	0.00555	0.00478
117	0.01120	0.00945	0.01094	0.00786	0.01240	0.00741	0.00631	0.06056	0.01149	0.01770	0.00932	0.01075	0.00767	0.00395	0.00388	0.00081	0.00392	0.00314	0.00317	0.79807
118	0.01064	0.00912	0.01064	0.00760	0.01216	0.00684	0.00608	0.01292	0.01064	0.01672	0.00912	0.01064	0.00760	0.00380	0.00380	0.00076	0.00380	0.00304	0.00304	0.85104
119	0.01123	0.01123	0.01572	0.01347	0.01347	0.01572	0.01123	0.01235	0.00786	0.01235	0.00674	0.01123	0.00674	0.00898	0.01684	0.00225	0.81028	0.00449	0.00225	0.00561
120	0.12647	0.01180	0.01861	0.06607	0.62303	0.01217	0.01412	0.03746	0.01158	0.01788	0.00936	0.01215	0.00773	0.00467	0.00483	0.00154	0.00583	0.00433	0.00269	0.00768
121	0.00627	0.00465	0.00577	0.00665	0.00725	0.00424	0.00450	0.00721	0.01012	0.01312	0.03289	0.61327	0.19708	0.05224	0.00734	0.00214	0.00299	0.01344	0.00469	0.00415
122	0.02894	0.01142	0.01331	0.02410	0.04693	0.06193	0.02331	0.24081	0.01410	0.01993	0.01234	0.09218	0.01102	0.00774	0.00842	0.00174	0.24112	0.00550	0.12872	0.00644
123	0.01204	0.01352	0.02899	0.05880	0.07506	0.01285	0.68655	0.01624	0.01200	0.01630	0.01028	0.01376	0.00776	0.00438	0.00595	0.00172	0.00841	0.00589	0.00258	0.00694
124	0.00786	0.00535	0.00595	0.00588	0.00609	0.00546	0.00344	0.00884	0.05604	0.01094	0.01648	0.03225	0.01831	0.74492	0.02415	0.00466	0.00484	0.00728	0.02780	0.00347
125	0.00625	0.00447	0.00595	0.00714	0.00744	0.00417	0.00476	0.00714	0.00982	0.01310	0.02828	0.81633	0.03394	0.01608	0.00655	0.00208	0.00298	0.01459	0.00476	0.00417
126	0.01115	0.14859	0.51726	0.01258	0.01861	0.01279	0.01498	0.05987	0.04312	0.01700	0.06915	0.03116	0.01083	0.00564	0.00478	0.00155	0.00650	0.00442	0.00279	0.00723
127	0.01105	0.20238	0.62388	0.01333	0.02021	0.01377	0.01671	0.01605	0.01074	0.01533	0.00875	0.01026	0.00652	0.00477	0.00453	0.00151	0.00712	0.00356	0.00217	0.00736
128	0.04520	0.00971	0.01124	0.00946	0.01267	0.01011	0.00759	0.07771	0.32197	0.31608	0.03330	0.01912	0.01453	0.00681	0.00509	0.00164	0.00417	0.02709	0.05858	0.00794
129	0.01901	0.01178	0.01338	0.01047	0.01421	0.01241	0.00858	0.44418	0.07596	0.24207	0.06384	0.01603	0.01293	0.00654	0.00517	0.00157	0.00490	0.00515	0.02346	0.00836
130	0.01584	0.01122	0.01294	0.01027	0.01379	0.01153	0.02501	0.40593	0.04737	0.10012	0.01548	0.14438	0.01330	0.00741	0.00518	0.00152	0.00479	0.00613	0.00480	0.14298
131	0.00932	0.00665	0.00775	0.00726	0.00897	0.00652	0.00550	0.11178	0.01287	0.06523	0.08469	0.19004	0.32495	0.03693	0.08014	0.00246	0.01946	0.00957	0.00469	0.00522
132	0.00746	0.00497	0.00560	0.00560	0.00560	0.00497	0.00311	0.00746	0.00746	0.00995	0.01617	0.03358	0.01865	0.81967	0.02612	0.00497	0.00497	0.00746	0.00311	0.00311
133	0.77154	0.01009	0.00802	0.00708	0.01027	0.01163	0.00581	0.05406	0.03195	0.02327	0.00870	0.00967	0.02157	0.00506	0.00339	0.00159	0.00403	0.00312	0.00337	0.00577
134	0.02807	0.39753	0.26897	0.01096	0.02789	0.04692	0.01174	0.01536	0.01082	0.01437	0.03260	0.01054	0.00807	0.00533	0.01805	0.00140	0.00620	0.00341	0.00242	0.07935
135	0.01814	0.01336	0.01439	0.01137	0.01518	0.01481	0.00928	0.59356	0.16088	0.05676	0.01448	0.02985	0.01063	0.00651	0.00518	0.00159	0.00526	0.00505	0.00518	0.00852

[dist]
# distance from previous block
# <min> <max>
0	2

[block]
# block no. 3 follows, 48 sequences, length 49
# corresponding to MSA columns:
# 404-452
name=unknown_D
#
# <colnr> <probs for GDERKNQSTAVLIFYWHMCP>
#	G	D	E	R	K	N	Q	S	T	A	V	L	I	F	Y	W	H	M	C	P
0	0.00969	0.00912	0.01539	0.80734	0.03534	0.01140	0.01425	0.01311	0.01026	0.01311	0.00912	0.01368	0.00684	0.00513	0.00513	0.00171	0.00684	0.00456	0.00228	0.00570
1	0.02708	0.01179	0.03172	0.26785	0.05761	0.01250	0.24000	0.15312	0.01320	0.01796	0.01063	0.03246	0.00851	0.03116	0.00660	0.00179	0.04515	0.00527	0.00302	0.02259
2	0.00956	0.00478	0.00478	0.00478	0.00598	0.00478	0.00359	0.01196	0.01076	0.01913	0.01674	0.01913	0.01315	0.00598	0.00359	0.00120	0.00239	0.00478	0.84816	0.00478
3	0.00726	0.00524	0.00686	0.00646	0.00767	0.00484	0.00484	0.00968	0.01452	0.02058	0.78496	0.03833	0.04841	0.01049	0.00605	0.00161	0.00242	0.00928	0.00565	0.00484
4	0.00662	0.00533	0.00597	0.00611	0.00767	0.00468	0.00478	0.00827	0.01214	0.01513	0.15838	0.04916	0.54599	0.01282	0.00624	0.00182	0.00293	0.13661	0.00489	0.00448
5	0.02302	0.00873	0.01191	0.00913	0.01310	0.00754	0.00754	0.02501	0.01469	0.79122	0.02024	0.01746	0.01270	0.00635	0.00516	0.00159	0.00437	0.00516	0.00635	0.00873
6	0.00969	0.00912	0.01539	0.80734	0.03534	0.01140	0.01425	0.01311	0.01026	0.01311	0.00912	0.01368	0.00684	0.00513	0.00513	0.00171	0.00684	0.00456	0.00228	0.00570
7	0.01029	0.02654	0.79309	0.01462	0.02221	0.01192	0.01896	0.01625	0.01083	0.01625	0.00921	0.01083	0.00650	0.00487	0.00487	0.00162	0.00758	0.00379	0.00217	0.00758
8	0.00717	0.00547	0.00679	0.00750	0.00881	0.00509	0.00615	0.00895	0.01155	0.01452	0.03720	0.13628	0.33190	0.01391	0.00662	0.00208	0.00369	0.37708	0.00474	0.00451
9	0.01276	0.01102	0.01160	0.01044	0.01334	0.01276	0.00812	0.02727	0.77840	0.02146	0.02088	0.01914	0.01566	0.00696	0.00522	0.00174	0.00406	0.00580	0.00522	0.00812
10	0.01270	0.01219	0.02083	0.03149	0.78767	0.01219	0.01575	0.01575	0.01168	0.01676	0.00965	0.01270	0.00813	0.00457	0.00508	0.00152	0.00610	0.00457	0.00254	0.00813
11	0.00670	0.00500	0.00611	0.00645	0.00740	0.00457	0.00463	0.00812	0.01150	0.01517	0.23604	0.29046	0.23548	0.08315	0.00801	0.00213	0.00301	0.05688	0.00486	0.00433
12	0.01108	0.01102	0.01544	0.01328	0.01331	0.01537	0.01105	0.01223	0.00787	0.01233	0.00699	0.01155	0.00696	0.01007	0.04560	0.00247	0.78101	0.00453	0.00226	0.00558
13	0.01029	0.02654	0.79309	0.01462	0.02221	0.01192	0.01896	0.01625	0.01083	0.01625	0.00921	0.01083	0.00650	0.00487	0.00487	0.00162	0.00758	0.00379	0.00217	0.00758
14	0.01029	0.02654	0.79309	0.01462	0.02221	0.01192	0.01896	0.01625	0.01083	0.01625	0.00921	0.01083	0.00650	0.00487	0.00487	0.00162	0.00758	0.00379	0.00217	0.00758
15	0.00746	0.00497	0.00560	0.00560	0.00560	0.00497	0.00311	0.00746	0.00746	0.00995	0.01617	0.03358	0.01865	0.81967	0.02612	0.00497	0.00497	0.00746	0.00311	0.00311
16	0.00891	0.00446	0.00668	0.00668	0.00668	0.00446	0.00446	0.00668	0.00668	0.00891	0.00891	0.01560	0.00891	0.01783	0.02005	0.85071	0.00446	0.00446	0.00223	0.00223
17	0.00984	0.00936	0.01572	0.73898	0.03373	0.01172	0.02963	0.01313	0.01014	0.01313	0.00899	0.01352	0.00685	0.00537	0.00592	0.00175	0.05965	0.00459	0.00228	0.00572
18	0.85592	0.00992	0.00754	0.00675	0.00992	0.01151	0.00556	0.01508	0.00873	0.02302	0.00714	0.00834	0.00556	0.00476	0.00318	0.00159	0.00397	0.00278	0.00318	0.00556
19	0.01360	0.01172	0.01205	0.01065	0.01366	0.03461	0.00833	0.09965	0.68383	0.02228	0.01969	0.01821	0.01474	0.00684	0.00520	0.00171	0.00436	0.00562	0.00514	0.00812
20	0.00623	0.00466	0.00579	0.00665	0.00732	0.00422	0.00455	0.00725	0.01039	0.01345	0.05076	0.61091	0.21879	0.01520	0.00642	0.00199	0.00287	0.01355	0.00478	0.00422
21	0.59460	0.05800	0.01109	0.02213	0.01220	0.02842	0.06298	0.03196	0.01021	0.07170	0.03730	0.01140	0.00831	0.00522	0.00380	0.00158	0.00459	0.01514	0.00341	0.00597
22	0.02663	0.04326	0.65505	0.01579	0.07592	0.01219	0.05376	0.01638	0.02474	0.01642	0.00942	0.01115	0.00683	0.00485	0.00488	0.00161	0.00735	0.00395	0.00229	0.00754
23	0.02302	0.00873	0.01191	0.00913	0.01310	0.00754	0.00754	0.02501	0.01469	0.79122	0.02024	0.01746	0.01270	0.00635	0.00516	0.00159	0.00437	0.00516	0.00635	0.00873
24	0.01339	0.01419	0.06001	0.08582	0.44659	0.13706	0.03076	0.03057	0.02906	0.03417	0.01162	0.01392	0.03668	0.00521	0.00502	0.00152	0.00647	0.00464	0.02596	0.00733
25	0.01130	0.04196	0.45486	0.01713	0.14946	0.01148	0.09695	0.01592	0.01138	0.05289	0.02698	0.03060	0.02765	0.00557	0.00514	0.00163	0.00686	0.02216	0.00272	0.00736
26	0.01577	0.00985	0.11008	0.03388	0.01312	0.00732	0.00829	0.01822	0.01343	0.41203	0.17818	0.02377	0.05919	0.02907	0.00629	0.02128	0.00439	0.02353	0.00524	0.00707
27	0.00746	0.00499	0.00568	0.00568	0.00571	0.00502	0.00321	0.00751	0.00749	0.01001	0.01609	0.03316	0.01847	0.79526	0.05028	0.00508	0.00525	0.00740	0.00310	0.00316
28	0.01512	0.01102	0.04890	0.01005	0.01312	0.01085	0.00831	0.37216	0.04172	0.12163	0.03930	0.21685	0.03503	0.00907	0.00557	0.00172	0.00468	0.02262	0.00505	0.00723
29	0.01315	0.07885	0.04906	0.00936	0.01244	0.02542	0.00784	0.09145	0.30843	0.10975	0.06529	0.06063	0.11141	0.00784	0.00519	0.00163	0.00427	0.00644	0.02443	0.00713
30	0.01049	0.01031	0.01641	0.51282	0.02816	0.03307	0.07162	0.01324	0.00985	0.01308	0.00859	0.01301	0.00693	0.00629	0.00840	0.01999	0.20513	0.00462	0.00230	0.00571
31	0.01218	0.01399	0.05026	0.03793	0.04478	0.04984	0.57191	0.01645	0.03591	0.01625	0.01077	0.01447	0.00841	0.00479	0.00597	0.00167	0.02277	0.02333	0.00273	0.05560
32	0.01026	0.00869	0.01017	0.00764	0.01165	0.00684	0.00602	0.01305	0.04774	0.01695	0.05757	0.06317	0.01209	0.00512	0.00418	0.00094	0.00368	0.00427	0.00341	0.70655
33	0.01216	0.01164	0.01985	0.17034	0.65303	0.01205	0.01548	0.01528	0.01143	0.01611	0.00956	0.01287	0.00790	0.00467	0.00509	0.00156	0.00623	0.00457	0.00249	0.00769
34	0.85592	0.00992	0.00754	0.00675	0.00992	0.01151	0.00556	0.01508	0.00873	0.02302	0.00714	0.00834	0.00556	0.00476	0.00318	0.00159	0.00397	0.00278	0.00318	0.00556
35	0.01029	0.02654	0.79309	0.01462	0.02221	0.01192	0.01896	0.01625	0.01083	0.01625	0.00921	0.01083	0.00650	0.00487	0.00487	0.00162	0.00758	0.00379	0.00217	0.00758
36	0.00624	0.00519	0.00549	0.00567	0.00725	0.00444	0.00429	0.00759	0.01155	0.01391	0.04820	0.11258	0.66806	0.01333	0.00618	0.00181	0.00279	0.06632	0.00476	0.00435
37	0.01276	0.01102	0.01160	0.01044	0.01334	0.01276	0.00812	0.02727	0.77840	0.02146	0.02088	0.01914	0.01566	0.00696	0.00522	0.00174	0.00406	0.00580	0.00522	0.00812
38	0.00661	0.00476	0.00596	0.00656	0.00710	0.00443	0.00440	0.00763	0.01037	0.01384	0.15116	0.47459	0.11100	0.15526	0.00984	0.00248	0.00320	0.01210	0.00462	0.00411
39	0.00630	0.00450	0.00600	0.00711	0.00745	0.00420	0.00477	0.00727	0.01005	0.01345	0.06431	0.77928	0.03463	0.01581	0.00653	0.00206	0.00295	0.01433	0.00481	0.00420
40	0.00613	0.00518	0.00530	0.00532	0.00698	0.00435	0.00397	0.00747	0.01178	0.01417	0.08723	0.07304	0.72566	0.01297	0.00608	0.00174	0.00260	0.01087	0.00481	0.00435
41	0.01059	0.06449	0.70217	0.01483	0.02209	0.01240	0.07112	0.01622	0.01090	0.01606	0.00919	0.01092	0.00659	0.00481	0.00488	0.00161	0.00756	0.00390	0.00220	0.00749
42	0.82947	0.00990	0.00779	0.03177	0.01072	0.01151	0.00583	0.01502	0.00878	0.02271	0.00721	0.00850	0.00560	0.00477	0.00324	0.00159	0.00406	0.00283	0.00315	0.00556
43	0.01330	0.01314	0.02029	0.04432	0.51932	0.09461	0.11713	0.01621	0.01203	0.04448	0.01083	0.05096	0.00929	0.00524	0.00524	0.00156	0.00658	0.00514	0.00280	0.00751
44	0.01604	0.01343	0.16494	0.01073	0.01491	0.01072	0.01006	0.21106	0.10352	0.23892	0.04118	0.07083	0.02569	0.00705	0.00524	0.00163	0.00510	0.01806	0.00484	0.02603
45	0.01287	0.06642	0.14717	0.01243	0.08371	0.23403	0.01020	0.06976	0.04155	0.01607	0.06591	0.02106	0.18340	0.00725	0.00509	0.00152	0.00610	0.00569	0.00345	0.00632
46	0.01535	0.02870	0.01239	0.00967	0.01297	0.01220	0.00784	0.42928	0.09740	0.02614	0.04244	0.03707	0.01224	0.00640	0.00479	0.00144	0.00455	0.00504	0.15474	0.07936
47	0.01120	0.00966	0.07585	0.01207	0.13675	0.00812	0.00857	0.04134	0.08547	0.10766	0.13412	0.09352	0.14164	0.02137	0.00579	0.00167	0.00422	0.02456	0.00440	0.07200
48	0.01264	0.27444	0.03150	0.00824	0.01123	0.03564	0.00723	0.03537	0.01327	0.13568	0.32147	0.02304	0.02486	0.00743	0.00490	0.00143	0.00421	0.02235	0.00438	0.02068

[dist]
# distance from previous block
# <min> <max>
1	2

[block]
# block no. 4 follows, 48 sequences, length 35
# corresponding to MSA columns:
# 455-489
name=unknown_E
#
# <colnr> <probs for GDERKNQSTAVLIFYWHMCP>
#	G	D	E	R	K	N	Q	S	T	A	V	L	I	F	Y	W	H	M	C	P
0	0.03934	0.01196	0.01115	0.02180	0.01293	0.14899	0.00767	0.05838	0.28182	0.08507	0.04440	0.08945	0.05201	0.00751	0.00512	0.00158	0.00489	0.01947	0.00448	0.09199
