[name]
unknown

[dist]
# distance from previous block
# <min> <max>
26	476

[block]
# block no. 0 follows, 43 sequences, length 76
# corresponding to MSA columns:
# 483-558
name=unknown_A
#
# <colnr> <probs for GDERKNQSTAVLIFYWHMCP>
#	G	D	E	R	K	N	Q	S	T	A	V	L	I	F	Y	W	H	M	C	P
0	0.06699	0.02509	0.01230	0.00987	0.01344	0.04810	0.00789	0.16679	0.12933	0.17667	0.04943	0.06039	0.08309	0.00772	0.00539	0.00163	0.00477	0.00621	0.00517	0.11974
1	0.14439	0.01224	0.01382	0.01140	0.01480	0.06717	0.07934	0.17728	0.07435	0.02228	0.02933	0.10590	0.01441	0.00781	0.00571	0.00171	0.02530	0.05579	0.00428	0.13272
2	0.16972	0.04457	0.03115	0.04773	0.01443	0.01148	0.04573	0.13910	0.08201	0.08943	0.03219	0.01853	0.03114	0.10855	0.03473	0.00236	0.00557	0.00536	0.02723	0.05899
3	0.14448	0.00846	0.00932	0.00832	0.01051	0.00881	0.02309	0.08560	0.09196	0.05147	0.07657	0.09237	0.08194	0.16587	0.02225	0.00258	0.00455	0.01977	0.05658	0.03550
4	0.03008	0.00914	0.01210	0.05829	0.01453	0.00795	0.05787	0.04319	0.01201	0.02962	0.02943	0.19150	0.01572	0.02189	0.00557	0.00145	0.00455	0.00673	0.00382	0.44456
5	0.02907	0.03769	0.07411	0.03069	0.08435	0.10049	0.27399	0.06429	0.05849	0.07539	0.01196	0.01414	0.00910	0.00633	0.02154	0.00187	0.05630	0.00528	0.00341	0.04149
6	0.01228	0.01085	0.01559	0.05594	0.16367	0.01014	0.05615	0.03165	0.01223	0.03429	0.06208	0.01461	0.01136	0.00549	0.00610	0.00135	0.07644	0.00459	0.00335	0.41185
7	0.01002	0.00848	0.00960	0.00885	0.00980	0.06116	0.00655	0.04666	0.01155	0.01557	0.18241	0.02929	0.05759	0.25643	0.14038	0.00408	0.12529	0.00738	0.00391	0.00500
8	0.02032	0.01480	0.01584	0.01222	0.01644	0.01635	0.01007	0.70169	0.02505	0.03393	0.01362	0.01380	0.00975	0.00663	0.00543	0.00164	0.00585	0.00500	0.06244	0.00913
9	0.00791	0.00585	0.00743	0.00714	0.00855	0.00544	0.00545	0.01068	0.03241	0.02104	0.62084	0.04366	0.12972	0.01181	0.00659	0.00181	0.00285	0.05968	0.00591	0.00524
10	0.01266	0.01252	0.03606	0.22643	0.42152	0.04076	0.01495	0.01702	0.07346	0.01758	0.06307	0.01626	0.01195	0.00578	0.00556	0.00172	0.00650	0.00532	0.00313	0.00775
11	0.00699	0.00625	0.00747	0.00683	0.00895	0.00531	0.05535	0.00862	0.01265	0.01515	0.05303	0.05067	0.71649	0.01339	0.00654	0.00187	0.00325	0.01134	0.00498	0.00487
12	0.01125	0.00954	0.01111	0.00805	0.01264	0.00724	0.00634	0.01354	0.01125	0.01755	0.01036	0.01318	0.00902	0.05900	0.00575	0.00113	0.00419	0.00361	0.00329	0.78195
13	0.00781	0.00558	0.00692	0.00663	0.00763	0.00523	0.00466	0.00965	0.01345	0.01868	0.52070	0.04083	0.09284	0.22147	0.01226	0.00271	0.00335	0.00961	0.00531	0.00469
14	0.78833	0.01062	0.00846	0.00746	0.01095	0.01213	0.00614	0.01701	0.00987	0.07622	0.00868	0.00967	0.00653	0.00526	0.00357	0.00171	0.00431	0.00318	0.00366	0.00623
15	0.01515	0.60211	0.02493	0.01029	0.01428	0.14659	0.00946	0.01680	0.01187	0.01320	0.00939	0.06348	0.00914	0.00590	0.00444	0.00133	0.02823	0.00399	0.00264	0.00679
16	0.01020	0.00950	0.01591	0.73831	0.03608	0.01177	0.01468	0.01371	0.01104	0.01415	0.01126	0.06868	0.00939	0.00635	0.00564	0.00187	0.00710	0.00566	0.00264	0.00604
17	0.01184	0.01683	0.22590	0.03378	0.01966	0.01505	0.12341	0.01506	0.01010	0.01513	0.00883	0.01272	0.00754	0.00845	0.03185	0.00231	0.42734	0.00492	0.00247	0.00682
18	0.00655	0.00561	0.00561	0.00561	0.00748	0.00468	0.00421	0.00795	0.01262	0.01496	0.05610	0.05330	0.76857	0.01403	0.00655	0.00187	0.00281	0.01169	0.00514	0.00468
19	0.00810	0.00619	0.00759	0.00822	0.00918	0.00623	0.00577	0.01186	0.14525	0.01655	0.10033	0.56811	0.05544	0.01492	0.00675	0.00212	0.00335	0.01339	0.00532	0.00534
20	0.00765	0.00560	0.00718	0.00689	0.00819	0.00513	0.00513	0.01005	0.01508	0.02104	0.65618	0.09004	0.11728	0.01195	0.00657	0.00179	0.00267	0.01053	0.00595	0.00513
21	0.01111	0.02865	0.77667	0.01579	0.02397	0.01286	0.02046	0.01754	0.01169	0.01754	0.00994	0.01169	0.00702	0.00526	0.00526	0.00175	0.00818	0.00409	0.00234	0.00818
22	0.01378	0.01190	0.01252	0.01127	0.01440	0.01378	0.00877	0.02943	0.76081	0.02317	0.02254	0.02066	0.01691	0.00751	0.00564	0.00188	0.00438	0.00626	0.00564	0.00877
23	0.84448	0.01071	0.00814	0.00728	0.01071	0.01242	0.00600	0.01628	0.00943	0.02485	0.00771	0.00900	0.00600	0.00514	0.00343	0.00171	0.00428	0.00300	0.00343	0.00600
24	0.01089	0.00995	0.01383	0.01237	0.01292	0.01269	0.03070	0.05779	0.01043	0.01508	0.01561	0.27869	0.01734	0.01194	0.01331	0.00230	0.45626	0.00858	0.00355	0.00578
25	0.00726	0.00591	0.00653	0.00677	0.00853	0.00526	0.00537	0.00925	0.02877	0.01569	0.06920	0.05428	0.57138	0.01409	0.00677	0.00202	0.00334	0.16956	0.00517	0.00487
26	0.84448	0.01071	0.00814	0.00728	0.01071	0.01242	0.00600	0.01628	0.00943	0.02485	0.00771	0.00900	0.00600	0.00514	0.00343	0.00171	0.00428	0.00300	0.00343	0.00600
27	0.01046	0.00984	0.01661	0.79205	0.03814	0.01230	0.01538	0.01415	0.01107	0.01415	0.00984	0.01477	0.00738	0.00554	0.00554	0.00185	0.00738	0.00492	0.00246	0.00615
28	0.01277	0.01445	0.03141	0.02259	0.02793	0.01355	0.71462	0.01726	0.01295	0.01757	0.01214	0.05302	0.00977	0.00528	0.00656	0.00189	0.00904	0.00698	0.00291	0.00733
29	0.02485	0.00943	0.01285	0.00985	0.01414	0.00814	0.00814	0.02699	0.01585	0.77465	0.02185	0.01885	0.01371	0.00685	0.00557	0.00171	0.00471	0.00557	0.00685	0.00943
30	0.07253	0.01610	0.01601	0.01253	0.01677	0.07927	0.01026	0.64681	0.02416	0.03254	0.01256	0.01276	0.00902	0.00648	0.00536	0.00165	0.00630	0.00475	0.00519	0.00896
31	0.56344	0.01092	0.01015	0.00847	0.01221	0.01192	0.00699	0.09719	0.01271	0.20280	0.01164	0.01178	0.00818	0.00571	0.00416	0.00171	0.00458	0.00382	0.00446	0.00717
32	0.02302	0.01235	0.01466	0.01124	0.01560	0.01248	0.00929	0.37552	0.02075	0.41921	0.01774	0.01618	0.01165	0.00676	0.00556	0.00169	0.00538	0.00529	0.00622	0.00942
33	0.00784	0.00566	0.00740	0.00697	0.00827	0.00523	0.00523	0.01045	0.01568	0.02221	0.76789	0.04137	0.05226	0.01132	0.00653	0.00174	0.00261	0.01002	0.00610	0.00523
34	0.01266	0.01070	0.01163	0.01083	0.01359	0.01214	0.00857	0.02553	0.60350	0.02187	0.04300	0.02868	0.04154	0.00902	0.00600	0.00198	0.00441	0.12081	0.00555	0.00799
35	0.00838	0.00582	0.00738	0.00690	0.00841	0.00527	0.00521	0.01080	0.01525	0.05350	0.63393	0.04211	0.15315	0.01152	0.00649	0.00176	0.00273	0.01006	0.00599	0.00533
36	0.01393	0.01194	0.01315	0.08188	0.01672	0.01386	0.00947	0.07327	0.64713	0.02309	0.02082	0.01967	0.01558	0.00728	0.00562	0.00186	0.00476	0.00606	0.00534	0.00857
37	0.01481	0.80869	0.02902	0.00948	0.01421	0.02191	0.00948	0.01658	0.01125	0.01303	0.00770	0.00888	0.00711	0.00474	0.00355	0.00118	0.00592	0.00296	0.00237	0.00711
38	0.84448	0.01071	0.00814	0.00728	0.01071	0.01242	0.00600	0.01628	0.00943	0.02485	0.00771	0.00900	0.00600	0.00514	0.00343	0.00171	0.00428	0.00300	0.00343	0.00600
39	0.01124	0.05636	0.75010	0.01556	0.02362	0.01318	0.02007	0.01751	0.01168	0.01738	0.00986	0.01159	0.00702	0.00524	0.00520	0.00173	0.00810	0.00405	0.00234	0.00815
40	0.01378	0.01190	0.01252	0.01127	0.01440	0.01378	0.00877	0.02943	0.76081	0.02317	0.02254	0.02066	0.01691	0.00751	0.00564	0.00188	0.00438	0.00626	0.00564	0.00877
41	0.00668	0.00563	0.00580	0.00580	0.00762	0.00475	0.00438	0.00818	0.01281	0.01544	0.09869	0.05279	0.70792	0.01389	0.00657	0.00188	0.00285	0.02840	0.00520	0.00472
42	0.00734	0.00550	0.00680	0.00678	0.00804	0.00496	0.00497	0.00936	0.01404	0.01904	0.46624	0.18232	0.21818	0.01305	0.00663	0.00186	0.00277	0.01145	0.00570	0.00496
43	0.00801	0.00608	0.00908	0.00903	0.01000	0.00715	0.00704	0.00997	0.00889	0.01287	0.01466	0.02154	0.01370	0.04081	0.76593	0.00875	0.03266	0.00591	0.00295	0.00497
44	0.01367	0.01107	0.01163	0.01042	0.01334	0.01265	0.00812	0.06933	0.60243	0.02347	0.02131	0.02023	0.01605	0.00730	0.00536	0.00178	0.00421	0.00602	0.13338	0.00825
45	0.01787	0.01393	0.01483	0.01210	0.01596	0.01569	0.00976	0.43598	0.34759	0.02977	0.01734	0.01652	0.01270	0.00703	0.00558	0.00176	0.00535	0.00554	0.00558	0.00913
46	0.00927	0.00598	0.00786	0.00721	0.00877	0.00547	0.00547	0.01184	0.01569	0.08536	0.70528	0.03948	0.04902	0.01095	0.00645	0.00174	0.00279	0.00964	0.00616	0.00558
47	0.01032	0.00516	0.00516	0.00516	0.00645	0.00516	0.00387	0.01290	0.01161	0.02065	0.01807	0.02065	0.01420	0.00645	0.00387	0.00129	0.00258	0.00516	0.83611	0.00516
48	0.00817	0.00607	0.00758	0.00838	0.00920	0.00608	0.00591	0.03498	0.09442	0.01589	0.02867	0.62491	0.03284	0.03555	0.00742	0.00229	0.00361	0.05774	0.00516	0.00514
49	0.02299	0.04302	0.01491	0.01099	0.01531	0.03138	0.00912	0.28823	0.01935	0.45909	0.01788	0.01624	0.01174	0.00667	0.00547	0.00167	0.00539	0.00521	0.00611	0.00926
50	0.01594	0.69408	0.02700	0.00977	0.01445	0.02067	0.00948	0.07717	0.01275	0.06246	0.00904	0.00987	0.00771	0.00503	0.00384	0.00126	0.00586	0.00329	0.00291	0.00744
51	0.00997	0.07394	0.05838	0.00861	0.01108	0.00895	0.00727	0.02988	0.16166	0.02120	0.45586	0.03292	0.07914	0.00972	0.00601	0.00173	0.00366	0.00833	0.00540	0.00631
52	0.01297	0.00980	0.01164	0.00839	0.01324	0.00747	0.00674	0.01539	0.01197	0.10200	0.01118	0.01230	0.00881	0.00441	0.00426	0.00092	0.00417	0.00354	0.00368	0.74715
53	0.02038	0.01617	0.01608	0.01262	0.01674	0.09629	0.01029	0.64047	0.02446	0.03207	0.04933	0.01431	0.01125	0.00678	0.00553	0.00164	0.00633	0.00508	0.00529	0.00890
54	0.01161	0.13386	0.67582	0.01493	0.02265	0.01408	0.01898	0.01741	0.01163	0.01693	0.00964	0.01131	0.00703	0.00519	0.00503	0.00168	0.00788	0.00394	0.00234	0.00804
55	0.01148	0.00984	0.01148	0.00820	0.01312	0.00738	0.00656	0.01395	0.01148	0.01805	0.00984	0.01148	0.00820	0.00410	0.00410	0.00082	0.00410	0.00328	0.00328	0.83922
56	0.06945	0.01488	0.01591	0.01226	0.01662	0.01637	0.01012	0.66705	0.02447	0.07739	0.01347	0.01337	0.00947	0.00657	0.00542	0.00167	0.00591	0.00490	0.00549	0.00922
57	0.01481	0.80869	0.02902	0.00948	0.01421	0.02191	0.00948	0.01658	0.01125	0.01303	0.00770	0.00888	0.00711	0.00474	0.00355	0.00118	0.00592	0.00296	0.00237	0.00711
58	0.00805	0.00537	0.00604	0.00604	0.00604	0.00537	0.00336	0.00805	0.00805	0.01074	0.01745	0.03624	0.02013	0.80536	0.02819	0.00537	0.00537	0.00805	0.00336	0.00336
59	0.00790	0.00539	0.00639	0.00644	0.00670	0.00533	0.00393	0.00844	0.00942	0.01279	0.12660	0.10546	0.02599	0.58819	0.05450	0.00471	0.00517	0.00894	0.00390	0.00379
60	0.01148	0.00984	0.01148	0.00820	0.01312	0.00738	0.00656	0.01395	0.01148	0.01805	0.00984	0.01148	0.00820	0.00410	0.00410	0.00082	0.00410	0.00328	0.00328	0.83922
61	0.00702	0.00501	0.00674	0.00802	0.00846	0.00473	0.00561	0.00818	0.01087	0.01444	0.03038	0.71016	0.03604	0.01710	0.00714	0.00229	0.00345	0.10467	0.00514	0.00457
62	0.01783	0.01335	0.01424	0.01158	0.01503	0.05371	0.00933	0.45953	0.07345	0.06865	0.01464	0.01647	0.01133	0.04856	0.14317	0.00311	0.00760	0.00534	0.00493	0.00816
63	0.00784	0.00566	0.00740	0.00697	0.00827	0.00523	0.00523	0.01045	0.01568	0.02221	0.76789	0.04137	0.05226	0.01132	0.00653	0.00174	0.00261	0.01002	0.00610	0.00523
64	0.01548	0.01769	0.01667	0.01448	0.01587	0.31773	0.03573	0.01723	0.03007	0.01376	0.00848	0.01204	0.00773	0.02284	0.01249	0.00206	0.42619	0.00449	0.00270	0.00626
65	0.00791	0.00593	0.00890	0.00890	0.00989	0.00692	0.00692	0.00989	0.00890	0.01286	0.01483	0.02176	0.01385	0.04154	0.78341	0.00890	0.01483	0.00593	0.00297	0.00494
66	0.01301	0.01476	0.03170	0.02279	0.02804	0.01419	0.70450	0.01746	0.01278	0.01746	0.01096	0.01476	0.00833	0.00498	0.00726	0.00190	0.05850	0.00643	0.00278	0.00738
67	0.01111	0.02865	0.77667	0.01579	0.02397	0.01286	0.02046	0.01754	0.01169	0.01754	0.00994	0.01169	0.00702	0.00526	0.00526	0.00175	0.00818	0.00409	0.00234	0.00818
68	0.01046	0.00984	0.01661	0.79205	0.03814	0.01230	0.01538	0.01415	0.01107	0.01415	0.00984	0.01477	0.00738	0.00554	0.00554	0.00185	0.00738	0.00492	0.00246	0.00615
69	0.00774	0.00528	0.00631	0.00661	0.00674	0.00527	0.00399	0.00809	0.00870	0.01166	0.02031	0.21240	0.02356	0.57531	0.07055	0.00487	0.00546	0.00970	0.00374	0.00372
70	0.02105	0.01551	0.01662	0.01274	0.01717	0.01717	0.01053	0.75235	0.02604	0.03490	0.01330	0.01330	0.00942	0.00665	0.00554	0.00166	0.00609	0.00499	0.00554	0.00942
71	0.02485	0.00943	0.01285	0.00985	0.01414	0.00814	0.00814	0.02699	0.01585	0.77465	0.02185	0.01885	0.01371	0.00685	0.00557	0.00171	0.00471	0.00557	0.00685	0.00943
72	0.05243	0.00913	0.01219	0.00950	0.01349	0.00803	0.00780	0.02512	0.01561	0.68011	0.08868	0.02053	0.01691	0.00720	0.00558	0.00172	0.00451	0.00588	0.00666	0.00892
73	0.84448	0.01071	0.00814	0.00728	0.01071	0.01242	0.00600	0.01628	0.00943	0.02485	0.00771	0.00900	0.00600	0.00514	0.00343	0.00171	0.00428	0.00300	0.00343	0.00600
74	0.01054	0.00992	0.01675	0.77388	0.05571	0.01233	0.01542	0.01422	0.01111	0.01424	0.00986	0.01474	0.00742	0.00552	0.00554	0.00184	0.00736	0.00492	0.00247	0.00622
75	0.01378	0.01190	0.01252	0.01127	0.01440	0.01378	0.00877	0.02943	0.76081	0.02317	0.02254	0.02066	0.01691	0.00751	0.00564	0.00188	0.00438	0.00626	0.00564	0.00877

[dist]
# distance from previous block
# <min> <max>
0	36

[block]
# block no. 1 follows, 43 sequences, length 220
# corresponding to MSA columns:
# 595-814
name=unknown_B
#
# <colnr> <probs for GDERKNQSTAVLIFYWHMCP>
#	G	D	E	R	K	N	Q	S	T	A	V	L	I	F	Y	W	H	M	C	P
0	0.02105	0.01551	0.01662	0.01274	0.01717	0.01717	0.01053	0.75235	0.02604	0.03490	0.01330	0.01330	0.00942	0.00665	0.00554	0.00166	0.00609	0.00499	0.00554	0.00942
1	0.84448	0.01071	0.00814	0.00728	0.01071	0.01242	0.00600	0.01628	0.00943	0.02485	0.00771	0.00900	0.00600	0.00514	0.00343	0.00171	0.00428	0.00300	0.00343	0.00600
2	0.84448	0.01071	0.00814	0.00728	0.01071	0.01242	0.00600	0.01628	0.00943	0.02485	0.00771	0.00900	0.00600	0.00514	0.00343	0.00171	0.00428	0.00300	0.00343	0.00600
3	0.00805	0.00537	0.00604	0.00604	0.00604	0.00537	0.00336	0.00805	0.00805	0.01074	0.01745	0.03624	0.02013	0.80536	0.02819	0.00537	0.00537	0.00805	0.00336	0.00336
4	0.00908	0.00730	0.00706	0.00691	0.00739	0.07469	0.00430	0.00951	0.00946	0.01196	0.06073	0.03460	0.06364	0.61406	0.05339	0.00475	0.00585	0.00789	0.00355	0.00387
5	0.01371	0.01316	0.02248	0.03399	0.77081	0.01316	0.01700	0.01700	0.01261	0.01809	0.01042	0.01371	0.00877	0.00493	0.00548	0.00164	0.00658	0.00493	0.00274	0.00877
6	0.01046	0.00984	0.01661	0.79205	0.03814	0.01230	0.01538	0.01415	0.01107	0.01415	0.00984	0.01477	0.00738	0.00554	0.00554	0.00185	0.00738	0.00492	0.00246	0.00615
7	0.01111	0.02865	0.77667	0.01579	0.02397	0.01286	0.02046	0.01754	0.01169	0.01754	0.00994	0.01169	0.00702	0.00526	0.00526	0.00175	0.00818	0.00409	0.00234	0.00818
8	0.84448	0.01071	0.00814	0.00728	0.01071	0.01242	0.00600	0.01628	0.00943	0.02485	0.00771	0.00900	0.00600	0.00514	0.00343	0.00171	0.00428	0.00300	0.00343	0.00600
9	0.01128	0.01068	0.01809	0.60158	0.22224	0.01252	0.01579	0.01487	0.01146	0.01514	0.00999	0.01450	0.00773	0.00539	0.00552	0.00180	0.00718	0.00493	0.00253	0.00681
10	0.01740	0.01038	0.01225	0.01014	0.01381	0.01043	0.00808	0.02570	0.35104	0.30872	0.06251	0.02010	0.01668	0.00709	0.00549	0.00169	0.00438	0.00587	0.00586	0.10237
11	0.01282	0.01225	0.02087	0.24182	0.56995	0.01292	0.01655	0.01622	0.01219	0.01701	0.01026	0.01400	0.00839	0.00510	0.00550	0.00170	0.00680	0.00493	0.00266	0.00805
12	0.01481	0.80869	0.02902	0.00948	0.01421	0.02191	0.00948	0.01658	0.01125	0.01303	0.00770	0.00888	0.00711	0.00474	0.00355	0.00118	0.00592	0.00296	0.00237	0.00711
13	0.01314	0.01280	0.01690	0.01437	0.01484	0.03714	0.01194	0.07942	0.01024	0.01526	0.00784	0.01217	0.00746	0.00932	0.01670	0.00233	0.70424	0.00483	0.00271	0.00637
14	0.01111	0.02865	0.77667	0.01579	0.02397	0.01286	0.02046	0.01754	0.01169	0.01754	0.00994	0.01169	0.00702	0.00526	0.00526	0.00175	0.00818	0.00409	0.00234	0.00818
15	0.00780	0.00563	0.00737	0.00699	0.00827	0.00520	0.00522	0.01036	0.01551	0.02195	0.74415	0.06585	0.05175	0.01152	0.00655	0.00176	0.00263	0.01020	0.00607	0.00520
16	0.00686	0.00487	0.00639	0.00756	0.00786	0.00458	0.00498	0.00774	0.01038	0.01383	0.02936	0.73353	0.03516	0.08757	0.00895	0.00253	0.00341	0.01506	0.00498	0.00440
17	0.00706	0.00576	0.00626	0.00611	0.00785	0.00503	0.00459	0.00911	0.03002	0.01713	0.25081	0.04930	0.55524	0.01314	0.00652	0.00184	0.00279	0.01111	0.00542	0.00492
18	0.01128	0.00608	0.00618	0.00584	0.00741	0.00623	0.00446	0.07880	0.01290	0.02192	0.01764	0.01999	0.01377	0.00647	0.00402	0.00132	0.00289	0.00515	0.76209	0.00554
19	0.01046	0.00984	0.01661	0.79205	0.03814	0.01230	0.01538	0.01415	0.01107	0.01415	0.00984	0.01477	0.00738	0.00554	0.00554	0.00185	0.00738	0.00492	0.00246	0.00615
20	0.00680	0.00486	0.00649	0.00778	0.00812	0.00455	0.00524	0.00781	0.01066	0.01420	0.03049	0.78230	0.03650	0.01730	0.00708	0.00226	0.00326	0.03463	0.00514	0.00451
21	0.00666	0.00562	0.00577	0.00573	0.00755	0.00472	0.00430	0.00817	0.01290	0.01561	0.11953	0.05224	0.70474	0.01379	0.00654	0.00186	0.00279	0.01154	0.00523	0.00472
22	0.01481	0.80869	0.02902	0.00948	0.01421	0.02191	0.00948	0.01658	0.01125	0.01303	0.00770	0.00888	0.00711	0.00474	0.00355	0.00118	0.00592	0.00296	0.00237	0.00711
23	0.01046	0.00984	0.01661	0.79205	0.03814	0.01230	0.01538	0.01415	0.01107	0.01415	0.00984	0.01477	0.00738	0.00554	0.00554	0.00185	0.00738	0.00492	0.00246	0.00615
24	0.01148	0.00984	0.01148	0.00820	0.01312	0.00738	0.00656	0.01395	0.01148	0.01805	0.00984	0.01148	0.00820	0.00410	0.00410	0.00082	0.00410	0.00328	0.00328	0.83922
25	0.00672	0.00494	0.00630	0.00739	0.00795	0.00453	0.00500	0.00775	0.01091	0.01426	0.03446	0.68671	0.14913	0.01684	0.00699	0.00219	0.00315	0.01512	0.00514	0.00453
26	0.01046	0.00984	0.01661	0.79205	0.03814	0.01230	0.01538	0.01415	0.01107	0.01415	0.00984	0.01477	0.00738	0.00554	0.00554	0.00185	0.00738	0.00492	0.00246	0.00615
27	0.01148	0.00984	0.01148	0.00820	0.01312	0.00738	0.00656	0.01395	0.01148	0.01805	0.00984	0.01148	0.00820	0.00410	0.00410	0.00082	0.00410	0.00328	0.00328	0.83922
28	0.01279	0.01078	0.01179	0.01105	0.01381	0.01228	0.00880	0.02579	0.60923	0.02183	0.02392	0.02913	0.01994	0.00909	0.00604	0.00201	0.00453	0.15363	0.00553	0.00802
29	0.00839	0.00618	0.00820	0.00921	0.01059	0.00599	0.00788	0.01068	0.01268	0.01619	0.03478	0.07722	0.18125	0.01509	0.00741	0.00241	0.00459	0.57115	0.00511	0.00500
30	0.01170	0.00817	0.01013	0.02458	0.01215	0.00667	0.00653	0.01369	0.01185	0.11699	0.01882	0.24367	0.03466	0.00876	0.00530	0.00143	0.00398	0.02039	0.00435	0.43617
31	0.01389	0.01361	0.02191	0.03215	0.69971	0.04282	0.01648	0.01699	0.01250	0.01765	0.01017	0.01348	0.00863	0.00523	0.00617	0.00168	0.05080	0.00488	0.00273	0.00853
32	0.84448	0.01071	0.00814	0.00728	0.01071	0.01242	0.00600	0.01628	0.00943	0.02485	0.00771	0.00900	0.00600	0.00514	0.00343	0.00171	0.00428	0.00300	0.00343	0.00600
33	0.00804	0.00542	0.00630	0.00630	0.00638	0.00551	0.00367	0.00822	0.00813	0.01093	0.01722	0.03495	0.01957	0.73730	0.09549	0.00568	0.00621	0.00787	0.00332	0.00350
34	0.00890	0.00741	0.00949	0.00927	0.01022	0.05207	0.00711	0.01062	0.00919	0.01273	0.01428	0.02183	0.01365	0.10576	0.62849	0.00779	0.05734	0.00593	0.00296	0.00495
35	0.01171	0.01164	0.01487	0.01312	0.01358	0.07106	0.01072	0.01312	0.00912	0.01323	0.00924	0.01435	0.00889	0.01730	0.20701	0.00396	0.54366	0.00502	0.00259	0.00581
36	0.01126	0.06085	0.74580	0.01552	0.02357	0.01324	0.02001	0.01750	0.01167	0.01735	0.00985	0.01158	0.00702	0.00524	0.00519	0.00173	0.00809	0.00405	0.00234	0.00814
37	0.01313	0.01134	0.01191	0.01077	0.01378	0.01296	0.00836	0.02752	0.69414	0.02244	0.02553	0.02357	0.08389	0.00809	0.00572	0.00188	0.00424	0.00675	0.00559	0.00840
38	0.01307	0.01494	0.03268	0.02334	0.02894	0.01401	0.75070	0.01774	0.01307	0.01774	0.01120	0.01494	0.00840	0.00467	0.00654	0.00187	0.00934	0.00654	0.00280	0.00747
39	0.00692	0.00556	0.00618	0.00617	0.00775	0.00481	0.00457	0.00863	0.01330	0.01691	0.25228	0.11471	0.50561	0.01356	0.00659	0.00187	0.00279	0.01157	0.00541	0.00481
40	0.00675	0.00482	0.00643	0.00771	0.00803	0.00450	0.00514	0.00771	0.01060	0.01414	0.03053	0.80175	0.03663	0.01735	0.00707	0.00225	0.00321	0.01574	0.00514	0.00450
41	0.02039	0.01484	0.01603	0.01236	0.01662	0.01632	0.01018	0.69626	0.02525	0.04910	0.05565	0.01498	0.01190	0.00691	0.00560	0.00167	0.00587	0.00528	0.00560	0.00918
42	0.00962	0.00481	0.00722	0.00722	0.00722	0.00481	0.00481	0.00722	0.00722	0.00962	0.00962	0.01684	0.00962	0.01924	0.02165	0.83886	0.00481	0.00481	0.00241	0.00241
43	0.00784	0.00566	0.00740	0.00697	0.00827	0.00523	0.00523	0.01045	0.01568	0.02221	0.76789	0.04137	0.05226	0.01132	0.00653	0.00174	0.00261	0.01002	0.00610	0.00523
44	0.00706	0.00497	0.00641	0.00739	0.00766	0.00475	0.00481	0.00784	0.01002	0.01338	0.02734	0.61876	0.03253	0.18524	0.03198	0.00309	0.00398	0.01385	0.00470	0.00427
45	0.02105	0.01551	0.01662	0.01274	0.01717	0.01717	0.01053	0.75235	0.02604	0.03490	0.01330	0.01330	0.00942	0.00665	0.00554	0.00166	0.00609	0.00499	0.00554	0.00942
46	0.00791	0.00593	0.00890	0.00890	0.00989	0.00692	0.00692	0.00989	0.00890	0.01286	0.01483	0.02176	0.01385	0.04154	0.78341	0.00890	0.01483	0.00593	0.00297	0.00494
47	0.01481	0.80869	0.02902	0.00948	0.01421	0.02191	0.00948	0.01658	0.01125	0.01303	0.00770	0.00888	0.00711	0.00474	0.00355	0.00118	0.00592	0.00296	0.00237	0.00711
48	0.84448	0.01071	0.00814	0.00728	0.01071	0.01242	0.00600	0.01628	0.00943	0.02485	0.00771	0.00900	0.00600	0.00514	0.00343	0.00171	0.00428	0.00300	0.00343	0.00600
49	0.00811	0.00603	0.00728	0.00765	0.00876	0.00575	0.00544	0.07443	0.01297	0.01708	0.11885	0.49356	0.18325	0.01504	0.00677	0.00206	0.00332	0.01331	0.00529	0.00506
50	0.01212	0.01212	0.01696	0.01454	0.01454	0.01696	0.01212	0.01333	0.00848	0.01333	0.00727	0.01212	0.00727	0.00969	0.01818	0.00242	0.79523	0.00485	0.00242	0.00606
51	0.01728	0.01221	0.01359	0.01075	0.01461	0.01262	0.00865	0.39557	0.07690	0.09608	0.01593	0.08502	0.01296	0.02517	0.00589	0.00166	0.00511	0.00587	0.02703	0.15709
52	0.01166	0.00995	0.01158	0.00828	0.01320	0.00756	0.00663	0.02716	0.01174	0.01835	0.00991	0.01152	0.00822	0.00415	0.00413	0.00084	0.00414	0.00331	0.00332	0.82437
53	0.01426	0.69424	0.13872	0.01040	0.01565	0.02059	0.01109	0.01672	0.01132	0.01369	0.00803	0.00930	0.00709	0.00482	0.00380	0.00127	0.00625	0.00313	0.00236	0.00727
54	0.01752	0.00986	0.01150	0.00900	0.01268	0.00937	0.00729	0.19281	0.01630	0.25264	0.01642	0.01650	0.01170	0.00614	0.00483	0.00141	0.00437	0.00486	0.21832	0.17647
55	0.00677	0.00484	0.00645	0.00770	0.00804	0.00451	0.00514	0.00777	0.01071	0.01430	0.04553	0.78627	0.03695	0.01723	0.00706	0.00224	0.00320	0.01563	0.00516	0.00451
56	0.02470	0.00966	0.01300	0.00996	0.01425	0.00848	0.00823	0.05467	0.01624	0.74643	0.02152	0.01864	0.01355	0.00685	0.00557	0.00171	0.00477	0.00555	0.00680	0.00943
57	0.00733	0.00564	0.00670	0.00643	0.00796	0.00501	0.00483	0.00947	0.01448	0.01936	0.48797	0.04606	0.33396	0.01239	0.00654	0.00179	0.00269	0.01067	0.00572	0.00501
58	0.01378	0.01190	0.01252	0.01127	0.01440	0.01378	0.00877	0.02943	0.76081	0.02317	0.02254	0.02066	0.01691	0.00751	0.00564	0.00188	0.00438	0.00626	0.00564	0.00877
59	0.02429	0.01032	0.01341	0.01028	0.01459	0.00947	0.00849	0.13408	0.01736	0.66544	0.02059	0.01803	0.01308	0.00682	0.00557	0.00171	0.00492	0.00548	0.00666	0.00942
60	0.02485	0.00943	0.01285	0.00985	0.01414	0.00814	0.00814	0.02699	0.01585	0.77465	0.02185	0.01885	0.01371	0.00685	0.00557	0.00171	0.00471	0.00557	0.00685	0.00943
61	0.84448	0.01071	0.00814	0.00728	0.01071	0.01242	0.00600	0.01628	0.00943	0.02485	0.00771	0.00900	0.00600	0.00514	0.00343	0.00171	0.00428	0.00300	0.00343	0.00600
62	0.01028	0.00637	0.00713	0.00654	0.00886	0.00538	0.00504	0.01185	0.01329	0.16902	0.06245	0.06257	0.58555	0.01259	0.00636	0.00184	0.00320	0.01051	0.00551	0.00564
63	0.02485	0.00943	0.01285	0.00985	0.01414	0.00814	0.00814	0.02699	0.01585	0.77465	0.02185	0.01885	0.01371	0.00685	0.00557	0.00171	0.00471	0.00557	0.00685	0.00943
64	0.00774	0.00557	0.00739	0.00756	0.00865	0.00522	0.00570	0.00998	0.01416	0.01967	0.50592	0.21267	0.04607	0.01319	0.00680	0.00196	0.00308	0.10786	0.00575	0.00505
65	0.02485	0.00943	0.01285	0.00985	0.01414	0.00814	0.00814	0.02699	0.01585	0.77465	0.02185	0.01885	0.01371	0.00685	0.00557	0.00171	0.00471	0.00557	0.00685	0.00943
66	0.00681	0.00487	0.00648	0.00767	0.00805	0.00454	0.00515	0.00786	0.01089	0.01459	0.07174	0.75924	0.03750	0.01701	0.00704	0.00222	0.00318	0.01542	0.00519	0.00454
67	0.02105	0.01551	0.01662	0.01274	0.01717	0.01717	0.01053	0.75235	0.02604	0.03490	0.01330	0.01330	0.00942	0.00665	0.00554	0.00166	0.00609	0.00499	0.00554	0.00942
68	0.01193	0.18618	0.59679	0.01480	0.02218	0.01474	0.04610	0.01735	0.01166	0.01663	0.00953	0.01125	0.00709	0.00513	0.00496	0.00164	0.00777	0.00396	0.00236	0.00794
69	0.00753	0.00560	0.00700	0.00676	0.00811	0.00508	0.00503	0.00981	0.01478	0.02033	0.58677	0.09124	0.18709	0.01221	0.00657	0.00180	0.00269	0.01069	0.00586	0.00508
70	0.01148	0.00984	0.01148	0.00820	0.01312	0.00738	0.00656	0.01395	0.01148	0.01805	0.00984	0.01148	0.00820	0.00410	0.00410	0.00082	0.00410	0.00328	0.00328	0.83922
71	0.01653	0.01904	0.01345	0.01233	0.01472	0.46986	0.00949	0.05787	0.02856	0.01602	0.08243	0.02182	0.07241	0.00883	0.02342	0.00183	0.04725	0.07423	0.00371	0.00621
72	0.01772	0.01279	0.01504	0.01409	0.10212	0.01381	0.01013	0.35750	0.18718	0.11143	0.01754	0.08588	0.01393	0.00762	0.00569	0.00177	0.00535	0.00629	0.00535	0.00876
73	0.01354	0.03112	0.09874	0.02961	0.55055	0.03133	0.12947	0.01728	0.01264	0.01778	0.01039	0.01351	0.00847	0.00494	0.00557	0.00168	0.00723	0.00503	0.00271	0.00843
74	0.01546	0.00955	0.01134	0.00928	0.01287	0.00903	0.00737	0.02159	0.23000	0.24959	0.10804	0.02256	0.06702	0.00741	0.00543	0.00157	0.00411	0.00617	0.00549	0.19611
75	0.00712	0.00563	0.00641	0.00622	0.00783	0.00492	0.00466	0.00907	0.01399	0.01820	0.37389	0.04797	0.44877	0.01282	0.00654	0.00181	0.00272	0.01094	0.00557	0.00492
76	0.02449	0.00950	0.01284	0.00990	0.01415	0.00832	0.00816	0.02707	0.03984	0.75045	0.02187	0.01891	0.01381	0.00688	0.00557	0.00172	0.00470	0.00559	0.00682	0.00940
77	0.84448	0.01071	0.00814	0.00728	0.01071	0.01242	0.00600	0.01628	0.00943	0.02485	0.00771	0.00900	0.00600	0.00514	0.00343	0.00171	0.00428	0.00300	0.00343	0.00600
78	0.00784	0.00566	0.00740	0.00697	0.00827	0.00523	0.00523	0.01045	0.01568	0.02221	0.76789	0.04137	0.05226	0.01132	0.00653	0.00174	0.00261	0.01002	0.00610	0.00523
79	0.01046	0.00984	0.01661	0.79205	0.03814	0.01230	0.01538	0.01415	0.01107	0.01415	0.00984	0.01477	0.00738	0.00554	0.00554	0.00185	0.00738	0.00492	0.00246	0.00615
80	0.00725	0.00564	0.00659	0.00635	0.00791	0.00498	0.00476	0.00932	0.01429	0.01893	0.44563	0.04677	0.37657	0.01255	0.00654	0.00180	0.00270	0.01077	0.00566	0.00498
81	0.84448	0.01071	0.00814	0.00728	0.01071	0.01242	0.00600	0.01628	0.00943	0.02485	0.00771	0.00900	0.00600	0.00514	0.00343	0.00171	0.00428	0.00300	0.00343	0.00600
82	0.00702	0.00504	0.00684	0.00801	0.00847	0.00486	0.00560	0.00820	0.01062	0.01422	0.02903	0.67375	0.03422	0.01934	0.07630	0.00287	0.00440	0.07166	0.00494	0.00459
83	0.00702	0.00559	0.00630	0.00620	0.00779	0.00487	0.00462	0.00884	0.01363	0.01754	0.31233	0.08516	0.47409	0.01321	0.00657	0.00184	0.00276	0.01128	0.00549	0.00487
84	0.49006	0.13782	0.01347	0.00949	0.01301	0.20103	0.00782	0.04144	0.01176	0.02061	0.00810	0.00936	0.00655	0.00526	0.00389	0.00156	0.00598	0.00319	0.00319	0.00638
85	0.32423	0.44970	0.05199	0.00910	0.01342	0.04607	0.00868	0.01671	0.01075	0.01764	0.00783	0.00908	0.00669	0.00495	0.00363	0.00141	0.00556	0.00304	0.00278	0.00671
86	0.01327	0.01504	0.10825	0.07503	0.45158	0.01319	0.19334	0.01724	0.01258	0.03123	0.01072	0.01394	0.00849	0.00498	0.00572	0.00172	0.00744	0.00524	0.00277	0.00825
87	0.00802	0.00549	0.00667	0.00667	0.00689	0.00571	0.00415	0.00846	0.00824	0.01121	0.01687	0.03304	0.01874	0.63632	0.19533	0.00615	0.00746	0.00758	0.00327	0.00371
88	0.00708	0.00563	0.00635	0.00617	0.00781	0.00490	0.00463	0.00898	0.01388	0.01795	0.34992	0.04838	0.47289	0.01291	0.00654	0.00182	0.00273	0.01100	0.00554	0.00490
89	0.00753	0.00555	0.00704	0.00688	0.00814	0.00506	0.00508	0.00977	0.01462	0.02021	0.57827	0.13975	0.14666	0.01245	0.00660	0.00182	0.00272	0.01097	0.00585	0.00506
90	0.02069	0.02640	0.01569	0.01427	0.01712	0.78313	0.01070	0.02212	0.01569	0.01355	0.00856	0.00999	0.00713	0.00571	0.00499	0.00143	0.00999	0.00357	0.00285	0.00642
91	0.01148	0.00984	0.01148	0.00820	0.01312	0.00738	0.00656	0.01395	0.01148	0.01805	0.00984	0.01148	0.00820	0.00410	0.00410	0.00082	0.00410	0.00328	0.00328	0.83922
92	0.01378	0.01190	0.01252	0.01127	0.01440	0.01378	0.00877	0.02943	0.76081	0.02317	0.02254	0.02066	0.01691	0.00751	0.00564	0.00188	0.00438	0.00626	0.00564	0.00877
93	0.01308	0.01015	0.01100	0.00989	0.01262	0.02675	0.00769	0.02329	0.45856	0.08902	0.17775	0.02762	0.07918	0.00881	0.00590	0.00184	0.00406	0.01937	0.00574	0.00769
94	0.06031	0.01589	0.13795	0.03883	0.41424	0.02950	0.10069	0.08258	0.01358	0.01964	0.01093	0.01431	0.00884	0.00539	0.00550	0.00171	0.00702	0.02179	0.00303	0.00825
95	0.01136	0.02690	0.68209	0.01675	0.02460	0.01301	0.11329	0.01756	0.01187	0.01756	0.01010	0.01211	0.00719	0.00519	0.00542	0.00177	0.00833	0.00440	0.00240	0.00809
96	0.00883	0.00631	0.00879	0.00991	0.01119	0.00627	0.00859	0.01138	0.01301	0.01708	0.09514	0.06059	0.03369	0.01494	0.00755	0.00248	0.00488	0.66906	0.00519	0.00511
97	0.01212	0.05687	0.62008	0.01533	0.03739	0.01356	0.01834	0.06088	0.07928	0.01887	0.01118	0.01251	0.00807	0.00552	0.00525	0.00174	0.00760	0.00431	0.00283	0.00828
98	0.03676	0.19655	0.21147	0.01508	0.09794	0.20753	0.01318	0.04980	0.01307	0.01619	0.01032	0.05639	0.00905	0.00615	0.00542	0.00158	0.03888	0.00451	0.00285	0.00727
99	0.02105	0.01551	0.01662	0.01274	0.01717	0.01717	0.01053	0.75235	0.02604	0.03490	0.01330	0.01330	0.00942	0.00665	0.00554	0.00166	0.00609	0.00499	0.00554	0.00942
100	0.01300	0.03418	0.36864	0.01873	0.15269	0.01355	0.10193	0.08425	0.10530	0.01991	0.02714	0.01421	0.00982	0.00565	0.00551	0.00175	0.00723	0.00497	0.00323	0.00831
101	0.00675	0.00482	0.00643	0.00771	0.00803	0.00450	0.00514	0.00771	0.01060	0.01414	0.03053	0.80175	0.03663	0.01735	0.00707	0.00225	0.00321	0.01574	0.00514	0.00450
102	0.01481	0.80869	0.02902	0.00948	0.01421	0.02191	0.00948	0.01658	0.01125	0.01303	0.00770	0.00888	0.00711	0.00474	0.00355	0.00118	0.00592	0.00296	0.00237	0.00711
103	0.00707	0.00505	0.00679	0.00808	0.00854	0.00477	0.00570	0.00826	0.01092	0.01450	0.03035	0.69328	0.03593	0.01705	0.00715	0.00229	0.00349	0.12106	0.00513	0.00459
104	0.00746	0.00548	0.00680	0.00729	0.00824	0.00510	0.00532	0.00897	0.01204	0.01588	0.18564	0.26862	0.18536	0.12549	0.00990	0.00255	0.00361	0.12653	0.00508	0.00462
105	0.00730	0.00531	0.00698	0.00801	0.00876	0.00499	0.00590	0.00878	0.01166	0.01538	0.08931	0.50774	0.10666	0.01612	0.00711	0.00224	0.00355	0.17433	0.00521	0.00470
106	0.02485	0.00943	0.01285	0.00985	0.01414	0.00814	0.00814	0.02699	0.01585	0.77465	0.02185	0.01885	0.01371	0.00685	0.00557	0.00171	0.00471	0.00557	0.00685	0.00943
107	0.84448	0.01071	0.00814	0.00728	0.01071	0.01242	0.00600	0.01628	0.00943	0.02485	0.00771	0.00900	0.00600	0.00514	0.00343	0.00171	0.00428	0.00300	0.00343	0.00600
108	0.01411	0.01206	0.01271	0.01134	0.01453	0.01393	0.00885	0.06247	0.72723	0.02370	0.02212	0.02033	0.01656	0.00747	0.00563	0.00187	0.00446	0.00620	0.00563	0.00880
109	0.01575	0.59182	0.06787	0.01162	0.05830	0.03218	0.01055	0.08290	0.01300	0.05810	0.00928	0.01028	0.00777	0.00508	0.00407	0.00132	0.00610	0.00347	0.00293	0.00759
110	0.01892	0.18998	0.03385	0.01218	0.01645	0.11825	0.01039	0.42936	0.07437	0.02614	0.01206	0.01240	0.00911	0.00614	0.00504	0.00154	0.00648	0.00443	0.00444	0.00845
111	0.11694	0.00957	0.01232	0.00956	0.01375	0.00862	0.00790	0.02579	0.01513	0.69041	0.02026	0.01774	0.01284	0.00666	0.00533	0.00171	0.00466	0.00528	0.00647	0.00904
112	0.00718	0.00601	0.00630	0.00630	0.00809	0.00537	0.00469	0.00968	0.06865	0.01592	0.09232	0.11686	0.60578	0.01368	0.00652	0.00190	0.00295	0.01155	0.00523	0.00500
113	0.00680	0.00486	0.00649	0.00778	0.00812	0.00455	0.00524	0.00781	0.01066	0.01420	0.03049	0.78230	0.03650	0.01730	0.00708	0.00226	0.00326	0.03463	0.00514	0.00451
114	0.00937	0.00688	0.00925	0.01030	0.01174	0.00705	0.00891	0.01312	0.08137	0.01718	0.02870	0.05864	0.03050	0.01459	0.00746	0.00249	0.00503	0.66682	0.00515	0.00544
115	0.00657	0.00561	0.00565	0.00564	0.00750	0.00469	0.00423	0.00800	0.01269	0.01512	0.07178	0.05304	0.75279	0.01397	0.00655	0.00187	0.00280	0.01165	0.00516	0.00469
116	0.01111	0.02865	0.77667	0.01579	0.02397	0.01286	0.02046	0.01754	0.01169	0.01754	0.00994	0.01169	0.00702	0.00526	0.00526	0.00175	0.00818	0.00409	0.00234	0.00818
117	0.84448	0.01071	0.00814	0.00728	0.01071	0.01242	0.00600	0.01628	0.00943	0.02485	0.00771	0.00900	0.00600	0.00514	0.00343	0.00171	0.00428	0.00300	0.00343	0.00600
118	0.00792	0.00590	0.00871	0.00871	0.00963	0.00682	0.00668	0.00977	0.00884	0.01272	0.01501	0.02273	0.01427	0.09257	0.73296	0.00866	0.01420	0.00608	0.00299	0.00484
119	0.02733	0.00642	0.00650	0.00605	0.00773	0.00664	0.00466	0.09557	0.01318	0.02232	0.01734	0.01961	0.01351	0.00645	0.00405	0.00134	0.00301	0.00510	0.72755	0.00565
120	0.01743	0.36485	0.06535	0.01225	0.01621	0.37929	0.01076	0.03384	0.01361	0.01398	0.00834	0.00971	0.00716	0.00536	0.00465	0.00136	0.02293	0.00339	0.00266	0.00687
121	0.00794	0.00532	0.00607	0.00619	0.00622	0.00529	0.00351	0.00802	0.00828	0.01104	0.01862	0.10446	0.02160	0.73514	0.02631	0.00509	0.00518	0.00874	0.00351	0.00346
122	0.00674	0.00485	0.00639	0.00763	0.00801	0.00451	0.00510	0.00772	0.01068	0.01417	0.03152	0.77259	0.06514	0.01722	0.00705	0.00223	0.00320	0.01559	0.00514	0.00451
123	0.01420	0.01148	0.01341	0.05521	0.01593	0.01110	0.02070	0.16564	0.17173	0.04218	0.01354	0.01421	0.01037	0.00549	0.00487	0.00131	0.00485	0.00446	0.00427	0.41503
124	0.01118	0.04425	0.76171	0.01566	0.02378	0.01304	0.02024	0.01752	0.01168	0.01745	0.00989	0.01164	0.00702	0.00525	0.00523	0.00174	0.00814	0.00407	0.00234	0.00816
125	0.01204	0.22556	0.58793	0.01419	0.02151	0.01515	0.01769	0.01730	0.01158	0.01640	0.00937	0.01098	0.00704	0.00513	0.00483	0.00161	0.00761	0.00381	0.00235	0.00791
126	0.01222	0.01397	0.12903	0.08371	0.47956	0.01184	0.01580	0.01587	0.01256	0.01779	0.05605	0.02051	0.01349	0.00655	0.00576	0.00178	0.00648	0.08605	0.00312	0.00788
127	0.00675	0.00482	0.00643	0.00771	0.00803	0.00450	0.00514	0.00771	0.01060	0.01414	0.03053	0.80175	0.03663	0.01735	0.00707	0.00225	0.00321	0.01574	0.00514	0.00450
128	0.00698	0.00502	0.00665	0.00772	0.00824	0.00469	0.00534	0.00822	0.01132	0.01517	0.11100	0.66114	0.05450	0.01651	0.00703	0.00220	0.00324	0.05516	0.00524	0.00461
129	0.01247	0.06355	0.23392	0.06532	0.18466	0.01365	0.29184	0.01702	0.01232	0.01720	0.01086	0.03194	0.00863	0.00524	0.00575	0.00176	0.00798	0.00544	0.00267	0.00778
130	0.02485	0.00943	0.01285	0.00985	0.01414	0.00814	0.00814	0.02699	0.01585	0.77465	0.02185	0.01885	0.01371	0.00685	0.00557	0.00171	0.00471	0.00557	0.00685	0.00943
131	0.00781	0.00568	0.00737	0.00699	0.00832	0.00523	0.00528	0.01037	0.01547	0.02175	0.71775	0.04244	0.08263	0.01154	0.00656	0.00177	0.00269	0.02912	0.00603	0.00520
132	0.01234	0.02426	0.56744	0.03240	0.09450	0.01273	0.09797	0.01799	0.01216	0.06117	0.01080	0.01270	0.00772	0.00526	0.00544	0.00176	0.00794	0.00454	0.00269	0.00820
133	0.00946	0.00679	0.00818	0.00755	0.00939	0.00657	0.00575	0.01380	0.12629	0.06268	0.50364	0.03892	0.15759	0.01093	0.00635	0.00178	0.00302	0.00947	0.00592	0.00590
134	0.84448	0.01071	0.00814	0.00728	0.01071	0.01242	0.00600	0.01628	0.00943	0.02485	0.00771	0.00900	0.00600	0.00514	0.00343	0.00171	0.00428	0.00300	0.00343	0.00600
135	0.01295	0.01459	0.03074	0.02226	0.02717	0.01437	0.65970	0.01720	0.01251	0.01720	0.01072	0.01459	0.00826	0.00529	0.00797	0.00194	0.10616	0.00633	0.00275	0.00730
136	0.05270	0.38013	0.08819	0.07966	0.01642	0.05999	0.01016	0.01721	0.01261	0.10852	0.11207	0.01532	0.01395	0.00607	0.00461	0.00147	0.00582	0.00454	0.00350	0.00706
137	0.02485	0.00943	0.01285	0.00985	0.01414	0.00814	0.00814	0.02699	0.01585	0.77465	0.02185	0.01885	0.01371	0.00685	0.00557	0.00171	0.00471	0.00557	0.00685	0.00943
138	0.00756	0.00565	0.00702	0.00668	0.00811	0.00511	0.00501	0.00992	0.01503	0.02067	0.61680	0.04390	0.20431	0.01190	0.00653	0.00177	0.00265	0.01037	0.00589	0.00511
139	0.01183	0.01124	0.01929	0.54910	0.11355	0.01293	0.11265	0.05776	0.02688	0.01642	0.01053	0.01471	0.00797	0.00546	0.00567	0.00182	0.00742	0.00517	0.00277	0.00685
140	0.09747	0.01352	0.16763	0.01207	0.04933	0.00990	0.04290	0.02103	0.05675	0.34335	0.04747	0.02004	0.08002	0.00703	0.00546	0.00175	0.00539	0.00578	0.00500	0.00811
141	0.00729	0.00621	0.00635	0.00628	0.00824	0.00556	0.00478	0.01003	0.08126	0.01577	0.05216	0.05060	0.67589	0.01347	0.00650	0.00189	0.00302	0.03443	0.00519	0.00506
142	0.01049	0.00540	0.00543	0.00534	0.00671	0.00542	0.00403	0.02941	0.01196	0.02085	0.01875	0.02116	0.02980	0.00661	0.00396	0.00131	0.00266	0.00529	0.80014	0.00525
143	0.01527	0.01542	0.03298	0.04121	0.31287	0.19021	0.01269	0.03825	0.08755	0.05957	0.01512	0.01676	0.06446	0.00726	0.02335	0.00185	0.04874	0.00528	0.00350	0.00768
144	0.06153	0.02207	0.50810	0.01382	0.02061	0.01156	0.03079	0.02008	0.01274	0.22690	0.01313	0.01358	0.00883	0.00568	0.00527	0.00174	0.00703	0.00449	0.00366	0.00839
145	0.00734	0.00553	0.00679	0.00672	0.00803	0.00497	0.00494	0.00939	0.01413	0.01912	0.47275	0.15479	0.23940	0.01291	0.00661	0.00185	0.00275	0.01129	0.00571	0.00497
146	0.01249	0.22199	0.43645	0.01669	0.08905	0.01530	0.10028	0.01727	0.01182	0.01648	0.00956	0.01154	0.00735	0.00503	0.00500	0.00161	0.00760	0.00416	0.00243	0.00789
147	0.06686	0.01199	0.08107	0.01288	0.09999	0.02796	0.00988	0.06686	0.08036	0.31909	0.14505	0.02049	0.01852	0.00717	0.00556	0.00172	0.00503	0.00595	0.00537	0.00819
148	0.00694	0.00490	0.00637	0.00747	0.00774	0.00463	0.00488	0.00776	0.01023	0.01364	0.02861	0.68943	0.03421	0.13297	0.01017	0.00271	0.00353	0.01462	0.00488	0.00433
149	0.08621	0.00696	0.00869	0.00764	0.00981	0.00652	0.00595	0.01468	0.01516	0.19129	0.53274	0.03343	0.03948	0.00977	0.00604	0.00173	0.00323	0.00839	0.00603	0.00624
150	0.01388	0.05975	0.12574	0.04084	0.41002	0.01348	0.15466	0.01804	0.03234	0.06131	0.01132	0.01390	0.00884	0.00511	0.00555	0.00169	0.00713	0.00508	0.00299	0.00834
151	0.01360	0.01365	0.05898	0.02782	0.55705	0.02830	0.01538	0.04365	0.08652	0.01894	0.01313	0.01802	0.01128	0.00609	0.00565	0.00174	0.00638	0.06209	0.00329	0.00843
152	0.00953	0.00551	0.00640	0.03489	0.00823	0.00568	0.00480	0.01185	0.01139	0.01870	0.10241	0.02432	0.01875	0.08268	0.10666	0.00270	0.00459	0.00606	0.52985	0.00502
153	0.84448	0.01071	0.00814	0.00728	0.01071	0.01242	0.00600	0.01628	0.00943	0.02485	0.00771	0.00900	0.00600	0.00514	0.00343	0.00171	0.00428	0.00300	0.00343	0.00600
154	0.01364	0.01329	0.02174	0.10091	0.68126	0.03787	0.01665	0.01691	0.01257	0.01760	0.01031	0.01368	0.00860	0.00501	0.00547	0.00166	0.00676	0.00489	0.00272	0.00846
155	0.01229	0.01153	0.05698	0.03160	0.16923	0.00907	0.02529	0.01516	0.01189	0.04524	0.01097	0.03315	0.00919	0.00483	0.00466	0.00116	0.00502	0.00418	0.00327	0.53530
156	0.01435	0.01294	0.02193	0.03260	0.72722	0.01287	0.01649	0.01757	0.01280	0.06168	0.01108	0.01400	0.00906	0.00505	0.00549	0.00165	0.00647	0.00497	0.00298	0.00881
157	0.00990	0.00813	0.01066	0.08136	0.05777	0.05063	0.00990	0.01246	0.01266	0.01617	0.02539	0.08434	0.02718	0.01338	0.00716	0.00236	0.00558	0.55489	0.00460	0.00545
158	0.00749	0.00553	0.00692	0.00725	0.00802	0.00537	0.00503	0.00905	0.02563	0.01554	0.19483	0.33295	0.12518	0.15329	0.05545	0.00301	0.01827	0.01169	0.00488	0.00462
159	0.01333	0.57682	0.18059	0.01062	0.01567	0.01850	0.01135	0.01599	0.01129	0.01406	0.01019	0.08011	0.00972	0.00597	0.00422	0.00140	0.00615	0.00433	0.00261	0.00710
160	0.02286	0.05613	0.01480	0.01214	0.08171	0.00991	0.00913	0.05763	0.03248	0.61377	0.01965	0.01761	0.01277	0.00657	0.00545	0.00168	0.00500	0.00535	0.00614	0.00922
161	0.00818	0.00595	0.00626	0.00599	0.00807	0.00498	0.00456	0.00965	0.01291	0.08266	0.05305	0.05023	0.70130	0.01339	0.00646	0.00186	0.00298	0.01114	0.00530	0.00510
162	0.01353	0.02847	0.02005	0.17498	0.38886	0.05757	0.05568	0.02934	0.01245	0.03218	0.01024	0.01348	0.00833	0.00535	0.00610	0.00165	0.05224	0.00477	0.00285	0.08189
163	0.00685	0.00491	0.00634	0.00744	0.00782	0.00459	0.00493	0.00776	0.01049	0.01388	0.03083	0.69041	0.07733	0.08738	0.00892	0.00251	0.00338	0.01483	0.00498	0.00441
164	0.01234	0.01035	0.01194	0.00861	0.01349	0.00826	0.00692	0.07975	0.01278	0.01955	0.01015	0.01165	0.00831	0.00433	0.00423	0.00090	0.00428	0.00343	0.00348	0.76527
