[name]
unknown

[dist]
# distance from previous block
# <min> <max>
7	65

[block]
# block no. 0 follows, 43 sequences, length 27
# corresponding to MSA columns:
# 96-122
name=unknown_A
#
# <colnr> <probs for GDERKNQSTAVLIFYWHMCP>
#	G	D	E	R	K	N	Q	S	T	A	V	L	I	F	Y	W	H	M	C	P
0	0.33707	0.05285	0.03725	0.03961	0.03231	0.04848	0.00850	0.08102	0.01359	0.25451	0.03664	0.01386	0.01037	0.00601	0.00463	0.00167	0.00517	0.00436	0.00457	0.00753
1	0.04593	0.71282	0.09114	0.00992	0.01490	0.02079	0.01027	0.01665	0.01122	0.01386	0.00789	0.00912	0.00706	0.00480	0.00369	0.00125	0.00605	0.00306	0.00241	0.00716
2	0.01369	0.45646	0.32885	0.01216	0.01822	0.04025	0.01390	0.01734	0.01165	0.02992	0.00890	0.01024	0.00720	0.00502	0.00432	0.00143	0.00693	0.00349	0.00246	0.00757
3	0.01968	0.01445	0.01557	0.01229	0.01644	0.01602	0.01004	0.56361	0.18229	0.06762	0.01568	0.01513	0.01122	0.00684	0.00556	0.00171	0.00566	0.00529	0.00562	0.00928
4	0.00784	0.00566	0.00740	0.00697	0.00827	0.00523	0.00523	0.01045	0.01568	0.02221	0.76789	0.04137	0.05226	0.01132	0.00653	0.00174	0.00261	0.01002	0.00610	0.00523
5	0.00868	0.03051	0.00856	0.00829	0.00923	0.02108	0.00602	0.03375	0.01242	0.03410	0.20096	0.49788	0.03587	0.01433	0.00731	0.00206	0.04605	0.01261	0.00515	0.00514
6	0.00690	0.00488	0.00645	0.00760	0.00801	0.00456	0.00511	0.00801	0.01093	0.01478	0.07338	0.73706	0.03697	0.01672	0.00695	0.00219	0.00316	0.01514	0.02664	0.00456
7	0.01029	0.00965	0.01542	0.43526	0.02667	0.01200	0.04080	0.01301	0.01070	0.01447	0.04729	0.12803	0.01366	0.00842	0.00875	0.00203	0.18791	0.00675	0.00302	0.00590
8	0.00757	0.00557	0.00708	0.00686	0.00815	0.00508	0.00508	0.00986	0.01480	0.02050	0.60484	0.11492	0.14461	0.01225	0.00658	0.00181	0.00269	0.01078	0.00588	0.00508
9	0.01474	0.01237	0.01306	0.01147	0.01477	0.01422	0.00900	0.12495	0.66373	0.02472	0.02132	0.01969	0.01592	0.00740	0.00562	0.00185	0.00461	0.00609	0.00562	0.00885
10	0.01212	0.01212	0.01696	0.01454	0.01454	0.01696	0.01212	0.01333	0.00848	0.01333	0.00727	0.01212	0.00727	0.00969	0.01818	0.00242	0.79523	0.00485	0.00242	0.00606
11	0.04805	0.01481	0.01601	0.01231	0.01669	0.01621	0.01017	0.66321	0.02458	0.10119	0.01389	0.01366	0.00969	0.00662	0.00547	0.00167	0.00591	0.00497	0.00559	0.00931
12	0.02069	0.02640	0.01569	0.01427	0.01712	0.78313	0.01070	0.02212	0.01569	0.01355	0.00856	0.00999	0.00713	0.00571	0.00499	0.00143	0.00999	0.00357	0.00285	0.00642
13	0.00688	0.00511	0.00645	0.00742	0.00815	0.00468	0.00520	0.00808	0.01129	0.01468	0.05535	0.57959	0.18708	0.01637	0.00698	0.00218	0.00324	0.06152	0.00516	0.00459
14	0.01458	0.01292	0.02100	0.07800	0.61650	0.01318	0.01581	0.07184	0.03062	0.05509	0.01141	0.01414	0.00915	0.00525	0.00550	0.00167	0.00646	0.00500	0.00319	0.00869
15	0.01831	0.01462	0.01619	0.01290	0.01695	0.03575	0.05063	0.46545	0.25645	0.02971	0.01597	0.01562	0.01166	0.00679	0.00561	0.00174	0.00583	0.00544	0.00535	0.00903
16	0.00854	0.00610	0.00765	0.05095	0.05546	0.00624	0.00487	0.00895	0.00850	0.01138	0.01659	0.03366	0.01873	0.71155	0.02553	0.00494	0.00556	0.00769	0.00327	0.00385
17	0.01968	0.01387	0.01427	0.01137	0.01500	0.07938	0.00908	0.44401	0.03847	0.15369	0.01516	0.01701	0.01151	0.10026	0.00811	0.00208	0.00598	0.00536	0.02740	0.00832
18	0.02008	0.01092	0.01311	0.01020	0.01436	0.01048	0.00832	0.19241	0.08939	0.38656	0.02019	0.01863	0.05374	0.00689	0.00542	0.00161	0.00481	0.00553	0.00585	0.12147
19	0.01377	0.52558	0.25850	0.01191	0.01773	0.01878	0.03522	0.03506	0.01181	0.01510	0.00863	0.01004	0.00718	0.00494	0.00422	0.00139	0.00672	0.00347	0.00245	0.00751
20	0.00787	0.00571	0.00676	0.00668	0.00823	0.00505	0.00500	0.00973	0.01362	0.04919	0.31072	0.14147	0.36273	0.01319	0.00660	0.00188	0.00293	0.03200	0.00556	0.00506
21	0.01046	0.00984	0.01661	0.79205	0.03814	0.01230	0.01538	0.01415	0.01107	0.01415	0.00984	0.01477	0.00738	0.00554	0.00554	0.00185	0.00738	0.00492	0.00246	0.00615
22	0.00791	0.00539	0.00634	0.00635	0.00663	0.00528	0.00386	0.00851	0.00976	0.01327	0.16762	0.09409	0.02775	0.58899	0.02232	0.00442	0.00466	0.00901	0.00403	0.00381
23	0.01971	0.13143	0.01821	0.01206	0.01656	0.01743	0.01019	0.61128	0.02322	0.03094	0.01232	0.01257	0.00903	0.00625	0.00518	0.00155	0.00598	0.00461	0.00497	0.04651
24	0.00813	0.00666	0.01024	0.01055	0.04646	0.00616	0.07808	0.00973	0.01095	0.01495	0.02537	0.59237	0.02933	0.01534	0.03611	0.00232	0.00448	0.01292	0.00456	0.07529
25	0.01308	0.01589	0.09860	0.02121	0.02635	0.01437	0.56871	0.04528	0.01290	0.01786	0.01071	0.01425	0.00818	0.00539	0.00775	0.00191	0.10124	0.00605	0.00282	0.00744
26	0.01158	0.00926	0.03954	0.01032	0.01265	0.00912	0.00873	0.07033	0.20652	0.05583	0.07214	0.10579	0.04531	0.01178	0.00664	0.00215	0.00471	0.30566	0.00531	0.00663

[dist]
# distance from previous block
# <min> <max>
0	21

[block]
# block no. 1 follows, 43 sequences, length 29
# corresponding to MSA columns:
# 144-172
name=unknown_B
#
# <colnr> <probs for GDERKNQSTAVLIFYWHMCP>
#	G	D	E	R	K	N	Q	S	T	A	V	L	I	F	Y	W	H	M	C	P
0	0.01606	0.01351	0.01397	0.03675	0.01607	0.04878	0.00957	0.23558	0.49353	0.02581	0.01887	0.01789	0.01403	0.00712	0.00558	0.00180	0.00522	0.00573	0.00538	0.00877
1	0.00761	0.00568	0.00709	0.00681	0.00824	0.00516	0.00516	0.00998	0.01493	0.02049	0.59216	0.04466	0.19909	0.01204	0.00658	0.00180	0.00275	0.03880	0.00586	0.00511
2	0.08374	0.02708	0.70969	0.01504	0.02281	0.01282	0.01920	0.01743	0.01150	0.01818	0.00974	0.01146	0.00693	0.00525	0.00510	0.00175	0.00785	0.00400	0.00243	0.00799
3	0.05747	0.03411	0.01429	0.06150	0.01634	0.07855	0.00928	0.19151	0.01720	0.40494	0.01666	0.01595	0.01123	0.00785	0.03599	0.00195	0.00608	0.00505	0.00549	0.00856
4	0.00892	0.00578	0.00764	0.00743	0.00875	0.00532	0.00552	0.01113	0.01450	0.07734	0.53016	0.20735	0.04537	0.01241	0.00661	0.00187	0.00297	0.02964	0.00592	0.00538
5	0.01371	0.01316	0.02248	0.03399	0.77081	0.01316	0.01700	0.01700	0.01261	0.01809	0.01042	0.01371	0.00877	0.00493	0.00548	0.00164	0.00658	0.00493	0.00274	0.00877
6	0.01235	0.28952	0.52663	0.01368	0.02071	0.01589	0.01679	0.01722	0.01155	0.01603	0.00919	0.01075	0.00705	0.00509	0.00469	0.00156	0.00743	0.00371	0.00235	0.00782
7	0.01338	0.01283	0.02190	0.10923	0.69810	0.01307	0.01684	0.01671	0.01246	0.01770	0.01036	0.01381	0.00863	0.00499	0.00549	0.00166	0.00666	0.00493	0.00271	0.00851
8	0.00679	0.00487	0.00645	0.00763	0.00803	0.00453	0.00512	0.00782	0.01085	0.01447	0.06012	0.75410	0.05461	0.01704	0.00704	0.00222	0.00318	0.01542	0.00518	0.00453
9	0.00975	0.00558	0.00864	0.12654	0.01192	0.00595	0.00642	0.00827	0.00780	0.01031	0.00965	0.01652	0.00928	0.01716	0.01920	0.71161	0.00520	0.00483	0.00241	0.00297
10	0.01310	0.06359	0.01969	0.33851	0.33355	0.01375	0.01502	0.08029	0.03695	0.01779	0.01065	0.01401	0.00841	0.00540	0.00539	0.00171	0.00675	0.00485	0.00294	0.00765
11	0.01327	0.01277	0.02147	0.10108	0.63843	0.01341	0.01643	0.01642	0.01211	0.01732	0.01009	0.01366	0.00852	0.00540	0.00659	0.00173	0.07538	0.00493	0.00269	0.00830
12	0.01176	0.00728	0.00749	0.00697	0.00886	0.00779	0.00535	0.06443	0.17343	0.02211	0.01872	0.02017	0.01447	0.00669	0.00436	0.00144	0.00320	0.00539	0.60389	0.00621
13	0.84448	0.01071	0.00814	0.00728	0.01071	0.01242	0.00600	0.01628	0.00943	0.02485	0.00771	0.00900	0.00600	0.00514	0.00343	0.00171	0.00428	0.00300	0.00343	0.00600
14	0.01441	0.01221	0.01288	0.01140	0.01464	0.01407	0.00892	0.09243	0.69678	0.02419	0.02174	0.02002	0.01625	0.00744	0.00563	0.00186	0.00453	0.00615	0.00563	0.00882
15	0.02232	0.01347	0.01536	0.01177	0.01616	0.01415	0.00973	0.50931	0.02263	0.28276	0.01616	0.01516	0.01086	0.00672	0.00555	0.00168	0.00563	0.00518	0.00598	0.00942
16	0.00784	0.00566	0.00740	0.00697	0.00827	0.00523	0.00523	0.01045	0.01568	0.02221	0.76789	0.04137	0.05226	0.01132	0.00653	0.00174	0.00261	0.01002	0.00610	0.00523
17	0.03429	0.26721	0.16172	0.01223	0.01691	0.24842	0.01166	0.03701	0.03187	0.11469	0.01072	0.01144	0.00823	0.00553	0.00467	0.00147	0.00735	0.00383	0.00327	0.00748
18	0.02037	0.01446	0.01572	0.01220	0.01635	0.01583	0.00999	0.66042	0.02436	0.07726	0.01462	0.04687	0.01106	0.02653	0.00616	0.00178	0.00588	0.00554	0.00555	0.00907
19	0.00892	0.00637	0.00892	0.01020	0.01147	0.00637	0.00892	0.01147	0.01275	0.01657	0.02932	0.06247	0.03187	0.01530	0.00765	0.00255	0.00510	0.73354	0.00510	0.00510
20	0.02679	0.00985	0.01345	0.28551	0.02132	0.01150	0.01061	0.11988	0.03508	0.08318	0.02726	0.05339	0.04131	0.00778	0.00743	0.01990	0.10876	0.00585	0.10456	0.00661
21	0.00674	0.00485	0.00639	0.00763	0.00801	0.00451	0.00510	0.00772	0.01068	0.01417	0.03153	0.77227	0.06545	0.01722	0.00705	0.00223	0.00320	0.01558	0.00514	0.00451
22	0.01163	0.02308	0.49761	0.01753	0.02423	0.01326	0.21954	0.01710	0.01195	0.01742	0.03082	0.01342	0.00865	0.00558	0.00657	0.00183	0.06447	0.00498	0.00257	0.00776
23	0.00679	0.00485	0.00647	0.00768	0.00804	0.00453	0.00514	0.00783	0.01081	0.01447	0.06109	0.77023	0.03728	0.01710	0.00705	0.00223	0.00319	0.01551	0.00518	0.00453
24	0.00882	0.00732	0.01037	0.10916	0.01383	0.03266	0.00826	0.01092	0.00936	0.01302	0.01375	0.02041	0.01268	0.05100	0.61193	0.00742	0.04534	0.00573	0.00288	0.00516
25	0.01465	0.77469	0.06162	0.00975	0.01464	0.02152	0.00996	0.01663	0.01127	0.01323	0.00780	0.00901	0.00710	0.00476	0.00363	0.00121	0.00602	0.00301	0.00237	0.00715
26	0.01359	0.56762	0.20824	0.01107	0.01637	0.01900	0.01206	0.01650	0.01142	0.01444	0.03435	0.01078	0.00864	0.00525	0.00453	0.00138	0.03144	0.00354	0.00249	0.00727
27	0.08947	0.09469	0.01372	0.01012	0.01361	0.06332	0.00824	0.06674	0.25958	0.21051	0.01816	0.01739	0.02535	0.00748	0.02240	0.00183	0.00518	0.00522	0.05899	0.00801
28	0.61371	0.01383	0.01056	0.04394	0.04389	0.16291	0.00777	0.01736	0.01085	0.02190	0.00808	0.00963	0.00639	0.00526	0.00391	0.00166	0.00563	0.00327	0.00325	0.00620

[dist]
# distance from previous block
# <min> <max>
0	1

[block]
# block no. 2 follows, 43 sequences, length 52
# corresponding to MSA columns:
# 174-194,303-307,317-342
name=unknown_C
#
# <colnr> <probs for GDERKNQSTAVLIFYWHMCP>
#	G	D	E	R	K	N	Q	S	T	A	V	L	I	F	Y	W	H	M	C	P
0	0.02013	0.03274	0.03885	0.01134	0.01538	0.08058	0.00945	0.24871	0.12798	0.28944	0.03292	0.01762	0.03526	0.00699	0.00551	0.00169	0.00560	0.00547	0.00560	0.00874
1	0.01329	0.01269	0.02172	0.06625	0.68161	0.01278	0.03236	0.01659	0.01256	0.01783	0.01142	0.01638	0.00994	0.00551	0.00562	0.00171	0.00660	0.04387	0.00286	0.00843
2	0.00711	0.00555	0.00645	0.00640	0.00787	0.00489	0.00473	0.00897	0.01369	0.01792	0.35246	0.12721	0.39043	0.01324	0.00660	0.00186	0.00277	0.01141	0.00554	0.00489
3	0.01960	0.00993	0.01171	0.00933	0.01279	0.00985	0.00759	0.22919	0.01753	0.34762	0.01833	0.01779	0.01263	0.00668	0.00507	0.00158	0.00449	0.00529	0.24479	0.00820
4	0.01419	0.54273	0.04071	0.00958	0.01358	0.07605	0.00900	0.03096	0.01285	0.03268	0.15402	0.01558	0.01596	0.00617	0.00436	0.00134	0.00563	0.00449	0.00329	0.00682
5	0.00688	0.00501	0.00650	0.00757	0.00809	0.00460	0.00509	0.00789	0.01069	0.01422	0.03122	0.72233	0.07816	0.03300	0.00740	0.00225	0.00326	0.01503	0.00506	0.02576
6	0.01717	0.17144	0.01707	0.01132	0.01503	0.09616	0.00937	0.28830	0.16138	0.05465	0.05030	0.05600	0.01377	0.00712	0.00524	0.00162	0.00577	0.00550	0.00471	0.00807
7	0.01407	0.64055	0.11461	0.04556	0.01681	0.02010	0.03075	0.01653	0.01127	0.01373	0.00814	0.00972	0.00715	0.00497	0.00431	0.00133	0.02753	0.00332	0.00238	0.00717
8	0.03483	0.37247	0.02144	0.01186	0.01565	0.38504	0.01001	0.04797	0.01400	0.02911	0.00860	0.00978	0.00732	0.00532	0.00436	0.00134	0.00782	0.00338	0.00283	0.00689
9	0.01703	0.07518	0.01413	0.01066	0.01391	0.01248	0.00871	0.24839	0.12007	0.18179	0.01851	0.08386	0.01553	0.05081	0.03219	0.00222	0.02620	0.05521	0.00523	0.00791
10	0.01329	0.00986	0.01569	0.55661	0.06515	0.01137	0.01350	0.03836	0.01247	0.14988	0.01374	0.03638	0.02757	0.00628	0.00560	0.00182	0.00662	0.00548	0.00348	0.00687
11	0.01197	0.01032	0.01248	0.00907	0.01390	0.00828	0.03401	0.03866	0.05201	0.01885	0.01068	0.01216	0.00871	0.00439	0.00432	0.00094	0.00437	0.00361	0.00346	0.73779
12	0.00692	0.00489	0.00638	0.00750	0.00778	0.00461	0.00491	0.00776	0.01027	0.01370	0.02884	0.70308	0.03450	0.11892	0.00979	0.00265	0.00349	0.01475	0.00491	0.00435
13	0.69908	0.01048	0.00898	0.00774	0.01132	0.01166	0.00638	0.01818	0.01057	0.15786	0.01022	0.01074	0.00737	0.00545	0.00381	0.00171	0.00436	0.00345	0.00404	0.00661
14	0.01072	0.00660	0.00773	0.00712	0.00798	0.00664	0.00463	0.06820	0.01050	0.08897	0.03991	0.03213	0.01930	0.60023	0.06276	0.00479	0.00577	0.00752	0.00394	0.00457
15	0.00793	0.00585	0.00846	0.00846	0.00930	0.00668	0.00638	0.00961	0.00877	0.01253	0.01524	0.02398	0.01481	0.15863	0.66764	0.00836	0.01338	0.00626	0.00303	0.00470
16	0.06415	0.01450	0.01553	0.01207	0.01621	0.01602	0.00991	0.64863	0.02382	0.05241	0.01338	0.01409	0.00978	0.02755	0.03442	0.00202	0.00626	0.00501	0.00531	0.00892
17	0.01123	0.00957	0.01121	0.00818	0.01285	0.00723	0.00649	0.01361	0.01144	0.01783	0.01097	0.05441	0.00975	0.00482	0.00426	0.00090	0.00405	0.00396	0.00338	0.79388
18	0.00865	0.00739	0.01227	0.01102	0.01240	0.00752	0.14203	0.01042	0.01038	0.01416	0.02117	0.34809	0.02348	0.12380	0.14813	0.00380	0.04935	0.03695	0.00394	0.00507
19	0.01592	0.63712	0.02649	0.01073	0.01512	0.17114	0.02656	0.01770	0.01217	0.01324	0.00795	0.00924	0.00714	0.00493	0.00390	0.00125	0.00680	0.00316	0.00247	0.00698
20	0.82538	0.01069	0.00833	0.02526	0.01134	0.01242	0.00621	0.01623	0.00946	0.02460	0.00776	0.00913	0.00603	0.00515	0.00348	0.00172	0.00436	0.00304	0.00341	0.00600
21	0.00810	0.00604	0.00856	0.00847	0.00921	0.00695	0.00632	0.00961	0.00870	0.01240	0.01514	0.02463	0.01500	0.21058	0.58653	0.00787	0.04187	0.00637	0.00303	0.00463
22	0.01052	0.00993	0.01662	0.76189	0.03723	0.01249	0.01525	0.01412	0.01097	0.01412	0.00974	0.01466	0.00738	0.00570	0.00603	0.00187	0.03795	0.00492	0.00246	0.00615
23	0.00681	0.00510	0.00636	0.00732	0.00808	0.00464	0.00511	0.00797	0.01122	0.01447	0.03685	0.57580	0.21905	0.01641	0.00697	0.00217	0.00321	0.05275	0.00514	0.00457
24	0.01277	0.01314	0.01709	0.01528	0.04406	0.06946	0.01221	0.01407	0.00914	0.01353	0.00748	0.01203	0.00732	0.00923	0.01678	0.00232	0.71067	0.00476	0.00247	0.00619
25	0.00723	0.00564	0.00655	0.00633	0.00790	0.00497	0.00474	0.00927	0.01423	0.01878	0.43098	0.04702	0.39131	0.01260	0.00654	0.00180	0.00270	0.01081	0.00565	0.00497
26	0.00717	0.00590	0.00634	0.00627	0.00802	0.00524	0.00468	0.00951	0.05195	0.01668	0.18404	0.08922	0.55871	0.01337	0.00652	0.00187	0.00287	0.01131	0.00534	0.00498
27	0.01481	0.80869	0.02902	0.00948	0.01421	0.02191	0.00948	0.01658	0.01125	0.01303	0.00770	0.00888	0.00711	0.00474	0.00355	0.00118	0.00592	0.00296	0.00237	0.00711
28	0.00678	0.00489	0.00642	0.00757	0.00801	0.00454	0.00510	0.00783	0.01091	0.01450	0.06137	0.73243	0.07528	0.01694	0.00702	0.00221	0.00317	0.01530	0.00518	0.00454
29	0.01511	0.76805	0.02833	0.00973	0.01437	0.06146	0.00954	0.01687	0.01148	0.01306	0.00774	0.00894	0.00711	0.00479	0.00363	0.00120	0.00613	0.00299	0.00239	0.00707
30	0.01148	0.00984	0.01148	0.00820	0.01312	0.00738	0.00656	0.01395	0.01148	0.01805	0.00984	0.01148	0.00820	0.00410	0.00410	0.00082	0.00410	0.00328	0.00328	0.83922
31	0.02052	0.01480	0.01599	0.01243	0.01672	0.01632	0.01021	0.63779	0.10052	0.07523	0.01472	0.01436	0.01042	0.00675	0.00555	0.00169	0.00584	0.00515	0.00562	0.00935
32	0.02105	0.01551	0.01662	0.01274	0.01717	0.01717	0.01053	0.75235	0.02604	0.03490	0.01330	0.01330	0.00942	0.00665	0.00554	0.00166	0.00609	0.00499	0.00554	0.00942
33	0.00760	0.00555	0.00714	0.00696	0.00818	0.00509	0.00514	0.00990	0.01478	0.02059	0.61617	0.14157	0.10603	0.01232	0.00660	0.00182	0.00271	0.01089	0.00590	0.00509
34	0.01519	0.01260	0.01332	0.01156	0.01494	0.01444	0.00911	0.16987	0.61807	0.02545	0.02075	0.01923	0.01545	0.00735	0.00562	0.00184	0.00472	0.00601	0.00562	0.00889
35	0.02087	0.01456	0.01588	0.01231	0.01662	0.01592	0.01013	0.61517	0.08464	0.11395	0.01497	0.01450	0.01049	0.00674	0.00555	0.00169	0.00581	0.00515	0.00569	0.00937
36	0.84448	0.01071	0.00814	0.00728	0.01071	0.01242	0.00600	0.01628	0.00943	0.02485	0.00771	0.00900	0.00600	0.00514	0.00343	0.00171	0.00428	0.00300	0.00343	0.00600
37	0.84448	0.01071	0.00814	0.00728	0.01071	0.01242	0.00600	0.01628	0.00943	0.02485	0.00771	0.00900	0.00600	0.00514	0.00343	0.00171	0.00428	0.00300	0.00343	0.00600
38	0.00962	0.00481	0.00722	0.00722	0.00722	0.00481	0.00481	0.00722	0.00722	0.00962	0.00962	0.01684	0.00962	0.01924	0.02165	0.83886	0.00481	0.00481	0.00241	0.00241
39	0.00675	0.00482	0.00643	0.00771	0.00803	0.00450	0.00514	0.00771	0.01060	0.01414	0.03053	0.80175	0.03663	0.01735	0.00707	0.00225	0.00321	0.01574	0.00514	0.00450
40	0.01132	0.07429	0.73292	0.01542	0.02340	0.01339	0.01982	0.01748	0.01167	0.01728	0.00981	0.01153	0.00702	0.00523	0.00516	0.00172	0.00805	0.00403	0.00234	0.00812
41	0.01481	0.80869	0.02902	0.00948	0.01421	0.02191	0.00948	0.01658	0.01125	0.01303	0.00770	0.00888	0.00711	0.00474	0.00355	0.00118	0.00592	0.00296	0.00237	0.00711
42	0.01378	0.01190	0.01252	0.01127	0.01440	0.01378	0.00877	0.02943	0.76081	0.02317	0.02254	0.02066	0.01691	0.00751	0.00564	0.00188	0.00438	0.00626	0.00564	0.00877
43	0.02105	0.01551	0.01662	0.01274	0.01717	0.01717	0.01053	0.75235	0.02604	0.03490	0.01330	0.01330	0.00942	0.00665	0.00554	0.00166	0.00609	0.00499	0.00554	0.00942
44	0.00698	0.00520	0.00741	0.00830	0.00881	0.00485	0.03298	0.00809	0.01070	0.01427	0.02980	0.77237	0.03558	0.01688	0.00705	0.00223	0.00344	0.01540	0.00505	0.00461
45	0.00784	0.00566	0.00740	0.00697	0.00827	0.00523	0.00523	0.01045	0.01568	0.02221	0.76789	0.04137	0.05226	0.01132	0.00653	0.00174	0.00261	0.01002	0.00610	0.00523
46	0.01156	0.11099	0.68006	0.01554	0.04012	0.01383	0.01922	0.01743	0.01167	0.01707	0.00971	0.01144	0.00707	0.00520	0.00509	0.00169	0.00791	0.00399	0.00235	0.00808
47	0.01363	0.01311	0.02221	0.03303	0.73329	0.01335	0.01675	0.01682	0.01241	0.01786	0.01026	0.01363	0.00870	0.00517	0.00611	0.00168	0.04571	0.00493	0.00273	0.00864
48	0.00785	0.00590	0.00867	0.00867	0.00968	0.00677	0.00670	0.00975	0.00907	0.01291	0.01694	0.02367	0.05144	0.05843	0.72681	0.00847	0.01401	0.00627	0.00308	0.00489
49	0.01479	0.01473	0.06319	0.01644	0.15348	0.07935	0.04668	0.12250	0.34181	0.02200	0.01823	0.01827	0.04985	0.00682	0.00561	0.00176	0.00589	0.00576	0.00449	0.00835
50	0.00714	0.04552	0.00704	0.00617	0.00813	0.00567	0.00484	0.00866	0.01257	0.01499	0.05157	0.05183	0.67224	0.01367	0.00648	0.00189	0.00314	0.06863	0.00500	0.00483
51	0.02034	0.01498	0.01612	0.01249	0.01672	0.01655	0.01026	0.71540	0.02527	0.03387	0.01415	0.05242	0.01077	0.00718	0.00562	0.00169	0.00595	0.00552	0.00552	0.00917

[dist]
# distance from previous block
# <min> <max>
0	9

[block]
# block no. 3 follows, 43 sequences, length 8
# corresponding to MSA columns:
# 352-359
name=unknown_D
#
# <colnr> <probs for GDERKNQSTAVLIFYWHMCP>
#	G	D	E	R	K	N	Q	S	T	A	V	L	I	F	Y	W	H	M	C	P
0	0.01112	0.18607	0.39029	0.01250	0.01808	0.01284	0.04449	0.01552	0.01269	0.01780	0.20502	0.01889	0.01876	0.00669	0.00528	0.00164	0.00632	0.00548	0.00333	0.00717
1	0.01226	0.16054	0.45496	0.01664	0.02356	0.01473	0.20691	0.01743	0.01197	0.01681	0.00988	0.01204	0.00739	0.00502	0.00529	0.00168	0.00809	0.00453	0.00246	0.00781
2	0.01802	0.08336	0.06230	0.00999	0.01347	0.05159	0.00851	0.04471	0.01415	0.39347	0.02101	0.21874	0.01808	0.00920	0.00572	0.00179	0.00500	0.00773	0.00545	0.00770
3	0.00761	0.00565	0.00826	0.00859	0.00941	0.00630	0.00646	0.00933	0.00934	0.01319	0.01888	0.22295	0.01972	0.03530	0.58317	0.00719	0.01184	0.00846	0.00353	0.00483
4	0.05831	0.12876	0.08245	0.01226	0.04274	0.21096	0.03609	0.04400	0.01326	0.08495	0.01573	0.21540	0.01546	0.00858	0.00541	0.00171	0.00643	0.00703	0.00382	0.00666
5	0.01320	0.01178	0.01766	0.02554	0.53473	0.05086	0.01329	0.01621	0.01251	0.01852	0.01229	0.01531	0.01009	0.00537	0.00504	0.00154	0.00572	0.00492	0.21770	0.00772
6	0.00856	0.00712	0.01089	0.33208	0.02056	0.00792	0.00940	0.01108	0.01211	0.01622	0.21216	0.27997	0.02856	0.01091	0.00630	0.00195	0.00478	0.00979	0.00428	0.00537
7	0.13496	0.28004	0.04285	0.01118	0.01543	0.01755	0.02941	0.26523	0.08415	0.02327	0.01108	0.01183	0.00866	0.00589	0.00508	0.00157	0.03590	0.00415	0.00390	0.00788

[dist]
# distance from previous block
# <min> <max>
0	1

[block]
# block no. 4 follows, 43 sequences, length 19
# corresponding to MSA columns:
# 361-379
name=unknown_E
#
# <colnr> <probs for GDERKNQSTAVLIFYWHMCP>
#	G	D	E	R	K	N	Q	S	T	A	V	L	I	F	Y	W	H	M	C	P
0	0.38300	0.24053	0.01562	0.02815	0.01337	0.03598	0.00796	0.07251	0.10073	0.02133	0.01022	0.01113	0.00814	0.00548	0.00399	0.00156	0.00508	0.00364	0.02467	0.00689
1	0.01612	0.01581	0.01366	0.01214	0.01532	0.20536	0.00940	0.08968	0.51245	0.02179	0.01827	0.01738	0.01383	0.00699	0.00547	0.00175	0.00592	0.00548	0.00494	0.00824
2	0.00797	0.00550	0.00666	0.00666	0.00694	0.00569	0.00418	0.00846	0.00839	0.01134	0.01809	0.03356	0.04247	0.61016	0.19570	0.00604	0.00740	0.00770	0.00333	0.00375
3	0.01072	0.01011	0.01708	0.73177	0.09641	0.01237	0.01551	0.01438	0.01120	0.01446	0.00989	0.01468	0.00749	0.00549	0.00553	0.00183	0.00732	0.00492	0.00248	0.00636
4	0.01369	0.01322	0.02283	0.03362	0.74500	0.01319	0.04252	0.01702	0.01263	0.01808	0.01044	0.01375	0.00876	0.00493	0.00552	0.00165	0.00668	0.00499	0.00274	0.00873
5	0.00803	0.00547	0.00653	0.00653	0.00670	0.00563	0.00397	0.00837	0.00820	0.01110	0.01700	0.03377	0.01906	0.67486	0.15722	0.00597	0.00699	0.00769	0.00329	0.00363
6	0.01339	0.01284	0.02191	0.10709	0.70017	0.01308	0.01684	0.01672	0.01246	0.01771	0.01036	0.01381	0.00864	0.00499	0.00549	0.00166	0.00666	0.00493	0.00271	0.00852
7	0.04003	0.05986	0.71962	0.01523	0.02311	0.01322	0.01951	0.01746	0.01160	0.01761	0.00977	0.01149	0.00698	0.00524	0.00513	0.00173	0.00796	0.00401	0.00238	0.00807
8	0.01330	0.01274	0.02138	0.12116	0.58707	0.01315	0.04830	0.01776	0.07637	0.01805	0.01142	0.01448	0.00929	0.00521	0.00555	0.00170	0.00661	0.00512	0.00296	0.00841
9	0.00835	0.00654	0.00930	0.09969	0.06021	0.00660	0.00808	0.01032	0.01169	0.01528	0.04424	0.29491	0.11264	0.04730	0.00780	0.00234	0.00453	0.24042	0.00462	0.00513
10	0.09317	0.00822	0.00978	0.00850	0.01128	0.00786	0.00662	0.01785	0.10671	0.23430	0.18726	0.13604	0.06019	0.00936	0.00572	0.00175	0.00381	0.00794	0.00558	0.07805
11	0.01810	0.01256	0.01418	0.01124	0.01489	0.01334	0.00907	0.45644	0.02034	0.11350	0.01577	0.10300	0.01315	0.03743	0.00695	0.00182	0.03868	0.00620	0.00522	0.08813
12	0.01285	0.01583	0.11456	0.05502	0.18973	0.01372	0.45434	0.01727	0.01259	0.01751	0.01071	0.01420	0.00825	0.00499	0.00650	0.00182	0.03388	0.00579	0.00271	0.00774
13	0.01730	0.09270	0.01810	0.01513	0.06618	0.44079	0.07376	0.04852	0.03154	0.01581	0.06033	0.01396	0.02545	0.00631	0.00593	0.00156	0.05204	0.00463	0.00320	0.00677
14	0.01348	0.01077	0.01237	0.00900	0.01382	0.00902	0.00727	0.13629	0.01402	0.04411	0.01078	0.01201	0.00857	0.00461	0.00438	0.00099	0.00445	0.00363	0.00376	0.67665
15	0.01729	0.01343	0.03316	0.01129	0.01523	0.05562	0.00928	0.28443	0.19925	0.11343	0.05230	0.01793	0.01404	0.00693	0.00545	0.00163	0.00534	0.02467	0.00521	0.11409
16	0.09911	0.01048	0.03047	0.00984	0.01322	0.01030	0.00804	0.11155	0.14021	0.26497	0.04771	0.04301	0.03001	0.00843	0.00713	0.07820	0.02248	0.00574	0.00521	0.05389
17	0.03348	0.10490	0.10185	0.01257	0.03583	0.02938	0.13301	0.03351	0.08055	0.08793	0.05548	0.03638	0.01461	0.16428	0.00989	0.00238	0.00613	0.00602	0.00378	0.04804
18	0.04061	0.13498	0.42324	0.03263	0.04637	0.01323	0.01491	0.06649	0.01249	0.01789	0.04389	0.03790	0.02850	0.05619	0.00656	0.00191	0.00682	0.00501	0.00299	0.00740

[dist]
# distance from previous block
# <min> <max>
10	399

[block]
# block no. 5 follows, 43 sequences, length 71
# corresponding to MSA columns:
# 803-821,832-858,861-885
name=unknown_F
#
# <colnr> <probs for GDERKNQSTAVLIFYWHMCP>
#	G	D	E	R	K	N	Q	S	T	A	V	L	I	F	Y	W	H	M	C	P
0	0.02088	0.04196	0.03351	0.01237	0.06734	0.01051	0.03467	0.09505	0.07429	0.48107	0.05571	0.01851	0.01449	0.00678	0.00556	0.00170	0.00514	0.00564	0.00589	0.00893
1	0.05169	0.02402	0.01645	0.01580	0.07698	0.64845	0.03632	0.02150	0.03195	0.01471	0.00908	0.01065	0.00748	0.00563	0.00504	0.00148	0.00935	0.00382	0.00293	0.00668
2	0.03541	0.00580	0.00586	0.00586	0.00767	0.00503	0.00440	0.00840	0.01239	0.01534	0.06871	0.05104	0.67134	0.04776	0.00740	0.00203	0.00303	0.03282	0.00503	0.00469
3	0.01361	0.01314	0.02269	0.05218	0.72748	0.01317	0.04208	0.01695	0.01259	0.01798	0.01043	0.01378	0.00873	0.00494	0.00552	0.00166	0.00669	0.00499	0.00274	0.00866
4	0.00836	0.00579	0.00731	0.00691	0.00840	0.00524	0.00519	0.01067	0.01493	0.05575	0.57891	0.07882	0.16921	0.01185	0.00652	0.00179	0.00277	0.01036	0.00593	0.00530
5	0.84448	0.01071	0.00814	0.00728	0.01071	0.01242	0.00600	0.01628	0.00943	0.02485	0.00771	0.00900	0.00600	0.00514	0.00343	0.00171	0.00428	0.00300	0.00343	0.00600
6	0.01499	0.72813	0.06227	0.00995	0.01483	0.02123	0.01004	0.05850	0.01211	0.01448	0.00812	0.00926	0.00723	0.00487	0.00374	0.00124	0.00604	0.00313	0.00255	0.00729
7	0.01046	0.00984	0.01661	0.79205	0.03814	0.01230	0.01538	0.01415	0.01107	0.01415	0.00984	0.01477	0.00738	0.00554	0.00554	0.00185	0.00738	0.00492	0.00246	0.00615
8	0.01032	0.00516	0.00516	0.00516	0.00645	0.00516	0.00387	0.01290	0.01161	0.02065	0.01807	0.02065	0.01420	0.00645	0.00387	0.00129	0.00258	0.00516	0.83611	0.00516
9	0.01152	0.02578	0.62088	0.01737	0.02501	0.01310	0.17337	0.01758	0.01198	0.01758	0.01020	0.01237	0.00731	0.00514	0.00553	0.00178	0.00843	0.00460	0.00244	0.00804
10	0.00781	0.00566	0.00736	0.00694	0.00826	0.00521	0.00520	0.01039	0.01560	0.02204	0.75093	0.04165	0.06932	0.01139	0.00653	0.00174	0.00262	0.01006	0.00607	0.00521
11	0.01168	0.13769	0.65121	0.01511	0.02274	0.01416	0.03912	0.01741	0.01167	0.01691	0.00966	0.01139	0.00707	0.00517	0.00506	0.00168	0.00790	0.00400	0.00236	0.00801
12	0.01193	0.01011	0.01172	0.00842	0.01331	0.00784	0.00675	0.04843	0.01216	0.01883	0.01000	0.01157	0.00826	0.00422	0.00417	0.00086	0.00419	0.00336	0.00339	0.80047
13	0.84448	0.01071	0.00814	0.00728	0.01071	0.01242	0.00600	0.01628	0.00943	0.02485	0.00771	0.00900	0.00600	0.00514	0.00343	0.00171	0.00428	0.00300	0.00343	0.00600
14	0.09515	0.08097	0.39206	0.01252	0.01869	0.01195	0.01414	0.02048	0.01282	0.26933	0.01351	0.01360	0.00915	0.00574	0.00506	0.00169	0.00649	0.00439	0.00394	0.00831
15	0.01339	0.01283	0.02190	0.10833	0.69897	0.01308	0.01684	0.01672	0.01246	0.01771	0.01036	0.01381	0.00864	0.00499	0.00549	0.00166	0.00666	0.00493	0.00271	0.00852
16	0.01046	0.00984	0.01661	0.79205	0.03814	0.01230	0.01538	0.01415	0.01107	0.01415	0.00984	0.01477	0.00738	0.00554	0.00554	0.00185	0.00738	0.00492	0.00246	0.00615
17	0.84448	0.01071	0.00814	0.00728	0.01071	0.01242	0.00600	0.01628	0.00943	0.02485	0.00771	0.00900	0.00600	0.00514	0.00343	0.00171	0.00428	0.00300	0.00343	0.00600
18	0.00940	0.00886	0.06610	0.00878	0.01107	0.00780	0.00743	0.01513	0.18418	0.02075	0.39271	0.03780	0.11524	0.01068	0.00635	0.00187	0.00370	0.08045	0.00551	0.00618
19	0.00777	0.00566	0.00731	0.00690	0.00823	0.00520	0.00517	0.01032	0.01551	0.02182	0.72984	0.04201	0.09055	0.01147	0.00653	0.00175	0.00262	0.01011	0.00605	0.00520
20	0.01371	0.01316	0.02248	0.03399	0.77081	0.01316	0.01700	0.01700	0.01261	0.01809	0.01042	0.01371	0.00877	0.00493	0.00548	0.00164	0.00658	0.00493	0.00274	0.00877
21	0.00801	0.00554	0.00688	0.00688	0.00717	0.00583	0.00441	0.00859	0.00830	0.01136	0.01668	0.03198	0.01828	0.58033	0.25069	0.00641	0.00816	0.00743	0.00324	0.00382
22	0.00784	0.00566	0.00740	0.00697	0.00827	0.00523	0.00523	0.01045	0.01568	0.02221	0.76789	0.04137	0.05226	0.01132	0.00653	0.00174	0.00261	0.01002	0.00610	0.00523
23	0.84448	0.01071	0.00814	0.00728	0.01071	0.01242	0.00600	0.01628	0.00943	0.02485	0.00771	0.00900	0.00600	0.00514	0.00343	0.00171	0.00428	0.00300	0.00343	0.00600
24	0.01164	0.01147	0.02072	0.43812	0.20231	0.01256	0.15738	0.01534	0.01181	0.01581	0.01072	0.03301	0.00860	0.00548	0.00573	0.00180	0.00742	0.00546	0.00267	0.02196
25	0.02344	0.00911	0.01240	0.00961	0.01365	0.00790	0.00790	0.02562	0.01584	0.71240	0.08357	0.02071	0.01690	0.00722	0.00565	0.00172	0.00454	0.00594	0.00679	0.00908
26	0.03006	0.04624	0.72805	0.01559	0.02353	0.01309	0.03339	0.01749	0.01166	0.01760	0.00986	0.01163	0.00702	0.00524	0.00520	0.00174	0.00807	0.00409	0.00237	0.00810
27	0.05268	0.01379	0.01393	0.01135	0.01516	0.10098	0.00912	0.26275	0.17326	0.21570	0.04372	0.01665	0.01317	0.00682	0.00542	0.00168	0.00559	0.00530	0.00547	0.02746
28	0.04585	0.00516	0.00644	0.00751	0.00811	0.00488	0.00510	0.00813	0.01072	0.01471	0.03166	0.70044	0.09807	0.01650	0.00685	0.00219	0.00323	0.01480	0.00506	0.00458
29	0.37884	0.00998	0.01082	0.00874	0.01266	0.00999	0.00721	0.02236	0.01308	0.45082	0.01574	0.01459	0.01038	0.00611	0.00464	0.00171	0.00453	0.00446	0.00537	0.00795
30	0.01184	0.00983	0.01217	0.10624	0.01629	0.00803	0.00772	0.01444	0.01159	0.04483	0.01028	0.01216	0.00830	0.00438	0.00433	0.00098	0.00453	0.00357	0.00331	0.70519
31	0.84448	0.01071	0.00814	0.00728	0.01071	0.01242	0.00600	0.01628	0.00943	0.02485	0.00771	0.00900	0.00600	0.00514	0.00343	0.00171	0.00428	0.00300	0.00343	0.00600
32	0.00829	0.00592	0.00668	0.00669	0.00690	0.02385	0.00408	0.00863	0.00844	0.01121	0.01733	0.05983	0.01952	0.65376	0.13154	0.00566	0.00672	0.00792	0.00335	0.00369
33	0.00962	0.00481	0.00722	0.00722	0.00722	0.00481	0.00481	0.00722	0.00722	0.00962	0.00962	0.01684	0.00962	0.01924	0.02165	0.83886	0.00481	0.00481	0.00241	0.00241
34	0.00772	0.00566	0.00724	0.00684	0.00820	0.00517	0.00513	0.01022	0.01539	0.02154	0.70200	0.04247	0.11856	0.01157	0.00653	0.00175	0.00263	0.01017	0.00601	0.00517
35	0.84448	0.01071	0.00814	0.00728	0.01071	0.01242	0.00600	0.01628	0.00943	0.02485	0.00771	0.00900	0.00600	0.00514	0.00343	0.00171	0.00428	0.00300	0.00343	0.00600
36	0.00734	0.00564	0.00671	0.00644	0.00797	0.00501	0.00483	0.00949	0.01450	0.01941	0.49331	0.04597	0.32859	0.01237	0.00654	0.00179	0.00269	0.01066	0.00573	0.00501
37	0.01297	0.01474	0.03206	0.05318	0.02930	0.01394	0.72216	0.01760	0.01299	0.01760	0.01115	0.01493	0.00836	0.00470	0.00650	0.00187	0.00926	0.00647	0.00279	0.00742
38	0.00787	0.00583	0.00850	0.00856	0.00943	0.00666	0.00649	0.00961	0.00890	0.01271	0.01582	0.05960	0.01553	0.11531	0.67311	0.00824	0.01336	0.00660	0.00311	0.00477
39	0.01481	0.80869	0.02902	0.00948	0.01421	0.02191	0.00948	0.01658	0.01125	0.01303	0.00770	0.00888	0.00711	0.00474	0.00355	0.00118	0.00592	0.00296	0.00237	0.00711
40	0.01111	0.02865	0.77667	0.01579	0.02397	0.01286	0.02046	0.01754	0.01169	0.01754	0.00994	0.01169	0.00702	0.00526	0.00526	0.00175	0.00818	0.00409	0.00234	0.00818
41	0.01148	0.00984	0.01148	0.00820	0.01312	0.00738	0.00656	0.01395	0.01148	0.01805	0.00984	0.01148	0.00820	0.00410	0.00410	0.00082	0.00410	0.00328	0.00328	0.83922
42	0.00795	0.00519	0.00692	0.00776	0.00843	0.00480	0.00533	0.00918	0.01149	0.06059	0.11335	0.66892	0.03702	0.01604	0.00692	0.00216	0.00324	0.01449	0.00535	0.00488
43	0.84448	0.01071	0.00814	0.00728	0.01071	0.01242	0.00600	0.01628	0.00943	0.02485	0.00771	0.00900	0.00600	0.00514	0.00343	0.00171	0.00428	0.00300	0.00343	0.00600
44	0.01371	0.01316	0.02248	0.03399	0.77081	0.01316	0.01700	0.01700	0.01261	0.01809	0.01042	0.01371	0.00877	0.00493	0.00548	0.00164	0.00658	0.00493	0.00274	0.00877
45	0.01240	0.01258	0.01692	0.01453	0.01462	0.04197	0.01207	0.01362	0.00872	0.01334	0.00731	0.01205	0.00727	0.00956	0.01774	0.00239	0.76959	0.00480	0.00244	0.00607
46	0.01531	0.74225	0.02789	0.00988	0.01446	0.08656	0.00958	0.01705	0.01163	0.01307	0.00777	0.00898	0.00711	0.00482	0.00368	0.00121	0.00627	0.00301	0.00241	0.00705
47	0.84448	0.01071	0.00814	0.00728	0.01071	0.01242	0.00600	0.01628	0.00943	0.02485	0.00771	0.00900	0.00600	0.00514	0.00343	0.00171	0.00428	0.00300	0.00343	0.00600
48	0.00893	0.00664	0.00869	0.00950	0.01091	0.00668	0.00795	0.01248	0.08125	0.01738	0.09729	0.11759	0.08094	0.01432	0.00724	0.00235	0.00450	0.49476	0.00525	0.00537
49	0.00779	0.00566	0.00733	0.00691	0.00824	0.00520	0.00518	0.01035	0.01555	0.02192	0.73944	0.04185	0.08089	0.01143	0.00653	0.00175	0.00262	0.01008	0.00606	0.00520
50	0.01371	0.01316	0.02248	0.03399	0.77081	0.01316	0.01700	0.01700	0.01261	0.01809	0.01042	0.01371	0.00877	0.00493	0.00548	0.00164	0.00658	0.00493	0.00274	0.00877
51	0.84448	0.01071	0.00814	0.00728	0.01071	0.01242	0.00600	0.01628	0.00943	0.02485	0.00771	0.00900	0.00600	0.00514	0.00343	0.00171	0.00428	0.00300	0.00343	0.00600
52	0.01150	0.01025	0.01425	0.01820	0.29947	0.01054	0.01051	0.01782	0.22305	0.01963	0.14464	0.02717	0.15304	0.00831	0.00588	0.00177	0.00465	0.00733	0.00452	0.00747
53	0.01036	0.00975	0.01618	0.73523	0.03615	0.01215	0.01483	0.01388	0.01105	0.01416	0.01161	0.01622	0.03781	0.00601	0.00599	0.00187	0.03292	0.00519	0.00257	0.00609
54	0.00792	0.00577	0.00814	0.00817	0.00890	0.00649	0.00601	0.00939	0.00873	0.01237	0.01583	0.04311	0.01591	0.22839	0.58041	0.00788	0.01225	0.00668	0.00311	0.00454
55	0.00805	0.00537	0.00604	0.00604	0.00604	0.00537	0.00336	0.00805	0.00805	0.01074	0.01745	0.03624	0.02013	0.80536	0.02819	0.00537	0.00537	0.00805	0.00336	0.00336
56	0.01336	0.24636	0.40185	0.01423	0.02063	0.03716	0.07751	0.06837	0.03978	0.01757	0.01006	0.01156	0.00768	0.00525	0.00491	0.00159	0.00741	0.00410	0.00274	0.00788
57	0.01032	0.00516	0.00516	0.00516	0.00645	0.00516	0.00387	0.01290	0.01161	0.02065	0.01807	0.02065	0.01420	0.00645	0.00387	0.00129	0.00258	0.00516	0.83611	0.00516
58	0.01157	0.00979	0.01141	0.00833	0.01301	0.00756	0.00662	0.03775	0.01192	0.01841	0.01095	0.04936	0.00960	0.00482	0.00429	0.00092	0.00412	0.00393	0.00344	0.77219
59	0.01198	0.01071	0.01482	0.02719	0.01604	0.00879	0.11687	0.04389	0.01227	0.01851	0.01063	0.02921	0.00888	0.00460	0.00461	0.00106	0.00501	0.00413	0.00332	0.64745
60	0.15798	0.00806	0.01119	0.06988	0.01380	0.00835	0.09422	0.05329	0.01160	0.01765	0.02162	0.46250	0.02405	0.01217	0.00615	0.00204	0.00461	0.01095	0.00438	0.00552
61	0.01189	0.01158	0.01679	0.01421	0.01466	0.01562	0.05426	0.01342	0.00897	0.01405	0.00850	0.01322	0.00805	0.01042	0.04626	0.00257	0.66708	0.00501	0.05739	0.00604
62	0.84448	0.01071	0.00814	0.00728	0.01071	0.01242	0.00600	0.01628	0.00943	0.02485	0.00771	0.00900	0.00600	0.00514	0.00343	0.00171	0.00428	0.00300	0.00343	0.00600
63	0.23596	0.00987	0.01134	0.00908	0.01291	0.00964	0.00745	0.07689	0.01479	0.45646	0.05137	0.01846	0.04830	0.00692	0.00510	0.00172	0.00452	0.00534	0.00575	0.00813
64	0.00796	0.00598	0.00752	0.00824	0.00962	0.00564	0.00678	0.00994	0.01252	0.01589	0.06741	0.08688	0.27914	0.05169	0.00817	0.00241	0.00417	0.40012	0.00507	0.00486
65	0.00771	0.00564	0.00727	0.00727	0.00843	0.00528	0.00536	0.01021	0.03247	0.01992	0.52952	0.21173	0.08107	0.01282	0.00666	0.00189	0.00287	0.03295	0.00580	0.00512
66	0.01046	0.00984	0.01661	0.79205	0.03814	0.01230	0.01538	0.01415	0.01107	0.01415	0.00984	0.01477	0.00738	0.00554	0.00554	0.00185	0.00738	0.00492	0.00246	0.00615
67	0.01148	0.00984	0.01148	0.00820	0.01312	0.00738	0.00656	0.01395	0.01148	0.01805	0.00984	0.01148	0.00820	0.00410	0.00410	0.00082	0.00410	0.00328	0.00328	0.83922
68	0.01434	0.71119	0.12247	0.01027	0.01543	0.02078	0.01085	0.01670	0.01131	0.01359	0.00798	0.00924	0.00710	0.00480	0.00377	0.00126	0.00621	0.00310	0.00237	0.00724
69	0.01371	0.01316	0.02248	0.03399	0.77081	0.01316	0.01700	0.01700	0.01261	0.01809	0.01042	0.01371	0.00877	0.00493	0.00548	0.00164	0.00658	0.00493	0.00274	0.00877
70	0.00772	0.00559	0.00728	0.00699	0.00824	0.00515	0.00519	0.01017	0.01520	0.02139	0.69170	0.10226	0.06855	0.01187	0.00658	0.00179	0.00267	0.01051	0.00600	0.00515

[dist]
# distance from previous block
# <min> <max>
1	3

[block]
# block no. 6 follows, 43 sequences, length 15
# corresponding to MSA columns:
# 889-903
name=unknown_G
#
# <colnr> <probs for GDERKNQSTAVLIFYWHMCP>
#	G	D	E	R	K	N	Q	S	T	A	V	L	I	F	Y	W	H	M	C	P
0	0.00779	0.00559	0.00695	0.00665	0.00769	0.00522	0.00471	0.00970	0.01367	0.01899	0.53923	0.04108	0.09920	0.19626	0.01157	0.00260	0.00327	0.00969	0.00539	0.00475
1	0.48836	0.01073	0.00953	0.00813	0.01137	0.01210	0.00663	0.18686	0.01372	0.02636	0.01105	0.01230	0.00841	0.00575	0.00401	0.00162	0.00437	0.00389	0.16818	0.00663
2	0.01585	0.41983	0.01988	0.00907	0.01303	0.05860	0.00820	0.01762	0.01285	0.19063	0.02059	0.02003	0.15886	0.00712	0.00469	0.00146	0.00526	0.00532	0.00399	0.00713
3	0.00926	0.00756	0.01073	0.16294	0.01582	0.00793	0.00814	0.01148	0.00984	0.01410	0.01296	0.01949	0.01191	0.10470	0.37057	0.00526	0.00989	0.00534	0.00298	0.19911
4	0.17471	0.00885	0.00965	0.00791	0.01146	0.00771	0.00612	0.01296	0.01087	0.01848	0.01423	0.19485	0.01438	0.00739	0.00466	0.00133	0.00393	0.00613	0.00374	0.48065
5	0.00915	0.01874	0.44517	0.01141	0.01688	0.00934	0.01347	0.01342	0.01209	0.01643	0.02979	0.02958	0.33442	0.00903	0.00581	0.00180	0.00587	0.00736	0.00354	0.00668
6	0.01038	0.00857	0.01307	0.29091	0.06135	0.00992	0.03696	0.01332	0.01195	0.01750	0.16107	0.02101	0.01792	0.00733	0.00691	0.00176	0.10098	0.00603	0.19715	0.00592
7	0.01375	0.36794	0.01879	0.00941	0.01256	0.01524	0.00819	0.15912	0.01361	0.01724	0.01370	0.02262	0.01360	0.19266	0.01017	0.00242	0.00573	0.09322	0.00356	0.00645
8	0.01148	0.00951	0.01074	0.00819	0.01229	0.00793	0.00651	0.10215	0.01347	0.01934	0.02060	0.03985	0.17068	0.00684	0.00487	0.00118	0.00405	0.00558	0.00400	0.54076
9	0.00958	0.00682	0.00769	0.00740	0.00813	0.00726	0.00479	0.01293	0.18308	0.01349	0.01768	0.03026	0.01811	0.52432	0.02215	0.10573	0.00507	0.00724	0.00377	0.00450
10	0.01127	0.18675	0.29126	0.01405	0.01916	0.01307	0.15861	0.01509	0.01162	0.01583	0.01450	0.19554	0.01420	0.00785	0.00557	0.00177	0.00677	0.00704	0.00309	0.00696
11	0.01325	0.13716	0.22494	0.01639	0.19159	0.01314	0.01315	0.10538	0.01366	0.01981	0.02934	0.01438	0.01020	0.00565	0.00484	0.00154	0.00598	0.00457	0.16739	0.00764
12	0.01087	0.18453	0.19187	0.00976	0.01390	0.01085	0.00978	0.01378	0.01129	0.01625	0.01521	0.19594	0.01503	0.00788	0.00492	0.00151	0.00506	0.00653	0.10439	0.17067
13	0.01246	0.06699	0.29285	0.19449	0.02296	0.16403	0.01442	0.01617	0.01209	0.01512	0.01219	0.10840	0.01104	0.02627	0.00595	0.00182	0.00755	0.00562	0.00284	0.00673
14	0.01183	0.01170	0.09162	0.01418	0.16210	0.01009	0.01000	0.18388	0.01540	0.02039	0.02924	0.12271	0.27419	0.01001	0.00603	0.00181	0.00492	0.00850	0.00447	0.00693

[dist]
# distance from previous block
# <min> <max>
0	41

# created by:
# /st0/software/busco_prod/Augustus/scripts/msa2prfl.pl ./align_prep/141065.fa
