[name]
unknown

[dist]
# distance from previous block
# <min> <max>
15	108

[block]
# block no. 0 follows, 48 sequences, length 57
# corresponding to MSA columns:
# 136-192
name=unknown_A
#
# <colnr> <probs for GDERKNQSTAVLIFYWHMCP>
#	G	D	E	R	K	N	Q	S	T	A	V	L	I	F	Y	W	H	M	C	P
0	0.05657	0.07567	0.06220	0.03997	0.30068	0.01225	0.05065	0.04289	0.17172	0.03232	0.03576	0.01743	0.02733	0.00603	0.00507	0.00161	0.00545	0.04551	0.00349	0.00739
1	0.01448	0.01066	0.04092	0.01020	0.01323	0.01061	0.02539	0.24749	0.03014	0.14172	0.04756	0.09326	0.03562	0.02471	0.05420	0.00207	0.08654	0.00598	0.00443	0.10081
2	0.04338	0.01375	0.09460	0.06866	0.23835	0.08210	0.12893	0.08228	0.03463	0.01758	0.04442	0.05250	0.06364	0.00621	0.00528	0.00161	0.00627	0.00565	0.00321	0.00693
3	0.01459	0.39884	0.06902	0.01110	0.04060	0.05497	0.03885	0.14729	0.03506	0.04505	0.00961	0.01067	0.00778	0.00581	0.02594	0.00146	0.00599	0.00362	0.00307	0.07066
4	0.13121	0.02688	0.01161	0.01122	0.09841	0.07262	0.00778	0.10187	0.03807	0.03318	0.06627	0.12414	0.01459	0.02285	0.03802	0.00181	0.02261	0.00573	0.00372	0.16739
5	0.04499	0.09250	0.15728	0.01098	0.01528	0.03335	0.08234	0.12429	0.01271	0.04394	0.01190	0.07925	0.01035	0.03377	0.02340	0.00166	0.00573	0.00494	0.02283	0.18851
6	0.00985	0.00766	0.00843	0.00790	0.00951	0.05046	0.00601	0.04003	0.14790	0.03505	0.31778	0.03146	0.09935	0.03298	0.00818	0.10941	0.00376	0.06426	0.00475	0.00527
7	0.01912	0.01421	0.01540	0.01221	0.03353	0.01572	0.00984	0.72837	0.04908	0.03162	0.01254	0.01256	0.00894	0.00615	0.00513	0.00155	0.00560	0.00466	0.00508	0.00869
8	0.85592	0.00992	0.00754	0.00675	0.00992	0.01151	0.00556	0.01508	0.00873	0.02302	0.00714	0.00834	0.00556	0.00476	0.00318	0.00159	0.00397	0.00278	0.00318	0.00556
9	0.03206	0.71193	0.05096	0.00930	0.01363	0.08513	0.00914	0.01582	0.01075	0.01249	0.00727	0.00841	0.00656	0.00449	0.00345	0.00114	0.00584	0.00283	0.00225	0.00654
10	0.01955	0.01434	0.09836	0.01136	0.01575	0.03906	0.01009	0.44111	0.01955	0.25688	0.01421	0.01360	0.00960	0.00605	0.00510	0.00156	0.00559	0.00465	0.00509	0.00851
11	0.00606	0.00520	0.00520	0.00520	0.00693	0.00433	0.00390	0.00736	0.01170	0.01386	0.05198	0.04938	0.78558	0.01299	0.00606	0.00173	0.00260	0.01083	0.00476	0.00433
12	0.00969	0.00912	0.01539	0.80734	0.03534	0.01140	0.01425	0.01311	0.01026	0.01311	0.00912	0.01368	0.00684	0.00513	0.00513	0.00171	0.00684	0.00456	0.00228	0.00570
13	0.01081	0.01091	0.02019	0.45783	0.10433	0.01212	0.23415	0.01460	0.02695	0.01458	0.00970	0.01366	0.00742	0.00502	0.00582	0.00172	0.03639	0.00502	0.00246	0.00634
14	0.00989	0.00933	0.01555	0.74475	0.03388	0.01157	0.02925	0.01371	0.03987	0.01348	0.00955	0.01384	0.00720	0.00526	0.00539	0.00172	0.02291	0.00464	0.00240	0.00582
15	0.00746	0.00497	0.00560	0.00560	0.00560	0.00497	0.00311	0.00746	0.00746	0.00995	0.01617	0.03358	0.01865	0.81967	0.02612	0.00497	0.00497	0.00746	0.00311	0.00311
16	0.00625	0.00448	0.00594	0.00710	0.00743	0.00417	0.00474	0.00715	0.00987	0.01312	0.02884	0.79832	0.05158	0.01600	0.00654	0.00208	0.00297	0.01450	0.00476	0.00417
17	0.01301	0.34327	0.30057	0.03871	0.01785	0.10647	0.02821	0.03754	0.01136	0.01434	0.00824	0.00982	0.00666	0.00493	0.00475	0.00141	0.04022	0.00344	0.00233	0.00687
18	0.00746	0.00499	0.00566	0.00566	0.00568	0.00501	0.00319	0.00750	0.00748	0.01000	0.01611	0.03325	0.01851	0.80033	0.04526	0.00506	0.00519	0.00741	0.00310	0.00315
19	0.00735	0.00542	0.00783	0.00783	0.00861	0.00619	0.00590	0.00890	0.00812	0.01161	0.01412	0.02225	0.01373	0.16005	0.67901	0.00774	0.01238	0.00580	0.00280	0.00435
20	0.02266	0.00874	0.01200	0.03067	0.01370	0.00765	0.00772	0.02468	0.01457	0.77022	0.01994	0.01736	0.01254	0.00632	0.00516	0.00159	0.00443	0.00514	0.00624	0.00865
21	0.01959	0.01214	0.01420	0.01179	0.05402	0.01273	0.00918	0.44538	0.06196	0.26339	0.03250	0.01488	0.01119	0.00628	0.00516	0.00157	0.00512	0.00495	0.00539	0.00858
22	0.00979	0.00924	0.01552	0.77220	0.05182	0.01151	0.01422	0.01315	0.01024	0.01318	0.00908	0.01360	0.00687	0.00520	0.00539	0.00172	0.02469	0.00456	0.00229	0.00575
23	0.80463	0.05942	0.00872	0.00687	0.01012	0.01205	0.00575	0.01510	0.00884	0.02235	0.00714	0.00833	0.00562	0.00474	0.00318	0.00156	0.00406	0.00278	0.00312	0.00562
24	0.01123	0.01123	0.01572	0.01347	0.01347	0.01572	0.01123	0.01235	0.00786	0.01235	0.00674	0.01123	0.00674	0.00898	0.01684	0.00225	0.81028	0.00449	0.00225	0.00561
25	0.01274	0.01211	0.02009	0.04485	0.69944	0.01242	0.01515	0.03339	0.03733	0.01704	0.00996	0.01287	0.00831	0.00487	0.00554	0.00156	0.03704	0.00461	0.00267	0.00800
26	0.00668	0.00515	0.00610	0.00602	0.00735	0.00457	0.00445	0.00850	0.01292	0.01713	0.41432	0.11974	0.34446	0.01205	0.00611	0.00171	0.00255	0.01043	0.00520	0.00457
27	0.00624	0.00451	0.00591	0.00703	0.00741	0.00418	0.00471	0.00716	0.00993	0.01314	0.02964	0.77222	0.07716	0.01590	0.00652	0.00206	0.00296	0.01437	0.00476	0.00418
28	0.01064	0.00912	0.01064	0.00760	0.01216	0.00684	0.00608	0.01292	0.01064	0.01672	0.00912	0.01064	0.00760	0.00380	0.00380	0.00076	0.00380	0.00304	0.00304	0.85104
29	0.05176	0.01420	0.01510	0.01161	0.01568	0.01574	0.00959	0.74143	0.02353	0.03198	0.01212	0.01217	0.00860	0.00611	0.00506	0.00154	0.00558	0.00455	0.00506	0.00860
30	0.02141	0.01131	0.01350	0.01035	0.01438	0.01137	0.00855	0.36586	0.01900	0.44427	0.01662	0.01511	0.01088	0.00626	0.00515	0.00157	0.00495	0.00491	0.00579	0.00873
31	0.01951	0.01437	0.01540	0.01181	0.01591	0.01591	0.00975	0.77056	0.02412	0.03234	0.01232	0.01232	0.00873	0.00616	0.00513	0.00154	0.00565	0.00462	0.00513	0.00873
32	0.00625	0.00447	0.00595	0.00714	0.00744	0.00417	0.00476	0.00714	0.00982	0.01310	0.02828	0.81633	0.03394	0.01608	0.00655	0.00208	0.00298	0.01459	0.00476	0.00417
33	0.00726	0.00524	0.00686	0.00646	0.00767	0.00484	0.00484	0.00968	0.01452	0.02058	0.78496	0.03833	0.04841	0.01049	0.00605	0.00161	0.00242	0.00928	0.00565	0.00484
34	0.01064	0.00912	0.01064	0.00760	0.01216	0.00684	0.00608	0.01292	0.01064	0.01672	0.00912	0.01064	0.00760	0.00380	0.00380	0.00076	0.00380	0.00304	0.00304	0.85104
35	0.01301	0.65710	0.18630	0.01000	0.01505	0.01856	0.01090	0.01555	0.01051	0.01294	0.00757	0.00877	0.00657	0.00449	0.00362	0.00121	0.00592	0.00296	0.00219	0.00679
36	0.01372	0.82276	0.02689	0.00878	0.01317	0.02030	0.00878	0.01536	0.01043	0.01207	0.00713	0.00823	0.00658	0.00439	0.00329	0.00110	0.00549	0.00274	0.00219	0.00658
37	0.01064	0.00912	0.01064	0.00760	0.01216	0.00684	0.00608	0.01292	0.01064	0.01672	0.00912	0.01064	0.00760	0.00380	0.00380	0.00076	0.00380	0.00304	0.00304	0.85104
38	0.01299	0.01113	0.01173	0.01049	0.01343	0.01287	0.00818	0.05219	0.75311	0.02183	0.02060	0.01891	0.01543	0.00693	0.00522	0.00173	0.00411	0.00576	0.00522	0.00814
39	0.00726	0.00524	0.00686	0.00646	0.00767	0.00484	0.00484	0.00968	0.01452	0.02058	0.78496	0.03833	0.04841	0.01049	0.00605	0.00161	0.00242	0.00928	0.00565	0.00484
40	0.00637	0.00451	0.00592	0.00700	0.00727	0.00424	0.00461	0.00717	0.00960	0.01280	0.02714	0.74262	0.03250	0.09174	0.00839	0.00236	0.00316	0.01392	0.00461	0.00407
41	0.00625	0.00447	0.00595	0.00714	0.00744	0.00417	0.00476	0.00714	0.00982	0.01310	0.02828	0.81633	0.03394	0.01608	0.00655	0.00208	0.00298	0.01459	0.00476	0.00417
42	0.01276	0.01102	0.01160	0.01044	0.01334	0.01276	0.00812	0.02727	0.77840	0.02146	0.02088	0.01914	0.01566	0.00696	0.00522	0.00174	0.00406	0.00580	0.00522	0.00812
43	0.00606	0.00520	0.00520	0.00520	0.00693	0.00433	0.00390	0.00736	0.01170	0.01386	0.05198	0.04938	0.78558	0.01299	0.00606	0.00173	0.00260	0.01083	0.00476	0.00433
44	0.02302	0.00873	0.01191	0.00913	0.01310	0.00754	0.00754	0.02501	0.01469	0.79122	0.02024	0.01746	0.01270	0.00635	0.00516	0.00159	0.00437	0.00516	0.00635	0.00873
45	0.85592	0.00992	0.00754	0.00675	0.00992	0.01151	0.00556	0.01508	0.00873	0.02302	0.00714	0.00834	0.00556	0.00476	0.00318	0.00159	0.00397	0.00278	0.00318	0.00556
46	0.00827	0.00591	0.00827	0.00945	0.01063	0.00591	0.00827	0.01063	0.01181	0.01536	0.02717	0.05788	0.02953	0.01417	0.00709	0.00236	0.00472	0.75313	0.00472	0.00472
47	0.00625	0.00447	0.00595	0.00714	0.00744	0.00417	0.00476	0.00714	0.00982	0.01310	0.02828	0.81633	0.03394	0.01608	0.00655	0.00208	0.00298	0.01459	0.00476	0.00417
48	0.01204	0.01360	0.02927	0.02091	0.02606	0.01266	0.72980	0.01626	0.01204	0.01645	0.01032	0.01368	0.00778	0.00430	0.00594	0.00168	0.00840	0.00590	0.00262	0.05032
49	0.00746	0.00497	0.00560	0.00560	0.00560	0.00497	0.00311	0.00746	0.00746	0.00995	0.01617	0.03358	0.01865	0.81967	0.02612	0.00497	0.00497	0.00746	0.00311	0.00311
50	0.01270	0.01219	0.02083	0.03149	0.78767	0.01219	0.01575	0.01575	0.01168	0.01676	0.00965	0.01270	0.00813	0.00457	0.00508	0.00152	0.00610	0.00457	0.00254	0.00813
51	0.01064	0.00912	0.01064	0.00760	0.01216	0.00684	0.00608	0.01292	0.01064	0.01672	0.00912	0.01064	0.00760	0.00380	0.00380	0.00076	0.00380	0.00304	0.00304	0.85104
52	0.00613	0.00520	0.00530	0.00527	0.00697	0.00436	0.00395	0.00750	0.01186	0.01425	0.09492	0.04873	0.74240	0.01285	0.00606	0.00173	0.00259	0.01074	0.00482	0.00436
53	0.00746	0.00497	0.00560	0.00560	0.00560	0.00497	0.00311	0.00746	0.00746	0.00995	0.01617	0.03358	0.01865	0.81967	0.02612	0.00497	0.00497	0.00746	0.00311	0.00311
54	0.00625	0.00447	0.00595	0.00714	0.00744	0.00417	0.00476	0.00714	0.00982	0.01310	0.02828	0.81633	0.03394	0.01608	0.00655	0.00208	0.00298	0.01459	0.00476	0.00417
55	0.85592	0.00992	0.00754	0.00675	0.00992	0.01151	0.00556	0.01508	0.00873	0.02302	0.00714	0.00834	0.00556	0.00476	0.00318	0.00159	0.00397	0.00278	0.00318	0.00556
56	0.01271	0.01276	0.02220	0.04680	0.61390	0.03466	0.14901	0.01594	0.01181	0.01650	0.00972	0.01283	0.00799	0.00456	0.00524	0.00156	0.00665	0.00480	0.00255	0.00780

[dist]
# distance from previous block
# <min> <max>
0	13

[block]
# block no. 1 follows, 48 sequences, length 86
# corresponding to MSA columns:
# 206-291
name=unknown_B
#
# <colnr> <probs for GDERKNQSTAVLIFYWHMCP>
#	G	D	E	R	K	N	Q	S	T	A	V	L	I	F	Y	W	H	M	C	P
0	0.00913	0.01139	0.21351	0.00975	0.04240	0.00728	0.00914	0.01271	0.03070	0.05709	0.46857	0.02908	0.06136	0.00860	0.00564	0.00162	0.00406	0.00743	0.00461	0.00594
1	0.01172	0.00925	0.01086	0.00783	0.01233	0.00716	0.00629	0.03620	0.01131	0.06824	0.00995	0.01114	0.00797	0.00404	0.00393	0.00084	0.00389	0.00323	0.00332	0.77051
2	0.00973	0.00915	0.01537	0.75866	0.06424	0.01127	0.01407	0.01308	0.01035	0.01327	0.01011	0.01445	0.02458	0.00529	0.00515	0.00170	0.00671	0.00470	0.00235	0.00576
3	0.01142	0.01558	0.21304	0.16612	0.02484	0.01228	0.30333	0.05431	0.04184	0.01658	0.01049	0.02656	0.00804	0.00516	0.00582	0.00168	0.03651	0.00510	0.00270	0.03860
4	0.00724	0.00522	0.00683	0.00651	0.00763	0.00488	0.00483	0.00951	0.01391	0.01967	0.70829	0.06083	0.04570	0.04098	0.03365	0.00197	0.00291	0.00924	0.00543	0.00475
5	0.01266	0.00906	0.01085	0.00785	0.01231	0.00695	0.00632	0.01489	0.01130	0.14281	0.01093	0.01175	0.00843	0.00422	0.00402	0.00089	0.00389	0.00339	0.00358	0.71391
6	0.01058	0.00722	0.00950	0.28351	0.01712	0.00816	0.00788	0.08652	0.01189	0.01834	0.01367	0.01658	0.01053	0.00570	0.00427	0.00141	0.00425	0.00469	0.47269	0.00549
7	0.02302	0.00873	0.01191	0.00913	0.01310	0.00754	0.00754	0.02501	0.01469	0.79122	0.02024	0.01746	0.01270	0.00635	0.00516	0.00159	0.00437	0.00516	0.00635	0.00873
8	0.01563	0.01013	0.01152	0.00990	0.01306	0.01091	0.00783	0.02595	0.52221	0.25169	0.04843	0.01934	0.01597	0.00691	0.00523	0.00169	0.00409	0.00574	0.00557	0.00819
9	0.01276	0.01102	0.01160	0.01044	0.01334	0.01276	0.00812	0.02727	0.77840	0.02146	0.02088	0.01914	0.01566	0.00696	0.00522	0.00174	0.00406	0.00580	0.00522	0.00812
10	0.02083	0.01176	0.01373	0.01058	0.01458	0.01210	0.00872	0.41552	0.04548	0.36774	0.01611	0.01483	0.01072	0.00627	0.00515	0.00157	0.00503	0.00490	0.00567	0.00871
11	0.01211	0.01384	0.03028	0.02163	0.02682	0.01298	0.76903	0.01644	0.01211	0.01644	0.01038	0.01384	0.00779	0.00433	0.00606	0.00173	0.00865	0.00606	0.00260	0.00692
12	0.01102	0.01048	0.01779	0.46435	0.36793	0.01175	0.01491	0.01428	0.01089	0.01472	0.00935	0.01325	0.00741	0.00488	0.00511	0.00163	0.00651	0.00457	0.00239	0.00677
13	0.00949	0.00480	0.00485	0.00484	0.00604	0.00478	0.00363	0.01188	0.01089	0.01918	0.04274	0.01978	0.01435	0.00613	0.00367	0.00121	0.00239	0.00493	0.81964	0.00478
14	0.00616	0.00517	0.00535	0.00536	0.00700	0.00436	0.00400	0.00753	0.01183	0.01432	0.10465	0.07642	0.70446	0.01292	0.00608	0.00174	0.00260	0.01085	0.00483	0.00436
15	0.00969	0.00912	0.01539	0.80734	0.03534	0.01140	0.01425	0.01311	0.01026	0.01311	0.00912	0.01368	0.00684	0.00513	0.00513	0.00171	0.00684	0.00456	0.00228	0.00570
16	0.01276	0.01102	0.01160	0.01044	0.01334	0.01276	0.00812	0.02727	0.77840	0.02146	0.02088	0.01914	0.01566	0.00696	0.00522	0.00174	0.00406	0.00580	0.00522	0.00812
17	0.01917	0.02445	0.01454	0.01322	0.01586	0.79907	0.00991	0.02049	0.01454	0.01256	0.00793	0.00925	0.00661	0.00529	0.00463	0.00132	0.00925	0.00330	0.00264	0.00595
18	0.01372	0.82276	0.02689	0.00878	0.01317	0.02030	0.00878	0.01536	0.01043	0.01207	0.00713	0.00823	0.00658	0.00439	0.00329	0.00110	0.00549	0.00274	0.00219	0.00658
19	0.00653	0.00515	0.00588	0.00583	0.00725	0.00451	0.00432	0.00821	0.01259	0.01630	0.32309	0.11059	0.44687	0.01232	0.00610	0.00172	0.00256	0.01057	0.00509	0.00451
20	0.01081	0.04339	0.73786	0.01443	0.02170	0.05144	0.01829	0.01644	0.01101	0.01598	0.00910	0.01070	0.00651	0.00489	0.00483	0.00160	0.00762	0.00374	0.00219	0.00748
21	0.01917	0.02445	0.01454	0.01322	0.01586	0.79907	0.00991	0.02049	0.01454	0.01256	0.00793	0.00925	0.00661	0.00529	0.00463	0.00132	0.00925	0.00330	0.00264	0.00595
22	0.00726	0.00524	0.00686	0.00646	0.00767	0.00484	0.00484	0.00968	0.01452	0.02058	0.78496	0.03833	0.04841	0.01049	0.00605	0.00161	0.00242	0.00928	0.00565	0.00484
23	0.85592	0.00992	0.00754	0.00675	0.00992	0.01151	0.00556	0.01508	0.00873	0.02302	0.00714	0.00834	0.00556	0.00476	0.00318	0.00159	0.00397	0.00278	0.00318	0.00556
24	0.00987	0.00934	0.01609	0.62586	0.09718	0.01101	0.06201	0.01317	0.01065	0.01393	0.04044	0.04775	0.00976	0.00569	0.00528	0.00171	0.00656	0.00526	0.00256	0.00589
25	0.01276	0.01102	0.01160	0.01044	0.01334	0.01276	0.00812	0.02727	0.77840	0.02146	0.02088	0.01914	0.01566	0.00696	0.00522	0.00174	0.00406	0.00580	0.00522	0.00812
26	0.02058	0.01193	0.01380	0.01066	0.01465	0.01238	0.00878	0.43261	0.05823	0.33775	0.01594	0.01474	0.01068	0.00628	0.00515	0.00157	0.00505	0.00490	0.00563	0.00870
27	0.00969	0.00912	0.01539	0.80734	0.03534	0.01140	0.01425	0.01311	0.01026	0.01311	0.00912	0.01368	0.00684	0.00513	0.00513	0.00171	0.00684	0.00456	0.00228	0.00570
28	0.01123	0.01123	0.01572	0.01347	0.01347	0.01572	0.01123	0.01235	0.00786	0.01235	0.00674	0.01123	0.00674	0.00898	0.01684	0.00225	0.81028	0.00449	0.00225	0.00561
29	0.01147	0.01196	0.01981	0.01576	0.01722	0.01495	0.22435	0.01350	0.00905	0.01350	0.00776	0.01196	0.00703	0.00767	0.01381	0.00210	0.58483	0.00493	0.00234	0.00598
30	0.01276	0.01102	0.01160	0.01044	0.01334	0.01276	0.00812	0.02727	0.77840	0.02146	0.02088	0.01914	0.01566	0.00696	0.00522	0.00174	0.00406	0.00580	0.00522	0.00812
31	0.00746	0.00500	0.00575	0.00585	0.00592	0.00499	0.00344	0.00761	0.00777	0.01034	0.01717	0.06323	0.01977	0.74899	0.02443	0.00473	0.00489	0.04616	0.00325	0.00323
32	0.00746	0.00497	0.00560	0.00560	0.00560	0.00497	0.00311	0.00746	0.00746	0.00995	0.01617	0.03358	0.01865	0.81967	0.02612	0.00497	0.00497	0.00746	0.00311	0.00311
33	0.01017	0.02592	0.77028	0.01435	0.02177	0.01170	0.01852	0.01599	0.01086	0.01618	0.01045	0.01195	0.02906	0.00511	0.00491	0.00163	0.00744	0.00400	0.00224	0.00749
34	0.00827	0.00591	0.00827	0.00945	0.01063	0.00591	0.00827	0.01063	0.01181	0.01536	0.02717	0.05788	0.02953	0.01417	0.00709	0.00236	0.00472	0.75313	0.00472	0.00472
35	0.00635	0.00447	0.00592	0.00708	0.00740	0.00419	0.00473	0.00728	0.00985	0.01327	0.02795	0.79324	0.03333	0.01578	0.00646	0.00206	0.00296	0.01430	0.02918	0.00419
36	0.85592	0.00992	0.00754	0.00675	0.00992	0.01151	0.00556	0.01508	0.00873	0.02302	0.00714	0.00834	0.00556	0.00476	0.00318	0.00159	0.00397	0.00278	0.00318	0.00556
37	0.01917	0.02445	0.01454	0.01322	0.01586	0.79907	0.00991	0.02049	0.01454	0.01256	0.00793	0.00925	0.00661	0.00529	0.00463	0.00132	0.00925	0.00330	0.00264	0.00595
38	0.00746	0.00497	0.00560	0.00560	0.00560	0.00497	0.00311	0.00746	0.00746	0.00995	0.01617	0.03358	0.01865	0.81967	0.02612	0.00497	0.00497	0.00746	0.00311	0.00311
39	0.01951	0.01437	0.01540	0.01181	0.01591	0.01591	0.00975	0.77056	0.02412	0.03234	0.01232	0.01232	0.00873	0.00616	0.00513	0.00154	0.00565	0.00462	0.00513	0.00873
40	0.00746	0.00497	0.00560	0.00560	0.00560	0.00497	0.00311	0.00746	0.00746	0.00995	0.01617	0.03358	0.01865	0.81967	0.02612	0.00497	0.00497	0.00746	0.00311	0.00311
41	0.85592	0.00992	0.00754	0.00675	0.00992	0.01151	0.00556	0.01508	0.00873	0.02302	0.00714	0.00834	0.00556	0.00476	0.00318	0.00159	0.00397	0.00278	0.00318	0.00556
42	0.01356	0.79204	0.02606	0.00863	0.01290	0.01972	0.00858	0.01524	0.01044	0.01234	0.00749	0.00864	0.00683	0.00445	0.00330	0.00110	0.00537	0.00282	0.03396	0.00652
43	0.00733	0.00550	0.00825	0.00825	0.00916	0.00641	0.00641	0.00916	0.00825	0.01191	0.01374	0.02016	0.01283	0.03848	0.79934	0.00825	0.01374	0.00550	0.00275	0.00458
44	0.00746	0.00497	0.00560	0.00560	0.00560	0.00497	0.00311	0.00746	0.00746	0.00995	0.01617	0.03358	0.01865	0.81967	0.02612	0.00497	0.00497	0.00746	0.00311	0.00311
45	0.01270	0.01219	0.02083	0.03149	0.78767	0.01219	0.01575	0.01575	0.01168	0.01676	0.00965	0.01270	0.00813	0.00457	0.00508	0.00152	0.00610	0.00457	0.00254	0.00813
46	0.01222	0.01172	0.01988	0.14010	0.65361	0.01221	0.01537	0.01525	0.01134	0.01609	0.00947	0.01278	0.00790	0.00481	0.00551	0.00158	0.03540	0.00457	0.00249	0.00769
47	0.01108	0.16471	0.57865	0.01434	0.02111	0.01350	0.09602	0.01611	0.01090	0.01554	0.00897	0.01069	0.00665	0.00473	0.00472	0.00154	0.00733	0.00385	0.00222	0.00734
48	0.02302	0.00873	0.01191	0.00913	0.01310	0.00754	0.00754	0.02501	0.01469	0.79122	0.02024	0.01746	0.01270	0.00635	0.00516	0.00159	0.00437	0.00516	0.00635	0.00873
49	0.00642	0.00551	0.00554	0.00548	0.00727	0.00478	0.00412	0.00842	0.05247	0.01427	0.05033	0.04777	0.74463	0.01267	0.00602	0.00173	0.00268	0.01056	0.00479	0.00453
50	0.01198	0.01050	0.01659	0.19692	0.25510	0.03901	0.09409	0.01517	0.03599	0.08317	0.07513	0.05079	0.05602	0.00647	0.00573	0.00166	0.02970	0.00591	0.00336	0.00671
51	0.00886	0.00448	0.00664	0.00664	0.00664	0.00448	0.00440	0.00671	0.00671	0.00895	0.00920	0.01630	0.00929	0.04924	0.02029	0.81757	0.00448	0.00457	0.00226	0.00226
52	0.02289	0.00895	0.01204	0.00923	0.01321	0.00786	0.00763	0.05333	0.01504	0.76239	0.01994	0.01727	0.01255	0.00634	0.00516	0.00159	0.00441	0.00514	0.00630	0.00873
53	0.00891	0.00446	0.00668	0.00668	0.00668	0.00446	0.00446	0.00668	0.00668	0.00891	0.00891	0.01560	0.00891	0.01783	0.02005	0.85071	0.00446	0.00446	0.00223	0.00223
54	0.01038	0.04784	0.77260	0.01447	0.02197	0.01214	0.01869	0.01623	0.01082	0.01614	0.00915	0.01076	0.00650	0.00486	0.00483	0.00161	0.00753	0.00376	0.00217	0.00756
55	0.00628	0.00448	0.00595	0.00711	0.00740	0.00418	0.00473	0.00715	0.00977	0.01303	0.02802	0.79966	0.03361	0.03318	0.00697	0.00215	0.00302	0.01444	0.00473	0.00415
56	0.01827	0.01246	0.01371	0.01086	0.01462	0.01351	0.00886	0.47670	0.16827	0.15288	0.01676	0.01587	0.03989	0.00660	0.00519	0.00159	0.00502	0.00517	0.00533	0.00844
57	0.01260	0.01085	0.01146	0.01032	0.01317	0.01253	0.00802	0.02674	0.75572	0.02144	0.04356	0.01971	0.01664	0.00707	0.00525	0.00174	0.00401	0.00590	0.00523	0.00802
58	0.01230	0.01068	0.02928	0.01869	0.33950	0.01048	0.03651	0.16072	0.01443	0.03544	0.10873	0.05393	0.11998	0.00738	0.00546	0.00161	0.00503	0.01887	0.00391	0.00709
59	0.01029	0.02654	0.79309	0.01462	0.02221	0.01192	0.01896	0.01625	0.01083	0.01625	0.00921	0.01083	0.00650	0.00487	0.00487	0.00162	0.00758	0.00379	0.00217	0.00758
60	0.00739	0.00516	0.00662	0.00664	0.00700	0.00551	0.00441	0.00811	0.00781	0.01077	0.01548	0.04437	0.01673	0.50378	0.32219	0.00617	0.00830	0.00685	0.00300	0.00370
61	0.60265	0.01109	0.05294	0.01090	0.10970	0.01135	0.02295	0.02885	0.00996	0.06210	0.00901	0.01115	0.00712	0.00512	0.00382	0.00161	0.00460	0.02555	0.00328	0.00622
62	0.00624	0.00449	0.00593	0.00707	0.00742	0.00417	0.00473	0.00715	0.00989	0.01313	0.02914	0.78850	0.06120	0.01596	0.00653	0.00207	0.00296	0.01445	0.00476	0.00417
63	0.01102	0.00927	0.01141	0.00829	0.01270	0.00725	0.03671	0.03335	0.01111	0.03217	0.01017	0.04003	0.00869	0.00438	0.00405	0.00088	0.00402	0.00366	0.00321	0.74764
64	0.01755	0.00929	0.04171	0.00887	0.01273	0.00752	0.00742	0.04997	0.01341	0.45735	0.01764	0.10135	0.01334	0.00671	0.00497	0.00144	0.00426	0.00558	0.00516	0.21373
65	0.01260	0.25748	0.44098	0.01248	0.01832	0.08315	0.01439	0.01686	0.02847	0.04289	0.00911	0.01037	0.00697	0.00495	0.00463	0.00146	0.02172	0.00355	0.00244	0.00717
66	0.01076	0.01055	0.01578	0.62627	0.10243	0.07290	0.03072	0.01397	0.01079	0.01370	0.00938	0.01344	0.00719	0.00510	0.00505	0.00164	0.00684	0.00450	0.03303	0.00594
67	0.00644	0.00463	0.00612	0.00697	0.00748	0.00430	0.00476	0.00764	0.01077	0.01457	0.17593	0.65012	0.05133	0.01493	0.00644	0.00199	0.00286	0.01348	0.00494	0.00430
68	0.00886	0.00448	0.00664	0.00664	0.00664	0.00448	0.00440	0.00671	0.00671	0.00895	0.00920	0.01630	0.00929	0.04924	0.02029	0.81757	0.00448	0.00457	0.00226	0.00226
69	0.00645	0.00521	0.00573	0.00560	0.00717	0.00449	0.00420	0.00810	0.01260	0.01600	0.28585	0.04585	0.55038	0.01220	0.00606	0.00169	0.00254	0.01033	0.00505	0.00449
70	0.01951	0.01437	0.01540	0.01181	0.01591	0.01591	0.00975	0.77056	0.02412	0.03234	0.01232	0.01232	0.00873	0.00616	0.00513	0.00154	0.00565	0.00462	0.00513	0.00873
71	0.00702	0.00524	0.00653	0.00621	0.00752	0.00474	0.00465	0.00922	0.01396	0.01924	0.63944	0.04052	0.19477	0.01099	0.00605	0.00164	0.00246	0.00959	0.00547	0.00474
72	0.00739	0.00526	0.00703	0.00703	0.00752	0.00575	0.00489	0.00838	0.00789	0.01101	0.01486	0.02633	0.01551	0.39760	0.44389	0.00674	0.00971	0.00640	0.00291	0.00390
73	0.01100	0.02211	0.54654	0.01903	0.19030	0.01208	0.09439	0.01616	0.01115	0.01638	0.00942	0.01155	0.00699	0.00475	0.00504	0.00161	0.00737	0.00419	0.00229	0.00764
74	0.01362	0.69278	0.12301	0.00953	0.01431	0.01878	0.01002	0.01583	0.01063	0.04086	0.00787	0.00889	0.00680	0.00452	0.00356	0.00118	0.00571	0.00296	0.00234	0.00679
75	0.01372	0.82276	0.02689	0.00878	0.01317	0.02030	0.00878	0.01536	0.01043	0.01207	0.00713	0.00823	0.00658	0.00439	0.00329	0.00110	0.00549	0.00274	0.00219	0.00658
76	0.01394	0.72505	0.04298	0.00936	0.01357	0.07408	0.00916	0.01565	0.01064	0.01221	0.00722	0.00845	0.00659	0.00460	0.00383	0.00116	0.02988	0.00286	0.00223	0.00653
77	0.01042	0.05644	0.76432	0.01441	0.02187	0.01223	0.01858	0.01622	0.01082	0.01609	0.00913	0.01074	0.00650	0.00486	0.00482	0.00161	0.00750	0.00375	0.00217	0.00755
78	0.02151	0.00907	0.01186	0.00932	0.01313	0.00831	0.00763	0.02534	0.12700	0.67802	0.02034	0.01771	0.01314	0.00644	0.00517	0.00161	0.00432	0.00525	0.00618	0.00864
79	0.00734	0.00494	0.00569	0.00581	0.00586	0.00493	0.00335	0.00747	0.00771	0.01031	0.01732	0.11116	0.02004	0.72210	0.04161	0.00476	0.00497	0.00813	0.00327	0.00325
80	0.01750	0.06404	0.17065	0.01235	0.02944	0.09253	0.06490	0.15304	0.02858	0.28103	0.01386	0.02703	0.00976	0.00580	0.00502	0.00155	0.00611	0.00468	0.00429	0.00786
81	0.00611	0.00504	0.00537	0.00563	0.00704	0.00430	0.00409	0.00732	0.01128	0.01369	0.04673	0.21918	0.61917	0.01368	0.00617	0.00181	0.00268	0.01166	0.00476	0.00430
82	0.00891	0.00446	0.00668	0.00668	0.00668	0.00446	0.00446	0.00668	0.00668	0.00891	0.00891	0.01560	0.00891	0.01783	0.02005	0.85071	0.00446	0.00446	0.00223	0.00223
83	0.01204	0.01161	0.01537	0.13887	0.08278	0.05920	0.01146	0.06742	0.02339	0.01470	0.00879	0.02529	0.00784	0.00756	0.01160	0.00195	0.45506	0.00465	0.03436	0.00607
84	0.01493	0.46843	0.02255	0.04258	0.09006	0.23473	0.03273	0.01677	0.01173	0.01283	0.00777	0.00932	0.00679	0.00468	0.00399	0.00124	0.00673	0.00324	0.00237	0.00653
85	0.01045	0.05511	0.69871	0.01442	0.02142	0.01227	0.04048	0.01596	0.01082	0.01604	0.02343	0.01135	0.00733	0.00509	0.00531	0.00163	0.03658	0.00395	0.00225	0.00740

[dist]
# distance from previous block
# <min> <max>
0	43

[block]
# block no. 2 follows, 48 sequences, length 43
# corresponding to MSA columns:
# 335-377
name=unknown_C
#
# <colnr> <probs for GDERKNQSTAVLIFYWHMCP>
#	G	D	E	R	K	N	Q	S	T	A	V	L	I	F	Y	W	H	M	C	P
0	0.00693	0.00519	0.00644	0.00629	0.00755	0.00470	0.00470	0.00898	0.01345	0.01834	0.54113	0.10296	0.21459	0.01159	0.00612	0.00169	0.00256	0.02679	0.00536	0.00467
1	0.85592	0.00992	0.00754	0.00675	0.00992	0.01151	0.00556	0.01508	0.00873	0.02302	0.00714	0.00834	0.00556	0.00476	0.00318	0.00159	0.00397	0.00278	0.00318	0.00556
2	0.00718	0.00524	0.00674	0.00636	0.00761	0.00480	0.00477	0.00951	0.01432	0.02009	0.73188	0.03913	0.10179	0.01067	0.00605	0.00162	0.00243	0.00939	0.00558	0.00480
3	0.01090	0.00927	0.01078	0.00772	0.01227	0.00711	0.00619	0.03509	0.01103	0.01718	0.00921	0.01069	0.00763	0.00387	0.00384	0.00078	0.00385	0.00309	0.00310	0.82639
4	0.01096	0.00920	0.05128	0.01631	0.29582	0.00815	0.00980	0.01371	0.01325	0.09551	0.37021	0.02570	0.04323	0.00768	0.00555	0.00158	0.00422	0.00690	0.00438	0.00656
5	0.01092	0.08000	0.67612	0.01430	0.02124	0.04175	0.03389	0.01625	0.01090	0.01573	0.00898	0.01067	0.00654	0.00495	0.00508	0.00160	0.02774	0.00377	0.00220	0.00739
6	0.00986	0.00935	0.01543	0.71905	0.03291	0.01188	0.01391	0.01303	0.00999	0.01303	0.00885	0.01341	0.00683	0.00556	0.00643	0.00177	0.09620	0.00455	0.00228	0.00569
7	0.00606	0.00520	0.00520	0.00520	0.00693	0.00433	0.00390	0.00736	0.01170	0.01386	0.05198	0.04938	0.78558	0.01299	0.00606	0.00173	0.00260	0.01083	0.00476	0.00433
8	0.01229	0.01176	0.01987	0.02988	0.73978	0.01171	0.01502	0.01523	0.01168	0.01659	0.01225	0.01495	0.05582	0.00509	0.00514	0.00154	0.00588	0.00496	0.00268	0.00789
9	0.01027	0.00959	0.01599	0.70169	0.11799	0.01160	0.01430	0.03237	0.01076	0.01400	0.00926	0.01354	0.00703	0.00509	0.00512	0.00169	0.00673	0.00456	0.00238	0.00604
10	0.00762	0.00544	0.00752	0.00871	0.00961	0.00535	0.00714	0.00951	0.01117	0.01463	0.02752	0.30149	0.03095	0.01478	0.00691	0.00227	0.00416	0.51592	0.00474	0.00455
11	0.85592	0.00992	0.00754	0.00675	0.00992	0.01151	0.00556	0.01508	0.00873	0.02302	0.00714	0.00834	0.00556	0.00476	0.00318	0.00159	0.00397	0.00278	0.00318	0.00556
12	0.01264	0.02326	0.64911	0.01361	0.02053	0.01111	0.01685	0.01786	0.01154	0.15908	0.01124	0.01206	0.00764	0.00515	0.00493	0.00162	0.00699	0.00404	0.00294	0.00779
13	0.01334	0.43048	0.32259	0.01108	0.01667	0.01574	0.01260	0.01670	0.01102	0.09352	0.00928	0.01019	0.00718	0.00478	0.00410	0.00135	0.00619	0.00340	0.00261	0.00719
14	0.01372	0.82276	0.02689	0.00878	0.01317	0.02030	0.00878	0.01536	0.01043	0.01207	0.00713	0.00823	0.00658	0.00439	0.00329	0.00110	0.00549	0.00274	0.00219	0.00658
15	0.01917	0.02445	0.01454	0.01322	0.01586	0.79907	0.00991	0.02049	0.01454	0.01256	0.00793	0.00925	0.00661	0.00529	0.00463	0.00132	0.00925	0.00330	0.00264	0.00595
16	0.00746	0.00497	0.00560	0.00560	0.00560	0.00497	0.00311	0.00746	0.00746	0.00995	0.01617	0.03358	0.01865	0.81967	0.02612	0.00497	0.00497	0.00746	0.00311	0.00311
17	0.00891	0.00446	0.00668	0.00668	0.00668	0.00446	0.00446	0.00668	0.00668	0.00891	0.00891	0.01560	0.00891	0.01783	0.02005	0.85071	0.00446	0.00446	0.00223	0.00223
18	0.01397	0.01140	0.01193	0.01054	0.01354	0.03549	0.00830	0.09635	0.61200	0.06452	0.01991	0.01967	0.01514	0.00709	0.00527	0.00173	0.00441	0.03555	0.00518	0.00801
19	0.01951	0.01437	0.01540	0.01181	0.01591	0.01591	0.00975	0.77056	0.02412	0.03234	0.01232	0.01232	0.00873	0.00616	0.00513	0.00154	0.00565	0.00462	0.00513	0.00873
20	0.85592	0.00992	0.00754	0.00675	0.00992	0.01151	0.00556	0.01508	0.00873	0.02302	0.00714	0.00834	0.00556	0.00476	0.00318	0.00159	0.00397	0.00278	0.00318	0.00556
21	0.01383	0.00751	0.00945	0.00766	0.01062	0.00651	0.00610	0.04365	0.01392	0.29681	0.25850	0.02636	0.11511	0.00797	0.00531	0.00147	0.00350	0.00672	0.00532	0.15367
22	0.01276	0.01102	0.01160	0.01044	0.01334	0.01276	0.00812	0.02727	0.77840	0.02146	0.02088	0.01914	0.01566	0.00696	0.00522	0.00174	0.00406	0.00580	0.00522	0.00812
23	0.85592	0.00992	0.00754	0.00675	0.00992	0.01151	0.00556	0.01508	0.00873	0.02302	0.00714	0.00834	0.00556	0.00476	0.00318	0.00159	0.00397	0.00278	0.00318	0.00556
24	0.01064	0.00912	0.01064	0.00760	0.01216	0.00684	0.00608	0.01292	0.01064	0.01672	0.00912	0.01064	0.00760	0.00380	0.00380	0.00076	0.00380	0.00304	0.00304	0.85104
25	0.00956	0.00478	0.00478	0.00478	0.00598	0.00478	0.00359	0.01196	0.01076	0.01913	0.01674	0.01913	0.01315	0.00598	0.00359	0.00120	0.00239	0.00478	0.84816	0.00478
26	0.85592	0.00992	0.00754	0.00675	0.00992	0.01151	0.00556	0.01508	0.00873	0.02302	0.00714	0.00834	0.00556	0.00476	0.00318	0.00159	0.00397	0.00278	0.00318	0.00556
27	0.01064	0.00912	0.01064	0.00760	0.01216	0.00684	0.00608	0.01292	0.01064	0.01672	0.00912	0.01064	0.00760	0.00380	0.00380	0.00076	0.00380	0.00304	0.00304	0.85104
28	0.00956	0.00478	0.00478	0.00478	0.00598	0.00478	0.00359	0.01196	0.01076	0.01913	0.01674	0.01913	0.01315	0.00598	0.00359	0.00120	0.00239	0.00478	0.84816	0.00478
29	0.01951	0.01437	0.01540	0.01181	0.01591	0.01591	0.00975	0.77056	0.02412	0.03234	0.01232	0.01232	0.00873	0.00616	0.00513	0.00154	0.00565	0.00462	0.00513	0.00873
30	0.01029	0.02654	0.79309	0.01462	0.02221	0.01192	0.01896	0.01625	0.01083	0.01625	0.00921	0.01083	0.00650	0.00487	0.00487	0.00162	0.00758	0.00379	0.00217	0.00758
31	0.00640	0.00511	0.00579	0.00623	0.00754	0.00450	0.00468	0.00774	0.01125	0.01387	0.04291	0.23885	0.50205	0.01391	0.00632	0.00190	0.00297	0.10889	0.00476	0.00434
32	0.00733	0.00550	0.00825	0.00825	0.00916	0.00641	0.00641	0.00916	0.00825	0.01191	0.01374	0.02016	0.01283	0.03848	0.79934	0.00825	0.01374	0.00550	0.00275	0.00458
33	0.00734	0.00546	0.00803	0.00803	0.00887	0.00630	0.00615	0.00903	0.00818	0.01175	0.01394	0.02124	0.01330	0.10150	0.73696	0.00798	0.01304	0.00566	0.00278	0.00446
34	0.01372	0.82276	0.02689	0.00878	0.01317	0.02030	0.00878	0.01536	0.01043	0.01207	0.00713	0.00823	0.00658	0.00439	0.00329	0.00110	0.00549	0.00274	0.00219	0.00658
35	0.00741	0.00495	0.00561	0.00567	0.00568	0.00494	0.00319	0.00745	0.00757	0.01010	0.01673	0.07018	0.01937	0.78209	0.02520	0.00484	0.00488	0.00779	0.00319	0.00316
36	0.01048	0.01017	0.01461	0.01266	0.01295	0.01382	0.02958	0.01180	0.00807	0.01239	0.00847	0.02953	0.00837	0.01404	0.14988	0.00325	0.63717	0.00491	0.00239	0.00544
37	0.01096	0.00934	0.01081	0.00782	0.01231	0.00731	0.00626	0.03441	0.03943	0.01733	0.00964	0.01100	0.00793	0.00398	0.00389	0.00082	0.00386	0.00319	0.00318	0.79654
38	0.01048	0.06926	0.75198	0.01431	0.02172	0.01237	0.01841	0.01620	0.01081	0.01603	0.00910	0.01069	0.00650	0.00485	0.00479	0.00160	0.00747	0.00374	0.00217	0.00753
39	0.00997	0.00941	0.01590	0.73449	0.10598	0.01147	0.01439	0.01336	0.01039	0.01345	0.00917	0.01359	0.00696	0.00508	0.00513	0.00169	0.00677	0.00456	0.00230	0.00593
40	0.85592	0.00992	0.00754	0.00675	0.00992	0.01151	0.00556	0.01508	0.00873	0.02302	0.00714	0.00834	0.00556	0.00476	0.00318	0.00159	0.00397	0.00278	0.00318	0.00556
41	0.03237	0.00901	0.01034	0.00932	0.01130	0.02595	0.00730	0.15079	0.19031	0.01845	0.01586	0.03819	0.02670	0.04903	0.30505	0.00426	0.03923	0.00562	0.04473	0.00618
42	0.01634	0.10815	0.03124	0.01083	0.01442	0.04335	0.02754	0.39805	0.07775	0.08056	0.04571	0.07793	0.01288	0.00761	0.02270	0.00170	0.00549	0.00550	0.00460	0.00764

[dist]
# distance from previous block
# <min> <max>
0	1

[block]
# block no. 3 follows, 48 sequences, length 137
# corresponding to MSA columns:
# 379-515
name=unknown_D
#
# <colnr> <probs for GDERKNQSTAVLIFYWHMCP>
#	G	D	E	R	K	N	Q	S	T	A	V	L	I	F	Y	W	H	M	C	P
0	0.01521	0.59954	0.02332	0.00979	0.01377	0.17530	0.00897	0.03412	0.03003	0.03766	0.00816	0.00908	0.00705	0.00473	0.00371	0.00118	0.00617	0.00305	0.00256	0.00661
1	0.01408	0.00714	0.00927	0.00784	0.01032	0.00658	0.00619	0.01730	0.07764	0.33302	0.39759	0.02850	0.04546	0.00857	0.00562	0.00162	0.00335	0.00735	0.00588	0.00668
2	0.01385	0.80377	0.02659	0.00889	0.01323	0.03883	0.00881	0.01549	0.01052	0.01208	0.00715	0.00826	0.00659	0.00441	0.00332	0.00110	0.00558	0.00276	0.00221	0.00657
3	0.00625	0.00447	0.00595	0.00714	0.00744	0.00417	0.00476	0.00714	0.00982	0.01310	0.02828	0.81633	0.03394	0.01608	0.00655	0.00208	0.00298	0.01459	0.00476	0.00417
4	0.61892	0.03211	0.00948	0.00814	0.01120	0.17490	0.00653	0.01636	0.01018	0.03882	0.00789	0.00904	0.00618	0.00493	0.00354	0.00151	0.00507	0.00300	0.02649	0.00572
5	0.01372	0.82276	0.02689	0.00878	0.01317	0.02030	0.00878	0.01536	0.01043	0.01207	0.00713	0.00823	0.00658	0.00439	0.00329	0.00110	0.00549	0.00274	0.00219	0.00658
6	0.03998	0.79742	0.02628	0.00872	0.01307	0.02003	0.00868	0.01536	0.01037	0.01241	0.00713	0.00823	0.00655	0.00440	0.00329	0.00111	0.00544	0.00274	0.00223	0.00655
7	0.01581	0.01254	0.01332	0.01106	0.01450	0.01419	0.00886	0.36322	0.43748	0.02638	0.01701	0.01606	0.01253	0.00660	0.00518	0.00165	0.00478	0.00527	0.00518	0.00839
8	0.00969	0.00912	0.01539	0.80734	0.03534	0.01140	0.01425	0.01311	0.01026	0.01311	0.00912	0.01368	0.00684	0.00513	0.00513	0.00171	0.00684	0.00456	0.00228	0.00570
9	0.00746	0.00497	0.00560	0.00560	0.00560	0.00497	0.00311	0.00746	0.00746	0.00995	0.01617	0.03358	0.01865	0.81967	0.02612	0.00497	0.00497	0.00746	0.00311	0.00311
10	0.00612	0.00517	0.00530	0.00539	0.00703	0.00435	0.00403	0.00741	0.01159	0.01385	0.05019	0.09227	0.72936	0.01319	0.00611	0.00176	0.00266	0.02513	0.00476	0.00433
11	0.01029	0.02654	0.79309	0.01462	0.02221	0.01192	0.01896	0.01625	0.01083	0.01625	0.00921	0.01083	0.00650	0.00487	0.00487	0.00162	0.00758	0.00379	0.00217	0.00758
12	0.00742	0.00496	0.00561	0.00564	0.00565	0.00495	0.00316	0.00745	0.00754	0.01005	0.01654	0.05799	0.01913	0.79462	0.02551	0.00488	0.00491	0.00768	0.00316	0.00314
13	0.00733	0.00550	0.00825	0.00825	0.00916	0.00641	0.00641	0.00916	0.00825	0.01191	0.01374	0.02016	0.01283	0.03848	0.79934	0.00825	0.01374	0.00550	0.00275	0.00458
14	0.01917	0.02445	0.01454	0.01322	0.01586	0.79907	0.00991	0.02049	0.01454	0.01256	0.00793	0.00925	0.00661	0.00529	0.00463	0.00132	0.00925	0.00330	0.00264	0.00595
15	0.00625	0.00447	0.00595	0.00714	0.00744	0.00417	0.00476	0.00714	0.00982	0.01310	0.02828	0.81633	0.03394	0.01608	0.00655	0.00208	0.00298	0.01459	0.00476	0.00417
16	0.00726	0.00524	0.00686	0.00646	0.00767	0.00484	0.00484	0.00968	0.01452	0.02058	0.78496	0.03833	0.04841	0.01049	0.00605	0.00161	0.00242	0.00928	0.00565	0.00484
17	0.00746	0.00497	0.00560	0.00560	0.00560	0.00497	0.00311	0.00746	0.00746	0.00995	0.01617	0.03358	0.01865	0.81967	0.02612	0.00497	0.00497	0.00746	0.00311	0.00311
18	0.00827	0.00591	0.00827	0.00945	0.01063	0.00591	0.00827	0.01063	0.01181	0.01536	0.02717	0.05788	0.02953	0.01417	0.00709	0.00236	0.00472	0.75313	0.00472	0.00472
19	0.01186	0.01556	0.13358	0.02068	0.02619	0.01283	0.66745	0.01641	0.01194	0.01641	0.01022	0.01343	0.00761	0.00440	0.00590	0.00172	0.00851	0.00575	0.00254	0.00701
20	0.00779	0.00576	0.00822	0.00809	0.00902	0.00660	0.00618	0.03675	0.00874	0.01244	0.01395	0.02133	0.01331	0.12203	0.68650	0.00765	0.01250	0.00568	0.00287	0.00457
21	0.01904	0.02420	0.01448	0.01317	0.01581	0.78401	0.00988	0.02062	0.02918	0.01273	0.00818	0.00944	0.00678	0.00532	0.00464	0.00133	0.00915	0.00335	0.00269	0.00599
22	0.01229	0.01177	0.02009	0.13707	0.68529	0.01208	0.01554	0.01539	0.01149	0.01627	0.00958	0.01283	0.00795	0.00465	0.00509	0.00155	0.00620	0.00457	0.00250	0.00780
23	0.01257	0.01201	0.01736	0.06404	0.49171	0.05400	0.01311	0.01795	0.17944	0.01721	0.01308	0.04436	0.01108	0.00581	0.00519	0.00161	0.00571	0.02285	0.00325	0.00766
24	0.01268	0.58178	0.25878	0.01055	0.01590	0.01776	0.01186	0.01563	0.01055	0.01334	0.00776	0.00902	0.00656	0.00454	0.00377	0.00126	0.00612	0.00306	0.00219	0.00689
25	0.01396	0.80155	0.02650	0.00879	0.01317	0.01997	0.00875	0.01562	0.01054	0.03238	0.00748	0.00847	0.00674	0.00444	0.00334	0.00111	0.00546	0.00281	0.00230	0.00664
26	0.82953	0.00990	0.00779	0.03171	0.01072	0.01151	0.00583	0.01502	0.00878	0.02271	0.00721	0.00850	0.00560	0.00477	0.00324	0.00159	0.00406	0.00283	0.00315	0.00556
27	0.01713	0.01295	0.01461	0.01206	0.03963	0.01420	0.02801	0.58489	0.08364	0.02849	0.01461	0.09949	0.01197	0.00720	0.00531	0.00162	0.00532	0.00582	0.00496	0.00812
28	0.00625	0.00447	0.00595	0.00714	0.00744	0.00417	0.00476	0.00714	0.00982	0.01310	0.02828	0.81633	0.03394	0.01608	0.00655	0.00208	0.00298	0.01459	0.00476	0.00417
29	0.01018	0.02576	0.76441	0.01433	0.02168	0.01166	0.01844	0.01601	0.01097	0.01641	0.03751	0.01184	0.00803	0.00508	0.00492	0.00162	0.00739	0.00399	0.00229	0.00748
30	0.01050	0.00897	0.01049	0.00759	0.01201	0.00675	0.00604	0.01274	0.01061	0.01660	0.00973	0.03629	0.00844	0.00419	0.00389	0.00080	0.00377	0.00341	0.00309	0.82408
31	0.00625	0.00447	0.00595	0.00714	0.00744	0.00417	0.00476	0.00714	0.00982	0.01310	0.02828	0.81633	0.03394	0.01608	0.00655	0.00208	0.00298	0.01459	0.00476	0.00417
32	0.01242	0.01195	0.02061	0.05469	0.71612	0.01199	0.04289	0.01547	0.01161	0.01654	0.01015	0.03372	0.00875	0.00488	0.00516	0.00155	0.00613	0.00489	0.00259	0.00790
33	0.01254	0.01449	0.02931	0.02111	0.02615	0.06105	0.72261	0.01668	0.01226	0.01620	0.01023	0.01356	0.00771	0.00438	0.00597	0.00171	0.00869	0.00589	0.00260	0.00686
34	0.01252	0.01208	0.02092	0.04553	0.72114	0.01209	0.05138	0.01562	0.01168	0.01665	0.01003	0.01369	0.00852	0.00477	0.00517	0.00155	0.00620	0.01991	0.00258	0.00795
35	0.01898	0.02414	0.01457	0.01322	0.01581	0.78054	0.00995	0.02030	0.01438	0.01255	0.00790	0.00930	0.00661	0.00537	0.00492	0.00134	0.02821	0.00333	0.00263	0.00594
36	0.00606	0.00520	0.00520	0.00520	0.00693	0.00433	0.00390	0.00736	0.01170	0.01386	0.05198	0.04938	0.78558	0.01299	0.00606	0.00173	0.00260	0.01083	0.00476	0.00433
37	0.01372	0.82276	0.02689	0.00878	0.01317	0.02030	0.00878	0.01536	0.01043	0.01207	0.00713	0.00823	0.00658	0.00439	0.00329	0.00110	0.00549	0.00274	0.00219	0.00658
38	0.01276	0.01102	0.01160	0.01044	0.01334	0.01276	0.00812	0.02727	0.77840	0.02146	0.02088	0.01914	0.01566	0.00696	0.00522	0.00174	0.00406	0.00580	0.00522	0.00812
39	0.85592	0.00992	0.00754	0.00675	0.00992	0.01151	0.00556	0.01508	0.00873	0.02302	0.00714	0.00834	0.00556	0.00476	0.00318	0.00159	0.00397	0.00278	0.00318	0.00556
40	0.00681	0.00486	0.00659	0.00778	0.00832	0.00465	0.00573	0.00811	0.01037	0.01372	0.02797	0.60675	0.03272	0.01555	0.00670	0.00216	0.00346	0.21867	0.00475	0.00432
41	0.85592	0.00992	0.00754	0.00675	0.00992	0.01151	0.00556	0.01508	0.00873	0.02302	0.00714	0.00834	0.00556	0.00476	0.00318	0.00159	0.00397	0.00278	0.00318	0.00556
42	0.00625	0.00447	0.00595	0.00714	0.00744	0.00417	0.00476	0.00714	0.00982	0.01310	0.02828	0.81633	0.03394	0.01608	0.00655	0.00208	0.00298	0.01459	0.00476	0.00417
43	0.01029	0.02654	0.79309	0.01462	0.02221	0.01192	0.01896	0.01625	0.01083	0.01625	0.00921	0.01083	0.00650	0.00487	0.00487	0.00162	0.00758	0.00379	0.00217	0.00758
44	0.00969	0.00912	0.01539	0.80734	0.03534	0.01140	0.01425	0.01311	0.01026	0.01311	0.00912	0.01368	0.00684	0.00513	0.00513	0.00171	0.00684	0.00456	0.00228	0.00570
45	0.00789	0.00573	0.00776	0.00871	0.00992	0.00560	0.00744	0.01008	0.01189	0.01543	0.07765	0.08736	0.11101	0.01390	0.00689	0.00224	0.00428	0.59677	0.00479	0.00467
46	0.02302	0.00873	0.01191	0.00913	0.01310	0.00754	0.00754	0.02501	0.01469	0.79122	0.02024	0.01746	0.01270	0.00635	0.00516	0.00159	0.00437	0.00516	0.00635	0.00873
47	0.01017	0.01006	0.01837	0.65020	0.03364	0.01172	0.16520	0.01378	0.01063	0.01378	0.00937	0.01371	0.00703	0.00497	0.00532	0.00171	0.00720	0.00486	0.00234	0.00594
48	0.00606	0.00520	0.00520	0.00520	0.00693	0.00433	0.00390	0.00736	0.01170	0.01386	0.05198	0.04938	0.78558	0.01299	0.00606	0.00173	0.00260	0.01083	0.00476	0.00433
49	0.00625	0.00447	0.00595	0.00714	0.00744	0.00417	0.00476	0.00714	0.00982	0.01310	0.02828	0.81633	0.03394	0.01608	0.00655	0.00208	0.00298	0.01459	0.00476	0.00417
50	0.01211	0.01384	0.03028	0.02163	0.02682	0.01298	0.76903	0.01644	0.01211	0.01644	0.01038	0.01384	0.00779	0.00433	0.00606	0.00173	0.00865	0.00606	0.00260	0.00692
51	0.01286	0.01286	0.02142	0.04696	0.65461	0.04816	0.09566	0.01598	0.01183	0.01645	0.00964	0.01269	0.00799	0.00459	0.00516	0.00154	0.00653	0.00467	0.00254	0.00785
52	0.00726	0.00524	0.00686	0.00646	0.00767	0.00484	0.00484	0.00968	0.01452	0.02058	0.78496	0.03833	0.04841	0.01049	0.00605	0.00161	0.00242	0.00928	0.00565	0.00484
