[name]
unknown

[dist]
# distance from previous block
# <min> <max>
26	111

[block]
# block no. 0 follows, 47 sequences, length 10
# corresponding to MSA columns:
# 157-166
name=unknown_A
#
# <colnr> <probs for GDERKNQSTAVLIFYWHMCP>
#	G	D	E	R	K	N	Q	S	T	A	V	L	I	F	Y	W	H	M	C	P
0	0.01291	0.01093	0.01471	0.17849	0.06448	0.01131	0.04945	0.20312	0.02843	0.02006	0.03404	0.03516	0.00997	0.00569	0.00552	0.00143	0.04595	0.00470	0.00353	0.26014
1	0.00793	0.00530	0.00677	0.00672	0.00775	0.00496	0.00480	0.00952	0.01205	0.05853	0.35150	0.21786	0.10562	0.12401	0.05064	0.00258	0.00367	0.01014	0.00497	0.00467
2	0.01269	0.01250	0.01638	0.10997	0.38621	0.12498	0.01251	0.04715	0.02583	0.01594	0.01274	0.04651	0.02524	0.03899	0.04769	0.00211	0.00679	0.04590	0.00300	0.00688
3	0.01083	0.00588	0.00627	0.00587	0.00741	0.00594	0.00448	0.07965	0.01244	0.04983	0.05754	0.06161	0.01592	0.00688	0.00413	0.00133	0.00283	0.00562	0.65021	0.00533
4	0.01210	0.00878	0.01058	0.10743	0.01391	0.00954	0.00771	0.26265	0.03175	0.02076	0.05727	0.19206	0.01835	0.05381	0.00738	0.04243	0.00460	0.03799	0.09487	0.00603
5	0.01864	0.01222	0.01388	0.01061	0.01470	0.04037	0.02768	0.37316	0.01852	0.22465	0.01396	0.01371	0.00975	0.00580	0.00494	0.00142	0.00517	0.00455	0.03218	0.15407
6	0.16126	0.07390	0.10927	0.08313	0.03940	0.03897	0.10009	0.27734	0.01552	0.02264	0.01040	0.02666	0.00798	0.00552	0.00482	0.00159	0.00620	0.00444	0.00357	0.00732
7	0.12243	0.02687	0.13790	0.05256	0.04906	0.01067	0.06506	0.09344	0.05231	0.01916	0.01197	0.03486	0.03320	0.00537	0.00460	0.00139	0.00529	0.00443	0.00329	0.26615
8	0.01378	0.07798	0.03148	0.03157	0.01443	0.01153	0.02455	0.22211	0.10576	0.04052	0.08018	0.01491	0.01267	0.00568	0.00470	0.00130	0.00471	0.00457	0.00413	0.29344
9	0.04317	0.05058	0.17702	0.09667	0.01850	0.14001	0.01150	0.18121	0.07183	0.01964	0.01053	0.01178	0.00798	0.00530	0.00473	0.00144	0.00640	0.00399	0.00335	0.13436

[dist]
# distance from previous block
# <min> <max>
0	33

[block]
# block no. 1 follows, 47 sequences, length 8
# corresponding to MSA columns:
# 200-207
name=unknown_B
#
# <colnr> <probs for GDERKNQSTAVLIFYWHMCP>
#	G	D	E	R	K	N	Q	S	T	A	V	L	I	F	Y	W	H	M	C	P
0	0.09155	0.01104	0.01136	0.00953	0.01253	0.05688	0.00754	0.26474	0.07615	0.05987	0.07671	0.09400	0.01612	0.04871	0.00622	0.00175	0.00478	0.03677	0.00457	0.10919
1	0.06397	0.08818	0.06922	0.01183	0.06171	0.04146	0.02086	0.28682	0.06298	0.03740	0.01531	0.15498	0.02661	0.00765	0.00513	0.00162	0.00526	0.00626	0.00421	0.02853
2	0.02926	0.00978	0.01143	0.04294	0.04355	0.01033	0.00783	0.19404	0.19680	0.02035	0.01680	0.13590	0.03232	0.00900	0.00695	0.09717	0.00451	0.00637	0.00428	0.12039
3	0.22389	0.02999	0.01269	0.08405	0.01550	0.08428	0.00858	0.25759	0.05374	0.07968	0.01185	0.04360	0.00923	0.00599	0.00461	0.00155	0.00535	0.00446	0.00410	0.05924
4	0.03097	0.13494	0.01287	0.00980	0.05159	0.10670	0.00742	0.14997	0.01402	0.01747	0.06164	0.02740	0.22508	0.08188	0.00715	0.00188	0.00502	0.04428	0.00398	0.00593
5	0.01530	0.01048	0.01189	0.00985	0.01259	0.01122	0.00778	0.43208	0.01792	0.06917	0.01708	0.11977	0.06046	0.01101	0.03565	0.13464	0.00521	0.00643	0.00466	0.00680
6	0.01430	0.01054	0.01242	0.05273	0.05374	0.01137	0.00875	0.04546	0.46526	0.14246	0.01888	0.01899	0.01418	0.00671	0.00522	0.00166	0.00447	0.03101	0.00499	0.07686
7	0.01048	0.03497	0.01087	0.00944	0.01098	0.03822	0.00748	0.13801	0.01133	0.01555	0.01287	0.01833	0.01172	0.06807	0.51156	0.00611	0.07010	0.00528	0.00316	0.00548

[dist]
# distance from previous block
# <min> <max>
0	1

[block]
# block no. 2 follows, 47 sequences, length 32
# corresponding to MSA columns:
# 209-240
name=unknown_C
#
# <colnr> <probs for GDERKNQSTAVLIFYWHMCP>
#	G	D	E	R	K	N	Q	S	T	A	V	L	I	F	Y	W	H	M	C	P
0	0.11035	0.01560	0.01509	0.01703	0.23131	0.25140	0.01072	0.08561	0.12583	0.04975	0.01131	0.01252	0.00887	0.00578	0.00520	0.02221	0.00647	0.00425	0.00347	0.00721
1	0.00830	0.00454	0.00656	0.00687	0.00695	0.00446	0.00456	0.00693	0.00763	0.01017	0.01434	0.22211	0.01590	0.04205	0.01701	0.60445	0.00415	0.00727	0.00295	0.00280
2	0.00977	0.00654	0.00724	0.02958	0.00902	0.00677	0.00529	0.09411	0.04684	0.01838	0.02462	0.02629	0.19716	0.02858	0.10904	0.00244	0.00461	0.00650	0.36191	0.00530
3	0.01998	0.00951	0.01194	0.00956	0.01321	0.00916	0.00776	0.06782	0.18263	0.53341	0.06247	0.01897	0.01533	0.00680	0.00530	0.00164	0.00433	0.00558	0.00608	0.00851
4	0.67585	0.00972	0.00846	0.00729	0.01061	0.01075	0.00600	0.01704	0.01015	0.16588	0.03087	0.01102	0.00818	0.00529	0.00368	0.00161	0.00406	0.00345	0.00389	0.00622
5	0.00744	0.00507	0.00637	0.00682	0.00780	0.00458	0.00482	0.00877	0.01148	0.05872	0.16183	0.46994	0.19879	0.01411	0.00637	0.00193	0.00292	0.01251	0.00508	0.00465
6	0.50089	0.00956	0.00954	0.00788	0.01144	0.00997	0.00650	0.01959	0.01143	0.34834	0.01290	0.01240	0.00872	0.00552	0.00408	0.00161	0.00420	0.00385	0.00459	0.00701
7	0.54622	0.01013	0.00941	0.00797	0.01136	0.01113	0.00653	0.07368	0.06500	0.17838	0.02894	0.01209	0.00905	0.00555	0.00399	0.00162	0.00421	0.00381	0.00422	0.00669
8	0.00782	0.00554	0.00666	0.00671	0.00801	0.00510	0.00487	0.00999	0.04986	0.05661	0.24101	0.27617	0.25511	0.03383	0.00674	0.00191	0.00294	0.01108	0.00514	0.00488
9	0.85377	0.01007	0.00765	0.00685	0.01007	0.01168	0.00564	0.01531	0.00886	0.02336	0.00725	0.00846	0.00564	0.00483	0.00322	0.00161	0.00403	0.00282	0.00322	0.00564
10	0.00741	0.00506	0.00600	0.00632	0.00654	0.00499	0.00398	0.00784	0.00853	0.01129	0.02060	0.16593	0.04466	0.58162	0.02072	0.00421	0.00462	0.08253	0.00364	0.00353
11	0.00659	0.00472	0.00614	0.00696	0.00753	0.00437	0.00477	0.00782	0.01094	0.01481	0.16327	0.61578	0.07945	0.01491	0.00647	0.00199	0.00289	0.01342	0.02278	0.00437
12	0.01079	0.10570	0.71427	0.01425	0.02163	0.01294	0.01822	0.01640	0.01095	0.01607	0.00914	0.01073	0.00661	0.00490	0.00479	0.00160	0.00749	0.00374	0.00220	0.00760
13	0.01269	0.01091	0.01155	0.01041	0.01327	0.01258	0.00809	0.02683	0.73941	0.02174	0.05689	0.02034	0.01746	0.00723	0.00534	0.00176	0.00404	0.00605	0.00532	0.00809
14	0.20912	0.01075	0.01186	0.00948	0.01320	0.01119	0.00777	0.21348	0.08713	0.33315	0.03156	0.01489	0.01126	0.00618	0.00480	0.00161	0.00460	0.00470	0.00528	0.00799
15	0.00744	0.00558	0.00837	0.00837	0.00930	0.00651	0.00651	0.00930	0.00837	0.01209	0.01395	0.02046	0.01302	0.03906	0.79635	0.00837	0.01395	0.00558	0.00279	0.00465
16	0.00634	0.00453	0.00604	0.00725	0.00755	0.00423	0.00483	0.00725	0.00997	0.01329	0.02870	0.81358	0.03444	0.01632	0.00665	0.00211	0.00302	0.01480	0.00483	0.00423
17	0.01398	0.01148	0.01219	0.01071	0.01381	0.01314	0.00840	0.10574	0.67349	0.04542	0.02026	0.01865	0.01506	0.00696	0.00529	0.00174	0.00430	0.00574	0.00532	0.00833
18	0.00760	0.00545	0.00806	0.00806	0.00885	0.00623	0.00612	0.00895	0.00817	0.01168	0.01361	0.02078	0.01297	0.08139	0.67649	0.09038	0.01252	0.00559	0.00276	0.00433
19	0.00777	0.00523	0.00685	0.00759	0.00835	0.00495	0.00540	0.03223	0.01118	0.04977	0.08071	0.62174	0.04857	0.01494	0.00654	0.00206	0.00327	0.07320	0.00498	0.00468
20	0.01289	0.01237	0.02114	0.03196	0.78450	0.01237	0.01598	0.01598	0.01186	0.01701	0.00980	0.01289	0.00825	0.00464	0.00516	0.00155	0.00619	0.00464	0.00258	0.00825
21	0.00656	0.00469	0.00615	0.00703	0.00749	0.00438	0.00475	0.00767	0.01064	0.01434	0.14532	0.64104	0.05251	0.05203	0.00747	0.00217	0.00302	0.01355	0.00490	0.00429
22	0.01378	0.01160	0.01311	0.01119	0.01432	0.01311	0.04803	0.14661	0.57675	0.02277	0.01900	0.01871	0.01447	0.04480	0.00632	0.00189	0.00467	0.00579	0.00504	0.00804
23	0.45026	0.13419	0.01293	0.00936	0.01258	0.27620	0.00760	0.01719	0.01109	0.01817	0.00752	0.00876	0.00615	0.00496	0.00373	0.00145	0.00605	0.00299	0.00290	0.00593
24	0.11897	0.03782	0.01424	0.01085	0.01463	0.01481	0.00895	0.56155	0.05839	0.02940	0.04828	0.01368	0.01075	0.00713	0.02568	0.00175	0.00550	0.00471	0.00484	0.00808
25	0.03703	0.44044	0.24581	0.01061	0.01587	0.01614	0.01158	0.05000	0.01154	0.04201	0.02692	0.01048	0.00800	0.00487	0.00405	0.00132	0.00595	0.00344	0.00266	0.05129
26	0.01981	0.00817	0.01099	0.00865	0.01215	0.00708	0.00704	0.02189	0.01468	0.61464	0.15034	0.02206	0.04093	0.00728	0.00538	0.00160	0.00403	0.00605	0.00619	0.03105
27	0.00881	0.00610	0.00676	0.00641	0.00689	0.00631	0.00393	0.07010	0.04375	0.01247	0.01631	0.03166	0.01798	0.71448	0.02382	0.00462	0.00506	0.00726	0.00342	0.00385
28	0.00971	0.00485	0.00485	0.00485	0.00607	0.00485	0.00364	0.01213	0.01092	0.01942	0.01699	0.01942	0.01335	0.00607	0.00364	0.00121	0.00243	0.00485	0.84589	0.00485
29	0.01116	0.00924	0.01084	0.00776	0.01237	0.00696	0.00621	0.01347	0.01092	0.03918	0.00958	0.01100	0.00786	0.00393	0.00390	0.00080	0.00387	0.00315	0.00318	0.82463
30	0.00687	0.00532	0.00628	0.00632	0.00765	0.00480	0.00468	0.00889	0.02943	0.01683	0.33398	0.16883	0.33803	0.01259	0.00624	0.00178	0.00271	0.02892	0.00520	0.00467
31	0.73034	0.02952	0.00894	0.00744	0.01078	0.01217	0.00616	0.07513	0.02589	0.04289	0.00828	0.00923	0.00631	0.00502	0.00347	0.00160	0.00421	0.00309	0.00348	0.00605

[dist]
# distance from previous block
# <min> <max>
0	5

[block]
# block no. 3 follows, 47 sequences, length 16
# corresponding to MSA columns:
# 246-261
name=unknown_D
#
# <colnr> <probs for GDERKNQSTAVLIFYWHMCP>
#	G	D	E	R	K	N	Q	S	T	A	V	L	I	F	Y	W	H	M	C	P
0	0.60681	0.03294	0.00956	0.00788	0.01123	0.01201	0.00648	0.06257	0.10418	0.08865	0.01041	0.01083	0.00774	0.00532	0.00377	0.00161	0.00422	0.00351	0.00384	0.00645
1	0.23217	0.01276	0.01283	0.01039	0.01408	0.01437	0.00848	0.42873	0.16841	0.02822	0.01287	0.01283	0.00942	0.00605	0.00472	0.00162	0.00498	0.00445	0.00472	0.00791
2	0.00971	0.00485	0.00485	0.00485	0.00607	0.00485	0.00364	0.01213	0.01092	0.01942	0.01699	0.01942	0.01335	0.00607	0.00364	0.00121	0.00243	0.00485	0.84589	0.00485
3	0.42334	0.07400	0.01222	0.00916	0.01271	0.03842	0.00759	0.24406	0.09404	0.02487	0.01032	0.01085	0.00780	0.00548	0.00410	0.00157	0.00484	0.00372	0.00395	0.00698
4	0.01500	0.61708	0.02401	0.00981	0.01392	0.12549	0.00909	0.06475	0.05317	0.01414	0.00844	0.00935	0.00732	0.00483	0.00375	0.00121	0.00602	0.00315	0.00264	0.00682
5	0.00687	0.00530	0.00627	0.00603	0.00748	0.00470	0.00452	0.00887	0.01357	0.01810	0.48437	0.04348	0.34825	0.01168	0.00615	0.00169	0.00253	0.01006	0.00537	0.00470
6	0.00634	0.00453	0.00604	0.00725	0.00755	0.00423	0.00483	0.00725	0.00997	0.01329	0.02870	0.81358	0.03444	0.01632	0.00665	0.00211	0.00302	0.01480	0.00483	0.00423
7	0.01828	0.10451	0.01650	0.01309	0.01610	0.62624	0.03826	0.03885	0.05539	0.01382	0.00888	0.01008	0.00730	0.00535	0.00466	0.00136	0.00860	0.00357	0.00284	0.00633
8	0.01980	0.01459	0.01563	0.01198	0.01615	0.01615	0.00990	0.76713	0.02448	0.03282	0.01250	0.01250	0.00886	0.00625	0.00521	0.00156	0.00573	0.00469	0.00521	0.00886
9	0.04923	0.45916	0.05905	0.01182	0.06026	0.04449	0.05783	0.11406	0.01298	0.05807	0.02385	0.01077	0.00823	0.00499	0.00414	0.00133	0.00588	0.00368	0.00301	0.00715
10	0.00745	0.00555	0.00824	0.00824	0.00913	0.00644	0.00635	0.00922	0.00833	0.01200	0.01406	0.02110	0.01330	0.07557	0.76021	0.00821	0.01353	0.00567	0.00281	0.00458
11	0.07076	0.01129	0.01328	0.01024	0.01428	0.01139	0.00846	0.32994	0.01849	0.43239	0.01645	0.01503	0.01080	0.00627	0.00511	0.00159	0.00494	0.00487	0.00575	0.00867
12	0.01174	0.00708	0.00886	0.00796	0.00997	0.00690	0.00616	0.06581	0.07354	0.17262	0.30856	0.10437	0.07235	0.03996	0.04789	0.00219	0.00405	0.03853	0.00539	0.00606
13	0.00713	0.00527	0.00666	0.00641	0.00766	0.00480	0.00477	0.00932	0.01402	0.01942	0.62845	0.08979	0.15423	0.01137	0.00618	0.00169	0.00252	0.00999	0.00555	0.00480
14	0.00790	0.00535	0.00610	0.00604	0.00621	0.00542	0.00355	0.03154	0.00823	0.01101	0.01670	0.06476	0.01904	0.73149	0.05201	0.00494	0.00530	0.00771	0.00328	0.00343
15	0.85377	0.01007	0.00765	0.00685	0.01007	0.01168	0.00564	0.01531	0.00886	0.02336	0.00725	0.00846	0.00564	0.00483	0.00322	0.00161	0.00403	0.00282	0.00322	0.00564

[dist]
# distance from previous block
# <min> <max>
0	18

[block]
# block no. 4 follows, 47 sequences, length 21
# corresponding to MSA columns:
# 280-300
name=unknown_E
#
# <colnr> <probs for GDERKNQSTAVLIFYWHMCP>
#	G	D	E	R	K	N	Q	S	T	A	V	L	I	F	Y	W	H	M	C	P
0	0.00701	0.00531	0.00647	0.00618	0.00756	0.00476	0.00463	0.00914	0.01390	0.01889	0.56808	0.04219	0.26405	0.01139	0.00615	0.00167	0.00251	0.00988	0.00547	0.00476
1	0.01125	0.00952	0.01104	0.00793	0.01253	0.00740	0.00636	0.05070	0.01148	0.01776	0.00942	0.01088	0.00777	0.00398	0.00392	0.00081	0.00395	0.00317	0.00319	0.80695
2	0.00634	0.00453	0.00604	0.00725	0.00755	0.00423	0.00483	0.00725	0.00997	0.01329	0.02870	0.81358	0.03444	0.01632	0.00665	0.00211	0.00302	0.01480	0.00483	0.00423
3	0.01211	0.00951	0.01114	0.00804	0.01261	0.00747	0.00647	0.05368	0.01179	0.06902	0.01018	0.01135	0.00812	0.00415	0.00402	0.00087	0.00399	0.00331	0.00342	0.74875
4	0.00650	0.00471	0.00609	0.00696	0.00749	0.00436	0.00473	0.00762	0.01067	0.01425	0.12903	0.63075	0.09187	0.03994	0.00715	0.00212	0.00298	0.01359	0.00490	0.00430
5	0.00650	0.00519	0.00570	0.00576	0.00713	0.00452	0.00417	0.00790	0.01190	0.01498	0.18413	0.12869	0.51011	0.07070	0.00766	0.00201	0.00282	0.01086	0.00488	0.00439
6	0.85377	0.01007	0.00765	0.00685	0.01007	0.01168	0.00564	0.01531	0.00886	0.02336	0.00725	0.00846	0.00564	0.00483	0.00322	0.00161	0.00403	0.00282	0.00322	0.00564
7	0.00849	0.00575	0.00770	0.00847	0.00959	0.00559	0.00694	0.01036	0.01148	0.04829	0.05266	0.15617	0.08132	0.09366	0.00884	0.00252	0.00434	0.46836	0.00474	0.00471
8	0.00828	0.00571	0.00705	0.00671	0.00812	0.00533	0.00500	0.01096	0.05247	0.05845	0.48770	0.10936	0.14662	0.03579	0.00666	0.00180	0.00280	0.00957	0.02651	0.00510
9	0.02139	0.00882	0.01180	0.00942	0.01313	0.00792	0.00781	0.04397	0.04401	0.66184	0.02105	0.02172	0.01459	0.00725	0.00543	0.00169	0.00449	0.07902	0.00620	0.00844
10	0.00744	0.00558	0.00837	0.00837	0.00930	0.00651	0.00651	0.00930	0.00837	0.01209	0.01395	0.02046	0.01302	0.03906	0.79635	0.00837	0.01395	0.00558	0.00279	0.00465
11	0.82304	0.01024	0.00795	0.00704	0.01030	0.01185	0.00580	0.04300	0.00944	0.02371	0.00744	0.00861	0.00576	0.00489	0.00330	0.00161	0.00409	0.00289	0.00330	0.00576
12	0.00861	0.00599	0.00739	0.00763	0.00861	0.00594	0.00536	0.06022	0.06605	0.04552	0.11724	0.49853	0.03079	0.09638	0.00839	0.00228	0.00347	0.01173	0.00489	0.00497
13	0.00815	0.00571	0.00725	0.00675	0.00819	0.00533	0.00510	0.01104	0.04752	0.04991	0.67115	0.03799	0.09501	0.01050	0.00607	0.00165	0.00262	0.00921	0.00568	0.00518
14	0.05308	0.00982	0.01154	0.00969	0.01303	0.01010	0.00773	0.04824	0.33050	0.36996	0.02046	0.06272	0.01492	0.00718	0.00526	0.00170	0.00425	0.00593	0.00570	0.00821
15	0.01473	0.00820	0.00978	0.00849	0.01087	0.02301	0.00647	0.06409	0.11944	0.29350	0.09751	0.13842	0.04220	0.12862	0.00871	0.00221	0.00420	0.00757	0.00530	0.00668
16	0.00634	0.00456	0.00601	0.00717	0.00753	0.00424	0.00480	0.00726	0.01005	0.01333	0.02972	0.78130	0.06607	0.01618	0.00663	0.00210	0.00301	0.01464	0.00483	0.00424
17	0.33632	0.01199	0.01206	0.00962	0.01341	0.01315	0.00794	0.36813	0.01709	0.14547	0.01175	0.01177	0.00826	0.00574	0.00446	0.00159	0.00489	0.00406	0.00465	0.00764
18	0.06466	0.00609	0.00724	0.00749	0.00870	0.00600	0.00536	0.04996	0.04400	0.05974	0.08361	0.50453	0.09231	0.02689	0.00646	0.00199	0.00332	0.01171	0.00490	0.00505
19	0.01203	0.01425	0.06872	0.07607	0.06895	0.06429	0.50128	0.01583	0.01196	0.01584	0.01154	0.07702	0.00979	0.00560	0.00611	0.00175	0.02321	0.00629	0.00275	0.00673
20	0.00781	0.00828	0.09889	0.06213	0.01264	0.00650	0.04996	0.02741	0.01070	0.01444	0.02372	0.56442	0.02708	0.01326	0.00632	0.00202	0.00430	0.05087	0.00425	0.00503

[dist]
# distance from previous block
# <min> <max>
0	6

[block]
# block no. 5 follows, 47 sequences, length 59
# corresponding to MSA columns:
# 307-365
name=unknown_F
#
# <colnr> <probs for GDERKNQSTAVLIFYWHMCP>
#	G	D	E	R	K	N	Q	S	T	A	V	L	I	F	Y	W	H	M	C	P
0	0.01070	0.00878	0.01068	0.08374	0.01388	0.00782	0.00706	0.09966	0.01220	0.01762	0.01473	0.18420	0.03002	0.00713	0.00479	0.00126	0.00416	0.00610	0.00367	0.47179
1	0.05459	0.00721	0.00798	0.00765	0.03081	0.02435	0.00502	0.05503	0.00995	0.01420	0.01661	0.14667	0.03130	0.40268	0.01548	0.00321	0.00460	0.00736	0.00353	0.15177
2	0.67337	0.01034	0.00910	0.03199	0.07836	0.03395	0.00681	0.01493	0.00955	0.02157	0.01070	0.01191	0.05969	0.00542	0.00369	0.00161	0.00436	0.00361	0.00324	0.00580
3	0.00812	0.03220	0.10363	0.00778	0.01022	0.00690	0.00692	0.04646	0.05153	0.01590	0.07314	0.16860	0.38636	0.01174	0.00597	0.00181	0.00374	0.04917	0.00452	0.00530
4	0.25217	0.19739	0.11106	0.01077	0.02908	0.16617	0.00970	0.11150	0.01287	0.04375	0.00880	0.00982	0.00689	0.00509	0.00410	0.00144	0.00613	0.00339	0.00311	0.00676
5	0.01130	0.15099	0.44541	0.03010	0.16229	0.01299	0.01573	0.01572	0.01121	0.01596	0.03475	0.01249	0.02082	0.00510	0.00475	0.00152	0.00668	0.00411	0.00246	0.03562
6	0.07291	0.01022	0.01103	0.00941	0.01232	0.02720	0.00743	0.22348	0.17087	0.13869	0.06233	0.12609	0.08859	0.00856	0.00541	0.00171	0.00434	0.00705	0.00517	0.00720
7	0.03028	0.22842	0.01630	0.01085	0.01360	0.38408	0.00869	0.01734	0.05890	0.01316	0.01048	0.06641	0.00969	0.00878	0.05499	0.04737	0.00755	0.00435	0.00287	0.00592
8	0.43693	0.00905	0.00848	0.00738	0.01032	0.02500	0.00594	0.03987	0.01161	0.16811	0.08677	0.04201	0.11547	0.00717	0.00446	0.00164	0.00391	0.00539	0.00438	0.00610
9	0.01050	0.01131	0.07440	0.59948	0.08523	0.01195	0.07785	0.02718	0.01092	0.01441	0.00942	0.01355	0.00712	0.00517	0.00547	0.00172	0.02096	0.00470	0.00240	0.00625
10	0.00775	0.00496	0.00665	0.03015	0.00835	0.00474	0.00501	0.00832	0.00965	0.05114	0.02482	0.54370	0.05310	0.10091	0.01032	0.10647	0.00359	0.01187	0.00435	0.00416
11	0.00908	0.00602	0.00726	0.00710	0.00867	0.00563	0.00525	0.01185	0.08319	0.10446	0.20196	0.26855	0.23652	0.01221	0.00611	0.00182	0.00305	0.01064	0.00526	0.00533
12	0.00634	0.00453	0.00604	0.00725	0.00755	0.00423	0.00483	0.00725	0.00997	0.01329	0.02870	0.81358	0.03444	0.01632	0.00665	0.00211	0.00302	0.01480	0.00483	0.00423
13	0.00648	0.00460	0.00604	0.00709	0.00740	0.00432	0.00469	0.00737	0.00993	0.01328	0.05314	0.72094	0.03362	0.08435	0.00832	0.00235	0.00318	0.01401	0.00472	0.00416
14	0.56662	0.00909	0.00832	0.00736	0.01038	0.00982	0.00590	0.01593	0.01014	0.15622	0.01251	0.11750	0.01082	0.00662	0.00405	0.00165	0.00396	0.00485	0.00400	0.03425
15	0.05782	0.00941	0.01009	0.00880	0.01153	0.01001	0.00692	0.15996	0.25789	0.07574	0.08859	0.06044	0.20336	0.00892	0.00550	0.00171	0.00390	0.00736	0.00515	0.00689
16	0.01488	0.01121	0.01214	0.01047	0.01367	0.01252	0.00827	0.13054	0.55862	0.11023	0.02092	0.01926	0.03934	0.00708	0.00531	0.00172	0.00433	0.00581	0.00540	0.00828
17	0.01355	0.01105	0.01179	0.01052	0.01353	0.01265	0.00821	0.02754	0.73129	0.06594	0.02116	0.01933	0.01572	0.00703	0.00530	0.00176	0.00414	0.00585	0.00537	0.00828
18	0.01922	0.01320	0.01453	0.01126	0.01518	0.01430	0.00925	0.61167	0.03818	0.12115	0.06687	0.01509	0.01227	0.00660	0.00528	0.00158	0.00532	0.00511	0.00539	0.00857
19	0.00829	0.00592	0.00827	0.00947	0.01063	0.00591	0.00821	0.01061	0.01189	0.01547	0.02763	0.09673	0.03020	0.01448	0.00717	0.00238	0.00471	0.71247	0.00480	0.00477
20	0.08077	0.00904	0.01184	0.00914	0.01312	0.00808	0.00755	0.03720	0.01465	0.72243	0.01949	0.01700	0.01232	0.00633	0.00510	0.00161	0.00443	0.00506	0.00620	0.00864
21	0.01642	0.00972	0.01146	0.00960	0.01277	0.01005	0.00765	0.08706	0.31767	0.29901	0.13949	0.02128	0.01943	0.00733	0.00540	0.00167	0.00411	0.00610	0.00577	0.00800
22	0.02295	0.00896	0.01207	0.00932	0.01330	0.00787	0.00768	0.02547	0.04526	0.75750	0.02057	0.01779	0.01301	0.00647	0.00524	0.00162	0.00442	0.00526	0.00640	0.00884
23	0.01980	0.01459	0.01563	0.01198	0.01615	0.01615	0.00990	0.76713	0.02448	0.03282	0.01250	0.01250	0.00886	0.00625	0.00521	0.00156	0.00573	0.00469	0.00521	0.00886
24	0.09351	0.00986	0.01209	0.00951	0.01337	0.00951	0.00780	0.11155	0.08991	0.55878	0.01852	0.01648	0.01209	0.00634	0.00507	0.00162	0.00452	0.00503	0.00591	0.00852
25	0.00751	0.00556	0.00826	0.00826	0.00920	0.00646	0.00642	0.00939	0.00845	0.01232	0.01405	0.02043	0.01303	0.03801	0.77121	0.00814	0.01358	0.00556	0.02953	0.00466
26	0.00752	0.00503	0.00569	0.00574	0.00575	0.00502	0.00322	0.00756	0.00767	0.01023	0.01690	0.06521	0.01955	0.78501	0.02571	0.00493	0.00497	0.00786	0.00322	0.00320
27	0.00671	0.00479	0.00645	0.00758	0.00807	0.00453	0.00539	0.00791	0.01049	0.01397	0.06066	0.66329	0.03438	0.01577	0.00671	0.00214	0.00327	0.12867	0.00487	0.00435
28	0.00745	0.00555	0.00823	0.00823	0.00912	0.00644	0.00634	0.00921	0.00833	0.01199	0.01407	0.02114	0.01332	0.07821	0.75760	0.00820	0.01350	0.00568	0.00281	0.00457
29	0.00662	0.00550	0.00584	0.00596	0.00753	0.00489	0.00439	0.00870	0.05686	0.01459	0.06772	0.17698	0.58956	0.01328	0.00619	0.00182	0.00279	0.01129	0.00489	0.00461
30	0.00634	0.00453	0.00604	0.00725	0.00755	0.00423	0.00483	0.00725	0.00997	0.01329	0.02870	0.81358	0.03444	0.01632	0.00665	0.00211	0.00302	0.01480	0.00483	0.00423
31	0.04733	0.01487	0.01428	0.03836	0.01590	0.13799	0.00945	0.43723	0.11971	0.07655	0.01394	0.01388	0.02414	0.00628	0.00509	0.00157	0.00594	0.00472	0.00473	0.00803
32	0.01302	0.06716	0.01285	0.01048	0.01353	0.01348	0.00829	0.02684	0.72219	0.02112	0.02023	0.01866	0.01526	0.00688	0.00516	0.00172	0.00422	0.00567	0.00509	0.00813
33	0.01252	0.01297	0.06243	0.11662	0.46838	0.01243	0.12334	0.05066	0.04182	0.01737	0.01116	0.01398	0.02232	0.00501	0.00532	0.00162	0.00656	0.00498	0.00280	0.00772
34	0.00713	0.00489	0.00592	0.00635	0.00649	0.00482	0.00389	0.00753	0.00846	0.01131	0.02068	0.31089	0.02422	0.50103	0.05018	0.00414	0.00468	0.01007	0.00374	0.00360
35	0.14778	0.01153	0.03791	0.00961	0.01334	0.01149	0.00806	0.30457	0.05336	0.13117	0.09188	0.01657	0.03798	0.00646	0.00488	0.00152	0.00464	0.00501	0.00479	0.09745
36	0.81184	0.05051	0.00863	0.00695	0.01024	0.01213	0.00580	0.01532	0.00895	0.02281	0.00725	0.00845	0.00569	0.00482	0.00323	0.00159	0.00411	0.00282	0.00317	0.00569
37	0.01723	0.03542	0.10764	0.01042	0.01442	0.01081	0.00934	0.14798	0.17101	0.31400	0.07755	0.03159	0.01510	0.00680	0.00525	0.00164	0.00484	0.00553	0.00528	0.00814
38	0.01778	0.01310	0.01410	0.01110	0.01464	0.01444	0.00894	0.63332	0.04918	0.02932	0.01378	0.04217	0.01106	0.09361	0.00755	0.00196	0.00551	0.00538	0.00498	0.00807
39	0.00971	0.00485	0.00485	0.00485	0.00607	0.00485	0.00364	0.01213	0.01092	0.01942	0.01699	0.01942	0.01335	0.00607	0.00364	0.00121	0.00243	0.00485	0.84589	0.00485
40	0.01491	0.01046	0.01180	0.00987	0.01280	0.01095	0.00774	0.36805	0.07015	0.08716	0.01808	0.23440	0.01689	0.02981	0.00606	0.00176	0.00460	0.00755	0.00500	0.07195
41	0.00745	0.00555	0.00822	0.00822	0.00910	0.00643	0.00633	0.00921	0.00833	0.01198	0.01408	0.02119	0.01334	0.08090	0.75494	0.00819	0.01347	0.00569	0.00281	0.00457
42	0.00971	0.00485	0.00485	0.00485	0.00607	0.00485	0.00364	0.01213	0.01092	0.01942	0.01699	0.01942	0.01335	0.00607	0.00364	0.00121	0.00243	0.00485	0.84589	0.00485
43	0.00682	0.00492	0.00637	0.00715	0.00774	0.00462	0.00492	0.02208	0.01104	0.01483	0.14604	0.61139	0.06790	0.03603	0.00705	0.00210	0.00305	0.02661	0.00494	0.00441
44	0.11519	0.00736	0.00852	0.00785	0.00988	0.00736	0.00601	0.07327	0.05141	0.15052	0.16355	0.22080	0.07400	0.04480	0.00655	0.00193	0.00368	0.03639	0.00506	0.00588
45	0.01980	0.01459	0.01563	0.01198	0.01615	0.01615	0.00990	0.76713	0.02448	0.03282	0.01250	0.01250	0.00886	0.00625	0.00521	0.00156	0.00573	0.00469	0.00521	0.00886
46	0.01911	0.00793	0.01069	0.00852	0.01182	0.00692	0.00691	0.02121	0.01479	0.58548	0.20232	0.02361	0.04165	0.00762	0.00548	0.00162	0.00392	0.00638	0.00623	0.00781
47	0.00828	0.00522	0.00639	0.00662	0.00739	0.00485	0.00442	0.00910	0.01007	0.08159	0.05764	0.35192	0.12899	0.27820	0.01297	0.00297	0.00374	0.01084	0.00446	0.00434
48	0.00633	0.00460	0.00597	0.00707	0.00751	0.00425	0.00475	0.00727	0.01015	0.01337	0.03094	0.74265	0.10393	0.01602	0.00660	0.00208	0.00299	0.01445	0.00483	0.00425
49	0.01980	0.01459	0.01563	0.01198	0.01615	0.01615	0.00990	0.76713	0.02448	0.03282	0.01250	0.01250	0.00886	0.00625	0.00521	0.00156	0.00573	0.00469	0.00521	0.00886
50	0.00738	0.00504	0.00566	0.00573	0.00590	0.00495	0.00332	0.00755	0.00808	0.01062	0.02027	0.07742	0.08702	0.70312	0.02365	0.00460	0.00473	0.00826	0.00339	0.00332
51	0.08785	0.01283	0.01341	0.01086	0.01448	0.01437	0.00880	0.46216	0.23392	0.02820	0.01551	0.01511	0.02814	0.00651	0.00505	0.00162	0.00499	0.00501	0.02293	0.00823
52	0.00634	0.00453	0.00604	0.00725	0.00755	0.00423	0.00483	0.00725	0.00997	0.01329	0.02870	0.81358	0.03444	0.01632	0.00665	0.00211	0.00302	0.01480	0.00483	0.00423
53	0.00729	0.00494	0.00579	0.00605	0.00614	0.00486	0.00356	0.00754	0.00825	0.01102	0.03369	0.20864	0.02298	0.62247	0.02167	0.00433	0.00455	0.00923	0.00358	0.00343
54	0.00805	0.00557	0.00629	0.00618	0.00660	0.00556	0.00380	0.05092	0.00928	0.01229	0.04295	0.10373	0.07532	0.61742	0.02145	0.00425	0.00466	0.00835	0.00362	0.00372
55	0.00977	0.00714	0.00776	0.00716	0.00920	0.00698	0.00547	0.11842	0.07887	0.05207	0.07360	0.14053	0.38276	0.01118	0.00580	0.00173	0.00331	0.00941	0.06324	0.00559
56	0.01411	0.01111	0.01274	0.11639	0.01668	0.01258	0.00920	0.18017	0.41828	0.06315	0.02977	0.01947	0.03956	0.00706	0.00535	0.00173	0.00480	0.02511	0.00492	0.00781
57	0.00681	0.00503	0.00641	0.00712	0.00784	0.00475	0.00497	0.00861	0.04159	0.01510	0.16553	0.56116	0.10330	0.01462	0.00647	0.00199	0.00296	0.02618	0.00501	0.00454
58	0.01239	0.01172	0.01960	0.02890	0.68922	0.01157	0.01469	0.01540	0.01200	0.01728	0.06319	0.01458	0.01105	0.00501	0.00515	0.00151	0.00580	0.00489	0.00282	0.05323

[dist]
# distance from previous block
# <min> <max>
0	4

[block]
# block no. 6 follows, 47 sequences, length 32
# corresponding to MSA columns:
# 370-401
name=unknown_G
#
# <colnr> <probs for GDERKNQSTAVLIFYWHMCP>
#	G	D	E	R	K	N	Q	S	T	A	V	L	I	F	Y	W	H	M	C	P
0	0.13206	0.50204	0.09372	0.03822	0.01476	0.01731	0.00962	0.06476	0.03208	0.04160	0.00867	0.00969	0.00713	0.00483	0.00378	0.00132	0.00553	0.00324	0.00278	0.00685
1	0.00756	0.00531	0.00627	0.00638	0.00689	0.00520	0.00410	0.03300	0.00982	0.01311	0.10363	0.21498	0.08629	0.43488	0.03702	0.00371	0.00436	0.00957	0.00401	0.00392
2	0.56516	0.02593	0.01105	0.02665	0.07250	0.08858	0.02763	0.03581	0.05152	0.04089	0.00888	0.01008	0.00687	0.00506	0.00385	0.00158	0.00499	0.00341	0.00331	0.00624
3	0.00841	0.00577	0.00730	0.00747	0.00849	0.00551	0.00526	0.05386	0.01081	0.04241	0.04306	0.47028	0.05155	0.09853	0.05137	0.03938	0.00415	0.02288	0.00443	0.05909
4	0.06654	0.01777	0.27147	0.04466	0.09892	0.04091	0.29535	0.01654	0.01151	0.03631	0.00982	0.01239	0.00737	0.00495	0.00585	0.00170	0.04337	0.00479	0.00260	0.00718
5	0.01112	0.14931	0.53446	0.09411	0.07963	0.01341	0.01689	0.01599	0.01094	0.01554	0.00904	0.01101	0.00677	0.00487	0.00474	0.00157	0.00717	0.00382	0.00224	0.00739
6	0.00740	0.00584	0.00695	0.00727	0.03657	0.00534	0.00510	0.04236	0.01296	0.01690	0.26068	0.17190	0.37700	0.01234	0.00615	0.00177	0.00292	0.01065	0.00503	0.00486
7	0.01175	0.01246	0.02516	0.22165	0.05816	0.01258	0.49105	0.04017	0.01205	0.01619	0.01037	0.01415	0.00789	0.00595	0.03513	0.00198	0.00830	0.00563	0.00264	0.00673
8	0.03644	0.01492	0.04803	0.06125	0.51449	0.14399	0.07320	0.01673	0.01220	0.01626	0.00945	0.01225	0.00777	0.00478	0.00510	0.00154	0.00696	0.00446	0.00259	0.00758
9	0.00931	0.04996	0.09739	0.04463	0.02428	0.00836	0.03575	0.03738	0.07717	0.01713	0.26745	0.02899	0.06625	0.15413	0.03562	0.00249	0.00487	0.02913	0.00416	0.00554
10	0.01143	0.00607	0.00806	0.00741	0.00916	0.00546	0.00559	0.01324	0.01337	0.22448	0.35789	0.21287	0.05914	0.01112	0.00640	0.02435	0.00318	0.00947	0.00559	0.00573
11	0.79628	0.00999	0.00781	0.00700	0.01015	0.01156	0.00573	0.01568	0.04089	0.02323	0.02843	0.00973	0.00722	0.00508	0.00339	0.00162	0.00399	0.00312	0.00338	0.00573
12	0.00694	0.00512	0.00637	0.00712	0.00786	0.00481	0.00492	0.04127	0.01105	0.01449	0.05098	0.63176	0.15759	0.01520	0.00649	0.00202	0.00306	0.01359	0.00487	0.00448
13	0.01181	0.01317	0.02815	0.02031	0.02520	0.01228	0.67993	0.01586	0.01206	0.01645	0.01177	0.07074	0.00978	0.00522	0.00609	0.00174	0.00817	0.00663	0.00281	0.04184
14	0.00653	0.00484	0.00612	0.00701	0.00763	0.00450	0.00479	0.00791	0.02803	0.01407	0.07875	0.63995	0.14004	0.01531	0.00652	0.00203	0.00296	0.01373	0.00490	0.00439
15	0.01167	0.00635	0.00751	0.00698	0.00871	0.00612	0.00522	0.03572	0.06140	0.16866	0.08329	0.17614	0.06944	0.06714	0.00668	0.00185	0.00334	0.00785	0.26020	0.00571
16	0.00819	0.00579	0.00689	0.00676	0.00829	0.00534	0.00505	0.01073	0.06196	0.06664	0.27587	0.18117	0.29378	0.01215	0.00615	0.00179	0.00292	0.03019	0.00525	0.00508
17	0.11970	0.00859	0.01095	0.00866	0.01226	0.00781	0.00709	0.02234	0.01417	0.60658	0.10931	0.01914	0.01633	0.00675	0.00511	0.00161	0.00415	0.00545	0.00598	0.00801
18	0.12422	0.00906	0.01006	0.00853	0.01122	0.00935	0.00675	0.22194	0.02896	0.14111	0.18524	0.10446	0.08683	0.02182	0.00573	0.00173	0.00402	0.00720	0.00515	0.00662
19	0.00757	0.00585	0.00671	0.00695	0.00818	0.00558	0.00497	0.05761	0.05273	0.01540	0.05778	0.39243	0.30167	0.04285	0.00701	0.00202	0.00317	0.01187	0.00485	0.00479
20	0.00727	0.00532	0.00683	0.00645	0.00772	0.00487	0.00484	0.00964	0.01451	0.02033	0.72302	0.03980	0.10821	0.01085	0.00614	0.00165	0.00247	0.00954	0.00566	0.00487
21	0.01017	0.00590	0.00743	0.00680	0.00841	0.00532	0.00504	0.01192	0.01302	0.16367	0.36405	0.09121	0.15621	0.11714	0.00870	0.00214	0.00324	0.00902	0.00532	0.00530
22	0.06319	0.00763	0.00933	0.00824	0.01059	0.00742	0.00639	0.09062	0.03909	0.25317	0.14540	0.20890	0.07145	0.01122	0.04097	0.00204	0.00419	0.00836	0.00534	0.00646
23	0.08932	0.01002	0.01137	0.00953	0.01279	0.01055	0.00762	0.09245	0.30929	0.27393	0.09974	0.01935	0.01690	0.00697	0.00518	0.00167	0.00419	0.00567	0.00553	0.00792
24	0.00634	0.00453	0.00604	0.00725	0.00755	0.00423	0.00483	0.00725	0.00997	0.01329	0.02870	0.81358	0.03444	0.01632	0.00665	0.00211	0.00302	0.01480	0.00483	0.00423
25	0.01791	0.01741	0.01432	0.01214	0.01546	0.29705	0.00953	0.30734	0.21404	0.02273	0.01313	0.01316	0.00989	0.00614	0.00505	0.00154	0.00664	0.00451	0.00432	0.00768
26	0.04359	0.01345	0.01233	0.04880	0.01472	0.18823	0.00859	0.04531	0.34037	0.14757	0.06882	0.01738	0.01462	0.00664	0.00513	0.00162	0.00543	0.00525	0.00472	0.00744
27	0.02031	0.01376	0.01511	0.01159	0.01574	0.01492	0.00957	0.65959	0.02310	0.14233	0.01367	0.01326	0.00944	0.00628	0.00521	0.00157	0.00554	0.00477	0.00539	0.00886
28	0.00746	0.00552	0.00805	0.00805	0.00887	0.00634	0.00611	0.00910	0.00828	0.01185	0.01424	0.02207	0.01372	0.13109	0.70527	0.00798	0.01290	0.00582	0.00283	0.00447
29	0.12559	0.01634	0.01424	0.02790	0.01566	0.21143	0.00943	0.43933	0.04902	0.02574	0.01099	0.01150	0.00814	0.00586	0.00483	0.00152	0.00640	0.00416	0.00427	0.00765
30	0.01656	0.15875	0.01559	0.01026	0.01395	0.02771	0.00859	0.29061	0.18908	0.12473	0.03457	0.01677	0.05687	0.00663	0.00496	0.00154	0.00497	0.00514	0.00480	0.00792
31	0.01643	0.00941	0.01118	0.00924	0.01235	0.00933	0.00736	0.22003	0.06469	0.28890	0.02314	0.13767	0.10960	0.00938	0.02331	0.00183	0.00453	0.00720	0.00544	0.02896

[dist]
# distance from previous block
# <min> <max>
3	6

[block]
# block no. 7 follows, 47 sequences, length 112
# corresponding to MSA columns:
# 408-519
name=unknown_H
#
# <colnr> <probs for GDERKNQSTAVLIFYWHMCP>
#	G	D	E	R	K	N	Q	S	T	A	V	L	I	F	Y	W	H	M	C	P
0	0.26141	0.01241	0.01348	0.16685	0.04730	0.03444	0.00978	0.35116	0.01642	0.02510	0.01011	0.01152	0.00746	0.00555	0.00461	0.00160	0.00558	0.00409	0.00389	0.00722
1	0.01323	0.00982	0.01135	0.00989	0.01239	0.01045	0.02003	0.30086	0.11203	0.03728	0.03149	0.19217	0.01904	0.07626	0.00749	0.00206	0.00470	0.08886	0.00484	0.03574
2	0.28523	0.07797	0.04390	0.00885	0.01271	0.02574	0.00767	0.05582	0.03624	0.33645	0.02911	0.01359	0.01017	0.00571	0.00440	0.00155	0.00462	0.00419	0.00462	0.03149
3	0.02768	0.36064	0.27098	0.01150	0.02967	0.07302	0.01217	0.01579	0.01124	0.03161	0.01124	0.02960	0.02460	0.00592	0.00446	0.00147	0.00633	0.06261	0.00267	0.00678
4	0.00868	0.02279	0.00782	0.00761	0.03763	0.00637	0.00535	0.01156	0.09716	0.05490	0.13345	0.07090	0.33339	0.14556	0.00936	0.00230	0.00355	0.03182	0.00467	0.00511
5	0.01127	0.21951	0.30306	0.01088	0.01545	0.07135	0.01170	0.01514	0.04320	0.01566	0.13977	0.01754	0.03862	0.03776	0.02654	0.00180	0.00618	0.00496	0.00309	0.00652
6	0.00648	0.00472	0.00615	0.00724	0.00775	0.00438	0.00502	0.00754	0.01031	0.01354	0.03095	0.68215	0.10668	0.01587	0.00664	0.00210	0.00312	0.07025	0.00483	0.00429
7	0.01078	0.01552	0.27447	0.01103	0.01673	0.00908	0.05938	0.01448	0.01096	0.01679	0.00937	0.01107	0.00735	0.00426	0.00437	0.00113	0.00547	0.00354	0.00276	0.51147
8	0.00856	0.00676	0.00901	0.02457	0.01045	0.00660	0.00623	0.01041	0.00910	0.01345	0.01262	0.01866	0.01182	0.10632	0.45191	0.00550	0.00972	0.00498	0.00291	0.27042
9	0.00780	0.00654	0.04476	0.00724	0.00819	0.00613	0.00539	0.00949	0.03773	0.01245	0.07269	0.02895	0.04978	0.40043	0.27469	0.00547	0.00777	0.00695	0.00333	0.00424
10	0.01387	0.04692	0.23752	0.07340	0.05477	0.01217	0.04327	0.09500	0.18446	0.11560	0.01370	0.01420	0.00993	0.00564	0.00504	0.00159	0.00589	0.00467	0.00383	0.05852
11	0.01256	0.01054	0.01134	0.00996	0.01301	0.01164	0.00778	0.03778	0.60433	0.03541	0.03399	0.01983	0.04394	0.00770	0.02314	0.00180	0.00427	0.00579	0.00501	0.10019
12	0.01040	0.02526	0.71979	0.01470	0.03619	0.01179	0.01825	0.01642	0.03129	0.01667	0.02727	0.02982	0.00844	0.00538	0.00503	0.00166	0.00735	0.00429	0.00243	0.00758
13	0.00632	0.00527	0.00552	0.00549	0.00715	0.00446	0.00410	0.00779	0.01222	0.01498	0.15180	0.06354	0.66764	0.01290	0.00616	0.00175	0.00262	0.01085	0.00496	0.00446
14	0.01296	0.01137	0.03278	0.02496	0.05385	0.01239	0.00893	0.06849	0.58968	0.03293	0.04533	0.02047	0.03316	0.00720	0.00536	0.00175	0.00440	0.02102	0.00503	0.00797
15	0.01494	0.01243	0.03788	0.01357	0.10346	0.01339	0.00996	0.18927	0.41369	0.06945	0.01685	0.01639	0.01254	0.00660	0.00582	0.00171	0.04365	0.00531	0.00479	0.00828
16	0.03060	0.01543	0.24442	0.01228	0.04422	0.01062	0.06325	0.09798	0.08820	0.01925	0.04962	0.01479	0.03569	0.00548	0.00485	0.00141	0.00555	0.00459	0.00341	0.24837
17	0.01980	0.01459	0.01563	0.01198	0.01615	0.01615	0.00990	0.76713	0.02448	0.03282	0.01250	0.01250	0.00886	0.00625	0.00521	0.00156	0.00573	0.00469	0.00521	0.00886
18	0.01729	0.01417	0.01416	0.01159	0.01520	0.07672	0.00931	0.44033	0.29548	0.02724	0.01530	0.01476	0.01124	0.00648	0.00520	0.00162	0.00544	0.00502	0.00504	0.00841
19	0.01206	0.00966	0.01120	0.00819	0.01268	0.00783	0.00657	0.06070	0.04902	0.05543	0.01058	0.01166	0.00843	0.00428	0.00408	0.00091	0.00401	0.00342	0.00349	0.71578
20	0.00802	0.00578	0.00761	0.00864	0.06992	0.00589	0.00516	0.02164	0.00874	0.01189	0.01741	0.16889	0.01947	0.45183	0.13674	0.03063	0.00612	0.00819	0.00336	0.00406
21	0.02172	0.01055	0.07521	0.00984	0.01411	0.00844	0.00866	0.03830	0.05394	0.67228	0.01952	0.01717	0.01246	0.00635	0.00522	0.00162	0.00470	0.00515	0.00602	0.00874
22	0.00690	0.00588	0.00608	0.00636	0.00769	0.03688	0.00462	0.00821	0.01168	0.01437	0.10228	0.26343	0.46529	0.01357	0.00625	0.00185	0.00305	0.02632	0.00482	0.00447
23	0.03449	0.01294	0.01478	0.01194	0.04437	0.01372	0.00947	0.53305	0.02125	0.22861	0.01441	0.01381	0.00983	0.00622	0.00518	0.00158	0.00538	0.00480	0.00540	0.00878
24	0.00634	0.00453	0.00604	0.00725	0.00755	0.00423	0.00483	0.00725	0.00997	0.01329	0.02870	0.81358	0.03444	0.01632	0.00665	0.00211	0.00302	0.01480	0.00483	0.00423
25	0.02336	0.00886	0.01209	0.00927	0.01329	0.00765	0.00765	0.02538	0.01491	0.78810	0.02055	0.01773	0.01289	0.00645	0.00524	0.00161	0.00443	0.00524	0.00645	0.00886
26	0.01234	0.01204	0.01978	0.21060	0.52149	0.03467	0.05176	0.01597	0.04049	0.01619	0.01009	0.01333	0.00817	0.00487	0.00521	0.00160	0.00650	0.00472	0.00262	0.00755
27	0.01110	0.01103	0.01602	0.01362	0.01395	0.01501	0.04741	0.01246	0.00822	0.01270	0.00762	0.01229	0.00741	0.01144	0.08301	0.00277	0.70121	0.00472	0.00234	0.00567
28	0.00634	0.00453	0.00604	0.00725	0.00755	0.00423	0.00483	0.00725	0.00997	0.01329	0.02870	0.81358	0.03444	0.01632	0.00665	0.00211	0.00302	0.01480	0.00483	0.00423
29	0.01269	0.01355	0.01777	0.17299	0.12201	0.14232	0.08368	0.01489	0.01049	0.01371	0.00826	0.01201	0.00712	0.00669	0.01009	0.00187	0.33665	0.00454	0.00243	0.00623
30	0.02013	0.01373	0.01506	0.01158	0.01570	0.01492	0.00955	0.64924	0.03986	0.13588	0.01380	0.01337	0.00956	0.00630	0.00522	0.00157	0.00552	0.00479	0.00538	0.00884
31	0.00623	0.00528	0.00538	0.00536	0.00708	0.00443	0.00402	0.00762	0.01205	0.01450	0.09900	0.04941	0.73587	0.01303	0.00615	0.00175	0.00263	0.01089	0.00489	0.00443
32	0.85377	0.01007	0.00765	0.00685	0.01007	0.01168	0.00564	0.01531	0.00886	0.02336	0.00725	0.00846	0.00564	0.00483	0.00322	0.00161	0.00403	0.00282	0.00322	0.00564
33	0.02336	0.00886	0.01209	0.00927	0.01329	0.00765	0.00765	0.02538	0.01491	0.78810	0.02055	0.01773	0.01289	0.00645	0.00524	0.00161	0.00443	0.00524	0.00645	0.00886
34	0.01289	0.01237	0.02114	0.03196	0.78450	0.01237	0.01598	0.01598	0.01186	0.01701	0.00980	0.01289	0.00825	0.00464	0.00516	0.00155	0.00619	0.00464	0.00258	0.00825
35	0.00828	0.00593	0.00825	0.00942	0.01060	0.00590	0.00818	0.01061	0.01192	0.01548	0.02818	0.08183	0.04719	0.01442	0.00715	0.00237	0.00469	0.71003	0.00480	0.00477
36	0.00744	0.00558	0.00837	0.00837	0.00930	0.00651	0.00651	0.00930	0.00837	0.01209	0.01395	0.02046	0.01302	0.03906	0.79635	0.00837	0.01395	0.00558	0.00279	0.00465
37	0.85377	0.01007	0.00765	0.00685	0.01007	0.01168	0.00564	0.01531	0.00886	0.02336	0.00725	0.00846	0.00564	0.00483	0.00322	0.00161	0.00403	0.00282	0.00322	0.00564
38	0.02336	0.00886	0.01209	0.00927	0.01329	0.00765	0.00765	0.02538	0.01491	0.78810	0.02055	0.01773	0.01289	0.00645	0.00524	0.00161	0.00443	0.00524	0.00645	0.00886
39	0.00757	0.00505	0.00568	0.00568	0.00568	0.00505	0.00316	0.00757	0.00757	0.01010	0.01641	0.03408	0.01893	0.81698	0.02651	0.00505	0.00505	0.00757	0.00316	0.00316
40	0.00899	0.00454	0.00674	0.00674	0.00674	0.00454	0.00447	0.00682	0.00682	0.00909	0.00935	0.01658	0.00945	0.05084	0.02061	0.81391	0.00454	0.00465	0.00230	0.00230
41	0.00971	0.00485	0.00485	0.00485	0.00607	0.00485	0.00364	0.01213	0.01092	0.01942	0.01699	0.01942	0.01335	0.00607	0.00364	0.00121	0.00243	0.00485	0.84589	0.00485
42	0.01961	0.01450	0.01553	0.01194	0.01608	0.01606	0.00985	0.74730	0.04462	0.03252	0.01274	0.01269	0.00905	0.00627	0.00521	0.00157	0.00569	0.00472	0.00521	0.00884
43	0.01139	0.01139	0.01595	0.01367	0.01367	0.01595	0.01139	0.01253	0.00798	0.01253	0.00684	0.01139	0.00684	0.00911	0.01709	0.00228	0.80745	0.00456	0.00228	0.00570
44	0.00971	0.00485	0.00485	0.00485	0.00607	0.00485	0.00364	0.01213	0.01092	0.01942	0.01699	0.01942	0.01335	0.00607	0.00364	0.00121	0.00243	0.00485	0.84589	0.00485
45	0.01033	0.01055	0.01224	0.01090	0.01265	0.17077	0.13650	0.01205	0.01163	0.01428	0.09941	0.34111	0.02377	0.07372	0.03351	0.00227	0.00579	0.00951	0.00391	0.00509
46	0.01079	0.10519	0.71476	0.01426	0.02163	0.01293	0.01822	0.01640	0.01095	0.01607	0.00914	0.01073	0.00661	0.00490	0.00479	0.00160	0.00749	0.00374	0.00220	0.00760
47	0.01229	0.01405	0.03073	0.02195	0.02722	0.01317	0.76558	0.01668	0.01229	0.01668	0.01054	0.01405	0.00790	0.00439	0.00615	0.00176	0.00878	0.00615	0.00263	0.00702
48	0.01289	0.01237	0.02114	0.03196	0.78450	0.01237	0.01598	0.01598	0.01186	0.01701	0.00980	0.01289	0.00825	0.00464	0.00516	0.00155	0.00619	0.00464	0.00258	0.00825
49	0.01172	0.01878	0.32291	0.01871	0.02483	0.01252	0.45070	0.01667	0.01188	0.03202	0.02231	0.01333	0.00814	0.00474	0.00567	0.00171	0.00818	0.00529	0.00259	0.00729
50	0.00818	0.00590	0.00811	0.00923	0.01044	0.00584	0.00799	0.01046	0.01193	0.01542	0.02935	0.07839	0.08236	0.01435	0.00711	0.00235	0.00460	0.67844	0.00480	0.00475
51	0.00751	0.00502	0.00570	0.00576	0.00577	0.00501	0.00324	0.00756	0.00769	0.01025	0.01700	0.07174	0.01968	0.77830	0.02555	0.00491	0.00495	0.00792	0.00324	0.00321
52	0.85377	0.01007	0.00765	0.00685	0.01007	0.01168	0.00564	0.01531	0.00886	0.02336	0.00725	0.00846	0.00564	0.00483	0.00322	0.00161	0.00403	0.00282	0.00322	0.00564
53	0.01087	0.01011	0.01683	0.55641	0.13349	0.01185	0.05585	0.05831	0.01143	0.01510	0.01006	0.02987	0.00800	0.00635	0.02646	0.00190	0.02326	0.00495	0.00260	0.00631
54	0.01059	0.06095	0.75729	0.01459	0.02215	0.01246	0.01880	0.01645	0.01098	0.01631	0.00926	0.01088	0.00660	0.00493	0.00488	0.00163	0.00761	0.00380	0.00220	0.00765
