[name]
unknown

[dist]
# distance from previous block
# <min> <max>
7	57

[block]
# block no. 0 follows, 43 sequences, length 23
# corresponding to MSA columns:
# 64-86
name=unknown_A
#
# <colnr> <probs for GDERKNQSTAVLIFYWHMCP>
#	G	D	E	R	K	N	Q	S	T	A	V	L	I	F	Y	W	H	M	C	P
0	0.08063	0.01596	0.15236	0.01260	0.04150	0.01377	0.01131	0.37817	0.03547	0.05530	0.01379	0.01440	0.03581	0.00659	0.00563	0.02288	0.00592	0.00479	0.00445	0.08869
1	0.03250	0.01222	0.07601	0.01113	0.04084	0.01136	0.00915	0.26820	0.07208	0.07706	0.02441	0.08372	0.17340	0.02537	0.02046	0.00197	0.01830	0.00728	0.00491	0.02962
2	0.03687	0.08891	0.03302	0.07635	0.02908	0.01145	0.06577	0.18315	0.01462	0.05147	0.01740	0.23785	0.01719	0.03585	0.02760	0.00210	0.00564	0.00796	0.02078	0.03693
3	0.04397	0.04936	0.02389	0.06458	0.02629	0.06990	0.00773	0.10815	0.01366	0.05879	0.07861	0.27202	0.05931	0.06279	0.02281	0.00222	0.00511	0.00910	0.01570	0.00600
4	0.01670	0.01188	0.01317	0.01075	0.01419	0.01257	0.00857	0.42164	0.06805	0.07018	0.01766	0.16670	0.01554	0.00856	0.00564	0.00170	0.00501	0.00705	0.04618	0.07827
5	0.01323	0.01132	0.01456	0.02860	0.01512	0.01214	0.04801	0.17095	0.04035	0.02007	0.01305	0.11124	0.01208	0.00785	0.00845	0.00169	0.19917	0.00590	0.00382	0.26241
6	0.00739	0.00558	0.00647	0.00680	0.00823	0.00492	0.00507	0.00891	0.01248	0.03428	0.11257	0.24423	0.42779	0.01457	0.00676	0.00201	0.00315	0.07868	0.00527	0.00484
7	0.01781	0.02150	0.01717	0.16522	0.02199	0.52787	0.06854	0.03513	0.02875	0.01461	0.00935	0.01161	0.00751	0.00574	0.00553	0.00158	0.02651	0.00417	0.00287	0.00655
8	0.03711	0.17055	0.01704	0.04368	0.03500	0.28220	0.00980	0.16362	0.03245	0.01842	0.01296	0.12758	0.01217	0.00742	0.00514	0.00159	0.00697	0.00566	0.00369	0.00696
9	0.00696	0.00498	0.00662	0.00757	0.00808	0.00464	0.00516	0.00824	0.01158	0.01570	0.17305	0.65478	0.03965	0.01619	0.00697	0.00215	0.00310	0.01464	0.00533	0.00464
10	0.01346	0.65348	0.02484	0.00899	0.01307	0.01869	0.00865	0.01540	0.01211	0.01480	0.15464	0.01516	0.01583	0.00601	0.00413	0.00129	0.00528	0.00432	0.00309	0.00674
11	0.01675	0.65421	0.02590	0.00955	0.01420	0.01925	0.00922	0.01860	0.01214	0.16024	0.01043	0.01081	0.00838	0.00515	0.00394	0.00129	0.00569	0.00347	0.00324	0.00756
12	0.62040	0.01044	0.00915	0.00766	0.01144	0.01112	0.00627	0.01665	0.01032	0.08123	0.00921	0.01024	0.00702	0.00507	0.00372	0.00154	0.00428	0.00325	0.00366	0.16731
13	0.01032	0.00516	0.00516	0.00516	0.00645	0.00516	0.00387	0.01290	0.01161	0.02065	0.01807	0.02065	0.01420	0.00645	0.00387	0.00129	0.00258	0.00516	0.83611	0.00516
14	0.00671	0.00497	0.00627	0.00731	0.00793	0.00453	0.00496	0.00776	0.01099	0.01430	0.03547	0.65708	0.17810	0.01671	0.00697	0.00218	0.00313	0.01496	0.00514	0.00453
15	0.00857	0.00618	0.00870	0.00947	0.01070	0.00631	0.00799	0.01102	0.01244	0.01669	0.13533	0.05149	0.03139	0.01978	0.15743	0.00366	0.00662	0.48631	0.00483	0.00509
16	0.01227	0.16561	0.01927	0.12809	0.01806	0.01684	0.02655	0.01401	0.00955	0.01350	0.00844	0.03342	0.00808	0.00823	0.01295	0.00208	0.48946	0.00482	0.00250	0.00626
17	0.00664	0.00561	0.00574	0.00571	0.00754	0.00471	0.00428	0.00812	0.01284	0.01547	0.10619	0.05246	0.71816	0.01384	0.00654	0.00186	0.00279	0.01157	0.00521	0.00471
18	0.00747	0.00529	0.00605	0.00634	0.00677	0.00504	0.00393	0.00796	0.00952	0.01233	0.02789	0.21349	0.16855	0.47335	0.01921	0.00398	0.00438	0.01050	0.00411	0.00387
19	0.07690	0.01479	0.01881	0.01429	0.01878	0.01597	0.15314	0.50293	0.07890	0.02998	0.01321	0.01388	0.00956	0.00623	0.00559	0.00172	0.00646	0.00524	0.00487	0.00875
20	0.01056	0.00735	0.00819	0.00744	0.00833	0.00771	0.00487	0.15198	0.01156	0.01548	0.01655	0.03129	0.01784	0.62393	0.05056	0.00478	0.00584	0.00739	0.00376	0.00458
21	0.00675	0.00482	0.00643	0.00771	0.00803	0.00450	0.00514	0.00771	0.01060	0.01414	0.03053	0.80175	0.03663	0.01735	0.00707	0.00225	0.00321	0.01574	0.00514	0.00450
22	0.01893	0.01388	0.01501	0.01182	0.01586	0.02924	0.00961	0.50340	0.09552	0.08257	0.01510	0.05034	0.01152	0.00704	0.00569	0.00165	0.01872	0.00547	0.00532	0.08331

[dist]
# distance from previous block
# <min> <max>
3	7

[block]
# block no. 1 follows, 43 sequences, length 31
# corresponding to MSA columns:
# 96-126
name=unknown_B
#
# <colnr> <probs for GDERKNQSTAVLIFYWHMCP>
#	G	D	E	R	K	N	Q	S	T	A	V	L	I	F	Y	W	H	M	C	P
0	0.01481	0.80869	0.02902	0.00948	0.01421	0.02191	0.00948	0.01658	0.01125	0.01303	0.00770	0.00888	0.00711	0.00474	0.00355	0.00118	0.00592	0.00296	0.00237	0.00711
1	0.01046	0.00984	0.01661	0.79205	0.03814	0.01230	0.01538	0.01415	0.01107	0.01415	0.00984	0.01477	0.00738	0.00554	0.00554	0.00185	0.00738	0.00492	0.00246	0.00615
2	0.00796	0.00576	0.00801	0.00801	0.00869	0.00644	0.00581	0.00932	0.00864	0.01220	0.01565	0.02627	0.01580	0.27943	0.54820	0.00780	0.01189	0.00659	0.00309	0.00445
3	0.02071	0.02577	0.01575	0.01418	0.01712	0.73923	0.01069	0.06397	0.01629	0.01478	0.00883	0.01018	0.00726	0.00576	0.00503	0.00144	0.00976	0.00365	0.00301	0.00659
4	0.01611	0.01108	0.01233	0.01067	0.01403	0.01207	0.00842	0.04966	0.52525	0.19485	0.02403	0.02189	0.05903	0.00771	0.00567	0.00183	0.00442	0.00638	0.00588	0.00870
5	0.02485	0.00943	0.01285	0.00985	0.01414	0.00814	0.00814	0.02699	0.01585	0.77465	0.02185	0.01885	0.01371	0.00685	0.00557	0.00171	0.00471	0.00557	0.00685	0.00943
6	0.00883	0.00663	0.00876	0.09609	0.01247	0.00685	0.00692	0.09531	0.01246	0.01656	0.02620	0.62167	0.03018	0.01478	0.00672	0.00214	0.00402	0.01328	0.00489	0.00526
7	0.00784	0.00566	0.00740	0.00697	0.00827	0.00523	0.00523	0.01045	0.01568	0.02221	0.76789	0.04137	0.05226	0.01132	0.00653	0.00174	0.00261	0.01002	0.00610	0.00523
8	0.01032	0.00516	0.00516	0.00516	0.00645	0.00516	0.00387	0.01290	0.01161	0.02065	0.01807	0.02065	0.01420	0.00645	0.00387	0.00129	0.00258	0.00516	0.83611	0.00516
9	0.01324	0.01284	0.01916	0.04090	0.01767	0.01641	0.11753	0.10021	0.01127	0.01650	0.00862	0.01274	0.00769	0.00849	0.01463	0.00224	0.56525	0.00511	0.00284	0.00666
10	0.01046	0.00984	0.01661	0.79205	0.03814	0.01230	0.01538	0.01415	0.01107	0.01415	0.00984	0.01477	0.00738	0.00554	0.00554	0.00185	0.00738	0.00492	0.00246	0.00615
11	0.00962	0.00481	0.00722	0.00722	0.00722	0.00481	0.00481	0.00722	0.00722	0.00962	0.00962	0.01684	0.00962	0.01924	0.02165	0.83886	0.00481	0.00481	0.00241	0.00241
12	0.01150	0.01113	0.01711	0.36205	0.03937	0.05235	0.10673	0.01446	0.01115	0.01515	0.01153	0.04891	0.00992	0.00705	0.00808	0.00192	0.16243	0.02156	0.08140	0.00618
13	0.00943	0.00731	0.01063	0.01327	0.18209	0.00762	0.00761	0.01094	0.00956	0.01364	0.01507	0.02572	0.01525	0.34029	0.25524	0.00538	0.00841	0.00652	0.05082	0.00519
14	0.00675	0.00482	0.00643	0.00771	0.00803	0.00450	0.00514	0.00771	0.01060	0.01414	0.03053	0.80175	0.03663	0.01735	0.00707	0.00225	0.00321	0.01574	0.00514	0.00450
15	0.01983	0.00834	0.01109	0.00887	0.01237	0.00724	0.00719	0.02197	0.01545	0.55867	0.15211	0.02668	0.10831	0.00845	0.00585	0.00174	0.00413	0.00704	0.00653	0.00816
16	0.01322	0.00682	0.00734	0.00656	0.00855	0.00685	0.00511	0.09732	0.01372	0.11022	0.01797	0.01962	0.01360	0.00652	0.00426	0.00138	0.00322	0.00519	0.64639	0.00614
17	0.01273	0.19422	0.01972	0.01338	0.01447	0.01810	0.01151	0.01407	0.00912	0.01326	0.00737	0.01138	0.00723	0.00856	0.01483	0.00214	0.61479	0.00442	0.00241	0.00630
18	0.01285	0.01088	0.01331	0.01162	0.09841	0.00917	0.00819	0.10044	0.01331	0.02002	0.01031	0.01194	0.00841	0.00449	0.00442	0.00101	0.00461	0.00367	0.00348	0.64945
19	0.03276	0.01025	0.01771	0.67925	0.03585	0.01230	0.08607	0.01441	0.01121	0.01478	0.01038	0.03228	0.00810	0.00571	0.00561	0.00185	0.00740	0.00527	0.00258	0.00624
20	0.00757	0.00561	0.00763	0.00869	0.00921	0.00568	0.00643	0.00891	0.01097	0.01465	0.02885	0.58521	0.03378	0.01642	0.00787	0.00233	0.05132	0.17918	0.00497	0.00473
21	0.00962	0.00481	0.00722	0.00722	0.00722	0.00481	0.00481	0.00722	0.00722	0.00962	0.00962	0.01684	0.00962	0.01924	0.02165	0.83886	0.00481	0.00481	0.00241	0.00241
22	0.00675	0.00482	0.00643	0.00771	0.00803	0.00450	0.00514	0.00771	0.01060	0.01414	0.03053	0.80175	0.03663	0.01735	0.00707	0.00225	0.00321	0.01574	0.00514	0.00450
23	0.01064	0.01010	0.01665	0.70502	0.03550	0.01283	0.01502	0.01406	0.01078	0.01406	0.00956	0.01447	0.00737	0.00600	0.00695	0.00191	0.09557	0.00491	0.00246	0.00614
24	0.00784	0.00566	0.00740	0.00697	0.00827	0.00523	0.00523	0.01045	0.01568	0.02221	0.76789	0.04137	0.05226	0.01132	0.00653	0.00174	0.00261	0.01002	0.00610	0.00523
25	0.01447	0.36036	0.28284	0.01329	0.01925	0.01636	0.09956	0.01821	0.01213	0.10037	0.01046	0.01166	0.00797	0.00515	0.00471	0.00152	0.00696	0.00406	0.00291	0.00778
26	0.01250	0.01148	0.01601	0.49944	0.02977	0.05621	0.03569	0.10078	0.01322	0.01738	0.01044	0.01402	0.00794	0.00547	0.00529	0.00164	0.00684	0.00467	0.02601	0.12518
27	0.11089	0.01193	0.01309	0.01031	0.01420	0.01232	0.00834	0.33448	0.04235	0.15619	0.01463	0.01670	0.01121	0.07174	0.00700	0.00188	0.00522	0.02094	0.00501	0.13158
28	0.00934	0.00652	0.00784	0.00758	0.00927	0.00620	0.00568	0.01284	0.10089	0.07601	0.30393	0.18600	0.20693	0.01240	0.00648	0.00190	0.00319	0.02563	0.00568	0.00569
29	0.01441	0.01212	0.02028	0.17011	0.54825	0.01242	0.01567	0.01764	0.01271	0.10564	0.01165	0.01450	0.00909	0.00527	0.00550	0.00169	0.00651	0.00501	0.00317	0.00837
30	0.05331	0.39832	0.04655	0.01183	0.03864	0.20475	0.01019	0.12053	0.01438	0.01727	0.00916	0.01037	0.00765	0.00533	0.00430	0.00137	0.00685	0.00356	0.02838	0.00724

[dist]
# distance from previous block
# <min> <max>
0	7

[block]
# block no. 2 follows, 43 sequences, length 119
# corresponding to MSA columns:
# 134-175,221-239,255-312
name=unknown_C
#
# <colnr> <probs for GDERKNQSTAVLIFYWHMCP>
#	G	D	E	R	K	N	Q	S	T	A	V	L	I	F	Y	W	H	M	C	P
0	0.01268	0.03689	0.44290	0.01801	0.03709	0.02663	0.24059	0.06825	0.01310	0.01857	0.01044	0.01275	0.00764	0.00527	0.00592	0.00178	0.02590	0.00490	0.00272	0.00797
1	0.01229	0.01040	0.01215	0.00886	0.01352	0.00861	0.00713	0.07360	0.01253	0.01920	0.01001	0.01166	0.00826	0.00456	0.00485	0.00096	0.03996	0.00349	0.00343	0.73455
2	0.78765	0.01179	0.00866	0.00777	0.01115	0.06559	0.00632	0.01668	0.00986	0.02407	0.00777	0.00907	0.00608	0.00518	0.00354	0.00169	0.00468	0.00304	0.00339	0.00603
3	0.00841	0.00816	0.07124	0.00875	0.01093	0.00642	0.05784	0.01141	0.01504	0.02120	0.62231	0.03769	0.07790	0.01050	0.00643	0.00176	0.00354	0.00937	0.00552	0.00559
4	0.00801	0.00556	0.00701	0.00701	0.00735	0.00590	0.00457	0.00868	0.00834	0.01146	0.01656	0.03132	0.01800	0.54559	0.28503	0.00657	0.00859	0.00733	0.00322	0.00390
5	0.01338	0.00996	0.01188	0.00920	0.01318	0.00880	0.00732	0.07725	0.04674	0.10118	0.01404	0.09575	0.01223	0.00646	0.00554	0.00127	0.04776	0.00520	0.00411	0.50876
6	0.01890	0.07097	0.01606	0.01300	0.01636	0.40842	0.01017	0.17659	0.17770	0.02007	0.01250	0.01291	0.00971	0.00623	0.00515	0.00156	0.00771	0.00441	0.00398	0.00760
7	0.00668	0.00532	0.00600	0.00645	0.00772	0.00464	0.00460	0.00798	0.01202	0.01499	0.07983	0.32926	0.46476	0.01513	0.00674	0.00200	0.00295	0.01311	0.00519	0.00464
8	0.01153	0.05256	0.64032	0.01671	0.02439	0.01333	0.12950	0.01754	0.01188	0.01742	0.01005	0.01209	0.00723	0.00516	0.00540	0.00175	0.00828	0.00442	0.00241	0.00804
9	0.01703	0.13055	0.04378	0.01055	0.01428	0.01224	0.00918	0.12299	0.15319	0.24283	0.02061	0.03781	0.04128	0.00821	0.00562	0.00179	0.00512	0.10963	0.00526	0.00804
10	0.02485	0.00943	0.01285	0.00985	0.01414	0.00814	0.00814	0.02699	0.01585	0.77465	0.02185	0.01885	0.01371	0.00685	0.00557	0.00171	0.00471	0.00557	0.00685	0.00943
11	0.00767	0.00565	0.00716	0.00679	0.00817	0.00515	0.00509	0.01012	0.01527	0.02124	0.67267	0.04297	0.14808	0.01168	0.00653	0.00176	0.00264	0.01024	0.00597	0.00515
12	0.02092	0.01523	0.01567	0.01234	0.01651	0.07753	0.01006	0.52976	0.08756	0.13498	0.01491	0.01444	0.01048	0.00668	0.00551	0.00167	0.00607	0.00506	0.00551	0.00912
13	0.02459	0.00985	0.01311	0.01005	0.01435	0.00876	0.00830	0.07703	0.01655	0.72362	0.02126	0.01847	0.01341	0.00684	0.00557	0.00171	0.00481	0.00553	0.00676	0.00942
14	0.02464	0.00977	0.01306	0.01002	0.01431	0.00865	0.00827	0.06756	0.01642	0.73327	0.02137	0.01854	0.01347	0.00684	0.00557	0.00171	0.00479	0.00554	0.00678	0.00942
15	0.01055	0.01001	0.01715	0.76647	0.03784	0.01236	0.03986	0.01427	0.01114	0.01427	0.00989	0.01477	0.00742	0.00551	0.00557	0.00185	0.00745	0.00498	0.00247	0.00620
16	0.01148	0.00984	0.01148	0.00820	0.01312	0.00738	0.00656	0.01395	0.01148	0.01805	0.00984	0.01148	0.00820	0.00410	0.00410	0.00082	0.00410	0.00328	0.00328	0.83922
17	0.84448	0.01071	0.00814	0.00728	0.01071	0.01242	0.00600	0.01628	0.00943	0.02485	0.00771	0.00900	0.00600	0.00514	0.00343	0.00171	0.00428	0.00300	0.00343	0.00600
18	0.01481	0.80869	0.02902	0.00948	0.01421	0.02191	0.00948	0.01658	0.01125	0.01303	0.00770	0.00888	0.00711	0.00474	0.00355	0.00118	0.00592	0.00296	0.00237	0.00711
19	0.01394	0.01198	0.01261	0.01130	0.01446	0.01385	0.00881	0.04555	0.74442	0.02343	0.02234	0.02050	0.01674	0.00749	0.00563	0.00187	0.00442	0.00623	0.00563	0.00878
20	0.00655	0.00561	0.00561	0.00561	0.00748	0.00468	0.00421	0.00795	0.01262	0.01496	0.05610	0.05330	0.76857	0.01403	0.00655	0.00187	0.00281	0.01169	0.00514	0.00468
21	0.00685	0.00486	0.00640	0.00758	0.00787	0.00457	0.00500	0.00774	0.01040	0.01386	0.02947	0.73988	0.03530	0.08104	0.00878	0.00250	0.00339	0.01512	0.00500	0.00441
22	0.00664	0.00561	0.00574	0.00571	0.00754	0.00472	0.00428	0.00813	0.01285	0.01550	0.10889	0.05241	0.71545	0.01383	0.00654	0.00186	0.00279	0.01156	0.00521	0.00472
23	0.20074	0.01021	0.01242	0.01053	0.04764	0.00985	0.00818	0.07351	0.01501	0.51330	0.03229	0.01655	0.01228	0.00647	0.00512	0.00171	0.00476	0.00503	0.00582	0.00857
24	0.02217	0.00957	0.01260	0.00961	0.01397	0.00818	0.00788	0.02477	0.03742	0.61929	0.01976	0.01761	0.01284	0.00639	0.00531	0.00156	0.00460	0.00519	0.00619	0.15509
25	0.81746	0.01067	0.00830	0.00737	0.01082	0.01228	0.00607	0.01663	0.00964	0.04957	0.00818	0.00932	0.00625	0.00520	0.00350	0.00171	0.00430	0.00308	0.00354	0.00611
26	0.69783	0.01166	0.07016	0.00796	0.01155	0.01176	0.00709	0.01576	0.01007	0.02380	0.06092	0.03186	0.01006	0.00589	0.00388	0.00173	0.00446	0.00390	0.00357	0.00608
27	0.01656	0.06135	0.01467	0.03019	0.01528	0.14750	0.00925	0.29321	0.15785	0.02451	0.12343	0.01916	0.03130	0.02377	0.00598	0.00173	0.00589	0.00577	0.00486	0.00774
28	0.01169	0.01149	0.01615	0.01397	0.01407	0.01595	0.01159	0.01298	0.00852	0.01328	0.00803	0.01309	0.00793	0.01291	0.09536	0.00308	0.71651	0.00496	0.00248	0.00595
29	0.01051	0.00784	0.01093	0.14062	0.01511	0.00845	0.02115	0.04955	0.01332	0.07893	0.22699	0.17908	0.10951	0.01093	0.00757	0.00194	0.08769	0.00923	0.00478	0.00586
30	0.01780	0.00846	0.01098	0.00906	0.01220	0.00785	0.00724	0.02174	0.10638	0.43089	0.27217	0.02662	0.02703	0.00843	0.00590	0.00174	0.00397	0.00715	0.00645	0.00794
31	0.01817	0.01209	0.01352	0.02551	0.01468	0.01291	0.00877	0.42850	0.02006	0.11615	0.01476	0.01530	0.01069	0.00654	0.00552	0.00156	0.03113	0.00497	0.17354	0.06563
32	0.02042	0.06170	0.01630	0.01405	0.01699	0.74878	0.01065	0.02187	0.01549	0.01353	0.00852	0.00994	0.00713	0.00566	0.00493	0.00142	0.00980	0.00354	0.00283	0.00645
33	0.00666	0.00559	0.00578	0.00579	0.00756	0.00471	0.00432	0.00814	0.01280	0.01552	0.11279	0.07701	0.68654	0.01392	0.00656	0.00187	0.00280	0.01169	0.00522	0.00471
34	0.01388	0.01405	0.02944	0.07583	0.06649	0.01337	0.60227	0.01820	0.01314	0.07869	0.01193	0.01518	0.00878	0.00492	0.00633	0.00184	0.00869	0.00626	0.00310	0.00760
35	0.00655	0.00561	0.00561	0.00561	0.00748	0.00468	0.00421	0.00795	0.01262	0.01496	0.05610	0.05330	0.76857	0.01403	0.00655	0.00187	0.00281	0.01169	0.00514	0.00468
36	0.01415	0.08088	0.11704	0.06677	0.44455	0.10957	0.03085	0.01790	0.03513	0.01698	0.01026	0.01289	0.00837	0.00516	0.00527	0.00162	0.00719	0.00457	0.00275	0.00810
37	0.01371	0.01316	0.02248	0.03399	0.77081	0.01316	0.01700	0.01700	0.01261	0.01809	0.01042	0.01371	0.00877	0.00493	0.00548	0.00164	0.00658	0.00493	0.00274	0.00877
38	0.01151	0.00989	0.01163	0.02714	0.01375	0.00764	0.00682	0.01428	0.02757	0.01806	0.01012	0.01176	0.00837	0.00421	0.00417	0.00087	0.00419	0.00338	0.00331	0.80132
39	0.00673	0.00490	0.00634	0.00749	0.00798	0.00452	0.00504	0.00774	0.01081	0.01422	0.03318	0.72404	0.11262	0.01701	0.00701	0.00221	0.00317	0.01532	0.00514	0.00452
40	0.01017	0.00518	0.00522	0.00522	0.00642	0.00518	0.00384	0.01257	0.01137	0.01996	0.01802	0.02172	0.01461	0.06157	0.00555	0.00157	0.00277	0.00536	0.77866	0.00504
41	0.00671	0.00495	0.00629	0.00736	0.00794	0.00453	0.00499	0.00775	0.01094	0.01427	0.03475	0.67807	0.15758	0.01680	0.00698	0.00219	0.00315	0.01507	0.00514	0.00453
42	0.00695	0.00569	0.00617	0.00624	0.00798	0.00492	0.00481	0.00862	0.01302	0.01603	0.14187	0.05275	0.60478	0.01382	0.00666	0.00192	0.00301	0.08471	0.00526	0.00479
43	0.84448	0.01071	0.00814	0.00728	0.01071	0.01242	0.00600	0.01628	0.00943	0.02485	0.00771	0.00900	0.00600	0.00514	0.00343	0.00171	0.00428	0.00300	0.00343	0.00600
44	0.62911	0.01054	0.00948	0.00804	0.01170	0.01155	0.00663	0.03923	0.01140	0.20124	0.01119	0.01143	0.00790	0.00559	0.00399	0.00171	0.00444	0.00366	0.00429	0.00690
45	0.84448	0.01071	0.00814	0.00728	0.01071	0.01242	0.00600	0.01628	0.00943	0.02485	0.00771	0.00900	0.00600	0.00514	0.00343	0.00171	0.00428	0.00300	0.00343	0.00600
46	0.01214	0.09398	0.62963	0.01475	0.02215	0.01378	0.01829	0.07665	0.01293	0.01868	0.03106	0.01241	0.00847	0.00550	0.00517	0.00170	0.00767	0.00423	0.00270	0.00811
47	0.01104	0.00837	0.00987	0.00934	0.01100	0.00893	0.00702	0.16472	0.08029	0.03286	0.04646	0.39659	0.10875	0.01301	0.00731	0.00204	0.06001	0.01113	0.00513	0.00613
48	0.01241	0.00981	0.01158	0.00832	0.01319	0.00744	0.00667	0.01485	0.01179	0.07024	0.01067	0.01199	0.00858	0.00429	0.00420	0.00088	0.00414	0.00344	0.00353	0.78197
49	0.01418	0.67603	0.15617	0.01055	0.01587	0.02037	0.01134	0.01675	0.01133	0.01380	0.00808	0.00936	0.00709	0.00483	0.00384	0.00128	0.00631	0.00315	0.00236	0.00729
50	0.01330	0.49140	0.33314	0.01204	0.01818	0.01823	0.01395	0.01697	0.01143	0.01486	0.00861	0.01003	0.00707	0.00495	0.00425	0.00142	0.00684	0.00342	0.00236	0.00755
51	0.01378	0.01190	0.01252	0.01127	0.01440	0.01378	0.00877	0.02943	0.76081	0.02317	0.02254	0.02066	0.01691	0.00751	0.00564	0.00188	0.00438	0.00626	0.00564	0.00877
52	0.01069	0.00876	0.00983	0.00913	0.01139	0.00944	0.00707	0.01960	0.38175	0.02165	0.29011	0.03353	0.10446	0.00994	0.00615	0.00187	0.00364	0.04837	0.00572	0.00691
53	0.00675	0.00482	0.00643	0.00771	0.00803	0.00450	0.00514	0.00771	0.01060	0.01414	0.03053	0.80175	0.03663	0.01735	0.00707	0.00225	0.00321	0.01574	0.00514	0.00450
54	0.00885	0.00717	0.00797	0.00785	0.00955	0.00727	0.00577	0.01418	0.22001	0.01775	0.13018	0.21131	0.26181	0.05540	0.00758	0.00213	0.00345	0.01069	0.00530	0.00577
55	0.01119	0.00600	0.00609	0.00577	0.00732	0.00613	0.00441	0.07267	0.01278	0.02180	0.01768	0.02005	0.01381	0.00647	0.00401	0.00132	0.00286	0.00515	0.76898	0.00551
56	0.01864	0.01367	0.01497	0.01156	0.01583	0.01442	0.00944	0.53983	0.04443	0.05922	0.01418	0.05309	0.01097	0.00679	0.00538	0.00156	0.00551	0.00530	0.00519	0.15003
57	0.01132	0.01030	0.01661	0.72906	0.03645	0.01270	0.01499	0.07381	0.01228	0.01583	0.01012	0.01465	0.00755	0.00563	0.00554	0.00183	0.00728	0.00493	0.00271	0.00642
58	0.73502	0.01114	0.00911	0.00791	0.01145	0.01278	0.00651	0.08408	0.02415	0.04379	0.00882	0.00983	0.00669	0.00536	0.00371	0.00171	0.00446	0.00330	0.00374	0.00644
59	0.01914	0.01414	0.01525	0.01196	0.01583	0.01564	0.00969	0.62945	0.05704	0.03151	0.01413	0.01594	0.01085	0.07844	0.03320	0.00224	0.00624	0.00535	0.00527	0.00871
60	0.01381	0.59933	0.22969	0.01117	0.01683	0.01948	0.01243	0.01684	0.01137	0.01424	0.00830	0.00964	0.00708	0.00488	0.00401	0.00134	0.00653	0.00326	0.00236	0.00740
61	0.02100	0.01709	0.01649	0.01296	0.01717	0.12794	0.01055	0.64675	0.02454	0.03182	0.01261	0.01282	0.00909	0.00651	0.00546	0.00163	0.00666	0.00478	0.00515	0.00898
62	0.02485	0.00943	0.01285	0.00985	0.01414	0.00814	0.00814	0.02699	0.01585	0.77465	0.02185	0.01885	0.01371	0.00685	0.00557	0.00171	0.00471	0.00557	0.00685	0.00943
63	0.00675	0.00482	0.00643	0.00771	0.00803	0.00450	0.00514	0.00771	0.01060	0.01414	0.03053	0.80175	0.03663	0.01735	0.00707	0.00225	0.00321	0.01574	0.00514	0.00450
64	0.01084	0.02679	0.71449	0.01507	0.02270	0.01224	0.01923	0.01697	0.01201	0.01792	0.07120	0.01409	0.01067	0.00575	0.00536	0.00175	0.00773	0.00457	0.00264	0.00795
65	0.00786	0.00531	0.00619	0.00638	0.00645	0.00530	0.00373	0.00807	0.00845	0.01130	0.01924	0.14541	0.02229	0.66707	0.05030	0.00504	0.00538	0.00908	0.00360	0.00357
66	0.00833	0.00604	0.00768	0.00837	0.00913	0.00603	0.00599	0.06844	0.01191	0.01586	0.02816	0.57805	0.04556	0.06827	0.00861	0.00244	0.01893	0.09230	0.00500	0.00492
67	0.02162	0.01460	0.01606	0.01231	0.01672	0.01582	0.01017	0.64368	0.02451	0.14573	0.01458	0.01413	0.01006	0.00668	0.00554	0.00167	0.00589	0.00507	0.00574	0.00942
68	0.01481	0.01407	0.01300	0.01172	0.01481	0.12903	0.00906	0.02833	0.64918	0.02173	0.02045	0.01906	0.01544	0.00724	0.00554	0.00181	0.00522	0.00586	0.00522	0.00841
69	0.13597	0.00665	0.00633	0.00596	0.00777	0.00701	0.00461	0.06019	0.01220	0.02218	0.01621	0.01844	0.01267	0.00627	0.00391	0.00138	0.00306	0.00483	0.65881	0.00556
70	0.01371	0.01316	0.02248	0.03399	0.77081	0.01316	0.01700	0.01700	0.01261	0.01809	0.01042	0.01371	0.00877	0.00493	0.00548	0.00164	0.00658	0.00493	0.00274	0.00877
71	0.00683	0.00517	0.00631	0.00698	0.00790	0.00465	0.00487	0.00814	0.01188	0.01545	0.13533	0.47649	0.25884	0.01556	0.00684	0.00207	0.00301	0.01377	0.00527	0.00465
72	0.02364	0.01013	0.01315	0.01018	0.01437	0.00932	0.00837	0.10612	0.04906	0.64748	0.03472	0.01874	0.01409	0.00694	0.00559	0.00172	0.00481	0.00562	0.00664	0.00932
73	0.02069	0.02640	0.01569	0.01427	0.01712	0.78313	0.01070	0.02212	0.01569	0.01355	0.00856	0.00999	0.00713	0.00571	0.00499	0.00143	0.00999	0.00357	0.00285	0.00642
74	0.00675	0.00482	0.00643	0.00771	0.00803	0.00450	0.00514	0.00771	0.01060	0.01414	0.03053	0.80175	0.03663	0.01735	0.00707	0.00225	0.00321	0.01574	0.00514	0.00450
75	0.01365	0.01184	0.01312	0.01281	0.06651	0.01354	0.00934	0.02811	0.68993	0.02265	0.02188	0.02126	0.01673	0.00754	0.00568	0.00188	0.00455	0.02490	0.00542	0.00867
76	0.00738	0.00564	0.00676	0.00648	0.00799	0.00503	0.00486	0.00956	0.01459	0.01962	0.51370	0.04563	0.30806	0.01229	0.00654	0.00179	0.00268	0.01061	0.00576	0.00503
77	0.01241	0.01174	0.01944	0.33666	0.42459	0.01286	0.01578	0.01671	0.06361	0.01686	0.01102	0.01461	0.00878	0.00535	0.00552	0.00174	0.00675	0.00502	0.00283	0.00772
78	0.02421	0.00957	0.01283	0.00994	0.01415	0.00846	0.00818	0.02713	0.05876	0.73137	0.02189	0.01895	0.01389	0.00689	0.00557	0.00172	0.00469	0.00561	0.00678	0.00939
79	0.01123	0.02795	0.74263	0.01661	0.05767	0.01288	0.02031	0.01751	0.01173	0.01756	0.00996	0.01178	0.00709	0.00525	0.00527	0.00175	0.00811	0.00413	0.00236	0.00821
80	0.00675	0.00482	0.00643	0.00771	0.00803	0.00450	0.00514	0.00771	0.01060	0.01414	0.03053	0.80175	0.03663	0.01735	0.00707	0.00225	0.00321	0.01574	0.00514	0.00450
81	0.84448	0.01071	0.00814	0.00728	0.01071	0.01242	0.00600	0.01628	0.00943	0.02485	0.00771	0.00900	0.00600	0.00514	0.00343	0.00171	0.00428	0.00300	0.00343	0.00600
82	0.01193	0.00671	0.00688	0.00630	0.00806	0.00696	0.00487	0.12368	0.01378	0.02278	0.01735	0.01955	0.01348	0.00648	0.00412	0.00135	0.00311	0.00514	0.71168	0.00580
83	0.01032	0.00516	0.00516	0.00516	0.00645	0.00516	0.00387	0.01290	0.01161	0.02065	0.01807	0.02065	0.01420	0.00645	0.00387	0.00129	0.00258	0.00516	0.83611	0.00516
84	0.00681	0.00484	0.00641	0.00764	0.00794	0.00454	0.00506	0.00773	0.01049	0.01398	0.02994	0.76720	0.03589	0.05291	0.00802	0.00239	0.00331	0.01540	0.00506	0.00445
85	0.00675	0.00482	0.00643	0.00771	0.00803	0.00450	0.00514	0.00771	0.01060	0.01414	0.03053	0.80175	0.03663	0.01735	0.00707	0.00225	0.00321	0.01574	0.00514	0.00450
86	0.01212	0.01212	0.01696	0.01454	0.01454	0.01696	0.01212	0.01333	0.00848	0.01333	0.00727	0.01212	0.00727	0.00969	0.01818	0.00242	0.79523	0.00485	0.00242	0.00606
87	0.01046	0.00984	0.01661	0.79205	0.03814	0.01230	0.01538	0.01415	0.01107	0.01415	0.00984	0.01477	0.00738	0.00554	0.00554	0.00185	0.00738	0.00492	0.00246	0.00615
88	0.01849	0.01469	0.01765	0.10741	0.15533	0.03432	0.01226	0.51633	0.02163	0.02894	0.01226	0.01346	0.00901	0.00619	0.00552	0.00167	0.00643	0.00494	0.00461	0.00885
89	0.84448	0.01071	0.00814	0.00728	0.01071	0.01242	0.00600	0.01628	0.00943	0.02485	0.00771	0.00900	0.00600	0.00514	0.00343	0.00171	0.00428	0.00300	0.00343	0.00600
90	0.01193	0.01093	0.01773	0.58521	0.17549	0.01286	0.01530	0.07435	0.01258	0.01658	0.01023	0.01445	0.00781	0.00551	0.00553	0.00179	0.00713	0.00493	0.00276	0.00691
91	0.00679	0.00485	0.00646	0.00768	0.00804	0.00453	0.00514	0.00782	0.01080	0.01445	0.05877	0.77262	0.03723	0.01712	0.00705	0.00223	0.00319	0.01553	0.00518	0.00453
92	0.01273	0.01099	0.01152	0.01045	0.01340	0.01246	0.00811	0.02632	0.65253	0.02198	0.02740	0.02539	0.12569	0.00846	0.00577	0.00188	0.00415	0.00705	0.00556	0.00817
93	0.00684	0.00562	0.00602	0.00592	0.00766	0.00480	0.00444	0.00852	0.01333	0.01663	0.22002	0.05055	0.60361	0.01340	0.00654	0.00184	0.00276	0.01130	0.00536	0.00480
94	0.01368	0.53646	0.22993	0.01227	0.01800	0.01886	0.07118	0.01693	0.01152	0.01461	0.00858	0.01012	0.00719	0.00487	0.00425	0.00139	0.00680	0.00355	0.00240	0.00743
95	0.48809	0.03113	0.13468	0.07289	0.01588	0.06582	0.00971	0.05446	0.01143	0.03715	0.00914	0.01068	0.00692	0.00537	0.00417	0.00169	0.00565	0.00358	0.02492	0.00664
96	0.01032	0.00516	0.00516	0.00516	0.00645	0.00516	0.00387	0.01290	0.01161	0.02065	0.01807	0.02065	0.01420	0.00645	0.00387	0.00129	0.00258	0.00516	0.83611	0.00516
97	0.00994	0.00646	0.00746	0.00713	0.00892	0.02133	0.00531	0.01159	0.01333	0.13005	0.19892	0.18622	0.32572	0.03338	0.00703	0.00197	0.00334	0.01092	0.00551	0.00547
98	0.00675	0.00482	0.00643	0.00771	0.00803	0.00450	0.00514	0.00771	0.01060	0.01414	0.03053	0.80175	0.03663	0.01735	0.00707	0.00225	0.00321	0.01574	0.00514	0.00450
99	0.01291	0.01605	0.09281	0.02273	0.02854	0.01391	0.69168	0.01772	0.01296	0.01772	0.01110	0.01468	0.00829	0.00472	0.00643	0.00186	0.00924	0.00634	0.00276	0.00753
100	0.01032	0.00516	0.00516	0.00516	0.00645	0.00516	0.00387	0.01290	0.01161	0.02065	0.01807	0.02065	0.01420	0.00645	0.00387	0.00129	0.00258	0.00516	0.83611	0.00516
101	0.01105	0.06226	0.68986	0.01489	0.02245	0.01274	0.01892	0.01701	0.01195	0.01766	0.06213	0.01361	0.01014	0.00566	0.00527	0.00173	0.00770	0.00445	0.00260	0.00793
102	0.01565	0.01880	0.25206	0.01467	0.02020	0.01471	0.10504	0.30471	0.13650	0.02521	0.01340	0.01414	0.00972	0.00606	0.00556	0.00173	0.00683	0.00507	0.00418	0.02577
103	0.01846	0.09765	0.01720	0.01387	0.01634	0.56173	0.01086	0.01988	0.01387	0.01346	0.00823	0.01030	0.00716	0.00639	0.00743	0.00160	0.16268	0.00376	0.00272	0.00641
104	0.01148	0.00984	0.01148	0.00820	0.01312	0.00738	0.00656	0.01395	0.01148	0.01805	0.00984	0.01148	0.00820	0.00410	0.00410	0.00082	0.00410	0.00328	0.00328	0.83922
105	0.00681	0.00486	0.00650	0.00778	0.00813	0.00455	0.00525	0.00782	0.01066	0.01421	0.03049	0.78122	0.03650	0.01729	0.00709	0.00226	0.00327	0.03567	0.00514	0.00452
106	0.01451	0.74565	0.08945	0.00999	0.01500	0.02118	0.01036	0.01666	0.01129	0.01339	0.00788	0.00911	0.00710	0.00478	0.00369	0.00123	0.00611	0.00305	0.00237	0.00719
107	0.00931	0.00795	0.01146	0.01066	0.01128	0.01018	0.00850	0.01096	0.00873	0.01293	0.01244	0.01912	0.01191	0.05967	0.50247	0.00663	0.27210	0.00565	0.00280	0.00525
108	0.00675	0.00482	0.00643	0.00771	0.00803	0.00450	0.00514	0.00771	0.01060	0.01414	0.03053	0.80175	0.03663	0.01735	0.00707	0.00225	0.00321	0.01574	0.00514	0.00450
109	0.02105	0.01551	0.01662	0.01274	0.01717	0.01717	0.01053	0.75235	0.02604	0.03490	0.01330	0.01330	0.00942	0.00665	0.00554	0.00166	0.00609	0.00499	0.00554	0.00942
110	0.00919	0.00555	0.00657	0.00652	0.00740	0.00590	0.00470	0.01097	0.01000	0.01611	0.01687	0.02452	0.01540	0.20754	0.21156	0.00426	0.02174	0.00605	0.40448	0.00469
111	0.01466	0.00974	0.01181	0.00859	0.01337	0.00756	0.00694	0.01704	0.01252	0.19763	0.01269	0.01323	0.00951	0.00476	0.00445	0.00103	0.00425	0.00382	0.00413	0.64227
112	0.00655	0.00561	0.00561	0.00561	0.00748	0.00468	0.00421	0.00795	0.01262	0.01496	0.05610	0.05330	0.76857	0.01403	0.00655	0.00187	0.00281	0.01169	0.00514	0.00468
113	0.00756	0.00571	0.00701	0.00687	0.00834	0.00517	0.00527	0.00981	0.01449	0.01952	0.48656	0.04691	0.26303	0.01250	0.00664	0.00186	0.00291	0.07906	0.00572	0.00505
114	0.01958	0.01463	0.01563	0.01228	0.01642	0.01628	0.01005	0.61627	0.14138	0.03263	0.01490	0.01468	0.01074	0.00678	0.00551	0.00169	0.00572	0.00519	0.03046	0.00919
115	0.01378	0.01190	0.01252	0.01127	0.01440	0.01378	0.00877	0.02943	0.76081	0.02317	0.02254	0.02066	0.01691	0.00751	0.00564	0.00188	0.00438	0.00626	0.00564	0.00877
116	0.02462	0.00979	0.01308	0.01002	0.01432	0.00868	0.00828	0.06998	0.01646	0.73081	0.02134	0.01852	0.01346	0.00684	0.00557	0.00171	0.00479	0.00553	0.00678	0.00942
117	0.30884	0.06624	0.01173	0.00893	0.01235	0.03234	0.00731	0.17053	0.08794	0.03544	0.04312	0.01897	0.12004	0.00718	0.00475	0.00166	0.00464	0.00532	0.01829	0.03437
118	0.20864	0.12982	0.16341	0.01116	0.02894	0.06099	0.01061	0.09953	0.01370	0.14615	0.02516	0.01272	0.00924	0.00570	0.00461	0.00158	0.00587	0.00411	0.02549	0.03255

[dist]
# distance from previous block
# <min> <max>
10	23

[block]
# block no. 3 follows, 43 sequences, length 11
# corresponding to MSA columns:
# 342-352
name=unknown_D
#
# <colnr> <probs for GDERKNQSTAVLIFYWHMCP>
#	G	D	E	R	K	N	Q	S	T	A	V	L	I	F	Y	W	H	M	C	P
0	0.43598	0.01166	0.04267	0.00883	0.01249	0.01208	0.00755	0.17682	0.01409	0.10576	0.01185	0.01259	0.00866	0.00582	0.00425	0.00165	0.00467	0.00403	0.11146	0.00709
1	0.00772	0.00557	0.00730	0.00705	0.00825	0.00515	0.00522	0.01015	0.01512	0.02133	0.68745	0.12433	0.05055	0.01198	0.00659	0.00180	0.00268	0.01064	0.00599	0.00515
2	0.01729	0.01333	0.01422	0.01163	0.01521	0.01493	0.00927	0.42563	0.29184	0.02857	0.01702	0.01794	0.01306	0.07532	0.00751	0.00206	0.00541	0.00571	0.00539	0.00866
3	0.00784	0.00566	0.00740	0.00697	0.00827	0.00523	0.00523	0.01045	0.01568	0.02221	0.76789	0.04137	0.05226	0.01132	0.00653	0.00174	0.00261	0.01002	0.00610	0.00523
4	0.01340	0.00917	0.01059	0.00934	0.01172	0.00939	0.00723	0.26872	0.01726	0.08386	0.12071	0.24064	0.10806	0.03298	0.00688	0.00199	0.00433	0.03152	0.00549	0.00671
5	0.01210	0.01482	0.12312	0.31210	0.12567	0.03824	0.21351	0.01614	0.01188	0.01600	0.01010	0.01395	0.00777	0.00545	0.00651	0.00184	0.05591	0.00520	0.00258	0.00712
6	0.01378	0.01190	0.01252	0.01127	0.01440	0.01378	0.00877	0.02943	0.76081	0.02317	0.02254	0.02066	0.01691	0.00751	0.00564	0.00188	0.00438	0.00626	0.00564	0.00877
7	0.01074	0.01038	0.01832	0.71047	0.03717	0.01249	0.09342	0.01453	0.01129	0.01453	0.00999	0.01478	0.00749	0.00544	0.00564	0.00185	0.00759	0.00509	0.00250	0.00629
8	0.00655	0.00561	0.00561	0.00561	0.00748	0.00468	0.00421	0.00795	0.01262	0.01496	0.05610	0.05330	0.76857	0.01403	0.00655	0.00187	0.00281	0.01169	0.00514	0.00468
9	0.01226	0.02418	0.61342	0.01434	0.02137	0.01159	0.01767	0.01782	0.01245	0.09817	0.06404	0.01643	0.01178	0.00623	0.00547	0.00178	0.00732	0.03251	0.00318	0.00800
10	0.84448	0.01071	0.00814	0.00728	0.01071	0.01242	0.00600	0.01628	0.00943	0.02485	0.00771	0.00900	0.00600	0.00514	0.00343	0.00171	0.00428	0.00300	0.00343	0.00600

[dist]
# distance from previous block
# <min> <max>
0	1

[block]
# block no. 4 follows, 43 sequences, length 34
# corresponding to MSA columns:
# 354-387
name=unknown_E
#
# <colnr> <probs for GDERKNQSTAVLIFYWHMCP>
#	G	D	E	R	K	N	Q	S	T	A	V	L	I	F	Y	W	H	M	C	P
0	0.84448	0.01071	0.00814	0.00728	0.01071	0.01242	0.00600	0.01628	0.00943	0.02485	0.00771	0.00900	0.00600	0.00514	0.00343	0.00171	0.00428	0.00300	0.00343	0.00600
1	0.02231	0.00980	0.01235	0.00974	0.01371	0.02630	0.00795	0.04865	0.05839	0.62046	0.02446	0.02174	0.08307	0.00752	0.00565	0.00173	0.00468	0.00611	0.00649	0.00888
2	0.01410	0.01283	0.02079	0.05087	0.63805	0.01305	0.01561	0.08436	0.01375	0.01968	0.01110	0.01409	0.00910	0.00520	0.00540	0.00163	0.00633	0.00495	0.05055	0.00856
3	0.02351	0.00903	0.01214	0.00942	0.01343	0.00787	0.00775	0.02569	0.01546	0.70526	0.02150	0.01902	0.01375	0.00682	0.00541	0.00167	0.00452	0.00553	0.08317	0.00903
4	0.00784	0.00566	0.00740	0.00697	0.00827	0.00523	0.00523	0.01045	0.01568	0.02221	0.76789	0.04137	0.05226	0.01132	0.00653	0.00174	0.00261	0.01002	0.00610	0.00523
5	0.01181	0.01018	0.01198	0.12646	0.07804	0.08031	0.00909	0.14307	0.01424	0.01843	0.05951	0.34981	0.02270	0.01134	0.00655	0.02102	0.00524	0.00968	0.00440	0.00614
6	0.01378	0.01190	0.01252	0.01127	0.01440	0.01378	0.00877	0.02943	0.76081	0.02317	0.02254	0.02066	0.01691	0.00751	0.00564	0.00188	0.00438	0.00626	0.00564	0.00877
7	0.01908	0.01641	0.01544	0.03408	0.01691	0.15936	0.01018	0.46777	0.10960	0.02823	0.05647	0.01519	0.01226	0.00681	0.00551	0.00165	0.00646	0.00516	0.00500	0.00845
8	0.81527	0.01134	0.03508	0.00758	0.01118	0.01244	0.00650	0.01632	0.00950	0.02459	0.00779	0.00909	0.00603	0.00515	0.00349	0.00172	0.00442	0.00304	0.00339	0.00607
9	0.01539	0.25424	0.03885	0.01405	0.10912	0.06519	0.01065	0.11701	0.28032	0.02025	0.01416	0.01439	0.01110	0.00607	0.00493	0.00158	0.00579	0.00471	0.00402	0.00819
10	0.00675	0.00482	0.00643	0.00771	0.00803	0.00450	0.00514	0.00771	0.01060	0.01414	0.03053	0.80175	0.03663	0.01735	0.00707	0.00225	0.00321	0.01574	0.00514	0.00450
11	0.01773	0.01036	0.03348	0.01199	0.08296	0.00965	0.00891	0.13452	0.05592	0.32864	0.21889	0.02344	0.02289	0.00783	0.00581	0.00172	0.00461	0.00661	0.00588	0.00817
12	0.00675	0.00482	0.00643	0.00771	0.00803	0.00450	0.00514	0.00771	0.01060	0.01414	0.03053	0.80175	0.03663	0.01735	0.00707	0.00225	0.00321	0.01574	0.00514	0.00450
13	0.01307	0.01494	0.03268	0.02334	0.02894	0.01401	0.75070	0.01774	0.01307	0.01774	0.01120	0.01494	0.00840	0.00467	0.00654	0.00187	0.00934	0.00654	0.00280	0.00747
14	0.01127	0.01130	0.02029	0.51413	0.03291	0.01331	0.18129	0.01485	0.01118	0.01485	0.00981	0.01445	0.00760	0.00590	0.00745	0.00193	0.11323	0.00528	0.00253	0.00644
15	0.00784	0.00566	0.00740	0.00697	0.00827	0.00523	0.00523	0.01045	0.01568	0.02221	0.76789	0.04137	0.05226	0.01132	0.00653	0.00174	0.00261	0.01002	0.00610	0.00523
16	0.01046	0.00984	0.01661	0.79205	0.03814	0.01230	0.01538	0.01415	0.01107	0.01415	0.00984	0.01477	0.00738	0.00554	0.00554	0.00185	0.00738	0.00492	0.00246	0.00615
17	0.01188	0.00656	0.00870	0.00765	0.00967	0.00592	0.00592	0.01438	0.01572	0.20116	0.59046	0.03601	0.04309	0.01026	0.00630	0.00174	0.00311	0.00896	0.00628	0.00622
18	0.00680	0.00556	0.00604	0.00635	0.00793	0.00481	0.00478	0.00824	0.01233	0.01499	0.04981	0.16574	0.59111	0.01464	0.00673	0.00199	0.00308	0.07924	0.00514	0.00469
19	0.00833	0.00580	0.00825	0.00825	0.00930	0.00662	0.00640	0.01041	0.00937	0.01420	0.01539	0.02157	0.01391	0.03548	0.64874	0.00759	0.01272	0.00580	0.14690	0.00498
20	0.11309	0.01221	0.01411	0.01109	0.01523	0.01271	0.02500	0.29336	0.10316	0.31695	0.01697	0.01583	0.01152	0.00662	0.00535	0.00172	0.00524	0.00517	0.00576	0.00892
21	0.01119	0.01065	0.01822	0.61792	0.18692	0.01252	0.03480	0.01482	0.01144	0.01505	0.01000	0.01455	0.00769	0.00539	0.00555	0.00181	0.00727	0.00497	0.00253	0.00672
22	0.01750	0.01165	0.01332	0.04196	0.01564	0.01270	0.00910	0.12445	0.43931	0.22010	0.02063	0.01898	0.01470	0.00715	0.00560	0.00181	0.00482	0.00586	0.00581	0.00892
23	0.01983	0.01256	0.01450	0.01145	0.01530	0.01343	0.00939	0.46426	0.02092	0.20365	0.01554	0.01595	0.01113	0.01230	0.13039	0.00284	0.00718	0.00527	0.00543	0.00870
24	0.00739	0.00527	0.00676	0.00723	0.00811	0.00486	0.00517	0.00867	0.01216	0.01624	0.23856	0.35074	0.16381	0.01517	0.00820	0.07905	0.00322	0.04967	0.00515	0.00457
25	0.00835	0.00603	0.00729	0.00735	0.00805	0.00633	0.00497	0.01052	0.07823	0.01335	0.02133	0.13657	0.06320	0.38261	0.19295	0.00511	0.00691	0.00858	0.02775	0.00450
26	0.00805	0.00537	0.00604	0.00604	0.00604	0.00537	0.00336	0.00805	0.00805	0.01074	0.01745	0.03624	0.02013	0.80536	0.02819	0.00537	0.00537	0.00805	0.00336	0.00336
27	0.00962	0.00481	0.00722	0.00722	0.00722	0.00481	0.00481	0.00722	0.00722	0.00962	0.00962	0.01684	0.00962	0.01924	0.02165	0.83886	0.00481	0.00481	0.00241	0.00241
28	0.00805	0.00537	0.00604	0.00604	0.00604	0.00537	0.00336	0.00805	0.00805	0.01074	0.01745	0.03624	0.02013	0.80536	0.02819	0.00537	0.00537	0.00805	0.00336	0.00336
29	0.01359	0.37613	0.29017	0.01332	0.01915	0.05669	0.08157	0.01804	0.05458	0.01565	0.00970	0.01116	0.00776	0.00512	0.00462	0.00150	0.00715	0.00391	0.00261	0.00758
30	0.00784	0.00566	0.00740	0.00697	0.00827	0.00523	0.00523	0.01045	0.01568	0.02221	0.76789	0.04137	0.05226	0.01132	0.00653	0.00174	0.00261	0.01002	0.00610	0.00523
31	0.20730	0.17327	0.28068	0.01110	0.01648	0.01333	0.01205	0.01832	0.01200	0.14874	0.05001	0.01327	0.01027	0.00572	0.00462	0.00163	0.00595	0.00418	0.00357	0.00753
32	0.07898	0.05383	0.18273	0.03215	0.08763	0.01308	0.12941	0.03399	0.01136	0.01740	0.02650	0.01440	0.00951	0.00996	0.09008	0.00258	0.14593	0.00496	0.04858	0.00694
33	0.08738	0.01390	0.07435	0.07035	0.16747	0.03781	0.20520	0.04041	0.02844	0.01832	0.04017	0.01689	0.02385	0.00640	0.00711	0.00184	0.09745	0.03302	0.00316	0.02646

[dist]
# distance from previous block
# <min> <max>
0	18

# created by:
# /st0/software/busco_prod/Augustus/scripts/msa2prfl.pl ./align_prep/141488.fa
