[name]
unknown

[dist]
# distance from previous block
# <min> <max>
1	75

[block]
# block no. 0 follows, 43 sequences, length 9
# corresponding to MSA columns:
# 158-166
name=unknown_A
#
# <colnr> <probs for GDERKNQSTAVLIFYWHMCP>
#	G	D	E	R	K	N	Q	S	T	A	V	L	I	F	Y	W	H	M	C	P
0	0.08507	0.01195	0.01643	0.25929	0.15542	0.08145	0.06263	0.03325	0.01222	0.06455	0.01304	0.11280	0.01168	0.00717	0.00623	0.00183	0.04872	0.00615	0.00334	0.00679
1	0.02932	0.03683	0.01022	0.06091	0.03017	0.08433	0.00697	0.01299	0.03380	0.06521	0.11217	0.17667	0.05624	0.15771	0.07271	0.00301	0.00576	0.00839	0.00423	0.03236
2	0.04106	0.08010	0.01584	0.04031	0.06514	0.11894	0.04028	0.19026	0.01637	0.13055	0.05947	0.06005	0.01352	0.00682	0.00526	0.00158	0.00592	0.00551	0.03803	0.06498
3	0.04459	0.00816	0.01078	0.00950	0.01148	0.00836	0.05781	0.02844	0.10903	0.02925	0.22281	0.05212	0.06880	0.08422	0.00989	0.05767	0.04934	0.07307	0.00464	0.06006
4	0.05048	0.06504	0.01530	0.32773	0.11315	0.01202	0.01149	0.06848	0.06198	0.04178	0.01470	0.01860	0.05058	0.07492	0.00722	0.00203	0.00600	0.00546	0.04639	0.00667
5	0.01836	0.00984	0.01290	0.06735	0.05546	0.00965	0.00884	0.12027	0.06411	0.37265	0.14362	0.02293	0.05352	0.00773	0.00577	0.00173	0.00474	0.00647	0.00586	0.00820
6	0.07122	0.00816	0.00893	0.00797	0.00952	0.00851	0.00559	0.16920	0.01250	0.01778	0.01655	0.09994	0.01744	0.42393	0.04930	0.00390	0.00556	0.00740	0.00398	0.05261
7	0.02162	0.01024	0.01290	0.01017	0.01402	0.00974	0.00828	0.18885	0.01780	0.50481	0.07193	0.07104	0.01691	0.00781	0.00573	0.00174	0.00478	0.00642	0.00639	0.00881
8	0.01788	0.01346	0.01563	0.04612	0.11987	0.04100	0.01063	0.40395	0.07588	0.08030	0.06850	0.01660	0.01333	0.00674	0.00552	0.00167	0.00571	0.00543	0.04322	0.00855

[dist]
# distance from previous block
# <min> <max>
27	61

[block]
# block no. 1 follows, 43 sequences, length 34
# corresponding to MSA columns:
# 232-265
name=unknown_B
#
# <colnr> <probs for GDERKNQSTAVLIFYWHMCP>
#	G	D	E	R	K	N	Q	S	T	A	V	L	I	F	Y	W	H	M	C	P
0	0.09635	0.10138	0.04832	0.03088	0.03008	0.05038	0.00962	0.20928	0.06129	0.16538	0.03321	0.01706	0.01207	0.00665	0.00514	0.00163	0.00558	0.04585	0.00467	0.06517
1	0.05671	0.12156	0.10306	0.03552	0.14140	0.07874	0.08463	0.06678	0.11908	0.04702	0.03355	0.01607	0.04547	0.00612	0.00524	0.00164	0.00640	0.00515	0.00364	0.02221
2	0.04846	0.07324	0.08331	0.01235	0.05558	0.12283	0.01014	0.18949	0.04246	0.12009	0.08775	0.01939	0.08125	0.00731	0.00564	0.00166	0.02120	0.00567	0.00453	0.00764
3	0.02587	0.04294	0.04390	0.01364	0.11078	0.01097	0.05036	0.14616	0.10376	0.02119	0.12345	0.14323	0.03497	0.02901	0.00652	0.00191	0.00506	0.05333	0.00462	0.02832
4	0.01101	0.02503	0.00994	0.02796	0.03768	0.02167	0.00674	0.02632	0.09668	0.09188	0.18285	0.09768	0.15334	0.06539	0.05628	0.00242	0.00468	0.00840	0.00493	0.06912
5	0.01630	0.01052	0.01220	0.05303	0.01467	0.05101	0.00857	0.12595	0.09904	0.22941	0.15071	0.02623	0.02133	0.00838	0.00586	0.00176	0.00494	0.09286	0.00550	0.06172
6	0.09740	0.00764	0.00873	0.04565	0.01128	0.00707	0.00608	0.02730	0.01282	0.11037	0.12773	0.04669	0.27036	0.05202	0.00684	0.00186	0.00383	0.01958	0.00480	0.13195
7	0.01658	0.03213	0.01256	0.00927	0.01355	0.00896	0.00750	0.07567	0.05501	0.27067	0.01603	0.06413	0.01236	0.00625	0.00496	0.00134	0.00447	0.00511	0.00486	0.37857
8	0.01762	0.01345	0.01616	0.01287	0.04696	0.01367	0.05604	0.41642	0.05304	0.06397	0.01297	0.01354	0.00955	0.00584	0.00523	0.00147	0.00565	0.00472	0.00473	0.22610
9	0.01046	0.00984	0.01661	0.79205	0.03814	0.01230	0.01538	0.01415	0.01107	0.01415	0.00984	0.01477	0.00738	0.00554	0.00554	0.00185	0.00738	0.00492	0.00246	0.00615
10	0.27109	0.10723	0.08265	0.02497	0.01572	0.04867	0.00991	0.30512	0.01688	0.05390	0.01069	0.01142	0.00792	0.00579	0.00462	0.00163	0.00585	0.00402	0.00412	0.00781
11	0.01899	0.04891	0.05181	0.01332	0.09384	0.08377	0.01009	0.16216	0.04445	0.29278	0.10666	0.01841	0.01591	0.00690	0.00551	0.00166	0.00562	0.00558	0.00524	0.00838
12	0.00780	0.00566	0.00734	0.00692	0.00825	0.00521	0.00519	0.01037	0.01558	0.02197	0.74458	0.04176	0.07572	0.01141	0.00653	0.00175	0.00262	0.01007	0.00607	0.00521
13	0.00675	0.00482	0.00643	0.00771	0.00803	0.00450	0.00514	0.00771	0.01060	0.01414	0.03053	0.80175	0.03663	0.01735	0.00707	0.00225	0.00321	0.01574	0.00514	0.00450
14	0.01310	0.01443	0.03023	0.05236	0.16643	0.01379	0.58918	0.01748	0.01292	0.01768	0.01101	0.01471	0.00844	0.00475	0.00631	0.00183	0.00876	0.00618	0.00278	0.00766
15	0.02452	0.00995	0.01318	0.01010	0.01440	0.00892	0.00835	0.08976	0.01673	0.71064	0.02111	0.01837	0.01334	0.00684	0.00557	0.00171	0.00483	0.00552	0.00674	0.00942
16	0.01032	0.00516	0.00516	0.00516	0.00645	0.00516	0.00387	0.01290	0.01161	0.02065	0.01807	0.02065	0.01420	0.00645	0.00387	0.00129	0.00258	0.00516	0.83611	0.00516
17	0.01113	0.00900	0.00965	0.00885	0.01132	0.00959	0.00678	0.02000	0.40031	0.04651	0.10874	0.03328	0.24935	0.04202	0.00691	0.00200	0.00377	0.00835	0.00548	0.00696
18	0.06032	0.00676	0.00702	0.00706	0.00853	0.04291	0.00518	0.00990	0.01307	0.01763	0.27145	0.22106	0.28319	0.01299	0.00639	0.00189	0.00328	0.01117	0.00523	0.00498
19	0.01378	0.01190	0.01252	0.01127	0.01440	0.01378	0.00877	0.02943	0.76081	0.02317	0.02254	0.02066	0.01691	0.00751	0.00564	0.00188	0.00438	0.00626	0.00564	0.00877
20	0.02068	0.01515	0.01622	0.01248	0.01680	0.01676	0.01030	0.72670	0.02554	0.03441	0.01346	0.01355	0.00958	0.00664	0.00548	0.00165	0.00597	0.00499	0.03435	0.00927
21	0.65008	0.01056	0.00923	0.00792	0.01145	0.01173	0.00651	0.05276	0.01142	0.13878	0.03832	0.01189	0.00904	0.00570	0.00397	0.00171	0.00437	0.00374	0.00415	0.00665
22	0.04294	0.00639	0.00786	0.00834	0.00945	0.00634	0.00590	0.05157	0.05887	0.06670	0.02758	0.62555	0.03114	0.01496	0.00665	0.00214	0.00359	0.01337	0.00524	0.00542
23	0.00691	0.00544	0.00630	0.00688	0.00816	0.00483	0.00511	0.00831	0.01197	0.01489	0.04428	0.30256	0.43382	0.01529	0.00686	0.00208	0.00323	0.10329	0.00514	0.00467
24	0.13116	0.00841	0.01022	0.00874	0.01163	0.00804	0.00683	0.03538	0.03956	0.37928	0.08262	0.16486	0.02048	0.05882	0.00705	0.00205	0.00426	0.00763	0.00572	0.00730
25	0.01996	0.00837	0.01116	0.00921	0.01252	0.00740	0.00731	0.02217	0.03525	0.56027	0.02500	0.16351	0.05460	0.02830	0.00643	0.00191	0.00435	0.00780	0.00634	0.00813
26	0.10261	0.00659	0.00799	0.00816	0.00960	0.00641	0.00589	0.03927	0.01196	0.13146	0.04391	0.54792	0.02914	0.01387	0.00637	0.00207	0.00365	0.01226	0.00525	0.00561
27	0.84448	0.01071	0.00814	0.00728	0.01071	0.01242	0.00600	0.01628	0.00943	0.02485	0.00771	0.00900	0.00600	0.00514	0.00343	0.00171	0.00428	0.00300	0.00343	0.00600
28	0.00854	0.00572	0.00714	0.00730	0.00847	0.00527	0.00520	0.01043	0.03172	0.06939	0.23796	0.34736	0.15577	0.06365	0.00802	0.00220	0.00325	0.01207	0.00543	0.00511
29	0.02619	0.00623	0.00760	0.00729	0.00912	0.00558	0.00554	0.01196	0.01352	0.13923	0.23078	0.18031	0.27540	0.01266	0.00647	0.00191	0.00328	0.04571	0.00563	0.00560
30	0.00670	0.00545	0.00593	0.00616	0.00766	0.00469	0.00449	0.00811	0.01246	0.01541	0.11168	0.20830	0.55470	0.01449	0.00665	0.00194	0.00287	0.01239	0.00522	0.00469
31	0.01046	0.00984	0.01661	0.79205	0.03814	0.01230	0.01538	0.01415	0.01107	0.01415	0.00984	0.01477	0.00738	0.00554	0.00554	0.00185	0.00738	0.00492	0.00246	0.00615
32	0.01268	0.01793	0.20426	0.02270	0.10530	0.01365	0.50458	0.01762	0.01270	0.01773	0.01083	0.01406	0.00812	0.00483	0.00613	0.00182	0.00878	0.00580	0.00269	0.00777
33	0.13318	0.00809	0.00996	0.00832	0.01130	0.00755	0.00665	0.01880	0.01468	0.37059	0.27877	0.04300	0.04885	0.00859	0.00566	0.00174	0.00384	0.00714	0.00602	0.00725

[dist]
# distance from previous block
# <min> <max>
4	13

[block]
# block no. 2 follows, 43 sequences, length 8
# corresponding to MSA columns:
# 279-286
name=unknown_C
#
# <colnr> <probs for GDERKNQSTAVLIFYWHMCP>
#	G	D	E	R	K	N	Q	S	T	A	V	L	I	F	Y	W	H	M	C	P
0	0.68787	0.01394	0.09987	0.00878	0.01273	0.06648	0.00804	0.01684	0.01013	0.02319	0.00804	0.00939	0.00620	0.00520	0.00375	0.00170	0.00515	0.00317	0.00326	0.00629
1	0.00826	0.00507	0.00699	0.00763	0.00791	0.00495	0.00527	0.00803	0.00928	0.01232	0.02090	0.32178	0.02385	0.11132	0.01517	0.31977	0.00431	0.09963	0.00389	0.00364
2	0.01290	0.00912	0.01089	0.03201	0.01300	0.00784	0.00693	0.08536	0.01348	0.11970	0.02037	0.12719	0.10718	0.00782	0.00519	0.00138	0.00419	0.00657	0.00444	0.40444
3	0.01032	0.00862	0.01009	0.01090	0.10382	0.04216	0.00713	0.09883	0.01490	0.01962	0.26653	0.06413	0.23812	0.07089	0.00788	0.00204	0.00413	0.00903	0.00496	0.00589
4	0.01214	0.00910	0.01342	0.10315	0.01642	0.00863	0.09960	0.03375	0.03046	0.11280	0.06851	0.12562	0.05439	0.08020	0.00797	0.00198	0.02057	0.00728	0.00421	0.18980
5	0.01481	0.80869	0.02902	0.00948	0.01421	0.02191	0.00948	0.01658	0.01125	0.01303	0.00770	0.00888	0.00711	0.00474	0.00355	0.00118	0.00592	0.00296	0.00237	0.00711
6	0.04402	0.01017	0.00913	0.00797	0.01047	0.10398	0.00618	0.10046	0.05494	0.02137	0.01513	0.01686	0.01184	0.00609	0.00431	0.00134	0.00426	0.00468	0.45230	0.11450
7	0.01497	0.01084	0.01209	0.01045	0.01335	0.01194	0.00836	0.27319	0.21455	0.05409	0.01886	0.06399	0.01563	0.01166	0.08647	0.00252	0.00584	0.05528	0.10822	0.00769

[dist]
# distance from previous block
# <min> <max>
2	20

[block]
# block no. 3 follows, 43 sequences, length 125
# corresponding to MSA columns:
# 307-384,386-432
name=unknown_D
#
# <colnr> <probs for GDERKNQSTAVLIFYWHMCP>
#	G	D	E	R	K	N	Q	S	T	A	V	L	I	F	Y	W	H	M	C	P
0	0.07385	0.01297	0.01407	0.01087	0.01511	0.01350	0.00888	0.40251	0.06975	0.04563	0.01353	0.01393	0.02489	0.00615	0.00535	0.00148	0.02482	0.00462	0.00474	0.23335
1	0.00785	0.00542	0.00661	0.00675	0.00701	0.00555	0.00424	0.00836	0.00858	0.01159	0.01918	0.11752	0.03602	0.55965	0.16729	0.00562	0.00686	0.00857	0.00351	0.00381
2	0.32927	0.11238	0.08355	0.01102	0.03022	0.14618	0.00947	0.05803	0.13580	0.02092	0.01085	0.01165	0.00846	0.00567	0.00440	0.00163	0.00597	0.00387	0.00356	0.00710
3	0.00868	0.00609	0.00675	0.00662	0.00696	0.00629	0.00395	0.01041	0.09086	0.01211	0.01801	0.03453	0.01978	0.71760	0.02571	0.00499	0.00526	0.00786	0.00361	0.00395
4	0.01154	0.02500	0.58828	0.01709	0.02424	0.01335	0.15381	0.01729	0.01173	0.01729	0.00999	0.01232	0.00729	0.00546	0.00638	0.00182	0.06221	0.00459	0.00243	0.00791
5	0.01175	0.00853	0.01023	0.00981	0.01206	0.00884	0.00783	0.04165	0.24584	0.07249	0.05304	0.14587	0.03616	0.01147	0.00683	0.02650	0.00440	0.21789	0.00525	0.06356
6	0.00962	0.00481	0.00722	0.00722	0.00722	0.00481	0.00481	0.00722	0.00722	0.00962	0.00962	0.01684	0.00962	0.01924	0.02165	0.83886	0.00481	0.00481	0.00241	0.00241
7	0.01215	0.03797	0.01756	0.01447	0.01476	0.01689	0.02781	0.01347	0.00868	0.01341	0.00749	0.01223	0.00740	0.00996	0.03021	0.00248	0.73967	0.00484	0.00244	0.00610
8	0.00687	0.00500	0.00632	0.00727	0.00779	0.00462	0.00486	0.00786	0.01080	0.01419	0.05526	0.61297	0.13106	0.08668	0.00886	0.00246	0.00333	0.01436	0.00501	0.00444
9	0.18577	0.02152	0.46603	0.01427	0.02068	0.01235	0.11032	0.01663	0.01146	0.01892	0.01285	0.01444	0.06002	0.00577	0.00513	0.00177	0.00714	0.00471	0.00282	0.00739
10	0.00839	0.00554	0.00729	0.00784	0.00882	0.00500	0.00545	0.00966	0.01138	0.06698	0.08056	0.63948	0.03419	0.01528	0.00672	0.00208	0.00334	0.01378	0.00520	0.06302
11	0.00813	0.00680	0.00723	0.00691	0.00892	0.00648	0.00524	0.01243	0.15369	0.01779	0.17603	0.04505	0.50036	0.01232	0.00637	0.00185	0.00307	0.01037	0.00540	0.00554
12	0.01482	0.00876	0.01033	0.00900	0.01189	0.00868	0.00705	0.02102	0.24708	0.26157	0.11602	0.06798	0.17303	0.00955	0.00597	0.00183	0.00391	0.00805	0.00596	0.00753
13	0.79791	0.01064	0.00841	0.00743	0.01091	0.01218	0.00612	0.01689	0.00979	0.06745	0.00851	0.00956	0.00644	0.00524	0.00355	0.00171	0.00431	0.00315	0.00362	0.00619
14	0.00806	0.00602	0.00742	0.00804	0.00897	0.00593	0.00563	0.04351	0.07578	0.01647	0.08225	0.59302	0.08705	0.01537	0.00680	0.00213	0.00337	0.01376	0.00527	0.00515
15	0.00780	0.00566	0.00735	0.00693	0.00825	0.00521	0.00520	0.01038	0.01559	0.02200	0.74708	0.04172	0.07320	0.01140	0.00653	0.00175	0.00262	0.01006	0.00607	0.00521
16	0.00870	0.00619	0.00718	0.00681	0.00862	0.00560	0.00516	0.01127	0.05103	0.06980	0.30126	0.06352	0.37780	0.02936	0.00693	0.00191	0.00306	0.02484	0.00558	0.00537
17	0.00751	0.00528	0.00673	0.00756	0.00813	0.00502	0.00511	0.00895	0.03274	0.02768	0.07177	0.58580	0.06552	0.11135	0.00950	0.00257	0.00351	0.02562	0.00502	0.00463
18	0.00691	0.00561	0.00613	0.00603	0.00771	0.00483	0.00451	0.00865	0.01344	0.01698	0.25529	0.06465	0.55324	0.01333	0.00655	0.00184	0.00276	0.01130	0.00541	0.00483
19	0.02124	0.01521	0.01643	0.01260	0.01702	0.01673	0.01041	0.71623	0.02553	0.07174	0.01372	0.01357	0.00963	0.00666	0.00554	0.00166	0.00603	0.00502	0.00561	0.00942
20	0.02047	0.01391	0.01531	0.01195	0.01609	0.01508	0.00979	0.57218	0.06531	0.13536	0.01571	0.04349	0.01151	0.00711	0.00558	0.00170	0.00564	0.00554	0.01914	0.00913
21	0.01327	0.00872	0.00942	0.00833	0.01050	0.00925	0.00643	0.26092	0.03085	0.02403	0.01887	0.16526	0.01700	0.02801	0.00566	0.00171	0.00398	0.00718	0.36410	0.00650
22	0.01046	0.00984	0.01661	0.79205	0.03814	0.01230	0.01538	0.01415	0.01107	0.01415	0.00984	0.01477	0.00738	0.00554	0.00554	0.00185	0.00738	0.00492	0.00246	0.00615
23	0.00845	0.00682	0.01108	0.01008	0.01140	0.00731	0.09505	0.01035	0.00942	0.01323	0.01621	0.09327	0.01621	0.15297	0.50419	0.00692	0.01167	0.00721	0.00320	0.00496
24	0.06410	0.00554	0.00633	0.00692	0.00796	0.00518	0.00483	0.00854	0.01130	0.01541	0.07804	0.43779	0.25844	0.05393	0.00767	0.00222	0.00323	0.01293	0.00499	0.00464
25	0.00684	0.00486	0.00640	0.00760	0.00789	0.00456	0.00502	0.00774	0.01043	0.01390	0.02961	0.74843	0.03548	0.07224	0.00854	0.00247	0.00336	0.01521	0.00502	0.00442
26	0.00673	0.00487	0.00637	0.00757	0.00799	0.00451	0.00508	0.00773	0.01074	0.01420	0.03231	0.74962	0.08761	0.01712	0.00703	0.00222	0.00318	0.01546	0.00514	0.00451
27	0.01421	0.01278	0.02154	0.15768	0.42837	0.02522	0.11566	0.05388	0.01336	0.06984	0.01171	0.01532	0.00930	0.00544	0.00568	0.00173	0.00696	0.02003	0.00317	0.00811
28	0.01241	0.01042	0.01099	0.00990	0.01276	0.01149	0.00774	0.08944	0.47633	0.02191	0.03066	0.02973	0.21295	0.00936	0.00592	0.00188	0.00415	0.02883	0.00548	0.00765
29	0.00955	0.00481	0.00720	0.00723	0.00723	0.00480	0.00482	0.00723	0.00730	0.00973	0.01013	0.03592	0.01028	0.01919	0.02129	0.81852	0.00477	0.00508	0.00247	0.00246
30	0.01313	0.01045	0.01253	0.00911	0.01394	0.00853	0.02551	0.07573	0.02858	0.06307	0.01112	0.01233	0.00881	0.00455	0.00440	0.00099	0.00444	0.00370	0.00371	0.68539
31	0.01453	0.65264	0.11588	0.01048	0.01542	0.06347	0.01078	0.01684	0.01150	0.01359	0.00819	0.00960	0.00727	0.00577	0.02321	0.00146	0.00664	0.00320	0.00241	0.00714
32	0.00805	0.00537	0.00604	0.00604	0.00604	0.00537	0.00336	0.00805	0.00805	0.01074	0.01745	0.03624	0.02013	0.80536	0.02819	0.00537	0.00537	0.00805	0.00336	0.00336
33	0.02199	0.01018	0.01391	0.14235	0.01853	0.00985	0.00963	0.10580	0.01618	0.56356	0.01887	0.01754	0.01216	0.00661	0.00556	0.00173	0.00532	0.00539	0.00597	0.00887
34	0.01333	0.19162	0.41771	0.01536	0.04653	0.03181	0.10294	0.01795	0.01212	0.06917	0.01052	0.01220	0.00786	0.00591	0.02057	0.00177	0.00771	0.00430	0.00275	0.00787
35	0.02105	0.01551	0.01662	0.01274	0.01717	0.01717	0.01053	0.75235	0.02604	0.03490	0.01330	0.01330	0.00942	0.00665	0.00554	0.00166	0.00609	0.00499	0.00554	0.00942
36	0.02026	0.01512	0.01618	0.01258	0.01687	0.01681	0.01034	0.67374	0.10593	0.03363	0.01430	0.01410	0.01023	0.00674	0.00555	0.00169	0.00591	0.00512	0.00555	0.00935
37	0.01149	0.06435	0.63355	0.05579	0.09234	0.01330	0.01936	0.01727	0.01172	0.01720	0.00987	0.01189	0.00720	0.00522	0.00521	0.00172	0.00789	0.00416	0.00238	0.00808
38	0.02182	0.00972	0.01342	0.01048	0.01450	0.00887	0.04498	0.02565	0.09998	0.59953	0.07336	0.02043	0.01649	0.00713	0.00569	0.00174	0.00476	0.00601	0.00646	0.00896
39	0.02431	0.01029	0.01339	0.01026	0.01457	0.00942	0.00848	0.13008	0.01730	0.66952	0.02063	0.01806	0.01310	0.00683	0.00557	0.00171	0.00491	0.00549	0.00667	0.00942
40	0.02069	0.02640	0.01569	0.01427	0.01712	0.78313	0.01070	0.02212	0.01569	0.01355	0.00856	0.00999	0.00713	0.00571	0.00499	0.00143	0.00999	0.00357	0.00285	0.00642
41	0.01318	0.01370	0.07398	0.16200	0.11966	0.01302	0.28339	0.09730	0.05381	0.01929	0.01205	0.01510	0.00917	0.00573	0.00614	0.02096	0.00736	0.00555	0.06118	0.00745
42	0.01271	0.01424	0.03046	0.12945	0.03021	0.01377	0.64921	0.01724	0.01280	0.01724	0.01102	0.01492	0.00826	0.00479	0.00640	0.00186	0.00907	0.00631	0.00275	0.00729
43	0.00754	0.00566	0.00700	0.00671	0.00815	0.00512	0.00506	0.00986	0.01486	0.02030	0.57584	0.04478	0.22837	0.01208	0.00656	0.00179	0.00272	0.02669	0.00584	0.00509
44	0.00675	0.00482	0.00643	0.00771	0.00803	0.00450	0.00514	0.00771	0.01060	0.01414	0.03053	0.80175	0.03663	0.01735	0.00707	0.00225	0.00321	0.01574	0.00514	0.00450
45	0.09353	0.01361	0.01419	0.01165	0.01546	0.01537	0.00940	0.39301	0.32122	0.02924	0.01652	0.01588	0.01213	0.00686	0.00539	0.00175	0.00524	0.00532	0.00539	0.00884
46	0.06797	0.01575	0.01582	0.01239	0.01662	0.06992	0.01013	0.61943	0.04793	0.03209	0.01287	0.01302	0.00928	0.00647	0.00535	0.00164	0.00616	0.00478	0.00519	0.02720
47	0.00675	0.00482	0.00643	0.00771	0.00803	0.00450	0.00514	0.00771	0.01060	0.01414	0.03053	0.80175	0.03663	0.01735	0.00707	0.00225	0.00321	0.01574	0.00514	0.00450
48	0.06925	0.02058	0.34819	0.01924	0.07656	0.03569	0.30247	0.01747	0.01224	0.01799	0.01059	0.02520	0.00807	0.00520	0.00567	0.00179	0.00823	0.00519	0.00268	0.00769
49	0.01145	0.00971	0.01121	0.00847	0.01286	0.00789	0.00669	0.02922	0.07790	0.01850	0.01343	0.06496	0.02795	0.00554	0.00451	0.00105	0.00408	0.00458	0.00370	0.67629
50	0.00817	0.00629	0.00740	0.00806	0.00871	0.04379	0.00558	0.02556	0.01141	0.01505	0.11021	0.55111	0.03303	0.03286	0.04645	0.05973	0.00427	0.01286	0.00481	0.00464
51	0.01481	0.80869	0.02902	0.00948	0.01421	0.02191	0.00948	0.01658	0.01125	0.01303	0.00770	0.00888	0.00711	0.00474	0.00355	0.00118	0.00592	0.00296	0.00237	0.00711
52	0.00814	0.00582	0.00833	0.00833	0.00927	0.00664	0.00636	0.01001	0.00908	0.01339	0.01534	0.02282	0.01438	0.09979	0.65228	0.00793	0.01297	0.00603	0.07825	0.00484
53	0.00977	0.00611	0.00749	0.00742	0.00902	0.00553	0.00555	0.01154	0.02457	0.12328	0.12119	0.23246	0.26645	0.06865	0.00813	0.00223	0.00357	0.07627	0.00537	0.00538
54	0.00950	0.00635	0.00795	0.00750	0.00910	0.00599	0.00564	0.01263	0.06648	0.08346	0.47135	0.10220	0.11353	0.04330	0.00733	0.00197	0.00316	0.03109	0.00582	0.00563
55	0.00784	0.00566	0.00740	0.00697	0.00827	0.00523	0.00523	0.01045	0.01568	0.02221	0.76789	0.04137	0.05226	0.01132	0.00653	0.00174	0.00261	0.01002	0.00610	0.00523
56	0.02392	0.01092	0.01378	0.01056	0.01488	0.01036	0.00873	0.20486	0.01835	0.59325	0.01975	0.01749	0.01266	0.00680	0.00556	0.00170	0.00505	0.00543	0.00653	0.00942
57	0.00827	0.00550	0.00646	0.00667	0.00710	0.00555	0.00431	0.00930	0.02433	0.01311	0.02051	0.13490	0.03610	0.48427	0.07328	0.00445	0.00534	0.04646	0.10003	0.00405
58	0.00773	0.00555	0.00712	0.00806	0.00866	0.00537	0.00551	0.05863	0.01166	0.01556	0.02935	0.74783	0.03477	0.01662	0.00696	0.00221	0.00341	0.01501	0.00517	0.00483
59	0.01281	0.01063	0.01219	0.00883	0.01368	0.00873	0.00711	0.11587	0.01349	0.02037	0.01032	0.01173	0.00837	0.00445	0.00430	0.00094	0.00438	0.00352	0.00359	0.72468
60	0.84448	0.01071	0.00814	0.00728	0.01071	0.01242	0.00600	0.01628	0.00943	0.02485	0.00771	0.00900	0.00600	0.00514	0.00343	0.00171	0.00428	0.00300	0.00343	0.00600
61	0.00689	0.00563	0.00606	0.00609	0.00777	0.00485	0.00459	0.00849	0.01293	0.01599	0.15785	0.06666	0.59541	0.03185	0.00710	0.00197	0.00296	0.04692	0.00524	0.00474
62	0.07736	0.01518	0.01604	0.01237	0.01673	0.01685	0.01022	0.70202	0.02490	0.03422	0.01291	0.01300	0.00918	0.00655	0.00540	0.00167	0.00597	0.00485	0.00540	0.00918
63	0.01111	0.02865	0.77667	0.01579	0.02397	0.01286	0.02046	0.01754	0.01169	0.01754	0.00994	0.01169	0.00702	0.00526	0.00526	0.00175	0.00818	0.00409	0.00234	0.00818
64	0.01111	0.02865	0.77667	0.01579	0.02397	0.01286	0.02046	0.01754	0.01169	0.01754	0.00994	0.01169	0.00702	0.00526	0.00526	0.00175	0.00818	0.00409	0.00234	0.00818
65	0.00700	0.00499	0.00664	0.00781	0.00823	0.00470	0.00537	0.00811	0.01086	0.01450	0.05766	0.68935	0.03626	0.04558	0.00786	0.00237	0.00341	0.06966	0.00511	0.00453
66	0.00678	0.00483	0.00642	0.00767	0.00799	0.00452	0.00510	0.00772	0.01055	0.01406	0.03023	0.78439	0.03626	0.03522	0.00755	0.00232	0.00326	0.01557	0.00510	0.00447
67	0.00805	0.00537	0.00604	0.00604	0.00604	0.00537	0.00336	0.00805	0.00805	0.01074	0.01745	0.03624	0.02013	0.80536	0.02819	0.00537	0.00537	0.00805	0.00336	0.00336
68	0.01046	0.00984	0.01661	0.79205	0.03814	0.01230	0.01538	0.01415	0.01107	0.01415	0.00984	0.01477	0.00738	0.00554	0.00554	0.00185	0.00738	0.00492	0.00246	0.00615
69	0.84448	0.01071	0.00814	0.00728	0.01071	0.01242	0.00600	0.01628	0.00943	0.02485	0.00771	0.00900	0.00600	0.00514	0.00343	0.00171	0.00428	0.00300	0.00343	0.00600
70	0.07086	0.00955	0.01258	0.00974	0.01395	0.00851	0.00803	0.02644	0.03258	0.71509	0.02107	0.01834	0.01335	0.00677	0.00545	0.00172	0.00468	0.00544	0.00663	0.00922
71	0.00677	0.00493	0.00640	0.00756	0.00805	0.00455	0.00512	0.00781	0.01084	0.01427	0.03300	0.71421	0.10794	0.01699	0.00703	0.00222	0.00321	0.02945	0.00514	0.00453
72	0.00739	0.00543	0.00759	0.00860	0.00929	0.00515	0.02304	0.00882	0.01120	0.01480	0.03036	0.59686	0.05060	0.01652	0.00718	0.00230	0.00378	0.18131	0.00508	0.00471
73	0.01148	0.00984	0.01148	0.00820	0.01312	0.00738	0.00656	0.01395	0.01148	0.01805	0.00984	0.01148	0.00820	0.00410	0.00410	0.00082	0.00410	0.00328	0.00328	0.83922
74	0.00800	0.00530	0.00676	0.00748	0.00837	0.00480	0.00519	0.00916	0.01144	0.06745	0.05265	0.59925	0.16165	0.01590	0.00686	0.00213	0.00323	0.01419	0.00528	0.00489
75	0.00774	0.00543	0.00639	0.00663	0.00704	0.00529	0.00416	0.00870	0.02702	0.01329	0.09910	0.22146	0.07923	0.46273	0.01891	0.00393	0.00437	0.01031	0.00424	0.00403
76	0.84448	0.01071	0.00814	0.00728	0.01071	0.01242	0.00600	0.01628	0.00943	0.02485	0.00771	0.00900	0.00600	0.00514	0.00343	0.00171	0.00428	0.00300	0.00343	0.00600
77	0.00954	0.00758	0.00855	0.00842	0.01004	0.02488	0.00628	0.04189	0.12171	0.01703	0.07668	0.22379	0.11967	0.12651	0.00956	0.00246	0.00420	0.11288	0.00485	0.06349
78	0.01839	0.28003	0.02005	0.01241	0.01598	0.41013	0.01023	0.11003	0.01525	0.01600	0.00897	0.01032	0.00755	0.00632	0.02104	0.00155	0.02213	0.00362	0.00302	0.00698
79	0.01062	0.00535	0.00770	0.00752	0.00793	0.00527	0.00515	0.02350	0.00847	0.06283	0.01239	0.08046	0.01231	0.03582	0.01920	0.67873	0.00471	0.00582	0.00301	0.00321
80	0.01301	0.01346	0.04243	0.12605	0.28163	0.10721	0.08139	0.03289	0.03037	0.03320	0.03372	0.03342	0.13321	0.00704	0.00575	0.00172	0.00657	0.00630	0.00342	0.00721
81	0.21866	0.01457	0.01457	0.01146	0.01562	0.03076	0.00944	0.56166	0.02185	0.03208	0.01187	0.01220	0.00855	0.00627	0.00502	0.00167	0.00573	0.00448	0.00498	0.00854
82	0.01451	0.00717	0.00933	0.00792	0.01052	0.00632	0.00625	0.01675	0.01527	0.32524	0.35609	0.03411	0.14762	0.00994	0.00615	0.00175	0.00349	0.00848	0.00626	0.00684
83	0.03464	0.00560	0.00701	0.00750	0.00834	0.00538	0.00526	0.00968	0.02883	0.02838	0.21761	0.42311	0.05472	0.09735	0.00898	0.00241	0.00344	0.04177	0.00518	0.00482
84	0.13838	0.00768	0.00917	0.00793	0.01050	0.00726	0.00618	0.01669	0.01380	0.28768	0.24841	0.07355	0.07817	0.06157	0.00718	0.00200	0.00384	0.00772	0.00567	0.00663
85	0.01260	0.00823	0.00975	0.00847	0.01092	0.00815	0.00662	0.10282	0.11633	0.13732	0.36239	0.03357	0.14014	0.00997	0.00615	0.00177	0.00361	0.00848	0.00595	0.00676
86	0.39346	0.01057	0.01108	0.00896	0.01288	0.01091	0.00740	0.08953	0.01390	0.36843	0.01469	0.01390	0.00984	0.00606	0.00460	0.00171	0.00465	0.00436	0.00519	0.00788
87	0.01432	0.00848	0.01017	0.00891	0.01151	0.00830	0.00692	0.11859	0.09317	0.21797	0.13605	0.18056	0.14033	0.01071	0.00616	0.00186	0.00398	0.00915	0.00583	0.00704
88	0.00698	0.00552	0.00622	0.00626	0.00772	0.00483	0.00457	0.00862	0.01305	0.01671	0.24838	0.14152	0.45320	0.04242	0.00739	0.00201	0.00290	0.01159	0.00534	0.00476
89	0.00805	0.00537	0.00604	0.00604	0.00604	0.00537	0.00336	0.00805	0.00805	0.01074	0.01745	0.03624	0.02013	0.80536	0.02819	0.00537	0.00537	0.00805	0.00336	0.00336
90	0.84448	0.01071	0.00814	0.00728	0.01071	0.01242	0.00600	0.01628	0.00943	0.02485	0.00771	0.00900	0.00600	0.00514	0.00343	0.00171	0.00428	0.00300	0.00343	0.00600
91	0.05555	0.00639	0.00763	0.00715	0.00907	0.00581	0.00541	0.01224	0.01369	0.13876	0.28381	0.15294	0.25666	0.01199	0.00629	0.00185	0.00319	0.01028	0.00564	0.00566
92	0.00675	0.00482	0.00643	0.00771	0.00803	0.00450	0.00514	0.00771	0.01060	0.01414	0.03053	0.80175	0.03663	0.01735	0.00707	0.00225	0.00321	0.01574	0.00514	0.00450
93	0.01212	0.01212	0.01696	0.01454	0.01454	0.01696	0.01212	0.01333	0.00848	0.01333	0.00727	0.01212	0.00727	0.00969	0.01818	0.00242	0.79523	0.00485	0.00242	0.00606
94	0.00680	0.00497	0.00640	0.00741	0.00798	0.00457	0.00504	0.00793	0.01119	0.01479	0.08400	0.66036	0.12512	0.01654	0.00697	0.00217	0.00312	0.01487	0.00521	0.00457
95	0.64192	0.01227	0.00989	0.00861	0.01210	0.05744	0.00700	0.10543	0.06315	0.02528	0.00944	0.01037	0.00722	0.00552	0.00392	0.00170	0.00484	0.00349	0.00380	0.00662
96	0.30839	0.01673	0.01341	0.01124	0.01490	0.21927	0.00899	0.30116	0.01749	0.02571	0.01009	0.01092	0.00762	0.00587	0.00466	0.00162	0.00650	0.00392	0.00409	0.00743
97	0.84448	0.01071	0.00814	0.00728	0.01071	0.01242	0.00600	0.01628	0.00943	0.02485	0.00771	0.00900	0.00600	0.00514	0.00343	0.00171	0.00428	0.00300	0.00343	0.00600
98	0.01046	0.00984	0.01661	0.79205	0.03814	0.01230	0.01538	0.01415	0.01107	0.01415	0.00984	0.01477	0.00738	0.00554	0.00554	0.00185	0.00738	0.00492	0.00246	0.00615
99	0.01399	0.01417	0.02070	0.15746	0.56016	0.10401	0.01598	0.01713	0.01272	0.01690	0.01010	0.01344	0.00835	0.00513	0.00543	0.00165	0.00712	0.00477	0.00271	0.00806
100	0.00952	0.00666	0.00910	0.00875	0.01010	0.00732	0.00673	0.06209	0.01073	0.05240	0.01890	0.06556	0.06674	0.08188	0.54897	0.00698	0.01169	0.00690	0.00363	0.00534
101	0.02122	0.01404	0.01562	0.01194	0.01637	0.01491	0.00985	0.57361	0.02329	0.17287	0.01470	0.01424	0.01015	0.00654	0.00546	0.00162	0.00572	0.00500	0.00566	0.05718
102	0.00805	0.00540	0.00617	0.00617	0.00622	0.00544	0.00352	0.00814	0.00809	0.01084	0.01733	0.03558	0.01985	0.77032	0.06284	0.00553	0.00580	0.00796	0.00334	0.00343
103	0.08194	0.00951	0.01252	0.00967	0.01390	0.00844	0.00799	0.02624	0.01540	0.72243	0.02086	0.01816	0.01317	0.00674	0.00542	0.00171	0.00468	0.00539	0.00662	0.00919
104	0.00915	0.00643	0.00743	0.00703	0.00900	0.00586	0.00543	0.01201	0.06496	0.08422	0.25537	0.04513	0.40128	0.01224	0.00646	0.00186	0.00316	0.05184	0.00560	0.00555
105	0.00962	0.00481	0.00722	0.00722	0.00722	0.00481	0.00481	0.00722	0.00722	0.00962	0.00962	0.01684	0.00962	0.01924	0.02165	0.83886	0.00481	0.00481	0.00241	0.00241
106	0.02387	0.00921	0.01254	0.00969	0.01380	0.00797	0.00797	0.02604	0.01584	0.73135	0.06479	0.02015	0.01593	0.00711	0.00562	0.00172	0.00459	0.00583	0.00681	0.00918
107	0.01610	0.01276	0.01352	0.01143	0.01491	0.01446	0.00910	0.27935	0.46270	0.02710	0.01908	0.01811	0.01415	0.00715	0.00550	0.00177	0.00487	0.00576	0.05340	0.00879
108	0.00778	0.00536	0.00609	0.00618	0.00646	0.00522	0.00368	0.00813	0.00911	0.01202	0.05955	0.09982	0.10080	0.62060	0.02317	0.00458	0.00479	0.00915	0.00382	0.00368
109	0.00790	0.00561	0.00733	0.00694	0.00819	0.00518	0.00517	0.01018	0.01509	0.02125	0.70112	0.04035	0.07309	0.01187	0.00740	0.04992	0.00275	0.00977	0.00585	0.00505
110	0.79627	0.01037	0.00804	0.00731	0.01056	0.01197	0.00595	0.01579	0.00949	0.02423	0.00902	0.05462	0.00776	0.00584	0.00364	0.00174	0.00422	0.00373	0.00353	0.00591
111	0.00716	0.00524	0.00609	0.00657	0.00743	0.00479	0.00446	0.00827	0.01114	0.01459	0.07907	0.34169	0.26738	0.15671	0.01050	0.00261	0.00340	0.01221	0.04625	0.00443
112	0.01610	0.00820	0.01047	0.00890	0.01172	0.00769	0.00705	0.06117	0.06761	0.34121	0.24368	0.09424	0.06218	0.00962	0.00608	0.00180	0.00394	0.02474	0.00621	0.00741
113	0.00831	0.05213	0.01006	0.00893	0.01014	0.00779	0.00707	0.01027	0.00904	0.01287	0.01442	0.02102	0.01346	0.03942	0.73853	0.00846	0.01432	0.00576	0.00293	0.00507
114	0.79648	0.01039	0.00797	0.00716	0.01047	0.01201	0.00588	0.01609	0.00955	0.02461	0.00831	0.00967	0.00647	0.00522	0.00345	0.00169	0.00419	0.00312	0.05135	0.00595
115	0.00838	0.00599	0.00799	0.00795	0.00912	0.00625	0.00595	0.02673	0.01072	0.03906	0.07139	0.13906	0.14376	0.09335	0.39182	0.00567	0.00914	0.00866	0.00404	0.00497
116	0.07650	0.00904	0.01169	0.00936	0.01303	0.00819	0.00753	0.02393	0.03883	0.60367	0.02129	0.07379	0.01527	0.05345	0.00684	0.00197	0.00461	0.00627	0.00627	0.00848
117	0.07420	0.01131	0.01287	0.01197	0.05762	0.01234	0.00890	0.02723	0.49248	0.19744	0.02065	0.01903	0.01494	0.00705	0.00546	0.00182	0.00458	0.00580	0.00560	0.00873
118	0.00746	0.00606	0.00700	0.00687	0.00833	0.00571	0.00515	0.02214	0.01307	0.01684	0.21864	0.15248	0.43759	0.01347	0.00727	0.00192	0.04848	0.01135	0.00522	0.00495
119	0.01130	0.00729	0.02547	0.00869	0.01038	0.00691	0.00681	0.02607	0.03044	0.14916	0.14634	0.22617	0.09848	0.01479	0.06231	0.05970	0.05013	0.04873	0.00506	0.00578
120	0.01953	0.01476	0.01577	0.01244	0.01660	0.01647	0.01016	0.60151	0.17935	0.03246	0.01523	0.01483	0.01098	0.00683	0.00556	0.00171	0.00574	0.00525	0.00556	0.00928
121	0.02119	0.01627	0.01631	0.01307	0.03041	0.10785	0.01047	0.59286	0.02373	0.09234	0.01338	0.01336	0.00948	0.00652	0.00548	0.00164	0.00646	0.00486	0.00528	0.00905
122	0.01906	0.16490	0.01843	0.01208	0.01631	0.07432	0.01015	0.48117	0.10279	0.02793	0.01291	0.01303	0.00963	0.00631	0.00514	0.00158	0.00616	0.00464	0.00476	0.00869
123	0.05533	0.00571	0.00669	0.00705	0.00824	0.00537	0.00505	0.00939	0.02706	0.01719	0.22316	0.36274	0.21878	0.01410	0.00657	0.00199	0.00304	0.01237	0.00530	0.00490
124	0.00986	0.00606	0.00716	0.00685	0.00870	0.00533	0.00517	0.01162	0.01328	0.13081	0.17008	0.15524	0.35543	0.01247	0.00631	0.00185	0.00314	0.02275	0.06239	0.00550

[dist]
# distance from previous block
# <min> <max>
0	15

[block]
# block no. 4 follows, 43 sequences, length 24
# corresponding to MSA columns:
# 448-471
name=unknown_E
#
# <colnr> <probs for GDERKNQSTAVLIFYWHMCP>
#	G	D	E	R	K	N	Q	S	T	A	V	L	I	F	Y	W	H	M	C	P
0	0.00789	0.00595	0.00732	0.00693	0.00842	0.00554	0.00521	0.01091	0.05080	0.02094	0.60316	0.04254	0.18043	0.01163	0.00649	0.00177	0.00273	0.01014	0.00590	0.00530
1	0.01236	0.01043	0.01269	0.00956	0.01355	0.00947	0.00775	0.03889	0.01157	0.04305	0.00989	0.01191	0.00826	0.00529	0.00675	0.00117	0.14762	0.00370	0.00332	0.63276
2	0.00862	0.00620	0.00850	0.00938	0.01068	0.00608	0.00801	0.01114	0.01334	0.01766	0.18030	0.05786	0.06220	0.01445	0.00738	0.00236	0.00451	0.56091	0.00530	0.00511
3	0.01760	0.00870	0.01212	0.15110	0.01712	0.00845	0.00878	0.02068	0.05520	0.42265	0.09988	0.09240	0.04408	0.00831	0.00584	0.00180	0.00476	0.00708	0.00570	0.00775
4	0.02022	0.01274	0.01554	0.15320	0.02010	0.01370	0.01072	0.41032	0.02040	0.24347	0.01513	0.01516	0.01028	0.00651	0.00555	0.00171	0.00593	0.00514	0.00536	0.00883
5	0.01260	0.15653	0.01915	0.01362	0.01448	0.01786	0.01164	0.01392	0.00898	0.01327	0.00735	0.01153	0.00724	0.00880	0.01552	0.00220	0.65213	0.00450	0.00241	0.00625
6	0.17186	0.01221	0.01358	0.01060	0.01479	0.01270	0.00875	0.32865	0.01895	0.32909	0.01571	0.01474	0.01052	0.00646	0.00517	0.00169	0.00521	0.00486	0.00568	0.00880
7	0.00875	0.00604	0.00749	0.00775	0.00896	0.00569	0.00560	0.05763	0.01309	0.05345	0.15723	0.44730	0.15255	0.01456	0.00674	0.00205	0.00335	0.03114	0.00541	0.00522
8	0.01881	0.01985	0.01340	0.01198	0.01489	0.51519	0.00910	0.02034	0.01516	0.13834	0.01935	0.01929	0.14625	0.00740	0.00537	0.00155	0.00782	0.00537	0.00392	0.00660
9	0.01881	0.02255	0.01379	0.01262	0.01519	0.64209	0.00946	0.02045	0.01495	0.01484	0.01028	0.01192	0.00841	0.00584	0.00479	0.00140	0.00864	0.00386	0.15392	0.00619
10	0.00751	0.00924	0.14597	0.00892	0.01086	0.00604	0.00781	0.00952	0.01105	0.01485	0.02989	0.56785	0.11992	0.01476	0.00668	0.00211	0.00407	0.01314	0.00463	0.00519
11	0.00882	0.00678	0.00791	0.00753	0.00928	0.00663	0.00567	0.01335	0.14959	0.03387	0.38206	0.10520	0.21866	0.01173	0.00640	0.00184	0.00307	0.01015	0.00571	0.00575
12	0.74961	0.01056	0.00869	0.00758	0.01111	0.01193	0.00625	0.01752	0.01017	0.11163	0.00935	0.01014	0.00689	0.00534	0.00368	0.00171	0.00433	0.00330	0.00382	0.00639
13	0.54272	0.00961	0.00914	0.00805	0.01119	0.01064	0.00656	0.01708	0.01051	0.15999	0.01159	0.01311	0.00883	0.01205	0.14523	0.00302	0.00628	0.00400	0.00397	0.00643
14	0.01118	0.00638	0.00807	0.00779	0.00961	0.00579	0.00585	0.01304	0.02734	0.18945	0.09223	0.29338	0.22228	0.01459	0.04593	0.00233	0.00406	0.02936	0.00551	0.00585
15	0.00995	0.00740	0.00870	0.00845	0.01006	0.00747	0.00631	0.16479	0.01441	0.01900	0.06792	0.36282	0.17056	0.03126	0.05752	0.00253	0.00457	0.03556	0.00510	0.00563
16	0.00962	0.00481	0.00722	0.00722	0.00722	0.00481	0.00481	0.00722	0.00722	0.00962	0.00962	0.01684	0.00962	0.01924	0.02165	0.83886	0.00481	0.00481	0.00241	0.00241
17	0.01061	0.00998	0.01549	0.47735	0.11298	0.02572	0.03169	0.02592	0.01184	0.01525	0.01842	0.02153	0.14571	0.00716	0.00612	0.00183	0.03273	0.00617	0.01725	0.00625
18	0.00923	0.05878	0.01031	0.00876	0.01011	0.00841	0.00682	0.05873	0.01049	0.01448	0.03619	0.04991	0.05369	0.11800	0.49339	0.00661	0.03089	0.00661	0.00339	0.00521
19	0.07017	0.01390	0.06483	0.05960	0.01717	0.01441	0.01042	0.29449	0.29993	0.04347	0.01675	0.01766	0.01263	0.00703	0.00550	0.00180	0.00548	0.03119	0.00505	0.00851
20	0.01643	0.04510	0.01623	0.01409	0.09249	0.03892	0.04421	0.39045	0.01893	0.04226	0.01578	0.01739	0.05939	0.01308	0.14657	0.00297	0.00775	0.00555	0.00445	0.00795
21	0.03055	0.07373	0.01765	0.15836	0.18916	0.20743	0.01228	0.07504	0.06568	0.06666	0.01137	0.01330	0.00887	0.00587	0.00544	0.01493	0.00709	0.00450	0.00339	0.02870
22	0.01832	0.01562	0.03432	0.02842	0.01655	0.10609	0.01020	0.48364	0.08288	0.02809	0.01628	0.05383	0.05023	0.00751	0.00585	0.00171	0.02136	0.00577	0.00499	0.00836
23	0.01440	0.07014	0.08702	0.01731	0.13189	0.05864	0.16698	0.15802	0.01502	0.02035	0.02682	0.05876	0.01081	0.00609	0.00570	0.00160	0.02163	0.00549	0.00351	0.11982

[dist]
# distance from previous block
# <min> <max>
0	79

# created by:
# /st0/software/busco_prod/Augustus/scripts/msa2prfl.pl ./align_prep/141611.fa
