[name]
unknown

[dist]
# distance from previous block
# <min> <max>
22	73

[block]
# block no. 0 follows, 36 sequences, length 20
# corresponding to MSA columns:
# 145-164
name=unknown_A
#
# <colnr> <probs for GDERKNQSTAVLIFYWHMCP>
#	G	D	E	R	K	N	Q	S	T	A	V	L	I	F	Y	W	H	M	C	P
0	0.06831	0.01383	0.01636	0.01286	0.01733	0.04068	0.06421	0.25399	0.05355	0.15307	0.01773	0.09491	0.01437	0.00802	0.00607	0.00181	0.00610	0.00667	0.00553	0.14459
1	0.01955	0.01243	0.01447	0.01158	0.01579	0.01229	0.00926	0.27097	0.05851	0.19678	0.02023	0.14219	0.01697	0.00903	0.00622	0.00183	0.00543	0.00747	0.00603	0.16296
2	0.08786	0.04035	0.01498	0.01146	0.01518	0.01189	0.06001	0.15195	0.03579	0.08343	0.04530	0.10838	0.01714	0.09057	0.00899	0.00223	0.02405	0.00715	0.00488	0.17842
3	0.01461	0.01095	0.01390	0.05124	0.01661	0.00944	0.03377	0.06490	0.03069	0.09898	0.01631	0.11775	0.01449	0.00735	0.00558	0.00144	0.00512	0.00630	0.00457	0.47600
4	0.05803	0.01283	0.01539	0.18593	0.02204	0.04131	0.01118	0.13084	0.10205	0.14738	0.01592	0.01712	0.01162	0.00693	0.00630	0.00182	0.03441	0.00543	0.04866	0.12480
5	0.01858	0.01434	0.01618	0.01247	0.01695	0.03413	0.03239	0.33988	0.04102	0.05952	0.01456	0.01719	0.01159	0.07842	0.00859	0.00202	0.02964	0.00546	0.00505	0.24202
6	0.01433	0.03742	0.05842	0.14015	0.02275	0.01399	0.10751	0.13360	0.03044	0.02128	0.01452	0.09792	0.01307	0.02614	0.00857	0.00204	0.10142	0.00678	0.00396	0.14568
7	0.08546	0.38305	0.11159	0.05459	0.01893	0.14229	0.01226	0.06188	0.01443	0.01814	0.01178	0.01323	0.03679	0.00621	0.00488	0.00161	0.00754	0.00425	0.00320	0.00790
8	0.73499	0.01290	0.01007	0.00889	0.01278	0.03572	0.00727	0.05831	0.03144	0.02817	0.00951	0.01078	0.00733	0.00597	0.00411	0.00192	0.00512	0.00362	0.00404	0.00706
9	0.00875	0.00637	0.00823	0.00777	0.00927	0.00585	0.00582	0.01162	0.01747	0.02460	0.70664	0.04718	0.09127	0.01288	0.00735	0.00197	0.00295	0.01136	0.00681	0.00585
10	0.00874	0.00637	0.00822	0.00776	0.00926	0.00585	0.00582	0.01161	0.01745	0.02455	0.70304	0.04725	0.09490	0.01290	0.00735	0.00197	0.00295	0.01137	0.00680	0.00585
11	0.01162	0.00699	0.00923	0.00831	0.01027	0.00636	0.00636	0.01448	0.01767	0.13067	0.63425	0.04283	0.05244	0.01200	0.00719	0.00195	0.00329	0.01054	0.00698	0.00657
12	0.00882	0.00637	0.00833	0.00784	0.00931	0.00588	0.00588	0.01176	0.01764	0.02499	0.73888	0.04654	0.05879	0.01274	0.00735	0.00196	0.00294	0.01127	0.00686	0.00588
13	0.82504	0.01205	0.00916	0.00819	0.01205	0.01398	0.00675	0.01832	0.01060	0.02795	0.00868	0.01012	0.00675	0.00578	0.00386	0.00193	0.00482	0.00337	0.00386	0.00675
14	0.00896	0.00603	0.00691	0.00696	0.00707	0.00598	0.00401	0.00920	0.00972	0.01305	0.06250	0.08237	0.02580	0.69344	0.02896	0.00561	0.00572	0.00967	0.00407	0.00397
15	0.00784	0.00625	0.00703	0.00700	0.00875	0.00544	0.00519	0.00980	0.01507	0.01930	0.27229	0.12028	0.46343	0.01516	0.00741	0.00210	0.00313	0.01297	0.00612	0.00544
16	0.57219	0.01308	0.01175	0.00981	0.01401	0.01466	0.00809	0.17188	0.01537	0.10178	0.01162	0.01227	0.00844	0.00634	0.00461	0.00192	0.00531	0.00415	0.00475	0.00796
17	0.13257	0.01403	0.05850	0.32666	0.12651	0.01488	0.05470	0.09750	0.01451	0.04459	0.01162	0.01513	0.00881	0.00644	0.00668	0.00203	0.04797	0.00530	0.00353	0.00803
18	0.06810	0.01490	0.04415	0.38482	0.05914	0.09351	0.03729	0.10192	0.01565	0.10286	0.01284	0.01579	0.00934	0.00647	0.00604	0.00196	0.00795	0.00535	0.00387	0.00804
19	0.13020	0.01376	0.06912	0.01180	0.01558	0.03625	0.01018	0.04390	0.01293	0.11039	0.01218	0.01495	0.00986	0.03488	0.01005	0.03120	0.17391	0.00476	0.00397	0.25013

[dist]
# distance from previous block
# <min> <max>
0	3

[block]
# block no. 1 follows, 36 sequences, length 24
# corresponding to MSA columns:
# 168-191
name=unknown_B
#
# <colnr> <probs for GDERKNQSTAVLIFYWHMCP>
#	G	D	E	R	K	N	Q	S	T	A	V	L	I	F	Y	W	H	M	C	P
0	0.01787	0.01186	0.01367	0.01138	0.01483	0.01244	0.00905	0.26175	0.13128	0.14208	0.22426	0.07401	0.02822	0.00991	0.00668	0.00198	0.00500	0.00830	0.00663	0.00880
1	0.04684	0.01299	0.01538	0.01201	0.01666	0.01303	0.00986	0.26642	0.06930	0.40278	0.02261	0.02063	0.04619	0.00799	0.00624	0.00193	0.00570	0.00632	0.00692	0.01020
2	0.01307	0.01341	0.02537	0.16094	0.02770	0.01466	0.33258	0.01688	0.01261	0.01761	0.01226	0.01739	0.01002	0.01211	0.10919	0.00325	0.15757	0.00650	0.02955	0.00735
3	0.00768	0.00548	0.00726	0.00858	0.00897	0.00512	0.00572	0.00880	0.01205	0.01612	0.06014	0.72566	0.04126	0.04415	0.00871	0.00262	0.00367	0.01719	0.00576	0.00505
4	0.01178	0.00714	0.00876	0.00868	0.01085	0.00635	0.00685	0.01370	0.01453	0.15231	0.04485	0.17410	0.34109	0.01521	0.00752	0.00230	0.00417	0.15737	0.00613	0.00632
5	0.02149	0.23373	0.02171	0.01459	0.01838	0.55840	0.01167	0.02320	0.01631	0.01509	0.00937	0.01090	0.00802	0.00613	0.00518	0.00153	0.01000	0.00383	0.00306	0.00743
6	0.01242	0.01142	0.01869	0.72495	0.04162	0.01414	0.01700	0.05449	0.01338	0.01720	0.01129	0.01652	0.00843	0.00630	0.00623	0.00207	0.00823	0.00554	0.00296	0.00712
7	0.00791	0.00625	0.00713	0.00710	0.00880	0.00546	0.00525	0.00994	0.01522	0.01969	0.30498	0.12554	0.42450	0.01505	0.00742	0.00209	0.00312	0.01292	0.00617	0.00546
8	0.00764	0.00574	0.00709	0.00797	0.00890	0.00519	0.00551	0.00903	0.01305	0.01698	0.10615	0.52061	0.22771	0.01791	0.00774	0.00237	0.00343	0.01592	0.00588	0.00519
9	0.01651	0.75788	0.05825	0.01091	0.01638	0.02429	0.01110	0.01870	0.01268	0.01484	0.00875	0.01011	0.00799	0.00535	0.00407	0.00136	0.00675	0.00338	0.00266	0.00804
10	0.05128	0.06959	0.01650	0.01205	0.01632	0.03653	0.00986	0.30858	0.02103	0.26538	0.01911	0.08242	0.01487	0.03892	0.00713	0.00207	0.00608	0.00670	0.00615	0.00943
11	0.02150	0.02573	0.01782	0.01593	0.01855	0.57875	0.01225	0.02309	0.01602	0.04276	0.00990	0.01210	0.00834	0.00738	0.00864	0.00184	0.16447	0.00439	0.00328	0.00727
12	0.01077	0.00706	0.00913	0.00835	0.01020	0.00662	0.00635	0.01436	0.05155	0.08662	0.64401	0.04327	0.05320	0.01211	0.00721	0.00196	0.00324	0.01064	0.00691	0.00647
13	0.00906	0.00604	0.00680	0.00680	0.00680	0.00604	0.00378	0.00906	0.00906	0.01208	0.01963	0.04077	0.02265	0.78103	0.03171	0.00604	0.00604	0.00906	0.00378	0.00378
14	0.58139	0.01269	0.01121	0.00946	0.01351	0.01426	0.00779	0.14943	0.01474	0.08645	0.01156	0.01241	0.00851	0.00631	0.00451	0.00190	0.00516	0.00411	0.03687	0.00773
15	0.02129	0.01588	0.01720	0.01310	0.01807	0.01683	0.01076	0.56690	0.02572	0.03521	0.01442	0.01486	0.01052	0.00694	0.00587	0.00168	0.00631	0.00526	0.03288	0.16030
16	0.82504	0.01205	0.00916	0.00819	0.01205	0.01398	0.00675	0.01832	0.01060	0.02795	0.00868	0.01012	0.00675	0.00578	0.00386	0.00193	0.00482	0.00337	0.00386	0.00675
17	0.36469	0.01774	0.01465	0.06092	0.05854	0.25015	0.02937	0.01997	0.01331	0.02146	0.00984	0.01212	0.00796	0.00639	0.00591	0.00187	0.05812	0.00418	0.03571	0.00710
18	0.01291	0.00876	0.01137	0.02656	0.01327	0.00875	0.03105	0.14357	0.01602	0.08777	0.02954	0.45812	0.05461	0.01519	0.00744	0.00234	0.00481	0.05525	0.00589	0.00679
19	0.01895	0.55154	0.07385	0.01138	0.01678	0.04566	0.01118	0.02135	0.01393	0.16606	0.01214	0.01255	0.00952	0.00590	0.00464	0.00151	0.00670	0.00404	0.00372	0.00858
20	0.05803	0.01324	0.04191	0.26957	0.31769	0.01385	0.01612	0.04401	0.01410	0.05261	0.03966	0.01826	0.03567	0.00674	0.00661	0.00198	0.03215	0.00589	0.00355	0.00838
21	0.06135	0.09131	0.06082	0.01318	0.04892	0.09180	0.03839	0.07389	0.08755	0.06033	0.09813	0.04770	0.01718	0.00738	0.00570	0.00167	0.00618	0.00600	0.00456	0.17796
22	0.00770	0.00561	0.00714	0.00825	0.00884	0.00518	0.00555	0.00886	0.01228	0.01618	0.06706	0.61691	0.12501	0.06273	0.00923	0.00266	0.00367	0.01639	0.00571	0.00505
23	0.08537	0.04738	0.01247	0.05094	0.01388	0.01100	0.00794	0.12915	0.01522	0.13034	0.04038	0.09911	0.01819	0.16267	0.01142	0.00273	0.03044	0.00746	0.09911	0.02480

[dist]
# distance from previous block
# <min> <max>
0	35

[block]
# block no. 2 follows, 36 sequences, length 23
# corresponding to MSA columns:
# 333-355
name=unknown_C
#
# <colnr> <probs for GDERKNQSTAVLIFYWHMCP>
#	G	D	E	R	K	N	Q	S	T	A	V	L	I	F	Y	W	H	M	C	P
0	0.22445	0.01133	0.01620	0.56787	0.03484	0.01388	0.01454	0.01655	0.01197	0.01907	0.01045	0.01491	0.00790	0.00611	0.00561	0.00204	0.00739	0.00497	0.00305	0.00688
1	0.08929	0.01474	0.01826	0.41084	0.09055	0.09635	0.01487	0.15293	0.01624	0.02179	0.01150	0.01502	0.00870	0.00639	0.00594	0.00195	0.00796	0.00519	0.00361	0.00789
2	0.00790	0.00633	0.00705	0.00687	0.00874	0.00549	0.00516	0.00998	0.01547	0.01983	0.31170	0.05503	0.48918	0.01466	0.00736	0.00205	0.00308	0.01246	0.00618	0.00549
3	0.07141	0.01544	0.01809	0.21053	0.02503	0.01755	0.01295	0.49230	0.02371	0.03244	0.01354	0.01508	0.00975	0.00704	0.00608	0.00193	0.00711	0.00545	0.00518	0.00939
4	0.00891	0.00663	0.00978	0.00978	0.01081	0.00766	0.00750	0.01098	0.00994	0.01429	0.01690	0.02566	0.01609	0.10012	0.70365	0.00972	0.01591	0.00685	0.00337	0.00543
5	0.01110	0.00973	0.01347	0.01222	0.01258	0.01259	0.00959	0.01245	0.00959	0.01419	0.01343	0.02305	0.01372	0.18984	0.26159	0.00581	0.35950	0.00663	0.00315	0.00575
6	0.01213	0.01148	0.01695	0.23088	0.02271	0.01521	0.01330	0.01429	0.01055	0.01515	0.01185	0.06469	0.01152	0.04551	0.07692	0.00327	0.40756	0.00650	0.00303	0.00650
7	0.04081	0.56586	0.17132	0.01295	0.01905	0.02178	0.05791	0.01894	0.01282	0.01639	0.00940	0.01104	0.00803	0.00545	0.00458	0.00152	0.00734	0.00384	0.00273	0.00822
8	0.18552	0.07047	0.33377	0.03488	0.05151	0.01425	0.03168	0.01970	0.01292	0.08470	0.01161	0.01329	0.00856	0.00605	0.00583	0.00186	0.03319	0.00449	0.00346	0.07225
9	0.05481	0.17870	0.49158	0.01615	0.02361	0.01681	0.04988	0.01916	0.01277	0.01885	0.01043	0.01256	0.00794	0.00608	0.00641	0.00190	0.05652	0.00446	0.00273	0.00866
10	0.01474	0.01402	0.02334	0.17278	0.56530	0.01467	0.01819	0.01941	0.05933	0.01989	0.01246	0.01614	0.01016	0.00586	0.00619	0.00191	0.00741	0.00564	0.00323	0.00932
11	0.56198	0.01312	0.01256	0.16519	0.06063	0.06082	0.00995	0.01829	0.01163	0.02426	0.00940	0.01182	0.00733	0.00590	0.00458	0.00193	0.00608	0.00398	0.00355	0.00699
12	0.00846	0.00653	0.00781	0.00832	0.00995	0.00596	0.00661	0.01051	0.01425	0.01801	0.11801	0.10648	0.36983	0.04546	0.00874	0.00252	0.00412	0.23724	0.00580	0.00541
13	0.00821	0.00590	0.00778	0.00825	0.00917	0.00547	0.00583	0.01023	0.01480	0.02047	0.38857	0.40972	0.05005	0.01611	0.00765	0.00224	0.00328	0.01447	0.00632	0.00547
14	0.00903	0.00615	0.00735	0.00735	0.00755	0.00634	0.00447	0.00942	0.00923	0.01249	0.01912	0.03794	0.02142	0.65354	0.15753	0.00673	0.00789	0.00865	0.00370	0.00409
15	0.00759	0.00542	0.00723	0.00868	0.00904	0.00506	0.00578	0.00868	0.01193	0.01591	0.03434	0.77697	0.04121	0.01952	0.00795	0.00253	0.00361	0.01771	0.00578	0.00506
16	0.01399	0.01515	0.02916	0.02195	0.02576	0.01642	0.43781	0.01768	0.01276	0.01802	0.01207	0.05150	0.01050	0.00791	0.01198	0.00234	0.27699	0.00717	0.00313	0.00769
17	0.00868	0.00596	0.00729	0.00781	0.00806	0.00591	0.00497	0.00929	0.01029	0.01375	0.02468	0.25957	0.02862	0.47085	0.05949	0.00500	0.00584	0.05511	0.00447	0.00437
18	0.03680	0.01275	0.01430	0.01148	0.01544	0.01342	0.00931	0.32791	0.08183	0.18922	0.07855	0.02084	0.01712	0.00798	0.00600	0.00185	0.00537	0.00633	0.13419	0.00931
19	0.02108	0.01547	0.01719	0.01311	0.01798	0.01629	0.01078	0.49288	0.02410	0.07445	0.01434	0.01480	0.01046	0.00702	0.00654	0.00170	0.04163	0.00522	0.00559	0.18936
20	0.01674	0.01394	0.01459	0.01224	0.01611	0.04216	0.00968	0.21992	0.30660	0.02718	0.02242	0.05956	0.06336	0.00866	0.00650	0.00189	0.02212	0.00697	0.00567	0.12370
21	0.05882	0.01122	0.01580	0.26177	0.02447	0.01185	0.05960	0.07717	0.05903	0.02010	0.01501	0.09318	0.01343	0.04443	0.00786	0.03113	0.00646	0.00663	0.00392	0.17814
22	0.05214	0.01000	0.01004	0.00884	0.01159	0.03607	0.00682	0.09870	0.11160	0.02429	0.01901	0.06350	0.01577	0.02821	0.00583	0.00173	0.00437	0.00626	0.37030	0.11492

[dist]
# distance from previous block
# <min> <max>
3	24

[block]
# block no. 3 follows, 36 sequences, length 58
# corresponding to MSA columns:
# 381-395,401-443
name=unknown_D
#
# <colnr> <probs for GDERKNQSTAVLIFYWHMCP>
#	G	D	E	R	K	N	Q	S	T	A	V	L	I	F	Y	W	H	M	C	P
0	0.07149	0.01333	0.05283	0.17721	0.02260	0.03297	0.08084	0.05970	0.01272	0.01904	0.01199	0.01679	0.01005	0.03155	0.06408	0.00283	0.22388	0.00566	0.08339	0.00708
1	0.13416	0.20021	0.42884	0.01435	0.02148	0.01664	0.01693	0.03914	0.01302	0.02017	0.01053	0.01242	0.00809	0.00721	0.03089	0.00209	0.00816	0.00423	0.00295	0.00848
2	0.07180	0.03043	0.01036	0.00864	0.01056	0.00862	0.00616	0.04732	0.01242	0.19693	0.01936	0.03057	0.01828	0.42566	0.07310	0.00469	0.00658	0.00748	0.00481	0.00623
3	0.59650	0.05770	0.10221	0.00985	0.01434	0.03547	0.00918	0.01885	0.01145	0.05474	0.00974	0.01127	0.00749	0.00641	0.00496	0.02953	0.00569	0.00373	0.00374	0.00716
4	0.01636	0.73098	0.08384	0.01117	0.01678	0.02393	0.01154	0.01873	0.01270	0.01502	0.00884	0.01022	0.00799	0.00537	0.00414	0.00138	0.00685	0.00342	0.00266	0.00808
5	0.00774	0.00552	0.00733	0.00873	0.00912	0.00518	0.00589	0.00886	0.01193	0.01589	0.03379	0.72284	0.04036	0.04519	0.00878	0.00266	0.00378	0.04564	0.00571	0.00505
6	0.01380	0.01482	0.02992	0.20713	0.03334	0.01454	0.47495	0.01853	0.01397	0.01900	0.01207	0.01637	0.00915	0.00543	0.00680	0.00198	0.00937	0.00654	0.00311	0.08919
7	0.50675	0.01588	0.16591	0.01070	0.01570	0.01314	0.01056	0.02002	0.01214	0.12742	0.01179	0.01293	0.00859	0.00779	0.03602	0.00227	0.00631	0.00418	0.00412	0.00776
8	0.00924	0.00660	0.00911	0.01049	0.01159	0.00648	0.00859	0.01156	0.01371	0.01801	0.05729	0.28764	0.03829	0.01777	0.00836	0.00273	0.00499	0.46621	0.00579	0.00553
9	0.00759	0.00542	0.00723	0.00868	0.00904	0.00506	0.00578	0.00868	0.01193	0.01591	0.03434	0.77697	0.04121	0.01952	0.00795	0.00253	0.00361	0.01771	0.00578	0.00506
10	0.00898	0.00605	0.00697	0.00698	0.00714	0.00598	0.00407	0.00932	0.01004	0.01354	0.09260	0.07206	0.02706	0.67198	0.02827	0.00548	0.00563	0.00964	0.00417	0.00404
11	0.01004	0.00717	0.01004	0.01147	0.01291	0.00717	0.01004	0.01291	0.01434	0.01865	0.03299	0.07028	0.03586	0.01721	0.00861	0.00287	0.00574	0.70023	0.00574	0.00574
12	0.00906	0.00604	0.00680	0.00680	0.00680	0.00604	0.00378	0.00906	0.00906	0.01208	0.01963	0.04077	0.02265	0.78103	0.03171	0.00604	0.00604	0.00906	0.00378	0.00378
13	0.02257	0.01653	0.01789	0.01395	0.01866	0.01830	0.01146	0.62586	0.07593	0.05451	0.01598	0.01610	0.01151	0.00931	0.03983	0.00225	0.00713	0.00577	0.00615	0.01032
14	0.00882	0.00637	0.00833	0.00784	0.00931	0.00588	0.00588	0.01176	0.01764	0.02499	0.73888	0.04654	0.05879	0.01274	0.00735	0.00196	0.00294	0.01127	0.00686	0.00588
15	0.01161	0.00581	0.00581	0.00581	0.00726	0.00581	0.00436	0.01452	0.01307	0.02323	0.02033	0.02323	0.01597	0.00726	0.00436	0.00145	0.00290	0.00581	0.81562	0.00581
16	0.01363	0.01363	0.01908	0.01636	0.01636	0.01908	0.01363	0.01499	0.00954	0.01499	0.00818	0.01363	0.00818	0.01091	0.02045	0.00273	0.76963	0.00545	0.00273	0.00682
17	0.00857	0.00636	0.00798	0.00758	0.00916	0.00577	0.00568	0.01127	0.01705	0.02359	0.62292	0.04884	0.17562	0.01326	0.00735	0.00198	0.00298	0.01159	0.00667	0.00577
18	0.00766	0.00632	0.00673	0.00663	0.00860	0.00539	0.00497	0.00952	0.01491	0.01851	0.20206	0.05720	0.59965	0.01515	0.00736	0.00207	0.00311	0.01276	0.00601	0.00539
19	0.00781	0.00632	0.00696	0.00696	0.00882	0.00547	0.00525	0.00973	0.01490	0.01873	0.21538	0.08672	0.52754	0.01529	0.00743	0.00212	0.00323	0.03990	0.00603	0.00541
20	0.00914	0.00655	0.00854	0.00845	0.00891	0.00719	0.00577	0.01012	0.00947	0.01317	0.01803	0.03309	0.01923	0.44931	0.33421	0.00759	0.03511	0.00795	0.00356	0.00462
21	0.00775	0.00605	0.00698	0.00732	0.00873	0.00534	0.00524	0.00939	0.01404	0.01797	0.17999	0.27134	0.38603	0.03481	0.00813	0.00230	0.00332	0.01406	0.00594	0.00528
22	0.01461	0.01634	0.03209	0.02421	0.05181	0.04475	0.54803	0.01899	0.01403	0.01898	0.01287	0.05018	0.01067	0.00666	0.00893	0.00217	0.10602	0.00739	0.00322	0.00805
23	0.01292	0.09268	0.67012	0.01777	0.04648	0.01530	0.02191	0.01963	0.01314	0.01934	0.01099	0.01296	0.00796	0.00586	0.00577	0.00192	0.00895	0.00453	0.00265	0.00913
24	0.82504	0.01205	0.00916	0.00819	0.01205	0.01398	0.00675	0.01832	0.01060	0.02795	0.00868	0.01012	0.00675	0.00578	0.00386	0.00193	0.00482	0.00337	0.00386	0.00675
25	0.01903	0.01287	0.01441	0.01170	0.01522	0.01355	0.00915	0.39763	0.02152	0.10750	0.01912	0.11698	0.01708	0.14586	0.01089	0.00266	0.00603	0.00774	0.00579	0.04527
26	0.01198	0.01114	0.01815	0.64238	0.03814	0.01410	0.01628	0.01575	0.01214	0.01614	0.01115	0.01655	0.00864	0.00683	0.00784	0.00213	0.09882	0.00554	0.03944	0.00686
27	0.00901	0.00602	0.00681	0.00686	0.00687	0.00601	0.00384	0.00905	0.00916	0.01221	0.02012	0.06526	0.02327	0.75570	0.03092	0.00592	0.00596	0.00935	0.00384	0.00382
28	0.05405	0.65902	0.06615	0.01128	0.01659	0.07482	0.01119	0.01913	0.01294	0.01556	0.00886	0.01024	0.00794	0.00546	0.00420	0.00141	0.00702	0.00344	0.00276	0.00794
29	0.01549	0.01309	0.01397	0.01231	0.01589	0.01478	0.00961	0.07800	0.60105	0.02662	0.07095	0.02371	0.02059	0.00848	0.00632	0.00203	0.00492	0.00706	0.00624	0.04890
30	0.01437	0.01635	0.06359	0.10471	0.03150	0.01519	0.53550	0.03794	0.01456	0.01999	0.01246	0.01652	0.00941	0.00561	0.00730	0.00205	0.02867	0.00678	0.02231	0.03520
31	0.01111	0.00952	0.00939	0.00898	0.01125	0.05867	0.00676	0.03311	0.14884	0.03700	0.10093	0.12402	0.35458	0.03437	0.00775	0.00222	0.00434	0.02486	0.00580	0.00651
32	0.00759	0.00542	0.00723	0.00868	0.00904	0.00506	0.00578	0.00868	0.01193	0.01591	0.03434	0.77697	0.04121	0.01952	0.00795	0.00253	0.00361	0.01771	0.00578	0.00506
33	0.01502	0.01440	0.02457	0.11738	0.66613	0.01470	0.01892	0.01877	0.01400	0.01987	0.01165	0.01555	0.00970	0.00563	0.00617	0.00188	0.00750	0.00555	0.00305	0.00955
34	0.01632	0.01750	0.05287	0.07024	0.51199	0.12817	0.01742	0.02089	0.06730	0.01974	0.01235	0.01532	0.01010	0.00595	0.00609	0.00185	0.00793	0.00539	0.00331	0.00928
35	0.00880	0.00593	0.00687	0.00713	0.00720	0.00587	0.00413	0.00899	0.00957	0.01276	0.02226	0.17235	0.02597	0.64493	0.02747	0.00541	0.00561	0.01061	0.00413	0.00401
36	0.01177	0.01107	0.01869	0.76606	0.04291	0.01384	0.01730	0.01592	0.01246	0.01592	0.01107	0.01661	0.00831	0.00623	0.00623	0.00208	0.00831	0.00554	0.00277	0.00692
37	0.00933	0.00666	0.00848	0.00859	0.01005	0.00628	0.00649	0.01231	0.04538	0.04076	0.37805	0.20850	0.12260	0.01477	0.00756	0.00222	0.00360	0.09606	0.00637	0.00591
38	0.00759	0.00542	0.00723	0.00868	0.00904	0.00506	0.00578	0.00868	0.01193	0.01591	0.03434	0.77697	0.04121	0.01952	0.00795	0.00253	0.00361	0.01771	0.00578	0.00506
39	0.01452	0.01650	0.03598	0.02579	0.03194	0.01547	0.70052	0.01966	0.01463	0.01985	0.01318	0.03706	0.01030	0.00563	0.00737	0.00211	0.01032	0.00763	0.00322	0.00831
40	0.02583	0.01364	0.01601	0.01242	0.01720	0.03414	0.01020	0.27047	0.05107	0.45040	0.02084	0.01884	0.01368	0.00762	0.00624	0.00191	0.00600	0.00601	0.00701	0.01047
41	0.06289	0.01188	0.01497	0.01153	0.01634	0.01117	0.00952	0.15217	0.01954	0.58910	0.02216	0.01960	0.01418	0.00758	0.00615	0.00192	0.00556	0.00602	0.00728	0.01043
42	0.01542	0.01480	0.02529	0.03824	0.74217	0.01480	0.01912	0.01912	0.01419	0.02036	0.01172	0.01542	0.00987	0.00555	0.00617	0.00185	0.00740	0.00555	0.00308	0.00987
43	0.01452	0.01540	0.02279	0.01847	0.02004	0.06834	0.16522	0.01673	0.01120	0.01608	0.00923	0.01415	0.00844	0.00939	0.01663	0.00252	0.55507	0.00576	0.00285	0.00718
44	0.02683	0.01077	0.01438	0.01114	0.01582	0.00958	0.00916	0.04684	0.04737	0.68031	0.04354	0.02182	0.01662	0.00787	0.00630	0.00193	0.00526	0.00642	0.00760	0.01045
45	0.00829	0.00590	0.00776	0.00899	0.00958	0.00564	0.00643	0.00964	0.01216	0.01606	0.03303	0.51595	0.05657	0.11149	0.01097	0.00302	0.00435	0.16358	0.00553	0.00506
46	0.04506	0.01046	0.01312	0.01077	0.01479	0.00992	0.00873	0.02721	0.14959	0.46832	0.07934	0.02726	0.06555	0.00900	0.00644	0.00201	0.00493	0.03091	0.00710	0.00950
47	0.01292	0.01107	0.01292	0.00923	0.01477	0.00831	0.00738	0.01569	0.01292	0.02030	0.01107	0.01292	0.00923	0.00461	0.00461	0.00092	0.00461	0.00369	0.00369	0.81912
48	0.00897	0.00610	0.00726	0.00732	0.00749	0.00624	0.00442	0.00933	0.00932	0.01258	0.01989	0.07150	0.02251	0.64583	0.13042	0.00643	0.00740	0.00912	0.00380	0.00408
49	0.00868	0.00627	0.00821	0.00793	0.00928	0.00579	0.00587	0.01142	0.01701	0.02399	0.66191	0.12633	0.05687	0.01348	0.00741	0.00202	0.00301	0.01197	0.00674	0.00579
50	0.01359	0.01293	0.02198	0.40330	0.39143	0.01432	0.01821	0.01752	0.01332	0.01813	0.01140	0.01602	0.00908	0.00589	0.00620	0.00196	0.00786	0.00554	0.00293	0.00839
51	0.02195	0.01606	0.01736	0.01347	0.01817	0.01744	0.01104	0.61587	0.02696	0.05159	0.01773	0.05013	0.04062	0.00821	0.00628	0.00187	0.00644	0.00636	0.00611	0.04635
52	0.01243	0.01238	0.02246	0.25700	0.08918	0.01363	0.21677	0.01594	0.01276	0.01733	0.01530	0.15079	0.01458	0.00888	0.00877	0.00223	0.11070	0.00820	0.00343	0.00725
53	0.03392	0.01197	0.01233	0.01082	0.01391	0.04519	0.00844	0.17571	0.21478	0.04513	0.12500	0.08497	0.17010	0.01092	0.00668	0.00203	0.00493	0.00905	0.00607	0.00804
54	0.01733	0.01056	0.01358	0.01270	0.04468	0.01067	0.02779	0.04298	0.22055	0.24219	0.02758	0.13409	0.04724	0.01103	0.00692	0.00220	0.00521	0.10768	0.00636	0.00866
55	0.01550	0.01192	0.01555	0.01154	0.01666	0.01016	0.07313	0.10061	0.01545	0.09491	0.01461	0.06638	0.01221	0.00634	0.00545	0.00135	0.00542	0.00547	0.00449	0.51287
56	0.01599	0.01113	0.01366	0.01054	0.01531	0.00959	0.02650	0.02098	0.12699	0.16420	0.01754	0.06592	0.01408	0.00682	0.00550	0.00144	0.00489	0.00573	0.00502	0.45816
57	0.01386	0.00992	0.01172	0.01111	0.01340	0.01043	0.00862	0.19261	0.10306	0.05416	0.04670	0.33035	0.02939	0.01412	0.00735	0.00233	0.00498	0.12244	0.00607	0.00739

[dist]
# distance from previous block
# <min> <max>
28	38

[block]
# block no. 4 follows, 36 sequences, length 9
# corresponding to MSA columns:
# 513-521
name=unknown_E
#
# <colnr> <probs for GDERKNQSTAVLIFYWHMCP>
#	G	D	E	R	K	N	Q	S	T	A	V	L	I	F	Y	W	H	M	C	P
0	0.09964	0.01635	0.01489	0.01228	0.01645	0.19809	0.00976	0.11275	0.05384	0.29295	0.05017	0.01763	0.01394	0.00725	0.00582	0.00179	0.00677	0.00546	0.00568	0.05848
1	0.02368	0.01745	0.01870	0.01434	0.01932	0.01932	0.01184	0.72139	0.02929	0.03927	0.01496	0.01496	0.01060	0.00748	0.00623	0.00187	0.00686	0.00561	0.00623	0.01060
2	0.07497	0.01257	0.01530	0.01180	0.01661	0.01224	0.00975	0.21911	0.02054	0.50913	0.02098	0.01882	0.01358	0.00753	0.00611	0.00191	0.00570	0.00591	0.00707	0.01037
3	0.00750	0.00632	0.00650	0.00645	0.00850	0.00532	0.00484	0.00920	0.01452	0.01759	0.12595	0.05871	0.67634	0.01550	0.00736	0.00209	0.00314	0.01297	0.00589	0.00532
4	0.02247	0.01685	0.01801	0.01409	0.01886	0.01875	0.01155	0.61928	0.13339	0.03731	0.01650	0.01619	0.01185	0.00762	0.00625	0.00191	0.00657	0.00582	0.00625	0.01049
5	0.09135	0.00628	0.00759	0.00840	0.00929	0.00615	0.00581	0.01019	0.01263	0.01849	0.14935	0.54418	0.03984	0.04992	0.00846	0.00252	0.00373	0.01479	0.00568	0.00531
6	0.01004	0.00717	0.01004	0.01147	0.01291	0.00717	0.01004	0.01291	0.01434	0.01865	0.03299	0.07028	0.03586	0.01721	0.00861	0.00287	0.00574	0.70023	0.00574	0.00574
7	0.02242	0.01651	0.01780	0.01389	0.01851	0.01820	0.01137	0.66530	0.02793	0.03743	0.01648	0.07493	0.01301	0.00843	0.00637	0.00192	0.00660	0.00656	0.00620	0.01016
8	0.74315	0.01385	0.01003	0.00900	0.01279	0.08977	0.00729	0.01899	0.01132	0.02666	0.00877	0.01024	0.00688	0.00585	0.00404	0.00189	0.00548	0.00344	0.00379	0.00680

[dist]
# distance from previous block
# <min> <max>
0	2

[block]
# block no. 5 follows, 36 sequences, length 29
# corresponding to MSA columns:
# 525-553
name=unknown_F
#
# <colnr> <probs for GDERKNQSTAVLIFYWHMCP>
#	G	D	E	R	K	N	Q	S	T	A	V	L	I	F	Y	W	H	M	C	P
0	0.02303	0.01694	0.01817	0.01400	0.01876	0.01873	0.01148	0.68948	0.02839	0.03805	0.01517	0.01612	0.01114	0.04213	0.00737	0.00206	0.00682	0.00576	0.00612	0.01029
1	0.01230	0.01149	0.01358	0.01252	0.01372	0.09521	0.00995	0.03934	0.01144	0.01559	0.01359	0.01978	0.01260	0.03133	0.45067	0.00685	0.21450	0.00602	0.00327	0.00626
2	0.01675	0.01264	0.01411	0.01169	0.01566	0.03352	0.00928	0.04487	0.32443	0.13294	0.05217	0.02021	0.01658	0.00761	0.00674	0.00179	0.05007	0.00604	0.00559	0.21733
3	0.02222	0.01589	0.01718	0.01340	0.01789	0.01743	0.01093	0.61738	0.02688	0.06076	0.01638	0.04415	0.01253	0.03586	0.00714	0.00203	0.00649	0.00620	0.03930	0.00995
4	0.00808	0.00578	0.00773	0.00880	0.00949	0.00543	0.00624	0.00971	0.01328	0.01794	0.17070	0.56325	0.04407	0.01797	0.00790	0.00245	0.00370	0.08620	0.00599	0.00529
5	0.00840	0.00576	0.00699	0.00764	0.00781	0.00560	0.00468	0.00889	0.01035	0.01380	0.02626	0.37250	0.03101	0.43789	0.02101	0.00446	0.00495	0.01296	0.00468	0.00435
6	0.01292	0.01107	0.01292	0.00923	0.01477	0.00831	0.00738	0.01569	0.01292	0.02030	0.01107	0.01292	0.00923	0.00461	0.00461	0.00092	0.00461	0.00369	0.00369	0.81912
7	0.82504	0.01205	0.00916	0.00819	0.01205	0.01398	0.00675	0.01832	0.01060	0.02795	0.00868	0.01012	0.00675	0.00578	0.00386	0.00193	0.00482	0.00337	0.00386	0.00675
8	0.01400	0.01553	0.03109	0.02297	0.02793	0.03733	0.55223	0.01831	0.01403	0.01891	0.01485	0.11052	0.01324	0.00751	0.00844	0.00219	0.07128	0.00838	0.00344	0.00782
9	0.01161	0.00581	0.00581	0.00581	0.00726	0.00581	0.00436	0.01452	0.01307	0.02323	0.02033	0.02323	0.01597	0.00726	0.00436	0.00145	0.00290	0.00581	0.81562	0.00581
10	0.01329	0.01175	0.01186	0.01087	0.01396	0.03461	0.00839	0.02562	0.49473	0.02297	0.03621	0.03389	0.23469	0.01059	0.00663	0.00210	0.00459	0.00878	0.00608	0.00840
11	0.01292	0.01107	0.01292	0.00923	0.01477	0.00831	0.00738	0.01569	0.01292	0.02030	0.01107	0.01292	0.00923	0.00461	0.00461	0.00092	0.00461	0.00369	0.00369	0.81912
12	0.00946	0.00651	0.00853	0.00795	0.00953	0.00599	0.00599	0.01238	0.01764	0.04916	0.71494	0.04569	0.05734	0.01257	0.00731	0.00196	0.00302	0.01110	0.00689	0.00604
13	0.01110	0.00881	0.00984	0.00946	0.01179	0.00907	0.00725	0.01843	0.26074	0.04013	0.13715	0.12994	0.24872	0.01317	0.00714	0.00218	0.00402	0.05780	0.00617	0.00707
14	0.00759	0.00542	0.00723	0.00868	0.00904	0.00506	0.00578	0.00868	0.01193	0.01591	0.03434	0.77697	0.04121	0.01952	0.00795	0.00253	0.00361	0.01771	0.00578	0.00506
15	0.00906	0.00604	0.00680	0.00680	0.00680	0.00604	0.00378	0.00906	0.00906	0.01208	0.01963	0.04077	0.02265	0.78103	0.03171	0.00604	0.00604	0.00906	0.00378	0.00378
16	0.01067	0.00679	0.00886	0.00810	0.00993	0.00618	0.00616	0.01351	0.01753	0.09667	0.64179	0.04453	0.08047	0.01235	0.00724	0.00196	0.00318	0.01084	0.00690	0.00633
17	0.00906	0.00604	0.00680	0.00680	0.00680	0.00604	0.00378	0.00906	0.00906	0.01208	0.01963	0.04077	0.02265	0.78103	0.03171	0.00604	0.00604	0.00906	0.00378	0.00378
18	0.00996	0.01261	0.17360	0.01051	0.01373	0.00842	0.00992	0.03913	0.04744	0.02091	0.24231	0.22659	0.13445	0.01300	0.00710	0.00213	0.00477	0.01130	0.00544	0.00668
19	0.01666	0.78478	0.03265	0.01066	0.01599	0.02465	0.01066	0.01866	0.01266	0.01466	0.00866	0.00999	0.00800	0.00533	0.00400	0.00133	0.00666	0.00333	0.00267	0.00800
20	0.01605	0.72351	0.03072	0.01046	0.01541	0.02325	0.01025	0.01797	0.01241	0.01454	0.00943	0.01187	0.00891	0.04187	0.03037	0.00184	0.00697	0.00370	0.00274	0.00772
21	0.00959	0.00650	0.00762	0.00767	0.00835	0.00641	0.00504	0.01079	0.03142	0.03523	0.04622	0.08648	0.10202	0.50053	0.04988	0.00496	0.00581	0.06630	0.00452	0.00466
22	0.01687	0.01090	0.01260	0.01075	0.01378	0.01117	0.00831	0.23336	0.07027	0.14616	0.06597	0.16401	0.06994	0.09089	0.02387	0.00260	0.00545	0.00920	0.00604	0.02787
23	0.01660	0.62157	0.13127	0.01198	0.01777	0.04601	0.01248	0.05074	0.01364	0.01650	0.00933	0.01070	0.00810	0.00554	0.00442	0.00145	0.00717	0.00363	0.00284	0.00826
24	0.23328	0.12276	0.01288	0.00909	0.01209	0.01161	0.00750	0.03230	0.03304	0.07520	0.21734	0.08625	0.05963	0.01012	0.00591	0.00197	0.00455	0.05236	0.00526	0.00688
25	0.01698	0.01182	0.01381	0.01093	0.01516	0.01130	0.00874	0.23046	0.01809	0.10989	0.01701	0.09569	0.01447	0.01142	0.07624	0.00236	0.00636	0.00637	0.02493	0.29794
26	0.07737	0.02075	0.01647	0.01462	0.04216	0.34010	0.01109	0.16278	0.04209	0.02239	0.01228	0.01504	0.01013	0.00694	0.00616	0.00170	0.03576	0.03104	0.00412	0.12701
27	0.04353	0.01314	0.01508	0.01144	0.01641	0.01261	0.00936	0.27828	0.02019	0.21559	0.01792	0.01753	0.03917	0.00693	0.00572	0.00160	0.00557	0.00541	0.00575	0.25876
28	0.08597	0.01481	0.01518	0.01234	0.01647	0.07030	0.00998	0.34313	0.05642	0.13936	0.04361	0.05321	0.01526	0.00826	0.00607	0.00189	0.00615	0.02783	0.03139	0.04237

[dist]
# distance from previous block
# <min> <max>
7	32

[block]
# block no. 6 follows, 36 sequences, length 8
# corresponding to MSA columns:
# 592-599
name=unknown_G
#
# <colnr> <probs for GDERKNQSTAVLIFYWHMCP>
#	G	D	E	R	K	N	Q	S	T	A	V	L	I	F	Y	W	H	M	C	P
0	0.34023	0.06244	0.01513	0.01150	0.01582	0.06751	0.00947	0.26328	0.07367	0.06688	0.01301	0.01344	0.00963	0.00669	0.00512	0.00186	0.00611	0.00462	0.00495	0.00862
1	0.01357	0.00922	0.01086	0.00985	0.01229	0.00906	0.00740	0.15279	0.04649	0.09136	0.09114	0.30382	0.09318	0.05068	0.00820	0.00229	0.00456	0.01138	0.00592	0.06595
2	0.06568	0.01206	0.01437	0.01122	0.01585	0.01158	0.00915	0.15840	0.07060	0.32561	0.01868	0.01806	0.01303	0.00937	0.05169	0.00222	0.00610	0.00554	0.00603	0.17476
3	0.01325	0.01259	0.02138	0.46965	0.32768	0.01423	0.01804	0.01722	0.01316	0.01773	0.01134	0.01613	0.00894	0.00595	0.00620	0.00198	0.00794	0.00554	0.00290	0.00812
4	0.07613	0.01258	0.01696	0.01261	0.01779	0.01126	0.12282	0.08130	0.05405	0.05503	0.01359	0.03814	0.01100	0.00587	0.00542	0.00143	0.00580	0.00516	0.00423	0.44882
5	0.08626	0.02175	0.01681	0.01428	0.01824	0.34889	0.01119	0.25001	0.08536	0.06811	0.01358	0.01402	0.01018	0.00697	0.00578	0.00178	0.00840	0.00488	0.00478	0.00871
6	0.00976	0.00711	0.00898	0.00944	0.01069	0.00688	0.00687	0.07962	0.01449	0.01958	0.10373	0.52675	0.03816	0.01679	0.00765	0.00237	0.00411	0.08138	0.00585	0.03979
7	0.01875	0.01303	0.01453	0.01126	0.01613	0.03933	0.00905	0.13117	0.13600	0.18605	0.01701	0.01674	0.01240	0.00645	0.00556	0.00152	0.00541	0.00513	0.00540	0.34907

[dist]
# distance from previous block
# <min> <max>
0	2

[block]
# block no. 7 follows, 36 sequences, length 13
# corresponding to MSA columns:
# 602-614
name=unknown_H
#
# <colnr> <probs for GDERKNQSTAVLIFYWHMCP>
#	G	D	E	R	K	N	Q	S	T	A	V	L	I	F	Y	W	H	M	C	P
0	0.01405	0.01084	0.01347	0.01341	0.08774	0.01096	0.00949	0.11627	0.15175	0.05053	0.21554	0.06699	0.02902	0.01004	0.00666	0.00195	0.00490	0.07278	0.00577	0.10787
1	0.01670	0.01438	0.02419	0.03548	0.66832	0.01423	0.01811	0.02026	0.01456	0.09419	0.01303	0.01601	0.01043	0.00577	0.00618	0.00186	0.00719	0.00562	0.00355	0.00994
2	0.58528	0.01258	0.01111	0.00943	0.01339	0.01417	0.00774	0.14612	0.01483	0.06674	0.05837	0.01395	0.01129	0.00665	0.00464	0.00192	0.00509	0.00444	0.00468	0.00759
3	0.02284	0.01660	0.01796	0.01384	0.01877	0.01811	0.01139	0.61677	0.06807	0.06724	0.01576	0.01559	0.01121	0.00740	0.00616	0.00184	0.00657	0.00562	0.00617	0.05210
4	0.60537	0.01443	0.01146	0.00989	0.01387	0.08984	0.00803	0.10565	0.01397	0.06416	0.01034	0.01138	0.00778	0.00615	0.00445	0.00189	0.00575	0.00386	0.00427	0.00746
5	0.02104	0.01588	0.01728	0.01308	0.01820	0.01661	0.01075	0.54793	0.02527	0.03461	0.01400	0.01446	0.01026	0.00678	0.00584	0.00164	0.00631	0.00514	0.00561	0.20933
6	0.00875	0.00632	0.00827	0.00788	0.00929	0.00584	0.00587	0.01159	0.01733	0.02450	0.70130	0.08550	0.05785	0.01310	0.00738	0.00199	0.00298	0.01161	0.00680	0.00584
7	0.00888	0.00641	0.00842	0.00803	0.00949	0.00595	0.00609	0.01182	0.01747	0.02466	0.70261	0.04776	0.05761	0.01297	0.00741	0.00201	0.00308	0.04667	0.00680	0.00587
8	0.00928	0.00667	0.00897	0.00921	0.01067	0.00637	0.00745	0.01219	0.01639	0.02259	0.47251	0.05550	0.05014	0.01443	0.00782	0.00230	0.00400	0.27125	0.00644	0.00583
9	0.00759	0.00542	0.00723	0.00868	0.00904	0.00506	0.00578	0.00868	0.01193	0.01591	0.03434	0.77697	0.04121	0.01952	0.00795	0.00253	0.00361	0.01771	0.00578	0.00506
10	0.02597	0.01228	0.01531	0.01190	0.01664	0.01184	0.00978	0.17490	0.08287	0.53552	0.02264	0.02008	0.01473	0.00773	0.00627	0.00193	0.00559	0.00620	0.00728	0.01054
11	0.01193	0.01130	0.01872	0.70020	0.04058	0.01430	0.01698	0.01584	0.01220	0.01584	0.01082	0.01635	0.00829	0.00664	0.00748	0.00213	0.07519	0.00553	0.00276	0.00691
12	0.01422	0.01117	0.01310	0.00956	0.01493	0.00878	0.00766	0.01779	0.05370	0.07619	0.01291	0.01413	0.01025	0.00507	0.00484	0.00107	0.00468	0.00408	0.00415	0.71173

[dist]
# distance from previous block
# <min> <max>
0	1

[block]
# block no. 8 follows, 36 sequences, length 8
# corresponding to MSA columns:
# 616-623
name=unknown_I
#
# <colnr> <probs for GDERKNQSTAVLIFYWHMCP>
#	G	D	E	R	K	N	Q	S	T	A	V	L	I	F	Y	W	H	M	C	P
0	0.02132	0.01932	0.01652	0.01361	0.01762	0.23150	0.01082	0.41250	0.02360	0.02921	0.01869	0.01896	0.08637	0.00803	0.00609	0.00180	0.00757	0.00594	0.04170	0.00884
1	0.01458	0.01395	0.02378	0.20507	0.58188	0.01458	0.01870	0.01839	0.01379	0.01934	0.01157	0.01569	0.00951	0.00571	0.00618	0.00190	0.00761	0.00555	0.00301	0.00919
2	0.02156	0.01597	0.01674	0.01322	0.01762	0.04037	0.01077	0.56061	0.05237	0.05511	0.01877	0.03937	0.04998	0.00824	0.00623	0.00188	0.00639	0.00637	0.04867	0.00978
3	0.01318	0.15543	0.63151	0.01660	0.02517	0.01614	0.02100	0.01956	0.01307	0.01890	0.01077	0.01264	0.00791	0.00582	0.00560	0.00187	0.00879	0.00440	0.00264	0.00901
4	0.67001	0.01200	0.00997	0.00874	0.01247	0.01369	0.00714	0.08381	0.01305	0.02873	0.08053	0.01413	0.01219	0.00662	0.00442	0.00193	0.00483	0.00435	0.00437	0.00702
5	0.31229	0.01706	0.08562	0.01220	0.01680	0.06934	0.01071	0.25436	0.09315	0.02972	0.03432	0.01455	0.01105	0.00689	0.00534	0.00191	0.00635	0.00490	0.00483	0.00860
6	0.01221	0.00882	0.00991	0.00912	0.01048	0.00939	0.00628	0.14236	0.08358	0.01898	0.02076	0.11272	0.02171	0.44337	0.05965	0.00472	0.00637	0.00904	0.00467	0.00585
7	0.09157	0.01254	0.01780	0.34388	0.14069	0.01420	0.01439	0.15175	0.01604	0.05495	0.01410	0.05709	0.01162	0.00738	0.00615	0.00203	0.00711	0.02457	0.00404	0.00810

[dist]
# distance from previous block
# <min> <max>
0	1

[block]
# block no. 9 follows, 36 sequences, length 25
# corresponding to MSA columns:
# 625-649
name=unknown_J
#
# <colnr> <probs for GDERKNQSTAVLIFYWHMCP>
#	G	D	E	R	K	N	Q	S	T	A	V	L	I	F	Y	W	H	M	C	P
0	0.01517	0.01455	0.02483	0.08871	0.69368	0.01474	0.01900	0.01890	0.01407	0.02005	0.01167	0.01550	0.00976	0.00560	0.00617	0.00187	0.00746	0.00555	0.00306	0.00966
1	0.00759	0.00542	0.00723	0.00868	0.00904	0.00506	0.00578	0.00868	0.01193	0.01591	0.03434	0.77697	0.04121	0.01952	0.00795	0.00253	0.00361	0.01771	0.00578	0.00506
2	0.01441	0.01595	0.03197	0.02358	0.02817	0.01666	0.52830	0.01861	0.01331	0.01861	0.01141	0.01595	0.00911	0.00678	0.01090	0.00227	0.21616	0.00684	0.00304	0.00797
3	0.02330	0.01726	0.01848	0.01426	0.01918	0.01914	0.01175	0.68922	0.06209	0.03865	0.01544	0.01535	0.01099	0.00752	0.00624	0.00188	0.00677	0.00568	0.00624	0.01056
4	0.02368	0.01745	0.01870	0.01434	0.01932	0.01932	0.01184	0.72139	0.02929	0.03927	0.01496	0.01496	0.01060	0.00748	0.00623	0.00187	0.00686	0.00561	0.00623	0.01060
5	0.00770	0.00551	0.00733	0.00860	0.00906	0.00513	0.00579	0.00895	0.01244	0.01673	0.09804	0.71093	0.04280	0.01891	0.00790	0.00248	0.00355	0.01713	0.00588	0.00513
6	0.01275	0.07850	0.70472	0.01732	0.02629	0.01510	0.02226	0.01967	0.01312	0.01942	0.01103	0.01296	0.00790	0.00588	0.00580	0.00193	0.00905	0.00453	0.00263	0.00913
7	0.27113	0.01133	0.01302	0.01034	0.01487	0.01105	0.00853	0.05519	0.01610	0.49794	0.01933	0.01756	0.01258	0.00711	0.00553	0.00193	0.00522	0.00536	0.00647	0.00943
8	0.01471	0.01681	0.03676	0.02626	0.03256	0.01576	0.71954	0.01996	0.01471	0.01996	0.01261	0.01681	0.00945	0.00525	0.00735	0.00210	0.01050	0.00735	0.00315	0.00840
9	0.00749	0.00625	0.00654	0.00661	0.00853	0.00529	0.00490	0.00914	0.01429	0.01739	0.11319	0.11454	0.63276	0.01583	0.00741	0.00213	0.00317	0.01336	0.00587	0.00529
10	0.01177	0.01107	0.01869	0.76606	0.04291	0.01384	0.01730	0.01592	0.01246	0.01592	0.01107	0.01661	0.00831	0.00623	0.00623	0.00208	0.00831	0.00554	0.00277	0.00692
11	0.00904	0.00607	0.00694	0.00690	0.00704	0.00602	0.00398	0.00932	0.00990	0.01334	0.08975	0.04134	0.02617	0.70613	0.02934	0.00564	0.00574	0.00928	0.00408	0.00398
12	0.00985	0.00711	0.00884	0.00947	0.01048	0.00706	0.00663	0.10881	0.01437	0.01919	0.03162	0.66991	0.03691	0.01783	0.00771	0.00244	0.00407	0.01601	0.00585	0.00584
13	0.00752	0.00613	0.00665	0.00691	0.00861	0.00526	0.00504	0.00910	0.01399	0.01724	0.10721	0.20726	0.54477	0.01633	0.00748	0.00218	0.00323	0.01395	0.00586	0.00526
14	0.01542	0.01480	0.02529	0.03824	0.74217	0.01480	0.01912	0.01912	0.01419	0.02036	0.01172	0.01542	0.00987	0.00555	0.00617	0.00185	0.00740	0.00555	0.00308	0.00987
15	0.01542	0.01480	0.02529	0.03824	0.74217	0.01480	0.01912	0.01912	0.01419	0.02036	0.01172	0.01542	0.00987	0.00555	0.00617	0.00185	0.00740	0.00555	0.00308	0.00987
16	0.01255	0.00671	0.00681	0.00647	0.00819	0.00686	0.00494	0.06935	0.01432	0.02447	0.01991	0.02259	0.01555	0.00728	0.00450	0.00148	0.00321	0.00579	0.75284	0.00618
17	0.01177	0.01107	0.01869	0.76606	0.04291	0.01384	0.01730	0.01592	0.01246	0.01592	0.01107	0.01661	0.00831	0.00623	0.00623	0.00208	0.00831	0.00554	0.00277	0.00692
18	0.01360	0.01151	0.01240	0.01136	0.01438	0.01288	0.00883	0.02711	0.53746	0.02477	0.12910	0.03168	0.09324	0.01006	0.00666	0.00212	0.00451	0.03328	0.00634	0.00872
19	0.00757	0.00549	0.00716	0.00849	0.00899	0.00508	0.00570	0.00870	0.01211	0.01598	0.03657	0.72135	0.09538	0.01923	0.00791	0.00250	0.00358	0.01736	0.00578	0.00508
20	0.02145	0.01331	0.01532	0.01220	0.01640	0.01393	0.00991	0.33725	0.10743	0.22672	0.13675	0.02278	0.02075	0.00851	0.00644	0.00193	0.00557	0.00688	0.00675	0.00974
21	0.78930	0.01229	0.00958	0.00847	0.01237	0.01422	0.00697	0.04967	0.01144	0.02846	0.00896	0.01034	0.00692	0.00586	0.00396	0.00193	0.00491	0.00347	0.00396	0.00692
22	0.08077	0.01345	0.01468	0.01228	0.01622	0.01442	0.01003	0.33893	0.12158	0.04656	0.01960	0.07289	0.01703	0.00938	0.00636	0.00200	0.00581	0.10495	0.00575	0.08733
23	0.01279	0.08592	0.69766	0.01725	0.02618	0.01520	0.02214	0.01965	0.01312	0.01937	0.01100	0.01293	0.00790	0.00588	0.00578	0.00193	0.00903	0.00451	0.00263	0.00912
24	0.12535	0.01292	0.01394	0.01148	0.01534	0.01394	0.00925	0.17418	0.19722	0.04980	0.03525	0.02014	0.06695	0.00800	0.00694	0.00186	0.06917	0.00601	0.00521	0.15706

[dist]
# distance from previous block
# <min> <max>
0	2

[block]
# block no. 10 follows, 36 sequences, length 6
# corresponding to MSA columns:
# 652-657
name=unknown_K
#
# <colnr> <probs for GDERKNQSTAVLIFYWHMCP>
#	G	D	E	R	K	N	Q	S	T	A	V	L	I	F	Y	W	H	M	C	P
0	0.01345	0.01359	0.01827	0.01574	0.01637	0.06095	0.04526	0.01510	0.01043	0.01522	0.01060	0.04919	0.01054	0.01477	0.10076	0.00344	0.57050	0.00614	0.00298	0.00669
1	0.04817	0.01151	0.01279	0.01066	0.01440	0.03243	0.00839	0.11711	0.13300	0.20369	0.04308	0.09484	0.09298	0.02859	0.00687	0.00198	0.00509	0.00776	0.00595	0.12072
2	0.64710	0.01108	0.00938	0.00833	0.01188	0.01242	0.00677	0.01811	0.01216	0.07508	0.12170	0.01644	0.01530	0.00698	0.00455	0.00193	0.00456	0.00478	0.00457	0.00687
3	0.01765	0.01375	0.01639	0.16947	0.02221	0.01484	0.01151	0.38358	0.02183	0.02947	0.07512	0.02017	0.05557	0.00775	0.00618	0.00181	0.00634	0.00623	0.00520	0.11494
4	0.01333	0.01211	0.01943	0.61195	0.11889	0.01448	0.01698	0.08446	0.01428	0.01867	0.01152	0.01632	0.00870	0.00627	0.00622	0.00203	0.00806	0.00555	0.00314	0.00761
5	0.38846	0.01503	0.01365	0.01139	0.01557	0.05267	0.00925	0.27079	0.11724	0.03109	0.01327	0.01371	0.00988	0.00679	0.00513	0.00192	0.00588	0.00471	0.00501	0.00857

[dist]
# distance from previous block
# <min> <max>
4	10

[block]
# block no. 11 follows, 36 sequences, length 82
# corresponding to MSA columns:
# 680-720,723-763
name=unknown_L
#
# <colnr> <probs for GDERKNQSTAVLIFYWHMCP>
#	G	D	E	R	K	N	Q	S	T	A	V	L	I	F	Y	W	H	M	C	P
0	0.05594	0.01563	0.01731	0.01411	0.01735	0.04762	0.01152	0.41158	0.02138	0.04662	0.01453	0.07501	0.01226	0.00918	0.00980	0.00213	0.19761	0.00638	0.00512	0.00890
1	0.05648	0.00904	0.01178	0.01004	0.01329	0.00820	0.00784	0.03631	0.01595	0.43875	0.07757	0.21682	0.02489	0.03386	0.00742	0.00221	0.00473	0.00950	0.00684	0.00847
2	0.01320	0.01095	0.01285	0.00955	0.01475	0.00858	0.00768	0.01663	0.04533	0.03608	0.01322	0.01674	0.01127	0.00555	0.00495	0.00111	0.00471	0.04244	0.00401	0.72041
