[name]
unknown

[dist]
# distance from previous block
# <min> <max>
26	127

[block]
# block no. 0 follows, 47 sequences, length 8
# corresponding to MSA columns:
# 160-167
name=unknown_A
#
# <colnr> <probs for GDERKNQSTAVLIFYWHMCP>
#	G	D	E	R	K	N	Q	S	T	A	V	L	I	F	Y	W	H	M	C	P
0	0.07019	0.04443	0.13011	0.01604	0.17640	0.01184	0.07480	0.05189	0.09229	0.13979	0.01383	0.01478	0.03632	0.00583	0.00577	0.00162	0.05677	0.00483	0.00366	0.04882
1	0.06549	0.12362	0.05191	0.04059	0.02993	0.01267	0.03137	0.15229	0.15328	0.10544	0.01476	0.04621	0.02669	0.00795	0.04380	0.00189	0.02243	0.00506	0.00411	0.06052
2	0.13725	0.01174	0.08267	0.07785	0.01524	0.04704	0.02839	0.07362	0.05409	0.04866	0.01280	0.07553	0.02750	0.00648	0.00519	0.03236	0.00501	0.00485	0.00349	0.25022
3	0.01316	0.04703	0.19579	0.05818	0.32339	0.07431	0.03792	0.01746	0.06221	0.06289	0.03203	0.01347	0.00951	0.00520	0.00505	0.00156	0.00649	0.00455	0.00298	0.02684
4	0.00911	0.00488	0.00746	0.06747	0.00900	0.00506	0.00528	0.00728	0.00706	0.00937	0.00906	0.01568	0.00889	0.01711	0.01920	0.78407	0.00471	0.00453	0.00227	0.00253
5	0.01045	0.00967	0.07474	0.06626	0.05848	0.04024	0.00849	0.01312	0.02973	0.07499	0.29484	0.04230	0.05944	0.05968	0.00828	0.00192	0.09960	0.00702	0.03500	0.00576
6	0.01309	0.01014	0.01157	0.00887	0.01297	0.00918	0.00709	0.12757	0.13117	0.06891	0.01303	0.04301	0.01048	0.00534	0.00447	0.00115	0.00418	0.00433	0.00402	0.50942
7	0.00634	0.00453	0.00604	0.00725	0.00755	0.00423	0.00483	0.00725	0.00997	0.01329	0.02870	0.81358	0.03444	0.01632	0.00665	0.00211	0.00302	0.01480	0.00483	0.00423

[dist]
# distance from previous block
# <min> <max>
0	1

[block]
# block no. 1 follows, 47 sequences, length 25
# corresponding to MSA columns:
# 169-193
name=unknown_B
#
# <colnr> <probs for GDERKNQSTAVLIFYWHMCP>
#	G	D	E	R	K	N	Q	S	T	A	V	L	I	F	Y	W	H	M	C	P
0	0.15771	0.04732	0.01388	0.01273	0.09225	0.34704	0.00904	0.05554	0.01296	0.01687	0.00854	0.01001	0.00701	0.00489	0.00429	0.00129	0.00665	0.00338	0.00296	0.18563
1	0.00662	0.00487	0.00623	0.00691	0.00766	0.00447	0.00487	0.00798	0.01136	0.01514	0.19480	0.50447	0.14624	0.01456	0.00649	0.00197	0.00292	0.04300	0.00503	0.00442
2	0.13523	0.01257	0.01275	0.01028	0.01400	0.04213	0.00832	0.34463	0.17614	0.06337	0.01426	0.01409	0.02553	0.00608	0.00480	0.00152	0.00496	0.00460	0.00467	0.10006
3	0.01202	0.01093	0.03491	0.27809	0.12157	0.01130	0.15623	0.01612	0.07109	0.08214	0.01353	0.03233	0.04068	0.00591	0.00599	0.00169	0.04718	0.00544	0.00319	0.04965
4	0.03953	0.01202	0.02952	0.01071	0.01450	0.01231	0.02443	0.38565	0.09100	0.19833	0.09784	0.01704	0.01460	0.00670	0.00526	0.00159	0.00496	0.00537	0.00535	0.02329
5	0.01095	0.14217	0.67919	0.01398	0.02121	0.01333	0.01774	0.01636	0.01093	0.01588	0.00904	0.01061	0.00661	0.00488	0.00471	0.00157	0.00739	0.00369	0.00220	0.00755
6	0.00640	0.00455	0.00603	0.00719	0.00748	0.00426	0.00476	0.00726	0.00987	0.01316	0.02819	0.78102	0.03380	0.04977	0.00748	0.00224	0.00311	0.01450	0.00476	0.00418
7	0.01618	0.01300	0.01289	0.01063	0.01364	0.09734	0.00843	0.43144	0.08046	0.02473	0.01352	0.01589	0.01080	0.08012	0.08978	0.00255	0.00658	0.00500	0.05972	0.00730
8	0.00634	0.00453	0.00604	0.00725	0.00755	0.00423	0.00483	0.00725	0.00997	0.01329	0.02870	0.81358	0.03444	0.01632	0.00665	0.00211	0.00302	0.01480	0.00483	0.00423
9	0.01207	0.06237	0.01185	0.00808	0.01230	0.00812	0.00654	0.04870	0.01168	0.07712	0.01160	0.07083	0.01009	0.00513	0.00420	0.00100	0.00404	0.00418	0.00352	0.62660
10	0.00659	0.00479	0.00634	0.00736	0.00763	0.00466	0.00494	0.00744	0.00975	0.01306	0.02719	0.73638	0.03253	0.06866	0.00829	0.00231	0.02925	0.01400	0.00464	0.00421
11	0.01295	0.01119	0.01178	0.01060	0.01354	0.01295	0.00824	0.02767	0.77509	0.02178	0.02120	0.01943	0.01590	0.00707	0.00530	0.00177	0.00412	0.00589	0.00530	0.00824
12	0.00713	0.00488	0.00588	0.00628	0.00646	0.00475	0.00384	0.00759	0.00882	0.01183	0.06435	0.30743	0.02609	0.49052	0.01839	0.00383	0.00419	0.01021	0.00389	0.00363
13	0.01038	0.00879	0.01034	0.00762	0.01184	0.00669	0.00603	0.01263	0.01098	0.01701	0.05429	0.05326	0.01144	0.00488	0.00413	0.00089	0.00373	0.00404	0.00333	0.75771
14	0.01295	0.01119	0.01178	0.01060	0.01354	0.01295	0.00824	0.02767	0.77509	0.02178	0.02120	0.01943	0.01590	0.00707	0.00530	0.00177	0.00412	0.00589	0.00530	0.00824
15	0.85377	0.01007	0.00765	0.00685	0.01007	0.01168	0.00564	0.01531	0.00886	0.02336	0.00725	0.00846	0.00564	0.00483	0.00322	0.00161	0.00403	0.00282	0.00322	0.00564
16	0.01229	0.01405	0.03073	0.02195	0.02722	0.01317	0.76558	0.01668	0.01229	0.01668	0.01054	0.01405	0.00790	0.00439	0.00615	0.00176	0.00878	0.00615	0.00263	0.00702
17	0.01340	0.01141	0.01203	0.01069	0.01371	0.01316	0.00835	0.07623	0.72580	0.02251	0.02062	0.01897	0.01543	0.00701	0.00529	0.00175	0.00423	0.00581	0.00529	0.00828
18	0.00757	0.00505	0.00568	0.00568	0.00568	0.00505	0.00316	0.00757	0.00757	0.01010	0.01641	0.03408	0.01893	0.81698	0.02651	0.00505	0.00505	0.00757	0.00316	0.00316
19	0.00934	0.00849	0.01375	0.62935	0.02989	0.01031	0.01248	0.01281	0.04147	0.01365	0.01323	0.15735	0.01223	0.00727	0.00547	0.00180	0.00612	0.00650	0.00289	0.00561
20	0.00905	0.00452	0.00678	0.00678	0.00678	0.00452	0.00452	0.00678	0.00678	0.00905	0.00905	0.01583	0.00905	0.01809	0.02035	0.84848	0.00452	0.00452	0.00226	0.00226
21	0.01162	0.01108	0.01885	0.35232	0.47404	0.01204	0.01535	0.01487	0.01126	0.01548	0.00957	0.01330	0.00771	0.00487	0.00518	0.00162	0.00650	0.00464	0.00247	0.00723
22	0.01263	0.01344	0.02277	0.28164	0.06923	0.08860	0.35879	0.05870	0.01258	0.01611	0.00994	0.01339	0.00754	0.00488	0.00559	0.00169	0.00791	0.00521	0.00268	0.00669
23	0.01295	0.01119	0.01178	0.01060	0.01354	0.01295	0.00824	0.02767	0.77509	0.02178	0.02120	0.01943	0.01590	0.00707	0.00530	0.00177	0.00412	0.00589	0.00530	0.00824
24	0.47044	0.03215	0.01089	0.00865	0.01223	0.02897	0.00714	0.17751	0.03402	0.15709	0.01106	0.01124	0.00790	0.00548	0.00408	0.00159	0.00462	0.00373	0.00422	0.00699

[dist]
# distance from previous block
# <min> <max>
0	2

[block]
# block no. 2 follows, 47 sequences, length 9
# corresponding to MSA columns:
# 196-204
name=unknown_C
#
# <colnr> <probs for GDERKNQSTAVLIFYWHMCP>
#	G	D	E	R	K	N	Q	S	T	A	V	L	I	F	Y	W	H	M	C	P
0	0.01320	0.00975	0.01127	0.00858	0.01248	0.03350	0.00687	0.06326	0.01251	0.13229	0.05865	0.03904	0.01185	0.00549	0.00499	0.00113	0.03974	0.00434	0.00389	0.52716
1	0.07180	0.04108	0.00878	0.00786	0.00940	0.00796	0.00589	0.08395	0.07451	0.01683	0.05751	0.33681	0.15407	0.05508	0.00743	0.00204	0.03923	0.00998	0.00451	0.00528
2	0.01131	0.01282	0.05980	0.14287	0.02603	0.01188	0.52527	0.01536	0.01190	0.01631	0.04267	0.04189	0.01049	0.00527	0.00586	0.00173	0.00772	0.00617	0.03805	0.00659
3	0.00750	0.00535	0.00722	0.00722	0.00775	0.00588	0.00508	0.00856	0.00803	0.01124	0.01500	0.02628	0.01555	0.37176	0.46710	0.00695	0.01014	0.00643	0.00295	0.00401
4	0.01402	0.01172	0.01238	0.01081	0.01395	0.01345	0.00850	0.14276	0.65827	0.02350	0.01984	0.01835	0.01480	0.00694	0.00529	0.00173	0.00437	0.00570	0.00529	0.00834
5	0.79799	0.00999	0.00795	0.00701	0.01029	0.01141	0.00578	0.01598	0.00927	0.07473	0.00814	0.00908	0.00613	0.00494	0.00336	0.00161	0.00406	0.00298	0.00344	0.00586
6	0.01278	0.00780	0.00958	0.00822	0.01066	0.00762	0.00644	0.07160	0.12942	0.19188	0.39194	0.04863	0.03113	0.00874	0.00567	0.00162	0.00346	0.00751	0.00566	0.03966
7	0.00689	0.00516	0.00639	0.00639	0.00756	0.00466	0.00468	0.00877	0.01313	0.01780	0.46363	0.19510	0.21601	0.01236	0.00625	0.00176	0.00261	0.01085	0.00535	0.00466
8	0.70237	0.04007	0.00990	0.00937	0.07304	0.06249	0.00687	0.01573	0.00954	0.02177	0.00751	0.00887	0.00596	0.00484	0.00348	0.00157	0.00460	0.00300	0.00310	0.00591

[dist]
# distance from previous block
# <min> <max>
0	1

[block]
# block no. 3 follows, 47 sequences, length 9
# corresponding to MSA columns:
# 206-214
name=unknown_D
#
# <colnr> <probs for GDERKNQSTAVLIFYWHMCP>
#	G	D	E	R	K	N	Q	S	T	A	V	L	I	F	Y	W	H	M	C	P
0	0.01482	0.01096	0.01233	0.00923	0.01345	0.01029	0.00750	0.29451	0.01614	0.06783	0.01157	0.01234	0.00877	0.00503	0.00443	0.00114	0.00450	0.00391	0.05317	0.43809
1	0.01084	0.01058	0.01490	0.01293	0.01306	0.01464	0.01071	0.01208	0.00803	0.01247	0.00783	0.01266	0.00770	0.01328	0.12558	0.00313	0.69697	0.00470	0.00235	0.00555
2	0.00634	0.00453	0.00604	0.00725	0.00755	0.00423	0.00483	0.00725	0.00997	0.01329	0.02870	0.81358	0.03444	0.01632	0.00665	0.00211	0.00302	0.01480	0.00483	0.00423
3	0.00683	0.00516	0.00624	0.00625	0.00743	0.00464	0.00454	0.00857	0.01274	0.01705	0.39745	0.17837	0.26760	0.04494	0.00706	0.00190	0.00272	0.01077	0.00520	0.00457
4	0.01925	0.01431	0.01532	0.01187	0.01594	0.01589	0.00977	0.70799	0.08452	0.03194	0.01320	0.01306	0.00942	0.00632	0.00522	0.00158	0.00560	0.00478	0.00522	0.00881
5	0.00634	0.00453	0.00604	0.00725	0.00755	0.00423	0.00483	0.00725	0.00997	0.01329	0.02870	0.81358	0.03444	0.01632	0.00665	0.00211	0.00302	0.01480	0.00483	0.00423
6	0.01278	0.01201	0.01869	0.23302	0.43343	0.03774	0.03734	0.09342	0.01290	0.01744	0.01125	0.01420	0.03218	0.00524	0.00522	0.00160	0.00641	0.00485	0.00286	0.00743
7	0.01176	0.01248	0.02203	0.01708	0.01924	0.01481	0.32154	0.01424	0.00975	0.01424	0.00836	0.01248	0.00727	0.00717	0.01259	0.00206	0.47901	0.00521	0.00242	0.00624
8	0.00801	0.00569	0.00765	0.07520	0.01058	0.00582	0.00607	0.00970	0.03301	0.05080	0.02635	0.56863	0.07183	0.01366	0.00671	0.00199	0.03851	0.01210	0.04288	0.00480

[dist]
# distance from previous block
# <min> <max>
1	7

[block]
# block no. 4 follows, 47 sequences, length 10
# corresponding to MSA columns:
# 222-231
name=unknown_E
#
# <colnr> <probs for GDERKNQSTAVLIFYWHMCP>
#	G	D	E	R	K	N	Q	S	T	A	V	L	I	F	Y	W	H	M	C	P
0	0.57630	0.14314	0.05721	0.00886	0.01267	0.01331	0.06112	0.01600	0.03952	0.02063	0.00815	0.00941	0.00643	0.00483	0.00363	0.00155	0.00483	0.00323	0.00304	0.00613
1	0.05453	0.48642	0.04835	0.11876	0.01677	0.03740	0.00988	0.03509	0.06012	0.05517	0.00933	0.01062	0.00764	0.00505	0.00430	0.00136	0.02613	0.00351	0.00279	0.00677
2	0.00748	0.00565	0.00696	0.00673	0.00806	0.00534	0.00501	0.01048	0.06791	0.01915	0.54160	0.12382	0.14946	0.01137	0.00614	0.00172	0.00266	0.00998	0.00548	0.00500
3	0.11743	0.01049	0.04401	0.00949	0.01280	0.01022	0.00799	0.21604	0.01539	0.27308	0.03855	0.07230	0.01318	0.00886	0.05017	0.00201	0.02633	0.00553	0.05873	0.00740
4	0.00818	0.00551	0.00754	0.00743	0.00819	0.00603	0.00539	0.00948	0.00846	0.04211	0.01509	0.02466	0.01491	0.28452	0.49312	0.00680	0.01035	0.00618	0.03170	0.00435
5	0.00909	0.00655	0.00835	0.09406	0.01119	0.00731	0.00636	0.03818	0.04016	0.01531	0.01806	0.21336	0.01836	0.14429	0.03947	0.00255	0.07884	0.02357	0.22007	0.00487
6	0.00705	0.00513	0.00641	0.00681	0.00736	0.00503	0.00465	0.00810	0.01034	0.01402	0.14266	0.39713	0.10890	0.18054	0.01099	0.00259	0.03709	0.01136	0.02962	0.00421
7	0.01139	0.01139	0.01595	0.01367	0.01367	0.01595	0.01139	0.01253	0.00798	0.01253	0.00684	0.01139	0.00684	0.00911	0.01709	0.00228	0.80745	0.00456	0.00228	0.00570
8	0.05022	0.01253	0.01251	0.07978	0.03757	0.16495	0.02254	0.07774	0.13805	0.06567	0.01323	0.01562	0.01060	0.05465	0.02506	0.00196	0.08754	0.00480	0.11852	0.00645
9	0.03895	0.09378	0.08680	0.01174	0.01577	0.03383	0.05141	0.24337	0.25296	0.02261	0.01366	0.01387	0.01030	0.00598	0.00529	0.00157	0.02986	0.00469	0.00419	0.05938

[dist]
# distance from previous block
# <min> <max>
2	12

[block]
# block no. 5 follows, 47 sequences, length 38
# corresponding to MSA columns:
# 244-281
name=unknown_F
#
# <colnr> <probs for GDERKNQSTAVLIFYWHMCP>
#	G	D	E	R	K	N	Q	S	T	A	V	L	I	F	Y	W	H	M	C	P
0	0.07924	0.14617	0.01508	0.01107	0.06285	0.09288	0.00850	0.11385	0.05026	0.27812	0.02984	0.02776	0.01139	0.04358	0.00574	0.00167	0.00533	0.00473	0.00447	0.00748
1	0.02093	0.00865	0.01169	0.04520	0.01380	0.00774	0.00769	0.02341	0.03985	0.65976	0.04354	0.02012	0.05926	0.00693	0.00532	0.00163	0.00437	0.00569	0.00610	0.00833
2	0.01068	0.01445	0.21720	0.33860	0.23334	0.01153	0.01563	0.01463	0.01106	0.01526	0.01111	0.01564	0.02318	0.00556	0.00524	0.00169	0.00675	0.03907	0.00252	0.00687
3	0.01488	0.07225	0.11426	0.01172	0.07496	0.01053	0.00962	0.14909	0.04965	0.20728	0.04136	0.14867	0.04469	0.00794	0.00533	0.00165	0.00492	0.00666	0.00460	0.01995
4	0.02140	0.05821	0.04968	0.00964	0.01375	0.02729	0.00834	0.05812	0.01490	0.62695	0.04423	0.01713	0.01312	0.00636	0.00513	0.00158	0.00476	0.00510	0.00583	0.00848
5	0.00635	0.00461	0.00600	0.00707	0.00752	0.00426	0.00476	0.00733	0.01025	0.01355	0.04934	0.73093	0.09699	0.01591	0.00659	0.00207	0.00298	0.01435	0.00486	0.00426
6	0.01022	0.00730	0.00948	0.13393	0.04907	0.03349	0.00740	0.05199	0.01168	0.08241	0.04416	0.39220	0.02276	0.02973	0.00624	0.00190	0.00424	0.00967	0.08669	0.00543
7	0.03293	0.71422	0.11068	0.00952	0.01430	0.01946	0.00997	0.01569	0.01059	0.01297	0.00747	0.00865	0.00665	0.00452	0.00352	0.00118	0.00577	0.00290	0.00225	0.00677
8	0.00752	0.00524	0.00667	0.00667	0.00702	0.00559	0.00440	0.00821	0.00787	0.01083	0.01550	0.02904	0.01675	0.52944	0.31106	0.00628	0.00834	0.00684	0.00302	0.00371
9	0.00650	0.00463	0.00613	0.00728	0.00761	0.00435	0.00491	0.00743	0.00994	0.01324	0.02803	0.73902	0.03345	0.05689	0.00768	0.00228	0.00321	0.04848	0.00475	0.00420
10	0.01912	0.02413	0.01461	0.01327	0.01597	0.75630	0.00997	0.02114	0.05337	0.01320	0.00872	0.00990	0.00717	0.00545	0.00473	0.00136	0.00912	0.00348	0.00282	0.00615
11	0.01212	0.00643	0.00855	0.00801	0.00993	0.00590	0.00629	0.01433	0.02854	0.24466	0.24663	0.19327	0.05509	0.01116	0.00613	0.00185	0.00356	0.12600	0.00558	0.00597
12	0.31722	0.20952	0.10084	0.02219	0.01433	0.02782	0.04388	0.04642	0.02967	0.12978	0.01013	0.01083	0.00756	0.00509	0.00405	0.00150	0.00530	0.00361	0.00341	0.00684
13	0.00761	0.00622	0.00683	0.00651	0.00829	0.00590	0.00493	0.01139	0.13263	0.01743	0.27771	0.04176	0.43076	0.01143	0.00602	0.00172	0.00281	0.00969	0.00519	0.00516
14	0.01803	0.01332	0.01447	0.02887	0.01558	0.01441	0.00923	0.62693	0.02194	0.02995	0.01238	0.01280	0.00898	0.00598	0.00497	0.00147	0.00536	0.00454	0.05766	0.09314
15	0.00634	0.00453	0.00604	0.00725	0.00755	0.00423	0.00483	0.00725	0.00997	0.01329	0.02870	0.81358	0.03444	0.01632	0.00665	0.00211	0.00302	0.01480	0.00483	0.00423
16	0.12325	0.01139	0.04833	0.00977	0.01348	0.04543	0.00824	0.10478	0.14172	0.36498	0.06204	0.01684	0.01361	0.00646	0.00501	0.00162	0.00473	0.00508	0.00530	0.00794
17	0.04932	0.26584	0.30184	0.01313	0.08446	0.04154	0.01289	0.02930	0.01176	0.08083	0.05528	0.01243	0.00982	0.00526	0.00449	0.00146	0.00619	0.00399	0.00292	0.00724
18	0.00677	0.00502	0.00637	0.00716	0.00791	0.00471	0.00507	0.00843	0.03401	0.01468	0.11809	0.54476	0.13796	0.01483	0.00652	0.00202	0.00306	0.06317	0.00495	0.00449
19	0.00888	0.00464	0.00695	0.00695	0.00705	0.00473	0.00473	0.00705	0.00695	0.00937	0.00957	0.01632	0.00947	0.02032	0.10280	0.75922	0.00552	0.00464	0.00232	0.00252
20	0.01482	0.01614	0.24855	0.13860	0.06738	0.02885	0.02980	0.15261	0.05944	0.15799	0.02700	0.01410	0.00966	0.00570	0.00516	0.00164	0.00630	0.00468	0.00381	0.00778
21	0.08976	0.14420	0.14164	0.04987	0.01644	0.01266	0.08392	0.14116	0.03975	0.06100	0.15307	0.01682	0.01555	0.00624	0.00495	0.00156	0.00550	0.00516	0.00383	0.00695
22	0.00757	0.00505	0.00568	0.00568	0.00568	0.00505	0.00316	0.00757	0.00757	0.01010	0.01641	0.03408	0.01893	0.81698	0.02651	0.00505	0.00505	0.00757	0.00316	0.00316
23	0.01888	0.01409	0.03154	0.01431	0.11720	0.05099	0.01052	0.48274	0.05272	0.13406	0.01336	0.01340	0.00949	0.00603	0.00518	0.00157	0.00575	0.00473	0.00486	0.00859
24	0.05926	0.01020	0.08755	0.01050	0.04701	0.00803	0.02276	0.02023	0.01364	0.47544	0.10228	0.07228	0.01738	0.00738	0.00536	0.00167	0.00459	0.02133	0.00541	0.00770
25	0.02084	0.01228	0.01445	0.01236	0.07377	0.04246	0.00938	0.35145	0.01889	0.36587	0.01569	0.01473	0.01052	0.00618	0.00520	0.00157	0.00533	0.00488	0.00546	0.00870
26	0.01392	0.82012	0.02729	0.00891	0.01337	0.02061	0.00891	0.01559	0.01058	0.01225	0.00724	0.00835	0.00668	0.00446	0.00334	0.00111	0.00557	0.00278	0.00223	0.00668
27	0.01486	0.01299	0.12479	0.01112	0.03772	0.01050	0.02590	0.21187	0.04545	0.13912	0.04951	0.04131	0.01192	0.00596	0.00492	0.00141	0.00506	0.00488	0.01633	0.22438
28	0.00983	0.00926	0.01562	0.80447	0.03587	0.01157	0.01446	0.01331	0.01041	0.01331	0.00926	0.01388	0.00694	0.00521	0.00521	0.00174	0.00694	0.00463	0.00231	0.00579
29	0.00757	0.00505	0.00568	0.00568	0.00568	0.00505	0.00316	0.00757	0.00757	0.01010	0.01641	0.03408	0.01893	0.81698	0.02651	0.00505	0.00505	0.00757	0.00316	0.00316
30	0.07558	0.04985	0.01257	0.00916	0.01308	0.00891	0.00762	0.04898	0.03130	0.64209	0.03426	0.01695	0.01278	0.00633	0.00503	0.00159	0.00446	0.00504	0.00595	0.00845
31	0.01320	0.03948	0.59896	0.01373	0.02055	0.01139	0.03235	0.01830	0.01181	0.17430	0.01162	0.01238	0.00791	0.00523	0.00500	0.00163	0.00701	0.00416	0.00308	0.00790
32	0.00668	0.00482	0.00632	0.00695	0.00761	0.00446	0.00483	0.00811	0.01161	0.01582	0.27759	0.53292	0.06421	0.01434	0.00646	0.00195	0.00282	0.01290	0.00513	0.00446
33	0.02306	0.00935	0.01239	0.00950	0.01354	0.00838	0.00784	0.08838	0.01572	0.72396	0.01986	0.01728	0.01255	0.00643	0.00523	0.00161	0.00454	0.00519	0.00634	0.00886
34	0.03662	0.01080	0.04944	0.15032	0.09120	0.02570	0.03096	0.05050	0.05828	0.10833	0.02476	0.04057	0.02259	0.00604	0.00514	0.00147	0.01766	0.03563	0.00365	0.23032
35	0.00990	0.00904	0.01334	0.16223	0.01646	0.01162	0.03132	0.01204	0.02776	0.01303	0.01071	0.03372	0.01001	0.06256	0.18418	0.00360	0.34677	0.00529	0.03103	0.00537
36	0.00654	0.00473	0.00603	0.00698	0.00746	0.00441	0.00473	0.00747	0.01003	0.01316	0.03006	0.61638	0.11490	0.09631	0.00861	0.00238	0.00327	0.04770	0.00466	0.00417
37	0.26130	0.06303	0.11968	0.10598	0.07188	0.01253	0.04888	0.10224	0.04835	0.10369	0.01081	0.01202	0.00792	0.00527	0.00453	0.00161	0.00560	0.00409	0.00351	0.00709

[dist]
# distance from previous block
# <min> <max>
0	2

[block]
# block no. 6 follows, 47 sequences, length 73
# corresponding to MSA columns:
# 284-356
name=unknown_G
#
# <colnr> <probs for GDERKNQSTAVLIFYWHMCP>
#	G	D	E	R	K	N	Q	S	T	A	V	L	I	F	Y	W	H	M	C	P
0	0.85377	0.01007	0.00765	0.00685	0.01007	0.01168	0.00564	0.01531	0.00886	0.02336	0.00725	0.00846	0.00564	0.00483	0.00322	0.00161	0.00403	0.00282	0.00322	0.00564
1	0.02285	0.00875	0.01192	0.00918	0.01312	0.00757	0.00757	0.02488	0.01490	0.76333	0.04512	0.01841	0.01406	0.00658	0.00527	0.00161	0.00437	0.00537	0.00642	0.00874
2	0.00983	0.00926	0.01562	0.80447	0.03587	0.01157	0.01446	0.01331	0.01041	0.01331	0.00926	0.01388	0.00694	0.00521	0.00521	0.00174	0.00694	0.00463	0.00231	0.00579
3	0.00729	0.00526	0.00689	0.00661	0.00776	0.00486	0.00491	0.00962	0.01435	0.02026	0.71991	0.10252	0.04793	0.01111	0.00618	0.00168	0.00250	0.00986	0.00566	0.00486
4	0.00634	0.00453	0.00604	0.00725	0.00755	0.00423	0.00483	0.00725	0.00997	0.01329	0.02870	0.81358	0.03444	0.01632	0.00665	0.00211	0.00302	0.01480	0.00483	0.00423
5	0.00983	0.00926	0.01562	0.80447	0.03587	0.01157	0.01446	0.01331	0.01041	0.01331	0.00926	0.01388	0.00694	0.00521	0.00521	0.00174	0.00694	0.00463	0.00231	0.00579
6	0.01229	0.01405	0.03073	0.02195	0.02722	0.01317	0.76558	0.01668	0.01229	0.01668	0.01054	0.01405	0.00790	0.00439	0.00615	0.00176	0.00878	0.00615	0.00263	0.00702
7	0.01441	0.70480	0.05364	0.00955	0.01400	0.06872	0.00940	0.05017	0.01149	0.01337	0.00761	0.00870	0.00678	0.00461	0.00357	0.00117	0.00589	0.00295	0.00239	0.00678
8	0.01080	0.00926	0.01080	0.00771	0.01234	0.00694	0.00617	0.01311	0.01080	0.01697	0.00926	0.01080	0.00771	0.00386	0.00386	0.00077	0.00386	0.00309	0.00309	0.84882
9	0.00688	0.00493	0.00636	0.00674	0.00744	0.00460	0.00467	0.00835	0.01176	0.01613	0.33831	0.39170	0.06478	0.09259	0.00837	0.00219	0.00298	0.01174	0.00504	0.00441
10	0.01045	0.02694	0.79000	0.01484	0.02254	0.01209	0.01924	0.01649	0.01099	0.01649	0.00935	0.01099	0.00660	0.00495	0.00495	0.00165	0.00770	0.00385	0.00220	0.00770
11	0.00971	0.00485	0.00485	0.00485	0.00607	0.00485	0.00364	0.01213	0.01092	0.01942	0.01699	0.01942	0.01335	0.00607	0.00364	0.00121	0.00243	0.00485	0.84589	0.00485
12	0.00658	0.00471	0.00625	0.00709	0.00760	0.00438	0.00485	0.00783	0.01105	0.01501	0.19851	0.63890	0.03776	0.01504	0.00653	0.00201	0.00289	0.01359	0.00504	0.00438
13	0.00685	0.00520	0.00568	0.00568	0.00670	0.00472	0.00387	0.00782	0.01056	0.01335	0.11625	0.05809	0.39409	0.30870	0.01367	0.00298	0.00355	0.02393	0.00431	0.00400
14	0.01229	0.01405	0.03073	0.02195	0.02722	0.01317	0.76558	0.01668	0.01229	0.01668	0.01054	0.01405	0.00790	0.00439	0.00615	0.00176	0.00878	0.00615	0.00263	0.00702
15	0.00757	0.00505	0.00568	0.00568	0.00568	0.00505	0.00316	0.00757	0.00757	0.01010	0.01641	0.03408	0.01893	0.81698	0.02651	0.00505	0.00505	0.00757	0.00316	0.00316
16	0.00640	0.00481	0.00595	0.00682	0.00758	0.00437	0.00478	0.00750	0.01060	0.01363	0.03533	0.56223	0.24203	0.01535	0.00654	0.00203	0.00301	0.05191	0.00483	0.00431
17	0.00971	0.00485	0.00485	0.00485	0.00607	0.00485	0.00364	0.01213	0.01092	0.01942	0.01699	0.01942	0.01335	0.00607	0.00364	0.00121	0.00243	0.00485	0.84589	0.00485
18	0.01980	0.01459	0.01563	0.01198	0.01615	0.01615	0.00990	0.76713	0.02448	0.03282	0.01250	0.01250	0.00886	0.00625	0.00521	0.00156	0.00573	0.00469	0.00521	0.00886
19	0.01980	0.01459	0.01563	0.01198	0.01615	0.01615	0.00990	0.76713	0.02448	0.03282	0.01250	0.01250	0.00886	0.00625	0.00521	0.00156	0.00573	0.00469	0.00521	0.00886
20	0.01945	0.02482	0.01476	0.01342	0.01610	0.79608	0.01006	0.02079	0.01476	0.01275	0.00805	0.00939	0.00671	0.00537	0.00470	0.00134	0.00939	0.00335	0.00268	0.00604
21	0.01945	0.02482	0.01476	0.01342	0.01610	0.79608	0.01006	0.02079	0.01476	0.01275	0.00805	0.00939	0.00671	0.00537	0.00470	0.00134	0.00939	0.00335	0.00268	0.00604
22	0.01807	0.02252	0.01496	0.01346	0.01568	0.66243	0.01029	0.01938	0.01360	0.01271	0.00784	0.00973	0.00673	0.00601	0.00682	0.00150	0.14611	0.00356	0.00261	0.00598
23	0.00615	0.00528	0.00528	0.00528	0.00703	0.00440	0.00396	0.00747	0.01187	0.01407	0.05276	0.05012	0.78238	0.01319	0.00615	0.00176	0.00264	0.01099	0.00484	0.00440
24	0.18566	0.01123	0.01603	0.01511	0.15432	0.01120	0.12497	0.10131	0.03208	0.25422	0.01322	0.01370	0.00932	0.00540	0.00492	0.00160	0.00545	0.00468	0.00426	0.03135
25	0.00983	0.00926	0.01562	0.80447	0.03587	0.01157	0.01446	0.01331	0.01041	0.01331	0.00926	0.01388	0.00694	0.00521	0.00521	0.00174	0.00694	0.00463	0.00231	0.00579
26	0.00615	0.00528	0.00528	0.00528	0.00703	0.00440	0.00396	0.00747	0.01187	0.01407	0.05276	0.05012	0.78238	0.01319	0.00615	0.00176	0.00264	0.01099	0.00484	0.00440
27	0.01269	0.01455	0.17171	0.01152	0.01548	0.01289	0.01056	0.05244	0.59073	0.02110	0.01844	0.01744	0.01373	0.00660	0.00522	0.00173	0.00491	0.00543	0.00466	0.00815
28	0.04299	0.01153	0.01927	0.07723	0.54682	0.01176	0.06489	0.01586	0.04644	0.01706	0.01196	0.01760	0.01049	0.00572	0.00536	0.00167	0.00610	0.07674	0.00293	0.00758
29	0.00839	0.00599	0.00839	0.00959	0.01079	0.00599	0.00839	0.01079	0.01199	0.01558	0.02757	0.05874	0.02997	0.01439	0.00719	0.00240	0.00480	0.74945	0.00480	0.00480
30	0.00778	0.00541	0.00709	0.00662	0.00792	0.00498	0.00498	0.01023	0.01475	0.04055	0.76223	0.03836	0.04821	0.01054	0.00612	0.00164	0.00251	0.00931	0.00575	0.00501
31	0.07891	0.56174	0.07013	0.00904	0.01299	0.03598	0.00880	0.03570	0.01048	0.01356	0.00777	0.00962	0.00696	0.00632	0.00568	0.10908	0.00555	0.00314	0.00240	0.00615
32	0.00864	0.00620	0.00757	0.00724	0.00792	0.00671	0.00497	0.01082	0.08832	0.03078	0.07579	0.02883	0.01911	0.46086	0.17282	0.00488	0.04369	0.00696	0.00354	0.00437
33	0.00667	0.00503	0.00618	0.00652	0.00755	0.00454	0.00469	0.00823	0.01211	0.01604	0.28212	0.33082	0.24791	0.01354	0.00636	0.00187	0.00277	0.02742	0.00513	0.00451
34	0.02058	0.01332	0.01485	0.01138	0.01552	0.01427	0.00940	0.60345	0.02237	0.19949	0.01428	0.01366	0.00975	0.00629	0.00522	0.00157	0.00544	0.00481	0.00548	0.00886
35	0.14258	0.01361	0.01411	0.01104	0.01497	0.01516	0.00909	0.61462	0.04988	0.03077	0.01213	0.01229	0.00873	0.00607	0.00489	0.00157	0.00536	0.00446	0.02038	0.00828
36	0.00769	0.00604	0.00877	0.00967	0.05474	0.00617	0.03431	0.02399	0.00998	0.01360	0.02275	0.52199	0.02620	0.08001	0.10907	0.00309	0.04165	0.01147	0.00412	0.00470
37	0.85377	0.01007	0.00765	0.00685	0.01007	0.01168	0.00564	0.01531	0.00886	0.02336	0.00725	0.00846	0.00564	0.00483	0.00322	0.00161	0.00403	0.00282	0.00322	0.00564
38	0.01361	0.01725	0.18654	0.04763	0.03407	0.19529	0.02918	0.11876	0.07836	0.01806	0.04652	0.06852	0.03000	0.00675	0.00551	0.00159	0.03234	0.00531	0.03430	0.03040
39	0.00914	0.00788	0.01131	0.11093	0.01365	0.00984	0.00855	0.01081	0.00857	0.01252	0.01136	0.01799	0.01083	0.10976	0.32445	0.00485	0.25288	0.00526	0.02304	0.03639
40	0.00677	0.00465	0.00621	0.00728	0.00769	0.00433	0.00490	0.00774	0.01020	0.03163	0.04577	0.77717	0.03427	0.01595	0.00660	0.00209	0.00304	0.01446	0.00489	0.00435
41	0.83049	0.01004	0.00778	0.00692	0.01016	0.01157	0.00570	0.01559	0.00903	0.04480	0.00762	0.00872	0.00584	0.00488	0.00328	0.00161	0.00404	0.00289	0.00331	0.00573
42	0.01489	0.14655	0.12592	0.01129	0.01520	0.07731	0.01035	0.19002	0.20122	0.04712	0.02763	0.01393	0.01069	0.00613	0.00543	0.00156	0.04730	0.00455	0.03533	0.00757
43	0.00727	0.00530	0.00684	0.00651	0.00773	0.00486	0.00486	0.00962	0.01444	0.02028	0.71893	0.06450	0.08739	0.01096	0.00616	0.00166	0.00248	0.00967	0.00566	0.00486
44	0.41858	0.08928	0.27550	0.01004	0.01483	0.04810	0.01074	0.01607	0.01016	0.03206	0.00846	0.00978	0.00642	0.00492	0.00393	0.00156	0.00562	0.00328	0.02418	0.00648
45	0.85377	0.01007	0.00765	0.00685	0.01007	0.01168	0.00564	0.01531	0.00886	0.02336	0.00725	0.00846	0.00564	0.00483	0.00322	0.00161	0.00403	0.00282	0.00322	0.00564
46	0.00758	0.00538	0.00667	0.00642	0.00677	0.00529	0.03178	0.00793	0.00819	0.01084	0.01921	0.08076	0.06847	0.66887	0.04117	0.00462	0.00512	0.00813	0.00334	0.00348
47	0.01171	0.20463	0.27551	0.06713	0.10190	0.01366	0.09026	0.04322	0.01192	0.01636	0.08944	0.01405	0.01146	0.00548	0.00511	0.00154	0.02221	0.00460	0.00278	0.00704
48	0.00754	0.00504	0.00569	0.00572	0.00573	0.00503	0.00320	0.00756	0.00763	0.01018	0.01672	0.05385	0.01933	0.79668	0.02600	0.00497	0.00500	0.00776	0.00320	0.00318
49	0.01015	0.00951	0.01330	0.01175	0.01196	0.01283	0.00954	0.01135	0.00803	0.01221	0.00931	0.01551	0.00934	0.09019	0.19274	0.00390	0.55562	0.00506	0.00247	0.00523
50	0.01217	0.01835	0.37833	0.12331	0.03835	0.01141	0.17796	0.01682	0.01184	0.10626	0.04672	0.01416	0.00966	0.00530	0.00534	0.00168	0.00718	0.00489	0.00297	0.00731
51	0.00757	0.00505	0.00568	0.00568	0.00568	0.00505	0.00316	0.00757	0.00757	0.01010	0.01641	0.03408	0.01893	0.81698	0.02651	0.00505	0.00505	0.00757	0.00316	0.00316
52	0.01080	0.00926	0.01080	0.00771	0.01234	0.00694	0.00617	0.01311	0.01080	0.01697	0.00926	0.01080	0.00771	0.00386	0.00386	0.00077	0.00386	0.00309	0.00309	0.84882
53	0.03819	0.03278	0.01478	0.01145	0.01531	0.01537	0.00937	0.55223	0.20533	0.02943	0.01435	0.01398	0.01043	0.00637	0.00514	0.00160	0.00530	0.00489	0.00511	0.00858
54	0.00634	0.00464	0.00597	0.00698	0.00749	0.00427	0.00472	0.00734	0.01032	0.01356	0.04822	0.69950	0.12994	0.01579	0.00657	0.00206	0.00296	0.01420	0.00485	0.00427
55	0.01143	0.23340	0.55092	0.01345	0.02003	0.01445	0.03562	0.01616	0.01084	0.01529	0.00876	0.01039	0.00666	0.00491	0.00488	0.00153	0.02806	0.00365	0.00222	0.00736
56	0.01056	0.01135	0.05484	0.55193	0.04991	0.01202	0.20592	0.01437	0.01095	0.01439	0.00960	0.01377	0.00720	0.00497	0.00543	0.00173	0.00743	0.00498	0.00240	0.00624
57	0.00634	0.00453	0.00604	0.00725	0.00755	0.00423	0.00483	0.00725	0.00997	0.01329	0.02870	0.81358	0.03444	0.01632	0.00665	0.00211	0.00302	0.01480	0.00483	0.00423
58	0.04086	0.01171	0.01365	0.01055	0.01454	0.01200	0.00869	0.40309	0.01953	0.36659	0.01632	0.03341	0.01116	0.00654	0.00521	0.00160	0.00505	0.00512	0.00570	0.00867
59	0.01137	0.00859	0.01196	0.13723	0.05762	0.02500	0.04437	0.09217	0.01274	0.08210	0.01979	0.18738	0.03479	0.03999	0.00673	0.00199	0.00513	0.17258	0.00419	0.04429
60	0.00756	0.00533	0.00692	0.00660	0.00784	0.00489	0.00492	0.00984	0.01426	0.03550	0.67759	0.09619	0.08070	0.01110	0.00616	0.00168	0.00255	0.00980	0.00564	0.00492
61	0.01872	0.01405	0.01502	0.01177	0.01574	0.01565	0.00964	0.65124	0.14212	0.03109	0.01387	0.01359	0.00996	0.00638	0.00522	0.00159	0.00548	0.00488	0.00522	0.00876
62	0.01045	0.02694	0.79000	0.01484	0.02254	0.01209	0.01924	0.01649	0.01099	0.01649	0.00935	0.01099	0.00660	0.00495	0.00495	0.00165	0.00770	0.00385	0.00220	0.00770
63	0.04095	0.07604	0.16400	0.01687	0.06734	0.01260	0.32503	0.06776	0.01297	0.11429	0.02724	0.01441	0.02529	0.00522	0.00538	0.00164	0.00703	0.00523	0.00330	0.00741
64	0.01122	0.08095	0.52171	0.01640	0.02318	0.01301	0.22775	0.01648	0.01133	0.01624	0.00953	0.01166	0.00697	0.00476	0.00517	0.00164	0.00785	0.00442	0.00232	0.00743
65	0.00646	0.00458	0.00601	0.00711	0.00738	0.00430	0.00468	0.00728	0.00975	0.01300	0.02758	0.74220	0.03302	0.08964	0.00847	0.00238	0.00321	0.01414	0.00468	0.00413
66	0.00983	0.00926	0.01562	0.80447	0.03587	0.01157	0.01446	0.01331	0.01041	0.01331	0.00926	0.01388	0.00694	0.00521	0.00521	0.00174	0.00694	0.00463	0.00231	0.00579
67	0.01374	0.15008	0.35150	0.03525	0.12070	0.06878	0.02683	0.01761	0.01194	0.12347	0.02634	0.01234	0.00862	0.00518	0.00479	0.00153	0.00671	0.00411	0.00296	0.00753
68	0.02296	0.00964	0.01220	0.00948	0.01343	0.04366	0.00778	0.02522	0.03147	0.73610	0.01999	0.01738	0.01268	0.00641	0.00521	0.00160	0.00465	0.00517	0.00625	0.00872
69	0.85377	0.01007	0.00765	0.00685	0.01007	0.01168	0.00564	0.01531	0.00886	0.02336	0.00725	0.00846	0.00564	0.00483	0.00322	0.00161	0.00403	0.00282	0.00322	0.00564
70	0.00757	0.00505	0.00568	0.00568	0.00568	0.00505	0.00316	0.00757	0.00757	0.01010	0.01641	0.03408	0.01893	0.81698	0.02651	0.00505	0.00505	0.00757	0.00316	0.00316
71	0.85377	0.01007	0.00765	0.00685	0.01007	0.01168	0.00564	0.01531	0.00886	0.02336	0.00725	0.00846	0.00564	0.00483	0.00322	0.00161	0.00403	0.00282	0.00322	0.00564
72	0.00744	0.00558	0.00837	0.00837	0.00930	0.00651	0.00651	0.00930	0.00837	0.01209	0.01395	0.02046	0.01302	0.03906	0.79635	0.00837	0.01395	0.00558	0.00279	0.00465

[dist]
# distance from previous block
# <min> <max>
0	1

[block]
# block no. 7 follows, 47 sequences, length 17
# corresponding to MSA columns:
# 358-374
name=unknown_H
#
# <colnr> <probs for GDERKNQSTAVLIFYWHMCP>
#	G	D	E	R	K	N	Q	S	T	A	V	L	I	F	Y	W	H	M	C	P
0	0.00983	0.00926	0.01562	0.80447	0.03587	0.01157	0.01446	0.01331	0.01041	0.01331	0.00926	0.01388	0.00694	0.00521	0.00521	0.00174	0.00694	0.00463	0.00231	0.00579
1	0.02336	0.00886	0.01209	0.00927	0.01329	0.00765	0.00765	0.02538	0.01491	0.78810	0.02055	0.01773	0.01289	0.00645	0.00524	0.00161	0.00443	0.00524	0.00645	0.00886
2	0.01289	0.01237	0.02114	0.03196	0.78450	0.01237	0.01598	0.01598	0.01186	0.01701	0.00980	0.01289	0.00825	0.00464	0.00516	0.00155	0.00619	0.00464	0.00258	0.00825
3	0.00744	0.00558	0.00837	0.00837	0.00930	0.00651	0.00651	0.00930	0.00837	0.01209	0.01395	0.02046	0.01302	0.03906	0.79635	0.00837	0.01395	0.00558	0.00279	0.00465
4	0.00627	0.00526	0.00546	0.00546	0.00712	0.00444	0.00407	0.00768	0.01207	0.01467	0.11920	0.07368	0.69068	0.01306	0.00617	0.00176	0.00263	0.01097	0.00492	0.00444
5	0.00901	0.00720	0.00829	0.00769	0.00954	0.00743	0.00586	0.01526	0.25851	0.02031	0.44546	0.03407	0.13109	0.00982	0.00587	0.00169	0.00301	0.00848	0.00548	0.00592
6	0.77923	0.04250	0.00883	0.04556	0.01145	0.01203	0.00620	0.01522	0.00901	0.02243	0.00735	0.00872	0.00574	0.00484	0.00332	0.00160	0.00423	0.00291	0.00314	0.00569
7	0.01512	0.01070	0.01184	0.01032	0.01349	0.01185	0.00812	0.02719	0.61681	0.18134	0.02106	0.01907	0.01527	0.00694	0.00529	0.00173	0.00419	0.00575	0.00554	0.00837
8	0.00977	0.00615	0.00784	0.00708	0.00882	0.00574	0.00543	0.01285	0.06133	0.12275	0.58959	0.03556	0.08651	0.01002	0.00597	0.00165	0.00283	0.00874	0.00575	0.00561
9	0.03725	0.15135	0.16220	0.03636	0.25414	0.13691	0.02722	0.04103	0.03326	0.05870	0.00993	0.01159	0.00782	0.00501	0.00472	0.00148	0.00671	0.00403	0.00285	0.00744
10	0.01756	0.01079	0.12244	0.00963	0.01353	0.00793	0.00887	0.02073	0.04468	0.47587	0.13427	0.02275	0.03736	0.00743	0.00545	0.00167	0.00456	0.04114	0.00557	0.00777
11	0.00634	0.00453	0.00604	0.00725	0.00755	0.00423	0.00483	0.00725	0.00997	0.01329	0.02870	0.81358	0.03444	0.01632	0.00665	0.00211	0.00302	0.01480	0.00483	0.00423
12	0.01139	0.01220	0.02512	0.13671	0.07629	0.01194	0.51690	0.01524	0.01183	0.01594	0.01235	0.06520	0.01062	0.00581	0.00603	0.00180	0.00777	0.04741	0.00284	0.00663
13	0.01953	0.01240	0.01479	0.01143	0.01537	0.01299	0.04483	0.48575	0.02043	0.23159	0.01558	0.06519	0.01152	0.00686	0.00535	0.00162	0.00536	0.00555	0.00539	0.00848
14	0.01289	0.01237	0.02114	0.03196	0.78450	0.01237	0.01598	0.01598	0.01186	0.01701	0.00980	0.01289	0.00825	0.00464	0.00516	0.00155	0.00619	0.00464	0.00258	0.00825
15	0.01104	0.01175	0.11082	0.00897	0.01381	0.00820	0.00814	0.03568	0.01112	0.01721	0.00927	0.01090	0.00757	0.00426	0.00452	0.00096	0.03377	0.00328	0.00300	0.68572
16	0.71136	0.05118	0.04346	0.00769	0.01125	0.01248	0.00672	0.07308	0.01024	0.02324	0.00775	0.00888	0.00598	0.00493	0.00346	0.00158	0.00440	0.00301	0.00328	0.00603

[dist]
# distance from previous block
# <min> <max>
0	1

[block]
# block no. 8 follows, 47 sequences, length 110
# corresponding to MSA columns:
# 376-485
name=unknown_I
#
# <colnr> <probs for GDERKNQSTAVLIFYWHMCP>
#	G	D	E	R	K	N	Q	S	T	A	V	L	I	F	Y	W	H	M	C	P
0	0.85377	0.01007	0.00765	0.00685	0.01007	0.01168	0.00564	0.01531	0.00886	0.02336	0.00725	0.00846	0.00564	0.00483	0.00322	0.00161	0.00403	0.00282	0.00322	0.00564
1	0.01500	0.07749	0.23271	0.01087	0.01532	0.05257	0.01094	0.01950	0.09412	0.25646	0.09085	0.01967	0.02746	0.00683	0.00520	0.00163	0.00548	0.04605	0.00441	0.00746
2	0.01124	0.02338	0.59929	0.01771	0.12831	0.01212	0.08358	0.01664	0.01132	0.03442	0.00977	0.01168	0.00709	0.00489	0.00509	0.00164	0.00751	0.00419	0.00239	0.00774
3	0.00905	0.00452	0.00678	0.00678	0.00678	0.00452	0.00452	0.00678	0.00678	0.00905	0.00905	0.01583	0.00905	0.01809	0.02035	0.84848	0.00452	0.00452	0.00226	0.00226
4	0.00634	0.00453	0.00604	0.00725	0.00755	0.00423	0.00483	0.00725	0.00997	0.01329	0.02870	0.81358	0.03444	0.01632	0.00665	0.00211	0.00302	0.01480	0.00483	0.00423
5	0.01581	0.00848	0.01133	0.05935	0.04626	0.00836	0.00799	0.09319	0.04523	0.34146	0.03830	0.22458	0.01882	0.00924	0.00594	0.00179	0.02242	0.02903	0.00528	0.00714
6	0.01933	0.01359	0.01465	0.01144	0.01534	0.03074	0.00936	0.61936	0.03463	0.11189	0.01429	0.05636	0.01074	0.00681	0.00528	0.00160	0.00550	0.00529	0.00527	0.00854
7	0.00634	0.00453	0.00604	0.00725	0.00755	0.00423	0.00483	0.00725	0.00997	0.01329	0.02870	0.81358	0.03444	0.01632	0.00665	0.00211	0.00302	0.01480	0.00483	0.00423
8	0.00983	0.00926	0.01562	0.80447	0.03587	0.01157	0.01446	0.01331	0.01041	0.01331	0.00926	0.01388	0.00694	0.00521	0.00521	0.00174	0.00694	0.00463	0.00231	0.00579
9	0.09163	0.09297	0.15593	0.05820	0.33838	0.02655	0.04391	0.05906	0.05324	0.01795	0.00997	0.01207	0.00791	0.00495	0.00481	0.00156	0.00625	0.00426	0.00282	0.00759
10	0.04411	0.00630	0.00849	0.07051	0.05826	0.00642	0.00676	0.04175	0.02266	0.01581	0.10097	0.50344	0.02938	0.01300	0.00619	0.00197	0.00373	0.05070	0.00454	0.00501
11	0.02878	0.46379	0.24866	0.01133	0.03438	0.01689	0.01200	0.06940	0.01170	0.01547	0.00837	0.00963	0.00687	0.00472	0.00401	0.00131	0.00612	0.00329	0.00249	0.04079
12	0.00634	0.00453	0.00604	0.00725	0.00755	0.00423	0.00483	0.00725	0.00997	0.01329	0.02870	0.81358	0.03444	0.01632	0.00665	0.00211	0.00302	0.01480	0.00483	0.00423
13	0.02406	0.06413	0.18781	0.03739	0.02000	0.03011	0.24524	0.03194	0.01143	0.01632	0.00997	0.03535	0.00814	0.00517	0.00585	0.00150	0.06214	0.00471	0.00271	0.19605
14	0.03063	0.18672	0.50329	0.01317	0.01936	0.03149	0.04747	0.01587	0.01110	0.01573	0.03572	0.01275	0.00878	0.00600	0.02239	0.00170	0.00716	0.02107	0.00245	0.00714
15	0.01335	0.00684	0.00900	0.00770	0.01000	0.00623	0.00604	0.01616	0.04631	0.29680	0.47652	0.03048	0.03473	0.00899	0.00578	0.00163	0.00324	0.00777	0.00597	0.00647
16	0.00688	0.00569	0.00605	0.00594	0.00762	0.00512	0.00443	0.00932	0.06837	0.01558	0.16221	0.07118	0.56937	0.03093	0.00657	0.00183	0.00279	0.01042	0.00497	0.00473
17	0.03139	0.31309	0.15838	0.01124	0.04575	0.01466	0.01064	0.09458	0.07409	0.13790	0.05166	0.01337	0.01084	0.00558	0.00449	0.00144	0.00551	0.00422	0.00365	0.00750
18	0.08633	0.02525	0.03493	0.00956	0.01366	0.00936	0.00813	0.11355	0.01540	0.60148	0.01798	0.01601	0.01155	0.00622	0.00503	0.00160	0.00467	0.00490	0.00585	0.00854
19	0.00634	0.00453	0.00604	0.00725	0.00755	0.00423	0.00483	0.00725	0.00997	0.01329	0.02870	0.81358	0.03444	0.01632	0.00665	0.00211	0.00302	0.01480	0.00483	0.00423
20	0.01221	0.00750	0.00782	0.00692	0.00890	0.00795	0.00541	0.19687	0.04773	0.02260	0.01644	0.04229	0.01302	0.00647	0.00419	0.00135	0.00333	0.00517	0.57789	0.00596
21	0.04000	0.01171	0.01251	0.01131	0.03611	0.01339	0.00864	0.14050	0.61408	0.02339	0.01910	0.01784	0.01428	0.00680	0.00522	0.00172	0.00443	0.00557	0.00514	0.00826
22	0.00634	0.00453	0.00604	0.00725	0.00755	0.00423	0.00483	0.00725	0.00997	0.01329	0.02870	0.81358	0.03444	0.01632	0.00665	0.00211	0.00302	0.01480	0.00483	0.00423
23	0.01080	0.00926	0.01080	0.00771	0.01234	0.00694	0.00617	0.01311	0.01080	0.01697	0.00926	0.01080	0.00771	0.00386	0.00386	0.00077	0.00386	0.00309	0.00309	0.84882
24	0.85377	0.01007	0.00765	0.00685	0.01007	0.01168	0.00564	0.01531	0.00886	0.02336	0.00725	0.00846	0.00564	0.00483	0.00322	0.00161	0.00403	0.00282	0.00322	0.00564
25	0.00726	0.00532	0.00681	0.00644	0.00771	0.00487	0.00483	0.00962	0.01449	0.02028	0.71675	0.03990	0.11451	0.01087	0.00614	0.00165	0.00247	0.00956	0.00565	0.00487
26	0.85377	0.01007	0.00765	0.00685	0.01007	0.01168	0.00564	0.01531	0.00886	0.02336	0.00725	0.00846	0.00564	0.00483	0.00322	0.00161	0.00403	0.00282	0.00322	0.00564
27	0.01100	0.00938	0.01091	0.00781	0.01243	0.00715	0.00626	0.03030	0.01111	0.01733	0.00933	0.01084	0.00774	0.00391	0.00389	0.00079	0.00390	0.00312	0.00313	0.82967
28	0.01289	0.01237	0.02114	0.03196	0.78450	0.01237	0.01598	0.01598	0.01186	0.01701	0.00980	0.01289	0.00825	0.00464	0.00516	0.00155	0.00619	0.00464	0.00258	0.00825
29	0.00737	0.00532	0.00696	0.00655	0.00778	0.00491	0.00491	0.00983	0.01474	0.02088	0.78175	0.03890	0.04914	0.01065	0.00614	0.00164	0.00246	0.00942	0.00573	0.00491
30	0.02336	0.00886	0.01209	0.00927	0.01329	0.00765	0.00765	0.02538	0.01491	0.78810	0.02055	0.01773	0.01289	0.00645	0.00524	0.00161	0.00443	0.00524	0.00645	0.00886
31	0.02318	0.00916	0.01227	0.00941	0.01344	0.00809	0.00777	0.06359	0.01540	0.74920	0.02013	0.01746	0.01268	0.00644	0.00524	0.00161	0.00450	0.00521	0.00638	0.00886
32	0.00971	0.00485	0.00485	0.00485	0.00607	0.00485	0.00364	0.01213	0.01092	0.01942	0.01699	0.01942	0.01335	0.00607	0.00364	0.00121	0.00243	0.00485	0.84589	0.00485
33	0.00646	0.00529	0.00570	0.00560	0.00722	0.00453	0.00420	0.00806	0.01259	0.01578	0.23580	0.04730	0.59828	0.01255	0.00615	0.00173	0.00259	0.01060	0.00506	0.00453
34	0.02308	0.00932	0.01237	0.00948	0.01352	0.00833	0.00783	0.08443	0.01567	0.72798	0.01990	0.01731	0.01257	0.00643	0.00523	0.00161	0.00453	0.00519	0.00635	0.00886
35	0.00634	0.00453	0.00604	0.00725	0.00755	0.00423	0.00483	0.00725	0.00997	0.01329	0.02870	0.81358	0.03444	0.01632	0.00665	0.00211	0.00302	0.01480	0.00483	0.00423
36	0.00757	0.00508	0.00582	0.00582	0.00587	0.00512	0.00333	0.00766	0.00761	0.01020	0.01628	0.03338	0.01863	0.77703	0.06605	0.00522	0.00551	0.00747	0.00314	0.00323
37	0.01980	0.01459	0.01563	0.01198	0.01615	0.01615	0.00990	0.76713	0.02448	0.03282	0.01250	0.01250	0.00886	0.00625	0.00521	0.00156	0.00573	0.00469	0.00521	0.00886
38	0.00643	0.00459	0.00614	0.00734	0.00768	0.00430	0.00498	0.00739	0.01005	0.01339	0.02866	0.78344	0.03426	0.01624	0.00667	0.00213	0.00309	0.04415	0.00483	0.00425
39	0.01392	0.82012	0.02729	0.00891	0.01337	0.02061	0.00891	0.01559	0.01058	0.01225	0.00724	0.00835	0.00668	0.00446	0.00334	0.00111	0.00557	0.00278	0.00223	0.00668
40	0.01235	0.01389	0.02980	0.02292	0.10046	0.01309	0.69308	0.01661	0.01225	0.01671	0.01046	0.01394	0.00794	0.00441	0.00605	0.00174	0.00853	0.00600	0.00263	0.00714
41	0.01251	0.01325	0.01579	0.01364	0.01401	0.12405	0.01121	0.01368	0.00892	0.01256	0.00700	0.01112	0.00682	0.00860	0.01537	0.00215	0.69687	0.00439	0.00233	0.00574
