[name]
unknown

[dist]
# distance from previous block
# <min> <max>
17	114

[block]
# block no. 0 follows, 47 sequences, length 12
# corresponding to MSA columns:
# 158-169
name=unknown_A
#
# <colnr> <probs for GDERKNQSTAVLIFYWHMCP>
#	G	D	E	R	K	N	Q	S	T	A	V	L	I	F	Y	W	H	M	C	P
0	0.07773	0.03693	0.01260	0.01007	0.01305	0.04153	0.00811	0.19477	0.19849	0.05846	0.03115	0.01744	0.06609	0.03218	0.00692	0.00172	0.09277	0.00521	0.00434	0.09044
1	0.01431	0.04337	0.02913	0.01096	0.05108	0.04275	0.00840	0.21591	0.11396	0.09448	0.03401	0.15282	0.03215	0.00792	0.00550	0.00159	0.02192	0.00654	0.00455	0.10865
2	0.01467	0.03349	0.01239	0.01067	0.04490	0.02612	0.00807	0.17618	0.29801	0.11148	0.10515	0.01985	0.01708	0.04848	0.00631	0.00179	0.00451	0.00578	0.03125	0.02382
3	0.01517	0.01283	0.01681	0.03666	0.08562	0.06346	0.14003	0.21422	0.11896	0.07953	0.01469	0.01542	0.04382	0.00583	0.00522	0.00152	0.00588	0.00513	0.00410	0.11511
4	0.00978	0.00775	0.01046	0.13629	0.01447	0.00815	0.02085	0.02912	0.04469	0.03128	0.04908	0.04435	0.07422	0.01362	0.16861	0.00290	0.05872	0.00568	0.10650	0.16349
5	0.01010	0.00978	0.01728	0.71859	0.03492	0.01175	0.09689	0.01368	0.01062	0.01368	0.00940	0.01390	0.00705	0.00512	0.00531	0.00174	0.00714	0.00479	0.00235	0.00592
6	0.01234	0.00982	0.01139	0.00825	0.01280	0.00798	0.00665	0.09641	0.01248	0.05300	0.01011	0.01129	0.00807	0.00423	0.00407	0.00090	0.00409	0.00336	0.00347	0.71929
7	0.01929	0.00843	0.01099	0.00883	0.01221	0.00771	0.00715	0.02278	0.09814	0.55863	0.13292	0.02111	0.01859	0.00712	0.00531	0.00162	0.00402	0.00591	0.04120	0.00804
8	0.00799	0.00547	0.00707	0.00659	0.00797	0.00500	0.00497	0.01035	0.01456	0.05385	0.70094	0.03871	0.09550	0.01063	0.00610	0.00164	0.00255	0.00934	0.00571	0.00505
9	0.00623	0.00524	0.00541	0.00544	0.00710	0.00442	0.00405	0.00759	0.01193	0.01441	0.09175	0.08716	0.70507	0.01320	0.00618	0.00177	0.00265	0.01109	0.00489	0.00442
10	0.00634	0.00453	0.00604	0.00725	0.00755	0.00423	0.00483	0.00725	0.00997	0.01329	0.02870	0.81358	0.03444	0.01632	0.00665	0.00211	0.00302	0.01480	0.00483	0.00423
11	0.01080	0.00926	0.01080	0.00771	0.01234	0.00694	0.00617	0.01311	0.01080	0.01697	0.00926	0.01080	0.00771	0.00386	0.00386	0.00077	0.00386	0.00309	0.00309	0.84882

[dist]
# distance from previous block
# <min> <max>
0	16

[block]
# block no. 1 follows, 47 sequences, length 17
# corresponding to MSA columns:
# 186-202
name=unknown_B
#
# <colnr> <probs for GDERKNQSTAVLIFYWHMCP>
#	G	D	E	R	K	N	Q	S	T	A	V	L	I	F	Y	W	H	M	C	P
0	0.85377	0.01007	0.00765	0.00685	0.01007	0.01168	0.00564	0.01531	0.00886	0.02336	0.00725	0.00846	0.00564	0.00483	0.00322	0.00161	0.00403	0.00282	0.00322	0.00564
1	0.00634	0.00453	0.00604	0.00725	0.00755	0.00423	0.00483	0.00725	0.00997	0.01329	0.02870	0.81358	0.03444	0.01632	0.00665	0.00211	0.00302	0.01480	0.00483	0.00423
2	0.85377	0.01007	0.00765	0.00685	0.01007	0.01168	0.00564	0.01531	0.00886	0.02336	0.00725	0.00846	0.00564	0.00483	0.00322	0.00161	0.00403	0.00282	0.00322	0.00564
3	0.01945	0.02482	0.01476	0.01342	0.01610	0.79608	0.01006	0.02079	0.01476	0.01275	0.00805	0.00939	0.00671	0.00537	0.00470	0.00134	0.00939	0.00335	0.00268	0.00604
4	0.01945	0.02482	0.01476	0.01342	0.01610	0.79608	0.01006	0.02079	0.01476	0.01275	0.00805	0.00939	0.00671	0.00537	0.00470	0.00134	0.00939	0.00335	0.00268	0.00604
5	0.01629	0.01283	0.01387	0.04271	0.01574	0.01451	0.00933	0.40081	0.36549	0.02703	0.01633	0.01571	0.01198	0.00658	0.00525	0.00166	0.00505	0.00523	0.00514	0.00846
6	0.53543	0.01284	0.01047	0.00958	0.04200	0.13652	0.00734	0.09075	0.01197	0.08798	0.00913	0.00997	0.00685	0.00519	0.00390	0.00156	0.00517	0.00337	0.00358	0.00640
7	0.01392	0.82012	0.02729	0.00891	0.01337	0.02061	0.00891	0.01559	0.01058	0.01225	0.00724	0.00835	0.00668	0.00446	0.00334	0.00111	0.00557	0.00278	0.00223	0.00668
8	0.00744	0.00558	0.00837	0.00837	0.00930	0.00651	0.00651	0.00930	0.00837	0.01209	0.01395	0.02046	0.01302	0.03906	0.79635	0.00837	0.01395	0.00558	0.00279	0.00465
9	0.06609	0.06795	0.11173	0.04999	0.14754	0.06986	0.21791	0.01757	0.01198	0.12770	0.01086	0.01281	0.00812	0.00520	0.00582	0.00163	0.05217	0.00471	0.00310	0.00727
10	0.06757	0.03159	0.04581	0.12497	0.40790	0.01212	0.03258	0.08004	0.01276	0.09353	0.01077	0.01296	0.00830	0.00502	0.00499	0.00156	0.00597	0.00450	0.00318	0.03388
11	0.00634	0.00453	0.00604	0.00725	0.00755	0.00423	0.00483	0.00725	0.00997	0.01329	0.02870	0.81358	0.03444	0.01632	0.00665	0.00211	0.00302	0.01480	0.00483	0.00423
12	0.01473	0.01339	0.20301	0.05412	0.06579	0.00941	0.07292	0.04130	0.01342	0.27097	0.13594	0.01854	0.01598	0.00638	0.00531	0.00162	0.00547	0.00553	0.03874	0.00744
13	0.03283	0.00746	0.01014	0.04134	0.01189	0.00737	0.03992	0.08048	0.01310	0.18279	0.12706	0.29553	0.04124	0.02781	0.00666	0.00192	0.02339	0.03809	0.00500	0.00599
14	0.01420	0.03759	0.01155	0.00956	0.01259	0.01101	0.00758	0.06838	0.43734	0.16195	0.02456	0.04644	0.11859	0.00792	0.00537	0.00171	0.00409	0.00655	0.00532	0.00770
15	0.00634	0.00453	0.00604	0.00725	0.00755	0.00423	0.00483	0.00725	0.00997	0.01329	0.02870	0.81358	0.03444	0.01632	0.00665	0.00211	0.00302	0.01480	0.00483	0.00423
16	0.08449	0.01422	0.09929	0.19771	0.23246	0.08417	0.10196	0.03432	0.04305	0.04441	0.01025	0.01278	0.00787	0.00506	0.00507	0.00162	0.00677	0.00453	0.00286	0.00710

[dist]
# distance from previous block
# <min> <max>
0	1

[block]
# block no. 2 follows, 47 sequences, length 7
# corresponding to MSA columns:
# 204-210
name=unknown_C
#
# <colnr> <probs for GDERKNQSTAVLIFYWHMCP>
#	G	D	E	R	K	N	Q	S	T	A	V	L	I	F	Y	W	H	M	C	P
0	0.12995	0.16711	0.17403	0.04798	0.05658	0.03171	0.04357	0.13187	0.01346	0.12278	0.02763	0.01222	0.00877	0.00535	0.00458	0.00152	0.00591	0.00411	0.00351	0.00737
1	0.00916	0.00794	0.01236	0.11972	0.12983	0.00945	0.00971	0.01131	0.00911	0.01306	0.01166	0.01712	0.01059	0.02498	0.45770	0.00557	0.12746	0.00516	0.00262	0.00549
2	0.68882	0.01242	0.04240	0.04100	0.01235	0.09981	0.00709	0.01589	0.00968	0.02146	0.00751	0.00890	0.00585	0.00491	0.00354	0.00159	0.00491	0.00300	0.00308	0.00578
3	0.00719	0.00526	0.00657	0.00643	0.00754	0.00485	0.00471	0.00910	0.01308	0.01795	0.50815	0.08885	0.15281	0.10396	0.00855	0.00211	0.00291	0.04018	0.00521	0.00459
4	0.01339	0.01032	0.01224	0.00968	0.03759	0.00930	0.00752	0.12640	0.05917	0.08346	0.01130	0.01224	0.00878	0.00488	0.00490	0.00111	0.04046	0.00379	0.00376	0.53971
5	0.01732	0.01040	0.01211	0.00995	0.01332	0.01084	0.00799	0.17508	0.27107	0.29041	0.10638	0.01966	0.01723	0.00709	0.00536	0.00166	0.00437	0.00582	0.00573	0.00820
6	0.01209	0.00737	0.01013	0.01051	0.09859	0.00700	0.00716	0.01536	0.07053	0.19680	0.40594	0.06346	0.03241	0.00908	0.00581	0.00167	0.00356	0.03066	0.00544	0.00642

[dist]
# distance from previous block
# <min> <max>
0	1

[block]
# block no. 3 follows, 47 sequences, length 51
# corresponding to MSA columns:
# 212-262
name=unknown_D
#
# <colnr> <probs for GDERKNQSTAVLIFYWHMCP>
#	G	D	E	R	K	N	Q	S	T	A	V	L	I	F	Y	W	H	M	C	P
0	0.00780	0.00571	0.00705	0.00662	0.00809	0.00533	0.00500	0.01074	0.05639	0.03503	0.60583	0.03923	0.16597	0.01078	0.00608	0.00166	0.00262	0.00940	0.00558	0.00509
1	0.02047	0.00836	0.01124	0.00892	0.01243	0.00738	0.00724	0.02293	0.04108	0.64166	0.10803	0.05310	0.01803	0.00736	0.00540	0.00164	0.00414	0.00613	0.00626	0.00820
2	0.01353	0.01334	0.07320	0.14271	0.47185	0.04799	0.04767	0.03408	0.01227	0.07789	0.01055	0.01317	0.00824	0.00495	0.00518	0.00159	0.00652	0.00464	0.00289	0.00775
3	0.00737	0.00532	0.00696	0.00655	0.00778	0.00491	0.00491	0.00983	0.01474	0.02088	0.78175	0.03890	0.04914	0.01065	0.00614	0.00164	0.00246	0.00942	0.00573	0.00491
4	0.01965	0.01389	0.01508	0.01166	0.01574	0.01523	0.00960	0.65674	0.07278	0.09525	0.01374	0.01339	0.00965	0.00632	0.00522	0.00158	0.00552	0.00481	0.00532	0.00882
5	0.00983	0.00926	0.01562	0.80447	0.03587	0.01157	0.01446	0.01331	0.01041	0.01331	0.00926	0.01388	0.00694	0.00521	0.00521	0.00174	0.00694	0.00463	0.00231	0.00579
6	0.00826	0.00608	0.00709	0.00668	0.00846	0.00528	0.00485	0.02661	0.01130	0.04857	0.07240	0.25456	0.27230	0.09323	0.00790	0.00201	0.00333	0.00991	0.00450	0.14669
7	0.01392	0.82012	0.02729	0.00891	0.01337	0.02061	0.00891	0.01559	0.01058	0.01225	0.00724	0.00835	0.00668	0.00446	0.00334	0.00111	0.00557	0.00278	0.00223	0.00668
8	0.00905	0.00452	0.00678	0.00678	0.00678	0.00452	0.00452	0.00678	0.00678	0.00905	0.00905	0.01583	0.00905	0.01809	0.02035	0.84848	0.00452	0.00452	0.00226	0.00226
9	0.00655	0.00463	0.00601	0.00701	0.00729	0.00437	0.00459	0.00736	0.00974	0.01301	0.04498	0.68173	0.03254	0.13253	0.00952	0.00253	0.00330	0.01362	0.00461	0.00409
10	0.00983	0.00926	0.01562	0.80447	0.03587	0.01157	0.01446	0.01331	0.01041	0.01331	0.00926	0.01388	0.00694	0.00521	0.00521	0.00174	0.00694	0.00463	0.00231	0.00579
11	0.01945	0.02482	0.01476	0.01342	0.01610	0.79608	0.01006	0.02079	0.01476	0.01275	0.00805	0.00939	0.00671	0.00537	0.00470	0.00134	0.00939	0.00335	0.00268	0.00604
12	0.02336	0.00886	0.01209	0.00927	0.01329	0.00765	0.00765	0.02538	0.01491	0.78810	0.02055	0.01773	0.01289	0.00645	0.00524	0.00161	0.00443	0.00524	0.00645	0.00886
13	0.02241	0.00919	0.01222	0.00945	0.01336	0.00829	0.00779	0.08446	0.01540	0.69495	0.01962	0.01742	0.01257	0.00779	0.03818	0.00189	0.00493	0.00521	0.00619	0.00869
14	0.85377	0.01007	0.00765	0.00685	0.01007	0.01168	0.00564	0.01531	0.00886	0.02336	0.00725	0.00846	0.00564	0.00483	0.00322	0.00161	0.00403	0.00282	0.00322	0.00564
15	0.00634	0.00453	0.00604	0.00725	0.00755	0.00423	0.00483	0.00725	0.00997	0.01329	0.02870	0.81358	0.03444	0.01632	0.00665	0.00211	0.00302	0.01480	0.00483	0.00423
16	0.00888	0.00542	0.00712	0.00710	0.00828	0.00496	0.00514	0.01054	0.01252	0.11108	0.33723	0.35205	0.05966	0.03673	0.00685	0.00193	0.00301	0.01109	0.00535	0.00505
17	0.01392	0.82012	0.02729	0.00891	0.01337	0.02061	0.00891	0.01559	0.01058	0.01225	0.00724	0.00835	0.00668	0.00446	0.00334	0.00111	0.00557	0.00278	0.00223	0.00668
18	0.11613	0.01022	0.01128	0.00861	0.01275	0.00942	0.00695	0.14144	0.05828	0.08581	0.01165	0.02999	0.00918	0.00507	0.00427	0.00117	0.00424	0.00393	0.00391	0.46570
19	0.01979	0.02267	0.01462	0.01296	0.01588	0.66602	0.00986	0.08562	0.01561	0.07613	0.00943	0.01032	0.00739	0.00553	0.00478	0.00138	0.00868	0.00362	0.00320	0.00651
20	0.00744	0.00558	0.00837	0.00837	0.00930	0.00651	0.00651	0.00930	0.00837	0.01209	0.01395	0.02046	0.01302	0.03906	0.79635	0.00837	0.01395	0.00558	0.00279	0.00465
21	0.00905	0.00452	0.00678	0.00678	0.00678	0.00452	0.00452	0.00678	0.00678	0.00905	0.00905	0.01583	0.00905	0.01809	0.02035	0.84848	0.00452	0.00452	0.00226	0.00226
22	0.01120	0.01032	0.01682	0.58361	0.15954	0.01211	0.03140	0.07054	0.02515	0.01562	0.00983	0.01371	0.00748	0.00520	0.00522	0.00169	0.00672	0.00469	0.00263	0.00650
23	0.79092	0.00987	0.00778	0.00690	0.01011	0.01130	0.00568	0.01569	0.00920	0.05894	0.00815	0.00920	0.00620	0.00494	0.00333	0.00160	0.00400	0.00299	0.02743	0.00577
24	0.01332	0.01167	0.01196	0.01072	0.01368	0.03539	0.00834	0.04706	0.73351	0.02182	0.02059	0.01896	0.01545	0.00700	0.00528	0.00175	0.00431	0.00578	0.00522	0.00820
25	0.00634	0.00453	0.00604	0.00725	0.00755	0.00423	0.00483	0.00725	0.00997	0.01329	0.02870	0.81358	0.03444	0.01632	0.00665	0.00211	0.00302	0.01480	0.00483	0.00423
26	0.01161	0.01188	0.06034	0.46610	0.09338	0.01243	0.14759	0.09008	0.02533	0.01648	0.01006	0.01363	0.00755	0.00514	0.00536	0.00170	0.00708	0.00488	0.00273	0.00666
27	0.01080	0.00926	0.01080	0.00771	0.01234	0.00694	0.00617	0.01311	0.01080	0.01697	0.00926	0.01080	0.00771	0.00386	0.00386	0.00077	0.00386	0.00309	0.00309	0.84882
28	0.00993	0.00931	0.01551	0.78081	0.03520	0.01161	0.01428	0.01373	0.03319	0.01356	0.00961	0.01405	0.00721	0.00526	0.00521	0.00174	0.00686	0.00467	0.00240	0.00586
29	0.01080	0.00926	0.01080	0.00771	0.01234	0.00694	0.00617	0.01311	0.01080	0.01697	0.00926	0.01080	0.00771	0.00386	0.00386	0.00077	0.00386	0.00309	0.00309	0.84882
30	0.00753	0.00554	0.00707	0.00665	0.00796	0.00519	0.00500	0.01039	0.04263	0.02063	0.72337	0.03865	0.07845	0.01062	0.00611	0.00165	0.00253	0.00935	0.00568	0.00501
31	0.00637	0.00455	0.00607	0.00723	0.00756	0.00425	0.00484	0.00731	0.01009	0.01348	0.04722	0.79453	0.03480	0.01618	0.00663	0.00210	0.00301	0.01467	0.00486	0.00425
32	0.01430	0.76538	0.02643	0.00922	0.01355	0.07398	0.00899	0.01595	0.01087	0.01229	0.00730	0.00843	0.00668	0.00452	0.00343	0.00113	0.00583	0.00282	0.00226	0.00664
33	0.00905	0.00452	0.00678	0.00678	0.00678	0.00452	0.00452	0.00678	0.00678	0.00905	0.00905	0.01583	0.00905	0.01809	0.02035	0.84848	0.00452	0.00452	0.00226	0.00226
34	0.00744	0.00558	0.00837	0.00837	0.00930	0.00651	0.00651	0.00930	0.00837	0.01209	0.01395	0.02046	0.01302	0.03906	0.79635	0.00837	0.01395	0.00558	0.00279	0.00465
35	0.00640	0.00456	0.00603	0.00718	0.00747	0.00427	0.00476	0.00727	0.00986	0.01314	0.02813	0.77721	0.03372	0.05368	0.00757	0.00225	0.00312	0.01447	0.00476	0.00418
36	0.03207	0.01777	0.23969	0.02369	0.42963	0.08529	0.02828	0.05163	0.01241	0.01734	0.00959	0.01192	0.00760	0.00487	0.00503	0.00156	0.00689	0.00428	0.00262	0.00783
37	0.00992	0.00935	0.01578	0.78199	0.05765	0.01159	0.01451	0.01338	0.01046	0.01341	0.00927	0.01386	0.00698	0.00519	0.00521	0.00173	0.00692	0.00463	0.00232	0.00586
38	0.00734	0.00557	0.00684	0.00672	0.00813	0.00515	0.00520	0.00985	0.03576	0.01844	0.47150	0.04381	0.23903	0.01169	0.00625	0.00177	0.00285	0.10387	0.00536	0.00486
39	0.02676	0.51374	0.15722	0.01287	0.10887	0.05378	0.01146	0.01589	0.01108	0.01398	0.02741	0.01018	0.00791	0.00477	0.00397	0.00129	0.00609	0.00339	0.00239	0.00696
40	0.01254	0.24551	0.43000	0.03094	0.03339	0.04274	0.01446	0.01665	0.01145	0.06840	0.04141	0.01192	0.00886	0.00516	0.00457	0.00149	0.00668	0.00389	0.00267	0.00728
41	0.02326	0.00903	0.01219	0.00935	0.01338	0.00791	0.00772	0.04765	0.01519	0.76543	0.02030	0.01757	0.01277	0.00644	0.00524	0.00161	0.00447	0.00522	0.00641	0.00886
42	0.00705	0.00531	0.00652	0.00622	0.00759	0.00478	0.00466	0.00921	0.01399	0.01911	0.59174	0.04182	0.24025	0.01131	0.00615	0.00167	0.00250	0.00983	0.00550	0.00478
43	0.03397	0.08297	0.09836	0.11562	0.03442	0.06203	0.14741	0.19225	0.01480	0.08878	0.01302	0.02505	0.04069	0.00587	0.00540	0.00161	0.02189	0.00501	0.00359	0.00726
44	0.01086	0.02374	0.65311	0.01479	0.05652	0.01152	0.01746	0.01621	0.01125	0.04830	0.02816	0.01368	0.04176	0.00557	0.00533	0.00166	0.02559	0.00439	0.00258	0.00752
45	0.02256	0.00895	0.01202	0.00927	0.01318	0.00789	0.00763	0.05563	0.01530	0.72494	0.05167	0.01838	0.01422	0.00661	0.00527	0.00161	0.00440	0.00539	0.00636	0.00870
46	0.01257	0.01260	0.03164	0.12676	0.58146	0.06233	0.01492	0.01557	0.01181	0.01612	0.01070	0.03306	0.00937	0.00539	0.00524	0.00160	0.00639	0.03222	0.00268	0.00757
47	0.03470	0.04411	0.46688	0.01463	0.05690	0.01147	0.08826	0.03424	0.01199	0.11104	0.03718	0.03194	0.02208	0.00565	0.00512	0.00164	0.00677	0.00479	0.00309	0.00752
48	0.04439	0.00579	0.00772	0.00877	0.04057	0.00569	0.02322	0.02703	0.03059	0.01456	0.02538	0.63514	0.02957	0.05189	0.00729	0.00218	0.00355	0.02741	0.00456	0.00470
49	0.01941	0.00912	0.01219	0.00963	0.01305	0.00871	0.03899	0.07294	0.06297	0.50931	0.01875	0.03267	0.01283	0.00664	0.00559	0.00161	0.03758	0.00539	0.11462	0.00801
50	0.10548	0.01341	0.06060	0.01552	0.02032	0.03249	0.37457	0.08219	0.01296	0.08413	0.01087	0.01282	0.00803	0.00474	0.00521	0.00154	0.00681	0.00490	0.00330	0.14010

[dist]
# distance from previous block
# <min> <max>
2	4

[block]
# block no. 4 follows, 47 sequences, length 13
# corresponding to MSA columns:
# 270-282
name=unknown_E
#
# <colnr> <probs for GDERKNQSTAVLIFYWHMCP>
#	G	D	E	R	K	N	Q	S	T	A	V	L	I	F	Y	W	H	M	C	P
0	0.09667	0.01124	0.01513	0.30160	0.16223	0.04062	0.02552	0.07758	0.13839	0.01812	0.01146	0.01381	0.00883	0.00602	0.01936	0.00175	0.00608	0.00460	0.00324	0.03772
1	0.00731	0.00469	0.00630	0.00681	0.00727	0.00441	0.00464	0.00739	0.00963	0.01277	0.10252	0.38997	0.10935	0.01597	0.01102	0.27830	0.00341	0.01048	0.00409	0.00368
2	0.01657	0.01813	0.26796	0.01261	0.01784	0.01419	0.01268	0.47347	0.01934	0.05380	0.01189	0.01240	0.00839	0.00583	0.00508	0.00158	0.00623	0.00444	0.02921	0.00836
3	0.00644	0.00489	0.00580	0.00637	0.00723	0.00440	0.00439	0.00752	0.01077	0.01380	0.08361	0.42887	0.30364	0.07757	0.00799	0.00219	0.00301	0.01253	0.00476	0.00425
4	0.00660	0.00529	0.00589	0.00574	0.00730	0.00458	0.00430	0.00833	0.01291	0.01654	0.31738	0.04605	0.51621	0.01227	0.00615	0.00171	0.00257	0.01042	0.00516	0.00458
5	0.52460	0.01146	0.01056	0.00869	0.01228	0.01286	0.00717	0.26141	0.01438	0.07889	0.00988	0.01041	0.00719	0.00541	0.00401	0.00160	0.00461	0.00360	0.00409	0.00691
6	0.01222	0.27538	0.01965	0.01212	0.01357	0.01747	0.01058	0.01353	0.00883	0.01244	0.00697	0.01040	0.00679	0.00759	0.01260	0.00190	0.54570	0.00398	0.00226	0.00602
7	0.01629	0.01130	0.01274	0.01029	0.01309	0.01235	0.00814	0.51894	0.01871	0.02506	0.01137	0.01359	0.00892	0.01012	0.01015	0.27802	0.00534	0.00463	0.00425	0.00670
8	0.01926	0.00899	0.01167	0.00876	0.01298	0.00742	0.00717	0.02138	0.01356	0.53639	0.01686	0.01546	0.01120	0.00560	0.00479	0.00134	0.00424	0.00453	0.00535	0.28304
9	0.57715	0.00826	0.00713	0.00698	0.00925	0.00925	0.00538	0.01268	0.00922	0.02008	0.01425	0.27127	0.01504	0.00858	0.00434	0.00178	0.00370	0.00673	0.00375	0.00518
10	0.58154	0.01155	0.01026	0.00852	0.01206	0.01314	0.00703	0.26072	0.01396	0.02645	0.00897	0.00978	0.00669	0.00530	0.00387	0.00160	0.00458	0.00343	0.00387	0.00669
11	0.00905	0.00452	0.00678	0.00678	0.00678	0.00452	0.00452	0.00678	0.00678	0.00905	0.00905	0.01583	0.00905	0.01809	0.02035	0.84848	0.00452	0.00452	0.00226	0.00226
12	0.00748	0.00607	0.00917	0.26748	0.01680	0.00663	0.00798	0.00923	0.01011	0.01330	0.02235	0.55254	0.02547	0.01269	0.00618	0.00199	0.00430	0.01148	0.00401	0.00474

[dist]
# distance from previous block
# <min> <max>
0	2

[block]
# block no. 5 follows, 47 sequences, length 72
# corresponding to MSA columns:
# 285-356
name=unknown_F
#
# <colnr> <probs for GDERKNQSTAVLIFYWHMCP>
#	G	D	E	R	K	N	Q	S	T	A	V	L	I	F	Y	W	H	M	C	P
0	0.00727	0.00524	0.00687	0.00662	0.00776	0.00484	0.00491	0.00957	0.01426	0.02012	0.70606	0.11676	0.04766	0.01122	0.00619	0.00169	0.00251	0.00996	0.00564	0.00484
1	0.00882	0.00579	0.00835	0.00811	0.00918	0.00642	0.00618	0.01046	0.00883	0.07839	0.01483	0.02195	0.01376	0.13465	0.63113	0.00737	0.01201	0.00580	0.00315	0.00482
2	0.00906	0.00653	0.00864	0.00940	0.01075	0.00660	0.00796	0.07513	0.01280	0.01673	0.02698	0.15224	0.04524	0.01391	0.00693	0.00228	0.00460	0.57433	0.00484	0.00506
3	0.01235	0.01999	0.45405	0.01503	0.05072	0.01149	0.11399	0.08082	0.01261	0.08554	0.01252	0.08470	0.01010	0.00613	0.00531	0.00169	0.00690	0.00537	0.00314	0.00752
4	0.01057	0.05888	0.67203	0.01390	0.02084	0.01186	0.03496	0.01608	0.01100	0.01656	0.00994	0.01167	0.00721	0.00501	0.00479	0.00159	0.00718	0.00394	0.07457	0.00739
5	0.00742	0.00507	0.00599	0.00609	0.00626	0.00512	0.00368	0.00773	0.00796	0.01067	0.01800	0.09983	0.03638	0.64749	0.10668	0.00508	0.00577	0.00806	0.00330	0.00343
6	0.67314	0.04891	0.03046	0.00805	0.01115	0.04084	0.00686	0.01556	0.02432	0.02132	0.00758	0.00903	0.00606	0.00525	0.00456	0.00164	0.07330	0.00307	0.00309	0.00581
7	0.08513	0.01027	0.01104	0.00988	0.02727	0.06674	0.03700	0.10511	0.18219	0.08245	0.04668	0.07545	0.07807	0.10345	0.00816	0.02196	0.00481	0.02281	0.00444	0.01709
8	0.01764	0.10431	0.01731	0.08054	0.05063	0.01547	0.03438	0.52013	0.02016	0.05278	0.01182	0.01255	0.00862	0.00583	0.00499	0.00153	0.00582	0.00454	0.02277	0.00818
9	0.03216	0.58145	0.02369	0.00996	0.01387	0.07947	0.05752	0.01524	0.01098	0.01299	0.01140	0.01252	0.07328	0.00549	0.00448	0.00129	0.04145	0.00383	0.00254	0.00639
10	0.00657	0.00522	0.00564	0.00558	0.00711	0.00448	0.00414	0.00774	0.01183	0.01457	0.14886	0.04564	0.61562	0.01326	0.00737	0.07436	0.00277	0.01022	0.00474	0.00428
11	0.01956	0.01374	0.01495	0.01160	0.01565	0.01505	0.00954	0.63158	0.08793	0.10532	0.01403	0.01360	0.00985	0.00634	0.00522	0.00159	0.00547	0.00484	0.00534	0.00880
12	0.00640	0.00457	0.00611	0.00732	0.00764	0.00428	0.00493	0.00735	0.01003	0.01336	0.02867	0.79287	0.03432	0.01626	0.00666	0.00212	0.00307	0.03496	0.00483	0.00425
13	0.00678	0.00496	0.00643	0.00722	0.00788	0.00450	0.00488	0.00777	0.00994	0.01347	0.02651	0.71118	0.03148	0.04970	0.00726	0.00213	0.00318	0.01349	0.00461	0.07662
14	0.00678	0.00512	0.00689	0.00780	0.00808	0.00524	0.00540	0.00770	0.00980	0.01323	0.02683	0.74478	0.03208	0.01570	0.00754	0.00213	0.07202	0.01393	0.00461	0.00436
15	0.01268	0.01076	0.01145	0.01037	0.01314	0.01234	0.00802	0.05774	0.67716	0.02153	0.02147	0.08724	0.01718	0.00782	0.00541	0.00179	0.00410	0.00660	0.00526	0.00793
16	0.00634	0.00453	0.00604	0.00725	0.00755	0.00423	0.00483	0.00725	0.00997	0.01329	0.02870	0.81358	0.03444	0.01632	0.00665	0.00211	0.00302	0.01480	0.00483	0.00423
17	0.78255	0.00997	0.00803	0.00706	0.01035	0.01134	0.00581	0.01617	0.00938	0.08895	0.00839	0.00925	0.00626	0.00497	0.00340	0.00161	0.00406	0.00303	0.00350	0.00592
18	0.01489	0.01215	0.01287	0.01099	0.01428	0.01386	0.00871	0.23680	0.56281	0.02491	0.01874	0.01747	0.01391	0.00684	0.00527	0.00171	0.00458	0.00555	0.00527	0.00842
19	0.01085	0.00944	0.01124	0.00822	0.01246	0.00771	0.00662	0.01306	0.01056	0.01659	0.00905	0.01085	0.00764	0.00431	0.00499	0.00090	0.07278	0.00321	0.00302	0.77651
20	0.01192	0.01140	0.01554	0.01328	0.01365	0.01551	0.01101	0.07705	0.00947	0.01430	0.00817	0.04262	0.00808	0.00915	0.01567	0.00221	0.70747	0.00497	0.00263	0.00591
21	0.00751	0.00540	0.00731	0.02013	0.00884	0.00529	0.02034	0.04237	0.02822	0.01408	0.02545	0.66219	0.02972	0.01539	0.00769	0.07466	0.00347	0.01293	0.00456	0.00444
22	0.01138	0.00924	0.01086	0.00779	0.01239	0.00698	0.00624	0.01368	0.01099	0.05268	0.00978	0.01112	0.00795	0.00398	0.00392	0.00081	0.00388	0.00318	0.00324	0.80992
23	0.01142	0.00944	0.01100	0.00790	0.01250	0.00729	0.00634	0.04064	0.01139	0.03563	0.00964	0.01102	0.00788	0.00400	0.00394	0.00082	0.00394	0.00319	0.00324	0.79877
24	0.01071	0.00916	0.01070	0.00770	0.01224	0.00689	0.00614	0.01299	0.01078	0.01689	0.00966	0.02735	0.00826	0.00411	0.00391	0.00080	0.00384	0.00333	0.00312	0.83141
25	0.01241	0.01188	0.02027	0.15307	0.66714	0.01225	0.01574	0.01556	0.01163	0.01643	0.00971	0.01304	0.00804	0.00473	0.00516	0.00158	0.00631	0.00464	0.00254	0.00786
26	0.75539	0.08738	0.00968	0.00719	0.01052	0.02998	0.00605	0.01546	0.00916	0.02207	0.00727	0.00847	0.00576	0.00481	0.00327	0.00156	0.00429	0.00283	0.00312	0.00575
27	0.00740	0.00567	0.00775	0.00763	0.00878	0.00537	0.03606	0.00989	0.05065	0.01737	0.37061	0.34021	0.07714	0.01261	0.00631	0.00185	0.00306	0.02159	0.00518	0.00487
28	0.01324	0.01119	0.03502	0.00951	0.01413	0.00950	0.03747	0.18972	0.01416	0.03874	0.01033	0.01149	0.00808	0.00453	0.00433	0.00104	0.00461	0.00365	0.00362	0.57563
29	0.83656	0.00996	0.00764	0.00685	0.01000	0.01154	0.00562	0.01513	0.00882	0.02307	0.00729	0.00861	0.00571	0.00510	0.00357	0.01886	0.00404	0.00285	0.00320	0.00557
30	0.00737	0.00532	0.00696	0.00655	0.00778	0.00491	0.00491	0.00983	0.01474	0.02088	0.78175	0.03890	0.04914	0.01065	0.00614	0.00164	0.00246	0.00942	0.00573	0.00491
31	0.00639	0.00522	0.00543	0.00545	0.00692	0.00449	0.00393	0.00758	0.01140	0.01385	0.07881	0.07526	0.63043	0.11150	0.00866	0.00217	0.00294	0.01064	0.00467	0.00426
32	0.01392	0.82012	0.02729	0.00891	0.01337	0.02061	0.00891	0.01559	0.01058	0.01225	0.00724	0.00835	0.00668	0.00446	0.00334	0.00111	0.00557	0.00278	0.00223	0.00668
33	0.01229	0.01405	0.03073	0.02195	0.02722	0.01317	0.76558	0.01668	0.01229	0.01668	0.01054	0.01405	0.00790	0.00439	0.00615	0.00176	0.00878	0.00615	0.00263	0.00702
34	0.01295	0.01119	0.01178	0.01060	0.01354	0.01295	0.00824	0.02767	0.77509	0.02178	0.02120	0.01943	0.01590	0.00707	0.00530	0.00177	0.00412	0.00589	0.00530	0.00824
35	0.00983	0.00926	0.01562	0.80447	0.03587	0.01157	0.01446	0.01331	0.01041	0.01331	0.00926	0.01388	0.00694	0.00521	0.00521	0.00174	0.00694	0.00463	0.00231	0.00579
36	0.85377	0.01007	0.00765	0.00685	0.01007	0.01168	0.00564	0.01531	0.00886	0.02336	0.00725	0.00846	0.00564	0.00483	0.00322	0.00161	0.00403	0.00282	0.00322	0.00564
37	0.00634	0.00453	0.00604	0.00725	0.00755	0.00423	0.00483	0.00725	0.00997	0.01329	0.02870	0.81358	0.03444	0.01632	0.00665	0.00211	0.00302	0.01480	0.00483	0.00423
38	0.00634	0.00453	0.00604	0.00725	0.00755	0.00423	0.00483	0.00725	0.00997	0.01329	0.02870	0.81358	0.03444	0.01632	0.00665	0.00211	0.00302	0.01480	0.00483	0.00423
39	0.01203	0.34653	0.01739	0.00945	0.01215	0.10583	0.00816	0.02827	0.03287	0.01292	0.01049	0.01373	0.00951	0.01846	0.31725	0.00406	0.02826	0.00413	0.00265	0.00587
40	0.00744	0.00558	0.00837	0.00837	0.00930	0.00651	0.00651	0.00930	0.00837	0.01209	0.01395	0.02046	0.01302	0.03906	0.79635	0.00837	0.01395	0.00558	0.00279	0.00465
41	0.00737	0.00532	0.00696	0.00655	0.00778	0.00491	0.00491	0.00983	0.01474	0.02088	0.78175	0.03890	0.04914	0.01065	0.00614	0.00164	0.00246	0.00942	0.00573	0.00491
42	0.01119	0.12792	0.57107	0.01519	0.02209	0.01337	0.13573	0.01641	0.01115	0.01597	0.00926	0.01113	0.00681	0.00480	0.00493	0.00160	0.00759	0.00407	0.00227	0.00746
43	0.01233	0.05809	0.22111	0.08970	0.37988	0.05265	0.08033	0.01617	0.01163	0.01608	0.00948	0.01217	0.00752	0.00477	0.00507	0.00157	0.00700	0.00440	0.00245	0.00760
44	0.01511	0.01754	0.01533	0.01503	0.09592	0.40158	0.02601	0.01671	0.01188	0.01314	0.00865	0.01166	0.00766	0.01014	0.09934	0.00243	0.21913	0.00412	0.00258	0.00604
45	0.00971	0.00485	0.00485	0.00485	0.00607	0.00485	0.00364	0.01213	0.01092	0.01942	0.01699	0.01942	0.01335	0.00607	0.00364	0.00121	0.00243	0.00485	0.84589	0.00485
46	0.02987	0.01083	0.01422	0.03076	0.14555	0.01038	0.00945	0.18704	0.01567	0.33317	0.01462	0.01438	0.01011	0.00562	0.00496	0.00145	0.00497	0.00461	0.00482	0.14753
47	0.15155	0.01238	0.05241	0.02187	0.44475	0.02830	0.02699	0.01547	0.01120	0.01793	0.00923	0.01162	0.00760	0.00455	0.00459	0.00142	0.00558	0.00401	0.00277	0.16578
48	0.02301	0.00887	0.01205	0.00922	0.01327	0.00763	0.00761	0.02503	0.01479	0.76606	0.02022	0.01753	0.01274	0.00637	0.00520	0.00159	0.00441	0.00518	0.00635	0.03288
49	0.03060	0.00542	0.00683	0.00648	0.00760	0.00516	0.00473	0.00962	0.01337	0.01912	0.62147	0.03702	0.05523	0.11899	0.03403	0.00231	0.00322	0.00889	0.00521	0.00468
50	0.00809	0.00654	0.00962	0.00925	0.01002	0.00807	0.00732	0.00983	0.00830	0.01216	0.01277	0.01896	0.01200	0.03411	0.66750	0.00736	0.14515	0.00541	0.00271	0.00482
51	0.01571	0.01174	0.01233	0.01059	0.01383	0.04728	0.00836	0.11878	0.50954	0.14934	0.01993	0.01834	0.02658	0.00689	0.00526	0.00170	0.00458	0.00560	0.00535	0.00826
52	0.01086	0.00925	0.01083	0.00790	0.01228	0.00721	0.00630	0.03059	0.01104	0.01713	0.00999	0.03985	0.00869	0.00445	0.00422	0.00086	0.01768	0.00357	0.00318	0.78410
53	0.02893	0.16908	0.42133	0.01516	0.04092	0.01384	0.15940	0.01611	0.01105	0.01579	0.00907	0.01110	0.00693	0.00484	0.00519	0.00156	0.03194	0.00409	0.00235	0.03134
54	0.08303	0.00512	0.00627	0.00712	0.00777	0.00499	0.00488	0.00824	0.01029	0.01488	0.09952	0.65062	0.03296	0.03027	0.00667	0.00208	0.00310	0.01306	0.00474	0.00440
55	0.01285	0.01105	0.01853	0.28031	0.47216	0.01169	0.01474	0.01596	0.01166	0.08548	0.01059	0.01365	0.00824	0.00499	0.00518	0.00161	0.00627	0.00469	0.00284	0.00751
56	0.00794	0.00607	0.00860	0.00850	0.00958	0.00705	0.00657	0.01091	0.07762	0.01291	0.01467	0.02074	0.01344	0.05751	0.70375	0.00768	0.01282	0.00566	0.00303	0.00493
57	0.00749	0.00567	0.00760	0.07853	0.01025	0.00547	0.00569	0.00994	0.01410	0.01961	0.64884	0.03761	0.10881	0.01038	0.00606	0.00166	0.00288	0.00912	0.00535	0.00495
58	0.01062	0.00573	0.00583	0.00550	0.00698	0.00587	0.00421	0.08035	0.01215	0.02063	0.01658	0.01879	0.01294	0.00608	0.00378	0.00125	0.00273	0.00484	0.76994	0.00522
59	0.00695	0.00592	0.00693	0.00785	0.07734	0.00520	0.00514	0.00853	0.01212	0.01508	0.13789	0.04500	0.60449	0.03061	0.00653	0.00180	0.00299	0.01014	0.00470	0.00478
60	0.02304	0.00938	0.01241	0.00951	0.01355	0.00842	0.00786	0.09239	0.01577	0.71987	0.01982	0.01725	0.01253	0.00643	0.00523	0.00161	0.00455	0.00519	0.00633	0.00886
61	0.77761	0.01000	0.00794	0.00693	0.01028	0.01125	0.00569	0.01511	0.00904	0.02279	0.00743	0.00867	0.00583	0.00475	0.00328	0.00154	0.00401	0.00284	0.00321	0.08182
62	0.01040	0.08262	0.01667	0.71685	0.03344	0.01248	0.01387	0.02848	0.01071	0.01360	0.00914	0.01336	0.00696	0.00516	0.00504	0.00168	0.00679	0.00446	0.00236	0.00593
63	0.00898	0.00598	0.00874	0.00843	0.00957	0.00676	0.00655	0.01074	0.00891	0.08211	0.01451	0.02071	0.01317	0.07606	0.66651	0.00744	0.03110	0.00563	0.00313	0.00498
64	0.00636	0.00515	0.00565	0.00581	0.00723	0.00444	0.00425	0.00776	0.01192	0.01487	0.14941	0.18728	0.54488	0.01340	0.00624	0.00181	0.00268	0.01147	0.00496	0.00444
65	0.01150	0.01261	0.04285	0.14257	0.12180	0.01205	0.46914	0.01545	0.01214	0.01658	0.07989	0.01605	0.01149	0.00513	0.00585	0.00171	0.00757	0.00596	0.00285	0.00681
66	0.77874	0.00996	0.00805	0.00707	0.01036	0.01132	0.00582	0.01622	0.00941	0.09246	0.00845	0.00930	0.00629	0.00498	0.00340	0.00161	0.00406	0.00304	0.00351	0.00593
67	0.02216	0.01019	0.01279	0.00983	0.01383	0.00969	0.00812	0.20901	0.01719	0.58262	0.01847	0.01647	0.01190	0.00639	0.00519	0.00159	0.00471	0.00509	0.02600	0.00877
68	0.08632	0.00944	0.01436	0.56652	0.02898	0.01076	0.02976	0.01353	0.01039	0.01497	0.00910	0.01283	0.00699	0.00490	0.00480	0.00155	0.00615	0.00421	0.00255	0.16189
69	0.00699	0.00486	0.00597	0.00644	0.00674	0.00467	0.00409	0.00768	0.00948	0.01274	0.10681	0.36884	0.04552	0.36768	0.01531	0.00334	0.00384	0.01095	0.00420	0.00384
70	0.11139	0.03549	0.00734	0.00652	0.00762	0.00674	0.00452	0.01041	0.05350	0.01526	0.18453	0.09640	0.05947	0.36270	0.01458	0.00316	0.00405	0.00789	0.00403	0.00441
71	0.42843	0.08557	0.01193	0.03382	0.01289	0.09027	0.00742	0.12650	0.03690	0.04382	0.03706	0.01112	0.00855	0.00536	0.00399	0.00151	0.00499	0.00362	0.00358	0.04269

[dist]
# distance from previous block
# <min> <max>
5	49

[block]
# block no. 6 follows, 47 sequences, length 56
# corresponding to MSA columns:
# 410-465
name=unknown_G
#
# <colnr> <probs for GDERKNQSTAVLIFYWHMCP>
#	G	D	E	R	K	N	Q	S	T	A	V	L	I	F	Y	W	H	M	C	P
0	0.06203	0.01172	0.02554	0.01048	0.02807	0.07810	0.00825	0.15023	0.23640	0.10523	0.07622	0.06428	0.01652	0.00748	0.00525	0.00164	0.00481	0.04413	0.00481	0.05882
1	0.17399	0.04226	0.03941	0.00965	0.01329	0.04696	0.00806	0.16437	0.12619	0.22606	0.01450	0.01487	0.01059	0.04855	0.00582	0.00174	0.00495	0.00459	0.00466	0.03946
2	0.03031	0.01071	0.01178	0.00930	0.01317	0.02711	0.00743	0.13414	0.20268	0.09598	0.04488	0.01493	0.01203	0.00560	0.00465	0.00129	0.00433	0.00449	0.00439	0.36080
3	0.01446	0.01230	0.01260	0.01091	0.01411	0.04220	0.00859	0.16882	0.58840	0.02347	0.01881	0.01756	0.01405	0.00678	0.00523	0.00169	0.00462	0.00551	0.00514	0.02473
4	0.00755	0.00496	0.00625	0.00668	0.00700	0.00485	0.00433	0.00796	0.00883	0.02851	0.02154	0.32778	0.04062	0.35344	0.06073	0.06787	0.00467	0.02881	0.00385	0.00377
5	0.01001	0.01053	0.06036	0.71479	0.03462	0.01169	0.05787	0.01368	0.01055	0.01368	0.00933	0.01373	0.00698	0.00514	0.00525	0.00173	0.00709	0.00467	0.00233	0.00596
6	0.02069	0.05655	0.05415	0.00993	0.01407	0.00998	0.00860	0.09246	0.09815	0.55099	0.01854	0.01655	0.01217	0.00630	0.00512	0.00160	0.00475	0.00505	0.00575	0.00861
7	0.00981	0.00909	0.01531	0.77657	0.03485	0.01132	0.01411	0.01308	0.01029	0.01316	0.00925	0.01395	0.00702	0.00566	0.00574	0.03135	0.00686	0.00462	0.00231	0.00566
8	0.00738	0.00502	0.00569	0.00579	0.00592	0.00494	0.00335	0.00754	0.00803	0.01061	0.01962	0.10277	0.06527	0.70003	0.02358	0.00460	0.00473	0.00840	0.00340	0.00332
9	0.00704	0.00531	0.00650	0.00620	0.00758	0.00477	0.00465	0.00919	0.01396	0.01902	0.58295	0.04196	0.24910	0.01134	0.00615	0.00167	0.00251	0.00985	0.00549	0.00477
10	0.85377	0.01007	0.00765	0.00685	0.01007	0.01168	0.00564	0.01531	0.00886	0.02336	0.00725	0.00846	0.00564	0.00483	0.00322	0.00161	0.00403	0.00282	0.00322	0.00564
11	0.01287	0.01377	0.02975	0.02128	0.02648	0.01288	0.72572	0.01714	0.01243	0.05725	0.01106	0.01424	0.00816	0.00450	0.00610	0.00175	0.00855	0.00610	0.00283	0.00712
12	0.85377	0.01007	0.00765	0.00685	0.01007	0.01168	0.00564	0.01531	0.00886	0.02336	0.00725	0.00846	0.00564	0.00483	0.00322	0.00161	0.00403	0.00282	0.00322	0.00564
13	0.00744	0.00558	0.00837	0.00837	0.00930	0.00651	0.00651	0.00930	0.00837	0.01209	0.01395	0.02046	0.01302	0.03906	0.79635	0.00837	0.01395	0.00558	0.00279	0.00465
14	0.01289	0.01237	0.02114	0.03196	0.78450	0.01237	0.01598	0.01598	0.01186	0.01701	0.00980	0.01289	0.00825	0.00464	0.00516	0.00155	0.00619	0.00464	0.00258	0.00825
15	0.01229	0.01405	0.03073	0.02195	0.02722	0.01317	0.76558	0.01668	0.01229	0.01668	0.01054	0.01405	0.00790	0.00439	0.00615	0.00176	0.00878	0.00615	0.00263	0.00702
16	0.00737	0.00532	0.00696	0.00655	0.00778	0.00491	0.00491	0.00983	0.01474	0.02088	0.78175	0.03890	0.04914	0.01065	0.00614	0.00164	0.00246	0.00942	0.00573	0.00491
17	0.00971	0.00485	0.00485	0.00485	0.00607	0.00485	0.00364	0.01213	0.01092	0.01942	0.01699	0.01942	0.01335	0.00607	0.00364	0.00121	0.00243	0.00485	0.84589	0.00485
18	0.85377	0.01007	0.00765	0.00685	0.01007	0.01168	0.00564	0.01531	0.00886	0.02336	0.00725	0.00846	0.00564	0.00483	0.00322	0.00161	0.00403	0.00282	0.00322	0.00564
19	0.01121	0.01359	0.10864	0.27553	0.08813	0.01228	0.36480	0.01531	0.01146	0.01552	0.01031	0.03037	0.00803	0.00499	0.00564	0.00173	0.00774	0.00546	0.00252	0.00673
20	0.07029	0.00912	0.01195	0.00922	0.01320	0.00816	0.00761	0.04907	0.01488	0.72007	0.01953	0.01703	0.01235	0.00635	0.00512	0.00161	0.00445	0.00508	0.00622	0.00868
21	0.01445	0.70151	0.05078	0.00963	0.01398	0.11068	0.00938	0.01623	0.01108	0.01245	0.00740	0.00856	0.00668	0.00458	0.00355	0.00116	0.00608	0.00289	0.00228	0.00664
22	0.00733	0.00532	0.00691	0.00651	0.00776	0.00490	0.00488	0.00976	0.01465	0.02068	0.75969	0.03924	0.07132	0.01072	0.00614	0.00164	0.00246	0.00947	0.00571	0.00490
23	0.00905	0.00452	0.00678	0.00678	0.00678	0.00452	0.00452	0.00678	0.00678	0.00905	0.00905	0.01583	0.00905	0.01809	0.02035	0.84848	0.00452	0.00452	0.00226	0.00226
24	0.85377	0.01007	0.00765	0.00685	0.01007	0.01168	0.00564	0.01531	0.00886	0.02336	0.00725	0.00846	0.00564	0.00483	0.00322	0.00161	0.00403	0.00282	0.00322	0.00564
25	0.01392	0.82012	0.02729	0.00891	0.01337	0.02061	0.00891	0.01559	0.01058	0.01225	0.00724	0.00835	0.00668	0.00446	0.00334	0.00111	0.00557	0.00278	0.00223	0.00668
26	0.85377	0.01007	0.00765	0.00685	0.01007	0.01168	0.00564	0.01531	0.00886	0.02336	0.00725	0.00846	0.00564	0.00483	0.00322	0.00161	0.00403	0.00282	0.00322	0.00564
27	0.00737	0.00532	0.00696	0.00655	0.00778	0.00491	0.00491	0.00983	0.01474	0.02088	0.78175	0.03890	0.04914	0.01065	0.00614	0.00164	0.00246	0.00942	0.00573	0.00491
28	0.00737	0.00532	0.00696	0.00655	0.00778	0.00491	0.00491	0.00983	0.01474	0.02088	0.78175	0.03890	0.04914	0.01065	0.00614	0.00164	0.00246	0.00942	0.00573	0.00491
29	0.01080	0.00926	0.01080	0.00771	0.01234	0.00694	0.00617	0.01311	0.01080	0.01697	0.00926	0.01080	0.00771	0.00386	0.00386	0.00077	0.00386	0.00309	0.00309	0.84882
30	0.01115	0.02513	0.71056	0.01451	0.02180	0.01171	0.03604	0.01685	0.01133	0.06031	0.02706	0.01206	0.00792	0.00515	0.00502	0.00165	0.00742	0.00410	0.00253	0.00768
31	0.00825	0.00685	0.04863	0.00770	0.00939	0.00577	0.00646	0.02650	0.01410	0.03416	0.53375	0.04080	0.07130	0.01101	0.00625	0.00179	0.00330	0.15348	0.00533	0.00517
32	0.02001	0.01424	0.01542	0.01182	0.01598	0.01564	0.00976	0.72249	0.02391	0.07828	0.01299	0.01282	0.00910	0.00626	0.00521	0.00157	0.00565	0.00472	0.00528	0.00886
33	0.02336	0.00886	0.01209	0.00927	0.01329	0.00765	0.00765	0.02538	0.01491	0.78810	0.02055	0.01773	0.01289	0.00645	0.00524	0.00161	0.00443	0.00524	0.00645	0.00886
34	0.01119	0.01109	0.01555	0.01339	0.01344	0.01545	0.01114	0.01236	0.00800	0.01251	0.00721	0.01187	0.00716	0.01069	0.05807	0.00260	0.76572	0.00461	0.00231	0.00564
35	0.00634	0.00453	0.00604	0.00725	0.00755	0.00423	0.00483	0.00725	0.00997	0.01329	0.02870	0.81358	0.03444	0.01632	0.00665	0.00211	0.00302	0.01480	0.00483	0.00423
36	0.01112	0.09088	0.54689	0.06188	0.14155	0.01285	0.03168	0.01616	0.01109	0.01604	0.00925	0.01129	0.00691	0.00486	0.00488	0.00159	0.00726	0.00397	0.00228	0.00758
37	0.85377	0.01007	0.00765	0.00685	0.01007	0.01168	0.00564	0.01531	0.00886	0.02336	0.00725	0.00846	0.00564	0.00483	0.00322	0.00161	0.00403	0.00282	0.00322	0.00564
38	0.02336	0.00886	0.01209	0.00927	0.01329	0.00765	0.00765	0.02538	0.01491	0.78810	0.02055	0.01773	0.01289	0.00645	0.00524	0.00161	0.00443	0.00524	0.00645	0.00886
39	0.00726	0.00640	0.03632	0.00785	0.00870	0.02898	0.00570	0.00918	0.05356	0.01390	0.02771	0.68886	0.05596	0.01493	0.00643	0.00204	0.00344	0.01341	0.00470	0.00465
40	0.01945	0.02482	0.01476	0.01342	0.01610	0.79608	0.01006	0.02079	0.01476	0.01275	0.00805	0.00939	0.00671	0.00537	0.00470	0.00134	0.00939	0.00335	0.00268	0.00604
41	0.00637	0.00526	0.00559	0.00556	0.00718	0.00448	0.00415	0.00786	0.01228	0.01518	0.17367	0.07718	0.63149	0.01288	0.00617	0.00175	0.00262	0.01087	0.00499	0.00448
42	0.01660	0.01271	0.01353	0.01103	0.01453	0.01425	0.00887	0.44800	0.29691	0.02772	0.01595	0.01579	0.01183	0.02341	0.00561	0.00169	0.00498	0.00519	0.04305	0.00833
43	0.00684	0.00478	0.00597	0.00666	0.00690	0.00462	0.00425	0.00745	0.00905	0.01207	0.02405	0.47975	0.04223	0.31643	0.04168	0.00342	0.00415	0.01170	0.00414	0.00385
44	0.01345	0.71326	0.13004	0.00971	0.01460	0.01946	0.01030	0.01571	0.01064	0.01282	0.00752	0.00871	0.00667	0.00452	0.00356	0.00119	0.00586	0.00293	0.00222	0.00682
45	0.85377	0.01007	0.00765	0.00685	0.01007	0.01168	0.00564	0.01531	0.00886	0.02336	0.00725	0.00846	0.00564	0.00483	0.00322	0.00161	0.00403	0.00282	0.00322	0.00564
46	0.00728	0.00532	0.00684	0.00646	0.00773	0.00488	0.00484	0.00965	0.01453	0.02038	0.72803	0.03973	0.10317	0.01083	0.00614	0.00165	0.00247	0.00953	0.00567	0.00488
47	0.00744	0.00558	0.00837	0.00837	0.00930	0.00651	0.00651	0.00930	0.00837	0.01209	0.01395	0.02046	0.01302	0.03906	0.79635	0.00837	0.01395	0.00558	0.00279	0.00465
48	0.01139	0.01139	0.01595	0.01367	0.01367	0.01595	0.01139	0.01253	0.00798	0.01253	0.00684	0.01139	0.00684	0.00911	0.01709	0.00228	0.80745	0.00456	0.00228	0.00570
49	0.01980	0.01459	0.01563	0.01198	0.01615	0.01615	0.00990	0.76713	0.02448	0.03282	0.01250	0.01250	0.00886	0.00625	0.00521	0.00156	0.00573	0.00469	0.00521	0.00886
50	0.01080	0.00926	0.01080	0.00771	0.01234	0.00694	0.00617	0.01311	0.01080	0.01697	0.00926	0.01080	0.00771	0.00386	0.00386	0.00077	0.00386	0.00309	0.00309	0.84882
51	0.00737	0.00532	0.00696	0.00655	0.00778	0.00491	0.00491	0.00983	0.01474	0.02088	0.78175	0.03890	0.04914	0.01065	0.00614	0.00164	0.00246	0.00942	0.00573	0.00491
52	0.85377	0.01007	0.00765	0.00685	0.01007	0.01168	0.00564	0.01531	0.00886	0.02336	0.00725	0.00846	0.00564	0.00483	0.00322	0.00161	0.00403	0.00282	0.00322	0.00564
53	0.02068	0.01317	0.01475	0.01131	0.01544	0.01405	0.00934	0.58362	0.02211	0.21968	0.01449	0.01379	0.00985	0.00630	0.00522	0.00157	0.00541	0.00482	0.00552	0.00886
54	0.01477	0.70216	0.02552	0.00944	0.01377	0.06414	0.00907	0.08390	0.01208	0.01414	0.00776	0.00879	0.00688	0.00467	0.00359	0.00117	0.00580	0.00299	0.00252	0.00684
55	0.01447	0.71045	0.04528	0.00949	0.01391	0.06616	0.00929	0.05545	0.01157	0.01347	0.00762	0.00870	0.00680	0.00462	0.00356	0.00116	0.00586	0.00295	0.00241	0.00678

[dist]
# distance from previous block
# <min> <max>
0	1

[block]
# block no. 7 follows, 47 sequences, length 19
# corresponding to MSA columns:
# 467-485
name=unknown_H
#
# <colnr> <probs for GDERKNQSTAVLIFYWHMCP>
#	G	D	E	R	K	N	Q	S	T	A	V	L	I	F	Y	W	H	M	C	P
0	0.03153	0.01354	0.16280	0.01138	0.01511	0.01140	0.05508	0.14642	0.26686	0.02055	0.01965	0.14270	0.06393	0.00815	0.00548	0.00176	0.00510	0.00696	0.00437	0.00723
1	0.00968	0.00909	0.01519	0.77164	0.03468	0.01128	0.01403	0.01307	0.01047	0.01334	0.01104	0.01537	0.03879	0.00553	0.00525	0.00174	0.00677	0.00489	0.00242	0.00573
2	0.01062	0.00907	0.01061	0.00769	0.01215	0.00683	0.00612	0.01288	0.01077	0.01682	0.01004	0.04314	0.00879	0.00436	0.00397	0.00083	0.00382	0.00356	0.00316	0.81479
3	0.00905	0.00452	0.00678	0.00678	0.00678	0.00452	0.00452	0.00678	0.00678	0.00905	0.00905	0.01583	0.00905	0.01809	0.02035	0.84848	0.00452	0.00452	0.00226	0.00226
4	0.00744	0.00558	0.00837	0.00837	0.00930	0.00651	0.00651	0.00930	0.00837	0.01209	0.01395	0.02046	0.01302	0.03906	0.79635	0.00837	0.01395	0.00558	0.00279	0.00465
