[name]
unknown

[dist]
# distance from previous block
# <min> <max>
43	70

[block]
# block no. 0 follows, 48 sequences, length 11
# corresponding to MSA columns:
# 90-100
name=unknown_A
#
# <colnr> <probs for GDERKNQSTAVLIFYWHMCP>
#	G	D	E	R	K	N	Q	S	T	A	V	L	I	F	Y	W	H	M	C	P
0	0.01459	0.09488	0.01379	0.03473	0.03817	0.01282	0.00859	0.05468	0.50638	0.13672	0.01832	0.01712	0.01350	0.00644	0.00500	0.00164	0.00447	0.00526	0.00490	0.00801
1	0.00929	0.00694	0.00845	0.00829	0.00960	0.00705	0.00605	0.15492	0.01267	0.01718	0.04085	0.56313	0.02676	0.01301	0.00648	0.00189	0.03391	0.01145	0.00465	0.05742
2	0.01675	0.01283	0.01320	0.01070	0.01388	0.06175	0.00849	0.51985	0.06259	0.04236	0.01452	0.08653	0.01234	0.09131	0.00741	0.00194	0.00545	0.00580	0.00477	0.00753
3	0.03127	0.01287	0.06032	0.03481	0.01522	0.03554	0.00909	0.34662	0.06733	0.12370	0.04185	0.01387	0.01066	0.00578	0.00485	0.00142	0.00513	0.00451	0.00454	0.17062
4	0.29464	0.06748	0.01304	0.05230	0.01468	0.36823	0.00856	0.07477	0.01287	0.03893	0.00835	0.00958	0.00660	0.00515	0.00414	0.00144	0.00674	0.00331	0.00306	0.00613
5	0.00850	0.00454	0.00664	0.00670	0.00685	0.00447	0.00452	0.00704	0.00778	0.01049	0.09103	0.08937	0.01524	0.01691	0.01740	0.68707	0.00411	0.00586	0.00281	0.00267
6	0.01355	0.54145	0.10775	0.00977	0.01407	0.05292	0.00970	0.09327	0.01218	0.01499	0.03449	0.05623	0.00973	0.00554	0.00399	0.00128	0.00566	0.00397	0.00278	0.00669
7	0.00794	0.00604	0.00749	0.00743	0.00887	0.00573	0.00564	0.01088	0.08026	0.01681	0.26617	0.21424	0.08161	0.05031	0.00700	0.00194	0.00333	0.12832	0.00484	0.08515
8	0.03682	0.01188	0.01475	0.16471	0.01903	0.01291	0.04615	0.42197	0.01812	0.08078	0.01260	0.04459	0.00956	0.00610	0.00507	0.00155	0.00559	0.00497	0.02493	0.05791
9	0.31080	0.02670	0.01163	0.01012	0.03833	0.15301	0.02174	0.15079	0.03881	0.03413	0.01322	0.01434	0.07475	0.02765	0.00516	0.00161	0.02099	0.00433	0.00362	0.03826
10	0.06337	0.03985	0.02968	0.02832	0.01169	0.02176	0.02118	0.10740	0.02910	0.05735	0.01501	0.15791	0.01475	0.13417	0.07916	0.00263	0.02065	0.00646	0.00372	0.15583

[dist]
# distance from previous block
# <min> <max>
2	12

[block]
# block no. 1 follows, 48 sequences, length 27
# corresponding to MSA columns:
# 113-139
name=unknown_B
#
# <colnr> <probs for GDERKNQSTAVLIFYWHMCP>
#	G	D	E	R	K	N	Q	S	T	A	V	L	I	F	Y	W	H	M	C	P
0	0.01590	0.01142	0.07271	0.01031	0.03735	0.00986	0.00856	0.17063	0.08728	0.23583	0.03474	0.01544	0.01148	0.03925	0.00569	0.00153	0.00473	0.00466	0.00458	0.21807
1	0.01033	0.00891	0.06224	0.28525	0.01987	0.00878	0.06846	0.05795	0.00991	0.02616	0.01000	0.03047	0.00859	0.01102	0.02665	0.33727	0.00603	0.00482	0.00258	0.00473
2	0.00897	0.00639	0.00923	0.03545	0.12243	0.00625	0.00730	0.01056	0.01069	0.06351	0.05439	0.33472	0.02567	0.12195	0.00895	0.00239	0.00423	0.15758	0.00427	0.00508
3	0.01296	0.00915	0.01106	0.02906	0.01296	0.00735	0.00664	0.04105	0.01187	0.14939	0.02837	0.01256	0.00940	0.00450	0.00416	0.00097	0.00401	0.00363	0.00371	0.63719
4	0.01093	0.00989	0.01579	0.66804	0.08797	0.01193	0.01389	0.09227	0.01181	0.01538	0.00949	0.01347	0.00713	0.00520	0.00513	0.00168	0.00666	0.00457	0.00260	0.00619
5	0.00710	0.00485	0.00584	0.00626	0.00643	0.00475	0.00388	0.00753	0.00854	0.01140	0.03692	0.28544	0.02461	0.51354	0.01868	0.00387	0.00427	0.03878	0.00376	0.00355
6	0.01044	0.05521	0.65418	0.01461	0.02148	0.01194	0.07603	0.01587	0.01098	0.01604	0.01036	0.01396	0.00807	0.00541	0.00505	0.00166	0.00740	0.05164	0.00236	0.00731
7	0.01097	0.18472	0.64087	0.01346	0.02041	0.01358	0.01694	0.01607	0.01075	0.01542	0.00880	0.01032	0.00652	0.00478	0.00456	0.00152	0.00717	0.00358	0.00217	0.00738
8	0.00638	0.00454	0.00604	0.00719	0.00751	0.00427	0.00485	0.00730	0.00982	0.01308	0.02782	0.75802	0.03323	0.04372	0.00725	0.00220	0.00312	0.04483	0.00470	0.00415
9	0.01372	0.82276	0.02689	0.00878	0.01317	0.02030	0.00878	0.01536	0.01043	0.01207	0.00713	0.00823	0.00658	0.00439	0.00329	0.00110	0.00549	0.00274	0.00219	0.00658
10	0.01227	0.01030	0.01109	0.00970	0.01275	0.01124	0.00756	0.02390	0.59975	0.03780	0.04987	0.01957	0.03923	0.00682	0.00508	0.00159	0.00392	0.00569	0.00494	0.12691
11	0.01422	0.01117	0.01200	0.01047	0.01357	0.01267	0.00824	0.09971	0.64550	0.08220	0.02000	0.01835	0.01476	0.00684	0.00521	0.00171	0.00424	0.00564	0.00530	0.00823
12	0.01812	0.04473	0.01449	0.01267	0.01543	0.64757	0.00963	0.03912	0.12251	0.01427	0.00984	0.01069	0.00794	0.00552	0.00469	0.00138	0.00833	0.00367	0.00305	0.00634
13	0.00915	0.00730	0.00881	0.00973	0.01108	0.05669	0.00837	0.01195	0.04363	0.01543	0.02568	0.05318	0.02750	0.01331	0.00685	0.00227	0.00499	0.67454	0.00461	0.00494
14	0.00625	0.00447	0.00595	0.00714	0.00744	0.00417	0.00476	0.00714	0.00982	0.01310	0.02828	0.81633	0.03394	0.01608	0.00655	0.00208	0.00298	0.01459	0.00476	0.00417
15	0.00625	0.00447	0.00595	0.00714	0.00744	0.00417	0.00476	0.00714	0.00982	0.01310	0.02828	0.81633	0.03394	0.01608	0.00655	0.00208	0.00298	0.01459	0.00476	0.00417
16	0.01003	0.00979	0.01749	0.69640	0.03414	0.01162	0.12082	0.01358	0.01052	0.01358	0.00930	0.01370	0.00697	0.00502	0.00526	0.00171	0.00710	0.00477	0.00232	0.00587
17	0.01211	0.01384	0.03028	0.02163	0.02682	0.01298	0.76903	0.01644	0.01211	0.01644	0.01038	0.01384	0.00779	0.00433	0.00606	0.00173	0.00865	0.00606	0.00260	0.00692
18	0.00969	0.00912	0.01539	0.80734	0.03534	0.01140	0.01425	0.01311	0.01026	0.01311	0.00912	0.01368	0.00684	0.00513	0.00513	0.00171	0.00684	0.00456	0.00228	0.00570
19	0.00606	0.00520	0.00520	0.00520	0.00693	0.00433	0.00390	0.00736	0.01170	0.01386	0.05198	0.04938	0.78558	0.01299	0.00606	0.00173	0.00260	0.01083	0.00476	0.00433
20	0.00662	0.00516	0.00601	0.00592	0.00730	0.00455	0.00439	0.00840	0.01283	0.01684	0.38145	0.10384	0.39411	0.01210	0.00610	0.00171	0.00255	0.01042	0.00516	0.00455
21	0.00746	0.00497	0.00560	0.00560	0.00560	0.00497	0.00311	0.00746	0.00746	0.00995	0.01617	0.03358	0.01865	0.81967	0.02612	0.00497	0.00497	0.00746	0.00311	0.00311
22	0.00625	0.00447	0.00595	0.00714	0.00744	0.00417	0.00476	0.00714	0.00982	0.01310	0.02828	0.81633	0.03394	0.01608	0.00655	0.00208	0.00298	0.01459	0.00476	0.00417
23	0.83016	0.00989	0.00768	0.00682	0.01002	0.01139	0.00562	0.01539	0.00892	0.04678	0.00755	0.00862	0.00578	0.00481	0.00324	0.00159	0.00398	0.00285	0.00327	0.00566
24	0.01951	0.01437	0.01540	0.01181	0.01591	0.01591	0.00975	0.77056	0.02412	0.03234	0.01232	0.01232	0.00873	0.00616	0.00513	0.00154	0.00565	0.00462	0.00513	0.00873
25	0.01212	0.01317	0.02697	0.01928	0.02435	0.01217	0.63498	0.03830	0.01225	0.01695	0.01025	0.01333	0.00779	0.00430	0.00570	0.00158	0.00785	0.00557	0.00274	0.13035
26	0.00720	0.00524	0.00677	0.00639	0.00763	0.00481	0.00479	0.00956	0.01437	0.02021	0.74509	0.03893	0.08851	0.01063	0.00605	0.00162	0.00243	0.00936	0.00560	0.00481

[dist]
# distance from previous block
# <min> <max>
0	16

[block]
# block no. 2 follows, 48 sequences, length 184
# corresponding to MSA columns:
# 156-251,294-381
name=unknown_C
#
# <colnr> <probs for GDERKNQSTAVLIFYWHMCP>
#	G	D	E	R	K	N	Q	S	T	A	V	L	I	F	Y	W	H	M	C	P
0	0.01359	0.79214	0.05635	0.00900	0.01352	0.01998	0.00917	0.01540	0.01044	0.01223	0.00721	0.00833	0.00658	0.00441	0.00335	0.00112	0.00557	0.00278	0.00219	0.00662
1	0.01378	0.77882	0.02611	0.00892	0.01322	0.03366	0.00878	0.01589	0.03884	0.01243	0.00765	0.00865	0.00692	0.00450	0.00339	0.00113	0.00550	0.00287	0.00231	0.00663
2	0.00983	0.00654	0.00851	0.00885	0.01041	0.00654	0.00735	0.01328	0.09653	0.08780	0.08156	0.08464	0.05860	0.04865	0.00741	0.00225	0.00429	0.44668	0.00493	0.00536
3	0.01462	0.01226	0.01263	0.01086	0.01405	0.03753	0.00858	0.21078	0.56866	0.02388	0.01837	0.01716	0.01367	0.00671	0.00518	0.00168	0.00461	0.00543	0.00512	0.00820
4	0.02302	0.00873	0.01191	0.00913	0.01310	0.00754	0.00754	0.02501	0.01469	0.79122	0.02024	0.01746	0.01270	0.00635	0.00516	0.00159	0.00437	0.00516	0.00635	0.00873
5	0.01372	0.82276	0.02689	0.00878	0.01317	0.02030	0.00878	0.01536	0.01043	0.01207	0.00713	0.00823	0.00658	0.00439	0.00329	0.00110	0.00549	0.00274	0.00219	0.00658
6	0.00681	0.00476	0.00587	0.00643	0.00671	0.00458	0.00409	0.00744	0.00911	0.01215	0.05798	0.41610	0.05683	0.34422	0.03062	0.00335	0.00397	0.01111	0.00409	0.00378
7	0.00641	0.00519	0.00569	0.00560	0.00715	0.00447	0.00419	0.00802	0.01246	0.01576	0.26031	0.06475	0.55734	0.01236	0.00607	0.00171	0.00256	0.01048	0.00502	0.00447
8	0.00629	0.00538	0.00542	0.00538	0.00714	0.00460	0.00404	0.00801	0.03514	0.01421	0.06386	0.04826	0.74919	0.01277	0.00604	0.00173	0.00264	0.01065	0.00479	0.00446
9	0.01951	0.01437	0.01540	0.01181	0.01591	0.01591	0.00975	0.77056	0.02412	0.03234	0.01232	0.01232	0.00873	0.00616	0.00513	0.00154	0.00565	0.00462	0.00513	0.00873
10	0.01211	0.01384	0.03028	0.02163	0.02682	0.01298	0.76903	0.01644	0.01211	0.01644	0.01038	0.01384	0.00779	0.00433	0.00606	0.00173	0.00865	0.00606	0.00260	0.00692
11	0.00633	0.00452	0.00604	0.00723	0.00756	0.00423	0.00490	0.00728	0.00990	0.01319	0.02824	0.78716	0.03377	0.01600	0.00657	0.00209	0.00304	0.04299	0.00476	0.00419
12	0.00625	0.00447	0.00595	0.00714	0.00744	0.00417	0.00476	0.00714	0.00982	0.01310	0.02828	0.81633	0.03394	0.01608	0.00655	0.00208	0.00298	0.01459	0.00476	0.00417
13	0.00683	0.00476	0.00573	0.00627	0.00651	0.00457	0.00390	0.00731	0.00878	0.01161	0.02381	0.38717	0.07239	0.40837	0.01608	0.00347	0.00393	0.01088	0.00396	0.00366
14	0.00625	0.00447	0.00595	0.00714	0.00744	0.00417	0.00476	0.00714	0.00982	0.01310	0.02828	0.81633	0.03394	0.01608	0.00655	0.00208	0.00298	0.01459	0.00476	0.00417
15	0.01372	0.82276	0.02689	0.00878	0.01317	0.02030	0.00878	0.01536	0.01043	0.01207	0.00713	0.00823	0.00658	0.00439	0.00329	0.00110	0.00549	0.00274	0.00219	0.00658
16	0.02295	0.00885	0.01198	0.00918	0.01316	0.00771	0.00759	0.04014	0.01488	0.77582	0.02008	0.01736	0.01262	0.00635	0.00516	0.00159	0.00439	0.00515	0.00633	0.00873
17	0.01067	0.04359	0.65966	0.01584	0.04590	0.01225	0.10866	0.01624	0.01100	0.01619	0.00931	0.01119	0.00671	0.00479	0.00499	0.00162	0.00762	0.00406	0.00223	0.00750
18	0.03416	0.78693	0.02617	0.00882	0.01315	0.03590	0.00872	0.01546	0.01047	0.01235	0.00715	0.00825	0.00656	0.00442	0.00332	0.00111	0.00553	0.00276	0.00223	0.00655
19	0.01406	0.07098	0.02033	0.01441	0.03404	0.01299	0.26983	0.23969	0.01508	0.02080	0.01030	0.01213	0.00791	0.00490	0.00536	0.00141	0.03079	0.00460	0.00341	0.20697
20	0.01252	0.01435	0.16046	0.01963	0.31829	0.01226	0.02666	0.02047	0.30383	0.03720	0.01412	0.01495	0.01080	0.00558	0.00511	0.00163	0.00560	0.00494	0.00359	0.00802
21	0.01238	0.01187	0.02025	0.11328	0.70836	0.01211	0.01559	0.01547	0.01153	0.01638	0.00960	0.01280	0.00799	0.00463	0.00509	0.00154	0.00617	0.00457	0.00251	0.00787
22	0.01365	0.80723	0.04184	0.00889	0.01335	0.02014	0.00898	0.01538	0.01043	0.01215	0.00717	0.00828	0.00658	0.00440	0.00332	0.00111	0.00553	0.00276	0.00219	0.00660
23	0.00606	0.00520	0.00520	0.00520	0.00693	0.00433	0.00390	0.00736	0.01170	0.01386	0.05198	0.04938	0.78558	0.01299	0.00606	0.00173	0.00260	0.01083	0.00476	0.00433
24	0.01235	0.01175	0.01851	0.14849	0.54344	0.02523	0.01429	0.01712	0.12502	0.01682	0.01120	0.01375	0.00902	0.00502	0.00510	0.00158	0.00596	0.00473	0.00290	0.00771
25	0.00629	0.00449	0.00600	0.00719	0.00750	0.00420	0.00483	0.00721	0.00986	0.01314	0.02826	0.80167	0.03385	0.01604	0.00656	0.00209	0.00301	0.02885	0.00476	0.00418
26	0.00731	0.00500	0.00555	0.00555	0.00574	0.00491	0.00319	0.00745	0.00792	0.01037	0.02004	0.03529	0.10153	0.73250	0.02395	0.00462	0.00472	0.00783	0.00329	0.00324
27	0.00609	0.00520	0.00523	0.00523	0.00695	0.00434	0.00392	0.00741	0.01176	0.01401	0.06808	0.04914	0.76939	0.01294	0.00606	0.00173	0.00260	0.01080	0.00478	0.00434
28	0.01851	0.02343	0.01410	0.01291	0.01543	0.75833	0.00965	0.01981	0.01430	0.01259	0.00897	0.05062	0.00801	0.00584	0.00473	0.00136	0.00893	0.00388	0.00275	0.00586
29	0.01951	0.01437	0.01540	0.01181	0.01591	0.01591	0.00975	0.77056	0.02412	0.03234	0.01232	0.01232	0.00873	0.00616	0.00513	0.00154	0.00565	0.00462	0.00513	0.00873
30	0.01064	0.00912	0.01064	0.00760	0.01216	0.00684	0.00608	0.01292	0.01064	0.01672	0.00912	0.01064	0.00760	0.00380	0.00380	0.00076	0.00380	0.00304	0.00304	0.85104
31	0.85592	0.00992	0.00754	0.00675	0.00992	0.01151	0.00556	0.01508	0.00873	0.02302	0.00714	0.00834	0.00556	0.00476	0.00318	0.00159	0.00397	0.00278	0.00318	0.00556
32	0.85592	0.00992	0.00754	0.00675	0.00992	0.01151	0.00556	0.01508	0.00873	0.02302	0.00714	0.00834	0.00556	0.00476	0.00318	0.00159	0.00397	0.00278	0.00318	0.00556
33	0.01951	0.01437	0.01540	0.01181	0.01591	0.01591	0.00975	0.77056	0.02412	0.03234	0.01232	0.01232	0.00873	0.00616	0.00513	0.00154	0.00565	0.00462	0.00513	0.00873
34	0.00694	0.00523	0.00641	0.00612	0.00747	0.00470	0.00459	0.00906	0.01376	0.01876	0.58725	0.04131	0.24726	0.01117	0.00606	0.00165	0.00247	0.00970	0.00541	0.00470
35	0.01276	0.01102	0.01160	0.01044	0.01334	0.01276	0.00812	0.02727	0.77840	0.02146	0.02088	0.01914	0.01566	0.00696	0.00522	0.00174	0.00406	0.00580	0.00522	0.00812
36	0.02295	0.00884	0.01198	0.00918	0.01315	0.00771	0.00759	0.03975	0.01487	0.77621	0.02009	0.01736	0.01262	0.00635	0.00516	0.00159	0.00439	0.00515	0.00633	0.00873
37	0.81323	0.00986	0.00777	0.00687	0.01009	0.01131	0.00566	0.01559	0.00904	0.06239	0.00782	0.00880	0.00592	0.00484	0.00328	0.00159	0.00399	0.00290	0.00334	0.00572
38	0.00816	0.00583	0.00814	0.00932	0.01045	0.00581	0.00807	0.01044	0.01170	0.01523	0.02723	0.10045	0.02978	0.01428	0.00706	0.00235	0.00463	0.71168	0.00473	0.00469
39	0.85592	0.00992	0.00754	0.00675	0.00992	0.01151	0.00556	0.01508	0.00873	0.02302	0.00714	0.00834	0.00556	0.00476	0.00318	0.00159	0.00397	0.00278	0.00318	0.00556
40	0.00619	0.00520	0.00537	0.00533	0.00701	0.00438	0.00400	0.00760	0.01199	0.01455	0.12744	0.04824	0.70969	0.01274	0.00606	0.00172	0.00258	0.01067	0.00486	0.00438
41	0.00733	0.00550	0.00825	0.00825	0.00916	0.00641	0.00641	0.00916	0.00825	0.01191	0.01374	0.02016	0.01283	0.03848	0.79934	0.00825	0.01374	0.00550	0.00275	0.00458
42	0.01372	0.82276	0.02689	0.00878	0.01317	0.02030	0.00878	0.01536	0.01043	0.01207	0.00713	0.00823	0.00658	0.00439	0.00329	0.00110	0.00549	0.00274	0.00219	0.00658
43	0.02302	0.00873	0.01191	0.00913	0.01310	0.00754	0.00754	0.02501	0.01469	0.79122	0.02024	0.01746	0.01270	0.00635	0.00516	0.00159	0.00437	0.00516	0.00635	0.00873
44	0.00827	0.00591	0.00827	0.00945	0.01063	0.00591	0.00827	0.01063	0.01181	0.01536	0.02717	0.05788	0.02953	0.01417	0.00709	0.00236	0.00472	0.75313	0.00472	0.00472
45	0.01270	0.01219	0.02083	0.03149	0.78767	0.01219	0.01575	0.01575	0.01168	0.01676	0.00965	0.01270	0.00813	0.00457	0.00508	0.00152	0.00610	0.00457	0.00254	0.00813
46	0.00749	0.00583	0.00892	0.00890	0.00985	0.00558	0.08470	0.00891	0.01012	0.01344	0.02427	0.44641	0.02787	0.14084	0.00969	0.00256	0.00426	0.17168	0.00427	0.00441
47	0.00956	0.00478	0.00478	0.00478	0.00598	0.00478	0.00359	0.01196	0.01076	0.01913	0.01674	0.01913	0.01315	0.00598	0.00359	0.00120	0.00239	0.00478	0.84816	0.00478
48	0.01258	0.01207	0.02062	0.06133	0.75873	0.01216	0.01569	0.01565	0.01163	0.01662	0.00963	0.01274	0.00808	0.00459	0.00508	0.00153	0.00612	0.00457	0.00253	0.00803
49	0.02294	0.00887	0.01199	0.00919	0.01317	0.00774	0.00759	0.04276	0.01491	0.77315	0.02005	0.01734	0.01261	0.00635	0.00516	0.00159	0.00440	0.00515	0.00632	0.00873
50	0.01365	0.80735	0.04171	0.00889	0.01334	0.02014	0.00898	0.01538	0.01043	0.01215	0.00717	0.00828	0.00658	0.00440	0.00332	0.00111	0.00553	0.00276	0.00219	0.00660
51	0.00711	0.00524	0.00665	0.00630	0.00757	0.00478	0.00472	0.00939	0.01417	0.01974	0.69362	0.03971	0.14028	0.01080	0.00605	0.00163	0.00244	0.00947	0.00554	0.00478
52	0.01951	0.01437	0.01540	0.01181	0.01591	0.01591	0.00975	0.77056	0.02412	0.03234	0.01232	0.01232	0.00873	0.00616	0.00513	0.00154	0.00565	0.00462	0.00513	0.00873
53	0.01276	0.01102	0.01160	0.01044	0.01334	0.01276	0.00812	0.02727	0.77840	0.02146	0.02088	0.01914	0.01566	0.00696	0.00522	0.00174	0.00406	0.00580	0.00522	0.00812
54	0.00707	0.00545	0.00648	0.00618	0.00764	0.00497	0.00465	0.00958	0.04295	0.01834	0.50823	0.04132	0.29592	0.01120	0.00602	0.00166	0.00254	0.00967	0.00533	0.00480
55	0.00956	0.00478	0.00478	0.00478	0.00598	0.00478	0.00359	0.01196	0.01076	0.01913	0.01674	0.01913	0.01315	0.00598	0.00359	0.00120	0.00239	0.00478	0.84816	0.00478
56	0.00695	0.00486	0.00621	0.00698	0.00734	0.00469	0.00476	0.00783	0.00952	0.01267	0.04770	0.43755	0.02897	0.26652	0.01272	0.00301	0.00384	0.11967	0.00427	0.00394
57	0.85592	0.00992	0.00754	0.00675	0.00992	0.01151	0.00556	0.01508	0.00873	0.02302	0.00714	0.00834	0.00556	0.00476	0.00318	0.00159	0.00397	0.00278	0.00318	0.00556
58	0.00625	0.00447	0.00595	0.00714	0.00744	0.00417	0.00476	0.00714	0.00982	0.01310	0.02828	0.81633	0.03394	0.01608	0.00655	0.00208	0.00298	0.01459	0.00476	0.00417
59	0.02302	0.00873	0.01191	0.00913	0.01310	0.00754	0.00754	0.02501	0.01469	0.79122	0.02024	0.01746	0.01270	0.00635	0.00516	0.00159	0.00437	0.00516	0.00635	0.00873
60	0.02302	0.00873	0.01191	0.00913	0.01310	0.00754	0.00754	0.02501	0.01469	0.79122	0.02024	0.01746	0.01270	0.00635	0.00516	0.00159	0.00437	0.00516	0.00635	0.00873
61	0.01951	0.01437	0.01540	0.01181	0.01591	0.01591	0.00975	0.77056	0.02412	0.03234	0.01232	0.01232	0.00873	0.00616	0.00513	0.00154	0.00565	0.00462	0.00513	0.00873
62	0.00816	0.00587	0.00811	0.00923	0.01044	0.00583	0.00804	0.01046	0.01181	0.01528	0.02844	0.05744	0.06828	0.01411	0.00703	0.00233	0.00462	0.71508	0.00473	0.00470
63	0.81305	0.01015	0.00794	0.00701	0.01023	0.01174	0.00577	0.05380	0.00952	0.02350	0.00741	0.00854	0.00572	0.00483	0.00328	0.00159	0.00406	0.00287	0.00328	0.00572
64	0.02302	0.00873	0.01191	0.00913	0.01310	0.00754	0.00754	0.02501	0.01469	0.79122	0.02024	0.01746	0.01270	0.00635	0.00516	0.00159	0.00437	0.00516	0.00635	0.00873
65	0.00746	0.00497	0.00560	0.00560	0.00560	0.00497	0.00311	0.00746	0.00746	0.00995	0.01617	0.03358	0.01865	0.81967	0.02612	0.00497	0.00497	0.00746	0.00311	0.00311
66	0.00624	0.00450	0.00592	0.00705	0.00742	0.00418	0.00472	0.00716	0.00992	0.01314	0.02944	0.77888	0.07063	0.01592	0.00653	0.00207	0.00296	0.01440	0.00476	0.00418
67	0.00625	0.00447	0.00595	0.00714	0.00744	0.00417	0.00476	0.00714	0.00982	0.01310	0.02828	0.81633	0.03394	0.01608	0.00655	0.00208	0.00298	0.01459	0.00476	0.00417
68	0.02302	0.00873	0.01191	0.00913	0.01310	0.00754	0.00754	0.02501	0.01469	0.79122	0.02024	0.01746	0.01270	0.00635	0.00516	0.00159	0.00437	0.00516	0.00635	0.00873
69	0.01998	0.01188	0.01359	0.01056	0.01445	0.01242	0.00868	0.43638	0.07050	0.29726	0.01580	0.01479	0.01072	0.00627	0.00510	0.00156	0.00499	0.00489	0.03160	0.00857
70	0.85592	0.00992	0.00754	0.00675	0.00992	0.01151	0.00556	0.01508	0.00873	0.02302	0.00714	0.00834	0.00556	0.00476	0.00318	0.00159	0.00397	0.00278	0.00318	0.00556
71	0.01611	0.01228	0.01319	0.01093	0.01439	0.01377	0.00876	0.33382	0.42498	0.06849	0.01731	0.01624	0.01264	0.00660	0.00518	0.00165	0.00473	0.00528	0.00525	0.00840
72	0.01264	0.01214	0.02073	0.04563	0.77396	0.01218	0.01572	0.01570	0.01166	0.01670	0.00964	0.01272	0.00810	0.00458	0.00508	0.00153	0.00611	0.00457	0.00254	0.00808
73	0.85592	0.00992	0.00754	0.00675	0.00992	0.01151	0.00556	0.01508	0.00873	0.02302	0.00714	0.00834	0.00556	0.00476	0.00318	0.00159	0.00397	0.00278	0.00318	0.00556
74	0.01270	0.01219	0.02083	0.03149	0.78767	0.01219	0.01575	0.01575	0.01168	0.01676	0.00965	0.01270	0.00813	0.00457	0.00508	0.00152	0.00610	0.00457	0.00254	0.00813
75	0.00969	0.00912	0.01539	0.80734	0.03534	0.01140	0.01425	0.01311	0.01026	0.01311	0.00912	0.01368	0.00684	0.00513	0.00513	0.00171	0.00684	0.00456	0.00228	0.00570
76	0.00737	0.00523	0.00696	0.00698	0.00746	0.00570	0.00483	0.00833	0.00790	0.01101	0.01513	0.03977	0.01592	0.40514	0.42280	0.00661	0.00944	0.00657	0.00295	0.00388
77	0.00956	0.00478	0.00478	0.00478	0.00598	0.00478	0.00359	0.01196	0.01076	0.01913	0.01674	0.01913	0.01315	0.00598	0.00359	0.00120	0.00239	0.00478	0.84816	0.00478
78	0.00827	0.00591	0.00827	0.00945	0.01063	0.00591	0.00827	0.01063	0.01181	0.01536	0.02717	0.05788	0.02953	0.01417	0.00709	0.00236	0.00472	0.75313	0.00472	0.00472
79	0.01064	0.00912	0.01064	0.00760	0.01216	0.00684	0.00608	0.01292	0.01064	0.01672	0.00912	0.01064	0.00760	0.00380	0.00380	0.00076	0.00380	0.00304	0.00304	0.85104
80	0.01917	0.02445	0.01454	0.01322	0.01586	0.79907	0.00991	0.02049	0.01454	0.01256	0.00793	0.00925	0.00661	0.00529	0.00463	0.00132	0.00925	0.00330	0.00264	0.00595
81	0.08218	0.01040	0.01257	0.00971	0.01366	0.01018	0.00802	0.23371	0.01691	0.52258	0.01707	0.01536	0.01107	0.00618	0.00501	0.00157	0.00470	0.00484	0.00578	0.00850
82	0.01019	0.00963	0.01630	0.67734	0.16140	0.01153	0.01450	0.01355	0.01050	0.01372	0.00921	0.01352	0.00706	0.00504	0.00512	0.00168	0.00672	0.00456	0.00232	0.00611
83	0.00706	0.00524	0.00657	0.00624	0.00754	0.00475	0.00468	0.00928	0.01404	0.01942	0.65894	0.04023	0.17515	0.01092	0.00605	0.00163	0.00245	0.00955	0.00550	0.00475
84	0.00827	0.00591	0.00827	0.00945	0.01063	0.00591	0.00827	0.01063	0.01181	0.01536	0.02717	0.05788	0.02953	0.01417	0.00709	0.00236	0.00472	0.75313	0.00472	0.00472
85	0.00606	0.00520	0.00520	0.00520	0.00693	0.00433	0.00390	0.00736	0.01170	0.01386	0.05198	0.04938	0.78558	0.01299	0.00606	0.00173	0.00260	0.01083	0.00476	0.00433
86	0.01123	0.01123	0.01572	0.01347	0.01347	0.01572	0.01123	0.01235	0.00786	0.01235	0.00674	0.01123	0.00674	0.00898	0.01684	0.00225	0.81028	0.00449	0.00225	0.00561
87	0.01211	0.01384	0.03028	0.02163	0.02682	0.01298	0.76903	0.01644	0.01211	0.01644	0.01038	0.01384	0.00779	0.00433	0.00606	0.00173	0.00865	0.00606	0.00260	0.00692
88	0.01064	0.00912	0.01064	0.00760	0.01216	0.00684	0.00608	0.01292	0.01064	0.01672	0.00912	0.01064	0.00760	0.00380	0.00380	0.00076	0.00380	0.00304	0.00304	0.85104
89	0.00859	0.00637	0.00794	0.00820	0.00908	0.00661	0.00588	0.12748	0.01197	0.01609	0.02467	0.64860	0.02858	0.01415	0.00685	0.00201	0.04477	0.01250	0.00469	0.00496
90	0.85592	0.00992	0.00754	0.00675	0.00992	0.01151	0.00556	0.01508	0.00873	0.02302	0.00714	0.00834	0.00556	0.00476	0.00318	0.00159	0.00397	0.00278	0.00318	0.00556
91	0.21635	0.01111	0.01127	0.01033	0.03667	0.01274	0.00789	0.09403	0.49837	0.02272	0.01642	0.01570	0.01234	0.00628	0.00472	0.00168	0.00425	0.00492	0.00464	0.00756
92	0.02258	0.00944	0.01235	0.00947	0.01345	0.00859	0.00782	0.11861	0.01587	0.69594	0.01925	0.01682	0.01220	0.00633	0.00516	0.00158	0.00453	0.00509	0.00620	0.00873
93	0.85592	0.00992	0.00754	0.00675	0.00992	0.01151	0.00556	0.01508	0.00873	0.02302	0.00714	0.00834	0.00556	0.00476	0.00318	0.00159	0.00397	0.00278	0.00318	0.00556
94	0.85592	0.00992	0.00754	0.00675	0.00992	0.01151	0.00556	0.01508	0.00873	0.02302	0.00714	0.00834	0.00556	0.00476	0.00318	0.00159	0.00397	0.00278	0.00318	0.00556
95	0.01316	0.05409	0.02021	0.04340	0.64476	0.03706	0.01461	0.04537	0.04663	0.01713	0.01007	0.01266	0.00834	0.00476	0.00498	0.00151	0.00607	0.00450	0.00274	0.00796
96	0.01964	0.00851	0.01110	0.00882	0.01231	0.00771	0.00718	0.04070	0.07498	0.59300	0.10046	0.02126	0.05613	0.00716	0.00530	0.00161	0.00408	0.00591	0.00608	0.00806
97	0.01215	0.01038	0.01090	0.00979	0.01259	0.01176	0.00762	0.05629	0.64296	0.02090	0.02471	0.02292	0.11906	0.00774	0.00533	0.00173	0.00393	0.00643	0.00516	0.00764
98	0.01151	0.31077	0.51957	0.01254	0.01898	0.01491	0.01532	0.01593	0.01069	0.01476	0.00847	0.00990	0.00653	0.00470	0.00431	0.00144	0.00683	0.00342	0.00218	0.00723
99	0.04630	0.00601	0.00804	0.00902	0.01023	0.00607	0.00775	0.01063	0.01155	0.01562	0.05485	0.05365	0.02862	0.05489	0.00785	0.00243	0.00461	0.65257	0.00461	0.00468
100	0.41161	0.01203	0.01156	0.00932	0.01298	0.01347	0.00769	0.38301	0.01649	0.06210	0.01025	0.01068	0.00742	0.00551	0.00422	0.00156	0.00480	0.00378	0.00427	0.00724
101	0.00614	0.00492	0.00549	0.00594	0.00713	0.00427	0.00423	0.00728	0.01098	0.01357	0.04296	0.34139	0.49940	0.01417	0.00625	0.00187	0.00274	0.01226	0.00476	0.00427
102	0.01065	0.01091	0.02083	0.50027	0.03174	0.01201	0.29379	0.01463	0.02632	0.01451	0.00982	0.01385	0.00737	0.00487	0.00547	0.00172	0.00746	0.00514	0.00246	0.00620
103	0.00694	0.00559	0.00586	0.00569	0.00748	0.00489	0.00430	0.00904	0.05135	0.03350	0.12478	0.04594	0.65208	0.01227	0.00600	0.00172	0.00270	0.01028	0.00492	0.00468
104	0.01000	0.00940	0.01566	0.72813	0.08791	0.01150	0.01417	0.01373	0.03380	0.01362	0.00952	0.01378	0.00720	0.00515	0.00513	0.00170	0.00670	0.00460	0.00239	0.00595
105	0.01029	0.02654	0.79309	0.01462	0.02221	0.01192	0.01896	0.01625	0.01083	0.01625	0.00921	0.01083	0.00650	0.00487	0.00487	0.00162	0.00758	0.00379	0.00217	0.00758
106	0.00830	0.00583	0.00819	0.00931	0.01043	0.00583	0.00807	0.01043	0.01155	0.01503	0.02623	0.05571	0.02847	0.01436	0.00775	0.04584	0.00471	0.71476	0.00460	0.00460
107	0.06326	0.00750	0.00892	0.00869	0.01066	0.03794	0.00718	0.03994	0.01297	0.16188	0.13238	0.08178	0.06496	0.01103	0.00609	0.00195	0.00429	0.32791	0.00500	0.00568
108	0.00733	0.00550	0.00825	0.00825	0.00916	0.00641	0.00641	0.00916	0.00825	0.01191	0.01374	0.02016	0.01283	0.03848	0.79934	0.00825	0.01374	0.00550	0.00275	0.00458
109	0.01112	0.01377	0.13873	0.01407	0.01553	0.01498	0.05128	0.01317	0.00854	0.01317	0.00731	0.01130	0.00675	0.00810	0.01440	0.00212	0.64294	0.00446	0.00225	0.00599
110	0.01259	0.01208	0.02062	0.06033	0.75970	0.01216	0.01569	0.01565	0.01163	0.01663	0.00963	0.01274	0.00808	0.00459	0.00508	0.00153	0.00612	0.00457	0.00253	0.00804
111	0.00717	0.00581	0.00679	0.03713	0.00898	0.00550	0.00521	0.00982	0.06376	0.01614	0.24117	0.04222	0.42570	0.01283	0.04170	0.00203	0.00344	0.05494	0.00484	0.00481
112	0.01270	0.01219	0.02083	0.03149	0.78767	0.01219	0.01575	0.01575	0.01168	0.01676	0.00965	0.01270	0.00813	0.00457	0.00508	0.00152	0.00610	0.00457	0.00254	0.00813
113	0.00659	0.00489	0.00622	0.00710	0.00788	0.00452	0.00518	0.00786	0.01071	0.01388	0.05651	0.49946	0.19386	0.01492	0.00652	0.00204	0.00318	0.13957	0.00478	0.00432
114	0.01800	0.02221	0.01465	0.01306	0.01578	0.67389	0.04367	0.02049	0.07188	0.01366	0.00936	0.01058	0.00760	0.00540	0.00470	0.00137	0.00857	0.00367	0.03535	0.00611
115	0.01270	0.01219	0.02083	0.03149	0.78767	0.01219	0.01575	0.01575	0.01168	0.01676	0.00965	0.01270	0.00813	0.00457	0.00508	0.00152	0.00610	0.00457	0.00254	0.00813
116	0.00606	0.00520	0.00520	0.00520	0.00693	0.00433	0.00390	0.00736	0.01170	0.01386	0.05198	0.04938	0.78558	0.01299	0.00606	0.00173	0.00260	0.01083	0.00476	0.00433
117	0.00688	0.00488	0.00634	0.00728	0.00775	0.00468	0.00516	0.00793	0.00986	0.01301	0.02658	0.49438	0.05347	0.16152	0.01020	0.00266	0.00369	0.16520	0.00445	0.00410
118	0.01951	0.01437	0.01540	0.01181	0.01591	0.01591	0.00975	0.77056	0.02412	0.03234	0.01232	0.01232	0.00873	0.00616	0.00513	0.00154	0.00565	0.00462	0.00513	0.00873
119	0.00969	0.00912	0.01539	0.80734	0.03534	0.01140	0.01425	0.01311	0.01026	0.01311	0.00912	0.01368	0.00684	0.00513	0.00513	0.00171	0.00684	0.00456	0.00228	0.00570
120	0.00736	0.00534	0.00606	0.00593	0.00752	0.00462	0.00443	0.00892	0.01233	0.06094	0.21906	0.12742	0.48693	0.01235	0.00606	0.00173	0.00270	0.01054	0.00506	0.00469
121	0.01297	0.01113	0.01172	0.01048	0.01342	0.01286	0.00817	0.05022	0.75510	0.02180	0.02062	0.01893	0.01545	0.00694	0.00522	0.00173	0.00411	0.00576	0.00522	0.00814
122	0.85592	0.00992	0.00754	0.00675	0.00992	0.01151	0.00556	0.01508	0.00873	0.02302	0.00714	0.00834	0.00556	0.00476	0.00318	0.00159	0.00397	0.00278	0.00318	0.00556
123	0.01289	0.01280	0.02130	0.02909	0.65338	0.04255	0.09518	0.01636	0.03552	0.01671	0.01001	0.01289	0.00827	0.00465	0.00517	0.00154	0.00643	0.00472	0.00263	0.00792
124	0.01199	0.00973	0.01123	0.00813	0.01263	0.00793	0.00655	0.10287	0.01233	0.03727	0.00977	0.01100	0.00786	0.00414	0.00399	0.00087	0.00403	0.00328	0.00337	0.73102
125	0.00957	0.02146	0.60327	0.01331	0.03555	0.01034	0.01579	0.01445	0.01081	0.01591	0.05713	0.10398	0.01250	0.02202	0.03005	0.00194	0.00687	0.00547	0.00271	0.00688
126	0.01287	0.03673	0.45290	0.01558	0.05480	0.01256	0.13478	0.11690	0.01304	0.07159	0.01050	0.01200	0.00750	0.00511	0.00530	0.00162	0.02121	0.00438	0.00293	0.00768
127	0.01212	0.01435	0.08310	0.02355	0.21404	0.01271	0.52911	0.01625	0.01191	0.01650	0.01012	0.01334	0.00778	0.00443	0.00573	0.00167	0.00794	0.00553	0.00255	0.00727
128	0.00630	0.00521	0.00552	0.00544	0.00707	0.00443	0.00408	0.00782	0.01225	0.01518	0.19542	0.04722	0.64132	0.01250	0.00606	0.00171	0.00256	0.01053	0.00494	0.00443
129	0.01112	0.21977	0.60714	0.01321	0.02001	0.01395	0.01649	0.01603	0.01073	0.01524	0.00870	0.01020	0.00652	0.00476	0.00449	0.00150	0.00707	0.00354	0.00217	0.00734
130	0.07043	0.01140	0.20609	0.00908	0.01226	0.00749	0.00886	0.02598	0.01189	0.11497	0.18268	0.15839	0.07927	0.00966	0.00625	0.04524	0.00440	0.02556	0.00426	0.00586
131	0.01372	0.82276	0.02689	0.00878	0.01317	0.02030	0.00878	0.01536	0.01043	0.01207	0.00713	0.00823	0.00658	0.00439	0.00329	0.00110	0.00549	0.00274	0.00219	0.00658
132	0.01276	0.01102	0.01160	0.01044	0.01334	0.01276	0.00812	0.02727	0.77840	0.02146	0.02088	0.01914	0.01566	0.00696	0.00522	0.00174	0.00406	0.00580	0.00522	0.00812
133	0.05672	0.65361	0.02494	0.01225	0.13482	0.01858	0.00971	0.01541	0.01054	0.01337	0.00753	0.00894	0.00677	0.00444	0.00357	0.00119	0.00551	0.00303	0.00230	0.00677
134	0.00922	0.00828	0.01348	0.64028	0.02932	0.01013	0.01210	0.01202	0.00972	0.01255	0.01047	0.01714	0.00901	0.13495	0.04914	0.00256	0.00690	0.00506	0.00243	0.00524
135	0.01372	0.82276	0.02689	0.00878	0.01317	0.02030	0.00878	0.01536	0.01043	0.01207	0.00713	0.00823	0.00658	0.00439	0.00329	0.00110	0.00549	0.00274	0.00219	0.00658
136	0.01551	0.01847	0.01246	0.01155	0.01366	0.54974	0.00873	0.01701	0.01264	0.01257	0.00985	0.01265	0.00857	0.01474	0.23027	0.00328	0.01032	0.00397	0.02847	0.00552
137	0.00746	0.00497	0.00560	0.00560	0.00560	0.00497	0.00311	0.00746	0.00746	0.00995	0.01617	0.03358	0.01865	0.81967	0.02612	0.00497	0.00497	0.00746	0.00311	0.00311
138	0.00806	0.00576	0.00803	0.00921	0.01030	0.00573	0.00790	0.01027	0.01161	0.01512	0.02728	0.13672	0.02999	0.01437	0.00703	0.00233	0.00454	0.67636	0.00473	0.00467
139	0.01900	0.05576	0.01520	0.01279	0.01576	0.63014	0.00984	0.15117	0.01604	0.01599	0.00866	0.00975	0.00698	0.00540	0.00466	0.00135	0.00847	0.00351	0.00306	0.00646
140	0.01522	0.00898	0.01111	0.00817	0.01251	0.00710	0.00662	0.01739	0.01214	0.30320	0.01323	0.01316	0.00949	0.00474	0.00430	0.00107	0.00401	0.00382	0.00426	0.53947
141	0.00891	0.00446	0.00668	0.00668	0.00668	0.00446	0.00446	0.00668	0.00668	0.00891	0.00891	0.01560	0.00891	0.01783	0.02005	0.85071	0.00446	0.00446	0.00223	0.00223
142	0.01023	0.02553	0.74909	0.01450	0.02181	0.01170	0.03521	0.01603	0.01099	0.01640	0.03586	0.01184	0.00797	0.00506	0.00494	0.00163	0.00743	0.00403	0.00230	0.00747
143	0.02288	0.00896	0.01205	0.00924	0.01321	0.00789	0.00763	0.05563	0.01507	0.76005	0.01992	0.01725	0.01254	0.00634	0.00516	0.00159	0.00442	0.00514	0.00630	0.00873
144	0.01259	0.01205	0.02054	0.03099	0.77180	0.01204	0.01553	0.01562	0.01174	0.01684	0.02542	0.01322	0.00895	0.00469	0.00510	0.00153	0.00602	0.00467	0.00260	0.00806
145	0.01148	0.21062	0.59130	0.01310	0.01983	0.01373	0.01625	0.01631	0.01086	0.03921	0.00907	0.01043	0.00671	0.00481	0.00452	0.00150	0.00700	0.00359	0.00230	0.00739
146	0.00733	0.00550	0.00825	0.00825	0.00916	0.00641	0.00641	0.00916	0.00825	0.01191	0.01374	0.02016	0.01283	0.03848	0.79934	0.00825	0.01374	0.00550	0.00275	0.00458
147	0.85592	0.00992	0.00754	0.00675	0.00992	0.01151	0.00556	0.01508	0.00873	0.02302	0.00714	0.00834	0.00556	0.00476	0.00318	0.00159	0.00397	0.00278	0.00318	0.00556
148	0.00622	0.00458	0.00583	0.00684	0.00736	0.00419	0.00463	0.00718	0.01012	0.01322	0.03201	0.69570	0.15216	0.01559	0.00647	0.00203	0.00292	0.01400	0.00476	0.00419
149	0.00691	0.00523	0.00636	0.00608	0.00745	0.00469	0.00456	0.00899	0.01368	0.01858	0.56698	0.04161	0.26764	0.01123	0.00606	0.00165	0.00247	0.00974	0.00539	0.00469
150	0.01372	0.82276	0.02689	0.00878	0.01317	0.02030	0.00878	0.01536	0.01043	0.01207	0.00713	0.00823	0.00658	0.00439	0.00329	0.00110	0.00549	0.00274	0.00219	0.00658
151	0.13944	0.04479	0.06683	0.00925	0.01293	0.02356	0.00809	0.15025	0.01499	0.31950	0.14142	0.01768	0.01606	0.00656	0.00491	0.00156	0.00457	0.00517	0.00503	0.00741
152	0.00712	0.00524	0.00666	0.00631	0.00758	0.00478	0.00473	0.00941	0.01419	0.01978	0.69856	0.03963	0.13531	0.01079	0.00605	0.00163	0.00244	0.00946	0.00554	0.00478
153	0.00609	0.00520	0.00524	0.00523	0.00695	0.00434	0.00392	0.00742	0.01176	0.01402	0.06972	0.04911	0.76774	0.01293	0.00606	0.00173	0.00259	0.01079	0.00479	0.00434
154	0.05159	0.78621	0.02602	0.00869	0.01302	0.01991	0.00863	0.01535	0.01035	0.01256	0.00713	0.00824	0.00654	0.00441	0.00329	0.00112	0.00542	0.00275	0.00224	0.00654
155	0.01312	0.68422	0.16021	0.00980	0.01474	0.01884	0.01055	0.01552	0.01050	0.01280	0.00749	0.00868	0.00657	0.00447	0.00357	0.00119	0.00585	0.00293	0.00219	0.00676
156	0.83567	0.01003	0.00773	0.00687	0.01007	0.01162	0.00566	0.03337	0.00910	0.02325	0.00727	0.00843	0.00563	0.00480	0.00322	0.00159	0.00401	0.00282	0.00322	0.00563
157	0.01299	0.01274	0.02054	0.03067	0.75296	0.04757	0.01548	0.01596	0.01181	0.01657	0.00957	0.01254	0.00806	0.00460	0.00506	0.00151	0.00624	0.00451	0.00254	0.00803
158	0.01030	0.00876	0.01027	0.00756	0.01179	0.00663	0.00598	0.01247	0.01058	0.01644	0.01062	0.07365	0.00966	0.00476	0.00401	0.00086	0.00374	0.00394	0.00317	0.78481
159	0.81805	0.04647	0.00841	0.00684	0.01007	0.01191	0.00570	0.01510	0.00881	0.02253	0.00714	0.00833	0.00560	0.00475	0.00318	0.00157	0.00404	0.00278	0.00313	0.00560
160	0.00624	0.00450	0.00592	0.00706	0.00742	0.00418	0.00472	0.00715	0.00991	0.01313	0.02935	0.78184	0.06774	0.01594	0.00653	0.00207	0.00296	0.01442	0.00476	0.00418
161	0.00706	0.00524	0.00658	0.00624	0.00754	0.00475	0.00468	0.00929	0.01404	0.01943	0.65982	0.04022	0.17427	0.01092	0.00605	0.00163	0.00245	0.00954	0.00550	0.00475
162	0.02302	0.00873	0.01191	0.00913	0.01310	0.00754	0.00754	0.02501	0.01469	0.79122	0.02024	0.01746	0.01270	0.00635	0.00516	0.00159	0.00437	0.00516	0.00635	0.00873
163	0.01064	0.00912	0.01064	0.00760	0.01216	0.00684	0.00608	0.01292	0.01064	0.01672	0.00912	0.01064	0.00760	0.00380	0.00380	0.00076	0.00380	0.00304	0.00304	0.85104
164	0.00692	0.00567	0.00615	0.00622	0.00776	0.00523	0.00461	0.00954	0.08770	0.01489	0.09169	0.16902	0.50654	0.02885	0.00648	0.00186	0.00289	0.02845	0.00483	0.00470
165	0.31049	0.00942	0.01035	0.00841	0.01194	0.00953	0.00689	0.05809	0.05761	0.41224	0.04514	0.01495	0.01159	0.00599	0.00451	0.00160	0.00420	0.00451	0.00510	0.00744
166	0.14591	0.53590	0.14137	0.00950	0.01417	0.01743	0.00988	0.04941	0.01084	0.01535	0.00769	0.00883	0.00651	0.00460	0.00360	0.00128	0.00558	0.00299	0.00248	0.00667
167	0.10955	0.04348	0.02657	0.00969	0.02870	0.01008	0.00789	0.13392	0.06866	0.39454	0.04583	0.03506	0.01274	0.00633	0.00487	0.00155	0.00450	0.00502	0.00521	0.04584
168	0.02666	0.00989	0.01110	0.05098	0.04290	0.03459	0.00788	0.07814	0.34750	0.08867	0.14142	0.03921	0.08340	0.00781	0.00537	0.00167	0.00419	0.00656	0.00497	0.00708
169	0.01233	0.01056	0.07621	0.02575	0.01365	0.00757	0.00757	0.01514	0.02603	0.12294	0.01088	0.01182	0.00835	0.00433	0.00413	0.00099	0.00426	0.00348	0.00345	0.63056
170	0.01064	0.00912	0.01064	0.00760	0.01216	0.00684	0.00608	0.01292	0.01064	0.01672	0.00912	0.01064	0.00760	0.00380	0.00380	0.00076	0.00380	0.00304	0.00304	0.85104
171	0.01064	0.00912	0.01064	0.00760	0.01216	0.00684	0.00608	0.01292	0.01064	0.01672	0.00912	0.01064	0.00760	0.00380	0.00380	0.00076	0.00380	0.00304	0.00304	0.85104
172	0.01268	0.01240	0.02099	0.05946	0.70598	0.02724	0.05419	0.01578	0.01171	0.01653	0.00964	0.01273	0.00803	0.00459	0.00512	0.00154	0.00631	0.00462	0.00254	0.00793
173	0.01384	0.01146	0.01223	0.01038	0.01371	0.01270	0.00821	0.17110	0.54221	0.02305	0.01785	0.01683	0.01338	0.00644	0.00504	0.00159	0.00434	0.00525	0.00495	0.10545
174	0.01091	0.01022	0.01715	0.57512	0.18548	0.01186	0.04812	0.05261	0.01134	0.01498	0.00945	0.01342	0.00724	0.00503	0.00516	0.00166	0.00671	0.00463	0.00249	0.00640
175	0.00709	0.00524	0.00662	0.00628	0.00756	0.00477	0.00471	0.00935	0.01412	0.01962	0.68058	0.03990	0.15340	0.01085	0.00605	0.00163	0.00245	0.00950	0.00552	0.00477
176	0.00939	0.00547	0.00725	0.02609	0.00778	0.04035	0.00494	0.00746	0.00712	0.00918	0.00887	0.01527	0.00876	0.01696	0.01900	0.79225	0.00473	0.00441	0.00225	0.00248
177	0.02649	0.49732	0.03769	0.00918	0.01258	0.05361	0.00851	0.04798	0.01063	0.01325	0.00909	0.01156	0.00822	0.01313	0.20243	0.00295	0.02314	0.00360	0.00250	0.00614
178	0.00846	0.00746	0.01121	0.01099	0.04334	0.04200	0.12897	0.01018	0.01060	0.01386	0.02253	0.43157	0.02546	0.07960	0.00803	0.00225	0.00475	0.12977	0.00408	0.00486
179	0.00891	0.00446	0.00668	0.00668	0.00668	0.00446	0.00446	0.00668	0.00668	0.00891	0.00891	0.01560	0.00891	0.01783	0.02005	0.85071	0.00446	0.00446	0.00223	0.00223
180	0.01348	0.01401	0.03769	0.02699	0.60584	0.11312	0.01444	0.01733	0.07599	0.01660	0.01036	0.01275	0.00852	0.00487	0.00503	0.00152	0.00637	0.00449	0.00277	0.00783
181	0.01023	0.00599	0.00727	0.00651	0.00855	0.00522	0.00504	0.01208	0.01336	0.18779	0.30609	0.03840	0.35242	0.01064	0.00586	0.00166	0.00293	0.00903	0.00543	0.00548
182	0.01198	0.05347	0.51733	0.01534	0.10225	0.01254	0.01604	0.13446	0.01319	0.01889	0.04942	0.01257	0.00918	0.00531	0.00494	0.00158	0.00677	0.00425	0.00285	0.00764
183	0.72162	0.01222	0.11366	0.00841	0.03040	0.01158	0.00761	0.01526	0.00909	0.02196	0.00748	0.00878	0.00575	0.00477	0.00345	0.00159	0.00451	0.00296	0.00302	0.00589

[dist]
# distance from previous block
# <min> <max>
1	3

[block]
# block no. 3 follows, 48 sequences, length 13
# corresponding to MSA columns:
# 385-397
name=unknown_D
#
# <colnr> <probs for GDERKNQSTAVLIFYWHMCP>
#	G	D	E	R	K	N	Q	S	T	A	V	L	I	F	Y	W	H	M	C	P
0	0.08752	0.01236	0.01916	0.09225	0.59980	0.04907	0.03474	0.01571	0.01145	0.01681	0.00932	0.01226	0.00771	0.00466	0.00492	0.00154	0.00619	0.00439	0.00258	0.00756
1	0.04780	0.14015	0.07792	0.05881	0.01417	0.01012	0.00853	0.04792	0.01326	0.35277	0.08657	0.01955	0.08720	0.00677	0.00493	0.00153	0.00466	0.00542	0.00471	0.00722
2	0.01201	0.01365	0.08496	0.22546	0.28671	0.13692	0.01344	0.01500	0.01172	0.01495	0.02942	0.03953	0.01110	0.00623	0.00526	0.00165	0.00662	0.07598	0.00280	0.00659
3	0.01273	0.01417	0.08807	0.09056	0.50326	0.07516	0.04794	0.01686	0.07037	0.01642	0.01032	0.01288	0.00832	0.00487	0.00508	0.00156	0.00650	0.00456	0.00270	0.00765
4	0.01619	0.08418	0.12019	0.01323	0.04195	0.49805	0.01098	0.04273	0.01327	0.01375	0.00870	0.01055	0.00723	0.00799	0.07048	0.00195	0.02608	0.00362	0.00262	0.00626
5	0.00682	0.00475	0.00646	0.00757	0.00803	0.00453	0.00544	0.00781	0.01002	0.01329	0.02685	0.61526	0.03150	0.01581	0.00750	0.05517	0.00342	0.16102	0.00460	0.00416
6	0.01064	0.00912	0.01064	0.00760	0.01216	0.00684	0.00608	0.01292	0.01064	0.01672	0.00912	0.01064	0.00760	0.00380	0.00380	0.00076	0.00380	0.00304	0.00304	0.85104
7	0.01754	0.01336	0.01382	0.01102	0.01462	0.04309	0.00895	0.55757	0.14259	0.02871	0.01391	0.01390	0.01014	0.00624	0.00499	0.00153	0.00524	0.00477	0.07982	0.00818
8	0.01029	0.02654	0.79309	0.01462	0.02221	0.01192	0.01896	0.01625	0.01083	0.01625	0.00921	0.01083	0.00650	0.00487	0.00487	0.00162	0.00758	0.00379	0.00217	0.00758
9	0.01115	0.14150	0.29855	0.07449	0.01977	0.02652	0.12212	0.02702	0.01061	0.01471	0.00987	0.05255	0.00843	0.00720	0.03649	0.00192	0.12330	0.00473	0.00246	0.00661
10	0.01412	0.01276	0.04600	0.17594	0.33145	0.06893	0.01297	0.13679	0.01382	0.08204	0.01266	0.01460	0.04403	0.00553	0.00511	0.00157	0.00615	0.00479	0.00331	0.00744
11	0.03670	0.00620	0.00769	0.04522	0.01017	0.02291	0.00619	0.01070	0.01094	0.09923	0.02765	0.33613	0.13781	0.03750	0.04333	0.00235	0.00430	0.14547	0.00457	0.00494
12	0.00845	0.00724	0.04351	0.00748	0.00910	0.00647	0.00580	0.09397	0.05021	0.01678	0.14022	0.28750	0.20344	0.08633	0.00786	0.00210	0.00355	0.01025	0.00468	0.00507

[dist]
# distance from previous block
# <min> <max>
8	26

# created by:
# /st0/software/busco_prod/Augustus/scripts/msa2prfl.pl ./align_prep/143110.fa
