[name]
unknown

[dist]
# distance from previous block
# <min> <max>
4	66

[block]
# block no. 0 follows, 47 sequences, length 8
# corresponding to MSA columns:
# 74-81
name=unknown_A
#
# <colnr> <probs for GDERKNQSTAVLIFYWHMCP>
#	G	D	E	R	K	N	Q	S	T	A	V	L	I	F	Y	W	H	M	C	P
0	0.00742	0.00541	0.00674	0.00731	0.00813	0.00519	0.00517	0.05480	0.01145	0.01515	0.08939	0.53156	0.11783	0.05732	0.00755	0.00217	0.00331	0.05468	0.00484	0.00456
1	0.07089	0.03596	0.01157	0.00912	0.01219	0.01030	0.00732	0.23324	0.06171	0.23715	0.01899	0.09016	0.05723	0.04678	0.02671	0.00196	0.00474	0.00617	0.05055	0.00727
2	0.04584	0.01350	0.01719	0.08274	0.37840	0.10599	0.01275	0.08982	0.13885	0.01860	0.01148	0.01337	0.00913	0.00549	0.00548	0.00160	0.03420	0.00462	0.00328	0.00766
3	0.01125	0.00940	0.01152	0.05842	0.01398	0.00889	0.03232	0.09422	0.13894	0.01850	0.01534	0.16622	0.01426	0.00713	0.00493	0.00137	0.00429	0.00616	0.00395	0.37891
4	0.01254	0.00865	0.01028	0.00807	0.01167	0.00738	0.00640	0.08704	0.01272	0.13808	0.01841	0.09383	0.10089	0.00819	0.03692	0.00153	0.00432	0.00571	0.00417	0.42320
5	0.03450	0.01077	0.01315	0.04760	0.03261	0.01115	0.05114	0.23997	0.14383	0.08320	0.03672	0.04458	0.07135	0.03869	0.00603	0.00169	0.00488	0.00580	0.00455	0.11780
6	0.04983	0.04179	0.02796	0.01156	0.03970	0.11150	0.02456	0.27848	0.12194	0.05776	0.01366	0.04699	0.01109	0.04011	0.05262	0.00208	0.00620	0.00508	0.00423	0.05286
7	0.01012	0.02945	0.00943	0.00832	0.01013	0.00793	0.00631	0.08660	0.09295	0.05189	0.11130	0.30724	0.09088	0.02990	0.00694	0.00186	0.04972	0.00944	0.00470	0.07488

[dist]
# distance from previous block
# <min> <max>
27	57

[block]
# block no. 1 follows, 47 sequences, length 13
# corresponding to MSA columns:
# 143-155
name=unknown_B
#
# <colnr> <probs for GDERKNQSTAVLIFYWHMCP>
#	G	D	E	R	K	N	Q	S	T	A	V	L	I	F	Y	W	H	M	C	P
0	0.01550	0.01107	0.01332	0.14671	0.08418	0.09362	0.00960	0.06563	0.04179	0.23410	0.01495	0.09659	0.01209	0.00676	0.00551	0.00157	0.02973	0.00558	0.00419	0.10751
1	0.01358	0.00922	0.01285	0.24640	0.05452	0.00962	0.02179	0.05093	0.10007	0.18057	0.01452	0.03108	0.01121	0.06494	0.00656	0.00180	0.00519	0.00515	0.05004	0.10996
2	0.01389	0.01047	0.01251	0.09151	0.03673	0.03088	0.01909	0.19690	0.14546	0.08662	0.14696	0.01905	0.01713	0.01929	0.00610	0.03177	0.00479	0.00560	0.00458	0.10068
3	0.04306	0.01168	0.01338	0.04524	0.05780	0.03325	0.00912	0.35986	0.04754	0.10595	0.02812	0.09059	0.01314	0.00739	0.00560	0.00164	0.02784	0.03220	0.02542	0.04120
4	0.14829	0.02812	0.00831	0.00738	0.00912	0.05062	0.00539	0.03663	0.01099	0.05422	0.11379	0.20416	0.04297	0.18356	0.00977	0.00238	0.00418	0.00788	0.00410	0.06813
5	0.04483	0.00910	0.01089	0.02528	0.05700	0.00938	0.02889	0.13695	0.15694	0.05721	0.15853	0.02695	0.18440	0.00838	0.00544	0.00163	0.00402	0.00705	0.03462	0.03251
6	0.01152	0.01277	0.17062	0.01128	0.05604	0.00984	0.00985	0.05455	0.22134	0.05867	0.11879	0.07918	0.05223	0.00750	0.00530	0.00161	0.00466	0.00635	0.00432	0.10358
7	0.01346	0.01206	0.04052	0.13574	0.40379	0.03876	0.08307	0.01649	0.01193	0.10659	0.01165	0.03828	0.00937	0.00547	0.00559	0.00163	0.02922	0.00510	0.02380	0.00748
8	0.02152	0.05500	0.05034	0.01077	0.05183	0.00928	0.00880	0.06454	0.01486	0.62953	0.01831	0.01637	0.01180	0.00617	0.00511	0.00158	0.00481	0.00498	0.00575	0.00866
9	0.09155	0.01136	0.01264	0.01130	0.05007	0.02664	0.02726	0.11698	0.39450	0.08275	0.04330	0.01679	0.01362	0.00637	0.00501	0.00161	0.00457	0.00521	0.00479	0.07368
10	0.01952	0.01013	0.03435	0.00937	0.01328	0.03901	0.00782	0.04624	0.05617	0.52215	0.07008	0.01772	0.01434	0.00636	0.00510	0.00151	0.00454	0.00516	0.00561	0.11154
11	0.06386	0.00989	0.01203	0.01042	0.04943	0.00971	0.00793	0.08699	0.17744	0.35191	0.03921	0.04334	0.01376	0.00656	0.00506	0.00157	0.00438	0.00538	0.00531	0.09583
12	0.05925	0.01014	0.01137	0.00858	0.01278	0.00908	0.00690	0.13232	0.07518	0.04761	0.03855	0.01288	0.01010	0.00488	0.00428	0.00108	0.00415	0.00385	0.00382	0.54322

[dist]
# distance from previous block
# <min> <max>
3	10

[block]
# block no. 2 follows, 47 sequences, length 136
# corresponding to MSA columns:
# 166-262,265-303
name=unknown_C
#
# <colnr> <probs for GDERKNQSTAVLIFYWHMCP>
#	G	D	E	R	K	N	Q	S	T	A	V	L	I	F	Y	W	H	M	C	P
0	0.06754	0.05752	0.13369	0.03636	0.14950	0.06115	0.02713	0.10334	0.01363	0.13038	0.07230	0.05062	0.03593	0.00640	0.00504	0.00157	0.00562	0.00530	0.00383	0.03316
1	0.06994	0.02758	0.04705	0.14998	0.19291	0.07021	0.01184	0.25134	0.02964	0.03379	0.01055	0.01231	0.00803	0.00534	0.00491	0.00153	0.00610	0.00431	0.00353	0.05913
2	0.01401	0.68118	0.04254	0.01138	0.07801	0.03286	0.02474	0.03929	0.01124	0.01348	0.00774	0.00905	0.00690	0.00455	0.00366	0.00119	0.00580	0.00310	0.00237	0.00690
3	0.01159	0.14703	0.62134	0.01386	0.02084	0.01323	0.03495	0.01675	0.01113	0.04959	0.00954	0.01096	0.00692	0.00492	0.00474	0.00157	0.00725	0.00380	0.00240	0.00758
4	0.01018	0.00961	0.01625	0.71636	0.12125	0.01166	0.01464	0.01361	0.01058	0.01373	0.00932	0.01377	0.00709	0.00514	0.00520	0.00171	0.00686	0.00463	0.00234	0.00607
5	0.00732	0.00530	0.00690	0.00654	0.00776	0.00488	0.00489	0.00971	0.01455	0.02053	0.74551	0.06063	0.06416	0.01086	0.00616	0.00165	0.00248	0.00960	0.00569	0.00488
6	0.01074	0.01074	0.02041	0.07478	0.15431	0.01044	0.33659	0.01446	0.03104	0.01762	0.21359	0.03608	0.03189	0.00656	0.00589	0.00169	0.00622	0.00687	0.00355	0.00653
7	0.01197	0.01217	0.02240	0.17505	0.33627	0.01282	0.23848	0.01532	0.01131	0.01574	0.00961	0.01327	0.00775	0.00513	0.00669	0.00172	0.08953	0.00508	0.00251	0.00715
8	0.00700	0.00531	0.00645	0.00616	0.00755	0.00476	0.00462	0.00911	0.01386	0.01880	0.55891	0.04233	0.27328	0.01142	0.00615	0.00167	0.00251	0.00990	0.00546	0.00476
9	0.01300	0.01298	0.01555	0.01331	0.01412	0.09300	0.01094	0.07865	0.05703	0.01485	0.00832	0.01178	0.00755	0.00837	0.01413	0.00209	0.61087	0.00453	0.00275	0.00616
10	0.01892	0.01474	0.01510	0.01189	0.01582	0.05964	0.00970	0.63265	0.11781	0.03031	0.01334	0.01319	0.00962	0.00630	0.00519	0.00158	0.00574	0.00476	0.00508	0.00862
11	0.07425	0.00694	0.00834	0.00848	0.05871	0.00650	0.00608	0.01289	0.04082	0.13927	0.19135	0.03652	0.32231	0.01026	0.00576	0.00173	0.00341	0.05565	0.00503	0.00572
12	0.01160	0.08285	0.65453	0.01446	0.03184	0.01261	0.03253	0.03289	0.01148	0.05419	0.00984	0.01125	0.00701	0.00500	0.00488	0.00161	0.00734	0.00391	0.00249	0.00770
13	0.01055	0.02624	0.74886	0.01523	0.02279	0.01215	0.05968	0.01650	0.01107	0.01650	0.00941	0.01116	0.00667	0.00492	0.00501	0.00165	0.00776	0.00397	0.00222	0.00766
14	0.00744	0.00499	0.00572	0.00585	0.00589	0.00496	0.00334	0.00754	0.00784	0.01045	0.01776	0.11988	0.02064	0.72885	0.02432	0.00473	0.00483	0.00837	0.00334	0.00327
15	0.01350	0.72336	0.12033	0.00963	0.01448	0.01957	0.01017	0.01570	0.01063	0.01277	0.00750	0.00868	0.00667	0.00452	0.00354	0.00118	0.00583	0.00291	0.00222	0.00681
16	0.08890	0.06721	0.44729	0.01416	0.07853	0.01251	0.01484	0.09001	0.02884	0.08147	0.02291	0.01208	0.00826	0.00527	0.00479	0.00160	0.00651	0.00408	0.00308	0.00767
17	0.02336	0.00886	0.01209	0.00927	0.01329	0.00765	0.00765	0.02538	0.01491	0.78810	0.02055	0.01773	0.01289	0.00645	0.00524	0.00161	0.00443	0.00524	0.00645	0.00886
18	0.00634	0.00453	0.00604	0.00725	0.00755	0.00423	0.00483	0.00725	0.00997	0.01329	0.02870	0.81358	0.03444	0.01632	0.00665	0.00211	0.00302	0.01480	0.00483	0.00423
19	0.01164	0.01222	0.06784	0.36749	0.28180	0.01227	0.10618	0.04895	0.01179	0.01603	0.00974	0.01333	0.00756	0.00495	0.00529	0.00166	0.00691	0.00477	0.00256	0.00701
20	0.01617	0.07335	0.04402	0.01399	0.12456	0.07283	0.04296	0.14698	0.06378	0.19993	0.01600	0.07964	0.01328	0.00717	0.00532	0.00165	0.00559	0.06081	0.00442	0.00756
21	0.02336	0.00886	0.01209	0.00927	0.01329	0.00765	0.00765	0.02538	0.01491	0.78810	0.02055	0.01773	0.01289	0.00645	0.00524	0.00161	0.00443	0.00524	0.00645	0.00886
22	0.01259	0.01207	0.02071	0.03064	0.73246	0.01204	0.03337	0.01562	0.01179	0.01684	0.01064	0.04793	0.00939	0.00514	0.00524	0.00158	0.00611	0.00512	0.00268	0.00804
23	0.01829	0.09720	0.06109	0.01317	0.01646	0.61155	0.02660	0.06897	0.01474	0.01432	0.00840	0.00969	0.00687	0.00530	0.00465	0.00136	0.00869	0.00348	0.00278	0.00640
24	0.01140	0.01086	0.01846	0.40741	0.42066	0.01198	0.01524	0.01468	0.01116	0.01521	0.00953	0.01337	0.00761	0.00492	0.00518	0.00164	0.00655	0.00463	0.00245	0.00705
25	0.00634	0.00453	0.00604	0.00725	0.00755	0.00423	0.00483	0.00725	0.00997	0.01329	0.02870	0.81358	0.03444	0.01632	0.00665	0.00211	0.00302	0.01480	0.00483	0.00423
26	0.03249	0.00546	0.00698	0.00656	0.00785	0.00511	0.00494	0.00999	0.01457	0.02096	0.75876	0.03800	0.04785	0.01047	0.00606	0.00164	0.00250	0.00922	0.00566	0.00494
27	0.03249	0.00546	0.00698	0.00656	0.00785	0.00511	0.00494	0.00999	0.01457	0.02096	0.75876	0.03800	0.04785	0.01047	0.00606	0.00164	0.00250	0.00922	0.00566	0.00494
28	0.03350	0.00569	0.00730	0.00673	0.00819	0.00529	0.00511	0.01096	0.01458	0.06897	0.71112	0.03667	0.04558	0.01021	0.00600	0.00164	0.00263	0.00896	0.00570	0.00518
29	0.03548	0.02644	0.76678	0.01461	0.02217	0.01208	0.01884	0.01646	0.01093	0.01670	0.00928	0.01092	0.00657	0.00494	0.00490	0.00165	0.00759	0.00382	0.00223	0.00764
30	0.00750	0.00534	0.00717	0.00717	0.00768	0.00586	0.00501	0.00853	0.00801	0.01120	0.01505	0.02655	0.01566	0.38685	0.45217	0.00688	0.00997	0.00647	0.00295	0.00398
31	0.03970	0.00877	0.01183	0.00913	0.01305	0.00765	0.00752	0.02467	0.01478	0.74773	0.04493	0.01822	0.01392	0.00655	0.00523	0.00161	0.00436	0.00532	0.00636	0.00867
32	0.19301	0.03582	0.01170	0.00899	0.01272	0.00979	0.00740	0.03886	0.11541	0.48675	0.01729	0.01563	0.01151	0.00613	0.00477	0.00161	0.00437	0.00473	0.00546	0.00804
33	0.04188	0.01296	0.01468	0.02972	0.08751	0.01422	0.00980	0.52624	0.08533	0.02796	0.01513	0.05782	0.03911	0.00691	0.00527	0.00162	0.00535	0.00551	0.00482	0.00817
34	0.01249	0.22501	0.01956	0.06588	0.14892	0.04478	0.01151	0.01450	0.02393	0.01343	0.00806	0.01140	0.00738	0.01797	0.01009	0.00180	0.35031	0.00413	0.00240	0.00643
35	0.01921	0.03067	0.01552	0.01175	0.01578	0.03327	0.00970	0.70747	0.02363	0.03152	0.04060	0.01332	0.01025	0.00636	0.00519	0.00155	0.00569	0.00479	0.00511	0.00860
36	0.01293	0.09283	0.16769	0.01071	0.03059	0.00984	0.04179	0.04641	0.01247	0.17037	0.11890	0.04543	0.03154	0.03436	0.07400	0.00223	0.01703	0.00566	0.00397	0.07127
37	0.01488	0.03188	0.09878	0.08954	0.03653	0.29180	0.13891	0.07471	0.01305	0.01544	0.00888	0.01139	0.00714	0.00579	0.00707	0.00165	0.13896	0.00431	0.00271	0.00657
38	0.01957	0.01448	0.01550	0.01194	0.01607	0.01605	0.00984	0.74318	0.04880	0.03246	0.01278	0.01273	0.00908	0.00628	0.00521	0.00157	0.00568	0.00473	0.00521	0.00884
39	0.01497	0.01327	0.01705	0.17552	0.19148	0.07443	0.04571	0.29287	0.01631	0.02145	0.01222	0.01419	0.03982	0.00594	0.00576	0.00162	0.04143	0.00488	0.00359	0.00748
40	0.01268	0.02974	0.05227	0.19756	0.40375	0.08604	0.11149	0.01595	0.01181	0.01564	0.00954	0.01276	0.00767	0.00481	0.00521	0.00159	0.00704	0.00464	0.00251	0.00729
41	0.00647	0.00538	0.00572	0.00589	0.00757	0.00462	0.00458	0.00794	0.01189	0.01428	0.04919	0.05134	0.67590	0.01336	0.00630	0.00185	0.00294	0.11550	0.00483	0.00445
42	0.00740	0.00555	0.00829	0.00833	0.00924	0.00644	0.00646	0.00923	0.00842	0.01213	0.01443	0.04615	0.01371	0.03832	0.77077	0.00817	0.01359	0.00588	0.00286	0.00464
43	0.01080	0.00926	0.01080	0.00771	0.01234	0.00694	0.00617	0.01311	0.01080	0.01697	0.00926	0.01080	0.00771	0.00386	0.00386	0.00077	0.00386	0.00309	0.00309	0.84882
44	0.00984	0.00576	0.00671	0.00630	0.00712	0.00567	0.00409	0.01117	0.04341	0.10224	0.07879	0.03042	0.01996	0.53893	0.01911	0.00384	0.00446	0.00710	0.09074	0.00436
45	0.00828	0.00592	0.00826	0.00941	0.01057	0.00589	0.00815	0.01062	0.01198	0.01564	0.04855	0.08921	0.03069	0.01436	0.00714	0.00236	0.00466	0.69873	0.00482	0.00478
46	0.00737	0.00532	0.00696	0.00655	0.00778	0.00491	0.00491	0.00983	0.01474	0.02088	0.78175	0.03890	0.04914	0.01065	0.00614	0.00164	0.00246	0.00942	0.00573	0.00491
47	0.01301	0.30167	0.36223	0.01310	0.01884	0.10556	0.07171	0.03079	0.01164	0.01491	0.00861	0.01015	0.00678	0.00481	0.00446	0.00143	0.00720	0.00361	0.00235	0.00712
48	0.00634	0.00453	0.00604	0.00725	0.00755	0.00423	0.00483	0.00725	0.00997	0.01329	0.02870	0.81358	0.03444	0.01632	0.00665	0.00211	0.00302	0.01480	0.00483	0.00423
49	0.01980	0.01459	0.01563	0.01198	0.01615	0.01615	0.00990	0.76713	0.02448	0.03282	0.01250	0.01250	0.00886	0.00625	0.00521	0.00156	0.00573	0.00469	0.00521	0.00886
50	0.01077	0.00996	0.01651	0.61275	0.17766	0.01176	0.01440	0.04143	0.01114	0.01465	0.00947	0.01368	0.00730	0.00538	0.00548	0.01755	0.00671	0.00463	0.00247	0.00630
51	0.01442	0.01197	0.01364	0.01155	0.01485	0.02988	0.06108	0.11658	0.57527	0.06211	0.01908	0.01791	0.01413	0.00671	0.00533	0.00172	0.00477	0.00567	0.00511	0.00822
52	0.00988	0.00520	0.00523	0.00516	0.00647	0.00529	0.00389	0.01298	0.05232	0.01954	0.01722	0.01942	0.01349	0.00612	0.00373	0.00124	0.00252	0.00491	0.80035	0.00504
53	0.16502	0.01765	0.01555	0.01274	0.01628	0.32256	0.09639	0.23845	0.01630	0.03752	0.00977	0.01086	0.00742	0.00544	0.00477	0.00151	0.00720	0.00401	0.00359	0.00697
54	0.01387	0.77629	0.02645	0.00900	0.01338	0.02019	0.00887	0.01625	0.05200	0.01277	0.00800	0.00895	0.00718	0.00460	0.00345	0.00115	0.00549	0.00295	0.00239	0.00677
55	0.00824	0.00551	0.00724	0.00670	0.00808	0.00506	0.00506	0.01067	0.01475	0.06245	0.74051	0.03775	0.04717	0.01042	0.00609	0.00164	0.00256	0.00919	0.00577	0.00513
56	0.01132	0.35941	0.28330	0.01090	0.03081	0.01419	0.01173	0.01468	0.01163	0.01563	0.17303	0.01586	0.01573	0.00595	0.00452	0.00142	0.00564	0.00460	0.00297	0.00668
57	0.00757	0.00505	0.00568	0.00568	0.00568	0.00505	0.00316	0.00757	0.00757	0.01010	0.01641	0.03408	0.01893	0.81698	0.02651	0.00505	0.00505	0.00757	0.00316	0.00316
58	0.00633	0.00468	0.00592	0.00688	0.00746	0.00427	0.00468	0.00735	0.01041	0.01359	0.04884	0.65969	0.16958	0.01563	0.00655	0.00204	0.00294	0.01400	0.00485	0.00427
59	0.00634	0.00453	0.00604	0.00725	0.00755	0.00423	0.00483	0.00725	0.00997	0.01329	0.02870	0.81358	0.03444	0.01632	0.00665	0.00211	0.00302	0.01480	0.00483	0.00423
60	0.00729	0.00532	0.00684	0.00646	0.00773	0.00488	0.00485	0.00966	0.01454	0.02041	0.73079	0.03968	0.10039	0.01082	0.00614	0.00165	0.00247	0.00953	0.00567	0.00488
61	0.00803	0.00581	0.00792	0.00893	0.01012	0.00570	0.00762	0.01026	0.01202	0.01564	0.07417	0.10312	0.09049	0.01419	0.00702	0.00229	0.00438	0.60273	0.00486	0.00474
62	0.83491	0.01045	0.02515	0.00703	0.01035	0.01169	0.00594	0.01533	0.00891	0.02321	0.00730	0.00852	0.00566	0.00484	0.00326	0.00161	0.00411	0.00284	0.00320	0.00569
63	0.01392	0.82012	0.02729	0.00891	0.01337	0.02061	0.00891	0.01559	0.01058	0.01225	0.00724	0.00835	0.00668	0.00446	0.00334	0.00111	0.00557	0.00278	0.00223	0.00668
64	0.01045	0.02694	0.79000	0.01484	0.02254	0.01209	0.01924	0.01649	0.01099	0.01649	0.00935	0.01099	0.00660	0.00495	0.00495	0.00165	0.00770	0.00385	0.00220	0.00770
65	0.01870	0.01502	0.01495	0.01190	0.01574	0.08901	0.00966	0.58222	0.14002	0.02922	0.01343	0.01328	0.00975	0.00629	0.00518	0.00157	0.00583	0.00475	0.00499	0.00850
66	0.02553	0.25988	0.52012	0.01273	0.01925	0.01441	0.01549	0.01658	0.01100	0.04745	0.00916	0.01046	0.00687	0.00486	0.00446	0.00149	0.00687	0.00358	0.00240	0.00741
67	0.06669	0.05676	0.08984	0.02094	0.35286	0.01186	0.09200	0.03608	0.01256	0.19222	0.01204	0.01341	0.00888	0.00509	0.00504	0.00157	0.00602	0.00465	0.00351	0.00798
68	0.01318	0.01114	0.01178	0.01057	0.01354	0.01284	0.00823	0.02762	0.75835	0.03866	0.02118	0.01939	0.01583	0.00705	0.00530	0.00176	0.00413	0.00587	0.00532	0.00826
69	0.01117	0.01062	0.01804	0.46563	0.36423	0.01192	0.01513	0.01448	0.01105	0.01493	0.00949	0.01345	0.00752	0.00496	0.00518	0.00165	0.00661	0.00463	0.00243	0.00687
70	0.01293	0.02267	0.60572	0.04731	0.02131	0.01121	0.01678	0.01809	0.01173	0.16651	0.01152	0.01243	0.00784	0.00525	0.00501	0.00165	0.00703	0.00415	0.00303	0.00784
71	0.00634	0.00453	0.00604	0.00725	0.00755	0.00423	0.00483	0.00725	0.00997	0.01329	0.02870	0.81358	0.03444	0.01632	0.00665	0.00211	0.00302	0.01480	0.00483	0.00423
72	0.00949	0.00485	0.00494	0.00499	0.00611	0.00484	0.00367	0.01175	0.01075	0.01880	0.01745	0.05302	0.01444	0.03786	0.00465	0.00140	0.00255	0.00537	0.77831	0.00476
73	0.01205	0.07676	0.05733	0.39587	0.21813	0.04677	0.05926	0.01532	0.01129	0.04469	0.00970	0.01301	0.00751	0.00500	0.00507	0.00161	0.00680	0.00450	0.00256	0.00677
74	0.00983	0.00926	0.01562	0.80447	0.03587	0.01157	0.01446	0.01331	0.01041	0.01331	0.00926	0.01388	0.00694	0.00521	0.00521	0.00174	0.00694	0.00463	0.00231	0.00579
75	0.01194	0.02485	0.70021	0.01420	0.02147	0.01158	0.01790	0.01752	0.01145	0.10555	0.01064	0.01177	0.00732	0.00512	0.00498	0.00164	0.00732	0.00401	0.00269	0.00783
76	0.34090	0.01173	0.01575	0.02179	0.46694	0.02801	0.01183	0.01582	0.01075	0.01940	0.00877	0.01109	0.00720	0.00473	0.00439	0.00157	0.00541	0.00390	0.00283	0.00719
77	0.00650	0.00529	0.00576	0.00564	0.00725	0.00455	0.00423	0.00815	0.01270	0.01603	0.26246	0.04689	0.57146	0.01246	0.00615	0.00172	0.00259	0.01054	0.00509	0.00455
78	0.01251	0.23130	0.40336	0.01287	0.03114	0.08057	0.01417	0.01818	0.11852	0.01582	0.01036	0.01139	0.00796	0.00515	0.00456	0.00150	0.00676	0.00383	0.00269	0.00738
79	0.01328	0.01262	0.02079	0.09706	0.49173	0.04484	0.12432	0.01719	0.05879	0.05210	0.01097	0.01362	0.00870	0.00492	0.00530	0.00160	0.00656	0.00491	0.00291	0.00778
80	0.00848	0.00557	0.00732	0.00674	0.00816	0.00510	0.00510	0.01090	0.01475	0.07397	0.72908	0.03744	0.04663	0.01036	0.00608	0.00164	0.00259	0.00913	0.00578	0.00519
81	0.01080	0.00926	0.01080	0.00771	0.01234	0.00694	0.00617	0.01311	0.01080	0.01697	0.00926	0.01080	0.00771	0.00386	0.00386	0.00077	0.00386	0.00309	0.00309	0.84882
82	0.01139	0.01139	0.01595	0.01367	0.01367	0.01595	0.01139	0.01253	0.00798	0.01253	0.00684	0.01139	0.00684	0.00911	0.01709	0.00228	0.80745	0.00456	0.00228	0.00570
83	0.00757	0.00505	0.00568	0.00568	0.00568	0.00505	0.00316	0.00757	0.00757	0.01010	0.01641	0.03408	0.01893	0.81698	0.02651	0.00505	0.00505	0.00757	0.00316	0.00316
84	0.01716	0.01390	0.01382	0.01132	0.01481	0.09125	0.00908	0.41635	0.23604	0.04793	0.06187	0.01593	0.01322	0.00667	0.00524	0.00160	0.00540	0.00520	0.00505	0.00816
85	0.00757	0.00505	0.00568	0.00568	0.00568	0.00505	0.00316	0.00757	0.00757	0.01010	0.01641	0.03408	0.01893	0.81698	0.02651	0.00505	0.00505	0.00757	0.00316	0.00316
86	0.00744	0.00558	0.00837	0.00837	0.00930	0.00651	0.00651	0.00930	0.00837	0.01209	0.01395	0.02046	0.01302	0.03906	0.79635	0.00837	0.01395	0.00558	0.00279	0.00465
87	0.01270	0.01218	0.02080	0.07927	0.73865	0.01232	0.01589	0.01582	0.01177	0.01679	0.00976	0.01295	0.00817	0.00467	0.00516	0.00156	0.00623	0.00464	0.00256	0.00810
88	0.17628	0.04484	0.01409	0.01094	0.01461	0.15217	0.00890	0.43324	0.01881	0.04448	0.01082	0.01131	0.00798	0.00576	0.00464	0.00151	0.00595	0.00405	0.02200	0.00759
89	0.01129	0.00839	0.01351	0.03026	0.06185	0.00827	0.12936	0.02923	0.04306	0.09959	0.02209	0.05911	0.02191	0.01073	0.00652	0.00210	0.00547	0.42677	0.00447	0.00603
90	0.01042	0.02617	0.75517	0.01484	0.02234	0.01197	0.03673	0.01635	0.01111	0.01659	0.02588	0.01166	0.00754	0.00506	0.00500	0.00165	0.00761	0.00402	0.00228	0.00762
91	0.01237	0.01176	0.01990	0.05512	0.70378	0.01180	0.01511	0.01540	0.01197	0.01705	0.05240	0.01502	0.02475	0.00514	0.00523	0.00156	0.00594	0.00502	0.00278	0.00792
92	0.00645	0.00529	0.00568	0.00558	0.00721	0.00452	0.00419	0.00804	0.01256	0.01571	0.22825	0.04742	0.60586	0.01258	0.00615	0.00173	0.00259	0.01061	0.00505	0.00452
93	0.01139	0.01139	0.01595	0.01367	0.01367	0.01595	0.01139	0.01253	0.00798	0.01253	0.00684	0.01139	0.00684	0.00911	0.01709	0.00228	0.80745	0.00456	0.00228	0.00570
94	0.01065	0.07464	0.74413	0.01449	0.02199	0.01261	0.01862	0.01644	0.01097	0.01624	0.00922	0.01084	0.00660	0.00492	0.00485	0.00162	0.00757	0.00378	0.00220	0.00764
95	0.01045	0.02694	0.79000	0.01484	0.02254	0.01209	0.01924	0.01649	0.01099	0.01649	0.00935	0.01099	0.00660	0.00495	0.00495	0.00165	0.00770	0.00385	0.00220	0.00770
96	0.02347	0.03916	0.71817	0.01567	0.06886	0.01225	0.01866	0.01643	0.01101	0.01656	0.00931	0.01103	0.00668	0.00492	0.00491	0.00163	0.00751	0.00386	0.00224	0.00768
97	0.71825	0.01008	0.00851	0.00734	0.01070	0.01134	0.00605	0.04424	0.01020	0.12025	0.00912	0.00978	0.00667	0.00509	0.00355	0.00161	0.00414	0.00319	0.00370	0.00617
98	0.00623	0.00528	0.00538	0.00535	0.00708	0.00443	0.00402	0.00762	0.01205	0.01449	0.09740	0.04943	0.73748	0.01303	0.00615	0.00175	0.00263	0.01089	0.00489	0.00443
99	0.62588	0.08928	0.08144	0.00845	0.01230	0.01288	0.02575	0.06152	0.01026	0.02210	0.00784	0.00906	0.00608	0.00488	0.00358	0.00157	0.00473	0.00310	0.00314	0.00616
100	0.04703	0.00924	0.01082	0.00786	0.01236	0.00722	0.00632	0.01462	0.01119	0.10624	0.01048	0.01150	0.00823	0.00420	0.00399	0.00090	0.00393	0.00332	0.00348	0.71708
101	0.05031	0.70651	0.10161	0.00941	0.01413	0.01938	0.00979	0.01567	0.01055	0.01316	0.00745	0.00862	0.00663	0.00452	0.00349	0.00119	0.00571	0.00289	0.00227	0.00674
102	0.01141	0.01355	0.09704	0.10048	0.02449	0.01199	0.46443	0.01647	0.07409	0.01681	0.04331	0.01870	0.01172	0.00579	0.00595	0.00179	0.00754	0.06458	0.00307	0.00680
103	0.00634	0.00453	0.00604	0.00725	0.00755	0.00423	0.00483	0.00725	0.00997	0.01329	0.02870	0.81358	0.03444	0.01632	0.00665	0.00211	0.00302	0.01480	0.00483	0.00423
104	0.01275	0.01001	0.12883	0.05455	0.01391	0.00742	0.00925	0.01568	0.01331	0.23575	0.22396	0.03197	0.02540	0.00917	0.00590	0.00182	0.00463	0.18422	0.00498	0.00648
105	0.77184	0.04630	0.00890	0.00729	0.01054	0.05457	0.00602	0.01562	0.00926	0.02230	0.00729	0.00851	0.00574	0.00485	0.00331	0.00158	0.00439	0.00285	0.00315	0.00571
106	0.03415	0.80061	0.02682	0.00886	0.01329	0.02039	0.00883	0.01559	0.01054	0.01252	0.00724	0.00836	0.00666	0.00446	0.00334	0.00113	0.00553	0.00279	0.00225	0.00666
107	0.00737	0.00532	0.00696	0.00655	0.00778	0.00491	0.00491	0.00983	0.01474	0.02088	0.78175	0.03890	0.04914	0.01065	0.00614	0.00164	0.00246	0.00942	0.00573	0.00491
108	0.00634	0.00453	0.00604	0.00725	0.00755	0.00423	0.00483	0.00725	0.00997	0.01329	0.02870	0.81358	0.03444	0.01632	0.00665	0.00211	0.00302	0.01480	0.00483	0.00423
109	0.00744	0.00558	0.00837	0.00837	0.00930	0.00651	0.00651	0.00930	0.00837	0.01209	0.01395	0.02046	0.01302	0.03906	0.79635	0.00837	0.01395	0.00558	0.00279	0.00465
110	0.00744	0.00558	0.00837	0.00837	0.00930	0.00651	0.00651	0.00930	0.00837	0.01209	0.01395	0.02046	0.01302	0.03906	0.79635	0.00837	0.01395	0.00558	0.00279	0.00465
111	0.85377	0.01007	0.00765	0.00685	0.01007	0.01168	0.00564	0.01531	0.00886	0.02336	0.00725	0.00846	0.00564	0.00483	0.00322	0.00161	0.00403	0.00282	0.00322	0.00564
112	0.01392	0.82012	0.02729	0.00891	0.01337	0.02061	0.00891	0.01559	0.01058	0.01225	0.00724	0.00835	0.00668	0.00446	0.00334	0.00111	0.00557	0.00278	0.00223	0.00668
113	0.01785	0.01729	0.01445	0.01260	0.04340	0.32254	0.00959	0.29022	0.01749	0.05440	0.01302	0.01368	0.05538	0.00628	0.00554	0.00148	0.04361	0.00448	0.00390	0.05281
114	0.01204	0.07619	0.05062	0.01333	0.01418	0.06392	0.01146	0.01345	0.00873	0.01270	0.00705	0.01102	0.00681	0.00834	0.01472	0.00210	0.66085	0.00431	0.00230	0.00588
115	0.02004	0.01357	0.01492	0.01151	0.01560	0.01472	0.00949	0.62232	0.05586	0.14686	0.01410	0.01360	0.00978	0.00632	0.00522	0.00158	0.00546	0.00482	0.00540	0.00883
116	0.12747	0.01071	0.08415	0.00916	0.01340	0.00846	0.00814	0.03117	0.01296	0.43506	0.01587	0.04383	0.01114	0.00598	0.00475	0.00148	0.00455	0.00474	0.00493	0.16207
117	0.00723	0.00532	0.00677	0.00640	0.00769	0.00485	0.00480	0.00956	0.01441	0.02010	0.69761	0.04019	0.13377	0.01094	0.00614	0.00165	0.00248	0.00960	0.00563	0.00485
118	0.00833	0.00735	0.03868	0.00965	0.06814	0.00700	0.00704	0.01077	0.01343	0.01918	0.57716	0.06062	0.03900	0.01000	0.00730	0.00172	0.09587	0.00848	0.00493	0.00534
119	0.01229	0.01405	0.03073	0.02195	0.02722	0.01317	0.76558	0.01668	0.01229	0.01668	0.01054	0.01405	0.00790	0.00439	0.00615	0.00176	0.00878	0.00615	0.00263	0.00702
120	0.00640	0.00460	0.00608	0.00717	0.00756	0.00428	0.00482	0.00741	0.01030	0.01378	0.07533	0.74977	0.05138	0.01590	0.00661	0.00208	0.00298	0.01439	0.00489	0.00428
121	0.01148	0.01145	0.01627	0.01479	0.06088	0.01573	0.01167	0.01274	0.00821	0.01281	0.00702	0.01148	0.00692	0.00884	0.01636	0.00223	0.75838	0.00456	0.00230	0.00585
122	0.12696	0.01441	0.01407	0.02795	0.01537	0.10489	0.02411	0.47276	0.06614	0.02725	0.01193	0.01241	0.00877	0.00595	0.00484	0.00155	0.00577	0.00440	0.04266	0.00779
123	0.09013	0.00949	0.01511	0.65106	0.09123	0.01150	0.01354	0.01363	0.01047	0.01472	0.02596	0.01384	0.00784	0.00525	0.00503	0.00171	0.00651	0.00456	0.00250	0.00594
124	0.03736	0.06458	0.50288	0.01366	0.03092	0.01165	0.06135	0.01737	0.02589	0.11234	0.03928	0.01300	0.00923	0.00528	0.00494	0.00159	0.00673	0.00430	0.00301	0.03464
125	0.01369	0.76632	0.07901	0.00931	0.01399	0.02003	0.00961	0.01565	0.01061	0.01254	0.00738	0.00853	0.00668	0.00449	0.00345	0.00115	0.00571	0.00286	0.00223	0.00675
126	0.00851	0.00553	0.00716	0.00666	0.00793	0.00511	0.00490	0.01062	0.01382	0.07431	0.62242	0.05389	0.04274	0.10354	0.00844	0.00204	0.00291	0.00902	0.00547	0.00498
127	0.01094	0.09635	0.65692	0.01536	0.05524	0.01291	0.04922	0.01640	0.01105	0.01615	0.00923	0.01097	0.00673	0.00487	0.00486	0.00160	0.00749	0.00388	0.00224	0.00760
128	0.01485	0.01196	0.04599	0.06058	0.45112	0.01144	0.01315	0.10181	0.01372	0.15341	0.01457	0.01595	0.05641	0.00570	0.00523	0.00159	0.00570	0.00511	0.00366	0.00805
129	0.00647	0.00461	0.00609	0.00713	0.00749	0.00431	0.00477	0.00744	0.01020	0.01368	0.08057	0.72558	0.03479	0.05094	0.00748	0.00221	0.00307	0.01411	0.00482	0.00423
130	0.00626	0.00522	0.00548	0.00566	0.00723	0.00443	0.00422	0.00757	0.01165	0.01403	0.04907	0.13855	0.66881	0.01359	0.00625	0.00182	0.00276	0.03817	0.00483	0.00439
131	0.07953	0.17662	0.21705	0.05759	0.09420	0.04968	0.10178	0.06242	0.01230	0.08735	0.01010	0.01161	0.00759	0.00499	0.00470	0.00152	0.00659	0.00410	0.00297	0.00731
132	0.05353	0.32023	0.38298	0.01393	0.08791	0.01529	0.02840	0.01606	0.01084	0.01530	0.00852	0.01011	0.00676	0.00472	0.00431	0.00144	0.00661	0.00352	0.00230	0.00725
133	0.01248	0.01336	0.04431	0.01362	0.01433	0.08867	0.01149	0.04645	0.00944	0.01359	0.00729	0.01124	0.00690	0.00849	0.01497	0.00214	0.66843	0.00442	0.00244	0.00594
134	0.01316	0.01166	0.01843	0.26178	0.45564	0.04067	0.01454	0.03012	0.01201	0.07678	0.01047	0.01343	0.00818	0.00501	0.00516	0.00160	0.00639	0.00464	0.00286	0.00749
135	0.19602	0.02897	0.04117	0.03758	0.01218	0.00954	0.00720	0.06268	0.12824	0.14080	0.13243	0.04529	0.12174	0.00784	0.00505	0.00166	0.00405	0.00631	0.00470	0.00653

[dist]
# distance from previous block
# <min> <max>
0	1

[block]
# block no. 3 follows, 47 sequences, length 31
# corresponding to MSA columns:
# 305-335
name=unknown_D
#
# <colnr> <probs for GDERKNQSTAVLIFYWHMCP>
#	G	D	E	R	K	N	Q	S	T	A	V	L	I	F	Y	W	H	M	C	P
0	0.19840	0.53722	0.03839	0.00969	0.04240	0.05508	0.00871	0.01604	0.01056	0.03320	0.00774	0.00888	0.00666	0.00465	0.00353	0.00127	0.00546	0.00297	0.00258	0.00656
1	0.33446	0.06948	0.01540	0.01279	0.07219	0.02971	0.08418	0.07766	0.01074	0.01910	0.00811	0.01049	0.00675	0.00602	0.00758	0.00175	0.22039	0.00392	0.00295	0.00634
2	0.01268	0.01223	0.02105	0.07931	0.71820	0.01235	0.03584	0.01584	0.01178	0.01678	0.00978	0.01298	0.00816	0.00467	0.00519	0.00156	0.00630	0.00468	0.00256	0.00806
3	0.00641	0.00458	0.00612	0.00733	0.00766	0.00429	0.00495	0.00737	0.01004	0.01337	0.02867	0.78919	0.03430	0.01625	0.00666	0.00212	0.00308	0.03855	0.00483	0.00425
4	0.00655	0.00521	0.00589	0.00589	0.00732	0.00454	0.00435	0.00818	0.01256	0.01611	0.27752	0.13018	0.47180	0.01274	0.00620	0.00176	0.00262	0.01092	0.00512	0.00454
5	0.00737	0.00532	0.00696	0.00655	0.00778	0.00491	0.00491	0.00983	0.01474	0.02088	0.78175	0.03890	0.04914	0.01065	0.00614	0.00164	0.00246	0.00942	0.00573	0.00491
6	0.00637	0.00467	0.00600	0.00705	0.00757	0.00430	0.00481	0.00737	0.01027	0.01346	0.03186	0.69281	0.13328	0.01585	0.00660	0.00208	0.00302	0.03354	0.00483	0.00427
7	0.01392	0.82012	0.02729	0.00891	0.01337	0.02061	0.00891	0.01559	0.01058	0.01225	0.00724	0.00835	0.00668	0.00446	0.00334	0.00111	0.00557	0.00278	0.00223	0.00668
8	0.00727	0.00532	0.00682	0.00645	0.00772	0.00487	0.00483	0.00963	0.01450	0.02031	0.72088	0.03984	0.11036	0.01086	0.00614	0.00165	0.00247	0.00955	0.00566	0.00487
9	0.85377	0.01007	0.00765	0.00685	0.01007	0.01168	0.00564	0.01531	0.00886	0.02336	0.00725	0.00846	0.00564	0.00483	0.00322	0.00161	0.00403	0.00282	0.00322	0.00564
10	0.00634	0.00453	0.00604	0.00725	0.00755	0.00423	0.00483	0.00725	0.00997	0.01329	0.02870	0.81358	0.03444	0.01632	0.00665	0.00211	0.00302	0.01480	0.00483	0.00423
11	0.01289	0.01237	0.02114	0.03196	0.78450	0.01237	0.01598	0.01598	0.01186	0.01701	0.00980	0.01289	0.00825	0.00464	0.00516	0.00155	0.00619	0.00464	0.00258	0.00825
12	0.01260	0.01252	0.01582	0.05070	0.01510	0.07144	0.01132	0.07617	0.00995	0.01428	0.00751	0.01146	0.00700	0.00842	0.01465	0.00213	0.64590	0.00449	0.00255	0.00599
13	0.00971	0.00485	0.00485	0.00485	0.00607	0.00485	0.00364	0.01213	0.01092	0.01942	0.01699	0.01942	0.01335	0.00607	0.00364	0.00121	0.00243	0.00485	0.84589	0.00485
14	0.85377	0.01007	0.00765	0.00685	0.01007	0.01168	0.00564	0.01531	0.00886	0.02336	0.00725	0.00846	0.00564	0.00483	0.00322	0.00161	0.00403	0.00282	0.00322	0.00564
15	0.01080	0.00926	0.01080	0.00771	0.01234	0.00694	0.00617	0.01311	0.01080	0.01697	0.00926	0.01080	0.00771	0.00386	0.00386	0.00077	0.00386	0.00309	0.00309	0.84882
16	0.00971	0.00485	0.00485	0.00485	0.00607	0.00485	0.00364	0.01213	0.01092	0.01942	0.01699	0.01942	0.01335	0.00607	0.00364	0.00121	0.00243	0.00485	0.84589	0.00485
17	0.00737	0.00532	0.00696	0.00655	0.00778	0.00491	0.00491	0.00983	0.01474	0.02088	0.78175	0.03890	0.04914	0.01065	0.00614	0.00164	0.00246	0.00942	0.00573	0.00491
18	0.01289	0.01237	0.02114	0.03196	0.78450	0.01237	0.01598	0.01598	0.01186	0.01701	0.00980	0.01289	0.00825	0.00464	0.00516	0.00155	0.00619	0.00464	0.00258	0.00825
19	0.00737	0.00532	0.00696	0.00655	0.00778	0.00491	0.00491	0.00983	0.01474	0.02088	0.78175	0.03890	0.04914	0.01065	0.00614	0.00164	0.00246	0.00942	0.00573	0.00491
20	0.00744	0.00558	0.00837	0.00837	0.00930	0.00651	0.00651	0.00930	0.00837	0.01209	0.01395	0.02046	0.01302	0.03906	0.79635	0.00837	0.01395	0.00558	0.00279	0.00465
21	0.01080	0.00926	0.01080	0.00771	0.01234	0.00694	0.00617	0.01311	0.01080	0.01697	0.00926	0.01080	0.00771	0.00386	0.00386	0.00077	0.00386	0.00309	0.00309	0.84882
22	0.01263	0.01090	0.01146	0.01034	0.01323	0.01254	0.00804	0.02670	0.73844	0.02141	0.02271	0.02090	0.05270	0.00736	0.00534	0.00177	0.00405	0.00613	0.00528	0.00806
23	0.00738	0.00531	0.00690	0.00651	0.00768	0.00492	0.00483	0.00972	0.01439	0.02036	0.74440	0.03866	0.04766	0.04999	0.00714	0.00180	0.00258	0.00933	0.00561	0.00483
24	0.00668	0.00514	0.00611	0.00620	0.00744	0.00457	0.00452	0.00837	0.01263	0.01664	0.34046	0.20406	0.33275	0.01282	0.00625	0.00178	0.00264	0.01115	0.00520	0.00457
25	0.01289	0.01237	0.02114	0.03196	0.78450	0.01237	0.01598	0.01598	0.01186	0.01701	0.00980	0.01289	0.00825	0.00464	0.00516	0.00155	0.00619	0.00464	0.00258	0.00825
26	0.00634	0.00453	0.00604	0.00725	0.00755	0.00423	0.00483	0.00725	0.00997	0.01329	0.02870	0.81358	0.03444	0.01632	0.00665	0.00211	0.00302	0.01480	0.00483	0.00423
27	0.02009	0.01411	0.01533	0.01176	0.01591	0.01544	0.00971	0.70520	0.02369	0.09589	0.01317	0.01294	0.00919	0.00627	0.00521	0.00157	0.00562	0.00473	0.00531	0.00886
28	0.01042	0.00980	0.01652	0.57592	0.21889	0.01142	0.01437	0.01367	0.01075	0.01422	0.01032	0.05204	0.00858	0.00560	0.00526	0.00171	0.00657	0.00512	0.00250	0.00632
29	0.01464	0.01353	0.02269	0.07236	0.12653	0.01390	0.33610	0.25656	0.05187	0.02189	0.01148	0.01364	0.00857	0.00520	0.00561	0.00166	0.00711	0.00536	0.00355	0.00775
30	0.00822	0.00587	0.00820	0.00940	0.01052	0.00585	0.00809	0.01049	0.01182	0.01539	0.02767	0.12177	0.03034	0.01455	0.00715	0.00237	0.00465	0.68810	0.00480	0.00475

[dist]
# distance from previous block
# <min> <max>
0	1

[block]
# block no. 4 follows, 47 sequences, length 51
# corresponding to MSA columns:
# 337-387
name=unknown_E
#
# <colnr> <probs for GDERKNQSTAVLIFYWHMCP>
#	G	D	E	R	K	N	Q	S	T	A	V	L	I	F	Y	W	H	M	C	P
0	0.08923	0.59521	0.17132	0.00986	0.01482	0.01817	0.01059	0.01574	0.01050	0.01407	0.00764	0.00887	0.00657	0.00458	0.00364	0.00126	0.00584	0.00299	0.00231	0.00678
1	0.01548	0.01221	0.01292	0.01099	0.01429	0.02910	0.00879	0.26171	0.45553	0.05652	0.01843	0.01873	0.01398	0.00708	0.00534	0.00172	0.00478	0.03889	0.00524	0.00826
2	0.01067	0.00717	0.00874	0.00786	0.00984	0.00718	0.00605	0.01602	0.19762	0.11481	0.50587	0.03163	0.03672	0.00927	0.00583	0.00167	0.00310	0.00806	0.00572	0.00620
3	0.00789	0.00547	0.00694	0.00649	0.00791	0.00496	0.00489	0.01016	0.01434	0.05293	0.64486	0.03959	0.15232	0.01083	0.00610	0.00165	0.00257	0.00946	0.00564	0.00501
4	0.00757	0.00505	0.00568	0.00568	0.00568	0.00505	0.00316	0.00757	0.00757	0.01010	0.01641	0.03408	0.01893	0.81698	0.02651	0.00505	0.00505	0.00757	0.00316	0.00316
5	0.02336	0.00886	0.01209	0.00927	0.01329	0.00765	0.00765	0.02538	0.01491	0.78810	0.02055	0.01773	0.01289	0.00645	0.00524	0.00161	0.00443	0.00524	0.00645	0.00886
6	0.00983	0.00926	0.01562	0.80447	0.03587	0.01157	0.01446	0.01331	0.01041	0.01331	0.00926	0.01388	0.00694	0.00521	0.00521	0.00174	0.00694	0.00463	0.00231	0.00579
7	0.00823	0.00588	0.00821	0.00941	0.01054	0.00586	0.00812	0.01052	0.01183	0.01541	0.02766	0.11681	0.03031	0.01453	0.00715	0.00238	0.00466	0.69294	0.00480	0.00475
8	0.01794	0.02230	0.01498	0.01346	0.01564	0.64956	0.01031	0.01924	0.01348	0.01271	0.00782	0.00977	0.00673	0.00607	0.00702	0.00152	0.15927	0.00358	0.00261	0.00597
9	0.85377	0.01007	0.00765	0.00685	0.01007	0.01168	0.00564	0.01531	0.00886	0.02336	0.00725	0.00846	0.00564	0.00483	0.00322	0.00161	0.00403	0.00282	0.00322	0.00564
10	0.01392	0.82012	0.02729	0.00891	0.01337	0.02061	0.00891	0.01559	0.01058	0.01225	0.00724	0.00835	0.00668	0.00446	0.00334	0.00111	0.00557	0.00278	0.00223	0.00668
11	0.01045	0.02694	0.79000	0.01484	0.02254	0.01209	0.01924	0.01649	0.01099	0.01649	0.00935	0.01099	0.00660	0.00495	0.00495	0.00165	0.00770	0.00385	0.00220	0.00770
12	0.01948	0.02403	0.01482	0.01331	0.01610	0.73608	0.01005	0.07820	0.01551	0.01429	0.00839	0.00963	0.00687	0.00543	0.00474	0.00136	0.00911	0.00346	0.00288	0.00625
13	0.01270	0.47540	0.34108	0.01136	0.01714	0.01681	0.01314	0.01618	0.01085	0.03126	0.00840	0.00965	0.00679	0.00470	0.00405	0.00135	0.00642	0.00328	0.00231	0.00715
14	0.01887	0.16559	0.01764	0.01127	0.01548	0.01656	0.00960	0.58871	0.02139	0.06692	0.01192	0.01199	0.00865	0.00592	0.00486	0.00148	0.00563	0.00436	0.00471	0.00845
15	0.00971	0.00485	0.00485	0.00485	0.00607	0.00485	0.00364	0.01213	0.01092	0.01942	0.01699	0.01942	0.01335	0.00607	0.00364	0.00121	0.00243	0.00485	0.84589	0.00485
16	0.00859	0.00655	0.00994	0.01032	0.01181	0.00646	0.06637	0.01104	0.01188	0.01548	0.02657	0.06749	0.04405	0.03130	0.00751	0.00239	0.00503	0.64772	0.00459	0.00491
17	0.01227	0.12643	0.25246	0.01886	0.10581	0.01386	0.33809	0.04038	0.01202	0.01658	0.00972	0.01220	0.00742	0.00465	0.00528	0.00161	0.00765	0.00481	0.00253	0.00737
18	0.00734	0.00496	0.00581	0.00604	0.00612	0.00493	0.00355	0.00755	0.00804	0.01074	0.01866	0.18016	0.02171	0.64829	0.04091	0.00458	0.00488	0.00888	0.00346	0.00339
19	0.00637	0.00455	0.00607	0.00723	0.00756	0.00425	0.00484	0.00732	0.01010	0.01350	0.04920	0.79250	0.03484	0.01616	0.00663	0.00210	0.00301	0.01466	0.00486	0.00425
20	0.01216	0.01147	0.01922	0.27399	0.52404	0.01225	0.01530	0.03985	0.01182	0.01637	0.00972	0.01319	0.00786	0.00487	0.00517	0.00161	0.00641	0.00464	0.00258	0.00749
21	0.01424	0.60298	0.05399	0.00937	0.01359	0.01798	0.00906	0.09873	0.01227	0.04692	0.01011	0.07125	0.00931	0.00567	0.00395	0.00128	0.00543	0.00406	0.00293	0.00687
22	0.00839	0.00599	0.00839	0.00959	0.01079	0.00599	0.00839	0.01079	0.01199	0.01558	0.02757	0.05874	0.02997	0.01439	0.00719	0.00240	0.00480	0.74945	0.00480	0.00480
23	0.10553	0.42207	0.17730	0.01118	0.03383	0.14441	0.01100	0.01660	0.01119	0.01451	0.00786	0.00918	0.00659	0.00475	0.00392	0.00132	0.00647	0.00314	0.00241	0.00671
24	0.00733	0.00532	0.00691	0.00651	0.00776	0.00490	0.00488	0.00975	0.01465	0.02066	0.75777	0.03927	0.07326	0.01073	0.00614	0.00164	0.00246	0.00947	0.00570	0.00490
25	0.00699	0.00531	0.00643	0.00615	0.00755	0.00475	0.00461	0.00909	0.01384	0.01876	0.55422	0.04240	0.27799	0.01144	0.00615	0.00168	0.00251	0.00991	0.00545	0.00475
26	0.01064	0.02560	0.71115	0.01558	0.02303	0.01221	0.09675	0.01651	0.01113	0.01651	0.00947	0.01131	0.00673	0.00489	0.00507	0.00166	0.00781	0.00409	0.00224	0.00763
27	0.00737	0.00532	0.00696	0.00655	0.00778	0.00491	0.00491	0.00983	0.01474	0.02088	0.78175	0.03890	0.04914	0.01065	0.00614	0.00164	0.00246	0.00942	0.00573	0.00491
28	0.01080	0.00926	0.01080	0.00771	0.01234	0.00694	0.00617	0.01311	0.01080	0.01697	0.00926	0.01080	0.00771	0.00386	0.00386	0.00077	0.00386	0.00309	0.00309	0.84882
29	0.01295	0.01119	0.01178	0.01060	0.01354	0.01295	0.00824	0.02767	0.77509	0.02178	0.02120	0.01943	0.01590	0.00707	0.00530	0.00177	0.00412	0.00589	0.00530	0.00824
30	0.00757	0.00505	0.00568	0.00568	0.00568	0.00505	0.00316	0.00757	0.00757	0.01010	0.01641	0.03408	0.01893	0.81698	0.02651	0.00505	0.00505	0.00757	0.00316	0.00316
31	0.00644	0.00461	0.00613	0.00718	0.00758	0.00430	0.00484	0.00750	0.01043	0.01403	0.10169	0.73850	0.03587	0.01577	0.00660	0.00207	0.00297	0.01428	0.00492	0.00430
32	0.00757	0.00505	0.00568	0.00568	0.00568	0.00505	0.00316	0.00757	0.00757	0.01010	0.01641	0.03408	0.01893	0.81698	0.02651	0.00505	0.00505	0.00757	0.00316	0.00316
33	0.00629	0.00528	0.00546	0.00541	0.00712	0.00445	0.00406	0.00773	0.01218	0.01481	0.13212	0.04890	0.70255	0.01291	0.00615	0.00175	0.00262	0.01082	0.00493	0.00445
34	0.01048	0.00991	0.01678	0.64232	0.19300	0.01174	0.01478	0.01387	0.01072	0.01408	0.00937	0.01368	0.00722	0.00509	0.00520	0.00170	0.00678	0.00463	0.00237	0.00630
35	0.01502	0.63728	0.07006	0.00963	0.01411	0.07732	0.00949	0.01696	0.01133	0.08520	0.00867	0.00947	0.00726	0.00474	0.00372	0.00121	0.00588	0.00312	0.00266	0.00690
36	0.81194	0.01015	0.00797	0.00704	0.01030	0.01169	0.00580	0.03439	0.00941	0.04289	0.00772	0.00879	0.00590	0.00491	0.00332	0.00161	0.00408	0.00293	0.00335	0.00580
37	0.01223	0.10606	0.30820	0.04054	0.32709	0.04210	0.05920	0.01628	0.01149	0.01604	0.00932	0.01165	0.00736	0.00476	0.00492	0.00155	0.00697	0.00418	0.00240	0.00766
38	0.00671	0.00566	0.00598	0.00573	0.00768	0.00468	0.00429	0.00813	0.01167	0.01448	0.06214	0.10424	0.62280	0.01234	0.00594	0.00167	0.00280	0.01037	0.00466	0.09803
39	0.00938	0.02118	0.03693	0.07906	0.05248	0.00668	0.00655	0.03678	0.01172	0.01801	0.12259	0.16966	0.02086	0.00840	0.00487	0.00153	0.00351	0.00724	0.37728	0.00528
40	0.85377	0.01007	0.00765	0.00685	0.01007	0.01168	0.00564	0.01531	0.00886	0.02336	0.00725	0.00846	0.00564	0.00483	0.00322	0.00161	0.00403	0.00282	0.00322	0.00564
41	0.00983	0.00926	0.01562	0.80447	0.03587	0.01157	0.01446	0.01331	0.01041	0.01331	0.00926	0.01388	0.00694	0.00521	0.00521	0.00174	0.00694	0.00463	0.00231	0.00579
42	0.00744	0.00558	0.00837	0.00837	0.00930	0.00651	0.00651	0.00930	0.00837	0.01209	0.01395	0.02046	0.01302	0.03906	0.79635	0.00837	0.01395	0.00558	0.00279	0.00465
43	0.00764	0.00576	0.00792	0.09503	0.01089	0.00565	0.00597	0.01021	0.01426	0.02004	0.69609	0.03613	0.04446	0.01004	0.00604	0.00165	0.00295	0.00889	0.00535	0.00501
44	0.76168	0.00994	0.00815	0.00712	0.01043	0.01124	0.00586	0.01642	0.00953	0.10817	0.00873	0.00949	0.00644	0.00501	0.00345	0.00161	0.00407	0.00309	0.00358	0.00600
45	0.11227	0.01409	0.01474	0.01141	0.01548	0.01565	0.00943	0.68376	0.02275	0.03177	0.01192	0.01205	0.00850	0.00609	0.00499	0.00157	0.00554	0.00448	0.00499	0.00850
46	0.76010	0.00946	0.00756	0.00684	0.00971	0.01089	0.00552	0.01436	0.00863	0.02178	0.00745	0.00928	0.00602	0.00630	0.00512	0.09552	0.00408	0.00301	0.00312	0.00527
47	0.01174	0.01107	0.01874	0.16629	0.56583	0.01158	0.01466	0.01477	0.01121	0.01581	0.01016	0.01390	0.00855	0.00856	0.09290	0.00234	0.00718	0.00474	0.00255	0.00741
48	0.76129	0.01057	0.00854	0.00742	0.01075	0.01218	0.00611	0.09868	0.01059	0.02441	0.00783	0.00891	0.00600	0.00499	0.00344	0.00161	0.00422	0.00303	0.00344	0.00600
