[name]
unknown

[dist]
# distance from previous block
# <min> <max>
0	35

[block]
# block no. 0 follows, 45 sequences, length 20
# corresponding to MSA columns:
# 35-54
name=unknown_A
#
# <colnr> <probs for GDERKNQSTAVLIFYWHMCP>
#	G	D	E	R	K	N	Q	S	T	A	V	L	I	F	Y	W	H	M	C	P
0	0.01159	0.00917	0.01089	0.00843	0.01257	0.00742	0.00681	0.01475	0.05934	0.05856	0.01347	0.03421	0.01191	0.00581	0.00459	0.00112	0.00411	0.08637	0.00375	0.63513
1	0.01064	0.01832	0.43269	0.01352	0.07026	0.00972	0.01413	0.01487	0.01184	0.06989	0.06051	0.13441	0.08084	0.00821	0.00563	0.00179	0.00606	0.02616	0.00350	0.00700
2	0.00698	0.00547	0.00635	0.00635	0.00784	0.00484	0.00482	0.00883	0.01322	0.01715	0.31614	0.08942	0.41546	0.01290	0.00644	0.00183	0.00283	0.06307	0.00532	0.00475
3	0.00650	0.00546	0.00566	0.00567	0.00743	0.00462	0.00429	0.00798	0.01245	0.01504	0.10381	0.05113	0.70166	0.01345	0.00638	0.00182	0.00278	0.03423	0.00505	0.00458
4	0.07059	0.01075	0.01383	0.36303	0.02415	0.01280	0.01127	0.06103	0.33575	0.01928	0.01485	0.01629	0.01112	0.00622	0.00527	0.00178	0.00563	0.00520	0.00393	0.00721
5	0.03495	0.52418	0.17235	0.01077	0.01589	0.04419	0.01127	0.08495	0.01251	0.03333	0.00872	0.00979	0.00720	0.00495	0.00403	0.00133	0.00625	0.00334	0.00271	0.00730
6	0.01329	0.01275	0.02179	0.03295	0.77787	0.01275	0.01647	0.01647	0.01222	0.01754	0.01010	0.01329	0.00850	0.00478	0.00531	0.00159	0.00638	0.00478	0.00266	0.00850
7	0.09353	0.22396	0.12456	0.01218	0.03872	0.12512	0.04217	0.09094	0.03071	0.15322	0.01138	0.01192	0.00845	0.00544	0.00462	0.00150	0.00639	0.00402	0.00362	0.00755
8	0.01527	0.07385	0.26667	0.01395	0.03438	0.03197	0.13787	0.04272	0.01312	0.21999	0.01403	0.04576	0.01037	0.00595	0.00527	0.00165	0.00654	0.00520	0.04765	0.00777
9	0.00865	0.00618	0.00865	0.00989	0.01112	0.00618	0.00865	0.01112	0.01236	0.01606	0.02842	0.06055	0.03089	0.01483	0.00741	0.00247	0.00494	0.74174	0.00494	0.00494
10	0.01014	0.00954	0.01610	0.79845	0.03697	0.01193	0.01491	0.01371	0.01073	0.01371	0.00954	0.01431	0.00716	0.00537	0.00537	0.00179	0.00716	0.00477	0.00239	0.00596
11	0.01555	0.04897	0.06572	0.11960	0.18789	0.13943	0.11791	0.05802	0.06135	0.11548	0.01201	0.01373	0.00899	0.00544	0.00532	0.00163	0.00707	0.00482	0.00344	0.00764
12	0.00932	0.00466	0.00699	0.00699	0.00699	0.00466	0.00466	0.00699	0.00699	0.00932	0.00932	0.01632	0.00932	0.01865	0.02098	0.84382	0.00466	0.00466	0.00233	0.00233
13	0.01945	0.01391	0.01509	0.01186	0.01592	0.01532	0.00970	0.56729	0.15752	0.09458	0.01519	0.01462	0.01078	0.00661	0.00539	0.00165	0.00550	0.00510	0.00549	0.00902
14	0.01034	0.00974	0.01646	0.75005	0.08381	0.01198	0.01501	0.01389	0.01083	0.01396	0.00958	0.01425	0.00724	0.00533	0.00536	0.00178	0.00711	0.00477	0.00240	0.00612
15	0.03684	0.01215	0.01462	0.10070	0.05167	0.01317	0.01004	0.37609	0.06663	0.16762	0.06865	0.01634	0.01296	0.00668	0.00562	0.00167	0.01987	0.00531	0.00509	0.00828
16	0.01019	0.00839	0.01417	0.10294	0.01725	0.00851	0.15648	0.01304	0.01218	0.05089	0.03974	0.05997	0.05849	0.01166	0.02464	0.00230	0.02761	0.37166	0.00420	0.00569
17	0.01036	0.00977	0.01651	0.74383	0.08984	0.01199	0.01502	0.01391	0.01084	0.01399	0.00958	0.01424	0.00725	0.00533	0.00536	0.00178	0.00710	0.00477	0.00240	0.00614
18	0.03811	0.01199	0.01535	0.02934	0.04815	0.01231	0.06145	0.34665	0.01864	0.27853	0.01551	0.03025	0.01106	0.02708	0.00640	0.02460	0.00558	0.00534	0.00524	0.00841
19	0.01211	0.01439	0.13905	0.01864	0.10733	0.03085	0.35660	0.01593	0.01217	0.04906	0.01394	0.12105	0.01224	0.00653	0.00584	0.00176	0.00715	0.00679	0.06158	0.00700

[dist]
# distance from previous block
# <min> <max>
0	4

[block]
# block no. 1 follows, 45 sequences, length 25
# corresponding to MSA columns:
# 59-83
name=unknown_B
#
# <colnr> <probs for GDERKNQSTAVLIFYWHMCP>
#	G	D	E	R	K	N	Q	S	T	A	V	L	I	F	Y	W	H	M	C	P
0	0.73783	0.01117	0.00873	0.00833	0.03550	0.05987	0.00641	0.01583	0.00966	0.02279	0.00848	0.04031	0.00713	0.00548	0.00362	0.00166	0.00453	0.00349	0.00333	0.00587
1	0.01345	0.01472	0.06771	0.08121	0.52002	0.09100	0.03857	0.01656	0.01206	0.01642	0.00963	0.01279	0.00802	0.00527	0.00626	0.00166	0.06959	0.00464	0.00260	0.00782
2	0.01315	0.01078	0.01192	0.05869	0.01479	0.01225	0.00853	0.06155	0.57372	0.04911	0.04041	0.05827	0.04731	0.00789	0.00557	0.00182	0.00436	0.00664	0.00528	0.00796
3	0.00666	0.00536	0.00594	0.00598	0.00749	0.00464	0.00441	0.00825	0.01271	0.01606	0.22118	0.13578	0.52000	0.01335	0.00640	0.00183	0.00272	0.01140	0.00520	0.00464
4	0.48326	0.00966	0.00967	0.00803	0.01159	0.01008	0.00660	0.01965	0.01188	0.32482	0.04783	0.01394	0.01082	0.00592	0.00428	0.00166	0.00424	0.00421	0.00476	0.00710
5	0.00690	0.00484	0.00619	0.00705	0.00733	0.00460	0.00457	0.00769	0.00993	0.01330	0.06420	0.58297	0.03242	0.20786	0.01175	0.00288	0.00359	0.01318	0.00461	0.00413
6	0.00755	0.00548	0.00710	0.00670	0.00799	0.00504	0.00502	0.01003	0.01507	0.02124	0.74532	0.04057	0.08055	0.01108	0.00633	0.00169	0.00254	0.00977	0.00587	0.00504
7	0.01113	0.00954	0.01113	0.00795	0.01272	0.00716	0.00636	0.01352	0.01113	0.01749	0.00954	0.01113	0.00795	0.00398	0.00398	0.00080	0.00398	0.00318	0.00318	0.84417
8	0.01335	0.01153	0.01214	0.01092	0.01396	0.01335	0.00850	0.02852	0.76817	0.02245	0.02185	0.02003	0.01639	0.00728	0.00546	0.00182	0.00425	0.00607	0.00546	0.00850
9	0.00865	0.00618	0.00865	0.00989	0.01112	0.00618	0.00865	0.01112	0.01236	0.01606	0.02842	0.06055	0.03089	0.01483	0.00741	0.00247	0.00494	0.74174	0.00494	0.00494
10	0.84927	0.01038	0.00789	0.00706	0.01038	0.01204	0.00581	0.01578	0.00914	0.02408	0.00747	0.00872	0.00581	0.00498	0.00332	0.00166	0.00415	0.00291	0.00332	0.00581
11	0.00823	0.00589	0.00776	0.00762	0.00831	0.00647	0.00540	0.03831	0.00894	0.01244	0.01538	0.02662	0.01579	0.36062	0.44106	0.00692	0.01022	0.00657	0.00313	0.00432
12	0.00654	0.00467	0.00623	0.00747	0.00779	0.00436	0.00498	0.00747	0.01028	0.01370	0.02959	0.80785	0.03550	0.01682	0.00685	0.00218	0.00311	0.01526	0.00498	0.00436
13	0.01174	0.01174	0.01644	0.01409	0.01409	0.01644	0.01174	0.01292	0.00822	0.01292	0.00705	0.01174	0.00705	0.00940	0.01762	0.00235	0.80153	0.00470	0.00235	0.00587
14	0.03257	0.20296	0.31532	0.03750	0.04906	0.01449	0.20350	0.01677	0.01166	0.03420	0.01012	0.01292	0.00793	0.00510	0.00507	0.00162	0.00739	0.02182	0.00260	0.00739
15	0.84927	0.01038	0.00789	0.00706	0.01038	0.01204	0.00581	0.01578	0.00914	0.02408	0.00747	0.00872	0.00581	0.00498	0.00332	0.00166	0.00415	0.00291	0.00332	0.00581
16	0.01174	0.01174	0.01644	0.01409	0.01409	0.01644	0.01174	0.01292	0.00822	0.01292	0.00705	0.01174	0.00705	0.00940	0.01762	0.00235	0.80153	0.00470	0.00235	0.00587
17	0.00655	0.00476	0.00619	0.00729	0.00775	0.00439	0.00491	0.00757	0.01057	0.01399	0.05260	0.72517	0.09568	0.01639	0.00680	0.00214	0.00307	0.01479	0.00501	0.00439
18	0.02066	0.01463	0.01586	0.01216	0.01644	0.01604	0.01004	0.70908	0.02455	0.08568	0.01346	0.01326	0.00942	0.00646	0.00537	0.00161	0.00581	0.00487	0.00546	0.00913
19	0.00654	0.00467	0.00623	0.00747	0.00779	0.00436	0.00498	0.00747	0.01028	0.01370	0.02959	0.80785	0.03550	0.01682	0.00685	0.00218	0.00311	0.01526	0.00498	0.00436
20	0.00700	0.00544	0.00636	0.00618	0.00767	0.00480	0.00462	0.00895	0.01371	0.01812	0.42739	0.06975	0.37604	0.01234	0.00635	0.00176	0.00263	0.01061	0.00546	0.00480
21	0.01424	0.01367	0.04397	0.25814	0.13507	0.05785	0.14300	0.18169	0.01477	0.03411	0.01064	0.01348	0.00805	0.00558	0.00603	0.00172	0.04239	0.00497	0.00324	0.00739
22	0.01366	0.03948	0.46192	0.01485	0.02130	0.01182	0.13017	0.01893	0.03583	0.16150	0.03107	0.01404	0.00960	0.00550	0.00535	0.00170	0.00717	0.00478	0.00335	0.00798
23	0.02359	0.00992	0.01294	0.00992	0.01409	0.00905	0.00820	0.12377	0.01668	0.68212	0.02007	0.01755	0.01273	0.00662	0.00539	0.00165	0.00475	0.00532	0.00647	0.00913
24	0.04039	0.01052	0.01673	0.16146	0.13593	0.01204	0.08951	0.01503	0.01109	0.10191	0.04463	0.08735	0.01252	0.00772	0.00896	0.00193	0.22620	0.00609	0.00335	0.00663

[dist]
# distance from previous block
# <min> <max>
3	7

[block]
# block no. 2 follows, 45 sequences, length 37
# corresponding to MSA columns:
# 91-127
name=unknown_C
#
# <colnr> <probs for GDERKNQSTAVLIFYWHMCP>
#	G	D	E	R	K	N	Q	S	T	A	V	L	I	F	Y	W	H	M	C	P
0	0.01403	0.38323	0.05628	0.01128	0.01518	0.09038	0.07319	0.07845	0.05564	0.01678	0.11198	0.01468	0.01358	0.00605	0.00513	0.00145	0.03791	0.00460	0.00329	0.00689
1	0.01073	0.00691	0.00963	0.03461	0.08815	0.00666	0.00713	0.01329	0.05640	0.13834	0.16786	0.38448	0.03015	0.01195	0.00624	0.00191	0.00375	0.01071	0.00514	0.00597
2	0.00839	0.00675	0.00760	0.00716	0.00897	0.00665	0.00541	0.01315	0.17457	0.01901	0.34504	0.03972	0.29511	0.03049	0.00666	0.00185	0.00303	0.00945	0.00543	0.00557
3	0.00859	0.00571	0.00749	0.00692	0.00836	0.00523	0.00523	0.01109	0.01520	0.06719	0.72974	0.03879	0.04840	0.01071	0.00628	0.00169	0.00265	0.00945	0.00595	0.00531
4	0.00760	0.00549	0.00718	0.00675	0.00802	0.00506	0.00506	0.01013	0.01519	0.02153	0.77503	0.04010	0.05065	0.01097	0.00633	0.00169	0.00253	0.00971	0.00591	0.00506
5	0.02008	0.01487	0.01592	0.01228	0.01652	0.01649	0.01012	0.72598	0.05976	0.03330	0.01330	0.01322	0.00947	0.00648	0.00537	0.00162	0.00583	0.00489	0.00537	0.00910
6	0.00645	0.00544	0.00558	0.00554	0.00731	0.00457	0.00416	0.00790	0.01248	0.01507	0.11302	0.05072	0.71669	0.01338	0.00634	0.00180	0.00270	0.01120	0.00506	0.00457
7	0.00767	0.00575	0.00863	0.00863	0.00959	0.00671	0.00671	0.00959	0.00863	0.01246	0.01438	0.02109	0.01342	0.04026	0.79008	0.00863	0.01438	0.00575	0.00288	0.00479
8	0.00747	0.00548	0.00700	0.00662	0.00794	0.00501	0.00497	0.00988	0.01490	0.02082	0.70228	0.04126	0.12384	0.01124	0.00633	0.00170	0.00255	0.00987	0.00582	0.00501
9	0.02005	0.02558	0.01521	0.01383	0.01659	0.78980	0.01037	0.02143	0.01521	0.01314	0.00830	0.00968	0.00691	0.00553	0.00484	0.00138	0.00968	0.00346	0.00277	0.00622
10	0.01113	0.00954	0.01113	0.00795	0.01272	0.00716	0.00636	0.01352	0.01113	0.01749	0.00954	0.01113	0.00795	0.00398	0.00398	0.00080	0.00398	0.00318	0.00318	0.84417
11	0.60920	0.01116	0.00980	0.00826	0.01179	0.01261	0.00680	0.17256	0.01292	0.06854	0.00962	0.01040	0.00712	0.00541	0.00388	0.00164	0.00451	0.00350	0.02362	0.00668
12	0.01267	0.01448	0.03167	0.02262	0.02805	0.01357	0.75837	0.01719	0.01267	0.01719	0.01086	0.01448	0.00814	0.00452	0.00633	0.00181	0.00905	0.00633	0.00271	0.00724
13	0.00781	0.00520	0.00585	0.00585	0.00585	0.00520	0.00325	0.00781	0.00781	0.01041	0.01691	0.03513	0.01952	0.81135	0.02732	0.00520	0.00520	0.00781	0.00325	0.00325
14	0.02222	0.01212	0.01430	0.01097	0.01519	0.01232	0.00906	0.39740	0.02036	0.40329	0.01698	0.01555	0.01118	0.00654	0.00538	0.00164	0.00525	0.00511	0.00600	0.00913
15	0.01164	0.00970	0.01159	0.05421	0.01427	0.00780	0.00703	0.03112	0.02785	0.03608	0.01016	0.01172	0.00824	0.00425	0.00415	0.00091	0.00422	0.00343	0.00332	0.73829
16	0.10278	0.01643	0.01413	0.01186	0.01538	0.21147	0.00941	0.32863	0.19227	0.02497	0.01324	0.01330	0.00990	0.00626	0.00505	0.00161	0.00630	0.00457	0.00452	0.00791
17	0.01077	0.02777	0.78354	0.01530	0.02323	0.01247	0.01983	0.01700	0.01133	0.01700	0.00963	0.01133	0.00680	0.00510	0.00510	0.00170	0.00793	0.00397	0.00227	0.00793
18	0.01435	0.81458	0.02813	0.00918	0.01378	0.02124	0.00918	0.01607	0.01091	0.01263	0.00746	0.00861	0.00689	0.00459	0.00344	0.00115	0.00574	0.00287	0.00230	0.00689
19	0.00654	0.00467	0.00623	0.00747	0.00779	0.00436	0.00498	0.00747	0.01028	0.01370	0.02959	0.80785	0.03550	0.01682	0.00685	0.00218	0.00311	0.01526	0.00498	0.00436
20	0.02066	0.08030	0.01636	0.01151	0.01580	0.01523	0.00964	0.54705	0.02201	0.18600	0.01414	0.01364	0.00980	0.00633	0.00522	0.00158	0.00562	0.00479	0.00538	0.00894
21	0.01370	0.01127	0.01204	0.01072	0.01376	0.01286	0.00837	0.04874	0.68409	0.05144	0.05572	0.02066	0.01761	0.00740	0.00550	0.00180	0.00423	0.00617	0.00552	0.00838
22	0.00767	0.00575	0.00863	0.00863	0.00959	0.00671	0.00671	0.00959	0.00863	0.01246	0.01438	0.02109	0.01342	0.04026	0.79008	0.00863	0.01438	0.00575	0.00288	0.00479
23	0.01113	0.00954	0.01113	0.00795	0.01272	0.00716	0.00636	0.01352	0.01113	0.01749	0.00954	0.01113	0.00795	0.00398	0.00398	0.00080	0.00398	0.00318	0.00318	0.84417
24	0.01919	0.01395	0.01563	0.09178	0.01828	0.01548	0.01040	0.63369	0.02297	0.05963	0.01300	0.01345	0.00923	0.00634	0.00532	0.00162	0.00588	0.00485	0.03064	0.00868
25	0.01468	0.76861	0.02738	0.00946	0.01394	0.06602	0.00925	0.01639	0.01116	0.01266	0.00751	0.00867	0.00689	0.00465	0.00353	0.00116	0.00597	0.00290	0.00232	0.00685
26	0.00747	0.00506	0.00595	0.00628	0.00637	0.00498	0.00371	0.00772	0.00846	0.01128	0.02028	0.24022	0.02376	0.60046	0.02189	0.00440	0.00465	0.00978	0.00371	0.00355
27	0.01492	0.07839	0.12687	0.06704	0.02008	0.04916	0.17547	0.08497	0.01305	0.13775	0.01173	0.02996	0.00901	0.00636	0.00761	0.00178	0.14997	0.00510	0.00344	0.00734
28	0.77950	0.01021	0.00805	0.00717	0.01040	0.01175	0.00588	0.03406	0.00989	0.02418	0.05233	0.01065	0.00851	0.00537	0.00355	0.00166	0.00410	0.00335	0.00352	0.00585
29	0.01435	0.81458	0.02813	0.00918	0.01378	0.02124	0.00918	0.01607	0.01091	0.01263	0.00746	0.00861	0.00689	0.00459	0.00344	0.00115	0.00574	0.00287	0.00230	0.00689
30	0.00667	0.00501	0.00602	0.00673	0.00764	0.00451	0.00473	0.00791	0.01124	0.01457	0.07136	0.47721	0.28512	0.01510	0.00657	0.00201	0.00298	0.02958	0.03056	0.00448
31	0.03303	0.03023	0.10292	0.22685	0.08585	0.01226	0.22087	0.03149	0.04147	0.04211	0.02612	0.06896	0.01081	0.00621	0.00610	0.00179	0.03704	0.00591	0.00307	0.00689
32	0.01311	0.01257	0.02147	0.07590	0.73629	0.01271	0.01639	0.01632	0.01214	0.01732	0.01007	0.01334	0.00843	0.00482	0.00532	0.00161	0.00642	0.00478	0.00264	0.00836
33	0.00654	0.00467	0.00623	0.00747	0.00779	0.00436	0.00498	0.00747	0.01028	0.01370	0.02959	0.80785	0.03550	0.01682	0.00685	0.00218	0.00311	0.01526	0.00498	0.00436
34	0.01654	0.01139	0.01541	0.05527	0.22408	0.06047	0.02899	0.07231	0.05825	0.24883	0.01712	0.03895	0.01392	0.00731	0.00567	0.00176	0.00572	0.10556	0.00457	0.00786
35	0.02000	0.07711	0.03700	0.01041	0.01476	0.01193	0.00890	0.27100	0.01778	0.35094	0.03187	0.01521	0.01143	0.00619	0.00510	0.00152	0.00511	0.00483	0.00537	0.09355
36	0.00882	0.00637	0.00774	0.00758	0.00902	0.00625	0.00558	0.01273	0.13235	0.05170	0.33501	0.24629	0.11011	0.02716	0.00669	0.00192	0.00312	0.01058	0.00548	0.00551

[dist]
# distance from previous block
# <min> <max>
1	6

[block]
# block no. 3 follows, 45 sequences, length 12
# corresponding to MSA columns:
# 134-145
name=unknown_D
#
# <colnr> <probs for GDERKNQSTAVLIFYWHMCP>
#	G	D	E	R	K	N	Q	S	T	A	V	L	I	F	Y	W	H	M	C	P
0	0.00876	0.00618	0.00848	0.00878	0.06426	0.00575	0.00602	0.01132	0.01499	0.05569	0.68523	0.03716	0.04589	0.01033	0.00621	0.00168	0.00290	0.00915	0.00571	0.00550
1	0.01486	0.45221	0.02114	0.00979	0.01348	0.04960	0.00886	0.11760	0.01353	0.06524	0.06784	0.01507	0.05899	0.00640	0.00532	0.00142	0.06377	0.00449	0.00345	0.00696
2	0.01436	0.00700	0.00925	0.00782	0.01033	0.00620	0.00617	0.01662	0.01506	0.33686	0.41116	0.03184	0.08606	0.00936	0.00594	0.00169	0.00339	0.00803	0.00615	0.00672
3	0.00822	0.00564	0.00728	0.00678	0.00821	0.00515	0.00512	0.01065	0.01499	0.05382	0.69189	0.03997	0.09997	0.01097	0.00629	0.00170	0.00263	0.00964	0.00588	0.00520
4	0.00781	0.00520	0.00585	0.00585	0.00585	0.00520	0.00325	0.00781	0.00781	0.01041	0.01691	0.03513	0.01952	0.81135	0.02732	0.00520	0.00520	0.00781	0.00325	0.00325
5	0.01519	0.01590	0.01231	0.03340	0.01352	0.35928	0.00868	0.04348	0.01298	0.01600	0.01115	0.01351	0.00916	0.00647	0.00679	0.00153	0.14673	0.00424	0.26383	0.00588
6	0.01113	0.00954	0.01113	0.00795	0.01272	0.00716	0.00636	0.01352	0.01113	0.01749	0.00954	0.01113	0.00795	0.00398	0.00398	0.00080	0.00398	0.00318	0.00318	0.84417
7	0.02856	0.03531	0.07540	0.13572	0.13409	0.01211	0.06170	0.09190	0.02945	0.04505	0.01166	0.01488	0.02203	0.04117	0.03892	0.00206	0.09511	0.00485	0.00319	0.11685
8	0.01782	0.25714	0.06517	0.01256	0.01617	0.51766	0.01059	0.01960	0.01372	0.01322	0.00813	0.00947	0.00690	0.00523	0.00445	0.00133	0.00842	0.00332	0.00260	0.00652
9	0.00652	0.00473	0.00617	0.00732	0.00774	0.00437	0.00491	0.00749	0.01043	0.01376	0.03149	0.74976	0.09237	0.01657	0.00681	0.00215	0.00308	0.01496	0.00498	0.00437
10	0.00767	0.00575	0.00863	0.00863	0.00959	0.00671	0.00671	0.00959	0.00863	0.01246	0.01438	0.02109	0.01342	0.04026	0.79008	0.00863	0.01438	0.00575	0.00288	0.00479
11	0.01288	0.48637	0.07986	0.00937	0.01325	0.04868	0.00908	0.01504	0.01198	0.03669	0.14218	0.01721	0.06075	0.00651	0.00478	0.00138	0.02945	0.00479	0.00322	0.00652

[dist]
# distance from previous block
# <min> <max>
7	41

[block]
# block no. 4 follows, 45 sequences, length 110
# corresponding to MSA columns:
# 198-258,317-365
name=unknown_E
#
# <colnr> <probs for GDERKNQSTAVLIFYWHMCP>
#	G	D	E	R	K	N	Q	S	T	A	V	L	I	F	Y	W	H	M	C	P
0	0.74662	0.01072	0.02704	0.02551	0.02748	0.01185	0.02135	0.01552	0.00931	0.02292	0.00803	0.01007	0.00646	0.03410	0.00438	0.00179	0.00449	0.00326	0.00325	0.00586
1	0.03200	0.08456	0.01224	0.00970	0.01203	0.01039	0.00791	0.20355	0.01479	0.08666	0.02003	0.20356	0.02020	0.04569	0.03832	0.00233	0.02598	0.15893	0.00470	0.00640
2	0.80413	0.01048	0.00824	0.00727	0.01065	0.01206	0.00599	0.03724	0.00976	0.04413	0.00799	0.00909	0.00610	0.00507	0.00343	0.00166	0.00421	0.00303	0.00347	0.00599
3	0.01174	0.01174	0.01644	0.01409	0.01409	0.01644	0.01174	0.01292	0.00822	0.01292	0.00705	0.01174	0.00705	0.00940	0.01762	0.00235	0.80153	0.00470	0.00235	0.00587
4	0.01077	0.02777	0.78354	0.01530	0.02323	0.01247	0.01983	0.01700	0.01133	0.01700	0.00963	0.01133	0.00680	0.00510	0.00510	0.00170	0.00793	0.00397	0.00227	0.00793
5	0.01402	0.01164	0.01235	0.01096	0.01409	0.01336	0.00856	0.06525	0.70853	0.04548	0.02138	0.01962	0.01593	0.00722	0.00546	0.00181	0.00434	0.00599	0.00549	0.00855
6	0.00932	0.00466	0.00699	0.00699	0.00699	0.00466	0.00466	0.00699	0.00699	0.00932	0.00932	0.01632	0.00932	0.01865	0.02098	0.84382	0.00466	0.00466	0.00233	0.00233
7	0.00719	0.00547	0.00661	0.00633	0.00777	0.00489	0.00475	0.00935	0.01424	0.01925	0.54197	0.04384	0.28513	0.01182	0.00634	0.00173	0.00259	0.01023	0.00561	0.00489
8	0.01031	0.00977	0.01657	0.75089	0.03608	0.01202	0.04190	0.01420	0.02930	0.01406	0.00989	0.01446	0.00742	0.00538	0.00540	0.00179	0.00715	0.00486	0.00247	0.00607
9	0.00840	0.00567	0.00741	0.00687	0.00829	0.00520	0.00519	0.01089	0.01514	0.05956	0.72299	0.03923	0.06304	0.01081	0.00628	0.00169	0.00264	0.00952	0.00593	0.00526
10	0.01077	0.02777	0.78354	0.01530	0.02323	0.01247	0.01983	0.01700	0.01133	0.01700	0.00963	0.01133	0.00680	0.00510	0.00510	0.00170	0.00793	0.00397	0.00227	0.00793
11	0.03234	0.01233	0.01700	0.52904	0.13765	0.11053	0.03361	0.03689	0.01194	0.01511	0.00954	0.01341	0.00737	0.00531	0.00527	0.00170	0.00731	0.00460	0.00259	0.00648
12	0.00654	0.00467	0.00623	0.00747	0.00779	0.00436	0.00498	0.00747	0.01028	0.01370	0.02959	0.80785	0.03550	0.01682	0.00685	0.00218	0.00311	0.01526	0.00498	0.00436
13	0.01122	0.04994	0.73378	0.01502	0.02272	0.01287	0.01917	0.04411	0.01183	0.01749	0.00969	0.01131	0.00689	0.00513	0.00506	0.00168	0.00780	0.00397	0.00238	0.00795
14	0.01309	0.01267	0.02072	0.06873	0.68796	0.03475	0.01575	0.01622	0.01236	0.01739	0.04161	0.01434	0.01013	0.00509	0.00535	0.00160	0.00635	0.00495	0.00278	0.00817
15	0.72120	0.01054	0.00842	0.00736	0.01072	0.02777	0.00600	0.02904	0.00993	0.02342	0.03516	0.01012	0.00766	0.00516	0.00355	0.00159	0.00423	0.00322	0.00343	0.07148
16	0.00721	0.00514	0.00696	0.00817	0.00876	0.00493	0.00606	0.00860	0.01085	0.01435	0.02894	0.56168	0.03372	0.03471	0.00750	0.00234	0.00372	0.23691	0.00493	0.00451
17	0.01001	0.00500	0.00500	0.00500	0.00625	0.00500	0.00375	0.01251	0.01126	0.02001	0.01751	0.02001	0.01376	0.00625	0.00375	0.00125	0.00250	0.00500	0.84115	0.00500
18	0.84927	0.01038	0.00789	0.00706	0.01038	0.01204	0.00581	0.01578	0.00914	0.02408	0.00747	0.00872	0.00581	0.00498	0.00332	0.00166	0.00415	0.00291	0.00332	0.00581
19	0.05025	0.01359	0.01874	0.04700	0.47778	0.09508	0.02620	0.06864	0.03195	0.07310	0.01172	0.01496	0.00956	0.00555	0.00529	0.00163	0.00644	0.03121	0.00331	0.00801
20	0.01996	0.04379	0.01654	0.02989	0.01700	0.01671	0.01027	0.71634	0.02439	0.03261	0.01262	0.01277	0.00900	0.00635	0.00530	0.00160	0.00593	0.00476	0.00519	0.00898
21	0.01014	0.00954	0.01610	0.79845	0.03697	0.01193	0.01491	0.01371	0.01073	0.01371	0.00954	0.01431	0.00716	0.00537	0.00537	0.00179	0.00716	0.00477	0.00239	0.00596
22	0.01096	0.00936	0.01095	0.00793	0.01254	0.00705	0.00631	0.01330	0.01110	0.01735	0.01027	0.04023	0.00896	0.00444	0.00408	0.00085	0.00394	0.00362	0.00325	0.81349
23	0.00774	0.00550	0.00706	0.00673	0.00805	0.00503	0.00502	0.01005	0.01461	0.03560	0.64483	0.09038	0.11622	0.01151	0.00635	0.00173	0.00263	0.01013	0.00578	0.00505
24	0.00781	0.00520	0.00585	0.00585	0.00585	0.00520	0.00325	0.00781	0.00781	0.01041	0.01691	0.03513	0.01952	0.81135	0.02732	0.00520	0.00520	0.00781	0.00325	0.00325
25	0.00778	0.00519	0.00586	0.00589	0.00590	0.00518	0.00330	0.00780	0.00787	0.01049	0.01722	0.05411	0.01991	0.79183	0.02682	0.00513	0.00515	0.00799	0.00330	0.00328
26	0.01014	0.00954	0.01610	0.79845	0.03697	0.01193	0.01491	0.01371	0.01073	0.01371	0.00954	0.01431	0.00716	0.00537	0.00537	0.00179	0.00716	0.00477	0.00239	0.00596
27	0.84927	0.01038	0.00789	0.00706	0.01038	0.01204	0.00581	0.01578	0.00914	0.02408	0.00747	0.00872	0.00581	0.00498	0.00332	0.00166	0.00415	0.00291	0.00332	0.00581
28	0.00760	0.00549	0.00718	0.00675	0.00802	0.00506	0.00506	0.01013	0.01519	0.02153	0.77503	0.04010	0.05065	0.01097	0.00633	0.00169	0.00253	0.00971	0.00591	0.00506
29	0.02326	0.00913	0.01231	0.00953	0.01356	0.00801	0.00784	0.02582	0.04285	0.73382	0.04108	0.01891	0.01439	0.00678	0.00543	0.00167	0.00450	0.00554	0.00658	0.00900
30	0.01335	0.01153	0.01214	0.01092	0.01396	0.01335	0.00850	0.02852	0.76817	0.02245	0.02185	0.02003	0.01639	0.00728	0.00546	0.00182	0.00425	0.00607	0.00546	0.00850
31	0.00706	0.00547	0.00643	0.00619	0.00769	0.00484	0.00464	0.00909	0.01393	0.01852	0.46642	0.04505	0.36114	0.01210	0.00634	0.00174	0.00261	0.01040	0.00551	0.00484
32	0.00760	0.00549	0.00718	0.00675	0.00802	0.00506	0.00506	0.01013	0.01519	0.02153	0.77503	0.04010	0.05065	0.01097	0.00633	0.00169	0.00253	0.00971	0.00591	0.00506
33	0.01834	0.01121	0.01287	0.01065	0.01429	0.01189	0.00854	0.14214	0.37969	0.29874	0.02020	0.01827	0.01413	0.00692	0.00542	0.00173	0.00462	0.00563	0.00587	0.00883
34	0.01329	0.01275	0.02179	0.03295	0.77787	0.01275	0.01647	0.01647	0.01222	0.01754	0.01010	0.01329	0.00850	0.00478	0.00531	0.00159	0.00638	0.00478	0.00266	0.00850
35	0.00654	0.00467	0.00623	0.00747	0.00779	0.00436	0.00498	0.00747	0.01028	0.01370	0.02959	0.80785	0.03550	0.01682	0.00685	0.00218	0.00311	0.01526	0.00498	0.00436
36	0.00773	0.00517	0.00588	0.00596	0.00598	0.00515	0.00336	0.00778	0.00796	0.01062	0.01773	0.08463	0.02054	0.76046	0.02601	0.00501	0.00507	0.00828	0.00336	0.00332
37	0.01988	0.02530	0.01524	0.01383	0.01654	0.77404	0.01040	0.02126	0.01507	0.01313	0.00827	0.00972	0.00692	0.00561	0.00510	0.00140	0.02581	0.00348	0.00276	0.00622
38	0.00647	0.00544	0.00561	0.00557	0.00733	0.00458	0.00418	0.00794	0.01253	0.01519	0.12513	0.05052	0.70451	0.01334	0.00634	0.00180	0.00270	0.01117	0.00508	0.00458
39	0.00748	0.00548	0.00701	0.00663	0.00795	0.00501	0.00497	0.00990	0.01491	0.02085	0.70574	0.04121	0.12036	0.01123	0.00633	0.00170	0.00255	0.00986	0.00582	0.00501
40	0.01104	0.08738	0.72630	0.01484	0.02252	0.01313	0.01903	0.01693	0.01130	0.01667	0.00947	0.01113	0.00681	0.00506	0.00497	0.00166	0.00777	0.00388	0.00227	0.00785
41	0.01113	0.00954	0.01113	0.00795	0.01272	0.00716	0.00636	0.01352	0.01113	0.01749	0.00954	0.01113	0.00795	0.00398	0.00398	0.00080	0.00398	0.00318	0.00318	0.84417
42	0.01435	0.81458	0.02813	0.00918	0.01378	0.02124	0.00918	0.01607	0.01091	0.01263	0.00746	0.00861	0.00689	0.00459	0.00344	0.00115	0.00574	0.00287	0.00230	0.00689
43	0.00745	0.00546	0.00695	0.00661	0.00789	0.00500	0.00492	0.00977	0.01462	0.02039	0.66843	0.05751	0.12425	0.02889	0.00680	0.00179	0.00262	0.00995	0.00574	0.00496
44	0.02260	0.00900	0.01212	0.00940	0.01331	0.00791	0.00772	0.04652	0.01564	0.69588	0.08400	0.01994	0.01629	0.00700	0.00548	0.00166	0.00444	0.00574	0.00654	0.00879
45	0.00749	0.00549	0.00707	0.00697	0.00822	0.00506	0.00530	0.00978	0.01426	0.01972	0.57600	0.09963	0.12138	0.01204	0.00647	0.00181	0.00282	0.07987	0.00566	0.00495
46	0.00778	0.00519	0.00586	0.00589	0.00590	0.00519	0.00329	0.00780	0.00786	0.01048	0.01719	0.05191	0.01986	0.79409	0.02688	0.00514	0.00516	0.00797	0.00329	0.00328
47	0.84927	0.01038	0.00789	0.00706	0.01038	0.01204	0.00581	0.01578	0.00914	0.02408	0.00747	0.00872	0.00581	0.00498	0.00332	0.00166	0.00415	0.00291	0.00332	0.00581
48	0.01329	0.01275	0.02179	0.03295	0.77787	0.01275	0.01647	0.01647	0.01222	0.01754	0.01010	0.01329	0.00850	0.00478	0.00531	0.00159	0.00638	0.00478	0.00266	0.00850
49	0.01329	0.01275	0.02179	0.03295	0.77787	0.01275	0.01647	0.01647	0.01222	0.01754	0.01010	0.01329	0.00850	0.00478	0.00531	0.00159	0.00638	0.00478	0.00266	0.00850
50	0.01435	0.81458	0.02813	0.00918	0.01378	0.02124	0.00918	0.01607	0.01091	0.01263	0.00746	0.00861	0.00689	0.00459	0.00344	0.00115	0.00574	0.00287	0.00230	0.00689
51	0.00767	0.00575	0.00863	0.00863	0.00959	0.00671	0.00671	0.00959	0.00863	0.01246	0.01438	0.02109	0.01342	0.04026	0.79008	0.00863	0.01438	0.00575	0.00288	0.00479
52	0.01267	0.01448	0.03167	0.02262	0.02805	0.01357	0.75837	0.01719	0.01267	0.01719	0.01086	0.01448	0.00814	0.00452	0.00633	0.00181	0.00905	0.00633	0.00271	0.00724
53	0.01267	0.01448	0.03167	0.02262	0.02805	0.01357	0.75837	0.01719	0.01267	0.01719	0.01086	0.01448	0.00814	0.00452	0.00633	0.00181	0.00905	0.00633	0.00271	0.00724
54	0.00920	0.00466	0.00696	0.00701	0.00703	0.00465	0.00468	0.00701	0.00714	0.00951	0.01021	0.05083	0.01047	0.01857	0.02036	0.80712	0.00459	0.00512	0.00245	0.00242
55	0.01040	0.00986	0.01684	0.73137	0.08335	0.01202	0.03316	0.01397	0.01087	0.01404	0.00961	0.01425	0.00726	0.00531	0.00539	0.00178	0.00715	0.00481	0.00241	0.00615
56	0.00674	0.00539	0.00602	0.00600	0.00753	0.00468	0.00445	0.00841	0.01296	0.01655	0.26882	0.11053	0.49686	0.01307	0.00638	0.00181	0.00270	0.01117	0.00526	0.00468
57	0.00635	0.00541	0.00547	0.00552	0.00727	0.00452	0.00412	0.00769	0.01215	0.01447	0.05333	0.08354	0.74448	0.01373	0.00637	0.00183	0.00274	0.01149	0.00498	0.00452
58	0.03063	0.01165	0.04017	0.12393	0.05721	0.01142	0.32431	0.06097	0.05306	0.01882	0.01280	0.01568	0.00975	0.00534	0.00535	0.00165	0.00655	0.00549	0.19845	0.00677
59	0.01014	0.00954	0.01610	0.79845	0.03697	0.01193	0.01491	0.01371	0.01073	0.01371	0.00954	0.01431	0.00716	0.00537	0.00537	0.00179	0.00716	0.00477	0.00239	0.00596
60	0.00859	0.00613	0.00858	0.00981	0.01102	0.00612	0.00854	0.01101	0.01230	0.01599	0.02846	0.08265	0.03103	0.01489	0.00740	0.00246	0.00489	0.72025	0.00494	0.00493
61	0.00760	0.00549	0.00718	0.00675	0.00802	0.00506	0.00506	0.01013	0.01519	0.02153	0.77503	0.04010	0.05065	0.01097	0.00633	0.00169	0.00253	0.00971	0.00591	0.00506
62	0.01024	0.00963	0.01632	0.74236	0.03557	0.01191	0.03658	0.01378	0.01075	0.01394	0.00971	0.01439	0.00733	0.00544	0.00560	0.00179	0.02296	0.00482	0.02089	0.00598
63	0.01435	0.81458	0.02813	0.00918	0.01378	0.02124	0.00918	0.01607	0.01091	0.01263	0.00746	0.00861	0.00689	0.00459	0.00344	0.00115	0.00574	0.00287	0.00230	0.00689
64	0.00654	0.00467	0.00623	0.00747	0.00779	0.00436	0.00498	0.00747	0.01028	0.01370	0.02959	0.80785	0.03550	0.01682	0.00685	0.00218	0.00311	0.01526	0.00498	0.00436
65	0.01440	0.77688	0.04639	0.00944	0.01408	0.03892	0.00947	0.01622	0.01102	0.01275	0.00754	0.00870	0.00689	0.00463	0.00352	0.00117	0.00589	0.00291	0.00231	0.00690
66	0.00781	0.00520	0.00585	0.00585	0.00585	0.00520	0.00325	0.00781	0.00781	0.01041	0.01691	0.03513	0.01952	0.81135	0.02732	0.00520	0.00520	0.00781	0.00325	0.00325
67	0.29521	0.01097	0.01174	0.00930	0.01325	0.01129	0.00766	0.19586	0.01540	0.31016	0.01402	0.01343	0.00953	0.00589	0.00462	0.00160	0.00471	0.00431	0.00505	0.05601
68	0.00667	0.00545	0.00588	0.00578	0.00745	0.00467	0.00433	0.00833	0.01299	0.01630	0.23911	0.04870	0.58984	0.01292	0.00634	0.00178	0.00267	0.01091	0.00522	0.00467
69	0.01246	0.03687	0.30056	0.06872	0.29120	0.07248	0.05786	0.01662	0.01195	0.01648	0.01043	0.01423	0.00851	0.00548	0.00556	0.00168	0.02393	0.03473	0.00259	0.00766
70	0.00704	0.00547	0.00640	0.00617	0.00768	0.00483	0.00463	0.00905	0.01388	0.01839	0.45380	0.04525	0.37384	0.01214	0.00634	0.00174	0.00262	0.01043	0.00550	0.00483
71	0.00666	0.00543	0.00589	0.00582	0.00745	0.00466	0.00435	0.00829	0.01290	0.01620	0.23031	0.07036	0.57690	0.01304	0.00636	0.00179	0.00268	0.01104	0.00521	0.00466
72	0.84927	0.01038	0.00789	0.00706	0.01038	0.01204	0.00581	0.01578	0.00914	0.02408	0.00747	0.00872	0.00581	0.00498	0.00332	0.00166	0.00415	0.00291	0.00332	0.00581
73	0.03532	0.01347	0.01454	0.01129	0.01520	0.01471	0.00925	0.61441	0.02265	0.08429	0.01384	0.01438	0.01002	0.02934	0.00583	0.00169	0.00549	0.00493	0.07078	0.00858
74	0.01181	0.22986	0.52826	0.01420	0.05222	0.01455	0.01645	0.01661	0.01125	0.01591	0.00909	0.01070	0.00694	0.00491	0.00464	0.00152	0.00716	0.00369	0.00232	0.03789
75	0.00672	0.00558	0.00592	0.00596	0.00764	0.00486	0.00447	0.00858	0.03389	0.01533	0.11485	0.10358	0.61952	0.01344	0.00638	0.00184	0.00283	0.02885	0.00508	0.00469
76	0.01016	0.00682	0.00848	0.00781	0.00967	0.00661	0.00611	0.04040	0.08811	0.09168	0.48309	0.03787	0.09305	0.01060	0.00623	0.00178	0.00325	0.07666	0.00576	0.00587
77	0.01014	0.00954	0.01610	0.79845	0.03697	0.01193	0.01491	0.01371	0.01073	0.01371	0.00954	0.01431	0.00716	0.00537	0.00537	0.00179	0.00716	0.00477	0.00239	0.00596
78	0.01182	0.25878	0.56174	0.01350	0.02046	0.01504	0.01671	0.01673	0.01121	0.01572	0.00900	0.01053	0.00683	0.00495	0.00461	0.00154	0.00729	0.00364	0.00228	0.00763
79	0.01767	0.03157	0.06585	0.01507	0.13194	0.07148	0.03071	0.12849	0.02866	0.25845	0.03579	0.01497	0.01099	0.00648	0.00687	0.00169	0.10846	0.00495	0.00440	0.02552
80	0.01435	0.81458	0.02813	0.00918	0.01378	0.02124	0.00918	0.01607	0.01091	0.01263	0.00746	0.00861	0.00689	0.00459	0.00344	0.00115	0.00574	0.00287	0.00230	0.00689
81	0.84927	0.01038	0.00789	0.00706	0.01038	0.01204	0.00581	0.01578	0.00914	0.02408	0.00747	0.00872	0.00581	0.00498	0.00332	0.00166	0.00415	0.00291	0.00332	0.00581
82	0.00654	0.00467	0.00623	0.00747	0.00779	0.00436	0.00498	0.00747	0.01028	0.01370	0.02959	0.80785	0.03550	0.01682	0.00685	0.00218	0.00311	0.01526	0.00498	0.00436
83	0.02408	0.00914	0.01246	0.00955	0.01370	0.00789	0.00789	0.02616	0.01536	0.78158	0.02118	0.01827	0.01329	0.00664	0.00540	0.00166	0.00457	0.00540	0.00664	0.00914
84	0.00846	0.00614	0.00866	0.01018	0.03267	0.00609	0.00831	0.01072	0.01203	0.01574	0.02807	0.17390	0.03096	0.01484	0.00727	0.00240	0.00470	0.60902	0.00488	0.00496
85	0.02041	0.01504	0.01611	0.01235	0.01665	0.01665	0.01020	0.75997	0.02524	0.03383	0.01289	0.01289	0.00913	0.00644	0.00537	0.00161	0.00591	0.00483	0.00537	0.00913
86	0.02041	0.01504	0.01611	0.01235	0.01665	0.01665	0.01020	0.75997	0.02524	0.03383	0.01289	0.01289	0.00913	0.00644	0.00537	0.00161	0.00591	0.00483	0.00537	0.00913
87	0.01014	0.00954	0.01610	0.79845	0.03697	0.01193	0.01491	0.01371	0.01073	0.01371	0.00954	0.01431	0.00716	0.00537	0.00537	0.00179	0.00716	0.00477	0.00239	0.00596
88	0.02005	0.02558	0.01521	0.01383	0.01659	0.78980	0.01037	0.02143	0.01521	0.01314	0.00830	0.00968	0.00691	0.00553	0.00484	0.00138	0.00968	0.00346	0.00277	0.00622
89	0.00760	0.00549	0.00718	0.00675	0.00802	0.00506	0.00506	0.01013	0.01519	0.02153	0.77503	0.04010	0.05065	0.01097	0.00633	0.00169	0.00253	0.00971	0.00591	0.00506
90	0.01151	0.01133	0.01664	0.24481	0.11664	0.03442	0.01301	0.01368	0.00966	0.01372	0.00851	0.01304	0.00753	0.00888	0.04572	0.00234	0.41520	0.00474	0.00243	0.00619
91	0.00654	0.00467	0.00623	0.00747	0.00779	0.00436	0.00498	0.00747	0.01028	0.01370	0.02959	0.80785	0.03550	0.01682	0.00685	0.00218	0.00311	0.01526	0.00498	0.00436
92	0.01928	0.01441	0.01564	0.01258	0.03412	0.01594	0.01006	0.66304	0.08295	0.03197	0.01401	0.03654	0.01045	0.00677	0.00542	0.00164	0.00571	0.00523	0.00530	0.00893
93	0.02799	0.06267	0.01267	0.03704	0.01359	0.00897	0.00731	0.01503	0.01135	0.10700	0.01117	0.02966	0.00910	0.00510	0.00515	0.00112	0.05927	0.00388	0.02021	0.55171
94	0.03611	0.05737	0.53990	0.01508	0.03723	0.01268	0.08320	0.01802	0.07086	0.04567	0.02740	0.01301	0.00886	0.00537	0.00516	0.00169	0.00727	0.00446	0.00284	0.00780
95	0.01179	0.18847	0.59027	0.01419	0.02124	0.03478	0.03543	0.01693	0.01138	0.01601	0.00918	0.01081	0.00685	0.00499	0.00478	0.00158	0.00756	0.00379	0.00230	0.00766
96	0.01014	0.00954	0.01610	0.79845	0.03697	0.01193	0.01491	0.01371	0.01073	0.01371	0.00954	0.01431	0.00716	0.00537	0.00537	0.00179	0.00716	0.00477	0.00239	0.00596
97	0.01171	0.04499	0.45100	0.01903	0.08980	0.01311	0.25961	0.01699	0.01183	0.01698	0.01001	0.01245	0.00739	0.00487	0.00547	0.00171	0.00810	0.00478	0.00245	0.00773
98	0.01320	0.01318	0.02042	0.17800	0.55820	0.07344	0.03350	0.01635	0.01218	0.01645	0.00987	0.01323	0.00811	0.00495	0.00531	0.00162	0.00685	0.00471	0.00261	0.00781
99	0.02395	0.00935	0.01259	0.00965	0.01381	0.00821	0.00797	0.05266	0.01572	0.75458	0.02088	0.01808	0.01314	0.00664	0.00540	0.00166	0.00462	0.00538	0.00660	0.00914
100	0.00654	0.00467	0.00623	0.00747	0.00779	0.00436	0.00498	0.00747	0.01028	0.01370	0.02959	0.80785	0.03550	0.01682	0.00685	0.00218	0.00311	0.01526	0.00498	0.00436
101	0.02040	0.01471	0.01587	0.01220	0.01646	0.01620	0.01007	0.71257	0.04154	0.06510	0.01344	0.01328	0.00947	0.00647	0.00537	0.00162	0.00581	0.00488	0.00543	0.00911
102	0.00634	0.00544	0.00544	0.00544	0.00725	0.00453	0.00408	0.00770	0.01224	0.01450	0.05438	0.05166	0.77569	0.01359	0.00634	0.00181	0.00272	0.01133	0.00498	0.00453
103	0.01895	0.01730	0.01505	0.01238	0.01577	0.25040	0.00982	0.45059	0.02027	0.02505	0.01161	0.01323	0.00906	0.04182	0.04476	0.00205	0.02530	0.00458	0.00430	0.00771
104	0.02917	0.01083	0.01770	0.54226	0.19173	0.02779	0.04197	0.01459	0.01107	0.01483	0.00953	0.01378	0.00744	0.00538	0.00585	0.00176	0.04054	0.00476	0.00248	0.00655
105	0.02105	0.01401	0.01547	0.01186	0.01613	0.01512	0.00980	0.63191	0.02352	0.16432	0.01433	0.01383	0.00985	0.00648	0.00537	0.00162	0.00567	0.00493	0.00559	0.00913
106	0.00654	0.00467	0.00623	0.00747	0.00779	0.00436	0.00498	0.00747	0.01028	0.01370	0.02959	0.80785	0.03550	0.01682	0.00685	0.00218	0.00311	0.01526	0.00498	0.00436
107	0.01544	0.01104	0.01293	0.03972	0.04634	0.01183	0.00876	0.39651	0.03324	0.06945	0.08973	0.14662	0.01871	0.04698	0.00680	0.00192	0.00503	0.02641	0.00510	0.00743
108	0.01310	0.06435	0.10329	0.19638	0.19807	0.09555	0.05729	0.07801	0.01303	0.01685	0.01157	0.01723	0.00992	0.00643	0.00577	0.02155	0.00698	0.07463	0.00298	0.00701
109	0.02408	0.00914	0.01246	0.00955	0.01370	0.00789	0.00789	0.02616	0.01536	0.78158	0.02118	0.01827	0.01329	0.00664	0.00540	0.00166	0.00457	0.00540	0.00664	0.00914

[dist]
# distance from previous block
# <min> <max>
5	10

[block]
# block no. 5 follows, 45 sequences, length 35
# corresponding to MSA columns:
# 376-410
name=unknown_F
#
# <colnr> <probs for GDERKNQSTAVLIFYWHMCP>
#	G	D	E	R	K	N	Q	S	T	A	V	L	I	F	Y	W	H	M	C	P
0	0.01730	0.14149	0.01767	0.03330	0.04294	0.26804	0.03164	0.19071	0.04705	0.05068	0.01198	0.01303	0.03457	0.00624	0.00594	0.00155	0.07062	0.00441	0.00360	0.00723
1	0.03088	0.00653	0.00689	0.00623	0.00807	0.00664	0.00484	0.09488	0.01314	0.07796	0.03715	0.01939	0.01402	0.00640	0.00411	0.00134	0.00306	0.00509	0.64759	0.00578
2	0.03780	0.01409	0.12463	0.20747	0.20652	0.01270	0.12501	0.07036	0.04567	0.06724	0.01129	0.01386	0.00847	0.00540	0.00571	0.00172	0.02642	0.00494	0.00313	0.00757
3	0.01136	0.09153	0.36070	0.03667	0.10729	0.02378	0.11147	0.01572	0.01189	0.01679	0.09401	0.01571	0.02680	0.00598	0.00593	0.00168	0.04751	0.00509	0.00284	0.00725
4	0.00650	0.00482	0.00608	0.00708	0.00768	0.00439	0.00481	0.00752	0.01065	0.01386	0.03437	0.66201	0.17826	0.01620	0.00675	0.00211	0.00304	0.01450	0.00498	0.00439
5	0.01135	0.01149	0.05513	0.18010	0.39217	0.01110	0.02788	0.03361	0.02671	0.01665	0.01889	0.02101	0.15765	0.00672	0.00554	0.00169	0.00590	0.00607	0.00316	0.00718
6	0.04851	0.36542	0.10866	0.03852	0.01646	0.27884	0.01085	0.03408	0.01261	0.01425	0.00832	0.00982	0.00703	0.00573	0.01929	0.00149	0.00748	0.00336	0.00257	0.00672
7	0.01095	0.00873	0.01282	0.01203	0.04839	0.00880	0.11121	0.12306	0.06543	0.03739	0.04809	0.35042	0.02465	0.01168	0.00641	0.00200	0.00482	0.10225	0.00472	0.00615
8	0.01011	0.00611	0.00762	0.00688	0.00879	0.00541	0.00529	0.01224	0.01442	0.15123	0.44803	0.03947	0.24183	0.01094	0.00617	0.00172	0.00294	0.00940	0.00578	0.00562
9	0.00743	0.00602	0.00692	0.03298	0.00904	0.00562	0.00515	0.01028	0.07053	0.01737	0.28866	0.08170	0.41452	0.01213	0.00627	0.00179	0.00294	0.01037	0.00524	0.00505
10	0.01256	0.03528	0.09533	0.02063	0.10918	0.01304	0.45990	0.05711	0.01284	0.01768	0.01182	0.06688	0.00989	0.00564	0.00623	0.00176	0.02712	0.00625	0.00296	0.02790
11	0.01585	0.01267	0.10221	0.01282	0.06413	0.01126	0.05822	0.07743	0.26461	0.21452	0.01800	0.03454	0.01315	0.00660	0.00535	0.00170	0.00516	0.00562	0.06796	0.00821
12	0.00676	0.00545	0.00605	0.00630	0.00775	0.00481	0.00466	0.00849	0.02891	0.01522	0.11332	0.21052	0.50352	0.01395	0.00648	0.00191	0.00292	0.04328	0.00508	0.00465
13	0.01349	0.06244	0.08147	0.03103	0.01573	0.05810	0.06418	0.11828	0.25900	0.04040	0.11245	0.03468	0.04674	0.00740	0.00585	0.00172	0.02897	0.00614	0.00451	0.00742
14	0.15043	0.02174	0.49440	0.01477	0.06134	0.01265	0.04201	0.05382	0.01178	0.04513	0.00981	0.01145	0.00712	0.00532	0.00535	0.00171	0.03673	0.00404	0.00279	0.00761
15	0.02264	0.01006	0.01268	0.00986	0.01385	0.02780	0.00809	0.10435	0.03285	0.63282	0.05281	0.01847	0.01438	0.00680	0.00542	0.00165	0.00474	0.00549	0.00635	0.00887
16	0.71714	0.05881	0.00972	0.00756	0.01104	0.01256	0.00632	0.04878	0.01029	0.06595	0.00847	0.00943	0.00644	0.00512	0.00353	0.00163	0.00435	0.00313	0.00353	0.00621
17	0.81334	0.01033	0.00809	0.00717	0.01053	0.01186	0.00590	0.01623	0.00941	0.05707	0.00807	0.00914	0.00614	0.00506	0.00341	0.00166	0.00417	0.00302	0.00347	0.00596
18	0.01149	0.01202	0.06813	0.41487	0.17881	0.01222	0.09275	0.05203	0.03408	0.01634	0.01244	0.01580	0.04428	0.00564	0.00549	0.00174	0.00689	0.00524	0.00283	0.00689
19	0.00697	0.00542	0.00634	0.00620	0.00766	0.00478	0.00461	0.00889	0.01358	0.01792	0.40801	0.08785	0.37753	0.01248	0.00637	0.00177	0.00265	0.01075	0.00544	0.00478
20	0.01435	0.81458	0.02813	0.00918	0.01378	0.02124	0.00918	0.01607	0.01091	0.01263	0.00746	0.00861	0.00689	0.00459	0.00344	0.00115	0.00574	0.00287	0.00230	0.00689
21	0.00767	0.00575	0.00863	0.00863	0.00959	0.00671	0.00671	0.00959	0.00863	0.01246	0.01438	0.02109	0.01342	0.04026	0.79008	0.00863	0.01438	0.00575	0.00288	0.00479
22	0.01666	0.00749	0.01008	0.00829	0.01114	0.00662	0.00662	0.01894	0.01529	0.43943	0.36054	0.02810	0.03011	0.00859	0.00582	0.00167	0.00365	0.00734	0.00631	0.00730
23	0.01125	0.02654	0.71701	0.01607	0.06045	0.01264	0.01931	0.04477	0.01190	0.01766	0.00978	0.01149	0.00697	0.00513	0.00512	0.00169	0.00778	0.00404	0.00240	0.00801
24	0.00645	0.00544	0.00559	0.00555	0.00732	0.00458	0.00417	0.00792	0.01250	0.01512	0.11766	0.05064	0.71203	0.01336	0.00634	0.00180	0.00270	0.01119	0.00507	0.00458
25	0.00760	0.00549	0.00718	0.00675	0.00802	0.00506	0.00506	0.01013	0.01519	0.02153	0.77503	0.04010	0.05065	0.01097	0.00633	0.00169	0.00253	0.00971	0.00591	0.00506
26	0.03010	0.47358	0.31801	0.01162	0.01742	0.03903	0.01325	0.01657	0.01115	0.01456	0.00832	0.00969	0.00683	0.00482	0.00412	0.00138	0.00666	0.00331	0.00232	0.00725
27	0.01267	0.01448	0.03167	0.02262	0.02805	0.01357	0.75837	0.01719	0.01267	0.01719	0.01086	0.01448	0.00814	0.00452	0.00633	0.00181	0.00905	0.00633	0.00271	0.00724
28	0.01143	0.05765	0.67084	0.01520	0.02245	0.04922	0.04350	0.01706	0.01145	0.01654	0.00945	0.01127	0.00686	0.00520	0.00542	0.00169	0.03072	0.00400	0.00231	0.00773
29	0.04588	0.01453	0.01446	0.01179	0.01548	0.08158	0.00950	0.45734	0.21097	0.02801	0.01464	0.01460	0.01083	0.00786	0.03609	0.00192	0.00609	0.00500	0.00500	0.00844
30	0.00654	0.00467	0.00623	0.00747	0.00779	0.00436	0.00498	0.00747	0.01028	0.01370	0.02959	0.80785	0.03550	0.01682	0.00685	0.00218	0.00311	0.01526	0.00498	0.00436
31	0.02858	0.02088	0.48688	0.01539	0.07303	0.01142	0.08068	0.01657	0.04361	0.03636	0.08916	0.01682	0.04479	0.00611	0.00538	0.00171	0.00684	0.00522	0.00308	0.00749
