[name]
unknown

[dist]
# distance from previous block
# <min> <max>
3	62

[block]
# block no. 0 follows, 45 sequences, length 54
# corresponding to MSA columns:
# 80-133
name=unknown_A
#
# <colnr> <probs for GDERKNQSTAVLIFYWHMCP>
#	G	D	E	R	K	N	Q	S	T	A	V	L	I	F	Y	W	H	M	C	P
0	0.05170	0.06295	0.01533	0.03781	0.01592	0.01179	0.06650	0.15869	0.12204	0.25922	0.01541	0.01505	0.01086	0.00590	0.00506	0.00153	0.00518	0.00485	0.00487	0.12934
1	0.03892	0.05683	0.08563	0.01191	0.01632	0.04802	0.08010	0.16425	0.07665	0.23770	0.01520	0.02873	0.01115	0.00625	0.00522	0.00159	0.00575	0.02308	0.00466	0.08205
2	0.08084	0.07897	0.04091	0.01090	0.01479	0.01250	0.03874	0.21272	0.11880	0.20159	0.01621	0.01869	0.01243	0.00708	0.00548	0.01494	0.00525	0.07023	0.00490	0.03402
3	0.06714	0.00929	0.03522	0.00912	0.01273	0.00798	0.01966	0.03769	0.03400	0.39685	0.13964	0.06563	0.01913	0.00741	0.00533	0.00159	0.00426	0.00620	0.00552	0.11562
4	0.10014	0.00836	0.07263	0.00776	0.01004	0.00694	0.00664	0.03881	0.01449	0.04920	0.55060	0.03288	0.06186	0.00959	0.00583	0.00169	0.00336	0.00821	0.00530	0.00566
5	0.28656	0.01420	0.17842	0.03908	0.01572	0.01177	0.02613	0.12475	0.05687	0.05063	0.03167	0.03146	0.01202	0.00692	0.00496	0.00178	0.00550	0.09076	0.00387	0.00693
6	0.01136	0.17131	0.55912	0.10058	0.02300	0.01403	0.01732	0.01647	0.01119	0.01583	0.00922	0.01116	0.00686	0.00504	0.00482	0.00161	0.00744	0.00385	0.00229	0.00752
7	0.00698	0.00524	0.00735	0.09472	0.01101	0.00522	0.00608	0.00826	0.01051	0.01400	0.05542	0.69141	0.03295	0.01533	0.00667	0.00212	0.00354	0.01389	0.00473	0.00456
8	0.04081	0.00641	0.00781	0.00693	0.00898	0.00571	0.00532	0.01166	0.01410	0.08191	0.49504	0.03564	0.14725	0.01001	0.00588	0.00160	0.00295	0.00862	0.00544	0.09793
9	0.05119	0.03171	0.05925	0.01354	0.09854	0.15671	0.01010	0.16194	0.16042	0.07003	0.07262	0.01623	0.01346	0.00715	0.02198	0.00175	0.00609	0.00507	0.03463	0.00759
10	0.02040	0.01361	0.04529	0.01152	0.01578	0.01373	0.00977	0.51054	0.02165	0.22374	0.03520	0.02811	0.01163	0.00673	0.00542	0.00164	0.00551	0.00524	0.00558	0.00890
11	0.00826	0.00566	0.00724	0.00794	0.00874	0.00545	0.00556	0.06418	0.01166	0.04292	0.02843	0.68767	0.04503	0.01557	0.00670	0.00212	0.00342	0.03349	0.00507	0.00490
12	0.01609	0.14363	0.17157	0.01517	0.08068	0.22553	0.07525	0.09243	0.05165	0.06300	0.01069	0.01189	0.00819	0.00540	0.00496	0.00152	0.00745	0.00420	0.00320	0.00751
13	0.01175	0.09203	0.03709	0.39075	0.11808	0.03714	0.07582	0.01638	0.09632	0.01556	0.01155	0.03370	0.00925	0.00567	0.00523	0.00169	0.00664	0.00506	0.02355	0.00675
14	0.01178	0.03819	0.05347	0.28824	0.03050	0.01321	0.45307	0.01596	0.01190	0.01585	0.01026	0.01412	0.00772	0.00484	0.00587	0.00178	0.00826	0.00560	0.00257	0.00682
15	0.01040	0.00981	0.01657	0.73532	0.09808	0.01199	0.01504	0.01394	0.01086	0.01403	0.00959	0.01423	0.00727	0.00532	0.00536	0.00177	0.00709	0.00477	0.00241	0.00617
16	0.00756	0.00550	0.00726	0.00799	0.00893	0.00528	0.00610	0.00968	0.03075	0.01648	0.20593	0.35777	0.07084	0.01449	0.00683	0.00212	0.00351	0.22296	0.00520	0.00480
17	0.00804	0.00631	0.00965	0.03772	0.01107	0.00742	0.02325	0.00999	0.00875	0.01258	0.01388	0.02065	0.01296	0.05596	0.69353	0.00788	0.04688	0.00573	0.00284	0.00489
18	0.01014	0.00954	0.01610	0.79845	0.03697	0.01193	0.01491	0.01371	0.01073	0.01371	0.00954	0.01431	0.00716	0.00537	0.00537	0.00179	0.00716	0.00477	0.00239	0.00596
19	0.01126	0.13562	0.67999	0.01446	0.02194	0.01367	0.01837	0.01687	0.01127	0.01640	0.00934	0.01096	0.00681	0.00503	0.00487	0.00162	0.00763	0.00382	0.00227	0.00779
20	0.00729	0.00534	0.00684	0.00676	0.00791	0.00489	0.00496	0.00943	0.01404	0.01947	0.57450	0.17796	0.11610	0.01226	0.00643	0.00179	0.00265	0.01085	0.00566	0.00489
21	0.01537	0.01108	0.01220	0.01067	0.01391	0.01233	0.00838	0.02808	0.62686	0.16496	0.02172	0.01970	0.01580	0.00716	0.00545	0.00179	0.00431	0.00594	0.00568	0.00862
22	0.00700	0.00502	0.00716	0.00792	0.00838	0.00472	0.03096	0.00778	0.01004	0.01340	0.02706	0.70010	0.03214	0.03614	0.00843	0.06737	0.00349	0.01395	0.00466	0.00428
23	0.02280	0.01120	0.01373	0.01053	0.01473	0.01095	0.00870	0.28275	0.01882	0.52011	0.01828	0.01639	0.01183	0.00657	0.00539	0.00164	0.00504	0.00520	0.00620	0.00913
24	0.00653	0.00472	0.00618	0.00736	0.00775	0.00437	0.00493	0.00749	0.01039	0.01375	0.03102	0.76407	0.07836	0.01663	0.00682	0.00216	0.00309	0.01503	0.00498	0.00437
25	0.01035	0.00970	0.01604	0.74576	0.05144	0.01201	0.01464	0.01446	0.04600	0.01420	0.01013	0.01456	0.00761	0.00544	0.00537	0.00179	0.00700	0.00483	0.00253	0.00613
26	0.01458	0.01157	0.01249	0.07150	0.01545	0.03174	0.00881	0.16197	0.44320	0.04929	0.01839	0.01794	0.01369	0.00680	0.00523	0.00170	0.00473	0.00553	0.09738	0.00800
27	0.83236	0.01048	0.00806	0.00717	0.01051	0.01214	0.00590	0.03096	0.00946	0.02428	0.00758	0.00881	0.00588	0.00501	0.00336	0.00166	0.00419	0.00295	0.00336	0.00588
28	0.00652	0.00474	0.00616	0.00730	0.00774	0.00437	0.00491	0.00749	0.01044	0.01377	0.03167	0.74418	0.09783	0.01655	0.00681	0.00215	0.00308	0.01493	0.00498	0.00437
29	0.01120	0.01023	0.01599	0.67575	0.05726	0.02325	0.01422	0.06952	0.02655	0.01560	0.01017	0.01432	0.00764	0.00548	0.00533	0.00175	0.00694	0.00479	0.01770	0.00631
30	0.01410	0.76008	0.08045	0.00961	0.01443	0.02063	0.00992	0.01614	0.01094	0.01293	0.00761	0.00880	0.00688	0.00463	0.00356	0.00119	0.00589	0.00295	0.00229	0.00696
31	0.02310	0.00919	0.01234	0.00952	0.01353	0.00810	0.00784	0.05499	0.01575	0.71269	0.05921	0.01916	0.01502	0.00686	0.00544	0.00166	0.00452	0.00559	0.00655	0.00893
32	0.04104	0.01006	0.01518	0.43070	0.04610	0.01152	0.05490	0.07549	0.07622	0.07541	0.01310	0.01715	0.01007	0.00610	0.00534	0.00175	0.00619	0.03672	0.06026	0.00669
33	0.02350	0.01007	0.01303	0.00999	0.01417	0.00927	0.00826	0.14225	0.01693	0.66329	0.01987	0.01742	0.01263	0.00661	0.00539	0.00165	0.00478	0.00531	0.00644	0.00913
34	0.12260	0.16129	0.52193	0.01310	0.01956	0.01408	0.01583	0.01653	0.01085	0.01703	0.00888	0.01053	0.00669	0.00515	0.00503	0.00162	0.03582	0.00366	0.00241	0.00740
35	0.00813	0.00557	0.00622	0.00615	0.00632	0.00568	0.00356	0.00901	0.05183	0.01111	0.01720	0.03425	0.01933	0.76480	0.02606	0.00501	0.00515	0.00771	0.00338	0.00356
36	0.02069	0.01458	0.01583	0.01213	0.01642	0.01597	0.01002	0.70318	0.02447	0.09169	0.01353	0.01330	0.00945	0.00646	0.00537	0.00161	0.00580	0.00488	0.00547	0.00913
37	0.00781	0.00520	0.00585	0.00585	0.00585	0.00520	0.00325	0.00781	0.00781	0.01041	0.01691	0.03513	0.01952	0.81135	0.02732	0.00520	0.00520	0.00781	0.00325	0.00325
38	0.00662	0.00473	0.00630	0.00742	0.00780	0.00441	0.00499	0.00768	0.01066	0.01431	0.08727	0.74844	0.03668	0.01637	0.00681	0.00214	0.00307	0.01483	0.00505	0.00441
39	0.01014	0.00954	0.01610	0.79845	0.03697	0.01193	0.01491	0.01371	0.01073	0.01371	0.00954	0.01431	0.00716	0.00537	0.00537	0.00179	0.00716	0.00477	0.00239	0.00596
40	0.00861	0.00752	0.06725	0.00770	0.00962	0.00593	0.00633	0.01140	0.04929	0.06347	0.31830	0.21997	0.18007	0.01198	0.00626	0.00183	0.00333	0.01046	0.00525	0.00542
41	0.01017	0.00941	0.01565	0.74800	0.03519	0.01175	0.01438	0.01365	0.01070	0.01395	0.00981	0.01449	0.00742	0.00550	0.00558	0.00178	0.02517	0.00478	0.03671	0.00592
42	0.75413	0.01024	0.00842	0.00735	0.01076	0.01156	0.00605	0.01698	0.00985	0.11142	0.00905	0.00982	0.00668	0.00517	0.00356	0.00166	0.00420	0.00319	0.00370	0.00620
43	0.00654	0.00467	0.00623	0.00747	0.00779	0.00436	0.00498	0.00747	0.01028	0.01370	0.02959	0.80785	0.03550	0.01682	0.00685	0.00218	0.00311	0.01526	0.00498	0.00436
44	0.01105	0.01107	0.01693	0.69282	0.03488	0.07222	0.05760	0.01451	0.01119	0.01387	0.00952	0.01396	0.00719	0.00533	0.00538	0.00176	0.00746	0.00476	0.00243	0.00606
45	0.07912	0.01321	0.01278	0.02720	0.01421	0.12952	0.00846	0.29248	0.04150	0.13689	0.12494	0.01805	0.01589	0.03413	0.00599	0.00172	0.00552	0.00542	0.02550	0.00746
46	0.00650	0.00484	0.00605	0.00702	0.00767	0.00440	0.00478	0.00752	0.01071	0.01388	0.03506	0.64100	0.19882	0.01611	0.00674	0.00210	0.00303	0.01439	0.00498	0.00440
47	0.00790	0.00502	0.00671	0.00763	0.00824	0.00463	0.00521	0.00892	0.01067	0.07312	0.02894	0.74675	0.03378	0.01603	0.00674	0.00214	0.00323	0.01450	0.00511	0.00473
48	0.06375	0.01378	0.01955	0.11358	0.55959	0.10512	0.01494	0.01672	0.01223	0.01698	0.00966	0.01270	0.00800	0.00495	0.00514	0.00159	0.00672	0.00451	0.00268	0.00779
49	0.01196	0.00713	0.00825	0.00736	0.00867	0.00716	0.00500	0.07610	0.06222	0.14303	0.01843	0.02974	0.03359	0.53606	0.01984	0.00400	0.00504	0.00711	0.00419	0.00512
50	0.00674	0.00480	0.00641	0.00762	0.00799	0.00452	0.00522	0.00777	0.01037	0.01380	0.02916	0.72936	0.03472	0.03791	0.00744	0.00228	0.00331	0.07128	0.00493	0.00438
51	0.01189	0.01071	0.01686	0.61388	0.03263	0.03129	0.05710	0.07227	0.01214	0.04326	0.01017	0.01414	0.00758	0.00561	0.00590	0.00178	0.03873	0.00485	0.00280	0.00640
52	0.01969	0.01423	0.01538	0.01193	0.01602	0.01570	0.00981	0.66852	0.05612	0.05802	0.01370	0.01373	0.00979	0.00723	0.02280	0.00177	0.00590	0.00493	0.02581	0.00890
53	0.01102	0.00672	0.00825	0.00734	0.00945	0.00621	0.00568	0.02960	0.05980	0.16289	0.40584	0.03689	0.20816	0.01045	0.00609	0.00172	0.00313	0.00895	0.00580	0.00600

[dist]
# distance from previous block
# <min> <max>
0	6

[block]
# block no. 1 follows, 45 sequences, length 30
# corresponding to MSA columns:
# 140-169
name=unknown_B
#
# <colnr> <probs for GDERKNQSTAVLIFYWHMCP>
#	G	D	E	R	K	N	Q	S	T	A	V	L	I	F	Y	W	H	M	C	P
0	0.01390	0.64974	0.16134	0.01042	0.01554	0.04468	0.01111	0.01641	0.01112	0.01342	0.00787	0.00913	0.00687	0.00471	0.00378	0.00125	0.00626	0.00308	0.00231	0.00705
1	0.01831	0.04213	0.05256	0.01283	0.05788	0.01446	0.01033	0.42415	0.11724	0.12185	0.01432	0.01418	0.01027	0.00631	0.00549	0.00161	0.02146	0.00488	0.00498	0.04477
2	0.01344	0.07316	0.01338	0.02861	0.01406	0.01259	0.02491	0.11457	0.41303	0.04842	0.06381	0.02366	0.08587	0.00794	0.00552	0.00176	0.00455	0.03798	0.00507	0.00768
3	0.00733	0.00556	0.00593	0.00589	0.00766	0.00471	0.00439	0.00872	0.01230	0.05506	0.07033	0.12156	0.64486	0.01346	0.00634	0.00184	0.00285	0.01135	0.00510	0.00477
4	0.07493	0.05863	0.09866	0.20643	0.02126	0.16745	0.06559	0.03450	0.03605	0.02839	0.01179	0.04939	0.02482	0.00701	0.02184	0.00183	0.05451	0.00498	0.02551	0.00641
5	0.00652	0.00473	0.00616	0.00731	0.00774	0.00437	0.00491	0.00749	0.01044	0.01377	0.03162	0.74582	0.09622	0.01655	0.00681	0.00215	0.00308	0.01494	0.00498	0.00437
6	0.00781	0.00520	0.00585	0.00585	0.00585	0.00520	0.00325	0.00781	0.00781	0.01041	0.01691	0.03513	0.01952	0.81135	0.02732	0.00520	0.00520	0.00781	0.00325	0.00325
7	0.01392	0.01127	0.01337	0.23540	0.01977	0.08284	0.04187	0.19443	0.01492	0.03611	0.01281	0.01524	0.00971	0.00599	0.00518	0.00156	0.02466	0.00481	0.24957	0.00659
8	0.01174	0.13053	0.02066	0.01464	0.01669	0.01503	0.19115	0.01381	0.00989	0.01396	0.01032	0.08417	0.01008	0.00926	0.03896	0.00225	0.39216	0.00581	0.00269	0.00618
9	0.01776	0.01372	0.01462	0.01182	0.01564	0.01541	0.00956	0.48555	0.30397	0.02956	0.01625	0.01557	0.01185	0.00676	0.00540	0.00169	0.00528	0.00530	0.00540	0.00889
10	0.01267	0.01448	0.03167	0.02262	0.02805	0.01357	0.75837	0.01719	0.01267	0.01719	0.01086	0.01448	0.00814	0.00452	0.00633	0.00181	0.00905	0.00633	0.00271	0.00724
11	0.01866	0.01363	0.01469	0.01167	0.01558	0.01510	0.00951	0.52901	0.19967	0.07011	0.01556	0.01504	0.01118	0.00665	0.00535	0.00165	0.00535	0.00516	0.02755	0.00887
12	0.00687	0.00529	0.00598	0.00614	0.00748	0.00472	0.00448	0.00839	0.01202	0.01557	0.15773	0.18670	0.43169	0.03408	0.04056	0.00221	0.00331	0.01113	0.05107	0.00459
13	0.01184	0.01009	0.01259	0.16350	0.01787	0.00912	0.00844	0.08191	0.03269	0.01837	0.01018	0.01215	0.00813	0.00456	0.00442	0.00109	0.00478	0.00372	0.00328	0.58126
14	0.01276	0.41618	0.30585	0.01288	0.01856	0.01710	0.08112	0.01637	0.01110	0.01466	0.00855	0.01029	0.00698	0.00499	0.00496	0.00147	0.04293	0.00367	0.00233	0.00726
15	0.00654	0.00467	0.00623	0.00747	0.00779	0.00436	0.00498	0.00747	0.01028	0.01370	0.02959	0.80785	0.03550	0.01682	0.00685	0.00218	0.00311	0.01526	0.00498	0.00436
16	0.01248	0.01412	0.03054	0.07920	0.02870	0.01345	0.70415	0.01694	0.01253	0.01694	0.01076	0.01447	0.00807	0.00459	0.00626	0.00181	0.00891	0.00622	0.00269	0.00715
17	0.00750	0.00541	0.00709	0.00682	0.00800	0.00500	0.00506	0.00989	0.01475	0.02081	0.70718	0.10999	0.04927	0.01151	0.00638	0.00173	0.00259	0.01021	0.00582	0.00500
18	0.00740	0.00548	0.00691	0.00655	0.00790	0.00498	0.00491	0.00975	0.01474	0.02044	0.66321	0.04189	0.16316	0.01138	0.00633	0.00171	0.00256	0.00996	0.00577	0.00498
19	0.01113	0.00954	0.01113	0.00795	0.01272	0.00716	0.00636	0.01352	0.01113	0.01749	0.00954	0.01113	0.00795	0.00398	0.00398	0.00080	0.00398	0.00318	0.00318	0.84417
20	0.00799	0.00557	0.00722	0.00680	0.00814	0.00510	0.00510	0.01041	0.01491	0.04323	0.69702	0.06437	0.08151	0.01115	0.00632	0.00171	0.00262	0.00983	0.00586	0.00514
21	0.00654	0.00467	0.00623	0.00747	0.00779	0.00436	0.00498	0.00747	0.01028	0.01370	0.02959	0.80785	0.03550	0.01682	0.00685	0.00218	0.00311	0.01526	0.00498	0.00436
22	0.00781	0.00520	0.00585	0.00585	0.00585	0.00520	0.00325	0.00781	0.00781	0.01041	0.01691	0.03513	0.01952	0.81135	0.02732	0.00520	0.00520	0.00781	0.00325	0.00325
23	0.01239	0.06009	0.14066	0.13906	0.07423	0.04081	0.42079	0.01668	0.01214	0.01626	0.01015	0.01342	0.00770	0.00479	0.00573	0.00173	0.00827	0.00535	0.00257	0.00717
24	0.01332	0.01448	0.01591	0.01379	0.01470	0.19511	0.03523	0.01472	0.01003	0.01307	0.00815	0.01224	0.00765	0.01126	0.08729	0.00270	0.51739	0.00456	0.00251	0.00590
25	0.01979	0.01430	0.01545	0.01203	0.01617	0.01578	0.00988	0.63443	0.11113	0.07371	0.01439	0.01401	0.01020	0.00655	0.00538	0.00164	0.00564	0.00501	0.00545	0.00906
26	0.00661	0.00470	0.00621	0.00738	0.00767	0.00441	0.00488	0.00749	0.01013	0.01351	0.02884	0.76232	0.03456	0.06363	0.00806	0.00236	0.00324	0.01482	0.00488	0.00429
27	0.01289	0.01156	0.01920	0.20185	0.43229	0.01232	0.04597	0.03235	0.01209	0.05867	0.01237	0.01538	0.04139	0.00575	0.00628	0.00171	0.06224	0.00516	0.00296	0.00757
28	0.01196	0.18477	0.29560	0.03666	0.05833	0.01364	0.14891	0.01632	0.02998	0.01617	0.01025	0.03312	0.00831	0.00511	0.00491	0.00151	0.00687	0.00449	0.00264	0.11045
29	0.03308	0.03241	0.01260	0.07286	0.01498	0.02944	0.00837	0.19783	0.11810	0.18431	0.03509	0.04743	0.08936	0.00814	0.01704	0.01556	0.00500	0.00603	0.02097	0.05140

[dist]
# distance from previous block
# <min> <max>
1	8

[block]
# block no. 2 follows, 45 sequences, length 14
# corresponding to MSA columns:
# 178-191
name=unknown_C
#
# <colnr> <probs for GDERKNQSTAVLIFYWHMCP>
#	G	D	E	R	K	N	Q	S	T	A	V	L	I	F	Y	W	H	M	C	P
0	0.03732	0.39315	0.10339	0.10881	0.01930	0.08442	0.09565	0.04439	0.01214	0.01521	0.03479	0.01159	0.00860	0.00511	0.00447	0.00143	0.00671	0.00397	0.00266	0.00686
1	0.01363	0.01046	0.01381	0.12217	0.09521	0.05708	0.05098	0.04905	0.04674	0.14578	0.04991	0.11436	0.04326	0.00733	0.00540	0.00158	0.00528	0.00641	0.00415	0.15740
2	0.00798	0.02433	0.00757	0.00679	0.00810	0.00545	0.00506	0.01022	0.01431	0.03519	0.62940	0.07608	0.08126	0.05577	0.00744	0.00190	0.00283	0.00970	0.00560	0.00503
3	0.09459	0.00932	0.03268	0.03130	0.10601	0.00903	0.00817	0.04406	0.10905	0.08550	0.19844	0.06841	0.02204	0.04781	0.04078	0.00212	0.00475	0.00665	0.00451	0.07478
4	0.01750	0.12147	0.01646	0.01268	0.03559	0.30793	0.00986	0.17898	0.20885	0.01995	0.01267	0.01296	0.00984	0.00603	0.00494	0.00152	0.00690	0.00437	0.00394	0.00757
5	0.00680	0.00491	0.00646	0.00736	0.00794	0.00457	0.00511	0.00809	0.01129	0.01516	0.15615	0.60986	0.07341	0.01559	0.00676	0.00209	0.00308	0.04572	0.00514	0.00451
6	0.07369	0.43035	0.02121	0.01040	0.01443	0.18948	0.00918	0.08677	0.01351	0.09278	0.00953	0.01022	0.00767	0.00520	0.00412	0.00133	0.00641	0.00344	0.00319	0.00710
7	0.01160	0.05628	0.01829	0.01415	0.01565	0.01477	0.13624	0.03234	0.01005	0.01435	0.01368	0.01697	0.10182	0.00875	0.01323	0.00211	0.50516	0.00569	0.00281	0.00608
8	0.00829	0.00660	0.00707	0.00658	0.00855	0.00611	0.00503	0.10063	0.01427	0.01803	0.16968	0.07074	0.53416	0.01238	0.00624	0.00178	0.00309	0.01039	0.00519	0.00518
9	0.00952	0.00561	0.00691	0.00681	0.00747	0.00541	0.00441	0.01015	0.00956	0.10644	0.04579	0.19974	0.02300	0.47961	0.05288	0.00414	0.00498	0.00910	0.00412	0.00434
10	0.54365	0.03657	0.01058	0.00869	0.01213	0.04701	0.00710	0.10987	0.11885	0.04559	0.01059	0.01114	0.00801	0.00555	0.00401	0.00165	0.00468	0.00368	0.00391	0.00675
11	0.00959	0.00596	0.00780	0.00736	0.00897	0.00545	0.00570	0.01189	0.01446	0.11355	0.51689	0.08306	0.09232	0.01133	0.00636	0.00180	0.00307	0.08319	0.00579	0.00548
12	0.01226	0.04215	0.62417	0.01466	0.02179	0.01252	0.04292	0.06765	0.01265	0.06306	0.03021	0.01263	0.00851	0.00540	0.00517	0.00168	0.00745	0.00431	0.00284	0.00796
13	0.01272	0.00949	0.01129	0.00815	0.01284	0.00725	0.00655	0.01507	0.01165	0.11148	0.01097	0.01201	0.00861	0.00430	0.00415	0.00090	0.00405	0.00345	0.00361	0.74146

[dist]
# distance from previous block
# <min> <max>
0	2

[block]
# block no. 3 follows, 45 sequences, length 114
# corresponding to MSA columns:
# 194-307
name=unknown_D
#
# <colnr> <probs for GDERKNQSTAVLIFYWHMCP>
#	G	D	E	R	K	N	Q	S	T	A	V	L	I	F	Y	W	H	M	C	P
0	0.00977	0.00628	0.00880	0.00992	0.04656	0.00601	0.00748	0.01176	0.01229	0.09735	0.09500	0.28272	0.03117	0.01374	0.00683	0.00218	0.00419	0.33746	0.00512	0.00539
1	0.01303	0.09385	0.09654	0.10433	0.49314	0.04037	0.05018	0.01641	0.01198	0.01645	0.00971	0.01267	0.00797	0.00487	0.00514	0.00158	0.00678	0.00454	0.00256	0.00790
2	0.00658	0.00529	0.00587	0.00605	0.00748	0.00458	0.00441	0.00803	0.01230	0.01543	0.16126	0.20100	0.51524	0.01383	0.00644	0.00187	0.00277	0.01186	0.00513	0.00458
3	0.01336	0.01273	0.08890	0.07848	0.03995	0.02161	0.01011	0.08565	0.42784	0.04853	0.04206	0.01913	0.03444	0.00694	0.00536	0.00174	0.00497	0.00575	0.04456	0.00790
4	0.09250	0.01485	0.01407	0.01131	0.01505	0.11357	0.00916	0.49920	0.03239	0.04320	0.01623	0.01617	0.08468	0.00692	0.00522	0.00161	0.00587	0.00516	0.00484	0.00800
5	0.01205	0.01009	0.01162	0.00839	0.01311	0.00810	0.00674	0.08745	0.01253	0.01911	0.00987	0.01130	0.00807	0.00422	0.00411	0.00088	0.00417	0.00334	0.00340	0.76145
6	0.02092	0.01282	0.01458	0.01117	0.01540	0.01334	0.00921	0.48862	0.02133	0.26086	0.01532	0.01455	0.01041	0.00638	0.00529	0.00158	0.00535	0.00493	0.01842	0.04951
7	0.01330	0.01138	0.01198	0.01072	0.01375	0.01307	0.00836	0.05609	0.70406	0.02253	0.02301	0.02122	0.05138	0.00754	0.00550	0.00181	0.00424	0.00627	0.00544	0.00834
8	0.03017	0.68211	0.06209	0.00961	0.01418	0.01986	0.00956	0.01735	0.08590	0.01403	0.00899	0.00987	0.00780	0.00489	0.00372	0.00125	0.00567	0.00324	0.00263	0.00708
9	0.01997	0.05294	0.01489	0.01174	0.05099	0.01286	0.00921	0.33835	0.08027	0.28927	0.01629	0.01546	0.01123	0.00640	0.00521	0.00160	0.00516	0.00503	0.04436	0.00874
10	0.01077	0.02777	0.78354	0.01530	0.02323	0.01247	0.01983	0.01700	0.01133	0.01700	0.00963	0.01133	0.00680	0.00510	0.00510	0.00170	0.00793	0.00397	0.00227	0.00793
11	0.00773	0.00554	0.00708	0.00666	0.00803	0.00506	0.00501	0.01014	0.01489	0.03282	0.68944	0.04093	0.12419	0.01117	0.00632	0.00170	0.00258	0.00981	0.00583	0.00507
12	0.02068	0.00906	0.01186	0.00932	0.01296	0.00826	0.00761	0.09784	0.01634	0.56569	0.15904	0.02174	0.01974	0.00742	0.00557	0.00166	0.00433	0.00613	0.00638	0.00839
13	0.00660	0.00479	0.00624	0.00726	0.00776	0.00443	0.00492	0.00769	0.01080	0.01435	0.08724	0.69128	0.09457	0.01613	0.00677	0.00211	0.00304	0.01454	0.00505	0.00443
14	0.06334	0.00919	0.01224	0.00943	0.01354	0.00809	0.00779	0.02567	0.01507	0.74555	0.02053	0.01782	0.01293	0.00656	0.00530	0.00166	0.00455	0.00528	0.00649	0.00898
15	0.00654	0.00467	0.00623	0.00747	0.00779	0.00436	0.00498	0.00747	0.01028	0.01370	0.02959	0.80785	0.03550	0.01682	0.00685	0.00218	0.00311	0.01526	0.00498	0.00436
16	0.01014	0.00954	0.01610	0.79845	0.03697	0.01193	0.01491	0.01371	0.01073	0.01371	0.00954	0.01431	0.00716	0.00537	0.00537	0.00179	0.00716	0.00477	0.00239	0.00596
17	0.00760	0.00549	0.00718	0.00675	0.00802	0.00506	0.00506	0.01013	0.01519	0.02153	0.77503	0.04010	0.05065	0.01097	0.00633	0.00169	0.00253	0.00971	0.00591	0.00506
18	0.00654	0.00467	0.00623	0.00747	0.00779	0.00436	0.00498	0.00747	0.01028	0.01370	0.02959	0.80785	0.03550	0.01682	0.00685	0.00218	0.00311	0.01526	0.00498	0.00436
19	0.01094	0.02655	0.71465	0.01597	0.02367	0.01257	0.08750	0.01702	0.01146	0.01702	0.00975	0.01162	0.00692	0.00505	0.00521	0.00171	0.00804	0.00418	0.00231	0.00787
20	0.84927	0.01038	0.00789	0.00706	0.01038	0.01204	0.00581	0.01578	0.00914	0.02408	0.00747	0.00872	0.00581	0.00498	0.00332	0.00166	0.00415	0.00291	0.00332	0.00581
21	0.01001	0.00500	0.00500	0.00500	0.00625	0.00500	0.00375	0.01251	0.01126	0.02001	0.01751	0.02001	0.01376	0.00625	0.00375	0.00125	0.00250	0.00500	0.84115	0.00500
22	0.01001	0.00500	0.00500	0.00500	0.00625	0.00500	0.00375	0.01251	0.01126	0.02001	0.01751	0.02001	0.01376	0.00625	0.00375	0.00125	0.00250	0.00500	0.84115	0.00500
23	0.00654	0.00467	0.00623	0.00747	0.00779	0.00436	0.00498	0.00747	0.01028	0.01370	0.02959	0.80785	0.03550	0.01682	0.00685	0.00218	0.00311	0.01526	0.00498	0.00436
24	0.00653	0.00472	0.00618	0.00734	0.00775	0.00437	0.00492	0.00749	0.01041	0.01376	0.03125	0.75698	0.08529	0.01660	0.00682	0.00216	0.00309	0.01500	0.00498	0.00437
25	0.01077	0.00977	0.01353	0.01192	0.01226	0.01318	0.00979	0.01225	0.00868	0.01374	0.00974	0.01453	0.00908	0.01471	0.15898	0.00337	0.55361	0.00493	0.10959	0.00556
26	0.02504	0.01180	0.05097	0.24791	0.07095	0.01160	0.01107	0.19717	0.02649	0.02063	0.01094	0.01318	0.00836	0.00528	0.00488	0.00144	0.00569	0.00433	0.04242	0.22988
27	0.22373	0.09888	0.30866	0.04785	0.03992	0.01332	0.10125	0.01669	0.01094	0.04935	0.00940	0.01125	0.00705	0.00518	0.00512	0.00167	0.03583	0.00401	0.00279	0.00711
28	0.05609	0.01234	0.01270	0.01015	0.01354	0.03018	0.00826	0.50712	0.02049	0.02919	0.01379	0.01455	0.01018	0.00630	0.00483	0.00151	0.00499	0.00476	0.23124	0.00780
29	0.01679	0.01206	0.01366	0.12649	0.05389	0.08751	0.00986	0.04086	0.31424	0.23957	0.01778	0.01720	0.01268	0.00651	0.00536	0.00171	0.00543	0.00534	0.00496	0.00810
30	0.01435	0.03221	0.02875	0.02775	0.01209	0.00841	0.00719	0.03805	0.13951	0.26181	0.22786	0.02774	0.09509	0.04673	0.00673	0.00187	0.00403	0.00721	0.00556	0.00704
31	0.00958	0.00598	0.00757	0.00792	0.00896	0.00579	0.00553	0.01198	0.08575	0.11232	0.02645	0.55013	0.02914	0.09562	0.00862	0.00239	0.00363	0.01233	0.00507	0.00527
32	0.02401	0.00926	0.01253	0.00961	0.01376	0.00807	0.00794	0.04115	0.01557	0.76631	0.02101	0.01816	0.01320	0.00664	0.00540	0.00166	0.00459	0.00539	0.00662	0.00914
33	0.01278	0.01241	0.01594	0.01362	0.01423	0.05274	0.01126	0.08715	0.01026	0.01498	0.00807	0.01225	0.00758	0.01054	0.05635	0.00256	0.64372	0.00471	0.00270	0.00615
34	0.01246	0.01362	0.04359	0.12434	0.23983	0.01315	0.42766	0.01648	0.01220	0.01678	0.01040	0.01401	0.00807	0.00479	0.00605	0.00175	0.01910	0.00562	0.00264	0.00743
35	0.01052	0.00999	0.01354	0.01208	0.01246	0.03517	0.00982	0.01190	0.00859	0.01275	0.01008	0.03373	0.00993	0.03400	0.25740	0.00432	0.50037	0.00530	0.00260	0.00546
36	0.07824	0.04857	0.01884	0.02382	0.46138	0.12967	0.01330	0.05348	0.01332	0.09361	0.01075	0.01268	0.00850	0.00517	0.00502	0.00156	0.00648	0.00442	0.00323	0.00798
37	0.02408	0.00914	0.01246	0.00955	0.01370	0.00789	0.00789	0.02616	0.01536	0.78158	0.02118	0.01827	0.01329	0.00664	0.00540	0.00166	0.00457	0.00540	0.00664	0.00914
38	0.00700	0.00549	0.00634	0.00622	0.00776	0.00484	0.00472	0.00892	0.01353	0.01763	0.36622	0.04705	0.42614	0.01251	0.00639	0.00179	0.00274	0.04456	0.00538	0.00478
39	0.01302	0.01380	0.08844	0.08007	0.30285	0.01231	0.14135	0.08950	0.01312	0.01865	0.01026	0.01295	0.00812	0.00494	0.00553	0.00154	0.02445	0.00470	0.00296	0.15145
40	0.00787	0.00769	0.08402	0.00756	0.00950	0.00578	0.00650	0.01074	0.01472	0.02086	0.67703	0.03760	0.06863	0.01047	0.00621	0.00169	0.00307	0.00919	0.00552	0.00533
41	0.00688	0.00497	0.00655	0.00742	0.00805	0.00463	0.00523	0.00825	0.01143	0.01536	0.16783	0.57476	0.07316	0.01544	0.00677	0.00209	0.00313	0.06835	0.00515	0.00454
42	0.00769	0.00579	0.00733	0.00813	0.00936	0.00553	0.00653	0.00991	0.03513	0.01546	0.05482	0.22639	0.22532	0.01463	0.00692	0.00219	0.00387	0.34518	0.00500	0.00482
43	0.01865	0.13334	0.01709	0.04961	0.01711	0.61226	0.01044	0.03954	0.01454	0.01363	0.00834	0.00987	0.00698	0.00549	0.00493	0.00139	0.02418	0.00350	0.00274	0.00637
44	0.00648	0.00533	0.00570	0.00585	0.00739	0.00455	0.00429	0.00788	0.01220	0.01498	0.11174	0.16156	0.60579	0.01385	0.00642	0.00186	0.00276	0.01177	0.00506	0.00455
45	0.00667	0.00472	0.00619	0.00731	0.00759	0.00444	0.00481	0.00751	0.01003	0.01338	0.02833	0.73131	0.03392	0.09552	0.00888	0.00248	0.00332	0.01452	0.00481	0.00425
46	0.01742	0.01231	0.01377	0.01122	0.01474	0.01320	0.00920	0.51679	0.02098	0.07554	0.01692	0.09799	0.01474	0.00846	0.00573	0.00175	0.00535	0.09997	0.00528	0.03865
47	0.01518	0.01210	0.01242	0.01082	0.01402	0.05347	0.00850	0.10580	0.53595	0.09799	0.02174	0.02013	0.05294	0.00735	0.00546	0.00176	0.00467	0.00600	0.00540	0.00831
48	0.13224	0.00966	0.01491	0.68329	0.03310	0.01194	0.01358	0.01402	0.01050	0.01522	0.00924	0.01350	0.00696	0.00531	0.00507	0.00177	0.00672	0.00450	0.00252	0.00594
49	0.84927	0.01038	0.00789	0.00706	0.01038	0.01204	0.00581	0.01578	0.00914	0.02408	0.00747	0.00872	0.00581	0.00498	0.00332	0.00166	0.00415	0.00291	0.00332	0.00581
50	0.01055	0.00781	0.00987	0.00848	0.01080	0.00759	0.04097	0.08718	0.09042	0.06440	0.38195	0.05032	0.15193	0.00985	0.00601	0.00169	0.00356	0.00855	0.00542	0.04267
51	0.00824	0.00609	0.00758	0.00789	0.00914	0.00569	0.00556	0.02467	0.06716	0.03060	0.02642	0.60582	0.04191	0.01404	0.00632	0.00195	0.00338	0.01260	0.00483	0.11008
52	0.07825	0.02335	0.61393	0.01350	0.02019	0.01146	0.01671	0.01623	0.01169	0.03118	0.10220	0.01472	0.01213	0.00583	0.00511	0.00169	0.00692	0.00460	0.00287	0.00744
53	0.01244	0.01402	0.03023	0.09433	0.02888	0.01342	0.68965	0.01687	0.01249	0.01687	0.01074	0.01446	0.00805	0.00460	0.00625	0.00181	0.00887	0.00619	0.00268	0.00712
54	0.51421	0.01195	0.05148	0.07680	0.04734	0.01250	0.00859	0.12978	0.01241	0.07702	0.00966	0.01083	0.00712	0.00535	0.00413	0.00166	0.00500	0.00367	0.00370	0.00679
55	0.05873	0.00888	0.01177	0.00916	0.01305	0.00781	0.00752	0.02405	0.01498	0.66604	0.08526	0.01957	0.01606	0.00689	0.00536	0.00164	0.00436	0.00561	0.00636	0.02688
56	0.01001	0.00500	0.00500	0.00500	0.00625	0.00500	0.00375	0.01251	0.01126	0.02001	0.01751	0.02001	0.01376	0.00625	0.00375	0.00125	0.00250	0.00500	0.84115	0.00500
57	0.00654	0.00467	0.00623	0.00747	0.00779	0.00436	0.00498	0.00747	0.01028	0.01370	0.02959	0.80785	0.03550	0.01682	0.00685	0.00218	0.00311	0.01526	0.00498	0.00436
58	0.01435	0.81458	0.02813	0.00918	0.01378	0.02124	0.00918	0.01607	0.01091	0.01263	0.00746	0.00861	0.00689	0.00459	0.00344	0.00115	0.00574	0.00287	0.00230	0.00689
59	0.10338	0.00945	0.01170	0.00938	0.01314	0.00901	0.00764	0.02473	0.13064	0.55352	0.05579	0.01863	0.01480	0.00678	0.00525	0.00169	0.00438	0.00546	0.00610	0.00851
60	0.00655	0.00472	0.00619	0.00735	0.00773	0.00438	0.00491	0.00749	0.01033	0.01369	0.03053	0.76024	0.06963	0.02949	0.00716	0.00221	0.00313	0.01496	0.00496	0.00435
61	0.00676	0.00546	0.00604	0.00627	0.00769	0.00485	0.00455	0.00860	0.03859	0.01524	0.11437	0.24081	0.49388	0.01394	0.00644	0.00189	0.00286	0.01199	0.00509	0.00468
62	0.02205	0.01240	0.01448	0.01110	0.01533	0.01274	0.00917	0.43248	0.02083	0.36754	0.01659	0.01529	0.01098	0.00653	0.00538	0.00163	0.00531	0.00509	0.00594	0.00913
63	0.00651	0.00509	0.00590	0.00644	0.00754	0.00449	0.00455	0.00774	0.01152	0.01455	0.08562	0.39296	0.39823	0.01490	0.00657	0.00197	0.00289	0.01301	0.00504	0.00449
64	0.00821	0.00586	0.00813	0.00932	0.01038	0.00579	0.00783	0.01038	0.01204	0.01577	0.05157	0.20498	0.03239	0.01510	0.00727	0.00239	0.00451	0.57824	0.00498	0.00483
65	0.00674	0.00483	0.00641	0.00733	0.00783	0.00450	0.00500	0.00799	0.01123	0.01521	0.17363	0.65949	0.03843	0.01569	0.00675	0.00208	0.00300	0.01419	0.00516	0.00450
66	0.01381	0.69536	0.14259	0.01011	0.01521	0.01991	0.01080	0.01621	0.01097	0.01329	0.00779	0.00902	0.00688	0.00467	0.00370	0.00123	0.00607	0.00304	0.00229	0.00705
67	0.01925	0.01392	0.01487	0.01153	0.01549	0.01535	0.00949	0.67685	0.02368	0.03229	0.01340	0.01368	0.00964	0.00642	0.00519	0.00157	0.00553	0.00485	0.09831	0.00867
68	0.01796	0.01361	0.01479	0.01126	0.01562	0.01429	0.00923	0.55787	0.04769	0.02957	0.01241	0.01272	0.00910	0.00589	0.00504	0.00143	0.00539	0.00448	0.00485	0.20679
69	0.01979	0.02970	0.11238	0.01113	0.01580	0.01176	0.01012	0.28491	0.01802	0.34220	0.02982	0.01525	0.01123	0.00625	0.00524	0.00159	0.00542	0.00491	0.00532	0.05916
70	0.02005	0.02558	0.01521	0.01383	0.01659	0.78980	0.01037	0.02143	0.01521	0.01314	0.00830	0.00968	0.00691	0.00553	0.00484	0.00138	0.00968	0.00346	0.00277	0.00622
71	0.01197	0.01327	0.02848	0.02076	0.02557	0.01246	0.66050	0.01610	0.01245	0.01685	0.01324	0.08301	0.01149	0.00603	0.00643	0.00187	0.00836	0.04125	0.00301	0.00689
72	0.01041	0.00710	0.00996	0.01150	0.08669	0.00694	0.00849	0.01323	0.04353	0.09140	0.08269	0.12643	0.06083	0.01259	0.00674	0.00216	0.00455	0.40400	0.00498	0.00578
73	0.02817	0.64310	0.13758	0.00999	0.01495	0.01902	0.01055	0.01631	0.01117	0.03387	0.02830	0.01009	0.00817	0.00489	0.00381	0.00127	0.00592	0.00328	0.00252	0.00703
74	0.00780	0.00523	0.00598	0.00598	0.00603	0.00527	0.00341	0.00789	0.00784	0.01050	0.01680	0.03448	0.01923	0.77553	0.06276	0.00536	0.00563	0.00771	0.00324	0.00332
75	0.07417	0.04119	0.56749	0.04069	0.11862	0.01253	0.01765	0.01696	0.01136	0.03747	0.00978	0.01160	0.00713	0.00509	0.00497	0.00167	0.00729	0.00403	0.00251	0.00780
76	0.01661	0.01585	0.27492	0.09120	0.06921	0.01046	0.01319	0.04381	0.02926	0.33223	0.03954	0.01577	0.01131	0.00602	0.00532	0.00169	0.00605	0.00495	0.00439	0.00823
77	0.00969	0.00623	0.00843	0.00755	0.00903	0.00642	0.06868	0.01217	0.01125	0.01846	0.09140	0.03733	0.01714	0.02419	0.09675	0.00233	0.03869	0.00591	0.52319	0.00517
78	0.01580	0.07299	0.04901	0.10406	0.01803	0.34105	0.01119	0.08407	0.01329	0.01503	0.00896	0.01207	0.00772	0.04185	0.00864	0.00183	0.18103	0.00418	0.00283	0.00637
79	0.82393	0.01034	0.00803	0.00714	0.01048	0.01191	0.00588	0.01610	0.00933	0.04734	0.00789	0.00901	0.00604	0.00503	0.00339	0.00166	0.00417	0.00298	0.00342	0.00592
80	0.00676	0.00548	0.00605	0.00637	0.00775	0.00490	0.00460	0.00866	0.04681	0.01480	0.06390	0.29036	0.48600	0.01426	0.00646	0.00193	0.00291	0.01229	0.00503	0.00468
81	0.01168	0.09546	0.52324	0.09184	0.02238	0.07882	0.01685	0.01658	0.01163	0.01589	0.01055	0.01447	0.00843	0.00575	0.00511	0.00168	0.00761	0.05223	0.00250	0.00730
82	0.01214	0.04923	0.35906	0.02240	0.35472	0.03643	0.01696	0.01654	0.01201	0.01717	0.04613	0.01341	0.00964	0.00523	0.00518	0.00162	0.00696	0.00454	0.00263	0.00796
83	0.00722	0.00547	0.00665	0.00635	0.00779	0.00490	0.00477	0.00940	0.01430	0.01940	0.55686	0.04360	0.27015	0.01177	0.00634	0.00173	0.00259	0.01020	0.00563	0.00490
84	0.05850	0.00949	0.01231	0.00961	0.01364	0.00867	0.00789	0.04112	0.07269	0.67579	0.02047	0.01788	0.01312	0.00662	0.00531	0.00167	0.00455	0.00533	0.00639	0.00894
85	0.03357	0.18213	0.31164	0.01181	0.01674	0.01233	0.04798	0.01528	0.01166	0.06300	0.04120	0.05259	0.08682	0.00741	0.00554	0.00169	0.02803	0.06044	0.00329	0.00685
86	0.00672	0.00494	0.00634	0.00738	0.00803	0.00457	0.00520	0.00787	0.01080	0.01407	0.03348	0.61144	0.15484	0.01610	0.00683	0.00215	0.00323	0.08658	0.00498	0.00445
87	0.00671	0.00537	0.00604	0.00629	0.00773	0.00469	0.00470	0.00823	0.01229	0.01538	0.14024	0.18051	0.50050	0.01390	0.00651	0.00191	0.00293	0.06639	0.00510	0.00460
88	0.02708	0.01095	0.01857	0.46181	0.33017	0.01230	0.03282	0.01493	0.01134	0.01551	0.00975	0.01380	0.00769	0.00511	0.00533	0.00171	0.00684	0.00478	0.00252	0.00700
89	0.01492	0.73643	0.02685	0.00964	0.01406	0.09737	0.00930	0.01660	0.01133	0.01268	0.00755	0.00872	0.00689	0.00469	0.00358	0.00117	0.00613	0.00293	0.00234	0.00682
90	0.01383	0.05213	0.10319	0.02349	0.43543	0.01276	0.03091	0.09062	0.04581	0.05030	0.02799	0.03144	0.01031	0.00551	0.00524	0.00158	0.00610	0.00499	0.00329	0.04507
91	0.01322	0.01507	0.02825	0.02073	0.02533	0.07978	0.60121	0.01743	0.03226	0.01656	0.01055	0.01395	0.00815	0.00517	0.00730	0.00183	0.08747	0.00592	0.00276	0.00705
92	0.03261	0.00690	0.00960	0.10963	0.04921	0.00678	0.00726	0.01294	0.01334	0.13663	0.33785	0.16742	0.06791	0.01029	0.00603	0.00178	0.00378	0.00905	0.00514	0.00584
93	0.03591	0.71317	0.10468	0.00975	0.01465	0.02010	0.01018	0.01616	0.01090	0.01338	0.00768	0.00889	0.00685	0.00465	0.00361	0.00122	0.00592	0.00298	0.00232	0.00697
94	0.01143	0.16302	0.57544	0.01351	0.02054	0.01347	0.01664	0.01649	0.01124	0.01629	0.00925	0.01084	0.00693	0.00490	0.00470	0.00151	0.00716	0.00370	0.00236	0.09058
95	0.04006	0.05911	0.01583	0.01393	0.05121	0.51927	0.01039	0.09296	0.02704	0.01582	0.01009	0.01154	0.02752	0.00611	0.00598	0.00151	0.07800	0.00397	0.00308	0.00660
96	0.00660	0.00506	0.00606	0.00664	0.00762	0.00451	0.00466	0.00790	0.01162	0.01499	0.13386	0.43358	0.30780	0.01489	0.00660	0.00198	0.00290	0.01311	0.00510	0.00451
97	0.01014	0.00954	0.01610	0.79845	0.03697	0.01193	0.01491	0.01371	0.01073	0.01371	0.00954	0.01431	0.00716	0.00537	0.00537	0.00179	0.00716	0.00477	0.00239	0.00596
98	0.00669	0.00479	0.00634	0.00752	0.00791	0.00449	0.00512	0.00769	0.01037	0.01377	0.02973	0.72888	0.05100	0.03748	0.00741	0.00227	0.00326	0.05598	0.00494	0.00437
99	0.01460	0.01354	0.02213	0.10223	0.69240	0.01351	0.01679	0.01730	0.01310	0.01868	0.01170	0.01562	0.00994	0.00595	0.00602	0.00192	0.00697	0.00531	0.00321	0.00907
100	0.01133	0.00632	0.00634	0.00627	0.00771	0.00599	0.00458	0.01321	0.01239	0.02089	0.02262	0.02522	0.09065	0.00806	0.00475	0.00162	0.00315	0.00615	0.73691	0.00584
101	0.64149	0.01174	0.01045	0.00903	0.01263	0.01270	0.00722	0.08155	0.01248	0.13367	0.01160	0.01279	0.00879	0.00645	0.00455	0.00196	0.00494	0.00400	0.00453	0.00743
102	0.01077	0.02777	0.78354	0.01530	0.02323	0.01247	0.01983	0.01700	0.01133	0.01700	0.00963	0.01133	0.00680	0.00510	0.00510	0.00170	0.00793	0.00397	0.00227	0.00793
103	0.00781	0.00520	0.00585	0.00585	0.00585	0.00520	0.00325	0.00781	0.00781	0.01041	0.01691	0.03513	0.01952	0.81135	0.02732	0.00520	0.00520	0.00781	0.00325	0.00325
104	0.00652	0.00475	0.00615	0.00727	0.00773	0.00438	0.00489	0.00750	0.01047	0.01378	0.03204	0.73295	0.10882	0.01650	0.00680	0.00214	0.00308	0.01487	0.00498	0.00438
105	0.00687	0.00511	0.00726	0.00796	0.00855	0.00477	0.03267	0.00809	0.01085	0.01461	0.10274	0.70265	0.03600	0.01579	0.00678	0.00212	0.00327	0.01438	0.00499	0.00454
106	0.00652	0.00477	0.00613	0.00722	0.00772	0.00438	0.00487	0.00750	0.01052	0.01380	0.03269	0.71309	0.12826	0.01641	0.00679	0.00213	0.00306	0.01477	0.00498	0.00438
107	0.00672	0.00480	0.00641	0.00746	0.00781	0.00462	0.00501	0.00768	0.00997	0.01338	0.02745	0.68980	0.03257	0.07147	0.07473	0.00293	0.00421	0.01396	0.00469	0.00432
108	0.00876	0.00692	0.00758	0.00712	0.00914	0.00658	0.00559	0.10510	0.03610	0.01842	0.15504	0.04492	0.47203	0.01222	0.00630	0.00183	0.00336	0.08245	0.00518	0.00535
109	0.73126	0.01081	0.00906	0.04145	0.01214	0.01249	0.00664	0.08940	0.01080	0.02461	0.00810	0.00937	0.00620	0.00514	0.00361	0.00166	0.00445	0.00318	0.00348	0.00615
110	0.01302	0.01355	0.01788	0.01480	0.01607	0.10165	0.10483	0.04627	0.01034	0.01442	0.00817	0.01218	0.00747	0.00910	0.03778	0.00231	0.54474	0.00478	0.00260	0.01801
111	0.00891	0.00573	0.00730	0.00682	0.00833	0.00521	0.00514	0.01120	0.01450	0.08397	0.57012	0.07672	0.11696	0.01095	0.00617	0.00170	0.00275	0.00958	0.04263	0.00531
112	0.05369	0.03640	0.01387	0.01300	0.04580	0.52626	0.00944	0.04993	0.01416	0.01473	0.01188	0.12654	0.01147	0.00865	0.03935	0.00184	0.00831	0.00535	0.00321	0.00610
113	0.55837	0.01157	0.07417	0.00845	0.01238	0.01093	0.03023	0.01581	0.01026	0.05558	0.04217	0.01126	0.00856	0.00517	0.00388	0.00154	0.00454	0.00355	0.00345	0.12814

[dist]
# distance from previous block
# <min> <max>
4	22

[block]
# block no. 4 follows, 45 sequences, length 25
# corresponding to MSA columns:
# 331-355
name=unknown_E
#
# <colnr> <probs for GDERKNQSTAVLIFYWHMCP>
#	G	D	E	R	K	N	Q	S	T	A	V	L	I	F	Y	W	H	M	C	P
0	0.01090	0.00654	0.00778	0.00724	0.00947	0.00581	0.00577	0.01308	0.03543	0.18518	0.10650	0.04354	0.41819	0.01181	0.00625	0.00186	0.00346	0.10997	0.00544	0.00577
1	0.01267	0.01378	0.02308	0.01773	0.02053	0.06353	0.34976	0.01541	0.01078	0.01503	0.00894	0.01283	0.00757	0.00675	0.01122	0.00199	0.36452	0.00531	0.00257	0.03601
2	0.01203	0.08508	0.52580	0.01620	0.02316	0.01320	0.18179	0.01736	0.01177	0.04932	0.01023	0.01211	0.00738	0.00500	0.00526	0.00168	0.00787	0.00447	0.00255	0.00775
3	0.01327	0.54650	0.23201	0.01177	0.01733	0.01834	0.06447	0.01640	0.01115	0.01413	0.00829	0.00976	0.00695	0.00472	0.00409	0.00134	0.00656	0.00341	0.00232	0.00719
4	0.00736	0.00568	0.00683	0.00739	0.00852	0.00540	0.00541	0.00988	0.07462	0.01551	0.09300	0.39150	0.24325	0.01446	0.00661	0.00204	0.00325	0.08935	0.00509	0.00487
5	0.01012	0.01045	0.05902	0.40846	0.16804	0.01058	0.02707	0.02423	0.01163	0.01516	0.01964	0.02219	0.17736	0.00706	0.00558	0.00175	0.00609	0.00621	0.00305	0.00631
6	0.01204	0.01639	0.18685	0.38709	0.07015	0.12873	0.06808	0.01588	0.01170	0.01478	0.00964	0.01311	0.00737	0.00627	0.02837	0.00190	0.00801	0.00454	0.00247	0.00663
7	0.00736	0.00533	0.00669	0.00718	0.00793	0.00504	0.00496	0.03458	0.01183	0.01591	0.19467	0.48076	0.09573	0.08570	0.00847	0.00229	0.00324	0.01269	0.00505	0.00460
8	0.00682	0.00482	0.00625	0.00717	0.00751	0.00455	0.00472	0.00774	0.01029	0.01382	0.08728	0.62676	0.03424	0.13938	0.00998	0.00261	0.00339	0.01366	0.00479	0.00424
9	0.84927	0.01038	0.00789	0.00706	0.01038	0.01204	0.00581	0.01578	0.00914	0.02408	0.00747	0.00872	0.00581	0.00498	0.00332	0.00166	0.00415	0.00291	0.00332	0.00581
10	0.01132	0.02445	0.61511	0.01920	0.19008	0.01253	0.01909	0.01688	0.01153	0.01712	0.00974	0.01176	0.00718	0.00503	0.00515	0.00168	0.00759	0.00415	0.00235	0.00806
11	0.01329	0.01789	0.21238	0.02528	0.43901	0.09059	0.06839	0.01749	0.03321	0.01707	0.01018	0.01271	0.00811	0.00499	0.00529	0.00162	0.00723	0.00459	0.00265	0.00804
12	0.01369	0.00872	0.00912	0.00779	0.01016	0.00936	0.00617	0.26610	0.05399	0.02481	0.01617	0.01760	0.01232	0.00637	0.00439	0.00140	0.00374	0.00500	0.51654	0.00657
13	0.02327	0.01044	0.01326	0.01017	0.01435	0.00983	0.00840	0.18841	0.01755	0.61625	0.01934	0.01708	0.01237	0.00660	0.00539	0.00165	0.00486	0.00527	0.00636	0.00913
14	0.02122	0.01373	0.01530	0.01173	0.01600	0.01471	0.00969	0.59772	0.02306	0.19916	0.01472	0.01408	0.01005	0.00649	0.00538	0.00162	0.00561	0.00496	0.00565	0.00913
15	0.00702	0.00495	0.00637	0.00700	0.00747	0.00468	0.00467	0.00813	0.01089	0.01480	0.19197	0.48957	0.03578	0.16824	0.01067	0.00265	0.00339	0.01260	0.00486	0.00430
16	0.00663	0.00543	0.00584	0.00577	0.00743	0.00465	0.00432	0.00823	0.01285	0.01604	0.21317	0.06584	0.59900	0.01309	0.00635	0.00179	0.00269	0.01106	0.00519	0.00465
17	0.01057	0.18380	0.01128	0.00710	0.00835	0.00839	0.00549	0.01006	0.00868	0.01211	0.01049	0.01532	0.00964	0.01316	0.01379	0.49555	0.00449	0.00433	0.16355	0.00385
18	0.02122	0.18836	0.01662	0.01001	0.01429	0.01252	0.00862	0.16498	0.01628	0.46784	0.01655	0.01510	0.01107	0.00615	0.00496	0.00154	0.00508	0.00473	0.00544	0.00864
19	0.01782	0.00857	0.01142	0.01061	0.07330	0.00774	0.00781	0.02057	0.05562	0.46531	0.02808	0.02777	0.18265	0.00854	0.00572	0.00174	0.00431	0.04884	0.00580	0.00779
20	0.01590	0.01321	0.01280	0.02802	0.01427	0.09963	0.00848	0.43389	0.01987	0.02524	0.02479	0.02424	0.23967	0.00847	0.00560	0.00165	0.00540	0.00663	0.00489	0.00735
21	0.01165	0.18898	0.02431	0.07055	0.02102	0.01324	0.37891	0.01464	0.01143	0.01493	0.01302	0.12157	0.01239	0.07082	0.00738	0.00198	0.00708	0.00678	0.00295	0.00637
22	0.01141	0.00607	0.00731	0.00667	0.00759	0.00580	0.00428	0.01186	0.00948	0.18092	0.01786	0.03140	0.01814	0.63343	0.02247	0.00442	0.00506	0.00727	0.00400	0.00455
23	0.64339	0.05612	0.01060	0.00819	0.01177	0.01344	0.00685	0.15884	0.01233	0.02532	0.00851	0.00951	0.00651	0.00524	0.00372	0.00162	0.00458	0.00327	0.00366	0.00651
24	0.01780	0.01362	0.01593	0.18600	0.02100	0.01526	0.01111	0.56838	0.02153	0.02880	0.01203	0.01314	0.00865	0.00612	0.00532	0.00162	0.00611	0.00476	0.00463	0.03817

[dist]
# distance from previous block
# <min> <max>
0	2

[block]
