[name]
unknown

[dist]
# distance from previous block
# <min> <max>
23	53

[block]
# block no. 0 follows, 44 sequences, length 11
# corresponding to MSA columns:
# 88-98
name=unknown_A
#
# <colnr> <probs for GDERKNQSTAVLIFYWHMCP>
#	G	D	E	R	K	N	Q	S	T	A	V	L	I	F	Y	W	H	M	C	P
0	0.01451	0.01058	0.01854	0.24629	0.02424	0.01086	0.21407	0.01761	0.01269	0.22211	0.01733	0.04260	0.07016	0.00678	0.00647	0.00183	0.04594	0.00630	0.00397	0.00712
1	0.05304	0.00958	0.03165	0.09553	0.09178	0.00977	0.00900	0.07272	0.14600	0.08435	0.10907	0.12339	0.02001	0.04511	0.00733	0.03663	0.00477	0.01968	0.02393	0.00670
2	0.01282	0.00999	0.01079	0.00945	0.01179	0.01090	0.00705	0.17685	0.29613	0.02083	0.01955	0.06251	0.03689	0.24436	0.01212	0.00280	0.00485	0.00691	0.00474	0.03868
3	0.01688	0.01164	0.01403	0.07270	0.01661	0.01235	0.03300	0.27986	0.16693	0.15381	0.01726	0.07882	0.01345	0.00728	0.00550	0.00169	0.00520	0.00604	0.02612	0.06083
4	0.01228	0.01211	0.01512	0.39212	0.09752	0.11562	0.01241	0.03697	0.09412	0.01587	0.01385	0.01678	0.05159	0.00807	0.04947	0.00210	0.00722	0.00518	0.00313	0.03845
5	0.18543	0.01102	0.01451	0.41595	0.02595	0.01332	0.01197	0.13435	0.04046	0.01966	0.01006	0.01314	0.00764	0.00594	0.00600	0.00181	0.06844	0.00451	0.00322	0.00663
6	0.00891	0.00605	0.00675	0.00645	0.00679	0.00618	0.00385	0.06537	0.00929	0.01240	0.01686	0.03394	0.01901	0.74685	0.02604	0.00501	0.00534	0.00770	0.00347	0.00376
7	0.00702	0.00499	0.00642	0.00742	0.00782	0.00473	0.00502	0.00795	0.01026	0.01357	0.02886	0.58416	0.06455	0.15055	0.01050	0.00274	0.00365	0.07075	0.00476	0.00429
8	0.09583	0.73347	0.02656	0.00912	0.01366	0.02066	0.00899	0.01630	0.01090	0.01396	0.00758	0.00876	0.00689	0.00470	0.00349	0.00122	0.00567	0.00292	0.00243	0.00689
9	0.00690	0.00518	0.00592	0.00637	0.00719	0.00472	0.00425	0.00777	0.01055	0.01336	0.03640	0.31543	0.31516	0.22142	0.01216	0.00287	0.00356	0.01199	0.00460	0.00420
10	0.01027	0.00959	0.01168	0.04930	0.01270	0.08573	0.00866	0.01187	0.00934	0.01273	0.01198	0.01865	0.01147	0.09519	0.39739	0.00567	0.22433	0.00546	0.00277	0.00523

[dist]
# distance from previous block
# <min> <max>
0	1

[block]
# block no. 1 follows, 44 sequences, length 9
# corresponding to MSA columns:
# 100-108
name=unknown_B
#
# <colnr> <probs for GDERKNQSTAVLIFYWHMCP>
#	G	D	E	R	K	N	Q	S	T	A	V	L	I	F	Y	W	H	M	C	P
0	0.01273	0.01311	0.02541	0.05882	0.35281	0.01280	0.34701	0.01654	0.01256	0.01738	0.01195	0.01762	0.01009	0.00552	0.00602	0.00179	0.00762	0.05964	0.00288	0.00769
1	0.00950	0.00762	0.01032	0.01267	0.14136	0.00779	0.00795	0.01316	0.12505	0.01577	0.02350	0.24681	0.04490	0.16197	0.01048	0.00268	0.00464	0.14373	0.00439	0.00569
2	0.52656	0.00902	0.00834	0.00739	0.01017	0.00984	0.00586	0.01550	0.01069	0.11645	0.11562	0.01617	0.01400	0.03889	0.00649	0.07044	0.00413	0.00457	0.00407	0.00583
3	0.02013	0.06709	0.01642	0.01340	0.01671	0.54628	0.01042	0.20998	0.01782	0.01871	0.00958	0.01061	0.00760	0.00580	0.00497	0.00145	0.00862	0.00384	0.00346	0.00712
4	0.01350	0.01283	0.02116	0.03125	0.69931	0.01301	0.01593	0.01794	0.08670	0.01830	0.01143	0.01417	0.00943	0.00511	0.00541	0.00164	0.00626	0.00499	0.00298	0.00863
5	0.01282	0.06081	0.52867	0.01719	0.11976	0.01276	0.04432	0.01831	0.03131	0.08722	0.01118	0.01263	0.00804	0.00529	0.00521	0.00169	0.00738	0.00436	0.00286	0.00818
6	0.02257	0.00997	0.01279	0.01006	0.01411	0.00934	0.00823	0.06472	0.13258	0.62220	0.02118	0.01855	0.01377	0.00684	0.00549	0.00171	0.00466	0.00556	0.00649	0.00918
7	0.00812	0.00585	0.00634	0.00612	0.00804	0.00499	0.00466	0.00963	0.01273	0.07746	0.09212	0.04884	0.61929	0.03654	0.00703	0.00195	0.00306	0.03704	0.00520	0.00499
8	0.01288	0.10138	0.51157	0.01749	0.14998	0.01320	0.01747	0.01787	0.01197	0.08133	0.01064	0.01217	0.00777	0.00521	0.00508	0.00165	0.00728	0.00418	0.00275	0.00815

[dist]
# distance from previous block
# <min> <max>
1	7

[block]
# block no. 2 follows, 44 sequences, length 55
# corresponding to MSA columns:
# 116-170
name=unknown_C
#
# <colnr> <probs for GDERKNQSTAVLIFYWHMCP>
#	G	D	E	R	K	N	Q	S	T	A	V	L	I	F	Y	W	H	M	C	P
0	0.05106	0.04957	0.62324	0.01479	0.03997	0.01245	0.01781	0.01813	0.01184	0.09614	0.01084	0.01208	0.00759	0.00531	0.00508	0.00170	0.00742	0.00411	0.00282	0.00806
1	0.05002	0.01113	0.01732	0.54633	0.21261	0.04159	0.01492	0.01500	0.01136	0.01533	0.00968	0.01384	0.00752	0.00530	0.00532	0.00175	0.00703	0.00471	0.00255	0.00668
2	0.06109	0.06430	0.03571	0.00976	0.01405	0.00938	0.00837	0.02517	0.03095	0.65334	0.01960	0.01728	0.01258	0.00650	0.00524	0.00166	0.00479	0.00516	0.00614	0.00892
3	0.04887	0.00973	0.01597	0.75896	0.03630	0.01212	0.01471	0.01403	0.01083	0.01441	0.00959	0.01427	0.00720	0.00543	0.00535	0.00181	0.00713	0.00476	0.00247	0.00605
4	0.00728	0.00527	0.00675	0.00772	0.00830	0.00501	0.00526	0.04212	0.01123	0.01490	0.03042	0.73386	0.06855	0.01644	0.00687	0.00217	0.00328	0.01483	0.00508	0.00466
5	0.05420	0.01365	0.01607	0.01790	0.24624	0.12257	0.01130	0.11479	0.05692	0.24456	0.01481	0.01610	0.01096	0.00621	0.00535	0.00165	0.00609	0.02777	0.00452	0.00834
6	0.01444	0.78334	0.05576	0.00955	0.01434	0.02125	0.00972	0.01636	0.01109	0.01299	0.00766	0.00885	0.00699	0.00468	0.00356	0.00119	0.00591	0.00296	0.00233	0.00703
7	0.01093	0.02820	0.78016	0.01554	0.02360	0.01266	0.02014	0.01727	0.01151	0.01727	0.00978	0.01151	0.00691	0.00518	0.00518	0.00173	0.00806	0.00403	0.00230	0.00806
8	0.00829	0.00600	0.00817	0.00932	0.01050	0.00588	0.00788	0.01049	0.01225	0.01585	0.03123	0.16349	0.09384	0.01523	0.00736	0.00241	0.00457	0.57728	0.00503	0.00490
9	0.02007	0.02148	0.01599	0.01431	0.04928	0.47494	0.01071	0.27373	0.03271	0.02092	0.01036	0.01130	0.00804	0.00594	0.00513	0.00150	0.00827	0.00410	0.00376	0.00747
10	0.01030	0.00969	0.01635	0.79530	0.03755	0.01211	0.01514	0.01393	0.01090	0.01393	0.00969	0.01453	0.00727	0.00545	0.00545	0.00182	0.00727	0.00484	0.00242	0.00606
11	0.84691	0.01054	0.00801	0.00717	0.01054	0.01223	0.00590	0.01603	0.00928	0.02446	0.00759	0.00886	0.00590	0.00506	0.00337	0.00169	0.00422	0.00295	0.00337	0.00590
12	0.00779	0.00584	0.00876	0.00876	0.00974	0.00681	0.00681	0.00974	0.00876	0.01266	0.01460	0.02142	0.01363	0.04089	0.78680	0.00876	0.01460	0.00584	0.00292	0.00487
13	0.00793	0.00529	0.00595	0.00595	0.00595	0.00529	0.00330	0.00793	0.00793	0.01057	0.01718	0.03568	0.01982	0.80840	0.02775	0.00529	0.00529	0.00793	0.00330	0.00330
14	0.02363	0.01010	0.03986	0.01031	0.01470	0.00835	0.03153	0.02596	0.01538	0.72826	0.02078	0.01819	0.01311	0.00663	0.00550	0.00169	0.00490	0.00546	0.00647	0.00918
15	0.01458	0.81168	0.02857	0.00933	0.01399	0.02157	0.00933	0.01632	0.01108	0.01283	0.00758	0.00875	0.00700	0.00466	0.00350	0.00117	0.00583	0.00292	0.00233	0.00700
16	0.00745	0.00580	0.00694	0.00747	0.00900	0.00529	0.00609	0.00932	0.01254	0.01566	0.07673	0.08398	0.41402	0.01431	0.00690	0.00212	0.00367	0.30283	0.00509	0.00479
17	0.01977	0.04145	0.02882	0.01490	0.12203	0.08547	0.01086	0.30963	0.01842	0.22487	0.01389	0.01405	0.00985	0.00637	0.00608	0.00166	0.05359	0.00483	0.00482	0.00862
18	0.01133	0.11224	0.69954	0.01487	0.02257	0.01362	0.01898	0.01716	0.01146	0.01679	0.00955	0.01121	0.00692	0.00512	0.00500	0.00167	0.00782	0.00391	0.00231	0.00794
19	0.00691	0.00514	0.00610	0.00670	0.00744	0.00474	0.00453	0.00785	0.01053	0.01349	0.03464	0.38868	0.25383	0.17991	0.02697	0.00287	0.00375	0.02698	0.00465	0.00427
20	0.01271	0.01242	0.01986	0.29256	0.48950	0.04684	0.01591	0.01600	0.01203	0.01629	0.00998	0.01369	0.00810	0.00509	0.00539	0.00168	0.00689	0.00479	0.00261	0.00765
21	0.01288	0.01544	0.13136	0.05244	0.45973	0.01309	0.20060	0.01690	0.01235	0.01752	0.01036	0.01355	0.00826	0.00486	0.00563	0.00170	0.00740	0.00513	0.00265	0.00815
22	0.01497	0.01700	0.01625	0.01422	0.01523	0.29466	0.01142	0.01624	0.01091	0.01320	0.00762	0.01117	0.00711	0.00813	0.01321	0.00203	0.51368	0.00432	0.00254	0.00609
23	0.64142	0.03473	0.01049	0.00842	0.01196	0.01231	0.03002	0.04532	0.01084	0.11906	0.00965	0.01049	0.00712	0.00541	0.00416	0.00169	0.02308	0.00350	0.00380	0.00654
24	0.84691	0.01054	0.00801	0.00717	0.01054	0.01223	0.00590	0.01603	0.00928	0.02446	0.00759	0.00886	0.00590	0.00506	0.00337	0.00169	0.00422	0.00295	0.00337	0.00590
25	0.01349	0.01295	0.02213	0.03346	0.77440	0.01295	0.01673	0.01673	0.01241	0.01781	0.01025	0.01349	0.00864	0.00486	0.00540	0.00162	0.00648	0.00486	0.00270	0.00864
26	0.00656	0.00550	0.00571	0.00571	0.00745	0.00465	0.00426	0.00804	0.01264	0.01535	0.11928	0.07494	0.68391	0.01367	0.00646	0.00184	0.00276	0.01148	0.00515	0.00465
27	0.09634	0.01000	0.01262	0.00977	0.01393	0.00929	0.00807	0.10034	0.01607	0.63581	0.01942	0.01714	0.01240	0.00658	0.00529	0.00168	0.00474	0.00520	0.00632	0.00898
28	0.01215	0.03160	0.05198	0.01001	0.01271	0.00928	0.00855	0.01870	0.24416	0.10474	0.11870	0.06918	0.02475	0.01013	0.00615	0.00196	0.00451	0.21708	0.00522	0.03844
29	0.05064	0.00952	0.01263	0.00972	0.01391	0.00845	0.00803	0.05105	0.01574	0.72876	0.02078	0.01806	0.01311	0.00669	0.00541	0.00169	0.00467	0.00538	0.00660	0.00917
30	0.02044	0.02360	0.01565	0.01371	0.01687	0.61561	0.01050	0.18487	0.01771	0.01801	0.00946	0.01055	0.00752	0.00582	0.00504	0.00146	0.00898	0.00382	0.00340	0.00698
31	0.01359	0.01319	0.02141	0.05973	0.70072	0.03612	0.01623	0.01717	0.03651	0.01770	0.01056	0.01364	0.00879	0.00498	0.00539	0.00163	0.00654	0.00486	0.00278	0.00847
32	0.00998	0.00768	0.00834	0.00766	0.00995	0.00763	0.00590	0.03852	0.21192	0.06114	0.15626	0.03900	0.39278	0.01107	0.00612	0.00181	0.00335	0.00929	0.00544	0.00616
33	0.00651	0.00540	0.00570	0.00589	0.00747	0.00459	0.00432	0.00785	0.01219	0.01480	0.07094	0.17178	0.63529	0.01425	0.00652	0.00190	0.00282	0.01210	0.00509	0.00459
34	0.00653	0.00552	0.00559	0.00558	0.00734	0.00464	0.00414	0.00790	0.01236	0.01479	0.07466	0.05156	0.72575	0.04075	0.00717	0.00195	0.00284	0.01134	0.00503	0.00457
35	0.01153	0.00983	0.01143	0.00818	0.01302	0.00750	0.00656	0.03185	0.01165	0.01817	0.00977	0.01135	0.00810	0.00410	0.00407	0.00083	0.00409	0.00327	0.00328	0.82141
36	0.03680	0.01442	0.17597	0.01138	0.01643	0.01069	0.01095	0.15740	0.01637	0.45399	0.01702	0.01576	0.01109	0.00630	0.00535	0.00167	0.00559	0.00498	0.00545	0.02239
37	0.01173	0.00751	0.02793	0.00895	0.01107	0.00682	0.00747	0.03653	0.04173	0.16078	0.21640	0.09354	0.08160	0.01179	0.00656	0.00202	0.00413	0.25176	0.00556	0.00611
38	0.01928	0.07374	0.05108	0.00986	0.01377	0.01006	0.00852	0.10153	0.05249	0.43695	0.14425	0.02063	0.01869	0.00725	0.00547	0.00165	0.00469	0.00591	0.00586	0.00831
39	0.02446	0.00928	0.01265	0.00970	0.01392	0.00801	0.00801	0.02657	0.01560	0.77817	0.02151	0.01856	0.01350	0.00675	0.00548	0.00169	0.00464	0.00548	0.00675	0.00928
40	0.00900	0.00604	0.00813	0.00822	0.03102	0.00562	0.00606	0.01139	0.01455	0.07029	0.54013	0.10506	0.05712	0.01166	0.00651	0.00184	0.00315	0.09302	0.00575	0.00543
41	0.01341	0.01343	0.04586	0.03290	0.75089	0.01294	0.01684	0.01675	0.01239	0.01779	0.01024	0.01343	0.00858	0.00487	0.00539	0.00162	0.00653	0.00483	0.00269	0.00862
42	0.00793	0.00529	0.00595	0.00595	0.00595	0.00529	0.00330	0.00793	0.00793	0.01057	0.01718	0.03568	0.01982	0.80840	0.02775	0.00529	0.00529	0.00793	0.00330	0.00330
43	0.01130	0.00969	0.01130	0.00807	0.01292	0.00727	0.00646	0.01373	0.01130	0.01776	0.00969	0.01130	0.00807	0.00404	0.00404	0.00081	0.00404	0.00323	0.00323	0.84173
44	0.04006	0.41125	0.07171	0.01033	0.01469	0.06197	0.02228	0.04262	0.06196	0.14796	0.05733	0.01362	0.01148	0.00575	0.00446	0.00143	0.00573	0.00422	0.00369	0.00746
45	0.00673	0.00493	0.00627	0.00730	0.00786	0.00455	0.00497	0.00776	0.01069	0.01397	0.03309	0.64154	0.14075	0.04940	0.00777	0.00230	0.00325	0.03747	0.00499	0.00443
46	0.01445	0.09515	0.41034	0.01316	0.01909	0.01227	0.03829	0.04172	0.01302	0.18596	0.06486	0.01499	0.01158	0.00607	0.00568	0.00169	0.03528	0.00478	0.00366	0.00797
47	0.00765	0.00552	0.00722	0.00691	0.00813	0.00510	0.00514	0.01011	0.01510	0.02134	0.72288	0.09085	0.05043	0.01153	0.00646	0.00175	0.00261	0.01023	0.00594	0.00510
48	0.01597	0.06553	0.15757	0.02942	0.04119	0.19483	0.01200	0.18653	0.14695	0.02062	0.01366	0.01435	0.03451	0.00639	0.00568	0.00165	0.03685	0.00473	0.00381	0.00775
49	0.01170	0.00899	0.01097	0.00964	0.01121	0.02123	0.02251	0.19923	0.01299	0.01771	0.01468	0.04414	0.01430	0.26049	0.24920	0.00497	0.07029	0.00640	0.00369	0.00566
50	0.01702	0.01283	0.01417	0.01075	0.01512	0.01295	0.00877	0.45816	0.02003	0.04246	0.02863	0.02954	0.01040	0.00601	0.00502	0.00137	0.00517	0.00467	0.00473	0.29219
51	0.01598	0.58523	0.02444	0.01010	0.01434	0.11671	0.00935	0.06446	0.01282	0.05671	0.02141	0.01052	0.00838	0.00597	0.02225	0.00144	0.00643	0.00344	0.00291	0.00710
52	0.79486	0.03316	0.00876	0.00732	0.01076	0.01235	0.00607	0.01640	0.00955	0.05026	0.00807	0.00919	0.00620	0.00511	0.00345	0.00167	0.00428	0.00304	0.00346	0.00605
53	0.10795	0.01316	0.07698	0.22908	0.20965	0.01318	0.04460	0.10101	0.11498	0.02000	0.01173	0.01402	0.00896	0.00559	0.00523	0.00173	0.00633	0.00482	0.00337	0.00760
54	0.01666	0.01164	0.01323	0.04177	0.05158	0.04964	0.00899	0.18198	0.17269	0.18541	0.06346	0.01972	0.05857	0.00726	0.00580	0.00167	0.02745	0.00582	0.03016	0.04649

[dist]
# distance from previous block
# <min> <max>
0	1

[block]
# block no. 3 follows, 44 sequences, length 8
# corresponding to MSA columns:
# 172-179
name=unknown_D
#
# <colnr> <probs for GDERKNQSTAVLIFYWHMCP>
#	G	D	E	R	K	N	Q	S	T	A	V	L	I	F	Y	W	H	M	C	P
0	0.00807	0.00609	0.00824	0.00829	0.00932	0.00584	0.04120	0.04751	0.01189	0.01584	0.11126	0.43747	0.09224	0.11213	0.00935	0.00248	0.00388	0.05923	0.00486	0.00481
1	0.01429	0.01391	0.02100	0.02802	0.55370	0.06345	0.05169	0.06617	0.04927	0.01853	0.01074	0.01352	0.00884	0.00543	0.00623	0.00168	0.05735	0.00491	0.00301	0.00829
2	0.00664	0.00474	0.00633	0.00759	0.00791	0.00443	0.00506	0.00759	0.01044	0.01392	0.03005	0.80485	0.03606	0.01708	0.00696	0.00221	0.00316	0.01550	0.00506	0.00443
3	0.01130	0.00969	0.01130	0.00807	0.01292	0.00727	0.00646	0.01373	0.01130	0.01776	0.00969	0.01130	0.00807	0.00404	0.00404	0.00081	0.00404	0.00323	0.00323	0.84173
4	0.00708	0.00573	0.00626	0.00647	0.00791	0.00521	0.00466	0.00926	0.06140	0.01514	0.07360	0.23170	0.47828	0.05287	0.00755	0.00210	0.00308	0.01188	0.00505	0.00478
5	0.07702	0.00984	0.01118	0.10695	0.03321	0.04303	0.00816	0.07164	0.18125	0.08088	0.20279	0.02321	0.02185	0.04507	0.00647	0.00187	0.00461	0.00639	0.05780	0.00676
6	0.01670	0.01242	0.04860	0.01045	0.01401	0.03768	0.00872	0.34042	0.03741	0.12864	0.08797	0.01954	0.03588	0.06099	0.03345	0.00208	0.00557	0.00573	0.04042	0.05333
7	0.04260	0.07127	0.06800	0.01224	0.01619	0.20420	0.05558	0.18335	0.04669	0.06605	0.01297	0.01434	0.03465	0.03297	0.00608	0.00164	0.02490	0.00462	0.00383	0.09783

[dist]
# distance from previous block
# <min> <max>
0	19

[block]
# block no. 4 follows, 44 sequences, length 26
# corresponding to MSA columns:
# 199-224
name=unknown_E
#
# <colnr> <probs for GDERKNQSTAVLIFYWHMCP>
#	G	D	E	R	K	N	Q	S	T	A	V	L	I	F	Y	W	H	M	C	P
0	0.08127	0.31197	0.18437	0.01235	0.04189	0.18063	0.01177	0.01862	0.01242	0.08515	0.00960	0.01064	0.00755	0.00521	0.00440	0.00144	0.00695	0.00359	0.00293	0.00726
1	0.04973	0.01213	0.06800	0.01137	0.03186	0.01090	0.02467	0.14351	0.12573	0.40082	0.01878	0.01734	0.02625	0.00662	0.00539	0.00169	0.00512	0.00536	0.00564	0.02912
2	0.12681	0.10391	0.12342	0.01201	0.01594	0.27625	0.01073	0.11907	0.06340	0.01923	0.04002	0.01425	0.01049	0.00622	0.00488	0.00158	0.00706	0.03421	0.00351	0.00703
3	0.01409	0.09831	0.04141	0.02097	0.33146	0.04323	0.06398	0.11267	0.08220	0.02003	0.08244	0.01592	0.01311	0.00587	0.00532	0.00159	0.00608	0.00523	0.00359	0.03250
4	0.04007	0.00971	0.03304	0.00999	0.01259	0.00957	0.00820	0.18699	0.05877	0.09851	0.02216	0.22073	0.04218	0.01086	0.00644	0.00194	0.02698	0.14235	0.00503	0.05388
5	0.03969	0.13751	0.11136	0.01012	0.01426	0.01197	0.00938	0.13501	0.06608	0.16547	0.14995	0.01956	0.03926	0.00700	0.00518	0.00157	0.00498	0.00559	0.00470	0.06136
6	0.01073	0.00750	0.00831	0.00770	0.00964	0.04704	0.00587	0.02605	0.04512	0.12215	0.31863	0.10976	0.22170	0.01133	0.00624	0.00179	0.00352	0.02557	0.00556	0.00578
7	0.01165	0.00984	0.01160	0.03561	0.01381	0.00788	0.00693	0.05447	0.01224	0.01870	0.03907	0.01264	0.00977	0.00450	0.00426	0.00092	0.00420	0.00363	0.00343	0.73484
8	0.05076	0.10650	0.01961	0.03891	0.47319	0.01312	0.01334	0.01620	0.03343	0.03374	0.01209	0.01484	0.03148	0.00778	0.05588	0.00207	0.03787	0.00485	0.02662	0.00771
9	0.02058	0.00868	0.01159	0.00920	0.01275	0.00771	0.00747	0.05180	0.01585	0.58113	0.16994	0.04101	0.02137	0.00785	0.00570	0.00170	0.00425	0.00656	0.00651	0.00835
10	0.01978	0.01452	0.01562	0.01222	0.01639	0.01608	0.01002	0.62086	0.13616	0.05936	0.01476	0.01437	0.01053	0.00668	0.00547	0.00167	0.00570	0.00512	0.00551	0.00918
11	0.00664	0.00474	0.00633	0.00759	0.00791	0.00443	0.00506	0.00759	0.01044	0.01392	0.03005	0.80485	0.03606	0.01708	0.00696	0.00221	0.00316	0.01550	0.00506	0.00443
12	0.00736	0.00531	0.00707	0.00759	0.00846	0.00503	0.00558	0.00917	0.01261	0.01727	0.31935	0.36914	0.05769	0.01543	0.03884	0.00231	0.00361	0.09803	0.00534	0.00480
13	0.01016	0.00508	0.00508	0.00508	0.00635	0.00508	0.00381	0.01270	0.01143	0.02033	0.01778	0.02033	0.01397	0.00635	0.00381	0.00127	0.00254	0.00508	0.83867	0.00508
14	0.00668	0.00478	0.00636	0.00756	0.00792	0.00445	0.00506	0.00769	0.01062	0.01421	0.05742	0.77664	0.03663	0.01686	0.00694	0.00220	0.00314	0.01529	0.00510	0.00445
15	0.01996	0.01493	0.01614	0.01253	0.01665	0.01670	0.01032	0.68448	0.06793	0.03285	0.01338	0.01346	0.00962	0.00671	0.00595	0.00168	0.03728	0.00498	0.00534	0.00910
16	0.00793	0.00529	0.00595	0.00595	0.00595	0.00529	0.00330	0.00793	0.00793	0.01057	0.01718	0.03568	0.01982	0.80840	0.02775	0.00529	0.00529	0.00793	0.00330	0.00330
17	0.01030	0.00969	0.01635	0.79530	0.03755	0.01211	0.01514	0.01393	0.01090	0.01393	0.00969	0.01453	0.00727	0.00545	0.00545	0.00182	0.00727	0.00484	0.00242	0.00606
18	0.02446	0.00928	0.01265	0.00970	0.01392	0.00801	0.00801	0.02657	0.01560	0.77817	0.02151	0.01856	0.01350	0.00675	0.00548	0.00169	0.00464	0.00548	0.00675	0.00928
19	0.02007	0.01605	0.01586	0.01249	0.01657	0.09837	0.01017	0.63141	0.05460	0.03121	0.01391	0.01392	0.02646	0.00664	0.00542	0.00162	0.00627	0.00496	0.00517	0.00883
20	0.02088	0.01502	0.01621	0.01243	0.01678	0.01654	0.01027	0.72625	0.02522	0.06491	0.01343	0.01331	0.00944	0.00655	0.00545	0.00164	0.00594	0.00493	0.00551	0.00927
21	0.01251	0.01413	0.03068	0.02209	0.02730	0.01325	0.71126	0.01689	0.01273	0.01726	0.01213	0.06039	0.00988	0.00532	0.00646	0.00186	0.00884	0.00696	0.00289	0.00718
22	0.11211	0.01295	0.13090	0.06679	0.13750	0.01058	0.01137	0.02065	0.07697	0.28584	0.05487	0.01648	0.01260	0.00617	0.00521	0.00169	0.00544	0.00508	0.00454	0.02227
23	0.00882	0.00619	0.00870	0.00989	0.01107	0.00619	0.00857	0.01107	0.01226	0.01595	0.02784	0.05913	0.03022	0.01526	0.00826	0.04667	0.00501	0.69912	0.00488	0.00488
24	0.01127	0.05021	0.03581	0.00753	0.01016	0.02593	0.00622	0.01377	0.04444	0.15926	0.17344	0.03789	0.38167	0.01075	0.00599	0.00174	0.00366	0.00895	0.00528	0.00603
25	0.01462	0.38854	0.19984	0.01174	0.01659	0.12567	0.01194	0.08303	0.01301	0.01593	0.00988	0.05190	0.00872	0.00584	0.00473	0.00145	0.02242	0.00414	0.00282	0.00720

[dist]
# distance from previous block
# <min> <max>
0	1

[block]
# block no. 5 follows, 44 sequences, length 12
# corresponding to MSA columns:
# 226-237
name=unknown_F
#
# <colnr> <probs for GDERKNQSTAVLIFYWHMCP>
#	G	D	E	R	K	N	Q	S	T	A	V	L	I	F	Y	W	H	M	C	P
0	0.01898	0.16301	0.01829	0.01182	0.01613	0.01749	0.01002	0.55720	0.08540	0.02938	0.01283	0.01289	0.00947	0.00627	0.00510	0.00157	0.00583	0.00464	0.00488	0.00879
1	0.01156	0.00669	0.00882	0.00811	0.00892	0.00700	0.00578	0.14635	0.01055	0.01410	0.01014	0.01592	0.00943	0.01664	0.01836	0.68529	0.00497	0.00477	0.00294	0.00365
2	0.04633	0.01284	0.01375	0.01080	0.01482	0.01361	0.00877	0.43392	0.12832	0.02810	0.01495	0.01506	0.03127	0.00634	0.00509	0.00150	0.00509	0.00490	0.04105	0.16349
3	0.04451	0.00883	0.01128	0.01265	0.14131	0.03356	0.00814	0.03387	0.08414	0.10171	0.28038	0.12028	0.04118	0.02618	0.00641	0.00185	0.00421	0.02793	0.00504	0.00655
4	0.01211	0.01053	0.01353	0.01298	0.15463	0.00873	0.00853	0.04536	0.01211	0.01847	0.00994	0.01179	0.00823	0.00429	0.00435	0.00099	0.00457	0.00360	0.00322	0.65204
5	0.00793	0.00529	0.00595	0.00595	0.00595	0.00529	0.00330	0.00793	0.00793	0.01057	0.01718	0.03568	0.01982	0.80840	0.02775	0.00529	0.00529	0.00793	0.00330	0.00330
6	0.00842	0.00640	0.02253	0.05716	0.01058	0.00588	0.00611	0.04167	0.01205	0.04947	0.08068	0.43792	0.18879	0.03714	0.00716	0.00211	0.00364	0.01226	0.00494	0.00508
7	0.01323	0.30828	0.20487	0.01282	0.05004	0.11533	0.01242	0.01624	0.01199	0.01485	0.01229	0.01968	0.01159	0.00701	0.00539	0.00164	0.03260	0.13999	0.00290	0.00684
8	0.01860	0.00984	0.01228	0.01015	0.01354	0.00999	0.00819	0.10720	0.17558	0.38954	0.01941	0.01885	0.01371	0.01321	0.15072	0.00303	0.00658	0.00563	0.00563	0.00832
9	0.00758	0.00532	0.00600	0.00606	0.00646	0.00517	0.00369	0.00796	0.00893	0.01160	0.02482	0.07850	0.16028	0.58927	0.05239	0.00462	0.00507	0.00891	0.00371	0.00366
10	0.16585	0.05313	0.01395	0.09296	0.06681	0.01314	0.00950	0.25648	0.03002	0.02285	0.01422	0.15951	0.01328	0.00811	0.00603	0.00180	0.05476	0.00642	0.00415	0.00704
11	0.04335	0.37992	0.02099	0.01144	0.03806	0.16663	0.00962	0.07544	0.05297	0.11626	0.01083	0.01142	0.00855	0.00556	0.00474	0.00142	0.02814	0.00380	0.00346	0.00741

[dist]
# distance from previous block
# <min> <max>
0	1

[block]
# block no. 6 follows, 44 sequences, length 35
# corresponding to MSA columns:
# 239-245,265-292
name=unknown_G
#
# <colnr> <probs for GDERKNQSTAVLIFYWHMCP>
#	G	D	E	R	K	N	Q	S	T	A	V	L	I	F	Y	W	H	M	C	P
0	0.17403	0.03222	0.05635	0.05189	0.35315	0.09808	0.01270	0.04560	0.05489	0.01904	0.01109	0.04739	0.00944	0.00576	0.00498	0.00165	0.00622	0.00480	0.00317	0.00752
1	0.05259	0.25132	0.04249	0.13084	0.10236	0.22982	0.01135	0.01800	0.03533	0.02914	0.00929	0.01117	0.00764	0.00520	0.00456	0.00143	0.00707	0.00378	0.00278	0.04383
2	0.00779	0.00575	0.00724	0.04149	0.00935	0.00530	0.00537	0.00991	0.01391	0.03770	0.44710	0.11656	0.24816	0.01210	0.00642	0.00180	0.00294	0.01054	0.00551	0.00507
3	0.01282	0.01417	0.04513	0.06433	0.02531	0.01443	0.50120	0.04898	0.01231	0.01706	0.01018	0.01395	0.00798	0.00582	0.00879	0.00194	0.17990	0.00586	0.00277	0.00708
4	0.00783	0.00529	0.00689	0.00742	0.00831	0.00491	0.00525	0.00924	0.01172	0.05397	0.16551	0.48610	0.11130	0.03145	0.04163	0.00241	0.00367	0.02707	0.00519	0.00483
5	0.00787	0.00573	0.00819	0.00819	0.00901	0.00651	0.00614	0.00949	0.00868	0.01247	0.01512	0.02384	0.01470	0.17168	0.63866	0.00799	0.01273	0.00618	0.02220	0.00460
6	0.01129	0.02585	0.65280	0.01718	0.05151	0.01282	0.11804	0.01727	0.01172	0.01731	0.00997	0.01201	0.00715	0.00509	0.00535	0.00174	0.00815	0.00438	0.00238	0.00798
7	0.00754	0.00557	0.00705	0.00668	0.00804	0.00507	0.00501	0.00995	0.01502	0.02089	0.67389	0.04232	0.14967	0.01151	0.00643	0.00173	0.00260	0.01008	0.00587	0.00507
8	0.02072	0.01527	0.01636	0.01254	0.01691	0.01691	0.01036	0.75622	0.02563	0.03436	0.01309	0.01309	0.00927	0.00654	0.00545	0.00164	0.00600	0.00491	0.00545	0.00927
9	0.00780	0.00526	0.00611	0.00622	0.00630	0.00527	0.00362	0.00798	0.00820	0.01097	0.01826	0.10632	0.02105	0.70114	0.05938	0.00515	0.00550	0.00854	0.00345	0.00348
10	0.00657	0.00553	0.00570	0.00566	0.00744	0.00466	0.00424	0.00807	0.01272	0.01543	0.12612	0.05130	0.70085	0.01354	0.00644	0.00183	0.00274	0.01134	0.00516	0.00466
11	0.01426	0.74393	0.09356	0.00987	0.01482	0.02080	0.01026	0.01641	0.01111	0.01321	0.00777	0.00898	0.00699	0.00471	0.00364	0.00121	0.00602	0.00301	0.00233	0.00709
12	0.01979	0.01503	0.01740	0.01489	0.09088	0.01643	0.03334	0.66215	0.02396	0.03224	0.01275	0.01318	0.00918	0.00632	0.00548	0.00164	0.00614	0.00495	0.00510	0.00915
13	0.00950	0.00490	0.00741	0.03374	0.00813	0.00498	0.00509	0.00733	0.00723	0.00962	0.00948	0.01650	0.00940	0.01848	0.02077	0.81301	0.00482	0.00474	0.00237	0.00249
14	0.00693	0.00491	0.00624	0.00715	0.00747	0.00463	0.00465	0.00773	0.01008	0.01341	0.04470	0.59597	0.05966	0.18613	0.01138	0.00285	0.00359	0.01361	0.00471	0.00421
15	0.00664	0.00474	0.00633	0.00759	0.00791	0.00443	0.00506	0.00759	0.01044	0.01392	0.03005	0.80485	0.03606	0.01708	0.00696	0.00221	0.00316	0.01550	0.00506	0.00443
16	0.09642	0.01096	0.01151	0.03941	0.01343	0.01214	0.00784	0.33186	0.11134	0.02677	0.01503	0.01591	0.01126	0.00640	0.00475	0.00156	0.00458	0.00493	0.26648	0.00743
17	0.01081	0.00825	0.01153	0.27145	0.01945	0.00914	0.00938	0.13160	0.01315	0.04296	0.01975	0.36841	0.02075	0.01118	0.00648	0.02086	0.00508	0.00965	0.00424	0.00587
18	0.05938	0.01497	0.01488	0.01263	0.05147	0.12612	0.00968	0.39952	0.04232	0.12715	0.01340	0.01412	0.00987	0.03532	0.00603	0.00171	0.00615	0.00476	0.00484	0.04569
19	0.01113	0.00950	0.01111	0.00806	0.01273	0.00716	0.00641	0.01349	0.01127	0.01762	0.01047	0.04162	0.00914	0.00454	0.00415	0.00086	0.00400	0.00370	0.00330	0.80974
20	0.00756	0.00571	0.00653	0.00642	0.00812	0.00501	0.00494	0.00941	0.01342	0.04017	0.26390	0.04871	0.47442	0.01291	0.00650	0.00185	0.00295	0.07113	0.00539	0.00494
21	0.01254	0.01198	0.02041	0.26035	0.55495	0.01270	0.01626	0.01590	0.01196	0.01665	0.01009	0.01380	0.00823	0.00503	0.00541	0.00168	0.00671	0.00485	0.00262	0.00787
22	0.01297	0.01313	0.01962	0.32464	0.25239	0.09722	0.10818	0.03152	0.03493	0.01604	0.01033	0.01393	0.00816	0.00561	0.00591	0.02330	0.00738	0.00494	0.00274	0.00707
23	0.00849	0.00527	0.00694	0.00762	0.00837	0.00486	0.00523	0.00957	0.01103	0.08818	0.05926	0.63547	0.04879	0.06339	0.00803	0.00232	0.00340	0.01376	0.00516	0.00486
24	0.00699	0.00489	0.00619	0.00713	0.00745	0.00462	0.00465	0.00780	0.01002	0.01344	0.02789	0.60601	0.05456	0.17629	0.01105	0.00280	0.00356	0.01357	0.02685	0.00422
25	0.00664	0.00474	0.00633	0.00759	0.00791	0.00443	0.00506	0.00759	0.01044	0.01392	0.03005	0.80485	0.03606	0.01708	0.00696	0.00221	0.00316	0.01550	0.00506	0.00443
26	0.01125	0.01038	0.01754	0.49831	0.26944	0.01186	0.01492	0.01434	0.01112	0.01485	0.00985	0.01435	0.00786	0.00620	0.00654	0.06038	0.00684	0.00484	0.00251	0.00662
27	0.00907	0.00698	0.00823	0.00813	0.00995	0.00696	0.00644	0.01380	0.16150	0.03341	0.23501	0.05875	0.23169	0.01204	0.00650	0.00196	0.00357	0.17484	0.00543	0.00572
28	0.00940	0.00625	0.00869	0.00971	0.01101	0.00614	0.00827	0.01169	0.01245	0.05902	0.02860	0.15364	0.03096	0.01485	0.00734	0.00243	0.00476	0.60449	0.00512	0.00519
29	0.01143	0.01104	0.01924	0.51013	0.22078	0.01252	0.08725	0.01534	0.02989	0.01546	0.01027	0.01443	0.00794	0.00527	0.00554	0.00177	0.00718	0.00503	0.00260	0.00689
30	0.01390	0.01308	0.02180	0.03228	0.73163	0.01318	0.01637	0.05848	0.01316	0.01875	0.01041	0.01347	0.00867	0.00495	0.00540	0.00162	0.00645	0.00486	0.00285	0.00867
31	0.01749	0.01335	0.01462	0.01101	0.01554	0.01359	0.00902	0.50104	0.02071	0.02866	0.01192	0.01248	0.00886	0.00568	0.00497	0.00135	0.00532	0.00433	0.00469	0.29537
32	0.01754	0.06946	0.01753	0.03431	0.17786	0.38112	0.01166	0.13236	0.01562	0.01755	0.01122	0.01283	0.03652	0.00599	0.00555	0.00153	0.03654	0.00435	0.00322	0.00723
33	0.03173	0.06856	0.01520	0.06368	0.01642	0.28323	0.02806	0.09430	0.01405	0.04124	0.01162	0.04845	0.02418	0.02273	0.00630	0.00155	0.06381	0.00466	0.00337	0.15688
34	0.07693	0.22159	0.03369	0.01057	0.02818	0.10845	0.00891	0.05668	0.01222	0.03256	0.01018	0.01169	0.02722	0.00553	0.00563	0.00133	0.08873	0.00372	0.00308	0.25310

[dist]
# distance from previous block
# <min> <max>
0	7

[block]
# block no. 7 follows, 44 sequences, length 62
# corresponding to MSA columns:
# 300-360,365
name=unknown_H
#
# <colnr> <probs for GDERKNQSTAVLIFYWHMCP>
#	G	D	E	R	K	N	Q	S	T	A	V	L	I	F	Y	W	H	M	C	P
0	0.01198	0.01343	0.05029	0.05572	0.06871	0.01315	0.47088	0.01565	0.01180	0.01633	0.01216	0.09081	0.01074	0.00661	0.00803	0.00194	0.12515	0.00682	0.00289	0.00690
1	0.02928	0.01086	0.04342	0.63020	0.15333	0.01227	0.01536	0.01453	0.01113	0.01489	0.00974	0.01414	0.00744	0.00534	0.00539	0.00178	0.00710	0.00478	0.00248	0.00653
2	0.01241	0.01382	0.04250	0.08538	0.05683	0.01430	0.46569	0.01608	0.01155	0.01612	0.00992	0.01390	0.00790	0.00590	0.00908	0.00196	0.20130	0.00578	0.00263	0.00697
3	0.00846	0.00622	0.00693	0.00674	0.00845	0.02002	0.00515	0.01016	0.01294	0.06475	0.19421	0.04605	0.42736	0.06318	0.02743	0.00225	0.00364	0.07589	0.00515	0.00501
4	0.02848	0.00602	0.00779	0.00719	0.00877	0.00558	0.00550	0.01181	0.01523	0.08512	0.67073	0.03870	0.04666	0.01074	0.00631	0.00173	0.00285	0.02929	0.00598	0.00550
5	0.00779	0.00584	0.00876	0.00876	0.00974	0.00681	0.00681	0.00974	0.00876	0.01266	0.01460	0.02142	0.01363	0.04089	0.78680	0.00876	0.01460	0.00584	0.00292	0.00487
6	0.04067	0.01255	0.01416	0.01101	0.01490	0.01323	0.00894	0.46492	0.02079	0.23975	0.01569	0.01661	0.01135	0.08096	0.00748	0.00199	0.00551	0.00530	0.00557	0.00864
7	0.00793	0.00529	0.00595	0.00595	0.00595	0.00529	0.00330	0.00793	0.00793	0.01057	0.01718	0.03568	0.01982	0.80840	0.02775	0.00529	0.00529	0.00793	0.00330	0.00330
8	0.81229	0.01049	0.00821	0.00728	0.01069	0.01205	0.00599	0.01647	0.00954	0.05619	0.00818	0.00926	0.00622	0.00513	0.00346	0.00169	0.00424	0.00306	0.00352	0.00605
9	0.01446	0.78630	0.05292	0.00953	0.01430	0.02128	0.00968	0.01636	0.01109	0.01297	0.00765	0.00883	0.00699	0.00468	0.00355	0.00118	0.00590	0.00295	0.00233	0.00703
10	0.01279	0.01304	0.01660	0.01424	0.01457	0.07255	0.01178	0.03450	0.00935	0.01373	0.00741	0.01181	0.00721	0.00917	0.01660	0.00229	0.71909	0.00468	0.00250	0.00608
11	0.00779	0.00584	0.00876	0.00876	0.00974	0.00681	0.00681	0.00974	0.00876	0.01266	0.01460	0.02142	0.01363	0.04089	0.78680	0.00876	0.01460	0.00584	0.00292	0.00487
12	0.01018	0.19030	0.01409	0.00949	0.01133	0.04696	0.00789	0.01201	0.00957	0.01276	0.01224	0.01739	0.01140	0.02899	0.52284	0.00628	0.06305	0.00500	0.00275	0.00549
13	0.00785	0.00525	0.00597	0.00605	0.00607	0.00523	0.00341	0.00791	0.00809	0.01078	0.01798	0.08382	0.02084	0.75887	0.02645	0.00509	0.00515	0.00840	0.00341	0.00337
14	0.01030	0.00969	0.01635	0.79530	0.03755	0.01211	0.01514	0.01393	0.01090	0.01393	0.00969	0.01453	0.00727	0.00545	0.00545	0.00182	0.00727	0.00484	0.00242	0.00606
15	0.01339	0.01285	0.02195	0.05764	0.75102	0.01293	0.01668	0.01664	0.01237	0.01769	0.01024	0.01353	0.00859	0.00488	0.00540	0.00163	0.00650	0.00486	0.00269	0.00855
16	0.01197	0.05198	0.47274	0.02117	0.24644	0.01316	0.07208	0.01709	0.01186	0.01728	0.00993	0.01223	0.00752	0.00502	0.00527	0.00168	0.00759	0.00441	0.00245	0.00814
17	0.00668	0.00485	0.00632	0.00747	0.00795	0.00449	0.00508	0.00771	0.01067	0.01405	0.03228	0.71761	0.10218	0.01673	0.00693	0.00219	0.00318	0.03411	0.00506	0.00446
18	0.01293	0.01294	0.02382	0.07596	0.45136	0.01305	0.22884	0.01646	0.01223	0.01734	0.01056	0.01407	0.00856	0.00509	0.00623	0.00172	0.04418	0.00532	0.03151	0.00786
19	0.00657	0.00553	0.00569	0.00565	0.00744	0.00465	0.00424	0.00806	0.01271	0.01541	0.12376	0.05134	0.70322	0.01355	0.00644	0.00183	0.00274	0.01135	0.00515	0.00465
20	0.00695	0.00521	0.00719	0.00784	0.00855	0.00482	0.02878	0.00823	0.01123	0.01498	0.11468	0.63666	0.09291	0.01577	0.00684	0.00212	0.00326	0.01427	0.00509	0.00461
21	0.02037	0.02598	0.01545	0.01404	0.01685	0.78652	0.01053	0.02177	0.01545	0.01334	0.00843	0.00983	0.00702	0.00562	0.00492	0.00140	0.00983	0.00351	0.00281	0.00632
22	0.00671	0.00477	0.00631	0.00751	0.00781	0.00447	0.00497	0.00761	0.01031	0.01375	0.02941	0.76681	0.03525	0.05621	0.00799	0.00237	0.00327	0.01512	0.00497	0.00437
23	0.00664	0.00474	0.00633	0.00759	0.00791	0.00443	0.00506	0.00759	0.01044	0.01392	0.03005	0.80485	0.03606	0.01708	0.00696	0.00221	0.00316	0.01550	0.00506	0.00443
24	0.01356	0.01171	0.01233	0.01109	0.01418	0.01356	0.00863	0.02897	0.76455	0.02281	0.02219	0.02034	0.01664	0.00740	0.00555	0.00185	0.00431	0.00616	0.00555	0.00863
25	0.84691	0.01054	0.00801	0.00717	0.01054	0.01223	0.00590	0.01603	0.00928	0.02446	0.00759	0.00886	0.00590	0.00506	0.00337	0.00169	0.00422	0.00295	0.00337	0.00590
26	0.00779	0.00584	0.00876	0.00876	0.00974	0.00681	0.00681	0.00974	0.00876	0.01266	0.01460	0.02142	0.01363	0.04089	0.78680	0.00876	0.01460	0.00584	0.00292	0.00487
27	0.00773	0.00599	0.00653	0.00646	0.00830	0.00533	0.00498	0.00994	0.04554	0.04211	0.11196	0.04945	0.56826	0.02598	0.00682	0.00194	0.00313	0.07935	0.00519	0.00500
28	0.00778	0.00533	0.00648	0.00660	0.00680	0.00547	0.00409	0.00822	0.00832	0.01126	0.01795	0.10675	0.02028	0.59692	0.16004	0.00561	0.00673	0.00828	0.00340	0.00369
29	0.00664	0.00474	0.00633	0.00759	0.00791	0.00443	0.00506	0.00759	0.01044	0.01392	0.03005	0.80485	0.03606	0.01708	0.00696	0.00221	0.00316	0.01550	0.00506	0.00443
30	0.00694	0.00502	0.00656	0.00729	0.00795	0.00464	0.00504	0.00837	0.01195	0.01621	0.24162	0.55304	0.07464	0.01524	0.00678	0.00206	0.00298	0.01371	0.00533	0.00464
31	0.01458	0.81168	0.02857	0.00933	0.01399	0.02157	0.00933	0.01632	0.01108	0.01283	0.00758	0.00875	0.00700	0.00466	0.00350	0.00117	0.00583	0.00292	0.00233	0.00700
32	0.08847	0.01291	0.01858	0.23223	0.42097	0.06855	0.01461	0.04883	0.01253	0.01778	0.00986	0.01307	0.00794	0.00516	0.00520	0.00166	0.00671	0.00459	0.00281	0.00756
33	0.00942	0.00730	0.02954	0.00799	0.00902	0.00704	0.02339	0.10160	0.01097	0.01477	0.01905	0.20408	0.02114	0.44068	0.06666	0.00418	0.00565	0.00898	0.00390	0.00463
34	0.84691	0.01054	0.00801	0.00717	0.01054	0.01223	0.00590	0.01603	0.00928	0.02446	0.00759	0.00886	0.00590	0.00506	0.00337	0.00169	0.00422	0.00295	0.00337	0.00590
35	0.01078	0.01039	0.01656	0.73629	0.06786	0.03885	0.01505	0.01432	0.01112	0.01407	0.00967	0.01433	0.00732	0.00543	0.00543	0.00179	0.00732	0.00480	0.00245	0.00617
36	0.00664	0.00553	0.00580	0.00573	0.00748	0.00469	0.00430	0.00821	0.01289	0.01583	0.16618	0.05065	0.66054	0.01339	0.00644	0.00182	0.00273	0.01125	0.00521	0.00469
37	0.01030	0.00969	0.01635	0.79530	0.03755	0.01211	0.01514	0.01393	0.01090	0.01393	0.00969	0.01453	0.00727	0.00545	0.00545	0.00182	0.00727	0.00484	0.00242	0.00606
38	0.00947	0.00473	0.00710	0.00710	0.00710	0.00473	0.00473	0.00710	0.00710	0.00947	0.00947	0.01657	0.00947	0.01894	0.02131	0.84138	0.00473	0.00473	0.00237	0.00237
39	0.01287	0.01471	0.03217	0.02298	0.02849	0.01379	0.75460	0.01746	0.01287	0.01746	0.01103	0.01471	0.00827	0.00460	0.00643	0.00184	0.00919	0.00643	0.00276	0.00735
40	0.81220	0.01062	0.00829	0.00734	0.01075	0.01225	0.00605	0.03278	0.00977	0.03956	0.00799	0.00914	0.00613	0.00513	0.00346	0.00169	0.00427	0.00305	0.00349	0.00605
41	0.01072	0.00746	0.00822	0.00739	0.00834	0.00782	0.00484	0.17124	0.01179	0.01576	0.01629	0.03075	0.01752	0.63340	0.02288	0.00449	0.00544	0.00727	0.00377	0.00461
42	0.84691	0.01054	0.00801	0.00717	0.01054	0.01223	0.00590	0.01603	0.00928	0.02446	0.00759	0.00886	0.00590	0.00506	0.00337	0.00169	0.00422	0.00295	0.00337	0.00590
43	0.01174	0.00874	0.01033	0.01005	0.03142	0.00923	0.00739	0.18770	0.12964	0.03768	0.05507	0.35672	0.04764	0.01281	0.02768	0.00215	0.00447	0.03786	0.00518	0.00650
44	0.02435	0.00946	0.01276	0.00979	0.01401	0.00828	0.00808	0.04859	0.01591	0.75572	0.02125	0.01839	0.01337	0.00674	0.00548	0.00169	0.00468	0.00547	0.00671	0.00928
45	0.01409	0.01208	0.01283	0.01189	0.03894	0.02777	0.00897	0.05035	0.69070	0.03632	0.02126	0.01967	0.01593	0.00724	0.00553	0.00182	0.00454	0.00602	0.00542	0.00862
46	0.01182	0.03885	0.32986	0.01692	0.05608	0.01210	0.24674	0.01653	0.01192	0.01735	0.01012	0.01249	0.00766	0.00473	0.00530	0.00155	0.00743	0.00462	0.00266	0.18527
47	0.01158	0.16672	0.64728	0.01444	0.02190	0.01424	0.01823	0.01710	0.01143	0.01648	0.00939	0.01102	0.00692	0.00509	0.00488	0.00163	0.00766	0.00383	0.00231	0.00787
48	0.01093	0.02820	0.78016	0.01554	0.02360	0.01266	0.02014	0.01727	0.01151	0.01727	0.00978	0.01151	0.00691	0.00518	0.00518	0.00173	0.00806	0.00403	0.00230	0.00806
49	0.00749	0.00530	0.00680	0.00737	0.00820	0.00492	0.00516	0.02260	0.01222	0.03103	0.21402	0.52275	0.10185	0.01495	0.00673	0.00204	0.00306	0.01338	0.00533	0.00480
50	0.02012	0.01406	0.01539	0.01195	0.01609	0.01527	0.00980	0.62749	0.03730	0.10181	0.01476	0.05022	0.01101	0.00702	0.00550	0.00166	0.00568	0.00544	0.00552	0.02390
51	0.01950	0.01492	0.01795	0.01361	0.01798	0.01621	0.09673	0.64979	0.02364	0.03171	0.01275	0.01337	0.00916	0.00666	0.00600	0.02469	0.00634	0.00508	0.00506	0.00886
52	0.00670	0.00478	0.00639	0.00765	0.00799	0.00447	0.00515	0.00768	0.01049	0.01398	0.03002	0.78635	0.03594	0.01703	0.00697	0.00222	0.00321	0.03347	0.00506	0.00444
53	0.00860	0.00698	0.00824	0.00865	0.00963	0.02644	0.00623	0.01230	0.14435	0.01614	0.08751	0.51496	0.04766	0.01411	0.00716	0.00209	0.04325	0.02531	0.00503	0.00537
54	0.02105	0.01360	0.01512	0.01164	0.01584	0.01457	0.00960	0.57381	0.02296	0.18780	0.01503	0.01453	0.01034	0.00658	0.00539	0.00163	0.00557	0.00503	0.04080	0.00910
55	0.01141	0.00625	0.00699	0.00740	0.05523	0.00629	0.00510	0.05192	0.01237	0.04703	0.01720	0.01946	0.01338	0.00628	0.00405	0.00133	0.00304	0.00507	0.71452	0.00567
56	0.01482	0.01132	0.01286	0.01221	0.06157	0.01259	0.00897	0.02742	0.60146	0.12046	0.04022	0.02019	0.01661	0.00725	0.00555	0.00181	0.00445	0.00609	0.00554	0.00863
57	0.07167	0.01421	0.01546	0.01273	0.04807	0.01563	0.01001	0.59247	0.06270	0.06342	0.01357	0.01362	0.00971	0.00643	0.00529	0.00164	0.00568	0.00488	0.02390	0.00891
58	0.00743	0.00563	0.00729	0.00770	0.00856	0.00538	0.02055	0.03190	0.01141	0.01505	0.07842	0.51884	0.15814	0.06172	0.02017	0.00238	0.01666	0.01318	0.00491	0.00468
59	0.00671	0.00480	0.00639	0.00755	0.00792	0.00447	0.00507	0.00776	0.01075	0.01441	0.07646	0.75702	0.03702	0.01671	0.00693	0.00218	0.00313	0.01515	0.00512	0.00447
60	0.00672	0.00486	0.00638	0.00756	0.00802	0.00452	0.00516	0.00776	0.01065	0.01407	0.03157	0.72646	0.08194	0.01679	0.00695	0.00220	0.00322	0.04565	0.00506	0.00446
61	0.01282	0.32937	0.39322	0.03600	0.06754	0.04366	0.01527	0.01694	0.01152	0.01535	0.00891	0.01059	0.00706	0.00498	0.00454	0.00149	0.00714	0.00366	0.00236	0.00757

[dist]
# distance from previous block
# <min> <max>
0	18

# created by:
# /st0/software/busco_prod/Augustus/scripts/msa2prfl.pl ./align_prep/143643.fa
