[name]
unknown

[dist]
# distance from previous block
# <min> <max>
0	49

[block]
# block no. 0 follows, 47 sequences, length 38
# corresponding to MSA columns:
# 49-86
name=unknown_A
#
# <colnr> <probs for GDERKNQSTAVLIFYWHMCP>
#	G	D	E	R	K	N	Q	S	T	A	V	L	I	F	Y	W	H	M	C	P
0	0.01058	0.00881	0.06386	0.07403	0.01428	0.00789	0.00947	0.06247	0.03241	0.06339	0.02160	0.04091	0.02170	0.01152	0.02282	0.00218	0.00531	0.45336	0.00439	0.06902
1	0.06585	0.02791	0.04730	0.05394	0.08415	0.01048	0.00920	0.12484	0.09221	0.25036	0.05878	0.01578	0.01246	0.00595	0.00493	0.00150	0.00483	0.00484	0.00463	0.12007
2	0.00929	0.00689	0.00954	0.06822	0.10513	0.00710	0.00717	0.03820	0.01073	0.04833	0.03634	0.22128	0.09188	0.16017	0.07677	0.00297	0.02598	0.02789	0.04098	0.00516
3	0.04199	0.00989	0.01521	0.44047	0.15617	0.01159	0.01265	0.07884	0.01141	0.01568	0.01019	0.01502	0.00843	0.06317	0.04931	0.00229	0.04390	0.00482	0.00273	0.00622
4	0.01980	0.01459	0.01563	0.01198	0.01615	0.01615	0.00990	0.76713	0.02448	0.03282	0.01250	0.01250	0.00886	0.00625	0.00521	0.00156	0.00573	0.00469	0.00521	0.00886
5	0.00761	0.00543	0.00672	0.00633	0.00778	0.00488	0.00477	0.00978	0.01404	0.04524	0.57635	0.04094	0.22852	0.01113	0.00611	0.00167	0.00257	0.00966	0.00554	0.00492
6	0.00757	0.00505	0.00568	0.00568	0.00568	0.00505	0.00316	0.00757	0.00757	0.01010	0.01641	0.03408	0.01893	0.81698	0.02651	0.00505	0.00505	0.00757	0.00316	0.00316
7	0.01377	0.78529	0.06078	0.00917	0.01377	0.02023	0.00936	0.01563	0.01060	0.01244	0.00733	0.00847	0.00668	0.00448	0.00341	0.00114	0.00566	0.00283	0.00223	0.00673
8	0.13516	0.01102	0.10593	0.00944	0.01348	0.00875	0.00858	0.04586	0.01370	0.47643	0.07576	0.03094	0.01415	0.00710	0.01884	0.00174	0.00481	0.00521	0.00529	0.00781
9	0.40924	0.01116	0.05186	0.00928	0.03706	0.01098	0.00765	0.13064	0.01293	0.14396	0.06390	0.01307	0.01054	0.00564	0.00424	0.00155	0.00450	0.00407	0.00412	0.06362
10	0.01109	0.04399	0.28800	0.01183	0.06767	0.00919	0.01138	0.01491	0.03029	0.11043	0.18810	0.02204	0.06718	0.02426	0.07481	0.00227	0.00603	0.00600	0.00385	0.00667
11	0.00631	0.00488	0.00576	0.00639	0.00734	0.00433	0.00447	0.00746	0.01098	0.01395	0.07143	0.45748	0.35112	0.01475	0.00642	0.00194	0.00283	0.01296	0.00487	0.00433
12	0.01091	0.01034	0.01734	0.52873	0.25473	0.01190	0.02785	0.01478	0.04455	0.01483	0.00996	0.01384	0.00774	0.00511	0.00521	0.00168	0.00663	0.00471	0.00253	0.00664
13	0.03016	0.01125	0.01362	0.09109	0.05515	0.02688	0.00937	0.24555	0.13287	0.25959	0.01550	0.01539	0.01088	0.00684	0.00600	0.04676	0.00521	0.00497	0.00495	0.00797
14	0.01052	0.02587	0.73402	0.03565	0.02311	0.01213	0.05441	0.01642	0.01104	0.01642	0.00940	0.01121	0.00667	0.00493	0.00501	0.00166	0.00773	0.00398	0.00222	0.00761
15	0.00726	0.00491	0.00577	0.00609	0.00616	0.00484	0.00359	0.00749	0.00819	0.01092	0.01959	0.23586	0.02295	0.60973	0.02137	0.00429	0.00452	0.00945	0.00359	0.00343
16	0.01229	0.19455	0.42868	0.01419	0.04424	0.03465	0.07991	0.04428	0.01178	0.03610	0.03006	0.01169	0.00818	0.00512	0.00501	0.00154	0.02373	0.00406	0.00259	0.00735
17	0.02646	0.05626	0.01764	0.14884	0.26553	0.14980	0.02562	0.13012	0.01425	0.10018	0.01080	0.01263	0.00823	0.00528	0.00500	0.00153	0.00660	0.00439	0.00335	0.00748
18	0.01951	0.00983	0.01181	0.02698	0.01324	0.04909	0.00776	0.10391	0.01512	0.49220	0.04760	0.01899	0.05411	0.00694	0.00568	0.00160	0.03865	0.00547	0.06365	0.00785
19	0.79264	0.03997	0.00866	0.00711	0.01041	0.01217	0.00591	0.04264	0.00949	0.02330	0.00744	0.00860	0.00579	0.00487	0.00330	0.00159	0.00415	0.00289	0.00326	0.00579
20	0.00626	0.00523	0.00546	0.00550	0.00713	0.00443	0.00409	0.00764	0.01197	0.01455	0.10794	0.09781	0.67776	0.01319	0.00619	0.00177	0.00265	0.01111	0.00491	0.00443
21	0.01707	0.08472	0.01783	0.03882	0.22373	0.25099	0.01163	0.25554	0.01659	0.02024	0.00990	0.01136	0.00781	0.00537	0.00488	0.00146	0.00698	0.00411	0.00341	0.00758
22	0.05950	0.01109	0.03313	0.00998	0.01340	0.03652	0.02383	0.06904	0.13308	0.09201	0.01329	0.04290	0.02028	0.00620	0.00626	0.00143	0.11048	0.00465	0.00385	0.30906
23	0.01264	0.01267	0.01615	0.07071	0.11825	0.12269	0.08970	0.07665	0.04668	0.01586	0.01268	0.14435	0.01225	0.00808	0.00855	0.00185	0.21432	0.00633	0.00321	0.00636
24	0.00817	0.00610	0.00736	0.00699	0.00703	0.00683	0.00453	0.00839	0.00775	0.01060	0.01577	0.03076	0.03661	0.66320	0.02443	0.00451	0.13716	0.00716	0.00305	0.00361
25	0.00842	0.00569	0.00666	0.00644	0.00821	0.00498	0.00498	0.01013	0.01272	0.09656	0.19919	0.07867	0.44749	0.01219	0.00617	0.00179	0.00300	0.07652	0.00519	0.00500
26	0.04632	0.00849	0.00996	0.00767	0.01122	0.00715	0.00605	0.01249	0.01076	0.03693	0.06581	0.01682	0.05725	0.05005	0.03957	0.00156	0.03949	0.00445	0.00342	0.56454
27	0.00991	0.00704	0.00864	0.04278	0.01069	0.00706	0.01587	0.06496	0.09366	0.06942	0.04043	0.25400	0.14018	0.08609	0.04739	0.00240	0.00435	0.00911	0.04161	0.04439
28	0.00621	0.00528	0.00535	0.00533	0.00707	0.00442	0.00400	0.00758	0.01200	0.01437	0.08486	0.04962	0.75009	0.01308	0.00615	0.00175	0.00263	0.01092	0.00488	0.00442
29	0.00927	0.00518	0.00844	0.00783	0.00819	0.00512	0.05703	0.00747	0.00716	0.00957	0.00915	0.01571	0.00897	0.01715	0.01937	0.79007	0.00482	0.00463	0.00229	0.00259
30	0.01324	0.01233	0.02002	0.06222	0.65863	0.01263	0.01509	0.06831	0.05335	0.01820	0.01057	0.01325	0.00864	0.00490	0.00517	0.00157	0.00608	0.00471	0.00289	0.00819
31	0.00896	0.00768	0.01134	0.01036	0.01103	0.00972	0.02660	0.01042	0.00825	0.01218	0.01131	0.01730	0.01075	0.04076	0.46829	0.04311	0.27918	0.00524	0.00260	0.00493
32	0.00767	0.00532	0.00690	0.00668	0.00788	0.00487	0.00494	0.00982	0.01388	0.04406	0.60643	0.15516	0.08372	0.01149	0.00619	0.00171	0.00261	0.01017	0.00557	0.00491
33	0.00727	0.00523	0.00637	0.02556	0.00837	0.00475	0.00495	0.00854	0.01112	0.04801	0.06567	0.38166	0.31871	0.03884	0.00698	0.00203	0.00315	0.04342	0.00483	0.00455
34	0.04907	0.04662	0.03921	0.05243	0.06485	0.01227	0.40878	0.01653	0.01183	0.11046	0.01298	0.03951	0.03395	0.00576	0.00656	0.00174	0.07149	0.00585	0.00319	0.00693
35	0.01750	0.04838	0.01555	0.01386	0.04416	0.56280	0.01040	0.04329	0.03718	0.01378	0.00844	0.01023	0.00714	0.00601	0.00674	0.00152	0.14032	0.00370	0.00276	0.00624
36	0.01150	0.01065	0.01234	0.01028	0.06625	0.06651	0.03287	0.01383	0.01119	0.01653	0.00985	0.03573	0.00851	0.00443	0.00417	0.00094	0.00457	0.00368	0.00306	0.67311
37	0.09609	0.26035	0.01763	0.09350	0.01636	0.29195	0.00945	0.06979	0.01300	0.04814	0.00949	0.01083	0.02063	0.00544	0.00450	0.01310	0.00682	0.00359	0.00293	0.00640

[dist]
# distance from previous block
# <min> <max>
4	16

[block]
# block no. 1 follows, 47 sequences, length 18
# corresponding to MSA columns:
# 103-120
name=unknown_B
#
# <colnr> <probs for GDERKNQSTAVLIFYWHMCP>
#	G	D	E	R	K	N	Q	S	T	A	V	L	I	F	Y	W	H	M	C	P
0	0.11420	0.26308	0.23116	0.01257	0.01763	0.01451	0.13423	0.02856	0.01113	0.06492	0.00950	0.01117	0.00739	0.00610	0.03251	0.00175	0.02593	0.00395	0.00274	0.00697
1	0.00686	0.00530	0.00621	0.00598	0.00741	0.00470	0.00446	0.00876	0.01332	0.01769	0.45037	0.04355	0.36066	0.03369	0.00670	0.00178	0.00260	0.01004	0.00528	0.00465
2	0.01094	0.00938	0.01086	0.00790	0.01242	0.00733	0.00630	0.01405	0.06020	0.01728	0.01003	0.01136	0.00824	0.00406	0.00395	0.00084	0.00387	0.00327	0.00323	0.79449
3	0.16393	0.05700	0.01468	0.01091	0.01480	0.04631	0.00904	0.55152	0.02032	0.02886	0.01116	0.01162	0.00818	0.00655	0.02093	0.00168	0.00574	0.00423	0.00456	0.00798
4	0.00634	0.00453	0.00604	0.00725	0.00755	0.00423	0.00483	0.00725	0.00997	0.01329	0.02870	0.81358	0.03444	0.01632	0.00665	0.00211	0.00302	0.01480	0.00483	0.00423
5	0.01118	0.00948	0.01101	0.00790	0.01250	0.00734	0.00633	0.04534	0.01138	0.01765	0.00939	0.01087	0.00776	0.00396	0.00391	0.00081	0.00394	0.00315	0.00318	0.81292
6	0.07478	0.01179	0.01312	0.01079	0.03599	0.01261	0.00843	0.44303	0.03277	0.16215	0.01422	0.01582	0.01069	0.09207	0.00728	0.00194	0.00518	0.00499	0.03448	0.00787
7	0.02113	0.01048	0.01267	0.00982	0.01377	0.02686	0.00805	0.19253	0.03732	0.52264	0.01900	0.01713	0.03573	0.00650	0.00519	0.00157	0.00475	0.00518	0.00586	0.04383
8	0.02222	0.00857	0.01168	0.00913	0.01291	0.00742	0.00746	0.02415	0.01457	0.73577	0.02110	0.07148	0.01435	0.00711	0.00533	0.00165	0.00434	0.00588	0.00634	0.00855
9	0.00730	0.00555	0.00804	0.00804	0.00906	0.00629	0.00624	0.00911	0.00874	0.01230	0.01806	0.02360	0.09456	0.03632	0.71260	0.00767	0.01275	0.00615	0.00301	0.00462
10	0.01515	0.09594	0.01355	0.02844	0.01365	0.01060	0.00766	0.15161	0.07129	0.16995	0.02555	0.03028	0.01076	0.00555	0.00454	0.00126	0.00451	0.00440	0.02514	0.31015
11	0.00666	0.00480	0.00630	0.00729	0.00782	0.00450	0.00511	0.00783	0.01053	0.01398	0.08080	0.61120	0.07583	0.04363	0.00734	0.00220	0.00322	0.09183	0.00483	0.00431
12	0.00632	0.00461	0.00596	0.00704	0.00750	0.00425	0.00474	0.00727	0.01017	0.01338	0.03125	0.73267	0.11371	0.01598	0.00659	0.00208	0.00298	0.01440	0.00483	0.00425
13	0.01121	0.01106	0.02710	0.48967	0.10911	0.05613	0.03364	0.04255	0.03287	0.01481	0.02150	0.01445	0.01959	0.00653	0.02511	0.00189	0.06908	0.00481	0.00266	0.00624
14	0.01720	0.01566	0.09844	0.01302	0.01738	0.05998	0.08656	0.45379	0.08953	0.05529	0.01321	0.03300	0.00983	0.00621	0.00529	0.00161	0.00619	0.00505	0.00453	0.00821
15	0.01306	0.01299	0.02001	0.08176	0.63433	0.06844	0.01519	0.01594	0.01174	0.01620	0.00946	0.01262	0.00797	0.00499	0.00582	0.00159	0.05301	0.00454	0.00255	0.00778
16	0.00757	0.00505	0.00568	0.00568	0.00568	0.00505	0.00316	0.00757	0.00757	0.01010	0.01641	0.03408	0.01893	0.81698	0.02651	0.00505	0.00505	0.00757	0.00316	0.00316
17	0.05171	0.01128	0.01888	0.21375	0.52334	0.01188	0.03304	0.01502	0.01132	0.01629	0.01024	0.04139	0.00874	0.00519	0.00515	0.00162	0.00622	0.00495	0.00263	0.00737

[dist]
# distance from previous block
# <min> <max>
0	3

[block]
# block no. 2 follows, 47 sequences, length 142
# corresponding to MSA columns:
# 124-265
name=unknown_C
#
# <colnr> <probs for GDERKNQSTAVLIFYWHMCP>
#	G	D	E	R	K	N	Q	S	T	A	V	L	I	F	Y	W	H	M	C	P
0	0.01440	0.00987	0.01140	0.00896	0.01279	0.00924	0.00718	0.10698	0.17557	0.17013	0.04246	0.01723	0.05364	0.00605	0.00479	0.00132	0.00413	0.00492	0.00464	0.33429
1	0.01013	0.00755	0.00876	0.00861	0.01016	0.00796	0.00643	0.13993	0.14588	0.01843	0.02403	0.40276	0.03876	0.04120	0.00678	0.00204	0.00385	0.06754	0.04345	0.00575
2	0.01363	0.01152	0.01215	0.01073	0.01380	0.01327	0.00841	0.10033	0.70134	0.02287	0.02034	0.01875	0.01521	0.00699	0.00529	0.00175	0.00428	0.00577	0.00529	0.00830
3	0.01965	0.01451	0.01554	0.01195	0.01609	0.01608	0.00986	0.75089	0.04097	0.03258	0.01269	0.01266	0.00901	0.00627	0.00521	0.00157	0.00570	0.00471	0.00521	0.00884
4	0.01424	0.01149	0.01338	0.01185	0.05158	0.01268	0.03878	0.25484	0.35434	0.02442	0.10658	0.01930	0.01692	0.02287	0.00578	0.00173	0.00470	0.00589	0.02080	0.00783
5	0.00665	0.00479	0.00630	0.00699	0.00761	0.00444	0.00483	0.00803	0.01145	0.01559	0.25550	0.56066	0.05871	0.01453	0.00648	0.00196	0.00284	0.01309	0.00510	0.00444
6	0.01363	0.05677	0.01568	0.01378	0.08193	0.03488	0.01049	0.04494	0.10480	0.10623	0.01228	0.01437	0.03470	0.00782	0.01127	0.00194	0.41948	0.00490	0.00337	0.00675
7	0.01902	0.04520	0.01488	0.01110	0.01503	0.01430	0.00917	0.54005	0.07274	0.14285	0.05164	0.01487	0.01181	0.00648	0.00519	0.00157	0.00526	0.00501	0.00531	0.00854
8	0.01345	0.00842	0.04857	0.02725	0.01220	0.00738	0.03751	0.02992	0.01367	0.27636	0.28668	0.10786	0.04721	0.00908	0.00638	0.00172	0.04679	0.00776	0.00529	0.00651
9	0.01098	0.00796	0.03996	0.00832	0.01007	0.00756	0.00653	0.06982	0.07586	0.11220	0.18902	0.13781	0.03866	0.18107	0.01080	0.00249	0.04332	0.03721	0.00471	0.00564
10	0.01222	0.28698	0.21769	0.01185	0.01577	0.03892	0.02617	0.01607	0.08142	0.01428	0.00953	0.01212	0.00818	0.04554	0.00814	0.00178	0.18004	0.00405	0.00258	0.00669
11	0.01980	0.01459	0.01563	0.01198	0.01615	0.01615	0.00990	0.76713	0.02448	0.03282	0.01250	0.01250	0.00886	0.00625	0.00521	0.00156	0.00573	0.00469	0.00521	0.00886
12	0.01746	0.01412	0.01503	0.02877	0.12718	0.12019	0.01027	0.36188	0.07582	0.09570	0.01496	0.01621	0.04097	0.00651	0.00524	0.00159	0.00592	0.02971	0.00452	0.00797
13	0.01422	0.77770	0.02662	0.00915	0.01351	0.06197	0.00897	0.01587	0.01080	0.01228	0.00728	0.00841	0.00668	0.00450	0.00341	0.00113	0.00577	0.00281	0.00225	0.00665
14	0.37928	0.02795	0.01477	0.17403	0.01925	0.10959	0.13743	0.01597	0.01064	0.03517	0.00860	0.01091	0.00663	0.00503	0.00469	0.00163	0.02555	0.00392	0.00290	0.00605
15	0.00971	0.02544	0.00919	0.00820	0.01005	0.00818	0.00625	0.05535	0.24229	0.02060	0.39656	0.13310	0.03416	0.00995	0.00584	0.00172	0.00327	0.00867	0.00538	0.00607
16	0.01295	0.01119	0.01178	0.01060	0.01354	0.01295	0.00824	0.02767	0.77509	0.02178	0.02120	0.01943	0.01590	0.00707	0.00530	0.00177	0.00412	0.00589	0.00530	0.00824
17	0.01393	0.01152	0.01224	0.01065	0.01374	0.01314	0.00838	0.16174	0.60099	0.02375	0.05675	0.01912	0.01624	0.00709	0.00532	0.00172	0.00433	0.00584	0.00530	0.00819
18	0.01289	0.01237	0.02114	0.03196	0.78450	0.01237	0.01598	0.01598	0.01186	0.01701	0.00980	0.01289	0.00825	0.00464	0.00516	0.00155	0.00619	0.00464	0.00258	0.00825
19	0.00640	0.00457	0.00610	0.00731	0.00764	0.00428	0.00493	0.00734	0.01002	0.01335	0.02867	0.79425	0.03433	0.01627	0.00666	0.00212	0.00307	0.03362	0.00483	0.00424
20	0.00634	0.00455	0.00602	0.00719	0.00754	0.00423	0.00481	0.00726	0.01003	0.01332	0.02942	0.79082	0.05674	0.01622	0.00663	0.00210	0.00301	0.01469	0.00483	0.00423
21	0.00622	0.00524	0.00539	0.00544	0.00709	0.00441	0.00404	0.00756	0.01189	0.01432	0.08293	0.09036	0.71085	0.01325	0.00618	0.00177	0.00265	0.01113	0.00487	0.00441
22	0.01232	0.01316	0.07478	0.21245	0.43774	0.02842	0.08540	0.04334	0.01202	0.01656	0.00977	0.01301	0.00778	0.00485	0.00524	0.00161	0.00676	0.00470	0.00259	0.00749
23	0.00644	0.00460	0.00616	0.00737	0.00771	0.00432	0.00501	0.00742	0.01007	0.01341	0.02865	0.77672	0.03422	0.01622	0.00667	0.00213	0.00311	0.05068	0.00483	0.00426
24	0.01234	0.01381	0.02931	0.02236	0.08677	0.01315	0.67669	0.01677	0.02776	0.01674	0.01063	0.01402	0.00807	0.00455	0.00625	0.00175	0.02325	0.00599	0.00268	0.00712
25	0.05256	0.02283	0.01477	0.01363	0.04147	0.66333	0.01007	0.09250	0.01537	0.01525	0.00851	0.00977	0.00692	0.00541	0.00470	0.00138	0.00872	0.00350	0.00295	0.00637
26	0.83448	0.01046	0.02555	0.00703	0.01036	0.01169	0.00595	0.01534	0.00891	0.02321	0.00730	0.00852	0.00566	0.00484	0.00326	0.00161	0.00411	0.00284	0.00320	0.00569
27	0.03451	0.01427	0.16550	0.01247	0.01727	0.05162	0.11778	0.05121	0.03992	0.41765	0.01574	0.01513	0.01044	0.00579	0.00524	0.00163	0.00598	0.00495	0.00473	0.00814
28	0.01177	0.00839	0.00932	0.00816	0.00970	0.00894	0.00582	0.27741	0.01387	0.01858	0.01634	0.11364	0.01695	0.42040	0.03516	0.00356	0.00528	0.00731	0.00406	0.00534
29	0.00734	0.00532	0.00692	0.00652	0.00776	0.00490	0.00489	0.00976	0.01466	0.02070	0.76240	0.03920	0.06860	0.01071	0.00614	0.00164	0.00246	0.00946	0.00571	0.00490
30	0.01045	0.02694	0.79000	0.01484	0.02254	0.01209	0.01924	0.01649	0.01099	0.01649	0.00935	0.01099	0.00660	0.00495	0.00495	0.00165	0.00770	0.00385	0.00220	0.00770
31	0.02143	0.00960	0.01220	0.00955	0.01338	0.00905	0.00782	0.10973	0.09132	0.59811	0.01956	0.01736	0.01275	0.00647	0.00518	0.00161	0.00448	0.00523	0.03651	0.00866
32	0.00737	0.00532	0.00696	0.00655	0.00778	0.00491	0.00491	0.00983	0.01474	0.02088	0.78175	0.03890	0.04914	0.01065	0.00614	0.00164	0.00246	0.00942	0.00573	0.00491
33	0.00633	0.00528	0.00552	0.00546	0.00714	0.00447	0.00410	0.00782	0.01229	0.01506	0.15866	0.04849	0.67586	0.01282	0.00615	0.00174	0.00261	0.01076	0.00497	0.00447
34	0.00839	0.00599	0.00839	0.00959	0.01079	0.00599	0.00839	0.01079	0.01199	0.01558	0.02757	0.05874	0.02997	0.01439	0.00719	0.00240	0.00480	0.74945	0.00480	0.00480
35	0.01001	0.00937	0.01540	0.75901	0.03459	0.01165	0.01411	0.01413	0.05420	0.01379	0.00994	0.01420	0.00745	0.00531	0.00521	0.00174	0.00678	0.00470	0.00248	0.00593
36	0.00800	0.00641	0.00945	0.00912	0.00992	0.00785	0.00720	0.00976	0.00831	0.01215	0.01294	0.01917	0.01214	0.03480	0.68563	0.00750	0.12669	0.00543	0.00272	0.00480
37	0.01379	0.77698	0.02668	0.00916	0.01338	0.02036	0.00904	0.01543	0.01044	0.01227	0.00722	0.00852	0.00669	0.00470	0.00407	0.00118	0.04834	0.00288	0.00223	0.00663
38	0.06000	0.01152	0.01231	0.01046	0.01381	0.01284	0.00831	0.17157	0.49386	0.09188	0.01829	0.01704	0.01343	0.00662	0.00512	0.00167	0.00445	0.00534	0.00520	0.03629
39	0.08996	0.01012	0.01462	0.57976	0.02955	0.01223	0.01266	0.10690	0.06318	0.01720	0.01027	0.01358	0.00765	0.00542	0.00503	0.00170	0.00633	0.00455	0.00295	0.00631
40	0.00888	0.00533	0.00739	0.00783	0.00875	0.00489	0.02015	0.01001	0.01072	0.12344	0.02719	0.68483	0.03086	0.01468	0.00644	0.00204	0.00333	0.01328	0.00502	0.00494
41	0.85377	0.01007	0.00765	0.00685	0.01007	0.01168	0.00564	0.01531	0.00886	0.02336	0.00725	0.00846	0.00564	0.00483	0.00322	0.00161	0.00403	0.00282	0.00322	0.00564
42	0.01160	0.01077	0.01751	0.04267	0.56679	0.01083	0.01342	0.01499	0.05152	0.01663	0.01594	0.07156	0.06703	0.00684	0.00548	0.00167	0.00554	0.05861	0.00318	0.00741
43	0.00760	0.00554	0.00799	0.00807	0.00893	0.00633	0.00619	0.00937	0.00876	0.01285	0.01576	0.11323	0.01541	0.03292	0.61889	0.00689	0.03088	0.00658	0.07316	0.00464
44	0.27840	0.21117	0.01485	0.00924	0.01276	0.18635	0.00778	0.01853	0.01184	0.17116	0.01031	0.01074	0.00776	0.00521	0.00399	0.00142	0.00564	0.00346	0.02278	0.00661
45	0.85377	0.01007	0.00765	0.00685	0.01007	0.01168	0.00564	0.01531	0.00886	0.02336	0.00725	0.00846	0.00564	0.00483	0.00322	0.00161	0.00403	0.00282	0.00322	0.00564
46	0.13264	0.01259	0.01894	0.02758	0.64069	0.04673	0.01425	0.01610	0.01156	0.01773	0.00936	0.01211	0.00781	0.00470	0.00486	0.00155	0.00602	0.00432	0.00267	0.00778
47	0.01132	0.00942	0.01096	0.00791	0.01248	0.00730	0.00633	0.03187	0.02650	0.03324	0.00980	0.01115	0.00801	0.00403	0.00395	0.00083	0.00392	0.00322	0.00325	0.79451
48	0.00987	0.00931	0.01563	0.78536	0.03533	0.01168	0.01439	0.01329	0.01035	0.01329	0.00920	0.01382	0.00694	0.00530	0.00549	0.00175	0.02629	0.00463	0.00231	0.00578
49	0.01177	0.01022	0.01319	0.00966	0.01401	0.00876	0.07414	0.08817	0.01215	0.01825	0.00995	0.02634	0.00831	0.00461	0.00484	0.00103	0.04034	0.00380	0.00325	0.63723
50	0.85377	0.01007	0.00765	0.00685	0.01007	0.01168	0.00564	0.01531	0.00886	0.02336	0.00725	0.00846	0.00564	0.00483	0.00322	0.00161	0.00403	0.00282	0.00322	0.00564
51	0.76856	0.01053	0.00847	0.00737	0.01069	0.01214	0.00607	0.09212	0.01046	0.02433	0.00779	0.00887	0.00597	0.00498	0.00343	0.00161	0.00420	0.00301	0.00343	0.00597
52	0.00986	0.05115	0.01075	0.00819	0.01116	0.00746	0.03138	0.05965	0.01229	0.01745	0.14003	0.17019	0.06178	0.00840	0.00514	0.00138	0.00382	0.03619	0.00407	0.34964
53	0.00983	0.00926	0.01562	0.80447	0.03587	0.01157	0.01446	0.01331	0.01041	0.01331	0.00926	0.01388	0.00694	0.00521	0.00521	0.00174	0.00694	0.00463	0.00231	0.00579
54	0.02052	0.01314	0.01470	0.01130	0.01541	0.01404	0.00933	0.57412	0.03678	0.21449	0.01461	0.01390	0.00996	0.00631	0.00522	0.00158	0.00539	0.00484	0.00551	0.00885
55	0.01295	0.01119	0.01178	0.01060	0.01354	0.01295	0.00824	0.02767	0.77509	0.02178	0.02120	0.01943	0.01590	0.00707	0.00530	0.00177	0.00412	0.00589	0.00530	0.00824
56	0.00634	0.00453	0.00604	0.00725	0.00755	0.00423	0.00483	0.00725	0.00997	0.01329	0.02870	0.81358	0.03444	0.01632	0.00665	0.00211	0.00302	0.01480	0.00483	0.00423
57	0.00971	0.00485	0.00485	0.00485	0.00607	0.00485	0.00364	0.01213	0.01092	0.01942	0.01699	0.01942	0.01335	0.00607	0.00364	0.00121	0.00243	0.00485	0.84589	0.00485
58	0.00687	0.00530	0.00626	0.00602	0.00747	0.00470	0.00452	0.00885	0.01355	0.01805	0.47865	0.04356	0.35401	0.01170	0.00615	0.00169	0.00253	0.01007	0.00536	0.00470
59	0.01980	0.01459	0.01563	0.01198	0.01615	0.01615	0.00990	0.76713	0.02448	0.03282	0.01250	0.01250	0.00886	0.00625	0.00521	0.00156	0.00573	0.00469	0.00521	0.00886
60	0.01980	0.01459	0.01563	0.01198	0.01615	0.01615	0.00990	0.76713	0.02448	0.03282	0.01250	0.01250	0.00886	0.00625	0.00521	0.00156	0.00573	0.00469	0.00521	0.00886
61	0.01229	0.01405	0.03073	0.02195	0.02722	0.01317	0.76558	0.01668	0.01229	0.01668	0.01054	0.01405	0.00790	0.00439	0.00615	0.00176	0.00878	0.00615	0.00263	0.00702
62	0.00737	0.00532	0.00696	0.00655	0.00778	0.00491	0.00491	0.00983	0.01474	0.02088	0.78175	0.03890	0.04914	0.01065	0.00614	0.00164	0.00246	0.00942	0.00573	0.00491
63	0.85377	0.01007	0.00765	0.00685	0.01007	0.01168	0.00564	0.01531	0.00886	0.02336	0.00725	0.00846	0.00564	0.00483	0.00322	0.00161	0.00403	0.00282	0.00322	0.00564
64	0.00971	0.00485	0.00485	0.00485	0.00607	0.00485	0.00364	0.01213	0.01092	0.01942	0.01699	0.01942	0.01335	0.00607	0.00364	0.00121	0.00243	0.00485	0.84589	0.00485
65	0.01284	0.01252	0.02199	0.03108	0.71730	0.01244	0.08250	0.01604	0.01190	0.01698	0.00986	0.01299	0.00822	0.00462	0.00524	0.00157	0.00642	0.00477	0.00258	0.00814
66	0.00839	0.00599	0.00839	0.00959	0.01079	0.00599	0.00839	0.01079	0.01199	0.01558	0.02757	0.05874	0.02997	0.01439	0.00719	0.00240	0.00480	0.74945	0.00480	0.00480
67	0.82609	0.01003	0.00780	0.00693	0.01018	0.01155	0.00571	0.01564	0.00906	0.04885	0.00769	0.00877	0.00588	0.00489	0.00329	0.00161	0.00404	0.00290	0.00333	0.00575
68	0.00971	0.00485	0.00485	0.00485	0.00607	0.00485	0.00364	0.01213	0.01092	0.01942	0.01699	0.01942	0.01335	0.00607	0.00364	0.00121	0.00243	0.00485	0.84589	0.00485
69	0.01329	0.01240	0.01579	0.13264	0.26845	0.06598	0.01188	0.06076	0.32392	0.01898	0.01439	0.01544	0.01111	0.00585	0.00519	0.00165	0.00565	0.00506	0.00380	0.00777
70	0.00757	0.00505	0.00568	0.00568	0.00568	0.00505	0.00316	0.00757	0.00757	0.01010	0.01641	0.03408	0.01893	0.81698	0.02651	0.00505	0.00505	0.00757	0.00316	0.00316
71	0.00971	0.00485	0.00485	0.00485	0.00607	0.00485	0.00364	0.01213	0.01092	0.01942	0.01699	0.01942	0.01335	0.00607	0.00364	0.00121	0.00243	0.00485	0.84589	0.00485
72	0.02336	0.00886	0.01209	0.00927	0.01329	0.00765	0.00765	0.02538	0.01491	0.78810	0.02055	0.01773	0.01289	0.00645	0.00524	0.00161	0.00443	0.00524	0.00645	0.00886
73	0.01295	0.01119	0.01178	0.01060	0.01354	0.01295	0.00824	0.02767	0.77509	0.02178	0.02120	0.01943	0.01590	0.00707	0.00530	0.00177	0.00412	0.00589	0.00530	0.00824
74	0.85377	0.01007	0.00765	0.00685	0.01007	0.01168	0.00564	0.01531	0.00886	0.02336	0.00725	0.00846	0.00564	0.00483	0.00322	0.00161	0.00403	0.00282	0.00322	0.00564
75	0.01543	0.01242	0.01317	0.01110	0.01449	0.01411	0.00884	0.29514	0.50359	0.02578	0.01805	0.01692	0.01335	0.00677	0.00527	0.00169	0.00470	0.00545	0.00527	0.00846
76	0.00839	0.00599	0.00839	0.00959	0.01079	0.00599	0.00839	0.01079	0.01199	0.01558	0.02757	0.05874	0.02997	0.01439	0.00719	0.00240	0.00480	0.74945	0.00480	0.00480
77	0.85377	0.01007	0.00765	0.00685	0.01007	0.01168	0.00564	0.01531	0.00886	0.02336	0.00725	0.00846	0.00564	0.00483	0.00322	0.00161	0.00403	0.00282	0.00322	0.00564
78	0.00743	0.00499	0.00572	0.00586	0.00590	0.00495	0.00335	0.00754	0.00785	0.01047	0.01783	0.12394	0.02072	0.72468	0.02422	0.00471	0.00482	0.00841	0.00335	0.00328
79	0.01259	0.01200	0.02038	0.03061	0.74307	0.01198	0.01539	0.01565	0.01201	0.01722	0.05097	0.01428	0.01043	0.00496	0.00521	0.00155	0.00599	0.00489	0.00275	0.00807
80	0.09388	0.01720	0.01445	0.01185	0.01544	0.26824	0.00945	0.41881	0.01943	0.06576	0.01102	0.01141	0.00809	0.00585	0.00487	0.00150	0.00670	0.00412	0.00428	0.00766
81	0.01921	0.02442	0.01479	0.01342	0.01603	0.77282	0.01010	0.02055	0.01456	0.01274	0.00801	0.00945	0.00671	0.00548	0.00507	0.00137	0.03318	0.00339	0.00267	0.00603
82	0.00634	0.00453	0.00604	0.00725	0.00755	0.00423	0.00483	0.00725	0.00997	0.01329	0.02870	0.81358	0.03444	0.01632	0.00665	0.00211	0.00302	0.01480	0.00483	0.00423
83	0.01780	0.01360	0.01451	0.01158	0.01539	0.01522	0.00942	0.55157	0.24330	0.02960	0.01504	0.01452	0.01091	0.00649	0.00524	0.00162	0.00526	0.00504	0.00524	0.00868
84	0.01949	0.01327	0.01456	0.01133	0.01531	0.01443	0.00931	0.58020	0.09028	0.13887	0.01452	0.01401	0.01015	0.00635	0.00519	0.00158	0.00534	0.00488	0.02223	0.00872
85	0.85377	0.01007	0.00765	0.00685	0.01007	0.01168	0.00564	0.01531	0.00886	0.02336	0.00725	0.00846	0.00564	0.00483	0.00322	0.00161	0.00403	0.00282	0.00322	0.00564
86	0.01045	0.02694	0.79000	0.01484	0.02254	0.01209	0.01924	0.01649	0.01099	0.01649	0.00935	0.01099	0.00660	0.00495	0.00495	0.00165	0.00770	0.00385	0.00220	0.00770
87	0.00615	0.00528	0.00528	0.00528	0.00703	0.00440	0.00396	0.00747	0.01187	0.01407	0.05276	0.05012	0.78238	0.01319	0.00615	0.00176	0.00264	0.01099	0.00484	0.00440
88	0.00729	0.00532	0.00685	0.00647	0.00773	0.00488	0.00485	0.00968	0.01456	0.02044	0.73474	0.03962	0.09642	0.01081	0.00614	0.00165	0.00247	0.00952	0.00567	0.00488
89	0.01045	0.02694	0.79000	0.01484	0.02254	0.01209	0.01924	0.01649	0.01099	0.01649	0.00935	0.01099	0.00660	0.00495	0.00495	0.00165	0.00770	0.00385	0.00220	0.00770
90	0.01229	0.01405	0.03073	0.02195	0.02722	0.01317	0.76558	0.01668	0.01229	0.01668	0.01054	0.01405	0.00790	0.00439	0.00615	0.00176	0.00878	0.00615	0.00263	0.00702
91	0.00640	0.00459	0.00617	0.00731	0.00765	0.00435	0.00492	0.00736	0.00988	0.01323	0.02792	0.77128	0.03330	0.01753	0.04877	0.00245	0.00360	0.01431	0.00473	0.00425
92	0.00734	0.00532	0.00693	0.00652	0.00776	0.00490	0.00489	0.00978	0.01468	0.02074	0.76620	0.03914	0.06477	0.01070	0.00614	0.00164	0.00246	0.00945	0.00571	0.00490
93	0.01123	0.01116	0.01562	0.01346	0.01347	0.01556	0.01117	0.01236	0.00804	0.01256	0.00756	0.03813	0.00776	0.00935	0.01674	0.00227	0.78064	0.00490	0.00236	0.00565
94	0.02336	0.00886	0.01209	0.00927	0.01329	0.00765	0.00765	0.02538	0.01491	0.78810	0.02055	0.01773	0.01289	0.00645	0.00524	0.00161	0.00443	0.00524	0.00645	0.00886
95	0.01867	0.01392	0.01528	0.01185	0.01582	0.01539	0.02622	0.66588	0.07523	0.03097	0.01320	0.01334	0.00951	0.00686	0.01956	0.00170	0.00575	0.00482	0.02743	0.00859
96	0.01094	0.00976	0.01599	0.57388	0.03002	0.01183	0.05977	0.04560	0.01101	0.04221	0.01021	0.02893	0.00801	0.00641	0.01931	0.00189	0.08661	0.00495	0.01668	0.00603
97	0.00688	0.00511	0.00618	0.00654	0.00734	0.00488	0.00457	0.00794	0.01001	0.01299	0.06058	0.23454	0.23905	0.21812	0.10885	0.00352	0.00484	0.04975	0.00420	0.00412
98	0.01907	0.01330	0.01450	0.01134	0.01527	0.01456	0.00930	0.57499	0.11853	0.11262	0.01458	0.01411	0.01029	0.00637	0.00519	0.00159	0.00531	0.00490	0.02550	0.00868
99	0.01291	0.12804	0.01989	0.03196	0.06762	0.07206	0.20473	0.04628	0.08945	0.01677	0.03346	0.01321	0.00961	0.00524	0.00567	0.00144	0.05775	0.00462	0.00310	0.17619
100	0.00615	0.00528	0.00528	0.00528	0.00703	0.00440	0.00396	0.00747	0.01187	0.01407	0.05276	0.05012	0.78238	0.01319	0.00615	0.00176	0.00264	0.01099	0.00484	0.00440
101	0.00983	0.00926	0.01562	0.80447	0.03587	0.01157	0.01446	0.01331	0.01041	0.01331	0.00926	0.01388	0.00694	0.00521	0.00521	0.00174	0.00694	0.00463	0.00231	0.00579
102	0.01945	0.02482	0.01476	0.01342	0.01610	0.79608	0.01006	0.02079	0.01476	0.01275	0.00805	0.00939	0.00671	0.00537	0.00470	0.00134	0.00939	0.00335	0.00268	0.00604
103	0.00684	0.00530	0.00622	0.00599	0.00745	0.00469	0.00449	0.00880	0.01348	0.01790	0.46263	0.04381	0.37012	0.01176	0.00615	0.00169	0.00254	0.01011	0.00534	0.00469
104	0.00737	0.00532	0.00696	0.00655	0.00778	0.00491	0.00491	0.00983	0.01474	0.02088	0.78175	0.03890	0.04914	0.01065	0.00614	0.00164	0.00246	0.00942	0.00573	0.00491
105	0.00757	0.00505	0.00568	0.00568	0.00568	0.00505	0.00316	0.00757	0.00757	0.01010	0.01641	0.03408	0.01893	0.81698	0.02651	0.00505	0.00505	0.00757	0.00316	0.00316
106	0.00839	0.00599	0.00839	0.00959	0.01079	0.00599	0.00839	0.01079	0.01199	0.01558	0.02757	0.05874	0.02997	0.01439	0.00719	0.00240	0.00480	0.74945	0.00480	0.00480
107	0.85377	0.01007	0.00765	0.00685	0.01007	0.01168	0.00564	0.01531	0.00886	0.02336	0.00725	0.00846	0.00564	0.00483	0.00322	0.00161	0.00403	0.00282	0.00322	0.00564
108	0.00839	0.00599	0.00839	0.00959	0.01079	0.00599	0.00839	0.01079	0.01199	0.01558	0.02757	0.05874	0.02997	0.01439	0.00719	0.00240	0.00480	0.74945	0.00480	0.00480
109	0.85377	0.01007	0.00765	0.00685	0.01007	0.01168	0.00564	0.01531	0.00886	0.02336	0.00725	0.00846	0.00564	0.00483	0.00322	0.00161	0.00403	0.00282	0.00322	0.00564
110	0.01045	0.02694	0.79000	0.01484	0.02254	0.01209	0.01924	0.01649	0.01099	0.01649	0.00935	0.01099	0.00660	0.00495	0.00495	0.00165	0.00770	0.00385	0.00220	0.00770
111	0.01080	0.00926	0.01080	0.00771	0.01234	0.00694	0.00617	0.01311	0.01080	0.01697	0.00926	0.01080	0.00771	0.00386	0.00386	0.00077	0.00386	0.00309	0.00309	0.84882
112	0.00646	0.00461	0.00617	0.00738	0.00773	0.00433	0.00503	0.00745	0.01008	0.01342	0.02864	0.77181	0.03420	0.01621	0.00668	0.00213	0.00312	0.05546	0.00483	0.00426
113	0.01945	0.02482	0.01476	0.01342	0.01610	0.79608	0.01006	0.02079	0.01476	0.01275	0.00805	0.00939	0.00671	0.00537	0.00470	0.00134	0.00939	0.00335	0.00268	0.00604
114	0.01945	0.02482	0.01476	0.01342	0.01610	0.79608	0.01006	0.02079	0.01476	0.01275	0.00805	0.00939	0.00671	0.00537	0.00470	0.00134	0.00939	0.00335	0.00268	0.00604
115	0.00744	0.00556	0.00828	0.00828	0.00918	0.00646	0.00640	0.00924	0.00834	0.01202	0.01403	0.02091	0.01322	0.06498	0.77069	0.00826	0.01365	0.00565	0.00280	0.00460
116	0.03350	0.01578	0.01491	0.01326	0.06311	0.24391	0.04641	0.20687	0.14468	0.12245	0.01442	0.01446	0.03033	0.00612	0.00511	0.00155	0.00643	0.00477	0.00431	0.00762
117	0.02257	0.01042	0.01283	0.00990	0.01392	0.03276	0.00815	0.16530	0.01671	0.62238	0.01865	0.01649	0.01194	0.00638	0.00522	0.00159	0.00482	0.00508	0.00610	0.00878
118	0.00686	0.00493	0.00650	0.00690	0.00767	0.00457	0.00487	0.00854	0.01235	0.01708	0.40442	0.42707	0.04177	0.01349	0.00640	0.00188	0.00274	0.01212	0.00528	0.00457
119	0.00751	0.00547	0.00708	0.00666	0.00793	0.00512	0.00500	0.01028	0.03421	0.02091	0.76227	0.03840	0.04829	0.01055	0.00612	0.00164	0.00250	0.00933	0.00572	0.00500
120	0.01099	0.10601	0.63512	0.01497	0.02209	0.01307	0.09445	0.01642	0.01109	0.01608	0.00925	0.01104	0.00674	0.00484	0.00491	0.00161	0.00759	0.00398	0.00225	0.00752
121	0.05643	0.00903	0.01198	0.00922	0.01322	0.00799	0.00762	0.04013	0.01486	0.74215	0.01985	0.01725	0.01252	0.00638	0.00516	0.00161	0.00444	0.00513	0.00629	0.00873
122	0.00660	0.00529	0.00589	0.00574	0.00730	0.00458	0.00430	0.00833	0.01291	0.01654	0.31740	0.04605	0.51620	0.01227	0.00615	0.00171	0.00257	0.01042	0.00516	0.00458
123	0.05754	0.01139	0.03685	0.41362	0.06630	0.01246	0.22751	0.01451	0.01073	0.01501	0.00933	0.01330	0.00719	0.00526	0.00639	0.00177	0.07715	0.00494	0.00246	0.00628
124	0.00870	0.00628	0.00740	0.00686	0.00864	0.00596	0.00523	0.01238	0.11178	0.06546	0.42459	0.03839	0.25708	0.01067	0.00598	0.00169	0.00284	0.00917	0.00546	0.00543
125	0.00810	0.00576	0.00796	0.00909	0.01011	0.00573	0.00767	0.01018	0.01150	0.01500	0.02709	0.14893	0.02990	0.05904	0.00820	0.00251	0.00459	0.61928	0.00471	0.00464
126	0.01148	0.00978	0.01083	0.01002	0.01251	0.01099	0.02074	0.02285	0.58064	0.01985	0.02409	0.12307	0.06234	0.00893	0.00564	0.00184	0.00402	0.04794	0.00514	0.00731
127	0.59895	0.01043	0.00984	0.02681	0.06571	0.02495	0.00710	0.03440	0.03008	0.13523	0.00992	0.01064	0.00727	0.00516	0.00382	0.00161	0.00444	0.00347	0.00372	0.00645
128	0.01270	0.01025	0.01346	0.08464	0.01544	0.01087	0.07428	0.25540	0.01447	0.01979	0.01382	0.11259	0.01311	0.14649	0.00977	0.00220	0.06098	0.00630	0.00383	0.11961
129	0.01062	0.00853	0.00982	0.00724	0.01131	0.00660	0.00576	0.01295	0.01082	0.01737	0.01052	0.01221	0.00864	0.00422	0.00382	0.00084	0.00362	0.00338	0.14130	0.71042
130	0.00757	0.00505	0.00568	0.00568	0.00568	0.00505	0.00316	0.00757	0.00757	0.01010	0.01641	0.03408	0.01893	0.81698	0.02651	0.00505	0.00505	0.00757	0.00316	0.00316
131	0.09092	0.01335	0.02671	0.03673	0.02459	0.01300	0.61100	0.05285	0.01240	0.01787	0.01062	0.03045	0.00826	0.00488	0.00602	0.00175	0.02300	0.00589	0.00285	0.00687
132	0.00640	0.00466	0.00603	0.00701	0.00752	0.00429	0.00475	0.00745	0.01048	0.01389	0.08227	0.68634	0.10849	0.01562	0.00656	0.00205	0.00295	0.01407	0.00490	0.00429
133	0.01980	0.01459	0.01563	0.01198	0.01615	0.01615	0.00990	0.76713	0.02448	0.03282	0.01250	0.01250	0.00886	0.00625	0.00521	0.00156	0.00573	0.00469	0.00521	0.00886
134	0.01036	0.00881	0.01032	0.00763	0.01186	0.00668	0.00602	0.01254	0.01075	0.01662	0.01162	0.07518	0.02455	0.00502	0.00412	0.00090	0.00377	0.00416	0.00326	0.76582
135	0.01337	0.01218	0.01945	0.15547	0.55289	0.01278	0.01487	0.12226	0.01342	0.01865	0.01009	0.01300	0.00812	0.00496	0.00517	0.00158	0.00625	0.00464	0.00291	0.00793
136	0.01072	0.01021	0.01700	0.54449	0.21784	0.01216	0.01456	0.01389	0.01055	0.01415	0.00917	0.01342	0.00725	0.00541	0.00625	0.00174	0.07779	0.00462	0.00238	0.00638
137	0.00621	0.00528	0.00535	0.00533	0.00707	0.00442	0.00400	0.00758	0.01200	0.01437	0.08481	0.04962	0.75014	0.01308	0.00615	0.00175	0.00263	0.01092	0.00488	0.00442
138	0.01295	0.01119	0.01178	0.01060	0.01354	0.01295	0.00824	0.02767	0.77509	0.02178	0.02120	0.01943	0.01590	0.00707	0.00530	0.00177	0.00412	0.00589	0.00530	0.00824
139	0.00707	0.00525	0.00658	0.00637	0.00762	0.00476	0.00473	0.00919	0.01384	0.01903	0.58833	0.10189	0.18296	0.01156	0.00618	0.00170	0.00253	0.01013	0.00550	0.00476
140	0.01980	0.01459	0.01563	0.01198	0.01615	0.01615	0.00990	0.76713	0.02448	0.03282	0.01250	0.01250	0.00886	0.00625	0.00521	0.00156	0.00573	0.00469	0.00521	0.00886
141	0.01295	0.01119	0.01178	0.01060	0.01354	0.01295	0.00824	0.02767	0.77509	0.02178	0.02120	0.01943	0.01590	0.00707	0.00530	0.00177	0.00412	0.00589	0.00530	0.00824

[dist]
# distance from previous block
# <min> <max>
0	23

[block]
# block no. 3 follows, 47 sequences, length 90
# corresponding to MSA columns:
# 289-378
name=unknown_D
#
# <colnr> <probs for GDERKNQSTAVLIFYWHMCP>
#	G	D	E	R	K	N	Q	S	T	A	V	L	I	F	Y	W	H	M	C	P
0	0.00737	0.00532	0.00696	0.00655	0.00778	0.00491	0.00491	0.00983	0.01474	0.02088	0.78175	0.03890	0.04914	0.01065	0.00614	0.00164	0.00246	0.00942	0.00573	0.00491
1	0.85377	0.01007	0.00765	0.00685	0.01007	0.01168	0.00564	0.01531	0.00886	0.02336	0.00725	0.00846	0.00564	0.00483	0.00322	0.00161	0.00403	0.00282	0.00322	0.00564
2	0.00637	0.00528	0.00558	0.00551	0.00717	0.00449	0.00413	0.00790	0.01239	0.01530	0.18437	0.04809	0.65000	0.01273	0.00615	0.00174	0.00261	0.01071	0.00500	0.00449
3	0.00654	0.00542	0.00574	0.00564	0.00732	0.00469	0.00423	0.00837	0.02938	0.01554	0.19112	0.04730	0.62548	0.01257	0.00613	0.00174	0.00264	0.01058	0.00502	0.00458
4	0.01126	0.01092	0.01481	0.01235	0.01338	0.01396	0.01024	0.01266	0.00860	0.01352	0.00737	0.01126	0.00703	0.00795	0.01416	0.00194	0.62943	0.00423	0.00246	0.19247
5	0.03676	0.00967	0.01314	0.16875	0.01810	0.00957	0.00925	0.11433	0.01507	0.52451	0.01703	0.01613	0.01106	0.00614	0.00519	0.00163	0.00509	0.00500	0.00540	0.00818
6	0.00615	0.00528	0.00528	0.00528	0.00703	0.00440	0.00396	0.00747	0.01187	0.01407	0.05276	0.05012	0.78238	0.01319	0.00615	0.00176	0.00264	0.01099	0.00484	0.00440
7	0.01625	0.01869	0.01312	0.01252	0.04013	0.50088	0.00909	0.07919	0.05980	0.01517	0.01339	0.17136	0.01304	0.00771	0.00518	0.00155	0.00740	0.00595	0.00347	0.00611
8	0.01412	0.01266	0.01977	0.06566	0.59414	0.01309	0.01469	0.16623	0.01432	0.02000	0.01031	0.01286	0.00831	0.00499	0.00517	0.00156	0.00613	0.00465	0.00309	0.00825
9	0.00658	0.00470	0.00591	0.00677	0.00713	0.00441	0.00442	0.00733	0.00964	0.01271	0.02818	0.59230	0.09282	0.17885	0.01064	0.00268	0.00340	0.01302	0.00449	0.00403
10	0.03708	0.02582	0.01579	0.01352	0.04962	0.08242	0.05162	0.01625	0.01049	0.16857	0.01014	0.01264	0.00819	0.00764	0.01163	0.01824	0.42642	0.00457	0.00322	0.02612
11	0.12524	0.12949	0.01534	0.01189	0.04341	0.34910	0.00916	0.10952	0.06277	0.03272	0.01126	0.01209	0.03814	0.00577	0.00477	0.00145	0.02400	0.00394	0.00331	0.00663
12	0.01390	0.79718	0.02685	0.00896	0.01337	0.02039	0.00889	0.01594	0.03226	0.01252	0.00764	0.00867	0.00694	0.00453	0.00340	0.00113	0.00553	0.00287	0.00231	0.00673
13	0.00651	0.00467	0.00619	0.00717	0.00763	0.00435	0.00489	0.00764	0.01065	0.01431	0.12485	0.68808	0.04971	0.01550	0.00658	0.00205	0.00297	0.02697	0.00495	0.00433
14	0.01083	0.00936	0.01124	0.00803	0.01267	0.00708	0.02283	0.01319	0.01083	0.01696	0.00928	0.01087	0.00772	0.00387	0.00391	0.00079	0.00396	0.00315	0.00308	0.83035
15	0.45863	0.01536	0.01110	0.01020	0.02800	0.28016	0.00785	0.03202	0.04066	0.01915	0.00819	0.00952	0.00658	0.00535	0.00462	0.00156	0.04867	0.00329	0.00309	0.00599
16	0.00696	0.00511	0.00653	0.00659	0.00764	0.00468	0.00479	0.00889	0.01317	0.01813	0.50219	0.24370	0.12745	0.01242	0.00628	0.00178	0.00263	0.01101	0.00540	0.00468
17	0.01948	0.02396	0.01483	0.01330	0.01610	0.73081	0.01005	0.08325	0.01557	0.01443	0.00842	0.00965	0.00689	0.00544	0.00474	0.00136	0.00908	0.00347	0.00289	0.00627
18	0.00634	0.00453	0.00604	0.00725	0.00755	0.00423	0.00483	0.00725	0.00997	0.01329	0.02870	0.81358	0.03444	0.01632	0.00665	0.00211	0.00302	0.01480	0.00483	0.00423
19	0.02336	0.00886	0.01209	0.00927	0.01329	0.00765	0.00765	0.02538	0.01491	0.78810	0.02055	0.01773	0.01289	0.00645	0.00524	0.00161	0.00443	0.00524	0.00645	0.00886
20	0.00717	0.00516	0.00678	0.00669	0.00773	0.00478	0.00490	0.00931	0.01379	0.01936	0.63099	0.19399	0.04620	0.01178	0.00624	0.00173	0.00257	0.01050	0.00555	0.00478
21	0.01980	0.01459	0.01563	0.01198	0.01615	0.01615	0.00990	0.76713	0.02448	0.03282	0.01250	0.01250	0.00886	0.00625	0.00521	0.00156	0.00573	0.00469	0.00521	0.00886
22	0.00634	0.00455	0.00603	0.00721	0.00754	0.00423	0.00482	0.00726	0.01001	0.01331	0.02918	0.79843	0.04929	0.01625	0.00664	0.00211	0.00301	0.01473	0.00483	0.00423
23	0.01139	0.01139	0.01595	0.01367	0.01367	0.01595	0.01139	0.01253	0.00798	0.01253	0.00684	0.01139	0.00684	0.00911	0.01709	0.00228	0.80745	0.00456	0.00228	0.00570
24	0.02336	0.00886	0.01209	0.00927	0.01329	0.00765	0.00765	0.02538	0.01491	0.78810	0.02055	0.01773	0.01289	0.00645	0.00524	0.00161	0.00443	0.00524	0.00645	0.00886
25	0.01080	0.00926	0.01080	0.00771	0.01234	0.00694	0.00617	0.01311	0.01080	0.01697	0.00926	0.01080	0.00771	0.00386	0.00386	0.00077	0.00386	0.00309	0.00309	0.84882
26	0.01072	0.20370	0.01298	0.00801	0.01050	0.01041	0.00663	0.01534	0.16574	0.05313	0.36048	0.04361	0.06179	0.00847	0.00527	0.00155	0.00365	0.00710	0.00477	0.00615
27	0.01229	0.01405	0.03073	0.02195	0.02722	0.01317	0.76558	0.01668	0.01229	0.01668	0.01054	0.01405	0.00790	0.00439	0.00615	0.00176	0.00878	0.00615	0.00263	0.00702
28	0.01329	0.46737	0.31048	0.01115	0.01678	0.01652	0.01267	0.01662	0.01104	0.06847	0.00896	0.01000	0.00709	0.00478	0.00407	0.00135	0.00628	0.00335	0.00251	0.00721
29	0.00622	0.00511	0.00547	0.00573	0.00716	0.00437	0.00417	0.00747	0.01150	0.01402	0.05999	0.21749	0.60564	0.01383	0.00626	0.00183	0.00272	0.01180	0.00485	0.00437
30	0.00983	0.00926	0.01562	0.80447	0.03587	0.01157	0.01446	0.01331	0.01041	0.01331	0.00926	0.01388	0.00694	0.00521	0.00521	0.00174	0.00694	0.00463	0.00231	0.00579
31	0.00971	0.00485	0.00485	0.00485	0.00607	0.00485	0.00364	0.01213	0.01092	0.01942	0.01699	0.01942	0.01335	0.00607	0.00364	0.00121	0.00243	0.00485	0.84589	0.00485
32	0.01223	0.01386	0.02969	0.02137	0.02627	0.01336	0.71266	0.01639	0.01199	0.01639	0.01028	0.01386	0.00783	0.00472	0.00691	0.00179	0.06482	0.00603	0.00261	0.00693
33	0.00615	0.00528	0.00528	0.00528	0.00703	0.00440	0.00396	0.00747	0.01187	0.01407	0.05276	0.05012	0.78238	0.01319	0.00615	0.00176	0.00264	0.01099	0.00484	0.00440
34	0.00819	0.00586	0.00811	0.00898	0.01019	0.00578	0.00770	0.01060	0.01254	0.01665	0.17856	0.05477	0.03381	0.01364	0.00698	0.00225	0.00433	0.60129	0.00498	0.00482
35	0.01080	0.00926	0.01080	0.00771	0.01234	0.00694	0.00617	0.01311	0.01080	0.01697	0.00926	0.01080	0.00771	0.00386	0.00386	0.00077	0.00386	0.00309	0.00309	0.84882
36	0.02245	0.00938	0.01229	0.00952	0.01349	0.00854	0.00783	0.07233	0.06563	0.68993	0.02008	0.01751	0.01283	0.00647	0.00524	0.00162	0.00449	0.00525	0.00629	0.00882
37	0.02311	0.00927	0.01233	0.00946	0.01349	0.00825	0.00781	0.07761	0.01558	0.73492	0.01998	0.01736	0.01261	0.00643	0.00524	0.00161	0.00452	0.00520	0.00636	0.00886
38	0.01004	0.00946	0.01598	0.75353	0.08523	0.01162	0.01456	0.01348	0.01051	0.01355	0.00929	0.01382	0.00703	0.00517	0.00520	0.00172	0.00689	0.00463	0.00233	0.00595
39	0.02336	0.00886	0.01209	0.00927	0.01329	0.00765	0.00765	0.02538	0.01491	0.78810	0.02055	0.01773	0.01289	0.00645	0.00524	0.00161	0.00443	0.00524	0.00645	0.00886
