[name]
unknown

[dist]
# distance from previous block
# <min> <max>
51	97

[block]
# block no. 0 follows, 43 sequences, length 41
# corresponding to MSA columns:
# 148-188
name=unknown_A
#
# <colnr> <probs for GDERKNQSTAVLIFYWHMCP>
#	G	D	E	R	K	N	Q	S	T	A	V	L	I	F	Y	W	H	M	C	P
0	0.04827	0.05868	0.12530	0.01087	0.01469	0.01123	0.01000	0.06680	0.17448	0.16323	0.04781	0.06289	0.03465	0.00831	0.00597	0.00183	0.02581	0.08444	0.00484	0.03990
1	0.01057	0.00759	0.00910	0.00832	0.00967	0.00807	0.00604	0.16103	0.01321	0.01808	0.12803	0.07544	0.02224	0.29828	0.19522	0.00471	0.00719	0.00769	0.00423	0.00531
2	0.01481	0.80869	0.02902	0.00948	0.01421	0.02191	0.00948	0.01658	0.01125	0.01303	0.00770	0.00888	0.00711	0.00474	0.00355	0.00118	0.00592	0.00296	0.00237	0.00711
3	0.01176	0.01008	0.01220	0.02663	0.01412	0.00797	0.02464	0.04191	0.01205	0.01851	0.01043	0.02799	0.00882	0.00452	0.00431	0.00093	0.00436	0.00372	0.00338	0.75169
4	0.01168	0.14834	0.66195	0.01482	0.02247	0.01425	0.01878	0.01739	0.01163	0.01685	0.00960	0.01126	0.00703	0.00518	0.00500	0.00167	0.00784	0.00392	0.00234	0.00802
5	0.00675	0.00482	0.00643	0.00771	0.00803	0.00450	0.00514	0.00771	0.01060	0.01414	0.03053	0.80175	0.03663	0.01735	0.00707	0.00225	0.00321	0.01574	0.00514	0.00450
6	0.01111	0.01084	0.01662	0.65059	0.03396	0.04449	0.01473	0.01436	0.01090	0.01401	0.00943	0.01420	0.00736	0.00613	0.00730	0.00191	0.11860	0.00486	0.00247	0.00615
7	0.01490	0.01077	0.01229	0.02719	0.01369	0.01146	0.00826	0.38367	0.01856	0.04641	0.03501	0.21933	0.03280	0.05205	0.03894	0.00230	0.00544	0.02387	0.00510	0.03796
8	0.00784	0.00566	0.00740	0.00697	0.00827	0.00523	0.00523	0.01045	0.01568	0.02221	0.76789	0.04137	0.05226	0.01132	0.00653	0.00174	0.00261	0.01002	0.00610	0.00523
9	0.00685	0.00486	0.00640	0.00759	0.00788	0.00456	0.00501	0.00774	0.01041	0.01388	0.02954	0.74412	0.03539	0.07667	0.00866	0.00248	0.00338	0.01517	0.00501	0.00441
10	0.01115	0.02595	0.65518	0.01616	0.02370	0.01259	0.09974	0.01719	0.01205	0.01780	0.04940	0.01359	0.00952	0.00551	0.00547	0.00177	0.00802	0.00467	0.00258	0.00795
11	0.00674	0.00484	0.00640	0.00765	0.00802	0.00450	0.00511	0.00772	0.01067	0.01416	0.03131	0.77867	0.05920	0.01725	0.00705	0.00224	0.00320	0.01562	0.00514	0.00450
12	0.02485	0.00943	0.01285	0.00985	0.01414	0.00814	0.00814	0.02699	0.01585	0.77465	0.02185	0.01885	0.01371	0.00685	0.00557	0.00171	0.00471	0.00557	0.00685	0.00943
13	0.01489	0.01245	0.01315	0.01150	0.01483	0.01430	0.00904	0.14016	0.64827	0.02497	0.02113	0.01953	0.01576	0.00738	0.00562	0.00185	0.00465	0.00607	0.00562	0.00887
14	0.08026	0.65135	0.05042	0.00994	0.01441	0.05803	0.00972	0.01674	0.01123	0.01414	0.00780	0.00916	0.00702	0.00503	0.00424	0.00130	0.03665	0.00310	0.00248	0.00698
15	0.01866	0.03553	0.15363	0.01256	0.01747	0.01480	0.01172	0.46471	0.04011	0.11244	0.05240	0.01514	0.01179	0.00664	0.00550	0.00168	0.00609	0.00513	0.00506	0.00891
16	0.01111	0.02865	0.77667	0.01579	0.02397	0.01286	0.02046	0.01754	0.01169	0.01754	0.00994	0.01169	0.00702	0.00526	0.00526	0.00175	0.00818	0.00409	0.00234	0.00818
17	0.00675	0.00482	0.00643	0.00771	0.00803	0.00450	0.00514	0.00771	0.01060	0.01414	0.03053	0.80175	0.03663	0.01735	0.00707	0.00225	0.00321	0.01574	0.00514	0.00450
18	0.00844	0.00646	0.00972	0.00937	0.01062	0.00705	0.04473	0.02895	0.01010	0.01426	0.01851	0.13151	0.03537	0.04756	0.52628	0.00669	0.01146	0.03742	0.03039	0.00510
19	0.01098	0.02776	0.74686	0.01544	0.02336	0.01257	0.01987	0.01726	0.01185	0.01772	0.03931	0.01284	0.00877	0.00550	0.00531	0.00175	0.00797	0.00432	0.00248	0.00807
20	0.00687	0.00500	0.00633	0.00728	0.00781	0.00462	0.00488	0.00787	0.01084	0.01427	0.06068	0.61340	0.12980	0.08202	0.00873	0.00244	0.00332	0.01437	0.00503	0.00445
21	0.03244	0.02357	0.50999	0.01708	0.05387	0.01364	0.12629	0.09313	0.01323	0.01939	0.01033	0.01237	0.00753	0.00547	0.00594	0.00178	0.03848	0.00458	0.00278	0.00810
22	0.03068	0.03696	0.12177	0.32011	0.13704	0.13601	0.04498	0.03928	0.01251	0.01604	0.00967	0.01299	0.00756	0.00561	0.00598	0.00174	0.04681	0.00457	0.00267	0.00703
23	0.00655	0.00561	0.00561	0.00561	0.00748	0.00468	0.00421	0.00795	0.01262	0.01496	0.05610	0.05330	0.76857	0.01403	0.00655	0.00187	0.00281	0.01169	0.00514	0.00468
24	0.00675	0.00482	0.00643	0.00771	0.00803	0.00450	0.00514	0.00771	0.01060	0.01414	0.03053	0.80175	0.03663	0.01735	0.00707	0.00225	0.00321	0.01574	0.00514	0.00450
25	0.00802	0.00550	0.00671	0.00671	0.00694	0.00573	0.00419	0.00849	0.00825	0.01124	0.01684	0.03284	0.01866	0.62599	0.20554	0.00620	0.00759	0.00756	0.00326	0.00373
26	0.84448	0.01071	0.00814	0.00728	0.01071	0.01242	0.00600	0.01628	0.00943	0.02485	0.00771	0.00900	0.00600	0.00514	0.00343	0.00171	0.00428	0.00300	0.00343	0.00600
27	0.01224	0.01053	0.01375	0.09174	0.04774	0.00942	0.04687	0.01689	0.12091	0.03818	0.01210	0.01363	0.00956	0.00488	0.00470	0.00119	0.00487	0.00418	0.00359	0.53303
28	0.02105	0.01551	0.01662	0.01274	0.01717	0.01717	0.01053	0.75235	0.02604	0.03490	0.01330	0.01330	0.00942	0.00665	0.00554	0.00166	0.00609	0.00499	0.00554	0.00942
29	0.00834	0.00628	0.00901	0.00882	0.01003	0.00702	0.00681	0.02661	0.00949	0.01364	0.01541	0.06134	0.01477	0.05568	0.66783	0.00789	0.01326	0.00633	0.00316	0.04827
30	0.00788	0.00529	0.00609	0.00627	0.00631	0.00525	0.00360	0.00801	0.00840	0.01120	0.01922	0.13992	0.02237	0.69864	0.02533	0.00495	0.00508	0.00910	0.00360	0.00351
31	0.02105	0.01551	0.01662	0.01274	0.01717	0.01717	0.01053	0.75235	0.02604	0.03490	0.01330	0.01330	0.00942	0.00665	0.00554	0.00166	0.00609	0.00499	0.00554	0.00942
32	0.01148	0.00984	0.01148	0.00820	0.01312	0.00738	0.00656	0.01395	0.01148	0.01805	0.00984	0.01148	0.00820	0.00410	0.00410	0.00082	0.00410	0.00328	0.00328	0.83922
33	0.00683	0.00488	0.00651	0.00775	0.00812	0.00456	0.00523	0.00787	0.01078	0.01440	0.04889	0.76520	0.03691	0.01715	0.00707	0.00224	0.00324	0.03267	0.00516	0.00453
34	0.00679	0.00491	0.00644	0.00764	0.00809	0.00456	0.00518	0.00782	0.01079	0.01425	0.03217	0.73352	0.08450	0.01708	0.00705	0.00223	0.00324	0.03407	0.00514	0.00453
35	0.01371	0.01316	0.02248	0.03399	0.77081	0.01316	0.01700	0.01700	0.01261	0.01809	0.01042	0.01371	0.00877	0.00493	0.00548	0.00164	0.00658	0.00493	0.00274	0.00877
36	0.02105	0.01551	0.01662	0.01274	0.01717	0.01717	0.01053	0.75235	0.02604	0.03490	0.01330	0.01330	0.00942	0.00665	0.00554	0.00166	0.00609	0.00499	0.00554	0.00942
37	0.00699	0.00561	0.00618	0.00623	0.00780	0.00489	0.00466	0.00860	0.01290	0.01619	0.18689	0.08910	0.52359	0.04884	0.00759	0.00206	0.00302	0.04887	0.00524	0.00473
38	0.01756	0.01045	0.01239	0.01029	0.01398	0.01044	0.00826	0.05666	0.30233	0.30363	0.02077	0.03696	0.01543	0.00739	0.00554	0.00171	0.00456	0.04175	0.00575	0.11415
39	0.04791	0.01383	0.01605	0.14673	0.21842	0.13381	0.01189	0.12852	0.05595	0.01944	0.03359	0.04073	0.01142	0.04742	0.00653	0.00183	0.00655	0.00529	0.00356	0.05052
40	0.07387	0.01191	0.01636	0.37105	0.17353	0.05965	0.01320	0.05459	0.03682	0.05630	0.01093	0.01391	0.00834	0.00548	0.00523	0.00167	0.00660	0.00465	0.00316	0.07275

[dist]
# distance from previous block
# <min> <max>
3	8

[block]
# block no. 1 follows, 43 sequences, length 82
# corresponding to MSA columns:
# 204-285
name=unknown_B
#
# <colnr> <probs for GDERKNQSTAVLIFYWHMCP>
#	G	D	E	R	K	N	Q	S	T	A	V	L	I	F	Y	W	H	M	C	P
0	0.01459	0.63651	0.09524	0.01090	0.01590	0.01965	0.05833	0.01701	0.01170	0.04392	0.02693	0.01070	0.00853	0.00502	0.00405	0.00131	0.00622	0.00357	0.00266	0.00727
1	0.03322	0.02377	0.04177	0.12067	0.01547	0.02577	0.00917	0.07504	0.01102	0.01566	0.01286	0.01864	0.01153	0.07062	0.38567	0.00544	0.06893	0.00541	0.01871	0.03065
2	0.09675	0.00809	0.00938	0.00828	0.01068	0.00800	0.00645	0.10005	0.03654	0.15880	0.25700	0.11321	0.10888	0.03192	0.00657	0.00191	0.00382	0.02161	0.00559	0.00647
3	0.00888	0.02682	0.04970	0.00953	0.01133	0.00695	0.00841	0.01193	0.04048	0.01731	0.13432	0.09287	0.09664	0.01366	0.00706	0.00226	0.00460	0.44679	0.00505	0.00540
4	0.03433	0.02884	0.02955	0.00769	0.00963	0.02941	0.00620	0.01085	0.01234	0.05057	0.12302	0.06021	0.42332	0.03028	0.04483	0.00228	0.07727	0.00941	0.00467	0.00531
5	0.36123	0.01555	0.27089	0.01036	0.01477	0.01079	0.01090	0.01487	0.01064	0.01995	0.01448	0.14250	0.03257	0.00788	0.00493	0.00186	0.00545	0.04050	0.00346	0.00643
6	0.01255	0.18245	0.35637	0.01484	0.02079	0.01447	0.14670	0.01769	0.05193	0.03792	0.05973	0.01431	0.01093	0.00574	0.00564	0.00168	0.03079	0.00486	0.00297	0.00765
7	0.01415	0.62099	0.09584	0.01039	0.01494	0.04927	0.01046	0.01635	0.01140	0.01376	0.03120	0.01070	0.00867	0.00632	0.02694	0.00154	0.04407	0.00348	0.00252	0.00701
8	0.00854	0.02920	0.01004	0.00863	0.01073	0.02147	0.06541	0.01035	0.01184	0.01558	0.08211	0.23925	0.24242	0.03483	0.05732	0.00236	0.00472	0.02567	0.00446	0.11507
9	0.04582	0.08705	0.51443	0.01521	0.02219	0.01370	0.09530	0.06558	0.01288	0.06197	0.01071	0.01222	0.00767	0.00533	0.00522	0.00171	0.00764	0.00436	0.00290	0.00809
10	0.08810	0.02146	0.49688	0.01404	0.02025	0.01146	0.07116	0.01634	0.01197	0.03902	0.07032	0.06482	0.01333	0.00679	0.00548	0.00181	0.00698	0.02922	0.00315	0.00741
11	0.01046	0.00984	0.01661	0.79205	0.03814	0.01230	0.01538	0.01415	0.01107	0.01415	0.00984	0.01477	0.00738	0.00554	0.00554	0.00185	0.00738	0.00492	0.00246	0.00615
12	0.01283	0.36200	0.33400	0.01300	0.01892	0.01622	0.06958	0.01668	0.01161	0.02960	0.01063	0.06205	0.00920	0.00580	0.00474	0.00155	0.00691	0.00457	0.00265	0.00745
13	0.09263	0.22275	0.11606	0.01118	0.01538	0.01277	0.09011	0.01664	0.01197	0.14331	0.01681	0.08697	0.06631	0.00969	0.06214	0.00218	0.00641	0.00593	0.00376	0.00700
14	0.00789	0.00533	0.00623	0.00638	0.00647	0.00534	0.00375	0.00810	0.00840	0.01125	0.01889	0.12720	0.02180	0.67269	0.06352	0.00517	0.00559	0.00887	0.00355	0.00357
15	0.00660	0.00540	0.00583	0.00616	0.00763	0.00463	0.00445	0.00789	0.01209	0.01474	0.04937	0.25034	0.57587	0.01490	0.00668	0.00197	0.00291	0.01276	0.00514	0.00463
16	0.06169	0.07687	0.22686	0.03436	0.03303	0.01402	0.01270	0.25867	0.03760	0.17091	0.01342	0.01363	0.00937	0.00604	0.00521	0.00168	0.00629	0.00463	0.00442	0.00860
17	0.03021	0.01094	0.03060	0.08609	0.09929	0.03464	0.04577	0.03873	0.05921	0.21482	0.01937	0.05853	0.05579	0.00853	0.00733	0.00194	0.09465	0.09165	0.00454	0.00737
18	0.00675	0.00482	0.00643	0.00771	0.00803	0.00450	0.00514	0.00771	0.01060	0.01414	0.03053	0.80175	0.03663	0.01735	0.00707	0.00225	0.00321	0.01574	0.00514	0.00450
19	0.01111	0.02865	0.77667	0.01579	0.02397	0.01286	0.02046	0.01754	0.01169	0.01754	0.00994	0.01169	0.00702	0.00526	0.00526	0.00175	0.00818	0.00409	0.00234	0.00818
20	0.02102	0.01525	0.01642	0.01262	0.01702	0.01683	0.01042	0.71519	0.04112	0.05711	0.01375	0.01362	0.00971	0.00667	0.00554	0.00167	0.00602	0.00503	0.00558	0.00941
21	0.01053	0.00999	0.01707	0.76998	0.03788	0.01235	0.03649	0.01425	0.01113	0.01425	0.00988	0.01477	0.00741	0.00551	0.00557	0.00185	0.00744	0.00497	0.00247	0.00619
22	0.00805	0.00537	0.00604	0.00604	0.00604	0.00537	0.00336	0.00805	0.00805	0.01074	0.01745	0.03624	0.02013	0.80536	0.02819	0.00537	0.00537	0.00805	0.00336	0.00336
23	0.00718	0.00504	0.00649	0.00747	0.00778	0.00482	0.00496	0.00802	0.01014	0.01349	0.02741	0.57851	0.03250	0.20078	0.01202	0.00299	0.00383	0.05758	0.00472	0.00427
24	0.00800	0.00556	0.00703	0.00703	0.00737	0.00590	0.00458	0.00869	0.00835	0.01147	0.01655	0.03125	0.01797	0.54217	0.28841	0.00659	0.00863	0.00732	0.00322	0.00390
25	0.00675	0.00482	0.00643	0.00771	0.00803	0.00450	0.00514	0.00771	0.01060	0.01414	0.03053	0.80175	0.03663	0.01735	0.00707	0.00225	0.00321	0.01574	0.00514	0.00450
26	0.02485	0.00943	0.01285	0.00985	0.01414	0.00814	0.00814	0.02699	0.01585	0.77465	0.02185	0.01885	0.01371	0.00685	0.00557	0.00171	0.00471	0.00557	0.00685	0.00943
27	0.02485	0.00943	0.01285	0.00985	0.01414	0.00814	0.00814	0.02699	0.01585	0.77465	0.02185	0.01885	0.01371	0.00685	0.00557	0.00171	0.00471	0.00557	0.00685	0.00943
28	0.01481	0.80869	0.02902	0.00948	0.01421	0.02191	0.00948	0.01658	0.01125	0.01303	0.00770	0.00888	0.00711	0.00474	0.00355	0.00118	0.00592	0.00296	0.00237	0.00711
29	0.02485	0.00943	0.01285	0.00985	0.01414	0.00814	0.00814	0.02699	0.01585	0.77465	0.02185	0.01885	0.01371	0.00685	0.00557	0.00171	0.00471	0.00557	0.00685	0.00943
30	0.01096	0.01040	0.01734	0.64829	0.12429	0.01272	0.01535	0.01444	0.01108	0.01457	0.00974	0.01446	0.00754	0.00575	0.00639	0.00186	0.06096	0.00492	0.00249	0.00646
31	0.02142	0.01452	0.01596	0.01228	0.01665	0.01575	0.01013	0.62639	0.04387	0.14365	0.01480	0.01431	0.01025	0.00670	0.00555	0.00168	0.00585	0.00511	0.00574	0.00940
32	0.01293	0.01101	0.01168	0.01052	0.01345	0.01248	0.00817	0.04617	0.62322	0.02272	0.07859	0.02473	0.08344	0.00832	0.00577	0.00186	0.00417	0.00696	0.00562	0.00818
33	0.00671	0.00498	0.00626	0.00729	0.00792	0.00453	0.00495	0.00776	0.01101	0.01430	0.03570	0.65047	0.18457	0.01668	0.00696	0.00217	0.00313	0.01492	0.00514	0.00453
34	0.01144	0.01037	0.01661	0.71999	0.03621	0.01276	0.01493	0.08241	0.01246	0.01607	0.01016	0.01463	0.00757	0.00564	0.00554	0.00183	0.00726	0.00493	0.00275	0.00645
35	0.84448	0.01071	0.00814	0.00728	0.01071	0.01242	0.00600	0.01628	0.00943	0.02485	0.00771	0.00900	0.00600	0.00514	0.00343	0.00171	0.00428	0.00300	0.00343	0.00600
36	0.01005	0.00602	0.00921	0.15509	0.01328	0.00652	0.00694	0.02645	0.00839	0.01108	0.00975	0.01636	0.00919	0.01636	0.01823	0.66115	0.00533	0.00484	0.00249	0.00328
37	0.01046	0.00984	0.01661	0.79205	0.03814	0.01230	0.01538	0.01415	0.01107	0.01415	0.00984	0.01477	0.00738	0.00554	0.00554	0.00185	0.00738	0.00492	0.00246	0.00615
38	0.01148	0.00984	0.01148	0.00820	0.01312	0.00738	0.00656	0.01395	0.01148	0.01805	0.00984	0.01148	0.00820	0.00410	0.00410	0.00082	0.00410	0.00328	0.00328	0.83922
39	0.02018	0.01508	0.01613	0.01257	0.01684	0.01677	0.01032	0.66556	0.11425	0.03349	0.01441	0.01418	0.01032	0.00675	0.00555	0.00169	0.00589	0.00514	0.00555	0.00934
40	0.00791	0.00593	0.00890	0.00890	0.00989	0.00692	0.00692	0.00989	0.00890	0.01286	0.01483	0.02176	0.01385	0.04154	0.78341	0.00890	0.01483	0.00593	0.00297	0.00494
41	0.01060	0.00999	0.01686	0.75932	0.06978	0.01234	0.01545	0.01427	0.01114	0.01432	0.00987	0.01472	0.00744	0.00551	0.00553	0.00184	0.00735	0.00492	0.00247	0.00627
42	0.01835	0.11597	0.10956	0.01369	0.01743	0.51198	0.01168	0.05589	0.04992	0.01544	0.00948	0.01077	0.00769	0.00576	0.00520	0.00149	0.02598	0.00378	0.00298	0.00696
43	0.00771	0.00566	0.00722	0.00683	0.00819	0.00517	0.00512	0.01020	0.01537	0.02147	0.69527	0.04259	0.12534	0.01160	0.00653	0.00175	0.00263	0.01019	0.00600	0.00517
44	0.00675	0.00482	0.00643	0.00771	0.00803	0.00450	0.00514	0.00771	0.01060	0.01414	0.03053	0.80175	0.03663	0.01735	0.00707	0.00225	0.00321	0.01574	0.00514	0.00450
45	0.00689	0.00501	0.00670	0.00789	0.00820	0.00482	0.00532	0.00786	0.01055	0.01412	0.02993	0.78150	0.03588	0.01715	0.00735	0.00225	0.02353	0.01546	0.00507	0.00454
46	0.33333	0.03571	0.01462	0.07903	0.01675	0.01304	0.08212	0.09663	0.02630	0.15972	0.01164	0.01285	0.00848	0.00606	0.00597	0.00179	0.08026	0.00443	0.00404	0.00724
47	0.00766	0.00558	0.00720	0.00695	0.00820	0.00512	0.00515	0.01004	0.01502	0.02100	0.65445	0.11157	0.09724	0.01205	0.00658	0.00180	0.00268	0.01065	0.00595	0.00512
48	0.01046	0.00984	0.01661	0.79205	0.03814	0.01230	0.01538	0.01415	0.01107	0.01415	0.00984	0.01477	0.00738	0.00554	0.00554	0.00185	0.00738	0.00492	0.00246	0.00615
49	0.01344	0.03007	0.09194	0.19912	0.37432	0.05756	0.01542	0.04679	0.08369	0.01793	0.01134	0.01409	0.00896	0.00545	0.00543	0.00170	0.00687	0.00486	0.00302	0.00798
50	0.01382	0.01598	0.11616	0.04680	0.60712	0.06865	0.01694	0.01737	0.01268	0.01761	0.01021	0.01321	0.00840	0.00504	0.00542	0.00165	0.00704	0.00473	0.00269	0.00847
51	0.00687	0.00487	0.00639	0.00755	0.00784	0.00458	0.00497	0.00774	0.01036	0.01382	0.02929	0.72927	0.03507	0.09196	0.00907	0.00254	0.00342	0.01502	0.00497	0.00439
52	0.17835	0.06942	0.01580	0.01413	0.09058	0.30546	0.01025	0.13502	0.03955	0.03980	0.01002	0.01130	0.00793	0.00589	0.00540	0.00160	0.04478	0.00398	0.00352	0.00723
53	0.00704	0.00563	0.00629	0.00613	0.00778	0.00488	0.00459	0.00890	0.01378	0.01772	0.32677	0.04876	0.49619	0.01300	0.00654	0.00182	0.00273	0.01105	0.00551	0.00488
54	0.01163	0.01022	0.01348	0.15247	0.01850	0.00884	0.04034	0.03443	0.01188	0.01778	0.01000	0.01228	0.00809	0.00446	0.00451	0.00108	0.00498	0.00377	0.00317	0.62810
55	0.01032	0.00516	0.00516	0.00516	0.00645	0.00516	0.00387	0.01290	0.01161	0.02065	0.01807	0.02065	0.01420	0.00645	0.00387	0.00129	0.00258	0.00516	0.83611	0.00516
56	0.02105	0.01551	0.01662	0.01274	0.01717	0.01717	0.01053	0.75235	0.02604	0.03490	0.01330	0.01330	0.00942	0.00665	0.00554	0.00166	0.00609	0.00499	0.00554	0.00942
57	0.07996	0.01331	0.01445	0.06130	0.03958	0.05578	0.00980	0.31922	0.13949	0.15504	0.04495	0.01615	0.01252	0.00672	0.00541	0.00171	0.00562	0.00526	0.00522	0.00851
58	0.01329	0.01396	0.06327	0.08100	0.60447	0.01318	0.09540	0.01692	0.01251	0.01777	0.01044	0.01380	0.00855	0.00496	0.00559	0.00169	0.00701	0.00506	0.00271	0.00843
59	0.00674	0.00484	0.00640	0.00765	0.00802	0.00450	0.00512	0.00772	0.01066	0.01416	0.03123	0.78110	0.05682	0.01726	0.00705	0.00224	0.00320	0.01563	0.00514	0.00450
60	0.01864	0.01385	0.01514	0.01196	0.03220	0.01471	0.00958	0.56900	0.02246	0.03090	0.01303	0.01354	0.00955	0.00620	0.00520	0.00150	0.00555	0.00473	0.06317	0.13908
61	0.01499	0.01184	0.01272	0.01122	0.01450	0.01345	0.00879	0.05953	0.66852	0.08569	0.02210	0.02020	0.01633	0.00742	0.00563	0.00186	0.00448	0.00615	0.00573	0.00885
62	0.01256	0.02389	0.58479	0.01466	0.02164	0.01197	0.03949	0.01799	0.01227	0.10049	0.04732	0.01399	0.00999	0.00581	0.00578	0.00174	0.03315	0.00461	0.00306	0.03479
63	0.01469	0.78445	0.05225	0.00967	0.01452	0.02163	0.00982	0.01661	0.01127	0.01317	0.00777	0.00897	0.00710	0.00475	0.00361	0.00120	0.00599	0.00300	0.00237	0.00714
64	0.00686	0.00490	0.00656	0.00784	0.00822	0.00460	0.00534	0.00791	0.01072	0.01427	0.03046	0.76246	0.03638	0.01724	0.00710	0.00227	0.00331	0.05389	0.00514	0.00453
65	0.01111	0.02865	0.77667	0.01579	0.02397	0.01286	0.02046	0.01754	0.01169	0.01754	0.00994	0.01169	0.00702	0.00526	0.00526	0.00175	0.00818	0.00409	0.00234	0.00818
66	0.01735	0.00808	0.01063	0.00883	0.01179	0.00731	0.00701	0.05825	0.01578	0.41725	0.25115	0.10029	0.04326	0.00935	0.00602	0.00177	0.00396	0.00799	0.00635	0.00757
67	0.01120	0.02799	0.74120	0.01615	0.02421	0.01292	0.05527	0.01755	0.01176	0.01755	0.01000	0.01185	0.00708	0.00523	0.00532	0.00176	0.00824	0.00421	0.00236	0.00815
68	0.00655	0.00561	0.00561	0.00561	0.00748	0.00468	0.00421	0.00795	0.01262	0.01496	0.05610	0.05330	0.76857	0.01403	0.00655	0.00187	0.00281	0.01169	0.00514	0.00468
69	0.00805	0.00540	0.00618	0.00618	0.00622	0.00544	0.00353	0.00814	0.00809	0.01084	0.01733	0.03555	0.01984	0.76895	0.06419	0.00554	0.00582	0.00795	0.00334	0.00343
70	0.00678	0.00485	0.00646	0.00769	0.00804	0.00452	0.00514	0.00780	0.01076	0.01439	0.05344	0.77812	0.03712	0.01716	0.00705	0.00223	0.00319	0.01557	0.00517	0.00452
71	0.01142	0.01105	0.01546	0.01345	0.01356	0.01520	0.01106	0.01266	0.00851	0.01314	0.00867	0.01450	0.00870	0.05560	0.10586	0.00332	0.66437	0.00514	0.00253	0.00579
72	0.00687	0.00491	0.00657	0.00785	0.00823	0.00460	0.00536	0.00792	0.01073	0.01428	0.03046	0.75986	0.03636	0.01723	0.00710	0.00227	0.00332	0.05641	0.00514	0.00453
73	0.00689	0.00495	0.00653	0.00756	0.00805	0.00460	0.00513	0.00808	0.01133	0.01522	0.12843	0.68179	0.05795	0.01647	0.00698	0.00217	0.00312	0.01488	0.00527	0.00460
74	0.01379	0.13132	0.02650	0.09153	0.07971	0.06912	0.36438	0.03809	0.01263	0.01645	0.00994	0.01324	0.00796	0.00547	0.00709	0.00177	0.09576	0.00530	0.00274	0.00722
75	0.01362	0.20331	0.38619	0.01389	0.01983	0.12421	0.05412	0.04160	0.01262	0.01648	0.00982	0.01162	0.00764	0.00634	0.02812	0.00178	0.00794	0.00401	0.02936	0.00750
76	0.01053	0.00870	0.01018	0.00965	0.01099	0.08128	0.00745	0.05103	0.01059	0.03762	0.01427	0.02082	0.01319	0.09263	0.55507	0.00705	0.04458	0.00577	0.00322	0.00538
77	0.02002	0.01448	0.01572	0.01219	0.01637	0.01582	0.01000	0.66208	0.02448	0.05746	0.03481	0.04662	0.01182	0.00717	0.00560	0.00167	0.00579	0.00555	0.00553	0.02681
78	0.01871	0.01424	0.01600	0.11100	0.01936	0.01597	0.01084	0.57459	0.09342	0.03074	0.01465	0.01504	0.02615	0.00675	0.00557	0.00171	0.00602	0.00524	0.00515	0.00884
79	0.02916	0.05548	0.40365	0.05391	0.04584	0.05077	0.12685	0.08766	0.01320	0.01859	0.01009	0.01232	0.00753	0.00558	0.00617	0.00176	0.05627	0.00456	0.00278	0.00781
80	0.03674	0.04330	0.41051	0.01650	0.07928	0.04964	0.09661	0.05761	0.03232	0.07677	0.01134	0.01283	0.00823	0.00538	0.00531	0.00168	0.00747	0.00452	0.00311	0.04084
81	0.01541	0.04964	0.08831	0.03495	0.12816	0.03389	0.01105	0.27853	0.01720	0.06019	0.01730	0.08149	0.07348	0.00745	0.00548	0.00165	0.00572	0.00612	0.02218	0.06181

[dist]
# distance from previous block
# <min> <max>
7	19

[block]
# block no. 2 follows, 43 sequences, length 13
# corresponding to MSA columns:
# 306-318
name=unknown_C
#
# <colnr> <probs for GDERKNQSTAVLIFYWHMCP>
#	G	D	E	R	K	N	Q	S	T	A	V	L	I	F	Y	W	H	M	C	P
0	0.04556	0.01593	0.09521	0.01226	0.03741	0.12500	0.01030	0.29511	0.07324	0.02473	0.11377	0.01853	0.05059	0.00715	0.00546	0.00163	0.00599	0.00559	0.00459	0.05194
1	0.00938	0.00945	0.10936	0.00954	0.01163	0.00724	0.00816	0.08456	0.01239	0.01689	0.02380	0.45794	0.02662	0.01390	0.00736	0.04650	0.00449	0.08857	0.00457	0.04765
2	0.02804	0.10401	0.29544	0.05856	0.12047	0.03449	0.09968	0.10903	0.01401	0.04540	0.03258	0.01341	0.00926	0.00552	0.00531	0.00167	0.00726	0.00471	0.00315	0.00798
3	0.00989	0.00652	0.00847	0.04948	0.01066	0.00649	0.00625	0.01134	0.01188	0.11482	0.10193	0.30278	0.18757	0.07728	0.00915	0.00229	0.06186	0.01098	0.00497	0.00536
4	0.60396	0.01185	0.04980	0.09503	0.11432	0.01253	0.00918	0.01621	0.01014	0.02245	0.00841	0.01037	0.00656	0.00516	0.00402	0.00172	0.00511	0.00351	0.00318	0.00649
5	0.11783	0.00847	0.08922	0.00837	0.01024	0.00668	0.00688	0.01052	0.01118	0.01701	0.12271	0.44855	0.02973	0.04528	0.00707	0.00213	0.00393	0.01125	0.00460	0.03836
6	0.01844	0.09065	0.01759	0.15639	0.02075	0.17278	0.01136	0.39889	0.01979	0.02469	0.01117	0.01248	0.00836	0.00607	0.00524	0.00160	0.00711	0.00450	0.00413	0.00799
7	0.01416	0.01647	0.07921	0.14419	0.16143	0.14748	0.23681	0.05455	0.01357	0.01728	0.01078	0.03083	0.00865	0.00544	0.00570	0.00170	0.00807	0.00530	0.00292	0.03544
8	0.03255	0.00567	0.00844	0.00843	0.02714	0.00565	0.03543	0.00829	0.00806	0.01113	0.01251	0.08775	0.01320	0.12117	0.01971	0.57771	0.00496	0.00622	0.00282	0.00318
9	0.01302	0.01262	0.02033	0.21308	0.54023	0.04177	0.01608	0.01631	0.01237	0.01693	0.01090	0.01559	0.00922	0.00548	0.00556	0.00172	0.00685	0.03126	0.00276	0.00793
10	0.07411	0.11228	0.01072	0.00796	0.00994	0.00881	0.00630	0.01331	0.09328	0.01980	0.38374	0.14561	0.05042	0.01064	0.00592	0.00178	0.00353	0.03091	0.00516	0.00579
11	0.01217	0.01366	0.04745	0.01582	0.01913	0.11262	0.30611	0.01514	0.01265	0.01656	0.09453	0.15476	0.01770	0.00829	0.00755	0.00188	0.09320	0.00773	0.00353	0.03954
12	0.02689	0.00927	0.01098	0.01023	0.03826	0.00945	0.00760	0.09520	0.20500	0.19135	0.04278	0.19015	0.11882	0.01018	0.00602	0.00188	0.00421	0.00869	0.00561	0.00742

[dist]
# distance from previous block
# <min> <max>
4	8

[block]
# block no. 3 follows, 43 sequences, length 24
# corresponding to MSA columns:
# 327-350
name=unknown_D
#
# <colnr> <probs for GDERKNQSTAVLIFYWHMCP>
#	G	D	E	R	K	N	Q	S	T	A	V	L	I	F	Y	W	H	M	C	P
0	0.01435	0.01582	0.17458	0.04309	0.23955	0.04540	0.05674	0.05988	0.10040	0.09843	0.06747	0.03310	0.01345	0.00635	0.00562	0.00173	0.00641	0.00561	0.00387	0.00815
1	0.19656	0.13353	0.50178	0.01302	0.01967	0.01403	0.01572	0.01713	0.01113	0.01853	0.00913	0.01070	0.00680	0.00516	0.00462	0.00167	0.00700	0.00369	0.00258	0.00755
2	0.00794	0.00532	0.00690	0.00754	0.00832	0.00493	0.00526	0.00924	0.01167	0.05142	0.14195	0.51228	0.08853	0.07148	0.00840	0.00235	0.00340	0.04304	0.00524	0.00480
3	0.01135	0.01292	0.08963	0.23037	0.10209	0.01188	0.26914	0.01538	0.03127	0.01612	0.01298	0.08882	0.01139	0.03194	0.02367	0.01709	0.00764	0.00657	0.00297	0.00679
4	0.01887	0.03277	0.01791	0.01373	0.03103	0.01632	0.07154	0.55458	0.06121	0.03026	0.01298	0.01358	0.00950	0.00649	0.00614	0.00168	0.04526	0.00505	0.00494	0.04614
5	0.01080	0.00770	0.00933	0.00925	0.01125	0.00783	0.00750	0.03230	0.17467	0.07491	0.11076	0.09626	0.14079	0.01232	0.00669	0.00211	0.00419	0.26967	0.00547	0.00622
6	0.00722	0.00555	0.00631	0.00641	0.00767	0.00498	0.00462	0.00865	0.01231	0.01577	0.19358	0.11763	0.38627	0.14716	0.01030	0.00250	0.00336	0.05012	0.00504	0.00457
7	0.00694	0.00493	0.00653	0.00773	0.00808	0.00465	0.00522	0.00792	0.01055	0.01404	0.02964	0.71667	0.03535	0.06715	0.00844	0.00246	0.00344	0.05080	0.00503	0.00446
8	0.01371	0.01316	0.02248	0.03399	0.77081	0.01316	0.01700	0.01700	0.01261	0.01809	0.01042	0.01371	0.00877	0.00493	0.00548	0.00164	0.00658	0.00493	0.00274	0.00877
9	0.78437	0.01088	0.00865	0.00760	0.01109	0.01250	0.00626	0.04850	0.01034	0.04764	0.00838	0.00948	0.00638	0.00526	0.00358	0.00171	0.00438	0.00316	0.00362	0.00625
10	0.72465	0.01089	0.00880	0.00770	0.01112	0.01252	0.00632	0.08631	0.01112	0.02560	0.00876	0.00998	0.00673	0.00535	0.00365	0.00169	0.00437	0.00330	0.04486	0.00628
11	0.61899	0.01158	0.01004	0.00852	0.01208	0.01319	0.00700	0.18411	0.01350	0.02703	0.04302	0.01143	0.00885	0.00576	0.00405	0.00170	0.00462	0.00377	0.00403	0.00674
12	0.01109	0.00655	0.00862	0.00852	0.01038	0.00605	0.00694	0.01330	0.01385	0.15657	0.20685	0.09892	0.14312	0.01276	0.00680	0.00208	0.00397	0.27217	0.00567	0.00582
13	0.00725	0.00523	0.00651	0.00704	0.00763	0.00499	0.00472	0.00828	0.01067	0.01421	0.11095	0.37975	0.12486	0.21167	0.06739	0.00339	0.00445	0.01201	0.00465	0.00435
14	0.01421	0.01180	0.01254	0.01121	0.01439	0.01355	0.00874	0.02933	0.73148	0.05276	0.02251	0.02059	0.01678	0.00749	0.00563	0.00187	0.00440	0.00623	0.00568	0.00879
15	0.00721	0.00513	0.00668	0.00732	0.00790	0.00481	0.00499	0.00857	0.01187	0.01622	0.25113	0.49545	0.03966	0.09526	0.00904	0.00241	0.00325	0.01324	0.00525	0.00460
16	0.18053	0.01249	0.06114	0.04623	0.08365	0.01212	0.00997	0.17458	0.08218	0.20659	0.06441	0.01631	0.01299	0.00650	0.00518	0.00172	0.00525	0.00512	0.00490	0.00814
17	0.01344	0.01240	0.01944	0.14145	0.49052	0.01314	0.01497	0.05028	0.13170	0.01900	0.01285	0.01616	0.01046	0.00576	0.00557	0.00173	0.00629	0.02318	0.00334	0.00832
18	0.00694	0.00550	0.00618	0.00652	0.00788	0.00485	0.00479	0.00834	0.01212	0.01509	0.08707	0.20740	0.47191	0.06129	0.00802	0.00220	0.00322	0.07098	0.00509	0.00463
19	0.00897	0.00738	0.01118	0.01024	0.01169	0.02429	0.07615	0.03003	0.00991	0.01383	0.01518	0.05645	0.01448	0.08181	0.59331	0.00738	0.01289	0.00648	0.00314	0.00521
20	0.05696	0.01781	0.17116	0.05142	0.04125	0.06186	0.41805	0.06618	0.01347	0.01873	0.01061	0.01351	0.00795	0.00513	0.00610	0.00180	0.02209	0.00547	0.00291	0.00754
21	0.09073	0.00705	0.00814	0.00830	0.00968	0.00718	0.00611	0.10836	0.01307	0.01861	0.07700	0.45313	0.06842	0.03826	0.00714	0.00218	0.00384	0.06240	0.00503	0.00537
22	0.00718	0.00527	0.00661	0.00736	0.00804	0.00497	0.00501	0.00877	0.03491	0.01516	0.11622	0.54297	0.11951	0.08022	0.00862	0.00239	0.00331	0.01370	0.00512	0.00464
23	0.05859	0.00990	0.01242	0.00990	0.01371	0.00942	0.00806	0.09516	0.07761	0.53113	0.04405	0.02067	0.01520	0.03998	0.00649	0.00190	0.00477	0.02607	0.00626	0.00871

[dist]
# distance from previous block
# <min> <max>
0	2

[block]
# block no. 4 follows, 43 sequences, length 15
# corresponding to MSA columns:
# 353-367
name=unknown_E
#
# <colnr> <probs for GDERKNQSTAVLIFYWHMCP>
#	G	D	E	R	K	N	Q	S	T	A	V	L	I	F	Y	W	H	M	C	P
0	0.00720	0.00501	0.00629	0.00714	0.00735	0.00480	0.00453	0.00783	0.00973	0.01297	0.02603	0.53840	0.03096	0.28844	0.01433	0.00332	0.00395	0.01310	0.00453	0.00411
1	0.01875	0.01415	0.01508	0.01204	0.01600	0.01579	0.00979	0.53843	0.20930	0.03133	0.01582	0.01547	0.01151	0.00686	0.00549	0.00170	0.00551	0.00531	0.04261	0.00907
2	0.65809	0.01042	0.00921	0.00787	0.01149	0.01145	0.00649	0.01872	0.01089	0.19536	0.01093	0.01124	0.00775	0.00553	0.00391	0.00171	0.00438	0.00358	0.00421	0.00678
3	0.01240	0.01145	0.01912	0.02724	0.56922	0.01142	0.04127	0.01499	0.01159	0.01641	0.01205	0.01888	0.01134	0.18695	0.01069	0.00250	0.00641	0.00570	0.00288	0.00749
4	0.00743	0.00536	0.00708	0.00785	0.00865	0.00505	0.00577	0.00909	0.01228	0.01654	0.21314	0.42875	0.07191	0.03261	0.00748	0.00223	0.00344	0.14522	0.00533	0.00477
5	0.00749	0.00528	0.00664	0.00707	0.00763	0.00502	0.00476	0.00868	0.01132	0.01537	0.21981	0.33047	0.05626	0.24524	0.01309	0.00303	0.00375	0.03983	0.00487	0.00438
6	0.01125	0.00833	0.01030	0.06155	0.01299	0.00875	0.00781	0.20699	0.01569	0.02103	0.11825	0.33751	0.02876	0.01266	0.00658	0.00204	0.00445	0.11380	0.00518	0.00609
7	0.01155	0.02553	0.60747	0.01750	0.02510	0.01312	0.18653	0.01758	0.01201	0.01758	0.01023	0.01243	0.00733	0.00513	0.00555	0.00178	0.00845	0.00465	0.00244	0.00802
8	0.02054	0.01410	0.18680	0.01200	0.03787	0.00980	0.01124	0.02475	0.07322	0.52208	0.01887	0.01722	0.01230	0.00649	0.00550	0.00173	0.00553	0.00527	0.00562	0.00907
9	0.05489	0.00861	0.01101	0.00878	0.01248	0.00753	0.00716	0.02221	0.01485	0.57060	0.02905	0.02627	0.18505	0.00841	0.00570	0.00175	0.00426	0.00685	0.00632	0.00820
10	0.01673	0.01974	0.01400	0.06124	0.06508	0.50888	0.00973	0.01810	0.01347	0.01325	0.01078	0.01649	0.01021	0.18750	0.01033	0.00236	0.00856	0.00476	0.00294	0.00586
11	0.00830	0.00568	0.00852	0.00852	0.00928	0.00644	0.00644	0.00928	0.00852	0.01212	0.01365	0.02064	0.01288	0.03647	0.61018	0.19765	0.01255	0.00568	0.00284	0.00437
12	0.01245	0.01698	0.19699	0.02334	0.22262	0.01317	0.32562	0.01684	0.01234	0.01744	0.01150	0.05210	0.00952	0.00569	0.00645	0.00182	0.03864	0.00594	0.00278	0.00778
13	0.00875	0.18825	0.01143	0.00720	0.00950	0.00878	0.00601	0.01038	0.01232	0.01502	0.08072	0.10759	0.41900	0.01217	0.00602	0.00181	0.00377	0.08142	0.00456	0.00529
14	0.01711	0.01245	0.04205	0.09071	0.40944	0.01193	0.01392	0.07463	0.01439	0.23730	0.01387	0.01519	0.01007	0.00568	0.00551	0.00169	0.00612	0.00509	0.00410	0.00876

[dist]
# distance from previous block
# <min> <max>
0	3

[block]
# block no. 5 follows, 43 sequences, length 10
# corresponding to MSA columns:
# 371-375,380-384
name=unknown_F
#
# <colnr> <probs for GDERKNQSTAVLIFYWHMCP>
#	G	D	E	R	K	N	Q	S	T	A	V	L	I	F	Y	W	H	M	C	P
0	0.01299	0.01223	0.01713	0.16908	0.33638	0.08813	0.03143	0.01593	0.01217	0.01708	0.01146	0.01485	0.00932	0.00573	0.00598	0.00165	0.05786	0.00488	0.16862	0.00711
1	0.01176	0.08014	0.57656	0.01685	0.02428	0.01372	0.16510	0.01751	0.01194	0.01727	0.01004	0.01214	0.00730	0.00511	0.00540	0.00174	0.00826	0.00450	0.00243	0.00797
2	0.00936	0.00585	0.00739	0.00743	0.00876	0.00532	0.00544	0.01093	0.01267	0.10645	0.20063	0.28950	0.16978	0.07890	0.00845	0.00228	0.00348	0.05676	0.00541	0.00523
3	0.00995	0.00739	0.00859	0.00814	0.00984	0.00734	0.00611	0.15681	0.01521	0.02022	0.19957	0.25548	0.18238	0.04960	0.00754	0.00210	0.00374	0.03902	0.00535	0.00565
4	0.01279	0.17025	0.02120	0.11818	0.43892	0.01383	0.01385	0.01571	0.01244	0.01690	0.08124	0.01655	0.03355	0.00581	0.00523	0.00159	0.00607	0.00520	0.00301	0.00768
5	0.01315	0.01423	0.08294	0.10223	0.58301	0.01312	0.07649	0.01684	0.01243	0.01765	0.01039	0.01374	0.00847	0.00500	0.00556	0.00169	0.00701	0.00500	0.00269	0.00838
6	0.63159	0.00977	0.00824	0.00744	0.01043	0.01107	0.00600	0.01585	0.05255	0.02423	0.15990	0.01609	0.01582	0.00650	0.00417	0.00173	0.00396	0.00458	0.00408	0.00600
7	0.67855	0.01428	0.16116	0.00898	0.01335	0.01251	0.00888	0.01653	0.00988	0.02339	0.00816	0.00953	0.00620	0.00517	0.00379	0.00172	0.00506	0.00322	0.00321	0.00643
8	0.01271	0.01475	0.08072	0.12277	0.20179	0.01362	0.40805	0.01694	0.01245	0.01719	0.01062	0.01430	0.00822	0.00506	0.00649	0.00182	0.03646	0.00572	0.00270	0.00761
9	0.00836	0.00525	0.00716	0.00775	0.00837	0.00498	0.00547	0.00904	0.01095	0.04254	0.12990	0.42502	0.03176	0.03794	0.01047	0.16885	0.00372	0.07332	0.00474	0.00439

[dist]
# distance from previous block
# <min> <max>
0	1

[block]
# block no. 6 follows, 43 sequences, length 14
# corresponding to MSA columns:
# 386-399
name=unknown_G
#
# <colnr> <probs for GDERKNQSTAVLIFYWHMCP>
#	G	D	E	R	K	N	Q	S	T	A	V	L	I	F	Y	W	H	M	C	P
0	0.01970	0.00816	0.01110	0.00929	0.01248	0.00717	0.00739	0.02160	0.01456	0.55426	0.04783	0.19827	0.02071	0.00964	0.00601	0.00186	0.00432	0.03122	0.00639	0.00804
1	0.02834	0.00626	0.00743	0.00730	0.00903	0.00571	0.00540	0.01188	0.04260	0.12310	0.12077	0.28581	0.29880	0.01332	0.00647	0.00195	0.00328	0.01153	0.00547	0.00554
2	0.05830	0.01966	0.01469	0.01378	0.04981	0.41933	0.01021	0.09942	0.18495	0.01887	0.01326	0.01538	0.01079	0.00661	0.00527	0.00163	0.00765	0.03921	0.00390	0.00729
3	0.00750	0.00489	0.00671	0.00763	0.00794	0.00464	0.00516	0.00780	0.01009	0.01350	0.05522	0.57520	0.03102	0.01749	0.01036	0.19171	0.00360	0.03091	0.00456	0.00407
4	0.01349	0.05301	0.57833	0.01488	0.02209	0.01416	0.01783	0.18392	0.01493	0.02131	0.01062	0.01196	0.00756	0.00556	0.00526	0.00171	0.00763	0.00426	0.00306	0.00843
5	0.01843	0.01359	0.01493	0.01137	0.01586	0.01407	0.00931	0.49367	0.05706	0.06533	0.01326	0.01345	0.00967	0.00605	0.00518	0.00146	0.00544	0.00464	0.00503	0.22220
6	0.05169	0.19117	0.01997	0.51244	0.06016	0.01460	0.04672	0.01508	0.01119	0.01473	0.00934	0.01312	0.00736	0.00527	0.00503	0.00168	0.00696	0.00446	0.00251	0.00652
7	0.01717	0.00740	0.01017	0.00861	0.01112	0.00662	0.00667	0.01827	0.01346	0.41739	0.14366	0.08290	0.02096	0.01122	0.00949	0.19136	0.00427	0.00693	0.00559	0.00676
8	0.10000	0.00964	0.01209	0.00923	0.01358	0.00838	0.00758	0.02301	0.01425	0.53178	0.01778	0.01624	0.01173	0.00607	0.00503	0.00151	0.00453	0.00481	0.00572	0.19703
9	0.00876	0.00587	0.02579	0.00745	0.00850	0.00520	0.00552	0.01049	0.01163	0.05343	0.09485	0.45188	0.03066	0.02712	0.00657	0.00201	0.00333	0.04249	0.19341	0.00505
10	0.00755	0.00490	0.00662	0.00743	0.00770	0.00467	0.00493	0.00776	0.00988	0.01324	0.06059	0.52738	0.02999	0.07891	0.01199	0.19194	0.00371	0.01239	0.00443	0.00397
11	0.02045	0.00927	0.01334	0.18681	0.01918	0.00889	0.00958	0.02297	0.01476	0.55201	0.06911	0.01943	0.01486	0.00686	0.00563	0.00175	0.00518	0.00572	0.00581	0.00840
12	0.02218	0.01067	0.01734	0.01291	0.01749	0.00947	0.17631	0.02490	0.01522	0.60323	0.01944	0.01796	0.01251	0.00636	0.00579	0.00175	0.00576	0.00579	0.00594	0.00898
13	0.01254	0.01209	0.02092	0.29797	0.47942	0.01290	0.05180	0.01604	0.01210	0.01670	0.01026	0.01414	0.00827	0.00513	0.00555	0.00173	0.00699	0.00501	0.00265	0.00780

[dist]
# distance from previous block
# <min> <max>
0	3

[block]
# block no. 7 follows, 43 sequences, length 37
# corresponding to MSA columns:
# 403-420,424-442
name=unknown_H
#
# <colnr> <probs for GDERKNQSTAVLIFYWHMCP>
#	G	D	E	R	K	N	Q	S	T	A	V	L	I	F	Y	W	H	M	C	P
0	0.01359	0.01425	0.02775	0.02493	0.22808	0.01419	0.45093	0.05617	0.01325	0.01838	0.01077	0.01428	0.00846	0.00527	0.00717	0.00184	0.07410	0.00588	0.00290	0.00781
1	0.77505	0.01092	0.00863	0.00766	0.01111	0.01264	0.00628	0.03978	0.04967	0.02507	0.00867	0.00975	0.00668	0.00531	0.00361	0.00172	0.00435	0.00323	0.00361	0.00625
2	0.00725	0.00507	0.00646	0.00723	0.00751	0.00492	0.00467	0.00799	0.00981	0.01317	0.04127	0.50189	0.03053	0.26788	0.05495	0.00358	0.00450	0.01267	0.00448	0.00418
3	0.02166	0.00909	0.01236	0.01032	0.03347	0.00811	0.00817	0.03539	0.03008	0.61095	0.07335	0.04774	0.01795	0.00792	0.00580	0.00178	0.00461	0.04605	0.00650	0.00871
4	0.60045	0.01028	0.00949	0.07059	0.01300	0.01206	0.00716	0.02820	0.01014	0.04272	0.00928	0.01112	0.00723	0.00572	0.00487	0.00174	0.06546	0.00360	0.08082	0.00609
5	0.02485	0.00943	0.01285	0.00985	0.01414	0.00814	0.00814	0.02699	0.01585	0.77465	0.02185	0.01885	0.01371	0.00685	0.00557	0.00171	0.00471	0.00557	0.00685	0.00943
6	0.02337	0.00935	0.01255	0.00977	0.01384	0.00828	0.00802	0.02624	0.05430	0.69591	0.06149	0.02014	0.01592	0.00713	0.00562	0.00172	0.00458	0.00584	0.00675	0.00917
7	0.01992	0.01437	0.01606	0.01345	0.05776	0.01571	0.01042	0.57140	0.09883	0.08653	0.01503	0.02955	0.01098	0.00686	0.00558	0.00170	0.00579	0.00536	0.00549	0.00922
8	0.01065	0.01004	0.01696	0.74692	0.08176	0.01236	0.01548	0.01432	0.01117	0.01439	0.00988	0.01470	0.00747	0.00550	0.00553	0.00183	0.00733	0.00492	0.00248	0.00631
9	0.00792	0.00591	0.00879	0.00879	0.00975	0.00686	0.00679	0.00982	0.00887	0.01278	0.01493	0.02230	0.01408	0.07012	0.75515	0.00877	0.01448	0.00601	0.00298	0.00489
10	0.00757	0.00531	0.00656	0.00711	0.00779	0.00497	0.00484	0.00863	0.01098	0.02769	0.10359	0.38534	0.13670	0.20445	0.01200	0.00290	0.00374	0.05054	0.00484	0.00444
11	0.75507	0.01084	0.00861	0.00771	0.01111	0.01257	0.00630	0.01770	0.09030	0.02467	0.00931	0.01025	0.00717	0.00540	0.00367	0.00173	0.00429	0.00335	0.00367	0.00630
12	0.00704	0.00497	0.00643	0.00738	0.00772	0.00469	0.00485	0.00797	0.01055	0.01417	0.08212	0.62041	0.03506	0.14654	0.01050	0.00273	0.00352	0.01406	0.00492	0.00436
13	0.01070	0.01009	0.01704	0.73650	0.09183	0.01237	0.01550	0.01436	0.01119	0.01444	0.00989	0.01469	0.00748	0.00549	0.00553	0.00183	0.00732	0.00492	0.00248	0.00634
14	0.02043	0.01557	0.01625	0.01267	0.01694	0.04188	0.01039	0.66811	0.08711	0.03323	0.01391	0.01380	0.00997	0.00669	0.00553	0.00167	0.00608	0.00505	0.00546	0.00927
15	0.01044	0.00711	0.00903	0.00926	0.01095	0.00714	0.00753	0.01453	0.12098	0.08093	0.11085	0.11749	0.07894	0.04629	0.00780	0.00234	0.00437	0.34281	0.00537	0.00585
16	0.00897	0.00627	0.00854	0.00954	0.01089	0.00612	0.00815	0.01132	0.01279	0.03653	0.05561	0.10475	0.09590	0.01496	0.00743	0.00242	0.00470	0.58479	0.00518	0.00515
17	0.01449	0.01112	0.01390	0.01206	0.01509	0.03014	0.07244	0.10689	0.28947	0.10190	0.04870	0.02941	0.01937	0.00911	0.00650	0.00199	0.02462	0.17988	0.00525	0.00767
18	0.00720	0.00507	0.00641	0.00715	0.00753	0.00481	0.00467	0.00810	0.01052	0.01413	0.10697	0.50543	0.04812	0.22256	0.01252	0.00300	0.00370	0.01304	0.00478	0.00428
19	0.00679	0.00486	0.00639	0.00758	0.00794	0.00454	0.00505	0.00773	0.01057	0.01404	0.03083	0.75012	0.05869	0.04653	0.00784	0.00235	0.00328	0.01533	0.00507	0.00446
20	0.84448	0.01071	0.00814	0.00728	0.01071	0.01242	0.00600	0.01628	0.00943	0.02485	0.00771	0.00900	0.00600	0.00514	0.00343	0.00171	0.00428	0.00300	0.00343	0.00600
21	0.01148	0.00984	0.01148	0.00820	0.01312	0.00738	0.00656	0.01395	0.01148	0.01805	0.00984	0.01148	0.00820	0.00410	0.00410	0.00082	0.00410	0.00328	0.00328	0.83922
22	0.00757	0.00568	0.00712	0.00751	0.00880	0.00523	0.00584	0.00955	0.01326	0.01746	0.26520	0.17679	0.24354	0.01406	0.00690	0.00206	0.00338	0.18970	0.00543	0.00492
23	0.00736	0.00540	0.00700	0.00805	0.00887	0.00508	0.00602	0.00882	0.01146	0.01487	0.03383	0.45830	0.14832	0.03526	0.00766	0.00235	0.00374	0.21785	0.00509	0.00467
24	0.00920	0.00492	0.00699	0.00699	0.00725	0.00479	0.00473	0.00732	0.00796	0.01035	0.01601	0.02184	0.11387	0.01852	0.01957	0.72389	0.00453	0.00575	0.00278	0.00272
25	0.72990	0.00995	0.00773	0.00699	0.01013	0.01143	0.00571	0.01582	0.00973	0.02427	0.00913	0.01060	0.00712	0.00532	0.00349	0.00166	0.00405	0.00330	0.11781	0.00588
26	0.01332	0.01161	0.01308	0.11852	0.01766	0.01357	0.00967	0.02733	0.65782	0.02193	0.02080	0.01985	0.01560	0.00724	0.00562	0.00187	0.00480	0.00608	0.00520	0.00841
27	0.00810	0.00608	0.00769	0.00787	0.00800	0.00662	0.00527	0.00864	0.00912	0.01244	0.02123	0.33592	0.02490	0.38417	0.01845	0.00373	0.11301	0.01066	0.00393	0.00418
28	0.00724	0.00487	0.00625	0.00736	0.00782	0.00459	0.00497	0.00842	0.01074	0.01503	0.02881	0.69445	0.03355	0.01585	0.00663	0.00212	0.00313	0.01429	0.11928	0.00459
29	0.02433	0.01026	0.01337	0.01025	0.01456	0.00938	0.00847	0.12663	0.01725	0.67304	0.02067	0.01809	0.01312	0.00683	0.00557	0.00171	0.00490	0.00549	0.00667	0.00942
30	0.01367	0.69838	0.02581	0.00895	0.01329	0.01955	0.00875	0.01540	0.01144	0.01330	0.01435	0.01499	0.11170	0.00601	0.00396	0.00128	0.00549	0.00416	0.00275	0.00677
31	0.00755	0.00567	0.00706	0.00715	0.00850	0.00518	0.00548	0.00967	0.01395	0.01869	0.40126	0.12295	0.23572	0.01320	0.00675	0.00194	0.00308	0.11559	0.00561	0.00499
32	0.00858	0.00664	0.00945	0.01093	0.11316	0.00630	0.00703	0.01111	0.01455	0.02048	0.54527	0.12053	0.04352	0.01130	0.00651	0.00183	0.00335	0.04834	0.00548	0.00563
33	0.00758	0.00918	0.11246	0.00854	0.05028	0.00626	0.00714	0.00980	0.01256	0.01563	0.06150	0.04525	0.60937	0.01229	0.00631	0.00184	0.00374	0.01025	0.00465	0.00539
