[name]
unknown

[dist]
# distance from previous block
# <min> <max>
0	106

[block]
# block no. 0 follows, 44 sequences, length 27
# corresponding to MSA columns:
# 147-173
name=unknown_A
#
# <colnr> <probs for GDERKNQSTAVLIFYWHMCP>
#	G	D	E	R	K	N	Q	S	T	A	V	L	I	F	Y	W	H	M	C	P
0	0.06879	0.06298	0.04364	0.01380	0.12861	0.04232	0.00991	0.15176	0.14833	0.07832	0.10826	0.03719	0.01668	0.00712	0.00534	0.00166	0.00518	0.02700	0.00456	0.03854
1	0.06646	0.08281	0.10541	0.04651	0.07097	0.04146	0.01003	0.10960	0.03321	0.07015	0.04069	0.03072	0.03935	0.02596	0.03542	0.00183	0.00584	0.00491	0.00373	0.17493
2	0.20431	0.10750	0.07916	0.02368	0.08110	0.06582	0.03738	0.12074	0.05218	0.03588	0.01962	0.04279	0.00965	0.00614	0.00501	0.01919	0.00573	0.00451	0.00356	0.07606
3	0.03977	0.04223	0.03291	0.04856	0.01651	0.01148	0.12930	0.17326	0.04609	0.05175	0.03048	0.08271	0.01271	0.00866	0.03635	0.03632	0.02961	0.00591	0.05256	0.11282
4	0.13629	0.08163	0.16297	0.04540	0.12486	0.02499	0.03260	0.08806	0.04858	0.02002	0.03978	0.01302	0.00968	0.00535	0.00475	0.00150	0.00585	0.00427	0.00330	0.14709
5	0.05982	0.04465	0.09951	0.05013	0.03535	0.03009	0.05737	0.25556	0.03771	0.05520	0.01419	0.05292	0.03395	0.02594	0.02664	0.00196	0.05640	0.00548	0.01725	0.03987
6	0.14123	0.02800	0.06012	0.13709	0.11500	0.07849	0.06130	0.07200	0.04262	0.03616	0.01040	0.01244	0.00807	0.00515	0.00482	0.00151	0.00616	0.00422	0.00326	0.17196
7	0.04991	0.09292	0.01712	0.15505	0.04921	0.43355	0.02926	0.01923	0.04253	0.01447	0.00915	0.01130	0.00749	0.00566	0.00547	0.00155	0.04287	0.00395	0.00280	0.00651
8	0.05103	0.01083	0.01711	0.52604	0.03052	0.01330	0.06504	0.06730	0.01162	0.01601	0.00953	0.01377	0.00740	0.00609	0.00737	0.00189	0.13125	0.00486	0.00270	0.00635
9	0.00850	0.00609	0.00838	0.00947	0.01065	0.00602	0.00806	0.01082	0.01248	0.01634	0.07637	0.10937	0.05101	0.03293	0.00785	0.00249	0.00469	0.60851	0.00505	0.00494
10	0.00792	0.00519	0.00593	0.00612	0.00628	0.00514	0.00361	0.00827	0.00860	0.01189	0.01917	0.15072	0.02179	0.62223	0.02262	0.00449	0.00474	0.00884	0.07284	0.00362
11	0.00697	0.00555	0.00622	0.00617	0.00774	0.00485	0.00463	0.00872	0.01320	0.01687	0.27358	0.06357	0.48675	0.03348	0.00704	0.00192	0.00287	0.03982	0.00531	0.00475
12	0.00687	0.00487	0.00623	0.00723	0.00754	0.00459	0.00471	0.00766	0.01005	0.01334	0.02857	0.64135	0.05759	0.15946	0.01068	0.00275	0.00353	0.01400	0.00474	0.00423
13	0.84691	0.01054	0.00801	0.00717	0.01054	0.01223	0.00590	0.01603	0.00928	0.02446	0.00759	0.00886	0.00590	0.00506	0.00337	0.00169	0.00422	0.00295	0.00337	0.00590
14	0.01039	0.00729	0.00929	0.00968	0.01139	0.00747	0.00807	0.01497	0.14562	0.06524	0.05445	0.07092	0.05676	0.04456	0.00776	0.00239	0.00465	0.45807	0.00519	0.00583
15	0.84691	0.01054	0.00801	0.00717	0.01054	0.01223	0.00590	0.01603	0.00928	0.02446	0.00759	0.00886	0.00590	0.00506	0.00337	0.00169	0.00422	0.00295	0.00337	0.00590
16	0.00789	0.00542	0.00662	0.00662	0.00685	0.00565	0.00414	0.00836	0.00813	0.01107	0.01656	0.03228	0.01835	0.62571	0.20842	0.00611	0.00750	0.00743	0.00321	0.00368
17	0.00882	0.00652	0.00810	0.00743	0.00902	0.00635	0.00565	0.05484	0.06341	0.02250	0.66465	0.03807	0.06214	0.01070	0.00632	0.00172	0.00289	0.00937	0.00592	0.00559
18	0.74083	0.01076	0.00884	0.00768	0.01117	0.01225	0.00632	0.06359	0.01073	0.07435	0.00885	0.00976	0.00661	0.00526	0.00364	0.00168	0.00436	0.00324	0.00373	0.00634
19	0.07028	0.01210	0.04320	0.30065	0.08802	0.01237	0.27796	0.01583	0.04052	0.01668	0.01184	0.06430	0.00981	0.00587	0.00574	0.00182	0.00733	0.00598	0.00291	0.00677
20	0.00988	0.00647	0.00788	0.00745	0.00843	0.00679	0.00517	0.04929	0.04167	0.06198	0.01786	0.02886	0.03803	0.42472	0.22512	0.00540	0.00755	0.00698	0.03574	0.00474
21	0.00796	0.00535	0.00653	0.00665	0.00727	0.00508	0.00436	0.00895	0.01082	0.03673	0.20339	0.22457	0.07496	0.35515	0.01569	0.00338	0.00395	0.01037	0.00458	0.00427
22	0.07144	0.01079	0.01327	0.01023	0.01444	0.01039	0.00845	0.20093	0.01764	0.55592	0.01868	0.01668	0.01204	0.00660	0.00535	0.00167	0.00494	0.00520	0.00624	0.00908
23	0.06304	0.07064	0.16597	0.08974	0.05262	0.07204	0.23712	0.01829	0.01247	0.11882	0.01126	0.01333	0.00827	0.00539	0.00588	0.00172	0.03790	0.00491	0.00317	0.00743
24	0.01311	0.13050	0.12626	0.23268	0.10732	0.04898	0.12630	0.07463	0.01269	0.01673	0.00973	0.01272	0.00762	0.00544	0.00597	0.00169	0.05307	0.00464	0.00273	0.00721
25	0.00689	0.00499	0.00653	0.00758	0.00810	0.00461	0.00516	0.00792	0.01052	0.01404	0.02970	0.70917	0.05526	0.04137	0.00753	0.00227	0.00331	0.04069	0.00495	0.02943
26	0.01126	0.01041	0.01703	0.04530	0.42359	0.01050	0.04377	0.01390	0.01192	0.01666	0.03912	0.14643	0.06170	0.00836	0.00651	0.00181	0.04648	0.04978	0.00345	0.03202

[dist]
# distance from previous block
# <min> <max>
5	33

[block]
# block no. 1 follows, 44 sequences, length 29
# corresponding to MSA columns:
# 214-228,230-243
name=unknown_B
#
# <colnr> <probs for GDERKNQSTAVLIFYWHMCP>
#	G	D	E	R	K	N	Q	S	T	A	V	L	I	F	Y	W	H	M	C	P
0	0.00772	0.00557	0.00729	0.00686	0.00814	0.00514	0.00514	0.01029	0.01543	0.02186	0.77152	0.04072	0.05144	0.01115	0.00643	0.00171	0.00257	0.00986	0.00600	0.00514
1	0.01756	0.01276	0.01391	0.01114	0.01468	0.01397	0.00896	0.49611	0.11471	0.06119	0.05707	0.01881	0.03760	0.06544	0.02893	0.00214	0.00563	0.00581	0.00531	0.00827
2	0.84691	0.01054	0.00801	0.00717	0.01054	0.01223	0.00590	0.01603	0.00928	0.02446	0.00759	0.00886	0.00590	0.00506	0.00337	0.00169	0.00422	0.00295	0.00337	0.00590
3	0.01409	0.01198	0.01263	0.01120	0.01438	0.01381	0.00876	0.08323	0.70941	0.02367	0.02151	0.01980	0.01609	0.00733	0.00554	0.00183	0.00444	0.00607	0.00554	0.00868
4	0.01054	0.00544	0.00548	0.00535	0.00673	0.00550	0.00404	0.03916	0.01194	0.02082	0.01762	0.02007	0.01381	0.00636	0.00387	0.00128	0.00266	0.00508	0.80902	0.00523
5	0.01278	0.01129	0.01374	0.19784	0.05569	0.01319	0.01055	0.02483	0.55049	0.02047	0.01866	0.01864	0.01404	0.00682	0.00552	0.00183	0.00512	0.00579	0.00467	0.00802
6	0.04091	0.01584	0.01546	0.01237	0.01634	0.10245	0.01002	0.55045	0.13026	0.03009	0.01373	0.01366	0.00999	0.00653	0.00535	0.00164	0.00614	0.00488	0.00512	0.00876
7	0.01313	0.11916	0.08291	0.01003	0.01342	0.04225	0.00887	0.01745	0.12733	0.11730	0.06646	0.08314	0.07540	0.00819	0.00618	0.00166	0.05966	0.03330	0.00430	0.10985
8	0.03876	0.01205	0.07970	0.01149	0.05640	0.04925	0.00932	0.11259	0.05251	0.26189	0.07156	0.05675	0.05717	0.02043	0.00594	0.00177	0.00514	0.04476	0.00509	0.04743
9	0.01331	0.01260	0.02131	0.09995	0.64083	0.01285	0.03584	0.04210	0.01275	0.01799	0.01084	0.01495	0.00916	0.00525	0.00549	0.00167	0.00656	0.02541	0.00284	0.00829
10	0.01299	0.01238	0.02107	0.11631	0.66946	0.01265	0.01631	0.01625	0.01225	0.01734	0.01078	0.01512	0.00920	0.00524	0.00547	0.00167	0.00652	0.02799	0.00274	0.00824
11	0.01316	0.01509	0.11569	0.12481	0.28019	0.09274	0.07752	0.01769	0.07702	0.03493	0.01313	0.03416	0.01116	0.00634	0.00563	0.00176	0.00695	0.06130	0.00320	0.00752
12	0.01240	0.01929	0.36078	0.03890	0.21867	0.01217	0.12892	0.01713	0.01241	0.05861	0.05920	0.01482	0.01076	0.00548	0.00553	0.00171	0.00727	0.00508	0.00295	0.00793
13	0.00691	0.00477	0.00637	0.00747	0.00781	0.00446	0.00500	0.00755	0.01019	0.01352	0.02900	0.70135	0.06071	0.01714	0.00832	0.08277	0.00330	0.01432	0.00480	0.00424
14	0.03694	0.02615	0.65611	0.01604	0.02355	0.03303	0.09843	0.01737	0.01169	0.01740	0.00982	0.01173	0.00703	0.00512	0.00525	0.00173	0.00811	0.00424	0.00240	0.00787
15	0.07573	0.06677	0.28630	0.01806	0.19016	0.02719	0.08155	0.01575	0.01172	0.01724	0.01307	0.08278	0.01197	0.00690	0.00545	0.00178	0.00672	0.07056	0.00300	0.00729
16	0.00930	0.00827	0.03754	0.23057	0.06798	0.00834	0.01043	0.03018	0.01200	0.01577	0.03803	0.19061	0.06372	0.01142	0.00648	0.00210	0.00532	0.24223	0.00409	0.00562
17	0.84691	0.01054	0.00801	0.00717	0.01054	0.01223	0.00590	0.01603	0.00928	0.02446	0.00759	0.00886	0.00590	0.00506	0.00337	0.00169	0.00422	0.00295	0.00337	0.00590
18	0.00765	0.00540	0.00646	0.00682	0.00735	0.00524	0.00461	0.00845	0.00977	0.01277	0.04218	0.15768	0.12695	0.42943	0.03672	0.00396	0.00475	0.11573	0.00411	0.00398
19	0.01520	0.37267	0.07086	0.01307	0.03282	0.18494	0.06895	0.03244	0.03476	0.01445	0.00872	0.01056	0.00749	0.00563	0.00609	0.00150	0.10647	0.00380	0.00264	0.00694
20	0.01446	0.00731	0.00957	0.00841	0.01087	0.00669	0.00664	0.01732	0.05499	0.31523	0.28097	0.10635	0.06889	0.01020	0.00614	0.00182	0.00370	0.05754	0.00606	0.00684
21	0.01207	0.01062	0.01411	0.03867	0.01394	0.02895	0.04448	0.11557	0.01141	0.01629	0.01177	0.04622	0.01131	0.12343	0.08994	0.00318	0.35193	0.00580	0.04438	0.00592
22	0.00765	0.00595	0.00772	0.05019	0.02605	0.00567	0.00592	0.00984	0.03973	0.01653	0.21182	0.38642	0.14734	0.01340	0.00647	0.00193	0.00332	0.01191	0.00505	0.03709
23	0.00785	0.00525	0.00597	0.00605	0.00607	0.00523	0.00342	0.00791	0.00809	0.01079	0.01800	0.08495	0.02086	0.75771	0.02642	0.00509	0.00515	0.00841	0.00342	0.00338
24	0.01579	0.60404	0.05327	0.01048	0.01500	0.12051	0.00998	0.08811	0.01306	0.01512	0.00830	0.00941	0.00721	0.00499	0.00393	0.00126	0.00645	0.00323	0.00269	0.00717
25	0.02249	0.00941	0.01246	0.00960	0.01367	0.00831	0.00789	0.06699	0.01594	0.64687	0.06741	0.01924	0.01534	0.00687	0.00546	0.00164	0.00456	0.00560	0.00644	0.05382
26	0.01667	0.16742	0.01666	0.01200	0.01503	0.38931	0.00959	0.04551	0.13807	0.01589	0.03438	0.01552	0.03965	0.00664	0.00540	0.00153	0.03489	0.02557	0.00349	0.00678
27	0.01436	0.10329	0.27762	0.03182	0.09962	0.09819	0.05592	0.13787	0.03670	0.01901	0.01039	0.01223	0.00802	0.00636	0.02170	0.00180	0.04988	0.00438	0.00306	0.00778
28	0.01362	0.12720	0.01521	0.03398	0.03583	0.03141	0.00822	0.13515	0.03247	0.01964	0.01023	0.01157	0.00829	0.00472	0.00433	0.00109	0.00494	0.00363	0.00347	0.49499

[dist]
# distance from previous block
# <min> <max>
4	9

[block]
# block no. 2 follows, 44 sequences, length 19
# corresponding to MSA columns:
# 255-273
name=unknown_C
#
# <colnr> <probs for GDERKNQSTAVLIFYWHMCP>
#	G	D	E	R	K	N	Q	S	T	A	V	L	I	F	Y	W	H	M	C	P
0	0.00676	0.00496	0.00631	0.00731	0.00791	0.00457	0.00502	0.00785	0.01087	0.01422	0.05102	0.62163	0.14654	0.03945	0.00750	0.00225	0.00322	0.04312	0.00503	0.00446
1	0.01392	0.21777	0.09164	0.11008	0.08635	0.12466	0.04876	0.04613	0.02557	0.01526	0.01026	0.01266	0.02802	0.00615	0.00702	0.00166	0.14007	0.00436	0.00273	0.00693
2	0.01347	0.07933	0.01246	0.06542	0.01391	0.02650	0.00793	0.14818	0.13660	0.10248	0.02675	0.09916	0.19677	0.02443	0.00613	0.00183	0.00466	0.02219	0.00489	0.00691
3	0.00717	0.00516	0.00688	0.00789	0.00856	0.00487	0.00574	0.00862	0.01150	0.01534	0.11755	0.54339	0.06651	0.01587	0.00699	0.00220	0.00343	0.15253	0.00516	0.00463
4	0.01306	0.01355	0.05019	0.11724	0.42582	0.03644	0.12062	0.03392	0.03042	0.01747	0.03077	0.01439	0.00957	0.00549	0.00635	0.00173	0.05713	0.00517	0.00286	0.00781
5	0.01454	0.19772	0.05317	0.02467	0.01514	0.12573	0.07583	0.07666	0.01281	0.06448	0.01168	0.01482	0.00980	0.06132	0.06183	0.00228	0.07198	0.00465	0.09426	0.00661
6	0.01461	0.00917	0.01246	0.01075	0.01265	0.01053	0.00879	0.07544	0.01211	0.22417	0.01504	0.01900	0.01223	0.01834	0.25002	0.00407	0.22055	0.03473	0.02862	0.00673
7	0.01507	0.01246	0.01318	0.01140	0.01475	0.01427	0.00900	0.18262	0.60843	0.02525	0.02027	0.01881	0.01508	0.00722	0.00553	0.00180	0.00467	0.00590	0.00553	0.00876
8	0.01193	0.01193	0.01670	0.01431	0.01431	0.01670	0.01193	0.01312	0.00835	0.01312	0.00716	0.01193	0.00716	0.00954	0.01789	0.00239	0.79843	0.00477	0.00239	0.00596
9	0.00674	0.00488	0.00629	0.00729	0.00778	0.00452	0.00490	0.00777	0.01074	0.01423	0.06985	0.66304	0.09929	0.05531	0.00791	0.00231	0.00320	0.01449	0.00502	0.00442
10	0.00678	0.00485	0.00645	0.00750	0.00794	0.00452	0.00507	0.00793	0.01106	0.01491	0.12309	0.70896	0.03799	0.01634	0.00689	0.00215	0.00309	0.01479	0.00518	0.00452
11	0.00784	0.00680	0.00689	0.00669	0.00830	0.05436	0.00499	0.00968	0.01372	0.01745	0.33657	0.07992	0.40236	0.01238	0.00637	0.00178	0.00315	0.01053	0.00529	0.00492
12	0.02072	0.01527	0.01636	0.01254	0.01691	0.01691	0.01036	0.75622	0.02563	0.03436	0.01309	0.01309	0.00927	0.00654	0.00545	0.00164	0.00600	0.00491	0.00545	0.00927
13	0.00668	0.00553	0.00585	0.00577	0.00751	0.00470	0.00433	0.00828	0.01299	0.01606	0.18900	0.05027	0.63758	0.01331	0.00644	0.00182	0.00273	0.01120	0.00524	0.00470
14	0.01130	0.00969	0.01130	0.00807	0.01292	0.00727	0.00646	0.01373	0.01130	0.01776	0.00969	0.01130	0.00807	0.00404	0.00404	0.00081	0.00404	0.00323	0.00323	0.84173
15	0.01223	0.01028	0.01179	0.00862	0.01333	0.00843	0.00691	0.07807	0.05335	0.01946	0.01066	0.01195	0.00864	0.00443	0.00424	0.00093	0.00422	0.00353	0.00355	0.72538
16	0.00905	0.02514	0.00804	0.00728	0.00893	0.00604	0.00554	0.02714	0.03614	0.06866	0.39790	0.14604	0.18754	0.01197	0.00636	0.00182	0.00310	0.03227	0.00559	0.00544
17	0.06411	0.00995	0.09989	0.02522	0.06043	0.00764	0.00844	0.01404	0.01305	0.11578	0.25304	0.12581	0.04663	0.00907	0.00569	0.00168	0.00423	0.02410	0.00472	0.10649
18	0.64763	0.14264	0.01186	0.03014	0.01204	0.01357	0.00683	0.01650	0.00991	0.05714	0.00829	0.00945	0.00647	0.00508	0.00355	0.00160	0.00459	0.00312	0.00333	0.00624

[dist]
# distance from previous block
# <min> <max>
9	19

[block]
# block no. 3 follows, 44 sequences, length 35
# corresponding to MSA columns:
# 294-328
name=unknown_D
#
# <colnr> <probs for GDERKNQSTAVLIFYWHMCP>
#	G	D	E	R	K	N	Q	S	T	A	V	L	I	F	Y	W	H	M	C	P
0	0.00909	0.12821	0.02877	0.00907	0.03127	0.02154	0.00678	0.01116	0.04779	0.01481	0.08698	0.41509	0.05448	0.06724	0.00807	0.00216	0.03704	0.01080	0.00435	0.00531
1	0.00715	0.00692	0.07209	0.00794	0.00915	0.00525	0.00621	0.00874	0.01116	0.01501	0.11009	0.55928	0.10195	0.04295	0.00743	0.00219	0.00355	0.01329	0.00487	0.00479
2	0.01089	0.01125	0.05170	0.46609	0.16819	0.01183	0.09989	0.01446	0.01139	0.01519	0.01168	0.08138	0.01006	0.00622	0.00567	0.00181	0.00703	0.00590	0.00273	0.00663
3	0.03938	0.08585	0.11122	0.12253	0.04290	0.03957	0.07495	0.21016	0.08557	0.07596	0.01375	0.01486	0.03200	0.00614	0.00552	0.00168	0.02119	0.00499	0.00394	0.00784
4	0.01316	0.01121	0.01594	0.11812	0.11513	0.01199	0.09864	0.13977	0.18415	0.03832	0.07836	0.02144	0.07517	0.03028	0.02234	0.00200	0.00582	0.00640	0.00433	0.00743
5	0.00824	0.00523	0.00693	0.00778	0.00853	0.00482	0.00542	0.00937	0.01105	0.07899	0.03036	0.67533	0.06556	0.01598	0.00683	0.00217	0.00335	0.04401	0.00520	0.00487
6	0.05671	0.01073	0.01305	0.05096	0.09837	0.05045	0.02522	0.15620	0.05262	0.09602	0.10230	0.02824	0.03577	0.00868	0.00586	0.00184	0.00529	0.16162	0.03303	0.00704
7	0.05208	0.33526	0.04811	0.07797	0.01695	0.16736	0.01056	0.08270	0.03836	0.01596	0.00910	0.01091	0.00766	0.00647	0.02279	0.00166	0.08256	0.00376	0.00288	0.00689
8	0.64861	0.01275	0.07537	0.00902	0.01298	0.01289	0.02996	0.10795	0.01160	0.02487	0.00856	0.00978	0.00648	0.00524	0.00388	0.00169	0.00491	0.00339	0.00352	0.00655
9	0.03629	0.11422	0.01737	0.08074	0.05961	0.49974	0.01109	0.05011	0.01430	0.01468	0.00864	0.01053	0.00720	0.00568	0.00548	0.00149	0.04966	0.00374	0.00281	0.00660
10	0.00672	0.00479	0.00635	0.00751	0.00785	0.00448	0.00500	0.00770	0.01053	0.01408	0.05568	0.75192	0.03605	0.04369	0.00764	0.00230	0.00321	0.01504	0.00503	0.00442
11	0.01200	0.01383	0.06846	0.22694	0.02996	0.01302	0.49539	0.01637	0.01223	0.01660	0.01081	0.01465	0.00810	0.00491	0.00603	0.00181	0.00842	0.00584	0.02766	0.00698
12	0.00950	0.00491	0.00744	0.03566	0.00821	0.00500	0.00511	0.00735	0.00724	0.00963	0.00948	0.01650	0.00939	0.01845	0.02073	0.81096	0.00483	0.00474	0.00237	0.00250
13	0.00671	0.00487	0.00635	0.00747	0.00796	0.00451	0.00509	0.00778	0.01078	0.01424	0.04923	0.70247	0.09883	0.01661	0.00692	0.00218	0.00317	0.03528	0.00508	0.00448
14	0.26359	0.00750	0.00686	0.00631	0.00845	0.00812	0.00496	0.06897	0.01194	0.02266	0.03320	0.01683	0.01212	0.00610	0.00387	0.00143	0.00331	0.00454	0.50359	0.00564
15	0.00779	0.00584	0.00876	0.00876	0.00974	0.00681	0.00681	0.00974	0.00876	0.01266	0.01460	0.02142	0.01363	0.04089	0.78680	0.00876	0.01460	0.00584	0.00292	0.00487
16	0.00664	0.00474	0.00633	0.00759	0.00791	0.00443	0.00506	0.00759	0.01044	0.01392	0.03005	0.80485	0.03606	0.01708	0.00696	0.00221	0.00316	0.01550	0.00506	0.00443
17	0.02072	0.01527	0.01636	0.01254	0.01691	0.01691	0.01036	0.75622	0.02563	0.03436	0.01309	0.01309	0.00927	0.00654	0.00545	0.00164	0.00600	0.00491	0.00545	0.00927
18	0.02002	0.01492	0.01596	0.01240	0.01664	0.01658	0.01019	0.68473	0.09827	0.03322	0.01398	0.01380	0.01000	0.00663	0.00546	0.00166	0.00583	0.00503	0.00546	0.00921
19	0.01356	0.01171	0.01233	0.01109	0.01418	0.01356	0.00863	0.02897	0.76455	0.02281	0.02219	0.02034	0.01664	0.00740	0.00555	0.00185	0.00431	0.00616	0.00555	0.00863
20	0.07277	0.01497	0.01584	0.01221	0.01651	0.01661	0.01008	0.70959	0.02460	0.03374	0.01274	0.01282	0.00906	0.00645	0.00532	0.00164	0.00589	0.00479	0.00532	0.00906
21	0.00765	0.00557	0.00720	0.00679	0.00811	0.00512	0.00510	0.01017	0.01529	0.02151	0.73651	0.04130	0.08666	0.01128	0.00643	0.00172	0.00258	0.00994	0.00596	0.00512
22	0.00779	0.00584	0.00876	0.00876	0.00974	0.00681	0.00681	0.00974	0.00876	0.01266	0.01460	0.02142	0.01363	0.04089	0.78680	0.00876	0.01460	0.00584	0.00292	0.00487
23	0.84691	0.01054	0.00801	0.00717	0.01054	0.01223	0.00590	0.01603	0.00928	0.02446	0.00759	0.00886	0.00590	0.00506	0.00337	0.00169	0.00422	0.00295	0.00337	0.00590
24	0.01485	0.65707	0.05200	0.01032	0.01462	0.09602	0.00998	0.01669	0.01135	0.01305	0.00771	0.00915	0.00701	0.00509	0.00461	0.00129	0.05680	0.00313	0.00238	0.00690
25	0.01236	0.00696	0.00769	0.00692	0.00871	0.00722	0.00535	0.13325	0.01340	0.05823	0.01630	0.01882	0.01278	0.00967	0.05558	0.07321	0.00416	0.00509	0.53857	0.00572
26	0.61970	0.07813	0.01246	0.04735	0.01386	0.01291	0.07037	0.01665	0.01016	0.06407	0.00875	0.01016	0.00668	0.00510	0.00386	0.00166	0.00495	0.00348	0.00337	0.00631
27	0.84691	0.01054	0.00801	0.00717	0.01054	0.01223	0.00590	0.01603	0.00928	0.02446	0.00759	0.00886	0.00590	0.00506	0.00337	0.00169	0.00422	0.00295	0.00337	0.00590
28	0.02210	0.01298	0.10332	0.01076	0.01526	0.07484	0.00965	0.04073	0.01532	0.59182	0.03408	0.01732	0.01285	0.00655	0.00542	0.00167	0.00547	0.00522	0.00585	0.00880
29	0.00879	0.00476	0.00679	0.00711	0.00726	0.00468	0.00476	0.00755	0.00821	0.01124	0.01521	0.21833	0.01653	0.01773	0.01662	0.57807	0.00421	0.00751	0.05160	0.00305
30	0.00841	0.00573	0.00751	0.00698	0.00838	0.00526	0.00526	0.01096	0.01544	0.05327	0.74037	0.03980	0.04986	0.01096	0.00639	0.00171	0.00266	0.00968	0.00603	0.00532
31	0.08579	0.65623	0.02530	0.00960	0.01396	0.08859	0.00913	0.01706	0.02784	0.01408	0.00798	0.00911	0.00712	0.00484	0.00366	0.00125	0.00602	0.00304	0.00253	0.00688
32	0.01093	0.02820	0.78016	0.01554	0.02360	0.01266	0.02014	0.01727	0.01151	0.01727	0.00978	0.01151	0.00691	0.00518	0.00518	0.00173	0.00806	0.00403	0.00230	0.00806
33	0.01444	0.52957	0.20383	0.01138	0.01661	0.11460	0.01202	0.01722	0.01172	0.01394	0.00820	0.00953	0.00698	0.00490	0.00407	0.00133	0.00685	0.00325	0.00238	0.00716
34	0.00998	0.02483	0.01097	0.00988	0.01097	0.02618	0.00775	0.03469	0.07367	0.01444	0.01414	0.03684	0.01323	0.09309	0.39759	0.00563	0.16688	0.00588	0.03788	0.00548

[dist]
# distance from previous block
# <min> <max>
0	2

[block]
# block no. 4 follows, 44 sequences, length 43
# corresponding to MSA columns:
# 331-373
name=unknown_E
#
# <colnr> <probs for GDERKNQSTAVLIFYWHMCP>
#	G	D	E	R	K	N	Q	S	T	A	V	L	I	F	Y	W	H	M	C	P
0	0.01144	0.05458	0.02620	0.02344	0.01326	0.00875	0.00724	0.04633	0.05976	0.01831	0.04437	0.04940	0.03513	0.00596	0.00463	0.00115	0.00428	0.03071	0.00370	0.55136
1	0.01398	0.00943	0.01116	0.00899	0.01256	0.00876	0.00713	0.05090	0.17854	0.16680	0.17497	0.02094	0.02016	0.00690	0.00521	0.00143	0.00399	0.00577	0.00509	0.28729
2	0.01817	0.05190	0.01667	0.09964	0.08870	0.46088	0.01145	0.12283	0.04830	0.01713	0.00994	0.01154	0.00793	0.00570	0.00506	0.00151	0.00832	0.00406	0.00322	0.00704
3	0.01216	0.01020	0.01176	0.00848	0.01328	0.00814	0.00681	0.08098	0.01260	0.01927	0.01000	0.01147	0.00818	0.00426	0.00417	0.00088	0.00422	0.00338	0.00343	0.76633
4	0.04929	0.01330	0.12498	0.01554	0.16662	0.01149	0.02904	0.09484	0.17563	0.06845	0.07646	0.04423	0.06762	0.00753	0.00561	0.00177	0.00534	0.03015	0.00438	0.00772
5	0.01779	0.01667	0.05793	0.01332	0.04448	0.14380	0.01067	0.35626	0.23498	0.02597	0.01464	0.01456	0.01086	0.00650	0.00537	0.00166	0.00629	0.00499	0.00476	0.00850
6	0.01262	0.02297	0.53267	0.08176	0.02385	0.01269	0.07810	0.06404	0.03518	0.06853	0.01123	0.01286	0.00792	0.00541	0.00535	0.00174	0.00762	0.00451	0.00294	0.00800
7	0.01456	0.01100	0.01311	0.01269	0.08852	0.01173	0.00901	0.38104	0.03227	0.02519	0.06750	0.25166	0.02057	0.01003	0.00601	0.00184	0.00493	0.02587	0.00509	0.00739
8	0.09203	0.00963	0.01234	0.00958	0.01366	0.00879	0.00790	0.06588	0.01563	0.65602	0.03803	0.01798	0.01355	0.00670	0.00533	0.00168	0.00463	0.00535	0.00638	0.00890
9	0.01306	0.01272	0.01991	0.08719	0.60575	0.05518	0.01519	0.01610	0.01256	0.01735	0.05336	0.04414	0.01185	0.00575	0.00549	0.00165	0.00638	0.00545	0.00296	0.00796
10	0.01415	0.00748	0.00963	0.00889	0.01100	0.00707	0.00675	0.09659	0.01406	0.26704	0.05091	0.40635	0.02607	0.01225	0.00631	0.00197	0.00401	0.03719	0.00569	0.00660
11	0.01030	0.00969	0.01635	0.79530	0.03755	0.01211	0.01514	0.01393	0.01090	0.01393	0.00969	0.01453	0.00727	0.00545	0.00545	0.00182	0.00727	0.00484	0.00242	0.00606
12	0.00709	0.00505	0.00681	0.00769	0.00826	0.00491	0.00542	0.00815	0.01040	0.01389	0.04901	0.53956	0.08253	0.02001	0.11654	0.04998	0.00490	0.05073	0.00464	0.00444
13	0.01890	0.03413	0.09246	0.01152	0.05042	0.02471	0.00970	0.06920	0.04796	0.42483	0.09289	0.01970	0.03524	0.00715	0.00595	0.00170	0.03398	0.00575	0.00549	0.00832
14	0.02365	0.01008	0.01309	0.01009	0.01429	0.00927	0.00832	0.11466	0.04132	0.66374	0.02051	0.01795	0.01309	0.00674	0.00548	0.00169	0.00479	0.00544	0.00655	0.00926
15	0.01093	0.02820	0.78016	0.01554	0.02360	0.01266	0.02014	0.01727	0.01151	0.01727	0.00978	0.01151	0.00691	0.00518	0.00518	0.00173	0.00806	0.00403	0.00230	0.00806
16	0.01219	0.01982	0.35800	0.04535	0.32655	0.01291	0.11299	0.01698	0.01203	0.01742	0.01013	0.01280	0.00779	0.00498	0.00544	0.00170	0.00755	0.00469	0.00252	0.00814
17	0.66392	0.04114	0.04046	0.05209	0.03801	0.01287	0.00770	0.05734	0.01054	0.02350	0.00819	0.00966	0.00634	0.00515	0.00375	0.00167	0.00477	0.00327	0.00334	0.00631
18	0.00947	0.00473	0.00710	0.00710	0.00710	0.00473	0.00473	0.00710	0.00710	0.00947	0.00947	0.01657	0.00947	0.01894	0.02131	0.84138	0.00473	0.00473	0.00237	0.00237
19	0.00848	0.00614	0.00766	0.00827	0.00918	0.00606	0.00589	0.09920	0.01247	0.01657	0.02865	0.64470	0.05402	0.01559	0.00679	0.00215	0.00360	0.05443	0.00511	0.00506
20	0.01747	0.14329	0.02019	0.01463	0.03863	0.26839	0.10949	0.17845	0.01573	0.03669	0.00987	0.01156	0.00789	0.00599	0.00653	0.00160	0.09861	0.00434	0.00334	0.00730
21	0.00692	0.00491	0.00644	0.00747	0.00785	0.00463	0.00503	0.00794	0.01061	0.01422	0.07947	0.64925	0.03533	0.09500	0.00900	0.00249	0.00340	0.04070	0.00495	0.00439
22	0.49279	0.00967	0.00918	0.00788	0.01116	0.01037	0.00644	0.05214	0.01213	0.18615	0.07185	0.01680	0.04504	0.00657	0.00439	0.00170	0.00418	0.01922	0.02572	0.00664
23	0.01364	0.11084	0.05973	0.14487	0.01902	0.11245	0.05213	0.09764	0.01280	0.01690	0.01115	0.01393	0.02480	0.00717	0.02063	0.00184	0.17452	0.00466	0.09472	0.00657
24	0.01411	0.48892	0.15401	0.01211	0.01697	0.06319	0.06799	0.03303	0.02795	0.01466	0.00867	0.01027	0.00735	0.00520	0.00507	0.00143	0.05574	0.00363	0.00253	0.00718
25	0.04072	0.00547	0.00682	0.00764	0.00838	0.00533	0.00528	0.00943	0.05311	0.01574	0.11243	0.62767	0.05097	0.01532	0.00667	0.00211	0.00319	0.01376	0.00513	0.00481
26	0.59098	0.07990	0.04735	0.07359	0.01389	0.05512	0.00781	0.01613	0.01009	0.02150	0.00829	0.00992	0.00652	0.00514	0.00374	0.00162	0.00503	0.00327	0.03400	0.00610
27	0.00718	0.00527	0.00646	0.00670	0.00770	0.00481	0.00474	0.00879	0.01258	0.01698	0.31277	0.28435	0.19696	0.07092	0.00808	0.00215	0.00299	0.01175	0.02415	0.00467
28	0.01828	0.01385	0.04755	0.01199	0.03358	0.01434	0.00985	0.49826	0.10080	0.07554	0.01580	0.01574	0.02881	0.00670	0.00532	0.00164	0.00544	0.00521	0.08267	0.00864
29	0.01701	0.01013	0.01176	0.00974	0.01313	0.03264	0.00774	0.06305	0.21883	0.30731	0.13281	0.04113	0.01971	0.00756	0.00553	0.00166	0.00438	0.00629	0.00576	0.08385
30	0.01170	0.01217	0.02035	0.01662	0.05136	0.07215	0.32815	0.01438	0.01129	0.01498	0.01339	0.07294	0.01282	0.12154	0.07211	0.00294	0.10861	0.03337	0.00304	0.00611
31	0.00701	0.00551	0.00634	0.00621	0.00773	0.00483	0.00463	0.00890	0.01366	0.01783	0.36949	0.08268	0.42015	0.01279	0.00646	0.00180	0.00270	0.01097	0.00548	0.00483
32	0.00768	0.00518	0.00602	0.00627	0.00633	0.00512	0.00365	0.00786	0.00842	0.01123	0.01970	0.18640	0.02300	0.65334	0.02367	0.00468	0.00487	0.00941	0.00365	0.00352
33	0.01030	0.00969	0.01635	0.79530	0.03755	0.01211	0.01514	0.01393	0.01090	0.01393	0.00969	0.01453	0.00727	0.00545	0.00545	0.00182	0.00727	0.00484	0.00242	0.00606
34	0.00664	0.00474	0.00633	0.00759	0.00791	0.00443	0.00506	0.00759	0.01044	0.01392	0.03005	0.80485	0.03606	0.01708	0.00696	0.00221	0.00316	0.01550	0.00506	0.00443
35	0.84691	0.01054	0.00801	0.00717	0.01054	0.01223	0.00590	0.01603	0.00928	0.02446	0.00759	0.00886	0.00590	0.00506	0.00337	0.00169	0.00422	0.00295	0.00337	0.00590
36	0.84691	0.01054	0.00801	0.00717	0.01054	0.01223	0.00590	0.01603	0.00928	0.02446	0.00759	0.00886	0.00590	0.00506	0.00337	0.00169	0.00422	0.00295	0.00337	0.00590
37	0.00644	0.00552	0.00552	0.00552	0.00736	0.00460	0.00414	0.00782	0.01243	0.01473	0.05523	0.05247	0.77218	0.01381	0.00644	0.00184	0.00276	0.01151	0.00506	0.00460
38	0.00779	0.00584	0.00876	0.00876	0.00974	0.00681	0.00681	0.00974	0.00876	0.01266	0.01460	0.02142	0.01363	0.04089	0.78680	0.00876	0.01460	0.00584	0.00292	0.00487
39	0.84691	0.01054	0.00801	0.00717	0.01054	0.01223	0.00590	0.01603	0.00928	0.02446	0.00759	0.00886	0.00590	0.00506	0.00337	0.00169	0.00422	0.00295	0.00337	0.00590
40	0.01130	0.00969	0.01130	0.00807	0.01292	0.00727	0.00646	0.01373	0.01130	0.01776	0.00969	0.01130	0.00807	0.00404	0.00404	0.00081	0.00404	0.00323	0.00323	0.84173
41	0.84691	0.01054	0.00801	0.00717	0.01054	0.01223	0.00590	0.01603	0.00928	0.02446	0.00759	0.00886	0.00590	0.00506	0.00337	0.00169	0.00422	0.00295	0.00337	0.00590
42	0.01030	0.00969	0.01635	0.79530	0.03755	0.01211	0.01514	0.01393	0.01090	0.01393	0.00969	0.01453	0.00727	0.00545	0.00545	0.00182	0.00727	0.00484	0.00242	0.00606

[dist]
# distance from previous block
# <min> <max>
0	6

[block]
# block no. 5 follows, 44 sequences, length 9
# corresponding to MSA columns:
# 380-388
name=unknown_F
#
# <colnr> <probs for GDERKNQSTAVLIFYWHMCP>
#	G	D	E	R	K	N	Q	S	T	A	V	L	I	F	Y	W	H	M	C	P
0	0.02072	0.01527	0.01636	0.01254	0.01691	0.01691	0.01036	0.75622	0.02563	0.03436	0.01309	0.01309	0.00927	0.00654	0.00545	0.00164	0.00600	0.00491	0.00545	0.00927
1	0.02420	0.00969	0.01291	0.00990	0.01412	0.00862	0.00817	0.07679	0.01629	0.72697	0.02093	0.01818	0.01320	0.00673	0.00548	0.00168	0.00473	0.00544	0.00666	0.00928
2	0.00697	0.00525	0.00645	0.00677	0.00784	0.00473	0.00484	0.00861	0.01276	0.01697	0.30090	0.32888	0.24101	0.01408	0.00663	0.00194	0.00284	0.01241	0.00540	0.00473
3	0.01458	0.81168	0.02857	0.00933	0.01399	0.02157	0.00933	0.01632	0.01108	0.01283	0.00758	0.00875	0.00700	0.00466	0.00350	0.00117	0.00583	0.00292	0.00233	0.00700
4	0.01356	0.01171	0.01233	0.01109	0.01418	0.01356	0.00863	0.02897	0.76455	0.02281	0.02219	0.02034	0.01664	0.00740	0.00555	0.00185	0.00431	0.00616	0.00555	0.00863
5	0.00667	0.00541	0.00595	0.00625	0.00773	0.00469	0.00464	0.00809	0.01217	0.01496	0.07936	0.20132	0.55266	0.01441	0.00661	0.00195	0.00296	0.05444	0.00510	0.00462
6	0.00968	0.00625	0.00787	0.05452	0.01066	0.00583	0.00600	0.01167	0.03439	0.12477	0.07896	0.30035	0.28026	0.01310	0.00643	0.00196	0.00354	0.03307	0.00521	0.00546
7	0.01348	0.01287	0.02196	0.10010	0.63085	0.01310	0.06052	0.04866	0.01288	0.01816	0.01037	0.01364	0.00852	0.00497	0.00547	0.00165	0.00669	0.00495	0.00280	0.00836
8	0.06889	0.01371	0.02323	0.21225	0.05953	0.04915	0.35111	0.12031	0.01403	0.01925	0.01061	0.01377	0.00796	0.00517	0.00574	0.00177	0.00785	0.00539	0.00309	0.00721

[dist]
# distance from previous block
# <min> <max>
0	3

[block]
# block no. 6 follows, 44 sequences, length 36
# corresponding to MSA columns:
# 392-427
name=unknown_G
#
# <colnr> <probs for GDERKNQSTAVLIFYWHMCP>
#	G	D	E	R	K	N	Q	S	T	A	V	L	I	F	Y	W	H	M	C	P
0	0.10206	0.01748	0.23852	0.06442	0.35390	0.05197	0.04453	0.01676	0.01187	0.01784	0.01013	0.02812	0.00822	0.00528	0.00517	0.00168	0.00694	0.00462	0.00270	0.00779
1	0.01504	0.01276	0.03402	0.05395	0.05268	0.02948	0.07566	0.26474	0.01656	0.04479	0.04197	0.01436	0.01055	0.02238	0.00582	0.00149	0.02137	0.00473	0.00404	0.27362
2	0.00707	0.00509	0.00665	0.00775	0.00826	0.00481	0.00533	0.02498	0.01097	0.01454	0.03060	0.71908	0.06458	0.01661	0.00693	0.00220	0.00331	0.05159	0.00507	0.00458
3	0.01964	0.01464	0.01569	0.01227	0.01640	0.01624	0.01005	0.66501	0.09713	0.03268	0.01444	0.03540	0.01072	0.00691	0.00550	0.00167	0.00576	0.00532	0.00545	0.00908
4	0.01317	0.08170	0.35202	0.06537	0.16231	0.05963	0.06195	0.07179	0.04823	0.01812	0.01052	0.01248	0.00798	0.00529	0.00521	0.00166	0.00739	0.00443	0.00283	0.00793
5	0.36583	0.04066	0.01211	0.19790	0.01798	0.04365	0.00899	0.10712	0.01248	0.02142	0.06942	0.01399	0.01075	0.00781	0.04770	0.00207	0.00590	0.00438	0.00352	0.00630
6	0.01285	0.01455	0.03128	0.02299	0.05151	0.01387	0.70372	0.01728	0.01269	0.01731	0.01086	0.01456	0.00824	0.00479	0.00683	0.00185	0.03842	0.00632	0.00274	0.00734
7	0.01252	0.01211	0.02114	0.21647	0.52156	0.01262	0.07259	0.01590	0.01204	0.01676	0.01063	0.03177	0.00890	0.00526	0.00552	0.00170	0.00680	0.00522	0.00269	0.00782
8	0.06200	0.00786	0.01126	0.22638	0.06049	0.00866	0.00995	0.02586	0.03956	0.01626	0.02096	0.21291	0.02203	0.01125	0.00633	0.00211	0.00523	0.24114	0.00411	0.00564
9	0.01030	0.00969	0.01635	0.79530	0.03755	0.01211	0.01514	0.01393	0.01090	0.01393	0.00969	0.01453	0.00727	0.00545	0.00545	0.00182	0.00727	0.00484	0.00242	0.00606
10	0.05264	0.01398	0.21063	0.07160	0.08240	0.01003	0.01156	0.07456	0.01318	0.16212	0.06057	0.08388	0.04047	0.07946	0.00751	0.00207	0.00572	0.00635	0.00411	0.00717
11	0.01642	0.01210	0.01398	0.03471	0.01506	0.01363	0.00936	0.40696	0.06817	0.07077	0.01633	0.09536	0.03146	0.03657	0.04026	0.00223	0.09763	0.00637	0.00487	0.00777
12	0.01209	0.01132	0.01874	0.42557	0.35171	0.01267	0.01552	0.04044	0.02870	0.01647	0.01032	0.01417	0.00813	0.00528	0.00543	0.00173	0.00682	0.00488	0.00271	0.00733
13	0.01226	0.01239	0.02284	0.20481	0.18316	0.01313	0.28607	0.03714	0.03016	0.01676	0.01141	0.05082	0.00953	0.00600	0.00699	0.00185	0.07870	0.00595	0.00288	0.00714
14	0.00796	0.00583	0.00802	0.00795	0.00856	0.00657	0.00575	0.00921	0.00846	0.01195	0.01528	0.02608	0.01558	0.30572	0.50148	0.00737	0.03431	0.00653	0.00304	0.00436
15	0.01356	0.01171	0.01233	0.01109	0.01418	0.01356	0.00863	0.02897	0.76455	0.02281	0.02219	0.02034	0.01664	0.00740	0.00555	0.00185	0.00431	0.00616	0.00555	0.00863
16	0.02173	0.01330	0.01510	0.01161	0.01590	0.01402	0.00958	0.50892	0.04025	0.26835	0.01596	0.01499	0.01078	0.00663	0.00547	0.00166	0.00553	0.00512	0.00586	0.00926
17	0.01030	0.00969	0.01635	0.79530	0.03755	0.01211	0.01514	0.01393	0.01090	0.01393	0.00969	0.01453	0.00727	0.00545	0.00545	0.00182	0.00727	0.00484	0.00242	0.00606
18	0.00715	0.00555	0.00650	0.00626	0.00779	0.00490	0.00469	0.00918	0.01408	0.01866	0.45044	0.04599	0.37452	0.01234	0.00644	0.00177	0.00266	0.01060	0.00558	0.00490
19	0.01193	0.01193	0.01670	0.01431	0.01431	0.01670	0.01193	0.01312	0.00835	0.01312	0.00716	0.01193	0.00716	0.00954	0.01789	0.00239	0.79843	0.00477	0.00239	0.00596
20	0.00799	0.00565	0.00730	0.00684	0.00822	0.00517	0.00515	0.01049	0.01527	0.03682	0.71788	0.04090	0.08934	0.01120	0.00641	0.00172	0.00262	0.00986	0.00597	0.00520
21	0.01994	0.10973	0.16271	0.01147	0.01653	0.01164	0.03295	0.10072	0.01526	0.43910	0.01639	0.01534	0.01085	0.00611	0.00521	0.00163	0.00572	0.00486	0.00511	0.00871
22	0.01458	0.81168	0.02857	0.00933	0.01399	0.02157	0.00933	0.01632	0.01108	0.01283	0.00758	0.00875	0.00700	0.00466	0.00350	0.00117	0.00583	0.00292	0.00233	0.00700
23	0.00651	0.00553	0.00562	0.00560	0.00741	0.00463	0.00420	0.00796	0.01259	0.01512	0.09478	0.05182	0.73238	0.01366	0.00644	0.00183	0.00275	0.01141	0.00511	0.00463
24	0.01019	0.00589	0.00674	0.00651	0.00787	0.00624	0.00499	0.05722	0.01154	0.01904	0.01654	0.02009	0.01352	0.01534	0.20259	0.01828	0.00585	0.00526	0.56108	0.00523
25	0.01310	0.01596	0.07272	0.02216	0.02770	0.04864	0.68042	0.01765	0.01291	0.01727	0.01084	0.01431	0.00814	0.00467	0.00630	0.00181	0.00916	0.00617	0.00273	0.00735
26	0.02248	0.00912	0.01221	0.00952	0.01343	0.00808	0.00780	0.04595	0.02936	0.66724	0.09660	0.02066	0.01724	0.00720	0.00558	0.00169	0.00446	0.00592	0.00661	0.00885
27	0.00675	0.00502	0.00629	0.00707	0.00783	0.00456	0.00488	0.00801	0.01153	0.01517	0.13629	0.54693	0.18856	0.01560	0.00678	0.00207	0.00300	0.01391	0.00519	0.00456
28	0.01257	0.02965	0.01782	0.05988	0.33479	0.06868	0.06982	0.04775	0.03089	0.01742	0.05009	0.11544	0.01588	0.00788	0.00625	0.00181	0.03283	0.06990	0.00351	0.00715
29	0.02334	0.01031	0.04777	0.01108	0.04998	0.00845	0.00897	0.02569	0.01527	0.70818	0.02045	0.01800	0.01297	0.00659	0.00546	0.00169	0.00488	0.00539	0.00636	0.00919
30	0.04590	0.01376	0.01486	0.01168	0.01574	0.01510	0.00957	0.54284	0.12250	0.10413	0.01509	0.01467	0.01070	0.00663	0.00535	0.00166	0.00548	0.00508	0.03031	0.00896
31	0.00755	0.00600	0.00674	0.00694	0.00850	0.00554	0.00539	0.00985	0.05179	0.01546	0.08007	0.05057	0.45653	0.09117	0.00872	0.00232	0.00359	0.17351	0.00495	0.00481
32	0.03452	0.14870	0.09179	0.06490	0.04526	0.02963	0.13830	0.15521	0.01406	0.05463	0.01140	0.01384	0.00898	0.01006	0.10489	0.00254	0.03837	0.00481	0.02080	0.00730
33	0.01103	0.00931	0.01283	0.12566	0.19264	0.03137	0.00998	0.04843	0.04617	0.04529	0.13813	0.07702	0.16212	0.00930	0.00600	0.00181	0.00491	0.05725	0.00431	0.00646
34	0.01217	0.01038	0.01328	0.12488	0.04825	0.00939	0.02341	0.09464	0.02677	0.01895	0.01111	0.04247	0.00934	0.00512	0.00464	0.00117	0.00490	0.00430	0.00343	0.53141
35	0.01757	0.05027	0.01522	0.01230	0.05682	0.01418	0.00951	0.47016	0.05014	0.05938	0.01428	0.04906	0.01118	0.00827	0.04056	0.00190	0.00585	0.00531	0.05252	0.05553

[dist]
# distance from previous block
# <min> <max>
1	10

[block]
# block no. 7 follows, 44 sequences, length 36
# corresponding to MSA columns:
# 438-473
name=unknown_H
#
# <colnr> <probs for GDERKNQSTAVLIFYWHMCP>
#	G	D	E	R	K	N	Q	S	T	A	V	L	I	F	Y	W	H	M	C	P
0	0.04566	0.01472	0.13583	0.23431	0.29076	0.04784	0.03093	0.05348	0.02581	0.01782	0.04386	0.01445	0.00987	0.00551	0.00535	0.00170	0.00682	0.00487	0.00293	0.00748
1	0.00688	0.00577	0.00597	0.00588	0.00768	0.00503	0.00440	0.00890	0.04242	0.01564	0.12244	0.04967	0.65497	0.03172	0.00690	0.00191	0.00286	0.01105	0.00513	0.00478
2	0.00780	0.00578	0.00845	0.00845	0.00931	0.00664	0.00642	0.00953	0.00867	0.01242	0.01489	0.02301	0.01432	0.12680	0.70184	0.00837	0.01356	0.00607	0.00296	0.00469
3	0.02037	0.02598	0.01545	0.01404	0.01685	0.78652	0.01053	0.02177	0.01545	0.01334	0.00843	0.00983	0.00702	0.00562	0.00492	0.00140	0.00983	0.00351	0.00281	0.00632
4	0.00714	0.00555	0.00649	0.00625	0.00779	0.00490	0.00469	0.00917	0.01407	0.01863	0.44675	0.04605	0.37823	0.01235	0.00644	0.00177	0.00266	0.01061	0.00558	0.00490
5	0.00772	0.00557	0.00729	0.00686	0.00814	0.00514	0.00514	0.01029	0.01543	0.02186	0.77152	0.04072	0.05144	0.01115	0.00643	0.00171	0.00257	0.00986	0.00600	0.00514
6	0.01458	0.81168	0.02857	0.00933	0.01399	0.02157	0.00933	0.01632	0.01108	0.01283	0.00758	0.00875	0.00700	0.00466	0.00350	0.00117	0.00583	0.00292	0.00233	0.00700
7	0.01458	0.81168	0.02857	0.00933	0.01399	0.02157	0.00933	0.01632	0.01108	0.01283	0.00758	0.00875	0.00700	0.00466	0.00350	0.00117	0.00583	0.00292	0.00233	0.00700
8	0.01494	0.76214	0.02774	0.00963	0.01417	0.06981	0.00940	0.01667	0.01135	0.01286	0.00763	0.00881	0.00700	0.00472	0.00359	0.00118	0.00608	0.00295	0.00236	0.00695
9	0.01130	0.00969	0.01130	0.00807	0.01292	0.00727	0.00646	0.01373	0.01130	0.01776	0.00969	0.01130	0.00807	0.00404	0.00404	0.00081	0.00404	0.00323	0.00323	0.84173
10	0.02358	0.00993	0.01297	0.01002	0.01420	0.00908	0.00825	0.09167	0.05426	0.67385	0.02079	0.01816	0.01328	0.00676	0.00548	0.00169	0.00474	0.00547	0.00657	0.00924
11	0.01260	0.01025	0.01186	0.00857	0.01335	0.00828	0.00690	0.09037	0.01288	0.03839	0.01033	0.01167	0.00833	0.00436	0.00422	0.00091	0.00425	0.00346	0.00355	0.73545
12	0.01030	0.00969	0.01635	0.79530	0.03755	0.01211	0.01514	0.01393	0.01090	0.01393	0.00969	0.01453	0.00727	0.00545	0.00545	0.00182	0.00727	0.00484	0.00242	0.00606
13	0.01557	0.01979	0.42265	0.01405	0.04571	0.01119	0.03356	0.04505	0.03924	0.25425	0.01459	0.03681	0.01029	0.00610	0.00539	0.00173	0.00663	0.00500	0.00400	0.00840
14	0.01158	0.04199	0.56412	0.01831	0.09153	0.01308	0.14852	0.01723	0.01182	0.01725	0.01000	0.01219	0.00730	0.00504	0.00538	0.00172	0.00806	0.00450	0.00242	0.00796
15	0.00772	0.00557	0.00729	0.00686	0.00814	0.00514	0.00514	0.01029	0.01543	0.02186	0.77152	0.04072	0.05144	0.01115	0.00643	0.00171	0.00257	0.00986	0.00600	0.00514
16	0.00799	0.00535	0.00614	0.00623	0.00632	0.00535	0.00369	0.00816	0.00825	0.01097	0.01799	0.03748	0.02063	0.75302	0.02634	0.00509	0.00527	0.05888	0.00342	0.00342
17	0.01886	0.01467	0.20636	0.01279	0.05867	0.01031	0.01180	0.07917	0.04987	0.41373	0.01769	0.01833	0.01229	0.00668	0.00551	0.00174	0.00571	0.04198	0.00516	0.00869
18	0.00783	0.00554	0.00734	0.00737	0.00785	0.00601	0.00507	0.00880	0.00840	0.01168	0.01626	0.04905	0.01722	0.41150	0.39901	0.00691	0.00979	0.00711	0.00316	0.00410
19	0.06592	0.00934	0.01242	0.00957	0.01375	0.00823	0.00791	0.02604	0.01528	0.74017	0.02081	0.01807	0.01311	0.00666	0.00538	0.00169	0.00462	0.00535	0.00658	0.00911
20	0.01048	0.01137	0.07823	0.34099	0.04007	0.01112	0.16607	0.02604	0.01141	0.01528	0.01385	0.13856	0.01295	0.00847	0.02175	0.01814	0.03433	0.03163	0.00304	0.00620
21	0.07507	0.15118	0.09653	0.01512	0.11994	0.18874	0.02498	0.16147	0.04430	0.05762	0.01074	0.01181	0.00830	0.00556	0.00485	0.00153	0.00691	0.00413	0.00351	0.00772
22	0.00672	0.00480	0.00641	0.00768	0.00803	0.00449	0.00520	0.00772	0.01051	0.01400	0.03001	0.77798	0.03589	0.01701	0.00698	0.00222	0.00323	0.04160	0.00506	0.00445
23	0.00702	0.00545	0.00638	0.00635	0.00777	0.00482	0.00469	0.00886	0.01349	0.01772	0.36254	0.13863	0.37061	0.01305	0.00650	0.00183	0.00273	0.01128	0.00547	0.00482
24	0.02634	0.02505	0.63206	0.01530	0.04184	0.03868	0.03511	0.01691	0.01167	0.03343	0.01141	0.06707	0.00915	0.00604	0.00530	0.00175	0.00762	0.00490	0.00265	0.00773
25	0.07056	0.01468	0.14906	0.12953	0.37379	0.01265	0.04931	0.01669	0.04658	0.01769	0.01113	0.01515	0.00915	0.00563	0.00569	0.00174	0.02752	0.03287	0.00286	0.00773
26	0.01241	0.01176	0.01948	0.29102	0.47071	0.01271	0.01562	0.01663	0.06441	0.01684	0.01090	0.01433	0.00873	0.00524	0.00543	0.00170	0.00659	0.00494	0.00280	0.00776
27	0.01007	0.00588	0.00809	0.00774	0.00818	0.00625	0.00544	0.06009	0.00879	0.01205	0.01101	0.01828	0.01074	0.08221	0.09694	0.58064	0.03255	0.00512	0.02655	0.00337
28	0.04137	0.00950	0.01145	0.00905	0.04013	0.00758	0.00689	0.01508	0.01203	0.10148	0.06412	0.01415	0.01164	0.00490	0.00439	0.00103	0.00410	0.00399	0.00379	0.63334
29	0.43933	0.13102	0.08332	0.03776	0.01424	0.02619	0.00885	0.10122	0.03350	0.03524	0.02302	0.01092	0.00790	0.00551	0.00436	0.00163	0.02210	0.00364	0.00346	0.00678
30	0.01040	0.00993	0.03955	0.04181	0.10154	0.02961	0.03918	0.01267	0.04419	0.01476	0.01728	0.22555	0.03361	0.02773	0.01064	0.05257	0.21475	0.04281	0.02565	0.00576
31	0.01001	0.06320	0.00976	0.00892	0.05318	0.02342	0.00634	0.01232	0.05033	0.08166	0.11762	0.15315	0.27496	0.06662	0.00762	0.00207	0.00390	0.04447	0.00484	0.00561
32	0.01269	0.04493	0.07209	0.05656	0.22195	0.04157	0.03130	0.04437	0.09838	0.05948	0.01794	0.11436	0.03207	0.00834	0.00577	0.00182	0.00569	0.09855	0.02493	0.00720
33	0.01288	0.07455	0.18467	0.03323	0.08053	0.02846	0.20012	0.06574	0.12091	0.01841	0.01380	0.01582	0.03961	0.02304	0.00641	0.00179	0.03533	0.00537	0.00330	0.03603
34	0.03803	0.06513	0.01406	0.05472	0.10573	0.11084	0.00911	0.17471	0.01484	0.04897	0.01754	0.09648	0.08289	0.08467	0.00749	0.00196	0.00574	0.00640	0.00399	0.05671
