[name]
unknown

[dist]
# distance from previous block
# <min> <max>
9	123

[block]
# block no. 0 follows, 46 sequences, length 7
# corresponding to MSA columns:
# 154-160
name=unknown_A
#
# <colnr> <probs for GDERKNQSTAVLIFYWHMCP>
#	G	D	E	R	K	N	Q	S	T	A	V	L	I	F	Y	W	H	M	C	P
0	0.03640	0.01180	0.01433	0.03054	0.06979	0.01264	0.03420	0.36559	0.05808	0.14509	0.01468	0.03242	0.01107	0.03593	0.00634	0.00175	0.03027	0.00525	0.07588	0.00795
1	0.10647	0.11745	0.01649	0.03916	0.01599	0.08944	0.06294	0.29955	0.07395	0.03931	0.03741	0.01319	0.01006	0.00583	0.00481	0.00152	0.00584	0.00449	0.02068	0.03542
2	0.04057	0.01135	0.01252	0.01021	0.01371	0.03034	0.00824	0.29364	0.11739	0.14703	0.04166	0.07457	0.01461	0.00742	0.00530	0.00160	0.00483	0.04393	0.00507	0.11600
3	0.00776	0.00533	0.00613	0.00606	0.00639	0.00516	0.00357	0.00800	0.00815	0.01103	0.01754	0.11575	0.02019	0.67929	0.02334	0.00454	0.00483	0.00819	0.00338	0.05538
4	0.00904	0.00464	0.00678	0.00678	0.00678	0.00464	0.00446	0.00696	0.00696	0.00928	0.00987	0.01778	0.01011	0.09192	0.02124	0.76845	0.00464	0.00488	0.00238	0.00238
5	0.01452	0.04014	0.20523	0.04648	0.02181	0.23267	0.24053	0.03806	0.06049	0.03421	0.01052	0.01242	0.00794	0.00517	0.00532	0.00161	0.00819	0.00466	0.00289	0.00712
6	0.10068	0.01298	0.01353	0.13003	0.01765	0.12517	0.02912	0.10366	0.17611	0.07185	0.01271	0.01365	0.00959	0.00580	0.00528	0.00155	0.03379	0.00446	0.00389	0.12850

[dist]
# distance from previous block
# <min> <max>
0	1

[block]
# block no. 1 follows, 46 sequences, length 16
# corresponding to MSA columns:
# 162-177
name=unknown_B
#
# <colnr> <probs for GDERKNQSTAVLIFYWHMCP>
#	G	D	E	R	K	N	Q	S	T	A	V	L	I	F	Y	W	H	M	C	P
0	0.05157	0.16325	0.05833	0.09074	0.11228	0.05679	0.01043	0.10897	0.08409	0.06721	0.04596	0.04080	0.01145	0.00596	0.00479	0.00149	0.00558	0.00476	0.00363	0.07193
1	0.01738	0.04802	0.01579	0.01322	0.01603	0.52905	0.07039	0.07925	0.01442	0.01461	0.00924	0.01142	0.00773	0.00887	0.06674	0.05576	0.00909	0.00397	0.00289	0.00611
2	0.00722	0.00529	0.00680	0.00683	0.00796	0.00487	0.00508	0.00930	0.01359	0.01874	0.52082	0.18792	0.11872	0.01237	0.00640	0.00181	0.00276	0.05323	0.00550	0.00480
3	0.01135	0.01098	0.02769	0.20649	0.06878	0.04182	0.09177	0.04809	0.04440	0.01607	0.06775	0.01702	0.03386	0.00887	0.05363	0.00221	0.19062	0.00545	0.04693	0.00621
4	0.06189	0.34094	0.19841	0.09346	0.01922	0.08362	0.06384	0.05450	0.01193	0.01561	0.00863	0.01039	0.00693	0.00491	0.00437	0.00144	0.00677	0.00365	0.00255	0.00695
5	0.01151	0.01114	0.01827	0.21775	0.02198	0.01355	0.16644	0.04069	0.01048	0.01510	0.00939	0.01348	0.00780	0.00689	0.01040	0.00195	0.34100	0.00501	0.07103	0.00613
6	0.00668	0.00489	0.00623	0.00706	0.00771	0.00452	0.00490	0.00788	0.01094	0.01446	0.11604	0.54989	0.13932	0.04729	0.00745	0.00218	0.00312	0.05011	0.00494	0.00438
7	0.05090	0.01119	0.01776	0.26671	0.27508	0.01208	0.07205	0.03613	0.10300	0.08503	0.01213	0.01451	0.00917	0.00538	0.00527	0.00168	0.00621	0.00495	0.00331	0.00744
8	0.01459	0.09587	0.24862	0.05239	0.12918	0.28596	0.06773	0.01798	0.01265	0.01496	0.00898	0.01097	0.00709	0.00505	0.00491	0.00151	0.00804	0.00395	0.00250	0.00707
9	0.00643	0.00466	0.00607	0.00720	0.00762	0.00431	0.00483	0.00738	0.01028	0.01356	0.03113	0.74887	0.09557	0.01630	0.00671	0.00212	0.00304	0.01471	0.00491	0.00431
10	0.01162	0.01205	0.02317	0.14597	0.05077	0.01257	0.40912	0.04336	0.01182	0.01611	0.01205	0.09983	0.01069	0.00659	0.00748	0.00187	0.10883	0.00662	0.00291	0.00656
11	0.01258	0.35912	0.34590	0.01270	0.01846	0.04397	0.06145	0.01631	0.01111	0.01469	0.00853	0.01017	0.00686	0.00489	0.00474	0.00144	0.03090	0.00358	0.00232	0.03026
12	0.01440	0.01398	0.01253	0.01130	0.01424	0.16090	0.00872	0.02677	0.62831	0.02038	0.01899	0.01779	0.01437	0.00685	0.00526	0.00171	0.00520	0.00549	0.00488	0.00794
13	0.00858	0.00550	0.00686	0.00697	0.00827	0.00494	0.00509	0.01006	0.01211	0.09853	0.18104	0.32763	0.22664	0.03656	0.00697	0.00200	0.00314	0.03892	0.00521	0.00497
14	0.05551	0.07386	0.07188	0.05096	0.02766	0.23330	0.02786	0.03809	0.05262	0.18736	0.01375	0.01467	0.03797	0.02373	0.00635	0.00167	0.06739	0.00460	0.00377	0.00700
15	0.00659	0.00484	0.00639	0.02797	0.00839	0.00455	0.00510	0.00773	0.01063	0.01411	0.08400	0.67335	0.09558	0.01560	0.00663	0.00207	0.00310	0.01405	0.00491	0.00440

[dist]
# distance from previous block
# <min> <max>
4	31

[block]
# block no. 2 follows, 46 sequences, length 13
# corresponding to MSA columns:
# 209-221
name=unknown_C
#
# <colnr> <probs for GDERKNQSTAVLIFYWHMCP>
#	G	D	E	R	K	N	Q	S	T	A	V	L	I	F	Y	W	H	M	C	P
0	0.04645	0.01342	0.13783	0.04957	0.16298	0.01102	0.21176	0.01537	0.01180	0.07707	0.01750	0.05051	0.11667	0.00678	0.00621	0.00175	0.04678	0.00627	0.00329	0.00696
1	0.01386	0.07068	0.06239	0.06881	0.43717	0.10462	0.01399	0.04339	0.10130	0.01729	0.01094	0.01306	0.00884	0.00518	0.00506	0.00156	0.00649	0.00453	0.00298	0.00784
2	0.01060	0.02735	0.78682	0.01507	0.02288	0.01228	0.01953	0.01674	0.01116	0.01674	0.00949	0.01116	0.00670	0.00502	0.00502	0.00167	0.00781	0.00391	0.00223	0.00781
3	0.00654	0.00467	0.00625	0.00748	0.00783	0.00438	0.00508	0.00754	0.01022	0.01361	0.02908	0.77424	0.03474	0.01647	0.00677	0.00216	0.00315	0.05055	0.00491	0.00432
4	0.01097	0.06397	0.67210	0.01553	0.02292	0.01281	0.09590	0.01672	0.01128	0.01655	0.00951	0.01135	0.00684	0.00494	0.00507	0.00166	0.00782	0.00410	0.00228	0.00769
5	0.03391	0.01117	0.18251	0.00989	0.01309	0.00750	0.00976	0.01393	0.01241	0.13282	0.08718	0.08044	0.11381	0.01063	0.00614	0.00196	0.00489	0.25731	0.00457	0.00610
6	0.00662	0.00494	0.00604	0.00680	0.00755	0.00452	0.00472	0.00770	0.01068	0.01376	0.05346	0.48674	0.23412	0.07849	0.00822	0.00229	0.00320	0.05105	0.00479	0.00430
7	0.04593	0.03008	0.07369	0.06923	0.05149	0.02044	0.06156	0.06428	0.04843	0.10941	0.02261	0.11000	0.12247	0.01008	0.02737	0.00202	0.00541	0.11484	0.00426	0.00641
8	0.01241	0.00854	0.01126	0.07706	0.03242	0.00904	0.02586	0.07530	0.14298	0.12605	0.06752	0.14251	0.02118	0.04029	0.00708	0.00203	0.02743	0.13918	0.02535	0.00648
9	0.00919	0.00668	0.00819	0.07015	0.01129	0.00657	0.00636	0.03919	0.07400	0.07000	0.10799	0.19388	0.28772	0.01200	0.00619	0.00188	0.00364	0.07468	0.00496	0.00543
10	0.01211	0.01312	0.08138	0.21167	0.48605	0.01241	0.07508	0.01568	0.01166	0.01631	0.00984	0.01326	0.00790	0.00485	0.00531	0.00164	0.00679	0.00476	0.00253	0.00764
11	0.04652	0.23483	0.14245	0.05991	0.04793	0.17944	0.01146	0.10850	0.01370	0.07751	0.00995	0.01117	0.00771	0.00595	0.02031	0.00158	0.00697	0.00380	0.00313	0.00718
12	0.12895	0.01179	0.03470	0.01294	0.11979	0.05066	0.00912	0.21602	0.04298	0.10680	0.01542	0.15624	0.01371	0.00764	0.00517	0.00166	0.00507	0.00630	0.01927	0.03577

[dist]
# distance from previous block
# <min> <max>
9	73

[block]
# block no. 3 follows, 46 sequences, length 43
# corresponding to MSA columns:
# 296-338
name=unknown_D
#
# <colnr> <probs for GDERKNQSTAVLIFYWHMCP>
#	G	D	E	R	K	N	Q	S	T	A	V	L	I	F	Y	W	H	M	C	P
0	0.01221	0.02523	0.01222	0.09464	0.03086	0.00945	0.05123	0.19513	0.01522	0.07314	0.13687	0.19648	0.08474	0.00958	0.00581	0.00175	0.00458	0.00837	0.02612	0.00637
1	0.05085	0.06479	0.24081	0.09981	0.32834	0.03690	0.01533	0.01688	0.01173	0.07114	0.01021	0.01239	0.00783	0.00501	0.00497	0.00159	0.00664	0.00428	0.00277	0.00772
2	0.00955	0.00736	0.04241	0.00805	0.00957	0.00694	0.00625	0.02859	0.08422	0.06966	0.06639	0.17719	0.07489	0.16270	0.16452	0.00374	0.02200	0.00831	0.04239	0.00528
3	0.00874	0.00553	0.00699	0.00717	0.00845	0.00500	0.00528	0.01024	0.01203	0.10349	0.16210	0.35028	0.19420	0.03326	0.00692	0.00202	0.00323	0.06486	0.00521	0.00500
4	0.01142	0.01927	0.38941	0.11183	0.14197	0.03168	0.07820	0.04343	0.03063	0.01687	0.01143	0.06911	0.00944	0.00589	0.00532	0.00170	0.00712	0.00518	0.00274	0.00738
5	0.01474	0.24219	0.20114	0.06835	0.05199	0.04020	0.02369	0.10980	0.02966	0.10273	0.01064	0.01186	0.00806	0.00554	0.00547	0.00154	0.05761	0.00407	0.00322	0.00751
6	0.02491	0.01240	0.03080	0.22919	0.19286	0.09997	0.01230	0.11272	0.01386	0.07227	0.02452	0.02004	0.02651	0.00678	0.00547	0.00172	0.00637	0.09680	0.00355	0.00696
7	0.21422	0.01068	0.04051	0.21967	0.21045	0.02269	0.01124	0.02688	0.02184	0.01849	0.06500	0.01604	0.01143	0.00584	0.00480	0.00165	0.00545	0.02853	0.05813	0.00646
8	0.00760	0.00648	0.00887	0.00901	0.05970	0.00586	0.05922	0.00955	0.01251	0.01609	0.19385	0.07734	0.41998	0.02882	0.00671	0.00188	0.00355	0.06322	0.00475	0.00501
9	0.08792	0.21269	0.03619	0.01052	0.01423	0.09109	0.00902	0.27952	0.09459	0.02214	0.01250	0.06410	0.01045	0.00640	0.00465	0.00151	0.00561	0.00477	0.02471	0.00738
10	0.00864	0.00673	0.01002	0.00938	0.01075	0.00648	0.09218	0.06267	0.01151	0.01545	0.05793	0.44956	0.04349	0.05649	0.00851	0.05743	0.00424	0.05850	0.00441	0.02562
11	0.10596	0.29046	0.31061	0.01220	0.05043	0.03914	0.01278	0.01647	0.01105	0.03998	0.00886	0.01020	0.00697	0.00482	0.00421	0.00141	0.00630	0.00344	0.00258	0.06215
12	0.07432	0.01139	0.03317	0.01064	0.01380	0.02427	0.03835	0.22141	0.21385	0.09663	0.05081	0.10709	0.01661	0.02842	0.00602	0.00184	0.00488	0.03409	0.00497	0.00745
13	0.01330	0.01384	0.02678	0.01959	0.02402	0.01400	0.55133	0.11817	0.01357	0.01858	0.01078	0.02647	0.00845	0.00552	0.00754	0.00183	0.11008	0.00597	0.00302	0.00717
14	0.01133	0.02337	0.62887	0.01393	0.02074	0.01121	0.03542	0.01672	0.01183	0.07708	0.07326	0.01487	0.02650	0.00576	0.00520	0.00168	0.00705	0.00468	0.00292	0.00759
15	0.05433	0.01221	0.04214	0.01171	0.04972	0.01240	0.00927	0.40224	0.04739	0.10913	0.01641	0.12862	0.01413	0.01658	0.00570	0.00175	0.00517	0.03756	0.00498	0.01856
16	0.00755	0.00617	0.00921	0.08537	0.01209	0.00623	0.05987	0.00908	0.01049	0.01388	0.02719	0.50102	0.11003	0.03709	0.00748	0.00214	0.03386	0.04054	0.01600	0.00472
17	0.02011	0.01262	0.01425	0.01115	0.01514	0.01341	0.00913	0.45990	0.10752	0.24333	0.01626	0.02728	0.01136	0.00665	0.00533	0.00163	0.00522	0.00521	0.00565	0.00885
18	0.00772	0.00584	0.00724	0.00748	0.00863	0.00570	0.00551	0.01096	0.09948	0.01751	0.30194	0.31811	0.10541	0.01297	0.00640	0.00192	0.00308	0.06374	0.00529	0.00507
19	0.02964	0.18208	0.55127	0.01414	0.02092	0.03379	0.06554	0.01666	0.01121	0.01596	0.00907	0.01074	0.00678	0.00490	0.00474	0.00157	0.00742	0.00381	0.00230	0.00748
20	0.04866	0.00913	0.01205	0.00933	0.01327	0.00816	0.00768	0.05796	0.01537	0.69211	0.05494	0.01845	0.01437	0.00668	0.00529	0.00163	0.00445	0.00541	0.00635	0.00871
21	0.02276	0.00878	0.01196	0.00924	0.01316	0.00761	0.00761	0.02483	0.01512	0.73969	0.06570	0.01927	0.01526	0.00680	0.00537	0.00164	0.00438	0.00557	0.00650	0.00876
22	0.01767	0.02088	0.01433	0.06518	0.05048	0.59111	0.01013	0.03408	0.01430	0.03350	0.01052	0.06751	0.00931	0.00626	0.00495	0.00146	0.00834	0.00450	0.02933	0.00617
23	0.08619	0.01276	0.06854	0.01222	0.06485	0.01248	0.00983	0.33686	0.04748	0.16146	0.01385	0.01459	0.01011	0.01059	0.11153	0.00255	0.00667	0.00481	0.00463	0.00800
24	0.00662	0.00476	0.00626	0.00724	0.00771	0.00443	0.00493	0.00775	0.01073	0.01438	0.11530	0.66684	0.05956	0.03207	0.00710	0.00215	0.00307	0.02976	0.00498	0.00437
25	0.00885	0.00665	0.00972	0.01038	0.06074	0.00652	0.06061	0.01107	0.01138	0.01575	0.02513	0.08437	0.10239	0.07402	0.04262	0.00253	0.00496	0.31735	0.13990	0.00506
26	0.03473	0.01435	0.03353	0.01139	0.01481	0.11966	0.00931	0.41934	0.01926	0.08766	0.04255	0.09579	0.01301	0.00747	0.00580	0.00164	0.03673	0.00576	0.00475	0.02247
27	0.01316	0.01260	0.01922	0.07879	0.38838	0.04768	0.09905	0.06666	0.11068	0.01859	0.06181	0.01565	0.01189	0.00569	0.00573	0.00165	0.02641	0.00531	0.00334	0.00771
28	0.00668	0.00480	0.00635	0.00729	0.00782	0.00447	0.00504	0.00791	0.01101	0.01482	0.14821	0.64400	0.05347	0.01551	0.00668	0.00207	0.00304	0.04135	0.00505	0.00443
29	0.04309	0.01378	0.10247	0.30382	0.11793	0.06661	0.09923	0.06601	0.06650	0.01732	0.04455	0.01458	0.00989	0.00554	0.00530	0.00168	0.00683	0.00494	0.00303	0.00689
30	0.01552	0.06409	0.01284	0.01052	0.03648	0.09630	0.00808	0.08868	0.06136	0.22187	0.08385	0.09103	0.04136	0.04053	0.04169	0.00212	0.06573	0.00641	0.00465	0.00690
31	0.01098	0.03881	0.07562	0.01786	0.02216	0.01140	0.50978	0.01463	0.01178	0.01597	0.01485	0.20150	0.01424	0.00735	0.00619	0.00184	0.00736	0.00804	0.00316	0.00650
32	0.00655	0.00473	0.00622	0.00733	0.00779	0.00440	0.00502	0.00761	0.01047	0.01388	0.05389	0.70975	0.07803	0.01611	0.00673	0.00212	0.00311	0.04695	0.00493	0.00435
33	0.03482	0.01837	0.39082	0.01344	0.01918	0.01071	0.10614	0.01856	0.04607	0.19073	0.06301	0.01645	0.03564	0.00602	0.00533	0.00169	0.00645	0.00516	0.00374	0.00768
34	0.01092	0.00940	0.01118	0.04358	0.01360	0.00726	0.00664	0.01332	0.01094	0.01706	0.00940	0.01110	0.00779	0.00398	0.00398	0.00083	0.00406	0.00320	0.00310	0.80866
35	0.00724	0.00505	0.00587	0.00615	0.00644	0.00490	0.00377	0.00765	0.00875	0.01149	0.02363	0.21045	0.10969	0.52368	0.03939	0.00416	0.00461	0.00968	0.00377	0.00363
36	0.01298	0.01326	0.07114	0.38786	0.06731	0.09207	0.06211	0.12213	0.01334	0.03285	0.01053	0.01369	0.00798	0.00675	0.03609	0.00193	0.00734	0.00468	0.02929	0.00669
37	0.08775	0.00939	0.06043	0.00860	0.01141	0.00839	0.00722	0.11893	0.01388	0.13436	0.20590	0.04362	0.04601	0.07116	0.08952	0.00258	0.00529	0.00648	0.00464	0.06444
38	0.01125	0.02692	0.00828	0.00705	0.00919	0.00587	0.00547	0.01312	0.01358	0.20993	0.27753	0.09921	0.27022	0.01086	0.00598	0.00172	0.00318	0.00927	0.00555	0.00582
39	0.01173	0.00818	0.00951	0.00882	0.01106	0.00849	0.00685	0.03657	0.28563	0.11825	0.14804	0.13710	0.10862	0.01021	0.00594	0.00185	0.00373	0.06732	0.00544	0.00666
40	0.07505	0.46413	0.05646	0.01052	0.01457	0.16501	0.00969	0.09328	0.01279	0.01567	0.00813	0.00935	0.00694	0.00510	0.00441	0.00132	0.03477	0.00325	0.00273	0.00682
41	0.06744	0.09000	0.36535	0.01512	0.02109	0.01286	0.21036	0.01763	0.04532	0.07178	0.02708	0.01303	0.00877	0.00515	0.00514	0.00165	0.00716	0.00466	0.00294	0.00746
42	0.08964	0.06318	0.01369	0.02884	0.08881	0.09146	0.00898	0.07799	0.16117	0.14693	0.02860	0.01880	0.03404	0.00671	0.00504	0.00160	0.00522	0.05788	0.00437	0.06704

[dist]
# distance from previous block
# <min> <max>
3	10

[block]
# block no. 4 follows, 46 sequences, length 81
# corresponding to MSA columns:
# 349-429
name=unknown_E
#
# <colnr> <probs for GDERKNQSTAVLIFYWHMCP>
#	G	D	E	R	K	N	Q	S	T	A	V	L	I	F	Y	W	H	M	C	P
0	0.01721	0.00776	0.01039	0.00874	0.01167	0.00700	0.00709	0.01985	0.04215	0.46492	0.21277	0.05000	0.02485	0.00874	0.00579	0.00174	0.00398	0.08184	0.00610	0.00741
1	0.01196	0.00667	0.00878	0.00813	0.03122	0.00608	0.00606	0.01406	0.01406	0.23052	0.37769	0.07832	0.14821	0.01015	0.00621	0.00171	0.01968	0.00871	0.00567	0.00609
2	0.06364	0.01003	0.01612	0.56544	0.17177	0.01181	0.01399	0.03254	0.01099	0.01521	0.00945	0.01359	0.00732	0.00557	0.00561	0.02691	0.00662	0.00458	0.00253	0.00630
3	0.00658	0.00467	0.00613	0.00720	0.00750	0.00439	0.00475	0.00746	0.01003	0.01340	0.04786	0.71877	0.03391	0.08992	0.00859	0.00241	0.00324	0.01421	0.00477	0.00421
4	0.01938	0.01074	0.01337	0.04960	0.03546	0.01105	0.00896	0.17627	0.15778	0.39294	0.03345	0.01716	0.01297	0.00667	0.00568	0.00168	0.02734	0.00535	0.00563	0.00854
5	0.03299	0.10208	0.03974	0.01352	0.01696	0.33378	0.15968	0.05772	0.05072	0.01614	0.01128	0.05058	0.00952	0.00586	0.00496	0.00150	0.00747	0.00480	0.07419	0.00651
6	0.01293	0.01241	0.02119	0.06994	0.74492	0.01252	0.01615	0.01609	0.01197	0.01709	0.00992	0.01313	0.00831	0.00474	0.00524	0.00158	0.00632	0.00471	0.00260	0.00825
7	0.00793	0.00617	0.00863	0.10228	0.01248	0.00606	0.02937	0.00991	0.01179	0.03011	0.10444	0.23176	0.21661	0.01284	0.00649	0.00201	0.00402	0.18755	0.00465	0.00491
8	0.01279	0.05304	0.04318	0.06608	0.11125	0.08294	0.26775	0.04637	0.01193	0.01594	0.01076	0.06081	0.00940	0.00639	0.00775	0.00178	0.15583	0.00561	0.02368	0.00672
9	0.01308	0.01256	0.02146	0.03245	0.78123	0.01256	0.01622	0.01622	0.01204	0.01727	0.00994	0.01308	0.00837	0.00471	0.00523	0.00157	0.00628	0.00471	0.00262	0.00837
10	0.01540	0.01099	0.01261	0.01040	0.01327	0.01215	0.00842	0.41963	0.01809	0.06395	0.01616	0.05531	0.04908	0.01412	0.16649	0.00305	0.04723	0.00578	0.05059	0.00729
11	0.01233	0.01181	0.02028	0.06098	0.64196	0.01182	0.05152	0.01539	0.01197	0.01694	0.02866	0.05312	0.02825	0.00563	0.00540	0.00162	0.00612	0.00554	0.00284	0.00785
12	0.00998	0.00940	0.01586	0.80150	0.03641	0.01175	0.01468	0.01351	0.01057	0.01351	0.00940	0.01409	0.00705	0.00529	0.00529	0.00176	0.00705	0.00470	0.00235	0.00587
13	0.01977	0.02469	0.01502	0.01355	0.01635	0.75505	0.01021	0.05738	0.01546	0.01393	0.00839	0.00969	0.00692	0.00549	0.00479	0.00137	0.00935	0.00347	0.00285	0.00627
14	0.01281	0.01234	0.02050	0.12230	0.66600	0.02345	0.01579	0.01623	0.02848	0.01687	0.01011	0.01330	0.00837	0.00484	0.00524	0.00159	0.00637	0.00472	0.00265	0.00805
15	0.02948	0.00723	0.01081	0.19331	0.07305	0.00791	0.02425	0.02394	0.01056	0.01455	0.02043	0.45513	0.02276	0.01172	0.00671	0.00198	0.04958	0.01041	0.02096	0.00524
16	0.00920	0.00472	0.00713	0.02879	0.00770	0.00479	0.00487	0.00707	0.00699	0.00930	0.00919	0.01602	0.00912	0.01800	0.02024	0.82292	0.00466	0.00459	0.00230	0.00239
17	0.01056	0.00999	0.01690	0.65827	0.17513	0.01190	0.01497	0.01401	0.01084	0.01421	0.00950	0.01391	0.00729	0.00518	0.00528	0.00173	0.00690	0.00470	0.00240	0.00634
18	0.01295	0.01236	0.02074	0.06642	0.71029	0.01255	0.01578	0.01667	0.04862	0.01733	0.01048	0.01345	0.00869	0.00486	0.00524	0.00159	0.00621	0.00477	0.00274	0.00826
19	0.01127	0.01050	0.01715	0.57526	0.22134	0.02803	0.01482	0.01462	0.01113	0.03198	0.00977	0.01384	0.00751	0.00517	0.00526	0.00170	0.00685	0.00469	0.00252	0.00657
20	0.01308	0.01256	0.02146	0.03245	0.78123	0.01256	0.01622	0.01622	0.01204	0.01727	0.00994	0.01308	0.00837	0.00471	0.00523	0.00157	0.00628	0.00471	0.00262	0.00837
21	0.00998	0.00940	0.01586	0.80150	0.03641	0.01175	0.01468	0.01351	0.01057	0.01351	0.00940	0.01409	0.00705	0.00529	0.00529	0.00176	0.00705	0.00470	0.00235	0.00587
22	0.01239	0.01204	0.02106	0.19137	0.56706	0.01246	0.07477	0.01572	0.01177	0.01646	0.00989	0.01339	0.00807	0.00481	0.00532	0.00163	0.00665	0.00483	0.00257	0.00776
23	0.01049	0.00981	0.01601	0.46530	0.02706	0.01217	0.07382	0.01335	0.01011	0.01404	0.00978	0.01453	0.00797	0.02768	0.00863	0.00194	0.19375	0.00491	0.07286	0.00580
24	0.00754	0.00563	0.00663	0.00631	0.00785	0.00508	0.00473	0.00986	0.03453	0.03590	0.44264	0.04276	0.32998	0.02914	0.00665	0.00179	0.00272	0.00994	0.00541	0.00493
25	0.04862	0.00903	0.01213	0.00933	0.01340	0.00789	0.00771	0.02546	0.01495	0.76199	0.02045	0.01771	0.01286	0.00649	0.00525	0.00164	0.00449	0.00524	0.00644	0.00890
26	0.01066	0.02698	0.76554	0.01527	0.02301	0.01231	0.04045	0.01675	0.01120	0.01675	0.00952	0.01125	0.00673	0.00501	0.00506	0.00168	0.00784	0.00397	0.00224	0.00779
27	0.00990	0.00754	0.01016	0.02740	0.07484	0.02916	0.02370	0.02801	0.04914	0.05293	0.02492	0.26050	0.03701	0.01275	0.00659	0.00213	0.00467	0.32844	0.00465	0.00555
28	0.00836	0.00658	0.00923	0.13929	0.01340	0.00702	0.02247	0.02674	0.01070	0.03323	0.04065	0.37313	0.12648	0.08046	0.02241	0.00236	0.05790	0.01055	0.00415	0.00489
29	0.01830	0.00984	0.01450	0.14838	0.01859	0.02514	0.08545	0.05040	0.02832	0.44705	0.03154	0.07064	0.01344	0.00685	0.00551	0.00170	0.00540	0.00599	0.00515	0.00780
30	0.01308	0.01256	0.02146	0.03245	0.78123	0.01256	0.01622	0.01622	0.01204	0.01727	0.00994	0.01308	0.00837	0.00471	0.00523	0.00157	0.00628	0.00471	0.00262	0.00837
31	0.01068	0.02569	0.71090	0.01616	0.07838	0.01210	0.01892	0.01647	0.01120	0.01670	0.01001	0.03130	0.00753	0.00529	0.00508	0.00168	0.00758	0.00424	0.00233	0.00777
32	0.03268	0.00992	0.01535	0.41880	0.02569	0.01165	0.05931	0.03205	0.01060	0.01507	0.00957	0.01353	0.00767	0.00679	0.03057	0.00190	0.13944	0.00457	0.03791	0.11694
33	0.01258	0.10857	0.61195	0.01374	0.02075	0.01264	0.01699	0.01775	0.01160	0.11017	0.01065	0.01171	0.00749	0.00516	0.00489	0.00161	0.00718	0.00396	0.00276	0.00785
34	0.05866	0.11114	0.05560	0.27443	0.04480	0.03068	0.24347	0.06793	0.01237	0.03700	0.00996	0.01291	0.00755	0.00500	0.00521	0.00165	0.00721	0.00480	0.00281	0.00682
35	0.00765	0.00524	0.00653	0.00657	0.00683	0.00548	0.00420	0.00812	0.00796	0.01086	0.01620	0.05532	0.01787	0.56274	0.22879	0.02817	0.00743	0.00731	0.00314	0.00362
36	0.01247	0.46416	0.32193	0.01160	0.01734	0.01684	0.03203	0.01595	0.01099	0.01428	0.00975	0.01103	0.03153	0.00500	0.00419	0.00138	0.00648	0.00360	0.00235	0.00712
37	0.01179	0.01514	0.15123	0.13871	0.17366	0.01268	0.35431	0.01600	0.01176	0.01631	0.01041	0.02786	0.00819	0.00504	0.00594	0.00174	0.02399	0.00545	0.00257	0.00722
38	0.01678	0.00750	0.00970	0.00807	0.01109	0.00650	0.00647	0.01862	0.01399	0.47250	0.08363	0.07200	0.21350	0.00934	0.00575	0.00172	0.00382	0.02588	0.00594	0.00719
39	0.01439	0.78062	0.02711	0.00926	0.01370	0.05676	0.00910	0.01608	0.01094	0.01246	0.00739	0.00853	0.00679	0.00457	0.00346	0.00114	0.00583	0.00285	0.00228	0.00675
40	0.01107	0.01179	0.04432	0.32021	0.06083	0.01224	0.29857	0.01474	0.01134	0.01522	0.01138	0.01786	0.00952	0.00605	0.00671	0.00186	0.06645	0.07072	0.00270	0.00642
41	0.01154	0.06247	0.67950	0.01504	0.04078	0.05072	0.01827	0.01709	0.01143	0.03227	0.00957	0.01115	0.00688	0.00504	0.00495	0.00163	0.00769	0.00388	0.00236	0.00772
42	0.02293	0.00882	0.01201	0.00927	0.01322	0.00763	0.00763	0.02499	0.01512	0.74759	0.05786	0.01904	0.01488	0.00675	0.00536	0.00164	0.00440	0.00552	0.00651	0.00880
43	0.01431	0.79201	0.02729	0.00919	0.01366	0.04566	0.00908	0.01600	0.01088	0.01245	0.00738	0.00851	0.00679	0.00455	0.00344	0.00114	0.00578	0.00285	0.00228	0.00676
44	0.01078	0.06682	0.74889	0.01477	0.02242	0.01271	0.01901	0.01670	0.01114	0.01653	0.00938	0.01103	0.00670	0.00500	0.00494	0.00165	0.00771	0.00385	0.00223	0.00776
45	0.00920	0.00460	0.00683	0.00683	0.00687	0.00460	0.00457	0.00704	0.00701	0.00948	0.00941	0.01617	0.00931	0.01802	0.02018	0.82243	0.00453	0.00460	0.02596	0.00237
46	0.00968	0.00898	0.01486	0.71533	0.03338	0.01102	0.01369	0.01303	0.01081	0.01382	0.03172	0.01808	0.04833	0.00614	0.00542	0.00178	0.00664	0.02889	0.00265	0.00575
47	0.02155	0.03266	0.07801	0.00980	0.01407	0.00840	0.00873	0.02395	0.01461	0.65992	0.04253	0.01865	0.01383	0.00665	0.00531	0.00164	0.00476	0.02030	0.00600	0.00863
48	0.01075	0.01017	0.01723	0.61229	0.21966	0.01195	0.01506	0.01418	0.01093	0.01443	0.00953	0.01385	0.00737	0.00514	0.00527	0.00171	0.00686	0.00470	0.00241	0.00649
49	0.01079	0.02602	0.71010	0.01580	0.02336	0.01239	0.09491	0.01676	0.01129	0.01676	0.00961	0.01148	0.00683	0.00497	0.00515	0.00169	0.00792	0.00414	0.00228	0.00774
50	0.00688	0.00580	0.00656	0.00724	0.04627	0.00506	0.00516	0.00846	0.01214	0.01479	0.06767	0.04968	0.63685	0.01302	0.00632	0.00184	0.00310	0.09364	0.00481	0.00472
51	0.02363	0.00914	0.01236	0.00947	0.01357	0.00798	0.00783	0.04406	0.01537	0.76626	0.02065	0.01786	0.01298	0.00654	0.00532	0.00163	0.00453	0.00530	0.00651	0.00900
52	0.01350	0.01342	0.02128	0.03099	0.71331	0.06278	0.03437	0.01656	0.01224	0.01698	0.00985	0.01289	0.00826	0.00475	0.00523	0.00156	0.00656	0.00466	0.00263	0.00820
53	0.03647	0.61780	0.12235	0.01006	0.01494	0.01914	0.01039	0.08854	0.01212	0.01531	0.00814	0.00923	0.00696	0.00477	0.00378	0.00126	0.00590	0.00315	0.00258	0.00710
54	0.00784	0.00584	0.00651	0.00651	0.00834	0.00517	0.00514	0.00980	0.03243	0.05835	0.06976	0.04932	0.56550	0.01296	0.00635	0.00188	0.00319	0.13516	0.00504	0.00491
55	0.02372	0.00900	0.01227	0.00941	0.01350	0.00777	0.00777	0.02576	0.01513	0.78489	0.02086	0.01799	0.01309	0.00654	0.00532	0.00164	0.00450	0.00532	0.00654	0.00900
56	0.01379	0.01404	0.02046	0.18216	0.36120	0.11784	0.12364	0.07175	0.01315	0.01707	0.00991	0.01295	0.00789	0.00501	0.00533	0.00161	0.00722	0.00476	0.00278	0.00743
57	0.02719	0.01009	0.01576	0.56385	0.03017	0.01193	0.05503	0.12260	0.01271	0.01690	0.01126	0.06184	0.00917	0.00608	0.00536	0.00175	0.00658	0.00539	0.02006	0.00628
58	0.01299	0.01247	0.02129	0.05559	0.75882	0.01254	0.01618	0.01614	0.01199	0.01716	0.00993	0.01311	0.00833	0.00473	0.00524	0.00158	0.00630	0.00471	0.00261	0.00830
59	0.00764	0.00555	0.00729	0.00725	0.00852	0.00520	0.00570	0.01007	0.01422	0.01969	0.58034	0.04440	0.08242	0.01176	0.00647	0.00183	0.00301	0.16814	0.00557	0.00494
60	0.01135	0.12892	0.59003	0.01395	0.03501	0.01292	0.01672	0.01671	0.03214	0.03778	0.01085	0.05122	0.00859	0.00563	0.00492	0.00163	0.00707	0.00443	0.00259	0.00756
61	0.01429	0.05342	0.08534	0.02595	0.52840	0.07756	0.01495	0.10383	0.01364	0.01851	0.00996	0.01236	0.00810	0.00498	0.00510	0.00154	0.00659	0.00445	0.00289	0.00814
62	0.00852	0.00608	0.00852	0.00974	0.01095	0.00608	0.00852	0.01095	0.01217	0.01582	0.02799	0.05963	0.03042	0.01460	0.00730	0.00243	0.00487	0.74565	0.00487	0.00487
63	0.03229	0.01275	0.02102	0.03150	0.74881	0.02773	0.01587	0.01630	0.01203	0.01733	0.00985	0.01291	0.00828	0.00473	0.00518	0.00157	0.00629	0.00464	0.00263	0.00827
64	0.03438	0.02108	0.48684	0.01549	0.05733	0.01170	0.11592	0.03951	0.01219	0.09826	0.01303	0.01428	0.04494	0.00553	0.00525	0.00168	0.00713	0.00475	0.00301	0.00769
65	0.00634	0.00532	0.00551	0.00554	0.00722	0.00449	0.00413	0.00774	0.01215	0.01471	0.10140	0.08677	0.69387	0.01337	0.00627	0.00179	0.00268	0.01124	0.00497	0.00449
66	0.02261	0.01055	0.07782	0.00988	0.01429	0.00815	0.00877	0.02500	0.01480	0.71988	0.01989	0.01742	0.01255	0.00641	0.00529	0.00164	0.00478	0.00520	0.00618	0.00890
67	0.01290	0.05246	0.08446	0.08033	0.61322	0.01298	0.01590	0.03464	0.01212	0.01714	0.00981	0.01276	0.00809	0.00481	0.00513	0.00157	0.00642	0.00455	0.00262	0.00810
68	0.00922	0.00790	0.01234	0.01438	0.18399	0.00764	0.07610	0.04821	0.01201	0.01626	0.07763	0.40126	0.08824	0.01162	0.00621	0.00189	0.00438	0.01069	0.00427	0.00577
69	0.01308	0.01256	0.02146	0.03245	0.78123	0.01256	0.01622	0.01622	0.01204	0.01727	0.00994	0.01308	0.00837	0.00471	0.00523	0.00157	0.00628	0.00471	0.00262	0.00837
70	0.02238	0.00931	0.02503	0.00945	0.01344	0.00802	0.00789	0.04330	0.02951	0.69974	0.05936	0.01888	0.01482	0.00674	0.00536	0.00164	0.00448	0.00551	0.00638	0.00876
71	0.01425	0.01512	0.01910	0.07623	0.53056	0.19601	0.01435	0.01694	0.01264	0.01592	0.01079	0.01344	0.03092	0.00518	0.00516	0.00154	0.00699	0.00459	0.00269	0.00757
72	0.01061	0.02542	0.69802	0.08185	0.02417	0.01227	0.04226	0.01647	0.01115	0.01647	0.00952	0.01151	0.00677	0.00503	0.00508	0.00168	0.00778	0.00405	0.00226	0.00763
73	0.01089	0.09092	0.72574	0.01458	0.02213	0.01297	0.01869	0.01667	0.01113	0.01640	0.00932	0.01095	0.00670	0.00498	0.00489	0.00163	0.00764	0.00382	0.00223	0.00773
74	0.01115	0.01058	0.01796	0.51275	0.31606	0.01205	0.01526	0.01453	0.01112	0.01492	0.00960	0.01372	0.00755	0.00507	0.00527	0.00169	0.00676	0.00470	0.00245	0.00681
75	0.01332	0.01141	0.01918	0.12601	0.54475	0.01154	0.03431	0.01634	0.01213	0.09114	0.01285	0.02991	0.03261	0.00556	0.00536	0.00163	0.00609	0.01491	0.00311	0.00785
76	0.01087	0.01008	0.01703	0.62136	0.19881	0.01186	0.01491	0.01429	0.01096	0.02611	0.00969	0.01393	0.00743	0.00518	0.00527	0.00172	0.00684	0.00471	0.00247	0.00647
77	0.00644	0.00460	0.00613	0.00736	0.00767	0.00429	0.00491	0.00736	0.01012	0.01350	0.02914	0.81076	0.03497	0.01656	0.00675	0.00215	0.00307	0.01503	0.00491	0.00429
78	0.01083	0.04279	0.71456	0.01574	0.04272	0.01252	0.05505	0.01672	0.01124	0.01668	0.00951	0.01131	0.00681	0.00498	0.00505	0.00167	0.00778	0.00402	0.00226	0.00777
79	0.01923	0.01347	0.01564	0.01189	0.01615	0.01424	0.04568	0.56113	0.02163	0.12475	0.01336	0.01340	0.00942	0.00655	0.01648	0.00163	0.00576	0.00478	0.00510	0.07972
80	0.01124	0.02646	0.74945	0.01479	0.02243	0.01206	0.01896	0.01718	0.01135	0.05380	0.01004	0.01149	0.00701	0.00510	0.00504	0.00167	0.00765	0.00397	0.00244	0.00787

[dist]
# distance from previous block
# <min> <max>
0	6

[block]
# block no. 5 follows, 46 sequences, length 77
# corresponding to MSA columns:
# 436-512
name=unknown_F
#
# <colnr> <probs for GDERKNQSTAVLIFYWHMCP>
#	G	D	E	R	K	N	Q	S	T	A	V	L	I	F	Y	W	H	M	C	P
0	0.00658	0.00469	0.00624	0.00742	0.00776	0.00441	0.00503	0.00755	0.01014	0.01350	0.02866	0.74769	0.03421	0.04356	0.00746	0.00226	0.00323	0.05048	0.00485	0.00428
1	0.01067	0.04274	0.77203	0.01495	0.02270	0.01245	0.01933	0.01672	0.01115	0.01666	0.00945	0.01111	0.00670	0.00501	0.00499	0.00166	0.00777	0.00389	0.00223	0.00779
2	0.00726	0.00542	0.00725	0.00813	0.00882	0.00529	0.01861	0.00942	0.06492	0.01443	0.02814	0.65551	0.03264	0.01546	0.00670	0.00215	0.00345	0.09679	0.00490	0.00470
3	0.02853	0.00657	0.00861	0.00755	0.00965	0.00595	0.00582	0.01483	0.01429	0.26445	0.43097	0.09270	0.04790	0.03017	0.00645	0.00178	0.00328	0.00849	0.00585	0.00618
4	0.00649	0.00464	0.00618	0.00733	0.00768	0.00433	0.00491	0.00749	0.01036	0.01387	0.06576	0.77307	0.03569	0.01628	0.00672	0.00212	0.00304	0.01476	0.00495	0.00433
5	0.00703	0.00554	0.00644	0.00664	0.00819	0.00495	0.00527	0.00886	0.01268	0.01606	0.19671	0.05058	0.45458	0.01314	0.00649	0.00191	0.00315	0.18203	0.00509	0.00467
6	0.00746	0.00540	0.00703	0.00663	0.00788	0.00498	0.00497	0.00993	0.01491	0.02107	0.76475	0.03970	0.06366	0.01086	0.00624	0.00167	0.00250	0.00959	0.00580	0.00498
7	0.01079	0.06882	0.74697	0.01475	0.02239	0.01273	0.01898	0.01669	0.01114	0.01652	0.00937	0.01102	0.00670	0.00500	0.00494	0.00165	0.00770	0.00385	0.00223	0.00776
8	0.01269	0.01430	0.11604	0.05272	0.66564	0.01250	0.01659	0.01621	0.01189	0.01710	0.00987	0.01288	0.00813	0.00477	0.00521	0.00159	0.00649	0.00461	0.00256	0.00823
9	0.00670	0.00478	0.00643	0.00766	0.00807	0.00452	0.00535	0.00781	0.01038	0.01378	0.02900	0.71777	0.03440	0.01632	0.00682	0.00218	0.00329	0.10548	0.00490	0.00437
10	0.01240	0.01412	0.03075	0.04500	0.02789	0.01332	0.74024	0.01683	0.01242	0.01683	0.01066	0.01426	0.00799	0.00448	0.00621	0.00178	0.00886	0.00619	0.00266	0.00709
11	0.01066	0.02694	0.76362	0.01529	0.02303	0.01231	0.04233	0.01675	0.01120	0.01675	0.00952	0.01126	0.00674	0.00501	0.00506	0.00168	0.00785	0.00398	0.00225	0.00779
12	0.00644	0.00460	0.00613	0.00736	0.00767	0.00429	0.00491	0.00736	0.01012	0.01350	0.02914	0.81076	0.03497	0.01656	0.00675	0.00215	0.00307	0.01503	0.00491	0.00429
13	0.01002	0.00945	0.01586	0.78156	0.03584	0.01186	0.01460	0.01349	0.01051	0.01349	0.00933	0.01403	0.00704	0.00539	0.00559	0.00178	0.02724	0.00470	0.00235	0.00587
14	0.02019	0.01416	0.01540	0.01186	0.01604	0.01550	0.00978	0.67132	0.04934	0.10149	0.01374	0.01341	0.00961	0.00639	0.00529	0.00160	0.00564	0.00485	0.00541	0.00897
15	0.00651	0.00525	0.00580	0.00614	0.00754	0.00458	0.00456	0.00785	0.01163	0.01429	0.05826	0.20707	0.54122	0.02860	0.00681	0.00197	0.00297	0.06963	0.00489	0.00445
16	0.00998	0.00940	0.01586	0.80150	0.03641	0.01175	0.01468	0.01351	0.01057	0.01351	0.00940	0.01409	0.00705	0.00529	0.00529	0.00176	0.00705	0.00470	0.00235	0.00587
17	0.00663	0.00537	0.00588	0.00575	0.00737	0.00462	0.00431	0.00832	0.01294	0.01640	0.27517	0.04740	0.55615	0.01260	0.00624	0.00175	0.00262	0.01067	0.00519	0.00462
18	0.01253	0.03372	0.20630	0.04807	0.02585	0.01294	0.50858	0.01717	0.01219	0.05420	0.01079	0.01359	0.00790	0.00472	0.00582	0.00174	0.00830	0.00552	0.00274	0.00733
19	0.01294	0.01241	0.02120	0.06833	0.74649	0.01252	0.01615	0.01610	0.01197	0.01710	0.00992	0.01313	0.00831	0.00474	0.00524	0.00158	0.00632	0.00471	0.00260	0.00826
20	0.00675	0.00482	0.00648	0.00771	0.00815	0.00456	0.00544	0.00789	0.01042	0.01384	0.02897	0.70080	0.03430	0.01628	0.00683	0.00219	0.00333	0.12198	0.00490	0.00438
21	0.01307	0.01255	0.02128	0.03134	0.73317	0.01260	0.03239	0.01673	0.04312	0.01746	0.01043	0.01338	0.00868	0.00481	0.00526	0.00158	0.00625	0.00480	0.00273	0.00835
22	0.01308	0.01256	0.02146	0.03245	0.78123	0.01256	0.01622	0.01622	0.01204	0.01727	0.00994	0.01308	0.00837	0.00471	0.00523	0.00157	0.00628	0.00471	0.00262	0.00837
23	0.01248	0.01426	0.03119	0.02228	0.02763	0.01337	0.76203	0.01693	0.01248	0.01693	0.01070	0.01426	0.00802	0.00446	0.00624	0.00178	0.00891	0.00624	0.00267	0.00713
24	0.85155	0.01022	0.00777	0.00695	0.01022	0.01186	0.00573	0.01554	0.00900	0.02372	0.00736	0.00859	0.00573	0.00491	0.00327	0.00164	0.00409	0.00286	0.00327	0.00573
25	0.01142	0.01118	0.01570	0.05199	0.01465	0.01550	0.01139	0.01274	0.00834	0.01306	0.00750	0.01203	0.00722	0.00893	0.01618	0.00224	0.73160	0.00464	0.03793	0.00575
26	0.00763	0.00510	0.00578	0.00585	0.00586	0.00508	0.00329	0.00767	0.00781	0.01041	0.01728	0.07315	0.02000	0.77458	0.02591	0.00498	0.00502	0.00805	0.00329	0.00326
27	0.00665	0.00471	0.00605	0.00703	0.00732	0.00444	0.00459	0.00742	0.00975	0.01295	0.02758	0.65639	0.05106	0.15536	0.01024	0.00266	0.00342	0.01365	0.00461	0.00411
28	0.01096	0.00940	0.01096	0.00783	0.01253	0.00705	0.00626	0.01331	0.01096	0.01723	0.00940	0.01096	0.00783	0.00392	0.00392	0.00078	0.00392	0.00313	0.00313	0.84653
29	0.01108	0.09626	0.66932	0.01568	0.07194	0.01306	0.01839	0.01663	0.01118	0.01640	0.00933	0.01105	0.00681	0.00496	0.00489	0.00162	0.00752	0.00386	0.00226	0.00776
30	0.01060	0.02735	0.78682	0.01507	0.02288	0.01228	0.01953	0.01674	0.01116	0.01674	0.00949	0.01116	0.00670	0.00502	0.00502	0.00167	0.00781	0.00391	0.00223	0.00781
31	0.01441	0.77804	0.02707	0.00927	0.01371	0.05927	0.00910	0.01609	0.01095	0.01246	0.00739	0.00853	0.00679	0.00457	0.00346	0.00114	0.00585	0.00286	0.00228	0.00675
32	0.01446	0.77115	0.02696	0.00931	0.01373	0.06598	0.00911	0.01614	0.01099	0.01247	0.00740	0.00854	0.00679	0.00458	0.00347	0.00114	0.00588	0.00286	0.00229	0.00675
33	0.01266	0.01352	0.07844	0.02983	0.66416	0.01233	0.05254	0.01603	0.01199	0.01712	0.01129	0.01416	0.03189	0.00499	0.00530	0.00159	0.00641	0.00492	0.00266	0.00815
34	0.00767	0.00518	0.00604	0.00604	0.00613	0.00527	0.00354	0.00786	0.00777	0.01045	0.01641	0.03322	0.01862	0.73702	0.10328	0.00546	0.00603	0.00749	0.00317	0.00335
35	0.00683	0.00486	0.00633	0.00729	0.00773	0.00460	0.00500	0.00787	0.01030	0.01371	0.06542	0.58569	0.05504	0.11475	0.00925	0.00251	0.00345	0.08038	0.00474	0.00425
36	0.01150	0.12877	0.66246	0.01410	0.02136	0.01324	0.01778	0.01693	0.01124	0.04228	0.00960	0.01105	0.00693	0.00501	0.00482	0.00160	0.00742	0.00381	0.00238	0.00772
37	0.01167	0.01056	0.01687	0.59248	0.12547	0.01246	0.03022	0.10677	0.01256	0.01650	0.00990	0.01380	0.00747	0.00533	0.00530	0.00172	0.00684	0.00474	0.00275	0.00659
38	0.00743	0.00540	0.00700	0.00660	0.00787	0.00497	0.00495	0.00988	0.01485	0.02092	0.74879	0.03996	0.07971	0.01091	0.00624	0.00167	0.00250	0.00963	0.00578	0.00497
39	0.01079	0.01068	0.01948	0.56916	0.10889	0.01215	0.16416	0.01446	0.01110	0.01457	0.00971	0.01403	0.00737	0.00506	0.00547	0.00175	0.00734	0.00501	0.00244	0.00637
40	0.02212	0.00897	0.01199	0.00930	0.01315	0.00796	0.00764	0.06137	0.01560	0.68046	0.08668	0.01961	0.01610	0.00691	0.00540	0.00164	0.00439	0.00566	0.00642	0.00865
41	0.02287	0.00905	0.01244	0.04878	0.01464	0.00805	0.00812	0.02519	0.02697	0.73441	0.02030	0.01783	0.01283	0.00649	0.00532	0.00164	0.00462	0.00530	0.00632	0.00883
42	0.00778	0.00547	0.00714	0.00669	0.00797	0.00504	0.00501	0.01023	0.01486	0.03498	0.75327	0.03902	0.04875	0.02269	0.00653	0.00171	0.00257	0.00946	0.00579	0.00503
43	0.01139	0.02550	0.69667	0.01556	0.04275	0.01211	0.05031	0.01718	0.01143	0.05430	0.01011	0.01168	0.00711	0.00506	0.00509	0.00167	0.00766	0.00410	0.00247	0.00786
44	0.01075	0.02514	0.67259	0.01574	0.02307	0.01222	0.11106	0.01659	0.01143	0.01688	0.03004	0.01230	0.00801	0.00511	0.00521	0.00169	0.00781	0.00435	0.00238	0.00765
45	0.01060	0.02735	0.78682	0.01507	0.02288	0.01228	0.01953	0.01674	0.01116	0.01674	0.00949	0.01116	0.00670	0.00502	0.00502	0.00167	0.00781	0.00391	0.00223	0.00781
46	0.01078	0.06659	0.74911	0.01477	0.02242	0.01271	0.01901	0.01670	0.01114	0.01653	0.00938	0.01103	0.00670	0.00500	0.00494	0.00165	0.00771	0.00385	0.00223	0.00776
47	0.01115	0.01082	0.01591	0.62831	0.03196	0.05933	0.03013	0.03323	0.05942	0.01454	0.01008	0.01402	0.00767	0.00562	0.00588	0.00176	0.04664	0.00473	0.00264	0.00615
48	0.01233	0.01529	0.09056	0.02171	0.02726	0.01328	0.70370	0.01692	0.01237	0.01692	0.01060	0.01402	0.00792	0.00450	0.00614	0.00177	0.00883	0.00606	0.00264	0.00718
49	0.02299	0.00898	0.01213	0.00935	0.01333	0.00784	0.00771	0.04084	0.01533	0.73799	0.05132	0.01875	0.01449	0.00671	0.00535	0.00164	0.00445	0.00548	0.00649	0.00883
50	0.01474	0.00861	0.01316	0.03189	0.10436	0.00791	0.07858	0.01702	0.01305	0.30565	0.04831	0.12401	0.09574	0.00889	0.00584	0.00178	0.00477	0.07819	0.00495	0.03255
51	0.01961	0.00948	0.01172	0.00946	0.01290	0.02267	0.00763	0.11041	0.06824	0.49507	0.05319	0.05993	0.03464	0.03603	0.00624	0.00181	0.00455	0.02238	0.00594	0.00809
52	0.03489	0.00850	0.01147	0.00909	0.01273	0.00743	0.00739	0.02340	0.01456	0.67742	0.04444	0.09254	0.01613	0.00758	0.00545	0.00168	0.00430	0.00631	0.00632	0.00838
53	0.02116	0.00886	0.01165	0.00920	0.01293	0.00795	0.00750	0.03774	0.06468	0.64031	0.04292	0.03644	0.05918	0.00729	0.00543	0.00166	0.00431	0.00600	0.00630	0.00849
54	0.01440	0.44677	0.12841	0.07528	0.01697	0.15122	0.01096	0.01676	0.01168	0.04075	0.02275	0.01054	0.00786	0.00525	0.00444	0.01657	0.00662	0.00347	0.00256	0.00670
55	0.01373	0.01100	0.01175	0.01084	0.02697	0.03831	0.00831	0.02535	0.57980	0.08720	0.02106	0.02260	0.01657	0.04172	0.00640	0.00195	0.00452	0.05884	0.00521	0.00788
56	0.01448	0.46275	0.11730	0.04403	0.01589	0.06323	0.01063	0.06539	0.03791	0.05422	0.00946	0.01064	0.00772	0.00524	0.00470	0.00137	0.04301	0.00356	0.02141	0.00706
57	0.02211	0.00999	0.01239	0.00978	0.01368	0.03631	0.00798	0.03908	0.11595	0.64279	0.02035	0.01783	0.01320	0.00658	0.00530	0.00165	0.00466	0.00533	0.00623	0.00881
58	0.02153	0.01114	0.10797	0.01001	0.01446	0.00823	0.00913	0.02410	0.01463	0.66338	0.04566	0.01789	0.01357	0.00650	0.00531	0.00164	0.00484	0.00529	0.00598	0.00871
59	0.01323	0.01354	0.11443	0.15657	0.49300	0.01195	0.01561	0.01670	0.01197	0.08659	0.01079	0.01346	0.00837	0.00501	0.00522	0.00162	0.00644	0.00466	0.00288	0.00794
60	0.02826	0.59544	0.05983	0.00997	0.01422	0.09176	0.00958	0.01729	0.04842	0.04605	0.00878	0.00975	0.00749	0.00500	0.00419	0.00128	0.02988	0.00325	0.00265	0.00689
61	0.02220	0.00866	0.01178	0.00915	0.01297	0.00751	0.00751	0.02429	0.01512	0.71356	0.09162	0.02000	0.01652	0.00694	0.00540	0.00164	0.00431	0.00571	0.00648	0.00862
62	0.00625	0.00536	0.00536	0.00536	0.00714	0.00446	0.00402	0.00759	0.01205	0.01428	0.05355	0.05088	0.77909	0.01339	0.00625	0.00179	0.00268	0.01116	0.00491	0.00446
63	0.02008	0.00869	0.01140	0.00929	0.01271	0.00794	0.00745	0.03872	0.08570	0.58287	0.02198	0.13580	0.01654	0.00809	0.00553	0.00173	0.00428	0.00681	0.00616	0.00824
64	0.01494	0.01296	0.01249	0.01090	0.01402	0.09952	0.00853	0.14194	0.49210	0.05135	0.02068	0.01942	0.06303	0.00723	0.00535	0.00171	0.00495	0.00581	0.00508	0.00799
65	0.02069	0.01030	0.08398	0.00959	0.01366	0.00789	0.00849	0.02307	0.01444	0.62767	0.07298	0.01955	0.01533	0.03974	0.00624	0.00178	0.00469	0.00558	0.00595	0.00837
66	0.01102	0.02540	0.70840	0.01464	0.02195	0.01178	0.03189	0.01674	0.01131	0.04914	0.01079	0.04422	0.00815	0.00555	0.00513	0.00169	0.00750	0.00446	0.00253	0.00771
67	0.03501	0.09748	0.48985	0.01526	0.08988	0.06785	0.03232	0.01635	0.01175	0.01667	0.07070	0.01323	0.01032	0.00542	0.00495	0.00159	0.00709	0.00432	0.00263	0.00735
68	0.01869	0.01325	0.01440	0.01133	0.01520	0.01448	0.00924	0.54961	0.12832	0.09912	0.01621	0.01599	0.03773	0.02433	0.00581	0.00170	0.00534	0.00527	0.00536	0.00862
69	0.03702	0.01080	0.04661	0.61359	0.03136	0.03548	0.01359	0.01581	0.08196	0.04740	0.01092	0.01436	0.00809	0.00550	0.00521	0.00174	0.00669	0.00472	0.00284	0.00632
70	0.01246	0.04501	0.01942	0.06641	0.56146	0.05063	0.03064	0.01523	0.01183	0.01619	0.01211	0.11154	0.01145	0.00623	0.00535	0.00163	0.00612	0.00588	0.00288	0.00754
71	0.01571	0.04311	0.01216	0.00974	0.01282	0.02770	0.00780	0.07066	0.30593	0.23982	0.13560	0.02183	0.04140	0.00757	0.00567	0.00169	0.02130	0.00619	0.00551	0.00779
72	0.01127	0.00817	0.00990	0.00873	0.01125	0.00811	0.03725	0.04174	0.21242	0.10946	0.12371	0.08654	0.23227	0.00996	0.00587	0.00176	0.00378	0.03711	0.00520	0.03549
73	0.07771	0.08890	0.07644	0.03245	0.05950	0.01316	0.29522	0.08952	0.02914	0.01805	0.01262	0.03217	0.04615	0.00619	0.00645	0.02760	0.04907	0.00543	0.00310	0.03113
74	0.10707	0.03148	0.01409	0.01177	0.01481	0.33590	0.04068	0.18251	0.05117	0.03814	0.01203	0.02753	0.02522	0.03917	0.00596	0.00167	0.02060	0.00453	0.02897	0.00671
75	0.03002	0.02539	0.04194	0.01450	0.12268	0.01064	0.12350	0.05657	0.08610	0.03711	0.11519	0.07227	0.01787	0.09320	0.01923	0.00222	0.08322	0.01983	0.02211	0.00643
