[name]
unknown

[dist]
# distance from previous block
# <min> <max>
1	112

[block]
# block no. 0 follows, 44 sequences, length 9
# corresponding to MSA columns:
# 142-150
name=unknown_A
#
# <colnr> <probs for GDERKNQSTAVLIFYWHMCP>
#	G	D	E	R	K	N	Q	S	T	A	V	L	I	F	Y	W	H	M	C	P
0	0.04040	0.01156	0.01332	0.03894	0.06408	0.01218	0.00879	0.33799	0.06668	0.05603	0.01633	0.01904	0.05784	0.10947	0.02767	0.00222	0.00556	0.00557	0.00455	0.10177
1	0.01639	0.05263	0.01264	0.02571	0.01333	0.02614	0.00792	0.10712	0.07687	0.27735	0.07183	0.07341	0.07687	0.00921	0.03159	0.00191	0.03816	0.00655	0.00522	0.06916
2	0.13758	0.01158	0.01373	0.13371	0.03480	0.01283	0.03377	0.31432	0.04822	0.03932	0.01511	0.08253	0.03454	0.05609	0.00670	0.00197	0.00557	0.00600	0.00438	0.00726
3	0.61899	0.01108	0.04542	0.07447	0.01366	0.01197	0.00763	0.03373	0.03786	0.02246	0.00911	0.01099	0.00716	0.00809	0.06655	0.00227	0.00553	0.00356	0.00334	0.00612
4	0.00854	0.00635	0.00833	0.14942	0.01329	0.00632	0.00663	0.01025	0.01165	0.05539	0.09765	0.16209	0.27979	0.12179	0.00927	0.00238	0.00416	0.03721	0.00451	0.00497
5	0.01153	0.00709	0.00800	0.04546	0.00989	0.00778	0.00587	0.10718	0.01289	0.02100	0.01595	0.01860	0.01258	0.00797	0.03744	0.00173	0.05700	0.00506	0.60126	0.00571
6	0.01369	0.07911	0.02094	0.01629	0.05874	0.04048	0.20338	0.09051	0.12315	0.01798	0.01150	0.01413	0.00937	0.00813	0.04047	0.00217	0.23415	0.00527	0.00330	0.00724
7	0.01083	0.00742	0.00881	0.00821	0.01000	0.00745	0.00611	0.08077	0.12061	0.08484	0.24144	0.21371	0.08944	0.07531	0.00797	0.00214	0.00368	0.00981	0.00544	0.00601
8	0.01665	0.00845	0.01073	0.00882	0.01196	0.00772	0.00701	0.06849	0.05053	0.36775	0.19054	0.08737	0.06038	0.00872	0.00575	0.00168	0.00400	0.00739	0.00596	0.07010

[dist]
# distance from previous block
# <min> <max>
3	21

[block]
# block no. 1 follows, 44 sequences, length 10
# corresponding to MSA columns:
# 172-181
name=unknown_B
#
# <colnr> <probs for GDERKNQSTAVLIFYWHMCP>
#	G	D	E	R	K	N	Q	S	T	A	V	L	I	F	Y	W	H	M	C	P
0	0.01399	0.00809	0.00899	0.00782	0.01017	0.04702	0.00591	0.01605	0.04483	0.27466	0.09412	0.03313	0.23658	0.16234	0.01007	0.00241	0.00430	0.00799	0.00528	0.00625
1	0.01137	0.06702	0.46773	0.01397	0.07227	0.03984	0.01505	0.01612	0.01187	0.01772	0.04904	0.01457	0.01060	0.00566	0.00489	0.00159	0.00655	0.00450	0.16237	0.00726
2	0.01245	0.14653	0.37180	0.01230	0.01798	0.01228	0.04939	0.04125	0.01257	0.09366	0.01947	0.01982	0.15399	0.00692	0.00525	0.00166	0.00633	0.00557	0.00341	0.00736
3	0.00762	0.00559	0.00744	0.00719	0.00840	0.00541	0.00541	0.00995	0.01381	0.01943	0.56208	0.06858	0.07853	0.01720	0.15559	0.00309	0.00490	0.00940	0.00533	0.00504
4	0.01230	0.01137	0.01786	0.07874	0.49628	0.03154	0.01365	0.03531	0.01333	0.01857	0.15671	0.02119	0.01789	0.00670	0.00570	0.00169	0.00578	0.04430	0.00351	0.00756
5	0.01274	0.03333	0.01632	0.09403	0.01739	0.09862	0.10561	0.08402	0.01312	0.01760	0.15533	0.01880	0.01653	0.03065	0.00978	0.00196	0.23194	0.00589	0.03007	0.00627
6	0.00692	0.00549	0.00587	0.00581	0.00721	0.00482	0.00414	0.00822	0.01203	0.01503	0.15807	0.04745	0.51760	0.16525	0.01051	0.00248	0.00321	0.01057	0.00487	0.00444
7	0.00710	0.00504	0.00639	0.00713	0.00759	0.00476	0.00476	0.00810	0.01064	0.01423	0.11393	0.49199	0.07014	0.18601	0.01135	0.00281	0.00359	0.03536	0.00479	0.00430
8	0.17167	0.26710	0.36068	0.01158	0.01735	0.01497	0.01332	0.01639	0.01114	0.01749	0.04655	0.01160	0.00896	0.00529	0.00437	0.00154	0.00636	0.00377	0.00270	0.00717
9	0.00958	0.00753	0.01115	0.01420	0.15678	0.00754	0.00982	0.01243	0.03303	0.01675	0.05099	0.12048	0.02776	0.01295	0.00698	0.00227	0.00502	0.48435	0.00463	0.00576

[dist]
# distance from previous block
# <min> <max>
0	15

[block]
# block no. 2 follows, 44 sequences, length 102
# corresponding to MSA columns:
# 197-238,241-257,267-309
name=unknown_C
#
# <colnr> <probs for GDERKNQSTAVLIFYWHMCP>
#	G	D	E	R	K	N	Q	S	T	A	V	L	I	F	Y	W	H	M	C	P
0	0.02446	0.00928	0.01265	0.00970	0.01392	0.00801	0.00801	0.02657	0.01560	0.77817	0.02151	0.01856	0.01350	0.00675	0.00548	0.00169	0.00464	0.00548	0.00675	0.00928
1	0.01248	0.01322	0.05652	0.39041	0.25185	0.06264	0.07876	0.03967	0.01231	0.01616	0.01000	0.01374	0.00779	0.00523	0.00547	0.00172	0.00736	0.00486	0.00265	0.00715
2	0.01039	0.00975	0.01624	0.77350	0.03690	0.01215	0.01496	0.01435	0.03185	0.01418	0.01004	0.01470	0.00753	0.00550	0.00545	0.00182	0.00719	0.00488	0.00251	0.00613
3	0.02437	0.00943	0.01274	0.00977	0.01399	0.00823	0.00807	0.04461	0.01585	0.75978	0.02130	0.01842	0.01339	0.00674	0.00548	0.00169	0.00467	0.00547	0.00672	0.00928
4	0.01982	0.01376	0.01510	0.01185	0.01587	0.01498	0.00968	0.58408	0.07337	0.11323	0.01561	0.06060	0.01180	0.00724	0.00555	0.00169	0.00557	0.00568	0.00558	0.00894
5	0.01436	0.01125	0.01467	0.01207	0.01511	0.01188	0.10832	0.31295	0.10642	0.03949	0.01926	0.25262	0.01839	0.02852	0.00658	0.00195	0.00533	0.00853	0.00496	0.00734
6	0.01057	0.00995	0.01678	0.69434	0.11869	0.01205	0.01511	0.01411	0.01106	0.01436	0.01018	0.03090	0.00802	0.00563	0.00548	0.00180	0.00709	0.00507	0.00251	0.00631
7	0.01104	0.01054	0.01676	0.69056	0.06063	0.03405	0.03174	0.02804	0.03570	0.01478	0.01017	0.01453	0.00767	0.00550	0.00546	0.00180	0.00724	0.00489	0.00261	0.00632
8	0.01138	0.15071	0.64027	0.01428	0.02163	0.01384	0.01799	0.01685	0.01147	0.01650	0.01071	0.01223	0.02840	0.00534	0.00495	0.00164	0.00756	0.00406	0.00238	0.00779
9	0.00806	0.00584	0.00731	0.00690	0.00836	0.00541	0.00519	0.01088	0.04171	0.03584	0.61285	0.06075	0.14749	0.01144	0.00639	0.00175	0.00272	0.01001	0.00585	0.00526
10	0.00712	0.00508	0.00649	0.00738	0.00780	0.00487	0.00490	0.02075	0.01032	0.01373	0.02814	0.61469	0.05981	0.14274	0.03665	0.00290	0.00392	0.01364	0.00472	0.00436
11	0.01189	0.01177	0.01634	0.01406	0.01420	0.01634	0.01168	0.01363	0.03666	0.01347	0.00790	0.01247	0.00767	0.01022	0.03612	0.00252	0.74966	0.00485	0.00252	0.00604
12	0.01370	0.01178	0.01241	0.01112	0.01423	0.01363	0.00866	0.04345	0.74984	0.02304	0.02201	0.02020	0.01650	0.00738	0.00555	0.00184	0.00435	0.00614	0.00555	0.00864
13	0.01600	0.56581	0.05752	0.01079	0.01518	0.18588	0.01011	0.05716	0.01282	0.01428	0.00815	0.00933	0.00712	0.00499	0.00398	0.00127	0.00680	0.00320	0.00260	0.00702
14	0.00793	0.00529	0.00595	0.00595	0.00595	0.00529	0.00330	0.00793	0.00793	0.01057	0.01718	0.03568	0.01982	0.80840	0.02775	0.00529	0.00529	0.00793	0.00330	0.00330
15	0.00664	0.00474	0.00633	0.00759	0.00791	0.00443	0.00506	0.00759	0.01044	0.01392	0.03005	0.80485	0.03606	0.01708	0.00696	0.00221	0.00316	0.01550	0.00506	0.00443
16	0.01350	0.01166	0.01230	0.01102	0.01415	0.01341	0.00858	0.02860	0.74609	0.02268	0.02188	0.02012	0.01643	0.00731	0.00551	0.00182	0.00431	0.00609	0.00549	0.02904
17	0.01130	0.00969	0.01130	0.00807	0.01292	0.00727	0.00646	0.01373	0.01130	0.01776	0.00969	0.01130	0.00807	0.00404	0.00404	0.00081	0.00404	0.00323	0.00323	0.84173
18	0.01130	0.00969	0.01130	0.00807	0.01292	0.00727	0.00646	0.01373	0.01130	0.01776	0.00969	0.01130	0.00807	0.00404	0.00404	0.00081	0.00404	0.00323	0.00323	0.84173
19	0.00807	0.00599	0.00717	0.00677	0.00839	0.00552	0.00511	0.01099	0.05583	0.03832	0.49928	0.04254	0.26249	0.01162	0.00636	0.00176	0.00277	0.01004	0.00572	0.00528
20	0.00708	0.00533	0.00722	0.00760	0.00849	0.00490	0.02602	0.00860	0.01204	0.01620	0.22771	0.49790	0.12092	0.01480	0.00675	0.00203	0.00313	0.01332	0.00524	0.00472
21	0.01336	0.01325	0.05575	0.10217	0.65292	0.01274	0.01652	0.01675	0.01232	0.03700	0.01047	0.01363	0.00856	0.00498	0.00539	0.00164	0.00657	0.00483	0.00276	0.00839
22	0.01114	0.07268	0.73749	0.01519	0.02305	0.01317	0.01953	0.01721	0.01149	0.01701	0.00966	0.01135	0.00691	0.00515	0.00508	0.00169	0.00793	0.00397	0.00230	0.00800
23	0.02091	0.01351	0.01503	0.01161	0.01579	0.01447	0.00956	0.55367	0.04208	0.19079	0.01529	0.01472	0.01054	0.00660	0.00540	0.00164	0.00553	0.00507	0.03872	0.00909
24	0.00872	0.00636	0.00858	0.00950	0.01086	0.00634	0.00814	0.01166	0.04100	0.01707	0.11019	0.05724	0.07209	0.01428	0.00728	0.00236	0.00461	0.59341	0.00515	0.00515
25	0.01110	0.00862	0.01117	0.01013	0.01201	0.03700	0.07732	0.14029	0.01388	0.05260	0.04021	0.43644	0.05919	0.03970	0.00719	0.00211	0.00462	0.02572	0.00486	0.00583
26	0.01483	0.00731	0.00953	0.00822	0.01076	0.00660	0.00642	0.01748	0.04692	0.34042	0.28267	0.11857	0.08717	0.01000	0.00605	0.00178	0.00360	0.00862	0.00612	0.00692
27	0.00664	0.00487	0.00623	0.00729	0.00784	0.00447	0.00494	0.00768	0.01082	0.01419	0.04863	0.68494	0.13847	0.01651	0.00688	0.00215	0.00310	0.01483	0.00508	0.00447
28	0.07961	0.02447	0.61051	0.01576	0.05633	0.01244	0.05393	0.01727	0.01156	0.03799	0.01039	0.01274	0.00764	0.00537	0.00516	0.00174	0.00758	0.01906	0.00260	0.00784
29	0.01325	0.01271	0.02169	0.09141	0.71834	0.01289	0.01661	0.01652	0.01230	0.01752	0.01021	0.01357	0.00853	0.00490	0.00540	0.00163	0.00654	0.00486	0.00268	0.00844
30	0.00677	0.00481	0.00632	0.00744	0.00776	0.00451	0.00493	0.00769	0.01038	0.01387	0.04866	0.72499	0.03521	0.07829	0.00856	0.00244	0.00331	0.01476	0.00495	0.00436
31	0.02417	0.00974	0.01294	0.00992	0.01415	0.00870	0.00820	0.08316	0.01638	0.72049	0.02086	0.01813	0.01317	0.00673	0.00548	0.00168	0.00474	0.00544	0.00665	0.00928
32	0.05268	0.77501	0.02763	0.00923	0.01383	0.02114	0.00917	0.01631	0.01100	0.01336	0.00758	0.00875	0.00695	0.00468	0.00349	0.00119	0.00576	0.00292	0.00238	0.00695
33	0.00711	0.00548	0.00651	0.00646	0.00787	0.00488	0.00481	0.00904	0.01365	0.01805	0.39071	0.12412	0.34071	0.01291	0.00651	0.00183	0.00276	0.02624	0.00551	0.00485
34	0.01375	0.01372	0.04666	0.08354	0.62590	0.04788	0.01604	0.01734	0.03239	0.03503	0.01069	0.01363	0.00873	0.00505	0.00538	0.00163	0.00664	0.00482	0.00284	0.00835
35	0.03979	0.00843	0.01089	0.00873	0.01226	0.00743	0.00709	0.02187	0.03208	0.55169	0.08728	0.02592	0.14559	0.00828	0.00567	0.00172	0.00414	0.00681	0.00629	0.00805
36	0.00745	0.00554	0.00690	0.00660	0.00794	0.00503	0.00491	0.00971	0.01459	0.02008	0.60207	0.06111	0.18728	0.02840	0.00689	0.00182	0.00268	0.01027	0.00574	0.00499
37	0.03909	0.01029	0.01302	0.00995	0.01423	0.00944	0.00820	0.14069	0.01666	0.57436	0.01879	0.01682	0.01217	0.00643	0.00530	0.00160	0.00479	0.00513	0.00615	0.08690
38	0.01306	0.01499	0.03082	0.02222	0.02749	0.04863	0.70363	0.01743	0.01293	0.01719	0.01135	0.03262	0.00885	0.00493	0.00638	0.00183	0.00908	0.00651	0.00281	0.00724
39	0.84691	0.01054	0.00801	0.00717	0.01054	0.01223	0.00590	0.01603	0.00928	0.02446	0.00759	0.00886	0.00590	0.00506	0.00337	0.00169	0.00422	0.00295	0.00337	0.00590
40	0.84691	0.01054	0.00801	0.00717	0.01054	0.01223	0.00590	0.01603	0.00928	0.02446	0.00759	0.00886	0.00590	0.00506	0.00337	0.00169	0.00422	0.00295	0.00337	0.00590
41	0.00779	0.00584	0.00876	0.00876	0.00974	0.00681	0.00681	0.00974	0.00876	0.01266	0.01460	0.02142	0.01363	0.04089	0.78680	0.00876	0.01460	0.00584	0.00292	0.00487
42	0.01130	0.00969	0.01130	0.00807	0.01292	0.00727	0.00646	0.01373	0.01130	0.01776	0.00969	0.01130	0.00807	0.00404	0.00404	0.00081	0.00404	0.00323	0.00323	0.84173
43	0.01227	0.01891	0.26516	0.02066	0.02697	0.01344	0.52582	0.01740	0.01244	0.01740	0.01064	0.01371	0.00785	0.00478	0.00604	0.00180	0.00884	0.00568	0.00262	0.00757
44	0.02446	0.00928	0.01265	0.00970	0.01392	0.00801	0.00801	0.02657	0.01560	0.77817	0.02151	0.01856	0.01350	0.00675	0.00548	0.00169	0.00464	0.00548	0.00675	0.00928
45	0.01093	0.02820	0.78016	0.01554	0.02360	0.01266	0.02014	0.01727	0.01151	0.01727	0.00978	0.01151	0.00691	0.00518	0.00518	0.00173	0.00806	0.00403	0.00230	0.00806
46	0.01030	0.00969	0.01635	0.79530	0.03755	0.01211	0.01514	0.01393	0.01090	0.01393	0.00969	0.01453	0.00727	0.00545	0.00545	0.00182	0.00727	0.00484	0.00242	0.00606
47	0.01016	0.00508	0.00508	0.00508	0.00635	0.00508	0.00381	0.01270	0.01143	0.02033	0.01778	0.02033	0.01397	0.00635	0.00381	0.00127	0.00254	0.00508	0.83867	0.00508
48	0.01030	0.00969	0.01635	0.79530	0.03755	0.01211	0.01514	0.01393	0.01090	0.01393	0.00969	0.01453	0.00727	0.00545	0.00545	0.00182	0.00727	0.00484	0.00242	0.00606
49	0.00659	0.00515	0.00598	0.00658	0.00766	0.00454	0.00463	0.00781	0.01158	0.01462	0.07134	0.41776	0.38579	0.01529	0.00669	0.00202	0.00295	0.01338	0.00510	0.00454
50	0.02040	0.01511	0.01618	0.01248	0.01678	0.01675	0.01028	0.72322	0.05916	0.03383	0.01350	0.01342	0.00961	0.00658	0.00546	0.00165	0.00592	0.00497	0.00546	0.00924
51	0.00782	0.00566	0.00698	0.00659	0.00809	0.00508	0.00496	0.01008	0.01467	0.03951	0.56942	0.04315	0.23439	0.01171	0.00641	0.00175	0.00267	0.01017	0.00578	0.00511
52	0.84691	0.01054	0.00801	0.00717	0.01054	0.01223	0.00590	0.01603	0.00928	0.02446	0.00759	0.00886	0.00590	0.00506	0.00337	0.00169	0.00422	0.00295	0.00337	0.00590
53	0.01214	0.01215	0.01626	0.01399	0.01412	0.04113	0.01161	0.01339	0.00868	0.01337	0.00756	0.01214	0.00738	0.00931	0.01700	0.00232	0.74599	0.00474	0.03077	0.00595
54	0.01224	0.01018	0.01178	0.00873	0.01306	0.00869	0.00700	0.10820	0.01305	0.01953	0.02634	0.01388	0.03077	0.02453	0.00543	0.00113	0.03398	0.00398	0.00359	0.64390
55	0.01280	0.42981	0.39490	0.01236	0.01867	0.01723	0.01460	0.01678	0.01129	0.01499	0.00865	0.01009	0.00695	0.00492	0.00432	0.00144	0.00692	0.00346	0.00232	0.00751
56	0.01448	0.02652	0.08973	0.02656	0.01293	0.00837	0.00822	0.07210	0.03627	0.24943	0.28872	0.02664	0.05053	0.02462	0.00617	0.00176	0.00429	0.00704	0.03852	0.00710
57	0.00734	0.00524	0.00712	0.00839	0.00901	0.00503	0.00627	0.00879	0.01112	0.01470	0.02966	0.56360	0.03454	0.01642	0.00714	0.00231	0.00377	0.24988	0.00505	0.00462
58	0.01337	0.01183	0.01296	0.06779	0.05038	0.04177	0.00944	0.05007	0.55428	0.02138	0.02083	0.02150	0.03488	0.00749	0.00559	0.00182	0.00487	0.03951	0.00501	0.02521
59	0.01931	0.03761	0.01582	0.01255	0.01637	0.18228	0.01009	0.45936	0.14445	0.02738	0.01344	0.01347	0.00994	0.00644	0.00530	0.00161	0.00654	0.00476	0.00482	0.00847
60	0.01494	0.51851	0.05998	0.00997	0.01420	0.12116	0.00942	0.01696	0.01233	0.05856	0.07036	0.01323	0.02902	0.00565	0.00420	0.00131	0.00603	0.00396	0.00303	0.02718
61	0.01136	0.00974	0.01133	0.00815	0.01295	0.00743	0.00652	0.01412	0.03080	0.01790	0.01001	0.01154	0.00830	0.00412	0.00408	0.00083	0.00404	0.00331	0.00329	0.82016
62	0.01485	0.77438	0.02795	0.00955	0.01413	0.05789	0.00939	0.01658	0.01129	0.01285	0.00762	0.00880	0.00700	0.00471	0.00357	0.00118	0.00602	0.00294	0.00235	0.00696
63	0.00876	0.00719	0.00736	0.00695	0.00878	0.05213	0.00525	0.01125	0.04799	0.04629	0.32144	0.04273	0.39026	0.01175	0.00627	0.00176	0.00325	0.00993	0.00537	0.00527
64	0.00746	0.00556	0.00693	0.00659	0.00799	0.00503	0.00494	0.00979	0.01482	0.02041	0.62621	0.04311	0.19766	0.01169	0.00643	0.00174	0.00261	0.01019	0.00581	0.00503
65	0.02322	0.01055	0.02578	0.01023	0.01447	0.00957	0.00856	0.15299	0.01728	0.61951	0.03649	0.01798	0.01349	0.00678	0.00549	0.00168	0.00489	0.00546	0.00643	0.00917
66	0.02446	0.00928	0.01265	0.00970	0.01392	0.00801	0.00801	0.02657	0.01560	0.77817	0.02151	0.01856	0.01350	0.00675	0.00548	0.00169	0.00464	0.00548	0.00675	0.00928
67	0.00739	0.00510	0.00665	0.00765	0.00822	0.00477	0.00520	0.02200	0.01095	0.03579	0.03062	0.73451	0.06781	0.01645	0.00687	0.00217	0.00324	0.01484	0.00512	0.00466
68	0.02010	0.01556	0.01631	0.05820	0.01811	0.06107	0.01065	0.67059	0.02419	0.03196	0.01262	0.01299	0.00902	0.00643	0.00542	0.00163	0.00629	0.00482	0.00512	0.00891
69	0.00648	0.00552	0.00557	0.00556	0.00738	0.00462	0.00417	0.00789	0.01250	0.01491	0.07327	0.05217	0.75403	0.01374	0.00644	0.00184	0.00276	0.01146	0.00509	0.00462
70	0.01661	0.01309	0.01426	0.01243	0.04245	0.01471	0.00958	0.31257	0.43126	0.04500	0.01819	0.01722	0.01340	0.00696	0.00550	0.00175	0.00506	0.00561	0.00544	0.00890
71	0.84691	0.01054	0.00801	0.00717	0.01054	0.01223	0.00590	0.01603	0.00928	0.02446	0.00759	0.00886	0.00590	0.00506	0.00337	0.00169	0.00422	0.00295	0.00337	0.00590
72	0.04157	0.02559	0.01526	0.01387	0.01669	0.76666	0.01041	0.02162	0.01529	0.01363	0.00841	0.00981	0.00699	0.00560	0.00488	0.00141	0.00969	0.00350	0.00282	0.00631
73	0.00790	0.00527	0.00595	0.00598	0.00599	0.00527	0.00334	0.00792	0.00799	0.01065	0.01748	0.05345	0.02020	0.79012	0.02727	0.00521	0.00524	0.00810	0.00334	0.00333
74	0.43427	0.01190	0.01278	0.11590	0.03495	0.03283	0.04915	0.14156	0.04713	0.05787	0.01036	0.01174	0.00771	0.00553	0.00445	0.00170	0.00542	0.00404	0.00378	0.00692
75	0.00775	0.00524	0.00612	0.00629	0.00638	0.00524	0.00370	0.00796	0.00830	0.01111	0.01879	0.13835	0.02172	0.66728	0.05939	0.00503	0.00542	0.00885	0.00352	0.00353
76	0.04343	0.05813	0.30346	0.01880	0.02498	0.01377	0.40419	0.01717	0.01204	0.01732	0.01018	0.01296	0.00760	0.00495	0.00600	0.00177	0.02794	0.00521	0.00258	0.00750
77	0.01349	0.01085	0.01243	0.00976	0.04200	0.03361	0.00746	0.08745	0.01317	0.07105	0.01081	0.01201	0.00855	0.00455	0.00435	0.00100	0.00455	0.00362	0.00365	0.64563
78	0.01008	0.00533	0.00557	0.00543	0.00684	0.00528	0.00410	0.01258	0.01128	0.01978	0.01724	0.01998	0.01369	0.00820	0.04810	0.00167	0.00329	0.00504	0.75350	0.04303
79	0.02072	0.01527	0.01636	0.01254	0.01691	0.01691	0.01036	0.75622	0.02563	0.03436	0.01309	0.01309	0.00927	0.00654	0.00545	0.00164	0.00600	0.00491	0.00545	0.00927
80	0.01193	0.01193	0.01670	0.01431	0.01431	0.01670	0.01193	0.01312	0.00835	0.01312	0.00716	0.01193	0.00716	0.00954	0.01789	0.00239	0.79843	0.00477	0.00239	0.00596
81	0.82717	0.01066	0.00821	0.00730	0.01070	0.01234	0.00601	0.03371	0.00967	0.02470	0.00772	0.00896	0.00598	0.00510	0.00342	0.00169	0.00426	0.00300	0.00342	0.00598
82	0.01458	0.81168	0.02857	0.00933	0.01399	0.02157	0.00933	0.01632	0.01108	0.01283	0.00758	0.00875	0.00700	0.00466	0.00350	0.00117	0.00583	0.00292	0.00233	0.00700
83	0.00792	0.00530	0.00602	0.00602	0.00604	0.00532	0.00339	0.00797	0.00795	0.01062	0.01711	0.03532	0.01966	0.78907	0.04687	0.00537	0.00552	0.00788	0.00329	0.00334
84	0.00664	0.00474	0.00633	0.00759	0.00791	0.00443	0.00506	0.00759	0.01044	0.01392	0.03005	0.80485	0.03606	0.01708	0.00696	0.00221	0.00316	0.01550	0.00506	0.00443
85	0.84691	0.01054	0.00801	0.00717	0.01054	0.01223	0.00590	0.01603	0.00928	0.02446	0.00759	0.00886	0.00590	0.00506	0.00337	0.00169	0.00422	0.00295	0.00337	0.00590
86	0.02280	0.01126	0.01380	0.01065	0.01486	0.01104	0.00878	0.25502	0.05218	0.51167	0.01890	0.01692	0.01231	0.00671	0.00548	0.00168	0.00505	0.00533	0.00629	0.00925
87	0.00654	0.00553	0.00566	0.00563	0.00743	0.00465	0.00422	0.00802	0.01266	0.01529	0.11202	0.05154	0.71503	0.01360	0.00644	0.00183	0.00275	0.01138	0.00514	0.00465
88	0.00664	0.00477	0.00630	0.00752	0.00789	0.00443	0.00503	0.00760	0.01050	0.01394	0.03086	0.78058	0.05980	0.01697	0.00694	0.00220	0.00315	0.01537	0.00506	0.00443
89	0.82803	0.01065	0.00820	0.00729	0.01069	0.01234	0.00601	0.03294	0.00965	0.02469	0.00772	0.00895	0.00598	0.00509	0.00342	0.00169	0.00426	0.00300	0.00342	0.00598
90	0.01414	0.01161	0.01258	0.01155	0.03228	0.01325	0.00879	0.02855	0.70652	0.06313	0.02187	0.02008	0.01628	0.00730	0.00554	0.00183	0.00438	0.00610	0.00554	0.00866
91	0.84691	0.01054	0.00801	0.00717	0.01054	0.01223	0.00590	0.01603	0.00928	0.02446	0.00759	0.00886	0.00590	0.00506	0.00337	0.00169	0.00422	0.00295	0.00337	0.00590
92	0.00648	0.00552	0.00557	0.00556	0.00738	0.00462	0.00417	0.00789	0.01251	0.01492	0.07418	0.05216	0.75312	0.01374	0.00644	0.00184	0.00276	0.01146	0.00509	0.00462
93	0.01794	0.00982	0.01194	0.00975	0.01309	0.00979	0.00783	0.14185	0.15301	0.34240	0.19659	0.02320	0.02230	0.00787	0.00571	0.00171	0.00432	0.00654	0.00614	0.00819
94	0.01030	0.00969	0.01635	0.79530	0.03755	0.01211	0.01514	0.01393	0.01090	0.01393	0.00969	0.01453	0.00727	0.00545	0.00545	0.00182	0.00727	0.00484	0.00242	0.00606
95	0.01244	0.16230	0.57984	0.01433	0.02132	0.08651	0.01739	0.01752	0.01180	0.01614	0.00928	0.01088	0.00693	0.00513	0.00487	0.00160	0.00784	0.00379	0.00235	0.00771
96	0.01349	0.01295	0.02213	0.03346	0.77440	0.01295	0.01673	0.01673	0.01241	0.01781	0.01025	0.01349	0.00864	0.00486	0.00540	0.00162	0.00648	0.00486	0.00270	0.00864
97	0.00700	0.00509	0.00656	0.00713	0.00789	0.00469	0.00497	0.00849	0.01217	0.01648	0.27166	0.47343	0.10661	0.03242	0.00720	0.00209	0.00298	0.01315	0.00533	0.00465
98	0.84691	0.01054	0.00801	0.00717	0.01054	0.01223	0.00590	0.01603	0.00928	0.02446	0.00759	0.00886	0.00590	0.00506	0.00337	0.00169	0.00422	0.00295	0.00337	0.00590
99	0.01458	0.81168	0.02857	0.00933	0.01399	0.02157	0.00933	0.01632	0.01108	0.01283	0.00758	0.00875	0.00700	0.00466	0.00350	0.00117	0.00583	0.00292	0.00233	0.00700
100	0.00650	0.00552	0.00560	0.00558	0.00740	0.00463	0.00418	0.00793	0.01255	0.01503	0.08569	0.05197	0.74153	0.01369	0.00644	0.00184	0.00275	0.01144	0.00510	0.00463
101	0.00667	0.00507	0.00617	0.00702	0.00788	0.00457	0.00493	0.00784	0.01119	0.01429	0.03833	0.52202	0.27956	0.01590	0.00681	0.00210	0.00311	0.04694	0.00506	0.00451

[dist]
# distance from previous block
# <min> <max>
0	1

[block]
# block no. 3 follows, 44 sequences, length 133
# corresponding to MSA columns:
# 338-363,365-471
name=unknown_D
#
# <colnr> <probs for GDERKNQSTAVLIFYWHMCP>
#	G	D	E	R	K	N	Q	S	T	A	V	L	I	F	Y	W	H	M	C	P
0	0.00667	0.00487	0.00623	0.00727	0.00779	0.00449	0.00490	0.00768	0.01072	0.01408	0.04649	0.67269	0.13110	0.03806	0.00745	0.00224	0.00316	0.01467	0.00503	0.00443
1	0.01281	0.01510	0.05428	0.02276	0.02835	0.01375	0.73289	0.01746	0.01283	0.01746	0.01099	0.01461	0.00823	0.00461	0.00640	0.00183	0.00916	0.00636	0.00274	0.00737
2	0.65264	0.01465	0.18745	0.00911	0.01358	0.01233	0.00921	0.01631	0.00980	0.02279	0.00810	0.00947	0.00614	0.00509	0.00379	0.00170	0.00511	0.00320	0.00312	0.00640
3	0.01118	0.06224	0.72092	0.01588	0.04901	0.01306	0.01955	0.01721	0.01152	0.01709	0.00970	0.01146	0.00697	0.00515	0.00511	0.00170	0.00790	0.00401	0.00232	0.00803
4	0.01289	0.01259	0.02213	0.15889	0.54502	0.01293	0.10391	0.01664	0.02979	0.01724	0.01053	0.01397	0.00855	0.00498	0.00553	0.00168	0.00688	0.00507	0.00273	0.00805
5	0.84691	0.01054	0.00801	0.00717	0.01054	0.01223	0.00590	0.01603	0.00928	0.02446	0.00759	0.00886	0.00590	0.00506	0.00337	0.00169	0.00422	0.00295	0.00337	0.00590
6	0.02436	0.00944	0.01275	0.00978	0.01400	0.00826	0.00808	0.04660	0.01588	0.75775	0.02128	0.01841	0.01338	0.00674	0.00548	0.00169	0.00468	0.00547	0.00671	0.00928
7	0.01267	0.01413	0.02896	0.02118	0.02555	0.01439	0.60055	0.01656	0.01193	0.01656	0.01023	0.01413	0.00804	0.00562	0.00881	0.00195	0.17290	0.00609	0.00268	0.00706
8	0.00738	0.00555	0.00679	0.00648	0.00789	0.00500	0.00484	0.00958	0.01447	0.01972	0.56460	0.04372	0.24178	0.02986	0.00692	0.00183	0.00268	0.01025	0.00569	0.00496
9	0.00664	0.00496	0.00618	0.00709	0.00779	0.00450	0.00485	0.00775	0.01110	0.01443	0.06608	0.60150	0.20512	0.01609	0.00682	0.00211	0.00305	0.01435	0.00510	0.00450
10	0.00734	0.00564	0.00673	0.00652	0.00799	0.00510	0.00486	0.00969	0.02962	0.01903	0.47234	0.08069	0.30000	0.01227	0.00644	0.00178	0.00270	0.01062	0.00562	0.00499
11	0.00872	0.12353	0.01040	0.00722	0.00900	0.00755	0.00576	0.01117	0.01479	0.02054	0.65974	0.03604	0.04494	0.01020	0.00600	0.00163	0.00305	0.00884	0.00546	0.00542
12	0.01135	0.00984	0.01192	0.00851	0.01338	0.00746	0.02853	0.01384	0.01135	0.01776	0.00973	0.01141	0.00808	0.00405	0.00411	0.00084	0.00419	0.00332	0.00322	0.81712
13	0.02810	0.08353	0.71112	0.01493	0.02265	0.01329	0.01909	0.01717	0.01143	0.01710	0.00958	0.01126	0.00689	0.00514	0.00502	0.00169	0.00782	0.00393	0.00233	0.00794
14	0.00664	0.00474	0.00633	0.00759	0.00791	0.00443	0.00506	0.00759	0.01044	0.01392	0.03005	0.80485	0.03606	0.01708	0.00696	0.00221	0.00316	0.01550	0.00506	0.00443
15	0.01030	0.00717	0.00880	0.00782	0.00971	0.00704	0.00603	0.09811	0.05268	0.06079	0.58996	0.03578	0.06357	0.01029	0.00623	0.00171	0.00316	0.00894	0.00593	0.00598
16	0.01399	0.68670	0.14847	0.01032	0.01552	0.02015	0.01105	0.01647	0.01115	0.01353	0.00793	0.00919	0.00698	0.00475	0.00377	0.00126	0.00619	0.00309	0.00233	0.00717
17	0.00789	0.00542	0.00664	0.00664	0.00688	0.00566	0.00417	0.00837	0.00813	0.01109	0.01654	0.03216	0.01829	0.61888	0.21518	0.00614	0.00759	0.00741	0.00321	0.00369
18	0.00679	0.00504	0.00636	0.00725	0.00799	0.00461	0.00507	0.00803	0.01132	0.01481	0.09274	0.56064	0.18197	0.01587	0.00684	0.00212	0.00313	0.04974	0.00513	0.00455
19	0.00933	0.00716	0.00855	0.02938	0.01082	0.00722	0.00675	0.01416	0.16892	0.04068	0.18320	0.08684	0.22376	0.01197	0.00647	0.00198	0.00374	0.16795	0.00532	0.00580
20	0.02006	0.01448	0.01569	0.01224	0.01641	0.01595	0.01009	0.65013	0.07550	0.06789	0.01457	0.01527	0.01063	0.00686	0.00552	0.00168	0.00579	0.02664	0.00551	0.00910
21	0.01989	0.01193	0.01373	0.01102	0.01491	0.01253	0.00894	0.28225	0.21781	0.30153	0.01892	0.03330	0.01332	0.00706	0.00552	0.00172	0.00500	0.00567	0.00594	0.00900
22	0.00667	0.00476	0.00635	0.00757	0.00791	0.00444	0.00506	0.00765	0.01055	0.01410	0.04710	0.78728	0.03641	0.01694	0.00695	0.00220	0.00315	0.01537	0.00508	0.00444
23	0.01387	0.53028	0.16147	0.02906	0.01614	0.08527	0.01125	0.01652	0.01182	0.01429	0.05811	0.01157	0.00990	0.00528	0.00416	0.00134	0.00640	0.00367	0.00261	0.00699
24	0.01347	0.01300	0.02242	0.03316	0.75254	0.01298	0.03835	0.01675	0.01243	0.01780	0.01028	0.01353	0.00862	0.00485	0.00543	0.00163	0.00656	0.00490	0.00270	0.00860
25	0.00772	0.00557	0.00729	0.00686	0.00814	0.00514	0.00514	0.01029	0.01543	0.02186	0.77152	0.04072	0.05144	0.01115	0.00643	0.00171	0.00257	0.00986	0.00600	0.00514
26	0.71985	0.01041	0.00922	0.11339	0.01424	0.01214	0.00719	0.01593	0.00961	0.03620	0.00812	0.00979	0.00622	0.00514	0.00369	0.00170	0.00464	0.00325	0.00330	0.00598
27	0.01933	0.02403	0.01645	0.01696	0.13059	0.67037	0.01146	0.02101	0.01499	0.01401	0.00870	0.01038	0.00726	0.00550	0.00499	0.00144	0.00933	0.00371	0.00279	0.00667
28	0.00768	0.00557	0.00724	0.00682	0.00812	0.00513	0.00512	0.01022	0.01535	0.02167	0.75185	0.04105	0.07123	0.01122	0.00643	0.00172	0.00258	0.00990	0.00598	0.00513
29	0.15556	0.01241	0.01303	0.01009	0.01435	0.01275	0.00822	0.33793	0.07262	0.02647	0.01174	0.01233	0.00886	0.00555	0.00465	0.00139	0.00494	0.00413	0.00439	0.27860
30	0.00772	0.00557	0.00729	0.00686	0.00814	0.00514	0.00514	0.01029	0.01543	0.02186	0.77152	0.04072	0.05144	0.01115	0.00643	0.00171	0.00257	0.00986	0.00600	0.00514
31	0.01805	0.01394	0.01485	0.01200	0.01589	0.01566	0.00971	0.48447	0.30174	0.03004	0.01649	0.01580	0.01203	0.00686	0.00549	0.00172	0.00537	0.00538	0.00549	0.00903
32	0.01000	0.00509	0.00518	0.00520	0.00645	0.00507	0.00388	0.01250	0.01152	0.02019	0.03963	0.04223	0.01564	0.00678	0.00397	0.00131	0.00256	0.00550	0.79224	0.00507
33	0.01469	0.01304	0.02803	0.03733	0.14460	0.04940	0.05822	0.09879	0.38568	0.05561	0.01809	0.01849	0.02877	0.00675	0.00558	0.00177	0.00556	0.01666	0.00465	0.00832
34	0.01254	0.01295	0.04478	0.13148	0.43387	0.01264	0.17342	0.01608	0.01211	0.01698	0.01091	0.03995	0.00919	0.00536	0.00586	0.00171	0.02126	0.00547	0.00275	0.03068
35	0.00656	0.00556	0.00569	0.00575	0.00756	0.00469	0.00438	0.00800	0.01243	0.01481	0.05390	0.05292	0.73478	0.01387	0.00650	0.00187	0.00288	0.04817	0.00506	0.00462
36	0.01162	0.00987	0.01147	0.00822	0.01305	0.00759	0.00659	0.03832	0.01178	0.01831	0.00980	0.01136	0.00811	0.00412	0.00408	0.00083	0.00410	0.00329	0.00330	0.81416
37	0.00664	0.00474	0.00633	0.00759	0.00791	0.00443	0.00506	0.00759	0.01044	0.01392	0.03005	0.80485	0.03606	0.01708	0.00696	0.00221	0.00316	0.01550	0.00506	0.00443
38	0.00691	0.00584	0.03193	0.00753	0.00847	0.00495	0.00546	0.00846	0.02848	0.01440	0.03415	0.61202	0.17966	0.01581	0.00677	0.00212	0.00327	0.01411	0.00498	0.00468
39	0.02338	0.01091	0.03967	0.01037	0.01474	0.00963	0.00881	0.14542	0.01710	0.63051	0.01973	0.01742	0.01258	0.00666	0.00547	0.00168	0.00498	0.00534	0.00638	0.00923
40	0.00663	0.00478	0.00628	0.00748	0.00788	0.00444	0.00501	0.00760	0.01054	0.01396	0.03135	0.76590	0.07416	0.01691	0.00693	0.00219	0.00314	0.01529	0.00506	0.00444
41	0.01169	0.17145	0.61615	0.01502	0.04767	0.01431	0.01804	0.01707	0.01146	0.01647	0.00940	0.01107	0.00698	0.00507	0.00488	0.00162	0.00759	0.00385	0.00232	0.00788
42	0.00779	0.00583	0.00869	0.00869	0.00963	0.00677	0.00672	0.00969	0.00874	0.01260	0.01467	0.02180	0.01380	0.06150	0.76642	0.00867	0.01435	0.00590	0.00293	0.00483
43	0.01104	0.02744	0.73796	0.01596	0.02387	0.01272	0.06157	0.01728	0.01159	0.01728	0.00985	0.01169	0.00698	0.00515	0.00525	0.00173	0.00812	0.00416	0.00233	0.00802
44	0.01134	0.01021	0.02802	0.00864	0.01357	0.00756	0.02708	0.01390	0.01135	0.01775	0.00973	0.01140	0.00806	0.00408	0.00413	0.00085	0.00426	0.00333	0.00320	0.80154
45	0.01130	0.00969	0.01130	0.00807	0.01292	0.00727	0.00646	0.01373	0.01130	0.01776	0.00969	0.01130	0.00807	0.00404	0.00404	0.00081	0.00404	0.00323	0.00323	0.84173
46	0.01125	0.01035	0.01692	0.67222	0.10863	0.01249	0.01500	0.05997	0.01196	0.01557	0.00995	0.01434	0.00753	0.00546	0.00545	0.00179	0.00711	0.00485	0.00264	0.00651
47	0.01356	0.01171	0.01233	0.01109	0.01418	0.01356	0.00863	0.02897	0.76455	0.02281	0.02219	0.02034	0.01664	0.00740	0.00555	0.00185	0.00431	0.00616	0.00555	0.00863
48	0.01460	0.01491	0.02127	0.04468	0.56697	0.12485	0.05960	0.03937	0.02903	0.01765	0.01036	0.01319	0.00854	0.00507	0.00540	0.00161	0.00708	0.00479	0.00285	0.00819
49	0.01913	0.01448	0.01546	0.01222	0.01630	0.01616	0.00998	0.59417	0.19028	0.03178	0.01512	0.01470	0.01091	0.00673	0.00547	0.00168	0.00562	0.00519	0.00547	0.00913
50	0.00848	0.00576	0.00652	0.00644	0.00670	0.00581	0.00384	0.04693	0.00909	0.01213	0.01817	0.10657	0.02079	0.69243	0.02464	0.00481	0.00512	0.00848	0.00358	0.00372
51	0.01342	0.01296	0.02126	0.08414	0.68245	0.02889	0.01622	0.01707	0.03825	0.01763	0.01059	0.01372	0.00878	0.00500	0.00540	0.00164	0.00653	0.00487	0.00278	0.00841
52	0.01523	0.01194	0.01282	0.01116	0.01447	0.01352	0.00878	0.11316	0.62123	0.08223	0.02108	0.01936	0.01554	0.00725	0.00553	0.00181	0.00453	0.00597	0.00563	0.00875
53	0.00740	0.00572	0.00676	0.00647	0.00801	0.00516	0.00486	0.00986	0.03396	0.01923	0.48526	0.04456	0.31879	0.01204	0.00641	0.00177	0.00269	0.01038	0.00564	0.00503
54	0.01093	0.02820	0.78016	0.01554	0.02360	0.01266	0.02014	0.01727	0.01151	0.01727	0.00978	0.01151	0.00691	0.00518	0.00518	0.00173	0.00806	0.00403	0.00230	0.00806
55	0.04213	0.01019	0.01292	0.01006	0.01410	0.00958	0.00825	0.15994	0.01706	0.58659	0.02004	0.05521	0.01363	0.00717	0.00550	0.00170	0.00481	0.00580	0.00635	0.00896
56	0.02072	0.01527	0.01636	0.01254	0.01691	0.01691	0.01036	0.75622	0.02563	0.03436	0.01309	0.01309	0.00927	0.00654	0.00545	0.00164	0.00600	0.00491	0.00545	0.00927
57	0.00721	0.00492	0.00658	0.00772	0.00818	0.00458	0.00525	0.00824	0.01065	0.03580	0.02977	0.76048	0.03528	0.01673	0.00693	0.00221	0.00326	0.03651	0.00511	0.00458
58	0.01030	0.00969	0.01635	0.79530	0.03755	0.01211	0.01514	0.01393	0.01090	0.01393	0.00969	0.01453	0.00727	0.00545	0.00545	0.00182	0.00727	0.00484	0.00242	0.00606
59	0.00726	0.00544	0.00674	0.00666	0.00793	0.00491	0.00490	0.00932	0.01400	0.01904	0.49679	0.15674	0.21495	0.01264	0.00651	0.00182	0.00270	0.01107	0.00565	0.00491
60	0.01458	0.81168	0.02857	0.00933	0.01399	0.02157	0.00933	0.01632	0.01108	0.01283	0.00758	0.00875	0.00700	0.00466	0.00350	0.00117	0.00583	0.00292	0.00233	0.00700
61	0.02424	0.00963	0.01287	0.00987	0.01409	0.00854	0.00815	0.06951	0.01619	0.73440	0.02101	0.01823	0.01325	0.00674	0.00548	0.00168	0.00472	0.00545	0.00667	0.00928
62	0.00697	0.00517	0.00650	0.00695	0.00788	0.00470	0.00492	0.00855	0.01251	0.01676	0.28591	0.40376	0.18051	0.01445	0.00668	0.00197	0.00289	0.01283	0.00538	0.00470
63	0.08590	0.00937	0.01231	0.00951	0.01366	0.00833	0.00786	0.02578	0.01513	0.72187	0.02047	0.01783	0.01293	0.00662	0.00532	0.00169	0.00461	0.00529	0.00650	0.00903
64	0.02072	0.01527	0.01636	0.01254	0.01691	0.01691	0.01036	0.75622	0.02563	0.03436	0.01309	0.01309	0.00927	0.00654	0.00545	0.00164	0.00600	0.00491	0.00545	0.00927
65	0.02446	0.00928	0.01265	0.00970	0.01392	0.00801	0.00801	0.02657	0.01560	0.77817	0.02151	0.01856	0.01350	0.00675	0.00548	0.00169	0.00464	0.00548	0.00675	0.00928
66	0.84691	0.01054	0.00801	0.00717	0.01054	0.01223	0.00590	0.01603	0.00928	0.02446	0.00759	0.00886	0.00590	0.00506	0.00337	0.00169	0.00422	0.00295	0.00337	0.00590
67	0.00792	0.00530	0.00601	0.00601	0.00603	0.00532	0.00339	0.00797	0.00795	0.01062	0.01712	0.03534	0.01968	0.79047	0.04549	0.00537	0.00550	0.00788	0.00329	0.00334
68	0.01374	0.01303	0.02193	0.03274	0.74833	0.01309	0.01651	0.04218	0.01287	0.01838	0.01035	0.01348	0.00866	0.00492	0.00540	0.00162	0.00646	0.00486	0.00279	0.00866
69	0.00672	0.00551	0.00593	0.00593	0.00760	0.00472	0.00445	0.00831	0.01286	0.01595	0.17611	0.08344	0.60152	0.01352	0.00649	0.00185	0.00279	0.02639	0.00522	0.00470
70	0.02072	0.01527	0.01636	0.01254	0.01691	0.01691	0.01036	0.75622	0.02563	0.03436	0.01309	0.01309	0.00927	0.00654	0.00545	0.00164	0.00600	0.00491	0.00545	0.00927
71	0.01030	0.00969	0.01635	0.79530	0.03755	0.01211	0.01514	0.01393	0.01090	0.01393	0.00969	0.01453	0.00727	0.00545	0.00545	0.00182	0.00727	0.00484	0.00242	0.00606
72	0.01899	0.01441	0.01539	0.01219	0.01625	0.01610	0.00994	0.58044	0.20423	0.03157	0.01529	0.01484	0.01105	0.00675	0.00548	0.00169	0.00559	0.00521	0.00548	0.00912
73	0.01349	0.01295	0.02213	0.03346	0.77440	0.01295	0.01673	0.01673	0.01241	0.01781	0.01025	0.01349	0.00864	0.00486	0.00540	0.00162	0.00648	0.00486	0.00270	0.00864
74	0.00695	0.00495	0.00662	0.00784	0.00827	0.00469	0.00547	0.00806	0.01062	0.01411	0.02947	0.68651	0.03494	0.04303	0.00772	0.00235	0.00347	0.10547	0.00500	0.00446
75	0.04922	0.00685	0.00886	0.00769	0.00990	0.00628	0.00600	0.01520	0.01521	0.23856	0.52332	0.03298	0.03858	0.00962	0.00602	0.00171	0.00324	0.00830	0.00610	0.00636
76	0.01721	0.43347	0.03793	0.01105	0.01537	0.14191	0.00994	0.20039	0.03106	0.04109	0.00983	0.01058	0.00795	0.00541	0.00434	0.00136	0.00649	0.00367	0.00337	0.00757
77	0.00730	0.00523	0.00691	0.00804	0.00859	0.00501	0.00568	0.02859	0.01112	0.01478	0.02943	0.68832	0.03473	0.01653	0.00699	0.00224	0.00348	0.10732	0.00507	0.00464
78	0.00644	0.00552	0.00552	0.00552	0.00736	0.00460	0.00414	0.00782	0.01243	0.01473	0.05523	0.05247	0.77218	0.01381	0.00644	0.00184	0.00276	0.01151	0.00506	0.00460
79	0.01984	0.01480	0.01636	0.07910	0.01866	0.01650	0.01077	0.69311	0.02438	0.03262	0.01280	0.01321	0.00910	0.00645	0.00545	0.00165	0.00611	0.00490	0.00520	0.00900
80	0.01959	0.11212	0.01740	0.01411	0.06223	0.44130	0.01059	0.18055	0.01698	0.06086	0.01018	0.01112	0.00797	0.00573	0.00493	0.00146	0.00805	0.00394	0.00354	0.00734
81	0.76733	0.01063	0.00910	0.04381	0.05034	0.01226	0.00686	0.01597	0.00951	0.02365	0.00782	0.00934	0.00610	0.00507	0.00357	0.00169	0.00447	0.00313	0.00330	0.00605
82	0.03109	0.77421	0.04877	0.00946	0.01419	0.02114	0.00956	0.01634	0.01105	0.01318	0.00764	0.00882	0.00697	0.00469	0.00354	0.00119	0.00586	0.00295	0.00235	0.00700
83	0.00772	0.00557	0.00729	0.00686	0.00814	0.00514	0.00514	0.01029	0.01543	0.02186	0.77152	0.04072	0.05144	0.01115	0.00643	0.00171	0.00257	0.00986	0.00600	0.00514
84	0.01030	0.00969	0.01635	0.79530	0.03755	0.01211	0.01514	0.01393	0.01090	0.01393	0.00969	0.01453	0.00727	0.00545	0.00545	0.00182	0.00727	0.00484	0.00242	0.00606
85	0.00752	0.00549	0.00706	0.00682	0.00806	0.00504	0.00506	0.00985	0.01474	0.02058	0.64819	0.11052	0.10690	0.01189	0.00648	0.00177	0.00264	0.01050	0.00584	0.00504
86	0.02037	0.02598	0.01545	0.01404	0.01685	0.78652	0.01053	0.02177	0.01545	0.01334	0.00843	0.00983	0.00702	0.00562	0.00492	0.00140	0.00983	0.00351	0.00281	0.00632
87	0.00947	0.00473	0.00710	0.00710	0.00710	0.00473	0.00473	0.00710	0.00710	0.00947	0.00947	0.01657	0.00947	0.01894	0.02131	0.84138	0.00473	0.00473	0.00237	0.00237
88	0.01760	0.01224	0.01309	0.01080	0.01433	0.04732	0.00865	0.25583	0.25246	0.18139	0.06093	0.02042	0.06502	0.00754	0.00558	0.00172	0.00497	0.00606	0.00563	0.00841
89	0.01297	0.01109	0.01274	0.01033	0.01421	0.01109	0.03347	0.07141	0.37292	0.02120	0.01642	0.03429	0.01291	0.00614	0.00501	0.00143	0.00446	0.00514	0.00452	0.33823
90	0.00816	0.00579	0.00737	0.00689	0.00835	0.00534	0.00520	0.01087	0.03030	0.04152	0.66861	0.04082	0.11775	0.01120	0.00639	0.00173	0.00268	0.00982	0.00592	0.00527
91	0.01368	0.01130	0.01215	0.01089	0.01386	0.01279	0.00860	0.12909	0.54395	0.02330	0.02294	0.05158	0.04528	0.00848	0.00578	0.00189	0.00451	0.06637	0.00546	0.00813
92	0.01369	0.01294	0.02141	0.03161	0.71033	0.01309	0.01609	0.03684	0.05649	0.01854	0.01102	0.01388	0.00912	0.00505	0.00541	0.00163	0.00634	0.00493	0.00294	0.00865
93	0.01985	0.02308	0.01617	0.01543	0.08077	0.59144	0.01103	0.14523	0.01691	0.01726	0.00937	0.01069	0.00754	0.00571	0.00505	0.00146	0.00890	0.00386	0.00325	0.00701
94	0.64026	0.01440	0.00987	0.00889	0.01212	0.20582	0.00706	0.01746	0.01082	0.02168	0.00780	0.00910	0.00618	0.00520	0.00376	0.00162	0.00562	0.00309	0.00323	0.00601
95	0.01509	0.01097	0.01196	0.01052	0.01362	0.02747	0.00823	0.02659	0.54486	0.15788	0.07686	0.03712	0.01882	0.00771	0.00562	0.00181	0.00433	0.00645	0.00573	0.00836
96	0.01247	0.01046	0.01106	0.01001	0.01287	0.01171	0.00777	0.02487	0.60111	0.03964	0.04345	0.02626	0.14765	0.00856	0.00572	0.00184	0.00402	0.00715	0.00550	0.00788
97	0.00677	0.00502	0.00632	0.00708	0.00784	0.00457	0.00490	0.00805	0.01159	0.01530	0.14895	0.54138	0.18123	0.01553	0.00678	0.00206	0.00299	0.01386	0.00521	0.00457
98	0.01314	0.01260	0.02150	0.11655	0.69403	0.01286	0.01656	0.01643	0.01225	0.01739	0.01019	0.01361	0.00849	0.00492	0.00540	0.00164	0.00656	0.00486	0.00267	0.00835
99	0.01612	0.01213	0.01314	0.01122	0.01467	0.01361	0.00890	0.16884	0.54130	0.10659	0.02036	0.01875	0.01488	0.00716	0.00552	0.00179	0.00467	0.00585	0.00566	0.00882
100	0.82970	0.01091	0.02391	0.00734	0.01081	0.01224	0.00620	0.01605	0.00932	0.02431	0.00764	0.00891	0.00592	0.00506	0.00341	0.00169	0.00430	0.00297	0.00335	0.00595
101	0.01458	0.81168	0.02857	0.00933	0.01399	0.02157	0.00933	0.01632	0.01108	0.01283	0.00758	0.00875	0.00700	0.00466	0.00350	0.00117	0.00583	0.00292	0.00233	0.00700
102	0.00755	0.00592	0.00692	0.00694	0.00853	0.00544	0.00538	0.01014	0.04911	0.01769	0.28732	0.06807	0.37090	0.01288	0.00657	0.00191	0.00311	0.11521	0.00539	0.00503
103	0.00747	0.00556	0.00694	0.00660	0.00799	0.00504	0.00495	0.00980	0.01484	0.02046	0.63107	0.04303	0.19276	0.01167	0.00643	0.00174	0.00261	0.01018	0.00582	0.00504
104	0.02083	0.01509	0.01625	0.01246	0.01682	0.01665	0.01029	0.73484	0.02534	0.05615	0.01334	0.01325	0.00940	0.00655	0.00545	0.00164	0.00596	0.00493	0.00549	0.00927
105	0.00763	0.00557	0.00717	0.00677	0.00809	0.00511	0.00508	0.01012	0.01523	0.02138	0.72295	0.04152	0.10031	0.01133	0.00643	0.00172	0.00258	0.00997	0.00594	0.00511
106	0.01996	0.03851	0.01670	0.05610	0.01797	0.03278	0.01060	0.67791	0.02417	0.03215	0.01264	0.01297	0.00905	0.00641	0.00539	0.00163	0.00614	0.00482	0.00514	0.00896
107	0.84691	0.01054	0.00801	0.00717	0.01054	0.01223	0.00590	0.01603	0.00928	0.02446	0.00759	0.00886	0.00590	0.00506	0.00337	0.00169	0.00422	0.00295	0.00337	0.00590
108	0.01217	0.01294	0.09162	0.04756	0.51737	0.01149	0.03035	0.01553	0.01219	0.01738	0.01354	0.05541	0.01252	0.00670	0.00567	0.00176	0.00625	0.09107	0.03072	0.00775
109	0.84691	0.01054	0.00801	0.00717	0.01054	0.01223	0.00590	0.01603	0.00928	0.02446	0.00759	0.00886	0.00590	0.00506	0.00337	0.00169	0.00422	0.00295	0.00337	0.00590
110	0.01030	0.00969	0.01635	0.79530	0.03755	0.01211	0.01514	0.01393	0.01090	0.01393	0.00969	0.01453	0.00727	0.00545	0.00545	0.00182	0.00727	0.00484	0.00242	0.00606
111	0.00664	0.00476	0.00631	0.00754	0.00790	0.00443	0.00504	0.00760	0.01048	0.01394	0.03062	0.78785	0.05269	0.01701	0.00695	0.00221	0.00315	0.01541	0.00506	0.00443
112	0.01348	0.01300	0.02237	0.03321	0.75638	0.01297	0.03456	0.01675	0.01242	0.01780	0.01027	0.01352	0.00863	0.00485	0.00542	0.00162	0.00654	0.00490	0.00270	0.00860
113	0.00655	0.00553	0.00567	0.00563	0.00743	0.00465	0.00423	0.00803	0.01268	0.01532	0.11459	0.05149	0.71245	0.01359	0.00644	0.00183	0.00275	0.01137	0.00514	0.00465
114	0.80052	0.01050	0.00848	0.05088	0.01204	0.01222	0.00642	0.01591	0.00937	0.02388	0.00771	0.00917	0.00598	0.00508	0.00349	0.00169	0.00439	0.00306	0.00332	0.00591
115	0.01077	0.04269	0.72209	0.01497	0.02253	0.01238	0.01909	0.01671	0.01144	0.01699	0.01086	0.05545	0.00852	0.00583	0.00524	0.00174	0.00774	0.00464	0.00246	0.00783
116	0.00662	0.00551	0.00568	0.00565	0.00734	0.00468	0.00417	0.00802	0.01240	0.01503	0.10702	0.05065	0.67622	0.05767	0.00762	0.00202	0.00289	0.01118	0.00504	0.00457
