[name]
unknown

[dist]
# distance from previous block
# <min> <max>
45	172

[block]
# block no. 0 follows, 46 sequences, length 7
# corresponding to MSA columns:
# 262-268
name=unknown_A
#
# <colnr> <probs for GDERKNQSTAVLIFYWHMCP>
#	G	D	E	R	K	N	Q	S	T	A	V	L	I	F	Y	W	H	M	C	P
0	0.20330	0.10567	0.02773	0.02652	0.07772	0.11658	0.02269	0.05100	0.03158	0.10460	0.11005	0.01530	0.01348	0.00666	0.00544	0.04462	0.00535	0.00461	0.00377	0.02337
1	0.38190	0.07189	0.03350	0.04702	0.07639	0.10620	0.00891	0.12516	0.03647	0.05432	0.00960	0.01071	0.00734	0.00530	0.00420	0.00157	0.00553	0.00366	0.00351	0.00682
2	0.22783	0.01374	0.12966	0.01491	0.13751	0.03831	0.10449	0.05286	0.01179	0.10541	0.01053	0.01239	0.00796	0.00621	0.00608	0.07272	0.00595	0.00428	0.00330	0.03407
3	0.01418	0.01088	0.05055	0.00969	0.01275	0.04753	0.00797	0.10268	0.20018	0.15816	0.15902	0.05387	0.02082	0.04423	0.00645	0.00180	0.00455	0.02612	0.00509	0.06347
4	0.27262	0.01045	0.04835	0.07733	0.05159	0.01012	0.00849	0.05251	0.01214	0.19693	0.07390	0.01478	0.01177	0.00626	0.00539	0.02350	0.03037	0.00449	0.00410	0.08490
5	0.01567	0.07931	0.01611	0.11837	0.13167	0.37079	0.01092	0.06177	0.01364	0.01499	0.04817	0.01277	0.00957	0.00651	0.00606	0.06278	0.00748	0.00421	0.00290	0.00632
6	0.00887	0.00462	0.00676	0.00687	0.00689	0.00460	0.00454	0.00697	0.00720	0.00960	0.01128	0.08400	0.01191	0.06214	0.01983	0.72870	0.00449	0.00564	0.00257	0.00251

[dist]
# distance from previous block
# <min> <max>
5	15

[block]
# block no. 1 follows, 46 sequences, length 210
# corresponding to MSA columns:
# 290-311,322-332,335-354,356-358,365-518
name=unknown_B
#
# <colnr> <probs for GDERKNQSTAVLIFYWHMCP>
#	G	D	E	R	K	N	Q	S	T	A	V	L	I	F	Y	W	H	M	C	P
0	0.40560	0.00929	0.00926	0.00789	0.01102	0.00976	0.00636	0.07755	0.01241	0.22025	0.05254	0.06204	0.06647	0.02222	0.00496	0.00174	0.00412	0.00534	0.00461	0.00659
1	0.14946	0.00927	0.01131	0.00871	0.01280	0.00826	0.00716	0.02172	0.01336	0.51522	0.01650	0.01515	0.01091	0.00577	0.00472	0.00147	0.00432	0.00450	0.00536	0.17404
2	0.01310	0.37726	0.39472	0.01199	0.01808	0.01580	0.01404	0.01697	0.01125	0.06901	0.00934	0.01045	0.00719	0.00491	0.00432	0.00143	0.00662	0.00353	0.00255	0.00744
3	0.03591	0.01318	0.02038	0.16612	0.49542	0.07999	0.08051	0.01621	0.01199	0.01637	0.00969	0.01294	0.00790	0.00486	0.00524	0.00161	0.00687	0.00468	0.00260	0.00755
4	0.00693	0.00528	0.00634	0.00629	0.00757	0.00472	0.00461	0.00879	0.01322	0.01766	0.42185	0.14245	0.29465	0.02763	0.00670	0.00183	0.00268	0.01077	0.00534	0.00469
5	0.00715	0.00496	0.00618	0.00678	0.00708	0.00479	0.00441	0.00789	0.00957	0.01282	0.07675	0.39139	0.02922	0.34709	0.01511	0.00337	0.00398	0.05326	0.00426	0.00392
6	0.03506	0.00968	0.01636	0.73019	0.05084	0.01183	0.04489	0.01376	0.01063	0.01403	0.00940	0.01392	0.00708	0.00523	0.00526	0.00175	0.00702	0.00471	0.00240	0.00597
7	0.01077	0.00663	0.00846	0.00853	0.00995	0.00646	0.00638	0.10072	0.01285	0.12471	0.02586	0.50808	0.02821	0.01368	0.00644	0.00204	0.00383	0.10563	0.00518	0.00559
8	0.00641	0.00536	0.00557	0.00552	0.00724	0.00453	0.00414	0.00789	0.01242	0.01516	0.14602	0.04942	0.68607	0.01306	0.00625	0.00177	0.00265	0.01095	0.00503	0.00453
9	0.02130	0.01287	0.01467	0.01124	0.01543	0.01352	0.00929	0.51767	0.02161	0.28383	0.01541	0.01446	0.01036	0.00641	0.00530	0.00160	0.00538	0.00495	0.00571	0.00899
10	0.58248	0.01174	0.02595	0.00854	0.01199	0.03007	0.00710	0.12676	0.11284	0.02452	0.01008	0.01074	0.00763	0.00543	0.00392	0.00164	0.00455	0.00359	0.00381	0.00661
11	0.02372	0.00900	0.01227	0.00941	0.01350	0.00777	0.00777	0.02576	0.01513	0.78489	0.02086	0.01799	0.01309	0.00654	0.00532	0.00164	0.00450	0.00532	0.00654	0.00900
12	0.01464	0.01131	0.01221	0.01070	0.01387	0.01278	0.00840	0.06979	0.65046	0.10204	0.02095	0.01914	0.01541	0.00706	0.00537	0.00176	0.00431	0.00584	0.00550	0.00847
13	0.09326	0.01244	0.01394	0.01078	0.01488	0.01308	0.00890	0.44858	0.02018	0.28745	0.01500	0.01414	0.01010	0.00629	0.00512	0.00161	0.00522	0.00478	0.00554	0.00871
14	0.01958	0.01412	0.01525	0.01186	0.01595	0.01557	0.00974	0.64508	0.10193	0.07501	0.01408	0.01373	0.00997	0.00644	0.00530	0.00161	0.00557	0.00492	0.00537	0.00893
15	0.01096	0.00940	0.01096	0.00783	0.01253	0.00705	0.00626	0.01331	0.01096	0.01723	0.00940	0.01096	0.00783	0.00392	0.00392	0.00078	0.00392	0.00313	0.00313	0.84653
16	0.00632	0.00530	0.00549	0.00556	0.00721	0.00448	0.00412	0.00768	0.01205	0.01455	0.08528	0.10395	0.69295	0.01349	0.00628	0.00181	0.00270	0.01136	0.00495	0.00448
17	0.18592	0.00800	0.00875	0.00741	0.01018	0.00806	0.00596	0.06506	0.01278	0.27345	0.01603	0.01648	0.01151	0.00729	0.03354	0.00174	0.00411	0.00465	0.31241	0.00668
18	0.01248	0.01426	0.03119	0.02228	0.02763	0.01337	0.76203	0.01693	0.01248	0.01693	0.01070	0.01426	0.00802	0.00446	0.00624	0.00178	0.00891	0.00624	0.00267	0.00713
19	0.00764	0.00532	0.00677	0.00677	0.00711	0.00567	0.00445	0.00833	0.00798	0.01099	0.01574	0.02953	0.01702	0.53073	0.30738	0.00636	0.00843	0.00695	0.00307	0.00376
20	0.00665	0.00537	0.00591	0.00577	0.00738	0.00463	0.00433	0.00836	0.01299	0.01651	0.28692	0.04721	0.54434	0.01256	0.00624	0.00175	0.00262	0.01064	0.00520	0.00463
21	0.01719	0.13238	0.06597	0.01087	0.01545	0.01440	0.00963	0.40922	0.01857	0.08421	0.01172	0.01206	0.00862	0.00556	0.00474	0.00138	0.00547	0.00416	0.00434	0.16407
22	0.01840	0.01409	0.04559	0.01261	0.05097	0.01472	0.01010	0.60008	0.02178	0.06043	0.01305	0.01440	0.00977	0.05346	0.03413	0.00204	0.00612	0.00494	0.00489	0.00844
23	0.01096	0.00940	0.01096	0.00783	0.01253	0.00705	0.00626	0.01331	0.01096	0.01723	0.00940	0.01096	0.00783	0.00392	0.00392	0.00078	0.00392	0.00313	0.00313	0.84653
24	0.01052	0.00857	0.01041	0.11797	0.01414	0.00939	0.00759	0.06254	0.24352	0.01908	0.21526	0.04726	0.03953	0.11189	0.00857	0.00215	0.01947	0.00709	0.00462	0.04041
25	0.01315	0.01136	0.01195	0.01076	0.01375	0.01315	0.00837	0.02809	0.77168	0.02211	0.02152	0.01972	0.01614	0.00717	0.00538	0.00179	0.00418	0.00598	0.00538	0.00837
26	0.00779	0.00538	0.00622	0.00605	0.00648	0.00518	0.00365	0.00825	0.00880	0.01201	0.10157	0.06924	0.02270	0.64219	0.02238	0.00436	0.00467	0.00797	0.00357	0.05154
27	0.00650	0.00465	0.00619	0.00732	0.00768	0.00433	0.00491	0.00751	0.01040	0.01393	0.07156	0.76709	0.03581	0.01624	0.00672	0.00212	0.00303	0.01472	0.00496	0.00433
28	0.01157	0.01157	0.01619	0.01388	0.01388	0.01619	0.01157	0.01272	0.00810	0.01272	0.00694	0.01157	0.00694	0.00925	0.01735	0.00231	0.80453	0.00463	0.00231	0.00578
29	0.01912	0.01412	0.01533	0.03526	0.01656	0.01567	0.00990	0.65892	0.08217	0.04474	0.01349	0.01373	0.00973	0.01938	0.00564	0.00167	0.00569	0.00491	0.00520	0.00876
30	0.00726	0.00530	0.00684	0.00674	0.00789	0.00487	0.00500	0.00943	0.01395	0.01938	0.59093	0.15516	0.10346	0.01196	0.00634	0.00177	0.00266	0.03065	0.00559	0.00484
31	0.01413	0.81739	0.02770	0.00905	0.01357	0.02092	0.00905	0.01583	0.01074	0.01244	0.00735	0.00848	0.00678	0.00452	0.00339	0.00113	0.00565	0.00283	0.00226	0.00678
32	0.01122	0.00939	0.01099	0.00786	0.01255	0.00706	0.00629	0.01356	0.01105	0.03250	0.00962	0.01110	0.00793	0.00397	0.00394	0.00080	0.00393	0.00318	0.00320	0.82986
33	0.00998	0.00940	0.01586	0.80150	0.03641	0.01175	0.01468	0.01351	0.01057	0.01351	0.00940	0.01409	0.00705	0.00529	0.00529	0.00176	0.00705	0.00470	0.00235	0.00587
34	0.00668	0.00537	0.00596	0.00581	0.00741	0.00465	0.00436	0.00843	0.01308	0.01672	0.30877	0.04687	0.52235	0.01248	0.00624	0.00174	0.00261	0.01060	0.00523	0.00465
35	0.01308	0.01256	0.02146	0.03245	0.78123	0.01256	0.01622	0.01622	0.01204	0.01727	0.00994	0.01308	0.00837	0.00471	0.00523	0.00157	0.00628	0.00471	0.00262	0.00837
36	0.00727	0.00588	0.00940	0.00933	0.01031	0.00550	0.10159	0.00869	0.01048	0.01400	0.02675	0.68693	0.03139	0.01496	0.00670	0.00211	0.00387	0.03553	0.00462	0.00467
37	0.01279	0.00658	0.00875	0.00753	0.00972	0.00589	0.00588	0.01512	0.01497	0.27170	0.51777	0.03262	0.04993	0.00945	0.00593	0.00166	0.00315	0.00819	0.00604	0.00629
38	0.00918	0.00459	0.00689	0.00689	0.00689	0.00459	0.00459	0.00689	0.00689	0.00918	0.00918	0.01607	0.00918	0.01837	0.02066	0.84619	0.00459	0.00459	0.00230	0.00230
39	0.00644	0.00460	0.00613	0.00736	0.00767	0.00429	0.00491	0.00736	0.01012	0.01350	0.02914	0.81076	0.03497	0.01656	0.00675	0.00215	0.00307	0.01503	0.00491	0.00429
40	0.00663	0.00470	0.00609	0.00709	0.00740	0.00443	0.00466	0.00746	0.00993	0.01323	0.04356	0.67398	0.04743	0.12538	0.00948	0.00254	0.00333	0.01384	0.00469	0.00416
41	0.07656	0.00887	0.01083	0.00897	0.01219	0.00865	0.00719	0.02236	0.17742	0.41291	0.17301	0.02204	0.02065	0.00742	0.00537	0.00168	0.00400	0.00614	0.00592	0.00782
42	0.00644	0.00460	0.00613	0.00736	0.00767	0.00429	0.00491	0.00736	0.01012	0.01350	0.02914	0.81076	0.03497	0.01656	0.00675	0.00215	0.00307	0.01503	0.00491	0.00429
43	0.00740	0.00540	0.00695	0.00656	0.00784	0.00495	0.00492	0.00981	0.01476	0.02071	0.72731	0.04029	0.10132	0.01099	0.00624	0.00167	0.00251	0.00967	0.00576	0.00495
44	0.00753	0.00541	0.00675	0.00647	0.00777	0.00491	0.00479	0.00961	0.01387	0.03437	0.55693	0.08302	0.18233	0.04423	0.00709	0.00185	0.00271	0.00999	0.00551	0.00486
45	0.00646	0.00466	0.00612	0.00724	0.00765	0.00432	0.00487	0.00744	0.01035	0.01374	0.05075	0.75295	0.07139	0.01625	0.00671	0.00212	0.00303	0.01469	0.00493	0.00432
46	0.01161	0.00978	0.01131	0.00814	0.01280	0.00771	0.00653	0.06623	0.01194	0.01836	0.00963	0.01108	0.00791	0.00409	0.00401	0.00084	0.00405	0.00325	0.00328	0.78745
47	0.02346	0.00941	0.01252	0.00960	0.01370	0.00838	0.00793	0.07781	0.01582	0.73188	0.02028	0.01762	0.01280	0.00653	0.00531	0.00163	0.00459	0.00528	0.00645	0.00900
48	0.01075	0.01005	0.01674	0.65822	0.15370	0.01200	0.01480	0.03447	0.01119	0.01465	0.00957	0.01390	0.00731	0.00522	0.00528	0.00173	0.00689	0.00470	0.00247	0.00635
49	0.02080	0.01367	0.01516	0.01162	0.01583	0.01471	0.00960	0.61939	0.02296	0.18022	0.01429	0.01373	0.00979	0.00638	0.00529	0.00160	0.00556	0.00487	0.00553	0.00899
50	0.01498	0.04103	0.01653	0.01388	0.01539	0.33616	0.04269	0.01639	0.01121	0.01297	0.00776	0.01093	0.00705	0.00792	0.02595	0.00198	0.40455	0.00416	0.00251	0.00599
51	0.00830	0.00590	0.00656	0.00639	0.00829	0.00518	0.00495	0.01024	0.03491	0.08460	0.08576	0.07502	0.55748	0.01267	0.00624	0.00183	0.00308	0.07244	0.00512	0.00504
52	0.00896	0.00593	0.00747	0.00706	0.00868	0.00564	0.00538	0.01115	0.03137	0.09770	0.27014	0.06762	0.24911	0.03004	0.16630	0.00316	0.00524	0.00889	0.00493	0.00523
53	0.00792	0.00575	0.00760	0.00836	0.00952	0.00557	0.00691	0.00996	0.01208	0.01579	0.12731	0.09706	0.12805	0.07047	0.00838	0.00243	0.00420	0.46309	0.00488	0.00468
54	0.01004	0.00951	0.01623	0.78272	0.03620	0.01178	0.03270	0.01359	0.01062	0.01359	0.00943	0.01410	0.00707	0.00527	0.00531	0.00176	0.00709	0.00474	0.00236	0.00590
55	0.00750	0.00523	0.00618	0.00650	0.00686	0.00510	0.00408	0.02833	0.00946	0.01255	0.04379	0.30702	0.06862	0.44503	0.01751	0.00370	0.00421	0.01043	0.00403	0.00386
56	0.67444	0.01120	0.00949	0.00806	0.01154	0.01283	0.00665	0.17489	0.01238	0.02576	0.00850	0.00946	0.00642	0.00521	0.00370	0.00163	0.00446	0.00327	0.00370	0.00642
57	0.00668	0.00482	0.00636	0.00732	0.00786	0.00449	0.00509	0.00791	0.01093	0.01464	0.12552	0.63872	0.06691	0.01559	0.00669	0.00209	0.00308	0.05584	0.00502	0.00442
58	0.00746	0.00540	0.00703	0.00662	0.00788	0.00498	0.00497	0.00992	0.01490	0.02105	0.76285	0.03973	0.06557	0.01086	0.00624	0.00167	0.00250	0.00959	0.00580	0.00498
59	0.01392	0.00698	0.00898	0.00793	0.01020	0.00633	0.00611	0.03184	0.02712	0.31654	0.17412	0.16259	0.11224	0.05960	0.00723	0.00198	0.00373	0.03052	0.00564	0.00641
60	0.02337	0.00587	0.00774	0.00766	0.00859	0.00649	0.00568	0.04009	0.00940	0.01381	0.01582	0.07841	0.01560	0.17690	0.46757	0.00627	0.00997	0.00654	0.08960	0.00462
61	0.00713	0.00540	0.00667	0.00750	0.00826	0.00526	0.00518	0.00959	0.09138	0.01450	0.03108	0.64090	0.11686	0.01521	0.00655	0.00207	0.00314	0.01363	0.00496	0.00475
62	0.02171	0.01035	0.01288	0.01008	0.01405	0.01002	0.00826	0.15971	0.11407	0.55078	0.01946	0.01726	0.01274	0.00659	0.00532	0.00165	0.00470	0.00530	0.00617	0.00891
63	0.00709	0.00531	0.00647	0.00709	0.00793	0.00506	0.00492	0.00922	0.06457	0.01499	0.10762	0.50580	0.15928	0.04607	0.00726	0.00211	0.00309	0.01273	0.01872	0.00465
64	0.00864	0.00516	0.00692	0.00762	0.00841	0.00474	0.00527	0.00971	0.01076	0.11190	0.02808	0.70963	0.03217	0.01528	0.00657	0.00208	0.00325	0.01379	0.00512	0.00489
65	0.01996	0.01420	0.01539	0.01189	0.01604	0.01560	0.00979	0.66962	0.06676	0.08569	0.01377	0.01347	0.00969	0.00641	0.00530	0.00160	0.00563	0.00487	0.00538	0.00896
66	0.00769	0.00586	0.00687	0.00697	0.00861	0.00538	0.00555	0.01009	0.04366	0.03291	0.18812	0.04876	0.40788	0.01277	0.00644	0.00191	0.00327	0.18718	0.00513	0.00492
67	0.00957	0.00554	0.00726	0.00723	0.00783	0.00561	0.00504	0.07468	0.00977	0.01363	0.01530	0.20869	0.01594	0.01539	0.01389	0.46518	0.00407	0.00717	0.10451	0.00369
68	0.00806	0.00589	0.00673	0.00639	0.00801	0.00548	0.00479	0.01095	0.07071	0.03904	0.34296	0.04017	0.32051	0.04001	0.00672	0.00181	0.00284	0.00939	0.06446	0.00509
69	0.00751	0.00631	0.01057	0.01000	0.01120	0.00590	0.13893	0.00906	0.01054	0.01410	0.02587	0.66977	0.03020	0.01442	0.00666	0.00208	0.00410	0.01347	0.00451	0.00480
70	0.01096	0.00940	0.01096	0.00783	0.01253	0.00705	0.00626	0.01331	0.01096	0.01723	0.00940	0.01096	0.00783	0.00392	0.00392	0.00078	0.00392	0.00313	0.00313	0.84653
71	0.01369	0.03534	0.07190	0.29967	0.16763	0.08042	0.01316	0.06545	0.10603	0.07757	0.01195	0.01405	0.00896	0.00555	0.00517	0.00165	0.00651	0.00469	0.00331	0.00728
72	0.01252	0.07077	0.05567	0.15251	0.02308	0.08855	0.26896	0.01549	0.01100	0.01448	0.00891	0.01250	0.00729	0.00605	0.00874	0.00183	0.22780	0.00492	0.00247	0.00645
73	0.00879	0.00591	0.00739	0.00686	0.00846	0.00545	0.00520	0.01155	0.04556	0.08085	0.55583	0.05796	0.15824	0.01086	0.00614	0.00170	0.00277	0.00946	0.00570	0.00535
74	0.00921	0.00461	0.00681	0.00681	0.00686	0.00461	0.00455	0.00711	0.00706	0.00961	0.00951	0.01622	0.00936	0.01787	0.01997	0.81178	0.00450	0.00461	0.03656	0.00240
75	0.01099	0.00990	0.01638	0.01967	0.30021	0.00989	0.10727	0.01488	0.06971	0.01718	0.05059	0.03248	0.03220	0.00888	0.00619	0.00194	0.00572	0.27537	0.00383	0.00673
76	0.01413	0.81739	0.02770	0.00905	0.01357	0.02092	0.00905	0.01583	0.01074	0.01244	0.00735	0.00848	0.00678	0.00452	0.00339	0.00113	0.00565	0.00283	0.00226	0.00678
77	0.01248	0.01426	0.03119	0.02228	0.02763	0.01337	0.76203	0.01693	0.01248	0.01693	0.01070	0.01426	0.00802	0.00446	0.00624	0.00178	0.00891	0.00624	0.00267	0.00713
78	0.00644	0.00460	0.00613	0.00736	0.00767	0.00429	0.00491	0.00736	0.01012	0.01350	0.02914	0.81076	0.03497	0.01656	0.00675	0.00215	0.00307	0.01503	0.00491	0.00429
79	0.77905	0.01012	0.00823	0.02219	0.01094	0.01158	0.00603	0.01620	0.00945	0.07552	0.00832	0.00933	0.00625	0.00503	0.00345	0.00164	0.00417	0.00307	0.00348	0.00595
80	0.00998	0.00940	0.01586	0.80150	0.03641	0.01175	0.01468	0.01351	0.01057	0.01351	0.00940	0.01409	0.00705	0.00529	0.00529	0.00176	0.00705	0.00470	0.00235	0.00587
81	0.00794	0.00586	0.00749	0.00712	0.00848	0.00563	0.00543	0.01131	0.06818	0.02096	0.68226	0.03924	0.04639	0.01077	0.00624	0.00172	0.00275	0.05128	0.00573	0.00522
82	0.03480	0.01119	0.01281	0.01043	0.01395	0.01193	0.00844	0.26991	0.21100	0.24486	0.01743	0.01674	0.01238	0.00912	0.06541	0.00217	0.00553	0.00527	0.02830	0.00833
83	0.00751	0.00491	0.00644	0.00732	0.00786	0.00455	0.00493	0.00844	0.01029	0.05728	0.02843	0.69392	0.05120	0.07006	0.00802	0.00231	0.00328	0.01388	0.00489	0.00449
84	0.00645	0.00466	0.00611	0.00723	0.00764	0.00432	0.00486	0.00742	0.01032	0.01368	0.04461	0.75345	0.07716	0.01628	0.00671	0.00212	0.00303	0.01471	0.00492	0.00432
85	0.01870	0.01329	0.01424	0.01108	0.01488	0.01460	0.00910	0.64304	0.02272	0.04507	0.01349	0.01379	0.00972	0.00632	0.00506	0.00154	0.00532	0.00479	0.12483	0.00841
86	0.79718	0.00997	0.00781	0.00703	0.01020	0.01145	0.00574	0.01545	0.00919	0.04165	0.00857	0.04148	0.00709	0.00542	0.00346	0.00166	0.00406	0.00342	0.00342	0.00575
87	0.00647	0.00519	0.00558	0.00580	0.00710	0.00452	0.00411	0.00760	0.01126	0.01382	0.05928	0.19006	0.54067	0.10413	0.00867	0.00223	0.00302	0.01145	0.00473	0.00430
88	0.00642	0.00467	0.00607	0.00719	0.00762	0.00431	0.00483	0.00738	0.01029	0.01356	0.03127	0.74454	0.09981	0.01629	0.00670	0.00212	0.00303	0.01469	0.00491	0.00431
89	0.00769	0.00513	0.00577	0.00577	0.00577	0.00513	0.00320	0.00769	0.00769	0.01025	0.01666	0.03460	0.01922	0.81421	0.02691	0.00513	0.00513	0.00769	0.00320	0.00320
90	0.00655	0.00534	0.00579	0.00574	0.00734	0.00458	0.00428	0.00815	0.01267	0.01590	0.22547	0.07647	0.57751	0.01289	0.00626	0.00177	0.00265	0.01092	0.00513	0.00458
91	0.00909	0.00682	0.00885	0.00961	0.01105	0.00707	0.00809	0.01348	0.13716	0.01691	0.05757	0.10635	0.02919	0.01337	0.00690	0.00228	0.00453	0.54127	0.00499	0.00541
92	0.00800	0.00511	0.00673	0.00754	0.00821	0.00479	0.00518	0.02328	0.01078	0.06843	0.02796	0.72113	0.03243	0.01542	0.00655	0.00208	0.00321	0.01391	0.02454	0.00473
93	0.72329	0.01003	0.00847	0.00733	0.01073	0.01123	0.00604	0.01712	0.00995	0.14165	0.00945	0.01005	0.00687	0.00516	0.00359	0.00164	0.00415	0.00324	0.00378	0.00623
94	0.00669	0.00471	0.00606	0.00704	0.00729	0.00446	0.00457	0.00743	0.00964	0.01285	0.02665	0.65613	0.03183	0.17548	0.01076	0.00274	0.00348	0.01357	0.00457	0.00408
95	0.60669	0.01119	0.00971	0.00833	0.01174	0.01283	0.00681	0.15332	0.09675	0.02529	0.00991	0.01058	0.00748	0.00542	0.00387	0.00164	0.00441	0.00355	0.00387	0.00661
96	0.01828	0.01253	0.01382	0.01117	0.01493	0.01368	0.00904	0.36874	0.28858	0.16523	0.01731	0.01615	0.01227	0.00668	0.00533	0.00167	0.00500	0.00529	0.00555	0.00877
97	0.01413	0.81739	0.02770	0.00905	0.01357	0.02092	0.00905	0.01583	0.01074	0.01244	0.00735	0.00848	0.00678	0.00452	0.00339	0.00113	0.00565	0.00283	0.00226	0.00678
98	0.63500	0.01142	0.00988	0.00831	0.01183	0.01304	0.00685	0.21037	0.01313	0.02622	0.00875	0.00966	0.00658	0.00528	0.00380	0.00162	0.00454	0.00336	0.00380	0.00658
99	0.01452	0.00721	0.00945	0.00799	0.01052	0.00657	0.00630	0.01745	0.05490	0.33920	0.40606	0.02976	0.04974	0.00890	0.00581	0.00166	0.00342	0.00764	0.00608	0.00682
100	0.01191	0.00946	0.01104	0.00823	0.01258	0.00766	0.00655	0.03528	0.06520	0.06163	0.01180	0.04460	0.00985	0.00488	0.00425	0.00098	0.00398	0.00399	0.00362	0.68251
101	0.01488	0.01123	0.01343	0.00999	0.01444	0.01033	0.03972	0.25357	0.01581	0.08224	0.01180	0.01325	0.00910	0.00515	0.00463	0.00118	0.00480	0.01992	0.00410	0.46041
102	0.00727	0.00528	0.00677	0.00755	0.00829	0.00502	0.00537	0.03875	0.01152	0.01533	0.10459	0.58299	0.08749	0.01518	0.00665	0.00208	0.00325	0.07701	0.00501	0.00462
103	0.00731	0.00536	0.00691	0.00701	0.00817	0.00496	0.00531	0.00942	0.01353	0.01853	0.48391	0.16254	0.12861	0.01248	0.00645	0.00185	0.00291	0.10449	0.00545	0.00481
104	0.01399	0.01437	0.02814	0.02027	0.02539	0.01397	0.61244	0.16547	0.01494	0.02019	0.01109	0.01395	0.00821	0.00483	0.00605	0.00174	0.00830	0.00594	0.00319	0.00750
105	0.01438	0.01089	0.01231	0.04241	0.01410	0.01172	0.00830	0.38435	0.09698	0.02497	0.07106	0.19831	0.01843	0.00890	0.00562	0.00170	0.00472	0.00748	0.00500	0.05840
106	0.00998	0.00940	0.01586	0.80150	0.03641	0.01175	0.01468	0.01351	0.01057	0.01351	0.00940	0.01409	0.00705	0.00529	0.00529	0.00176	0.00705	0.00470	0.00235	0.00587
107	0.01482	0.01098	0.01234	0.05568	0.01508	0.01233	0.00868	0.04867	0.58825	0.14085	0.02046	0.01893	0.01493	0.00694	0.00536	0.00176	0.00444	0.00577	0.00539	0.00834
108	0.01096	0.00940	0.01096	0.00783	0.01253	0.00705	0.00626	0.01331	0.01096	0.01723	0.00940	0.01096	0.00783	0.00392	0.00392	0.00078	0.00392	0.00313	0.00313	0.84653
109	0.01122	0.00944	0.01096	0.00809	0.01248	0.00751	0.00643	0.05124	0.02995	0.01794	0.01098	0.05687	0.00964	0.00484	0.00418	0.00093	0.00397	0.00396	0.00340	0.73598
110	0.01322	0.01035	0.01178	0.00871	0.01312	0.00900	0.00703	0.17990	0.01427	0.05059	0.01309	0.01390	0.05227	0.00510	0.00441	0.00105	0.00429	0.00404	0.00384	0.58004
111	0.04094	0.01256	0.01416	0.01104	0.01499	0.01333	0.00909	0.49200	0.03505	0.23004	0.01534	0.01578	0.01090	0.02162	0.01895	0.00180	0.00550	0.02281	0.00548	0.00862
112	0.00820	0.00608	0.00762	0.00781	0.00923	0.00583	0.00626	0.05254	0.01353	0.01794	0.26360	0.12239	0.18699	0.01291	0.00659	0.00199	0.00357	0.25673	0.00520	0.00500
113	0.01083	0.06568	0.01213	0.01015	0.01253	0.00997	0.05074	0.06114	0.24165	0.01861	0.06917	0.09065	0.08362	0.01040	0.00608	0.00194	0.00456	0.22898	0.00480	0.00637
114	0.72441	0.01062	0.00872	0.00760	0.01091	0.01219	0.00623	0.10718	0.01098	0.02460	0.00866	0.03283	0.00699	0.00543	0.00362	0.00164	0.00427	0.00346	0.00357	0.00608
115	0.00650	0.00469	0.00611	0.00717	0.00759	0.00435	0.00481	0.00747	0.01034	0.01372	0.05590	0.71787	0.07945	0.03792	0.00725	0.00219	0.00308	0.01441	0.00489	0.00430
116	0.01181	0.00990	0.01142	0.00823	0.01289	0.00792	0.00662	0.08326	0.01226	0.01873	0.00970	0.01112	0.00794	0.00414	0.00404	0.00086	0.00409	0.00328	0.00333	0.76845
117	0.03961	0.07972	0.05258	0.01295	0.05909	0.39104	0.01001	0.11206	0.01466	0.01701	0.00919	0.01053	0.00743	0.00518	0.00457	0.00131	0.00731	0.00360	0.01901	0.14313
118	0.00664	0.00489	0.00599	0.00668	0.00733	0.00449	0.00451	0.00765	0.01059	0.01384	0.09102	0.49014	0.19153	0.11803	0.00919	0.00242	0.00320	0.01284	0.00476	0.00424
119	0.01098	0.00945	0.01108	0.00797	0.01256	0.00726	0.00639	0.01330	0.01090	0.01712	0.00934	0.01098	0.00781	0.00404	0.00423	0.00082	0.02254	0.00317	0.00311	0.82697
120	0.02926	0.02237	0.01162	0.01014	0.04810	0.00887	0.00787	0.12163	0.04306	0.24467	0.05871	0.02508	0.04984	0.00781	0.00537	0.00162	0.00445	0.12350	0.04992	0.12612
121	0.02056	0.01407	0.01541	0.01181	0.01602	0.01529	0.00976	0.66948	0.02362	0.12919	0.01373	0.01337	0.00951	0.00637	0.00529	0.00159	0.00565	0.00483	0.00545	0.00899
122	0.00706	0.00517	0.00662	0.00750	0.00803	0.00506	0.00509	0.00900	0.06321	0.01417	0.05789	0.65194	0.03262	0.06658	0.03118	0.00248	0.00358	0.01344	0.00481	0.00455
123	0.14321	0.03215	0.22585	0.02638	0.04863	0.08230	0.02829	0.23425	0.06074	0.05285	0.01115	0.01200	0.00814	0.00558	0.00485	0.00161	0.00638	0.00421	0.00371	0.00772
124	0.79219	0.01017	0.00834	0.06300	0.01207	0.01185	0.00636	0.01540	0.00911	0.02300	0.00750	0.00898	0.00582	0.00493	0.00341	0.00164	0.00430	0.00299	0.00321	0.00574
125	0.00755	0.00566	0.00850	0.00850	0.00944	0.00661	0.00661	0.00944	0.00850	0.01227	0.01416	0.02077	0.01322	0.03965	0.79326	0.00850	0.01416	0.00566	0.00283	0.00472
126	0.01843	0.01398	0.01678	0.01638	0.18080	0.01513	0.01123	0.54692	0.05217	0.05576	0.01275	0.01325	0.00929	0.00603	0.00528	0.00159	0.00580	0.00482	0.00476	0.00883
127	0.00755	0.00566	0.00850	0.00850	0.00944	0.00661	0.00661	0.00944	0.00850	0.01227	0.01416	0.02077	0.01322	0.03965	0.79326	0.00850	0.01416	0.00566	0.00283	0.00472
128	0.00858	0.00654	0.00799	0.00807	0.00944	0.00663	0.00610	0.03300	0.14501	0.01840	0.27445	0.27264	0.06419	0.01238	0.00635	0.00193	0.00336	0.10419	0.00529	0.00544
129	0.00649	0.00519	0.00569	0.00590	0.00721	0.00452	0.00422	0.00775	0.01159	0.01441	0.10584	0.20516	0.51209	0.07032	0.00781	0.00209	0.00292	0.01158	0.00486	0.00438
130	0.00868	0.00605	0.00781	0.00848	0.00946	0.00607	0.00658	0.02878	0.05144	0.03413	0.02550	0.26813	0.02812	0.15044	0.01028	0.00273	0.00437	0.33345	0.00468	0.00481
131	0.01308	0.01256	0.02146	0.03245	0.78123	0.01256	0.01622	0.01622	0.01204	0.01727	0.00994	0.01308	0.00837	0.00471	0.00523	0.00157	0.00628	0.00471	0.00262	0.00837
132	0.00656	0.00465	0.00610	0.00721	0.00748	0.00438	0.00474	0.00739	0.00988	0.01318	0.02792	0.73502	0.03343	0.09440	0.00871	0.00244	0.00327	0.01431	0.00474	0.00419
133	0.85155	0.01022	0.00777	0.00695	0.01022	0.01186	0.00573	0.01554	0.00900	0.02372	0.00736	0.00859	0.00573	0.00491	0.00327	0.00164	0.00409	0.00286	0.00327	0.00573
134	0.01096	0.00940	0.01096	0.00783	0.01253	0.00705	0.00626	0.01331	0.01096	0.01723	0.00940	0.01096	0.00783	0.00392	0.00392	0.00078	0.00392	0.00313	0.00313	0.84653
135	0.00664	0.00470	0.00606	0.00705	0.00734	0.00444	0.00461	0.00742	0.00976	0.01297	0.02756	0.66608	0.04764	0.14912	0.01009	0.00263	0.00340	0.01373	0.00462	0.00412
136	0.01235	0.01358	0.02801	0.07802	0.03937	0.01327	0.61766	0.01753	0.07609	0.01705	0.01143	0.01464	0.00862	0.00484	0.00629	0.00179	0.02340	0.00605	0.00287	0.00714
137	0.00715	0.00493	0.00605	0.00665	0.00684	0.00479	0.00420	0.00767	0.00898	0.01196	0.02281	0.38955	0.02686	0.41791	0.01692	0.00366	0.00418	0.04109	0.00405	0.00377
138	0.01315	0.01136	0.01195	0.01076	0.01375	0.01315	0.00837	0.02809	0.77168	0.02211	0.02152	0.01972	0.01614	0.00717	0.00538	0.00179	0.00418	0.00598	0.00538	0.00837
139	0.01026	0.00963	0.01590	0.72971	0.03463	0.01188	0.02960	0.01461	0.06430	0.01418	0.01028	0.01449	0.00771	0.00540	0.00531	0.00176	0.00688	0.00482	0.00257	0.00607
140	0.01308	0.01256	0.02146	0.03245	0.78123	0.01256	0.01622	0.01622	0.01204	0.01727	0.00994	0.01308	0.00837	0.00471	0.00523	0.00157	0.00628	0.00471	0.00262	0.00837
141	0.85155	0.01022	0.00777	0.00695	0.01022	0.01186	0.00573	0.01554	0.00900	0.02372	0.00736	0.00859	0.00573	0.00491	0.00327	0.00164	0.00409	0.00286	0.00327	0.00573
142	0.00657	0.00470	0.00625	0.00727	0.00770	0.00438	0.00492	0.00769	0.01074	0.01448	0.12472	0.71238	0.03687	0.01583	0.00668	0.00209	0.00299	0.01433	0.00502	0.00438
143	0.02035	0.01440	0.01561	0.01197	0.01619	0.01579	0.00989	0.71156	0.02417	0.08633	0.01327	0.01307	0.00928	0.00636	0.00529	0.00159	0.00572	0.00480	0.00538	0.00899
144	0.00874	0.00613	0.00769	0.00729	0.00876	0.00591	0.00546	0.01233	0.09663	0.05786	0.54500	0.13495	0.06067	0.01100	0.00616	0.00174	0.00285	0.00970	0.00567	0.00545
145	0.11530	0.00913	0.01177	0.00913	0.01313	0.00822	0.00754	0.02463	0.01445	0.70069	0.01936	0.01695	0.01227	0.00636	0.00509	0.00164	0.00445	0.00504	0.00618	0.00863
146	0.01840	0.01345	0.01457	0.01162	0.01548	0.01488	0.00949	0.53277	0.19479	0.07314	0.01559	0.01588	0.01144	0.00677	0.00537	0.00166	0.00534	0.02527	0.00537	0.00874
147	0.01404	0.01116	0.01198	0.01064	0.01373	0.01270	0.00832	0.02790	0.70783	0.08649	0.02146	0.01958	0.01588	0.00712	0.00537	0.00178	0.00421	0.00592	0.00548	0.00842
148	0.02099	0.01161	0.01371	0.01059	0.01458	0.01181	0.00872	0.38424	0.01986	0.37361	0.06170	0.01668	0.01327	0.00670	0.00536	0.00161	0.00502	0.00530	0.00589	0.00876
149	0.02336	0.00957	0.01263	0.00968	0.01378	0.00863	0.00800	0.09916	0.01610	0.71013	0.02004	0.01747	0.01268	0.00652	0.00531	0.00163	0.00463	0.00526	0.00642	0.00900
150	0.01043	0.00549	0.00554	0.00534	0.00674	0.00557	0.00405	0.05473	0.01186	0.02048	0.01699	0.01931	0.01329	0.00617	0.00379	0.00125	0.00265	0.00492	0.79623	0.00516
151	0.00644	0.00460	0.00613	0.00736	0.00767	0.00429	0.00491	0.00736	0.01012	0.01350	0.02914	0.81076	0.03497	0.01656	0.00675	0.00215	0.00307	0.01503	0.00491	0.00429
152	0.01550	0.01253	0.01328	0.01123	0.01464	0.01425	0.00894	0.27749	0.51845	0.02591	0.01852	0.01734	0.01371	0.00689	0.00535	0.00172	0.00474	0.00556	0.00535	0.00858
153	0.00769	0.00513	0.00577	0.00577	0.00577	0.00513	0.00320	0.00769	0.00769	0.01025	0.01666	0.03460	0.01922	0.81421	0.02691	0.00513	0.00513	0.00769	0.00320	0.00320
154	0.01303	0.01032	0.01109	0.00987	0.01275	0.01146	0.00770	0.05210	0.56408	0.07389	0.05821	0.02409	0.11221	0.00803	0.00552	0.00177	0.00401	0.00669	0.00542	0.00780
155	0.00661	0.00537	0.00586	0.00574	0.00736	0.00462	0.00430	0.00829	0.01291	0.01633	0.26792	0.04751	0.56344	0.01263	0.00624	0.00175	0.00262	0.01069	0.00518	0.00462
156	0.00742	0.00501	0.00585	0.00611	0.00618	0.00494	0.00358	0.00762	0.00822	0.01096	0.01939	0.20443	0.02267	0.63967	0.02250	0.00447	0.00467	0.00929	0.00358	0.00344
157	0.01248	0.01426	0.03119	0.02228	0.02763	0.01337	0.76203	0.01693	0.01248	0.01693	0.01070	0.01426	0.00802	0.00446	0.00624	0.00178	0.00891	0.00624	0.00267	0.00713
158	0.03859	0.01471	0.01569	0.01205	0.01626	0.01629	0.00995	0.74697	0.02450	0.03310	0.01257	0.01260	0.00892	0.00631	0.00524	0.00159	0.00578	0.00472	0.00524	0.00892
159	0.02355	0.00927	0.01244	0.00954	0.01363	0.00818	0.00788	0.06065	0.01559	0.74936	0.02047	0.01774	0.01289	0.00653	0.00532	0.00163	0.00456	0.00529	0.00648	0.00900
160	0.02010	0.01481	0.01587	0.01216	0.01639	0.01639	0.01005	0.76360	0.02486	0.03332	0.01269	0.01269	0.00899	0.00635	0.00529	0.00159	0.00582	0.00476	0.00529	0.00899
161	0.00655	0.00479	0.00617	0.00704	0.00764	0.00440	0.00482	0.00772	0.01096	0.01458	0.12828	0.62510	0.12155	0.01546	0.00662	0.00204	0.00295	0.01389	0.00502	0.00440
162	0.00957	0.00496	0.00509	0.00509	0.00618	0.00498	0.00370	0.01176	0.01067	0.01853	0.01712	0.02135	0.01416	0.09475	0.02185	0.00180	0.00298	0.00524	0.73547	0.00474
163	0.00643	0.00465	0.00608	0.00722	0.00763	0.00431	0.00484	0.00738	0.01026	0.01355	0.03086	0.75716	0.08745	0.01634	0.00671	0.00212	0.00304	0.01476	0.00491	0.00431
164	0.01763	0.01131	0.01279	0.01062	0.01418	0.01216	0.00851	0.16731	0.40338	0.25235	0.01964	0.01787	0.01387	0.00683	0.00534	0.00171	0.00459	0.00555	0.00571	0.00867
165	0.01315	0.01136	0.01195	0.01076	0.01375	0.01315	0.00837	0.02809	0.77168	0.02211	0.02152	0.01972	0.01614	0.00717	0.00538	0.00179	0.00418	0.00598	0.00538	0.00837
166	0.01315	0.01136	0.01195	0.01076	0.01375	0.01315	0.00837	0.02809	0.77168	0.02211	0.02152	0.01972	0.01614	0.00717	0.00538	0.00179	0.00418	0.00598	0.00538	0.00837
167	0.01328	0.01118	0.01190	0.01055	0.01367	0.01266	0.00823	0.02717	0.70820	0.04085	0.02079	0.01917	0.01557	0.00697	0.00529	0.00173	0.00418	0.00579	0.00528	0.05755
168	0.01096	0.00940	0.01096	0.00783	0.01253	0.00705	0.00626	0.01331	0.01096	0.01723	0.00940	0.01096	0.00783	0.00392	0.00392	0.00078	0.00392	0.00313	0.00313	0.84653
169	0.01060	0.02735	0.78682	0.01507	0.02288	0.01228	0.01953	0.01674	0.01116	0.01674	0.00949	0.01116	0.00670	0.00502	0.00502	0.00167	0.00781	0.00391	0.00223	0.00781
170	0.01252	0.07143	0.06079	0.02106	0.02645	0.01386	0.67960	0.01685	0.01230	0.01661	0.01041	0.01373	0.00788	0.00448	0.00599	0.00173	0.00864	0.00591	0.00263	0.00713
171	0.00642	0.00470	0.00603	0.00710	0.00760	0.00432	0.00479	0.00739	0.01037	0.01360	0.03228	0.71303	0.13067	0.01615	0.00668	0.00210	0.00302	0.01453	0.00491	0.00432
172	0.02372	0.00900	0.01227	0.00941	0.01350	0.00777	0.00777	0.02576	0.01513	0.78489	0.02086	0.01799	0.01309	0.00654	0.00532	0.00164	0.00450	0.00532	0.00654	0.00900
173	0.01334	0.00849	0.00969	0.00835	0.01018	0.00878	0.00605	0.23857	0.01411	0.11641	0.01742	0.11426	0.01714	0.37601	0.01532	0.00327	0.00502	0.00734	0.00445	0.00582
174	0.13000	0.00926	0.01176	0.00914	0.01313	0.00846	0.00755	0.03840	0.01453	0.67290	0.01897	0.01669	0.01206	0.00633	0.00505	0.00163	0.00447	0.00499	0.00610	0.00858
175	0.00660	0.00467	0.00616	0.00728	0.00762	0.00437	0.00488	0.00743	0.01002	0.01331	0.02869	0.72622	0.05212	0.04763	0.00791	0.02537	0.00321	0.02754	0.00477	0.00421
176	0.02713	0.00942	0.01647	0.56458	0.04734	0.01099	0.10473	0.01312	0.01030	0.01363	0.00950	0.01425	0.00746	0.00695	0.00746	0.11697	0.00686	0.00484	0.00241	0.00559
177	0.00918	0.00459	0.00689	0.00689	0.00689	0.00459	0.00459	0.00689	0.00689	0.00918	0.00918	0.01607	0.00918	0.01837	0.02066	0.84619	0.00459	0.00459	0.00230	0.00230
178	0.00767	0.00520	0.00612	0.00612	0.00624	0.00532	0.00365	0.00792	0.00779	0.01051	0.01633	0.03280	0.01844	0.71371	0.12634	0.00556	0.00630	0.00743	0.00316	0.00340
179	0.00759	0.00557	0.00737	0.00840	0.00946	0.00534	0.00682	0.00944	0.01159	0.01494	0.03235	0.26283	0.15010	0.01495	0.00698	0.00225	0.00403	0.43045	0.00489	0.00465
180	0.03306	0.00721	0.00923	0.09396	0.02880	0.00745	0.00691	0.09414	0.01240	0.07373	0.06428	0.33503	0.10228	0.08112	0.00807	0.00218	0.02019	0.00996	0.00455	0.00545
181	0.01096	0.00940	0.01096	0.00783	0.01253	0.00705	0.00626	0.01331	0.01096	0.01723	0.00940	0.01096	0.00783	0.00392	0.00392	0.00078	0.00392	0.00313	0.00313	0.84653
182	0.00659	0.00466	0.00609	0.00717	0.00744	0.00439	0.00470	0.00740	0.00983	0.01311	0.02764	0.71763	0.03308	0.11227	0.00917	0.00250	0.00331	0.01415	0.00470	0.00416
183	0.03757	0.01057	0.01516	0.13386	0.11125	0.01088	0.06317	0.05859	0.16337	0.29705	0.03275	0.01685	0.01224	0.00615	0.00535	0.00169	0.00536	0.00535	0.00477	0.00802
184	0.01050	0.00948	0.01168	0.15982	0.05304	0.08328	0.00897	0.03861	0.01047	0.01408	0.01283	0.06631	0.01213	0.09476	0.22581	0.00391	0.09075	0.00571	0.04823	0.03963
185	0.00662	0.00519	0.00580	0.00598	0.00721	0.00458	0.00424	0.00791	0.01165	0.01473	0.15297	0.19270	0.44662	0.09954	0.00856	0.00219	0.00299	0.01129	0.00486	0.00437
186	0.85155	0.01022	0.00777	0.00695	0.01022	0.01186	0.00573	0.01554	0.00900	0.02372	0.00736	0.00859	0.00573	0.00491	0.00327	0.00164	0.00409	0.00286	0.00327	0.00573
187	0.00966	0.00589	0.00777	0.00702	0.00865	0.00536	0.00536	0.01210	0.01499	0.12386	0.67660	0.03660	0.04494	0.01023	0.00611	0.00166	0.00276	0.00899	0.00592	0.00553
188	0.01240	0.00969	0.01134	0.00820	0.01283	0.00765	0.00659	0.05858	0.01208	0.07233	0.01040	0.01156	0.00827	0.00424	0.00410	0.00089	0.00407	0.00338	0.00350	0.73790
189	0.00748	0.00540	0.00707	0.00665	0.00790	0.00499	0.00499	0.00998	0.01496	0.02120	0.77844	0.03949	0.04988	0.01081	0.00624	0.00166	0.00249	0.00956	0.00582	0.00499
190	0.06188	0.10128	0.05853	0.00997	0.01437	0.01139	0.00879	0.17376	0.01567	0.38244	0.01515	0.01425	0.01026	0.00583	0.00483	0.00148	0.00501	0.00449	0.00504	0.09557
191	0.01060	0.02735	0.78682	0.01507	0.02288	0.01228	0.01953	0.01674	0.01116	0.01674	0.00949	0.01116	0.00670	0.00502	0.00502	0.00167	0.00781	0.00391	0.00223	0.00781
192	0.00667	0.00537	0.00597	0.00604	0.00759	0.00467	0.00458	0.00829	0.01253	0.01573	0.19578	0.09254	0.53756	0.01314	0.00635	0.00183	0.00282	0.06287	0.00509	0.00459
193	0.00699	0.00581	0.00616	0.00599	0.00777	0.00521	0.00452	0.00955	0.06940	0.01612	0.18246	0.04648	0.58993	0.01246	0.00618	0.00176	0.00276	0.01048	0.00511	0.00485
194	0.00644	0.00460	0.00613	0.00736	0.00767	0.00429	0.00491	0.00736	0.01012	0.01350	0.02914	0.81076	0.03497	0.01656	0.00675	0.00215	0.00307	0.01503	0.00491	0.00429
195	0.01328	0.01142	0.01203	0.01079	0.01380	0.01321	0.00840	0.04200	0.75756	0.02233	0.02135	0.01959	0.01600	0.00716	0.00538	0.00179	0.00421	0.00595	0.00538	0.00838
196	0.00644	0.00460	0.00613	0.00736	0.00767	0.00429	0.00491	0.00736	0.01012	0.01350	0.02914	0.81076	0.03497	0.01656	0.00675	0.00215	0.00307	0.01503	0.00491	0.00429
197	0.00673	0.00481	0.00647	0.00769	0.00813	0.00454	0.00541	0.00786	0.01041	0.01382	0.02898	0.70570	0.03433	0.01629	0.00683	0.00219	0.00332	0.11722	0.00490	0.00437
198	0.00644	0.00460	0.00613	0.00736	0.00767	0.00429	0.00491	0.00736	0.01012	0.01350	0.02914	0.81076	0.03497	0.01656	0.00675	0.00215	0.00307	0.01503	0.00491	0.00429
199	0.02010	0.01481	0.01587	0.01216	0.01639	0.01639	0.01005	0.76360	0.02486	0.03332	0.01269	0.01269	0.00899	0.00635	0.00529	0.00159	0.00582	0.00476	0.00529	0.00899
200	0.00644	0.00460	0.00613	0.00736	0.00767	0.00429	0.00491	0.00736	0.01012	0.01350	0.02914	0.81076	0.03497	0.01656	0.00675	0.00215	0.00307	0.01503	0.00491	0.00429
201	0.00998	0.00940	0.01586	0.80150	0.03641	0.01175	0.01468	0.01351	0.01057	0.01351	0.00940	0.01409	0.00705	0.00529	0.00529	0.00176	0.00705	0.00470	0.00235	0.00587
202	0.00769	0.00513	0.00577	0.00577	0.00577	0.00513	0.00320	0.00769	0.00769	0.01025	0.01666	0.03460	0.01922	0.81421	0.02691	0.00513	0.00513	0.00769	0.00320	0.00320
203	0.00681	0.00578	0.00593	0.00582	0.00765	0.00511	0.00438	0.00918	0.06581	0.01526	0.09638	0.04797	0.67992	0.01279	0.00619	0.00178	0.00277	0.01069	0.00500	0.00477
204	0.15054	0.02082	0.01402	0.01229	0.01539	0.51880	0.00948	0.16501	0.01597	0.01861	0.00893	0.01000	0.00706	0.00554	0.00463	0.00145	0.00795	0.00358	0.00331	0.00662
205	0.00643	0.00464	0.00609	0.00725	0.00764	0.00430	0.00486	0.00737	0.01023	0.01354	0.03053	0.76743	0.07740	0.01638	0.00672	0.00213	0.00304	0.01481	0.00491	0.00430
206	0.00743	0.00540	0.00700	0.00660	0.00787	0.00497	0.00495	0.00988	0.01485	0.02092	0.74892	0.03995	0.07958	0.01091	0.00624	0.00167	0.00250	0.00963	0.00578	0.00497
207	0.00769	0.00513	0.00577	0.00577	0.00577	0.00513	0.00320	0.00769	0.00769	0.01025	0.01666	0.03460	0.01922	0.81421	0.02691	0.00513	0.00513	0.00769	0.00320	0.00320
208	0.01413	0.81739	0.02770	0.00905	0.01357	0.02092	0.00905	0.01583	0.01074	0.01244	0.00735	0.00848	0.00678	0.00452	0.00339	0.00113	0.00565	0.00283	0.00226	0.00678
209	0.01060	0.02735	0.78682	0.01507	0.02288	0.01228	0.01953	0.01674	0.01116	0.01674	0.00949	0.01116	0.00670	0.00502	0.00502	0.00167	0.00781	0.00391	0.00223	0.00781

[dist]
# distance from previous block
# <min> <max>
0	3

[block]
# block no. 2 follows, 46 sequences, length 25
# corresponding to MSA columns:
# 522-546
name=unknown_C
#
# <colnr> <probs for GDERKNQSTAVLIFYWHMCP>
#	G	D	E	R	K	N	Q	S	T	A	V	L	I	F	Y	W	H	M	C	P
0	0.00749	0.00539	0.00701	0.00662	0.00781	0.00499	0.00492	0.00988	0.01467	0.02076	0.74767	0.03929	0.04864	0.04326	0.00707	0.00180	0.00260	0.00948	0.00571	0.00492
1	0.00998	0.00940	0.01586	0.80150	0.03641	0.01175	0.01468	0.01351	0.01057	0.01351	0.00940	0.01409	0.00705	0.00529	0.00529	0.00176	0.00705	0.00470	0.00235	0.00587
2	0.01893	0.02297	0.01448	0.01299	0.01576	0.67316	0.00983	0.08462	0.01576	0.01507	0.04063	0.01211	0.02928	0.00595	0.00491	0.00140	0.00875	0.00398	0.00313	0.00629
3	0.01009	0.00742	0.00869	0.00787	0.00982	0.00748	0.00603	0.09857	0.12786	0.04763	0.40663	0.09040	0.12972	0.01036	0.00601	0.00172	0.00326	0.00893	0.00554	0.00597
4	0.02351	0.00934	0.01248	0.00957	0.01367	0.00828	0.00790	0.06911	0.01570	0.74074	0.02038	0.01768	0.01285	0.00653	0.00531	0.00163	0.00458	0.00528	0.00647	0.00900
5	0.00652	0.00466	0.00620	0.00731	0.00768	0.00434	0.00491	0.00755	0.01047	0.01406	0.08375	0.75455	0.03605	0.01614	0.00671	0.00211	0.00303	0.01463	0.00497	0.00434
6	0.70736	0.01001	0.00855	0.00738	0.01079	0.01115	0.00608	0.01732	0.01007	0.15630	0.00971	0.01023	0.00701	0.00519	0.00363	0.00164	0.00416	0.00329	0.00384	0.00630
7	0.01403	0.01078	0.01108	0.01072	0.01294	0.00903	0.00751	0.01349	0.01678	0.02192	0.15225	0.05475	0.60226	0.01685	0.00915	0.00305	0.00529	0.01249	0.00724	0.00838
8	0.01584	0.01097	0.01258	0.01189	0.01382	0.00953	0.00839	0.01600	0.01858	0.07247	0.58446	0.10178	0.06282	0.01512	0.00912	0.00299	0.00532	0.01146	0.00789	0.00895
9	0.02706	0.01732	0.01899	0.01572	0.02011	0.01686	0.01200	0.44111	0.04616	0.26401	0.02217	0.02416	0.01704	0.01103	0.00831	0.00291	0.00766	0.00722	0.00784	0.01231
10	0.01718	0.01436	0.02018	0.71742	0.03883	0.01542	0.01685	0.01843	0.01508	0.02031	0.01653	0.02361	0.01388	0.01000	0.00830	0.00305	0.00920	0.00697	0.00485	0.00956
11	0.08840	0.01022	0.01574	0.58472	0.11607	0.01219	0.01369	0.06867	0.01163	0.01631	0.00951	0.01337	0.00722	0.00526	0.00509	0.00172	0.00660	0.00454	0.00268	0.00637
12	0.00664	0.00537	0.00590	0.00577	0.00738	0.00463	0.00433	0.00835	0.01298	0.01650	0.28589	0.04723	0.54537	0.01256	0.00624	0.00175	0.00262	0.01065	0.00520	0.00463
13	0.01473	0.07991	0.08202	0.02910	0.03142	0.34255	0.08621	0.02753	0.01306	0.01488	0.09508	0.01430	0.01209	0.00763	0.03800	0.00185	0.09572	0.00467	0.00297	0.00628
14	0.01081	0.00509	0.00749	0.00717	0.00763	0.00495	0.00495	0.00900	0.00781	0.09617	0.01049	0.01629	0.00962	0.01704	0.01894	0.75148	0.00458	0.00467	0.00277	0.00305
15	0.01177	0.01327	0.08364	0.07195	0.28754	0.01232	0.26439	0.01535	0.01138	0.01604	0.01041	0.01415	0.00849	0.00889	0.09468	0.00248	0.05821	0.00526	0.00259	0.00718
16	0.01437	0.04796	0.04885	0.02034	0.15026	0.01419	0.36880	0.19972	0.01523	0.02071	0.01110	0.01405	0.00858	0.00526	0.00593	0.00169	0.02398	0.01793	0.00330	0.00774
17	0.00811	0.00583	0.00732	0.00794	0.00871	0.00576	0.00557	0.09233	0.01177	0.01569	0.02674	0.65716	0.03122	0.04729	0.00742	0.00222	0.00354	0.04569	0.00488	0.00480
18	0.01355	0.01042	0.01223	0.06903	0.06079	0.01162	0.00870	0.03972	0.49014	0.09919	0.01913	0.02025	0.01488	0.09730	0.00777	0.00213	0.00469	0.00590	0.00487	0.00769
19	0.01002	0.00695	0.00843	0.00817	0.00991	0.00697	0.00629	0.01471	0.17568	0.08814	0.23621	0.17189	0.10160	0.02591	0.00657	0.00195	0.00352	0.10584	0.00537	0.00586
20	0.00919	0.00684	0.00910	0.05719	0.02777	0.00702	0.00776	0.09423	0.01280	0.01690	0.03891	0.31958	0.04477	0.01352	0.00667	0.00215	0.00440	0.31120	0.00475	0.00525
21	0.01028	0.02485	0.69923	0.01402	0.02096	0.01148	0.01770	0.01573	0.01077	0.01601	0.01029	0.01379	0.00810	0.09576	0.00748	0.00206	0.00751	0.00433	0.00234	0.00730
