[name]
unknown

[dist]
# distance from previous block
# <min> <max>
19	306

[block]
# block no. 0 follows, 44 sequences, length 17
# corresponding to MSA columns:
# 340-356
name=unknown_A
#
# <colnr> <probs for GDERKNQSTAVLIFYWHMCP>
#	G	D	E	R	K	N	Q	S	T	A	V	L	I	F	Y	W	H	M	C	P
0	0.03078	0.00907	0.01085	0.00950	0.02977	0.02131	0.04111	0.11665	0.06069	0.06131	0.05297	0.05620	0.05499	0.00743	0.00574	0.00155	0.05573	0.00600	0.28950	0.07881
1	0.01289	0.03234	0.03658	0.01133	0.06892	0.03655	0.00843	0.14261	0.03656	0.07970	0.05217	0.12384	0.03867	0.10564	0.00909	0.02859	0.00513	0.12991	0.00453	0.03654
2	0.03860	0.01113	0.03810	0.00919	0.01310	0.03737	0.02129	0.16585	0.01452	0.05245	0.01298	0.03936	0.01043	0.00566	0.00453	0.00124	0.00460	0.00450	0.16222	0.35287
3	0.03922	0.03652	0.00982	0.00834	0.02730	0.00912	0.00633	0.14941	0.07003	0.02132	0.04357	0.02089	0.05227	0.06313	0.05803	0.00218	0.00466	0.00559	0.30879	0.06347
4	0.01578	0.01122	0.01265	0.02960	0.01394	0.01212	0.00842	0.38457	0.05360	0.07939	0.05920	0.06611	0.09315	0.06425	0.00769	0.00200	0.03247	0.02440	0.02192	0.00748
5	0.04804	0.14898	0.15016	0.18359	0.12718	0.05409	0.08420	0.01694	0.01182	0.07263	0.01020	0.01269	0.00787	0.00552	0.00568	0.01326	0.03268	0.00443	0.00284	0.00723
6	0.04432	0.04500	0.01891	0.14224	0.26268	0.04805	0.09362	0.01952	0.14521	0.08565	0.01306	0.01486	0.00997	0.00555	0.00535	0.00167	0.00633	0.00506	0.00355	0.02938
7	0.00879	0.00705	0.00905	0.00884	0.00960	0.03900	0.00666	0.01020	0.00903	0.01271	0.01495	0.06978	0.01494	0.14788	0.46985	0.02709	0.08782	0.00649	0.03557	0.00472
8	0.00736	0.00587	0.00746	0.00855	0.06506	0.00532	0.00561	0.00907	0.01266	0.01661	0.23357	0.25919	0.31697	0.01336	0.00651	0.00190	0.00310	0.01170	0.00513	0.00500
9	0.10369	0.00859	0.01028	0.00938	0.01201	0.00864	0.00771	0.08956	0.06212	0.22250	0.05127	0.07615	0.05393	0.03382	0.00669	0.00208	0.00460	0.22482	0.00537	0.00680
10	0.04730	0.22267	0.17642	0.04844	0.18948	0.01528	0.10911	0.06749	0.02569	0.01765	0.01076	0.01276	0.02347	0.00521	0.00494	0.00157	0.00677	0.00447	0.00283	0.00768
11	0.01834	0.01287	0.03552	0.01121	0.01503	0.01333	0.00933	0.42623	0.07605	0.14596	0.03749	0.01638	0.01220	0.03059	0.04054	0.00205	0.02293	0.00528	0.03007	0.03859
12	0.01013	0.00763	0.00980	0.00924	0.01055	0.03695	0.00715	0.06669	0.01048	0.04770	0.01451	0.02117	0.01336	0.10440	0.56569	0.00708	0.04300	0.00582	0.00329	0.00534
13	0.00832	0.00577	0.00723	0.00722	0.00761	0.00602	0.00483	0.00907	0.00927	0.02836	0.07488	0.12445	0.02310	0.47289	0.11257	0.00473	0.04532	0.04051	0.00377	0.00409
14	0.04458	0.25217	0.18269	0.06259	0.03028	0.03783	0.01189	0.06950	0.05054	0.04112	0.06710	0.01405	0.01136	0.00712	0.02777	0.00180	0.07277	0.00448	0.00321	0.00716
15	0.01393	0.10359	0.03547	0.07616	0.34942	0.04778	0.04597	0.01833	0.10179	0.06394	0.01351	0.01538	0.03222	0.00574	0.00546	0.00162	0.02235	0.00503	0.03447	0.00783
16	0.01039	0.00940	0.01282	0.01149	0.01248	0.03776	0.04287	0.03972	0.02935	0.01422	0.01364	0.10688	0.01358	0.04390	0.29983	0.00471	0.28171	0.00655	0.00314	0.00558

[dist]
# distance from previous block
# <min> <max>
18	36

[block]
# block no. 1 follows, 44 sequences, length 6
# corresponding to MSA columns:
# 394-399
name=unknown_B
#
# <colnr> <probs for GDERKNQSTAVLIFYWHMCP>
#	G	D	E	R	K	N	Q	S	T	A	V	L	I	F	Y	W	H	M	C	P
0	0.03454	0.00866	0.02643	0.00817	0.01015	0.06966	0.00632	0.03582	0.03143	0.11182	0.34179	0.12014	0.10431	0.05745	0.00734	0.00197	0.00397	0.00893	0.00529	0.00580
1	0.01023	0.00786	0.00940	0.00801	0.01062	0.00693	0.00601	0.08116	0.01222	0.01740	0.07223	0.19441	0.05582	0.05102	0.03005	0.07442	0.00428	0.00745	0.00406	0.33642
2	0.06132	0.01021	0.01519	0.29741	0.15373	0.01128	0.03216	0.07724	0.05277	0.05149	0.11768	0.02096	0.01600	0.00694	0.00562	0.00179	0.00584	0.05170	0.00380	0.00688
3	0.00762	0.00579	0.00739	0.04618	0.00985	0.00576	0.00580	0.01007	0.07417	0.01526	0.09030	0.50356	0.09533	0.06284	0.00796	0.00229	0.00357	0.03644	0.00494	0.00488
4	0.01895	0.01390	0.01648	0.05122	0.01800	0.01515	0.05611	0.55313	0.05485	0.07737	0.01465	0.01676	0.01100	0.00692	0.00564	0.00172	0.00604	0.04820	0.00520	0.00872
5	0.01210	0.17933	0.09395	0.01015	0.03863	0.01114	0.00882	0.03934	0.06718	0.08872	0.18028	0.06864	0.07959	0.04294	0.00670	0.00184	0.02199	0.03769	0.00439	0.00658

[dist]
# distance from previous block
# <min> <max>
0	2

[block]
# block no. 2 follows, 44 sequences, length 21
# corresponding to MSA columns:
# 402-422
name=unknown_C
#
# <colnr> <probs for GDERKNQSTAVLIFYWHMCP>
#	G	D	E	R	K	N	Q	S	T	A	V	L	I	F	Y	W	H	M	C	P
0	0.03074	0.03756	0.06489	0.11541	0.06970	0.06333	0.10472	0.06586	0.01157	0.01607	0.01029	0.05227	0.00921	0.00883	0.04280	0.00225	0.27967	0.00536	0.00287	0.00661
1	0.03991	0.00996	0.01567	0.65690	0.03322	0.01228	0.01399	0.06070	0.01166	0.01556	0.01057	0.04639	0.00852	0.00613	0.00591	0.00184	0.03665	0.00522	0.00275	0.00618
2	0.01465	0.01759	0.08901	0.12623	0.10713	0.24239	0.11731	0.04836	0.06522	0.01640	0.01137	0.04949	0.00951	0.00625	0.00623	0.00171	0.05588	0.00518	0.00306	0.00702
3	0.00671	0.00489	0.00632	0.00731	0.00787	0.00450	0.00497	0.00783	0.01105	0.01463	0.09151	0.66421	0.11561	0.01626	0.00686	0.00213	0.00307	0.01463	0.00514	0.00450
4	0.00966	0.00800	0.00867	0.00849	0.03355	0.03672	0.00620	0.02936	0.13751	0.04278	0.20048	0.06845	0.34914	0.01122	0.00642	0.00181	0.02104	0.00942	0.00519	0.00585
5	0.84691	0.01054	0.00801	0.00717	0.01054	0.01223	0.00590	0.01603	0.00928	0.02446	0.00759	0.00886	0.00590	0.00506	0.00337	0.00169	0.00422	0.00295	0.00337	0.00590
6	0.01138	0.07406	0.62473	0.06916	0.02374	0.02885	0.03999	0.01697	0.01148	0.01658	0.00958	0.01162	0.00698	0.00527	0.00545	0.00171	0.02826	0.00410	0.00234	0.00774
7	0.84691	0.01054	0.00801	0.00717	0.01054	0.01223	0.00590	0.01603	0.00928	0.02446	0.00759	0.00886	0.00590	0.00506	0.00337	0.00169	0.00422	0.00295	0.00337	0.00590
8	0.02098	0.01486	0.01611	0.01235	0.01670	0.01629	0.01020	0.70583	0.02494	0.08572	0.01367	0.01347	0.00956	0.00656	0.00546	0.00164	0.00591	0.00495	0.00554	0.00927
9	0.01193	0.01193	0.01670	0.01431	0.01431	0.01670	0.01193	0.01312	0.00835	0.01312	0.00716	0.01193	0.00716	0.00954	0.01789	0.00239	0.79843	0.00477	0.00239	0.00596
10	0.01030	0.00969	0.01635	0.79530	0.03755	0.01211	0.01514	0.01393	0.01090	0.01393	0.00969	0.01453	0.00727	0.00545	0.00545	0.00182	0.00727	0.00484	0.00242	0.00606
11	0.01275	0.01265	0.01706	0.26613	0.02320	0.09368	0.07792	0.07427	0.01203	0.01573	0.01085	0.03095	0.00965	0.00766	0.00961	0.00200	0.25896	0.05563	0.00295	0.00633
12	0.00674	0.00482	0.00641	0.00753	0.00793	0.00449	0.00507	0.00783	0.01088	0.01462	0.09534	0.73756	0.03741	0.01656	0.00691	0.00217	0.00311	0.01500	0.00514	0.00449
13	0.01349	0.01029	0.01285	0.01064	0.01330	0.01094	0.05921	0.27065	0.06780	0.04547	0.17949	0.09998	0.06702	0.05048	0.02504	0.00213	0.04150	0.00775	0.00506	0.00692
14	0.01674	0.01286	0.01407	0.01157	0.01506	0.01446	0.00934	0.43302	0.24232	0.02781	0.01601	0.01644	0.01208	0.01174	0.11804	0.00273	0.00674	0.00542	0.00512	0.00845
15	0.01661	0.01270	0.01427	0.01172	0.01510	0.01413	0.02704	0.40178	0.22642	0.04525	0.01744	0.09950	0.01437	0.02453	0.00652	0.00186	0.03069	0.00648	0.00526	0.00831
16	0.00690	0.00543	0.00623	0.00649	0.00786	0.00480	0.00481	0.00846	0.01248	0.01584	0.17192	0.19670	0.43466	0.03076	0.00707	0.00201	0.00302	0.06469	0.00519	0.00467
17	0.05211	0.03031	0.05498	0.29002	0.30109	0.01244	0.02917	0.01651	0.08038	0.01733	0.05440	0.01563	0.01107	0.00567	0.00536	0.00172	0.00634	0.00511	0.00306	0.00732
18	0.00733	0.00510	0.00614	0.00662	0.00690	0.00490	0.00413	0.00790	0.00951	0.01264	0.05906	0.34299	0.06663	0.41553	0.01739	0.00372	0.00418	0.01122	0.00422	0.00390
19	0.07496	0.06823	0.03345	0.04108	0.11986	0.08746	0.11977	0.14696	0.01445	0.04415	0.02919	0.05053	0.02599	0.00746	0.02297	0.00186	0.05573	0.02158	0.02712	0.00719
20	0.06946	0.02556	0.01078	0.00969	0.02976	0.09342	0.03121	0.05135	0.04170	0.07232	0.12531	0.09060	0.19942	0.02781	0.00667	0.00186	0.02697	0.05477	0.00463	0.02668

[dist]
# distance from previous block
# <min> <max>
2	12

[block]
# block no. 3 follows, 44 sequences, length 59
# corresponding to MSA columns:
# 436-494
name=unknown_D
#
# <colnr> <probs for GDERKNQSTAVLIFYWHMCP>
#	G	D	E	R	K	N	Q	S	T	A	V	L	I	F	Y	W	H	M	C	P
0	0.09530	0.13666	0.01390	0.00991	0.02671	0.03231	0.00772	0.21485	0.01405	0.01962	0.01452	0.09946	0.02648	0.18041	0.03293	0.00266	0.05610	0.00624	0.00386	0.00630
1	0.01206	0.00614	0.00693	0.03095	0.00868	0.00627	0.00506	0.02742	0.01203	0.10713	0.01749	0.01951	0.01338	0.00649	0.00460	0.00138	0.03206	0.00511	0.67164	0.00570
2	0.01178	0.02209	0.46957	0.01754	0.14233	0.06790	0.02793	0.01651	0.01155	0.01649	0.01027	0.01289	0.00800	0.00887	0.08244	0.00240	0.04327	0.00439	0.01622	0.00756
3	0.01134	0.00613	0.00809	0.00772	0.00924	0.00558	0.00563	0.01296	0.01295	0.19848	0.25001	0.31724	0.03383	0.08471	0.00834	0.00222	0.00353	0.01072	0.00559	0.00570
4	0.00732	0.00595	0.00728	0.08354	0.01063	0.00555	0.00562	0.00940	0.01346	0.01747	0.33393	0.04410	0.41220	0.01193	0.00634	0.00179	0.00313	0.01020	0.00517	0.00496
5	0.00681	0.00535	0.00615	0.00634	0.00769	0.00470	0.00461	0.00839	0.01271	0.01632	0.22862	0.22671	0.41840	0.01391	0.00656	0.00190	0.00281	0.01203	0.00530	0.00470
6	0.00700	0.00552	0.00628	0.00613	0.00766	0.00484	0.00456	0.00883	0.01350	0.01753	0.34684	0.06633	0.44081	0.03155	0.00695	0.00188	0.00275	0.01085	0.00541	0.00479
7	0.01130	0.02565	0.63858	0.01695	0.02452	0.01287	0.15915	0.01730	0.01177	0.01730	0.01002	0.01211	0.00716	0.00507	0.00542	0.00175	0.00827	0.00448	0.00239	0.00792
8	0.01224	0.01127	0.01678	0.53014	0.13648	0.04368	0.01424	0.10028	0.01290	0.01675	0.01034	0.01435	0.00797	0.00714	0.04146	0.00207	0.00745	0.00485	0.00285	0.00675
9	0.00670	0.00477	0.00631	0.00752	0.00782	0.00447	0.00498	0.00761	0.01032	0.01376	0.02945	0.76936	0.03531	0.05358	0.00792	0.00236	0.00326	0.01515	0.00498	0.00438
10	0.01137	0.00988	0.01211	0.00865	0.01352	0.00752	0.03531	0.01387	0.01137	0.01775	0.00974	0.01144	0.00808	0.00406	0.00413	0.00085	0.00424	0.00335	0.00321	0.80955
11	0.01609	0.03249	0.03341	0.03184	0.01537	0.07304	0.00940	0.37918	0.10285	0.02514	0.01721	0.12463	0.04411	0.00816	0.00581	0.00170	0.02198	0.00652	0.00479	0.04628
12	0.84691	0.01054	0.00801	0.00717	0.01054	0.01223	0.00590	0.01603	0.00928	0.02446	0.00759	0.00886	0.00590	0.00506	0.00337	0.00169	0.00422	0.00295	0.00337	0.00590
13	0.00767	0.00557	0.00722	0.00681	0.00811	0.00512	0.00510	0.01019	0.01531	0.02158	0.74279	0.04119	0.08035	0.01125	0.00643	0.00172	0.00258	0.00993	0.00596	0.00512
14	0.00793	0.00529	0.00595	0.00595	0.00595	0.00529	0.00330	0.00793	0.00793	0.01057	0.01718	0.03568	0.01982	0.80840	0.02775	0.00529	0.00529	0.00793	0.00330	0.00330
15	0.02371	0.00943	0.01264	0.00973	0.01386	0.00832	0.00802	0.05967	0.01606	0.71782	0.04695	0.01907	0.01461	0.00689	0.00551	0.00169	0.00463	0.00561	0.00666	0.00914
16	0.01458	0.81168	0.02857	0.00933	0.01399	0.02157	0.00933	0.01632	0.01108	0.01283	0.00758	0.00875	0.00700	0.00466	0.00350	0.00117	0.00583	0.00292	0.00233	0.00700
17	0.01116	0.00987	0.01304	0.00951	0.01413	0.00773	0.07978	0.01371	0.01140	0.01749	0.01110	0.06166	0.00986	0.00491	0.00446	0.00100	0.00449	0.00432	0.00330	0.70708
18	0.00793	0.00529	0.00595	0.00595	0.00595	0.00529	0.00330	0.00793	0.00793	0.01057	0.01718	0.03568	0.01982	0.80840	0.02775	0.00529	0.00529	0.00793	0.00330	0.00330
19	0.01093	0.02820	0.78016	0.01554	0.02360	0.01266	0.02014	0.01727	0.01151	0.01727	0.00978	0.01151	0.00691	0.00518	0.00518	0.00173	0.00806	0.00403	0.00230	0.00806
20	0.00664	0.00474	0.00633	0.00759	0.00791	0.00443	0.00506	0.00759	0.01044	0.01392	0.03005	0.80485	0.03606	0.01708	0.00696	0.00221	0.00316	0.01550	0.00506	0.00443
21	0.01283	0.03086	0.05786	0.02245	0.02804	0.01390	0.71463	0.01743	0.01279	0.01737	0.01092	0.01448	0.00820	0.00462	0.00633	0.00182	0.00909	0.00628	0.00273	0.00737
22	0.09484	0.03535	0.01647	0.01354	0.01452	0.04256	0.02795	0.06442	0.01004	0.01577	0.00775	0.01161	0.00719	0.00851	0.01451	0.00219	0.59928	0.00454	0.00271	0.00626
23	0.00697	0.00510	0.00633	0.00708	0.00770	0.00468	0.00471	0.00788	0.01034	0.01364	0.03073	0.55784	0.13110	0.13892	0.01001	0.00259	0.00347	0.01337	0.00473	0.03279
24	0.00935	0.00794	0.01266	0.03869	0.01343	0.00807	0.13079	0.01234	0.04080	0.03203	0.35673	0.16313	0.04887	0.01064	0.00744	0.00190	0.07248	0.02221	0.00482	0.00568
25	0.01181	0.04405	0.16502	0.15306	0.05076	0.03343	0.28420	0.01573	0.01156	0.01580	0.01092	0.05005	0.00909	0.00702	0.02931	0.00204	0.09090	0.00568	0.00267	0.00691
26	0.01030	0.00970	0.01614	0.73435	0.03559	0.01218	0.01473	0.01374	0.01075	0.01388	0.01003	0.03287	0.00793	0.00595	0.00616	0.00186	0.05025	0.00509	0.00248	0.00601
27	0.49255	0.01214	0.04790	0.09438	0.17983	0.03185	0.01005	0.01653	0.01060	0.04728	0.00899	0.01093	0.00697	0.00513	0.00422	0.00168	0.00535	0.00371	0.00318	0.00674
28	0.09168	0.00642	0.00788	0.00716	0.00894	0.00612	0.00550	0.01243	0.01484	0.09543	0.62386	0.03545	0.04329	0.01012	0.00604	0.00171	0.00293	0.00876	0.00582	0.00562
29	0.00767	0.00533	0.00626	0.00635	0.00667	0.00533	0.00392	0.00810	0.00865	0.01147	0.02157	0.09279	0.09413	0.58283	0.11197	0.00512	0.00596	0.00860	0.00356	0.00370
30	0.05479	0.01057	0.01303	0.11494	0.10336	0.03547	0.00968	0.16591	0.09941	0.06024	0.09250	0.15943	0.01936	0.00879	0.00576	0.00182	0.00512	0.02818	0.00460	0.00705
31	0.09652	0.55421	0.09306	0.01081	0.03650	0.06653	0.01030	0.05086	0.01192	0.01554	0.00816	0.00941	0.00703	0.00490	0.00387	0.00132	0.00615	0.00320	0.00262	0.00710
32	0.01411	0.00716	0.00928	0.00799	0.01047	0.00642	0.00629	0.03357	0.01509	0.30366	0.33677	0.06669	0.12346	0.01006	0.00610	0.00176	0.00353	0.02479	0.00609	0.00669
33	0.06870	0.00978	0.01213	0.00967	0.01309	0.00956	0.00778	0.15068	0.02880	0.44907	0.03433	0.01803	0.01300	0.04495	0.00818	0.08425	0.01905	0.00537	0.00562	0.00796
34	0.00868	0.00581	0.00746	0.00691	0.00844	0.00528	0.00523	0.01111	0.01515	0.07050	0.65231	0.04043	0.11968	0.01112	0.00637	0.00173	0.00273	0.00974	0.00596	0.00536
35	0.00829	0.00592	0.00701	0.00681	0.00681	0.00639	0.00419	0.00843	0.00803	0.01090	0.01650	0.05148	0.01896	0.71136	0.02629	0.00493	0.08306	0.00780	0.00325	0.00359
36	0.84691	0.01054	0.00801	0.00717	0.01054	0.01223	0.00590	0.01603	0.00928	0.02446	0.00759	0.00886	0.00590	0.00506	0.00337	0.00169	0.00422	0.00295	0.00337	0.00590
37	0.01458	0.81168	0.02857	0.00933	0.01399	0.02157	0.00933	0.01632	0.01108	0.01283	0.00758	0.00875	0.00700	0.00466	0.00350	0.00117	0.00583	0.00292	0.00233	0.00700
38	0.01411	0.01189	0.01385	0.01431	0.12389	0.01335	0.00982	0.04413	0.61203	0.04933	0.02023	0.01912	0.01520	0.00699	0.00552	0.00181	0.00468	0.00592	0.00518	0.00867
39	0.01992	0.08593	0.01645	0.01369	0.01664	0.72815	0.01044	0.02135	0.01512	0.01330	0.00836	0.00975	0.00702	0.00555	0.00481	0.00139	0.00953	0.00347	0.00277	0.00637
40	0.00664	0.00474	0.00633	0.00759	0.00791	0.00443	0.00506	0.00759	0.01044	0.01392	0.03005	0.80485	0.03606	0.01708	0.00696	0.00221	0.00316	0.01550	0.00506	0.00443
41	0.01093	0.02820	0.78016	0.01554	0.02360	0.01266	0.02014	0.01727	0.01151	0.01727	0.00978	0.01151	0.00691	0.00518	0.00518	0.00173	0.00806	0.00403	0.00230	0.00806
42	0.00858	0.00692	0.01064	0.01008	0.01142	0.00668	0.10816	0.06685	0.01195	0.01598	0.02613	0.63535	0.03018	0.01455	0.00677	0.00212	0.00421	0.01344	0.00478	0.00520
43	0.01130	0.00969	0.01130	0.00807	0.01292	0.00727	0.00646	0.01373	0.01130	0.01776	0.00969	0.01130	0.00807	0.00404	0.00404	0.00081	0.00404	0.00323	0.00323	0.84173
44	0.02048	0.01438	0.01565	0.01214	0.01638	0.01575	0.00998	0.62234	0.08793	0.10635	0.01469	0.01425	0.01032	0.00664	0.00546	0.00166	0.00572	0.00507	0.00559	0.00922
45	0.01259	0.00647	0.00806	0.00726	0.00882	0.00594	0.00510	0.01364	0.01146	0.24130	0.08379	0.10792	0.08822	0.35745	0.01547	0.00332	0.00444	0.00841	0.00488	0.00546
46	0.00898	0.00704	0.01102	0.19380	0.01669	0.00748	0.05471	0.01089	0.01099	0.05101	0.04155	0.48223	0.02575	0.01263	0.00691	0.00207	0.03523	0.01139	0.00430	0.00530
47	0.02086	0.01505	0.01622	0.01244	0.01680	0.01658	0.01028	0.72941	0.02526	0.06169	0.01340	0.01329	0.00943	0.00655	0.00545	0.00164	0.00595	0.00493	0.00550	0.00927
48	0.05088	0.02338	0.01419	0.01294	0.01568	0.67993	0.00973	0.02018	0.01491	0.01391	0.01299	0.01398	0.08206	0.00640	0.00501	0.00146	0.00892	0.00427	0.00305	0.00614
49	0.01074	0.01048	0.01885	0.61593	0.05419	0.01219	0.14139	0.01440	0.01118	0.01452	0.01019	0.01526	0.00791	0.03294	0.00639	0.00193	0.00751	0.00522	0.00252	0.00625
50	0.02047	0.01514	0.01622	0.01249	0.01681	0.01679	0.01030	0.73025	0.05202	0.03395	0.01341	0.01335	0.00953	0.00657	0.00546	0.00164	0.00594	0.00495	0.00546	0.00925
51	0.01117	0.00672	0.00823	0.00752	0.00954	0.00615	0.00573	0.04699	0.02962	0.16587	0.26771	0.16049	0.22949	0.01166	0.00627	0.00182	0.00331	0.01005	0.00571	0.00595
52	0.00762	0.00557	0.00715	0.00676	0.00809	0.00510	0.00507	0.01010	0.01521	0.02132	0.71758	0.04161	0.10572	0.01135	0.00643	0.00172	0.00259	0.00998	0.00593	0.00510
53	0.01067	0.02563	0.68475	0.01488	0.02221	0.01195	0.03789	0.01659	0.01193	0.01772	0.08456	0.01446	0.01131	0.00575	0.00534	0.00173	0.00755	0.00466	0.00268	0.00775
54	0.00713	0.00555	0.00642	0.00625	0.00776	0.00491	0.00468	0.00904	0.01366	0.01790	0.38253	0.04670	0.39852	0.03967	0.00719	0.00192	0.00281	0.02710	0.00543	0.00482
55	0.01219	0.09040	0.01786	0.01382	0.01428	0.01718	0.01167	0.01343	0.00862	0.01309	0.00720	0.01162	0.00714	0.00906	0.01648	0.00227	0.72066	0.00459	0.00238	0.00607
56	0.00808	0.00605	0.00810	0.00895	0.03545	0.00591	0.00667	0.01004	0.01248	0.01676	0.22674	0.18026	0.10500	0.07296	0.00873	0.00236	0.02398	0.25153	0.00502	0.00493
57	0.01371	0.44074	0.11704	0.01107	0.04418	0.08168	0.01030	0.05873	0.01253	0.01522	0.03333	0.01571	0.08388	0.03469	0.00525	0.00153	0.00608	0.00450	0.00296	0.00685
58	0.00830	0.00566	0.00687	0.00701	0.00832	0.00514	0.00509	0.01001	0.02426	0.06890	0.18081	0.28059	0.26321	0.06227	0.00786	0.00216	0.00325	0.04003	0.00526	0.00498

[dist]
# distance from previous block
# <min> <max>
2	13

[block]
# block no. 4 follows, 44 sequences, length 18
# corresponding to MSA columns:
# 509-526
name=unknown_E
#
# <colnr> <probs for GDERKNQSTAVLIFYWHMCP>
#	G	D	E	R	K	N	Q	S	T	A	V	L	I	F	Y	W	H	M	C	P
0	0.18784	0.05798	0.18202	0.01095	0.01502	0.17206	0.01035	0.01705	0.03650	0.05160	0.03510	0.08773	0.01177	0.00771	0.02946	0.00182	0.00650	0.00504	0.00340	0.07009
1	0.08055	0.00725	0.00925	0.00885	0.01031	0.00763	0.04402	0.02557	0.08511	0.01711	0.05618	0.31340	0.02342	0.04233	0.04705	0.02900	0.03993	0.03602	0.09468	0.02234
2	0.03247	0.13284	0.47689	0.03182	0.05516	0.11282	0.05104	0.01760	0.01199	0.01629	0.00933	0.01116	0.00706	0.00513	0.00495	0.00161	0.00786	0.00395	0.00244	0.00759
3	0.00819	0.00603	0.00669	0.00654	0.00808	0.00555	0.00472	0.01048	0.06549	0.05096	0.12710	0.11800	0.40997	0.13631	0.00969	0.00239	0.00337	0.01049	0.00501	0.00495
4	0.01437	0.01361	0.03021	0.03338	0.18196	0.15086	0.01064	0.11249	0.05141	0.05064	0.17219	0.01981	0.01834	0.03399	0.02182	0.00193	0.06534	0.00586	0.00406	0.00708
5	0.00741	0.00577	0.00675	0.00681	0.00826	0.00530	0.00511	0.00981	0.04719	0.01730	0.27693	0.14107	0.34170	0.03190	0.00705	0.00198	0.00305	0.06631	0.00534	0.00494
6	0.01269	0.15732	0.40941	0.01577	0.06862	0.01363	0.11531	0.01728	0.01205	0.06753	0.03487	0.03087	0.00972	0.00555	0.00517	0.00165	0.00722	0.00475	0.00287	0.00772
7	0.00674	0.00496	0.00627	0.00713	0.00779	0.00455	0.00487	0.00788	0.01116	0.01468	0.10108	0.58863	0.16075	0.03713	0.00738	0.00219	0.00310	0.01411	0.00510	0.00449
8	0.01130	0.00969	0.01130	0.00807	0.01292	0.00727	0.00646	0.01373	0.01130	0.01776	0.00969	0.01130	0.00807	0.00404	0.00404	0.00081	0.00404	0.00323	0.00323	0.84173
9	0.00668	0.00481	0.00634	0.00749	0.00790	0.00446	0.00503	0.00771	0.01071	0.01427	0.06127	0.74613	0.06358	0.01672	0.00692	0.00218	0.00312	0.01512	0.00510	0.00446
10	0.01193	0.01193	0.01670	0.01431	0.01431	0.01670	0.01193	0.01312	0.00835	0.01312	0.00716	0.01193	0.00716	0.00954	0.01789	0.00239	0.79843	0.00477	0.00239	0.00596
11	0.02411	0.00984	0.01300	0.00996	0.01420	0.00884	0.00823	0.09459	0.01654	0.70883	0.02072	0.01805	0.01310	0.00673	0.00548	0.00168	0.00477	0.00543	0.00663	0.00928
12	0.01030	0.00969	0.01635	0.79530	0.03755	0.01211	0.01514	0.01393	0.01090	0.01393	0.00969	0.01453	0.00727	0.00545	0.00545	0.00182	0.00727	0.00484	0.00242	0.00606
13	0.00779	0.00584	0.00876	0.00876	0.00974	0.00681	0.00681	0.00974	0.00876	0.01266	0.01460	0.02142	0.01363	0.04089	0.78680	0.00876	0.01460	0.00584	0.00292	0.00487
14	0.01219	0.01142	0.01899	0.01366	0.01862	0.00965	0.28477	0.01537	0.01200	0.04165	0.01106	0.03231	0.00901	0.00465	0.00505	0.00125	0.00595	0.00479	0.00321	0.48439
15	0.01273	0.00996	0.01192	0.04668	0.01440	0.00808	0.00721	0.05458	0.01237	0.07434	0.01074	0.01209	0.00850	0.00444	0.00429	0.00097	0.00434	0.00356	0.00357	0.69523
16	0.00706	0.00510	0.00660	0.00765	0.00816	0.00482	0.00518	0.03047	0.01099	0.01458	0.03065	0.74707	0.06810	0.01661	0.00689	0.00218	0.00323	0.01500	0.00507	0.00458
17	0.26394	0.43717	0.04332	0.00934	0.01352	0.09008	0.00869	0.01725	0.01118	0.05212	0.00838	0.00942	0.00697	0.00499	0.00374	0.00139	0.00574	0.00314	0.00289	0.00674

[dist]
# distance from previous block
# <min> <max>
0	1

[block]
# block no. 5 follows, 44 sequences, length 23
# corresponding to MSA columns:
# 528-550
name=unknown_F
#
# <colnr> <probs for GDERKNQSTAVLIFYWHMCP>
#	G	D	E	R	K	N	Q	S	T	A	V	L	I	F	Y	W	H	M	C	P
0	0.01770	0.13275	0.01820	0.04038	0.05632	0.04298	0.01075	0.44956	0.03225	0.02595	0.01144	0.01264	0.00879	0.00736	0.02765	0.00184	0.08636	0.00459	0.00428	0.00822
1	0.68051	0.01217	0.04980	0.00841	0.01217	0.01295	0.00731	0.12584	0.01182	0.02555	0.00852	0.00962	0.00646	0.00529	0.00378	0.00168	0.00468	0.00330	0.00363	0.00652
2	0.00852	0.00684	0.00985	0.00944	0.01014	0.00837	0.00734	0.01014	0.00861	0.01253	0.01357	0.02121	0.01313	0.11293	0.57718	0.00731	0.14925	0.00587	0.00287	0.00490
3	0.01991	0.01253	0.01422	0.01115	0.01497	0.01329	0.00906	0.46355	0.05680	0.20890	0.04110	0.01646	0.01235	0.02887	0.00691	0.04503	0.00539	0.00534	0.00557	0.00859
4	0.01220	0.01462	0.17642	0.27406	0.02405	0.03376	0.02884	0.02004	0.25570	0.04604	0.02754	0.01729	0.03297	0.00639	0.00548	0.00179	0.00629	0.00539	0.00372	0.00741
5	0.00779	0.00578	0.00729	0.00687	0.00828	0.00538	0.00517	0.01069	0.04109	0.02118	0.67428	0.04119	0.12195	0.01128	0.00640	0.00173	0.00265	0.00990	0.00589	0.00521
6	0.01129	0.04557	0.49904	0.05893	0.07816	0.01290	0.06356	0.01670	0.03251	0.01711	0.04984	0.01374	0.00976	0.00579	0.00619	0.00176	0.06218	0.00467	0.00266	0.00763
7	0.00754	0.00539	0.00618	0.00634	0.00696	0.00513	0.00416	0.00829	0.00999	0.01296	0.07970	0.10235	0.19167	0.45575	0.01841	0.00383	0.00435	0.06294	0.00415	0.00393
8	0.51957	0.01196	0.05022	0.00942	0.03790	0.03996	0.00769	0.08749	0.01239	0.07925	0.08754	0.01356	0.01163	0.00597	0.00426	0.00167	0.00473	0.00417	0.00399	0.00662
9	0.09498	0.04131	0.09874	0.02644	0.06394	0.03492	0.03085	0.15356	0.04119	0.12297	0.04409	0.10773	0.01533	0.00802	0.00579	0.00178	0.02451	0.05671	0.00442	0.02274
10	0.01205	0.01013	0.01170	0.00843	0.01324	0.00803	0.00677	0.07247	0.01244	0.01908	0.00996	0.01145	0.00817	0.00424	0.00415	0.00087	0.00419	0.00336	0.00341	0.77587
11	0.01442	0.70614	0.02674	0.00983	0.01401	0.04877	0.00948	0.01613	0.01099	0.01286	0.00777	0.00934	0.00719	0.00600	0.02549	0.00146	0.06103	0.00314	0.00237	0.00684
12	0.00807	0.00584	0.00734	0.00787	0.00875	0.00566	0.00560	0.06743	0.01246	0.01670	0.13202	0.52932	0.07112	0.04302	0.00751	0.00221	0.00347	0.05555	0.00516	0.00491
13	0.00756	0.00525	0.00619	0.00652	0.00685	0.00509	0.00411	0.00810	0.00935	0.01234	0.05023	0.20938	0.08467	0.50018	0.01964	0.00406	0.00450	0.04814	0.00402	0.00381
14	0.00803	0.00572	0.00742	0.00817	0.00922	0.00547	0.00625	0.01019	0.03808	0.03414	0.11619	0.37609	0.11315	0.01489	0.00693	0.00218	0.00367	0.22403	0.00521	0.00496
15	0.01145	0.00995	0.01494	0.38096	0.02490	0.03175	0.07961	0.07698	0.01236	0.01706	0.01313	0.08435	0.01122	0.00689	0.00612	0.00177	0.05407	0.00593	0.15042	0.00614
16	0.01056	0.00588	0.00631	0.00605	0.00746	0.00611	0.00460	0.06384	0.01201	0.02013	0.01708	0.02040	0.01378	0.03400	0.09459	0.00227	0.00425	0.00524	0.66015	0.00530
17	0.01527	0.01417	0.01707	0.21095	0.11787	0.12972	0.06346	0.22567	0.03670	0.02087	0.01309	0.01683	0.02573	0.00640	0.00553	0.00171	0.00694	0.04330	0.02133	0.00739
18	0.01059	0.00903	0.01319	0.08340	0.09374	0.00896	0.07360	0.03170	0.06837	0.03524	0.11897	0.05086	0.13750	0.00966	0.02439	0.00192	0.02751	0.08444	0.00422	0.11271
19	0.07899	0.01882	0.28339	0.02088	0.29151	0.08113	0.04061	0.01710	0.01227	0.03149	0.04908	0.01361	0.00992	0.00550	0.00547	0.00167	0.02334	0.00462	0.00286	0.00775
20	0.28414	0.07443	0.19174	0.04977	0.07040	0.01363	0.07702	0.11379	0.01282	0.03240	0.00965	0.01131	0.00728	0.00522	0.00462	0.00165	0.00619	0.00402	0.00322	0.02669
21	0.01334	0.07530	0.01541	0.03447	0.19679	0.13276	0.01028	0.03758	0.11401	0.03522	0.04147	0.06179	0.12138	0.00774	0.00607	0.00166	0.04714	0.00629	0.00380	0.03749
22	0.01362	0.08511	0.04035	0.03341	0.03178	0.06650	0.18404	0.15700	0.01472	0.01953	0.07492	0.09380	0.02782	0.00740	0.00668	0.00171	0.07355	0.00641	0.00375	0.05790

[dist]
# distance from previous block
# <min> <max>
0	3

[block]
# block no. 6 follows, 44 sequences, length 9
# corresponding to MSA columns:
# 556-564
name=unknown_G
#
# <colnr> <probs for GDERKNQSTAVLIFYWHMCP>
#	G	D	E	R	K	N	Q	S	T	A	V	L	I	F	Y	W	H	M	C	P
0	0.01582	0.14843	0.03271	0.05499	0.06755	0.21440	0.06179	0.07996	0.01404	0.08069	0.01312	0.07744	0.02773	0.00647	0.00507	0.00150	0.00673	0.00520	0.00352	0.08284
1	0.01389	0.09887	0.09540	0.11902	0.07557	0.12891	0.15196	0.05084	0.10228	0.01713	0.03341	0.01412	0.00994	0.00588	0.00618	0.00170	0.05956	0.00497	0.00315	0.00723
2	0.10522	0.02705	0.04269	0.09238	0.01654	0.04087	0.00944	0.32595	0.01688	0.02410	0.02626	0.01517	0.01028	0.06772	0.04230	0.00218	0.02103	0.00479	0.02999	0.07916
3	0.01158	0.00621	0.00670	0.00628	0.00787	0.00645	0.00484	0.01508	0.07302	0.07704	0.01800	0.01986	0.01389	0.00659	0.00463	0.00139	0.03433	0.00519	0.67532	0.00572
4	0.01037	0.00774	0.00945	0.07265	0.01227	0.00808	0.00700	0.17583	0.01415	0.01876	0.06586	0.34424	0.08712	0.09488	0.00860	0.00233	0.00438	0.04589	0.00480	0.00561
5	0.00889	0.00556	0.00725	0.00723	0.00772	0.00562	0.00497	0.03474	0.00942	0.01264	0.06855	0.05900	0.04397	0.26203	0.07636	0.31182	0.00543	0.06173	0.00345	0.00363
6	0.01287	0.01082	0.03584	0.04654	0.06932	0.07255	0.02939	0.11453	0.06453	0.07802	0.06904	0.14612	0.05596	0.09990	0.00847	0.00224	0.00536	0.06753	0.00451	0.00645
7	0.04183	0.00943	0.07188	0.03879	0.01227	0.00814	0.00752	0.09608	0.06508	0.01824	0.05832	0.28821	0.11119	0.04967	0.00696	0.00198	0.00428	0.00940	0.00451	0.09622
8	0.08997	0.08630	0.08452	0.07148	0.09767	0.04778	0.04605	0.03621	0.10845	0.01795	0.03757	0.02180	0.16752	0.00727	0.00522	0.00164	0.00541	0.00599	0.00371	0.05750

[dist]
# distance from previous block
# <min> <max>
0	7

[block]
# block no. 7 follows, 44 sequences, length 45
# corresponding to MSA columns:
# 572-616
name=unknown_H
#
# <colnr> <probs for GDERKNQSTAVLIFYWHMCP>
#	G	D	E	R	K	N	Q	S	T	A	V	L	I	F	Y	W	H	M	C	P
0	0.08187	0.07162	0.06611	0.01046	0.02657	0.02761	0.00880	0.09892	0.09360	0.25620	0.03521	0.13528	0.03151	0.00820	0.00566	0.00175	0.02133	0.00666	0.00503	0.00763
1	0.04489	0.10781	0.21986	0.01534	0.13800	0.06425	0.02819	0.06291	0.01372	0.15371	0.07104	0.01586	0.02874	0.00609	0.00516	0.00161	0.00629	0.00493	0.00378	0.00781
2	0.07046	0.04064	0.01302	0.10118	0.01598	0.01183	0.00884	0.22002	0.12640	0.10442	0.06876	0.11503	0.01663	0.00919	0.03334	0.00199	0.00530	0.00660	0.00485	0.02553
3	0.03061	0.01467	0.12847	0.02707	0.08392	0.10908	0.02399	0.03917	0.08539	0.01747	0.01400	0.01578	0.05244	0.00952	0.09016	0.00220	0.00692	0.00470	0.00333	0.24109
4	0.07261	0.15641	0.04350	0.01043	0.03003	0.04030	0.00863	0.09091	0.18216	0.11322	0.11266	0.06598	0.01773	0.00818	0.02233	0.00180	0.00510	0.00598	0.00464	0.00740
5	0.21745	0.07969	0.12916	0.05541	0.05068	0.03038	0.01065	0.16871	0.05330	0.10738	0.01331	0.01389	0.03578	0.00600	0.00478	0.00165	0.00568	0.00447	0.00401	0.00762
6	0.01482	0.06530	0.03257	0.04816	0.11319	0.07986	0.02291	0.13023	0.11870	0.07040	0.08770	0.01772	0.01441	0.00702	0.00673	0.00170	0.09217	0.02366	0.00412	0.04863
7	0.01012	0.00647	0.00790	0.00720	0.00926	0.00572	0.00547	0.01244	0.03453	0.13032	0.29329	0.13258	0.24065	0.01135	0.00616	0.00175	0.00316	0.00979	0.00552	0.06630
8	0.01126	0.06381	0.02607	0.00946	0.03029	0.00839	0.02857	0.01530	0.11469	0.10618	0.28435	0.07437	0.06719	0.05604	0.00731	0.00201	0.00410	0.07918	0.00517	0.00624
9	0.00947	0.00473	0.00710	0.00710	0.00710	0.00473	0.00473	0.00710	0.00710	0.00947	0.00947	0.01657	0.00947	0.01894	0.02131	0.84138	0.00473	0.00473	0.00237	0.00237
10	0.01242	0.07611	0.17923	0.32363	0.16666	0.03491	0.04900	0.06425	0.01250	0.01674	0.00990	0.01305	0.00759	0.00526	0.00527	0.00169	0.00725	0.00457	0.00267	0.00730
11	0.00686	0.00554	0.00609	0.00596	0.00762	0.00478	0.00447	0.00862	0.01340	0.01704	0.28697	0.04867	0.53900	0.01295	0.00644	0.00180	0.00270	0.01097	0.00537	0.00478
12	0.01130	0.00969	0.01130	0.00807	0.01292	0.00727	0.00646	0.01373	0.01130	0.01776	0.00969	0.01130	0.00807	0.00404	0.00404	0.00081	0.00404	0.00323	0.00323	0.84173
13	0.01760	0.00984	0.01108	0.00895	0.01209	0.01012	0.00725	0.28641	0.01764	0.21597	0.01701	0.01725	0.01214	0.00652	0.00483	0.00151	0.00433	0.00512	0.32668	0.00766
14	0.84691	0.01054	0.00801	0.00717	0.01054	0.01223	0.00590	0.01603	0.00928	0.02446	0.00759	0.00886	0.00590	0.00506	0.00337	0.00169	0.00422	0.00295	0.00337	0.00590
15	0.01392	0.14462	0.01553	0.04769	0.09470	0.17448	0.00945	0.11714	0.03036	0.01759	0.04243	0.02473	0.17968	0.00815	0.00540	0.00163	0.00597	0.05605	0.00386	0.00662
16	0.01206	0.06180	0.21402	0.21103	0.25218	0.04080	0.01559	0.01596	0.01177	0.01622	0.01034	0.01425	0.00841	0.00538	0.00520	0.00163	0.00694	0.02828	0.00262	0.06553
17	0.06483	0.01262	0.11937	0.03042	0.11290	0.01040	0.01069	0.07594	0.08117	0.29127	0.11706	0.01899	0.01642	0.00679	0.00544	0.00170	0.00518	0.00564	0.00502	0.00815
18	0.01198	0.09733	0.01759	0.03274	0.01462	0.01667	0.01148	0.01329	0.00878	0.01314	0.00808	0.03992	0.00817	0.00919	0.01565	0.00223	0.66567	0.00496	0.00248	0.00602
19	0.03198	0.01006	0.01181	0.02693	0.01366	0.01058	0.00816	0.13190	0.24017	0.22270	0.05289	0.03865	0.07125	0.01047	0.06005	0.00228	0.00526	0.03784	0.00551	0.00786
20	0.40325	0.03382	0.19090	0.05721	0.05665	0.03125	0.01092	0.08616	0.01208	0.02210	0.04354	0.01192	0.00880	0.00552	0.00440	0.00168	0.00568	0.00393	0.00331	0.00688
21	0.00795	0.00593	0.00708	0.00699	0.00807	0.00578	0.00495	0.00997	0.05075	0.01503	0.16275	0.08962	0.16927	0.27005	0.09493	0.00367	0.00504	0.04752	0.00441	0.03022
22	0.00772	0.00557	0.00729	0.00686	0.00814	0.00514	0.00514	0.01029	0.01543	0.02186	0.77152	0.04072	0.05144	0.01115	0.00643	0.00171	0.00257	0.00986	0.00600	0.00514
23	0.02040	0.01446	0.01568	0.01211	0.01630	0.01585	0.00994	0.66183	0.04710	0.08508	0.01407	0.01434	0.01009	0.02942	0.00609	0.00175	0.00583	0.00507	0.00549	0.00908
24	0.01366	0.00941	0.01092	0.06381	0.01354	0.02837	0.00771	0.15101	0.10659	0.13801	0.17295	0.06646	0.13157	0.02942	0.00649	0.00187	0.00443	0.03154	0.00535	0.00688
25	0.03043	0.00556	0.00640	0.00635	0.00757	0.00511	0.00452	0.00896	0.01252	0.01689	0.31249	0.12196	0.28228	0.14330	0.00990	0.00239	0.00319	0.01048	0.00508	0.00461
26	0.01356	0.01171	0.01233	0.01109	0.01418	0.01356	0.00863	0.02897	0.76455	0.02281	0.02219	0.02034	0.01664	0.00740	0.00555	0.00185	0.00431	0.00616	0.00555	0.00863
27	0.00955	0.00568	0.00661	0.00632	0.00673	0.00555	0.00377	0.00976	0.00868	0.08606	0.01760	0.03399	0.01920	0.72956	0.02556	0.00493	0.00522	0.00769	0.00364	0.00389
28	0.04792	0.00652	0.00764	0.00727	0.00909	0.00612	0.00542	0.01268	0.06138	0.12463	0.18922	0.19522	0.24615	0.04702	0.00715	0.00201	0.00335	0.01024	0.00537	0.00560
29	0.01925	0.01235	0.01381	0.01089	0.01465	0.01316	0.00886	0.44397	0.08032	0.18317	0.04987	0.01714	0.01322	0.02872	0.00600	0.00174	0.00517	0.00544	0.06367	0.00858
30	0.02446	0.00928	0.01265	0.00970	0.01392	0.00801	0.00801	0.02657	0.01560	0.77817	0.02151	0.01856	0.01350	0.00675	0.00548	0.00169	0.00464	0.00548	0.00675	0.00928
31	0.00772	0.00558	0.00694	0.00734	0.00815	0.00533	0.00508	0.04621	0.01214	0.01633	0.18766	0.45697	0.09150	0.10578	0.00911	0.00240	0.00339	0.01259	0.00508	0.00471
32	0.00805	0.00607	0.00735	0.00745	0.00865	0.00590	0.00536	0.03177	0.08030	0.01792	0.27893	0.32379	0.13732	0.04634	0.00741	0.00208	0.00318	0.01163	0.00536	0.00516
33	0.09674	0.01251	0.01309	0.01042	0.01403	0.01375	0.00851	0.49624	0.04200	0.05056	0.01400	0.01450	0.01022	0.00640	0.00493	0.00157	0.00505	0.00481	0.17258	0.00809
34	0.01908	0.01083	0.01282	0.01038	0.01403	0.01108	0.00838	0.18747	0.20737	0.34074	0.10019	0.02017	0.01742	0.00734	0.00559	0.00172	0.00464	0.00600	0.00608	0.00867
35	0.00779	0.00565	0.00705	0.00776	0.00854	0.00545	0.00551	0.04933	0.01146	0.01505	0.03017	0.51145	0.10817	0.10182	0.00915	0.00251	0.00373	0.09986	0.00489	0.00466
36	0.01198	0.00851	0.00981	0.00884	0.01086	0.00879	0.00670	0.24232	0.03137	0.04050	0.17260	0.27241	0.06543	0.04414	0.00703	0.00199	0.00403	0.00975	0.03669	0.00627
37	0.00653	0.00553	0.00565	0.00562	0.00742	0.00464	0.00421	0.00800	0.01264	0.01522	0.10507	0.05165	0.72203	0.01362	0.00644	0.00183	0.00275	0.01139	0.00513	0.00464
38	0.00822	0.00562	0.00712	0.00689	0.00822	0.00511	0.00508	0.01028	0.01405	0.05688	0.50230	0.15228	0.14640	0.03817	0.00716	0.00192	0.00288	0.01063	0.00568	0.00511
39	0.06689	0.00615	0.00743	0.00744	0.00873	0.00600	0.00543	0.03672	0.01253	0.05256	0.23588	0.29946	0.10380	0.06414	0.04481	0.00247	0.00392	0.02546	0.00509	0.00511
40	0.02059	0.01038	0.01271	0.01018	0.01395	0.01024	0.00822	0.12452	0.17849	0.46824	0.03915	0.01937	0.01478	0.03555	0.00631	0.00184	0.00472	0.00575	0.00617	0.00882
41	0.02041	0.01349	0.01492	0.01163	0.01575	0.01455	0.00955	0.52785	0.09191	0.17205	0.01566	0.01502	0.01090	0.00666	0.00541	0.00165	0.00548	0.00514	0.03289	0.00908
42	0.00870	0.00614	0.00795	0.00765	0.00919	0.00560	0.03333	0.02554	0.01269	0.06928	0.17217	0.25545	0.26409	0.05777	0.00773	0.00213	0.00351	0.04078	0.00517	0.00512
43	0.00951	0.00739	0.00945	0.09563	0.03610	0.02059	0.00699	0.06238	0.02733	0.01527	0.05882	0.12999	0.05057	0.22968	0.15393	0.00402	0.02498	0.00784	0.04445	0.00509
44	0.01146	0.00845	0.01122	0.03922	0.01246	0.00945	0.03046	0.14821	0.02855	0.04016	0.07894	0.02133	0.01574	0.08290	0.31253	0.02054	0.05770	0.00602	0.05873	0.00594

[dist]
# distance from previous block
# <min> <max>
0	17

# created by:
# /st0/software/busco_prod/Augustus/scripts/msa2prfl.pl ./align_prep/144311.fa
