[name]
unknown

[dist]
# distance from previous block
# <min> <max>
0	22

[block]
# block no. 0 follows, 47 sequences, length 151
# corresponding to MSA columns:
# 22-172
name=unknown_A
#
# <colnr> <probs for GDERKNQSTAVLIFYWHMCP>
#	G	D	E	R	K	N	Q	S	T	A	V	L	I	F	Y	W	H	M	C	P
0	0.04472	0.01015	0.01226	0.02872	0.01396	0.03818	0.05581	0.15906	0.13735	0.06863	0.06956	0.02963	0.03715	0.00884	0.00578	0.00182	0.00502	0.21894	0.00471	0.04972
1	0.15965	0.01419	0.04429	0.24531	0.03704	0.17777	0.01073	0.11732	0.03431	0.07458	0.01026	0.01203	0.00764	0.00540	0.00471	0.00157	0.00647	0.00406	0.00334	0.02934
2	0.09814	0.01007	0.01334	0.23600	0.08972	0.01070	0.01009	0.04384	0.14474	0.14654	0.01317	0.01434	0.00966	0.00548	0.00482	0.00154	0.00516	0.00454	0.00385	0.13424
3	0.03173	0.01033	0.01716	0.38584	0.35824	0.01141	0.01420	0.01426	0.01130	0.01568	0.05826	0.01564	0.01051	0.00545	0.00523	0.00166	0.00622	0.01739	0.00271	0.00678
4	0.00912	0.00625	0.00766	0.00692	0.00864	0.00586	0.00531	0.06849	0.01501	0.06882	0.55077	0.03746	0.16867	0.01048	0.00602	0.00165	0.00286	0.00906	0.00558	0.00538
5	0.01148	0.00578	0.00851	0.00784	0.00890	0.00545	0.03239	0.01105	0.00926	0.16816	0.01547	0.16194	0.01502	0.06631	0.01469	0.43870	0.00442	0.00679	0.00365	0.00419
6	0.00683	0.00487	0.00596	0.00657	0.00701	0.00457	0.00424	0.00751	0.00939	0.01241	0.02647	0.47356	0.09683	0.27490	0.01297	0.00300	0.00366	0.01185	0.00425	0.02315
7	0.00785	0.00538	0.00743	0.00745	0.00833	0.00603	0.00563	0.00961	0.00878	0.01324	0.01499	0.03488	0.01402	0.10943	0.56318	0.00664	0.01079	0.00580	0.15602	0.00453
8	0.01376	0.01027	0.01226	0.01058	0.01319	0.01094	0.03799	0.39763	0.01778	0.02376	0.01952	0.26606	0.01965	0.01042	0.00597	0.00186	0.00489	0.11176	0.00493	0.00679
9	0.01182	0.00656	0.00822	0.00768	0.00964	0.00605	0.00584	0.01436	0.06975	0.23289	0.10639	0.24952	0.17352	0.03079	0.00650	0.00191	0.00350	0.04374	0.00537	0.00594
10	0.00634	0.00453	0.00604	0.00725	0.00755	0.00423	0.00483	0.00725	0.00997	0.01329	0.02870	0.81358	0.03444	0.01632	0.00665	0.00211	0.00302	0.01480	0.00483	0.00423
11	0.00634	0.00453	0.00604	0.00725	0.00755	0.00423	0.00483	0.00725	0.00997	0.01329	0.02870	0.81358	0.03444	0.01632	0.00665	0.00211	0.00302	0.01480	0.00483	0.00423
12	0.01418	0.01091	0.01181	0.01044	0.01351	0.01233	0.00817	0.02740	0.68574	0.11185	0.02112	0.01923	0.01554	0.00699	0.00529	0.00175	0.00416	0.00581	0.00543	0.00832
13	0.00637	0.00461	0.00597	0.00703	0.00745	0.00427	0.00471	0.00728	0.01005	0.01325	0.03031	0.72401	0.09643	0.04254	0.00726	0.00218	0.00306	0.01425	0.00478	0.00421
14	0.01229	0.01405	0.03073	0.02195	0.02722	0.01317	0.76558	0.01668	0.01229	0.01668	0.01054	0.01405	0.00790	0.00439	0.00615	0.00176	0.00878	0.00615	0.00263	0.00702
15	0.00744	0.00558	0.00837	0.00837	0.00930	0.00651	0.00651	0.00930	0.00837	0.01209	0.01395	0.02046	0.01302	0.03906	0.79635	0.00837	0.01395	0.00558	0.00279	0.00465
16	0.85377	0.01007	0.00765	0.00685	0.01007	0.01168	0.00564	0.01531	0.00886	0.02336	0.00725	0.00846	0.00564	0.00483	0.00322	0.00161	0.00403	0.00282	0.00322	0.00564
17	0.01989	0.00821	0.01107	0.00893	0.01231	0.00727	0.00729	0.02221	0.03179	0.61257	0.09908	0.03969	0.01832	0.02273	0.00588	0.00174	0.00423	0.05266	0.00615	0.00798
18	0.01229	0.01405	0.03073	0.02195	0.02722	0.01317	0.76558	0.01668	0.01229	0.01668	0.01054	0.01405	0.00790	0.00439	0.00615	0.00176	0.00878	0.00615	0.00263	0.00702
19	0.01080	0.00926	0.01080	0.00771	0.01234	0.00694	0.00617	0.01311	0.01080	0.01697	0.00926	0.01080	0.00771	0.00386	0.00386	0.00077	0.00386	0.00309	0.00309	0.84882
20	0.00634	0.00455	0.00603	0.00721	0.00754	0.00423	0.00482	0.00726	0.01001	0.01331	0.02915	0.79933	0.04841	0.01626	0.00664	0.00211	0.00301	0.01473	0.00483	0.00423
21	0.00627	0.00515	0.00541	0.00559	0.00702	0.00441	0.00404	0.00745	0.01132	0.01370	0.04688	0.16216	0.62313	0.06470	0.00752	0.00202	0.00285	0.01134	0.00473	0.00429
22	0.01927	0.01433	0.01533	0.01188	0.01595	0.01590	0.00977	0.71042	0.08205	0.03197	0.01317	0.01303	0.00940	0.00631	0.00522	0.00158	0.00561	0.00478	0.00522	0.00881
23	0.01278	0.01244	0.02176	0.04757	0.71054	0.01242	0.07344	0.01598	0.01186	0.01691	0.00984	0.01300	0.00819	0.00463	0.00523	0.00157	0.00640	0.00476	0.00258	0.00810
24	0.01010	0.00942	0.01545	0.71717	0.03332	0.01185	0.01396	0.02447	0.01045	0.01365	0.00926	0.01377	0.00708	0.00554	0.00609	0.00176	0.06824	0.00463	0.01799	0.00581
25	0.00802	0.00501	0.00551	0.00551	0.00576	0.00501	0.00326	0.00852	0.00827	0.01204	0.01653	0.03102	0.01777	0.64804	0.02174	0.00425	0.00450	0.00701	0.17872	0.00351
26	0.00978	0.00759	0.00844	0.00765	0.00978	0.00770	0.00590	0.07207	0.20560	0.04088	0.27742	0.03499	0.27144	0.01011	0.00584	0.00170	0.00324	0.00856	0.00532	0.00600
27	0.33431	0.00997	0.01256	0.43818	0.02447	0.01196	0.01073	0.07146	0.01089	0.01865	0.00873	0.01170	0.00659	0.00514	0.00445	0.00167	0.00573	0.00394	0.00288	0.00596
28	0.01150	0.01151	0.02006	0.39484	0.27796	0.03166	0.14733	0.01496	0.01132	0.01510	0.00963	0.01348	0.00753	0.00488	0.00534	0.00167	0.00708	0.00487	0.00247	0.00681
29	0.04519	0.18864	0.49268	0.01343	0.01966	0.01358	0.07299	0.01582	0.01076	0.01563	0.00920	0.01117	0.00708	0.00694	0.05434	0.00197	0.00758	0.00387	0.00232	0.00716
30	0.00770	0.00567	0.00725	0.00679	0.00812	0.00539	0.00511	0.01089	0.06010	0.02094	0.73638	0.03774	0.04715	0.01043	0.00609	0.00165	0.00256	0.00921	0.00571	0.00511
31	0.00615	0.00528	0.00528	0.00528	0.00703	0.00440	0.00396	0.00747	0.01187	0.01407	0.05276	0.05012	0.78238	0.01319	0.00615	0.00176	0.00264	0.01099	0.00484	0.00440
32	0.00751	0.00542	0.00716	0.00698	0.00820	0.00506	0.00540	0.00996	0.01436	0.02014	0.67654	0.04167	0.04646	0.01117	0.00629	0.00174	0.00278	0.11265	0.00560	0.00490
33	0.01295	0.01119	0.01178	0.01060	0.01354	0.01295	0.00824	0.02767	0.77509	0.02178	0.02120	0.01943	0.01590	0.00707	0.00530	0.00177	0.00412	0.00589	0.00530	0.00824
34	0.01872	0.01405	0.01502	0.01176	0.01574	0.01565	0.00964	0.65114	0.14222	0.03109	0.01387	0.01359	0.00996	0.00638	0.00522	0.00159	0.00548	0.00488	0.00522	0.00876
35	0.01643	0.01134	0.01272	0.01037	0.01352	0.01214	0.00830	0.49078	0.01997	0.09351	0.07548	0.17720	0.01748	0.00864	0.00557	0.00168	0.00482	0.00715	0.00528	0.00762
36	0.00737	0.00532	0.00696	0.00655	0.00778	0.00491	0.00491	0.00983	0.01474	0.02088	0.78175	0.03890	0.04914	0.01065	0.00614	0.00164	0.00246	0.00942	0.00573	0.00491
37	0.00634	0.00455	0.00602	0.00720	0.00754	0.00423	0.00481	0.00726	0.01002	0.01331	0.02930	0.79456	0.05308	0.01624	0.00663	0.00211	0.00301	0.01471	0.00483	0.00423
38	0.01692	0.01026	0.01193	0.01006	0.01337	0.01081	0.00805	0.08576	0.39032	0.29816	0.04770	0.02014	0.01586	0.00713	0.00536	0.00171	0.00432	0.02816	0.00570	0.00829
39	0.00962	0.00527	0.00530	0.00523	0.00659	0.00530	0.00394	0.01269	0.05659	0.01913	0.02011	0.02188	0.07530	0.00670	0.00394	0.00129	0.00254	0.00541	0.72816	0.00502
40	0.01045	0.02694	0.79000	0.01484	0.02254	0.01209	0.01924	0.01649	0.01099	0.01649	0.00935	0.01099	0.00660	0.00495	0.00495	0.00165	0.00770	0.00385	0.00220	0.00770
41	0.02543	0.00566	0.00699	0.00697	0.00846	0.00517	0.00535	0.01031	0.01264	0.08330	0.26783	0.18119	0.23869	0.01237	0.00624	0.00185	0.00312	0.10824	0.00522	0.00499
42	0.01643	0.00730	0.00984	0.00813	0.01091	0.00644	0.00647	0.01856	0.01463	0.45702	0.31654	0.05995	0.02789	0.00850	0.00565	0.00164	0.00360	0.00727	0.00610	0.00713
43	0.01289	0.01237	0.02114	0.03196	0.78450	0.01237	0.01598	0.01598	0.01186	0.01701	0.00980	0.01289	0.00825	0.00464	0.00516	0.00155	0.00619	0.00464	0.00258	0.00825
44	0.00744	0.00529	0.00673	0.00637	0.00763	0.00488	0.00478	0.00983	0.01433	0.02038	0.68949	0.03836	0.09138	0.01051	0.00599	0.00162	0.00247	0.00923	0.05844	0.00488
45	0.00843	0.00565	0.00655	0.00630	0.00793	0.00498	0.00474	0.00995	0.01222	0.09420	0.17924	0.07098	0.41685	0.09315	0.00819	0.00210	0.00318	0.05552	0.00500	0.00484
46	0.01024	0.00515	0.00552	0.00532	0.00663	0.00505	0.00396	0.01248	0.01124	0.06718	0.07583	0.02178	0.01644	0.06064	0.00546	0.00153	0.00273	0.00541	0.67241	0.00500
47	0.02273	0.00872	0.01188	0.00916	0.01308	0.00755	0.00755	0.02476	0.01490	0.75779	0.05062	0.01856	0.01432	0.00661	0.00527	0.00161	0.00435	0.00540	0.00642	0.00871
48	0.00666	0.00483	0.00626	0.00699	0.00764	0.00448	0.00488	0.00797	0.01117	0.01500	0.19261	0.53403	0.09749	0.03632	0.00705	0.00207	0.00299	0.04217	0.00498	0.00438
49	0.00729	0.00532	0.00592	0.00577	0.00703	0.00479	0.00408	0.00854	0.01133	0.03524	0.17433	0.04202	0.40870	0.21087	0.02680	0.00266	0.00347	0.00947	0.02205	0.00432
50	0.00788	0.00503	0.00644	0.00700	0.00766	0.00467	0.00472	0.00882	0.01027	0.07256	0.05956	0.54533	0.07605	0.14673	0.00975	0.00252	0.00342	0.01242	0.00472	0.00445
51	0.00743	0.00532	0.00728	0.00846	0.00927	0.00517	0.00671	0.00914	0.01108	0.01453	0.02852	0.39907	0.04493	0.01524	0.00693	0.00226	0.00396	0.40538	0.00481	0.00453
52	0.01865	0.00816	0.01060	0.00853	0.01188	0.00727	0.00690	0.02146	0.06498	0.55114	0.10486	0.02448	0.12182	0.00785	0.00546	0.00164	0.00396	0.00650	0.00608	0.00780
53	0.01322	0.01037	0.01710	0.20216	0.42533	0.01073	0.01325	0.01576	0.01145	0.12333	0.01130	0.01459	0.00895	0.02792	0.00692	0.06665	0.00595	0.00479	0.00305	0.00718
54	0.02706	0.25483	0.43096	0.01320	0.01926	0.07235	0.06245	0.01676	0.01130	0.03435	0.00896	0.01043	0.00685	0.00484	0.00452	0.00148	0.00713	0.00367	0.00239	0.00723
55	0.85377	0.01007	0.00765	0.00685	0.01007	0.01168	0.00564	0.01531	0.00886	0.02336	0.00725	0.00846	0.00564	0.00483	0.00322	0.00161	0.00403	0.00282	0.00322	0.00564
56	0.04896	0.01311	0.01400	0.01119	0.01499	0.01452	0.00909	0.48658	0.22869	0.05885	0.01492	0.01441	0.01079	0.00636	0.00512	0.00160	0.00512	0.00492	0.00515	0.03160
57	0.00679	0.00484	0.00617	0.00706	0.00746	0.00460	0.00468	0.02339	0.01003	0.01330	0.02763	0.66016	0.06134	0.12516	0.00931	0.00249	0.00334	0.01345	0.00461	0.00419
58	0.04664	0.01189	0.03058	0.09201	0.54997	0.01209	0.01410	0.07309	0.03280	0.01779	0.01011	0.01310	0.00831	0.00573	0.00604	0.05476	0.00599	0.00458	0.00283	0.00760
59	0.08073	0.01248	0.01895	0.08471	0.58515	0.04330	0.01435	0.05102	0.01228	0.03400	0.00983	0.01255	0.00801	0.00484	0.00499	0.00156	0.00614	0.00446	0.00282	0.00781
60	0.00883	0.00715	0.01100	0.01002	0.01172	0.01744	0.12939	0.01130	0.04539	0.04514	0.09265	0.36260	0.08076	0.03441	0.00696	0.00206	0.00436	0.10904	0.00456	0.00519
61	0.01037	0.00727	0.00938	0.00949	0.06858	0.00744	0.00643	0.09213	0.01103	0.05567	0.02728	0.02433	0.04481	0.25037	0.23000	0.01747	0.00730	0.02148	0.04103	0.05815
62	0.02996	0.03221	0.01912	0.13808	0.34203	0.10292	0.07103	0.15076	0.01411	0.01870	0.00989	0.01244	0.00785	0.00517	0.00537	0.00158	0.02372	0.00454	0.00302	0.00751
63	0.01213	0.06095	0.51181	0.03366	0.03558	0.12030	0.12076	0.01699	0.01167	0.01574	0.00924	0.01117	0.00683	0.00491	0.00501	0.00160	0.00794	0.00408	0.00234	0.00729
64	0.00905	0.00452	0.00678	0.00678	0.00678	0.00452	0.00452	0.00678	0.00678	0.00905	0.00905	0.01583	0.00905	0.01809	0.02035	0.84848	0.00452	0.00452	0.00226	0.00226
65	0.01477	0.01232	0.01279	0.01100	0.01424	0.03075	0.00869	0.20883	0.57453	0.02429	0.01878	0.01751	0.01397	0.00683	0.00526	0.00171	0.00463	0.00554	0.00522	0.00835
66	0.00653	0.00467	0.00597	0.00690	0.00727	0.00437	0.00455	0.00737	0.00987	0.01308	0.04696	0.63966	0.07784	0.12768	0.00938	0.00249	0.00327	0.01343	0.00462	0.00411
67	0.00937	0.00643	0.00801	0.00766	0.00920	0.00633	0.00592	0.03062	0.09292	0.06873	0.38935	0.07336	0.06563	0.07763	0.00785	0.00208	0.00345	0.12478	0.00528	0.00540
68	0.64738	0.15666	0.01183	0.04372	0.02686	0.01331	0.00683	0.01528	0.00930	0.02078	0.00739	0.00877	0.00594	0.00478	0.00337	0.00153	0.00448	0.00293	0.00299	0.00589
69	0.02089	0.01283	0.01454	0.01115	0.01527	0.01354	0.00921	0.53956	0.02155	0.26454	0.01497	0.01411	0.01009	0.00631	0.00522	0.00158	0.00533	0.00486	0.00559	0.00886
70	0.00650	0.00464	0.00622	0.00743	0.00780	0.00437	0.00511	0.00752	0.01013	0.01347	0.02862	0.75569	0.03410	0.01617	0.00669	0.00214	0.00316	0.07115	0.00483	0.00427
71	0.01283	0.01093	0.01253	0.07268	0.06353	0.01250	0.00910	0.02535	0.63338	0.03977	0.02022	0.01920	0.03091	0.00688	0.00530	0.00175	0.00444	0.00580	0.00492	0.00799
72	0.08629	0.00876	0.01145	0.00894	0.01273	0.00782	0.00732	0.02376	0.01414	0.69281	0.01958	0.03357	0.01293	0.02834	0.00568	0.00171	0.00439	0.00531	0.00608	0.00837
73	0.01980	0.01459	0.01563	0.01198	0.01615	0.01615	0.00990	0.76713	0.02448	0.03282	0.01250	0.01250	0.00886	0.00625	0.00521	0.00156	0.00573	0.00469	0.00521	0.00886
74	0.73793	0.00990	0.00827	0.00719	0.01052	0.01112	0.00592	0.01671	0.00971	0.13005	0.00911	0.00975	0.00665	0.00506	0.00350	0.00161	0.00408	0.00316	0.00367	0.00609
75	0.00719	0.00518	0.00663	0.00751	0.00808	0.00498	0.00513	0.05498	0.01092	0.01454	0.02819	0.74712	0.04867	0.01562	0.00655	0.00207	0.00318	0.01409	0.00486	0.00452
76	0.01080	0.00926	0.01080	0.00771	0.01234	0.00694	0.00617	0.01311	0.01080	0.01697	0.00926	0.01080	0.00771	0.00386	0.00386	0.00077	0.00386	0.00309	0.00309	0.84882
77	0.02336	0.00886	0.01209	0.00927	0.01329	0.00765	0.00765	0.02538	0.01491	0.78810	0.02055	0.01773	0.01289	0.00645	0.00524	0.00161	0.00443	0.00524	0.00645	0.00886
78	0.02135	0.00856	0.01139	0.00890	0.01267	0.00746	0.00729	0.02362	0.03417	0.68997	0.02382	0.02105	0.09091	0.00714	0.00533	0.00163	0.00424	0.00584	0.00625	0.00839
79	0.00629	0.00540	0.00541	0.00538	0.00717	0.00457	0.00404	0.00788	0.02733	0.01422	0.05212	0.04950	0.76686	0.01306	0.00614	0.00176	0.00267	0.01089	0.00485	0.00447
80	0.00744	0.00558	0.00837	0.00837	0.00930	0.00651	0.00651	0.00930	0.00837	0.01209	0.01395	0.02046	0.01302	0.03906	0.79635	0.00837	0.01395	0.00558	0.00279	0.00465
81	0.02336	0.00886	0.01209	0.00927	0.01329	0.00765	0.00765	0.02538	0.01491	0.78810	0.02055	0.01773	0.01289	0.00645	0.00524	0.00161	0.00443	0.00524	0.00645	0.00886
82	0.00642	0.00459	0.00611	0.00720	0.00757	0.00428	0.00484	0.00745	0.01034	0.01388	0.08646	0.75417	0.03557	0.01588	0.00661	0.00208	0.00298	0.01439	0.00490	0.00428
83	0.01229	0.01405	0.03073	0.02195	0.02722	0.01317	0.76558	0.01668	0.01229	0.01668	0.01054	0.01405	0.00790	0.00439	0.00615	0.00176	0.00878	0.00615	0.00263	0.00702
84	0.01945	0.02482	0.01476	0.01342	0.01610	0.79608	0.01006	0.02079	0.01476	0.01275	0.00805	0.00939	0.00671	0.00537	0.00470	0.00134	0.00939	0.00335	0.00268	0.00604
85	0.01937	0.01437	0.01539	0.01190	0.01599	0.01595	0.00979	0.72069	0.07162	0.03213	0.01305	0.01294	0.00930	0.00630	0.00522	0.00158	0.00563	0.00476	0.00522	0.00882
86	0.00634	0.00453	0.00604	0.00725	0.00755	0.00423	0.00483	0.00725	0.00997	0.01329	0.02870	0.81358	0.03444	0.01632	0.00665	0.00211	0.00302	0.01480	0.00483	0.00423
87	0.00642	0.00459	0.00611	0.00720	0.00757	0.00428	0.00484	0.00745	0.01034	0.01388	0.08646	0.75417	0.03557	0.01588	0.00661	0.00208	0.00298	0.01439	0.00490	0.00428
88	0.01229	0.01405	0.03073	0.02195	0.02722	0.01317	0.76558	0.01668	0.01229	0.01668	0.01054	0.01405	0.00790	0.00439	0.00615	0.00176	0.00878	0.00615	0.00263	0.00702
89	0.00629	0.00523	0.00549	0.00552	0.00714	0.00444	0.00411	0.00769	0.01203	0.01468	0.12240	0.09697	0.66384	0.01314	0.00618	0.00177	0.00264	0.01108	0.00492	0.00444
90	0.01988	0.01445	0.01554	0.01192	0.01608	0.01594	0.00984	0.74890	0.02425	0.05139	0.01270	0.01263	0.00896	0.00626	0.00521	0.00156	0.00570	0.00470	0.00524	0.00886
91	0.00744	0.00558	0.00837	0.00837	0.00930	0.00651	0.00651	0.00930	0.00837	0.01209	0.01395	0.02046	0.01302	0.03906	0.79635	0.00837	0.01395	0.00558	0.00279	0.00465
92	0.01167	0.01113	0.01893	0.34120	0.48482	0.01205	0.01537	0.01491	0.01128	0.01553	0.00958	0.01329	0.00773	0.00487	0.00518	0.00162	0.00649	0.00464	0.00247	0.00726
93	0.01947	0.02430	0.01480	0.01334	0.01610	0.75666	0.01005	0.05851	0.01525	0.01376	0.00827	0.00955	0.00682	0.00541	0.00472	0.00135	0.00921	0.00342	0.00281	0.00618
94	0.00634	0.00453	0.00604	0.00725	0.00755	0.00423	0.00483	0.00725	0.00997	0.01329	0.02870	0.81358	0.03444	0.01632	0.00665	0.00211	0.00302	0.01480	0.00483	0.00423
95	0.01392	0.82012	0.02729	0.00891	0.01337	0.02061	0.00891	0.01559	0.01058	0.01225	0.00724	0.00835	0.00668	0.00446	0.00334	0.00111	0.00557	0.00278	0.00223	0.00668
96	0.01980	0.01459	0.01563	0.01198	0.01615	0.01615	0.00990	0.76713	0.02448	0.03282	0.01250	0.01250	0.00886	0.00625	0.00521	0.00156	0.00573	0.00469	0.00521	0.00886
97	0.00634	0.00453	0.00604	0.00725	0.00755	0.00423	0.00483	0.00725	0.00997	0.01329	0.02870	0.81358	0.03444	0.01632	0.00665	0.00211	0.00302	0.01480	0.00483	0.00423
98	0.01295	0.01119	0.01178	0.01060	0.01354	0.01295	0.00824	0.02767	0.77509	0.02178	0.02120	0.01943	0.01590	0.00707	0.00530	0.00177	0.00412	0.00589	0.00530	0.00824
99	0.00878	0.00534	0.00617	0.00595	0.00626	0.00525	0.00350	0.00894	0.00814	0.06977	0.01673	0.03282	0.01847	0.75482	0.02487	0.00479	0.00500	0.00739	0.00341	0.00359
100	0.01927	0.01433	0.01533	0.01188	0.01595	0.01590	0.00977	0.71042	0.08205	0.03197	0.01317	0.01303	0.00940	0.00631	0.00522	0.00158	0.00561	0.00478	0.00522	0.00881
101	0.00723	0.00557	0.00681	0.00746	0.00886	0.00515	0.00613	0.00904	0.01181	0.01474	0.03924	0.10218	0.37667	0.01396	0.00668	0.00209	0.00369	0.36332	0.00482	0.00458
102	0.00634	0.00453	0.00604	0.00725	0.00755	0.00423	0.00483	0.00725	0.00997	0.01329	0.02870	0.81358	0.03444	0.01632	0.00665	0.00211	0.00302	0.01480	0.00483	0.00423
103	0.01945	0.02482	0.01476	0.01342	0.01610	0.79608	0.01006	0.02079	0.01476	0.01275	0.00805	0.00939	0.00671	0.00537	0.00470	0.00134	0.00939	0.00335	0.00268	0.00604
104	0.01229	0.01405	0.03073	0.02195	0.02722	0.01317	0.76558	0.01668	0.01229	0.01668	0.01054	0.01405	0.00790	0.00439	0.00615	0.00176	0.00878	0.00615	0.00263	0.00702
105	0.01295	0.01119	0.01178	0.01060	0.01354	0.01295	0.00824	0.02767	0.77509	0.02178	0.02120	0.01943	0.01590	0.00707	0.00530	0.00177	0.00412	0.00589	0.00530	0.00824
106	0.01289	0.01237	0.02114	0.03196	0.78450	0.01237	0.01598	0.01598	0.01186	0.01701	0.00980	0.01289	0.00825	0.00464	0.00516	0.00155	0.00619	0.00464	0.00258	0.00825
107	0.00627	0.00481	0.00576	0.00652	0.00736	0.00429	0.00451	0.00733	0.01067	0.01358	0.03755	0.53270	0.30961	0.01517	0.00647	0.00198	0.00288	0.01340	0.00483	0.00429
108	0.00828	0.00527	0.00627	0.00631	0.00703	0.00495	0.00412	0.00899	0.00978	0.07177	0.07306	0.21407	0.13845	0.40022	0.01599	0.00341	0.00401	0.00968	0.00421	0.00414
109	0.00766	0.00502	0.00575	0.00575	0.00575	0.00502	0.00324	0.00753	0.00753	0.01003	0.01597	0.03299	0.01834	0.76932	0.02614	0.05537	0.00502	0.00739	0.00310	0.00310
110	0.01295	0.01119	0.01178	0.01060	0.01354	0.01295	0.00824	0.02767	0.77509	0.02178	0.02120	0.01943	0.01590	0.00707	0.00530	0.00177	0.00412	0.00589	0.00530	0.00824
111	0.02336	0.00886	0.01209	0.00927	0.01329	0.00765	0.00765	0.02538	0.01491	0.78810	0.02055	0.01773	0.01289	0.00645	0.00524	0.00161	0.00443	0.00524	0.00645	0.00886
112	0.00702	0.00490	0.00597	0.00643	0.00676	0.00470	0.00410	0.00770	0.00941	0.01258	0.08991	0.34364	0.06048	0.38086	0.01565	0.00340	0.00391	0.02461	0.00415	0.00382
113	0.00815	0.00542	0.00604	0.00589	0.00611	0.00548	0.00344	0.03778	0.00839	0.01140	0.01628	0.03259	0.01829	0.74984	0.02467	0.00474	0.00496	0.00734	0.03972	0.00345
114	0.03451	0.00995	0.01084	0.01015	0.01270	0.01129	0.00807	0.02346	0.58086	0.02063	0.05207	0.02730	0.01958	0.00852	0.00563	0.00188	0.00418	0.14583	0.00517	0.00739
115	0.00748	0.00541	0.00749	0.00749	0.00811	0.00603	0.00541	0.00873	0.00811	0.01143	0.01476	0.02494	0.01496	0.29476	0.54330	0.00728	0.01102	0.00623	0.00291	0.00416
116	0.00646	0.00490	0.00582	0.00641	0.00727	0.00442	0.00443	0.00754	0.01072	0.01372	0.07465	0.42375	0.30272	0.08175	0.00811	0.00221	0.00305	0.02308	0.00474	0.00424
117	0.00629	0.00520	0.00554	0.00577	0.00729	0.00445	0.00430	0.00760	0.01159	0.01402	0.04798	0.16439	0.63524	0.01371	0.00628	0.00184	0.00280	0.04650	0.00483	0.00439
118	0.00634	0.00453	0.00604	0.00725	0.00755	0.00423	0.00483	0.00725	0.00997	0.01329	0.02870	0.81358	0.03444	0.01632	0.00665	0.00211	0.00302	0.01480	0.00483	0.00423
119	0.37079	0.00960	0.01221	0.46332	0.02483	0.01162	0.01069	0.01416	0.00975	0.01761	0.00840	0.01156	0.00639	0.00505	0.00436	0.00168	0.00570	0.00385	0.00270	0.00572
120	0.01305	0.01451	0.02915	0.02099	0.02608	0.04429	0.68827	0.06397	0.01315	0.01754	0.01056	0.01377	0.00791	0.00455	0.00603	0.00173	0.00861	0.00594	0.00280	0.00710
121	0.01226	0.01173	0.02000	0.19083	0.63054	0.01221	0.01567	0.01543	0.01156	0.01625	0.00968	0.01309	0.00798	0.00476	0.00517	0.00159	0.00634	0.00464	0.00252	0.00774
122	0.01229	0.01405	0.03073	0.02195	0.02722	0.01317	0.76558	0.01668	0.01229	0.01668	0.01054	0.01405	0.00790	0.00439	0.00615	0.00176	0.00878	0.00615	0.00263	0.00702
123	0.01925	0.01431	0.01532	0.01187	0.01594	0.01589	0.00977	0.70769	0.08483	0.03193	0.01320	0.01306	0.00942	0.00632	0.00522	0.00158	0.00560	0.00478	0.00522	0.00881
124	0.00913	0.00743	0.00904	0.06948	0.05983	0.00697	0.00658	0.05594	0.03983	0.03411	0.09324	0.03453	0.38146	0.02985	0.00613	0.00168	0.00374	0.02715	0.00437	0.11951
125	0.01214	0.01377	0.05476	0.05874	0.19058	0.01273	0.53026	0.01621	0.01203	0.01654	0.01059	0.02739	0.00834	0.00470	0.00586	0.00171	0.00800	0.00582	0.00263	0.00721
126	0.01229	0.01405	0.03073	0.02195	0.02722	0.01317	0.76558	0.01668	0.01229	0.01668	0.01054	0.01405	0.00790	0.00439	0.00615	0.00176	0.00878	0.00615	0.00263	0.00702
127	0.00629	0.00527	0.00549	0.00554	0.00719	0.00446	0.00416	0.00769	0.01197	0.01449	0.09531	0.07982	0.68969	0.01319	0.00620	0.00178	0.00270	0.02945	0.00489	0.00443
128	0.69408	0.00908	0.00735	0.00681	0.00949	0.01034	0.00539	0.01387	0.00905	0.02147	0.02996	0.09405	0.01053	0.05438	0.00503	0.00187	0.00394	0.00451	0.00345	0.00533
129	0.02336	0.00886	0.01209	0.00927	0.01329	0.00765	0.00765	0.02538	0.01491	0.78810	0.02055	0.01773	0.01289	0.00645	0.00524	0.00161	0.00443	0.00524	0.00645	0.00886
130	0.00637	0.00455	0.00607	0.00723	0.00756	0.00425	0.00484	0.00732	0.01009	0.01349	0.04809	0.79364	0.03482	0.01617	0.00663	0.00210	0.00301	0.01467	0.00486	0.00425
131	0.01043	0.00642	0.00755	0.00716	0.00835	0.00647	0.00504	0.01329	0.11524	0.10965	0.07251	0.06342	0.02093	0.38969	0.01541	0.00330	0.00435	0.06416	0.07165	0.00499
132	0.00638	0.00458	0.00607	0.00725	0.00760	0.00427	0.00488	0.00732	0.01005	0.01335	0.02918	0.78336	0.04988	0.01621	0.00665	0.00211	0.00305	0.02872	0.00483	0.00424
133	0.00634	0.00453	0.00604	0.00725	0.00755	0.00423	0.00483	0.00725	0.00997	0.01329	0.02870	0.81358	0.03444	0.01632	0.00665	0.00211	0.00302	0.01480	0.00483	0.00423
134	0.00623	0.00519	0.00546	0.00565	0.00720	0.00441	0.00419	0.00752	0.01161	0.01400	0.04880	0.15683	0.65999	0.01365	0.00625	0.00182	0.00274	0.02924	0.00483	0.00438
135	0.07962	0.00657	0.00757	0.00744	0.00917	0.00647	0.00590	0.05654	0.02892	0.04755	0.19181	0.12009	0.20257	0.01143	0.00597	0.00185	0.00348	0.16362	0.03821	0.00522
136	0.02336	0.00886	0.01209	0.00927	0.01329	0.00765	0.00765	0.02538	0.01491	0.78810	0.02055	0.01773	0.01289	0.00645	0.00524	0.00161	0.00443	0.00524	0.00645	0.00886
137	0.02336	0.00886	0.01209	0.00927	0.01329	0.00765	0.00765	0.02538	0.01491	0.78810	0.02055	0.01773	0.01289	0.00645	0.00524	0.00161	0.00443	0.00524	0.00645	0.00886
138	0.00812	0.00627	0.00746	0.00700	0.00859	0.00611	0.00529	0.02450	0.12034	0.01980	0.51413	0.05896	0.17217	0.01068	0.00602	0.00169	0.00279	0.00927	0.00548	0.00533
139	0.00640	0.00456	0.00603	0.00718	0.00747	0.00427	0.00476	0.00727	0.00986	0.01314	0.02813	0.77701	0.03372	0.05388	0.00758	0.00225	0.00312	0.01447	0.00476	0.00418
140	0.00634	0.00455	0.00602	0.00720	0.00754	0.00423	0.00481	0.00726	0.01002	0.01332	0.02936	0.79265	0.05495	0.01623	0.00663	0.00211	0.00301	0.01470	0.00483	0.00423
141	0.01980	0.01459	0.01563	0.01198	0.01615	0.01615	0.00990	0.76713	0.02448	0.03282	0.01250	0.01250	0.00886	0.00625	0.00521	0.00156	0.00573	0.00469	0.00521	0.00886
142	0.00671	0.00516	0.00608	0.00611	0.00736	0.00459	0.00445	0.00836	0.01253	0.01647	0.33294	0.17070	0.34582	0.04062	0.00694	0.00188	0.00271	0.01088	0.00513	0.00453
143	0.78980	0.01042	0.00827	0.00724	0.01054	0.01203	0.00597	0.07297	0.01006	0.02409	0.00765	0.00877	0.00589	0.00494	0.00338	0.00161	0.00416	0.00296	0.00338	0.00589
144	0.01074	0.02503	0.68348	0.01646	0.07075	0.01219	0.07628	0.01647	0.01115	0.01654	0.00947	0.01135	0.00680	0.00489	0.00505	0.00165	0.00768	0.00407	0.00226	0.00768
145	0.51822	0.01150	0.01103	0.01035	0.07128	0.01298	0.00771	0.21289	0.06130	0.02525	0.00970	0.01055	0.00733	0.00533	0.00402	0.00160	0.00465	0.00364	0.00382	0.00685
146	0.01939	0.01391	0.01505	0.01168	0.01573	0.01532	0.00960	0.65226	0.09320	0.07923	0.01381	0.01347	0.00976	0.00634	0.00522	0.00158	0.00550	0.00483	0.00530	0.00880
147	0.13801	0.01424	0.01398	0.07293	0.02876	0.10880	0.00945	0.41684	0.05323	0.02576	0.01111	0.01187	0.00823	0.00572	0.00478	0.00152	0.00584	0.00421	0.00422	0.06053
148	0.05483	0.01196	0.01994	0.10385	0.67473	0.01226	0.01532	0.01569	0.01157	0.01698	0.00962	0.01276	0.00799	0.00470	0.00506	0.00157	0.00615	0.00455	0.00259	0.00788
149	0.48637	0.03691	0.01192	0.04445	0.01378	0.01214	0.05480	0.12345	0.02500	0.13196	0.01041	0.01112	0.00753	0.00528	0.00410	0.00161	0.00481	0.00377	0.00389	0.00672
150	0.07167	0.01456	0.01463	0.01153	0.01538	0.07505	0.00942	0.61486	0.02191	0.04569	0.01238	0.02969	0.00922	0.00700	0.02150	0.00170	0.00599	0.00472	0.00486	0.00825

[dist]
# distance from previous block
# <min> <max>
0	2

[block]
# block no. 1 follows, 47 sequences, length 106
# corresponding to MSA columns:
# 175-280
name=unknown_B
#
# <colnr> <probs for GDERKNQSTAVLIFYWHMCP>
#	G	D	E	R	K	N	Q	S	T	A	V	L	I	F	Y	W	H	M	C	P
0	0.36081	0.03525	0.07567	0.00980	0.01387	0.01340	0.00870	0.31509	0.01580	0.09038	0.01062	0.01105	0.00763	0.00553	0.00433	0.00158	0.00508	0.00385	0.00417	0.00739
1	0.28698	0.06364	0.01160	0.07702	0.01365	0.03197	0.00763	0.16528	0.04372	0.04361	0.12302	0.01764	0.06552	0.00674	0.00486	0.00161	0.01998	0.00507	0.00408	0.00638
2	0.05252	0.12401	0.07923	0.01210	0.01565	0.41974	0.01021	0.15603	0.01545	0.01749	0.04438	0.01128	0.00899	0.00560	0.00464	0.00140	0.00755	0.00382	0.00321	0.00671
3	0.01431	0.01016	0.01194	0.02689	0.01344	0.00956	0.00746	0.22020	0.03184	0.10154	0.01180	0.01311	0.00909	0.00767	0.04220	0.07075	0.00502	0.00408	0.00397	0.38498
4	0.01333	0.63086	0.18889	0.01029	0.01539	0.03914	0.01113	0.01592	0.01078	0.01317	0.00771	0.00894	0.00667	0.00458	0.00372	0.00123	0.00612	0.00303	0.00223	0.00688
5	0.01187	0.01490	0.15477	0.01769	0.03771	0.01247	0.40580	0.07666	0.01223	0.01706	0.01071	0.01410	0.00841	0.00978	0.11671	0.00267	0.06138	0.00542	0.00277	0.00690
6	0.00824	0.00672	0.00762	0.00754	0.03444	0.00646	0.00547	0.04597	0.11223	0.01802	0.25855	0.03989	0.40725	0.01105	0.00596	0.00171	0.00304	0.00937	0.00510	0.00538
7	0.00655	0.00460	0.00604	0.00707	0.00735	0.00433	0.00466	0.00733	0.00977	0.01305	0.04390	0.70105	0.03267	0.09650	0.00892	0.02048	0.00324	0.01374	0.00463	0.00410
8	0.00739	0.00495	0.00583	0.00601	0.00621	0.00482	0.00363	0.00750	0.00836	0.01105	0.03752	0.15835	0.07638	0.54776	0.02091	0.07319	0.00445	0.00877	0.00353	0.00338
9	0.00873	0.00749	0.00975	0.00933	0.01034	0.05488	0.02649	0.02362	0.00928	0.01274	0.01481	0.12039	0.01481	0.05651	0.51686	0.00619	0.08325	0.00660	0.00305	0.00486
10	0.85377	0.01007	0.00765	0.00685	0.01007	0.01168	0.00564	0.01531	0.00886	0.02336	0.00725	0.00846	0.00564	0.00483	0.00322	0.00161	0.00403	0.00282	0.00322	0.00564
11	0.00624	0.00528	0.00540	0.00537	0.00709	0.00443	0.00403	0.00764	0.01208	0.01456	0.10564	0.04930	0.72919	0.01300	0.00615	0.00175	0.00262	0.01088	0.00490	0.00443
12	0.00694	0.00537	0.00602	0.00581	0.00743	0.00465	0.00437	0.00868	0.01296	0.03243	0.31275	0.04544	0.50437	0.01214	0.00613	0.00171	0.00261	0.01031	0.00519	0.00467
13	0.01080	0.00926	0.01080	0.00771	0.01234	0.00694	0.00617	0.01311	0.01080	0.01697	0.00926	0.01080	0.00771	0.00386	0.00386	0.00077	0.00386	0.00309	0.00309	0.84882
14	0.00724	0.00532	0.00678	0.00641	0.00770	0.00486	0.00481	0.00957	0.01443	0.02013	0.70170	0.04013	0.12965	0.01093	0.00614	0.00165	0.00248	0.00959	0.00563	0.00486
15	0.00750	0.00570	0.00707	0.00785	0.00875	0.00568	0.00568	0.01056	0.11702	0.01483	0.02948	0.54679	0.09243	0.01453	0.00649	0.00207	0.00336	0.10445	0.00489	0.00487
16	0.00903	0.00625	0.00773	0.00699	0.00865	0.00591	0.00535	0.07221	0.01523	0.05832	0.60179	0.03695	0.12473	0.01036	0.00602	0.00164	0.00284	0.00900	0.00563	0.00537
17	0.02336	0.00886	0.01209	0.00927	0.01329	0.00765	0.00765	0.02538	0.01491	0.78810	0.02055	0.01773	0.01289	0.00645	0.00524	0.00161	0.00443	0.00524	0.00645	0.00886
18	0.01980	0.01459	0.01563	0.01198	0.01615	0.01615	0.00990	0.76713	0.02448	0.03282	0.01250	0.01250	0.00886	0.00625	0.00521	0.00156	0.00573	0.00469	0.00521	0.00886
19	0.00739	0.00533	0.00701	0.00676	0.00795	0.00495	0.00512	0.00979	0.01440	0.02029	0.70909	0.06902	0.04746	0.01108	0.00622	0.00170	0.00262	0.05330	0.00564	0.00488
20	0.00634	0.00453	0.00604	0.00725	0.00755	0.00423	0.00483	0.00725	0.00997	0.01329	0.02870	0.81358	0.03444	0.01632	0.00665	0.00211	0.00302	0.01480	0.00483	0.00423
21	0.01980	0.01459	0.01563	0.01198	0.01615	0.01615	0.00990	0.76713	0.02448	0.03282	0.01250	0.01250	0.00886	0.00625	0.00521	0.00156	0.00573	0.00469	0.00521	0.00886
22	0.85377	0.01007	0.00765	0.00685	0.01007	0.01168	0.00564	0.01531	0.00886	0.02336	0.00725	0.00846	0.00564	0.00483	0.00322	0.00161	0.00403	0.00282	0.00322	0.00564
23	0.00643	0.00459	0.00614	0.00735	0.00769	0.00431	0.00499	0.00740	0.01006	0.01339	0.02865	0.78136	0.03425	0.01623	0.00667	0.00213	0.00310	0.04617	0.00483	0.00425
24	0.02313	0.00892	0.01208	0.00930	0.01330	0.00777	0.00767	0.02543	0.03213	0.77075	0.02056	0.01776	0.01296	0.00646	0.00524	0.00161	0.00442	0.00525	0.00642	0.00885
25	0.01980	0.01459	0.01563	0.01198	0.01615	0.01615	0.00990	0.76713	0.02448	0.03282	0.01250	0.01250	0.00886	0.00625	0.00521	0.00156	0.00573	0.00469	0.00521	0.00886
26	0.01995	0.01195	0.01370	0.01077	0.01468	0.01254	0.00881	0.37531	0.14623	0.30435	0.01686	0.01555	0.01149	0.00646	0.00523	0.00161	0.00499	0.00509	0.00567	0.00876
27	0.00634	0.00453	0.00604	0.00725	0.00755	0.00423	0.00483	0.00725	0.00997	0.01329	0.02870	0.81358	0.03444	0.01632	0.00665	0.00211	0.00302	0.01480	0.00483	0.00423
28	0.00971	0.00485	0.00485	0.00485	0.00607	0.00485	0.00364	0.01213	0.01092	0.01942	0.01699	0.01942	0.01335	0.00607	0.00364	0.00121	0.00243	0.00485	0.84589	0.00485
29	0.01229	0.01405	0.03073	0.02195	0.02722	0.01317	0.76558	0.01668	0.01229	0.01668	0.01054	0.01405	0.00790	0.00439	0.00615	0.00176	0.00878	0.00615	0.00263	0.00702
30	0.00905	0.00452	0.00678	0.00678	0.00678	0.00452	0.00452	0.00678	0.00678	0.00905	0.00905	0.01583	0.00905	0.01809	0.02035	0.84848	0.00452	0.00452	0.00226	0.00226
31	0.02327	0.00902	0.01218	0.00934	0.01337	0.00789	0.00772	0.04563	0.01517	0.76749	0.02033	0.01758	0.01278	0.00644	0.00524	0.00161	0.00447	0.00522	0.00641	0.00886
32	0.01952	0.01369	0.01494	0.01151	0.01553	0.01494	0.00949	0.67172	0.02325	0.09400	0.04850	0.01414	0.01104	0.00647	0.00525	0.00157	0.00547	0.00495	0.00533	0.00868
33	0.01229	0.01405	0.03073	0.02195	0.02722	0.01317	0.76558	0.01668	0.01229	0.01668	0.01054	0.01405	0.00790	0.00439	0.00615	0.00176	0.00878	0.00615	0.00263	0.00702
34	0.00777	0.00542	0.00706	0.00660	0.00791	0.00498	0.00497	0.01019	0.01468	0.04136	0.74548	0.03857	0.06406	0.01059	0.00612	0.00164	0.00251	0.00934	0.00573	0.00501
35	0.01289	0.01237	0.02114	0.03196	0.78450	0.01237	0.01598	0.01598	0.01186	0.01701	0.00980	0.01289	0.00825	0.00464	0.00516	0.00155	0.00619	0.00464	0.00258	0.00825
36	0.01248	0.01202	0.02069	0.13032	0.66856	0.01229	0.03594	0.01566	0.01169	0.01653	0.00975	0.01305	0.00807	0.00471	0.00519	0.00158	0.00635	0.00468	0.00255	0.00790
37	0.01112	0.01102	0.01589	0.15156	0.01754	0.01519	0.01193	0.01267	0.00840	0.01267	0.00726	0.01183	0.00685	0.00843	0.01502	0.00218	0.66787	0.00457	0.00228	0.00571
38	0.01821	0.01331	0.01438	0.01144	0.01527	0.01475	0.00931	0.52265	0.22322	0.07885	0.01533	0.01468	0.01099	0.00648	0.00524	0.00162	0.00522	0.00504	0.00531	0.00869
39	0.01908	0.01421	0.01523	0.01179	0.01587	0.01572	0.00970	0.69330	0.08558	0.03164	0.01316	0.01304	0.00941	0.00628	0.00519	0.00157	0.00557	0.00476	0.00518	0.02374
40	0.00744	0.00558	0.00837	0.00837	0.00930	0.00651	0.00651	0.00930	0.00837	0.01209	0.01395	0.02046	0.01302	0.03906	0.79635	0.00837	0.01395	0.00558	0.00279	0.00465
41	0.00662	0.00475	0.00635	0.00753	0.00798	0.00447	0.00530	0.00774	0.01028	0.01362	0.02904	0.69526	0.04904	0.01599	0.00671	0.00215	0.00326	0.11478	0.00483	0.00431
42	0.00839	0.00599	0.00839	0.00959	0.01079	0.00599	0.00839	0.01079	0.01199	0.01558	0.02757	0.05874	0.02997	0.01439	0.00719	0.00240	0.00480	0.74945	0.00480	0.00480
43	0.01295	0.01119	0.01178	0.01060	0.01354	0.01295	0.00824	0.02767	0.77509	0.02178	0.02120	0.01943	0.01590	0.00707	0.00530	0.00177	0.00412	0.00589	0.00530	0.00824
44	0.00689	0.00524	0.00633	0.00619	0.00752	0.00469	0.00459	0.00884	0.01341	0.01802	0.48030	0.10590	0.28924	0.01195	0.00619	0.00172	0.00256	0.01038	0.00536	0.00469
45	0.01045	0.02694	0.79000	0.01484	0.02254	0.01209	0.01924	0.01649	0.01099	0.01649	0.00935	0.01099	0.00660	0.00495	0.00495	0.00165	0.00770	0.00385	0.00220	0.00770
46	0.00839	0.00599	0.00839	0.00959	0.01079	0.00599	0.00839	0.01079	0.01199	0.01558	0.02757	0.05874	0.02997	0.01439	0.00719	0.00240	0.00480	0.74945	0.00480	0.00480
47	0.01980	0.01459	0.01563	0.01198	0.01615	0.01615	0.00990	0.76713	0.02448	0.03282	0.01250	0.01250	0.00886	0.00625	0.00521	0.00156	0.00573	0.00469	0.00521	0.00886
48	0.04611	0.00592	0.00624	0.00607	0.00753	0.00563	0.00436	0.00981	0.07356	0.01519	0.13572	0.05590	0.41622	0.17735	0.01014	0.00242	0.00330	0.00936	0.00457	0.00458
49	0.00699	0.00532	0.00646	0.00624	0.00756	0.00488	0.00465	0.00891	0.01294	0.01742	0.44380	0.04086	0.28579	0.05130	0.07167	0.00239	0.00358	0.00954	0.00508	0.00464
50	0.85377	0.01007	0.00765	0.00685	0.01007	0.01168	0.00564	0.01531	0.00886	0.02336	0.00725	0.00846	0.00564	0.00483	0.00322	0.00161	0.00403	0.00282	0.00322	0.00564
51	0.01905	0.01387	0.01483	0.01146	0.01541	0.01532	0.00944	0.71147	0.02348	0.03183	0.01283	0.01301	0.00919	0.00624	0.00509	0.00154	0.00549	0.00470	0.06719	0.00856
52	0.00668	0.00477	0.00643	0.00764	0.00809	0.00452	0.00542	0.00784	0.01030	0.01367	0.02852	0.68870	0.03370	0.01600	0.00674	0.00216	0.00331	0.13635	0.00483	0.00432
53	0.00946	0.00490	0.00505	0.00502	0.00620	0.00486	0.00373	0.01182	0.01114	0.01928	0.07947	0.02141	0.01643	0.02858	0.00447	0.00135	0.00250	0.00530	0.75423	0.00481
54	0.00650	0.00464	0.00622	0.00743	0.00780	0.00436	0.00511	0.00752	0.01012	0.01347	0.02862	0.75588	0.03410	0.01617	0.00669	0.00214	0.00316	0.07096	0.00483	0.00427
55	0.00642	0.00464	0.00594	0.00695	0.00737	0.00431	0.00463	0.00730	0.00998	0.01313	0.03011	0.68314	0.10517	0.07466	0.00805	0.00230	0.00313	0.01391	0.00471	0.00417
56	0.01945	0.00901	0.01140	0.00910	0.01262	0.00840	0.00739	0.09405	0.07756	0.52794	0.06052	0.03915	0.08431	0.00751	0.00540	0.00165	0.00424	0.00618	0.00602	0.00811
57	0.01980	0.01459	0.01563	0.01198	0.01615	0.01615	0.00990	0.76713	0.02448	0.03282	0.01250	0.01250	0.00886	0.00625	0.00521	0.00156	0.00573	0.00469	0.00521	0.00886
58	0.01186	0.00983	0.01068	0.00995	0.01247	0.01109	0.00774	0.02345	0.59303	0.03485	0.02375	0.09973	0.05095	0.00879	0.00562	0.00185	0.00402	0.06771	0.00522	0.00743
59	0.01249	0.00884	0.01049	0.00917	0.01115	0.00967	0.00705	0.28394	0.03866	0.03606	0.01496	0.08474	0.01388	0.13023	0.23176	0.07323	0.00754	0.00622	0.00400	0.00594
60	0.01225	0.01175	0.02103	0.08743	0.54604	0.01179	0.13139	0.01513	0.01140	0.01603	0.00981	0.01339	0.00816	0.00574	0.00656	0.07081	0.00651	0.00486	0.00254	0.00738
61	0.01980	0.01459	0.01563	0.01198	0.01615	0.01615	0.00990	0.76713	0.02448	0.03282	0.01250	0.01250	0.00886	0.00625	0.00521	0.00156	0.00573	0.00469	0.00521	0.00886
62	0.01080	0.00926	0.01080	0.00771	0.01234	0.00694	0.00617	0.01311	0.01080	0.01697	0.00926	0.01080	0.00771	0.00386	0.00386	0.00077	0.00386	0.00309	0.00309	0.84882
63	0.01392	0.82012	0.02729	0.00891	0.01337	0.02061	0.00891	0.01559	0.01058	0.01225	0.00724	0.00835	0.00668	0.00446	0.00334	0.00111	0.00557	0.00278	0.00223	0.00668
64	0.85377	0.01007	0.00765	0.00685	0.01007	0.01168	0.00564	0.01531	0.00886	0.02336	0.00725	0.00846	0.00564	0.00483	0.00322	0.00161	0.00403	0.00282	0.00322	0.00564
65	0.01032	0.05968	0.60359	0.01400	0.03253	0.01172	0.03769	0.01547	0.01132	0.01660	0.09021	0.02932	0.01165	0.00583	0.00539	0.00165	0.02847	0.00469	0.00264	0.00723
66	0.02307	0.00933	0.01237	0.00949	0.01353	0.00835	0.00784	0.08600	0.01569	0.72638	0.01989	0.01730	0.01256	0.00643	0.00523	0.00161	0.00454	0.00519	0.00634	0.00886
67	0.00650	0.00535	0.00573	0.00592	0.00752	0.00463	0.00456	0.00792	0.01171	0.01414	0.04768	0.07114	0.63909	0.03601	0.00688	0.00195	0.00301	0.11107	0.00478	0.00441
68	0.01089	0.01026	0.01800	0.57824	0.15921	0.01178	0.09122	0.01436	0.01095	0.03148	0.00973	0.01382	0.00739	0.00506	0.00529	0.00170	0.00695	0.00480	0.00248	0.00639
69	0.01209	0.01219	0.02259	0.14245	0.44135	0.01227	0.22529	0.01556	0.01177	0.01629	0.01107	0.01435	0.02855	0.00488	0.00547	0.00164	0.00693	0.00523	0.00261	0.00744
70	0.01013	0.00957	0.01319	0.01247	0.04741	0.03260	0.00964	0.01156	0.00861	0.01268	0.01082	0.07955	0.01092	0.01793	0.23738	0.00394	0.45789	0.00566	0.00266	0.00540
71	0.85377	0.01007	0.00765	0.00685	0.01007	0.01168	0.00564	0.01531	0.00886	0.02336	0.00725	0.00846	0.00564	0.00483	0.00322	0.00161	0.00403	0.00282	0.00322	0.00564
72	0.00749	0.00502	0.00570	0.00578	0.00580	0.00500	0.00326	0.00755	0.00773	0.01030	0.01720	0.08433	0.01993	0.76537	0.02523	0.00486	0.00492	0.00804	0.00326	0.00322
73	0.00777	0.00522	0.00590	0.00588	0.00598	0.00524	0.00337	0.02342	0.00803	0.01072	0.01688	0.06851	0.01942	0.76422	0.02517	0.00484	0.00497	0.00784	0.00327	0.00332
74	0.00897	0.00780	0.01118	0.01029	0.01082	0.01009	0.00824	0.01047	0.00818	0.01217	0.01131	0.01758	0.01090	0.06323	0.45985	0.00586	0.32017	0.00528	0.00261	0.00499
75	0.72002	0.01240	0.11679	0.00801	0.01187	0.01166	0.00757	0.01567	0.00928	0.03732	0.00780	0.00899	0.00591	0.00488	0.00350	0.00162	0.00455	0.00301	0.00314	0.00599
76	0.00905	0.00452	0.00678	0.00678	0.00678	0.00452	0.00452	0.00678	0.00678	0.00905	0.00905	0.01583	0.00905	0.01809	0.02035	0.84848	0.00452	0.00452	0.00226	0.00226
77	0.01351	0.01146	0.01209	0.01071	0.01375	0.01321	0.00838	0.08810	0.71375	0.02269	0.02049	0.01886	0.01532	0.00700	0.00529	0.00175	0.00425	0.00579	0.00529	0.00829
78	0.01299	0.00777	0.00964	0.00788	0.01099	0.00648	0.00609	0.02926	0.01209	0.22601	0.04964	0.18137	0.05442	0.04013	0.00593	0.00154	0.00381	0.00692	0.00459	0.32246
79	0.00688	0.00460	0.00619	0.00713	0.00743	0.00435	0.00479	0.00726	0.00945	0.01255	0.02560	0.61911	0.04888	0.03898	0.00954	0.14660	0.00336	0.02907	0.00435	0.00388
80	0.01295	0.01119	0.01178	0.01060	0.01354	0.01295	0.00824	0.02767	0.77509	0.02178	0.02120	0.01943	0.01590	0.00707	0.00530	0.00177	0.00412	0.00589	0.00530	0.00824
81	0.00730	0.00498	0.00662	0.00733	0.00784	0.00480	0.00517	0.00836	0.02502	0.01386	0.11696	0.44413	0.03079	0.08087	0.01002	0.11148	0.00355	0.10232	0.00448	0.00412
82	0.00644	0.00524	0.00571	0.00570	0.00724	0.00450	0.00423	0.00799	0.01239	0.01555	0.21572	0.09976	0.56570	0.01283	0.00619	0.00176	0.00262	0.01090	0.00504	0.00450
83	0.01080	0.00926	0.01080	0.00771	0.01234	0.00694	0.00617	0.01311	0.01080	0.01697	0.00926	0.01080	0.00771	0.00386	0.00386	0.00077	0.00386	0.00309	0.00309	0.84882
84	0.00747	0.00545	0.00704	0.00662	0.00790	0.00508	0.00497	0.01018	0.03172	0.02078	0.75117	0.03867	0.06202	0.01061	0.00612	0.00164	0.00250	0.00937	0.00571	0.00498
85	0.00702	0.00515	0.00606	0.00633	0.00750	0.00469	0.00468	0.00862	0.01182	0.01575	0.19651	0.20266	0.30335	0.05189	0.00713	0.00198	0.00297	0.07775	0.07368	0.00449
86	0.01202	0.00823	0.00969	0.00896	0.01084	0.00860	0.00692	0.18904	0.08626	0.07645	0.05106	0.18477	0.02214	0.15161	0.00963	0.00246	0.00453	0.14601	0.00482	0.00598
87	0.01945	0.02482	0.01476	0.01342	0.01610	0.79608	0.01006	0.02079	0.01476	0.01275	0.00805	0.00939	0.00671	0.00537	0.00470	0.00134	0.00939	0.00335	0.00268	0.00604
88	0.02329	0.00897	0.01215	0.00932	0.01335	0.00782	0.00770	0.03993	0.01509	0.77328	0.02039	0.01762	0.01281	0.00644	0.00524	0.00161	0.00446	0.00523	0.00642	0.00886
89	0.00741	0.00510	0.00648	0.00664	0.00745	0.00475	0.00461	0.00886	0.01179	0.03597	0.34229	0.29672	0.07803	0.14834	0.00972	0.00238	0.00314	0.01088	0.00497	0.00446
