[name]
unknown

[dist]
# distance from previous block
# <min> <max>
5	88

[block]
# block no. 0 follows, 43 sequences, length 8
# corresponding to MSA columns:
# 89-96
name=unknown_A
#
# <colnr> <probs for GDERKNQSTAVLIFYWHMCP>
#	G	D	E	R	K	N	Q	S	T	A	V	L	I	F	Y	W	H	M	C	P
0	0.00760	0.00558	0.00700	0.00776	0.00858	0.00529	0.00545	0.04639	0.01202	0.01584	0.07123	0.59234	0.13264	0.01596	0.00692	0.00215	0.00335	0.04384	0.00521	0.00484
1	0.01355	0.01009	0.01049	0.00920	0.01177	0.05655	0.00708	0.14338	0.15020	0.10609	0.11698	0.08099	0.18440	0.06479	0.00753	0.00204	0.00449	0.00819	0.00534	0.00684
2	0.04534	0.00837	0.01295	0.35837	0.02292	0.00941	0.05368	0.01267	0.01153	0.01639	0.10893	0.13536	0.01845	0.03794	0.00676	0.00195	0.02155	0.00726	0.07914	0.03104
3	0.04160	0.01200	0.01320	0.01080	0.01431	0.01300	0.00866	0.33670	0.18954	0.13136	0.01989	0.02014	0.06851	0.04877	0.04395	0.00227	0.00560	0.00599	0.00542	0.00830
4	0.01792	0.01339	0.01603	0.01247	0.01624	0.01447	0.05488	0.48132	0.02046	0.05882	0.01327	0.04697	0.01043	0.00774	0.00744	0.05100	0.06541	0.00539	0.00479	0.08155
5	0.00851	0.00642	0.00749	0.00768	0.00889	0.00628	0.00545	0.07246	0.05629	0.01678	0.07657	0.40878	0.19593	0.08535	0.00860	0.00234	0.00359	0.01235	0.00510	0.00515
6	0.01801	0.01315	0.05338	0.05902	0.01672	0.01312	0.00991	0.39562	0.05833	0.13911	0.01582	0.05929	0.01220	0.03192	0.00619	0.00179	0.00557	0.00572	0.04155	0.04361
7	0.01480	0.01121	0.01165	0.00971	0.01261	0.03583	0.00760	0.36134	0.05028	0.02476	0.02244	0.07513	0.13701	0.09451	0.00804	0.00208	0.00497	0.00710	0.07835	0.03057

[dist]
# distance from previous block
# <min> <max>
28	95

[block]
# block no. 1 follows, 43 sequences, length 16
# corresponding to MSA columns:
# 214-229
name=unknown_B
#
# <colnr> <probs for GDERKNQSTAVLIFYWHMCP>
#	G	D	E	R	K	N	Q	S	T	A	V	L	I	F	Y	W	H	M	C	P
0	0.01369	0.10133	0.15855	0.01125	0.01533	0.01158	0.04244	0.07185	0.13447	0.12077	0.05809	0.10862	0.02709	0.04203	0.02330	0.00203	0.00566	0.00663	0.00440	0.04088
1	0.01540	0.14086	0.34586	0.01261	0.01846	0.01334	0.01380	0.10201	0.04186	0.16684	0.01367	0.04764	0.01030	0.00623	0.00516	0.00165	0.00646	0.00488	0.00386	0.02912
2	0.08847	0.04029	0.14725	0.01040	0.01454	0.03656	0.02840	0.12104	0.03758	0.05495	0.02022	0.08177	0.13086	0.03527	0.00609	0.00176	0.00533	0.00640	0.00408	0.12875
3	0.04823	0.20579	0.15900	0.01106	0.01615	0.03791	0.01078	0.11792	0.08276	0.06182	0.01153	0.01226	0.00887	0.00537	0.00461	0.00140	0.00582	0.00399	0.00360	0.19113
4	0.03858	0.19513	0.29820	0.01252	0.01826	0.06995	0.03085	0.09605	0.01351	0.04635	0.01030	0.01159	0.00787	0.00526	0.00471	0.00147	0.00676	0.00391	0.02416	0.10456
5	0.05462	0.17672	0.24197	0.03733	0.01657	0.03234	0.01161	0.03566	0.05888	0.05196	0.04772	0.01588	0.02458	0.04191	0.03089	0.00194	0.00629	0.00468	0.04210	0.06634
6	0.01360	0.11209	0.12464	0.01358	0.08161	0.01301	0.04957	0.17633	0.07961	0.02064	0.01478	0.12569	0.01345	0.03672	0.00620	0.00177	0.00578	0.00624	0.00393	0.10078
7	0.08313	0.03937	0.02980	0.01390	0.07902	0.09155	0.06555	0.26343	0.06022	0.06471	0.01501	0.08039	0.02973	0.00705	0.00540	0.00167	0.00606	0.00579	0.00441	0.05382
8	0.01369	0.04809	0.10399	0.11089	0.24884	0.08576	0.05114	0.09092	0.03783	0.01897	0.07205	0.04040	0.01284	0.00623	0.00549	0.00166	0.00666	0.00545	0.00340	0.03570
9	0.01372	0.57159	0.04193	0.00971	0.01375	0.05403	0.00921	0.01561	0.01165	0.01410	0.05997	0.03678	0.03697	0.00615	0.00486	0.00135	0.04708	0.00427	0.00286	0.04439
10	0.01524	0.01290	0.01351	0.04064	0.03201	0.05671	0.00935	0.13683	0.48901	0.04751	0.01972	0.01878	0.03007	0.00711	0.00552	0.00176	0.00508	0.00579	0.00520	0.04726
11	0.00766	0.00565	0.00716	0.00678	0.00817	0.00515	0.00509	0.01011	0.01527	0.02123	0.67212	0.04298	0.14864	0.01169	0.00653	0.00176	0.00264	0.01024	0.00597	0.00515
12	0.01225	0.02336	0.52838	0.04475	0.11413	0.01294	0.07919	0.01762	0.01194	0.05258	0.01053	0.01266	0.00768	0.00546	0.00600	0.00178	0.04349	0.00453	0.00264	0.00809
13	0.03060	0.08064	0.31911	0.04125	0.04475	0.05495	0.14104	0.01716	0.03518	0.01646	0.00976	0.01241	0.00767	0.00606	0.00779	0.00184	0.15866	0.00464	0.00261	0.00741
14	0.00673	0.00489	0.00636	0.00754	0.00799	0.00451	0.00506	0.00773	0.01077	0.01421	0.03267	0.73901	0.09799	0.01707	0.00703	0.00222	0.00318	0.01540	0.00514	0.00451
15	0.00675	0.00482	0.00643	0.00771	0.00803	0.00450	0.00514	0.00771	0.01060	0.01414	0.03053	0.80175	0.03663	0.01735	0.00707	0.00225	0.00321	0.01574	0.00514	0.00450

[dist]
# distance from previous block
# <min> <max>
2	15

[block]
# block no. 2 follows, 43 sequences, length 15
# corresponding to MSA columns:
# 245-259
name=unknown_C
#
# <colnr> <probs for GDERKNQSTAVLIFYWHMCP>
#	G	D	E	R	K	N	Q	S	T	A	V	L	I	F	Y	W	H	M	C	P
0	0.11310	0.45273	0.11059	0.01095	0.03647	0.07080	0.01039	0.03857	0.01226	0.03861	0.05294	0.01175	0.00990	0.00542	0.00418	0.00141	0.00607	0.00374	0.00298	0.00713
1	0.08647	0.41690	0.04319	0.22173	0.05423	0.01719	0.01137	0.03268	0.01163	0.04601	0.00916	0.01127	0.00747	0.00514	0.00434	0.00148	0.00622	0.00376	0.00275	0.00700
2	0.01000	0.00690	0.00860	0.03291	0.01047	0.00666	0.00625	0.04268	0.06029	0.07996	0.45476	0.03944	0.15768	0.01102	0.00639	0.00181	0.00335	0.04917	0.00578	0.00587
3	0.10824	0.09240	0.04008	0.07772	0.01706	0.01403	0.03139	0.21212	0.14981	0.08570	0.03014	0.03930	0.01187	0.00665	0.00541	0.00169	0.02189	0.00521	0.00450	0.04479
4	0.05606	0.01280	0.01784	0.32084	0.15533	0.04782	0.06040	0.16182	0.07623	0.02040	0.01159	0.01429	0.00879	0.00575	0.00547	0.00175	0.00683	0.00499	0.00346	0.00755
5	0.00717	0.00507	0.00666	0.00777	0.00816	0.00483	0.00533	0.00819	0.01050	0.01396	0.02862	0.61373	0.03386	0.12372	0.00999	0.00271	0.00372	0.09672	0.00489	0.00441
6	0.00892	0.00637	0.00892	0.01020	0.01147	0.00637	0.00892	0.01147	0.01275	0.01657	0.02932	0.06247	0.03187	0.01530	0.00765	0.00255	0.00510	0.73354	0.00510	0.00510
7	0.01371	0.01316	0.02248	0.03399	0.77081	0.01316	0.01700	0.01700	0.01261	0.01809	0.01042	0.01371	0.00877	0.00493	0.00548	0.00164	0.00658	0.00493	0.00274	0.00877
8	0.00871	0.00622	0.00867	0.00995	0.01113	0.00619	0.00855	0.01110	0.01253	0.01633	0.02944	0.13658	0.03235	0.01550	0.00759	0.00252	0.00491	0.66158	0.00510	0.00504
9	0.01170	0.07704	0.59341	0.01674	0.02423	0.01366	0.15175	0.01751	0.01191	0.01728	0.01002	0.01210	0.00727	0.00512	0.00538	0.00174	0.00825	0.00446	0.00242	0.00799
10	0.01046	0.00984	0.01661	0.79205	0.03814	0.01230	0.01538	0.01415	0.01107	0.01415	0.00984	0.01477	0.00738	0.00554	0.00554	0.00185	0.00738	0.00492	0.00246	0.00615
11	0.01139	0.01058	0.01750	0.64537	0.14756	0.01264	0.01542	0.04543	0.01193	0.01561	0.01007	0.01454	0.00768	0.00549	0.00553	0.00181	0.00721	0.00493	0.00263	0.00668
12	0.01631	0.01075	0.01255	0.04915	0.01473	0.01074	0.00821	0.24735	0.06209	0.15297	0.01624	0.07405	0.01297	0.02561	0.00573	0.00161	0.00483	0.00568	0.08374	0.18468
13	0.04242	0.20707	0.17764	0.03095	0.01596	0.05582	0.01104	0.11921	0.03544	0.03545	0.06237	0.08651	0.05703	0.00774	0.00523	0.00167	0.00591	0.03165	0.00379	0.00711
14	0.11995	0.03893	0.02341	0.00860	0.01114	0.03347	0.00681	0.04560	0.09247	0.06153	0.06988	0.17979	0.07284	0.03261	0.03114	0.00207	0.00458	0.03308	0.04145	0.09064

[dist]
# distance from previous block
# <min> <max>
1	22

[block]
# block no. 3 follows, 43 sequences, length 14
# corresponding to MSA columns:
# 282-295
name=unknown_D
#
# <colnr> <probs for GDERKNQSTAVLIFYWHMCP>
#	G	D	E	R	K	N	Q	S	T	A	V	L	I	F	Y	W	H	M	C	P
0	0.14009	0.02811	0.01636	0.27099	0.06034	0.02966	0.10173	0.06567	0.01285	0.05104	0.08662	0.03389	0.01293	0.00640	0.00581	0.00176	0.03387	0.00548	0.00352	0.03286
1	0.34416	0.06642	0.10942	0.09046	0.05666	0.03932	0.01029	0.09580	0.02882	0.02192	0.04249	0.01244	0.00925	0.00561	0.00449	0.00164	0.00563	0.00406	0.00345	0.04766
2	0.01171	0.01090	0.01794	0.60892	0.05756	0.01310	0.06653	0.07599	0.01238	0.01621	0.01011	0.01448	0.00766	0.00577	0.00626	0.00186	0.04823	0.00504	0.00275	0.00659
3	0.00967	0.00483	0.00707	0.00707	0.00716	0.00483	0.00474	0.00761	0.00752	0.01039	0.01021	0.01710	0.00994	0.01834	0.02040	0.78001	0.00465	0.00483	0.06099	0.00260
4	0.00805	0.00537	0.00604	0.00604	0.00604	0.00537	0.00336	0.00805	0.00805	0.01074	0.01745	0.03624	0.02013	0.80536	0.02819	0.00537	0.00537	0.00805	0.00336	0.00336
5	0.01148	0.00984	0.01148	0.00820	0.01312	0.00738	0.00656	0.01395	0.01148	0.01805	0.00984	0.01148	0.00820	0.00410	0.00410	0.00082	0.00410	0.00328	0.00328	0.83922
6	0.00791	0.00593	0.00890	0.00890	0.00989	0.00692	0.00692	0.00989	0.00890	0.01286	0.01483	0.02176	0.01385	0.04154	0.78341	0.00890	0.01483	0.00593	0.00297	0.00494
7	0.00769	0.00762	0.07195	0.05989	0.01172	0.00650	0.00750	0.00932	0.01066	0.01440	0.02689	0.60802	0.05630	0.01497	0.00750	0.00218	0.05409	0.01323	0.00456	0.00502
8	0.01574	0.68451	0.02691	0.01024	0.01468	0.14275	0.00967	0.01746	0.01196	0.01311	0.00784	0.00906	0.00711	0.00489	0.00378	0.00122	0.00657	0.00306	0.00245	0.00700
9	0.01314	0.01053	0.03223	0.28676	0.18246	0.01085	0.05097	0.04792	0.01300	0.12040	0.04179	0.10726	0.01457	0.00753	0.00587	0.00185	0.00618	0.03575	0.00381	0.00714
10	0.00882	0.00550	0.00637	0.00627	0.00672	0.00551	0.00392	0.00956	0.00930	0.03358	0.06125	0.03272	0.02050	0.56415	0.07568	0.00470	0.00544	0.00752	0.12847	0.00401
11	0.01256	0.01164	0.01814	0.37519	0.30881	0.03172	0.01483	0.07511	0.01295	0.01730	0.01162	0.06401	0.00992	0.00615	0.00560	0.00177	0.00678	0.00558	0.00300	0.00730
12	0.04416	0.00830	0.00938	0.00800	0.01064	0.00832	0.00629	0.09483	0.09214	0.18853	0.08354	0.02102	0.01686	0.03147	0.00557	0.00165	0.00381	0.00571	0.32183	0.03794
13	0.59231	0.01123	0.01108	0.09901	0.01535	0.03904	0.04388	0.01744	0.01069	0.10205	0.00965	0.01103	0.00713	0.00536	0.00410	0.00173	0.00513	0.00368	0.00363	0.00646

[dist]
# distance from previous block
# <min> <max>
1	5

[block]
# block no. 4 follows, 43 sequences, length 70
# corresponding to MSA columns:
# 301-370
name=unknown_E
#
# <colnr> <probs for GDERKNQSTAVLIFYWHMCP>
#	G	D	E	R	K	N	Q	S	T	A	V	L	I	F	Y	W	H	M	C	P
0	0.03500	0.04242	0.04250	0.00917	0.01196	0.00899	0.00762	0.08565	0.08888	0.17255	0.27779	0.08178	0.04729	0.01031	0.02537	0.00196	0.00439	0.03384	0.00557	0.00695
1	0.01199	0.08204	0.13329	0.01097	0.01380	0.03090	0.01010	0.09955	0.01251	0.03706	0.08500	0.01869	0.01447	0.04674	0.21603	0.02066	0.11571	0.00549	0.02863	0.00639
2	0.00689	0.00493	0.00655	0.00762	0.00806	0.00459	0.00515	0.00807	0.01126	0.01518	0.12618	0.70311	0.03866	0.01657	0.00700	0.00218	0.00314	0.01500	0.00527	0.00459
3	0.03959	0.01696	0.05183	0.03093	0.01703	0.16298	0.01054	0.33468	0.23124	0.02588	0.01462	0.01460	0.01085	0.00658	0.00539	0.00169	0.00644	0.00498	0.00477	0.00843
4	0.04228	0.01539	0.01640	0.01260	0.01701	0.01705	0.01041	0.73337	0.02561	0.03464	0.01315	0.01319	0.00933	0.00661	0.00549	0.00166	0.00605	0.00494	0.00549	0.00933
5	0.18431	0.04816	0.03311	0.22393	0.02138	0.07311	0.05395	0.10967	0.01383	0.13198	0.01214	0.02978	0.00909	0.00598	0.00502	0.00171	0.00626	0.00475	0.02469	0.00714
6	0.01120	0.02804	0.74345	0.01612	0.02419	0.01291	0.05307	0.01755	0.01175	0.01755	0.01000	0.01184	0.00708	0.00524	0.00532	0.00176	0.00824	0.00420	0.00236	0.00815
7	0.00751	0.00565	0.00695	0.00662	0.00807	0.00509	0.00497	0.00981	0.01490	0.02036	0.58625	0.04441	0.23505	0.01201	0.00654	0.00177	0.00266	0.01044	0.00585	0.00509
8	0.00689	0.00513	0.00642	0.00715	0.00796	0.00466	0.00496	0.00823	0.01189	0.01569	0.16220	0.51589	0.19144	0.01563	0.00687	0.00208	0.00303	0.01392	0.00531	0.00466
9	0.01197	0.13534	0.65408	0.01476	0.02237	0.01398	0.01863	0.01765	0.01174	0.03660	0.00994	0.01149	0.00720	0.00523	0.00504	0.00167	0.00778	0.00398	0.00246	0.00807
10	0.02144	0.00898	0.01198	0.00943	0.01316	0.00799	0.00769	0.05623	0.01627	0.59842	0.16345	0.02289	0.02085	0.00770	0.00575	0.00172	0.00437	0.00639	0.00665	0.00863
11	0.00731	0.00525	0.00695	0.00749	0.00828	0.00489	0.00533	0.00905	0.01288	0.01773	0.34942	0.44316	0.04320	0.01466	0.00686	0.00204	0.00303	0.04209	0.00555	0.00484
12	0.06882	0.24893	0.16089	0.01187	0.01666	0.13771	0.01145	0.11344	0.07068	0.09333	0.01148	0.01202	0.00871	0.00568	0.00470	0.00153	0.00667	0.00403	0.00360	0.00778
13	0.01277	0.01114	0.01214	0.00890	0.01368	0.04578	0.00711	0.07952	0.01297	0.01932	0.01009	0.01157	0.00826	0.00440	0.00427	0.00092	0.00456	0.00345	0.00346	0.72568
14	0.00912	0.00711	0.00980	0.00935	0.01030	0.00840	0.00731	0.03742	0.01044	0.01523	0.07471	0.09811	0.03556	0.02695	0.41414	0.00561	0.14063	0.00707	0.06745	0.00528
15	0.00681	0.00561	0.00603	0.00629	0.00795	0.00483	0.00479	0.00829	0.01244	0.01505	0.05083	0.12715	0.62077	0.01448	0.00671	0.00198	0.00308	0.08705	0.00514	0.00470
16	0.00935	0.00673	0.00882	0.00960	0.01085	0.00678	0.00779	0.08159	0.01330	0.01751	0.02819	0.30905	0.03133	0.01516	0.00725	0.00236	0.00455	0.41931	0.00516	0.00531
17	0.01287	0.40046	0.42030	0.01278	0.01932	0.01718	0.01523	0.01708	0.01148	0.01539	0.00887	0.01035	0.00706	0.00501	0.00445	0.00148	0.00711	0.00355	0.00235	0.00767
18	0.01396	0.07492	0.15118	0.01047	0.01455	0.01091	0.00988	0.13250	0.06804	0.12148	0.21601	0.04989	0.02223	0.00777	0.00555	0.00164	0.00497	0.00643	0.00485	0.07276
19	0.01046	0.00984	0.01661	0.79205	0.03814	0.01230	0.01538	0.01415	0.01107	0.01415	0.00984	0.01477	0.00738	0.00554	0.00554	0.00185	0.00738	0.00492	0.00246	0.00615
20	0.01333	0.01227	0.02010	0.14876	0.55176	0.01280	0.01548	0.05062	0.04284	0.01802	0.01091	0.01430	0.00896	0.00595	0.00634	0.04507	0.00650	0.00498	0.00293	0.00806
21	0.01228	0.18259	0.53493	0.05459	0.02222	0.01494	0.01735	0.04988	0.01213	0.01713	0.00957	0.01137	0.00717	0.00534	0.00527	0.00166	0.02725	0.00397	0.00250	0.00787
22	0.01072	0.01011	0.01708	0.73185	0.09633	0.01237	0.01551	0.01438	0.01120	0.01446	0.00989	0.01468	0.00749	0.00549	0.00553	0.00183	0.00732	0.00492	0.00248	0.00636
23	0.00780	0.00552	0.00633	0.00655	0.00711	0.00532	0.00431	0.00845	0.00970	0.01249	0.02744	0.07565	0.17583	0.50934	0.02025	0.00416	0.00472	0.10112	0.00402	0.00390
24	0.07538	0.01119	0.05067	0.49379	0.15141	0.01206	0.03155	0.01517	0.01154	0.03569	0.02488	0.01635	0.00939	0.00587	0.00547	0.00182	0.00686	0.03133	0.00286	0.00671
25	0.01513	0.05169	0.01759	0.33047	0.06175	0.25766	0.03149	0.07900	0.01373	0.01587	0.00950	0.01262	0.00755	0.00591	0.00626	0.00170	0.06806	0.00445	0.00286	0.00671
26	0.01573	0.00742	0.00986	0.00825	0.01098	0.00656	0.00654	0.01806	0.01561	0.37374	0.38457	0.03142	0.06888	0.00936	0.00608	0.00173	0.00360	0.00802	0.00641	0.00716
27	0.00837	0.00578	0.00757	0.00706	0.00846	0.00532	0.00532	0.01097	0.01568	0.04581	0.74450	0.04066	0.05105	0.01118	0.00650	0.00174	0.00268	0.00988	0.00612	0.00536
28	0.02991	0.04974	0.17189	0.20844	0.21286	0.05609	0.05756	0.01711	0.01237	0.07024	0.01182	0.01621	0.00948	0.00589	0.00549	0.00175	0.00716	0.04544	0.00302	0.00752
29	0.02027	0.02480	0.01583	0.01416	0.01699	0.68324	0.01076	0.07908	0.01613	0.01522	0.00887	0.01036	0.00732	0.00599	0.00572	0.00150	0.05034	0.00374	0.00304	0.00664
30	0.01046	0.00984	0.01661	0.79205	0.03814	0.01230	0.01538	0.01415	0.01107	0.01415	0.00984	0.01477	0.00738	0.00554	0.00554	0.00185	0.00738	0.00492	0.00246	0.00615
31	0.01982	0.01490	0.01593	0.01249	0.01671	0.01660	0.01023	0.62989	0.15050	0.03292	0.01486	0.01454	0.01069	0.00679	0.00556	0.00170	0.00580	0.00520	0.00556	0.00931
32	0.00792	0.00590	0.00870	0.00870	0.00963	0.00682	0.00668	0.00976	0.00884	0.01271	0.01501	0.02275	0.01428	0.09386	0.73168	0.00866	0.01419	0.00608	0.00299	0.00484
33	0.04704	0.01468	0.01594	0.01225	0.01664	0.01602	0.01012	0.64848	0.02439	0.11722	0.01408	0.01378	0.00979	0.00662	0.00548	0.00167	0.00588	0.00499	0.00562	0.00931
34	0.00778	0.00566	0.00732	0.00690	0.00824	0.00520	0.00518	0.01033	0.01553	0.02186	0.73346	0.04195	0.08691	0.01145	0.00653	0.00175	0.00262	0.01010	0.00605	0.00520
35	0.01130	0.00610	0.00621	0.00585	0.00743	0.00626	0.00448	0.08025	0.01293	0.02195	0.01763	0.01998	0.01376	0.00647	0.00402	0.00132	0.00290	0.00515	0.76046	0.00555
36	0.00683	0.00488	0.00652	0.00780	0.00816	0.00457	0.00528	0.00785	0.01068	0.01423	0.03048	0.77492	0.03646	0.01728	0.00709	0.00226	0.00328	0.04180	0.00514	0.00452
37	0.00784	0.00566	0.00740	0.00697	0.00827	0.00523	0.00523	0.01045	0.01568	0.02221	0.76789	0.04137	0.05226	0.01132	0.00653	0.00174	0.00261	0.01002	0.00610	0.00523
38	0.00784	0.00566	0.00740	0.00697	0.00827	0.00523	0.00523	0.01045	0.01568	0.02221	0.76789	0.04137	0.05226	0.01132	0.00653	0.00174	0.00261	0.01002	0.00610	0.00523
39	0.01111	0.02865	0.77667	0.01579	0.02397	0.01286	0.02046	0.01754	0.01169	0.01754	0.00994	0.01169	0.00702	0.00526	0.00526	0.00175	0.00818	0.00409	0.00234	0.00818
40	0.84448	0.01071	0.00814	0.00728	0.01071	0.01242	0.00600	0.01628	0.00943	0.02485	0.00771	0.00900	0.00600	0.00514	0.00343	0.00171	0.00428	0.00300	0.00343	0.00600
41	0.00675	0.00482	0.00643	0.00771	0.00803	0.00450	0.00514	0.00771	0.01060	0.01414	0.03053	0.80175	0.03663	0.01735	0.00707	0.00225	0.00321	0.01574	0.00514	0.00450
42	0.05296	0.01254	0.01317	0.01079	0.01429	0.01397	0.00870	0.40009	0.21687	0.02887	0.01633	0.01634	0.01208	0.00678	0.00518	0.00166	0.00495	0.00527	0.15082	0.00835
43	0.01481	0.80869	0.02902	0.00948	0.01421	0.02191	0.00948	0.01658	0.01125	0.01303	0.00770	0.00888	0.00711	0.00474	0.00355	0.00118	0.00592	0.00296	0.00237	0.00711
44	0.00810	0.00559	0.00644	0.00632	0.00667	0.00553	0.00379	0.00841	0.00846	0.01137	0.01876	0.03499	0.05389	0.67943	0.08581	0.00532	0.00595	0.00788	0.00341	0.03388
45	0.84448	0.01071	0.00814	0.00728	0.01071	0.01242	0.00600	0.01628	0.00943	0.02485	0.00771	0.00900	0.00600	0.00514	0.00343	0.00171	0.00428	0.00300	0.00343	0.00600
46	0.02069	0.02640	0.01569	0.01427	0.01712	0.78313	0.01070	0.02212	0.01569	0.01355	0.00856	0.00999	0.00713	0.00571	0.00499	0.00143	0.00999	0.00357	0.00285	0.00642
47	0.00763	0.00565	0.00712	0.00675	0.00815	0.00514	0.00506	0.01005	0.01519	0.02105	0.65417	0.04328	0.16670	0.01175	0.00653	0.00176	0.00264	0.01028	0.00594	0.00514
48	0.02105	0.01551	0.01662	0.01274	0.01717	0.01717	0.01053	0.75235	0.02604	0.03490	0.01330	0.01330	0.00942	0.00665	0.00554	0.00166	0.00609	0.00499	0.00554	0.00942
49	0.02485	0.00943	0.01285	0.00985	0.01414	0.00814	0.00814	0.02699	0.01585	0.77465	0.02185	0.01885	0.01371	0.00685	0.00557	0.00171	0.00471	0.00557	0.00685	0.00943
50	0.01997	0.00928	0.01187	0.00963	0.01322	0.00872	0.00776	0.02472	0.15655	0.51034	0.12842	0.02309	0.03532	0.00776	0.00574	0.00175	0.00431	0.00646	0.00648	0.00861
51	0.00808	0.00535	0.00603	0.00607	0.00611	0.00534	0.00343	0.00819	0.00824	0.01114	0.01787	0.05953	0.02047	0.75675	0.02680	0.00515	0.00522	0.00821	0.02858	0.00345
52	0.01046	0.00984	0.01661	0.79205	0.03814	0.01230	0.01538	0.01415	0.01107	0.01415	0.00984	0.01477	0.00738	0.00554	0.00554	0.00185	0.00738	0.00492	0.00246	0.00615
53	0.02105	0.01551	0.01662	0.01274	0.01717	0.01717	0.01053	0.75235	0.02604	0.03490	0.01330	0.01330	0.00942	0.00665	0.00554	0.00166	0.00609	0.00499	0.00554	0.00942
54	0.02485	0.00943	0.01285	0.00985	0.01414	0.00814	0.00814	0.02699	0.01585	0.77465	0.02185	0.01885	0.01371	0.00685	0.00557	0.00171	0.00471	0.00557	0.00685	0.00943
55	0.01481	0.80869	0.02902	0.00948	0.01421	0.02191	0.00948	0.01658	0.01125	0.01303	0.00770	0.00888	0.00711	0.00474	0.00355	0.00118	0.00592	0.00296	0.00237	0.00711
56	0.02485	0.00943	0.01285	0.00985	0.01414	0.00814	0.00814	0.02699	0.01585	0.77465	0.02185	0.01885	0.01371	0.00685	0.00557	0.00171	0.00471	0.00557	0.00685	0.00943
57	0.00675	0.00482	0.00643	0.00771	0.00803	0.00450	0.00514	0.00771	0.01060	0.01414	0.03053	0.80175	0.03663	0.01735	0.00707	0.00225	0.00321	0.01574	0.00514	0.00450
58	0.84448	0.01071	0.00814	0.00728	0.01071	0.01242	0.00600	0.01628	0.00943	0.02485	0.00771	0.00900	0.00600	0.00514	0.00343	0.00171	0.00428	0.00300	0.00343	0.00600
59	0.00726	0.00553	0.00621	0.00615	0.00734	0.00498	0.00429	0.00860	0.01216	0.01570	0.22592	0.07782	0.36639	0.21353	0.01204	0.00274	0.00342	0.01052	0.00493	0.00447
60	0.01307	0.01494	0.03268	0.02334	0.02894	0.01401	0.75070	0.01774	0.01307	0.01774	0.01120	0.01494	0.00840	0.00467	0.00654	0.00187	0.00934	0.00654	0.00280	0.00747
61	0.02105	0.01551	0.01662	0.01274	0.01717	0.01717	0.01053	0.75235	0.02604	0.03490	0.01330	0.01330	0.00942	0.00665	0.00554	0.00166	0.00609	0.00499	0.00554	0.00942
62	0.00857	0.00580	0.00757	0.00710	0.00852	0.00532	0.00533	0.01105	0.01537	0.05803	0.67736	0.07459	0.07135	0.01146	0.00651	0.00177	0.00275	0.01011	0.00606	0.00538
63	0.01212	0.01212	0.01696	0.01454	0.01454	0.01696	0.01212	0.01333	0.00848	0.01333	0.00727	0.01212	0.00727	0.00969	0.01818	0.00242	0.79523	0.00485	0.00242	0.00606
64	0.00784	0.00566	0.00740	0.00697	0.00827	0.00523	0.00523	0.01045	0.01568	0.02221	0.76789	0.04137	0.05226	0.01132	0.00653	0.00174	0.00261	0.01002	0.00610	0.00523
65	0.00746	0.00561	0.00690	0.00665	0.00806	0.00505	0.00496	0.00968	0.01467	0.01998	0.55164	0.07743	0.23703	0.01228	0.00656	0.00180	0.00269	0.01070	0.00581	0.00505
66	0.02145	0.01447	0.01592	0.01225	0.01663	0.01568	0.01011	0.61971	0.04447	0.14977	0.01488	0.01436	0.01029	0.00670	0.00555	0.00168	0.00583	0.00511	0.00575	0.00940
67	0.05184	0.00724	0.00728	0.00712	0.02802	0.02637	0.00522	0.08278	0.01298	0.02153	0.01787	0.04788	0.03162	0.00688	0.00426	0.00140	0.00334	0.00550	0.60831	0.02257
68	0.05195	0.69229	0.07138	0.00996	0.01476	0.05495	0.01002	0.01687	0.01140	0.01385	0.00787	0.00910	0.00705	0.00483	0.00371	0.00125	0.00616	0.00306	0.00244	0.00709
69	0.03888	0.03756	0.01564	0.01209	0.01606	0.12559	0.00984	0.50210	0.04034	0.08068	0.01342	0.01358	0.00970	0.00645	0.00527	0.00160	0.00627	0.00476	0.05156	0.00859

[dist]
# distance from previous block
# <min> <max>
0	1

[block]
# block no. 5 follows, 43 sequences, length 48
# corresponding to MSA columns:
# 372-419
name=unknown_F
#
# <colnr> <probs for GDERKNQSTAVLIFYWHMCP>
#	G	D	E	R	K	N	Q	S	T	A	V	L	I	F	Y	W	H	M	C	P
0	0.01356	0.01312	0.02272	0.06141	0.71072	0.01317	0.04972	0.01693	0.01257	0.01793	0.01043	0.01380	0.00871	0.00494	0.00553	0.00166	0.00673	0.00501	0.00273	0.00862
1	0.01046	0.00984	0.01661	0.79205	0.03814	0.01230	0.01538	0.01415	0.01107	0.01415	0.00984	0.01477	0.00738	0.00554	0.00554	0.00185	0.00738	0.00492	0.00246	0.00615
2	0.00791	0.00593	0.00890	0.00890	0.00989	0.00692	0.00692	0.00989	0.00890	0.01286	0.01483	0.02176	0.01385	0.04154	0.78341	0.00890	0.01483	0.00593	0.00297	0.00494
3	0.01139	0.01120	0.01703	0.67892	0.09706	0.06267	0.01521	0.01490	0.01150	0.01444	0.00981	0.01437	0.00748	0.00550	0.00550	0.00180	0.00749	0.00483	0.00251	0.00639
4	0.06800	0.43022	0.29284	0.01188	0.01764	0.06562	0.01323	0.01725	0.01157	0.01544	0.00855	0.00996	0.00700	0.00501	0.00424	0.00144	0.00687	0.00340	0.00246	0.00738
5	0.02028	0.02572	0.01575	0.01428	0.01700	0.74686	0.01077	0.02170	0.01535	0.01354	0.00850	0.01009	0.00714	0.00590	0.00562	0.00147	0.04715	0.00363	0.00283	0.00640
6	0.01046	0.00984	0.01661	0.79205	0.03814	0.01230	0.01538	0.01415	0.01107	0.01415	0.00984	0.01477	0.00738	0.00554	0.00554	0.00185	0.00738	0.00492	0.00246	0.00615
7	0.01254	0.01282	0.01690	0.01453	0.01467	0.05446	0.01205	0.01376	0.00883	0.01334	0.00733	0.01201	0.00726	0.00950	0.01753	0.00237	0.75680	0.00478	0.00244	0.00608
8	0.00778	0.00566	0.00732	0.00690	0.00824	0.00520	0.00518	0.01033	0.01553	0.02187	0.73420	0.04193	0.08616	0.01145	0.00653	0.00175	0.00262	0.01010	0.00605	0.00520
9	0.06135	0.01528	0.01621	0.01248	0.01686	0.01694	0.01030	0.71633	0.02523	0.03441	0.01302	0.01309	0.00925	0.00657	0.00544	0.00166	0.00601	0.00489	0.00544	0.00925
10	0.00899	0.00653	0.00927	0.04513	0.01267	0.00664	0.00921	0.01159	0.01267	0.01647	0.02845	0.06034	0.03078	0.01486	0.00756	0.00252	0.00520	0.70099	0.00498	0.00515
11	0.84448	0.01071	0.00814	0.00728	0.01071	0.01242	0.00600	0.01628	0.00943	0.02485	0.00771	0.00900	0.00600	0.00514	0.00343	0.00171	0.00428	0.00300	0.00343	0.00600
12	0.02457	0.00988	0.01313	0.01007	0.01436	0.00881	0.00832	0.08098	0.01661	0.71959	0.02121	0.01844	0.01339	0.00684	0.00557	0.00171	0.00482	0.00553	0.00676	0.00942
13	0.01111	0.02865	0.77667	0.01579	0.02397	0.01286	0.02046	0.01754	0.01169	0.01754	0.00994	0.01169	0.00702	0.00526	0.00526	0.00175	0.00818	0.00409	0.00234	0.00818
14	0.01371	0.01316	0.02248	0.03399	0.77081	0.01316	0.01700	0.01700	0.01261	0.01809	0.01042	0.01371	0.00877	0.00493	0.00548	0.00164	0.00658	0.00493	0.00274	0.00877
15	0.00962	0.00481	0.00722	0.00722	0.00722	0.00481	0.00481	0.00722	0.00722	0.00962	0.00962	0.01684	0.00962	0.01924	0.02165	0.83886	0.00481	0.00481	0.00241	0.00241
16	0.00675	0.00482	0.00643	0.00771	0.00803	0.00450	0.00514	0.00771	0.01060	0.01414	0.03053	0.80175	0.03663	0.01735	0.00707	0.00225	0.00321	0.01574	0.00514	0.00450
17	0.01481	0.80869	0.02902	0.00948	0.01421	0.02191	0.00948	0.01658	0.01125	0.01303	0.00770	0.00888	0.00711	0.00474	0.00355	0.00118	0.00592	0.00296	0.00237	0.00711
18	0.00655	0.00561	0.00561	0.00561	0.00748	0.00468	0.00421	0.00795	0.01262	0.01496	0.05610	0.05330	0.76857	0.01403	0.00655	0.00187	0.00281	0.01169	0.00514	0.00468
19	0.01111	0.02865	0.77667	0.01579	0.02397	0.01286	0.02046	0.01754	0.01169	0.01754	0.00994	0.01169	0.00702	0.00526	0.00526	0.00175	0.00818	0.00409	0.00234	0.00818
20	0.00688	0.00493	0.00641	0.00747	0.00789	0.00460	0.00499	0.00788	0.01077	0.01434	0.06635	0.68228	0.06843	0.06834	0.00840	0.00241	0.00331	0.01479	0.00507	0.00447
21	0.00962	0.00481	0.00722	0.00722	0.00722	0.00481	0.00481	0.00722	0.00722	0.00962	0.00962	0.01684	0.00962	0.01924	0.02165	0.83886	0.00481	0.00481	0.00241	0.00241
22	0.01732	0.38830	0.02264	0.01377	0.08759	0.28023	0.01071	0.09066	0.01435	0.01584	0.00880	0.01015	0.00750	0.00527	0.00442	0.00136	0.00739	0.00355	0.00288	0.00726
23	0.02038	0.01499	0.01610	0.01252	0.01681	0.01660	0.01028	0.65910	0.10280	0.05150	0.01447	0.01420	0.01031	0.00674	0.00555	0.00169	0.00588	0.00513	0.00558	0.00935
24	0.01210	0.00968	0.01100	0.00899	0.01260	0.00909	0.00706	0.01890	0.26153	0.05603	0.12910	0.02136	0.05509	0.00692	0.00516	0.00140	0.00394	0.00579	0.00474	0.35952
25	0.01486	0.01385	0.09197	0.06137	0.22076	0.01292	0.09917	0.11744	0.04259	0.10433	0.01359	0.04663	0.01104	0.00674	0.00692	0.00182	0.08137	0.02653	0.00379	0.02231
26	0.01138	0.07436	0.71105	0.01563	0.02354	0.01343	0.04084	0.01749	0.01171	0.01728	0.00984	0.01162	0.00706	0.00521	0.00520	0.00172	0.00808	0.00410	0.00235	0.00810
27	0.01032	0.00516	0.00516	0.00516	0.00645	0.00516	0.00387	0.01290	0.01161	0.02065	0.01807	0.02065	0.01420	0.00645	0.00387	0.00129	0.00258	0.00516	0.83611	0.00516
28	0.00805	0.00537	0.00604	0.00604	0.00604	0.00537	0.00336	0.00805	0.00805	0.01074	0.01745	0.03624	0.02013	0.80536	0.02819	0.00537	0.00537	0.00805	0.00336	0.00336
29	0.04441	0.09420	0.14107	0.09169	0.23432	0.08141	0.08002	0.05038	0.07292	0.01807	0.01147	0.01457	0.00927	0.00566	0.00532	0.00168	0.00707	0.02565	0.00308	0.00777
30	0.01368	0.00699	0.00923	0.00806	0.01040	0.00627	0.00636	0.01599	0.01517	0.27988	0.39978	0.03566	0.08358	0.02841	0.00677	0.00188	0.00357	0.05558	0.00617	0.00658
31	0.00675	0.00482	0.00643	0.00771	0.00803	0.00450	0.00514	0.00771	0.01060	0.01414	0.03053	0.80175	0.03663	0.01735	0.00707	0.00225	0.00321	0.01574	0.00514	0.00450
32	0.01299	0.01239	0.02095	0.20226	0.59074	0.01298	0.01645	0.01664	0.02904	0.01733	0.01056	0.01410	0.00865	0.00513	0.00550	0.00169	0.00671	0.00496	0.00274	0.00819
33	0.01892	0.01453	0.01669	0.01587	0.14203	0.04433	0.01113	0.52141	0.02191	0.05700	0.01420	0.07058	0.01135	0.00711	0.00562	0.00169	0.00606	0.00572	0.00499	0.00884
34	0.01046	0.00971	0.01628	0.76936	0.03723	0.01210	0.01505	0.01411	0.01109	0.01434	0.01008	0.01494	0.00758	0.00556	0.00549	0.00183	0.00724	0.00493	0.02650	0.00612
35	0.84448	0.01071	0.00814	0.00728	0.01071	0.01242	0.00600	0.01628	0.00943	0.02485	0.00771	0.00900	0.00600	0.00514	0.00343	0.00171	0.00428	0.00300	0.00343	0.00600
36	0.00791	0.00593	0.00890	0.00890	0.00989	0.00692	0.00692	0.00989	0.00890	0.01286	0.01483	0.02176	0.01385	0.04154	0.78341	0.00890	0.01483	0.00593	0.00297	0.00494
37	0.01053	0.00998	0.01705	0.77123	0.03790	0.01235	0.03530	0.01425	0.01113	0.01425	0.00988	0.01477	0.00741	0.00551	0.00556	0.00185	0.00744	0.00497	0.00247	0.00619
38	0.00655	0.00561	0.00561	0.00561	0.00748	0.00468	0.00421	0.00795	0.01262	0.01496	0.05610	0.05330	0.76857	0.01403	0.00655	0.00187	0.00281	0.01169	0.00514	0.00468
39	0.02372	0.00918	0.01249	0.00966	0.01375	0.00795	0.00795	0.02589	0.01584	0.72478	0.07129	0.02034	0.01626	0.00715	0.00563	0.00172	0.00457	0.00586	0.00680	0.00915
40	0.01550	0.01192	0.01283	0.01115	0.01448	0.01345	0.00878	0.11434	0.58814	0.08979	0.02126	0.01963	0.01567	0.00732	0.00557	0.00182	0.00456	0.00602	0.02895	0.00880
41	0.01447	0.01174	0.01254	0.01118	0.01439	0.01342	0.00873	0.02928	0.71409	0.07030	0.02250	0.02055	0.01671	0.00747	0.00563	0.00187	0.00440	0.00622	0.00571	0.00881
42	0.01183	0.01128	0.01564	0.03371	0.01440	0.01538	0.01128	0.03359	0.00928	0.01427	0.00931	0.04826	0.00921	0.01108	0.04941	0.00261	0.65129	0.00540	0.03676	0.00600
43	0.00716	0.00513	0.00679	0.00743	0.00812	0.00477	0.00517	0.00874	0.01250	0.01716	0.30628	0.51738	0.04247	0.01510	0.00687	0.00206	0.00299	0.01360	0.00550	0.00477
44	0.82232	0.01068	0.00827	0.00735	0.01080	0.01231	0.00606	0.01657	0.00960	0.04512	0.00809	0.00926	0.00621	0.00519	0.00349	0.00171	0.00430	0.00307	0.00352	0.00609
45	0.01180	0.02822	0.01113	0.01077	0.03498	0.04770	0.00862	0.07237	0.13996	0.04023	0.02726	0.04160	0.11977	0.01138	0.00649	0.00206	0.00501	0.33209	0.00495	0.04360
46	0.01487	0.69610	0.06318	0.01025	0.01486	0.06551	0.01017	0.01683	0.01143	0.01329	0.00784	0.00920	0.00711	0.00501	0.00427	0.00127	0.03623	0.00312	0.00240	0.00708
47	0.02074	0.01122	0.01338	0.01078	0.01473	0.01142	0.00873	0.14867	0.25146	0.41538	0.02064	0.01849	0.01400	0.00703	0.00559	0.00176	0.00484	0.00569	0.00625	0.00922

[dist]
# distance from previous block
# <min> <max>
0	8

[block]
# block no. 6 follows, 43 sequences, length 67
# corresponding to MSA columns:
# 428-494
name=unknown_G
#
# <colnr> <probs for GDERKNQSTAVLIFYWHMCP>
#	G	D	E	R	K	N	Q	S	T	A	V	L	I	F	Y	W	H	M	C	P
0	0.00890	0.00590	0.00770	0.00711	0.00863	0.00540	0.00538	0.01145	0.01559	0.07084	0.69738	0.04028	0.07197	0.01112	0.00647	0.00174	0.00276	0.00978	0.00612	0.00548
1	0.02035	0.01484	0.01587	0.01225	0.01647	0.01639	0.01009	0.70394	0.02510	0.03397	0.01361	0.01378	0.00973	0.00664	0.00543	0.00164	0.00586	0.00500	0.05992	0.00914
2	0.00757	0.00573	0.00659	0.00633	0.00800	0.00501	0.00476	0.00954	0.01408	0.03661	0.37650	0.04708	0.42703	0.01263	0.00652	0.00181	0.00276	0.01079	0.00561	0.00504
3	0.00825	0.00643	0.00955	0.00935	0.01026	0.00773	0.00734	0.01017	0.00887	0.01289	0.01423	0.02098	0.01332	0.03898	0.72206	0.00838	0.07740	0.00585	0.00292	0.00503
4	0.01454	0.71006	0.10770	0.01024	0.01531	0.03678	0.01066	0.01680	0.01139	0.01352	0.00795	0.00920	0.00710	0.00481	0.00376	0.00125	0.00625	0.00309	0.00238	0.00721
5	0.00842	0.00602	0.00834	0.00956	0.01063	0.00593	0.00799	0.01063	0.01238	0.01623	0.05284	0.22090	0.03354	0.01562	0.00749	0.00246	0.00462	0.55629	0.00514	0.00497
6	0.01481	0.80869	0.02902	0.00948	0.01421	0.02191	0.00948	0.01658	0.01125	0.01303	0.00770	0.00888	0.00711	0.00474	0.00355	0.00118	0.00592	0.00296	0.00237	0.00711
7	0.00962	0.00481	0.00722	0.00722	0.00722	0.00481	0.00481	0.00722	0.00722	0.00962	0.00962	0.01684	0.00962	0.01924	0.02165	0.83886	0.00481	0.00481	0.00241	0.00241
8	0.02041	0.01519	0.01626	0.01261	0.01693	0.01688	0.01037	0.68859	0.09085	0.03387	0.01411	0.01395	0.01008	0.00672	0.00555	0.00168	0.00594	0.00510	0.00555	0.00936
9	0.01020	0.00745	0.01080	0.04306	0.01194	0.00801	0.09525	0.01269	0.01131	0.01791	0.03710	0.08017	0.05688	0.00995	0.05049	0.00207	0.10214	0.00661	0.42050	0.00550
10	0.01148	0.00984	0.01148	0.00820	0.01312	0.00738	0.00656	0.01395	0.01148	0.01805	0.00984	0.01148	0.00820	0.00410	0.00410	0.00082	0.00410	0.00328	0.00328	0.83922
11	0.01357	0.01168	0.01235	0.01112	0.01419	0.01348	0.00865	0.02878	0.73544	0.02314	0.04792	0.02137	0.01811	0.00764	0.00567	0.00187	0.00432	0.00639	0.00565	0.00865
12	0.02485	0.00943	0.01285	0.00985	0.01414	0.00814	0.00814	0.02699	0.01585	0.77465	0.02185	0.01885	0.01371	0.00685	0.00557	0.00171	0.00471	0.00557	0.00685	0.00943
13	0.00664	0.00561	0.00575	0.00571	0.00754	0.00472	0.00429	0.00814	0.01286	0.01551	0.11030	0.05239	0.71403	0.01382	0.00654	0.00186	0.00279	0.01156	0.00522	0.00472
14	0.00776	0.00566	0.00730	0.00689	0.00823	0.00519	0.00517	0.01031	0.01550	0.02179	0.72639	0.04207	0.09402	0.01148	0.00653	0.00175	0.00262	0.01011	0.00604	0.00519
15	0.00779	0.00566	0.00733	0.00691	0.00824	0.00520	0.00519	0.01035	0.01556	0.02193	0.74026	0.04183	0.08007	0.01143	0.00653	0.00175	0.00262	0.01008	0.00606	0.00520
16	0.84448	0.01071	0.00814	0.00728	0.01071	0.01242	0.00600	0.01628	0.00943	0.02485	0.00771	0.00900	0.00600	0.00514	0.00343	0.00171	0.00428	0.00300	0.00343	0.00600
17	0.02069	0.02640	0.01569	0.01427	0.01712	0.78313	0.01070	0.02212	0.01569	0.01355	0.00856	0.00999	0.00713	0.00571	0.00499	0.00143	0.00999	0.00357	0.00285	0.00642
18	0.01111	0.02865	0.77667	0.01579	0.02397	0.01286	0.02046	0.01754	0.01169	0.01754	0.00994	0.01169	0.00702	0.00526	0.00526	0.00175	0.00818	0.00409	0.00234	0.00818
19	0.12334	0.01471	0.01373	0.01273	0.03822	0.22981	0.04003	0.06010	0.05077	0.01720	0.01418	0.18439	0.01420	0.00899	0.00781	0.00189	0.15118	0.00678	0.00365	0.00630
20	0.01087	0.00955	0.01514	0.52328	0.07635	0.01125	0.01354	0.05986	0.01236	0.01610	0.01446	0.06620	0.01327	0.00784	0.00597	0.00196	0.00664	0.12586	0.00326	0.00625
21	0.84448	0.01071	0.00814	0.00728	0.01071	0.01242	0.00600	0.01628	0.00943	0.02485	0.00771	0.00900	0.00600	0.00514	0.00343	0.00171	0.00428	0.00300	0.00343	0.00600
22	0.00659	0.00561	0.00567	0.00565	0.00751	0.00469	0.00424	0.00803	0.01272	0.01519	0.07818	0.05293	0.74635	0.01394	0.00655	0.00187	0.00280	0.01164	0.00517	0.00469
23	0.02057	0.01516	0.01623	0.01252	0.01684	0.01679	0.01032	0.71122	0.05074	0.03419	0.01372	0.01371	0.00978	0.00667	0.00551	0.00166	0.00596	0.00503	0.02409	0.00930
24	0.01382	0.51285	0.22529	0.01330	0.07040	0.03305	0.03138	0.01700	0.01159	0.01470	0.00858	0.01013	0.00723	0.00491	0.00424	0.00139	0.00673	0.00350	0.00241	0.00750
25	0.01171	0.09751	0.67061	0.01484	0.02245	0.01336	0.01878	0.01751	0.01186	0.03653	0.02932	0.01238	0.00835	0.00541	0.00515	0.00170	0.00775	0.00418	0.00255	0.00804
26	0.02469	0.00968	0.01301	0.00997	0.01426	0.00852	0.00824	0.05719	0.01628	0.74385	0.02149	0.01862	0.01353	0.00685	0.00557	0.00171	0.00477	0.00555	0.00680	0.00942
27	0.00675	0.00482	0.00643	0.00771	0.00803	0.00450	0.00514	0.00771	0.01060	0.01414	0.03053	0.80175	0.03663	0.01735	0.00707	0.00225	0.00321	0.01574	0.00514	0.00450
28	0.02962	0.05022	0.38143	0.03239	0.14867	0.03314	0.10042	0.08685	0.01359	0.05618	0.01090	0.01276	0.00802	0.00534	0.00539	0.00171	0.00755	0.00461	0.00302	0.00822
29	0.00759	0.00544	0.00705	0.00806	0.00863	0.00524	0.00554	0.04817	0.01150	0.01533	0.02956	0.73780	0.03502	0.01671	0.00700	0.00223	0.00342	0.03577	0.00516	0.00478
30	0.02126	0.01517	0.01641	0.01258	0.01701	0.01667	0.01039	0.71206	0.02547	0.07599	0.01377	0.01361	0.00966	0.00666	0.00554	0.00166	0.00602	0.00502	0.00561	0.00942
31	0.01481	0.80869	0.02902	0.00948	0.01421	0.02191	0.00948	0.01658	0.01125	0.01303	0.00770	0.00888	0.00711	0.00474	0.00355	0.00118	0.00592	0.00296	0.00237	0.00711
32	0.00717	0.00510	0.00683	0.00806	0.00853	0.00485	0.00570	0.00836	0.01086	0.01441	0.02978	0.64520	0.03514	0.04982	0.00805	0.00243	0.00362	0.13647	0.00506	0.00455
33	0.01240	0.01258	0.01639	0.11244	0.01743	0.07192	0.01213	0.01399	0.00941	0.01359	0.00809	0.01270	0.00757	0.00956	0.03334	0.00241	0.60337	0.00479	0.01984	0.00605
34	0.01032	0.00516	0.00516	0.00516	0.00645	0.00516	0.00387	0.01290	0.01161	0.02065	0.01807	0.02065	0.01420	0.00645	0.00387	0.00129	0.00258	0.00516	0.83611	0.00516
35	0.01996	0.01454	0.01561	0.01216	0.01628	0.01604	0.01003	0.67986	0.02466	0.03338	0.01411	0.01531	0.01043	0.00690	0.00549	0.00166	0.00583	0.02749	0.06126	0.00900
36	0.00670	0.00559	0.00584	0.00583	0.00759	0.00473	0.00436	0.00823	0.01292	0.01578	0.13814	0.07502	0.66261	0.01381	0.00656	0.00187	0.00280	0.01162	0.00525	0.00473
37	0.01148	0.00984	0.01148	0.00820	0.01312	0.00738	0.00656	0.01395	0.01148	0.01805	0.00984	0.01148	0.00820	0.00410	0.00410	0.00082	0.00410	0.00328	0.00328	0.83922
38	0.00892	0.00637	0.00892	0.01020	0.01147	0.00637	0.00892	0.01147	0.01275	0.01657	0.02932	0.06247	0.03187	0.01530	0.00765	0.00255	0.00510	0.73354	0.00510	0.00510
39	0.01495	0.01480	0.01950	0.07037	0.51218	0.15378	0.01461	0.01776	0.01325	0.05339	0.01313	0.01553	0.05083	0.00571	0.00546	0.00163	0.00695	0.00509	0.00308	0.00800
40	0.84448	0.01071	0.00814	0.00728	0.01071	0.01242	0.00600	0.01628	0.00943	0.02485	0.00771	0.00900	0.00600	0.00514	0.00343	0.00171	0.00428	0.00300	0.00343	0.00600
41	0.00892	0.00637	0.00892	0.01020	0.01147	0.00637	0.00892	0.01147	0.01275	0.01657	0.02932	0.06247	0.03187	0.01530	0.00765	0.00255	0.00510	0.73354	0.00510	0.00510
42	0.00784	0.00566	0.00740	0.00697	0.00827	0.00523	0.00523	0.01045	0.01568	0.02221	0.76789	0.04137	0.05226	0.01132	0.00653	0.00174	0.00261	0.01002	0.00610	0.00523
43	0.01481	0.80869	0.02902	0.00948	0.01421	0.02191	0.00948	0.01658	0.01125	0.01303	0.00770	0.00888	0.00711	0.00474	0.00355	0.00118	0.00592	0.00296	0.00237	0.00711
44	0.02105	0.01551	0.01662	0.01274	0.01717	0.01717	0.01053	0.75235	0.02604	0.03490	0.01330	0.01330	0.00942	0.00665	0.00554	0.00166	0.00609	0.00499	0.00554	0.00942
45	0.00805	0.00537	0.00604	0.00604	0.00604	0.00537	0.00336	0.00805	0.00805	0.01074	0.01745	0.03624	0.02013	0.80536	0.02819	0.00537	0.00537	0.00805	0.00336	0.00336
46	0.02069	0.02640	0.01569	0.01427	0.01712	0.78313	0.01070	0.02212	0.01569	0.01355	0.00856	0.00999	0.00713	0.00571	0.00499	0.00143	0.00999	0.00357	0.00285	0.00642
47	0.00850	0.00581	0.00761	0.00708	0.00850	0.00534	0.00534	0.01109	0.01568	0.05142	0.73893	0.04050	0.05076	0.01115	0.00649	0.00174	0.00269	0.00984	0.00613	0.00539
48	0.02105	0.01551	0.01662	0.01274	0.01717	0.01717	0.01053	0.75235	0.02604	0.03490	0.01330	0.01330	0.00942	0.00665	0.00554	0.00166	0.00609	0.00499	0.00554	0.00942
49	0.00784	0.00566	0.00740	0.00697	0.00827	0.00523	0.00523	0.01045	0.01568	0.02221	0.76789	0.04137	0.05226	0.01132	0.00653	0.00174	0.00261	0.01002	0.00610	0.00523
50	0.02485	0.00943	0.01285	0.00985	0.01414	0.00814	0.00814	0.02699	0.01585	0.77465	0.02185	0.01885	0.01371	0.00685	0.00557	0.00171	0.00471	0.00557	0.00685	0.00943
51	0.02474	0.00960	0.01296	0.00994	0.01423	0.00840	0.00821	0.04782	0.01614	0.75341	0.02160	0.01869	0.01359	0.00685	0.00557	0.00171	0.00475	0.00555	0.00682	0.00943
52	0.84448	0.01071	0.00814	0.00728	0.01071	0.01242	0.00600	0.01628	0.00943	0.02485	0.00771	0.00900	0.00600	0.00514	0.00343	0.00171	0.00428	0.00300	0.00343	0.00600
53	0.00658	0.00549	0.00574	0.00593	0.00757	0.00465	0.00435	0.00791	0.01231	0.01484	0.05219	0.16791	0.65648	0.01454	0.00663	0.00193	0.00287	0.01231	0.00514	0.00465
54	0.00679	0.00486	0.00647	0.00768	0.00804	0.00453	0.00514	0.00783	0.01082	0.01449	0.06246	0.76881	0.03731	0.01709	0.00705	0.00223	0.00319	0.01550	0.00518	0.00453
55	0.00880	0.00629	0.00879	0.01006	0.01128	0.00627	0.00871	0.01127	0.01263	0.01644	0.02939	0.10353	0.03214	0.01541	0.00762	0.00253	0.00499	0.69367	0.00510	0.00507
56	0.01198	0.01192	0.01671	0.01436	0.01439	0.01664	0.01195	0.01322	0.00850	0.01331	0.00751	0.01242	0.00748	0.01071	0.04258	0.00263	0.77033	0.00488	0.00244	0.00602
57	0.01219	0.01233	0.01812	0.01519	0.01560	0.01675	0.06667	0.01365	0.00882	0.01365	0.00756	0.01233	0.00735	0.00932	0.01732	0.00238	0.73717	0.00497	0.00245	0.00616
58	0.02485	0.00943	0.01285	0.00985	0.01414	0.00814	0.00814	0.02699	0.01585	0.77465	0.02185	0.01885	0.01371	0.00685	0.00557	0.00171	0.00471	0.00557	0.00685	0.00943
59	0.00784	0.00566	0.00740	0.00697	0.00827	0.00523	0.00523	0.01045	0.01568	0.02221	0.76789	0.04137	0.05226	0.01132	0.00653	0.00174	0.00261	0.01002	0.00610	0.00523
60	0.01139	0.00663	0.00711	0.00658	0.00807	0.00710	0.00507	0.08832	0.01273	0.02119	0.01688	0.01994	0.01350	0.03270	0.02543	0.00171	0.04736	0.00524	0.65745	0.00558
61	0.01482	0.74275	0.02798	0.00989	0.01431	0.04276	0.00966	0.01656	0.01122	0.01306	0.00770	0.00909	0.00712	0.00504	0.00441	0.00126	0.04987	0.00308	0.00239	0.00703
62	0.01046	0.00984	0.01661	0.79205	0.03814	0.01230	0.01538	0.01415	0.01107	0.01415	0.00984	0.01477	0.00738	0.00554	0.00554	0.00185	0.00738	0.00492	0.00246	0.00615
