[name]
unknown

[dist]
# distance from previous block
# <min> <max>
0	57

[block]
# block no. 0 follows, 45 sequences, length 8
# corresponding to MSA columns:
# 63-70
name=unknown_A
#
# <colnr> <probs for GDERKNQSTAVLIFYWHMCP>
#	G	D	E	R	K	N	Q	S	T	A	V	L	I	F	Y	W	H	M	C	P
0	0.02888	0.01046	0.01405	0.08357	0.01671	0.03015	0.09662	0.04525	0.08339	0.06506	0.04664	0.01913	0.03557	0.00632	0.00546	0.00145	0.02629	0.05838	0.00383	0.32278
1	0.07305	0.01033	0.01299	0.02942	0.01450	0.01041	0.06219	0.10931	0.17942	0.20636	0.01755	0.08774	0.01407	0.04241	0.00626	0.00180	0.00485	0.00609	0.00491	0.10635
2	0.00930	0.00585	0.00748	0.00744	0.00875	0.00531	0.00539	0.01076	0.01176	0.10178	0.16425	0.32749	0.07724	0.11712	0.00910	0.00234	0.00360	0.06394	0.00500	0.05608
3	0.00985	0.00666	0.00818	0.00821	0.00968	0.00649	0.00594	0.04710	0.10293	0.08739	0.05216	0.51059	0.06229	0.01337	0.00632	0.00197	0.00351	0.01189	0.00517	0.04030
4	0.04453	0.00667	0.00867	0.03100	0.04330	0.00702	0.04072	0.01248	0.01072	0.01797	0.01611	0.01933	0.03387	0.01206	0.13794	0.00262	0.03666	0.00520	0.48369	0.02942
5	0.01428	0.01159	0.01309	0.03399	0.03776	0.06221	0.02350	0.20143	0.13525	0.06339	0.01633	0.14065	0.01468	0.04193	0.02170	0.00198	0.06316	0.00661	0.00443	0.09205
6	0.07576	0.01227	0.01308	0.07620	0.09336	0.11924	0.00914	0.12204	0.07103	0.11023	0.03657	0.03898	0.01265	0.11349	0.00837	0.00209	0.02540	0.00539	0.00403	0.05069
7	0.05155	0.01080	0.01308	0.07882	0.01523	0.06206	0.06273	0.12254	0.04904	0.04253	0.01624	0.10109	0.05577	0.06319	0.02913	0.00215	0.10243	0.00639	0.04283	0.07241

[dist]
# distance from previous block
# <min> <max>
27	61

[block]
# block no. 1 follows, 45 sequences, length 12
# corresponding to MSA columns:
# 148-159
name=unknown_B
#
# <colnr> <probs for GDERKNQSTAVLIFYWHMCP>
#	G	D	E	R	K	N	Q	S	T	A	V	L	I	F	Y	W	H	M	C	P
0	0.02951	0.00941	0.01229	0.20703	0.07212	0.04048	0.00941	0.07190	0.02695	0.04965	0.04903	0.17273	0.02820	0.03515	0.00724	0.03548	0.03144	0.00704	0.00374	0.10120
1	0.07797	0.08181	0.05395	0.17020	0.07814	0.02777	0.06071	0.17747	0.02481	0.08079	0.01357	0.06659	0.02206	0.02130	0.00564	0.00175	0.00604	0.01844	0.00379	0.00719
2	0.04038	0.01066	0.03123	0.20869	0.11404	0.03940	0.01056	0.07959	0.09129	0.08531	0.08019	0.10098	0.01585	0.00734	0.00542	0.00170	0.00537	0.00631	0.02283	0.04289
3	0.03219	0.01018	0.01238	0.08723	0.07573	0.03202	0.00884	0.08606	0.13508	0.06867	0.03439	0.12335	0.06889	0.00804	0.00609	0.00166	0.05138	0.00665	0.00423	0.14694
4	0.01147	0.00794	0.01012	0.00997	0.06006	0.03020	0.02250	0.03177	0.02547	0.11953	0.14603	0.11211	0.06617	0.12096	0.04325	0.00251	0.04211	0.03705	0.05478	0.04600
5	0.01172	0.00826	0.00950	0.00829	0.01069	0.02926	0.00635	0.10915	0.03669	0.09376	0.24308	0.17903	0.05911	0.00974	0.00571	0.00162	0.00376	0.00839	0.02963	0.13625
6	0.01038	0.00549	0.00603	0.04813	0.00833	0.00550	0.00456	0.01275	0.01136	0.05650	0.01964	0.02227	0.06315	0.03828	0.00501	0.00149	0.00297	0.00553	0.66745	0.00516
7	0.05098	0.03475	0.01513	0.16673	0.11281	0.08254	0.05887	0.04139	0.03687	0.10778	0.01306	0.04115	0.01095	0.07644	0.04600	0.00233	0.04902	0.00538	0.04124	0.00659
8	0.09591	0.01011	0.02803	0.04273	0.02767	0.04706	0.00805	0.05336	0.01420	0.44693	0.06520	0.06978	0.01566	0.04318	0.00630	0.00184	0.00486	0.00600	0.00544	0.00769
9	0.15576	0.03085	0.01519	0.07492	0.15839	0.02905	0.04006	0.13088	0.06028	0.15320	0.01311	0.01484	0.00988	0.00687	0.02940	0.00184	0.00582	0.02050	0.00410	0.04506
10	0.01094	0.01091	0.04957	0.52748	0.10165	0.03564	0.01357	0.03697	0.01140	0.01484	0.01166	0.01550	0.04180	0.00629	0.00608	0.04324	0.00668	0.00490	0.00266	0.04825
11	0.16165	0.01032	0.03840	0.44759	0.10226	0.01146	0.01244	0.01500	0.03474	0.04674	0.01007	0.01358	0.00772	0.00620	0.00600	0.05609	0.00621	0.00447	0.00284	0.00623

[dist]
# distance from previous block
# <min> <max>
6	27

[block]
# block no. 2 follows, 45 sequences, length 31
# corresponding to MSA columns:
# 187-217
name=unknown_C
#
# <colnr> <probs for GDERKNQSTAVLIFYWHMCP>
#	G	D	E	R	K	N	Q	S	T	A	V	L	I	F	Y	W	H	M	C	P
0	0.15687	0.19282	0.15269	0.09010	0.01714	0.05065	0.03178	0.01618	0.05891	0.03289	0.01211	0.06052	0.02998	0.00709	0.02196	0.00179	0.05206	0.00478	0.00305	0.00661
1	0.17730	0.38087	0.10678	0.01124	0.03559	0.10003	0.05075	0.01677	0.01134	0.03233	0.00956	0.01082	0.02675	0.00510	0.00408	0.00141	0.00620	0.00358	0.00274	0.00677
2	0.24164	0.32775	0.11803	0.02791	0.01536	0.01582	0.05556	0.05698	0.01118	0.01773	0.00852	0.01028	0.00702	0.00624	0.02569	0.02031	0.02099	0.00354	0.00279	0.00668
3	0.14621	0.03231	0.03338	0.02887	0.11199	0.15619	0.03014	0.11469	0.05721	0.01965	0.01106	0.03899	0.00930	0.02638	0.00528	0.00155	0.00598	0.00443	0.00347	0.16292
4	0.03403	0.00801	0.00949	0.06687	0.01230	0.02337	0.00704	0.08347	0.12292	0.06624	0.09012	0.29066	0.07473	0.01175	0.00692	0.05053	0.00414	0.02668	0.00484	0.00588
5	0.03374	0.01122	0.03046	0.56952	0.07925	0.05027	0.02922	0.01615	0.09762	0.01534	0.01090	0.01447	0.00826	0.00552	0.00531	0.00176	0.00687	0.00482	0.00280	0.00649
6	0.03320	0.02880	0.01575	0.32706	0.16739	0.01144	0.02868	0.10334	0.01315	0.06236	0.03539	0.09869	0.03797	0.00704	0.00550	0.00174	0.00594	0.00621	0.00353	0.00681
7	0.00880	0.00562	0.00737	0.02329	0.00909	0.00517	0.00550	0.01053	0.01273	0.09543	0.28568	0.35713	0.11056	0.01318	0.00646	0.00192	0.00315	0.02782	0.00542	0.00515
8	0.00930	0.00703	0.01025	0.01060	0.05922	0.00685	0.06604	0.01230	0.08964	0.05997	0.08361	0.45847	0.04584	0.04553	0.00727	0.00212	0.00403	0.01154	0.00480	0.00557
9	0.01225	0.01363	0.02881	0.14368	0.02906	0.01340	0.62118	0.01653	0.01224	0.01653	0.01055	0.01438	0.00796	0.00479	0.00650	0.00182	0.03099	0.00604	0.00265	0.00700
10	0.03285	0.00755	0.00926	0.00806	0.01053	0.00716	0.00629	0.07097	0.03077	0.26020	0.11211	0.09114	0.19805	0.04387	0.08385	0.00256	0.00487	0.00809	0.00534	0.00648
11	0.09217	0.00781	0.00917	0.00812	0.01064	0.00753	0.00639	0.07311	0.04001	0.22989	0.13992	0.13838	0.16434	0.01020	0.00581	0.00180	0.00378	0.03898	0.00547	0.00649
12	0.00654	0.00467	0.00623	0.00747	0.00779	0.00436	0.00498	0.00747	0.01028	0.01370	0.02959	0.80785	0.03550	0.01682	0.00685	0.00218	0.00311	0.01526	0.00498	0.00436
13	0.00932	0.00466	0.00699	0.00699	0.00699	0.00466	0.00466	0.00699	0.00699	0.00932	0.00932	0.01632	0.00932	0.01865	0.02098	0.84382	0.00466	0.00466	0.00233	0.00233
14	0.16642	0.00953	0.01060	0.00897	0.01211	0.00987	0.00720	0.08139	0.17505	0.24729	0.14411	0.02238	0.05474	0.00765	0.00527	0.00172	0.00412	0.01868	0.00546	0.00744
15	0.01933	0.00878	0.01147	0.00950	0.01283	0.00816	0.00776	0.05095	0.07930	0.51166	0.06543	0.04612	0.01841	0.02977	0.00632	0.00188	0.00450	0.09365	0.00611	0.00806
16	0.01238	0.02551	0.69002	0.01460	0.02208	0.01191	0.01838	0.01811	0.01182	0.10973	0.01103	0.01217	0.00759	0.00529	0.00514	0.00170	0.00752	0.00414	0.00280	0.00808
17	0.44065	0.00961	0.00993	0.00817	0.01179	0.00987	0.00672	0.02024	0.01221	0.36672	0.04582	0.01436	0.01107	0.00599	0.00439	0.00166	0.00427	0.00432	0.00493	0.00729
18	0.00969	0.00597	0.00774	0.00702	0.00871	0.00540	0.00536	0.01206	0.01498	0.12200	0.61626	0.03813	0.10459	0.01061	0.00621	0.00169	0.00282	0.00927	0.00593	0.00556
19	0.00767	0.00575	0.00863	0.00863	0.00959	0.00671	0.00671	0.00959	0.00863	0.01246	0.01438	0.02109	0.01342	0.04026	0.79008	0.00863	0.01438	0.00575	0.00288	0.00479
20	0.00705	0.00584	0.00623	0.00606	0.00784	0.00520	0.00457	0.00953	0.06087	0.01647	0.20280	0.04724	0.57605	0.01265	0.00629	0.00179	0.00278	0.01066	0.00521	0.00489
21	0.00814	0.00574	0.00715	0.00765	0.00853	0.00553	0.00533	0.06977	0.01194	0.03169	0.07215	0.59170	0.09012	0.04833	0.00749	0.00219	0.00340	0.01327	0.00503	0.00486
22	0.00922	0.00473	0.00710	0.00710	0.00716	0.00479	0.00479	0.00716	0.00710	0.00952	0.00965	0.01662	0.00958	0.02002	0.06984	0.79077	0.00528	0.00473	0.00237	0.00249
23	0.00654	0.00467	0.00623	0.00747	0.00779	0.00436	0.00498	0.00747	0.01028	0.01370	0.02959	0.80785	0.03550	0.01682	0.00685	0.00218	0.00311	0.01526	0.00498	0.00436
24	0.00781	0.00520	0.00585	0.00585	0.00585	0.00520	0.00325	0.00781	0.00781	0.01041	0.01691	0.03513	0.01952	0.81135	0.02732	0.00520	0.00520	0.00781	0.00325	0.00325
25	0.00657	0.00473	0.00617	0.00730	0.00769	0.00440	0.00487	0.00750	0.01031	0.01364	0.03059	0.73821	0.07771	0.04332	0.00751	0.00226	0.00316	0.01478	0.00492	0.00433
26	0.00654	0.00467	0.00623	0.00747	0.00779	0.00436	0.00498	0.00747	0.01028	0.01370	0.02959	0.80785	0.03550	0.01682	0.00685	0.00218	0.00311	0.01526	0.00498	0.00436
27	0.01113	0.00954	0.01113	0.00795	0.01272	0.00716	0.00636	0.01352	0.01113	0.01749	0.00954	0.01113	0.00795	0.00398	0.00398	0.00080	0.00398	0.00318	0.00318	0.84417
28	0.00767	0.00575	0.00863	0.00863	0.00959	0.00671	0.00671	0.00959	0.00863	0.01246	0.01438	0.02109	0.01342	0.04026	0.79008	0.00863	0.01438	0.00575	0.00288	0.00479
29	0.02408	0.00914	0.01246	0.00955	0.01370	0.00789	0.00789	0.02616	0.01536	0.78158	0.02118	0.01827	0.01329	0.00664	0.00540	0.00166	0.00457	0.00540	0.00664	0.00914
30	0.01113	0.00954	0.01113	0.00795	0.01272	0.00716	0.00636	0.01352	0.01113	0.01749	0.00954	0.01113	0.00795	0.00398	0.00398	0.00080	0.00398	0.00318	0.00318	0.84417

[dist]
# distance from previous block
# <min> <max>
0	5

[block]
# block no. 3 follows, 45 sequences, length 30
# corresponding to MSA columns:
# 223-252
name=unknown_D
#
# <colnr> <probs for GDERKNQSTAVLIFYWHMCP>
#	G	D	E	R	K	N	Q	S	T	A	V	L	I	F	Y	W	H	M	C	P
0	0.84927	0.01038	0.00789	0.00706	0.01038	0.01204	0.00581	0.01578	0.00914	0.02408	0.00747	0.00872	0.00581	0.00498	0.00332	0.00166	0.00415	0.00291	0.00332	0.00581
1	0.01405	0.74937	0.09073	0.00969	0.01456	0.02051	0.01007	0.01615	0.01094	0.01299	0.00764	0.00884	0.00688	0.00463	0.00358	0.00119	0.00592	0.00296	0.00229	0.00698
2	0.01113	0.00954	0.01113	0.00795	0.01272	0.00716	0.00636	0.01352	0.01113	0.01749	0.00954	0.01113	0.00795	0.00398	0.00398	0.00080	0.00398	0.00318	0.00318	0.84417
3	0.00855	0.00561	0.00731	0.00700	0.00831	0.00514	0.00518	0.01071	0.01420	0.07296	0.56763	0.15814	0.06917	0.02747	0.00676	0.00184	0.00282	0.01029	0.00573	0.00519
4	0.00932	0.00466	0.00699	0.00699	0.00699	0.00466	0.00466	0.00699	0.00699	0.00932	0.00932	0.01632	0.00932	0.01865	0.02098	0.84382	0.00466	0.00466	0.00233	0.00233
5	0.04778	0.01072	0.07622	0.00995	0.01439	0.00839	0.00882	0.02509	0.01484	0.69545	0.01981	0.01741	0.01253	0.00647	0.00531	0.00166	0.00483	0.00520	0.00618	0.00894
6	0.00643	0.00546	0.00555	0.00559	0.00739	0.00459	0.00424	0.00782	0.01224	0.01456	0.05346	0.05197	0.74938	0.01364	0.00638	0.00184	0.00280	0.03713	0.00498	0.00455
7	0.01901	0.01456	0.01699	0.01587	0.14775	0.01590	0.01124	0.61398	0.04114	0.03074	0.01263	0.01313	0.00920	0.00618	0.00536	0.00161	0.00595	0.00485	0.00490	0.00901
8	0.01665	0.01316	0.01621	0.01278	0.03009	0.02893	0.09751	0.44778	0.01960	0.04002	0.01403	0.10010	0.01177	0.00698	0.00545	0.00158	0.00577	0.00591	0.00464	0.12104
9	0.01550	0.29609	0.24873	0.01167	0.01695	0.05366	0.01227	0.09432	0.03852	0.13258	0.01138	0.01197	0.00849	0.00601	0.01859	0.00160	0.00653	0.00397	0.00340	0.00775
10	0.01335	0.01153	0.01214	0.01092	0.01396	0.01335	0.00850	0.02852	0.76817	0.02245	0.02185	0.02003	0.01639	0.00728	0.00546	0.00182	0.00425	0.00607	0.00546	0.00850
11	0.00705	0.00604	0.02975	0.00643	0.00804	0.00495	0.00500	0.00880	0.01290	0.01681	0.30505	0.10857	0.40428	0.01287	0.00689	0.03318	0.00292	0.01061	0.00513	0.00473
12	0.01759	0.07544	0.01593	0.01289	0.01598	0.50145	0.04769	0.08047	0.08129	0.01592	0.01375	0.01450	0.07170	0.00631	0.00504	0.00148	0.00802	0.00456	0.00336	0.00662
13	0.05896	0.27078	0.03378	0.01044	0.01444	0.01601	0.00926	0.34234	0.01770	0.04992	0.07504	0.01614	0.01288	0.00656	0.00483	0.00152	0.00543	0.04204	0.00428	0.00767
14	0.00658	0.00478	0.00620	0.00725	0.00775	0.00441	0.00490	0.00763	0.01071	0.01418	0.06989	0.69791	0.10560	0.01622	0.00678	0.00212	0.00305	0.01461	0.00503	0.00441
15	0.00741	0.00536	0.00660	0.00675	0.00798	0.00482	0.00494	0.00914	0.01287	0.03754	0.31576	0.26231	0.25055	0.01338	0.00649	0.00189	0.00288	0.03313	0.00537	0.00482
16	0.61254	0.14558	0.01271	0.00974	0.07476	0.01380	0.00741	0.04053	0.01022	0.02194	0.00787	0.00922	0.00633	0.00495	0.00358	0.00157	0.00466	0.00312	0.00316	0.00633
17	0.00654	0.00467	0.00623	0.00747	0.00779	0.00436	0.00498	0.00747	0.01028	0.01370	0.02959	0.80785	0.03550	0.01682	0.00685	0.00218	0.00311	0.01526	0.00498	0.00436
18	0.02041	0.01504	0.01611	0.01235	0.01665	0.01665	0.01020	0.75997	0.02524	0.03383	0.01289	0.01289	0.00913	0.00644	0.00537	0.00161	0.00591	0.00483	0.00537	0.00913
19	0.00704	0.00528	0.00706	0.00794	0.00821	0.00540	0.00546	0.00794	0.00998	0.01347	0.02707	0.70250	0.03233	0.05668	0.00879	0.00235	0.06939	0.01400	0.00468	0.00443
20	0.02005	0.02558	0.01521	0.01383	0.01659	0.78980	0.01037	0.02143	0.01521	0.01314	0.00830	0.00968	0.00691	0.00553	0.00484	0.00138	0.00968	0.00346	0.00277	0.00622
21	0.00781	0.00520	0.00585	0.00585	0.00585	0.00520	0.00325	0.00781	0.00781	0.01041	0.01691	0.03513	0.01952	0.81135	0.02732	0.00520	0.00520	0.00781	0.00325	0.00325
22	0.00776	0.00519	0.00587	0.00591	0.00592	0.00518	0.00331	0.00779	0.00789	0.01052	0.01735	0.06165	0.02006	0.78408	0.02662	0.00510	0.00513	0.00806	0.00331	0.00329
23	0.00769	0.00524	0.00625	0.00635	0.00650	0.00534	0.00385	0.00802	0.00811	0.01094	0.01756	0.09345	0.01995	0.64626	0.12780	0.00543	0.00627	0.00811	0.00334	0.00354
24	0.00669	0.00545	0.00592	0.00581	0.00747	0.00468	0.00435	0.00838	0.01306	0.01646	0.25586	0.04843	0.57298	0.01286	0.00634	0.00178	0.00267	0.01088	0.00524	0.00468
25	0.00654	0.00467	0.00623	0.00747	0.00779	0.00436	0.00498	0.00747	0.01028	0.01370	0.02959	0.80785	0.03550	0.01682	0.00685	0.00218	0.00311	0.01526	0.00498	0.00436
26	0.01113	0.00954	0.01113	0.00795	0.01272	0.00716	0.00636	0.01352	0.01113	0.01749	0.00954	0.01113	0.00795	0.00398	0.00398	0.00080	0.00398	0.00318	0.00318	0.84417
27	0.00718	0.00508	0.00647	0.00733	0.00779	0.00484	0.00490	0.03030	0.01045	0.01385	0.02826	0.63623	0.06884	0.10247	0.00947	0.03045	0.00346	0.01359	0.00472	0.00433
28	0.01072	0.00721	0.00887	0.00885	0.01057	0.00730	0.00686	0.02971	0.16620	0.10308	0.07657	0.27014	0.07023	0.02697	0.00681	0.00210	0.00395	0.17256	0.00529	0.00600
29	0.02007	0.02505	0.01526	0.01375	0.01660	0.75042	0.01036	0.05905	0.01572	0.01419	0.00853	0.00984	0.00703	0.00558	0.00487	0.00139	0.00949	0.00353	0.00290	0.00637

[dist]
# distance from previous block
# <min> <max>
1	26

[block]
# block no. 4 follows, 45 sequences, length 6
# corresponding to MSA columns:
# 281-286
name=unknown_E
#
# <colnr> <probs for GDERKNQSTAVLIFYWHMCP>
#	G	D	E	R	K	N	Q	S	T	A	V	L	I	F	Y	W	H	M	C	P
0	0.08652	0.00640	0.00794	0.00723	0.00904	0.00606	0.00553	0.01277	0.01433	0.13076	0.54591	0.08623	0.04016	0.01020	0.00596	0.00172	0.00301	0.00884	0.00572	0.00567
1	0.68534	0.01017	0.00825	0.00742	0.01057	0.01174	0.00602	0.01721	0.10735	0.02360	0.01000	0.01093	0.00771	0.00536	0.00363	0.00165	0.00405	0.00345	0.05942	0.00611
2	0.00905	0.00590	0.00677	0.00630	0.00812	0.00515	0.00471	0.01063	0.01287	0.11478	0.20569	0.04322	0.44503	0.08809	0.00822	0.00209	0.00315	0.00987	0.00524	0.00512
3	0.12010	0.01182	0.01593	0.13750	0.01808	0.05021	0.06517	0.01410	0.00949	0.01505	0.00819	0.01215	0.00721	0.00755	0.01195	0.00205	0.45137	0.00455	0.03157	0.00596
4	0.05940	0.00551	0.00682	0.00733	0.00821	0.00525	0.00506	0.00968	0.01073	0.07555	0.07447	0.54078	0.05690	0.09777	0.00861	0.00238	0.00346	0.01246	0.00489	0.00476
5	0.00668	0.00518	0.00612	0.00668	0.00779	0.00461	0.00483	0.00803	0.01167	0.01483	0.09971	0.36286	0.36359	0.01480	0.00662	0.00200	0.00301	0.06140	0.00505	0.00453

[dist]
# distance from previous block
# <min> <max>
0	1

[block]
# block no. 5 follows, 45 sequences, length 66
# corresponding to MSA columns:
# 288-353
name=unknown_F
#
# <colnr> <probs for GDERKNQSTAVLIFYWHMCP>
#	G	D	E	R	K	N	Q	S	T	A	V	L	I	F	Y	W	H	M	C	P
0	0.02354	0.01001	0.01300	0.00996	0.01414	0.00918	0.00823	0.13450	0.01682	0.67118	0.01995	0.01748	0.01267	0.00661	0.00539	0.00165	0.00477	0.00531	0.00646	0.00913
1	0.01271	0.00985	0.01155	0.00835	0.01304	0.00781	0.00672	0.06129	0.01234	0.07741	0.01065	0.01179	0.00844	0.00434	0.00417	0.00091	0.00414	0.00345	0.00358	0.72745
2	0.00877	0.00569	0.00749	0.00704	0.00843	0.00521	0.00527	0.01111	0.01473	0.07936	0.64494	0.11255	0.04631	0.01120	0.00631	0.00173	0.00275	0.00991	0.00588	0.00531
3	0.00667	0.00480	0.00634	0.00741	0.00787	0.00447	0.00506	0.00778	0.01078	0.01440	0.08786	0.70339	0.06162	0.01621	0.00681	0.00214	0.00310	0.03381	0.00505	0.00444
4	0.01174	0.01174	0.01644	0.01409	0.01409	0.01644	0.01174	0.01292	0.00822	0.01292	0.00705	0.01174	0.00705	0.00940	0.01762	0.00235	0.80153	0.00470	0.00235	0.00587
5	0.01113	0.00954	0.01113	0.00795	0.01272	0.00716	0.00636	0.01352	0.01113	0.01749	0.00954	0.01113	0.00795	0.00398	0.00398	0.00080	0.00398	0.00318	0.00318	0.84417
6	0.01082	0.00689	0.00924	0.00960	0.01134	0.00683	0.00818	0.01422	0.07128	0.11194	0.10357	0.05009	0.02962	0.01284	0.00690	0.00224	0.00460	0.51877	0.00529	0.00575
7	0.01996	0.12088	0.01602	0.01068	0.01479	0.01410	0.00902	0.40859	0.01968	0.23790	0.01475	0.01425	0.01027	0.00624	0.00502	0.00154	0.00530	0.00474	0.05771	0.00857
8	0.01077	0.02777	0.78354	0.01530	0.02323	0.01247	0.01983	0.01700	0.01133	0.01700	0.00963	0.01133	0.00680	0.00510	0.00510	0.00170	0.00793	0.00397	0.00227	0.00793
9	0.71953	0.01019	0.00861	0.00745	0.01090	0.01139	0.00614	0.01741	0.01011	0.14318	0.00963	0.01022	0.00699	0.00524	0.00365	0.00166	0.00422	0.00330	0.00384	0.00634
10	0.00654	0.00467	0.00623	0.00747	0.00779	0.00436	0.00498	0.00747	0.01028	0.01370	0.02959	0.80785	0.03550	0.01682	0.00685	0.00218	0.00311	0.01526	0.00498	0.00436
11	0.00781	0.00520	0.00585	0.00585	0.00585	0.00520	0.00325	0.00781	0.00781	0.01041	0.01691	0.03513	0.01952	0.81135	0.02732	0.00520	0.00520	0.00781	0.00325	0.00325
12	0.02005	0.02558	0.01521	0.01383	0.01659	0.78980	0.01037	0.02143	0.01521	0.01314	0.00830	0.00968	0.00691	0.00553	0.00484	0.00138	0.00968	0.00346	0.00277	0.00622
13	0.00770	0.00516	0.00589	0.00600	0.00602	0.00513	0.00340	0.00778	0.00802	0.01069	0.01802	0.10233	0.02091	0.74225	0.02554	0.00494	0.00502	0.00845	0.00340	0.00335
14	0.00760	0.00549	0.00718	0.00675	0.00802	0.00506	0.00506	0.01013	0.01519	0.02153	0.77503	0.04010	0.05065	0.01097	0.00633	0.00169	0.00253	0.00971	0.00591	0.00506
15	0.00639	0.00538	0.00554	0.00563	0.00731	0.00453	0.00417	0.00775	0.01216	0.01461	0.07027	0.10966	0.70073	0.01378	0.00638	0.00184	0.00274	0.01159	0.00501	0.00453
16	0.62720	0.01005	0.00912	0.00773	0.01127	0.01092	0.00637	0.01857	0.01081	0.22793	0.01116	0.01129	0.00782	0.00543	0.00388	0.00166	0.00426	0.00358	0.00422	0.00671
17	0.00932	0.00466	0.00699	0.00699	0.00699	0.00466	0.00466	0.00699	0.00699	0.00932	0.00932	0.01632	0.00932	0.01865	0.02098	0.84382	0.00466	0.00466	0.00233	0.00233
18	0.01418	0.01135	0.01216	0.01082	0.01394	0.01293	0.00845	0.02834	0.71014	0.08097	0.02180	0.01989	0.01615	0.00723	0.00546	0.00181	0.00427	0.00602	0.00555	0.00855
19	0.00710	0.00491	0.00606	0.00675	0.00693	0.00474	0.00421	0.00762	0.00918	0.01224	0.02395	0.46444	0.02840	0.36992	0.01595	0.00352	0.00404	0.01195	0.00421	0.00387
20	0.00798	0.00571	0.00787	0.00901	0.00998	0.00559	0.00739	0.01002	0.01193	0.01570	0.07216	0.27366	0.03336	0.01517	0.00719	0.00234	0.00428	0.49085	0.00501	0.00478
21	0.00781	0.00520	0.00585	0.00585	0.00585	0.00520	0.00325	0.00781	0.00781	0.01041	0.01691	0.03513	0.01952	0.81135	0.02732	0.00520	0.00520	0.00781	0.00325	0.00325
22	0.05030	0.00917	0.01231	0.00947	0.01360	0.00802	0.00782	0.02583	0.01517	0.75752	0.02074	0.01797	0.01305	0.00659	0.00533	0.00166	0.00455	0.00532	0.00654	0.00903
23	0.01113	0.00954	0.01113	0.00795	0.01272	0.00716	0.00636	0.01352	0.01113	0.01749	0.00954	0.01113	0.00795	0.00398	0.00398	0.00080	0.00398	0.00318	0.00318	0.84417
24	0.00657	0.00469	0.00625	0.00745	0.00779	0.00438	0.00499	0.00755	0.01041	0.01392	0.04994	0.78689	0.03592	0.01666	0.00684	0.00217	0.00310	0.01511	0.00501	0.00438
25	0.00652	0.00473	0.00617	0.00732	0.00774	0.00437	0.00491	0.00749	0.01043	0.01376	0.03150	0.74956	0.09256	0.01657	0.00681	0.00215	0.00308	0.01496	0.00498	0.00437
26	0.00778	0.00531	0.00640	0.00640	0.00659	0.00550	0.00393	0.00816	0.00797	0.01081	0.01641	0.03236	0.01831	0.65933	0.17770	0.00588	0.00701	0.00740	0.00318	0.00356
27	0.01405	0.01188	0.01253	0.01106	0.01422	0.01368	0.00866	0.10074	0.69482	0.02358	0.02096	0.01932	0.01567	0.00720	0.00545	0.00180	0.00441	0.00595	0.00545	0.00856
28	0.01435	0.81458	0.02813	0.00918	0.01378	0.02124	0.00918	0.01607	0.01091	0.01263	0.00746	0.00861	0.00689	0.00459	0.00344	0.00115	0.00574	0.00287	0.00230	0.00689
29	0.02536	0.00929	0.01431	0.38375	0.05254	0.01079	0.04738	0.06437	0.01170	0.04997	0.01236	0.04211	0.01016	0.02899	0.07282	0.00241	0.05146	0.00537	0.09872	0.00614
30	0.01217	0.01168	0.02006	0.29944	0.50077	0.01249	0.03466	0.01553	0.01172	0.01620	0.00992	0.01367	0.00802	0.00498	0.00536	0.00167	0.00672	0.00482	0.00256	0.00759
31	0.01084	0.01030	0.01654	0.70188	0.09600	0.03130	0.01483	0.02862	0.01125	0.01440	0.00962	0.01409	0.00730	0.00534	0.00535	0.00176	0.00713	0.00474	0.00247	0.00624
32	0.09121	0.65438	0.04009	0.00953	0.01391	0.08938	0.00919	0.01655	0.01114	0.01381	0.00758	0.00877	0.00679	0.00472	0.00359	0.00123	0.00599	0.00295	0.00243	0.00675
33	0.01014	0.00954	0.01610	0.79845	0.03697	0.01193	0.01491	0.01371	0.01073	0.01371	0.00954	0.01431	0.00716	0.00537	0.00537	0.00179	0.00716	0.00477	0.00239	0.00596
34	0.00763	0.00555	0.00777	0.00781	0.00853	0.00613	0.00572	0.00909	0.00895	0.01263	0.06353	0.07122	0.01843	0.21268	0.52169	0.00704	0.01089	0.00702	0.00327	0.00443
35	0.06174	0.01279	0.04023	0.05020	0.58625	0.01238	0.04069	0.03646	0.01226	0.01822	0.00998	0.01286	0.00822	0.00479	0.00513	0.00155	0.00621	0.00458	0.00279	0.07265
36	0.73171	0.01104	0.00906	0.00781	0.01127	0.01270	0.00644	0.12133	0.01142	0.02547	0.00824	0.00931	0.00628	0.00519	0.00361	0.00165	0.00440	0.00318	0.00361	0.00628
37	0.01962	0.01442	0.01547	0.01194	0.01597	0.01593	0.00977	0.71281	0.02415	0.03236	0.01314	0.01428	0.00978	0.05691	0.00675	0.00184	0.00586	0.00502	0.00524	0.00876
38	0.00654	0.00467	0.00623	0.00747	0.00779	0.00436	0.00498	0.00747	0.01028	0.01370	0.02959	0.80785	0.03550	0.01682	0.00685	0.00218	0.00311	0.01526	0.00498	0.00436
39	0.01392	0.71951	0.11941	0.00992	0.01492	0.02018	0.01047	0.01619	0.01096	0.01316	0.00772	0.00894	0.00688	0.00465	0.00364	0.00121	0.00601	0.00300	0.00229	0.00701
40	0.05619	0.00563	0.00683	0.00673	0.00802	0.00528	0.00497	0.00969	0.01362	0.01944	0.51101	0.17065	0.13832	0.01196	0.00625	0.00179	0.00275	0.01047	0.00548	0.00492
41	0.00666	0.00472	0.00619	0.00732	0.00760	0.00444	0.00481	0.00751	0.01003	0.01338	0.02834	0.73210	0.03394	0.09470	0.00886	0.00248	0.00332	0.01453	0.00481	0.00425
42	0.00927	0.00470	0.00704	0.00704	0.00708	0.00473	0.00473	0.00708	0.00704	0.00942	0.00948	0.01647	0.00945	0.01933	0.04541	0.81729	0.00497	0.00470	0.00235	0.00241
43	0.58330	0.00964	0.00826	0.00749	0.01036	0.01084	0.00598	0.08734	0.01111	0.02295	0.01415	0.12012	0.05859	0.00729	0.00420	0.00173	0.00406	0.00534	0.02140	0.00585
44	0.00859	0.00539	0.00667	0.00695	0.00767	0.00509	0.00470	0.00952	0.01034	0.07252	0.06898	0.32272	0.07462	0.29589	0.01386	0.00315	0.00398	0.04838	0.02655	0.00444
45	0.01289	0.01375	0.02834	0.02065	0.02560	0.01313	0.63115	0.07389	0.01361	0.01837	0.01265	0.01863	0.01033	0.00563	0.00636	0.00186	0.00843	0.07444	0.00313	0.00717
46	0.00865	0.00618	0.00865	0.00989	0.01112	0.00618	0.00865	0.01112	0.01236	0.01606	0.02842	0.06055	0.03089	0.01483	0.00741	0.00247	0.00494	0.74174	0.00494	0.00494
47	0.00781	0.00520	0.00585	0.00585	0.00585	0.00520	0.00325	0.00781	0.00781	0.01041	0.01691	0.03513	0.01952	0.81135	0.02732	0.00520	0.00520	0.00781	0.00325	0.00325
48	0.00654	0.00467	0.00623	0.00747	0.00779	0.00436	0.00498	0.00747	0.01028	0.01370	0.02959	0.80785	0.03550	0.01682	0.00685	0.00218	0.00311	0.01526	0.00498	0.00436
49	0.01335	0.01153	0.01214	0.01092	0.01396	0.01335	0.00850	0.02852	0.76817	0.02245	0.02185	0.02003	0.01639	0.00728	0.00546	0.00182	0.00425	0.00607	0.00546	0.00850
50	0.02005	0.02558	0.01521	0.01383	0.01659	0.78980	0.01037	0.02143	0.01521	0.01314	0.00830	0.00968	0.00691	0.00553	0.00484	0.00138	0.00968	0.00346	0.00277	0.00622
51	0.01316	0.01133	0.01197	0.01078	0.01376	0.01307	0.00838	0.02790	0.74266	0.02242	0.04736	0.02071	0.01755	0.00741	0.00549	0.00182	0.00419	0.00619	0.00548	0.00838
52	0.00881	0.00547	0.00635	0.00614	0.00647	0.00536	0.00365	0.00909	0.00871	0.05940	0.06126	0.03436	0.02094	0.71437	0.02473	0.00478	0.00501	0.00777	0.00362	0.00373
53	0.00654	0.00467	0.00623	0.00747	0.00779	0.00436	0.00498	0.00747	0.01028	0.01370	0.02959	0.80785	0.03550	0.01682	0.00685	0.00218	0.00311	0.01526	0.00498	0.00436
54	0.00738	0.00565	0.00585	0.00568	0.00763	0.00473	0.00430	0.00878	0.01242	0.05910	0.05245	0.04972	0.73136	0.01319	0.00629	0.00180	0.00283	0.01098	0.00508	0.00480
55	0.01113	0.00954	0.01113	0.00795	0.01272	0.00716	0.00636	0.01352	0.01113	0.01749	0.00954	0.01113	0.00795	0.00398	0.00398	0.00080	0.00398	0.00318	0.00318	0.84417
56	0.00767	0.00575	0.00863	0.00863	0.00959	0.00671	0.00671	0.00959	0.00863	0.01246	0.01438	0.02109	0.01342	0.04026	0.79008	0.00863	0.01438	0.00575	0.00288	0.00479
57	0.00865	0.00618	0.00865	0.00989	0.01112	0.00618	0.00865	0.01112	0.01236	0.01606	0.02842	0.06055	0.03089	0.01483	0.00741	0.00247	0.00494	0.74174	0.00494	0.00494
58	0.02408	0.00914	0.01246	0.00955	0.01370	0.00789	0.00789	0.02616	0.01536	0.78158	0.02118	0.01827	0.01329	0.00664	0.00540	0.00166	0.00457	0.00540	0.00664	0.00914
59	0.00642	0.00540	0.00558	0.00570	0.00739	0.00456	0.00426	0.00777	0.01209	0.01448	0.05185	0.10888	0.70110	0.01387	0.00641	0.00186	0.00280	0.03006	0.00498	0.00453
60	0.01014	0.00954	0.01610	0.79845	0.03697	0.01193	0.01491	0.01371	0.01073	0.01371	0.00954	0.01431	0.00716	0.00537	0.00537	0.00179	0.00716	0.00477	0.00239	0.00596
61	0.00659	0.00471	0.00629	0.00753	0.00787	0.00440	0.00507	0.00756	0.01033	0.01376	0.02956	0.78992	0.03539	0.01677	0.00686	0.00219	0.00316	0.03269	0.00498	0.00437
62	0.07127	0.02339	0.01482	0.07388	0.01778	0.68108	0.01044	0.02049	0.01449	0.01387	0.00834	0.00998	0.00686	0.00548	0.00479	0.00143	0.00914	0.00352	0.00277	0.00618
63	0.01443	0.30929	0.17830	0.06187	0.18969	0.03759	0.01323	0.01754	0.01192	0.10419	0.01024	0.01171	0.00800	0.00505	0.00458	0.00147	0.00639	0.00395	0.00290	0.00766
64	0.02963	0.00903	0.02382	0.03246	0.03884	0.00820	0.00787	0.04310	0.06109	0.29324	0.07862	0.02626	0.11857	0.00816	0.00575	0.00166	0.01857	0.06903	0.00517	0.12096
65	0.03422	0.49732	0.05956	0.01107	0.05845	0.09187	0.00968	0.03756	0.01202	0.01498	0.04540	0.01114	0.00933	0.00507	0.00401	0.00125	0.00589	0.00354	0.01622	0.07143

[dist]
# distance from previous block
# <min> <max>
5	14

[block]
# block no. 6 follows, 45 sequences, length 35
# corresponding to MSA columns:
# 368-402
name=unknown_G
#
# <colnr> <probs for GDERKNQSTAVLIFYWHMCP>
#	G	D	E	R	K	N	Q	S	T	A	V	L	I	F	Y	W	H	M	C	P
0	0.01404	0.02694	0.04048	0.07032	0.42284	0.01259	0.07082	0.05018	0.11430	0.07557	0.01257	0.01448	0.00974	0.00532	0.00534	0.00162	0.00613	0.00501	0.00344	0.03826
1	0.08884	0.01006	0.01296	0.21971	0.01935	0.02594	0.04088	0.07177	0.12508	0.04771	0.01602	0.13543	0.03269	0.00764	0.00572	0.00173	0.03083	0.00644	0.00389	0.09731
2	0.01831	0.01347	0.01461	0.01161	0.01531	0.01479	0.00941	0.64607	0.02297	0.03078	0.01542	0.13321	0.01312	0.00801	0.00559	0.00170	0.00548	0.00641	0.00531	0.00841
3	0.01300	0.01338	0.02541	0.05206	0.17941	0.03859	0.44999	0.01675	0.01263	0.04931	0.01355	0.01632	0.05401	0.00525	0.00592	0.00171	0.00771	0.00601	0.00301	0.03598
4	0.00697	0.00521	0.00706	0.07988	0.01027	0.00514	0.00569	0.00809	0.01023	0.01347	0.02815	0.62481	0.07558	0.08256	0.00841	0.00238	0.00364	0.01343	0.00460	0.00442
5	0.61728	0.01141	0.02615	0.02532	0.01202	0.05767	0.00689	0.03448	0.01090	0.10626	0.04206	0.01144	0.00874	0.00550	0.00390	0.00165	0.00465	0.00361	0.00377	0.00630
6	0.01646	0.02672	0.08193	0.05820	0.01651	0.01373	0.01012	0.45983	0.05403	0.04700	0.01438	0.06309	0.01189	0.09226	0.00774	0.00205	0.00580	0.00573	0.00466	0.00786
7	0.00908	0.00640	0.00782	0.00746	0.00904	0.00619	0.00557	0.02586	0.09978	0.06261	0.41414	0.17414	0.12790	0.01158	0.00626	0.00180	0.00303	0.01014	0.00561	0.00557
8	0.08557	0.00635	0.00823	0.00928	0.01058	0.00646	0.00786	0.01103	0.01176	0.01646	0.02666	0.16274	0.02925	0.01421	0.00696	0.00236	0.00461	0.56989	0.00480	0.00494
9	0.01150	0.01137	0.08159	0.01019	0.01322	0.01099	0.00864	0.02231	0.49099	0.02122	0.17453	0.02583	0.05941	0.00832	0.00570	0.00180	0.00418	0.02551	0.00522	0.00747
10	0.01476	0.03085	0.01813	0.21930	0.30351	0.27513	0.01379	0.01737	0.01275	0.01490	0.00924	0.01221	0.00757	0.00528	0.00539	0.00158	0.02434	0.00430	0.00261	0.00701
11	0.77774	0.02941	0.00883	0.00751	0.01085	0.04560	0.00618	0.03137	0.00977	0.02356	0.00762	0.00884	0.00595	0.00503	0.00343	0.00164	0.00446	0.00297	0.00332	0.00592
12	0.02320	0.00998	0.01328	0.01087	0.04650	0.00912	0.00852	0.11154	0.01638	0.66172	0.01974	0.01743	0.01260	0.00654	0.00539	0.00165	0.00480	0.00531	0.00633	0.00911
13	0.01448	0.04523	0.01511	0.10967	0.06283	0.01115	0.04117	0.17670	0.03116	0.08968	0.01197	0.02794	0.00929	0.00534	0.00482	0.00133	0.00527	0.00444	0.00386	0.32857
14	0.02772	0.00602	0.00711	0.00689	0.00829	0.00580	0.00510	0.03413	0.04488	0.01720	0.27532	0.10596	0.26215	0.03602	0.05478	0.07965	0.00384	0.00948	0.00486	0.00482
15	0.00760	0.00549	0.00718	0.00675	0.00802	0.00506	0.00506	0.01013	0.01519	0.02153	0.77503	0.04010	0.05065	0.01097	0.00633	0.00169	0.00253	0.00971	0.00591	0.00506
16	0.77346	0.01027	0.00831	0.00729	0.01069	0.01166	0.00600	0.01673	0.00971	0.09367	0.00873	0.00960	0.00650	0.00514	0.00351	0.00166	0.00419	0.00314	0.00363	0.00612
17	0.00959	0.00568	0.00734	0.00755	0.00871	0.00523	0.00535	0.01113	0.02662	0.13474	0.10553	0.49034	0.08472	0.06147	0.00772	0.00220	0.00340	0.01224	0.00524	0.00521
18	0.00905	0.00710	0.00794	0.00744	0.00941	0.00706	0.00566	0.01435	0.20737	0.03968	0.28447	0.05437	0.30347	0.01098	0.00610	0.00178	0.00311	0.00936	0.00546	0.00585
19	0.84927	0.01038	0.00789	0.00706	0.01038	0.01204	0.00581	0.01578	0.00914	0.02408	0.00747	0.00872	0.00581	0.00498	0.00332	0.00166	0.00415	0.00291	0.00332	0.00581
20	0.63964	0.00998	0.00893	0.00763	0.01109	0.01092	0.00627	0.01804	0.01071	0.19851	0.02846	0.01165	0.00858	0.00550	0.00387	0.00166	0.00421	0.00364	0.00415	0.00656
21	0.06796	0.00831	0.01016	0.00873	0.01153	0.00802	0.00680	0.04164	0.10724	0.36731	0.04867	0.16289	0.04362	0.05538	0.00684	0.00197	0.00414	0.00756	0.02395	0.00727
22	0.01061	0.00628	0.00815	0.00738	0.00920	0.00576	0.00567	0.01327	0.03534	0.15688	0.53530	0.06945	0.08157	0.01056	0.00618	0.00173	0.00302	0.02190	0.00592	0.00583
23	0.17291	0.00605	0.00556	0.00540	0.00706	0.00637	0.00415	0.01314	0.01085	0.02080	0.01556	0.01782	0.01222	0.00601	0.00367	0.00133	0.00282	0.00460	0.67852	0.00516
24	0.00702	0.00501	0.00634	0.00703	0.00778	0.00458	0.00485	0.00824	0.01130	0.02896	0.13818	0.53748	0.15647	0.04119	0.00734	0.00214	0.00306	0.01342	0.00509	0.00454
25	0.04293	0.00543	0.00630	0.00663	0.00778	0.00498	0.00469	0.00876	0.01154	0.03452	0.13988	0.34643	0.28160	0.06403	0.00771	0.00214	0.00311	0.01194	0.00498	0.00463
26	0.02041	0.01504	0.01611	0.01235	0.01665	0.01665	0.01020	0.75997	0.02524	0.03383	0.01289	0.01289	0.00913	0.00644	0.00537	0.00161	0.00591	0.00483	0.00537	0.00913
27	0.01133	0.00729	0.00843	0.00778	0.01002	0.00701	0.00594	0.01569	0.16826	0.16443	0.09265	0.15511	0.30218	0.01126	0.00606	0.00183	0.00344	0.00959	0.00547	0.00625
28	0.00749	0.00512	0.00656	0.00706	0.00779	0.00475	0.00485	0.00877	0.01148	0.04047	0.20681	0.46570	0.08613	0.10041	0.00885	0.00235	0.00322	0.01255	0.00507	0.00458
29	0.00932	0.00466	0.00699	0.00699	0.00699	0.00466	0.00466	0.00699	0.00699	0.00932	0.00932	0.01632	0.00932	0.01865	0.02098	0.84382	0.00466	0.00466	0.00233	0.00233
30	0.07691	0.00931	0.01158	0.00927	0.01278	0.00883	0.00743	0.08772	0.05417	0.52109	0.01952	0.05254	0.01410	0.08091	0.00733	0.00201	0.00464	0.00586	0.00586	0.00813
31	0.00852	0.00535	0.00671	0.00702	0.00783	0.00496	0.00475	0.00951	0.01073	0.08416	0.08857	0.41566	0.10054	0.20652	0.01156	0.00279	0.00367	0.01174	0.00479	0.00461
32	0.00752	0.00544	0.00702	0.00709	0.00771	0.00573	0.00492	0.00854	0.00877	0.01191	0.02057	0.07122	0.10012	0.35153	0.35181	0.00615	0.00877	0.00770	0.00337	0.00411
33	0.84927	0.01038	0.00789	0.00706	0.01038	0.01204	0.00581	0.01578	0.00914	0.02408	0.00747	0.00872	0.00581	0.00498	0.00332	0.00166	0.00415	0.00291	0.00332	0.00581
34	0.01014	0.00954	0.01610	0.79845	0.03697	0.01193	0.01491	0.01371	0.01073	0.01371	0.00954	0.01431	0.00716	0.00537	0.00537	0.00179	0.00716	0.00477	0.00239	0.00596

[dist]
# distance from previous block
# <min> <max>
0	1

[block]
# block no. 7 follows, 45 sequences, length 62
# corresponding to MSA columns:
# 404-455,457-466
name=unknown_H
#
# <colnr> <probs for GDERKNQSTAVLIFYWHMCP>
#	G	D	E	R	K	N	Q	S	T	A	V	L	I	F	Y	W	H	M	C	P
0	0.08495	0.63491	0.09339	0.00980	0.01448	0.05980	0.00992	0.01641	0.01102	0.01402	0.00770	0.00892	0.00679	0.00472	0.00366	0.00125	0.00601	0.00300	0.00240	0.00686
1	0.46401	0.01210	0.07563	0.00909	0.01306	0.01164	0.00812	0.11854	0.01295	0.19168	0.01192	0.01287	0.00860	0.00580	0.00431	0.00168	0.00482	0.02175	0.00428	0.00715
2	0.30800	0.25907	0.02853	0.00981	0.01344	0.21308	0.00842	0.03833	0.01185	0.03604	0.00836	0.00961	0.00689	0.00590	0.02206	0.00159	0.00640	0.00323	0.00298	0.00643
3	0.00779	0.00525	0.00609	0.00609	0.00617	0.00533	0.00354	0.00796	0.00788	0.01058	0.01670	0.03394	0.01900	0.74613	0.09184	0.00549	0.00598	0.00763	0.00322	0.00338
4	0.84927	0.01038	0.00789	0.00706	0.01038	0.01204	0.00581	0.01578	0.00914	0.02408	0.00747	0.00872	0.00581	0.00498	0.00332	0.00166	0.00415	0.00291	0.00332	0.00581
5	0.35286	0.16792	0.01469	0.00949	0.01329	0.05868	0.00805	0.20141	0.05944	0.05409	0.01027	0.01084	0.00784	0.00550	0.00415	0.00154	0.00523	0.00370	0.00386	0.00716
6	0.00673	0.00530	0.00598	0.00622	0.00752	0.00467	0.00451	0.00812	0.01200	0.01515	0.14973	0.20731	0.44791	0.06083	0.00772	0.00209	0.00299	0.03570	0.00501	0.00451
7	0.06562	0.06351	0.01306	0.01037	0.03082	0.01101	0.00830	0.16454	0.11511	0.25739	0.07081	0.06558	0.01735	0.00803	0.00548	0.00174	0.00470	0.07347	0.00537	0.00776
8	0.04178	0.57523	0.19685	0.01094	0.01623	0.03169	0.03240	0.01639	0.01106	0.01413	0.00806	0.00941	0.00687	0.00473	0.00392	0.00131	0.00634	0.00322	0.00234	0.00709
9	0.01014	0.00954	0.01610	0.79845	0.03697	0.01193	0.01491	0.01371	0.01073	0.01371	0.00954	0.01431	0.00716	0.00537	0.00537	0.00179	0.00716	0.00477	0.00239	0.00596
10	0.03100	0.00481	0.00695	0.00703	0.00715	0.00483	0.00472	0.00726	0.00732	0.01007	0.01094	0.08116	0.01138	0.01814	0.01936	0.75270	0.00452	0.00549	0.00257	0.00259
11	0.04658	0.11284	0.33932	0.04210	0.02225	0.03538	0.20125	0.08012	0.03753	0.01821	0.01024	0.01217	0.00763	0.00510	0.00518	0.00165	0.00754	0.00454	0.00281	0.00756
12	0.00775	0.00543	0.00699	0.00699	0.00738	0.00582	0.00467	0.00854	0.00814	0.01125	0.01587	0.02937	0.01702	0.49537	0.33989	0.00661	0.00896	0.00696	0.00310	0.00388
13	0.00839	0.00516	0.00689	0.00742	0.00812	0.00480	0.00511	0.00928	0.01087	0.07616	0.11662	0.54157	0.03244	0.05933	0.00900	0.07344	0.00341	0.01248	0.00491	0.00460
14	0.00864	0.00889	0.08414	0.00978	0.01216	0.00707	0.10277	0.01141	0.02427	0.03132	0.30081	0.17528	0.14925	0.02373	0.00687	0.00189	0.02176	0.00973	0.00472	0.00552
15	0.12503	0.12690	0.04810	0.06307	0.01727	0.03713	0.03467	0.39974	0.01823	0.03732	0.01082	0.01179	0.00806	0.00589	0.00525	0.00159	0.03287	0.00429	0.00411	0.00788
16	0.00815	0.00624	0.00892	0.00882	0.00996	0.00727	0.00686	0.01119	0.07287	0.01331	0.01501	0.02100	0.01367	0.03747	0.72371	0.00805	0.01352	0.00578	0.00309	0.00511
17	0.00671	0.00493	0.00629	0.00706	0.00775	0.00451	0.00487	0.00800	0.01146	0.01525	0.17034	0.56118	0.14133	0.01529	0.00668	0.00204	0.00295	0.01369	0.00515	0.00451
18	0.54212	0.01018	0.00903	0.00795	0.01087	0.01147	0.00632	0.14630	0.01216	0.02381	0.03042	0.08886	0.01132	0.06218	0.00576	0.00195	0.00440	0.00494	0.00390	0.00607
19	0.01927	0.01457	0.01648	0.03975	0.08162	0.01607	0.01084	0.65233	0.04434	0.03148	0.01279	0.01317	0.00921	0.00629	0.00537	0.00162	0.00594	0.00486	0.00505	0.00895
20	0.01121	0.12603	0.68920	0.01454	0.02205	0.01356	0.01850	0.01688	0.01128	0.01645	0.00936	0.01099	0.00681	0.00504	0.00489	0.00163	0.00766	0.00383	0.00227	0.00780
21	0.01014	0.00954	0.01610	0.79845	0.03697	0.01193	0.01491	0.01371	0.01073	0.01371	0.00954	0.01431	0.00716	0.00537	0.00537	0.00179	0.00716	0.00477	0.00239	0.00596
22	0.00692	0.00511	0.00661	0.00743	0.00818	0.00460	0.00506	0.00799	0.01043	0.01406	0.02889	0.70999	0.06300	0.01560	0.00659	0.00205	0.00317	0.01408	0.00483	0.07540
23	0.02318	0.00934	0.01243	0.00967	0.01372	0.00835	0.00794	0.02636	0.07904	0.71737	0.02123	0.01842	0.01355	0.00670	0.00540	0.00167	0.00454	0.00545	0.00654	0.00908
24	0.00767	0.00575	0.00863	0.00863	0.00959	0.00671	0.00671	0.00959	0.00863	0.01246	0.01438	0.02109	0.01342	0.04026	0.79008	0.00863	0.01438	0.00575	0.00288	0.00479
25	0.02408	0.00914	0.01246	0.00955	0.01370	0.00789	0.00789	0.02616	0.01536	0.78158	0.02118	0.01827	0.01329	0.00664	0.00540	0.00166	0.00457	0.00540	0.00664	0.00914
26	0.00781	0.00520	0.00585	0.00585	0.00585	0.00520	0.00325	0.00781	0.00781	0.01041	0.01691	0.03513	0.01952	0.81135	0.02732	0.00520	0.00520	0.00781	0.00325	0.00325
27	0.00655	0.00533	0.00580	0.00592	0.00744	0.00458	0.00435	0.00800	0.01235	0.01535	0.15018	0.16337	0.56466	0.01372	0.00642	0.00185	0.00275	0.01169	0.00511	0.00458
28	0.00921	0.00469	0.00694	0.00694	0.00700	0.00466	0.00464	0.00702	0.00719	0.00952	0.01100	0.01763	0.03782	0.01846	0.02043	0.81252	0.00459	0.00491	0.00243	0.00241
29	0.01435	0.81458	0.02813	0.00918	0.01378	0.02124	0.00918	0.01607	0.01091	0.01263	0.00746	0.00861	0.00689	0.00459	0.00344	0.00115	0.00574	0.00287	0.00230	0.00689
30	0.00636	0.00537	0.00550	0.00561	0.00730	0.00452	0.00415	0.00768	0.01207	0.01443	0.05228	0.11562	0.71308	0.01387	0.00639	0.00184	0.00275	0.01166	0.00498	0.00452
31	0.07359	0.00563	0.00588	0.00584	0.00712	0.00567	0.00428	0.02365	0.01146	0.01912	0.11019	0.10947	0.04604	0.07051	0.00631	0.00177	0.00297	0.00695	0.47864	0.00492
32	0.00695	0.00475	0.00609	0.00712	0.00748	0.00449	0.00472	0.00793	0.01013	0.01393	0.02740	0.67017	0.03219	0.08897	0.00847	0.00238	0.00325	0.01371	0.07555	0.00431
33	0.00767	0.00575	0.00863	0.00863	0.00959	0.00671	0.00671	0.00959	0.00863	0.01246	0.01438	0.02109	0.01342	0.04026	0.79008	0.00863	0.01438	0.00575	0.00288	0.00479
34	0.01338	0.00993	0.01085	0.00946	0.01230	0.01057	0.00756	0.21040	0.23330	0.06681	0.04873	0.04351	0.19620	0.00936	0.00579	0.00179	0.00427	0.06594	0.03267	0.00719
35	0.00679	0.00545	0.00608	0.00601	0.00760	0.00473	0.00452	0.00853	0.01311	0.01670	0.27694	0.06801	0.51316	0.01289	0.00638	0.00180	0.00273	0.02861	0.00527	0.00470
36	0.00781	0.00520	0.00585	0.00585	0.00585	0.00520	0.00325	0.00781	0.00781	0.01041	0.01691	0.03513	0.01952	0.81135	0.02732	0.00520	0.00520	0.00781	0.00325	0.00325
37	0.01267	0.01448	0.03167	0.02262	0.02805	0.01357	0.75837	0.01719	0.01267	0.01719	0.01086	0.01448	0.00814	0.00452	0.00633	0.00181	0.00905	0.00633	0.00271	0.00724
38	0.01145	0.00959	0.01119	0.00807	0.01278	0.00734	0.00645	0.01418	0.03235	0.03270	0.01011	0.01152	0.00829	0.00412	0.00404	0.00084	0.00399	0.00330	0.00331	0.80436
39	0.00932	0.00466	0.00699	0.00699	0.00699	0.00466	0.00466	0.00699	0.00699	0.00932	0.00932	0.01632	0.00932	0.01865	0.02098	0.84382	0.00466	0.00466	0.00233	0.00233
40	0.00654	0.00467	0.00623	0.00747	0.00779	0.00436	0.00498	0.00747	0.01028	0.01370	0.02959	0.80785	0.03550	0.01682	0.00685	0.00218	0.00311	0.01526	0.00498	0.00436
41	0.00650	0.00544	0.00565	0.00560	0.00735	0.00460	0.00420	0.00801	0.01260	0.01538	0.14438	0.05022	0.68514	0.01327	0.00634	0.00180	0.00270	0.01113	0.00510	0.00460
42	0.80752	0.01038	0.00821	0.00729	0.01056	0.01202	0.00600	0.01601	0.00929	0.04510	0.00785	0.00906	0.00605	0.00513	0.00370	0.00168	0.02186	0.00302	0.00339	0.00591
43	0.05410	0.57936	0.17259	0.01024	0.01534	0.01832	0.01097	0.01651	0.01114	0.04277	0.02176	0.01005	0.00782	0.00490	0.00388	0.00131	0.00599	0.00330	0.00256	0.00709
44	0.02005	0.02558	0.01521	0.01383	0.01659	0.78980	0.01037	0.02143	0.01521	0.01314	0.00830	0.00968	0.00691	0.00553	0.00484	0.00138	0.00968	0.00346	0.00277	0.00622
