[name]
unknown

[dist]
# distance from previous block
# <min> <max>
6	44

[block]
# block no. 0 follows, 41 sequences, length 36
# corresponding to MSA columns:
# 67-102
name=unknown_A
#
# <colnr> <probs for GDERKNQSTAVLIFYWHMCP>
#	G	D	E	R	K	N	Q	S	T	A	V	L	I	F	Y	W	H	M	C	P
0	0.16021	0.03362	0.03369	0.10614	0.01582	0.01132	0.00876	0.14740	0.01426	0.03676	0.09711	0.08486	0.01688	0.06061	0.02821	0.00220	0.03422	0.00630	0.01926	0.08239
1	0.11285	0.03916	0.01263	0.10296	0.01571	0.01155	0.00882	0.15426	0.05957	0.05443	0.07798	0.02163	0.01587	0.06493	0.12342	0.00316	0.02802	0.03762	0.02513	0.03031
2	0.04609	0.00750	0.00922	0.04148	0.01137	0.00772	0.00680	0.03995	0.05950	0.08488	0.13074	0.25068	0.13427	0.06439	0.00871	0.00229	0.04668	0.03668	0.00518	0.00587
3	0.01142	0.00738	0.00971	0.05747	0.04406	0.00726	0.00720	0.01462	0.09019	0.13736	0.09094	0.33546	0.09970	0.05052	0.00768	0.00221	0.00412	0.01109	0.00537	0.00624
4	0.00768	0.00568	0.00734	0.00858	0.04003	0.00536	0.00553	0.00883	0.01123	0.01487	0.07941	0.44357	0.12320	0.16637	0.01134	0.00285	0.00389	0.04463	0.00491	0.00471
5	0.03982	0.01028	0.01700	0.73918	0.05664	0.01273	0.01559	0.01477	0.01142	0.01510	0.01010	0.01501	0.00761	0.00569	0.00564	0.00190	0.00749	0.00501	0.00258	0.00642
6	0.15686	0.00705	0.00806	0.08817	0.01140	0.00761	0.00602	0.02874	0.01041	0.01718	0.01673	0.09517	0.04200	0.13572	0.01190	0.15465	0.00453	0.00660	0.18642	0.00479
7	0.05055	0.00847	0.00963	0.02150	0.01111	0.00865	0.00652	0.14174	0.04509	0.12552	0.05515	0.09521	0.07964	0.09793	0.00909	0.04744	0.00437	0.00740	0.16854	0.00646
8	0.00937	0.00661	0.00803	0.00827	0.00929	0.00672	0.00584	0.02962	0.07876	0.04907	0.02917	0.43319	0.10012	0.11796	0.01022	0.00260	0.03710	0.01223	0.04046	0.00536
9	0.17406	0.00977	0.01157	0.01021	0.03886	0.00972	0.00781	0.08512	0.04818	0.31891	0.14208	0.08225	0.02072	0.00831	0.00562	0.00182	0.00448	0.00680	0.00581	0.00788
10	0.00817	0.00563	0.00676	0.00717	0.00836	0.00508	0.00513	0.00963	0.01237	0.04937	0.10640	0.35739	0.26630	0.04720	0.00775	0.00221	0.00332	0.03643	0.05033	0.00501
11	0.04175	0.00678	0.00832	0.00804	0.00971	0.00636	0.00587	0.04348	0.01332	0.14937	0.13173	0.33793	0.12422	0.07573	0.00841	0.00231	0.00380	0.01147	0.00556	0.00585
12	0.00900	0.00574	0.00683	0.00680	0.00733	0.00552	0.00427	0.00962	0.01021	0.05554	0.10166	0.15240	0.05796	0.51858	0.02115	0.00429	0.00475	0.00975	0.00433	0.00426
13	0.01401	0.01089	0.01225	0.00966	0.01337	0.01038	0.00757	0.22430	0.04738	0.02240	0.01431	0.02042	0.01284	0.15332	0.00955	0.00211	0.00514	0.04421	0.00428	0.36160
14	0.00754	0.00578	0.00646	0.00661	0.00782	0.00524	0.00460	0.02285	0.01224	0.01553	0.11130	0.20231	0.38172	0.17083	0.01130	0.00271	0.00356	0.01189	0.00505	0.00467
15	0.01326	0.00745	0.00896	0.00796	0.01012	0.00704	0.00597	0.03308	0.07245	0.20850	0.16121	0.07302	0.15406	0.15268	0.01031	0.00250	0.00406	0.00870	0.05225	0.00640
16	0.03458	0.00954	0.01193	0.00988	0.01311	0.00915	0.00785	0.14697	0.01655	0.39114	0.06228	0.12027	0.01980	0.07831	0.00809	0.00220	0.00487	0.03931	0.00612	0.00805
17	0.05642	0.00831	0.00897	0.00811	0.00961	0.00872	0.00566	0.17145	0.03340	0.01862	0.03615	0.09663	0.07895	0.41415	0.01782	0.00376	0.00516	0.00831	0.00439	0.00539
18	0.03517	0.00614	0.00694	0.00696	0.00757	0.00615	0.00445	0.04531	0.01055	0.01470	0.05683	0.18926	0.05625	0.47039	0.01960	0.00406	0.00472	0.00973	0.04089	0.00433
19	0.01243	0.00872	0.01018	0.00935	0.01125	0.00905	0.00699	0.20119	0.05762	0.05275	0.12453	0.27138	0.02793	0.12835	0.00991	0.00254	0.00454	0.03955	0.00538	0.00638
20	0.00929	0.00629	0.00777	0.00797	0.00898	0.00608	0.00562	0.05918	0.01266	0.04888	0.12334	0.37542	0.07762	0.17131	0.01140	0.00283	0.00403	0.05102	0.00517	0.00511
21	0.02126	0.01483	0.01624	0.01249	0.01702	0.01597	0.01028	0.59161	0.05691	0.11448	0.01491	0.01459	0.01048	0.00678	0.00564	0.00168	0.00594	0.00517	0.00574	0.05797
22	0.00883	0.00619	0.00709	0.00704	0.00762	0.00620	0.00447	0.05706	0.01046	0.01381	0.02364	0.15946	0.09330	0.51752	0.04940	0.00456	0.00534	0.00967	0.00407	0.00426
23	0.01079	0.00754	0.00921	0.00914	0.01063	0.00762	0.00679	0.13683	0.03818	0.04732	0.10753	0.44042	0.03233	0.03712	0.00755	0.00225	0.00409	0.07320	0.00551	0.00595
24	0.00811	0.00560	0.00694	0.00713	0.00801	0.00521	0.00488	0.00949	0.01238	0.03686	0.25844	0.27842	0.12410	0.19412	0.01202	0.00284	0.00363	0.01182	0.00524	0.00477
25	0.56054	0.00981	0.00863	0.00786	0.01082	0.01089	0.00626	0.04746	0.01164	0.05565	0.08672	0.11379	0.03496	0.00791	0.00460	0.00184	0.00418	0.00591	0.00433	0.00619
26	0.00796	0.00569	0.00706	0.00750	0.00833	0.00556	0.00521	0.02796	0.01147	0.01554	0.08255	0.36306	0.13122	0.13711	0.10872	0.00353	0.00513	0.01188	0.04975	0.00478
27	0.01072	0.00676	0.00859	0.00837	0.00987	0.00643	0.00614	0.05193	0.02975	0.10551	0.21662	0.33858	0.03499	0.07602	0.00855	0.00232	0.00381	0.04320	0.00561	0.02623
28	0.12352	0.00910	0.01094	0.00905	0.01241	0.00868	0.00727	0.05189	0.05055	0.38269	0.16046	0.04902	0.08273	0.00867	0.00579	0.00181	0.00424	0.00712	0.00616	0.00788
29	0.00740	0.00553	0.00688	0.00715	0.00828	0.00501	0.00513	0.00923	0.01365	0.01835	0.34830	0.30937	0.20577	0.01450	0.00694	0.00201	0.00296	0.01280	0.00573	0.00501
30	0.00930	0.00579	0.00729	0.00760	0.00838	0.00550	0.00517	0.01026	0.01091	0.08136	0.05112	0.33838	0.06929	0.28593	0.03262	0.00352	0.00457	0.05341	0.00481	0.00478
31	0.04220	0.00584	0.00693	0.00718	0.00826	0.00547	0.00504	0.00968	0.01217	0.03829	0.18374	0.29588	0.18269	0.14339	0.01047	0.00263	0.00360	0.02648	0.00519	0.00487
32	0.43720	0.01249	0.05636	0.00963	0.01382	0.01237	0.00838	0.11251	0.04437	0.22269	0.01333	0.01321	0.00928	0.00608	0.00461	0.00177	0.00502	0.00427	0.00478	0.00783
33	0.13858	0.06830	0.14757	0.01322	0.01719	0.37719	0.01177	0.02055	0.06660	0.01709	0.01017	0.01176	0.00818	0.00744	0.03704	0.00194	0.03127	0.00399	0.00311	0.00703
34	0.00939	0.00665	0.00793	0.00813	0.00893	0.00670	0.00548	0.10754	0.01228	0.01640	0.02490	0.45262	0.02871	0.26074	0.01391	0.00325	0.00442	0.01228	0.00479	0.00496
35	0.01898	0.01359	0.01495	0.01178	0.01557	0.01468	0.00948	0.55448	0.02252	0.04901	0.01439	0.04966	0.01152	0.04356	0.00826	0.07739	0.00586	0.00568	0.00522	0.05343

[dist]
# distance from previous block
# <min> <max>
1	7

[block]
# block no. 1 follows, 41 sequences, length 15
# corresponding to MSA columns:
# 110-124
name=unknown_B
#
# <colnr> <probs for GDERKNQSTAVLIFYWHMCP>
#	G	D	E	R	K	N	Q	S	T	A	V	L	I	F	Y	W	H	M	C	P
0	0.01704	0.01363	0.01448	0.01142	0.01567	0.03702	0.00918	0.34529	0.17825	0.02720	0.01454	0.01485	0.01098	0.00666	0.00578	0.02486	0.00543	0.00490	0.00492	0.23790
1	0.03882	0.03697	0.01616	0.01429	0.09356	0.09619	0.01048	0.28748	0.06480	0.20232	0.01530	0.01542	0.01100	0.00838	0.04496	0.00207	0.00671	0.00512	0.00513	0.02485
2	0.01512	0.01145	0.01305	0.00998	0.01437	0.01053	0.00799	0.24389	0.01671	0.05948	0.01410	0.09420	0.01219	0.00662	0.00509	0.00132	0.00482	0.00539	0.00450	0.44919
3	0.01072	0.00729	0.00839	0.00762	0.00986	0.00675	0.00593	0.08753	0.01563	0.09714	0.23909	0.06246	0.36958	0.01230	0.00660	0.00189	0.00349	0.03592	0.00580	0.00601
4	0.01960	0.01462	0.01577	0.01218	0.01647	0.01579	0.00991	0.59671	0.04935	0.03223	0.01397	0.01531	0.01057	0.05713	0.00706	0.00188	0.00597	0.00521	0.00534	0.09493
5	0.00793	0.00570	0.00748	0.00791	0.00888	0.00538	0.00589	0.00991	0.01351	0.01846	0.34742	0.26963	0.06403	0.06454	0.00854	0.00234	0.00352	0.13828	0.00561	0.00501
6	0.01419	0.01121	0.01331	0.02797	0.01491	0.01024	0.00820	0.13803	0.01448	0.06090	0.03066	0.01351	0.01007	0.00553	0.00585	0.00123	0.06858	0.00416	0.00396	0.54300
7	0.04434	0.01473	0.01573	0.01242	0.01664	0.01633	0.01015	0.55723	0.14748	0.05955	0.01562	0.01529	0.01122	0.00697	0.00563	0.00175	0.00579	0.00534	0.02841	0.00939
8	0.01416	0.01393	0.02419	0.11939	0.02570	0.01460	0.36702	0.09613	0.19909	0.02095	0.01442	0.01662	0.01081	0.00604	0.00662	0.00192	0.03028	0.00624	0.00386	0.00804
9	0.01066	0.00533	0.00533	0.00533	0.00666	0.00533	0.00400	0.01333	0.01200	0.02132	0.01866	0.02132	0.01466	0.00666	0.00400	0.00133	0.00267	0.00533	0.83073	0.00533
10	0.01312	0.01245	0.02069	0.26569	0.49162	0.01336	0.01650	0.01746	0.05971	0.01776	0.01137	0.01495	0.00915	0.00546	0.00569	0.00178	0.00691	0.00518	0.00293	0.00822
11	0.00683	0.00580	0.00589	0.00587	0.00777	0.00486	0.00440	0.00834	0.01320	0.01584	0.09423	0.05441	0.72445	0.01434	0.00676	0.00192	0.00289	0.01198	0.00536	0.00486
12	0.00757	0.00549	0.00714	0.00744	0.00840	0.00506	0.00531	0.00951	0.01389	0.01915	0.42678	0.35059	0.08360	0.01438	0.00697	0.00202	0.00296	0.01285	0.00584	0.00506
13	0.02174	0.01602	0.01717	0.01316	0.01774	0.01774	0.01087	0.74423	0.02689	0.03605	0.01373	0.01373	0.00973	0.00687	0.00572	0.00172	0.00629	0.00515	0.00572	0.00973
14	0.01920	0.01489	0.01680	0.01508	0.09452	0.01649	0.01114	0.50166	0.19540	0.03141	0.01566	0.01556	0.01147	0.00689	0.00574	0.00177	0.00593	0.00545	0.00544	0.00950

[dist]
# distance from previous block
# <min> <max>
0	4

[block]
# block no. 2 follows, 41 sequences, length 27
# corresponding to MSA columns:
# 129-155
name=unknown_C
#
# <colnr> <probs for GDERKNQSTAVLIFYWHMCP>
#	G	D	E	R	K	N	Q	S	T	A	V	L	I	F	Y	W	H	M	C	P
0	0.26899	0.14541	0.01664	0.03106	0.01576	0.01693	0.00940	0.38281	0.01873	0.02857	0.01092	0.01166	0.00820	0.00603	0.00472	0.00166	0.00573	0.00418	0.00443	0.00817
1	0.00796	0.00582	0.00747	0.00710	0.00847	0.00533	0.00531	0.01051	0.01580	0.02212	0.68473	0.06263	0.11119	0.01208	0.00676	0.00182	0.00273	0.01063	0.00619	0.00533
2	0.01529	0.80242	0.02997	0.00979	0.01468	0.02263	0.00979	0.01713	0.01162	0.01346	0.00795	0.00918	0.00734	0.00489	0.00367	0.00122	0.00612	0.00306	0.00245	0.00734
3	0.00692	0.00519	0.00642	0.00741	0.00815	0.00469	0.00506	0.00803	0.01149	0.01482	0.03830	0.60543	0.22328	0.01704	0.00716	0.00222	0.00321	0.01519	0.00531	0.00469
4	0.01100	0.01037	0.01752	0.73996	0.08309	0.01276	0.01599	0.01479	0.01153	0.01486	0.01020	0.01518	0.00771	0.00568	0.00572	0.00189	0.00757	0.00508	0.00256	0.00652
5	0.02142	0.01586	0.01698	0.01310	0.01762	0.01759	0.01079	0.71370	0.05795	0.03553	0.01414	0.01406	0.01006	0.00690	0.00573	0.00173	0.00622	0.00521	0.00573	0.00970
6	0.02236	0.01461	0.01624	0.01250	0.01701	0.01570	0.01031	0.57581	0.04377	0.18850	0.01583	0.01513	0.01086	0.00693	0.00573	0.00173	0.00595	0.00531	0.00601	0.00971
7	0.01416	0.01359	0.02322	0.03511	0.76330	0.01359	0.01755	0.01755	0.01302	0.01869	0.01076	0.01416	0.00906	0.00510	0.00566	0.00170	0.00680	0.00510	0.00283	0.00906
8	0.00765	0.00583	0.00702	0.00672	0.00827	0.00521	0.00504	0.00993	0.01513	0.02042	0.52420	0.04687	0.29162	0.01263	0.00675	0.00184	0.00277	0.01092	0.00597	0.00521
9	0.01066	0.00533	0.00533	0.00533	0.00666	0.00533	0.00400	0.01333	0.01200	0.02132	0.01866	0.02132	0.01466	0.00666	0.00400	0.00133	0.00267	0.00533	0.83073	0.00533
10	0.14400	0.02212	0.49507	0.01401	0.04470	0.01191	0.01599	0.01667	0.01242	0.02015	0.13490	0.01681	0.01492	0.00645	0.00536	0.00180	0.00679	0.00509	0.00326	0.00760
11	0.00760	0.00583	0.00758	0.00811	0.00880	0.00582	0.00578	0.00900	0.01205	0.01627	0.17577	0.50042	0.12282	0.01568	0.00802	0.00219	0.06429	0.01374	0.00528	0.00494
12	0.70205	0.14294	0.01200	0.00790	0.01166	0.01446	0.00679	0.01687	0.01005	0.02363	0.00796	0.00927	0.00639	0.00524	0.00356	0.00168	0.00471	0.00309	0.00336	0.00639
13	0.01017	0.00941	0.00889	0.00947	0.01052	0.13413	0.00674	0.01249	0.06963	0.01523	0.02631	0.51156	0.02992	0.05590	0.00801	0.00234	0.00484	0.06428	0.00486	0.00530
14	0.00787	0.00573	0.00739	0.00806	0.00877	0.00569	0.00560	0.03820	0.01123	0.01500	0.02896	0.50979	0.08757	0.09083	0.13729	0.00370	0.00560	0.01309	0.00479	0.00484
15	0.01846	0.08405	0.01555	0.01286	0.01579	0.58883	0.00984	0.01996	0.01532	0.01420	0.01696	0.01768	0.13296	0.00725	0.00531	0.00153	0.00875	0.00503	0.00330	0.00639
16	0.00798	0.00619	0.00845	0.00841	0.00970	0.00673	0.00650	0.01024	0.02824	0.01428	0.04352	0.03058	0.19061	0.03463	0.55846	0.00713	0.01184	0.00763	0.00374	0.00514
17	0.01331	0.01288	0.01963	0.09558	0.52548	0.06116	0.01496	0.01651	0.01362	0.01873	0.13549	0.01877	0.01631	0.00630	0.00582	0.00172	0.00641	0.00588	0.00339	0.00805
18	0.02152	0.01017	0.03804	0.00987	0.01430	0.00821	0.00833	0.02397	0.01546	0.55934	0.07753	0.01976	0.01608	0.00691	0.00557	0.00162	0.00471	0.00566	0.00625	0.14671
19	0.01585	0.01562	0.03898	0.02818	0.47968	0.07375	0.10041	0.13917	0.01562	0.02116	0.01119	0.01389	0.00896	0.00543	0.00575	0.00171	0.00735	0.00517	0.00332	0.00881
20	0.01361	0.06790	0.01754	0.18672	0.02060	0.14857	0.01248	0.01553	0.01100	0.01402	0.01012	0.01405	0.03186	0.00868	0.02473	0.00220	0.38646	0.00491	0.00269	0.00635
21	0.14655	0.00671	0.00766	0.00717	0.00892	0.00660	0.00547	0.01164	0.01493	0.02295	0.59317	0.03789	0.08803	0.01080	0.00621	0.00180	0.00300	0.00924	0.00578	0.00550
22	0.00857	0.00625	0.00811	0.13626	0.01201	0.00663	0.00575	0.00933	0.00915	0.01209	0.01831	0.12338	0.02062	0.57439	0.02263	0.00456	0.00563	0.00872	0.00353	0.00409
23	0.01005	0.13957	0.01391	0.04125	0.01292	0.01050	0.02825	0.03539	0.01038	0.01423	0.01373	0.01949	0.01257	0.03286	0.57043	0.00713	0.01303	0.00556	0.00302	0.00575
24	0.01239	0.01034	0.01249	0.00967	0.01358	0.00951	0.00778	0.09397	0.01280	0.01924	0.01119	0.01389	0.00950	0.01147	0.13432	0.00248	0.07378	0.00418	0.00352	0.53391
25	0.01355	0.01336	0.13760	0.01080	0.01390	0.01131	0.00949	0.27397	0.01598	0.02175	0.01689	0.13039	0.01671	0.25849	0.01353	0.00304	0.02060	0.00755	0.00434	0.00676
26	0.15097	0.08472	0.47765	0.01421	0.02104	0.01448	0.03797	0.10037	0.01338	0.02105	0.01013	0.01167	0.00740	0.00552	0.00505	0.00175	0.00739	0.00413	0.00300	0.00811

[dist]
# distance from previous block
# <min> <max>
0	1

[block]
# block no. 3 follows, 41 sequences, length 22
# corresponding to MSA columns:
# 157-178
name=unknown_D
#
# <colnr> <probs for GDERKNQSTAVLIFYWHMCP>
#	G	D	E	R	K	N	Q	S	T	A	V	L	I	F	Y	W	H	M	C	P
0	0.01496	0.08662	0.01943	0.30615	0.19087	0.04963	0.01404	0.17211	0.05479	0.02044	0.01149	0.01422	0.00888	0.00587	0.00550	0.00174	0.00697	0.00492	0.00347	0.00792
1	0.01327	0.01277	0.02201	0.22742	0.55318	0.01339	0.04102	0.01682	0.01263	0.01763	0.01063	0.01448	0.00868	0.00525	0.00571	0.00176	0.00710	0.00515	0.00276	0.00832
2	0.00830	0.00559	0.00645	0.00643	0.00654	0.00563	0.00374	0.00852	0.00867	0.01167	0.04667	0.03684	0.02174	0.72818	0.06804	0.00559	0.00596	0.00828	0.00355	0.00363
3	0.01102	0.01060	0.01851	0.72324	0.03862	0.01285	0.07507	0.01492	0.01161	0.01492	0.01028	0.01526	0.00771	0.00565	0.00580	0.00191	0.00779	0.00522	0.00257	0.00646
4	0.01066	0.00533	0.00533	0.00533	0.00666	0.00533	0.00400	0.01333	0.01200	0.02132	0.01866	0.02132	0.01466	0.00666	0.00400	0.00133	0.00267	0.00533	0.83073	0.00533
5	0.01121	0.01069	0.01664	0.44394	0.02822	0.01399	0.01396	0.01395	0.01029	0.01420	0.00963	0.01485	0.00813	0.01030	0.07320	0.00272	0.29019	0.00514	0.00257	0.00622
6	0.01005	0.21472	0.01430	0.00901	0.01094	0.01103	0.00742	0.01181	0.00973	0.01308	0.01370	0.02068	0.01321	0.11834	0.48946	0.00669	0.01181	0.00557	0.00295	0.00551
7	0.01529	0.80242	0.02997	0.00979	0.01468	0.02263	0.00979	0.01713	0.01162	0.01346	0.00795	0.00918	0.00734	0.00489	0.00367	0.00122	0.00612	0.00306	0.00245	0.00734
8	0.00817	0.00613	0.00919	0.00919	0.01021	0.00715	0.00715	0.01021	0.00919	0.01328	0.01532	0.02247	0.01430	0.04290	0.77631	0.00919	0.01532	0.00613	0.00306	0.00511
9	0.00817	0.00613	0.00919	0.00919	0.01021	0.00715	0.00715	0.01021	0.00919	0.01328	0.01532	0.02247	0.01430	0.04290	0.77631	0.00919	0.01532	0.00613	0.00306	0.00511
10	0.00994	0.00497	0.00745	0.00745	0.00745	0.00497	0.00497	0.00745	0.00745	0.00994	0.00994	0.01739	0.00994	0.01987	0.02235	0.83358	0.00497	0.00497	0.00248	0.00248
11	0.02375	0.01016	0.01322	0.01042	0.01465	0.00938	0.00852	0.02830	0.13975	0.64275	0.02269	0.01978	0.01471	0.00719	0.00576	0.00180	0.00481	0.00587	0.00687	0.00962
12	0.02174	0.01602	0.01717	0.01316	0.01774	0.01774	0.01087	0.74423	0.02689	0.03605	0.01373	0.01373	0.00973	0.00687	0.00572	0.00172	0.00629	0.00515	0.00572	0.00973
13	0.00792	0.00584	0.00740	0.00701	0.00843	0.00532	0.00526	0.01045	0.01577	0.02193	0.66562	0.04439	0.14927	0.01207	0.00675	0.00182	0.00273	0.01058	0.00616	0.00532
14	0.00826	0.00552	0.00626	0.00631	0.00633	0.00551	0.00355	0.00830	0.00843	0.01124	0.01862	0.07074	0.02154	0.76465	0.02815	0.00540	0.00545	0.00867	0.00355	0.00352
15	0.01348	0.01724	0.17877	0.02911	0.46917	0.01370	0.15884	0.01782	0.01292	0.01850	0.01081	0.01398	0.00861	0.00511	0.00583	0.00177	0.00769	0.00524	0.00276	0.00867
16	0.00810	0.00585	0.00765	0.00720	0.00855	0.00540	0.00540	0.01079	0.01619	0.02294	0.76028	0.04273	0.05397	0.01169	0.00675	0.00180	0.00270	0.01034	0.00630	0.00540
17	0.01147	0.02959	0.76934	0.01630	0.02476	0.01328	0.02113	0.01811	0.01208	0.01811	0.01026	0.01208	0.00725	0.00543	0.00543	0.00181	0.00845	0.00423	0.00242	0.00845
18	0.00822	0.00615	0.00919	0.00925	0.01029	0.00712	0.00724	0.01029	0.00937	0.01345	0.01600	0.02438	0.01514	0.04167	0.74143	0.00889	0.01486	0.03875	0.00316	0.00511
19	0.01272	0.01167	0.01786	0.13789	0.34741	0.01240	0.03328	0.01891	0.17883	0.01904	0.03464	0.02301	0.05006	0.00732	0.00601	0.00189	0.00607	0.06911	0.00387	0.00800
20	0.01401	0.53518	0.22243	0.01139	0.01723	0.01896	0.01252	0.01716	0.01176	0.01510	0.00874	0.01016	0.00741	0.00498	0.00418	0.00135	0.00658	0.00339	0.00252	0.07496
21	0.01174	0.01131	0.01494	0.01318	0.01393	0.05787	0.03127	0.03041	0.01000	0.01434	0.01138	0.05815	0.01117	0.01932	0.23167	0.00430	0.44019	0.00592	0.00293	0.00599

[dist]
# distance from previous block
# <min> <max>
6	7

[block]
# block no. 4 follows, 41 sequences, length 52
# corresponding to MSA columns:
# 186-237
name=unknown_E
#
# <colnr> <probs for GDERKNQSTAVLIFYWHMCP>
#	G	D	E	R	K	N	Q	S	T	A	V	L	I	F	Y	W	H	M	C	P
0	0.06442	0.01005	0.01288	0.01017	0.01434	0.00931	0.00832	0.02732	0.11039	0.62066	0.03623	0.01965	0.01496	0.00717	0.00567	0.00179	0.00476	0.00580	0.00673	0.00939
1	0.01028	0.00637	0.00798	0.00790	0.00905	0.00607	0.00558	0.04203	0.01264	0.09861	0.15743	0.29156	0.05444	0.21567	0.01258	0.00297	0.00415	0.04418	0.00522	0.00528
2	0.02452	0.01066	0.01373	0.01063	0.01500	0.00989	0.00875	0.11617	0.06042	0.63414	0.02152	0.01887	0.01381	0.00709	0.00575	0.00177	0.00502	0.00572	0.00684	0.00969
3	0.01147	0.02959	0.76934	0.01630	0.02476	0.01328	0.02113	0.01811	0.01208	0.01811	0.01026	0.01208	0.00725	0.00543	0.00543	0.00181	0.00845	0.00423	0.00242	0.00845
4	0.02389	0.01049	0.01351	0.01052	0.01478	0.00975	0.00863	0.10594	0.06983	0.61194	0.04396	0.01968	0.01511	0.00724	0.00578	0.00178	0.00493	0.00588	0.00682	0.00955
5	0.01186	0.01017	0.01186	0.00847	0.01356	0.00762	0.00678	0.01440	0.01186	0.01864	0.01017	0.01186	0.00847	0.00424	0.00424	0.00085	0.00424	0.00339	0.00339	0.83395
6	0.01753	0.06778	0.01953	0.09906	0.26915	0.36761	0.01363	0.04866	0.01481	0.01648	0.00976	0.01217	0.00805	0.00559	0.00532	0.00159	0.00845	0.00432	0.00295	0.00758
7	0.01159	0.02886	0.73343	0.01695	0.04288	0.01332	0.03843	0.01811	0.01213	0.01813	0.01031	0.01221	0.00732	0.00541	0.00547	0.00181	0.00844	0.00431	0.00244	0.00845
8	0.02523	0.01042	0.01370	0.01050	0.01494	0.00943	0.00868	0.10628	0.01752	0.68723	0.02160	0.01884	0.01367	0.00706	0.00575	0.00176	0.00502	0.00569	0.00693	0.00973
9	0.00697	0.00498	0.00664	0.00796	0.00830	0.00465	0.00531	0.00796	0.01095	0.01460	0.03153	0.79525	0.03783	0.01792	0.00730	0.00232	0.00332	0.01626	0.00531	0.00465
10	0.01186	0.01017	0.01186	0.00847	0.01356	0.00762	0.00678	0.01440	0.01186	0.01864	0.01017	0.01186	0.00847	0.00424	0.00424	0.00085	0.00424	0.00339	0.00339	0.83395
11	0.01303	0.03405	0.03909	0.01295	0.01595	0.01183	0.12050	0.12730	0.01381	0.04613	0.01658	0.22334	0.01654	0.00960	0.00834	0.00191	0.14545	0.00802	0.00411	0.13146
12	0.01634	0.41794	0.11923	0.01259	0.03332	0.21902	0.01168	0.04713	0.01342	0.01519	0.00908	0.01069	0.00776	0.00688	0.03638	0.00172	0.00792	0.00363	0.00274	0.00734
13	0.01066	0.00533	0.00533	0.00533	0.00666	0.00533	0.00400	0.01333	0.01200	0.02132	0.01866	0.02132	0.01466	0.00666	0.00400	0.00133	0.00267	0.00533	0.83073	0.00533
14	0.01080	0.01017	0.01716	0.78523	0.03940	0.01271	0.01589	0.01461	0.01144	0.01461	0.01017	0.01525	0.00762	0.00572	0.00572	0.00191	0.00762	0.00508	0.00254	0.00635
15	0.01186	0.01017	0.01186	0.00847	0.01356	0.00762	0.00678	0.01440	0.01186	0.01864	0.01017	0.01186	0.00847	0.00424	0.00424	0.00085	0.00424	0.00339	0.00339	0.83395
16	0.04852	0.15709	0.10075	0.01346	0.01762	0.39432	0.01167	0.13310	0.04023	0.01851	0.01004	0.01116	0.00800	0.00586	0.00498	0.00153	0.00837	0.00393	0.00335	0.00749
17	0.00832	0.00555	0.00624	0.00624	0.00624	0.00555	0.00347	0.00832	0.00832	0.01109	0.01802	0.03743	0.02080	0.79898	0.02911	0.00555	0.00555	0.00832	0.00347	0.00347
18	0.70298	0.01194	0.00965	0.00837	0.01202	0.03771	0.00686	0.07929	0.01173	0.06313	0.00921	0.01021	0.00693	0.00555	0.00389	0.00176	0.00480	0.00342	0.00388	0.00668
19	0.06609	0.09662	0.01424	0.00995	0.01388	0.01089	0.00826	0.02488	0.13730	0.45002	0.09032	0.02030	0.01730	0.00729	0.00551	0.00174	0.00472	0.00586	0.00609	0.00875
20	0.02296	0.00914	0.01241	0.00972	0.01367	0.00794	0.00794	0.02525	0.01634	0.65281	0.13600	0.02304	0.02028	0.00779	0.00590	0.00177	0.00453	0.00646	0.00696	0.00907
21	0.00955	0.00500	0.00739	0.00758	0.00766	0.00496	0.00511	0.00761	0.00802	0.01068	0.01309	0.11569	0.01393	0.01954	0.02015	0.71116	0.00477	0.02240	0.00290	0.00282
22	0.01042	0.00781	0.00998	0.09412	0.01369	0.00820	0.00770	0.15475	0.01437	0.01915	0.04429	0.51216	0.02921	0.01417	0.00682	0.00215	0.00443	0.03560	0.00511	0.00588
23	0.01670	0.01167	0.01300	0.01133	0.01479	0.01285	0.00896	0.04479	0.55944	0.18304	0.02311	0.02196	0.01701	0.00782	0.00586	0.00192	0.00466	0.02593	0.00607	0.00911
24	0.01314	0.01243	0.01992	0.07127	0.50122	0.01271	0.04479	0.01824	0.11909	0.01883	0.01772	0.01978	0.09246	0.00653	0.00585	0.00178	0.00621	0.00612	0.00352	0.00838
25	0.01404	0.40496	0.10361	0.01089	0.01492	0.03601	0.01052	0.05282	0.01250	0.05031	0.01332	0.09640	0.01279	0.00980	0.05459	0.00211	0.04567	0.04432	0.00333	0.00709
26	0.01373	0.01473	0.05938	0.12693	0.50148	0.08709	0.01590	0.01701	0.01308	0.01743	0.01403	0.01690	0.06535	0.00598	0.00569	0.00173	0.00704	0.00544	0.00297	0.00812
27	0.00825	0.00552	0.00626	0.00632	0.00634	0.00550	0.00356	0.00830	0.00845	0.01127	0.01870	0.07520	0.02164	0.76005	0.02803	0.00538	0.00543	0.00871	0.00356	0.00352
28	0.01388	0.01501	0.08125	0.03247	0.62674	0.01366	0.09717	0.01768	0.01300	0.01860	0.01081	0.01414	0.00888	0.00509	0.00576	0.00173	0.00723	0.00521	0.00281	0.00887
29	0.00795	0.00584	0.00744	0.00704	0.00846	0.00533	0.00528	0.01051	0.01585	0.02212	0.68342	0.04407	0.13135	0.01200	0.00675	0.00181	0.00272	0.01053	0.00619	0.00533
30	0.02137	0.02726	0.01621	0.01474	0.01768	0.77602	0.01105	0.02284	0.01621	0.01400	0.00884	0.01031	0.00737	0.00589	0.00516	0.00147	0.01031	0.00368	0.00295	0.00663
31	0.03594	0.02588	0.57618	0.01963	0.16701	0.04079	0.01965	0.01814	0.01234	0.01829	0.01024	0.01234	0.00757	0.00538	0.00541	0.00178	0.00808	0.00434	0.00255	0.00844
32	0.01463	0.01212	0.01296	0.01137	0.01459	0.01376	0.00891	0.13064	0.56818	0.02556	0.10257	0.02259	0.02035	0.00806	0.00591	0.00189	0.00458	0.00670	0.00586	0.00875
33	0.00817	0.00613	0.00919	0.00919	0.01021	0.00715	0.00715	0.01021	0.00919	0.01328	0.01532	0.02247	0.01430	0.04290	0.77631	0.00919	0.01532	0.00613	0.00306	0.00511
34	0.01611	0.37817	0.10855	0.01277	0.05434	0.11222	0.01146	0.12240	0.01454	0.01814	0.00954	0.01085	0.00789	0.00530	0.00451	0.00138	0.00676	0.00371	0.00310	0.09828
35	0.01066	0.00533	0.00533	0.00533	0.00666	0.00533	0.00400	0.01333	0.01200	0.02132	0.01866	0.02132	0.01466	0.00666	0.00400	0.00133	0.00267	0.00533	0.83073	0.00533
36	0.01050	0.00917	0.09364	0.16730	0.05610	0.00790	0.00962	0.01061	0.00906	0.01224	0.01006	0.01620	0.00913	0.01464	0.01625	0.52989	0.00598	0.00492	0.00251	0.00427
37	0.00817	0.00613	0.00919	0.00919	0.01021	0.00715	0.00715	0.01021	0.00919	0.01328	0.01532	0.02247	0.01430	0.04290	0.77631	0.00919	0.01532	0.00613	0.00306	0.00511
38	0.01477	0.01291	0.01247	0.01126	0.01433	0.09600	0.00878	0.04205	0.50240	0.06251	0.02548	0.02548	0.09606	0.00859	0.00594	0.00191	0.00508	0.04028	0.00549	0.00821
39	0.01156	0.00882	0.01035	0.00931	0.01176	0.00854	0.00700	0.17608	0.03019	0.02049	0.02279	0.38597	0.04236	0.01301	0.03296	0.00208	0.00462	0.01028	0.00492	0.18690
40	0.80995	0.01124	0.00872	0.00772	0.01130	0.01301	0.00636	0.04300	0.01035	0.02604	0.00817	0.00945	0.00632	0.00537	0.00362	0.00177	0.00449	0.00317	0.00362	0.00632
41	0.05157	0.01120	0.01006	0.04737	0.01267	0.12009	0.00715	0.14166	0.01569	0.01940	0.05198	0.03642	0.41453	0.02716	0.00660	0.00189	0.00494	0.00873	0.00480	0.00608
42	0.01805	0.01447	0.01666	0.03417	0.01778	0.06001	0.07203	0.43469	0.03831	0.04494	0.01518	0.09937	0.01268	0.00758	0.00581	0.00171	0.00626	0.00629	0.00499	0.08902
43	0.01305	0.01240	0.02109	0.09599	0.57142	0.01259	0.04592	0.01656	0.02881	0.01799	0.01329	0.09995	0.01225	0.00660	0.00590	0.00180	0.00655	0.00642	0.00315	0.00829
44	0.01391	0.00792	0.00991	0.00850	0.01101	0.00744	0.00666	0.09509	0.01693	0.21369	0.39794	0.05915	0.10732	0.01046	0.00640	0.00181	0.00369	0.00896	0.00631	0.00690
45	0.03252	0.21658	0.05750	0.03227	0.11832	0.07914	0.01166	0.16054	0.01534	0.02028	0.09200	0.01522	0.01315	0.00683	0.00682	0.00169	0.10391	0.00495	0.00364	0.00765
46	0.00741	0.00809	0.08977	0.00791	0.00990	0.00572	0.00667	0.00927	0.01210	0.01544	0.04159	0.34639	0.37433	0.01490	0.00685	0.00209	0.00372	0.02770	0.00499	0.00516
47	0.00912	0.04904	0.01059	0.02660	0.01099	0.03018	0.00734	0.01081	0.00965	0.01329	0.01621	0.10675	0.01641	0.11056	0.49150	0.00687	0.05851	0.00714	0.00327	0.00515
48	0.01461	0.03135	0.05753	0.09373	0.02143	0.02806	0.17483	0.18938	0.09638	0.02154	0.01376	0.04004	0.01128	0.00919	0.04974	0.00235	0.10973	0.02344	0.00390	0.00772
49	0.01552	0.73274	0.02870	0.01051	0.03592	0.02150	0.00990	0.01741	0.01180	0.04288	0.00875	0.00999	0.00780	0.00577	0.01974	0.00142	0.00628	0.00328	0.00265	0.00744
50	0.32830	0.13074	0.04065	0.12637	0.09727	0.06232	0.01072	0.10796	0.01324	0.02182	0.00943	0.01137	0.00743	0.00552	0.00454	0.00168	0.00613	0.00392	0.00336	0.00723
51	0.00764	0.00529	0.00658	0.00724	0.00746	0.00518	0.00457	0.00824	0.00967	0.01294	0.02459	0.41307	0.02893	0.37337	0.05552	0.00413	0.00493	0.01215	0.00436	0.00413

[dist]
# distance from previous block
# <min> <max>
0	1

[block]
# block no. 5 follows, 41 sequences, length 8
# corresponding to MSA columns:
# 240-247
name=unknown_F
#
# <colnr> <probs for GDERKNQSTAVLIFYWHMCP>
#	G	D	E	R	K	N	Q	S	T	A	V	L	I	F	Y	W	H	M	C	P
0	0.07121	0.00666	0.00714	0.00680	0.00737	0.00691	0.00417	0.05863	0.00968	0.01386	0.01698	0.03373	0.01896	0.68631	0.02563	0.00501	0.00551	0.00771	0.00362	0.00409
1	0.28864	0.08761	0.01463	0.01129	0.01487	0.29419	0.00904	0.12672	0.01489	0.02121	0.00944	0.01081	0.00758	0.00680	0.02759	0.00179	0.00733	0.00372	0.00353	0.03831
2	0.01066	0.00533	0.00533	0.00533	0.00666	0.00533	0.00400	0.01333	0.01200	0.02132	0.01866	0.02132	0.01466	0.00666	0.00400	0.00133	0.00267	0.00533	0.83073	0.00533
3	0.01412	0.04638	0.02701	0.05527	0.02510	0.01518	0.44198	0.08692	0.07220	0.01952	0.01195	0.01501	0.00922	0.00591	0.00780	0.00192	0.10363	0.00604	0.00332	0.03152
4	0.02346	0.01075	0.01367	0.01052	0.01496	0.00990	0.00864	0.12416	0.05397	0.57131	0.02041	0.01817	0.01327	0.00686	0.00563	0.00170	0.00499	0.00552	0.00654	0.07557
5	0.01512	0.10426	0.12581	0.02184	0.27767	0.13512	0.06389	0.04103	0.07253	0.01787	0.01100	0.01325	0.00891	0.00584	0.00633	0.00172	0.06187	0.00475	0.00306	0.00814
6	0.01392	0.32367	0.33926	0.01416	0.02023	0.07810	0.06575	0.01792	0.01218	0.01581	0.00923	0.01108	0.00740	0.00544	0.00546	0.00160	0.04462	0.00395	0.00251	0.00773
7	0.01126	0.00999	0.01384	0.04462	0.01580	0.00819	0.09228	0.01389	0.01189	0.01781	0.01357	0.13134	0.01292	0.00645	0.00506	0.00124	0.00487	0.00581	0.00359	0.57558

[dist]
# distance from previous block
# <min> <max>
0	1

[block]
# block no. 6 follows, 41 sequences, length 12
# corresponding to MSA columns:
# 249-260
name=unknown_G
#
# <colnr> <probs for GDERKNQSTAVLIFYWHMCP>
#	G	D	E	R	K	N	Q	S	T	A	V	L	I	F	Y	W	H	M	C	P
0	0.02052	0.01557	0.01765	0.01559	0.10249	0.01710	0.01155	0.62755	0.05984	0.03350	0.01385	0.01414	0.01002	0.00671	0.00572	0.00173	0.00627	0.00521	0.00540	0.00962
1	0.01292	0.01066	0.01135	0.01065	0.04007	0.05002	0.00771	0.03684	0.30942	0.05401	0.03891	0.06162	0.07929	0.13286	0.00946	0.00236	0.00488	0.02076	0.00490	0.10131
2	0.01160	0.01049	0.00982	0.03347	0.01206	0.11828	0.00710	0.03843	0.13628	0.04016	0.09736	0.09974	0.25813	0.06226	0.00782	0.00214	0.00484	0.03891	0.00500	0.00610
3	0.01156	0.14837	0.56618	0.01433	0.02130	0.01377	0.01755	0.01680	0.01188	0.01698	0.01232	0.10079	0.01074	0.00677	0.00537	0.00178	0.00750	0.00541	0.00275	0.00784
4	0.00889	0.00707	0.00927	0.01092	0.07447	0.00679	0.00809	0.01163	0.04033	0.01685	0.03821	0.07431	0.28871	0.01418	0.00721	0.00227	0.00448	0.36567	0.00510	0.00556
5	0.00902	0.00646	0.00747	0.00741	0.00875	0.00615	0.00532	0.04523	0.03482	0.04119	0.10985	0.17754	0.25620	0.19812	0.01206	0.00287	0.00400	0.05739	0.00507	0.00509
6	0.10655	0.01184	0.01762	0.26365	0.34627	0.03645	0.01422	0.01579	0.01226	0.01774	0.01465	0.01840	0.07314	0.00637	0.00556	0.00180	0.00653	0.02069	0.00309	0.00737
7	0.01190	0.01228	0.02177	0.47305	0.03386	0.04568	0.24287	0.01578	0.01226	0.01575	0.01166	0.05572	0.00952	0.00608	0.00610	0.00192	0.00815	0.00613	0.00281	0.00670
8	0.00843	0.00617	0.00817	0.00816	0.00929	0.00663	0.00615	0.02885	0.01049	0.01459	0.02351	0.06998	0.13189	0.11963	0.45054	0.00650	0.01047	0.02178	0.05378	0.00499
9	0.01346	0.00995	0.01326	0.01108	0.01356	0.01025	0.09074	0.23042	0.01568	0.05920	0.02057	0.17866	0.05234	0.18590	0.06545	0.00324	0.00632	0.00867	0.00469	0.00656
10	0.00930	0.00772	0.00825	0.00786	0.00996	0.00777	0.00595	0.01518	0.23128	0.01858	0.12614	0.04278	0.38630	0.06502	0.00802	0.00218	0.00361	0.03256	0.00545	0.00606
11	0.00743	0.00558	0.00784	0.00849	0.00927	0.00520	0.03303	0.00885	0.01182	0.01579	0.10945	0.61086	0.07773	0.01648	0.00722	0.00225	0.00356	0.04895	0.00532	0.00488

[dist]
# distance from previous block
# <min> <max>
1	41

[block]
# block no. 7 follows, 41 sequences, length 6
# corresponding to MSA columns:
# 307-312
name=unknown_H
#
# <colnr> <probs for GDERKNQSTAVLIFYWHMCP>
#	G	D	E	R	K	N	Q	S	T	A	V	L	I	F	Y	W	H	M	C	P
0	0.03437	0.00862	0.01021	0.04644	0.01259	0.00893	0.00730	0.14547	0.08351	0.08280	0.08336	0.30313	0.09378	0.04331	0.00735	0.00215	0.00433	0.01043	0.00540	0.00655
1	0.01247	0.06138	0.06317	0.18113	0.20004	0.05031	0.10066	0.01565	0.01203	0.01608	0.01338	0.03401	0.03969	0.00916	0.05543	0.00235	0.09114	0.03185	0.00295	0.00713
2	0.01716	0.01387	0.01640	0.01427	0.06180	0.04767	0.05563	0.40811	0.04686	0.02676	0.01540	0.07227	0.01331	0.05079	0.04526	0.00240	0.04638	0.03272	0.00480	0.00816
3	0.00962	0.00585	0.00778	0.00767	0.00849	0.00601	0.00553	0.04158	0.01004	0.01395	0.01919	0.06273	0.10505	0.02203	0.17803	0.38661	0.00665	0.00671	0.09240	0.00407
4	0.00943	0.00702	0.00886	0.00952	0.04838	0.00715	0.00648	0.05181	0.05208	0.01674	0.09618	0.17444	0.08064	0.21845	0.09337	0.00372	0.00566	0.08238	0.02238	0.00531
5	0.01541	0.06109	0.05641	0.01218	0.05042	0.04480	0.00977	0.28560	0.04773	0.04770	0.13125	0.05407	0.04736	0.04370	0.02077	0.00209	0.00576	0.05121	0.00501	0.00765

[dist]
# distance from previous block
# <min> <max>
1	5

[block]
# block no. 8 follows, 41 sequences, length 38
# corresponding to MSA columns:
# 318-355
name=unknown_I
#
# <colnr> <probs for GDERKNQSTAVLIFYWHMCP>
#	G	D	E	R	K	N	Q	S	T	A	V	L	I	F	Y	W	H	M	C	P
0	0.01495	0.01363	0.01671	0.20388	0.13417	0.09473	0.03707	0.19826	0.05689	0.02131	0.01626	0.07301	0.05760	0.00739	0.00583	0.00179	0.00666	0.00628	0.00401	0.02957
1	0.11233	0.01229	0.02885	0.02371	0.01503	0.01261	0.00898	0.28883	0.08368	0.14426	0.07408	0.01859	0.03669	0.00904	0.04547	0.00210	0.00571	0.00564	0.00530	0.06681
2	0.16189	0.05669	0.04607	0.07642	0.20831	0.03463	0.01105	0.06419	0.01250	0.01880	0.01549	0.02024	0.07549	0.00883	0.00761	0.11222	0.00585	0.05361	0.00343	0.00668
3	0.05185	0.00923	0.01441	0.25535	0.02130	0.01103	0.06413	0.01292	0.01032	0.01474	0.01296	0.02150	0.01204	0.08093	0.18567	0.03133	0.12607	0.05549	0.00299	0.00571
4	0.00980	0.00640	0.00890	0.03630	0.01058	0.00676	0.00706	0.01061	0.05207	0.01356	0.01930	0.07529	0.04187	0.04342	0.01551	0.38659	0.03873	0.20934	0.00374	0.00417
5	0.04375	0.00856	0.01295	0.32313	0.08905	0.00964	0.01109	0.01309	0.03026	0.01625	0.07478	0.15789	0.02019	0.06534	0.03170	0.00249	0.00610	0.07401	0.00379	0.00595
6	0.18069	0.00655	0.00796	0.03173	0.00955	0.00699	0.00576	0.01014	0.00933	0.01521	0.07171	0.12009	0.01669	0.03163	0.06687	0.38969	0.00527	0.00663	0.00343	0.00408
7	0.01180	0.14872	0.30265	0.06574	0.01861	0.01247	0.01344	0.01561	0.01122	0.05805	0.01233	0.01623	0.01025	0.04853	0.22589	0.00397	0.00964	0.00489	0.00292	0.00704
8	0.04283	0.00879	0.01038	0.00925	0.01184	0.00894	0.00725	0.05047	0.19866	0.16392	0.27103	0.06836	0.07141	0.01005	0.00625	0.00189	0.00394	0.04141	0.00605	0.00727
9	0.01108	0.00655	0.00825	0.00773	0.00972	0.00584	0.00598	0.01318	0.01463	0.16221	0.30389	0.11899	0.23011	0.01249	0.00670	0.00195	0.00343	0.06529	0.00601	0.00599
10	0.04797	0.00875	0.01128	0.00932	0.01269	0.00796	0.00741	0.02243	0.05697	0.49452	0.07608	0.10902	0.06413	0.03604	0.00678	0.00198	0.00442	0.00764	0.00641	0.00821
11	0.78269	0.01141	0.00901	0.00791	0.01152	0.01317	0.00652	0.06725	0.01092	0.02638	0.00836	0.00960	0.00644	0.00542	0.00369	0.00177	0.00455	0.00324	0.00369	0.00644
12	0.00845	0.00603	0.00747	0.00716	0.00869	0.00550	0.00535	0.01100	0.03023	0.04608	0.51043	0.10915	0.19793	0.01258	0.00674	0.00187	0.00291	0.01098	0.00602	0.00544
13	0.06525	0.00616	0.00701	0.00674	0.00838	0.00570	0.00504	0.01019	0.01434	0.02006	0.43103	0.06456	0.29070	0.03143	0.00708	0.00195	0.00297	0.01054	0.00567	0.00519
14	0.01764	0.01129	0.01296	0.01096	0.01434	0.01195	0.00867	0.19833	0.26241	0.21042	0.05202	0.12615	0.01906	0.00893	0.00602	0.00189	0.00480	0.00747	0.00606	0.00863
15	0.83938	0.01106	0.00841	0.00752	0.01106	0.01283	0.00619	0.01681	0.00973	0.02566	0.00796	0.00929	0.00619	0.00531	0.00354	0.00177	0.00442	0.00310	0.00354	0.00619
16	0.00823	0.00576	0.00680	0.00692	0.00751	0.00559	0.00463	0.00914	0.01064	0.01410	0.12974	0.04391	0.11112	0.49032	0.02048	0.00420	0.00480	0.10764	0.00433	0.00414
17	0.01246	0.00804	0.00948	0.00895	0.01076	0.00816	0.00665	0.18417	0.01539	0.07875	0.04858	0.40664	0.02644	0.02853	0.00679	0.00205	0.00408	0.01100	0.11676	0.00633
18	0.01463	0.01184	0.01284	0.01115	0.01431	0.01332	0.00879	0.18850	0.43653	0.02549	0.09002	0.02311	0.05088	0.01065	0.05934	0.00238	0.00544	0.00674	0.00563	0.00841
19	0.02234	0.01507	0.01657	0.01271	0.01726	0.01632	0.01050	0.63546	0.02530	0.14708	0.01507	0.01460	0.01040	0.00690	0.00573	0.00172	0.00608	0.00524	0.00593	0.00973
20	0.00748	0.00560	0.00697	0.00768	0.00872	0.00515	0.00567	0.00906	0.01247	0.01620	0.12992	0.35478	0.23105	0.04008	0.00787	0.00231	0.00353	0.13525	0.00537	0.00486
21	0.00761	0.00568	0.00599	0.00612	0.00754	0.00506	0.00440	0.00900	0.01201	0.01549	0.04381	0.09275	0.47449	0.14216	0.01014	0.00250	0.00342	0.03766	0.10949	0.00467
22	0.01419	0.01090	0.01182	0.00997	0.01294	0.01165	0.00785	0.29223	0.15815	0.02598	0.16024	0.02976	0.16475	0.05445	0.00746	0.00203	0.00461	0.00786	0.00564	0.00751
23	0.00901	0.00734	0.00812	0.00779	0.00974	0.00729	0.00588	0.01429	0.19240	0.01928	0.22549	0.08481	0.32733	0.03204	0.00714	0.00203	0.00338	0.02504	0.00564	0.00596
24	0.03431	0.00981	0.01011	0.00878	0.01143	0.05231	0.00679	0.13676	0.06603	0.12054	0.12731	0.03427	0.26677	0.07940	0.00817	0.00214	0.00450	0.00844	0.00544	0.00668
25	0.00827	0.00558	0.00680	0.00718	0.00790	0.00525	0.00483	0.00930	0.01116	0.03935	0.10145	0.30949	0.12543	0.27078	0.01420	0.00325	0.00405	0.04093	0.02024	0.00456
26	0.03690	0.00635	0.00735	0.00744	0.00870	0.00615	0.00532	0.01116	0.06345	0.03491	0.16044	0.19966	0.19337	0.17752	0.01140	0.00278	0.00386	0.05305	0.00511	0.00509
27	0.04975	0.01130	0.01731	0.39814	0.20559	0.01279	0.01431	0.05398	0.07208	0.05689	0.02767	0.01700	0.01063	0.00619	0.00569	0.00185	0.00668	0.02118	0.00345	0.00751
28	0.06573	0.00726	0.00814	0.00811	0.00972	0.00722	0.00597	0.11281	0.01378	0.01881	0.05741	0.36440	0.21329	0.04656	0.00759	0.00223	0.00385	0.03640	0.00520	0.00551
29	0.00899	0.00558	0.00723	0.00787	0.00865	0.00520	0.00541	0.01014	0.01146	0.08134	0.06062	0.54497	0.04852	0.11308	0.00976	0.00262	0.00373	0.03251	0.02730	0.00502
30	0.01298	0.05716	0.02113	0.20420	0.04081	0.01439	0.19549	0.09534	0.01290	0.01755	0.01106	0.01554	0.00914	0.02756	0.09472	0.00285	0.15158	0.00557	0.00305	0.00696
31	0.20849	0.01022	0.01414	0.09187	0.04454	0.01122	0.09400	0.01477	0.01117	0.06081	0.04080	0.11492	0.02860	0.06302	0.00899	0.00219	0.11764	0.00669	0.00373	0.05219
32	0.01024	0.00647	0.00818	0.00838	0.00973	0.00611	0.00616	0.05269	0.01312	0.10068	0.08014	0.42568	0.11179	0.05383	0.00808	0.00234	0.00387	0.08143	0.00550	0.00557
33	0.01151	0.00898	0.01383	0.11472	0.25931	0.00906	0.01055	0.01365	0.01195	0.07466	0.04043	0.19875	0.05902	0.13647	0.00990	0.00251	0.00544	0.00871	0.00402	0.00654
34	0.01547	0.01131	0.01327	0.08817	0.01616	0.01237	0.00915	0.35716	0.01843	0.04730	0.01761	0.17816	0.01656	0.08091	0.00851	0.00220	0.03237	0.00771	0.03867	0.02851
35	0.01629	0.00949	0.01325	0.18639	0.01887	0.00983	0.02876	0.11820	0.01436	0.23198	0.01585	0.04717	0.01224	0.03273	0.00898	0.13301	0.00562	0.00581	0.06413	0.02702
36	0.01150	0.00691	0.00854	0.00809	0.00979	0.00652	0.00602	0.04403	0.01333	0.15128	0.11401	0.20983	0.18059	0.13127	0.01033	0.00256	0.02013	0.05406	0.00542	0.00579
37	0.01315	0.00918	0.01176	0.10368	0.01548	0.00901	0.00816	0.09273	0.03954	0.11209	0.13523	0.04175	0.01915	0.06642	0.09888	0.00273	0.00609	0.00630	0.00456	0.20410

[dist]
# distance from previous block
# <min> <max>
3	14

[block]
# block no. 9 follows, 41 sequences, length 31
# corresponding to MSA columns:
# 370-400
name=unknown_J
#
# <colnr> <probs for GDERKNQSTAVLIFYWHMCP>
#	G	D	E	R	K	N	Q	S	T	A	V	L	I	F	Y	W	H	M	C	P
0	0.01336	0.01275	0.01181	0.01186	0.06325	0.18877	0.00814	0.10315	0.01381	0.01679	0.04487	0.10133	0.05977	0.21350	0.05895	0.00322	0.03386	0.03097	0.00397	0.00588
1	0.02830	0.01163	0.10240	0.05123	0.06975	0.00968	0.01026	0.04183	0.10291	0.23194	0.06703	0.13461	0.01999	0.04565	0.00716	0.00210	0.00526	0.04540	0.00517	0.00769
2	0.02506	0.00753	0.00958	0.00845	0.01062	0.01781	0.02315	0.03468	0.01488	0.17777	0.32947	0.05785	0.10673	0.06426	0.03815	0.00237	0.00436	0.03341	0.02757	0.00629
3	0.01141	0.01081	0.01797	0.29086	0.02504	0.01247	0.14733	0.03150	0.01158	0.01598	0.01398	0.07855	0.03696	0.03681	0.00948	0.00214	0.16719	0.00658	0.04241	0.03096
4	0.00761	0.00538	0.00659	0.00715	0.00776	0.00507	0.00479	0.00870	0.01124	0.01509	0.12157	0.37501	0.11738	0.22147	0.01281	0.00304	0.00381	0.03078	0.03026	0.00449
5	0.01371	0.01339	0.02225	0.21760	0.42694	0.03520	0.10282	0.04243	0.03594	0.01826	0.01114	0.01468	0.00889	0.00538	0.00580	0.00178	0.00735	0.00529	0.00296	0.00818
6	0.01268	0.01023	0.01689	0.66828	0.06021	0.01222	0.01505	0.01629	0.01208	0.10440	0.01166	0.01572	0.00845	0.00586	0.00572	0.00188	0.00727	0.00516	0.00309	0.00685
7	0.01761	0.00849	0.01098	0.00927	0.01230	0.00786	0.00731	0.03751	0.08025	0.39665	0.19649	0.11855	0.05210	0.00975	0.00621	0.00186	0.00411	0.00834	0.00648	0.00789
8	0.01048	0.00569	0.00587	0.00576	0.00690	0.00574	0.00409	0.03366	0.01164	0.01956	0.01838	0.02457	0.01584	0.17701	0.00945	0.00225	0.00339	0.00597	0.62871	0.00506
9	0.00770	0.00530	0.00647	0.00705	0.00725	0.00513	0.00437	0.00825	0.00979	0.01310	0.05067	0.37900	0.02966	0.41896	0.01849	0.00396	0.00444	0.01197	0.00440	0.00407
10	0.00741	0.00523	0.00664	0.00742	0.00783	0.00495	0.00487	0.00838	0.01099	0.01476	0.11309	0.51389	0.05233	0.20005	0.01233	0.00301	0.00376	0.01362	0.00499	0.00446
11	0.00852	0.00578	0.00759	0.00748	0.00867	0.00534	0.00545	0.01072	0.01473	0.04995	0.53528	0.22551	0.04766	0.03203	0.00738	0.00202	0.00300	0.01156	0.00602	0.00534
12	0.02018	0.00878	0.01167	0.00947	0.01295	0.00787	0.00761	0.02323	0.05643	0.52246	0.19587	0.05559	0.02460	0.00863	0.00605	0.00181	0.00428	0.00728	0.00676	0.00848
13	0.00979	0.00731	0.01014	0.00967	0.01111	0.00841	0.00759	0.09765	0.01130	0.01599	0.01513	0.02143	0.01375	0.03861	0.68452	0.00830	0.01425	0.00601	0.00338	0.00566
