[name]
unknown

[dist]
# distance from previous block
# <min> <max>
0	50

[block]
# block no. 0 follows, 46 sequences, length 16
# corresponding to MSA columns:
# 62-77
name=unknown_A
#
# <colnr> <probs for GDERKNQSTAVLIFYWHMCP>
#	G	D	E	R	K	N	Q	S	T	A	V	L	I	F	Y	W	H	M	C	P
0	0.00852	0.00608	0.00852	0.00974	0.01095	0.00608	0.00852	0.01095	0.01217	0.01582	0.02799	0.05963	0.03042	0.01460	0.00730	0.00243	0.00487	0.74565	0.00487	0.00487
1	0.01292	0.01349	0.06677	0.03106	0.70970	0.01257	0.04312	0.01628	0.01200	0.01723	0.00994	0.01301	0.00826	0.00472	0.00526	0.00158	0.00646	0.00472	0.00260	0.00830
2	0.00653	0.00537	0.00574	0.00565	0.00731	0.00458	0.00424	0.00813	0.01271	0.01584	0.21709	0.04831	0.61457	0.01281	0.00625	0.00176	0.00264	0.01080	0.00511	0.00458
3	0.00791	0.00631	0.00847	0.00813	0.00902	0.00661	0.03377	0.02537	0.01051	0.01415	0.09944	0.25926	0.14887	0.16008	0.09257	0.00322	0.08762	0.00994	0.00413	0.00460
4	0.01159	0.03298	0.05659	0.01233	0.01400	0.01393	0.01061	0.03356	0.02785	0.01457	0.00833	0.01190	0.00760	0.00882	0.04065	0.00214	0.51700	0.00432	0.00264	0.16860
5	0.00700	0.00538	0.00640	0.00614	0.00760	0.00478	0.00461	0.00904	0.01383	0.01850	0.49521	0.04394	0.33480	0.01182	0.00624	0.00171	0.00257	0.01018	0.00546	0.00478
6	0.01265	0.00992	0.03430	0.03654	0.01379	0.00769	0.00723	0.03942	0.01190	0.11119	0.01146	0.03461	0.00922	0.00475	0.00429	0.00101	0.00425	0.00387	0.00361	0.63830
7	0.00985	0.00493	0.00493	0.00493	0.00616	0.00493	0.00370	0.01232	0.01109	0.01971	0.01725	0.01971	0.01355	0.00616	0.00370	0.00123	0.00246	0.00493	0.84356	0.00493
8	0.00644	0.00460	0.00613	0.00736	0.00767	0.00429	0.00491	0.00736	0.01012	0.01350	0.02914	0.81076	0.03497	0.01656	0.00675	0.00215	0.00307	0.01503	0.00491	0.00429
9	0.01133	0.16809	0.56034	0.01440	0.02119	0.01372	0.07917	0.01640	0.01123	0.01595	0.00983	0.01259	0.00763	0.00521	0.00491	0.00161	0.00741	0.02916	0.00236	0.00747
10	0.01413	0.81739	0.02770	0.00905	0.01357	0.02092	0.00905	0.01583	0.01074	0.01244	0.00735	0.00848	0.00678	0.00452	0.00339	0.00113	0.00565	0.00283	0.00226	0.00678
11	0.01975	0.02520	0.01498	0.01362	0.01634	0.79299	0.01021	0.02111	0.01498	0.01294	0.00817	0.00953	0.00681	0.00545	0.00477	0.00136	0.00953	0.00340	0.00272	0.00613
12	0.00756	0.00563	0.00832	0.00832	0.00921	0.00652	0.00639	0.00933	0.00845	0.01215	0.01432	0.02164	0.01359	0.08825	0.74518	0.00828	0.01359	0.00579	0.00286	0.00462
13	0.02141	0.01270	0.01456	0.01117	0.01535	0.01327	0.00922	0.49659	0.02134	0.30530	0.01565	0.01461	0.01047	0.00642	0.00530	0.00160	0.00534	0.00496	0.00574	0.00899
14	0.00755	0.00566	0.00850	0.00850	0.00944	0.00661	0.00661	0.00944	0.00850	0.01227	0.01416	0.02077	0.01322	0.03965	0.79326	0.00850	0.01416	0.00566	0.00283	0.00472
15	0.00665	0.00490	0.00628	0.00730	0.00796	0.00453	0.00518	0.00782	0.01069	0.01390	0.03313	0.59422	0.16032	0.01580	0.00673	0.00212	0.00321	0.09996	0.00490	0.00439

[dist]
# distance from previous block
# <min> <max>
0	1

[block]
# block no. 1 follows, 46 sequences, length 83
# corresponding to MSA columns:
# 79-161
name=unknown_B
#
# <colnr> <probs for GDERKNQSTAVLIFYWHMCP>
#	G	D	E	R	K	N	Q	S	T	A	V	L	I	F	Y	W	H	M	C	P
0	0.00633	0.00536	0.00547	0.00544	0.00719	0.00450	0.00408	0.00774	0.01224	0.01474	0.10138	0.05013	0.73098	0.01322	0.00625	0.00178	0.00267	0.01105	0.00497	0.00450
1	0.00675	0.00534	0.00601	0.00591	0.00738	0.00467	0.00437	0.00844	0.01288	0.01660	0.31146	0.07421	0.46419	0.03986	0.00697	0.00187	0.00271	0.01061	0.00518	0.00460
2	0.01444	0.77488	0.02702	0.00929	0.01372	0.06235	0.00911	0.01611	0.01097	0.01246	0.00739	0.00854	0.00679	0.00457	0.00347	0.00114	0.00586	0.00286	0.00229	0.00675
3	0.05738	0.07896	0.69320	0.01422	0.02156	0.01283	0.01807	0.01661	0.01101	0.01684	0.00923	0.01084	0.00665	0.00498	0.00482	0.00164	0.00746	0.00378	0.00229	0.00763
4	0.01865	0.01310	0.01423	0.01193	0.04312	0.05002	0.00931	0.40753	0.14311	0.16546	0.03941	0.01635	0.02967	0.00671	0.00533	0.00162	0.00533	0.00529	0.00532	0.00851
5	0.01430	0.01192	0.01279	0.03746	0.01498	0.01369	0.00888	0.16066	0.61112	0.02385	0.01952	0.01826	0.01454	0.00696	0.00536	0.00175	0.00458	0.00571	0.00526	0.00840
6	0.15208	0.01202	0.01910	0.07651	0.58558	0.01241	0.03477	0.01596	0.01145	0.01809	0.00950	0.01243	0.00784	0.00477	0.00494	0.00160	0.00604	0.00444	0.00271	0.00774
7	0.01223	0.10028	0.52414	0.01585	0.06263	0.01325	0.09841	0.05063	0.01209	0.04779	0.01003	0.01168	0.00730	0.00502	0.00503	0.00162	0.00742	0.00419	0.00261	0.00777
8	0.05549	0.00904	0.01210	0.00931	0.01337	0.00793	0.00769	0.02537	0.01490	0.75568	0.02034	0.01763	0.01280	0.00648	0.00524	0.00164	0.00448	0.00522	0.00642	0.00887
9	0.02372	0.00900	0.01227	0.00941	0.01350	0.00777	0.00777	0.02576	0.01513	0.78489	0.02086	0.01799	0.01309	0.00654	0.00532	0.00164	0.00450	0.00532	0.00654	0.00900
10	0.01481	0.00703	0.00942	0.00789	0.01043	0.00624	0.00624	0.01711	0.01504	0.36607	0.43633	0.02978	0.03327	0.00888	0.00582	0.00165	0.00340	0.00764	0.00615	0.00680
11	0.00748	0.00540	0.00707	0.00665	0.00790	0.00499	0.00499	0.00998	0.01496	0.02120	0.77844	0.03949	0.04988	0.01081	0.00624	0.00166	0.00249	0.00956	0.00582	0.00499
12	0.01413	0.81739	0.02770	0.00905	0.01357	0.02092	0.00905	0.01583	0.01074	0.01244	0.00735	0.00848	0.00678	0.00452	0.00339	0.00113	0.00565	0.00283	0.00226	0.00678
13	0.01096	0.00940	0.01096	0.00783	0.01253	0.00705	0.00626	0.01331	0.01096	0.01723	0.00940	0.01096	0.00783	0.00392	0.00392	0.00078	0.00392	0.00313	0.00313	0.84653
14	0.00828	0.00558	0.00732	0.00679	0.00817	0.00512	0.00512	0.01075	0.01497	0.05861	0.74133	0.03844	0.04808	0.01060	0.00619	0.00166	0.00259	0.00935	0.00585	0.00518
15	0.01112	0.11037	0.66391	0.01539	0.06386	0.01321	0.01824	0.01662	0.01117	0.01631	0.00929	0.01098	0.00680	0.00495	0.00486	0.00161	0.00750	0.00384	0.00226	0.00773
16	0.01148	0.00938	0.01102	0.00789	0.01257	0.00708	0.00633	0.01382	0.01113	0.04850	0.00986	0.01125	0.00804	0.00402	0.00397	0.00082	0.00394	0.00322	0.00327	0.81241
17	0.01132	0.12276	0.53166	0.01490	0.03878	0.01396	0.05143	0.01607	0.01076	0.01567	0.00893	0.01107	0.00684	0.00551	0.00660	0.00170	0.11838	0.00400	0.00228	0.00738
18	0.01347	0.01269	0.02115	0.03133	0.73891	0.01277	0.01588	0.05758	0.01275	0.01816	0.01010	0.01306	0.00841	0.00480	0.00524	0.00157	0.00625	0.00471	0.00276	0.00841
19	0.00711	0.00537	0.00657	0.00630	0.00768	0.00483	0.00471	0.00925	0.01405	0.01910	0.55949	0.05824	0.25464	0.01165	0.00625	0.00171	0.00256	0.01012	0.00555	0.00483
20	0.00666	0.00487	0.00600	0.00673	0.00744	0.00445	0.00461	0.00781	0.01087	0.01439	0.10205	0.52100	0.18824	0.05449	0.00750	0.00215	0.00302	0.01306	0.03029	0.00436
21	0.01397	0.03263	0.17989	0.17008	0.16293	0.03083	0.07891	0.08324	0.01307	0.12507	0.01223	0.01420	0.02195	0.00585	0.00574	0.02721	0.00664	0.00480	0.00330	0.00746
22	0.01710	0.00867	0.01111	0.02695	0.01262	0.00829	0.00743	0.12138	0.03911	0.38102	0.25238	0.02522	0.02436	0.00809	0.00566	0.00167	0.00412	0.03131	0.00596	0.00754
23	0.02308	0.00901	0.01218	0.00938	0.01337	0.00788	0.00773	0.04249	0.01535	0.74129	0.04647	0.01860	0.01424	0.00668	0.00535	0.00164	0.00446	0.00545	0.00649	0.00886
24	0.03153	0.01734	0.12381	0.03567	0.16196	0.18398	0.13084	0.11589	0.01432	0.08279	0.01084	0.01265	0.00821	0.00606	0.02116	0.00174	0.02584	0.00459	0.00328	0.00750
25	0.01241	0.03334	0.39755	0.01801	0.07860	0.01294	0.24073	0.05589	0.01237	0.04578	0.01035	0.01253	0.00758	0.00509	0.00581	0.00171	0.03414	0.00477	0.00271	0.00767
26	0.01140	0.01177	0.01299	0.01147	0.01253	0.14693	0.02883	0.01296	0.01107	0.01451	0.14820	0.04711	0.08780	0.01111	0.05597	0.00232	0.35781	0.00634	0.00337	0.00551
27	0.65101	0.01235	0.08471	0.00938	0.01316	0.01229	0.06996	0.03344	0.00984	0.02231	0.00795	0.00951	0.00613	0.00508	0.00425	0.00168	0.03436	0.00335	0.00314	0.00612
28	0.01500	0.00703	0.00943	0.00799	0.01050	0.00624	0.00628	0.01717	0.01469	0.37799	0.36987	0.08510	0.03159	0.00923	0.00584	0.00169	0.00347	0.00797	0.00609	0.00681
29	0.01275	0.25633	0.05300	0.04842	0.05821	0.06615	0.06301	0.04582	0.05102	0.01513	0.04722	0.02829	0.01068	0.00891	0.06663	0.00214	0.15217	0.00468	0.00290	0.00656
30	0.00655	0.00490	0.00608	0.00677	0.00757	0.00444	0.00470	0.00780	0.01129	0.01480	0.14389	0.51457	0.21748	0.01496	0.00655	0.00199	0.00289	0.01330	0.00504	0.00444
31	0.01346	0.12456	0.02135	0.02683	0.58759	0.04035	0.01440	0.01728	0.07241	0.01684	0.01044	0.01285	0.00872	0.00491	0.00497	0.00152	0.00614	0.00451	0.00279	0.00808
32	0.00748	0.00507	0.00613	0.00673	0.00722	0.00494	0.00450	0.00873	0.02812	0.01356	0.02462	0.39358	0.05485	0.26065	0.01259	0.00296	0.00375	0.05170	0.09865	0.00417
33	0.00742	0.00538	0.00700	0.00665	0.00787	0.00495	0.00496	0.00984	0.01474	0.02080	0.73816	0.06526	0.06496	0.01105	0.00625	0.00168	0.00252	0.00978	0.00577	0.00495
34	0.00644	0.00460	0.00613	0.00736	0.00767	0.00429	0.00491	0.00736	0.01012	0.01350	0.02914	0.81076	0.03497	0.01656	0.00675	0.00215	0.00307	0.01503	0.00491	0.00429
35	0.01315	0.01136	0.01195	0.01076	0.01375	0.01315	0.00837	0.02809	0.77168	0.02211	0.02152	0.01972	0.01614	0.00717	0.00538	0.00179	0.00418	0.00598	0.00538	0.00837
36	0.01315	0.01136	0.01195	0.01076	0.01375	0.01315	0.00837	0.02809	0.77168	0.02211	0.02152	0.01972	0.01614	0.00717	0.00538	0.00179	0.00418	0.00598	0.00538	0.00837
37	0.01157	0.01157	0.01619	0.01388	0.01388	0.01619	0.01157	0.01272	0.00810	0.01272	0.00694	0.01157	0.00694	0.00925	0.01735	0.00231	0.80453	0.00463	0.00231	0.00578
38	0.01165	0.01162	0.01648	0.01491	0.05634	0.01599	0.01182	0.01292	0.00831	0.01297	0.00711	0.01165	0.00702	0.00900	0.01668	0.00227	0.76036	0.00463	0.00233	0.00593
39	0.01157	0.01157	0.01619	0.01388	0.01388	0.01619	0.01157	0.01272	0.00810	0.01272	0.00694	0.01157	0.00694	0.00925	0.01735	0.00231	0.80453	0.00463	0.00231	0.00578
40	0.00918	0.00459	0.00689	0.00689	0.00689	0.00459	0.00459	0.00689	0.00689	0.00918	0.00918	0.01607	0.00918	0.01837	0.02066	0.84619	0.00459	0.00459	0.00230	0.00230
41	0.01413	0.81739	0.02770	0.00905	0.01357	0.02092	0.00905	0.01583	0.01074	0.01244	0.00735	0.00848	0.00678	0.00452	0.00339	0.00113	0.00565	0.00283	0.00226	0.00678
42	0.01157	0.01157	0.01619	0.01388	0.01388	0.01619	0.01157	0.01272	0.00810	0.01272	0.00694	0.01157	0.00694	0.00925	0.01735	0.00231	0.80453	0.00463	0.00231	0.00578
43	0.02363	0.00914	0.01236	0.00947	0.01357	0.00798	0.00783	0.04368	0.01537	0.76665	0.02066	0.01786	0.01299	0.00654	0.00532	0.00163	0.00453	0.00530	0.00651	0.00900
44	0.85155	0.01022	0.00777	0.00695	0.01022	0.01186	0.00573	0.01554	0.00900	0.02372	0.00736	0.00859	0.00573	0.00491	0.00327	0.00164	0.00409	0.00286	0.00327	0.00573
45	0.85155	0.01022	0.00777	0.00695	0.01022	0.01186	0.00573	0.01554	0.00900	0.02372	0.00736	0.00859	0.00573	0.00491	0.00327	0.00164	0.00409	0.00286	0.00327	0.00573
46	0.01975	0.02520	0.01498	0.01362	0.01634	0.79299	0.01021	0.02111	0.01498	0.01294	0.00817	0.00953	0.00681	0.00545	0.00477	0.00136	0.00953	0.00340	0.00272	0.00613
47	0.01255	0.25760	0.45276	0.01287	0.01893	0.10163	0.01494	0.01674	0.01159	0.01521	0.03417	0.01113	0.00816	0.00512	0.00456	0.00148	0.00720	0.00372	0.00241	0.00723
48	0.01267	0.01430	0.11664	0.05601	0.66182	0.01250	0.01659	0.01620	0.01188	0.01708	0.00987	0.01288	0.00812	0.00477	0.00521	0.00159	0.00650	0.00461	0.00256	0.00822
49	0.00710	0.00563	0.00655	0.00700	0.00858	0.00507	0.00571	0.00885	0.01210	0.01486	0.04393	0.05417	0.49722	0.01385	0.00664	0.00203	0.00350	0.28769	0.00489	0.00462
50	0.01328	0.01211	0.02053	0.10227	0.67804	0.01227	0.01570	0.01640	0.01204	0.05148	0.01038	0.01340	0.00846	0.00485	0.00524	0.00159	0.00627	0.00474	0.00277	0.00817
51	0.03352	0.01658	0.24341	0.03781	0.09980	0.01193	0.35253	0.01569	0.01169	0.01667	0.01217	0.08850	0.01049	0.00598	0.00575	0.00177	0.00755	0.01829	0.00279	0.00708
52	0.00743	0.00562	0.00798	0.00844	0.00921	0.00537	0.04596	0.04201	0.01096	0.01463	0.02738	0.71378	0.03224	0.01540	0.00667	0.00211	0.00355	0.03180	0.00480	0.00467
53	0.00735	0.00532	0.00688	0.00663	0.00778	0.00491	0.00488	0.00958	0.01419	0.01989	0.65942	0.10767	0.07555	0.03801	0.00697	0.00182	0.00264	0.01004	0.00562	0.00485
54	0.01118	0.00952	0.01108	0.00793	0.01262	0.00727	0.00635	0.03114	0.01129	0.01761	0.00947	0.01100	0.00786	0.00397	0.00395	0.00080	0.00396	0.00317	0.00318	0.82663
55	0.73879	0.06082	0.04042	0.00763	0.01114	0.03856	0.00663	0.01579	0.00939	0.02239	0.00747	0.00872	0.00587	0.00491	0.00340	0.00160	0.00452	0.00292	0.00315	0.00589
56	0.00629	0.00534	0.00542	0.00544	0.00717	0.00447	0.00407	0.00764	0.01207	0.01444	0.07199	0.07134	0.73954	0.01341	0.00626	0.00179	0.00268	0.01122	0.00493	0.00447
57	0.01295	0.01326	0.05295	0.03113	0.70507	0.01260	0.06143	0.01629	0.01203	0.01723	0.00997	0.01308	0.00828	0.00471	0.00529	0.00159	0.00650	0.00477	0.00260	0.00828
58	0.00726	0.00540	0.00676	0.00642	0.00776	0.00489	0.00481	0.00954	0.01444	0.01994	0.64687	0.04156	0.18223	0.01128	0.00624	0.00168	0.00253	0.00985	0.00565	0.00489
59	0.00766	0.00553	0.00782	0.00782	0.00858	0.00625	0.00582	0.00918	0.00842	0.01210	0.01477	0.02356	0.01446	0.19703	0.61031	0.00757	0.01192	0.00605	0.03074	0.00442
60	0.85155	0.01022	0.00777	0.00695	0.01022	0.01186	0.00573	0.01554	0.00900	0.02372	0.00736	0.00859	0.00573	0.00491	0.00327	0.00164	0.00409	0.00286	0.00327	0.00573
61	0.85155	0.01022	0.00777	0.00695	0.01022	0.01186	0.00573	0.01554	0.00900	0.02372	0.00736	0.00859	0.00573	0.00491	0.00327	0.00164	0.00409	0.00286	0.00327	0.00573
62	0.01995	0.01396	0.01522	0.01177	0.01587	0.01525	0.00968	0.66086	0.04144	0.10186	0.01403	0.03150	0.01013	0.00662	0.00533	0.00161	0.00559	0.00507	0.00540	0.00887
63	0.00791	0.00596	0.00793	0.00920	0.07422	0.00561	0.00600	0.02634	0.01214	0.02813	0.20103	0.35849	0.15895	0.03504	0.00694	0.00200	0.00336	0.04084	0.00490	0.00500
64	0.01413	0.81739	0.02770	0.00905	0.01357	0.02092	0.00905	0.01583	0.01074	0.01244	0.00735	0.00848	0.00678	0.00452	0.00339	0.00113	0.00565	0.00283	0.00226	0.00678
65	0.01896	0.02312	0.01581	0.01582	0.10894	0.65739	0.01093	0.05983	0.01515	0.01454	0.00863	0.01013	0.00711	0.00541	0.00485	0.00140	0.00894	0.00363	0.00285	0.00655
66	0.00748	0.00540	0.00707	0.00665	0.00790	0.00499	0.00499	0.00998	0.01496	0.02120	0.77844	0.03949	0.04988	0.01081	0.00624	0.00166	0.00249	0.00956	0.00582	0.00499
67	0.01228	0.01369	0.10599	0.18222	0.50342	0.01247	0.04860	0.02832	0.01188	0.01672	0.00986	0.01311	0.00792	0.00488	0.00527	0.00163	0.00671	0.00469	0.00257	0.00777
68	0.79731	0.01014	0.00806	0.00711	0.01044	0.01159	0.00586	0.01621	0.00940	0.07359	0.00825	0.00920	0.00621	0.00501	0.00341	0.00164	0.00412	0.00302	0.00349	0.00594
69	0.00977	0.00493	0.00496	0.00496	0.00614	0.00493	0.00368	0.01215	0.01096	0.01936	0.01722	0.02026	0.01376	0.03591	0.00455	0.00138	0.00256	0.00503	0.81262	0.00486
70	0.01315	0.01136	0.01195	0.01076	0.01375	0.01315	0.00837	0.02809	0.77168	0.02211	0.02152	0.01972	0.01614	0.00717	0.00538	0.00179	0.00418	0.00598	0.00538	0.00837
71	0.01456	0.54338	0.02356	0.01066	0.01407	0.14291	0.00969	0.01610	0.01093	0.01257	0.00741	0.00921	0.00682	0.00554	0.00617	0.00138	0.15295	0.00325	0.00234	0.00650
72	0.01418	0.01339	0.05396	0.02259	0.30917	0.03542	0.25633	0.01789	0.02996	0.11451	0.01172	0.01389	0.00888	0.00489	0.00545	0.00159	0.00685	0.00512	0.00322	0.07098
73	0.00709	0.00510	0.00672	0.00692	0.00781	0.00473	0.00496	0.00899	0.01314	0.01830	0.49657	0.32963	0.04427	0.01297	0.00643	0.00184	0.00271	0.01162	0.00548	0.00473
74	0.01148	0.21459	0.50955	0.01402	0.02057	0.01417	0.08420	0.01622	0.01115	0.01562	0.00975	0.03804	0.00780	0.00524	0.00480	0.00157	0.00723	0.00424	0.00237	0.00738
75	0.01912	0.02375	0.01511	0.01359	0.01615	0.70374	0.01031	0.04779	0.01481	0.01367	0.00824	0.00981	0.00690	0.00578	0.00577	0.00144	0.07147	0.00355	0.00279	0.00621
76	0.85155	0.01022	0.00777	0.00695	0.01022	0.01186	0.00573	0.01554	0.00900	0.02372	0.00736	0.00859	0.00573	0.00491	0.00327	0.00164	0.00409	0.00286	0.00327	0.00573
77	0.01435	0.66066	0.02449	0.00916	0.01342	0.01888	0.00877	0.01754	0.09655	0.05632	0.01091	0.01139	0.02853	0.00517	0.00380	0.00125	0.00535	0.00354	0.00292	0.00702
78	0.01307	0.01369	0.06235	0.08094	0.58966	0.05109	0.01538	0.01726	0.07275	0.01716	0.01072	0.01340	0.00873	0.00500	0.00521	0.00160	0.00641	0.00470	0.00280	0.00806
79	0.00673	0.00487	0.00622	0.00698	0.00756	0.00452	0.00477	0.00788	0.01086	0.01448	0.13998	0.54145	0.10760	0.08308	0.00835	0.00230	0.00316	0.02999	0.00490	0.00433
80	0.01736	0.01436	0.05852	0.01286	0.03396	0.01473	0.05070	0.48538	0.13104	0.04657	0.02787	0.01428	0.01062	0.00634	0.00560	0.00163	0.02440	0.00502	0.00484	0.03392
81	0.00652	0.00467	0.00608	0.00716	0.00751	0.00436	0.00475	0.00739	0.01003	0.01330	0.02931	0.72370	0.06571	0.07247	0.00814	0.00234	0.00320	0.01435	0.00479	0.00422
82	0.74118	0.01055	0.00857	0.00746	0.01084	0.01205	0.00612	0.06936	0.03039	0.02414	0.00819	0.00926	0.00631	0.00504	0.00349	0.00161	0.00421	0.00309	0.00347	0.03467

[dist]
# distance from previous block
# <min> <max>
0	1

[block]
# block no. 2 follows, 46 sequences, length 11
# corresponding to MSA columns:
# 163-173
name=unknown_C
#
# <colnr> <probs for GDERKNQSTAVLIFYWHMCP>
#	G	D	E	R	K	N	Q	S	T	A	V	L	I	F	Y	W	H	M	C	P
0	0.01761	0.06105	0.01712	0.03575	0.16300	0.03036	0.06453	0.16090	0.03712	0.26169	0.03108	0.01495	0.01086	0.00591	0.00555	0.00158	0.02936	0.00495	0.00450	0.04212
1	0.06317	0.53307	0.08431	0.01038	0.01439	0.05893	0.01011	0.03977	0.01099	0.01418	0.00768	0.00930	0.00681	0.00532	0.00550	0.00139	0.11228	0.00325	0.00245	0.00671
2	0.00749	0.00595	0.00681	0.00669	0.00827	0.00558	0.00505	0.01062	0.09025	0.01749	0.29966	0.10511	0.35752	0.01216	0.00624	0.00180	0.00289	0.04009	0.00527	0.00505
3	0.01651	0.05854	0.13027	0.01484	0.08798	0.31567	0.03073	0.11949	0.07682	0.04601	0.02828	0.01247	0.00924	0.00576	0.00528	0.00153	0.02565	0.00427	0.00338	0.00728
4	0.00641	0.00536	0.00558	0.00553	0.00724	0.00453	0.00415	0.00790	0.01244	0.01520	0.14938	0.04937	0.68269	0.01305	0.00625	0.00177	0.00265	0.01095	0.00503	0.00453
5	0.00687	0.00511	0.00711	0.00896	0.05712	0.00482	0.00563	0.00793	0.01024	0.01374	0.02791	0.75977	0.03327	0.01580	0.00665	0.00211	0.00327	0.01437	0.00476	0.00455
6	0.01911	0.01049	0.01211	0.00954	0.01305	0.01070	0.00780	0.32765	0.01824	0.30277	0.01667	0.01619	0.01150	0.00638	0.00494	0.00152	0.00459	0.00500	0.19368	0.00808
7	0.00644	0.00460	0.00613	0.00736	0.00767	0.00429	0.00491	0.00736	0.01012	0.01350	0.02914	0.81076	0.03497	0.01656	0.00675	0.00215	0.00307	0.01503	0.00491	0.00429
8	0.01157	0.01157	0.01619	0.01388	0.01388	0.01619	0.01157	0.01272	0.00810	0.01272	0.00694	0.01157	0.00694	0.00925	0.01735	0.00231	0.80453	0.00463	0.00231	0.00578
9	0.01315	0.01136	0.01195	0.01076	0.01375	0.01315	0.00837	0.02809	0.77168	0.02211	0.02152	0.01972	0.01614	0.00717	0.00538	0.00179	0.00418	0.00598	0.00538	0.00837
10	0.01096	0.00940	0.01096	0.00783	0.01253	0.00705	0.00626	0.01331	0.01096	0.01723	0.00940	0.01096	0.00783	0.00392	0.00392	0.00078	0.00392	0.00313	0.00313	0.84653

[dist]
# distance from previous block
# <min> <max>
0	39

[block]
# block no. 3 follows, 46 sequences, length 15
# corresponding to MSA columns:
# 213-227
name=unknown_D
#
# <colnr> <probs for GDERKNQSTAVLIFYWHMCP>
#	G	D	E	R	K	N	Q	S	T	A	V	L	I	F	Y	W	H	M	C	P
0	0.04179	0.00593	0.00610	0.00568	0.00733	0.00600	0.00438	0.05574	0.01204	0.06731	0.01685	0.01880	0.01298	0.00615	0.00387	0.00129	0.00284	0.00487	0.71463	0.00543
1	0.01157	0.01157	0.01619	0.01388	0.01388	0.01619	0.01157	0.01272	0.00810	0.01272	0.00694	0.01157	0.00694	0.00925	0.01735	0.00231	0.80453	0.00463	0.00231	0.00578
2	0.01315	0.01136	0.01195	0.01076	0.01375	0.01315	0.00837	0.02809	0.77168	0.02211	0.02152	0.01972	0.01614	0.00717	0.00538	0.00179	0.00418	0.00598	0.00538	0.00837
3	0.01254	0.01201	0.02063	0.12001	0.64456	0.01225	0.03812	0.01574	0.01189	0.01677	0.01056	0.01494	0.00902	0.00513	0.00535	0.00163	0.00640	0.03186	0.00267	0.00792
4	0.85155	0.01022	0.00777	0.00695	0.01022	0.01186	0.00573	0.01554	0.00900	0.02372	0.00736	0.00859	0.00573	0.00491	0.00327	0.00164	0.00409	0.00286	0.00327	0.00573
5	0.01157	0.01157	0.01619	0.01388	0.01388	0.01619	0.01157	0.01272	0.00810	0.01272	0.00694	0.01157	0.00694	0.00925	0.01735	0.00231	0.80453	0.00463	0.00231	0.00578
6	0.00625	0.00536	0.00536	0.00536	0.00714	0.00446	0.00402	0.00759	0.01205	0.01428	0.05355	0.05088	0.77909	0.01339	0.00625	0.00179	0.00268	0.01116	0.00491	0.00446
7	0.02010	0.01481	0.01587	0.01216	0.01639	0.01639	0.01005	0.76360	0.02486	0.03332	0.01269	0.01269	0.00899	0.00635	0.00529	0.00159	0.00582	0.00476	0.00529	0.00899
8	0.00755	0.00566	0.00850	0.00850	0.00944	0.00661	0.00661	0.00944	0.00850	0.01227	0.01416	0.02077	0.01322	0.03965	0.79326	0.00850	0.01416	0.00566	0.00283	0.00472
9	0.00771	0.00583	0.00853	0.00845	0.00928	0.00682	0.00649	0.00941	0.00841	0.01211	0.01412	0.02163	0.01351	0.10495	0.70011	0.00799	0.04138	0.00580	0.00285	0.00463
10	0.00784	0.00547	0.00706	0.00667	0.00800	0.00500	0.00500	0.01017	0.01455	0.04350	0.66977	0.07331	0.10147	0.01112	0.00623	0.00169	0.00259	0.00979	0.00574	0.00504
11	0.01363	0.01197	0.01220	0.01091	0.01393	0.04090	0.00849	0.05391	0.71840	0.02219	0.02073	0.01911	0.01555	0.00708	0.00535	0.00177	0.00443	0.00584	0.00528	0.00831
12	0.42080	0.11338	0.01294	0.00900	0.01251	0.03166	0.00760	0.19279	0.01351	0.07286	0.00973	0.01057	0.00737	0.00553	0.00454	0.00157	0.03895	0.00360	0.02424	0.00683
13	0.01306	0.01259	0.02150	0.03093	0.70789	0.01263	0.05315	0.01681	0.04735	0.01748	0.01052	0.01345	0.00872	0.00481	0.00529	0.00159	0.00631	0.00485	0.00275	0.00831
14	0.07317	0.15293	0.55368	0.01323	0.01992	0.01370	0.01611	0.04861	0.01163	0.03775	0.00943	0.01079	0.00691	0.00503	0.00465	0.00158	0.00702	0.00373	0.00256	0.00758

[dist]
# distance from previous block
# <min> <max>
0	1

[block]
# block no. 4 follows, 46 sequences, length 62
# corresponding to MSA columns:
# 230-291
name=unknown_E
#
# <colnr> <probs for GDERKNQSTAVLIFYWHMCP>
#	G	D	E	R	K	N	Q	S	T	A	V	L	I	F	Y	W	H	M	C	P
0	0.07681	0.08843	0.64975	0.01393	0.02097	0.01301	0.01745	0.01649	0.01090	0.01686	0.00910	0.01076	0.00663	0.00506	0.00501	0.00164	0.02361	0.00375	0.00232	0.00753
1	0.01422	0.61677	0.03814	0.00980	0.01383	0.07663	0.00929	0.03428	0.04993	0.01387	0.03598	0.01054	0.00887	0.00523	0.00444	0.00128	0.04407	0.00342	0.00266	0.00677
2	0.01123	0.00959	0.01153	0.00836	0.01292	0.00750	0.02558	0.04373	0.01154	0.01776	0.01018	0.03603	0.00873	0.00442	0.00412	0.00088	0.00409	0.00365	0.00326	0.76490
3	0.02292	0.00899	0.01213	0.00939	0.01336	0.00790	0.00772	0.02545	0.04305	0.73762	0.03985	0.01860	0.01412	0.00667	0.00534	0.00164	0.00444	0.00545	0.00648	0.00887
4	0.00748	0.00540	0.00707	0.00665	0.00790	0.00499	0.00499	0.00998	0.01496	0.02120	0.77844	0.03949	0.04988	0.01081	0.00624	0.00166	0.00249	0.00956	0.00582	0.00499
5	0.00769	0.00513	0.00577	0.00577	0.00577	0.00513	0.00320	0.00769	0.00769	0.01025	0.01666	0.03460	0.01922	0.81421	0.02691	0.00513	0.00513	0.00769	0.00320	0.00320
6	0.01315	0.01136	0.01195	0.01076	0.01375	0.01315	0.00837	0.02809	0.77168	0.02211	0.02152	0.01972	0.01614	0.00717	0.00538	0.00179	0.00418	0.00598	0.00538	0.00837
7	0.85155	0.01022	0.00777	0.00695	0.01022	0.01186	0.00573	0.01554	0.00900	0.02372	0.00736	0.00859	0.00573	0.00491	0.00327	0.00164	0.00409	0.00286	0.00327	0.00573
8	0.01413	0.81739	0.02770	0.00905	0.01357	0.02092	0.00905	0.01583	0.01074	0.01244	0.00735	0.00848	0.00678	0.00452	0.00339	0.00113	0.00565	0.00283	0.00226	0.00678
9	0.01315	0.01136	0.01195	0.01076	0.01375	0.01315	0.00837	0.02809	0.77168	0.02211	0.02152	0.01972	0.01614	0.00717	0.00538	0.00179	0.00418	0.00598	0.00538	0.00837
10	0.00649	0.00464	0.00619	0.00742	0.00775	0.00434	0.00499	0.00745	0.01017	0.01355	0.02911	0.79290	0.03486	0.01652	0.00676	0.00215	0.00311	0.03240	0.00491	0.00431
11	0.00769	0.00513	0.00577	0.00577	0.00577	0.00513	0.00320	0.00769	0.00769	0.01025	0.01666	0.03460	0.01922	0.81421	0.02691	0.00513	0.00513	0.00769	0.00320	0.00320
12	0.00676	0.00538	0.00607	0.00590	0.00746	0.00468	0.00442	0.00859	0.01327	0.01717	0.35667	0.04612	0.47417	0.01231	0.00624	0.00173	0.00260	0.01049	0.00529	0.00468
13	0.06358	0.00906	0.01205	0.00929	0.01334	0.00797	0.00767	0.02527	0.01484	0.74824	0.02021	0.01754	0.01273	0.00646	0.00522	0.00164	0.00448	0.00520	0.00639	0.00884
14	0.81172	0.01044	0.00816	0.00720	0.01052	0.01208	0.00593	0.05138	0.00976	0.02418	0.00762	0.00878	0.00588	0.00498	0.00337	0.00163	0.00417	0.00295	0.00337	0.00588
15	0.00985	0.00493	0.00493	0.00493	0.00616	0.00493	0.00370	0.01232	0.01109	0.01971	0.01725	0.01971	0.01355	0.00616	0.00370	0.00123	0.00246	0.00493	0.84356	0.00493
16	0.85155	0.01022	0.00777	0.00695	0.01022	0.01186	0.00573	0.01554	0.00900	0.02372	0.00736	0.00859	0.00573	0.00491	0.00327	0.00164	0.00409	0.00286	0.00327	0.00573
17	0.01261	0.01255	0.04164	0.13385	0.66184	0.01245	0.01611	0.01588	0.01182	0.01676	0.00986	0.01317	0.00815	0.00480	0.00523	0.00160	0.00642	0.00469	0.00257	0.00803
18	0.00765	0.00514	0.00579	0.00578	0.00585	0.00511	0.00327	0.00775	0.00797	0.01063	0.03822	0.03505	0.03524	0.77625	0.02593	0.00496	0.00500	0.00781	0.00331	0.00328
19	0.00769	0.00513	0.00577	0.00577	0.00577	0.00513	0.00320	0.00769	0.00769	0.01025	0.01666	0.03460	0.01922	0.81421	0.02691	0.00513	0.00513	0.00769	0.00320	0.00320
20	0.01060	0.02735	0.78682	0.01507	0.02288	0.01228	0.01953	0.01674	0.01116	0.01674	0.00949	0.01116	0.00670	0.00502	0.00502	0.00167	0.00781	0.00391	0.00223	0.00781
21	0.85155	0.01022	0.00777	0.00695	0.01022	0.01186	0.00573	0.01554	0.00900	0.02372	0.00736	0.00859	0.00573	0.00491	0.00327	0.00164	0.00409	0.00286	0.00327	0.00573
22	0.01332	0.01154	0.01280	0.01249	0.07396	0.01319	0.00903	0.04602	0.69300	0.02202	0.02038	0.01902	0.01535	0.00696	0.00537	0.00177	0.00439	0.00585	0.00516	0.00838
23	0.02372	0.00900	0.01227	0.00941	0.01350	0.00777	0.00777	0.02576	0.01513	0.78489	0.02086	0.01799	0.01309	0.00654	0.00532	0.00164	0.00450	0.00532	0.00654	0.00900
24	0.01092	0.06391	0.69149	0.01535	0.02281	0.01277	0.07722	0.01671	0.01124	0.01655	0.00948	0.01128	0.00680	0.00495	0.00504	0.00166	0.00780	0.00404	0.00227	0.00771
25	0.01259	0.09435	0.05193	0.02077	0.02610	0.01409	0.66657	0.01682	0.01227	0.01648	0.01033	0.01360	0.00786	0.00448	0.00592	0.00171	0.00856	0.00584	0.00262	0.00711
26	0.00852	0.00608	0.00852	0.00974	0.01095	0.00608	0.00852	0.01095	0.01217	0.01582	0.02799	0.05963	0.03042	0.01460	0.00730	0.00243	0.00487	0.74565	0.00487	0.00487
27	0.00814	0.00653	0.00963	0.00929	0.01009	0.00802	0.00734	0.00992	0.00844	0.01234	0.01310	0.01941	0.01229	0.03517	0.67889	0.00758	0.13066	0.00551	0.00276	0.00488
28	0.01239	0.01426	0.04600	0.02190	0.05860	0.01353	0.65529	0.01657	0.01209	0.01661	0.01034	0.01393	0.00792	0.00486	0.00704	0.00181	0.07113	0.00600	0.00263	0.00709
29	0.02010	0.01481	0.01587	0.01216	0.01639	0.01639	0.01005	0.76360	0.02486	0.03332	0.01269	0.01269	0.00899	0.00635	0.00529	0.00159	0.00582	0.00476	0.00529	0.00899
30	0.00644	0.00460	0.00613	0.00736	0.00767	0.00429	0.00491	0.00736	0.01012	0.01350	0.02914	0.81076	0.03497	0.01656	0.00675	0.00215	0.00307	0.01503	0.00491	0.00429
31	0.01109	0.00713	0.00664	0.00622	0.00780	0.05606	0.00476	0.07147	0.01242	0.01990	0.01835	0.02028	0.05935	0.00662	0.00427	0.00132	0.01666	0.00519	0.65915	0.00531
32	0.00820	0.00790	0.07009	0.00860	0.01069	0.00634	0.06399	0.01133	0.02928	0.02036	0.62721	0.05290	0.04229	0.00993	0.00614	0.00169	0.00345	0.00892	0.00527	0.00542
33	0.01255	0.01075	0.01142	0.01031	0.01314	0.01231	0.00800	0.02620	0.69488	0.02186	0.08157	0.02199	0.03636	0.00760	0.00547	0.00178	0.00402	0.00638	0.00540	0.00801
34	0.00644	0.00460	0.00613	0.00736	0.00767	0.00429	0.00491	0.00736	0.01012	0.01350	0.02914	0.81076	0.03497	0.01656	0.00675	0.00215	0.00307	0.01503	0.00491	0.00429
35	0.60316	0.01007	0.00925	0.00779	0.01131	0.01095	0.00642	0.04574	0.01119	0.22435	0.01111	0.01121	0.00778	0.00539	0.00388	0.00163	0.00426	0.00358	0.00421	0.00671
36	0.01950	0.01555	0.07613	0.01228	0.01678	0.01572	0.01070	0.67471	0.02338	0.06295	0.01278	0.01279	0.00898	0.00625	0.00527	0.00160	0.00592	0.00472	0.00510	0.00890
37	0.00644	0.00460	0.00613	0.00736	0.00767	0.00429	0.00491	0.00736	0.01012	0.01350	0.02914	0.81076	0.03497	0.01656	0.00675	0.00215	0.00307	0.01503	0.00491	0.00429
38	0.01096	0.00940	0.01096	0.00783	0.01253	0.00705	0.00626	0.01331	0.01096	0.01723	0.00940	0.01096	0.00783	0.00392	0.00392	0.00078	0.00392	0.00313	0.00313	0.84653
39	0.01290	0.01236	0.02089	0.03026	0.70167	0.01215	0.03456	0.01601	0.01196	0.01726	0.00992	0.01295	0.00832	0.00464	0.00516	0.00151	0.00616	0.00463	0.00266	0.07402
40	0.01332	0.01030	0.01211	0.00901	0.01345	0.00893	0.01988	0.10885	0.08271	0.07983	0.01184	0.01259	0.00915	0.00473	0.00437	0.00106	0.00431	0.00382	0.00387	0.58589
41	0.01315	0.01136	0.01195	0.01076	0.01375	0.01315	0.00837	0.02809	0.77168	0.02211	0.02152	0.01972	0.01614	0.00717	0.00538	0.00179	0.00418	0.00598	0.00538	0.00837
42	0.01084	0.01098	0.02075	0.51032	0.06374	0.01216	0.25017	0.01459	0.01122	0.01474	0.01017	0.02809	0.00790	0.00520	0.00561	0.00177	0.00753	0.00537	0.00251	0.00634
43	0.00748	0.00540	0.00707	0.00665	0.00790	0.00499	0.00499	0.00998	0.01496	0.02120	0.77844	0.03949	0.04988	0.01081	0.00624	0.00166	0.00249	0.00956	0.00582	0.00499
44	0.00757	0.00560	0.00818	0.00818	0.00902	0.00644	0.00622	0.00924	0.00840	0.01204	0.01445	0.02236	0.01391	0.12906	0.70480	0.00811	0.01312	0.00590	0.00287	0.00455
45	0.00985	0.00493	0.00493	0.00493	0.00616	0.00493	0.00370	0.01232	0.01109	0.01971	0.01725	0.01971	0.01355	0.00616	0.00370	0.00123	0.00246	0.00493	0.84356	0.00493
46	0.85155	0.01022	0.00777	0.00695	0.01022	0.01186	0.00573	0.01554	0.00900	0.02372	0.00736	0.00859	0.00573	0.00491	0.00327	0.00164	0.00409	0.00286	0.00327	0.00573
47	0.01157	0.01157	0.01619	0.01388	0.01388	0.01619	0.01157	0.01272	0.00810	0.01272	0.00694	0.01157	0.00694	0.00925	0.01735	0.00231	0.80453	0.00463	0.00231	0.00578
48	0.01060	0.02735	0.78682	0.01507	0.02288	0.01228	0.01953	0.01674	0.01116	0.01674	0.00949	0.01116	0.00670	0.00502	0.00502	0.00167	0.00781	0.00391	0.00223	0.00781
49	0.00747	0.00558	0.00832	0.00841	0.00930	0.00643	0.00648	0.00928	0.00862	0.01237	0.01530	0.08108	0.01488	0.03789	0.73321	0.00801	0.01331	0.00638	0.00299	0.00469
50	0.01348	0.01161	0.01287	0.01248	0.07247	0.01326	0.00905	0.06242	0.67791	0.02228	0.02021	0.01888	0.01520	0.00694	0.00536	0.00177	0.00442	0.00582	0.00516	0.00840
51	0.00989	0.00774	0.05873	0.00948	0.06852	0.00633	0.00708	0.01258	0.01442	0.10491	0.57216	0.04823	0.03959	0.00961	0.00599	0.00166	0.00336	0.00846	0.00541	0.00586
52	0.01273	0.01200	0.02016	0.03008	0.70522	0.01201	0.01522	0.03211	0.01218	0.01734	0.01147	0.07398	0.01042	0.00565	0.00535	0.00161	0.00602	0.00550	0.00285	0.00808
53	0.01883	0.02304	0.01443	0.01300	0.01570	0.68468	0.00981	0.06629	0.01559	0.01483	0.06726	0.01202	0.01023	0.00591	0.00491	0.00140	0.00877	0.00396	0.00312	0.00622
54	0.07096	0.00503	0.00626	0.00733	0.00786	0.00487	0.00497	0.00799	0.01004	0.01428	0.02747	0.74952	0.03273	0.01567	0.00648	0.00211	0.00315	0.01410	0.00478	0.00440
55	0.01249	0.01537	0.10485	0.06720	0.15489	0.07221	0.39980	0.01636	0.01211	0.01619	0.01091	0.04962	0.00899	0.00537	0.00610	0.00173	0.03021	0.00578	0.00269	0.00710
56	0.00798	0.00562	0.00656	0.00639	0.00639	0.00597	0.00384	0.00807	0.00772	0.01044	0.01592	0.03284	0.01828	0.75275	0.02618	0.00491	0.06616	0.00745	0.00314	0.00340
57	0.02078	0.00898	0.01305	0.01016	0.01401	0.00788	0.06517	0.02300	0.01459	0.62738	0.03565	0.02228	0.05176	0.00729	0.00557	0.00170	0.00473	0.05165	0.00605	0.00831
58	0.00950	0.00661	0.00944	0.00962	0.02993	0.00638	0.05099	0.06404	0.01206	0.07451	0.04067	0.53047	0.02898	0.01373	0.00651	0.00205	0.00398	0.09030	0.00488	0.00534
59	0.01369	0.01163	0.01226	0.01087	0.01395	0.01340	0.00850	0.08573	0.71316	0.02299	0.02083	0.01917	0.01558	0.00711	0.00537	0.00178	0.00431	0.00588	0.00537	0.00842
60	0.00760	0.00700	0.06647	0.00733	0.00900	0.00547	0.00607	0.01020	0.01416	0.01999	0.63371	0.10895	0.06200	0.01096	0.00619	0.00171	0.00296	0.00967	0.00544	0.00513
61	0.01107	0.08813	0.66890	0.01592	0.08005	0.01298	0.01846	0.01663	0.01120	0.01645	0.00935	0.01110	0.00683	0.00496	0.00491	0.00162	0.00753	0.00388	0.00226	0.00778

[dist]
# distance from previous block
# <min> <max>
0	6

[block]
# block no. 5 follows, 46 sequences, length 15
# corresponding to MSA columns:
# 298-312
name=unknown_F
#
# <colnr> <probs for GDERKNQSTAVLIFYWHMCP>
#	G	D	E	R	K	N	Q	S	T	A	V	L	I	F	Y	W	H	M	C	P
0	0.01037	0.00890	0.01053	0.00783	0.01198	0.00698	0.02411	0.03451	0.01162	0.01713	0.01794	0.01869	0.15476	0.00580	0.00446	0.00102	0.00386	0.00478	0.00352	0.64120
1	0.03297	0.26939	0.31384	0.01337	0.05331	0.11044	0.01363	0.03289	0.01165	0.03197	0.00877	0.01037	0.00700	0.00527	0.00536	0.00151	0.06497	0.00362	0.00251	0.00717
2	0.01801	0.02561	0.16198	0.01390	0.01759	0.64430	0.01199	0.02028	0.01425	0.01366	0.00842	0.00984	0.00679	0.00537	0.00482	0.00142	0.00921	0.00350	0.00263	0.00645
3	0.02769	0.06680	0.37158	0.01270	0.05061	0.01072	0.01328	0.04393	0.01267	0.16879	0.07765	0.07738	0.01437	0.00689	0.00525	0.00168	0.00595	0.02084	0.00379	0.00745
4	0.01223	0.01122	0.05105	0.15728	0.42696	0.01088	0.01412	0.01536	0.01196	0.06344	0.01394	0.02234	0.01256	0.00682	0.00563	0.00178	0.00610	0.14582	0.00322	0.00729
5	0.00702	0.00559	0.00636	0.00643	0.00791	0.00507	0.00481	0.00929	0.04936	0.01629	0.22093	0.15411	0.42454	0.01298	0.00633	0.00184	0.00287	0.04836	0.00515	0.00478
6	0.02925	0.01568	0.19290	0.02015	0.23682	0.01226	0.17249	0.08033	0.02456	0.09549	0.02853	0.02910	0.00990	0.00554	0.00568	0.00168	0.02326	0.00520	0.00332	0.00785
7	0.03270	0.01476	0.11783	0.01863	0.04947	0.01197	0.48416	0.01616	0.01193	0.01715	0.01019	0.01308	0.00778	0.00444	0.00554	0.00157	0.00762	0.00523	0.00272	0.16708
8	0.01261	0.01538	0.16722	0.02914	0.63680	0.01251	0.01685	0.01632	0.01187	0.01717	0.00986	0.01272	0.00805	0.00477	0.00519	0.00159	0.00657	0.00456	0.00254	0.00827
9	0.00979	0.00551	0.00734	0.00765	0.00878	0.00500	0.00543	0.01103	0.01142	0.16090	0.07420	0.59209	0.05165	0.01422	0.00643	0.00201	0.00329	0.01274	0.00527	0.00524
10	0.01525	0.01085	0.07109	0.00995	0.01327	0.00981	0.02085	0.17190	0.07730	0.23422	0.02466	0.10487	0.15980	0.00887	0.00616	0.00176	0.03967	0.00725	0.00513	0.00733
11	0.00871	0.00487	0.00726	0.05305	0.00875	0.00495	0.00524	0.00736	0.00772	0.01025	0.01300	0.16730	0.01397	0.01726	0.01712	0.63648	0.00444	0.00659	0.00280	0.00288
12	0.01952	0.01004	0.01554	0.01184	0.01589	0.00924	0.15132	0.02341	0.09424	0.51408	0.06292	0.01871	0.01458	0.00646	0.00555	0.00168	0.00519	0.00581	0.00564	0.00834
13	0.01208	0.01625	0.18785	0.05857	0.16905	0.03071	0.35269	0.01667	0.02977	0.01683	0.01112	0.01502	0.00878	0.00513	0.00568	0.00172	0.00775	0.03052	0.01647	0.00735
14	0.05281	0.01442	0.10107	0.21354	0.11083	0.08090	0.12880	0.05492	0.01173	0.01617	0.00956	0.02609	0.00779	0.00598	0.00732	0.00178	0.14207	0.00482	0.00269	0.00670

[dist]
# distance from previous block
# <min> <max>
14	111

[block]
# block no. 6 follows, 46 sequences, length 24
# corresponding to MSA columns:
# 424-447
name=unknown_G
#
# <colnr> <probs for GDERKNQSTAVLIFYWHMCP>
#	G	D	E	R	K	N	Q	S	T	A	V	L	I	F	Y	W	H	M	C	P
0	0.01245	0.32270	0.44105	0.01289	0.01922	0.01575	0.03798	0.05297	0.01171	0.01594	0.00888	0.01033	0.00688	0.00488	0.00446	0.00147	0.00694	0.00361	0.00241	0.00746
1	0.01313	0.02382	0.63784	0.01398	0.02108	0.01141	0.01727	0.01848	0.01192	0.16449	0.01167	0.01248	0.00793	0.00532	0.00508	0.00167	0.00718	0.00418	0.00306	0.00804
2	0.00703	0.00491	0.00640	0.00734	0.00774	0.00470	0.00506	0.00789	0.00990	0.01311	0.02666	0.52952	0.04711	0.15729	0.01083	0.03061	0.00371	0.11156	0.00451	0.00412
3	0.01250	0.02597	0.58298	0.01532	0.02197	0.16252	0.07217	0.01760	0.01199	0.01602	0.00932	0.01108	0.00682	0.00506	0.00506	0.00162	0.00822	0.00398	0.00236	0.00744
4	0.01250	0.01136	0.01505	0.01241	0.01576	0.01232	0.15289	0.05155	0.51072	0.02065	0.02275	0.02196	0.10125	0.00733	0.00564	0.00178	0.00498	0.00657	0.00480	0.00771
5	0.01743	0.02134	0.01321	0.01211	0.01431	0.64145	0.00887	0.01853	0.01358	0.01242	0.00980	0.01435	0.00920	0.16100	0.00903	0.00209	0.00869	0.00423	0.00282	0.00557
6	0.01142	0.00974	0.01119	0.00825	0.01275	0.00793	0.00658	0.03283	0.09367	0.01814	0.01079	0.01195	0.00876	0.00433	0.00411	0.00091	0.00399	0.00348	0.00343	0.73577
7	0.00893	0.16135	0.00999	0.00640	0.00727	0.00816	0.00433	0.00925	0.00828	0.01067	0.01487	0.02957	0.01683	0.65848	0.02238	0.00436	0.00523	0.00675	0.00302	0.00389
8	0.00803	0.00591	0.00784	0.00874	0.01007	0.00572	0.00748	0.01026	0.01228	0.01579	0.06965	0.05696	0.17537	0.01418	0.00705	0.00227	0.00433	0.56834	0.00492	0.00480
9	0.01193	0.01044	0.01586	0.64968	0.03256	0.01264	0.01379	0.15778	0.01332	0.01732	0.01003	0.01382	0.00742	0.00549	0.00529	0.00173	0.00681	0.00471	0.00291	0.00647
10	0.01012	0.00608	0.00794	0.00737	0.00896	0.00562	0.00555	0.03504	0.01436	0.13511	0.49666	0.18377	0.04021	0.01113	0.00617	0.00175	0.00301	0.00983	0.00574	0.00558
11	0.01396	0.59486	0.17260	0.01058	0.01561	0.07307	0.01116	0.03060	0.01139	0.01370	0.00792	0.00915	0.00681	0.00472	0.00384	0.00126	0.00634	0.00311	0.00235	0.00698
12	0.00953	0.16266	0.01228	0.00932	0.03372	0.02933	0.02336	0.04180	0.03509	0.01508	0.06316	0.45785	0.02635	0.01221	0.00589	0.00186	0.00416	0.04664	0.00430	0.00539
13	0.01198	0.01053	0.01395	0.01433	0.20240	0.00921	0.00908	0.05039	0.02410	0.01797	0.00982	0.01173	0.00813	0.00443	0.00470	0.00107	0.02659	0.00369	0.00312	0.56281
14	0.01365	0.02220	0.55211	0.01444	0.02122	0.01138	0.08029	0.01874	0.01215	0.18560	0.01209	0.01293	0.00821	0.00531	0.00519	0.00167	0.00718	0.00442	0.00322	0.00801
15	0.01011	0.00601	0.00735	0.00699	0.00870	0.00539	0.00518	0.01194	0.03049	0.16348	0.16482	0.22312	0.26702	0.05576	0.00729	0.00200	0.00326	0.01037	0.00530	0.00541
16	0.01134	0.01235	0.02605	0.01975	0.04871	0.01160	0.59175	0.01507	0.01201	0.01628	0.01422	0.16742	0.01322	0.00679	0.00630	0.00185	0.00770	0.00788	0.00310	0.00663
17	0.04352	0.04122	0.45290	0.03754	0.03731	0.02242	0.01468	0.01824	0.01231	0.19410	0.06517	0.01465	0.01118	0.00576	0.00508	0.00164	0.00646	0.00459	0.00353	0.00772
18	0.01187	0.01456	0.16663	0.15494	0.40743	0.01242	0.01569	0.03083	0.01155	0.01640	0.01065	0.03145	0.01938	0.00564	0.00618	0.00170	0.06767	0.00488	0.00262	0.00751
19	0.00797	0.00548	0.00707	0.00690	0.00805	0.00511	0.00513	0.01001	0.01347	0.04243	0.52641	0.10098	0.06853	0.09853	0.00857	0.00214	0.00309	0.06993	0.00538	0.00484
20	0.82411	0.01037	0.00804	0.00712	0.01043	0.01201	0.00587	0.04023	0.00952	0.02404	0.00754	0.00872	0.00583	0.00495	0.00334	0.00163	0.00415	0.00293	0.00334	0.00583
21	0.01406	0.01157	0.05126	0.00846	0.01084	0.17052	0.00690	0.07237	0.01319	0.10145	0.01506	0.02794	0.01187	0.03509	0.02267	0.00166	0.00506	0.00484	0.40918	0.00601
22	0.04183	0.19345	0.05858	0.05807	0.31041	0.04384	0.08366	0.07318	0.01248	0.01700	0.00964	0.02497	0.00813	0.00522	0.00533	0.00154	0.03798	0.00446	0.00277	0.00746
23	0.01913	0.07695	0.01646	0.01190	0.01599	0.05454	0.00986	0.61802	0.07565	0.02992	0.01268	0.01271	0.00921	0.00622	0.00512	0.00155	0.00587	0.00463	0.00494	0.00864

[dist]
# distance from previous block
# <min> <max>
0	7

[block]
# block no. 7 follows, 46 sequences, length 17
# corresponding to MSA columns:
# 455-471
name=unknown_H
#
# <colnr> <probs for GDERKNQSTAVLIFYWHMCP>
#	G	D	E	R	K	N	Q	S	T	A	V	L	I	F	Y	W	H	M	C	P
0	0.01246	0.00935	0.01112	0.00802	0.01264	0.00713	0.00644	0.01478	0.01145	0.10756	0.01074	0.01179	0.00845	0.00422	0.00408	0.00088	0.00398	0.00339	0.00353	0.74798
1	0.00748	0.00553	0.00706	0.00704	0.00838	0.00512	0.00552	0.00977	0.01392	0.01896	0.50688	0.04541	0.16953	0.01200	0.00645	0.00184	0.00300	0.15577	0.00548	0.00488
2	0.01153	0.13917	0.50939	0.01579	0.02258	0.01377	0.18231	0.01665	0.01139	0.01616	0.00944	0.01146	0.00700	0.00482	0.00505	0.00162	0.00774	0.00427	0.00233	0.00751
3	0.01738	0.00799	0.01036	0.00888	0.01174	0.00743	0.00695	0.02075	0.10798	0.46042	0.02299	0.22681	0.01924	0.00924	0.00564	0.00178	0.00401	0.00794	0.03492	0.00754
4	0.00796	0.00635	0.00938	0.01250	0.16134	0.00612	0.00748	0.00948	0.01078	0.01450	0.02613	0.54946	0.05708	0.01390	0.00648	0.00205	0.00387	0.08551	0.00445	0.00517
5	0.06481	0.00909	0.01445	0.45024	0.05202	0.01031	0.05918	0.01433	0.02669	0.06619	0.16282	0.01911	0.01613	0.00640	0.00541	0.00172	0.00583	0.00571	0.00346	0.00610
6	0.01105	0.01949	0.44333	0.01456	0.07038	0.01154	0.03406	0.06466	0.07858	0.01744	0.01174	0.01413	0.00912	0.01213	0.16139	0.00303	0.00855	0.00461	0.00286	0.00735
