[name]
unknown

[dist]
# distance from previous block
# <min> <max>
0	42

[block]
# block no. 0 follows, 46 sequences, length 17
# corresponding to MSA columns:
# 46-62
name=unknown_A
#
# <colnr> <probs for GDERKNQSTAVLIFYWHMCP>
#	G	D	E	R	K	N	Q	S	T	A	V	L	I	F	Y	W	H	M	C	P
0	0.00728	0.00549	0.00700	0.00738	0.00853	0.00486	0.00525	0.00865	0.01088	0.01487	0.09276	0.54538	0.07427	0.01395	0.00629	0.00190	0.00321	0.05106	0.00473	0.12626
1	0.01098	0.03365	0.06907	0.36539	0.04698	0.04101	0.10607	0.01396	0.01045	0.01394	0.01003	0.04623	0.00868	0.03300	0.00849	0.00196	0.16626	0.00524	0.00253	0.00609
2	0.05802	0.01079	0.01375	0.14821	0.08382	0.01131	0.00982	0.22419	0.04691	0.15737	0.05633	0.05040	0.01276	0.00648	0.00517	0.00159	0.00519	0.00536	0.00448	0.08804
3	0.72815	0.01044	0.00916	0.06348	0.04032	0.01206	0.00691	0.04626	0.00987	0.02317	0.00782	0.00930	0.00605	0.00499	0.00357	0.00164	0.00445	0.00314	0.00327	0.00597
4	0.03700	0.01311	0.07743	0.01366	0.01840	0.01129	0.23557	0.11410	0.01304	0.01914	0.01002	0.01217	0.00784	0.00484	0.00569	0.00138	0.05538	0.00443	0.00316	0.34235
5	0.00755	0.00566	0.00850	0.00850	0.00944	0.00661	0.00661	0.00944	0.00850	0.01227	0.01416	0.02077	0.01322	0.03965	0.79326	0.00850	0.01416	0.00566	0.00283	0.00472
6	0.00669	0.00488	0.00664	0.04982	0.00911	0.00473	0.00535	0.00771	0.01003	0.01334	0.02747	0.73001	0.03270	0.05508	0.00766	0.00227	0.00338	0.01412	0.00469	0.00433
7	0.85155	0.01022	0.00777	0.00695	0.01022	0.01186	0.00573	0.01554	0.00900	0.02372	0.00736	0.00859	0.00573	0.00491	0.00327	0.00164	0.00409	0.00286	0.00327	0.00573
8	0.01151	0.23105	0.59109	0.01352	0.02048	0.01451	0.01683	0.01651	0.01105	0.01563	0.00894	0.01047	0.00672	0.00489	0.00460	0.00153	0.00726	0.00363	0.00224	0.00755
9	0.00667	0.00537	0.00594	0.00580	0.00740	0.00464	0.00435	0.00840	0.01305	0.01665	0.30153	0.04698	0.52963	0.01251	0.00624	0.00174	0.00261	0.01061	0.00522	0.00464
10	0.02010	0.01481	0.01587	0.01216	0.01639	0.01639	0.01005	0.76360	0.02486	0.03332	0.01269	0.01269	0.00899	0.00635	0.00529	0.00159	0.00582	0.00476	0.00529	0.00899
11	0.02327	0.00971	0.01271	0.00975	0.01385	0.00883	0.00805	0.11662	0.01633	0.69235	0.01985	0.01734	0.01258	0.00652	0.00531	0.00163	0.00466	0.00525	0.00639	0.00900
12	0.00649	0.00464	0.00617	0.00733	0.00768	0.00432	0.00491	0.00747	0.01033	0.01382	0.06118	0.77778	0.03560	0.01632	0.00673	0.00213	0.00304	0.01480	0.00495	0.00432
13	0.01427	0.00778	0.00851	0.00724	0.00959	0.00795	0.00575	0.18414	0.01481	0.13894	0.01676	0.01786	0.01245	0.00626	0.00430	0.00137	0.00353	0.00495	0.52706	0.00646
14	0.00746	0.00503	0.00583	0.00606	0.00612	0.00497	0.00352	0.00763	0.00814	0.01085	0.01895	0.17735	0.02212	0.66751	0.02320	0.00458	0.00475	0.00904	0.00352	0.00340
15	0.00654	0.00473	0.00619	0.00717	0.00766	0.00438	0.00486	0.00766	0.01076	0.01438	0.11252	0.68216	0.07991	0.01575	0.00666	0.00207	0.00298	0.01421	0.00501	0.00438
16	0.01360	0.01378	0.01520	0.01256	0.01461	0.14782	0.03151	0.07934	0.01150	0.01568	0.00831	0.01125	0.00733	0.00700	0.01079	0.00173	0.39485	0.00414	0.00284	0.19616

[dist]
# distance from previous block
# <min> <max>
1	8

[block]
# block no. 1 follows, 46 sequences, length 42
# corresponding to MSA columns:
# 71-92,94-113
name=unknown_B
#
# <colnr> <probs for GDERKNQSTAVLIFYWHMCP>
#	G	D	E	R	K	N	Q	S	T	A	V	L	I	F	Y	W	H	M	C	P
0	0.01754	0.06077	0.01602	0.01142	0.01573	0.01457	0.03878	0.53616	0.02069	0.02820	0.01181	0.01236	0.00872	0.00572	0.00493	0.00141	0.00550	0.00441	0.02451	0.16074
1	0.00747	0.00579	0.00797	0.13526	0.01212	0.00613	0.00633	0.00867	0.00981	0.01297	0.03655	0.43778	0.06769	0.17843	0.01102	0.00268	0.03371	0.01116	0.00406	0.00440
2	0.01090	0.00940	0.01125	0.05451	0.01393	0.00732	0.00676	0.01332	0.01094	0.01701	0.00940	0.01115	0.00778	0.00400	0.00400	0.00084	0.00410	0.00322	0.00309	0.79709
3	0.00709	0.00511	0.00683	0.00732	0.00783	0.00527	0.00508	0.00815	0.00910	0.01239	0.02216	0.34364	0.05061	0.20046	0.27863	0.00495	0.00728	0.01009	0.00383	0.00420
4	0.00644	0.00462	0.00611	0.00730	0.00765	0.00430	0.00488	0.00737	0.01018	0.01352	0.02989	0.78743	0.05781	0.01646	0.00673	0.00214	0.00306	0.01491	0.00491	0.00430
5	0.00653	0.00469	0.00620	0.00725	0.00768	0.00436	0.00489	0.00760	0.01061	0.01421	0.09731	0.72229	0.05484	0.01596	0.00669	0.00209	0.00301	0.01444	0.00499	0.00436
6	0.02325	0.00906	0.01224	0.00941	0.01344	0.00792	0.00776	0.04400	0.01537	0.74841	0.03805	0.01835	0.01383	0.00664	0.00534	0.00164	0.00449	0.00540	0.00649	0.00890
7	0.85155	0.01022	0.00777	0.00695	0.01022	0.01186	0.00573	0.01554	0.00900	0.02372	0.00736	0.00859	0.00573	0.00491	0.00327	0.00164	0.00409	0.00286	0.00327	0.00573
8	0.01531	0.01222	0.01304	0.01107	0.01435	0.01380	0.00878	0.30029	0.44618	0.02574	0.01871	0.06675	0.01466	0.00745	0.00543	0.00174	0.00472	0.00609	0.00532	0.00834
9	0.85155	0.01022	0.00777	0.00695	0.01022	0.01186	0.00573	0.01554	0.00900	0.02372	0.00736	0.00859	0.00573	0.00491	0.00327	0.00164	0.00409	0.00286	0.00327	0.00573
10	0.01905	0.01419	0.01531	0.01167	0.01595	0.01533	0.00962	0.67789	0.02327	0.03148	0.01232	0.01249	0.00886	0.00607	0.00513	0.00149	0.00560	0.00457	0.00504	0.10467
11	0.01184	0.03697	0.28074	0.01909	0.02492	0.01335	0.45437	0.01660	0.01174	0.01652	0.01000	0.01294	0.00749	0.00493	0.00642	0.00176	0.05526	0.00529	0.00250	0.00727
12	0.00663	0.00518	0.00604	0.00636	0.00760	0.00458	0.00465	0.00812	0.01205	0.01543	0.18288	0.26703	0.39534	0.01386	0.00643	0.00189	0.00285	0.04344	0.00508	0.00453
13	0.00785	0.00527	0.00693	0.00780	0.00849	0.00501	0.00550	0.03446	0.01101	0.04930	0.02811	0.68884	0.03273	0.01560	0.00668	0.00213	0.00337	0.07123	0.00499	0.00471
14	0.00753	0.00509	0.00668	0.00706	0.00783	0.00474	0.00492	0.00902	0.01195	0.04364	0.30877	0.43999	0.03869	0.06904	0.00789	0.00215	0.00305	0.01213	0.00519	0.00465
15	0.00767	0.00578	0.00852	0.00846	0.00932	0.00676	0.00652	0.00941	0.00843	0.01215	0.01413	0.02141	0.01344	0.08845	0.72385	0.00812	0.03430	0.00577	0.00284	0.00465
16	0.01441	0.56066	0.16106	0.01063	0.01558	0.07871	0.01103	0.05385	0.01193	0.02828	0.00831	0.00942	0.00699	0.00481	0.00392	0.00128	0.00633	0.00321	0.00252	0.00707
17	0.00676	0.00492	0.00639	0.00715	0.00784	0.00455	0.00503	0.00814	0.01146	0.01538	0.19569	0.53557	0.10384	0.01492	0.00662	0.00202	0.00300	0.05112	0.00511	0.00449
18	0.06755	0.06570	0.36979	0.01218	0.01723	0.03516	0.01327	0.07088	0.06290	0.07005	0.05733	0.06138	0.01244	0.00670	0.00564	0.00170	0.04280	0.01659	0.00345	0.00726
19	0.01638	0.01167	0.02757	0.01089	0.01425	0.04034	0.03815	0.23936	0.18648	0.17926	0.04997	0.09187	0.03668	0.00794	0.00557	0.00172	0.00499	0.02381	0.00528	0.00784
20	0.60951	0.01003	0.00899	0.00768	0.01101	0.01108	0.00630	0.06775	0.01143	0.14511	0.05914	0.01234	0.00994	0.00564	0.00392	0.00163	0.00417	0.00381	0.00409	0.00642
21	0.01325	0.01407	0.10531	0.13732	0.23755	0.07230	0.02739	0.06712	0.14418	0.04446	0.03044	0.01598	0.01101	0.00700	0.03136	0.00189	0.00656	0.02183	0.00346	0.00752
22	0.00730	0.00556	0.00786	0.04420	0.01037	0.00538	0.02866	0.00888	0.01093	0.01428	0.02974	0.48280	0.10318	0.01488	0.00676	0.00216	0.00385	0.20387	0.00472	0.00462
23	0.00664	0.00516	0.00606	0.00639	0.00759	0.00458	0.00465	0.00812	0.01205	0.01550	0.19251	0.28283	0.37505	0.01388	0.00644	0.00189	0.00284	0.03820	0.00509	0.00453
24	0.01439	0.01374	0.08329	0.29943	0.12174	0.10626	0.04848	0.07866	0.01324	0.12475	0.01193	0.03994	0.00914	0.00581	0.00529	0.00166	0.00681	0.00498	0.00335	0.00710
25	0.01962	0.01418	0.01534	0.01182	0.01600	0.01551	0.00973	0.66696	0.06044	0.06812	0.01340	0.01323	0.00950	0.00631	0.00525	0.00157	0.00561	0.00479	0.00528	0.03735
26	0.00805	0.00550	0.00673	0.00643	0.00681	0.00538	0.02850	0.00835	0.00835	0.02696	0.01921	0.06512	0.06403	0.69210	0.02377	0.00463	0.00501	0.00808	0.00342	0.00357
27	0.01281	0.17765	0.02276	0.06901	0.01973	0.03884	0.26683	0.06199	0.01166	0.01559	0.00964	0.01311	0.00810	0.02503	0.03519	0.00202	0.17097	0.00490	0.02762	0.00655
28	0.00841	0.00561	0.00733	0.00678	0.00821	0.00514	0.00513	0.01085	0.01491	0.06595	0.71674	0.03849	0.06497	0.01062	0.00618	0.00166	0.00262	0.00935	0.00584	0.00521
29	0.00766	0.00511	0.00578	0.00581	0.00582	0.00510	0.00325	0.00768	0.00775	0.01033	0.01698	0.05480	0.01963	0.79345	0.02638	0.00505	0.00507	0.00788	0.00325	0.00323
30	0.01218	0.29194	0.33315	0.04158	0.03635	0.01552	0.14072	0.01621	0.01113	0.01508	0.00889	0.01093	0.00700	0.00490	0.00511	0.00153	0.03421	0.00400	0.00233	0.00722
31	0.85155	0.01022	0.00777	0.00695	0.01022	0.01186	0.00573	0.01554	0.00900	0.02372	0.00736	0.00859	0.00573	0.00491	0.00327	0.00164	0.00409	0.00286	0.00327	0.00573
32	0.00679	0.00538	0.00611	0.00592	0.00747	0.00469	0.00444	0.00864	0.01333	0.01732	0.37217	0.04587	0.45857	0.01225	0.00624	0.00173	0.00260	0.01046	0.00531	0.00469
33	0.00998	0.00940	0.01586	0.80150	0.03641	0.01175	0.01468	0.01351	0.01057	0.01351	0.00940	0.01409	0.00705	0.00529	0.00529	0.00176	0.00705	0.00470	0.00235	0.00587
34	0.00745	0.00538	0.00703	0.00667	0.00789	0.00496	0.00499	0.00989	0.01480	0.02094	0.75305	0.06563	0.04938	0.01100	0.00625	0.00168	0.00251	0.00975	0.00579	0.00496
35	0.01160	0.01167	0.01678	0.01421	0.01442	0.01608	0.04114	0.01289	0.00827	0.01289	0.00709	0.01167	0.00698	0.00906	0.01691	0.00229	0.77318	0.00469	0.00233	0.00584
36	0.85155	0.01022	0.00777	0.00695	0.01022	0.01186	0.00573	0.01554	0.00900	0.02372	0.00736	0.00859	0.00573	0.00491	0.00327	0.00164	0.00409	0.00286	0.00327	0.00573
37	0.00688	0.00578	0.00603	0.00593	0.00771	0.00514	0.00445	0.00932	0.06724	0.01556	0.12679	0.06476	0.63038	0.01274	0.00620	0.00178	0.00278	0.01070	0.00504	0.00480
38	0.01536	0.01175	0.06373	0.01073	0.01419	0.01133	0.04986	0.26988	0.09280	0.12974	0.11705	0.01984	0.04702	0.00722	0.00574	0.00164	0.03129	0.00589	0.08741	0.00753
39	0.01105	0.00698	0.00787	0.02410	0.00947	0.00695	0.00551	0.12515	0.01327	0.03746	0.06067	0.16457	0.01818	0.00815	0.00473	0.00146	0.00336	0.00686	0.40235	0.08185
40	0.17744	0.01278	0.06242	0.23078	0.03906	0.05386	0.05045	0.18626	0.03318	0.02087	0.01226	0.03031	0.03576	0.00598	0.00492	0.00166	0.00602	0.00480	0.02441	0.00677
41	0.14381	0.02512	0.01061	0.03504	0.02337	0.02159	0.00700	0.18648	0.06120	0.05350	0.03699	0.09012	0.07830	0.10155	0.00753	0.00201	0.00455	0.00629	0.03185	0.07311

[dist]
# distance from previous block
# <min> <max>
0	16

[block]
# block no. 2 follows, 46 sequences, length 22
# corresponding to MSA columns:
# 130-151
name=unknown_C
#
# <colnr> <probs for GDERKNQSTAVLIFYWHMCP>
#	G	D	E	R	K	N	Q	S	T	A	V	L	I	F	Y	W	H	M	C	P
0	0.12410	0.14325	0.03174	0.00981	0.02773	0.02711	0.00801	0.05195	0.23549	0.12418	0.01627	0.09446	0.01345	0.00697	0.00477	0.00160	0.00458	0.00555	0.02903	0.03995
1	0.00976	0.00677	0.00819	0.00759	0.00861	0.00720	0.00535	0.04004	0.06979	0.05399	0.06889	0.05794	0.01891	0.38743	0.11574	0.00416	0.05486	0.00704	0.03685	0.03089
2	0.01265	0.03520	0.09865	0.08774	0.22291	0.05144	0.02299	0.05648	0.13503	0.04932	0.04425	0.05784	0.03205	0.03060	0.00605	0.00180	0.00578	0.03827	0.00370	0.00724
3	0.00690	0.00537	0.00629	0.00637	0.00772	0.00482	0.00471	0.00884	0.02660	0.01672	0.29876	0.17867	0.36293	0.01297	0.00634	0.00182	0.00277	0.03146	0.00523	0.00470
4	0.01822	0.00774	0.01046	0.00854	0.01161	0.00679	0.00684	0.02029	0.01469	0.52967	0.21416	0.08618	0.02417	0.00842	0.00566	0.00168	0.00388	0.00716	0.00623	0.00761
5	0.00732	0.00538	0.00685	0.00653	0.00781	0.00491	0.00488	0.00964	0.01450	0.02021	0.67670	0.06310	0.12995	0.01126	0.00625	0.00169	0.00253	0.00990	0.00569	0.00491
6	0.00866	0.00624	0.00758	0.00719	0.00754	0.00690	0.00481	0.04024	0.00868	0.01208	0.01520	0.02896	0.01654	0.56551	0.12812	0.00501	0.08657	0.00688	0.03333	0.00397
7	0.82068	0.01039	0.00807	0.00715	0.01045	0.01203	0.00589	0.04331	0.00959	0.02408	0.00756	0.00874	0.00585	0.00496	0.00335	0.00163	0.00415	0.00293	0.00335	0.00585
8	0.01060	0.02735	0.78682	0.01507	0.02288	0.01228	0.01953	0.01674	0.01116	0.01674	0.00949	0.01116	0.00670	0.00502	0.00502	0.00167	0.00781	0.00391	0.00223	0.00781
9	0.05494	0.01085	0.01762	0.40299	0.34656	0.01216	0.01459	0.01539	0.04457	0.01599	0.01005	0.01363	0.00794	0.00511	0.00516	0.00168	0.00645	0.00466	0.00264	0.00702
10	0.01035	0.00973	0.01608	0.63779	0.13832	0.01160	0.01426	0.01407	0.03318	0.01432	0.01168	0.01566	0.03981	0.00560	0.00532	0.00174	0.00667	0.00501	0.00258	0.00624
11	0.00791	0.00548	0.00715	0.00673	0.00804	0.00503	0.00505	0.01030	0.01471	0.04442	0.70674	0.06890	0.06754	0.01097	0.00623	0.00168	0.00258	0.00968	0.00578	0.00507
12	0.01308	0.01256	0.02146	0.03245	0.78123	0.01256	0.01622	0.01622	0.01204	0.01727	0.00994	0.01308	0.00837	0.00471	0.00523	0.00157	0.00628	0.00471	0.00262	0.00837
13	0.00663	0.00489	0.00623	0.00708	0.00778	0.00449	0.00496	0.00787	0.01107	0.01458	0.11451	0.56212	0.15928	0.01531	0.00664	0.00205	0.00303	0.05203	0.00500	0.00443
14	0.00765	0.00512	0.00600	0.00611	0.00627	0.00517	0.00367	0.00799	0.00811	0.01108	0.01760	0.10333	0.01992	0.64481	0.08925	0.00499	0.00560	0.00808	0.03577	0.00350
15	0.01583	0.01452	0.07444	0.15284	0.05865	0.12676	0.01111	0.27150	0.01650	0.08543	0.01350	0.09516	0.01131	0.02167	0.00574	0.00172	0.00635	0.00564	0.00404	0.00731
16	0.00672	0.00484	0.00625	0.00722	0.00772	0.00453	0.00497	0.00776	0.01039	0.01373	0.05592	0.60567	0.09168	0.08184	0.00840	0.00237	0.00332	0.06760	0.00480	0.00428
17	0.04455	0.01253	0.06995	0.13626	0.01860	0.09240	0.12951	0.09814	0.02848	0.01763	0.04233	0.08158	0.07587	0.02923	0.01807	0.00189	0.03059	0.00635	0.05984	0.00621
18	0.05179	0.00612	0.00683	0.00645	0.00797	0.00579	0.00472	0.04613	0.01271	0.04056	0.26546	0.07135	0.29648	0.14353	0.00944	0.00229	0.00332	0.00934	0.00489	0.00483
19	0.11333	0.22547	0.19255	0.04025	0.03122	0.01426	0.15613	0.03556	0.03814	0.05077	0.04737	0.01290	0.00967	0.00523	0.00473	0.00155	0.00638	0.00442	0.00301	0.00707
20	0.05079	0.00702	0.00882	0.07578	0.01162	0.02517	0.00667	0.01224	0.01120	0.12853	0.08341	0.27089	0.06331	0.07373	0.04876	0.00248	0.04358	0.03703	0.03361	0.00536
21	0.12517	0.04280	0.05964	0.01226	0.10905	0.06774	0.00905	0.09194	0.01367	0.09835	0.16830	0.04809	0.03606	0.00719	0.00558	0.00159	0.03837	0.00574	0.00416	0.05523

[dist]
# distance from previous block
# <min> <max>
1	10

[block]
# block no. 3 follows, 46 sequences, length 26
# corresponding to MSA columns:
# 162-187
name=unknown_D
#
# <colnr> <probs for GDERKNQSTAVLIFYWHMCP>
#	G	D	E	R	K	N	Q	S	T	A	V	L	I	F	Y	W	H	M	C	P
0	0.07209	0.02211	0.08093	0.03384	0.01102	0.00736	0.00699	0.02460	0.04695	0.08033	0.15633	0.13100	0.10819	0.10292	0.00804	0.00214	0.00410	0.03784	0.05767	0.00555
1	0.06986	0.08392	0.10973	0.02306	0.02759	0.05339	0.04427	0.21054	0.01473	0.04610	0.01319	0.01519	0.03323	0.00636	0.00577	0.00159	0.07148	0.01973	0.14330	0.00698
2	0.01038	0.00670	0.00839	0.00751	0.00942	0.00625	0.00569	0.04699	0.04581	0.11283	0.42888	0.12157	0.05363	0.04322	0.00679	0.00180	0.00324	0.00880	0.00544	0.06669
3	0.06341	0.14328	0.13701	0.13327	0.01968	0.12161	0.06656	0.06134	0.07855	0.01668	0.01019	0.01218	0.00802	0.00565	0.00580	0.00161	0.07396	0.00422	0.03017	0.00680
4	0.00652	0.00469	0.00615	0.00728	0.00766	0.00437	0.00490	0.00747	0.01018	0.01348	0.02976	0.73391	0.06672	0.04244	0.00740	0.00224	0.00316	0.03253	0.00485	0.00428
5	0.01224	0.03003	0.23507	0.03865	0.08735	0.02679	0.01179	0.10445	0.11503	0.05020	0.04758	0.06449	0.07847	0.00736	0.00533	0.00168	0.00552	0.02110	0.04967	0.00720
6	0.00778	0.00603	0.00740	0.00786	0.00873	0.02344	0.02060	0.05621	0.01145	0.01497	0.04597	0.61328	0.10344	0.03736	0.00710	0.00212	0.00352	0.01323	0.00481	0.00469
7	0.00829	0.02138	0.12646	0.00832	0.01034	0.02675	0.00728	0.01042	0.01165	0.02777	0.21159	0.25741	0.11445	0.09917	0.00854	0.00220	0.01621	0.02225	0.00443	0.00510
8	0.02643	0.05641	0.05447	0.04760	0.01841	0.01343	0.23476	0.07362	0.01166	0.01677	0.03430	0.05916	0.01073	0.00716	0.00917	0.00187	0.25383	0.00572	0.05808	0.00642
9	0.01430	0.01078	0.01362	0.14337	0.01761	0.01172	0.04196	0.36090	0.01760	0.05091	0.05207	0.18831	0.03623	0.00869	0.00571	0.00176	0.00528	0.00744	0.00466	0.00707
10	0.00716	0.00483	0.00646	0.00754	0.00803	0.00450	0.00518	0.00819	0.01040	0.04128	0.02879	0.74788	0.03397	0.01611	0.00672	0.00214	0.00320	0.04817	0.00496	0.00449
11	0.01096	0.00940	0.01096	0.00783	0.01253	0.00705	0.00626	0.01331	0.01096	0.01723	0.00940	0.01096	0.00783	0.00392	0.00392	0.00078	0.00392	0.00313	0.00313	0.84653
12	0.10516	0.01121	0.01674	0.38951	0.28159	0.03641	0.01378	0.03946	0.01158	0.03202	0.00965	0.01304	0.00752	0.00512	0.00503	0.00166	0.00645	0.00447	0.00273	0.00687
13	0.00746	0.00503	0.00583	0.00606	0.00611	0.00497	0.00351	0.00763	0.00813	0.01084	0.01893	0.17611	0.02209	0.66878	0.02323	0.00458	0.00475	0.00903	0.00351	0.00340
14	0.11060	0.13331	0.06547	0.01105	0.01498	0.11202	0.00958	0.31987	0.08437	0.03716	0.01164	0.01274	0.00901	0.03904	0.00560	0.00167	0.00599	0.00428	0.00405	0.00758
15	0.01300	0.01401	0.01660	0.01418	0.01487	0.14887	0.04222	0.01433	0.00945	0.01293	0.00730	0.01133	0.00696	0.00840	0.01474	0.00213	0.63589	0.00448	0.00240	0.00590
16	0.00918	0.00459	0.00689	0.00689	0.00689	0.00459	0.00459	0.00689	0.00689	0.00918	0.00918	0.01607	0.00918	0.01837	0.02066	0.84619	0.00459	0.00459	0.00230	0.00230
17	0.00731	0.00537	0.00684	0.00654	0.00781	0.00490	0.00488	0.00961	0.01445	0.02014	0.66984	0.07193	0.12803	0.01132	0.00626	0.00170	0.00254	0.00995	0.00568	0.00490
18	0.00687	0.00487	0.00642	0.00750	0.00790	0.00464	0.00521	0.00789	0.01012	0.01344	0.02754	0.61764	0.03252	0.10828	0.00915	0.00253	0.00355	0.11497	0.00471	0.00425
19	0.01413	0.81739	0.02770	0.00905	0.01357	0.02092	0.00905	0.01583	0.01074	0.01244	0.00735	0.00848	0.00678	0.00452	0.00339	0.00113	0.00565	0.00283	0.00226	0.00678
20	0.01020	0.00601	0.00781	0.00701	0.00875	0.00544	0.00535	0.01247	0.01459	0.15219	0.57568	0.03644	0.09363	0.03279	0.00666	0.00176	0.00293	0.00889	0.00581	0.00559
21	0.01156	0.00797	0.01006	0.12819	0.07832	0.00856	0.00768	0.14621	0.01343	0.02024	0.01610	0.11393	0.01395	0.00721	0.00472	0.00152	0.00415	0.00608	0.39412	0.00601
22	0.00762	0.00510	0.00579	0.00585	0.00587	0.00508	0.00329	0.00767	0.00781	0.01042	0.01731	0.07504	0.02004	0.77265	0.02586	0.00497	0.00502	0.00807	0.00329	0.00326
23	0.00659	0.00475	0.00607	0.00701	0.00745	0.00442	0.00467	0.00752	0.01024	0.01355	0.06029	0.63908	0.09692	0.09441	0.00866	0.00239	0.00321	0.01376	0.00478	0.00423
24	0.01272	0.01587	0.15930	0.02556	0.44802	0.04632	0.13881	0.01649	0.01203	0.01693	0.00988	0.01267	0.00792	0.00472	0.00527	0.00157	0.00701	0.00468	0.00259	0.05164
25	0.14869	0.22132	0.18889	0.01031	0.01441	0.05638	0.01031	0.07235	0.01190	0.03088	0.07684	0.01315	0.01090	0.00684	0.00621	0.07537	0.03163	0.00411	0.00307	0.00643

[dist]
# distance from previous block
# <min> <max>
0	17

[block]
# block no. 4 follows, 46 sequences, length 69
# corresponding to MSA columns:
# 205-273
name=unknown_E
#
# <colnr> <probs for GDERKNQSTAVLIFYWHMCP>
#	G	D	E	R	K	N	Q	S	T	A	V	L	I	F	Y	W	H	M	C	P
0	0.13393	0.15142	0.07404	0.05645	0.08275	0.07149	0.03615	0.07673	0.01202	0.01754	0.03568	0.03456	0.01059	0.00661	0.00639	0.00167	0.11321	0.04310	0.02914	0.00653
1	0.00841	0.00570	0.00706	0.00724	0.00805	0.00607	0.00526	0.02509	0.02916	0.01529	0.02093	0.28932	0.03780	0.08863	0.14485	0.00325	0.04952	0.00887	0.23478	0.00473
2	0.00663	0.00479	0.00630	0.00731	0.00783	0.00446	0.00505	0.00780	0.01077	0.01435	0.09771	0.65962	0.07788	0.01577	0.00670	0.00210	0.00309	0.05245	0.00499	0.00440
3	0.04240	0.00875	0.01176	0.00914	0.01299	0.00766	0.00751	0.02431	0.01497	0.70809	0.07855	0.01941	0.01573	0.00683	0.00534	0.00164	0.00434	0.00558	0.00641	0.00861
4	0.00663	0.00532	0.00593	0.00595	0.00746	0.00462	0.00444	0.00826	0.01265	0.01605	0.23995	0.11051	0.51259	0.01300	0.00631	0.00180	0.00271	0.02609	0.00515	0.00459
5	0.85155	0.01022	0.00777	0.00695	0.01022	0.01186	0.00573	0.01554	0.00900	0.02372	0.00736	0.00859	0.00573	0.00491	0.00327	0.00164	0.00409	0.00286	0.00327	0.00573
6	0.00849	0.00481	0.00541	0.00587	0.00671	0.00470	0.00414	0.01029	0.01061	0.01704	0.02171	0.31869	0.02182	0.03779	0.00564	0.00171	0.00278	0.00883	0.49831	0.00463
7	0.14021	0.01435	0.01453	0.01141	0.01541	0.03970	0.00937	0.60712	0.04782	0.03091	0.01208	0.01224	0.00869	0.00614	0.00498	0.00159	0.00563	0.00448	0.00492	0.00841
8	0.01443	0.77604	0.02704	0.00928	0.01371	0.06122	0.00911	0.01611	0.01096	0.01246	0.00739	0.00854	0.00679	0.00457	0.00346	0.00114	0.00586	0.00286	0.00229	0.00675
9	0.01975	0.02520	0.01498	0.01362	0.01634	0.79299	0.01021	0.02111	0.01498	0.01294	0.00817	0.00953	0.00681	0.00545	0.00477	0.00136	0.00953	0.00340	0.00272	0.00613
10	0.01934	0.01443	0.01544	0.01201	0.01611	0.01604	0.00987	0.68387	0.10582	0.03210	0.01365	0.01345	0.00977	0.00644	0.00530	0.00161	0.00564	0.00489	0.00530	0.00892
11	0.00712	0.00523	0.00667	0.00664	0.00776	0.00478	0.00486	0.00916	0.01363	0.01880	0.53931	0.19763	0.13419	0.01229	0.00634	0.00178	0.00263	0.01086	0.00553	0.00478
12	0.01426	0.00936	0.01242	0.06028	0.01374	0.02277	0.03462	0.07136	0.02453	0.18947	0.01426	0.02891	0.01106	0.00936	0.06095	0.00219	0.21092	0.00516	0.19782	0.00655
13	0.00665	0.00504	0.00598	0.00640	0.00735	0.00454	0.00446	0.00789	0.01137	0.01473	0.15719	0.35008	0.29983	0.08362	0.00823	0.00220	0.00302	0.01214	0.00491	0.00437
14	0.00918	0.00459	0.00689	0.00689	0.00689	0.00459	0.00459	0.00689	0.00689	0.00918	0.00918	0.01607	0.00918	0.01837	0.02066	0.84619	0.00459	0.00459	0.00230	0.00230
15	0.01439	0.74245	0.02655	0.00948	0.01375	0.06795	0.00920	0.01605	0.01091	0.01248	0.00739	0.00865	0.00679	0.00474	0.00394	0.00118	0.03219	0.00292	0.00229	0.00671
16	0.00741	0.00566	0.00688	0.00724	0.00845	0.00536	0.00545	0.00991	0.06124	0.01626	0.19969	0.25487	0.23268	0.02968	0.00691	0.00203	0.00324	0.12713	0.00510	0.00482
17	0.01452	0.03138	0.01389	0.01319	0.10570	0.05055	0.03910	0.24998	0.07617	0.07732	0.01776	0.22754	0.01668	0.00879	0.00560	0.00173	0.00512	0.00759	0.03019	0.00721
18	0.01474	0.03213	0.12270	0.12789	0.15969	0.19360	0.02818	0.08954	0.10520	0.04036	0.01174	0.01401	0.00918	0.00572	0.00516	0.00161	0.00702	0.02086	0.00330	0.00737
19	0.01649	0.01184	0.01319	0.06787	0.01529	0.01317	0.00888	0.50180	0.01988	0.02774	0.01341	0.01461	0.00997	0.00738	0.03106	0.00176	0.02097	0.00482	0.19222	0.00765
20	0.01578	0.01258	0.01414	0.11380	0.06208	0.08019	0.01013	0.28650	0.09990	0.07861	0.07072	0.01852	0.01386	0.00703	0.00580	0.00168	0.03193	0.04710	0.02213	0.00752
21	0.00834	0.00582	0.00731	0.00759	0.00881	0.00552	0.00576	0.04227	0.01253	0.04597	0.17834	0.28379	0.15689	0.04870	0.00744	0.00214	0.00352	0.15928	0.00508	0.00491
22	0.03529	0.00657	0.00810	0.00745	0.00917	0.00628	0.00564	0.05402	0.01377	0.13014	0.33983	0.17063	0.12676	0.03747	0.00696	0.00188	0.01958	0.00948	0.00539	0.00559
23	0.03938	0.00751	0.00868	0.00825	0.00975	0.00786	0.00599	0.14077	0.07950	0.04900	0.03496	0.32248	0.04023	0.16728	0.05110	0.00287	0.00469	0.00957	0.00461	0.00553
24	0.02365	0.06549	0.17487	0.30302	0.12276	0.01243	0.08977	0.01552	0.03380	0.03477	0.02667	0.03418	0.00924	0.00561	0.00553	0.00170	0.02643	0.00497	0.00273	0.00686
25	0.00730	0.00535	0.00685	0.00658	0.00782	0.00490	0.00490	0.00959	0.01438	0.02007	0.66439	0.09232	0.11295	0.01142	0.00627	0.00171	0.00255	0.01007	0.00568	0.00490
26	0.01282	0.01450	0.11507	0.13737	0.22604	0.04244	0.19096	0.06057	0.02816	0.03694	0.01183	0.01446	0.03197	0.00542	0.00591	0.00168	0.03666	0.00514	0.00293	0.01912
27	0.01676	0.01203	0.01269	0.01017	0.01332	0.02979	0.00828	0.49846	0.01995	0.02807	0.01367	0.01461	0.01018	0.00639	0.00532	0.00151	0.03853	0.00477	0.24786	0.00762
28	0.01307	0.01067	0.01209	0.00889	0.01343	0.00933	0.00718	0.18088	0.03906	0.02097	0.01053	0.01164	0.00836	0.00456	0.00427	0.00100	0.00435	0.00359	0.00369	0.63247
29	0.01090	0.13191	0.64164	0.01379	0.02080	0.01303	0.01732	0.01624	0.01132	0.01641	0.05212	0.01238	0.00912	0.00528	0.00487	0.00160	0.00723	0.00408	0.00244	0.00752
30	0.01054	0.00997	0.01686	0.66329	0.17027	0.01189	0.01496	0.01400	0.01083	0.01418	0.00949	0.01391	0.00729	0.00518	0.00528	0.00173	0.00691	0.00470	0.00240	0.00632
31	0.00989	0.00533	0.00545	0.00543	0.00673	0.00543	0.00406	0.01309	0.06061	0.01954	0.01814	0.06100	0.01484	0.00677	0.00396	0.00132	0.00261	0.00552	0.74516	0.00512
32	0.00644	0.00460	0.00613	0.00736	0.00767	0.00429	0.00491	0.00736	0.01012	0.01350	0.02914	0.81076	0.03497	0.01656	0.00675	0.00215	0.00307	0.01503	0.00491	0.00429
33	0.00644	0.00460	0.00613	0.00736	0.00767	0.00429	0.00491	0.00736	0.01012	0.01350	0.02914	0.81076	0.03497	0.01656	0.00675	0.00215	0.00307	0.01503	0.00491	0.00429
34	0.00756	0.00565	0.00842	0.00842	0.00933	0.00656	0.00651	0.00939	0.00847	0.01221	0.01423	0.02118	0.01339	0.06258	0.77057	0.00840	0.01389	0.00572	0.00284	0.00468
35	0.01937	0.01420	0.01527	0.01190	0.01598	0.01571	0.00977	0.64951	0.11573	0.05669	0.01404	0.01373	0.01000	0.00645	0.00530	0.00161	0.00557	0.00493	0.00534	0.00891
36	0.00835	0.00596	0.00832	0.00954	0.01068	0.00594	0.00822	0.01066	0.01200	0.01563	0.02808	0.12131	0.03080	0.01476	0.00726	0.00241	0.00472	0.68566	0.00487	0.00482
37	0.01031	0.00973	0.01645	0.72008	0.11527	0.01183	0.01485	0.01379	0.01073	0.01391	0.00945	0.01399	0.00719	0.00522	0.00528	0.00174	0.00697	0.00470	0.00238	0.00614
38	0.00693	0.00511	0.00654	0.00749	0.00828	0.00477	0.00554	0.00826	0.01089	0.01409	0.03310	0.46603	0.17419	0.04023	0.00741	0.00224	0.00348	0.18615	0.00485	0.00443
39	0.00928	0.00483	0.00713	0.00706	0.00710	0.00498	0.00479	0.00724	0.00705	0.00961	0.00935	0.01603	0.00924	0.01770	0.02005	0.79344	0.03082	0.00460	0.02720	0.00249
40	0.85155	0.01022	0.00777	0.00695	0.01022	0.01186	0.00573	0.01554	0.00900	0.02372	0.00736	0.00859	0.00573	0.00491	0.00327	0.00164	0.00409	0.00286	0.00327	0.00573
41	0.01470	0.40992	0.09583	0.01127	0.01510	0.16008	0.01057	0.06351	0.02965	0.01451	0.00848	0.01013	0.00731	0.00633	0.02466	0.00159	0.10346	0.00352	0.00263	0.00677
42	0.04598	0.17748	0.06006	0.03952	0.03405	0.19306	0.02703	0.30234	0.03583	0.02161	0.01024	0.01117	0.00789	0.00556	0.00473	0.00147	0.00676	0.00401	0.00365	0.00755
43	0.00696	0.00539	0.00641	0.00657	0.00788	0.00473	0.00473	0.00841	0.01168	0.01534	0.16764	0.31272	0.29509	0.03823	0.00692	0.00194	0.00299	0.02781	0.00489	0.06367
44	0.12510	0.10687	0.31938	0.02808	0.08996	0.01333	0.07584	0.08240	0.02492	0.04511	0.00998	0.01151	0.00746	0.00505	0.00474	0.00157	0.00654	0.00406	0.00295	0.03514
45	0.01736	0.03335	0.05216	0.01102	0.01479	0.04975	0.00927	0.29238	0.21347	0.16272	0.07435	0.01718	0.01442	0.00678	0.00530	0.00164	0.00518	0.00539	0.00523	0.00828
46	0.00644	0.00462	0.00611	0.00730	0.00765	0.00430	0.00488	0.00737	0.01018	0.01352	0.02988	0.78761	0.05763	0.01647	0.00673	0.00214	0.00306	0.01491	0.00491	0.00430
47	0.00992	0.00914	0.01484	0.40711	0.06200	0.01097	0.05472	0.01260	0.01034	0.01408	0.01314	0.14245	0.01259	0.00798	0.00755	0.00191	0.13689	0.02940	0.03664	0.00573
48	0.00786	0.00555	0.00670	0.00636	0.00791	0.00492	0.00479	0.00987	0.01378	0.05835	0.45673	0.06884	0.30545	0.01170	0.00621	0.00172	0.00268	0.01009	0.00550	0.00499
49	0.06693	0.00906	0.01203	0.00928	0.01332	0.00798	0.00766	0.02523	0.01481	0.74517	0.02015	0.01750	0.01270	0.00646	0.00521	0.00164	0.00448	0.00519	0.00637	0.00883
50	0.01935	0.01386	0.01502	0.01160	0.01560	0.01519	0.00955	0.67772	0.02364	0.06256	0.05309	0.01446	0.01139	0.00658	0.00530	0.00158	0.00552	0.00504	0.02425	0.00869
51	0.85155	0.01022	0.00777	0.00695	0.01022	0.01186	0.00573	0.01554	0.00900	0.02372	0.00736	0.00859	0.00573	0.00491	0.00327	0.00164	0.00409	0.00286	0.00327	0.00573
52	0.01315	0.01136	0.01195	0.01076	0.01375	0.01315	0.00837	0.02809	0.77168	0.02211	0.02152	0.01972	0.01614	0.00717	0.00538	0.00179	0.00418	0.00598	0.00538	0.00837
53	0.00625	0.00536	0.00536	0.00536	0.00714	0.00446	0.00402	0.00759	0.01205	0.01428	0.05355	0.05088	0.77909	0.01339	0.00625	0.00179	0.00268	0.01116	0.00491	0.00446
54	0.00749	0.00524	0.00674	0.00689	0.00725	0.00553	0.00457	0.00824	0.00826	0.01134	0.01735	0.12581	0.01913	0.45311	0.28418	0.00590	0.00793	0.00791	0.00329	0.00385
55	0.01975	0.02520	0.01498	0.01362	0.01634	0.79299	0.01021	0.02111	0.01498	0.01294	0.00817	0.00953	0.00681	0.00545	0.00477	0.00136	0.00953	0.00340	0.00272	0.00613
56	0.01081	0.02598	0.71163	0.01619	0.05361	0.01235	0.06308	0.01673	0.01127	0.01677	0.00958	0.01142	0.00684	0.00498	0.00510	0.00168	0.00782	0.00408	0.00227	0.00780
57	0.00654	0.00537	0.00576	0.00566	0.00732	0.00459	0.00425	0.00815	0.01274	0.01592	0.22571	0.04817	0.60591	0.01278	0.00624	0.00176	0.00263	0.01078	0.00513	0.00459
58	0.00700	0.00565	0.00623	0.00656	0.00780	0.01901	0.00470	0.02613	0.01189	0.01497	0.10106	0.34642	0.39537	0.01411	0.00639	0.00190	0.00302	0.01225	0.00495	0.00458
59	0.00710	0.00539	0.00653	0.00624	0.00766	0.00482	0.00468	0.00923	0.01405	0.01903	0.55110	0.04306	0.27858	0.01162	0.00624	0.00170	0.00255	0.01006	0.00553	0.00482
60	0.00918	0.00459	0.00689	0.00689	0.00689	0.00459	0.00459	0.00689	0.00689	0.00918	0.00918	0.01607	0.00918	0.01837	0.02066	0.84619	0.00459	0.00459	0.00230	0.00230
61	0.01255	0.04481	0.04411	0.15637	0.60587	0.01275	0.01579	0.01578	0.01172	0.01645	0.00974	0.01301	0.00804	0.00481	0.00516	0.00159	0.00643	0.00461	0.00255	0.00789
62	0.00915	0.00581	0.00749	0.00724	0.00864	0.00539	0.00535	0.01158	0.04282	0.10338	0.42090	0.24860	0.07927	0.01191	0.00624	0.00180	0.00295	0.01054	0.00558	0.00534
63	0.12914	0.04261	0.00983	0.00853	0.04089	0.00818	0.00640	0.05260	0.04314	0.12843	0.35579	0.02879	0.10766	0.00877	0.00545	0.00164	0.00354	0.00732	0.00514	0.00615
64	0.08541	0.03662	0.01101	0.09980	0.01394	0.00918	0.00716	0.09866	0.01202	0.01879	0.01149	0.02468	0.00964	0.04985	0.00602	0.01838	0.02059	0.00424	0.14937	0.31314
65	0.01194	0.01459	0.13101	0.03445	0.08858	0.03156	0.36063	0.03849	0.03794	0.01658	0.01194	0.06979	0.01020	0.02077	0.00731	0.03573	0.04423	0.00605	0.00292	0.02530
66	0.04268	0.10562	0.03382	0.03016	0.03785	0.20067	0.02316	0.05093	0.04205	0.10525	0.08661	0.04213	0.01336	0.00757	0.02063	0.00175	0.12851	0.00506	0.00365	0.01854
67	0.18192	0.12773	0.03250	0.05207	0.04429	0.08461	0.00830	0.02988	0.01158	0.08258	0.05790	0.09260	0.01290	0.00673	0.00516	0.00153	0.04407	0.00513	0.02165	0.09688
68	0.05607	0.09873	0.12682	0.03615	0.05790	0.05332	0.01024	0.08511	0.04420	0.13272	0.03066	0.05624	0.01187	0.00652	0.00531	0.00155	0.03285	0.03022	0.02545	0.09806

[dist]
# distance from previous block
# <min> <max>
5	43

[block]
# block no. 5 follows, 46 sequences, length 35
# corresponding to MSA columns:
# 317-351
name=unknown_F
#
# <colnr> <probs for GDERKNQSTAVLIFYWHMCP>
#	G	D	E	R	K	N	Q	S	T	A	V	L	I	F	Y	W	H	M	C	P
0	0.73193	0.01190	0.08140	0.00816	0.01192	0.01184	0.02605	0.01593	0.00943	0.04113	0.00797	0.00920	0.00605	0.00495	0.00356	0.00164	0.00457	0.00310	0.00324	0.00603
1	0.01157	0.01157	0.01619	0.01388	0.01388	0.01619	0.01157	0.01272	0.00810	0.01272	0.00694	0.01157	0.00694	0.00925	0.01735	0.00231	0.80453	0.00463	0.00231	0.00578
2	0.01104	0.02631	0.73488	0.01520	0.02281	0.01220	0.04926	0.01700	0.01132	0.03793	0.00985	0.01148	0.00693	0.00504	0.00508	0.00168	0.00777	0.00404	0.00237	0.00782
3	0.85155	0.01022	0.00777	0.00695	0.01022	0.01186	0.00573	0.01554	0.00900	0.02372	0.00736	0.00859	0.00573	0.00491	0.00327	0.00164	0.00409	0.00286	0.00327	0.00573
4	0.02010	0.01481	0.01587	0.01216	0.01639	0.01639	0.01005	0.76360	0.02486	0.03332	0.01269	0.01269	0.00899	0.00635	0.00529	0.00159	0.00582	0.00476	0.00529	0.00899
5	0.00630	0.00536	0.00543	0.00541	0.00717	0.00449	0.00406	0.00769	0.01217	0.01457	0.08429	0.05039	0.74817	0.01328	0.00625	0.00178	0.00267	0.01109	0.00495	0.00449
6	0.00825	0.00581	0.00682	0.00658	0.00674	0.00619	0.00408	0.02791	0.00820	0.01111	0.01582	0.03189	0.01788	0.70464	0.06273	0.00502	0.05622	0.00732	0.00318	0.00359
7	0.04590	0.00963	0.01506	0.70152	0.03315	0.02785	0.01369	0.01369	0.01056	0.01416	0.00955	0.01394	0.00725	0.00540	0.00539	0.00174	0.02464	0.00460	0.03644	0.00583
8	0.00638	0.00515	0.00569	0.00610	0.00742	0.00446	0.00443	0.00762	0.01147	0.01409	0.04532	0.28278	0.52910	0.01439	0.00643	0.00192	0.00286	0.03506	0.00491	0.00442
9	0.01919	0.00975	0.02881	0.00954	0.01314	0.00900	0.00790	0.11430	0.09185	0.47009	0.14744	0.02099	0.01895	0.00727	0.00547	0.00165	0.00436	0.00600	0.00606	0.00823
10	0.00918	0.00459	0.00689	0.00689	0.00689	0.00459	0.00459	0.00689	0.00689	0.00918	0.00918	0.01607	0.00918	0.01837	0.02066	0.84619	0.00459	0.00459	0.00230	0.00230
11	0.01943	0.01387	0.01501	0.01160	0.01554	0.01522	0.00948	0.67690	0.02323	0.06804	0.01335	0.01443	0.00988	0.06095	0.00675	0.00183	0.00571	0.00498	0.00521	0.00860
12	0.01648	0.01285	0.06286	0.01193	0.04590	0.01248	0.02863	0.41398	0.03717	0.10485	0.01796	0.09173	0.06935	0.02075	0.00582	0.00171	0.00531	0.00628	0.00490	0.02904
13	0.01465	0.64344	0.02423	0.00938	0.01344	0.11204	0.00882	0.03529	0.01163	0.01356	0.00830	0.00952	0.00733	0.00480	0.00363	0.00118	0.00589	0.00310	0.06315	0.00663
14	0.85155	0.01022	0.00777	0.00695	0.01022	0.01186	0.00573	0.01554	0.00900	0.02372	0.00736	0.00859	0.00573	0.00491	0.00327	0.00164	0.00409	0.00286	0.00327	0.00573
15	0.01541	0.01106	0.01224	0.01020	0.01303	0.01195	0.00805	0.45260	0.04239	0.04509	0.03304	0.14957	0.01657	0.09821	0.00801	0.00211	0.00503	0.03835	0.01987	0.00723
16	0.01288	0.01202	0.01995	0.02966	0.69508	0.01211	0.01505	0.01655	0.04865	0.01766	0.01097	0.01382	0.00908	0.00492	0.00514	0.00156	0.00594	0.00479	0.05602	0.00816
17	0.00666	0.00471	0.00605	0.00702	0.00731	0.00445	0.00458	0.00743	0.00972	0.01292	0.02745	0.65141	0.04977	0.16171	0.01041	0.00268	0.00343	0.01360	0.00460	0.00410
18	0.00870	0.00579	0.00766	0.00750	0.00895	0.00540	0.00597	0.01109	0.01416	0.06793	0.51333	0.04355	0.07929	0.01158	0.00643	0.00185	0.00320	0.18682	0.00559	0.00519
19	0.02010	0.01481	0.01587	0.01216	0.01639	0.01639	0.01005	0.76360	0.02486	0.03332	0.01269	0.01269	0.00899	0.00635	0.00529	0.00159	0.00582	0.00476	0.00529	0.00899
20	0.00851	0.00563	0.00740	0.00683	0.00825	0.00516	0.00516	0.01098	0.01498	0.06958	0.73045	0.03813	0.04755	0.01054	0.00618	0.00166	0.00262	0.00929	0.00587	0.00524
21	0.02010	0.01481	0.01587	0.01216	0.01639	0.01639	0.01005	0.76360	0.02486	0.03332	0.01269	0.01269	0.00899	0.00635	0.00529	0.00159	0.00582	0.00476	0.00529	0.00899
22	0.01413	0.81739	0.02770	0.00905	0.01357	0.02092	0.00905	0.01583	0.01074	0.01244	0.00735	0.00848	0.00678	0.00452	0.00339	0.00113	0.00565	0.00283	0.00226	0.00678
23	0.01413	0.81739	0.02770	0.00905	0.01357	0.02092	0.00905	0.01583	0.01074	0.01244	0.00735	0.00848	0.00678	0.00452	0.00339	0.00113	0.00565	0.00283	0.00226	0.00678
24	0.00998	0.00940	0.01586	0.80150	0.03641	0.01175	0.01468	0.01351	0.01057	0.01351	0.00940	0.01409	0.00705	0.00529	0.00529	0.00176	0.00705	0.00470	0.00235	0.00587
25	0.01960	0.01433	0.01534	0.01181	0.01590	0.01584	0.00974	0.72732	0.02419	0.03266	0.01291	0.01303	0.00921	0.00634	0.00521	0.00157	0.00566	0.00477	0.04577	0.00879
26	0.02372	0.00900	0.01227	0.00941	0.01350	0.00777	0.00777	0.02576	0.01513	0.78489	0.02086	0.01799	0.01309	0.00654	0.00532	0.00164	0.00450	0.00532	0.00654	0.00900
27	0.00998	0.00940	0.01586	0.80150	0.03641	0.01175	0.01468	0.01351	0.01057	0.01351	0.00940	0.01409	0.00705	0.00529	0.00529	0.00176	0.00705	0.00470	0.00235	0.00587
28	0.00699	0.00568	0.00626	0.00624	0.00788	0.00509	0.00474	0.00930	0.05014	0.01619	0.20197	0.07688	0.51403	0.01273	0.00629	0.00181	0.00286	0.05501	0.00512	0.00478
29	0.00918	0.00459	0.00689	0.00689	0.00689	0.00459	0.00459	0.00689	0.00689	0.00918	0.00918	0.01607	0.00918	0.01837	0.02066	0.84619	0.00459	0.00459	0.00230	0.00230
30	0.01289	0.03359	0.15768	0.01182	0.04577	0.01103	0.01059	0.09712	0.18189	0.09269	0.02047	0.04529	0.08191	0.00835	0.00618	0.00182	0.04376	0.11148	0.00439	0.02130
31	0.00835	0.00638	0.00790	0.05764	0.01039	0.00637	0.00595	0.06930	0.04366	0.01743	0.21983	0.28495	0.16499	0.04568	0.00712	0.00201	0.00350	0.02850	0.00495	0.00511
32	0.12861	0.08802	0.04631	0.02971	0.04750	0.10207	0.04170	0.17604	0.02842	0.04373	0.00996	0.01157	0.00785	0.00591	0.00646	0.00158	0.12452	0.00409	0.02001	0.07594
33	0.10436	0.06008	0.01191	0.00881	0.01216	0.00973	0.00720	0.11372	0.04184	0.37072	0.05383	0.01955	0.05210	0.05427	0.02604	0.00197	0.00471	0.00548	0.03402	0.00750
34	0.08367	0.05124	0.22015	0.07401	0.10885	0.04629	0.15039	0.01728	0.05989	0.06184	0.03131	0.01446	0.02940	0.00557	0.00542	0.00167	0.02339	0.00489	0.00309	0.00722

[dist]
# distance from previous block
# <min> <max>
3	18

[block]
# block no. 6 follows, 46 sequences, length 83
# corresponding to MSA columns:
# 370-452
name=unknown_G
#
# <colnr> <probs for GDERKNQSTAVLIFYWHMCP>
#	G	D	E	R	K	N	Q	S	T	A	V	L	I	F	Y	W	H	M	C	P
0	0.38702	0.12863	0.02942	0.01143	0.10013	0.04230	0.02631	0.05066	0.03653	0.06519	0.06854	0.01278	0.01061	0.00553	0.00418	0.00155	0.00495	0.00404	0.00354	0.00664
1	0.03142	0.00786	0.00913	0.00789	0.01054	0.00702	0.00594	0.08510	0.02885	0.01767	0.05725	0.27841	0.06016	0.03653	0.00601	0.00160	0.00374	0.00815	0.00421	0.33251
2	0.00870	0.00670	0.00793	0.00740	0.00910	0.00665	0.00564	0.04516	0.12984	0.02049	0.48389	0.05723	0.15469	0.01068	0.00610	0.00173	0.00299	0.02397	0.00555	0.00558
3	0.00651	0.00463	0.00611	0.00727	0.00756	0.00434	0.00481	0.00738	0.00998	0.01331	0.02841	0.76546	0.03405	0.06312	0.00792	0.00232	0.00319	0.01460	0.00481	0.00423
4	0.00767	0.00522	0.00622	0.00622	0.00638	0.00537	0.00377	0.00798	0.00782	0.01059	0.01624	0.03228	0.01821	0.68454	0.15520	0.00569	0.00664	0.00735	0.00314	0.00346
5	0.85155	0.01022	0.00777	0.00695	0.01022	0.01186	0.00573	0.01554	0.00900	0.02372	0.00736	0.00859	0.00573	0.00491	0.00327	0.00164	0.00409	0.00286	0.00327	0.00573
6	0.01157	0.01157	0.01619	0.01388	0.01388	0.01619	0.01157	0.01272	0.00810	0.01272	0.00694	0.01157	0.00694	0.00925	0.01735	0.00231	0.80453	0.00463	0.00231	0.00578
7	0.13283	0.04188	0.01440	0.01161	0.01513	0.24047	0.00927	0.33463	0.10882	0.02411	0.01154	0.01193	0.00870	0.00593	0.00481	0.00154	0.00646	0.00419	0.00419	0.00757
8	0.04366	0.00876	0.01177	0.00914	0.01300	0.00767	0.00751	0.02433	0.01496	0.70894	0.07658	0.01934	0.01562	0.00682	0.00533	0.00164	0.00434	0.00557	0.00641	0.00862
9	0.00998	0.00940	0.01586	0.80150	0.03641	0.01175	0.01468	0.01351	0.01057	0.01351	0.00940	0.01409	0.00705	0.00529	0.00529	0.00176	0.00705	0.00470	0.00235	0.00587
10	0.00685	0.00529	0.00624	0.00618	0.00755	0.00469	0.00457	0.00868	0.01320	0.01743	0.38964	0.13036	0.35521	0.01254	0.00630	0.00177	0.00264	0.01084	0.00533	0.00469
11	0.00918	0.00459	0.00689	0.00689	0.00689	0.00459	0.00459	0.00689	0.00689	0.00918	0.00918	0.01607	0.00918	0.01837	0.02066	0.84619	0.00459	0.00459	0.00230	0.00230
12	0.01413	0.81739	0.02770	0.00905	0.01357	0.02092	0.00905	0.01583	0.01074	0.01244	0.00735	0.00848	0.00678	0.00452	0.00339	0.00113	0.00565	0.00283	0.00226	0.00678
13	0.00985	0.00493	0.00493	0.00493	0.00616	0.00493	0.00370	0.01232	0.01109	0.01971	0.01725	0.01971	0.01355	0.00616	0.00370	0.00123	0.00246	0.00493	0.84356	0.00493
14	0.00975	0.00641	0.00884	0.00802	0.00946	0.00695	0.05377	0.02709	0.01044	0.03096	0.01515	0.01914	0.01263	0.01827	0.28873	0.00395	0.04927	0.00526	0.41070	0.00520
15	0.00658	0.00537	0.00584	0.00591	0.00750	0.00463	0.00447	0.00813	0.01240	0.01538	0.16054	0.08770	0.58770	0.01323	0.00633	0.00182	0.00280	0.05407	0.00504	0.00456
16	0.01727	0.01214	0.01333	0.01062	0.01390	0.01318	0.00846	0.52570	0.03889	0.07614	0.03160	0.04589	0.01289	0.12926	0.02433	0.00229	0.00558	0.00576	0.00501	0.00776
17	0.04358	0.65324	0.08386	0.00987	0.01433	0.06431	0.00989	0.01608	0.01086	0.01320	0.00755	0.00886	0.00675	0.00480	0.00411	0.00125	0.03538	0.00301	0.00232	0.00675
18	0.01907	0.01600	0.01580	0.01332	0.05260	0.13990	0.01033	0.55602	0.02153	0.02797	0.01163	0.01228	0.00859	0.00627	0.00580	0.00158	0.04809	0.00454	0.02042	0.00826
19	0.00681	0.00503	0.00618	0.00691	0.00757	0.00471	0.00471	0.00812	0.02862	0.01378	0.05932	0.51415	0.16612	0.11426	0.00912	0.00243	0.00330	0.02981	0.00474	0.00433
20	0.00661	0.00525	0.00590	0.00597	0.00737	0.00458	0.00437	0.00814	0.01240	0.01579	0.22737	0.15633	0.47823	0.02946	0.00674	0.00187	0.00274	0.01125	0.00510	0.00454
21	0.00672	0.00537	0.00601	0.00585	0.00743	0.00466	0.00439	0.00850	0.01316	0.01691	0.32916	0.04655	0.50184	0.01241	0.00624	0.00174	0.00261	0.01055	0.00526	0.00466
22	0.01315	0.01136	0.01195	0.01076	0.01375	0.01315	0.00837	0.02809	0.77168	0.02211	0.02152	0.01972	0.01614	0.00717	0.00538	0.00179	0.00418	0.00598	0.00538	0.00837
