[name]
unknown

[dist]
# distance from previous block
# <min> <max>
57	89

[block]
# block no. 0 follows, 48 sequences, length 43
# corresponding to MSA columns:
# 133-175
name=unknown_A
#
# <colnr> <probs for GDERKNQSTAVLIFYWHMCP>
#	G	D	E	R	K	N	Q	S	T	A	V	L	I	F	Y	W	H	M	C	P
0	0.11980	0.01067	0.01191	0.12383	0.04720	0.06126	0.00875	0.14950	0.11025	0.10258	0.05702	0.07684	0.03301	0.00720	0.00528	0.00166	0.02122	0.02064	0.02466	0.00672
1	0.12039	0.01056	0.01110	0.06967	0.01372	0.05840	0.00775	0.21558	0.03366	0.12943	0.03428	0.01961	0.11182	0.00707	0.00517	0.00157	0.02392	0.02338	0.07506	0.02786
2	0.09921	0.01110	0.02705	0.04757	0.06056	0.04632	0.02374	0.22367	0.07059	0.12605	0.11297	0.01745	0.01486	0.02684	0.00546	0.00164	0.00486	0.00523	0.06776	0.00707
3	0.16890	0.00931	0.00991	0.05116	0.01216	0.02394	0.00693	0.17714	0.06720	0.09696	0.13370	0.02046	0.04664	0.03859	0.00563	0.00170	0.00421	0.01926	0.09982	0.00638
4	0.03532	0.05647	0.01188	0.05057	0.01293	0.01041	0.00749	0.23138	0.07135	0.15542	0.13419	0.01963	0.03583	0.02673	0.00616	0.03812	0.00439	0.00559	0.07926	0.00685
5	0.09237	0.00940	0.01066	0.06192	0.01302	0.00985	0.00726	0.21070	0.07493	0.12420	0.09214	0.03827	0.03002	0.04982	0.00597	0.00169	0.00432	0.00550	0.09325	0.06469
6	0.09443	0.04310	0.01245	0.01020	0.04280	0.01136	0.00797	0.26061	0.09294	0.18649	0.01623	0.01762	0.03358	0.02591	0.00535	0.00164	0.00463	0.03701	0.07225	0.02342
7	0.01757	0.01098	0.01321	0.01093	0.04685	0.01124	0.02730	0.36538	0.01811	0.21679	0.05881	0.01619	0.01253	0.02556	0.00551	0.00157	0.00483	0.00506	0.08237	0.04922
8	0.01593	0.03291	0.08233	0.03311	0.01496	0.01164	0.00917	0.35075	0.01736	0.13276	0.06457	0.03445	0.01232	0.02603	0.00547	0.00153	0.00508	0.00495	0.00453	0.14015
9	0.01782	0.01038	0.01224	0.00952	0.01320	0.01020	0.00773	0.28993	0.03180	0.29388	0.06511	0.03301	0.01347	0.02163	0.00540	0.00152	0.00455	0.00517	0.02537	0.12807
10	0.03330	0.03061	0.01389	0.04162	0.01518	0.03238	0.00892	0.46339	0.06568	0.09115	0.03032	0.04766	0.01144	0.00657	0.00506	0.00153	0.00520	0.01875	0.00479	0.07253
11	0.04733	0.00929	0.01062	0.00890	0.01187	0.02470	0.00705	0.08867	0.20342	0.22997	0.19677	0.04056	0.02114	0.00741	0.00523	0.00157	0.00396	0.00617	0.00531	0.07003
12	0.00630	0.00451	0.00591	0.00702	0.00735	0.00421	0.00467	0.00717	0.00978	0.01299	0.02853	0.75851	0.05755	0.04992	0.00736	0.00219	0.00305	0.01416	0.00469	0.00413
13	0.01064	0.00912	0.01064	0.00760	0.01216	0.00684	0.00608	0.01292	0.01064	0.01672	0.00912	0.01064	0.00760	0.00380	0.00380	0.00076	0.00380	0.00304	0.00304	0.85104
14	0.01872	0.07910	0.03847	0.01377	0.12635	0.01341	0.01022	0.38104	0.01833	0.22880	0.01352	0.01336	0.00945	0.00580	0.00497	0.00152	0.00541	0.00458	0.00476	0.00843
15	0.02302	0.00873	0.01191	0.00913	0.01310	0.00754	0.00754	0.02501	0.01469	0.79122	0.02024	0.01746	0.01270	0.00635	0.00516	0.00159	0.00437	0.00516	0.00635	0.00873
16	0.00625	0.00447	0.00595	0.00714	0.00744	0.00417	0.00476	0.00714	0.00982	0.01310	0.02828	0.81633	0.03394	0.01608	0.00655	0.00208	0.00298	0.01459	0.00476	0.00417
17	0.00625	0.00447	0.00595	0.00714	0.00744	0.00417	0.00476	0.00714	0.00982	0.01310	0.02828	0.81633	0.03394	0.01608	0.00655	0.00208	0.00298	0.01459	0.00476	0.00417
18	0.00746	0.00497	0.00560	0.00560	0.00560	0.00497	0.00311	0.00746	0.00746	0.00995	0.01617	0.03358	0.01865	0.81967	0.02612	0.00497	0.00497	0.00746	0.00311	0.00311
19	0.01372	0.82276	0.02689	0.00878	0.01317	0.02030	0.00878	0.01536	0.01043	0.01207	0.00713	0.00823	0.00658	0.00439	0.00329	0.00110	0.00549	0.00274	0.00219	0.00658
20	0.00956	0.00478	0.00478	0.00478	0.00598	0.00478	0.00359	0.01196	0.01076	0.01913	0.01674	0.01913	0.01315	0.00598	0.00359	0.00120	0.00239	0.00478	0.84816	0.00478
21	0.01372	0.82276	0.02689	0.00878	0.01317	0.02030	0.00878	0.01536	0.01043	0.01207	0.00713	0.00823	0.00658	0.00439	0.00329	0.00110	0.00549	0.00274	0.00219	0.00658
22	0.85592	0.00992	0.00754	0.00675	0.00992	0.01151	0.00556	0.01508	0.00873	0.02302	0.00714	0.00834	0.00556	0.00476	0.00318	0.00159	0.00397	0.00278	0.00318	0.00556
23	0.00726	0.00524	0.00686	0.00646	0.00767	0.00484	0.00484	0.00968	0.01452	0.02058	0.78496	0.03833	0.04841	0.01049	0.00605	0.00161	0.00242	0.00928	0.00565	0.00484
24	0.00625	0.00447	0.00595	0.00714	0.00744	0.00417	0.00476	0.00714	0.00982	0.01310	0.02828	0.81633	0.03394	0.01608	0.00655	0.00208	0.00298	0.01459	0.00476	0.00417
25	0.00726	0.00524	0.00686	0.00646	0.00767	0.00484	0.00484	0.00968	0.01452	0.02058	0.78496	0.03833	0.04841	0.01049	0.00605	0.00161	0.00242	0.00928	0.00565	0.00484
26	0.01372	0.82276	0.02689	0.00878	0.01317	0.02030	0.00878	0.01536	0.01043	0.01207	0.00713	0.00823	0.00658	0.00439	0.00329	0.00110	0.00549	0.00274	0.00219	0.00658
27	0.01276	0.01102	0.01160	0.01044	0.01334	0.01276	0.00812	0.02727	0.77840	0.02146	0.02088	0.01914	0.01566	0.00696	0.00522	0.00174	0.00406	0.00580	0.00522	0.00812
28	0.01029	0.02654	0.79309	0.01462	0.02221	0.01192	0.01896	0.01625	0.01083	0.01625	0.00921	0.01083	0.00650	0.00487	0.00487	0.00162	0.00758	0.00379	0.00217	0.00758
29	0.01230	0.01178	0.02010	0.13557	0.68674	0.01209	0.01555	0.01539	0.01149	0.01627	0.00958	0.01283	0.00795	0.00465	0.00509	0.00155	0.00620	0.00457	0.00251	0.00780
30	0.01372	0.82276	0.02689	0.00878	0.01317	0.02030	0.00878	0.01536	0.01043	0.01207	0.00713	0.00823	0.00658	0.00439	0.00329	0.00110	0.00549	0.00274	0.00219	0.00658
31	0.85592	0.00992	0.00754	0.00675	0.00992	0.01151	0.00556	0.01508	0.00873	0.02302	0.00714	0.00834	0.00556	0.00476	0.00318	0.00159	0.00397	0.00278	0.00318	0.00556
32	0.01123	0.01123	0.01572	0.01347	0.01347	0.01572	0.01123	0.01235	0.00786	0.01235	0.00674	0.01123	0.00674	0.00898	0.01684	0.00225	0.81028	0.00449	0.00225	0.00561
33	0.00969	0.00912	0.01539	0.80734	0.03534	0.01140	0.01425	0.01311	0.01026	0.01311	0.00912	0.01368	0.00684	0.00513	0.00513	0.00171	0.00684	0.00456	0.00228	0.00570
34	0.00619	0.00520	0.00538	0.00533	0.00701	0.00439	0.00400	0.00761	0.01200	0.01458	0.13016	0.04820	0.70696	0.01273	0.00606	0.00172	0.00258	0.01066	0.00486	0.00439
35	0.01951	0.01437	0.01540	0.01181	0.01591	0.01591	0.00975	0.77056	0.02412	0.03234	0.01232	0.01232	0.00873	0.00616	0.00513	0.00154	0.00565	0.00462	0.00513	0.00873
36	0.00746	0.00497	0.00560	0.00560	0.00560	0.00497	0.00311	0.00746	0.00746	0.00995	0.01617	0.03358	0.01865	0.81967	0.02612	0.00497	0.00497	0.00746	0.00311	0.00311
37	0.01917	0.02445	0.01454	0.01322	0.01586	0.79907	0.00991	0.02049	0.01454	0.01256	0.00793	0.00925	0.00661	0.00529	0.00463	0.00132	0.00925	0.00330	0.00264	0.00595
38	0.01246	0.52819	0.21696	0.01154	0.04897	0.01698	0.03906	0.01533	0.01069	0.01354	0.00962	0.01088	0.03696	0.00485	0.00397	0.00130	0.00604	0.00352	0.00232	0.00682
39	0.01360	0.01083	0.01163	0.01033	0.01332	0.01234	0.00807	0.02708	0.71587	0.08448	0.02083	0.01901	0.01542	0.00691	0.00522	0.00173	0.00409	0.00575	0.00531	0.00817
40	0.00746	0.00497	0.00560	0.00560	0.00560	0.00497	0.00311	0.00746	0.00746	0.00995	0.01617	0.03358	0.01865	0.81967	0.02612	0.00497	0.00497	0.00746	0.00311	0.00311
41	0.01733	0.03226	0.06982	0.01603	0.17031	0.06888	0.10355	0.06393	0.06777	0.31542	0.01454	0.01462	0.01015	0.00555	0.00515	0.00157	0.00589	0.00488	0.00432	0.00801
42	0.01029	0.02654	0.79309	0.01462	0.02221	0.01192	0.01896	0.01625	0.01083	0.01625	0.00921	0.01083	0.00650	0.00487	0.00487	0.00162	0.00758	0.00379	0.00217	0.00758

[dist]
# distance from previous block
# <min> <max>
0	28

[block]
# block no. 1 follows, 48 sequences, length 38
# corresponding to MSA columns:
# 204-241
name=unknown_B
#
# <colnr> <probs for GDERKNQSTAVLIFYWHMCP>
#	G	D	E	R	K	N	Q	S	T	A	V	L	I	F	Y	W	H	M	C	P
0	0.01127	0.01067	0.01808	0.35719	0.44240	0.01163	0.01484	0.01445	0.01109	0.01517	0.01007	0.01478	0.00837	0.00516	0.00517	0.00163	0.00636	0.03217	0.00251	0.00698
1	0.18310	0.10640	0.53647	0.01238	0.01863	0.02934	0.01497	0.01601	0.01044	0.01711	0.00854	0.01002	0.00632	0.00481	0.00436	0.00156	0.00666	0.00347	0.00239	0.00703
2	0.00625	0.00447	0.00595	0.00714	0.00744	0.00417	0.00476	0.00714	0.00982	0.01310	0.02828	0.81633	0.03394	0.01608	0.00655	0.00208	0.00298	0.01459	0.00476	0.00417
3	0.67372	0.02516	0.01022	0.03761	0.01245	0.02662	0.05989	0.02902	0.00955	0.02163	0.00766	0.00913	0.00597	0.00472	0.00355	0.00154	0.00455	0.00313	0.00310	0.05075
4	0.00751	0.00554	0.00702	0.00660	0.00790	0.00525	0.00494	0.01048	0.05493	0.02014	0.69944	0.03764	0.07469	0.02762	0.00643	0.00170	0.00257	0.00912	0.00554	0.00496
5	0.01490	0.01174	0.01224	0.01045	0.01359	0.04310	0.00827	0.20240	0.45739	0.07770	0.05967	0.01872	0.03258	0.00699	0.00524	0.00166	0.00454	0.00568	0.00519	0.00796
6	0.00891	0.00446	0.00668	0.00668	0.00668	0.00446	0.00446	0.00668	0.00668	0.00891	0.00891	0.01560	0.00891	0.01783	0.02005	0.85071	0.00446	0.00446	0.00223	0.00223
7	0.01365	0.80091	0.02659	0.00891	0.01318	0.02018	0.00885	0.01528	0.01036	0.01208	0.00712	0.00831	0.00659	0.00451	0.00366	0.00113	0.02716	0.00279	0.00220	0.00656
8	0.00726	0.00524	0.00686	0.00646	0.00767	0.00484	0.00484	0.00968	0.01452	0.02058	0.78496	0.03833	0.04841	0.01049	0.00605	0.00161	0.00242	0.00928	0.00565	0.00484
9	0.01314	0.40004	0.30612	0.01231	0.04554	0.03208	0.03822	0.01652	0.01106	0.06881	0.00904	0.01021	0.00708	0.00473	0.00419	0.00137	0.00638	0.00349	0.00251	0.00716
10	0.00625	0.00447	0.00595	0.00714	0.00744	0.00417	0.00476	0.00714	0.00982	0.01310	0.02828	0.81633	0.03394	0.01608	0.00655	0.00208	0.00298	0.01459	0.00476	0.00417
11	0.00733	0.00550	0.00825	0.00825	0.00916	0.00641	0.00641	0.00916	0.00825	0.01191	0.01374	0.02016	0.01283	0.03848	0.79934	0.00825	0.01374	0.00550	0.00275	0.00458
12	0.85592	0.00992	0.00754	0.00675	0.00992	0.01151	0.00556	0.01508	0.00873	0.02302	0.00714	0.00834	0.00556	0.00476	0.00318	0.00159	0.00397	0.00278	0.00318	0.00556
13	0.01048	0.02449	0.69144	0.01624	0.10399	0.01178	0.01828	0.01604	0.01101	0.01641	0.02780	0.01169	0.00768	0.00498	0.00492	0.00161	0.00730	0.00401	0.00229	0.00758
14	0.00625	0.00447	0.00595	0.00714	0.00744	0.00417	0.00476	0.00714	0.00982	0.01310	0.02828	0.81633	0.03394	0.01608	0.00655	0.00208	0.00298	0.01459	0.00476	0.00417
15	0.00625	0.00447	0.00595	0.00714	0.00744	0.00417	0.00476	0.00714	0.00982	0.01310	0.02828	0.81633	0.03394	0.01608	0.00655	0.00208	0.00298	0.01459	0.00476	0.00417
16	0.01253	0.01320	0.07522	0.03031	0.73376	0.01217	0.01597	0.01578	0.01162	0.01673	0.00962	0.01257	0.00801	0.00459	0.00507	0.00153	0.00620	0.00452	0.00251	0.00809
17	0.00611	0.00520	0.00526	0.00525	0.00696	0.00435	0.00394	0.00745	0.01181	0.01412	0.08047	0.04895	0.75693	0.01290	0.00606	0.00173	0.00259	0.01077	0.00480	0.00435
18	0.85592	0.00992	0.00754	0.00675	0.00992	0.01151	0.00556	0.01508	0.00873	0.02302	0.00714	0.00834	0.00556	0.00476	0.00318	0.00159	0.00397	0.00278	0.00318	0.00556
19	0.85592	0.00992	0.00754	0.00675	0.00992	0.01151	0.00556	0.01508	0.00873	0.02302	0.00714	0.00834	0.00556	0.00476	0.00318	0.00159	0.00397	0.00278	0.00318	0.00556
20	0.85592	0.00992	0.00754	0.00675	0.00992	0.01151	0.00556	0.01508	0.00873	0.02302	0.00714	0.00834	0.00556	0.00476	0.00318	0.00159	0.00397	0.00278	0.00318	0.00556
21	0.01270	0.01219	0.02083	0.03149	0.78767	0.01219	0.01575	0.01575	0.01168	0.01676	0.00965	0.01270	0.00813	0.00457	0.00508	0.00152	0.00610	0.00457	0.00254	0.00813
22	0.01029	0.02654	0.79309	0.01462	0.02221	0.01192	0.01896	0.01625	0.01083	0.01625	0.00921	0.01083	0.00650	0.00487	0.00487	0.00162	0.00758	0.00379	0.00217	0.00758
23	0.00969	0.00912	0.01539	0.80734	0.03534	0.01140	0.01425	0.01311	0.01026	0.01311	0.00912	0.01368	0.00684	0.00513	0.00513	0.00171	0.00684	0.00456	0.00228	0.00570
24	0.00827	0.00591	0.00827	0.00945	0.01063	0.00591	0.00827	0.01063	0.01181	0.01536	0.02717	0.05788	0.02953	0.01417	0.00709	0.00236	0.00472	0.75313	0.00472	0.00472
25	0.01264	0.01088	0.01151	0.01041	0.01327	0.01257	0.00813	0.02680	0.75715	0.02129	0.02106	0.02022	0.01605	0.00716	0.00527	0.00176	0.00408	0.02652	0.00521	0.00803
26	0.02148	0.00917	0.01246	0.00973	0.01321	0.00875	0.00805	0.04119	0.01407	0.67684	0.01838	0.01657	0.01187	0.00667	0.00660	0.00167	0.10406	0.00506	0.00581	0.00835
27	0.00733	0.00550	0.00825	0.00825	0.00916	0.00641	0.00641	0.00916	0.00825	0.01191	0.01374	0.02016	0.01283	0.03848	0.79934	0.00825	0.01374	0.00550	0.00275	0.00458
28	0.00745	0.00500	0.00574	0.00574	0.00579	0.00505	0.00328	0.00755	0.00750	0.01005	0.01604	0.03286	0.01834	0.77809	0.06728	0.00515	0.00544	0.00736	0.00309	0.00319
29	0.01899	0.05095	0.01498	0.01303	0.01577	0.74962	0.00987	0.04265	0.01469	0.01313	0.00804	0.00931	0.00667	0.00528	0.00460	0.00132	0.00902	0.00333	0.00270	0.00605
30	0.07215	0.01248	0.02089	0.02819	0.62606	0.02865	0.10473	0.01588	0.01159	0.01708	0.00953	0.01246	0.00787	0.00457	0.00505	0.00155	0.00632	0.00460	0.00259	0.00776
31	0.01070	0.00899	0.00978	0.00897	0.01118	0.02707	0.00693	0.01998	0.45028	0.02075	0.30916	0.02732	0.02824	0.00847	0.00558	0.00170	0.00358	0.02931	0.00531	0.00673
32	0.80263	0.01030	0.02462	0.00747	0.02618	0.01145	0.00609	0.01534	0.00897	0.03937	0.00752	0.00868	0.00578	0.00480	0.00329	0.00159	0.00410	0.00289	0.00321	0.00572
33	0.00891	0.00446	0.00668	0.00668	0.00668	0.00446	0.00446	0.00668	0.00668	0.00891	0.00891	0.01560	0.00891	0.01783	0.02005	0.85071	0.00446	0.00446	0.00223	0.00223
34	0.01064	0.00912	0.01064	0.00760	0.01216	0.00684	0.00608	0.01292	0.01064	0.01672	0.00912	0.01064	0.00760	0.00380	0.00380	0.00076	0.00380	0.00304	0.00304	0.85104
35	0.01413	0.08866	0.47777	0.01228	0.01834	0.01114	0.01435	0.01846	0.01202	0.23782	0.03823	0.01343	0.00969	0.00544	0.00486	0.00157	0.00631	0.00428	0.00348	0.00773
36	0.01466	0.01509	0.01852	0.02481	0.51555	0.19247	0.01358	0.07061	0.05403	0.01715	0.01004	0.01223	0.00822	0.00497	0.00499	0.00149	0.00668	0.00435	0.00289	0.00767
37	0.02177	0.00872	0.01170	0.00905	0.01283	0.00769	0.00744	0.05451	0.01506	0.70581	0.07378	0.01872	0.01505	0.00663	0.00522	0.00159	0.00428	0.00543	0.00625	0.00846

[dist]
# distance from previous block
# <min> <max>
0	2

[block]
# block no. 2 follows, 48 sequences, length 91
# corresponding to MSA columns:
# 244-334
name=unknown_C
#
# <colnr> <probs for GDERKNQSTAVLIFYWHMCP>
#	G	D	E	R	K	N	Q	S	T	A	V	L	I	F	Y	W	H	M	C	P
0	0.12975	0.11971	0.05600	0.05674	0.03896	0.02643	0.00945	0.20766	0.26343	0.02211	0.01321	0.01342	0.00999	0.00581	0.00463	0.00156	0.00512	0.00444	0.00407	0.00752
1	0.01086	0.15931	0.66533	0.01365	0.02070	0.01331	0.01726	0.01610	0.01077	0.01555	0.00886	0.01040	0.00651	0.00479	0.00461	0.00154	0.00723	0.00362	0.00217	0.00742
2	0.04264	0.06654	0.46262	0.01345	0.01947	0.01140	0.10071	0.01721	0.01171	0.14159	0.05549	0.01359	0.01003	0.00534	0.00497	0.00160	0.00664	0.00449	0.00313	0.00741
3	0.01143	0.02416	0.67265	0.01473	0.02185	0.01165	0.07612	0.01695	0.01123	0.07718	0.01017	0.01159	0.00709	0.00495	0.00499	0.00163	0.00741	0.00407	0.00253	0.00762
4	0.00969	0.00912	0.01539	0.80734	0.03534	0.01140	0.01425	0.01311	0.01026	0.01311	0.00912	0.01368	0.00684	0.00513	0.00513	0.00171	0.00684	0.00456	0.00228	0.00570
5	0.01253	0.01201	0.02042	0.03081	0.76736	0.01199	0.01544	0.01553	0.01168	0.01669	0.01075	0.01365	0.02835	0.00479	0.00511	0.00153	0.00600	0.00473	0.00260	0.00803
6	0.03847	0.19733	0.35609	0.02661	0.03093	0.01294	0.09339	0.01659	0.01138	0.10850	0.02630	0.01326	0.03589	0.00528	0.00470	0.00152	0.00642	0.00431	0.00292	0.00718
7	0.00746	0.00497	0.00560	0.00560	0.00560	0.00497	0.00311	0.00746	0.00746	0.00995	0.01617	0.03358	0.01865	0.81967	0.02612	0.00497	0.00497	0.00746	0.00311	0.00311
8	0.00629	0.00521	0.00552	0.00544	0.00707	0.00443	0.00408	0.00781	0.01224	0.01515	0.19240	0.04726	0.64436	0.01251	0.00606	0.00171	0.00256	0.01053	0.00493	0.00443
9	0.02291	0.00890	0.01201	0.00921	0.01318	0.00780	0.00761	0.04782	0.01497	0.76800	0.02000	0.01731	0.01258	0.00634	0.00516	0.00159	0.00441	0.00514	0.00631	0.00873
10	0.31248	0.01263	0.01286	0.01017	0.01397	0.01405	0.02480	0.46659	0.01818	0.05195	0.01071	0.01111	0.00772	0.00564	0.00447	0.00156	0.00509	0.00402	0.00443	0.00758
11	0.00625	0.00447	0.00595	0.00714	0.00744	0.00417	0.00476	0.00714	0.00982	0.01310	0.02828	0.81633	0.03394	0.01608	0.00655	0.00208	0.00298	0.01459	0.00476	0.00417
12	0.01123	0.01123	0.01572	0.01347	0.01347	0.01572	0.01123	0.01235	0.00786	0.01235	0.00674	0.01123	0.00674	0.00898	0.01684	0.00225	0.81028	0.00449	0.00225	0.00561
13	0.01270	0.01219	0.02083	0.03149	0.78767	0.01219	0.01575	0.01575	0.01168	0.01676	0.00965	0.01270	0.00813	0.00457	0.00508	0.00152	0.00610	0.00457	0.00254	0.00813
14	0.01005	0.00983	0.01762	0.68949	0.03406	0.01164	0.12746	0.01361	0.01054	0.01361	0.00931	0.01370	0.00698	0.00501	0.00527	0.00171	0.00711	0.00478	0.00233	0.00588
15	0.01270	0.01219	0.02083	0.03149	0.78767	0.01219	0.01575	0.01575	0.01168	0.01676	0.00965	0.01270	0.00813	0.00457	0.00508	0.00152	0.00610	0.00457	0.00254	0.00813
16	0.01276	0.01102	0.01160	0.01044	0.01334	0.01276	0.00812	0.02727	0.77840	0.02146	0.02088	0.01914	0.01566	0.00696	0.00522	0.00174	0.00406	0.00580	0.00522	0.00812
17	0.01108	0.13283	0.65634	0.01408	0.03738	0.01295	0.01727	0.01631	0.01088	0.03263	0.00918	0.01067	0.00668	0.00484	0.00467	0.00155	0.00720	0.00370	0.00227	0.00749
18	0.00625	0.00447	0.00595	0.00714	0.00744	0.00417	0.00476	0.00714	0.00982	0.01310	0.02828	0.81633	0.03394	0.01608	0.00655	0.00208	0.00298	0.01459	0.00476	0.00417
19	0.00746	0.00497	0.00560	0.00560	0.00560	0.00497	0.00311	0.00746	0.00746	0.00995	0.01617	0.03358	0.01865	0.81967	0.02612	0.00497	0.00497	0.00746	0.00311	0.00311
20	0.00827	0.00591	0.00827	0.00945	0.01063	0.00591	0.00827	0.01063	0.01181	0.01536	0.02717	0.05788	0.02953	0.01417	0.00709	0.00236	0.00472	0.75313	0.00472	0.00472
21	0.01697	0.05257	0.07311	0.00893	0.01245	0.00818	0.00786	0.03491	0.03768	0.44609	0.22067	0.02191	0.02134	0.00724	0.00528	0.00158	0.00418	0.00602	0.00556	0.00748
22	0.00625	0.00447	0.00595	0.00714	0.00744	0.00417	0.00476	0.00714	0.00982	0.01310	0.02828	0.81633	0.03394	0.01608	0.00655	0.00208	0.00298	0.01459	0.00476	0.00417
23	0.00622	0.00520	0.00542	0.00536	0.00703	0.00440	0.00402	0.00767	0.01207	0.01475	0.14873	0.04792	0.68828	0.01266	0.00606	0.00172	0.00258	0.01062	0.00488	0.00440
24	0.01049	0.07227	0.74908	0.01429	0.02169	0.01240	0.01837	0.01620	0.01081	0.01601	0.00909	0.01068	0.00650	0.00485	0.00478	0.00159	0.00746	0.00373	0.00217	0.00753
25	0.01293	0.01272	0.02063	0.02907	0.67168	0.04409	0.05837	0.01659	0.05249	0.01682	0.01022	0.01297	0.00845	0.00471	0.00512	0.00154	0.00626	0.00467	0.00269	0.00797
26	0.10572	0.01186	0.01937	0.05990	0.65314	0.01210	0.03256	0.01558	0.01131	0.01730	0.00937	0.01228	0.00778	0.00461	0.00489	0.00154	0.00595	0.00441	0.00260	0.00772
27	0.00732	0.00553	0.00779	0.00818	0.00896	0.00531	0.04558	0.05149	0.01077	0.01438	0.02641	0.72759	0.03110	0.01488	0.00644	0.00203	0.00343	0.01356	0.00467	0.00458
28	0.00625	0.00447	0.00595	0.00714	0.00744	0.00417	0.00476	0.00714	0.00982	0.01310	0.02828	0.81633	0.03394	0.01608	0.00655	0.00208	0.00298	0.01459	0.00476	0.00417
29	0.01064	0.00912	0.01064	0.00760	0.01216	0.00684	0.00608	0.01292	0.01064	0.01672	0.00912	0.01064	0.00760	0.00380	0.00380	0.00076	0.00380	0.00304	0.00304	0.85104
30	0.00625	0.00447	0.00595	0.00714	0.00744	0.00417	0.00476	0.00714	0.00982	0.01310	0.02828	0.81633	0.03394	0.01608	0.00655	0.00208	0.00298	0.01459	0.00476	0.00417
31	0.00969	0.00912	0.01539	0.80734	0.03534	0.01140	0.01425	0.01311	0.01026	0.01311	0.00912	0.01368	0.00684	0.00513	0.00513	0.00171	0.00684	0.00456	0.00228	0.00570
32	0.01096	0.00931	0.01081	0.00775	0.01229	0.00716	0.00621	0.03985	0.01112	0.01727	0.00923	0.01070	0.00764	0.00388	0.00385	0.00079	0.00387	0.00310	0.00311	0.82110
33	0.85592	0.00992	0.00754	0.00675	0.00992	0.01151	0.00556	0.01508	0.00873	0.02302	0.00714	0.00834	0.00556	0.00476	0.00318	0.00159	0.00397	0.00278	0.00318	0.00556
34	0.00726	0.00524	0.00686	0.00646	0.00767	0.00484	0.00484	0.00968	0.01452	0.02058	0.78496	0.03833	0.04841	0.01049	0.00605	0.00161	0.00242	0.00928	0.00565	0.00484
35	0.03608	0.01169	0.11331	0.01143	0.01601	0.00889	0.10978	0.02257	0.01374	0.57550	0.01728	0.01597	0.01113	0.00586	0.00520	0.00161	0.00533	0.00506	0.00526	0.00829
36	0.01269	0.01166	0.01885	0.22522	0.51244	0.01240	0.01471	0.09847	0.01270	0.01756	0.00981	0.01290	0.00787	0.00489	0.00510	0.00157	0.00623	0.00457	0.00276	0.00758
37	0.00624	0.00450	0.00592	0.00706	0.00742	0.00417	0.00473	0.00715	0.00990	0.01313	0.02927	0.78439	0.06523	0.01595	0.00653	0.00207	0.00296	0.01443	0.00476	0.00417
38	0.00628	0.00521	0.00550	0.00543	0.00707	0.00443	0.00407	0.00779	0.01221	0.01509	0.18626	0.04736	0.65053	0.01254	0.00606	0.00171	0.00257	0.01055	0.00493	0.00443
39	0.01372	0.82276	0.02689	0.00878	0.01317	0.02030	0.00878	0.01536	0.01043	0.01207	0.00713	0.00823	0.00658	0.00439	0.00329	0.00110	0.00549	0.00274	0.00219	0.00658
40	0.01174	0.03776	0.20296	0.01971	0.02542	0.01293	0.57937	0.01637	0.01178	0.01628	0.01003	0.01301	0.00746	0.00445	0.00572	0.00169	0.00833	0.00546	0.00249	0.00706
41	0.02302	0.00873	0.01191	0.00913	0.01310	0.00754	0.00754	0.02501	0.01469	0.79122	0.02024	0.01746	0.01270	0.00635	0.00516	0.00159	0.00437	0.00516	0.00635	0.00873
42	0.00634	0.00450	0.00593	0.00703	0.00730	0.00423	0.00464	0.00717	0.00965	0.01286	0.02737	0.75760	0.03279	0.07637	0.00802	0.00230	0.00313	0.01405	0.00464	0.00409
43	0.29181	0.10107	0.06078	0.00931	0.01318	0.01210	0.02274	0.08811	0.11736	0.21678	0.01301	0.01274	0.00926	0.00555	0.00431	0.00156	0.00472	0.00409	0.00426	0.00727
44	0.01415	0.01531	0.06037	0.02376	0.44625	0.15819	0.07338	0.08490	0.01343	0.01748	0.03717	0.01293	0.00922	0.00506	0.00510	0.00151	0.00679	0.00458	0.00289	0.00754
45	0.78615	0.02642	0.03871	0.00715	0.01054	0.01160	0.00619	0.01538	0.00899	0.04126	0.00754	0.00865	0.00579	0.00480	0.00329	0.00158	0.00415	0.00288	0.00319	0.00573
46	0.00720	0.00524	0.00678	0.00639	0.00763	0.00482	0.00479	0.00957	0.01438	0.02024	0.74814	0.03888	0.08545	0.01062	0.00605	0.00162	0.00243	0.00936	0.00560	0.00482
47	0.01356	0.01352	0.02104	0.02776	0.59515	0.07768	0.09834	0.05957	0.01268	0.01727	0.00974	0.01252	0.00800	0.00469	0.00515	0.00153	0.00661	0.00463	0.00270	0.00785
48	0.00726	0.00524	0.00686	0.00646	0.00767	0.00484	0.00484	0.00968	0.01452	0.02058	0.78496	0.03833	0.04841	0.01049	0.00605	0.00161	0.00242	0.00928	0.00565	0.00484
49	0.02302	0.00873	0.01191	0.00913	0.01310	0.00754	0.00754	0.02501	0.01469	0.79122	0.02024	0.01746	0.01270	0.00635	0.00516	0.00159	0.00437	0.00516	0.00635	0.00873
50	0.00726	0.00524	0.00686	0.00646	0.00767	0.00484	0.00484	0.00968	0.01452	0.02058	0.78496	0.03833	0.04841	0.01049	0.00605	0.00161	0.00242	0.00928	0.00565	0.00484
51	0.00956	0.00478	0.00478	0.00478	0.00598	0.00478	0.00359	0.01196	0.01076	0.01913	0.01674	0.01913	0.01315	0.00598	0.00359	0.00120	0.00239	0.00478	0.84816	0.00478
52	0.01951	0.01437	0.01540	0.01181	0.01591	0.01591	0.00975	0.77056	0.02412	0.03234	0.01232	0.01232	0.00873	0.00616	0.00513	0.00154	0.00565	0.00462	0.00513	0.00873
53	0.01276	0.01102	0.01160	0.01044	0.01334	0.01276	0.00812	0.02727	0.77840	0.02146	0.02088	0.01914	0.01566	0.00696	0.00522	0.00174	0.00406	0.00580	0.00522	0.00812
54	0.01951	0.01437	0.01540	0.01181	0.01591	0.01591	0.00975	0.77056	0.02412	0.03234	0.01232	0.01232	0.00873	0.00616	0.00513	0.00154	0.00565	0.00462	0.00513	0.00873
55	0.01876	0.02380	0.01428	0.01299	0.01558	0.77180	0.00974	0.02012	0.01454	0.01283	0.03461	0.01025	0.00804	0.00547	0.00468	0.00133	0.00902	0.00351	0.00275	0.00591
56	0.01029	0.02654	0.79309	0.01462	0.02221	0.01192	0.01896	0.01625	0.01083	0.01625	0.00921	0.01083	0.00650	0.00487	0.00487	0.00162	0.00758	0.00379	0.00217	0.00758
57	0.01254	0.01203	0.02054	0.07264	0.74777	0.01215	0.01567	0.01561	0.01161	0.01657	0.00962	0.01275	0.00806	0.00460	0.00508	0.00153	0.00614	0.00457	0.00253	0.00800
58	0.02302	0.00873	0.01191	0.00913	0.01310	0.00754	0.00754	0.02501	0.01469	0.79122	0.02024	0.01746	0.01270	0.00635	0.00516	0.00159	0.00437	0.00516	0.00635	0.00873
59	0.00726	0.00524	0.00686	0.00646	0.00767	0.00484	0.00484	0.00968	0.01452	0.02058	0.78496	0.03833	0.04841	0.01049	0.00605	0.00161	0.00242	0.00928	0.00565	0.00484
60	0.01951	0.01410	0.01520	0.01168	0.01576	0.01554	0.00964	0.72921	0.03784	0.06012	0.01277	0.01264	0.00900	0.00618	0.00514	0.00155	0.00557	0.00466	0.00518	0.00871
61	0.02267	0.00881	0.01190	0.00917	0.01311	0.00772	0.00756	0.02508	0.04091	0.76479	0.02026	0.01752	0.01280	0.00637	0.00516	0.00159	0.00436	0.00518	0.00631	0.00871
62	0.00613	0.00520	0.00529	0.00527	0.00697	0.00436	0.00395	0.00750	0.01186	0.01425	0.09463	0.04874	0.74269	0.01285	0.00606	0.00173	0.00259	0.01074	0.00482	0.00436
63	0.00726	0.00524	0.00686	0.00646	0.00767	0.00484	0.00484	0.00968	0.01452	0.02058	0.78496	0.03833	0.04841	0.01049	0.00605	0.00161	0.00242	0.00928	0.00565	0.00484
64	0.01830	0.01373	0.01533	0.09967	0.01801	0.01536	0.01022	0.67305	0.03663	0.03001	0.01213	0.01260	0.00865	0.00606	0.00513	0.00156	0.00575	0.00464	0.00482	0.00838
65	0.00852	0.00492	0.00538	0.00534	0.00611	0.00490	0.00363	0.01007	0.00996	0.01591	0.10133	0.02631	0.01896	0.29107	0.03111	0.00273	0.00357	0.00623	0.43975	0.00420
66	0.00647	0.00462	0.00621	0.00740	0.00779	0.00436	0.00515	0.00753	0.01004	0.01335	0.02816	0.73254	0.03345	0.01587	0.00661	0.00211	0.00317	0.09618	0.00476	0.00423
67	0.00625	0.00447	0.00595	0.00714	0.00744	0.00417	0.00476	0.00714	0.00982	0.01310	0.02828	0.81633	0.03394	0.01608	0.00655	0.00208	0.00298	0.01459	0.00476	0.00417
68	0.85592	0.00992	0.00754	0.00675	0.00992	0.01151	0.00556	0.01508	0.00873	0.02302	0.00714	0.00834	0.00556	0.00476	0.00318	0.00159	0.00397	0.00278	0.00318	0.00556
69	0.01116	0.05349	0.05664	0.00824	0.01295	0.00823	0.00712	0.04526	0.01121	0.01711	0.00915	0.01059	0.00753	0.00399	0.00389	0.00086	0.00418	0.00313	0.00303	0.72222
70	0.01145	0.17513	0.51380	0.01487	0.07736	0.04141	0.04862	0.01607	0.01108	0.01546	0.02455	0.01111	0.00755	0.00486	0.00466	0.00151	0.00708	0.00384	0.00231	0.00729
71	0.00992	0.00936	0.01581	0.74709	0.09376	0.01146	0.01437	0.01331	0.01037	0.01339	0.00916	0.01360	0.00694	0.00509	0.00513	0.00170	0.00678	0.00456	0.00230	0.00589
72	0.02302	0.00873	0.01191	0.00913	0.01310	0.00754	0.00754	0.02501	0.01469	0.79122	0.02024	0.01746	0.01270	0.00635	0.00516	0.00159	0.00437	0.00516	0.00635	0.00873
73	0.01226	0.05966	0.60599	0.01475	0.07071	0.01175	0.01680	0.01731	0.01137	0.11684	0.01058	0.01170	0.00742	0.00502	0.00485	0.00159	0.00697	0.00397	0.00274	0.00772
74	0.01320	0.01260	0.03494	0.04701	0.61578	0.03970	0.06814	0.01627	0.01198	0.05765	0.02698	0.01345	0.00910	0.00482	0.00516	0.00154	0.00626	0.00475	0.00280	0.00786
75	0.00623	0.00525	0.00543	0.00553	0.00722	0.00445	0.00423	0.00762	0.01170	0.01398	0.05007	0.05003	0.72742	0.01309	0.00614	0.00178	0.00276	0.06794	0.00476	0.00436
76	0.01245	0.04261	0.02077	0.06736	0.32765	0.01269	0.20358	0.03436	0.17337	0.01755	0.01251	0.03048	0.01003	0.00531	0.00532	0.00163	0.00626	0.00534	0.00319	0.00756
77	0.00611	0.00520	0.00525	0.00524	0.00696	0.00435	0.00393	0.00744	0.01179	0.01409	0.07715	0.04900	0.76027	0.01291	0.00606	0.00173	0.00259	0.01078	0.00480	0.00435
78	0.00745	0.00501	0.00577	0.00577	0.00583	0.00507	0.00333	0.00757	0.00751	0.01008	0.01601	0.03270	0.01827	0.76839	0.07688	0.00519	0.00555	0.00733	0.00309	0.00321
79	0.02302	0.00873	0.01191	0.00913	0.01310	0.00754	0.00754	0.02501	0.01469	0.79122	0.02024	0.01746	0.01270	0.00635	0.00516	0.00159	0.00437	0.00516	0.00635	0.00873
80	0.85592	0.00992	0.00754	0.00675	0.00992	0.01151	0.00556	0.01508	0.00873	0.02302	0.00714	0.00834	0.00556	0.00476	0.00318	0.00159	0.00397	0.00278	0.00318	0.00556
81	0.01372	0.82276	0.02689	0.00878	0.01317	0.02030	0.00878	0.01536	0.01043	0.01207	0.00713	0.00823	0.00658	0.00439	0.00329	0.00110	0.00549	0.00274	0.00219	0.00658
82	0.00719	0.00524	0.00676	0.00638	0.00762	0.00481	0.00479	0.00955	0.01436	0.02019	0.74286	0.03896	0.09075	0.01063	0.00605	0.00162	0.00243	0.00937	0.00560	0.00481
83	0.00726	0.00524	0.00686	0.00646	0.00767	0.00484	0.00484	0.00968	0.01452	0.02058	0.78496	0.03833	0.04841	0.01049	0.00605	0.00161	0.00242	0.00928	0.00565	0.00484
84	0.01098	0.00901	0.01059	0.00764	0.01210	0.00681	0.00610	0.01322	0.01076	0.04324	0.00988	0.02680	0.00830	0.00413	0.00390	0.00081	0.00380	0.00334	0.00319	0.80538
85	0.01009	0.00950	0.01594	0.63660	0.15529	0.01136	0.01409	0.01331	0.01042	0.01368	0.00984	0.04200	0.00801	0.00551	0.00542	0.00170	0.02388	0.00492	0.00241	0.00604
86	0.01270	0.01219	0.02083	0.03149	0.78767	0.01219	0.01575	0.01575	0.01168	0.01676	0.00965	0.01270	0.00813	0.00457	0.00508	0.00152	0.00610	0.00457	0.00254	0.00813
87	0.01270	0.01219	0.02083	0.03149	0.78767	0.01219	0.01575	0.01575	0.01168	0.01676	0.00965	0.01270	0.00813	0.00457	0.00508	0.00152	0.00610	0.00457	0.00254	0.00813
88	0.01064	0.00912	0.01064	0.00760	0.01216	0.00684	0.00608	0.01292	0.01064	0.01672	0.00912	0.01064	0.00760	0.00380	0.00380	0.00076	0.00380	0.00304	0.00304	0.85104
89	0.01391	0.79439	0.02645	0.00894	0.01327	0.04798	0.00882	0.01555	0.01057	0.01209	0.00716	0.00827	0.00659	0.00442	0.00334	0.00111	0.00562	0.00276	0.00221	0.00656
90	0.01064	0.00912	0.01064	0.00760	0.01216	0.00684	0.00608	0.01292	0.01064	0.01672	0.00912	0.01064	0.00760	0.00380	0.00380	0.00076	0.00380	0.00304	0.00304	0.85104

[dist]
# distance from previous block
# <min> <max>
0	10

[block]
# block no. 3 follows, 48 sequences, length 77
# corresponding to MSA columns:
# 345-421
name=unknown_D
#
# <colnr> <probs for GDERKNQSTAVLIFYWHMCP>
#	G	D	E	R	K	N	Q	S	T	A	V	L	I	F	Y	W	H	M	C	P
0	0.02302	0.00873	0.01191	0.00913	0.01310	0.00754	0.00754	0.02501	0.01469	0.79122	0.02024	0.01746	0.01270	0.00635	0.00516	0.00159	0.00437	0.00516	0.00635	0.00873
1	0.00606	0.00520	0.00520	0.00520	0.00693	0.00433	0.00390	0.00736	0.01170	0.01386	0.05198	0.04938	0.78558	0.01299	0.00606	0.00173	0.00260	0.01083	0.00476	0.00433
2	0.00733	0.00550	0.00825	0.00825	0.00916	0.00641	0.00641	0.00916	0.00825	0.01191	0.01374	0.02016	0.01283	0.03848	0.79934	0.00825	0.01374	0.00550	0.00275	0.00458
3	0.00917	0.00909	0.02903	0.00955	0.01128	0.10009	0.08226	0.01211	0.08731	0.01501	0.09218	0.39335	0.10571	0.01164	0.00601	0.00184	0.00442	0.01041	0.00436	0.00520
4	0.00625	0.00447	0.00595	0.00714	0.00744	0.00417	0.00476	0.00714	0.00982	0.01310	0.02828	0.81633	0.03394	0.01608	0.00655	0.00208	0.00298	0.01459	0.00476	0.00417
5	0.02302	0.00873	0.01191	0.00913	0.01310	0.00754	0.00754	0.02501	0.01469	0.79122	0.02024	0.01746	0.01270	0.00635	0.00516	0.00159	0.00437	0.00516	0.00635	0.00873
6	0.02291	0.00892	0.01202	0.00922	0.01319	0.00781	0.00761	0.04924	0.01499	0.76655	0.01999	0.01730	0.01257	0.00634	0.00516	0.00159	0.00441	0.00514	0.00631	0.00873
7	0.01576	0.06900	0.12226	0.04756	0.03560	0.19720	0.01099	0.23435	0.17837	0.02069	0.01215	0.01266	0.00916	0.00575	0.00488	0.00152	0.00647	0.00433	0.00379	0.00751
8	0.01276	0.01102	0.01160	0.01044	0.01334	0.01276	0.00812	0.02727	0.77840	0.02146	0.02088	0.01914	0.01566	0.00696	0.00522	0.00174	0.00406	0.00580	0.00522	0.00812
9	0.00630	0.00449	0.00594	0.00708	0.00737	0.00420	0.00469	0.00716	0.00973	0.01297	0.02778	0.78375	0.03330	0.04951	0.00736	0.00220	0.00306	0.01429	0.00469	0.00412
10	0.62758	0.01234	0.08768	0.00810	0.01168	0.05525	0.00731	0.04597	0.01017	0.04728	0.00844	0.00955	0.00639	0.00496	0.00359	0.00156	0.00464	0.00315	0.03839	0.00598
11	0.00726	0.00524	0.00686	0.00646	0.00767	0.00484	0.00484	0.00968	0.01452	0.02058	0.78496	0.03833	0.04841	0.01049	0.00605	0.00161	0.00242	0.00928	0.00565	0.00484
12	0.01292	0.50780	0.23214	0.01153	0.01682	0.01726	0.07342	0.04895	0.01128	0.01444	0.00818	0.00957	0.00675	0.00459	0.00402	0.00131	0.00631	0.00338	0.00235	0.00697
13	0.01136	0.00921	0.01079	0.00775	0.01228	0.00705	0.00622	0.02856	0.01109	0.05114	0.00967	0.01097	0.00785	0.00396	0.00389	0.00081	0.00386	0.00316	0.00323	0.79714
14	0.01856	0.01539	0.09321	0.01219	0.01666	0.01518	0.02543	0.65630	0.02226	0.05509	0.01223	0.01237	0.00861	0.00600	0.00513	0.00155	0.00586	0.00458	0.00483	0.00858
15	0.01643	0.01299	0.01637	0.16552	0.15810	0.01439	0.01168	0.49209	0.01927	0.02591	0.01124	0.01264	0.00826	0.00568	0.00512	0.00157	0.00595	0.00460	0.00413	0.00805
16	0.00956	0.00478	0.00478	0.00478	0.00598	0.00478	0.00359	0.01196	0.01076	0.01913	0.01674	0.01913	0.01315	0.00598	0.00359	0.00120	0.00239	0.00478	0.84816	0.00478
17	0.00726	0.00524	0.00686	0.00646	0.00767	0.00484	0.00484	0.00968	0.01452	0.02058	0.78496	0.03833	0.04841	0.01049	0.00605	0.00161	0.00242	0.00928	0.00565	0.00484
18	0.00726	0.00524	0.00686	0.00646	0.00767	0.00484	0.00484	0.00968	0.01452	0.02058	0.78496	0.03833	0.04841	0.01049	0.00605	0.00161	0.00242	0.00928	0.00565	0.00484
19	0.00702	0.00524	0.00652	0.00620	0.00752	0.00474	0.00465	0.00922	0.01395	0.01922	0.63740	0.04055	0.19682	0.01099	0.00605	0.00164	0.00246	0.00959	0.00547	0.00474
20	0.01029	0.02654	0.79309	0.01462	0.02221	0.01192	0.01896	0.01625	0.01083	0.01625	0.00921	0.01083	0.00650	0.00487	0.00487	0.00162	0.00758	0.00379	0.00217	0.00758
21	0.01372	0.82276	0.02689	0.00878	0.01317	0.02030	0.00878	0.01536	0.01043	0.01207	0.00713	0.00823	0.00658	0.00439	0.00329	0.00110	0.00549	0.00274	0.00219	0.00658
22	0.01951	0.01437	0.01540	0.01181	0.01591	0.01591	0.00975	0.77056	0.02412	0.03234	0.01232	0.01232	0.00873	0.00616	0.00513	0.00154	0.00565	0.00462	0.00513	0.00873
23	0.19369	0.01067	0.01156	0.00950	0.01272	0.07224	0.00773	0.02151	0.07704	0.42750	0.01525	0.01444	0.01039	0.00625	0.00588	0.00165	0.08509	0.00451	0.00489	0.00749
24	0.00606	0.00520	0.00520	0.00520	0.00693	0.00433	0.00390	0.00736	0.01170	0.01386	0.05198	0.04938	0.78558	0.01299	0.00606	0.00173	0.00260	0.01083	0.00476	0.00433
25	0.85592	0.00992	0.00754	0.00675	0.00992	0.01151	0.00556	0.01508	0.00873	0.02302	0.00714	0.00834	0.00556	0.00476	0.00318	0.00159	0.00397	0.00278	0.00318	0.00556
26	0.00631	0.00451	0.00600	0.00711	0.00745	0.00421	0.00477	0.00729	0.01009	0.01352	0.07049	0.77293	0.03474	0.01576	0.00652	0.00206	0.00295	0.01429	0.00481	0.00421
27	0.02178	0.00931	0.01209	0.00942	0.01330	0.00858	0.00773	0.07089	0.09150	0.66790	0.01982	0.01732	0.01275	0.00640	0.00516	0.00160	0.00441	0.00519	0.00616	0.00867
28	0.02283	0.00905	0.01210	0.00928	0.01326	0.00801	0.00766	0.06659	0.01521	0.74889	0.01980	0.01718	0.01248	0.00634	0.00516	0.00159	0.00444	0.00513	0.00628	0.00873
29	0.02237	0.00859	0.01170	0.00902	0.01287	0.00743	0.00743	0.02437	0.01468	0.75915	0.05206	0.01833	0.01419	0.00652	0.00520	0.00159	0.00429	0.00533	0.00632	0.00857
30	0.01270	0.01219	0.02083	0.03149	0.78767	0.01219	0.01575	0.01575	0.01168	0.01676	0.00965	0.01270	0.00813	0.00457	0.00508	0.00152	0.00610	0.00457	0.00254	0.00813
31	0.05013	0.00903	0.01192	0.00917	0.01312	0.00805	0.00758	0.05884	0.01492	0.73130	0.01945	0.01693	0.01229	0.00629	0.00509	0.00159	0.00441	0.00506	0.00619	0.00863
32	0.02292	0.00890	0.01201	0.00921	0.01318	0.00779	0.00761	0.04717	0.01497	0.76866	0.02001	0.01731	0.01258	0.00635	0.00516	0.00159	0.00440	0.00514	0.00631	0.00873
33	0.85592	0.00992	0.00754	0.00675	0.00992	0.01151	0.00556	0.01508	0.00873	0.02302	0.00714	0.00834	0.00556	0.00476	0.00318	0.00159	0.00397	0.00278	0.00318	0.00556
34	0.00827	0.00591	0.00827	0.00945	0.01063	0.00591	0.00827	0.01063	0.01181	0.01536	0.02717	0.05788	0.02953	0.01417	0.00709	0.00236	0.00472	0.75313	0.00472	0.00472
35	0.01241	0.01152	0.01781	0.02499	0.55614	0.01192	0.01329	0.01821	0.19801	0.01812	0.05562	0.01569	0.01220	0.00548	0.00517	0.00158	0.00540	0.00513	0.00336	0.00794
36	0.00956	0.00478	0.00478	0.00478	0.00598	0.00478	0.00359	0.01196	0.01076	0.01913	0.01674	0.01913	0.01315	0.00598	0.00359	0.00120	0.00239	0.00478	0.84816	0.00478
37	0.00610	0.00520	0.00525	0.00524	0.00695	0.00435	0.00393	0.00743	0.01178	0.01406	0.07377	0.04905	0.76367	0.01292	0.00606	0.00173	0.00259	0.01078	0.00479	0.00435
38	0.00719	0.00524	0.00675	0.00638	0.00762	0.00481	0.00478	0.00954	0.01434	0.02015	0.73840	0.03903	0.09524	0.01065	0.00605	0.00162	0.00243	0.00938	0.00559	0.00481
39	0.01276	0.01102	0.01160	0.01044	0.01334	0.01276	0.00812	0.02727	0.77840	0.02146	0.02088	0.01914	0.01566	0.00696	0.00522	0.00174	0.00406	0.00580	0.00522	0.00812
40	0.01264	0.01213	0.02071	0.04757	0.77208	0.01218	0.01572	0.01569	0.01165	0.01669	0.00964	0.01272	0.00810	0.00458	0.00508	0.00153	0.00611	0.00457	0.00253	0.00808
41	0.01951	0.01437	0.01540	0.01181	0.01591	0.01591	0.00975	0.77056	0.02412	0.03234	0.01232	0.01232	0.00873	0.00616	0.00513	0.00154	0.00565	0.00462	0.00513	0.00873
42	0.81902	0.01012	0.00789	0.00697	0.01019	0.01170	0.00574	0.04841	0.00941	0.02343	0.00737	0.00851	0.00570	0.00482	0.00326	0.00159	0.00404	0.00286	0.00326	0.00570
43	0.00733	0.00550	0.00825	0.00825	0.00916	0.00641	0.00641	0.00916	0.00825	0.01191	0.01374	0.02016	0.01283	0.03848	0.79934	0.00825	0.01374	0.00550	0.00275	0.00458
44	0.01276	0.01102	0.01160	0.01044	0.01334	0.01276	0.00812	0.02727	0.77840	0.02146	0.02088	0.01914	0.01566	0.00696	0.00522	0.00174	0.00406	0.00580	0.00522	0.00812
45	0.04104	0.01144	0.11769	0.00994	0.01439	0.00863	0.00915	0.05933	0.01447	0.63160	0.01806	0.01610	0.01150	0.00610	0.00507	0.00159	0.00485	0.00489	0.00565	0.00850
46	0.02812	0.45335	0.29255	0.01112	0.01646	0.07540	0.01233	0.01626	0.01094	0.03032	0.00820	0.00941	0.00667	0.00467	0.00398	0.00132	0.00645	0.00320	0.00232	0.00691
47	0.01029	0.02654	0.79309	0.01462	0.02221	0.01192	0.01896	0.01625	0.01083	0.01625	0.00921	0.01083	0.00650	0.00487	0.00487	0.00162	0.00758	0.00379	0.00217	0.00758
48	0.01467	0.68272	0.02472	0.00956	0.01364	0.15692	0.00898	0.01626	0.01115	0.01216	0.00727	0.00841	0.00659	0.00455	0.00353	0.00114	0.00615	0.00284	0.00227	0.00647
49	0.00746	0.00497	0.00560	0.00560	0.00560	0.00497	0.00311	0.00746	0.00746	0.00995	0.01617	0.03358	0.01865	0.81967	0.02612	0.00497	0.00497	0.00746	0.00311	0.00311
50	0.01220	0.00973	0.08828	0.00941	0.01203	0.00822	0.02617	0.17154	0.01441	0.13297	0.13640	0.31195	0.02435	0.01031	0.00579	0.00177	0.00426	0.00902	0.00490	0.00631
51	0.01757	0.05406	0.05791	0.01259	0.02874	0.50968	0.00997	0.05685	0.10478	0.06621	0.01148	0.01206	0.02461	0.00569	0.00475	0.00142	0.00770	0.00397	0.00331	0.00664
52	0.02302	0.00873	0.01191	0.00913	0.01310	0.00754	0.00754	0.02501	0.01469	0.79122	0.02024	0.01746	0.01270	0.00635	0.00516	0.00159	0.00437	0.00516	0.00635	0.00873
53	0.01363	0.80169	0.04717	0.00893	0.01341	0.02008	0.00905	0.01539	0.01044	0.01218	0.00719	0.00830	0.00658	0.00440	0.00333	0.00111	0.00554	0.00277	0.00219	0.00661
54	0.02302	0.00873	0.01191	0.00913	0.01310	0.00754	0.00754	0.02501	0.01469	0.79122	0.02024	0.01746	0.01270	0.00635	0.00516	0.00159	0.00437	0.00516	0.00635	0.00873
55	0.00718	0.00524	0.00675	0.00637	0.00762	0.00481	0.00478	0.00953	0.01434	0.02014	0.73694	0.03905	0.09671	0.01065	0.00605	0.00162	0.00243	0.00938	0.00559	0.00481
56	0.00746	0.00497	0.00560	0.00560	0.00560	0.00497	0.00311	0.00746	0.00746	0.00995	0.01617	0.03358	0.01865	0.81967	0.02612	0.00497	0.00497	0.00746	0.00311	0.00311
57	0.01332	0.72126	0.04478	0.00881	0.01330	0.01875	0.00877	0.01514	0.01046	0.01264	0.00738	0.00854	0.00668	0.00434	0.00338	0.00108	0.00537	0.00280	0.00228	0.09091
58	0.00937	0.00480	0.00486	0.00486	0.00594	0.00480	0.00354	0.01154	0.01045	0.01828	0.01669	0.02047	0.01366	0.08160	0.00568	0.00155	0.00263	0.00503	0.76962	0.00463
59	0.00606	0.00520	0.00520	0.00520	0.00693	0.00433	0.00390	0.00736	0.01170	0.01386	0.05198	0.04938	0.78558	0.01299	0.00606	0.00173	0.00260	0.01083	0.00476	0.00433
60	0.85592	0.00992	0.00754	0.00675	0.00992	0.01151	0.00556	0.01508	0.00873	0.02302	0.00714	0.00834	0.00556	0.00476	0.00318	0.00159	0.00397	0.00278	0.00318	0.00556
61	0.01372	0.82276	0.02689	0.00878	0.01317	0.02030	0.00878	0.01536	0.01043	0.01207	0.00713	0.00823	0.00658	0.00439	0.00329	0.00110	0.00549	0.00274	0.00219	0.00658
62	0.01113	0.00924	0.01113	0.00870	0.04635	0.00710	0.00655	0.01344	0.01082	0.04190	0.00950	0.01095	0.00779	0.00392	0.00390	0.00082	0.00392	0.00318	0.00313	0.78653
63	0.01064	0.00912	0.01064	0.00760	0.01216	0.00684	0.00608	0.01292	0.01064	0.01672	0.00912	0.01064	0.00760	0.00380	0.00380	0.00076	0.00380	0.00304	0.00304	0.85104
64	0.01150	0.02471	0.67924	0.01463	0.03769	0.01242	0.01774	0.11075	0.01252	0.01828	0.00961	0.01106	0.00681	0.00503	0.00491	0.00161	0.00731	0.00391	0.00255	0.00774
65	0.02812	0.01994	0.50073	0.01412	0.03923	0.01064	0.10789	0.01522	0.01173	0.03465	0.15240	0.01641	0.01454	0.00586	0.00521	0.00163	0.00658	0.00511	0.00299	0.00699
66	0.01098	0.01108	0.01524	0.63377	0.03088	0.11008	0.02782	0.01403	0.01075	0.01327	0.00914	0.01320	0.00703	0.00532	0.00552	0.00167	0.04047	0.00444	0.02959	0.00572
