[name]
unknown

[dist]
# distance from previous block
# <min> <max>
4	22

[block]
# block no. 0 follows, 42 sequences, length 12
# corresponding to MSA columns:
# 24-35
name=unknown_A
#
# <colnr> <probs for GDERKNQSTAVLIFYWHMCP>
#	G	D	E	R	K	N	Q	S	T	A	V	L	I	F	Y	W	H	M	C	P
0	0.07413	0.01164	0.04588	0.19065	0.35118	0.01164	0.01373	0.03539	0.01273	0.04498	0.06821	0.08784	0.01438	0.00693	0.00565	0.00179	0.00606	0.00624	0.00346	0.00748
1	0.01530	0.09301	0.04404	0.23206	0.19353	0.01338	0.09577	0.04663	0.03966	0.15290	0.01285	0.01498	0.00947	0.00565	0.00552	0.00173	0.00677	0.00513	0.00363	0.00799
2	0.01129	0.01070	0.01786	0.62887	0.10189	0.01277	0.04874	0.01595	0.06634	0.01558	0.01107	0.01536	0.00839	0.00568	0.00568	0.00186	0.00730	0.00518	0.00278	0.00675
3	0.07241	0.00593	0.00601	0.00576	0.00740	0.00597	0.00440	0.01409	0.01206	0.06469	0.04907	0.02089	0.01540	0.00669	0.00411	0.00139	0.00288	0.00531	0.68998	0.00556
4	0.07352	0.07100	0.07603	0.14894	0.09512	0.06861	0.03107	0.03600	0.07845	0.03078	0.08841	0.07651	0.06092	0.00807	0.00607	0.02761	0.00590	0.00644	0.00379	0.00676
5	0.01988	0.04775	0.03963	0.05980	0.01611	0.01150	0.00936	0.21258	0.03800	0.34828	0.06153	0.01854	0.01439	0.02177	0.00593	0.00176	0.00525	0.00560	0.05376	0.00858
6	0.00911	0.00630	0.00921	0.00878	0.01019	0.00581	0.06047	0.01104	0.01304	0.07131	0.25716	0.39888	0.06118	0.01352	0.00674	0.00201	0.00361	0.01225	0.03398	0.00541
7	0.01103	0.00952	0.03635	0.09992	0.05189	0.00977	0.02821	0.08792	0.01297	0.04042	0.02701	0.10418	0.23034	0.01147	0.00914	0.06338	0.11171	0.04461	0.00416	0.00599
8	0.04016	0.25377	0.10903	0.07621	0.04939	0.08700	0.06820	0.03024	0.09818	0.01654	0.01227	0.07090	0.01080	0.00662	0.00574	0.00167	0.04762	0.00521	0.00319	0.00725
9	0.01325	0.01036	0.01552	0.31607	0.04872	0.01165	0.05841	0.05917	0.12262	0.10691	0.01670	0.06326	0.03668	0.00987	0.06368	0.00242	0.02723	0.00632	0.00400	0.00716
10	0.00774	0.00620	0.00701	0.00708	0.00864	0.00580	0.00519	0.01084	0.09131	0.01741	0.19341	0.21922	0.37203	0.01377	0.00667	0.00196	0.00307	0.01189	0.00548	0.00526
11	0.02962	0.06110	0.20322	0.07144	0.02031	0.02544	0.09001	0.12452	0.02873	0.13648	0.01361	0.05791	0.01064	0.00679	0.00657	0.00180	0.06880	0.00550	0.00391	0.03361

[dist]
# distance from previous block
# <min> <max>
3	10

[block]
# block no. 1 follows, 42 sequences, length 18
# corresponding to MSA columns:
# 47-64
name=unknown_B
#
# <colnr> <probs for GDERKNQSTAVLIFYWHMCP>
#	G	D	E	R	K	N	Q	S	T	A	V	L	I	F	Y	W	H	M	C	P
0	0.00825	0.00689	0.00920	0.00832	0.01037	0.00613	0.06766	0.01025	0.03834	0.01576	0.06630	0.21141	0.35924	0.01329	0.00755	0.05876	0.00382	0.01083	0.00471	0.08291
1	0.07142	0.01257	0.01539	0.10694	0.05737	0.04766	0.06612	0.13384	0.22086	0.06050	0.01666	0.01907	0.02730	0.00689	0.00558	0.00177	0.00584	0.04403	0.00450	0.07570
2	0.09079	0.05255	0.04120	0.01163	0.01516	0.01237	0.06000	0.12140	0.03552	0.16207	0.04579	0.06519	0.01312	0.00744	0.00737	0.00175	0.12921	0.00567	0.00442	0.11736
3	0.01780	0.09859	0.01644	0.01119	0.01575	0.04119	0.00930	0.38492	0.04840	0.05218	0.01241	0.01288	0.00934	0.00583	0.00499	0.00140	0.00562	0.00438	0.00459	0.24283
4	0.06980	0.00707	0.00779	0.00699	0.00903	0.00707	0.00538	0.06960	0.01287	0.12247	0.01731	0.05071	0.01378	0.00814	0.00608	0.07898	0.00358	0.00550	0.47114	0.02671
5	0.01302	0.01190	0.01735	0.21749	0.31258	0.04373	0.01360	0.08684	0.05686	0.01843	0.01401	0.10941	0.01266	0.00856	0.03727	0.00210	0.00679	0.00640	0.00347	0.00752
6	0.02758	0.01055	0.01597	0.35082	0.02572	0.01192	0.06595	0.04223	0.10052	0.15540	0.01640	0.04455	0.04176	0.00711	0.00662	0.00190	0.05769	0.00602	0.00404	0.00725
7	0.01602	0.01344	0.01457	0.10655	0.01850	0.04190	0.01032	0.23951	0.42475	0.02560	0.01806	0.01768	0.01341	0.00707	0.00566	0.00182	0.00554	0.00572	0.00521	0.00870
8	0.00686	0.00490	0.00653	0.00784	0.00816	0.00457	0.00522	0.00784	0.01077	0.01437	0.03102	0.79855	0.03722	0.01763	0.00718	0.00229	0.00326	0.01600	0.00522	0.00457
9	0.00875	0.00663	0.00914	0.04103	0.01118	0.00665	0.03753	0.07820	0.01220	0.01631	0.02652	0.59827	0.03061	0.04845	0.03791	0.00259	0.00453	0.01342	0.00489	0.00521
10	0.01237	0.01179	0.02004	0.38947	0.42433	0.01296	0.01650	0.01591	0.01208	0.01650	0.01031	0.01443	0.00825	0.00530	0.00560	0.00177	0.00707	0.00501	0.00265	0.00766
11	0.00729	0.00545	0.00731	0.00827	0.00863	0.00547	0.00571	0.00837	0.01090	0.01475	0.06861	0.70450	0.03604	0.01677	0.00792	0.00227	0.05699	0.01493	0.00509	0.00472
12	0.05748	0.00726	0.00888	0.00779	0.01027	0.00661	0.00608	0.01570	0.03013	0.24561	0.29485	0.06649	0.19923	0.01060	0.00618	0.00181	0.00349	0.00898	0.00601	0.00655
13	0.01604	0.07080	0.03438	0.12486	0.01977	0.12420	0.08674	0.09331	0.04494	0.13638	0.01567	0.07141	0.04076	0.00752	0.00697	0.00182	0.08705	0.00602	0.00404	0.00733
14	0.09419	0.01237	0.01425	0.04398	0.01621	0.01295	0.00937	0.36360	0.01990	0.28692	0.01680	0.05707	0.01216	0.00723	0.00553	0.00175	0.00544	0.00567	0.00575	0.00886
15	0.01143	0.05823	0.74518	0.01580	0.02399	0.01341	0.02037	0.01779	0.01186	0.01765	0.01001	0.01177	0.00713	0.00533	0.00528	0.00176	0.00823	0.00412	0.00238	0.00828
16	0.00751	0.00676	0.04873	0.05040	0.01117	0.00574	0.02653	0.00901	0.01084	0.01453	0.02779	0.66706	0.03267	0.04325	0.00773	0.00234	0.00401	0.01425	0.00480	0.00490
17	0.05183	0.01493	0.01618	0.21825	0.06232	0.14394	0.01193	0.24500	0.03651	0.10356	0.01239	0.01395	0.00906	0.00627	0.00582	0.00173	0.02948	0.00481	0.00416	0.00789

[dist]
# distance from previous block
# <min> <max>
1	19

[block]
# block no. 2 follows, 42 sequences, length 18
# corresponding to MSA columns:
# 84-101
name=unknown_C
#
# <colnr> <probs for GDERKNQSTAVLIFYWHMCP>
#	G	D	E	R	K	N	Q	S	T	A	V	L	I	F	Y	W	H	M	C	P
0	0.09776	0.04506	0.01412	0.01044	0.01476	0.03248	0.00857	0.27143	0.06627	0.14144	0.01381	0.01390	0.01006	0.00595	0.00493	0.00147	0.00519	0.00450	0.02404	0.21380
1	0.09167	0.01244	0.05056	0.06539	0.03033	0.05508	0.07774	0.09585	0.07450	0.07359	0.03454	0.11498	0.01429	0.00777	0.00641	0.00178	0.06169	0.00641	0.04294	0.08205
2	0.01204	0.01001	0.01234	0.02642	0.06611	0.00887	0.00787	0.09190	0.01322	0.01946	0.04619	0.10775	0.01419	0.02820	0.00601	0.00139	0.02803	0.00566	0.00385	0.49050
3	0.03078	0.03974	0.00867	0.06484	0.01099	0.00677	0.00625	0.04302	0.01156	0.01546	0.02872	0.53520	0.09888	0.06213	0.00799	0.00232	0.00395	0.01294	0.00477	0.00502
4	0.02139	0.01576	0.01689	0.01295	0.01745	0.01745	0.01070	0.74835	0.02646	0.03547	0.01351	0.01351	0.00957	0.00676	0.00563	0.00169	0.00619	0.00507	0.00563	0.00957
5	0.01398	0.01026	0.01157	0.00992	0.01263	0.01096	0.00779	0.26234	0.15316	0.04447	0.25797	0.10326	0.02797	0.00953	0.00606	0.00180	0.00428	0.00806	0.03658	0.00742
6	0.02102	0.02682	0.01595	0.01450	0.01740	0.77963	0.01087	0.02247	0.01595	0.01377	0.00870	0.01015	0.00725	0.00580	0.00507	0.00145	0.01015	0.00362	0.00290	0.00652
7	0.00702	0.00545	0.00614	0.00647	0.00763	0.00484	0.00451	0.00823	0.01188	0.01499	0.10256	0.25868	0.40205	0.12197	0.00978	0.00248	0.00330	0.01239	0.00506	0.00456
8	0.64722	0.04878	0.01005	0.00779	0.01161	0.01237	0.00647	0.03387	0.01042	0.02380	0.00833	0.00965	0.00660	0.00507	0.00365	0.00157	0.00445	0.00314	0.00346	0.14172
9	0.01113	0.01057	0.01497	0.01319	0.01346	0.01441	0.01085	0.01257	0.00874	0.01341	0.00952	0.01503	0.00924	0.01882	0.22961	0.00429	0.57651	0.00523	0.00262	0.00584
10	0.00697	0.00506	0.00638	0.00738	0.00788	0.00469	0.00491	0.00790	0.01077	0.01411	0.03298	0.62281	0.12934	0.09929	0.00936	0.00257	0.00344	0.01465	0.00503	0.00447
11	0.04518	0.02597	0.64889	0.01496	0.02259	0.01246	0.01867	0.01897	0.01232	0.11182	0.01152	0.01268	0.00794	0.00554	0.00531	0.00178	0.00772	0.00430	0.00299	0.00839
12	0.06093	0.01106	0.01346	0.01046	0.01465	0.01078	0.00861	0.20839	0.03441	0.50172	0.01919	0.01739	0.01256	0.00683	0.00548	0.00171	0.00502	0.00539	0.04276	0.00921
13	0.00732	0.00556	0.00675	0.00680	0.00810	0.00498	0.00497	0.00925	0.01390	0.01857	0.39166	0.20110	0.27331	0.01362	0.00675	0.00192	0.00284	0.01191	0.00569	0.00498
14	0.00943	0.00691	0.00902	0.00835	0.00941	0.00733	0.00630	0.01127	0.01314	0.05833	0.39684	0.10393	0.08783	0.10644	0.01120	0.00238	0.13193	0.00948	0.00514	0.00534
15	0.05031	0.01000	0.01444	0.12173	0.01664	0.01274	0.04132	0.01247	0.00962	0.01433	0.01356	0.12058	0.03496	0.04855	0.05907	0.02178	0.38232	0.00682	0.00306	0.00570
16	0.00706	0.00544	0.00646	0.00687	0.00807	0.00485	0.00495	0.00861	0.01274	0.01649	0.19548	0.31937	0.33602	0.01492	0.00687	0.00203	0.00302	0.03050	0.00543	0.00481
17	0.00691	0.00494	0.00658	0.00780	0.00817	0.00461	0.00523	0.00797	0.01102	0.01475	0.06531	0.76317	0.03796	0.01734	0.00716	0.00226	0.00324	0.01573	0.00527	0.00461

[dist]
# distance from previous block
# <min> <max>
5	7

[block]
# block no. 3 follows, 42 sequences, length 7
# corresponding to MSA columns:
# 110-116
name=unknown_D
#
# <colnr> <probs for GDERKNQSTAVLIFYWHMCP>
#	G	D	E	R	K	N	Q	S	T	A	V	L	I	F	Y	W	H	M	C	P
0	0.01746	0.01290	0.01500	0.16596	0.02017	0.05236	0.01079	0.23812	0.18240	0.14697	0.01636	0.03909	0.01217	0.00715	0.00617	0.00182	0.03614	0.00568	0.00498	0.00834
1	0.49349	0.01201	0.01094	0.00968	0.03554	0.04149	0.00758	0.15942	0.01397	0.09869	0.01113	0.01191	0.00820	0.00579	0.00426	0.00169	0.00493	0.00392	0.05820	0.00715
2	0.01115	0.00707	0.00874	0.00749	0.01004	0.00604	0.00581	0.01345	0.01462	0.14336	0.37239	0.03574	0.18528	0.01011	0.00607	0.00164	0.00330	0.00865	0.00565	0.14341
3	0.01769	0.01323	0.01405	0.01145	0.01512	0.01475	0.00924	0.43237	0.24409	0.02991	0.01699	0.01678	0.01252	0.00699	0.00543	0.00170	0.00518	0.00548	0.11823	0.00878
4	0.12704	0.01002	0.01483	0.50334	0.02936	0.01155	0.01264	0.01767	0.01214	0.18990	0.01251	0.01516	0.00879	0.00588	0.00534	0.00183	0.00645	0.00489	0.00366	0.00700
5	0.01058	0.00621	0.00823	0.00772	0.00934	0.00565	0.00578	0.01282	0.01491	0.14391	0.49341	0.19183	0.04344	0.01200	0.00659	0.00187	0.00313	0.01062	0.00612	0.00586
6	0.01402	0.01010	0.00950	0.00878	0.01086	0.11256	0.00677	0.12283	0.01478	0.08081	0.01947	0.14884	0.01762	0.00893	0.00526	0.00166	0.00462	0.05435	0.34196	0.00629

[dist]
# distance from previous block
# <min> <max>
0	43

[block]
# block no. 4 follows, 42 sequences, length 32
# corresponding to MSA columns:
# 160-191
name=unknown_E
#
# <colnr> <probs for GDERKNQSTAVLIFYWHMCP>
#	G	D	E	R	K	N	Q	S	T	A	V	L	I	F	Y	W	H	M	C	P
0	0.09048	0.01259	0.03776	0.01551	0.18216	0.07175	0.02189	0.07698	0.01359	0.08433	0.03358	0.06838	0.01247	0.03503	0.00623	0.00168	0.02016	0.00543	0.02245	0.18756
1	0.12972	0.03661	0.01214	0.04308	0.02385	0.01125	0.00805	0.18379	0.05205	0.06288	0.10526	0.14008	0.03683	0.03275	0.00681	0.00190	0.03916	0.00724	0.00476	0.06178
2	0.01081	0.00735	0.00887	0.00756	0.01016	0.00640	0.00587	0.04214	0.01489	0.10345	0.35367	0.03546	0.19846	0.01007	0.00603	0.00162	0.00336	0.00859	0.00551	0.15973
3	0.16517	0.01097	0.01417	0.01243	0.01324	0.01463	0.01025	0.01350	0.00887	0.01563	0.00879	0.01341	0.00830	0.01455	0.14650	0.00346	0.51267	0.00477	0.00275	0.00595
4	0.00766	0.00572	0.00711	0.00680	0.00823	0.00517	0.00509	0.01002	0.01515	0.02082	0.59726	0.06183	0.20391	0.01223	0.00665	0.00181	0.00271	0.01067	0.00597	0.00517
5	0.01492	0.76893	0.02892	0.00987	0.01446	0.02204	0.00975	0.01670	0.01130	0.01325	0.00780	0.00918	0.00723	0.00505	0.00430	0.00126	0.04235	0.00310	0.00241	0.00717
6	0.00738	0.00550	0.00652	0.00666	0.00770	0.00501	0.00464	0.00882	0.01248	0.01649	0.26084	0.20720	0.25258	0.16001	0.01083	0.00260	0.00336	0.01156	0.00519	0.00464
7	0.01193	0.00668	0.00851	0.00752	0.00970	0.00592	0.00583	0.01422	0.01536	0.20402	0.44265	0.03885	0.18462	0.01094	0.00640	0.00179	0.00322	0.00941	0.00619	0.00624
8	0.04649	0.00566	0.00569	0.00553	0.00705	0.00568	0.00420	0.01383	0.01188	0.05123	0.01806	0.02040	0.01405	0.00652	0.00398	0.00135	0.00278	0.00517	0.76499	0.00546
9	0.01667	0.01184	0.01290	0.01114	0.01453	0.03228	0.00891	0.13533	0.39999	0.16258	0.02310	0.02397	0.05132	0.00823	0.00588	0.00188	0.00490	0.06017	0.00580	0.00860
10	0.00737	0.00521	0.00658	0.00727	0.00766	0.00503	0.00476	0.00823	0.01024	0.01371	0.06460	0.45340	0.06190	0.25346	0.06090	0.00361	0.00460	0.01258	0.00460	0.00430
11	0.07137	0.10700	0.01672	0.17806	0.05434	0.25815	0.01128	0.01739	0.01258	0.04521	0.01122	0.07960	0.01016	0.00710	0.00667	0.00174	0.09661	0.00516	0.00311	0.00654
12	0.38177	0.01223	0.01435	0.17380	0.18445	0.03679	0.01112	0.08983	0.01252	0.02218	0.00948	0.01187	0.00739	0.00543	0.00465	0.00174	0.00587	0.00410	0.00333	0.00711
13	0.01558	0.03057	0.08138	0.20977	0.09876	0.23668	0.02444	0.01926	0.05639	0.08955	0.04147	0.01671	0.02871	0.00642	0.00553	0.00171	0.00749	0.01886	0.00351	0.00720
14	0.01338	0.01004	0.01188	0.00866	0.01351	0.00786	0.00695	0.01640	0.04324	0.10790	0.01199	0.01295	0.00937	0.00464	0.00441	0.00099	0.00425	0.00374	0.00386	0.70398
15	0.01357	0.00715	0.00939	0.00811	0.01046	0.00650	0.00633	0.01645	0.03866	0.25829	0.49166	0.03445	0.05569	0.01002	0.00630	0.00177	0.00339	0.00867	0.00640	0.00675
16	0.00978	0.00489	0.00733	0.00733	0.00733	0.00489	0.00489	0.00733	0.00733	0.00978	0.00978	0.01711	0.00978	0.01955	0.02199	0.83627	0.00489	0.00489	0.00244	0.00244
17	0.00839	0.00597	0.00700	0.00682	0.00804	0.00558	0.00485	0.01029	0.03487	0.03972	0.26092	0.06764	0.23241	0.23739	0.01291	0.00291	0.00375	0.04063	0.00508	0.00483
18	0.00704	0.00548	0.00635	0.00662	0.00790	0.00484	0.00475	0.00857	0.01280	0.01647	0.20399	0.26139	0.38253	0.03606	0.00740	0.00208	0.00300	0.01257	0.00539	0.00479
19	0.00844	0.00578	0.00759	0.00728	0.00859	0.00532	0.00541	0.01086	0.01526	0.04838	0.64151	0.14026	0.04961	0.01214	0.00667	0.00184	0.00281	0.01078	0.00610	0.00537
20	0.02012	0.01490	0.01593	0.01232	0.01660	0.01636	0.01014	0.68466	0.02529	0.03372	0.01725	0.01701	0.07456	0.00740	0.00572	0.00171	0.00591	0.00565	0.00559	0.00916
21	0.01732	0.53731	0.02431	0.01036	0.01470	0.08440	0.00956	0.01959	0.03647	0.15391	0.01103	0.01150	0.00879	0.00557	0.00472	0.00139	0.03433	0.00373	0.00340	0.00761
22	0.01260	0.01113	0.01713	0.62471	0.06545	0.01339	0.01485	0.13993	0.01392	0.01815	0.01063	0.01470	0.00791	0.00579	0.00562	0.00184	0.00724	0.00501	0.00305	0.00693
23	0.02025	0.02536	0.01670	0.01668	0.09906	0.69616	0.01157	0.02191	0.01561	0.01428	0.00890	0.01056	0.00743	0.00571	0.00513	0.00147	0.00977	0.00378	0.00289	0.00678
24	0.01323	0.01020	0.01200	0.00866	0.01359	0.00797	0.00697	0.04474	0.01264	0.08379	0.01119	0.01239	0.00887	0.00451	0.00435	0.00095	0.00430	0.00360	0.00374	0.73231
25	0.01477	0.01393	0.03945	0.22668	0.25663	0.09208	0.02806	0.08739	0.03807	0.06428	0.04365	0.01543	0.01077	0.00610	0.00613	0.00176	0.03843	0.00518	0.00346	0.00775
26	0.06637	0.00939	0.01159	0.12286	0.01540	0.07576	0.00911	0.01255	0.00995	0.01419	0.01249	0.01813	0.01128	0.02784	0.46785	0.00616	0.09529	0.00535	0.00290	0.00552
27	0.00733	0.00588	0.00720	0.07385	0.01051	0.00550	0.00563	0.00901	0.01257	0.01606	0.16883	0.22981	0.37118	0.04183	0.00747	0.00210	0.00341	0.01186	0.00510	0.00489
28	0.01820	0.01281	0.01511	0.03693	0.01663	0.01363	0.03574	0.41542	0.07985	0.11589	0.01696	0.08408	0.01371	0.00843	0.01925	0.00189	0.00580	0.02935	0.00537	0.05495
29	0.00978	0.00489	0.00733	0.00733	0.00733	0.00489	0.00489	0.00733	0.00733	0.00978	0.00978	0.01711	0.00978	0.01955	0.02199	0.83627	0.00489	0.00489	0.00244	0.00244
30	0.01391	0.13539	0.05730	0.06450	0.01574	0.05193	0.04473	0.08224	0.01332	0.09672	0.08707	0.04572	0.01577	0.10901	0.04282	0.00248	0.06944	0.00598	0.00390	0.04204
31	0.19937	0.20586	0.08038	0.03256	0.04404	0.01403	0.00952	0.06978	0.04891	0.04433	0.01115	0.03996	0.00931	0.00638	0.01890	0.00162	0.00555	0.00423	0.00348	0.15063

[dist]
# distance from previous block
# <min> <max>
2	16

[block]
# block no. 5 follows, 42 sequences, length 11
# corresponding to MSA columns:
# 208-218
name=unknown_F
#
# <colnr> <probs for GDERKNQSTAVLIFYWHMCP>
#	G	D	E	R	K	N	Q	S	T	A	V	L	I	F	Y	W	H	M	C	P
0	0.01788	0.03536	0.01383	0.04344	0.01538	0.03576	0.00910	0.29826	0.06564	0.19164	0.01954	0.17043	0.01696	0.00914	0.00594	0.00185	0.00533	0.03090	0.00553	0.00811
1	0.01127	0.01065	0.01803	0.64275	0.17972	0.01267	0.01595	0.01494	0.01155	0.01515	0.01012	0.01480	0.00778	0.00551	0.00562	0.00184	0.00734	0.00500	0.00256	0.00677
2	0.00806	0.00582	0.00667	0.00654	0.00818	0.00509	0.00483	0.00974	0.01341	0.05709	0.23238	0.13235	0.43434	0.04100	0.00742	0.00203	0.00304	0.01144	0.00550	0.00508
3	0.01378	0.01858	0.31981	0.01545	0.02090	0.01227	0.16468	0.06169	0.01361	0.11895	0.07200	0.05206	0.01347	0.00693	0.00690	0.00187	0.06951	0.00600	0.00371	0.00783
4	0.01349	0.01578	0.18824	0.09893	0.04898	0.02767	0.19493	0.05531	0.05177	0.09407	0.05035	0.05232	0.05268	0.00696	0.00624	0.00185	0.02267	0.00641	0.00378	0.00759
5	0.00896	0.00576	0.00743	0.00749	0.00876	0.00522	0.00543	0.01076	0.01354	0.08695	0.32361	0.34167	0.12533	0.01384	0.00677	0.00199	0.00311	0.01227	0.00577	0.00534
6	0.00729	0.00536	0.00689	0.00777	0.00849	0.00504	0.00544	0.00904	0.03306	0.01591	0.13131	0.57806	0.10009	0.01614	0.00705	0.00219	0.00327	0.04740	0.00537	0.00484
7	0.04876	0.18191	0.05085	0.01138	0.01508	0.04814	0.07450	0.04933	0.02786	0.23896	0.01453	0.01757	0.01158	0.12634	0.00945	0.00224	0.05467	0.00525	0.00421	0.00741
8	0.02445	0.01070	0.05670	0.01036	0.01494	0.00855	0.00899	0.02687	0.01586	0.72777	0.02151	0.01874	0.01354	0.00687	0.00564	0.00174	0.00499	0.00557	0.00670	0.00950
9	0.02525	0.00958	0.01306	0.01001	0.01437	0.00827	0.00827	0.02743	0.01611	0.77102	0.02220	0.01915	0.01393	0.00697	0.00566	0.00174	0.00479	0.00566	0.00697	0.00958
10	0.03954	0.01303	0.01766	0.29700	0.06613	0.08038	0.08915	0.15041	0.01473	0.01952	0.05147	0.04801	0.01166	0.00686	0.00676	0.00185	0.06956	0.00573	0.00350	0.00704

[dist]
# distance from previous block
# <min> <max>
0	1

[block]
# block no. 6 follows, 42 sequences, length 16
# corresponding to MSA columns:
# 220-235
name=unknown_G
#
# <colnr> <probs for GDERKNQSTAVLIFYWHMCP>
#	G	D	E	R	K	N	Q	S	T	A	V	L	I	F	Y	W	H	M	C	P
0	0.01968	0.01209	0.01415	0.01137	0.01492	0.01281	0.00919	0.37206	0.03760	0.24247	0.01823	0.11666	0.01466	0.02469	0.00703	0.00191	0.04939	0.00673	0.00574	0.00860
1	0.01730	0.07016	0.01420	0.01051	0.01420	0.07618	0.00851	0.21359	0.08820	0.15680	0.09382	0.04869	0.01636	0.00725	0.00537	0.00158	0.00523	0.00578	0.03483	0.11146
2	0.06266	0.01113	0.01414	0.03143	0.09309	0.07677	0.08555	0.01612	0.05505	0.07309	0.09914	0.13660	0.03380	0.00819	0.00568	0.00167	0.00535	0.01999	0.00425	0.16629
3	0.01743	0.00989	0.01189	0.00999	0.01338	0.00986	0.00803	0.07844	0.22026	0.31370	0.10984	0.02628	0.06864	0.00851	0.00592	0.00182	0.00443	0.04475	0.00613	0.03082
4	0.00960	0.00770	0.00955	0.01063	0.06524	0.00797	0.00711	0.03425	0.19768	0.01808	0.07399	0.43152	0.07756	0.01333	0.00659	0.00207	0.00382	0.01188	0.00524	0.00616
5	0.01211	0.01250	0.05032	0.39557	0.25235	0.01318	0.10026	0.01628	0.03649	0.01640	0.01068	0.01469	0.00834	0.00553	0.00612	0.00183	0.03203	0.00520	0.00273	0.00736
6	0.01167	0.01000	0.01167	0.00834	0.01334	0.00750	0.00667	0.01417	0.01167	0.01834	0.01000	0.01167	0.00834	0.00417	0.00417	0.00083	0.00417	0.00333	0.00333	0.83663
7	0.01669	0.04935	0.17218	0.01177	0.01631	0.01307	0.01118	0.25941	0.09827	0.13093	0.03364	0.01698	0.01238	0.03630	0.03132	0.00207	0.00614	0.00530	0.06838	0.00833
8	0.01897	0.01352	0.01607	0.01508	0.12999	0.01438	0.01061	0.47225	0.02135	0.10682	0.01668	0.01796	0.05296	0.05867	0.00718	0.00195	0.00589	0.00570	0.00517	0.00880
9	0.00705	0.00554	0.00637	0.00654	0.00794	0.00486	0.00476	0.00871	0.01321	0.01700	0.24183	0.21380	0.41386	0.01425	0.00676	0.00195	0.00289	0.01232	0.00549	0.00486
10	0.00700	0.00541	0.00639	0.00679	0.00798	0.00480	0.00485	0.00851	0.01269	0.01640	0.19286	0.33402	0.34219	0.01497	0.00685	0.00202	0.00297	0.01309	0.00542	0.00480
11	0.00712	0.00506	0.00647	0.00743	0.00780	0.00476	0.00488	0.00801	0.01060	0.01411	0.05753	0.60961	0.06314	0.15261	0.01084	0.00280	0.00360	0.01427	0.00495	0.00441
12	0.00917	0.00569	0.00686	0.00675	0.00738	0.00556	0.00437	0.01008	0.01041	0.05819	0.13436	0.11423	0.02614	0.46174	0.05205	0.00419	0.00496	0.00885	0.06463	0.00439
13	0.00816	0.00549	0.00628	0.00624	0.00637	0.00544	0.00361	0.00844	0.00899	0.01213	0.09555	0.03737	0.02386	0.71978	0.02635	0.00507	0.00516	0.00839	0.00370	0.00361
14	0.02006	0.01144	0.01403	0.09191	0.01722	0.01184	0.00952	0.30404	0.01900	0.30915	0.01798	0.07336	0.01329	0.00750	0.00566	0.00175	0.00538	0.00609	0.05217	0.00862
15	0.01612	0.09971	0.01700	0.25141	0.02277	0.31025	0.01174	0.08299	0.01438	0.01635	0.01009	0.01270	0.00806	0.00594	0.00559	0.00161	0.03893	0.00428	0.06340	0.00668

[dist]
# distance from previous block
# <min> <max>
0	2

[block]
# block no. 7 follows, 42 sequences, length 17
# corresponding to MSA columns:
# 238-254
name=unknown_H
#
# <colnr> <probs for GDERKNQSTAVLIFYWHMCP>
#	G	D	E	R	K	N	Q	S	T	A	V	L	I	F	Y	W	H	M	C	P
0	0.77860	0.03717	0.00919	0.00759	0.01115	0.01275	0.00631	0.01703	0.00993	0.05769	0.00847	0.00958	0.00648	0.00529	0.00358	0.00172	0.00443	0.00316	0.00360	0.00629
1	0.00727	0.00527	0.00687	0.00742	0.00822	0.00487	0.00520	0.00892	0.01288	0.01758	0.31546	0.46379	0.08517	0.01507	0.00694	0.00206	0.00301	0.01351	0.00560	0.00487
2	0.16768	0.25389	0.12191	0.02885	0.01631	0.01524	0.03908	0.04120	0.06581	0.10199	0.01131	0.01223	0.00867	0.00561	0.00497	0.00157	0.03239	0.00405	0.00353	0.06372
3	0.01574	0.23018	0.05167	0.08393	0.01752	0.03618	0.03492	0.17888	0.05551	0.08584	0.08343	0.01696	0.03304	0.00657	0.00514	0.00157	0.00583	0.00519	0.01616	0.03575
4	0.09519	0.17758	0.04545	0.01033	0.04489	0.02793	0.00826	0.06032	0.06289	0.01796	0.05898	0.05301	0.02684	0.13476	0.00958	0.00225	0.06265	0.00580	0.06698	0.02836
5	0.00888	0.00675	0.00760	0.00717	0.00892	0.02580	0.00537	0.01152	0.04739	0.04967	0.38653	0.07556	0.27670	0.03333	0.00709	0.00191	0.00321	0.01028	0.00564	0.02069
6	0.01337	0.04917	0.04547	0.09697	0.01534	0.00971	0.00893	0.07392	0.02527	0.15629	0.04302	0.15685	0.01739	0.02932	0.13443	0.00308	0.03959	0.00730	0.03180	0.04278
7	0.02732	0.12149	0.28427	0.07534	0.04551	0.04146	0.17693	0.04657	0.01264	0.01748	0.01124	0.05121	0.00924	0.00600	0.00591	0.00176	0.03421	0.00527	0.01864	0.00751
8	0.16832	0.02914	0.01890	0.06719	0.37008	0.12499	0.04537	0.05361	0.01311	0.01933	0.00980	0.01245	0.00801	0.00543	0.00554	0.00169	0.03177	0.00448	0.00304	0.00775
9	0.00708	0.00508	0.00657	0.00764	0.00809	0.00476	0.00516	0.00809	0.01084	0.01436	0.04608	0.63941	0.07737	0.09074	0.00918	0.00256	0.00351	0.04390	0.00507	0.00451
10	0.01225	0.00952	0.01499	0.16928	0.20978	0.00990	0.03552	0.01502	0.01287	0.10081	0.10209	0.08617	0.07481	0.00872	0.00662	0.00189	0.03975	0.05661	0.02648	0.00689
11	0.05396	0.35154	0.12823	0.01111	0.01554	0.11195	0.01077	0.05347	0.01317	0.06797	0.04826	0.01443	0.04344	0.00688	0.01954	0.00165	0.03314	0.00439	0.00330	0.00724
12	0.05637	0.06405	0.59153	0.03560	0.02265	0.06607	0.01829	0.01775	0.01186	0.01744	0.00965	0.01158	0.00711	0.00555	0.00573	0.00176	0.04260	0.00406	0.00248	0.00787
13	0.00939	0.00647	0.00737	0.00708	0.00760	0.00665	0.00444	0.08230	0.01026	0.01374	0.01825	0.09420	0.02042	0.62745	0.05729	0.00498	0.00577	0.00840	0.00376	0.00419
14	0.53161	0.06657	0.03251	0.01145	0.05907	0.01395	0.06339	0.07608	0.01171	0.04107	0.00910	0.01067	0.00707	0.00552	0.00478	0.00174	0.03959	0.00377	0.00350	0.00687
15	0.02279	0.01028	0.04993	0.00997	0.01425	0.00828	0.00848	0.02505	0.01516	0.64850	0.02076	0.01967	0.01379	0.06114	0.00715	0.00196	0.00498	0.00565	0.00633	0.04588
16	0.01194	0.00867	0.01081	0.06293	0.03299	0.00916	0.00771	0.10360	0.13298	0.06996	0.25916	0.06229	0.05018	0.07523	0.07463	0.00273	0.00527	0.00796	0.00519	0.00661

[dist]
# distance from previous block
# <min> <max>
10	63

[block]
# block no. 8 follows, 42 sequences, length 18
# corresponding to MSA columns:
# 328-345
name=unknown_I
#
# <colnr> <probs for GDERKNQSTAVLIFYWHMCP>
#	G	D	E	R	K	N	Q	S	T	A	V	L	I	F	Y	W	H	M	C	P
0	0.01068	0.00810	0.00987	0.00926	0.01094	0.03878	0.00718	0.08662	0.01216	0.03573	0.06026	0.04280	0.01801	0.10590	0.38866	0.00572	0.01007	0.06838	0.01895	0.05193
1	0.01241	0.01378	0.09106	0.21859	0.24298	0.01266	0.18054	0.04056	0.01272	0.01755	0.01196	0.06440	0.01012	0.00597	0.00586	0.00179	0.00734	0.00594	0.00296	0.04086
2	0.09691	0.12424	0.19883	0.11182	0.09611	0.08674	0.01340	0.08031	0.01355	0.06274	0.03543	0.01349	0.00958	0.00671	0.02583	0.00185	0.00713	0.00445	0.00329	0.00757
3	0.02073	0.01008	0.01259	0.00994	0.01350	0.00964	0.00792	0.17997	0.01657	0.43520	0.01829	0.01937	0.01311	0.09309	0.00951	0.07614	0.00515	0.00565	0.00576	0.03778
4	0.01062	0.00803	0.01125	0.21089	0.03654	0.00869	0.03635	0.04544	0.05472	0.01955	0.14833	0.04980	0.05304	0.00809	0.00550	0.00171	0.00462	0.02813	0.25267	0.00604
5	0.01294	0.00842	0.01006	0.00883	0.01120	0.00843	0.00691	0.11765	0.10020	0.12899	0.32515	0.03435	0.09145	0.05866	0.00767	0.00205	0.00399	0.05043	0.00586	0.00675
6	0.00763	0.00540	0.00682	0.00721	0.00770	0.00535	0.00479	0.00860	0.01023	0.01384	0.10447	0.28839	0.06364	0.30769	0.12868	0.00437	0.00572	0.01085	0.00434	0.00430
7	0.01129	0.02353	0.54470	0.06183	0.05390	0.01236	0.09618	0.01662	0.01182	0.01711	0.01221	0.01458	0.03954	0.00645	0.00649	0.04836	0.00791	0.00487	0.00257	0.00766
8	0.00698	0.00566	0.00613	0.00624	0.00784	0.00490	0.00463	0.00848	0.01279	0.01580	0.12738	0.11559	0.56463	0.04788	0.00768	0.00210	0.00307	0.04220	0.00525	0.00476
9	0.01462	0.16924	0.03869	0.08775	0.42998	0.06871	0.01457	0.01755	0.01276	0.04872	0.01107	0.01484	0.00941	0.00557	0.00524	0.00162	0.00676	0.03187	0.00296	0.00807
10	0.00766	0.00577	0.00710	0.00693	0.00834	0.00516	0.00508	0.00971	0.01408	0.01922	0.44614	0.16463	0.20216	0.03078	0.00713	0.00193	0.00292	0.01116	0.00565	0.03844
11	0.05125	0.25260	0.05816	0.03754	0.01452	0.04593	0.00903	0.04635	0.05524	0.17218	0.09288	0.04888	0.07817	0.00754	0.00514	0.00162	0.00526	0.00592	0.00444	0.00734
12	0.09427	0.16251	0.06952	0.04607	0.03519	0.02686	0.04096	0.09330	0.01294	0.01876	0.04427	0.07350	0.05374	0.00761	0.00684	0.00172	0.11206	0.00573	0.03889	0.05528
13	0.11595	0.09625	0.03991	0.02554	0.01297	0.05434	0.03077	0.03102	0.04727	0.06210	0.08030	0.06522	0.02885	0.09170	0.02808	0.00218	0.02063	0.00598	0.05273	0.10821
14	0.07520	0.04090	0.11439	0.04283	0.07928	0.02860	0.02535	0.20287	0.03812	0.13667	0.04029	0.01616	0.01174	0.03472	0.00630	0.00181	0.01782	0.00511	0.05153	0.03031
15	0.12320	0.12849	0.04104	0.03458	0.12029	0.08356	0.05113	0.09123	0.06361	0.03441	0.10257	0.01657	0.01439	0.00634	0.00505	0.00161	0.00584	0.00512	0.05165	0.01932
16	0.05243	0.11579	0.11625	0.03769	0.04409	0.06117	0.01032	0.17748	0.02847	0.02121	0.06665	0.01769	0.04553	0.05295	0.00644	0.00176	0.00586	0.00517	0.03023	0.10281
17	0.03829	0.09096	0.05820	0.06981	0.03520	0.02279	0.04999	0.09070	0.01449	0.04836	0.20333	0.13323	0.03772	0.00937	0.00589	0.00180	0.00501	0.03873	0.03962	0.00651

[dist]
# distance from previous block
# <min> <max>
11	61

[block]
# block no. 9 follows, 42 sequences, length 16
# corresponding to MSA columns:
# 417-432
name=unknown_J
#
# <colnr> <probs for GDERKNQSTAVLIFYWHMCP>
#	G	D	E	R	K	N	Q	S	T	A	V	L	I	F	Y	W	H	M	C	P
0	0.01409	0.06940	0.22488	0.01294	0.06045	0.02423	0.01202	0.08417	0.09271	0.11648	0.08668	0.03321	0.04138	0.02173	0.04518	0.00213	0.00635	0.00581	0.00425	0.04192
1	0.06860	0.09527	0.26358	0.01415	0.06578	0.10437	0.02699	0.04477	0.01283	0.01801	0.07348	0.06175	0.01305	0.00690	0.00621	0.00171	0.06561	0.00528	0.00322	0.04845
2	0.10336	0.06263	0.08843	0.02208	0.01255	0.05186	0.00820	0.05738	0.07425	0.01858	0.10850	0.17593	0.08329	0.06257	0.04389	0.00242	0.00539	0.00820	0.00434	0.00613
3	0.11058	0.04735	0.03886	0.03869	0.06943	0.09735	0.05465	0.19235	0.08112	0.02249	0.03017	0.08019	0.03262	0.00714	0.00535	0.00168	0.00603	0.00583	0.00417	0.07396
4	0.07640	0.09101	0.05680	0.01039	0.03220	0.03823	0.04156	0.03051	0.01186	0.11143	0.01987	0.29905	0.02064	0.09993	0.03266	0.00252	0.00543	0.00906	0.00433	0.00614
5	0.26561	0.09870	0.13336	0.01163	0.04641	0.04196	0.01036	0.15389	0.01384	0.02247	0.01116	0.04902	0.00932	0.00758	0.03403	0.00194	0.02181	0.00454	0.02913	0.03324
6	0.16894	0.32258	0.06779	0.03414	0.01526	0.04749	0.00965	0.10245	0.07205	0.04542	0.03211	0.01369	0.03544	0.00601	0.00447	0.00154	0.00573	0.00426	0.00361	0.00737
7	0.10321	0.07592	0.03490	0.01126	0.03480	0.01327	0.00916	0.25701	0.09121	0.15411	0.04047	0.04223	0.01280	0.00729	0.00581	0.03036	0.00525	0.00533	0.00498	0.06062
8	0.00918	0.00625	0.00702	0.00676	0.00714	0.00637	0.00408	0.06744	0.00977	0.01304	0.01802	0.07106	0.02038	0.70134	0.02578	0.00500	0.00541	0.00830	0.00367	0.00396
9	0.11912	0.03410	0.01047	0.03384	0.01176	0.01044	0.00701	0.17176	0.03698	0.04887	0.01546	0.01742	0.02508	0.00873	0.03996	0.03424	0.03430	0.00503	0.32887	0.00654
10	0.01889	0.07041	0.01633	0.06035	0.01714	0.06479	0.01025	0.35572	0.06496	0.13097	0.03403	0.01522	0.01134	0.00694	0.00646	0.00172	0.06892	0.00512	0.03200	0.00843
11	0.00910	0.00624	0.00766	0.00779	0.00884	0.00602	0.00545	0.06843	0.01288	0.04631	0.15290	0.40785	0.09014	0.13141	0.01005	0.00257	0.00375	0.01227	0.00522	0.00513
12	0.00833	0.00643	0.00738	0.00723	0.00891	0.00598	0.00547	0.06817	0.01440	0.01868	0.23075	0.16904	0.36290	0.01356	0.00671	0.00195	0.00326	0.05007	0.00551	0.00528
13	0.10443	0.01262	0.01498	0.06501	0.10986	0.01378	0.01066	0.37378	0.03341	0.04211	0.01563	0.08228	0.01362	0.00804	0.00572	0.00184	0.00575	0.07361	0.00480	0.00807
14	0.17527	0.04785	0.04249	0.08408	0.15109	0.01358	0.05184	0.16815	0.06281	0.08187	0.01341	0.04424	0.01073	0.00648	0.00528	0.00177	0.00593	0.02112	0.00411	0.00791
15	0.00834	0.00601	0.00811	0.00908	0.01019	0.00584	0.00742	0.01049	0.01275	0.01680	0.12241	0.20154	0.07615	0.03923	0.00809	0.00248	0.00438	0.44044	0.00526	0.00500

[dist]
# distance from previous block
# <min> <max>
1	24

[block]
# block no. 10 follows, 42 sequences, length 106
# corresponding to MSA columns:
# 457-562
name=unknown_K
#
# <colnr> <probs for GDERKNQSTAVLIFYWHMCP>
#	G	D	E	R	K	N	Q	S	T	A	V	L	I	F	Y	W	H	M	C	P
0	0.24893	0.07313	0.19531	0.03820	0.01643	0.02913	0.01132	0.06859	0.01240	0.08731	0.03261	0.04273	0.01026	0.00725	0.02093	0.00191	0.07258	0.00468	0.00360	0.02269
1	0.11521	0.11874	0.26097	0.07675	0.02015	0.04015	0.03571	0.18046	0.02813	0.02165	0.01212	0.02534	0.02905	0.00607	0.00509	0.00170	0.00680	0.00464	0.00347	0.00779
2	0.09094	0.14533	0.08379	0.14277	0.01875	0.07985	0.01078	0.09209	0.04485	0.07600	0.09940	0.01909	0.02986	0.00701	0.00525	0.00170	0.00606	0.03539	0.00398	0.00712
3	0.05697	0.27895	0.26667	0.01392	0.08384	0.09588	0.01332	0.01727	0.01201	0.01635	0.00993	0.01217	0.00818	0.02834	0.00525	0.00162	0.00692	0.00394	0.06115	0.00735
4	0.00759	0.00559	0.00714	0.00794	0.00870	0.00541	0.00561	0.00965	0.05032	0.01567	0.10388	0.51547	0.08414	0.05707	0.03371	0.00260	0.00388	0.06557	0.00518	0.00488
5	0.00733	0.00562	0.00672	0.00675	0.00814	0.00501	0.00499	0.00926	0.01391	0.01842	0.37028	0.16260	0.31717	0.01356	0.00675	0.00192	0.00288	0.02802	0.00566	0.00498
6	0.02102	0.02682	0.01595	0.01450	0.01740	0.77963	0.01087	0.02247	0.01595	0.01377	0.00870	0.01015	0.00725	0.00580	0.00507	0.00145	0.01015	0.00362	0.00290	0.00652
7	0.00775	0.00527	0.00627	0.00669	0.00680	0.00517	0.00400	0.00807	0.00903	0.01204	0.02205	0.28457	0.02591	0.54704	0.02166	0.00442	0.00474	0.01073	0.00400	0.00379
8	0.01505	0.80561	0.02949	0.00963	0.01444	0.02227	0.00963	0.01685	0.01143	0.01324	0.00782	0.00903	0.00722	0.00481	0.00361	0.00120	0.00602	0.00301	0.00241	0.00722
9	0.01400	0.01209	0.01273	0.01145	0.01463	0.01400	0.00891	0.02990	0.75695	0.02354	0.02291	0.02100	0.01718	0.00764	0.00573	0.00191	0.00445	0.00636	0.00573	0.00891
10	0.01400	0.01209	0.01273	0.01145	0.01463	0.01400	0.00891	0.02990	0.75695	0.02354	0.02291	0.02100	0.01718	0.00764	0.00573	0.00191	0.00445	0.00636	0.00573	0.00891
11	0.02500	0.00963	0.01305	0.01004	0.01437	0.00840	0.00829	0.02748	0.03249	0.75448	0.02222	0.01920	0.01400	0.00698	0.00566	0.00175	0.00478	0.00567	0.00694	0.00956
12	0.00692	0.00494	0.00660	0.00791	0.00826	0.00462	0.00533	0.00794	0.01084	0.01444	0.03098	0.77780	0.03708	0.01757	0.00720	0.00229	0.00332	0.03613	0.00522	0.00459
13	0.00716	0.00572	0.00641	0.00624	0.00792	0.00497	0.00468	0.00907	0.01404	0.01807	0.33245	0.04944	0.48761	0.01318	0.00665	0.00185	0.00277	0.01122	0.00560	0.00497
14	0.09244	0.00968	0.01267	0.00980	0.01408	0.00863	0.00809	0.02653	0.01557	0.70966	0.02102	0.01833	0.01329	0.00682	0.00548	0.00174	0.00475	0.00544	0.00668	0.00929
15	0.00714	0.00538	0.00660	0.00740	0.00836	0.00491	0.00534	0.00848	0.01179	0.01513	0.06580	0.43100	0.26154	0.03838	0.00768	0.00227	0.00341	0.09949	0.00520	0.00469
16	0.00792	0.00575	0.00746	0.00703	0.00838	0.00529	0.00527	0.01053	0.01582	0.02231	0.73961	0.04246	0.07780	0.01160	0.00664	0.00177	0.00266	0.01024	0.00616	0.00529
17	0.02050	0.01490	0.01593	0.01231	0.01656	0.01645	0.01014	0.68786	0.02525	0.03428	0.01391	0.01413	0.00997	0.00674	0.00549	0.00166	0.00590	0.00508	0.07374	0.00921
18	0.72123	0.03438	0.09957	0.00849	0.01258	0.01294	0.00793	0.01670	0.00990	0.02405	0.00810	0.00946	0.00625	0.00523	0.00371	0.00173	0.00487	0.00318	0.00332	0.00639
19	0.00764	0.00585	0.00614	0.00607	0.00799	0.00492	0.00455	0.00907	0.01286	0.05458	0.05347	0.10180	0.67730	0.01410	0.00663	0.00192	0.00298	0.01183	0.00532	0.00499
20	0.02061	0.01502	0.01614	0.01255	0.01686	0.01660	0.01031	0.64820	0.08875	0.05539	0.01469	0.01450	0.01047	0.00683	0.00560	0.00170	0.00592	0.00520	0.02526	0.00941
21	0.02103	0.02651	0.01597	0.01445	0.01740	0.75803	0.01087	0.04304	0.01625	0.01439	0.00884	0.01024	0.00731	0.00583	0.00509	0.00146	0.01004	0.00367	0.00298	0.00661
22	0.84197	0.01088	0.00827	0.00740	0.01088	0.01262	0.00609	0.01654	0.00958	0.02525	0.00784	0.00914	0.00609	0.00522	0.00348	0.00174	0.00435	0.00305	0.00348	0.00609
23	0.52921	0.00958	0.00840	0.02477	0.01091	0.01073	0.00613	0.05400	0.01163	0.04494	0.07283	0.01476	0.01199	0.00613	0.00405	0.00166	0.00406	0.00428	0.16379	0.00615
24	0.01729	0.00917	0.01124	0.02440	0.01309	0.00894	0.00758	0.03620	0.18742	0.35518	0.11839	0.02665	0.11248	0.00854	0.00586	0.00179	0.00421	0.00712	0.03638	0.00807
25	0.13082	0.10180	0.42633	0.01414	0.03522	0.02760	0.03971	0.07820	0.03336	0.03572	0.01046	0.01186	0.00771	0.00545	0.00497	0.00169	0.00714	0.00413	0.00304	0.02064
26	0.01333	0.01314	0.04652	0.25317	0.37292	0.01375	0.05729	0.07638	0.01319	0.01824	0.01047	0.01411	0.00837	0.00566	0.00650	0.00180	0.05929	0.00507	0.00290	0.00790
27	0.00682	0.00505	0.00637	0.00743	0.00806	0.00461	0.00504	0.00788	0.01117	0.01453	0.03598	0.65634	0.17623	0.01699	0.00708	0.00221	0.00319	0.01521	0.00522	0.00461
28	0.00884	0.00563	0.00757	0.00827	0.00921	0.00525	0.00604	0.01038	0.01223	0.07809	0.13052	0.52566	0.03679	0.01562	0.00707	0.00221	0.00358	0.11640	0.00549	0.00517
29	0.06670	0.10444	0.01596	0.01284	0.08432	0.10984	0.00951	0.09617	0.01509	0.32372	0.01476	0.01492	0.01049	0.00735	0.00678	0.07030	0.01930	0.00475	0.00475	0.00801
30	0.03787	0.00948	0.01135	0.03764	0.03926	0.01003	0.00828	0.02203	0.30269	0.17585	0.02341	0.11634	0.03627	0.00917	0.00586	0.00191	0.00443	0.06680	0.07369	0.00766
31	0.01372	0.01173	0.03322	0.00952	0.01450	0.00976	0.00790	0.16966	0.01481	0.02195	0.01075	0.01207	0.00856	0.00475	0.00451	0.00104	0.00471	0.00372	0.00379	0.63933
32	0.01191	0.05133	0.54975	0.01522	0.03842	0.01315	0.03197	0.06539	0.01312	0.01910	0.08523	0.01503	0.01195	0.00625	0.00615	0.00179	0.04840	0.00489	0.00300	0.00795
33	0.01600	0.07786	0.12230	0.01321	0.07737	0.07695	0.01096	0.18420	0.06598	0.11227	0.06632	0.02063	0.10258	0.00745	0.00554	0.00169	0.00588	0.00594	0.01893	0.00794
34	0.01164	0.10477	0.57033	0.01556	0.02278	0.01359	0.09238	0.01725	0.01225	0.01770	0.06142	0.01398	0.01042	0.00565	0.00539	0.00173	0.00782	0.00470	0.00269	0.00793
35	0.00864	0.00658	0.00862	0.06073	0.01183	0.00677	0.00725	0.02693	0.08880	0.01633	0.02867	0.47112	0.04615	0.01504	0.00702	0.00227	0.00415	0.17266	0.00509	0.00538
36	0.01086	0.01339	0.14317	0.52757	0.04878	0.01228	0.07601	0.01507	0.01183	0.01580	0.04983	0.01673	0.01036	0.00597	0.00575	0.00186	0.00749	0.01780	0.00275	0.00669
37	0.01633	0.01445	0.08148	0.04207	0.22071	0.02976	0.18656	0.09702	0.01476	0.16195	0.01356	0.02689	0.01012	0.00596	0.00625	0.00178	0.03394	0.00559	0.02244	0.00838
38	0.01138	0.01086	0.01863	0.61060	0.18603	0.01274	0.04013	0.01509	0.01164	0.01531	0.01017	0.01479	0.00782	0.00547	0.00565	0.00183	0.00740	0.00506	0.00257	0.00684
39	0.00816	0.00555	0.00663	0.00663	0.00680	0.00572	0.00402	0.00850	0.00833	0.01128	0.01728	0.03433	0.01938	0.67330	0.15609	0.00606	0.00709	0.00782	0.00334	0.00368
40	0.01478	0.01347	0.02130	0.02990	0.61624	0.01353	0.01568	0.11535	0.01457	0.02068	0.01094	0.01372	0.00896	0.00519	0.00549	0.00162	0.00645	0.00491	0.00320	0.06401
41	0.37440	0.01162	0.01074	0.00920	0.01248	0.03893	0.00752	0.22324	0.01545	0.04420	0.03861	0.01687	0.01171	0.00679	0.00465	0.00172	0.00487	0.05248	0.10756	0.00698
42	0.01855	0.02265	0.01432	0.01332	0.01579	0.62422	0.01005	0.02001	0.01495	0.01390	0.01194	0.01867	0.01132	0.07248	0.00733	0.00191	0.00917	0.09008	0.00321	0.00611
43	0.07909	0.00788	0.00959	0.00906	0.01083	0.00880	0.00690	0.01581	0.17369	0.06667	0.03143	0.04371	0.01626	0.12559	0.36310	0.00561	0.00939	0.00645	0.00408	0.00605
44	0.01340	0.15265	0.25611	0.01722	0.17222	0.01377	0.02958	0.01715	0.01249	0.07793	0.08556	0.01550	0.01271	0.00626	0.00632	0.00169	0.07112	0.00495	0.00326	0.03010
45	0.00818	0.00546	0.00614	0.00614	0.00614	0.00546	0.00341	0.00818	0.00818	0.01091	0.01773	0.03683	0.02046	0.80222	0.02864	0.00546	0.00546	0.00818	0.00341	0.00341
46	0.00797	0.00578	0.00739	0.00716	0.00842	0.00537	0.00537	0.01030	0.01481	0.02056	0.58758	0.04429	0.10540	0.07710	0.00854	0.00215	0.00310	0.06781	0.00581	0.00510
47	0.00803	0.00670	0.00860	0.05010	0.07266	0.00634	0.00706	0.01000	0.01252	0.01570	0.05588	0.06858	0.44356	0.01518	0.05812	0.00249	0.00466	0.14380	0.00475	0.00528
48	0.19743	0.11169	0.10434	0.01044	0.01496	0.01257	0.00969	0.07123	0.07517	0.29342	0.01555	0.01589	0.01109	0.00641	0.00496	0.00171	0.00534	0.02503	0.00486	0.00820
49	0.01328	0.01518	0.03321	0.02372	0.02941	0.01423	0.74668	0.01803	0.01328	0.01803	0.01139	0.01518	0.00854	0.00474	0.00664	0.00190	0.00949	0.00664	0.00285	0.00759
50	0.01774	0.00793	0.01058	0.00868	0.01176	0.00697	0.00694	0.02006	0.01587	0.44852	0.30459	0.02964	0.06795	0.00906	0.00608	0.00176	0.00388	0.00769	0.00658	0.00771
51	0.01093	0.02845	0.02892	0.07516	0.05847	0.09146	0.08758	0.01352	0.02622	0.01570	0.02172	0.25268	0.03574	0.01170	0.00719	0.00212	0.04196	0.18044	0.00412	0.00591
52	0.01920	0.01394	0.01522	0.01198	0.01593	0.01517	0.00975	0.60652	0.02393	0.04992	0.06497	0.08009	0.01482	0.00792	0.00580	0.00173	0.00564	0.00628	0.00562	0.02558
53	0.01129	0.02911	0.77306	0.01604	0.02436	0.01307	0.02079	0.01782	0.01188	0.01782	0.01010	0.01188	0.00713	0.00535	0.00535	0.00178	0.00832	0.00416	0.00238	0.00832
54	0.00729	0.00582	0.00664	0.00733	0.00840	0.02210	0.00525	0.00862	0.01201	0.01518	0.07257	0.42683	0.30462	0.01572	0.00695	0.00212	0.00336	0.05922	0.00521	0.00475
55	0.01297	0.07140	0.25244	0.06155	0.12619	0.01430	0.32339	0.03762	0.01293	0.01798	0.01064	0.01356	0.00805	0.00507	0.00583	0.00178	0.00834	0.00531	0.00273	0.00795
56	0.01573	0.04399	0.06734	0.12128	0.15462	0.26832	0.01275	0.09038	0.01431	0.01696	0.01083	0.03143	0.00930	0.03711	0.04330	0.00216	0.04513	0.00484	0.00310	0.00712
57	0.01195	0.01017	0.01182	0.00847	0.01346	0.00779	0.00678	0.03542	0.01210	0.01883	0.01010	0.01172	0.00837	0.00424	0.00421	0.00086	0.00423	0.00338	0.00340	0.81268
58	0.03531	0.00580	0.00602	0.00603	0.00758	0.00515	0.00433	0.00853	0.01212	0.01534	0.09448	0.08810	0.54380	0.13114	0.00984	0.00244	0.00330	0.01113	0.00496	0.00462
59	0.00890	0.00759	0.01035	0.01018	0.01043	0.00913	0.00766	0.01002	0.01017	0.01436	0.06035	0.44905	0.02679	0.04733	0.01204	0.00245	0.28240	0.01145	0.00422	0.00512
60	0.02422	0.00956	0.07410	0.07360	0.03079	0.00775	0.00859	0.02990	0.01381	0.07449	0.26515	0.08208	0.05793	0.00943	0.00599	0.00172	0.00441	0.07123	0.00480	0.15046
61	0.02547	0.08210	0.55610	0.03991	0.08941	0.02773	0.06735	0.01768	0.01204	0.01750	0.01000	0.01209	0.00738	0.00525	0.00530	0.00173	0.00803	0.00431	0.00248	0.00811
62	0.00737	0.00529	0.00676	0.00759	0.00820	0.00498	0.00528	0.00857	0.01130	0.01499	0.10386	0.47265	0.09784	0.13243	0.01031	0.00270	0.00369	0.08658	0.00505	0.00455
