[name]
unknown

[dist]
# distance from previous block
# <min> <max>
0	45

[block]
# block no. 0 follows, 44 sequences, length 13
# corresponding to MSA columns:
# 60-72
name=unknown_A
#
# <colnr> <probs for GDERKNQSTAVLIFYWHMCP>
#	G	D	E	R	K	N	Q	S	T	A	V	L	I	F	Y	W	H	M	C	P
0	0.01083	0.00770	0.03969	0.00884	0.01071	0.00708	0.00720	0.08415	0.01328	0.09500	0.11077	0.23067	0.04766	0.01604	0.11455	0.00291	0.00554	0.12243	0.05913	0.00582
1	0.01252	0.15081	0.51109	0.07555	0.02259	0.02792	0.03890	0.03853	0.01207	0.04722	0.01000	0.01170	0.00732	0.00521	0.00498	0.00164	0.00751	0.00406	0.00261	0.00776
2	0.02750	0.05817	0.47453	0.03467	0.01952	0.01136	0.02886	0.01554	0.03151	0.01677	0.03290	0.08050	0.01224	0.00916	0.05943	0.00223	0.00740	0.03417	0.00294	0.04061
3	0.04064	0.00691	0.00867	0.00836	0.01025	0.00660	0.00652	0.03906	0.04081	0.16530	0.15792	0.23863	0.10334	0.01226	0.00640	0.00199	0.00379	0.13107	0.00552	0.00598
4	0.00745	0.00545	0.00723	0.00789	0.00871	0.00518	0.02407	0.00930	0.03688	0.01534	0.06550	0.56439	0.08922	0.01504	0.00665	0.00209	0.00337	0.05870	0.06276	0.00477
5	0.01234	0.01242	0.07776	0.26930	0.20121	0.01171	0.10989	0.03558	0.02688	0.04751	0.01188	0.01623	0.00947	0.00562	0.00547	0.00169	0.00670	0.03583	0.02982	0.07269
6	0.01050	0.00713	0.00928	0.00954	0.06924	0.00690	0.00653	0.01418	0.09362	0.09851	0.43233	0.05841	0.07518	0.05202	0.00722	0.00192	0.00345	0.00865	0.02935	0.00606
7	0.00712	0.00515	0.00653	0.00720	0.00789	0.00481	0.00502	0.00838	0.01135	0.01510	0.15536	0.43779	0.12216	0.11493	0.00946	0.00249	0.00342	0.06636	0.00499	0.00447
8	0.01333	0.25147	0.30428	0.05184	0.02007	0.04551	0.07217	0.09173	0.01312	0.01734	0.01084	0.01466	0.00900	0.00584	0.00498	0.00161	0.00711	0.05478	0.00288	0.00744
9	0.05952	0.01308	0.01518	0.01186	0.01564	0.04050	0.06723	0.39800	0.05065	0.15387	0.01476	0.01668	0.01117	0.09737	0.00795	0.00208	0.00592	0.00537	0.00503	0.00815
10	0.01579	0.00940	0.01044	0.00870	0.01148	0.00974	0.00693	0.28324	0.01716	0.14112	0.01876	0.07992	0.03705	0.00755	0.00499	0.00156	0.00417	0.00609	0.31871	0.00718
11	0.00882	0.00576	0.00725	0.00773	0.00875	0.00547	0.00541	0.01092	0.06332	0.08437	0.05252	0.54870	0.10172	0.05257	0.00765	0.00224	0.00342	0.01304	0.00519	0.00515
12	0.01706	0.01209	0.01325	0.01059	0.01422	0.01281	0.00856	0.43326	0.08215	0.08211	0.01829	0.04034	0.06472	0.03556	0.00621	0.00175	0.00509	0.02226	0.04615	0.07352

[dist]
# distance from previous block
# <min> <max>
14	21

[block]
# block no. 1 follows, 44 sequences, length 38
# corresponding to MSA columns:
# 99-101,103-111,118-123,127,128,137-141,147-153,166-171
name=unknown_B
#
# <colnr> <probs for GDERKNQSTAVLIFYWHMCP>
#	G	D	E	R	K	N	Q	S	T	A	V	L	I	F	Y	W	H	M	C	P
0	0.01075	0.00940	0.00902	0.00870	0.01073	0.08844	0.00649	0.01612	0.23009	0.04852	0.03319	0.22283	0.26097	0.01161	0.00611	0.00188	0.00412	0.00986	0.00504	0.00610
1	0.01458	0.81168	0.02857	0.00933	0.01399	0.02157	0.00933	0.01632	0.01108	0.01283	0.00758	0.00875	0.00700	0.00466	0.00350	0.00117	0.00583	0.00292	0.00233	0.00700
2	0.00756	0.00567	0.00654	0.00639	0.00804	0.00497	0.00485	0.00943	0.01354	0.04069	0.30858	0.07029	0.43592	0.01279	0.00647	0.00183	0.00286	0.04317	0.00545	0.00495
3	0.00722	0.00523	0.00691	0.00801	0.00864	0.00500	0.00577	0.00886	0.02954	0.01485	0.05552	0.60680	0.05819	0.01619	0.00699	0.00223	0.00348	0.14080	0.00510	0.00466
4	0.02153	0.00854	0.01140	0.00898	0.01248	0.00751	0.00717	0.02335	0.01433	0.63878	0.02074	0.02111	0.01443	0.12332	0.00866	0.00220	0.00466	0.00582	0.03671	0.00826
5	0.00667	0.00477	0.00635	0.00757	0.00791	0.00445	0.00506	0.00766	0.01057	0.01412	0.04941	0.78489	0.03646	0.01692	0.00694	0.00220	0.00315	0.01535	0.00509	0.00445
6	0.01113	0.00632	0.00645	0.00600	0.00768	0.00644	0.00461	0.10030	0.01319	0.02156	0.02006	0.02190	0.07075	0.00694	0.00420	0.00136	0.00297	0.00555	0.67705	0.00554
7	0.01524	0.01198	0.01285	0.01117	0.01450	0.01357	0.00880	0.11892	0.61886	0.07882	0.02101	0.01931	0.01550	0.00724	0.00553	0.00181	0.00455	0.00596	0.00562	0.00876
8	0.57593	0.01269	0.09905	0.12355	0.03995	0.01244	0.00937	0.04017	0.01041	0.02222	0.00841	0.01027	0.00641	0.00517	0.00401	0.00171	0.00523	0.00347	0.00316	0.00637
9	0.00806	0.00577	0.00792	0.00898	0.00998	0.00563	0.00732	0.01014	0.01230	0.01630	0.11706	0.26636	0.03506	0.01516	0.00724	0.00233	0.00421	0.45016	0.00515	0.00487
10	0.01030	0.00969	0.01635	0.79530	0.03755	0.01211	0.01514	0.01393	0.01090	0.01393	0.00969	0.01453	0.00727	0.00545	0.00545	0.00182	0.00727	0.00484	0.00242	0.00606
11	0.01469	0.00983	0.01182	0.00863	0.01331	0.00784	0.00698	0.04758	0.01288	0.19166	0.01252	0.01303	0.00936	0.00476	0.00443	0.00104	0.00426	0.00381	0.00412	0.61744
12	0.01028	0.00609	0.00799	0.00724	0.00894	0.00555	0.00553	0.01274	0.01520	0.13487	0.61570	0.05609	0.04414	0.01048	0.00622	0.00171	0.00290	0.00919	0.03341	0.00574
13	0.00732	0.00556	0.00674	0.00644	0.00790	0.00498	0.00483	0.00952	0.01450	0.01965	0.54943	0.04436	0.27490	0.01197	0.00643	0.00175	0.00263	0.01037	0.00571	0.00498
14	0.00827	0.00591	0.00819	0.00945	0.01048	0.00583	0.00788	0.01040	0.01204	0.01574	0.02915	0.24116	0.03251	0.01555	0.00739	0.00244	0.00457	0.56315	0.00503	0.00488
15	0.00744	0.00554	0.00697	0.00700	0.00829	0.00507	0.00531	0.00956	0.01392	0.01886	0.45757	0.13574	0.19672	0.01281	0.00661	0.00188	0.00294	0.08725	0.00559	0.00493
16	0.01458	0.81168	0.02857	0.00933	0.01399	0.02157	0.00933	0.01632	0.01108	0.01283	0.00758	0.00875	0.00700	0.00466	0.00350	0.00117	0.00583	0.00292	0.00233	0.00700
17	0.00779	0.00584	0.00876	0.00876	0.00974	0.00681	0.00681	0.00974	0.00876	0.01266	0.01460	0.02142	0.01363	0.04089	0.78680	0.00876	0.01460	0.00584	0.00292	0.00487
18	0.72400	0.03255	0.00830	0.00704	0.01026	0.01159	0.00579	0.01506	0.00970	0.02298	0.01323	0.01401	0.09660	0.00608	0.00374	0.00169	0.00409	0.00396	0.00354	0.00578
19	0.74916	0.01110	0.00900	0.00781	0.01130	0.01278	0.00643	0.10360	0.01121	0.02563	0.00824	0.00936	0.00630	0.00524	0.00362	0.00168	0.00443	0.00318	0.00362	0.00630
20	0.01196	0.01063	0.01623	0.02287	0.46509	0.01072	0.01219	0.01629	0.10418	0.01818	0.01904	0.04907	0.10822	0.00693	0.00542	0.00166	0.00515	0.00628	0.10234	0.00755
21	0.00918	0.00682	0.00899	0.00988	0.01132	0.00699	0.00841	0.01312	0.10149	0.01707	0.04607	0.09038	0.04575	0.01413	0.00722	0.00239	0.00475	0.58553	0.00511	0.00541
22	0.01130	0.00969	0.01130	0.00807	0.01292	0.00727	0.00646	0.01373	0.01130	0.01776	0.00969	0.01130	0.00807	0.00404	0.00404	0.00081	0.00404	0.00323	0.00323	0.84173
23	0.01147	0.02245	0.49076	0.01868	0.09026	0.01263	0.20622	0.01687	0.01189	0.01722	0.01099	0.04554	0.00862	0.00550	0.00559	0.00177	0.00800	0.00519	0.00257	0.00778
24	0.00690	0.00493	0.00662	0.00788	0.00831	0.00465	0.00550	0.00803	0.01069	0.01420	0.02991	0.71690	0.03550	0.01684	0.00703	0.00225	0.00338	0.10095	0.00506	0.00450
25	0.03944	0.01313	0.02704	0.03594	0.02489	0.01265	0.58649	0.01642	0.03495	0.01726	0.01339	0.10810	0.01169	0.00630	0.00661	0.00189	0.02642	0.00731	0.00312	0.00694
26	0.01229	0.15305	0.40272	0.01553	0.02132	0.03906	0.13832	0.01671	0.01135	0.01587	0.00922	0.01159	0.00719	0.00562	0.00686	0.00173	0.11743	0.00433	0.00241	0.00742
27	0.01330	0.04376	0.01975	0.29655	0.02590	0.16844	0.15620	0.01610	0.01166	0.01428	0.00908	0.01287	0.00738	0.00615	0.00809	0.00183	0.17492	0.00480	0.00255	0.00637
28	0.00680	0.00485	0.00643	0.00747	0.00789	0.00453	0.00503	0.00792	0.01098	0.01479	0.11751	0.69853	0.03754	0.03275	0.00733	0.00222	0.00314	0.01467	0.00514	0.00449
29	0.01153	0.00677	0.00727	0.03060	0.00906	0.00708	0.00527	0.12748	0.01354	0.02181	0.01775	0.07898	0.01473	0.00717	0.00436	0.00142	0.00327	0.00584	0.62036	0.00571
30	0.04545	0.05098	0.03021	0.01228	0.01654	0.01292	0.09730	0.27468	0.07594	0.27224	0.01643	0.04425	0.01183	0.00667	0.00548	0.00169	0.00567	0.00559	0.00528	0.00858
31	0.00698	0.00491	0.00631	0.00721	0.00753	0.00465	0.00471	0.00784	0.01027	0.01378	0.07840	0.59639	0.03382	0.17710	0.01114	0.00280	0.00355	0.01358	0.00477	0.00425
32	0.00667	0.00481	0.00632	0.00746	0.00789	0.00446	0.00502	0.00769	0.01070	0.01421	0.05464	0.74250	0.07404	0.01673	0.00692	0.00218	0.00312	0.01512	0.00509	0.00446
33	0.01216	0.04472	0.11547	0.11824	0.21637	0.03057	0.08240	0.03808	0.03651	0.02790	0.01291	0.10759	0.01187	0.02973	0.00752	0.00192	0.08966	0.00618	0.00311	0.00710
34	0.00919	0.00787	0.01073	0.02408	0.01111	0.00959	0.00794	0.03289	0.01009	0.01424	0.03847	0.32856	0.04494	0.04069	0.10360	0.00309	0.28436	0.00957	0.00380	0.00519
35	0.01405	0.00741	0.00855	0.00762	0.00991	0.02258	0.00595	0.06086	0.01378	0.23612	0.05371	0.11836	0.12046	0.00919	0.00535	0.00166	0.00368	0.02985	0.26450	0.00642
36	0.01322	0.01326	0.02439	0.18245	0.09625	0.01405	0.36335	0.10359	0.01343	0.01828	0.01050	0.01406	0.00809	0.00557	0.00727	0.00185	0.09456	0.00560	0.00296	0.00728
37	0.01276	0.01666	0.18477	0.02554	0.35489	0.01317	0.24527	0.01756	0.04252	0.01779	0.01087	0.01372	0.00848	0.00495	0.00568	0.00172	0.00756	0.00522	0.00275	0.00812

[dist]
# distance from previous block
# <min> <max>
0	4

[block]
# block no. 2 follows, 44 sequences, length 30
# corresponding to MSA columns:
# 176-188,190-206
name=unknown_C
#
# <colnr> <probs for GDERKNQSTAVLIFYWHMCP>
#	G	D	E	R	K	N	Q	S	T	A	V	L	I	F	Y	W	H	M	C	P
0	0.08737	0.09719	0.47843	0.01336	0.04494	0.01224	0.01516	0.01616	0.01198	0.03321	0.12596	0.01567	0.01381	0.00605	0.00506	0.00166	0.00653	0.00477	0.00307	0.00736
1	0.01611	0.01086	0.01211	0.01006	0.01293	0.01168	0.00795	0.40201	0.05116	0.06888	0.01648	0.12029	0.01406	0.00928	0.00711	0.09073	0.00486	0.00641	0.11974	0.00729
2	0.01690	0.01390	0.01385	0.02991	0.01542	0.12066	0.00899	0.29115	0.07824	0.07954	0.01390	0.06351	0.01120	0.00663	0.00541	0.00149	0.02148	0.00514	0.00452	0.19816
3	0.00775	0.03542	0.08904	0.00731	0.00960	0.00635	0.00638	0.01955	0.01249	0.01603	0.15717	0.10173	0.41696	0.06420	0.00765	0.00205	0.00369	0.02679	0.00472	0.00511
4	0.00752	0.00515	0.00620	0.00654	0.00677	0.00501	0.00403	0.00808	0.00948	0.01277	0.10104	0.26742	0.02805	0.48599	0.01924	0.00398	0.00436	0.01041	0.00412	0.00384
5	0.14681	0.01707	0.23776	0.03779	0.17936	0.05633	0.08468	0.05010	0.01225	0.02995	0.01159	0.07461	0.00989	0.00679	0.02060	0.00186	0.00689	0.00525	0.00307	0.00734
6	0.01402	0.08755	0.01653	0.02241	0.01539	0.07386	0.07695	0.03522	0.01180	0.09662	0.01092	0.03090	0.00913	0.00745	0.03431	0.00177	0.18578	0.00454	0.00333	0.26152
7	0.00662	0.00482	0.00625	0.00740	0.00786	0.00444	0.00498	0.00761	0.01062	0.01399	0.03237	0.73549	0.10392	0.01678	0.00691	0.00218	0.00313	0.01513	0.00506	0.00444
8	0.01141	0.01118	0.01718	0.56873	0.14067	0.05035	0.01482	0.01463	0.01108	0.01438	0.00946	0.01389	0.00744	0.00578	0.00667	0.00183	0.08680	0.00477	0.00248	0.00643
9	0.00743	0.00549	0.00693	0.00671	0.00800	0.00500	0.00498	0.00967	0.01453	0.02007	0.59611	0.10858	0.16214	0.01207	0.00648	0.00178	0.00265	0.01060	0.00577	0.00500
10	0.00841	0.00607	0.00832	0.00950	0.01069	0.00598	0.00810	0.01069	0.01232	0.01596	0.03062	0.13977	0.07759	0.01520	0.00740	0.00244	0.00468	0.61630	0.00503	0.00493
11	0.00811	0.00640	0.00814	0.00759	0.00885	0.00651	0.00581	0.01069	0.03580	0.01970	0.54339	0.05717	0.15362	0.01141	0.00763	0.00182	0.08706	0.00960	0.00544	0.00523
12	0.00676	0.00555	0.00601	0.00629	0.00792	0.00480	0.00482	0.00824	0.01225	0.01485	0.04948	0.12484	0.60807	0.01428	0.00663	0.00196	0.00309	0.10445	0.00506	0.00464
13	0.02912	0.11330	0.54997	0.01638	0.06717	0.03136	0.08474	0.01722	0.01168	0.01688	0.00960	0.01152	0.00712	0.00506	0.00507	0.00166	0.00778	0.00414	0.00240	0.00783
14	0.01376	0.63527	0.19780	0.01073	0.01615	0.01957	0.01176	0.01654	0.01117	0.01383	0.00808	0.00937	0.00698	0.00478	0.00388	0.00129	0.00633	0.00317	0.00233	0.00724
15	0.00893	0.00615	0.00839	0.00951	0.01077	0.00615	0.00826	0.01144	0.01243	0.01674	0.02769	0.05713	0.02953	0.01414	0.00714	0.00238	0.00476	0.66001	0.09343	0.00503
16	0.09733	0.00635	0.00658	0.00630	0.00839	0.00574	0.00480	0.01052	0.01232	0.08804	0.06647	0.10611	0.53708	0.01240	0.00607	0.00184	0.00312	0.01031	0.00507	0.00518
17	0.00779	0.00584	0.00876	0.00876	0.00974	0.00681	0.00681	0.00974	0.00876	0.01266	0.01460	0.02142	0.01363	0.04089	0.78680	0.00876	0.01460	0.00584	0.00292	0.00487
18	0.00673	0.00489	0.00637	0.00751	0.00802	0.00453	0.00516	0.00779	0.01073	0.01411	0.03237	0.69761	0.10538	0.01667	0.00694	0.00219	0.00322	0.05024	0.00506	0.00447
19	0.00679	0.00550	0.00603	0.00598	0.00760	0.00474	0.00445	0.00847	0.01313	0.01658	0.24392	0.08566	0.54557	0.01326	0.00646	0.00183	0.00273	0.01126	0.00531	0.00474
20	0.01333	0.01426	0.01649	0.01427	0.01473	0.14430	0.01170	0.01455	0.00953	0.01316	0.00737	0.01158	0.00713	0.00889	0.01574	0.00222	0.66771	0.00456	0.00246	0.00602
21	0.01090	0.02757	0.00922	0.02644	0.01045	0.00648	0.00607	0.01344	0.02815	0.13820	0.42211	0.08169	0.08982	0.00990	0.00595	0.00165	0.00333	0.00858	0.00551	0.09456
22	0.01298	0.01383	0.10461	0.27907	0.22161	0.01334	0.05076	0.11037	0.08151	0.01885	0.01140	0.01420	0.00873	0.00566	0.00582	0.00175	0.02972	0.00496	0.00316	0.00765
23	0.29731	0.01513	0.23614	0.06949	0.01700	0.01137	0.01133	0.03177	0.03927	0.11715	0.01157	0.01315	0.00856	0.00926	0.08753	0.00246	0.00677	0.00420	0.00349	0.00704
24	0.00728	0.00514	0.00668	0.00766	0.00812	0.00494	0.00536	0.00833	0.01036	0.01370	0.02781	0.50148	0.04783	0.17428	0.01119	0.00287	0.00391	0.14403	0.00470	0.00431
25	0.02010	0.00940	0.01205	0.00959	0.01335	0.00856	0.00773	0.08248	0.05966	0.50758	0.03329	0.10129	0.01586	0.00768	0.00552	0.00167	0.00448	0.00640	0.00605	0.08727
26	0.01169	0.09454	0.50304	0.01759	0.12403	0.01365	0.05907	0.01666	0.01145	0.01662	0.00997	0.02809	0.00784	0.00558	0.00597	0.00172	0.05780	0.00446	0.00245	0.00779
27	0.00928	0.00777	0.01058	0.00981	0.01007	0.00971	0.00745	0.01020	0.00846	0.01223	0.01374	0.08285	0.01475	0.25349	0.20551	0.02458	0.29501	0.00679	0.00299	0.00471
28	0.00969	0.00636	0.00818	0.00777	0.00938	0.00600	0.00604	0.04765	0.01499	0.08204	0.47896	0.10738	0.07815	0.01171	0.00649	0.00186	0.00328	0.10270	0.00578	0.00557
29	0.01549	0.12411	0.03769	0.09914	0.14203	0.09772	0.01159	0.24967	0.01624	0.02091	0.01238	0.06467	0.01077	0.00773	0.02814	0.00185	0.02247	0.02616	0.00371	0.00753

[dist]
# distance from previous block
# <min> <max>
3	9

[block]
# block no. 3 follows, 44 sequences, length 15
# corresponding to MSA columns:
# 216-230
name=unknown_D
#
# <colnr> <probs for GDERKNQSTAVLIFYWHMCP>
#	G	D	E	R	K	N	Q	S	T	A	V	L	I	F	Y	W	H	M	C	P
0	0.02390	0.03388	0.13033	0.11138	0.09030	0.02473	0.35634	0.02794	0.05942	0.01757	0.01110	0.01395	0.00844	0.00499	0.00569	0.00171	0.00775	0.00535	0.00289	0.06234
1	0.00714	0.00529	0.00714	0.00785	0.00855	0.00488	0.02070	0.00824	0.01051	0.01408	0.02866	0.65618	0.05592	0.06338	0.00806	0.00232	0.00351	0.03850	0.00482	0.04427
2	0.01114	0.00724	0.00975	0.00902	0.01050	0.00739	0.03025	0.01349	0.05984	0.14709	0.11397	0.30651	0.07142	0.08236	0.00948	0.00229	0.08730	0.01018	0.00499	0.00578
3	0.00773	0.00520	0.00601	0.00620	0.00625	0.00515	0.00358	0.00788	0.00832	0.01109	0.01918	0.15536	0.02235	0.68527	0.02451	0.00481	0.00496	0.00911	0.00358	0.00348
4	0.00754	0.00546	0.00713	0.00705	0.00820	0.00505	0.00523	0.00981	0.01443	0.02015	0.60210	0.16425	0.07214	0.01233	0.00655	0.00183	0.00276	0.03720	0.00578	0.00501
5	0.01430	0.68341	0.02568	0.00940	0.01362	0.06980	0.00901	0.01610	0.01178	0.01372	0.08072	0.01188	0.01125	0.00535	0.00387	0.00123	0.00578	0.00362	0.00271	0.00678
6	0.00662	0.00483	0.00624	0.00737	0.00785	0.00445	0.00496	0.00762	0.01065	0.01400	0.03275	0.72424	0.11492	0.01673	0.00690	0.00217	0.00312	0.01507	0.00506	0.00445
7	0.01159	0.12687	0.61179	0.01547	0.02284	0.01391	0.08991	0.01716	0.01159	0.01672	0.00962	0.01147	0.00705	0.00506	0.00509	0.00167	0.00788	0.00412	0.00235	0.00785
8	0.01400	0.09086	0.04586	0.04934	0.15323	0.04066	0.35086	0.06569	0.01312	0.03812	0.01048	0.01343	0.00821	0.00534	0.00676	0.00175	0.07651	0.00533	0.00294	0.00753
9	0.01557	0.47281	0.08319	0.01081	0.01530	0.07640	0.01033	0.17103	0.01433	0.01771	0.00942	0.01076	0.00789	0.00748	0.05417	0.00181	0.00690	0.00365	0.00306	0.00737
10	0.01124	0.00957	0.00995	0.00771	0.01151	0.05788	0.00605	0.01351	0.01171	0.01763	0.01536	0.01670	0.08213	0.00548	0.00429	0.00103	0.00404	0.00436	0.14753	0.56234
11	0.01131	0.00903	0.01046	0.00794	0.01204	0.00723	0.00638	0.03887	0.01189	0.01859	0.01215	0.01582	0.01042	0.00515	0.00428	0.00101	0.00396	0.05045	0.11895	0.64408
12	0.01352	0.01522	0.10293	0.10208	0.51670	0.05929	0.05365	0.03984	0.01279	0.01761	0.01017	0.01321	0.00822	0.00503	0.00540	0.00165	0.00705	0.00477	0.00272	0.00814
13	0.00839	0.00641	0.00901	0.01093	0.08279	0.00620	0.00783	0.01050	0.01234	0.01634	0.10965	0.22887	0.10343	0.01402	0.00697	0.00221	0.00424	0.34976	0.00492	0.00520
14	0.00882	0.00584	0.00741	0.03743	0.00964	0.00540	0.00566	0.01044	0.01237	0.08864	0.16411	0.28170	0.22927	0.05125	0.00756	0.00213	0.00347	0.05855	0.00520	0.00511

[dist]
# distance from previous block
# <min> <max>
1	28

[block]
# block no. 4 follows, 44 sequences, length 26
# corresponding to MSA columns:
# 259-284
name=unknown_E
#
# <colnr> <probs for GDERKNQSTAVLIFYWHMCP>
#	G	D	E	R	K	N	Q	S	T	A	V	L	I	F	Y	W	H	M	C	P
0	0.04029	0.03299	0.01234	0.05857	0.02460	0.00930	0.03090	0.06644	0.09787	0.30018	0.12691	0.04098	0.11852	0.00827	0.00568	0.00173	0.00448	0.00696	0.00549	0.00748
1	0.03720	0.04848	0.60788	0.01567	0.06956	0.04256	0.01786	0.01682	0.01172	0.01726	0.03268	0.03811	0.00925	0.00572	0.00517	0.00170	0.00752	0.00454	0.00258	0.00772
2	0.01374	0.10137	0.25484	0.01870	0.15516	0.07951	0.14069	0.01799	0.03440	0.05543	0.01050	0.01263	0.00811	0.00549	0.00624	0.00169	0.06836	0.00462	0.00283	0.00770
3	0.01957	0.01987	0.07460	0.01324	0.01730	0.28545	0.01111	0.41440	0.04975	0.02525	0.01156	0.01211	0.00859	0.00615	0.00525	0.00157	0.00743	0.00440	0.00429	0.00812
4	0.05720	0.07622	0.10203	0.01156	0.01571	0.06218	0.04063	0.24486	0.01648	0.11370	0.03896	0.06820	0.01221	0.00682	0.00549	0.00160	0.02650	0.00537	0.02457	0.06971
5	0.01072	0.00745	0.00855	0.00823	0.00998	0.02963	0.00611	0.04259	0.10720	0.10648	0.17616	0.30867	0.13196	0.01231	0.00632	0.00191	0.00361	0.01075	0.00545	0.00593
6	0.19087	0.00884	0.00957	0.02446	0.01158	0.04034	0.00684	0.01706	0.05484	0.21660	0.19383	0.07881	0.06216	0.00894	0.00551	0.00179	0.00415	0.05202	0.00523	0.00655
7	0.01436	0.01012	0.01309	0.01189	0.03862	0.04319	0.06587	0.12519	0.06484	0.15685	0.05108	0.12241	0.04594	0.01017	0.00656	0.00197	0.02446	0.18139	0.00507	0.00695
8	0.01332	0.06849	0.31626	0.01794	0.02424	0.01383	0.33969	0.07448	0.01333	0.04990	0.01093	0.01315	0.00796	0.00506	0.00566	0.00173	0.00812	0.00514	0.00293	0.00783
9	0.00702	0.00494	0.00637	0.00737	0.00767	0.00470	0.00489	0.00785	0.01002	0.01334	0.02731	0.60704	0.03245	0.18130	0.01130	0.00287	0.00370	0.05092	0.00469	0.00422
10	0.00786	0.00614	0.00811	0.08101	0.02371	0.00605	0.00635	0.01048	0.04557	0.01773	0.32688	0.24049	0.15296	0.01244	0.00646	0.00190	0.00341	0.03214	0.00517	0.00516
11	0.01722	0.01388	0.07373	0.05840	0.01741	0.01368	0.03230	0.45574	0.03732	0.08340	0.01584	0.12706	0.01326	0.00786	0.00568	0.00175	0.00578	0.00647	0.00500	0.00822
12	0.00886	0.00593	0.00689	0.00647	0.00835	0.00515	0.00491	0.01068	0.01366	0.10203	0.27463	0.06724	0.44057	0.01228	0.00635	0.00180	0.00292	0.01044	0.00554	0.00529
13	0.01287	0.01471	0.03217	0.02298	0.02849	0.01379	0.75460	0.01746	0.01287	0.01746	0.01103	0.01471	0.00827	0.00460	0.00643	0.00184	0.00919	0.00643	0.00276	0.00735
14	0.01397	0.13397	0.05553	0.08922	0.42887	0.09725	0.07170	0.01706	0.01241	0.01622	0.00965	0.01249	0.00800	0.00495	0.00514	0.00157	0.00708	0.00451	0.00262	0.00781
15	0.03007	0.00746	0.01009	0.06860	0.07054	0.00769	0.02675	0.06145	0.06743	0.01653	0.03873	0.42701	0.05914	0.06187	0.00786	0.01339	0.00430	0.01104	0.00452	0.00555
16	0.00779	0.00523	0.00599	0.00612	0.00615	0.00519	0.00349	0.00789	0.00819	0.01092	0.01854	0.11685	0.02153	0.72490	0.02555	0.00496	0.00506	0.00873	0.00349	0.00342
17	0.02038	0.01395	0.01535	0.01192	0.01604	0.01512	0.00978	0.62553	0.02356	0.12347	0.01507	0.05832	0.01129	0.00716	0.00554	0.00167	0.00567	0.00557	0.00559	0.00900
18	0.03707	0.01071	0.01236	0.01068	0.02678	0.01124	0.00825	0.33280	0.05935	0.15183	0.04295	0.23370	0.01899	0.00961	0.00586	0.00182	0.00475	0.00810	0.00548	0.00768
19	0.01090	0.02099	0.01073	0.02303	0.08863	0.02705	0.00757	0.03120	0.09894	0.07655	0.20022	0.14211	0.09542	0.05016	0.06303	0.00248	0.03149	0.00856	0.00477	0.00615
20	0.00787	0.00529	0.00611	0.00616	0.00622	0.00533	0.00356	0.00801	0.00807	0.01082	0.01758	0.06679	0.02018	0.73632	0.06577	0.00534	0.00567	0.00813	0.00336	0.00343
21	0.01323	0.01075	0.01227	0.00938	0.01355	0.00983	0.00750	0.18374	0.05363	0.02140	0.01262	0.07320	0.01092	0.00593	0.00503	0.00120	0.02518	0.00475	0.00398	0.52193
22	0.01123	0.00943	0.07580	0.00942	0.01197	0.00798	0.03511	0.06079	0.04619	0.09746	0.24287	0.16786	0.05296	0.02552	0.00690	0.00184	0.03854	0.00858	0.03743	0.05211
23	0.04655	0.33095	0.19056	0.01304	0.03182	0.15229	0.06917	0.01715	0.01196	0.01488	0.01011	0.01170	0.03274	0.00548	0.00510	0.00149	0.04149	0.00394	0.00258	0.00700
24	0.31057	0.03664	0.13922	0.04345	0.05386	0.08119	0.00996	0.01761	0.01203	0.13678	0.07790	0.03490	0.01234	0.00623	0.00469	0.00167	0.00554	0.00468	0.00384	0.00689
25	0.01256	0.07142	0.04486	0.02786	0.01336	0.04200	0.03318	0.08254	0.11360	0.09134	0.13629	0.04524	0.15104	0.00956	0.00593	0.00181	0.00477	0.10108	0.00490	0.00665

[dist]
# distance from previous block
# <min> <max>
2	43

[block]
# block no. 5 follows, 44 sequences, length 33
# corresponding to MSA columns:
# 328-360
name=unknown_F
#
# <colnr> <probs for GDERKNQSTAVLIFYWHMCP>
#	G	D	E	R	K	N	Q	S	T	A	V	L	I	F	Y	W	H	M	C	P
0	0.04006	0.06496	0.01509	0.03777	0.04159	0.06240	0.00935	0.41487	0.03274	0.03789	0.06537	0.03555	0.01316	0.04666	0.00636	0.00176	0.00569	0.00536	0.02346	0.03989
1	0.05206	0.05342	0.07403	0.06188	0.05144	0.01331	0.27923	0.14320	0.03372	0.04616	0.01270	0.06759	0.01049	0.00698	0.01866	0.01481	0.02966	0.00596	0.00353	0.02117
2	0.01664	0.03305	0.01715	0.01306	0.01711	0.01431	0.12210	0.33176	0.22080	0.06041	0.03211	0.01647	0.01236	0.02450	0.00604	0.00176	0.00579	0.00556	0.00492	0.04409
3	0.01825	0.01389	0.06185	0.01141	0.01547	0.02715	0.00970	0.45599	0.04508	0.11753	0.01522	0.06334	0.01186	0.02983	0.00603	0.00173	0.00557	0.00559	0.03103	0.05348
4	0.01217	0.16115	0.23155	0.01176	0.02875	0.02280	0.02729	0.12391	0.01344	0.01828	0.03229	0.20496	0.01553	0.00823	0.00532	0.00166	0.00577	0.00688	0.00362	0.06466
5	0.00954	0.00622	0.00743	0.00704	0.00846	0.00600	0.00517	0.06206	0.01354	0.05678	0.28743	0.13607	0.11683	0.10089	0.03116	0.00233	0.00366	0.00921	0.12494	0.00526
6	0.00731	0.00620	0.00642	0.00647	0.00804	0.03184	0.00483	0.00889	0.01280	0.01587	0.17745	0.11783	0.49898	0.02945	0.00692	0.00194	0.00317	0.04574	0.00511	0.00474
7	0.01420	0.73301	0.02665	0.00935	0.01366	0.04270	0.00907	0.01588	0.01116	0.01292	0.00916	0.06378	0.00900	0.00555	0.00378	0.00125	0.00576	0.00380	0.00253	0.00680
8	0.00700	0.00639	0.05977	0.00807	0.00890	0.00503	0.00602	0.00827	0.01040	0.01400	0.02808	0.71597	0.03332	0.05130	0.00776	0.00232	0.00360	0.01437	0.00479	0.00463
9	0.03583	0.01410	0.01520	0.01186	0.01597	0.01550	0.00974	0.60240	0.08863	0.08406	0.01452	0.01427	0.01030	0.00660	0.00537	0.00165	0.00560	0.00503	0.03435	0.00901
10	0.09138	0.09633	0.04209	0.01089	0.01449	0.10377	0.00920	0.27903	0.07193	0.07402	0.01297	0.01378	0.00981	0.00790	0.04404	0.00193	0.02368	0.00452	0.08061	0.00763
11	0.02570	0.00531	0.00546	0.00544	0.00646	0.00522	0.00375	0.01069	0.01049	0.01675	0.02257	0.02907	0.12022	0.24418	0.01123	0.00254	0.00342	0.00677	0.46024	0.00451
12	0.00802	0.00612	0.00758	0.00834	0.00949	0.00605	0.00635	0.01118	0.10099	0.01576	0.03288	0.38630	0.15215	0.01485	0.00686	0.00219	0.00374	0.21092	0.00511	0.00512
13	0.01285	0.04399	0.19215	0.06534	0.15147	0.06703	0.27453	0.01691	0.01210	0.01653	0.01005	0.01312	0.00785	0.00533	0.00662	0.00176	0.07302	0.00506	0.01688	0.00742
14	0.11063	0.36985	0.09271	0.01108	0.01498	0.15276	0.01036	0.03262	0.02776	0.01537	0.00853	0.01024	0.00733	0.00657	0.02827	0.00169	0.08627	0.00351	0.00269	0.00677
15	0.01602	0.01205	0.01287	0.01103	0.01435	0.03046	0.00877	0.18151	0.45169	0.10437	0.03594	0.02009	0.01565	0.00740	0.00554	0.00178	0.00477	0.02853	0.02869	0.00850
16	0.07006	0.07720	0.14931	0.06302	0.16079	0.01384	0.22457	0.02865	0.01171	0.01711	0.01048	0.04412	0.00880	0.00588	0.00675	0.00178	0.09061	0.00530	0.00276	0.00728
17	0.00712	0.00554	0.00648	0.00634	0.00786	0.00490	0.00477	0.00909	0.01381	0.01816	0.39691	0.06849	0.38677	0.01266	0.00648	0.00181	0.00274	0.02969	0.00551	0.00487
18	0.01450	0.01088	0.01195	0.01062	0.01365	0.01214	0.00827	0.04485	0.58435	0.11698	0.03846	0.07457	0.01815	0.00804	0.00565	0.00185	0.00428	0.00677	0.00567	0.00836
19	0.00719	0.00525	0.00646	0.00688	0.00793	0.00472	0.00488	0.00867	0.01228	0.03105	0.21302	0.39840	0.24422	0.01456	0.00666	0.00198	0.00294	0.01285	0.00532	0.00474
20	0.01177	0.00997	0.01156	0.00830	0.01312	0.00775	0.00665	0.05070	0.01202	0.01859	0.00986	0.01139	0.00813	0.00416	0.00411	0.00085	0.00414	0.00331	0.00334	0.80027
21	0.01561	0.01248	0.01330	0.01140	0.01482	0.01419	0.00902	0.20244	0.56496	0.04902	0.02000	0.01855	0.01479	0.00717	0.00552	0.00179	0.00473	0.00584	0.00556	0.00880
22	0.00672	0.00482	0.00638	0.00749	0.00791	0.00448	0.00504	0.00779	0.01085	0.01451	0.08460	0.73076	0.05528	0.01657	0.00691	0.00217	0.00311	0.01499	0.00513	0.00448
23	0.02037	0.02598	0.01545	0.01404	0.01685	0.78652	0.01053	0.02177	0.01545	0.01334	0.00843	0.00983	0.00702	0.00562	0.00492	0.00140	0.00983	0.00351	0.00281	0.00632
24	0.84691	0.01054	0.00801	0.00717	0.01054	0.01223	0.00590	0.01603	0.00928	0.02446	0.00759	0.00886	0.00590	0.00506	0.00337	0.00169	0.00422	0.00295	0.00337	0.00590
25	0.00919	0.00474	0.00702	0.00715	0.00718	0.00470	0.00477	0.00715	0.00744	0.00992	0.01153	0.09562	0.01214	0.01875	0.01987	0.75723	0.00458	0.00581	0.00264	0.00257
26	0.00686	0.00490	0.00657	0.00784	0.00825	0.00461	0.00543	0.00796	0.01065	0.01416	0.02993	0.73030	0.03559	0.01688	0.00702	0.00224	0.00335	0.08792	0.00506	0.00449
27	0.00664	0.00474	0.00633	0.00759	0.00791	0.00443	0.00506	0.00759	0.01044	0.01392	0.03005	0.80485	0.03606	0.01708	0.00696	0.00221	0.00316	0.01550	0.00506	0.00443
28	0.70963	0.06100	0.00915	0.00735	0.01050	0.01204	0.00604	0.01520	0.00951	0.02266	0.00984	0.08868	0.00900	0.00624	0.00374	0.00171	0.00421	0.00421	0.00348	0.00583
29	0.00810	0.00808	0.08612	0.00944	0.01113	0.00740	0.00815	0.01049	0.00904	0.01312	0.01412	0.02042	0.01296	0.03731	0.70841	0.00806	0.01395	0.00566	0.00286	0.00519
30	0.01221	0.01132	0.01172	0.00867	0.01331	0.08541	0.00687	0.01453	0.01172	0.01732	0.00956	0.01116	0.00797	0.00420	0.00413	0.00087	0.00462	0.00326	0.00319	0.75795
31	0.00751	0.00554	0.00684	0.00653	0.00779	0.00506	0.00478	0.00961	0.01414	0.01946	0.56833	0.04231	0.17660	0.09157	0.00857	0.00210	0.00288	0.00996	0.00556	0.00486
32	0.00877	0.00686	0.00810	0.00756	0.00930	0.00684	0.00574	0.01387	0.17299	0.02104	0.51075	0.03811	0.14747	0.01074	0.00625	0.00176	0.00297	0.00932	0.00577	0.00580

[dist]
# distance from previous block
# <min> <max>
0	1

[block]
# block no. 6 follows, 44 sequences, length 15
# corresponding to MSA columns:
# 362-376
name=unknown_G
#
# <colnr> <probs for GDERKNQSTAVLIFYWHMCP>
#	G	D	E	R	K	N	Q	S	T	A	V	L	I	F	Y	W	H	M	C	P
0	0.00869	0.00696	0.01086	0.01265	0.12997	0.00778	0.00837	0.01084	0.00934	0.01347	0.01392	0.02017	0.01284	0.03522	0.66393	0.00764	0.01333	0.00569	0.00289	0.00546
1	0.00705	0.00509	0.00685	0.00770	0.00832	0.00490	0.00545	0.00846	0.01122	0.01519	0.14553	0.54414	0.05180	0.01841	0.08717	0.00282	0.00435	0.05593	0.00499	0.00462
2	0.00815	0.00522	0.00624	0.00620	0.00631	0.00519	0.00368	0.00799	0.00842	0.01133	0.07841	0.03309	0.02081	0.61827	0.02497	0.13646	0.00497	0.00759	0.00338	0.00331
3	0.21066	0.02544	0.01403	0.15721	0.09625	0.13442	0.01028	0.16709	0.01458	0.03393	0.01281	0.01442	0.05265	0.00607	0.00486	0.00164	0.00616	0.00458	0.02596	0.00694
4	0.01338	0.01824	0.21556	0.05804	0.25829	0.15083	0.01486	0.01804	0.07509	0.01692	0.01286	0.01834	0.01105	0.00647	0.00551	0.00174	0.00718	0.08696	0.00310	0.00754
5	0.04061	0.12452	0.38787	0.01248	0.01860	0.01238	0.01407	0.03675	0.01306	0.26845	0.01337	0.01343	0.00912	0.00566	0.00501	0.00164	0.00648	0.00435	0.00388	0.00828
6	0.01404	0.13927	0.01833	0.03079	0.01566	0.09589	0.03907	0.08760	0.07402	0.01611	0.00965	0.01254	0.00839	0.00879	0.03990	0.00218	0.37347	0.00458	0.00301	0.00672
7	0.11315	0.00729	0.00754	0.00700	0.00925	0.00709	0.00536	0.01351	0.10343	0.09731	0.05100	0.03819	0.41502	0.07695	0.00764	0.00210	0.00358	0.02395	0.00496	0.00566
8	0.09571	0.02068	0.43704	0.01301	0.01912	0.01236	0.01475	0.14539	0.01444	0.11086	0.05624	0.01407	0.01061	0.00594	0.00516	0.00170	0.00660	0.00459	0.00369	0.00803
9	0.01522	0.30911	0.07755	0.03319	0.18603	0.04829	0.01190	0.01834	0.04804	0.11550	0.01096	0.01230	0.00871	0.00555	0.00556	0.00152	0.06359	0.00413	0.00319	0.02132
10	0.22187	0.00958	0.01154	0.00909	0.01311	0.00903	0.00751	0.02404	0.01409	0.59726	0.01817	0.01623	0.01167	0.00634	0.00498	0.00169	0.00454	0.00488	0.00594	0.00847
11	0.09437	0.00665	0.00710	0.00680	0.00848	0.00654	0.00507	0.02522	0.06295	0.01787	0.22101	0.03985	0.29529	0.13667	0.00944	0.00236	0.00353	0.04087	0.00489	0.00505
12	0.00951	0.00852	0.01403	0.12661	0.01704	0.02407	0.14197	0.01196	0.01031	0.01433	0.01534	0.14182	0.01489	0.03523	0.29171	0.00447	0.05584	0.00721	0.04965	0.00549
13	0.01840	0.14738	0.01645	0.01238	0.01532	0.58579	0.00965	0.01998	0.01435	0.01398	0.00926	0.01074	0.00773	0.00554	0.00458	0.00135	0.00845	0.00358	0.08878	0.00630
14	0.00669	0.00506	0.00618	0.00690	0.00777	0.00455	0.00479	0.00794	0.01155	0.01498	0.11390	0.50143	0.25754	0.01549	0.00675	0.00205	0.00298	0.01373	0.00516	0.00455

[dist]
# distance from previous block
# <min> <max>
0	7

[block]
# block no. 7 follows, 44 sequences, length 11
# corresponding to MSA columns:
# 384-394
name=unknown_H
#
# <colnr> <probs for GDERKNQSTAVLIFYWHMCP>
#	G	D	E	R	K	N	Q	S	T	A	V	L	I	F	Y	W	H	M	C	P
0	0.01884	0.01430	0.01581	0.08078	0.01834	0.01603	0.01055	0.59282	0.12442	0.03101	0.01402	0.01420	0.01009	0.00656	0.00547	0.00168	0.00588	0.00507	0.00520	0.00890
1	0.01386	0.03384	0.01320	0.03258	0.05649	0.03095	0.00895	0.13626	0.42402	0.02181	0.01878	0.02192	0.01540	0.10298	0.00820	0.00222	0.00509	0.04085	0.00485	0.00775
2	0.12609	0.01241	0.01919	0.04815	0.46262	0.01331	0.05534	0.01729	0.07731	0.01853	0.01065	0.01340	0.00875	0.00559	0.00648	0.00175	0.08750	0.00479	0.00300	0.00784
3	0.01546	0.01164	0.01324	0.01058	0.01406	0.01231	0.00854	0.41544	0.01835	0.02528	0.01299	0.01562	0.01050	0.04602	0.18964	0.00330	0.00763	0.00494	0.00437	0.16011
4	0.00676	0.00495	0.00636	0.00724	0.00787	0.00455	0.00496	0.00798	0.01135	0.01509	0.13348	0.61150	0.12605	0.01589	0.00683	0.00210	0.00303	0.01426	0.00519	0.00455
5	0.01152	0.01163	0.01770	0.22253	0.02198	0.04944	0.11269	0.01392	0.01002	0.01388	0.00930	0.01403	0.00810	0.01135	0.10425	0.00288	0.35111	0.00509	0.00253	0.00606
6	0.00717	0.00599	0.00717	0.00737	0.00840	0.00598	0.00543	0.00837	0.01117	0.01422	0.03979	0.33730	0.39741	0.01456	0.00801	0.00205	0.09793	0.01224	0.00474	0.00470
7	0.00830	0.00637	0.00863	0.00841	0.00885	0.00740	0.00611	0.00937	0.00856	0.01209	0.01586	0.09367	0.01691	0.30632	0.34572	0.00609	0.11647	0.00728	0.00317	0.00442
8	0.01299	0.01321	0.02305	0.14879	0.31395	0.03502	0.24709	0.01806	0.09852	0.01753	0.01172	0.01472	0.00917	0.00518	0.00573	0.00174	0.00730	0.00546	0.00300	0.00775
9	0.00702	0.00544	0.00633	0.00631	0.00769	0.00482	0.00462	0.00877	0.01322	0.01730	0.33258	0.13715	0.37635	0.03910	0.00720	0.00195	0.00282	0.01122	0.00537	0.00475
10	0.00843	0.00597	0.00739	0.00760	0.00827	0.00609	0.00516	0.07101	0.01082	0.01460	0.04325	0.36372	0.02602	0.27717	0.11540	0.00401	0.00557	0.01072	0.00427	0.00455

[dist]
# distance from previous block
# <min> <max>
7	55

[block]
# block no. 8 follows, 44 sequences, length 47
# corresponding to MSA columns:
# 452-473,475-493,495-500
name=unknown_I
#
# <colnr> <probs for GDERKNQSTAVLIFYWHMCP>
#	G	D	E	R	K	N	Q	S	T	A	V	L	I	F	Y	W	H	M	C	P
0	0.01166	0.14915	0.54943	0.01416	0.02083	0.04262	0.03729	0.01667	0.01140	0.01605	0.00982	0.01191	0.00751	0.00802	0.06896	0.00221	0.00834	0.00405	0.00239	0.00754
1	0.01132	0.02811	0.74856	0.01548	0.02332	0.04463	0.01975	0.01745	0.01167	0.01710	0.00973	0.01144	0.00691	0.00520	0.00517	0.00171	0.00813	0.00401	0.00232	0.00799
2	0.00669	0.00478	0.00637	0.00756	0.00792	0.00446	0.00506	0.00772	0.01067	0.01429	0.06459	0.76925	0.03677	0.01680	0.00693	0.00219	0.00314	0.01524	0.00510	0.00446
3	0.00885	0.00696	0.00842	0.00937	0.01049	0.03841	0.00744	0.01178	0.07332	0.01582	0.02792	0.33577	0.03093	0.01480	0.00704	0.00230	0.00446	0.37579	0.00499	0.00515
4	0.02019	0.01487	0.01599	0.01231	0.01654	0.01642	0.01015	0.72540	0.02521	0.03384	0.04442	0.01423	0.01101	0.00673	0.00549	0.00164	0.00586	0.00511	0.00548	0.00910
5	0.00793	0.00529	0.00595	0.00595	0.00595	0.00529	0.00330	0.00793	0.00793	0.01057	0.01718	0.03568	0.01982	0.80840	0.02775	0.00529	0.00529	0.00793	0.00330	0.00330
6	0.01875	0.01429	0.01525	0.01214	0.01615	0.01598	0.00988	0.55590	0.22917	0.03118	0.01560	0.01509	0.01130	0.00678	0.00548	0.00169	0.00554	0.00525	0.00548	0.00909
7	0.00760	0.00557	0.00713	0.00674	0.00808	0.00510	0.00506	0.01007	0.01517	0.02124	0.70884	0.04175	0.11451	0.01138	0.00643	0.00173	0.00259	0.01000	0.00592	0.00510
8	0.01130	0.00969	0.01130	0.00807	0.01292	0.00727	0.00646	0.01373	0.01130	0.01776	0.00969	0.01130	0.00807	0.00404	0.00404	0.00081	0.00404	0.00323	0.00323	0.84173
9	0.00950	0.00741	0.00840	0.00828	0.00949	0.07459	0.00637	0.01155	0.01003	0.01468	0.01488	0.02012	0.01314	0.02894	0.51741	0.00620	0.01109	0.00544	0.21743	0.00505
10	0.06638	0.51237	0.16600	0.01047	0.01552	0.01824	0.01101	0.08108	0.01233	0.01657	0.00889	0.01012	0.00739	0.00502	0.00399	0.00135	0.00603	0.00339	0.03661	0.00725
11	0.00734	0.00513	0.00667	0.00758	0.00831	0.00474	0.00536	0.00860	0.01129	0.03481	0.07937	0.59087	0.11607	0.01591	0.00688	0.00215	0.00328	0.07579	0.00516	0.00467
12	0.02090	0.01499	0.01619	0.01241	0.01677	0.01649	0.01025	0.72222	0.02517	0.06901	0.01348	0.01334	0.00947	0.00655	0.00546	0.00164	0.00594	0.00494	0.00551	0.00927
13	0.00962	0.00767	0.01049	0.01097	0.04730	0.00759	0.03607	0.01375	0.11406	0.01740	0.06871	0.14480	0.04446	0.01220	0.00665	0.00210	0.00462	0.35782	0.00481	0.07890
14	0.20028	0.03343	0.23054	0.21887	0.07846	0.01161	0.01314	0.01479	0.01063	0.01735	0.01101	0.08141	0.00956	0.00679	0.00563	0.03584	0.00624	0.00507	0.00285	0.00651
15	0.55393	0.01148	0.01049	0.18599	0.01710	0.07966	0.00837	0.01574	0.01023	0.02071	0.00898	0.04006	0.00744	0.00565	0.00411	0.00171	0.00536	0.00390	0.00317	0.00592
16	0.01496	0.15415	0.11754	0.06249	0.04934	0.01452	0.01126	0.30384	0.01675	0.02228	0.01342	0.01947	0.01173	0.07698	0.00725	0.00199	0.00617	0.08441	0.00395	0.00750
17	0.01612	0.07370	0.14189	0.03881	0.23855	0.26660	0.01387	0.10009	0.02844	0.01775	0.00992	0.01176	0.00790	0.00539	0.00509	0.00155	0.00771	0.00418	0.00300	0.00768
18	0.01093	0.02820	0.78016	0.01554	0.02360	0.01266	0.02014	0.01727	0.01151	0.01727	0.00978	0.01151	0.00691	0.00518	0.00518	0.00173	0.00806	0.00403	0.00230	0.00806
19	0.01274	0.07998	0.02628	0.00973	0.03091	0.00909	0.04314	0.01577	0.04126	0.09964	0.11137	0.01628	0.01459	0.00551	0.00468	0.00118	0.00445	0.00463	0.00393	0.46485
20	0.00947	0.00473	0.00710	0.00710	0.00710	0.00473	0.00473	0.00710	0.00710	0.00947	0.00947	0.01657	0.00947	0.01894	0.02131	0.84138	0.00473	0.00473	0.00237	0.00237
21	0.02119	0.00919	0.01197	0.00948	0.01325	0.00830	0.00779	0.08744	0.01608	0.58202	0.05957	0.02373	0.07944	0.00787	0.00569	0.00173	0.00452	0.03587	0.00639	0.00851
22	0.01206	0.02364	0.55147	0.01888	0.13787	0.01265	0.10172	0.01756	0.01196	0.04653	0.01044	0.01244	0.00757	0.00513	0.00537	0.00172	0.00781	0.00448	0.00258	0.00811
23	0.01811	0.01150	0.07687	0.01100	0.02730	0.01010	0.00936	0.13996	0.10908	0.34912	0.03781	0.08962	0.01671	0.00823	0.00576	0.00181	0.00499	0.05878	0.00566	0.00826
24	0.00793	0.00529	0.00595	0.00595	0.00595	0.00529	0.00330	0.00793	0.00793	0.01057	0.01718	0.03568	0.01982	0.80840	0.02775	0.00529	0.00529	0.00793	0.00330	0.00330
25	0.00709	0.00512	0.00660	0.00762	0.00812	0.00489	0.00518	0.00854	0.03930	0.01411	0.02980	0.66248	0.06787	0.05347	0.00820	0.02181	0.00338	0.03698	0.00493	0.00452
26	0.01894	0.01185	0.09189	0.01151	0.01580	0.00977	0.07448	0.04188	0.12578	0.44047	0.06507	0.03722	0.01556	0.00700	0.00564	0.00174	0.00521	0.00600	0.00565	0.00853
27	0.03139	0.03133	0.03441	0.34478	0.05151	0.01387	0.05341	0.06113	0.04015	0.01617	0.00995	0.01377	0.00802	0.00667	0.00883	0.00192	0.22868	0.00486	0.03262	0.00652
28	0.00828	0.00607	0.00805	0.00886	0.01014	0.00593	0.00737	0.01084	0.03148	0.01688	0.14066	0.12937	0.11560	0.01436	0.00714	0.00227	0.00421	0.46226	0.00519	0.00502
29	0.03588	0.01486	0.06710	0.06004	0.07972	0.08633	0.25552	0.12095	0.04509	0.08590	0.01329	0.05351	0.01066	0.00630	0.00608	0.00177	0.02694	0.01880	0.00371	0.00756
30	0.09212	0.02588	0.14495	0.01093	0.01530	0.01130	0.02479	0.15738	0.09379	0.23140	0.03650	0.03846	0.07882	0.00725	0.00537	0.00172	0.00527	0.00582	0.00496	0.00800
31	0.01358	0.01260	0.02065	0.16059	0.58339	0.01316	0.01590	0.08096	0.01331	0.01860	0.01041	0.01363	0.00846	0.00511	0.00541	0.00165	0.00657	0.00486	0.00289	0.00825
32	0.00886	0.00617	0.00977	0.00891	0.00983	0.00602	0.08647	0.00896	0.00981	0.01323	0.11412	0.17717	0.06060	0.06470	0.01451	0.36212	0.02298	0.00824	0.00360	0.00393
33	0.08589	0.06886	0.40318	0.06590	0.09082	0.01295	0.08065	0.03241	0.01208	0.08224	0.01066	0.01239	0.00773	0.00523	0.00510	0.00169	0.00716	0.00435	0.00292	0.00780
34	0.01141	0.02608	0.08510	0.46018	0.21104	0.01251	0.03582	0.02661	0.02969	0.01578	0.01123	0.01491	0.02536	0.00550	0.00543	0.00175	0.00698	0.00497	0.00267	0.00698
35	0.01240	0.00657	0.00710	0.00642	0.00819	0.00673	0.00498	0.08307	0.01298	0.08760	0.01740	0.01955	0.01342	0.02021	0.00487	0.00144	0.02291	0.00514	0.65318	0.00583
36	0.01620	0.07043	0.04799	0.05181	0.34943	0.18707	0.01357	0.13815	0.01509	0.03087	0.01025	0.01230	0.00822	0.00534	0.00514	0.00154	0.00713	0.00438	0.00319	0.02190
37	0.01418	0.01582	0.02359	0.01798	0.02164	0.15657	0.37084	0.04123	0.01261	0.01627	0.00963	0.01288	0.00780	0.00596	0.00862	0.00181	0.19177	0.00525	0.00280	0.06274
38	0.00983	0.00652	0.00785	0.00719	0.00906	0.00610	0.00546	0.01311	0.08219	0.10528	0.40851	0.03915	0.22535	0.04153	0.00706	0.00189	0.00312	0.00937	0.00570	0.00572
39	0.00947	0.00473	0.00710	0.00710	0.00710	0.00473	0.00473	0.00710	0.00710	0.00947	0.00947	0.01657	0.00947	0.01894	0.02131	0.84138	0.00473	0.00473	0.00237	0.00237
40	0.15822	0.01062	0.01326	0.18387	0.08035	0.01162	0.01000	0.08713	0.14714	0.16708	0.01715	0.01762	0.05992	0.00658	0.00518	0.00174	0.00524	0.00532	0.00445	0.00752
41	0.01975	0.01487	0.01643	0.03143	0.01739	0.02988	0.02887	0.63337	0.04851	0.05036	0.01318	0.01342	0.00944	0.00652	0.00576	0.00165	0.02579	0.00494	0.00519	0.02324
42	0.00721	0.00521	0.00692	0.00788	0.00860	0.00491	0.00578	0.00872	0.01165	0.01553	0.13217	0.51209	0.07421	0.01570	0.00698	0.00219	0.00344	0.16099	0.00518	0.00465
43	0.01174	0.07774	0.05506	0.37760	0.10749	0.01370	0.19754	0.01538	0.01142	0.01521	0.00975	0.01370	0.00761	0.00536	0.00631	0.00178	0.05823	0.00504	0.00252	0.00680
44	0.00803	0.00574	0.00791	0.00910	0.01004	0.00562	0.00740	0.01003	0.01197	0.01574	0.05940	0.30725	0.03374	0.01557	0.00730	0.00238	0.00430	0.46858	0.00507	0.00483
45	0.01121	0.04240	0.69070	0.01634	0.03709	0.01294	0.07988	0.01725	0.01163	0.01720	0.00985	0.01175	0.00705	0.00512	0.00525	0.00172	0.00808	0.00422	0.00235	0.00799
46	0.00771	0.00613	0.02488	0.00709	0.00859	0.00532	0.00558	0.01024	0.01485	0.02066	0.63373	0.04251	0.12804	0.01152	0.00647	0.00177	0.00286	0.05114	0.00576	0.00514

[dist]
# distance from previous block
# <min> <max>
0	2

[block]
# block no. 9 follows, 44 sequences, length 8
# corresponding to MSA columns:
# 503-510
name=unknown_J
#
# <colnr> <probs for GDERKNQSTAVLIFYWHMCP>
#	G	D	E	R	K	N	Q	S	T	A	V	L	I	F	Y	W	H	M	C	P
0	0.01295	0.08500	0.01379	0.10639	0.06304	0.04343	0.00884	0.18932	0.06912	0.02011	0.11291	0.04428	0.07592	0.12127	0.00865	0.00218	0.00534	0.00660	0.00424	0.00660
