[name]
unknown

[dist]
# distance from previous block
# <min> <max>
0	50

[block]
# block no. 0 follows, 45 sequences, length 7
# corresponding to MSA columns:
# 53-59
name=unknown_A
#
# <colnr> <probs for GDERKNQSTAVLIFYWHMCP>
#	G	D	E	R	K	N	Q	S	T	A	V	L	I	F	Y	W	H	M	C	P
0	0.04494	0.00617	0.00785	0.06864	0.01094	0.00606	0.00636	0.01050	0.01202	0.05519	0.15883	0.16743	0.21304	0.04066	0.04490	0.00239	0.00426	0.13000	0.00479	0.00503
1	0.01262	0.00931	0.01062	0.00937	0.01142	0.01016	0.00719	0.28421	0.05429	0.02141	0.01970	0.19393	0.05414	0.10474	0.08629	0.00287	0.03661	0.00794	0.05686	0.00634
2	0.00730	0.00553	0.00680	0.00738	0.00830	0.00531	0.00518	0.00983	0.07932	0.01588	0.15438	0.50558	0.13998	0.01455	0.00657	0.00202	0.00307	0.01298	0.00518	0.00487
3	0.01118	0.01022	0.01655	0.67694	0.09403	0.01236	0.01467	0.07177	0.01198	0.01558	0.00984	0.01412	0.00742	0.00540	0.00536	0.00176	0.00700	0.00478	0.00264	0.00641
4	0.01013	0.00915	0.01515	0.73022	0.03433	0.01133	0.01395	0.01361	0.01078	0.01426	0.01023	0.01480	0.00772	0.00544	0.00523	0.00174	0.00676	0.00479	0.07451	0.00588
5	0.09679	0.00909	0.01139	0.03730	0.01342	0.00877	0.00763	0.06701	0.06294	0.45722	0.09720	0.07437	0.01771	0.00763	0.00540	0.00171	0.00437	0.00628	0.00584	0.00792
6	0.01124	0.00740	0.00905	0.06421	0.01152	0.00744	0.00644	0.12464	0.01315	0.10491	0.04465	0.22499	0.13584	0.17534	0.01047	0.00257	0.00440	0.03145	0.00472	0.00558

[dist]
# distance from previous block
# <min> <max>
29	87

[block]
# block no. 1 follows, 45 sequences, length 22
# corresponding to MSA columns:
# 148-169
name=unknown_B
#
# <colnr> <probs for GDERKNQSTAVLIFYWHMCP>
#	G	D	E	R	K	N	Q	S	T	A	V	L	I	F	Y	W	H	M	C	P
0	0.07874	0.00971	0.03785	0.05485	0.01328	0.00930	0.00763	0.11612	0.05863	0.06023	0.02939	0.15970	0.03185	0.05685	0.00697	0.00181	0.03622	0.00669	0.03676	0.18743
1	0.01401	0.01029	0.03236	0.01029	0.02585	0.00976	0.03438	0.13713	0.10129	0.13975	0.09268	0.08291	0.05966	0.00777	0.00591	0.00158	0.03881	0.00645	0.01953	0.16960
2	0.09468	0.04500	0.03413	0.02690	0.01366	0.01055	0.03895	0.11988	0.12175	0.14683	0.04360	0.09272	0.01545	0.07147	0.00698	0.00194	0.00485	0.02212	0.00461	0.08393
3	0.01291	0.03537	0.01216	0.03448	0.03018	0.00977	0.03189	0.13007	0.08183	0.09548	0.04034	0.09858	0.08118	0.09823	0.00836	0.00202	0.03899	0.00680	0.02249	0.12887
4	0.05651	0.20101	0.06257	0.01055	0.01332	0.15206	0.00910	0.02854	0.07614	0.02894	0.01361	0.11573	0.02409	0.02137	0.00683	0.00170	0.11195	0.00558	0.05409	0.00632
5	0.00779	0.00546	0.00649	0.00635	0.00689	0.00535	0.00403	0.00850	0.00931	0.01271	0.12474	0.05674	0.05594	0.53893	0.09241	0.00462	0.00546	0.00807	0.00371	0.03649
6	0.08336	0.00653	0.00820	0.00801	0.00947	0.00631	0.02980	0.02357	0.01099	0.01602	0.08457	0.39604	0.07332	0.06666	0.02238	0.00225	0.01796	0.04184	0.00446	0.08826
7	0.07742	0.00826	0.01077	0.16567	0.06549	0.04158	0.02391	0.01250	0.01078	0.07848	0.05331	0.19082	0.03482	0.15851	0.01027	0.03525	0.00515	0.00785	0.00380	0.00536
8	0.06223	0.14429	0.32557	0.04595	0.01802	0.01219	0.05485	0.01578	0.03373	0.04691	0.11831	0.04559	0.01481	0.00751	0.03046	0.00186	0.00642	0.00530	0.00326	0.00694
9	0.08427	0.01447	0.01500	0.01202	0.01557	0.11153	0.05458	0.38429	0.05647	0.06360	0.01412	0.01465	0.03904	0.00658	0.00586	0.00164	0.05084	0.00494	0.04274	0.00780
10	0.01195	0.00963	0.01464	0.54501	0.02914	0.01137	0.01257	0.07018	0.06707	0.07386	0.07255	0.01701	0.01194	0.00641	0.00578	0.01945	0.00624	0.00531	0.00343	0.00647
11	0.01014	0.00954	0.01610	0.79845	0.03697	0.01193	0.01491	0.01371	0.01073	0.01371	0.00954	0.01431	0.00716	0.00537	0.00537	0.00179	0.00716	0.00477	0.00239	0.00596
12	0.64911	0.01109	0.00957	0.00815	0.01166	0.01259	0.00670	0.13651	0.03189	0.06679	0.00947	0.01021	0.00703	0.00537	0.00382	0.00166	0.00446	0.00343	0.00389	0.00660
13	0.00770	0.00519	0.00604	0.00613	0.00621	0.00522	0.00358	0.00788	0.00805	0.01078	0.01779	0.09594	0.02046	0.70611	0.06716	0.00515	0.00554	0.00829	0.00337	0.00342
14	0.02408	0.00914	0.01246	0.00955	0.01370	0.00789	0.00789	0.02616	0.01536	0.78158	0.02118	0.01827	0.01329	0.00664	0.00540	0.00166	0.00457	0.00540	0.00664	0.00914
15	0.01480	0.01225	0.02048	0.02967	0.67065	0.01207	0.01527	0.01783	0.01266	0.12474	0.01165	0.01398	0.00917	0.00504	0.00533	0.00160	0.00612	0.00487	0.00322	0.00859
16	0.63723	0.01094	0.01099	0.01237	0.16159	0.01218	0.00809	0.03657	0.01037	0.04600	0.00855	0.01002	0.00666	0.00503	0.00383	0.00165	0.00465	0.00340	0.00335	0.00653
17	0.01317	0.01058	0.01753	0.42715	0.28594	0.01164	0.01446	0.01640	0.01189	0.12275	0.01136	0.01452	0.00847	0.00535	0.00535	0.00170	0.00653	0.00486	0.00308	0.00727
18	0.01365	0.01371	0.02059	0.10514	0.63086	0.08954	0.01572	0.01670	0.01237	0.01673	0.00987	0.01303	0.00822	0.00491	0.00527	0.00159	0.00678	0.00465	0.00264	0.00803
19	0.01705	0.01388	0.01877	0.01779	0.17986	0.01476	0.10889	0.43398	0.06198	0.02659	0.01239	0.01372	0.00928	0.00636	0.00610	0.03445	0.00628	0.00508	0.00433	0.00845
20	0.01370	0.01193	0.01811	0.12662	0.35591	0.02505	0.05489	0.10698	0.03422	0.05044	0.01265	0.01502	0.03585	0.00586	0.00577	0.02708	0.00609	0.00499	0.00332	0.08551
21	0.10330	0.35597	0.04931	0.07233	0.07898	0.07212	0.01013	0.05282	0.05481	0.06230	0.01139	0.01245	0.03282	0.00545	0.00431	0.00144	0.00586	0.00396	0.00315	0.00708

[dist]
# distance from previous block
# <min> <max>
0	24

[block]
# block no. 2 follows, 45 sequences, length 112
# corresponding to MSA columns:
# 194-305
name=unknown_C
#
# <colnr> <probs for GDERKNQSTAVLIFYWHMCP>
#	G	D	E	R	K	N	Q	S	T	A	V	L	I	F	Y	W	H	M	C	P
0	0.31515	0.20783	0.08539	0.00973	0.01386	0.05641	0.00899	0.15910	0.01356	0.03524	0.04351	0.01136	0.00901	0.00551	0.00416	0.00152	0.00545	0.00374	0.00352	0.00695
1	0.10143	0.10525	0.03573	0.01077	0.03012	0.05782	0.00874	0.08938	0.34145	0.05604	0.01850	0.03221	0.05289	0.00714	0.00508	0.00169	0.00496	0.02866	0.00456	0.00758
2	0.09718	0.00791	0.03048	0.03037	0.01074	0.00746	0.00641	0.01413	0.11265	0.06539	0.35092	0.03250	0.15319	0.00952	0.00572	0.00170	0.00345	0.01931	0.00516	0.03581
3	0.04296	0.09533	0.24492	0.01500	0.02022	0.01247	0.25561	0.02982	0.03724	0.05821	0.07756	0.01697	0.03411	0.02882	0.00608	0.00178	0.00692	0.00556	0.00326	0.00715
4	0.06655	0.03747	0.11979	0.00885	0.01195	0.00797	0.00811	0.01532	0.03860	0.16432	0.36989	0.05112	0.03014	0.00872	0.00565	0.00169	0.00405	0.02338	0.00513	0.02129
5	0.03686	0.02478	0.00962	0.00803	0.01047	0.00717	0.00627	0.04292	0.04317	0.22028	0.29357	0.09766	0.06253	0.03884	0.00656	0.00181	0.00367	0.02261	0.00551	0.05767
6	0.03631	0.03883	0.03322	0.00828	0.01222	0.00793	0.00685	0.01547	0.04617	0.12301	0.14712	0.01795	0.01671	0.02192	0.00511	0.00127	0.00402	0.00486	0.00419	0.44857
7	0.01547	0.59665	0.02437	0.01027	0.01437	0.18012	0.00938	0.01803	0.06298	0.01340	0.00861	0.00960	0.00754	0.00497	0.00387	0.00124	0.00646	0.00321	0.00261	0.00686
8	0.00709	0.00574	0.00639	0.00620	0.00798	0.00492	0.00470	0.00878	0.01262	0.01611	0.19528	0.06826	0.49593	0.02976	0.00671	0.00184	0.00296	0.05232	0.00501	0.06138
9	0.74901	0.01056	0.00870	0.03188	0.01157	0.01221	0.00638	0.06724	0.01026	0.02415	0.00795	0.00933	0.00616	0.00537	0.00388	0.01846	0.00438	0.00313	0.00342	0.00598
10	0.01243	0.06564	0.01257	0.00829	0.01299	0.00852	0.00678	0.04178	0.01187	0.06136	0.01018	0.01143	0.00822	0.00426	0.00407	0.00090	0.00420	0.00335	0.00340	0.70773
11	0.03300	0.01246	0.01270	0.03327	0.01470	0.06370	0.00876	0.20479	0.38421	0.05223	0.04192	0.02058	0.06430	0.00750	0.00547	0.00174	0.00497	0.02059	0.00515	0.00797
12	0.00983	0.00605	0.00751	0.00682	0.00869	0.00536	0.00523	0.01195	0.01437	0.13884	0.44996	0.03999	0.25275	0.01105	0.00619	0.00172	0.00291	0.00950	0.00576	0.00555
13	0.01329	0.01275	0.02179	0.03295	0.77787	0.01275	0.01647	0.01647	0.01222	0.01754	0.01010	0.01329	0.00850	0.00478	0.00531	0.00159	0.00638	0.00478	0.00266	0.00850
14	0.01919	0.01570	0.21240	0.01182	0.01700	0.01164	0.01161	0.24036	0.01712	0.34148	0.01542	0.01469	0.01023	0.00611	0.00527	0.00163	0.00581	0.00480	0.00504	0.03268
15	0.01781	0.01400	0.01335	0.01136	0.01468	0.15527	0.00896	0.13429	0.32753	0.18668	0.03166	0.01690	0.01335	0.00681	0.00558	0.00168	0.02143	0.00530	0.00516	0.00819
16	0.02324	0.00943	0.01251	0.00971	0.01378	0.00847	0.00798	0.04214	0.06917	0.71143	0.02105	0.01828	0.01342	0.00668	0.00540	0.00167	0.00457	0.00543	0.00653	0.00909
17	0.01272	0.00931	0.01050	0.00968	0.02226	0.03159	0.00738	0.15360	0.16648	0.08550	0.15784	0.18880	0.06192	0.01034	0.00601	0.00184	0.00419	0.04795	0.00536	0.00675
18	0.01854	0.01332	0.01610	0.06673	0.07056	0.01444	0.03591	0.47584	0.07958	0.11517	0.01439	0.03058	0.01050	0.00649	0.00544	0.00166	0.00579	0.00525	0.00503	0.00866
19	0.01144	0.01282	0.04762	0.01913	0.02346	0.01181	0.55625	0.01526	0.01214	0.01649	0.01458	0.12978	0.01353	0.00714	0.00678	0.00192	0.03146	0.05857	0.00317	0.00665
20	0.00865	0.00618	0.00865	0.00989	0.01112	0.00618	0.00865	0.01112	0.01236	0.01606	0.02842	0.06055	0.03089	0.01483	0.00741	0.00247	0.00494	0.74174	0.00494	0.00494
21	0.01190	0.20983	0.57003	0.01400	0.02096	0.03668	0.03329	0.01692	0.01137	0.01588	0.00912	0.01072	0.00685	0.00498	0.00474	0.00157	0.00750	0.00375	0.00230	0.00763
22	0.02293	0.00939	0.01242	0.00970	0.01373	0.00848	0.00795	0.02641	0.09647	0.69979	0.02125	0.01846	0.01362	0.00671	0.00540	0.00168	0.00453	0.00547	0.00652	0.00907
23	0.02397	0.00932	0.01257	0.00964	0.01379	0.00816	0.00796	0.04883	0.01567	0.75848	0.02092	0.01810	0.01316	0.00664	0.00540	0.00166	0.00461	0.00538	0.00660	0.00914
24	0.00716	0.00572	0.00685	0.00745	0.03609	0.00517	0.00523	0.00908	0.02728	0.01623	0.20424	0.19444	0.39463	0.01326	0.00644	0.00188	0.00302	0.04588	0.00511	0.00486
25	0.03103	0.31451	0.04478	0.00889	0.01218	0.06534	0.00793	0.01584	0.05629	0.08363	0.24094	0.02195	0.06173	0.00740	0.00490	0.00147	0.00475	0.00584	0.00413	0.00648
26	0.02272	0.00923	0.01231	0.00952	0.01348	0.00821	0.00783	0.06870	0.01594	0.68430	0.07305	0.01947	0.01564	0.00693	0.00546	0.00166	0.00451	0.00566	0.00652	0.00885
27	0.00657	0.00469	0.00626	0.00745	0.00779	0.00438	0.00499	0.00755	0.01042	0.01393	0.05101	0.78579	0.03594	0.01665	0.00684	0.00217	0.00310	0.01510	0.00501	0.00438
28	0.02005	0.01409	0.01536	0.01191	0.01603	0.01541	0.00979	0.64800	0.05119	0.09678	0.01442	0.03726	0.01054	0.00680	0.00542	0.00164	0.00565	0.00524	0.00547	0.00896
29	0.08029	0.00977	0.01454	0.60124	0.03059	0.03354	0.01287	0.01475	0.01136	0.06962	0.06190	0.01574	0.01041	0.00581	0.00525	0.00175	0.00648	0.00496	0.00301	0.00612
30	0.01100	0.07999	0.73340	0.01489	0.02261	0.01305	0.01913	0.01694	0.01130	0.01671	0.00949	0.01115	0.00681	0.00507	0.00499	0.00166	0.00779	0.00389	0.00227	0.00786
31	0.00654	0.00467	0.00623	0.00747	0.00779	0.00436	0.00498	0.00747	0.01028	0.01370	0.02959	0.80785	0.03550	0.01682	0.00685	0.00218	0.00311	0.01526	0.00498	0.00436
32	0.01898	0.01381	0.01459	0.01172	0.01557	0.04790	0.00953	0.46621	0.18124	0.11664	0.01600	0.01626	0.01168	0.00685	0.00543	0.00168	0.00553	0.02622	0.00541	0.00875
33	0.01329	0.01275	0.02179	0.03295	0.77787	0.01275	0.01647	0.01647	0.01222	0.01754	0.01010	0.01329	0.00850	0.00478	0.00531	0.00159	0.00638	0.00478	0.00266	0.00850
34	0.00653	0.00469	0.00621	0.00742	0.00777	0.00436	0.00496	0.00748	0.01033	0.01373	0.03028	0.78677	0.05614	0.01673	0.00684	0.00217	0.00310	0.01515	0.00498	0.00436
35	0.01014	0.00954	0.01610	0.79845	0.03697	0.01193	0.01491	0.01371	0.01073	0.01371	0.00954	0.01431	0.00716	0.00537	0.00537	0.00179	0.00716	0.00477	0.00239	0.00596
36	0.01335	0.01153	0.01214	0.01092	0.01396	0.01335	0.00850	0.02852	0.76817	0.02245	0.02185	0.02003	0.01639	0.00728	0.00546	0.00182	0.00425	0.00607	0.00546	0.00850
37	0.84927	0.01038	0.00789	0.00706	0.01038	0.01204	0.00581	0.01578	0.00914	0.02408	0.00747	0.00872	0.00581	0.00498	0.00332	0.00166	0.00415	0.00291	0.00332	0.00581
38	0.01014	0.00954	0.01610	0.79845	0.03697	0.01193	0.01491	0.01371	0.01073	0.01371	0.00954	0.01431	0.00716	0.00537	0.00537	0.00179	0.00716	0.00477	0.00239	0.00596
39	0.02294	0.00888	0.01209	0.00936	0.01331	0.00769	0.00769	0.02505	0.01535	0.72879	0.07354	0.01979	0.01588	0.00694	0.00546	0.00166	0.00443	0.00570	0.00659	0.00885
40	0.01985	0.01458	0.01551	0.01209	0.01623	0.02964	0.00992	0.63594	0.10092	0.06870	0.01413	0.01383	0.01004	0.00652	0.00537	0.00163	0.00574	0.00496	0.00539	0.00901
41	0.01655	0.01022	0.04007	0.00912	0.01355	0.00822	0.00766	0.04246	0.05617	0.32049	0.03682	0.01535	0.01175	0.00553	0.00477	0.00128	0.00439	0.00449	0.00479	0.38632
42	0.84927	0.01038	0.00789	0.00706	0.01038	0.01204	0.00581	0.01578	0.00914	0.02408	0.00747	0.00872	0.00581	0.00498	0.00332	0.00166	0.00415	0.00291	0.00332	0.00581
43	0.00853	0.00614	0.00848	0.00965	0.01091	0.00609	0.00840	0.01094	0.01235	0.01598	0.02981	0.06007	0.07082	0.01476	0.00736	0.00244	0.00482	0.70258	0.00495	0.00492
44	0.00654	0.00467	0.00623	0.00747	0.00779	0.00436	0.00498	0.00747	0.01028	0.01370	0.02959	0.80785	0.03550	0.01682	0.00685	0.00218	0.00311	0.01526	0.00498	0.00436
45	0.01435	0.81458	0.02813	0.00918	0.01378	0.02124	0.00918	0.01607	0.01091	0.01263	0.00746	0.00861	0.00689	0.00459	0.00344	0.00115	0.00574	0.00287	0.00230	0.00689
46	0.01174	0.01174	0.01644	0.01409	0.01409	0.01644	0.01174	0.01292	0.00822	0.01292	0.00705	0.01174	0.00705	0.00940	0.01762	0.00235	0.80153	0.00470	0.00235	0.00587
47	0.00643	0.00544	0.00556	0.00553	0.00730	0.00457	0.00415	0.00787	0.01244	0.01498	0.10309	0.05088	0.72668	0.01342	0.00634	0.00180	0.00271	0.01122	0.00505	0.00457
48	0.00824	0.00734	0.00724	0.00727	0.00907	0.05853	0.00567	0.01081	0.06512	0.01567	0.09115	0.06367	0.48080	0.01272	0.00637	0.00190	0.00367	0.13481	0.00492	0.00502
49	0.00769	0.00562	0.00724	0.00681	0.00813	0.00523	0.00512	0.01047	0.03124	0.02139	0.74312	0.03992	0.06581	0.01095	0.00631	0.00169	0.00257	0.00967	0.00588	0.00513
50	0.01062	0.05151	0.68412	0.01451	0.02166	0.01210	0.01830	0.01630	0.01136	0.01670	0.01140	0.03733	0.00925	0.00608	0.00525	0.00175	0.00752	0.05412	0.00253	0.00759
51	0.01605	0.01169	0.01310	0.01106	0.01448	0.02618	0.02986	0.12649	0.47123	0.15781	0.02115	0.01956	0.04229	0.00718	0.00548	0.00176	0.00471	0.00594	0.00552	0.00847
52	0.32808	0.08686	0.02663	0.03203	0.01386	0.08098	0.00866	0.11434	0.02466	0.08863	0.00994	0.01134	0.00772	0.00699	0.02842	0.00188	0.11477	0.00387	0.00359	0.00674
53	0.75476	0.10142	0.01018	0.00730	0.01077	0.01308	0.00620	0.01581	0.00934	0.02279	0.00747	0.00871	0.00594	0.00494	0.00334	0.00160	0.00433	0.00290	0.00321	0.00594
54	0.00918	0.00590	0.00773	0.00728	0.00875	0.00548	0.00553	0.01173	0.02836	0.08952	0.58512	0.09701	0.04393	0.02521	0.00669	0.00183	0.00296	0.04660	0.00580	0.00541
55	0.01296	0.01258	0.02194	0.10180	0.65987	0.01273	0.06648	0.01627	0.01212	0.01717	0.01010	0.01346	0.00836	0.00482	0.00539	0.00163	0.00663	0.00489	0.00264	0.00819
56	0.00953	0.00745	0.00903	0.00927	0.01097	0.00784	0.00748	0.01549	0.23363	0.01827	0.12174	0.12544	0.07520	0.01227	0.00658	0.00211	0.00411	0.31245	0.00522	0.00591
57	0.04499	0.01023	0.01196	0.00876	0.01337	0.03020	0.02930	0.02758	0.01188	0.09579	0.01071	0.01185	0.00841	0.00439	0.00421	0.00098	0.00439	0.00353	0.00355	0.66391
58	0.00658	0.00470	0.00628	0.00752	0.00785	0.00440	0.00505	0.00755	0.01032	0.01375	0.02956	0.79325	0.03541	0.01678	0.00686	0.00219	0.00315	0.02945	0.00498	0.00437
59	0.01930	0.02032	0.01463	0.01258	0.01572	0.46595	0.00975	0.26546	0.01819	0.02059	0.01061	0.01163	0.00824	0.00590	0.00492	0.00145	0.00781	0.00405	0.07583	0.00708
60	0.03493	0.01081	0.01736	0.42019	0.02705	0.01373	0.07904	0.01379	0.00994	0.01403	0.00868	0.01323	0.00716	0.00676	0.00988	0.00199	0.29814	0.00483	0.00243	0.00604
61	0.00714	0.00536	0.00669	0.00715	0.00828	0.00491	0.00540	0.00889	0.01250	0.01646	0.23957	0.26784	0.23633	0.01402	0.00667	0.00200	0.00316	0.13771	0.00523	0.00470
62	0.02395	0.00935	0.01259	0.00965	0.01381	0.00821	0.00797	0.05306	0.01573	0.75417	0.02087	0.01807	0.01314	0.00664	0.00540	0.00166	0.00462	0.00538	0.00660	0.00914
63	0.01115	0.00619	0.00822	0.00749	0.00926	0.00560	0.00569	0.01335	0.01451	0.19141	0.49606	0.14779	0.04002	0.01086	0.00620	0.00175	0.00308	0.00955	0.00594	0.00588
64	0.00777	0.00555	0.00709	0.00667	0.00804	0.00506	0.00501	0.01017	0.01489	0.03498	0.68481	0.04091	0.12655	0.01117	0.00632	0.00170	0.00259	0.00980	0.00583	0.00508
65	0.02035	0.01470	0.01585	0.01220	0.01645	0.01621	0.01006	0.71021	0.04615	0.06284	0.01347	0.01330	0.00950	0.00648	0.00537	0.00162	0.00581	0.00489	0.00542	0.00911
66	0.00802	0.00559	0.00727	0.00679	0.00816	0.00513	0.00512	0.01051	0.01511	0.04251	0.73336	0.03982	0.07039	0.01093	0.00631	0.00169	0.00259	0.00963	0.00590	0.00516
67	0.00889	0.00600	0.00744	0.00782	0.00906	0.00567	0.00577	0.06009	0.01226	0.06882	0.03258	0.46837	0.17617	0.01456	0.00661	0.00207	0.00353	0.09405	0.00512	0.00511
68	0.07273	0.70539	0.02585	0.00935	0.01373	0.07255	0.00903	0.01642	0.01107	0.01346	0.00752	0.00869	0.00682	0.00468	0.00353	0.00120	0.00590	0.00291	0.00240	0.00677
69	0.01556	0.01066	0.01234	0.00961	0.01351	0.01008	0.00769	0.26617	0.01640	0.13653	0.01515	0.12198	0.01292	0.00697	0.00505	0.00139	0.00460	0.00572	0.00468	0.32297
70	0.01279	0.01386	0.07389	0.02737	0.50086	0.01342	0.12386	0.01607	0.01161	0.01674	0.00971	0.01309	0.00811	0.00547	0.00733	0.00175	0.12865	0.00494	0.00259	0.00788
71	0.01335	0.01153	0.01214	0.01092	0.01396	0.01335	0.00850	0.02852	0.76817	0.02245	0.02185	0.02003	0.01639	0.00728	0.00546	0.00182	0.00425	0.00607	0.00546	0.00850
72	0.00654	0.00467	0.00623	0.00747	0.00779	0.00436	0.00498	0.00747	0.01028	0.01370	0.02959	0.80785	0.03550	0.01682	0.00685	0.00218	0.00311	0.01526	0.00498	0.00436
73	0.01990	0.01553	0.01578	0.01236	0.01646	0.07013	0.01010	0.65923	0.07476	0.03162	0.01317	0.01315	0.00947	0.00644	0.00534	0.00161	0.00606	0.00482	0.00520	0.00888
74	0.00735	0.00548	0.00684	0.00650	0.00787	0.00496	0.00487	0.00966	0.01462	0.02017	0.63558	0.04233	0.19095	0.01148	0.00633	0.00171	0.00257	0.01002	0.00573	0.00496
75	0.01441	0.01529	0.01212	0.01158	0.01390	0.31311	0.00902	0.02031	0.24915	0.01676	0.01862	0.08003	0.01736	0.00900	0.00576	0.00182	0.00644	0.17455	0.00426	0.00651
76	0.01113	0.00954	0.01113	0.00795	0.01272	0.00716	0.00636	0.01352	0.01113	0.01749	0.00954	0.01113	0.00795	0.00398	0.00398	0.00080	0.00398	0.00318	0.00318	0.84417
77	0.00768	0.00572	0.00847	0.00847	0.00937	0.00662	0.00651	0.00948	0.00858	0.01234	0.01452	0.02189	0.01377	0.08442	0.74639	0.00843	0.01385	0.00587	0.00290	0.00470
78	0.01452	0.79191	0.02776	0.00932	0.01386	0.04332	0.00922	0.01623	0.01103	0.01264	0.00749	0.00864	0.00689	0.00462	0.00348	0.00115	0.00585	0.00289	0.00231	0.00687
79	0.01120	0.00959	0.01112	0.00814	0.01272	0.00753	0.00648	0.01443	0.06229	0.01776	0.01071	0.02524	0.00899	0.00442	0.00412	0.00089	0.00398	0.00358	0.00337	0.77344
80	0.01856	0.12755	0.07241	0.01270	0.01652	0.38050	0.01071	0.20963	0.04640	0.04096	0.01035	0.01113	0.00802	0.00571	0.00485	0.00146	0.00770	0.00392	0.00355	0.00735
81	0.01671	0.01065	0.01236	0.01064	0.01391	0.01132	0.00865	0.15116	0.31885	0.22731	0.02116	0.02471	0.01659	0.00816	0.00574	0.00184	0.00473	0.12162	0.00568	0.00822
82	0.00737	0.00536	0.00690	0.00757	0.00840	0.00507	0.00547	0.03000	0.01209	0.01620	0.18339	0.48796	0.09568	0.01486	0.00672	0.00207	0.00324	0.09176	0.00518	0.00472
83	0.01341	0.01285	0.02194	0.03224	0.74158	0.01286	0.03677	0.03177	0.01250	0.01786	0.01018	0.01331	0.00851	0.00481	0.00534	0.00160	0.00644	0.00483	0.00271	0.00848
84	0.01458	0.02200	0.44582	0.01542	0.05812	0.05987	0.06088	0.13856	0.01438	0.10277	0.01143	0.01253	0.00806	0.00546	0.00525	0.00166	0.00734	0.00442	0.00332	0.00814
85	0.00673	0.00499	0.00629	0.00695	0.00774	0.00454	0.00483	0.00808	0.01168	0.01551	0.19262	0.50631	0.17410	0.01499	0.00665	0.00201	0.00292	0.01336	0.00518	0.00454
86	0.01093	0.05527	0.72845	0.01504	0.02256	0.01293	0.01916	0.01682	0.01120	0.01669	0.00946	0.01125	0.00681	0.00524	0.00550	0.00170	0.03695	0.00395	0.00227	0.00782
87	0.02746	0.01428	0.01805	0.05445	0.37976	0.12565	0.01327	0.08365	0.08420	0.01822	0.01086	0.01325	0.00888	0.00589	0.00673	0.00168	0.10494	0.00468	0.01638	0.00770
88	0.02408	0.00914	0.01246	0.00955	0.01370	0.00789	0.00789	0.02616	0.01536	0.78158	0.02118	0.01827	0.01329	0.00664	0.00540	0.00166	0.00457	0.00540	0.00664	0.00914
89	0.00636	0.00538	0.00549	0.00558	0.00729	0.00452	0.00414	0.00769	0.01210	0.01445	0.05266	0.10419	0.72427	0.01382	0.00638	0.00184	0.00275	0.01160	0.00498	0.00452
90	0.00760	0.00576	0.00723	0.05993	0.00981	0.00536	0.00545	0.00969	0.01356	0.03325	0.41322	0.09515	0.29063	0.01180	0.00629	0.00177	0.00299	0.01022	0.00531	0.00498
91	0.01880	0.01592	0.05947	0.01254	0.01665	0.09580	0.02366	0.52670	0.04314	0.05715	0.01384	0.01621	0.01062	0.00685	0.00546	0.00166	0.00631	0.05591	0.00490	0.00842
92	0.02010	0.01474	0.01578	0.01213	0.01634	0.01630	0.01001	0.73773	0.02482	0.03342	0.01303	0.01310	0.00927	0.00644	0.00532	0.00160	0.00581	0.00484	0.03023	0.00901
93	0.01149	0.00953	0.01117	0.00799	0.01275	0.00718	0.00640	0.01386	0.01125	0.03853	0.00986	0.01133	0.00810	0.00405	0.00401	0.00082	0.00399	0.00324	0.00328	0.82118
94	0.00654	0.00467	0.00623	0.00747	0.00779	0.00436	0.00498	0.00747	0.01028	0.01370	0.02959	0.80785	0.03550	0.01682	0.00685	0.00218	0.00311	0.01526	0.00498	0.00436
95	0.79276	0.01054	0.00883	0.00881	0.06226	0.01209	0.00653	0.01583	0.00934	0.02364	0.00765	0.00903	0.00600	0.00497	0.00346	0.00166	0.00430	0.00303	0.00328	0.00600
96	0.00654	0.00483	0.00612	0.00711	0.00770	0.00441	0.00483	0.00760	0.01076	0.01408	0.05683	0.65580	0.16158	0.01609	0.00675	0.00210	0.00303	0.01442	0.00501	0.00441
97	0.02018	0.02485	0.01515	0.01366	0.01651	0.74891	0.01029	0.03756	0.01543	0.03733	0.00879	0.01002	0.00716	0.00559	0.00487	0.00140	0.00944	0.00355	0.00294	0.00638
98	0.01113	0.00954	0.01113	0.00795	0.01272	0.00716	0.00636	0.01352	0.01113	0.01749	0.00954	0.01113	0.00795	0.00398	0.00398	0.00080	0.00398	0.00318	0.00318	0.84417
99	0.01194	0.01111	0.01747	0.09887	0.28881	0.01167	0.10122	0.01818	0.20811	0.01794	0.01701	0.07474	0.03514	0.00722	0.00576	0.00180	0.00580	0.05602	0.00375	0.00746
100	0.01233	0.03799	0.01079	0.00843	0.01136	0.00834	0.00667	0.11549	0.04870	0.10180	0.28310	0.09298	0.02649	0.00836	0.00545	0.00149	0.00379	0.00712	0.00504	0.20428
101	0.01378	0.68949	0.14822	0.01016	0.01528	0.01985	0.01088	0.01622	0.01097	0.01332	0.00781	0.00904	0.00687	0.00467	0.00371	0.00124	0.00609	0.00304	0.00229	0.00705
102	0.73096	0.03454	0.00929	0.00789	0.01119	0.10144	0.00643	0.01644	0.00988	0.02251	0.00757	0.00883	0.00597	0.00503	0.00350	0.00161	0.00483	0.00297	0.00323	0.00589
103	0.01376	0.07698	0.22534	0.01789	0.02353	0.09586	0.36501	0.08393	0.01358	0.01787	0.01020	0.01258	0.00766	0.00496	0.00556	0.00167	0.00830	0.00503	0.00281	0.00746
104	0.01019	0.00941	0.01522	0.69023	0.03342	0.01156	0.01380	0.01450	0.06365	0.01485	0.06214	0.01645	0.01074	0.00588	0.00544	0.00178	0.00664	0.00519	0.00284	0.00608
105	0.00651	0.00479	0.00610	0.00715	0.00770	0.00439	0.00484	0.00751	0.01059	0.01383	0.03350	0.68845	0.15238	0.01631	0.00677	0.00212	0.00305	0.01464	0.00498	0.00439
106	0.00716	0.00612	0.00674	0.05955	0.00978	0.00567	0.00520	0.00968	0.06475	0.01535	0.08675	0.06787	0.61130	0.01255	0.00623	0.00182	0.00313	0.01055	0.00489	0.00493
107	0.01979	0.00846	0.01126	0.00900	0.01245	0.00757	0.00729	0.02272	0.05841	0.56852	0.18946	0.02324	0.02180	0.00765	0.00561	0.00168	0.00410	0.00640	0.00641	0.00819
108	0.01635	0.01077	0.01194	0.00933	0.01317	0.06004	0.00749	0.13303	0.03193	0.23877	0.11254	0.01813	0.03186	0.00640	0.00504	0.00137	0.00461	0.00516	0.00492	0.27715
109	0.00644	0.00539	0.00561	0.00567	0.00734	0.00455	0.00421	0.00785	0.01229	0.01490	0.09962	0.10344	0.67702	0.01365	0.00638	0.00183	0.00273	0.01150	0.00504	0.00455
110	0.01113	0.00954	0.01113	0.00795	0.01272	0.00716	0.00636	0.01352	0.01113	0.01749	0.00954	0.01113	0.00795	0.00398	0.00398	0.00080	0.00398	0.00318	0.00318	0.84417
111	0.01204	0.00973	0.01228	0.06466	0.06619	0.00791	0.00774	0.01455	0.01145	0.06650	0.01033	0.01196	0.00828	0.00430	0.00425	0.00097	0.00440	0.00354	0.00331	0.67562

[dist]
# distance from previous block
# <min> <max>
0	9

[block]
# block no. 3 follows, 45 sequences, length 37
# corresponding to MSA columns:
# 315-351
name=unknown_D
#
# <colnr> <probs for GDERKNQSTAVLIFYWHMCP>
#	G	D	E	R	K	N	Q	S	T	A	V	L	I	F	Y	W	H	M	C	P
0	0.00664	0.00474	0.00634	0.00758	0.00794	0.00444	0.00515	0.00764	0.01037	0.01381	0.02953	0.77371	0.03529	0.01673	0.00688	0.00219	0.00320	0.04845	0.00498	0.00439
1	0.01335	0.01153	0.01214	0.01092	0.01396	0.01335	0.00850	0.02852	0.76817	0.02245	0.02185	0.02003	0.01639	0.00728	0.00546	0.00182	0.00425	0.00607	0.00546	0.00850
2	0.01329	0.01275	0.02179	0.03295	0.77787	0.01275	0.01647	0.01647	0.01222	0.01754	0.01010	0.01329	0.00850	0.00478	0.00531	0.00159	0.00638	0.00478	0.00266	0.00850
3	0.01077	0.02777	0.78354	0.01530	0.02323	0.01247	0.01983	0.01700	0.01133	0.01700	0.00963	0.01133	0.00680	0.00510	0.00510	0.00170	0.00793	0.00397	0.00227	0.00793
4	0.01341	0.01445	0.01610	0.01397	0.01458	0.16799	0.01140	0.01493	0.02647	0.01317	0.00762	0.01152	0.00723	0.00859	0.01484	0.00215	0.62858	0.00448	0.00250	0.00600
5	0.00793	0.00584	0.00700	0.00730	0.00881	0.00550	0.00591	0.01041	0.03612	0.01706	0.16766	0.04850	0.29610	0.01262	0.00642	0.00196	0.00347	0.25793	0.08851	0.00493
6	0.01248	0.01580	0.10663	0.02189	0.02757	0.01346	0.68474	0.01718	0.01254	0.01718	0.01074	0.01417	0.00801	0.00458	0.00621	0.00180	0.00894	0.00610	0.00267	0.00731
7	0.02298	0.00989	0.01280	0.00992	0.01401	0.00914	0.00816	0.09948	0.06805	0.65490	0.02040	0.01785	0.01309	0.00667	0.00540	0.00167	0.00468	0.00539	0.00644	0.00909
8	0.00786	0.00569	0.00765	0.00847	0.00957	0.00548	0.00689	0.00996	0.01250	0.01656	0.17747	0.20238	0.09077	0.01437	0.00701	0.00221	0.00395	0.40126	0.00514	0.00482
9	0.04411	0.00702	0.00658	0.00619	0.00786	0.03942	0.00474	0.06496	0.04134	0.02093	0.01658	0.01865	0.01294	0.00623	0.00396	0.00132	0.00317	0.00489	0.68363	0.00550
10	0.01329	0.01275	0.02179	0.03295	0.77787	0.01275	0.01647	0.01647	0.01222	0.01754	0.01010	0.01329	0.00850	0.00478	0.00531	0.00159	0.00638	0.00478	0.00266	0.00850
11	0.00725	0.00530	0.00681	0.00680	0.00790	0.00486	0.00496	0.00931	0.01382	0.01913	0.54205	0.21512	0.11165	0.01253	0.00645	0.00181	0.00268	0.01111	0.00562	0.00486
12	0.00924	0.00585	0.00770	0.00703	0.00859	0.00535	0.00535	0.01173	0.01521	0.09730	0.69988	0.03792	0.04692	0.01054	0.00624	0.00169	0.00274	0.00928	0.00598	0.00547
13	0.09412	0.01101	0.01211	0.01006	0.01360	0.04127	0.00805	0.07230	0.27877	0.35080	0.01904	0.01775	0.01333	0.02620	0.00574	0.00179	0.00472	0.00535	0.00561	0.00835
14	0.01329	0.01275	0.02179	0.03295	0.77787	0.01275	0.01647	0.01647	0.01222	0.01754	0.01010	0.01329	0.00850	0.00478	0.00531	0.00159	0.00638	0.00478	0.00266	0.00850
15	0.01997	0.01297	0.01452	0.01130	0.01519	0.01400	0.00930	0.51891	0.04175	0.18151	0.01492	0.01461	0.01041	0.00658	0.00565	0.00162	0.03001	0.00499	0.06306	0.00873
16	0.15779	0.01040	0.01100	0.00892	0.01219	0.01104	0.00726	0.29257	0.01685	0.16790	0.01479	0.01515	0.01062	0.00618	0.00459	0.00153	0.00443	0.00466	0.23470	0.00744
17	0.01077	0.02777	0.78354	0.01530	0.02323	0.01247	0.01983	0.01700	0.01133	0.01700	0.00963	0.01133	0.00680	0.00510	0.00510	0.00170	0.00793	0.00397	0.00227	0.00793
18	0.01463	0.59157	0.04042	0.00976	0.01392	0.09577	0.00920	0.01740	0.06374	0.03531	0.05620	0.01177	0.01041	0.00533	0.00399	0.00128	0.00585	0.00366	0.00290	0.00691
19	0.08181	0.00728	0.00893	0.00772	0.00995	0.00694	0.00594	0.03279	0.03418	0.23671	0.37852	0.02962	0.03113	0.09534	0.00804	0.00206	0.00366	0.00751	0.00559	0.00627
20	0.01270	0.01215	0.02073	0.17585	0.63955	0.01260	0.01618	0.01596	0.01194	0.01682	0.00999	0.01348	0.00825	0.00489	0.00532	0.00163	0.00652	0.00478	0.00261	0.00803
21	0.01094	0.01171	0.02450	0.01835	0.02234	0.01098	0.54585	0.01445	0.01199	0.01621	0.01614	0.23828	0.01586	0.00799	0.00648	0.00191	0.00738	0.00885	0.00335	0.00643
22	0.01994	0.01478	0.01611	0.04826	0.01757	0.01643	0.01042	0.72588	0.02458	0.03291	0.01273	0.01295	0.00904	0.00639	0.00537	0.00162	0.00596	0.00483	0.00523	0.00898
23	0.00655	0.00545	0.00573	0.00566	0.00738	0.00462	0.00424	0.00811	0.01273	0.01568	0.17507	0.04972	0.65426	0.01316	0.00634	0.00179	0.00269	0.01106	0.00514	0.00462
24	0.01014	0.00954	0.01610	0.79845	0.03697	0.01193	0.01491	0.01371	0.01073	0.01371	0.00954	0.01431	0.00716	0.00537	0.00537	0.00179	0.00716	0.00477	0.00239	0.00596
25	0.01014	0.00954	0.01610	0.79845	0.03697	0.01193	0.01491	0.01371	0.01073	0.01371	0.00954	0.01431	0.00716	0.00537	0.00537	0.00179	0.00716	0.00477	0.00239	0.00596
26	0.05618	0.00950	0.01247	0.00960	0.01373	0.00852	0.00793	0.06497	0.01565	0.71198	0.02020	0.01761	0.01277	0.00657	0.00532	0.00166	0.00462	0.00527	0.00645	0.00900
27	0.01014	0.00954	0.01610	0.79845	0.03697	0.01193	0.01491	0.01371	0.01073	0.01371	0.00954	0.01431	0.00716	0.00537	0.00537	0.00179	0.00716	0.00477	0.00239	0.00596
28	0.01274	0.01410	0.02953	0.02409	0.15386	0.01353	0.60981	0.01694	0.01245	0.01712	0.01061	0.01419	0.00817	0.00472	0.00652	0.00179	0.03370	0.00602	0.00269	0.00741
29	0.01332	0.06972	0.09796	0.02895	0.62605	0.03792	0.01612	0.01666	0.01214	0.01701	0.00981	0.01266	0.00817	0.00483	0.00515	0.00157	0.00659	0.00453	0.00260	0.00826
30	0.02408	0.00914	0.01246	0.00955	0.01370	0.00789	0.00789	0.02616	0.01536	0.78158	0.02118	0.01827	0.01329	0.00664	0.00540	0.00166	0.00457	0.00540	0.00664	0.00914
31	0.00722	0.00527	0.00723	0.00816	0.00881	0.00502	0.02030	0.00853	0.01071	0.01413	0.02891	0.54660	0.05581	0.06717	0.00827	0.00242	0.00377	0.18236	0.00482	0.00448
32	0.01425	0.79343	0.04843	0.00935	0.01403	0.02100	0.00947	0.01610	0.01092	0.01275	0.00752	0.00868	0.00689	0.00461	0.00349	0.00116	0.00580	0.00290	0.00230	0.00692
33	0.01516	0.01142	0.01415	0.01171	0.01518	0.01226	0.08315	0.14101	0.39084	0.12428	0.02175	0.02198	0.06675	0.00754	0.00567	0.00179	0.00496	0.03699	0.00528	0.00814
34	0.00847	0.00597	0.00657	0.00627	0.00827	0.00517	0.00483	0.01035	0.02894	0.09182	0.11191	0.04703	0.58859	0.01259	0.00628	0.00182	0.00301	0.04173	0.00524	0.00514
35	0.01369	0.01282	0.02124	0.05275	0.70506	0.01300	0.01600	0.06746	0.01308	0.01855	0.01027	0.01329	0.00851	0.00491	0.00532	0.00160	0.00637	0.00479	0.00284	0.00848
36	0.01436	0.01239	0.02086	0.03062	0.70168	0.01227	0.01562	0.01744	0.01254	0.09371	0.01120	0.01378	0.00898	0.00497	0.00532	0.00160	0.00620	0.00484	0.00305	0.00857

[dist]
# distance from previous block
# <min> <max>
0	23

[block]
# block no. 4 follows, 45 sequences, length 39
# corresponding to MSA columns:
# 375-413
name=unknown_E
#
# <colnr> <probs for GDERKNQSTAVLIFYWHMCP>
#	G	D	E	R	K	N	Q	S	T	A	V	L	I	F	Y	W	H	M	C	P
0	0.06122	0.01406	0.01521	0.01169	0.01594	0.01528	0.00965	0.62865	0.02308	0.11204	0.01342	0.01321	0.00938	0.00634	0.00524	0.00160	0.00563	0.00476	0.00535	0.02825
1	0.23373	0.01289	0.01281	0.02561	0.01436	0.05449	0.00853	0.36774	0.01797	0.10368	0.03008	0.01402	0.03039	0.00637	0.00509	0.00163	0.02287	0.00460	0.02547	0.00767
2	0.00762	0.00539	0.00677	0.00719	0.00802	0.00523	0.00516	0.00880	0.01030	0.03030	0.04195	0.24883	0.17015	0.20656	0.11776	0.00371	0.00531	0.10222	0.00434	0.00438
3	0.01451	0.01154	0.01295	0.00955	0.01415	0.01061	0.00776	0.28557	0.01627	0.02345	0.01076	0.01177	0.00838	0.00488	0.00448	0.00109	0.00468	0.00378	0.00398	0.53983
4	0.01359	0.03377	0.09342	0.02944	0.64426	0.01290	0.01619	0.03759	0.01256	0.04018	0.01039	0.01312	0.00846	0.00491	0.00525	0.00160	0.00644	0.00468	0.00280	0.00845
5	0.01435	0.81458	0.02813	0.00918	0.01378	0.02124	0.00918	0.01607	0.01091	0.01263	0.00746	0.00861	0.00689	0.00459	0.00344	0.00115	0.00574	0.00287	0.00230	0.00689
6	0.03237	0.55709	0.18326	0.01094	0.01606	0.05845	0.03016	0.01645	0.01130	0.01410	0.02277	0.00998	0.00772	0.00488	0.00399	0.00131	0.00638	0.00335	0.00242	0.00702
7	0.01410	0.00722	0.00924	0.00809	0.01058	0.00657	0.00637	0.01690	0.06018	0.31440	0.22577	0.10466	0.14194	0.01018	0.00601	0.00178	0.00361	0.03981	0.00590	0.00670
8	0.01329	0.01275	0.02179	0.03295	0.77787	0.01275	0.01647	0.01647	0.01222	0.01754	0.01010	0.01329	0.00850	0.00478	0.00531	0.00159	0.00638	0.00478	0.00266	0.00850
9	0.01060	0.01001	0.01693	0.68710	0.14474	0.01205	0.01514	0.01412	0.01095	0.01427	0.00962	0.01416	0.00735	0.00528	0.00536	0.00176	0.00704	0.00477	0.00242	0.00633
10	0.00670	0.00476	0.00616	0.00722	0.00752	0.00447	0.00474	0.00752	0.01000	0.01330	0.02850	0.69119	0.04995	0.11935	0.00948	0.00256	0.00338	0.01421	0.00476	0.00422
11	0.01077	0.02777	0.78354	0.01530	0.02323	0.01247	0.01983	0.01700	0.01133	0.01700	0.00963	0.01133	0.00680	0.00510	0.00510	0.00170	0.00793	0.00397	0.00227	0.00793
12	0.01329	0.01275	0.02179	0.03295	0.77787	0.01275	0.01647	0.01647	0.01222	0.01754	0.01010	0.01329	0.00850	0.00478	0.00531	0.00159	0.00638	0.00478	0.00266	0.00850
13	0.01077	0.02777	0.78354	0.01530	0.02323	0.01247	0.01983	0.01700	0.01133	0.01700	0.00963	0.01133	0.00680	0.00510	0.00510	0.00170	0.00793	0.00397	0.00227	0.00793
14	0.00713	0.00547	0.00652	0.00626	0.00773	0.00486	0.00469	0.00922	0.01408	0.01889	0.50445	0.04444	0.32288	0.01196	0.00634	0.00173	0.00260	0.01032	0.00556	0.00486
15	0.01262	0.43475	0.39280	0.01214	0.01834	0.01700	0.01433	0.01652	0.01111	0.01474	0.00851	0.00992	0.00685	0.00484	0.00424	0.00141	0.00680	0.00340	0.00228	0.00739
16	0.01177	0.24750	0.57257	0.01359	0.02059	0.01492	0.01686	0.01674	0.01121	0.01578	0.00903	0.01057	0.00682	0.00496	0.00464	0.00155	0.00732	0.00366	0.00227	0.00764
17	0.00698	0.00501	0.00670	0.00783	0.00840	0.00474	0.00564	0.00829	0.01096	0.01455	0.06665	0.60954	0.05709	0.01607	0.00692	0.00220	0.00341	0.14951	0.00502	0.00451
18	0.01335	0.01153	0.01214	0.01092	0.01396	0.01335	0.00850	0.02852	0.76817	0.02245	0.02185	0.02003	0.01639	0.00728	0.00546	0.00182	0.00425	0.00607	0.00546	0.00850
19	0.01329	0.01275	0.02179	0.03295	0.77787	0.01275	0.01647	0.01647	0.01222	0.01754	0.01010	0.01329	0.00850	0.00478	0.00531	0.00159	0.00638	0.00478	0.00266	0.00850
20	0.01276	0.01222	0.02084	0.16116	0.65378	0.01262	0.01621	0.01601	0.01197	0.01690	0.01000	0.01346	0.00828	0.00488	0.00532	0.00163	0.00651	0.00478	0.00261	0.00808
21	0.00852	0.00587	0.00692	0.00672	0.00714	0.00611	0.00425	0.05397	0.00906	0.01224	0.01660	0.05148	0.01836	0.62323	0.14275	0.00543	0.00660	0.00750	0.00337	0.00388
22	0.00721	0.00563	0.00656	0.00630	0.00785	0.00506	0.00473	0.00959	0.03496	0.01848	0.43935	0.04458	0.36622	0.01201	0.00631	0.00175	0.00266	0.01031	0.00549	0.00493
23	0.01329	0.01275	0.02179	0.03295	0.77787	0.01275	0.01647	0.01647	0.01222	0.01754	0.01010	0.01329	0.00850	0.00478	0.00531	0.00159	0.00638	0.00478	0.00266	0.00850
24	0.01962	0.01401	0.01543	0.01248	0.03676	0.01536	0.00995	0.58163	0.11997	0.09677	0.01469	0.01429	0.01041	0.00652	0.00538	0.00164	0.00559	0.00504	0.00542	0.00903
25	0.02219	0.00873	0.01177	0.00916	0.01303	0.00755	0.00752	0.02425	0.01516	0.69751	0.06017	0.02138	0.06164	0.00728	0.00550	0.00167	0.00436	0.00597	0.00651	0.00865
26	0.01215	0.33075	0.49265	0.01294	0.01959	0.01584	0.01573	0.01664	0.01117	0.01532	0.00880	0.01028	0.00683	0.00490	0.00446	0.00149	0.00709	0.00354	0.00228	0.00753
27	0.01372	0.67509	0.16205	0.01027	0.01545	0.01968	0.01107	0.01624	0.01098	0.01340	0.00785	0.00909	0.00687	0.00468	0.00374	0.00125	0.00613	0.00306	0.00229	0.00707
28	0.00882	0.00606	0.00804	0.00879	0.01012	0.00586	0.00725	0.01116	0.02908	0.05341	0.06647	0.18254	0.12314	0.01426	0.00699	0.00225	0.00421	0.44137	0.00510	0.00508
29	0.01067	0.00565	0.00572	0.00547	0.00692	0.00575	0.00417	0.06048	0.01215	0.02090	0.01721	0.01956	0.01346	0.00627	0.00386	0.00127	0.00272	0.00499	0.78751	0.00527
30	0.01318	0.01264	0.02159	0.05967	0.75200	0.01273	0.01642	0.01638	0.01217	0.01740	0.01008	0.01332	0.00846	0.00480	0.00532	0.00160	0.00640	0.00478	0.00265	0.00841
31	0.02172	0.01129	0.03302	0.01179	0.06121	0.01054	0.00925	0.21878	0.01768	0.49979	0.03653	0.01691	0.01265	0.00655	0.00540	0.00165	0.00507	0.00528	0.00594	0.00897
32	0.01329	0.01275	0.02179	0.03295	0.77787	0.01275	0.01647	0.01647	0.01222	0.01754	0.01010	0.01329	0.00850	0.00478	0.00531	0.00159	0.00638	0.00478	0.00266	0.00850
33	0.01104	0.08822	0.72549	0.01483	0.02251	0.01314	0.01901	0.01693	0.01130	0.01666	0.00947	0.01112	0.00681	0.00506	0.00497	0.00166	0.00776	0.00388	0.00227	0.00785
34	0.01325	0.01286	0.02128	0.07952	0.71415	0.03128	0.01623	0.01642	0.01220	0.01720	0.01002	0.01326	0.00838	0.00484	0.00531	0.00160	0.00650	0.00475	0.00264	0.00829
35	0.01099	0.07578	0.73745	0.01493	0.02266	0.01300	0.01918	0.01694	0.01131	0.01673	0.00950	0.01117	0.00681	0.00507	0.00500	0.00167	0.00780	0.00390	0.00227	0.00787
36	0.00640	0.00544	0.00552	0.00550	0.00729	0.00456	0.00412	0.00782	0.01237	0.01483	0.08831	0.05112	0.74155	0.01347	0.00634	0.00181	0.00271	0.01125	0.00503	0.00456
37	0.01470	0.01188	0.01315	0.07368	0.03468	0.03254	0.00929	0.17354	0.43121	0.05833	0.01951	0.05696	0.03154	0.00743	0.00550	0.00177	0.00493	0.00616	0.00508	0.00811
38	0.30401	0.01387	0.09604	0.01195	0.01631	0.03001	0.12495	0.15756	0.04491	0.11892	0.02561	0.01293	0.00912	0.00562	0.00480	0.00168	0.00579	0.00449	0.00404	0.00740

[dist]
# distance from previous block
# <min> <max>
0	3

# created by:
# /st0/software/busco_prod/Augustus/scripts/msa2prfl.pl ./align_prep/146428.fa
