[name]
unknown

[dist]
# distance from previous block
# <min> <max>
0	54

[block]
# block no. 0 follows, 47 sequences, length 15
# corresponding to MSA columns:
# 58-72
name=unknown_A
#
# <colnr> <probs for GDERKNQSTAVLIFYWHMCP>
#	G	D	E	R	K	N	Q	S	T	A	V	L	I	F	Y	W	H	M	C	P
0	0.05974	0.04019	0.04766	0.03243	0.01480	0.09593	0.03321	0.09271	0.26022	0.09994	0.01758	0.02278	0.01462	0.00759	0.00538	0.00176	0.00542	0.13632	0.00452	0.00720
1	0.14155	0.01427	0.02831	0.03121	0.11202	0.19916	0.00955	0.09747	0.06317	0.20722	0.01322	0.03843	0.00996	0.00600	0.00484	0.00156	0.00597	0.00460	0.00415	0.00735
2	0.21144	0.07551	0.01374	0.05962	0.01538	0.35181	0.00897	0.07255	0.11297	0.01782	0.00992	0.01091	0.00783	0.00545	0.00440	0.00148	0.00677	0.00369	0.00327	0.00646
3	0.39089	0.01212	0.07686	0.19276	0.01914	0.03546	0.07729	0.04875	0.01076	0.01948	0.00917	0.01232	0.00726	0.00523	0.00437	0.00164	0.00568	0.02749	0.00299	0.04034
4	0.03166	0.36601	0.29093	0.01355	0.09901	0.01587	0.01314	0.01702	0.07929	0.01535	0.00950	0.01075	0.00762	0.00489	0.00427	0.00142	0.00621	0.00363	0.00255	0.00732
5	0.00704	0.00533	0.00653	0.00646	0.00781	0.00482	0.00493	0.00907	0.01340	0.01797	0.45556	0.07872	0.27310	0.01202	0.00626	0.00176	0.00275	0.07642	0.00533	0.00471
6	0.00644	0.00460	0.00615	0.00736	0.00770	0.00431	0.00499	0.00741	0.01006	0.01340	0.02865	0.77996	0.03424	0.01623	0.00667	0.00213	0.00310	0.04753	0.00483	0.00426
7	0.00813	0.00581	0.00809	0.00929	0.01038	0.00577	0.00794	0.01034	0.01173	0.01529	0.02772	0.15467	0.03054	0.01463	0.00712	0.00236	0.00457	0.65608	0.00480	0.00472
8	0.00631	0.00466	0.00591	0.00691	0.00746	0.00426	0.00468	0.00729	0.01030	0.01343	0.03288	0.68108	0.16426	0.01577	0.00656	0.00205	0.00295	0.01414	0.00483	0.00426
9	0.01081	0.11066	0.70950	0.01422	0.02157	0.01299	0.01815	0.01640	0.01095	0.01604	0.00912	0.01072	0.00661	0.00490	0.00478	0.00159	0.00747	0.00374	0.00220	0.00759
10	0.16982	0.00908	0.01130	0.00884	0.01273	0.00836	0.00730	0.02360	0.01384	0.65323	0.01820	0.01609	0.01161	0.00616	0.00488	0.00161	0.00436	0.00481	0.00588	0.00829
11	0.01317	0.01028	0.01126	0.00838	0.01275	0.05959	0.00669	0.01569	0.03061	0.12403	0.01104	0.01188	0.00857	0.00440	0.00414	0.00095	0.00431	0.00347	0.00358	0.65520
12	0.01057	0.01063	0.08037	0.00833	0.01304	0.00728	0.00728	0.01315	0.01078	0.01676	0.01014	0.04683	0.00881	0.00451	0.00408	0.00091	0.00416	0.00368	0.00308	0.73559
13	0.04740	0.14063	0.26458	0.01237	0.01746	0.01303	0.08564	0.15877	0.01360	0.05156	0.01186	0.08322	0.00996	0.00607	0.00489	0.00154	0.00614	0.00502	0.00334	0.06292
14	0.04195	0.01319	0.10384	0.01071	0.01480	0.06254	0.02612	0.18903	0.03079	0.22344	0.01398	0.03116	0.01033	0.00904	0.08027	0.00213	0.00632	0.00473	0.00437	0.12127

[dist]
# distance from previous block
# <min> <max>
2	15

[block]
# block no. 1 follows, 47 sequences, length 15
# corresponding to MSA columns:
# 91-105
name=unknown_B
#
# <colnr> <probs for GDERKNQSTAVLIFYWHMCP>
#	G	D	E	R	K	N	Q	S	T	A	V	L	I	F	Y	W	H	M	C	P
0	0.08395	0.19600	0.01720	0.03123	0.04762	0.19575	0.03442	0.16998	0.03258	0.04878	0.01079	0.05122	0.00907	0.00580	0.00455	0.00142	0.00624	0.00433	0.00346	0.04562
1	0.02125	0.05085	0.04896	0.01033	0.03953	0.00902	0.00857	0.04225	0.03745	0.62788	0.01856	0.01654	0.01200	0.00617	0.00509	0.00157	0.00471	0.00498	0.00576	0.02854
2	0.01181	0.16976	0.56565	0.01395	0.02073	0.01350	0.06465	0.01676	0.01119	0.05216	0.00957	0.01103	0.00699	0.00489	0.00475	0.00156	0.00722	0.00387	0.00243	0.00752
3	0.00950	0.00689	0.00867	0.00778	0.00975	0.00662	0.04121	0.01336	0.13258	0.08696	0.24724	0.08753	0.25526	0.05446	0.00707	0.00191	0.00343	0.00906	0.00511	0.00560
4	0.00657	0.00524	0.00588	0.00582	0.00731	0.00456	0.00433	0.00823	0.01269	0.01626	0.29054	0.09544	0.49365	0.01255	0.00618	0.00174	0.00260	0.01072	0.00513	0.00456
5	0.01392	0.82012	0.02729	0.00891	0.01337	0.02061	0.00891	0.01559	0.01058	0.01225	0.00724	0.00835	0.00668	0.00446	0.00334	0.00111	0.00557	0.00278	0.00223	0.00668
6	0.02336	0.00886	0.01209	0.00927	0.01329	0.00765	0.00765	0.02538	0.01491	0.78810	0.02055	0.01773	0.01289	0.00645	0.00524	0.00161	0.00443	0.00524	0.00645	0.00886
7	0.00634	0.00453	0.00604	0.00725	0.00755	0.00423	0.00483	0.00725	0.00997	0.01329	0.02870	0.81358	0.03444	0.01632	0.00665	0.00211	0.00302	0.01480	0.00483	0.00423
8	0.01080	0.00926	0.01080	0.00771	0.01234	0.00694	0.00617	0.01311	0.01080	0.01697	0.00926	0.01080	0.00771	0.00386	0.00386	0.00077	0.00386	0.00309	0.00309	0.84882
9	0.00744	0.00558	0.00837	0.00837	0.00930	0.00651	0.00651	0.00930	0.00837	0.01209	0.01395	0.02046	0.01302	0.03906	0.79635	0.00837	0.01395	0.00558	0.00279	0.00465
10	0.00622	0.00528	0.00537	0.00534	0.00707	0.00442	0.00401	0.00760	0.01202	0.01443	0.09174	0.04952	0.74317	0.01305	0.00615	0.00175	0.00263	0.01091	0.00488	0.00442
11	0.01392	0.82012	0.02729	0.00891	0.01337	0.02061	0.00891	0.01559	0.01058	0.01225	0.00724	0.00835	0.00668	0.00446	0.00334	0.00111	0.00557	0.00278	0.00223	0.00668
12	0.13431	0.59431	0.08985	0.00937	0.01370	0.01835	0.00946	0.01548	0.01024	0.01423	0.00740	0.00875	0.00653	0.00479	0.00415	0.00129	0.04587	0.00297	0.00237	0.00657
13	0.01349	0.72230	0.12135	0.00964	0.01450	0.01956	0.01018	0.01570	0.01063	0.01278	0.00750	0.00868	0.00667	0.00452	0.00354	0.00118	0.00583	0.00292	0.00222	0.00681
14	0.00744	0.00558	0.00837	0.00837	0.00930	0.00651	0.00651	0.00930	0.00837	0.01209	0.01395	0.02046	0.01302	0.03906	0.79635	0.00837	0.01395	0.00558	0.00279	0.00465

[dist]
# distance from previous block
# <min> <max>
0	5

[block]
# block no. 2 follows, 47 sequences, length 33
# corresponding to MSA columns:
# 111-143
name=unknown_C
#
# <colnr> <probs for GDERKNQSTAVLIFYWHMCP>
#	G	D	E	R	K	N	Q	S	T	A	V	L	I	F	Y	W	H	M	C	P
0	0.00732	0.00535	0.00689	0.00659	0.00786	0.00492	0.00500	0.00968	0.01438	0.02009	0.68822	0.04072	0.10680	0.01102	0.00619	0.00168	0.00258	0.04419	0.00562	0.00487
1	0.01289	0.01237	0.02114	0.03196	0.78450	0.01237	0.01598	0.01598	0.01186	0.01701	0.00980	0.01289	0.00825	0.00464	0.00516	0.00155	0.00619	0.00464	0.00258	0.00825
2	0.04033	0.01485	0.21687	0.14428	0.06828	0.03805	0.07433	0.04738	0.01267	0.22206	0.01401	0.04864	0.02280	0.00601	0.00522	0.00166	0.00628	0.00516	0.00373	0.00739
3	0.01078	0.09320	0.70917	0.01450	0.02187	0.01283	0.03492	0.01642	0.01099	0.01614	0.00920	0.01084	0.00663	0.00489	0.00484	0.00161	0.00754	0.00381	0.00221	0.00760
4	0.00737	0.00532	0.00696	0.00655	0.00778	0.00491	0.00491	0.00983	0.01474	0.02088	0.78175	0.03890	0.04914	0.01065	0.00614	0.00164	0.00246	0.00942	0.00573	0.00491
5	0.01418	0.78288	0.02670	0.00912	0.01349	0.05691	0.00896	0.01584	0.01078	0.01228	0.00728	0.00840	0.00668	0.00450	0.00340	0.00112	0.00575	0.00281	0.00225	0.00665
6	0.00998	0.00931	0.01563	0.67441	0.10998	0.01123	0.01410	0.01329	0.01059	0.01375	0.01054	0.04312	0.00873	0.00581	0.00531	0.00175	0.00666	0.02736	0.00250	0.00595
7	0.00679	0.00485	0.00655	0.00776	0.00825	0.00461	0.00560	0.00802	0.01041	0.01379	0.02846	0.65042	0.03348	0.01590	0.00676	0.00218	0.00340	0.17360	0.00483	0.00435
8	0.00716	0.00529	0.00669	0.00640	0.00767	0.00482	0.00478	0.00941	0.01417	0.01966	0.65264	0.06820	0.15137	0.01121	0.00616	0.00167	0.00250	0.00983	0.00557	0.00482
9	0.01107	0.02557	0.72112	0.01495	0.02238	0.01196	0.05467	0.01687	0.01122	0.04859	0.00987	0.01142	0.00692	0.00498	0.00502	0.00165	0.00761	0.00402	0.00240	0.00771
10	0.01122	0.11036	0.62798	0.05222	0.02204	0.01288	0.03674	0.01651	0.01107	0.03907	0.00948	0.01113	0.00685	0.00494	0.00483	0.00160	0.00736	0.00387	0.00235	0.00751
11	0.01045	0.02694	0.79000	0.01484	0.02254	0.01209	0.01924	0.01649	0.01099	0.01649	0.00935	0.01099	0.00660	0.00495	0.00495	0.00165	0.00770	0.00385	0.00220	0.00770
12	0.00827	0.00591	0.00825	0.00945	0.01060	0.00589	0.00818	0.01058	0.01187	0.01545	0.02764	0.10366	0.03024	0.01450	0.00716	0.00238	0.00469	0.70573	0.00480	0.00476
13	0.01041	0.01019	0.01557	0.75720	0.03469	0.05844	0.01420	0.01375	0.01067	0.01327	0.00918	0.01362	0.00693	0.00522	0.00518	0.00171	0.00709	0.00455	0.00234	0.00580
14	0.00991	0.00918	0.01447	0.63690	0.06631	0.03143	0.01303	0.01303	0.01058	0.01376	0.01137	0.08572	0.00978	0.00622	0.00524	0.00172	0.00640	0.00552	0.04369	0.00572
15	0.11813	0.01380	0.01453	0.01126	0.01531	0.01525	0.00930	0.64600	0.02222	0.06493	0.01224	0.01226	0.00866	0.00609	0.00498	0.00157	0.00547	0.00449	0.00503	0.00848
16	0.03014	0.01241	0.01441	0.02933	0.02980	0.01372	0.03645	0.43113	0.12919	0.04491	0.04984	0.01634	0.02488	0.04144	0.00685	0.00179	0.05151	0.00530	0.00473	0.02583
17	0.01242	0.01189	0.02028	0.15163	0.66853	0.01225	0.01575	0.01557	0.01163	0.01644	0.00971	0.01304	0.00805	0.00473	0.00516	0.00158	0.00630	0.00464	0.00254	0.00787
18	0.01281	0.01229	0.02099	0.05241	0.76468	0.01235	0.01594	0.01591	0.01182	0.01692	0.00978	0.01292	0.00821	0.00466	0.00516	0.00155	0.00621	0.00464	0.00257	0.00818
19	0.01080	0.00926	0.01080	0.00771	0.01234	0.00694	0.00617	0.01311	0.01080	0.01697	0.00926	0.01080	0.00771	0.00386	0.00386	0.00077	0.00386	0.00309	0.00309	0.84882
20	0.02124	0.01141	0.01356	0.01049	0.01451	0.01155	0.00863	0.33809	0.06402	0.42439	0.01719	0.01563	0.01137	0.00640	0.00523	0.00160	0.00496	0.00504	0.00586	0.00882
21	0.01392	0.82012	0.02729	0.00891	0.01337	0.02061	0.00891	0.01559	0.01058	0.01225	0.00724	0.00835	0.00668	0.00446	0.00334	0.00111	0.00557	0.00278	0.00223	0.00668
22	0.00757	0.00507	0.00577	0.00577	0.00580	0.00510	0.00327	0.00763	0.00760	0.01017	0.01632	0.03361	0.01873	0.79039	0.05282	0.00516	0.00535	0.00750	0.00314	0.00321
23	0.00634	0.00453	0.00604	0.00725	0.00755	0.00423	0.00483	0.00725	0.00997	0.01329	0.02870	0.81358	0.03444	0.01632	0.00665	0.00211	0.00302	0.01480	0.00483	0.00423
24	0.01303	0.01213	0.01958	0.16430	0.59513	0.04008	0.01516	0.01608	0.01184	0.04828	0.01009	0.01314	0.00816	0.00484	0.00515	0.00157	0.00636	0.00462	0.00270	0.00777
25	0.01394	0.55724	0.12026	0.01068	0.01536	0.07270	0.04661	0.06081	0.01187	0.01430	0.00924	0.01038	0.02744	0.00492	0.00396	0.00127	0.00619	0.00345	0.00252	0.00685
26	0.00651	0.00460	0.00599	0.00704	0.00730	0.00434	0.00461	0.00729	0.00965	0.01286	0.02705	0.70853	0.03235	0.12422	0.00932	0.00251	0.00329	0.01383	0.00461	0.00409
27	0.01080	0.00926	0.01080	0.00771	0.01234	0.00694	0.00617	0.01311	0.01080	0.01697	0.00926	0.01080	0.00771	0.00386	0.00386	0.00077	0.00386	0.00309	0.00309	0.84882
28	0.01113	0.00933	0.01084	0.00797	0.01231	0.00739	0.00634	0.06310	0.01166	0.01781	0.01063	0.05888	0.00939	0.00476	0.00411	0.00090	0.00393	0.00389	0.00333	0.74228
29	0.00760	0.00542	0.00691	0.00728	0.00827	0.00513	0.00520	0.00987	0.05729	0.03662	0.23729	0.46165	0.07219	0.01349	0.00632	0.00191	0.00300	0.02780	0.00512	0.02165
30	0.01165	0.00913	0.01100	0.04308	0.01327	0.00731	0.00666	0.03315	0.01165	0.07080	0.05627	0.01314	0.01054	0.00456	0.00418	0.00094	0.00400	0.00372	0.00350	0.68144
31	0.01468	0.01267	0.01699	0.02145	0.40165	0.06378	0.01236	0.13886	0.10755	0.06702	0.01402	0.01670	0.02898	0.00600	0.00526	0.00160	0.00578	0.03975	0.00374	0.02117
32	0.00982	0.00659	0.00757	0.00692	0.00815	0.00644	0.00471	0.09680	0.01108	0.05944	0.05140	0.12315	0.08435	0.43226	0.01656	0.00343	0.00447	0.00806	0.00403	0.05477

[dist]
# distance from previous block
# <min> <max>
0	1

[block]
# block no. 3 follows, 47 sequences, length 30
# corresponding to MSA columns:
# 162-191
name=unknown_D
#
# <colnr> <probs for GDERKNQSTAVLIFYWHMCP>
#	G	D	E	R	K	N	Q	S	T	A	V	L	I	F	Y	W	H	M	C	P
0	0.12735	0.14557	0.01629	0.03456	0.07869	0.45623	0.00987	0.03174	0.02871	0.01496	0.00834	0.00977	0.00692	0.00514	0.00436	0.00138	0.00759	0.00341	0.00276	0.00636
1	0.00843	0.00551	0.00681	0.00643	0.00680	0.00541	0.02831	0.00870	0.00814	0.04700	0.01678	0.05635	0.01876	0.72800	0.02424	0.00469	0.00508	0.00764	0.00334	0.00358
2	0.01107	0.03827	0.55147	0.01722	0.06538	0.01258	0.18352	0.01642	0.01127	0.01641	0.00955	0.01173	0.00698	0.00487	0.00541	0.00167	0.02195	0.00439	0.00232	0.00752
3	0.01753	0.18987	0.06529	0.01257	0.01586	0.56585	0.01043	0.01923	0.01348	0.01287	0.00793	0.00933	0.00670	0.00525	0.00476	0.00134	0.02961	0.00330	0.00255	0.00626
4	0.01178	0.01172	0.01288	0.01149	0.01228	0.14539	0.00924	0.01326	0.00957	0.01334	0.00970	0.01383	0.00884	0.01395	0.16558	0.00318	0.41592	0.00459	0.10802	0.00544
5	0.01080	0.00926	0.01080	0.00771	0.01234	0.00694	0.00617	0.01311	0.01080	0.01697	0.00926	0.01080	0.00771	0.00386	0.00386	0.00077	0.00386	0.00309	0.00309	0.84882
6	0.00845	0.00612	0.00836	0.00927	0.01055	0.00614	0.00798	0.01134	0.04239	0.01645	0.11575	0.05487	0.03166	0.01366	0.00700	0.00228	0.00449	0.63338	0.00493	0.00495
7	0.00634	0.00467	0.00595	0.00692	0.00748	0.00427	0.00470	0.00736	0.01040	0.01362	0.05325	0.67302	0.15160	0.01567	0.00656	0.00205	0.00295	0.01406	0.00486	0.00427
8	0.22564	0.00938	0.01114	0.00878	0.01262	0.00897	0.00725	0.05216	0.01381	0.57193	0.01699	0.01526	0.01096	0.00605	0.00474	0.00161	0.00438	0.00463	0.00561	0.00808
9	0.01101	0.01046	0.01775	0.50608	0.32503	0.01188	0.01505	0.01434	0.01097	0.01474	0.00946	0.01350	0.00745	0.00499	0.00519	0.00166	0.00665	0.00463	0.00242	0.00674
10	0.01045	0.02694	0.79000	0.01484	0.02254	0.01209	0.01924	0.01649	0.01099	0.01649	0.00935	0.01099	0.00660	0.00495	0.00495	0.00165	0.00770	0.00385	0.00220	0.00770
11	0.00745	0.00554	0.00816	0.00816	0.00902	0.00640	0.00625	0.00917	0.00831	0.01193	0.01414	0.02151	0.01348	0.09929	0.73674	0.00811	0.01326	0.00573	0.00282	0.00453
12	0.01092	0.13613	0.68500	0.01403	0.02128	0.01327	0.01782	0.01637	0.01094	0.01591	0.00906	0.01063	0.00661	0.00488	0.00473	0.00158	0.00740	0.00370	0.00220	0.00756
13	0.00983	0.00926	0.01562	0.80447	0.03587	0.01157	0.01446	0.01331	0.01041	0.01331	0.00926	0.01388	0.00694	0.00521	0.00521	0.00174	0.00694	0.00463	0.00231	0.00579
14	0.00737	0.00532	0.00696	0.00655	0.00778	0.00491	0.00491	0.00983	0.01474	0.02088	0.78175	0.03890	0.04914	0.01065	0.00614	0.00164	0.00246	0.00942	0.00573	0.00491
15	0.00977	0.00911	0.01530	0.76884	0.03474	0.01132	0.01419	0.01319	0.01048	0.01341	0.01008	0.01589	0.00797	0.00562	0.00530	0.00177	0.00685	0.03801	0.00243	0.00574
16	0.02321	0.00912	0.01224	0.00939	0.01342	0.00803	0.00775	0.05828	0.01533	0.75461	0.02019	0.01749	0.01271	0.00644	0.00524	0.00161	0.00449	0.00521	0.00639	0.00886
17	0.71530	0.01037	0.00870	0.00749	0.01086	0.01175	0.00617	0.08169	0.01070	0.08471	0.00876	0.00955	0.00649	0.00509	0.00356	0.00161	0.00421	0.00317	0.00365	0.00618
18	0.06418	0.01156	0.01911	0.19763	0.57460	0.01216	0.01501	0.01536	0.01136	0.01660	0.00952	0.01283	0.00780	0.00477	0.00505	0.00159	0.00622	0.00452	0.00256	0.00755
19	0.01152	0.00943	0.01150	0.00928	0.06009	0.00731	0.00685	0.01387	0.01106	0.05324	0.00982	0.01125	0.00799	0.00403	0.00400	0.00086	0.00403	0.00328	0.00321	0.75738
20	0.01069	0.00911	0.01069	0.00780	0.01227	0.00690	0.00627	0.01301	0.01085	0.01691	0.01007	0.01293	0.00870	0.00432	0.00400	0.00084	0.00390	0.03619	0.00316	0.81138
21	0.02403	0.00673	0.00873	0.00769	0.00950	0.00656	0.00596	0.01396	0.03985	0.19019	0.46775	0.04499	0.05113	0.04156	0.00736	0.00182	0.05283	0.00802	0.00549	0.00587
22	0.01313	0.01007	0.01351	0.13585	0.01751	0.01040	0.07064	0.09245	0.20388	0.10660	0.05670	0.03284	0.03826	0.00672	0.00528	0.00159	0.00497	0.03507	0.00436	0.14016
23	0.00647	0.00490	0.00592	0.00667	0.00751	0.00444	0.00470	0.00757	0.01064	0.01356	0.03618	0.47171	0.28528	0.05102	0.00741	0.00215	0.00310	0.06174	0.00476	0.00428
24	0.01343	0.70733	0.13574	0.00975	0.01467	0.01940	0.01038	0.01572	0.01064	0.01286	0.00754	0.00873	0.00667	0.00453	0.00357	0.00119	0.00587	0.00294	0.00222	0.00683
25	0.00935	0.00715	0.00913	0.11146	0.01284	0.00774	0.00732	0.04621	0.11863	0.01537	0.05089	0.07248	0.02168	0.25659	0.01240	0.00295	0.00492	0.22372	0.00410	0.00507
26	0.07005	0.01563	0.11186	0.01192	0.01644	0.01508	0.01071	0.58948	0.04178	0.04760	0.01221	0.01237	0.00866	0.00603	0.00506	0.00158	0.00580	0.00451	0.00474	0.00850
27	0.01162	0.01021	0.01562	0.66244	0.03233	0.01239	0.01364	0.14840	0.01293	0.01680	0.00984	0.01364	0.00729	0.00539	0.00521	0.00170	0.00672	0.00464	0.00283	0.00634
28	0.00820	0.05250	0.01067	0.15103	0.01423	0.00814	0.00802	0.01031	0.00891	0.01236	0.01321	0.04448	0.01227	0.03028	0.58371	0.00656	0.01186	0.00555	0.00274	0.00495
29	0.38034	0.03907	0.10059	0.01115	0.07470	0.07145	0.02915	0.03032	0.01032	0.03090	0.01006	0.01235	0.01958	0.01116	0.14603	0.00279	0.00701	0.00391	0.00300	0.00611

[dist]
# distance from previous block
# <min> <max>
0	4

[block]
# block no. 4 follows, 47 sequences, length 56
# corresponding to MSA columns:
# 196-251
name=unknown_E
#
# <colnr> <probs for GDERKNQSTAVLIFYWHMCP>
#	G	D	E	R	K	N	Q	S	T	A	V	L	I	F	Y	W	H	M	C	P
0	0.01119	0.00895	0.01058	0.00773	0.01207	0.00682	0.00616	0.01346	0.01118	0.05662	0.04651	0.02993	0.01050	0.00458	0.00410	0.00088	0.00380	0.00375	0.00342	0.74777
1	0.01171	0.01034	0.05100	0.00839	0.01306	0.00766	0.00713	0.05028	0.01167	0.05118	0.01029	0.01219	0.00840	0.00436	0.00411	0.00092	0.00419	0.01880	0.00332	0.71100
2	0.01251	0.00676	0.00895	0.00813	0.01038	0.00601	0.00648	0.01453	0.01306	0.24928	0.19800	0.15867	0.04656	0.01042	0.00593	0.00177	0.00372	0.14776	0.00535	0.08571
3	0.01840	0.02208	0.01456	0.01292	0.01570	0.62910	0.00984	0.07668	0.04502	0.01483	0.00891	0.01019	0.00729	0.00560	0.00530	0.00139	0.04608	0.00360	0.00298	0.04954
4	0.01262	0.01209	0.02064	0.10106	0.71754	0.01230	0.01585	0.01574	0.01173	0.01668	0.00975	0.01298	0.00813	0.00469	0.00516	0.00156	0.00625	0.00464	0.00255	0.00803
5	0.01017	0.00936	0.01549	0.58036	0.10455	0.01100	0.03468	0.03204	0.01117	0.01450	0.01288	0.01944	0.03997	0.00634	0.00545	0.00178	0.00652	0.07557	0.00276	0.00599
6	0.01921	0.06162	0.01539	0.01313	0.01597	0.71968	0.01000	0.05883	0.01506	0.01375	0.00824	0.00950	0.00682	0.00537	0.00466	0.00134	0.00902	0.00340	0.00279	0.00621
7	0.01392	0.82012	0.02729	0.00891	0.01337	0.02061	0.00891	0.01559	0.01058	0.01225	0.00724	0.00835	0.00668	0.00446	0.00334	0.00111	0.00557	0.00278	0.00223	0.00668
8	0.01051	0.09493	0.41308	0.01197	0.01716	0.01084	0.04856	0.03318	0.01255	0.03708	0.23639	0.01929	0.01937	0.00662	0.00522	0.00160	0.00588	0.00555	0.00344	0.00681
9	0.08797	0.01191	0.03648	0.01021	0.01370	0.06720	0.00835	0.07000	0.32568	0.27110	0.01808	0.02977	0.01298	0.00659	0.00507	0.00166	0.00478	0.00525	0.00520	0.00802
10	0.02248	0.00880	0.01189	0.00924	0.01310	0.00770	0.00758	0.04298	0.01491	0.73296	0.02073	0.05495	0.01380	0.00690	0.00530	0.00163	0.00440	0.00567	0.00634	0.00864
11	0.00905	0.00452	0.00678	0.00678	0.00678	0.00452	0.00452	0.00678	0.00678	0.00905	0.00905	0.01583	0.00905	0.01809	0.02035	0.84848	0.00452	0.00452	0.00226	0.00226
12	0.01204	0.01162	0.01928	0.27580	0.53366	0.02661	0.01539	0.01523	0.01145	0.01576	0.00959	0.01314	0.00781	0.00483	0.00516	0.00160	0.00648	0.00461	0.00250	0.00743
13	0.01201	0.01300	0.02583	0.01895	0.02341	0.03233	0.58698	0.04766	0.01249	0.01681	0.01268	0.11121	0.01113	0.00599	0.00620	0.00176	0.01825	0.00695	0.00302	0.03332
14	0.02011	0.00919	0.01200	0.00954	0.01304	0.00879	0.00780	0.09612	0.05734	0.55374	0.04288	0.01808	0.01367	0.00977	0.08108	0.00228	0.02518	0.00537	0.00579	0.00822
15	0.00647	0.00463	0.00616	0.00717	0.00758	0.00431	0.00484	0.00757	0.01056	0.01423	0.12131	0.71832	0.03625	0.01562	0.00658	0.00206	0.00295	0.01414	0.00494	0.00431
16	0.03817	0.01285	0.04360	0.17129	0.02625	0.01303	0.47215	0.01533	0.01121	0.01566	0.00992	0.02363	0.00782	0.00533	0.00724	0.00182	0.10999	0.00560	0.00256	0.00655
17	0.01433	0.01564	0.01769	0.19069	0.36000	0.26168	0.01357	0.01724	0.03210	0.01498	0.00942	0.01216	0.00768	0.00505	0.00502	0.00153	0.00732	0.00426	0.00262	0.00702
18	0.05437	0.01137	0.01240	0.00988	0.01367	0.11563	0.00801	0.05239	0.03876	0.60069	0.01805	0.01609	0.01171	0.00625	0.00509	0.00158	0.00513	0.00489	0.00573	0.00833
19	0.01222	0.01376	0.02947	0.04690	0.05963	0.01315	0.69086	0.01644	0.01211	0.01649	0.01037	0.01393	0.00786	0.00454	0.00635	0.00176	0.02856	0.00599	0.00261	0.00700
20	0.03950	0.00996	0.01373	0.44145	0.02516	0.01159	0.01128	0.19753	0.01406	0.05246	0.01154	0.01430	0.00851	0.00562	0.00493	0.00161	0.00582	0.00464	0.11977	0.00653
21	0.01066	0.00878	0.01304	0.01119	0.01338	0.00892	0.14742	0.17359	0.04368	0.01840	0.02079	0.42050	0.02217	0.01273	0.04669	0.00224	0.00528	0.01019	0.00442	0.00593
22	0.00786	0.00566	0.00712	0.00778	0.00852	0.00557	0.00540	0.09278	0.01160	0.01549	0.02688	0.72342	0.03156	0.01518	0.00649	0.00205	0.00333	0.01367	0.00488	0.00475
23	0.01220	0.01384	0.02980	0.03872	0.02686	0.01325	0.71865	0.01644	0.01208	0.01644	0.01036	0.01394	0.00784	0.00460	0.00657	0.00178	0.04106	0.00605	0.00261	0.00694
24	0.01070	0.01051	0.01587	0.01342	0.01411	0.01383	0.08243	0.01229	0.00846	0.01284	0.00859	0.01343	0.00815	0.01454	0.16906	0.00342	0.57539	0.00491	0.00241	0.00562
25	0.01264	0.01500	0.06439	0.02238	0.11763	0.05318	0.60153	0.01680	0.01230	0.01651	0.01026	0.01353	0.00782	0.00450	0.00590	0.00170	0.00845	0.00571	0.00261	0.00715
26	0.00798	0.00669	0.02944	0.00757	0.00920	0.00613	0.00605	0.01173	0.11056	0.01805	0.34069	0.12273	0.17570	0.01163	0.00620	0.00183	0.00324	0.11416	0.00518	0.00523
27	0.00657	0.00531	0.00583	0.00597	0.00744	0.00467	0.00444	0.00820	0.02393	0.01483	0.12791	0.14161	0.54072	0.03333	0.00676	0.00190	0.00286	0.04835	0.00490	0.00448
28	0.01024	0.01157	0.10889	0.68260	0.03360	0.01179	0.01488	0.03915	0.01096	0.01435	0.00938	0.01349	0.00697	0.00521	0.00518	0.00172	0.00699	0.00454	0.00240	0.00612
29	0.00646	0.00479	0.00607	0.00705	0.00770	0.00440	0.00494	0.00756	0.01049	0.01362	0.03327	0.60857	0.17865	0.01556	0.00659	0.00207	0.00308	0.07000	0.00483	0.00431
30	0.01045	0.02694	0.79000	0.01484	0.02254	0.01209	0.01924	0.01649	0.01099	0.01649	0.00935	0.01099	0.00660	0.00495	0.00495	0.00165	0.00770	0.00385	0.00220	0.00770
31	0.01945	0.02482	0.01476	0.01342	0.01610	0.79608	0.01006	0.02079	0.01476	0.01275	0.00805	0.00939	0.00671	0.00537	0.00470	0.00134	0.00939	0.00335	0.00268	0.00604
32	0.00634	0.00453	0.00604	0.00725	0.00755	0.00423	0.00483	0.00725	0.00997	0.01329	0.02870	0.81358	0.03444	0.01632	0.00665	0.00211	0.00302	0.01480	0.00483	0.00423
33	0.01172	0.31841	0.50972	0.01266	0.01917	0.01522	0.01544	0.01616	0.01084	0.01493	0.00857	0.01002	0.00663	0.00477	0.00436	0.00145	0.00691	0.00346	0.00221	0.00732
34	0.00646	0.00461	0.00617	0.00738	0.00773	0.00433	0.00503	0.00745	0.01008	0.01342	0.02864	0.77186	0.03420	0.01621	0.00668	0.00213	0.00312	0.05541	0.00483	0.00426
35	0.00814	0.00586	0.00807	0.00921	0.01037	0.00579	0.00792	0.01038	0.01184	0.01535	0.02896	0.10986	0.06941	0.01446	0.00710	0.00235	0.00456	0.66085	0.00480	0.00474
36	0.01354	0.07675	0.01251	0.00970	0.01227	0.01139	0.00771	0.37422	0.01723	0.02293	0.04453	0.31545	0.02021	0.01025	0.00568	0.00176	0.00456	0.02779	0.00483	0.00670
37	0.01350	0.01353	0.02055	0.03024	0.71316	0.08513	0.01543	0.01643	0.01213	0.01662	0.00963	0.01256	0.00811	0.00471	0.00511	0.00153	0.00648	0.00452	0.00259	0.00804
38	0.00922	0.00826	0.01217	0.01099	0.01163	0.01061	0.03221	0.01081	0.00840	0.01247	0.01149	0.05201	0.01120	0.02427	0.40618	0.00530	0.34938	0.00558	0.00266	0.00515
39	0.83036	0.01004	0.00778	0.00692	0.01016	0.01157	0.00570	0.01559	0.00903	0.04492	0.00763	0.00872	0.00584	0.00488	0.00328	0.00161	0.00404	0.00289	0.00331	0.00573
40	0.03384	0.00877	0.01050	0.00806	0.01189	0.00739	0.00644	0.02591	0.06153	0.17436	0.13418	0.01715	0.01579	0.00571	0.00459	0.00117	0.00380	0.00471	0.00436	0.45985
41	0.01293	0.46576	0.27743	0.01127	0.01654	0.05355	0.01241	0.01657	0.04364	0.01409	0.00856	0.00983	0.00705	0.00489	0.00437	0.00136	0.02701	0.00334	0.00237	0.00703
42	0.00997	0.00595	0.00768	0.00719	0.00880	0.00546	0.00540	0.01235	0.03783	0.14909	0.42461	0.19079	0.09208	0.01114	0.00606	0.00174	0.00297	0.00979	0.00559	0.00552
43	0.00901	0.00455	0.00682	0.00682	0.00685	0.00457	0.00457	0.00685	0.00682	0.00912	0.00917	0.01594	0.00914	0.01861	0.03962	0.82763	0.00476	0.00455	0.00227	0.00232
44	0.01087	0.01026	0.01665	0.14666	0.48960	0.01042	0.01299	0.01362	0.01163	0.01576	0.01954	0.02156	0.18511	0.00668	0.00539	0.00162	0.00549	0.00609	0.00305	0.00698
45	0.01028	0.01039	0.01975	0.01696	0.09337	0.01042	0.34651	0.01305	0.01116	0.01541	0.04848	0.25096	0.01742	0.00876	0.00747	0.00190	0.09976	0.00851	0.00337	0.00607
46	0.01288	0.01399	0.01650	0.01406	0.02775	0.20239	0.12765	0.02527	0.01063	0.01344	0.00928	0.01356	0.00840	0.03936	0.13497	0.00300	0.31369	0.00478	0.00259	0.00582
47	0.01900	0.02416	0.01444	0.01314	0.01579	0.76934	0.00986	0.02034	0.01466	0.01279	0.00956	0.01077	0.03291	0.00563	0.00474	0.00136	0.00916	0.00361	0.00276	0.00598
48	0.01203	0.01300	0.02234	0.19878	0.09461	0.07732	0.34324	0.01532	0.01142	0.01498	0.01024	0.04480	0.00854	0.00572	0.00706	0.00178	0.10414	0.00558	0.00260	0.00650
49	0.02854	0.01084	0.03750	0.41033	0.05209	0.01163	0.21878	0.01423	0.02414	0.01514	0.05007	0.04659	0.01061	0.00587	0.00603	0.00176	0.04128	0.00565	0.00275	0.00618
50	0.00671	0.00479	0.00646	0.00767	0.00813	0.00454	0.00546	0.00788	0.01033	0.01370	0.02850	0.67974	0.03365	0.01597	0.00674	0.00217	0.00334	0.14506	0.00483	0.00433
51	0.01060	0.02587	0.72734	0.01543	0.02293	0.01218	0.08083	0.01651	0.01110	0.01651	0.00944	0.01125	0.00670	0.00490	0.00505	0.00166	0.00779	0.00404	0.00223	0.00764
52	0.08902	0.00956	0.01135	0.00984	0.04256	0.02596	0.00753	0.16725	0.01597	0.30802	0.20852	0.04570	0.02092	0.00754	0.00531	0.00162	0.00429	0.00620	0.00546	0.00736
53	0.00772	0.00540	0.00657	0.00659	0.00711	0.00543	0.00437	0.02956	0.00967	0.01310	0.12125	0.12044	0.04936	0.45261	0.10676	0.00434	0.00542	0.03654	0.00382	0.00394
54	0.00717	0.00535	0.00747	0.00802	0.00868	0.00511	0.03761	0.03770	0.01057	0.01411	0.02690	0.72328	0.03181	0.04042	0.00719	0.00217	0.00344	0.01381	0.00470	0.00450
55	0.01887	0.01209	0.01363	0.01083	0.01456	0.01289	0.00880	0.43440	0.12800	0.21437	0.01669	0.06384	0.01241	0.00703	0.00532	0.00164	0.00502	0.00561	0.00550	0.00849

[dist]
# distance from previous block
# <min> <max>
0	37

[block]
# block no. 5 follows, 47 sequences, length 76
# corresponding to MSA columns:
# 289-364
name=unknown_F
#
# <colnr> <probs for GDERKNQSTAVLIFYWHMCP>
#	G	D	E	R	K	N	Q	S	T	A	V	L	I	F	Y	W	H	M	C	P
0	0.02686	0.00927	0.01546	0.78838	0.03535	0.01157	0.01428	0.01335	0.01038	0.01351	0.00922	0.01377	0.00692	0.00520	0.00517	0.00173	0.00688	0.00459	0.00233	0.00578
1	0.00812	0.00588	0.00799	0.00901	0.01010	0.00588	0.00749	0.01074	0.04469	0.01562	0.06208	0.21271	0.03117	0.01430	0.00695	0.00228	0.00429	0.53100	0.00487	0.00483
2	0.01220	0.01443	0.06094	0.07612	0.04755	0.02861	0.64708	0.01650	0.01214	0.01637	0.01033	0.01378	0.00777	0.00450	0.00597	0.00174	0.00855	0.00585	0.00259	0.00698
3	0.01688	0.06725	0.01724	0.09646	0.30298	0.01173	0.01177	0.10112	0.02923	0.27283	0.01364	0.01436	0.00976	0.00550	0.00507	0.00156	0.00555	0.00474	0.00415	0.00817
4	0.00964	0.00958	0.04732	0.01091	0.01304	0.05795	0.11477	0.01393	0.14217	0.01584	0.03917	0.33635	0.04183	0.01136	0.00620	0.00195	0.00487	0.11306	0.00436	0.00568
5	0.02106	0.00874	0.01160	0.00914	0.01282	0.00786	0.00746	0.02419	0.07928	0.65497	0.08829	0.01975	0.01637	0.00687	0.00532	0.00163	0.00423	0.00566	0.00629	0.00846
6	0.01050	0.00929	0.01713	0.04675	0.01721	0.00901	0.30026	0.02627	0.01233	0.06333	0.15977	0.20986	0.02290	0.00909	0.00657	0.00185	0.03343	0.03447	0.00406	0.00594
7	0.03061	0.02488	0.67385	0.01557	0.02285	0.01222	0.11492	0.01649	0.01111	0.01668	0.00945	0.01133	0.00674	0.00487	0.00506	0.00166	0.00775	0.00412	0.00228	0.00756
8	0.00903	0.00852	0.01577	0.04035	0.01592	0.00876	0.25730	0.01160	0.01011	0.01392	0.01631	0.13167	0.04921	0.02110	0.33571	0.00458	0.03435	0.00726	0.00309	0.00543
9	0.04334	0.05495	0.03682	0.04995	0.03010	0.54214	0.06278	0.06438	0.02948	0.01487	0.00892	0.01067	0.00727	0.01634	0.00507	0.00147	0.00843	0.00379	0.00286	0.00636
10	0.03232	0.06753	0.53091	0.07146	0.11475	0.01250	0.05342	0.01603	0.01110	0.01635	0.02165	0.01180	0.00755	0.00496	0.00493	0.00162	0.00722	0.00411	0.00236	0.00744
11	0.01179	0.01440	0.16775	0.05609	0.42050	0.03118	0.03760	0.03288	0.01195	0.01669	0.01263	0.05152	0.01151	0.00642	0.00544	0.00170	0.00636	0.09329	0.00292	0.00738
12	0.00615	0.00528	0.00528	0.00528	0.00703	0.00440	0.00396	0.00747	0.01187	0.01407	0.05276	0.05012	0.78238	0.01319	0.00615	0.00176	0.00264	0.01099	0.00484	0.00440
13	0.03988	0.06269	0.72790	0.01429	0.02169	0.01247	0.01830	0.01641	0.01090	0.01654	0.00918	0.01079	0.00657	0.00492	0.00481	0.00162	0.00747	0.00376	0.00224	0.00758
14	0.05311	0.01130	0.01264	0.01322	0.13813	0.07258	0.00890	0.04035	0.30082	0.15616	0.02149	0.02064	0.11377	0.00711	0.00523	0.00166	0.00477	0.00587	0.00470	0.00757
15	0.00813	0.00542	0.00713	0.00680	0.00806	0.00498	0.00506	0.01036	0.01412	0.06284	0.63892	0.14079	0.04515	0.01117	0.00616	0.00170	0.00264	0.00990	0.00565	0.00504
16	0.01945	0.02482	0.01476	0.01342	0.01610	0.79608	0.01006	0.02079	0.01476	0.01275	0.00805	0.00939	0.00671	0.00537	0.00470	0.00134	0.00939	0.00335	0.00268	0.00604
17	0.01038	0.00951	0.01560	0.69568	0.03307	0.01157	0.03474	0.06104	0.01134	0.01464	0.01039	0.05044	0.00835	0.00576	0.00530	0.00174	0.00674	0.00514	0.00262	0.00594
18	0.01075	0.05927	0.70914	0.01568	0.07059	0.01247	0.01860	0.01642	0.01103	0.01635	0.00929	0.01100	0.00671	0.00491	0.00489	0.00162	0.00751	0.00385	0.00222	0.00769
19	0.00983	0.00926	0.01562	0.80447	0.03587	0.01157	0.01446	0.01331	0.01041	0.01331	0.00926	0.01388	0.00694	0.00521	0.00521	0.00174	0.00694	0.00463	0.00231	0.00579
20	0.01306	0.01270	0.02097	0.03147	0.76405	0.03323	0.01582	0.01611	0.01193	0.01690	0.00975	0.01280	0.00821	0.00466	0.00514	0.00154	0.00627	0.00461	0.00258	0.00819
21	0.00788	0.00657	0.03532	0.00892	0.04416	0.00665	0.00638	0.00928	0.00847	0.01195	0.01517	0.07885	0.01571	0.27566	0.41442	0.00617	0.03427	0.00671	0.00300	0.00446
22	0.01202	0.01252	0.01694	0.01426	0.01483	0.06996	0.06614	0.01341	0.00876	0.01285	0.00719	0.01145	0.00690	0.00851	0.01543	0.00218	0.69392	0.00459	0.00233	0.00582
23	0.01229	0.01405	0.03073	0.02195	0.02722	0.01317	0.76558	0.01668	0.01229	0.01668	0.01054	0.01405	0.00790	0.00439	0.00615	0.00176	0.00878	0.00615	0.00263	0.00702
24	0.01229	0.01405	0.03073	0.02195	0.02722	0.01317	0.76558	0.01668	0.01229	0.01668	0.01054	0.01405	0.00790	0.00439	0.00615	0.00176	0.00878	0.00615	0.00263	0.00702
25	0.01789	0.02006	0.01423	0.01340	0.05050	0.53290	0.00982	0.02186	0.15569	0.06854	0.01174	0.01284	0.00930	0.00594	0.00513	0.00148	0.02219	0.01631	0.00345	0.00672
26	0.01501	0.01084	0.01192	0.01039	0.01356	0.01206	0.00817	0.04454	0.61883	0.16188	0.02087	0.01896	0.01518	0.00693	0.00529	0.00173	0.00422	0.00574	0.00551	0.00837
27	0.21823	0.00920	0.01088	0.00865	0.01232	0.00884	0.00711	0.05765	0.01393	0.52250	0.06541	0.01663	0.01329	0.00632	0.00482	0.00161	0.00427	0.00491	0.00558	0.00785
28	0.14872	0.04444	0.00952	0.00816	0.00997	0.00862	0.00651	0.08216	0.01120	0.01744	0.14254	0.02123	0.01764	0.03596	0.39358	0.00497	0.00889	0.01952	0.00360	0.00533
29	0.01082	0.02429	0.63411	0.01630	0.02350	0.01231	0.17248	0.01653	0.01126	0.01653	0.00959	0.01162	0.00686	0.00483	0.00519	0.00167	0.00792	0.00432	0.00229	0.00756
30	0.00634	0.00453	0.00604	0.00725	0.00755	0.00423	0.00483	0.00725	0.00997	0.01329	0.02870	0.81358	0.03444	0.01632	0.00665	0.00211	0.00302	0.01480	0.00483	0.00423
31	0.01776	0.04400	0.02989	0.01325	0.01573	0.56515	0.01042	0.07641	0.01415	0.01431	0.00818	0.00998	0.00689	0.00605	0.00684	0.00152	0.14678	0.00366	0.00279	0.00624
32	0.01925	0.00807	0.01095	0.00893	0.01217	0.00722	0.00725	0.03526	0.01419	0.57956	0.07913	0.07645	0.01781	0.00986	0.05577	0.00211	0.00483	0.03744	0.00595	0.00780
33	0.00634	0.00453	0.00604	0.00725	0.00755	0.00423	0.00483	0.00725	0.00997	0.01329	0.02870	0.81358	0.03444	0.01632	0.00665	0.00211	0.00302	0.01480	0.00483	0.00423
34	0.01849	0.01416	0.01465	0.01172	0.01539	0.06945	0.00955	0.52044	0.12893	0.07679	0.01406	0.01455	0.01034	0.00659	0.00564	0.00162	0.03349	0.02074	0.00501	0.00838
35	0.01478	0.00902	0.01220	0.01048	0.01338	0.00897	0.06724	0.08852	0.14149	0.25015	0.04025	0.07926	0.04633	0.00923	0.00593	0.00187	0.00473	0.18380	0.00527	0.00710
36	0.01192	0.01665	0.18390	0.02052	0.02627	0.01295	0.61502	0.01664	0.01203	0.01664	0.01030	0.01343	0.00764	0.00450	0.00590	0.00173	0.00856	0.00568	0.00255	0.00716
37	0.00905	0.00452	0.00678	0.00678	0.00678	0.00452	0.00452	0.00678	0.00678	0.00905	0.00905	0.01583	0.00905	0.01809	0.02035	0.84848	0.00452	0.00452	0.00226	0.00226
38	0.01190	0.01184	0.02003	0.31953	0.38416	0.03919	0.10761	0.01523	0.01147	0.01544	0.00962	0.01328	0.00766	0.00485	0.00528	0.00164	0.00690	0.00478	0.00249	0.00710
39	0.01067	0.04447	0.71259	0.01526	0.02269	0.01238	0.07757	0.01649	0.01109	0.01641	0.00939	0.01117	0.00670	0.00489	0.00500	0.00165	0.00773	0.00400	0.00223	0.00762
40	0.00633	0.00458	0.00599	0.00711	0.00752	0.00424	0.00477	0.00727	0.01010	0.01335	0.03037	0.76053	0.08642	0.01610	0.00661	0.00209	0.00299	0.01454	0.00483	0.00424
41	0.01107	0.00617	0.00631	0.00582	0.00743	0.00638	0.00449	0.11404	0.01275	0.02122	0.01638	0.01848	0.01274	0.00609	0.00385	0.00126	0.00287	0.00483	0.73242	0.00539
42	0.01035	0.01247	0.14771	0.01484	0.03847	0.00963	0.28921	0.01366	0.01155	0.04795	0.07614	0.23269	0.01839	0.00900	0.01925	0.00194	0.02871	0.00824	0.00355	0.00625
43	0.01289	0.01237	0.02114	0.03196	0.78450	0.01237	0.01598	0.01598	0.01186	0.01701	0.00980	0.01289	0.00825	0.00464	0.00516	0.00155	0.00619	0.00464	0.00258	0.00825
44	0.01870	0.02343	0.01437	0.01307	0.01567	0.73328	0.00983	0.03213	0.01451	0.01303	0.00850	0.01015	0.00714	0.00752	0.05502	0.00179	0.00962	0.00352	0.00273	0.00599
45	0.00651	0.00533	0.00580	0.00607	0.00764	0.00463	0.00469	0.00796	0.01176	0.01425	0.04724	0.10449	0.61549	0.01359	0.00635	0.00188	0.00299	0.12404	0.00483	0.00445
46	0.01309	0.15308	0.52744	0.01313	0.01967	0.01280	0.03055	0.01776	0.01157	0.13798	0.01080	0.01169	0.00763	0.00509	0.00476	0.00156	0.00685	0.00394	0.00288	0.00770
47	0.00615	0.00528	0.00528	0.00528	0.00703	0.00440	0.00396	0.00747	0.01187	0.01407	0.05276	0.05012	0.78238	0.01319	0.00615	0.00176	0.00264	0.01099	0.00484	0.00440
48	0.01217	0.01683	0.18851	0.03225	0.03802	0.03742	0.49947	0.02940	0.01200	0.01649	0.00998	0.01304	0.00753	0.00488	0.00649	0.00175	0.05874	0.00540	0.00256	0.00708
49	0.02000	0.01214	0.09078	0.01049	0.01477	0.01046	0.00932	0.21321	0.05944	0.44779	0.04471	0.01657	0.01270	0.00643	0.00524	0.00161	0.00500	0.00514	0.00561	0.00857
50	0.02336	0.00886	0.01209	0.00927	0.01329	0.00765	0.00765	0.02538	0.01491	0.78810	0.02055	0.01773	0.01289	0.00645	0.00524	0.00161	0.00443	0.00524	0.00645	0.00886
51	0.00971	0.00485	0.00485	0.00485	0.00607	0.00485	0.00364	0.01213	0.01092	0.01942	0.01699	0.01942	0.01335	0.00607	0.00364	0.00121	0.00243	0.00485	0.84589	0.00485
52	0.12039	0.02190	0.00982	0.00809	0.01079	0.00785	0.00642	0.04891	0.04755	0.30950	0.25223	0.07836	0.02456	0.02332	0.00573	0.00171	0.00375	0.00689	0.00547	0.00675
53	0.01384	0.20369	0.14380	0.03894	0.12401	0.11719	0.02597	0.10354	0.05489	0.01720	0.04635	0.01405	0.01040	0.00583	0.00522	0.00152	0.03545	0.02789	0.00310	0.00712
54	0.00662	0.00495	0.00615	0.00691	0.00774	0.00453	0.00496	0.00787	0.01092	0.01415	0.08374	0.46237	0.22660	0.03733	0.00710	0.00211	0.00314	0.09362	0.00484	0.00435
55	0.04994	0.02166	0.50601	0.01613	0.02273	0.01211	0.22511	0.01665	0.01144	0.04068	0.02326	0.01241	0.00784	0.00493	0.00523	0.00168	0.00764	0.00458	0.00256	0.00740
56	0.04604	0.08481	0.01493	0.01313	0.08133	0.36216	0.00954	0.06033	0.11945	0.08247	0.01376	0.01491	0.04482	0.00616	0.00486	0.00149	0.00683	0.02248	0.00363	0.00686
57	0.01138	0.01301	0.08622	0.07679	0.01946	0.03841	0.22912	0.02704	0.01037	0.01472	0.00994	0.03783	0.00864	0.00900	0.06180	0.00235	0.30057	0.00532	0.03184	0.00618
58	0.00646	0.00533	0.00591	0.02820	0.00812	0.00468	0.00462	0.00791	0.01179	0.01448	0.09804	0.14690	0.58182	0.01324	0.00623	0.00182	0.00289	0.04226	0.00483	0.00447
59	0.02422	0.28215	0.37896	0.01216	0.01767	0.08026	0.02757	0.01611	0.01119	0.03271	0.01015	0.06595	0.00873	0.00564	0.00453	0.00148	0.00672	0.00428	0.00255	0.00697
60	0.01165	0.03935	0.42493	0.01729	0.07539	0.01263	0.21572	0.06415	0.01217	0.01734	0.01054	0.04231	0.00826	0.00535	0.00552	0.00168	0.02068	0.00497	0.00264	0.00744
61	0.00647	0.00465	0.00609	0.00715	0.00754	0.00436	0.00482	0.00743	0.01004	0.01334	0.04240	0.70244	0.06489	0.05466	0.02043	0.00234	0.00331	0.02870	0.00474	0.00422
62	0.01168	0.01102	0.01866	0.26457	0.50852	0.01172	0.01504	0.01484	0.01143	0.01580	0.01076	0.01611	0.00923	0.00543	0.00530	0.00166	0.00633	0.05198	0.00264	0.00728
63	0.01116	0.01131	0.06957	0.22906	0.31771	0.03042	0.01312	0.03717	0.01159	0.02828	0.01369	0.16124	0.01313	0.00727	0.00546	0.00172	0.00592	0.02237	0.00309	0.00672
64	0.04051	0.02552	0.71395	0.01501	0.02239	0.01215	0.06620	0.01646	0.01100	0.01675	0.00935	0.01110	0.00665	0.00491	0.00496	0.00165	0.00763	0.00396	0.00226	0.00758
65	0.02336	0.00886	0.01209	0.00927	0.01329	0.00765	0.00765	0.02538	0.01491	0.78810	0.02055	0.01773	0.01289	0.00645	0.00524	0.00161	0.00443	0.00524	0.00645	0.00886
66	0.03619	0.01199	0.10293	0.01628	0.21024	0.00984	0.06537	0.04478	0.01347	0.32071	0.07812	0.01729	0.01350	0.02864	0.00587	0.00171	0.00545	0.00533	0.00444	0.00788
67	0.03240	0.11685	0.62889	0.01515	0.07412	0.01308	0.01748	0.01632	0.01095	0.01621	0.00908	0.01076	0.00670	0.00487	0.00473	0.00158	0.00725	0.00375	0.00225	0.00757
68	0.01068	0.01080	0.06501	0.48436	0.11847	0.01128	0.04292	0.06910	0.01169	0.01552	0.01180	0.10313	0.01034	0.00641	0.00538	0.00174	0.00644	0.00578	0.00285	0.00630
69	0.70226	0.05910	0.00934	0.04059	0.01139	0.01195	0.00632	0.02497	0.00921	0.02168	0.00783	0.00950	0.00627	0.00702	0.05375	0.00202	0.00490	0.00309	0.00312	0.00569
70	0.00899	0.00551	0.00775	0.00836	0.04039	0.00554	0.00570	0.00907	0.05705	0.01163	0.01651	0.07793	0.06750	0.01591	0.01522	0.53838	0.00437	0.09758	0.00313	0.00349
71	0.01677	0.15820	0.01613	0.01192	0.02817	0.51903	0.00923	0.01831	0.01338	0.01331	0.00996	0.01116	0.03938	0.00534	0.00443	0.00125	0.00771	0.00357	0.00274	0.11000
72	0.04300	0.00561	0.00693	0.00758	0.00842	0.00552	0.00542	0.05634	0.01123	0.01542	0.06160	0.57300	0.05792	0.04245	0.00711	0.00215	0.00342	0.07749	0.00477	0.00463
73	0.04785	0.20660	0.41594	0.03991	0.01897	0.03102	0.01429	0.06492	0.06492	0.03505	0.01003	0.01118	0.00753	0.00511	0.00456	0.00152	0.00661	0.00380	0.00277	0.00741
74	0.03483	0.11448	0.09488	0.01010	0.01393	0.01031	0.06100	0.05251	0.05489	0.26823	0.11632	0.01944	0.03139	0.05800	0.00642	0.00176	0.00497	0.00554	0.00455	0.03641
75	0.03540	0.04887	0.01451	0.01378	0.10984	0.34489	0.00962	0.08772	0.05375	0.03808	0.03565	0.01396	0.03626	0.00796	0.05531	0.00186	0.01965	0.00438	0.00334	0.06517

[dist]
# distance from previous block
# <min> <max>
0	27

# created by:
# /st0/software/busco_prod/Augustus/scripts/msa2prfl.pl ./align_prep/146440.fa
