[name]
unknown

[dist]
# distance from previous block
# <min> <max>
0	121

[block]
# block no. 0 follows, 47 sequences, length 9
# corresponding to MSA columns:
# 156-164
name=unknown_A
#
# <colnr> <probs for GDERKNQSTAVLIFYWHMCP>
#	G	D	E	R	K	N	Q	S	T	A	V	L	I	F	Y	W	H	M	C	P
0	0.01492	0.01480	0.08065	0.01514	0.11264	0.08345	0.06541	0.25810	0.06527	0.02143	0.01157	0.01416	0.00926	0.00615	0.00641	0.00160	0.09116	0.03258	0.00369	0.09160
1	0.06437	0.03377	0.02976	0.00796	0.01010	0.05260	0.00632	0.04152	0.05803	0.07410	0.35443	0.13316	0.06745	0.00961	0.00560	0.00165	0.00368	0.00820	0.00495	0.03273
2	0.09423	0.01110	0.07167	0.00958	0.01273	0.04090	0.00823	0.07817	0.11036	0.19949	0.11851	0.02116	0.04558	0.03632	0.00661	0.00178	0.05080	0.03177	0.00469	0.04632
3	0.04284	0.15520	0.18185	0.04942	0.01635	0.01164	0.06463	0.01758	0.08633	0.15631	0.09700	0.01875	0.05008	0.00652	0.00503	0.00159	0.00543	0.02250	0.00391	0.00705
4	0.01087	0.07566	0.02749	0.00876	0.01069	0.05525	0.02872	0.09873	0.04806	0.03851	0.12557	0.16202	0.04660	0.18071	0.01009	0.00243	0.00473	0.05541	0.00425	0.00545
5	0.01405	0.45524	0.13503	0.01102	0.01550	0.11426	0.04698	0.01719	0.05539	0.04459	0.00998	0.04151	0.00859	0.00533	0.00420	0.00135	0.00629	0.00392	0.00275	0.00685
6	0.01133	0.00918	0.01152	0.00897	0.01253	0.00814	0.05145	0.08783	0.03459	0.03778	0.01542	0.11099	0.05625	0.00660	0.00509	0.00125	0.02990	0.00556	0.04310	0.45254
7	0.01578	0.01217	0.01260	0.01054	0.01359	0.06237	0.00840	0.43843	0.06891	0.04890	0.01915	0.15353	0.06862	0.00874	0.00557	0.00170	0.00511	0.03351	0.00499	0.00739
8	0.00802	0.06259	0.00823	0.00725	0.00837	0.00635	0.00526	0.05700	0.01183	0.01575	0.17299	0.43257	0.09355	0.07612	0.00774	0.00212	0.00339	0.01139	0.00472	0.00476

[dist]
# distance from previous block
# <min> <max>
3	15

[block]
# block no. 1 follows, 47 sequences, length 18
# corresponding to MSA columns:
# 180-197
name=unknown_B
#
# <colnr> <probs for GDERKNQSTAVLIFYWHMCP>
#	G	D	E	R	K	N	Q	S	T	A	V	L	I	F	Y	W	H	M	C	P
0	0.01294	0.01263	0.01766	0.31803	0.33918	0.09432	0.01407	0.07137	0.03924	0.01651	0.01001	0.01310	0.00791	0.00513	0.00514	0.00161	0.00670	0.00455	0.00278	0.00714
1	0.01272	0.01216	0.02052	0.07450	0.71747	0.01235	0.01564	0.01621	0.03666	0.01696	0.01014	0.01316	0.00843	0.00475	0.00516	0.00156	0.00616	0.00468	0.00265	0.00811
2	0.02115	0.00936	0.01202	0.00955	0.01335	0.00878	0.00778	0.02587	0.17652	0.62518	0.02068	0.01809	0.01353	0.00658	0.00525	0.00164	0.00437	0.00538	0.00620	0.00873
3	0.01664	0.00838	0.02904	0.00926	0.01227	0.00748	0.00781	0.01995	0.08152	0.42759	0.06877	0.04931	0.04399	0.00907	0.00582	0.00183	0.00436	0.18389	0.00571	0.00732
4	0.01192	0.29136	0.47149	0.01273	0.01901	0.01469	0.03860	0.01625	0.01109	0.03453	0.02822	0.01107	0.00789	0.00494	0.00448	0.00147	0.00680	0.00374	0.00242	0.00730
5	0.01015	0.00607	0.00719	0.00653	0.00863	0.00525	0.00508	0.01190	0.01316	0.18020	0.20894	0.04094	0.43401	0.01122	0.00598	0.00172	0.00304	0.02915	0.00538	0.00547
6	0.03278	0.01149	0.01262	0.01014	0.01342	0.03440	0.00818	0.42220	0.01970	0.14289	0.17780	0.05659	0.01912	0.00764	0.00543	0.00161	0.00478	0.00618	0.00538	0.00766
7	0.19189	0.04378	0.01136	0.00845	0.01231	0.03385	0.00685	0.08529	0.07183	0.06021	0.02960	0.01232	0.00939	0.00593	0.02703	0.00142	0.00461	0.00373	0.00367	0.37649
8	0.06987	0.40423	0.25315	0.01090	0.01608	0.01553	0.03973	0.01607	0.01107	0.05940	0.03660	0.01187	0.02533	0.00515	0.00419	0.00139	0.00599	0.00378	0.00272	0.00694
9	0.00671	0.00472	0.00608	0.00703	0.00732	0.00449	0.00466	0.00750	0.00956	0.01273	0.02603	0.60984	0.03092	0.18644	0.01090	0.00275	0.00354	0.05027	0.00448	0.00403
10	0.01202	0.01148	0.01956	0.25252	0.57076	0.01214	0.01555	0.01522	0.01145	0.01595	0.00964	0.01317	0.00788	0.00480	0.00517	0.00160	0.00640	0.00464	0.00250	0.00755
11	0.67500	0.01056	0.01052	0.01219	0.17471	0.01183	0.00784	0.01545	0.00950	0.02201	0.00779	0.00940	0.00619	0.00479	0.00363	0.00160	0.00449	0.00321	0.00309	0.00619
12	0.01436	0.01107	0.01197	0.01051	0.01362	0.01251	0.00825	0.05770	0.66218	0.10508	0.02077	0.01896	0.01528	0.00696	0.00529	0.00174	0.00422	0.00577	0.00542	0.00833
13	0.01665	0.01234	0.01336	0.01028	0.01421	0.01291	0.00840	0.50912	0.03769	0.02776	0.01249	0.01304	0.00926	0.00574	0.00476	0.00136	0.00494	0.00439	0.09429	0.18699
14	0.00630	0.00527	0.00550	0.00559	0.00724	0.00447	0.00421	0.00768	0.01189	0.01433	0.07610	0.08511	0.69138	0.01329	0.00622	0.00180	0.00274	0.04158	0.00487	0.00442
15	0.00754	0.00519	0.00638	0.00638	0.00663	0.00543	0.00403	0.00802	0.00778	0.01062	0.01577	0.03052	0.01739	0.61366	0.22771	0.00592	0.00737	0.00705	0.00306	0.00355
16	0.00635	0.00474	0.00591	0.00676	0.00744	0.00430	0.00463	0.00742	0.01062	0.01381	0.06760	0.60266	0.20814	0.01534	0.00651	0.00201	0.00291	0.01368	0.00487	0.00430
17	0.00729	0.00529	0.00687	0.00653	0.00775	0.00487	0.00488	0.00965	0.01446	0.02036	0.72777	0.06882	0.07400	0.01095	0.00616	0.00166	0.00248	0.00968	0.00567	0.00487

[dist]
# distance from previous block
# <min> <max>
0	4

[block]
# block no. 2 follows, 47 sequences, length 25
# corresponding to MSA columns:
# 202-226
name=unknown_C
#
# <colnr> <probs for GDERKNQSTAVLIFYWHMCP>
#	G	D	E	R	K	N	Q	S	T	A	V	L	I	F	Y	W	H	M	C	P
0	0.85377	0.01007	0.00765	0.00685	0.01007	0.01168	0.00564	0.01531	0.00886	0.02336	0.00725	0.00846	0.00564	0.00483	0.00322	0.00161	0.00403	0.00282	0.00322	0.00564
1	0.00837	0.00666	0.00781	0.00810	0.00976	0.00669	0.00651	0.01276	0.16516	0.01626	0.05285	0.11222	0.27576	0.01260	0.00640	0.00202	0.00374	0.27608	0.00494	0.00531
2	0.01713	0.17203	0.01849	0.02930	0.12375	0.48552	0.03182	0.03727	0.01366	0.01386	0.00834	0.00997	0.00701	0.00508	0.00457	0.00135	0.00807	0.00356	0.00264	0.00656
3	0.04130	0.01385	0.01197	0.01002	0.01294	0.18843	0.00794	0.35088	0.01777	0.02401	0.01269	0.01375	0.00962	0.00596	0.00457	0.00141	0.00552	0.00438	0.25607	0.00693
4	0.01697	0.01239	0.01379	0.01193	0.05691	0.03659	0.00910	0.33063	0.19732	0.13101	0.01675	0.01624	0.04353	0.00657	0.00546	0.00159	0.02438	0.00517	0.00497	0.05869
5	0.00997	0.00604	0.00744	0.00724	0.00912	0.00540	0.00575	0.01168	0.01237	0.16043	0.08265	0.11566	0.35165	0.01301	0.02808	0.00207	0.00374	0.15725	0.00513	0.00534
6	0.01289	0.01237	0.02114	0.03196	0.78450	0.01237	0.01598	0.01598	0.01186	0.01701	0.00980	0.01289	0.00825	0.00464	0.00516	0.00155	0.00619	0.00464	0.00258	0.00825
7	0.01392	0.01130	0.01348	0.16091	0.04083	0.01296	0.00991	0.18563	0.39073	0.04343	0.01638	0.01667	0.01224	0.00780	0.03866	0.00198	0.00549	0.00532	0.00456	0.00778
8	0.05542	0.03906	0.01599	0.02858	0.03455	0.42969	0.04824	0.23370	0.01676	0.01926	0.00943	0.01066	0.00738	0.00559	0.00510	0.00146	0.02486	0.00392	0.00340	0.00693
9	0.00827	0.00626	0.00738	0.00758	0.00880	0.00618	0.00545	0.09095	0.06398	0.01656	0.07453	0.48465	0.17213	0.01368	0.00628	0.00194	0.00328	0.01208	0.00496	0.00507
10	0.62018	0.00973	0.00890	0.00753	0.01098	0.01055	0.00621	0.01814	0.01056	0.23849	0.01099	0.01107	0.00768	0.00529	0.00379	0.00161	0.00414	0.00350	0.00413	0.00655
11	0.01270	0.01337	0.06289	0.06827	0.59635	0.04382	0.04951	0.01621	0.02964	0.01667	0.01053	0.01433	0.00887	0.00507	0.00524	0.00159	0.00646	0.02794	0.00268	0.00784
12	0.00683	0.00523	0.00620	0.00706	0.00757	0.02623	0.00474	0.00774	0.01019	0.01325	0.04851	0.62462	0.10665	0.08900	0.00835	0.00232	0.00333	0.01331	0.00464	0.00422
13	0.00646	0.00461	0.00617	0.00738	0.00773	0.00433	0.00503	0.00745	0.01008	0.01342	0.02864	0.77188	0.03420	0.01621	0.00668	0.00213	0.00312	0.05539	0.00483	0.00426
14	0.02321	0.00910	0.01223	0.00938	0.01341	0.00801	0.00775	0.05671	0.01531	0.75621	0.02021	0.01750	0.01272	0.00644	0.00524	0.00161	0.00449	0.00521	0.00639	0.00886
15	0.01416	0.42947	0.23487	0.01152	0.01649	0.18593	0.01201	0.01697	0.01160	0.01353	0.00800	0.00931	0.00666	0.00479	0.00408	0.00131	0.00698	0.00320	0.00232	0.00682
16	0.01878	0.01034	0.04218	0.00970	0.01332	0.00955	0.00814	0.19177	0.05852	0.41306	0.08043	0.06334	0.01607	0.00727	0.00533	0.00163	0.00453	0.00596	0.03199	0.00807
17	0.00641	0.00473	0.00596	0.00690	0.00749	0.00434	0.00472	0.00741	0.01031	0.01341	0.03281	0.62319	0.17469	0.04071	0.00719	0.00215	0.00306	0.03549	0.00478	0.00424
18	0.00927	0.00864	0.01391	0.62040	0.06296	0.01025	0.01255	0.01232	0.01075	0.01361	0.01747	0.02066	0.15304	0.00669	0.00538	0.00173	0.00610	0.00583	0.00280	0.00563
19	0.00744	0.00558	0.00837	0.00837	0.00930	0.00651	0.00651	0.00930	0.00837	0.01209	0.01395	0.02046	0.01302	0.03906	0.79635	0.00837	0.01395	0.00558	0.00279	0.00465
20	0.00801	0.00623	0.00956	0.15812	0.01414	0.00738	0.00786	0.01020	0.00888	0.01269	0.01322	0.01917	0.01189	0.03100	0.60686	0.00675	0.01204	0.00536	0.04576	0.00487
21	0.00770	0.00591	0.00864	0.00849	0.00929	0.00699	0.00655	0.00937	0.00828	0.01196	0.01369	0.02096	0.01309	0.09857	0.68628	0.00772	0.06345	0.00567	0.00279	0.00460
22	0.00734	0.00495	0.00575	0.00598	0.00603	0.00489	0.00347	0.00751	0.00802	0.01070	0.01872	0.18088	0.02185	0.66619	0.02277	0.00450	0.00467	0.00894	0.00347	0.00336
23	0.01313	0.66658	0.02306	0.00815	0.01199	0.01764	0.00792	0.01494	0.01065	0.01360	0.00908	0.01044	0.00794	0.00476	0.00340	0.00113	0.00498	0.00317	0.16111	0.00634
24	0.01947	0.01427	0.01528	0.01175	0.01582	0.01578	0.00969	0.74248	0.02404	0.03238	0.01265	0.01273	0.00900	0.00625	0.00516	0.00155	0.00562	0.00469	0.03267	0.00873

[dist]
# distance from previous block
# <min> <max>
0	1

[block]
# block no. 3 follows, 47 sequences, length 29
# corresponding to MSA columns:
# 228-256
name=unknown_D
#
# <colnr> <probs for GDERKNQSTAVLIFYWHMCP>
#	G	D	E	R	K	N	Q	S	T	A	V	L	I	F	Y	W	H	M	C	P
0	0.01350	0.72316	0.12052	0.00964	0.01449	0.01957	0.01017	0.01570	0.01063	0.01277	0.00750	0.00868	0.00667	0.00452	0.00354	0.00118	0.00583	0.00291	0.00222	0.00681
1	0.01774	0.07691	0.09395	0.01245	0.03259	0.15099	0.01072	0.40628	0.03173	0.06102	0.01219	0.01401	0.00937	0.00620	0.00505	0.00154	0.00643	0.03871	0.00423	0.00788
2	0.00655	0.00469	0.00623	0.00711	0.00760	0.00437	0.00485	0.00777	0.01094	0.01484	0.18173	0.65616	0.03743	0.01516	0.00654	0.00202	0.00291	0.01371	0.00502	0.00437
3	0.00706	0.00520	0.00661	0.00649	0.00765	0.00475	0.00478	0.00914	0.01367	0.01888	0.57654	0.15329	0.14300	0.01181	0.00622	0.00172	0.00256	0.01041	0.00548	0.00475
4	0.01164	0.02179	0.57170	0.01325	0.01952	0.01113	0.01591	0.04053	0.05092	0.08100	0.04148	0.01613	0.01079	0.02692	0.00572	0.00178	0.00677	0.04246	0.00309	0.00749
5	0.01138	0.13957	0.50315	0.01562	0.02228	0.01358	0.19042	0.01640	0.01123	0.01592	0.00931	0.01132	0.00691	0.00475	0.00499	0.00160	0.00764	0.00422	0.00230	0.00739
6	0.02069	0.00827	0.01123	0.00881	0.01237	0.00720	0.00720	0.02278	0.01488	0.65984	0.14781	0.02127	0.01895	0.00715	0.00539	0.00162	0.00410	0.00594	0.00633	0.00820
7	0.01580	0.00749	0.00973	0.00850	0.01102	0.00693	0.00658	0.04657	0.05654	0.39769	0.06831	0.27447	0.02201	0.00988	0.00570	0.00177	0.00383	0.00856	0.03165	0.00698
8	0.78872	0.01100	0.00823	0.00733	0.01054	0.05614	0.00598	0.03172	0.00953	0.02297	0.00741	0.00860	0.00577	0.00489	0.00335	0.00160	0.00437	0.00289	0.00323	0.00573
9	0.78963	0.01088	0.04395	0.00733	0.01075	0.01174	0.00635	0.01573	0.03187	0.02300	0.00777	0.00890	0.00599	0.00491	0.00336	0.00162	0.00420	0.00296	0.00324	0.00581
10	0.01434	0.10050	0.27571	0.01693	0.20367	0.08183	0.01381	0.03380	0.01246	0.14273	0.02405	0.03662	0.00962	0.00556	0.00493	0.00155	0.00646	0.00455	0.00323	0.00765
11	0.01646	0.19173	0.03428	0.01001	0.01375	0.01380	0.00865	0.34357	0.01758	0.13135	0.07032	0.06416	0.04794	0.00708	0.00499	0.00152	0.00502	0.00555	0.00465	0.00758
12	0.02091	0.04644	0.01333	0.00980	0.01370	0.01030	0.00812	0.19943	0.04505	0.50796	0.05648	0.01720	0.01360	0.00655	0.00519	0.00158	0.00468	0.00523	0.00589	0.00854
13	0.05532	0.00792	0.02884	0.00838	0.01128	0.00682	0.00681	0.01851	0.01377	0.44595	0.19446	0.13797	0.02381	0.00873	0.00555	0.00169	0.00384	0.00744	0.00580	0.00711
14	0.01262	0.01267	0.05397	0.16495	0.44309	0.04638	0.08136	0.01581	0.01187	0.05064	0.01223	0.01495	0.04558	0.00526	0.00528	0.00161	0.00651	0.00501	0.00281	0.00742
15	0.01927	0.01230	0.01473	0.01142	0.01532	0.01289	0.04750	0.46768	0.03526	0.22727	0.01580	0.07009	0.01179	0.00693	0.00537	0.00163	0.00533	0.00564	0.00538	0.00843
16	0.00706	0.00488	0.00591	0.00636	0.00656	0.00478	0.00394	0.00751	0.00863	0.01149	0.02201	0.32698	0.04715	0.46269	0.04773	0.00398	0.00455	0.01032	0.00382	0.00365
17	0.01063	0.00998	0.01678	0.33653	0.29165	0.01083	0.05579	0.01400	0.02998	0.01541	0.04360	0.05862	0.04510	0.00646	0.00547	0.00171	0.00608	0.03188	0.00296	0.00657
18	0.01122	0.06484	0.59804	0.01719	0.12935	0.02873	0.04646	0.01647	0.01122	0.01628	0.00932	0.01121	0.00689	0.00487	0.00494	0.00161	0.00745	0.00398	0.00228	0.00766
19	0.01499	0.01251	0.07195	0.15988	0.03230	0.01253	0.02252	0.28125	0.14472	0.09126	0.03821	0.01809	0.02516	0.00672	0.00537	0.00169	0.00557	0.04315	0.00447	0.00765
20	0.01449	0.73836	0.02600	0.00937	0.01365	0.10032	0.00903	0.01613	0.01101	0.01230	0.00732	0.00846	0.00669	0.00455	0.00348	0.00114	0.00596	0.00284	0.00227	0.00662
21	0.01047	0.06528	0.47000	0.01503	0.11328	0.01128	0.01511	0.01537	0.04376	0.01610	0.01259	0.12755	0.01128	0.00657	0.00509	0.00164	0.00639	0.00552	0.00280	0.04488
22	0.01309	0.05223	0.12724	0.02305	0.43879	0.06795	0.02664	0.07214	0.02883	0.01778	0.04990	0.03733	0.01090	0.00555	0.00513	0.00156	0.00628	0.00495	0.00300	0.00768
23	0.69022	0.01032	0.00921	0.00874	0.05446	0.01159	0.00662	0.05418	0.01036	0.09156	0.00884	0.00974	0.00660	0.00504	0.00361	0.00161	0.00427	0.00323	0.00357	0.00624
24	0.00748	0.00513	0.00626	0.00633	0.00654	0.00531	0.00395	0.00792	0.00786	0.01068	0.01652	0.07100	0.01848	0.61261	0.18730	0.00560	0.00682	0.00752	0.00316	0.00352
25	0.00965	0.04500	0.01564	0.33319	0.03901	0.01018	0.13257	0.01239	0.01047	0.01412	0.01410	0.18173	0.01362	0.00971	0.05643	0.00220	0.03682	0.00699	0.05058	0.00562
26	0.02765	0.17074	0.50223	0.01410	0.05399	0.03393	0.03513	0.01707	0.01134	0.07369	0.00978	0.01109	0.00718	0.00495	0.00468	0.00154	0.00700	0.00382	0.00258	0.00752
27	0.01764	0.01272	0.01392	0.01091	0.01452	0.01388	0.00892	0.60812	0.02224	0.04996	0.12496	0.01677	0.01500	0.00750	0.01988	0.00169	0.00530	0.00541	0.02252	0.00812
28	0.01045	0.02694	0.79000	0.01484	0.02254	0.01209	0.01924	0.01649	0.01099	0.01649	0.00935	0.01099	0.00660	0.00495	0.00495	0.00165	0.00770	0.00385	0.00220	0.00770

[dist]
# distance from previous block
# <min> <max>
0	4

[block]
# block no. 4 follows, 47 sequences, length 52
# corresponding to MSA columns:
# 261-312
name=unknown_E
#
# <colnr> <probs for GDERKNQSTAVLIFYWHMCP>
#	G	D	E	R	K	N	Q	S	T	A	V	L	I	F	Y	W	H	M	C	P
0	0.01320	0.01113	0.01178	0.01057	0.01354	0.01283	0.00823	0.02762	0.75721	0.03981	0.02118	0.01939	0.01583	0.00705	0.00530	0.00176	0.00413	0.00587	0.00533	0.00826
1	0.01045	0.02694	0.79000	0.01484	0.02254	0.01209	0.01924	0.01649	0.01099	0.01649	0.00935	0.01099	0.00660	0.00495	0.00495	0.00165	0.00770	0.00385	0.00220	0.00770
2	0.12847	0.00600	0.00706	0.00659	0.00811	0.00588	0.00502	0.01061	0.01390	0.02124	0.67094	0.03454	0.04291	0.00981	0.00572	0.00163	0.00268	0.00847	0.00537	0.00502
3	0.00634	0.00453	0.00604	0.00725	0.00755	0.00423	0.00483	0.00725	0.00997	0.01329	0.02870	0.81358	0.03444	0.01632	0.00665	0.00211	0.00302	0.01480	0.00483	0.00423
4	0.01275	0.01223	0.02088	0.06742	0.75014	0.01234	0.01591	0.01586	0.01179	0.01684	0.00977	0.01293	0.00819	0.00467	0.00516	0.00156	0.00622	0.00464	0.00257	0.00814
5	0.01229	0.01405	0.03073	0.02195	0.02722	0.01317	0.76558	0.01668	0.01229	0.01668	0.01054	0.01405	0.00790	0.00439	0.00615	0.00176	0.00878	0.00615	0.00263	0.00702
6	0.00634	0.00453	0.00604	0.00725	0.00755	0.00423	0.00483	0.00725	0.00997	0.01329	0.02870	0.81358	0.03444	0.01632	0.00665	0.00211	0.00302	0.01480	0.00483	0.00423
7	0.01882	0.01410	0.01508	0.01178	0.01578	0.01569	0.00966	0.66133	0.13188	0.03124	0.01375	0.01349	0.00986	0.00637	0.00522	0.00159	0.00550	0.00486	0.00522	0.00877
8	0.02017	0.01399	0.01526	0.01170	0.01585	0.01526	0.00966	0.68955	0.02348	0.11181	0.01334	0.01305	0.00928	0.00627	0.00521	0.00157	0.00559	0.00475	0.00534	0.00886
9	0.00832	0.00594	0.00831	0.00950	0.01067	0.00593	0.00826	0.01066	0.01191	0.01550	0.02761	0.08658	0.03014	0.01446	0.00717	0.00239	0.00473	0.72235	0.00480	0.00477
10	0.79133	0.00991	0.00801	0.04470	0.01123	0.01150	0.00604	0.01507	0.00909	0.02282	0.02783	0.00952	0.00685	0.00501	0.00339	0.00162	0.00413	0.00308	0.00325	0.00563
11	0.01126	0.01002	0.01562	0.69108	0.03305	0.01223	0.01381	0.12116	0.01243	0.01610	0.00972	0.01369	0.00722	0.00536	0.00521	0.00171	0.00677	0.00464	0.00273	0.00622
12	0.00649	0.00463	0.00620	0.00735	0.00773	0.00434	0.00502	0.00752	0.01024	0.01367	0.05452	0.74815	0.03472	0.01602	0.00666	0.00211	0.00309	0.05239	0.00486	0.00428
13	0.00731	0.00530	0.00689	0.00654	0.00775	0.00488	0.00489	0.00970	0.01454	0.02051	0.74344	0.05928	0.06764	0.01086	0.00616	0.00165	0.00248	0.00960	0.00569	0.00488
14	0.00717	0.00521	0.00675	0.00659	0.00771	0.00479	0.00486	0.00935	0.01393	0.01948	0.64059	0.15025	0.08064	0.01157	0.00621	0.00171	0.00255	0.01026	0.00556	0.00479
15	0.05507	0.00666	0.00624	0.00585	0.00747	0.03531	0.00449	0.07413	0.01206	0.02047	0.01578	0.01791	0.01233	0.00599	0.00379	0.00127	0.00304	0.00468	0.70220	0.00526
16	0.01983	0.00794	0.01054	0.00837	0.01172	0.00698	0.00681	0.02195	0.01432	0.60234	0.09522	0.02006	0.01654	0.00681	0.00510	0.00156	0.00395	0.00560	0.12648	0.00790
17	0.85377	0.01007	0.00765	0.00685	0.01007	0.01168	0.00564	0.01531	0.00886	0.02336	0.00725	0.00846	0.00564	0.00483	0.00322	0.00161	0.00403	0.00282	0.00322	0.00564
18	0.01584	0.54568	0.02299	0.01042	0.01431	0.26526	0.00930	0.03907	0.01230	0.01301	0.00765	0.00880	0.00675	0.00480	0.00382	0.00120	0.00678	0.00302	0.00246	0.00654
19	0.82789	0.01021	0.00790	0.00701	0.01026	0.01182	0.00577	0.03864	0.00935	0.02366	0.00741	0.00859	0.00574	0.00488	0.00328	0.00161	0.00408	0.00288	0.00328	0.00574
20	0.04426	0.00895	0.01194	0.00923	0.01317	0.00791	0.00760	0.04352	0.01490	0.73427	0.02016	0.03287	0.01302	0.00659	0.00521	0.00162	0.00443	0.00535	0.00630	0.00869
21	0.00741	0.00539	0.00694	0.00659	0.00780	0.00502	0.00490	0.00993	0.02701	0.02021	0.70781	0.06531	0.06280	0.03187	0.00668	0.00175	0.00258	0.00953	0.00561	0.00489
22	0.01170	0.03459	0.07426	0.01927	0.04325	0.01224	0.54588	0.01615	0.03774	0.01658	0.01315	0.02025	0.01122	0.00595	0.00609	0.00182	0.00783	0.11222	0.00299	0.00681
23	0.05772	0.01589	0.01412	0.05306	0.01610	0.21354	0.00949	0.40918	0.06635	0.02472	0.01177	0.01245	0.00877	0.00594	0.00489	0.00151	0.00634	0.00434	0.05628	0.00754
24	0.01753	0.01174	0.01336	0.01095	0.03527	0.01226	0.00860	0.46040	0.01959	0.15005	0.03190	0.07490	0.04901	0.02286	0.00571	0.00164	0.00500	0.00587	0.00513	0.05823
25	0.01430	0.01091	0.01253	0.02873	0.06580	0.01216	0.00882	0.02627	0.60406	0.12559	0.02009	0.01864	0.01478	0.00678	0.00528	0.00173	0.00436	0.00569	0.00521	0.00828
26	0.01945	0.02482	0.01476	0.01342	0.01610	0.79608	0.01006	0.02079	0.01476	0.01275	0.00805	0.00939	0.00671	0.00537	0.00470	0.00134	0.00939	0.00335	0.00268	0.00604
27	0.00634	0.00453	0.00604	0.00725	0.00755	0.00423	0.00483	0.00725	0.00997	0.01329	0.02870	0.81358	0.03444	0.01632	0.00665	0.00211	0.00302	0.01480	0.00483	0.00423
28	0.17874	0.00995	0.01178	0.00922	0.01312	0.00968	0.00761	0.13448	0.01520	0.53151	0.01685	0.01520	0.01093	0.00611	0.00485	0.00160	0.00455	0.00470	0.00566	0.00826
29	0.00658	0.00468	0.00621	0.00718	0.00751	0.00452	0.00480	0.00747	0.00957	0.01284	0.02605	0.65833	0.03085	0.10483	0.07955	0.00299	0.00422	0.01320	0.00447	0.00415
30	0.00664	0.00474	0.00637	0.00753	0.00798	0.00448	0.00529	0.00778	0.01036	0.01380	0.04937	0.69501	0.03427	0.01591	0.00670	0.00214	0.00323	0.10921	0.00485	0.00432
31	0.00983	0.00926	0.01562	0.80447	0.03587	0.01157	0.01446	0.01331	0.01041	0.01331	0.00926	0.01388	0.00694	0.00521	0.00521	0.00174	0.00694	0.00463	0.00231	0.00579
32	0.01099	0.03846	0.01541	0.01285	0.01312	0.01495	0.01071	0.01224	0.00811	0.01247	0.00773	0.01241	0.00759	0.01265	0.11272	0.00299	0.68204	0.00462	0.00234	0.00560
33	0.85377	0.01007	0.00765	0.00685	0.01007	0.01168	0.00564	0.01531	0.00886	0.02336	0.00725	0.00846	0.00564	0.00483	0.00322	0.00161	0.00403	0.00282	0.00322	0.00564
34	0.00642	0.00529	0.00564	0.00555	0.00720	0.00451	0.00416	0.00798	0.01249	0.01555	0.21094	0.04768	0.62328	0.01264	0.00615	0.00173	0.00260	0.01065	0.00503	0.00451
35	0.01804	0.01342	0.01446	0.01145	0.01517	0.01483	0.00931	0.63947	0.08420	0.03019	0.01465	0.08429	0.01170	0.00721	0.00534	0.00163	0.00536	0.00569	0.00518	0.00840
36	0.00629	0.00512	0.00557	0.00580	0.00720	0.00440	0.00422	0.00760	0.01167	0.01440	0.10143	0.21458	0.56626	0.01368	0.00626	0.00183	0.00271	0.01170	0.00490	0.00440
37	0.00905	0.00452	0.00678	0.00678	0.00678	0.00452	0.00452	0.00678	0.00678	0.00905	0.00905	0.01583	0.00905	0.01809	0.02035	0.84848	0.00452	0.00452	0.00226	0.00226
38	0.00625	0.00526	0.00542	0.00543	0.00711	0.00443	0.00405	0.00764	0.01202	0.01455	0.10588	0.07298	0.70499	0.01310	0.00617	0.00176	0.00264	0.01099	0.00490	0.00443
39	0.01427	0.78201	0.02664	0.00903	0.01344	0.04038	0.00891	0.01594	0.01078	0.02903	0.00755	0.00858	0.00682	0.00452	0.00342	0.00113	0.00564	0.00285	0.00233	0.00671
40	0.00711	0.00526	0.00664	0.00641	0.00765	0.00478	0.00476	0.00928	0.01395	0.01929	0.61564	0.09877	0.15823	0.01145	0.00618	0.00169	0.00253	0.01006	0.00553	0.00478
41	0.01080	0.00926	0.01080	0.00771	0.01234	0.00694	0.00617	0.01311	0.01080	0.01697	0.00926	0.01080	0.00771	0.00386	0.00386	0.00077	0.00386	0.00309	0.00309	0.84882
42	0.00685	0.00483	0.00627	0.00713	0.00776	0.00441	0.00487	0.00792	0.01047	0.03022	0.06849	0.68405	0.08731	0.01530	0.00649	0.00202	0.00301	0.01378	0.00487	0.02393
43	0.03246	0.48914	0.20143	0.01096	0.01580	0.05422	0.03322	0.01601	0.02662	0.01384	0.00839	0.00994	0.00710	0.00607	0.03350	0.00159	0.02716	0.00337	0.00236	0.00680
44	0.00791	0.00592	0.00758	0.00833	0.00956	0.00583	0.00675	0.02291	0.04859	0.01530	0.03161	0.22063	0.16965	0.01472	0.02671	0.00232	0.00422	0.38185	0.00479	0.00483
45	0.00988	0.00589	0.00759	0.00712	0.00872	0.00537	0.00534	0.01211	0.02973	0.14826	0.42218	0.18806	0.10690	0.01121	0.00607	0.00174	0.00295	0.00984	0.00558	0.00547
46	0.02106	0.00935	0.04847	0.00924	0.01315	0.00757	0.00791	0.02331	0.01470	0.67026	0.10060	0.01965	0.01643	0.00682	0.00532	0.00162	0.00438	0.00561	0.00617	0.00839
47	0.01333	0.01466	0.03955	0.23329	0.28913	0.20424	0.02781	0.01665	0.04294	0.01532	0.04632	0.01376	0.00971	0.00536	0.00512	0.00157	0.00701	0.00460	0.00278	0.00684
48	0.15741	0.23606	0.35292	0.01178	0.01729	0.02930	0.04705	0.01606	0.01081	0.03139	0.02261	0.01168	0.00792	0.00513	0.00434	0.00151	0.00635	0.02087	0.00262	0.00691
49	0.00931	0.12525	0.01018	0.00759	0.00947	0.02134	0.00627	0.01110	0.01208	0.05538	0.16587	0.07123	0.21045	0.06438	0.00729	0.00202	0.00397	0.19717	0.00454	0.00510
50	0.01045	0.06636	0.00992	0.00819	0.01002	0.06953	0.00632	0.06009	0.05846	0.05622	0.21947	0.20194	0.13196	0.02207	0.00635	0.00178	0.02252	0.02806	0.00476	0.00555
51	0.02368	0.08103	0.40597	0.01611	0.14141	0.07003	0.01520	0.07429	0.01243	0.01724	0.01078	0.02685	0.00891	0.00571	0.00498	0.00160	0.00689	0.04854	0.00276	0.02560

[dist]
# distance from previous block
# <min> <max>
1	22

[block]
# block no. 5 follows, 47 sequences, length 24
# corresponding to MSA columns:
# 336-359
name=unknown_F
#
# <colnr> <probs for GDERKNQSTAVLIFYWHMCP>
#	G	D	E	R	K	N	Q	S	T	A	V	L	I	F	Y	W	H	M	C	P
0	0.01080	0.02251	0.55903	0.01633	0.05249	0.01186	0.15976	0.01611	0.01124	0.01649	0.01010	0.03283	0.00770	0.00508	0.00518	0.00164	0.00754	0.00457	0.00241	0.04635
1	0.01075	0.00762	0.05675	0.00788	0.01003	0.00628	0.00653	0.04757	0.01439	0.15093	0.46526	0.11363	0.04997	0.01007	0.00594	0.00169	0.00337	0.02000	0.00549	0.00586
2	0.00721	0.00528	0.00727	0.03176	0.02914	0.00519	0.00609	0.00853	0.01020	0.01356	0.02580	0.50767	0.02987	0.08881	0.03397	0.00262	0.00414	0.17398	0.00447	0.00442
3	0.07521	0.25438	0.06836	0.01008	0.01423	0.01467	0.00914	0.15035	0.17226	0.14559	0.01340	0.01313	0.00993	0.00568	0.00449	0.00147	0.00511	0.00424	0.00416	0.02413
4	0.01366	0.01610	0.15356	0.08432	0.11939	0.07776	0.25205	0.08207	0.05353	0.05720	0.01107	0.01324	0.00827	0.00521	0.00575	0.00167	0.02971	0.00497	0.00308	0.00739
5	0.00667	0.00499	0.00692	0.00754	0.00820	0.00468	0.02726	0.00791	0.01058	0.01418	0.10800	0.62413	0.08125	0.01622	0.04302	0.00232	0.00361	0.01332	0.00477	0.00441
6	0.07259	0.01048	0.01307	0.14267	0.09709	0.01156	0.00978	0.12820	0.23808	0.09426	0.02910	0.01975	0.04030	0.02262	0.00567	0.00178	0.00503	0.04625	0.00440	0.00733
7	0.01724	0.01066	0.03049	0.01394	0.06611	0.00980	0.18812	0.04384	0.07660	0.37571	0.03212	0.04065	0.01367	0.00666	0.00561	0.00171	0.00559	0.04866	0.00493	0.00788
8	0.01038	0.00877	0.01322	0.21474	0.01882	0.00930	0.10413	0.11173	0.04020	0.03014	0.05644	0.20228	0.11473	0.00941	0.00588	0.00182	0.00516	0.03292	0.00404	0.00589
9	0.00800	0.00642	0.00887	0.00871	0.00960	0.02900	0.00676	0.00974	0.00850	0.01206	0.01348	0.02014	0.01271	0.06422	0.70388	0.00772	0.05720	0.00553	0.00277	0.00469
10	0.04495	0.17666	0.35702	0.01490	0.10367	0.12532	0.03723	0.01649	0.01162	0.01553	0.02965	0.01195	0.02311	0.00517	0.00465	0.00149	0.00702	0.00398	0.00251	0.00709
11	0.01217	0.10966	0.42136	0.04828	0.18807	0.01310	0.05061	0.03954	0.01173	0.04405	0.00976	0.01165	0.00733	0.00490	0.00490	0.00157	0.00697	0.00411	0.00255	0.00768
12	0.03620	0.00809	0.00966	0.02305	0.01130	0.02955	0.00758	0.13082	0.03802	0.01801	0.06558	0.22804	0.02383	0.01369	0.06124	0.00245	0.05387	0.21726	0.01621	0.00554
13	0.01135	0.01091	0.01884	0.41403	0.37918	0.01201	0.04949	0.01469	0.01116	0.01516	0.00956	0.01343	0.00759	0.00491	0.00523	0.00165	0.00668	0.00470	0.00245	0.00697
14	0.19646	0.14783	0.24503	0.02547	0.11298	0.04954	0.01212	0.04797	0.01160	0.06067	0.02585	0.01125	0.00800	0.00507	0.00436	0.00151	0.00599	0.00376	0.00295	0.02159
15	0.68260	0.00975	0.00894	0.13789	0.01422	0.01140	0.00706	0.01477	0.00934	0.02162	0.03732	0.01052	0.00752	0.00512	0.00366	0.00163	0.00445	0.00337	0.00317	0.00564
16	0.00744	0.00556	0.00826	0.00826	0.00916	0.00645	0.00638	0.00923	0.00834	0.01201	0.01405	0.02100	0.01325	0.07003	0.76570	0.00824	0.01359	0.00566	0.00280	0.00459
17	0.20759	0.05263	0.08531	0.00931	0.01353	0.00990	0.00843	0.04457	0.01326	0.48104	0.01558	0.01437	0.01023	0.00584	0.00466	0.00159	0.00475	0.00442	0.00507	0.00792
18	0.01092	0.00930	0.00989	0.00905	0.01155	0.01028	0.00698	0.02149	0.53150	0.02011	0.11611	0.02793	0.17554	0.00873	0.00557	0.00175	0.00363	0.00734	0.00526	0.00707
19	0.02278	0.00980	0.01267	0.00971	0.01376	0.00905	0.00802	0.14726	0.01648	0.66400	0.01922	0.01687	0.01223	0.00641	0.00523	0.00160	0.00464	0.00515	0.00624	0.00886
20	0.01392	0.82012	0.02729	0.00891	0.01337	0.02061	0.00891	0.01559	0.01058	0.01225	0.00724	0.00835	0.00668	0.00446	0.00334	0.00111	0.00557	0.00278	0.00223	0.00668
21	0.01758	0.00830	0.01053	0.00862	0.01184	0.00769	0.00693	0.02147	0.12835	0.47696	0.12683	0.02473	0.11095	0.00792	0.00548	0.00166	0.00390	0.00659	0.00598	0.00770
22	0.01250	0.01071	0.01168	0.04737	0.03634	0.02853	0.00838	0.09043	0.50075	0.02096	0.04681	0.04671	0.08038	0.00791	0.00546	0.00175	0.00438	0.02651	0.00497	0.00749
23	0.00674	0.00530	0.00609	0.00589	0.00739	0.00465	0.00442	0.00861	0.01325	0.01735	0.40378	0.04472	0.42931	0.01196	0.00615	0.00170	0.00255	0.01023	0.00527	0.00465

[dist]
# distance from previous block
# <min> <max>
3	39

[block]
# block no. 6 follows, 47 sequences, length 44
# corresponding to MSA columns:
# 400-441,451,452
name=unknown_G
#
# <colnr> <probs for GDERKNQSTAVLIFYWHMCP>
#	G	D	E	R	K	N	Q	S	T	A	V	L	I	F	Y	W	H	M	C	P
0	0.04136	0.01597	0.09429	0.07887	0.45396	0.16200	0.02631	0.03647	0.01247	0.01651	0.00938	0.01197	0.00763	0.00489	0.00500	0.00154	0.00696	0.00428	0.00263	0.00751
1	0.00720	0.00539	0.00670	0.00645	0.00775	0.00495	0.00481	0.00961	0.03014	0.01917	0.58362	0.09101	0.18106	0.01140	0.00616	0.00169	0.00256	0.00998	0.00550	0.00485
2	0.02305	0.00893	0.01208	0.00931	0.01330	0.00781	0.00767	0.02545	0.03776	0.76506	0.02056	0.01778	0.01298	0.00646	0.00524	0.00162	0.00442	0.00526	0.00641	0.00884
3	0.04873	0.01233	0.01363	0.01086	0.01428	0.01359	0.03125	0.49502	0.10969	0.02753	0.03243	0.01588	0.01154	0.05963	0.02962	0.00200	0.00549	0.00514	0.05358	0.00779
4	0.03140	0.01330	0.02544	0.14614	0.16923	0.04230	0.46171	0.01614	0.01193	0.01622	0.01003	0.01350	0.00772	0.00461	0.00569	0.00169	0.00792	0.00544	0.00259	0.00699
5	0.00693	0.00519	0.00719	0.02871	0.00893	0.00522	0.01678	0.00805	0.00999	0.01354	0.02642	0.69892	0.03117	0.01512	0.00706	0.00209	0.04477	0.02957	0.02994	0.00442
6	0.72495	0.03861	0.06135	0.00764	0.01125	0.01197	0.00682	0.03057	0.00957	0.04772	0.00793	0.00901	0.00604	0.00491	0.00345	0.00160	0.00437	0.00300	0.00326	0.00598
7	0.00779	0.00574	0.00833	0.02371	0.00952	0.00669	0.00642	0.00961	0.00856	0.01260	0.01400	0.02066	0.01304	0.07391	0.65725	0.00733	0.03637	0.00557	0.06826	0.00464
8	0.04391	0.45932	0.23046	0.01089	0.01613	0.01734	0.01172	0.12592	0.01267	0.01681	0.00858	0.00968	0.00694	0.00486	0.00404	0.00134	0.00611	0.00335	0.00269	0.00724
9	0.01521	0.34074	0.11827	0.01106	0.01538	0.08142	0.01051	0.17728	0.10335	0.03709	0.01063	0.01128	0.00837	0.00549	0.00479	0.00142	0.03307	0.00385	0.00336	0.00742
10	0.00751	0.00550	0.00672	0.00701	0.00794	0.00519	0.00493	0.04019	0.01115	0.01485	0.11688	0.37667	0.12981	0.15123	0.00979	0.00246	0.00351	0.05887	0.00460	0.03519
11	0.03094	0.55637	0.11808	0.01022	0.01479	0.09686	0.01021	0.03951	0.04165	0.02747	0.00852	0.00951	0.00719	0.00481	0.00384	0.00126	0.00611	0.00320	0.00257	0.00689
12	0.01925	0.08824	0.04340	0.01062	0.01460	0.01269	0.00915	0.30011	0.05844	0.31507	0.02878	0.01543	0.01138	0.00643	0.00547	0.00159	0.03135	0.01444	0.00520	0.00835
13	0.00723	0.00526	0.00680	0.00655	0.00772	0.00483	0.00486	0.00950	0.01420	0.01992	0.68331	0.10330	0.08452	0.01124	0.00618	0.00168	0.00251	0.00994	0.00561	0.00483
14	0.01420	0.01161	0.01232	0.01071	0.01386	0.01324	0.00844	0.15260	0.61905	0.03886	0.02027	0.01877	0.02830	0.00702	0.00530	0.00173	0.00437	0.00576	0.00530	0.00829
15	0.01280	0.00907	0.01068	0.02314	0.02563	0.00925	0.00737	0.12240	0.20941	0.11240	0.07985	0.16591	0.04845	0.00889	0.00552	0.00168	0.00408	0.03449	0.00498	0.10399
16	0.01069	0.08266	0.73642	0.01443	0.02189	0.01269	0.01852	0.01643	0.01097	0.01619	0.00920	0.01081	0.00660	0.00491	0.00483	0.00161	0.00755	0.00377	0.00220	0.00763
17	0.01364	0.74136	0.05549	0.00914	0.01355	0.03546	0.00917	0.01551	0.01085	0.01277	0.03787	0.00968	0.00835	0.00474	0.00354	0.00116	0.00561	0.00310	0.00237	0.00664
18	0.00762	0.00558	0.00740	0.00829	0.00942	0.00536	0.00683	0.00960	0.01183	0.01538	0.09151	0.18877	0.14455	0.01425	0.00686	0.00219	0.00398	0.45106	0.00488	0.00465
19	0.05912	0.00814	0.00986	0.00834	0.01110	0.00795	0.00662	0.04614	0.13852	0.29800	0.27672	0.02610	0.06475	0.00821	0.00549	0.00165	0.00365	0.00690	0.00572	0.00704
20	0.00679	0.00490	0.00640	0.00734	0.00794	0.00461	0.00524	0.00802	0.01064	0.01408	0.08261	0.54354	0.09040	0.05673	0.00769	0.00225	0.00333	0.12838	0.00480	0.00432
21	0.02648	0.05458	0.72235	0.01472	0.02213	0.01243	0.04382	0.01644	0.01098	0.01648	0.00927	0.01096	0.00663	0.00491	0.00490	0.00163	0.00759	0.00387	0.00223	0.00760
22	0.00970	0.00638	0.00766	0.00697	0.00889	0.00595	0.00535	0.01304	0.09213	0.11940	0.40156	0.03725	0.24464	0.01044	0.00594	0.00168	0.00294	0.00895	0.00553	0.00563
23	0.00659	0.00472	0.00628	0.00719	0.00769	0.00441	0.00495	0.00782	0.01090	0.01474	0.16594	0.65047	0.03699	0.01523	0.00657	0.00204	0.00297	0.03514	0.00500	0.00437
24	0.03712	0.01200	0.01934	0.13490	0.58421	0.01252	0.01483	0.06801	0.03460	0.01792	0.01017	0.01306	0.00826	0.00491	0.00511	0.00158	0.00614	0.00463	0.00282	0.00788
25	0.04378	0.02206	0.55439	0.05249	0.04979	0.01180	0.11657	0.01583	0.01103	0.01649	0.01043	0.05295	0.00825	0.00546	0.00515	0.00169	0.00736	0.00474	0.00245	0.00728
26	0.00634	0.00524	0.00557	0.00567	0.00725	0.00447	0.00424	0.00775	0.01196	0.01462	0.11143	0.11284	0.63666	0.01327	0.00622	0.00180	0.00272	0.03260	0.00491	0.00444
27	0.05416	0.05714	0.70805	0.01430	0.02160	0.01242	0.02941	0.01640	0.01089	0.01668	0.00917	0.01081	0.00657	0.00491	0.00481	0.00163	0.00744	0.00379	0.00226	0.00754
28	0.03606	0.01121	0.01880	0.30399	0.49784	0.01207	0.01515	0.01502	0.01126	0.01589	0.00953	0.01311	0.00771	0.00485	0.00512	0.00162	0.00639	0.00458	0.00250	0.00730
29	0.00665	0.00502	0.00732	0.00801	0.00857	0.00469	0.04412	0.00774	0.01009	0.01347	0.02776	0.77230	0.03307	0.01570	0.00662	0.00210	0.00332	0.01436	0.00472	0.00437
30	0.01009	0.00834	0.00929	0.00893	0.01111	0.00899	0.00710	0.01832	0.38735	0.01879	0.09606	0.03590	0.17899	0.01021	0.00596	0.00189	0.00382	0.16731	0.00513	0.00642
31	0.01034	0.00969	0.01632	0.73675	0.03469	0.01183	0.04929	0.04318	0.01106	0.01423	0.00944	0.01384	0.00706	0.00521	0.00525	0.00173	0.00698	0.00470	0.00244	0.00596
32	0.01071	0.00644	0.00843	0.00786	0.01839	0.00606	0.00599	0.02937	0.04467	0.15427	0.48276	0.09484	0.03768	0.01030	0.00603	0.00172	0.00319	0.05984	0.00566	0.00580
33	0.01279	0.01227	0.02096	0.05722	0.76002	0.01235	0.01593	0.01589	0.01181	0.01689	0.00978	0.01292	0.00821	0.00466	0.00516	0.00155	0.00621	0.00464	0.00257	0.00817
34	0.01421	0.01261	0.04016	0.02816	0.64436	0.01222	0.01492	0.06909	0.01298	0.08475	0.01090	0.01323	0.00865	0.00492	0.00516	0.00156	0.00604	0.00467	0.00309	0.00833
35	0.00815	0.00582	0.00811	0.00931	0.01041	0.00579	0.00797	0.01037	0.01175	0.01531	0.02771	0.14781	0.03050	0.01461	0.00713	0.00236	0.00459	0.66276	0.00480	0.00473
36	0.00819	0.00591	0.00813	0.00925	0.01046	0.00585	0.00801	0.01049	0.01193	0.01543	0.02926	0.07643	0.07969	0.01435	0.00711	0.00235	0.00461	0.68299	0.00480	0.00476
37	0.01090	0.02592	0.73887	0.01493	0.02243	0.01200	0.04612	0.01677	0.01116	0.03974	0.00973	0.01131	0.00683	0.00497	0.00500	0.00165	0.00764	0.00397	0.00234	0.00771
38	0.01549	0.10225	0.42511	0.01223	0.01825	0.01151	0.01396	0.03479	0.01259	0.28459	0.01309	0.01309	0.00884	0.00544	0.00489	0.00158	0.00630	0.00424	0.00374	0.00802
39	0.02336	0.00886	0.01209	0.00927	0.01329	0.00765	0.00765	0.02538	0.01491	0.78810	0.02055	0.01773	0.01289	0.00645	0.00524	0.00161	0.00443	0.00524	0.00645	0.00886
40	0.24097	0.00969	0.01124	0.00887	0.01270	0.00946	0.00732	0.08836	0.01417	0.52060	0.01634	0.01483	0.01063	0.00601	0.00471	0.00161	0.00444	0.00455	0.00549	0.00802
41	0.01072	0.01016	0.01723	0.57944	0.25394	0.01180	0.01491	0.01409	0.01083	0.01439	0.00941	0.01359	0.00732	0.00504	0.00519	0.00168	0.00672	0.00463	0.00239	0.00650
42	0.01080	0.00926	0.01080	0.00771	0.01234	0.00694	0.00617	0.01311	0.01080	0.01697	0.00926	0.01080	0.00771	0.00386	0.00386	0.00077	0.00386	0.00309	0.00309	0.84882
43	0.00771	0.00607	0.04223	0.00611	0.00647	0.00538	0.00391	0.00799	0.00773	0.01040	0.01608	0.03300	0.01836	0.77914	0.02550	0.00489	0.00517	0.00740	0.00311	0.00337

[dist]
# distance from previous block
# <min> <max>
0	0

# created by:
# /st0/software/busco_prod/Augustus/scripts/msa2prfl.pl ./align_prep/147098.fa
