[name]
unknown

[dist]
# distance from previous block
# <min> <max>
0	71

[block]
# block no. 0 follows, 40 sequences, length 14
# corresponding to MSA columns:
# 71-84
name=unknown_A
#
# <colnr> <probs for GDERKNQSTAVLIFYWHMCP>
#	G	D	E	R	K	N	Q	S	T	A	V	L	I	F	Y	W	H	M	C	P
0	0.04029	0.06113	0.08240	0.07329	0.04473	0.10575	0.04485	0.20269	0.05425	0.09689	0.01376	0.01609	0.01055	0.00751	0.00675	0.05896	0.00680	0.02483	0.02909	0.01938
1	0.01361	0.10440	0.17557	0.10436	0.08412	0.05085	0.11316	0.08537	0.03088	0.01895	0.03518	0.04627	0.04806	0.00684	0.00617	0.00179	0.03281	0.00585	0.00340	0.03237
2	0.01122	0.00818	0.04295	0.03826	0.01220	0.00761	0.02359	0.01315	0.02677	0.12576	0.04477	0.35732	0.04165	0.12095	0.03831	0.00291	0.06266	0.01100	0.00487	0.00588
3	0.01941	0.01368	0.01606	0.09152	0.01904	0.01485	0.02389	0.46535	0.04998	0.10919	0.01666	0.04526	0.03287	0.00783	0.00637	0.02490	0.00608	0.00596	0.00542	0.02569
4	0.03524	0.01056	0.01651	0.50979	0.05161	0.03113	0.05044	0.05042	0.01194	0.01574	0.01047	0.01548	0.00831	0.00827	0.00869	0.14408	0.00728	0.00514	0.00280	0.00611
5	0.00713	0.00517	0.00673	0.00788	0.00840	0.00478	0.00532	0.00826	0.01157	0.01534	0.07058	0.69565	0.09648	0.01762	0.00735	0.00230	0.00331	0.01589	0.00545	0.00478
6	0.01220	0.00781	0.00891	0.00805	0.00943	0.00896	0.00638	0.07714	0.01287	0.02148	0.01630	0.01924	0.01304	0.00746	0.00717	0.00162	0.15686	0.00534	0.59374	0.00600
7	0.03197	0.14336	0.01651	0.21029	0.02034	0.05928	0.01056	0.15048	0.01503	0.01953	0.03992	0.08718	0.08854	0.00831	0.00619	0.00180	0.04119	0.00660	0.03602	0.00690
8	0.00795	0.00571	0.00737	0.00840	0.00899	0.00549	0.00572	0.05040	0.01207	0.01611	0.03101	0.74687	0.03681	0.01757	0.00733	0.00233	0.00355	0.01588	0.00542	0.00502
9	0.00728	0.00586	0.00637	0.00632	0.00797	0.00508	0.00464	0.00893	0.01360	0.01712	0.21201	0.08048	0.52749	0.06106	0.00825	0.00217	0.00308	0.01181	0.00551	0.00495
10	0.01790	0.33609	0.06020	0.01324	0.06078	0.13042	0.01113	0.07084	0.07861	0.11997	0.01230	0.01293	0.00959	0.00607	0.00539	0.00157	0.03677	0.00429	0.00376	0.00813
11	0.07290	0.27160	0.04043	0.15211	0.03481	0.05441	0.01098	0.03922	0.01243	0.04835	0.03610	0.06832	0.01185	0.00716	0.00642	0.00173	0.08823	0.00526	0.03073	0.00697
12	0.01625	0.01156	0.01275	0.01067	0.01339	0.03728	0.00856	0.31375	0.01798	0.06003	0.01531	0.01799	0.01212	0.03654	0.12441	0.00299	0.06939	0.00550	0.20604	0.00750
13	0.00735	0.00530	0.00687	0.00774	0.00836	0.00492	0.00527	0.00867	0.01215	0.01634	0.16963	0.57359	0.08389	0.05083	0.00825	0.00238	0.00333	0.01479	0.00551	0.00483

[dist]
# distance from previous block
# <min> <max>
6	16

[block]
# block no. 1 follows, 40 sequences, length 26
# corresponding to MSA columns:
# 102-117,125-134
name=unknown_B
#
# <colnr> <probs for GDERKNQSTAVLIFYWHMCP>
#	G	D	E	R	K	N	Q	S	T	A	V	L	I	F	Y	W	H	M	C	P
0	0.01696	0.01352	0.01419	0.01202	0.01570	0.03614	0.00952	0.23552	0.42682	0.05713	0.02021	0.05153	0.01555	0.00784	0.00587	0.00186	0.00524	0.00637	0.00574	0.04226
1	0.01345	0.03858	0.08499	0.15199	0.48091	0.03786	0.01657	0.01710	0.01318	0.01826	0.06212	0.01612	0.01186	0.00580	0.00574	0.00176	0.00700	0.00536	0.00303	0.00832
2	0.03270	0.08178	0.51450	0.01579	0.02291	0.01419	0.07696	0.01965	0.06333	0.06287	0.01189	0.01338	0.00861	0.00584	0.00592	0.00183	0.03169	0.00467	0.00305	0.00845
3	0.03733	0.09284	0.12422	0.05331	0.22064	0.04958	0.01380	0.07288	0.14335	0.02033	0.02643	0.02028	0.01330	0.00711	0.00573	0.00184	0.00655	0.07840	0.00385	0.00823
4	0.01166	0.03008	0.76550	0.01657	0.02517	0.01351	0.02149	0.01842	0.01228	0.01842	0.01044	0.01228	0.00737	0.00552	0.00552	0.00184	0.00859	0.00430	0.00246	0.00859
5	0.01294	0.01311	0.05139	0.28434	0.46878	0.01327	0.01708	0.01662	0.01266	0.01750	0.01195	0.01575	0.02788	0.00565	0.00580	0.00181	0.00716	0.00532	0.00283	0.00815
6	0.03295	0.27732	0.20859	0.08890	0.03559	0.09568	0.08398	0.01819	0.01250	0.03402	0.00972	0.01195	0.00779	0.00567	0.00586	0.00167	0.05505	0.00426	0.00273	0.00761
7	0.00751	0.00567	0.00700	0.00787	0.00877	0.00531	0.00553	0.00945	0.04497	0.01592	0.06799	0.54122	0.18913	0.01667	0.00724	0.00225	0.00339	0.04362	0.00546	0.00502
8	0.00709	0.00506	0.00675	0.00810	0.00843	0.00472	0.00540	0.00810	0.01113	0.01484	0.03205	0.79184	0.03846	0.01822	0.00742	0.00236	0.00337	0.01653	0.00540	0.00472
9	0.00763	0.00565	0.00666	0.00710	0.00838	0.00499	0.00506	0.00907	0.01280	0.03635	0.12265	0.36522	0.35609	0.01569	0.00708	0.00211	0.00316	0.01371	0.00556	0.00503
10	0.02011	0.01148	0.01379	0.04541	0.01593	0.01168	0.00915	0.24046	0.09237	0.31813	0.08502	0.02270	0.07096	0.00809	0.00601	0.00182	0.00514	0.00657	0.00625	0.00893
11	0.00806	0.00579	0.00744	0.00844	0.00906	0.00559	0.00577	0.05571	0.01219	0.01626	0.03087	0.74123	0.03660	0.01749	0.00732	0.00232	0.00357	0.01580	0.00543	0.00506
12	0.02177	0.01612	0.01726	0.01331	0.01791	0.01788	0.01097	0.70881	0.05904	0.03611	0.01439	0.01430	0.01023	0.00702	0.00582	0.00176	0.00632	0.00529	0.00582	0.00986
13	0.04045	0.01558	0.05989	0.12501	0.07758	0.04505	0.42622	0.04036	0.03410	0.01866	0.01141	0.01497	0.00872	0.00556	0.00702	0.00194	0.05071	0.00601	0.00304	0.00771
14	0.00834	0.00613	0.00784	0.00752	0.00890	0.00577	0.00560	0.01145	0.04539	0.02241	0.64409	0.10548	0.07437	0.01235	0.00687	0.00188	0.00288	0.01092	0.00627	0.00555
15	0.01347	0.01089	0.01132	0.04402	0.01333	0.09738	0.00793	0.17688	0.01568	0.05009	0.08640	0.24013	0.02350	0.09874	0.08030	0.00304	0.00646	0.00920	0.00484	0.00639
16	0.01367	0.01337	0.01860	0.40108	0.17150	0.09316	0.04721	0.01899	0.11580	0.03162	0.01248	0.01572	0.00958	0.00599	0.00581	0.00185	0.00747	0.00531	0.00326	0.00753
17	0.01358	0.02220	0.44857	0.01767	0.09008	0.01243	0.09682	0.01913	0.03360	0.10699	0.01414	0.07378	0.01121	0.00666	0.00589	0.00188	0.00763	0.00585	0.00343	0.00844
18	0.00739	0.00617	0.00647	0.00635	0.00828	0.00539	0.00478	0.00968	0.04424	0.01721	0.16224	0.05266	0.62084	0.01402	0.00683	0.00194	0.00298	0.01177	0.00557	0.00517
19	0.01289	0.01338	0.02588	0.23988	0.19526	0.01383	0.33021	0.01696	0.01280	0.01740	0.01160	0.03632	0.00937	0.00575	0.00672	0.00193	0.03309	0.00621	0.00288	0.00763
20	0.13299	0.01004	0.01408	0.20692	0.02053	0.01102	0.08498	0.09841	0.04341	0.01984	0.01900	0.26213	0.03316	0.01000	0.00613	0.00203	0.00571	0.00886	0.00423	0.00651
21	0.02606	0.00600	0.00871	0.11303	0.01228	0.00631	0.00668	0.00934	0.00928	0.01275	0.01582	0.11036	0.04454	0.01658	0.01606	0.49653	0.00500	0.02979	0.05113	0.00375
22	0.03874	0.06676	0.05121	0.02331	0.06795	0.02436	0.00935	0.03761	0.20303	0.03665	0.02712	0.03346	0.16012	0.04234	0.00762	0.02572	0.00516	0.12775	0.00474	0.00701
23	0.02677	0.13824	0.13778	0.13845	0.09244	0.03677	0.13438	0.07093	0.03235	0.01838	0.01139	0.03858	0.00937	0.00614	0.00628	0.00177	0.04972	0.00526	0.00311	0.04190
24	0.01419	0.06275	0.49277	0.01580	0.04024	0.01447	0.03713	0.11165	0.08476	0.05288	0.01261	0.01371	0.00907	0.00595	0.00557	0.00181	0.00765	0.00473	0.00344	0.00881
25	0.01039	0.04328	0.14652	0.00971	0.01258	0.00860	0.00890	0.04483	0.03619	0.04841	0.09177	0.18796	0.12184	0.07766	0.09603	0.00309	0.00612	0.00921	0.03073	0.00620

[dist]
# distance from previous block
# <min> <max>
8	36

[block]
# block no. 2 follows, 40 sequences, length 43
# corresponding to MSA columns:
# 171-213
name=unknown_C
#
# <colnr> <probs for GDERKNQSTAVLIFYWHMCP>
#	G	D	E	R	K	N	Q	S	T	A	V	L	I	F	Y	W	H	M	C	P
0	0.04024	0.02929	0.07113	0.01235	0.03310	0.03271	0.02598	0.07445	0.02832	0.01729	0.01306	0.04948	0.01253	0.15211	0.05997	0.00309	0.23769	0.00601	0.04242	0.05877
1	0.03856	0.12730	0.05199	0.01154	0.01523	0.03406	0.00997	0.23630	0.03115	0.11479	0.03810	0.07108	0.01352	0.00949	0.04333	0.00212	0.07864	0.00583	0.02522	0.04177
2	0.09457	0.19479	0.18274	0.01384	0.05964	0.03643	0.04510	0.08856	0.01381	0.06838	0.01342	0.03578	0.02644	0.00683	0.00586	0.00175	0.04500	0.03416	0.02513	0.00777
3	0.20135	0.17188	0.15399	0.01161	0.01603	0.14735	0.01110	0.07727	0.01386	0.02036	0.06851	0.01365	0.01136	0.00626	0.00515	0.00165	0.02824	0.00433	0.02885	0.00723
4	0.01199	0.06755	0.01549	0.01226	0.01339	0.03295	0.05670	0.01357	0.01027	0.02919	0.01338	0.08480	0.01339	0.11370	0.06168	0.00306	0.34857	0.00657	0.08556	0.00594
5	0.09168	0.06661	0.06542	0.03093	0.03658	0.06552	0.08946	0.08453	0.01336	0.01909	0.06463	0.09332	0.03986	0.00885	0.00893	0.00201	0.18828	0.02035	0.00372	0.00689
6	0.01059	0.00583	0.00627	0.00616	0.00740	0.00599	0.00451	0.03298	0.01185	0.01994	0.01841	0.02370	0.01553	0.11255	0.08426	0.00272	0.00448	0.00589	0.61566	0.00528
7	0.00770	0.00550	0.00721	0.00837	0.00888	0.00526	0.00577	0.02867	0.01165	0.01551	0.03104	0.69745	0.03679	0.04172	0.00810	0.00247	0.00366	0.06401	0.00535	0.00487
8	0.04433	0.01471	0.10314	0.01162	0.01579	0.07324	0.01018	0.09920	0.21598	0.15738	0.03832	0.04293	0.04218	0.00866	0.02984	0.00201	0.00598	0.00605	0.00510	0.07336
9	0.01582	0.01756	0.04170	0.13883	0.31686	0.25205	0.01437	0.03445	0.01426	0.01721	0.01257	0.01525	0.03928	0.00604	0.00558	0.00169	0.00787	0.00500	0.03593	0.00768
10	0.00971	0.00685	0.00768	0.00733	0.00941	0.00623	0.00560	0.03119	0.05127	0.08455	0.11576	0.09412	0.46300	0.03516	0.00743	0.00209	0.00351	0.04773	0.00564	0.00574
11	0.00782	0.00589	0.00726	0.00723	0.00866	0.00534	0.00544	0.01004	0.01486	0.02001	0.44600	0.12037	0.24527	0.01356	0.00700	0.00197	0.00303	0.05903	0.00596	0.00525
12	0.08781	0.01404	0.05454	0.01194	0.01641	0.01383	0.02541	0.33695	0.09416	0.17804	0.04550	0.01750	0.02969	0.00712	0.00566	0.00177	0.00565	0.00559	0.00560	0.04279
13	0.01232	0.16754	0.12136	0.01136	0.03273	0.04217	0.01023	0.01624	0.08385	0.04085	0.13068	0.02562	0.13752	0.04021	0.00823	0.00197	0.09931	0.00681	0.00409	0.00689
14	0.00748	0.00537	0.00718	0.00845	0.00902	0.00507	0.00603	0.00882	0.01168	0.01548	0.04968	0.63850	0.05462	0.01764	0.00750	0.00239	0.00367	0.13116	0.00541	0.00485
15	0.00818	0.00606	0.00773	0.00779	0.00923	0.00561	0.00611	0.01062	0.01505	0.02039	0.45051	0.07402	0.18054	0.01350	0.00713	0.00205	0.00335	0.16085	0.00596	0.00533
16	0.23183	0.04058	0.01042	0.00847	0.01126	0.00997	0.00674	0.05052	0.04918	0.07918	0.20776	0.05477	0.08132	0.02621	0.00639	0.00186	0.03039	0.00700	0.02273	0.06341
17	0.00763	0.00540	0.00687	0.00752	0.00801	0.00515	0.00499	0.00872	0.01136	0.01534	0.14587	0.44496	0.05736	0.20544	0.03517	0.00326	0.00416	0.01318	0.00504	0.00458
18	0.00746	0.00547	0.00757	0.00834	0.00894	0.00512	0.02430	0.00874	0.01174	0.01582	0.12031	0.64463	0.03892	0.05289	0.00836	0.00244	0.00357	0.01517	0.00537	0.00484
19	0.19623	0.03300	0.03035	0.03169	0.04378	0.05638	0.00942	0.04638	0.23470	0.17519	0.01722	0.01804	0.01288	0.00709	0.00564	0.00186	0.02389	0.02926	0.01879	0.00820
20	0.01024	0.00698	0.00857	0.00838	0.00967	0.00697	0.00617	0.04059	0.07001	0.05460	0.23380	0.11770	0.03350	0.23910	0.01352	0.00313	0.00445	0.12185	0.00528	0.00549
21	0.01330	0.08466	0.29753	0.01940	0.21845	0.01309	0.04451	0.01767	0.01261	0.04908	0.01220	0.01455	0.00943	0.00579	0.00573	0.00171	0.03309	0.00481	0.13427	0.00811
22	0.02198	0.01993	0.01714	0.01389	0.01802	0.25816	0.01111	0.51178	0.02388	0.02951	0.01238	0.01286	0.00913	0.00667	0.00563	0.00167	0.00770	0.00476	0.00492	0.00889
23	0.04780	0.09006	0.07979	0.07654	0.05244	0.01279	0.21182	0.04972	0.03285	0.01949	0.08560	0.03823	0.03084	0.00640	0.00571	0.00167	0.00664	0.00603	0.00361	0.14198
24	0.00892	0.00694	0.00973	0.00939	0.01004	0.00826	0.00707	0.01039	0.00907	0.01302	0.01520	0.02523	0.01524	0.22287	0.49201	0.00755	0.11436	0.00662	0.00314	0.00494
25	0.00800	0.00597	0.00745	0.00717	0.00867	0.00542	0.00544	0.01047	0.01564	0.02144	0.57564	0.04711	0.20188	0.01268	0.00692	0.00190	0.00291	0.04379	0.00614	0.00536
26	0.01380	0.01451	0.02560	0.12534	0.25719	0.04955	0.28676	0.01749	0.01284	0.01752	0.01069	0.01461	0.00860	0.00576	0.00767	0.00191	0.09819	0.00570	0.00284	0.02345
27	0.01272	0.01272	0.01781	0.01527	0.01527	0.01781	0.01272	0.01399	0.00891	0.01399	0.00763	0.01272	0.00763	0.01018	0.01908	0.00254	0.78499	0.00509	0.00254	0.00636
28	0.01041	0.00732	0.00898	0.00904	0.01043	0.00731	0.00661	0.13684	0.01483	0.03896	0.10916	0.50899	0.05070	0.01511	0.00705	0.00218	0.00394	0.04064	0.00563	0.00587
29	0.01983	0.00893	0.01172	0.00953	0.01302	0.00809	0.00766	0.02331	0.07447	0.48464	0.22351	0.02729	0.04436	0.00872	0.00615	0.00183	0.00427	0.00734	0.00683	0.00852
30	0.67953	0.01038	0.00853	0.00762	0.01093	0.01173	0.00621	0.01678	0.01095	0.05686	0.08482	0.01390	0.01196	0.00620	0.00405	0.00178	0.00426	0.00412	0.04308	0.00633
31	0.02077	0.02556	0.01713	0.01695	0.09325	0.65337	0.01184	0.04146	0.03797	0.01559	0.00975	0.01130	0.00803	0.00599	0.00533	0.00154	0.00984	0.00401	0.00314	0.00715
32	0.00934	0.00647	0.00737	0.00689	0.00897	0.00569	0.00526	0.01165	0.03415	0.09101	0.25555	0.04791	0.46241	0.01299	0.00674	0.00191	0.00313	0.01099	0.00588	0.00568
33	0.00718	0.00518	0.00678	0.00794	0.00839	0.00487	0.00534	0.00821	0.01108	0.01470	0.03242	0.68829	0.07884	0.05085	0.03778	0.00274	0.00391	0.01555	0.00523	0.00470
34	0.00982	0.00678	0.00841	0.00800	0.00962	0.00647	0.00599	0.04641	0.04657	0.06088	0.42744	0.16396	0.11349	0.03358	0.00744	0.00205	0.00337	0.02782	0.00603	0.00585
35	0.04175	0.04240	0.07322	0.01029	0.01387	0.00984	0.02118	0.08784	0.05716	0.26224	0.19267	0.08563	0.04365	0.02371	0.00651	0.00191	0.00480	0.00768	0.00580	0.00782
36	0.00804	0.00637	0.00724	0.00706	0.00874	0.00589	0.00524	0.01110	0.07221	0.01906	0.31447	0.09989	0.36542	0.03416	0.00744	0.00204	0.00310	0.01136	0.00577	0.00541
37	0.02124	0.01570	0.01683	0.01303	0.01744	0.01739	0.01067	0.68073	0.05718	0.03511	0.01455	0.01525	0.01067	0.03847	0.00677	0.00191	0.00629	0.00542	0.00573	0.00961
38	0.05123	0.13475	0.27639	0.03957	0.13063	0.14751	0.03376	0.06510	0.03562	0.01866	0.01046	0.01229	0.00814	0.00563	0.00524	0.00168	0.00790	0.00433	0.00300	0.00812
39	0.01136	0.00779	0.00864	0.00793	0.00904	0.00814	0.00529	0.12228	0.06233	0.03322	0.01887	0.07146	0.01969	0.53138	0.02163	0.00436	0.00543	0.00808	0.03792	0.00516
40	0.00727	0.00528	0.00687	0.00780	0.00844	0.00487	0.00534	0.00862	0.01222	0.01639	0.16079	0.60795	0.09293	0.01686	0.00728	0.00224	0.00323	0.01517	0.00557	0.00487
41	0.04760	0.00915	0.04030	0.00936	0.01196	0.00844	0.00777	0.05653	0.03405	0.19123	0.18795	0.06302	0.11569	0.04387	0.00802	0.00212	0.04639	0.07632	0.03339	0.00685
42	0.01593	0.02993	0.15126	0.01849	0.21229	0.03150	0.03001	0.05883	0.08844	0.17027	0.04266	0.07365	0.03580	0.00746	0.00592	0.00183	0.00619	0.00646	0.00451	0.00858

[dist]
# distance from previous block
# <min> <max>
0	2

[block]
# block no. 3 follows, 40 sequences, length 29
# corresponding to MSA columns:
# 216-244
name=unknown_D
#
# <colnr> <probs for GDERKNQSTAVLIFYWHMCP>
#	G	D	E	R	K	N	Q	S	T	A	V	L	I	F	Y	W	H	M	C	P
0	0.01611	0.01231	0.01383	0.01148	0.01413	0.01397	0.00898	0.36243	0.10086	0.02538	0.01589	0.04051	0.01406	0.19444	0.04066	0.00307	0.09299	0.00645	0.00482	0.00762
1	0.46204	0.04331	0.27875	0.01099	0.01638	0.01314	0.01188	0.01781	0.01125	0.05011	0.03161	0.01184	0.00845	0.00569	0.00447	0.00180	0.00598	0.00387	0.00337	0.00726
2	0.06153	0.01551	0.01618	0.03415	0.08387	0.09467	0.01083	0.43521	0.02174	0.07392	0.03084	0.01593	0.03177	0.00693	0.00562	0.00172	0.00640	0.00532	0.03905	0.00881
3	0.04285	0.04253	0.06102	0.04702	0.07298	0.11603	0.08114	0.05784	0.03584	0.01901	0.09990	0.05517	0.09387	0.04991	0.00736	0.00198	0.02389	0.00697	0.07798	0.00670
4	0.00991	0.00512	0.00760	0.00763	0.00768	0.00515	0.00511	0.00773	0.00776	0.01039	0.01106	0.03647	0.01123	0.04106	0.05425	0.75556	0.00547	0.00546	0.00264	0.00271
5	0.15323	0.21714	0.08141	0.00918	0.01296	0.02857	0.00852	0.01592	0.01294	0.09542	0.12378	0.02432	0.14892	0.00948	0.03352	0.00196	0.00537	0.00631	0.00426	0.00678
6	0.03492	0.09056	0.21126	0.04604	0.12469	0.01306	0.12330	0.04924	0.01313	0.06420	0.01364	0.05834	0.01181	0.06353	0.00745	0.00207	0.00712	0.02566	0.00342	0.03657
7	0.00825	0.00564	0.00683	0.00701	0.00721	0.00574	0.00432	0.00868	0.00895	0.01209	0.01983	0.14039	0.02260	0.58048	0.13260	0.00571	0.00674	0.00926	0.00373	0.00393
8	0.00729	0.00583	0.00648	0.00653	0.00814	0.00508	0.00482	0.00899	0.01365	0.01726	0.21173	0.12278	0.49726	0.03498	0.00754	0.00208	0.00306	0.02594	0.00558	0.00499
9	0.01312	0.01726	0.15807	0.15834	0.02355	0.11026	0.10489	0.01644	0.01163	0.01555	0.00997	0.01404	0.00828	0.00994	0.06993	0.00263	0.24138	0.00510	0.00269	0.00694
10	0.00907	0.00647	0.00797	0.00849	0.00929	0.00643	0.00586	0.09025	0.01258	0.01678	0.02772	0.55564	0.03223	0.14523	0.01092	0.00284	0.00415	0.03781	0.00513	0.00513
11	0.00728	0.00528	0.00688	0.00780	0.00844	0.00488	0.00535	0.00865	0.01227	0.01648	0.16864	0.60180	0.09112	0.01680	0.00728	0.00224	0.00323	0.01512	0.00558	0.00488
12	0.01114	0.00589	0.00733	0.00707	0.00807	0.00597	0.00509	0.03291	0.01083	0.04810	0.03270	0.02149	0.01428	0.06012	0.07866	0.29769	0.00503	0.00566	0.33738	0.00458
13	0.01155	0.05727	0.05456	0.00834	0.01075	0.00806	0.00686	0.04008	0.04574	0.10475	0.16027	0.11591	0.16900	0.11389	0.00925	0.00234	0.00426	0.00916	0.06178	0.00617
14	0.04562	0.00789	0.00897	0.00783	0.01029	0.00788	0.00615	0.07396	0.05016	0.19239	0.02043	0.02146	0.04459	0.00918	0.03348	0.04035	0.00425	0.00577	0.40250	0.00685
15	0.00844	0.00592	0.00744	0.00800	0.00904	0.00556	0.00575	0.01043	0.03823	0.04358	0.13489	0.41626	0.14452	0.06114	0.00850	0.00241	0.00363	0.07555	0.00551	0.00519
16	0.01236	0.05997	0.41737	0.07839	0.09147	0.01488	0.04963	0.01714	0.01166	0.01706	0.00984	0.01282	0.00769	0.00642	0.00833	0.00196	0.16786	0.00466	0.00255	0.00794
17	0.01147	0.04138	0.05988	0.00937	0.01168	0.00808	0.00770	0.03163	0.08886	0.11064	0.08741	0.31175	0.10275	0.03201	0.00724	0.00218	0.00433	0.05982	0.00540	0.00641
18	0.02044	0.01169	0.03791	0.01078	0.01489	0.01087	0.00904	0.23254	0.01940	0.35268	0.15942	0.02202	0.02033	0.00785	0.00595	0.00175	0.00504	0.00641	0.00632	0.04466
19	0.01044	0.00791	0.00886	0.00841	0.01056	0.00773	0.00658	0.12589	0.04653	0.03363	0.08341	0.12392	0.35994	0.03091	0.00737	0.00214	0.00403	0.11019	0.00553	0.00602
20	0.06422	0.01165	0.01315	0.01227	0.07027	0.01256	0.00888	0.22754	0.19541	0.08279	0.05351	0.02221	0.05450	0.07357	0.00767	0.00212	0.00509	0.00638	0.06807	0.00813
21	0.01606	0.01568	0.01307	0.05798	0.04974	0.30126	0.00936	0.05917	0.01466	0.06491	0.03460	0.05202	0.04005	0.02978	0.10292	0.00270	0.00827	0.00580	0.11537	0.00659
22	0.09607	0.00825	0.00936	0.00838	0.01103	0.00798	0.00669	0.08591	0.01527	0.16493	0.13315	0.06996	0.23826	0.01112	0.00625	0.00193	0.00403	0.07426	0.04052	0.00664
23	0.01025	0.06397	0.01145	0.00944	0.01093	0.00926	0.03323	0.06558	0.01257	0.01722	0.05767	0.27514	0.12042	0.07406	0.03125	0.00253	0.10054	0.01023	0.07860	0.00566
24	0.05875	0.01553	0.01685	0.07673	0.01936	0.10216	0.05975	0.38332	0.02024	0.02719	0.01295	0.04725	0.01026	0.00668	0.00558	0.00166	0.00671	0.00532	0.00458	0.11914
25	0.01480	0.01064	0.01256	0.01060	0.01308	0.03225	0.03974	0.17437	0.06326	0.08338	0.02010	0.05445	0.07230	0.03747	0.03484	0.00221	0.10011	0.00662	0.21011	0.00712
26	0.01409	0.01074	0.01232	0.01054	0.01356	0.01103	0.00834	0.26335	0.06743	0.02440	0.07029	0.16929	0.02144	0.03853	0.00728	0.00198	0.02012	0.07947	0.00518	0.15061
27	0.09803	0.02951	0.07628	0.02862	0.01536	0.01248	0.00972	0.18896	0.03401	0.08916	0.03374	0.06591	0.01325	0.06666	0.00852	0.00204	0.08239	0.00580	0.00442	0.13512
28	0.05282	0.01193	0.05418	0.01144	0.01483	0.01146	0.05002	0.17574	0.03284	0.08877	0.11432	0.09606	0.03755	0.00870	0.00718	0.00181	0.08344	0.00703	0.03366	0.10623

[dist]
# distance from previous block
# <min> <max>
2	57

[block]
# block no. 4 follows, 40 sequences, length 7
# corresponding to MSA columns:
# 303-309
name=unknown_E
#
# <colnr> <probs for GDERKNQSTAVLIFYWHMCP>
#	G	D	E	R	K	N	Q	S	T	A	V	L	I	F	Y	W	H	M	C	P
0	0.03839	0.13483	0.10218	0.04950	0.11615	0.10424	0.01274	0.19027	0.04099	0.02152	0.03520	0.01425	0.01048	0.00832	0.04503	0.00211	0.05721	0.00483	0.00370	0.00805
1	0.12964	0.05236	0.01280	0.02677	0.01344	0.03946	0.03897	0.13785	0.10568	0.02163	0.01741	0.14315	0.01636	0.08987	0.02445	0.00240	0.02684	0.00720	0.08695	0.00676
2	0.03568	0.31580	0.02092	0.04084	0.01603	0.12023	0.04807	0.08110	0.01370	0.01701	0.01479	0.04964	0.07065	0.00803	0.02206	0.00179	0.07269	0.00533	0.03868	0.00698
3	0.04381	0.01081	0.01162	0.01077	0.04501	0.05182	0.00782	0.20159	0.03141	0.04497	0.04580	0.15729	0.09607	0.07899	0.03339	0.00237	0.00541	0.00816	0.03387	0.07902
4	0.04234	0.01188	0.05075	0.02654	0.03711	0.01184	0.00927	0.22560	0.09238	0.06223	0.02123	0.16618	0.06757	0.06747	0.00850	0.00221	0.04635	0.00806	0.00497	0.03752
5	0.13933	0.09503	0.01576	0.05175	0.01649	0.11253	0.00951	0.27197	0.01790	0.06665	0.01222	0.01318	0.00920	0.00612	0.00494	0.00158	0.00616	0.00441	0.06516	0.08010
6	0.01197	0.00862	0.01006	0.00919	0.01085	0.00909	0.00672	0.21721	0.01541	0.02085	0.09563	0.21751	0.02501	0.21992	0.09179	0.00371	0.00602	0.00953	0.00489	0.00601

[dist]
# distance from previous block
# <min> <max>
1	5

[block]
# block no. 5 follows, 40 sequences, length 12
# corresponding to MSA columns:
# 315-326
name=unknown_F
#
# <colnr> <probs for GDERKNQSTAVLIFYWHMCP>
#	G	D	E	R	K	N	Q	S	T	A	V	L	I	F	Y	W	H	M	C	P
0	0.01285	0.01177	0.05841	0.04093	0.01550	0.04230	0.06232	0.15301	0.01503	0.02096	0.03312	0.20623	0.01788	0.01099	0.04750	0.00213	0.00598	0.00785	0.07467	0.16058
1	0.09268	0.01248	0.06422	0.30914	0.20196	0.01272	0.01403	0.08402	0.01374	0.02020	0.06396	0.01663	0.01188	0.00620	0.00554	0.00181	0.00652	0.00532	0.04952	0.00743
2	0.05549	0.00682	0.00822	0.05076	0.01105	0.00685	0.00639	0.06225	0.01266	0.01817	0.02811	0.44401	0.08756	0.01382	0.00647	0.00207	0.00388	0.03849	0.10808	0.02883
3	0.01242	0.01374	0.10605	0.05231	0.24406	0.06442	0.07461	0.01553	0.01307	0.03916	0.08012	0.15967	0.01944	0.05115	0.00753	0.00212	0.00648	0.02709	0.00381	0.00721
4	0.01969	0.15694	0.02015	0.01669	0.12335	0.35713	0.01191	0.18943	0.01775	0.02007	0.01028	0.01166	0.00829	0.00593	0.00519	0.00154	0.00828	0.00419	0.00355	0.00796
5	0.08379	0.00878	0.01022	0.00888	0.01178	0.00856	0.00692	0.04007	0.11303	0.27607	0.06729	0.10467	0.13732	0.05251	0.00726	0.00209	0.00425	0.00818	0.04090	0.00742
6	0.04124	0.16670	0.01823	0.01245	0.01631	0.26128	0.01017	0.24986	0.07055	0.02242	0.01498	0.01539	0.06245	0.00686	0.00526	0.00160	0.00726	0.00489	0.00419	0.00791
7	0.11360	0.00768	0.03547	0.06241	0.01204	0.00745	0.04590	0.01035	0.00891	0.01353	0.01190	0.05717	0.01183	0.09384	0.01764	0.47205	0.00552	0.00581	0.00293	0.00397
8	0.03766	0.01419	0.01836	0.01446	0.01771	0.06820	0.15045	0.26415	0.01689	0.02308	0.01268	0.01697	0.01064	0.09498	0.04023	0.00259	0.13046	0.00573	0.03474	0.02584
9	0.07084	0.01017	0.01084	0.01003	0.01281	0.01118	0.00785	0.02281	0.43096	0.04383	0.08367	0.05196	0.13805	0.00994	0.00617	0.00200	0.00423	0.05929	0.00569	0.00766
10	0.01163	0.00702	0.00911	0.00840	0.01059	0.00629	0.00665	0.01405	0.01506	0.15089	0.34624	0.08376	0.10870	0.01184	0.00672	0.00194	0.00373	0.12628	0.00600	0.06508
11	0.02121	0.01070	0.01316	0.01046	0.01451	0.01018	0.00848	0.14757	0.08174	0.43848	0.02381	0.06270	0.06790	0.00819	0.00592	0.00179	0.00490	0.00671	0.00641	0.05517

[dist]
# distance from previous block
# <min> <max>
0	1

[block]
# block no. 6 follows, 40 sequences, length 15
# corresponding to MSA columns:
# 328-342
name=unknown_G
#
# <colnr> <probs for GDERKNQSTAVLIFYWHMCP>
#	G	D	E	R	K	N	Q	S	T	A	V	L	I	F	Y	W	H	M	C	P
0	0.32134	0.06697	0.09371	0.01038	0.01416	0.11520	0.00928	0.07527	0.01369	0.05163	0.09720	0.01537	0.01342	0.00663	0.00515	0.00172	0.02827	0.00466	0.04899	0.00697
1	0.00718	0.00561	0.00652	0.00691	0.00820	0.00494	0.00495	0.00871	0.01306	0.01671	0.16934	0.31244	0.38377	0.01547	0.00706	0.00208	0.00306	0.01347	0.00557	0.00494
2	0.00822	0.00612	0.00707	0.00716	0.00834	0.00573	0.00515	0.02800	0.01255	0.01620	0.14114	0.11082	0.28179	0.23771	0.01352	0.00310	0.00409	0.09352	0.00501	0.00476
3	0.06957	0.01172	0.01984	0.53259	0.03453	0.01364	0.14398	0.05301	0.01262	0.01741	0.01055	0.01496	0.00795	0.00580	0.00620	0.00194	0.02860	0.00533	0.00288	0.00687
4	0.01051	0.00671	0.00842	0.00771	0.00962	0.00618	0.00587	0.01359	0.05039	0.11424	0.50081	0.06282	0.15707	0.01174	0.00671	0.00187	0.00316	0.01019	0.00629	0.00610
5	0.00720	0.00516	0.00666	0.00780	0.00820	0.00482	0.00516	0.00815	0.01101	0.01456	0.03236	0.67658	0.07971	0.09158	0.00949	0.00265	0.00356	0.01551	0.00522	0.00462
6	0.01168	0.01129	0.01759	0.47435	0.03011	0.01488	0.01478	0.01451	0.01054	0.01451	0.00925	0.01439	0.00770	0.00756	0.01113	0.00218	0.31941	0.00514	0.00257	0.00642
7	0.08312	0.06386	0.01434	0.01263	0.05268	0.28378	0.00929	0.06578	0.06982	0.07104	0.08250	0.09077	0.03795	0.00809	0.00554	0.00171	0.00667	0.00630	0.02703	0.00709
8	0.00762	0.00627	0.00676	0.00668	0.00858	0.00557	0.00510	0.01011	0.05017	0.01756	0.17853	0.05256	0.55956	0.01396	0.00688	0.00198	0.00312	0.04815	0.00560	0.00525
9	0.00914	0.00640	0.00811	0.03612	0.01032	0.00640	0.00620	0.07825	0.01300	0.01790	0.07100	0.55498	0.03273	0.01536	0.00730	0.02499	0.00377	0.01338	0.07934	0.00532
10	0.01439	0.01382	0.02360	0.03569	0.75936	0.01382	0.01785	0.01785	0.01324	0.01900	0.01094	0.01439	0.00921	0.00518	0.00576	0.00173	0.00691	0.00518	0.00288	0.00921
11	0.01105	0.00910	0.01338	0.07312	0.01513	0.01023	0.07912	0.09359	0.01204	0.01670	0.01640	0.04556	0.04091	0.15612	0.27789	0.00519	0.08810	0.00686	0.02361	0.00589
12	0.00706	0.00514	0.00667	0.00789	0.00838	0.00474	0.00531	0.00812	0.01133	0.01493	0.03459	0.72219	0.10646	0.01789	0.00737	0.00232	0.00333	0.01613	0.00540	0.00474
13	0.01588	0.01695	0.06655	0.02984	0.55147	0.12091	0.01659	0.07663	0.01477	0.01971	0.01088	0.01368	0.00891	0.00546	0.00568	0.00170	0.00747	0.00493	0.00311	0.00888
14	0.01141	0.01330	0.11177	0.10446	0.02118	0.01203	0.18195	0.03269	0.03879	0.01720	0.01851	0.15301	0.05968	0.00951	0.00853	0.00211	0.12904	0.04466	0.00366	0.02651

[dist]
# distance from previous block
# <min> <max>
1	5

[block]
# block no. 7 follows, 40 sequences, length 28
# corresponding to MSA columns:
# 354-381
name=unknown_H
#
# <colnr> <probs for GDERKNQSTAVLIFYWHMCP>
#	G	D	E	R	K	N	Q	S	T	A	V	L	I	F	Y	W	H	M	C	P
0	0.01757	0.35323	0.10783	0.01177	0.01663	0.09407	0.01121	0.17569	0.01624	0.07677	0.03523	0.01306	0.01026	0.00602	0.00481	0.00151	0.00664	0.00429	0.02906	0.00811
1	0.05788	0.13645	0.41942	0.01571	0.02220	0.05947	0.11105	0.01806	0.01250	0.01789	0.03417	0.01307	0.00908	0.00581	0.00599	0.00178	0.04423	0.00460	0.00275	0.00789
2	0.00756	0.00568	0.00696	0.00797	0.00854	0.01905	0.00542	0.00867	0.01153	0.01512	0.06655	0.60946	0.09414	0.07201	0.00889	0.00253	0.00366	0.03626	0.00527	0.00475
3	0.01151	0.00974	0.05924	0.03919	0.16433	0.00857	0.00955	0.04188	0.01348	0.07088	0.15636	0.13751	0.06392	0.12729	0.00985	0.00248	0.00506	0.03741	0.02524	0.00652
4	0.06236	0.23438	0.24364	0.04368	0.11702	0.08169	0.03216	0.06827	0.01354	0.01834	0.01040	0.03079	0.00857	0.00577	0.00504	0.00164	0.00737	0.00443	0.00295	0.00797
5	0.03494	0.15309	0.03364	0.00939	0.03562	0.02612	0.00757	0.03648	0.01470	0.07349	0.28791	0.05836	0.16852	0.01028	0.00603	0.00177	0.00429	0.02625	0.00510	0.00642
6	0.00826	0.00590	0.00795	0.00807	0.00864	0.00641	0.00565	0.00943	0.00916	0.01275	0.01809	0.09594	0.01920	0.33464	0.41604	0.00729	0.01064	0.00800	0.00347	0.00450
7	0.00832	0.00643	0.00799	0.00878	0.03195	0.00626	0.00605	0.03845	0.01226	0.01596	0.04767	0.37939	0.22637	0.08811	0.02616	0.00268	0.02962	0.04739	0.00504	0.00512
8	0.04068	0.26150	0.15076	0.01246	0.05168	0.09675	0.03447	0.01706	0.01235	0.01714	0.01148	0.01395	0.00950	0.02257	0.00573	0.00162	0.04214	0.00433	0.18678	0.00705
9	0.01583	0.02317	0.01267	0.04099	0.01439	0.03629	0.00850	0.30090	0.04725	0.07794	0.04343	0.19863	0.04073	0.02401	0.00646	0.00193	0.00512	0.00832	0.08587	0.00756
10	0.01469	0.00928	0.01103	0.00943	0.01219	0.00928	0.00741	0.16418	0.08126	0.16126	0.29684	0.08238	0.09556	0.01035	0.00642	0.00187	0.00412	0.00880	0.00623	0.00742
11	0.01514	0.03230	0.01293	0.05142	0.01504	0.27243	0.00891	0.06466	0.08216	0.03991	0.10015	0.02559	0.16475	0.00951	0.02128	0.00189	0.03184	0.00680	0.03661	0.00667
12	0.01815	0.01409	0.01593	0.01288	0.01599	0.03881	0.01049	0.39799	0.04575	0.06279	0.01344	0.01582	0.01063	0.04828	0.05788	0.00256	0.17326	0.00540	0.00474	0.03513
13	0.04475	0.00928	0.01080	0.00960	0.01101	0.01083	0.00735	0.10307	0.08446	0.01945	0.03971	0.02326	0.01558	0.20579	0.05135	0.00319	0.16435	0.00631	0.17376	0.00608
14	0.00707	0.00544	0.00643	0.00715	0.00816	0.00485	0.00496	0.00830	0.01208	0.01537	0.06595	0.45487	0.32477	0.03672	0.00776	0.00227	0.00324	0.01443	0.00538	0.00479
15	0.01723	0.01269	0.01641	0.01315	0.01667	0.01353	0.09400	0.34939	0.04569	0.09889	0.01956	0.16954	0.03999	0.00945	0.00710	0.00196	0.05319	0.00798	0.00533	0.00824
16	0.01721	0.03831	0.01924	0.02285	0.32056	0.29995	0.01373	0.05519	0.05135	0.01794	0.01199	0.01613	0.01037	0.00651	0.00608	0.00172	0.03232	0.04726	0.00334	0.00795
17	0.00834	0.00609	0.00799	0.00837	0.00968	0.00574	0.00665	0.01073	0.01452	0.01963	0.36293	0.13434	0.12061	0.01427	0.00731	0.00218	0.00370	0.24579	0.00584	0.00530
18	0.01265	0.03331	0.01310	0.02600	0.01425	0.00945	0.00774	0.01541	0.03475	0.04711	0.01130	0.01399	0.00958	0.04369	0.00714	0.00137	0.08274	0.00407	0.00354	0.60882
19	0.04324	0.00567	0.00786	0.00770	0.00803	0.00580	0.00526	0.03192	0.00846	0.01197	0.01043	0.01736	0.01010	0.01875	0.02082	0.74421	0.00500	0.00499	0.02940	0.00301
20	0.04111	0.53441	0.02434	0.01035	0.01453	0.13781	0.00945	0.04148	0.01327	0.01594	0.04923	0.01230	0.01054	0.00570	0.00422	0.00136	0.00643	0.00383	0.05656	0.00716
21	0.01083	0.00828	0.01065	0.08572	0.04369	0.00851	0.00800	0.11409	0.03767	0.01902	0.04366	0.35876	0.02570	0.06850	0.00820	0.00229	0.00470	0.04662	0.03161	0.06350
22	0.03278	0.00570	0.00717	0.00791	0.00863	0.00557	0.00558	0.00945	0.01138	0.01583	0.08929	0.40649	0.06138	0.13868	0.05621	0.00320	0.00460	0.08780	0.03756	0.00478
23	0.06280	0.27811	0.07787	0.01207	0.01590	0.07571	0.03429	0.13136	0.01392	0.01855	0.01064	0.01360	0.00919	0.03636	0.10614	0.00276	0.08568	0.00449	0.00325	0.00729
24	0.06909	0.04321	0.27635	0.06807	0.08227	0.01356	0.13939	0.04775	0.08521	0.02002	0.02750	0.01715	0.01108	0.00627	0.00576	0.00186	0.00737	0.03995	0.00338	0.03478
25	0.03495	0.00768	0.00834	0.00804	0.00977	0.03405	0.00611	0.03986	0.01357	0.01806	0.15385	0.16510	0.30193	0.02643	0.02017	0.00217	0.04365	0.04525	0.02295	0.03809
26	0.01317	0.01271	0.01414	0.04323	0.05086	0.15743	0.05108	0.03483	0.01196	0.03350	0.01558	0.08465	0.04348	0.11453	0.10988	0.04846	0.14436	0.00678	0.00343	0.00593
27	0.03511	0.01284	0.03000	0.03032	0.01517	0.09686	0.03850	0.12052	0.07554	0.08956	0.21832	0.04447	0.02329	0.00867	0.00748	0.00184	0.09222	0.00689	0.00498	0.04742

[dist]
# distance from previous block
# <min> <max>
7	28

[block]
# block no. 8 follows, 40 sequences, length 27
# corresponding to MSA columns:
# 410-436
name=unknown_I
#
# <colnr> <probs for GDERKNQSTAVLIFYWHMCP>
#	G	D	E	R	K	N	Q	S	T	A	V	L	I	F	Y	W	H	M	C	P
0	0.09632	0.04953	0.22973	0.01564	0.13243	0.01174	0.03033	0.01820	0.04889	0.10896	0.03581	0.03642	0.01341	0.08066	0.00778	0.00217	0.00637	0.03503	0.00383	0.03675
1	0.03103	0.03205	0.08551	0.03877	0.03682	0.01260	0.15153	0.17635	0.03498	0.03835	0.01593	0.12660	0.01446	0.00803	0.00632	0.00182	0.02366	0.03990	0.00422	0.12106
2	0.11060	0.03797	0.03346	0.11867	0.10991	0.03440	0.00974	0.06620	0.01328	0.05961	0.04732	0.12701	0.10883	0.04804	0.00734	0.02021	0.00542	0.00757	0.00418	0.03026
3	0.16067	0.00985	0.01014	0.04002	0.01265	0.04499	0.00737	0.05418	0.13381	0.06377	0.07075	0.11007	0.10315	0.07313	0.05253	0.00267	0.00540	0.03351	0.00485	0.00650
4	0.00861	0.00683	0.00814	0.04070	0.01047	0.02067	0.00621	0.01071	0.02976	0.03225	0.18567	0.20429	0.28259	0.03838	0.03020	0.00238	0.03111	0.04044	0.00526	0.00532
5	0.00808	0.00551	0.00657	0.00689	0.00709	0.00538	0.00418	0.00857	0.00983	0.01322	0.08392	0.23645	0.02852	0.52564	0.02186	0.00446	0.00480	0.01075	0.00426	0.00400
6	0.01159	0.00976	0.01290	0.01137	0.01363	0.03591	0.09859	0.12073	0.06671	0.01924	0.02317	0.39900	0.02495	0.06317	0.00817	0.00228	0.00517	0.01114	0.00486	0.05767
7	0.78850	0.01154	0.00907	0.00799	0.01165	0.01334	0.00658	0.05988	0.01093	0.02672	0.00844	0.00971	0.00651	0.00549	0.00373	0.00180	0.00461	0.00327	0.00373	0.00651
8	0.01730	0.01666	0.01433	0.01259	0.01561	0.24873	0.00989	0.22072	0.12951	0.02242	0.04479	0.01942	0.01415	0.01359	0.13366	0.00302	0.00872	0.04275	0.00451	0.00761
9	0.00761	0.00542	0.00659	0.00731	0.00777	0.00513	0.00477	0.00839	0.01055	0.01381	0.03062	0.41570	0.12172	0.28522	0.01501	0.00345	0.00417	0.03765	0.00475	0.00436
10	0.00762	0.00569	0.00713	0.00777	0.00869	0.00533	0.00544	0.00973	0.04314	0.01730	0.20159	0.48596	0.14131	0.01585	0.00715	0.00217	0.00322	0.01415	0.00565	0.00511
11	0.01338	0.01502	0.03220	0.11946	0.03160	0.01448	0.64768	0.01815	0.01346	0.01815	0.01159	0.01566	0.00869	0.00502	0.00673	0.00196	0.00955	0.00665	0.00290	0.00767
12	0.00758	0.00530	0.00673	0.00768	0.00796	0.00507	0.00500	0.00836	0.01043	0.01389	0.02792	0.53860	0.03311	0.24929	0.01404	0.00335	0.00413	0.04233	0.00484	0.00439
13	0.00737	0.00525	0.00676	0.00776	0.00814	0.00500	0.00512	0.00827	0.01069	0.01421	0.03010	0.59667	0.06499	0.15148	0.04663	0.00323	0.00431	0.01450	0.00497	0.00455
14	0.03737	0.00677	0.00682	0.00635	0.00813	0.00702	0.00489	0.09213	0.01376	0.02343	0.01810	0.02047	0.01410	0.00676	0.00424	0.00141	0.00316	0.00533	0.71384	0.00593
15	0.02151	0.01599	0.01712	0.01326	0.01781	0.01776	0.01091	0.68484	0.08344	0.03569	0.01472	0.01456	0.01050	0.00705	0.00583	0.00176	0.00626	0.00534	0.00583	0.00984
16	0.00775	0.00564	0.00719	0.00802	0.00879	0.00531	0.00563	0.02715	0.01241	0.01648	0.11627	0.54740	0.11019	0.04123	0.00800	0.00237	0.00352	0.05622	0.00546	0.00496
17	0.00922	0.00611	0.00788	0.00747	0.00896	0.00558	0.00556	0.01159	0.01550	0.07131	0.56443	0.11878	0.10053	0.03193	0.00742	0.00199	0.00304	0.01089	0.00621	0.00561
18	0.05952	0.16007	0.36738	0.01862	0.14035	0.01517	0.09669	0.01845	0.01253	0.04435	0.01056	0.01258	0.00803	0.00536	0.00530	0.00173	0.00768	0.00450	0.00281	0.00833
19	0.05116	0.01422	0.04352	0.12398	0.02726	0.01408	0.43692	0.07456	0.01410	0.01974	0.04640	0.03852	0.01153	0.00623	0.00715	0.00197	0.05122	0.00662	0.00335	0.00748
20	0.14647	0.01356	0.04254	0.02974	0.02731	0.09325	0.00900	0.24226	0.01760	0.02502	0.12964	0.02257	0.09166	0.02397	0.04158	0.00218	0.00609	0.00632	0.02199	0.00724
21	0.16700	0.28676	0.01791	0.05220	0.01438	0.04763	0.00876	0.07666	0.01217	0.01797	0.01007	0.01288	0.00868	0.01026	0.06199	0.10610	0.03371	0.00409	0.04434	0.00644
22	0.01202	0.02728	0.01036	0.00924	0.01084	0.00926	0.00676	0.09628	0.12367	0.06407	0.06335	0.20753	0.02432	0.24315	0.01384	0.00312	0.03705	0.02676	0.00495	0.00614
23	0.01340	0.11546	0.28680	0.01194	0.01707	0.01187	0.01279	0.06306	0.01468	0.10120	0.18340	0.02382	0.03459	0.00792	0.00578	0.00177	0.00598	0.04747	0.00435	0.03666
24	0.09562	0.20844	0.35409	0.01289	0.01904	0.01498	0.01454	0.01965	0.05857	0.09967	0.01268	0.01490	0.00978	0.00615	0.00507	0.00173	0.00684	0.03380	0.00343	0.00814
25	0.12850	0.15135	0.03135	0.01003	0.01371	0.03600	0.00849	0.04051	0.18673	0.16520	0.12870	0.02097	0.03994	0.00756	0.00534	0.00174	0.00493	0.00594	0.00513	0.00788
26	0.08965	0.14492	0.03783	0.01316	0.06976	0.07339	0.03996	0.20038	0.01701	0.07826	0.09153	0.05647	0.04847	0.00759	0.00549	0.00171	0.00597	0.00608	0.00454	0.00782

[dist]
# distance from previous block
# <min> <max>
0	6

[block]
# block no. 9 follows, 40 sequences, length 20
# corresponding to MSA columns:
# 445-464
name=unknown_J
#
# <colnr> <probs for GDERKNQSTAVLIFYWHMCP>
#	G	D	E	R	K	N	Q	S	T	A	V	L	I	F	Y	W	H	M	C	P
0	0.15952	0.05043	0.22127	0.07009	0.11220	0.06129	0.01428	0.06890	0.04330	0.02015	0.01035	0.01260	0.00811	0.00622	0.00679	0.00184	0.10082	0.00442	0.00316	0.02424
1	0.01316	0.01295	0.01973	0.06276	0.01924	0.03811	0.16496	0.06979	0.01181	0.01661	0.01126	0.05366	0.01060	0.06018	0.03184	0.00264	0.38467	0.00624	0.00311	0.00667
2	0.01427	0.19429	0.01689	0.01011	0.01422	0.04444	0.03552	0.06256	0.01371	0.07965	0.05109	0.12146	0.01528	0.00726	0.00509	0.00141	0.00520	0.00598	0.00406	0.29750
3	0.00762	0.00579	0.00685	0.00725	0.00846	0.00527	0.00531	0.00916	0.01271	0.01634	0.14844	0.21431	0.31658	0.10792	0.00983	0.00256	0.00363	0.10180	0.00532	0.00485
4	0.00902	0.00648	0.00836	0.00845	0.00932	0.00682	0.00605	0.01085	0.04074	0.04398	0.04221	0.27132	0.09309	0.18051	0.18669	0.00454	0.05148	0.01053	0.00445	0.00510
5	0.04615	0.03139	0.01291	0.01029	0.01284	0.00994	0.08713	0.11237	0.04481	0.07401	0.13765	0.05944	0.03364	0.10622	0.00911	0.00225	0.03085	0.00728	0.16511	0.00662
6	0.04079	0.01454	0.11037	0.02518	0.43333	0.01277	0.01508	0.04529	0.08909	0.02006	0.02986	0.05910	0.04248	0.00711	0.00590	0.00184	0.00631	0.02877	0.00365	0.00847
7	0.00868	0.00683	0.00762	0.00759	0.00913	0.00662	0.00547	0.03457	0.10461	0.01756	0.11793	0.21823	0.31284	0.10422	0.00947	0.00246	0.00365	0.01170	0.00537	0.00546
8	0.04464	0.00925	0.01073	0.01076	0.07219	0.00946	0.00757	0.09823	0.14754	0.05046	0.19177	0.03342	0.21659	0.01004	0.00613	0.00184	0.00403	0.00843	0.05993	0.00700
9	0.04795	0.25115	0.06669	0.01468	0.08108	0.30893	0.01166	0.09798	0.01539	0.01781	0.00977	0.01125	0.00805	0.00570	0.00483	0.00150	0.00793	0.00390	0.02619	0.00757
10	0.00805	0.00546	0.00705	0.00778	0.00850	0.00506	0.00531	0.00929	0.01198	0.04384	0.12907	0.55084	0.08753	0.08040	0.00907	0.00251	0.00350	0.01437	0.00545	0.00493
11	0.00790	0.00587	0.00739	0.00735	0.00870	0.00536	0.00550	0.01019	0.01502	0.02050	0.49364	0.13989	0.18269	0.01345	0.00700	0.00197	0.00301	0.05328	0.00603	0.00528
12	0.01221	0.01033	0.01221	0.03525	0.01460	0.00822	0.00731	0.04533	0.01265	0.01936	0.01156	0.05054	0.01010	0.00516	0.00458	0.00101	0.00447	0.00422	0.00361	0.72727
13	0.01453	0.08573	0.05232	0.19824	0.40940	0.07869	0.01609	0.04487	0.01352	0.01782	0.01047	0.01375	0.00853	0.00546	0.00554	0.00172	0.00739	0.00484	0.00288	0.00822
14	0.00713	0.00523	0.00664	0.00768	0.00830	0.00480	0.00520	0.00824	0.01158	0.01518	0.06050	0.63285	0.15008	0.03740	0.00789	0.00237	0.00334	0.01546	0.00538	0.00475
15	0.01180	0.00635	0.00839	0.00837	0.00980	0.00577	0.00598	0.01319	0.01275	0.19318	0.09238	0.46604	0.05117	0.07538	0.00871	0.00243	0.00386	0.01273	0.00577	0.00593
16	0.04613	0.02753	0.01277	0.09587	0.05238	0.03205	0.00894	0.13009	0.08286	0.06391	0.09582	0.05169	0.04585	0.06592	0.07904	0.00273	0.00624	0.00670	0.04596	0.04750
17	0.01142	0.00692	0.00841	0.00783	0.00906	0.00704	0.00565	0.10798	0.01196	0.01706	0.01743	0.05213	0.06560	0.06284	0.03942	0.35813	0.00490	0.00631	0.17337	0.02654
18	0.01024	0.00570	0.00613	0.00627	0.00741	0.00568	0.00450	0.03410	0.01214	0.01992	0.02138	0.17680	0.01997	0.07368	0.00688	0.00192	0.00319	0.00789	0.57095	0.00526
19	0.01028	0.00907	0.01530	0.01280	0.01508	0.00878	0.20638	0.04762	0.01253	0.01715	0.03736	0.36140	0.03860	0.08593	0.00942	0.00243	0.03152	0.01115	0.03140	0.03579

[dist]
# distance from previous block
# <min> <max>
6	12

[block]
# block no. 10 follows, 40 sequences, length 19
# corresponding to MSA columns:
# 477-487,493-500
name=unknown_K
#
# <colnr> <probs for GDERKNQSTAVLIFYWHMCP>
#	G	D	E	R	K	N	Q	S	T	A	V	L	I	F	Y	W	H	M	C	P
0	0.03981	0.00620	0.00688	0.00726	0.00883	0.00571	0.00544	0.00987	0.03797	0.01666	0.07392	0.23972	0.42082	0.01503	0.00697	0.00212	0.00340	0.08289	0.00538	0.00513
1	0.01678	0.01246	0.01417	0.02832	0.01542	0.01347	0.02541	0.44914	0.02097	0.02833	0.01967	0.08152	0.07799	0.04106	0.06591	0.00252	0.00640	0.00696	0.05055	0.02296
2	0.07731	0.01428	0.05148	0.15108	0.02595	0.04985	0.33516	0.01673	0.01251	0.01772	0.01293	0.03542	0.03809	0.00634	0.00729	0.00192	0.07988	0.00611	0.00307	0.05689
3	0.00832	0.00618	0.00911	0.00911	0.01007	0.00714	0.00698	0.01023	0.00928	0.01333	0.01579	0.02404	0.01505	0.10245	0.71446	0.00906	0.01480	0.00640	0.00315	0.00506
4	0.00813	0.00576	0.00713	0.00784	0.00836	0.00558	0.00522	0.03713	0.01121	0.01486	0.02859	0.49874	0.06041	0.22969	0.01341	0.00323	0.00417	0.04101	0.00490	0.00463
5	0.06544	0.01261	0.01883	0.35685	0.30890	0.04966	0.01537	0.04233	0.01310	0.01820	0.03712	0.01540	0.00996	0.00581	0.00566	0.00182	0.00713	0.00517	0.00303	0.00760
6	0.01234	0.01216	0.01707	0.01475	0.01484	0.01689	0.01225	0.01368	0.00894	0.01395	0.00833	0.01360	0.00823	0.01309	0.08472	0.00314	0.71797	0.00519	0.00259	0.00626
