[name]
unknown

[dist]
# distance from previous block
# <min> <max>
3	84

[block]
# block no. 0 follows, 44 sequences, length 10
# corresponding to MSA columns:
# 94-103
name=unknown_A
#
# <colnr> <probs for GDERKNQSTAVLIFYWHMCP>
#	G	D	E	R	K	N	Q	S	T	A	V	L	I	F	Y	W	H	M	C	P
0	0.03598	0.01155	0.01753	0.51646	0.22190	0.05272	0.01490	0.03640	0.01190	0.01577	0.00980	0.01382	0.00762	0.00533	0.00535	0.00174	0.00708	0.00473	0.00263	0.00681
1	0.01368	0.01425	0.04738	0.06502	0.61077	0.07109	0.01602	0.01678	0.01229	0.01699	0.00988	0.01310	0.00830	0.00524	0.00613	0.00166	0.05589	0.00472	0.00266	0.00816
2	0.01206	0.03930	0.01772	0.58739	0.03260	0.01238	0.07697	0.04902	0.01205	0.06262	0.01062	0.01440	0.00785	0.00543	0.00541	0.00174	0.00704	0.00489	0.00288	0.03760
3	0.04224	0.05296	0.02025	0.22987	0.49350	0.03644	0.01537	0.01611	0.01193	0.01664	0.00982	0.01325	0.00805	0.00503	0.00523	0.00164	0.00667	0.00465	0.00263	0.00771
4	0.06290	0.01040	0.01633	0.59336	0.12243	0.01244	0.01430	0.03777	0.04796	0.01610	0.01034	0.01430	0.00786	0.00548	0.00532	0.00178	0.00680	0.00480	0.00276	0.00658
5	0.12690	0.01093	0.01583	0.23651	0.11170	0.01168	0.06057	0.06575	0.01272	0.15711	0.01181	0.01385	0.00865	0.00566	0.00575	0.00167	0.04714	0.00466	0.00367	0.08744
6	0.15216	0.01269	0.01786	0.28282	0.21968	0.07326	0.08671	0.04232	0.03032	0.01792	0.00994	0.01306	0.00777	0.00525	0.00515	0.00171	0.00683	0.00462	0.00290	0.00702
7	0.10875	0.01314	0.01561	0.26166	0.15436	0.12933	0.01220	0.07413	0.01302	0.05384	0.03616	0.03054	0.00986	0.00618	0.00601	0.00173	0.05851	0.00486	0.00325	0.00686
8	0.08269	0.01084	0.01392	0.13879	0.10915	0.05104	0.03762	0.06062	0.05669	0.04412	0.03391	0.10771	0.01364	0.05694	0.00758	0.00193	0.06133	0.00616	0.00364	0.10168
9	0.04312	0.12050	0.05647	0.20272	0.22437	0.02549	0.05907	0.05130	0.03852	0.01724	0.01035	0.01317	0.00829	0.00534	0.00545	0.00161	0.03372	0.00454	0.03302	0.04573

[dist]
# distance from previous block
# <min> <max>
7	50

[block]
# block no. 1 follows, 44 sequences, length 57
# corresponding to MSA columns:
# 154-210
name=unknown_B
#
# <colnr> <probs for GDERKNQSTAVLIFYWHMCP>
#	G	D	E	R	K	N	Q	S	T	A	V	L	I	F	Y	W	H	M	C	P
0	0.17883	0.01132	0.03791	0.12260	0.07978	0.01145	0.03376	0.14382	0.03677	0.13266	0.03698	0.06229	0.01195	0.00654	0.00508	0.00168	0.00533	0.00535	0.02038	0.05553
1	0.09335	0.04803	0.03098	0.08457	0.13805	0.07263	0.06028	0.12574	0.07291	0.13026	0.01310	0.02796	0.00995	0.00598	0.00538	0.00165	0.02107	0.00491	0.01673	0.03647
2	0.03562	0.01261	0.04176	0.07772	0.08881	0.07243	0.01010	0.19376	0.05117	0.11139	0.01915	0.02151	0.10253	0.00750	0.00572	0.00169	0.02053	0.04985	0.02181	0.05433
3	0.01628	0.03289	0.10691	0.02843	0.12666	0.02386	0.02493	0.12871	0.08845	0.20029	0.02850	0.01669	0.03548	0.00623	0.00525	0.00159	0.00550	0.00516	0.03761	0.08058
4	0.08108	0.01020	0.01306	0.01318	0.13384	0.02307	0.00896	0.10446	0.01466	0.23558	0.11647	0.07528	0.03560	0.00771	0.00605	0.00168	0.04305	0.00633	0.00491	0.06484
5	0.01457	0.08400	0.01595	0.07057	0.08652	0.02763	0.04366	0.20789	0.10701	0.05591	0.03260	0.03834	0.08719	0.00713	0.00538	0.00161	0.00542	0.01884	0.00434	0.08547
6	0.11866	0.02697	0.01494	0.04918	0.05839	0.03465	0.03946	0.27130	0.02959	0.07775	0.04100	0.01446	0.02330	0.00624	0.00580	0.00159	0.05344	0.00477	0.00427	0.12426
7	0.07756	0.01399	0.07415	0.05128	0.30541	0.05989	0.03118	0.11345	0.05880	0.02003	0.01253	0.06190	0.01079	0.00623	0.00529	0.00165	0.00614	0.02046	0.00348	0.06580
8	0.12725	0.01085	0.02805	0.16294	0.09869	0.01147	0.01008	0.15099	0.06077	0.04357	0.04942	0.07988	0.04886	0.02013	0.00587	0.00177	0.01988	0.00602	0.00402	0.05950
9	0.04358	0.05157	0.01526	0.02898	0.16203	0.01171	0.00973	0.17068	0.06299	0.07278	0.01319	0.02875	0.02444	0.00564	0.00487	0.00138	0.00509	0.00463	0.00399	0.27872
10	0.03553	0.01609	0.04497	0.07068	0.41170	0.17986	0.01403	0.08730	0.01406	0.01832	0.00998	0.01243	0.00811	0.00519	0.00518	0.00155	0.00708	0.00441	0.00300	0.05054
11	0.03164	0.01187	0.01423	0.06090	0.01654	0.01162	0.03776	0.26395	0.06649	0.07393	0.01245	0.01328	0.00932	0.00541	0.00488	0.00133	0.00516	0.00436	0.00429	0.35059
12	0.01786	0.01247	0.01388	0.01106	0.01469	0.01330	0.00894	0.51340	0.02152	0.09099	0.07626	0.11325	0.01623	0.00812	0.00566	0.00168	0.00518	0.00658	0.00546	0.04347
13	0.05112	0.01599	0.01496	0.03704	0.01662	0.15185	0.00993	0.44749	0.12635	0.02735	0.01457	0.01467	0.03410	0.00664	0.00532	0.00164	0.00631	0.00497	0.00481	0.00828
14	0.00794	0.00548	0.00660	0.00712	0.03086	0.00547	0.00406	0.00822	0.00841	0.01128	0.01848	0.13011	0.02129	0.66107	0.04752	0.00489	0.00534	0.00871	0.00349	0.00366
15	0.00673	0.00480	0.00637	0.00760	0.00793	0.00450	0.00510	0.00769	0.01042	0.01388	0.02966	0.76559	0.03549	0.03914	0.00755	0.00231	0.00327	0.03254	0.00501	0.00441
16	0.01411	0.62219	0.16109	0.01097	0.01625	0.01936	0.04030	0.01679	0.01134	0.03284	0.00845	0.00971	0.00719	0.00480	0.00396	0.00130	0.00633	0.00331	0.00245	0.00725
17	0.01377	0.01256	0.02094	0.03089	0.68970	0.01259	0.01581	0.01746	0.04475	0.04692	0.01176	0.01544	0.00985	0.00535	0.00547	0.00166	0.00627	0.02721	0.00305	0.00855
18	0.00941	0.00623	0.00865	0.00965	0.01094	0.00610	0.00818	0.01166	0.01242	0.06203	0.02860	0.17110	0.03100	0.01486	0.00732	0.00242	0.00472	0.58441	0.00513	0.00519
19	0.01113	0.01055	0.01787	0.59537	0.23092	0.01233	0.01556	0.01466	0.01130	0.01495	0.00984	0.01426	0.00763	0.00529	0.00544	0.00176	0.00706	0.00485	0.00249	0.00673
20	0.02123	0.01100	0.09753	0.01021	0.01451	0.00825	0.00921	0.02379	0.01482	0.61497	0.03916	0.05117	0.01528	0.00741	0.00561	0.00175	0.00493	0.03441	0.00610	0.00868
21	0.01068	0.01009	0.01705	0.70297	0.12685	0.01221	0.01533	0.01427	0.01108	0.01440	0.00976	0.01441	0.00743	0.00538	0.00544	0.00179	0.00717	0.00485	0.00246	0.00637
22	0.00664	0.00474	0.00633	0.00759	0.00791	0.00443	0.00506	0.00759	0.01044	0.01392	0.03005	0.80485	0.03606	0.01708	0.00696	0.00221	0.00316	0.01550	0.00506	0.00443
23	0.02011	0.01439	0.01565	0.01216	0.01633	0.01584	0.01000	0.64367	0.06917	0.07854	0.01420	0.01413	0.01012	0.00771	0.03043	0.00188	0.00609	0.00505	0.00546	0.00909
24	0.84691	0.01054	0.00801	0.00717	0.01054	0.01223	0.00590	0.01603	0.00928	0.02446	0.00759	0.00886	0.00590	0.00506	0.00337	0.00169	0.00422	0.00295	0.00337	0.00590
25	0.79694	0.01083	0.00852	0.00749	0.01093	0.01251	0.00617	0.06079	0.01027	0.02506	0.00792	0.00911	0.00611	0.00515	0.00350	0.00168	0.00433	0.00307	0.00350	0.00611
26	0.01239	0.01285	0.01821	0.06243	0.01733	0.05821	0.08900	0.01409	0.00936	0.01363	0.00778	0.01226	0.00727	0.00857	0.01524	0.00224	0.62567	0.00488	0.00245	0.00613
27	0.00793	0.00529	0.00595	0.00595	0.00595	0.00529	0.00330	0.00793	0.00793	0.01057	0.01718	0.03568	0.01982	0.80840	0.02775	0.00529	0.00529	0.00793	0.00330	0.00330
28	0.01030	0.00969	0.01635	0.79530	0.03755	0.01211	0.01514	0.01393	0.01090	0.01393	0.00969	0.01453	0.00727	0.00545	0.00545	0.00182	0.00727	0.00484	0.00242	0.00606
29	0.00882	0.00643	0.00915	0.05293	0.01266	0.00655	0.00905	0.01136	0.01241	0.01613	0.02784	0.07500	0.03016	0.01458	0.00740	0.00247	0.00510	0.68201	0.00488	0.00506
30	0.00658	0.00498	0.00608	0.00696	0.00774	0.00448	0.00478	0.00766	0.01104	0.01416	0.03773	0.57545	0.26050	0.01608	0.00680	0.00210	0.00304	0.01428	0.00506	0.00448
31	0.02037	0.02598	0.01545	0.01404	0.01685	0.78652	0.01053	0.02177	0.01545	0.01334	0.00843	0.00983	0.00702	0.00562	0.00492	0.00140	0.00983	0.00351	0.00281	0.00632
32	0.01093	0.02820	0.78016	0.01554	0.02360	0.01266	0.02014	0.01727	0.01151	0.01727	0.00978	0.01151	0.00691	0.00518	0.00518	0.00173	0.00806	0.00403	0.00230	0.00806
33	0.01390	0.01314	0.02194	0.03099	0.66922	0.01325	0.05078	0.06188	0.03727	0.01895	0.01084	0.01374	0.00891	0.00503	0.00545	0.00164	0.00651	0.00498	0.00296	0.00861
34	0.00673	0.00481	0.00642	0.00769	0.00804	0.00450	0.00521	0.00774	0.01052	0.01401	0.03000	0.77537	0.03587	0.01700	0.00698	0.00223	0.00324	0.04414	0.00506	0.00445
35	0.00779	0.00584	0.00876	0.00876	0.00974	0.00681	0.00681	0.00974	0.00876	0.01266	0.01460	0.02142	0.01363	0.04089	0.78680	0.00876	0.01460	0.00584	0.00292	0.00487
36	0.01377	0.01182	0.01245	0.01114	0.01426	0.01366	0.00868	0.05071	0.74245	0.02315	0.02192	0.02012	0.01642	0.00737	0.00554	0.00184	0.00436	0.00613	0.00554	0.00865
37	0.01016	0.00508	0.00508	0.00508	0.00635	0.00508	0.00381	0.01270	0.01143	0.02033	0.01778	0.02033	0.01397	0.00635	0.00381	0.00127	0.00254	0.00508	0.83867	0.00508
38	0.01813	0.01470	0.01532	0.01317	0.05167	0.06222	0.01013	0.45054	0.25452	0.02871	0.01551	0.01517	0.01140	0.00667	0.00545	0.00169	0.00573	0.00521	0.00519	0.00886
39	0.84691	0.01054	0.00801	0.00717	0.01054	0.01223	0.00590	0.01603	0.00928	0.02446	0.00759	0.00886	0.00590	0.00506	0.00337	0.00169	0.00422	0.00295	0.00337	0.00590
40	0.01442	0.17854	0.16345	0.01927	0.19985	0.09285	0.12933	0.08223	0.01339	0.01751	0.00972	0.01191	0.00778	0.00521	0.00549	0.00159	0.03252	0.00442	0.00280	0.00774
41	0.01210	0.18536	0.60443	0.01410	0.02135	0.01431	0.01758	0.01737	0.01155	0.04055	0.00971	0.01118	0.00713	0.00513	0.00485	0.00161	0.00750	0.00385	0.00245	0.00788
42	0.02446	0.00928	0.01265	0.00970	0.01392	0.00801	0.00801	0.02657	0.01560	0.77817	0.02151	0.01856	0.01350	0.00675	0.00548	0.00169	0.00464	0.00548	0.00675	0.00928
43	0.00714	0.00495	0.00618	0.00696	0.00715	0.00476	0.00438	0.00772	0.00947	0.01263	0.02510	0.50903	0.02981	0.32142	0.01495	0.00340	0.00398	0.01259	0.00438	0.00400
44	0.01560	0.35733	0.13878	0.01376	0.07691	0.21393	0.01204	0.05389	0.01297	0.01510	0.00860	0.01016	0.00724	0.00529	0.00493	0.00142	0.03868	0.00356	0.00263	0.00719
45	0.00762	0.00554	0.00785	0.00811	0.00883	0.00611	0.00596	0.00913	0.00905	0.01279	0.01811	0.18202	0.01896	0.13161	0.51943	0.00686	0.01090	0.00805	0.01850	0.00459
46	0.00793	0.00529	0.00595	0.00595	0.00595	0.00529	0.00330	0.00793	0.00793	0.01057	0.01718	0.03568	0.01982	0.80840	0.02775	0.00529	0.00529	0.00793	0.00330	0.00330
47	0.01382	0.01508	0.05185	0.07200	0.43146	0.09675	0.17360	0.01777	0.04216	0.01720	0.01064	0.01361	0.00855	0.00503	0.00557	0.00167	0.00744	0.00507	0.00280	0.00794
48	0.01358	0.11677	0.37666	0.01823	0.15696	0.14826	0.06100	0.01785	0.01239	0.01617	0.00945	0.01144	0.00733	0.00510	0.00505	0.00159	0.00789	0.00410	0.00249	0.00769
49	0.01442	0.57394	0.17965	0.01106	0.01623	0.09656	0.01164	0.01706	0.01160	0.01378	0.00811	0.00941	0.00698	0.00486	0.00398	0.00130	0.00668	0.00320	0.00237	0.00714
50	0.01160	0.01080	0.04786	0.00917	0.03204	0.00793	0.00746	0.03471	0.01174	0.01821	0.00980	0.01142	0.00807	0.00418	0.00416	0.00089	0.00434	0.00335	0.00324	0.75902
51	0.05595	0.08493	0.19319	0.01333	0.04751	0.04033	0.04461	0.20335	0.06850	0.15488	0.01375	0.03284	0.01013	0.00617	0.00520	0.00166	0.00624	0.00490	0.00426	0.00826
52	0.00868	0.00532	0.00715	0.00796	0.00875	0.00492	0.00559	0.00984	0.01111	0.09621	0.02906	0.67824	0.03337	0.01585	0.00683	0.00217	0.00343	0.05530	0.00524	0.00498
53	0.00793	0.00529	0.00595	0.00595	0.00595	0.00529	0.00330	0.00793	0.00793	0.01057	0.01718	0.03568	0.01982	0.80840	0.02775	0.00529	0.00529	0.00793	0.00330	0.00330
54	0.01619	0.54864	0.02450	0.01182	0.05057	0.24070	0.01002	0.01791	0.01239	0.01321	0.00795	0.00928	0.00708	0.00495	0.00399	0.00126	0.00701	0.00318	0.00249	0.00688
55	0.00832	0.00612	0.00801	0.00845	0.00967	0.00604	0.00668	0.01152	0.07005	0.01839	0.30518	0.19857	0.03867	0.01342	0.00686	0.00210	0.00369	0.26763	0.00543	0.00522
56	0.00779	0.00583	0.00870	0.00869	0.00967	0.00675	0.00675	0.00976	0.00902	0.01302	0.04415	0.02217	0.01511	0.03973	0.75634	0.00849	0.01413	0.00600	0.00304	0.00488

[dist]
# distance from previous block
# <min> <max>
0	4

[block]
# block no. 2 follows, 44 sequences, length 27
# corresponding to MSA columns:
# 215-241
name=unknown_C
#
# <colnr> <probs for GDERKNQSTAVLIFYWHMCP>
#	G	D	E	R	K	N	Q	S	T	A	V	L	I	F	Y	W	H	M	C	P
0	0.01251	0.01215	0.01668	0.01420	0.01448	0.01671	0.01182	0.06195	0.00948	0.01452	0.00755	0.01200	0.00730	0.00935	0.01707	0.00234	0.74635	0.00478	0.00259	0.00618
1	0.01794	0.01016	0.01202	0.00996	0.01343	0.01032	0.00798	0.09381	0.27339	0.34256	0.07869	0.02252	0.06684	0.00774	0.00564	0.00175	0.00438	0.00638	0.00605	0.00844
2	0.84691	0.01054	0.00801	0.00717	0.01054	0.01223	0.00590	0.01603	0.00928	0.02446	0.00759	0.00886	0.00590	0.00506	0.00337	0.00169	0.00422	0.00295	0.00337	0.00590
3	0.00779	0.00584	0.00876	0.00876	0.00974	0.00681	0.00681	0.00974	0.00876	0.01266	0.01460	0.02142	0.01363	0.04089	0.78680	0.00876	0.01460	0.00584	0.00292	0.00487
4	0.01258	0.01412	0.03034	0.06608	0.04872	0.01343	0.67381	0.01699	0.01268	0.01718	0.01143	0.03509	0.00894	0.00497	0.00636	0.00184	0.00885	0.00654	0.00280	0.00724
5	0.01242	0.02291	0.53521	0.01534	0.02214	0.01227	0.11107	0.05126	0.03094	0.07034	0.05505	0.01436	0.01043	0.00567	0.00545	0.00174	0.00747	0.00486	0.00310	0.00795
6	0.01287	0.01471	0.03217	0.02298	0.02849	0.01379	0.75460	0.01746	0.01287	0.01746	0.01103	0.01471	0.00827	0.00460	0.00643	0.00184	0.00919	0.00643	0.00276	0.00735
7	0.00879	0.00628	0.00879	0.01004	0.01130	0.00628	0.00879	0.01130	0.01255	0.01632	0.02887	0.06150	0.03138	0.01506	0.00753	0.00251	0.00502	0.73770	0.00502	0.00502
8	0.01771	0.01275	0.01399	0.01132	0.01490	0.01392	0.00912	0.48045	0.13736	0.07679	0.06641	0.08843	0.01589	0.00795	0.00567	0.00173	0.00517	0.00643	0.00555	0.00846
9	0.06172	0.01468	0.01699	0.05769	0.06443	0.16703	0.04597	0.01546	0.01040	0.01436	0.00794	0.01171	0.00721	0.00777	0.01252	0.00205	0.46875	0.00450	0.00256	0.00627
10	0.00947	0.00473	0.00710	0.00710	0.00710	0.00473	0.00473	0.00710	0.00710	0.00947	0.00947	0.01657	0.00947	0.01894	0.02131	0.84138	0.00473	0.00473	0.00237	0.00237
11	0.01130	0.00969	0.01130	0.00807	0.01292	0.00727	0.00646	0.01373	0.01130	0.01776	0.00969	0.01130	0.00807	0.00404	0.00404	0.00081	0.00404	0.00323	0.00323	0.84173
12	0.01094	0.04178	0.62171	0.04759	0.02340	0.01245	0.07969	0.01668	0.01184	0.01734	0.05787	0.01368	0.00984	0.00551	0.00534	0.00173	0.00772	0.00461	0.00258	0.00771
13	0.01071	0.01115	0.02272	0.01802	0.05147	0.01048	0.46243	0.01398	0.01200	0.01624	0.01765	0.29117	0.01801	0.00898	0.00658	0.00196	0.00697	0.00954	0.00356	0.00638
14	0.01130	0.00969	0.01130	0.00807	0.01292	0.00727	0.00646	0.01373	0.01130	0.01776	0.00969	0.01130	0.00807	0.00404	0.00404	0.00081	0.00404	0.00323	0.00323	0.84173
15	0.00844	0.00675	0.00776	0.00727	0.00865	0.05014	0.00545	0.01095	0.01543	0.02137	0.72758	0.03894	0.04888	0.01083	0.00634	0.00170	0.00299	0.00949	0.00582	0.00521
16	0.01885	0.11944	0.01690	0.01330	0.01622	0.60985	0.01033	0.02117	0.06183	0.01387	0.00913	0.01046	0.00763	0.00580	0.00538	0.00145	0.04530	0.00366	0.00290	0.00653
17	0.01028	0.00757	0.00885	0.00861	0.04480	0.00728	0.00623	0.09381	0.06423	0.06752	0.22882	0.05883	0.34981	0.01113	0.00618	0.00178	0.00347	0.00942	0.00538	0.00600
18	0.00658	0.00553	0.00571	0.00566	0.00745	0.00466	0.00425	0.00808	0.01274	0.01547	0.12989	0.05124	0.69705	0.01353	0.00644	0.00183	0.00274	0.01133	0.00516	0.00466
19	0.00880	0.00672	0.00717	0.00683	0.00898	0.00623	0.00526	0.01238	0.12430	0.06631	0.06283	0.04557	0.56555	0.01238	0.00629	0.00186	0.00320	0.03854	0.00526	0.00554
20	0.03637	0.04921	0.07017	0.02484	0.45127	0.15571	0.02870	0.03896	0.06058	0.01769	0.01055	0.01282	0.00860	0.00522	0.00519	0.00159	0.00702	0.00454	0.00295	0.00803
21	0.00947	0.00473	0.00710	0.00710	0.00710	0.00473	0.00473	0.00710	0.00710	0.00947	0.00947	0.01657	0.00947	0.01894	0.02131	0.84138	0.00473	0.00473	0.00237	0.00237
22	0.00663	0.00481	0.00626	0.00742	0.00786	0.00444	0.00499	0.00761	0.01060	0.01398	0.03211	0.74338	0.09620	0.01681	0.00692	0.00218	0.00313	0.01517	0.00506	0.00444
23	0.01284	0.01216	0.02066	0.09245	0.59580	0.01233	0.04943	0.03630	0.01252	0.01762	0.01195	0.07878	0.01078	0.00595	0.00558	0.00169	0.00638	0.00581	0.00295	0.00804
24	0.09763	0.23298	0.05023	0.01247	0.06784	0.10530	0.01017	0.20670	0.01591	0.13501	0.01145	0.01190	0.00856	0.00564	0.00465	0.00150	0.00614	0.00406	0.00397	0.00789
25	0.02756	0.01173	0.01882	0.34104	0.04340	0.03169	0.12529	0.01445	0.01037	0.01444	0.00890	0.01336	0.00738	0.00681	0.01013	0.00201	0.29887	0.00499	0.00249	0.00628
26	0.07383	0.03663	0.01608	0.01294	0.04602	0.09008	0.01019	0.55704	0.03757	0.02986	0.01214	0.01251	0.00888	0.00620	0.00518	0.00159	0.00619	0.00458	0.00483	0.02768

[dist]
# distance from previous block
# <min> <max>
0	1

[block]
# block no. 3 follows, 44 sequences, length 76
# corresponding to MSA columns:
# 243-318
name=unknown_D
#
# <colnr> <probs for GDERKNQSTAVLIFYWHMCP>
#	G	D	E	R	K	N	Q	S	T	A	V	L	I	F	Y	W	H	M	C	P
0	0.02070	0.01608	0.01629	0.01266	0.01690	0.07539	0.01038	0.70041	0.02486	0.03276	0.01273	0.01284	0.00910	0.00647	0.00541	0.00162	0.00629	0.00480	0.00525	0.00905
1	0.00722	0.00488	0.00648	0.00744	0.00773	0.00465	0.00498	0.00774	0.00984	0.01310	0.02603	0.58628	0.03077	0.11312	0.01118	0.10084	0.00369	0.04543	0.00453	0.00408
2	0.00873	0.00691	0.00823	0.00796	0.02447	0.00684	0.00587	0.01359	0.16061	0.02063	0.47653	0.03841	0.17859	0.01079	0.00624	0.00176	0.00302	0.00935	0.00567	0.00579
3	0.00761	0.00557	0.00714	0.00675	0.00808	0.00510	0.00506	0.01008	0.01518	0.02126	0.71090	0.04172	0.11243	0.01137	0.00643	0.00173	0.00259	0.01000	0.00592	0.00510
4	0.02446	0.00928	0.01265	0.00970	0.01392	0.00801	0.00801	0.02657	0.01560	0.77817	0.02151	0.01856	0.01350	0.00675	0.00548	0.00169	0.00464	0.00548	0.00675	0.00928
5	0.01458	0.81168	0.02857	0.00933	0.01399	0.02157	0.00933	0.01632	0.01108	0.01283	0.00758	0.00875	0.00700	0.00466	0.00350	0.00117	0.00583	0.00292	0.00233	0.00700
6	0.00793	0.00529	0.00595	0.00595	0.00595	0.00529	0.00330	0.00793	0.00793	0.01057	0.01718	0.03568	0.01982	0.80840	0.02775	0.00529	0.00529	0.00793	0.00330	0.00330
7	0.84691	0.01054	0.00801	0.00717	0.01054	0.01223	0.00590	0.01603	0.00928	0.02446	0.00759	0.00886	0.00590	0.00506	0.00337	0.00169	0.00422	0.00295	0.00337	0.00590
8	0.01016	0.00508	0.00508	0.00508	0.00635	0.00508	0.00381	0.01270	0.01143	0.02033	0.01778	0.02033	0.01397	0.00635	0.00381	0.00127	0.00254	0.00508	0.83867	0.00508
9	0.84691	0.01054	0.00801	0.00717	0.01054	0.01223	0.00590	0.01603	0.00928	0.02446	0.00759	0.00886	0.00590	0.00506	0.00337	0.00169	0.00422	0.00295	0.00337	0.00590
10	0.01555	0.58889	0.07890	0.01077	0.01528	0.18393	0.01035	0.01755	0.01204	0.01325	0.00792	0.00917	0.00700	0.00490	0.00392	0.00126	0.00684	0.00312	0.00243	0.00693
11	0.06638	0.00934	0.01242	0.00957	0.01375	0.00823	0.00791	0.02603	0.01528	0.73976	0.02080	0.01806	0.01311	0.00666	0.00537	0.00169	0.00462	0.00535	0.00658	0.00911
12	0.01198	0.00937	0.01442	0.51744	0.04293	0.01094	0.01240	0.05219	0.04201	0.08973	0.01377	0.08562	0.01151	0.03368	0.00630	0.00193	0.00626	0.00601	0.02509	0.00642
13	0.00678	0.00505	0.00632	0.00703	0.00783	0.00458	0.00488	0.00809	0.01169	0.01541	0.15853	0.51944	0.19366	0.01540	0.00676	0.00205	0.00298	0.01372	0.00522	0.00458
14	0.02393	0.01012	0.01318	0.01010	0.01434	0.00927	0.00834	0.12967	0.01702	0.67307	0.02032	0.01778	0.01290	0.00672	0.00548	0.00168	0.00483	0.00540	0.00656	0.00928
15	0.01275	0.01220	0.02079	0.20954	0.60410	0.01276	0.01636	0.01608	0.01206	0.01691	0.01012	0.01373	0.00832	0.00499	0.00541	0.00166	0.00666	0.00485	0.00263	0.00804
16	0.03512	0.01936	0.01558	0.01297	0.01660	0.33301	0.01024	0.39440	0.06833	0.02480	0.01165	0.01214	0.00876	0.00619	0.00520	0.00156	0.00743	0.00438	0.00433	0.00796
17	0.00768	0.00554	0.00725	0.00689	0.00814	0.00512	0.00514	0.01019	0.01525	0.02157	0.74398	0.06911	0.05087	0.01137	0.00645	0.00173	0.00259	0.01007	0.00597	0.00512
18	0.01350	0.01385	0.05394	0.03138	0.69813	0.03342	0.01639	0.01679	0.01242	0.01767	0.01017	0.01324	0.00850	0.00487	0.00533	0.00159	0.00656	0.00473	0.00270	0.03481
19	0.02037	0.02598	0.01545	0.01404	0.01685	0.78652	0.01053	0.02177	0.01545	0.01334	0.00843	0.00983	0.00702	0.00562	0.00492	0.00140	0.00983	0.00351	0.00281	0.00632
20	0.01335	0.01323	0.04142	0.04998	0.71217	0.01295	0.01651	0.01709	0.03758	0.01787	0.01063	0.01370	0.00883	0.00496	0.00540	0.00163	0.00646	0.00488	0.00278	0.00856
21	0.00772	0.00557	0.00729	0.00686	0.00814	0.00514	0.00514	0.01029	0.01543	0.02186	0.77152	0.04072	0.05144	0.01115	0.00643	0.00171	0.00257	0.00986	0.00600	0.00514
22	0.00817	0.00550	0.00666	0.00658	0.00668	0.00574	0.00404	0.00820	0.00796	0.01077	0.01596	0.03190	0.01793	0.63977	0.10376	0.07605	0.03035	0.00735	0.00316	0.00346
23	0.02072	0.01527	0.01636	0.01254	0.01691	0.01691	0.01036	0.75622	0.02563	0.03436	0.01309	0.01309	0.00927	0.00654	0.00545	0.00164	0.00600	0.00491	0.00545	0.00927
24	0.00707	0.00521	0.00591	0.00627	0.00698	0.00481	0.00408	0.00780	0.01015	0.01291	0.03362	0.25788	0.27780	0.31798	0.01472	0.00326	0.00384	0.01126	0.00439	0.00406
25	0.01458	0.81168	0.02857	0.00933	0.01399	0.02157	0.00933	0.01632	0.01108	0.01283	0.00758	0.00875	0.00700	0.00466	0.00350	0.00117	0.00583	0.00292	0.00233	0.00700
26	0.00664	0.00474	0.00633	0.00759	0.00791	0.00443	0.00506	0.00759	0.01044	0.01392	0.03005	0.80485	0.03606	0.01708	0.00696	0.00221	0.00316	0.01550	0.00506	0.00443
27	0.00765	0.00557	0.00719	0.00679	0.00810	0.00511	0.00509	0.01016	0.01527	0.02148	0.73300	0.04136	0.09020	0.01129	0.00643	0.00172	0.00258	0.00995	0.00595	0.00511
28	0.02157	0.01391	0.01552	0.01190	0.01623	0.01489	0.00983	0.59077	0.02336	0.20301	0.01500	0.01433	0.01023	0.00659	0.00546	0.00165	0.00569	0.00504	0.00575	0.00927
29	0.01685	0.07637	0.05095	0.01585	0.13134	0.31818	0.01142	0.12752	0.03505	0.01796	0.01027	0.01206	0.00833	0.00602	0.00616	0.00157	0.08315	0.00420	0.05955	0.00718
30	0.01533	0.62582	0.04854	0.01029	0.01465	0.16018	0.00976	0.01715	0.01192	0.01310	0.00892	0.01005	0.02496	0.00507	0.00388	0.00124	0.00655	0.00326	0.00248	0.00685
31	0.01173	0.04552	0.01222	0.00826	0.01309	0.00819	0.00670	0.03599	0.01172	0.01804	0.00970	0.01124	0.00806	0.00414	0.00406	0.00085	0.00418	0.00327	0.00326	0.77979
32	0.02020	0.06544	0.01668	0.01222	0.01644	0.06673	0.01010	0.58961	0.05636	0.07189	0.01331	0.01323	0.00954	0.00642	0.00530	0.00160	0.00609	0.00478	0.00516	0.00891
33	0.00768	0.00557	0.00724	0.00683	0.00813	0.00513	0.00512	0.01023	0.01536	0.02168	0.75368	0.04102	0.06939	0.01121	0.00643	0.00172	0.00258	0.00990	0.00598	0.00513
34	0.00651	0.00553	0.00561	0.00559	0.00740	0.00463	0.00419	0.00794	0.01257	0.01507	0.08999	0.05190	0.73720	0.01368	0.00644	0.00183	0.00275	0.01143	0.00511	0.00463
35	0.02371	0.00985	0.02819	0.00989	0.01413	0.00844	0.00830	0.05758	0.01595	0.71644	0.03506	0.01860	0.01390	0.00679	0.00549	0.00169	0.00473	0.00551	0.00659	0.00918
36	0.03458	0.00524	0.00517	0.00514	0.00647	0.00529	0.00387	0.01280	0.01137	0.02045	0.01749	0.01999	0.01374	0.00631	0.00380	0.00128	0.00259	0.00502	0.81429	0.00511
37	0.01511	0.70964	0.04482	0.00998	0.01452	0.10280	0.00971	0.01693	0.01155	0.01299	0.00772	0.00893	0.00700	0.00478	0.00369	0.00120	0.00631	0.00300	0.00238	0.00695
38	0.00879	0.00628	0.00879	0.01004	0.01130	0.00628	0.00879	0.01130	0.01255	0.01632	0.02887	0.06150	0.03138	0.01506	0.00753	0.00251	0.00502	0.73770	0.00502	0.00502
39	0.02227	0.01280	0.01483	0.01137	0.01567	0.01324	0.00939	0.45506	0.02149	0.34136	0.01656	0.01535	0.01101	0.00663	0.00547	0.00166	0.00544	0.00515	0.00599	0.00927
40	0.01806	0.02197	0.01641	0.01622	0.09923	0.56036	0.01147	0.01963	0.01381	0.01379	0.00839	0.01062	0.00722	0.00626	0.00735	0.00161	0.15448	0.00389	0.00272	0.00651
41	0.01328	0.01144	0.01207	0.01088	0.01390	0.01318	0.00846	0.02810	0.73171	0.02262	0.04031	0.02147	0.03292	0.00761	0.00559	0.00185	0.00424	0.00636	0.00555	0.00847
42	0.01202	0.01002	0.01152	0.00840	0.01305	0.00809	0.00673	0.06789	0.03481	0.01919	0.01054	0.01197	0.00859	0.00439	0.00418	0.00091	0.00414	0.00349	0.02784	0.73222
43	0.00664	0.00474	0.00633	0.00759	0.00791	0.00443	0.00506	0.00759	0.01044	0.01392	0.03005	0.80485	0.03606	0.01708	0.00696	0.00221	0.00316	0.01550	0.00506	0.00443
44	0.07669	0.20914	0.34378	0.02767	0.01800	0.02871	0.03214	0.03325	0.01207	0.04548	0.07182	0.05466	0.01229	0.00623	0.00488	0.00161	0.00641	0.00489	0.00309	0.00720
45	0.01891	0.01429	0.01556	0.01283	0.04981	0.03312	0.01001	0.53344	0.09843	0.05862	0.01378	0.01381	0.00999	0.00630	0.00531	0.00157	0.00570	0.00486	0.00512	0.08854
46	0.05615	0.01404	0.01549	0.01296	0.05731	0.01538	0.01002	0.61034	0.02289	0.04833	0.03310	0.03492	0.01122	0.02523	0.00594	0.00174	0.00574	0.00531	0.00519	0.00872
47	0.02052	0.01491	0.01607	0.01235	0.01664	0.01643	0.01019	0.72239	0.02517	0.05146	0.03035	0.01384	0.01032	0.00665	0.00548	0.00164	0.00589	0.00503	0.00550	0.00918
48	0.00800	0.00569	0.00709	0.00667	0.00817	0.00512	0.00502	0.01030	0.01479	0.04570	0.59206	0.04251	0.20542	0.01157	0.00640	0.00174	0.00268	0.01007	0.00582	0.00517
49	0.01486	0.74060	0.04678	0.00979	0.01442	0.07121	0.00968	0.01670	0.01137	0.01297	0.00769	0.00889	0.00700	0.00474	0.00363	0.00120	0.00615	0.00298	0.00236	0.00698
50	0.00772	0.00557	0.00729	0.00686	0.00814	0.00514	0.00514	0.01029	0.01543	0.02186	0.77152	0.04072	0.05144	0.01115	0.00643	0.00171	0.00257	0.00986	0.00600	0.00514
51	0.02379	0.00956	0.01273	0.00985	0.01401	0.00854	0.00811	0.04563	0.05531	0.71908	0.02133	0.01851	0.01355	0.00678	0.00549	0.00169	0.00466	0.00550	0.00665	0.00924
52	0.00748	0.00556	0.00696	0.00661	0.00800	0.00504	0.00496	0.00983	0.01487	0.02053	0.63822	0.04291	0.18557	0.01164	0.00643	0.00174	0.00261	0.01017	0.00583	0.00504
53	0.00793	0.00529	0.00595	0.00595	0.00595	0.00529	0.00330	0.00793	0.00793	0.01057	0.01718	0.03568	0.01982	0.80840	0.02775	0.00529	0.00529	0.00793	0.00330	0.00330
54	0.01016	0.00508	0.00508	0.00508	0.00635	0.00508	0.00381	0.01270	0.01143	0.02033	0.01778	0.02033	0.01397	0.00635	0.00381	0.00127	0.00254	0.00508	0.83867	0.00508
55	0.00664	0.00474	0.00633	0.00759	0.00791	0.00443	0.00506	0.00759	0.01044	0.01392	0.03005	0.80485	0.03606	0.01708	0.00696	0.00221	0.00316	0.01550	0.00506	0.00443
56	0.02072	0.01527	0.01636	0.01254	0.01691	0.01691	0.01036	0.75622	0.02563	0.03436	0.01309	0.01309	0.00927	0.00654	0.00545	0.00164	0.00600	0.00491	0.00545	0.00927
57	0.00664	0.00474	0.00633	0.00759	0.00791	0.00443	0.00506	0.00759	0.01044	0.01392	0.03005	0.80485	0.03606	0.01708	0.00696	0.00221	0.00316	0.01550	0.00506	0.00443
58	0.00879	0.00628	0.00879	0.01004	0.01130	0.00628	0.00879	0.01130	0.01255	0.01632	0.02887	0.06150	0.03138	0.01506	0.00753	0.00251	0.00502	0.73770	0.00502	0.00502
59	0.84691	0.01054	0.00801	0.00717	0.01054	0.01223	0.00590	0.01603	0.00928	0.02446	0.00759	0.00886	0.00590	0.00506	0.00337	0.00169	0.00422	0.00295	0.00337	0.00590
60	0.01253	0.01071	0.01139	0.01032	0.01315	0.01216	0.00800	0.02578	0.64290	0.02218	0.09640	0.02442	0.06985	0.00818	0.00569	0.00184	0.00404	0.00687	0.00556	0.00803
61	0.01943	0.15247	0.01756	0.01329	0.01639	0.66337	0.01034	0.02089	0.01475	0.01326	0.00829	0.00966	0.00702	0.00546	0.00469	0.00137	0.00919	0.00342	0.00273	0.00643
62	0.00784	0.00562	0.00766	0.00766	0.00825	0.00622	0.00544	0.00903	0.00844	0.01184	0.01561	0.02699	0.01605	0.34094	0.49006	0.00740	0.01096	0.00666	0.00307	0.00426
63	0.01419	0.01115	0.01448	0.01061	0.01525	0.00985	0.08126	0.14042	0.01416	0.08529	0.01134	0.01258	0.00873	0.00489	0.00501	0.00117	0.02615	0.00406	0.00384	0.52559
64	0.01895	0.03446	0.01643	0.08166	0.04235	0.13442	0.01088	0.49349	0.06753	0.02762	0.01242	0.01307	0.00913	0.00626	0.00533	0.00162	0.00661	0.00472	0.00463	0.00843
65	0.00781	0.00574	0.00823	0.00823	0.00902	0.00653	0.00615	0.00939	0.00860	0.01226	0.01509	0.02412	0.01480	0.18624	0.64305	0.00810	0.01284	0.00624	0.00299	0.00457
66	0.00659	0.00494	0.00612	0.00706	0.00777	0.00447	0.00483	0.00765	0.01095	0.01412	0.03649	0.61243	0.22431	0.01624	0.00683	0.00212	0.00306	0.01448	0.00506	0.00447
67	0.01280	0.01699	0.20909	0.05472	0.23284	0.03615	0.25804	0.01713	0.01239	0.03450	0.01099	0.01383	0.00839	0.00502	0.00558	0.00170	0.00763	0.00516	0.04933	0.00771
68	0.01093	0.02820	0.78016	0.01554	0.02360	0.01266	0.02014	0.01727	0.01151	0.01727	0.00978	0.01151	0.00691	0.00518	0.00518	0.00173	0.00806	0.00403	0.00230	0.00806
69	0.02422	0.00967	0.01289	0.00989	0.01411	0.00859	0.00817	0.07413	0.01626	0.72969	0.02096	0.01820	0.01322	0.00673	0.00548	0.00168	0.00473	0.00545	0.00666	0.00928
70	0.01375	0.01503	0.01626	0.04738	0.04900	0.22788	0.06247	0.01544	0.01106	0.01379	0.00982	0.04396	0.00927	0.03632	0.05025	0.00240	0.34541	0.00513	0.01932	0.00606
71	0.01030	0.00969	0.01635	0.79530	0.03755	0.01211	0.01514	0.01393	0.01090	0.01393	0.00969	0.01453	0.00727	0.00545	0.00545	0.00182	0.00727	0.00484	0.00242	0.00606
72	0.00765	0.00557	0.00719	0.00679	0.00810	0.00511	0.00509	0.01016	0.01527	0.02148	0.73300	0.04136	0.09020	0.01129	0.00643	0.00172	0.00258	0.00995	0.00595	0.00511
73	0.00664	0.00474	0.00633	0.00759	0.00791	0.00443	0.00506	0.00759	0.01044	0.01392	0.03005	0.80485	0.03606	0.01708	0.00696	0.00221	0.00316	0.01550	0.00506	0.00443
74	0.01314	0.01259	0.02148	0.11835	0.69229	0.01286	0.01655	0.01642	0.01225	0.01738	0.01019	0.01361	0.00848	0.00492	0.00540	0.00164	0.00656	0.00486	0.00267	0.00835
75	0.01157	0.00975	0.01134	0.00828	0.01290	0.00763	0.00660	0.05103	0.01199	0.01843	0.01077	0.04668	0.00938	0.00474	0.00424	0.00091	0.00410	0.00386	0.00342	0.76237

[dist]
# distance from previous block
# <min> <max>
0	36

[block]
# block no. 4 follows, 44 sequences, length 38
# corresponding to MSA columns:
# 355-392
name=unknown_E
#
# <colnr> <probs for GDERKNQSTAVLIFYWHMCP>
#	G	D	E	R	K	N	Q	S	T	A	V	L	I	F	Y	W	H	M	C	P
0	0.14201	0.01283	0.01422	0.21025	0.02041	0.04670	0.01042	0.36941	0.01793	0.02574	0.01155	0.01322	0.00851	0.00599	0.00499	0.00165	0.00596	0.00455	0.06614	0.00751
1	0.84691	0.01054	0.00801	0.00717	0.01054	0.01223	0.00590	0.01603	0.00928	0.02446	0.00759	0.00886	0.00590	0.00506	0.00337	0.00169	0.00422	0.00295	0.00337	0.00590
2	0.00934	0.00485	0.00712	0.00718	0.00725	0.00485	0.00486	0.00737	0.00743	0.00989	0.01093	0.02004	0.01122	0.06622	0.02098	0.74780	0.00478	0.04276	0.00256	0.00256
3	0.00684	0.00489	0.00655	0.00782	0.00822	0.00460	0.00541	0.00793	0.01063	0.01414	0.02994	0.73595	0.03562	0.01689	0.00701	0.00224	0.00334	0.08243	0.00506	0.00448
4	0.00680	0.00487	0.00647	0.00748	0.00794	0.00454	0.00507	0.00799	0.01118	0.01510	0.14077	0.69074	0.03835	0.01619	0.00688	0.00214	0.00307	0.01466	0.00520	0.00454
5	0.00656	0.00553	0.00569	0.00565	0.00744	0.00465	0.00423	0.00805	0.01270	0.01539	0.12162	0.05138	0.70538	0.01356	0.00644	0.00183	0.00274	0.01135	0.00515	0.00465
6	0.02433	0.00948	0.01278	0.00980	0.01402	0.00832	0.00809	0.05168	0.01595	0.75257	0.02122	0.01837	0.01335	0.00674	0.00548	0.00169	0.00469	0.00546	0.00670	0.00928
7	0.01093	0.02820	0.78016	0.01554	0.02360	0.01266	0.02014	0.01727	0.01151	0.01727	0.00978	0.01151	0.00691	0.00518	0.00518	0.00173	0.00806	0.00403	0.00230	0.00806
8	0.00772	0.00557	0.00729	0.00686	0.00814	0.00514	0.00514	0.01029	0.01543	0.02186	0.77152	0.04072	0.05144	0.01115	0.00643	0.00171	0.00257	0.00986	0.00600	0.00514
9	0.01286	0.01238	0.02131	0.17883	0.61195	0.01282	0.03775	0.01622	0.01214	0.01706	0.01017	0.01373	0.00836	0.00496	0.00544	0.00166	0.00671	0.00490	0.00265	0.00811
10	0.02072	0.01527	0.01636	0.01254	0.01691	0.01691	0.01036	0.75622	0.02563	0.03436	0.01309	0.01309	0.00927	0.00654	0.00545	0.00164	0.00600	0.00491	0.00545	0.00927
11	0.01030	0.00969	0.01635	0.79530	0.03755	0.01211	0.01514	0.01393	0.01090	0.01393	0.00969	0.01453	0.00727	0.00545	0.00545	0.00182	0.00727	0.00484	0.00242	0.00606
12	0.00742	0.00507	0.00610	0.00660	0.00672	0.00495	0.00400	0.00780	0.00892	0.01189	0.02226	0.33925	0.02623	0.49609	0.01954	0.00407	0.00445	0.01092	0.00400	0.00375
13	0.01458	0.81168	0.02857	0.00933	0.01399	0.02157	0.00933	0.01632	0.01108	0.01283	0.00758	0.00875	0.00700	0.00466	0.00350	0.00117	0.00583	0.00292	0.00233	0.00700
14	0.01296	0.00991	0.01166	0.00843	0.01320	0.00778	0.00678	0.04916	0.01236	0.08901	0.01094	0.01206	0.00863	0.00440	0.00424	0.00093	0.00418	0.00352	0.00366	0.72619
15	0.12030	0.02023	0.01430	0.01291	0.03204	0.46897	0.00974	0.09897	0.09244	0.06396	0.01105	0.01173	0.00853	0.00588	0.00489	0.00153	0.00780	0.00401	0.00367	0.00704
16	0.01760	0.01989	0.01420	0.01280	0.01576	0.45175	0.00975	0.04379	0.32077	0.01774	0.01415	0.01420	0.01100	0.00637	0.00519	0.00159	0.00749	0.00463	0.00399	0.00734
17	0.75700	0.05909	0.00954	0.00753	0.01099	0.03248	0.00628	0.01643	0.00969	0.04065	0.00793	0.00910	0.00617	0.00509	0.00347	0.00165	0.00447	0.00302	0.00337	0.00606
18	0.84691	0.01054	0.00801	0.00717	0.01054	0.01223	0.00590	0.01603	0.00928	0.02446	0.00759	0.00886	0.00590	0.00506	0.00337	0.00169	0.00422	0.00295	0.00337	0.00590
19	0.02446	0.00928	0.01265	0.00970	0.01392	0.00801	0.00801	0.02657	0.01560	0.77817	0.02151	0.01856	0.01350	0.00675	0.00548	0.00169	0.00464	0.00548	0.00675	0.00928
20	0.09209	0.68953	0.02593	0.00932	0.01385	0.02043	0.00907	0.06080	0.01179	0.01520	0.00791	0.00902	0.00703	0.00481	0.00360	0.00124	0.00569	0.00304	0.00262	0.00703
21	0.01175	0.00968	0.01135	0.00813	0.01295	0.00729	0.00651	0.01416	0.01145	0.04351	0.01009	0.01155	0.00826	0.00413	0.00409	0.00084	0.00406	0.00331	0.00335	0.81355
22	0.01565	0.14751	0.12193	0.01717	0.12914	0.26717	0.10693	0.03540	0.07786	0.01622	0.01035	0.01200	0.00827	0.00534	0.00505	0.00154	0.00783	0.00431	0.00293	0.00739
23	0.02975	0.10044	0.06688	0.05663	0.38082	0.05792	0.05845	0.01805	0.04034	0.08750	0.01207	0.01543	0.00983	0.00561	0.00528	0.00164	0.00654	0.03564	0.00322	0.00796
24	0.00793	0.00529	0.00595	0.00595	0.00595	0.00529	0.00330	0.00793	0.00793	0.01057	0.01718	0.03568	0.01982	0.80840	0.02775	0.00529	0.00529	0.00793	0.00330	0.00330
25	0.01308	0.00952	0.01049	0.00902	0.01156	0.01001	0.00710	0.30250	0.05241	0.02448	0.15013	0.09901	0.13394	0.02458	0.00620	0.00179	0.00419	0.02687	0.09639	0.00673
26	0.01402	0.06403	0.14033	0.04707	0.49030	0.04502	0.01594	0.08546	0.01350	0.01867	0.01019	0.01274	0.00822	0.00510	0.00524	0.00161	0.00680	0.00456	0.00287	0.00834
27	0.02446	0.00928	0.01265	0.00970	0.01392	0.00801	0.00801	0.02657	0.01560	0.77817	0.02151	0.01856	0.01350	0.00675	0.00548	0.00169	0.00464	0.00548	0.00675	0.00928
28	0.00705	0.00543	0.00645	0.00645	0.00780	0.00482	0.00474	0.00891	0.01349	0.01786	0.37822	0.16209	0.33082	0.01309	0.00652	0.00184	0.00274	0.01136	0.00549	0.00482
29	0.01272	0.02539	0.03124	0.01241	0.14177	0.03189	0.02479	0.12378	0.05375	0.02128	0.01733	0.01903	0.05481	0.00648	0.00469	0.00147	0.00440	0.00535	0.40075	0.00667
30	0.01322	0.20765	0.30140	0.06391	0.12229	0.01529	0.09753	0.08528	0.01295	0.01769	0.00976	0.01180	0.00755	0.00509	0.00499	0.00159	0.00721	0.00427	0.00271	0.00780
31	0.00684	0.00485	0.00639	0.00753	0.00786	0.00458	0.00504	0.00776	0.01029	0.01370	0.02881	0.70493	0.03437	0.09034	0.00891	0.00251	0.00343	0.04261	0.00490	0.00435
32	0.84691	0.01054	0.00801	0.00717	0.01054	0.01223	0.00590	0.01603	0.00928	0.02446	0.00759	0.00886	0.00590	0.00506	0.00337	0.00169	0.00422	0.00295	0.00337	0.00590
33	0.00793	0.00529	0.00595	0.00595	0.00595	0.00529	0.00330	0.00793	0.00793	0.01057	0.01718	0.03568	0.01982	0.80840	0.02775	0.00529	0.00529	0.00793	0.00330	0.00330
34	0.01736	0.01234	0.01326	0.01138	0.03056	0.05455	0.00887	0.21360	0.29036	0.17834	0.04586	0.01958	0.04904	0.00794	0.02006	0.00186	0.00522	0.00589	0.00550	0.00843
35	0.01390	0.01021	0.01188	0.01027	0.01289	0.01076	0.02392	0.34422	0.04686	0.04163	0.04221	0.30805	0.05098	0.01094	0.00611	0.00187	0.00466	0.02230	0.00524	0.02111
36	0.01109	0.08426	0.10345	0.00997	0.04413	0.00897	0.00851	0.05619	0.02816	0.07600	0.44081	0.03025	0.03370	0.00905	0.00586	0.00168	0.00416	0.03228	0.00506	0.00641
37	0.01683	0.01237	0.01409	0.01245	0.05812	0.01338	0.00935	0.49647	0.04095	0.04667	0.01745	0.20328	0.01596	0.00900	0.00581	0.00178	0.00527	0.00749	0.00524	0.00806

[dist]
# distance from previous block
# <min> <max>
0	27

[block]
# block no. 5 follows, 44 sequences, length 20
# corresponding to MSA columns:
# 420-439
name=unknown_F
#
# <colnr> <probs for GDERKNQSTAVLIFYWHMCP>
#	G	D	E	R	K	N	Q	S	T	A	V	L	I	F	Y	W	H	M	C	P
0	0.01327	0.01312	0.02356	0.06006	0.62437	0.01306	0.13799	0.01675	0.01243	0.01761	0.01036	0.01373	0.00852	0.00484	0.00557	0.00166	0.00695	0.00512	0.00270	0.00833
1	0.01480	0.78091	0.02805	0.00951	0.01410	0.05153	0.00938	0.01654	0.01125	0.01285	0.00761	0.00879	0.00700	0.00470	0.00355	0.00118	0.00599	0.00294	0.00235	0.00697
2	0.00974	0.00840	0.08328	0.00771	0.00905	0.00691	0.00595	0.05727	0.01015	0.04405	0.03490	0.03277	0.01903	0.58241	0.02157	0.00432	0.00550	0.04881	0.00364	0.00453
3	0.01860	0.01444	0.01695	0.01619	0.15445	0.01581	0.01132	0.53910	0.10709	0.03004	0.01361	0.01399	0.00999	0.00633	0.00545	0.00166	0.00589	0.00504	0.00496	0.00908
4	0.02037	0.02598	0.01545	0.01404	0.01685	0.78652	0.01053	0.02177	0.01545	0.01334	0.00843	0.00983	0.00702	0.00562	0.00492	0.00140	0.00983	0.00351	0.00281	0.00632
5	0.01349	0.01295	0.02213	0.03346	0.77440	0.01295	0.01673	0.01673	0.01241	0.01781	0.01025	0.01349	0.00864	0.00486	0.00540	0.00162	0.00648	0.00486	0.00270	0.00864
6	0.00879	0.00628	0.00879	0.01004	0.01130	0.00628	0.00879	0.01130	0.01255	0.01632	0.02887	0.06150	0.03138	0.01506	0.00753	0.00251	0.00502	0.73770	0.00502	0.00502
7	0.00793	0.00529	0.00595	0.00595	0.00595	0.00529	0.00330	0.00793	0.00793	0.01057	0.01718	0.03568	0.01982	0.80840	0.02775	0.00529	0.00529	0.00793	0.00330	0.00330
8	0.00778	0.00596	0.00687	0.00661	0.00813	0.00561	0.00502	0.00953	0.01287	0.03466	0.23557	0.08218	0.43395	0.01239	0.00701	0.00182	0.05319	0.01032	0.05557	0.00496
9	0.00699	0.00502	0.00671	0.00794	0.00846	0.00474	0.00565	0.00822	0.01085	0.01434	0.03062	0.65812	0.05768	0.01664	0.00704	0.00225	0.00346	0.13568	0.00505	0.00453
10	0.00759	0.00514	0.00605	0.00638	0.00646	0.00506	0.00376	0.00784	0.00858	0.01144	0.02054	0.23661	0.02406	0.60168	0.02232	0.00448	0.00473	0.00991	0.00376	0.00360
11	0.00893	0.00731	0.01027	0.00974	0.01058	0.00898	0.00763	0.01140	0.05431	0.01320	0.01384	0.02064	0.01306	0.09141	0.53586	0.00687	0.16197	0.00582	0.00301	0.00518
12	0.00783	0.00526	0.00605	0.00614	0.00619	0.00527	0.00353	0.00796	0.00813	0.01087	0.01801	0.08954	0.02079	0.73040	0.04820	0.00517	0.00540	0.00840	0.00342	0.00343
13	0.01303	0.01268	0.02185	0.12244	0.50859	0.01302	0.11675	0.01768	0.08564	0.01778	0.01146	0.01445	0.00920	0.00514	0.00556	0.00170	0.00673	0.00520	0.00295	0.00815
14	0.01349	0.01295	0.02213	0.03346	0.77440	0.01295	0.01673	0.01673	0.01241	0.01781	0.01025	0.01349	0.00864	0.00486	0.00540	0.00162	0.00648	0.00486	0.00270	0.00864
15	0.01347	0.01385	0.07057	0.05895	0.61248	0.01284	0.08140	0.01700	0.01243	0.03916	0.01059	0.01366	0.00858	0.00493	0.00548	0.00165	0.00679	0.00496	0.00278	0.00841
16	0.06294	0.11258	0.52203	0.01517	0.07919	0.01323	0.01669	0.01754	0.01165	0.06548	0.01018	0.01163	0.00744	0.00516	0.00489	0.00163	0.00713	0.00397	0.00271	0.02874
17	0.03523	0.01545	0.11153	0.05482	0.45818	0.07457	0.08522	0.01721	0.01255	0.03775	0.01103	0.01492	0.00912	0.00539	0.00546	0.00168	0.00706	0.03201	0.00287	0.00798
18	0.03248	0.03480	0.01867	0.01672	0.13829	0.03138	0.19463	0.18284	0.01526	0.02114	0.03727	0.09784	0.03119	0.00711	0.00565	0.00169	0.00612	0.02207	0.05639	0.04845
19	0.01641	0.01543	0.01525	0.04499	0.15941	0.21774	0.01066	0.17298	0.07536	0.06086	0.06282	0.01727	0.05794	0.00664	0.00537	0.00158	0.00645	0.00529	0.00411	0.04345

[dist]
# distance from previous block
# <min> <max>
0	6

[block]
# block no. 6 follows, 44 sequences, length 17
# corresponding to MSA columns:
# 450-466
name=unknown_G
#
# <colnr> <probs for GDERKNQSTAVLIFYWHMCP>
#	G	D	E	R	K	N	Q	S	T	A	V	L	I	F	Y	W	H	M	C	P
0	0.04881	0.04642	0.03871	0.07774	0.11135	0.02353	0.04576	0.04959	0.05904	0.07499	0.12746	0.21786	0.03742	0.00946	0.00584	0.00182	0.00489	0.00837	0.00441	0.00654
1	0.01632	0.01195	0.03659	0.05138	0.46907	0.01135	0.01370	0.01973	0.04084	0.23586	0.01481	0.01599	0.02590	0.00570	0.00545	0.00166	0.00586	0.00520	0.00399	0.00863
2	0.03173	0.09783	0.24341	0.05716	0.05439	0.07482	0.01266	0.05828	0.01361	0.22031	0.01428	0.01467	0.03514	0.00590	0.00507	0.00159	0.00641	0.00459	0.00388	0.04427
3	0.00709	0.00571	0.00642	0.00672	0.00839	0.00505	0.00535	0.00880	0.01259	0.01543	0.07942	0.05424	0.55461	0.01401	0.00672	0.00200	0.00332	0.19431	0.00509	0.00473
4	0.01297	0.13323	0.41018	0.04476	0.12799	0.07760	0.06932	0.01751	0.01206	0.03160	0.00975	0.01174	0.00741	0.00510	0.00506	0.00162	0.00765	0.00418	0.00253	0.00775
5	0.00871	0.00493	0.00670	0.00670	0.00717	0.00470	0.00459	0.00728	0.00844	0.01079	0.02099	0.02561	0.20154	0.01765	0.01756	0.62996	0.00424	0.00644	0.00305	0.00293
