[name]
unknown

[dist]
# distance from previous block
# <min> <max>
0	12

[block]
# block no. 0 follows, 48 sequences, length 59
# corresponding to MSA columns:
# 12-70
name=unknown_A
#
# <colnr> <probs for GDERKNQSTAVLIFYWHMCP>
#	G	D	E	R	K	N	Q	S	T	A	V	L	I	F	Y	W	H	M	C	P
0	0.00866	0.00682	0.01083	0.01071	0.01238	0.00669	0.09978	0.01127	0.01203	0.01585	0.07734	0.05122	0.02821	0.01273	0.00689	0.00223	0.00504	0.61180	0.00453	0.00500
1	0.02021	0.06553	0.01511	0.01060	0.01468	0.00929	0.09943	0.05048	0.01435	0.57660	0.04030	0.01667	0.01249	0.00603	0.00514	0.00155	0.00494	0.00516	0.00548	0.02596
2	0.01449	0.13839	0.04643	0.01209	0.06749	0.05340	0.00948	0.13136	0.40029	0.04939	0.01561	0.01514	0.01181	0.00609	0.00485	0.00157	0.00506	0.00484	0.00435	0.00786
3	0.01173	0.11090	0.61777	0.01383	0.02048	0.10774	0.01679	0.01667	0.01124	0.01536	0.00883	0.01037	0.00652	0.00487	0.00468	0.00153	0.00756	0.00362	0.00223	0.00728
4	0.00636	0.00467	0.00600	0.00703	0.00759	0.00431	0.00488	0.00741	0.01023	0.01336	0.03157	0.65558	0.14046	0.01551	0.00652	0.00205	0.00304	0.06444	0.00476	0.00423
5	0.01177	0.31412	0.49561	0.01248	0.01877	0.03586	0.01504	0.01604	0.01078	0.01464	0.00842	0.00985	0.00653	0.00471	0.00430	0.00143	0.00687	0.00340	0.00219	0.00718
6	0.01107	0.20718	0.61926	0.01330	0.02016	0.01382	0.01665	0.01605	0.01074	0.01530	0.00874	0.01024	0.00652	0.00476	0.00452	0.00151	0.00711	0.00355	0.00217	0.00736
7	0.00640	0.00458	0.00609	0.00704	0.00748	0.00427	0.00477	0.00752	0.01052	0.01421	0.14032	0.70113	0.03608	0.01525	0.00648	0.00201	0.00289	0.01380	0.00489	0.00427
8	0.00773	0.00529	0.00646	0.00639	0.00775	0.00471	0.00470	0.00941	0.01255	0.06977	0.32143	0.21690	0.28333	0.01229	0.00611	0.00176	0.00274	0.01070	0.00521	0.00479
9	0.39486	0.10969	0.14976	0.00948	0.01343	0.01218	0.04301	0.05562	0.02389	0.03969	0.00993	0.01336	0.00834	0.06138	0.00555	0.00181	0.00520	0.03351	0.00314	0.00619
10	0.00732	0.00491	0.00564	0.00578	0.00582	0.00488	0.00331	0.00742	0.00775	0.01033	0.01763	0.12797	0.02050	0.72276	0.02376	0.00463	0.00473	0.00832	0.00331	0.00324
11	0.00625	0.00447	0.00595	0.00714	0.00744	0.00417	0.00476	0.00714	0.00982	0.01310	0.02828	0.81633	0.03394	0.01608	0.00655	0.00208	0.00298	0.01459	0.00476	0.00417
12	0.11978	0.01315	0.01438	0.01227	0.06798	0.01443	0.00941	0.55768	0.03892	0.07062	0.01221	0.01241	0.00875	0.00591	0.00487	0.00155	0.00532	0.00445	0.01767	0.00823
13	0.01822	0.06179	0.01545	0.01145	0.01492	0.05210	0.00950	0.49371	0.03150	0.10734	0.01218	0.01258	0.00887	0.00638	0.00639	0.00159	0.10262	0.00451	0.02088	0.00801
14	0.01143	0.00969	0.01124	0.03864	0.01342	0.00831	0.00687	0.06321	0.10408	0.01816	0.01074	0.01189	0.00862	0.00438	0.00411	0.00096	0.00407	0.00353	0.00341	0.66325
15	0.01849	0.01421	0.01635	0.01478	0.12574	0.04477	0.02856	0.58714	0.02133	0.05921	0.01204	0.01250	0.00870	0.00586	0.00513	0.00154	0.00587	0.00462	0.00466	0.00849
16	0.01039	0.00885	0.01037	0.00757	0.01189	0.00669	0.00600	0.01259	0.01059	0.01651	0.01023	0.05721	0.00912	0.00451	0.00396	0.00084	0.00375	0.00371	0.00314	0.80209
17	0.01262	0.01314	0.01951	0.01483	0.01893	0.12699	0.33601	0.02724	0.02171	0.02905	0.01204	0.01776	0.01038	0.00562	0.00535	0.00149	0.00685	0.09493	0.00311	0.22243
18	0.00695	0.00508	0.00652	0.00648	0.00755	0.00466	0.00474	0.00896	0.01331	0.01845	0.56492	0.19753	0.11202	0.01185	0.00615	0.00172	0.00255	0.01050	0.00539	0.00466
19	0.01154	0.01099	0.01826	0.32160	0.37541	0.01200	0.05574	0.01607	0.09664	0.01589	0.01074	0.01385	0.00846	0.00504	0.00517	0.00163	0.00629	0.00479	0.00274	0.00714
20	0.08952	0.01372	0.01853	0.04434	0.55180	0.12139	0.02312	0.04716	0.01229	0.01729	0.00929	0.01185	0.00768	0.00476	0.00486	0.00151	0.00637	0.00426	0.00271	0.00755
21	0.01871	0.00777	0.01044	0.00857	0.01170	0.00684	0.00684	0.02073	0.02843	0.58431	0.04881	0.16246	0.04401	0.00847	0.00547	0.00169	0.00399	0.00719	0.00597	0.00762
22	0.02302	0.00873	0.01191	0.00913	0.01310	0.00754	0.00754	0.02501	0.01469	0.79122	0.02024	0.01746	0.01270	0.00635	0.00516	0.00159	0.00437	0.00516	0.00635	0.00873
23	0.00831	0.00547	0.00713	0.00661	0.00802	0.00500	0.00499	0.01061	0.01430	0.07494	0.68174	0.05599	0.07634	0.01043	0.00600	0.00163	0.00258	0.00918	0.00564	0.00508
24	0.03302	0.58884	0.12059	0.01216	0.10749	0.01772	0.01072	0.01534	0.01057	0.01344	0.00815	0.02664	0.00733	0.00473	0.00377	0.00125	0.00573	0.00335	0.00231	0.00682
25	0.00609	0.00511	0.00529	0.00543	0.00699	0.00431	0.00400	0.00734	0.01147	0.01377	0.04912	0.14187	0.69494	0.01337	0.00612	0.00178	0.00264	0.01128	0.00476	0.00431
26	0.00724	0.00521	0.00664	0.00630	0.00739	0.00484	0.00459	0.00932	0.01356	0.01903	0.66306	0.03820	0.07418	0.10817	0.00847	0.00202	0.00274	0.00912	0.00531	0.00461
27	0.01080	0.01095	0.04867	0.58567	0.03179	0.01205	0.13132	0.06665	0.01150	0.01508	0.00951	0.01346	0.00710	0.00513	0.00545	0.00171	0.01970	0.00476	0.00252	0.00617
28	0.58186	0.27442	0.01384	0.00741	0.01098	0.01437	0.00661	0.01517	0.00928	0.01946	0.00714	0.00830	0.00589	0.00464	0.00321	0.00143	0.00446	0.00277	0.00286	0.00589
29	0.00633	0.00465	0.00607	0.00701	0.00754	0.00440	0.00481	0.00736	0.00990	0.01308	0.02979	0.65015	0.12263	0.01778	0.07986	0.00261	0.00393	0.01329	0.00458	0.00423
30	0.01323	0.01125	0.01186	0.01054	0.01352	0.01298	0.00823	0.07846	0.72645	0.02221	0.02029	0.01867	0.01519	0.00691	0.00521	0.00173	0.00417	0.00572	0.00521	0.00816
31	0.85592	0.00992	0.00754	0.00675	0.00992	0.01151	0.00556	0.01508	0.00873	0.02302	0.00714	0.00834	0.00556	0.00476	0.00318	0.00159	0.00397	0.00278	0.00318	0.00556
32	0.06820	0.07126	0.01534	0.01114	0.01509	0.01563	0.00926	0.59284	0.10239	0.02919	0.01255	0.01252	0.00912	0.00604	0.00489	0.00153	0.00537	0.00450	0.00482	0.00832
33	0.03456	0.31040	0.41400	0.01167	0.01748	0.01451	0.01366	0.03165	0.01123	0.04670	0.04356	0.01136	0.00867	0.00503	0.00433	0.00143	0.00633	0.00371	0.00259	0.00712
34	0.03309	0.54593	0.25259	0.01058	0.01584	0.03900	0.01174	0.01576	0.01062	0.01358	0.00777	0.00903	0.00654	0.00457	0.00379	0.00127	0.00617	0.00307	0.00222	0.00684
35	0.73225	0.01024	0.02964	0.00725	0.01064	0.01104	0.00616	0.01631	0.00951	0.11548	0.00878	0.00950	0.00644	0.00496	0.00346	0.00159	0.00412	0.00309	0.00353	0.00600
36	0.00642	0.00475	0.00602	0.00689	0.00757	0.00436	0.00483	0.00758	0.01062	0.01390	0.08470	0.57280	0.17328	0.01500	0.00646	0.00200	0.00298	0.06075	0.00482	0.00428
37	0.02717	0.01192	0.10789	0.21710	0.05562	0.01072	0.20349	0.03210	0.01137	0.04621	0.02797	0.05086	0.10306	0.00684	0.00637	0.01592	0.05004	0.00608	0.00306	0.00622
38	0.01642	0.01148	0.01366	0.06621	0.04626	0.01241	0.00924	0.41526	0.05512	0.11839	0.04232	0.01524	0.01133	0.01006	0.10090	0.00235	0.00631	0.00496	0.00464	0.03743
39	0.00625	0.00447	0.00595	0.00714	0.00744	0.00417	0.00476	0.00714	0.00982	0.01310	0.02828	0.81633	0.03394	0.01608	0.00655	0.00208	0.00298	0.01459	0.00476	0.00417
40	0.10572	0.01172	0.01295	0.01022	0.01400	0.01246	0.00838	0.38217	0.09811	0.25106	0.01508	0.01426	0.01037	0.00615	0.00492	0.00157	0.00487	0.00471	0.02302	0.00826
41	0.01613	0.01398	0.03593	0.03251	0.19117	0.12427	0.10253	0.15289	0.05614	0.14470	0.02882	0.01385	0.00986	0.00572	0.00579	0.00159	0.04787	0.00482	0.00383	0.00762
42	0.00944	0.00873	0.01490	0.16448	0.07748	0.01001	0.12684	0.01193	0.00943	0.01324	0.01116	0.01641	0.00984	0.03159	0.35224	0.00466	0.11431	0.00523	0.00256	0.00554
43	0.01877	0.01120	0.01488	0.01136	0.01526	0.01119	0.09991	0.31465	0.01762	0.31737	0.01590	0.04678	0.01133	0.00636	0.00521	0.00157	0.00522	0.00538	0.04704	0.02300
44	0.01475	0.25198	0.09894	0.01451	0.12746	0.15900	0.01147	0.12655	0.02264	0.01638	0.00874	0.01043	0.00725	0.00547	0.00588	0.00147	0.10354	0.00374	0.00280	0.00701
45	0.01180	0.00997	0.01074	0.11315	0.01435	0.12023	0.03586	0.03066	0.08917	0.10858	0.16020	0.02815	0.22914	0.00857	0.00552	0.00163	0.00471	0.00718	0.00445	0.00592
46	0.01084	0.00568	0.00769	0.00740	0.00876	0.00518	0.00541	0.01199	0.01175	0.20107	0.20747	0.33951	0.02933	0.01260	0.00772	0.10419	0.00335	0.00982	0.00505	0.00519
47	0.00644	0.00465	0.00598	0.00682	0.00731	0.00432	0.00460	0.00749	0.01036	0.01384	0.12039	0.61388	0.08825	0.07053	0.00780	0.00220	0.00302	0.01319	0.00476	0.00419
48	0.03250	0.00960	0.01106	0.00804	0.01249	0.00781	0.00648	0.08223	0.01202	0.05805	0.00993	0.01109	0.00791	0.00417	0.00398	0.00089	0.00400	0.00329	0.00340	0.71107
49	0.01851	0.01185	0.01379	0.02522	0.03331	0.01199	0.00876	0.41383	0.01878	0.22409	0.01367	0.01338	0.00950	0.00574	0.00490	0.00142	0.00502	0.00448	0.00496	0.15678
50	0.00639	0.00457	0.00608	0.00705	0.00747	0.00426	0.00477	0.00750	0.01048	0.01415	0.13459	0.70702	0.03597	0.01529	0.00648	0.00202	0.00290	0.01384	0.00489	0.00426
51	0.01521	0.01039	0.01188	0.02889	0.01315	0.01104	0.00789	0.41680	0.01853	0.09884	0.11686	0.16632	0.01914	0.01953	0.00578	0.00170	0.00457	0.00717	0.01915	0.00716
52	0.02530	0.03007	0.01621	0.55145	0.04789	0.04162	0.05281	0.10503	0.01218	0.01594	0.00952	0.01309	0.00721	0.00523	0.00524	0.00164	0.02010	0.00450	0.01351	0.02148
53	0.00782	0.00694	0.00696	0.00773	0.00843	0.10006	0.00533	0.00882	0.01062	0.01324	0.04337	0.64982	0.08272	0.01444	0.00627	0.00196	0.00370	0.01286	0.00453	0.00441
54	0.00626	0.00451	0.00594	0.00705	0.00743	0.00419	0.00473	0.00720	0.00999	0.01328	0.04429	0.77001	0.06445	0.01584	0.00652	0.00206	0.00295	0.01433	0.00478	0.00419
55	0.19621	0.01048	0.01197	0.08531	0.01468	0.03005	0.00845	0.13746	0.06780	0.20287	0.06584	0.01497	0.01179	0.00686	0.01552	0.00176	0.10198	0.00472	0.00434	0.00696
56	0.07100	0.13891	0.33548	0.01225	0.01765	0.01369	0.04194	0.20567	0.01416	0.05575	0.01081	0.04115	0.00837	0.00558	0.00471	0.00154	0.00626	0.00433	0.00329	0.00748
57	0.01481	0.02855	0.01482	0.02871	0.21221	0.08231	0.02328	0.06074	0.13421	0.15093	0.04983	0.01502	0.01176	0.00556	0.00489	0.00143	0.00523	0.00471	0.00399	0.14701
58	0.07266	0.01437	0.16524	0.02299	0.45281	0.01143	0.04256	0.01615	0.01143	0.06323	0.01001	0.01220	0.00786	0.00468	0.00485	0.00150	0.00604	0.00427	0.00278	0.07294

[dist]
# distance from previous block
# <min> <max>
0	3

[block]
# block no. 1 follows, 48 sequences, length 40
# corresponding to MSA columns:
# 74-113
name=unknown_B
#
# <colnr> <probs for GDERKNQSTAVLIFYWHMCP>
#	G	D	E	R	K	N	Q	S	T	A	V	L	I	F	Y	W	H	M	C	P
0	0.12924	0.09708	0.45283	0.01154	0.01705	0.01140	0.01346	0.01553	0.01099	0.06633	0.07272	0.05739	0.01165	0.00598	0.00469	0.00159	0.00600	0.00467	0.00300	0.00687
1	0.00927	0.00613	0.00791	0.05781	0.01021	0.00584	0.00576	0.01204	0.05064	0.10761	0.45966	0.07457	0.15223	0.01017	0.00588	0.00167	0.00306	0.00884	0.00531	0.00539
2	0.13706	0.01284	0.01373	0.01066	0.01462	0.01394	0.00881	0.54398	0.02044	0.15411	0.01288	0.01260	0.00893	0.00600	0.00486	0.00155	0.00520	0.00445	0.00506	0.00828
3	0.09803	0.02038	0.50944	0.01387	0.04943	0.01106	0.06479	0.01630	0.01132	0.07812	0.07044	0.01351	0.01031	0.00537	0.00490	0.00162	0.00657	0.00440	0.00291	0.00723
4	0.01395	0.00910	0.01126	0.05245	0.01365	0.00769	0.00705	0.06383	0.01242	0.20725	0.01311	0.05713	0.01034	0.00533	0.00444	0.00114	0.00418	0.00438	0.00404	0.49726
5	0.02145	0.00878	0.01172	0.00927	0.01301	0.00788	0.00766	0.03782	0.05689	0.68540	0.02057	0.02004	0.01386	0.00688	0.00529	0.00164	0.00440	0.05283	0.00616	0.00844
6	0.02227	0.00907	0.01203	0.00928	0.01318	0.00814	0.00764	0.07225	0.03180	0.71134	0.03454	0.01758	0.01320	0.00643	0.00518	0.00159	0.00440	0.00522	0.00624	0.00864
7	0.01109	0.13330	0.44199	0.06603	0.04812	0.01310	0.16314	0.01578	0.01111	0.01563	0.02842	0.01198	0.00788	0.00485	0.00494	0.00157	0.00727	0.00430	0.00236	0.00714
8	0.02162	0.00982	0.01244	0.00966	0.01357	0.00931	0.00794	0.14426	0.07863	0.60709	0.01903	0.01678	0.01231	0.00637	0.00516	0.00159	0.00455	0.00513	0.00606	0.00868
9	0.00625	0.00447	0.00595	0.00714	0.00744	0.00417	0.00476	0.00714	0.00982	0.01310	0.02828	0.81633	0.03394	0.01608	0.00655	0.00208	0.00298	0.01459	0.00476	0.00417
10	0.00704	0.00524	0.00654	0.00622	0.00753	0.00474	0.00466	0.00924	0.01399	0.01930	0.64613	0.04042	0.18803	0.01096	0.00605	0.00164	0.00245	0.00957	0.00548	0.00474
11	0.01917	0.02445	0.01454	0.01322	0.01586	0.79907	0.00991	0.02049	0.01454	0.01256	0.00793	0.00925	0.00661	0.00529	0.00463	0.00132	0.00925	0.00330	0.00264	0.00595
12	0.00625	0.00447	0.00595	0.00714	0.00744	0.00417	0.00476	0.00714	0.00982	0.01310	0.02828	0.81633	0.03394	0.01608	0.00655	0.00208	0.00298	0.01459	0.00476	0.00417
13	0.01951	0.01437	0.01540	0.01181	0.01591	0.01591	0.00975	0.77056	0.02412	0.03234	0.01232	0.01232	0.00873	0.00616	0.00513	0.00154	0.00565	0.00462	0.00513	0.00873
14	0.01211	0.01384	0.03028	0.02163	0.02682	0.01298	0.76903	0.01644	0.01211	0.01644	0.01038	0.01384	0.00779	0.00433	0.00606	0.00173	0.00865	0.00606	0.00260	0.00692
15	0.01581	0.29467	0.01962	0.03412	0.13697	0.35424	0.01044	0.03636	0.01276	0.01359	0.00891	0.01040	0.02168	0.00503	0.00429	0.00130	0.00719	0.00352	0.00257	0.00654
16	0.07522	0.01201	0.01362	0.01047	0.01436	0.04874	0.05635	0.32382	0.01685	0.11401	0.04229	0.01376	0.01037	0.02172	0.00517	0.00144	0.00515	0.00448	0.01600	0.19418
17	0.03518	0.18084	0.26104	0.01238	0.05286	0.09195	0.02318	0.03877	0.02959	0.16300	0.01215	0.05624	0.00957	0.00578	0.00468	0.00150	0.00618	0.00450	0.00336	0.00726
18	0.00714	0.00527	0.00689	0.00738	0.00819	0.00500	0.01657	0.04391	0.01140	0.01526	0.14027	0.58159	0.08941	0.01435	0.00638	0.00196	0.00311	0.02650	0.00488	0.00455
19	0.07415	0.00940	0.01175	0.00917	0.01287	0.00889	0.00753	0.14157	0.01579	0.55490	0.08438	0.01787	0.01471	0.00658	0.00511	0.00158	0.00438	0.00528	0.00589	0.00819
20	0.14392	0.10249	0.18433	0.03609	0.09504	0.01166	0.01104	0.06017	0.03018	0.25836	0.01258	0.01278	0.00880	0.00536	0.00458	0.00154	0.00544	0.00414	0.00390	0.00760
21	0.01206	0.01208	0.06886	0.13381	0.43616	0.01175	0.02904	0.01641	0.09009	0.03790	0.01201	0.01635	0.01004	0.00574	0.00570	0.00167	0.03755	0.05237	0.00299	0.00743
22	0.00806	0.00575	0.00772	0.00866	0.00963	0.00572	0.00701	0.03923	0.01148	0.01508	0.02640	0.28604	0.02954	0.05261	0.00775	0.00237	0.00424	0.46340	0.00468	0.00464
23	0.00731	0.00525	0.00651	0.00631	0.00762	0.00472	0.00469	0.00929	0.01334	0.03980	0.50704	0.12676	0.21919	0.01158	0.00608	0.00169	0.00258	0.01012	0.00536	0.00476
24	0.01471	0.11112	0.24071	0.05639	0.03843	0.06523	0.10414	0.11896	0.02775	0.13735	0.02931	0.01300	0.00913	0.00535	0.00495	0.00154	0.00656	0.00446	0.00345	0.00747
25	0.00883	0.00681	0.00819	0.00926	0.04594	0.04939	0.00674	0.01072	0.02664	0.05134	0.05751	0.34059	0.10573	0.01318	0.00638	0.00202	0.00403	0.23710	0.00465	0.00496
26	0.74847	0.01002	0.00857	0.03306	0.01108	0.01191	0.00637	0.01476	0.00870	0.02169	0.00717	0.00878	0.00571	0.00518	0.00454	0.00165	0.08073	0.00300	0.00306	0.00557
27	0.01317	0.00688	0.00907	0.00857	0.01063	0.00646	0.00692	0.03327	0.03408	0.27860	0.04402	0.16116	0.05905	0.05581	0.00723	0.00211	0.00418	0.24747	0.00524	0.00608
28	0.00712	0.00543	0.00656	0.00624	0.00765	0.00497	0.00469	0.00964	0.03949	0.01875	0.55683	0.04073	0.25084	0.01106	0.00603	0.00165	0.00253	0.00959	0.00539	0.00481
29	0.04472	0.07066	0.10926	0.05312	0.30360	0.09325	0.02248	0.01699	0.01201	0.11924	0.02953	0.01280	0.00907	0.00501	0.00476	0.00144	0.00603	0.00424	0.00312	0.07868
30	0.01331	0.02747	0.04022	0.04244	0.07828	0.01000	0.00862	0.06725	0.25703	0.15628	0.11286	0.04302	0.07688	0.00779	0.00540	0.00168	0.00434	0.03503	0.00488	0.00721
31	0.02004	0.00931	0.01182	0.00931	0.01292	0.00881	0.00760	0.12460	0.07812	0.54390	0.10040	0.01912	0.01620	0.00681	0.00526	0.00160	0.00431	0.00558	0.00602	0.00827
32	0.00799	0.00579	0.00790	0.00895	0.01015	0.00570	0.00771	0.01022	0.01179	0.01525	0.04308	0.07802	0.09817	0.01405	0.00696	0.00228	0.00444	0.65210	0.00475	0.00468
33	0.01285	0.54586	0.26499	0.01076	0.01608	0.04599	0.01199	0.01583	0.01070	0.01339	0.00781	0.00908	0.00656	0.00457	0.00383	0.00127	0.00628	0.00309	0.00220	0.00687
34	0.00810	0.00657	0.00879	0.00851	0.00994	0.01757	0.05434	0.01143	0.09935	0.01671	0.23817	0.27974	0.09274	0.01207	0.00624	0.00189	0.00361	0.11425	0.00489	0.00510
35	0.00636	0.00477	0.00592	0.00670	0.00747	0.00433	0.00470	0.00753	0.01071	0.01390	0.08453	0.53074	0.23021	0.01482	0.00641	0.00197	0.00292	0.04688	0.00482	0.00428
36	0.13657	0.00658	0.00841	0.00795	0.00951	0.00730	0.00621	0.02426	0.00944	0.08773	0.04858	0.01951	0.01357	0.06865	0.51564	0.00603	0.01029	0.00532	0.00334	0.00513
37	0.01302	0.01246	0.01977	0.10581	0.64321	0.04091	0.01506	0.05739	0.01234	0.01711	0.00968	0.01265	0.00798	0.00474	0.00507	0.00154	0.00626	0.00453	0.00266	0.00784
38	0.01175	0.01135	0.01822	0.12568	0.06280	0.02871	0.23272	0.06879	0.01208	0.01696	0.03801	0.02420	0.00942	0.00515	0.00585	0.00144	0.06144	0.00483	0.00298	0.25764
39	0.34977	0.25580	0.13485	0.03023	0.01401	0.03391	0.00917	0.04972	0.01065	0.04002	0.00818	0.00934	0.00646	0.00478	0.00372	0.00142	0.00527	0.00314	0.00286	0.02668

[dist]
# distance from previous block
# <min> <max>
0	6

[block]
# block no. 2 follows, 48 sequences, length 50
# corresponding to MSA columns:
# 120-169
name=unknown_C
#
# <colnr> <probs for GDERKNQSTAVLIFYWHMCP>
#	G	D	E	R	K	N	Q	S	T	A	V	L	I	F	Y	W	H	M	C	P
0	0.01387	0.01063	0.01252	0.00989	0.01312	0.05001	0.08155	0.24854	0.02783	0.04425	0.01345	0.04080	0.01065	0.00638	0.01835	0.00146	0.00491	0.00484	0.23112	0.15584
1	0.14670	0.07048	0.17248	0.01309	0.12081	0.04139	0.01082	0.15436	0.01359	0.09340	0.02550	0.01269	0.00902	0.00539	0.00449	0.00150	0.00546	0.00413	0.08752	0.00720
2	0.00670	0.00554	0.00632	0.04676	0.00876	0.01695	0.00488	0.00822	0.01175	0.01482	0.17323	0.21516	0.43716	0.01272	0.00610	0.00178	0.00297	0.01095	0.00476	0.00448
3	0.04558	0.10920	0.01424	0.03556	0.04023	0.08251	0.00869	0.06693	0.30678	0.17050	0.01651	0.01590	0.02900	0.00632	0.00519	0.00158	0.02829	0.00490	0.00449	0.00758
4	0.02766	0.01055	0.01744	0.48355	0.17124	0.01208	0.08226	0.05776	0.04401	0.01572	0.00993	0.01352	0.00762	0.00515	0.00537	0.00168	0.02054	0.00472	0.00266	0.00653
5	0.02886	0.00557	0.00684	0.00741	0.00812	0.00551	0.00510	0.07731	0.01098	0.01496	0.03789	0.64102	0.02982	0.08506	0.00804	0.00227	0.00341	0.01267	0.00463	0.00454
6	0.00694	0.00497	0.00655	0.00758	0.00811	0.00477	0.00536	0.03279	0.01054	0.01401	0.02762	0.69662	0.03256	0.01551	0.00657	0.00210	0.00328	0.10497	0.00477	0.00439
7	0.00743	0.00531	0.00675	0.00635	0.00768	0.00483	0.00478	0.00970	0.01418	0.03534	0.67841	0.03928	0.13928	0.01072	0.00604	0.00163	0.00248	0.00939	0.00555	0.00486
8	0.00827	0.00591	0.00827	0.00945	0.01063	0.00591	0.00827	0.01063	0.01181	0.01536	0.02717	0.05788	0.02953	0.01417	0.00709	0.00236	0.00472	0.75313	0.00472	0.00472
9	0.00625	0.00447	0.00595	0.00714	0.00744	0.00417	0.00476	0.00714	0.00982	0.01310	0.02828	0.81633	0.03394	0.01608	0.00655	0.00208	0.00298	0.01459	0.00476	0.00417
10	0.00631	0.00449	0.00594	0.00707	0.00735	0.00421	0.00468	0.00716	0.00970	0.01294	0.02766	0.77652	0.03316	0.05694	0.00754	0.00223	0.00308	0.01422	0.00468	0.00411
11	0.00836	0.00561	0.00722	0.00666	0.00812	0.00519	0.00505	0.01100	0.03352	0.07031	0.67889	0.03705	0.08276	0.01026	0.00597	0.00162	0.00260	0.00900	0.00564	0.00515
12	0.01917	0.02445	0.01454	0.01322	0.01586	0.79907	0.00991	0.02049	0.01454	0.01256	0.00793	0.00925	0.00661	0.00529	0.00463	0.00132	0.00925	0.00330	0.00264	0.00595
13	0.00626	0.00452	0.00593	0.00703	0.00742	0.00419	0.00472	0.00721	0.01002	0.01330	0.04568	0.75858	0.07458	0.01579	0.00651	0.00205	0.00294	0.01427	0.00478	0.00419
14	0.01330	0.01129	0.01190	0.01055	0.01355	0.01301	0.00825	0.08597	0.71882	0.02232	0.02021	0.01860	0.01512	0.00690	0.00521	0.00172	0.00419	0.00571	0.00521	0.00817
15	0.01241	0.01392	0.02688	0.04652	0.02489	0.05524	0.61076	0.01708	0.06495	0.01625	0.01074	0.01382	0.00818	0.00483	0.00645	0.00174	0.05000	0.00576	0.00275	0.00684
16	0.00713	0.00515	0.00652	0.00707	0.00778	0.00491	0.00489	0.04514	0.01133	0.01523	0.16018	0.56010	0.07478	0.05531	0.00736	0.00210	0.00309	0.01261	0.00485	0.00446
17	0.01341	0.55989	0.22848	0.01035	0.01555	0.01726	0.01139	0.01622	0.01081	0.06331	0.00853	0.00951	0.00696	0.00464	0.00383	0.00127	0.00597	0.00318	0.00245	0.00699
18	0.01652	0.12417	0.03219	0.01067	0.05473	0.01168	0.00848	0.21856	0.04079	0.23165	0.06824	0.01633	0.01297	0.04807	0.02268	0.00177	0.00507	0.00490	0.00459	0.06596
19	0.85592	0.00992	0.00754	0.00675	0.00992	0.01151	0.00556	0.01508	0.00873	0.02302	0.00714	0.00834	0.00556	0.00476	0.00318	0.00159	0.00397	0.00278	0.00318	0.00556
20	0.01006	0.00630	0.00737	0.00661	0.00871	0.00566	0.00512	0.03384	0.03792	0.15697	0.24673	0.03852	0.39508	0.01071	0.00584	0.00167	0.00300	0.00904	0.00532	0.00552
21	0.01772	0.11973	0.03036	0.06619	0.05309	0.05198	0.00930	0.19908	0.02977	0.28901	0.02890	0.01632	0.03645	0.00627	0.00496	0.00153	0.00530	0.02167	0.00465	0.00773
22	0.01875	0.01156	0.01372	0.08141	0.01623	0.01224	0.00916	0.43142	0.01913	0.25223	0.01547	0.06955	0.01147	0.00681	0.00524	0.00161	0.00519	0.00546	0.00521	0.00814
23	0.00631	0.00450	0.00598	0.00709	0.00741	0.00421	0.00473	0.00725	0.00995	0.01331	0.05604	0.77133	0.03416	0.03250	0.00694	0.00213	0.00300	0.01424	0.00476	0.00417
24	0.00651	0.00451	0.00590	0.00696	0.00735	0.00423	0.00468	0.00755	0.01002	0.01373	0.04931	0.73876	0.03292	0.01522	0.00633	0.00201	0.00292	0.01376	0.06312	0.00423
25	0.01198	0.01472	0.08303	0.02114	0.02650	0.01290	0.71716	0.01642	0.01202	0.01642	0.01030	0.01363	0.00770	0.00436	0.00597	0.00172	0.00858	0.00590	0.00257	0.00697
26	0.01069	0.01129	0.13312	0.00922	0.01239	0.00931	0.00837	0.11616	0.20392	0.03204	0.17745	0.04308	0.19426	0.00876	0.00554	0.00167	0.00415	0.00732	0.00472	0.00654
27	0.56840	0.06958	0.14449	0.02282	0.01298	0.01187	0.00841	0.01608	0.00973	0.08356	0.00860	0.00960	0.00640	0.00489	0.00367	0.00156	0.00478	0.00318	0.00318	0.00624
28	0.03281	0.75715	0.05424	0.00905	0.01349	0.03737	0.00911	0.01551	0.01050	0.01248	0.00723	0.00835	0.00656	0.00444	0.00338	0.00113	0.00561	0.00280	0.00223	0.00658
29	0.01108	0.21020	0.61636	0.01328	0.02012	0.01385	0.01661	0.01605	0.01074	0.01529	0.00873	0.01023	0.00652	0.00476	0.00451	0.00150	0.00710	0.00355	0.00217	0.00735
30	0.01290	0.01269	0.02039	0.02980	0.71269	0.05206	0.03116	0.01587	0.01184	0.01651	0.01002	0.01369	0.00858	0.00485	0.00513	0.00154	0.00628	0.02349	0.00260	0.00791
31	0.00747	0.00538	0.00717	0.00781	0.00880	0.00517	0.00622	0.00939	0.01192	0.01594	0.22612	0.19289	0.07546	0.05446	0.00763	0.00221	0.00369	0.34282	0.00489	0.00455
32	0.01247	0.01427	0.14275	0.08728	0.10072	0.01265	0.29132	0.01600	0.01109	0.08421	0.01017	0.01304	0.00777	0.00561	0.00775	0.00178	0.16637	0.00503	0.00276	0.00694
33	0.82766	0.01007	0.00781	0.00692	0.01013	0.01166	0.00570	0.04060	0.00925	0.02334	0.00732	0.00847	0.00566	0.00481	0.00324	0.00159	0.00403	0.00284	0.00324	0.00566
34	0.00625	0.00447	0.00595	0.00714	0.00744	0.00417	0.00476	0.00714	0.00982	0.01310	0.02828	0.81633	0.03394	0.01608	0.00655	0.00208	0.00298	0.01459	0.00476	0.00417
35	0.01013	0.00989	0.01036	0.00981	0.01091	0.16090	0.00762	0.01172	0.00939	0.01204	0.01178	0.01728	0.01100	0.05103	0.52132	0.00603	0.11617	0.00500	0.00267	0.00494
36	0.00706	0.00526	0.00654	0.00638	0.00765	0.00480	0.00482	0.00913	0.01343	0.01831	0.53703	0.05665	0.20585	0.03481	0.00672	0.00180	0.00270	0.06111	0.00530	0.00466
37	0.01354	0.00847	0.01061	0.00988	0.01226	0.00863	0.00840	0.20178	0.01545	0.15184	0.04733	0.03904	0.02212	0.01073	0.00624	0.00200	0.00482	0.41532	0.00513	0.00640
38	0.01239	0.01187	0.02026	0.11247	0.70914	0.01211	0.01559	0.01547	0.01153	0.01638	0.00960	0.01280	0.00799	0.00463	0.00508	0.00154	0.00617	0.00457	0.00251	0.00787
39	0.00625	0.00448	0.00594	0.00710	0.00743	0.00417	0.00474	0.00715	0.00987	0.01312	0.02881	0.79932	0.05060	0.01601	0.00654	0.00208	0.00297	0.01450	0.00476	0.00417
40	0.00726	0.00524	0.00686	0.00646	0.00767	0.00484	0.00484	0.00968	0.01452	0.02058	0.78496	0.03833	0.04841	0.01049	0.00605	0.00161	0.00242	0.00928	0.00565	0.00484
41	0.00969	0.00912	0.01539	0.80734	0.03534	0.01140	0.01425	0.01311	0.01026	0.01311	0.00912	0.01368	0.00684	0.00513	0.00513	0.00171	0.00684	0.00456	0.00228	0.00570
42	0.01674	0.01225	0.01328	0.01059	0.01382	0.01343	0.00845	0.60264	0.02069	0.02772	0.01435	0.09378	0.01241	0.10631	0.00783	0.00201	0.00530	0.00594	0.00485	0.00759
43	0.00746	0.00497	0.00560	0.00560	0.00560	0.00497	0.00311	0.00746	0.00746	0.00995	0.01617	0.03358	0.01865	0.81967	0.02612	0.00497	0.00497	0.00746	0.00311	0.00311
44	0.01090	0.00618	0.00633	0.00584	0.00746	0.00643	0.00450	0.10567	0.03944	0.02083	0.01634	0.01829	0.01270	0.00603	0.00383	0.00126	0.00285	0.00480	0.71493	0.00538
45	0.03543	0.00987	0.01497	0.60185	0.03001	0.01190	0.02876	0.08866	0.08437	0.01614	0.01081	0.02630	0.00826	0.00555	0.00512	0.00170	0.00636	0.00482	0.00291	0.00622
46	0.01695	0.01270	0.01361	0.01080	0.01431	0.01401	0.00870	0.55093	0.14283	0.02797	0.01403	0.01538	0.01077	0.07853	0.00695	0.00185	0.00523	0.00502	0.02004	0.02938
47	0.01744	0.01302	0.01382	0.01073	0.01460	0.03989	0.00870	0.51520	0.06357	0.06846	0.01277	0.01355	0.00952	0.04104	0.00583	0.00158	0.00530	0.00456	0.00472	0.13572
48	0.06955	0.13161	0.09660	0.01116	0.01507	0.07711	0.01005	0.37456	0.03155	0.02334	0.01064	0.01159	0.00811	0.00646	0.02218	0.00164	0.04970	0.00408	0.03755	0.00745
49	0.04354	0.18559	0.47405	0.03235	0.01898	0.01367	0.01471	0.07841	0.02570	0.03008	0.03173	0.01146	0.00815	0.00511	0.00456	0.00151	0.00658	0.00384	0.00268	0.00730

[dist]
# distance from previous block
# <min> <max>
1	11

[block]
# block no. 3 follows, 48 sequences, length 32
# corresponding to MSA columns:
# 181-212
name=unknown_D
#
# <colnr> <probs for GDERKNQSTAVLIFYWHMCP>
#	G	D	E	R	K	N	Q	S	T	A	V	L	I	F	Y	W	H	M	C	P
0	0.09606	0.36897	0.25182	0.01156	0.03286	0.05067	0.05098	0.01561	0.01088	0.01517	0.04643	0.01094	0.00862	0.00491	0.00413	0.00138	0.00616	0.00362	0.00250	0.00672
1	0.01372	0.82276	0.02689	0.00878	0.01317	0.02030	0.00878	0.01536	0.01043	0.01207	0.00713	0.00823	0.00658	0.00439	0.00329	0.00110	0.00549	0.00274	0.00219	0.00658
2	0.01305	0.01083	0.06485	0.00990	0.02521	0.00888	0.05010	0.05959	0.12155	0.13399	0.01584	0.01601	0.06610	0.00555	0.00466	0.00126	0.00450	0.00465	0.00400	0.37948
3	0.00744	0.00506	0.00602	0.00602	0.00616	0.00520	0.00364	0.00773	0.00759	0.01026	0.01578	0.03144	0.01773	0.69520	0.14932	0.00550	0.00637	0.00715	0.00305	0.00334
4	0.04915	0.08739	0.69795	0.01381	0.02095	0.01255	0.01756	0.01613	0.01071	0.01624	0.00895	0.01052	0.00646	0.00483	0.00467	0.00158	0.00726	0.00366	0.00221	0.00741
5	0.01095	0.01082	0.01518	0.01310	0.01316	0.01505	0.01088	0.01212	0.00789	0.01232	0.00724	0.01186	0.00717	0.01108	0.07261	0.00267	0.75351	0.00456	0.00228	0.00554
6	0.00761	0.00533	0.00692	0.00647	0.00777	0.00489	0.00487	0.00997	0.01442	0.03941	0.73749	0.03824	0.07621	0.01048	0.00603	0.00162	0.00248	0.00924	0.00563	0.00492
7	0.45573	0.00935	0.00964	0.00789	0.01145	0.00960	0.00651	0.01985	0.01159	0.39213	0.01344	0.01272	0.00899	0.00553	0.00413	0.00159	0.00416	0.00392	0.00470	0.00708
8	0.01861	0.01409	0.01452	0.01136	0.01522	0.06737	0.00925	0.61312	0.02172	0.06436	0.01291	0.04700	0.00980	0.00642	0.00509	0.00151	0.00562	0.00490	0.00490	0.05223
9	0.00641	0.00523	0.00567	0.00562	0.00721	0.00450	0.00425	0.00799	0.01235	0.01544	0.21864	0.04712	0.59374	0.01246	0.00609	0.00173	0.00262	0.03351	0.00497	0.00446
10	0.00625	0.00447	0.00595	0.00714	0.00744	0.00417	0.00476	0.00714	0.00982	0.01310	0.02828	0.81633	0.03394	0.01608	0.00655	0.00208	0.00298	0.01459	0.00476	0.00417
11	0.00721	0.00524	0.00679	0.00640	0.00763	0.00482	0.00480	0.00958	0.01440	0.02029	0.75329	0.03881	0.08026	0.01060	0.00605	0.00162	0.00243	0.00935	0.00561	0.00482
12	0.01917	0.02445	0.01454	0.01322	0.01586	0.79907	0.00991	0.02049	0.01454	0.01256	0.00793	0.00925	0.00661	0.00529	0.00463	0.00132	0.00925	0.00330	0.00264	0.00595
13	0.00617	0.00520	0.00535	0.00531	0.00700	0.00438	0.00399	0.00758	0.01196	0.01448	0.11934	0.04836	0.71784	0.01276	0.00606	0.00172	0.00258	0.01069	0.00485	0.00438
14	0.01781	0.01353	0.01444	0.01146	0.01527	0.01512	0.00934	0.58344	0.21401	0.02960	0.01448	0.01404	0.01047	0.00636	0.00516	0.00159	0.00525	0.00492	0.00516	0.00857
15	0.01211	0.01168	0.02018	0.17713	0.61589	0.01207	0.04535	0.01528	0.01143	0.01606	0.00958	0.01293	0.00787	0.00467	0.00513	0.00157	0.00634	0.00463	0.00249	0.00762
16	0.01085	0.00997	0.01346	0.01544	0.21355	0.05906	0.05557	0.03368	0.13622	0.01766	0.17979	0.16130	0.02267	0.00858	0.00592	0.00171	0.02418	0.01985	0.00413	0.00642
17	0.01134	0.07724	0.56259	0.05213	0.04379	0.01239	0.10138	0.01644	0.01112	0.05074	0.00970	0.01148	0.00699	0.00485	0.00493	0.00160	0.00734	0.00409	0.00242	0.00742
18	0.05444	0.10359	0.08616	0.01075	0.04697	0.01042	0.03219	0.07443	0.03160	0.33690	0.02835	0.06498	0.01272	0.06135	0.00658	0.00181	0.01944	0.00542	0.00455	0.00736
19	0.85592	0.00992	0.00754	0.00675	0.00992	0.01151	0.00556	0.01508	0.00873	0.02302	0.00714	0.00834	0.00556	0.00476	0.00318	0.00159	0.00397	0.00278	0.00318	0.00556
20	0.00969	0.00912	0.01539	0.80734	0.03534	0.01140	0.01425	0.01311	0.01026	0.01311	0.00912	0.01368	0.00684	0.00513	0.00513	0.00171	0.00684	0.00456	0.00228	0.00570
21	0.01272	0.01260	0.05371	0.12602	0.60323	0.01236	0.01526	0.07117	0.01239	0.01744	0.00976	0.01271	0.00794	0.00477	0.00508	0.00155	0.00622	0.00454	0.00268	0.00785
22	0.00668	0.00500	0.00634	0.00704	0.00795	0.00466	0.00522	0.00809	0.01096	0.01426	0.09802	0.39780	0.21881	0.01548	0.04073	0.00227	0.00360	0.13796	0.00475	0.00438
23	0.00645	0.00466	0.00612	0.00707	0.00759	0.00433	0.00489	0.00760	0.01054	0.01408	0.11456	0.65389	0.07453	0.01520	0.00649	0.00203	0.00298	0.04786	0.00486	0.00428
24	0.00710	0.00509	0.00667	0.00764	0.00822	0.00491	0.00542	0.04195	0.01072	0.01425	0.02742	0.68558	0.03225	0.01539	0.00655	0.00209	0.00331	0.10621	0.00477	0.00444
25	0.01256	0.53487	0.26845	0.01121	0.01664	0.01733	0.04679	0.01569	0.01063	0.01359	0.00794	0.00931	0.00661	0.00454	0.00392	0.00129	0.00629	0.00323	0.00220	0.00691
26	0.01118	0.00976	0.01276	0.00954	0.01380	0.00822	0.08397	0.04907	0.06421	0.01765	0.01142	0.01481	0.00970	0.00488	0.00441	0.00107	0.00446	0.05420	0.00335	0.61154
27	0.01348	0.01289	0.03732	0.05097	0.64364	0.02554	0.01496	0.10600	0.01316	0.01844	0.00992	0.01258	0.00810	0.00480	0.00508	0.00153	0.00615	0.00454	0.00284	0.00808
28	0.00989	0.00933	0.01576	0.75501	0.08608	0.01145	0.01435	0.01329	0.01036	0.01336	0.00916	0.01361	0.00693	0.00509	0.00513	0.00170	0.00679	0.00456	0.00230	0.00586
29	0.72129	0.00963	0.00779	0.02234	0.01032	0.01107	0.00573	0.04933	0.00966	0.02289	0.00833	0.00964	0.00644	0.00495	0.00334	0.00155	0.00395	0.00309	0.08302	0.00563
30	0.00648	0.00479	0.00613	0.00700	0.00767	0.00435	0.00480	0.00751	0.01012	0.01340	0.03004	0.67648	0.11716	0.01512	0.00638	0.00199	0.00301	0.02978	0.00468	0.04310
31	0.00631	0.00449	0.00594	0.00706	0.00735	0.00421	0.00468	0.00716	0.00970	0.01293	0.02765	0.77554	0.03314	0.05795	0.00757	0.00223	0.00308	0.01422	0.00468	0.00411

[dist]
# distance from previous block
# <min> <max>
3	5

[block]
# block no. 4 follows, 48 sequences, length 54
# corresponding to MSA columns:
# 218-271
name=unknown_E
#
# <colnr> <probs for GDERKNQSTAVLIFYWHMCP>
#	G	D	E	R	K	N	Q	S	T	A	V	L	I	F	Y	W	H	M	C	P
0	0.02409	0.00897	0.01418	0.50739	0.02687	0.01001	0.05063	0.01299	0.01064	0.01473	0.04830	0.01572	0.00994	0.00546	0.00513	0.00154	0.01801	0.02628	0.03345	0.15566
1	0.01176	0.01324	0.02860	0.05994	0.02649	0.01256	0.70211	0.01591	0.01193	0.01614	0.01101	0.04489	0.00875	0.00482	0.00603	0.00174	0.00834	0.00631	0.00266	0.00675
2	0.00867	0.00637	0.00677	0.00647	0.00710	0.03147	0.00419	0.05989	0.00945	0.01254	0.01885	0.04383	0.08692	0.56148	0.05603	0.00420	0.01909	0.00728	0.04550	0.00390
3	0.04618	0.74932	0.02556	0.00894	0.01306	0.01973	0.00878	0.01520	0.01023	0.01251	0.00711	0.00839	0.00655	0.00464	0.00399	0.00118	0.04707	0.00284	0.00224	0.00649
4	0.01934	0.01409	0.01515	0.01168	0.01573	0.01556	0.00963	0.72105	0.05305	0.05303	0.01287	0.01273	0.00911	0.00620	0.00514	0.00155	0.00555	0.00468	0.00517	0.00870
5	0.01425	0.01231	0.01383	0.08625	0.13258	0.08784	0.00996	0.11083	0.33476	0.06976	0.01677	0.01680	0.04146	0.00631	0.00512	0.00161	0.00527	0.00522	0.00430	0.02477
6	0.03397	0.01744	0.01499	0.01216	0.01579	0.26011	0.00973	0.52344	0.02087	0.02601	0.01086	0.01129	0.00801	0.00586	0.00494	0.00147	0.00674	0.00418	0.00432	0.00780
7	0.01010	0.00908	0.01442	0.01137	0.01459	0.00819	0.20160	0.05520	0.02350	0.01681	0.06132	0.20244	0.02903	0.00855	0.01862	0.00164	0.00507	0.04292	0.00373	0.26180
8	0.00638	0.00461	0.00604	0.00695	0.00745	0.00427	0.00473	0.00750	0.01056	0.01416	0.13312	0.67116	0.07375	0.01516	0.00646	0.00200	0.00288	0.01367	0.00488	0.00427
9	0.00969	0.00912	0.01539	0.80734	0.03534	0.01140	0.01425	0.01311	0.01026	0.01311	0.00912	0.01368	0.00684	0.00513	0.00513	0.00171	0.00684	0.00456	0.00228	0.00570
10	0.01214	0.01162	0.01982	0.17553	0.64800	0.01204	0.01547	0.01526	0.01142	0.01608	0.00955	0.01288	0.00789	0.00468	0.00509	0.00156	0.00623	0.00457	0.00249	0.00768
11	0.01243	0.01230	0.02074	0.13712	0.59072	0.03646	0.08394	0.01559	0.01161	0.01610	0.00959	0.01283	0.00787	0.00465	0.00516	0.00156	0.00653	0.00467	0.00251	0.00762
12	0.85592	0.00992	0.00754	0.00675	0.00992	0.01151	0.00556	0.01508	0.00873	0.02302	0.00714	0.00834	0.00556	0.00476	0.00318	0.00159	0.00397	0.00278	0.00318	0.00556
13	0.00726	0.00524	0.00686	0.00646	0.00767	0.00484	0.00484	0.00968	0.01452	0.02058	0.78496	0.03833	0.04841	0.01049	0.00605	0.00161	0.00242	0.00928	0.00565	0.00484
14	0.01796	0.01010	0.01186	0.00946	0.01278	0.01020	0.00764	0.32000	0.01758	0.30794	0.04687	0.07080	0.05254	0.03250	0.00589	0.00170	0.00455	0.00605	0.04588	0.00771
15	0.82531	0.01009	0.00783	0.00693	0.01014	0.01167	0.00571	0.04273	0.00930	0.02336	0.00733	0.00848	0.00567	0.00481	0.00325	0.00159	0.00403	0.00285	0.00325	0.00567
16	0.01265	0.01090	0.01152	0.01042	0.01328	0.01259	0.00813	0.02686	0.75954	0.02131	0.02104	0.02010	0.01600	0.00714	0.00527	0.00176	0.00408	0.02418	0.00521	0.00804
17	0.00621	0.00515	0.00543	0.00547	0.00705	0.00438	0.00406	0.00760	0.01187	0.01454	0.13022	0.10154	0.65293	0.01294	0.00610	0.00174	0.00261	0.01092	0.00486	0.00438
18	0.00969	0.00912	0.01539	0.80734	0.03534	0.01140	0.01425	0.01311	0.01026	0.01311	0.00912	0.01368	0.00684	0.00513	0.00513	0.00171	0.00684	0.00456	0.00228	0.00570
19	0.01917	0.02445	0.01454	0.01322	0.01586	0.79907	0.00991	0.02049	0.01454	0.01256	0.00793	0.00925	0.00661	0.00529	0.00463	0.00132	0.00925	0.00330	0.00264	0.00595
20	0.00956	0.00478	0.00478	0.00478	0.00598	0.00478	0.00359	0.01196	0.01076	0.01913	0.01674	0.01913	0.01315	0.00598	0.00359	0.00120	0.00239	0.00478	0.84816	0.00478
21	0.00994	0.00514	0.00518	0.00505	0.00635	0.00520	0.00382	0.04047	0.01126	0.01963	0.01657	0.01887	0.01299	0.00598	0.00364	0.00121	0.00251	0.00478	0.81647	0.00493
22	0.00746	0.00497	0.00560	0.00560	0.00560	0.00497	0.00311	0.00746	0.00746	0.00995	0.01617	0.03358	0.01865	0.81967	0.02612	0.00497	0.00497	0.00746	0.00311	0.00311
23	0.01043	0.05896	0.76190	0.01439	0.02184	0.01226	0.01854	0.01621	0.01082	0.01608	0.00912	0.01073	0.00650	0.00486	0.00481	0.00160	0.00750	0.00375	0.00217	0.00754
24	0.02227	0.00857	0.01167	0.00900	0.01284	0.00741	0.00741	0.02427	0.01468	0.75445	0.05673	0.01846	0.01441	0.00655	0.00520	0.00159	0.00427	0.00536	0.00632	0.00855
25	0.01131	0.21144	0.51165	0.01427	0.08159	0.01365	0.01567	0.01584	0.01080	0.01533	0.00875	0.01036	0.00671	0.00468	0.00447	0.00145	0.00678	0.00357	0.00225	0.04944
26	0.01674	0.04357	0.05406	0.03787	0.05072	0.36787	0.01039	0.16620	0.15469	0.01839	0.01127	0.01202	0.00874	0.00574	0.00504	0.00148	0.02047	0.00414	0.00353	0.00707
27	0.01149	0.01376	0.08818	0.01894	0.02354	0.01225	0.57905	0.01549	0.01147	0.01604	0.01081	0.02807	0.00854	0.00634	0.03884	0.00200	0.05979	0.00584	0.04293	0.00664
28	0.00624	0.00460	0.00585	0.00681	0.00736	0.00421	0.00462	0.00723	0.01023	0.01338	0.04759	0.67416	0.15804	0.01545	0.00646	0.00202	0.00290	0.01386	0.00478	0.00421
29	0.05263	0.01367	0.05818	0.01752	0.02235	0.04225	0.50901	0.01611	0.01172	0.03898	0.01007	0.01281	0.00766	0.00451	0.00574	0.00156	0.02983	0.00516	0.00277	0.13747
30	0.01875	0.05888	0.01527	0.01280	0.01568	0.61969	0.00987	0.13698	0.01566	0.01561	0.00855	0.00974	0.00694	0.00549	0.00498	0.00137	0.03081	0.00352	0.00300	0.00640
31	0.00626	0.00454	0.00589	0.00696	0.00736	0.00420	0.00466	0.00717	0.00993	0.01310	0.02995	0.73831	0.09451	0.03214	0.00691	0.00211	0.00299	0.01414	0.00473	0.00416
32	0.00625	0.00447	0.00595	0.00714	0.00744	0.00417	0.00476	0.00714	0.00982	0.01310	0.02828	0.81633	0.03394	0.01608	0.00655	0.00208	0.00298	0.01459	0.00476	0.00417
33	0.00964	0.00699	0.00839	0.00839	0.00967	0.00717	0.00612	0.19871	0.01347	0.01799	0.02424	0.59112	0.02748	0.01353	0.00621	0.00196	0.00370	0.03503	0.00485	0.00533
34	0.00816	0.00594	0.02022	0.00658	0.00827	0.00509	0.00506	0.01010	0.03422	0.08577	0.15006	0.19833	0.39629	0.01236	0.00606	0.00179	0.00300	0.03275	0.00501	0.00495
35	0.02031	0.01308	0.01460	0.01119	0.01527	0.01400	0.00925	0.59986	0.02196	0.20609	0.01413	0.01350	0.00964	0.00620	0.00514	0.00155	0.00535	0.00474	0.00541	0.00873
36	0.01076	0.02593	0.75395	0.01448	0.02189	0.01212	0.01849	0.05421	0.01150	0.01706	0.00936	0.01091	0.00661	0.00494	0.00489	0.00162	0.00749	0.00383	0.00232	0.00764
37	0.00738	0.00503	0.00604	0.00610	0.00626	0.00516	0.00372	0.00772	0.00770	0.01042	0.01638	0.07046	0.01849	0.65500	0.14848	0.00535	0.00627	0.00750	0.00313	0.00340
38	0.00624	0.00449	0.00593	0.00707	0.00742	0.00417	0.00473	0.00715	0.00989	0.01313	0.02915	0.78826	0.06144	0.01596	0.00653	0.00207	0.00296	0.01445	0.00476	0.00417
39	0.00891	0.00446	0.00668	0.00668	0.00668	0.00446	0.00446	0.00668	0.00668	0.00891	0.00891	0.01560	0.00891	0.01783	0.02005	0.85071	0.00446	0.00446	0.00223	0.00223
40	0.01064	0.00912	0.01064	0.00760	0.01216	0.00684	0.00608	0.01292	0.01064	0.01672	0.00912	0.01064	0.00760	0.00380	0.00380	0.00076	0.00380	0.00304	0.00304	0.85104
41	0.02116	0.00847	0.01130	0.00884	0.01249	0.00750	0.00724	0.02372	0.04698	0.68321	0.05658	0.01861	0.01455	0.00656	0.00513	0.00158	0.00416	0.00536	0.04823	0.00832
42	0.00625	0.00447	0.00595	0.00714	0.00744	0.00417	0.00476	0.00714	0.00982	0.01310	0.02828	0.81633	0.03394	0.01608	0.00655	0.00208	0.00298	0.01459	0.00476	0.00417
43	0.00627	0.00452	0.00594	0.00703	0.00742	0.00420	0.00472	0.00723	0.01005	0.01335	0.05140	0.75554	0.07183	0.01576	0.00651	0.00205	0.00294	0.01425	0.00479	0.00420
44	0.00624	0.00450	0.00592	0.00705	0.00742	0.00418	0.00472	0.00716	0.00991	0.01313	0.02941	0.77973	0.06980	0.01593	0.00653	0.00207	0.00296	0.01441	0.00476	0.00418
45	0.01064	0.00912	0.01064	0.00760	0.01216	0.00684	0.00608	0.01292	0.01064	0.01672	0.00912	0.01064	0.00760	0.00380	0.00380	0.00076	0.00380	0.00304	0.00304	0.85104
46	0.00792	0.00535	0.00698	0.00661	0.00789	0.00490	0.00494	0.01014	0.01402	0.05811	0.65531	0.10846	0.06808	0.01087	0.00605	0.00166	0.00257	0.00961	0.00558	0.00496
47	0.02302	0.00873	0.01191	0.00913	0.01310	0.00754	0.00754	0.02501	0.01469	0.79122	0.02024	0.01746	0.01270	0.00635	0.00516	0.00159	0.00437	0.00516	0.00635	0.00873
48	0.83815	0.01002	0.00771	0.00686	0.01005	0.01160	0.00565	0.03113	0.00906	0.02322	0.00725	0.00842	0.00562	0.00479	0.00322	0.00159	0.00400	0.00282	0.00322	0.00562
49	0.01659	0.01801	0.01657	0.01882	0.26716	0.37185	0.01172	0.12514	0.05800	0.01722	0.00982	0.01141	0.00792	0.00535	0.00512	0.00146	0.02350	0.00407	0.00310	0.00717
50	0.01241	0.01184	0.02016	0.06986	0.72566	0.01196	0.01544	0.01546	0.01162	0.01654	0.01017	0.01415	0.00873	0.00490	0.00514	0.00156	0.00609	0.02783	0.00259	0.00790
51	0.00887	0.00608	0.00707	0.00653	0.00837	0.00555	0.00499	0.03450	0.04663	0.09337	0.30934	0.06204	0.36521	0.01106	0.00592	0.00168	0.00288	0.00941	0.00527	0.00524
52	0.00733	0.00550	0.00825	0.00825	0.00916	0.00641	0.00641	0.00916	0.00825	0.01191	0.01374	0.02016	0.01283	0.03848	0.79934	0.00825	0.01374	0.00550	0.00275	0.00458
53	0.03200	0.01451	0.01526	0.01290	0.06522	0.06716	0.00991	0.62008	0.03454	0.04462	0.01275	0.01292	0.02183	0.00611	0.00508	0.00153	0.00578	0.00464	0.00479	0.00837

[dist]
# distance from previous block
# <min> <max>
0	2

[block]
# block no. 5 follows, 48 sequences, length 16
# corresponding to MSA columns:
# 274-289
name=unknown_F
#
# <colnr> <probs for GDERKNQSTAVLIFYWHMCP>
#	G	D	E	R	K	N	Q	S	T	A	V	L	I	F	Y	W	H	M	C	P
0	0.01350	0.77145	0.07627	0.00916	0.01375	0.01976	0.00944	0.01542	0.01045	0.01234	0.00727	0.00840	0.00658	0.00442	0.00339	0.00113	0.00562	0.00281	0.00219	0.00665
