[name]
unknown

[dist]
# distance from previous block
# <min> <max>
31	111

[block]
# block no. 0 follows, 39 sequences, length 34
# corresponding to MSA columns:
# 113-146
name=unknown_A
#
# <colnr> <probs for GDERKNQSTAVLIFYWHMCP>
#	G	D	E	R	K	N	Q	S	T	A	V	L	I	F	Y	W	H	M	C	P
0	0.04089	0.07968	0.18143	0.08618	0.01976	0.01329	0.03613	0.12723	0.08398	0.13295	0.01620	0.06600	0.01265	0.00722	0.00562	0.00182	0.00629	0.00590	0.06849	0.00829
1	0.08806	0.20668	0.08745	0.06009	0.03435	0.08403	0.01098	0.17676	0.04517	0.02181	0.01252	0.03315	0.01041	0.04048	0.00609	0.00182	0.00653	0.00487	0.06101	0.00773
2	0.24498	0.17902	0.13175	0.03523	0.03121	0.09128	0.03096	0.03640	0.02672	0.05456	0.01196	0.02894	0.02702	0.00611	0.00476	0.00167	0.00649	0.00441	0.00347	0.04307
3	0.21812	0.06411	0.03706	0.00953	0.01313	0.01093	0.00802	0.02089	0.09227	0.24639	0.08733	0.05417	0.01789	0.03360	0.00618	0.00196	0.00478	0.02569	0.02506	0.02288
4	0.24107	0.03449	0.18111	0.01156	0.03950	0.04035	0.01083	0.03342	0.04514	0.10200	0.09433	0.02189	0.09210	0.00776	0.00542	0.00186	0.00564	0.01972	0.00439	0.00743
5	0.05653	0.07878	0.01386	0.05464	0.03536	0.05987	0.00891	0.09873	0.11472	0.11853	0.08932	0.04259	0.12865	0.02726	0.00657	0.00196	0.00532	0.04577	0.00516	0.00748
6	0.08147	0.26894	0.01894	0.05036	0.06160	0.10110	0.00956	0.03614	0.01385	0.13120	0.06578	0.01741	0.02814	0.04247	0.00609	0.00177	0.00608	0.00505	0.04662	0.00743
7	0.05425	0.07424	0.01788	0.02976	0.07272	0.02993	0.06177	0.18011	0.03560	0.05399	0.01322	0.03864	0.01099	0.01059	0.07418	0.00253	0.14386	0.00554	0.04681	0.04340
8	0.06550	0.07016	0.14286	0.04546	0.04944	0.03180	0.13235	0.10092	0.03237	0.07606	0.05439	0.09180	0.01488	0.00910	0.03902	0.00219	0.00721	0.00661	0.00409	0.02380
9	0.17544	0.16333	0.34414	0.04708	0.05369	0.01478	0.01497	0.01793	0.01223	0.03987	0.03332	0.01459	0.00995	0.00609	0.00506	0.00178	0.00696	0.02787	0.00311	0.00783
10	0.00849	0.00580	0.00701	0.00709	0.00730	0.00596	0.00436	0.00892	0.00893	0.01209	0.01902	0.08304	0.02144	0.61392	0.15681	0.00618	0.00734	0.00872	0.00363	0.00395
11	0.06241	0.01132	0.09839	0.05775	0.04007	0.00970	0.06899	0.05391	0.01408	0.03825	0.21681	0.20272	0.02854	0.01143	0.02220	0.00218	0.04057	0.00937	0.00474	0.00658
12	0.01422	0.01335	0.03707	0.26835	0.25224	0.04572	0.03827	0.03638	0.07427	0.05255	0.01250	0.01541	0.00966	0.00578	0.00573	0.00175	0.00700	0.00519	0.00342	0.10114
13	0.01027	0.00514	0.00770	0.00770	0.00770	0.00514	0.00514	0.00770	0.00770	0.01027	0.01027	0.01798	0.01027	0.02054	0.02311	0.82794	0.00514	0.00514	0.00257	0.00257
14	0.09183	0.01486	0.07007	0.13272	0.03840	0.05218	0.10250	0.08973	0.01300	0.01929	0.01019	0.01374	0.00831	0.00730	0.01011	0.00206	0.26099	0.00509	0.03011	0.02753
15	0.02143	0.02649	0.01687	0.06300	0.01969	0.68321	0.01173	0.05899	0.01701	0.01566	0.00948	0.01116	0.00776	0.00613	0.00540	0.00156	0.01028	0.00398	0.00317	0.00700
16	0.83394	0.01144	0.00869	0.00778	0.01144	0.01327	0.00640	0.01738	0.01006	0.02653	0.00823	0.00961	0.00640	0.00549	0.00366	0.00183	0.00457	0.00320	0.00366	0.00640
17	0.83394	0.01144	0.00869	0.00778	0.01144	0.01327	0.00640	0.01738	0.01006	0.02653	0.00823	0.00961	0.00640	0.00549	0.00366	0.00183	0.00457	0.00320	0.00366	0.00640
18	0.83394	0.01144	0.00869	0.00778	0.01144	0.01327	0.00640	0.01738	0.01006	0.02653	0.00823	0.00961	0.00640	0.00549	0.00366	0.00183	0.00457	0.00320	0.00366	0.00640
19	0.01106	0.00853	0.00993	0.00961	0.01148	0.00912	0.00735	0.03144	0.24572	0.03419	0.12582	0.14527	0.08750	0.08058	0.02664	0.00262	0.02207	0.09868	0.02578	0.00662
20	0.00850	0.00574	0.00684	0.00700	0.00747	0.00565	0.00450	0.00942	0.01065	0.01473	0.12271	0.14000	0.05133	0.45139	0.05464	0.00445	0.00519	0.02700	0.05847	0.00432
21	0.01294	0.01294	0.01811	0.01553	0.01553	0.01811	0.01294	0.01423	0.00906	0.01423	0.00776	0.01294	0.00776	0.01035	0.01941	0.00259	0.78134	0.00518	0.00259	0.00647
22	0.01490	0.01541	0.07072	0.22226	0.30534	0.07615	0.01572	0.11920	0.01519	0.02008	0.01325	0.01619	0.04103	0.00631	0.00615	0.00183	0.02326	0.00540	0.00336	0.00823
23	0.02144	0.01464	0.01712	0.01329	0.01773	0.01565	0.04685	0.51441	0.05170	0.14942	0.01707	0.06409	0.01286	0.00778	0.00608	0.00184	0.00618	0.00628	0.00597	0.00960
24	0.02582	0.01015	0.01367	0.01053	0.01501	0.00891	0.00868	0.05175	0.01728	0.71207	0.04611	0.02069	0.01579	0.00746	0.00598	0.00183	0.00501	0.00608	0.00725	0.00992
25	0.01478	0.04622	0.05360	0.07707	0.01775	0.01274	0.09113	0.20044	0.01659	0.04207	0.06048	0.03312	0.02830	0.00747	0.00664	0.00178	0.06563	0.00609	0.21064	0.00747
26	0.00747	0.00601	0.00665	0.00649	0.00828	0.00520	0.00487	0.00941	0.01460	0.01865	0.29868	0.05252	0.51244	0.01398	0.00698	0.00195	0.00292	0.01186	0.00584	0.00520
27	0.01552	0.68341	0.05724	0.01079	0.01557	0.04502	0.01068	0.01757	0.01196	0.01413	0.00851	0.01016	0.00778	0.00639	0.02434	0.00157	0.04589	0.00341	0.00256	0.00749
28	0.01506	0.01344	0.06078	0.01061	0.01594	0.01114	0.00911	0.21430	0.01657	0.02421	0.01154	0.01281	0.00904	0.00521	0.00488	0.00119	0.00524	0.00406	0.00411	0.55076
29	0.01720	0.01394	0.01477	0.01254	0.01633	0.01587	0.00996	0.25667	0.51530	0.02875	0.02091	0.01955	0.01549	0.00773	0.00598	0.00193	0.00526	0.00625	0.00598	0.00958
30	0.02202	0.00927	0.01241	0.00989	0.01371	0.00823	0.00802	0.02497	0.04466	0.56670	0.18647	0.02558	0.02398	0.00841	0.00618	0.00184	0.00452	0.00704	0.00709	0.00903
31	0.04599	0.00623	0.00774	0.04903	0.01008	0.00611	0.00570	0.01014	0.01287	0.01803	0.28196	0.24162	0.10388	0.16092	0.01129	0.00276	0.00390	0.01147	0.00525	0.00503
32	0.04585	0.00629	0.00740	0.00710	0.00878	0.00579	0.00539	0.01067	0.01538	0.02137	0.49191	0.04697	0.26310	0.01276	0.00686	0.00192	0.00300	0.02798	0.00605	0.00544
33	0.04957	0.02971	0.72699	0.01644	0.02495	0.01371	0.02114	0.01867	0.01237	0.01909	0.01050	0.01235	0.00744	0.00561	0.00553	0.00187	0.00855	0.00432	0.00255	0.00863

[dist]
# distance from previous block
# <min> <max>
0	1

[block]
# block no. 1 follows, 39 sequences, length 69
# corresponding to MSA columns:
# 148-184,219-250
name=unknown_B
#
# <colnr> <probs for GDERKNQSTAVLIFYWHMCP>
#	G	D	E	R	K	N	Q	S	T	A	V	L	I	F	Y	W	H	M	C	P
0	0.03078	0.00792	0.00924	0.00831	0.01044	0.00785	0.00634	0.01508	0.09740	0.11761	0.18682	0.03865	0.26373	0.10004	0.00998	0.00238	0.05066	0.00930	0.00554	0.02194
1	0.83394	0.01144	0.00869	0.00778	0.01144	0.01327	0.00640	0.01738	0.01006	0.02653	0.00823	0.00961	0.00640	0.00549	0.00366	0.00183	0.00457	0.00320	0.00366	0.00640
2	0.02637	0.01033	0.01389	0.01065	0.01523	0.00909	0.00880	0.05813	0.01738	0.72942	0.02295	0.01988	0.01445	0.00731	0.00595	0.00183	0.00509	0.00592	0.00726	0.01006
3	0.00806	0.00599	0.00739	0.00711	0.00851	0.00544	0.00523	0.01037	0.01541	0.02112	0.54332	0.07040	0.19570	0.05986	0.00839	0.00214	0.00303	0.01113	0.00609	0.00531
4	0.00837	0.00604	0.00790	0.00744	0.00883	0.00558	0.00558	0.01116	0.01674	0.02371	0.75216	0.04417	0.05580	0.01209	0.00697	0.00186	0.00279	0.01069	0.00651	0.00558
5	0.01340	0.06055	0.01885	0.01519	0.01559	0.04212	0.01272	0.01474	0.00948	0.01422	0.00783	0.01266	0.00775	0.00990	0.01802	0.00247	0.71034	0.00501	0.00260	0.00655
6	0.01954	0.01670	0.10483	0.01340	0.01872	0.01521	0.03947	0.45121	0.02209	0.08700	0.01379	0.01420	0.00985	0.00642	0.00567	0.00165	0.00644	0.00503	0.00511	0.14365
7	0.12519	0.06309	0.17255	0.03920	0.29745	0.10147	0.01529	0.04656	0.01345	0.01965	0.01056	0.01317	0.00852	0.00735	0.04073	0.00210	0.00784	0.00457	0.00305	0.00822
8	0.02328	0.01145	0.01388	0.01081	0.01501	0.01121	0.00887	0.24163	0.01964	0.44375	0.02003	0.01858	0.01331	0.00720	0.00570	0.00175	0.00518	0.00570	0.11356	0.00947
9	0.01099	0.00729	0.00927	0.00850	0.01033	0.00713	0.00658	0.01413	0.05544	0.11055	0.43059	0.07510	0.13831	0.01200	0.00761	0.00198	0.05018	0.03164	0.00613	0.00626
10	0.00759	0.00559	0.00711	0.00763	0.00858	0.00511	0.00538	0.00931	0.01356	0.01829	0.29276	0.41828	0.14756	0.01573	0.00726	0.00215	0.00314	0.01401	0.00585	0.00511
11	0.69313	0.04665	0.05534	0.00861	0.01270	0.01342	0.00765	0.01827	0.01077	0.07605	0.00942	0.01050	0.00709	0.00560	0.00394	0.00181	0.00493	0.00346	0.00379	0.00685
12	0.02067	0.01255	0.07021	0.04180	0.08906	0.01030	0.01074	0.07565	0.01597	0.40929	0.01758	0.01692	0.01188	0.00636	0.00561	0.00164	0.00559	0.00522	0.00552	0.16744
13	0.01659	0.18260	0.23123	0.01422	0.01901	0.28741	0.01393	0.03741	0.01398	0.01633	0.00985	0.01182	0.00803	0.00694	0.02248	0.00182	0.06679	0.00408	0.02795	0.00752
14	0.01102	0.00700	0.00878	0.00790	0.00977	0.00666	0.00606	0.06042	0.01704	0.08347	0.57131	0.03805	0.04539	0.01086	0.00654	0.00180	0.00321	0.00944	0.08906	0.00623
15	0.01204	0.01099	0.01552	0.13862	0.01810	0.01438	0.01168	0.03700	0.01138	0.01687	0.10965	0.01864	0.01507	0.01091	0.04447	0.00257	0.44430	0.00600	0.05543	0.00637
16	0.00745	0.00597	0.00665	0.00656	0.00829	0.00518	0.00489	0.00935	0.01445	0.01846	0.28390	0.08310	0.49658	0.01419	0.00701	0.00197	0.00295	0.01208	0.00582	0.00518
17	0.68291	0.03199	0.01050	0.00861	0.01247	0.01382	0.00714	0.09457	0.01238	0.06691	0.00968	0.01066	0.00727	0.00575	0.00403	0.00181	0.00485	0.00358	0.00407	0.00702
18	0.02197	0.01557	0.01687	0.01296	0.01758	0.01694	0.01069	0.64304	0.02608	0.07961	0.01482	0.01479	0.01048	0.00702	0.00580	0.00173	0.00621	0.00531	0.03680	0.03572
19	0.78782	0.01239	0.00915	0.00820	0.01183	0.05616	0.00669	0.01774	0.01044	0.02585	0.00829	0.00967	0.00647	0.00552	0.00375	0.00181	0.00492	0.00324	0.00362	0.00643
20	0.02073	0.01189	0.01384	0.01131	0.01529	0.01235	0.00911	0.15695	0.27299	0.32727	0.02169	0.01985	0.01503	0.00750	0.00586	0.00185	0.00504	0.00607	0.05585	0.00954
21	0.00823	0.00612	0.00726	0.00692	0.00864	0.00541	0.00521	0.01048	0.01542	0.03766	0.45351	0.04880	0.33852	0.01315	0.00696	0.00192	0.00293	0.01131	0.00611	0.00545
22	0.00779	0.00600	0.00711	0.00687	0.00849	0.00532	0.00514	0.01001	0.01530	0.02039	0.45601	0.06690	0.33649	0.01341	0.00699	0.00193	0.00289	0.01156	0.00608	0.00532
23	0.83394	0.01144	0.00869	0.00778	0.01144	0.01327	0.00640	0.01738	0.01006	0.02653	0.00823	0.00961	0.00640	0.00549	0.00366	0.00183	0.00457	0.00320	0.00366	0.00640
24	0.01274	0.04717	0.01344	0.00913	0.01423	0.00916	0.00742	0.03619	0.01263	0.01943	0.01045	0.01221	0.00872	0.00464	0.00477	0.00096	0.02382	0.00358	0.00351	0.74579
25	0.08922	0.02989	0.01568	0.01221	0.01626	0.01582	0.01002	0.43712	0.09528	0.10936	0.01579	0.02932	0.01163	0.00739	0.00628	0.00183	0.04173	0.00551	0.04049	0.00918
26	0.00837	0.00604	0.00790	0.00744	0.00883	0.00558	0.00558	0.01116	0.01674	0.02371	0.75216	0.04417	0.05580	0.01209	0.00697	0.00186	0.00279	0.01069	0.00651	0.00558
27	0.01652	0.02886	0.05434	0.01579	0.12174	0.01498	0.01154	0.26929	0.25631	0.02727	0.07428	0.01934	0.01614	0.00888	0.03597	0.00215	0.00617	0.00613	0.00522	0.00908
28	0.00741	0.00599	0.00658	0.00648	0.00826	0.00516	0.00484	0.00928	0.01439	0.01826	0.26528	0.07184	0.52709	0.01421	0.00700	0.00197	0.00295	0.01206	0.00579	0.00516
29	0.77469	0.03443	0.00957	0.00797	0.01171	0.01336	0.00661	0.01789	0.01042	0.05812	0.00889	0.01006	0.00680	0.00556	0.00376	0.00181	0.00465	0.00332	0.00379	0.00660
30	0.04004	0.01605	0.09197	0.01948	0.04072	0.02746	0.36195	0.07052	0.01371	0.01974	0.01127	0.01466	0.00884	0.00624	0.00859	0.00196	0.14766	0.00582	0.03547	0.05785
31	0.02153	0.01639	0.01698	0.01326	0.01761	0.05230	0.01079	0.65550	0.02611	0.03462	0.01455	0.03167	0.01106	0.04126	0.00697	0.00195	0.00660	0.00564	0.00567	0.00952
32	0.01520	0.01259	0.01339	0.01197	0.01537	0.01446	0.00933	0.03132	0.71441	0.05521	0.02404	0.02198	0.01791	0.00799	0.00601	0.00200	0.00469	0.00666	0.00607	0.00939
33	0.01391	0.01325	0.02025	0.21621	0.43427	0.04258	0.01588	0.04596	0.05386	0.01889	0.01466	0.01770	0.05420	0.00627	0.00593	0.00183	0.00699	0.00572	0.00330	0.00834
34	0.00734	0.00610	0.00645	0.00656	0.00835	0.00531	0.00484	0.00935	0.03692	0.01659	0.09479	0.14962	0.59711	0.01505	0.00703	0.00204	0.00309	0.01275	0.00557	0.00514
35	0.74154	0.01169	0.03131	0.03775	0.01282	0.01292	0.00719	0.01691	0.01010	0.02514	0.00848	0.01030	0.00666	0.00617	0.00466	0.03824	0.00485	0.00340	0.00354	0.00631
36	0.00846	0.00628	0.00921	0.00921	0.01017	0.00723	0.00703	0.01037	0.00942	0.01351	0.01611	0.02471	0.01542	0.11564	0.69832	0.00914	0.01488	0.00655	0.00321	0.00512
37	0.02186	0.02741	0.01702	0.01587	0.04200	0.72359	0.01164	0.04296	0.01696	0.01525	0.00934	0.01089	0.00774	0.00610	0.00537	0.00154	0.01043	0.00390	0.00312	0.00702
38	0.01109	0.00695	0.00898	0.00811	0.01003	0.00652	0.00620	0.01463	0.05941	0.11887	0.61528	0.03977	0.04827	0.01124	0.00679	0.00186	0.00319	0.00985	0.00659	0.00638
39	0.01775	0.01047	0.01297	0.01119	0.04265	0.01039	0.00855	0.22067	0.01978	0.23631	0.30797	0.02773	0.02939	0.00906	0.00634	0.00182	0.00464	0.00762	0.00643	0.00826
40	0.00734	0.00531	0.00694	0.00800	0.00857	0.00491	0.00544	0.00862	0.01215	0.01625	0.12630	0.64849	0.08480	0.01749	0.00744	0.00231	0.00332	0.01577	0.00562	0.00491
41	0.06506	0.01515	0.01802	0.02923	0.01886	0.03372	0.08751	0.46682	0.04429	0.10555	0.01487	0.01524	0.01055	0.00678	0.00583	0.00180	0.00654	0.00546	0.03946	0.00928
42	0.02209	0.02819	0.01676	0.01524	0.01828	0.76843	0.01143	0.02361	0.01676	0.01447	0.00914	0.01066	0.00762	0.00609	0.00533	0.00152	0.01066	0.00381	0.00305	0.00686
43	0.01102	0.00551	0.00551	0.00551	0.00689	0.00551	0.00413	0.01378	0.01240	0.02205	0.01929	0.02205	0.01516	0.00689	0.00413	0.00138	0.00276	0.00551	0.82500	0.00551
44	0.01857	0.01400	0.01511	0.01236	0.01625	0.01551	0.01007	0.46128	0.18133	0.03131	0.01940	0.02138	0.04151	0.00902	0.02334	0.00205	0.00596	0.05087	0.04154	0.00912
45	0.00776	0.00599	0.00707	0.00686	0.00847	0.00531	0.00512	0.00995	0.01521	0.02021	0.44058	0.07225	0.34690	0.01349	0.00700	0.00193	0.00290	0.01163	0.00605	0.00531
46	0.83394	0.01144	0.00869	0.00778	0.01144	0.01327	0.00640	0.01738	0.01006	0.02653	0.00823	0.00961	0.00640	0.00549	0.00366	0.00183	0.00457	0.00320	0.00366	0.00640
47	0.01505	0.43718	0.20049	0.01228	0.01784	0.01812	0.03718	0.04626	0.01330	0.06150	0.03425	0.03256	0.01136	0.00637	0.00490	0.00159	0.00674	0.03185	0.00326	0.00791
48	0.01669	0.01186	0.01307	0.01075	0.01348	0.01287	0.00820	0.40448	0.01945	0.04792	0.01693	0.06688	0.01580	0.28225	0.01474	0.00321	0.02181	0.00714	0.00505	0.00742
49	0.01141	0.00589	0.00593	0.00579	0.00728	0.00595	0.00438	0.03831	0.01293	0.02257	0.01912	0.02178	0.01498	0.00690	0.00419	0.00139	0.00288	0.00551	0.79716	0.00567
50	0.00996	0.00748	0.00867	0.00806	0.01007	0.00734	0.00611	0.01505	0.15828	0.04922	0.38776	0.04196	0.21974	0.03495	0.00744	0.00204	0.00338	0.01011	0.00610	0.00628
51	0.00705	0.00588	0.00615	0.00631	0.00808	0.00498	0.00465	0.00852	0.01328	0.01605	0.07266	0.14969	0.64570	0.01536	0.00706	0.00205	0.00305	0.01299	0.00552	0.00498
52	0.01294	0.01294	0.01811	0.01553	0.01553	0.01811	0.01294	0.01423	0.00906	0.01423	0.00776	0.01294	0.00776	0.01035	0.01941	0.00259	0.78134	0.00518	0.00259	0.00647
53	0.02048	0.02340	0.01642	0.01432	0.01746	0.52116	0.01099	0.13939	0.01750	0.01841	0.01026	0.01239	0.00854	0.03128	0.00716	0.00173	0.06455	0.00429	0.00353	0.05672
54	0.83394	0.01144	0.00869	0.00778	0.01144	0.01327	0.00640	0.01738	0.01006	0.02653	0.00823	0.00961	0.00640	0.00549	0.00366	0.00183	0.00457	0.00320	0.00366	0.00640
55	0.01233	0.00767	0.00970	0.00854	0.01073	0.00735	0.00661	0.05984	0.05799	0.13531	0.55620	0.03747	0.04467	0.01084	0.00670	0.00186	0.00346	0.00942	0.00657	0.00674
56	0.01260	0.00703	0.00719	0.00662	0.00846	0.00727	0.00511	0.11282	0.01452	0.02414	0.01859	0.02097	0.01446	0.00692	0.00438	0.00143	0.00327	0.00549	0.71260	0.00614
57	0.00716	0.00600	0.00623	0.00617	0.00809	0.00506	0.00463	0.00881	0.01388	0.01692	0.14473	0.05535	0.66746	0.01462	0.00699	0.00198	0.00297	0.01226	0.00562	0.00506
58	0.83394	0.01144	0.00869	0.00778	0.01144	0.01327	0.00640	0.01738	0.01006	0.02653	0.00823	0.00961	0.00640	0.00549	0.00366	0.00183	0.00457	0.00320	0.00366	0.00640
59	0.01396	0.01595	0.03490	0.02493	0.03091	0.01496	0.73380	0.01894	0.01396	0.01894	0.01196	0.01595	0.00897	0.00499	0.00698	0.00199	0.00997	0.00698	0.00299	0.00798
60	0.01581	0.79572	0.03099	0.01012	0.01518	0.02340	0.01012	0.01771	0.01202	0.01391	0.00822	0.00949	0.00759	0.00506	0.00379	0.00126	0.00632	0.00316	0.00253	0.00759
61	0.83394	0.01144	0.00869	0.00778	0.01144	0.01327	0.00640	0.01738	0.01006	0.02653	0.00823	0.00961	0.00640	0.00549	0.00366	0.00183	0.00457	0.00320	0.00366	0.00640
62	0.00860	0.00573	0.00645	0.00645	0.00645	0.00573	0.00358	0.00860	0.00860	0.01147	0.01863	0.03870	0.02150	0.79217	0.03010	0.00573	0.00573	0.00860	0.00358	0.00358
63	0.83394	0.01144	0.00869	0.00778	0.01144	0.01327	0.00640	0.01738	0.01006	0.02653	0.00823	0.00961	0.00640	0.00549	0.00366	0.00183	0.00457	0.00320	0.00366	0.00640
64	0.00859	0.00576	0.00657	0.00657	0.00661	0.00580	0.00373	0.00868	0.00863	0.01155	0.01853	0.03810	0.02124	0.76333	0.05859	0.00588	0.00612	0.00851	0.00357	0.00365
65	0.00878	0.00629	0.00782	0.00797	0.00854	0.00664	0.00536	0.01064	0.05769	0.01360	0.02062	0.14397	0.02243	0.41726	0.21387	0.00589	0.00791	0.02614	0.00396	0.00462
66	0.00853	0.00755	0.05321	0.00803	0.00991	0.00607	0.00662	0.01148	0.01616	0.02270	0.63782	0.04386	0.09765	0.01203	0.00693	0.00190	0.00325	0.03438	0.00617	0.00573
67	0.05301	0.62261	0.02749	0.01087	0.01557	0.12750	0.01018	0.04675	0.01322	0.01547	0.00859	0.00984	0.00764	0.00530	0.00409	0.00135	0.00686	0.00334	0.00279	0.00753
68	0.01378	0.15123	0.55460	0.01547	0.02316	0.01537	0.03255	0.06215	0.01355	0.04979	0.01100	0.01249	0.00799	0.00568	0.00538	0.00177	0.00809	0.00435	0.00292	0.00867

[dist]
# distance from previous block
# <min> <max>
0	1

[block]
# block no. 2 follows, 39 sequences, length 109
# corresponding to MSA columns:
# 259-266,288-361,369-395
name=unknown_C
#
# <colnr> <probs for GDERKNQSTAVLIFYWHMCP>
#	G	D	E	R	K	N	Q	S	T	A	V	L	I	F	Y	W	H	M	C	P
0	0.81162	0.01141	0.00894	0.02867	0.01223	0.01326	0.00668	0.01732	0.01011	0.02622	0.00830	0.00977	0.00644	0.00550	0.00372	0.00183	0.00466	0.00326	0.00363	0.00641
1	0.01826	0.02252	0.08913	0.01665	0.03787	0.38507	0.12782	0.08880	0.03950	0.01843	0.01254	0.01434	0.03214	0.00650	0.00638	0.00174	0.04453	0.00502	0.02523	0.00754
2	0.00885	0.00645	0.00859	0.00931	0.01072	0.00620	0.00775	0.01139	0.01436	0.01902	0.22796	0.08504	0.12244	0.01512	0.00769	0.00240	0.00438	0.42119	0.00574	0.00541
3	0.01006	0.00782	0.01119	0.01344	0.15264	0.00752	0.00837	0.01314	0.03807	0.03814	0.40580	0.12866	0.07477	0.01172	0.00685	0.00197	0.00397	0.05390	0.00559	0.00640
4	0.01464	0.01405	0.02400	0.03630	0.75528	0.01405	0.01815	0.01815	0.01347	0.01932	0.01112	0.01464	0.00937	0.00527	0.00585	0.00176	0.00703	0.00527	0.00293	0.00937
5	0.01464	0.01405	0.02400	0.03630	0.75528	0.01405	0.01815	0.01815	0.01347	0.01932	0.01112	0.01464	0.00937	0.00527	0.00585	0.00176	0.00703	0.00527	0.00293	0.00937
6	0.01250	0.01036	0.01216	0.00879	0.01390	0.00782	0.00701	0.01508	0.01236	0.03841	0.01143	0.03319	0.00972	0.00483	0.00450	0.00094	0.00437	0.00392	0.00366	0.78505
7	0.01396	0.01595	0.03490	0.02493	0.03091	0.01496	0.73380	0.01894	0.01396	0.01894	0.01196	0.01595	0.00897	0.00499	0.00698	0.00199	0.00997	0.00698	0.00299	0.00798
8	0.01170	0.00889	0.02592	0.01021	0.01236	0.00885	0.00819	0.04312	0.20301	0.06930	0.06039	0.23074	0.08148	0.01331	0.00704	0.00226	0.00453	0.18617	0.00573	0.00681
9	0.00721	0.00515	0.00686	0.00823	0.00858	0.00480	0.00549	0.00823	0.01132	0.01510	0.03259	0.78831	0.03911	0.01853	0.00755	0.00240	0.00343	0.01681	0.00549	0.00480
10	0.01652	0.03766	0.01708	0.05108	0.12096	0.31855	0.01203	0.05446	0.01402	0.01615	0.01075	0.01427	0.00935	0.01373	0.14909	0.00322	0.12616	0.00481	0.00310	0.00703
11	0.01653	0.00785	0.01052	0.00883	0.01165	0.00698	0.00698	0.01910	0.01682	0.35438	0.42457	0.03337	0.03730	0.00995	0.00651	0.00185	0.00380	0.00856	0.00687	0.00760
12	0.01237	0.01218	0.02015	0.47983	0.19660	0.03823	0.08338	0.01611	0.01263	0.01643	0.01310	0.01733	0.04398	0.00612	0.00603	0.00191	0.00775	0.00572	0.00288	0.00726
13	0.00705	0.00599	0.00608	0.00606	0.00803	0.00502	0.00454	0.00861	0.01363	0.01634	0.09255	0.05631	0.72001	0.01484	0.00699	0.00199	0.00299	0.01240	0.00554	0.00502
14	0.74583	0.01349	0.08938	0.00875	0.01295	0.01332	0.00806	0.01753	0.01032	0.02570	0.00849	0.00992	0.00652	0.00550	0.00387	0.00183	0.00502	0.00333	0.00354	0.00665
15	0.02020	0.21209	0.02005	0.01373	0.01734	0.50359	0.01103	0.07923	0.01640	0.01628	0.01003	0.01245	0.00865	0.00625	0.00510	0.00152	0.00911	0.02645	0.00323	0.00725
16	0.01383	0.01452	0.01658	0.10566	0.01814	0.14910	0.01215	0.01542	0.01074	0.01415	0.00950	0.01523	0.00908	0.06780	0.05037	0.00287	0.46055	0.00525	0.00277	0.00628
17	0.00837	0.00604	0.00790	0.00744	0.00883	0.00558	0.00558	0.01116	0.01674	0.02371	0.75216	0.04417	0.05580	0.01209	0.00697	0.00186	0.00279	0.01069	0.00651	0.00558
18	0.01196	0.04962	0.74336	0.01669	0.02534	0.01397	0.02156	0.01870	0.01247	0.01861	0.01055	0.01241	0.00749	0.00560	0.00557	0.00186	0.00868	0.00434	0.00250	0.00871
19	0.00699	0.00599	0.00599	0.00599	0.00799	0.00499	0.00449	0.00849	0.01348	0.01598	0.05991	0.05691	0.75288	0.01498	0.00699	0.00200	0.00300	0.01248	0.00549	0.00499
20	0.83394	0.01144	0.00869	0.00778	0.01144	0.01327	0.00640	0.01738	0.01006	0.02653	0.00823	0.00961	0.00640	0.00549	0.00366	0.00183	0.00457	0.00320	0.00366	0.00640
21	0.02621	0.01058	0.01404	0.01077	0.01536	0.00946	0.00890	0.08519	0.01779	0.70178	0.02260	0.01966	0.01427	0.00730	0.00594	0.00183	0.00515	0.00590	0.00721	0.01006
22	0.02209	0.02819	0.01676	0.01524	0.01828	0.76843	0.01143	0.02361	0.01676	0.01447	0.00914	0.01066	0.00762	0.00609	0.00533	0.00152	0.01066	0.00381	0.00305	0.00686
23	0.01590	0.01330	0.01404	0.01228	0.01583	0.01527	0.00965	0.13960	0.63448	0.02666	0.02255	0.02086	0.01682	0.00788	0.00600	0.00197	0.00496	0.00648	0.00600	0.00947
24	0.01102	0.00551	0.00551	0.00551	0.00689	0.00551	0.00413	0.01378	0.01240	0.02205	0.01929	0.02205	0.01516	0.00689	0.00413	0.00138	0.00276	0.00551	0.82500	0.00551
25	0.00709	0.00599	0.00613	0.00609	0.00805	0.00503	0.00457	0.00868	0.01371	0.01652	0.10888	0.05601	0.70356	0.01477	0.00699	0.00199	0.00298	0.01235	0.00556	0.00503
26	0.01581	0.79572	0.03099	0.01012	0.01518	0.02340	0.01012	0.01771	0.01202	0.01391	0.00822	0.00949	0.00759	0.00506	0.00379	0.00126	0.00632	0.00316	0.00253	0.00759
27	0.01117	0.01051	0.01774	0.77795	0.04073	0.01314	0.01642	0.01511	0.01182	0.01511	0.01051	0.01577	0.00788	0.00591	0.00591	0.00197	0.00788	0.00526	0.00263	0.00657
28	0.83394	0.01144	0.00869	0.00778	0.01144	0.01327	0.00640	0.01738	0.01006	0.02653	0.00823	0.00961	0.00640	0.00549	0.00366	0.00183	0.00457	0.00320	0.00366	0.00640
29	0.02248	0.01656	0.01775	0.01361	0.01834	0.01834	0.01124	0.73556	0.02780	0.03727	0.01420	0.01420	0.01006	0.00710	0.00592	0.00177	0.00651	0.00532	0.00592	0.01006
30	0.01027	0.00514	0.00770	0.00770	0.00770	0.00514	0.00514	0.00770	0.00770	0.01027	0.01027	0.01798	0.01027	0.02054	0.02311	0.82794	0.00514	0.00514	0.00257	0.00257
31	0.01117	0.01051	0.01774	0.77795	0.04073	0.01314	0.01642	0.01511	0.01182	0.01511	0.01051	0.01577	0.00788	0.00591	0.00591	0.00197	0.00788	0.00526	0.00263	0.00657
32	0.01516	0.67029	0.15075	0.01122	0.01689	0.02182	0.01204	0.01788	0.01209	0.01470	0.00861	0.00998	0.00757	0.00515	0.00409	0.00136	0.00672	0.00336	0.00252	0.00778
33	0.01471	0.01270	0.01337	0.01203	0.01538	0.01471	0.00936	0.03142	0.74459	0.02474	0.02407	0.02206	0.01805	0.00802	0.00602	0.00201	0.00468	0.00669	0.00602	0.00936
34	0.00892	0.00672	0.00836	0.00808	0.00966	0.00649	0.00616	0.01290	0.08832	0.02231	0.53339	0.08016	0.10742	0.01255	0.00700	0.00198	0.00323	0.06425	0.00625	0.00586
35	0.00733	0.00600	0.00647	0.00635	0.00820	0.00514	0.00476	0.00915	0.01429	0.01790	0.23190	0.05375	0.57969	0.01426	0.00699	0.00196	0.00294	0.01204	0.00574	0.00514
36	0.77122	0.01290	0.06612	0.00847	0.01252	0.01330	0.00758	0.01749	0.01025	0.02594	0.00842	0.00983	0.00649	0.00550	0.00381	0.00183	0.00489	0.00329	0.00357	0.00658
37	0.01559	0.68926	0.10883	0.01100	0.01639	0.04611	0.01142	0.01801	0.01222	0.01445	0.00851	0.00985	0.00758	0.00515	0.00404	0.00134	0.00672	0.00331	0.00254	0.00769
38	0.01391	0.16531	0.05416	0.01417	0.01585	0.07814	0.01236	0.01564	0.01043	0.01437	0.00857	0.01268	0.00812	0.01078	0.05891	0.00262	0.48989	0.00471	0.00264	0.00675
39	0.01689	0.01359	0.01445	0.01238	0.01610	0.01546	0.00981	0.20393	0.55176	0.04514	0.02163	0.02009	0.01601	0.00778	0.00599	0.00195	0.00514	0.00633	0.00602	0.00955
40	0.01464	0.01405	0.02400	0.03630	0.75528	0.01405	0.01815	0.01815	0.01347	0.01932	0.01112	0.01464	0.00937	0.00527	0.00585	0.00176	0.00703	0.00527	0.00293	0.00937
41	0.00699	0.00599	0.00599	0.00599	0.00799	0.00499	0.00449	0.00849	0.01348	0.01598	0.05991	0.05691	0.75288	0.01498	0.00699	0.00200	0.00300	0.01248	0.00549	0.00499
42	0.01581	0.79572	0.03099	0.01012	0.01518	0.02340	0.01012	0.01771	0.01202	0.01391	0.00822	0.00949	0.00759	0.00506	0.00379	0.00126	0.00632	0.00316	0.00253	0.00759
43	0.02209	0.02819	0.01676	0.01524	0.01828	0.76843	0.01143	0.02361	0.01676	0.01447	0.00914	0.01066	0.00762	0.00609	0.00533	0.00152	0.01066	0.00381	0.00305	0.00686
44	0.00721	0.00515	0.00686	0.00823	0.00858	0.00480	0.00549	0.00823	0.01132	0.01510	0.03259	0.78831	0.03911	0.01853	0.00755	0.00240	0.00343	0.01681	0.00549	0.00480
45	0.00837	0.00604	0.00790	0.00744	0.00883	0.00558	0.00558	0.01116	0.01674	0.02371	0.75216	0.04417	0.05580	0.01209	0.00697	0.00186	0.00279	0.01069	0.00651	0.00558
46	0.01396	0.01595	0.03490	0.02493	0.03091	0.01496	0.73380	0.01894	0.01396	0.01894	0.01196	0.01595	0.00897	0.00499	0.00698	0.00199	0.00997	0.00698	0.00299	0.00798
47	0.00702	0.00599	0.00604	0.00603	0.00801	0.00501	0.00452	0.00855	0.01356	0.01617	0.07688	0.05660	0.73579	0.01491	0.00699	0.00199	0.00299	0.01244	0.00552	0.00501
48	0.76863	0.01133	0.00910	0.00800	0.01173	0.01290	0.00659	0.01831	0.01062	0.08581	0.00946	0.01046	0.00707	0.00564	0.00384	0.00183	0.00461	0.00342	0.00396	0.00670
49	0.01294	0.01294	0.01811	0.01553	0.01553	0.01811	0.01294	0.01423	0.00906	0.01423	0.00776	0.01294	0.00776	0.01035	0.01941	0.00259	0.78134	0.00518	0.00259	0.00647
50	0.02209	0.02819	0.01676	0.01524	0.01828	0.76843	0.01143	0.02361	0.01676	0.01447	0.00914	0.01066	0.00762	0.00609	0.00533	0.00152	0.01066	0.00381	0.00305	0.00686
51	0.01024	0.00646	0.00850	0.00776	0.00948	0.00590	0.00590	0.01298	0.01676	0.09936	0.67721	0.04170	0.05157	0.01160	0.00687	0.00186	0.00302	0.01021	0.00659	0.00604
52	0.00885	0.00685	0.02833	0.00766	0.00945	0.00584	0.00606	0.01154	0.01604	0.04542	0.58267	0.04513	0.16055	0.01232	0.00694	0.00190	0.00312	0.02936	0.00624	0.00571
53	0.00730	0.00618	0.00633	0.00626	0.00825	0.00530	0.00471	0.00931	0.03356	0.01679	0.11022	0.05502	0.68130	0.01457	0.00696	0.00199	0.00303	0.01219	0.00558	0.00515
54	0.83394	0.01144	0.00869	0.00778	0.01144	0.01327	0.00640	0.01738	0.01006	0.02653	0.00823	0.00961	0.00640	0.00549	0.00366	0.00183	0.00457	0.00320	0.00366	0.00640
55	0.01413	0.03898	0.03953	0.18157	0.49600	0.04757	0.01668	0.01797	0.03100	0.01829	0.01138	0.01489	0.00928	0.00556	0.00572	0.00177	0.00719	0.00515	0.02885	0.00850
56	0.05275	0.01178	0.01094	0.00936	0.01215	0.08498	0.00739	0.25207	0.03353	0.02656	0.01623	0.01780	0.01242	0.00684	0.00486	0.00156	0.00488	0.00521	0.42143	0.00726
57	0.01102	0.00551	0.00551	0.00551	0.00689	0.00551	0.00413	0.01378	0.01240	0.02205	0.01929	0.02205	0.01516	0.00689	0.00413	0.00138	0.00276	0.00551	0.82500	0.00551
58	0.00819	0.00607	0.00785	0.00892	0.01008	0.00573	0.00706	0.01007	0.01282	0.01644	0.03807	0.30632	0.19490	0.01677	0.00770	0.00245	0.00423	0.32573	0.00547	0.00513
59	0.00716	0.00546	0.00654	0.00739	0.00832	0.00489	0.00509	0.00833	0.01204	0.01533	0.04214	0.50779	0.29620	0.03446	0.00785	0.00233	0.00333	0.01507	0.00545	0.00484
60	0.01102	0.00551	0.00551	0.00551	0.00689	0.00551	0.00413	0.01378	0.01240	0.02205	0.01929	0.02205	0.01516	0.00689	0.00413	0.00138	0.00276	0.00551	0.82500	0.00551
61	0.83394	0.01144	0.00869	0.00778	0.01144	0.01327	0.00640	0.01738	0.01006	0.02653	0.00823	0.00961	0.00640	0.00549	0.00366	0.00183	0.00457	0.00320	0.00366	0.00640
62	0.01396	0.01595	0.03490	0.02493	0.03091	0.01496	0.73380	0.01894	0.01396	0.01894	0.01196	0.01595	0.00897	0.00499	0.00698	0.00199	0.00997	0.00698	0.00299	0.00798
63	0.00885	0.00615	0.00806	0.00752	0.00900	0.00566	0.00566	0.01163	0.01674	0.04336	0.73270	0.04353	0.05470	0.01196	0.00695	0.00186	0.00285	0.01057	0.00653	0.00570
64	0.83394	0.01144	0.00869	0.00778	0.01144	0.01327	0.00640	0.01738	0.01006	0.02653	0.00823	0.00961	0.00640	0.00549	0.00366	0.00183	0.00457	0.00320	0.00366	0.00640
65	0.00720	0.00596	0.00631	0.00631	0.00814	0.00507	0.00470	0.00886	0.01384	0.01704	0.15722	0.09101	0.61849	0.01474	0.00701	0.00200	0.00299	0.01244	0.00564	0.00507
66	0.02653	0.01006	0.01372	0.01052	0.01510	0.00869	0.00869	0.02882	0.01693	0.75937	0.02333	0.02013	0.01464	0.00732	0.00595	0.00183	0.00503	0.00595	0.00732	0.01006
67	0.83394	0.01144	0.00869	0.00778	0.01144	0.01327	0.00640	0.01738	0.01006	0.02653	0.00823	0.00961	0.00640	0.00549	0.00366	0.00183	0.00457	0.00320	0.00366	0.00640
68	0.02248	0.01656	0.01775	0.01361	0.01834	0.01834	0.01124	0.73556	0.02780	0.03727	0.01420	0.01420	0.01006	0.00710	0.00592	0.00177	0.00651	0.00532	0.00592	0.01006
69	0.01542	0.00797	0.01043	0.00882	0.01149	0.00730	0.00695	0.05291	0.01735	0.28191	0.46079	0.03429	0.03914	0.01017	0.00656	0.00185	0.00376	0.00877	0.00676	0.00737
70	0.01421	0.01310	0.04539	0.01205	0.01553	0.01415	0.00979	0.02963	0.66893	0.02401	0.02464	0.02409	0.03644	0.00839	0.00610	0.00203	0.00484	0.03178	0.00583	0.00909
71	0.00731	0.00581	0.00661	0.00717	0.00859	0.00511	0.00530	0.00878	0.01282	0.01587	0.04861	0.28457	0.46045	0.01621	0.00728	0.00219	0.00337	0.08346	0.00549	0.00498
72	0.83394	0.01144	0.00869	0.00778	0.01144	0.01327	0.00640	0.01738	0.01006	0.02653	0.00823	0.00961	0.00640	0.00549	0.00366	0.00183	0.00457	0.00320	0.00366	0.00640
73	0.01581	0.79572	0.03099	0.01012	0.01518	0.02340	0.01012	0.01771	0.01202	0.01391	0.00822	0.00949	0.00759	0.00506	0.00379	0.00126	0.00632	0.00316	0.00253	0.00759
74	0.00893	0.00711	0.00976	0.00971	0.01083	0.03428	0.00753	0.01102	0.00976	0.01375	0.01560	0.02279	0.01453	0.04300	0.74175	0.00922	0.01566	0.00625	0.00316	0.00534
75	0.00847	0.00603	0.00782	0.00737	0.00877	0.00558	0.00553	0.01125	0.01658	0.02365	0.72581	0.04338	0.05434	0.01190	0.00687	0.00184	0.00279	0.01051	0.03593	0.00558
76	0.01463	0.01105	0.01230	0.01100	0.01406	0.01219	0.00860	0.02691	0.51574	0.10039	0.15837	0.02712	0.02508	0.00892	0.00624	0.00198	0.00439	0.02617	0.00623	0.00863
77	0.00762	0.00546	0.00718	0.00839	0.00893	0.00516	0.00589	0.00885	0.01156	0.01526	0.03268	0.60136	0.06912	0.07058	0.00914	0.00266	0.00386	0.11611	0.00535	0.00482
78	0.78392	0.01135	0.00900	0.00795	0.01166	0.01298	0.00655	0.01809	0.01049	0.07193	0.00917	0.01026	0.00691	0.00560	0.00380	0.00183	0.00460	0.00337	0.00389	0.00663
79	0.83394	0.01144	0.00869	0.00778	0.01144	0.01327	0.00640	0.01738	0.01006	0.02653	0.00823	0.00961	0.00640	0.00549	0.00366	0.00183	0.00457	0.00320	0.00366	0.00640
80	0.01170	0.01106	0.01870	0.66398	0.15054	0.01328	0.01669	0.01558	0.01208	0.01576	0.01061	0.01559	0.00811	0.00581	0.00590	0.00194	0.00775	0.00526	0.00267	0.00700
81	0.01183	0.00717	0.00928	0.00821	0.01026	0.00668	0.00633	0.04942	0.01731	0.13661	0.60474	0.03903	0.04727	0.01112	0.00677	0.00185	0.00331	0.00971	0.00660	0.00648
82	0.20961	0.01045	0.01256	0.00999	0.01426	0.00994	0.00827	0.04492	0.01556	0.54958	0.01990	0.01904	0.01325	0.00718	0.00550	0.00186	0.00498	0.02768	0.00639	0.00909
83	0.00776	0.00602	0.00706	0.00680	0.00846	0.00532	0.00510	0.00998	0.01530	0.02029	0.44582	0.04981	0.36428	0.01337	0.00698	0.00192	0.00288	0.01149	0.00606	0.00532
84	0.01201	0.01051	0.01749	0.65946	0.08270	0.01264	0.01567	0.01580	0.01240	0.05230	0.04435	0.01718	0.01045	0.00622	0.00596	0.00195	0.00746	0.00553	0.00305	0.00687
85	0.01581	0.79572	0.03099	0.01012	0.01518	0.02340	0.01012	0.01771	0.01202	0.01391	0.00822	0.00949	0.00759	0.00506	0.00379	0.00126	0.00632	0.00316	0.00253	0.00759
86	0.01294	0.01294	0.01811	0.01553	0.01553	0.01811	0.01294	0.01423	0.00906	0.01423	0.00776	0.01294	0.00776	0.01035	0.01941	0.00259	0.78134	0.00518	0.00259	0.00647
87	0.00861	0.00613	0.00781	0.00734	0.00887	0.00558	0.00552	0.01124	0.01636	0.03929	0.65357	0.04515	0.13769	0.01233	0.00695	0.00188	0.00286	0.01080	0.00641	0.00561
88	0.02157	0.01728	0.01737	0.01431	0.04396	0.09810	0.01124	0.58896	0.05146	0.03333	0.01404	0.01433	0.01020	0.00695	0.00581	0.00174	0.00680	0.00521	0.02778	0.00954
89	0.00716	0.00600	0.00623	0.00617	0.00809	0.00507	0.00463	0.00882	0.01389	0.01695	0.14732	0.05530	0.66486	0.01461	0.00699	0.00198	0.00297	0.01226	0.00562	0.00507
90	0.04332	0.00935	0.01143	0.00952	0.01272	0.00903	0.00759	0.09048	0.08416	0.29906	0.26817	0.03006	0.08079	0.00945	0.00630	0.00186	0.00423	0.00792	0.00654	0.00802
91	0.02262	0.01635	0.01761	0.01350	0.01823	0.01802	0.01116	0.71206	0.02744	0.06128	0.01450	0.01440	0.01021	0.00711	0.00592	0.00178	0.00646	0.00535	0.00596	0.01006
92	0.01441	0.01382	0.02359	0.08543	0.70794	0.01399	0.01804	0.01795	0.01336	0.01904	0.01108	0.01471	0.00927	0.00531	0.00586	0.00177	0.00708	0.00527	0.00291	0.00918
93	0.00837	0.00604	0.00790	0.00744	0.00883	0.00558	0.00558	0.01116	0.01674	0.02371	0.75216	0.04417	0.05580	0.01209	0.00697	0.00186	0.00279	0.01069	0.00651	0.00558
94	0.01117	0.01051	0.01774	0.77795	0.04073	0.01314	0.01642	0.01511	0.01182	0.01511	0.01051	0.01577	0.00788	0.00591	0.00591	0.00197	0.00788	0.00526	0.00263	0.00657
95	0.00723	0.00527	0.00674	0.00789	0.00843	0.00486	0.00530	0.00828	0.01150	0.01508	0.03553	0.67013	0.12797	0.04542	0.00828	0.00247	0.00346	0.01598	0.00542	0.00478
96	0.02610	0.00997	0.01359	0.01045	0.01495	0.00862	0.00862	0.02840	0.01692	0.74181	0.04073	0.02070	0.01562	0.00743	0.00597	0.00183	0.00498	0.00606	0.00730	0.00996
97	0.02653	0.01006	0.01372	0.01052	0.01510	0.00869	0.00869	0.02882	0.01693	0.75937	0.02333	0.02013	0.01464	0.00732	0.00595	0.00183	0.00503	0.00595	0.00732	0.01006
98	0.02060	0.02415	0.01674	0.01653	0.08676	0.58326	0.01159	0.02342	0.06811	0.05135	0.01182	0.03708	0.00986	0.00661	0.00553	0.00162	0.00940	0.00467	0.00353	0.00736
99	0.02222	0.01644	0.01760	0.01355	0.01824	0.01822	0.01118	0.71215	0.05164	0.03685	0.01453	0.01446	0.01032	0.00713	0.00592	0.00178	0.00645	0.00537	0.00592	0.01003
100	0.07534	0.00746	0.00781	0.00722	0.00915	0.00770	0.00549	0.09777	0.01407	0.05926	0.03830	0.09190	0.01744	0.04564	0.00602	0.00180	0.00365	0.00666	0.49116	0.00618
101	0.00837	0.00604	0.00790	0.00744	0.00883	0.00558	0.00558	0.01116	0.01674	0.02371	0.75216	0.04417	0.05580	0.01209	0.00697	0.00186	0.00279	0.01069	0.00651	0.00558
102	0.01410	0.01211	0.01284	0.01169	0.01488	0.01388	0.00913	0.02944	0.67600	0.02399	0.02615	0.02577	0.05485	0.00874	0.00616	0.00204	0.00463	0.03867	0.00597	0.00897
103	0.01492	0.01382	0.02259	0.13197	0.59191	0.01433	0.01727	0.08506	0.01459	0.02045	0.01133	0.01474	0.00924	0.00553	0.00587	0.00179	0.00709	0.00527	0.00317	0.00906
104	0.01709	0.58554	0.02724	0.01144	0.01589	0.14988	0.01054	0.05624	0.01351	0.01525	0.00867	0.01010	0.00773	0.00560	0.00493	0.00140	0.04513	0.00348	0.00280	0.00754
105	0.00704	0.00597	0.00608	0.00610	0.00803	0.00501	0.00456	0.00858	0.01354	0.01623	0.08412	0.07433	0.71038	0.01496	0.00700	0.00200	0.00300	0.01252	0.00553	0.00501
106	0.04429	0.04797	0.01955	0.07148	0.15082	0.01418	0.12721	0.09753	0.21889	0.04063	0.05978	0.02044	0.03141	0.00713	0.00606	0.00190	0.00631	0.02142	0.00453	0.00845
107	0.01185	0.02607	0.59203	0.01810	0.10790	0.01303	0.01964	0.01811	0.02998	0.01884	0.02970	0.03290	0.04304	0.00648	0.00579	0.00188	0.00794	0.00530	0.00292	0.00850
108	0.01346	0.01077	0.01259	0.00907	0.01427	0.00840	0.00729	0.04860	0.01321	0.05802	0.01134	0.01275	0.00912	0.00465	0.00453	0.00097	0.00451	0.00371	0.00381	0.74893

[dist]
# distance from previous block
# <min> <max>
0	1

[block]
# block no. 3 follows, 39 sequences, length 8
# corresponding to MSA columns:
# 397-404
name=unknown_D
#
# <colnr> <probs for GDERKNQSTAVLIFYWHMCP>
#	G	D	E	R	K	N	Q	S	T	A	V	L	I	F	Y	W	H	M	C	P
0	0.83394	0.01144	0.00869	0.00778	0.01144	0.01327	0.00640	0.01738	0.01006	0.02653	0.00823	0.00961	0.00640	0.00549	0.00366	0.00183	0.00457	0.00320	0.00366	0.00640
1	0.01549	0.73295	0.09093	0.01067	0.01603	0.02261	0.01108	0.01779	0.01205	0.01431	0.00842	0.00973	0.00758	0.00511	0.00394	0.00131	0.00652	0.00326	0.00253	0.00768
2	0.00847	0.00625	0.00908	0.00908	0.00998	0.00716	0.00686	0.01029	0.00938	0.01341	0.01623	0.02540	0.01573	0.14914	0.66523	0.00898	0.01442	0.00665	0.00323	0.00504
3	0.73635	0.01127	0.00930	0.00811	0.01188	0.01271	0.00668	0.01877	0.01089	0.11511	0.01006	0.01088	0.00740	0.00571	0.00394	0.00183	0.00463	0.00353	0.00410	0.00685
4	0.83394	0.01144	0.00869	0.00778	0.01144	0.01327	0.00640	0.01738	0.01006	0.02653	0.00823	0.00961	0.00640	0.00549	0.00366	0.00183	0.00457	0.00320	0.00366	0.00640
5	0.00860	0.00573	0.00645	0.00645	0.00645	0.00573	0.00358	0.00860	0.00860	0.01147	0.01863	0.03870	0.02150	0.79217	0.03010	0.00573	0.00573	0.00860	0.00358	0.00358
6	0.01226	0.01051	0.01226	0.00876	0.01401	0.00788	0.00701	0.01489	0.01226	0.01927	0.01051	0.01226	0.00876	0.00438	0.00438	0.00088	0.00438	0.00350	0.00350	0.82832
7	0.02653	0.01006	0.01372	0.01052	0.01510	0.00869	0.00869	0.02882	0.01693	0.75937	0.02333	0.02013	0.01464	0.00732	0.00595	0.00183	0.00503	0.00595	0.00732	0.01006

[dist]
# distance from previous block
# <min> <max>
0	3

[block]
# block no. 4 follows, 39 sequences, length 20
# corresponding to MSA columns:
# 408-427
name=unknown_E
#
# <colnr> <probs for GDERKNQSTAVLIFYWHMCP>
#	G	D	E	R	K	N	Q	S	T	A	V	L	I	F	Y	W	H	M	C	P
0	0.00810	0.00603	0.00753	0.00715	0.00867	0.00546	0.00536	0.01063	0.01609	0.02218	0.61498	0.04670	0.19394	0.01266	0.00698	0.00189	0.00283	0.01105	0.00631	0.00546
1	0.01234	0.01038	0.01211	0.00894	0.01380	0.00812	0.00708	0.04648	0.01288	0.01976	0.01232	0.07013	0.01108	0.00555	0.00468	0.00103	0.00440	0.00458	0.00376	0.73057
2	0.00859	0.00630	0.00678	0.00649	0.00861	0.00533	0.00492	0.01029	0.01409	0.07217	0.13263	0.05279	0.62194	0.01409	0.00691	0.00197	0.00312	0.01180	0.00574	0.00543
3	0.05785	0.01501	0.01830	0.16136	0.07623	0.12509	0.03621	0.06201	0.01242	0.01707	0.00930	0.01327	0.00800	0.00788	0.01173	0.00214	0.35115	0.00496	0.00297	0.00703
4	0.01316	0.10045	0.46743	0.01711	0.02436	0.01430	0.16722	0.01874	0.01316	0.05152	0.04877	0.01486	0.01057	0.00584	0.00581	0.00184	0.00829	0.00518	0.00302	0.00837
5	0.01027	0.00514	0.00770	0.00770	0.00770	0.00514	0.00514	0.00770	0.00770	0.01027	0.01027	0.01798	0.01027	0.02054	0.02311	0.82794	0.00514	0.00514	0.00257	0.00257
6	0.01117	0.01051	0.01774	0.77795	0.04073	0.01314	0.01642	0.01511	0.01182	0.01511	0.01051	0.01577	0.00788	0.00591	0.00591	0.00197	0.00788	0.00526	0.00263	0.00657
7	0.01183	0.01119	0.01893	0.63623	0.17727	0.01331	0.01675	0.01569	0.01214	0.01591	0.01063	0.01555	0.00817	0.00579	0.00590	0.00193	0.00772	0.00526	0.00269	0.00710
8	0.01437	0.01534	0.03156	0.02283	0.02817	0.01487	0.61278	0.07154	0.01447	0.01968	0.01186	0.01578	0.00906	0.00613	0.00823	0.04182	0.04382	0.00669	0.00317	0.00780
9	0.00961	0.00743	0.00855	0.00816	0.01017	0.00722	0.00640	0.06055	0.08328	0.02118	0.28490	0.04705	0.29189	0.01284	0.00692	0.00202	0.00362	0.10002	0.02219	0.00600
10	0.02080	0.00880	0.01189	0.00955	0.01312	0.00771	0.00771	0.02325	0.01687	0.52721	0.25334	0.02772	0.02763	0.00882	0.00627	0.00184	0.00432	0.00745	0.00706	0.00865
11	0.01717	0.01536	0.05115	0.05516	0.13018	0.13908	0.03201	0.12726	0.07806	0.12217	0.01871	0.02110	0.06620	0.01010	0.05867	0.00237	0.00754	0.03501	0.00453	0.00817
12	0.01192	0.03118	0.01388	0.06595	0.01520	0.01064	0.05919	0.01455	0.04718	0.08871	0.04276	0.27932	0.04488	0.01292	0.02842	0.00241	0.18170	0.02116	0.02162	0.00640
13	0.01312	0.01166	0.01761	0.39604	0.04845	0.03644	0.08646	0.08777	0.01373	0.01891	0.01227	0.01628	0.00945	0.00642	0.00670	0.00188	0.06412	0.00543	0.14030	0.00696
14	0.01135	0.01076	0.01898	0.15225	0.15080	0.01083	0.19230	0.01466	0.03524	0.01696	0.02229	0.11684	0.13125	0.00980	0.00777	0.05875	0.00661	0.02209	0.00373	0.00674
15	0.03804	0.00973	0.01023	0.00955	0.01166	0.04834	0.00714	0.09692	0.13527	0.07290	0.04997	0.18918	0.11271	0.13206	0.01018	0.00263	0.00490	0.04672	0.00531	0.00658
16	0.14693	0.01453	0.01423	0.06655	0.03963	0.10982	0.00992	0.31561	0.01879	0.02655	0.01469	0.10223	0.01272	0.00882	0.02496	0.00201	0.00652	0.00614	0.05153	0.00782
