[name]
unknown

[dist]
# distance from previous block
# <min> <max>
0	34

[block]
# block no. 0 follows, 47 sequences, length 19
# corresponding to MSA columns:
# 34-52
name=unknown_A
#
# <colnr> <probs for GDERKNQSTAVLIFYWHMCP>
#	G	D	E	R	K	N	Q	S	T	A	V	L	I	F	Y	W	H	M	C	P
0	0.00940	0.00671	0.00963	0.01152	0.08649	0.00660	0.00884	0.01178	0.01210	0.05141	0.02697	0.05185	0.07090	0.01299	0.00684	0.00224	0.00479	0.59897	0.00466	0.00530
1	0.01793	0.01445	0.01572	0.01538	0.15571	0.10643	0.01062	0.38174	0.11639	0.09279	0.01331	0.01355	0.00975	0.00597	0.00515	0.00156	0.00593	0.00472	0.00455	0.00833
2	0.00631	0.00469	0.00588	0.00684	0.00745	0.00426	0.00465	0.00730	0.01036	0.01345	0.03369	0.65534	0.18947	0.01567	0.00654	0.00204	0.00294	0.01401	0.00483	0.00426
3	0.00692	0.00531	0.00633	0.00608	0.00750	0.00472	0.00456	0.00895	0.01367	0.01835	0.51069	0.04307	0.32177	0.01159	0.00615	0.00168	0.00252	0.01000	0.00540	0.00472
4	0.02336	0.00886	0.01209	0.00927	0.01329	0.00765	0.00765	0.02538	0.01491	0.78810	0.02055	0.01773	0.01289	0.00645	0.00524	0.00161	0.00443	0.00524	0.00645	0.00886
5	0.85377	0.01007	0.00765	0.00685	0.01007	0.01168	0.00564	0.01531	0.00886	0.02336	0.00725	0.00846	0.00564	0.00483	0.00322	0.00161	0.00403	0.00282	0.00322	0.00564
6	0.01922	0.01430	0.01530	0.01187	0.01593	0.01588	0.00976	0.70478	0.08778	0.03189	0.01324	0.01309	0.00945	0.00632	0.00522	0.00158	0.00559	0.00479	0.00522	0.00880
7	0.00744	0.00558	0.00837	0.00837	0.00930	0.00651	0.00651	0.00930	0.00837	0.01209	0.01395	0.02046	0.01302	0.03906	0.79635	0.00837	0.01395	0.00558	0.00279	0.00465
8	0.01045	0.02694	0.79000	0.01484	0.02254	0.01209	0.01924	0.01649	0.01099	0.01649	0.00935	0.01099	0.00660	0.00495	0.00495	0.00165	0.00770	0.00385	0.00220	0.00770
9	0.01124	0.01103	0.01859	0.47794	0.26754	0.03199	0.07816	0.01461	0.01113	0.01473	0.00950	0.01347	0.00742	0.00497	0.00526	0.00167	0.00692	0.00473	0.00243	0.00666
10	0.00755	0.00509	0.00587	0.00583	0.00596	0.00508	0.00340	0.00781	0.00820	0.01107	0.08087	0.03408	0.02131	0.72603	0.04751	0.00486	0.00509	0.00767	0.00336	0.00335
11	0.00639	0.00522	0.00565	0.00567	0.00721	0.00448	0.00421	0.00788	0.01223	0.01525	0.18362	0.11253	0.58556	0.01299	0.00619	0.00177	0.00264	0.01103	0.00500	0.00448
12	0.00905	0.00452	0.00678	0.00678	0.00678	0.00452	0.00452	0.00678	0.00678	0.00905	0.00905	0.01583	0.00905	0.01809	0.02035	0.84848	0.00452	0.00452	0.00226	0.00226
13	0.77241	0.00995	0.00809	0.00709	0.01039	0.01129	0.00584	0.01629	0.00945	0.09829	0.00855	0.00937	0.00635	0.00499	0.00342	0.00161	0.00407	0.00306	0.00354	0.00596
14	0.00772	0.00502	0.00622	0.00627	0.00641	0.00514	0.00388	0.00768	0.00767	0.01035	0.01551	0.06180	0.01733	0.56156	0.13007	0.12778	0.00611	0.00716	0.00305	0.00327
15	0.01445	0.12196	0.01988	0.06889	0.40481	0.04026	0.03011	0.11601	0.06376	0.05410	0.01098	0.01285	0.00870	0.00512	0.00494	0.00152	0.00604	0.00450	0.00322	0.00790
16	0.00816	0.00505	0.00670	0.00732	0.00805	0.00466	0.00504	0.00926	0.01075	0.08970	0.09091	0.63410	0.03285	0.05195	0.00739	0.00216	0.00321	0.01308	0.00499	0.00469
17	0.01275	0.09167	0.02047	0.17859	0.45969	0.05875	0.04976	0.01607	0.03380	0.01570	0.00970	0.01268	0.00796	0.00483	0.00501	0.00155	0.00652	0.00449	0.00258	0.00743
18	0.01249	0.00933	0.01137	0.00928	0.01260	0.00875	0.03539	0.10762	0.13706	0.09034	0.01696	0.18946	0.01554	0.00767	0.00508	0.00144	0.00418	0.00663	0.00438	0.31442

[dist]
# distance from previous block
# <min> <max>
1	17

[block]
# block no. 1 follows, 47 sequences, length 24
# corresponding to MSA columns:
# 70-93
name=unknown_B
#
# <colnr> <probs for GDERKNQSTAVLIFYWHMCP>
#	G	D	E	R	K	N	Q	S	T	A	V	L	I	F	Y	W	H	M	C	P
0	0.01407	0.01324	0.06858	0.01441	0.11753	0.05576	0.05802	0.09296	0.35311	0.06708	0.01590	0.01628	0.01206	0.02052	0.02569	0.00186	0.00566	0.00522	0.00429	0.03775
1	0.05316	0.00732	0.01166	0.01105	0.05004	0.00706	0.12894	0.01121	0.01058	0.06360	0.02156	0.40280	0.04738	0.01503	0.10685	0.00272	0.00566	0.01003	0.00407	0.02930
2	0.01436	0.01313	0.14295	0.01183	0.05269	0.01132	0.01010	0.05951	0.35105	0.16645	0.01811	0.01836	0.02692	0.05788	0.00678	0.00191	0.01865	0.00548	0.00466	0.00786
3	0.00634	0.00453	0.00604	0.00725	0.00755	0.00423	0.00483	0.00725	0.00997	0.01329	0.02870	0.81358	0.03444	0.01632	0.00665	0.00211	0.00302	0.01480	0.00483	0.00423
4	0.01588	0.01246	0.01558	0.01403	0.08925	0.03895	0.08800	0.17938	0.34182	0.12254	0.01666	0.01624	0.01217	0.00625	0.00533	0.00167	0.00535	0.00538	0.00481	0.00825
5	0.01105	0.00957	0.01289	0.01022	0.04506	0.00792	0.08067	0.03830	0.02541	0.01695	0.01068	0.05144	0.00934	0.00547	0.00524	0.04712	0.00449	0.00421	0.00317	0.60077
6	0.00851	0.00619	0.00857	0.00927	0.05123	0.00588	0.03678	0.04867	0.01129	0.05298	0.02783	0.54422	0.11013	0.04373	0.00709	0.00209	0.00367	0.01221	0.00466	0.00501
7	0.00757	0.00505	0.00568	0.00568	0.00568	0.00505	0.00316	0.00757	0.00757	0.01010	0.01641	0.03408	0.01893	0.81698	0.02651	0.00505	0.00505	0.00757	0.00316	0.00316
8	0.01958	0.01388	0.01499	0.01154	0.01558	0.01522	0.00952	0.69583	0.02341	0.07335	0.01312	0.01307	0.00926	0.00625	0.00515	0.00155	0.00552	0.00473	0.03975	0.00869
9	0.00783	0.00607	0.00888	0.04987	0.01050	0.00718	0.00680	0.00949	0.00835	0.01193	0.01357	0.02129	0.01307	0.13521	0.60695	0.00721	0.06270	0.00572	0.00278	0.00458
10	0.01141	0.00956	0.01186	0.00869	0.01292	0.00790	0.02882	0.01367	0.01078	0.04811	0.00955	0.01123	0.00786	0.00442	0.00508	0.00096	0.07082	0.00338	0.00314	0.71985
11	0.02109	0.01251	0.01434	0.01100	0.01511	0.01307	0.00908	0.49833	0.02101	0.30652	0.01542	0.01440	0.01032	0.00632	0.00522	0.00158	0.00526	0.00489	0.00566	0.00886
12	0.01139	0.01139	0.01595	0.01367	0.01367	0.01595	0.01139	0.01253	0.00798	0.01253	0.00684	0.01139	0.00684	0.00911	0.01709	0.00228	0.80745	0.00456	0.00228	0.00570
13	0.00865	0.00646	0.00782	0.00791	0.00926	0.02083	0.02474	0.01163	0.11174	0.06343	0.03116	0.47042	0.17907	0.01334	0.00623	0.00194	0.00345	0.01183	0.00490	0.00519
14	0.27446	0.01248	0.01270	0.01008	0.01391	0.01376	0.00830	0.43503	0.03998	0.11281	0.01203	0.01204	0.00852	0.00586	0.00461	0.00159	0.00502	0.00421	0.00474	0.00786
15	0.01245	0.00949	0.01109	0.00828	0.01255	0.00786	0.00662	0.06532	0.05633	0.08618	0.01198	0.04563	0.00984	0.00495	0.00427	0.00101	0.00401	0.00404	0.00373	0.63438
16	0.00630	0.00525	0.00550	0.00551	0.00714	0.00445	0.00410	0.00774	0.01213	0.01483	0.13684	0.08001	0.66625	0.01302	0.00617	0.00176	0.00263	0.01096	0.00494	0.00445
17	0.01279	0.01180	0.01819	0.12711	0.49019	0.01255	0.01387	0.04894	0.17589	0.01820	0.01228	0.01441	0.00974	0.00530	0.00520	0.00162	0.00582	0.00491	0.00324	0.00795
18	0.01380	0.00899	0.00964	0.00833	0.01088	0.00972	0.00658	0.16837	0.23927	0.08603	0.01763	0.01790	0.01317	0.00643	0.00457	0.00148	0.00375	0.00516	0.36134	0.00698
19	0.00906	0.00609	0.00759	0.00710	0.00870	0.00577	0.00535	0.01234	0.08400	0.08692	0.49635	0.11126	0.11766	0.01076	0.00604	0.00171	0.00286	0.00941	0.00558	0.00545
20	0.02277	0.00931	0.01230	0.00948	0.01348	0.00838	0.00782	0.07244	0.04248	0.71308	0.02006	0.01745	0.01274	0.00646	0.00524	0.00161	0.00450	0.00523	0.00633	0.00884
21	0.05857	0.00758	0.00942	0.00791	0.01051	0.00718	0.00628	0.05794	0.04053	0.31116	0.33402	0.02589	0.02742	0.00808	0.00540	0.00160	0.00352	0.00681	0.06343	0.00677
22	0.02013	0.01068	0.01272	0.00992	0.01358	0.01076	0.00811	0.32696	0.01810	0.38080	0.01639	0.01562	0.01107	0.00694	0.00589	0.04572	0.00482	0.00495	0.06863	0.00822
23	0.69460	0.01027	0.00842	0.00724	0.01065	0.03001	0.00592	0.01580	0.00957	0.06723	0.00826	0.00928	0.00631	0.00484	0.00344	0.00151	0.00416	0.00300	0.00338	0.09609

[dist]
# distance from previous block
# <min> <max>
0	2

[block]
# block no. 2 follows, 47 sequences, length 29
# corresponding to MSA columns:
# 96-124
name=unknown_C
#
# <colnr> <probs for GDERKNQSTAVLIFYWHMCP>
#	G	D	E	R	K	N	Q	S	T	A	V	L	I	F	Y	W	H	M	C	P
0	0.16626	0.01092	0.01168	0.00913	0.01299	0.01099	0.00741	0.22523	0.07395	0.05710	0.04020	0.01290	0.01006	0.00544	0.00468	0.00133	0.02279	0.00407	0.00410	0.30876
1	0.01136	0.07154	0.00944	0.00725	0.00938	0.00667	0.00572	0.01331	0.01352	0.19837	0.35131	0.11099	0.15043	0.01013	0.00576	0.00166	0.00326	0.00869	0.00539	0.00583
2	0.01940	0.00794	0.01077	0.00866	0.01194	0.00693	0.00698	0.02140	0.01448	0.60141	0.14466	0.08511	0.02050	0.00792	0.00550	0.00166	0.00400	0.00668	0.00620	0.00785
3	0.01861	0.00781	0.01056	0.00846	0.01165	0.00684	0.00684	0.02075	0.01486	0.55983	0.24703	0.02403	0.02368	0.00770	0.00551	0.00162	0.00384	0.00648	0.00623	0.00769
4	0.01864	0.01401	0.01498	0.01175	0.01571	0.01561	0.00962	0.64266	0.15083	0.03096	0.01397	0.01367	0.01004	0.00639	0.00522	0.00160	0.00546	0.00489	0.00522	0.00875
5	0.77243	0.01051	0.00843	0.00735	0.01066	0.01212	0.00606	0.08864	0.01039	0.02429	0.00776	0.00885	0.00595	0.00497	0.00342	0.00161	0.00419	0.00300	0.00342	0.00595
6	0.72511	0.01045	0.00869	0.00749	0.01085	0.01190	0.00617	0.09007	0.01074	0.06699	0.00851	0.00938	0.00636	0.00506	0.00353	0.00161	0.00422	0.00314	0.00360	0.00614
7	0.10078	0.02669	0.01365	0.01054	0.01443	0.04851	0.00865	0.36307	0.06303	0.27551	0.01482	0.01400	0.01013	0.00615	0.00498	0.00158	0.00521	0.00466	0.00526	0.00835
8	0.01392	0.82012	0.02729	0.00891	0.01337	0.02061	0.00891	0.01559	0.01058	0.01225	0.00724	0.00835	0.00668	0.00446	0.00334	0.00111	0.00557	0.00278	0.00223	0.00668
9	0.01353	0.71762	0.10402	0.00988	0.01468	0.01954	0.03135	0.01571	0.01067	0.01280	0.00754	0.00878	0.00671	0.00450	0.00358	0.00119	0.00587	0.00299	0.00224	0.00679
10	0.01386	0.01104	0.01173	0.01030	0.01330	0.01255	0.00808	0.10738	0.61227	0.05091	0.01993	0.01861	0.01484	0.00688	0.00517	0.00170	0.00419	0.00566	0.06349	0.00810
11	0.00640	0.00529	0.00562	0.00554	0.00719	0.00450	0.00415	0.00795	0.01245	0.01545	0.20102	0.04784	0.63325	0.01267	0.00615	0.00173	0.00260	0.01067	0.00502	0.00450
12	0.01157	0.01129	0.01797	0.20467	0.28723	0.01363	0.02879	0.01400	0.00998	0.01435	0.00850	0.01255	0.00737	0.00655	0.00995	0.00189	0.32605	0.00463	0.00240	0.00663
13	0.00641	0.00496	0.00585	0.00632	0.00737	0.00440	0.00448	0.00772	0.01146	0.01472	0.14838	0.38056	0.35036	0.01418	0.00637	0.00190	0.00278	0.01242	0.00497	0.00440
14	0.00746	0.00548	0.00787	0.00787	0.00863	0.00624	0.00589	0.00898	0.00822	0.01172	0.01440	0.02297	0.01411	0.18265	0.65425	0.00776	0.01231	0.00595	0.00286	0.00437
15	0.01434	0.76212	0.02641	0.00919	0.01357	0.04889	0.00899	0.04268	0.01123	0.01301	0.00746	0.00854	0.00676	0.00455	0.00346	0.00114	0.00572	0.00287	0.00235	0.00674
16	0.00651	0.00474	0.00614	0.00704	0.00761	0.00437	0.00485	0.00768	0.01079	0.01436	0.12432	0.62785	0.10543	0.01527	0.00655	0.00203	0.00296	0.03219	0.00494	0.00434
17	0.05419	0.01315	0.01339	0.02550	0.01477	0.09377	0.00858	0.35724	0.03099	0.12845	0.04354	0.01360	0.01054	0.00585	0.00486	0.00141	0.00537	0.00445	0.00460	0.16574
18	0.01749	0.01119	0.01369	0.01107	0.01469	0.01176	0.05373	0.18844	0.30415	0.26366	0.01866	0.03982	0.01346	0.00680	0.00535	0.00168	0.00482	0.00569	0.00547	0.00838
19	0.01831	0.01153	0.01403	0.05849	0.01583	0.07353	0.07496	0.19884	0.03766	0.30777	0.01561	0.01553	0.01078	0.00602	0.00506	0.00155	0.00540	0.00497	0.11640	0.00774
20	0.01915	0.01238	0.01509	0.07667	0.08452	0.01314	0.01017	0.42755	0.03854	0.22753	0.01433	0.01419	0.00988	0.00610	0.00521	0.00159	0.00549	0.00485	0.00507	0.00854
21	0.01426	0.23568	0.32272	0.01220	0.01775	0.01553	0.01322	0.25304	0.01508	0.02041	0.00988	0.01098	0.00748	0.00601	0.02271	0.00163	0.00665	0.00387	0.00317	0.00772
22	0.00663	0.00498	0.00619	0.00683	0.00774	0.00454	0.00493	0.00802	0.01139	0.01488	0.15236	0.42461	0.23403	0.01444	0.00649	0.00197	0.00299	0.07759	0.00497	0.00443
23	0.85377	0.01007	0.00765	0.00685	0.01007	0.01168	0.00564	0.01531	0.00886	0.02336	0.00725	0.00846	0.00564	0.00483	0.00322	0.00161	0.00403	0.00282	0.00322	0.00564
24	0.01760	0.01253	0.01384	0.01071	0.01463	0.01321	0.00875	0.51421	0.05550	0.09013	0.07493	0.01514	0.01259	0.00634	0.00511	0.00148	0.00504	0.00496	0.00508	0.11821
25	0.00774	0.00495	0.00652	0.00727	0.00799	0.00454	0.00501	0.00882	0.01067	0.07590	0.05991	0.67519	0.07549	0.01512	0.00649	0.00204	0.00309	0.01360	0.00500	0.00464
26	0.00939	0.01011	0.07291	0.01008	0.01147	0.05814	0.00840	0.01132	0.02848	0.01353	0.01941	0.23983	0.09750	0.02927	0.09284	0.00270	0.23767	0.00810	0.00345	0.03541
27	0.08003	0.32675	0.05443	0.01242	0.04883	0.03065	0.09109	0.01510	0.04119	0.01455	0.00987	0.06945	0.00924	0.00644	0.00691	0.00160	0.16767	0.00465	0.00270	0.00642
28	0.01252	0.06048	0.04490	0.01228	0.01428	0.01439	0.03188	0.11077	0.05529	0.01641	0.00922	0.01249	0.00811	0.03181	0.01190	0.00194	0.43134	0.00447	0.00296	0.11255

[dist]
# distance from previous block
# <min> <max>
0	3

[block]
# block no. 3 follows, 47 sequences, length 12
# corresponding to MSA columns:
# 128-139
name=unknown_D
#
# <colnr> <probs for GDERKNQSTAVLIFYWHMCP>
#	G	D	E	R	K	N	Q	S	T	A	V	L	I	F	Y	W	H	M	C	P
0	0.19218	0.01021	0.01186	0.00930	0.01319	0.01012	0.00768	0.16649	0.01552	0.48622	0.01628	0.01483	0.01063	0.00608	0.00482	0.00160	0.00460	0.00464	0.00555	0.00820
1	0.01867	0.01164	0.01332	0.01054	0.01437	0.01216	0.00858	0.33080	0.17162	0.25781	0.01653	0.01557	0.01153	0.00713	0.02445	0.00174	0.00510	0.00502	0.00542	0.05799
2	0.00788	0.00546	0.00658	0.00627	0.00768	0.00503	0.00471	0.01034	0.03104	0.03720	0.49143	0.05589	0.19133	0.01057	0.00582	0.00163	0.00259	0.00914	0.10445	0.00496
3	0.01325	0.01094	0.01171	0.01042	0.01325	0.01243	0.00810	0.14163	0.56689	0.02252	0.02071	0.11184	0.01697	0.00803	0.00544	0.00178	0.00425	0.00675	0.00523	0.00787
4	0.02074	0.01041	0.01256	0.00974	0.01353	0.01028	0.00801	0.27836	0.01778	0.44997	0.01742	0.01611	0.01155	0.00634	0.00506	0.00155	0.00467	0.00501	0.09245	0.00845
5	0.00648	0.00462	0.00597	0.00699	0.00731	0.00433	0.00460	0.00730	0.00976	0.01295	0.02815	0.69331	0.06054	0.11046	0.00897	0.00245	0.00325	0.01381	0.00464	0.00411
6	0.01821	0.09501	0.05223	0.01035	0.01423	0.01230	0.00899	0.30935	0.01713	0.26968	0.01466	0.01477	0.01041	0.00992	0.09812	0.00233	0.00629	0.00474	0.02330	0.00800
7	0.10707	0.00563	0.00590	0.00586	0.00635	0.00576	0.00356	0.00847	0.00807	0.01202	0.01795	0.06248	0.06283	0.64284	0.02179	0.00434	0.00471	0.00750	0.00333	0.00356
8	0.00799	0.00623	0.00851	0.00825	0.00873	0.00729	0.00610	0.00914	0.00845	0.01201	0.04224	0.09422	0.01696	0.25520	0.35549	0.00567	0.13310	0.00695	0.00310	0.00435
9	0.05707	0.01293	0.01330	0.01194	0.05474	0.07422	0.00901	0.24151	0.34246	0.08502	0.01621	0.01561	0.01193	0.00639	0.00508	0.00163	0.00510	0.00505	0.02270	0.00810
10	0.01146	0.00909	0.01094	0.05001	0.01327	0.00783	0.00689	0.07284	0.01196	0.05490	0.01384	0.08906	0.04619	0.00600	0.00484	0.00114	0.02624	0.00491	0.00360	0.55501
11	0.14533	0.07974	0.05505	0.01196	0.10421	0.01140	0.02234	0.10480	0.01222	0.03580	0.00950	0.01107	0.00761	0.00487	0.00482	0.00128	0.04524	0.00364	0.01780	0.31132

[dist]
# distance from previous block
# <min> <max>
0	4

[block]
# block no. 4 follows, 47 sequences, length 20
# corresponding to MSA columns:
# 144-163
name=unknown_E
#
# <colnr> <probs for GDERKNQSTAVLIFYWHMCP>
#	G	D	E	R	K	N	Q	S	T	A	V	L	I	F	Y	W	H	M	C	P
0	0.10386	0.01443	0.01363	0.01078	0.01462	0.12356	0.00869	0.43826	0.01878	0.02579	0.01087	0.01185	0.00826	0.02425	0.00519	0.00148	0.00573	0.00410	0.00424	0.15161
1	0.00816	0.00611	0.00807	0.04071	0.07393	0.00632	0.00547	0.00908	0.00931	0.01278	0.13227	0.07475	0.02239	0.49580	0.04003	0.00392	0.03552	0.00772	0.00352	0.00416
2	0.01187	0.00922	0.01091	0.00785	0.01242	0.00700	0.00630	0.01416	0.01115	0.08252	0.01022	0.01139	0.00815	0.00408	0.00397	0.00084	0.00391	0.00327	0.00337	0.77742
3	0.01059	0.00938	0.01429	0.58460	0.02925	0.01128	0.01250	0.07798	0.07180	0.01610	0.05955	0.05647	0.01183	0.00635	0.00535	0.00174	0.00614	0.00555	0.00314	0.00611
4	0.01764	0.02151	0.01505	0.01344	0.01555	0.59898	0.01036	0.03908	0.01349	0.01324	0.00790	0.00993	0.00679	0.00624	0.00751	0.00156	0.18938	0.00366	0.00266	0.00604
5	0.00634	0.00453	0.00604	0.00725	0.00755	0.00423	0.00483	0.00725	0.00997	0.01329	0.02870	0.81358	0.03444	0.01632	0.00665	0.00211	0.00302	0.01480	0.00483	0.00423
6	0.00668	0.00499	0.00584	0.00619	0.00702	0.00455	0.00421	0.00773	0.01071	0.01388	0.13319	0.30030	0.27587	0.18238	0.01058	0.00255	0.00325	0.01134	0.00460	0.00415
7	0.02042	0.01268	0.01434	0.01109	0.01514	0.01344	0.00913	0.50205	0.06839	0.25517	0.01542	0.01448	0.01049	0.00636	0.00522	0.00159	0.00525	0.00493	0.00558	0.00882
8	0.23096	0.00925	0.01096	0.00871	0.01250	0.00885	0.00717	0.02294	0.04056	0.56920	0.01724	0.01547	0.01118	0.00606	0.00473	0.00162	0.00432	0.00465	0.00560	0.00803
9	0.01867	0.08681	0.01475	0.01039	0.01417	0.01340	0.00865	0.42664	0.04416	0.19838	0.01450	0.01455	0.01036	0.02216	0.02417	0.00174	0.00534	0.00476	0.05823	0.00818
10	0.01586	0.31961	0.22951	0.01067	0.01578	0.01398	0.01127	0.04374	0.01239	0.24525	0.01213	0.01251	0.00882	0.02114	0.00486	0.00150	0.00580	0.00396	0.00359	0.00761
11	0.03689	0.67524	0.04143	0.00995	0.01446	0.01924	0.05616	0.05291	0.01143	0.03036	0.00803	0.00917	0.00697	0.00460	0.00368	0.00121	0.00575	0.00316	0.00252	0.00685
12	0.85377	0.01007	0.00765	0.00685	0.01007	0.01168	0.00564	0.01531	0.00886	0.02336	0.00725	0.00846	0.00564	0.00483	0.00322	0.00161	0.00403	0.00282	0.00322	0.00564
13	0.01699	0.01270	0.01331	0.01096	0.01426	0.05692	0.00874	0.36614	0.22484	0.10523	0.01635	0.05816	0.01275	0.03601	0.00626	0.00178	0.01987	0.00564	0.00507	0.00803
14	0.00697	0.00525	0.00633	0.00638	0.00750	0.00481	0.00458	0.00888	0.02821	0.01673	0.36154	0.20080	0.23553	0.07342	0.00777	0.00203	0.00285	0.01073	0.00511	0.00457
15	0.01539	0.01050	0.03682	0.00939	0.01218	0.01090	0.00784	0.31436	0.01649	0.11230	0.01474	0.03572	0.01123	0.00669	0.00579	0.00153	0.07735	0.00503	0.28868	0.00706
16	0.00628	0.00518	0.00553	0.00566	0.00717	0.00442	0.00416	0.00764	0.01185	0.01454	0.11135	0.15621	0.61518	0.01341	0.00622	0.00180	0.00268	0.01139	0.00491	0.00442
17	0.00775	0.00521	0.00712	0.00712	0.00755	0.00565	0.00495	0.00825	0.00782	0.01086	0.01406	0.02473	0.01455	0.32268	0.38548	0.14442	0.00912	0.00614	0.00284	0.00371
18	0.01375	0.77974	0.06612	0.00921	0.01383	0.02017	0.00944	0.01564	0.01060	0.01247	0.00735	0.00849	0.00668	0.00448	0.00342	0.00114	0.00568	0.00284	0.00223	0.00673
19	0.01990	0.00902	0.01158	0.00930	0.01286	0.00847	0.00753	0.02448	0.16657	0.56843	0.08691	0.01991	0.01664	0.00693	0.00533	0.00164	0.00420	0.00573	0.00615	0.00840

[dist]
# distance from previous block
# <min> <max>
0	1

[block]
# block no. 5 follows, 47 sequences, length 12
# corresponding to MSA columns:
# 165-176
name=unknown_F
#
# <colnr> <probs for GDERKNQSTAVLIFYWHMCP>
#	G	D	E	R	K	N	Q	S	T	A	V	L	I	F	Y	W	H	M	C	P
0	0.11684	0.58339	0.12554	0.00963	0.01429	0.04960	0.00993	0.01589	0.01059	0.01420	0.00755	0.00876	0.00654	0.00460	0.00359	0.00126	0.00582	0.00295	0.00236	0.00666
1	0.21294	0.01026	0.01098	0.00837	0.01253	0.00963	0.00681	0.13671	0.01301	0.10791	0.01058	0.01130	0.00799	0.00477	0.00408	0.00119	0.00426	0.00352	0.00384	0.41930
2	0.00783	0.00491	0.00594	0.00601	0.00602	0.00489	0.00355	0.00738	0.00753	0.01004	0.01544	0.07159	0.01758	0.59795	0.02409	0.19109	0.00482	0.00729	0.00305	0.00302
3	0.00939	0.00595	0.00749	0.00673	0.00856	0.00527	0.00515	0.01158	0.01407	0.12000	0.51710	0.03694	0.17509	0.01026	0.00593	0.00162	0.00281	0.00888	0.00555	0.04161
4	0.00940	0.00868	0.01203	0.01113	0.01125	0.01132	0.00880	0.01044	0.00876	0.01283	0.01548	0.32859	0.01775	0.01196	0.01296	0.00221	0.48937	0.00861	0.00329	0.00512
5	0.00650	0.00460	0.00600	0.00706	0.00732	0.00433	0.00463	0.00729	0.00968	0.01290	0.02719	0.71784	0.03254	0.11466	0.00909	0.00248	0.00327	0.01392	0.00463	0.00410
6	0.01411	0.01186	0.01821	0.02519	0.54743	0.03083	0.01346	0.05336	0.06549	0.09977	0.01294	0.06129	0.01082	0.00579	0.00525	0.00160	0.00573	0.00536	0.00344	0.00805
7	0.01507	0.01244	0.01291	0.01107	0.01431	0.03773	0.00882	0.25477	0.48842	0.02465	0.01838	0.01862	0.01403	0.00707	0.00533	0.00172	0.00481	0.03646	0.00517	0.00822
8	0.00722	0.00525	0.00669	0.00719	0.00810	0.00496	0.00540	0.00882	0.01159	0.01540	0.21190	0.23621	0.14036	0.11309	0.00905	0.00238	0.00352	0.19360	0.00483	0.00443
9	0.01264	0.01114	0.01738	0.28275	0.29481	0.01205	0.04353	0.10685	0.05741	0.03313	0.01116	0.02799	0.00888	0.00561	0.00547	0.01646	0.00616	0.00491	0.00310	0.03859
10	0.11783	0.00839	0.01009	0.03924	0.01208	0.00808	0.00678	0.07296	0.03116	0.26353	0.24428	0.02267	0.04454	0.00739	0.00515	0.00155	0.00387	0.00609	0.00518	0.08913
11	0.11413	0.00995	0.01310	0.01225	0.05737	0.01289	0.00927	0.01211	0.00851	0.01403	0.03905	0.01615	0.01053	0.14895	0.01589	0.00261	0.49009	0.00506	0.00270	0.00537

[dist]
# distance from previous block
# <min> <max>
2	5

[block]
# block no. 6 follows, 47 sequences, length 50
# corresponding to MSA columns:
# 183-232
name=unknown_G
#
# <colnr> <probs for GDERKNQSTAVLIFYWHMCP>
#	G	D	E	R	K	N	Q	S	T	A	V	L	I	F	Y	W	H	M	C	P
0	0.36697	0.00945	0.01013	0.00817	0.01184	0.00944	0.00672	0.03823	0.01235	0.39939	0.01420	0.01344	0.00953	0.00564	0.00430	0.00156	0.00423	0.00411	0.02077	0.04954
1	0.00869	0.00569	0.00696	0.00643	0.00813	0.00504	0.00490	0.01073	0.01382	0.10107	0.46249	0.04028	0.28413	0.01102	0.00605	0.00167	0.00273	0.00948	0.00552	0.00517
2	0.01734	0.07847	0.05658	0.01289	0.01603	0.54044	0.05183	0.01937	0.02611	0.05638	0.02508	0.05565	0.00961	0.00602	0.00487	0.00144	0.00815	0.00439	0.00305	0.00630
3	0.05958	0.56580	0.02282	0.00937	0.01359	0.01828	0.00879	0.15480	0.01321	0.05516	0.00906	0.00992	0.00751	0.00586	0.02562	0.00145	0.00569	0.00334	0.00306	0.00708
4	0.00665	0.00485	0.00628	0.00716	0.00772	0.00456	0.00489	0.00815	0.03174	0.01453	0.12483	0.65566	0.07321	0.01519	0.00652	0.00203	0.00296	0.01369	0.00496	0.00444
5	0.01999	0.01088	0.01278	0.01003	0.01378	0.01107	0.00821	0.30304	0.08358	0.37416	0.01728	0.01605	0.01167	0.00639	0.00510	0.00157	0.00472	0.00505	0.07616	0.00847
6	0.00676	0.00523	0.00615	0.00606	0.00744	0.00463	0.00449	0.00859	0.01308	0.01727	0.40095	0.11219	0.36393	0.01224	0.00619	0.00173	0.00258	0.01057	0.00527	0.00463
7	0.01139	0.01139	0.01595	0.01367	0.01367	0.01595	0.01139	0.01253	0.00798	0.01253	0.00684	0.01139	0.00684	0.00911	0.01709	0.00228	0.80745	0.00456	0.00228	0.00570
8	0.01112	0.00944	0.01170	0.09092	0.03462	0.00824	0.00756	0.06730	0.01191	0.01778	0.05276	0.03110	0.01062	0.00496	0.00460	0.00106	0.02144	0.00405	0.00332	0.59551
9	0.01890	0.01414	0.01512	0.01180	0.01581	0.01573	0.00968	0.67042	0.12266	0.03138	0.01364	0.01341	0.00978	0.00636	0.00522	0.00159	0.00552	0.00485	0.00522	0.00878
10	0.85377	0.01007	0.00765	0.00685	0.01007	0.01168	0.00564	0.01531	0.00886	0.02336	0.00725	0.00846	0.00564	0.00483	0.00322	0.00161	0.00403	0.00282	0.00322	0.00564
11	0.01102	0.01130	0.06142	0.30618	0.37698	0.01130	0.01435	0.01451	0.03079	0.01541	0.01168	0.09013	0.01039	0.00604	0.00531	0.00168	0.00619	0.00560	0.00275	0.00694
12	0.00733	0.00517	0.00707	0.05281	0.00951	0.00498	0.00562	0.00886	0.01138	0.03591	0.21256	0.52555	0.03573	0.01394	0.00642	0.00197	0.00322	0.04237	0.00495	0.00463
13	0.06483	0.00892	0.01186	0.00914	0.01313	0.00786	0.00755	0.02488	0.01460	0.74992	0.01988	0.01726	0.01253	0.00637	0.00514	0.00161	0.00441	0.00512	0.00628	0.00870
14	0.00633	0.00457	0.00600	0.00714	0.00752	0.00424	0.00479	0.00726	0.01008	0.01334	0.03004	0.77105	0.07611	0.01614	0.00662	0.00210	0.00300	0.01459	0.00483	0.00424
15	0.01787	0.01219	0.01348	0.01093	0.01461	0.01330	0.00884	0.34307	0.30856	0.17361	0.01736	0.01614	0.01231	0.00660	0.00525	0.00165	0.00487	0.00525	0.00548	0.00862
16	0.00724	0.00532	0.00678	0.00642	0.00770	0.00486	0.00481	0.00958	0.01444	0.02016	0.70490	0.04008	0.12644	0.01091	0.00614	0.00165	0.00248	0.00958	0.00564	0.00486
17	0.54888	0.01273	0.13681	0.00875	0.01267	0.01140	0.00833	0.06299	0.01057	0.07435	0.00929	0.01058	0.00700	0.00738	0.05761	0.00207	0.00544	0.00346	0.00337	0.00633
18	0.01022	0.00968	0.01618	0.68481	0.10798	0.01189	0.01444	0.01352	0.01042	0.01363	0.00917	0.01365	0.00706	0.00537	0.00586	0.00175	0.05138	0.00463	0.00234	0.00602
19	0.01516	0.63044	0.02418	0.00955	0.01361	0.06201	0.00902	0.03801	0.01148	0.08710	0.00868	0.00960	0.00735	0.00501	0.00442	0.00125	0.05035	0.00320	0.00274	0.00686
20	0.26316	0.05288	0.21412	0.01079	0.01497	0.07884	0.01064	0.13266	0.01264	0.04082	0.01033	0.05072	0.00842	0.00600	0.00511	0.00162	0.05027	0.00423	0.02502	0.00675
21	0.15272	0.00821	0.00872	0.03036	0.01020	0.05151	0.04343	0.03107	0.01106	0.05946	0.01384	0.01656	0.01101	0.04114	0.00562	0.00158	0.04633	0.00461	0.44710	0.00546
22	0.00689	0.00484	0.00626	0.00717	0.00753	0.00464	0.00489	0.00780	0.00976	0.01299	0.03925	0.53210	0.03067	0.19644	0.01118	0.00280	0.00368	0.10257	0.00447	0.00407
23	0.06478	0.00939	0.01280	0.05580	0.09764	0.00887	0.00872	0.05136	0.02602	0.54097	0.01756	0.01640	0.01158	0.00608	0.00504	0.00159	0.00469	0.00498	0.04748	0.00824
24	0.00821	0.00589	0.00815	0.00921	0.01041	0.00583	0.00795	0.01053	0.01209	0.01578	0.07155	0.07745	0.05576	0.01418	0.00708	0.00233	0.00454	0.66343	0.00485	0.00477
25	0.00795	0.00560	0.00703	0.00701	0.00805	0.00541	0.00505	0.03603	0.05015	0.01660	0.30438	0.23670	0.12516	0.01332	0.00853	0.14066	0.00316	0.00987	0.00478	0.00454
26	0.01945	0.02482	0.01476	0.01342	0.01610	0.79608	0.01006	0.02079	0.01476	0.01275	0.00805	0.00939	0.00671	0.00537	0.00470	0.00134	0.00939	0.00335	0.00268	0.00604
27	0.00634	0.00453	0.00604	0.00725	0.00755	0.00423	0.00483	0.00725	0.00997	0.01329	0.02870	0.81358	0.03444	0.01632	0.00665	0.00211	0.00302	0.01480	0.00483	0.00423
28	0.00755	0.00639	0.03867	0.00732	0.00875	0.00552	0.00577	0.01043	0.05543	0.01840	0.45845	0.20011	0.09582	0.01178	0.00621	0.00179	0.00301	0.04832	0.00526	0.00502
29	0.01059	0.01020	0.01647	0.65954	0.15375	0.03421	0.01458	0.01394	0.01077	0.01388	0.00931	0.01360	0.00714	0.00512	0.00518	0.00169	0.00689	0.00459	0.00237	0.00618
30	0.85377	0.01007	0.00765	0.00685	0.01007	0.01168	0.00564	0.01531	0.00886	0.02336	0.00725	0.00846	0.00564	0.00483	0.00322	0.00161	0.00403	0.00282	0.00322	0.00564
31	0.01022	0.00965	0.01631	0.70717	0.13016	0.01167	0.01465	0.01364	0.01060	0.01377	0.00932	0.01376	0.00711	0.00514	0.00520	0.00171	0.00685	0.00463	0.00235	0.00610
32	0.00981	0.00853	0.01385	0.67333	0.03098	0.01047	0.01269	0.01311	0.01050	0.01431	0.01052	0.01479	0.00799	0.00535	0.00495	0.00165	0.00620	0.00467	0.14066	0.00563
33	0.01922	0.01489	0.01526	0.01195	0.01593	0.06048	0.00977	0.66419	0.08510	0.03077	0.01296	0.01289	0.00931	0.00627	0.00519	0.00157	0.00581	0.00471	0.00507	0.00865
34	0.00769	0.00506	0.00574	0.00574	0.00585	0.00510	0.00332	0.00790	0.00780	0.01071	0.01634	0.03269	0.01837	0.73914	0.05635	0.00496	0.00526	0.00734	0.05133	0.00331
35	0.05359	0.00779	0.00935	0.00925	0.05292	0.00845	0.00668	0.07081	0.12306	0.07514	0.01603	0.04058	0.01335	0.05744	0.18116	0.00323	0.02435	0.00548	0.23532	0.00604
36	0.01080	0.00697	0.00799	0.00724	0.00900	0.00740	0.03583	0.06010	0.13700	0.02000	0.01760	0.06402	0.01434	0.00683	0.00457	0.00142	0.02039	0.00563	0.55715	0.00572
37	0.01082	0.01017	0.01705	0.58841	0.22968	0.01187	0.01477	0.02889	0.01107	0.01465	0.00946	0.01360	0.00732	0.00508	0.00519	0.00168	0.00672	0.00463	0.00244	0.00648
38	0.00670	0.00512	0.00735	0.00787	0.00857	0.00475	0.04495	0.00791	0.01048	0.01394	0.07118	0.68102	0.08010	0.01518	0.00656	0.00205	0.00327	0.01381	0.00477	0.00443
39	0.31627	0.19061	0.13291	0.00992	0.01442	0.01350	0.04690	0.07421	0.01157	0.08675	0.00941	0.01035	0.00712	0.00494	0.00402	0.00146	0.00532	0.00350	0.00325	0.05356
40	0.01272	0.01214	0.03640	0.18597	0.44144	0.01279	0.02891	0.09639	0.01257	0.01753	0.01003	0.02499	0.00828	0.00547	0.00618	0.00166	0.07141	0.00480	0.00281	0.00750
41	0.01059	0.02403	0.65102	0.01435	0.02153	0.01151	0.05920	0.01608	0.01104	0.01656	0.00940	0.01114	0.00681	0.00478	0.00488	0.00155	0.00728	0.00388	0.00233	0.11203
42	0.02318	0.00916	0.01227	0.00941	0.01344	0.00810	0.00777	0.06454	0.01541	0.74822	0.02012	0.01745	0.01268	0.00644	0.00524	0.00161	0.00450	0.00521	0.00638	0.00886
43	0.05403	0.01435	0.05742	0.01162	0.01568	0.01505	0.00988	0.53443	0.18384	0.02914	0.01396	0.01373	0.01010	0.00629	0.00513	0.00161	0.00542	0.00482	0.00498	0.00852
44	0.00861	0.00533	0.00669	0.00695	0.00815	0.00477	0.00499	0.00967	0.01111	0.10967	0.05282	0.42293	0.24124	0.01412	0.00705	0.04663	0.00319	0.02638	0.00492	0.00478
45	0.00714	0.00528	0.00667	0.00639	0.00766	0.00481	0.00476	0.00936	0.01411	0.01954	0.64010	0.07195	0.16037	0.01126	0.00616	0.00168	0.00251	0.00988	0.00556	0.00481
46	0.02510	0.02771	0.05085	0.13933	0.37389	0.08695	0.03169	0.07288	0.02655	0.09882	0.01101	0.01311	0.00844	0.00515	0.00509	0.00157	0.00644	0.00455	0.00319	0.00767
47	0.00752	0.00526	0.00675	0.00675	0.00712	0.00563	0.00449	0.00826	0.00789	0.01089	0.01543	0.02867	0.01659	0.50822	0.33206	0.00637	0.00858	0.00678	0.00301	0.00375
48	0.12949	0.31565	0.03160	0.00891	0.01243	0.05858	0.00785	0.08795	0.01249	0.13656	0.02867	0.05758	0.01104	0.05097	0.00544	0.00161	0.00513	0.00454	0.02684	0.00665
49	0.11596	0.08729	0.09119	0.00859	0.01207	0.00895	0.02350	0.02583	0.01104	0.08216	0.02837	0.16518	0.02444	0.01916	0.00495	0.00148	0.00434	0.00600	0.06190	0.21760

[dist]
# distance from previous block
# <min> <max>
0	5

[block]
# block no. 7 follows, 47 sequences, length 29
# corresponding to MSA columns:
# 238-266
name=unknown_H
#
# <colnr> <probs for GDERKNQSTAVLIFYWHMCP>
#	G	D	E	R	K	N	Q	S	T	A	V	L	I	F	Y	W	H	M	C	P
0	0.74044	0.01165	0.07652	0.00873	0.04780	0.01175	0.00732	0.01544	0.00919	0.02247	0.00755	0.00889	0.00585	0.00483	0.00346	0.00161	0.00445	0.00300	0.00310	0.00594
1	0.06636	0.29618	0.37468	0.01297	0.05651	0.01516	0.01393	0.01601	0.01065	0.03076	0.00858	0.01018	0.00679	0.00505	0.00506	0.00150	0.05659	0.00353	0.00238	0.00714
2	0.01364	0.01160	0.01645	0.27655	0.20977	0.01308	0.01278	0.23524	0.05367	0.02043	0.01172	0.01555	0.00936	0.00605	0.00573	0.00169	0.03588	0.03995	0.00349	0.00736
3	0.00754	0.00518	0.00635	0.00635	0.00659	0.00541	0.00400	0.00801	0.00777	0.01060	0.01579	0.03067	0.01745	0.62221	0.21925	0.00588	0.00728	0.00707	0.00306	0.00353
4	0.01118	0.00659	0.00799	0.00717	0.00840	0.00659	0.00499	0.07818	0.01103	0.13917	0.09027	0.02863	0.01938	0.45862	0.09609	0.00419	0.00565	0.00692	0.00408	0.00490
5	0.00805	0.00576	0.00796	0.00893	0.01005	0.00567	0.00755	0.01030	0.01217	0.01610	0.13281	0.13086	0.03309	0.01406	0.00699	0.00226	0.00429	0.57341	0.00493	0.00476
6	0.05259	0.00693	0.00882	0.00756	0.00982	0.00645	0.00594	0.04202	0.01486	0.24848	0.49207	0.03024	0.03490	0.00897	0.00570	0.00163	0.00323	0.00770	0.00581	0.00626
7	0.01281	0.00805	0.01039	0.01063	0.07929	0.00806	0.00760	0.08001	0.09981	0.16339	0.13396	0.10652	0.02303	0.03846	0.00647	0.00189	0.00415	0.12732	0.07167	0.00651
8	0.17566	0.18399	0.39313	0.01280	0.05550	0.04578	0.01372	0.03571	0.01104	0.01726	0.00856	0.01003	0.00657	0.00486	0.00429	0.00151	0.00649	0.00347	0.00252	0.00708
9	0.01249	0.14185	0.39504	0.05354	0.02010	0.04379	0.06259	0.08560	0.08816	0.01762	0.01065	0.01201	0.00797	0.00522	0.00482	0.00156	0.00684	0.00415	0.01855	0.00745
10	0.01413	0.01121	0.01818	0.07125	0.53896	0.01121	0.01361	0.01760	0.04955	0.14193	0.05123	0.01537	0.01137	0.00539	0.00523	0.00158	0.00566	0.00504	0.00348	0.00803
11	0.00681	0.00516	0.00628	0.00630	0.00751	0.00463	0.00461	0.00863	0.01297	0.01739	0.41930	0.18783	0.26865	0.01248	0.00624	0.00176	0.00262	0.01091	0.00529	0.00463
12	0.16344	0.02788	0.20694	0.01109	0.01554	0.01288	0.01084	0.25283	0.11416	0.04188	0.01243	0.01360	0.00932	0.00742	0.04219	0.00194	0.00596	0.01493	0.02720	0.00751
13	0.00766	0.00580	0.00694	0.00661	0.00813	0.00537	0.00506	0.04753	0.01411	0.01895	0.46223	0.05622	0.27277	0.01152	0.00617	0.00172	0.00282	0.05009	0.00536	0.00493
14	0.01089	0.01067	0.01525	0.09165	0.01549	0.01468	0.01126	0.01232	0.00825	0.01257	0.00771	0.01244	0.00739	0.01138	0.08499	0.00276	0.65769	0.00465	0.00233	0.00561
15	0.01403	0.22522	0.21677	0.01403	0.01884	0.22987	0.15276	0.01720	0.01213	0.01432	0.00927	0.03528	0.00775	0.00519	0.00475	0.00146	0.00768	0.00421	0.00250	0.00675
16	0.01990	0.01130	0.01327	0.01034	0.01415	0.01157	0.00848	0.36975	0.04758	0.33967	0.08430	0.01723	0.01434	0.00675	0.00531	0.00160	0.00485	0.00538	0.00576	0.00849
17	0.01027	0.02578	0.74731	0.01443	0.02179	0.01172	0.01852	0.01609	0.01105	0.01640	0.01105	0.01335	0.02914	0.00543	0.00504	0.00167	0.00748	0.02361	0.00234	0.00753
18	0.01374	0.66816	0.02437	0.00923	0.01340	0.01917	0.00879	0.01786	0.15420	0.01404	0.00986	0.01043	0.00841	0.00495	0.00371	0.00124	0.00530	0.00337	0.00280	0.00698
19	0.23127	0.00917	0.01098	0.00866	0.01249	0.00866	0.00715	0.02286	0.01339	0.59664	0.01722	0.01541	0.01108	0.00604	0.00473	0.00161	0.00433	0.00463	0.00564	0.00806
20	0.01233	0.01132	0.01834	0.34500	0.40299	0.01242	0.01476	0.08941	0.01252	0.01707	0.00984	0.01326	0.00778	0.00503	0.00518	0.00163	0.00645	0.00464	0.00273	0.00730
21	0.00758	0.00573	0.00689	0.00733	0.00850	0.00552	0.00537	0.01042	0.09702	0.02766	0.09861	0.39405	0.21282	0.01370	0.00636	0.00197	0.00318	0.07739	0.00499	0.00490
22	0.00662	0.00496	0.00603	0.00643	0.00735	0.00449	0.00450	0.00796	0.01151	0.01515	0.21730	0.36425	0.24539	0.06412	0.00763	0.00208	0.00290	0.01198	0.00495	0.00437
23	0.03977	0.00816	0.01194	0.01066	0.01168	0.00947	0.08853	0.01131	0.03339	0.01420	0.01676	0.25251	0.01803	0.08227	0.02509	0.01582	0.24395	0.04326	0.05813	0.00509
24	0.01128	0.02187	0.53798	0.09256	0.02229	0.01240	0.03458	0.05596	0.12716	0.01781	0.01132	0.01271	0.00818	0.00535	0.00507	0.00167	0.00701	0.00433	0.00284	0.00763
25	0.00729	0.00503	0.00645	0.00735	0.00800	0.00483	0.00540	0.00863	0.01040	0.01410	0.02724	0.42470	0.06837	0.10472	0.00872	0.00242	0.00363	0.19921	0.07919	0.00432
26	0.01196	0.33369	0.32003	0.03654	0.01953	0.01531	0.13207	0.01583	0.01116	0.01494	0.03772	0.01158	0.00844	0.00489	0.00456	0.00146	0.00682	0.00403	0.00241	0.00703
27	0.06371	0.01589	0.01239	0.01098	0.01315	0.35163	0.00855	0.05917	0.04057	0.06346	0.01103	0.01266	0.00879	0.00626	0.00649	0.00153	0.13610	0.00409	0.16741	0.00614
28	0.09624	0.17839	0.10097	0.06984	0.09148	0.02387	0.10287	0.10692	0.03531	0.04613	0.01000	0.01160	0.00775	0.00492	0.00457	0.00144	0.00600	0.00407	0.00311	0.09450

[dist]
# distance from previous block
# <min> <max>
0	2

[block]
# block no. 8 follows, 47 sequences, length 52
# corresponding to MSA columns:
# 269-320
name=unknown_I
#
# <colnr> <probs for GDERKNQSTAVLIFYWHMCP>
#	G	D	E	R	K	N	Q	S	T	A	V	L	I	F	Y	W	H	M	C	P
0	0.01308	0.01244	0.02098	0.03140	0.76275	0.01248	0.01581	0.03725	0.01222	0.01746	0.00987	0.01288	0.00827	0.00469	0.00516	0.00155	0.00617	0.00464	0.00265	0.00827
1	0.01052	0.00985	0.01620	0.57786	0.17706	0.01127	0.01394	0.01380	0.01073	0.01438	0.00936	0.01339	0.00727	0.00496	0.00506	0.00160	0.00649	0.00448	0.00244	0.08934
2	0.00718	0.00532	0.00670	0.00636	0.00767	0.00483	0.00477	0.00947	0.01430	0.01984	0.67028	0.04062	0.16125	0.01104	0.00614	0.00166	0.00248	0.00966	0.00560	0.00483
3	0.00754	0.00576	0.00680	0.00761	0.00817	0.03220	0.00517	0.04550	0.01072	0.01406	0.02648	0.70118	0.03132	0.06149	0.00765	0.00223	0.00349	0.01349	0.00468	0.00446
4	0.01105	0.00527	0.00564	0.00534	0.00684	0.00514	0.00408	0.01344	0.01141	0.09794	0.03443	0.01968	0.01410	0.00621	0.00386	0.00126	0.00263	0.00499	0.74142	0.00526
5	0.01406	0.00689	0.00891	0.00789	0.01032	0.00614	0.00633	0.01589	0.01316	0.34333	0.11055	0.04975	0.18568	0.06412	0.00731	0.00202	0.00391	0.13189	0.00550	0.00633
6	0.03945	0.00997	0.02437	0.00972	0.01358	0.00936	0.00804	0.06840	0.16710	0.56207	0.01974	0.01745	0.01300	0.00650	0.00520	0.00164	0.00449	0.00526	0.00601	0.00865
7	0.01202	0.01011	0.01360	0.00988	0.01443	0.00838	0.10200	0.05292	0.03222	0.05276	0.01049	0.01199	0.00833	0.00479	0.01657	0.00112	0.00476	0.00376	0.00334	0.62654
8	0.38685	0.01039	0.00996	0.05393	0.01270	0.06363	0.00697	0.05840	0.01185	0.22713	0.01232	0.01364	0.00910	0.05448	0.00551	0.00179	0.00474	0.00410	0.04598	0.00653
9	0.01167	0.03802	0.36009	0.06759	0.11576	0.03727	0.06646	0.02608	0.07267	0.03053	0.01173	0.01577	0.00950	0.00603	0.00596	0.00173	0.05523	0.05779	0.00285	0.00727
10	0.03223	0.16937	0.01738	0.01275	0.03481	0.42283	0.01003	0.12804	0.01452	0.01587	0.00846	0.00993	0.00705	0.00569	0.00579	0.00144	0.09069	0.00359	0.00293	0.00658
11	0.69756	0.06723	0.05662	0.00785	0.01140	0.05743	0.00694	0.01571	0.00945	0.02158	0.00742	0.00866	0.00583	0.00485	0.00342	0.00156	0.00466	0.00291	0.00306	0.00586
12	0.00701	0.00542	0.00647	0.00690	0.00796	0.00512	0.00490	0.00945	0.07663	0.01538	0.14912	0.42202	0.23670	0.01382	0.00632	0.00192	0.00293	0.01219	0.00501	0.00472
13	0.00635	0.00464	0.00598	0.00699	0.00750	0.00427	0.00473	0.00735	0.01034	0.01361	0.05400	0.69930	0.12424	0.01577	0.00657	0.00206	0.00296	0.01419	0.00486	0.00427
14	0.00759	0.00519	0.00656	0.00659	0.00704	0.00544	0.00441	0.00850	0.00855	0.01206	0.06031	0.06799	0.01927	0.44042	0.26191	0.00551	0.00740	0.00726	0.05414	0.00388
15	0.03838	0.01123	0.01178	0.01051	0.01352	0.01294	0.00821	0.05152	0.71572	0.03422	0.02049	0.01885	0.01531	0.00696	0.00523	0.00175	0.00418	0.00575	0.00525	0.00820
16	0.81643	0.01002	0.00785	0.00696	0.01022	0.01150	0.00573	0.01576	0.00913	0.05775	0.00785	0.00888	0.00597	0.00491	0.00331	0.00161	0.00405	0.00293	0.00337	0.00578
17	0.85377	0.01007	0.00765	0.00685	0.01007	0.01168	0.00564	0.01531	0.00886	0.02336	0.00725	0.00846	0.00564	0.00483	0.00322	0.00161	0.00403	0.00282	0.00322	0.00564
18	0.01062	0.06636	0.75209	0.01455	0.02208	0.01252	0.01873	0.01645	0.01097	0.01628	0.00924	0.01086	0.00660	0.00492	0.00487	0.00162	0.00759	0.00380	0.00220	0.00765
19	0.01387	0.73953	0.07955	0.00942	0.01409	0.01988	0.00966	0.03978	0.01106	0.01320	0.00755	0.00867	0.00675	0.00455	0.00351	0.00117	0.00572	0.00292	0.00232	0.00682
20	0.01079	0.00925	0.01451	0.55372	0.10247	0.01094	0.01265	0.06484	0.01159	0.01593	0.01071	0.01454	0.00818	0.00535	0.00496	0.00163	0.00610	0.00467	0.13109	0.00609
21	0.12139	0.01390	0.01155	0.00981	0.01282	0.21542	0.00774	0.23195	0.01602	0.08707	0.01696	0.01717	0.10605	0.00671	0.00477	0.00150	0.00559	0.00497	0.10194	0.00669
22	0.00657	0.00522	0.00589	0.00588	0.00733	0.00455	0.00435	0.00821	0.01261	0.01619	0.28574	0.12065	0.47305	0.01267	0.00620	0.00175	0.00262	0.01085	0.00513	0.00455
23	0.01268	0.01105	0.01342	0.14000	0.09701	0.01264	0.01003	0.06825	0.50775	0.02039	0.01842	0.01826	0.03369	0.00663	0.00529	0.00173	0.00485	0.00562	0.00452	0.00778
24	0.06880	0.00835	0.01089	0.00859	0.01214	0.00746	0.00703	0.02254	0.01427	0.62488	0.08578	0.01915	0.01566	0.00669	0.00509	0.00159	0.00410	0.00544	0.06349	0.00806
25	0.00905	0.00452	0.00678	0.00678	0.00678	0.00452	0.00452	0.00678	0.00678	0.00905	0.00905	0.01583	0.00905	0.01809	0.02035	0.84848	0.00452	0.00452	0.00226	0.00226
26	0.01392	0.82012	0.02729	0.00891	0.01337	0.02061	0.00891	0.01559	0.01058	0.01225	0.00724	0.00835	0.00668	0.00446	0.00334	0.00111	0.00557	0.00278	0.00223	0.00668
27	0.01080	0.00875	0.00952	0.00878	0.01106	0.00943	0.00665	0.03292	0.42356	0.03641	0.06380	0.12425	0.13478	0.05806	0.00686	0.00196	0.00376	0.00791	0.00501	0.03573
28	0.01452	0.01356	0.01449	0.17111	0.12200	0.17521	0.01086	0.11906	0.14737	0.05372	0.06708	0.01708	0.01292	0.00638	0.00525	0.00162	0.00619	0.03066	0.00385	0.00705
29	0.01906	0.01422	0.01522	0.01183	0.01587	0.01581	0.00972	0.68809	0.10472	0.03164	0.01343	0.01324	0.00961	0.00634	0.00522	0.00158	0.00556	0.00482	0.00522	0.00879
30	0.85377	0.01007	0.00765	0.00685	0.01007	0.01168	0.00564	0.01531	0.00886	0.02336	0.00725	0.00846	0.00564	0.00483	0.00322	0.00161	0.00403	0.00282	0.00322	0.00564
31	0.01283	0.01253	0.02201	0.03105	0.71542	0.01245	0.08436	0.01605	0.01190	0.01698	0.00986	0.01299	0.00822	0.00462	0.00525	0.00157	0.00642	0.00478	0.00258	0.00814
32	0.00852	0.00620	0.00862	0.00796	0.00949	0.00586	0.04900	0.01142	0.05928	0.05673	0.44040	0.20140	0.07740	0.01128	0.00618	0.00177	0.00320	0.02474	0.00531	0.00526
33	0.02268	0.00959	0.01249	0.00962	0.01363	0.00878	0.00793	0.11236	0.03539	0.68007	0.01962	0.01716	0.01249	0.00644	0.00524	0.00161	0.00458	0.00519	0.00627	0.00885
34	0.00923	0.00694	0.00927	0.00868	0.00991	0.00794	0.00674	0.10343	0.01045	0.01454	0.01585	0.02146	0.06475	0.07491	0.50805	0.05483	0.05899	0.00583	0.00319	0.00500
35	0.01395	0.01037	0.01245	0.16895	0.01720	0.01164	0.02388	0.29351	0.11948	0.02341	0.01422	0.01565	0.01064	0.00606	0.00481	0.00153	0.00491	0.00491	0.23540	0.00702
