[name]
unknown

[dist]
# distance from previous block
# <min> <max>
0	69

[block]
# block no. 0 follows, 42 sequences, length 10
# corresponding to MSA columns:
# 101-110
name=unknown_A
#
# <colnr> <probs for GDERKNQSTAVLIFYWHMCP>
#	G	D	E	R	K	N	Q	S	T	A	V	L	I	F	Y	W	H	M	C	P
0	0.01707	0.01334	0.05231	0.14179	0.01988	0.02999	0.01090	0.29564	0.04173	0.12134	0.01436	0.01695	0.01088	0.00657	0.00548	0.00164	0.00598	0.04365	0.00465	0.14586
1	0.07575	0.01305	0.05409	0.03074	0.01544	0.01309	0.00949	0.38693	0.05441	0.04522	0.09248	0.11024	0.01731	0.00825	0.00568	0.00175	0.00528	0.00669	0.00515	0.04896
2	0.16856	0.01279	0.04089	0.07421	0.17062	0.01302	0.08668	0.09800	0.13460	0.08614	0.01358	0.01527	0.01032	0.02632	0.00589	0.00185	0.00599	0.00511	0.00405	0.02609
3	0.25880	0.04833	0.01405	0.03086	0.09987	0.01249	0.00916	0.16245	0.01533	0.20067	0.05015	0.01477	0.01145	0.00617	0.00490	0.00166	0.00514	0.00469	0.00470	0.04438
4	0.01284	0.01213	0.01991	0.28221	0.45495	0.01314	0.01594	0.01750	0.08238	0.01754	0.01155	0.01495	0.00922	0.00546	0.00560	0.00176	0.00675	0.00514	0.00297	0.00803
5	0.01393	0.01337	0.02284	0.03454	0.76712	0.01337	0.01727	0.01727	0.01281	0.01839	0.01059	0.01393	0.00891	0.00501	0.00557	0.00167	0.00669	0.00501	0.00279	0.00891
6	0.01104	0.01045	0.01751	0.67561	0.11246	0.01281	0.01564	0.01464	0.01129	0.01475	0.00994	0.01477	0.00764	0.00576	0.00621	0.00188	0.04354	0.00500	0.00253	0.00652
7	0.04455	0.01045	0.01627	0.24737	0.05768	0.01039	0.11471	0.01564	0.03530	0.05857	0.03414	0.07615	0.01215	0.00629	0.00543	0.00160	0.00598	0.00578	0.00350	0.23805
8	0.01035	0.00932	0.01531	0.66752	0.03396	0.01139	0.01396	0.01393	0.01176	0.01556	0.08789	0.01809	0.01255	0.00628	0.00564	0.00184	0.00675	0.00555	0.04627	0.00610
9	0.10089	0.16323	0.22686	0.01185	0.01716	0.01404	0.02898	0.13880	0.01484	0.13388	0.04813	0.01510	0.03220	0.00621	0.00503	0.00163	0.00612	0.00474	0.00401	0.02629

[dist]
# distance from previous block
# <min> <max>
6	32

[block]
# block no. 1 follows, 42 sequences, length 30
# corresponding to MSA columns:
# 143-172
name=unknown_B
#
# <colnr> <probs for GDERKNQSTAVLIFYWHMCP>
#	G	D	E	R	K	N	Q	S	T	A	V	L	I	F	Y	W	H	M	C	P
0	0.03216	0.01533	0.13614	0.02772	0.02146	0.04617	0.30370	0.01891	0.06692	0.11404	0.03803	0.01853	0.05591	0.00716	0.02243	0.00199	0.03492	0.00619	0.02475	0.00755
1	0.03973	0.01050	0.01116	0.00955	0.01236	0.04155	0.00742	0.18824	0.12164	0.13345	0.02053	0.08649	0.05524	0.08077	0.02439	0.00221	0.00502	0.00679	0.11551	0.02746
2	0.00984	0.03575	0.10688	0.00962	0.01199	0.00827	0.02023	0.06854	0.05739	0.01722	0.05455	0.38337	0.02558	0.10263	0.00886	0.00236	0.00468	0.01056	0.00451	0.05718
3	0.05329	0.01319	0.01418	0.02733	0.01563	0.01419	0.00922	0.47863	0.07424	0.02956	0.04664	0.01935	0.09601	0.00753	0.00557	0.00167	0.00534	0.00588	0.00526	0.07730
4	0.00737	0.00501	0.00651	0.00767	0.00815	0.00474	0.00527	0.00861	0.01100	0.01523	0.02954	0.67583	0.03443	0.01629	0.00685	0.00219	0.00329	0.04940	0.09795	0.00468
5	0.01143	0.02630	0.65217	0.01555	0.02337	0.01250	0.05419	0.01742	0.01193	0.01789	0.01015	0.01202	0.00733	0.00519	0.00528	0.00168	0.00791	0.00419	0.00251	0.10101
6	0.01355	0.28002	0.33608	0.04337	0.03372	0.09656	0.06232	0.01755	0.01221	0.01568	0.00997	0.03658	0.00828	0.00558	0.00491	0.00158	0.00761	0.00432	0.00258	0.00753
7	0.01765	0.09624	0.06533	0.01289	0.01624	0.38316	0.03186	0.11572	0.04685	0.01724	0.01054	0.01242	0.00858	0.00742	0.00695	0.09497	0.00795	0.00420	0.03706	0.00673
8	0.00873	0.00622	0.00762	0.00810	0.00883	0.00618	0.00550	0.09080	0.01206	0.01609	0.02662	0.57100	0.03105	0.16027	0.01094	0.00280	0.00399	0.01334	0.00494	0.00492
9	0.01414	0.01309	0.01215	0.01106	0.01380	0.13088	0.00851	0.09464	0.38589	0.02137	0.05118	0.10987	0.07342	0.00920	0.00593	0.00187	0.00521	0.02502	0.00519	0.00759
10	0.00857	0.00596	0.00676	0.00638	0.00694	0.00568	0.00377	0.00885	0.00857	0.01174	0.01687	0.03401	0.01910	0.71288	0.02590	0.00494	0.00531	0.00764	0.00340	0.09669
11	0.01990	0.01653	0.01595	0.01286	0.01689	0.11944	0.01037	0.51026	0.16772	0.03022	0.01470	0.01452	0.01074	0.00680	0.00557	0.00170	0.00639	0.00513	0.00528	0.00903
12	0.01505	0.80561	0.02949	0.00963	0.01444	0.02227	0.00963	0.01685	0.01143	0.01324	0.00782	0.00903	0.00722	0.00481	0.00361	0.00120	0.00602	0.00301	0.00241	0.00722
13	0.01400	0.01209	0.01273	0.01145	0.01463	0.01400	0.00891	0.02990	0.75695	0.02354	0.02291	0.02100	0.01718	0.00764	0.00573	0.00191	0.00445	0.00636	0.00573	0.00891
14	0.00867	0.00643	0.00784	0.00863	0.00949	0.02207	0.00621	0.06858	0.01243	0.01649	0.02872	0.61475	0.03330	0.01602	0.00701	0.00224	0.00386	0.09943	0.02272	0.00510
15	0.00839	0.00594	0.00736	0.00703	0.00862	0.00535	0.00537	0.01070	0.01497	0.05081	0.50973	0.04545	0.23463	0.01226	0.00666	0.00185	0.00293	0.05070	0.00592	0.00533
16	0.02525	0.00958	0.01306	0.01001	0.01437	0.00827	0.00827	0.02743	0.01611	0.77102	0.02220	0.01915	0.01393	0.00697	0.00566	0.00174	0.00479	0.00566	0.00697	0.00958
17	0.00683	0.00499	0.00644	0.00760	0.00810	0.00459	0.00512	0.00786	0.01100	0.01446	0.03393	0.71521	0.11868	0.01725	0.00712	0.00224	0.00322	0.01554	0.00522	0.00459
18	0.01163	0.01158	0.02105	0.50949	0.11733	0.01316	0.17171	0.01545	0.01175	0.01557	0.01026	0.01481	0.00788	0.00554	0.00636	0.00188	0.03977	0.00535	0.00260	0.00683
19	0.00819	0.00607	0.00792	0.00890	0.01021	0.00580	0.00740	0.01028	0.01262	0.01611	0.03646	0.16246	0.20784	0.01552	0.00742	0.00238	0.00436	0.45985	0.00520	0.00499
20	0.00898	0.00645	0.00895	0.01020	0.01152	0.00642	0.00890	0.01153	0.01295	0.01678	0.03075	0.06315	0.05792	0.01550	0.00773	0.00257	0.00510	0.70423	0.00518	0.00517
21	0.01096	0.00952	0.01504	0.59370	0.03151	0.01177	0.01342	0.03073	0.01151	0.01586	0.01125	0.01575	0.00865	0.00608	0.00621	0.00182	0.05911	0.00504	0.13592	0.00616
22	0.03935	0.01108	0.02785	0.01064	0.01490	0.01037	0.00885	0.11625	0.11918	0.54811	0.02071	0.01837	0.01355	0.00697	0.00562	0.00176	0.00497	0.00560	0.00647	0.00939
23	0.01324	0.01506	0.03254	0.02334	0.02880	0.01436	0.71579	0.01784	0.01309	0.01784	0.01122	0.01506	0.00849	0.00496	0.00714	0.00192	0.04240	0.00657	0.00283	0.00753
24	0.00818	0.00546	0.00614	0.00614	0.00614	0.00546	0.00341	0.00818	0.00818	0.01091	0.01773	0.03683	0.02046	0.80222	0.02864	0.00546	0.00546	0.00818	0.00341	0.00341
25	0.01167	0.01000	0.01167	0.00834	0.01334	0.00750	0.00667	0.01417	0.01167	0.01834	0.01000	0.01167	0.00834	0.00417	0.00417	0.00083	0.00417	0.00333	0.00333	0.83663
26	0.01353	0.01295	0.02058	0.19228	0.27331	0.03068	0.10969	0.08153	0.04347	0.01831	0.01138	0.03500	0.00945	0.00639	0.00755	0.00188	0.11569	0.00553	0.00313	0.00767
27	0.00776	0.00660	0.00673	0.00685	0.00850	0.03033	0.00509	0.02151	0.02847	0.01563	0.06231	0.16645	0.51649	0.04385	0.00753	0.00211	0.00346	0.05028	0.00512	0.00493
28	0.01334	0.31693	0.32550	0.01294	0.01880	0.03686	0.02829	0.01868	0.09515	0.01652	0.01058	0.01186	0.00837	0.00551	0.00515	0.00156	0.03252	0.00401	0.00282	0.03464
29	0.01402	0.01420	0.02484	0.03157	0.58483	0.03855	0.17312	0.01760	0.01302	0.01816	0.01070	0.01407	0.00878	0.00498	0.00578	0.00171	0.00740	0.00532	0.00280	0.00855

[dist]
# distance from previous block
# <min> <max>
1	3

[block]
# block no. 2 follows, 42 sequences, length 25
# corresponding to MSA columns:
# 176-200
name=unknown_C
#
# <colnr> <probs for GDERKNQSTAVLIFYWHMCP>
#	G	D	E	R	K	N	Q	S	T	A	V	L	I	F	Y	W	H	M	C	P
0	0.00907	0.00675	0.00778	0.00727	0.00921	0.00639	0.00553	0.01300	0.11351	0.05458	0.36114	0.04280	0.31808	0.01183	0.00648	0.00184	0.00307	0.01011	0.00580	0.00577
1	0.01240	0.01500	0.10849	0.16925	0.07201	0.01292	0.39535	0.01680	0.01252	0.01736	0.01077	0.01429	0.00818	0.00493	0.00595	0.00174	0.00818	0.00556	0.00278	0.10552
2	0.01167	0.01000	0.01167	0.00834	0.01334	0.00750	0.00667	0.01417	0.01167	0.01834	0.01000	0.01167	0.00834	0.00417	0.00417	0.00083	0.00417	0.00333	0.00333	0.83663
3	0.00818	0.00546	0.00614	0.00614	0.00614	0.00546	0.00341	0.00818	0.00818	0.01091	0.01773	0.03683	0.02046	0.80222	0.02864	0.00546	0.00546	0.00818	0.00341	0.00341
4	0.00693	0.00571	0.00609	0.00600	0.00777	0.00487	0.00450	0.00862	0.01349	0.01678	0.20857	0.05156	0.61229	0.01366	0.00665	0.00187	0.00281	0.01151	0.00543	0.00487
5	0.00686	0.00490	0.00653	0.00784	0.00816	0.00457	0.00522	0.00784	0.01077	0.01437	0.03102	0.79855	0.03722	0.01763	0.00718	0.00229	0.00326	0.01600	0.00522	0.00457
6	0.01184	0.01221	0.02360	0.44989	0.07155	0.01323	0.30341	0.01596	0.01213	0.01601	0.01058	0.01502	0.00798	0.00525	0.00602	0.00187	0.00824	0.00565	0.00265	0.00691
7	0.02139	0.01576	0.01689	0.01295	0.01745	0.01745	0.01070	0.74835	0.02646	0.03547	0.01351	0.01351	0.00957	0.00676	0.00563	0.00169	0.00619	0.00507	0.00563	0.00957
8	0.01328	0.01518	0.03321	0.02372	0.02941	0.01423	0.74668	0.01803	0.01328	0.01803	0.01139	0.01518	0.00854	0.00474	0.00664	0.00190	0.00949	0.00664	0.00285	0.00759
9	0.00688	0.00497	0.00652	0.00771	0.00814	0.00461	0.00518	0.00794	0.01105	0.01469	0.05751	0.73600	0.07347	0.01725	0.00714	0.00225	0.00322	0.01560	0.00526	0.00461
10	0.00804	0.00603	0.00904	0.00904	0.01005	0.00703	0.00703	0.01005	0.00904	0.01306	0.01507	0.02211	0.01407	0.04221	0.77992	0.00904	0.01507	0.00603	0.00301	0.00502
11	0.02139	0.01576	0.01689	0.01295	0.01745	0.01745	0.01070	0.74835	0.02646	0.03547	0.01351	0.01351	0.00957	0.00676	0.00563	0.00169	0.00619	0.00507	0.00563	0.00957
12	0.02098	0.01536	0.01644	0.01265	0.01704	0.01699	0.01044	0.72023	0.02590	0.03491	0.01370	0.01380	0.00976	0.00675	0.00556	0.00167	0.00606	0.00507	0.03729	0.00941
13	0.00781	0.00566	0.00736	0.00711	0.00835	0.00522	0.00527	0.01025	0.01530	0.02148	0.66554	0.11912	0.07596	0.01222	0.00669	0.00183	0.00272	0.01083	0.00606	0.00522
14	0.01516	0.01603	0.05387	0.02854	0.55085	0.13105	0.01568	0.06297	0.01404	0.01859	0.01105	0.03619	0.00945	0.00563	0.00554	0.00166	0.00716	0.00509	0.00303	0.00843
15	0.01505	0.80561	0.02949	0.00963	0.01444	0.02227	0.00963	0.01685	0.01143	0.01324	0.00782	0.00903	0.00722	0.00481	0.00361	0.00120	0.00602	0.00301	0.00241	0.00722
16	0.01063	0.01000	0.01688	0.78870	0.03876	0.01250	0.01563	0.01438	0.01125	0.01438	0.01000	0.01500	0.00750	0.00563	0.00563	0.00188	0.00750	0.00500	0.00250	0.00625
17	0.01400	0.01209	0.01273	0.01145	0.01463	0.01400	0.00891	0.02990	0.75695	0.02354	0.02291	0.02100	0.01718	0.00764	0.00573	0.00191	0.00445	0.00636	0.00573	0.00891
18	0.01326	0.01548	0.05777	0.02269	0.02832	0.01418	0.67577	0.01875	0.05917	0.01836	0.01205	0.01542	0.00902	0.00494	0.00654	0.00189	0.00914	0.00654	0.00301	0.00770
19	0.00903	0.00599	0.00786	0.00726	0.00878	0.00549	0.00549	0.01166	0.01594	0.06880	0.71832	0.04062	0.05068	0.01122	0.00658	0.00177	0.00279	0.00990	0.00624	0.00557
20	0.01505	0.80561	0.02949	0.00963	0.01444	0.02227	0.00963	0.01685	0.01143	0.01324	0.00782	0.00903	0.00722	0.00481	0.00361	0.00120	0.00602	0.00301	0.00241	0.00722
21	0.01056	0.00985	0.01653	0.75435	0.03756	0.01224	0.01534	0.01426	0.01133	0.01449	0.01088	0.01714	0.00860	0.00606	0.00572	0.00191	0.00740	0.03696	0.00262	0.00620
22	0.01271	0.25987	0.52804	0.01409	0.02119	0.04008	0.01716	0.01768	0.01188	0.01633	0.00938	0.01098	0.00716	0.00520	0.00482	0.00160	0.00769	0.00380	0.00240	0.00793
23	0.00686	0.00490	0.00653	0.00784	0.00816	0.00457	0.00522	0.00784	0.01077	0.01437	0.03102	0.79855	0.03722	0.01763	0.00718	0.00229	0.00326	0.01600	0.00522	0.00457
24	0.01129	0.02911	0.77306	0.01604	0.02436	0.01307	0.02079	0.01782	0.01188	0.01782	0.01010	0.01188	0.00713	0.00535	0.00535	0.00178	0.00832	0.00416	0.00238	0.00832

[dist]
# distance from previous block
# <min> <max>
0	5

[block]
# block no. 3 follows, 42 sequences, length 43
# corresponding to MSA columns:
# 206-248
name=unknown_D
#
# <colnr> <probs for GDERKNQSTAVLIFYWHMCP>
#	G	D	E	R	K	N	Q	S	T	A	V	L	I	F	Y	W	H	M	C	P
0	0.01825	0.01529	0.08002	0.02838	0.01681	0.02990	0.01063	0.51526	0.05360	0.03047	0.04253	0.01557	0.01179	0.00679	0.00545	0.00167	0.00587	0.00523	0.09783	0.00866
1	0.00697	0.00494	0.00650	0.00769	0.00799	0.00465	0.00507	0.00787	0.01056	0.01408	0.02990	0.73445	0.03581	0.08366	0.00899	0.00255	0.00345	0.01534	0.00507	0.00447
2	0.01197	0.01134	0.01922	0.44518	0.35265	0.01270	0.01610	0.01548	0.01192	0.01611	0.01073	0.03239	0.00879	0.00564	0.00564	0.00180	0.00705	0.00526	0.00269	0.00736
3	0.01194	0.01233	0.04309	0.50706	0.19790	0.03771	0.07882	0.01570	0.01194	0.01567	0.01021	0.01453	0.00788	0.00541	0.00567	0.00182	0.00760	0.00507	0.00260	0.00703
4	0.01296	0.31698	0.40170	0.01436	0.02098	0.01664	0.09275	0.01774	0.02765	0.01626	0.00966	0.01136	0.00752	0.00513	0.00484	0.00158	0.00750	0.00404	0.00251	0.00784
5	0.05725	0.01345	0.02150	0.17210	0.48950	0.05234	0.07873	0.01702	0.01255	0.01773	0.01030	0.01379	0.00838	0.00516	0.00554	0.00172	0.00713	0.00498	0.00278	0.00803
6	0.00845	0.00583	0.00765	0.00721	0.00858	0.00537	0.00540	0.01101	0.01570	0.04547	0.70707	0.07641	0.05114	0.01165	0.00663	0.00179	0.00275	0.01031	0.00617	0.00541
7	0.00713	0.00523	0.00670	0.00737	0.00816	0.00479	0.00513	0.00862	0.01243	0.01670	0.23417	0.50224	0.12944	0.01555	0.00697	0.00210	0.00305	0.01391	0.00549	0.00479
8	0.01063	0.01000	0.01688	0.78870	0.03876	0.01250	0.01563	0.01438	0.01125	0.01438	0.01000	0.01500	0.00750	0.00563	0.00563	0.00188	0.00750	0.00500	0.00250	0.00625
9	0.00806	0.00646	0.00729	0.00712	0.00884	0.00612	0.00531	0.01172	0.11039	0.01859	0.27965	0.12406	0.35993	0.01285	0.00658	0.00190	0.00304	0.01104	0.00561	0.00545
10	0.00818	0.00546	0.00614	0.00614	0.00614	0.00546	0.00341	0.00818	0.00818	0.01091	0.01773	0.03683	0.02046	0.80222	0.02864	0.00546	0.00546	0.00818	0.00341	0.00341
11	0.01393	0.01337	0.02284	0.03454	0.76712	0.01337	0.01727	0.01727	0.01281	0.01839	0.01059	0.01393	0.00891	0.00501	0.00557	0.00167	0.00669	0.00501	0.00279	0.00891
12	0.00686	0.00490	0.00653	0.00784	0.00816	0.00457	0.00522	0.00784	0.01077	0.01437	0.03102	0.79855	0.03722	0.01763	0.00718	0.00229	0.00326	0.01600	0.00522	0.00457
13	0.02008	0.02274	0.01613	0.01409	0.01708	0.52795	0.01089	0.17157	0.04565	0.01860	0.01012	0.01144	0.00812	0.00641	0.00636	0.00160	0.07630	0.00414	0.00353	0.00721
14	0.01526	0.01271	0.01343	0.01171	0.01511	0.01459	0.00921	0.15210	0.63270	0.02557	0.02131	0.01972	0.01588	0.00749	0.00571	0.00187	0.00475	0.00614	0.00571	0.00902
15	0.84197	0.01088	0.00827	0.00740	0.01088	0.01262	0.00609	0.01654	0.00958	0.02525	0.00784	0.00914	0.00609	0.00522	0.00348	0.00174	0.00435	0.00305	0.00348	0.00609
16	0.01334	0.01502	0.03232	0.02465	0.09281	0.01416	0.68400	0.01796	0.01324	0.01806	0.01132	0.01507	0.00857	0.00477	0.00655	0.00188	0.00925	0.00650	0.00284	0.00770
17	0.01505	0.80561	0.02949	0.00963	0.01444	0.02227	0.00963	0.01685	0.01143	0.01324	0.00782	0.00903	0.00722	0.00481	0.00361	0.00120	0.00602	0.00301	0.00241	0.00722
18	0.01505	0.80561	0.02949	0.00963	0.01444	0.02227	0.00963	0.01685	0.01143	0.01324	0.00782	0.00903	0.00722	0.00481	0.00361	0.00120	0.00602	0.00301	0.00241	0.00722
19	0.01196	0.01172	0.01628	0.01403	0.01403	0.01622	0.01155	0.01308	0.00858	0.01332	0.00828	0.01442	0.00851	0.07794	0.01934	0.00272	0.72434	0.00520	0.00254	0.00592
20	0.06941	0.00965	0.01280	0.00987	0.01418	0.00851	0.00815	0.02684	0.01575	0.73070	0.02143	0.01861	0.01351	0.00687	0.00554	0.00174	0.00477	0.00552	0.00678	0.00939
21	0.00683	0.00571	0.00595	0.00589	0.00771	0.00483	0.00442	0.00842	0.01325	0.01621	0.15365	0.05250	0.66756	0.01388	0.00665	0.00188	0.00282	0.01164	0.00536	0.00483
22	0.00880	0.00639	0.00869	0.00984	0.01120	0.00628	0.00853	0.01126	0.01294	0.01666	0.03286	0.06243	0.11484	0.01540	0.00765	0.00251	0.00492	0.64848	0.00519	0.00513
23	0.00803	0.00539	0.00618	0.00633	0.00637	0.00536	0.00362	0.00814	0.00848	0.01130	0.01924	0.12322	0.02236	0.71324	0.02621	0.00510	0.00521	0.00907	0.00362	0.00354
24	0.00750	0.00544	0.00706	0.00813	0.00886	0.00515	0.00598	0.00888	0.01140	0.01486	0.03279	0.46896	0.11904	0.07120	0.00877	0.00254	0.00387	0.19981	0.00509	0.00467
25	0.01406	0.60145	0.22499	0.01131	0.01705	0.01985	0.01256	0.01711	0.01155	0.01444	0.00842	0.00978	0.00720	0.00495	0.00407	0.00136	0.00662	0.00331	0.00240	0.00751
26	0.01505	0.80561	0.02949	0.00963	0.01444	0.02227	0.00963	0.01685	0.01143	0.01324	0.00782	0.00903	0.00722	0.00481	0.00361	0.00120	0.00602	0.00301	0.00241	0.00722
27	0.00804	0.00603	0.00904	0.00904	0.01005	0.00703	0.00703	0.01005	0.00904	0.01306	0.01507	0.02211	0.01407	0.04221	0.77992	0.00904	0.01507	0.00603	0.00301	0.00502
28	0.00697	0.00513	0.00639	0.00727	0.00792	0.00471	0.00492	0.00805	0.01124	0.01470	0.07254	0.56289	0.17564	0.07325	0.00860	0.00241	0.00331	0.01435	0.00514	0.00456
29	0.01680	0.04622	0.01887	0.02183	0.32649	0.22874	0.01311	0.12998	0.01543	0.01940	0.01069	0.01296	0.00873	0.00586	0.00600	0.00162	0.05150	0.00457	0.05331	0.00791
30	0.01321	0.01569	0.06054	0.02344	0.02923	0.01419	0.71986	0.01802	0.01323	0.01802	0.01134	0.01506	0.00849	0.00477	0.00659	0.00189	0.00944	0.00655	0.00283	0.00762
31	0.00741	0.00582	0.00677	0.00690	0.00850	0.00518	0.00536	0.00935	0.01365	0.01748	0.24731	0.07211	0.42997	0.01379	0.00684	0.00199	0.00319	0.12790	0.00549	0.00497
32	0.01493	0.24025	0.37971	0.01443	0.06733	0.01506	0.01525	0.04262	0.01293	0.13067	0.01143	0.01237	0.00837	0.00547	0.00494	0.00161	0.00697	0.00415	0.00321	0.00828
33	0.08253	0.00943	0.01281	0.32040	0.02187	0.01126	0.01041	0.07055	0.03995	0.01721	0.01384	0.08813	0.01282	0.11552	0.00992	0.00239	0.08684	0.00632	0.06183	0.00598
34	0.01570	0.00785	0.01011	0.00845	0.01126	0.00711	0.00671	0.05538	0.01621	0.33367	0.34011	0.03237	0.11185	0.00967	0.00618	0.00177	0.00375	0.00822	0.00638	0.00724
35	0.01137	0.00821	0.01058	0.02870	0.07604	0.00809	0.00760	0.11874	0.01653	0.06601	0.40130	0.03621	0.12939	0.01042	0.00638	0.00181	0.00391	0.04667	0.00560	0.00643
36	0.01376	0.01439	0.06855	0.06503	0.60734	0.01350	0.07992	0.03639	0.01309	0.01859	0.01068	0.01395	0.00873	0.00508	0.00565	0.00171	0.00705	0.00510	0.00283	0.00866
37	0.01114	0.01038	0.01727	0.71813	0.08615	0.01269	0.01560	0.03435	0.01177	0.01521	0.01014	0.01489	0.00765	0.00562	0.00562	0.00186	0.00741	0.00500	0.00260	0.00652
38	0.01010	0.00742	0.00899	0.00914	0.01073	0.00747	0.00722	0.13370	0.01433	0.01870	0.03094	0.25923	0.14191	0.05690	0.00820	0.00240	0.00447	0.25739	0.00518	0.00559
39	0.11820	0.02383	0.54823	0.03170	0.08677	0.01283	0.01777	0.01787	0.02950	0.03186	0.01076	0.01315	0.00802	0.00559	0.00520	0.00179	0.00744	0.01872	0.00277	0.00802
40	0.20395	0.03166	0.24258	0.01214	0.03757	0.01221	0.01197	0.08310	0.06774	0.19773	0.01507	0.01508	0.03305	0.00624	0.00506	0.00175	0.00587	0.00474	0.00433	0.00814
41	0.01332	0.01399	0.06087	0.12235	0.54711	0.01336	0.11210	0.01705	0.01264	0.01783	0.01060	0.01412	0.00861	0.00507	0.00571	0.00173	0.00723	0.00518	0.00274	0.00839
42	0.03899	0.11301	0.03552	0.10491	0.43289	0.10903	0.01461	0.01722	0.01276	0.01685	0.01130	0.01489	0.02419	0.00563	0.00528	0.00164	0.00696	0.02362	0.00285	0.00785

[dist]
# distance from previous block
# <min> <max>
2	4

[block]
# block no. 4 follows, 42 sequences, length 25
# corresponding to MSA columns:
# 254-278
name=unknown_E
#
# <colnr> <probs for GDERKNQSTAVLIFYWHMCP>
#	G	D	E	R	K	N	Q	S	T	A	V	L	I	F	Y	W	H	M	C	P
0	0.00941	0.00755	0.00861	0.00922	0.03219	0.04038	0.00639	0.05819	0.06616	0.01697	0.06632	0.42481	0.10036	0.05018	0.04074	0.00251	0.00449	0.02401	0.02606	0.00547
1	0.01467	0.06206	0.44206	0.03205	0.03402	0.01258	0.03128	0.07670	0.01379	0.14917	0.01352	0.01435	0.02506	0.00587	0.00534	0.00170	0.00704	0.00467	0.01713	0.03694
2	0.00777	0.00574	0.00725	0.00687	0.00829	0.00523	0.00516	0.01024	0.01547	0.02147	0.65900	0.04384	0.15894	0.01191	0.00664	0.00179	0.00268	0.01043	0.00605	0.00523
3	0.00818	0.00546	0.00614	0.00614	0.00614	0.00546	0.00341	0.00818	0.00818	0.01091	0.01773	0.03683	0.02046	0.80222	0.02864	0.00546	0.00546	0.00818	0.00341	0.00341
4	0.12133	0.10550	0.42116	0.01766	0.16893	0.01380	0.01651	0.01714	0.01168	0.01832	0.01028	0.03504	0.00825	0.00557	0.00502	0.00171	0.00708	0.00441	0.00269	0.00792
5	0.00966	0.00489	0.00730	0.00735	0.00736	0.00488	0.00490	0.00735	0.00746	0.00995	0.01060	0.04728	0.01083	0.01948	0.02142	0.80407	0.00482	0.00532	0.00255	0.00253
6	0.00813	0.00543	0.00615	0.00621	0.00622	0.00542	0.00349	0.00817	0.00829	0.01106	0.01830	0.06946	0.02118	0.76861	0.02772	0.00532	0.00536	0.00852	0.00349	0.00346
7	0.01282	0.01616	0.16957	0.14463	0.41369	0.01329	0.11405	0.01704	0.01246	0.01762	0.01051	0.01386	0.00830	0.00514	0.00568	0.00175	0.00750	0.00506	0.00267	0.00822
8	0.06243	0.01317	0.10017	0.12290	0.04523	0.01250	0.01106	0.15716	0.20907	0.02266	0.07036	0.03745	0.06840	0.00792	0.00575	0.00185	0.00550	0.03418	0.00459	0.00765
9	0.01127	0.01079	0.01554	0.09598	0.01637	0.01467	0.01160	0.01292	0.00899	0.01354	0.00922	0.01458	0.00875	0.01596	0.17139	0.00373	0.55104	0.00516	0.00258	0.00594
10	0.00796	0.00575	0.00752	0.00708	0.00841	0.00531	0.00531	0.01062	0.01593	0.02257	0.76415	0.04204	0.05310	0.01150	0.00664	0.00177	0.00265	0.01018	0.00619	0.00531
11	0.00697	0.00549	0.00630	0.00666	0.00800	0.00483	0.00484	0.00847	0.01266	0.01604	0.14841	0.27266	0.42827	0.01490	0.00684	0.00202	0.00301	0.03349	0.00536	0.00479
12	0.01395	0.31570	0.09362	0.01198	0.01580	0.09795	0.02788	0.01648	0.02348	0.01484	0.00948	0.01270	0.00850	0.00705	0.02357	0.00172	0.16211	0.02611	0.00275	0.11433
13	0.01953	0.01344	0.01464	0.01163	0.01548	0.02744	0.00943	0.49158	0.07068	0.12659	0.05271	0.05215	0.01430	0.02177	0.00611	0.00179	0.00554	0.00601	0.03037	0.00880
14	0.01360	0.01310	0.02196	0.06821	0.65250	0.01374	0.01667	0.01674	0.01229	0.01768	0.01022	0.01381	0.00868	0.00556	0.00695	0.00177	0.09029	0.00500	0.00274	0.00849
15	0.00778	0.00584	0.00737	0.00824	0.00903	0.00568	0.00567	0.01040	0.09022	0.01548	0.02943	0.68868	0.03409	0.01610	0.00692	0.00220	0.00342	0.01454	0.00521	0.03371
16	0.10100	0.29776	0.43255	0.01289	0.01947	0.01623	0.01534	0.01735	0.01148	0.01702	0.00907	0.01060	0.00705	0.00515	0.00454	0.00158	0.00709	0.00364	0.00250	0.00770
17	0.01326	0.00937	0.01131	0.00886	0.01263	0.00820	0.00704	0.03313	0.08157	0.12926	0.18189	0.02047	0.01998	0.00675	0.00550	0.00134	0.02536	0.00556	0.00475	0.41376
18	0.07671	0.01529	0.01552	0.01216	0.01631	0.05250	0.00996	0.61747	0.02388	0.03282	0.01320	0.01353	0.00953	0.00659	0.00535	0.00166	0.00603	0.00487	0.05769	0.00892
19	0.00673	0.00570	0.00580	0.00578	0.00765	0.00478	0.00433	0.00822	0.01300	0.01562	0.09687	0.05348	0.72472	0.01410	0.00665	0.00189	0.00284	0.01178	0.00528	0.00478
20	0.25587	0.13115	0.19170	0.09406	0.01866	0.06961	0.01194	0.05257	0.01231	0.07857	0.01004	0.01154	0.00755	0.00561	0.00496	0.00168	0.02776	0.00390	0.00327	0.00726
21	0.01243	0.01267	0.01924	0.01590	0.01661	0.01686	0.10431	0.01411	0.00920	0.01411	0.00789	0.01267	0.00753	0.00921	0.01699	0.00239	0.69391	0.00514	0.00251	0.00634
22	0.01265	0.05062	0.15340	0.04050	0.02179	0.01325	0.29135	0.09348	0.01352	0.01865	0.01467	0.11714	0.03068	0.00749	0.00718	0.00191	0.07577	0.00700	0.02171	0.00723
23	0.01179	0.10846	0.61493	0.01524	0.02230	0.01447	0.01872	0.01727	0.01149	0.01689	0.00957	0.01163	0.00717	0.00577	0.00656	0.00179	0.09147	0.00412	0.00239	0.00797
24	0.00686	0.00490	0.00653	0.00784	0.00816	0.00457	0.00522	0.00784	0.01077	0.01437	0.03102	0.79855	0.03722	0.01763	0.00718	0.00229	0.00326	0.01600	0.00522	0.00457

[dist]
# distance from previous block
# <min> <max>
0	5

[block]
# block no. 5 follows, 42 sequences, length 113
# corresponding to MSA columns:
# 284-344,354-360,371-415
name=unknown_F
#
# <colnr> <probs for GDERKNQSTAVLIFYWHMCP>
#	G	D	E	R	K	N	Q	S	T	A	V	L	I	F	Y	W	H	M	C	P
0	0.00998	0.00592	0.00700	0.07460	0.00988	0.00627	0.00540	0.01237	0.01149	0.01893	0.06652	0.04403	0.01729	0.07543	0.04249	0.00215	0.02399	0.00611	0.55497	0.00518
1	0.01935	0.01406	0.01532	0.01222	0.01622	0.01542	0.01004	0.57263	0.08680	0.06058	0.01725	0.03989	0.03103	0.00789	0.00585	0.00179	0.00576	0.05328	0.00564	0.00897
2	0.00686	0.00490	0.00653	0.00784	0.00816	0.00457	0.00522	0.00784	0.01077	0.01437	0.03102	0.79855	0.03722	0.01763	0.00718	0.00229	0.00326	0.01600	0.00522	0.00457
3	0.00686	0.00490	0.00653	0.00784	0.00816	0.00457	0.00522	0.00784	0.01077	0.01437	0.03102	0.79855	0.03722	0.01763	0.00718	0.00229	0.00326	0.01600	0.00522	0.00457
4	0.02148	0.01563	0.01680	0.01288	0.01738	0.01725	0.01064	0.73231	0.02623	0.05184	0.01370	0.01364	0.00967	0.00676	0.00563	0.00169	0.00616	0.00508	0.00566	0.00957
5	0.00959	0.00761	0.01056	0.05966	0.01264	0.03165	0.05554	0.01108	0.01128	0.05164	0.04047	0.45913	0.05883	0.02787	0.00862	0.02199	0.08051	0.01175	0.02427	0.00530
6	0.77200	0.01070	0.00857	0.00757	0.01106	0.01220	0.00622	0.01714	0.01013	0.07423	0.02354	0.01044	0.00753	0.00546	0.00369	0.00174	0.00435	0.00336	0.00376	0.00631
7	0.84197	0.01088	0.00827	0.00740	0.01088	0.01262	0.00609	0.01654	0.00958	0.02525	0.00784	0.00914	0.00609	0.00522	0.00348	0.00174	0.00435	0.00305	0.00348	0.00609
8	0.03196	0.18574	0.09102	0.03937	0.46009	0.04964	0.03075	0.01741	0.01249	0.01709	0.00981	0.01246	0.00822	0.00505	0.00509	0.00158	0.00687	0.00444	0.00268	0.00825
9	0.00873	0.00593	0.00771	0.00717	0.00866	0.00543	0.00541	0.01132	0.01582	0.05758	0.70253	0.04141	0.07806	0.01139	0.00659	0.00177	0.00276	0.01003	0.00619	0.00549
10	0.01351	0.01253	0.01987	0.06352	0.55509	0.01295	0.01502	0.03660	0.12169	0.01912	0.01378	0.06659	0.01193	0.00630	0.00570	0.00176	0.00616	0.00593	0.00343	0.00852
11	0.01451	0.69432	0.13606	0.01055	0.01586	0.02095	0.01123	0.01699	0.01150	0.01390	0.00815	0.00944	0.00721	0.00489	0.00386	0.00129	0.00635	0.00317	0.00240	0.00738
12	0.05333	0.09307	0.30712	0.05211	0.19702	0.03681	0.01573	0.05920	0.01334	0.10400	0.01141	0.01297	0.00844	0.00550	0.00521	0.00168	0.00703	0.00444	0.00325	0.00832
13	0.01271	0.09537	0.02029	0.01523	0.01637	0.01743	0.09373	0.01439	0.00943	0.01401	0.00788	0.01229	0.00750	0.00876	0.01560	0.00227	0.62291	0.00492	0.00250	0.00643
14	0.00672	0.00568	0.00581	0.00583	0.00766	0.00477	0.00435	0.00819	0.01290	0.01552	0.08887	0.07769	0.70837	0.01423	0.00667	0.00191	0.00285	0.01193	0.00527	0.00477
15	0.01838	0.01427	0.01519	0.01234	0.01631	0.01605	0.00997	0.45598	0.32373	0.03061	0.01733	0.01656	0.01267	0.00711	0.00567	0.00178	0.00549	0.00559	0.00567	0.00930
16	0.00710	0.00521	0.00725	0.00815	0.00869	0.00486	0.02283	0.00831	0.01126	0.01513	0.09150	0.71707	0.03786	0.01682	0.00712	0.00223	0.00336	0.01529	0.00525	0.00470
17	0.00686	0.00490	0.00653	0.00784	0.00816	0.00457	0.00522	0.00784	0.01077	0.01437	0.03102	0.79855	0.03722	0.01763	0.00718	0.00229	0.00326	0.01600	0.00522	0.00457
18	0.00717	0.00586	0.00642	0.00668	0.00844	0.00511	0.00527	0.00886	0.01293	0.01571	0.06882	0.05574	0.59967	0.01445	0.00688	0.00204	0.00332	0.15655	0.00524	0.00485
19	0.04056	0.02619	0.01579	0.01429	0.01724	0.74427	0.01076	0.03863	0.01603	0.01453	0.00879	0.01020	0.00727	0.00581	0.00505	0.00146	0.00992	0.00364	0.00297	0.00658
20	0.04910	0.01036	0.01331	0.01030	0.01460	0.00959	0.00849	0.10332	0.04490	0.64266	0.02088	0.01833	0.01336	0.00692	0.00559	0.00174	0.00491	0.00554	0.00667	0.00945
21	0.84197	0.01088	0.00827	0.00740	0.01088	0.01262	0.00609	0.01654	0.00958	0.02525	0.00784	0.00914	0.00609	0.00522	0.00348	0.00174	0.00435	0.00305	0.00348	0.00609
22	0.00690	0.00500	0.00651	0.00763	0.00813	0.00462	0.00515	0.00800	0.01120	0.01485	0.07029	0.70136	0.09549	0.01705	0.00711	0.00223	0.00320	0.01538	0.00527	0.00462
23	0.00688	0.00494	0.00649	0.00773	0.00809	0.00460	0.00515	0.00785	0.01077	0.01430	0.03146	0.75665	0.05878	0.03752	0.00771	0.00235	0.00331	0.01567	0.00518	0.00455
24	0.01406	0.01194	0.01204	0.01082	0.01382	0.05944	0.00839	0.02632	0.56395	0.06261	0.07342	0.02423	0.07774	0.00826	0.00582	0.00186	0.00458	0.00684	0.00561	0.00823
25	0.01063	0.01000	0.01688	0.78870	0.03876	0.01250	0.01563	0.01438	0.01125	0.01438	0.01000	0.01500	0.00750	0.00563	0.00563	0.00188	0.00750	0.00500	0.00250	0.00625
26	0.01328	0.01518	0.03321	0.02372	0.02941	0.01423	0.74668	0.01803	0.01328	0.01803	0.01139	0.01518	0.00854	0.00474	0.00664	0.00190	0.00949	0.00664	0.00285	0.00759
27	0.00787	0.00565	0.00727	0.00823	0.00886	0.00546	0.00568	0.05662	0.01186	0.01581	0.02984	0.72903	0.03529	0.01687	0.00710	0.00225	0.00350	0.03265	0.00525	0.00491
28	0.00767	0.00634	0.00652	0.00628	0.00829	0.00560	0.00476	0.05683	0.01377	0.01675	0.07633	0.07124	0.67245	0.01376	0.00660	0.00189	0.00308	0.01149	0.00528	0.00508
29	0.01505	0.80561	0.02949	0.00963	0.01444	0.02227	0.00963	0.01685	0.01143	0.01324	0.00782	0.00903	0.00722	0.00481	0.00361	0.00120	0.00602	0.00301	0.00241	0.00722
30	0.01237	0.01179	0.06261	0.00953	0.01473	0.00873	0.02544	0.06616	0.01276	0.01950	0.01029	0.01190	0.00835	0.00444	0.00441	0.00098	0.00471	0.00359	0.00342	0.70430
31	0.01964	0.14738	0.01790	0.01346	0.01676	0.57385	0.01054	0.05706	0.06447	0.01538	0.00973	0.01085	0.00801	0.00581	0.00491	0.00145	0.00894	0.00378	0.00314	0.00694
32	0.00931	0.00693	0.00894	0.00960	0.01119	0.00694	0.00814	0.03224	0.06250	0.01811	0.10071	0.05614	0.12670	0.01425	0.00733	0.00236	0.00463	0.50315	0.00533	0.00550
33	0.00804	0.00601	0.00895	0.00895	0.00993	0.00698	0.00692	0.00999	0.00902	0.01300	0.01516	0.02257	0.01427	0.06620	0.75621	0.00893	0.01477	0.00610	0.00303	0.00497
34	0.00978	0.00489	0.00733	0.00733	0.00733	0.00489	0.00489	0.00733	0.00733	0.00978	0.00978	0.01711	0.00978	0.01955	0.02199	0.83627	0.00489	0.00489	0.00244	0.00244
35	0.00813	0.00546	0.00612	0.00612	0.00619	0.00543	0.00344	0.00818	0.00835	0.01106	0.01911	0.03743	0.04651	0.77464	0.02787	0.00533	0.00536	0.00831	0.00347	0.00346
36	0.07761	0.01060	0.01318	0.01031	0.01453	0.01011	0.00847	0.11344	0.07458	0.57552	0.02027	0.01796	0.01314	0.00688	0.00552	0.00175	0.00490	0.00547	0.00648	0.00930
37	0.00672	0.00570	0.00580	0.00578	0.00765	0.00478	0.00433	0.00822	0.01300	0.01561	0.09597	0.05349	0.72562	0.01410	0.00665	0.00189	0.00284	0.01178	0.00528	0.00478
38	0.01167	0.01000	0.01167	0.00834	0.01334	0.00750	0.00667	0.01417	0.01167	0.01834	0.01000	0.01167	0.00834	0.00417	0.00417	0.00083	0.00417	0.00333	0.00333	0.83663
39	0.03882	0.02233	0.01610	0.06349	0.01864	0.50230	0.01102	0.22282	0.01842	0.02008	0.01010	0.01137	0.00788	0.00604	0.00523	0.00155	0.00875	0.00410	0.00364	0.00734
40	0.00689	0.00588	0.00595	0.00590	0.00782	0.00502	0.00443	0.00874	0.03305	0.01565	0.07745	0.05290	0.72311	0.01399	0.00663	0.00190	0.00289	0.01168	0.00527	0.00488
41	0.84197	0.01088	0.00827	0.00740	0.01088	0.01262	0.00609	0.01654	0.00958	0.02525	0.00784	0.00914	0.00609	0.00522	0.00348	0.00174	0.00435	0.00305	0.00348	0.00609
42	0.01781	0.01365	0.01583	0.01420	0.10095	0.01436	0.01029	0.48917	0.02122	0.02897	0.01393	0.06554	0.01143	0.02842	0.00613	0.00170	0.00574	0.00561	0.00488	0.13015
43	0.00721	0.00547	0.00664	0.00688	0.00808	0.00491	0.00496	0.00896	0.01336	0.01772	0.31524	0.27940	0.27222	0.01426	0.00681	0.00197	0.00290	0.01251	0.00559	0.00491
44	0.00719	0.00490	0.00662	0.00778	0.00807	0.00461	0.00519	0.00778	0.01038	0.01385	0.02861	0.70993	0.03411	0.01785	0.00886	0.09687	0.00345	0.01474	0.00491	0.00433
45	0.01393	0.01337	0.02284	0.03454	0.76712	0.01337	0.01727	0.01727	0.01281	0.01839	0.01059	0.01393	0.00891	0.00501	0.00557	0.00167	0.00669	0.00501	0.00279	0.00891
46	0.69261	0.04123	0.01014	0.00815	0.01182	0.01326	0.00678	0.08886	0.01161	0.06023	0.00906	0.01003	0.00684	0.00544	0.00380	0.00172	0.00462	0.00336	0.00381	0.00664
47	0.00687	0.00501	0.00648	0.00759	0.00811	0.00461	0.00513	0.00796	0.01116	0.01473	0.05862	0.69750	0.11135	0.01708	0.00711	0.00223	0.00320	0.01538	0.00526	0.00461
48	0.01802	0.01352	0.01470	0.01188	0.01558	0.01494	0.00958	0.52222	0.13158	0.03070	0.05814	0.08418	0.01559	0.00883	0.02214	0.00193	0.00567	0.00651	0.00559	0.00871
49	0.01328	0.01518	0.03321	0.02372	0.02941	0.01423	0.74668	0.01803	0.01328	0.01803	0.01139	0.01518	0.00854	0.00474	0.00664	0.00190	0.00949	0.00664	0.00285	0.00759
50	0.84197	0.01088	0.00827	0.00740	0.01088	0.01262	0.00609	0.01654	0.00958	0.02525	0.00784	0.00914	0.00609	0.00522	0.00348	0.00174	0.00435	0.00305	0.00348	0.00609
51	0.01063	0.01000	0.01688	0.78870	0.03876	0.01250	0.01563	0.01438	0.01125	0.01438	0.01000	0.01500	0.00750	0.00563	0.00563	0.00188	0.00750	0.00500	0.00250	0.00625
52	0.01455	0.01465	0.02255	0.03237	0.67498	0.08316	0.04030	0.01777	0.01311	0.01795	0.01044	0.01362	0.00875	0.00508	0.00556	0.00166	0.00709	0.00494	0.00280	0.00865
53	0.01129	0.02911	0.77306	0.01604	0.02436	0.01307	0.02079	0.01782	0.01188	0.01782	0.01010	0.01188	0.00713	0.00535	0.00535	0.00178	0.00832	0.00416	0.00238	0.00832
54	0.00697	0.00517	0.00650	0.00731	0.00808	0.00471	0.00505	0.00826	0.01188	0.01564	0.13522	0.54798	0.18441	0.01613	0.00700	0.00214	0.00310	0.01439	0.00536	0.00471
55	0.00763	0.00567	0.00723	0.00819	0.00899	0.00548	0.00588	0.00990	0.06048	0.01566	0.06009	0.56423	0.09600	0.01620	0.00710	0.00225	0.00353	0.10524	0.00529	0.00498
56	0.02139	0.01576	0.01689	0.01295	0.01745	0.01745	0.01070	0.74835	0.02646	0.03547	0.01351	0.01351	0.00957	0.00676	0.00563	0.00169	0.00619	0.00507	0.00563	0.00957
57	0.00740	0.00513	0.00637	0.00714	0.00734	0.00493	0.00448	0.00798	0.00972	0.01296	0.02559	0.48743	0.03037	0.33809	0.01595	0.00358	0.00416	0.01281	0.00448	0.00410
58	0.00684	0.00496	0.00646	0.00766	0.00812	0.00459	0.00514	0.00786	0.01095	0.01444	0.03319	0.73624	0.09813	0.01735	0.00714	0.00225	0.00323	0.01565	0.00522	0.00459
59	0.02004	0.02188	0.01714	0.01769	0.15473	0.49631	0.01185	0.10950	0.01665	0.06703	0.01051	0.01184	0.00827	0.00585	0.00527	0.00154	0.00868	0.00419	0.00348	0.00753
60	0.01100	0.01020	0.01688	0.76155	0.03801	0.01268	0.01546	0.04006	0.01178	0.01512	0.01013	0.01495	0.00757	0.00567	0.00563	0.00187	0.00746	0.00500	0.00261	0.00637
61	0.01138	0.01072	0.01786	0.61552	0.17683	0.01273	0.01569	0.01552	0.03963	0.01549	0.01060	0.01502	0.00814	0.00559	0.00562	0.00184	0.00723	0.00505	0.00268	0.00686
62	0.01223	0.01160	0.01967	0.40061	0.39795	0.01281	0.01631	0.01575	0.01206	0.01641	0.01069	0.01545	0.00870	0.00552	0.00564	0.00179	0.00705	0.01954	0.00270	0.00755
63	0.00853	0.00671	0.00983	0.00955	0.01040	0.00812	0.00746	0.01036	0.00895	0.01301	0.01433	0.02171	0.01362	0.07521	0.65731	0.00812	0.10271	0.00601	0.00297	0.00508
64	0.01393	0.01337	0.02284	0.03454	0.76712	0.01337	0.01727	0.01727	0.01281	0.01839	0.01059	0.01393	0.00891	0.00501	0.00557	0.00167	0.00669	0.00501	0.00279	0.00891
65	0.01129	0.02911	0.77306	0.01604	0.02436	0.01307	0.02079	0.01782	0.01188	0.01782	0.01010	0.01188	0.00713	0.00535	0.00535	0.00178	0.00832	0.00416	0.00238	0.00832
66	0.00899	0.00645	0.00896	0.01022	0.01153	0.00642	0.00892	0.01155	0.01295	0.01679	0.03066	0.06319	0.05551	0.01551	0.00774	0.00257	0.00511	0.70659	0.00518	0.00517
67	0.00982	0.00643	0.00844	0.00887	0.01031	0.00603	0.00705	0.01164	0.01211	0.07823	0.02869	0.21607	0.07731	0.10376	0.00955	0.00263	0.00454	0.33925	0.00503	0.05424
68	0.00770	0.00587	0.00877	0.00936	0.01022	0.00557	0.05471	0.00923	0.01135	0.01508	0.02950	0.60766	0.03442	0.01639	0.00726	0.00232	0.00404	0.15063	0.00506	0.00489
69	0.02279	0.01052	0.01326	0.01036	0.01446	0.00999	0.00849	0.14894	0.06453	0.54899	0.05162	0.01931	0.01504	0.00715	0.00566	0.00173	0.00486	0.00578	0.02725	0.00925
70	0.01562	0.03179	0.08171	0.01082	0.01505	0.01192	0.00943	0.29630	0.04202	0.07793	0.06574	0.08859	0.04142	0.00766	0.00550	0.00159	0.00519	0.00623	0.00487	0.18064
71	0.00694	0.00496	0.00662	0.00788	0.00826	0.00464	0.00532	0.00800	0.01095	0.01462	0.04844	0.76181	0.03748	0.01743	0.00719	0.00228	0.00330	0.03403	0.00525	0.00460
72	0.01136	0.02858	0.74520	0.01633	0.02455	0.01311	0.04813	0.01783	0.01193	0.01783	0.01015	0.01201	0.00718	0.00532	0.00540	0.00179	0.00836	0.00425	0.00239	0.00829
73	0.01426	0.01401	0.02252	0.03360	0.73176	0.04950	0.01697	0.01752	0.01296	0.01817	0.01050	0.01375	0.00884	0.00505	0.00555	0.00166	0.00685	0.00495	0.00279	0.00880
74	0.01376	0.01296	0.02093	0.04839	0.62385	0.01330	0.01583	0.01894	0.12178	0.01901	0.01278	0.01603	0.01059	0.00563	0.00564	0.00173	0.00635	0.02046	0.00326	0.00877
75	0.01116	0.01041	0.01723	0.63266	0.08222	0.01262	0.03239	0.03809	0.01177	0.01537	0.01097	0.04794	0.00894	0.00628	0.00623	0.00190	0.03909	0.00551	0.00274	0.00649
76	0.00686	0.00490	0.00653	0.00784	0.00816	0.00457	0.00522	0.00784	0.01077	0.01437	0.03102	0.79855	0.03722	0.01763	0.00718	0.00229	0.00326	0.01600	0.00522	0.00457
77	0.01063	0.01000	0.01688	0.78870	0.03876	0.01250	0.01563	0.01438	0.01125	0.01438	0.01000	0.01500	0.00750	0.00563	0.00563	0.00188	0.00750	0.00500	0.00250	0.00625
78	0.00859	0.00587	0.00723	0.00766	0.00825	0.00587	0.00513	0.01033	0.05901	0.03654	0.02416	0.34556	0.02723	0.32956	0.05009	0.00382	0.00489	0.05112	0.00449	0.00460
79	0.02139	0.01576	0.01689	0.01295	0.01745	0.01745	0.01070	0.74835	0.02646	0.03547	0.01351	0.01351	0.00957	0.00676	0.00563	0.00169	0.00619	0.00507	0.00563	0.00957
80	0.01269	0.01091	0.01387	0.01006	0.01497	0.00901	0.06799	0.08918	0.01329	0.01997	0.01092	0.02870	0.00909	0.00476	0.00458	0.00104	0.00479	0.00405	0.00357	0.66656
81	0.00701	0.00498	0.00658	0.00780	0.00814	0.00469	0.00523	0.00798	0.01067	0.01422	0.03011	0.72526	0.03597	0.06915	0.00861	0.00250	0.00347	0.03800	0.00510	0.00451
82	0.01505	0.80561	0.02949	0.00963	0.01444	0.02227	0.00963	0.01685	0.01143	0.01324	0.00782	0.00903	0.00722	0.00481	0.00361	0.00120	0.00602	0.00301	0.00241	0.00722
83	0.00911	0.00679	0.00885	0.00951	0.01103	0.00680	0.00801	0.01280	0.07922	0.01827	0.15667	0.05529	0.09554	0.01405	0.00731	0.00233	0.00449	0.48302	0.00541	0.00550
84	0.01063	0.01000	0.01688	0.78870	0.03876	0.01250	0.01563	0.01438	0.01125	0.01438	0.01000	0.01500	0.00750	0.00563	0.00563	0.00188	0.00750	0.00500	0.00250	0.00625
85	0.00818	0.00546	0.00614	0.00614	0.00614	0.00546	0.00341	0.00818	0.00818	0.01091	0.01773	0.03683	0.02046	0.80222	0.02864	0.00546	0.00546	0.00818	0.00341	0.00341
86	0.01196	0.01184	0.01655	0.01433	0.01435	0.01643	0.01186	0.01318	0.00876	0.01360	0.00890	0.06266	0.00930	0.01035	0.01775	0.00245	0.74142	0.00563	0.00264	0.00605
87	0.00684	0.00512	0.00635	0.00729	0.00803	0.00464	0.00499	0.00797	0.01142	0.01479	0.05724	0.59489	0.21672	0.01663	0.00704	0.00218	0.00315	0.01483	0.00525	0.00464
88	0.01063	0.01000	0.01688	0.78870	0.03876	0.01250	0.01563	0.01438	0.01125	0.01438	0.01000	0.01500	0.00750	0.00563	0.00563	0.00188	0.00750	0.00500	0.00250	0.00625
89	0.01505	0.80561	0.02949	0.00963	0.01444	0.02227	0.00963	0.01685	0.01143	0.01324	0.00782	0.00903	0.00722	0.00481	0.00361	0.00120	0.00602	0.00301	0.00241	0.00722
90	0.00686	0.00490	0.00653	0.00784	0.00816	0.00457	0.00522	0.00784	0.01077	0.01437	0.03102	0.79855	0.03722	0.01763	0.00718	0.00229	0.00326	0.01600	0.00522	0.00457
91	0.00669	0.00555	0.00586	0.00611	0.00771	0.00472	0.00446	0.00803	0.01243	0.01504	0.05201	0.19749	0.62473	0.01490	0.00675	0.00197	0.00293	0.01267	0.00523	0.00472
92	0.84197	0.01088	0.00827	0.00740	0.01088	0.01262	0.00609	0.01654	0.00958	0.02525	0.00784	0.00914	0.00609	0.00522	0.00348	0.00174	0.00435	0.00305	0.00348	0.00609
93	0.02139	0.01576	0.01689	0.01295	0.01745	0.01745	0.01070	0.74835	0.02646	0.03547	0.01351	0.01351	0.00957	0.00676	0.00563	0.00169	0.00619	0.00507	0.00563	0.00957
94	0.84197	0.01088	0.00827	0.00740	0.01088	0.01262	0.00609	0.01654	0.00958	0.02525	0.00784	0.00914	0.00609	0.00522	0.00348	0.00174	0.00435	0.00305	0.00348	0.00609
95	0.01237	0.01213	0.01735	0.01471	0.01515	0.01646	0.04179	0.03728	0.00941	0.01440	0.00825	0.01310	0.00794	0.01164	0.06686	0.00284	0.68438	0.00507	0.00262	0.00625
96	0.00683	0.00508	0.00637	0.00737	0.00805	0.00462	0.00502	0.00794	0.01130	0.01469	0.04961	0.62707	0.19193	0.01680	0.00706	0.00219	0.00317	0.01502	0.00524	0.00462
97	0.01322	0.01258	0.02131	0.10217	0.60765	0.01291	0.03402	0.01694	0.03592	0.01782	0.01123	0.01482	0.00937	0.00759	0.05652	0.00219	0.00731	0.00516	0.00287	0.00838
98	0.01450	0.01226	0.01297	0.01148	0.01473	0.01409	0.00898	0.09281	0.67447	0.02457	0.04013	0.02085	0.01738	0.00765	0.00574	0.00189	0.00456	0.00634	0.00573	0.00888
99	0.01027	0.05126	0.00930	0.00764	0.00946	0.02650	0.00583	0.03579	0.01472	0.07959	0.42317	0.09127	0.13398	0.06689	0.00791	0.00204	0.00358	0.00958	0.00555	0.00567
100	0.01402	0.01681	0.11692	0.02085	0.06407	0.03892	0.43077	0.09111	0.01391	0.01907	0.01081	0.01403	0.00831	0.00572	0.00778	0.00191	0.10846	0.00579	0.00302	0.00773
101	0.04565	0.01294	0.01317	0.01150	0.01488	0.04098	0.00904	0.13370	0.57127	0.03759	0.02107	0.01964	0.02841	0.00746	0.00562	0.00185	0.00488	0.00604	0.00554	0.00876
102	0.01247	0.01105	0.03860	0.00911	0.01400	0.00870	0.00755	0.03508	0.09668	0.03606	0.01183	0.01295	0.00945	0.00473	0.00446	0.00103	0.00441	0.00380	0.00371	0.67433
